TESTSERVER/8/0.asc
NCOLS 100
NROWS 100
XLLCORNER 7.8997500000e+03
YLLCORNER 2.8995025000e+05
CELLSIZE 5.0000000000e-01
NODATA_VALUE -9.9990000000e+03
[rows 60 to 79 of 100, columns 46 to 91 of 100]
6.4541601563e+02 6.4535601807e+02 6.4531402588e+02 6.4528002930e+02 6.4524298096e+02 6.4518499756e+02 6.4515997314e+02 6.4516101074e+02 6.4515100098e+02 6.4512298584e+02 6.4515100098e+02 6.4519396973e+02 6.4523101807e+02 6.4525201416e+02 6.4528698730e+02 6.4532897949e+02 6.4538000488e+02 6.4553900146e+02 6.4563897705e+02 6.4569500732e+02 6.4577197266e+02 6.4590802002e+02 6.4603698730e+02 6.4612799072e+02 6.4619000244e+02 6.4625598145e+02 6.4636499023e+02 6.4648297119e+02 6.4661102295e+02 6.4670202637e+02 6.4672900391e+02 6.4671801758e+02 6.4671099854e+02 6.4669000244e+02 6.4669598389e+02 6.4671398926e+02 6.4667999268e+02 6.4675299072e+02 6.4683398438e+02 6.4702502441e+02 6.4735797119e+02 6.4770397949e+02 6.4806097412e+02 6.4843103027e+02 6.4872399902e+02 6.4902600098e+02
6.4536901855e+02 6.4532000732e+02 6.4527899170e+02 6.4523699951e+02 6.4519598389e+02 6.4513598633e+02 6.4512902832e+02 6.4514898682e+02 6.4512597656e+02 6.4508801270e+02 6.4508197021e+02 6.4508697510e+02 6.4511401367e+02 6.4514202881e+02 6.4516302490e+02 6.4516198730e+02 6.4519299316e+02 6.4530700684e+02 6.4540002441e+02 6.4549700928e+02 6.4561700439e+02 6.4568798828e+02 6.4579302979e+02 6.4587597656e+02 6.4592999268e+02 6.4600701904e+02 6.4613098145e+02 6.4622900391e+02 6.4638299561e+02 6.4650598145e+02 6.4655102539e+02 6.4655700684e+02 6.4657299805e+02 6.4661602783e+02 6.4665502930e+02 6.4664898682e+02 6.4658099365e+02 6.4664001465e+02 6.4674700928e+02 6.4700299072e+02 6.4740997314e+02 6.4771099854e+02 6.4797802734e+02 6.4833898926e+02 6.4874401855e+02 6.4909899902e+02
6.4533898926e+02 6.4531097412e+02 6.4527197266e+02 6.4521997070e+02 6.4515100098e+02 6.4508697510e+02 6.4508197021e+02 6.4510601807e+02 6.4508801270e+02 6.4505999756e+02 6.4503002930e+02 6.4499401855e+02 6.4498400879e+02 6.4498699951e+02 6.4500201416e+02 6.4503198242e+02 6.4507098389e+02 6.4512597656e+02 6.4518798828e+02 6.4528497314e+02 6.4540002441e+02 6.4540100098e+02 6.4547802734e+02 6.4557299805e+02 6.4566900635e+02 6.4578002930e+02 6.4591998291e+02 6.4601501465e+02 6.4613500977e+02 6.4623602295e+02 6.4628997803e+02 6.4632702637e+02 6.4636901855e+02 6.4641101074e+02 6.4647198486e+02 6.4650598145e+02 6.4644000244e+02 6.4646600342e+02 6.4667401123e+02 6.4700201416e+02 6.4735797119e+02 6.4770001221e+02 6.4797802734e+02 6.4830798340e+02 6.4869396973e+02 6.4904797363e+02
6.4523498535e+02 6.4524298096e+02 6.4523699951e+02 6.4521899414e+02 6.4514001465e+02 6.4506597900e+02 6.4504901123e+02 6.4506201172e+02 6.4505499268e+02 6.4503399658e+02 6.4500299072e+02 6.4495300293e+02 6.4491302490e+02 6.4488299561e+02 6.4485198975e+02 6.4486297607e+02 6.4492199707e+02 6.4494799805e+02 6.4497497559e+02 6.4504199219e+02 6.4512701416e+02 6.4514398193e+02 6.4524700928e+02 6.4534997559e+02 6.4543402100e+02 6.4553997803e+02 6.4566802979e+02 6.4575299072e+02 6.4584399414e+02 6.4592999268e+02 6.4600097656e+02 6.4607202148e+02 6.4614697266e+02 6.4617602539e+02 6.4624499512e+02 6.4633300781e+02 6.4629199219e+02 6.4631896973e+02 6.4662298584e+02 6.4696801758e+02 6.4719299316e+02 6.4757098389e+02 6.4793701172e+02 6.4825402832e+02 6.4854998779e+02 6.4888299561e+02
6.4503601074e+02 6.4513098145e+02 6.4517102051e+02 6.4518200684e+02 6.4513897705e+02 6.4507702637e+02 6.4506597900e+02 6.4505401611e+02 6.4503198242e+02 6.4500701904e+02 6.4497900391e+02 6.4493499756e+02 6.4489898682e+02 6.4484600830e+02 6.4478002930e+02 6.4473199463e+02 6.4475000000e+02 6.4475701904e+02 6.4476000977e+02 6.4478802490e+02 6.4483801270e+02 6.4492602539e+02 6.4507501221e+02 6.4517700195e+02 6.4523901367e+02 6.4534002686e+02 6.4542999268e+02 6.4549902344e+02 6.4556799316e+02 6.4567498779e+02 6.4577398682e+02 6.4585900879e+02 6.4592498779e+02 6.4598797607e+02 6.4606799316e+02 6.4615899658e+02 6.4617999268e+02 6.4630902100e+02 6.4662097168e+02 6.4695001221e+02 6.4714099121e+02 6.4745300293e+02 6.4784899902e+02 6.4817102051e+02 6.4842901611e+02 6.4874798584e+02
6.4462402344e+02 6.4480401611e+02 6.4494299316e+02 6.4504302979e+02 6.4505902100e+02 6.4505401611e+02 6.4508502197e+02 6.4506402588e+02 6.4502398682e+02 6.4497399902e+02 6.4490899658e+02 6.4486798096e+02 6.4485498047e+02 6.4480700684e+02 6.4474298096e+02 6.4467901611e+02 6.4463800049e+02 6.4461602783e+02 6.4460797119e+02 6.4462402344e+02 6.4467401123e+02 6.4470697021e+02 6.4479699707e+02 6.4488800049e+02 6.4501300049e+02 6.4513299561e+02 6.4522900391e+02 6.4529302979e+02 6.4532897949e+02 6.4541198730e+02 6.4551098633e+02 6.4560601807e+02 6.4568902588e+02 6.4580102539e+02 6.4589697266e+02 6.4597100830e+02 6.4604101563e+02 6.4623901367e+02 6.4654699707e+02 6.4686700439e+02 6.4709399414e+02 6.4735998535e+02 6.4775097656e+02 6.4812200928e+02 6.4838897705e+02 6.4865399170e+02
6.4418902588e+02 6.4441198730e+02 6.4461901855e+02 6.4479498291e+02 6.4487799072e+02 6.4497497559e+02 6.4505499268e+02 6.4505297852e+02 6.4502398682e+02 6.4497802734e+02 6.4490002441e+02 6.4482501221e+02 6.4478900146e+02 6.4475299072e+02 6.4470501709e+02 6.4464501953e+02 6.4459100342e+02 6.4455401611e+02 6.4452600098e+02 6.4451000977e+02 6.4451300049e+02 6.4450000000e+02 6.4452197266e+02 6.4457897949e+02 6.4473999023e+02 6.4485198975e+02 6.4496197510e+02 6.4505401611e+02 6.4509802246e+02 6.4514300537e+02 6.4523400879e+02 6.4534002686e+02 6.4544000244e+02 6.4556701660e+02 6.4567602539e+02 6.4577600098e+02 6.4588397217e+02 6.4609197998e+02 6.4637402344e+02 6.4667797852e+02 6.4696899414e+02 6.4726501465e+02 6.4771301270e+02 6.4814697266e+02 6.4828698730e+02 6.4842199707e+02
6.4382000732e+02 6.4410400391e+02 6.4431701660e+02 6.4448199463e+02 6.4459997559e+02 6.4480102539e+02 6.4492901611e+02 6.4499102783e+02 6.4499597168e+02 6.4497497559e+02 6.4493902588e+02 6.4484497070e+02 6.4476501465e+02 6.4470001221e+02 6.4464801025e+02 6.4460498047e+02 6.4457098389e+02 6.4452801514e+02 6.4448699951e+02 6.4444799805e+02 6.4440502930e+02 6.4438201904e+02 6.4436499023e+02 6.4436901855e+02 6.4447497559e+02 6.4455798340e+02 6.4466601563e+02 6.4477801514e+02 6.4484802246e+02 6.4488897705e+02 6.4496899414e+02 6.4507501221e+02 6.4518798828e+02 6.4530401611e+02 6.4542297363e+02 6.4555102539e+02 6.4568200684e+02 6.4589202881e+02 6.4616101074e+02 6.4645800781e+02 6.4678002930e+02 6.4709600830e+02 6.4755999756e+02 6.4797802734e+02 6.4800402832e+02 6.4805798340e+02
6.4343298340e+02 6.4374902344e+02 6.4395300293e+02 6.4411102295e+02 6.4430499268e+02 6.4453302002e+02 6.4465600586e+02 6.4479901123e+02 6.4491400146e+02 6.4488201904e+02 6.4485900879e+02 6.4480999756e+02 6.4478601074e+02 6.4466497803e+02 6.4459197998e+02 6.4455499268e+02 6.4452001953e+02 6.4449200439e+02 6.4445501709e+02 6.4440698242e+02 6.4434802246e+02 6.4431402588e+02 6.4427600098e+02 6.4425000000e+02 6.4427899170e+02 6.4432098389e+02 6.4440600586e+02 6.4450500488e+02 6.4457202148e+02 6.4465197754e+02 6.4473400879e+02 6.4483197021e+02 6.4494598389e+02 6.4505999756e+02 6.4518103027e+02 6.4530102539e+02 6.4541198730e+02 6.4565502930e+02 6.4595001221e+02 6.4624401855e+02 6.4653900146e+02 6.4687902832e+02 6.4730603027e+02 6.4763800049e+02 6.4768701172e+02 6.4767797852e+02
6.4311999512e+02 6.4335797119e+02 6.4357598877e+02 6.4376898193e+02 6.4396899414e+02 6.4419097900e+02 6.4431201172e+02 6.4451098633e+02 6.4469598389e+02 6.4474798584e+02 6.4475402832e+02 6.4474700928e+02 6.4477001953e+02 6.4467401123e+02 6.4458502197e+02 6.4452197266e+02 6.4446197510e+02 6.4443597412e+02 6.4440698242e+02 6.4437097168e+02 6.4432897949e+02 6.4427099609e+02 6.4421600342e+02 6.4419396973e+02 6.4418701172e+02 6.4416998291e+02 6.4416101074e+02 6.4419000244e+02 6.4426202393e+02 6.4435900879e+02 6.4448400879e+02 6.4462200928e+02 6.4470898438e+02 6.4480999756e+02 6.4494299316e+02 6.4506896973e+02 6.4520898438e+02 6.4546099854e+02 6.4577001953e+02 6.4603198242e+02 6.4629699707e+02 6.4667602539e+02 6.4709698486e+02 6.4736700439e+02 6.4740002441e+02 6.4738800049e+02
6.4278802490e+02 6.4298199463e+02 6.4320300293e+02 6.4341998291e+02 6.4359497070e+02 6.4375598145e+02 6.4389099121e+02 6.4415399170e+02 6.4439599609e+02 6.4455902100e+02 6.4465600586e+02 6.4470397949e+02 6.4472698975e+02 6.4468298340e+02 6.4461199951e+02 6.4453601074e+02 6.4445397949e+02 6.4441601563e+02 6.4436999512e+02 6.4433398438e+02 6.4430297852e+02 6.4424700928e+02 6.4419299316e+02 6.4415002441e+02 6.4410699463e+02 6.4407800293e+02 6.4403100586e+02 6.4401000977e+02 6.4405200195e+02 6.4410900879e+02 6.4420501709e+02 6.4432501221e+02 6.4439202881e+02 6.4449798584e+02 6.4466400146e+02 6.4482702637e+02 6.4498101807e+02 6.4523498535e+02 6.4553100586e+02 6.4577801514e+02 6.4604302979e+02 6.4641601563e+02 6.4677502441e+02 6.4699200439e+02 6.4704302979e+02 6.4706097412e+02
6.4242999268e+02 6.4258697510e+02 6.4280603027e+02 6.4304199219e+02 6.4322302246e+02 6.4337200928e+02 6.4352001953e+02 6.4379199219e+02 6.4403302002e+02 6.4428802490e+02 6.4448400879e+02 6.4457299805e+02 6.4458697510e+02 6.4463702393e+02 6.4462097168e+02 6.4456500244e+02 6.4447399902e+02 6.4440802002e+02 6.4434002686e+02 6.4428997803e+02 6.4425402832e+02 6.4420098877e+02 6.4415301514e+02 6.4410400391e+02 6.4405102539e+02 6.4402099609e+02 6.4397601318e+02 6.4393902588e+02 6.4394201660e+02 6.4393200684e+02 6.4395098877e+02 6.4402301025e+02 6.4408502197e+02 6.4419097900e+02 6.4437200928e+02 6.4455902100e+02 6.4473297119e+02 6.4501501465e+02 6.4530999756e+02 6.4554498291e+02 6.4577099609e+02 6.4608099365e+02 6.4633300781e+02 6.4648901367e+02 6.4659698486e+02 6.4670800781e+02
6.4207501221e+02 6.4217401123e+02 6.4236999512e+02 6.4260101318e+02 6.4276501465e+02 6.4296099854e+02 6.4313598633e+02 6.4338299561e+02 6.4362200928e+02 6.4390502930e+02 6.4417498779e+02 6.4434802246e+02 6.4446099854e+02 6.4454498291e+02 6.4455902100e+02 6.4452301025e+02 6.4447998047e+02 6.4443597412e+02 6.4435601807e+02 6.4426501465e+02 6.4418902588e+02 6.4414001465e+02 6.4409997559e+02 6.4406201172e+02 6.4401000977e+02 6.4397302246e+02 6.4392901611e+02 6.4389001465e+02 6.4387597656e+02 6.4380297852e+02 6.4376000977e+02 6.4380603027e+02 6.4388299561e+02 6.4394799805e+02 6.4409399414e+02 6.4427099609e+02 6.4446099854e+02 6.4471899414e+02 6.4499298096e+02 6.4521398926e+02 6.4538098145e+02 6.4560101318e+02 6.4575299072e+02 6.4587701416e+02 6.4604199219e+02 6.4626800537e+02
6.4177001953e+02 6.4179302979e+02 6.4191198730e+02 6.4211199951e+02 6.4230102539e+02 6.4247198486e+02 6.4267199707e+02 6.4294598389e+02 6.4320501709e+02 6.4347802734e+02 6.4375201416e+02 6.4399499512e+02 6.4421099854e+02 6.4433599854e+02 6.4440197754e+02 6.4442401123e+02 6.4440997314e+02 6.4440399170e+02 6.4434497070e+02 6.4427197266e+02 6.4420697021e+02 6.4410699463e+02 6.4404400635e+02 6.4401300049e+02 6.4396502686e+02 6.4392999268e+02 6.4388000488e+02 6.4383599854e+02 6.4379400635e+02 6.4373797607e+02 6.4368402100e+02 6.4367999268e+02 6.4369897461e+02 6.4374700928e+02 6.4387402344e+02 6.4405297852e+02 6.4419897461e+02 6.4435101318e+02 6.4458099365e+02 6.4478601074e+02 6.4490698242e+02 6.4504498291e+02 6.4517102051e+02 6.4528198242e+02 6.4542297363e+02 6.4564697266e+02
6.4149102783e+02 6.4147698975e+02 6.4154498291e+02 6.4172302246e+02 6.4194000244e+02 6.4213299561e+02 6.4234197998e+02 6.4260302734e+02 6.4284698486e+02 6.4309399414e+02 6.4332800293e+02 6.4356402588e+02 6.4382397461e+02 6.4401000977e+02 6.4414697266e+02 6.4425402832e+02 6.4431597900e+02 6.4434100342e+02 6.4430798340e+02 6.4426300049e+02 6.4422399902e+02 6.4412097168e+02 6.4402801514e+02 6.4397100830e+02 6.4391400146e+02 6.4386999512e+02 6.4382299805e+02 6.4378997803e+02 6.4374200439e+02 6.4369097900e+02 6.4362402344e+02 6.4356701660e+02 6.4353399658e+02 6.4352001953e+02 6.4358599854e+02 6.4373602295e+02 6.4386401367e+02 6.4394000244e+02 6.4411798096e+02 6.4431298828e+02 6.4444097900e+02 6.4456896973e+02 6.4468798828e+02 6.4478900146e+02 6.4489599609e+02 6.4506298828e+02
6.4122399902e+02 6.4122601318e+02 6.4127600098e+02 6.4142498779e+02 6.4165100098e+02 6.4185601807e+02 6.4200701904e+02 6.4220697021e+02 6.4247802734e+02 6.4275897217e+02 6.4299902344e+02 6.4320397949e+02 6.4341998291e+02 6.4362799072e+02 6.4379498291e+02 6.4396899414e+02 6.4412597656e+02 6.4418597412e+02 6.4418902588e+02 6.4416400146e+02 6.4414599609e+02 6.4411700439e+02 6.4405401611e+02 6.4396398926e+02 6.4388098145e+02 6.4381799316e+02 6.4377001953e+02 6.4374298096e+02 6.4369201660e+02 6.4364001465e+02 6.4357202148e+02 6.4349597168e+02 6.4344000244e+02 6.4337402344e+02 6.4334698486e+02 6.4338098145e+02 6.4347399902e+02 6.4353698730e+02 6.4366601563e+02 6.4384002686e+02 6.4399200439e+02 6.4413397217e+02 6.4426501465e+02 6.4437500000e+02 6.4446197510e+02 6.4456298828e+02
6.4093298340e+02 6.4100201416e+02 6.4106201172e+02 6.4114001465e+02 6.4126599121e+02 6.4148901367e+02 6.4163800049e+02 6.4184399414e+02 6.4211901855e+02 6.4236199951e+02 6.4265502930e+02 6.4288500977e+02 6.4305297852e+02 6.4322698975e+02 6.4340997314e+02 6.4362500000e+02 6.4386700439e+02 6.4394000244e+02 6.4398498535e+02 6.4400097656e+02 6.4402398682e+02 6.4406402588e+02 6.4403601074e+02 6.4396099854e+02 6.4389001465e+02 6.4380798340e+02 6.4373498535e+02 6.4369097900e+02 6.4363299561e+02 6.4358599854e+02 6.4352600098e+02 6.4345202637e+02 6.4338299561e+02 6.4332098389e+02 6.4326000977e+02 6.4319201660e+02 6.4316900635e+02 6.4322100830e+02 6.4330102539e+02 6.4343103027e+02 6.4357501221e+02 6.4369299316e+02 6.4381799316e+02 6.4393701172e+02 6.4402899170e+02 6.4409197998e+02
6.4073400879e+02 6.4082098389e+02 6.4091400146e+02 6.4098699951e+02 6.4105102539e+02 6.4122497559e+02 6.4135198975e+02 6.4151000977e+02 6.4171801758e+02 6.4194500732e+02 6.4225402832e+02 6.4249499512e+02 6.4261401367e+02 6.4278900146e+02 6.4299597168e+02 6.4316497803e+02 6.4336798096e+02 6.4356896973e+02 6.4371899414e+02 6.4380798340e+02 6.4386499023e+02 6.4390100098e+02 6.4389099121e+02 6.4391302490e+02 6.4390002441e+02 6.4382299805e+02 6.4373699951e+02 6.4365899658e+02 6.4358398438e+02 6.4352398682e+02 6.4346997070e+02 6.4341497803e+02 6.4334497070e+02 6.4326898193e+02 6.4319396973e+02 6.4311700439e+02 6.4307299805e+02 6.4303100586e+02 6.4303802490e+02 6.4308502197e+02 6.4316802979e+02 6.4334197998e+02 6.4345697021e+02 6.4349401855e+02 6.4352398682e+02 6.4359497070e+02
6.4054199219e+02 6.4060101318e+02 6.4067797852e+02 6.4075097656e+02 6.4079699707e+02 6.4093103027e+02 6.4103698730e+02 6.4120397949e+02 6.4141302490e+02 6.4157501221e+02 6.4181896973e+02 6.4203002930e+02 6.4218597412e+02 6.4239202881e+02 6.4260198975e+02 6.4276599121e+02 6.4294299316e+02 6.4323602295e+02 6.4346002197e+02 6.4354797363e+02 6.4363397217e+02 6.4365600586e+02 6.4361999512e+02 6.4368499756e+02 6.4378802490e+02 6.4379302979e+02 6.4374902344e+02 6.4366699219e+02 6.4356896973e+02 6.4348498535e+02 6.4341802979e+02 6.4335302734e+02 6.4328698730e+02 6.4322802734e+02 6.4315100098e+02 6.4307501221e+02 6.4303198242e+02 6.4296801758e+02 6.4291601563e+02 6.4287500000e+02 6.4286700439e+02 6.4299298096e+02 6.4307501221e+02 6.4308502197e+02 6.4310101318e+02 6.4316101074e+02
6.4029699707e+02 6.4030200195e+02 6.4035400391e+02 6.4042297363e+02 6.4048297119e+02 6.4063201904e+02 6.4074401855e+02 6.4090600586e+02 6.4111602783e+02 6.4125299072e+02 6.4144396973e+02 6.4163397217e+02 6.4182000732e+02 6.4202301025e+02 6.4220501709e+02 6.4240197754e+02 6.4258898926e+02 6.4281298828e+02 6.4300500488e+02 6.4309301758e+02 6.4324798584e+02 6.4336297607e+02 6.4337500000e+02 6.4337597656e+02 6.4346398926e+02 6.4354602051e+02 6.4362097168e+02 6.4363800049e+02 6.4357000732e+02 6.4347302246e+02 6.4340002441e+02 6.4331799316e+02 6.4324200439e+02 6.4318499756e+02 6.4310797119e+02 6.4303900146e+02 6.4299597168e+02 6.4293798828e+02 6.4287298584e+02 6.4280999756e+02 6.4274700928e+02 6.4274200439e+02 6.4273199463e+02 6.4271002197e+02 6.4273901367e+02 6.4277099609e+02
