TESTSERVER/8/0.asc
NCOLS 100
NROWS 100
XLLCORNER 7.8997500000e+03
YLLCORNER 2.8995025000e+05
CELLSIZE 5.0000000000e-01
NODATA_VALUE -9.9990000000e+03
[rows 60 to 79 of 100, columns 0 to 45 of 100]
6.5092401123e+02 6.5075299072e+02 6.5060699463e+02 6.5033099365e+02 6.5001501465e+02 6.4968200684e+02 6.4927899170e+02 6.4890899658e+02 6.4857800293e+02 6.4829400635e+02 6.4802697754e+02 6.4768402100e+02 6.4736901855e+02 6.4712902832e+02 6.4699298096e+02 6.4696398926e+02 6.4694396973e+02 6.4690698242e+02 6.4684497070e+02 6.4680102539e+02 6.4673602295e+02 6.4666302490e+02 6.4660699463e+02 6.4653802490e+02 6.4649499512e+02 6.4646301270e+02 6.4639501953e+02 6.4634600830e+02 6.4628802490e+02 6.4622198486e+02 6.4617199707e+02 6.4612597656e+02 6.4606799316e+02 6.4597698975e+02 6.4591900635e+02 6.4586999512e+02 6.4581402588e+02 6.4578601074e+02 6.4573199463e+02 6.4565802002e+02 6.4560400391e+02 6.4554602051e+02 6.4550097656e+02 6.4547198486e+02 6.4546002197e+02 6.4543200684e+02
6.5081402588e+02 6.5059002686e+02 6.5036798096e+02 6.5005401611e+02 6.4970300293e+02 6.4932397461e+02 6.4892901611e+02 6.4863201904e+02 6.4835101318e+02 6.4806402588e+02 6.4776501465e+02 6.4740600586e+02 6.4715002441e+02 6.4701098633e+02 6.4699499512e+02 6.4700897217e+02 6.4697399902e+02 6.4691998291e+02 6.4684997559e+02 6.4679699707e+02 6.4672998047e+02 6.4666101074e+02 6.4660498047e+02 6.4654699707e+02 6.4650598145e+02 6.4646099854e+02 6.4637097168e+02 6.4631500244e+02 6.4623400879e+02 6.4614099121e+02 6.4604400635e+02 6.4594500732e+02 6.4585302734e+02 6.4576300049e+02 6.4571002197e+02 6.4564398193e+02 6.4562298584e+02 6.4564300537e+02 6.4557397461e+02 6.4550097656e+02 6.4548797607e+02 6.4548400879e+02 6.4549200439e+02 6.4548297119e+02 6.4545599365e+02 6.4540899658e+02
6.5063598633e+02 6.5035797119e+02 6.5007098389e+02 6.4974597168e+02 6.4939099121e+02 6.4902001953e+02 6.4865899658e+02 6.4841802979e+02 6.4816198730e+02 6.4787200928e+02 6.4754602051e+02 6.4724200439e+02 6.4711401367e+02 6.4707098389e+02 6.4704998779e+02 6.4701702881e+02 6.4696099854e+02 6.4691802979e+02 6.4685498047e+02 6.4679699707e+02 6.4673101807e+02 6.4665899658e+02 6.4658697510e+02 6.4652899170e+02 6.4648101807e+02 6.4640802002e+02 6.4629101563e+02 6.4618902588e+02 6.4606298828e+02 6.4594897461e+02 6.4583697510e+02 6.4567700195e+02 6.4555401611e+02 6.4548400879e+02 6.4543103027e+02 6.4533300781e+02 6.4531896973e+02 6.4536999512e+02 6.4532000732e+02 6.4518798828e+02 6.4518103027e+02 6.4521099854e+02 6.4523999023e+02 6.4528399658e+02 6.4535900879e+02 6.4536798096e+02
6.5037200928e+02 6.5003698730e+02 6.4972497559e+02 6.4940197754e+02 6.4906597900e+02 6.4873297119e+02 6.4841497803e+02 6.4818103027e+02 6.4794097900e+02 6.4769500732e+02 6.4743902588e+02 6.4725402832e+02 6.4717901611e+02 6.4713702393e+02 6.4707800293e+02 6.4702502441e+02 6.4696697998e+02 6.4692199707e+02 6.4686401367e+02 6.4680200195e+02 6.4672900391e+02 6.4665002441e+02 6.4658697510e+02 6.4653100586e+02 6.4645202637e+02 6.4633197021e+02 6.4617797852e+02 6.4598199463e+02 6.4578497314e+02 6.4564599609e+02 6.4554797363e+02 6.4542901611e+02 6.4530603027e+02 6.4518298340e+02 6.4504302979e+02 6.4492999268e+02 6.4491400146e+02 6.4496002197e+02 6.4491497803e+02 6.4475500488e+02 6.4477899170e+02 6.4480200195e+02 6.4478302002e+02 6.4484802246e+02 6.4505401611e+02 6.4518298340e+02
6.5006701660e+02 6.4971398926e+02 6.4940802002e+02 6.4908001709e+02 6.4873999023e+02 6.4842102051e+02 6.4816802979e+02 6.4792199707e+02 6.4770098877e+02 6.4753100586e+02 6.4739801025e+02 6.4728698730e+02 6.4719000244e+02 6.4714398193e+02 6.4709997559e+02 6.4706298828e+02 6.4700000000e+02 6.4694097900e+02 6.4689300537e+02 6.4679602051e+02 6.4672399902e+02 6.4666802979e+02 6.4660302734e+02 6.4650097656e+02 6.4636199951e+02 6.4619299316e+02 6.4601599121e+02 6.4570098877e+02 6.4542901611e+02 6.4525500488e+02 6.4520098877e+02 6.4515197754e+02 6.4500799561e+02 6.4478698730e+02 6.4452301025e+02 6.4445001221e+02 6.4444500732e+02 6.4445300293e+02 6.4435601807e+02 6.4427398682e+02 6.4434399414e+02 6.4439398193e+02 6.4433197021e+02 6.4441302490e+02 6.4463098145e+02 6.4486401367e+02
6.4974597168e+02 6.4941802979e+02 6.4914001465e+02 6.4885198975e+02 6.4850598145e+02 6.4817297363e+02 6.4791802979e+02 6.4771301270e+02 6.4754498291e+02 6.4742999268e+02 6.4733099365e+02 6.4723498535e+02 6.4719799805e+02 6.4717901611e+02 6.4711798096e+02 6.4707098389e+02 6.4700500488e+02 6.4694702148e+02 6.4686999512e+02 6.4676898193e+02 6.4670202637e+02 6.4662097168e+02 6.4645898438e+02 6.4634600830e+02 6.4617602539e+02 6.4597698975e+02 6.4576000977e+02 6.4536700439e+02 6.4503399658e+02 6.4482202148e+02 6.4473199463e+02 6.4471398926e+02 6.4463201904e+02 6.4445300293e+02 6.4420898438e+02 6.4402600098e+02 6.4393701172e+02 6.4391101074e+02 6.4386602783e+02 6.4380603027e+02 6.4390100098e+02 6.4402001953e+02 6.4402099609e+02 6.4403802490e+02 6.4412200928e+02 6.4434197998e+02
6.4943499756e+02 6.4912500000e+02 6.4887701416e+02 6.4860101318e+02 6.4827301025e+02 6.4796301270e+02 6.4772698975e+02 6.4758898926e+02 6.4748498535e+02 6.4739898682e+02 6.4731701660e+02 6.4726898193e+02 6.4723400879e+02 6.4718597412e+02 6.4712200928e+02 6.4707299805e+02 6.4700097656e+02 6.4692901611e+02 6.4682897949e+02 6.4671099854e+02 6.4660498047e+02 6.4649200439e+02 6.4630297852e+02 6.4614898682e+02 6.4594799805e+02 6.4571099854e+02 6.4542401123e+02 6.4497698975e+02 6.4460797119e+02 6.4436901855e+02 6.4426202393e+02 6.4425402832e+02 6.4420599365e+02 6.4407299805e+02 6.4388299561e+02 6.4370599365e+02 6.4358898926e+02 6.4355297852e+02 6.4349798584e+02 6.4337097168e+02 6.4346301270e+02 6.4363500977e+02 6.4368597412e+02 6.4365301514e+02 6.4365100098e+02 6.4384899902e+02
6.4911999512e+02 6.4883197021e+02 6.4861999512e+02 6.4836401367e+02 6.4808001709e+02 6.4782299805e+02 6.4763397217e+02 6.4753997803e+02 6.4747399902e+02 6.4740502930e+02 6.4733801270e+02 6.4729998779e+02 6.4723498535e+02 6.4717199707e+02 6.4711499023e+02 6.4703601074e+02 6.4694396973e+02 6.4686297607e+02 6.4676800537e+02 6.4664099121e+02 6.4649597168e+02 6.4634997559e+02 6.4615002441e+02 6.4594897461e+02 6.4572100830e+02 6.4537799072e+02 6.4498498535e+02 6.4454797363e+02 6.4418200684e+02 6.4394396973e+02 6.4383502197e+02 6.4379302979e+02 6.4373199463e+02 6.4362298584e+02 6.4347601318e+02 6.4340002441e+02 6.4333801270e+02 6.4329400635e+02 6.4319201660e+02 6.4302001953e+02 6.4309100342e+02 6.4325201416e+02 6.4327801514e+02 6.4326098633e+02 6.4329302979e+02 6.4348699951e+02
6.4882598877e+02 6.4855499268e+02 6.4834899902e+02 6.4814801025e+02 6.4792602539e+02 6.4774798584e+02 6.4761499023e+02 6.4753497314e+02 6.4748602295e+02 6.4743701172e+02 6.4737902832e+02 6.4731500244e+02 6.4723901367e+02 6.4716198730e+02 6.4707800293e+02 6.4699298096e+02 6.4689697266e+02 6.4680297852e+02 6.4670800781e+02 6.4654699707e+02 6.4634100342e+02 6.4611901855e+02 6.4591699219e+02 6.4569000244e+02 6.4545098877e+02 6.4501800537e+02 6.4454998779e+02 6.4413000488e+02 6.4380200195e+02 6.4359802246e+02 6.4353601074e+02 6.4339697266e+02 6.4326702881e+02 6.4314501953e+02 6.4303698730e+02 6.4315301514e+02 6.4307897949e+02 6.4295098877e+02 6.4283398438e+02 6.4275201416e+02 6.4280999756e+02 6.4286999512e+02 6.4281201172e+02 6.4290100098e+02 6.4303900146e+02 6.4321197510e+02
6.4859698486e+02 6.4833300781e+02 6.4814501953e+02 6.4796502686e+02 6.4780200195e+02 6.4769201660e+02 6.4761499023e+02 6.4754998779e+02 6.4750799561e+02 6.4745098877e+02 6.4738598633e+02 6.4732397461e+02 6.4725299072e+02 6.4714697266e+02 6.4703698730e+02 6.4694000244e+02 6.4681896973e+02 6.4666900635e+02 6.4651098633e+02 6.4630902100e+02 6.4606701660e+02 6.4584002686e+02 6.4563897705e+02 6.4537097168e+02 6.4504199219e+02 6.4460198975e+02 6.4410797119e+02 6.4369201660e+02 6.4342901611e+02 6.4330102539e+02 6.4321697998e+02 6.4303900146e+02 6.4288098145e+02 6.4275201416e+02 6.4267602539e+02 6.4273602295e+02 6.4265197754e+02 6.4253198242e+02 6.4248797607e+02 6.4246002197e+02 6.4248297119e+02 6.4247698975e+02 6.4250000000e+02 6.4264501953e+02 6.4282098389e+02 6.4297802734e+02
6.4838500977e+02 6.4815600586e+02 6.4797998047e+02 6.4783502197e+02 6.4773199463e+02 6.4767199707e+02 6.4762402344e+02 6.4757702637e+02 6.4752801514e+02 6.4745800781e+02 6.4740002441e+02 6.4735699463e+02 6.4727001953e+02 6.4714300537e+02 6.4701098633e+02 6.4688800049e+02 6.4672900391e+02 6.4651800537e+02 6.4629602051e+02 6.4605999756e+02 6.4579199219e+02 6.4552301025e+02 6.4524700928e+02 6.4489300537e+02 6.4447302246e+02 6.4404199219e+02 6.4362097168e+02 6.4326202393e+02 6.4307098389e+02 6.4299902344e+02 6.4292999268e+02 6.4275097656e+02 6.4260601807e+02 6.4248999023e+02 6.4240698242e+02 6.4233398438e+02 6.4228100586e+02 6.4224597168e+02 6.4222998047e+02 6.4221197510e+02 6.4219702148e+02 6.4217999268e+02 6.4225000000e+02 6.4241101074e+02 6.4258697510e+02 6.4270599365e+02
6.4819702148e+02 6.4802600098e+02 6.4788897705e+02 6.4779400635e+02 6.4773999023e+02 6.4770300293e+02 6.4765802002e+02 6.4760302734e+02 6.4754602051e+02 6.4748498535e+02 6.4744000244e+02 6.4735302734e+02 6.4720898438e+02 6.4708398438e+02 6.4696002197e+02 6.4681201172e+02 6.4661999512e+02 6.4636199951e+02 6.4608398438e+02 6.4584100342e+02 6.4552502441e+02 6.4514501953e+02 6.4472802734e+02 6.4432501221e+02 6.4394897461e+02 6.4355798340e+02 6.4318298340e+02 6.4290502930e+02 6.4277099609e+02 6.4272100830e+02 6.4264898682e+02 6.4250097656e+02 6.4238201904e+02 6.4228802490e+02 6.4223101807e+02 6.4211700439e+02 6.4204101563e+02 6.4202301025e+02 6.4203198242e+02 6.4204101563e+02 6.4198199463e+02 6.4194000244e+02 6.4201000977e+02 6.4216802979e+02 6.4231799316e+02 6.4239099121e+02
6.4804498291e+02 6.4795300293e+02 6.4787701416e+02 6.4782800293e+02 6.4780102539e+02 6.4776098633e+02 6.4768499756e+02 6.4760998535e+02 6.4757202148e+02 6.4752697754e+02 6.4746197510e+02 6.4730102539e+02 6.4714001465e+02 6.4702899170e+02 6.4687298584e+02 6.4667199707e+02 6.4642797852e+02 6.4614001465e+02 6.4584600830e+02 6.4557397461e+02 6.4520501709e+02 6.4472802734e+02 6.4422198486e+02 6.4381298828e+02 6.4350402832e+02 6.4318701172e+02 6.4286798096e+02 6.4267102051e+02 6.4254699707e+02 6.4246502686e+02 6.4236602783e+02 6.4222998047e+02 6.4213500977e+02 6.4208001709e+02 6.4205297852e+02 6.4196002197e+02 6.4186499023e+02 6.4181500244e+02 6.4184497070e+02 6.4185998535e+02 6.4178198242e+02 6.4171697998e+02 6.4175500488e+02 6.4189898682e+02 6.4201202393e+02 6.4206298828e+02
6.4802197266e+02 6.4796997070e+02 6.4791497803e+02 6.4787298584e+02 6.4783398438e+02 6.4777398682e+02 6.4769396973e+02 6.4765100098e+02 6.4761499023e+02 6.4751098633e+02 6.4741101074e+02 6.4727001953e+02 6.4710101318e+02 6.4690301514e+02 6.4667901611e+02 6.4640698242e+02 6.4610900879e+02 6.4580200195e+02 6.4547497559e+02 6.4514099121e+02 6.4475201416e+02 6.4430401611e+02 6.4385198975e+02 6.4342797852e+02 6.4314001465e+02 6.4291302490e+02 6.4267401123e+02 6.4249298096e+02 6.4235101318e+02 6.4223602295e+02 6.4211297607e+02 6.4198797607e+02 6.4191699219e+02 6.4187200928e+02 6.4184399414e+02 6.4179101563e+02 6.4169097900e+02 6.4165002441e+02 6.4168200684e+02 6.4169799805e+02 6.4162097168e+02 6.4151702881e+02 6.4153302002e+02 6.4163598633e+02 6.4171600342e+02 6.4176098633e+02
6.4806799316e+02 6.4801898193e+02 6.4796197510e+02 6.4790802002e+02 6.4784399414e+02 6.4777899170e+02 6.4772998047e+02 6.4768798828e+02 6.4759899902e+02 6.4746502686e+02 6.4732098389e+02 6.4716302490e+02 6.4695898438e+02 6.4669201660e+02 6.4639501953e+02 6.4607397461e+02 6.4572698975e+02 6.4538897705e+02 6.4501702881e+02 6.4461999512e+02 6.4423999023e+02 6.4387402344e+02 6.4353601074e+02 6.4319500732e+02 6.4294299316e+02 6.4274102783e+02 6.4252099609e+02 6.4230200195e+02 6.4213000488e+02 6.4200598145e+02 6.4190600586e+02 6.4181097412e+02 6.4174499512e+02 6.4168298340e+02 6.4162500000e+02 6.4157800293e+02 6.4150201416e+02 6.4145501709e+02 6.4139898682e+02 6.4135302734e+02 6.4134002686e+02 6.4127801514e+02 6.4128399658e+02 6.4136700439e+02 6.4142797852e+02 6.4147302246e+02
6.4811297607e+02 6.4805603027e+02 6.4799200439e+02 6.4792999268e+02 6.4786401367e+02 6.4780999756e+02 6.4776800537e+02 6.4767901611e+02 6.4752801514e+02 6.4737402344e+02 6.4714398193e+02 6.4694799805e+02 6.4672302246e+02 6.4641198730e+02 6.4603802490e+02 6.4566900635e+02 6.4529998779e+02 6.4495501709e+02 6.4458300781e+02 6.4417602539e+02 6.4382397461e+02 6.4352697754e+02 6.4325897217e+02 6.4302099609e+02 6.4280200195e+02 6.4258099365e+02 6.4234698486e+02 6.4211700439e+02 6.4194299316e+02 6.4183502197e+02 6.4174102783e+02 6.4164099121e+02 6.4156896973e+02 6.4149102783e+02 6.4139697266e+02 6.4133197021e+02 6.4125500488e+02 6.4117498779e+02 6.4110198975e+02 6.4099401855e+02 6.4098297119e+02 6.4096502686e+02 6.4100097656e+02 6.4107897949e+02 6.4113598633e+02 6.4119000244e+02
6.4813500977e+02 6.4807098389e+02 6.4799902344e+02 6.4795300293e+02 6.4790197754e+02 6.4783398438e+02 6.4773297119e+02 6.4759399414e+02 6.4739697266e+02 6.4717199707e+02 6.4688598633e+02 6.4668798828e+02 6.4646398926e+02 6.4610998535e+02 6.4562402344e+02 6.4523699951e+02 6.4487701416e+02 6.4456298828e+02 6.4426000977e+02 6.4390802002e+02 6.4359997559e+02 6.4330700684e+02 6.4299798584e+02 6.4281097412e+02 6.4264697266e+02 6.4243298340e+02 6.4217498779e+02 6.4195800781e+02 6.4181402588e+02 6.4168902588e+02 6.4156799316e+02 6.4145697021e+02 6.4140301514e+02 6.4131201172e+02 6.4117498779e+02 6.4108898926e+02 6.4100598145e+02 6.4095098877e+02 6.4101098633e+02 6.4084100342e+02 6.4069799805e+02 6.4067401123e+02 6.4075500488e+02 6.4081298828e+02 6.4086401367e+02 6.4091601563e+02
6.4813098145e+02 6.4807397461e+02 6.4804101563e+02 6.4800000000e+02 6.4791302490e+02 6.4780902100e+02 6.4765502930e+02 6.4744201660e+02 6.4719500732e+02 6.4693701172e+02 6.4668902588e+02 6.4649200439e+02 6.4616198730e+02 6.4572601318e+02 6.4529602051e+02 6.4492401123e+02 6.4455999756e+02 6.4425402832e+02 6.4397100830e+02 6.4367700195e+02 6.4343798828e+02 6.4316400146e+02 6.4286199951e+02 6.4264300537e+02 6.4246197510e+02 6.4224102783e+02 6.4199298096e+02 6.4178601074e+02 6.4165002441e+02 6.4148699951e+02 6.4135101318e+02 6.4126300049e+02 6.4122497559e+02 6.4111297607e+02 6.4100402832e+02 6.4090197754e+02 6.4077398682e+02 6.4066699219e+02 6.4067901611e+02 6.4058398438e+02 6.4047601318e+02 6.4045800781e+02 6.4050000000e+02 6.4054699707e+02 6.4060400391e+02 6.4068298340e+02
6.4814501953e+02 6.4811401367e+02 6.4810101318e+02 6.4800598145e+02 6.4783697510e+02 6.4764697266e+02 6.4743103027e+02 6.4723101807e+02 6.4700897217e+02 6.4675000000e+02 6.4650000000e+02 6.4622698975e+02 6.4578900146e+02 6.4535699463e+02 6.4504101563e+02 6.4469598389e+02 6.4432000732e+02 6.4400000000e+02 6.4372399902e+02 6.4346697998e+02 6.4324499512e+02 6.4300402832e+02 6.4280700684e+02 6.4256298828e+02 6.4229998779e+02 6.4207501221e+02 6.4184399414e+02 6.4163598633e+02 6.4148199463e+02 6.4132702637e+02 6.4119097900e+02 6.4109301758e+02 6.4100701904e+02 6.4085699463e+02 6.4077197266e+02 6.4063897705e+02 6.4048901367e+02 6.4036602783e+02 6.4032897949e+02 6.4026599121e+02 6.4022198486e+02 6.4022998047e+02 6.4024499512e+02 6.4027001953e+02 6.4033898926e+02 6.4045599365e+02
6.4822399902e+02 6.4816802979e+02 6.4808197021e+02 6.4792797852e+02 6.4769396973e+02 6.4743402100e+02 6.4721002197e+02 6.4704602051e+02 6.4684802246e+02 6.4659600830e+02 6.4636798096e+02 6.4601300049e+02 6.4548699951e+02 6.4506097412e+02 6.4478698730e+02 6.4444299316e+02 6.4406201172e+02 6.4375799561e+02 6.4352197266e+02 6.4328002930e+02 6.4303399658e+02 6.4280603027e+02 6.4270599365e+02 6.4240997314e+02 6.4210998535e+02 6.4191400146e+02 6.4166302490e+02 6.4144702148e+02 6.4129302979e+02 6.4117797852e+02 6.4103100586e+02 6.4088000488e+02 6.4075000000e+02 6.4060900879e+02 6.4049102783e+02 6.4036700439e+02 6.4025402832e+02 6.4013397217e+02 6.4005798340e+02 6.4000097656e+02 6.3997601318e+02 6.4000402832e+02 6.4003100586e+02 6.4003399658e+02 6.4009497070e+02 6.4021398926e+02
