TESTSERVER/8/1.asc
NCOLS 100
NROWS 100
XLLCORNER 7.8997500000e+03
YLLCORNER 2.8990025000e+05
CELLSIZE 5.0000000000e-01
NODATA_VALUE -9.9990000000e+03
[rows 20 to 39 of 100, columns 46 to 91 of 100]
6.3086798096e+02 6.3097100830e+02 6.3093902588e+02 6.3090100098e+02 6.3088897705e+02 6.3091302490e+02 6.3087097168e+02 6.3090502930e+02 6.3102899170e+02 6.3110601807e+02 6.3116400146e+02 6.3119396973e+02 6.3120202637e+02 6.3126397705e+02 6.3132501221e+02 6.3138098145e+02 6.3141699219e+02 6.3148699951e+02 6.3157000732e+02 6.3164697266e+02 6.3167700195e+02 6.3171600342e+02 6.3170001221e+02 6.3165802002e+02 6.3157397461e+02 6.3148602295e+02 6.3139099121e+02 6.3130902100e+02 6.3126702881e+02 6.3122900391e+02 6.3118798828e+02 6.3114099121e+02 6.3109600830e+02 6.3101501465e+02 6.3093597412e+02 6.3088397217e+02 6.3086700439e+02 6.3087200928e+02 6.3090502930e+02 6.3094598389e+02 6.3096997070e+02 6.3095697021e+02 6.3093499756e+02 6.3091900635e+02 6.3092700195e+02 6.3094299316e+02
6.3066400146e+02 6.3056298828e+02 6.3049798584e+02 6.3049102783e+02 6.3055499268e+02 6.3060101318e+02 6.3059497070e+02 6.3065802002e+02 6.3075799561e+02 6.3086999512e+02 6.3095697021e+02 6.3100701904e+02 6.3102697754e+02 6.3106500244e+02 6.3110900879e+02 6.3115899658e+02 6.3120202637e+02 6.3126599121e+02 6.3134100342e+02 6.3139398193e+02 6.3140899658e+02 6.3142700195e+02 6.3142901611e+02 6.3140301514e+02 6.3135198975e+02 6.3128802490e+02 6.3120202637e+02 6.3111602783e+02 6.3105700684e+02 6.3101800537e+02 6.3096600342e+02 6.3090899658e+02 6.3084197998e+02 6.3077801514e+02 6.3073999023e+02 6.3071197510e+02 6.3067700195e+02 6.3065899658e+02 6.3069396973e+02 6.3073400879e+02 6.3073400879e+02 6.3071697998e+02 6.3070300293e+02 6.3071502686e+02 6.3075897217e+02 6.3078497314e+02
6.3063098145e+02 6.3044799805e+02 6.3030297852e+02 6.3020501709e+02 6.3022900391e+02 6.3028698730e+02 6.3034600830e+02 6.3042700195e+02 6.3050201416e+02 6.3063397217e+02 6.3075701904e+02 6.3082897949e+02 6.3084301758e+02 6.3085797119e+02 6.3089001465e+02 6.3093597412e+02 6.3098199463e+02 6.3105603027e+02 6.3113299561e+02 6.3117297363e+02 6.3116101074e+02 6.3116302490e+02 6.3116699219e+02 6.3115197754e+02 6.3111700439e+02 6.3105700684e+02 6.3096997070e+02 6.3088098145e+02 6.3081097412e+02 6.3075299072e+02 6.3069299316e+02 6.3063098145e+02 6.3055902100e+02 6.3052899170e+02 6.3053302002e+02 6.3053198242e+02 6.3049597168e+02 6.3046997070e+02 6.3049499512e+02 6.3052099609e+02 6.3051397705e+02 6.3050201416e+02 6.3049298096e+02 6.3051300049e+02 6.3056597900e+02 6.3059002686e+02
6.3063702393e+02 6.3050097656e+02 6.3035302734e+02 6.3018402100e+02 6.3008099365e+02 6.3002001953e+02 6.3000701904e+02 6.3007098389e+02 6.3021398926e+02 6.3038500977e+02 6.3054101563e+02 6.3063098145e+02 6.3064001465e+02 6.3064001465e+02 6.3066302490e+02 6.3070599365e+02 6.3075598145e+02 6.3084399414e+02 6.3092797852e+02 6.3096002197e+02 6.3092700195e+02 6.3091302490e+02 6.3091101074e+02 6.3090100098e+02 6.3087200928e+02 6.3080297852e+02 6.3071301270e+02 6.3062097168e+02 6.3054498291e+02 6.3047302246e+02 6.3040698242e+02 6.3034301758e+02 6.3027502441e+02 6.3027197266e+02 6.3030297852e+02 6.3032397461e+02 6.3030102539e+02 6.3027600098e+02 6.3029302979e+02 6.3031298828e+02 6.3031201172e+02 6.3030102539e+02 6.3028198242e+02 6.3029101563e+02 6.3033697510e+02 6.3036401367e+02
6.3066101074e+02 6.3054498291e+02 6.3040698242e+02 6.3023797607e+02 6.3007000732e+02 6.2994897461e+02 6.2982598877e+02 6.2976300049e+02 6.2985699463e+02 6.3009802246e+02 6.3027899170e+02 6.3039099121e+02 6.3041497803e+02 6.3041699219e+02 6.3042797852e+02 6.3045098877e+02 6.3049401855e+02 6.3062097168e+02 6.3070800781e+02 6.3073901367e+02 6.3070300293e+02 6.3067901611e+02 6.3067401123e+02 6.3066198730e+02 6.3061901855e+02 6.3053497314e+02 6.3043902588e+02 6.3034802246e+02 6.3027899170e+02 6.3021502686e+02 6.3014099121e+02 6.3007202148e+02 6.3002001953e+02 6.3001800537e+02 6.3004699707e+02 6.3007501221e+02 6.3007501221e+02 6.3005798340e+02 6.3008001709e+02 6.3010601807e+02 6.3009997559e+02 6.3009698486e+02 6.3005999756e+02 6.3004498291e+02 6.3006500244e+02 6.3011798096e+02
6.3060998535e+02 6.3050799561e+02 6.3042102051e+02 6.3032202148e+02 6.3018902588e+02 6.3000299072e+02 6.2984100342e+02 6.2970397949e+02 6.2967401123e+02 6.2976098633e+02 6.2987097168e+02 6.2999200439e+02 6.3010302734e+02 6.3017199707e+02 6.3020001221e+02 6.3020898438e+02 6.3024200439e+02 6.3035302734e+02 6.3044000244e+02 6.3048901367e+02 6.3046997070e+02 6.3045501709e+02 6.3046002197e+02 6.3044396973e+02 6.3038201904e+02 6.3026702881e+02 6.3017901611e+02 6.3010699463e+02 6.3005401611e+02 6.2999298096e+02 6.2991601563e+02 6.2984197998e+02 6.2978302002e+02 6.2976501465e+02 6.2978497314e+02 6.2981298828e+02 6.2982299805e+02 6.2980102539e+02 6.2981500244e+02 6.2983502197e+02 6.2983599854e+02 6.2983599854e+02 6.2981298828e+02 6.2981097412e+02 6.2984698486e+02 6.2989202881e+02
6.3052099609e+02 6.3042901611e+02 6.3036297607e+02 6.3029498291e+02 6.3021899414e+02 6.3008099365e+02 6.2993902588e+02 6.2977600098e+02 6.2962500000e+02 6.2955700684e+02 6.2953997803e+02 6.2959600830e+02 6.2975000000e+02 6.2989501953e+02 6.2996801758e+02 6.3000097656e+02 6.3002197266e+02 6.3010797119e+02 6.3019299316e+02 6.3024798584e+02 6.3024798584e+02 6.3023602295e+02 6.3023901367e+02 6.3021801758e+02 6.3015197754e+02 6.3004901123e+02 6.2998699951e+02 6.2993499756e+02 6.2987902832e+02 6.2981097412e+02 6.2973297119e+02 6.2965600586e+02 6.2958502197e+02 6.2954699707e+02 6.2955499268e+02 6.2956799316e+02 6.2956298828e+02 6.2953698730e+02 6.2953900146e+02 6.2955603027e+02 6.2956799316e+02 6.2957800293e+02 6.2959100342e+02 6.2962298584e+02 6.2966900635e+02 6.2969500732e+02
6.3037902832e+02 6.3032098389e+02 6.3027099609e+02 6.3019799805e+02 6.3013800049e+02 6.3006799316e+02 6.2998400879e+02 6.2986102295e+02 6.2968798828e+02 6.2952398682e+02 6.2938702393e+02 6.2933898926e+02 6.2941802979e+02 6.2960101318e+02 6.2973400879e+02 6.2981597900e+02 6.2984698486e+02 6.2990600586e+02 6.2997998047e+02 6.3003497314e+02 6.3004797363e+02 6.3003100586e+02 6.3002099609e+02 6.2999102783e+02 6.2993499756e+02 6.2987902832e+02 6.2984997559e+02 6.2981597900e+02 6.2974298096e+02 6.2966302490e+02 6.2958599854e+02 6.2950799561e+02 6.2943103027e+02 6.2938299561e+02 6.2937097168e+02 6.2935900879e+02 6.2932598877e+02 6.2929901123e+02 6.2930102539e+02 6.2932299805e+02 6.2933697510e+02 6.2936199951e+02 6.2941302490e+02 6.2947100830e+02 6.2950299072e+02 6.2950598145e+02
6.3017297363e+02 6.3012902832e+02 6.3011102295e+02 6.3007299805e+02 6.3002697754e+02 6.2997601318e+02 6.2991802979e+02 6.2985498047e+02 6.2978399658e+02 6.2960998535e+02 6.2941802979e+02 6.2928002930e+02 6.2926800537e+02 6.2931298828e+02 6.2948400879e+02 6.2963800049e+02 6.2973699951e+02 6.2976599121e+02 6.2981896973e+02 6.2986102295e+02 6.2986999512e+02 6.2985998535e+02 6.2982702637e+02 6.2977899170e+02 6.2972399902e+02 6.2973297119e+02 6.2972601318e+02 6.2969396973e+02 6.2963500977e+02 6.2953002930e+02 6.2945202637e+02 6.2938201904e+02 6.2932501221e+02 6.2927001953e+02 6.2923498535e+02 6.2919396973e+02 6.2914501953e+02 6.2909802246e+02 6.2910302734e+02 6.2912597656e+02 6.2913500977e+02 6.2916101074e+02 6.2922601318e+02 6.2928698730e+02 6.2929699707e+02 6.2930999756e+02
6.2995098877e+02 6.2992999268e+02 6.2992297363e+02 6.2990002441e+02 6.2985400391e+02 6.2983697510e+02 6.2983599854e+02 6.2981701660e+02 6.2976098633e+02 6.2963500977e+02 6.2947900391e+02 6.2931799316e+02 6.2915899658e+02 6.2909802246e+02 6.2917102051e+02 6.2931201172e+02 6.2944396973e+02 6.2954101563e+02 6.2964001465e+02 6.2972601318e+02 6.2976599121e+02 6.2976702881e+02 6.2968200684e+02 6.2958099365e+02 6.2954400635e+02 6.2954797363e+02 6.2952301025e+02 6.2948901367e+02 6.2944500732e+02 6.2937402344e+02 6.2930700684e+02 6.2924401855e+02 6.2918701172e+02 6.2914001465e+02 6.2909399414e+02 6.2903302002e+02 6.2896099854e+02 6.2891497803e+02 6.2891497803e+02 6.2893103027e+02 6.2893902588e+02 6.2895697021e+02 6.2901000977e+02 6.2906298828e+02 6.2907501221e+02 6.2910498047e+02
6.2972601318e+02 6.2973101807e+02 6.2973699951e+02 6.2972399902e+02 6.2967498779e+02 6.2963397217e+02 6.2964501953e+02 6.2967498779e+02 6.2965698242e+02 6.2958599854e+02 6.2946997070e+02 6.2929901123e+02 6.2906896973e+02 6.2888800049e+02 6.2885601807e+02 6.2894097900e+02 6.2908001709e+02 6.2924401855e+02 6.2941699219e+02 6.2956500244e+02 6.2967901611e+02 6.2973400879e+02 6.2961297607e+02 6.2945898438e+02 6.2939099121e+02 6.2936798096e+02 6.2933300781e+02 6.2930200195e+02 6.2927697754e+02 6.2922100830e+02 6.2915301514e+02 6.2908398438e+02 6.2903198242e+02 6.2899401855e+02 6.2894799805e+02 6.2887902832e+02 6.2878900146e+02 6.2873699951e+02 6.2873400879e+02 6.2873699951e+02 6.2874102783e+02 6.2876898193e+02 6.2882598877e+02 6.2888000488e+02 6.2890399170e+02 6.2894799805e+02
6.2951098633e+02 6.2953002930e+02 6.2954400635e+02 6.2953900146e+02 6.2948901367e+02 6.2943597412e+02 6.2943798828e+02 6.2947802734e+02 6.2949798584e+02 6.2947399902e+02 6.2938702393e+02 6.2921502686e+02 6.2897900391e+02 6.2872998047e+02 6.2860900879e+02 6.2863598633e+02 6.2877001953e+02 6.2899102783e+02 6.2920397949e+02 6.2936999512e+02 6.2951300049e+02 6.2960699463e+02 6.2949102783e+02 6.2933001709e+02 6.2923901367e+02 6.2920697021e+02 6.2918499756e+02 6.2916497803e+02 6.2914501953e+02 6.2908099365e+02 6.2900500488e+02 6.2892700195e+02 6.2887500000e+02 6.2884600830e+02 6.2881097412e+02 6.2875299072e+02 6.2866497803e+02 6.2862402344e+02 6.2861602783e+02 6.2859002686e+02 6.2856500244e+02 6.2859802246e+02 6.2865899658e+02 6.2871997070e+02 6.2875897217e+02 6.2880999756e+02
6.2930700684e+02 6.2933300781e+02 6.2934698486e+02 6.2934399414e+02 6.2932202148e+02 6.2930902100e+02 6.2933599854e+02 6.2936700439e+02 6.2936602783e+02 6.2933502197e+02 6.2925500488e+02 6.2909698486e+02 6.2889599609e+02 6.2864001465e+02 6.2847900391e+02 6.2846899414e+02 6.2860400391e+02 6.2882299805e+02 6.2902697754e+02 6.2914501953e+02 6.2919097900e+02 6.2928997803e+02 6.2923400879e+02 6.2914099121e+02 6.2906597900e+02 6.2906097412e+02 6.2906298828e+02 6.2905297852e+02 6.2901300049e+02 6.2894500732e+02 6.2886901855e+02 6.2880200195e+02 6.2874298096e+02 6.2871301270e+02 6.2869000244e+02 6.2865600586e+02 6.2861199951e+02 6.2860900879e+02 6.2858197021e+02 6.2850799561e+02 6.2843597412e+02 6.2845898438e+02 6.2852197266e+02 6.2859802246e+02 6.2864599609e+02 6.2869799805e+02
6.2913299561e+02 6.2914001465e+02 6.2914501953e+02 6.2915197754e+02 6.2915301514e+02 6.2916400146e+02 6.2925000000e+02 6.2932501221e+02 6.2926599121e+02 6.2916699219e+02 6.2909002686e+02 6.2898400879e+02 6.2880603027e+02 6.2857397461e+02 6.2840600586e+02 6.2837500000e+02 6.2847198486e+02 6.2870202637e+02 6.2888800049e+02 6.2894201660e+02 6.2896301270e+02 6.2898797607e+02 6.2896801758e+02 6.2894097900e+02 6.2892498779e+02 6.2894299316e+02 6.2896801758e+02 6.2896697998e+02 6.2890802002e+02 6.2881201172e+02 6.2877502441e+02 6.2876397705e+02 6.2870800781e+02 6.2862701416e+02 6.2857000732e+02 6.2854901123e+02 6.2855102539e+02 6.2857000732e+02 6.2852801514e+02 6.2844201660e+02 6.2838098145e+02 6.2836199951e+02 6.2840197754e+02 6.2851202393e+02 6.2860302734e+02 6.2859899902e+02
6.2898699951e+02 6.2898101807e+02 6.2898699951e+02 6.2900500488e+02 6.2902801514e+02 6.2908898926e+02 6.2918597412e+02 6.2921997070e+02 6.2907897949e+02 6.2894299316e+02 6.2890600586e+02 6.2884399414e+02 6.2869702148e+02 6.2847698975e+02 6.2829797363e+02 6.2824902344e+02 6.2831402588e+02 6.2856597900e+02 6.2877502441e+02 6.2882397461e+02 6.2883001709e+02 6.2882299805e+02 6.2880999756e+02 6.2879498291e+02 6.2878100586e+02 6.2879602051e+02 6.2882397461e+02 6.2883001709e+02 6.2878198242e+02 6.2870397949e+02 6.2868701172e+02 6.2868902588e+02 6.2863800049e+02 6.2853002930e+02 6.2845501709e+02 6.2844000244e+02 6.2846002197e+02 6.2847601318e+02 6.2845001221e+02 6.2839599609e+02 6.2834100342e+02 6.2828698730e+02 6.2830297852e+02 6.2840899658e+02 6.2851800537e+02 6.2848400879e+02
6.2885900879e+02 6.2885900879e+02 6.2888098145e+02 6.2891302490e+02 6.2894799805e+02 6.2902502441e+02 6.2907397461e+02 6.2904101563e+02 6.2888397217e+02 6.2879400635e+02 6.2879602051e+02 6.2874102783e+02 6.2858697510e+02 6.2834497070e+02 6.2814898682e+02 6.2810101318e+02 6.2818798828e+02 6.2845300293e+02 6.2868701172e+02 6.2876501465e+02 6.2876501465e+02 6.2874298096e+02 6.2870800781e+02 6.2866198730e+02 6.2862597656e+02 6.2862597656e+02 6.2864599609e+02 6.2865399170e+02 6.2863000488e+02 6.2857098389e+02 6.2853900146e+02 6.2851702881e+02 6.2846997070e+02 6.2836999512e+02 6.2830603027e+02 6.2830603027e+02 6.2833398438e+02 6.2833099365e+02 6.2832397461e+02 6.2831201172e+02 6.2827099609e+02 6.2821997070e+02 6.2824401855e+02 6.2833599854e+02 6.2842498779e+02 6.2837902832e+02
6.2874401855e+02 6.2877197266e+02 6.2882397461e+02 6.2886401367e+02 6.2887097168e+02 6.2889001465e+02 6.2886798096e+02 6.2880700684e+02 6.2873797607e+02 6.2877001953e+02 6.2874200439e+02 6.2864501953e+02 6.2846899414e+02 6.2816900635e+02 6.2796099854e+02 6.2793298340e+02 6.2809301758e+02 6.2836297607e+02 6.2860699463e+02 6.2871398926e+02 6.2869799805e+02 6.2869500732e+02 6.2862597656e+02 6.2853497314e+02 6.2847802734e+02 6.2846697998e+02 6.2847698975e+02 6.2848498535e+02 6.2847100830e+02 6.2840698242e+02 6.2834002686e+02 6.2829302979e+02 6.2828302002e+02 6.2817401123e+02 6.2812097168e+02 6.2814599609e+02 6.2819299316e+02 6.2815502930e+02 6.2815502930e+02 6.2816802979e+02 6.2814001465e+02 6.2816400146e+02 6.2822998047e+02 6.2832501221e+02 6.2834899902e+02 6.2825097656e+02
6.2864001465e+02 6.2869097900e+02 6.2874597168e+02 6.2875097656e+02 6.2870800781e+02 6.2867498779e+02 6.2859197998e+02 6.2853900146e+02 6.2857702637e+02 6.2871197510e+02 6.2864300537e+02 6.2849401855e+02 6.2833099365e+02 6.2803002930e+02 6.2780401611e+02 6.2775701904e+02 6.2791802979e+02 6.2826397705e+02 6.2853198242e+02 6.2864300537e+02 6.2866699219e+02 6.2864001465e+02 6.2851702881e+02 6.2838098145e+02 6.2829302979e+02 6.2826800537e+02 6.2826800537e+02 6.2826397705e+02 6.2822900391e+02 6.2816802979e+02 6.2808898926e+02 6.2803698730e+02 6.2805700684e+02 6.2798297119e+02 6.2792297363e+02 6.2794799805e+02 6.2799902344e+02 6.2797601318e+02 6.2799102783e+02 6.2802899170e+02 6.2807202148e+02 6.2813397217e+02 6.2825201416e+02 6.2837402344e+02 6.2838098145e+02 6.2833801270e+02
6.2851202393e+02 6.2857800293e+02 6.2863598633e+02 6.2862902832e+02 6.2856097412e+02 6.2850799561e+02 6.2844396973e+02 6.2845001221e+02 6.2851397705e+02 6.2866601563e+02 6.2859802246e+02 6.2844598389e+02 6.2826202393e+02 6.2793499756e+02 6.2766497803e+02 6.2760900879e+02 6.2783502197e+02 6.2824298096e+02 6.2842401123e+02 6.2844000244e+02 6.2848999023e+02 6.2842797852e+02 6.2830200195e+02 6.2818798828e+02 6.2810198975e+02 6.2803698730e+02 6.2801397705e+02 6.2800799561e+02 6.2797198486e+02 6.2792199707e+02 6.2785998535e+02 6.2782397461e+02 6.2787200928e+02 6.2785198975e+02 6.2785797119e+02 6.2791802979e+02 6.2798699951e+02 6.2802197266e+02 6.2806402588e+02 6.2812597656e+02 6.2821697998e+02 6.2828900146e+02 6.2836297607e+02 6.2844000244e+02 6.2846398926e+02 6.2851702881e+02
6.2836999512e+02 6.2845001221e+02 6.2851501465e+02 6.2851300049e+02 6.2845697021e+02 6.2840899658e+02 6.2836700439e+02 6.2838897705e+02 6.2843298340e+02 6.2853900146e+02 6.2851702881e+02 6.2840802002e+02 6.2817498779e+02 6.2777301025e+02 6.2745098877e+02 6.2742401123e+02 6.2775799561e+02 6.2816601563e+02 6.2824700928e+02 6.2816400146e+02 6.2820300293e+02 6.2814099121e+02 6.2805200195e+02 6.2798999023e+02 6.2791497803e+02 6.2781402588e+02 6.2777899170e+02 6.2779101563e+02 6.2778698730e+02 6.2778002930e+02 6.2777502441e+02 6.2779199219e+02 6.2787402344e+02 6.2792602539e+02 6.2799200439e+02 6.2806896973e+02 6.2812097168e+02 6.2819702148e+02 6.2825598145e+02 6.2832897949e+02 6.2842700195e+02 6.2846600342e+02 6.2846398926e+02 6.2847497559e+02 6.2849200439e+02 6.2855798340e+02
