TESTSERVER/8/1.asc
NCOLS 100
NROWS 100
XLLCORNER 7.8997500000e+03
YLLCORNER 2.8990025000e+05
CELLSIZE 5.0000000000e-01
NODATA_VALUE -9.9990000000e+03
[rows 60 to 79 of 100, columns 46 to 91 of 100]
6.2747900391e+02 6.2747601318e+02 6.2742999268e+02 6.2734698486e+02 6.2726599121e+02 6.2714398193e+02 6.2703802490e+02 6.2696899414e+02 6.2690399170e+02 6.2680200195e+02 6.2668798828e+02 6.2653802490e+02 6.2637902832e+02 6.2634197998e+02 6.2632598877e+02 6.2623901367e+02 6.2615100098e+02 6.2615301514e+02 6.2632800293e+02 6.2653601074e+02 6.2659698486e+02 6.2664202881e+02 6.2666900635e+02 6.2670599365e+02 6.2673602295e+02 6.2676300049e+02 6.2679901123e+02 6.2682897949e+02 6.2682702637e+02 6.2682202148e+02 6.2687701416e+02 6.2695898438e+02 6.2700897217e+02 6.2702600098e+02 6.2705297852e+02 6.2706701660e+02 6.2711999512e+02 6.2720001221e+02 6.2727099609e+02 6.2728198242e+02 6.2727801514e+02 6.2733300781e+02 6.2745098877e+02 6.2755499268e+02 6.2759100342e+02 6.2761199951e+02
6.2744396973e+02 6.2738897705e+02 6.2728302002e+02 6.2717999268e+02 6.2710601807e+02 6.2698602295e+02 6.2690197754e+02 6.2683300781e+02 6.2672497559e+02 6.2661401367e+02 6.2650701904e+02 6.2637200928e+02 6.2623699951e+02 6.2624499512e+02 6.2628698730e+02 6.2625097656e+02 6.2618200684e+02 6.2618103027e+02 6.2631597900e+02 6.2641802979e+02 6.2645697021e+02 6.2650598145e+02 6.2654797363e+02 6.2659301758e+02 6.2665399170e+02 6.2669598389e+02 6.2672601318e+02 6.2676898193e+02 6.2680999756e+02 6.2681500244e+02 6.2684197998e+02 6.2689599609e+02 6.2693902588e+02 6.2700598145e+02 6.2702899170e+02 6.2700299072e+02 6.2702398682e+02 6.2709899902e+02 6.2716699219e+02 6.2719897461e+02 6.2721899414e+02 6.2725897217e+02 6.2730798340e+02 6.2734698486e+02 6.2738000488e+02 6.2741101074e+02
6.2739697266e+02 6.2730603027e+02 6.2714599609e+02 6.2700897217e+02 6.2691497803e+02 6.2681201172e+02 6.2674499512e+02 6.2666900635e+02 6.2653497314e+02 6.2643298340e+02 6.2633898926e+02 6.2622497559e+02 6.2610797119e+02 6.2612097168e+02 6.2617297363e+02 6.2617498779e+02 6.2617700195e+02 6.2618701172e+02 6.2627099609e+02 6.2632598877e+02 6.2636199951e+02 6.2641900635e+02 6.2646697998e+02 6.2651098633e+02 6.2655297852e+02 6.2657702637e+02 6.2660101318e+02 6.2666101074e+02 6.2675000000e+02 6.2678900146e+02 6.2681402588e+02 6.2684802246e+02 6.2686798096e+02 6.2692797852e+02 6.2693597412e+02 6.2689697266e+02 6.2691699219e+02 6.2697900391e+02 6.2704400635e+02 6.2710498047e+02 6.2714501953e+02 6.2715502930e+02 6.2714801025e+02 6.2713702393e+02 6.2715802002e+02 6.2720599365e+02
6.2723602295e+02 6.2713598633e+02 6.2696899414e+02 6.2682202148e+02 6.2672100830e+02 6.2664398193e+02 6.2659002686e+02 6.2650402832e+02 6.2634899902e+02 6.2623999023e+02 6.2615698242e+02 6.2608001709e+02 6.2601800537e+02 6.2604302979e+02 6.2607800293e+02 6.2609698486e+02 6.2615600586e+02 6.2615997314e+02 6.2619702148e+02 6.2622698975e+02 6.2625799561e+02 6.2632501221e+02 6.2638000488e+02 6.2641601563e+02 6.2643902588e+02 6.2644897461e+02 6.2646600342e+02 6.2653002930e+02 6.2663598633e+02 6.2670697021e+02 6.2674298096e+02 6.2675500488e+02 6.2675097656e+02 6.2679699707e+02 6.2680603027e+02 6.2676702881e+02 6.2677899170e+02 6.2682098389e+02 6.2686499023e+02 6.2692602539e+02 6.2698297119e+02 6.2696697998e+02 6.2692602539e+02 6.2689599609e+02 6.2691699219e+02 6.2696801758e+02
6.2696697998e+02 6.2687902832e+02 6.2676599121e+02 6.2666400146e+02 6.2658300781e+02 6.2651898193e+02 6.2646301270e+02 6.2636199951e+02 6.2619201660e+02 6.2605603027e+02 6.2597100830e+02 6.2593597412e+02 6.2596502686e+02 6.2597998047e+02 6.2599102783e+02 6.2602301025e+02 6.2610101318e+02 6.2610302734e+02 6.2610797119e+02 6.2611798096e+02 6.2615899658e+02 6.2621301270e+02 6.2626202393e+02 6.2630401611e+02 6.2635797119e+02 6.2634600830e+02 6.2635797119e+02 6.2640301514e+02 6.2650097656e+02 6.2657000732e+02 6.2660900879e+02 6.2660699463e+02 6.2656097412e+02 6.2659997559e+02 6.2665301514e+02 6.2663397217e+02 6.2656799316e+02 6.2657397461e+02 6.2661901855e+02 6.2666900635e+02 6.2672601318e+02 6.2669299316e+02 6.2664599609e+02 6.2662500000e+02 6.2666601563e+02 6.2669097900e+02
6.2674298096e+02 6.2665002441e+02 6.2658502197e+02 6.2653497314e+02 6.2645202637e+02 6.2637500000e+02 6.2630902100e+02 6.2620599365e+02 6.2604901123e+02 6.2589801025e+02 6.2582501221e+02 6.2583398438e+02 6.2589599609e+02 6.2594396973e+02 6.2595098877e+02 6.2593701172e+02 6.2598199463e+02 6.2602502441e+02 6.2604901123e+02 6.2607501221e+02 6.2614697266e+02 6.2617297363e+02 6.2615502930e+02 6.2615899658e+02 6.2620397949e+02 6.2622900391e+02 6.2622302246e+02 6.2622802734e+02 6.2628198242e+02 6.2634997559e+02 6.2639599609e+02 6.2640301514e+02 6.2636602783e+02 6.2639398193e+02 6.2645898438e+02 6.2645800781e+02 6.2637402344e+02 6.2633197021e+02 6.2637402344e+02 6.2640899658e+02 6.2643103027e+02 6.2636700439e+02 6.2632897949e+02 6.2632000732e+02 6.2634002686e+02 6.2635498047e+02
6.2655401611e+02 6.2646099854e+02 6.2640197754e+02 6.2637500000e+02 6.2631799316e+02 6.2624200439e+02 6.2616302490e+02 6.2605603027e+02 6.2590002441e+02 6.2575897217e+02 6.2572302246e+02 6.2575799561e+02 6.2582000732e+02 6.2588098145e+02 6.2587500000e+02 6.2584399414e+02 6.2585601807e+02 6.2590197754e+02 6.2595098877e+02 6.2600500488e+02 6.2608599854e+02 6.2607397461e+02 6.2599102783e+02 6.2594299316e+02 6.2598297119e+02 6.2601202393e+02 6.2597900391e+02 6.2595300293e+02 6.2598999023e+02 6.2609002686e+02 6.2617700195e+02 6.2620202637e+02 6.2615301514e+02 6.2611401367e+02 6.2613598633e+02 6.2614300537e+02 6.2614398193e+02 6.2610699463e+02 6.2611297607e+02 6.2613702393e+02 6.2611401367e+02 6.2604797363e+02 6.2600897217e+02 6.2599798584e+02 6.2601397705e+02 6.2602099609e+02
6.2637701416e+02 6.2628302002e+02 6.2621197510e+02 6.2620397949e+02 6.2620599365e+02 6.2612597656e+02 6.2602502441e+02 6.2590600586e+02 6.2576000977e+02 6.2566198730e+02 6.2565600586e+02 6.2568402100e+02 6.2570800781e+02 6.2574499512e+02 6.2572399902e+02 6.2569799805e+02 6.2567199707e+02 6.2569097900e+02 6.2576599121e+02 6.2584802246e+02 6.2591601563e+02 6.2587097168e+02 6.2574499512e+02 6.2566400146e+02 6.2569500732e+02 6.2571197510e+02 6.2565997314e+02 6.2562298584e+02 6.2566998291e+02 6.2582800293e+02 6.2595501709e+02 6.2597998047e+02 6.2588800049e+02 6.2581896973e+02 6.2583099365e+02 6.2584600830e+02 6.2589898682e+02 6.2591699219e+02 6.2590698242e+02 6.2589202881e+02 6.2580200195e+02 6.2573797607e+02 6.2569500732e+02 6.2567999268e+02 6.2569097900e+02 6.2569500732e+02
6.2619702148e+02 6.2610998535e+02 6.2606097412e+02 6.2609399414e+02 6.2612799072e+02 6.2599902344e+02 6.2585699463e+02 6.2573101807e+02 6.2564801025e+02 6.2558599854e+02 6.2559100342e+02 6.2559600830e+02 6.2557098389e+02 6.2552301025e+02 6.2550000000e+02 6.2550097656e+02 6.2546099854e+02 6.2544097900e+02 6.2552301025e+02 6.2560998535e+02 6.2563897705e+02 6.2556597900e+02 6.2544201660e+02 6.2535900879e+02 6.2536901855e+02 6.2536297607e+02 6.2531799316e+02 6.2530499268e+02 6.2540899658e+02 6.2558001709e+02 6.2569500732e+02 6.2569799805e+02 6.2558898926e+02 6.2555603027e+02 6.2559600830e+02 6.2560699463e+02 6.2559301758e+02 6.2569799805e+02 6.2572497559e+02 6.2566998291e+02 6.2554199219e+02 6.2546002197e+02 6.2540899658e+02 6.2537799072e+02 6.2537402344e+02 6.2537200928e+02
6.2598999023e+02 6.2591802979e+02 6.2591101074e+02 6.2596697998e+02 6.2598199463e+02 6.2584497070e+02 6.2570001221e+02 6.2559399414e+02 6.2553601074e+02 6.2548602295e+02 6.2545098877e+02 6.2541302490e+02 6.2533197021e+02 6.2529302979e+02 6.2528698730e+02 6.2530603027e+02 6.2530700684e+02 6.2527502441e+02 6.2530798340e+02 6.2534002686e+02 6.2531298828e+02 6.2523297119e+02 6.2513598633e+02 6.2506298828e+02 6.2505999756e+02 6.2504400635e+02 6.2500701904e+02 6.2500799561e+02 6.2509698486e+02 6.2525897217e+02 6.2535797119e+02 6.2536901855e+02 6.2527801514e+02 6.2526397705e+02 6.2530401611e+02 6.2533398438e+02 6.2538702393e+02 6.2551202393e+02 6.2553100586e+02 6.2543798828e+02 6.2527801514e+02 6.2519396973e+02 6.2513201904e+02 6.2508898926e+02 6.2506097412e+02 6.2504302979e+02
6.2575799561e+02 6.2571502686e+02 6.2571997070e+02 6.2576501465e+02 6.2577502441e+02 6.2568798828e+02 6.2558197021e+02 6.2547998047e+02 6.2539300537e+02 6.2526898193e+02 6.2517102051e+02 6.2510601807e+02 6.2501397705e+02 6.2498901367e+02 6.2502899170e+02 6.2508801270e+02 6.2512597656e+02 6.2507397461e+02 6.2503497314e+02 6.2501202393e+02 6.2497900391e+02 6.2493597412e+02 6.2486602783e+02 6.2480798340e+02 6.2478601074e+02 6.2474902344e+02 6.2470001221e+02 6.2468499756e+02 6.2474798584e+02 6.2489001465e+02 6.2499200439e+02 6.2502801514e+02 6.2498602295e+02 6.2499902344e+02 6.2502398682e+02 6.2504797363e+02 6.2511700439e+02 6.2522802734e+02 6.2523199463e+02 6.2513299561e+02 6.2498101807e+02 6.2489599609e+02 6.2483300781e+02 6.2478399658e+02 6.2474401855e+02 6.2471398926e+02
6.2553198242e+02 6.2550799561e+02 6.2550097656e+02 6.2551898193e+02 6.2553802490e+02 6.2551098633e+02 6.2543200684e+02 6.2531201172e+02 6.2516900635e+02 6.2496899414e+02 6.2484997559e+02 6.2481097412e+02 6.2475598145e+02 6.2473999023e+02 6.2478698730e+02 6.2483001709e+02 6.2480603027e+02 6.2470697021e+02 6.2464898682e+02 6.2463800049e+02 6.2464801025e+02 6.2463098145e+02 6.2459100342e+02 6.2455401611e+02 6.2451501465e+02 6.2445397949e+02 6.2439300537e+02 6.2435699463e+02 6.2438201904e+02 6.2450402832e+02 6.2461297607e+02 6.2468103027e+02 6.2470599365e+02 6.2473101807e+02 6.2472198486e+02 6.2470800781e+02 6.2474298096e+02 6.2482800293e+02 6.2482897949e+02 6.2475201416e+02 6.2464501953e+02 6.2457299805e+02 6.2451202393e+02 6.2446197510e+02 6.2441601563e+02 6.2438000488e+02
6.2532098389e+02 6.2527301025e+02 6.2523297119e+02 6.2522399902e+02 6.2526098633e+02 6.2529199219e+02 6.2521002197e+02 6.2505700684e+02 6.2486999512e+02 6.2468499756e+02 6.2459802246e+02 6.2460198975e+02 6.2461999512e+02 6.2461798096e+02 6.2457897949e+02 6.2452502441e+02 6.2442700195e+02 6.2432598877e+02 6.2429400635e+02 6.2430902100e+02 6.2430401611e+02 6.2427502441e+02 6.2425799561e+02 6.2424798584e+02 6.2422198486e+02 6.2415997314e+02 6.2410198975e+02 6.2405798340e+02 6.2406097412e+02 6.2413397217e+02 6.2424102783e+02 6.2433599854e+02 6.2439697266e+02 6.2439501953e+02 6.2436700439e+02 6.2434301758e+02 6.2433300781e+02 6.2436199951e+02 6.2437298584e+02 6.2434197998e+02 6.2428198242e+02 6.2421502686e+02 6.2415997314e+02 6.2410998535e+02 6.2406402588e+02 6.2404101563e+02
6.2510699463e+02 6.2500097656e+02 6.2492297363e+02 6.2490399170e+02 6.2496801758e+02 6.2500598145e+02 6.2491400146e+02 6.2473901367e+02 6.2454699707e+02 6.2442602539e+02 6.2438397217e+02 6.2440899658e+02 6.2445800781e+02 6.2448901367e+02 6.2431201172e+02 6.2409802246e+02 6.2394299316e+02 6.2390502930e+02 6.2397601318e+02 6.2401800537e+02 6.2395397949e+02 6.2390502930e+02 6.2389300537e+02 6.2389398193e+02 6.2386901855e+02 6.2382501221e+02 6.2378399658e+02 6.2375701904e+02 6.2374401855e+02 6.2382202148e+02 6.2392102051e+02 6.2400000000e+02 6.2401300049e+02 6.2398602295e+02 6.2397100830e+02 6.2397900391e+02 6.2397399902e+02 6.2398297119e+02 6.2397900391e+02 6.2395202637e+02 6.2388702393e+02 6.2382299805e+02 6.2378198242e+02 6.2374298096e+02 6.2370800781e+02 6.2368499756e+02
6.2486798096e+02 6.2473498535e+02 6.2463397217e+02 6.2460699463e+02 6.2466601563e+02 6.2470599365e+02 6.2463702393e+02 6.2448199463e+02 6.2431597900e+02 6.2423999023e+02 6.2421197510e+02 6.2423400879e+02 6.2425598145e+02 6.2421600342e+02 6.2396099854e+02 6.2375097656e+02 6.2361700439e+02 6.2354998779e+02 6.2359802246e+02 6.2361999512e+02 6.2358099365e+02 6.2354302979e+02 6.2353302002e+02 6.2354199219e+02 6.2352398682e+02 6.2348901367e+02 6.2345800781e+02 6.2343103027e+02 6.2341101074e+02 6.2347601318e+02 6.2356201172e+02 6.2362597656e+02 6.2362902832e+02 6.2359497070e+02 6.2356597900e+02 6.2356201172e+02 6.2356799316e+02 6.2355999756e+02 6.2353399658e+02 6.2350402832e+02 6.2346398926e+02 6.2342602539e+02 6.2339898682e+02 6.2337298584e+02 6.2334802246e+02 6.2332702637e+02
6.2461602783e+02 6.2447802734e+02 6.2436199951e+02 6.2431500244e+02 6.2434497070e+02 6.2439898682e+02 6.2438800049e+02 6.2428399658e+02 6.2413201904e+02 6.2404498291e+02 6.2399700928e+02 6.2398999023e+02 6.2395599365e+02 6.2378399658e+02 6.2356402588e+02 6.2347302246e+02 6.2339801025e+02 6.2327600098e+02 6.2322100830e+02 6.2319201660e+02 6.2319201660e+02 6.2315899658e+02 6.2315197754e+02 6.2317901611e+02 6.2319799805e+02 6.2318200684e+02 6.2315399170e+02 6.2311297607e+02 6.2306201172e+02 6.2309600830e+02 6.2316900635e+02 6.2323297119e+02 6.2325799561e+02 6.2324700928e+02 6.2321502686e+02 6.2319097900e+02 6.2316198730e+02 6.2311901855e+02 6.2307202148e+02 6.2303802490e+02 6.2302899170e+02 6.2302301025e+02 6.2301000977e+02 6.2299798584e+02 6.2298199463e+02 6.2296600342e+02
6.2435900879e+02 6.2421997070e+02 6.2409698486e+02 6.2401300049e+02 6.2398199463e+02 6.2403302002e+02 6.2410101318e+02 6.2406298828e+02 6.2388000488e+02 6.2378100586e+02 6.2372601318e+02 6.2369799805e+02 6.2363598633e+02 6.2344598389e+02 6.2330499268e+02 6.2324401855e+02 6.2315997314e+02 6.2304101563e+02 6.2292797852e+02 6.2285498047e+02 6.2280999756e+02 6.2277197266e+02 6.2276800537e+02 6.2282000732e+02 6.2289300537e+02 6.2289300537e+02 6.2285900879e+02 6.2279302979e+02 6.2271099854e+02 6.2271002197e+02 6.2277600098e+02 6.2285198975e+02 6.2289697266e+02 6.2292102051e+02 6.2293402100e+02 6.2291900635e+02 6.2284899902e+02 6.2270599365e+02 6.2263702393e+02 6.2260498047e+02 6.2261602783e+02 6.2261700439e+02 6.2261999512e+02 6.2262200928e+02 6.2261700439e+02 6.2259899902e+02
6.2414697266e+02 6.2398901367e+02 6.2382897949e+02 6.2369000244e+02 6.2353399658e+02 6.2354498291e+02 6.2372302246e+02 6.2381402588e+02 6.2365997314e+02 6.2357202148e+02 6.2352197266e+02 6.2346801758e+02 6.2338800049e+02 6.2323199463e+02 6.2313897705e+02 6.2311199951e+02 6.2293798828e+02 6.2276098633e+02 6.2264398193e+02 6.2256799316e+02 6.2251098633e+02 6.2244299316e+02 6.2242797852e+02 6.2248101807e+02 6.2256500244e+02 6.2258398438e+02 6.2254400635e+02 6.2247399902e+02 6.2240002441e+02 6.2239599609e+02 6.2246899414e+02 6.2254302979e+02 6.2254498291e+02 6.2252099609e+02 6.2252600098e+02 6.2253601074e+02 6.2248297119e+02 6.2236700439e+02 6.2228900146e+02 6.2224700928e+02 6.2223400879e+02 6.2222601318e+02 6.2222198486e+02 6.2222399902e+02 6.2222998047e+02 6.2222900391e+02
6.2388201904e+02 6.2371697998e+02 6.2353399658e+02 6.2333599854e+02 6.2310797119e+02 6.2305798340e+02 6.2319000244e+02 6.2331799316e+02 6.2331097412e+02 6.2333502197e+02 6.2330200195e+02 6.2322802734e+02 6.2312701416e+02 6.2299798584e+02 6.2285302734e+02 6.2275299072e+02 6.2257598877e+02 6.2244500732e+02 6.2235400391e+02 6.2227697754e+02 6.2221899414e+02 6.2214599609e+02 6.2213098145e+02 6.2218298340e+02 6.2226702881e+02 6.2227697754e+02 6.2222802734e+02 6.2215502930e+02 6.2210101318e+02 6.2210498047e+02 6.2216302490e+02 6.2221398926e+02 6.2218701172e+02 6.2212701416e+02 6.2210101318e+02 6.2209899902e+02 6.2208398438e+02 6.2200000000e+02 6.2193200684e+02 6.2189300537e+02 6.2186901855e+02 6.2185101318e+02 6.2184301758e+02 6.2184301758e+02 6.2185601807e+02 6.2186401367e+02
6.2354602051e+02 6.2340100098e+02 6.2323901367e+02 6.2303399658e+02 6.2281500244e+02 6.2273101807e+02 6.2271099854e+02 6.2273699951e+02 6.2281500244e+02 6.2290002441e+02 6.2288098145e+02 6.2285101318e+02 6.2282800293e+02 6.2275897217e+02 6.2256896973e+02 6.2240802002e+02 6.2224597168e+02 6.2218499756e+02 6.2210400391e+02 6.2200402832e+02 6.2193499756e+02 6.2187097168e+02 6.2186297607e+02 6.2191802979e+02 6.2198901367e+02 6.2197601318e+02 6.2191699219e+02 6.2184399414e+02 6.2179901123e+02 6.2180102539e+02 6.2183801270e+02 6.2185900879e+02 6.2181799316e+02 6.2175897217e+02 6.2170501709e+02 6.2166802979e+02 6.2165399170e+02 6.2159698486e+02 6.2155102539e+02 6.2153002930e+02 6.2151098633e+02 6.2148797607e+02 6.2148101807e+02 6.2148297119e+02 6.2149798584e+02 6.2150799561e+02
