TESTSERVER/8/10.asc
NCOLS 100
NROWS 100
XLLCORNER 7.8997500000e+03
YLLCORNER 2.8945025000e+05
CELLSIZE 5.0000000000e-01
NODATA_VALUE -9.9990000000e+03
[rows 40 to 59 of 100, columns 46 to 91 of 100]
5.7307000732e+02 5.7287200928e+02 5.7243402100e+02 5.7197698975e+02 5.7130798340e+02 5.7061901855e+02 5.7017498779e+02 5.6984002686e+02 5.6946600342e+02 5.6905902100e+02 5.6877398682e+02 5.6849902344e+02 5.6818103027e+02 5.6782897949e+02 5.6746502686e+02 5.6709802246e+02 5.6676000977e+02 5.6633801270e+02 5.6555999756e+02 5.6483697510e+02 5.6458801270e+02 5.6433398438e+02 5.6372302246e+02 5.6311901855e+02 5.6287701416e+02 5.6287298584e+02 5.6279699707e+02 5.6271801758e+02 5.6263500977e+02 5.6254998779e+02 5.6246398926e+02 5.6237701416e+02 5.6228802490e+02 5.6220397949e+02 5.6211602783e+02 5.6202899170e+02 5.6194299316e+02 5.6185302734e+02 5.6176300049e+02 5.6167199707e+02 5.6157598877e+02 5.6148400879e+02 5.6139099121e+02 5.6129901123e+02 5.6121099854e+02 5.6111999512e+02
5.7299597168e+02 5.7288702393e+02 5.7270697021e+02 5.7259399414e+02 5.7172100830e+02 5.7070697021e+02 5.7021301270e+02 5.6986199951e+02 5.6949499512e+02 5.6912799072e+02 5.6884698486e+02 5.6854400635e+02 5.6819897461e+02 5.6786602783e+02 5.6754998779e+02 5.6718597412e+02 5.6671099854e+02 5.6635998535e+02 5.6589501953e+02 5.6512799072e+02 5.6436602783e+02 5.6426898193e+02 5.6385601807e+02 5.6324902344e+02 5.6290802002e+02 5.6286798096e+02 5.6279498291e+02 5.6272198486e+02 5.6264801025e+02 5.6256500244e+02 5.6247900391e+02 5.6239099121e+02 5.6230499268e+02 5.6222198486e+02 5.6213500977e+02 5.6204901123e+02 5.6196099854e+02 5.6186999512e+02 5.6178002930e+02 5.6168902588e+02 5.6159399414e+02 5.6149798584e+02 5.6140802002e+02 5.6131896973e+02 5.6123297119e+02 5.6114202881e+02
5.7298297119e+02 5.7289202881e+02 5.7275000000e+02 5.7257702637e+02 5.7171697998e+02 5.7070800781e+02 5.7026300049e+02 5.6989300537e+02 5.6949798584e+02 5.6915802002e+02 5.6888397217e+02 5.6858398438e+02 5.6825799561e+02 5.6794201660e+02 5.6760198975e+02 5.6723498535e+02 5.6678900146e+02 5.6639501953e+02 5.6605603027e+02 5.6539599609e+02 5.6429498291e+02 5.6414501953e+02 5.6392199707e+02 5.6343798828e+02 5.6296301270e+02 5.6287597656e+02 5.6280499268e+02 5.6273498535e+02 5.6266497803e+02 5.6258300781e+02 5.6249700928e+02 5.6240997314e+02 5.6232397461e+02 5.6224102783e+02 5.6215399170e+02 5.6206701660e+02 5.6197802734e+02 5.6188800049e+02 5.6179901123e+02 5.6170898438e+02 5.6161401367e+02 5.6151898193e+02 5.6142999268e+02 5.6134301758e+02 5.6125701904e+02 5.6116601563e+02
5.7299499512e+02 5.7290502930e+02 5.7257000732e+02 5.7202899170e+02 5.7130999756e+02 5.7062298584e+02 5.7033398438e+02 5.6997998047e+02 5.6957897949e+02 5.6926898193e+02 5.6897100830e+02 5.6864300537e+02 5.6830200195e+02 5.6798699951e+02 5.6762701416e+02 5.6725097656e+02 5.6690997314e+02 5.6648602295e+02 5.6610498047e+02 5.6556896973e+02 5.6444500732e+02 5.6398498535e+02 5.6379901123e+02 5.6346899414e+02 5.6300500488e+02 5.6289300537e+02 5.6282202148e+02 5.6275402832e+02 5.6268499756e+02 5.6260198975e+02 5.6251702881e+02 5.6242999268e+02 5.6234301758e+02 5.6225897217e+02 5.6217199707e+02 5.6208502197e+02 5.6199700928e+02 5.6190802002e+02 5.6181896973e+02 5.6172998047e+02 5.6163598633e+02 5.6154302979e+02 5.6145501709e+02 5.6136901855e+02 5.6128399658e+02 5.6119396973e+02
5.7294702148e+02 5.7283801270e+02 5.7244201660e+02 5.7175299072e+02 5.7109802246e+02 5.7068597412e+02 5.7045202637e+02 5.7009899902e+02 5.6970001221e+02 5.6940301514e+02 5.6909802246e+02 5.6875097656e+02 5.6836700439e+02 5.6802697754e+02 5.6767102051e+02 5.6730902100e+02 5.6702398682e+02 5.6661798096e+02 5.6611401367e+02 5.6559497070e+02 5.6489099121e+02 5.6398199463e+02 5.6362500000e+02 5.6346398926e+02 5.6308502197e+02 5.6290698242e+02 5.6283502197e+02 5.6277801514e+02 5.6271801758e+02 5.6262597656e+02 5.6254199219e+02 5.6245501709e+02 5.6236499023e+02 5.6227502441e+02 5.6218798828e+02 5.6210101318e+02 5.6201501465e+02 5.6192797852e+02 5.6184100342e+02 5.6175299072e+02 5.6166497803e+02 5.6157202148e+02 5.6148498535e+02 5.6140002441e+02 5.6132000732e+02 5.6122900391e+02
5.7288299561e+02 5.7276898193e+02 5.7238299561e+02 5.7164300537e+02 5.7105297852e+02 5.7070898438e+02 5.7051300049e+02 5.7021099854e+02 5.6980297852e+02 5.6950799561e+02 5.6918902588e+02 5.6884002686e+02 5.6847399902e+02 5.6809802246e+02 5.6773999023e+02 5.6740100098e+02 5.6711199951e+02 5.6676397705e+02 5.6625897217e+02 5.6560998535e+02 5.6507098389e+02 5.6417700195e+02 5.6344897461e+02 5.6333697510e+02 5.6311700439e+02 5.6291601563e+02 5.6285101318e+02 5.6281097412e+02 5.6274700928e+02 5.6265197754e+02 5.6256799316e+02 5.6247900391e+02 5.6238598633e+02 5.6229302979e+02 5.6220599365e+02 5.6211901855e+02 5.6203497314e+02 5.6195098877e+02 5.6186499023e+02 5.6177801514e+02 5.6169000244e+02 5.6160400391e+02 5.6151898193e+02 5.6143402100e+02 5.6135198975e+02 5.6126397705e+02
5.7283197021e+02 5.7273602295e+02 5.7250598145e+02 5.7179498291e+02 5.7107501221e+02 5.7071600342e+02 5.7054199219e+02 5.7032501221e+02 5.6996899414e+02 5.6963897705e+02 5.6929199219e+02 5.6895898438e+02 5.6861499023e+02 5.6816802979e+02 5.6779998779e+02 5.6747198486e+02 5.6719201660e+02 5.6690002441e+02 5.6638598633e+02 5.6565600586e+02 5.6513201904e+02 5.6438598633e+02 5.6339801025e+02 5.6304602051e+02 5.6302099609e+02 5.6290301514e+02 5.6285498047e+02 5.6282897949e+02 5.6277301025e+02 5.6267797852e+02 5.6259197998e+02 5.6250299072e+02 5.6240802002e+02 5.6231402588e+02 5.6222601318e+02 5.6213897705e+02 5.6205499268e+02 5.6197198486e+02 5.6188702393e+02 5.6180200195e+02 5.6171600342e+02 5.6163299561e+02 5.6154901123e+02 5.6146600342e+02 5.6138397217e+02 5.6129602051e+02
5.7277899170e+02 5.7264599609e+02 5.7257299805e+02 5.7195397949e+02 5.7113299561e+02 5.7078900146e+02 5.7057397461e+02 5.7040100098e+02 5.7016400146e+02 5.6979797363e+02 5.6941802979e+02 5.6907702637e+02 5.6872302246e+02 5.6824102783e+02 5.6787597656e+02 5.6754602051e+02 5.6723901367e+02 5.6694000244e+02 5.6639599609e+02 5.6569097900e+02 5.6519097900e+02 5.6474798584e+02 5.6369299316e+02 5.6299102783e+02 5.6293103027e+02 5.6287200928e+02 5.6284802246e+02 5.6284197998e+02 5.6279699707e+02 5.6270300293e+02 5.6261700439e+02 5.6252600098e+02 5.6242901611e+02 5.6233398438e+02 5.6224499512e+02 5.6215802002e+02 5.6207501221e+02 5.6199401855e+02 5.6190997314e+02 5.6182702637e+02 5.6174200439e+02 5.6166101074e+02 5.6157897949e+02 5.6149798584e+02 5.6141699219e+02 5.6133099365e+02
5.7274700928e+02 5.7260998535e+02 5.7252099609e+02 5.7199597168e+02 5.7120697021e+02 5.7089801025e+02 5.7061401367e+02 5.7043200684e+02 5.7032299805e+02 5.6995800781e+02 5.6954498291e+02 5.6913500977e+02 5.6870898438e+02 5.6831597900e+02 5.6797998047e+02 5.6763299561e+02 5.6731097412e+02 5.6695202637e+02 5.6636700439e+02 5.6575799561e+02 5.6528601074e+02 5.6496197510e+02 5.6398901367e+02 5.6296600342e+02 5.6285900879e+02 5.6285101318e+02 5.6285302734e+02 5.6285699463e+02 5.6282501221e+02 5.6273602295e+02 5.6264801025e+02 5.6255200195e+02 5.6245300293e+02 5.6235498047e+02 5.6226501465e+02 5.6217797852e+02 5.6209899902e+02 5.6201702881e+02 5.6193499756e+02 5.6185302734e+02 5.6177502441e+02 5.6169000244e+02 5.6160900879e+02 5.6152899170e+02 5.6145202637e+02 5.6136700439e+02
5.7272100830e+02 5.7256500244e+02 5.7249902344e+02 5.7209399414e+02 5.7129901123e+02 5.7097900391e+02 5.7069299316e+02 5.7048602295e+02 5.7032598877e+02 5.7002099609e+02 5.6961999512e+02 5.6914898682e+02 5.6871197510e+02 5.6837402344e+02 5.6805603027e+02 5.6769000244e+02 5.6730603027e+02 5.6693200684e+02 5.6641601563e+02 5.6593402100e+02 5.6544500732e+02 5.6501000977e+02 5.6416900635e+02 5.6303002930e+02 5.6282598877e+02 5.6286297607e+02 5.6287298584e+02 5.6288201904e+02 5.6285198975e+02 5.6276599121e+02 5.6267999268e+02 5.6258300781e+02 5.6247302246e+02 5.6237298584e+02 5.6228399658e+02 5.6219897461e+02 5.6211901855e+02 5.6203900146e+02 5.6195898438e+02 5.6187902832e+02 5.6180102539e+02 5.6171997070e+02 5.6164099121e+02 5.6156402588e+02 5.6148699951e+02 5.6140301514e+02
5.7270202637e+02 5.7255999756e+02 5.7252801514e+02 5.7230999756e+02 5.7151800537e+02 5.7108001709e+02 5.7079101563e+02 5.7051000977e+02 5.7031298828e+02 5.7012097168e+02 5.6973797607e+02 5.6920300293e+02 5.6872998047e+02 5.6838897705e+02 5.6809399414e+02 5.6772698975e+02 5.6728900146e+02 5.6687902832e+02 5.6645599365e+02 5.6604199219e+02 5.6548797607e+02 5.6503302002e+02 5.6456701660e+02 5.6357702637e+02 5.6285101318e+02 5.6286999512e+02 5.6288000488e+02 5.6288702393e+02 5.6285998535e+02 5.6277502441e+02 5.6269396973e+02 5.6259997559e+02 5.6248797607e+02 5.6238702393e+02 5.6229901123e+02 5.6221600342e+02 5.6213702393e+02 5.6205798340e+02 5.6197802734e+02 5.6190100098e+02 5.6182397461e+02 5.6174700928e+02 5.6167102051e+02 5.6159698486e+02 5.6152197266e+02 5.6144201660e+02
5.7266900635e+02 5.7252899170e+02 5.7248199463e+02 5.7246801758e+02 5.7185302734e+02 5.7124902344e+02 5.7092199707e+02 5.7056097412e+02 5.7032202148e+02 5.7018701172e+02 5.6981896973e+02 5.6928198242e+02 5.6881097412e+02 5.6843103027e+02 5.6812402344e+02 5.6776397705e+02 5.6731597900e+02 5.6688299561e+02 5.6652197266e+02 5.6612701416e+02 5.6553698730e+02 5.6499700928e+02 5.6466302490e+02 5.6386602783e+02 5.6287200928e+02 5.6286901855e+02 5.6287097168e+02 5.6286700439e+02 5.6284497070e+02 5.6277197266e+02 5.6269500732e+02 5.6260601807e+02 5.6249597168e+02 5.6239501953e+02 5.6230999756e+02 5.6222802734e+02 5.6215002441e+02 5.6207098389e+02 5.6199401855e+02 5.6191900635e+02 5.6184399414e+02 5.6177001953e+02 5.6169799805e+02 5.6162701416e+02 5.6155700684e+02 5.6148199463e+02
5.7265802002e+02 5.7253100586e+02 5.7240399170e+02 5.7239801025e+02 5.7209698486e+02 5.7136602783e+02 5.7102697754e+02 5.7067700195e+02 5.7035900879e+02 5.7016802979e+02 5.6978802490e+02 5.6930700684e+02 5.6891302490e+02 5.6850299072e+02 5.6813397217e+02 5.6778698730e+02 5.6742999268e+02 5.6698699951e+02 5.6660900879e+02 5.6620098877e+02 5.6571099854e+02 5.6505200195e+02 5.6455999756e+02 5.6396301270e+02 5.6309698486e+02 5.6280499268e+02 5.6281701660e+02 5.6284399414e+02 5.6280401611e+02 5.6276300049e+02 5.6269500732e+02 5.6261102295e+02 5.6250097656e+02 5.6239898682e+02 5.6231500244e+02 5.6223498535e+02 5.6215600586e+02 5.6208099365e+02 5.6200701904e+02 5.6193298340e+02 5.6185498047e+02 5.6178399658e+02 5.6171801758e+02 5.6165600586e+02 5.6159497070e+02 5.6152001953e+02
5.7266601563e+02 5.7251800537e+02 5.7236700439e+02 5.7228997803e+02 5.7207098389e+02 5.7138397217e+02 5.7108300781e+02 5.7073199463e+02 5.7036499023e+02 5.7016101074e+02 5.6976098633e+02 5.6932000732e+02 5.6896398926e+02 5.6855902100e+02 5.6815600586e+02 5.6778997803e+02 5.6744000244e+02 5.6704602051e+02 5.6661999512e+02 5.6618103027e+02 5.6572198486e+02 5.6512298584e+02 5.6460400391e+02 5.6419799805e+02 5.6353302002e+02 5.6287298584e+02 5.6274597168e+02 5.6280102539e+02 5.6276702881e+02 5.6272698975e+02 5.6267602539e+02 5.6260400391e+02 5.6249902344e+02 5.6239898682e+02 5.6231500244e+02 5.6223400879e+02 5.6215698242e+02 5.6208300781e+02 5.6201098633e+02 5.6193902588e+02 5.6186499023e+02 5.6179498291e+02 5.6173602295e+02 5.6167999268e+02 5.6162500000e+02 5.6155798340e+02
5.7267199707e+02 5.7249298096e+02 5.7233502197e+02 5.7224401855e+02 5.7208300781e+02 5.7142700195e+02 5.7107098389e+02 5.7077099609e+02 5.7036297607e+02 5.7012402344e+02 5.6970800781e+02 5.6928802490e+02 5.6894897461e+02 5.6852001953e+02 5.6811102295e+02 5.6777899170e+02 5.6746398926e+02 5.6703900146e+02 5.6658001709e+02 5.6612500000e+02 5.6566198730e+02 5.6512097168e+02 5.6455999756e+02 5.6415698242e+02 5.6373199463e+02 5.6293798828e+02 5.6269799805e+02 5.6273602295e+02 5.6272399902e+02 5.6268902588e+02 5.6265100098e+02 5.6259301758e+02 5.6249902344e+02 5.6240002441e+02 5.6231597900e+02 5.6223498535e+02 5.6215802002e+02 5.6208599854e+02 5.6201501465e+02 5.6194500732e+02 5.6187500000e+02 5.6181201172e+02 5.6175500488e+02 5.6170300293e+02 5.6165502930e+02 5.6160101318e+02
5.7265197754e+02 5.7242498779e+02 5.7225201416e+02 5.7214599609e+02 5.7205700684e+02 5.7153399658e+02 5.7108801270e+02 5.7084698486e+02 5.7039599609e+02 5.7004901123e+02 5.6965399170e+02 5.6926898193e+02 5.6891302490e+02 5.6846697998e+02 5.6806597900e+02 5.6776702881e+02 5.6746502686e+02 5.6697802734e+02 5.6647601318e+02 5.6599499512e+02 5.6553802490e+02 5.6508697510e+02 5.6453100586e+02 5.6408599854e+02 5.6374700928e+02 5.6296600342e+02 5.6267797852e+02 5.6269000244e+02 5.6268402100e+02 5.6265301514e+02 5.6262597656e+02 5.6258197021e+02 5.6250097656e+02 5.6240197754e+02 5.6231799316e+02 5.6223699951e+02 5.6215997314e+02 5.6209002686e+02 5.6202001953e+02 5.6195202637e+02 5.6188598633e+02 5.6182897949e+02 5.6177502441e+02 5.6172802734e+02 5.6168499756e+02 5.6164501953e+02
5.7263098145e+02 5.7234698486e+02 5.7216699219e+02 5.7205102539e+02 5.7198199463e+02 5.7172399902e+02 5.7123602295e+02 5.7098999023e+02 5.7064202881e+02 5.7007598877e+02 5.6963500977e+02 5.6924401855e+02 5.6879901123e+02 5.6836199951e+02 5.6797302246e+02 5.6763500977e+02 5.6731597900e+02 5.6682397461e+02 5.6632598877e+02 5.6585302734e+02 5.6542401123e+02 5.6503100586e+02 5.6453002930e+02 5.6405297852e+02 5.6360400391e+02 5.6293798828e+02 5.6263397217e+02 5.6263098145e+02 5.6264398193e+02 5.6261602783e+02 5.6259802246e+02 5.6256896973e+02 5.6251300049e+02 5.6240802002e+02 5.6232202148e+02 5.6223901367e+02 5.6216198730e+02 5.6209497070e+02 5.6202697754e+02 5.6196301270e+02 5.6190399170e+02 5.6184600830e+02 5.6179797363e+02 5.6175598145e+02 5.6172399902e+02 5.6169299316e+02
5.7262097168e+02 5.7232202148e+02 5.7214697266e+02 5.7201300049e+02 5.7192401123e+02 5.7179498291e+02 5.7130499268e+02 5.7094201660e+02 5.7068402100e+02 5.7007598877e+02 5.6960101318e+02 5.6916998291e+02 5.6866900635e+02 5.6826501465e+02 5.6789697266e+02 5.6746197510e+02 5.6709399414e+02 5.6663098145e+02 5.6615100098e+02 5.6575701904e+02 5.6537597656e+02 5.6497100830e+02 5.6452197266e+02 5.6405798340e+02 5.6352001953e+02 5.6292199707e+02 5.6261798096e+02 5.6259301758e+02 5.6260498047e+02 5.6256799316e+02 5.6254998779e+02 5.6253399658e+02 5.6249499512e+02 5.6240997314e+02 5.6232800293e+02 5.6224700928e+02 5.6217199707e+02 5.6210400391e+02 5.6203997803e+02 5.6197998047e+02 5.6192199707e+02 5.6186700439e+02 5.6182299805e+02 5.6178802490e+02 5.6176202393e+02 5.6174200439e+02
5.7261297607e+02 5.7233599854e+02 5.7213000488e+02 5.7194500732e+02 5.7180102539e+02 5.7178997803e+02 5.7142199707e+02 5.7084802246e+02 5.7047601318e+02 5.7002301025e+02 5.6962402344e+02 5.6913000488e+02 5.6859002686e+02 5.6823602295e+02 5.6789801025e+02 5.6741601563e+02 5.6701800537e+02 5.6656799316e+02 5.6610699463e+02 5.6574200439e+02 5.6534899902e+02 5.6493597412e+02 5.6453900146e+02 5.6409301758e+02 5.6353698730e+02 5.6298797607e+02 5.6264398193e+02 5.6255297852e+02 5.6255798340e+02 5.6252697754e+02 5.6250799561e+02 5.6249499512e+02 5.6247302246e+02 5.6240197754e+02 5.6232501221e+02 5.6225097656e+02 5.6217700195e+02 5.6210998535e+02 5.6204797363e+02 5.6199102783e+02 5.6193499756e+02 5.6188299561e+02 5.6184197998e+02 5.6180902100e+02 5.6179199219e+02 5.6177899170e+02
5.7263598633e+02 5.7235400391e+02 5.7210101318e+02 5.7188299561e+02 5.7168200684e+02 5.7169000244e+02 5.7145397949e+02 5.7076000977e+02 5.7030902100e+02 5.6998199463e+02 5.6960601807e+02 5.6907000732e+02 5.6858099365e+02 5.6826000977e+02 5.6793597412e+02 5.6746002197e+02 5.6705999756e+02 5.6666497803e+02 5.6621502686e+02 5.6580102539e+02 5.6535998535e+02 5.6496099854e+02 5.6458801270e+02 5.6417999268e+02 5.6370001221e+02 5.6314202881e+02 5.6271502686e+02 5.6253399658e+02 5.6251098633e+02 5.6248901367e+02 5.6246600342e+02 5.6245599365e+02 5.6244598389e+02 5.6238800049e+02 5.6231896973e+02 5.6224902344e+02 5.6217700195e+02 5.6210900879e+02 5.6204998779e+02 5.6199597168e+02 5.6194299316e+02 5.6189099121e+02 5.6185198975e+02 5.6182098389e+02 5.6180902100e+02 5.6179797363e+02
