TESTSERVER/8/10.asc
NCOLS 100
NROWS 100
XLLCORNER 7.8997500000e+03
YLLCORNER 2.8945025000e+05
CELLSIZE 5.0000000000e-01
NODATA_VALUE -9.9990000000e+03
[rows 20 to 39 of 100, columns 0 to 45 of 100]
5.7919000244e+02 5.7916400146e+02 5.7911401367e+02 5.7908300781e+02 5.7906097412e+02 5.7905798340e+02 5.7909899902e+02 5.7911499023e+02 5.7909002686e+02 5.7905603027e+02 5.7904797363e+02 5.7903497314e+02 5.7901898193e+02 5.7897802734e+02 5.7894299316e+02 5.7888800049e+02 5.7885101318e+02 5.7879498291e+02 5.7870501709e+02 5.7864599609e+02 5.7860797119e+02 5.7860797119e+02 5.7862097168e+02 5.7864300537e+02 5.7868298340e+02 5.7867297363e+02 5.7857000732e+02 5.7825000000e+02 5.7794000244e+02 5.7762500000e+02 5.7728900146e+02 5.7697698975e+02 5.7668902588e+02 5.7634301758e+02 5.7592297363e+02 5.7549298096e+02 5.7506298828e+02 5.7462402344e+02 5.7412402344e+02 5.7349401855e+02 5.7299597168e+02 5.7263098145e+02 5.7232800293e+02 5.7202197266e+02 5.7170800781e+02 5.7143798828e+02
5.7914501953e+02 5.7911999512e+02 5.7907800293e+02 5.7905700684e+02 5.7902801514e+02 5.7901397705e+02 5.7902600098e+02 5.7904797363e+02 5.7904400635e+02 5.7902502441e+02 5.7899700928e+02 5.7897302246e+02 5.7893402100e+02 5.7889202881e+02 5.7886798096e+02 5.7881896973e+02 5.7878399658e+02 5.7870800781e+02 5.7862597656e+02 5.7858300781e+02 5.7855999756e+02 5.7855102539e+02 5.7853399658e+02 5.7855798340e+02 5.7862097168e+02 5.7864501953e+02 5.7859899902e+02 5.7831298828e+02 5.7790197754e+02 5.7753698730e+02 5.7722497559e+02 5.7690399170e+02 5.7659802246e+02 5.7625402832e+02 5.7583898926e+02 5.7541699219e+02 5.7501397705e+02 5.7460400391e+02 5.7412097168e+02 5.7348699951e+02 5.7292901611e+02 5.7254302979e+02 5.7228497314e+02 5.7200299072e+02 5.7170898438e+02 5.7143798828e+02
5.7909100342e+02 5.7907000732e+02 5.7903900146e+02 5.7900701904e+02 5.7897802734e+02 5.7896502686e+02 5.7897198486e+02 5.7898699951e+02 5.7900500488e+02 5.7900402832e+02 5.7894201660e+02 5.7886401367e+02 5.7880499268e+02 5.7878002930e+02 5.7877301025e+02 5.7878100586e+02 5.7875598145e+02 5.7863897705e+02 5.7854699707e+02 5.7850598145e+02 5.7847399902e+02 5.7845501709e+02 5.7844299316e+02 5.7848901367e+02 5.7856500244e+02 5.7858502197e+02 5.7853399658e+02 5.7828601074e+02 5.7784497070e+02 5.7745098877e+02 5.7714300537e+02 5.7680902100e+02 5.7650000000e+02 5.7617199707e+02 5.7579302979e+02 5.7536199951e+02 5.7497302246e+02 5.7457800293e+02 5.7408099365e+02 5.7344201660e+02 5.7290600586e+02 5.7256201172e+02 5.7233099365e+02 5.7207202148e+02 5.7179998779e+02 5.7155902100e+02
5.7904302979e+02 5.7902899170e+02 5.7899700928e+02 5.7896197510e+02 5.7893701172e+02 5.7891601563e+02 5.7891601563e+02 5.7893402100e+02 5.7896502686e+02 5.7897601318e+02 5.7890899658e+02 5.7877899170e+02 5.7869500732e+02 5.7867199707e+02 5.7865600586e+02 5.7870800781e+02 5.7870098877e+02 5.7857000732e+02 5.7845800781e+02 5.7840600586e+02 5.7836199951e+02 5.7834002686e+02 5.7834802246e+02 5.7841998291e+02 5.7848901367e+02 5.7846997070e+02 5.7835198975e+02 5.7812097168e+02 5.7771697998e+02 5.7733001709e+02 5.7702502441e+02 5.7669396973e+02 5.7639202881e+02 5.7608801270e+02 5.7577099609e+02 5.7535900879e+02 5.7499298096e+02 5.7463000488e+02 5.7409997559e+02 5.7344201660e+02 5.7299102783e+02 5.7272198486e+02 5.7245300293e+02 5.7218402100e+02 5.7191198730e+02 5.7167999268e+02
5.7899798584e+02 5.7898199463e+02 5.7895501709e+02 5.7892999268e+02 5.7890100098e+02 5.7887200928e+02 5.7884997559e+02 5.7888598633e+02 5.7891998291e+02 5.7892999268e+02 5.7887799072e+02 5.7872198486e+02 5.7861999512e+02 5.7857702637e+02 5.7853302002e+02 5.7855798340e+02 5.7854602051e+02 5.7845501709e+02 5.7835699463e+02 5.7829699707e+02 5.7825897217e+02 5.7823101807e+02 5.7821697998e+02 5.7829602051e+02 5.7836401367e+02 5.7834600830e+02 5.7821301270e+02 5.7797802734e+02 5.7761798096e+02 5.7723498535e+02 5.7690100098e+02 5.7660900879e+02 5.7631896973e+02 5.7601202393e+02 5.7569000244e+02 5.7534497070e+02 5.7502801514e+02 5.7468103027e+02 5.7409997559e+02 5.7346697998e+02 5.7308697510e+02 5.7285400391e+02 5.7251702881e+02 5.7222698975e+02 5.7195697021e+02 5.7169500732e+02
5.7896301270e+02 5.7894201660e+02 5.7890802002e+02 5.7888897705e+02 5.7885998535e+02 5.7883300781e+02 5.7881201172e+02 5.7883697510e+02 5.7884802246e+02 5.7884002686e+02 5.7878900146e+02 5.7867199707e+02 5.7855999756e+02 5.7850000000e+02 5.7845001221e+02 5.7841400146e+02 5.7835998535e+02 5.7829302979e+02 5.7825799561e+02 5.7820599365e+02 5.7816900635e+02 5.7813800049e+02 5.7810900879e+02 5.7815698242e+02 5.7822497559e+02 5.7825500488e+02 5.7814801025e+02 5.7790899658e+02 5.7758099365e+02 5.7721899414e+02 5.7688098145e+02 5.7659997559e+02 5.7633099365e+02 5.7601800537e+02 5.7567901611e+02 5.7529998779e+02 5.7498901367e+02 5.7467700195e+02 5.7421301270e+02 5.7367297363e+02 5.7324902344e+02 5.7290502930e+02 5.7252502441e+02 5.7220501709e+02 5.7193499756e+02 5.7164099121e+02
5.7892401123e+02 5.7890698242e+02 5.7887298584e+02 5.7884802246e+02 5.7881799316e+02 5.7879498291e+02 5.7877197266e+02 5.7878100586e+02 5.7878100586e+02 5.7876300049e+02 5.7871899414e+02 5.7862597656e+02 5.7848901367e+02 5.7841198730e+02 5.7836999512e+02 5.7831298828e+02 5.7825598145e+02 5.7820599365e+02 5.7817401123e+02 5.7810900879e+02 5.7806701660e+02 5.7803997803e+02 5.7801800537e+02 5.7803698730e+02 5.7808300781e+02 5.7813598633e+02 5.7807000732e+02 5.7786102295e+02 5.7759197998e+02 5.7727099609e+02 5.7693103027e+02 5.7664202881e+02 5.7638500977e+02 5.7607299805e+02 5.7569702148e+02 5.7528997803e+02 5.7494299316e+02 5.7463098145e+02 5.7426800537e+02 5.7383599854e+02 5.7339697266e+02 5.7298297119e+02 5.7259698486e+02 5.7223999023e+02 5.7192700195e+02 5.7162500000e+02
5.7887902832e+02 5.7886297607e+02 5.7882501221e+02 5.7879101563e+02 5.7876599121e+02 5.7875598145e+02 5.7872998047e+02 5.7872198486e+02 5.7871801758e+02 5.7871099854e+02 5.7869500732e+02 5.7858300781e+02 5.7842602539e+02 5.7834197998e+02 5.7828497314e+02 5.7821600342e+02 5.7816900635e+02 5.7812402344e+02 5.7807098389e+02 5.7800500488e+02 5.7796502686e+02 5.7794097900e+02 5.7792498779e+02 5.7791699219e+02 5.7793103027e+02 5.7798797607e+02 5.7797998047e+02 5.7783398438e+02 5.7763598633e+02 5.7736401367e+02 5.7702801514e+02 5.7670501709e+02 5.7642102051e+02 5.7609497070e+02 5.7572100830e+02 5.7536199951e+02 5.7498199463e+02 5.7461602783e+02 5.7428399658e+02 5.7390698242e+02 5.7348999023e+02 5.7307702637e+02 5.7271801758e+02 5.7230603027e+02 5.7193200684e+02 5.7163598633e+02
5.7882800293e+02 5.7880902100e+02 5.7876599121e+02 5.7873901367e+02 5.7872198486e+02 5.7871801758e+02 5.7869201660e+02 5.7867102051e+02 5.7866198730e+02 5.7867199707e+02 5.7868597412e+02 5.7855401611e+02 5.7837097168e+02 5.7825701904e+02 5.7820300293e+02 5.7812097168e+02 5.7806701660e+02 5.7801000977e+02 5.7794201660e+02 5.7792401123e+02 5.7788702393e+02 5.7784399414e+02 5.7781402588e+02 5.7780297852e+02 5.7780603027e+02 5.7786297607e+02 5.7790002441e+02 5.7782098389e+02 5.7767498779e+02 5.7743597412e+02 5.7712200928e+02 5.7677697754e+02 5.7640997314e+02 5.7605297852e+02 5.7573699951e+02 5.7547497559e+02 5.7509301758e+02 5.7468103027e+02 5.7437799072e+02 5.7401397705e+02 5.7359497070e+02 5.7316699219e+02 5.7277600098e+02 5.7237902832e+02 5.7197497559e+02 5.7166900635e+02
5.7878698730e+02 5.7876898193e+02 5.7872900391e+02 5.7871099854e+02 5.7868597412e+02 5.7866198730e+02 5.7864001465e+02 5.7864202881e+02 5.7863702393e+02 5.7864697266e+02 5.7869299316e+02 5.7859698486e+02 5.7834698486e+02 5.7814001465e+02 5.7807397461e+02 5.7801000977e+02 5.7796697998e+02 5.7792199707e+02 5.7786602783e+02 5.7783697510e+02 5.7778302002e+02 5.7772998047e+02 5.7771197510e+02 5.7769500732e+02 5.7769201660e+02 5.7776098633e+02 5.7782897949e+02 5.7782202148e+02 5.7773400879e+02 5.7752899170e+02 5.7724102783e+02 5.7689001465e+02 5.7647497559e+02 5.7609600830e+02 5.7580798340e+02 5.7550701904e+02 5.7514300537e+02 5.7479602051e+02 5.7452801514e+02 5.7417102051e+02 5.7377600098e+02 5.7331799316e+02 5.7288201904e+02 5.7248101807e+02 5.7209997559e+02 5.7180798340e+02
5.7873498535e+02 5.7872601318e+02 5.7868298340e+02 5.7866400146e+02 5.7864501953e+02 5.7862298584e+02 5.7860101318e+02 5.7861401367e+02 5.7860998535e+02 5.7860797119e+02 5.7865399170e+02 5.7857299805e+02 5.7831298828e+02 5.7806701660e+02 5.7796099854e+02 5.7790899658e+02 5.7787298584e+02 5.7783502197e+02 5.7779498291e+02 5.7775201416e+02 5.7768499756e+02 5.7762298584e+02 5.7760498047e+02 5.7758898926e+02 5.7757299805e+02 5.7763500977e+02 5.7773101807e+02 5.7779498291e+02 5.7778302002e+02 5.7763098145e+02 5.7736199951e+02 5.7702197266e+02 5.7659497070e+02 5.7619897461e+02 5.7589697266e+02 5.7553900146e+02 5.7519799805e+02 5.7491400146e+02 5.7467401123e+02 5.7433099365e+02 5.7399499512e+02 5.7354797363e+02 5.7305200195e+02 5.7265002441e+02 5.7230902100e+02 5.7204498291e+02
5.7868298340e+02 5.7868298340e+02 5.7864801025e+02 5.7862701416e+02 5.7859698486e+02 5.7858300781e+02 5.7856701660e+02 5.7857702637e+02 5.7857202148e+02 5.7855798340e+02 5.7859497070e+02 5.7853900146e+02 5.7832098389e+02 5.7807397461e+02 5.7789001465e+02 5.7781500244e+02 5.7777697754e+02 5.7773999023e+02 5.7770697021e+02 5.7766198730e+02 5.7760601807e+02 5.7754602051e+02 5.7749798584e+02 5.7747698975e+02 5.7745397949e+02 5.7750402832e+02 5.7761798096e+02 5.7772698975e+02 5.7777099609e+02 5.7767102051e+02 5.7742999268e+02 5.7712701416e+02 5.7672497559e+02 5.7632800293e+02 5.7598999023e+02 5.7562097168e+02 5.7532501221e+02 5.7504797363e+02 5.7477801514e+02 5.7443298340e+02 5.7414801025e+02 5.7376300049e+02 5.7330200195e+02 5.7289202881e+02 5.7255200195e+02 5.7228698730e+02
5.7863500977e+02 5.7864099121e+02 5.7860797119e+02 5.7859301758e+02 5.7855700684e+02 5.7853601074e+02 5.7850000000e+02 5.7851800537e+02 5.7852301025e+02 5.7851702881e+02 5.7854998779e+02 5.7852001953e+02 5.7832397461e+02 5.7805603027e+02 5.7782702637e+02 5.7772802734e+02 5.7768402100e+02 5.7764599609e+02 5.7760302734e+02 5.7755499268e+02 5.7752301025e+02 5.7747601318e+02 5.7737902832e+02 5.7736297607e+02 5.7734802246e+02 5.7739001465e+02 5.7751501465e+02 5.7761102295e+02 5.7767797852e+02 5.7761901855e+02 5.7741400146e+02 5.7715698242e+02 5.7682000732e+02 5.7646398926e+02 5.7615399170e+02 5.7583398438e+02 5.7559698486e+02 5.7527502441e+02 5.7487097168e+02 5.7451800537e+02 5.7425500488e+02 5.7394598389e+02 5.7358697510e+02 5.7315399170e+02 5.7275897217e+02 5.7244799805e+02
5.7858300781e+02 5.7859100342e+02 5.7857000732e+02 5.7855401611e+02 5.7852197266e+02 5.7850201416e+02 5.7846997070e+02 5.7846801758e+02 5.7848199463e+02 5.7848199463e+02 5.7849401855e+02 5.7851300049e+02 5.7831799316e+02 5.7799401855e+02 5.7777197266e+02 5.7764001465e+02 5.7758502197e+02 5.7754699707e+02 5.7749700928e+02 5.7746398926e+02 5.7743402100e+02 5.7739099121e+02 5.7730102539e+02 5.7728698730e+02 5.7725299072e+02 5.7724597168e+02 5.7735101318e+02 5.7744500732e+02 5.7751800537e+02 5.7749902344e+02 5.7732202148e+02 5.7709197998e+02 5.7684399414e+02 5.7659399414e+02 5.7638201904e+02 5.7616101074e+02 5.7594799805e+02 5.7557702637e+02 5.7501702881e+02 5.7461102295e+02 5.7434997559e+02 5.7403198242e+02 5.7368798828e+02 5.7329797363e+02 5.7289202881e+02 5.7256896973e+02
5.7854101563e+02 5.7855401611e+02 5.7853100586e+02 5.7850701904e+02 5.7847802734e+02 5.7846600342e+02 5.7844598389e+02 5.7843103027e+02 5.7843499756e+02 5.7843200684e+02 5.7842602539e+02 5.7846099854e+02 5.7829998779e+02 5.7798101807e+02 5.7772900391e+02 5.7756597900e+02 5.7749298096e+02 5.7745397949e+02 5.7740698242e+02 5.7737298584e+02 5.7733197021e+02 5.7728601074e+02 5.7720001221e+02 5.7717700195e+02 5.7714398193e+02 5.7712298584e+02 5.7718902588e+02 5.7728802490e+02 5.7735101318e+02 5.7734997559e+02 5.7722399902e+02 5.7703698730e+02 5.7684002686e+02 5.7664398193e+02 5.7648297119e+02 5.7626898193e+02 5.7608001709e+02 5.7573101807e+02 5.7512799072e+02 5.7469598389e+02 5.7440899658e+02 5.7407397461e+02 5.7375701904e+02 5.7345501709e+02 5.7309100342e+02 5.7280603027e+02
5.7848199463e+02 5.7850000000e+02 5.7848199463e+02 5.7845397949e+02 5.7843298340e+02 5.7842401123e+02 5.7839501953e+02 5.7838201904e+02 5.7838598633e+02 5.7838800049e+02 5.7837200928e+02 5.7839599609e+02 5.7828601074e+02 5.7801098633e+02 5.7771301270e+02 5.7750000000e+02 5.7739501953e+02 5.7735699463e+02 5.7732000732e+02 5.7728100586e+02 5.7723400879e+02 5.7718103027e+02 5.7710400391e+02 5.7706799316e+02 5.7703497314e+02 5.7702099609e+02 5.7703198242e+02 5.7712298584e+02 5.7717999268e+02 5.7719598389e+02 5.7714501953e+02 5.7702600098e+02 5.7684802246e+02 5.7665997314e+02 5.7648901367e+02 5.7620800781e+02 5.7600299072e+02 5.7567498779e+02 5.7511901855e+02 5.7473901367e+02 5.7444702148e+02 5.7411999512e+02 5.7386199951e+02 5.7367102051e+02 5.7340100098e+02 5.7318298340e+02
5.7844500732e+02 5.7844201660e+02 5.7843103027e+02 5.7841400146e+02 5.7839501953e+02 5.7838397217e+02 5.7833898926e+02 5.7832501221e+02 5.7833300781e+02 5.7834802246e+02 5.7832800293e+02 5.7832598877e+02 5.7824902344e+02 5.7803302002e+02 5.7772399902e+02 5.7745697021e+02 5.7730401611e+02 5.7725598145e+02 5.7721502686e+02 5.7718103027e+02 5.7713702393e+02 5.7708801270e+02 5.7703100586e+02 5.7697497559e+02 5.7693402100e+02 5.7692199707e+02 5.7688500977e+02 5.7694702148e+02 5.7700402832e+02 5.7703698730e+02 5.7703802490e+02 5.7697198486e+02 5.7682501221e+02 5.7665197754e+02 5.7648101807e+02 5.7620397949e+02 5.7595800781e+02 5.7561297607e+02 5.7512597656e+02 5.7480700684e+02 5.7451501465e+02 5.7420898438e+02 5.7399597168e+02 5.7382098389e+02 5.7364801025e+02 5.7348901367e+02
5.7839001465e+02 5.7840502930e+02 5.7838800049e+02 5.7837701416e+02 5.7836199951e+02 5.7834899902e+02 5.7831701660e+02 5.7828802490e+02 5.7828302002e+02 5.7830499268e+02 5.7828997803e+02 5.7828198242e+02 5.7823602295e+02 5.7808599854e+02 5.7778698730e+02 5.7744598389e+02 5.7723797607e+02 5.7716400146e+02 5.7712402344e+02 5.7708099365e+02 5.7704400635e+02 5.7700097656e+02 5.7695202637e+02 5.7689801025e+02 5.7683502197e+02 5.7681701660e+02 5.7678997803e+02 5.7679797363e+02 5.7683197021e+02 5.7687799072e+02 5.7690698242e+02 5.7687701416e+02 5.7675799561e+02 5.7657702637e+02 5.7636901855e+02 5.7613000488e+02 5.7590899658e+02 5.7557800293e+02 5.7516900635e+02 5.7488201904e+02 5.7454400635e+02 5.7420001221e+02 5.7397802734e+02 5.7378601074e+02 5.7363702393e+02 5.7349499512e+02
5.7836499023e+02 5.7836499023e+02 5.7833599854e+02 5.7832897949e+02 5.7831201172e+02 5.7829699707e+02 5.7827801514e+02 5.7825201416e+02 5.7824102783e+02 5.7825799561e+02 5.7825000000e+02 5.7824298096e+02 5.7822399902e+02 5.7811102295e+02 5.7783697510e+02 5.7747601318e+02 5.7720697021e+02 5.7707702637e+02 5.7702502441e+02 5.7698498535e+02 5.7694702148e+02 5.7690399170e+02 5.7685400391e+02 5.7680902100e+02 5.7674401855e+02 5.7671398926e+02 5.7668902588e+02 5.7667602539e+02 5.7668298340e+02 5.7673101807e+02 5.7677398682e+02 5.7678198242e+02 5.7669396973e+02 5.7651702881e+02 5.7630297852e+02 5.7609997559e+02 5.7587097168e+02 5.7554998779e+02 5.7523400879e+02 5.7498498535e+02 5.7460900879e+02 5.7419201660e+02 5.7391101074e+02 5.7367700195e+02 5.7351000977e+02 5.7335699463e+02
5.7833599854e+02 5.7831701660e+02 5.7828399658e+02 5.7828302002e+02 5.7826501465e+02 5.7825299072e+02 5.7822998047e+02 5.7821301270e+02 5.7820001221e+02 5.7819598389e+02 5.7819500732e+02 5.7820397949e+02 5.7820202637e+02 5.7810498047e+02 5.7785498047e+02 5.7752099609e+02 5.7721502686e+02 5.7701702881e+02 5.7693402100e+02 5.7689202881e+02 5.7684698486e+02 5.7680200195e+02 5.7676098633e+02 5.7673101807e+02 5.7667602539e+02 5.7662902832e+02 5.7658801270e+02 5.7657897949e+02 5.7656201172e+02 5.7658502197e+02 5.7662902832e+02 5.7666998291e+02 5.7662097168e+02 5.7647302246e+02 5.7627502441e+02 5.7606799316e+02 5.7581500244e+02 5.7551599121e+02 5.7528997803e+02 5.7509698486e+02 5.7473199463e+02 5.7425299072e+02 5.7387298584e+02 5.7360998535e+02 5.7342401123e+02 5.7326501465e+02
