TESTSERVER/8/11.asc
NCOLS 100
NROWS 100
XLLCORNER 7.8997500000e+03
YLLCORNER 2.8940025000e+05
CELLSIZE 5.0000000000e-01
NODATA_VALUE -9.9990000000e+03
[rows 80 to 99 of 100, columns 46 to 91 of 100]
5.5544500732e+02 5.5545300293e+02 5.5545300293e+02 5.5545898438e+02 5.5549499512e+02 5.5555401611e+02 5.5565899658e+02 5.5568103027e+02 5.5572698975e+02 5.5579699707e+02 5.5585900879e+02 5.5596197510e+02 5.5604602051e+02 5.5614697266e+02 5.5642199707e+02 5.5716802979e+02 5.5788299561e+02 5.5818902588e+02 5.5822399902e+02 5.5854602051e+02 5.5901800537e+02 5.5953302002e+02 5.6006298828e+02 5.6059399414e+02 5.6111401367e+02 5.6164898682e+02 5.6219702148e+02 5.6275299072e+02 5.6334497070e+02 5.6395898438e+02 5.6453601074e+02 5.6504998779e+02 5.6542401123e+02 5.6568902588e+02 5.6590502930e+02 5.6608599854e+02 5.6617602539e+02 5.6623400879e+02 5.6630603027e+02 5.6631597900e+02 5.6631701660e+02 5.6628698730e+02 5.6617297363e+02 5.6604998779e+02 5.6596002197e+02 5.6590502930e+02
5.5547900391e+02 5.5547698975e+02 5.5546502686e+02 5.5546801758e+02 5.5551098633e+02 5.5559197998e+02 5.5569897461e+02 5.5572601318e+02 5.5579302979e+02 5.5593298340e+02 5.5612402344e+02 5.5661199951e+02 5.5695501709e+02 5.5709197998e+02 5.5728198242e+02 5.5788098145e+02 5.5834002686e+02 5.5847601318e+02 5.5857299805e+02 5.5895300293e+02 5.5937902832e+02 5.5987902832e+02 5.6042498779e+02 5.6093298340e+02 5.6144799805e+02 5.6198199463e+02 5.6252697754e+02 5.6307897949e+02 5.6365997314e+02 5.6425598145e+02 5.6481896973e+02 5.6519000244e+02 5.6552001953e+02 5.6579602051e+02 5.6603100586e+02 5.6622698975e+02 5.6630603027e+02 5.6633502197e+02 5.6638299561e+02 5.6640399170e+02 5.6638500977e+02 5.6633599854e+02 5.6622497559e+02 5.6613500977e+02 5.6603802490e+02 5.6594299316e+02
5.5545098877e+02 5.5546197510e+02 5.5545098877e+02 5.5545800781e+02 5.5552001953e+02 5.5562200928e+02 5.5572998047e+02 5.5574700928e+02 5.5586700439e+02 5.5611297607e+02 5.5643103027e+02 5.5710498047e+02 5.5759600830e+02 5.5781298828e+02 5.5802801514e+02 5.5845300293e+02 5.5878698730e+02 5.5891302490e+02 5.5898797607e+02 5.5933697510e+02 5.5974798584e+02 5.6023199463e+02 5.6076300049e+02 5.6126300049e+02 5.6177001953e+02 5.6229699707e+02 5.6283898926e+02 5.6339202881e+02 5.6396899414e+02 5.6456402588e+02 5.6514801025e+02 5.6546398926e+02 5.6569897461e+02 5.6592102051e+02 5.6615301514e+02 5.6631896973e+02 5.6637298584e+02 5.6637902832e+02 5.6641198730e+02 5.6643701172e+02 5.6641601563e+02 5.6635699463e+02 5.6624499512e+02 5.6616601563e+02 5.6607000732e+02 5.6597198486e+02
5.5539697266e+02 5.5541601563e+02 5.5540997314e+02 5.5542999268e+02 5.5551898193e+02 5.5564898682e+02 5.5575402832e+02 5.5577197266e+02 5.5595300293e+02 5.5629400635e+02 5.5667498779e+02 5.5731298828e+02 5.5787097168e+02 5.5821398926e+02 5.5853002930e+02 5.5890997314e+02 5.5922900391e+02 5.5938800049e+02 5.5940399170e+02 5.5969396973e+02 5.6009197998e+02 5.6055902100e+02 5.6107598877e+02 5.6157098389e+02 5.6207000732e+02 5.6258898926e+02 5.6312597656e+02 5.6367700195e+02 5.6425201416e+02 5.6484497070e+02 5.6549798584e+02 5.6583898926e+02 5.6597698975e+02 5.6610400391e+02 5.6628900146e+02 5.6640197754e+02 5.6642297363e+02 5.6640802002e+02 5.6641900635e+02 5.6643499756e+02 5.6642199707e+02 5.6636999512e+02 5.6626599121e+02 5.6617401123e+02 5.6609002686e+02 5.6601501465e+02
5.5534802246e+02 5.5535498047e+02 5.5532800293e+02 5.5538299561e+02 5.5550598145e+02 5.5567498779e+02 5.5581500244e+02 5.5585198975e+02 5.5607202148e+02 5.5644598389e+02 5.5687799072e+02 5.5749401855e+02 5.5813598633e+02 5.5860400391e+02 5.5901202393e+02 5.5936499023e+02 5.5964898682e+02 5.5979602051e+02 5.5979797363e+02 5.6001599121e+02 5.6038500977e+02 5.6084197998e+02 5.6136102295e+02 5.6185198975e+02 5.6234002686e+02 5.6284497070e+02 5.6338299561e+02 5.6395397949e+02 5.6452502441e+02 5.6510601807e+02 5.6578198242e+02 5.6619897461e+02 5.6628802490e+02 5.6632598877e+02 5.6640002441e+02 5.6644702148e+02 5.6645501709e+02 5.6644500732e+02 5.6643701172e+02 5.6643298340e+02 5.6641802979e+02 5.6635998535e+02 5.6626000977e+02 5.6620800781e+02 5.6613897705e+02 5.6607598877e+02
5.5535998535e+02 5.5537500000e+02 5.5535302734e+02 5.5538201904e+02 5.5553100586e+02 5.5570898438e+02 5.5583898926e+02 5.5592297363e+02 5.5617401123e+02 5.5662402344e+02 5.5717797852e+02 5.5791302490e+02 5.5860601807e+02 5.5907397461e+02 5.5941198730e+02 5.5974798584e+02 5.6003601074e+02 5.6017498779e+02 5.6014398193e+02 5.6032897949e+02 5.6065600586e+02 5.6109698486e+02 5.6162402344e+02 5.6209997559e+02 5.6257702637e+02 5.6306799316e+02 5.6360998535e+02 5.6419201660e+02 5.6473999023e+02 5.6528900146e+02 5.6593597412e+02 5.6631799316e+02 5.6637799072e+02 5.6637701416e+02 5.6642498779e+02 5.6646398926e+02 5.6646697998e+02 5.6645501709e+02 5.6644201660e+02 5.6644000244e+02 5.6642199707e+02 5.6636499023e+02 5.6628002930e+02 5.6624401855e+02 5.6619097900e+02 5.6614099121e+02
5.5538702393e+02 5.5543499756e+02 5.5544097900e+02 5.5545098877e+02 5.5557501221e+02 5.5572100830e+02 5.5581298828e+02 5.5589001465e+02 5.5616101074e+02 5.5667602539e+02 5.5733001709e+02 5.5808801270e+02 5.5876800537e+02 5.5928399658e+02 5.5969000244e+02 5.6003100586e+02 5.6033898926e+02 5.6050500488e+02 5.6047399902e+02 5.6062500000e+02 5.6092999268e+02 5.6134997559e+02 5.6186297607e+02 5.6233502197e+02 5.6280200195e+02 5.6328302002e+02 5.6381097412e+02 5.6436499023e+02 5.6488897705e+02 5.6541198730e+02 5.6601202393e+02 5.6633898926e+02 5.6637902832e+02 5.6636499023e+02 5.6640899658e+02 5.6645599365e+02 5.6646398926e+02 5.6645599365e+02 5.6644702148e+02 5.6644500732e+02 5.6642199707e+02 5.6637902832e+02 5.6631402588e+02 5.6627197266e+02 5.6623999023e+02 5.6621002197e+02
5.5543103027e+02 5.5551202393e+02 5.5555999756e+02 5.5554101563e+02 5.5560797119e+02 5.5570697021e+02 5.5578399658e+02 5.5586499023e+02 5.5614697266e+02 5.5669799805e+02 5.5739398193e+02 5.5801702881e+02 5.5861700439e+02 5.5921997070e+02 5.5981097412e+02 5.6026202393e+02 5.6058898926e+02 5.6074798584e+02 5.6074499512e+02 5.6088500977e+02 5.6117401123e+02 5.6157702637e+02 5.6208197021e+02 5.6255401611e+02 5.6301098633e+02 5.6348297119e+02 5.6398699951e+02 5.6450299072e+02 5.6499902344e+02 5.6549401855e+02 5.6604199219e+02 5.6632702637e+02 5.6636499023e+02 5.6634802246e+02 5.6638397217e+02 5.6643200684e+02 5.6645300293e+02 5.6645800781e+02 5.6645202637e+02 5.6645001221e+02 5.6642700195e+02 5.6639599609e+02 5.6634497070e+02 5.6630798340e+02 5.6629199219e+02 5.6627197266e+02
5.5546801758e+02 5.5557501221e+02 5.5567297363e+02 5.5562298584e+02 5.5565197754e+02 5.5572100830e+02 5.5582800293e+02 5.5595300293e+02 5.5628198242e+02 5.5688800049e+02 5.5757897949e+02 5.5801397705e+02 5.5852899170e+02 5.5918701172e+02 5.5991302490e+02 5.6054998779e+02 5.6088299561e+02 5.6096899414e+02 5.6098999023e+02 5.6110900879e+02 5.6137701416e+02 5.6176202393e+02 5.6225402832e+02 5.6276000977e+02 5.6320397949e+02 5.6365600586e+02 5.6410900879e+02 5.6459899902e+02 5.6505902100e+02 5.6551397705e+02 5.6599401855e+02 5.6632501221e+02 5.6638800049e+02 5.6637500000e+02 5.6637902832e+02 5.6641497803e+02 5.6644500732e+02 5.6646197510e+02 5.6646099854e+02 5.6645501709e+02 5.6643701172e+02 5.6640899658e+02 5.6636700439e+02 5.6636297607e+02 5.6634997559e+02 5.6632598877e+02
5.5550500488e+02 5.5561199951e+02 5.5570001221e+02 5.5570001221e+02 5.5576898193e+02 5.5581896973e+02 5.5589099121e+02 5.5610900879e+02 5.5657598877e+02 5.5722802734e+02 5.5784899902e+02 5.5826800537e+02 5.5875402832e+02 5.5944201660e+02 5.6026501465e+02 5.6088800049e+02 5.6118499756e+02 5.6125701904e+02 5.6127001953e+02 5.6136700439e+02 5.6161602783e+02 5.6199102783e+02 5.6249200439e+02 5.6295599365e+02 5.6337597656e+02 5.6379901123e+02 5.6423901367e+02 5.6468402100e+02 5.6510998535e+02 5.6552801514e+02 5.6601202393e+02 5.6632897949e+02 5.6640399170e+02 5.6639001465e+02 5.6638500977e+02 5.6641699219e+02 5.6644000244e+02 5.6645098877e+02 5.6645397949e+02 5.6645800781e+02 5.6644299316e+02 5.6643103027e+02 5.6640997314e+02 5.6642102051e+02 5.6639801025e+02 5.6636798096e+02
5.5559899902e+02 5.5568499756e+02 5.5574597168e+02 5.5580999756e+02 5.5590100098e+02 5.5596197510e+02 5.5610797119e+02 5.5651202393e+02 5.5714398193e+02 5.5781500244e+02 5.5834497070e+02 5.5871697998e+02 5.5918298340e+02 5.5986401367e+02 5.6068701172e+02 5.6121099854e+02 5.6145898438e+02 5.6153100586e+02 5.6153002930e+02 5.6164001465e+02 5.6189001465e+02 5.6225701904e+02 5.6272900391e+02 5.6315399170e+02 5.6354901123e+02 5.6394897461e+02 5.6436199951e+02 5.6477398682e+02 5.6517102051e+02 5.6556201172e+02 5.6601000977e+02 5.6631097412e+02 5.6639501953e+02 5.6639202881e+02 5.6639202881e+02 5.6640698242e+02 5.6642102051e+02 5.6643597412e+02 5.6645001221e+02 5.6646197510e+02 5.6645202637e+02 5.6645800781e+02 5.6645599365e+02 5.6645898438e+02 5.6643499756e+02 5.6641400146e+02
5.5578698730e+02 5.5587799072e+02 5.5590997314e+02 5.5598699951e+02 5.5606597900e+02 5.5622198486e+02 5.5665997314e+02 5.5723797607e+02 5.5794396973e+02 5.5862799072e+02 5.5906097412e+02 5.5941400146e+02 5.5988000488e+02 5.6044201660e+02 5.6102697754e+02 5.6142297363e+02 5.6167102051e+02 5.6177301025e+02 5.6178100586e+02 5.6191900635e+02 5.6217102051e+02 5.6252600098e+02 5.6296398926e+02 5.6335198975e+02 5.6372100830e+02 5.6409600830e+02 5.6447998047e+02 5.6485699463e+02 5.6522601318e+02 5.6558898926e+02 5.6599700928e+02 5.6628100586e+02 5.6637799072e+02 5.6638800049e+02 5.6638897705e+02 5.6638800049e+02 5.6640301514e+02 5.6642700195e+02 5.6644702148e+02 5.6646502686e+02 5.6645800781e+02 5.6647100830e+02 5.6648498535e+02 5.6648101807e+02 5.6646502686e+02 5.6646099854e+02
5.5596899414e+02 5.5609100342e+02 5.5615002441e+02 5.5618798828e+02 5.5625799561e+02 5.5665399170e+02 5.5752600098e+02 5.5800097656e+02 5.5858197021e+02 5.5924700928e+02 5.5969897461e+02 5.6026000977e+02 5.6077801514e+02 5.6105603027e+02 5.6126501465e+02 5.6163800049e+02 5.6190399170e+02 5.6201501465e+02 5.6205297852e+02 5.6220397949e+02 5.6246002197e+02 5.6279797363e+02 5.6319097900e+02 5.6354797363e+02 5.6388299561e+02 5.6421801758e+02 5.6456597900e+02 5.6494000244e+02 5.6527301025e+02 5.6560101318e+02 5.6594396973e+02 5.6623797607e+02 5.6636102295e+02 5.6639300537e+02 5.6637402344e+02 5.6638299561e+02 5.6639898682e+02 5.6641802979e+02 5.6643701172e+02 5.6646600342e+02 5.6646697998e+02 5.6647900391e+02 5.6650402832e+02 5.6649700928e+02 5.6648101807e+02 5.6648400879e+02
5.5605499268e+02 5.5616497803e+02 5.5626599121e+02 5.5643701172e+02 5.5676000977e+02 5.5741601563e+02 5.5821997070e+02 5.5858197021e+02 5.5898199463e+02 5.5949401855e+02 5.6002398682e+02 5.6086901855e+02 5.6126202393e+02 5.6125897217e+02 5.6147399902e+02 5.6191900635e+02 5.6218200684e+02 5.6228399658e+02 5.6233801270e+02 5.6248999023e+02 5.6274200439e+02 5.6306402588e+02 5.6342901611e+02 5.6375097656e+02 5.6405499268e+02 5.6435498047e+02 5.6468103027e+02 5.6501300049e+02 5.6531597900e+02 5.6561700439e+02 5.6595501709e+02 5.6623199463e+02 5.6636602783e+02 5.6640197754e+02 5.6637500000e+02 5.6638598633e+02 5.6640002441e+02 5.6641400146e+02 5.6643701172e+02 5.6646899414e+02 5.6648101807e+02 5.6649597168e+02 5.6651000977e+02 5.6651800537e+02 5.6650799561e+02 5.6650500488e+02
5.5641601563e+02 5.5658898926e+02 5.5677301025e+02 5.5711901855e+02 5.5756298828e+02 5.5817602539e+02 5.5874499512e+02 5.5901898193e+02 5.5929699707e+02 5.5971697998e+02 5.6018701172e+02 5.6082000732e+02 5.6118402100e+02 5.6132598877e+02 5.6163098145e+02 5.6200701904e+02 5.6231799316e+02 5.6251397705e+02 5.6263397217e+02 5.6279699707e+02 5.6304400635e+02 5.6334301758e+02 5.6366400146e+02 5.6395001221e+02 5.6422900391e+02 5.6450598145e+02 5.6479199219e+02 5.6508197021e+02 5.6536199951e+02 5.6564202881e+02 5.6596099854e+02 5.6622802734e+02 5.6635797119e+02 5.6639599609e+02 5.6637097168e+02 5.6637597656e+02 5.6639501953e+02 5.6641198730e+02 5.6643200684e+02 5.6646398926e+02 5.6648101807e+02 5.6649700928e+02 5.6650799561e+02 5.6653302002e+02 5.6653100586e+02 5.6652099609e+02
5.5715600586e+02 5.5745501709e+02 5.5759899902e+02 5.5784600830e+02 5.5817199707e+02 5.5860797119e+02 5.5901397705e+02 5.5928698730e+02 5.5956097412e+02 5.5998400879e+02 5.6038598633e+02 5.6078802490e+02 5.6119299316e+02 5.6151000977e+02 5.6183502197e+02 5.6214001465e+02 5.6246801758e+02 5.6272601318e+02 5.6291497803e+02 5.6311401367e+02 5.6335797119e+02 5.6362701416e+02 5.6389398193e+02 5.6414202881e+02 5.6439398193e+02 5.6464697266e+02 5.6489801025e+02 5.6514898682e+02 5.6540600586e+02 5.6566400146e+02 5.6595898438e+02 5.6620501709e+02 5.6633099365e+02 5.6637500000e+02 5.6635797119e+02 5.6635998535e+02 5.6638299561e+02 5.6640399170e+02 5.6642297363e+02 5.6645001221e+02 5.6646398926e+02 5.6647998047e+02 5.6650097656e+02 5.6653802490e+02 5.6654199219e+02 5.6652801514e+02
5.5778399658e+02 5.5803002930e+02 5.5805297852e+02 5.5812597656e+02 5.5830102539e+02 5.5867999268e+02 5.5911401367e+02 5.5943402100e+02 5.5980200195e+02 5.6022998047e+02 5.6061798096e+02 5.6097100830e+02 5.6136297607e+02 5.6170300293e+02 5.6204602051e+02 5.6238397217e+02 5.6267700195e+02 5.6293103027e+02 5.6320599365e+02 5.6348297119e+02 5.6373699951e+02 5.6396002197e+02 5.6417498779e+02 5.6433697510e+02 5.6453997803e+02 5.6474700928e+02 5.6495501709e+02 5.6521398926e+02 5.6543701172e+02 5.6566198730e+02 5.6591198730e+02 5.6615399170e+02 5.6628100586e+02 5.6634399414e+02 5.6634698486e+02 5.6634600830e+02 5.6637097168e+02 5.6639300537e+02 5.6642297363e+02 5.6644097900e+02 5.6644799805e+02 5.6646301270e+02 5.6649102783e+02 5.6652697754e+02 5.6653100586e+02 5.6651898193e+02
5.5799102783e+02 5.5810101318e+02 5.5818402100e+02 5.5829498291e+02 5.5846997070e+02 5.5884497070e+02 5.5929400635e+02 5.5967199707e+02 5.6007000732e+02 5.6044799805e+02 5.6083398438e+02 5.6115698242e+02 5.6153302002e+02 5.6188000488e+02 5.6217498779e+02 5.6250201416e+02 5.6284802246e+02 5.6319000244e+02 5.6350299072e+02 5.6376898193e+02 5.6400201416e+02 5.6419201660e+02 5.6433801270e+02 5.6449902344e+02 5.6467102051e+02 5.6484802246e+02 5.6504998779e+02 5.6526702881e+02 5.6546301270e+02 5.6565997314e+02 5.6588897705e+02 5.6610101318e+02 5.6623901367e+02 5.6631597900e+02 5.6632897949e+02 5.6634197998e+02 5.6636102295e+02 5.6637402344e+02 5.6639898682e+02 5.6643103027e+02 5.6643798828e+02 5.6644897461e+02 5.6647900391e+02 5.6650299072e+02 5.6651202393e+02 5.6651098633e+02
5.5807501221e+02 5.5818499756e+02 5.5834197998e+02 5.5852197266e+02 5.5871197510e+02 5.5907098389e+02 5.5951098633e+02 5.5996997070e+02 5.6037799072e+02 5.6071899414e+02 5.6110998535e+02 5.6141699219e+02 5.6176000977e+02 5.6210400391e+02 5.6236602783e+02 5.6265301514e+02 5.6304901123e+02 5.6346301270e+02 5.6378698730e+02 5.6397601318e+02 5.6416601563e+02 5.6433398438e+02 5.6447698975e+02 5.6463000488e+02 5.6479400635e+02 5.6496099854e+02 5.6513500977e+02 5.6531500244e+02 5.6549401855e+02 5.6567498779e+02 5.6586901855e+02 5.6606097412e+02 5.6620202637e+02 5.6628497314e+02 5.6630798340e+02 5.6632299805e+02 5.6634301758e+02 5.6636199951e+02 5.6639001465e+02 5.6641900635e+02 5.6642602539e+02 5.6644000244e+02 5.6647802734e+02 5.6649700928e+02 5.6650701904e+02 5.6650897217e+02
5.5813201904e+02 5.5826397705e+02 5.5847497559e+02 5.5871801758e+02 5.5895898438e+02 5.5932702637e+02 5.5974200439e+02 5.6018597412e+02 5.6059197998e+02 5.6095397949e+02 5.6137500000e+02 5.6164001465e+02 5.6192602539e+02 5.6228802490e+02 5.6263897705e+02 5.6288397217e+02 5.6327398682e+02 5.6370001221e+02 5.6401800537e+02 5.6415100098e+02 5.6429602051e+02 5.6444097900e+02 5.6458898926e+02 5.6474298096e+02 5.6490002441e+02 5.6505999756e+02 5.6521197510e+02 5.6536102295e+02 5.6552197266e+02 5.6568597412e+02 5.6585498047e+02 5.6602899170e+02 5.6616802979e+02 5.6625701904e+02 5.6628802490e+02 5.6630297852e+02 5.6632598877e+02 5.6635498047e+02 5.6638800049e+02 5.6640600586e+02 5.6641497803e+02 5.6643402100e+02 5.6647802734e+02 5.6649597168e+02 5.6650000000e+02 5.6649499512e+02
