TESTSERVER/8/11.asc
NCOLS 100
NROWS 100
XLLCORNER 7.8997500000e+03
YLLCORNER 2.8940025000e+05
CELLSIZE 5.0000000000e-01
NODATA_VALUE -9.9990000000e+03
[rows 20 to 39 of 100, columns 0 to 45 of 100]
5.7532098389e+02 5.7533697510e+02 5.7534997559e+02 5.7536199951e+02 5.7538397217e+02 5.7539001465e+02 5.7539001465e+02 5.7538598633e+02 5.7537097168e+02 5.7535900879e+02 5.7535400391e+02 5.7535198975e+02 5.7535400391e+02 5.7534899902e+02 5.7535601807e+02 5.7536499023e+02 5.7538201904e+02 5.7537200928e+02 5.7536401367e+02 5.7535198975e+02 5.7534899902e+02 5.7529199219e+02 5.7530798340e+02 5.7538598633e+02 5.7533898926e+02 5.7491802979e+02 5.7442700195e+02 5.7413098145e+02 5.7400201416e+02 5.7380700684e+02 5.7363500977e+02 5.7340502930e+02 5.7309301758e+02 5.7292797852e+02 5.7288800049e+02 5.7287097168e+02 5.7280499268e+02 5.7267102051e+02 5.7243200684e+02 5.7209698486e+02 5.7166400146e+02 5.7131701660e+02 5.7101098633e+02 5.7069500732e+02 5.7043103027e+02 5.7015100098e+02
5.7532800293e+02 5.7534497070e+02 5.7536102295e+02 5.7537298584e+02 5.7538000488e+02 5.7537701416e+02 5.7536999512e+02 5.7535998535e+02 5.7533697510e+02 5.7531701660e+02 5.7531201172e+02 5.7531298828e+02 5.7531402588e+02 5.7531201172e+02 5.7531896973e+02 5.7533197021e+02 5.7535900879e+02 5.7536901855e+02 5.7537097168e+02 5.7537298584e+02 5.7536297607e+02 5.7532299805e+02 5.7533898926e+02 5.7538598633e+02 5.7552398682e+02 5.7525299072e+02 5.7443298340e+02 5.7384399414e+02 5.7367401123e+02 5.7353497314e+02 5.7345397949e+02 5.7331896973e+02 5.7305297852e+02 5.7293597412e+02 5.7292102051e+02 5.7288897705e+02 5.7280603027e+02 5.7267602539e+02 5.7243597412e+02 5.7211401367e+02 5.7171301270e+02 5.7139697266e+02 5.7106701660e+02 5.7071801758e+02 5.7043798828e+02 5.7017700195e+02
5.7533697510e+02 5.7535900879e+02 5.7537298584e+02 5.7537701416e+02 5.7536798096e+02 5.7535400391e+02 5.7534100342e+02 5.7532501221e+02 5.7529400635e+02 5.7527099609e+02 5.7526397705e+02 5.7526202393e+02 5.7526501465e+02 5.7526501465e+02 5.7527099609e+02 5.7528399658e+02 5.7531701660e+02 5.7534197998e+02 5.7535302734e+02 5.7536499023e+02 5.7536700439e+02 5.7536901855e+02 5.7541302490e+02 5.7545501709e+02 5.7557000732e+02 5.7511102295e+02 5.7416802979e+02 5.7358898926e+02 5.7350500488e+02 5.7338098145e+02 5.7328100586e+02 5.7317102051e+02 5.7299298096e+02 5.7295697021e+02 5.7295697021e+02 5.7290502930e+02 5.7279901123e+02 5.7265399170e+02 5.7239099121e+02 5.7206896973e+02 5.7169000244e+02 5.7137701416e+02 5.7105102539e+02 5.7070898438e+02 5.7043402100e+02 5.7017999268e+02
5.7534497070e+02 5.7536999512e+02 5.7537701416e+02 5.7536999512e+02 5.7534497070e+02 5.7532098389e+02 5.7530102539e+02 5.7527899170e+02 5.7524499512e+02 5.7521899414e+02 5.7520898438e+02 5.7520501709e+02 5.7520599365e+02 5.7520397949e+02 5.7520898438e+02 5.7521997070e+02 5.7525201416e+02 5.7528198242e+02 5.7530200195e+02 5.7532501221e+02 5.7536798096e+02 5.7543298340e+02 5.7544201660e+02 5.7537200928e+02 5.7530999756e+02 5.7452001953e+02 5.7368902588e+02 5.7341900635e+02 5.7348797607e+02 5.7332202148e+02 5.7314697266e+02 5.7303198242e+02 5.7296002197e+02 5.7297399902e+02 5.7296002197e+02 5.7288201904e+02 5.7276397705e+02 5.7258300781e+02 5.7228198242e+02 5.7195697021e+02 5.7161798096e+02 5.7130499268e+02 5.7098400879e+02 5.7066699219e+02 5.7041998291e+02 5.7017498779e+02
5.7536401367e+02 5.7536297607e+02 5.7535498047e+02 5.7533502197e+02 5.7529602051e+02 5.7526800537e+02 5.7523901367e+02 5.7520898438e+02 5.7517797852e+02 5.7516400146e+02 5.7514398193e+02 5.7512701416e+02 5.7510601807e+02 5.7512597656e+02 5.7512200928e+02 5.7512097168e+02 5.7512799072e+02 5.7520599365e+02 5.7523498535e+02 5.7525097656e+02 5.7541601563e+02 5.7549102783e+02 5.7527600098e+02 5.7487701416e+02 5.7416302490e+02 5.7381701660e+02 5.7340802002e+02 5.7341699219e+02 5.7350799561e+02 5.7334197998e+02 5.7309899902e+02 5.7297198486e+02 5.7297497559e+02 5.7296099854e+02 5.7291699219e+02 5.7283398438e+02 5.7271002197e+02 5.7244598389e+02 5.7211999512e+02 5.7180297852e+02 5.7151202393e+02 5.7122399902e+02 5.7090197754e+02 5.7060797119e+02 5.7038500977e+02 5.7016101074e+02
5.7533398438e+02 5.7531597900e+02 5.7529797363e+02 5.7527398682e+02 5.7524298096e+02 5.7520898438e+02 5.7517700195e+02 5.7514501953e+02 5.7511999512e+02 5.7510101318e+02 5.7507397461e+02 5.7504498291e+02 5.7502899170e+02 5.7503100586e+02 5.7501702881e+02 5.7500000000e+02 5.7502099609e+02 5.7508898926e+02 5.7508898926e+02 5.7504901123e+02 5.7507897949e+02 5.7503198242e+02 5.7466497803e+02 5.7414697266e+02 5.7347497559e+02 5.7325897217e+02 5.7328601074e+02 5.7339898682e+02 5.7344897461e+02 5.7328399658e+02 5.7307397461e+02 5.7296502686e+02 5.7296600342e+02 5.7293298340e+02 5.7287902832e+02 5.7277899170e+02 5.7259301758e+02 5.7230200195e+02 5.7199597168e+02 5.7167901611e+02 5.7134698486e+02 5.7104901123e+02 5.7079199219e+02 5.7055700684e+02 5.7033898926e+02 5.7010101318e+02
5.7529302979e+02 5.7526702881e+02 5.7524499512e+02 5.7521801758e+02 5.7518597412e+02 5.7515301514e+02 5.7512200928e+02 5.7509100342e+02 5.7506201172e+02 5.7503802490e+02 5.7500897217e+02 5.7497900391e+02 5.7495599365e+02 5.7494702148e+02 5.7492797852e+02 5.7490600586e+02 5.7491699219e+02 5.7494799805e+02 5.7491497803e+02 5.7483300781e+02 5.7475000000e+02 5.7456097412e+02 5.7416601563e+02 5.7367901611e+02 5.7315002441e+02 5.7312500000e+02 5.7321899414e+02 5.7330999756e+02 5.7329302979e+02 5.7317297363e+02 5.7306298828e+02 5.7296600342e+02 5.7293402100e+02 5.7291802979e+02 5.7287298584e+02 5.7274902344e+02 5.7248602295e+02 5.7218798828e+02 5.7188897705e+02 5.7157897949e+02 5.7123602295e+02 5.7095001221e+02 5.7075598145e+02 5.7054699707e+02 5.7028900146e+02 5.7005102539e+02
5.7523999023e+02 5.7521099854e+02 5.7518597412e+02 5.7515600586e+02 5.7512298584e+02 5.7509301758e+02 5.7506402588e+02 5.7503399658e+02 5.7500402832e+02 5.7497601318e+02 5.7494702148e+02 5.7491601563e+02 5.7488800049e+02 5.7486999512e+02 5.7484600830e+02 5.7482098389e+02 5.7481799316e+02 5.7480999756e+02 5.7473999023e+02 5.7461798096e+02 5.7445300293e+02 5.7419097900e+02 5.7381701660e+02 5.7341101074e+02 5.7310900879e+02 5.7317901611e+02 5.7319897461e+02 5.7320202637e+02 5.7316601563e+02 5.7313800049e+02 5.7309899902e+02 5.7298699951e+02 5.7288098145e+02 5.7287200928e+02 5.7284002686e+02 5.7270098877e+02 5.7239001465e+02 5.7208599854e+02 5.7179101563e+02 5.7149200439e+02 5.7117102051e+02 5.7094097900e+02 5.7079400635e+02 5.7056402588e+02 5.7021398926e+02 5.6997198486e+02
5.7516302490e+02 5.7514202881e+02 5.7511499023e+02 5.7508801270e+02 5.7505700684e+02 5.7503002930e+02 5.7500299072e+02 5.7497698975e+02 5.7494598389e+02 5.7491497803e+02 5.7488897705e+02 5.7486401367e+02 5.7485400391e+02 5.7480603027e+02 5.7476800537e+02 5.7472399902e+02 5.7468200684e+02 5.7465002441e+02 5.7453002930e+02 5.7436700439e+02 5.7415399170e+02 5.7392602539e+02 5.7363000488e+02 5.7335699463e+02 5.7319500732e+02 5.7319799805e+02 5.7317498779e+02 5.7315600586e+02 5.7315197754e+02 5.7313299561e+02 5.7310699463e+02 5.7301098633e+02 5.7287701416e+02 5.7281597900e+02 5.7276397705e+02 5.7259802246e+02 5.7227697754e+02 5.7198199463e+02 5.7167999268e+02 5.7139501953e+02 5.7111499023e+02 5.7087902832e+02 5.7073797607e+02 5.7049597168e+02 5.7011700439e+02 5.6987402344e+02
5.7509899902e+02 5.7506799316e+02 5.7504199219e+02 5.7501800537e+02 5.7499200439e+02 5.7496697998e+02 5.7494299316e+02 5.7491802979e+02 5.7489001465e+02 5.7486199951e+02 5.7483898926e+02 5.7481799316e+02 5.7480102539e+02 5.7476098633e+02 5.7471197510e+02 5.7465197754e+02 5.7461199951e+02 5.7454199219e+02 5.7441601563e+02 5.7426000977e+02 5.7403198242e+02 5.7373699951e+02 5.7349597168e+02 5.7328100586e+02 5.7315600586e+02 5.7315502930e+02 5.7313598633e+02 5.7312799072e+02 5.7310601807e+02 5.7306097412e+02 5.7303198242e+02 5.7296197510e+02 5.7284497070e+02 5.7277697754e+02 5.7269799805e+02 5.7250799561e+02 5.7220001221e+02 5.7190100098e+02 5.7157598877e+02 5.7126202393e+02 5.7096002197e+02 5.7069299316e+02 5.7050897217e+02 5.7028900146e+02 5.6997198486e+02 5.6975097656e+02
5.7503399658e+02 5.7500201416e+02 5.7497601318e+02 5.7495001221e+02 5.7492700195e+02 5.7490399170e+02 5.7488000488e+02 5.7485498047e+02 5.7483001709e+02 5.7480401611e+02 5.7477899170e+02 5.7475799561e+02 5.7473999023e+02 5.7470098877e+02 5.7465100098e+02 5.7459002686e+02 5.7453698730e+02 5.7446398926e+02 5.7434899902e+02 5.7420501709e+02 5.7395397949e+02 5.7365399170e+02 5.7344201660e+02 5.7325598145e+02 5.7316101074e+02 5.7315301514e+02 5.7312402344e+02 5.7310699463e+02 5.7307501221e+02 5.7302099609e+02 5.7300000000e+02 5.7294598389e+02 5.7283801270e+02 5.7275097656e+02 5.7263702393e+02 5.7243298340e+02 5.7214099121e+02 5.7181701660e+02 5.7145898438e+02 5.7110498047e+02 5.7077600098e+02 5.7049102783e+02 5.7027899170e+02 5.7005999756e+02 5.6977600098e+02 5.6956097412e+02
5.7496801758e+02 5.7493701172e+02 5.7490899658e+02 5.7488299561e+02 5.7486102295e+02 5.7484002686e+02 5.7481597900e+02 5.7478997803e+02 5.7476501465e+02 5.7473797607e+02 5.7471301270e+02 5.7469000244e+02 5.7466998291e+02 5.7462902832e+02 5.7457800293e+02 5.7451702881e+02 5.7445599365e+02 5.7438598633e+02 5.7428302002e+02 5.7415301514e+02 5.7391302490e+02 5.7363702393e+02 5.7345300293e+02 5.7329199219e+02 5.7319799805e+02 5.7316101074e+02 5.7312402344e+02 5.7310101318e+02 5.7306597900e+02 5.7302301025e+02 5.7301397705e+02 5.7297198486e+02 5.7286199951e+02 5.7271899414e+02 5.7255102539e+02 5.7233001709e+02 5.7205401611e+02 5.7170697021e+02 5.7132098389e+02 5.7093902588e+02 5.7059301758e+02 5.7030999756e+02 5.7008300781e+02 5.6985699463e+02 5.6957702637e+02 5.6936499023e+02
5.7489801025e+02 5.7487097168e+02 5.7484399414e+02 5.7481799316e+02 5.7479602051e+02 5.7477398682e+02 5.7474902344e+02 5.7472302246e+02 5.7469500732e+02 5.7466601563e+02 5.7463397217e+02 5.7460198975e+02 5.7456201172e+02 5.7453601074e+02 5.7448400879e+02 5.7442498779e+02 5.7435998535e+02 5.7429901123e+02 5.7421600342e+02 5.7411700439e+02 5.7398999023e+02 5.7372698975e+02 5.7356896973e+02 5.7341802979e+02 5.7330902100e+02 5.7319500732e+02 5.7314099121e+02 5.7310498047e+02 5.7308898926e+02 5.7305700684e+02 5.7303601074e+02 5.7298999023e+02 5.7290600586e+02 5.7267297363e+02 5.7241998291e+02 5.7217999268e+02 5.7191998291e+02 5.7156701660e+02 5.7117999268e+02 5.7079101563e+02 5.7042797852e+02 5.7014599609e+02 5.6990002441e+02 5.6965698242e+02 5.6937701416e+02 5.6918701172e+02
5.7483398438e+02 5.7480499268e+02 5.7477697754e+02 5.7475000000e+02 5.7472601318e+02 5.7470300293e+02 5.7467401123e+02 5.7464398193e+02 5.7461297607e+02 5.7458001709e+02 5.7454199219e+02 5.7450097656e+02 5.7446398926e+02 5.7442199707e+02 5.7437200928e+02 5.7431701660e+02 5.7426800537e+02 5.7420800781e+02 5.7413702393e+02 5.7405798340e+02 5.7394702148e+02 5.7378601074e+02 5.7364398193e+02 5.7349499512e+02 5.7333300781e+02 5.7322900391e+02 5.7316497803e+02 5.7312097168e+02 5.7311297607e+02 5.7310198975e+02 5.7306896973e+02 5.7302398682e+02 5.7296801758e+02 5.7265399170e+02 5.7226000977e+02 5.7197198486e+02 5.7177301025e+02 5.7142700195e+02 5.7104602051e+02 5.7065100098e+02 5.7026599121e+02 5.6996002197e+02 5.6970202637e+02 5.6947198486e+02 5.6925402832e+02 5.6900299072e+02
5.7477398682e+02 5.7474200439e+02 5.7471301270e+02 5.7468298340e+02 5.7465802002e+02 5.7463098145e+02 5.7459899902e+02 5.7456500244e+02 5.7453100586e+02 5.7449597168e+02 5.7445501709e+02 5.7441101074e+02 5.7436798096e+02 5.7432299805e+02 5.7427398682e+02 5.7422198486e+02 5.7417797852e+02 5.7412597656e+02 5.7405798340e+02 5.7398400879e+02 5.7389300537e+02 5.7376397705e+02 5.7363500977e+02 5.7350000000e+02 5.7334497070e+02 5.7323901367e+02 5.7317700195e+02 5.7313598633e+02 5.7312799072e+02 5.7311499023e+02 5.7308697510e+02 5.7305297852e+02 5.7302697754e+02 5.7270300293e+02 5.7220898438e+02 5.7184399414e+02 5.7166101074e+02 5.7131701660e+02 5.7091802979e+02 5.7050402832e+02 5.7009997559e+02 5.6978100586e+02 5.6953497314e+02 5.6932598877e+02 5.6911700439e+02 5.6880102539e+02
5.7471801758e+02 5.7468402100e+02 5.7465197754e+02 5.7462097168e+02 5.7459197998e+02 5.7456097412e+02 5.7452398682e+02 5.7448699951e+02 5.7444897461e+02 5.7440997314e+02 5.7436700439e+02 5.7432098389e+02 5.7427301025e+02 5.7422900391e+02 5.7418200684e+02 5.7413299561e+02 5.7409100342e+02 5.7404199219e+02 5.7397802734e+02 5.7390698242e+02 5.7383001709e+02 5.7372497559e+02 5.7360900879e+02 5.7348699951e+02 5.7334399414e+02 5.7324102783e+02 5.7318200684e+02 5.7314398193e+02 5.7313299561e+02 5.7311499023e+02 5.7308898926e+02 5.7306402588e+02 5.7307098389e+02 5.7281896973e+02 5.7228802490e+02 5.7182098389e+02 5.7154998779e+02 5.7119598389e+02 5.7078399658e+02 5.7036102295e+02 5.6994000244e+02 5.6958898926e+02 5.6936102295e+02 5.6916101074e+02 5.6890100098e+02 5.6854797363e+02
5.7466601563e+02 5.7463397217e+02 5.7459802246e+02 5.7455902100e+02 5.7451599121e+02 5.7448797607e+02 5.7444598389e+02 5.7440301514e+02 5.7435400391e+02 5.7431701660e+02 5.7427301025e+02 5.7422802734e+02 5.7419000244e+02 5.7414300537e+02 5.7409698486e+02 5.7404602051e+02 5.7399200439e+02 5.7395098877e+02 5.7389099121e+02 5.7382598877e+02 5.7376300049e+02 5.7366302490e+02 5.7355798340e+02 5.7345202637e+02 5.7333300781e+02 5.7324298096e+02 5.7319097900e+02 5.7315502930e+02 5.7314398193e+02 5.7310797119e+02 5.7308001709e+02 5.7305999756e+02 5.7308001709e+02 5.7289398193e+02 5.7236798096e+02 5.7173699951e+02 5.7121398926e+02 5.7096002197e+02 5.7063000488e+02 5.7024499512e+02 5.6980700684e+02 5.6944000244e+02 5.6921301270e+02 5.6899902344e+02 5.6865899658e+02 5.6830798340e+02
5.7462298584e+02 5.7459100342e+02 5.7454998779e+02 5.7450598145e+02 5.7446099854e+02 5.7441998291e+02 5.7437298584e+02 5.7432598877e+02 5.7427600098e+02 5.7422802734e+02 5.7418298340e+02 5.7414099121e+02 5.7410601807e+02 5.7406402588e+02 5.7401599121e+02 5.7396398926e+02 5.7391497803e+02 5.7386901855e+02 5.7380999756e+02 5.7374700928e+02 5.7367297363e+02 5.7356799316e+02 5.7347302246e+02 5.7338299561e+02 5.7329602051e+02 5.7323498535e+02 5.7318902588e+02 5.7315502930e+02 5.7313201904e+02 5.7310498047e+02 5.7308300781e+02 5.7306500244e+02 5.7303698730e+02 5.7302301025e+02 5.7261798096e+02 5.7173901367e+02 5.7090600586e+02 5.7057098389e+02 5.7035101318e+02 5.7008099365e+02 5.6968902588e+02 5.6933801270e+02 5.6910198975e+02 5.6883300781e+02 5.6843902588e+02 5.6806402588e+02
5.7458197021e+02 5.7454699707e+02 5.7450500488e+02 5.7445898438e+02 5.7440802002e+02 5.7435998535e+02 5.7430902100e+02 5.7425701904e+02 5.7420202637e+02 5.7415002441e+02 5.7410198975e+02 5.7405798340e+02 5.7402197266e+02 5.7398400879e+02 5.7393499756e+02 5.7388299561e+02 5.7383599854e+02 5.7378997803e+02 5.7373101807e+02 5.7366601563e+02 5.7358398438e+02 5.7348400879e+02 5.7340100098e+02 5.7332397461e+02 5.7325799561e+02 5.7320898438e+02 5.7316802979e+02 5.7313702393e+02 5.7311199951e+02 5.7309301758e+02 5.7308197021e+02 5.7307098389e+02 5.7303302002e+02 5.7325299072e+02 5.7301397705e+02 5.7200799561e+02 5.7073901367e+02 5.7027197266e+02 5.7006597900e+02 5.6985400391e+02 5.6952899170e+02 5.6924200439e+02 5.6899102783e+02 5.6865600586e+02 5.6822198486e+02 5.6776898193e+02
5.7454400635e+02 5.7450598145e+02 5.7446301270e+02 5.7441497803e+02 5.7435998535e+02 5.7430297852e+02 5.7424798584e+02 5.7419097900e+02 5.7413098145e+02 5.7407501221e+02 5.7402398682e+02 5.7397698975e+02 5.7394000244e+02 5.7390197754e+02 5.7385400391e+02 5.7380200195e+02 5.7375402832e+02 5.7370697021e+02 5.7364697266e+02 5.7358197021e+02 5.7349798584e+02 5.7340802002e+02 5.7333599854e+02 5.7327001953e+02 5.7321801758e+02 5.7317797852e+02 5.7314099121e+02 5.7311199951e+02 5.7308898926e+02 5.7307897949e+02 5.7307800293e+02 5.7307397461e+02 5.7306500244e+02 5.7333697510e+02 5.7310302734e+02 5.7203802490e+02 5.7056201172e+02 5.7004302979e+02 5.6984802246e+02 5.6964501953e+02 5.6934197998e+02 5.6909100342e+02 5.6879901123e+02 5.6840698242e+02 5.6798297119e+02 5.6746398926e+02
