TESTSERVER/8/12.asc
NCOLS 100
NROWS 100
XLLCORNER 7.8997500000e+03
YLLCORNER 2.8935025000e+05
CELLSIZE 5.0000000000e-01
NODATA_VALUE -9.9990000000e+03
[rows 40 to 59 of 100, columns 46 to 91 of 100]
5.6464898682e+02 5.6494897461e+02 5.6510198975e+02 5.6521301270e+02 5.6533502197e+02 5.6541699219e+02 5.6545397949e+02 5.6547601318e+02 5.6548901367e+02 5.6546997070e+02 5.6542199707e+02 5.6538800049e+02 5.6536499023e+02 5.6533300781e+02 5.6528698730e+02 5.6524499512e+02 5.6518499756e+02 5.6512402344e+02 5.6508001709e+02 5.6508502197e+02 5.6510601807e+02 5.6511199951e+02 5.6511499023e+02 5.6511798096e+02 5.6516900635e+02 5.6524700928e+02 5.6530102539e+02 5.6533697510e+02 5.6534002686e+02 5.6534600830e+02 5.6535302734e+02 5.6535601807e+02 5.6541497803e+02 5.6551000977e+02 5.6560302734e+02 5.6567401123e+02 5.6569299316e+02 5.6568597412e+02 5.6568402100e+02 5.6572198486e+02 5.6575799561e+02 5.6577600098e+02 5.6578900146e+02 5.6578900146e+02 5.6578802490e+02 5.6579797363e+02
5.6472100830e+02 5.6496002197e+02 5.6509399414e+02 5.6519396973e+02 5.6528802490e+02 5.6534301758e+02 5.6535198975e+02 5.6536901855e+02 5.6537500000e+02 5.6535498047e+02 5.6532800293e+02 5.6532098389e+02 5.6530603027e+02 5.6527899170e+02 5.6523901367e+02 5.6517102051e+02 5.6510302734e+02 5.6505297852e+02 5.6503601074e+02 5.6505999756e+02 5.6506402588e+02 5.6505603027e+02 5.6506500244e+02 5.6507000732e+02 5.6512402344e+02 5.6521398926e+02 5.6527502441e+02 5.6530999756e+02 5.6531701660e+02 5.6534197998e+02 5.6535198975e+02 5.6532397461e+02 5.6537597656e+02 5.6547198486e+02 5.6556799316e+02 5.6565100098e+02 5.6566699219e+02 5.6565502930e+02 5.6565899658e+02 5.6569702148e+02 5.6572900391e+02 5.6575799561e+02 5.6578399658e+02 5.6577697754e+02 5.6576397705e+02 5.6577301025e+02
5.6476800537e+02 5.6497900391e+02 5.6509301758e+02 5.6518701172e+02 5.6526000977e+02 5.6528399658e+02 5.6526898193e+02 5.6527600098e+02 5.6527398682e+02 5.6525598145e+02 5.6523498535e+02 5.6523101807e+02 5.6522100830e+02 5.6519799805e+02 5.6515802002e+02 5.6507501221e+02 5.6501599121e+02 5.6498901367e+02 5.6497601318e+02 5.6498999023e+02 5.6501202393e+02 5.6501800537e+02 5.6502697754e+02 5.6503900146e+02 5.6510101318e+02 5.6519598389e+02 5.6525299072e+02 5.6528802490e+02 5.6529699707e+02 5.6531402588e+02 5.6532202148e+02 5.6529699707e+02 5.6534197998e+02 5.6544000244e+02 5.6554101563e+02 5.6563500977e+02 5.6564501953e+02 5.6562597656e+02 5.6564099121e+02 5.6568200684e+02 5.6570898438e+02 5.6573699951e+02 5.6577502441e+02 5.6577899170e+02 5.6577099609e+02 5.6577301025e+02
5.6478997803e+02 5.6497497559e+02 5.6507702637e+02 5.6516998291e+02 5.6523498535e+02 5.6524499512e+02 5.6521502686e+02 5.6520599365e+02 5.6519299316e+02 5.6517401123e+02 5.6514501953e+02 5.6512902832e+02 5.6511901855e+02 5.6510302734e+02 5.6507299805e+02 5.6498999023e+02 5.6495098877e+02 5.6494500732e+02 5.6492999268e+02 5.6491699219e+02 5.6495098877e+02 5.6497601318e+02 5.6498999023e+02 5.6501202393e+02 5.6508300781e+02 5.6518200684e+02 5.6523901367e+02 5.6527001953e+02 5.6528100586e+02 5.6529101563e+02 5.6529101563e+02 5.6528198242e+02 5.6532397461e+02 5.6541998291e+02 5.6551098633e+02 5.6560797119e+02 5.6562500000e+02 5.6560699463e+02 5.6562701416e+02 5.6566998291e+02 5.6569201660e+02 5.6571502686e+02 5.6575097656e+02 5.6576000977e+02 5.6576800537e+02 5.6577099609e+02
5.6478601074e+02 5.6494000244e+02 5.6500402832e+02 5.6510498047e+02 5.6517401123e+02 5.6518701172e+02 5.6515399170e+02 5.6513598633e+02 5.6511499023e+02 5.6509197998e+02 5.6506201172e+02 5.6501300049e+02 5.6500299072e+02 5.6500598145e+02 5.6497601318e+02 5.6490399170e+02 5.6488098145e+02 5.6489501953e+02 5.6489300537e+02 5.6487200928e+02 5.6490002441e+02 5.6493798828e+02 5.6495800781e+02 5.6498199463e+02 5.6506597900e+02 5.6517700195e+02 5.6523101807e+02 5.6524298096e+02 5.6526501465e+02 5.6527899170e+02 5.6527099609e+02 5.6526501465e+02 5.6530102539e+02 5.6538598633e+02 5.6547198486e+02 5.6557501221e+02 5.6560998535e+02 5.6560302734e+02 5.6561602783e+02 5.6566198730e+02 5.6568499756e+02 5.6570300293e+02 5.6573699951e+02 5.6574798584e+02 5.6575799561e+02 5.6576202393e+02
5.6475598145e+02 5.6489300537e+02 5.6492999268e+02 5.6499298096e+02 5.6505499268e+02 5.6507897949e+02 5.6506500244e+02 5.6504199219e+02 5.6502301025e+02 5.6500097656e+02 5.6497302246e+02 5.6494201660e+02 5.6492700195e+02 5.6492199707e+02 5.6489801025e+02 5.6484399414e+02 5.6483898926e+02 5.6486700439e+02 5.6487200928e+02 5.6484997559e+02 5.6486199951e+02 5.6489801025e+02 5.6490997314e+02 5.6492999268e+02 5.6502801514e+02 5.6515197754e+02 5.6519000244e+02 5.6519299316e+02 5.6522998047e+02 5.6525799561e+02 5.6527398682e+02 5.6527099609e+02 5.6528997803e+02 5.6536401367e+02 5.6544396973e+02 5.6553802490e+02 5.6558801270e+02 5.6559600830e+02 5.6561999512e+02 5.6566302490e+02 5.6568499756e+02 5.6570300293e+02 5.6573297119e+02 5.6574401855e+02 5.6574200439e+02 5.6575500488e+02
5.6470397949e+02 5.6484002686e+02 5.6487200928e+02 5.6490100098e+02 5.6493902588e+02 5.6495098877e+02 5.6493402100e+02 5.6491400146e+02 5.6489599609e+02 5.6487701416e+02 5.6487200928e+02 5.6488000488e+02 5.6487402344e+02 5.6485900879e+02 5.6482000732e+02 5.6479302979e+02 5.6480999756e+02 5.6483599854e+02 5.6482897949e+02 5.6480200195e+02 5.6481500244e+02 5.6484802246e+02 5.6486401367e+02 5.6489398193e+02 5.6498901367e+02 5.6510601807e+02 5.6515600586e+02 5.6517498779e+02 5.6521301270e+02 5.6523498535e+02 5.6525402832e+02 5.6525897217e+02 5.6527502441e+02 5.6533599854e+02 5.6540502930e+02 5.6548901367e+02 5.6555401611e+02 5.6558398438e+02 5.6561798096e+02 5.6565698242e+02 5.6568298340e+02 5.6571099854e+02 5.6573901367e+02 5.6574102783e+02 5.6573297119e+02 5.6574597168e+02
5.6465502930e+02 5.6478497314e+02 5.6482000732e+02 5.6482299805e+02 5.6483099365e+02 5.6482098389e+02 5.6479901123e+02 5.6479302979e+02 5.6477502441e+02 5.6475402832e+02 5.6476098633e+02 5.6478198242e+02 5.6478497314e+02 5.6476898193e+02 5.6473199463e+02 5.6473999023e+02 5.6477398682e+02 5.6479901123e+02 5.6478601074e+02 5.6476800537e+02 5.6478100586e+02 5.6480297852e+02 5.6483099365e+02 5.6487402344e+02 5.6494702148e+02 5.6503997803e+02 5.6511700439e+02 5.6517102051e+02 5.6521002197e+02 5.6521398926e+02 5.6522198486e+02 5.6522601318e+02 5.6524902344e+02 5.6530401611e+02 5.6536199951e+02 5.6544598389e+02 5.6552301025e+02 5.6556701660e+02 5.6560699463e+02 5.6565301514e+02 5.6569201660e+02 5.6572601318e+02 5.6574597168e+02 5.6573797607e+02 5.6572497559e+02 5.6574200439e+02
5.6461901855e+02 5.6472302246e+02 5.6476501465e+02 5.6476098633e+02 5.6474200439e+02 5.6471801758e+02 5.6471801758e+02 5.6472198486e+02 5.6469702148e+02 5.6466699219e+02 5.6467401123e+02 5.6467797852e+02 5.6468798828e+02 5.6468597412e+02 5.6467199707e+02 5.6468402100e+02 5.6472198486e+02 5.6475402832e+02 5.6473999023e+02 5.6475402832e+02 5.6474902344e+02 5.6475201416e+02 5.6478802490e+02 5.6484399414e+02 5.6490100098e+02 5.6496899414e+02 5.6506298828e+02 5.6513800049e+02 5.6518298340e+02 5.6518298340e+02 5.6518402100e+02 5.6518798828e+02 5.6521301270e+02 5.6526000977e+02 5.6531298828e+02 5.6539801025e+02 5.6548498535e+02 5.6554699707e+02 5.6559497070e+02 5.6565301514e+02 5.6570001221e+02 5.6573199463e+02 5.6573901367e+02 5.6573400879e+02 5.6572399902e+02 5.6574102783e+02
5.6463098145e+02 5.6471099854e+02 5.6474401855e+02 5.6473400879e+02 5.6470898438e+02 5.6469897461e+02 5.6470800781e+02 5.6470800781e+02 5.6468200684e+02 5.6465197754e+02 5.6464001465e+02 5.6461798096e+02 5.6460400391e+02 5.6460699463e+02 5.6463598633e+02 5.6464001465e+02 5.6467297363e+02 5.6471600342e+02 5.6471697998e+02 5.6470599365e+02 5.6469799805e+02 5.6471301270e+02 5.6475097656e+02 5.6479998779e+02 5.6487500000e+02 5.6494702148e+02 5.6502502441e+02 5.6509497070e+02 5.6514599609e+02 5.6515899658e+02 5.6515997314e+02 5.6517102051e+02 5.6519201660e+02 5.6522802734e+02 5.6527301025e+02 5.6535900879e+02 5.6545300293e+02 5.6553302002e+02 5.6560302734e+02 5.6566400146e+02 5.6569799805e+02 5.6571801758e+02 5.6572900391e+02 5.6572698975e+02 5.6572601318e+02 5.6574597168e+02
5.6465802002e+02 5.6471398926e+02 5.6473797607e+02 5.6472100830e+02 5.6470098877e+02 5.6470397949e+02 5.6471301270e+02 5.6469897461e+02 5.6467199707e+02 5.6464099121e+02 5.6462097168e+02 5.6459002686e+02 5.6455798340e+02 5.6454400635e+02 5.6456701660e+02 5.6458801270e+02 5.6463598633e+02 5.6467999268e+02 5.6467602539e+02 5.6465600586e+02 5.6465197754e+02 5.6467700195e+02 5.6471899414e+02 5.6476397705e+02 5.6485400391e+02 5.6493701172e+02 5.6499499512e+02 5.6505999756e+02 5.6511602783e+02 5.6514898682e+02 5.6515301514e+02 5.6514697266e+02 5.6515997314e+02 5.6519201660e+02 5.6523498535e+02 5.6532098389e+02 5.6542199707e+02 5.6551599121e+02 5.6560302734e+02 5.6567401123e+02 5.6570098877e+02 5.6571197510e+02 5.6572399902e+02 5.6571899414e+02 5.6571997070e+02 5.6573797607e+02
5.6469500732e+02 5.6472802734e+02 5.6473797607e+02 5.6470898438e+02 5.6470300293e+02 5.6471502686e+02 5.6471002197e+02 5.6468200684e+02 5.6465600586e+02 5.6462799072e+02 5.6460699463e+02 5.6459002686e+02 5.6455499268e+02 5.6451800537e+02 5.6450402832e+02 5.6453399658e+02 5.6458697510e+02 5.6461901855e+02 5.6461102295e+02 5.6460302734e+02 5.6461199951e+02 5.6464099121e+02 5.6467999268e+02 5.6472198486e+02 5.6481201172e+02 5.6489599609e+02 5.6495001221e+02 5.6502502441e+02 5.6509600830e+02 5.6514300537e+02 5.6515100098e+02 5.6512298584e+02 5.6512902832e+02 5.6516497803e+02 5.6521197510e+02 5.6529302979e+02 5.6539398193e+02 5.6549102783e+02 5.6558398438e+02 5.6566998291e+02 5.6570202637e+02 5.6571002197e+02 5.6571899414e+02 5.6571197510e+02 5.6571502686e+02 5.6573297119e+02
5.6472601318e+02 5.6473101807e+02 5.6473400879e+02 5.6471502686e+02 5.6470800781e+02 5.6470599365e+02 5.6467602539e+02 5.6464501953e+02 5.6461602783e+02 5.6459197998e+02 5.6458099365e+02 5.6458898926e+02 5.6456896973e+02 5.6452697754e+02 5.6448602295e+02 5.6449499512e+02 5.6452899170e+02 5.6455603027e+02 5.6456597900e+02 5.6456298828e+02 5.6459399414e+02 5.6461602783e+02 5.6464300537e+02 5.6467401123e+02 5.6475299072e+02 5.6483398438e+02 5.6490002441e+02 5.6499798584e+02 5.6508197021e+02 5.6512500000e+02 5.6512902832e+02 5.6511401367e+02 5.6511199951e+02 5.6514801025e+02 5.6520501709e+02 5.6527801514e+02 5.6537799072e+02 5.6547302246e+02 5.6555798340e+02 5.6565600586e+02 5.6569396973e+02 5.6569799805e+02 5.6570599365e+02 5.6570898438e+02 5.6571398926e+02 5.6573297119e+02
5.6473400879e+02 5.6470098877e+02 5.6469097900e+02 5.6469702148e+02 5.6470697021e+02 5.6470098877e+02 5.6466802979e+02 5.6461798096e+02 5.6457598877e+02 5.6454302979e+02 5.6453399658e+02 5.6454498291e+02 5.6453698730e+02 5.6451098633e+02 5.6446801758e+02 5.6446801758e+02 5.6450799561e+02 5.6454400635e+02 5.6451599121e+02 5.6453100586e+02 5.6460400391e+02 5.6463000488e+02 5.6462097168e+02 5.6464398193e+02 5.6473199463e+02 5.6481896973e+02 5.6488000488e+02 5.6496697998e+02 5.6505902100e+02 5.6511102295e+02 5.6511102295e+02 5.6511297607e+02 5.6509802246e+02 5.6511199951e+02 5.6516998291e+02 5.6526202393e+02 5.6537701416e+02 5.6547198486e+02 5.6554699707e+02 5.6563500977e+02 5.6567102051e+02 5.6568103027e+02 5.6569598389e+02 5.6570001221e+02 5.6569799805e+02 5.6571600342e+02
5.6471801758e+02 5.6467102051e+02 5.6465197754e+02 5.6468402100e+02 5.6471002197e+02 5.6471197510e+02 5.6466400146e+02 5.6459997559e+02 5.6455297852e+02 5.6451501465e+02 5.6448498535e+02 5.6448199463e+02 5.6448297119e+02 5.6447198486e+02 5.6444799805e+02 5.6445202637e+02 5.6448797607e+02 5.6451000977e+02 5.6445202637e+02 5.6446301270e+02 5.6455297852e+02 5.6459197998e+02 5.6458599854e+02 5.6461901855e+02 5.6471099854e+02 5.6480297852e+02 5.6486999512e+02 5.6495202637e+02 5.6503802490e+02 5.6509002686e+02 5.6509002686e+02 5.6509899902e+02 5.6507897949e+02 5.6508398438e+02 5.6513598633e+02 5.6523199463e+02 5.6534399414e+02 5.6544500732e+02 5.6553802490e+02 5.6561798096e+02 5.6565600586e+02 5.6567297363e+02 5.6569799805e+02 5.6570599365e+02 5.6569396973e+02 5.6570599365e+02
5.6468103027e+02 5.6463098145e+02 5.6461901855e+02 5.6467102051e+02 5.6470599365e+02 5.6471301270e+02 5.6465399170e+02 5.6458300781e+02 5.6453900146e+02 5.6450201416e+02 5.6445300293e+02 5.6442297363e+02 5.6442700195e+02 5.6442999268e+02 5.6443499756e+02 5.6446301270e+02 5.6448199463e+02 5.6446197510e+02 5.6439801025e+02 5.6442797852e+02 5.6451300049e+02 5.6455200195e+02 5.6454797363e+02 5.6459002686e+02 5.6467901611e+02 5.6477398682e+02 5.6485498047e+02 5.6493499756e+02 5.6500799561e+02 5.6505499268e+02 5.6506701660e+02 5.6507501221e+02 5.6505603027e+02 5.6506201172e+02 5.6510900879e+02 5.6519500732e+02 5.6529602051e+02 5.6540899658e+02 5.6552697754e+02 5.6560601807e+02 5.6565002441e+02 5.6567102051e+02 5.6569598389e+02 5.6571099854e+02 5.6569500732e+02 5.6569799805e+02
5.6462799072e+02 5.6459997559e+02 5.6460601807e+02 5.6464300537e+02 5.6465899658e+02 5.6465698242e+02 5.6457501221e+02 5.6454602051e+02 5.6452001953e+02 5.6449597168e+02 5.6446801758e+02 5.6441900635e+02 5.6441101074e+02 5.6441497803e+02 5.6442999268e+02 5.6447601318e+02 5.6448498535e+02 5.6443701172e+02 5.6437799072e+02 5.6442498779e+02 5.6448498535e+02 5.6450701904e+02 5.6451300049e+02 5.6456896973e+02 5.6465301514e+02 5.6474401855e+02 5.6483001709e+02 5.6489801025e+02 5.6496600342e+02 5.6501300049e+02 5.6503198242e+02 5.6503698730e+02 5.6502801514e+02 5.6503698730e+02 5.6507397461e+02 5.6515899658e+02 5.6524902344e+02 5.6536102295e+02 5.6548699951e+02 5.6558099365e+02 5.6564001465e+02 5.6566699219e+02 5.6568402100e+02 5.6570001221e+02 5.6569396973e+02 5.6569702148e+02
5.6459997559e+02 5.6459301758e+02 5.6458599854e+02 5.6459997559e+02 5.6459197998e+02 5.6457202148e+02 5.6452398682e+02 5.6449700928e+02 5.6449102783e+02 5.6448498535e+02 5.6448400879e+02 5.6446899414e+02 5.6445098877e+02 5.6443902588e+02 5.6442999268e+02 5.6444799805e+02 5.6443701172e+02 5.6439398193e+02 5.6436297607e+02 5.6441900635e+02 5.6445202637e+02 5.6446398926e+02 5.6449102783e+02 5.6455499268e+02 5.6464398193e+02 5.6472698975e+02 5.6481097412e+02 5.6486499023e+02 5.6493701172e+02 5.6500097656e+02 5.6501300049e+02 5.6502197266e+02 5.6501599121e+02 5.6501800537e+02 5.6505401611e+02 5.6513201904e+02 5.6521197510e+02 5.6531701660e+02 5.6545898438e+02 5.6557299805e+02 5.6563897705e+02 5.6566400146e+02 5.6568103027e+02 5.6569702148e+02 5.6569702148e+02 5.6570098877e+02
5.6458697510e+02 5.6457897949e+02 5.6456597900e+02 5.6455902100e+02 5.6453802490e+02 5.6450897217e+02 5.6446801758e+02 5.6446502686e+02 5.6447302246e+02 5.6448199463e+02 5.6450201416e+02 5.6450201416e+02 5.6447998047e+02 5.6445697021e+02 5.6443597412e+02 5.6441998291e+02 5.6438897705e+02 5.6435400391e+02 5.6434600830e+02 5.6439801025e+02 5.6441497803e+02 5.6442297363e+02 5.6447100830e+02 5.6454998779e+02 5.6464398193e+02 5.6470599365e+02 5.6477801514e+02 5.6484997559e+02 5.6492199707e+02 5.6499200439e+02 5.6500500488e+02 5.6501599121e+02 5.6500299072e+02 5.6499200439e+02 5.6502697754e+02 5.6510302734e+02 5.6517700195e+02 5.6528198242e+02 5.6543701172e+02 5.6556701660e+02 5.6563000488e+02 5.6565698242e+02 5.6567700195e+02 5.6569097900e+02 5.6568798828e+02 5.6568798828e+02
5.6457598877e+02 5.6456500244e+02 5.6454498291e+02 5.6451898193e+02 5.6448498535e+02 5.6444500732e+02 5.6441302490e+02 5.6443402100e+02 5.6445501709e+02 5.6447802734e+02 5.6451098633e+02 5.6451898193e+02 5.6449298096e+02 5.6445898438e+02 5.6442999268e+02 5.6440002441e+02 5.6436199951e+02 5.6433697510e+02 5.6434301758e+02 5.6437500000e+02 5.6438299561e+02 5.6439898682e+02 5.6445898438e+02 5.6456298828e+02 5.6466699219e+02 5.6470397949e+02 5.6474200439e+02 5.6483502197e+02 5.6491101074e+02 5.6497802734e+02 5.6499298096e+02 5.6499700928e+02 5.6497698975e+02 5.6495800781e+02 5.6499102783e+02 5.6506097412e+02 5.6513000488e+02 5.6523101807e+02 5.6537799072e+02 5.6550799561e+02 5.6557299805e+02 5.6561401367e+02 5.6565802002e+02 5.6566699219e+02 5.6566400146e+02 5.6566998291e+02
