TESTSERVER/8/12.asc
NCOLS 100
NROWS 100
XLLCORNER 7.8997500000e+03
YLLCORNER 2.8935025000e+05
CELLSIZE 5.0000000000e-01
NODATA_VALUE -9.9990000000e+03
[rows 0 to 19 of 100, columns 46 to 91 of 100]
5.5819396973e+02 5.5834899902e+02 5.5857501221e+02 5.5888397217e+02 5.5921899414e+02 5.5961499023e+02 5.5999798584e+02 5.6030297852e+02 5.6068499756e+02 5.6111700439e+02 5.6153601074e+02 5.6180102539e+02 5.6208197021e+02 5.6252099609e+02 5.6301000977e+02 5.6319598389e+02 5.6350598145e+02 5.6390399170e+02 5.6422497559e+02 5.6427899170e+02 5.6437298584e+02 5.6450097656e+02 5.6467102051e+02 5.6483898926e+02 5.6498602295e+02 5.6512597656e+02 5.6523797607e+02 5.6540100098e+02 5.6554199219e+02 5.6568597412e+02 5.6582702637e+02 5.6600000000e+02 5.6613702393e+02 5.6623199463e+02 5.6627899170e+02 5.6628900146e+02 5.6630499268e+02 5.6633197021e+02 5.6637200928e+02 5.6638800049e+02 5.6639801025e+02 5.6641699219e+02 5.6645397949e+02 5.6648199463e+02 5.6647900391e+02 5.6647100830e+02
5.5831597900e+02 5.5849597168e+02 5.5872198486e+02 5.5907397461e+02 5.5948797607e+02 5.5993597412e+02 5.6032800293e+02 5.6057598877e+02 5.6089398193e+02 5.6129199219e+02 5.6169000244e+02 5.6202600098e+02 5.6238201904e+02 5.6279699707e+02 5.6316998291e+02 5.6339398193e+02 5.6370300293e+02 5.6408197021e+02 5.6434197998e+02 5.6436102295e+02 5.6442102051e+02 5.6454101563e+02 5.6474298096e+02 5.6491998291e+02 5.6506298828e+02 5.6518902588e+02 5.6530902100e+02 5.6544500732e+02 5.6557098389e+02 5.6569799805e+02 5.6583197021e+02 5.6598498535e+02 5.6611602783e+02 5.6620898438e+02 5.6625701904e+02 5.6627899170e+02 5.6628900146e+02 5.6630499268e+02 5.6634002686e+02 5.6637200928e+02 5.6638397217e+02 5.6640600586e+02 5.6645202637e+02 5.6647802734e+02 5.6647302246e+02 5.6645202637e+02
5.5842297363e+02 5.5864599609e+02 5.5889697266e+02 5.5928198242e+02 5.5972601318e+02 5.6018298340e+02 5.6056097412e+02 5.6079400635e+02 5.6108300781e+02 5.6146502686e+02 5.6187902832e+02 5.6226202393e+02 5.6263897705e+02 5.6297601318e+02 5.6326702881e+02 5.6356799316e+02 5.6387597656e+02 5.6421600342e+02 5.6445397949e+02 5.6446301270e+02 5.6451000977e+02 5.6461798096e+02 5.6482397461e+02 5.6501397705e+02 5.6515399170e+02 5.6527801514e+02 5.6538702393e+02 5.6550201416e+02 5.6561297607e+02 5.6572698975e+02 5.6584301758e+02 5.6598199463e+02 5.6610400391e+02 5.6619000244e+02 5.6623199463e+02 5.6625500488e+02 5.6627001953e+02 5.6628900146e+02 5.6632202148e+02 5.6635699463e+02 5.6637200928e+02 5.6639501953e+02 5.6643902588e+02 5.6646899414e+02 5.6646502686e+02 5.6644299316e+02
5.5850500488e+02 5.5878100586e+02 5.5908801270e+02 5.5949902344e+02 5.5994097900e+02 5.6036901855e+02 5.6072100830e+02 5.6097601318e+02 5.6126098633e+02 5.6161901855e+02 5.6203302002e+02 5.6241198730e+02 5.6278399658e+02 5.6310998535e+02 5.6341601563e+02 5.6372399902e+02 5.6400701904e+02 5.6431896973e+02 5.6456298828e+02 5.6457702637e+02 5.6461901855e+02 5.6471899414e+02 5.6492102051e+02 5.6511700439e+02 5.6525500488e+02 5.6537597656e+02 5.6547497559e+02 5.6556799316e+02 5.6566400146e+02 5.6576300049e+02 5.6586297607e+02 5.6598498535e+02 5.6609600830e+02 5.6617602539e+02 5.6621301270e+02 5.6622900391e+02 5.6625097656e+02 5.6627600098e+02 5.6630999756e+02 5.6634497070e+02 5.6636297607e+02 5.6637799072e+02 5.6640301514e+02 5.6644201660e+02 5.6644897461e+02 5.6643902588e+02
5.5862500000e+02 5.5892797852e+02 5.5929101563e+02 5.5972100830e+02 5.6016497803e+02 5.6055401611e+02 5.6084997559e+02 5.6117999268e+02 5.6148699951e+02 5.6180102539e+02 5.6218798828e+02 5.6258001709e+02 5.6291699219e+02 5.6322302246e+02 5.6352899170e+02 5.6379797363e+02 5.6408599854e+02 5.6439202881e+02 5.6464898682e+02 5.6470397949e+02 5.6474401855e+02 5.6483001709e+02 5.6502197266e+02 5.6523602295e+02 5.6537701416e+02 5.6549700928e+02 5.6558801270e+02 5.6564801025e+02 5.6572601318e+02 5.6580499268e+02 5.6586700439e+02 5.6597998047e+02 5.6608197021e+02 5.6616101074e+02 5.6620697021e+02 5.6621997070e+02 5.6623699951e+02 5.6626000977e+02 5.6629101563e+02 5.6633197021e+02 5.6635601807e+02 5.6636297607e+02 5.6636999512e+02 5.6640802002e+02 5.6643597412e+02 5.6644396973e+02
5.5876599121e+02 5.5910101318e+02 5.5947900391e+02 5.5992901611e+02 5.6039001465e+02 5.6076202393e+02 5.6101898193e+02 5.6136901855e+02 5.6170202637e+02 5.6199102783e+02 5.6231597900e+02 5.6269702148e+02 5.6304699707e+02 5.6333001709e+02 5.6359197998e+02 5.6385601807e+02 5.6415502930e+02 5.6447100830e+02 5.6474499512e+02 5.6484600830e+02 5.6490301514e+02 5.6499401855e+02 5.6519201660e+02 5.6538397217e+02 5.6551702881e+02 5.6562200928e+02 5.6569500732e+02 5.6575097656e+02 5.6580902100e+02 5.6586499023e+02 5.6591699219e+02 5.6599102783e+02 5.6607299805e+02 5.6614001465e+02 5.6618499756e+02 5.6620202637e+02 5.6621997070e+02 5.6624401855e+02 5.6627301025e+02 5.6631298828e+02 5.6633898926e+02 5.6634802246e+02 5.6636199951e+02 5.6639099121e+02 5.6641302490e+02 5.6641900635e+02
5.5893798828e+02 5.5929602051e+02 5.5967498779e+02 5.6011401367e+02 5.6055297852e+02 5.6091101074e+02 5.6116699219e+02 5.6151098633e+02 5.6185797119e+02 5.6216198730e+02 5.6249298096e+02 5.6284997559e+02 5.6319097900e+02 5.6346099854e+02 5.6367602539e+02 5.6394097900e+02 5.6424298096e+02 5.6454699707e+02 5.6482897949e+02 5.6498602295e+02 5.6508898926e+02 5.6521502686e+02 5.6539599609e+02 5.6554602051e+02 5.6565997314e+02 5.6574499512e+02 5.6580603027e+02 5.6585198975e+02 5.6588800049e+02 5.6592297363e+02 5.6596502686e+02 5.6601800537e+02 5.6607397461e+02 5.6612402344e+02 5.6615997314e+02 5.6617498779e+02 5.6619396973e+02 5.6622100830e+02 5.6625299072e+02 5.6629400635e+02 5.6632299805e+02 5.6633599854e+02 5.6635101318e+02 5.6637402344e+02 5.6638897705e+02 5.6639202881e+02
5.5914801025e+02 5.5948797607e+02 5.5983001709e+02 5.6026000977e+02 5.6069299316e+02 5.6105603027e+02 5.6133898926e+02 5.6169000244e+02 5.6203497314e+02 5.6234997559e+02 5.6272399902e+02 5.6310699463e+02 5.6339501953e+02 5.6362799072e+02 5.6382897949e+02 5.6409600830e+02 5.6438500977e+02 5.6465301514e+02 5.6493402100e+02 5.6511798096e+02 5.6524798584e+02 5.6541198730e+02 5.6560302734e+02 5.6571801758e+02 5.6581298828e+02 5.6587500000e+02 5.6591802979e+02 5.6594702148e+02 5.6596099854e+02 5.6597399902e+02 5.6600097656e+02 5.6603399658e+02 5.6607000732e+02 5.6610900879e+02 5.6614300537e+02 5.6615899658e+02 5.6617602539e+02 5.6619897461e+02 5.6622900391e+02 5.6627099609e+02 5.6630499268e+02 5.6631896973e+02 5.6632598877e+02 5.6634997559e+02 5.6636499023e+02 5.6636999512e+02
5.5934899902e+02 5.5965399170e+02 5.5991497803e+02 5.6038598633e+02 5.6084997559e+02 5.6122601318e+02 5.6151501465e+02 5.6188897705e+02 5.6222302246e+02 5.6252301025e+02 5.6289001465e+02 5.6325402832e+02 5.6352301025e+02 5.6377398682e+02 5.6401800537e+02 5.6428900146e+02 5.6455499268e+02 5.6481701660e+02 5.6510101318e+02 5.6527301025e+02 5.6537402344e+02 5.6555297852e+02 5.6581500244e+02 5.6589300537e+02 5.6596997070e+02 5.6601702881e+02 5.6601098633e+02 5.6602697754e+02 5.6602600098e+02 5.6601800537e+02 5.6600500488e+02 5.6602398682e+02 5.6605499268e+02 5.6609899902e+02 5.6612902832e+02 5.6614099121e+02 5.6615399170e+02 5.6617602539e+02 5.6620697021e+02 5.6625799561e+02 5.6629498291e+02 5.6630102539e+02 5.6628497314e+02 5.6632299805e+02 5.6634100342e+02 5.6634698486e+02
5.5948400879e+02 5.5981701660e+02 5.6006097412e+02 5.6045300293e+02 5.6092102051e+02 5.6134399414e+02 5.6167199707e+02 5.6202801514e+02 5.6235998535e+02 5.6267797852e+02 5.6304797363e+02 5.6339300537e+02 5.6366497803e+02 5.6392401123e+02 5.6415698242e+02 5.6441699219e+02 5.6470599365e+02 5.6497998047e+02 5.6523797607e+02 5.6546997070e+02 5.6558502197e+02 5.6570300293e+02 5.6588702393e+02 5.6594396973e+02 5.6599499512e+02 5.6603601074e+02 5.6601702881e+02 5.6600299072e+02 5.6598999023e+02 5.6598199463e+02 5.6597802734e+02 5.6598498535e+02 5.6602697754e+02 5.6609497070e+02 5.6612902832e+02 5.6612799072e+02 5.6614099121e+02 5.6616699219e+02 5.6620001221e+02 5.6624102783e+02 5.6627502441e+02 5.6628997803e+02 5.6627899170e+02 5.6629699707e+02 5.6631896973e+02 5.6633001709e+02
5.5956597900e+02 5.5990802002e+02 5.6017797852e+02 5.6052001953e+02 5.6096801758e+02 5.6143402100e+02 5.6183502197e+02 5.6219396973e+02 5.6251000977e+02 5.6282397461e+02 5.6318902588e+02 5.6352899170e+02 5.6379998779e+02 5.6404998779e+02 5.6428601074e+02 5.6453198242e+02 5.6482202148e+02 5.6509802246e+02 5.6534301758e+02 5.6561901855e+02 5.6578100586e+02 5.6583697510e+02 5.6591198730e+02 5.6593902588e+02 5.6596600342e+02 5.6600299072e+02 5.6599499512e+02 5.6597399902e+02 5.6595599365e+02 5.6595300293e+02 5.6595800781e+02 5.6596600342e+02 5.6599700928e+02 5.6605200195e+02 5.6609600830e+02 5.6610400391e+02 5.6612402344e+02 5.6615698242e+02 5.6618902588e+02 5.6621801758e+02 5.6625000000e+02 5.6627398682e+02 5.6627197266e+02 5.6627398682e+02 5.6629400635e+02 5.6631097412e+02
5.5964398193e+02 5.5997198486e+02 5.6026898193e+02 5.6063000488e+02 5.6106097412e+02 5.6153002930e+02 5.6198602295e+02 5.6240301514e+02 5.6272900391e+02 5.6302001953e+02 5.6333398438e+02 5.6362597656e+02 5.6389001465e+02 5.6415100098e+02 5.6440399170e+02 5.6463800049e+02 5.6492498779e+02 5.6520898438e+02 5.6545898438e+02 5.6572100830e+02 5.6586199951e+02 5.6588000488e+02 5.6590399170e+02 5.6591497803e+02 5.6593298340e+02 5.6596801758e+02 5.6597497559e+02 5.6596398926e+02 5.6594396973e+02 5.6593902588e+02 5.6594299316e+02 5.6596099854e+02 5.6598101807e+02 5.6601098633e+02 5.6605499268e+02 5.6607202148e+02 5.6609399414e+02 5.6612799072e+02 5.6615997314e+02 5.6618701172e+02 5.6622399902e+02 5.6625500488e+02 5.6626000977e+02 5.6625701904e+02 5.6627301025e+02 5.6629101563e+02
5.5973999023e+02 5.6007299805e+02 5.6038500977e+02 5.6076599121e+02 5.6118701172e+02 5.6162298584e+02 5.6208502197e+02 5.6255401611e+02 5.6293103027e+02 5.6321301270e+02 5.6346398926e+02 5.6369897461e+02 5.6394897461e+02 5.6422698975e+02 5.6450000000e+02 5.6475598145e+02 5.6504199219e+02 5.6532000732e+02 5.6557897949e+02 5.6579602051e+02 5.6586999512e+02 5.6587799072e+02 5.6589300537e+02 5.6588897705e+02 5.6590100098e+02 5.6593499756e+02 5.6595001221e+02 5.6594897461e+02 5.6593103027e+02 5.6591601563e+02 5.6591497803e+02 5.6594799805e+02 5.6596801758e+02 5.6597900391e+02 5.6601000977e+02 5.6604199219e+02 5.6606500244e+02 5.6609698486e+02 5.6613702393e+02 5.6615197754e+02 5.6619500732e+02 5.6623498535e+02 5.6624798584e+02 5.6624798584e+02 5.6626202393e+02 5.6627398682e+02
5.5979797363e+02 5.6014099121e+02 5.6048901367e+02 5.6089501953e+02 5.6129998779e+02 5.6170501709e+02 5.6213299561e+02 5.6261499023e+02 5.6301800537e+02 5.6331402588e+02 5.6357299805e+02 5.6379901123e+02 5.6406201172e+02 5.6434899902e+02 5.6461999512e+02 5.6486199951e+02 5.6514202881e+02 5.6541601563e+02 5.6568902588e+02 5.6585998535e+02 5.6588598633e+02 5.6588299561e+02 5.6588800049e+02 5.6588201904e+02 5.6587799072e+02 5.6590698242e+02 5.6593701172e+02 5.6594000244e+02 5.6592297363e+02 5.6588800049e+02 5.6588299561e+02 5.6590002441e+02 5.6592797852e+02 5.6594799805e+02 5.6598297119e+02 5.6602099609e+02 5.6605401611e+02 5.6608502197e+02 5.6611499023e+02 5.6613397217e+02 5.6617700195e+02 5.6622302246e+02 5.6623901367e+02 5.6624499512e+02 5.6624401855e+02 5.6624700928e+02
5.5982501221e+02 5.6017498779e+02 5.6055999756e+02 5.6099102783e+02 5.6136102295e+02 5.6173101807e+02 5.6214300537e+02 5.6261199951e+02 5.6304400635e+02 5.6339398193e+02 5.6367901611e+02 5.6391497803e+02 5.6418298340e+02 5.6446697998e+02 5.6474700928e+02 5.6500201416e+02 5.6527398682e+02 5.6553302002e+02 5.6579602051e+02 5.6590802002e+02 5.6591302490e+02 5.6589300537e+02 5.6588299561e+02 5.6587902832e+02 5.6586700439e+02 5.6589099121e+02 5.6593103027e+02 5.6592498779e+02 5.6590698242e+02 5.6587097168e+02 5.6585998535e+02 5.6586499023e+02 5.6590100098e+02 5.6593701172e+02 5.6597399902e+02 5.6600598145e+02 5.6603900146e+02 5.6606799316e+02 5.6609399414e+02 5.6611901855e+02 5.6615899658e+02 5.6620501709e+02 5.6622399902e+02 5.6622802734e+02 5.6622399902e+02 5.6622900391e+02
5.5980102539e+02 5.6015002441e+02 5.6053302002e+02 5.6095800781e+02 5.6130999756e+02 5.6168200684e+02 5.6212402344e+02 5.6256201172e+02 5.6301000977e+02 5.6341198730e+02 5.6372998047e+02 5.6400598145e+02 5.6429699707e+02 5.6458197021e+02 5.6484698486e+02 5.6513098145e+02 5.6541998291e+02 5.6566400146e+02 5.6587902832e+02 5.6592999268e+02 5.6592700195e+02 5.6589898682e+02 5.6588500977e+02 5.6586199951e+02 5.6584301758e+02 5.6587597656e+02 5.6591101074e+02 5.6589599609e+02 5.6587799072e+02 5.6585400391e+02 5.6584301758e+02 5.6584497070e+02 5.6588598633e+02 5.6593103027e+02 5.6597100830e+02 5.6599102783e+02 5.6601702881e+02 5.6604498291e+02 5.6607598877e+02 5.6610498047e+02 5.6614599609e+02 5.6618902588e+02 5.6620202637e+02 5.6620001221e+02 5.6620599365e+02 5.6621801758e+02
5.5974597168e+02 5.6007397461e+02 5.6040100098e+02 5.6082000732e+02 5.6121502686e+02 5.6163897705e+02 5.6210498047e+02 5.6252502441e+02 5.6294598389e+02 5.6334600830e+02 5.6369702148e+02 5.6405200195e+02 5.6440502930e+02 5.6471899414e+02 5.6498999023e+02 5.6527197266e+02 5.6558099365e+02 5.6581201172e+02 5.6594500732e+02 5.6595098877e+02 5.6593298340e+02 5.6591101074e+02 5.6589599609e+02 5.6582800293e+02 5.6579699707e+02 5.6583001709e+02 5.6584899902e+02 5.6586798096e+02 5.6585900879e+02 5.6584100342e+02 5.6582702637e+02 5.6583099365e+02 5.6586199951e+02 5.6590399170e+02 5.6595599365e+02 5.6597601318e+02 5.6599102783e+02 5.6602398682e+02 5.6606799316e+02 5.6609301758e+02 5.6613500977e+02 5.6617498779e+02 5.6617901611e+02 5.6617199707e+02 5.6618597412e+02 5.6620202637e+02
5.5969097900e+02 5.5999200439e+02 5.6033697510e+02 5.6077301025e+02 5.6120300293e+02 5.6161401367e+02 5.6202697754e+02 5.6242602539e+02 5.6283801270e+02 5.6323699951e+02 5.6362902832e+02 5.6403601074e+02 5.6444702148e+02 5.6482000732e+02 5.6513800049e+02 5.6545098877e+02 5.6577502441e+02 5.6599298096e+02 5.6604101563e+02 5.6599700928e+02 5.6596600342e+02 5.6594500732e+02 5.6589501953e+02 5.6579699707e+02 5.6576397705e+02 5.6580200195e+02 5.6583599854e+02 5.6584100342e+02 5.6583398438e+02 5.6581701660e+02 5.6580401611e+02 5.6581500244e+02 5.6583398438e+02 5.6586700439e+02 5.6592297363e+02 5.6594097900e+02 5.6595501709e+02 5.6599700928e+02 5.6604400635e+02 5.6607897949e+02 5.6611901855e+02 5.6614300537e+02 5.6613098145e+02 5.6613897705e+02 5.6617498779e+02 5.6619299316e+02
5.5966400146e+02 5.5996099854e+02 5.6030700684e+02 5.6072302246e+02 5.6114501953e+02 5.6153802490e+02 5.6195001221e+02 5.6235797119e+02 5.6276300049e+02 5.6315197754e+02 5.6355200195e+02 5.6398797607e+02 5.6444799805e+02 5.6488201904e+02 5.6523498535e+02 5.6558599854e+02 5.6591699219e+02 5.6609698486e+02 5.6610302734e+02 5.6605999756e+02 5.6603302002e+02 5.6598999023e+02 5.6590301514e+02 5.6578802490e+02 5.6575000000e+02 5.6578698730e+02 5.6582598877e+02 5.6582397461e+02 5.6582202148e+02 5.6580603027e+02 5.6579602051e+02 5.6580297852e+02 5.6581402588e+02 5.6584497070e+02 5.6590301514e+02 5.6591302490e+02 5.6592700195e+02 5.6596899414e+02 5.6600799561e+02 5.6604602051e+02 5.6609197998e+02 5.6611401367e+02 5.6610400391e+02 5.6611901855e+02 5.6616198730e+02 5.6617999268e+02
5.5966497803e+02 5.5998699951e+02 5.6035797119e+02 5.6072998047e+02 5.6113702393e+02 5.6153002930e+02 5.6194500732e+02 5.6236700439e+02 5.6277801514e+02 5.6316802979e+02 5.6356201172e+02 5.6399902344e+02 5.6448901367e+02 5.6496801758e+02 5.6535998535e+02 5.6573602295e+02 5.6603601074e+02 5.6615802002e+02 5.6615100098e+02 5.6613201904e+02 5.6610101318e+02 5.6603198242e+02 5.6591497803e+02 5.6578100586e+02 5.6573498535e+02 5.6576599121e+02 5.6580603027e+02 5.6581402588e+02 5.6582598877e+02 5.6580603027e+02 5.6579101563e+02 5.6579302979e+02 5.6580102539e+02 5.6583300781e+02 5.6588201904e+02 5.6589398193e+02 5.6590899658e+02 5.6594702148e+02 5.6597900391e+02 5.6601300049e+02 5.6606201172e+02 5.6609100342e+02 5.6609301758e+02 5.6610498047e+02 5.6614501953e+02 5.6616601563e+02
