TESTSERVER/8/12.asc
NCOLS 100
NROWS 100
XLLCORNER 7.8997500000e+03
YLLCORNER 2.8935025000e+05
CELLSIZE 5.0000000000e-01
NODATA_VALUE -9.9990000000e+03
[rows 20 to 39 of 100, columns 46 to 91 of 100]
5.5970001221e+02 5.6008599854e+02 5.6049499512e+02 5.6085198975e+02 5.6126000977e+02 5.6166101074e+02 5.6201898193e+02 5.6246697998e+02 5.6292401123e+02 5.6335400391e+02 5.6374200439e+02 5.6416101074e+02 5.6465899658e+02 5.6515698242e+02 5.6560302734e+02 5.6595300293e+02 5.6616497803e+02 5.6622497559e+02 5.6622198486e+02 5.6618402100e+02 5.6613500977e+02 5.6604699707e+02 5.6591101074e+02 5.6577197266e+02 5.6572601318e+02 5.6575000000e+02 5.6578100586e+02 5.6579302979e+02 5.6580700684e+02 5.6578601074e+02 5.6576098633e+02 5.6578302002e+02 5.6579797363e+02 5.6582800293e+02 5.6586499023e+02 5.6588201904e+02 5.6589501953e+02 5.6592199707e+02 5.6595697021e+02 5.6599102783e+02 5.6603302002e+02 5.6605902100e+02 5.6606500244e+02 5.6608599854e+02 5.6611999512e+02 5.6614599609e+02
5.5980700684e+02 5.6018298340e+02 5.6059497070e+02 5.6099102783e+02 5.6146502686e+02 5.6192199707e+02 5.6231500244e+02 5.6275097656e+02 5.6321197510e+02 5.6364398193e+02 5.6402600098e+02 5.6446398926e+02 5.6495599365e+02 5.6543597412e+02 5.6586700439e+02 5.6617700195e+02 5.6628997803e+02 5.6629498291e+02 5.6626300049e+02 5.6620001221e+02 5.6612902832e+02 5.6603198242e+02 5.6588800049e+02 5.6572900391e+02 5.6568103027e+02 5.6571600342e+02 5.6575799561e+02 5.6577398682e+02 5.6579498291e+02 5.6578302002e+02 5.6574902344e+02 5.6577398682e+02 5.6578802490e+02 5.6581701660e+02 5.6586602783e+02 5.6587902832e+02 5.6588299561e+02 5.6590600586e+02 5.6594396973e+02 5.6598101807e+02 5.6602001953e+02 5.6604498291e+02 5.6605902100e+02 5.6606896973e+02 5.6609802246e+02 5.6613098145e+02
5.5992401123e+02 5.6024902344e+02 5.6066900635e+02 5.6114697266e+02 5.6168701172e+02 5.6219897461e+02 5.6262902832e+02 5.6307202148e+02 5.6353997803e+02 5.6397601318e+02 5.6436297607e+02 5.6480297852e+02 5.6527502441e+02 5.6571099854e+02 5.6608697510e+02 5.6631298828e+02 5.6635699463e+02 5.6632702637e+02 5.6628601074e+02 5.6621600342e+02 5.6612902832e+02 5.6601702881e+02 5.6586798096e+02 5.6571002197e+02 5.6566101074e+02 5.6569201660e+02 5.6573101807e+02 5.6574102783e+02 5.6575799561e+02 5.6575701904e+02 5.6572698975e+02 5.6575799561e+02 5.6577697754e+02 5.6580102539e+02 5.6585101318e+02 5.6586901855e+02 5.6587298584e+02 5.6589697266e+02 5.6594201660e+02 5.6597998047e+02 5.6600799561e+02 5.6602899170e+02 5.6605297852e+02 5.6606402588e+02 5.6608599854e+02 5.6611401367e+02
5.6009802246e+02 5.6040899658e+02 5.6083502197e+02 5.6137402344e+02 5.6193200684e+02 5.6245599365e+02 5.6290502930e+02 5.6335900879e+02 5.6383599854e+02 5.6428302002e+02 5.6468701172e+02 5.6513098145e+02 5.6556701660e+02 5.6593798828e+02 5.6622698975e+02 5.6636199951e+02 5.6636297607e+02 5.6632098389e+02 5.6628198242e+02 5.6620800781e+02 5.6610302734e+02 5.6598199463e+02 5.6584301758e+02 5.6570300293e+02 5.6564599609e+02 5.6566699219e+02 5.6570501709e+02 5.6570800781e+02 5.6571697998e+02 5.6572399902e+02 5.6571002197e+02 5.6574200439e+02 5.6577099609e+02 5.6579199219e+02 5.6582299805e+02 5.6584600830e+02 5.6585601807e+02 5.6588201904e+02 5.6593103027e+02 5.6596801758e+02 5.6598999023e+02 5.6600897217e+02 5.6604101563e+02 5.6605297852e+02 5.6607397461e+02 5.6609600830e+02
5.6038598633e+02 5.6073297119e+02 5.6114801025e+02 5.6167999268e+02 5.6220098877e+02 5.6269097900e+02 5.6313598633e+02 5.6360302734e+02 5.6407702637e+02 5.6452801514e+02 5.6490899658e+02 5.6537500000e+02 5.6577801514e+02 5.6608398438e+02 5.6630297852e+02 5.6634997559e+02 5.6634002686e+02 5.6629998779e+02 5.6625201416e+02 5.6617199707e+02 5.6605700684e+02 5.6593103027e+02 5.6581799316e+02 5.6568200684e+02 5.6561102295e+02 5.6563500977e+02 5.6568798828e+02 5.6569396973e+02 5.6569201660e+02 5.6569201660e+02 5.6569500732e+02 5.6572100830e+02 5.6576599121e+02 5.6579998779e+02 5.6581597900e+02 5.6583801270e+02 5.6585198975e+02 5.6587500000e+02 5.6591601563e+02 5.6595202637e+02 5.6597497559e+02 5.6599401855e+02 5.6602899170e+02 5.6603198242e+02 5.6605401611e+02 5.6607501221e+02
5.6076702881e+02 5.6113000488e+02 5.6151397705e+02 5.6197802734e+02 5.6246002197e+02 5.6293402100e+02 5.6336700439e+02 5.6381298828e+02 5.6428302002e+02 5.6474700928e+02 5.6516198730e+02 5.6560101318e+02 5.6594702148e+02 5.6617498779e+02 5.6628997803e+02 5.6631201172e+02 5.6632800293e+02 5.6628601074e+02 5.6621697998e+02 5.6613702393e+02 5.6602398682e+02 5.6588702393e+02 5.6574499512e+02 5.6561999512e+02 5.6558898926e+02 5.6562597656e+02 5.6566601563e+02 5.6567102051e+02 5.6567498779e+02 5.6566302490e+02 5.6564202881e+02 5.6567901611e+02 5.6574597168e+02 5.6580499268e+02 5.6583300781e+02 5.6584698486e+02 5.6585400391e+02 5.6587097168e+02 5.6590997314e+02 5.6594299316e+02 5.6596899414e+02 5.6598400879e+02 5.6601000977e+02 5.6601300049e+02 5.6603802490e+02 5.6605603027e+02
5.6117901611e+02 5.6154101563e+02 5.6188000488e+02 5.6228900146e+02 5.6275299072e+02 5.6323901367e+02 5.6368798828e+02 5.6409802246e+02 5.6456201172e+02 5.6503997803e+02 5.6546301270e+02 5.6583599854e+02 5.6608898926e+02 5.6621997070e+02 5.6625701904e+02 5.6627301025e+02 5.6628997803e+02 5.6625097656e+02 5.6617401123e+02 5.6608697510e+02 5.6597497559e+02 5.6583898926e+02 5.6569097900e+02 5.6558801270e+02 5.6557702637e+02 5.6560498047e+02 5.6562902832e+02 5.6565301514e+02 5.6566900635e+02 5.6564801025e+02 5.6561199951e+02 5.6565698242e+02 5.6572698975e+02 5.6579699707e+02 5.6584197998e+02 5.6585998535e+02 5.6585699463e+02 5.6586499023e+02 5.6590002441e+02 5.6593597412e+02 5.6596502686e+02 5.6597698975e+02 5.6599200439e+02 5.6599902344e+02 5.6602697754e+02 5.6604498291e+02
5.6155700684e+02 5.6191400146e+02 5.6222601318e+02 5.6259497070e+02 5.6304302979e+02 5.6355200195e+02 5.6404498291e+02 5.6445202637e+02 5.6492401123e+02 5.6540997314e+02 5.6579400635e+02 5.6605297852e+02 5.6619897461e+02 5.6623498535e+02 5.6621099854e+02 5.6622497559e+02 5.6622802734e+02 5.6619299316e+02 5.6611798096e+02 5.6603302002e+02 5.6592901611e+02 5.6579901123e+02 5.6565698242e+02 5.6556799316e+02 5.6555200195e+02 5.6557202148e+02 5.6559301758e+02 5.6562902832e+02 5.6564599609e+02 5.6562402344e+02 5.6559698486e+02 5.6564398193e+02 5.6571398926e+02 5.6578601074e+02 5.6583801270e+02 5.6586102295e+02 5.6585900879e+02 5.6585998535e+02 5.6589099121e+02 5.6592401123e+02 5.6595202637e+02 5.6596697998e+02 5.6598101807e+02 5.6598602295e+02 5.6601202393e+02 5.6602801514e+02
5.6186199951e+02 5.6223602295e+02 5.6258197021e+02 5.6289202881e+02 5.6330102539e+02 5.6381298828e+02 5.6433300781e+02 5.6476599121e+02 5.6525897217e+02 5.6574298096e+02 5.6609497070e+02 5.6622601318e+02 5.6626501465e+02 5.6622698975e+02 5.6618701172e+02 5.6618200684e+02 5.6616400146e+02 5.6612597656e+02 5.6605499268e+02 5.6597399902e+02 5.6588098145e+02 5.6575897217e+02 5.6563397217e+02 5.6554901123e+02 5.6553002930e+02 5.6554901123e+02 5.6558099365e+02 5.6558898926e+02 5.6559899902e+02 5.6559497070e+02 5.6558898926e+02 5.6563000488e+02 5.6570098877e+02 5.6577899170e+02 5.6584197998e+02 5.6585601807e+02 5.6585699463e+02 5.6585400391e+02 5.6586602783e+02 5.6590502930e+02 5.6593499756e+02 5.6596002197e+02 5.6597497559e+02 5.6597601318e+02 5.6599499512e+02 5.6600201416e+02
5.6211602783e+02 5.6251202393e+02 5.6287597656e+02 5.6315698242e+02 5.6357501221e+02 5.6410302734e+02 5.6456402588e+02 5.6506201172e+02 5.6556597900e+02 5.6594799805e+02 5.6617102051e+02 5.6624700928e+02 5.6623797607e+02 5.6619000244e+02 5.6615899658e+02 5.6614697266e+02 5.6611999512e+02 5.6608099365e+02 5.6601202393e+02 5.6594097900e+02 5.6583502197e+02 5.6570397949e+02 5.6560101318e+02 5.6553002930e+02 5.6550402832e+02 5.6552502441e+02 5.6556402588e+02 5.6557897949e+02 5.6558502197e+02 5.6559002686e+02 5.6557098389e+02 5.6560498047e+02 5.6569396973e+02 5.6578399658e+02 5.6584301758e+02 5.6586102295e+02 5.6585601807e+02 5.6584997559e+02 5.6585797119e+02 5.6589202881e+02 5.6592297363e+02 5.6595001221e+02 5.6595599365e+02 5.6596502686e+02 5.6598101807e+02 5.6597900391e+02
5.6238299561e+02 5.6279498291e+02 5.6318402100e+02 5.6346197510e+02 5.6389898682e+02 5.6441699219e+02 5.6483001709e+02 5.6540698242e+02 5.6585400391e+02 5.6606500244e+02 5.6614398193e+02 5.6619799805e+02 5.6618200684e+02 5.6614697266e+02 5.6613397217e+02 5.6609899902e+02 5.6605401611e+02 5.6600799561e+02 5.6594299316e+02 5.6588000488e+02 5.6578399658e+02 5.6566302490e+02 5.6556500244e+02 5.6548999023e+02 5.6546197510e+02 5.6548901367e+02 5.6552801514e+02 5.6555499268e+02 5.6556500244e+02 5.6556201172e+02 5.6554101563e+02 5.6556701660e+02 5.6565997314e+02 5.6576397705e+02 5.6583300781e+02 5.6585900879e+02 5.6585101318e+02 5.6584399414e+02 5.6584899902e+02 5.6587701416e+02 5.6590399170e+02 5.6592999268e+02 5.6593798828e+02 5.6594598389e+02 5.6595898438e+02 5.6596301270e+02
5.6267901611e+02 5.6310101318e+02 5.6351202393e+02 5.6380297852e+02 5.6421899414e+02 5.6468499756e+02 5.6506298828e+02 5.6562298584e+02 5.6598999023e+02 5.6609197998e+02 5.6609802246e+02 5.6612799072e+02 5.6611401367e+02 5.6609197998e+02 5.6608697510e+02 5.6603198242e+02 5.6597601318e+02 5.6592602539e+02 5.6586602783e+02 5.6579901123e+02 5.6572100830e+02 5.6562597656e+02 5.6553002930e+02 5.6545599365e+02 5.6543402100e+02 5.6546600342e+02 5.6550299072e+02 5.6553601074e+02 5.6554199219e+02 5.6552801514e+02 5.6551702881e+02 5.6553802490e+02 5.6562500000e+02 5.6573797607e+02 5.6581701660e+02 5.6585302734e+02 5.6584497070e+02 5.6583697510e+02 5.6584698486e+02 5.6587402344e+02 5.6589099121e+02 5.6590698242e+02 5.6591699219e+02 5.6592297363e+02 5.6593402100e+02 5.6594500732e+02
5.6301000977e+02 5.6341400146e+02 5.6381701660e+02 5.6417199707e+02 5.6453698730e+02 5.6492498779e+02 5.6527197266e+02 5.6564801025e+02 5.6592901611e+02 5.6603198242e+02 5.6606701660e+02 5.6607000732e+02 5.6604901123e+02 5.6602899170e+02 5.6600701904e+02 5.6595599365e+02 5.6590802002e+02 5.6585699463e+02 5.6579901123e+02 5.6572497559e+02 5.6565002441e+02 5.6556500244e+02 5.6547802734e+02 5.6541601563e+02 5.6541497803e+02 5.6545300293e+02 5.6548901367e+02 5.6550897217e+02 5.6550897217e+02 5.6549798584e+02 5.6549798584e+02 5.6552697754e+02 5.6560101318e+02 5.6571099854e+02 5.6579699707e+02 5.6583398438e+02 5.6582598877e+02 5.6582202148e+02 5.6583898926e+02 5.6586999512e+02 5.6588299561e+02 5.6588800049e+02 5.6589697266e+02 5.6590502930e+02 5.6591302490e+02 5.6592199707e+02
5.6330200195e+02 5.6368298340e+02 5.6404101563e+02 5.6444299316e+02 5.6482397461e+02 5.6520599365e+02 5.6553002930e+02 5.6577099609e+02 5.6594097900e+02 5.6602001953e+02 5.6605102539e+02 5.6604302979e+02 5.6601000977e+02 5.6597998047e+02 5.6595599365e+02 5.6590802002e+02 5.6584802246e+02 5.6579101563e+02 5.6574102783e+02 5.6565899658e+02 5.6557299805e+02 5.6548602295e+02 5.6541400146e+02 5.6537402344e+02 5.6537597656e+02 5.6541302490e+02 5.6545599365e+02 5.6548602295e+02 5.6549798584e+02 5.6550097656e+02 5.6548498535e+02 5.6552801514e+02 5.6559497070e+02 5.6569702148e+02 5.6578002930e+02 5.6582000732e+02 5.6580999756e+02 5.6581201172e+02 5.6583898926e+02 5.6585400391e+02 5.6586102295e+02 5.6586901855e+02 5.6587799072e+02 5.6588897705e+02 5.6590197754e+02 5.6591198730e+02
5.6354797363e+02 5.6395202637e+02 5.6430499268e+02 5.6469897461e+02 5.6505297852e+02 5.6539898682e+02 5.6568200684e+02 5.6583099365e+02 5.6594000244e+02 5.6600701904e+02 5.6602197266e+02 5.6599798584e+02 5.6595898438e+02 5.6591497803e+02 5.6586901855e+02 5.6581701660e+02 5.6577398682e+02 5.6573199463e+02 5.6567401123e+02 5.6557800293e+02 5.6550299072e+02 5.6543298340e+02 5.6536999512e+02 5.6535198975e+02 5.6535400391e+02 5.6538702393e+02 5.6543103027e+02 5.6545898438e+02 5.6548101807e+02 5.6550402832e+02 5.6546697998e+02 5.6551000977e+02 5.6559399414e+02 5.6569299316e+02 5.6575897217e+02 5.6579901123e+02 5.6579901123e+02 5.6580200195e+02 5.6582598877e+02 5.6584002686e+02 5.6584997559e+02 5.6585797119e+02 5.6585699463e+02 5.6585900879e+02 5.6587298584e+02 5.6589099121e+02
5.6379400635e+02 5.6424200439e+02 5.6462298584e+02 5.6493499756e+02 5.6521301270e+02 5.6549700928e+02 5.6572802734e+02 5.6582202148e+02 5.6588201904e+02 5.6593499756e+02 5.6594799805e+02 5.6591302490e+02 5.6586700439e+02 5.6582501221e+02 5.6577600098e+02 5.6572302246e+02 5.6569598389e+02 5.6565997314e+02 5.6557501221e+02 5.6548400879e+02 5.6543499756e+02 5.6538800049e+02 5.6533099365e+02 5.6531799316e+02 5.6532098389e+02 5.6535998535e+02 5.6540899658e+02 5.6543402100e+02 5.6545001221e+02 5.6547802734e+02 5.6544897461e+02 5.6548297119e+02 5.6558398438e+02 5.6568902588e+02 5.6574102783e+02 5.6577398682e+02 5.6578002930e+02 5.6578100586e+02 5.6579602051e+02 5.6581799316e+02 5.6583599854e+02 5.6584802246e+02 5.6584698486e+02 5.6583898926e+02 5.6584802246e+02 5.6586999512e+02
5.6400897217e+02 5.6451800537e+02 5.6494000244e+02 5.6512298584e+02 5.6532800293e+02 5.6555603027e+02 5.6571899414e+02 5.6576800537e+02 5.6579400635e+02 5.6583801270e+02 5.6586999512e+02 5.6580401611e+02 5.6574401855e+02 5.6571099854e+02 5.6570001221e+02 5.6563500977e+02 5.6558697510e+02 5.6553802490e+02 5.6544799805e+02 5.6539099121e+02 5.6536102295e+02 5.6533001709e+02 5.6529699707e+02 5.6528198242e+02 5.6529199219e+02 5.6533801270e+02 5.6537902832e+02 5.6543200684e+02 5.6542999268e+02 5.6543402100e+02 5.6543597412e+02 5.6545397949e+02 5.6554400635e+02 5.6565002441e+02 5.6572399902e+02 5.6575299072e+02 5.6575701904e+02 5.6575598145e+02 5.6576898193e+02 5.6579797363e+02 5.6581298828e+02 5.6582702637e+02 5.6584399414e+02 5.6584497070e+02 5.6584600830e+02 5.6585998535e+02
5.6422100830e+02 5.6475097656e+02 5.6507397461e+02 5.6516198730e+02 5.6532800293e+02 5.6553802490e+02 5.6567401123e+02 5.6571301270e+02 5.6573297119e+02 5.6575701904e+02 5.6576300049e+02 5.6567498779e+02 5.6561297607e+02 5.6558300781e+02 5.6556799316e+02 5.6552301025e+02 5.6545697021e+02 5.6540100098e+02 5.6534399414e+02 5.6530102539e+02 5.6529199219e+02 5.6528698730e+02 5.6527099609e+02 5.6526501465e+02 5.6527301025e+02 5.6532000732e+02 5.6535498047e+02 5.6541699219e+02 5.6543200684e+02 5.6542401123e+02 5.6541302490e+02 5.6542297363e+02 5.6550299072e+02 5.6561700439e+02 5.6570599365e+02 5.6574401855e+02 5.6573901367e+02 5.6572802734e+02 5.6574902344e+02 5.6578698730e+02 5.6580798340e+02 5.6582501221e+02 5.6583300781e+02 5.6583398438e+02 5.6584100342e+02 5.6584899902e+02
5.6441400146e+02 5.6490698242e+02 5.6513299561e+02 5.6517199707e+02 5.6530297852e+02 5.6547399902e+02 5.6560101318e+02 5.6565399170e+02 5.6567401123e+02 5.6567901611e+02 5.6565100098e+02 5.6556402588e+02 5.6551300049e+02 5.6548101807e+02 5.6545397949e+02 5.6543902588e+02 5.6536102295e+02 5.6529699707e+02 5.6526202393e+02 5.6524102783e+02 5.6524798584e+02 5.6524597168e+02 5.6524401855e+02 5.6524902344e+02 5.6525799561e+02 5.6530700684e+02 5.6534002686e+02 5.6539001465e+02 5.6541302490e+02 5.6540502930e+02 5.6539099121e+02 5.6540399170e+02 5.6547100830e+02 5.6557397461e+02 5.6566802979e+02 5.6571801758e+02 5.6571801758e+02 5.6570697021e+02 5.6572802734e+02 5.6576098633e+02 5.6578698730e+02 5.6581097412e+02 5.6582397461e+02 5.6581896973e+02 5.6582501221e+02 5.6583502197e+02
5.6456097412e+02 5.6497100830e+02 5.6513299561e+02 5.6519799805e+02 5.6532202148e+02 5.6544201660e+02 5.6552398682e+02 5.6557299805e+02 5.6559399414e+02 5.6558898926e+02 5.6553601074e+02 5.6546801758e+02 5.6543402100e+02 5.6540197754e+02 5.6535699463e+02 5.6534399414e+02 5.6527197266e+02 5.6520697021e+02 5.6517401123e+02 5.6517199707e+02 5.6518798828e+02 5.6518298340e+02 5.6517999268e+02 5.6518902588e+02 5.6521697998e+02 5.6528100586e+02 5.6532501221e+02 5.6535601807e+02 5.6537500000e+02 5.6537597656e+02 5.6537500000e+02 5.6538598633e+02 5.6544396973e+02 5.6553997803e+02 5.6563201904e+02 5.6569299316e+02 5.6570397949e+02 5.6569500732e+02 5.6571002197e+02 5.6574298096e+02 5.6577398682e+02 5.6579199219e+02 5.6580401611e+02 5.6579998779e+02 5.6580200195e+02 5.6581597900e+02
