TESTSERVER/8/13.asc
NCOLS 100
NROWS 100
XLLCORNER 7.8997500000e+03
YLLCORNER 2.8930025000e+05
CELLSIZE 5.0000000000e-01
NODATA_VALUE -9.9990000000e+03
[rows 20 to 39 of 100, columns 0 to 45 of 100]
5.5625299072e+02 5.5625402832e+02 5.5625402832e+02 5.5625897217e+02 5.5626599121e+02 5.5626599121e+02 5.5626501465e+02 5.5626599121e+02 5.5626599121e+02 5.5625897217e+02 5.5624798584e+02 5.5623797607e+02 5.5623498535e+02 5.5622802734e+02 5.5621502686e+02 5.5619598389e+02 5.5618103027e+02 5.5617102051e+02 5.5615899658e+02 5.5614697266e+02 5.5613897705e+02 5.5613800049e+02 5.5615502930e+02 5.5619799805e+02 5.5628601074e+02 5.5656201172e+02 5.5709399414e+02 5.5752801514e+02 5.5768902588e+02 5.5785400391e+02 5.5803399658e+02 5.5821197510e+02 5.5837402344e+02 5.5853900146e+02 5.5870697021e+02 5.5887097168e+02 5.5903302002e+02 5.5921197510e+02 5.5943298340e+02 5.5961901855e+02 5.5976898193e+02 5.5999597168e+02 5.6026098633e+02 5.6057702637e+02 5.6087597656e+02 5.6106597900e+02
5.5626702881e+02 5.5628399658e+02 5.5629699707e+02 5.5630499268e+02 5.5630700684e+02 5.5630700684e+02 5.5630603027e+02 5.5630200195e+02 5.5629797363e+02 5.5629498291e+02 5.5628997803e+02 5.5628302002e+02 5.5627099609e+02 5.5625201416e+02 5.5623101807e+02 5.5620800781e+02 5.5618701172e+02 5.5617199707e+02 5.5616198730e+02 5.5615399170e+02 5.5614599609e+02 5.5614300537e+02 5.5615301514e+02 5.5618798828e+02 5.5624798584e+02 5.5647497559e+02 5.5707299805e+02 5.5755499268e+02 5.5770098877e+02 5.5788598633e+02 5.5808099365e+02 5.5827801514e+02 5.5844201660e+02 5.5859197998e+02 5.5877899170e+02 5.5898199463e+02 5.5915502930e+02 5.5929699707e+02 5.5946197510e+02 5.5966400146e+02 5.5992700195e+02 5.6020800781e+02 5.6046301270e+02 5.6071197510e+02 5.6093402100e+02 5.6109197998e+02
5.5627801514e+02 5.5630798340e+02 5.5632800293e+02 5.5633697510e+02 5.5633599854e+02 5.5633197021e+02 5.5632800293e+02 5.5632202148e+02 5.5631701660e+02 5.5631701660e+02 5.5631500244e+02 5.5630999756e+02 5.5629797363e+02 5.5627502441e+02 5.5624700928e+02 5.5621801758e+02 5.5619000244e+02 5.5617297363e+02 5.5616198730e+02 5.5615399170e+02 5.5614801025e+02 5.5614300537e+02 5.5614300537e+02 5.5616497803e+02 5.5620397949e+02 5.5642602539e+02 5.5706097412e+02 5.5755102539e+02 5.5769000244e+02 5.5789501953e+02 5.5808801270e+02 5.5829602051e+02 5.5848699951e+02 5.5863500977e+02 5.5878698730e+02 5.5895501709e+02 5.5914398193e+02 5.5929400635e+02 5.5947601318e+02 5.5972802734e+02 5.6006097412e+02 5.6037799072e+02 5.6062597656e+02 5.6081799316e+02 5.6092797852e+02 5.6106298828e+02
5.5628198242e+02 5.5632000732e+02 5.5634399414e+02 5.5635302734e+02 5.5634698486e+02 5.5633898926e+02 5.5633300781e+02 5.5632598877e+02 5.5632202148e+02 5.5632397461e+02 5.5632397461e+02 5.5632098389e+02 5.5631201172e+02 5.5628698730e+02 5.5625598145e+02 5.5622198486e+02 5.5619000244e+02 5.5616900635e+02 5.5615802002e+02 5.5615002441e+02 5.5614398193e+02 5.5613397217e+02 5.5612597656e+02 5.5614202881e+02 5.5617602539e+02 5.5641601563e+02 5.5704199219e+02 5.5751501465e+02 5.5765802002e+02 5.5787701416e+02 5.5805499268e+02 5.5825897217e+02 5.5847998047e+02 5.5865100098e+02 5.5878497314e+02 5.5891699219e+02 5.5910302734e+02 5.5929101563e+02 5.5951300049e+02 5.5979199219e+02 5.6013201904e+02 5.6046398926e+02 5.6071197510e+02 5.6087200928e+02 5.6093103027e+02 5.6122302246e+02
5.5628399658e+02 5.5631402588e+02 5.5633001709e+02 5.5633801270e+02 5.5632702637e+02 5.5632397461e+02 5.5631799316e+02 5.5631097412e+02 5.5630102539e+02 5.5631097412e+02 5.5631402588e+02 5.5631298828e+02 5.5630297852e+02 5.5627899170e+02 5.5624798584e+02 5.5621600342e+02 5.5618499756e+02 5.5616699219e+02 5.5615399170e+02 5.5614398193e+02 5.5613299561e+02 5.5611999512e+02 5.5611297607e+02 5.5612799072e+02 5.5614300537e+02 5.5642498779e+02 5.5699102783e+02 5.5745300293e+02 5.5765399170e+02 5.5783398438e+02 5.5801501465e+02 5.5822601318e+02 5.5844897461e+02 5.5863000488e+02 5.5877899170e+02 5.5894097900e+02 5.5915502930e+02 5.5936901855e+02 5.5960797119e+02 5.5986901855e+02 5.6017102051e+02 5.6049597168e+02 5.6071997070e+02 5.6085400391e+02 5.6097698975e+02 5.6152801514e+02
5.5626800537e+02 5.5628601074e+02 5.5629400635e+02 5.5629998779e+02 5.5630297852e+02 5.5629699707e+02 5.5629302979e+02 5.5628698730e+02 5.5628399658e+02 5.5628802490e+02 5.5628900146e+02 5.5628802490e+02 5.5628100586e+02 5.5625500488e+02 5.5623101807e+02 5.5620501709e+02 5.5617901611e+02 5.5616302490e+02 5.5614898682e+02 5.5613800049e+02 5.5612200928e+02 5.5609899902e+02 5.5609600830e+02 5.5611102295e+02 5.5613000488e+02 5.5642797852e+02 5.5701202393e+02 5.5747802734e+02 5.5763702393e+02 5.5779699707e+02 5.5801702881e+02 5.5825201416e+02 5.5844799805e+02 5.5864202881e+02 5.5880603027e+02 5.5898199463e+02 5.5921301270e+02 5.5945202637e+02 5.5969396973e+02 5.5995098877e+02 5.6022497559e+02 5.6051397705e+02 5.6066699219e+02 5.6083001709e+02 5.6118597412e+02 5.6191400146e+02
5.5625299072e+02 5.5626397705e+02 5.5627099609e+02 5.5627600098e+02 5.5627899170e+02 5.5627697754e+02 5.5627398682e+02 5.5626898193e+02 5.5626702881e+02 5.5627001953e+02 5.5626800537e+02 5.5626501465e+02 5.5625799561e+02 5.5623901367e+02 5.5621801758e+02 5.5619598389e+02 5.5617199707e+02 5.5615600586e+02 5.5614202881e+02 5.5613098145e+02 5.5611401367e+02 5.5608898926e+02 5.5608697510e+02 5.5610400391e+02 5.5613299561e+02 5.5645697021e+02 5.5704998779e+02 5.5751397705e+02 5.5765899658e+02 5.5781500244e+02 5.5804302979e+02 5.5827001953e+02 5.5845001221e+02 5.5866101074e+02 5.5883001709e+02 5.5899499512e+02 5.5920898438e+02 5.5945697021e+02 5.5971600342e+02 5.5997998047e+02 5.6025402832e+02 5.6048602295e+02 5.6059899902e+02 5.6082598877e+02 5.6138000488e+02 5.6215997314e+02
5.5623699951e+02 5.5624401855e+02 5.5624902344e+02 5.5625299072e+02 5.5625701904e+02 5.5625701904e+02 5.5625402832e+02 5.5625097656e+02 5.5624902344e+02 5.5625000000e+02 5.5624700928e+02 5.5624200439e+02 5.5623498535e+02 5.5622100830e+02 5.5620501709e+02 5.5618597412e+02 5.5616497803e+02 5.5614697266e+02 5.5613397217e+02 5.5612402344e+02 5.5610797119e+02 5.5608398438e+02 5.5608300781e+02 5.5610198975e+02 5.5614599609e+02 5.5648797607e+02 5.5704998779e+02 5.5749700928e+02 5.5765899658e+02 5.5783599854e+02 5.5805603027e+02 5.5826599121e+02 5.5844299316e+02 5.5863897705e+02 5.5880700684e+02 5.5897100830e+02 5.5916497803e+02 5.5944097900e+02 5.5971997070e+02 5.5997497559e+02 5.6024200439e+02 5.6043298340e+02 5.6052001953e+02 5.6080401611e+02 5.6154797363e+02 5.6223400879e+02
5.5622100830e+02 5.5622601318e+02 5.5622900391e+02 5.5623199463e+02 5.5623199463e+02 5.5623400879e+02 5.5623297119e+02 5.5623101807e+02 5.5622802734e+02 5.5622698975e+02 5.5622302246e+02 5.5621801758e+02 5.5620800781e+02 5.5619799805e+02 5.5618701172e+02 5.5617498779e+02 5.5615997314e+02 5.5614099121e+02 5.5612902832e+02 5.5611798096e+02 5.5610198975e+02 5.5608300781e+02 5.5608398438e+02 5.5610498047e+02 5.5614398193e+02 5.5647399902e+02 5.5696600342e+02 5.5739599609e+02 5.5764398193e+02 5.5782299805e+02 5.5802697754e+02 5.5823400879e+02 5.5842498779e+02 5.5858599854e+02 5.5875000000e+02 5.5891302490e+02 5.5911499023e+02 5.5946997070e+02 5.5975701904e+02 5.5997100830e+02 5.6018499756e+02 5.6033001709e+02 5.6043597412e+02 5.6080297852e+02 5.6173797607e+02 5.6224798584e+02
5.5620501709e+02 5.5621002197e+02 5.5621197510e+02 5.5621398926e+02 5.5621502686e+02 5.5621398926e+02 5.5621301270e+02 5.5621301270e+02 5.5621099854e+02 5.5620697021e+02 5.5620300293e+02 5.5620001221e+02 5.5619097900e+02 5.5617700195e+02 5.5616802979e+02 5.5615899658e+02 5.5614599609e+02 5.5613000488e+02 5.5611999512e+02 5.5610797119e+02 5.5608898926e+02 5.5607000732e+02 5.5607202148e+02 5.5609301758e+02 5.5613702393e+02 5.5645800781e+02 5.5695397949e+02 5.5738299561e+02 5.5761999512e+02 5.5780200195e+02 5.5797698975e+02 5.5817498779e+02 5.5838098145e+02 5.5853002930e+02 5.5868902588e+02 5.5887799072e+02 5.5915002441e+02 5.5957098389e+02 5.5987701416e+02 5.6005798340e+02 5.6012097168e+02 5.6012402344e+02 5.6040600586e+02 5.6103698730e+02 5.6196301270e+02 5.6219799805e+02
5.5618902588e+02 5.5619299316e+02 5.5619500732e+02 5.5619702148e+02 5.5619799805e+02 5.5619702148e+02 5.5619598389e+02 5.5619598389e+02 5.5619396973e+02 5.5619000244e+02 5.5618597412e+02 5.5618298340e+02 5.5617498779e+02 5.5616198730e+02 5.5615301514e+02 5.5614300537e+02 5.5613201904e+02 5.5611798096e+02 5.5610699463e+02 5.5609600830e+02 5.5607598877e+02 5.5605200195e+02 5.5605102539e+02 5.5606896973e+02 5.5610900879e+02 5.5642199707e+02 5.5695898438e+02 5.5741302490e+02 5.5760601807e+02 5.5780200195e+02 5.5797802734e+02 5.5815698242e+02 5.5836199951e+02 5.5852899170e+02 5.5869897461e+02 5.5891900635e+02 5.5924597168e+02 5.5967700195e+02 5.5997802734e+02 5.6014300537e+02 5.6013000488e+02 5.6008697510e+02 5.6050097656e+02 5.6127099609e+02 5.6214398193e+02 5.6221301270e+02
5.5617297363e+02 5.5617602539e+02 5.5617797852e+02 5.5617999268e+02 5.5618103027e+02 5.5617999268e+02 5.5617901611e+02 5.5617901611e+02 5.5617700195e+02 5.5617297363e+02 5.5616900635e+02 5.5616601563e+02 5.5615899658e+02 5.5614599609e+02 5.5613702393e+02 5.5612799072e+02 5.5611798096e+02 5.5610699463e+02 5.5609497070e+02 5.5608398438e+02 5.5606097412e+02 5.5603100586e+02 5.5602600098e+02 5.5603698730e+02 5.5605102539e+02 5.5632501221e+02 5.5689898682e+02 5.5741198730e+02 5.5761999512e+02 5.5783001709e+02 5.5802001953e+02 5.5818597412e+02 5.5836401367e+02 5.5854901123e+02 5.5875000000e+02 5.5901800537e+02 5.5938397217e+02 5.5974902344e+02 5.6002197266e+02 5.6020501709e+02 5.6025799561e+02 5.6025000000e+02 5.6072399902e+02 5.6150799561e+02 5.6218902588e+02 5.6218597412e+02
5.5615600586e+02 5.5615899658e+02 5.5616101074e+02 5.5616302490e+02 5.5616198730e+02 5.5616101074e+02 5.5616101074e+02 5.5616101074e+02 5.5615802002e+02 5.5615399170e+02 5.5615100098e+02 5.5614801025e+02 5.5614099121e+02 5.5613098145e+02 5.5612402344e+02 5.5611602783e+02 5.5610699463e+02 5.5609197998e+02 5.5608001709e+02 5.5606799316e+02 5.5604498291e+02 5.5601800537e+02 5.5600598145e+02 5.5600598145e+02 5.5599200439e+02 5.5626098633e+02 5.5681597900e+02 5.5736499023e+02 5.5763598633e+02 5.5781402588e+02 5.5802801514e+02 5.5821197510e+02 5.5835302734e+02 5.5853997803e+02 5.5879101563e+02 5.5915002441e+02 5.5958099365e+02 5.5982202148e+02 5.6011901855e+02 5.6041198730e+02 5.6062097168e+02 5.6054498291e+02 5.6099902344e+02 5.6171002197e+02 5.6215399170e+02 5.6217700195e+02
5.5614001465e+02 5.5614300537e+02 5.5614501953e+02 5.5614599609e+02 5.5614599609e+02 5.5614599609e+02 5.5614599609e+02 5.5614599609e+02 5.5614398193e+02 5.5613897705e+02 5.5613598633e+02 5.5613397217e+02 5.5612902832e+02 5.5611999512e+02 5.5611401367e+02 5.5610797119e+02 5.5609698486e+02 5.5608001709e+02 5.5606799316e+02 5.5605499268e+02 5.5603399658e+02 5.5601000977e+02 5.5599798584e+02 5.5599597168e+02 5.5599200439e+02 5.5624700928e+02 5.5676898193e+02 5.5730798340e+02 5.5762402344e+02 5.5775299072e+02 5.5793902588e+02 5.5813800049e+02 5.5831799316e+02 5.5853497314e+02 5.5880999756e+02 5.5920098877e+02 5.5961901855e+02 5.5988897705e+02 5.6037799072e+02 5.6083300781e+02 5.6086102295e+02 5.6082897949e+02 5.6138299561e+02 5.6204199219e+02 5.6220800781e+02 5.6217700195e+02
5.5612500000e+02 5.5612701416e+02 5.5612902832e+02 5.5613000488e+02 5.5613098145e+02 5.5613098145e+02 5.5613098145e+02 5.5613098145e+02 5.5613000488e+02 5.5612597656e+02 5.5612298584e+02 5.5611999512e+02 5.5611602783e+02 5.5610797119e+02 5.5610101318e+02 5.5609497070e+02 5.5608599854e+02 5.5607202148e+02 5.5605999756e+02 5.5604699707e+02 5.5602600098e+02 5.5600097656e+02 5.5598999023e+02 5.5598797607e+02 5.5599298096e+02 5.5625799561e+02 5.5674798584e+02 5.5726599121e+02 5.5764300537e+02 5.5775402832e+02 5.5788397217e+02 5.5808001709e+02 5.5829901123e+02 5.5852502441e+02 5.5879498291e+02 5.5915698242e+02 5.5953900146e+02 5.5983502197e+02 5.6037597656e+02 5.6086999512e+02 5.6084600830e+02 5.6099401855e+02 5.6166900635e+02 5.6222302246e+02 5.6221899414e+02 5.6217901611e+02
5.5610900879e+02 5.5611102295e+02 5.5611199951e+02 5.5611401367e+02 5.5611499023e+02 5.5611602783e+02 5.5611602783e+02 5.5611700439e+02 5.5611602783e+02 5.5611199951e+02 5.5610998535e+02 5.5610699463e+02 5.5610302734e+02 5.5609497070e+02 5.5608898926e+02 5.5608300781e+02 5.5607598877e+02 5.5606402588e+02 5.5605297852e+02 5.5603997803e+02 5.5601898193e+02 5.5599597168e+02 5.5598498535e+02 5.5598400879e+02 5.5599798584e+02 5.5627899170e+02 5.5671899414e+02 5.5717999268e+02 5.5759197998e+02 5.5777899170e+02 5.5793701172e+02 5.5816400146e+02 5.5837597656e+02 5.5857202148e+02 5.5885900879e+02 5.5919201660e+02 5.5949798584e+02 5.5977398682e+02 5.6023699951e+02 5.6065698242e+02 5.6064001465e+02 5.6101898193e+02 5.6179699707e+02 5.6226202393e+02 5.6219897461e+02 5.6218103027e+02
5.5608898926e+02 5.5609399414e+02 5.5609497070e+02 5.5609698486e+02 5.5609698486e+02 5.5609899902e+02 5.5610101318e+02 5.5610198975e+02 5.5609997559e+02 5.5609698486e+02 5.5609497070e+02 5.5609301758e+02 5.5608898926e+02 5.5608197021e+02 5.5607702637e+02 5.5607299805e+02 5.5606500244e+02 5.5605499268e+02 5.5604602051e+02 5.5603601074e+02 5.5602197266e+02 5.5599597168e+02 5.5598602295e+02 5.5598498535e+02 5.5600201416e+02 5.5627600098e+02 5.5668499756e+02 5.5710400391e+02 5.5747698975e+02 5.5775701904e+02 5.5799401855e+02 5.5825701904e+02 5.5848400879e+02 5.5868200684e+02 5.5899499512e+02 5.5931799316e+02 5.5957501221e+02 5.5986798096e+02 5.6020898438e+02 5.6048199463e+02 5.6050897217e+02 5.6105499268e+02 5.6185302734e+02 5.6225201416e+02 5.6217999268e+02 5.6217700195e+02
5.5607598877e+02 5.5608001709e+02 5.5608300781e+02 5.5608502197e+02 5.5608502197e+02 5.5608599854e+02 5.5608898926e+02 5.5609100342e+02 5.5609002686e+02 5.5608599854e+02 5.5608398438e+02 5.5608300781e+02 5.5607897949e+02 5.5607299805e+02 5.5606896973e+02 5.5606500244e+02 5.5605603027e+02 5.5604400635e+02 5.5603698730e+02 5.5603002930e+02 5.5601599121e+02 5.5599700928e+02 5.5598999023e+02 5.5599298096e+02 5.5600402832e+02 5.5626098633e+02 5.5669598389e+02 5.5714398193e+02 5.5748101807e+02 5.5773498535e+02 5.5798699951e+02 5.5826501465e+02 5.5855200195e+02 5.5879498291e+02 5.5907702637e+02 5.5940698242e+02 5.5974298096e+02 5.6004699707e+02 5.6031500244e+02 5.6048602295e+02 5.6049902344e+02 5.6111102295e+02 5.6188800049e+02 5.6225000000e+02 5.6217797852e+02 5.6218402100e+02
5.5606402588e+02 5.5606896973e+02 5.5607098389e+02 5.5607299805e+02 5.5607397461e+02 5.5607501221e+02 5.5607800293e+02 5.5608001709e+02 5.5608001709e+02 5.5607598877e+02 5.5607501221e+02 5.5607299805e+02 5.5607000732e+02 5.5606402588e+02 5.5605999756e+02 5.5605603027e+02 5.5604797363e+02 5.5603601074e+02 5.5602899170e+02 5.5602099609e+02 5.5601000977e+02 5.5599401855e+02 5.5598797607e+02 5.5599298096e+02 5.5600598145e+02 5.5624102783e+02 5.5665698242e+02 5.5710998535e+02 5.5746301270e+02 5.5772998047e+02 5.5798602295e+02 5.5828497314e+02 5.5864697266e+02 5.5894799805e+02 5.5923199463e+02 5.5957397461e+02 5.5995098877e+02 5.6022698975e+02 5.6044702148e+02 5.6058898926e+02 5.6065997314e+02 5.6127502441e+02 5.6194598389e+02 5.6221997070e+02 5.6216198730e+02 5.6218200684e+02
5.5605200195e+02 5.5605603027e+02 5.5605798340e+02 5.5606097412e+02 5.5606298828e+02 5.5606500244e+02 5.5606701660e+02 5.5607000732e+02 5.5607000732e+02 5.5606597900e+02 5.5606500244e+02 5.5606402588e+02 5.5606097412e+02 5.5605499268e+02 5.5605102539e+02 5.5604797363e+02 5.5603997803e+02 5.5602899170e+02 5.5602197266e+02 5.5601397705e+02 5.5600201416e+02 5.5598797607e+02 5.5598297119e+02 5.5598699951e+02 5.5599597168e+02 5.5620697021e+02 5.5660101318e+02 5.5706201172e+02 5.5747998047e+02 5.5778601074e+02 5.5803198242e+02 5.5832897949e+02 5.5873901367e+02 5.5910198975e+02 5.5940100098e+02 5.5975000000e+02 5.6014599609e+02 5.6038397217e+02 5.6058300781e+02 5.6076898193e+02 5.6103002930e+02 5.6161499023e+02 5.6208001709e+02 5.6220697021e+02 5.6214801025e+02 5.6216497803e+02
