TESTSERVER/8/13.asc
NCOLS 100
NROWS 100
XLLCORNER 7.8997500000e+03
YLLCORNER 2.8930025000e+05
CELLSIZE 5.0000000000e-01
NODATA_VALUE -9.9990000000e+03
[rows 0 to 19 of 100, columns 0 to 45 of 100]
5.5634997559e+02 5.5635498047e+02 5.5636102295e+02 5.5636602783e+02 5.5637500000e+02 5.5636602783e+02 5.5635498047e+02 5.5634100342e+02 5.5632000732e+02 5.5630902100e+02 5.5630499268e+02 5.5630200195e+02 5.5630499268e+02 5.5631097412e+02 5.5629797363e+02 5.5627197266e+02 5.5622302246e+02 5.5622302246e+02 5.5622302246e+02 5.5621502686e+02 5.5621899414e+02 5.5626300049e+02 5.5628802490e+02 5.5644702148e+02 5.5703100586e+02 5.5732800293e+02 5.5745800781e+02 5.5766497803e+02 5.5788598633e+02 5.5810400391e+02 5.5832000732e+02 5.5852801514e+02 5.5874597168e+02 5.5902697754e+02 5.5926800537e+02 5.5949200439e+02 5.5974298096e+02 5.6002801514e+02 5.6033197021e+02 5.6062799072e+02 5.6094500732e+02 5.6125897217e+02 5.6155902100e+02 5.6182598877e+02 5.6210198975e+02 5.6227502441e+02
5.5634600830e+02 5.5635198975e+02 5.5636798096e+02 5.5638397217e+02 5.5639801025e+02 5.5639300537e+02 5.5638000488e+02 5.5635998535e+02 5.5632897949e+02 5.5631298828e+02 5.5630700684e+02 5.5630200195e+02 5.5630401611e+02 5.5630999756e+02 5.5629797363e+02 5.5627301025e+02 5.5621997070e+02 5.5621398926e+02 5.5621301270e+02 5.5620300293e+02 5.5620202637e+02 5.5624200439e+02 5.5626599121e+02 5.5635498047e+02 5.5695898438e+02 5.5734997559e+02 5.5748101807e+02 5.5767297363e+02 5.5784497070e+02 5.5808502197e+02 5.5831402588e+02 5.5852301025e+02 5.5872900391e+02 5.5897497559e+02 5.5920697021e+02 5.5942901611e+02 5.5969000244e+02 5.6004699707e+02 5.6038000488e+02 5.6063500977e+02 5.6090002441e+02 5.6121600342e+02 5.6149200439e+02 5.6175897217e+02 5.6202801514e+02 5.6219201660e+02
5.5633801270e+02 5.5635198975e+02 5.5637799072e+02 5.5640600586e+02 5.5642102051e+02 5.5640600586e+02 5.5639001465e+02 5.5636798096e+02 5.5633398438e+02 5.5631701660e+02 5.5630999756e+02 5.5630401611e+02 5.5630102539e+02 5.5629901123e+02 5.5628601074e+02 5.5626202393e+02 5.5622100830e+02 5.5620800781e+02 5.5620001221e+02 5.5619000244e+02 5.5619097900e+02 5.5623400879e+02 5.5625000000e+02 5.5630798340e+02 5.5690899658e+02 5.5735699463e+02 5.5749298096e+02 5.5766101074e+02 5.5780798340e+02 5.5806597900e+02 5.5829998779e+02 5.5850097656e+02 5.5870300293e+02 5.5893402100e+02 5.5915301514e+02 5.5936499023e+02 5.5960302734e+02 5.5998901367e+02 5.6036901855e+02 5.6061199951e+02 5.6082202148e+02 5.6110998535e+02 5.6136901855e+02 5.6163500977e+02 5.6191802979e+02 5.6211602783e+02
5.5632702637e+02 5.5635400391e+02 5.5639099121e+02 5.5642901611e+02 5.5644201660e+02 5.5641101074e+02 5.5639300537e+02 5.5636798096e+02 5.5633398438e+02 5.5631896973e+02 5.5631097412e+02 5.5630401611e+02 5.5629699707e+02 5.5628802490e+02 5.5627301025e+02 5.5625000000e+02 5.5621997070e+02 5.5620397949e+02 5.5618798828e+02 5.5617901611e+02 5.5618200684e+02 5.5623602295e+02 5.5624200439e+02 5.5630200195e+02 5.5691601563e+02 5.5733502197e+02 5.5747497559e+02 5.5765100098e+02 5.5780798340e+02 5.5804302979e+02 5.5825500488e+02 5.5843902588e+02 5.5864300537e+02 5.5887097168e+02 5.5908197021e+02 5.5929302979e+02 5.5951300049e+02 5.5986602783e+02 5.6026098633e+02 5.6052398682e+02 5.6073101807e+02 5.6100500488e+02 5.6126300049e+02 5.6153399658e+02 5.6182702637e+02 5.6205499268e+02
5.5629602051e+02 5.5634600830e+02 5.5641101074e+02 5.5647601318e+02 5.5651397705e+02 5.5642297363e+02 5.5638201904e+02 5.5634698486e+02 5.5632000732e+02 5.5631799316e+02 5.5631201172e+02 5.5630603027e+02 5.5630200195e+02 5.5628100586e+02 5.5625701904e+02 5.5623297119e+02 5.5621301270e+02 5.5620098877e+02 5.5618597412e+02 5.5617797852e+02 5.5618200684e+02 5.5622399902e+02 5.5621197510e+02 5.5631896973e+02 5.5697998047e+02 5.5732598877e+02 5.5745001221e+02 5.5764202881e+02 5.5783398438e+02 5.5801800537e+02 5.5821502686e+02 5.5839202881e+02 5.5858697510e+02 5.5881597900e+02 5.5902600098e+02 5.5923602295e+02 5.5945898438e+02 5.5975701904e+02 5.6010498047e+02 5.6038897705e+02 5.6063500977e+02 5.6092901611e+02 5.6121600342e+02 5.6150598145e+02 5.6179797363e+02 5.6200000000e+02
5.5626898193e+02 5.5630499268e+02 5.5638098145e+02 5.5645800781e+02 5.5647900391e+02 5.5641400146e+02 5.5636401367e+02 5.5632598877e+02 5.5631701660e+02 5.5631701660e+02 5.5631500244e+02 5.5630999756e+02 5.5630297852e+02 5.5627899170e+02 5.5624401855e+02 5.5621600342e+02 5.5619799805e+02 5.5619598389e+02 5.5618597412e+02 5.5617797852e+02 5.5619500732e+02 5.5623400879e+02 5.5620501709e+02 5.5628497314e+02 5.5687200928e+02 5.5726599121e+02 5.5740600586e+02 5.5759698486e+02 5.5779199219e+02 5.5798901367e+02 5.5818103027e+02 5.5835400391e+02 5.5854797363e+02 5.5875897217e+02 5.5895599365e+02 5.5915600586e+02 5.5937799072e+02 5.5967602539e+02 5.6003198242e+02 5.6034301758e+02 5.6058697510e+02 5.6087701416e+02 5.6118298340e+02 5.6147497559e+02 5.6173297119e+02 5.6191198730e+02
5.5626098633e+02 5.5627899170e+02 5.5633398438e+02 5.5639501953e+02 5.5641601563e+02 5.5637500000e+02 5.5633697510e+02 5.5630999756e+02 5.5630499268e+02 5.5630700684e+02 5.5630603027e+02 5.5630200195e+02 5.5629302979e+02 5.5626501465e+02 5.5623199463e+02 5.5620501709e+02 5.5618798828e+02 5.5619097900e+02 5.5618597412e+02 5.5617797852e+02 5.5619598389e+02 5.5623498535e+02 5.5622601318e+02 5.5631402588e+02 5.5688000488e+02 5.5729602051e+02 5.5741998291e+02 5.5758502197e+02 5.5775799561e+02 5.5795300293e+02 5.5814099121e+02 5.5831500244e+02 5.5851702881e+02 5.5869897461e+02 5.5888500977e+02 5.5908697510e+02 5.5931298828e+02 5.5960797119e+02 5.5999597168e+02 5.6034100342e+02 5.6058502197e+02 5.6087200928e+02 5.6116900635e+02 5.6143499756e+02 5.6166198730e+02 5.6182000732e+02
5.5627801514e+02 5.5627502441e+02 5.5630102539e+02 5.5633599854e+02 5.5635101318e+02 5.5633099365e+02 5.5630798340e+02 5.5628997803e+02 5.5628698730e+02 5.5628997803e+02 5.5628900146e+02 5.5628497314e+02 5.5627197266e+02 5.5624401855e+02 5.5621697998e+02 5.5619598389e+02 5.5618597412e+02 5.5618701172e+02 5.5618103027e+02 5.5617199707e+02 5.5619000244e+02 5.5622601318e+02 5.5623400879e+02 5.5633300781e+02 5.5685198975e+02 5.5728997803e+02 5.5741802979e+02 5.5757598877e+02 5.5775598145e+02 5.5795501709e+02 5.5814300537e+02 5.5831896973e+02 5.5850598145e+02 5.5865997314e+02 5.5882501221e+02 5.5902197266e+02 5.5925000000e+02 5.5953302002e+02 5.5994897461e+02 5.6034197998e+02 5.6060998535e+02 5.6090502930e+02 5.6119097900e+02 5.6142999268e+02 5.6162799072e+02 5.6176098633e+02
5.5630999756e+02 5.5630297852e+02 5.5629797363e+02 5.5629797363e+02 5.5630999756e+02 5.5629797363e+02 5.5628100586e+02 5.5626599121e+02 5.5626000977e+02 5.5626501465e+02 5.5625897217e+02 5.5625201416e+02 5.5623797607e+02 5.5622100830e+02 5.5620300293e+02 5.5619000244e+02 5.5617498779e+02 5.5618499756e+02 5.5618298340e+02 5.5617700195e+02 5.5618499756e+02 5.5620501709e+02 5.5621899414e+02 5.5628302002e+02 5.5658801270e+02 5.5721301270e+02 5.5741900635e+02 5.5758197021e+02 5.5778100586e+02 5.5796997070e+02 5.5814599609e+02 5.5831597900e+02 5.5850201416e+02 5.5866601563e+02 5.5880297852e+02 5.5896600342e+02 5.5919396973e+02 5.5947802734e+02 5.5989697266e+02 5.6032702637e+02 5.6066101074e+02 5.6094702148e+02 5.6122601318e+02 5.6145800781e+02 5.6161700439e+02 5.6170001221e+02
5.5631097412e+02 5.5631701660e+02 5.5630999756e+02 5.5629797363e+02 5.5630200195e+02 5.5628997803e+02 5.5627001953e+02 5.5625402832e+02 5.5625299072e+02 5.5625201416e+02 5.5624298096e+02 5.5623101807e+02 5.5622601318e+02 5.5621697998e+02 5.5620098877e+02 5.5619097900e+02 5.5617700195e+02 5.5618103027e+02 5.5617797852e+02 5.5617297363e+02 5.5618499756e+02 5.5619799805e+02 5.5621600342e+02 5.5627001953e+02 5.5656201172e+02 5.5714599609e+02 5.5740802002e+02 5.5756201172e+02 5.5774499512e+02 5.5794299316e+02 5.5810900879e+02 5.5828198242e+02 5.5848602295e+02 5.5866198730e+02 5.5879199219e+02 5.5895300293e+02 5.5921099854e+02 5.5952197266e+02 5.5995001221e+02 5.6036297607e+02 5.6066302490e+02 5.6095800781e+02 5.6122900391e+02 5.6145001221e+02 5.6157800293e+02 5.6162500000e+02
5.5630200195e+02 5.5630603027e+02 5.5629998779e+02 5.5629101563e+02 5.5629602051e+02 5.5628997803e+02 5.5627398682e+02 5.5626000977e+02 5.5625299072e+02 5.5625000000e+02 5.5624298096e+02 5.5623297119e+02 5.5622698975e+02 5.5622100830e+02 5.5620501709e+02 5.5619500732e+02 5.5619299316e+02 5.5619097900e+02 5.5617797852e+02 5.5616802979e+02 5.5617901611e+02 5.5619396973e+02 5.5620397949e+02 5.5624298096e+02 5.5654199219e+02 5.5710900879e+02 5.5740399170e+02 5.5755603027e+02 5.5771301270e+02 5.5790197754e+02 5.5808398438e+02 5.5826702881e+02 5.5845098877e+02 5.5862097168e+02 5.5877001953e+02 5.5896600342e+02 5.5928002930e+02 5.5963201904e+02 5.6007098389e+02 5.6047497559e+02 5.6072698975e+02 5.6097497559e+02 5.6122399902e+02 5.6140802002e+02 5.6150799561e+02 5.6154498291e+02
5.5628698730e+02 5.5628100586e+02 5.5627398682e+02 5.5627301025e+02 5.5628497314e+02 5.5628601074e+02 5.5627398682e+02 5.5626000977e+02 5.5624798584e+02 5.5624499512e+02 5.5624200439e+02 5.5623498535e+02 5.5622399902e+02 5.5622100830e+02 5.5620397949e+02 5.5619396973e+02 5.5620300293e+02 5.5619598389e+02 5.5618200684e+02 5.5617297363e+02 5.5618200684e+02 5.5619396973e+02 5.5619097900e+02 5.5621899414e+02 5.5654998779e+02 5.5713201904e+02 5.5741601563e+02 5.5753900146e+02 5.5767498779e+02 5.5785302734e+02 5.5803698730e+02 5.5821801758e+02 5.5840600586e+02 5.5859002686e+02 5.5874902344e+02 5.5896002197e+02 5.5930798340e+02 5.5968200684e+02 5.6014501953e+02 5.6059301758e+02 5.6088397217e+02 5.6104498291e+02 5.6122802734e+02 5.6135601807e+02 5.6141699219e+02 5.6145202637e+02
5.5628698730e+02 5.5627697754e+02 5.5626800537e+02 5.5626501465e+02 5.5626397705e+02 5.5627197266e+02 5.5626300049e+02 5.5624401855e+02 5.5621997070e+02 5.5622802734e+02 5.5623400879e+02 5.5622802734e+02 5.5621502686e+02 5.5621398926e+02 5.5620098877e+02 5.5619500732e+02 5.5620202637e+02 5.5619396973e+02 5.5619000244e+02 5.5618798828e+02 5.5618798828e+02 5.5618298340e+02 5.5618597412e+02 5.5622302246e+02 5.5648498535e+02 5.5717797852e+02 5.5740698242e+02 5.5752301025e+02 5.5768597412e+02 5.5786199951e+02 5.5803997803e+02 5.5820800781e+02 5.5839697266e+02 5.5857501221e+02 5.5873797607e+02 5.5894897461e+02 5.5926702881e+02 5.5959600830e+02 5.6008502197e+02 5.6063800049e+02 5.6104400635e+02 5.6113098145e+02 5.6122601318e+02 5.6130499268e+02 5.6130999756e+02 5.6135699463e+02
5.5628198242e+02 5.5627600098e+02 5.5626800537e+02 5.5626000977e+02 5.5625299072e+02 5.5625897217e+02 5.5625701904e+02 5.5623901367e+02 5.5621697998e+02 5.5621697998e+02 5.5621801758e+02 5.5621502686e+02 5.5620800781e+02 5.5620397949e+02 5.5619598389e+02 5.5619500732e+02 5.5619799805e+02 5.5619000244e+02 5.5618701172e+02 5.5618298340e+02 5.5617797852e+02 5.5616198730e+02 5.5617401123e+02 5.5620001221e+02 5.5642700195e+02 5.5709399414e+02 5.5737200928e+02 5.5753601074e+02 5.5771697998e+02 5.5788299561e+02 5.5804302979e+02 5.5820697021e+02 5.5839801025e+02 5.5857299805e+02 5.5872601318e+02 5.5890698242e+02 5.5918597412e+02 5.5948901367e+02 5.6002398682e+02 5.6065399170e+02 5.6107897949e+02 5.6117102051e+02 5.6122698975e+02 5.6127398682e+02 5.6123699951e+02 5.6126501465e+02
5.5628302002e+02 5.5627001953e+02 5.5626202393e+02 5.5625500488e+02 5.5624700928e+02 5.5625201416e+02 5.5625299072e+02 5.5623797607e+02 5.5622198486e+02 5.5622302246e+02 5.5621600342e+02 5.5620800781e+02 5.5620300293e+02 5.5619500732e+02 5.5618798828e+02 5.5619201660e+02 5.5619500732e+02 5.5618298340e+02 5.5617999268e+02 5.5617700195e+02 5.5616802979e+02 5.5615197754e+02 5.5616101074e+02 5.5619598389e+02 5.5645501709e+02 5.5711901855e+02 5.5741601563e+02 5.5757598877e+02 5.5774700928e+02 5.5789001465e+02 5.5803997803e+02 5.5820501709e+02 5.5839697266e+02 5.5857098389e+02 5.5872100830e+02 5.5889398193e+02 5.5914099121e+02 5.5944702148e+02 5.5999401855e+02 5.6062799072e+02 5.6106402588e+02 5.6116900635e+02 5.6119097900e+02 5.6120098877e+02 5.6115100098e+02 5.6115997314e+02
5.5627801514e+02 5.5626397705e+02 5.5625598145e+02 5.5624902344e+02 5.5623901367e+02 5.5624200439e+02 5.5624298096e+02 5.5622698975e+02 5.5621197510e+02 5.5622198486e+02 5.5621997070e+02 5.5621301270e+02 5.5620501709e+02 5.5619396973e+02 5.5618402100e+02 5.5618103027e+02 5.5618298340e+02 5.5617700195e+02 5.5617401123e+02 5.5616998291e+02 5.5616497803e+02 5.5616198730e+02 5.5616699219e+02 5.5618701172e+02 5.5644897461e+02 5.5714398193e+02 5.5745202637e+02 5.5759899902e+02 5.5777301025e+02 5.5791900635e+02 5.5806298828e+02 5.5822100830e+02 5.5839801025e+02 5.5854998779e+02 5.5869702148e+02 5.5887902832e+02 5.5910699463e+02 5.5940600586e+02 5.5991101074e+02 5.6048699951e+02 5.6089398193e+02 5.6103997803e+02 5.6107897949e+02 5.6108099365e+02 5.6103900146e+02 5.6105798340e+02
5.5626501465e+02 5.5625598145e+02 5.5624798584e+02 5.5623901367e+02 5.5622399902e+02 5.5622399902e+02 5.5622497559e+02 5.5621398926e+02 5.5620098877e+02 5.5621197510e+02 5.5621997070e+02 5.5622100830e+02 5.5621301270e+02 5.5620202637e+02 5.5619097900e+02 5.5617199707e+02 5.5615399170e+02 5.5616900635e+02 5.5616802979e+02 5.5616400146e+02 5.5616101074e+02 5.5616400146e+02 5.5616400146e+02 5.5617797852e+02 5.5629901123e+02 5.5698498535e+02 5.5741601563e+02 5.5761401367e+02 5.5779797363e+02 5.5794299316e+02 5.5808398438e+02 5.5823498535e+02 5.5838897705e+02 5.5853497314e+02 5.5866101074e+02 5.5882000732e+02 5.5902502441e+02 5.5932397461e+02 5.5974700928e+02 5.6022100830e+02 5.6058599854e+02 5.6082202148e+02 5.6094000244e+02 5.6093701172e+02 5.6087200928e+02 5.6096301270e+02
5.5626898193e+02 5.5626098633e+02 5.5625201416e+02 5.5624298096e+02 5.5623400879e+02 5.5623699951e+02 5.5623699951e+02 5.5623101807e+02 5.5621997070e+02 5.5622198486e+02 5.5622698975e+02 5.5622802734e+02 5.5622302246e+02 5.5621997070e+02 5.5621002197e+02 5.5619097900e+02 5.5617297363e+02 5.5617498779e+02 5.5616601563e+02 5.5615399170e+02 5.5615197754e+02 5.5615899658e+02 5.5615600586e+02 5.5617797852e+02 5.5624499512e+02 5.5685101318e+02 5.5735699463e+02 5.5757098389e+02 5.5775598145e+02 5.5792401123e+02 5.5807397461e+02 5.5822698975e+02 5.5836401367e+02 5.5848797607e+02 5.5863000488e+02 5.5881597900e+02 5.5902398682e+02 5.5924902344e+02 5.5958801270e+02 5.5995300293e+02 5.6029302979e+02 5.6061199951e+02 5.6074102783e+02 5.6071502686e+02 5.6072302246e+02 5.6088397217e+02
5.5628002930e+02 5.5627398682e+02 5.5626702881e+02 5.5625598145e+02 5.5624298096e+02 5.5624200439e+02 5.5624200439e+02 5.5623901367e+02 5.5623400879e+02 5.5622998047e+02 5.5622802734e+02 5.5622698975e+02 5.5622601318e+02 5.5622698975e+02 5.5621801758e+02 5.5620098877e+02 5.5618499756e+02 5.5617999268e+02 5.5616198730e+02 5.5614398193e+02 5.5614001465e+02 5.5615301514e+02 5.5615600586e+02 5.5617797852e+02 5.5625201416e+02 5.5680401611e+02 5.5732800293e+02 5.5756298828e+02 5.5771997070e+02 5.5789398193e+02 5.5804998779e+02 5.5820800781e+02 5.5834899902e+02 5.5847802734e+02 5.5862402344e+02 5.5879498291e+02 5.5896997070e+02 5.5915997314e+02 5.5946697998e+02 5.5978601074e+02 5.6007000732e+02 5.6034100342e+02 5.6045397949e+02 5.6050402832e+02 5.6066101074e+02 5.6086102295e+02
5.5627899170e+02 5.5626898193e+02 5.5626300049e+02 5.5625701904e+02 5.5625097656e+02 5.5624798584e+02 5.5624597168e+02 5.5624597168e+02 5.5624902344e+02 5.5623901367e+02 5.5623101807e+02 5.5622497559e+02 5.5622497559e+02 5.5622698975e+02 5.5621801758e+02 5.5620001221e+02 5.5618597412e+02 5.5617901611e+02 5.5615997314e+02 5.5614001465e+02 5.5613201904e+02 5.5614202881e+02 5.5615301514e+02 5.5618298340e+02 5.5626599121e+02 5.5670202637e+02 5.5723400879e+02 5.5755102539e+02 5.5770599365e+02 5.5787701416e+02 5.5803198242e+02 5.5819396973e+02 5.5834997559e+02 5.5849798584e+02 5.5863000488e+02 5.5876300049e+02 5.5892102051e+02 5.5912500000e+02 5.5941802979e+02 5.5969598389e+02 5.5990399170e+02 5.6009399414e+02 5.6025000000e+02 5.6044702148e+02 5.6075000000e+02 5.6093798828e+02
