TESTSERVER/8/13.asc
NCOLS 100
NROWS 100
XLLCORNER 7.8997500000e+03
YLLCORNER 2.8930025000e+05
CELLSIZE 5.0000000000e-01
NODATA_VALUE -9.9990000000e+03
[rows 60 to 79 of 100, columns 0 to 45 of 100]
5.5599298096e+02 5.5599798584e+02 5.5600402832e+02 5.5601000977e+02 5.5601300049e+02 5.5601501465e+02 5.5601898193e+02 5.5602398682e+02 5.5602899170e+02 5.5603198242e+02 5.5603399658e+02 5.5603497314e+02 5.5603497314e+02 5.5603997803e+02 5.5604101563e+02 5.5604199219e+02 5.5604400635e+02 5.5604498291e+02 5.5604498291e+02 5.5604498291e+02 5.5604400635e+02 5.5604498291e+02 5.5604602051e+02 5.5604602051e+02 5.5604998779e+02 5.5602398682e+02 5.5607800293e+02 5.5629901123e+02 5.5671301270e+02 5.5719500732e+02 5.5754302979e+02 5.5786700439e+02 5.5821502686e+02 5.5854302979e+02 5.5890100098e+02 5.5928100586e+02 5.5964300537e+02 5.6001300049e+02 5.6036199951e+02 5.6070397949e+02 5.6111798096e+02 5.6151898193e+02 5.6176599121e+02 5.6189697266e+02 5.6192700195e+02 5.6196801758e+02
5.5600000000e+02 5.5600201416e+02 5.5600897217e+02 5.5601501465e+02 5.5601898193e+02 5.5601898193e+02 5.5602398682e+02 5.5603002930e+02 5.5603698730e+02 5.5604302979e+02 5.5604498291e+02 5.5604602051e+02 5.5604699707e+02 5.5605200195e+02 5.5605200195e+02 5.5605297852e+02 5.5605297852e+02 5.5605297852e+02 5.5605297852e+02 5.5605297852e+02 5.5605401611e+02 5.5605603027e+02 5.5605603027e+02 5.5605603027e+02 5.5606799316e+02 5.5604199219e+02 5.5607501221e+02 5.5628100586e+02 5.5670300293e+02 5.5716601563e+02 5.5747302246e+02 5.5774902344e+02 5.5809497070e+02 5.5841699219e+02 5.5877600098e+02 5.5915802002e+02 5.5950598145e+02 5.5986199951e+02 5.6021997070e+02 5.6060400391e+02 5.6106597900e+02 5.6149102783e+02 5.6177197266e+02 5.6191400146e+02 5.6192700195e+02 5.6197100830e+02
5.5600701904e+02 5.5600897217e+02 5.5601599121e+02 5.5602301025e+02 5.5602600098e+02 5.5602502441e+02 5.5603002930e+02 5.5603698730e+02 5.5604699707e+02 5.5605401611e+02 5.5605798340e+02 5.5605902100e+02 5.5605999756e+02 5.5606201172e+02 5.5606298828e+02 5.5606201172e+02 5.5606298828e+02 5.5606298828e+02 5.5606298828e+02 5.5606298828e+02 5.5606298828e+02 5.5606500244e+02 5.5606298828e+02 5.5606201172e+02 5.5607299805e+02 5.5603698730e+02 5.5605603027e+02 5.5624798584e+02 5.5667999268e+02 5.5716900635e+02 5.5747100830e+02 5.5771997070e+02 5.5802398682e+02 5.5832299805e+02 5.5865502930e+02 5.5900701904e+02 5.5935900879e+02 5.5972900391e+02 5.6010601807e+02 5.6052600098e+02 5.6099298096e+02 5.6140002441e+02 5.6170697021e+02 5.6188897705e+02 5.6192999268e+02 5.6197601318e+02
5.5601397705e+02 5.5601599121e+02 5.5602301025e+02 5.5603002930e+02 5.5603198242e+02 5.5603198242e+02 5.5603802490e+02 5.5604498291e+02 5.5605700684e+02 5.5606597900e+02 5.5607098389e+02 5.5607397461e+02 5.5607397461e+02 5.5607299805e+02 5.5607299805e+02 5.5607202148e+02 5.5607098389e+02 5.5607202148e+02 5.5607202148e+02 5.5607299805e+02 5.5607299805e+02 5.5607299805e+02 5.5607098389e+02 5.5606896973e+02 5.5607299805e+02 5.5603302002e+02 5.5604797363e+02 5.5622698975e+02 5.5664398193e+02 5.5713598633e+02 5.5746002197e+02 5.5771697998e+02 5.5797998047e+02 5.5826599121e+02 5.5858001709e+02 5.5890301514e+02 5.5924798584e+02 5.5963500977e+02 5.6001098633e+02 5.6041699219e+02 5.6084802246e+02 5.6124499512e+02 5.6158197021e+02 5.6181896973e+02 5.6192498779e+02 5.6198400879e+02
5.5601599121e+02 5.5602502441e+02 5.5603198242e+02 5.5603802490e+02 5.5603802490e+02 5.5604101563e+02 5.5604901123e+02 5.5605902100e+02 5.5607598877e+02 5.5608197021e+02 5.5608898926e+02 5.5609399414e+02 5.5609399414e+02 5.5608398438e+02 5.5608197021e+02 5.5608099365e+02 5.5608300781e+02 5.5608300781e+02 5.5608300781e+02 5.5608300781e+02 5.5608300781e+02 5.5608197021e+02 5.5608197021e+02 5.5608300781e+02 5.5608099365e+02 5.5605798340e+02 5.5610101318e+02 5.5628002930e+02 5.5662597656e+02 5.5702899170e+02 5.5735198975e+02 5.5764599609e+02 5.5793701172e+02 5.5821099854e+02 5.5853100586e+02 5.5884301758e+02 5.5915698242e+02 5.5951898193e+02 5.5988800049e+02 5.6025701904e+02 5.6064001465e+02 5.6101898193e+02 5.6139300537e+02 5.6171398926e+02 5.6196398926e+02 5.6201000977e+02
5.5602600098e+02 5.5603399658e+02 5.5603997803e+02 5.5604400635e+02 5.5604498291e+02 5.5605102539e+02 5.5605999756e+02 5.5607299805e+02 5.5608898926e+02 5.5610101318e+02 5.5610797119e+02 5.5611102295e+02 5.5610498047e+02 5.5609698486e+02 5.5609399414e+02 5.5609301758e+02 5.5609399414e+02 5.5609399414e+02 5.5609497070e+02 5.5609497070e+02 5.5609301758e+02 5.5609301758e+02 5.5609600830e+02 5.5610101318e+02 5.5611499023e+02 5.5611700439e+02 5.5616998291e+02 5.5633300781e+02 5.5661700439e+02 5.5695300293e+02 5.5723498535e+02 5.5751599121e+02 5.5782202148e+02 5.5811297607e+02 5.5842199707e+02 5.5871398926e+02 5.5899102783e+02 5.5934899902e+02 5.5971301270e+02 5.6006701660e+02 5.6039898682e+02 5.6077099609e+02 5.6120300293e+02 5.6160400391e+02 5.6189599609e+02 5.6200799561e+02
5.5603601074e+02 5.5604101563e+02 5.5604602051e+02 5.5604901123e+02 5.5605297852e+02 5.5605999756e+02 5.5606896973e+02 5.5608099365e+02 5.5610101318e+02 5.5611602783e+02 5.5611999512e+02 5.5612097168e+02 5.5611297607e+02 5.5610498047e+02 5.5610302734e+02 5.5610198975e+02 5.5610101318e+02 5.5610198975e+02 5.5610302734e+02 5.5610302734e+02 5.5610101318e+02 5.5609997559e+02 5.5610101318e+02 5.5610498047e+02 5.5612799072e+02 5.5613800049e+02 5.5617498779e+02 5.5630499268e+02 5.5655200195e+02 5.5688098145e+02 5.5716400146e+02 5.5743798828e+02 5.5772399902e+02 5.5799902344e+02 5.5827801514e+02 5.5855297852e+02 5.5882702637e+02 5.5916497803e+02 5.5949700928e+02 5.5982397461e+02 5.6015698242e+02 5.6055603027e+02 5.6102301025e+02 5.6146600342e+02 5.6178997803e+02 5.6194396973e+02
5.5604901123e+02 5.5605102539e+02 5.5605401611e+02 5.5605700684e+02 5.5605902100e+02 5.5606597900e+02 5.5607501221e+02 5.5608599854e+02 5.5610900879e+02 5.5612701416e+02 5.5612902832e+02 5.5612701416e+02 5.5611700439e+02 5.5611199951e+02 5.5610900879e+02 5.5610797119e+02 5.5610699463e+02 5.5610900879e+02 5.5610998535e+02 5.5610900879e+02 5.5610699463e+02 5.5610302734e+02 5.5610198975e+02 5.5610302734e+02 5.5612200928e+02 5.5612097168e+02 5.5613598633e+02 5.5622802734e+02 5.5643103027e+02 5.5678698730e+02 5.5710400391e+02 5.5738702393e+02 5.5763800049e+02 5.5788299561e+02 5.5814099121e+02 5.5841601563e+02 5.5871099854e+02 5.5903802490e+02 5.5933898926e+02 5.5963598633e+02 5.5998602295e+02 5.6040399170e+02 5.6087200928e+02 5.6132098389e+02 5.6165301514e+02 5.6184497070e+02
5.5607897949e+02 5.5607501221e+02 5.5607397461e+02 5.5607098389e+02 5.5606896973e+02 5.5607598877e+02 5.5609100342e+02 5.5610900879e+02 5.5616302490e+02 5.5615698242e+02 5.5615997314e+02 5.5615802002e+02 5.5617102051e+02 5.5613098145e+02 5.5613000488e+02 5.5612902832e+02 5.5613897705e+02 5.5612799072e+02 5.5613098145e+02 5.5612902832e+02 5.5612701416e+02 5.5611199951e+02 5.5610900879e+02 5.5610797119e+02 5.5611297607e+02 5.5609197998e+02 5.5607501221e+02 5.5611199951e+02 5.5627197266e+02 5.5664300537e+02 5.5700500488e+02 5.5732098389e+02 5.5755902100e+02 5.5779101563e+02 5.5804101563e+02 5.5832598877e+02 5.5869702148e+02 5.5904797363e+02 5.5932702637e+02 5.5959197998e+02 5.5995898438e+02 5.6036401367e+02 5.6078399658e+02 5.6117901611e+02 5.6148400879e+02 5.6173797607e+02
5.5610797119e+02 5.5610699463e+02 5.5609997559e+02 5.5609197998e+02 5.5608599854e+02 5.5609899902e+02 5.5611999512e+02 5.5614801025e+02 5.5618298340e+02 5.5620397949e+02 5.5620898438e+02 5.5620800781e+02 5.5619799805e+02 5.5618103027e+02 5.5617700195e+02 5.5616900635e+02 5.5615399170e+02 5.5615698242e+02 5.5616101074e+02 5.5615899658e+02 5.5614202881e+02 5.5613299561e+02 5.5612402344e+02 5.5610900879e+02 5.5610101318e+02 5.5610302734e+02 5.5605999756e+02 5.5604101563e+02 5.5615899658e+02 5.5648297119e+02 5.5686999512e+02 5.5722601318e+02 5.5747100830e+02 5.5767999268e+02 5.5791699219e+02 5.5821899414e+02 5.5865899658e+02 5.5907897949e+02 5.5934698486e+02 5.5958099365e+02 5.5991900635e+02 5.6032501221e+02 5.6069702148e+02 5.6104302979e+02 5.6135101318e+02 5.6164599609e+02
5.5611999512e+02 5.5610998535e+02 5.5610101318e+02 5.5609197998e+02 5.5608801270e+02 5.5609899902e+02 5.5611700439e+02 5.5614202881e+02 5.5617102051e+02 5.5618597412e+02 5.5618701172e+02 5.5618499756e+02 5.5618298340e+02 5.5617797852e+02 5.5616998291e+02 5.5615502930e+02 5.5613098145e+02 5.5612597656e+02 5.5612500000e+02 5.5612500000e+02 5.5611602783e+02 5.5610797119e+02 5.5609100342e+02 5.5606298828e+02 5.5604699707e+02 5.5605200195e+02 5.5599102783e+02 5.5594598389e+02 5.5603698730e+02 5.5634100342e+02 5.5673699951e+02 5.5710900879e+02 5.5735198975e+02 5.5753497314e+02 5.5776300049e+02 5.5807800293e+02 5.5856298828e+02 5.5904199219e+02 5.5932000732e+02 5.5953497314e+02 5.5984997559e+02 5.6023602295e+02 5.6058001709e+02 5.6090698242e+02 5.6121697998e+02 5.6155102539e+02
5.5610797119e+02 5.5609197998e+02 5.5608001709e+02 5.5607098389e+02 5.5607000732e+02 5.5607098389e+02 5.5608197021e+02 5.5610101318e+02 5.5611499023e+02 5.5611102295e+02 5.5610699463e+02 5.5610101318e+02 5.5610699463e+02 5.5611102295e+02 5.5610101318e+02 5.5608197021e+02 5.5604901123e+02 5.5602600098e+02 5.5601702881e+02 5.5602001953e+02 5.5602801514e+02 5.5602600098e+02 5.5600402832e+02 5.5596600342e+02 5.5593103027e+02 5.5590802002e+02 5.5583398438e+02 5.5579498291e+02 5.5591101074e+02 5.5623999023e+02 5.5663397217e+02 5.5698498535e+02 5.5720501709e+02 5.5737597656e+02 5.5760699463e+02 5.5793499756e+02 5.5842700195e+02 5.5893200684e+02 5.5923400879e+02 5.5944897461e+02 5.5974298096e+02 5.6011798096e+02 5.6044897461e+02 5.6076702881e+02 5.6108001709e+02 5.6144598389e+02
5.5602502441e+02 5.5603198242e+02 5.5602697754e+02 5.5601898193e+02 5.5600402832e+02 5.5601898193e+02 5.5602398682e+02 5.5603100586e+02 5.5602697754e+02 5.5598199463e+02 5.5595397949e+02 5.5593798828e+02 5.5594097900e+02 5.5596197510e+02 5.5595599365e+02 5.5593798828e+02 5.5589001465e+02 5.5584301758e+02 5.5582397461e+02 5.5583099365e+02 5.5584600830e+02 5.5588299561e+02 5.5586700439e+02 5.5581799316e+02 5.5573901367e+02 5.5568402100e+02 5.5560302734e+02 5.5560498047e+02 5.5580798340e+02 5.5618200684e+02 5.5655102539e+02 5.5683599854e+02 5.5701098633e+02 5.5720501709e+02 5.5746801758e+02 5.5781799316e+02 5.5828698730e+02 5.5879302979e+02 5.5910699463e+02 5.5932202148e+02 5.5959497070e+02 5.5997998047e+02 5.6031201172e+02 5.6062701416e+02 5.6096899414e+02 5.6132702637e+02
5.5582800293e+02 5.5583398438e+02 5.5581201172e+02 5.5578900146e+02 5.5577600098e+02 5.5578900146e+02 5.5578900146e+02 5.5578100586e+02 5.5574700928e+02 5.5569299316e+02 5.5565802002e+02 5.5565600586e+02 5.5569500732e+02 5.5570397949e+02 5.5570800781e+02 5.5569702148e+02 5.5566601563e+02 5.5561999512e+02 5.5560699463e+02 5.5561901855e+02 5.5564898682e+02 5.5568902588e+02 5.5569201660e+02 5.5564300537e+02 5.5555297852e+02 5.5547198486e+02 5.5541601563e+02 5.5544000244e+02 5.5567199707e+02 5.5610198975e+02 5.5643798828e+02 5.5667797852e+02 5.5685699463e+02 5.5704998779e+02 5.5734002686e+02 5.5772198486e+02 5.5815997314e+02 5.5858001709e+02 5.5886700439e+02 5.5911798096e+02 5.5945202637e+02 5.5983300781e+02 5.6018103027e+02 5.6050598145e+02 5.6084698486e+02 5.6120501709e+02
5.5568103027e+02 5.5566802979e+02 5.5561602783e+02 5.5556701660e+02 5.5553002930e+02 5.5553302002e+02 5.5553100586e+02 5.5551702881e+02 5.5548602295e+02 5.5545001221e+02 5.5543200684e+02 5.5544598389e+02 5.5549597168e+02 5.5550299072e+02 5.5551599121e+02 5.5551702881e+02 5.5550097656e+02 5.5546801758e+02 5.5545898438e+02 5.5547302246e+02 5.5550701904e+02 5.5553900146e+02 5.5554199219e+02 5.5550201416e+02 5.5541900635e+02 5.5536401367e+02 5.5536602783e+02 5.5540997314e+02 5.5559997559e+02 5.5603002930e+02 5.5633801270e+02 5.5654998779e+02 5.5673199463e+02 5.5694299316e+02 5.5723297119e+02 5.5760601807e+02 5.5800799561e+02 5.5833300781e+02 5.5859399414e+02 5.5889001465e+02 5.5928698730e+02 5.5966400146e+02 5.6002197266e+02 5.6035900879e+02 5.6070898438e+02 5.6107098389e+02
5.5560797119e+02 5.5557702637e+02 5.5550201416e+02 5.5542797852e+02 5.5536199951e+02 5.5537402344e+02 5.5537500000e+02 5.5535498047e+02 5.5532000732e+02 5.5531500244e+02 5.5531799316e+02 5.5534197998e+02 5.5538500977e+02 5.5539300537e+02 5.5541400146e+02 5.5542401123e+02 5.5541497803e+02 5.5538299561e+02 5.5537500000e+02 5.5539202881e+02 5.5543298340e+02 5.5545001221e+02 5.5544799805e+02 5.5542297363e+02 5.5537097168e+02 5.5534802246e+02 5.5538397217e+02 5.5543499756e+02 5.5556298828e+02 5.5595800781e+02 5.5624700928e+02 5.5644897461e+02 5.5663897705e+02 5.5685797119e+02 5.5712200928e+02 5.5744702148e+02 5.5781298828e+02 5.5811401367e+02 5.5836499023e+02 5.5868597412e+02 5.5910900879e+02 5.5947802734e+02 5.5984197998e+02 5.6019000244e+02 5.6055603027e+02 5.6093103027e+02
5.5561297607e+02 5.5557098389e+02 5.5550000000e+02 5.5541900635e+02 5.5540100098e+02 5.5535302734e+02 5.5534301758e+02 5.5532202148e+02 5.5530401611e+02 5.5529797363e+02 5.5531799316e+02 5.5533898926e+02 5.5536102295e+02 5.5536700439e+02 5.5538702393e+02 5.5539801025e+02 5.5538500977e+02 5.5534997559e+02 5.5534600830e+02 5.5536700439e+02 5.5541198730e+02 5.5541302490e+02 5.5540502930e+02 5.5539801025e+02 5.5540197754e+02 5.5537500000e+02 5.5538800049e+02 5.5543200684e+02 5.5553198242e+02 5.5583898926e+02 5.5612200928e+02 5.5635400391e+02 5.5654998779e+02 5.5677001953e+02 5.5698901367e+02 5.5724401855e+02 5.5755603027e+02 5.5790600586e+02 5.5819897461e+02 5.5853399658e+02 5.5893402100e+02 5.5928900146e+02 5.5965002441e+02 5.6001397705e+02 5.6038598633e+02 5.6076501465e+02
5.5553997803e+02 5.5552502441e+02 5.5547601318e+02 5.5541497803e+02 5.5535797119e+02 5.5532202148e+02 5.5529699707e+02 5.5528399658e+02 5.5527197266e+02 5.5528802490e+02 5.5531896973e+02 5.5534899902e+02 5.5536999512e+02 5.5538299561e+02 5.5539501953e+02 5.5540100098e+02 5.5538897705e+02 5.5536700439e+02 5.5537097168e+02 5.5539202881e+02 5.5540802002e+02 5.5538897705e+02 5.5537902832e+02 5.5537902832e+02 5.5538397217e+02 5.5534698486e+02 5.5535198975e+02 5.5540997314e+02 5.5552697754e+02 5.5575799561e+02 5.5602398682e+02 5.5626702881e+02 5.5646697998e+02 5.5665002441e+02 5.5684197998e+02 5.5709002686e+02 5.5740301514e+02 5.5772698975e+02 5.5802502441e+02 5.5834997559e+02 5.5872998047e+02 5.5909100342e+02 5.5945898438e+02 5.5984197998e+02 5.6023699951e+02 5.6061297607e+02
5.5543499756e+02 5.5543103027e+02 5.5539898682e+02 5.5535601807e+02 5.5530297852e+02 5.5526702881e+02 5.5524902344e+02 5.5524200439e+02 5.5524102783e+02 5.5527301025e+02 5.5531402588e+02 5.5534899902e+02 5.5537500000e+02 5.5538201904e+02 5.5538299561e+02 5.5538397217e+02 5.5537799072e+02 5.5537402344e+02 5.5538598633e+02 5.5540502930e+02 5.5540002441e+02 5.5536798096e+02 5.5535900879e+02 5.5536297607e+02 5.5536700439e+02 5.5533300781e+02 5.5534197998e+02 5.5540600586e+02 5.5552398682e+02 5.5572198486e+02 5.5598297119e+02 5.5622900391e+02 5.5641699219e+02 5.5655102539e+02 5.5673602295e+02 5.5701098633e+02 5.5734698486e+02 5.5764398193e+02 5.5790301514e+02 5.5819702148e+02 5.5856298828e+02 5.5893402100e+02 5.5932000732e+02 5.5971600342e+02 5.6011999512e+02 5.6051098633e+02
5.5530902100e+02 5.5531597900e+02 5.5530200195e+02 5.5528002930e+02 5.5524499512e+02 5.5521697998e+02 5.5520599365e+02 5.5520599365e+02 5.5521697998e+02 5.5526300049e+02 5.5530798340e+02 5.5534399414e+02 5.5536602783e+02 5.5536199951e+02 5.5535101318e+02 5.5534600830e+02 5.5534899902e+02 5.5535900879e+02 5.5537597656e+02 5.5539001465e+02 5.5538000488e+02 5.5534497070e+02 5.5533398438e+02 5.5534002686e+02 5.5535101318e+02 5.5533001709e+02 5.5534301758e+02 5.5540502930e+02 5.5551800537e+02 5.5572100830e+02 5.5598901367e+02 5.5623400879e+02 5.5640197754e+02 5.5649902344e+02 5.5669097900e+02 5.5700402832e+02 5.5736901855e+02 5.5762500000e+02 5.5783001709e+02 5.5808697510e+02 5.5844000244e+02 5.5883502197e+02 5.5923901367e+02 5.5964001465e+02 5.6003198242e+02 5.6042498779e+02
