TESTSERVER/8/14.asc
NCOLS 100
NROWS 100
XLLCORNER 7.8997500000e+03
YLLCORNER 2.8925025000e+05
CELLSIZE 5.0000000000e-01
NODATA_VALUE -9.9990000000e+03
[rows 40 to 59 of 100, columns 46 to 91 of 100]
5.5676202393e+02 5.5681500244e+02 5.5681298828e+02 5.5853698730e+02 5.5978002930e+02 5.5961297607e+02 5.5964801025e+02 5.5975701904e+02 5.5984997559e+02 5.5994897461e+02 5.6002801514e+02 5.6010198975e+02 5.6018103027e+02 5.6023199463e+02 5.6026098633e+02 5.6027301025e+02 5.6022900391e+02 5.6019598389e+02 5.6021197510e+02 5.6021099854e+02 5.6020001221e+02 5.6018798828e+02 5.6016900635e+02 5.6015502930e+02 5.6012902832e+02 5.6009497070e+02 5.6005401611e+02 5.6002600098e+02 5.5998602295e+02 5.5996697998e+02 5.5999499512e+02 5.6010101318e+02 5.6023797607e+02 5.6035101318e+02 5.6042498779e+02 5.6041497803e+02 5.6037500000e+02 5.6033502197e+02 5.6031896973e+02 5.6038299561e+02 5.6045599365e+02 5.6050897217e+02 5.6052899170e+02 5.6053002930e+02 5.6054101563e+02 5.6055200195e+02
5.5663201904e+02 5.5667700195e+02 5.5659802246e+02 5.5791302490e+02 5.5952502441e+02 5.5954101563e+02 5.5953802490e+02 5.5968902588e+02 5.5978601074e+02 5.5988000488e+02 5.5995599365e+02 5.6002697754e+02 5.6011700439e+02 5.6019097900e+02 5.6023797607e+02 5.6028302002e+02 5.6022497559e+02 5.6016497803e+02 5.6018902588e+02 5.6019396973e+02 5.6017602539e+02 5.6016302490e+02 5.6015997314e+02 5.6015197754e+02 5.6013702393e+02 5.6012799072e+02 5.6012500000e+02 5.6011199951e+02 5.6010198975e+02 5.6010998535e+02 5.6012402344e+02 5.6021002197e+02 5.6029699707e+02 5.6035498047e+02 5.6039001465e+02 5.6038397217e+02 5.6033197021e+02 5.6029199219e+02 5.6032202148e+02 5.6039099121e+02 5.6044598389e+02 5.6048699951e+02 5.6049700928e+02 5.6048999023e+02 5.6049798584e+02 5.6051098633e+02
5.5655902100e+02 5.5659997559e+02 5.5652301025e+02 5.5739801025e+02 5.5931201172e+02 5.5960101318e+02 5.5948797607e+02 5.5965600586e+02 5.5975000000e+02 5.5982897949e+02 5.5989697266e+02 5.5997998047e+02 5.6007202148e+02 5.6015002441e+02 5.6020300293e+02 5.6025299072e+02 5.6019396973e+02 5.6013098145e+02 5.6016400146e+02 5.6017498779e+02 5.6016302490e+02 5.6015197754e+02 5.6015002441e+02 5.6014300537e+02 5.6014001465e+02 5.6016802979e+02 5.6020001221e+02 5.6018798828e+02 5.6018597412e+02 5.6019500732e+02 5.6021697998e+02 5.6028399658e+02 5.6033599854e+02 5.6035998535e+02 5.6036798096e+02 5.6039001465e+02 5.6036102295e+02 5.6033197021e+02 5.6035998535e+02 5.6040997314e+02 5.6044500732e+02 5.6046697998e+02 5.6046197510e+02 5.6045202637e+02 5.6045501709e+02 5.6046398926e+02
5.5651000977e+02 5.5654901123e+02 5.5648101807e+02 5.5716802979e+02 5.5920599365e+02 5.5961999512e+02 5.5942999268e+02 5.5961700439e+02 5.5970599365e+02 5.5978601074e+02 5.5986297607e+02 5.5995898438e+02 5.6004602051e+02 5.6011199951e+02 5.6014898682e+02 5.6018798828e+02 5.6014099121e+02 5.6009197998e+02 5.6013800049e+02 5.6015197754e+02 5.6014501953e+02 5.6013500977e+02 5.6013397217e+02 5.6013098145e+02 5.6013397217e+02 5.6018597412e+02 5.6025299072e+02 5.6024499512e+02 5.6024200439e+02 5.6024401855e+02 5.6026501465e+02 5.6032098389e+02 5.6035302734e+02 5.6035900879e+02 5.6035400391e+02 5.6040698242e+02 5.6041101074e+02 5.6039898682e+02 5.6040502930e+02 5.6042199707e+02 5.6043701172e+02 5.6044000244e+02 5.6041802979e+02 5.6040197754e+02 5.6040100098e+02 5.6040600586e+02
5.5649200439e+02 5.5653302002e+02 5.5645501709e+02 5.5721099854e+02 5.5893298340e+02 5.5959100342e+02 5.5941699219e+02 5.5956799316e+02 5.5965600586e+02 5.5974902344e+02 5.5983099365e+02 5.5993103027e+02 5.6001800537e+02 5.6007299805e+02 5.6010900879e+02 5.6014697266e+02 5.6011798096e+02 5.6007202148e+02 5.6011499023e+02 5.6013500977e+02 5.6012597656e+02 5.6011199951e+02 5.6011199951e+02 5.6011700439e+02 5.6011602783e+02 5.6015899658e+02 5.6024499512e+02 5.6028302002e+02 5.6027600098e+02 5.6026501465e+02 5.6028100586e+02 5.6032598877e+02 5.6035400391e+02 5.6036199951e+02 5.6036901855e+02 5.6038897705e+02 5.6041400146e+02 5.6042797852e+02 5.6043597412e+02 5.6041802979e+02 5.6040600586e+02 5.6038702393e+02 5.6033697510e+02 5.6032397461e+02 5.6031896973e+02 5.6032800293e+02
5.5643200684e+02 5.5646301270e+02 5.5639202881e+02 5.5722802734e+02 5.5869500732e+02 5.5961102295e+02 5.5944702148e+02 5.5954302979e+02 5.5963201904e+02 5.5972698975e+02 5.5982299805e+02 5.5991497803e+02 5.5998999023e+02 5.6002502441e+02 5.6004199219e+02 5.6010498047e+02 5.6010998535e+02 5.6006402588e+02 5.6010400391e+02 5.6012799072e+02 5.6011499023e+02 5.6009997559e+02 5.6009497070e+02 5.6009899902e+02 5.6009600830e+02 5.6011700439e+02 5.6021301270e+02 5.6030401611e+02 5.6031097412e+02 5.6028002930e+02 5.6027398682e+02 5.6030700684e+02 5.6033697510e+02 5.6035900879e+02 5.6035998535e+02 5.6037298584e+02 5.6040399170e+02 5.6042797852e+02 5.6041802979e+02 5.6038397217e+02 5.6035498047e+02 5.6031896973e+02 5.6026397705e+02 5.6022601318e+02 5.6022100830e+02 5.6023602295e+02
5.5635601807e+02 5.5637200928e+02 5.5624298096e+02 5.5680603027e+02 5.5814697266e+02 5.5921997070e+02 5.5939801025e+02 5.5951202393e+02 5.5962097168e+02 5.5971099854e+02 5.5979998779e+02 5.5987799072e+02 5.5993902588e+02 5.5996600342e+02 5.5998199463e+02 5.6006597900e+02 5.6009997559e+02 5.6006097412e+02 5.6007397461e+02 5.6010797119e+02 5.6009802246e+02 5.6008898926e+02 5.6008697510e+02 5.6008197021e+02 5.6008099365e+02 5.6010101318e+02 5.6019299316e+02 5.6031799316e+02 5.6033197021e+02 5.6028100586e+02 5.6024102783e+02 5.6024499512e+02 5.6026800537e+02 5.6030297852e+02 5.6032397461e+02 5.6034497070e+02 5.6037799072e+02 5.6040100098e+02 5.6038201904e+02 5.6033599854e+02 5.6029797363e+02 5.6025201416e+02 5.6018402100e+02 5.6014099121e+02 5.6013397217e+02 5.6014697266e+02
5.5628302002e+02 5.5628399658e+02 5.5607702637e+02 5.5631500244e+02 5.5747497559e+02 5.5870397949e+02 5.5933001709e+02 5.5945202637e+02 5.5956701660e+02 5.5965600586e+02 5.5974401855e+02 5.5982299805e+02 5.5988800049e+02 5.5992602539e+02 5.5995001221e+02 5.6003698730e+02 5.6008197021e+02 5.6004901123e+02 5.6003802490e+02 5.6008697510e+02 5.6008398438e+02 5.6007397461e+02 5.6007202148e+02 5.6006097412e+02 5.6005798340e+02 5.6007299805e+02 5.6014801025e+02 5.6028302002e+02 5.6029699707e+02 5.6023699951e+02 5.6018200684e+02 5.6016198730e+02 5.6017901611e+02 5.6022302246e+02 5.6026898193e+02 5.6029699707e+02 5.6032598877e+02 5.6034497070e+02 5.6032598877e+02 5.6027697754e+02 5.6023101807e+02 5.6017602539e+02 5.6010101318e+02 5.6005499268e+02 5.6004498291e+02 5.6005603027e+02
5.5621600342e+02 5.5620202637e+02 5.5605401611e+02 5.5613201904e+02 5.5702099609e+02 5.5826898193e+02 5.5934698486e+02 5.5939398193e+02 5.5950299072e+02 5.5960797119e+02 5.5969396973e+02 5.5979302979e+02 5.5985601807e+02 5.5989202881e+02 5.5992999268e+02 5.5999798584e+02 5.6004901123e+02 5.6004699707e+02 5.6002301025e+02 5.6005603027e+02 5.6006097412e+02 5.6005102539e+02 5.6005102539e+02 5.6004699707e+02 5.6004199219e+02 5.6004602051e+02 5.6007897949e+02 5.6019299316e+02 5.6021801758e+02 5.6016998291e+02 5.6013702393e+02 5.6010400391e+02 5.6010900879e+02 5.6015997314e+02 5.6022302246e+02 5.6023602295e+02 5.6025201416e+02 5.6026000977e+02 5.6022198486e+02 5.6018902588e+02 5.6014099121e+02 5.6008099365e+02 5.5999298096e+02 5.5996398926e+02 5.5994799805e+02 5.5995202637e+02
5.5617297363e+02 5.5615600586e+02 5.5602899170e+02 5.5602301025e+02 5.5671997070e+02 5.5795501709e+02 5.5931402588e+02 5.5938000488e+02 5.5948602295e+02 5.5959100342e+02 5.5967297363e+02 5.5976300049e+02 5.5982299805e+02 5.5985797119e+02 5.5991101074e+02 5.5997601318e+02 5.6004498291e+02 5.6007397461e+02 5.6001000977e+02 5.6002502441e+02 5.6004101563e+02 5.6003100586e+02 5.6002099609e+02 5.6002197266e+02 5.6001800537e+02 5.6002197266e+02 5.6003802490e+02 5.6009600830e+02 5.6011901855e+02 5.6010900879e+02 5.6013397217e+02 5.6013098145e+02 5.6013201904e+02 5.6016900635e+02 5.6019702148e+02 5.6019097900e+02 5.6018597412e+02 5.6017297363e+02 5.6014697266e+02 5.6010998535e+02 5.6006201172e+02 5.6000000000e+02 5.5992297363e+02 5.5988201904e+02 5.5986199951e+02 5.5985998535e+02
5.5614398193e+02 5.5612597656e+02 5.5604302979e+02 5.5600097656e+02 5.5663500977e+02 5.5787097168e+02 5.5930798340e+02 5.5937799072e+02 5.5947802734e+02 5.5957800293e+02 5.5964898682e+02 5.5971997070e+02 5.5978302002e+02 5.5983300781e+02 5.5988702393e+02 5.5995098877e+02 5.6002801514e+02 5.6007397461e+02 5.6001000977e+02 5.6000402832e+02 5.6002398682e+02 5.6001599121e+02 5.6000201416e+02 5.6000299072e+02 5.5999401855e+02 5.5998901367e+02 5.6000097656e+02 5.6002899170e+02 5.6005297852e+02 5.6007202148e+02 5.6012200928e+02 5.6014001465e+02 5.6014697266e+02 5.6016601563e+02 5.6017297363e+02 5.6015802002e+02 5.6014202881e+02 5.6011700439e+02 5.6009002686e+02 5.6005999756e+02 5.6000799561e+02 5.5994299316e+02 5.5985998535e+02 5.5981298828e+02 5.5978997803e+02 5.5978601074e+02
5.5612799072e+02 5.5611102295e+02 5.5604602051e+02 5.5600201416e+02 5.5660601807e+02 5.5783099365e+02 5.5931799316e+02 5.5938702393e+02 5.5947399902e+02 5.5956201172e+02 5.5961901855e+02 5.5968200684e+02 5.5975097656e+02 5.5980902100e+02 5.5985699463e+02 5.5992901611e+02 5.5999597168e+02 5.6003802490e+02 5.6000701904e+02 5.5998297119e+02 5.5999798584e+02 5.6000000000e+02 5.5999102783e+02 5.5998901367e+02 5.5997399902e+02 5.5996301270e+02 5.5997100830e+02 5.5998999023e+02 5.6002301025e+02 5.6004998779e+02 5.6009698486e+02 5.6012200928e+02 5.6012200928e+02 5.6012500000e+02 5.6014001465e+02 5.6013702393e+02 5.6011798096e+02 5.6008801270e+02 5.6005401611e+02 5.6001898193e+02 5.5996398926e+02 5.5989501953e+02 5.5980700684e+02 5.5975299072e+02 5.5972698975e+02 5.5971899414e+02
5.5612500000e+02 5.5611102295e+02 5.5604797363e+02 5.5595501709e+02 5.5651702881e+02 5.5770800781e+02 5.5928997803e+02 5.5943298340e+02 5.5944598389e+02 5.5952600098e+02 5.5958801270e+02 5.5965997314e+02 5.5974200439e+02 5.5979199219e+02 5.5982299805e+02 5.5991699219e+02 5.5996801758e+02 5.6000000000e+02 5.6000402832e+02 5.5997601318e+02 5.5997198486e+02 5.5998101807e+02 5.5997698975e+02 5.5996801758e+02 5.5996197510e+02 5.5995800781e+02 5.5995898438e+02 5.5997802734e+02 5.6002502441e+02 5.6005102539e+02 5.6008099365e+02 5.6010400391e+02 5.6009899902e+02 5.6009802246e+02 5.6011499023e+02 5.6012097168e+02 5.6011102295e+02 5.6008300781e+02 5.6004400635e+02 5.5999298096e+02 5.5993298340e+02 5.5986102295e+02 5.5978002930e+02 5.5971197510e+02 5.5966802979e+02 5.5963598633e+02
5.5612500000e+02 5.5611199951e+02 5.5606097412e+02 5.5592401123e+02 5.5628900146e+02 5.5735198975e+02 5.5899700928e+02 5.5942999268e+02 5.5944702148e+02 5.5954699707e+02 5.5958697510e+02 5.5964898682e+02 5.5974401855e+02 5.5979199219e+02 5.5981597900e+02 5.5988897705e+02 5.5993200684e+02 5.5997302246e+02 5.6000299072e+02 5.5998901367e+02 5.5997100830e+02 5.5996801758e+02 5.5996301270e+02 5.5995501709e+02 5.5994799805e+02 5.5994702148e+02 5.5995501709e+02 5.5997601318e+02 5.6002600098e+02 5.6004998779e+02 5.6005798340e+02 5.6007000732e+02 5.6006799316e+02 5.6007000732e+02 5.6007897949e+02 5.6009399414e+02 5.6009399414e+02 5.6007299805e+02 5.6003002930e+02 5.5997802734e+02 5.5991802979e+02 5.5984399414e+02 5.5975500488e+02 5.5969000244e+02 5.5963000488e+02 5.5957299805e+02
5.5611999512e+02 5.5610998535e+02 5.5609399414e+02 5.5594799805e+02 5.5619500732e+02 5.5713897705e+02 5.5881500244e+02 5.5941699219e+02 5.5942102051e+02 5.5950799561e+02 5.5957202148e+02 5.5963000488e+02 5.5970800781e+02 5.5975897217e+02 5.5979901123e+02 5.5984698486e+02 5.5988299561e+02 5.5993402100e+02 5.5997900391e+02 5.5998999023e+02 5.5996801758e+02 5.5994396973e+02 5.5994000244e+02 5.5994702148e+02 5.5993499756e+02 5.5992901611e+02 5.5994201660e+02 5.5995397949e+02 5.5998297119e+02 5.6001000977e+02 5.6002600098e+02 5.6003497314e+02 5.6003997803e+02 5.6004699707e+02 5.6004498291e+02 5.6005902100e+02 5.6006402588e+02 5.6005200195e+02 5.6001599121e+02 5.5996099854e+02 5.5990002441e+02 5.5982397461e+02 5.5973101807e+02 5.5965802002e+02 5.5959197998e+02 5.5953002930e+02
5.5611499023e+02 5.5610797119e+02 5.5611102295e+02 5.5598602295e+02 5.5616497803e+02 5.5701098633e+02 5.5869201660e+02 5.5940100098e+02 5.5939599609e+02 5.5945202637e+02 5.5953698730e+02 5.5959997559e+02 5.5965997314e+02 5.5971002197e+02 5.5976300049e+02 5.5979699707e+02 5.5983197021e+02 5.5988702393e+02 5.5994000244e+02 5.5996997070e+02 5.5995300293e+02 5.5991900635e+02 5.5990997314e+02 5.5992797852e+02 5.5991699219e+02 5.5990899658e+02 5.5992199707e+02 5.5992401123e+02 5.5994702148e+02 5.5998101807e+02 5.6000500488e+02 5.6001300049e+02 5.6001599121e+02 5.6002197266e+02 5.6001397705e+02 5.6002001953e+02 5.6002801514e+02 5.6002600098e+02 5.6000201416e+02 5.5994598389e+02 5.5988397217e+02 5.5980700684e+02 5.5970697021e+02 5.5962402344e+02 5.5955297852e+02 5.5948400879e+02
5.5609301758e+02 5.5607000732e+02 5.5603198242e+02 5.5590899658e+02 5.5601501465e+02 5.5678698730e+02 5.5839697266e+02 5.5934002686e+02 5.5941400146e+02 5.5943200684e+02 5.5951202393e+02 5.5957299805e+02 5.5962097168e+02 5.5966900635e+02 5.5971301270e+02 5.5975299072e+02 5.5980102539e+02 5.5985998535e+02 5.5991400146e+02 5.5994897461e+02 5.5994000244e+02 5.5990997314e+02 5.5990002441e+02 5.5991497803e+02 5.5990301514e+02 5.5989398193e+02 5.5990002441e+02 5.5990698242e+02 5.5992999268e+02 5.5996099854e+02 5.5998297119e+02 5.5999597168e+02 5.5999102783e+02 5.5998797607e+02 5.5998297119e+02 5.5997998047e+02 5.5998797607e+02 5.5999499512e+02 5.5998101807e+02 5.5992999268e+02 5.5987200928e+02 5.5980102539e+02 5.5969897461e+02 5.5959497070e+02 5.5951599121e+02 5.5943402100e+02
5.5605102539e+02 5.5602801514e+02 5.5604901123e+02 5.5620098877e+02 5.5646398926e+02 5.5720001221e+02 5.5854199219e+02 5.5929400635e+02 5.5936999512e+02 5.5940600586e+02 5.5949700928e+02 5.5955401611e+02 5.5960198975e+02 5.5965600586e+02 5.5968701172e+02 5.5971398926e+02 5.5976000977e+02 5.5982098389e+02 5.5986700439e+02 5.5990698242e+02 5.5991101074e+02 5.5989202881e+02 5.5987402344e+02 5.5989202881e+02 5.5987902832e+02 5.5986602783e+02 5.5986798096e+02 5.5987500000e+02 5.5990197754e+02 5.5994299316e+02 5.5996899414e+02 5.5997497559e+02 5.5996398926e+02 5.5995697021e+02 5.5995001221e+02 5.5994299316e+02 5.5994500732e+02 5.5995001221e+02 5.5994396973e+02 5.5990301514e+02 5.5985900879e+02 5.5980102539e+02 5.5969897461e+02 5.5958697510e+02 5.5948199463e+02 5.5936602783e+02
5.5628900146e+02 5.5651202393e+02 5.5684899902e+02 5.5751202393e+02 5.5790399170e+02 5.5836901855e+02 5.5899200439e+02 5.5934100342e+02 5.5934301758e+02 5.5941497803e+02 5.5950097656e+02 5.5953997803e+02 5.5958099365e+02 5.5963800049e+02 5.5967102051e+02 5.5968902588e+02 5.5972497559e+02 5.5978302002e+02 5.5983697510e+02 5.5987402344e+02 5.5989099121e+02 5.5987799072e+02 5.5985101318e+02 5.5986798096e+02 5.5986199951e+02 5.5985198975e+02 5.5985400391e+02 5.5985699463e+02 5.5987500000e+02 5.5991699219e+02 5.5995397949e+02 5.5994396973e+02 5.5992797852e+02 5.5992297363e+02 5.5991900635e+02 5.5991699219e+02 5.5991400146e+02 5.5991400146e+02 5.5991198730e+02 5.5988397217e+02 5.5985400391e+02 5.5980499268e+02 5.5971002197e+02 5.5957897949e+02 5.5944396973e+02 5.5929699707e+02
5.5683599854e+02 5.5751098633e+02 5.5821197510e+02 5.5899798584e+02 5.5926501465e+02 5.5935198975e+02 5.5936401367e+02 5.5936199951e+02 5.5931298828e+02 5.5941998291e+02 5.5950097656e+02 5.5953100586e+02 5.5955401611e+02 5.5959600830e+02 5.5963800049e+02 5.5966699219e+02 5.5970202637e+02 5.5975701904e+02 5.5981799316e+02 5.5985900879e+02 5.5988000488e+02 5.5986401367e+02 5.5983898926e+02 5.5984899902e+02 5.5984802246e+02 5.5984100342e+02 5.5984100342e+02 5.5983898926e+02 5.5984002686e+02 5.5986999512e+02 5.5992401123e+02 5.5991198730e+02 5.5989398193e+02 5.5989300537e+02 5.5989202881e+02 5.5989300537e+02 5.5988800049e+02 5.5988598633e+02 5.5988299561e+02 5.5986798096e+02 5.5985198975e+02 5.5981402588e+02 5.5972900391e+02 5.5957598877e+02 5.5940698242e+02 5.5922601318e+02
