TESTSERVER/8/14.asc
NCOLS 100
NROWS 100
XLLCORNER 7.8997500000e+03
YLLCORNER 2.8925025000e+05
CELLSIZE 5.0000000000e-01
NODATA_VALUE -9.9990000000e+03
[rows 60 to 79 of 100, columns 46 to 91 of 100]
5.5737597656e+02 5.5853198242e+02 5.5917901611e+02 5.5939697266e+02 5.5938397217e+02 5.5933300781e+02 5.5926702881e+02 5.5927697754e+02 5.5929699707e+02 5.5939501953e+02 5.5945898438e+02 5.5950097656e+02 5.5952001953e+02 5.5954602051e+02 5.5959002686e+02 5.5963702393e+02 5.5967700195e+02 5.5972900391e+02 5.5979400635e+02 5.5985601807e+02 5.5988201904e+02 5.5985797119e+02 5.5983599854e+02 5.5983001709e+02 5.5983099365e+02 5.5982598877e+02 5.5982000732e+02 5.5982098389e+02 5.5981402588e+02 5.5983300781e+02 5.5989300537e+02 5.5988098145e+02 5.5986401367e+02 5.5985900879e+02 5.5985900879e+02 5.5986602783e+02 5.5985998535e+02 5.5985302734e+02 5.5985699463e+02 5.5984399414e+02 5.5983898926e+02 5.5982397461e+02 5.5979901123e+02 5.5960797119e+02 5.5938201904e+02 5.5913000488e+02
5.5733300781e+02 5.5873901367e+02 5.5933502197e+02 5.5921899414e+02 5.5924401855e+02 5.5929498291e+02 5.5931298828e+02 5.5929101563e+02 5.5930700684e+02 5.5934899902e+02 5.5940100098e+02 5.5945697021e+02 5.5948498535e+02 5.5952398682e+02 5.5959002686e+02 5.5963098145e+02 5.5965802002e+02 5.5969396973e+02 5.5976000977e+02 5.5984100342e+02 5.5988098145e+02 5.5984997559e+02 5.5981896973e+02 5.5980401611e+02 5.5980499268e+02 5.5981402588e+02 5.5980902100e+02 5.5980999756e+02 5.5979602051e+02 5.5979901123e+02 5.5985797119e+02 5.5985699463e+02 5.5983502197e+02 5.5982000732e+02 5.5982897949e+02 5.5984497070e+02 5.5983502197e+02 5.5982098389e+02 5.5982202148e+02 5.5980297852e+02 5.5979998779e+02 5.5980798340e+02 5.5978399658e+02 5.5963500977e+02 5.5938201904e+02 5.5906701660e+02
5.5708398438e+02 5.5854901123e+02 5.5930603027e+02 5.5921398926e+02 5.5925000000e+02 5.5930401611e+02 5.5932897949e+02 5.5930499268e+02 5.5930102539e+02 5.5931701660e+02 5.5935101318e+02 5.5942297363e+02 5.5946002197e+02 5.5950402832e+02 5.5958300781e+02 5.5964202881e+02 5.5966601563e+02 5.5967999268e+02 5.5973199463e+02 5.5981097412e+02 5.5985699463e+02 5.5983300781e+02 5.5980499268e+02 5.5978698730e+02 5.5978100586e+02 5.5979602051e+02 5.5979400635e+02 5.5978802490e+02 5.5977398682e+02 5.5977301025e+02 5.5983801270e+02 5.5985302734e+02 5.5984197998e+02 5.5983398438e+02 5.5984197998e+02 5.5983898926e+02 5.5980603027e+02 5.5977697754e+02 5.5977600098e+02 5.5976000977e+02 5.5975000000e+02 5.5975402832e+02 5.5975097656e+02 5.5964001465e+02 5.5939697266e+02 5.5906896973e+02
5.5676702881e+02 5.5828802490e+02 5.5928997803e+02 5.5920599365e+02 5.5925000000e+02 5.5929699707e+02 5.5931701660e+02 5.5930902100e+02 5.5929302979e+02 5.5929699707e+02 5.5932598877e+02 5.5940197754e+02 5.5944396973e+02 5.5948699951e+02 5.5956500244e+02 5.5963397217e+02 5.5966802979e+02 5.5967700195e+02 5.5971600342e+02 5.5978601074e+02 5.5982702637e+02 5.5980999756e+02 5.5978900146e+02 5.5977600098e+02 5.5976202393e+02 5.5977502441e+02 5.5977600098e+02 5.5976599121e+02 5.5975799561e+02 5.5976397705e+02 5.5982702637e+02 5.5985797119e+02 5.5986602783e+02 5.5987298584e+02 5.5988000488e+02 5.5984100342e+02 5.5977899170e+02 5.5973199463e+02 5.5973199463e+02 5.5972198486e+02 5.5970098877e+02 5.5969201660e+02 5.5970599365e+02 5.5964599609e+02 5.5942602539e+02 5.5910198975e+02
5.5616601563e+02 5.5775000000e+02 5.5926800537e+02 5.5928198242e+02 5.5921801758e+02 5.5925799561e+02 5.5932501221e+02 5.5928497314e+02 5.5926501465e+02 5.5928302002e+02 5.5934899902e+02 5.5939501953e+02 5.5941699219e+02 5.5945697021e+02 5.5952099609e+02 5.5957897949e+02 5.5963598633e+02 5.5967199707e+02 5.5971301270e+02 5.5977600098e+02 5.5980700684e+02 5.5979498291e+02 5.5977398682e+02 5.5976202393e+02 5.5975000000e+02 5.5975598145e+02 5.5976702881e+02 5.5974798584e+02 5.5973999023e+02 5.5975201416e+02 5.5980297852e+02 5.5984802246e+02 5.5986999512e+02 5.5988201904e+02 5.5986602783e+02 5.5983099365e+02 5.5977001953e+02 5.5971899414e+02 5.5969799805e+02 5.5969799805e+02 5.5966699219e+02 5.5963598633e+02 5.5963598633e+02 5.5965802002e+02 5.5947399902e+02 5.5913897705e+02
5.5548797607e+02 5.5661700439e+02 5.5828698730e+02 5.5924597168e+02 5.5936401367e+02 5.5928399658e+02 5.5924298096e+02 5.5925299072e+02 5.5923400879e+02 5.5925097656e+02 5.5930999756e+02 5.5933898926e+02 5.5936199951e+02 5.5942498779e+02 5.5948602295e+02 5.5953802490e+02 5.5960400391e+02 5.5965502930e+02 5.5970300293e+02 5.5975299072e+02 5.5978302002e+02 5.5977801514e+02 5.5975799561e+02 5.5975897217e+02 5.5974200439e+02 5.5973101807e+02 5.5975201416e+02 5.5973797607e+02 5.5972100830e+02 5.5973101807e+02 5.5978302002e+02 5.5984301758e+02 5.5986102295e+02 5.5985699463e+02 5.5984802246e+02 5.5980902100e+02 5.5976397705e+02 5.5971801758e+02 5.5969299316e+02 5.5967999268e+02 5.5962500000e+02 5.5957598877e+02 5.5958599854e+02 5.5964501953e+02 5.5948797607e+02 5.5914801025e+02
5.5518103027e+02 5.5562597656e+02 5.5679901123e+02 5.5827398682e+02 5.5903198242e+02 5.5929400635e+02 5.5923602295e+02 5.5920202637e+02 5.5918402100e+02 5.5918798828e+02 5.5922198486e+02 5.5926000977e+02 5.5930499268e+02 5.5937402344e+02 5.5943200684e+02 5.5949499512e+02 5.5956402588e+02 5.5961901855e+02 5.5967999268e+02 5.5973297119e+02 5.5977099609e+02 5.5976702881e+02 5.5973498535e+02 5.5974200439e+02 5.5972998047e+02 5.5971099854e+02 5.5972998047e+02 5.5972100830e+02 5.5969500732e+02 5.5970202637e+02 5.5975097656e+02 5.5983001709e+02 5.5984399414e+02 5.5981701660e+02 5.5980700684e+02 5.5979101563e+02 5.5975701904e+02 5.5971997070e+02 5.5970501709e+02 5.5968103027e+02 5.5959197998e+02 5.5950299072e+02 5.5950000000e+02 5.5957000732e+02 5.5943402100e+02 5.5914001465e+02
5.5517498779e+02 5.5518103027e+02 5.5559497070e+02 5.5662902832e+02 5.5776599121e+02 5.5874102783e+02 5.5921398926e+02 5.5912701416e+02 5.5910498047e+02 5.5910400391e+02 5.5913800049e+02 5.5922100830e+02 5.5927197266e+02 5.5931402588e+02 5.5935198975e+02 5.5942602539e+02 5.5950097656e+02 5.5955999756e+02 5.5962902832e+02 5.5969396973e+02 5.5974499512e+02 5.5974798584e+02 5.5971002197e+02 5.5971301270e+02 5.5971600342e+02 5.5970098877e+02 5.5970300293e+02 5.5970001221e+02 5.5967297363e+02 5.5967297363e+02 5.5971801758e+02 5.5982501221e+02 5.5983898926e+02 5.5978100586e+02 5.5975201416e+02 5.5975701904e+02 5.5973699951e+02 5.5971197510e+02 5.5970599365e+02 5.5967999268e+02 5.5957598877e+02 5.5944000244e+02 5.5937799072e+02 5.5944201660e+02 5.5934301758e+02 5.5912402344e+02
5.5522601318e+02 5.5521600342e+02 5.5526501465e+02 5.5533502197e+02 5.5602600098e+02 5.5730700684e+02 5.5863098145e+02 5.5917901611e+02 5.5916699219e+02 5.5909100342e+02 5.5906701660e+02 5.5915899658e+02 5.5921899414e+02 5.5925500488e+02 5.5929400635e+02 5.5937597656e+02 5.5946801758e+02 5.5953302002e+02 5.5959600830e+02 5.5966699219e+02 5.5972198486e+02 5.5972900391e+02 5.5970202637e+02 5.5968902588e+02 5.5970202637e+02 5.5969799805e+02 5.5966802979e+02 5.5968902588e+02 5.5967498779e+02 5.5965600586e+02 5.5969000244e+02 5.5980902100e+02 5.5982702637e+02 5.5974499512e+02 5.5969799805e+02 5.5970800781e+02 5.5970001221e+02 5.5968701172e+02 5.5967199707e+02 5.5963598633e+02 5.5956298828e+02 5.5942999268e+02 5.5929400635e+02 5.5925299072e+02 5.5918902588e+02 5.5908197021e+02
5.5520898438e+02 5.5524102783e+02 5.5525799561e+02 5.5518298340e+02 5.5536901855e+02 5.5603002930e+02 5.5717797852e+02 5.5817102051e+02 5.5871197510e+02 5.5903802490e+02 5.5911102295e+02 5.5911297607e+02 5.5915399170e+02 5.5918499756e+02 5.5923297119e+02 5.5934997559e+02 5.5949200439e+02 5.5957000732e+02 5.5960498047e+02 5.5966699219e+02 5.5971197510e+02 5.5971197510e+02 5.5968402100e+02 5.5966998291e+02 5.5967901611e+02 5.5968402100e+02 5.5965802002e+02 5.5966998291e+02 5.5966998291e+02 5.5963397217e+02 5.5962298584e+02 5.5970697021e+02 5.5972698975e+02 5.5967498779e+02 5.5965301514e+02 5.5965899658e+02 5.5965502930e+02 5.5964398193e+02 5.5961297607e+02 5.5957299805e+02 5.5952801514e+02 5.5943499756e+02 5.5931597900e+02 5.5922998047e+02 5.5916400146e+02 5.5909899902e+02
5.5520202637e+02 5.5524200439e+02 5.5528698730e+02 5.5523999023e+02 5.5520697021e+02 5.5538397217e+02 5.5590899658e+02 5.5672601318e+02 5.5770697021e+02 5.5869396973e+02 5.5916601563e+02 5.5908001709e+02 5.5911700439e+02 5.5915100098e+02 5.5919000244e+02 5.5932000732e+02 5.5947399902e+02 5.5954998779e+02 5.5957598877e+02 5.5963299561e+02 5.5967401123e+02 5.5967797852e+02 5.5966900635e+02 5.5965899658e+02 5.5965399170e+02 5.5966601563e+02 5.5966101074e+02 5.5964599609e+02 5.5965002441e+02 5.5962597656e+02 5.5958898926e+02 5.5960400391e+02 5.5960601807e+02 5.5958599854e+02 5.5958599854e+02 5.5959100342e+02 5.5958502197e+02 5.5957202148e+02 5.5955102539e+02 5.5952502441e+02 5.5949102783e+02 5.5942401123e+02 5.5934698486e+02 5.5926397705e+02 5.5919097900e+02 5.5912701416e+02
5.5520001221e+02 5.5524401855e+02 5.5529797363e+02 5.5533001709e+02 5.5529699707e+02 5.5527899170e+02 5.5535699463e+02 5.5566900635e+02 5.5671899414e+02 5.5823602295e+02 5.5924102783e+02 5.5904602051e+02 5.5908001709e+02 5.5914202881e+02 5.5917199707e+02 5.5927801514e+02 5.5940899658e+02 5.5948400879e+02 5.5953698730e+02 5.5960699463e+02 5.5964898682e+02 5.5965899658e+02 5.5966302490e+02 5.5965399170e+02 5.5964001465e+02 5.5965100098e+02 5.5966699219e+02 5.5962597656e+02 5.5961499023e+02 5.5961102295e+02 5.5958801270e+02 5.5955700684e+02 5.5953802490e+02 5.5951599121e+02 5.5950598145e+02 5.5951702881e+02 5.5950897217e+02 5.5949401855e+02 5.5948101807e+02 5.5946502686e+02 5.5944299316e+02 5.5940002441e+02 5.5935498047e+02 5.5928302002e+02 5.5920800781e+02 5.5913702393e+02
5.5522900391e+02 5.5526898193e+02 5.5529998779e+02 5.5533801270e+02 5.5538702393e+02 5.5541302490e+02 5.5547998047e+02 5.5527197266e+02 5.5604699707e+02 5.5790502930e+02 5.5933099365e+02 5.5910699463e+02 5.5907598877e+02 5.5912200928e+02 5.5914300537e+02 5.5922399902e+02 5.5935101318e+02 5.5944299316e+02 5.5953900146e+02 5.5960699463e+02 5.5965301514e+02 5.5965997314e+02 5.5963800049e+02 5.5962902832e+02 5.5961999512e+02 5.5963397217e+02 5.5965399170e+02 5.5962500000e+02 5.5959002686e+02 5.5958599854e+02 5.5958300781e+02 5.5954699707e+02 5.5951397705e+02 5.5948498535e+02 5.5945300293e+02 5.5944396973e+02 5.5943298340e+02 5.5942199707e+02 5.5941802979e+02 5.5940399170e+02 5.5939398193e+02 5.5937097168e+02 5.5934997559e+02 5.5929199219e+02 5.5922198486e+02 5.5914501953e+02
5.5526300049e+02 5.5530700684e+02 5.5534002686e+02 5.5536901855e+02 5.5540899658e+02 5.5543402100e+02 5.5549597168e+02 5.5525402832e+02 5.5601501465e+02 5.5813702393e+02 5.5949200439e+02 5.5921502686e+02 5.5907800293e+02 5.5906701660e+02 5.5906799316e+02 5.5911999512e+02 5.5925701904e+02 5.5939202881e+02 5.5953497314e+02 5.5959197998e+02 5.5962701416e+02 5.5963098145e+02 5.5960198975e+02 5.5958697510e+02 5.5958697510e+02 5.5961102295e+02 5.5963201904e+02 5.5962597656e+02 5.5959197998e+02 5.5956097412e+02 5.5955603027e+02 5.5953698730e+02 5.5950799561e+02 5.5947900391e+02 5.5945098877e+02 5.5942602539e+02 5.5939501953e+02 5.5937200928e+02 5.5936199951e+02 5.5936199951e+02 5.5936199951e+02 5.5935302734e+02 5.5933197021e+02 5.5927801514e+02 5.5921099854e+02 5.5914599609e+02
5.5527899170e+02 5.5532598877e+02 5.5536999512e+02 5.5540600586e+02 5.5544598389e+02 5.5546002197e+02 5.5552099609e+02 5.5543200684e+02 5.5631597900e+02 5.5839398193e+02 5.5949298096e+02 5.5926202393e+02 5.5910302734e+02 5.5903399658e+02 5.5902398682e+02 5.5902801514e+02 5.5912402344e+02 5.5927697754e+02 5.5946600342e+02 5.5953100586e+02 5.5958001709e+02 5.5960302734e+02 5.5959399414e+02 5.5958300781e+02 5.5956799316e+02 5.5958197021e+02 5.5960498047e+02 5.5960998535e+02 5.5958697510e+02 5.5954602051e+02 5.5952099609e+02 5.5951702881e+02 5.5950097656e+02 5.5946997070e+02 5.5944097900e+02 5.5941802979e+02 5.5938598633e+02 5.5935198975e+02 5.5932702637e+02 5.5932299805e+02 5.5932501221e+02 5.5931701660e+02 5.5927899170e+02 5.5921899414e+02 5.5919000244e+02 5.5920202637e+02
5.5529998779e+02 5.5534002686e+02 5.5538897705e+02 5.5543499756e+02 5.5547302246e+02 5.5548999023e+02 5.5553900146e+02 5.5547100830e+02 5.5610998535e+02 5.5773699951e+02 5.5883001709e+02 5.5905798340e+02 5.5907897949e+02 5.5906896973e+02 5.5906201172e+02 5.5900201416e+02 5.5900799561e+02 5.5912799072e+02 5.5934100342e+02 5.5943902588e+02 5.5952099609e+02 5.5957800293e+02 5.5960400391e+02 5.5960699463e+02 5.5957202148e+02 5.5956402588e+02 5.5958001709e+02 5.5957397461e+02 5.5956402588e+02 5.5954101563e+02 5.5950799561e+02 5.5949401855e+02 5.5948199463e+02 5.5945697021e+02 5.5942199707e+02 5.5939300537e+02 5.5936499023e+02 5.5933801270e+02 5.5930603027e+02 5.5928900146e+02 5.5927398682e+02 5.5924200439e+02 5.5920202637e+02 5.5916101074e+02 5.5919299316e+02 5.5929199219e+02
5.5532000732e+02 5.5536297607e+02 5.5540802002e+02 5.5544799805e+02 5.5548400879e+02 5.5551599121e+02 5.5557702637e+02 5.5551702881e+02 5.5567700195e+02 5.5648297119e+02 5.5743597412e+02 5.5827001953e+02 5.5870599365e+02 5.5900598145e+02 5.5915301514e+02 5.5906201172e+02 5.5897100830e+02 5.5902301025e+02 5.5923602295e+02 5.5937597656e+02 5.5947802734e+02 5.5954797363e+02 5.5960101318e+02 5.5959899902e+02 5.5956402588e+02 5.5954101563e+02 5.5955297852e+02 5.5954400635e+02 5.5954400635e+02 5.5954602051e+02 5.5953497314e+02 5.5947802734e+02 5.5945001221e+02 5.5943902588e+02 5.5941998291e+02 5.5937701416e+02 5.5934399414e+02 5.5931597900e+02 5.5928399658e+02 5.5927398682e+02 5.5925402832e+02 5.5920098877e+02 5.5914898682e+02 5.5913897705e+02 5.5920898438e+02 5.5932501221e+02
5.5534899902e+02 5.5539501953e+02 5.5543499756e+02 5.5546801758e+02 5.5551501465e+02 5.5554797363e+02 5.5559497070e+02 5.5562097168e+02 5.5561199951e+02 5.5579302979e+02 5.5628100586e+02 5.5700500488e+02 5.5769702148e+02 5.5840301514e+02 5.5889801025e+02 5.5907800293e+02 5.5903802490e+02 5.5899200439e+02 5.5912298584e+02 5.5928497314e+02 5.5938702393e+02 5.5947497559e+02 5.5955102539e+02 5.5957501221e+02 5.5955102539e+02 5.5951599121e+02 5.5952899170e+02 5.5952197266e+02 5.5952197266e+02 5.5952301025e+02 5.5951702881e+02 5.5948199463e+02 5.5945098877e+02 5.5942602539e+02 5.5939898682e+02 5.5936297607e+02 5.5932800293e+02 5.5929400635e+02 5.5926098633e+02 5.5924200439e+02 5.5922601318e+02 5.5918798828e+02 5.5914697266e+02 5.5913201904e+02 5.5919598389e+02 5.5928497314e+02
5.5537097168e+02 5.5541302490e+02 5.5545800781e+02 5.5549200439e+02 5.5554400635e+02 5.5558398438e+02 5.5560998535e+02 5.5567102051e+02 5.5570001221e+02 5.5570098877e+02 5.5577001953e+02 5.5605798340e+02 5.5660498047e+02 5.5735900879e+02 5.5807098389e+02 5.5863397217e+02 5.5894299316e+02 5.5908099365e+02 5.5913800049e+02 5.5919299316e+02 5.5925500488e+02 5.5934698486e+02 5.5946600342e+02 5.5953601074e+02 5.5953802490e+02 5.5950097656e+02 5.5950402832e+02 5.5951202393e+02 5.5950701904e+02 5.5949499512e+02 5.5948498535e+02 5.5947302246e+02 5.5945001221e+02 5.5941400146e+02 5.5937298584e+02 5.5934301758e+02 5.5931896973e+02 5.5929101563e+02 5.5925598145e+02 5.5922198486e+02 5.5919000244e+02 5.5915502930e+02 5.5912799072e+02 5.5909301758e+02 5.5910198975e+02 5.5913500977e+02
5.5539300537e+02 5.5543597412e+02 5.5547302246e+02 5.5550701904e+02 5.5556201172e+02 5.5560601807e+02 5.5563702393e+02 5.5567297363e+02 5.5572802734e+02 5.5575701904e+02 5.5576098633e+02 5.5575000000e+02 5.5593103027e+02 5.5634497070e+02 5.5689202881e+02 5.5754797363e+02 5.5819500732e+02 5.5873199463e+02 5.5900701904e+02 5.5908898926e+02 5.5917602539e+02 5.5926397705e+02 5.5937298584e+02 5.5947100830e+02 5.5950701904e+02 5.5947998047e+02 5.5946502686e+02 5.5948901367e+02 5.5949401855e+02 5.5947698975e+02 5.5945599365e+02 5.5944396973e+02 5.5943103027e+02 5.5940399170e+02 5.5936401367e+02 5.5933099365e+02 5.5930700684e+02 5.5928100586e+02 5.5924902344e+02 5.5921398926e+02 5.5917297363e+02 5.5913098145e+02 5.5910601807e+02 5.5907000732e+02 5.5903601074e+02 5.5901501465e+02
