TESTSERVER/8/15.asc
NCOLS 100
NROWS 100
XLLCORNER 7.8997500000e+03
YLLCORNER 2.8920025000e+05
CELLSIZE 5.0000000000e-01
NODATA_VALUE -9.9990000000e+03
[rows 20 to 39 of 100, columns 46 to 91 of 100]
5.5346398926e+02 5.5369097900e+02 5.5391497803e+02 5.5422100830e+02 5.5461602783e+02 5.5508697510e+02 5.5553198242e+02 5.5590100098e+02 5.5616699219e+02 5.5640698242e+02 5.5660699463e+02 5.5676702881e+02 5.5686798096e+02 5.5693902588e+02 5.5701702881e+02 5.5709100342e+02 5.5715399170e+02 5.5721197510e+02 5.5727099609e+02 5.5732397461e+02 5.5737200928e+02 5.5742297363e+02 5.5748602295e+02 5.5751501465e+02 5.5753900146e+02 5.5755603027e+02 5.5757202148e+02 5.5760400391e+02 5.5762402344e+02 5.5763299561e+02 5.5763299561e+02 5.5763299561e+02 5.5764898682e+02 5.5764501953e+02 5.5760302734e+02 5.5760302734e+02 5.5760900879e+02 5.5764099121e+02 5.5767797852e+02 5.5771197510e+02 5.5772802734e+02 5.5771398926e+02 5.5766198730e+02 5.5762902832e+02 5.5762902832e+02 5.5764398193e+02
5.5343902588e+02 5.5368798828e+02 5.5390301514e+02 5.5419201660e+02 5.5455499268e+02 5.5495397949e+02 5.5538098145e+02 5.5577001953e+02 5.5610101318e+02 5.5635900879e+02 5.5654602051e+02 5.5666900635e+02 5.5676202393e+02 5.5685302734e+02 5.5694702148e+02 5.5703802490e+02 5.5710302734e+02 5.5715698242e+02 5.5721997070e+02 5.5727899170e+02 5.5732800293e+02 5.5738598633e+02 5.5745800781e+02 5.5750201416e+02 5.5752398682e+02 5.5753100586e+02 5.5754400635e+02 5.5757800293e+02 5.5759802246e+02 5.5760198975e+02 5.5759100342e+02 5.5758801270e+02 5.5759399414e+02 5.5757800293e+02 5.5752899170e+02 5.5751702881e+02 5.5753100586e+02 5.5755999756e+02 5.5759100342e+02 5.5763201904e+02 5.5764898682e+02 5.5763201904e+02 5.5758697510e+02 5.5757202148e+02 5.5758197021e+02 5.5760302734e+02
5.5342498779e+02 5.5366699219e+02 5.5389300537e+02 5.5415600586e+02 5.5448400879e+02 5.5485101318e+02 5.5524102783e+02 5.5565197754e+02 5.5601599121e+02 5.5628802490e+02 5.5646502686e+02 5.5655902100e+02 5.5664697266e+02 5.5675598145e+02 5.5688299561e+02 5.5698498535e+02 5.5705798340e+02 5.5711798096e+02 5.5718103027e+02 5.5723797607e+02 5.5728900146e+02 5.5734497070e+02 5.5741900635e+02 5.5747302246e+02 5.5750097656e+02 5.5751098633e+02 5.5751800537e+02 5.5753399658e+02 5.5754400635e+02 5.5754498291e+02 5.5753900146e+02 5.5754302979e+02 5.5754901123e+02 5.5753601074e+02 5.5749798584e+02 5.5748901367e+02 5.5749499512e+02 5.5750701904e+02 5.5752301025e+02 5.5754998779e+02 5.5755297852e+02 5.5753601074e+02 5.5751300049e+02 5.5751000977e+02 5.5752801514e+02 5.5755603027e+02
5.5344799805e+02 5.5369201660e+02 5.5392401123e+02 5.5415197754e+02 5.5443499756e+02 5.5475897217e+02 5.5513299561e+02 5.5556597900e+02 5.5593499756e+02 5.5620599365e+02 5.5637097168e+02 5.5646301270e+02 5.5655999756e+02 5.5669201660e+02 5.5684899902e+02 5.5694201660e+02 5.5701397705e+02 5.5707800293e+02 5.5714398193e+02 5.5720001221e+02 5.5724798584e+02 5.5729998779e+02 5.5736700439e+02 5.5742797852e+02 5.5746697998e+02 5.5748498535e+02 5.5749499512e+02 5.5749499512e+02 5.5749298096e+02 5.5748901367e+02 5.5748498535e+02 5.5749597168e+02 5.5749401855e+02 5.5748297119e+02 5.5746502686e+02 5.5746697998e+02 5.5746697998e+02 5.5747198486e+02 5.5748999023e+02 5.5750598145e+02 5.5748901367e+02 5.5746197510e+02 5.5745098877e+02 5.5745599365e+02 5.5747900391e+02 5.5750701904e+02
5.5349499512e+02 5.5377301025e+02 5.5404498291e+02 5.5421197510e+02 5.5444598389e+02 5.5472802734e+02 5.5510101318e+02 5.5552001953e+02 5.5586798096e+02 5.5612701416e+02 5.5627899170e+02 5.5640997314e+02 5.5654602051e+02 5.5669299316e+02 5.5684301758e+02 5.5691900635e+02 5.5697399902e+02 5.5703601074e+02 5.5709600830e+02 5.5715399170e+02 5.5720501709e+02 5.5725500488e+02 5.5730401611e+02 5.5736499023e+02 5.5741699219e+02 5.5745098877e+02 5.5748498535e+02 5.5747601318e+02 5.5746301270e+02 5.5745202637e+02 5.5744396973e+02 5.5744396973e+02 5.5743200684e+02 5.5741998291e+02 5.5741302490e+02 5.5741802979e+02 5.5742401123e+02 5.5744201660e+02 5.5747497559e+02 5.5749200439e+02 5.5746899414e+02 5.5743298340e+02 5.5741699219e+02 5.5742199707e+02 5.5744097900e+02 5.5746197510e+02
5.5354400635e+02 5.5381201172e+02 5.5408898926e+02 5.5429101563e+02 5.5449102783e+02 5.5475097656e+02 5.5511102295e+02 5.5549700928e+02 5.5583300781e+02 5.5609698486e+02 5.5626599121e+02 5.5642297363e+02 5.5657397461e+02 5.5670898438e+02 5.5682897949e+02 5.5689898682e+02 5.5695800781e+02 5.5702197266e+02 5.5707897949e+02 5.5712799072e+02 5.5717700195e+02 5.5722302246e+02 5.5726702881e+02 5.5730499268e+02 5.5734600830e+02 5.5738897705e+02 5.5742999268e+02 5.5743902588e+02 5.5742700195e+02 5.5741101074e+02 5.5740502930e+02 5.5739898682e+02 5.5738000488e+02 5.5736297607e+02 5.5735797119e+02 5.5736499023e+02 5.5738201904e+02 5.5741699219e+02 5.5745501709e+02 5.5747802734e+02 5.5745202637e+02 5.5741400146e+02 5.5739398193e+02 5.5740002441e+02 5.5740997314e+02 5.5742199707e+02
5.5361700439e+02 5.5384997559e+02 5.5410699463e+02 5.5434698486e+02 5.5455499268e+02 5.5481701660e+02 5.5515399170e+02 5.5550500488e+02 5.5583197021e+02 5.5609698486e+02 5.5628302002e+02 5.5645300293e+02 5.5659997559e+02 5.5672399902e+02 5.5682098389e+02 5.5688800049e+02 5.5695001221e+02 5.5701202393e+02 5.5706701660e+02 5.5711798096e+02 5.5715997314e+02 5.5719201660e+02 5.5722998047e+02 5.5725402832e+02 5.5728198242e+02 5.5732299805e+02 5.5736499023e+02 5.5737799072e+02 5.5736999512e+02 5.5735900879e+02 5.5736102295e+02 5.5735601807e+02 5.5733099365e+02 5.5730999756e+02 5.5729901123e+02 5.5731500244e+02 5.5734399414e+02 5.5738299561e+02 5.5742297363e+02 5.5743597412e+02 5.5740802002e+02 5.5737799072e+02 5.5736999512e+02 5.5736999512e+02 5.5737500000e+02 5.5738098145e+02
5.5366998291e+02 5.5387500000e+02 5.5410198975e+02 5.5435198975e+02 5.5458801270e+02 5.5486901855e+02 5.5518597412e+02 5.5552099609e+02 5.5584301758e+02 5.5611102295e+02 5.5631097412e+02 5.5647802734e+02 5.5661499023e+02 5.5672900391e+02 5.5681097412e+02 5.5687799072e+02 5.5694000244e+02 5.5699597168e+02 5.5704602051e+02 5.5709802246e+02 5.5713598633e+02 5.5716400146e+02 5.5719897461e+02 5.5722399902e+02 5.5724700928e+02 5.5727899170e+02 5.5730798340e+02 5.5731298828e+02 5.5730798340e+02 5.5730499268e+02 5.5730999756e+02 5.5729699707e+02 5.5726898193e+02 5.5725097656e+02 5.5724102783e+02 5.5727099609e+02 5.5730499268e+02 5.5734301758e+02 5.5738098145e+02 5.5737597656e+02 5.5734802246e+02 5.5733099365e+02 5.5733801270e+02 5.5733801270e+02 5.5733898926e+02 5.5734002686e+02
5.5368902588e+02 5.5388500977e+02 5.5409600830e+02 5.5433697510e+02 5.5458801270e+02 5.5488299561e+02 5.5518597412e+02 5.5552301025e+02 5.5585601807e+02 5.5614398193e+02 5.5633502197e+02 5.5647601318e+02 5.5660302734e+02 5.5670599365e+02 5.5678900146e+02 5.5686602783e+02 5.5692297363e+02 5.5696997070e+02 5.5701098633e+02 5.5705798340e+02 5.5709997559e+02 5.5713000488e+02 5.5716601563e+02 5.5719097900e+02 5.5721600342e+02 5.5724200439e+02 5.5725500488e+02 5.5723999023e+02 5.5723400879e+02 5.5724499512e+02 5.5726397705e+02 5.5723602295e+02 5.5721197510e+02 5.5721197510e+02 5.5722198486e+02 5.5723498535e+02 5.5726202393e+02 5.5729797363e+02 5.5733697510e+02 5.5731597900e+02 5.5729199219e+02 5.5728399658e+02 5.5728900146e+02 5.5729400635e+02 5.5729400635e+02 5.5729400635e+02
5.5364697266e+02 5.5385900879e+02 5.5404699707e+02 5.5427197266e+02 5.5458697510e+02 5.5493798828e+02 5.5521002197e+02 5.5550598145e+02 5.5585498047e+02 5.5615802002e+02 5.5632800293e+02 5.5645599365e+02 5.5658099365e+02 5.5667797852e+02 5.5676000977e+02 5.5684301758e+02 5.5690399170e+02 5.5695001221e+02 5.5698602295e+02 5.5702099609e+02 5.5706500244e+02 5.5709497070e+02 5.5713397217e+02 5.5715100098e+02 5.5716699219e+02 5.5719000244e+02 5.5719799805e+02 5.5718499756e+02 5.5718701172e+02 5.5720001221e+02 5.5721197510e+02 5.5719299316e+02 5.5717700195e+02 5.5717700195e+02 5.5718402100e+02 5.5719799805e+02 5.5722399902e+02 5.5726000977e+02 5.5728601074e+02 5.5725799561e+02 5.5723999023e+02 5.5723797607e+02 5.5724200439e+02 5.5724102783e+02 5.5724401855e+02 5.5724499512e+02
5.5359197998e+02 5.5381201172e+02 5.5402801514e+02 5.5424700928e+02 5.5456597900e+02 5.5493103027e+02 5.5521002197e+02 5.5550299072e+02 5.5584997559e+02 5.5614898682e+02 5.5630902100e+02 5.5643103027e+02 5.5655297852e+02 5.5665100098e+02 5.5673498535e+02 5.5682598877e+02 5.5689099121e+02 5.5693701172e+02 5.5696997070e+02 5.5700000000e+02 5.5704302979e+02 5.5707202148e+02 5.5709997559e+02 5.5711602783e+02 5.5712402344e+02 5.5713897705e+02 5.5714202881e+02 5.5714001465e+02 5.5715197754e+02 5.5715899658e+02 5.5715698242e+02 5.5715600586e+02 5.5715002441e+02 5.5714300537e+02 5.5713897705e+02 5.5715698242e+02 5.5719500732e+02 5.5723400879e+02 5.5724102783e+02 5.5720300293e+02 5.5718701172e+02 5.5718798828e+02 5.5719097900e+02 5.5719097900e+02 5.5719299316e+02 5.5719500732e+02
5.5367498779e+02 5.5386297607e+02 5.5403497314e+02 5.5426702881e+02 5.5460198975e+02 5.5494799805e+02 5.5521002197e+02 5.5552001953e+02 5.5585302734e+02 5.5613500977e+02 5.5628002930e+02 5.5640002441e+02 5.5652099609e+02 5.5662402344e+02 5.5671899414e+02 5.5682202148e+02 5.5689001465e+02 5.5693402100e+02 5.5696099854e+02 5.5697302246e+02 5.5701000977e+02 5.5704199219e+02 5.5706402588e+02 5.5707800293e+02 5.5708398438e+02 5.5709802246e+02 5.5709997559e+02 5.5710400391e+02 5.5712097168e+02 5.5712097168e+02 5.5711700439e+02 5.5712500000e+02 5.5712597656e+02 5.5711999512e+02 5.5711297607e+02 5.5712500000e+02 5.5716699219e+02 5.5720397949e+02 5.5719500732e+02 5.5715100098e+02 5.5713800049e+02 5.5713897705e+02 5.5713800049e+02 5.5713897705e+02 5.5714202881e+02 5.5714501953e+02
5.5381597900e+02 5.5397802734e+02 5.5398199463e+02 5.5439801025e+02 5.5485400391e+02 5.5513500977e+02 5.5531298828e+02 5.5559399414e+02 5.5589001465e+02 5.5612402344e+02 5.5621697998e+02 5.5633300781e+02 5.5646697998e+02 5.5659197998e+02 5.5672302246e+02 5.5683197021e+02 5.5690399170e+02 5.5694396973e+02 5.5696801758e+02 5.5695397949e+02 5.5697497559e+02 5.5701000977e+02 5.5703601074e+02 5.5703997803e+02 5.5704199219e+02 5.5705297852e+02 5.5706597900e+02 5.5707098389e+02 5.5707397461e+02 5.5707397461e+02 5.5709100342e+02 5.5709497070e+02 5.5709997559e+02 5.5710302734e+02 5.5710400391e+02 5.5710797119e+02 5.5713598633e+02 5.5715997314e+02 5.5714099121e+02 5.5711199951e+02 5.5710101318e+02 5.5709698486e+02 5.5709301758e+02 5.5709100342e+02 5.5709197998e+02 5.5709399414e+02
5.5378399658e+02 5.5399902344e+02 5.5403802490e+02 5.5452301025e+02 5.5505902100e+02 5.5534698486e+02 5.5546801758e+02 5.5569299316e+02 5.5591101074e+02 5.5606701660e+02 5.5614501953e+02 5.5626397705e+02 5.5641601563e+02 5.5656298828e+02 5.5670599365e+02 5.5682299805e+02 5.5689599609e+02 5.5694201660e+02 5.5694799805e+02 5.5692797852e+02 5.5695599365e+02 5.5698797607e+02 5.5701300049e+02 5.5701397705e+02 5.5700897217e+02 5.5701702881e+02 5.5702801514e+02 5.5702197266e+02 5.5701702881e+02 5.5702001953e+02 5.5704699707e+02 5.5705902100e+02 5.5706298828e+02 5.5706298828e+02 5.5707397461e+02 5.5709301758e+02 5.5711199951e+02 5.5711297607e+02 5.5708599854e+02 5.5707000732e+02 5.5706597900e+02 5.5706500244e+02 5.5705902100e+02 5.5705200195e+02 5.5705102539e+02 5.5705102539e+02
5.5365502930e+02 5.5387902832e+02 5.5397302246e+02 5.5441302490e+02 5.5494299316e+02 5.5528497314e+02 5.5547399902e+02 5.5567797852e+02 5.5585198975e+02 5.5597601318e+02 5.5607202148e+02 5.5622601318e+02 5.5638702393e+02 5.5653698730e+02 5.5667700195e+02 5.5678198242e+02 5.5685302734e+02 5.5690502930e+02 5.5692102051e+02 5.5690997314e+02 5.5694000244e+02 5.5696502686e+02 5.5697399902e+02 5.5697698975e+02 5.5697399902e+02 5.5698199463e+02 5.5698498535e+02 5.5696899414e+02 5.5697302246e+02 5.5699102783e+02 5.5701000977e+02 5.5701800537e+02 5.5702099609e+02 5.5701800537e+02 5.5703399658e+02 5.5707000732e+02 5.5708099365e+02 5.5706500244e+02 5.5703100586e+02 5.5702697754e+02 5.5703100586e+02 5.5703497314e+02 5.5702502441e+02 5.5701300049e+02 5.5701098633e+02 5.5701098633e+02
5.5353698730e+02 5.5373901367e+02 5.5387402344e+02 5.5423797607e+02 5.5471801758e+02 5.5509497070e+02 5.5536798096e+02 5.5558898926e+02 5.5575701904e+02 5.5588598633e+02 5.5601702881e+02 5.5619500732e+02 5.5635998535e+02 5.5651202393e+02 5.5664001465e+02 5.5672399902e+02 5.5678900146e+02 5.5684301758e+02 5.5687097168e+02 5.5687298584e+02 5.5689599609e+02 5.5691198730e+02 5.5692498779e+02 5.5693798828e+02 5.5693701172e+02 5.5694097900e+02 5.5694000244e+02 5.5691802979e+02 5.5692498779e+02 5.5695300293e+02 5.5696398926e+02 5.5696600342e+02 5.5696997070e+02 5.5697198486e+02 5.5699499512e+02 5.5703997803e+02 5.5704302979e+02 5.5700897217e+02 5.5697302246e+02 5.5698400879e+02 5.5699499512e+02 5.5700201416e+02 5.5698999023e+02 5.5697497559e+02 5.5697302246e+02 5.5697302246e+02
5.5349902344e+02 5.5365399170e+02 5.5383898926e+02 5.5418597412e+02 5.5460601807e+02 5.5497198486e+02 5.5526702881e+02 5.5548400879e+02 5.5567602539e+02 5.5584399414e+02 5.5601098633e+02 5.5617700195e+02 5.5634301758e+02 5.5648999023e+02 5.5660400391e+02 5.5667102051e+02 5.5672399902e+02 5.5677099609e+02 5.5680700684e+02 5.5682202148e+02 5.5684399414e+02 5.5686798096e+02 5.5689697266e+02 5.5690600586e+02 5.5690197754e+02 5.5690197754e+02 5.5689801025e+02 5.5688598633e+02 5.5688702393e+02 5.5690502930e+02 5.5691601563e+02 5.5691101074e+02 5.5691601563e+02 5.5692999268e+02 5.5697100830e+02 5.5700402832e+02 5.5700500488e+02 5.5696197510e+02 5.5692199707e+02 5.5694299316e+02 5.5695397949e+02 5.5695800781e+02 5.5694799805e+02 5.5694299316e+02 5.5694097900e+02 5.5693902588e+02
5.5361602783e+02 5.5368701172e+02 5.5386901855e+02 5.5420300293e+02 5.5455603027e+02 5.5488098145e+02 5.5518499756e+02 5.5546099854e+02 5.5569799805e+02 5.5587902832e+02 5.5601000977e+02 5.5616497803e+02 5.5632702637e+02 5.5646502686e+02 5.5656597900e+02 5.5662701416e+02 5.5667602539e+02 5.5672399902e+02 5.5675500488e+02 5.5677099609e+02 5.5680102539e+02 5.5682098389e+02 5.5684600830e+02 5.5685797119e+02 5.5686499023e+02 5.5687500000e+02 5.5686401367e+02 5.5685900879e+02 5.5686297607e+02 5.5687200928e+02 5.5687402344e+02 5.5687200928e+02 5.5688201904e+02 5.5689599609e+02 5.5692901611e+02 5.5695697021e+02 5.5695300293e+02 5.5691601563e+02 5.5689300537e+02 5.5690600586e+02 5.5691302490e+02 5.5691302490e+02 5.5691101074e+02 5.5691101074e+02 5.5690899658e+02 5.5690600586e+02
5.5391497803e+02 5.5387298584e+02 5.5397100830e+02 5.5422497559e+02 5.5448498535e+02 5.5476501465e+02 5.5509399414e+02 5.5541198730e+02 5.5567797852e+02 5.5585699463e+02 5.5597802734e+02 5.5613897705e+02 5.5629998779e+02 5.5643597412e+02 5.5653802490e+02 5.5660198975e+02 5.5664599609e+02 5.5669097900e+02 5.5672698975e+02 5.5675097656e+02 5.5678302002e+02 5.5679199219e+02 5.5679998779e+02 5.5681500244e+02 5.5683599854e+02 5.5684600830e+02 5.5682299805e+02 5.5682202148e+02 5.5682598877e+02 5.5682501221e+02 5.5682397461e+02 5.5683300781e+02 5.5685498047e+02 5.5686602783e+02 5.5688598633e+02 5.5691802979e+02 5.5690002441e+02 5.5685699463e+02 5.5685400391e+02 5.5686602783e+02 5.5687298584e+02 5.5687597656e+02 5.5687500000e+02 5.5687402344e+02 5.5687298584e+02 5.5686999512e+02
5.5398400879e+02 5.5393499756e+02 5.5404302979e+02 5.5425201416e+02 5.5444097900e+02 5.5470501709e+02 5.5506402588e+02 5.5537500000e+02 5.5563500977e+02 5.5579998779e+02 5.5592498779e+02 5.5610400391e+02 5.5626501465e+02 5.5640100098e+02 5.5650701904e+02 5.5657800293e+02 5.5662097168e+02 5.5665899658e+02 5.5671002197e+02 5.5675000000e+02 5.5677099609e+02 5.5677301025e+02 5.5677600098e+02 5.5680102539e+02 5.5682098389e+02 5.5681896973e+02 5.5678601074e+02 5.5678302002e+02 5.5678198242e+02 5.5677502441e+02 5.5677197266e+02 5.5678198242e+02 5.5680700684e+02 5.5682299805e+02 5.5684698486e+02 5.5688702393e+02 5.5685498047e+02 5.5679498291e+02 5.5680102539e+02 5.5681896973e+02 5.5683001709e+02 5.5683599854e+02 5.5683697510e+02 5.5683697510e+02 5.5683599854e+02 5.5683398438e+02
