TESTSERVER/8/15.asc
NCOLS 100
NROWS 100
XLLCORNER 7.8997500000e+03
YLLCORNER 2.8920025000e+05
CELLSIZE 5.0000000000e-01
NODATA_VALUE -9.9990000000e+03
[rows 0 to 19 of 100, columns 0 to 45 of 100]
5.5196600342e+02 5.5200097656e+02 5.5204699707e+02 5.5210198975e+02 5.5212402344e+02 5.5211700439e+02 5.5213702393e+02 5.5215399170e+02 5.5216400146e+02 5.5215197754e+02 5.5213397217e+02 5.5213299561e+02 5.5214898682e+02 5.5215600586e+02 5.5218402100e+02 5.5222802734e+02 5.5226000977e+02 5.5228900146e+02 5.5231097412e+02 5.5233001709e+02 5.5235699463e+02 5.5236700439e+02 5.5240802002e+02 5.5245800781e+02 5.5250000000e+02 5.5254101563e+02 5.5257299805e+02 5.5259698486e+02 5.5262200928e+02 5.5266497803e+02 5.5271002197e+02 5.5275000000e+02 5.5276098633e+02 5.5277801514e+02 5.5282800293e+02 5.5287701416e+02 5.5292901611e+02 5.5297998047e+02 5.5309002686e+02 5.5319000244e+02 5.5325500488e+02 5.5334802246e+02 5.5349298096e+02 5.5365698242e+02 5.5385198975e+02 5.5409399414e+02
5.5196899414e+02 5.5199597168e+02 5.5202502441e+02 5.5207397461e+02 5.5211102295e+02 5.5210797119e+02 5.5212200928e+02 5.5213299561e+02 5.5215002441e+02 5.5216302490e+02 5.5215899658e+02 5.5214099121e+02 5.5212097168e+02 5.5212200928e+02 5.5215698242e+02 5.5221099854e+02 5.5224200439e+02 5.5226300049e+02 5.5228302002e+02 5.5230798340e+02 5.5233898926e+02 5.5234197998e+02 5.5237500000e+02 5.5241400146e+02 5.5245300293e+02 5.5250897217e+02 5.5254498291e+02 5.5257299805e+02 5.5261401367e+02 5.5266400146e+02 5.5271099854e+02 5.5276202393e+02 5.5279998779e+02 5.5281500244e+02 5.5284100342e+02 5.5288500977e+02 5.5293200684e+02 5.5297998047e+02 5.5308300781e+02 5.5319500732e+02 5.5325000000e+02 5.5335198975e+02 5.5347601318e+02 5.5359600830e+02 5.5376202393e+02 5.5398999023e+02
5.5200402832e+02 5.5203198242e+02 5.5203997803e+02 5.5206402588e+02 5.5209399414e+02 5.5210198975e+02 5.5211901855e+02 5.5212500000e+02 5.5213098145e+02 5.5215899658e+02 5.5217199707e+02 5.5215197754e+02 5.5210601807e+02 5.5209802246e+02 5.5214099121e+02 5.5220800781e+02 5.5224902344e+02 5.5228497314e+02 5.5231201172e+02 5.5234301758e+02 5.5236199951e+02 5.5236499023e+02 5.5239599609e+02 5.5242999268e+02 5.5246002197e+02 5.5251202393e+02 5.5254699707e+02 5.5257702637e+02 5.5262597656e+02 5.5268298340e+02 5.5273297119e+02 5.5278900146e+02 5.5284197998e+02 5.5283898926e+02 5.5284497070e+02 5.5288500977e+02 5.5293597412e+02 5.5296997070e+02 5.5303802490e+02 5.5312097168e+02 5.5319500732e+02 5.5335601807e+02 5.5348498535e+02 5.5358502197e+02 5.5372601318e+02 5.5394702148e+02
5.5204498291e+02 5.5208599854e+02 5.5207202148e+02 5.5206298828e+02 5.5207397461e+02 5.5209100342e+02 5.5211700439e+02 5.5212701416e+02 5.5212500000e+02 5.5215100098e+02 5.5216497803e+02 5.5215100098e+02 5.5210198975e+02 5.5207098389e+02 5.5210900879e+02 5.5218499756e+02 5.5223602295e+02 5.5226898193e+02 5.5230200195e+02 5.5234002686e+02 5.5236102295e+02 5.5238098145e+02 5.5241302490e+02 5.5244396973e+02 5.5247601318e+02 5.5252099609e+02 5.5255102539e+02 5.5258300781e+02 5.5264099121e+02 5.5270300293e+02 5.5275897217e+02 5.5282397461e+02 5.5288098145e+02 5.5283599854e+02 5.5283001709e+02 5.5288299561e+02 5.5294799805e+02 5.5296697998e+02 5.5300598145e+02 5.5306097412e+02 5.5314599609e+02 5.5331298828e+02 5.5341900635e+02 5.5352099609e+02 5.5370800781e+02 5.5394702148e+02
5.5203802490e+02 5.5209899902e+02 5.5207897949e+02 5.5205902100e+02 5.5205798340e+02 5.5206799316e+02 5.5210400391e+02 5.5212701416e+02 5.5212500000e+02 5.5214300537e+02 5.5214697266e+02 5.5213397217e+02 5.5210400391e+02 5.5205603027e+02 5.5207702637e+02 5.5215002441e+02 5.5221099854e+02 5.5223400879e+02 5.5226000977e+02 5.5229699707e+02 5.5233300781e+02 5.5237500000e+02 5.5241101074e+02 5.5244000244e+02 5.5248400879e+02 5.5252398682e+02 5.5254602051e+02 5.5258300781e+02 5.5265502930e+02 5.5273199463e+02 5.5280603027e+02 5.5288397217e+02 5.5293402100e+02 5.5289001465e+02 5.5285699463e+02 5.5288800049e+02 5.5294897461e+02 5.5298797607e+02 5.5303198242e+02 5.5308502197e+02 5.5317498779e+02 5.5326702881e+02 5.5332501221e+02 5.5341900635e+02 5.5363000488e+02 5.5394000244e+02
5.5203198242e+02 5.5208697510e+02 5.5206701660e+02 5.5204998779e+02 5.5203900146e+02 5.5205200195e+02 5.5208898926e+02 5.5211297607e+02 5.5211798096e+02 5.5213098145e+02 5.5213500977e+02 5.5212597656e+02 5.5210998535e+02 5.5207202148e+02 5.5206896973e+02 5.5213000488e+02 5.5219702148e+02 5.5222399902e+02 5.5224298096e+02 5.5227398682e+02 5.5232800293e+02 5.5237402344e+02 5.5241198730e+02 5.5244396973e+02 5.5247900391e+02 5.5253002930e+02 5.5256097412e+02 5.5260498047e+02 5.5268298340e+02 5.5279699707e+02 5.5290600586e+02 5.5298602295e+02 5.5303100586e+02 5.5299798584e+02 5.5294396973e+02 5.5292999268e+02 5.5296301270e+02 5.5301098633e+02 5.5306799316e+02 5.5312799072e+02 5.5320300293e+02 5.5326898193e+02 5.5334399414e+02 5.5341900635e+02 5.5353601074e+02 5.5378997803e+02
5.5198297119e+02 5.5203997803e+02 5.5203302002e+02 5.5202697754e+02 5.5203100586e+02 5.5206298828e+02 5.5208697510e+02 5.5209399414e+02 5.5210601807e+02 5.5212200928e+02 5.5212597656e+02 5.5212200928e+02 5.5210900879e+02 5.5208300781e+02 5.5206298828e+02 5.5210101318e+02 5.5216998291e+02 5.5221197510e+02 5.5224298096e+02 5.5227899170e+02 5.5232299805e+02 5.5236102295e+02 5.5240100098e+02 5.5243298340e+02 5.5246502686e+02 5.5252301025e+02 5.5255902100e+02 5.5260498047e+02 5.5269299316e+02 5.5284100342e+02 5.5296398926e+02 5.5303698730e+02 5.5305102539e+02 5.5301898193e+02 5.5298699951e+02 5.5298602295e+02 5.5301800537e+02 5.5308001709e+02 5.5312799072e+02 5.5316198730e+02 5.5321002197e+02 5.5325000000e+02 5.5333197021e+02 5.5341198730e+02 5.5350299072e+02 5.5368798828e+02
5.5193597412e+02 5.5198498535e+02 5.5199499512e+02 5.5200799561e+02 5.5202801514e+02 5.5206298828e+02 5.5208502197e+02 5.5208697510e+02 5.5209802246e+02 5.5211102295e+02 5.5210900879e+02 5.5210900879e+02 5.5210797119e+02 5.5208898926e+02 5.5205297852e+02 5.5207202148e+02 5.5213397217e+02 5.5218200684e+02 5.5222802734e+02 5.5227697754e+02 5.5231500244e+02 5.5234100342e+02 5.5238201904e+02 5.5241900635e+02 5.5245397949e+02 5.5251202393e+02 5.5254998779e+02 5.5259698486e+02 5.5268200684e+02 5.5282702637e+02 5.5294201660e+02 5.5300402832e+02 5.5299597168e+02 5.5297802734e+02 5.5299499512e+02 5.5303802490e+02 5.5309997559e+02 5.5316699219e+02 5.5320898438e+02 5.5321398926e+02 5.5320898438e+02 5.5322998047e+02 5.5330401611e+02 5.5339300537e+02 5.5350897217e+02 5.5370697021e+02
5.5193103027e+02 5.5196801758e+02 5.5198297119e+02 5.5200598145e+02 5.5202099609e+02 5.5204101563e+02 5.5207598877e+02 5.5209399414e+02 5.5209802246e+02 5.5209899902e+02 5.5208801270e+02 5.5208898926e+02 5.5209899902e+02 5.5208300781e+02 5.5204199219e+02 5.5204699707e+02 5.5210498047e+02 5.5216400146e+02 5.5222302246e+02 5.5227697754e+02 5.5231799316e+02 5.5233697510e+02 5.5237298584e+02 5.5241699219e+02 5.5246697998e+02 5.5249798584e+02 5.5253997803e+02 5.5259399414e+02 5.5265997314e+02 5.5275402832e+02 5.5284802246e+02 5.5291101074e+02 5.5292401123e+02 5.5295098877e+02 5.5300598145e+02 5.5308001709e+02 5.5315301514e+02 5.5321002197e+02 5.5325598145e+02 5.5326000977e+02 5.5321099854e+02 5.5322100830e+02 5.5328198242e+02 5.5337500000e+02 5.5350402832e+02 5.5375097656e+02
5.5193798828e+02 5.5194702148e+02 5.5196301270e+02 5.5199597168e+02 5.5201599121e+02 5.5203802490e+02 5.5206701660e+02 5.5208001709e+02 5.5209002686e+02 5.5208898926e+02 5.5207299805e+02 5.5205999756e+02 5.5206500244e+02 5.5205999756e+02 5.5203302002e+02 5.5203601074e+02 5.5209100342e+02 5.5215802002e+02 5.5222399902e+02 5.5225799561e+02 5.5228002930e+02 5.5231799316e+02 5.5237097168e+02 5.5241699219e+02 5.5245001221e+02 5.5247802734e+02 5.5253002930e+02 5.5258898926e+02 5.5263598633e+02 5.5268298340e+02 5.5275897217e+02 5.5283398438e+02 5.5288702393e+02 5.5296600342e+02 5.5305297852e+02 5.5312799072e+02 5.5318402100e+02 5.5320898438e+02 5.5325299072e+02 5.5326300049e+02 5.5320898438e+02 5.5318200684e+02 5.5323400879e+02 5.5335797119e+02 5.5354400635e+02 5.5377600098e+02
5.5192602539e+02 5.5192700195e+02 5.5194897461e+02 5.5198999023e+02 5.5201098633e+02 5.5203002930e+02 5.5204199219e+02 5.5204400635e+02 5.5206201172e+02 5.5207202148e+02 5.5206896973e+02 5.5205603027e+02 5.5203802490e+02 5.5202899170e+02 5.5200799561e+02 5.5201300049e+02 5.5207202148e+02 5.5213098145e+02 5.5219598389e+02 5.5224102783e+02 5.5227099609e+02 5.5230798340e+02 5.5235998535e+02 5.5240802002e+02 5.5244799805e+02 5.5248602295e+02 5.5253698730e+02 5.5258599854e+02 5.5261602783e+02 5.5264898682e+02 5.5271600342e+02 5.5279302979e+02 5.5284997559e+02 5.5294097900e+02 5.5307098389e+02 5.5318798828e+02 5.5326098633e+02 5.5326397705e+02 5.5328399658e+02 5.5327301025e+02 5.5320098877e+02 5.5314398193e+02 5.5320697021e+02 5.5337298584e+02 5.5359399414e+02 5.5379998779e+02
5.5191400146e+02 5.5190802002e+02 5.5193499756e+02 5.5197802734e+02 5.5199902344e+02 5.5201599121e+02 5.5202502441e+02 5.5202001953e+02 5.5202301025e+02 5.5203302002e+02 5.5204699707e+02 5.5204400635e+02 5.5201702881e+02 5.5201000977e+02 5.5199102783e+02 5.5199298096e+02 5.5205700684e+02 5.5211901855e+02 5.5218402100e+02 5.5223297119e+02 5.5226702881e+02 5.5229699707e+02 5.5234100342e+02 5.5239697266e+02 5.5245599365e+02 5.5249902344e+02 5.5253497314e+02 5.5255902100e+02 5.5257202148e+02 5.5261199951e+02 5.5267700195e+02 5.5275201416e+02 5.5280401611e+02 5.5288500977e+02 5.5305297852e+02 5.5322698975e+02 5.5333300781e+02 5.5332000732e+02 5.5331597900e+02 5.5327197266e+02 5.5316601563e+02 5.5310998535e+02 5.5320501709e+02 5.5340002441e+02 5.5361102295e+02 5.5378698730e+02
5.5190899658e+02 5.5190002441e+02 5.5192199707e+02 5.5195898438e+02 5.5198199463e+02 5.5200598145e+02 5.5203302002e+02 5.5203002930e+02 5.5199902344e+02 5.5199597168e+02 5.5200897217e+02 5.5200897217e+02 5.5199401855e+02 5.5199700928e+02 5.5198101807e+02 5.5198400879e+02 5.5205401611e+02 5.5211901855e+02 5.5217297363e+02 5.5221099854e+02 5.5222998047e+02 5.5225299072e+02 5.5229602051e+02 5.5236499023e+02 5.5244097900e+02 5.5249798584e+02 5.5251800537e+02 5.5250897217e+02 5.5249597168e+02 5.5256500244e+02 5.5263201904e+02 5.5269702148e+02 5.5274298096e+02 5.5284399414e+02 5.5303198242e+02 5.5322497559e+02 5.5331896973e+02 5.5330603027e+02 5.5329199219e+02 5.5323199463e+02 5.5312799072e+02 5.5310101318e+02 5.5319598389e+02 5.5336901855e+02 5.5353198242e+02 5.5372497559e+02
5.5191998291e+02 5.5190899658e+02 5.5192797852e+02 5.5195501709e+02 5.5195800781e+02 5.5197302246e+02 5.5199798584e+02 5.5200097656e+02 5.5198999023e+02 5.5198999023e+02 5.5199597168e+02 5.5199401855e+02 5.5198797607e+02 5.5198999023e+02 5.5196899414e+02 5.5196600342e+02 5.5203497314e+02 5.5209997559e+02 5.5215301514e+02 5.5218902588e+02 5.5219500732e+02 5.5218597412e+02 5.5222900391e+02 5.5232000732e+02 5.5241601563e+02 5.5247802734e+02 5.5251000977e+02 5.5250598145e+02 5.5250299072e+02 5.5256500244e+02 5.5261999512e+02 5.5267297363e+02 5.5273400879e+02 5.5283099365e+02 5.5300201416e+02 5.5316101074e+02 5.5323699951e+02 5.5326898193e+02 5.5327398682e+02 5.5321697998e+02 5.5312500000e+02 5.5310699463e+02 5.5318902588e+02 5.5333197021e+02 5.5349200439e+02 5.5365997314e+02
5.5192999268e+02 5.5190997314e+02 5.5192999268e+02 5.5196197510e+02 5.5195599365e+02 5.5196197510e+02 5.5197100830e+02 5.5196997070e+02 5.5197601318e+02 5.5197698975e+02 5.5198199463e+02 5.5198101807e+02 5.5198400879e+02 5.5198199463e+02 5.5195501709e+02 5.5195001221e+02 5.5201300049e+02 5.5208300781e+02 5.5213702393e+02 5.5216400146e+02 5.5216497803e+02 5.5215997314e+02 5.5221002197e+02 5.5231201172e+02 5.5240899658e+02 5.5246997070e+02 5.5251397705e+02 5.5252697754e+02 5.5254602051e+02 5.5260400391e+02 5.5263897705e+02 5.5267797852e+02 5.5274102783e+02 5.5283398438e+02 5.5298999023e+02 5.5312902832e+02 5.5318798828e+02 5.5323699951e+02 5.5324597168e+02 5.5319500732e+02 5.5312597656e+02 5.5311901855e+02 5.5319598389e+02 5.5333398438e+02 5.5349298096e+02 5.5363299561e+02
5.5194299316e+02 5.5191900635e+02 5.5193701172e+02 5.5196997070e+02 5.5196197510e+02 5.5196502686e+02 5.5196801758e+02 5.5195800781e+02 5.5195599365e+02 5.5195697021e+02 5.5196301270e+02 5.5196502686e+02 5.5197900391e+02 5.5196301270e+02 5.5193200684e+02 5.5193200684e+02 5.5199200439e+02 5.5206896973e+02 5.5212500000e+02 5.5215002441e+02 5.5216400146e+02 5.5218701172e+02 5.5224597168e+02 5.5233801270e+02 5.5242199707e+02 5.5248199463e+02 5.5252697754e+02 5.5254998779e+02 5.5259002686e+02 5.5263800049e+02 5.5265502930e+02 5.5268402100e+02 5.5275097656e+02 5.5284997559e+02 5.5299499512e+02 5.5311700439e+02 5.5315600586e+02 5.5317700195e+02 5.5317297363e+02 5.5313897705e+02 5.5310797119e+02 5.5310797119e+02 5.5317700195e+02 5.5330200195e+02 5.5344500732e+02 5.5356298828e+02
5.5193200684e+02 5.5192602539e+02 5.5192901611e+02 5.5194396973e+02 5.5195001221e+02 5.5195300293e+02 5.5194799805e+02 5.5193597412e+02 5.5194598389e+02 5.5195098877e+02 5.5194897461e+02 5.5194500732e+02 5.5196197510e+02 5.5194702148e+02 5.5191101074e+02 5.5191302490e+02 5.5197998047e+02 5.5205999756e+02 5.5211499023e+02 5.5214801025e+02 5.5218902588e+02 5.5223101807e+02 5.5229498291e+02 5.5237597656e+02 5.5245397949e+02 5.5250598145e+02 5.5253497314e+02 5.5255700684e+02 5.5259899902e+02 5.5263598633e+02 5.5264898682e+02 5.5268499756e+02 5.5275701904e+02 5.5286297607e+02 5.5298797607e+02 5.5308398438e+02 5.5310699463e+02 5.5308398438e+02 5.5306500244e+02 5.5305603027e+02 5.5305999756e+02 5.5306298828e+02 5.5312298584e+02 5.5321600342e+02 5.5329901123e+02 5.5341998291e+02
5.5191400146e+02 5.5192700195e+02 5.5193200684e+02 5.5193597412e+02 5.5193701172e+02 5.5194000244e+02 5.5193298340e+02 5.5193103027e+02 5.5195599365e+02 5.5196197510e+02 5.5194897461e+02 5.5193200684e+02 5.5194000244e+02 5.5193798828e+02 5.5189898682e+02 5.5190399170e+02 5.5197802734e+02 5.5204302979e+02 5.5209698486e+02 5.5214099121e+02 5.5218798828e+02 5.5223101807e+02 5.5229199219e+02 5.5236602783e+02 5.5244702148e+02 5.5248999023e+02 5.5251202393e+02 5.5255200195e+02 5.5261798096e+02 5.5265002441e+02 5.5267102051e+02 5.5271197510e+02 5.5277697754e+02 5.5284600830e+02 5.5293402100e+02 5.5300097656e+02 5.5301000977e+02 5.5299401855e+02 5.5299798584e+02 5.5301300049e+02 5.5302099609e+02 5.5302600098e+02 5.5309698486e+02 5.5318902588e+02 5.5325598145e+02 5.5334698486e+02
5.5189898682e+02 5.5193200684e+02 5.5194500732e+02 5.5194299316e+02 5.5192999268e+02 5.5192498779e+02 5.5191900635e+02 5.5192102051e+02 5.5194097900e+02 5.5194299316e+02 5.5193798828e+02 5.5192498779e+02 5.5192498779e+02 5.5192700195e+02 5.5188201904e+02 5.5188397217e+02 5.5196398926e+02 5.5203002930e+02 5.5208502197e+02 5.5213201904e+02 5.5218103027e+02 5.5223400879e+02 5.5229797363e+02 5.5236102295e+02 5.5241601563e+02 5.5243902588e+02 5.5246899414e+02 5.5254199219e+02 5.5262799072e+02 5.5265502930e+02 5.5268200684e+02 5.5272698975e+02 5.5278399658e+02 5.5282800293e+02 5.5288897705e+02 5.5293499756e+02 5.5293597412e+02 5.5293402100e+02 5.5295599365e+02 5.5298297119e+02 5.5299200439e+02 5.5300402832e+02 5.5307897949e+02 5.5317498779e+02 5.5325500488e+02 5.5333197021e+02
5.5186199951e+02 5.5191699219e+02 5.5193902588e+02 5.5193402100e+02 5.5191998291e+02 5.5190502930e+02 5.5189697266e+02 5.5190301514e+02 5.5191101074e+02 5.5190399170e+02 5.5191601563e+02 5.5191900635e+02 5.5191601563e+02 5.5190899658e+02 5.5186102295e+02 5.5186700439e+02 5.5195300293e+02 5.5203100586e+02 5.5208502197e+02 5.5212500000e+02 5.5217102051e+02 5.5223400879e+02 5.5230499268e+02 5.5235797119e+02 5.5237402344e+02 5.5237701416e+02 5.5242297363e+02 5.5252697754e+02 5.5261999512e+02 5.5264202881e+02 5.5267797852e+02 5.5272601318e+02 5.5277899170e+02 5.5281799316e+02 5.5286700439e+02 5.5290100098e+02 5.5289599609e+02 5.5290399170e+02 5.5293701172e+02 5.5296801758e+02 5.5297802734e+02 5.5300097656e+02 5.5307098389e+02 5.5315301514e+02 5.5323797607e+02 5.5331701660e+02
