TESTSERVER/8/17.asc
NCOLS 100
NROWS 100
XLLCORNER 7.8997500000e+03
YLLCORNER 2.8910025000e+05
CELLSIZE 5.0000000000e-01
NODATA_VALUE -9.9990000000e+03
[rows 60 to 79 of 100, columns 46 to 91 of 100]
5.4972802734e+02 5.4974102783e+02 5.4974798584e+02 5.4975799561e+02 5.4982702637e+02 5.4989202881e+02 5.4990698242e+02 5.4989300537e+02 5.4985699463e+02 5.4983099365e+02 5.4982800293e+02 5.4987200928e+02 5.4984002686e+02 5.4979199219e+02 5.4977099609e+02 5.4977301025e+02 5.4977398682e+02 5.4977801514e+02 5.4979199219e+02 5.4979998779e+02 5.4981500244e+02 5.4983300781e+02 5.4985699463e+02 5.4987500000e+02 5.4989099121e+02 5.4990698242e+02 5.4992297363e+02 5.4993597412e+02 5.4995098877e+02 5.4996600342e+02 5.4998199463e+02 5.4998901367e+02 5.4999798584e+02 5.5000500488e+02 5.5001000977e+02 5.5001202393e+02 5.5001501465e+02 5.5001702881e+02 5.5001397705e+02 5.5002001953e+02 5.5002301025e+02 5.5002502441e+02 5.5002697754e+02 5.5003601074e+02 5.5003900146e+02 5.5004302979e+02
5.4969097900e+02 5.4970397949e+02 5.4971899414e+02 5.4972497559e+02 5.4975598145e+02 5.4977099609e+02 5.4978100586e+02 5.4976000977e+02 5.4974902344e+02 5.4974902344e+02 5.4975402832e+02 5.4977600098e+02 5.4978802490e+02 5.4978497314e+02 5.4977697754e+02 5.4978002930e+02 5.4978198242e+02 5.4978698730e+02 5.4979101563e+02 5.4979998779e+02 5.4981402588e+02 5.4982897949e+02 5.4984802246e+02 5.4986499023e+02 5.4988000488e+02 5.4989501953e+02 5.4990899658e+02 5.4992199707e+02 5.4993798828e+02 5.4995501709e+02 5.4996899414e+02 5.4997601318e+02 5.4998400879e+02 5.4999200439e+02 5.4999798584e+02 5.5000201416e+02 5.5000500488e+02 5.5000701904e+02 5.5000500488e+02 5.5000598145e+02 5.5001000977e+02 5.5001300049e+02 5.5001702881e+02 5.5002197266e+02 5.5002398682e+02 5.5002301025e+02
5.4966998291e+02 5.4968298340e+02 5.4969299316e+02 5.4969799805e+02 5.4971099854e+02 5.4971398926e+02 5.4972100830e+02 5.4971301270e+02 5.4971697998e+02 5.4972601318e+02 5.4972601318e+02 5.4973400879e+02 5.4976501465e+02 5.4978601074e+02 5.4978002930e+02 5.4978100586e+02 5.4978100586e+02 5.4978399658e+02 5.4978997803e+02 5.4979699707e+02 5.4980999756e+02 5.4982397461e+02 5.4984002686e+02 5.4985498047e+02 5.4986798096e+02 5.4988201904e+02 5.4989501953e+02 5.4990899658e+02 5.4992401123e+02 5.4994097900e+02 5.4995599365e+02 5.4996398926e+02 5.4997198486e+02 5.4997900391e+02 5.4998602295e+02 5.4999298096e+02 5.4999700928e+02 5.5000000000e+02 5.4999902344e+02 5.5000097656e+02 5.5000402832e+02 5.5000701904e+02 5.5001098633e+02 5.5001397705e+02 5.5001202393e+02 5.5000897217e+02
5.4967102051e+02 5.4968597412e+02 5.4968798828e+02 5.4969897461e+02 5.4971301270e+02 5.4971899414e+02 5.4971899414e+02 5.4971600342e+02 5.4972198486e+02 5.4972698975e+02 5.4972601318e+02 5.4973297119e+02 5.4976397705e+02 5.4978802490e+02 5.4978198242e+02 5.4977899170e+02 5.4977801514e+02 5.4978100586e+02 5.4978698730e+02 5.4979602051e+02 5.4980700684e+02 5.4982000732e+02 5.4983398438e+02 5.4984600830e+02 5.4985699463e+02 5.4986901855e+02 5.4988201904e+02 5.4989501953e+02 5.4991101074e+02 5.4992700195e+02 5.4994299316e+02 5.4995202637e+02 5.4996099854e+02 5.4996801758e+02 5.4997497559e+02 5.4998400879e+02 5.4998901367e+02 5.4999401855e+02 5.4999700928e+02 5.5000097656e+02 5.5000500488e+02 5.5000799561e+02 5.5001098633e+02 5.5000897217e+02 5.5000500488e+02 5.4999798584e+02
5.4967797852e+02 5.4969598389e+02 5.4969799805e+02 5.4970599365e+02 5.4971301270e+02 5.4971502686e+02 5.4971697998e+02 5.4972302246e+02 5.4972802734e+02 5.4972802734e+02 5.4972900391e+02 5.4972302246e+02 5.4974700928e+02 5.4978198242e+02 5.4978497314e+02 5.4977398682e+02 5.4977197266e+02 5.4977398682e+02 5.4978399658e+02 5.4979901123e+02 5.4980999756e+02 5.4982098389e+02 5.4983099365e+02 5.4983697510e+02 5.4984600830e+02 5.4985498047e+02 5.4986199951e+02 5.4988000488e+02 5.4989501953e+02 5.4991400146e+02 5.4993902588e+02 5.4994598389e+02 5.4995501709e+02 5.4996301270e+02 5.4996398926e+02 5.4996801758e+02 5.4997698975e+02 5.4998901367e+02 5.5000701904e+02 5.5001098633e+02 5.5001501465e+02 5.5001501465e+02 5.5000799561e+02 5.5001202393e+02 5.5000799561e+02 5.5000000000e+02
5.4968701172e+02 5.4969897461e+02 5.4969500732e+02 5.4970501709e+02 5.4971398926e+02 5.4971801758e+02 5.4971899414e+02 5.4972100830e+02 5.4972698975e+02 5.4972900391e+02 5.4972601318e+02 5.4972900391e+02 5.4973797607e+02 5.4975299072e+02 5.4975701904e+02 5.4975701904e+02 5.4976098633e+02 5.4976800537e+02 5.4978302002e+02 5.4980200195e+02 5.4981298828e+02 5.4982202148e+02 5.4982702637e+02 5.4983099365e+02 5.4983697510e+02 5.4984301758e+02 5.4984997559e+02 5.4986297607e+02 5.4988000488e+02 5.4990100098e+02 5.4992901611e+02 5.4994299316e+02 5.4995300293e+02 5.4996002197e+02 5.4995202637e+02 5.4994799805e+02 5.4996398926e+02 5.4998602295e+02 5.5001300049e+02 5.5002697754e+02 5.5003198242e+02 5.5003002930e+02 5.5002301025e+02 5.5002001953e+02 5.5000897217e+02 5.4999298096e+02
5.4968200684e+02 5.4969201660e+02 5.4969500732e+02 5.4970599365e+02 5.4971197510e+02 5.4971398926e+02 5.4972198486e+02 5.4972302246e+02 5.4972198486e+02 5.4972802734e+02 5.4972601318e+02 5.4972998047e+02 5.4972601318e+02 5.4972399902e+02 5.4973400879e+02 5.4974298096e+02 5.4975097656e+02 5.4976397705e+02 5.4978302002e+02 5.4980297852e+02 5.4981402588e+02 5.4982098389e+02 5.4982397461e+02 5.4982598877e+02 5.4983001709e+02 5.4983398438e+02 5.4983801270e+02 5.4984899902e+02 5.4986602783e+02 5.4988800049e+02 5.4991900635e+02 5.4993597412e+02 5.4994598389e+02 5.4995202637e+02 5.4994201660e+02 5.4994000244e+02 5.4996002197e+02 5.4998797607e+02 5.5002502441e+02 5.5004498291e+02 5.5005102539e+02 5.5004998779e+02 5.5004400635e+02 5.5002697754e+02 5.5000402832e+02 5.4997497559e+02
5.4967401123e+02 5.4968298340e+02 5.4969500732e+02 5.4971002197e+02 5.4971197510e+02 5.4971301270e+02 5.4972601318e+02 5.4972302246e+02 5.4971899414e+02 5.4972698975e+02 5.4972698975e+02 5.4972802734e+02 5.4972198486e+02 5.4972302246e+02 5.4973199463e+02 5.4973400879e+02 5.4974700928e+02 5.4976397705e+02 5.4978698730e+02 5.4980499268e+02 5.4981597900e+02 5.4982202148e+02 5.4982202148e+02 5.4982098389e+02 5.4982299805e+02 5.4982501221e+02 5.4982598877e+02 5.4983697510e+02 5.4985400391e+02 5.4987597656e+02 5.4990802002e+02 5.4992700195e+02 5.4993597412e+02 5.4994097900e+02 5.4993200684e+02 5.4993701172e+02 5.4996301270e+02 5.4999597168e+02 5.5004302979e+02 5.5006799316e+02 5.5007702637e+02 5.5007702637e+02 5.5006896973e+02 5.5003698730e+02 5.4999902344e+02 5.4995599365e+02
5.4967602539e+02 5.4968298340e+02 5.4969500732e+02 5.4971398926e+02 5.4971801758e+02 5.4971697998e+02 5.4971997070e+02 5.4972497559e+02 5.4972302246e+02 5.4972497559e+02 5.4972497559e+02 5.4972900391e+02 5.4972302246e+02 5.4972601318e+02 5.4973199463e+02 5.4973199463e+02 5.4975000000e+02 5.4977398682e+02 5.4980297852e+02 5.4981298828e+02 5.4982202148e+02 5.4982501221e+02 5.4982397461e+02 5.4981799316e+02 5.4981701660e+02 5.4981500244e+02 5.4980902100e+02 5.4982202148e+02 5.4984100342e+02 5.4986901855e+02 5.4991998291e+02 5.4992602539e+02 5.4993298340e+02 5.4992797852e+02 5.4989697266e+02 5.4992901611e+02 5.4996997070e+02 5.5002099609e+02 5.5009802246e+02 5.5012298584e+02 5.5013598633e+02 5.5012799072e+02 5.5010198975e+02 5.5005902100e+02 5.5000201416e+02 5.4994000244e+02
5.4967498779e+02 5.4968402100e+02 5.4969000244e+02 5.4970300293e+02 5.4970697021e+02 5.4971002197e+02 5.4971600342e+02 5.4971899414e+02 5.4971600342e+02 5.4971002197e+02 5.4971197510e+02 5.4971398926e+02 5.4971398926e+02 5.4971697998e+02 5.4972802734e+02 5.4974298096e+02 5.4976702881e+02 5.4979400635e+02 5.4981298828e+02 5.4982098389e+02 5.4982598877e+02 5.4982702637e+02 5.4982098389e+02 5.4981500244e+02 5.4981097412e+02 5.4980798340e+02 5.4980401611e+02 5.4980902100e+02 5.4982202148e+02 5.4984698486e+02 5.4989099121e+02 5.4991198730e+02 5.4991497803e+02 5.4990197754e+02 5.4987799072e+02 5.4991400146e+02 5.4997802734e+02 5.5005499268e+02 5.5014300537e+02 5.5021002197e+02 5.5022998047e+02 5.5021502686e+02 5.5015997314e+02 5.5010101318e+02 5.5002197266e+02 5.4993701172e+02
5.4967602539e+02 5.4968597412e+02 5.4968902588e+02 5.4969897461e+02 5.4970098877e+02 5.4970300293e+02 5.4971502686e+02 5.4971899414e+02 5.4971398926e+02 5.4970898438e+02 5.4971301270e+02 5.4971801758e+02 5.4972100830e+02 5.4972399902e+02 5.4973199463e+02 5.4975402832e+02 5.4977600098e+02 5.4979901123e+02 5.4981402588e+02 5.4981896973e+02 5.4982098389e+02 5.4982000732e+02 5.4981500244e+02 5.4980999756e+02 5.4980603027e+02 5.4980200195e+02 5.4979797363e+02 5.4979998779e+02 5.4980499268e+02 5.4982098389e+02 5.4985601807e+02 5.4987701416e+02 5.4988000488e+02 5.4986798096e+02 5.4985498047e+02 5.4991101074e+02 5.4999102783e+02 5.5008398438e+02 5.5018402100e+02 5.5026000977e+02 5.5028698730e+02 5.5027600098e+02 5.5021502686e+02 5.5013500977e+02 5.5003698730e+02 5.4993103027e+02
5.4970800781e+02 5.4971002197e+02 5.4971697998e+02 5.4972198486e+02 5.4971899414e+02 5.4971801758e+02 5.4973400879e+02 5.4974499512e+02 5.4974499512e+02 5.4974401855e+02 5.4974902344e+02 5.4976000977e+02 5.4976898193e+02 5.4976800537e+02 5.4975097656e+02 5.4976202393e+02 5.4977899170e+02 5.4979602051e+02 5.4980798340e+02 5.4981097412e+02 5.4981097412e+02 5.4980902100e+02 5.4980700684e+02 5.4980499268e+02 5.4980102539e+02 5.4979699707e+02 5.4979400635e+02 5.4979400635e+02 5.4979400635e+02 5.4980102539e+02 5.4982501221e+02 5.4984197998e+02 5.4984399414e+02 5.4983502197e+02 5.4982897949e+02 5.4990197754e+02 5.4999700928e+02 5.5010601807e+02 5.5021002197e+02 5.5028302002e+02 5.5031799316e+02 5.5031201172e+02 5.5025201416e+02 5.5015502930e+02 5.5004101563e+02 5.4991802979e+02
5.4977398682e+02 5.4976300049e+02 5.4979498291e+02 5.4978698730e+02 5.4976898193e+02 5.4975701904e+02 5.4977001953e+02 5.4978900146e+02 5.4979699707e+02 5.4979699707e+02 5.4980603027e+02 5.4982299805e+02 5.4983697510e+02 5.4983001709e+02 5.4980902100e+02 5.4977301025e+02 5.4978002930e+02 5.4979400635e+02 5.4980102539e+02 5.4980102539e+02 5.4979699707e+02 5.4979302979e+02 5.4979901123e+02 5.4979998779e+02 5.4979400635e+02 5.4978698730e+02 5.4978900146e+02 5.4979498291e+02 5.4979302979e+02 5.4979400635e+02 5.4980700684e+02 5.4981201172e+02 5.4981298828e+02 5.4980902100e+02 5.4979901123e+02 5.4988098145e+02 5.5001300049e+02 5.5015502930e+02 5.5027600098e+02 5.5027197266e+02 5.5029901123e+02 5.5030499268e+02 5.5030798340e+02 5.5018597412e+02 5.5004400635e+02 5.4989001465e+02
5.4979699707e+02 5.4978601074e+02 5.4980401611e+02 5.4981201172e+02 5.4978601074e+02 5.4976599121e+02 5.4976702881e+02 5.4978601074e+02 5.4979901123e+02 5.4979498291e+02 5.4979101563e+02 5.4982397461e+02 5.4983502197e+02 5.4982397461e+02 5.4979101563e+02 5.4977099609e+02 5.4977600098e+02 5.4978497314e+02 5.4978997803e+02 5.4979199219e+02 5.4978302002e+02 5.4977600098e+02 5.4978497314e+02 5.4979602051e+02 5.4979400635e+02 5.4978302002e+02 5.4977899170e+02 5.4978997803e+02 5.4979199219e+02 5.4979498291e+02 5.4980200195e+02 5.4980200195e+02 5.4979998779e+02 5.4979797363e+02 5.4979602051e+02 5.4984698486e+02 5.4994396973e+02 5.5004699707e+02 5.5011999512e+02 5.5013098145e+02 5.5012597656e+02 5.5012500000e+02 5.5013800049e+02 5.5009100342e+02 5.4997998047e+02 5.4985699463e+02
5.4969598389e+02 5.4970501709e+02 5.4973400879e+02 5.4973999023e+02 5.4972302246e+02 5.4972601318e+02 5.4974401855e+02 5.4972900391e+02 5.4973498535e+02 5.4973498535e+02 5.4973297119e+02 5.4975701904e+02 5.4976202393e+02 5.4975201416e+02 5.4973901367e+02 5.4975000000e+02 5.4976702881e+02 5.4977600098e+02 5.4977899170e+02 5.4978302002e+02 5.4977697754e+02 5.4977197266e+02 5.4978002930e+02 5.4979998779e+02 5.4980499268e+02 5.4979199219e+02 5.4977301025e+02 5.4977697754e+02 5.4978002930e+02 5.4978497314e+02 5.4979302979e+02 5.4979199219e+02 5.4979199219e+02 5.4979400635e+02 5.4979699707e+02 5.4981201172e+02 5.4984600830e+02 5.4988299561e+02 5.4992797852e+02 5.4993798828e+02 5.4992602539e+02 5.4992297363e+02 5.4992999268e+02 5.4991198730e+02 5.4986297607e+02 5.4980499268e+02
5.4960900879e+02 5.4962799072e+02 5.4966400146e+02 5.4967401123e+02 5.4967498779e+02 5.4970501709e+02 5.4973999023e+02 5.4968902588e+02 5.4968597412e+02 5.4969396973e+02 5.4969396973e+02 5.4970001221e+02 5.4969799805e+02 5.4969299316e+02 5.4970397949e+02 5.4973699951e+02 5.4976000977e+02 5.4976800537e+02 5.4976800537e+02 5.4977398682e+02 5.4977301025e+02 5.4977099609e+02 5.4977502441e+02 5.4979797363e+02 5.4980798340e+02 5.4979901123e+02 5.4976898193e+02 5.4976800537e+02 5.4976898193e+02 5.4977099609e+02 5.4978100586e+02 5.4978601074e+02 5.4978698730e+02 5.4978997803e+02 5.4979199219e+02 5.4978900146e+02 5.4978601074e+02 5.4978100586e+02 5.4978601074e+02 5.4978399658e+02 5.4977600098e+02 5.4977801514e+02 5.4977801514e+02 5.4977899170e+02 5.4977600098e+02 5.4976800537e+02
5.4964898682e+02 5.4966198730e+02 5.4968902588e+02 5.4969299316e+02 5.4970397949e+02 5.4974401855e+02 5.4976702881e+02 5.4972100830e+02 5.4971502686e+02 5.4972497559e+02 5.4972497559e+02 5.4971600342e+02 5.4971099854e+02 5.4971502686e+02 5.4974401855e+02 5.4975201416e+02 5.4975897217e+02 5.4976098633e+02 5.4976397705e+02 5.4976098633e+02 5.4976202393e+02 5.4976300049e+02 5.4975799561e+02 5.4977099609e+02 5.4978198242e+02 5.4978601074e+02 5.4977099609e+02 5.4976501465e+02 5.4976098633e+02 5.4975598145e+02 5.4976000977e+02 5.4977099609e+02 5.4977197266e+02 5.4977301025e+02 5.4976800537e+02 5.4976898193e+02 5.4976501465e+02 5.4975598145e+02 5.4976000977e+02 5.4973699951e+02 5.4973999023e+02 5.4974401855e+02 5.4975701904e+02 5.4974499512e+02 5.4975299072e+02 5.4975799561e+02
5.4970001221e+02 5.4970599365e+02 5.4971301270e+02 5.4971899414e+02 5.4971502686e+02 5.4972998047e+02 5.4974401855e+02 5.4972998047e+02 5.4972900391e+02 5.4973901367e+02 5.4974902344e+02 5.4974200439e+02 5.4972998047e+02 5.4973101807e+02 5.4973199463e+02 5.4973101807e+02 5.4973400879e+02 5.4974200439e+02 5.4974902344e+02 5.4974298096e+02 5.4974499512e+02 5.4974700928e+02 5.4973498535e+02 5.4972601318e+02 5.4972399902e+02 5.4973199463e+02 5.4973699951e+02 5.4974597168e+02 5.4974401855e+02 5.4973797607e+02 5.4973498535e+02 5.4974200439e+02 5.4974298096e+02 5.4974597168e+02 5.4974298096e+02 5.4974200439e+02 5.4973797607e+02 5.4972698975e+02 5.4971398926e+02 5.4971398926e+02 5.4972399902e+02 5.4972497559e+02 5.4972698975e+02 5.4972802734e+02 5.4972698975e+02 5.4973101807e+02
5.4969201660e+02 5.4970098877e+02 5.4970697021e+02 5.4972100830e+02 5.4971197510e+02 5.4971002197e+02 5.4972399902e+02 5.4972302246e+02 5.4972302246e+02 5.4972998047e+02 5.4973999023e+02 5.4973199463e+02 5.4972399902e+02 5.4972497559e+02 5.4972198486e+02 5.4972198486e+02 5.4972302246e+02 5.4972900391e+02 5.4973498535e+02 5.4972100830e+02 5.4972302246e+02 5.4972802734e+02 5.4971801758e+02 5.4970501709e+02 5.4970397949e+02 5.4971301270e+02 5.4972302246e+02 5.4972998047e+02 5.4972900391e+02 5.4972698975e+02 5.4972497559e+02 5.4972399902e+02 5.4972100830e+02 5.4972497559e+02 5.4972399902e+02 5.4972601318e+02 5.4971997070e+02 5.4971002197e+02 5.4970202637e+02 5.4970300293e+02 5.4971197510e+02 5.4970800781e+02 5.4970898438e+02 5.4971899414e+02 5.4971997070e+02 5.4972302246e+02
5.4968798828e+02 5.4969702148e+02 5.4970599365e+02 5.4972399902e+02 5.4971600342e+02 5.4970800781e+02 5.4971899414e+02 5.4972497559e+02 5.4972302246e+02 5.4972601318e+02 5.4972900391e+02 5.4972198486e+02 5.4972100830e+02 5.4972399902e+02 5.4972399902e+02 5.4972698975e+02 5.4972497559e+02 5.4972399902e+02 5.4972302246e+02 5.4970697021e+02 5.4971002197e+02 5.4971801758e+02 5.4970898438e+02 5.4970300293e+02 5.4970697021e+02 5.4971600342e+02 5.4972302246e+02 5.4972601318e+02 5.4972198486e+02 5.4972399902e+02 5.4972399902e+02 5.4972302246e+02 5.4972100830e+02 5.4972399902e+02 5.4972698975e+02 5.4972698975e+02 5.4971997070e+02 5.4971398926e+02 5.4971099854e+02 5.4971301270e+02 5.4972198486e+02 5.4971801758e+02 5.4971301270e+02 5.4972497559e+02 5.4972698975e+02 5.4972698975e+02
