TESTSERVER/8/17.asc
NCOLS 100
NROWS 100
XLLCORNER 7.8997500000e+03
YLLCORNER 2.8910025000e+05
CELLSIZE 5.0000000000e-01
NODATA_VALUE -9.9990000000e+03
[rows 80 to 99 of 100, columns 0 to 45 of 100]
5.4951202393e+02 5.4947802734e+02 5.4943298340e+02 5.4938397217e+02 5.4934802246e+02 5.4932000732e+02 5.4928900146e+02 5.4926000977e+02 5.4924200439e+02 5.4923498535e+02 5.4923699951e+02 5.4922998047e+02 5.4921600342e+02 5.4922900391e+02 5.4924401855e+02 5.4926098633e+02 5.4929302979e+02 5.4926599121e+02 5.4926898193e+02 5.4927301025e+02 5.4929602051e+02 5.4929400635e+02 5.4919897461e+02 5.4906799316e+02 5.4894500732e+02 5.4891900635e+02 5.4890997314e+02 5.4890802002e+02 5.4891497803e+02 5.4889697266e+02 5.4889202881e+02 5.4889099121e+02 5.4888299561e+02 5.4892297363e+02 5.4903802490e+02 5.4922497559e+02 5.4945898438e+02 5.4960498047e+02 5.4971099854e+02 5.4976702881e+02 5.4982501221e+02 5.4978198242e+02 5.4970697021e+02 5.4967901611e+02 5.4969702148e+02 5.4969097900e+02
5.4954400635e+02 5.4950500488e+02 5.4945898438e+02 5.4940802002e+02 5.4935101318e+02 5.4931097412e+02 5.4928198242e+02 5.4925598145e+02 5.4922802734e+02 5.4921801758e+02 5.4921398926e+02 5.4920397949e+02 5.4918597412e+02 5.4917999268e+02 5.4918298340e+02 5.4919097900e+02 5.4919396973e+02 5.4915399170e+02 5.4913000488e+02 5.4912200928e+02 5.4913201904e+02 5.4914801025e+02 5.4908898926e+02 5.4899798584e+02 5.4890997314e+02 5.4887701416e+02 5.4886700439e+02 5.4887097168e+02 5.4888299561e+02 5.4885998535e+02 5.4885797119e+02 5.4886199951e+02 5.4885302734e+02 5.4888500977e+02 5.4899700928e+02 5.4918701172e+02 5.4938397217e+02 5.4951501465e+02 5.4962402344e+02 5.4970202637e+02 5.4978900146e+02 5.4980999756e+02 5.4973602295e+02 5.4969201660e+02 5.4970098877e+02 5.4969897461e+02
5.4954101563e+02 5.4950000000e+02 5.4945397949e+02 5.4940301514e+02 5.4934197998e+02 5.4929998779e+02 5.4927197266e+02 5.4924798584e+02 5.4921801758e+02 5.4920501709e+02 5.4919897461e+02 5.4918902588e+02 5.4916400146e+02 5.4913800049e+02 5.4912200928e+02 5.4910998535e+02 5.4909698486e+02 5.4904998779e+02 5.4901898193e+02 5.4900097656e+02 5.4899298096e+02 5.4898199463e+02 5.4895697021e+02 5.4892401123e+02 5.4889202881e+02 5.4885198975e+02 5.4883398438e+02 5.4883599854e+02 5.4884497070e+02 5.4882397461e+02 5.4882702637e+02 5.4883099365e+02 5.4882299805e+02 5.4885101318e+02 5.4894799805e+02 5.4910498047e+02 5.4926599121e+02 5.4938397217e+02 5.4949401855e+02 5.4958697510e+02 5.4970501709e+02 5.4978399658e+02 5.4975299072e+02 5.4972998047e+02 5.4973999023e+02 5.4973901367e+02
5.4950299072e+02 5.4946502686e+02 5.4942297363e+02 5.4937500000e+02 5.4931896973e+02 5.4928302002e+02 5.4925701904e+02 5.4923498535e+02 5.4920898438e+02 5.4919396973e+02 5.4918701172e+02 5.4917602539e+02 5.4915600586e+02 5.4913098145e+02 5.4910400391e+02 5.4907501221e+02 5.4905603027e+02 5.4902801514e+02 5.4900402832e+02 5.4898297119e+02 5.4896197510e+02 5.4893701172e+02 5.4892498779e+02 5.4891400146e+02 5.4888702393e+02 5.4882897949e+02 5.4880401611e+02 5.4880200195e+02 5.4880401611e+02 5.4878698730e+02 5.4879400635e+02 5.4879699707e+02 5.4879101563e+02 5.4881896973e+02 5.4889697266e+02 5.4901397705e+02 5.4913397217e+02 5.4924298096e+02 5.4935302734e+02 5.4946002197e+02 5.4958898926e+02 5.4969000244e+02 5.4971301270e+02 5.4972900391e+02 5.4974798584e+02 5.4972601318e+02
5.4940399170e+02 5.4939398193e+02 5.4936199951e+02 5.4932501221e+02 5.4927697754e+02 5.4925097656e+02 5.4923101807e+02 5.4921398926e+02 5.4919500732e+02 5.4917901611e+02 5.4916900635e+02 5.4915899658e+02 5.4916400146e+02 5.4915698242e+02 5.4912701416e+02 5.4909002686e+02 5.4906701660e+02 5.4904699707e+02 5.4903100586e+02 5.4901397705e+02 5.4898901367e+02 5.4897302246e+02 5.4896197510e+02 5.4894201660e+02 5.4888598633e+02 5.4880200195e+02 5.4877197266e+02 5.4877099609e+02 5.4877801514e+02 5.4877301025e+02 5.4877001953e+02 5.4876202393e+02 5.4875799561e+02 5.4878997803e+02 5.4885900879e+02 5.4894598389e+02 5.4903399658e+02 5.4911297607e+02 5.4922601318e+02 5.4934899902e+02 5.4946801758e+02 5.4957501221e+02 5.4963598633e+02 5.4967797852e+02 5.4970397949e+02 5.4965802002e+02
5.4934399414e+02 5.4932397461e+02 5.4929901123e+02 5.4926898193e+02 5.4923400879e+02 5.4921099854e+02 5.4919396973e+02 5.4917901611e+02 5.4916900635e+02 5.4915997314e+02 5.4915100098e+02 5.4914801025e+02 5.4915197754e+02 5.4915197754e+02 5.4911602783e+02 5.4906799316e+02 5.4903997803e+02 5.4903002930e+02 5.4901501465e+02 5.4899597168e+02 5.4897399902e+02 5.4897497559e+02 5.4898699951e+02 5.4896997070e+02 5.4887597656e+02 5.4880200195e+02 5.4877301025e+02 5.4876098633e+02 5.4877197266e+02 5.4876800537e+02 5.4875000000e+02 5.4873297119e+02 5.4872998047e+02 5.4876300049e+02 5.4883801270e+02 5.4891601563e+02 5.4896697998e+02 5.4903302002e+02 5.4915002441e+02 5.4927398682e+02 5.4936199951e+02 5.4943298340e+02 5.4949902344e+02 5.4952398682e+02 5.4951898193e+02 5.4948901367e+02
5.4928497314e+02 5.4926702881e+02 5.4924298096e+02 5.4921600342e+02 5.4918597412e+02 5.4916900635e+02 5.4915399170e+02 5.4914202881e+02 5.4913598633e+02 5.4913397217e+02 5.4913000488e+02 5.4913098145e+02 5.4913397217e+02 5.4913800049e+02 5.4909997559e+02 5.4904101563e+02 5.4900897217e+02 5.4901000977e+02 5.4899700928e+02 5.4898101807e+02 5.4896398926e+02 5.4897198486e+02 5.4899700928e+02 5.4897900391e+02 5.4885498047e+02 5.4878399658e+02 5.4876501465e+02 5.4875097656e+02 5.4875701904e+02 5.4874597168e+02 5.4872601318e+02 5.4870599365e+02 5.4869702148e+02 5.4873498535e+02 5.4881402588e+02 5.4888299561e+02 5.4892297363e+02 5.4899298096e+02 5.4910302734e+02 5.4921398926e+02 5.4928997803e+02 5.4930401611e+02 5.4932098389e+02 5.4931799316e+02 5.4930297852e+02 5.4930200195e+02
5.4922900391e+02 5.4921002197e+02 5.4918701172e+02 5.4916101074e+02 5.4913500977e+02 5.4912298584e+02 5.4910900879e+02 5.4909899902e+02 5.4909600830e+02 5.4909997559e+02 5.4910101318e+02 5.4910498047e+02 5.4911102295e+02 5.4912200928e+02 5.4908099365e+02 5.4901000977e+02 5.4896301270e+02 5.4896801758e+02 5.4896002197e+02 5.4895001221e+02 5.4894500732e+02 5.4895001221e+02 5.4897698975e+02 5.4895800781e+02 5.4882397461e+02 5.4875097656e+02 5.4873999023e+02 5.4872601318e+02 5.4872497559e+02 5.4870800781e+02 5.4869299316e+02 5.4866998291e+02 5.4865899658e+02 5.4870697021e+02 5.4878698730e+02 5.4885101318e+02 5.4888897705e+02 5.4895697021e+02 5.4904901123e+02 5.4913201904e+02 5.4919396973e+02 5.4917498779e+02 5.4917999268e+02 5.4918103027e+02 5.4916302490e+02 5.4919702148e+02
5.4916601563e+02 5.4914697266e+02 5.4912500000e+02 5.4909997559e+02 5.4907501221e+02 5.4907098389e+02 5.4906402588e+02 5.4906097412e+02 5.4906298828e+02 5.4905401611e+02 5.4906097412e+02 5.4907598877e+02 5.4911798096e+02 5.4912298584e+02 5.4907598877e+02 5.4899200439e+02 5.4891601563e+02 5.4891400146e+02 5.4891601563e+02 5.4891400146e+02 5.4892498779e+02 5.4892797852e+02 5.4894702148e+02 5.4892498779e+02 5.4880798340e+02 5.4872601318e+02 5.4871801758e+02 5.4870800781e+02 5.4869201660e+02 5.4867297363e+02 5.4865997314e+02 5.4863702393e+02 5.4862200928e+02 5.4868103027e+02 5.4875402832e+02 5.4881701660e+02 5.4885302734e+02 5.4889599609e+02 5.4895001221e+02 5.4899298096e+02 5.4900500488e+02 5.4901397705e+02 5.4905999756e+02 5.4909100342e+02 5.4907397461e+02 5.4912799072e+02
5.4911102295e+02 5.4908697510e+02 5.4906402588e+02 5.4903997803e+02 5.4901898193e+02 5.4901098633e+02 5.4900500488e+02 5.4900500488e+02 5.4900799561e+02 5.4901000977e+02 5.4902197266e+02 5.4904602051e+02 5.4909600830e+02 5.4911901855e+02 5.4906402588e+02 5.4897198486e+02 5.4889398193e+02 5.4888598633e+02 5.4889001465e+02 5.4890399170e+02 5.4892297363e+02 5.4891802979e+02 5.4893701172e+02 5.4890899658e+02 5.4877899170e+02 5.4870501709e+02 5.4869396973e+02 5.4867901611e+02 5.4866400146e+02 5.4864898682e+02 5.4863897705e+02 5.4861901855e+02 5.4859197998e+02 5.4863897705e+02 5.4871197510e+02 5.4878302002e+02 5.4881298828e+02 5.4880999756e+02 5.4880798340e+02 5.4881500244e+02 5.4883197021e+02 5.4886102295e+02 5.4891900635e+02 5.4894897461e+02 5.4894500732e+02 5.4901702881e+02
5.4905902100e+02 5.4903399658e+02 5.4901098633e+02 5.4898699951e+02 5.4896301270e+02 5.4894897461e+02 5.4894097900e+02 5.4893701172e+02 5.4894500732e+02 5.4895397949e+02 5.4896697998e+02 5.4899200439e+02 5.4905700684e+02 5.4909698486e+02 5.4904302979e+02 5.4894799805e+02 5.4887402344e+02 5.4886199951e+02 5.4886102295e+02 5.4887701416e+02 5.4889801025e+02 5.4890100098e+02 5.4892199707e+02 5.4888897705e+02 5.4874902344e+02 5.4867498779e+02 5.4866400146e+02 5.4864801025e+02 5.4863500977e+02 5.4862097168e+02 5.4860900879e+02 5.4858697510e+02 5.4856500244e+02 5.4860498047e+02 5.4867901611e+02 5.4874798584e+02 5.4876702881e+02 5.4872497559e+02 5.4869396973e+02 5.4868298340e+02 5.4869097900e+02 5.4872198486e+02 5.4877697754e+02 5.4879101563e+02 5.4877301025e+02 5.4884100342e+02
5.4900897217e+02 5.4898498535e+02 5.4896197510e+02 5.4893701172e+02 5.4890802002e+02 5.4888598633e+02 5.4887402344e+02 5.4886700439e+02 5.4887097168e+02 5.4887799072e+02 5.4889001465e+02 5.4891601563e+02 5.4899597168e+02 5.4905999756e+02 5.4901202393e+02 5.4891998291e+02 5.4884100342e+02 5.4882397461e+02 5.4882501221e+02 5.4883898926e+02 5.4885198975e+02 5.4886297607e+02 5.4888598633e+02 5.4885198975e+02 5.4871099854e+02 5.4864300537e+02 5.4863598633e+02 5.4861999512e+02 5.4860699463e+02 5.4859301758e+02 5.4857397461e+02 5.4855102539e+02 5.4853802490e+02 5.4856799316e+02 5.4863500977e+02 5.4870001221e+02 5.4871099854e+02 5.4864697266e+02 5.4859698486e+02 5.4857501221e+02 5.4856402588e+02 5.4857000732e+02 5.4860699463e+02 5.4862799072e+02 5.4862200928e+02 5.4865399170e+02
5.4897900391e+02 5.4894702148e+02 5.4891601563e+02 5.4887902832e+02 5.4883197021e+02 5.4882702637e+02 5.4880798340e+02 5.4878802490e+02 5.4874902344e+02 5.4875299072e+02 5.4876501465e+02 5.4880700684e+02 5.4893597412e+02 5.4902801514e+02 5.4898602295e+02 5.4889001465e+02 5.4880499268e+02 5.4879797363e+02 5.4880700684e+02 5.4881701660e+02 5.4880798340e+02 5.4881500244e+02 5.4883898926e+02 5.4881298828e+02 5.4867901611e+02 5.4862200928e+02 5.4861199951e+02 5.4858398438e+02 5.4855999756e+02 5.4855999756e+02 5.4854302979e+02 5.4852398682e+02 5.4851300049e+02 5.4852600098e+02 5.4858300781e+02 5.4864202881e+02 5.4864599609e+02 5.4858300781e+02 5.4851702881e+02 5.4846899414e+02 5.4842797852e+02 5.4842297363e+02 5.4843103027e+02 5.4846697998e+02 5.4850097656e+02 5.4846301270e+02
5.4893902588e+02 5.4891101074e+02 5.4887200928e+02 5.4882202148e+02 5.4877600098e+02 5.4875701904e+02 5.4872100830e+02 5.4867999268e+02 5.4862701416e+02 5.4859002686e+02 5.4860198975e+02 5.4866601563e+02 5.4884197998e+02 5.4899499512e+02 5.4895898438e+02 5.4884997559e+02 5.4878198242e+02 5.4877801514e+02 5.4878497314e+02 5.4879302979e+02 5.4877899170e+02 5.4876898193e+02 5.4878997803e+02 5.4877801514e+02 5.4865502930e+02 5.4860797119e+02 5.4859997559e+02 5.4857000732e+02 5.4853802490e+02 5.4853399658e+02 5.4851702881e+02 5.4849597168e+02 5.4847497559e+02 5.4847601318e+02 5.4853002930e+02 5.4859399414e+02 5.4859698486e+02 5.4853900146e+02 5.4847601318e+02 5.4841699219e+02 5.4837597656e+02 5.4835498047e+02 5.4834899902e+02 5.4835900879e+02 5.4836901855e+02 5.4835699463e+02
5.4890100098e+02 5.4886999512e+02 5.4882897949e+02 5.4877697754e+02 5.4872198486e+02 5.4868103027e+02 5.4863000488e+02 5.4857501221e+02 5.4849700928e+02 5.4844000244e+02 5.4844897461e+02 5.4851702881e+02 5.4872802734e+02 5.4894299316e+02 5.4893103027e+02 5.4883001709e+02 5.4876300049e+02 5.4875402832e+02 5.4875500488e+02 5.4876397705e+02 5.4875201416e+02 5.4873797607e+02 5.4875402832e+02 5.4874499512e+02 5.4863098145e+02 5.4858197021e+02 5.4857299805e+02 5.4854602051e+02 5.4851800537e+02 5.4851300049e+02 5.4849499512e+02 5.4846801758e+02 5.4844097900e+02 5.4843902588e+02 5.4848797607e+02 5.4854998779e+02 5.4855798340e+02 5.4850799561e+02 5.4845001221e+02 5.4838897705e+02 5.4834399414e+02 5.4831896973e+02 5.4830603027e+02 5.4830401611e+02 5.4829998779e+02 5.4830401611e+02
5.4886297607e+02 5.4882897949e+02 5.4878698730e+02 5.4873400879e+02 5.4866998291e+02 5.4860797119e+02 5.4854199219e+02 5.4847198486e+02 5.4836602783e+02 5.4828198242e+02 5.4828497314e+02 5.4835400391e+02 5.4859100342e+02 5.4886102295e+02 5.4887902832e+02 5.4879699707e+02 5.4873297119e+02 5.4872601318e+02 5.4872198486e+02 5.4872399902e+02 5.4871697998e+02 5.4870697021e+02 5.4871697998e+02 5.4870001221e+02 5.4859301758e+02 5.4854901123e+02 5.4853802490e+02 5.4851397705e+02 5.4849499512e+02 5.4849298096e+02 5.4847601318e+02 5.4844598389e+02 5.4841198730e+02 5.4840698242e+02 5.4844598389e+02 5.4850000000e+02 5.4851397705e+02 5.4847802734e+02 5.4842797852e+02 5.4837298584e+02 5.4832598877e+02 5.4830401611e+02 5.4828900146e+02 5.4828601074e+02 5.4828002930e+02 5.4827697754e+02
5.4882202148e+02 5.4879302979e+02 5.4874499512e+02 5.4868298340e+02 5.4860302734e+02 5.4852398682e+02 5.4842401123e+02 5.4831799316e+02 5.4813702393e+02 5.4807098389e+02 5.4804998779e+02 5.4812799072e+02 5.4836602783e+02 5.4873101807e+02 5.4879699707e+02 5.4873797607e+02 5.4869598389e+02 5.4869000244e+02 5.4867999268e+02 5.4867199707e+02 5.4867199707e+02 5.4867297363e+02 5.4867102051e+02 5.4863800049e+02 5.4854302979e+02 5.4851702881e+02 5.4850500488e+02 5.4848199463e+02 5.4846899414e+02 5.4846801758e+02 5.4845697021e+02 5.4842999268e+02 5.4840197754e+02 5.4838702393e+02 5.4839898682e+02 5.4842102051e+02 5.4841699219e+02 5.4842797852e+02 5.4840002441e+02 5.4836297607e+02 5.4831701660e+02 5.4828100586e+02 5.4827001953e+02 5.4827197266e+02 5.4827502441e+02 5.4827001953e+02
5.4877600098e+02 5.4875097656e+02 5.4870202637e+02 5.4863702393e+02 5.4855798340e+02 5.4845098877e+02 5.4832897949e+02 5.4819702148e+02 5.4802398682e+02 5.4784997559e+02 5.4780499268e+02 5.4788500977e+02 5.4814202881e+02 5.4854602051e+02 5.4870501709e+02 5.4867102051e+02 5.4864398193e+02 5.4864697266e+02 5.4863000488e+02 5.4861798096e+02 5.4862298584e+02 5.4862799072e+02 5.4862097168e+02 5.4858502197e+02 5.4851098633e+02 5.4849499512e+02 5.4848400879e+02 5.4846099854e+02 5.4844702148e+02 5.4844201660e+02 5.4843597412e+02 5.4841900635e+02 5.4838598633e+02 5.4836401367e+02 5.4835900879e+02 5.4835900879e+02 5.4837298584e+02 5.4837597656e+02 5.4835998535e+02 5.4833300781e+02 5.4829602051e+02 5.4825701904e+02 5.4824499512e+02 5.4825299072e+02 5.4825897217e+02 5.4824902344e+02
5.4873297119e+02 5.4871197510e+02 5.4866900635e+02 5.4860998535e+02 5.4852899170e+02 5.4841302490e+02 5.4829101563e+02 5.4815698242e+02 5.4796600342e+02 5.4777001953e+02 5.4771301270e+02 5.4777600098e+02 5.4799499512e+02 5.4843298340e+02 5.4865698242e+02 5.4865100098e+02 5.4860101318e+02 5.4859698486e+02 5.4857702637e+02 5.4857501221e+02 5.4860498047e+02 5.4861901855e+02 5.4860302734e+02 5.4855499268e+02 5.4848699951e+02 5.4846899414e+02 5.4845898438e+02 5.4843298340e+02 5.4841699219e+02 5.4841101074e+02 5.4840997314e+02 5.4839898682e+02 5.4836999512e+02 5.4834497070e+02 5.4833398438e+02 5.4833197021e+02 5.4834301758e+02 5.4834600830e+02 5.4833197021e+02 5.4830902100e+02 5.4828198242e+02 5.4824499512e+02 5.4822998047e+02 5.4823901367e+02 5.4825097656e+02 5.4824298096e+02
5.4869500732e+02 5.4868103027e+02 5.4864599609e+02 5.4859600830e+02 5.4851599121e+02 5.4840100098e+02 5.4828198242e+02 5.4815002441e+02 5.4796600342e+02 5.4777899170e+02 5.4771002197e+02 5.4774700928e+02 5.4791998291e+02 5.4834197998e+02 5.4861499023e+02 5.4865301514e+02 5.4857598877e+02 5.4854797363e+02 5.4852697754e+02 5.4854498291e+02 5.4861297607e+02 5.4865002441e+02 5.4862200928e+02 5.4854498291e+02 5.4846197510e+02 5.4843298340e+02 5.4842602539e+02 5.4840301514e+02 5.4838397217e+02 5.4837402344e+02 5.4837402344e+02 5.4836798096e+02 5.4835101318e+02 5.4833099365e+02 5.4831799316e+02 5.4831298828e+02 5.4832000732e+02 5.4832202148e+02 5.4830999756e+02 5.4828900146e+02 5.4826501465e+02 5.4822900391e+02 5.4821502686e+02 5.4822399902e+02 5.4823901367e+02 5.4823699951e+02
