TESTSERVER/8/2.asc
NCOLS 100
NROWS 100
XLLCORNER 7.8997500000e+03
YLLCORNER 2.8985025000e+05
CELLSIZE 5.0000000000e-01
NODATA_VALUE -9.9990000000e+03
[rows 40 to 59 of 100, columns 46 to 91 of 100]
6.0922601318e+02 6.0988000488e+02 6.1027801514e+02 6.1050000000e+02 6.1064001465e+02 6.1068402100e+02 6.1074298096e+02 6.1071801758e+02 6.1059399414e+02 6.1046697998e+02 6.1038897705e+02 6.1031298828e+02 6.1021502686e+02 6.1014202881e+02 6.1007202148e+02 6.1005200195e+02 6.1008001709e+02 6.1009301758e+02 6.1011297607e+02 6.1010797119e+02 6.1002899170e+02 6.1003997803e+02 6.1007299805e+02 6.1002899170e+02 6.0997802734e+02 6.1001202393e+02 6.1006402588e+02 6.1010198975e+02 6.1010498047e+02 6.1012298584e+02 6.1007501221e+02 6.0995501709e+02 6.0977801514e+02 6.0950598145e+02 6.0931896973e+02 6.0918597412e+02 6.0902899170e+02 6.0875598145e+02 6.0842602539e+02 6.0809899902e+02 6.0783099365e+02 6.0764099121e+02 6.0747497559e+02 6.0741400146e+02 6.0744000244e+02 6.0745098877e+02
6.0872399902e+02 6.0942199707e+02 6.0977001953e+02 6.1006896973e+02 6.1042199707e+02 6.1057598877e+02 6.1056701660e+02 6.1035797119e+02 6.1010900879e+02 6.0999700928e+02 6.0995300293e+02 6.0992999268e+02 6.0988897705e+02 6.0981201172e+02 6.0972198486e+02 6.0972302246e+02 6.0981701660e+02 6.0983898926e+02 6.0981402588e+02 6.0980999756e+02 6.0983697510e+02 6.0986199951e+02 6.0989001465e+02 6.0986499023e+02 6.0987701416e+02 6.0994396973e+02 6.1001098633e+02 6.1004797363e+02 6.1003698730e+02 6.1003497314e+02 6.0999902344e+02 6.0988500977e+02 6.0974102783e+02 6.0941900635e+02 6.0904302979e+02 6.0876800537e+02 6.0864501953e+02 6.0842901611e+02 6.0801800537e+02 6.0765600586e+02 6.0749499512e+02 6.0743402100e+02 6.0738500977e+02 6.0738500977e+02 6.0744897461e+02 6.0747900391e+02
6.0832598877e+02 6.0893597412e+02 6.0915100098e+02 6.0937799072e+02 6.0980999756e+02 6.1009100342e+02 6.1016400146e+02 6.0996997070e+02 6.0968402100e+02 6.0958502197e+02 6.0956097412e+02 6.0957501221e+02 6.0957598877e+02 6.0950500488e+02 6.0941998291e+02 6.0943798828e+02 6.0956896973e+02 6.0961901855e+02 6.0962097168e+02 6.0965100098e+02 6.0970202637e+02 6.0971502686e+02 6.0977600098e+02 6.0980200195e+02 6.0982501221e+02 6.0987799072e+02 6.0993499756e+02 6.0996398926e+02 6.0995697021e+02 6.0992901611e+02 6.0986297607e+02 6.0966497803e+02 6.0944299316e+02 6.0908099365e+02 6.0866998291e+02 6.0838000488e+02 6.0824499512e+02 6.0806201172e+02 6.0773199463e+02 6.0746002197e+02 6.0736798096e+02 6.0737701416e+02 6.0738800049e+02 6.0738800049e+02 6.0739898682e+02 6.0739001465e+02
6.0777099609e+02 6.0819500732e+02 6.0836999512e+02 6.0851800537e+02 6.0884002686e+02 6.0914801025e+02 6.0938201904e+02 6.0940502930e+02 6.0926300049e+02 6.0918402100e+02 6.0915698242e+02 6.0916998291e+02 6.0918798828e+02 6.0918902588e+02 6.0918103027e+02 6.0923199463e+02 6.0933599854e+02 6.0940301514e+02 6.0946801758e+02 6.0953802490e+02 6.0958502197e+02 6.0960302734e+02 6.0969000244e+02 6.0974700928e+02 6.0974401855e+02 6.0976898193e+02 6.0983898926e+02 6.0987799072e+02 6.0986602783e+02 6.0985998535e+02 6.0976300049e+02 6.0938702393e+02 6.0893103027e+02 6.0863000488e+02 6.0832897949e+02 6.0808398438e+02 6.0788897705e+02 6.0771398926e+02 6.0752600098e+02 6.0740197754e+02 6.0737097168e+02 6.0736798096e+02 6.0735601807e+02 6.0732202148e+02 6.0729101563e+02 6.0726702881e+02
6.0729602051e+02 6.0750000000e+02 6.0770800781e+02 6.0787902832e+02 6.0813299561e+02 6.0839099121e+02 6.0862902832e+02 6.0877001953e+02 6.0876000977e+02 6.0867999268e+02 6.0863800049e+02 6.0864099121e+02 6.0865899658e+02 6.0880902100e+02 6.0896502686e+02 6.0905999756e+02 6.0910198975e+02 6.0919598389e+02 6.0930700684e+02 6.0940399170e+02 6.0947998047e+02 6.0945098877e+02 6.0951800537e+02 6.0958898926e+02 6.0965600586e+02 6.0963702393e+02 6.0969799805e+02 6.0974401855e+02 6.0976397705e+02 6.0978302002e+02 6.0963397217e+02 6.0910302734e+02 6.0850201416e+02 6.0822198486e+02 6.0795397949e+02 6.0770898438e+02 6.0752099609e+02 6.0746997070e+02 6.0742297363e+02 6.0738897705e+02 6.0735101318e+02 6.0728698730e+02 6.0723400879e+02 6.0720098877e+02 6.0720397949e+02 6.0721099854e+02
6.0693103027e+02 6.0712701416e+02 6.0727301025e+02 6.0743298340e+02 6.0768200684e+02 6.0793103027e+02 6.0803198242e+02 6.0810400391e+02 6.0813897705e+02 6.0811602783e+02 6.0816198730e+02 6.0823699951e+02 6.0830499268e+02 6.0850799561e+02 6.0878900146e+02 6.0894000244e+02 6.0898901367e+02 6.0906597900e+02 6.0917999268e+02 6.0923498535e+02 6.0906597900e+02 6.0914202881e+02 6.0937298584e+02 6.0944500732e+02 6.0945098877e+02 6.0945001221e+02 6.0950201416e+02 6.0952301025e+02 6.0943402100e+02 6.0926501465e+02 6.0898602295e+02 6.0850701904e+02 6.0802801514e+02 6.0773400879e+02 6.0751397705e+02 6.0737500000e+02 6.0730798340e+02 6.0740197754e+02 6.0744598389e+02 6.0738800049e+02 6.0731201172e+02 6.0724499512e+02 6.0719897461e+02 6.0718103027e+02 6.0718597412e+02 6.0719299316e+02
6.0627398682e+02 6.0643200684e+02 6.0657897949e+02 6.0686700439e+02 6.0722900391e+02 6.0744097900e+02 6.0748999023e+02 6.0756500244e+02 6.0764801025e+02 6.0772497559e+02 6.0785797119e+02 6.0797900391e+02 6.0808197021e+02 6.0834997559e+02 6.0865698242e+02 6.0885198975e+02 6.0895300293e+02 6.0902801514e+02 6.0904498291e+02 6.0895397949e+02 6.0857098389e+02 6.0868103027e+02 6.0907800293e+02 6.0923999023e+02 6.0923797607e+02 6.0918103027e+02 6.0912298584e+02 6.0904699707e+02 6.0878198242e+02 6.0841400146e+02 6.0814599609e+02 6.0782800293e+02 6.0748498535e+02 6.0724902344e+02 6.0718499756e+02 6.0719097900e+02 6.0715698242e+02 6.0721197510e+02 6.0729400635e+02 6.0731402588e+02 6.0727600098e+02 6.0722399902e+02 6.0719396973e+02 6.0717401123e+02 6.0716802979e+02 6.0717199707e+02
6.0531799316e+02 6.0542797852e+02 6.0565802002e+02 6.0619396973e+02 6.0674102783e+02 6.0691900635e+02 6.0695697021e+02 6.0701202393e+02 6.0714300537e+02 6.0735601807e+02 6.0754101563e+02 6.0769299316e+02 6.0787402344e+02 6.0818499756e+02 6.0844799805e+02 6.0865698242e+02 6.0882702637e+02 6.0885998535e+02 6.0867797852e+02 6.0845001221e+02 6.0813201904e+02 6.0820898438e+02 6.0858197021e+02 6.0877801514e+02 6.0871997070e+02 6.0847601318e+02 6.0827001953e+02 6.0814202881e+02 6.0792297363e+02 6.0764001465e+02 6.0749298096e+02 6.0733898926e+02 6.0708898926e+02 6.0695501709e+02 6.0698400879e+02 6.0704699707e+02 6.0703698730e+02 6.0701898193e+02 6.0705999756e+02 6.0713098145e+02 6.0718798828e+02 6.0717401123e+02 6.0715997314e+02 6.0714099121e+02 6.0713800049e+02 6.0715802002e+02
6.0436798096e+02 6.0447497559e+02 6.0486401367e+02 6.0560998535e+02 6.0636401367e+02 6.0652301025e+02 6.0658599854e+02 6.0655499268e+02 6.0657897949e+02 6.0678100586e+02 6.0690899658e+02 6.0704797363e+02 6.0721197510e+02 6.0753198242e+02 6.0774597168e+02 6.0800799561e+02 6.0825402832e+02 6.0830499268e+02 6.0802301025e+02 6.0776397705e+02 6.0764801025e+02 6.0770397949e+02 6.0786798096e+02 6.0793200684e+02 6.0776397705e+02 6.0751098633e+02 6.0736999512e+02 6.0733697510e+02 6.0727697754e+02 6.0720397949e+02 6.0715502930e+02 6.0706402588e+02 6.0691400146e+02 6.0686901855e+02 6.0687500000e+02 6.0690698242e+02 6.0694598389e+02 6.0697198486e+02 6.0697802734e+02 6.0700000000e+02 6.0704699707e+02 6.0709197998e+02 6.0709497070e+02 6.0709002686e+02 6.0710699463e+02 6.0715802002e+02
6.0408300781e+02 6.0410998535e+02 6.0448602295e+02 6.0518902588e+02 6.0591699219e+02 6.0622900391e+02 6.0642297363e+02 6.0641400146e+02 6.0633398438e+02 6.0635601807e+02 6.0636700439e+02 6.0640997314e+02 6.0651702881e+02 6.0659899902e+02 6.0671697998e+02 6.0690899658e+02 6.0719299316e+02 6.0726300049e+02 6.0715600586e+02 6.0700701904e+02 6.0696997070e+02 6.0703399658e+02 6.0711901855e+02 6.0716302490e+02 6.0705798340e+02 6.0697698975e+02 6.0703497314e+02 6.0710302734e+02 6.0711102295e+02 6.0700598145e+02 6.0690502930e+02 6.0685101318e+02 6.0684899902e+02 6.0688800049e+02 6.0689202881e+02 6.0688598633e+02 6.0689001465e+02 6.0692102051e+02 6.0693902588e+02 6.0695898438e+02 6.0699798584e+02 6.0704602051e+02 6.0706201172e+02 6.0707202148e+02 6.0710400391e+02 6.0716198730e+02
6.0404699707e+02 6.0411602783e+02 6.0446600342e+02 6.0506097412e+02 6.0561798096e+02 6.0596801758e+02 6.0623699951e+02 6.0628997803e+02 6.0621801758e+02 6.0621502686e+02 6.0619897461e+02 6.0620202637e+02 6.0623999023e+02 6.0622802734e+02 6.0624200439e+02 6.0631597900e+02 6.0648400879e+02 6.0656896973e+02 6.0656298828e+02 6.0651599121e+02 6.0652301025e+02 6.0655603027e+02 6.0662500000e+02 6.0670001221e+02 6.0673199463e+02 6.0684301758e+02 6.0696997070e+02 6.0704400635e+02 6.0702502441e+02 6.0685797119e+02 6.0673101807e+02 6.0671099854e+02 6.0678002930e+02 6.0686700439e+02 6.0689801025e+02 6.0688500977e+02 6.0685699463e+02 6.0686798096e+02 6.0688897705e+02 6.0691900635e+02 6.0696600342e+02 6.0702099609e+02 6.0705297852e+02 6.0707501221e+02 6.0709997559e+02 6.0714001465e+02
6.0407397461e+02 6.0415301514e+02 6.0448199463e+02 6.0499902344e+02 6.0545800781e+02 6.0577197266e+02 6.0602697754e+02 6.0612701416e+02 6.0614001465e+02 6.0618701172e+02 6.0621002197e+02 6.0622399902e+02 6.0624102783e+02 6.0623199463e+02 6.0620300293e+02 6.0619299316e+02 6.0624102783e+02 6.0630700684e+02 6.0635101318e+02 6.0636901855e+02 6.0636499023e+02 6.0636297607e+02 6.0643798828e+02 6.0655700684e+02 6.0670697021e+02 6.0687097168e+02 6.0693798828e+02 6.0693701172e+02 6.0687402344e+02 6.0671398926e+02 6.0661102295e+02 6.0661199951e+02 6.0668200684e+02 6.0677398682e+02 6.0684100342e+02 6.0686297607e+02 6.0684301758e+02 6.0684100342e+02 6.0686602783e+02 6.0690399170e+02 6.0695397949e+02 6.0701000977e+02 6.0705902100e+02 6.0709301758e+02 6.0710400391e+02 6.0711700439e+02
6.0404602051e+02 6.0412200928e+02 6.0445001221e+02 6.0493902588e+02 6.0537902832e+02 6.0564801025e+02 6.0585900879e+02 6.0598498535e+02 6.0603802490e+02 6.0613702393e+02 6.0620599365e+02 6.0623797607e+02 6.0623999023e+02 6.0628802490e+02 6.0628399658e+02 6.0627197266e+02 6.0626702881e+02 6.0628802490e+02 6.0633099365e+02 6.0637597656e+02 6.0639898682e+02 6.0639599609e+02 6.0647698975e+02 6.0662097168e+02 6.0683300781e+02 6.0691601563e+02 6.0686901855e+02 6.0677001953e+02 6.0667401123e+02 6.0659100342e+02 6.0655102539e+02 6.0655999756e+02 6.0659399414e+02 6.0666802979e+02 6.0676000977e+02 6.0683197021e+02 6.0685101318e+02 6.0684100342e+02 6.0686499023e+02 6.0690301514e+02 6.0694396973e+02 6.0699499512e+02 6.0706201172e+02 6.0711401367e+02 6.0712298584e+02 6.0710699463e+02
6.0401501465e+02 6.0407897949e+02 6.0436499023e+02 6.0479302979e+02 6.0519897461e+02 6.0547497559e+02 6.0570202637e+02 6.0584997559e+02 6.0591601563e+02 6.0603601074e+02 6.0613897705e+02 6.0620001221e+02 6.0622497559e+02 6.0623901367e+02 6.0624700928e+02 6.0625402832e+02 6.0626000977e+02 6.0626702881e+02 6.0629602051e+02 6.0633599854e+02 6.0637902832e+02 6.0642102051e+02 6.0650598145e+02 6.0663500977e+02 6.0679998779e+02 6.0684002686e+02 6.0677502441e+02 6.0666601563e+02 6.0659301758e+02 6.0655603027e+02 6.0654797363e+02 6.0656298828e+02 6.0657897949e+02 6.0661602783e+02 6.0669897461e+02 6.0679199219e+02 6.0683801270e+02 6.0685797119e+02 6.0686700439e+02 6.0688800049e+02 6.0695098877e+02 6.0700402832e+02 6.0706402588e+02 6.0712200928e+02 6.0712597656e+02 6.0710998535e+02
6.0404199219e+02 6.0416198730e+02 6.0438201904e+02 6.0468103027e+02 6.0501202393e+02 6.0527301025e+02 6.0550402832e+02 6.0568499756e+02 6.0579498291e+02 6.0593200684e+02 6.0605798340e+02 6.0614599609e+02 6.0618499756e+02 6.0620599365e+02 6.0622302246e+02 6.0623901367e+02 6.0625299072e+02 6.0626098633e+02 6.0628100586e+02 6.0631402588e+02 6.0636297607e+02 6.0642297363e+02 6.0650402832e+02 6.0660900879e+02 6.0672998047e+02 6.0677398682e+02 6.0672802734e+02 6.0663299561e+02 6.0656500244e+02 6.0654602051e+02 6.0655102539e+02 6.0656500244e+02 6.0656298828e+02 6.0657397461e+02 6.0663897705e+02 6.0672601318e+02 6.0680102539e+02 6.0686102295e+02 6.0687799072e+02 6.0688897705e+02 6.0695501709e+02 6.0701501465e+02 6.0705401611e+02 6.0709002686e+02 6.0709002686e+02 6.0708697510e+02
6.0416497803e+02 6.0437200928e+02 6.0453399658e+02 6.0470098877e+02 6.0490899658e+02 6.0511901855e+02 6.0533300781e+02 6.0553302002e+02 6.0569396973e+02 6.0584197998e+02 6.0597601318e+02 6.0607598877e+02 6.0612597656e+02 6.0615600586e+02 6.0618798828e+02 6.0621899414e+02 6.0624298096e+02 6.0625299072e+02 6.0627099609e+02 6.0630297852e+02 6.0635900879e+02 6.0642199707e+02 6.0648699951e+02 6.0655499268e+02 6.0663201904e+02 6.0669897461e+02 6.0669299316e+02 6.0663000488e+02 6.0657000732e+02 6.0654901123e+02 6.0655798340e+02 6.0657202148e+02 6.0655999756e+02 6.0655603027e+02 6.0660101318e+02 6.0666601563e+02 6.0675097656e+02 6.0685302734e+02 6.0689599609e+02 6.0689398193e+02 6.0691998291e+02 6.0697998047e+02 6.0702600098e+02 6.0706597900e+02 6.0707598877e+02 6.0708001709e+02
6.0431500244e+02 6.0450500488e+02 6.0464398193e+02 6.0474200439e+02 6.0492498779e+02 6.0509100342e+02 6.0526599121e+02 6.0545599365e+02 6.0563897705e+02 6.0578698730e+02 6.0590899658e+02 6.0600402832e+02 6.0606597900e+02 6.0609899902e+02 6.0614501953e+02 6.0619897461e+02 6.0625097656e+02 6.0624401855e+02 6.0625299072e+02 6.0629199219e+02 6.0635900879e+02 6.0641497803e+02 6.0645599365e+02 6.0649298096e+02 6.0654998779e+02 6.0660601807e+02 6.0663299561e+02 6.0661199951e+02 6.0656500244e+02 6.0656402588e+02 6.0657800293e+02 6.0658898926e+02 6.0657000732e+02 6.0659100342e+02 6.0662902832e+02 6.0667297363e+02 6.0672198486e+02 6.0685302734e+02 6.0692401123e+02 6.0689398193e+02 6.0685302734e+02 6.0692199707e+02 6.0702001953e+02 6.0708599854e+02 6.0709899902e+02 6.0712597656e+02
6.0432202148e+02 6.0459399414e+02 6.0488500977e+02 6.0505603027e+02 6.0515301514e+02 6.0523797607e+02 6.0536499023e+02 6.0551501465e+02 6.0566699219e+02 6.0577502441e+02 6.0586901855e+02 6.0595397949e+02 6.0602899170e+02 6.0606402588e+02 6.0612298584e+02 6.0621997070e+02 6.0632000732e+02 6.0633001709e+02 6.0629400635e+02 6.0629998779e+02 6.0636199951e+02 6.0639398193e+02 6.0640899658e+02 6.0642901611e+02 6.0646301270e+02 6.0652001953e+02 6.0656402588e+02 6.0657501221e+02 6.0656402588e+02 6.0659100342e+02 6.0662402344e+02 6.0665002441e+02 6.0665197754e+02 6.0665502930e+02 6.0666198730e+02 6.0669897461e+02 6.0674902344e+02 6.0685900879e+02 6.0696600342e+02 6.0696099854e+02 6.0692999268e+02 6.0697198486e+02 6.0707897949e+02 6.0714099121e+02 6.0716302490e+02 6.0721002197e+02
6.0437298584e+02 6.0473498535e+02 6.0504901123e+02 6.0522497559e+02 6.0531799316e+02 6.0542199707e+02 6.0554498291e+02 6.0565100098e+02 6.0572900391e+02 6.0579498291e+02 6.0586602783e+02 6.0594396973e+02 6.0602801514e+02 6.0606402588e+02 6.0613000488e+02 6.0623797607e+02 6.0636798096e+02 6.0641497803e+02 6.0638098145e+02 6.0636102295e+02 6.0638098145e+02 6.0638299561e+02 6.0638000488e+02 6.0638098145e+02 6.0640399170e+02 6.0647802734e+02 6.0654302979e+02 6.0657598877e+02 6.0657800293e+02 6.0660699463e+02 6.0666699219e+02 6.0673400879e+02 6.0677398682e+02 6.0670300293e+02 6.0665899658e+02 6.0673101807e+02 6.0679699707e+02 6.0686199951e+02 6.0703002930e+02 6.0709197998e+02 6.0709100342e+02 6.0713000488e+02 6.0721398926e+02 6.0727899170e+02 6.0730102539e+02 6.0734997559e+02
6.0438800049e+02 6.0478100586e+02 6.0504199219e+02 6.0522100830e+02 6.0539697266e+02 6.0556097412e+02 6.0569097900e+02 6.0576397705e+02 6.0578100586e+02 6.0581500244e+02 6.0586901855e+02 6.0595001221e+02 6.0604400635e+02 6.0608697510e+02 6.0615197754e+02 6.0625500488e+02 6.0637298584e+02 6.0642297363e+02 6.0639599609e+02 6.0637298584e+02 6.0639599609e+02 6.0639398193e+02 6.0638098145e+02 6.0636798096e+02 6.0638397217e+02 6.0647900391e+02 6.0656402588e+02 6.0661199951e+02 6.0661199951e+02 6.0662200928e+02 6.0670098877e+02 6.0681500244e+02 6.0691601563e+02 6.0678497314e+02 6.0670599365e+02 6.0684497070e+02 6.0691802979e+02 6.0695001221e+02 6.0716699219e+02 6.0723797607e+02 6.0720800781e+02 6.0728002930e+02 6.0738897705e+02 6.0746002197e+02 6.0748101807e+02 6.0752899170e+02
