TESTSERVER/8/2.asc
NCOLS 100
NROWS 100
XLLCORNER 7.8997500000e+03
YLLCORNER 2.8985025000e+05
CELLSIZE 5.0000000000e-01
NODATA_VALUE -9.9990000000e+03
[rows 80 to 99 of 100, columns 0 to 45 of 100]
6.1392700195e+02 6.1374597168e+02 6.1359399414e+02 6.1341998291e+02 6.1317602539e+02 6.1287402344e+02 6.1254797363e+02 6.1225897217e+02 6.1197802734e+02 6.1162597656e+02 6.1123999023e+02 6.1079998779e+02 6.1035302734e+02 6.0998400879e+02 6.0960699463e+02 6.0920001221e+02 6.0895098877e+02 6.0869201660e+02 6.0828997803e+02 6.0757598877e+02 6.0706201172e+02 6.0664801025e+02 6.0612701416e+02 6.0555700684e+02 6.0498498535e+02 6.0457897949e+02 6.0420898438e+02 6.0384197998e+02 6.0352398682e+02 6.0340600586e+02 6.0344000244e+02 6.0348199463e+02 6.0346899414e+02 6.0341998291e+02 6.0338897705e+02 6.0334197998e+02 6.0346197510e+02 6.0378399658e+02 6.0414099121e+02 6.0440802002e+02 6.0480999756e+02 6.0523400879e+02 6.0557800293e+02 6.0581896973e+02 6.0610101318e+02 6.0637097168e+02
6.1375598145e+02 6.1359399414e+02 6.1344299316e+02 6.1325097656e+02 6.1301898193e+02 6.1275402832e+02 6.1247302246e+02 6.1220800781e+02 6.1192602539e+02 6.1159600830e+02 6.1121502686e+02 6.1079602051e+02 6.1042602539e+02 6.1011901855e+02 6.0970202637e+02 6.0920001221e+02 6.0867199707e+02 6.0813500977e+02 6.0764697266e+02 6.0717199707e+02 6.0662402344e+02 6.0612902832e+02 6.0585302734e+02 6.0542297363e+02 6.0494500732e+02 6.0453100586e+02 6.0415301514e+02 6.0379498291e+02 6.0351098633e+02 6.0340301514e+02 6.0344702148e+02 6.0348498535e+02 6.0346801758e+02 6.0342901611e+02 6.0340698242e+02 6.0337500000e+02 6.0341302490e+02 6.0362500000e+02 6.0390301514e+02 6.0420697021e+02 6.0467401123e+02 6.0515399170e+02 6.0560198975e+02 6.0590899658e+02 6.0623297119e+02 6.0648699951e+02
6.1359600830e+02 6.1345001221e+02 6.1329199219e+02 6.1308599854e+02 6.1286499023e+02 6.1263098145e+02 6.1237500000e+02 6.1211798096e+02 6.1184100342e+02 6.1151599121e+02 6.1116198730e+02 6.1076098633e+02 6.1038299561e+02 6.1010900879e+02 6.0974401855e+02 6.0927301025e+02 6.0868597412e+02 6.0803198242e+02 6.0746099854e+02 6.0694396973e+02 6.0631597900e+02 6.0577301025e+02 6.0552502441e+02 6.0515301514e+02 6.0472900391e+02 6.0444702148e+02 6.0410699463e+02 6.0373797607e+02 6.0346099854e+02 6.0336901855e+02 6.0343298340e+02 6.0346502686e+02 6.0344598389e+02 6.0341198730e+02 6.0339501953e+02 6.0336999512e+02 6.0335900879e+02 6.0346398926e+02 6.0367401123e+02 6.0406701660e+02 6.0460797119e+02 6.0509301758e+02 6.0562701416e+02 6.0599700928e+02 6.0624902344e+02 6.0647802734e+02
6.1342700195e+02 6.1328497314e+02 6.1311999512e+02 6.1290301514e+02 6.1269201660e+02 6.1248498535e+02 6.1224499512e+02 6.1198297119e+02 6.1171099854e+02 6.1139697266e+02 6.1105401611e+02 6.1066699219e+02 6.1026202393e+02 6.0995397949e+02 6.0959997559e+02 6.0918499756e+02 6.0867102051e+02 6.0801202393e+02 6.0740802002e+02 6.0680200195e+02 6.0619097900e+02 6.0577001953e+02 6.0548901367e+02 6.0507202148e+02 6.0459899902e+02 6.0436102295e+02 6.0408898926e+02 6.0374298096e+02 6.0346697998e+02 6.0336401367e+02 6.0340301514e+02 6.0341998291e+02 6.0340899658e+02 6.0339099121e+02 6.0338000488e+02 6.0337200928e+02 6.0336700439e+02 6.0343298340e+02 6.0362500000e+02 6.0402697754e+02 6.0459100342e+02 6.0507800293e+02 6.0560101318e+02 6.0606298828e+02 6.0627398682e+02 6.0646002197e+02
6.1323797607e+02 6.1309002686e+02 6.1290600586e+02 6.1269500732e+02 6.1250299072e+02 6.1232299805e+02 6.1212500000e+02 6.1186199951e+02 6.1158502197e+02 6.1126800537e+02 6.1090698242e+02 6.1051000977e+02 6.1011102295e+02 6.0977502441e+02 6.0944897461e+02 6.0904199219e+02 6.0857598877e+02 6.0795098877e+02 6.0722900391e+02 6.0669500732e+02 6.0629199219e+02 6.0593902588e+02 6.0554998779e+02 6.0506597900e+02 6.0454797363e+02 6.0425701904e+02 6.0403100586e+02 6.0375201416e+02 6.0348602295e+02 6.0334698486e+02 6.0334497070e+02 6.0336297607e+02 6.0336499023e+02 6.0337097168e+02 6.0338598633e+02 6.0337799072e+02 6.0339202881e+02 6.0344702148e+02 6.0365399170e+02 6.0411102295e+02 6.0467700195e+02 6.0515600586e+02 6.0558502197e+02 6.0612298584e+02 6.0635699463e+02 6.0650799561e+02
6.1303497314e+02 6.1286199951e+02 6.1264898682e+02 6.1244702148e+02 6.1230200195e+02 6.1216802979e+02 6.1199499512e+02 6.1178399658e+02 6.1150201416e+02 6.1116699219e+02 6.1080102539e+02 6.1039300537e+02 6.1003100586e+02 6.0968902588e+02 6.0933398438e+02 6.0897100830e+02 6.0852899170e+02 6.0798199463e+02 6.0738299561e+02 6.0669799805e+02 6.0620001221e+02 6.0589202881e+02 6.0555297852e+02 6.0501800537e+02 6.0442102051e+02 6.0403997803e+02 6.0381298828e+02 6.0357098389e+02 6.0334899902e+02 6.0324700928e+02 6.0328802490e+02 6.0331701660e+02 6.0331500244e+02 6.0332000732e+02 6.0335998535e+02 6.0339801025e+02 6.0340997314e+02 6.0346600342e+02 6.0374200439e+02 6.0416699219e+02 6.0472302246e+02 6.0525598145e+02 6.0569500732e+02 6.0615802002e+02 6.0635998535e+02 6.0656597900e+02
6.1286401367e+02 6.1265997314e+02 6.1241601563e+02 6.1221697998e+02 6.1209100342e+02 6.1198999023e+02 6.1184997559e+02 6.1164501953e+02 6.1137097168e+02 6.1103698730e+02 6.1066400146e+02 6.1028399658e+02 6.0994500732e+02 6.0958300781e+02 6.0913702393e+02 6.0871997070e+02 6.0829998779e+02 6.0786999512e+02 6.0745898438e+02 6.0658001709e+02 6.0602001953e+02 6.0580603027e+02 6.0541302490e+02 6.0478198242e+02 6.0423199463e+02 6.0375500488e+02 6.0345300293e+02 6.0329901123e+02 6.0319598389e+02 6.0319097900e+02 6.0326702881e+02 6.0328002930e+02 6.0326702881e+02 6.0326000977e+02 6.0327099609e+02 6.0334100342e+02 6.0344799805e+02 6.0358898926e+02 6.0385498047e+02 6.0423797607e+02 6.0483099365e+02 6.0543402100e+02 6.0584497070e+02 6.0617999268e+02 6.0635198975e+02 6.0661901855e+02
6.1272198486e+02 6.1249597168e+02 6.1222698975e+02 6.1201000977e+02 6.1187902832e+02 6.1178997803e+02 6.1168103027e+02 6.1148297119e+02 6.1121197510e+02 6.1087799072e+02 6.1050097656e+02 6.1016302490e+02 6.0984802246e+02 6.0945697021e+02 6.0893103027e+02 6.0851702881e+02 6.0814202881e+02 6.0776599121e+02 6.0738702393e+02 6.0653399658e+02 6.0597802734e+02 6.0571899414e+02 6.0518902588e+02 6.0457598877e+02 6.0407702637e+02 6.0350097656e+02 6.0315600586e+02 6.0313000488e+02 6.0314099121e+02 6.0321002197e+02 6.0328198242e+02 6.0326501465e+02 6.0323797607e+02 6.0321600342e+02 6.0318298340e+02 6.0324597168e+02 6.0343597412e+02 6.0367700195e+02 6.0395397949e+02 6.0434600830e+02 6.0491699219e+02 6.0550598145e+02 6.0594897461e+02 6.0624401855e+02 6.0642901611e+02 6.0671997070e+02
6.1259399414e+02 6.1235900879e+02 6.1210198975e+02 6.1185998535e+02 6.1169598389e+02 6.1158300781e+02 6.1147399902e+02 6.1130297852e+02 6.1103302002e+02 6.1069897461e+02 6.1032299805e+02 6.1001300049e+02 6.0969201660e+02 6.0927099609e+02 6.0873901367e+02 6.0839599609e+02 6.0805902100e+02 6.0769000244e+02 6.0720800781e+02 6.0653698730e+02 6.0590197754e+02 6.0544396973e+02 6.0481298828e+02 6.0439898682e+02 6.0390698242e+02 6.0335699463e+02 6.0315100098e+02 6.0313201904e+02 6.0317199707e+02 6.0324200439e+02 6.0330102539e+02 6.0327801514e+02 6.0323498535e+02 6.0319299316e+02 6.0317102051e+02 6.0325299072e+02 6.0343402100e+02 6.0370599365e+02 6.0404101563e+02 6.0447601318e+02 6.0494201660e+02 6.0541400146e+02 6.0597198486e+02 6.0627099609e+02 6.0650000000e+02 6.0678802490e+02
6.1246197510e+02 6.1222497559e+02 6.1196697998e+02 6.1172497559e+02 6.1154998779e+02 6.1141699219e+02 6.1129101563e+02 6.1110797119e+02 6.1083502197e+02 6.1049700928e+02 6.1012097168e+02 6.0975799561e+02 6.0940197754e+02 6.0900598145e+02 6.0854797363e+02 6.0820501709e+02 6.0787298584e+02 6.0751702881e+02 6.0695001221e+02 6.0638598633e+02 6.0569201660e+02 6.0517102051e+02 6.0478302002e+02 6.0431701660e+02 6.0375299072e+02 6.0330902100e+02 6.0318597412e+02 6.0316601563e+02 6.0317999268e+02 6.0322802734e+02 6.0328198242e+02 6.0327197266e+02 6.0322698975e+02 6.0318499756e+02 6.0317999268e+02 6.0330902100e+02 6.0353399658e+02 6.0383197021e+02 6.0417602539e+02 6.0465698242e+02 6.0511901855e+02 6.0550598145e+02 6.0601397705e+02 6.0630401611e+02 6.0659997559e+02 6.0689599609e+02
6.1231402588e+02 6.1206298828e+02 6.1180798340e+02 6.1158197021e+02 6.1140899658e+02 6.1126300049e+02 6.1110699463e+02 6.1089001465e+02 6.1059802246e+02 6.1025299072e+02 6.0988598633e+02 6.0951300049e+02 6.0916601563e+02 6.0881298828e+02 6.0842602539e+02 6.0804498291e+02 6.0765899658e+02 6.0725897217e+02 6.0670001221e+02 6.0623797607e+02 6.0558801270e+02 6.0510699463e+02 6.0476898193e+02 6.0421099854e+02 6.0369598389e+02 6.0338397217e+02 6.0322998047e+02 6.0318103027e+02 6.0317700195e+02 6.0321002197e+02 6.0324902344e+02 6.0324102783e+02 6.0320800781e+02 6.0317700195e+02 6.0317602539e+02 6.0327801514e+02 6.0350897217e+02 6.0384497070e+02 6.0421899414e+02 6.0470098877e+02 6.0521099854e+02 6.0562597656e+02 6.0609497070e+02 6.0643298340e+02 6.0678900146e+02 6.0702099609e+02
6.1216400146e+02 6.1189501953e+02 6.1163800049e+02 6.1143200684e+02 6.1126098633e+02 6.1110198975e+02 6.1091601563e+02 6.1065997314e+02 6.1034197998e+02 6.0998297119e+02 6.0962097168e+02 6.0928198242e+02 6.0896002197e+02 6.0861102295e+02 6.0817901611e+02 6.0778100586e+02 6.0742498779e+02 6.0699597168e+02 6.0644299316e+02 6.0593902588e+02 6.0540997314e+02 6.0489501953e+02 6.0440698242e+02 6.0395599365e+02 6.0362402344e+02 6.0342498779e+02 6.0324102783e+02 6.0316900635e+02 6.0315600586e+02 6.0317602539e+02 6.0320202637e+02 6.0319897461e+02 6.0318499756e+02 6.0317199707e+02 6.0315600586e+02 6.0316802979e+02 6.0338201904e+02 6.0378198242e+02 6.0429199219e+02 6.0477301025e+02 6.0526000977e+02 6.0571002197e+02 6.0619396973e+02 6.0654101563e+02 6.0687402344e+02 6.0705499268e+02
6.1201501465e+02 6.1172998047e+02 6.1146997070e+02 6.1128198242e+02 6.1110998535e+02 6.1092901611e+02 6.1070001221e+02 6.1040197754e+02 6.1006500244e+02 6.0971002197e+02 6.0934002686e+02 6.0903900146e+02 6.0871697998e+02 6.0829797363e+02 6.0772802734e+02 6.0739099121e+02 6.0716302490e+02 6.0680200195e+02 6.0626501465e+02 6.0565997314e+02 6.0517797852e+02 6.0466302490e+02 6.0408099365e+02 6.0368902588e+02 6.0343103027e+02 6.0326800537e+02 6.0314501953e+02 6.0311199951e+02 6.0310601807e+02 6.0312402344e+02 6.0315698242e+02 6.0316198730e+02 6.0316601563e+02 6.0317498779e+02 6.0318103027e+02 6.0321002197e+02 6.0350897217e+02 6.0402197266e+02 6.0464599609e+02 6.0505700684e+02 6.0543701172e+02 6.0585797119e+02 6.0629199219e+02 6.0659301758e+02 6.0685101318e+02 6.0703601074e+02
6.1186798096e+02 6.1155999756e+02 6.1131799316e+02 6.1114202881e+02 6.1096398926e+02 6.1076098633e+02 6.1049200439e+02 6.1016497803e+02 6.0984399414e+02 6.0951300049e+02 6.0918701172e+02 6.0888897705e+02 6.0845697021e+02 6.0795599365e+02 6.0748297119e+02 6.0700500488e+02 6.0672100830e+02 6.0653802490e+02 6.0597698975e+02 6.0545202637e+02 6.0512298584e+02 6.0449102783e+02 6.0375097656e+02 6.0338500977e+02 6.0316101074e+02 6.0300598145e+02 6.0293402100e+02 6.0292602539e+02 6.0296197510e+02 6.0302301025e+02 6.0308697510e+02 6.0312799072e+02 6.0316802979e+02 6.0322198486e+02 6.0331402588e+02 6.0342401123e+02 6.0381298828e+02 6.0438201904e+02 6.0484197998e+02 6.0521099854e+02 6.0563000488e+02 6.0603198242e+02 6.0636999512e+02 6.0664697266e+02 6.0688201904e+02 6.0706298828e+02
6.1174597168e+02 6.1142999268e+02 6.1118499756e+02 6.1099798584e+02 6.1080700684e+02 6.1058697510e+02 6.1029901123e+02 6.0998297119e+02 6.0967797852e+02 6.0935797119e+02 6.0903601074e+02 6.0867797852e+02 6.0817401123e+02 6.0763299561e+02 6.0720300293e+02 6.0667498779e+02 6.0624597168e+02 6.0608801270e+02 6.0569799805e+02 6.0528002930e+02 6.0478302002e+02 6.0404101563e+02 6.0348901367e+02 6.0323297119e+02 6.0305603027e+02 6.0290899658e+02 6.0285302734e+02 6.0282897949e+02 6.0286199951e+02 6.0292602539e+02 6.0300500488e+02 6.0309399414e+02 6.0318499756e+02 6.0329400635e+02 6.0345397949e+02 6.0357397461e+02 6.0384100342e+02 6.0430902100e+02 6.0479699707e+02 6.0524102783e+02 6.0572900391e+02 6.0615002441e+02 6.0643103027e+02 6.0668701172e+02 6.0691198730e+02 6.0709497070e+02
6.1164300537e+02 6.1132501221e+02 6.1105700684e+02 6.1084002686e+02 6.1063299561e+02 6.1040301514e+02 6.1012298584e+02 6.0982000732e+02 6.0952398682e+02 6.0921197510e+02 6.0886798096e+02 6.0846697998e+02 6.0795397949e+02 6.0737902832e+02 6.0687701416e+02 6.0635797119e+02 6.0589202881e+02 6.0561798096e+02 6.0523699951e+02 6.0479302979e+02 6.0414801025e+02 6.0353100586e+02 6.0319500732e+02 6.0306799316e+02 6.0299597168e+02 6.0289599609e+02 6.0285797119e+02 6.0282202148e+02 6.0283099365e+02 6.0286999512e+02 6.0293701172e+02 6.0308001709e+02 6.0322998047e+02 6.0339300537e+02 6.0359698486e+02 6.0373400879e+02 6.0388800049e+02 6.0425500488e+02 6.0478002930e+02 6.0529797363e+02 6.0582800293e+02 6.0624102783e+02 6.0648901367e+02 6.0673101807e+02 6.0693902588e+02 6.0713299561e+02
6.1153802490e+02 6.1120697021e+02 6.1089398193e+02 6.1065301514e+02 6.1044000244e+02 6.1021697998e+02 6.0994897461e+02 6.0966601563e+02 6.0935998535e+02 6.0904400635e+02 6.0872100830e+02 6.0828302002e+02 6.0779302979e+02 6.0722198486e+02 6.0670898438e+02 6.0620300293e+02 6.0572802734e+02 6.0532702637e+02 6.0482800293e+02 6.0431097412e+02 6.0376300049e+02 6.0327001953e+02 6.0287799072e+02 6.0282598877e+02 6.0283898926e+02 6.0283398438e+02 6.0284002686e+02 6.0283502197e+02 6.0283001709e+02 6.0284100342e+02 6.0288897705e+02 6.0307098389e+02 6.0328997803e+02 6.0352001953e+02 6.0372198486e+02 6.0391198730e+02 6.0414801025e+02 6.0455200195e+02 6.0498999023e+02 6.0548400879e+02 6.0596502686e+02 6.0629998779e+02 6.0653802490e+02 6.0679998779e+02 6.0699597168e+02 6.0717700195e+02
6.1139202881e+02 6.1102301025e+02 6.1070397949e+02 6.1047601318e+02 6.1027697754e+02 6.1006896973e+02 6.0980401611e+02 6.0950201416e+02 6.0918103027e+02 6.0885101318e+02 6.0852197266e+02 6.0813201904e+02 6.0770001221e+02 6.0725000000e+02 6.0678698730e+02 6.0608300781e+02 6.0544000244e+02 6.0504101563e+02 6.0462597656e+02 6.0396697998e+02 6.0344598389e+02 6.0301300049e+02 6.0276000977e+02 6.0271697998e+02 6.0272900391e+02 6.0276098633e+02 6.0278900146e+02 6.0279302979e+02 6.0279498291e+02 6.0282202148e+02 6.0285797119e+02 6.0300402832e+02 6.0330603027e+02 6.0367297363e+02 6.0398797607e+02 6.0420001221e+02 6.0455200195e+02 6.0496801758e+02 6.0526501465e+02 6.0567700195e+02 6.0604602051e+02 6.0631097412e+02 6.0658197021e+02 6.0690502930e+02 6.0711401367e+02 6.0720800781e+02
6.1123498535e+02 6.1086499023e+02 6.1055603027e+02 6.1034698486e+02 6.1015600586e+02 6.0995202637e+02 6.0967999268e+02 6.0935998535e+02 6.0902502441e+02 6.0867498779e+02 6.0832202148e+02 6.0794000244e+02 6.0757702637e+02 6.0723699951e+02 6.0686602783e+02 6.0606298828e+02 6.0522100830e+02 6.0473699951e+02 6.0439801025e+02 6.0382000732e+02 6.0330902100e+02 6.0294598389e+02 6.0276501465e+02 6.0270300293e+02 6.0270501709e+02 6.0273101807e+02 6.0276098633e+02 6.0276702881e+02 6.0278002930e+02 6.0283300781e+02 6.0288702393e+02 6.0303900146e+02 6.0340301514e+02 6.0388397217e+02 6.0435498047e+02 6.0464801025e+02 6.0496600342e+02 6.0525799561e+02 6.0547100830e+02 6.0582000732e+02 6.0612200928e+02 6.0637597656e+02 6.0667700195e+02 6.0703497314e+02 6.0728002930e+02 6.0741699219e+02
6.1104901123e+02 6.1071398926e+02 6.1043103027e+02 6.1022100830e+02 6.1003198242e+02 6.0982897949e+02 6.0955499268e+02 6.0922601318e+02 6.0887902832e+02 6.0850598145e+02 6.0811297607e+02 6.0770202637e+02 6.0736401367e+02 6.0707598877e+02 6.0676800537e+02 6.0600799561e+02 6.0511700439e+02 6.0456201172e+02 6.0413800049e+02 6.0366400146e+02 6.0326702881e+02 6.0301397705e+02 6.0284899902e+02 6.0273999023e+02 6.0271899414e+02 6.0272900391e+02 6.0274700928e+02 6.0274499512e+02 6.0277099609e+02 6.0285400391e+02 6.0295501709e+02 6.0310699463e+02 6.0348602295e+02 6.0402899170e+02 6.0461297607e+02 6.0492901611e+02 6.0517797852e+02 6.0540197754e+02 6.0564898682e+02 6.0599499512e+02 6.0631896973e+02 6.0660101318e+02 6.0688598633e+02 6.0718103027e+02 6.0745397949e+02 6.0773999023e+02
