TESTSERVER/8/2.asc
NCOLS 100
NROWS 100
XLLCORNER 7.8997500000e+03
YLLCORNER 2.8985025000e+05
CELLSIZE 5.0000000000e-01
NODATA_VALUE -9.9990000000e+03
[rows 40 to 59 of 100, columns 0 to 45 of 100]
6.2168200684e+02 6.2154602051e+02 6.2072601318e+02 6.2008001709e+02 6.1962597656e+02 6.1900201416e+02 6.1825701904e+02 6.1781298828e+02 6.1737097168e+02 6.1697998047e+02 6.1660900879e+02 6.1630499268e+02 6.1576501465e+02 6.1529101563e+02 6.1495300293e+02 6.1461901855e+02 6.1425299072e+02 6.1381500244e+02 6.1329998779e+02 6.1296398926e+02 6.1257598877e+02 6.1213098145e+02 6.1171801758e+02 6.1153198242e+02 6.1121801758e+02 6.1043402100e+02 6.0944799805e+02 6.0897802734e+02 6.0852600098e+02 6.0812097168e+02 6.0776800537e+02 6.0760998535e+02 6.0745599365e+02 6.0726202393e+02 6.0709002686e+02 6.0705401611e+02 6.0699200439e+02 6.0693597412e+02 6.0699401855e+02 6.0689202881e+02 6.0690197754e+02 6.0704101563e+02 6.0722302246e+02 6.0739001465e+02 6.0786901855e+02 6.0860302734e+02
6.2120098877e+02 6.2092901611e+02 6.2035400391e+02 6.1996697998e+02 6.1957800293e+02 6.1883398438e+02 6.1797698975e+02 6.1752697754e+02 6.1698400879e+02 6.1650201416e+02 6.1609197998e+02 6.1587298584e+02 6.1543902588e+02 6.1500897217e+02 6.1469097900e+02 6.1433197021e+02 6.1395098877e+02 6.1354302979e+02 6.1301397705e+02 6.1261199951e+02 6.1231799316e+02 6.1190899658e+02 6.1152697754e+02 6.1142602539e+02 6.1124798584e+02 6.1055999756e+02 6.0941101074e+02 6.0872900391e+02 6.0818597412e+02 6.0782501221e+02 6.0746099854e+02 6.0718402100e+02 6.0698101807e+02 6.0680499268e+02 6.0671600342e+02 6.0666699219e+02 6.0651702881e+02 6.0640301514e+02 6.0644598389e+02 6.0637701416e+02 6.0640899658e+02 6.0657397461e+02 6.0673602295e+02 6.0689001465e+02 6.0720001221e+02 6.0790399170e+02
6.2088598633e+02 6.2052697754e+02 6.2004101563e+02 6.1966400146e+02 6.1913702393e+02 6.1840100098e+02 6.1774499512e+02 6.1723199463e+02 6.1672497559e+02 6.1632800293e+02 6.1588098145e+02 6.1551702881e+02 6.1513000488e+02 6.1478302002e+02 6.1445898438e+02 6.1408001709e+02 6.1366900635e+02 6.1324401855e+02 6.1275201416e+02 6.1232598877e+02 6.1205297852e+02 6.1164801025e+02 6.1120501709e+02 6.1096899414e+02 6.1062799072e+02 6.1004101563e+02 6.0920001221e+02 6.0844097900e+02 6.0778198242e+02 6.0742401123e+02 6.0713098145e+02 6.0680798340e+02 6.0656201172e+02 6.0639398193e+02 6.0632098389e+02 6.0621398926e+02 6.0600897217e+02 6.0582702637e+02 6.0585101318e+02 6.0587402344e+02 6.0584197998e+02 6.0599200439e+02 6.0625402832e+02 6.0644097900e+02 6.0680603027e+02 6.0748199463e+02
6.2072900391e+02 6.2032397461e+02 6.1982897949e+02 6.1932598877e+02 6.1869201660e+02 6.1810900879e+02 6.1770898438e+02 6.1702398682e+02 6.1652697754e+02 6.1622399902e+02 6.1581597900e+02 6.1537701416e+02 6.1495300293e+02 6.1456896973e+02 6.1418798828e+02 6.1379400635e+02 6.1337500000e+02 6.1291699219e+02 6.1243103027e+02 6.1203900146e+02 6.1174798584e+02 6.1132501221e+02 6.1080902100e+02 6.1046801758e+02 6.0997698975e+02 6.0942199707e+02 6.0881701660e+02 6.0807598877e+02 6.0732702637e+02 6.0689300537e+02 6.0665899658e+02 6.0634399414e+02 6.0608099365e+02 6.0591900635e+02 6.0583001709e+02 6.0568798828e+02 6.0553399658e+02 6.0534997559e+02 6.0530200195e+02 6.0539001465e+02 6.0528198242e+02 6.0542700195e+02 6.0583502197e+02 6.0601599121e+02 6.0655297852e+02 6.0717199707e+02
6.2053698730e+02 6.2011999512e+02 6.1960699463e+02 6.1907202148e+02 6.1848699951e+02 6.1804101563e+02 6.1778497314e+02 6.1707598877e+02 6.1647900391e+02 6.1612500000e+02 6.1563201904e+02 6.1528698730e+02 6.1484497070e+02 6.1439801025e+02 6.1391802979e+02 6.1340802002e+02 6.1305902100e+02 6.1264599609e+02 6.1216998291e+02 6.1182800293e+02 6.1141400146e+02 6.1091802979e+02 6.1047900391e+02 6.1011199951e+02 6.0965600586e+02 6.0910400391e+02 6.0843902588e+02 6.0780401611e+02 6.0700799561e+02 6.0641497803e+02 6.0601098633e+02 6.0569000244e+02 6.0543701172e+02 6.0530603027e+02 6.0528302002e+02 6.0521197510e+02 6.0518798828e+02 6.0506097412e+02 6.0484497070e+02 6.0500201416e+02 6.0496197510e+02 6.0501000977e+02 6.0525402832e+02 6.0562402344e+02 6.0637799072e+02 6.0699200439e+02
6.2034899902e+02 6.1994097900e+02 6.1941601563e+02 6.1887799072e+02 6.1837097168e+02 6.1788098145e+02 6.1744598389e+02 6.1685601807e+02 6.1631402588e+02 6.1590301514e+02 6.1543402100e+02 6.1499902344e+02 6.1458599854e+02 6.1423999023e+02 6.1372698975e+02 6.1314099121e+02 6.1277600098e+02 6.1236798096e+02 6.1192602539e+02 6.1164099121e+02 6.1123199463e+02 6.1071600342e+02 6.1021099854e+02 6.0977899170e+02 6.0933599854e+02 6.0880297852e+02 6.0812200928e+02 6.0749798584e+02 6.0677899170e+02 6.0611798096e+02 6.0560198975e+02 6.0521301270e+02 6.0498498535e+02 6.0490002441e+02 6.0492199707e+02 6.0488098145e+02 6.0495898438e+02 6.0492602539e+02 6.0462701416e+02 6.0457598877e+02 6.0441601563e+02 6.0434100342e+02 6.0452398682e+02 6.0506597900e+02 6.0590899658e+02 6.0663397217e+02
6.2015301514e+02 6.1972100830e+02 6.1920599365e+02 6.1864801025e+02 6.1817102051e+02 6.1768103027e+02 6.1714801025e+02 6.1665002441e+02 6.1617401123e+02 6.1570397949e+02 6.1523999023e+02 6.1470800781e+02 6.1430297852e+02 6.1399102783e+02 6.1348297119e+02 6.1296301270e+02 6.1249499512e+02 6.1202001953e+02 6.1165502930e+02 6.1139001465e+02 6.1097198486e+02 6.1050500488e+02 6.1001397705e+02 6.0951702881e+02 6.0899200439e+02 6.0846600342e+02 6.0784802246e+02 6.0727301025e+02 6.0662402344e+02 6.0595697021e+02 6.0541101074e+02 6.0502197266e+02 6.0477502441e+02 6.0472100830e+02 6.0472100830e+02 6.0466302490e+02 6.0474499512e+02 6.0470001221e+02 6.0438800049e+02 6.0432501221e+02 6.0416101074e+02 6.0405401611e+02 6.0411901855e+02 6.0452600098e+02 6.0525402832e+02 6.0592602539e+02
6.1989599609e+02 6.1944000244e+02 6.1900500488e+02 6.1846197510e+02 6.1800598145e+02 6.1756597900e+02 6.1706701660e+02 6.1657897949e+02 6.1610198975e+02 6.1557598877e+02 6.1502899170e+02 6.1443798828e+02 6.1402600098e+02 6.1366497803e+02 6.1317297363e+02 6.1272302246e+02 6.1222998047e+02 6.1176300049e+02 6.1144097900e+02 6.1106597900e+02 6.1057800293e+02 6.1015399170e+02 6.0971502686e+02 6.0915301514e+02 6.0856701660e+02 6.0809600830e+02 6.0762902832e+02 6.0702899170e+02 6.0636901855e+02 6.0576800537e+02 6.0530999756e+02 6.0491601563e+02 6.0461999512e+02 6.0452099609e+02 6.0447302246e+02 6.0440600586e+02 6.0444500732e+02 6.0436999512e+02 6.0417199707e+02 6.0421197510e+02 6.0417700195e+02 6.0411602783e+02 6.0403302002e+02 6.0413897705e+02 6.0454602051e+02 6.0499902344e+02
6.1957000732e+02 6.1913500977e+02 6.1883099365e+02 6.1832897949e+02 6.1792401123e+02 6.1751800537e+02 6.1692199707e+02 6.1638800049e+02 6.1593798828e+02 6.1539300537e+02 6.1470800781e+02 6.1414801025e+02 6.1385900879e+02 6.1350701904e+02 6.1298797607e+02 6.1253198242e+02 6.1205297852e+02 6.1164697266e+02 6.1127600098e+02 6.1072601318e+02 6.1013500977e+02 6.0957598877e+02 6.0909600830e+02 6.0855603027e+02 6.0803198242e+02 6.0774401855e+02 6.0750097656e+02 6.0663201904e+02 6.0595800781e+02 6.0548297119e+02 6.0512500000e+02 6.0476000977e+02 6.0447900391e+02 6.0432202148e+02 6.0422198486e+02 6.0421398926e+02 6.0422601318e+02 6.0417498779e+02 6.0411798096e+02 6.0413098145e+02 6.0418103027e+02 6.0418200684e+02 6.0412097168e+02 6.0402697754e+02 6.0408697510e+02 6.0423498535e+02
6.1934497070e+02 6.1895599365e+02 6.1861297607e+02 6.1813201904e+02 6.1780902100e+02 6.1748602295e+02 6.1688500977e+02 6.1629400635e+02 6.1580999756e+02 6.1524798584e+02 6.1449700928e+02 6.1405499268e+02 6.1392901611e+02 6.1348101807e+02 6.1282098389e+02 6.1238397217e+02 6.1188702393e+02 6.1142901611e+02 6.1100500488e+02 6.1047601318e+02 6.0975598145e+02 6.0897802734e+02 6.0840399170e+02 6.0790197754e+02 6.0739001465e+02 6.0705499268e+02 6.0665899658e+02 6.0599102783e+02 6.0552502441e+02 6.0509497070e+02 6.0474700928e+02 6.0446301270e+02 6.0428002930e+02 6.0418298340e+02 6.0411798096e+02 6.0411499023e+02 6.0413299561e+02 6.0414599609e+02 6.0415997314e+02 6.0413201904e+02 6.0412902832e+02 6.0411901855e+02 6.0409997559e+02 6.0403002930e+02 6.0401702881e+02 6.0405798340e+02
6.1910101318e+02 6.1874700928e+02 6.1839697266e+02 6.1797900391e+02 6.1770501709e+02 6.1745001221e+02 6.1689599609e+02 6.1628802490e+02 6.1571398926e+02 6.1523797607e+02 6.1463897705e+02 6.1422198486e+02 6.1393200684e+02 6.1333502197e+02 6.1268200684e+02 6.1226300049e+02 6.1175000000e+02 6.1129199219e+02 6.1090399170e+02 6.1030102539e+02 6.0938098145e+02 6.0852502441e+02 6.0789801025e+02 6.0742498779e+02 6.0690399170e+02 6.0644097900e+02 6.0596099854e+02 6.0545599365e+02 6.0513098145e+02 6.0477197266e+02 6.0447198486e+02 6.0428698730e+02 6.0416998291e+02 6.0410998535e+02 6.0406896973e+02 6.0406097412e+02 6.0408300781e+02 6.0412298584e+02 6.0417498779e+02 6.0412701416e+02 6.0410699463e+02 6.0408801270e+02 6.0408099365e+02 6.0405401611e+02 6.0403900146e+02 6.0403601074e+02
6.1881597900e+02 6.1849499512e+02 6.1816802979e+02 6.1784497070e+02 6.1758599854e+02 6.1731500244e+02 6.1675500488e+02 6.1617199707e+02 6.1565100098e+02 6.1521801758e+02 6.1477301025e+02 6.1425097656e+02 6.1376202393e+02 6.1318103027e+02 6.1261499023e+02 6.1214300537e+02 6.1166699219e+02 6.1124499512e+02 6.1078302002e+02 6.1010797119e+02 6.0912799072e+02 6.0828002930e+02 6.0760198975e+02 6.0708099365e+02 6.0654998779e+02 6.0608099365e+02 6.0560400391e+02 6.0515502930e+02 6.0492602539e+02 6.0467901611e+02 6.0438000488e+02 6.0422601318e+02 6.0412902832e+02 6.0407897949e+02 6.0406500244e+02 6.0406597900e+02 6.0407598877e+02 6.0409899902e+02 6.0413800049e+02 6.0410601807e+02 6.0409197998e+02 6.0408001709e+02 6.0407397461e+02 6.0407897949e+02 6.0408697510e+02 6.0408502197e+02
6.1862597656e+02 6.1834301758e+02 6.1803900146e+02 6.1771002197e+02 6.1739300537e+02 6.1703002930e+02 6.1656097412e+02 6.1611102295e+02 6.1565997314e+02 6.1522198486e+02 6.1473297119e+02 6.1420697021e+02 6.1374401855e+02 6.1324499512e+02 6.1264398193e+02 6.1204498291e+02 6.1162701416e+02 6.1109399414e+02 6.1035498047e+02 6.0976000977e+02 6.0893798828e+02 6.0811401367e+02 6.0727301025e+02 6.0677697754e+02 6.0621197510e+02 6.0575097656e+02 6.0533398438e+02 6.0499298096e+02 6.0478997803e+02 6.0459197998e+02 6.0433197021e+02 6.0419201660e+02 6.0411102295e+02 6.0408001709e+02 6.0408697510e+02 6.0408801270e+02 6.0408300781e+02 6.0406799316e+02 6.0405200195e+02 6.0406896973e+02 6.0408300781e+02 6.0409600830e+02 6.0409997559e+02 6.0409100342e+02 6.0409899902e+02 6.0409100342e+02
6.1846997070e+02 6.1818798828e+02 6.1786401367e+02 6.1751098633e+02 6.1722399902e+02 6.1688702393e+02 6.1657598877e+02 6.1607098389e+02 6.1563800049e+02 6.1526202393e+02 6.1468499756e+02 6.1412402344e+02 6.1366497803e+02 6.1321197510e+02 6.1266198730e+02 6.1207299805e+02 6.1170697021e+02 6.1105401611e+02 6.1022900391e+02 6.0953198242e+02 6.0870501709e+02 6.0795697021e+02 6.0723400879e+02 6.0658801270e+02 6.0599499512e+02 6.0551599121e+02 6.0516198730e+02 6.0490197754e+02 6.0468103027e+02 6.0445501709e+02 6.0424798584e+02 6.0415399170e+02 6.0409399414e+02 6.0407800293e+02 6.0408398438e+02 6.0408001709e+02 6.0407702637e+02 6.0406896973e+02 6.0405297852e+02 6.0405798340e+02 6.0407098389e+02 6.0408898926e+02 6.0409698486e+02 6.0410198975e+02 6.0408697510e+02 6.0404699707e+02
6.1824499512e+02 6.1797601318e+02 6.1765399170e+02 6.1727001953e+02 6.1701300049e+02 6.1672302246e+02 6.1652001953e+02 6.1606500244e+02 6.1564398193e+02 6.1532501221e+02 6.1484802246e+02 6.1432000732e+02 6.1363299561e+02 6.1314099121e+02 6.1275299072e+02 6.1228900146e+02 6.1172900391e+02 6.1097399902e+02 6.1008502197e+02 6.0932501221e+02 6.0861401367e+02 6.0795800781e+02 6.0742797852e+02 6.0662200928e+02 6.0593902588e+02 6.0544097900e+02 6.0511901855e+02 6.0486700439e+02 6.0460101318e+02 6.0437097168e+02 6.0420599365e+02 6.0412902832e+02 6.0408197021e+02 6.0407397461e+02 6.0408197021e+02 6.0408001709e+02 6.0407897949e+02 6.0407598877e+02 6.0406500244e+02 6.0405902100e+02 6.0406402588e+02 6.0407501221e+02 6.0408099365e+02 6.0409600830e+02 6.0408502197e+02 6.0405200195e+02
6.1796899414e+02 6.1773498535e+02 6.1741601563e+02 6.1703698730e+02 6.1679101563e+02 6.1649298096e+02 6.1623797607e+02 6.1593798828e+02 6.1560601807e+02 6.1536199951e+02 6.1510400391e+02 6.1481500244e+02 6.1380499268e+02 6.1301599121e+02 6.1267199707e+02 6.1226702881e+02 6.1157702637e+02 6.1087097168e+02 6.1012500000e+02 6.0951501465e+02 6.0884497070e+02 6.0804699707e+02 6.0744598389e+02 6.0664001465e+02 6.0596197510e+02 6.0546600342e+02 6.0510400391e+02 6.0480401611e+02 6.0452001953e+02 6.0436102295e+02 6.0425402832e+02 6.0413897705e+02 6.0408197021e+02 6.0407000732e+02 6.0408099365e+02 6.0408197021e+02 6.0408001709e+02 6.0407897949e+02 6.0407299805e+02 6.0406500244e+02 6.0406500244e+02 6.0406597900e+02 6.0406500244e+02 6.0408099365e+02 6.0409197998e+02 6.0410198975e+02
6.1771899414e+02 6.1746899414e+02 6.1716497803e+02 6.1683898926e+02 6.1661602783e+02 6.1634899902e+02 6.1597497559e+02 6.1574102783e+02 6.1548400879e+02 6.1535699463e+02 6.1529101563e+02 6.1484899902e+02 6.1383697510e+02 6.1303900146e+02 6.1260900879e+02 6.1212701416e+02 6.1143902588e+02 6.1082397461e+02 6.1019500732e+02 6.0967102051e+02 6.0900500488e+02 6.0807598877e+02 6.0723797607e+02 6.0659600830e+02 6.0598498535e+02 6.0549401855e+02 6.0501800537e+02 6.0465100098e+02 6.0440002441e+02 6.0432397461e+02 6.0427899170e+02 6.0417199707e+02 6.0408898926e+02 6.0407299805e+02 6.0407501221e+02 6.0407897949e+02 6.0407702637e+02 6.0407397461e+02 6.0407000732e+02 6.0406701660e+02 6.0406500244e+02 6.0406402588e+02 6.0405700684e+02 6.0405999756e+02 6.0407800293e+02 6.0413800049e+02
6.1761199951e+02 6.1735601807e+02 6.1702099609e+02 6.1667199707e+02 6.1641998291e+02 6.1617297363e+02 6.1587597656e+02 6.1563598633e+02 6.1541601563e+02 6.1546197510e+02 6.1545501709e+02 6.1458502197e+02 6.1353601074e+02 6.1300000000e+02 6.1257098389e+02 6.1197497559e+02 6.1132800293e+02 6.1077502441e+02 6.1017199707e+02 6.0963500977e+02 6.0906402588e+02 6.0821801758e+02 6.0737902832e+02 6.0655200195e+02 6.0590802002e+02 6.0549401855e+02 6.0506201172e+02 6.0468298340e+02 6.0446398926e+02 6.0440301514e+02 6.0436700439e+02 6.0425097656e+02 6.0415197754e+02 6.0413299561e+02 6.0408502197e+02 6.0406799316e+02 6.0406896973e+02 6.0407202148e+02 6.0406896973e+02 6.0406097412e+02 6.0406201172e+02 6.0406799316e+02 6.0407299805e+02 6.0405999756e+02 6.0404199219e+02 6.0409997559e+02
6.1739398193e+02 6.1713702393e+02 6.1680102539e+02 6.1646801758e+02 6.1620697021e+02 6.1595599365e+02 6.1571301270e+02 6.1544396973e+02 6.1519799805e+02 6.1518103027e+02 6.1501501465e+02 6.1416802979e+02 6.1345397949e+02 6.1302502441e+02 6.1239599609e+02 6.1175299072e+02 6.1121801758e+02 6.1069000244e+02 6.1009002686e+02 6.0956597900e+02 6.0909600830e+02 6.0847100830e+02 6.0777600098e+02 6.0672497559e+02 6.0588201904e+02 6.0539697266e+02 6.0498101807e+02 6.0456097412e+02 6.0434100342e+02 6.0437298584e+02 6.0444000244e+02 6.0433398438e+02 6.0423602295e+02 6.0421301270e+02 6.0412200928e+02 6.0407800293e+02 6.0406597900e+02 6.0406402588e+02 6.0406799316e+02 6.0406500244e+02 6.0407000732e+02 6.0407800293e+02 6.0408801270e+02 6.0408001709e+02 6.0405902100e+02 6.0412298584e+02
6.1716302490e+02 6.1689898682e+02 6.1659301758e+02 6.1630902100e+02 6.1604699707e+02 6.1578698730e+02 6.1556701660e+02 6.1531201172e+02 6.1498498535e+02 6.1471801758e+02 6.1436798096e+02 6.1392901611e+02 6.1356896973e+02 6.1304699707e+02 6.1225299072e+02 6.1166198730e+02 6.1120800781e+02 6.1065802002e+02 6.1001702881e+02 6.0952301025e+02 6.0904199219e+02 6.0848400879e+02 6.0797100830e+02 6.0690698242e+02 6.0590197754e+02 6.0526098633e+02 6.0480798340e+02 6.0434600830e+02 6.0414099121e+02 6.0425402832e+02 6.0441802979e+02 6.0439898682e+02 6.0434399414e+02 6.0430700684e+02 6.0418597412e+02 6.0412200928e+02 6.0408801270e+02 6.0406896973e+02 6.0407202148e+02 6.0407501221e+02 6.0407702637e+02 6.0408197021e+02 6.0409100342e+02 6.0409600830e+02 6.0407299805e+02 6.0413098145e+02
