TESTSERVER/8/3.asc
NCOLS 100
NROWS 100
XLLCORNER 7.8997500000e+03
YLLCORNER 2.8980025000e+05
CELLSIZE 5.0000000000e-01
NODATA_VALUE -9.9990000000e+03
[rows 40 to 59 of 100, columns 46 to 91 of 100]
6.0900897217e+02 6.0899102783e+02 6.0884899902e+02 6.0871099854e+02 6.0864599609e+02 6.0863897705e+02 6.0862799072e+02 6.0857501221e+02 6.0849902344e+02 6.0846600342e+02 6.0847497559e+02 6.0849102783e+02 6.0850097656e+02 6.0856201172e+02 6.0863299561e+02 6.0870800781e+02 6.0879199219e+02 6.0892999268e+02 6.0905297852e+02 6.0913397217e+02 6.0920697021e+02 6.0930999756e+02 6.0948498535e+02 6.0968798828e+02 6.0986700439e+02 6.0998699951e+02 6.1019702148e+02 6.1046301270e+02 6.1066601563e+02 6.1086999512e+02 6.1112402344e+02 6.1137597656e+02 6.1159197998e+02 6.1184301758e+02 6.1208197021e+02 6.1227600098e+02 6.1242700195e+02 6.1257098389e+02 6.1270098877e+02 6.1285601807e+02 6.1304199219e+02 6.1334197998e+02 6.1363897705e+02 6.1391101074e+02 6.1415502930e+02 6.1446697998e+02
6.0889001465e+02 6.0890600586e+02 6.0875799561e+02 6.0859100342e+02 6.0854302979e+02 6.0852801514e+02 6.0852697754e+02 6.0848498535e+02 6.0842297363e+02 6.0840002441e+02 6.0842901611e+02 6.0844396973e+02 6.0844799805e+02 6.0852099609e+02 6.0860498047e+02 6.0869201660e+02 6.0878900146e+02 6.0890698242e+02 6.0901300049e+02 6.0910400391e+02 6.0919097900e+02 6.0929602051e+02 6.0949499512e+02 6.0969702148e+02 6.0987500000e+02 6.0999597168e+02 6.1019097900e+02 6.1046899414e+02 6.1069500732e+02 6.1091998291e+02 6.1117401123e+02 6.1141101074e+02 6.1161798096e+02 6.1186199951e+02 6.1210900879e+02 6.1232501221e+02 6.1248901367e+02 6.1262402344e+02 6.1277001953e+02 6.1295001221e+02 6.1313800049e+02 6.1342199707e+02 6.1371899414e+02 6.1398400879e+02 6.1421099854e+02 6.1450701904e+02
6.0865802002e+02 6.0869299316e+02 6.0859197998e+02 6.0849597168e+02 6.0848699951e+02 6.0846997070e+02 6.0844897461e+02 6.0841802979e+02 6.0837298584e+02 6.0837200928e+02 6.0840899658e+02 6.0841497803e+02 6.0841699219e+02 6.0849499512e+02 6.0858099365e+02 6.0866101074e+02 6.0877197266e+02 6.0888098145e+02 6.0896502686e+02 6.0906701660e+02 6.0915997314e+02 6.0929400635e+02 6.0950897217e+02 6.0969000244e+02 6.0986102295e+02 6.1001599121e+02 6.1020202637e+02 6.1046899414e+02 6.1073901367e+02 6.1097302246e+02 6.1122302246e+02 6.1145300293e+02 6.1164398193e+02 6.1186999512e+02 6.1211297607e+02 6.1233099365e+02 6.1250897217e+02 6.1267602539e+02 6.1284698486e+02 6.1304101563e+02 6.1323199463e+02 6.1349902344e+02 6.1379498291e+02 6.1406097412e+02 6.1427899170e+02 6.1454302979e+02
6.0846398926e+02 6.0846197510e+02 6.0844097900e+02 6.0844396973e+02 6.0845397949e+02 6.0843200684e+02 6.0839501953e+02 6.0836602783e+02 6.0832800293e+02 6.0832598877e+02 6.0835601807e+02 6.0836199951e+02 6.0839099121e+02 6.0847601318e+02 6.0855102539e+02 6.0862402344e+02 6.0874798584e+02 6.0885797119e+02 6.0893902588e+02 6.0903399658e+02 6.0911602783e+02 6.0929498291e+02 6.0952001953e+02 6.0966601563e+02 6.0982098389e+02 6.1002398682e+02 6.1024298096e+02 6.1050598145e+02 6.1076800537e+02 6.1099102783e+02 6.1126397705e+02 6.1150500488e+02 6.1165802002e+02 6.1184997559e+02 6.1208099365e+02 6.1230297852e+02 6.1250201416e+02 6.1272302246e+02 6.1291699219e+02 6.1310699463e+02 6.1330401611e+02 6.1357397461e+02 6.1388000488e+02 6.1415399170e+02 6.1437200928e+02 6.1460198975e+02
6.0837097168e+02 6.0838897705e+02 6.0844396973e+02 6.0846197510e+02 6.0839001465e+02 6.0834600830e+02 6.0832397461e+02 6.0829797363e+02 6.0826098633e+02 6.0828497314e+02 6.0830603027e+02 6.0831097412e+02 6.0836401367e+02 6.0844799805e+02 6.0853002930e+02 6.0862298584e+02 6.0873999023e+02 6.0884301758e+02 6.0894097900e+02 6.0901599121e+02 6.0908599854e+02 6.0930401611e+02 6.0951898193e+02 6.0963800049e+02 6.0976800537e+02 6.1003100586e+02 6.1028399658e+02 6.1053997803e+02 6.1078302002e+02 6.1099700928e+02 6.1127600098e+02 6.1148699951e+02 6.1162200928e+02 6.1180297852e+02 6.1203302002e+02 6.1227899170e+02 6.1252099609e+02 6.1276501465e+02 6.1296997070e+02 6.1315100098e+02 6.1334600830e+02 6.1364801025e+02 6.1396502686e+02 6.1425201416e+02 6.1448297119e+02 6.1469299316e+02
6.0833697510e+02 6.0843701172e+02 6.0855200195e+02 6.0851800537e+02 6.0840698242e+02 6.0829797363e+02 6.0827600098e+02 6.0824700928e+02 6.0821398926e+02 6.0825500488e+02 6.0826898193e+02 6.0827001953e+02 6.0836499023e+02 6.0844799805e+02 6.0851702881e+02 6.0861602783e+02 6.0873602295e+02 6.0884197998e+02 6.0893902588e+02 6.0899700928e+02 6.0908099365e+02 6.0929602051e+02 6.0951501465e+02 6.0966802979e+02 6.0981896973e+02 6.1003399658e+02 6.1025201416e+02 6.1051300049e+02 6.1073602295e+02 6.1098901367e+02 6.1123400879e+02 6.1137500000e+02 6.1153601074e+02 6.1175598145e+02 6.1197302246e+02 6.1223999023e+02 6.1252099609e+02 6.1276702881e+02 6.1298297119e+02 6.1319500732e+02 6.1342797852e+02 6.1370697021e+02 6.1399902344e+02 6.1427600098e+02 6.1452001953e+02 6.1472497559e+02
6.0830999756e+02 6.0849499512e+02 6.0870202637e+02 6.0865899658e+02 6.0847601318e+02 6.0830102539e+02 6.0823101807e+02 6.0819396973e+02 6.0817901611e+02 6.0820898438e+02 6.0821899414e+02 6.0823602295e+02 6.0833697510e+02 6.0844097900e+02 6.0851800537e+02 6.0862298584e+02 6.0873699951e+02 6.0883001709e+02 6.0891802979e+02 6.0898101807e+02 6.0908197021e+02 6.0928802490e+02 6.0950799561e+02 6.0970202637e+02 6.0987902832e+02 6.1002899170e+02 6.1021899414e+02 6.1047900391e+02 6.1068902588e+02 6.1097100830e+02 6.1115997314e+02 6.1128100586e+02 6.1146801758e+02 6.1170397949e+02 6.1192602539e+02 6.1221398926e+02 6.1252001953e+02 6.1278802490e+02 6.1300598145e+02 6.1323297119e+02 6.1347601318e+02 6.1373297119e+02 6.1400000000e+02 6.1426098633e+02 6.1450402832e+02 6.1469598389e+02
6.0822998047e+02 6.0844396973e+02 6.0865899658e+02 6.0859002686e+02 6.0840698242e+02 6.0824401855e+02 6.0816302490e+02 6.0812902832e+02 6.0813397217e+02 6.0815399170e+02 6.0817700195e+02 6.0822802734e+02 6.0833801270e+02 6.0842901611e+02 6.0852099609e+02 6.0863000488e+02 6.0872900391e+02 6.0881597900e+02 6.0889398193e+02 6.0898101807e+02 6.0911199951e+02 6.0931701660e+02 6.0952001953e+02 6.0972698975e+02 6.0990899658e+02 6.1003900146e+02 6.1023999023e+02 6.1048602295e+02 6.1067297363e+02 6.1095300293e+02 6.1111999512e+02 6.1127197266e+02 6.1145501709e+02 6.1166601563e+02 6.1193499756e+02 6.1224102783e+02 6.1251000977e+02 6.1280200195e+02 6.1302697754e+02 6.1325097656e+02 6.1348699951e+02 6.1373901367e+02 6.1398999023e+02 6.1423498535e+02 6.1446899414e+02 6.1467602539e+02
6.0819097900e+02 6.0834399414e+02 6.0842700195e+02 6.0835302734e+02 6.0828900146e+02 6.0816802979e+02 6.0810198975e+02 6.0807598877e+02 6.0808398438e+02 6.0810699463e+02 6.0814001465e+02 6.0821002197e+02 6.0833697510e+02 6.0841400146e+02 6.0854602051e+02 6.0867901611e+02 6.0871997070e+02 6.0880200195e+02 6.0889099121e+02 6.0899200439e+02 6.0913800049e+02 6.0932702637e+02 6.0952600098e+02 6.0973400879e+02 6.0988598633e+02 6.1005297852e+02 6.1029302979e+02 6.1052502441e+02 6.1066699219e+02 6.1090197754e+02 6.1108099365e+02 6.1129101563e+02 6.1146600342e+02 6.1167401123e+02 6.1199298096e+02 6.1229101563e+02 6.1249798584e+02 6.1279199219e+02 6.1305401611e+02 6.1328802490e+02 6.1348602295e+02 6.1374298096e+02 6.1399499512e+02 6.1423400879e+02 6.1447802734e+02 6.1472900391e+02
6.0814300537e+02 6.0819500732e+02 6.0827197266e+02 6.0826397705e+02 6.0819000244e+02 6.0811901855e+02 6.0805798340e+02 6.0803302002e+02 6.0804199219e+02 6.0806799316e+02 6.0810601807e+02 6.0821002197e+02 6.0835998535e+02 6.0842102051e+02 6.0852697754e+02 6.0865698242e+02 6.0872900391e+02 6.0881701660e+02 6.0889300537e+02 6.0897399902e+02 6.0915899658e+02 6.0936102295e+02 6.0954602051e+02 6.0974499512e+02 6.0989001465e+02 6.1006701660e+02 6.1028002930e+02 6.1053601074e+02 6.1074499512e+02 6.1092797852e+02 6.1111401367e+02 6.1135699463e+02 6.1154498291e+02 6.1177697754e+02 6.1208001709e+02 6.1232598877e+02 6.1253900146e+02 6.1282501221e+02 6.1311401367e+02 6.1335699463e+02 6.1352697754e+02 6.1375201416e+02 6.1400299072e+02 6.1425701904e+02 6.1452301025e+02 6.1480798340e+02
6.0806896973e+02 6.0807598877e+02 6.0813500977e+02 6.0815002441e+02 6.0808398438e+02 6.0804400635e+02 6.0800402832e+02 6.0800598145e+02 6.0801397705e+02 6.0804101563e+02 6.0809197998e+02 6.0821301270e+02 6.0836297607e+02 6.0844097900e+02 6.0852197266e+02 6.0862701416e+02 6.0872900391e+02 6.0882397461e+02 6.0889898682e+02 6.0899597168e+02 6.0922100830e+02 6.0939801025e+02 6.0955902100e+02 6.0974298096e+02 6.0992498779e+02 6.1013897705e+02 6.1030999756e+02 6.1055999756e+02 6.1081201172e+02 6.1101000977e+02 6.1122302246e+02 6.1146697998e+02 6.1166198730e+02 6.1188397217e+02 6.1215301514e+02 6.1240100098e+02 6.1265502930e+02 6.1291998291e+02 6.1317901611e+02 6.1338800049e+02 6.1355999756e+02 6.1378198242e+02 6.1402197266e+02 6.1427398682e+02 6.1454400635e+02 6.1484600830e+02
6.0799401855e+02 6.0802697754e+02 6.0806799316e+02 6.0807000732e+02 6.0802697754e+02 6.0800201416e+02 6.0796600342e+02 6.0798297119e+02 6.0800201416e+02 6.0802801514e+02 6.0808502197e+02 6.0820202637e+02 6.0833599854e+02 6.0844097900e+02 6.0853900146e+02 6.0865002441e+02 6.0876702881e+02 6.0885797119e+02 6.0895397949e+02 6.0908300781e+02 6.0930102539e+02 6.0944299316e+02 6.0958197021e+02 6.0973199463e+02 6.0992102051e+02 6.1013098145e+02 6.1032501221e+02 6.1057702637e+02 6.1081896973e+02 6.1105401611e+02 6.1130102539e+02 6.1154302979e+02 6.1176599121e+02 6.1198498535e+02 6.1223999023e+02 6.1249700928e+02 6.1275500488e+02 6.1300000000e+02 6.1324200439e+02 6.1341802979e+02 6.1358398438e+02 6.1381896973e+02 6.1405200195e+02 6.1429797363e+02 6.1457598877e+02 6.1489001465e+02
6.0795202637e+02 6.0797698975e+02 6.0800598145e+02 6.0801300049e+02 6.0797998047e+02 6.0794500732e+02 6.0791198730e+02 6.0794299316e+02 6.0799700928e+02 6.0803900146e+02 6.0811798096e+02 6.0823797607e+02 6.0834399414e+02 6.0845501709e+02 6.0857598877e+02 6.0868499756e+02 6.0879699707e+02 6.0893798828e+02 6.0907000732e+02 6.0919500732e+02 6.0932098389e+02 6.0946502686e+02 6.0960198975e+02 6.0971899414e+02 6.0990600586e+02 6.1011199951e+02 6.1036999512e+02 6.1064398193e+02 6.1087500000e+02 6.1108099365e+02 6.1130603027e+02 6.1155603027e+02 6.1182702637e+02 6.1208697510e+02 6.1236297607e+02 6.1260601807e+02 6.1282800293e+02 6.1308001709e+02 6.1332000732e+02 6.1346697998e+02 6.1359802246e+02 6.1384002686e+02 6.1408099365e+02 6.1433697510e+02 6.1464801025e+02 6.1494702148e+02
6.0791802979e+02 6.0794598389e+02 6.0796398926e+02 6.0797302246e+02 6.0792999268e+02 6.0790197754e+02 6.0788201904e+02 6.0791998291e+02 6.0796899414e+02 6.0804199219e+02 6.0813201904e+02 6.0823999023e+02 6.0835198975e+02 6.0848101807e+02 6.0861297607e+02 6.0874200439e+02 6.0886901855e+02 6.0898498535e+02 6.0913299561e+02 6.0923400879e+02 6.0930700684e+02 6.0943103027e+02 6.0957800293e+02 6.0969396973e+02 6.0989300537e+02 6.1011798096e+02 6.1041198730e+02 6.1070098877e+02 6.1094201660e+02 6.1114300537e+02 6.1135601807e+02 6.1163299561e+02 6.1190002441e+02 6.1213800049e+02 6.1244097900e+02 6.1270898438e+02 6.1291400146e+02 6.1316497803e+02 6.1337597656e+02 6.1352398682e+02 6.1368200684e+02 6.1388702393e+02 6.1410400391e+02 6.1435998535e+02 6.1469396973e+02 6.1499597168e+02
6.0792602539e+02 6.0795599365e+02 6.0794299316e+02 6.0792602539e+02 6.0790002441e+02 6.0789801025e+02 6.0787097168e+02 6.0790802002e+02 6.0795397949e+02 6.0804101563e+02 6.0812200928e+02 6.0820397949e+02 6.0833300781e+02 6.0847399902e+02 6.0861999512e+02 6.0876098633e+02 6.0890100098e+02 6.0899401855e+02 6.0912200928e+02 6.0921002197e+02 6.0927197266e+02 6.0935498047e+02 6.0949499512e+02 6.0965502930e+02 6.0989001465e+02 6.1015899658e+02 6.1043902588e+02 6.1070697021e+02 6.1096899414e+02 6.1117700195e+02 6.1141400146e+02 6.1172698975e+02 6.1198498535e+02 6.1222497559e+02 6.1252099609e+02 6.1279400635e+02 6.1298498535e+02 6.1321099854e+02 6.1339501953e+02 6.1355102539e+02 6.1373199463e+02 6.1391400146e+02 6.1411297607e+02 6.1435400391e+02 6.1467199707e+02 6.1498400879e+02
6.0792700195e+02 6.0793597412e+02 6.0789501953e+02 6.0786199951e+02 6.0783398438e+02 6.0785101318e+02 6.0783801270e+02 6.0788500977e+02 6.0795098877e+02 6.0804998779e+02 6.0812298584e+02 6.0817401123e+02 6.0828302002e+02 6.0843200684e+02 6.0860998535e+02 6.0878698730e+02 6.0893499756e+02 6.0899597168e+02 6.0909197998e+02 6.0916998291e+02 6.0923498535e+02 6.0930700684e+02 6.0942999268e+02 6.0962298584e+02 6.0987402344e+02 6.1015802002e+02 6.1041802979e+02 6.1066900635e+02 6.1094097900e+02 6.1115997314e+02 6.1143499756e+02 6.1177899170e+02 6.1204998779e+02 6.1232000732e+02 6.1258599854e+02 6.1283300781e+02 6.1301098633e+02 6.1319897461e+02 6.1339099121e+02 6.1355603027e+02 6.1373199463e+02 6.1391998291e+02 6.1411901855e+02 6.1434399414e+02 6.1462902832e+02 6.1496899414e+02
6.0782897949e+02 6.0784997559e+02 6.0782598877e+02 6.0778497314e+02 6.0776300049e+02 6.0778399658e+02 6.0781201172e+02 6.0788500977e+02 6.0799102783e+02 6.0805902100e+02 6.0809497070e+02 6.0814801025e+02 6.0822399902e+02 6.0838598633e+02 6.0858898926e+02 6.0877001953e+02 6.0890002441e+02 6.0896502686e+02 6.0904400635e+02 6.0913000488e+02 6.0920599365e+02 6.0927801514e+02 6.0939099121e+02 6.0960198975e+02 6.0986602783e+02 6.1012200928e+02 6.1038201904e+02 6.1063500977e+02 6.1089001465e+02 6.1116198730e+02 6.1146301270e+02 6.1179302979e+02 6.1209497070e+02 6.1237500000e+02 6.1262500000e+02 6.1284399414e+02 6.1302899170e+02 6.1320599365e+02 6.1339300537e+02 6.1354400635e+02 6.1370001221e+02 6.1393200684e+02 6.1414599609e+02 6.1436700439e+02 6.1464801025e+02 6.1500097656e+02
6.0776599121e+02 6.0779199219e+02 6.0777099609e+02 6.0771997070e+02 6.0774200439e+02 6.0774798584e+02 6.0779400635e+02 6.0787200928e+02 6.0798101807e+02 6.0802600098e+02 6.0804699707e+02 6.0811297607e+02 6.0818402100e+02 6.0833001709e+02 6.0853698730e+02 6.0870697021e+02 6.0884899902e+02 6.0894201660e+02 6.0900897217e+02 6.0909197998e+02 6.0916497803e+02 6.0925097656e+02 6.0938702393e+02 6.0959802246e+02 6.0982702637e+02 6.1009399414e+02 6.1035498047e+02 6.1062500000e+02 6.1090502930e+02 6.1117498779e+02 6.1148999023e+02 6.1181402588e+02 6.1209197998e+02 6.1240197754e+02 6.1265197754e+02 6.1285302734e+02 6.1302001953e+02 6.1320697021e+02 6.1338098145e+02 6.1354199219e+02 6.1375598145e+02 6.1399902344e+02 6.1420397949e+02 6.1441900635e+02 6.1470697021e+02 6.1505401611e+02
6.0772399902e+02 6.0772802734e+02 6.0771899414e+02 6.0770300293e+02 6.0772601318e+02 6.0773602295e+02 6.0778002930e+02 6.0783898926e+02 6.0792498779e+02 6.0792401123e+02 6.0796002197e+02 6.0806201172e+02 6.0815197754e+02 6.0829498291e+02 6.0846697998e+02 6.0860998535e+02 6.0876397705e+02 6.0889099121e+02 6.0897802734e+02 6.0906402588e+02 6.0915197754e+02 6.0925201416e+02 6.0939501953e+02 6.0959698486e+02 6.0983300781e+02 6.1009600830e+02 6.1036499023e+02 6.1065502930e+02 6.1094201660e+02 6.1121398926e+02 6.1151702881e+02 6.1182501221e+02 6.1209301758e+02 6.1240600586e+02 6.1264001465e+02 6.1283801270e+02 6.1300299072e+02 6.1319702148e+02 6.1339202881e+02 6.1359802246e+02 6.1387402344e+02 6.1408502197e+02 6.1426501465e+02 6.1447601318e+02 6.1476800537e+02 6.1509698486e+02
6.0765802002e+02 6.0766400146e+02 6.0767498779e+02 6.0766101074e+02 6.0766998291e+02 6.0769702148e+02 6.0774200439e+02 6.0780798340e+02 6.0788897705e+02 6.0787799072e+02 6.0792498779e+02 6.0802697754e+02 6.0812200928e+02 6.0825201416e+02 6.0839099121e+02 6.0852197266e+02 6.0867999268e+02 6.0884002686e+02 6.0897698975e+02 6.0908001709e+02 6.0915899658e+02 6.0926000977e+02 6.0940301514e+02 6.0960400391e+02 6.0988299561e+02 6.1012701416e+02 6.1041198730e+02 6.1070898438e+02 6.1097900391e+02 6.1123498535e+02 6.1151599121e+02 6.1179498291e+02 6.1205999756e+02 6.1234100342e+02 6.1257000732e+02 6.1278601074e+02 6.1297399902e+02 6.1318701172e+02 6.1342401123e+02 6.1367700195e+02 6.1398199463e+02 6.1415502930e+02 6.1431298828e+02 6.1452502441e+02 6.1481500244e+02 6.1511700439e+02
