TESTSERVER/8/3.asc
NCOLS 100
NROWS 100
XLLCORNER 7.8997500000e+03
YLLCORNER 2.8980025000e+05
CELLSIZE 5.0000000000e-01
NODATA_VALUE -9.9990000000e+03
[rows 0 to 19 of 100, columns 0 to 45 of 100]
6.1081402588e+02 6.1053900146e+02 6.1028198242e+02 6.1006597900e+02 6.0987097168e+02 6.0966998291e+02 6.0940502930e+02 6.0907702637e+02 6.0871502686e+02 6.0832000732e+02 6.0789202881e+02 6.0747198486e+02 6.0713098145e+02 6.0681896973e+02 6.0642498779e+02 6.0568200684e+02 6.0495202637e+02 6.0444000244e+02 6.0395300293e+02 6.0344500732e+02 6.0308801270e+02 6.0296398926e+02 6.0289801025e+02 6.0278100586e+02 6.0273797607e+02 6.0273400879e+02 6.0274200439e+02 6.0273101807e+02 6.0276702881e+02 6.0286999512e+02 6.0302502441e+02 6.0315899658e+02 6.0347900391e+02 6.0398901367e+02 6.0454302979e+02 6.0493798828e+02 6.0519799805e+02 6.0547497559e+02 6.0580401611e+02 6.0626599121e+02 6.0671502686e+02 6.0704699707e+02 6.0722198486e+02 6.0731298828e+02 6.0755102539e+02 6.0795898438e+02
6.1056298828e+02 6.1034399414e+02 6.1011999512e+02 6.0989300537e+02 6.0968701172e+02 6.0947601318e+02 6.0923498535e+02 6.0891198730e+02 6.0851800537e+02 6.0810101318e+02 6.0767602539e+02 6.0727697754e+02 6.0694702148e+02 6.0659497070e+02 6.0618103027e+02 6.0545300293e+02 6.0479602051e+02 6.0428302002e+02 6.0376501465e+02 6.0337298584e+02 6.0303399658e+02 6.0283502197e+02 6.0280798340e+02 6.0277697754e+02 6.0275701904e+02 6.0275097656e+02 6.0274597168e+02 6.0273901367e+02 6.0276599121e+02 6.0285797119e+02 6.0302301025e+02 6.0316699219e+02 6.0345202637e+02 6.0389801025e+02 6.0443200684e+02 6.0487500000e+02 6.0521197510e+02 6.0553198242e+02 6.0594396973e+02 6.0652899170e+02 6.0702697754e+02 6.0735198975e+02 6.0745098877e+02 6.0756298828e+02 6.0780499268e+02 6.0817602539e+02
6.1034997559e+02 6.1017700195e+02 6.0997900391e+02 6.0973901367e+02 6.0949499512e+02 6.0924902344e+02 6.0901397705e+02 6.0870599365e+02 6.0829302979e+02 6.0786297607e+02 6.0746997070e+02 6.0711798096e+02 6.0675897217e+02 6.0639099121e+02 6.0600201416e+02 6.0529101563e+02 6.0468499756e+02 6.0420697021e+02 6.0374200439e+02 6.0335400391e+02 6.0301000977e+02 6.0278100586e+02 6.0275799561e+02 6.0276898193e+02 6.0276800537e+02 6.0275897217e+02 6.0274700928e+02 6.0273498535e+02 6.0274700928e+02 6.0281896973e+02 6.0296600342e+02 6.0314099121e+02 6.0345898438e+02 6.0390301514e+02 6.0438897705e+02 6.0484899902e+02 6.0524700928e+02 6.0559399414e+02 6.0600097656e+02 6.0656597900e+02 6.0706799316e+02 6.0742102051e+02 6.0759802246e+02 6.0781201172e+02 6.0808001709e+02 6.0840301514e+02
6.1017901611e+02 6.1002801514e+02 6.0985101318e+02 6.0959997559e+02 6.0929901123e+02 6.0898901367e+02 6.0872399902e+02 6.0843798828e+02 6.0803198242e+02 6.0760699463e+02 6.0727697754e+02 6.0695098877e+02 6.0652600098e+02 6.0615100098e+02 6.0583502197e+02 6.0509997559e+02 6.0454699707e+02 6.0415002441e+02 6.0375500488e+02 6.0332501221e+02 6.0298400879e+02 6.0276000977e+02 6.0272399902e+02 6.0276501465e+02 6.0277001953e+02 6.0275799561e+02 6.0274597168e+02 6.0273101807e+02 6.0272497559e+02 6.0276898193e+02 6.0287701416e+02 6.0310302734e+02 6.0349102783e+02 6.0396899414e+02 6.0443597412e+02 6.0489398193e+02 6.0529998779e+02 6.0561700439e+02 6.0597198486e+02 6.0647802734e+02 6.0696002197e+02 6.0735101318e+02 6.0766400146e+02 6.0800299072e+02 6.0829797363e+02 6.0857800293e+02
6.1006500244e+02 6.0990600586e+02 6.0971899414e+02 6.0946697998e+02 6.0911199951e+02 6.0871801758e+02 6.0836602783e+02 6.0808197021e+02 6.0772497559e+02 6.0733801270e+02 6.0702398682e+02 6.0659899902e+02 6.0605401611e+02 6.0568200684e+02 6.0546801758e+02 6.0476800537e+02 6.0425500488e+02 6.0389599609e+02 6.0355499268e+02 6.0331298828e+02 6.0309899902e+02 6.0280499268e+02 6.0265600586e+02 6.0275000000e+02 6.0274700928e+02 6.0274102783e+02 6.0274700928e+02 6.0273297119e+02 6.0272302246e+02 6.0273999023e+02 6.0280401611e+02 6.0306298828e+02 6.0350799561e+02 6.0403698730e+02 6.0454199219e+02 6.0496197510e+02 6.0530902100e+02 6.0558398438e+02 6.0593597412e+02 6.0637799072e+02 6.0682000732e+02 6.0723199463e+02 6.0756896973e+02 6.0797198486e+02 6.0832000732e+02 6.0862402344e+02
6.0997198486e+02 6.0981298828e+02 6.0962799072e+02 6.0933099365e+02 6.0891900635e+02 6.0846899414e+02 6.0805999756e+02 6.0776501465e+02 6.0743499756e+02 6.0700402832e+02 6.0655999756e+02 6.0597802734e+02 6.0533300781e+02 6.0494598389e+02 6.0479602051e+02 6.0437402344e+02 6.0392700195e+02 6.0349798584e+02 6.0330798340e+02 6.0329498291e+02 6.0321301270e+02 6.0293499756e+02 6.0277502441e+02 6.0278002930e+02 6.0273101807e+02 6.0271099854e+02 6.0273602295e+02 6.0273101807e+02 6.0272399902e+02 6.0272998047e+02 6.0276300049e+02 6.0297302246e+02 6.0342102051e+02 6.0401000977e+02 6.0459301758e+02 6.0503100586e+02 6.0533300781e+02 6.0561401367e+02 6.0597198486e+02 6.0636602783e+02 6.0673297119e+02 6.0708599854e+02 6.0742700195e+02 6.0780297852e+02 6.0822198486e+02 6.0860400391e+02
6.0986199951e+02 6.0971099854e+02 6.0953399658e+02 6.0922100830e+02 6.0877001953e+02 6.0829199219e+02 6.0786700439e+02 6.0755297852e+02 6.0714898682e+02 6.0657202148e+02 6.0594500732e+02 6.0537597656e+02 6.0487597656e+02 6.0455499268e+02 6.0436297607e+02 6.0402502441e+02 6.0358001709e+02 6.0317102051e+02 6.0301098633e+02 6.0304498291e+02 6.0306500244e+02 6.0295800781e+02 6.0287597656e+02 6.0284600830e+02 6.0277001953e+02 6.0271801758e+02 6.0272998047e+02 6.0273498535e+02 6.0272900391e+02 6.0273199463e+02 6.0274499512e+02 6.0295098877e+02 6.0343597412e+02 6.0405999756e+02 6.0466302490e+02 6.0510302734e+02 6.0540502930e+02 6.0570300293e+02 6.0605499268e+02 6.0636401367e+02 6.0665301514e+02 6.0693798828e+02 6.0724401855e+02 6.0769000244e+02 6.0817102051e+02 6.0860400391e+02
6.0975299072e+02 6.0959802246e+02 6.0942102051e+02 6.0911901855e+02 6.0865301514e+02 6.0815899658e+02 6.0774499512e+02 6.0742297363e+02 6.0694201660e+02 6.0623297119e+02 6.0546398926e+02 6.0498101807e+02 6.0464501953e+02 6.0436999512e+02 6.0412500000e+02 6.0380102539e+02 6.0338397217e+02 6.0304699707e+02 6.0283398438e+02 6.0277697754e+02 6.0271600342e+02 6.0267700195e+02 6.0273797607e+02 6.0279302979e+02 6.0277899170e+02 6.0274597168e+02 6.0274102783e+02 6.0274798584e+02 6.0274597168e+02 6.0275201416e+02 6.0275897217e+02 6.0302502441e+02 6.0356201172e+02 6.0417797852e+02 6.0471002197e+02 6.0511297607e+02 6.0543103027e+02 6.0576599121e+02 6.0611798096e+02 6.0635998535e+02 6.0659399414e+02 6.0682702637e+02 6.0711602783e+02 6.0764202881e+02 6.0817999268e+02 6.0866400146e+02
6.0967602539e+02 6.0949499512e+02 6.0926000977e+02 6.0897802734e+02 6.0851098633e+02 6.0799597168e+02 6.0760101318e+02 6.0729101563e+02 6.0682397461e+02 6.0614398193e+02 6.0533599854e+02 6.0484002686e+02 6.0449499512e+02 6.0418200684e+02 6.0382501221e+02 6.0354797363e+02 6.0316802979e+02 6.0290899658e+02 6.0274597168e+02 6.0252899170e+02 6.0232501221e+02 6.0223699951e+02 6.0235198975e+02 6.0256597900e+02 6.0270001221e+02 6.0276501465e+02 6.0279998779e+02 6.0276898193e+02 6.0275500488e+02 6.0275701904e+02 6.0277697754e+02 6.0318701172e+02 6.0379699707e+02 6.0430902100e+02 6.0468200684e+02 6.0505499268e+02 6.0537799072e+02 6.0576501465e+02 6.0612200928e+02 6.0636602783e+02 6.0657501221e+02 6.0679602051e+02 6.0714898682e+02 6.0775799561e+02 6.0834497070e+02 6.0882702637e+02
6.0959802246e+02 6.0938000488e+02 6.0907702637e+02 6.0872998047e+02 6.0827301025e+02 6.0778198242e+02 6.0736297607e+02 6.0695501709e+02 6.0657598877e+02 6.0615802002e+02 6.0559899902e+02 6.0492297363e+02 6.0440399170e+02 6.0408300781e+02 6.0374401855e+02 6.0339202881e+02 6.0289599609e+02 6.0259698486e+02 6.0248498535e+02 6.0234002686e+02 6.0220397949e+02 6.0208599854e+02 6.0213800049e+02 6.0230200195e+02 6.0244299316e+02 6.0256298828e+02 6.0267102051e+02 6.0272601318e+02 6.0274902344e+02 6.0281298828e+02 6.0286199951e+02 6.0341601563e+02 6.0411102295e+02 6.0445202637e+02 6.0469097900e+02 6.0501300049e+02 6.0533502197e+02 6.0573797607e+02 6.0611499023e+02 6.0639599609e+02 6.0658801270e+02 6.0683300781e+02 6.0729901123e+02 6.0802197266e+02 6.0857098389e+02 6.0892401123e+02
6.0950201416e+02 6.0924902344e+02 6.0888299561e+02 6.0845300293e+02 6.0801397705e+02 6.0759497070e+02 6.0722100830e+02 6.0677697754e+02 6.0635699463e+02 6.0603100586e+02 6.0570001221e+02 6.0515100098e+02 6.0461798096e+02 6.0414697266e+02 6.0367401123e+02 6.0327502441e+02 6.0276501465e+02 6.0243298340e+02 6.0231298828e+02 6.0225201416e+02 6.0218701172e+02 6.0209497070e+02 6.0206402588e+02 6.0212097168e+02 6.0221398926e+02 6.0233300781e+02 6.0249298096e+02 6.0259600830e+02 6.0267297363e+02 6.0281097412e+02 6.0293499756e+02 6.0356201172e+02 6.0422900391e+02 6.0451000977e+02 6.0474298096e+02 6.0507098389e+02 6.0541198730e+02 6.0580200195e+02 6.0617199707e+02 6.0644299316e+02 6.0663800049e+02 6.0692901611e+02 6.0747900391e+02 6.0821502686e+02 6.0872100830e+02 6.0901397705e+02
6.0938397217e+02 6.0909600830e+02 6.0870202637e+02 6.0822601318e+02 6.0777600098e+02 6.0738702393e+02 6.0704797363e+02 6.0661798096e+02 6.0614001465e+02 6.0579498291e+02 6.0553802490e+02 6.0514001465e+02 6.0463000488e+02 6.0405798340e+02 6.0346002197e+02 6.0302197266e+02 6.0261297607e+02 6.0236901855e+02 6.0228002930e+02 6.0221997070e+02 6.0214300537e+02 6.0208801270e+02 6.0206298828e+02 6.0203302002e+02 6.0206402588e+02 6.0214599609e+02 6.0229498291e+02 6.0240100098e+02 6.0251098633e+02 6.0270697021e+02 6.0298199463e+02 6.0364300537e+02 6.0421697998e+02 6.0448797607e+02 6.0480798340e+02 6.0516302490e+02 6.0552301025e+02 6.0591802979e+02 6.0627502441e+02 6.0650897217e+02 6.0672497559e+02 6.0708300781e+02 6.0771197510e+02 6.0841802979e+02 6.0887402344e+02 6.0911999512e+02
6.0923400879e+02 6.0891601563e+02 6.0852001953e+02 6.0803100586e+02 6.0753002930e+02 6.0707702637e+02 6.0666699219e+02 6.0630902100e+02 6.0589099121e+02 6.0556298828e+02 6.0533398438e+02 6.0489001465e+02 6.0423602295e+02 6.0372497559e+02 6.0316101074e+02 6.0278997803e+02 6.0254901123e+02 6.0235797119e+02 6.0222900391e+02 6.0219799805e+02 6.0212200928e+02 6.0206799316e+02 6.0206701660e+02 6.0205102539e+02 6.0204901123e+02 6.0208001709e+02 6.0214099121e+02 6.0219201660e+02 6.0233398438e+02 6.0257397461e+02 6.0303802490e+02 6.0350500488e+02 6.0394000244e+02 6.0432202148e+02 6.0478802490e+02 6.0517297363e+02 6.0554101563e+02 6.0596099854e+02 6.0633502197e+02 6.0658197021e+02 6.0687597656e+02 6.0732397461e+02 6.0794598389e+02 6.0860198975e+02 6.0901397705e+02 6.0923797607e+02
6.0904998779e+02 6.0870898438e+02 6.0830798340e+02 6.0783599854e+02 6.0733801270e+02 6.0684802246e+02 6.0640600586e+02 6.0598901367e+02 6.0564300537e+02 6.0538800049e+02 6.0515802002e+02 6.0443701172e+02 6.0350402832e+02 6.0297198486e+02 6.0264801025e+02 6.0242700195e+02 6.0229199219e+02 6.0218701172e+02 6.0214099121e+02 6.0214202881e+02 6.0211798096e+02 6.0209197998e+02 6.0207897949e+02 6.0207702637e+02 6.0208197021e+02 6.0209497070e+02 6.0207098389e+02 6.0208300781e+02 6.0224200439e+02 6.0251898193e+02 6.0285601807e+02 6.0320599365e+02 6.0359002686e+02 6.0407397461e+02 6.0466400146e+02 6.0510498047e+02 6.0555102539e+02 6.0601397705e+02 6.0640197754e+02 6.0666998291e+02 6.0700000000e+02 6.0745697021e+02 6.0806799316e+02 6.0869598389e+02 6.0909399414e+02 6.0931701660e+02
6.0884002686e+02 6.0846002197e+02 6.0806402588e+02 6.0762902832e+02 6.0714202881e+02 6.0663800049e+02 6.0615399170e+02 6.0572601318e+02 6.0543597412e+02 6.0521099854e+02 6.0489398193e+02 6.0397399902e+02 6.0299700928e+02 6.0254699707e+02 6.0246697998e+02 6.0233898926e+02 6.0220001221e+02 6.0209997559e+02 6.0208599854e+02 6.0210601807e+02 6.0209802246e+02 6.0208898926e+02 6.0208398438e+02 6.0207897949e+02 6.0207897949e+02 6.0208502197e+02 6.0204602051e+02 6.0202099609e+02 6.0215197754e+02 6.0240997314e+02 6.0275799561e+02 6.0310900879e+02 6.0352502441e+02 6.0405499268e+02 6.0463299561e+02 6.0507202148e+02 6.0558197021e+02 6.0608398438e+02 6.0645599365e+02 6.0671099854e+02 6.0705401611e+02 6.0752001953e+02 6.0813299561e+02 6.0874401855e+02 6.0914801025e+02 6.0938800049e+02
6.0861700439e+02 6.0819000244e+02 6.0777600098e+02 6.0734802246e+02 6.0687200928e+02 6.0636297607e+02 6.0585400391e+02 6.0542797852e+02 6.0516101074e+02 6.0491101074e+02 6.0447302246e+02 6.0374298096e+02 6.0312597656e+02 6.0275097656e+02 6.0250598145e+02 6.0229699707e+02 6.0214202881e+02 6.0207202148e+02 6.0207299805e+02 6.0208197021e+02 6.0208001709e+02 6.0207702637e+02 6.0208001709e+02 6.0208099365e+02 6.0208398438e+02 6.0208801270e+02 6.0206097412e+02 6.0202099609e+02 6.0209899902e+02 6.0229602051e+02 6.0262200928e+02 6.0300500488e+02 6.0347399902e+02 6.0405499268e+02 6.0459100342e+02 6.0502502441e+02 6.0559997559e+02 6.0614099121e+02 6.0648999023e+02 6.0673498535e+02 6.0709899902e+02 6.0758801270e+02 6.0821002197e+02 6.0880401611e+02 6.0921801758e+02 6.0947802734e+02
6.0840997314e+02 6.0792700195e+02 6.0742401123e+02 6.0698400879e+02 6.0651000977e+02 6.0600000000e+02 6.0548699951e+02 6.0510699463e+02 6.0482501221e+02 6.0450701904e+02 6.0405102539e+02 6.0351800537e+02 6.0315698242e+02 6.0286499023e+02 6.0251300049e+02 6.0218499756e+02 6.0205297852e+02 6.0206097412e+02 6.0209600830e+02 6.0207800293e+02 6.0206799316e+02 6.0206097412e+02 6.0206097412e+02 6.0207897949e+02 6.0209399414e+02 6.0210302734e+02 6.0211102295e+02 6.0206597900e+02 6.0205603027e+02 6.0216302490e+02 6.0228698730e+02 6.0260699463e+02 6.0317700195e+02 6.0384399414e+02 6.0437597656e+02 6.0497100830e+02 6.0562500000e+02 6.0617498779e+02 6.0649102783e+02 6.0677899170e+02 6.0720098877e+02 6.0774597168e+02 6.0840002441e+02 6.0895397949e+02 6.0936700439e+02 6.0961999512e+02
6.0823602295e+02 6.0769799805e+02 6.0717700195e+02 6.0670202637e+02 6.0617199707e+02 6.0561297607e+02 6.0513299561e+02 6.0483898926e+02 6.0459698486e+02 6.0424902344e+02 6.0379400635e+02 6.0320202637e+02 6.0284301758e+02 6.0269201660e+02 6.0245001221e+02 6.0216400146e+02 6.0204498291e+02 6.0205499268e+02 6.0208599854e+02 6.0208099365e+02 6.0207501221e+02 6.0207000732e+02 6.0207202148e+02 6.0208099365e+02 6.0209197998e+02 6.0209399414e+02 6.0209197998e+02 6.0209301758e+02 6.0209802246e+02 6.0215698242e+02 6.0227697754e+02 6.0248400879e+02 6.0291302490e+02 6.0352001953e+02 6.0422900391e+02 6.0501098633e+02 6.0569396973e+02 6.0619299316e+02 6.0651702881e+02 6.0692401123e+02 6.0744396973e+02 6.0803302002e+02 6.0862500000e+02 6.0917700195e+02 6.0954699707e+02 6.0971997070e+02
6.0807098389e+02 6.0751202393e+02 6.0698602295e+02 6.0644799805e+02 6.0583599854e+02 6.0524200439e+02 6.0477697754e+02 6.0451702881e+02 6.0430902100e+02 6.0397601318e+02 6.0353698730e+02 6.0296197510e+02 6.0269000244e+02 6.0255999756e+02 6.0235498047e+02 6.0212902832e+02 6.0203997803e+02 6.0205603027e+02 6.0208599854e+02 6.0208398438e+02 6.0208099365e+02 6.0208099365e+02 6.0208398438e+02 6.0209002686e+02 6.0209197998e+02 6.0208801270e+02 6.0207702637e+02 6.0211102295e+02 6.0220898438e+02 6.0231896973e+02 6.0245202637e+02 6.0267297363e+02 6.0299597168e+02 6.0351898193e+02 6.0428100586e+02 6.0513897705e+02 6.0580999756e+02 6.0627801514e+02 6.0662902832e+02 6.0717102051e+02 6.0775897217e+02 6.0833398438e+02 6.0886199951e+02 6.0935400391e+02 6.0966198730e+02 6.0978100586e+02
6.0790899658e+02 6.0735601807e+02 6.0682501221e+02 6.0617199707e+02 6.0547900391e+02 6.0487500000e+02 6.0443701172e+02 6.0414398193e+02 6.0391802979e+02 6.0360498047e+02 6.0326098633e+02 6.0287200928e+02 6.0264697266e+02 6.0246197510e+02 6.0229602051e+02 6.0211401367e+02 6.0204901123e+02 6.0206799316e+02 6.0209002686e+02 6.0208599854e+02 6.0208398438e+02 6.0208599854e+02 6.0209100342e+02 6.0209600830e+02 6.0209497070e+02 6.0209197998e+02 6.0208898926e+02 6.0216400146e+02 6.0233801270e+02 6.0251098633e+02 6.0265002441e+02 6.0293499756e+02 6.0327801514e+02 6.0380297852e+02 6.0454901123e+02 6.0534399414e+02 6.0595397949e+02 6.0639300537e+02 6.0681896973e+02 6.0748297119e+02 6.0810302734e+02 6.0862799072e+02 6.0905297852e+02 6.0944201660e+02 6.0968298340e+02 6.0977899170e+02
