TESTSERVER/8/4.asc
NCOLS 100
NROWS 100
XLLCORNER 7.8997500000e+03
YLLCORNER 2.8975025000e+05
CELLSIZE 5.0000000000e-01
NODATA_VALUE -9.9990000000e+03
[rows 40 to 59 of 100, columns 46 to 91 of 100]
6.0471600342e+02 6.0479400635e+02 6.0488000488e+02 6.0495599365e+02 6.0503698730e+02 6.0510797119e+02 6.0517797852e+02 6.0526202393e+02 6.0535900879e+02 6.0550299072e+02 6.0566900635e+02 6.0584100342e+02 6.0601300049e+02 6.0617401123e+02 6.0634997559e+02 6.0648699951e+02 6.0649902344e+02 6.0648999023e+02 6.0648400879e+02 6.0646697998e+02 6.0646099854e+02 6.0647497559e+02 6.0647900391e+02 6.0650097656e+02 6.0663500977e+02 6.0676599121e+02 6.0691198730e+02 6.0710900879e+02 6.0734399414e+02 6.0757800293e+02 6.0785900879e+02 6.0816601563e+02 6.0844299316e+02 6.0876599121e+02 6.0906298828e+02 6.0940002441e+02 6.0977099609e+02 6.1017797852e+02 6.1051397705e+02 6.1077899170e+02 6.1115399170e+02 6.1151098633e+02 6.1182897949e+02 6.1221899414e+02 6.1262597656e+02 6.1301098633e+02
6.0467102051e+02 6.0475097656e+02 6.0483398438e+02 6.0490502930e+02 6.0498901367e+02 6.0506701660e+02 6.0514300537e+02 6.0523101807e+02 6.0531799316e+02 6.0542401123e+02 6.0555902100e+02 6.0573297119e+02 6.0591400146e+02 6.0609698486e+02 6.0625897217e+02 6.0643298340e+02 6.0651202393e+02 6.0650799561e+02 6.0649597168e+02 6.0648498535e+02 6.0646997070e+02 6.0646197510e+02 6.0648101807e+02 6.0649102783e+02 6.0655603027e+02 6.0668597412e+02 6.0684497070e+02 6.0703198242e+02 6.0726202393e+02 6.0750000000e+02 6.0778698730e+02 6.0810498047e+02 6.0837402344e+02 6.0870697021e+02 6.0901800537e+02 6.0932501221e+02 6.0969097900e+02 6.1013098145e+02 6.1049597168e+02 6.1075201416e+02 6.1111602783e+02 6.1148999023e+02 6.1182897949e+02 6.1221600342e+02 6.1260198975e+02 6.1300000000e+02
6.0460601807e+02 6.0468798828e+02 6.0475897217e+02 6.0484002686e+02 6.0493402100e+02 6.0500500488e+02 6.0508300781e+02 6.0518597412e+02 6.0527600098e+02 6.0535699463e+02 6.0547399902e+02 6.0564501953e+02 6.0580297852e+02 6.0595599365e+02 6.0611999512e+02 6.0633502197e+02 6.0650201416e+02 6.0653399658e+02 6.0652001953e+02 6.0651098633e+02 6.0649902344e+02 6.0648199463e+02 6.0649597168e+02 6.0650097656e+02 6.0655200195e+02 6.0664202881e+02 6.0679602051e+02 6.0697399902e+02 6.0715899658e+02 6.0740802002e+02 6.0771002197e+02 6.0801800537e+02 6.0829699707e+02 6.0862200928e+02 6.0895001221e+02 6.0926202393e+02 6.0961602783e+02 6.1005700684e+02 6.1043798828e+02 6.1073101807e+02 6.1109301758e+02 6.1147998047e+02 6.1183599854e+02 6.1221801758e+02 6.1258099365e+02 6.1297698975e+02
6.0457098389e+02 6.0465197754e+02 6.0470697021e+02 6.0478198242e+02 6.0486798096e+02 6.0493597412e+02 6.0501300049e+02 6.0511602783e+02 6.0521197510e+02 6.0529199219e+02 6.0540802002e+02 6.0557098389e+02 6.0572497559e+02 6.0584899902e+02 6.0602398682e+02 6.0624401855e+02 6.0643402100e+02 6.0653497314e+02 6.0654498291e+02 6.0652801514e+02 6.0652099609e+02 6.0649499512e+02 6.0650402832e+02 6.0653497314e+02 6.0662500000e+02 6.0663702393e+02 6.0675701904e+02 6.0692797852e+02 6.0709301758e+02 6.0734301758e+02 6.0762298584e+02 6.0792199707e+02 6.0823101807e+02 6.0855999756e+02 6.0890997314e+02 6.0923699951e+02 6.0956201172e+02 6.0995300293e+02 6.1032397461e+02 6.1066802979e+02 6.1103997803e+02 6.1142999268e+02 6.1180603027e+02 6.1220098877e+02 6.1256500244e+02 6.1293798828e+02
6.0456298828e+02 6.0463897705e+02 6.0469799805e+02 6.0476702881e+02 6.0484497070e+02 6.0491400146e+02 6.0499401855e+02 6.0507897949e+02 6.0517199707e+02 6.0525500488e+02 6.0535900879e+02 6.0548901367e+02 6.0567102051e+02 6.0583599854e+02 6.0601501465e+02 6.0621002197e+02 6.0637799072e+02 6.0651202393e+02 6.0655902100e+02 6.0654302979e+02 6.0654699707e+02 6.0652600098e+02 6.0650701904e+02 6.0653302002e+02 6.0662097168e+02 6.0662799072e+02 6.0672497559e+02 6.0689697266e+02 6.0707800293e+02 6.0728601074e+02 6.0754699707e+02 6.0783697510e+02 6.0816998291e+02 6.0850701904e+02 6.0886297607e+02 6.0920501709e+02 6.0953302002e+02 6.0986297607e+02 6.1023199463e+02 6.1061798096e+02 6.1096697998e+02 6.1134497070e+02 6.1174597168e+02 6.1217602539e+02 6.1254699707e+02 6.1287200928e+02
6.0449102783e+02 6.0456201172e+02 6.0463500977e+02 6.0470898438e+02 6.0480200195e+02 6.0488299561e+02 6.0496801758e+02 6.0505499268e+02 6.0514300537e+02 6.0522900391e+02 6.0533502197e+02 6.0546600342e+02 6.0565802002e+02 6.0584997559e+02 6.0601800537e+02 6.0619799805e+02 6.0635400391e+02 6.0649200439e+02 6.0657501221e+02 6.0655798340e+02 6.0655700684e+02 6.0655102539e+02 6.0653002930e+02 6.0653100586e+02 6.0657501221e+02 6.0662097168e+02 6.0671398926e+02 6.0687200928e+02 6.0704699707e+02 6.0724499512e+02 6.0748699951e+02 6.0774499512e+02 6.0807897949e+02 6.0842297363e+02 6.0880603027e+02 6.0917602539e+02 6.0949401855e+02 6.0983801270e+02 6.1019897461e+02 6.1056701660e+02 6.1091400146e+02 6.1127502441e+02 6.1164898682e+02 6.1206597900e+02 6.1246600342e+02 6.1280499268e+02
6.0438397217e+02 6.0445697021e+02 6.0454101563e+02 6.0460900879e+02 6.0469897461e+02 6.0478100586e+02 6.0486901855e+02 6.0495898438e+02 6.0504302979e+02 6.0511602783e+02 6.0522601318e+02 6.0536602783e+02 6.0554199219e+02 6.0574401855e+02 6.0592700195e+02 6.0610699463e+02 6.0625598145e+02 6.0644598389e+02 6.0657598877e+02 6.0658099365e+02 6.0657098389e+02 6.0656896973e+02 6.0654602051e+02 6.0653698730e+02 6.0657702637e+02 6.0665502930e+02 6.0672100830e+02 6.0683801270e+02 6.0700701904e+02 6.0719000244e+02 6.0741998291e+02 6.0771002197e+02 6.0802600098e+02 6.0834802246e+02 6.0872198486e+02 6.0909100342e+02 6.0943402100e+02 6.0979199219e+02 6.1015502930e+02 6.1052600098e+02 6.1088897705e+02 6.1124401855e+02 6.1159600830e+02 6.1199401855e+02 6.1240899658e+02 6.1274200439e+02
6.0429498291e+02 6.0437597656e+02 6.0445397949e+02 6.0451202393e+02 6.0457897949e+02 6.0466101074e+02 6.0474597168e+02 6.0483197021e+02 6.0492700195e+02 6.0499798584e+02 6.0509301758e+02 6.0522100830e+02 6.0535400391e+02 6.0551599121e+02 6.0570397949e+02 6.0590100098e+02 6.0606500244e+02 6.0630700684e+02 6.0652301025e+02 6.0660998535e+02 6.0659497070e+02 6.0659197998e+02 6.0657800293e+02 6.0655798340e+02 6.0656597900e+02 6.0662402344e+02 6.0670300293e+02 6.0682598877e+02 6.0697900391e+02 6.0715502930e+02 6.0738598633e+02 6.0767797852e+02 6.0797900391e+02 6.0829199219e+02 6.0865399170e+02 6.0901702881e+02 6.0938098145e+02 6.0974902344e+02 6.1012902832e+02 6.1050402832e+02 6.1084899902e+02 6.1121697998e+02 6.1156298828e+02 6.1194396973e+02 6.1236297607e+02 6.1268103027e+02
6.0422900391e+02 6.0429199219e+02 6.0436901855e+02 6.0443499756e+02 6.0449499512e+02 6.0456597900e+02 6.0464599609e+02 6.0472497559e+02 6.0480902100e+02 6.0489501953e+02 6.0499401855e+02 6.0512902832e+02 6.0525799561e+02 6.0537097168e+02 6.0551898193e+02 6.0572900391e+02 6.0594299316e+02 6.0614697266e+02 6.0640399170e+02 6.0659899902e+02 6.0661901855e+02 6.0661102295e+02 6.0661297607e+02 6.0660198975e+02 6.0658300781e+02 6.0661798096e+02 6.0673400879e+02 6.0687597656e+02 6.0697198486e+02 6.0716101074e+02 6.0738500977e+02 6.0761401367e+02 6.0789099121e+02 6.0823999023e+02 6.0860498047e+02 6.0895202637e+02 6.0932202148e+02 6.0969799805e+02 6.1008197021e+02 6.1046002197e+02 6.1079998779e+02 6.1118103027e+02 6.1153198242e+02 6.1189099121e+02 6.1232299805e+02 6.1264898682e+02
6.0417901611e+02 6.0423199463e+02 6.0429998779e+02 6.0436199951e+02 6.0443499756e+02 6.0451098633e+02 6.0459002686e+02 6.0466497803e+02 6.0474499512e+02 6.0482501221e+02 6.0490197754e+02 6.0501202393e+02 6.0513598633e+02 6.0527600098e+02 6.0541198730e+02 6.0561297607e+02 6.0582202148e+02 6.0600799561e+02 6.0627697754e+02 6.0654199219e+02 6.0664801025e+02 6.0663201904e+02 6.0662902832e+02 6.0661901855e+02 6.0659497070e+02 6.0663397217e+02 6.0677197266e+02 6.0691302490e+02 6.0699401855e+02 6.0715100098e+02 6.0735900879e+02 6.0760498047e+02 6.0790197754e+02 6.0819201660e+02 6.0855499268e+02 6.0891198730e+02 6.0927502441e+02 6.0966198730e+02 6.1001300049e+02 6.1038098145e+02 6.1074597168e+02 6.1112200928e+02 6.1148101807e+02 6.1184802246e+02 6.1228997803e+02 6.1263897705e+02
6.0412402344e+02 6.0417700195e+02 6.0423602295e+02 6.0430102539e+02 6.0437701416e+02 6.0446502686e+02 6.0455499268e+02 6.0461999512e+02 6.0468499756e+02 6.0476098633e+02 6.0483300781e+02 6.0492901611e+02 6.0504797363e+02 6.0519799805e+02 6.0533898926e+02 6.0552099609e+02 6.0570800781e+02 6.0589001465e+02 6.0616302490e+02 6.0646197510e+02 6.0665899658e+02 6.0665502930e+02 6.0664001465e+02 6.0663702393e+02 6.0662200928e+02 6.0664099121e+02 6.0675897217e+02 6.0690698242e+02 6.0701098633e+02 6.0714801025e+02 6.0733801270e+02 6.0758898926e+02 6.0789300537e+02 6.0817999268e+02 6.0852099609e+02 6.0885900879e+02 6.0919897461e+02 6.0960198975e+02 6.0995898438e+02 6.1031402588e+02 6.1068402100e+02 6.1105902100e+02 6.1144000244e+02 6.1182202148e+02 6.1225402832e+02 6.1259399414e+02
6.0405902100e+02 6.0412200928e+02 6.0417700195e+02 6.0423400879e+02 6.0430102539e+02 6.0439099121e+02 6.0449102783e+02 6.0455902100e+02 6.0462402344e+02 6.0469702148e+02 6.0477398682e+02 6.0487799072e+02 6.0500701904e+02 6.0515100098e+02 6.0528900146e+02 6.0545202637e+02 6.0563397217e+02 6.0582397461e+02 6.0609197998e+02 6.0639001465e+02 6.0662701416e+02 6.0668200684e+02 6.0667102051e+02 6.0666900635e+02 6.0666302490e+02 6.0665997314e+02 6.0673101807e+02 6.0688500977e+02 6.0703497314e+02 6.0716601563e+02 6.0734100342e+02 6.0757501221e+02 6.0783398438e+02 6.0813299561e+02 6.0846801758e+02 6.0878698730e+02 6.0912500000e+02 6.0954699707e+02 6.0992901611e+02 6.1029199219e+02 6.1066101074e+02 6.1102697754e+02 6.1141400146e+02 6.1179699707e+02 6.1220202637e+02 6.1251300049e+02
6.0399200439e+02 6.0404498291e+02 6.0409497070e+02 6.0415399170e+02 6.0422601318e+02 6.0429602051e+02 6.0438201904e+02 6.0446398926e+02 6.0455401611e+02 6.0463397217e+02 6.0472100830e+02 6.0483197021e+02 6.0495898438e+02 6.0510498047e+02 6.0524597168e+02 6.0538897705e+02 6.0557501221e+02 6.0578100586e+02 6.0603497314e+02 6.0632000732e+02 6.0656500244e+02 6.0670001221e+02 6.0671697998e+02 6.0669897461e+02 6.0668402100e+02 6.0668402100e+02 6.0671697998e+02 6.0685601807e+02 6.0705102539e+02 6.0719702148e+02 6.0736999512e+02 6.0757897949e+02 6.0779199219e+02 6.0807501221e+02 6.0840997314e+02 6.0873797607e+02 6.0908898926e+02 6.0951300049e+02 6.0991998291e+02 6.1028198242e+02 6.1065002441e+02 6.1102398682e+02 6.1138702393e+02 6.1174902344e+02 6.1211297607e+02 6.1239801025e+02
6.0390997314e+02 6.0395800781e+02 6.0399499512e+02 6.0403802490e+02 6.0411297607e+02 6.0419299316e+02 6.0427801514e+02 6.0437298584e+02 6.0446899414e+02 6.0456201172e+02 6.0464801025e+02 6.0475500488e+02 6.0487701416e+02 6.0501702881e+02 6.0517401123e+02 6.0532397461e+02 6.0550402832e+02 6.0573199463e+02 6.0596600342e+02 6.0623400879e+02 6.0648797607e+02 6.0669799805e+02 6.0674902344e+02 6.0673297119e+02 6.0672900391e+02 6.0672998047e+02 6.0673602295e+02 6.0683697510e+02 6.0703601074e+02 6.0720599365e+02 6.0736999512e+02 6.0755603027e+02 6.0778601074e+02 6.0808300781e+02 6.0840502930e+02 6.0871899414e+02 6.0907702637e+02 6.0949298096e+02 6.0987097168e+02 6.1020800781e+02 6.1061999512e+02 6.1103198242e+02 6.1139001465e+02 6.1167297363e+02 6.1200500488e+02 6.1231097412e+02
6.0381097412e+02 6.0386102295e+02 6.0390301514e+02 6.0395098877e+02 6.0402197266e+02 6.0410601807e+02 6.0420397949e+02 6.0430999756e+02 6.0440698242e+02 6.0450897217e+02 6.0459399414e+02 6.0468200684e+02 6.0479101563e+02 6.0492102051e+02 6.0508001709e+02 6.0523797607e+02 6.0540600586e+02 6.0564501953e+02 6.0589099121e+02 6.0615698242e+02 6.0641101074e+02 6.0666302490e+02 6.0677001953e+02 6.0676098633e+02 6.0675500488e+02 6.0675897217e+02 6.0675299072e+02 6.0682897949e+02 6.0702697754e+02 6.0721899414e+02 6.0738201904e+02 6.0755603027e+02 6.0778399658e+02 6.0808197021e+02 6.0840502930e+02 6.0871502686e+02 6.0906799316e+02 6.0947198486e+02 6.0984197998e+02 6.1019396973e+02 6.1061102295e+02 6.1101300049e+02 6.1137500000e+02 6.1163098145e+02 6.1193103027e+02 6.1223699951e+02
6.0366302490e+02 6.0378198242e+02 6.0386297607e+02 6.0391302490e+02 6.0397802734e+02 6.0407800293e+02 6.0417797852e+02 6.0427502441e+02 6.0435998535e+02 6.0445697021e+02 6.0453997803e+02 6.0462200928e+02 6.0472497559e+02 6.0484600830e+02 6.0498797607e+02 6.0513897705e+02 6.0530102539e+02 6.0553497314e+02 6.0578698730e+02 6.0605700684e+02 6.0632299805e+02 6.0660601807e+02 6.0678601074e+02 6.0679302979e+02 6.0678302002e+02 6.0679498291e+02 6.0678198242e+02 6.0683502197e+02 6.0702099609e+02 6.0723498535e+02 6.0740197754e+02 6.0756799316e+02 6.0778302002e+02 6.0807501221e+02 6.0840399170e+02 6.0872601318e+02 6.0907000732e+02 6.0946600342e+02 6.0985998535e+02 6.1023602295e+02 6.1062200928e+02 6.1100000000e+02 6.1134997559e+02 6.1159899902e+02 6.1188397217e+02 6.1217602539e+02
6.0337097168e+02 6.0362298584e+02 6.0381500244e+02 6.0388397217e+02 6.0395800781e+02 6.0406097412e+02 6.0415899658e+02 6.0424298096e+02 6.0432098389e+02 6.0440899658e+02 6.0448602295e+02 6.0457202148e+02 6.0466699219e+02 6.0480102539e+02 6.0492498779e+02 6.0505102539e+02 6.0520001221e+02 6.0543103027e+02 6.0566302490e+02 6.0591601563e+02 6.0621899414e+02 6.0655102539e+02 6.0678399658e+02 6.0683001709e+02 6.0683001709e+02 6.0684100342e+02 6.0682397461e+02 6.0685498047e+02 6.0699798584e+02 6.0723498535e+02 6.0741601563e+02 6.0758197021e+02 6.0779699707e+02 6.0807098389e+02 6.0838397217e+02 6.0872302246e+02 6.0907800293e+02 6.0946197510e+02 6.0985400391e+02 6.1022399902e+02 6.1059100342e+02 6.1096997070e+02 6.1132397461e+02 6.1158099365e+02 6.1182202148e+02 6.1211901855e+02
6.0330999756e+02 6.0356097412e+02 6.0378302002e+02 6.0384002686e+02 6.0391601563e+02 6.0403002930e+02 6.0413397217e+02 6.0421197510e+02 6.0429400635e+02 6.0438397217e+02 6.0445001221e+02 6.0451898193e+02 6.0460998535e+02 6.0474597168e+02 6.0487799072e+02 6.0499298096e+02 6.0512200928e+02 6.0532202148e+02 6.0552197266e+02 6.0576702881e+02 6.0610797119e+02 6.0648498535e+02 6.0677301025e+02 6.0686199951e+02 6.0685198975e+02 6.0687402344e+02 6.0686602783e+02 6.0687402344e+02 6.0698797607e+02 6.0724798584e+02 6.0744897461e+02 6.0760998535e+02 6.0781097412e+02 6.0808599854e+02 6.0839599609e+02 6.0872998047e+02 6.0908300781e+02 6.0948101807e+02 6.0987402344e+02 6.1022998047e+02 6.1058099365e+02 6.1096398926e+02 6.1133599854e+02 6.1158697510e+02 6.1179101563e+02 6.1211999512e+02
6.0330798340e+02 6.0353002930e+02 6.0375097656e+02 6.0380499268e+02 6.0388897705e+02 6.0400402832e+02 6.0410797119e+02 6.0419000244e+02 6.0428002930e+02 6.0436602783e+02 6.0442498779e+02 6.0449401855e+02 6.0459002686e+02 6.0470202637e+02 6.0483099365e+02 6.0495001221e+02 6.0505999756e+02 6.0521697998e+02 6.0540997314e+02 6.0568597412e+02 6.0605200195e+02 6.0642102051e+02 6.0674298096e+02 6.0688598633e+02 6.0688397217e+02 6.0690698242e+02 6.0691101074e+02 6.0690502930e+02 6.0697802734e+02 6.0724298096e+02 6.0746398926e+02 6.0762597656e+02 6.0782501221e+02 6.0808599854e+02 6.0838299561e+02 6.0871099854e+02 6.0906701660e+02 6.0945697021e+02 6.0983801270e+02 6.1019299316e+02 6.1054699707e+02 6.1092602539e+02 6.1130200195e+02 6.1157299805e+02 6.1179400635e+02 6.1211798096e+02
6.0330401611e+02 6.0348400879e+02 6.0370697021e+02 6.0377899170e+02 6.0387500000e+02 6.0398199463e+02 6.0408398438e+02 6.0416802979e+02 6.0426202393e+02 6.0435198975e+02 6.0442401123e+02 6.0450701904e+02 6.0461602783e+02 6.0471899414e+02 6.0482702637e+02 6.0493701172e+02 6.0503698730e+02 6.0516198730e+02 6.0533697510e+02 6.0562902832e+02 6.0600701904e+02 6.0634899902e+02 6.0669000244e+02 6.0688897705e+02 6.0692700195e+02 6.0694500732e+02 6.0695202637e+02 6.0694500732e+02 6.0699102783e+02 6.0724401855e+02 6.0748901367e+02 6.0767297363e+02 6.0788000488e+02 6.0810998535e+02 6.0836499023e+02 6.0867700195e+02 6.0904101563e+02 6.0942297363e+02 6.0979602051e+02 6.1014801025e+02 6.1051098633e+02 6.1087799072e+02 6.1125799561e+02 6.1153802490e+02 6.1174499512e+02 6.1205200195e+02
