TESTSERVER/8/4.asc
NCOLS 100
NROWS 100
XLLCORNER 7.8997500000e+03
YLLCORNER 2.8975025000e+05
CELLSIZE 5.0000000000e-01
NODATA_VALUE -9.9990000000e+03
[rows 80 to 99 of 100, columns 0 to 45 of 100]
6.0281597900e+02 6.0256500244e+02 6.0216802979e+02 6.0164501953e+02 6.0123797607e+02 6.0104302979e+02 6.0082598877e+02 6.0054101563e+02 6.0027099609e+02 6.0005798340e+02 5.9997497559e+02 5.9986700439e+02 5.9973901367e+02 5.9964300537e+02 5.9955902100e+02 5.9934197998e+02 5.9913098145e+02 5.9901599121e+02 5.9898999023e+02 5.9899401855e+02 5.9901098633e+02 5.9902301025e+02 5.9899200439e+02 5.9895501709e+02 5.9900097656e+02 5.9910198975e+02 5.9915301514e+02 5.9954797363e+02 6.0062097168e+02 6.0162902832e+02 6.0190197754e+02 6.0213397217e+02 6.0231701660e+02 6.0242199707e+02 6.0250598145e+02 6.0254602051e+02 6.0256597900e+02 6.0259399414e+02 6.0266302490e+02 6.0277001953e+02 6.0285400391e+02 6.0291198730e+02 6.0296801758e+02 6.0301000977e+02 6.0305902100e+02 6.0314099121e+02
6.0293298340e+02 6.0260601807e+02 6.0213397217e+02 6.0170800781e+02 6.0144201660e+02 6.0129998779e+02 6.0096398926e+02 6.0064599609e+02 6.0032702637e+02 6.0006097412e+02 5.9997302246e+02 5.9994201660e+02 5.9983099365e+02 5.9972497559e+02 5.9964599609e+02 5.9949401855e+02 5.9920599365e+02 5.9899597168e+02 5.9898199463e+02 5.9898297119e+02 5.9898999023e+02 5.9900201416e+02 5.9898101807e+02 5.9896099854e+02 5.9900500488e+02 5.9909100342e+02 5.9913702393e+02 5.9935498047e+02 6.0020501709e+02 6.0125897217e+02 6.0190802002e+02 6.0211199951e+02 6.0222100830e+02 6.0236401367e+02 6.0251300049e+02 6.0256298828e+02 6.0256701660e+02 6.0258300781e+02 6.0264501953e+02 6.0278002930e+02 6.0288098145e+02 6.0292901611e+02 6.0297601318e+02 6.0302301025e+02 6.0307800293e+02 6.0316198730e+02
6.0305200195e+02 6.0271899414e+02 6.0218499756e+02 6.0182800293e+02 6.0167901611e+02 6.0154199219e+02 6.0106201172e+02 6.0074401855e+02 6.0045397949e+02 6.0015197754e+02 5.9997100830e+02 5.9995202637e+02 5.9988800049e+02 5.9977502441e+02 5.9966802979e+02 5.9953802490e+02 5.9926000977e+02 5.9903997803e+02 5.9902398682e+02 5.9900598145e+02 5.9898699951e+02 5.9899401855e+02 5.9900000000e+02 5.9897900391e+02 5.9898699951e+02 5.9903997803e+02 5.9908001709e+02 5.9911700439e+02 5.9965600586e+02 6.0076397705e+02 6.0189697266e+02 6.0216497803e+02 6.0215600586e+02 6.0228497314e+02 6.0248797607e+02 6.0259002686e+02 6.0259100342e+02 6.0257098389e+02 6.0259899902e+02 6.0276397705e+02 6.0289697266e+02 6.0294097900e+02 6.0297497559e+02 6.0302801514e+02 6.0308599854e+02 6.0316601563e+02
6.0315802002e+02 6.0286297607e+02 6.0234899902e+02 6.0197998047e+02 6.0179101563e+02 6.0160302734e+02 6.0113201904e+02 6.0084002686e+02 6.0058697510e+02 6.0026501465e+02 5.9999298096e+02 5.9995397949e+02 5.9990600586e+02 5.9979498291e+02 5.9969396973e+02 5.9959301758e+02 5.9935400391e+02 5.9914202881e+02 5.9910302734e+02 5.9905902100e+02 5.9900402832e+02 5.9899499512e+02 5.9901800537e+02 5.9898797607e+02 5.9897100830e+02 5.9900799561e+02 5.9909100342e+02 5.9909002686e+02 5.9928601074e+02 6.0019799805e+02 6.0165197754e+02 6.0222802734e+02 6.0221801758e+02 6.0227502441e+02 6.0241198730e+02 6.0257098389e+02 6.0260601807e+02 6.0257000732e+02 6.0255297852e+02 6.0271899414e+02 6.0288598633e+02 6.0294799805e+02 6.0297399902e+02 6.0303198242e+02 6.0308197021e+02 6.0315100098e+02
6.0325500488e+02 6.0299401855e+02 6.0251397705e+02 6.0207702637e+02 6.0179400635e+02 6.0152099609e+02 6.0120001221e+02 6.0091497803e+02 6.0066998291e+02 6.0039398193e+02 6.0005603027e+02 5.9996899414e+02 5.9992901611e+02 5.9984600830e+02 5.9977899170e+02 5.9969000244e+02 5.9946801758e+02 5.9922399902e+02 5.9915502930e+02 5.9909802246e+02 5.9900299072e+02 5.9897198486e+02 5.9899902344e+02 5.9897998047e+02 5.9898999023e+02 5.9906097412e+02 5.9925701904e+02 5.9925598145e+02 5.9920300293e+02 5.9961499023e+02 6.0053698730e+02 6.0144396973e+02 6.0201098633e+02 6.0227099609e+02 6.0234698486e+02 6.0251300049e+02 6.0256799316e+02 6.0254498291e+02 6.0252801514e+02 6.0263598633e+02 6.0282501221e+02 6.0293103027e+02 6.0295397949e+02 6.0302001953e+02 6.0306298828e+02 6.0312902832e+02
6.0342602539e+02 6.0320397949e+02 6.0265100098e+02 6.0217700195e+02 6.0187402344e+02 6.0151202393e+02 6.0118798828e+02 6.0092498779e+02 6.0072601318e+02 6.0053601074e+02 6.0021197510e+02 6.0002197266e+02 5.9996301270e+02 5.9989001465e+02 5.9980603027e+02 5.9974700928e+02 5.9950598145e+02 5.9922900391e+02 5.9917199707e+02 5.9909399414e+02 5.9899102783e+02 5.9896502686e+02 5.9898999023e+02 5.9898101807e+02 5.9900598145e+02 5.9907501221e+02 5.9924298096e+02 5.9920599365e+02 5.9911102295e+02 5.9922698975e+02 5.9950402832e+02 6.0019201660e+02 6.0114300537e+02 6.0168798828e+02 6.0194396973e+02 6.0233502197e+02 6.0250701904e+02 6.0250701904e+02 6.0248602295e+02 6.0253198242e+02 6.0270599365e+02 6.0286297607e+02 6.0292102051e+02 6.0298602295e+02 6.0304901123e+02 6.0313098145e+02
6.0353100586e+02 6.0336602783e+02 6.0280200195e+02 6.0235302734e+02 6.0206701660e+02 6.0167901611e+02 6.0126098633e+02 6.0096697998e+02 6.0077899170e+02 6.0063702393e+02 6.0038800049e+02 6.0011499023e+02 5.9997302246e+02 5.9990002441e+02 5.9981896973e+02 5.9976397705e+02 5.9956097412e+02 5.9930499268e+02 5.9915698242e+02 5.9905798340e+02 5.9898797607e+02 5.9899200439e+02 5.9901000977e+02 5.9899401855e+02 5.9901000977e+02 5.9905401611e+02 5.9915698242e+02 5.9916802979e+02 5.9911999512e+02 5.9914801025e+02 5.9933300781e+02 5.9983398438e+02 6.0052001953e+02 6.0109197998e+02 6.0157598877e+02 6.0209997559e+02 6.0238500977e+02 6.0245501709e+02 6.0245800781e+02 6.0246398926e+02 6.0257098389e+02 6.0274200439e+02 6.0286499023e+02 6.0293402100e+02 6.0301397705e+02 6.0311199951e+02
6.0363897705e+02 6.0353002930e+02 6.0300598145e+02 6.0256896973e+02 6.0229998779e+02 6.0191699219e+02 6.0141900635e+02 6.0108697510e+02 6.0084301758e+02 6.0069799805e+02 6.0056097412e+02 6.0029699707e+02 6.0005700684e+02 5.9991998291e+02 5.9983001709e+02 5.9975897217e+02 5.9959698486e+02 5.9936499023e+02 5.9913397217e+02 5.9904699707e+02 5.9901098633e+02 5.9902697754e+02 5.9903100586e+02 5.9900701904e+02 5.9901098633e+02 5.9902600098e+02 5.9905200195e+02 5.9910302734e+02 5.9918798828e+02 5.9930102539e+02 5.9955200195e+02 5.9998901367e+02 6.0043298340e+02 6.0090399170e+02 6.0137500000e+02 6.0183099365e+02 6.0219799805e+02 6.0237097168e+02 6.0240698242e+02 6.0240197754e+02 6.0245300293e+02 6.0261297607e+02 6.0279302979e+02 6.0288500977e+02 6.0297497559e+02 6.0308398438e+02
6.0377001953e+02 6.0366497803e+02 6.0328198242e+02 6.0284197998e+02 6.0248901367e+02 6.0203302002e+02 6.0152197266e+02 6.0118798828e+02 6.0091497803e+02 6.0077398682e+02 6.0071002197e+02 6.0045800781e+02 6.0015698242e+02 5.9994598389e+02 5.9984301758e+02 5.9980499268e+02 5.9966497803e+02 5.9941802979e+02 5.9916400146e+02 5.9908898926e+02 5.9906097412e+02 5.9904602051e+02 5.9902600098e+02 5.9901800537e+02 5.9901300049e+02 5.9901202393e+02 5.9902099609e+02 5.9906799316e+02 5.9922998047e+02 5.9943798828e+02 5.9965197754e+02 6.0001300049e+02 6.0033300781e+02 6.0067102051e+02 6.0103198242e+02 6.0152099609e+02 6.0199200439e+02 6.0228601074e+02 6.0235101318e+02 6.0233599854e+02 6.0236901855e+02 6.0250500488e+02 6.0271697998e+02 6.0284197998e+02 6.0294201660e+02 6.0305999756e+02
6.0388598633e+02 6.0380200195e+02 6.0345800781e+02 6.0305499268e+02 6.0275500488e+02 6.0235699463e+02 6.0182000732e+02 6.0131799316e+02 6.0094000244e+02 6.0077398682e+02 6.0069500732e+02 6.0053802490e+02 6.0031097412e+02 6.0003900146e+02 5.9983801270e+02 5.9978198242e+02 5.9968798828e+02 5.9952001953e+02 5.9923498535e+02 5.9907098389e+02 5.9899902344e+02 5.9898699951e+02 5.9900097656e+02 5.9899200439e+02 5.9898999023e+02 5.9899700928e+02 5.9899902344e+02 5.9902099609e+02 5.9911102295e+02 5.9924102783e+02 5.9940997314e+02 5.9965899658e+02 5.9992498779e+02 6.0031500244e+02 6.0090197754e+02 6.0147100830e+02 6.0196398926e+02 6.0220800781e+02 6.0227301025e+02 6.0228002930e+02 6.0229797363e+02 6.0240301514e+02 6.0263000488e+02 6.0278997803e+02 6.0290899658e+02 6.0302899170e+02
6.0401397705e+02 6.0393298340e+02 6.0360900879e+02 6.0326501465e+02 6.0307299805e+02 6.0278399658e+02 6.0223602295e+02 6.0158300781e+02 6.0105603027e+02 6.0078497314e+02 6.0065399170e+02 6.0056097412e+02 6.0043597412e+02 6.0016497803e+02 5.9987902832e+02 5.9973297119e+02 5.9960601807e+02 5.9953900146e+02 5.9937200928e+02 5.9912097168e+02 5.9896002197e+02 5.9895001221e+02 5.9898699951e+02 5.9896600342e+02 5.9896398926e+02 5.9897497559e+02 5.9898797607e+02 5.9898999023e+02 5.9902600098e+02 5.9908697510e+02 5.9917498779e+02 5.9931701660e+02 5.9961297607e+02 6.0020300293e+02 6.0120800781e+02 6.0180700684e+02 6.0207000732e+02 6.0213098145e+02 6.0217102051e+02 6.0222100830e+02 6.0222601318e+02 6.0228900146e+02 6.0252001953e+02 6.0275000000e+02 6.0289501953e+02 6.0301000977e+02
6.0417700195e+02 6.0409997559e+02 6.0379602051e+02 6.0349798584e+02 6.0335101318e+02 6.0310400391e+02 6.0260797119e+02 6.0195202637e+02 6.0131597900e+02 6.0090002441e+02 6.0066302490e+02 6.0053698730e+02 6.0046099854e+02 6.0022698975e+02 5.9992901611e+02 5.9976898193e+02 5.9958197021e+02 5.9950897217e+02 5.9945098877e+02 5.9920501709e+02 5.9901300049e+02 5.9899102783e+02 5.9899102783e+02 5.9895599365e+02 5.9895501709e+02 5.9896899414e+02 5.9899902344e+02 5.9899102783e+02 5.9898297119e+02 5.9898400879e+02 5.9902099609e+02 5.9909899902e+02 5.9942602539e+02 6.0017999268e+02 6.0154901123e+02 6.0201800537e+02 6.0203302002e+02 6.0199499512e+02 6.0206799316e+02 6.0215502930e+02 6.0216198730e+02 6.0220001221e+02 6.0240301514e+02 6.0269000244e+02 6.0286700439e+02 6.0299401855e+02
6.0430401611e+02 6.0422302246e+02 6.0399200439e+02 6.0374499512e+02 6.0355999756e+02 6.0324401855e+02 6.0279400635e+02 6.0225701904e+02 6.0164501953e+02 6.0112799072e+02 6.0070202637e+02 6.0049102783e+02 6.0039697266e+02 6.0020501709e+02 5.9987701416e+02 5.9978302002e+02 5.9962298584e+02 5.9944500732e+02 5.9927697754e+02 5.9910998535e+02 5.9901000977e+02 5.9900000000e+02 5.9902697754e+02 5.9898400879e+02 5.9897998047e+02 5.9899902344e+02 5.9905401611e+02 5.9905401611e+02 5.9902899170e+02 5.9898602295e+02 5.9901000977e+02 5.9898101807e+02 5.9923699951e+02 5.9999298096e+02 6.0123797607e+02 6.0182598877e+02 6.0176599121e+02 6.0174401855e+02 6.0195001221e+02 6.0207800293e+02 6.0210699463e+02 6.0214801025e+02 6.0231097412e+02 6.0259698486e+02 6.0282000732e+02 6.0297302246e+02
6.0438098145e+02 6.0433197021e+02 6.0417999268e+02 6.0397900391e+02 6.0381201172e+02 6.0347698975e+02 6.0300402832e+02 6.0258001709e+02 6.0214001465e+02 6.0175000000e+02 6.0127600098e+02 6.0064398193e+02 6.0033898926e+02 6.0019598389e+02 5.9985101318e+02 5.9972302246e+02 5.9966601563e+02 5.9951800537e+02 5.9928900146e+02 5.9909899902e+02 5.9896801758e+02 5.9892297363e+02 5.9895599365e+02 5.9893298340e+02 5.9892700195e+02 5.9896197510e+02 5.9906097412e+02 5.9912500000e+02 5.9909002686e+02 5.9901501465e+02 5.9898602295e+02 5.9899298096e+02 5.9907202148e+02 5.9948999023e+02 6.0032800293e+02 6.0100701904e+02 6.0131896973e+02 6.0153900146e+02 6.0184197998e+02 6.0201202393e+02 6.0204797363e+02 6.0206799316e+02 6.0220501709e+02 6.0246697998e+02 6.0274200439e+02 6.0294799805e+02
6.0444702148e+02 6.0440698242e+02 6.0429797363e+02 6.0413098145e+02 6.0402502441e+02 6.0378601074e+02 6.0336499023e+02 6.0298699951e+02 6.0275000000e+02 6.0259002686e+02 6.0228698730e+02 6.0136901855e+02 6.0055297852e+02 6.0021801758e+02 5.9987597656e+02 5.9970501709e+02 5.9971997070e+02 5.9964001465e+02 5.9938397217e+02 5.9916198730e+02 5.9896600342e+02 5.9883398438e+02 5.9884100342e+02 5.9884197998e+02 5.9883197021e+02 5.9887402344e+02 5.9900598145e+02 5.9909899902e+02 5.9906597900e+02 5.9898699951e+02 5.9893200684e+02 5.9897998047e+02 5.9904797363e+02 5.9926098633e+02 5.9980798340e+02 6.0050799561e+02 6.0102197266e+02 6.0140698242e+02 6.0173498535e+02 6.0194396973e+02 6.0198999023e+02 6.0198400879e+02 6.0209899902e+02 6.0233801270e+02 6.0263897705e+02 6.0290698242e+02
6.0449597168e+02 6.0443902588e+02 6.0435101318e+02 6.0423199463e+02 6.0416302490e+02 6.0402099609e+02 6.0375097656e+02 6.0341400146e+02 6.0330999756e+02 6.0330499268e+02 6.0313897705e+02 6.0209698486e+02 6.0088098145e+02 6.0033398438e+02 5.9998101807e+02 5.9970098877e+02 5.9972998047e+02 5.9972802734e+02 5.9951397705e+02 5.9928198242e+02 5.9903802490e+02 5.9881402588e+02 5.9875402832e+02 5.9875799561e+02 5.9873101807e+02 5.9876599121e+02 5.9888397217e+02 5.9898297119e+02 5.9898101807e+02 5.9893402100e+02 5.9888299561e+02 5.9893701172e+02 5.9902801514e+02 5.9918200684e+02 5.9961602783e+02 6.0037200928e+02 6.0096600342e+02 6.0136700439e+02 6.0164398193e+02 6.0187402344e+02 6.0193298340e+02 6.0191198730e+02 6.0199200439e+02 6.0224102783e+02 6.0255102539e+02 6.0284802246e+02
6.0453997803e+02 6.0447198486e+02 6.0436499023e+02 6.0431597900e+02 6.0423400879e+02 6.0408898926e+02 6.0396997070e+02 6.0377398682e+02 6.0371002197e+02 6.0373901367e+02 6.0348101807e+02 6.0229901123e+02 6.0104101563e+02 6.0047302246e+02 6.0014099121e+02 5.9974798584e+02 5.9970898438e+02 5.9974700928e+02 5.9958801270e+02 5.9935797119e+02 5.9914398193e+02 5.9892297363e+02 5.9882299805e+02 5.9873999023e+02 5.9868200684e+02 5.9867797852e+02 5.9871099854e+02 5.9879498291e+02 5.9885601807e+02 5.9888098145e+02 5.9887902832e+02 5.9890399170e+02 5.9897900391e+02 5.9914501953e+02 5.9950799561e+02 6.0022198486e+02 6.0090698242e+02 6.0132702637e+02 6.0159698486e+02 6.0179998779e+02 6.0188299561e+02 6.0186602783e+02 6.0188897705e+02 6.0216302490e+02 6.0248602295e+02 6.0277001953e+02
6.0454302979e+02 6.0447198486e+02 6.0434600830e+02 6.0427301025e+02 6.0418298340e+02 6.0407800293e+02 6.0405700684e+02 6.0392797852e+02 6.0382098389e+02 6.0381799316e+02 6.0359997559e+02 6.0253900146e+02 6.0122698975e+02 6.0064801025e+02 6.0038397217e+02 5.9987701416e+02 5.9972698975e+02 5.9973797607e+02 5.9964599609e+02 5.9946600342e+02 5.9936999512e+02 5.9922100830e+02 5.9900299072e+02 5.9884301758e+02 5.9872399902e+02 5.9866900635e+02 5.9866998291e+02 5.9873901367e+02 5.9881597900e+02 5.9885400391e+02 5.9883300781e+02 5.9880401611e+02 5.9886102295e+02 5.9912500000e+02 5.9964300537e+02 6.0034899902e+02 6.0087799072e+02 6.0117102051e+02 6.0143701172e+02 6.0169500732e+02 6.0181701660e+02 6.0181597900e+02 6.0180999756e+02 6.0200097656e+02 6.0238800049e+02 6.0273199463e+02
6.0456097412e+02 6.0449499512e+02 6.0432702637e+02 6.0416101074e+02 6.0408898926e+02 6.0407598877e+02 6.0410699463e+02 6.0403997803e+02 6.0387097168e+02 6.0375000000e+02 6.0359997559e+02 6.0281701660e+02 6.0143597412e+02 6.0070397949e+02 6.0051599121e+02 6.0001898193e+02 5.9977801514e+02 5.9972802734e+02 5.9969897461e+02 5.9964202881e+02 5.9958197021e+02 5.9939099121e+02 5.9907598877e+02 5.9886700439e+02 5.9873199463e+02 5.9866699219e+02 5.9866601563e+02 5.9873101807e+02 5.9879498291e+02 5.9882202148e+02 5.9877899170e+02 5.9867199707e+02 5.9867199707e+02 5.9895898438e+02 5.9960198975e+02 6.0028302002e+02 6.0077600098e+02 6.0108300781e+02 6.0135498047e+02 6.0161199951e+02 6.0173901367e+02 6.0175201416e+02 6.0173400879e+02 6.0186102295e+02 6.0230700684e+02 6.0271997070e+02
6.0462298584e+02 6.0454797363e+02 6.0430401611e+02 6.0408300781e+02 6.0404302979e+02 6.0406701660e+02 6.0405499268e+02 6.0405297852e+02 6.0391302490e+02 6.0375402832e+02 6.0364001465e+02 6.0310101318e+02 6.0170202637e+02 6.0080798340e+02 6.0063897705e+02 6.0017199707e+02 5.9985101318e+02 5.9971099854e+02 5.9968597412e+02 5.9969000244e+02 5.9957897949e+02 5.9929302979e+02 5.9896801758e+02 5.9881097412e+02 5.9870300293e+02 5.9865698242e+02 5.9867401123e+02 5.9873199463e+02 5.9877301025e+02 5.9878698730e+02 5.9876397705e+02 5.9864801025e+02 5.9860101318e+02 5.9888098145e+02 5.9967797852e+02 6.0034301758e+02 6.0069299316e+02 6.0100299072e+02 6.0128198242e+02 6.0153497314e+02 6.0167297363e+02 6.0169396973e+02 6.0165997314e+02 6.0175402832e+02 6.0224401855e+02 6.0271398926e+02
