TESTSERVER/8/5.asc
NCOLS 100
NROWS 100
XLLCORNER 7.8997500000e+03
YLLCORNER 2.8970025000e+05
CELLSIZE 5.0000000000e-01
NODATA_VALUE -9.9990000000e+03
[rows 0 to 19 of 100, columns 46 to 91 of 100]
6.0295098877e+02 6.0320098877e+02 6.0345599365e+02 6.0367901611e+02 6.0391699219e+02 6.0416400146e+02 6.0438897705e+02 6.0461401367e+02 6.0481701660e+02 6.0502801514e+02 6.0527301025e+02 6.0548400879e+02 6.0565197754e+02 6.0584997559e+02 6.0604101563e+02 6.0623602295e+02 6.0644500732e+02 6.0667199707e+02 6.0689099121e+02 6.0715197754e+02 6.0773498535e+02 6.0864898682e+02 6.0915399170e+02 6.0937097168e+02 6.0953802490e+02 6.0960900879e+02 6.0962097168e+02 6.0961102295e+02 6.0959600830e+02 6.0956500244e+02 6.0974597168e+02 6.1018701172e+02 6.1052600098e+02 6.1079699707e+02 6.1107800293e+02 6.1142797852e+02 6.1182897949e+02 6.1228002930e+02 6.1267297363e+02 6.1299401855e+02 6.1338897705e+02 6.1379101563e+02 6.1415899658e+02 6.1453198242e+02 6.1494702148e+02 6.1529699707e+02
6.0296197510e+02 6.0323297119e+02 6.0348797607e+02 6.0371997070e+02 6.0395898438e+02 6.0421997070e+02 6.0446801758e+02 6.0468902588e+02 6.0489398193e+02 6.0509899902e+02 6.0534698486e+02 6.0558801270e+02 6.0577502441e+02 6.0596002197e+02 6.0615698242e+02 6.0637597656e+02 6.0659899902e+02 6.0684197998e+02 6.0705902100e+02 6.0729400635e+02 6.0793103027e+02 6.0888800049e+02 6.0934698486e+02 6.0951098633e+02 6.0965600586e+02 6.0970001221e+02 6.0970001221e+02 6.0969598389e+02 6.0968402100e+02 6.0963800049e+02 6.0983898926e+02 6.1033001709e+02 6.1070599365e+02 6.1099700928e+02 6.1127197266e+02 6.1165600586e+02 6.1204797363e+02 6.1243499756e+02 6.1284399414e+02 6.1319598389e+02 6.1361700439e+02 6.1404901123e+02 6.1441699219e+02 6.1477801514e+02 6.1517498779e+02 6.1552600098e+02
6.0297302246e+02 6.0326397705e+02 6.0352197266e+02 6.0376202393e+02 6.0402001953e+02 6.0429498291e+02 6.0454498291e+02 6.0475598145e+02 6.0495397949e+02 6.0515802002e+02 6.0540802002e+02 6.0566900635e+02 6.0589001465e+02 6.0606896973e+02 6.0628002930e+02 6.0653399658e+02 6.0677502441e+02 6.0700097656e+02 6.0720300293e+02 6.0745800781e+02 6.0815197754e+02 6.0905499268e+02 6.0944000244e+02 6.0958099365e+02 6.0976300049e+02 6.0979602051e+02 6.0978802490e+02 6.0978002930e+02 6.0977197266e+02 6.0971997070e+02 6.0992797852e+02 6.1044299316e+02 6.1083801270e+02 6.1115301514e+02 6.1149597168e+02 6.1192199707e+02 6.1225500488e+02 6.1260101318e+02 6.1301898193e+02 6.1341998291e+02 6.1384997559e+02 6.1427899170e+02 6.1463897705e+02 6.1500500488e+02 6.1538397217e+02 6.1573999023e+02
6.0299200439e+02 6.0329998779e+02 6.0356201172e+02 6.0380499268e+02 6.0406896973e+02 6.0433697510e+02 6.0458697510e+02 6.0479998779e+02 6.0499200439e+02 6.0522900391e+02 6.0549902344e+02 6.0574298096e+02 6.0597601318e+02 6.0619299316e+02 6.0643103027e+02 6.0670300293e+02 6.0697100830e+02 6.0719201660e+02 6.0737597656e+02 6.0765197754e+02 6.0838800049e+02 6.0923297119e+02 6.0956402588e+02 6.0968701172e+02 6.0986901855e+02 6.0988897705e+02 6.0987701416e+02 6.0985797119e+02 6.0984399414e+02 6.0980297852e+02 6.1006701660e+02 6.1062799072e+02 6.1100897217e+02 6.1130102539e+02 6.1167297363e+02 6.1209997559e+02 6.1238897705e+02 6.1274798584e+02 6.1318200684e+02 6.1363397217e+02 6.1404699707e+02 6.1444897461e+02 6.1481402588e+02 6.1520202637e+02 6.1559802246e+02 6.1598199463e+02
6.0304101563e+02 6.0333099365e+02 6.0358801270e+02 6.0383898926e+02 6.0410797119e+02 6.0436102295e+02 6.0460900879e+02 6.0483599854e+02 6.0505902100e+02 6.0532702637e+02 6.0562500000e+02 6.0585601807e+02 6.0605700684e+02 6.0630999756e+02 6.0657501221e+02 6.0683502197e+02 6.0712500000e+02 6.0736999512e+02 6.0753698730e+02 6.0781799316e+02 6.0851800537e+02 6.0941699219e+02 6.0976000977e+02 6.0986499023e+02 6.0998699951e+02 6.0997497559e+02 6.0996002197e+02 6.0993902588e+02 6.0991699219e+02 6.0991699219e+02 6.1026501465e+02 6.1084497070e+02 6.1119897461e+02 6.1147497559e+02 6.1181298828e+02 6.1218798828e+02 6.1253198242e+02 6.1286401367e+02 6.1328900146e+02 6.1377301025e+02 6.1417797852e+02 6.1460797119e+02 6.1502001953e+02 6.1542199707e+02 6.1576098633e+02 6.1615502930e+02
6.0306896973e+02 6.0337597656e+02 6.0363500977e+02 6.0389300537e+02 6.0416497803e+02 6.0442297363e+02 6.0466900635e+02 6.0490600586e+02 6.0514801025e+02 6.0542401123e+02 6.0572100830e+02 6.0596899414e+02 6.0618798828e+02 6.0645098877e+02 6.0671099854e+02 6.0695800781e+02 6.0723699951e+02 6.0747399902e+02 6.0765399170e+02 6.0796301270e+02 6.0866400146e+02 6.0951098633e+02 6.0986700439e+02 6.0997601318e+02 6.1007098389e+02 6.1007000732e+02 6.1005102539e+02 6.1002398682e+02 6.1001000977e+02 6.0999597168e+02 6.1040197754e+02 6.1102697754e+02 6.1135498047e+02 6.1166900635e+02 6.1200598145e+02 6.1235101318e+02 6.1274902344e+02 6.1308398438e+02 6.1345001221e+02 6.1389202881e+02 6.1429199219e+02 6.1477502441e+02 6.1517498779e+02 6.1556500244e+02 6.1591802979e+02 6.1630999756e+02
6.0313201904e+02 6.0344097900e+02 6.0371697998e+02 6.0399298096e+02 6.0426800537e+02 6.0451501465e+02 6.0476599121e+02 6.0501599121e+02 6.0527398682e+02 6.0555798340e+02 6.0586199951e+02 6.0613299561e+02 6.0638500977e+02 6.0663098145e+02 6.0685797119e+02 6.0709997559e+02 6.0737200928e+02 6.0760198975e+02 6.0780902100e+02 6.0816198730e+02 6.0885198975e+02 6.0958502197e+02 6.0994500732e+02 6.1010998535e+02 6.1016699219e+02 6.1014801025e+02 6.1012597656e+02 6.1009899902e+02 6.1007598877e+02 6.1008398438e+02 6.1057202148e+02 6.1121502686e+02 6.1150598145e+02 6.1184197998e+02 6.1221197510e+02 6.1257098389e+02 6.1296600342e+02 6.1330499268e+02 6.1367297363e+02 6.1407202148e+02 6.1446002197e+02 6.1491101074e+02 6.1530102539e+02 6.1572497559e+02 6.1611297607e+02 6.1647302246e+02
6.0325402832e+02 6.0354101563e+02 6.0382202148e+02 6.0410900879e+02 6.0439099121e+02 6.0466998291e+02 6.0494299316e+02 6.0520501709e+02 6.0547802734e+02 6.0577502441e+02 6.0607098389e+02 6.0632702637e+02 6.0659197998e+02 6.0682397461e+02 6.0702801514e+02 6.0726300049e+02 6.0752697754e+02 6.0775201416e+02 6.0798400879e+02 6.0839898682e+02 6.0911602783e+02 6.0975701904e+02 6.1007702637e+02 6.1023999023e+02 6.1026397705e+02 6.1023498535e+02 6.1021002197e+02 6.1018402100e+02 6.1014697266e+02 6.1020697021e+02 6.1077197266e+02 6.1139300537e+02 6.1165100098e+02 6.1198199463e+02 6.1236798096e+02 6.1273400879e+02 6.1311999512e+02 6.1347998047e+02 6.1385900879e+02 6.1423498535e+02 6.1462902832e+02 6.1503802490e+02 6.1545599365e+02 6.1591302490e+02 6.1628399658e+02 6.1661901855e+02
6.0341400146e+02 6.0368298340e+02 6.0395397949e+02 6.0423699951e+02 6.0452197266e+02 6.0484497070e+02 6.0513299561e+02 6.0539501953e+02 6.0566998291e+02 6.0600000000e+02 6.0627801514e+02 6.0650402832e+02 6.0676098633e+02 6.0696997070e+02 6.0717797852e+02 6.0740899658e+02 6.0765698242e+02 6.0789398193e+02 6.0815802002e+02 6.0863299561e+02 6.0942700195e+02 6.1002197266e+02 6.1024597168e+02 6.1034497070e+02 6.1034698486e+02 6.1032299805e+02 6.1029602051e+02 6.1026300049e+02 6.1023699951e+02 6.1045098877e+02 6.1100097656e+02 6.1151800537e+02 6.1180297852e+02 6.1213397217e+02 6.1250701904e+02 6.1288299561e+02 6.1328997803e+02 6.1367700195e+02 6.1405499268e+02 6.1443298340e+02 6.1485198975e+02 6.1521398926e+02 6.1563702393e+02 6.1607897949e+02 6.1639501953e+02 6.1674200439e+02
6.0361999512e+02 6.0385101318e+02 6.0409997559e+02 6.0438299561e+02 6.0468902588e+02 6.0502600098e+02 6.0531597900e+02 6.0558197021e+02 6.0585998535e+02 6.0619299316e+02 6.0646899414e+02 6.0669097900e+02 6.0692199707e+02 6.0712799072e+02 6.0734497070e+02 6.0757501221e+02 6.0781402588e+02 6.0807098389e+02 6.0836901855e+02 6.0888500977e+02 6.0973400879e+02 6.1022698975e+02 6.1038702393e+02 6.1044799805e+02 6.1042797852e+02 6.1040997314e+02 6.1038598633e+02 6.1033697510e+02 6.1033398438e+02 6.1059698486e+02 6.1113897705e+02 6.1163201904e+02 6.1193902588e+02 6.1226599121e+02 6.1263702393e+02 6.1303002930e+02 6.1344201660e+02 6.1387597656e+02 6.1428100586e+02 6.1466699219e+02 6.1509497070e+02 6.1547998047e+02 6.1586499023e+02 6.1623999023e+02 6.1653198242e+02 6.1684600830e+02
6.0379400635e+02 6.0401300049e+02 6.0425402832e+02 6.0453198242e+02 6.0483801270e+02 6.0517401123e+02 6.0547900391e+02 6.0576800537e+02 6.0606500244e+02 6.0637097168e+02 6.0664202881e+02 6.0687902832e+02 6.0709899902e+02 6.0731298828e+02 6.0753302002e+02 6.0774200439e+02 6.0796099854e+02 6.0821997070e+02 6.0857202148e+02 6.0917297363e+02 6.0997900391e+02 6.1034497070e+02 6.1049798584e+02 6.1055700684e+02 6.1053100586e+02 6.1050097656e+02 6.1046899414e+02 6.1041900635e+02 6.1046197510e+02 6.1077001953e+02 6.1130499268e+02 6.1177001953e+02 6.1204602051e+02 6.1236401367e+02 6.1276702881e+02 6.1319702148e+02 6.1363299561e+02 6.1408502197e+02 6.1449700928e+02 6.1487402344e+02 6.1531597900e+02 6.1568103027e+02 6.1603002930e+02 6.1635601807e+02 6.1665698242e+02 6.1696697998e+02
6.0392401123e+02 6.0421002197e+02 6.0446398926e+02 6.0473297119e+02 6.0503002930e+02 6.0533300781e+02 6.0564001465e+02 6.0594500732e+02 6.0623901367e+02 6.0652697754e+02 6.0680902100e+02 6.0707702637e+02 6.0730102539e+02 6.0749401855e+02 6.0770001221e+02 6.0788000488e+02 6.0808801270e+02 6.0833099365e+02 6.0873498535e+02 6.0943402100e+02 6.1021099854e+02 6.1049798584e+02 6.1062200928e+02 6.1065698242e+02 6.1063201904e+02 6.1059197998e+02 6.1055499268e+02 6.1051800537e+02 6.1062701416e+02 6.1099298096e+02 6.1148602295e+02 6.1188500977e+02 6.1213598633e+02 6.1245300293e+02 6.1289697266e+02 6.1336999512e+02 6.1382098389e+02 6.1425402832e+02 6.1466400146e+02 6.1504302979e+02 6.1548699951e+02 6.1582897949e+02 6.1615997314e+02 6.1646801758e+02 6.1678399658e+02 6.1709197998e+02
6.0418298340e+02 6.0450201416e+02 6.0474700928e+02 6.0499298096e+02 6.0527801514e+02 6.0555499268e+02 6.0583599854e+02 6.0612500000e+02 6.0638800049e+02 6.0666900635e+02 6.0696502686e+02 6.0723602295e+02 6.0749200439e+02 6.0767700195e+02 6.0787097168e+02 6.0803399658e+02 6.0822802734e+02 6.0846899414e+02 6.0894201660e+02 6.0971801758e+02 6.1045001221e+02 6.1066101074e+02 6.1075299072e+02 6.1074102783e+02 6.1071197510e+02 6.1068200684e+02 6.1064099121e+02 6.1060101318e+02 6.1078497314e+02 6.1126202393e+02 6.1168200684e+02 6.1201300049e+02 6.1228002930e+02 6.1260699463e+02 6.1305200195e+02 6.1352099609e+02 6.1396502686e+02 6.1438800049e+02 6.1480902100e+02 6.1517401123e+02 6.1557299805e+02 6.1595300293e+02 6.1628802490e+02 6.1659100342e+02 6.1691302490e+02 6.1720599365e+02
6.0463598633e+02 6.0483197021e+02 6.0499597168e+02 6.0522100830e+02 6.0552600098e+02 6.0581500244e+02 6.0606701660e+02 6.0631597900e+02 6.0655798340e+02 6.0684399414e+02 6.0713897705e+02 6.0741400146e+02 6.0769799805e+02 6.0789501953e+02 6.0806298828e+02 6.0822399902e+02 6.0841900635e+02 6.0870397949e+02 6.0929302979e+02 6.1006896973e+02 6.1060302734e+02 6.1079797363e+02 6.1087097168e+02 6.1083197021e+02 6.1079901123e+02 6.1077001953e+02 6.1071801758e+02 6.1068701172e+02 6.1107800293e+02 6.1162097168e+02 6.1195599365e+02 6.1221099854e+02 6.1245300293e+02 6.1278399658e+02 6.1321301270e+02 6.1366699219e+02 6.1412097168e+02 6.1453497314e+02 6.1494097900e+02 6.1529101563e+02 6.1564099121e+02 6.1606500244e+02 6.1642700195e+02 6.1672497559e+02 6.1702301025e+02 6.1733502197e+02
6.0506799316e+02 6.0519396973e+02 6.0532800293e+02 6.0553399658e+02 6.0581799316e+02 6.0610198975e+02 6.0633697510e+02 6.0655297852e+02 6.0677197266e+02 6.0702801514e+02 6.0730200195e+02 6.0759100342e+02 6.0791699219e+02 6.0813201904e+02 6.0827197266e+02 6.0843298340e+02 6.0864697266e+02 6.0901702881e+02 6.0971398926e+02 6.1043298340e+02 6.1076397705e+02 6.1093298340e+02 6.1096600342e+02 6.1092901611e+02 6.1089801025e+02 6.1086401367e+02 6.1079998779e+02 6.1085900879e+02 6.1141198730e+02 6.1190899658e+02 6.1217401123e+02 6.1240899658e+02 6.1267102051e+02 6.1299298096e+02 6.1341198730e+02 6.1386297607e+02 6.1430401611e+02 6.1469201660e+02 6.1506402588e+02 6.1542498779e+02 6.1577801514e+02 6.1619299316e+02 6.1656298828e+02 6.1686499023e+02 6.1715899658e+02 6.1747802734e+02
6.0548498535e+02 6.0559600830e+02 6.0573602295e+02 6.0593499756e+02 6.0618597412e+02 6.0644201660e+02 6.0665002441e+02 6.0683502197e+02 6.0701898193e+02 6.0722802734e+02 6.0749700928e+02 6.0781701660e+02 6.0816302490e+02 6.0836602783e+02 6.0848400879e+02 6.0865997314e+02 6.0890997314e+02 6.0932397461e+02 6.1004998779e+02 6.1069201660e+02 6.1092602539e+02 6.1106402588e+02 6.1104998779e+02 6.1101702881e+02 6.1099200439e+02 6.1096099854e+02 6.1089697266e+02 6.1103900146e+02 6.1164599609e+02 6.1210198975e+02 6.1234399414e+02 6.1260998535e+02 6.1291699219e+02 6.1323498535e+02 6.1364300537e+02 6.1407800293e+02 6.1447698975e+02 6.1481896973e+02 6.1517700195e+02 6.1555999756e+02 6.1593200684e+02 6.1630700684e+02 6.1665002441e+02 6.1696697998e+02 6.1729400635e+02 6.1761499023e+02
6.0587200928e+02 6.0602502441e+02 6.0612902832e+02 6.0631500244e+02 6.0655798340e+02 6.0677502441e+02 6.0694799805e+02 6.0710601807e+02 6.0724597168e+02 6.0747100830e+02 6.0776501465e+02 6.0810498047e+02 6.0842199707e+02 6.0858398438e+02 6.0870098877e+02 6.0888299561e+02 6.0913397217e+02 6.0958001709e+02 6.1028399658e+02 6.1085797119e+02 6.1111700439e+02 6.1117602539e+02 6.1114202881e+02 6.1111297607e+02 6.1109301758e+02 6.1105499268e+02 6.1102697754e+02 6.1129101563e+02 6.1190802002e+02 6.1225201416e+02 6.1250799561e+02 6.1280603027e+02 6.1314099121e+02 6.1346301270e+02 6.1385101318e+02 6.1427301025e+02 6.1465502930e+02 6.1493402100e+02 6.1530603027e+02 6.1569097900e+02 6.1605603027e+02 6.1643499756e+02 6.1676397705e+02 6.1709497070e+02 6.1743499756e+02 6.1775201416e+02
6.0614599609e+02 6.0639898682e+02 6.0648199463e+02 6.0666497803e+02 6.0697198486e+02 6.0711499023e+02 6.0723498535e+02 6.0736901855e+02 6.0752697754e+02 6.0775299072e+02 6.0803698730e+02 6.0833197021e+02 6.0858398438e+02 6.0878497314e+02 6.0898797607e+02 6.0919299316e+02 6.0943103027e+02 6.0992901611e+02 6.1066198730e+02 6.1111798096e+02 6.1125799561e+02 6.1127697754e+02 6.1124499512e+02 6.1121398926e+02 6.1119500732e+02 6.1113598633e+02 6.1116900635e+02 6.1159197998e+02 6.1217999268e+02 6.1246398926e+02 6.1271301270e+02 6.1300402832e+02 6.1333898926e+02 6.1364398193e+02 6.1400897217e+02 6.1443200684e+02 6.1480499268e+02 6.1507098389e+02 6.1545202637e+02 6.1581500244e+02 6.1616998291e+02 6.1654998779e+02 6.1689099121e+02 6.1722497559e+02 6.1756799316e+02 6.1787902832e+02
6.0628100586e+02 6.0667602539e+02 6.0686199951e+02 6.0710699463e+02 6.0743298340e+02 6.0751702881e+02 6.0759100342e+02 6.0770098877e+02 6.0785797119e+02 6.0806799316e+02 6.0831701660e+02 6.0855700684e+02 6.0875897217e+02 6.0898400879e+02 6.0922302246e+02 6.0947302246e+02 6.0977099609e+02 6.1033898926e+02 6.1100701904e+02 6.1133099365e+02 6.1139599609e+02 6.1138598633e+02 6.1134301758e+02 6.1130700684e+02 6.1128802490e+02 6.1122698975e+02 6.1138702393e+02 6.1192102051e+02 6.1241900635e+02 6.1266900635e+02 6.1291601563e+02 6.1320800781e+02 6.1353002930e+02 6.1383099365e+02 6.1419500732e+02 6.1460302734e+02 6.1495501709e+02 6.1526702881e+02 6.1561401367e+02 6.1594897461e+02 6.1630999756e+02 6.1667700195e+02 6.1700897217e+02 6.1734399414e+02 6.1769000244e+02 6.1801098633e+02
6.0629199219e+02 6.0684399414e+02 6.0718402100e+02 6.0751898193e+02 6.0784698486e+02 6.0792999268e+02 6.0801202393e+02 6.0811297607e+02 6.0823699951e+02 6.0840600586e+02 6.0861199951e+02 6.0880499268e+02 6.0898602295e+02 6.0920001221e+02 6.0941101074e+02 6.0967999268e+02 6.1009197998e+02 6.1073602295e+02 6.1129199219e+02 6.1148999023e+02 6.1150701904e+02 6.1148199463e+02 6.1144396973e+02 6.1139898682e+02 6.1136798096e+02 6.1131597900e+02 6.1161700439e+02 6.1224102783e+02 6.1267401123e+02 6.1287500000e+02 6.1310601807e+02 6.1339801025e+02 6.1370501709e+02 6.1400598145e+02 6.1438000488e+02 6.1477301025e+02 6.1511602783e+02 6.1548602295e+02 6.1580297852e+02 6.1610797119e+02 6.1645898438e+02 6.1680700684e+02 6.1715100098e+02 6.1750097656e+02 6.1784301758e+02 6.1817901611e+02
