TESTSERVER/8/5.asc
NCOLS 100
NROWS 100
XLLCORNER 7.8997500000e+03
YLLCORNER 2.8970025000e+05
CELLSIZE 5.0000000000e-01
NODATA_VALUE -9.9990000000e+03
[rows 40 to 59 of 100, columns 0 to 45 of 100]
5.9697698975e+02 5.9675701904e+02 5.9647497559e+02 5.9630700684e+02 5.9616802979e+02 5.9607202148e+02 5.9597198486e+02 5.9604797363e+02 5.9606402588e+02 5.9607000732e+02 5.9605999756e+02 5.9605999756e+02 5.9607098389e+02 5.9608197021e+02 5.9609100342e+02 5.9606799316e+02 5.9605499268e+02 5.9604101563e+02 5.9602801514e+02 5.9604998779e+02 5.9605401611e+02 5.9609899902e+02 5.9610498047e+02 5.9676599121e+02 5.9856500244e+02 6.0064398193e+02 6.0200402832e+02 6.0190802002e+02 6.0205700684e+02 6.0223999023e+02 6.0236901855e+02 6.0229901123e+02 6.0232299805e+02 6.0241699219e+02 6.0256402588e+02 6.0265802002e+02 6.0268402100e+02 6.0299102783e+02 6.0351098633e+02 6.0406500244e+02 6.0458398438e+02 6.0502398682e+02 6.0550598145e+02 6.0592700195e+02 6.0615002441e+02 6.0672198486e+02
5.9684197998e+02 5.9657299805e+02 5.9639599609e+02 5.9631201172e+02 5.9623297119e+02 5.9615997314e+02 5.9609002686e+02 5.9609100342e+02 5.9609100342e+02 5.9607800293e+02 5.9605499268e+02 5.9607202148e+02 5.9609002686e+02 5.9610998535e+02 5.9611700439e+02 5.9610400391e+02 5.9609497070e+02 5.9608599854e+02 5.9608001709e+02 5.9604400635e+02 5.9605603027e+02 5.9615997314e+02 5.9630499268e+02 5.9665100098e+02 5.9794097900e+02 5.9973400879e+02 6.0129498291e+02 6.0210699463e+02 6.0248901367e+02 6.0258001709e+02 6.0264801025e+02 6.0272998047e+02 6.0284698486e+02 6.0283001709e+02 6.0278601074e+02 6.0279498291e+02 6.0292700195e+02 6.0333502197e+02 6.0386102295e+02 6.0435302734e+02 6.0480902100e+02 6.0518902588e+02 6.0555297852e+02 6.0583001709e+02 6.0608801270e+02 6.0688201904e+02
5.9695501709e+02 5.9667602539e+02 5.9650097656e+02 5.9640100098e+02 5.9632098389e+02 5.9626397705e+02 5.9622802734e+02 5.9618902588e+02 5.9613800049e+02 5.9608300781e+02 5.9603497314e+02 5.9605200195e+02 5.9607501221e+02 5.9610498047e+02 5.9612701416e+02 5.9613397217e+02 5.9614697266e+02 5.9616400146e+02 5.9617401123e+02 5.9607800293e+02 5.9610900879e+02 5.9636199951e+02 5.9686901855e+02 5.9705200195e+02 5.9746697998e+02 5.9841400146e+02 5.9993200684e+02 6.0141998291e+02 6.0232598877e+02 6.0278399658e+02 6.0308099365e+02 6.0317498779e+02 6.0318103027e+02 6.0307202148e+02 6.0301397705e+02 6.0308801270e+02 6.0332098389e+02 6.0376000977e+02 6.0424298096e+02 6.0464501953e+02 6.0501702881e+02 6.0533502197e+02 6.0561798096e+02 6.0586102295e+02 6.0635601807e+02 6.0743798828e+02
5.9733197021e+02 5.9708099365e+02 5.9684497070e+02 5.9660400391e+02 5.9643298340e+02 5.9633398438e+02 5.9631201172e+02 5.9623699951e+02 5.9614697266e+02 5.9606799316e+02 5.9600598145e+02 5.9601202393e+02 5.9603802490e+02 5.9607501221e+02 5.9611499023e+02 5.9614697266e+02 5.9618298340e+02 5.9622802734e+02 5.9627801514e+02 5.9616198730e+02 5.9622302246e+02 5.9662799072e+02 5.9747802734e+02 5.9772198486e+02 5.9754797363e+02 5.9768597412e+02 5.9867797852e+02 6.0017999268e+02 6.0142901611e+02 6.0243200684e+02 6.0329498291e+02 6.0335601807e+02 6.0329797363e+02 6.0327697754e+02 6.0336700439e+02 6.0353302002e+02 6.0378997803e+02 6.0415399170e+02 6.0457598877e+02 6.0493499756e+02 6.0524499512e+02 6.0553198242e+02 6.0579400635e+02 6.0610198975e+02 6.0686798096e+02 6.0814599609e+02
5.9782598877e+02 5.9762402344e+02 5.9734399414e+02 5.9689898682e+02 5.9655401611e+02 5.9634997559e+02 5.9630401611e+02 5.9621002197e+02 5.9611798096e+02 5.9604498291e+02 5.9597601318e+02 5.9595098877e+02 5.9597698975e+02 5.9602600098e+02 5.9608300781e+02 5.9613800049e+02 5.9619000244e+02 5.9625000000e+02 5.9633099365e+02 5.9625201416e+02 5.9628100586e+02 5.9667602539e+02 5.9740502930e+02 5.9804998779e+02 5.9809497070e+02 5.9810198975e+02 5.9838299561e+02 5.9905499268e+02 6.0007800293e+02 6.0142901611e+02 6.0301202393e+02 6.0340502930e+02 6.0338500977e+02 6.0350598145e+02 6.0380499268e+02 6.0394299316e+02 6.0417999268e+02 6.0448101807e+02 6.0486297607e+02 6.0524102783e+02 6.0553900146e+02 6.0581896973e+02 6.0608001709e+02 6.0654498291e+02 6.0754199219e+02 6.0878002930e+02
5.9823297119e+02 5.9808398438e+02 5.9772601318e+02 5.9710900879e+02 5.9661901855e+02 5.9633197021e+02 5.9628601074e+02 5.9619799805e+02 5.9609600830e+02 5.9601098633e+02 5.9594396973e+02 5.9590600586e+02 5.9593200684e+02 5.9598400879e+02 5.9603302002e+02 5.9611602783e+02 5.9617297363e+02 5.9620800781e+02 5.9631298828e+02 5.9637799072e+02 5.9644799805e+02 5.9669299316e+02 5.9737097168e+02 5.9805499268e+02 5.9854302979e+02 5.9883099365e+02 5.9884002686e+02 5.9898699951e+02 5.9962298584e+02 6.0082202148e+02 6.0266900635e+02 6.0347698975e+02 6.0349597168e+02 6.0350500488e+02 6.0386102295e+02 6.0413000488e+02 6.0442797852e+02 6.0476898193e+02 6.0512902832e+02 6.0547802734e+02 6.0582598877e+02 6.0615197754e+02 6.0642498779e+02 6.0696997070e+02 6.0798797607e+02 6.0912402344e+02
5.9857897949e+02 5.9843902588e+02 5.9798400879e+02 5.9724102783e+02 5.9671398926e+02 5.9641998291e+02 5.9632897949e+02 5.9619396973e+02 5.9605700684e+02 5.9595697021e+02 5.9589898682e+02 5.9587902832e+02 5.9591900635e+02 5.9596697998e+02 5.9599102783e+02 5.9606799316e+02 5.9615899658e+02 5.9624499512e+02 5.9642700195e+02 5.9670300293e+02 5.9697998047e+02 5.9724902344e+02 5.9773101807e+02 5.9840997314e+02 5.9897601318e+02 5.9927899170e+02 5.9938800049e+02 5.9953497314e+02 5.9992297363e+02 6.0077600098e+02 6.0226098633e+02 6.0332202148e+02 6.0358197021e+02 6.0357000732e+02 6.0383801270e+02 6.0423199463e+02 6.0464300537e+02 6.0503399658e+02 6.0534802246e+02 6.0566302490e+02 6.0607501221e+02 6.0646801758e+02 6.0674597168e+02 6.0719299316e+02 6.0800201416e+02 6.0896502686e+02
5.9873101807e+02 5.9856201172e+02 5.9804302979e+02 5.9729602051e+02 5.9683099365e+02 5.9658502197e+02 5.9642297363e+02 5.9620501709e+02 5.9602502441e+02 5.9590399170e+02 5.9585198975e+02 5.9587402344e+02 5.9593499756e+02 5.9597198486e+02 5.9597198486e+02 5.9603399658e+02 5.9617999268e+02 5.9641900635e+02 5.9671899414e+02 5.9710302734e+02 5.9756701660e+02 5.9790502930e+02 5.9821801758e+02 5.9868798828e+02 5.9913000488e+02 5.9938500977e+02 5.9969598389e+02 6.0010601807e+02 6.0042999268e+02 6.0098400879e+02 6.0199200439e+02 6.0309698486e+02 6.0361499023e+02 6.0366400146e+02 6.0380499268e+02 6.0425598145e+02 6.0474597168e+02 6.0516601563e+02 6.0544897461e+02 6.0578900146e+02 6.0625598145e+02 6.0668499756e+02 6.0698101807e+02 6.0729699707e+02 6.0784399414e+02 6.0857800293e+02
5.9857897949e+02 5.9836297607e+02 5.9797100830e+02 5.9739697266e+02 5.9706402588e+02 5.9682000732e+02 5.9653497314e+02 5.9619799805e+02 5.9595697021e+02 5.9582501221e+02 5.9579998779e+02 5.9586499023e+02 5.9592602539e+02 5.9595501709e+02 5.9595697021e+02 5.9599597168e+02 5.9616601563e+02 5.9657000732e+02 5.9692602539e+02 5.9720898438e+02 5.9768798828e+02 5.9809899902e+02 5.9834899902e+02 5.9860998535e+02 5.9889398193e+02 5.9916900635e+02 5.9956896973e+02 6.0038598633e+02 6.0097100830e+02 6.0142797852e+02 6.0185797119e+02 6.0279699707e+02 6.0351300049e+02 6.0372399902e+02 6.0376300049e+02 6.0421600342e+02 6.0470800781e+02 6.0512597656e+02 6.0544299316e+02 6.0587799072e+02 6.0635601807e+02 6.0676300049e+02 6.0709802246e+02 6.0733398438e+02 6.0765100098e+02 6.0814300537e+02
5.9828601074e+02 5.9803100586e+02 5.9770898438e+02 5.9742102051e+02 5.9722100830e+02 5.9700598145e+02 5.9665399170e+02 5.9623602295e+02 5.9597399902e+02 5.9583898926e+02 5.9580297852e+02 5.9581402588e+02 5.9587200928e+02 5.9592901611e+02 5.9594396973e+02 5.9595001221e+02 5.9608197021e+02 5.9652801514e+02 5.9703900146e+02 5.9745001221e+02 5.9784002686e+02 5.9811700439e+02 5.9836102295e+02 5.9854901123e+02 5.9876098633e+02 5.9914300537e+02 5.9977001953e+02 6.0053100586e+02 6.0136499023e+02 6.0194097900e+02 6.0213702393e+02 6.0282000732e+02 6.0355200195e+02 6.0381799316e+02 6.0385699463e+02 6.0416497803e+02 6.0464202881e+02 6.0511297607e+02 6.0551599121e+02 6.0594702148e+02 6.0640197754e+02 6.0678302002e+02 6.0707702637e+02 6.0733197021e+02 6.0763598633e+02 6.0798101807e+02
5.9793499756e+02 5.9764501953e+02 5.9732800293e+02 5.9713897705e+02 5.9703802490e+02 5.9691900635e+02 5.9664398193e+02 5.9625402832e+02 5.9601300049e+02 5.9587902832e+02 5.9580798340e+02 5.9578900146e+02 5.9584997559e+02 5.9592999268e+02 5.9598400879e+02 5.9603802490e+02 5.9610302734e+02 5.9639697266e+02 5.9710198975e+02 5.9780200195e+02 5.9813201904e+02 5.9823901367e+02 5.9841998291e+02 5.9859497070e+02 5.9891699219e+02 5.9950097656e+02 6.0017199707e+02 6.0076898193e+02 6.0161199951e+02 6.0224798584e+02 6.0247100830e+02 6.0299499512e+02 6.0356097412e+02 6.0386901855e+02 6.0398797607e+02 6.0417901611e+02 6.0461999512e+02 6.0513299561e+02 6.0556701660e+02 6.0597497559e+02 6.0646398926e+02 6.0682299805e+02 6.0707202148e+02 6.0735400391e+02 6.0767700195e+02 6.0797802734e+02
5.9753198242e+02 5.9720898438e+02 5.9686700439e+02 5.9669702148e+02 5.9666198730e+02 5.9663397217e+02 5.9650701904e+02 5.9621301270e+02 5.9601702881e+02 5.9590002441e+02 5.9581701660e+02 5.9577899170e+02 5.9584399414e+02 5.9594396973e+02 5.9606402588e+02 5.9621997070e+02 5.9627600098e+02 5.9644598389e+02 5.9713201904e+02 5.9789300537e+02 5.9820697021e+02 5.9832598877e+02 5.9855700684e+02 5.9880297852e+02 5.9932299805e+02 6.0007000732e+02 6.0062402344e+02 6.0103399658e+02 6.0181896973e+02 6.0246600342e+02 6.0270397949e+02 6.0301300049e+02 6.0340600586e+02 6.0380603027e+02 6.0409899902e+02 6.0421398926e+02 6.0459197998e+02 6.0511297607e+02 6.0555700684e+02 6.0607202148e+02 6.0671002197e+02 6.0701898193e+02 6.0711901855e+02 6.0737902832e+02 6.0768200684e+02 6.0798400879e+02
5.9703997803e+02 5.9668200684e+02 5.9632501221e+02 5.9620599365e+02 5.9617999268e+02 5.9621697998e+02 5.9620599365e+02 5.9612902832e+02 5.9600402832e+02 5.9590502930e+02 5.9584997559e+02 5.9582098389e+02 5.9586700439e+02 5.9595397949e+02 5.9607800293e+02 5.9618902588e+02 5.9639202881e+02 5.9667999268e+02 5.9715698242e+02 5.9767901611e+02 5.9805297852e+02 5.9840997314e+02 5.9882202148e+02 5.9916601563e+02 5.9979101563e+02 6.0058099365e+02 6.0103997803e+02 6.0134802246e+02 6.0205297852e+02 6.0260400391e+02 6.0280499268e+02 6.0303997803e+02 6.0335198975e+02 6.0379498291e+02 6.0417901611e+02 6.0429797363e+02 6.0457598877e+02 6.0504101563e+02 6.0555401611e+02 6.0634497070e+02 6.0710601807e+02 6.0729602051e+02 6.0723101807e+02 6.0737200928e+02 6.0763000488e+02 6.0792797852e+02
5.9668597412e+02 5.9633099365e+02 5.9605902100e+02 5.9592102051e+02 5.9589801025e+02 5.9595501709e+02 5.9606896973e+02 5.9606701660e+02 5.9599499512e+02 5.9591497803e+02 5.9589599609e+02 5.9592401123e+02 5.9596801758e+02 5.9605603027e+02 5.9615002441e+02 5.9612597656e+02 5.9631201172e+02 5.9666101074e+02 5.9706597900e+02 5.9740002441e+02 5.9791302490e+02 5.9868798828e+02 5.9944097900e+02 5.9976898193e+02 6.0024102783e+02 6.0088397217e+02 6.0126599121e+02 6.0151501465e+02 6.0206500244e+02 6.0251202393e+02 6.0278698730e+02 6.0306298828e+02 6.0336798096e+02 6.0375000000e+02 6.0415600586e+02 6.0439697266e+02 6.0458801270e+02 6.0502899170e+02 6.0580798340e+02 6.0675598145e+02 6.0714697266e+02 6.0714801025e+02 6.0722100830e+02 6.0732397461e+02 6.0753601074e+02 6.0780102539e+02
5.9651300049e+02 5.9622698975e+02 5.9596301270e+02 5.9579101563e+02 5.9578002930e+02 5.9584399414e+02 5.9600201416e+02 5.9606298828e+02 5.9601300049e+02 5.9594799805e+02 5.9593200684e+02 5.9596502686e+02 5.9601702881e+02 5.9612298584e+02 5.9623797607e+02 5.9624597168e+02 5.9647399902e+02 5.9685601807e+02 5.9723297119e+02 5.9738098145e+02 5.9802001953e+02 5.9914099121e+02 6.0013702393e+02 6.0040600586e+02 6.0075097656e+02 6.0118200684e+02 6.0144799805e+02 6.0170599365e+02 6.0214001465e+02 6.0254199219e+02 6.0283898926e+02 6.0306799316e+02 6.0332397461e+02 6.0364697266e+02 6.0408801270e+02 6.0447900391e+02 6.0466900635e+02 6.0508398438e+02 6.0593103027e+02 6.0660302734e+02 6.0668701172e+02 6.0676501465e+02 6.0708300781e+02 6.0726599121e+02 6.0747601318e+02 6.0770599365e+02
5.9630999756e+02 5.9611798096e+02 5.9594598389e+02 5.9577001953e+02 5.9575598145e+02 5.9580499268e+02 5.9597900391e+02 5.9608398438e+02 5.9604199219e+02 5.9597601318e+02 5.9592602539e+02 5.9593499756e+02 5.9598699951e+02 5.9610498047e+02 5.9626599121e+02 5.9642297363e+02 5.9680102539e+02 5.9732000732e+02 5.9779302979e+02 5.9780999756e+02 5.9844500732e+02 5.9964898682e+02 6.0063000488e+02 6.0078002930e+02 6.0105297852e+02 6.0135498047e+02 6.0157702637e+02 6.0188299561e+02 6.0229699707e+02 6.0269500732e+02 6.0294201660e+02 6.0307501221e+02 6.0328900146e+02 6.0357501221e+02 6.0399200439e+02 6.0447802734e+02 6.0470397949e+02 6.0503497314e+02 6.0565600586e+02 6.0604199219e+02 6.0614398193e+02 6.0645202637e+02 6.0691699219e+02 6.0717401123e+02 6.0741101074e+02 6.0761999512e+02
5.9583099365e+02 5.9573498535e+02 5.9592797852e+02 5.9593798828e+02 5.9595397949e+02 5.9596997070e+02 5.9611901855e+02 5.9602301025e+02 5.9598797607e+02 5.9591900635e+02 5.9586999512e+02 5.9586199951e+02 5.9586999512e+02 5.9596301270e+02 5.9615002441e+02 5.9645397949e+02 5.9701397705e+02 5.9774499512e+02 5.9846600342e+02 5.9874597168e+02 5.9923400879e+02 6.0009899902e+02 6.0081298828e+02 6.0097399902e+02 6.0118902588e+02 6.0141497803e+02 6.0165399170e+02 6.0200701904e+02 6.0240698242e+02 6.0278100586e+02 6.0299200439e+02 6.0308697510e+02 6.0329498291e+02 6.0357299805e+02 6.0387097168e+02 6.0429602051e+02 6.0465399170e+02 6.0491601563e+02 6.0515301514e+02 6.0555798340e+02 6.0589099121e+02 6.0632598877e+02 6.0682800293e+02 6.0710601807e+02 6.0734301758e+02 6.0758697510e+02
5.9492700195e+02 5.9471197510e+02 5.9506799316e+02 5.9552801514e+02 5.9579602051e+02 5.9595202637e+02 5.9596502686e+02 5.9596600342e+02 5.9598699951e+02 5.9592297363e+02 5.9572998047e+02 5.9572497559e+02 5.9567901611e+02 5.9569799805e+02 5.9586999512e+02 5.9620599365e+02 5.9686999512e+02 5.9777502441e+02 5.9892797852e+02 5.9970397949e+02 6.0018200684e+02 6.0064599609e+02 6.0101397705e+02 6.0114501953e+02 6.0134899902e+02 6.0157299805e+02 6.0180200195e+02 6.0209698486e+02 6.0241900635e+02 6.0272802734e+02 6.0289697266e+02 6.0301098633e+02 6.0322399902e+02 6.0349700928e+02 6.0375097656e+02 6.0406701660e+02 6.0454602051e+02 6.0493701172e+02 6.0513397217e+02 6.0542199707e+02 6.0580902100e+02 6.0622900391e+02 6.0667297363e+02 6.0702001953e+02 6.0728900146e+02 6.0759100342e+02
5.9415100098e+02 5.9377001953e+02 5.9395697021e+02 5.9436102295e+02 5.9477197266e+02 5.9508001709e+02 5.9519097900e+02 5.9521197510e+02 5.9523602295e+02 5.9523498535e+02 5.9510198975e+02 5.9520599365e+02 5.9527099609e+02 5.9532598877e+02 5.9551098633e+02 5.9584197998e+02 5.9652398682e+02 5.9755603027e+02 5.9900299072e+02 6.0015802002e+02 6.0067797852e+02 6.0092199707e+02 6.0106097412e+02 6.0123901367e+02 6.0145697021e+02 6.0169598389e+02 6.0189599609e+02 6.0212597656e+02 6.0234002686e+02 6.0257000732e+02 6.0275402832e+02 6.0292297363e+02 6.0313800049e+02 6.0338702393e+02 6.0364501953e+02 6.0390802002e+02 6.0435198975e+02 6.0485400391e+02 6.0519000244e+02 6.0537500000e+02 6.0574499512e+02 6.0617999268e+02 6.0655200195e+02 6.0694500732e+02 6.0722198486e+02 6.0751000977e+02
5.9358502197e+02 5.9305798340e+02 5.9305999756e+02 5.9324700928e+02 5.9360601807e+02 5.9392102051e+02 5.9403497314e+02 5.9397497559e+02 5.9394097900e+02 5.9400402832e+02 5.9410998535e+02 5.9452697754e+02 5.9484600830e+02 5.9503698730e+02 5.9524200439e+02 5.9548400879e+02 5.9607098389e+02 5.9710400391e+02 5.9865600586e+02 6.0007098389e+02 6.0070098877e+02 6.0088598633e+02 6.0101800537e+02 6.0127301025e+02 6.0148901367e+02 6.0170300293e+02 6.0190698242e+02 6.0212902832e+02 6.0225598145e+02 6.0240899658e+02 6.0262402344e+02 6.0285601807e+02 6.0308099365e+02 6.0329699707e+02 6.0352398682e+02 6.0374700928e+02 6.0412200928e+02 6.0466400146e+02 6.0516400146e+02 6.0537500000e+02 6.0567797852e+02 6.0610198975e+02 6.0649499512e+02 6.0691601563e+02 6.0716101074e+02 6.0741802979e+02
