TESTSERVER/8/6.asc
NCOLS 100
NROWS 100
XLLCORNER 7.8997500000e+03
YLLCORNER 2.8965025000e+05
CELLSIZE 5.0000000000e-01
NODATA_VALUE -9.9990000000e+03
[rows 60 to 79 of 100, columns 0 to 45 of 100]
5.9223797607e+02 5.9205102539e+02 5.9192797852e+02 5.9171197510e+02 5.9151202393e+02 5.9136700439e+02 5.9122601318e+02 5.9091198730e+02 5.9075299072e+02 5.9068597412e+02 5.9057702637e+02 5.9041101074e+02 5.9023101807e+02 5.9007202148e+02 5.8999798584e+02 5.8984100342e+02 5.8971002197e+02 5.8961102295e+02 5.8955499268e+02 5.8952697754e+02 5.8943200684e+02 5.8929199219e+02 5.8914898682e+02 5.8889898682e+02 5.8860400391e+02 5.8833502197e+02 5.8811297607e+02 5.8773199463e+02 5.8732202148e+02 5.8697802734e+02 5.8679998779e+02 5.8661401367e+02 5.8659497070e+02 5.8660198975e+02 5.8655603027e+02 5.8669000244e+02 5.8695898438e+02 5.8715399170e+02 5.8709600830e+02 5.8713702393e+02 5.8727301025e+02 5.8735400391e+02 5.8741497803e+02 5.8753997803e+02 5.8768298340e+02 5.8777301025e+02
5.9225598145e+02 5.9213500977e+02 5.9200000000e+02 5.9172698975e+02 5.9153302002e+02 5.9142498779e+02 5.9129797363e+02 5.9093200684e+02 5.9069201660e+02 5.9063500977e+02 5.9059197998e+02 5.9045397949e+02 5.9029699707e+02 5.9016802979e+02 5.9009698486e+02 5.8998101807e+02 5.8987200928e+02 5.8976898193e+02 5.8967700195e+02 5.8965899658e+02 5.8960302734e+02 5.8945898438e+02 5.8922198486e+02 5.8892901611e+02 5.8861901855e+02 5.8835998535e+02 5.8810498047e+02 5.8756201172e+02 5.8702398682e+02 5.8664599609e+02 5.8648297119e+02 5.8644201660e+02 5.8641998291e+02 5.8642199707e+02 5.8643798828e+02 5.8664599609e+02 5.8686499023e+02 5.8702801514e+02 5.8710797119e+02 5.8720898438e+02 5.8729101563e+02 5.8738000488e+02 5.8747198486e+02 5.8759100342e+02 5.8770501709e+02 5.8777697754e+02
5.9231201172e+02 5.9221099854e+02 5.9198297119e+02 5.9169000244e+02 5.9151501465e+02 5.9142901611e+02 5.9135998535e+02 5.9100000000e+02 5.9070001221e+02 5.9060900879e+02 5.9059197998e+02 5.9044799805e+02 5.9032202148e+02 5.9023901367e+02 5.9016302490e+02 5.9005297852e+02 5.8993798828e+02 5.8983001709e+02 5.8974401855e+02 5.8970697021e+02 5.8961297607e+02 5.8940399170e+02 5.8909100342e+02 5.8872698975e+02 5.8840002441e+02 5.8820501709e+02 5.8787902832e+02 5.8711999512e+02 5.8651098633e+02 5.8612402344e+02 5.8602801514e+02 5.8604797363e+02 5.8606799316e+02 5.8610601807e+02 5.8614300537e+02 5.8637097168e+02 5.8656500244e+02 5.8672100830e+02 5.8694097900e+02 5.8709301758e+02 5.8716998291e+02 5.8729302979e+02 5.8746099854e+02 5.8760900879e+02 5.8770300293e+02 5.8775402832e+02
5.9227001953e+02 5.9213500977e+02 5.9187298584e+02 5.9166198730e+02 5.9152398682e+02 5.9142797852e+02 5.9137902832e+02 5.9107501221e+02 5.9075097656e+02 5.9060998535e+02 5.9057897949e+02 5.9045202637e+02 5.9035900879e+02 5.9029797363e+02 5.9022497559e+02 5.9014501953e+02 5.9000000000e+02 5.8985797119e+02 5.8975799561e+02 5.8965802002e+02 5.8948602295e+02 5.8917498779e+02 5.8876397705e+02 5.8822601318e+02 5.8780401611e+02 5.8762200928e+02 5.8730798340e+02 5.8650097656e+02 5.8591302490e+02 5.8557897949e+02 5.8557202148e+02 5.8563201904e+02 5.8566998291e+02 5.8572900391e+02 5.8579199219e+02 5.8608697510e+02 5.8632299805e+02 5.8649902344e+02 5.8672900391e+02 5.8685998535e+02 5.8694598389e+02 5.8712097168e+02 5.8738702393e+02 5.8759100342e+02 5.8767700195e+02 5.8771398926e+02
5.9214599609e+02 5.9198602295e+02 5.9186297607e+02 5.9175799561e+02 5.9160797119e+02 5.9144000244e+02 5.9133001709e+02 5.9104797363e+02 5.9074700928e+02 5.9056298828e+02 5.9046600342e+02 5.9044299316e+02 5.9040698242e+02 5.9033001709e+02 5.9025299072e+02 5.9017700195e+02 5.9001702881e+02 5.8984399414e+02 5.8969799805e+02 5.8955700684e+02 5.8935101318e+02 5.8896801758e+02 5.8833599854e+02 5.8756799316e+02 5.8696502686e+02 5.8663098145e+02 5.8635900879e+02 5.8587200928e+02 5.8543902588e+02 5.8523999023e+02 5.8535302734e+02 5.8536798096e+02 5.8538098145e+02 5.8542498779e+02 5.8555200195e+02 5.8587500000e+02 5.8621697998e+02 5.8649298096e+02 5.8672601318e+02 5.8669702148e+02 5.8679602051e+02 5.8703198242e+02 5.8738897705e+02 5.8758801270e+02 5.8764898682e+02 5.8767297363e+02
5.9211199951e+02 5.9194598389e+02 5.9187200928e+02 5.9178100586e+02 5.9162298584e+02 5.9143701172e+02 5.9125701904e+02 5.9101098633e+02 5.9079199219e+02 5.9060797119e+02 5.9048797607e+02 5.9048297119e+02 5.9041699219e+02 5.9027697754e+02 5.9019500732e+02 5.9013598633e+02 5.8997998047e+02 5.8981097412e+02 5.8969598389e+02 5.8958197021e+02 5.8932397461e+02 5.8877502441e+02 5.8794897461e+02 5.8713000488e+02 5.8647399902e+02 5.8603002930e+02 5.8580401611e+02 5.8551898193e+02 5.8534002686e+02 5.8531201172e+02 5.8536798096e+02 5.8532897949e+02 5.8531298828e+02 5.8533001709e+02 5.8543597412e+02 5.8570202637e+02 5.8596600342e+02 5.8617602539e+02 5.8629302979e+02 5.8634100342e+02 5.8658398438e+02 5.8702600098e+02 5.8747601318e+02 5.8764898682e+02 5.8762298584e+02 5.8762902832e+02
5.9205401611e+02 5.9193701172e+02 5.9185302734e+02 5.9170001221e+02 5.9157897949e+02 5.9142999268e+02 5.9118499756e+02 5.9094897461e+02 5.9079797363e+02 5.9066699219e+02 5.9054797363e+02 5.9048699951e+02 5.9033801270e+02 5.9018200684e+02 5.9013598633e+02 5.9009802246e+02 5.8995697021e+02 5.8980798340e+02 5.8971197510e+02 5.8959399414e+02 5.8927899170e+02 5.8863500977e+02 5.8771801758e+02 5.8690197754e+02 5.8626898193e+02 5.8582800293e+02 5.8557702637e+02 5.8545001221e+02 5.8540301514e+02 5.8542199707e+02 5.8543798828e+02 5.8539202881e+02 5.8536700439e+02 5.8536297607e+02 5.8542700195e+02 5.8554302979e+02 5.8562500000e+02 5.8568402100e+02 5.8573101807e+02 5.8586901855e+02 5.8627899170e+02 5.8688397217e+02 5.8745800781e+02 5.8765002441e+02 5.8760302734e+02 5.8761602783e+02
5.9194500732e+02 5.9188800049e+02 5.9181500244e+02 5.9162597656e+02 5.9154699707e+02 5.9142700195e+02 5.9112701416e+02 5.9086401367e+02 5.9072698975e+02 5.9062402344e+02 5.9051501465e+02 5.9038897705e+02 5.9020501709e+02 5.9007202148e+02 5.9003399658e+02 5.8999597168e+02 5.8989898682e+02 5.8978997803e+02 5.8968597412e+02 5.8951599121e+02 5.8914801025e+02 5.8847698975e+02 5.8758398438e+02 5.8679797363e+02 5.8623297119e+02 5.8585601807e+02 5.8559197998e+02 5.8551202393e+02 5.8548498535e+02 5.8547302246e+02 5.8545300293e+02 5.8544299316e+02 5.8542401123e+02 5.8541900635e+02 5.8545202637e+02 5.8544799805e+02 5.8540002441e+02 5.8539202881e+02 5.8551599121e+02 5.8575897217e+02 5.8617297363e+02 5.8673297119e+02 5.8731896973e+02 5.8759497070e+02 5.8759301758e+02 5.8764599609e+02
5.9198400879e+02 5.9181500244e+02 5.9174401855e+02 5.9159002686e+02 5.9152600098e+02 5.9141998291e+02 5.9115100098e+02 5.9085797119e+02 5.9067297363e+02 5.9053399658e+02 5.9039501953e+02 5.9024902344e+02 5.9012200928e+02 5.9002502441e+02 5.8993103027e+02 5.8984497070e+02 5.8978698730e+02 5.8971197510e+02 5.8959600830e+02 5.8934802246e+02 5.8890802002e+02 5.8819396973e+02 5.8736999512e+02 5.8671002197e+02 5.8624401855e+02 5.8595501709e+02 5.8571600342e+02 5.8562200928e+02 5.8553900146e+02 5.8545202637e+02 5.8539001465e+02 5.8539202881e+02 5.8538897705e+02 5.8540197754e+02 5.8539801025e+02 5.8536700439e+02 5.8536602783e+02 5.8551501465e+02 5.8601898193e+02 5.8630902100e+02 5.8645397949e+02 5.8666601563e+02 5.8711999512e+02 5.8750598145e+02 5.8759197998e+02 5.8770300293e+02
5.9216699219e+02 5.9181799316e+02 5.9172100830e+02 5.9157897949e+02 5.9149597168e+02 5.9140600586e+02 5.9120098877e+02 5.9091802979e+02 5.9069201660e+02 5.9050201416e+02 5.9028601074e+02 5.9012200928e+02 5.9008599854e+02 5.9003802490e+02 5.8990301514e+02 5.8978997803e+02 5.8971600342e+02 5.8960699463e+02 5.8941400146e+02 5.8914697266e+02 5.8866497803e+02 5.8784600830e+02 5.8708197021e+02 5.8655499268e+02 5.8619299316e+02 5.8597198486e+02 5.8577600098e+02 5.8570800781e+02 5.8559301758e+02 5.8543499756e+02 5.8533197021e+02 5.8532800293e+02 5.8532702637e+02 5.8534698486e+02 5.8534497070e+02 5.8529998779e+02 5.8541998291e+02 5.8573797607e+02 5.8636297607e+02 5.8690502930e+02 5.8686901855e+02 5.8682098389e+02 5.8715997314e+02 5.8747399902e+02 5.8757397461e+02 5.8775701904e+02
5.9237298584e+02 5.9194897461e+02 5.9177099609e+02 5.9160198975e+02 5.9146801758e+02 5.9134002686e+02 5.9115197754e+02 5.9093798828e+02 5.9078497314e+02 5.9062097168e+02 5.9034600830e+02 5.9010998535e+02 5.9006896973e+02 5.9001599121e+02 5.8985601807e+02 5.8970898438e+02 5.8957000732e+02 5.8939099121e+02 5.8914697266e+02 5.8889501953e+02 5.8844897461e+02 5.8766998291e+02 5.8697399902e+02 5.8649200439e+02 5.8613098145e+02 5.8591198730e+02 5.8576501465e+02 5.8571301270e+02 5.8558898926e+02 5.8541198730e+02 5.8529199219e+02 5.8528802490e+02 5.8528997803e+02 5.8531799316e+02 5.8532800293e+02 5.8530297852e+02 5.8545697021e+02 5.8581402588e+02 5.8644500732e+02 5.8709100342e+02 5.8713299561e+02 5.8704901123e+02 5.8724798584e+02 5.8746502686e+02 5.8758898926e+02 5.8785998535e+02
5.9253997803e+02 5.9211499023e+02 5.9184301758e+02 5.9161901855e+02 5.9146502686e+02 5.9132000732e+02 5.9110699463e+02 5.9098498535e+02 5.9090997314e+02 5.9077600098e+02 5.9052099609e+02 5.9022198486e+02 5.9008001709e+02 5.8994201660e+02 5.8975402832e+02 5.8957000732e+02 5.8935998535e+02 5.8911999512e+02 5.8884301758e+02 5.8859997559e+02 5.8824102783e+02 5.8760900879e+02 5.8699902344e+02 5.8647399902e+02 5.8607598877e+02 5.8586199951e+02 5.8575402832e+02 5.8565399170e+02 5.8551800537e+02 5.8536901855e+02 5.8527099609e+02 5.8526300049e+02 5.8526898193e+02 5.8530401611e+02 5.8533197021e+02 5.8530297852e+02 5.8543499756e+02 5.8576000977e+02 5.8626702881e+02 5.8700201416e+02 5.8724401855e+02 5.8723602295e+02 5.8733502197e+02 5.8746197510e+02 5.8761499023e+02 5.8795697021e+02
5.9289202881e+02 5.9234497070e+02 5.9196997070e+02 5.9161798096e+02 5.9141198730e+02 5.9126000977e+02 5.9111901855e+02 5.9107800293e+02 5.9099798584e+02 5.9087902832e+02 5.9071801758e+02 5.9040301514e+02 5.9010900879e+02 5.8985198975e+02 5.8962298584e+02 5.8939898682e+02 5.8915899658e+02 5.8888800049e+02 5.8860900879e+02 5.8834301758e+02 5.8799200439e+02 5.8746600342e+02 5.8680603027e+02 5.8630200195e+02 5.8594000244e+02 5.8578601074e+02 5.8569799805e+02 5.8555200195e+02 5.8540698242e+02 5.8530401611e+02 5.8525201416e+02 5.8525201416e+02 5.8526000977e+02 5.8529199219e+02 5.8527801514e+02 5.8526800537e+02 5.8535498047e+02 5.8560498047e+02 5.8594702148e+02 5.8673498535e+02 5.8721502686e+02 5.8734698486e+02 5.8737701416e+02 5.8747399902e+02 5.8766900635e+02 5.8801702881e+02
5.9352600098e+02 5.9288000488e+02 5.9234899902e+02 5.9180902100e+02 5.9146600342e+02 5.9129302979e+02 5.9117700195e+02 5.9109497070e+02 5.9102600098e+02 5.9094500732e+02 5.9079901123e+02 5.9049102783e+02 5.9013299561e+02 5.8980200195e+02 5.8947497559e+02 5.8916802979e+02 5.8884802246e+02 5.8856402588e+02 5.8832397461e+02 5.8805999756e+02 5.8758801270e+02 5.8691699219e+02 5.8625500488e+02 5.8589099121e+02 5.8563098145e+02 5.8551800537e+02 5.8548901367e+02 5.8539599609e+02 5.8531597900e+02 5.8525897217e+02 5.8525000000e+02 5.8526098633e+02 5.8527398682e+02 5.8530401611e+02 5.8532098389e+02 5.8529602051e+02 5.8538000488e+02 5.8560601807e+02 5.8592999268e+02 5.8660601807e+02 5.8714697266e+02 5.8734399414e+02 5.8739099121e+02 5.8751599121e+02 5.8773101807e+02 5.8806500244e+02
5.9376202393e+02 5.9312701416e+02 5.9259802246e+02 5.9203698730e+02 5.9163897705e+02 5.9143701172e+02 5.9128802490e+02 5.9113500977e+02 5.9107299805e+02 5.9099102783e+02 5.9083898926e+02 5.9057800293e+02 5.9017102051e+02 5.8969897461e+02 5.8921197510e+02 5.8874401855e+02 5.8832098389e+02 5.8804101563e+02 5.8787500000e+02 5.8755102539e+02 5.8699798584e+02 5.8629699707e+02 5.8573999023e+02 5.8551098633e+02 5.8534100342e+02 5.8527899170e+02 5.8530603027e+02 5.8528399658e+02 5.8525701904e+02 5.8524401855e+02 5.8526300049e+02 5.8528497314e+02 5.8530902100e+02 5.8534399414e+02 5.8539697266e+02 5.8541497803e+02 5.8549597168e+02 5.8569897461e+02 5.8604901123e+02 5.8668402100e+02 5.8716802979e+02 5.8735198975e+02 5.8740997314e+02 5.8758599854e+02 5.8784497070e+02 5.8819897461e+02
5.9375000000e+02 5.9314501953e+02 5.9263598633e+02 5.9217700195e+02 5.9175897217e+02 5.9148699951e+02 5.9133398438e+02 5.9116802979e+02 5.9111700439e+02 5.9101800537e+02 5.9085198975e+02 5.9066101074e+02 5.9024499512e+02 5.8965698242e+02 5.8901300049e+02 5.8839599609e+02 5.8782598877e+02 5.8744299316e+02 5.8726702881e+02 5.8689398193e+02 5.8637298584e+02 5.8582098389e+02 5.8545397949e+02 5.8530200195e+02 5.8518798828e+02 5.8515802002e+02 5.8519897461e+02 5.8521301270e+02 5.8522802734e+02 5.8524700928e+02 5.8527600098e+02 5.8530798340e+02 5.8534802246e+02 5.8539501953e+02 5.8548297119e+02 5.8554302979e+02 5.8562597656e+02 5.8581097412e+02 5.8618298340e+02 5.8680798340e+02 5.8723699951e+02 5.8739398193e+02 5.8744598389e+02 5.8767901611e+02 5.8799401855e+02 5.8837701416e+02
5.9389300537e+02 5.9321997070e+02 5.9265997314e+02 5.9226098633e+02 5.9184100342e+02 5.9148797607e+02 5.9127600098e+02 5.9118200684e+02 5.9113500977e+02 5.9103399658e+02 5.9085302734e+02 5.9071997070e+02 5.9038201904e+02 5.8980102539e+02 5.8911798096e+02 5.8848498535e+02 5.8775500488e+02 5.8709100342e+02 5.8662097168e+02 5.8625299072e+02 5.8584399414e+02 5.8551000977e+02 5.8535302734e+02 5.8522802734e+02 5.8513702393e+02 5.8510797119e+02 5.8514099121e+02 5.8517498779e+02 5.8520397949e+02 5.8523400879e+02 5.8526501465e+02 5.8533001709e+02 5.8539898682e+02 5.8547802734e+02 5.8559698486e+02 5.8560998535e+02 5.8569598389e+02 5.8589501953e+02 5.8624200439e+02 5.8688702393e+02 5.8732397461e+02 5.8746301270e+02 5.8753802490e+02 5.8779901123e+02 5.8814202881e+02 5.8853002930e+02
5.9424798584e+02 5.9352001953e+02 5.9288000488e+02 5.9245599365e+02 5.9203302002e+02 5.9166198730e+02 5.9138500977e+02 5.9124902344e+02 5.9123699951e+02 5.9117199707e+02 5.9100000000e+02 5.9091400146e+02 5.9068701172e+02 5.9016302490e+02 5.8943798828e+02 5.8871899414e+02 5.8784399414e+02 5.8699200439e+02 5.8634698486e+02 5.8598297119e+02 5.8567297363e+02 5.8544000244e+02 5.8532897949e+02 5.8518499756e+02 5.8508502197e+02 5.8505102539e+02 5.8507397461e+02 5.8510699463e+02 5.8513598633e+02 5.8517797852e+02 5.8523602295e+02 5.8531097412e+02 5.8540802002e+02 5.8553900146e+02 5.8568402100e+02 5.8576000977e+02 5.8592401123e+02 5.8620501709e+02 5.8663397217e+02 5.8711602783e+02 5.8736999512e+02 5.8745300293e+02 5.8760797119e+02 5.8791802979e+02 5.8826300049e+02 5.8863598633e+02
5.9451300049e+02 5.9377899170e+02 5.9308502197e+02 5.9261999512e+02 5.9216101074e+02 5.9176300049e+02 5.9145898438e+02 5.9132702637e+02 5.9135797119e+02 5.9131701660e+02 5.9111297607e+02 5.9101000977e+02 5.9088800049e+02 5.9051599121e+02 5.8979400635e+02 5.8895800781e+02 5.8795202637e+02 5.8695898438e+02 5.8618200684e+02 5.8579302979e+02 5.8553900146e+02 5.8537701416e+02 5.8530603027e+02 5.8515399170e+02 5.8505999756e+02 5.8502600098e+02 5.8503997803e+02 5.8506097412e+02 5.8508801270e+02 5.8513299561e+02 5.8519299316e+02 5.8526202393e+02 5.8536901855e+02 5.8552600098e+02 5.8573297119e+02 5.8595397949e+02 5.8622497559e+02 5.8655102539e+02 5.8697900391e+02 5.8722100830e+02 5.8729302979e+02 5.8737799072e+02 5.8763897705e+02 5.8803802490e+02 5.8844000244e+02 5.8882897949e+02
5.9468200684e+02 5.9394598389e+02 5.9317999268e+02 5.9261499023e+02 5.9210699463e+02 5.9169396973e+02 5.9139898682e+02 5.9128002930e+02 5.9128302002e+02 5.9119799805e+02 5.9097497559e+02 5.9076800537e+02 5.9070098877e+02 5.9050799561e+02 5.8986798096e+02 5.8899597168e+02 5.8798602295e+02 5.8697802734e+02 5.8615600586e+02 5.8571899414e+02 5.8545501709e+02 5.8530401611e+02 5.8525799561e+02 5.8514001465e+02 5.8506298828e+02 5.8503497314e+02 5.8504101563e+02 5.8504199219e+02 5.8505603027e+02 5.8509301758e+02 5.8514398193e+02 5.8519500732e+02 5.8529901123e+02 5.8546997070e+02 5.8572198486e+02 5.8609100342e+02 5.8646899414e+02 5.8681298828e+02 5.8709997559e+02 5.8714099121e+02 5.8718902588e+02 5.8734802246e+02 5.8768597412e+02 5.8818597412e+02 5.8866802979e+02 5.8908300781e+02
