TESTSERVER/8/6.asc
NCOLS 100
NROWS 100
XLLCORNER 7.8997500000e+03
YLLCORNER 2.8965025000e+05
CELLSIZE 5.0000000000e-01
NODATA_VALUE -9.9990000000e+03
[rows 20 to 39 of 100, columns 0 to 45 of 100]
5.9528100586e+02 5.9411102295e+02 5.9268298340e+02 5.9250897217e+02 5.9247497559e+02 5.9203198242e+02 5.9152801514e+02 5.9110302734e+02 5.9022497559e+02 5.8927600098e+02 5.8879998779e+02 5.8862701416e+02 5.8851599121e+02 5.8845800781e+02 5.8831597900e+02 5.8848297119e+02 5.8837402344e+02 5.8807098389e+02 5.8781298828e+02 5.8775500488e+02 5.8766497803e+02 5.8768200684e+02 5.8773699951e+02 5.8775000000e+02 5.8795898438e+02 5.8811798096e+02 5.8793298340e+02 5.8763098145e+02 5.8763598633e+02 5.8792901611e+02 5.8835900879e+02 5.8852899170e+02 5.8857000732e+02 5.8884997559e+02 5.8976397705e+02 5.9176501465e+02 5.9302301025e+02 5.9359698486e+02 5.9357598877e+02 5.9363201904e+02 5.9383300781e+02 5.9427301025e+02 5.9487200928e+02 5.9520697021e+02 5.9566699219e+02 5.9639398193e+02
5.9549102783e+02 5.9451098633e+02 5.9291900635e+02 5.9251800537e+02 5.9257897949e+02 5.9220599365e+02 5.9160699463e+02 5.9117297363e+02 5.9034301758e+02 5.8933697510e+02 5.8860699463e+02 5.8833099365e+02 5.8822900391e+02 5.8830700684e+02 5.8822601318e+02 5.8824102783e+02 5.8810498047e+02 5.8775000000e+02 5.8753497314e+02 5.8751501465e+02 5.8751898193e+02 5.8772802734e+02 5.8790100098e+02 5.8783898926e+02 5.8780798340e+02 5.8775000000e+02 5.8760302734e+02 5.8738897705e+02 5.8735101318e+02 5.8756402588e+02 5.8798699951e+02 5.8832000732e+02 5.8846197510e+02 5.8868798828e+02 5.8922198486e+02 5.9060797119e+02 5.9188201904e+02 5.9271997070e+02 5.9287902832e+02 5.9290997314e+02 5.9326098633e+02 5.9385797119e+02 5.9452502441e+02 5.9492901611e+02 5.9534002686e+02 5.9600201416e+02
5.9566101074e+02 5.9490197754e+02 5.9333697510e+02 5.9240899658e+02 5.9233099365e+02 5.9209802246e+02 5.9162902832e+02 5.9124798584e+02 5.9045697021e+02 5.8942901611e+02 5.8859997559e+02 5.8832098389e+02 5.8805401611e+02 5.8802301025e+02 5.8802197266e+02 5.8795001221e+02 5.8784399414e+02 5.8760900879e+02 5.8746398926e+02 5.8743701172e+02 5.8745501709e+02 5.8769897461e+02 5.8801000977e+02 5.8804901123e+02 5.8794897461e+02 5.8776098633e+02 5.8756201172e+02 5.8738500977e+02 5.8729998779e+02 5.8741699219e+02 5.8774902344e+02 5.8817999268e+02 5.8835601807e+02 5.8849298096e+02 5.8873797607e+02 5.8950500488e+02 5.9054998779e+02 5.9153601074e+02 5.9209698486e+02 5.9242901611e+02 5.9297302246e+02 5.9360998535e+02 5.9419396973e+02 5.9464099121e+02 5.9502197266e+02 5.9553198242e+02
5.9581701660e+02 5.9519897461e+02 5.9383599854e+02 5.9234399414e+02 5.9199200439e+02 5.9187902832e+02 5.9156799316e+02 5.9121002197e+02 5.9044702148e+02 5.8944897461e+02 5.8886999512e+02 5.8873199463e+02 5.8819201660e+02 5.8788800049e+02 5.8788598633e+02 5.8776397705e+02 5.8770397949e+02 5.8762298584e+02 5.8751599121e+02 5.8741699219e+02 5.8739898682e+02 5.8760400391e+02 5.8795800781e+02 5.8812902832e+02 5.8805798340e+02 5.8784497070e+02 5.8763800049e+02 5.8747998047e+02 5.8736602783e+02 5.8741497803e+02 5.8765002441e+02 5.8811999512e+02 5.8831701660e+02 5.8837402344e+02 5.8846301270e+02 5.8878802490e+02 5.8948999023e+02 5.9040698242e+02 5.9124798584e+02 5.9199902344e+02 5.9278698730e+02 5.9346801758e+02 5.9390301514e+02 5.9436499023e+02 5.9476098633e+02 5.9516699219e+02
5.9587402344e+02 5.9523901367e+02 5.9400299072e+02 5.9247302246e+02 5.9173999023e+02 5.9160601807e+02 5.9138098145e+02 5.9103198242e+02 5.9040997314e+02 5.8960699463e+02 5.8937902832e+02 5.8894799805e+02 5.8815002441e+02 5.8782501221e+02 5.8784698486e+02 5.8773199463e+02 5.8765899658e+02 5.8765399170e+02 5.8762701416e+02 5.8743902588e+02 5.8738897705e+02 5.8749902344e+02 5.8774597168e+02 5.8804400635e+02 5.8804400635e+02 5.8786700439e+02 5.8761700439e+02 5.8747399902e+02 5.8739300537e+02 5.8743103027e+02 5.8760998535e+02 5.8808398438e+02 5.8834100342e+02 5.8837500000e+02 5.8837097168e+02 5.8848999023e+02 5.8886700439e+02 5.8950402832e+02 5.9019799805e+02 5.9125799561e+02 5.9235198975e+02 5.9317602539e+02 5.9361102295e+02 5.9407098389e+02 5.9452697754e+02 5.9497302246e+02
5.9602398682e+02 5.9553900146e+02 5.9455401611e+02 5.9286499023e+02 5.9180102539e+02 5.9150598145e+02 5.9121197510e+02 5.9077801514e+02 5.9035400391e+02 5.8985302734e+02 5.8961297607e+02 5.8897497559e+02 5.8807897949e+02 5.8780999756e+02 5.8784899902e+02 5.8774597168e+02 5.8774597168e+02 5.8777398682e+02 5.8766497803e+02 5.8746997070e+02 5.8740197754e+02 5.8745800781e+02 5.8761700439e+02 5.8785900879e+02 5.8789398193e+02 5.8775299072e+02 5.8753497314e+02 5.8740600586e+02 5.8736798096e+02 5.8735998535e+02 5.8745300293e+02 5.8785198975e+02 5.8816601563e+02 5.8831597900e+02 5.8837097168e+02 5.8841601563e+02 5.8859100342e+02 5.8889697266e+02 5.8928198242e+02 5.9014398193e+02 5.9134002686e+02 5.9250201416e+02 5.9331500244e+02 5.9375201416e+02 5.9421997070e+02 5.9474102783e+02
5.9626300049e+02 5.9592498779e+02 5.9497302246e+02 5.9314801025e+02 5.9184899902e+02 5.9140100098e+02 5.9113000488e+02 5.9075402832e+02 5.9034600830e+02 5.8994702148e+02 5.8966699219e+02 5.8930902100e+02 5.8867498779e+02 5.8821002197e+02 5.8792498779e+02 5.8771899414e+02 5.8773602295e+02 5.8779797363e+02 5.8767297363e+02 5.8747802734e+02 5.8740502930e+02 5.8743597412e+02 5.8754199219e+02 5.8772198486e+02 5.8776501465e+02 5.8765100098e+02 5.8745300293e+02 5.8734802246e+02 5.8732897949e+02 5.8730401611e+02 5.8731597900e+02 5.8751000977e+02 5.8776501465e+02 5.8803002930e+02 5.8828198242e+02 5.8839599609e+02 5.8851898193e+02 5.8865899658e+02 5.8879302979e+02 5.8927502441e+02 5.9028900146e+02 5.9163500977e+02 5.9290600586e+02 5.9341900635e+02 5.9386102295e+02 5.9438800049e+02
5.9648297119e+02 5.9605999756e+02 5.9484100342e+02 5.9296997070e+02 5.9170098877e+02 5.9126599121e+02 5.9106201172e+02 5.9080798340e+02 5.9043701172e+02 5.9012298584e+02 5.8993499756e+02 5.8993701172e+02 5.8962298584e+02 5.8896697998e+02 5.8823797607e+02 5.8777099609e+02 5.8768103027e+02 5.8771997070e+02 5.8764501953e+02 5.8749700928e+02 5.8742498779e+02 5.8743902588e+02 5.8753802490e+02 5.8771301270e+02 5.8775500488e+02 5.8764099121e+02 5.8741699219e+02 5.8729101563e+02 5.8727801514e+02 5.8727398682e+02 5.8728802490e+02 5.8729901123e+02 5.8740502930e+02 5.8764300537e+02 5.8796002197e+02 5.8820001221e+02 5.8843298340e+02 5.8859899902e+02 5.8866802979e+02 5.8878002930e+02 5.8940301514e+02 5.9067401123e+02 5.9230297852e+02 5.9309600830e+02 5.9357501221e+02 5.9408801270e+02
5.9666302490e+02 5.9581597900e+02 5.9394799805e+02 5.9213201904e+02 5.9137799072e+02 5.9113702393e+02 5.9090600586e+02 5.9072497559e+02 5.9045300293e+02 5.9030999756e+02 5.9024499512e+02 5.9012500000e+02 5.8982702637e+02 5.8929400635e+02 5.8881402588e+02 5.8840002441e+02 5.8803997803e+02 5.8773699951e+02 5.8758300781e+02 5.8752398682e+02 5.8746099854e+02 5.8745300293e+02 5.8751599121e+02 5.8768499756e+02 5.8774401855e+02 5.8766400146e+02 5.8743701172e+02 5.8728302002e+02 5.8726702881e+02 5.8730297852e+02 5.8738800049e+02 5.8733697510e+02 5.8730200195e+02 5.8736199951e+02 5.8747698975e+02 5.8780401611e+02 5.8821997070e+02 5.8856402588e+02 5.8870501709e+02 5.8862500000e+02 5.8882897949e+02 5.8976702881e+02 5.9144097900e+02 5.9279498291e+02 5.9348901367e+02 5.9401397705e+02
5.9641497803e+02 5.9487402344e+02 5.9280603027e+02 5.9159497070e+02 5.9145300293e+02 5.9126300049e+02 5.9097802734e+02 5.9069396973e+02 5.9042700195e+02 5.9028601074e+02 5.9013500977e+02 5.8994299316e+02 5.8980798340e+02 5.8964398193e+02 5.8958502197e+02 5.8946002197e+02 5.8875500488e+02 5.8789801025e+02 5.8749700928e+02 5.8749298096e+02 5.8745300293e+02 5.8744299316e+02 5.8743499756e+02 5.8748199463e+02 5.8752899170e+02 5.8750799561e+02 5.8737597656e+02 5.8728698730e+02 5.8730102539e+02 5.8735699463e+02 5.8739801025e+02 5.8733801270e+02 5.8730999756e+02 5.8733599854e+02 5.8739697266e+02 5.8751800537e+02 5.8780200195e+02 5.8817797852e+02 5.8853002930e+02 5.8859197998e+02 5.8864801025e+02 5.8919598389e+02 5.9043902588e+02 5.9152502441e+02 5.9230902100e+02 5.9309197998e+02
5.9563702393e+02 5.9365100098e+02 5.9204302979e+02 5.9177899170e+02 5.9171398926e+02 5.9145098877e+02 5.9115802002e+02 5.9079602051e+02 5.9053198242e+02 5.9047998047e+02 5.9030999756e+02 5.9003002930e+02 5.8996899414e+02 5.9001898193e+02 5.9012500000e+02 5.8997998047e+02 5.8907299805e+02 5.8797497559e+02 5.8744799805e+02 5.8746099854e+02 5.8743902588e+02 5.8744201660e+02 5.8741497803e+02 5.8736999512e+02 5.8736499023e+02 5.8736102295e+02 5.8731201172e+02 5.8727697754e+02 5.8731500244e+02 5.8737701416e+02 5.8739801025e+02 5.8734600830e+02 5.8732098389e+02 5.8732897949e+02 5.8737799072e+02 5.8742498779e+02 5.8752001953e+02 5.8772198486e+02 5.8818200684e+02 5.8853997803e+02 5.8861798096e+02 5.8884497070e+02 5.8949902344e+02 5.9017999268e+02 5.9090698242e+02 5.9194702148e+02
5.9485498047e+02 5.9286199951e+02 5.9204699707e+02 5.9207202148e+02 5.9182397461e+02 5.9157702637e+02 5.9135400391e+02 5.9102801514e+02 5.9081701660e+02 5.9085900879e+02 5.9065399170e+02 5.9018798828e+02 5.9001599121e+02 5.9005499268e+02 5.9023901367e+02 5.9007000732e+02 5.8912298584e+02 5.8801898193e+02 5.8749102783e+02 5.8747900391e+02 5.8747601318e+02 5.8750500488e+02 5.8748400879e+02 5.8736901855e+02 5.8729602051e+02 5.8726800537e+02 5.8725299072e+02 5.8725897217e+02 5.8731402588e+02 5.8737500000e+02 5.8738897705e+02 5.8736602783e+02 5.8735400391e+02 5.8735400391e+02 5.8737500000e+02 5.8745098877e+02 5.8747399902e+02 5.8749700928e+02 5.8781402588e+02 5.8838098145e+02 5.8859497070e+02 5.8865899658e+02 5.8883801270e+02 5.8907598877e+02 5.8966497803e+02 5.9089398193e+02
5.9423999023e+02 5.9272399902e+02 5.9240802002e+02 5.9217401123e+02 5.9186602783e+02 5.9168200684e+02 5.9146301270e+02 5.9121099854e+02 5.9104400635e+02 5.9101501465e+02 5.9058898926e+02 5.9035699463e+02 5.9023199463e+02 5.9017102051e+02 5.9017999268e+02 5.9001397705e+02 5.8907800293e+02 5.8805603027e+02 5.8766497803e+02 5.8758502197e+02 5.8763702393e+02 5.8771697998e+02 5.8765698242e+02 5.8745098877e+02 5.8730999756e+02 5.8722302246e+02 5.8721600342e+02 5.8723602295e+02 5.8728997803e+02 5.8735101318e+02 5.8738598633e+02 5.8738800049e+02 5.8739898682e+02 5.8740899658e+02 5.8741497803e+02 5.8748498535e+02 5.8755603027e+02 5.8754400635e+02 5.8758502197e+02 5.8805200195e+02 5.8847302246e+02 5.8862597656e+02 5.8857897949e+02 5.8847802734e+02 5.8898297119e+02 5.9038098145e+02
5.9346099854e+02 5.9260797119e+02 5.9254400635e+02 5.9228900146e+02 5.9203900146e+02 5.9187799072e+02 5.9162097168e+02 5.9137500000e+02 5.9124597168e+02 5.9120001221e+02 5.9073498535e+02 5.9038598633e+02 5.9028997803e+02 5.9018701172e+02 5.9015197754e+02 5.8979498291e+02 5.8877001953e+02 5.8803497314e+02 5.8791302490e+02 5.8786999512e+02 5.8796002197e+02 5.8805297852e+02 5.8785198975e+02 5.8753601074e+02 5.8734802246e+02 5.8720202637e+02 5.8718597412e+02 5.8722302246e+02 5.8726501465e+02 5.8732800293e+02 5.8738397217e+02 5.8739801025e+02 5.8741998291e+02 5.8744299316e+02 5.8746801758e+02 5.8753497314e+02 5.8758398438e+02 5.8759600830e+02 5.8751202393e+02 5.8770001221e+02 5.8818402100e+02 5.8853302002e+02 5.8856500244e+02 5.8844000244e+02 5.8889599609e+02 5.9026300049e+02
5.9319299316e+02 5.9282800293e+02 5.9274798584e+02 5.9244097900e+02 5.9224102783e+02 5.9209497070e+02 5.9181201172e+02 5.9152600098e+02 5.9135900879e+02 5.9124401855e+02 5.9079400635e+02 5.9034698486e+02 5.9006402588e+02 5.8978900146e+02 5.8970098877e+02 5.8922100830e+02 5.8848797607e+02 5.8825598145e+02 5.8819702148e+02 5.8812597656e+02 5.8818103027e+02 5.8822100830e+02 5.8799902344e+02 5.8765802002e+02 5.8743298340e+02 5.8723498535e+02 5.8718298340e+02 5.8721899414e+02 5.8725500488e+02 5.8731402588e+02 5.8737298584e+02 5.8739599609e+02 5.8742102051e+02 5.8744702148e+02 5.8748199463e+02 5.8753802490e+02 5.8756298828e+02 5.8755499268e+02 5.8745202637e+02 5.8752801514e+02 5.8795098877e+02 5.8836102295e+02 5.8855297852e+02 5.8844396973e+02 5.8881298828e+02 5.9002697754e+02
5.9339300537e+02 5.9321398926e+02 5.9292401123e+02 5.9261602783e+02 5.9238702393e+02 5.9220397949e+02 5.9194598389e+02 5.9161798096e+02 5.9139300537e+02 5.9118597412e+02 5.9077197266e+02 5.9035198975e+02 5.8994799805e+02 5.8944396973e+02 5.8914099121e+02 5.8883001709e+02 5.8853198242e+02 5.8852301025e+02 5.8838702393e+02 5.8828100586e+02 5.8821801758e+02 5.8815600586e+02 5.8803497314e+02 5.8778002930e+02 5.8753997803e+02 5.8730603027e+02 5.8720697021e+02 5.8722198486e+02 5.8724700928e+02 5.8729699707e+02 5.8735400391e+02 5.8738000488e+02 5.8740502930e+02 5.8743103027e+02 5.8745898438e+02 5.8748602295e+02 5.8748999023e+02 5.8746899414e+02 5.8740399170e+02 5.8746197510e+02 5.8776000977e+02 5.8811901855e+02 5.8843103027e+02 5.8837500000e+02 5.8864697266e+02 5.8966400146e+02
5.9384002686e+02 5.9353900146e+02 5.9312799072e+02 5.9281701660e+02 5.9252502441e+02 5.9229400635e+02 5.9208599854e+02 5.9173901367e+02 5.9148498535e+02 5.9122399902e+02 5.9081701660e+02 5.9048101807e+02 5.9009100342e+02 5.8952801514e+02 5.8903802490e+02 5.8877600098e+02 5.8864697266e+02 5.8858801270e+02 5.8854101563e+02 5.8840002441e+02 5.8814697266e+02 5.8788299561e+02 5.8794897461e+02 5.8796801758e+02 5.8766101074e+02 5.8727801514e+02 5.8710302734e+02 5.8723699951e+02 5.8724700928e+02 5.8728302002e+02 5.8731799316e+02 5.8734002686e+02 5.8736102295e+02 5.8738500977e+02 5.8738500977e+02 5.8738500977e+02 5.8738098145e+02 5.8737701416e+02 5.8743200684e+02 5.8750000000e+02 5.8762298584e+02 5.8780999756e+02 5.8810699463e+02 5.8825201416e+02 5.8838397217e+02 5.8907098389e+02
5.9404101563e+02 5.9368902588e+02 5.9331402588e+02 5.9297399902e+02 5.9258898926e+02 5.9226000977e+02 5.9206500244e+02 5.9174597168e+02 5.9145800781e+02 5.9121301270e+02 5.9085699463e+02 5.9056500244e+02 5.9017199707e+02 5.8962701416e+02 5.8915802002e+02 5.8885601807e+02 5.8866802979e+02 5.8866497803e+02 5.8865399170e+02 5.8846197510e+02 5.8816601563e+02 5.8779797363e+02 5.8798699951e+02 5.8817797852e+02 5.8779199219e+02 5.8724902344e+02 5.8714697266e+02 5.8725500488e+02 5.8725000000e+02 5.8727398682e+02 5.8729199219e+02 5.8729199219e+02 5.8730798340e+02 5.8732897949e+02 5.8733801270e+02 5.8732800293e+02 5.8734698486e+02 5.8738500977e+02 5.8747399902e+02 5.8757598877e+02 5.8760699463e+02 5.8767999268e+02 5.8797497559e+02 5.8825799561e+02 5.8821600342e+02 5.8852398682e+02
5.9413201904e+02 5.9378900146e+02 5.9347497559e+02 5.9317602539e+02 5.9274499512e+02 5.9228802490e+02 5.9201397705e+02 5.9173199463e+02 5.9142901611e+02 5.9117700195e+02 5.9087902832e+02 5.9064398193e+02 5.9028802490e+02 5.8974499512e+02 5.8928100586e+02 5.8895001221e+02 5.8874700928e+02 5.8878198242e+02 5.8880297852e+02 5.8860498047e+02 5.8833001709e+02 5.8796899414e+02 5.8797998047e+02 5.8810900879e+02 5.8776300049e+02 5.8729400635e+02 5.8719799805e+02 5.8726300049e+02 5.8724798584e+02 5.8726300049e+02 5.8727001953e+02 5.8726300049e+02 5.8727600098e+02 5.8729602051e+02 5.8730902100e+02 5.8731799316e+02 5.8734802246e+02 5.8739398193e+02 5.8748199463e+02 5.8753497314e+02 5.8754602051e+02 5.8761297607e+02 5.8790802002e+02 5.8822399902e+02 5.8816601563e+02 5.8840002441e+02
5.9434197998e+02 5.9403802490e+02 5.9378198242e+02 5.9347998047e+02 5.9299798584e+02 5.9241497803e+02 5.9194396973e+02 5.9159497070e+02 5.9133099365e+02 5.9112597656e+02 5.9090100098e+02 5.9072601318e+02 5.9042401123e+02 5.8990399170e+02 5.8941998291e+02 5.8905902100e+02 5.8879797363e+02 5.8871997070e+02 5.8868402100e+02 5.8859002686e+02 5.8843499756e+02 5.8813000488e+02 5.8793798828e+02 5.8793103027e+02 5.8764398193e+02 5.8730700684e+02 5.8724401855e+02 5.8726501465e+02 5.8724700928e+02 5.8725500488e+02 5.8725299072e+02 5.8724102783e+02 5.8725201416e+02 5.8727001953e+02 5.8729302979e+02 5.8731500244e+02 5.8734802246e+02 5.8739202881e+02 5.8744299316e+02 5.8745098877e+02 5.8751000977e+02 5.8764398193e+02 5.8795001221e+02 5.8820098877e+02 5.8817401123e+02 5.8850201416e+02
