TESTSERVER/8/7.asc
NCOLS 100
NROWS 100
XLLCORNER 7.8997500000e+03
YLLCORNER 2.8960025000e+05
CELLSIZE 5.0000000000e-01
NODATA_VALUE -9.9990000000e+03
[rows 60 to 79 of 100, columns 46 to 91 of 100]
5.8406201172e+02 5.8474298096e+02 5.8517297363e+02 5.8535302734e+02 5.8537799072e+02 5.8536602783e+02 5.8538098145e+02 5.8536901855e+02 5.8534802246e+02 5.8536297607e+02 5.8539501953e+02 5.8544097900e+02 5.8549499512e+02 5.8557299805e+02 5.8566699219e+02 5.8578698730e+02 5.8597198486e+02 5.8603802490e+02 5.8617401123e+02 5.8635101318e+02 5.8670898438e+02 5.8715100098e+02 5.8775299072e+02 5.8846697998e+02 5.8923101807e+02 5.9012402344e+02 5.9084497070e+02 5.9146899414e+02 5.9198199463e+02 5.9235900879e+02 5.9273699951e+02 5.9311798096e+02 5.9351202393e+02 5.9388299561e+02 5.9426702881e+02 5.9469598389e+02 5.9514898682e+02 5.9553802490e+02 5.9593200684e+02 5.9631201172e+02 5.9661798096e+02 5.9683801270e+02 5.9705603027e+02 5.9731896973e+02 5.9765002441e+02 5.9800000000e+02
5.8384698486e+02 5.8447399902e+02 5.8490197754e+02 5.8520599365e+02 5.8532397461e+02 5.8538201904e+02 5.8540997314e+02 5.8538800049e+02 5.8533001709e+02 5.8533801270e+02 5.8537597656e+02 5.8542901611e+02 5.8550000000e+02 5.8560198975e+02 5.8571899414e+02 5.8585699463e+02 5.8601300049e+02 5.8617102051e+02 5.8633697510e+02 5.8651397705e+02 5.8666400146e+02 5.8702197266e+02 5.8754302979e+02 5.8818103027e+02 5.8891699219e+02 5.8977099609e+02 5.9056201172e+02 5.9122698975e+02 5.9174200439e+02 5.9212902832e+02 5.9256097412e+02 5.9298602295e+02 5.9334802246e+02 5.9371301270e+02 5.9408697510e+02 5.9447802734e+02 5.9485998535e+02 5.9524499512e+02 5.9567797852e+02 5.9610797119e+02 5.9647802734e+02 5.9673498535e+02 5.9696002197e+02 5.9720300293e+02 5.9749401855e+02 5.9781799316e+02
5.8374401855e+02 5.8432897949e+02 5.8475000000e+02 5.8506597900e+02 5.8523101807e+02 5.8532000732e+02 5.8535797119e+02 5.8534802246e+02 5.8528802490e+02 5.8529699707e+02 5.8534899902e+02 5.8541400146e+02 5.8549798584e+02 5.8561102295e+02 5.8574102783e+02 5.8589099121e+02 5.8604998779e+02 5.8621197510e+02 5.8639099121e+02 5.8658001709e+02 5.8667797852e+02 5.8692498779e+02 5.8739300537e+02 5.8797900391e+02 5.8869500732e+02 5.8953900146e+02 5.9031298828e+02 5.9097497559e+02 5.9149298096e+02 5.9189202881e+02 5.9236798096e+02 5.9282501221e+02 5.9315600586e+02 5.9351702881e+02 5.9390600586e+02 5.9429699707e+02 5.9464202881e+02 5.9501202393e+02 5.9544299316e+02 5.9588800049e+02 5.9628900146e+02 5.9657098389e+02 5.9681097412e+02 5.9705401611e+02 5.9732800293e+02 5.9763702393e+02
5.8372802734e+02 5.8421398926e+02 5.8460302734e+02 5.8490899658e+02 5.8509600830e+02 5.8520898438e+02 5.8526098633e+02 5.8526599121e+02 5.8522100830e+02 5.8524401855e+02 5.8531097412e+02 5.8539001465e+02 5.8548297119e+02 5.8560699463e+02 5.8574902344e+02 5.8591198730e+02 5.8608001709e+02 5.8625201416e+02 5.8644500732e+02 5.8664801025e+02 5.8673999023e+02 5.8693200684e+02 5.8735601807e+02 5.8789398193e+02 5.8857098389e+02 5.8936901855e+02 5.9010400391e+02 5.9074499512e+02 5.9125097656e+02 5.9165301514e+02 5.9215399170e+02 5.9262402344e+02 5.9293701172e+02 5.9329602051e+02 5.9370397949e+02 5.9410900879e+02 5.9445599365e+02 5.9478802490e+02 5.9517498779e+02 5.9559997559e+02 5.9601702881e+02 5.9633599854e+02 5.9660699463e+02 5.9686401367e+02 5.9713299561e+02 5.9742901611e+02
5.8375897217e+02 5.8408001709e+02 5.8441302490e+02 5.8471099854e+02 5.8487200928e+02 5.8497802734e+02 5.8506402588e+02 5.8511798096e+02 5.8511401367e+02 5.8517297363e+02 5.8526202393e+02 5.8535797119e+02 5.8545202637e+02 5.8558398438e+02 5.8574102783e+02 5.8591900635e+02 5.8611102295e+02 5.8629498291e+02 5.8651000977e+02 5.8673901367e+02 5.8697698975e+02 5.8713598633e+02 5.8751599121e+02 5.8797302246e+02 5.8862597656e+02 5.8928802490e+02 5.8991101074e+02 5.9049499512e+02 5.9097900391e+02 5.9143798828e+02 5.9191998291e+02 5.9237799072e+02 5.9275201416e+02 5.9309197998e+02 5.9349401855e+02 5.9389801025e+02 5.9428601074e+02 5.9453997803e+02 5.9484497070e+02 5.9522802734e+02 5.9563800049e+02 5.9599597168e+02 5.9631701660e+02 5.9660498047e+02 5.9686401367e+02 5.9716400146e+02
5.8372698975e+02 5.8396697998e+02 5.8422900391e+02 5.8448797607e+02 5.8467199707e+02 5.8475799561e+02 5.8487402344e+02 5.8496697998e+02 5.8502099609e+02 5.8509802246e+02 5.8519897461e+02 5.8530200195e+02 5.8540197754e+02 5.8554101563e+02 5.8570599365e+02 5.8589300537e+02 5.8609802246e+02 5.8631799316e+02 5.8655499268e+02 5.8681097412e+02 5.8705798340e+02 5.8735998535e+02 5.8772900391e+02 5.8814300537e+02 5.8865399170e+02 5.8922900391e+02 5.8975402832e+02 5.9027001953e+02 5.9076898193e+02 5.9122900391e+02 5.9167602539e+02 5.9210998535e+02 5.9252600098e+02 5.9291802979e+02 5.9330499268e+02 5.9367700195e+02 5.9403100586e+02 5.9427197266e+02 5.9452600098e+02 5.9486102295e+02 5.9528198242e+02 5.9567401123e+02 5.9602398682e+02 5.9632501221e+02 5.9658099365e+02 5.9684497070e+02
5.8368701172e+02 5.8387500000e+02 5.8407800293e+02 5.8428698730e+02 5.8448297119e+02 5.8462402344e+02 5.8474902344e+02 5.8485302734e+02 5.8492901611e+02 5.8502301025e+02 5.8512902832e+02 5.8523699951e+02 5.8534600830e+02 5.8549298096e+02 5.8566302490e+02 5.8585498047e+02 5.8607397461e+02 5.8631896973e+02 5.8657202148e+02 5.8684399414e+02 5.8712200928e+02 5.8744097900e+02 5.8780798340e+02 5.8821697998e+02 5.8867901611e+02 5.8916699219e+02 5.8964300537e+02 5.9011297607e+02 5.9057202148e+02 5.9100201416e+02 5.9142199707e+02 5.9183599854e+02 5.9224597168e+02 5.9266601563e+02 5.9305200195e+02 5.9339300537e+02 5.9371197510e+02 5.9396002197e+02 5.9421600342e+02 5.9453497314e+02 5.9493499756e+02 5.9535302734e+02 5.9571502686e+02 5.9602398682e+02 5.9627001953e+02 5.9652398682e+02
5.8362500000e+02 5.8377899170e+02 5.8393902588e+02 5.8411199951e+02 5.8431701660e+02 5.8449902344e+02 5.8463201904e+02 5.8474499512e+02 5.8483898926e+02 5.8494500732e+02 5.8505700684e+02 5.8516900635e+02 5.8528302002e+02 5.8543701172e+02 5.8561102295e+02 5.8580798340e+02 5.8603900146e+02 5.8630700684e+02 5.8657800293e+02 5.8686602783e+02 5.8716601563e+02 5.8749298096e+02 5.8785900879e+02 5.8826300049e+02 5.8869500732e+02 5.8911602783e+02 5.8954699707e+02 5.8997198486e+02 5.9038897705e+02 5.9078100586e+02 5.9116601563e+02 5.9155401611e+02 5.9193103027e+02 5.9236700439e+02 5.9277001953e+02 5.9309997559e+02 5.9338702393e+02 5.9363897705e+02 5.9390899658e+02 5.9422302246e+02 5.9458398438e+02 5.9499700928e+02 5.9537200928e+02 5.9569500732e+02 5.9595001221e+02 5.9620501709e+02
5.8348999023e+02 5.8369000244e+02 5.8383801270e+02 5.8399298096e+02 5.8418103027e+02 5.8436499023e+02 5.8450897217e+02 5.8463897705e+02 5.8475598145e+02 5.8486199951e+02 5.8497399902e+02 5.8508697510e+02 5.8518200684e+02 5.8535797119e+02 5.8554199219e+02 5.8574798584e+02 5.8598498535e+02 5.8627801514e+02 5.8657598877e+02 5.8689099121e+02 5.8724597168e+02 5.8755297852e+02 5.8791302490e+02 5.8829101563e+02 5.8870300293e+02 5.8909301758e+02 5.8947601318e+02 5.8985400391e+02 5.9026702881e+02 5.9060797119e+02 5.9095599365e+02 5.9130902100e+02 5.9169598389e+02 5.9209002686e+02 5.9249902344e+02 5.9284698486e+02 5.9313897705e+02 5.9334802246e+02 5.9360498047e+02 5.9389697266e+02 5.9421301270e+02 5.9458898926e+02 5.9497998047e+02 5.9533099365e+02 5.9563702393e+02 5.9591601563e+02
5.8347198486e+02 5.8366601563e+02 5.8381298828e+02 5.8395202637e+02 5.8409997559e+02 5.8426000977e+02 5.8440698242e+02 5.8454699707e+02 5.8467199707e+02 5.8477899170e+02 5.8489300537e+02 5.8500701904e+02 5.8511798096e+02 5.8527697754e+02 5.8546697998e+02 5.8568298340e+02 5.8593402100e+02 5.8622998047e+02 5.8653698730e+02 5.8686199951e+02 5.8721697998e+02 5.8757598877e+02 5.8792498779e+02 5.8827600098e+02 5.8865002441e+02 5.8903100586e+02 5.8938897705e+02 5.8974401855e+02 5.9010498047e+02 5.9044500732e+02 5.9077697754e+02 5.9111102295e+02 5.9146997070e+02 5.9186700439e+02 5.9222698975e+02 5.9256402588e+02 5.9283300781e+02 5.9304199219e+02 5.9326898193e+02 5.9352899170e+02 5.9386297607e+02 5.9421697998e+02 5.9459197998e+02 5.9496398926e+02 5.9532702637e+02 5.9563299561e+02
5.8347302246e+02 5.8363598633e+02 5.8378002930e+02 5.8390802002e+02 5.8403302002e+02 5.8417999268e+02 5.8432598877e+02 5.8446801758e+02 5.8459497070e+02 5.8470800781e+02 5.8482800293e+02 5.8494799805e+02 5.8506097412e+02 5.8521801758e+02 5.8540899658e+02 5.8562799072e+02 5.8588500977e+02 5.8618103027e+02 5.8648400879e+02 5.8680603027e+02 5.8716998291e+02 5.8753399658e+02 5.8787597656e+02 5.8822100830e+02 5.8857098389e+02 5.8891699219e+02 5.8925701904e+02 5.8959399414e+02 5.8992498779e+02 5.9023797607e+02 5.9055603027e+02 5.9087402344e+02 5.9122601318e+02 5.9160302734e+02 5.9192999268e+02 5.9223400879e+02 5.9251397705e+02 5.9277099609e+02 5.9297601318e+02 5.9319000244e+02 5.9349700928e+02 5.9388702393e+02 5.9427099609e+02 5.9466400146e+02 5.9503100586e+02 5.9533197021e+02
5.8341302490e+02 5.8356298828e+02 5.8371899414e+02 5.8385400391e+02 5.8396997070e+02 5.8410699463e+02 5.8425299072e+02 5.8439398193e+02 5.8452301025e+02 5.8464202881e+02 5.8476898193e+02 5.8489599609e+02 5.8501098633e+02 5.8516601563e+02 5.8535998535e+02 5.8557897949e+02 5.8583599854e+02 5.8612799072e+02 5.8642700195e+02 5.8674499512e+02 5.8710302734e+02 5.8746099854e+02 5.8779699707e+02 5.8813299561e+02 5.8846301270e+02 5.8877801514e+02 5.8909802246e+02 5.8941497803e+02 5.8972100830e+02 5.9001000977e+02 5.9031201172e+02 5.9061401367e+02 5.9095300293e+02 5.9129400635e+02 5.9158099365e+02 5.9184399414e+02 5.9214599609e+02 5.9248199463e+02 5.9268200684e+02 5.9284997559e+02 5.9305102539e+02 5.9338500977e+02 5.9379101563e+02 5.9426599121e+02 5.9472399902e+02 5.9503900146e+02
5.8319500732e+02 5.8340698242e+02 5.8360400391e+02 5.8377502441e+02 5.8391400146e+02 5.8404602051e+02 5.8419299316e+02 5.8433099365e+02 5.8445898438e+02 5.8459002686e+02 5.8472399902e+02 5.8485797119e+02 5.8499200439e+02 5.8513702393e+02 5.8532299805e+02 5.8552697754e+02 5.8576702881e+02 5.8607501221e+02 5.8636102295e+02 5.8666302490e+02 5.8698498535e+02 5.8734301758e+02 5.8765899658e+02 5.8797497559e+02 5.8828399658e+02 5.8861297607e+02 5.8890002441e+02 5.8918103027e+02 5.8943402100e+02 5.8975097656e+02 5.9003100586e+02 5.9030798340e+02 5.9055700684e+02 5.9087799072e+02 5.9112500000e+02 5.9136199951e+02 5.9162701416e+02 5.9202801514e+02 5.9232098389e+02 5.9257897949e+02 5.9284399414e+02 5.9287701416e+02 5.9326702881e+02 5.9378997803e+02 5.9438702393e+02 5.9477001953e+02
5.8287500000e+02 5.8312298584e+02 5.8338702393e+02 5.8363598633e+02 5.8382397461e+02 5.8398199463e+02 5.8413598633e+02 5.8427301025e+02 5.8440399170e+02 5.8454901123e+02 5.8468701172e+02 5.8482501221e+02 5.8496099854e+02 5.8512500000e+02 5.8530401611e+02 5.8549401855e+02 5.8572900391e+02 5.8601501465e+02 5.8628100586e+02 5.8655798340e+02 5.8686999512e+02 5.8718798828e+02 5.8747998047e+02 5.8777197266e+02 5.8809002686e+02 5.8839300537e+02 5.8865502930e+02 5.8890399170e+02 5.8916699219e+02 5.8945202637e+02 5.8971002197e+02 5.8996398926e+02 5.9020397949e+02 5.9040698242e+02 5.9061297607e+02 5.9081799316e+02 5.9101300049e+02 5.9123101807e+02 5.9149700928e+02 5.9175500488e+02 5.9195397949e+02 5.9236102295e+02 5.9295898438e+02 5.9358001709e+02 5.9407000732e+02 5.9447802734e+02
5.8258001709e+02 5.8287597656e+02 5.8319000244e+02 5.8350201416e+02 5.8374597168e+02 5.8391302490e+02 5.8407202148e+02 5.8421398926e+02 5.8434802246e+02 5.8449700928e+02 5.8464099121e+02 5.8478302002e+02 5.8492498779e+02 5.8509301758e+02 5.8527301025e+02 5.8546398926e+02 5.8568499756e+02 5.8594396973e+02 5.8619799805e+02 5.8646301270e+02 5.8675201416e+02 5.8704498291e+02 5.8732397461e+02 5.8760302734e+02 5.8789501953e+02 5.8817297363e+02 5.8842297363e+02 5.8865997314e+02 5.8890100098e+02 5.8915899658e+02 5.8940100098e+02 5.8964001465e+02 5.8984899902e+02 5.8999499512e+02 5.9015100098e+02 5.9030200195e+02 5.9038098145e+02 5.9042602539e+02 5.9057098389e+02 5.9070501709e+02 5.9072399902e+02 5.9121502686e+02 5.9216497803e+02 5.9315802002e+02 5.9374401855e+02 5.9411999512e+02
5.8237402344e+02 5.8267797852e+02 5.8302801514e+02 5.8339202881e+02 5.8367901611e+02 5.8384698486e+02 5.8401098633e+02 5.8415698242e+02 5.8429199219e+02 5.8444299316e+02 5.8459100342e+02 5.8473901367e+02 5.8488397217e+02 5.8505401611e+02 5.8523498535e+02 5.8542602539e+02 5.8563598633e+02 5.8586999512e+02 5.8611102295e+02 5.8636199951e+02 5.8663000488e+02 5.8690002441e+02 5.8716497803e+02 5.8743103027e+02 5.8770202637e+02 5.8795697021e+02 5.8819500732e+02 5.8841900635e+02 5.8863800049e+02 5.8886999512e+02 5.8909301758e+02 5.8931500244e+02 5.8950097656e+02 5.8959600830e+02 5.8970300293e+02 5.8980102539e+02 5.8977502441e+02 5.8966699219e+02 5.8969702148e+02 5.8971002197e+02 5.8941497803e+02 5.8974401855e+02 5.9101098633e+02 5.9245202637e+02 5.9334698486e+02 5.9371099854e+02
5.8228399658e+02 5.8252099609e+02 5.8288800049e+02 5.8330902100e+02 5.8366302490e+02 5.8381500244e+02 5.8397998047e+02 5.8411199951e+02 5.8422100830e+02 5.8438397217e+02 5.8453900146e+02 5.8469500732e+02 5.8486700439e+02 5.8502001953e+02 5.8519598389e+02 5.8538299561e+02 5.8559100342e+02 5.8580102539e+02 5.8601702881e+02 5.8623999023e+02 5.8647497559e+02 5.8675201416e+02 5.8699401855e+02 5.8724102783e+02 5.8749200439e+02 5.8773699951e+02 5.8795300293e+02 5.8815698242e+02 5.8833801270e+02 5.8857098389e+02 5.8876702881e+02 5.8895898438e+02 5.8914099121e+02 5.8924200439e+02 5.8927899170e+02 5.8928198242e+02 5.8909802246e+02 5.8903802490e+02 5.8901098633e+02 5.8898297119e+02 5.8865600586e+02 5.8846301270e+02 5.8962200928e+02 5.9139501953e+02 5.9318701172e+02 5.9347698975e+02
5.8222601318e+02 5.8233398438e+02 5.8266998291e+02 5.8314801025e+02 5.8357098389e+02 5.8378802490e+02 5.8396899414e+02 5.8409698486e+02 5.8417901611e+02 5.8431896973e+02 5.8447601318e+02 5.8463598633e+02 5.8480102539e+02 5.8496899414e+02 5.8513800049e+02 5.8531701660e+02 5.8551702881e+02 5.8572900391e+02 5.8592999268e+02 5.8613299561e+02 5.8635601807e+02 5.8659802246e+02 5.8682501221e+02 5.8705999756e+02 5.8730999756e+02 5.8753002930e+02 5.8773101807e+02 5.8792297363e+02 5.8812200928e+02 5.8832299805e+02 5.8850000000e+02 5.8866802979e+02 5.8884997559e+02 5.8895001221e+02 5.8897399902e+02 5.8894799805e+02 5.8876599121e+02 5.8861297607e+02 5.8859997559e+02 5.8861602783e+02 5.8853002930e+02 5.8830700684e+02 5.8869097900e+02 5.8986999512e+02 5.9180102539e+02 5.9303802490e+02
5.8216101074e+02 5.8219897461e+02 5.8248498535e+02 5.8296997070e+02 5.8345697021e+02 5.8370898438e+02 5.8390899658e+02 5.8405200195e+02 5.8412701416e+02 5.8424902344e+02 5.8440399170e+02 5.8456097412e+02 5.8472399902e+02 5.8488897705e+02 5.8505700684e+02 5.8523498535e+02 5.8542901611e+02 5.8563299561e+02 5.8583099365e+02 5.8602899170e+02 5.8623101807e+02 5.8644702148e+02 5.8666802979e+02 5.8689697266e+02 5.8713201904e+02 5.8734002686e+02 5.8753698730e+02 5.8772497559e+02 5.8791497803e+02 5.8809997559e+02 5.8826501465e+02 5.8842199707e+02 5.8857702637e+02 5.8866900635e+02 5.8870599365e+02 5.8869702148e+02 5.8853002930e+02 5.8838000488e+02 5.8837298584e+02 5.8839599609e+02 5.8854901123e+02 5.8843701172e+02 5.8838397217e+02 5.8887500000e+02 5.9028601074e+02 5.9203802490e+02
5.8211700439e+02 5.8211102295e+02 5.8233502197e+02 5.8279302979e+02 5.8331799316e+02 5.8360400391e+02 5.8382397461e+02 5.8398400879e+02 5.8406097412e+02 5.8417102051e+02 5.8432501221e+02 5.8447900391e+02 5.8463500977e+02 5.8479400635e+02 5.8496002197e+02 5.8513500977e+02 5.8532397461e+02 5.8552099609e+02 5.8571600342e+02 5.8591198730e+02 5.8609899902e+02 5.8629901123e+02 5.8651397705e+02 5.8673602295e+02 5.8695898438e+02 5.8715698242e+02 5.8734997559e+02 5.8753601074e+02 5.8771697998e+02 5.8788598633e+02 5.8803997803e+02 5.8818402100e+02 5.8832299805e+02 5.8841900635e+02 5.8846899414e+02 5.8847698975e+02 5.8836798096e+02 5.8828002930e+02 5.8829498291e+02 5.8833398438e+02 5.8856799316e+02 5.8860900879e+02 5.8841198730e+02 5.8843298340e+02 5.8904998779e+02 5.9085900879e+02
