TESTSERVER/8/7.asc
NCOLS 100
NROWS 100
XLLCORNER 7.8997500000e+03
YLLCORNER 2.8960025000e+05
CELLSIZE 5.0000000000e-01
NODATA_VALUE -9.9990000000e+03
[rows 80 to 99 of 100, columns 46 to 91 of 100]
5.8207897949e+02 5.8207501221e+02 5.8221997070e+02 5.8260498047e+02 5.8318200684e+02 5.8348797607e+02 5.8372998047e+02 5.8389099121e+02 5.8398101807e+02 5.8411401367e+02 5.8425402832e+02 5.8439099121e+02 5.8451599121e+02 5.8467797852e+02 5.8484100342e+02 5.8501501465e+02 5.8520397949e+02 5.8539099121e+02 5.8557800293e+02 5.8576800537e+02 5.8596099854e+02 5.8615899658e+02 5.8636199951e+02 5.8656701660e+02 5.8678497314e+02 5.8700000000e+02 5.8719097900e+02 5.8737298584e+02 5.8753497314e+02 5.8766998291e+02 5.8781201172e+02 5.8794500732e+02 5.8806201172e+02 5.8817700195e+02 5.8825097656e+02 5.8830499268e+02 5.8834100342e+02 5.8829498291e+02 5.8834600830e+02 5.8840802002e+02 5.8852301025e+02 5.8861602783e+02 5.8857702637e+02 5.8851000977e+02 5.8850500488e+02 5.8955700684e+02
5.8201300049e+02 5.8203399658e+02 5.8210400391e+02 5.8236602783e+02 5.8288800049e+02 5.8330499268e+02 5.8361798096e+02 5.8382000732e+02 5.8391497803e+02 5.8404699707e+02 5.8417401123e+02 5.8428900146e+02 5.8439898682e+02 5.8454302979e+02 5.8469799805e+02 5.8486700439e+02 5.8504998779e+02 5.8522998047e+02 5.8541699219e+02 5.8560998535e+02 5.8581597900e+02 5.8602099609e+02 5.8621801758e+02 5.8641400146e+02 5.8663000488e+02 5.8684802246e+02 5.8703497314e+02 5.8721301270e+02 5.8735998535e+02 5.8748797607e+02 5.8762799072e+02 5.8775799561e+02 5.8786602783e+02 5.8794897461e+02 5.8804199219e+02 5.8813299561e+02 5.8819201660e+02 5.8823797607e+02 5.8831298828e+02 5.8838800049e+02 5.8848101807e+02 5.8854901123e+02 5.8856799316e+02 5.8856701660e+02 5.8847302246e+02 5.8881799316e+02
5.8196197510e+02 5.8200097656e+02 5.8203100586e+02 5.8218597412e+02 5.8260198975e+02 5.8309698486e+02 5.8347601318e+02 5.8373297119e+02 5.8384197998e+02 5.8395001221e+02 5.8407202148e+02 5.8417901611e+02 5.8427301025e+02 5.8440197754e+02 5.8454901123e+02 5.8471099854e+02 5.8488598633e+02 5.8507202148e+02 5.8526300049e+02 5.8546197510e+02 5.8567102051e+02 5.8587402344e+02 5.8607000732e+02 5.8626702881e+02 5.8647497559e+02 5.8668103027e+02 5.8686297607e+02 5.8703601074e+02 5.8718701172e+02 5.8732098389e+02 5.8745800781e+02 5.8758599854e+02 5.8768499756e+02 5.8776599121e+02 5.8786602783e+02 5.8796600342e+02 5.8805798340e+02 5.8814599609e+02 5.8823797607e+02 5.8833001709e+02 5.8844000244e+02 5.8852398682e+02 5.8855297852e+02 5.8855902100e+02 5.8852899170e+02 5.8841900635e+02
5.8193902588e+02 5.8198400879e+02 5.8198101807e+02 5.8204498291e+02 5.8235797119e+02 5.8291497803e+02 5.8334600830e+02 5.8364898682e+02 5.8376397705e+02 5.8384698486e+02 5.8396301270e+02 5.8406097412e+02 5.8413800049e+02 5.8424902344e+02 5.8438702393e+02 5.8454199219e+02 5.8471600342e+02 5.8490997314e+02 5.8510900879e+02 5.8531402588e+02 5.8552502441e+02 5.8572497559e+02 5.8592102051e+02 5.8611602783e+02 5.8631896973e+02 5.8651397705e+02 5.8669299316e+02 5.8686102295e+02 5.8701501465e+02 5.8715698242e+02 5.8729302979e+02 5.8741900635e+02 5.8751800537e+02 5.8760900879e+02 5.8771697998e+02 5.8782501221e+02 5.8794201660e+02 5.8806298828e+02 5.8817102051e+02 5.8827899170e+02 5.8840197754e+02 5.8850402832e+02 5.8854498291e+02 5.8855499268e+02 5.8858599854e+02 5.8842602539e+02
5.8194702148e+02 5.8197100830e+02 5.8195300293e+02 5.8195697021e+02 5.8209002686e+02 5.8269000244e+02 5.8321398926e+02 5.8361798096e+02 5.8377697754e+02 5.8375299072e+02 5.8384301758e+02 5.8391101074e+02 5.8392102051e+02 5.8405297852e+02 5.8417797852e+02 5.8433001709e+02 5.8451599121e+02 5.8474499512e+02 5.8495001221e+02 5.8515802002e+02 5.8535699463e+02 5.8557000732e+02 5.8576800537e+02 5.8596398926e+02 5.8615197754e+02 5.8633801270e+02 5.8651397705e+02 5.8668597412e+02 5.8685198975e+02 5.8699401855e+02 5.8713397217e+02 5.8726898193e+02 5.8737402344e+02 5.8747900391e+02 5.8761102295e+02 5.8773901367e+02 5.8787902832e+02 5.8798901367e+02 5.8811700439e+02 5.8824200439e+02 5.8838397217e+02 5.8848797607e+02 5.8854101563e+02 5.8855499268e+02 5.8854699707e+02 5.8860498047e+02
5.8195697021e+02 5.8195898438e+02 5.8193298340e+02 5.8192797852e+02 5.8201599121e+02 5.8245501709e+02 5.8306500244e+02 5.8359698486e+02 5.8374102783e+02 5.8368597412e+02 5.8373199463e+02 5.8376000977e+02 5.8377197266e+02 5.8385302734e+02 5.8396899414e+02 5.8412402344e+02 5.8434497070e+02 5.8458001709e+02 5.8478497314e+02 5.8499102783e+02 5.8520098877e+02 5.8540997314e+02 5.8560797119e+02 5.8579998779e+02 5.8598199463e+02 5.8615698242e+02 5.8633801270e+02 5.8651898193e+02 5.8668701172e+02 5.8683197021e+02 5.8698498535e+02 5.8713800049e+02 5.8726599121e+02 5.8740002441e+02 5.8754901123e+02 5.8769201660e+02 5.8781597900e+02 5.8794201660e+02 5.8807800293e+02 5.8821197510e+02 5.8836700439e+02 5.8849200439e+02 5.8854699707e+02 5.8855798340e+02 5.8853997803e+02 5.8853698730e+02
5.8195397949e+02 5.8194897461e+02 5.8191601563e+02 5.8190802002e+02 5.8199798584e+02 5.8239398193e+02 5.8299700928e+02 5.8355401611e+02 5.8370098877e+02 5.8359301758e+02 5.8362200928e+02 5.8363702393e+02 5.8363500977e+02 5.8370397949e+02 5.8381500244e+02 5.8396600342e+02 5.8419000244e+02 5.8442797852e+02 5.8463397217e+02 5.8484002686e+02 5.8505200195e+02 5.8525799561e+02 5.8545098877e+02 5.8564001465e+02 5.8581799316e+02 5.8599597168e+02 5.8617901611e+02 5.8636199951e+02 5.8653399658e+02 5.8668902588e+02 5.8685198975e+02 5.8701300049e+02 5.8716900635e+02 5.8732299805e+02 5.8747497559e+02 5.8762097168e+02 5.8775598145e+02 5.8789300537e+02 5.8803399658e+02 5.8817199707e+02 5.8834100342e+02 5.8848297119e+02 5.8854400635e+02 5.8855902100e+02 5.8853900146e+02 5.8852301025e+02
5.8192901611e+02 5.8192297363e+02 5.8188598633e+02 5.8187701416e+02 5.8196801758e+02 5.8230603027e+02 5.8286297607e+02 5.8341101074e+02 5.8360198975e+02 5.8349902344e+02 5.8351702881e+02 5.8352600098e+02 5.8352001953e+02 5.8357897949e+02 5.8368402100e+02 5.8383099365e+02 5.8404901123e+02 5.8428698730e+02 5.8449401855e+02 5.8470001221e+02 5.8491101074e+02 5.8511199951e+02 5.8530102539e+02 5.8548498535e+02 5.8566198730e+02 5.8584497070e+02 5.8603100586e+02 5.8621600342e+02 5.8639501953e+02 5.8656402588e+02 5.8673602295e+02 5.8690698242e+02 5.8708099365e+02 5.8725000000e+02 5.8740600586e+02 5.8755499268e+02 5.8769799805e+02 5.8784301758e+02 5.8798602295e+02 5.8812799072e+02 5.8830297852e+02 5.8845599365e+02 5.8852697754e+02 5.8855102539e+02 5.8853698730e+02 5.8850201416e+02
5.8188598633e+02 5.8187200928e+02 5.8183898926e+02 5.8183197021e+02 5.8184197998e+02 5.8206298828e+02 5.8250097656e+02 5.8301898193e+02 5.8346301270e+02 5.8344299316e+02 5.8343798828e+02 5.8341302490e+02 5.8340802002e+02 5.8346002197e+02 5.8354400635e+02 5.8369000244e+02 5.8391198730e+02 5.8416302490e+02 5.8437298584e+02 5.8457800293e+02 5.8477600098e+02 5.8496398926e+02 5.8514697266e+02 5.8532800293e+02 5.8550000000e+02 5.8570001221e+02 5.8589202881e+02 5.8608398438e+02 5.8627099609e+02 5.8646002197e+02 5.8665197754e+02 5.8684002686e+02 5.8703802490e+02 5.8718499756e+02 5.8734698486e+02 5.8750299072e+02 5.8765899658e+02 5.8778997803e+02 5.8793402100e+02 5.8807598877e+02 5.8824401855e+02 5.8840600586e+02 5.8849102783e+02 5.8853198242e+02 5.8853302002e+02 5.8848101807e+02
5.8185498047e+02 5.8179199219e+02 5.8174597168e+02 5.8173101807e+02 5.8172900391e+02 5.8182598877e+02 5.8205297852e+02 5.8243499756e+02 5.8297399902e+02 5.8330499268e+02 5.8344000244e+02 5.8342901611e+02 5.8339001465e+02 5.8340899658e+02 5.8347198486e+02 5.8361199951e+02 5.8384197998e+02 5.8407501221e+02 5.8427899170e+02 5.8447601318e+02 5.8465899658e+02 5.8483502197e+02 5.8501898193e+02 5.8520397949e+02 5.8538500977e+02 5.8557501221e+02 5.8577301025e+02 5.8597399902e+02 5.8617602539e+02 5.8638201904e+02 5.8658197021e+02 5.8677697754e+02 5.8695599365e+02 5.8711700439e+02 5.8728100586e+02 5.8743902588e+02 5.8758801270e+02 5.8773199463e+02 5.8787902832e+02 5.8802398682e+02 5.8819299316e+02 5.8835699463e+02 5.8845697021e+02 5.8851098633e+02 5.8852001953e+02 5.8847601318e+02
5.8175897217e+02 5.8166998291e+02 5.8161700439e+02 5.8160198975e+02 5.8162298584e+02 5.8165899658e+02 5.8174401855e+02 5.8196801758e+02 5.8245898438e+02 5.8306701660e+02 5.8340399170e+02 5.8348699951e+02 5.8340197754e+02 5.8339398193e+02 5.8344299316e+02 5.8356298828e+02 5.8376501465e+02 5.8398297119e+02 5.8417797852e+02 5.8436901855e+02 5.8454699707e+02 5.8472601318e+02 5.8491302490e+02 5.8509997559e+02 5.8528302002e+02 5.8547198486e+02 5.8567297363e+02 5.8587701416e+02 5.8609100342e+02 5.8630297852e+02 5.8650097656e+02 5.8669299316e+02 5.8687500000e+02 5.8703997803e+02 5.8720202637e+02 5.8735900879e+02 5.8751202393e+02 5.8766699219e+02 5.8781896973e+02 5.8797100830e+02 5.8814099121e+02 5.8831201172e+02 5.8842700195e+02 5.8849401855e+02 5.8851397705e+02 5.8847497559e+02
5.8158898926e+02 5.8152001953e+02 5.8147399902e+02 5.8146801758e+02 5.8151098633e+02 5.8154699707e+02 5.8154797363e+02 5.8163598633e+02 5.8196697998e+02 5.8274401855e+02 5.8328900146e+02 5.8351098633e+02 5.8343298340e+02 5.8338800049e+02 5.8341802979e+02 5.8351000977e+02 5.8368298340e+02 5.8389099121e+02 5.8407897949e+02 5.8426501465e+02 5.8444299316e+02 5.8462597656e+02 5.8481597900e+02 5.8500701904e+02 5.8519299316e+02 5.8538598633e+02 5.8558898926e+02 5.8579400635e+02 5.8601501465e+02 5.8622802734e+02 5.8642401123e+02 5.8661297607e+02 5.8679400635e+02 5.8695898438e+02 5.8711999512e+02 5.8727502441e+02 5.8742999268e+02 5.8759399414e+02 5.8775201416e+02 5.8791101074e+02 5.8808599854e+02 5.8827099609e+02 5.8840100098e+02 5.8848199463e+02 5.8850598145e+02 5.8845697021e+02
5.8139898682e+02 5.8139398193e+02 5.8136700439e+02 5.8135400391e+02 5.8135101318e+02 5.8140301514e+02 5.8140802002e+02 5.8143200684e+02 5.8152099609e+02 5.8231597900e+02 5.8311102295e+02 5.8355102539e+02 5.8349499512e+02 5.8338897705e+02 5.8339001465e+02 5.8345397949e+02 5.8358502197e+02 5.8377600098e+02 5.8396197510e+02 5.8415698242e+02 5.8435998535e+02 5.8453698730e+02 5.8472900391e+02 5.8492199707e+02 5.8511901855e+02 5.8532397461e+02 5.8553002930e+02 5.8573498535e+02 5.8595300293e+02 5.8615802002e+02 5.8634899902e+02 5.8653399658e+02 5.8670800781e+02 5.8687200928e+02 5.8703399658e+02 5.8719201660e+02 5.8734301758e+02 5.8750097656e+02 5.8766998291e+02 5.8784698486e+02 5.8805798340e+02 5.8823199463e+02 5.8837200928e+02 5.8846801758e+02 5.8849298096e+02 5.8842700195e+02
5.8130999756e+02 5.8132897949e+02 5.8131201172e+02 5.8128601074e+02 5.8129101563e+02 5.8131097412e+02 5.8132501221e+02 5.8134802246e+02 5.8135498047e+02 5.8197698975e+02 5.8289697266e+02 5.8356896973e+02 5.8356500244e+02 5.8341497803e+02 5.8337902832e+02 5.8340301514e+02 5.8350598145e+02 5.8366302490e+02 5.8384002686e+02 5.8403900146e+02 5.8425897217e+02 5.8446002197e+02 5.8465899658e+02 5.8485900879e+02 5.8506402588e+02 5.8528002930e+02 5.8548699951e+02 5.8568798828e+02 5.8589001465e+02 5.8608599854e+02 5.8627001953e+02 5.8644799805e+02 5.8661602783e+02 5.8677398682e+02 5.8693402100e+02 5.8709497070e+02 5.8724597168e+02 5.8740100098e+02 5.8757800293e+02 5.8776702881e+02 5.8799298096e+02 5.8819702148e+02 5.8834002686e+02 5.8844097900e+02 5.8848101807e+02 5.8840600586e+02
5.8123999023e+02 5.8131298828e+02 5.8130700684e+02 5.8128198242e+02 5.8129302979e+02 5.8131097412e+02 5.8131500244e+02 5.8132000732e+02 5.8126501465e+02 5.8161700439e+02 5.8245397949e+02 5.8327801514e+02 5.8356298828e+02 5.8343701172e+02 5.8339398193e+02 5.8338702393e+02 5.8344702148e+02 5.8358300781e+02 5.8374700928e+02 5.8393798828e+02 5.8416400146e+02 5.8438598633e+02 5.8459301758e+02 5.8480102539e+02 5.8501397705e+02 5.8522998047e+02 5.8543597412e+02 5.8563598633e+02 5.8583001709e+02 5.8601397705e+02 5.8619201660e+02 5.8636401367e+02 5.8652502441e+02 5.8667901611e+02 5.8683697510e+02 5.8699499512e+02 5.8714898682e+02 5.8730902100e+02 5.8748699951e+02 5.8767901611e+02 5.8791699219e+02 5.8814001465e+02 5.8829199219e+02 5.8840002441e+02 5.8845599365e+02 5.8838299561e+02
5.8126202393e+02 5.8134002686e+02 5.8134197998e+02 5.8131701660e+02 5.8132299805e+02 5.8133599854e+02 5.8133599854e+02 5.8133001709e+02 5.8123901367e+02 5.8126300049e+02 5.8188800049e+02 5.8277197266e+02 5.8345001221e+02 5.8345202637e+02 5.8342199707e+02 5.8339697266e+02 5.8340698242e+02 5.8351702881e+02 5.8366802979e+02 5.8384997559e+02 5.8407800293e+02 5.8431500244e+02 5.8453100586e+02 5.8474700928e+02 5.8496697998e+02 5.8518298340e+02 5.8538800049e+02 5.8558697510e+02 5.8577398682e+02 5.8594598389e+02 5.8611602783e+02 5.8628100586e+02 5.8643597412e+02 5.8658599854e+02 5.8673999023e+02 5.8689599609e+02 5.8704797363e+02 5.8721099854e+02 5.8739099121e+02 5.8758502197e+02 5.8782800293e+02 5.8806201172e+02 5.8822302246e+02 5.8834197998e+02 5.8842401123e+02 5.8836199951e+02
5.8150799561e+02 5.8139202881e+02 5.8138500977e+02 5.8137597656e+02 5.8134497070e+02 5.8134100342e+02 5.8134100342e+02 5.8133697510e+02 5.8129998779e+02 5.8111401367e+02 5.8138397217e+02 5.8215802002e+02 5.8330401611e+02 5.8351300049e+02 5.8344598389e+02 5.8339300537e+02 5.8340301514e+02 5.8344500732e+02 5.8357000732e+02 5.8375402832e+02 5.8400598145e+02 5.8424700928e+02 5.8447100830e+02 5.8469598389e+02 5.8493103027e+02 5.8514501953e+02 5.8534497070e+02 5.8553302002e+02 5.8570300293e+02 5.8588201904e+02 5.8604199219e+02 5.8619702148e+02 5.8634002686e+02 5.8649499512e+02 5.8664697266e+02 5.8679998779e+02 5.8694201660e+02 5.8710302734e+02 5.8728497314e+02 5.8747998047e+02 5.8770098877e+02 5.8793499756e+02 5.8810498047e+02 5.8824200439e+02 5.8836102295e+02 5.8835400391e+02
5.8187799072e+02 5.8159301758e+02 5.8149499512e+02 5.8147698975e+02 5.8140100098e+02 5.8133001709e+02 5.8131097412e+02 5.8131298828e+02 5.8130603027e+02 5.8114099121e+02 5.8120501709e+02 5.8184399414e+02 5.8309802246e+02 5.8360900879e+02 5.8349499512e+02 5.8339398193e+02 5.8340600586e+02 5.8340600586e+02 5.8348999023e+02 5.8366601563e+02 5.8393902588e+02 5.8419097900e+02 5.8441998291e+02 5.8465100098e+02 5.8489202881e+02 5.8511401367e+02 5.8530999756e+02 5.8549102783e+02 5.8565802002e+02 5.8582000732e+02 5.8597198486e+02 5.8611499023e+02 5.8626098633e+02 5.8641101074e+02 5.8655603027e+02 5.8670098877e+02 5.8683697510e+02 5.8699298096e+02 5.8717401123e+02 5.8736999512e+02 5.8759002686e+02 5.8779302979e+02 5.8796600342e+02 5.8811297607e+02 5.8829199219e+02 5.8832299805e+02
5.8225299072e+02 5.8177099609e+02 5.8155603027e+02 5.8150500488e+02 5.8142999268e+02 5.8131402588e+02 5.8127099609e+02 5.8127099609e+02 5.8131597900e+02 5.8121301270e+02 5.8124499512e+02 5.8181298828e+02 5.8302697754e+02 5.8369396973e+02 5.8356500244e+02 5.8340899658e+02 5.8340698242e+02 5.8340301514e+02 5.8346301270e+02 5.8361602783e+02 5.8388098145e+02 5.8414398193e+02 5.8437701416e+02 5.8461199951e+02 5.8485797119e+02 5.8508099365e+02 5.8527899170e+02 5.8546002197e+02 5.8561798096e+02 5.8576599121e+02 5.8591101074e+02 5.8604797363e+02 5.8618499756e+02 5.8632501221e+02 5.8646099854e+02 5.8659698486e+02 5.8672802734e+02 5.8688702393e+02 5.8706799316e+02 5.8726397705e+02 5.8747601318e+02 5.8767700195e+02 5.8785400391e+02 5.8800598145e+02 5.8818499756e+02 5.8820098877e+02
5.8260198975e+02 5.8189001465e+02 5.8153698730e+02 5.8144097900e+02 5.8140301514e+02 5.8128601074e+02 5.8123400879e+02 5.8123199463e+02 5.8130700684e+02 5.8126098633e+02 5.8125598145e+02 5.8170001221e+02 5.8280297852e+02 5.8369500732e+02 5.8364300537e+02 5.8345001221e+02 5.8340899658e+02 5.8340502930e+02 5.8344702148e+02 5.8357702637e+02 5.8382800293e+02 5.8410198975e+02 5.8434002686e+02 5.8457800293e+02 5.8482702637e+02 5.8505297852e+02 5.8525097656e+02 5.8543298340e+02 5.8558502197e+02 5.8571899414e+02 5.8585797119e+02 5.8598901367e+02 5.8611401367e+02 5.8623797607e+02 5.8636297607e+02 5.8648797607e+02 5.8661499023e+02 5.8677697754e+02 5.8695800781e+02 5.8715502930e+02 5.8736499023e+02 5.8756701660e+02 5.8775201416e+02 5.8791101074e+02 5.8806298828e+02 5.8804498291e+02
