TESTSERVER/8/8.asc
NCOLS 100
NROWS 100
XLLCORNER 7.8997500000e+03
YLLCORNER 2.8955025000e+05
CELLSIZE 5.0000000000e-01
NODATA_VALUE -9.9990000000e+03
[rows 60 to 79 of 100, columns 46 to 91 of 100]
5.9370599365e+02 5.9348602295e+02 5.9333502197e+02 5.9316900635e+02 5.9289898682e+02 5.9258502197e+02 5.9222900391e+02 5.9172399902e+02 5.9110400391e+02 5.9063299561e+02 5.9030999756e+02 5.9019702148e+02 5.9017199707e+02 5.8990600586e+02 5.8949902344e+02 5.8913702393e+02 5.8891400146e+02 5.8855297852e+02 5.8825299072e+02 5.8778601074e+02 5.8711798096e+02 5.8605902100e+02 5.8483001709e+02 5.8382800293e+02 5.8324102783e+02 5.8241400146e+02 5.8171502686e+02 5.8111297607e+02 5.8041302490e+02 5.7960498047e+02 5.7896099854e+02 5.7840698242e+02 5.7790600586e+02 5.7749298096e+02 5.7700500488e+02 5.7648199463e+02 5.7595098877e+02 5.7558697510e+02 5.7538897705e+02 5.7517498779e+02 5.7474401855e+02 5.7436199951e+02 5.7392901611e+02 5.7334600830e+02 5.7272302246e+02 5.7270599365e+02
5.9345300293e+02 5.9323699951e+02 5.9305102539e+02 5.9284197998e+02 5.9257397461e+02 5.9217999268e+02 5.9168499756e+02 5.9114202881e+02 5.9060699463e+02 5.9038397217e+02 5.9029400635e+02 5.9018499756e+02 5.8992901611e+02 5.8950000000e+02 5.8909301758e+02 5.8882897949e+02 5.8860900879e+02 5.8819201660e+02 5.8779302979e+02 5.8739099121e+02 5.8696099854e+02 5.8597998047e+02 5.8474200439e+02 5.8378002930e+02 5.8313098145e+02 5.8228601074e+02 5.8152301025e+02 5.8082702637e+02 5.8010699463e+02 5.7934399414e+02 5.7870697021e+02 5.7815802002e+02 5.7765301514e+02 5.7719201660e+02 5.7668902588e+02 5.7620397949e+02 5.7578399658e+02 5.7552197266e+02 5.7534698486e+02 5.7504602051e+02 5.7447399902e+02 5.7388500977e+02 5.7339599609e+02 5.7299298096e+02 5.7267102051e+02 5.7268200684e+02
5.9315301514e+02 5.9291802979e+02 5.9268402100e+02 5.9241497803e+02 5.9207897949e+02 5.9159301758e+02 5.9110498047e+02 5.9071002197e+02 5.9044396973e+02 5.9045300293e+02 5.9033898926e+02 5.8997900391e+02 5.8953497314e+02 5.8911999512e+02 5.8868597412e+02 5.8833502197e+02 5.8806201172e+02 5.8769598389e+02 5.8735498047e+02 5.8703802490e+02 5.8663800049e+02 5.8561602783e+02 5.8446801758e+02 5.8360601807e+02 5.8300402832e+02 5.8223699951e+02 5.8140197754e+02 5.8056500244e+02 5.7979602051e+02 5.7912097168e+02 5.7850701904e+02 5.7794799805e+02 5.7743499756e+02 5.7691699219e+02 5.7639501953e+02 5.7596398926e+02 5.7563397217e+02 5.7537097168e+02 5.7511102295e+02 5.7470501709e+02 5.7407299805e+02 5.7337799072e+02 5.7290600586e+02 5.7269396973e+02 5.7262298584e+02 5.7260498047e+02
5.9274102783e+02 5.9247900391e+02 5.9220397949e+02 5.9189398193e+02 5.9151702881e+02 5.9111798096e+02 5.9082397461e+02 5.9064202881e+02 5.9055297852e+02 5.9053497314e+02 5.9019000244e+02 5.8958599854e+02 5.8906701660e+02 5.8874401855e+02 5.8831298828e+02 5.8787402344e+02 5.8757202148e+02 5.8725201416e+02 5.8690502930e+02 5.8652099609e+02 5.8600097656e+02 5.8501000977e+02 5.8402197266e+02 5.8330200195e+02 5.8278497314e+02 5.8211102295e+02 5.8123400879e+02 5.8028698730e+02 5.7946197510e+02 5.7888702393e+02 5.7832098389e+02 5.7776000977e+02 5.7723699951e+02 5.7669097900e+02 5.7616900635e+02 5.7578698730e+02 5.7550402832e+02 5.7514001465e+02 5.7473797607e+02 5.7424102783e+02 5.7363299561e+02 5.7294299316e+02 5.7254199219e+02 5.7248999023e+02 5.7254199219e+02 5.7248400879e+02
5.9217797852e+02 5.9194097900e+02 5.9164501953e+02 5.9132702637e+02 5.9110900879e+02 5.9105297852e+02 5.9094396973e+02 5.9078497314e+02 5.9059399414e+02 5.9032800293e+02 5.8978997803e+02 5.8916101074e+02 5.8865600586e+02 5.8838500977e+02 5.8805499268e+02 5.8760302734e+02 5.8718902588e+02 5.8690197754e+02 5.8644201660e+02 5.8586499023e+02 5.8516400146e+02 5.8440100098e+02 5.8363201904e+02 5.8300897217e+02 5.8246502686e+02 5.8180700684e+02 5.8090301514e+02 5.7992999268e+02 5.7915002441e+02 5.7861798096e+02 5.7812500000e+02 5.7760198975e+02 5.7705200195e+02 5.7649902344e+02 5.7602301025e+02 5.7570800781e+02 5.7549597168e+02 5.7500799561e+02 5.7447998047e+02 5.7391400146e+02 5.7326202393e+02 5.7263702393e+02 5.7232000732e+02 5.7234002686e+02 5.7241601563e+02 5.7239398193e+02
5.9180603027e+02 5.9156896973e+02 5.9138397217e+02 5.9125799561e+02 5.9132501221e+02 5.9130401611e+02 5.9105902100e+02 5.9068200684e+02 5.9021099854e+02 5.8977197266e+02 5.8938299561e+02 5.8894097900e+02 5.8844500732e+02 5.8821600342e+02 5.8801599121e+02 5.8754699707e+02 5.8703900146e+02 5.8665600586e+02 5.8615002441e+02 5.8552697754e+02 5.8478302002e+02 5.8401501465e+02 5.8331201172e+02 5.8269897461e+02 5.8207897949e+02 5.8136602783e+02 5.8048999023e+02 5.7963598633e+02 5.7903601074e+02 5.7852398682e+02 5.7801300049e+02 5.7747302246e+02 5.7686499023e+02 5.7629699707e+02 5.7590997314e+02 5.7569201660e+02 5.7542199707e+02 5.7497198486e+02 5.7444598389e+02 5.7382501221e+02 5.7313397217e+02 5.7244598389e+02 5.7218499756e+02 5.7227502441e+02 5.7238000488e+02 5.7239599609e+02
5.9161297607e+02 5.9151800537e+02 5.9146801758e+02 5.9143402100e+02 5.9144299316e+02 5.9122399902e+02 5.9082598877e+02 5.9033502197e+02 5.8978900146e+02 5.8938397217e+02 5.8911199951e+02 5.8873297119e+02 5.8825500488e+02 5.8801501465e+02 5.8784997559e+02 5.8747100830e+02 5.8698400879e+02 5.8646801758e+02 5.8591900635e+02 5.8529101563e+02 5.8447900391e+02 5.8361901855e+02 5.8288299561e+02 5.8227301025e+02 5.8167401123e+02 5.8096600342e+02 5.8015301514e+02 5.7939599609e+02 5.7886297607e+02 5.7838800049e+02 5.7788098145e+02 5.7732299805e+02 5.7667498779e+02 5.7615197754e+02 5.7585302734e+02 5.7562298584e+02 5.7529101563e+02 5.7490899658e+02 5.7439501953e+02 5.7372399902e+02 5.7292401123e+02 5.7222900391e+02 5.7205700684e+02 5.7220697021e+02 5.7232598877e+02 5.7237500000e+02
5.9160998535e+02 5.9163800049e+02 5.9157501221e+02 5.9140002441e+02 5.9121502686e+02 5.9084399414e+02 5.9038098145e+02 5.8990802002e+02 5.8945697021e+02 5.8919500732e+02 5.8896600342e+02 5.8854602051e+02 5.8803900146e+02 5.8769097900e+02 5.8742602539e+02 5.8713000488e+02 5.8676098633e+02 5.8611102295e+02 5.8552502441e+02 5.8493103027e+02 5.8413397217e+02 5.8322698975e+02 5.8248602295e+02 5.8190698242e+02 5.8138000488e+02 5.8067999268e+02 5.7984997559e+02 5.7905999756e+02 5.7845898438e+02 5.7801800537e+02 5.7756402588e+02 5.7706597900e+02 5.7650000000e+02 5.7612402344e+02 5.7589099121e+02 5.7557299805e+02 5.7514001465e+02 5.7477502441e+02 5.7424597168e+02 5.7353198242e+02 5.7263598633e+02 5.7200299072e+02 5.7193200684e+02 5.7210900879e+02 5.7221600342e+02 5.7229901123e+02
5.9171002197e+02 5.9165600586e+02 5.9142700195e+02 5.9105401611e+02 5.9077899170e+02 5.9048498535e+02 5.9004302979e+02 5.8962298584e+02 5.8927899170e+02 5.8910900879e+02 5.8883599854e+02 5.8835699463e+02 5.8791900635e+02 5.8758300781e+02 5.8715997314e+02 5.8678997803e+02 5.8642901611e+02 5.8574499512e+02 5.8512200928e+02 5.8450402832e+02 5.8367700195e+02 5.8281500244e+02 5.8216802979e+02 5.8167797852e+02 5.8123699951e+02 5.8047802734e+02 5.7947802734e+02 5.7849700928e+02 5.7791101074e+02 5.7744000244e+02 5.7705401611e+02 5.7668402100e+02 5.7632000732e+02 5.7610198975e+02 5.7588702393e+02 5.7549700928e+02 5.7501098633e+02 5.7452600098e+02 5.7390698242e+02 5.7313598633e+02 5.7224597168e+02 5.7185498047e+02 5.7184399414e+02 5.7197497559e+02 5.7203698730e+02 5.7217297363e+02
5.9133599854e+02 5.9114697266e+02 5.9093200684e+02 5.9069897461e+02 5.9055603027e+02 5.9015399170e+02 5.8967498779e+02 5.8927899170e+02 5.8895898438e+02 5.8876702881e+02 5.8860498047e+02 5.8828100586e+02 5.8791400146e+02 5.8753002930e+02 5.8693103027e+02 5.8645501709e+02 5.8604101563e+02 5.8546197510e+02 5.8486999512e+02 5.8410998535e+02 5.8319299316e+02 5.8237097168e+02 5.8172802734e+02 5.8134100342e+02 5.8099902344e+02 5.8027001953e+02 5.7885101318e+02 5.7754602051e+02 5.7707098389e+02 5.7701397705e+02 5.7687799072e+02 5.7661798096e+02 5.7634600830e+02 5.7623901367e+02 5.7595397949e+02 5.7545001221e+02 5.7488702393e+02 5.7425897217e+02 5.7353900146e+02 5.7276000977e+02 5.7210498047e+02 5.7180499268e+02 5.7182098389e+02 5.7193499756e+02 5.7197998047e+02 5.7205401611e+02
5.9082098389e+02 5.9065301514e+02 5.9059899902e+02 5.9053497314e+02 5.9033599854e+02 5.8978997803e+02 5.8929498291e+02 5.8894000244e+02 5.8865698242e+02 5.8851000977e+02 5.8845001221e+02 5.8817797852e+02 5.8767297363e+02 5.8711999512e+02 5.8647198486e+02 5.8604101563e+02 5.8575402832e+02 5.8539001465e+02 5.8479602051e+02 5.8375299072e+02 5.8235400391e+02 5.8122802734e+02 5.8035797119e+02 5.7989099121e+02 5.7962701416e+02 5.7898297119e+02 5.7751098633e+02 5.7621899414e+02 5.7603900146e+02 5.7635797119e+02 5.7635797119e+02 5.7611499023e+02 5.7590502930e+02 5.7622802734e+02 5.7610498047e+02 5.7549298096e+02 5.7466699219e+02 5.7391699219e+02 5.7316601563e+02 5.7244299316e+02 5.7192401123e+02 5.7176202393e+02 5.7187097168e+02 5.7201098633e+02 5.7201202393e+02 5.7200299072e+02
5.9031402588e+02 5.9026300049e+02 5.9039300537e+02 5.9042797852e+02 5.9001202393e+02 5.8938397217e+02 5.8893499756e+02 5.8862597656e+02 5.8836297607e+02 5.8821600342e+02 5.8808801270e+02 5.8772601318e+02 5.8712402344e+02 5.8652697754e+02 5.8596099854e+02 5.8560498047e+02 5.8533398438e+02 5.8497302246e+02 5.8420098877e+02 5.8273498535e+02 5.8071899414e+02 5.7920599365e+02 5.7820098877e+02 5.7771697998e+02 5.7759399414e+02 5.7724401855e+02 5.7611798096e+02 5.7509997559e+02 5.7508599854e+02 5.7534997559e+02 5.7522497559e+02 5.7489697266e+02 5.7472100830e+02 5.7541998291e+02 5.7559197998e+02 5.7504998779e+02 5.7408099365e+02 5.7328302002e+02 5.7259197998e+02 5.7200799561e+02 5.7167102051e+02 5.7168200684e+02 5.7190197754e+02 5.7208398438e+02 5.7206201172e+02 5.7200000000e+02
5.8991998291e+02 5.8985797119e+02 5.9000299072e+02 5.9000799561e+02 5.8957598877e+02 5.8893298340e+02 5.8854901123e+02 5.8825701904e+02 5.8796801758e+02 5.8774102783e+02 5.8739898682e+02 5.8694396973e+02 5.8639501953e+02 5.8593701172e+02 5.8551300049e+02 5.8502398682e+02 5.8396002197e+02 5.8318902588e+02 5.8209997559e+02 5.8046899414e+02 5.7830499268e+02 5.7718298340e+02 5.7653802490e+02 5.7633099365e+02 5.7632299805e+02 5.7612200928e+02 5.7551202393e+02 5.7484100342e+02 5.7460302734e+02 5.7435498047e+02 5.7401098633e+02 5.7366497803e+02 5.7353002930e+02 5.7395202637e+02 5.7418200684e+02 5.7388397217e+02 5.7314398193e+02 5.7241998291e+02 5.7190399170e+02 5.7156799316e+02 5.7149902344e+02 5.7158599854e+02 5.7182397461e+02 5.7202899170e+02 5.7207299805e+02 5.7198400879e+02
5.8953698730e+02 5.8944097900e+02 5.8946099854e+02 5.8938800049e+02 5.8901898193e+02 5.8841699219e+02 5.8805902100e+02 5.8779797363e+02 5.8752301025e+02 5.8727899170e+02 5.8701202393e+02 5.8671502686e+02 5.8643597412e+02 5.8579498291e+02 5.8466601563e+02 5.8328399658e+02 5.8168902588e+02 5.8032501221e+02 5.7935400391e+02 5.7832098389e+02 5.7731799316e+02 5.7672198486e+02 5.7651800537e+02 5.7640301514e+02 5.7600201416e+02 5.7561798096e+02 5.7527301025e+02 5.7491802979e+02 5.7461499023e+02 5.7416400146e+02 5.7371002197e+02 5.7335998535e+02 5.7299798584e+02 5.7293103027e+02 5.7285998535e+02 5.7259301758e+02 5.7218701172e+02 5.7170501709e+02 5.7139801025e+02 5.7128601074e+02 5.7131799316e+02 5.7132299805e+02 5.7147497559e+02 5.7174298096e+02 5.7190600586e+02 5.7188201904e+02
5.8913800049e+02 5.8907299805e+02 5.8905200195e+02 5.8892700195e+02 5.8851800537e+02 5.8800402832e+02 5.8775299072e+02 5.8761798096e+02 5.8740698242e+02 5.8731201172e+02 5.8717199707e+02 5.8696600342e+02 5.8658398438e+02 5.8555499268e+02 5.8330297852e+02 5.8111297607e+02 5.7971502686e+02 5.7865002441e+02 5.7798797607e+02 5.7743103027e+02 5.7692498779e+02 5.7659698486e+02 5.7644598389e+02 5.7616900635e+02 5.7567602539e+02 5.7536102295e+02 5.7508099365e+02 5.7480902100e+02 5.7451000977e+02 5.7398602295e+02 5.7340002441e+02 5.7295202637e+02 5.7262500000e+02 5.7233398438e+02 5.7199597168e+02 5.7161499023e+02 5.7131896973e+02 5.7104602051e+02 5.7091802979e+02 5.7093499756e+02 5.7096801758e+02 5.7085900879e+02 5.7096600342e+02 5.7125598145e+02 5.7153698730e+02 5.7159698486e+02
5.8855700684e+02 5.8861199951e+02 5.8860498047e+02 5.8844396973e+02 5.8804199219e+02 5.8761602783e+02 5.8740301514e+02 5.8730902100e+02 5.8712402344e+02 5.8700598145e+02 5.8648699951e+02 5.8574700928e+02 5.8501098633e+02 5.8434100342e+02 5.8175897217e+02 5.7947802734e+02 5.7869500732e+02 5.7814099121e+02 5.7767901611e+02 5.7725897217e+02 5.7687097168e+02 5.7658099365e+02 5.7631298828e+02 5.7587701416e+02 5.7539398193e+02 5.7509997559e+02 5.7480603027e+02 5.7452398682e+02 5.7422399902e+02 5.7374102783e+02 5.7311499023e+02 5.7261102295e+02 5.7233099365e+02 5.7196600342e+02 5.7144000244e+02 5.7093701172e+02 5.7060998535e+02 5.7047802734e+02 5.7046502686e+02 5.7051898193e+02 5.7051702881e+02 5.7043798828e+02 5.7054199219e+02 5.7078802490e+02 5.7105798340e+02 5.7115301514e+02
5.8766699219e+02 5.8782501221e+02 5.8788201904e+02 5.8772399902e+02 5.8722698975e+02 5.8658197021e+02 5.8607598877e+02 5.8581500244e+02 5.8536700439e+02 5.8490600586e+02 5.8364898682e+02 5.8205499268e+02 5.8092297363e+02 5.8140100098e+02 5.8005999756e+02 5.7888702393e+02 5.7862597656e+02 5.7806799316e+02 5.7753497314e+02 5.7707800293e+02 5.7678601074e+02 5.7649499512e+02 5.7611499023e+02 5.7564398193e+02 5.7517901611e+02 5.7482702637e+02 5.7448901367e+02 5.7412500000e+02 5.7381896973e+02 5.7342999268e+02 5.7287298584e+02 5.7237097168e+02 5.7199597168e+02 5.7153002930e+02 5.7090399170e+02 5.7036199951e+02 5.7013098145e+02 5.7009399414e+02 5.7011700439e+02 5.7011199951e+02 5.7008599854e+02 5.7014300537e+02 5.7026800537e+02 5.7044799805e+02 5.7060900879e+02 5.7066497803e+02
5.8650402832e+02 5.8653802490e+02 5.8651300049e+02 5.8627697754e+02 5.8567999268e+02 5.8459899902e+02 5.8379901123e+02 5.8328002930e+02 5.8280999756e+02 5.8203802490e+02 5.8116699219e+02 5.8032000732e+02 5.7972198486e+02 5.7968499756e+02 5.7911700439e+02 5.7866101074e+02 5.7827301025e+02 5.7765698242e+02 5.7721398926e+02 5.7692498779e+02 5.7662200928e+02 5.7626202393e+02 5.7586700439e+02 5.7543402100e+02 5.7497900391e+02 5.7459899902e+02 5.7422497559e+02 5.7377197266e+02 5.7340600586e+02 5.7300299072e+02 5.7251397705e+02 5.7205999756e+02 5.7164697266e+02 5.7104101563e+02 5.7027600098e+02 5.6969598389e+02 5.6950000000e+02 5.6955200195e+02 5.6964599609e+02 5.6971099854e+02 5.6981097412e+02 5.6994500732e+02 5.7004498291e+02 5.7015197754e+02 5.7023400879e+02 5.7023699951e+02
5.8546697998e+02 5.8527197266e+02 5.8510400391e+02 5.8479199219e+02 5.8417999268e+02 5.8319598389e+02 5.8244500732e+02 5.8187200928e+02 5.8139898682e+02 5.8084497070e+02 5.8024401855e+02 5.7975799561e+02 5.7932000732e+02 5.7901300049e+02 5.7863000488e+02 5.7828100586e+02 5.7781701660e+02 5.7736999512e+02 5.7713500977e+02 5.7690502930e+02 5.7645800781e+02 5.7599597168e+02 5.7559899902e+02 5.7522998047e+02 5.7480401611e+02 5.7439501953e+02 5.7401599121e+02 5.7349597168e+02 5.7300500488e+02 5.7259399414e+02 5.7220300293e+02 5.7183398438e+02 5.7138800049e+02 5.7063500977e+02 5.6973901367e+02 5.6913897705e+02 5.6901800537e+02 5.6908300781e+02 5.6921002197e+02 5.6934899902e+02 5.6955999756e+02 5.6979302979e+02 5.6989202881e+02 5.6991497803e+02 5.6989099121e+02 5.6983001709e+02
5.8469396973e+02 5.8432098389e+02 5.8402301025e+02 5.8365600586e+02 5.8314697266e+02 5.8247601318e+02 5.8190301514e+02 5.8139398193e+02 5.8094097900e+02 5.8047302246e+02 5.7989300537e+02 5.7940600586e+02 5.7895501709e+02 5.7851098633e+02 5.7810900879e+02 5.7777697754e+02 5.7747497559e+02 5.7725500488e+02 5.7702001953e+02 5.7667401123e+02 5.7614801025e+02 5.7563598633e+02 5.7522698975e+02 5.7490802002e+02 5.7455499268e+02 5.7421502686e+02 5.7387500000e+02 5.7328302002e+02 5.7265197754e+02 5.7225201416e+02 5.7193798828e+02 5.7161297607e+02 5.7113299561e+02 5.7034002686e+02 5.6940997314e+02 5.6884698486e+02 5.6881597900e+02 5.6887298584e+02 5.6895397949e+02 5.6906597900e+02 5.6927899170e+02 5.6954699707e+02 5.6965197754e+02 5.6962799072e+02 5.6951898193e+02 5.6938201904e+02
