TESTSERVER/8/8.asc
NCOLS 100
NROWS 100
XLLCORNER 7.8997500000e+03
YLLCORNER 2.8955025000e+05
CELLSIZE 5.0000000000e-01
NODATA_VALUE -9.9990000000e+03
[rows 40 to 59 of 100, columns 46 to 91 of 100]
5.9476898193e+02 5.9351000977e+02 5.9274798584e+02 5.9248999023e+02 5.9221997070e+02 5.9170397949e+02 5.9121697998e+02 5.9094799805e+02 5.9086798096e+02 5.9051000977e+02 5.9001599121e+02 5.8962902832e+02 5.8969097900e+02 5.8855700684e+02 5.8779998779e+02 5.8752801514e+02 5.8758697510e+02 5.8780999756e+02 5.8822900391e+02 5.8833300781e+02 5.8744897461e+02 5.8776702881e+02 5.8740899658e+02 5.8417999268e+02 5.8058099365e+02 5.7878399658e+02 5.7743200684e+02 5.7630499268e+02 5.7555798340e+02 5.7519702148e+02 5.7501599121e+02 5.7511901855e+02 5.7521002197e+02 5.7509600830e+02 5.7505499268e+02 5.7500598145e+02 5.7501202393e+02 5.7501501465e+02 5.7502001953e+02 5.7501702881e+02 5.7500799561e+02 5.7500598145e+02 5.7500097656e+02 5.7499200439e+02 5.7500201416e+02 5.7505700684e+02
5.9622198486e+02 5.9524700928e+02 5.9436798096e+02 5.9378100586e+02 5.9339202881e+02 5.9301898193e+02 5.9262500000e+02 5.9223797607e+02 5.9205499268e+02 5.9187799072e+02 5.9164001465e+02 5.9140100098e+02 5.9106402588e+02 5.9011798096e+02 5.8926098633e+02 5.8836199951e+02 5.8771197510e+02 5.8762597656e+02 5.8794598389e+02 5.8833801270e+02 5.8842297363e+02 5.8845202637e+02 5.8840301514e+02 5.8790600586e+02 5.8528601074e+02 5.8287200928e+02 5.8064697266e+02 5.7721301270e+02 5.7511700439e+02 5.7416699219e+02 5.7401202393e+02 5.7428302002e+02 5.7435400391e+02 5.7472497559e+02 5.7507501221e+02 5.7507800293e+02 5.7498199463e+02 5.7500201416e+02 5.7503198242e+02 5.7503698730e+02 5.7500897217e+02 5.7500000000e+02 5.7500000000e+02 5.7500000000e+02 5.7498699951e+02 5.7499798584e+02
5.9671899414e+02 5.9617199707e+02 5.9545300293e+02 5.9474401855e+02 5.9419097900e+02 5.9393200684e+02 5.9363201904e+02 5.9323400879e+02 5.9292999268e+02 5.9270397949e+02 5.9251397705e+02 5.9231298828e+02 5.9190899658e+02 5.9144598389e+02 5.9090600586e+02 5.8995501709e+02 5.8888397217e+02 5.8814398193e+02 5.8790399170e+02 5.8813098145e+02 5.8839801025e+02 5.8866601563e+02 5.8862200928e+02 5.8788500977e+02 5.8770202637e+02 5.8709100342e+02 5.8750000000e+02 5.8682501221e+02 5.7980700684e+02 5.7492700195e+02 5.7298498535e+02 5.7253802490e+02 5.7277301025e+02 5.7367498779e+02 5.7467797852e+02 5.7511102295e+02 5.7498901367e+02 5.7494500732e+02 5.7497601318e+02 5.7500897217e+02 5.7500500488e+02 5.7499597168e+02 5.7499902344e+02 5.7500201416e+02 5.7498999023e+02 5.7498602295e+02
5.9666699219e+02 5.9637799072e+02 5.9586297607e+02 5.9522100830e+02 5.9467797852e+02 5.9446301270e+02 5.9422900391e+02 5.9382000732e+02 5.9339099121e+02 5.9305499268e+02 5.9282299805e+02 5.9258898926e+02 5.9220501709e+02 5.9192401123e+02 5.9171600342e+02 5.9134600830e+02 5.9068798828e+02 5.8972900391e+02 5.8883697510e+02 5.8841198730e+02 5.8837597656e+02 5.8845001221e+02 5.8877899170e+02 5.8848199463e+02 5.8805999756e+02 5.8799298096e+02 5.8770300293e+02 5.8761401367e+02 5.8609802246e+02 5.8054400635e+02 5.7694396973e+02 5.7498199463e+02 5.7416699219e+02 5.7408599854e+02 5.7455102539e+02 5.7505999756e+02 5.7510900879e+02 5.7498199463e+02 5.7493298340e+02 5.7495501709e+02 5.7499401855e+02 5.7499298096e+02 5.7499597168e+02 5.7500097656e+02 5.7500000000e+02 5.7499401855e+02
5.9665301514e+02 5.9625201416e+02 5.9578997803e+02 5.9527099609e+02 5.9486499023e+02 5.9470300293e+02 5.9450000000e+02 5.9414300537e+02 5.9369598389e+02 5.9325598145e+02 5.9291802979e+02 5.9262902832e+02 5.9236602783e+02 5.9208898926e+02 5.9186401367e+02 5.9168902588e+02 5.9135900879e+02 5.9099298096e+02 5.9036297607e+02 5.8957098389e+02 5.8872399902e+02 5.8856097412e+02 5.8868200684e+02 5.8874499512e+02 5.8866302490e+02 5.8827600098e+02 5.8804199219e+02 5.8782397461e+02 5.8755902100e+02 5.8637597656e+02 5.8460198975e+02 5.8325000000e+02 5.8283398438e+02 5.7913702393e+02 5.7713500977e+02 5.7598498535e+02 5.7562298584e+02 5.7520098877e+02 5.7500097656e+02 5.7496600342e+02 5.7498602295e+02 5.7494500732e+02 5.7495800781e+02 5.7499102783e+02 5.7501501465e+02 5.7499597168e+02
5.9660998535e+02 5.9618298340e+02 5.9571197510e+02 5.9524597168e+02 5.9488702393e+02 5.9465100098e+02 5.9440802002e+02 5.9413201904e+02 5.9378302002e+02 5.9342498779e+02 5.9304302979e+02 5.9271301270e+02 5.9247198486e+02 5.9221697998e+02 5.9194799805e+02 5.9173297119e+02 5.9144897461e+02 5.9121997070e+02 5.9098297119e+02 5.9038397217e+02 5.8930401611e+02 5.8878900146e+02 5.8869500732e+02 5.8878302002e+02 5.8897900391e+02 5.8868701172e+02 5.8832000732e+02 5.8817602539e+02 5.8800897217e+02 5.8773699951e+02 5.8691601563e+02 5.8631896973e+02 5.8650598145e+02 5.8572998047e+02 5.8401000977e+02 5.8043499756e+02 5.7714202881e+02 5.7588800049e+02 5.7537402344e+02 5.7514001465e+02 5.7502301025e+02 5.7488702393e+02 5.7489099121e+02 5.7495098877e+02 5.7500000000e+02 5.7500097656e+02
5.9649298096e+02 5.9604998779e+02 5.9559002686e+02 5.9518499756e+02 5.9489001465e+02 5.9459600830e+02 5.9428497314e+02 5.9400097656e+02 5.9369097900e+02 5.9340600586e+02 5.9311199951e+02 5.9279101563e+02 5.9252301025e+02 5.9224902344e+02 5.9197198486e+02 5.9177301025e+02 5.9150402832e+02 5.9124902344e+02 5.9090899658e+02 5.9027099609e+02 5.8943499756e+02 5.8891699219e+02 5.8876202393e+02 5.8884802246e+02 5.8904797363e+02 5.8879302979e+02 5.8834399414e+02 5.8816900635e+02 5.8806500244e+02 5.8750402832e+02 5.8648999023e+02 5.8581799316e+02 5.8593597412e+02 5.8660797119e+02 5.8611798096e+02 5.8291900635e+02 5.7865997314e+02 5.7677600098e+02 5.7595800781e+02 5.7548797607e+02 5.7520098877e+02 5.7498498535e+02 5.7492700195e+02 5.7494598389e+02 5.7500799561e+02 5.7504699707e+02
5.9628100586e+02 5.9590997314e+02 5.9549902344e+02 5.9512402344e+02 5.9487298584e+02 5.9455798340e+02 5.9417999268e+02 5.9385498047e+02 5.9354998779e+02 5.9328802490e+02 5.9304998779e+02 5.9273297119e+02 5.9243902588e+02 5.9219799805e+02 5.9200201416e+02 5.9184899902e+02 5.9159600830e+02 5.9126300049e+02 5.9066101074e+02 5.8990399170e+02 5.8932897949e+02 5.8898999023e+02 5.8893298340e+02 5.8895501709e+02 5.8886602783e+02 5.8856201172e+02 5.8818597412e+02 5.8799499512e+02 5.8787799072e+02 5.8728698730e+02 5.8661798096e+02 5.8617797852e+02 5.8589202881e+02 5.8570501709e+02 5.8488299561e+02 5.8252502441e+02 5.7941101074e+02 5.7761602783e+02 5.7662200928e+02 5.7598999023e+02 5.7554901123e+02 5.7522100830e+02 5.7506701660e+02 5.7501000977e+02 5.7503497314e+02 5.7507098389e+02
5.9603900146e+02 5.9578698730e+02 5.9547497559e+02 5.9509301758e+02 5.9476000977e+02 5.9439300537e+02 5.9401501465e+02 5.9369702148e+02 5.9338598633e+02 5.9308599854e+02 5.9283599854e+02 5.9257897949e+02 5.9234600830e+02 5.9210900879e+02 5.9197900391e+02 5.9183898926e+02 5.9153900146e+02 5.9111401367e+02 5.9039898682e+02 5.8965997314e+02 5.8923199463e+02 5.8911602783e+02 5.8913397217e+02 5.8892901611e+02 5.8848999023e+02 5.8820397949e+02 5.8794396973e+02 5.8770599365e+02 5.8740399170e+02 5.8689001465e+02 5.8652600098e+02 5.8625701904e+02 5.8617297363e+02 5.8539001465e+02 5.8369702148e+02 5.8154998779e+02 5.7956402588e+02 5.7826397705e+02 5.7735498047e+02 5.7672302246e+02 5.7631201172e+02 5.7569299316e+02 5.7538299561e+02 5.7517797852e+02 5.7505102539e+02 5.7501202393e+02
5.9589697266e+02 5.9559002686e+02 5.9529101563e+02 5.9490197754e+02 5.9452600098e+02 5.9417199707e+02 5.9386499023e+02 5.9356597900e+02 5.9322100830e+02 5.9290899658e+02 5.9266497803e+02 5.9244000244e+02 5.9219299316e+02 5.9195501709e+02 5.9184301758e+02 5.9170397949e+02 5.9133300781e+02 5.9081298828e+02 5.9010400391e+02 5.8947998047e+02 5.8922698975e+02 5.8933801270e+02 5.8927301025e+02 5.8876800537e+02 5.8816198730e+02 5.8775500488e+02 5.8742700195e+02 5.8718103027e+02 5.8684997559e+02 5.8646600342e+02 5.8628399658e+02 5.8618402100e+02 5.8604400635e+02 5.8505401611e+02 5.8331597900e+02 5.8142297363e+02 5.7980798340e+02 5.7875000000e+02 5.7803002930e+02 5.7747302246e+02 5.7693701172e+02 5.7634698486e+02 5.7584399414e+02 5.7544201660e+02 5.7517401123e+02 5.7498602295e+02
5.9571899414e+02 5.9539099121e+02 5.9513598633e+02 5.9479797363e+02 5.9442602539e+02 5.9414300537e+02 5.9388800049e+02 5.9356201172e+02 5.9314202881e+02 5.9280499268e+02 5.9253997803e+02 5.9230999756e+02 5.9208599854e+02 5.9180499268e+02 5.9156500244e+02 5.9132202148e+02 5.9092102051e+02 5.9043798828e+02 5.8987200928e+02 5.8945898438e+02 5.8939697266e+02 5.8934600830e+02 5.8894396973e+02 5.8830297852e+02 5.8782299805e+02 5.8744598389e+02 5.8713397217e+02 5.8688098145e+02 5.8650402832e+02 5.8624298096e+02 5.8609899902e+02 5.8584997559e+02 5.8511297607e+02 5.8378399658e+02 5.8218103027e+02 5.8072698975e+02 5.7970599365e+02 5.7892199707e+02 5.7834002686e+02 5.7784301758e+02 5.7734698486e+02 5.7671002197e+02 5.7609100342e+02 5.7557897949e+02 5.7525897217e+02 5.7492498779e+02
5.9558099365e+02 5.9530902100e+02 5.9510900879e+02 5.9482202148e+02 5.9446899414e+02 5.9417498779e+02 5.9391101074e+02 5.9357702637e+02 5.9314898682e+02 5.9281298828e+02 5.9252301025e+02 5.9227001953e+02 5.9203601074e+02 5.9163702393e+02 5.9116699219e+02 5.9077801514e+02 5.9043798828e+02 5.9008197021e+02 5.8972802734e+02 5.8954901123e+02 5.8959399414e+02 5.8912298584e+02 5.8844702148e+02 5.8784802246e+02 5.8746600342e+02 5.8692401123e+02 5.8644897461e+02 5.8605999756e+02 5.8576300049e+02 5.8567498779e+02 5.8532202148e+02 5.8464801025e+02 5.8338598633e+02 5.8201702881e+02 5.8072998047e+02 5.7982702637e+02 5.7936602783e+02 5.7878601074e+02 5.7832098389e+02 5.7788201904e+02 5.7743499756e+02 5.7677502441e+02 5.7609802246e+02 5.7554101563e+02 5.7523498535e+02 5.7481799316e+02
5.9551501465e+02 5.9530297852e+02 5.9510400391e+02 5.9484301758e+02 5.9454498291e+02 5.9413897705e+02 5.9381402588e+02 5.9352697754e+02 5.9318597412e+02 5.9282598877e+02 5.9251898193e+02 5.9224798584e+02 5.9198498535e+02 5.9146197510e+02 5.9081597900e+02 5.9038500977e+02 5.9023199463e+02 5.8985198975e+02 5.8964099121e+02 5.8965502930e+02 5.8952600098e+02 5.8881799316e+02 5.8818103027e+02 5.8763000488e+02 5.8704797363e+02 5.8622497559e+02 5.8539001465e+02 5.8470001221e+02 5.8428900146e+02 5.8429901123e+02 5.8369201660e+02 5.8279998779e+02 5.8155200195e+02 5.8060198975e+02 5.7979797363e+02 5.7927697754e+02 5.7892700195e+02 5.7843200684e+02 5.7798999023e+02 5.7757501221e+02 5.7716497803e+02 5.7650701904e+02 5.7579302979e+02 5.7529498291e+02 5.7509301758e+02 5.7458502197e+02
5.9540399170e+02 5.9516198730e+02 5.9492602539e+02 5.9470800781e+02 5.9444598389e+02 5.9405102539e+02 5.9373498535e+02 5.9347497559e+02 5.9314001465e+02 5.9276098633e+02 5.9239801025e+02 5.9210601807e+02 5.9186798096e+02 5.9138098145e+02 5.9071997070e+02 5.9029302979e+02 5.9002398682e+02 5.8971600342e+02 5.8972998047e+02 5.8979498291e+02 5.8931500244e+02 5.8855700684e+02 5.8791699219e+02 5.8723999023e+02 5.8646899414e+02 5.8553497314e+02 5.8461401367e+02 5.8387902832e+02 5.8330999756e+02 5.8277398682e+02 5.8208197021e+02 5.8138397217e+02 5.8071899414e+02 5.8011798096e+02 5.7951000977e+02 5.7901300049e+02 5.7861199951e+02 5.7815100098e+02 5.7768499756e+02 5.7725500488e+02 5.7679699707e+02 5.7607202148e+02 5.7552099609e+02 5.7520202637e+02 5.7484899902e+02 5.7402502441e+02
5.9526098633e+02 5.9496502686e+02 5.9472100830e+02 5.9452398682e+02 5.9429699707e+02 5.9396398926e+02 5.9366998291e+02 5.9339599609e+02 5.9304302979e+02 5.9267700195e+02 5.9230798340e+02 5.9198699951e+02 5.9168597412e+02 5.9121197510e+02 5.9060101318e+02 5.9016302490e+02 5.8986102295e+02 5.8980297852e+02 5.8989697266e+02 5.8967102051e+02 5.8883197021e+02 5.8809802246e+02 5.8745501709e+02 5.8673699951e+02 5.8593597412e+02 5.8492797852e+02 5.8393200684e+02 5.8314001465e+02 5.8246899414e+02 5.8168798828e+02 5.8098297119e+02 5.8042401123e+02 5.7995501709e+02 5.7946899414e+02 5.7900701904e+02 5.7860998535e+02 5.7826501465e+02 5.7783300781e+02 5.7735797119e+02 5.7688800049e+02 5.7634698486e+02 5.7577301025e+02 5.7548797607e+02 5.7517797852e+02 5.7446697998e+02 5.7355603027e+02
5.9512200928e+02 5.9481402588e+02 5.9458697510e+02 5.9438897705e+02 5.9416101074e+02 5.9388201904e+02 5.9359899902e+02 5.9329797363e+02 5.9292797852e+02 5.9257897949e+02 5.9222497559e+02 5.9186901855e+02 5.9141400146e+02 5.9078198242e+02 5.9022900391e+02 5.8994097900e+02 5.8983599854e+02 5.8990997314e+02 5.8978900146e+02 5.8916400146e+02 5.8822900391e+02 5.8760699463e+02 5.8700500488e+02 5.8630798340e+02 5.8551300049e+02 5.8445202637e+02 5.8341998291e+02 5.8258599854e+02 5.8187701416e+02 5.8106799316e+02 5.8041198730e+02 5.7992901611e+02 5.7945300293e+02 5.7896502686e+02 5.7855499268e+02 5.7816497803e+02 5.7780200195e+02 5.7739099121e+02 5.7692102051e+02 5.7643701172e+02 5.7591802979e+02 5.7557598877e+02 5.7541601563e+02 5.7495001221e+02 5.7392901611e+02 5.7320001221e+02
5.9499700928e+02 5.9465802002e+02 5.9443200684e+02 5.9424700928e+02 5.9404302979e+02 5.9377600098e+02 5.9347802734e+02 5.9314501953e+02 5.9277001953e+02 5.9241900635e+02 5.9203601074e+02 5.9159399414e+02 5.9103900146e+02 5.9032800293e+02 5.8992102051e+02 5.8991601563e+02 5.9002001953e+02 5.8978002930e+02 5.8935400391e+02 5.8865600586e+02 5.8786798096e+02 5.8729302979e+02 5.8667999268e+02 5.8593701172e+02 5.8512902832e+02 5.8411798096e+02 5.8314398193e+02 5.8232397461e+02 5.8151898193e+02 5.8069299316e+02 5.8009997559e+02 5.7966101074e+02 5.7921301270e+02 5.7869500732e+02 5.7820599365e+02 5.7772601318e+02 5.7727301025e+02 5.7689300537e+02 5.7644702148e+02 5.7598101807e+02 5.7557000732e+02 5.7539697266e+02 5.7518798828e+02 5.7451501465e+02 5.7331799316e+02 5.7302301025e+02
5.9477801514e+02 5.9447802734e+02 5.9426599121e+02 5.9410101318e+02 5.9390802002e+02 5.9365600586e+02 5.9334698486e+02 5.9297998047e+02 5.9257397461e+02 5.9219702148e+02 5.9171398926e+02 5.9111602783e+02 5.9050000000e+02 5.9005297852e+02 5.8998498535e+02 5.9009497070e+02 5.8995501709e+02 5.8950201416e+02 5.8907598877e+02 5.8845300293e+02 5.8754901123e+02 5.8692199707e+02 5.8610302734e+02 5.8516601563e+02 5.8438702393e+02 5.8366302490e+02 5.8284802246e+02 5.8208197021e+02 5.8121099854e+02 5.8033898926e+02 5.7978302002e+02 5.7934899902e+02 5.7885699463e+02 5.7833502197e+02 5.7786401367e+02 5.7741302490e+02 5.7698297119e+02 5.7653802490e+02 5.7606201172e+02 5.7567498779e+02 5.7544000244e+02 5.7525799561e+02 5.7491198730e+02 5.7405902100e+02 5.7298901367e+02 5.7288500977e+02
5.9443200684e+02 5.9417901611e+02 5.9401397705e+02 5.9387097168e+02 5.9365698242e+02 5.9340899658e+02 5.9309698486e+02 5.9270001221e+02 5.9224200439e+02 5.9181201172e+02 5.9126098633e+02 5.9066497803e+02 5.9017797852e+02 5.9006701660e+02 5.9011102295e+02 5.8997399902e+02 5.8950402832e+02 5.8908300781e+02 5.8879699707e+02 5.8822998047e+02 5.8726800537e+02 5.8652197266e+02 5.8552001953e+02 5.8450097656e+02 5.8380499268e+02 5.8315899658e+02 5.8242901611e+02 5.8171197510e+02 5.8086602783e+02 5.8002600098e+02 5.7946697998e+02 5.7901202393e+02 5.7851098633e+02 5.7802099609e+02 5.7757098389e+02 5.7712500000e+02 5.7668597412e+02 5.7618103027e+02 5.7574798584e+02 5.7548797607e+02 5.7532702637e+02 5.7509600830e+02 5.7462200928e+02 5.7371301270e+02 5.7278100586e+02 5.7274798584e+02
5.9402600098e+02 5.9380499268e+02 5.9366601563e+02 5.9352398682e+02 5.9327502441e+02 5.9301300049e+02 5.9268798828e+02 5.9224798584e+02 5.9171502686e+02 5.9123400879e+02 5.9073199463e+02 5.9032299805e+02 5.9013098145e+02 5.9013000488e+02 5.8996600342e+02 5.8954400635e+02 5.8903002930e+02 5.8872198486e+02 5.8854699707e+02 5.8805798340e+02 5.8714001465e+02 5.8621502686e+02 5.8508300781e+02 5.8405798340e+02 5.8343298340e+02 5.8273498535e+02 5.8202600098e+02 5.8136297607e+02 5.8059197998e+02 5.7978399658e+02 5.7919097900e+02 5.7869201660e+02 5.7820397949e+02 5.7774798584e+02 5.7729199219e+02 5.7681799316e+02 5.7633197021e+02 5.7583197021e+02 5.7551000977e+02 5.7533099365e+02 5.7509698486e+02 5.7480297852e+02 5.7432098389e+02 5.7351501465e+02 5.7274499512e+02 5.7269299316e+02
