TESTSERVER/8/9.asc
NCOLS 100
NROWS 100
XLLCORNER 7.8997500000e+03
YLLCORNER 2.8950025000e+05
CELLSIZE 5.0000000000e-01
NODATA_VALUE -9.9990000000e+03
[rows 0 to 19 of 100, columns 0 to 45 of 100]
5.9715399170e+02 5.9675299072e+02 5.9637500000e+02 5.9593597412e+02 5.9534600830e+02 5.9469299316e+02 5.9408898926e+02 5.9386297607e+02 5.9388800049e+02 5.9394097900e+02 5.9395599365e+02 5.9395800781e+02 5.9397100830e+02 5.9398999023e+02 5.9398297119e+02 5.9396301270e+02 5.9388299561e+02 5.9365399170e+02 5.9328399658e+02 5.9279998779e+02 5.9214501953e+02 5.9143402100e+02 5.9083398438e+02 5.9060998535e+02 5.9054101563e+02 5.9037902832e+02 5.8999902344e+02 5.8961401367e+02 5.8923901367e+02 5.8881097412e+02 5.8828802490e+02 5.8767297363e+02 5.8702301025e+02 5.8633898926e+02 5.8569000244e+02 5.8528997803e+02 5.8499298096e+02 5.8467901611e+02 5.8420697021e+02 5.8349597168e+02 5.8283001709e+02 5.8227001953e+02 5.8186602783e+02 5.8137597656e+02 5.8091101074e+02 5.8047998047e+02
5.9697198486e+02 5.9657598877e+02 5.9618103027e+02 5.9568902588e+02 5.9505603027e+02 5.9441497803e+02 5.9390600586e+02 5.9374200439e+02 5.9377697754e+02 5.9381896973e+02 5.9383801270e+02 5.9384399414e+02 5.9384600830e+02 5.9386602783e+02 5.9386297607e+02 5.9383697510e+02 5.9373101807e+02 5.9348297119e+02 5.9309698486e+02 5.9261798096e+02 5.9194897461e+02 5.9125201416e+02 5.9074597168e+02 5.9058599854e+02 5.9052600098e+02 5.9034301758e+02 5.8994000244e+02 5.8952600098e+02 5.8910699463e+02 5.8865502930e+02 5.8812799072e+02 5.8752600098e+02 5.8683197021e+02 5.8613500977e+02 5.8552398682e+02 5.8516601563e+02 5.8490399170e+02 5.8460101318e+02 5.8408300781e+02 5.8341101074e+02 5.8296197510e+02 5.8254302979e+02 5.8197302246e+02 5.8126702881e+02 5.8067999268e+02 5.8015197754e+02
5.9679199219e+02 5.9640600586e+02 5.9601098633e+02 5.9548199463e+02 5.9483300781e+02 5.9420202637e+02 5.9374102783e+02 5.9361602783e+02 5.9364898682e+02 5.9367700195e+02 5.9369799805e+02 5.9371398926e+02 5.9372100830e+02 5.9374298096e+02 5.9374499512e+02 5.9370501709e+02 5.9356799316e+02 5.9329998779e+02 5.9292401123e+02 5.9247198486e+02 5.9180102539e+02 5.9110601807e+02 5.9065301514e+02 5.9055401611e+02 5.9051397705e+02 5.9031097412e+02 5.8987799072e+02 5.8940802002e+02 5.8891998291e+02 5.8842999268e+02 5.8793402100e+02 5.8738098145e+02 5.8669500732e+02 5.8598901367e+02 5.8537701416e+02 5.8505499268e+02 5.8481701660e+02 5.8452502441e+02 5.8402099609e+02 5.8347698975e+02 5.8313397217e+02 5.8271301270e+02 5.8197100830e+02 5.8115997314e+02 5.8058398438e+02 5.8005902100e+02
5.9661798096e+02 5.9624597168e+02 5.9586700439e+02 5.9533300781e+02 5.9468597412e+02 5.9406500244e+02 5.9360302734e+02 5.9349401855e+02 5.9352099609e+02 5.9353900146e+02 5.9355499268e+02 5.9357202148e+02 5.9358599854e+02 5.9361199951e+02 5.9361798096e+02 5.9356500244e+02 5.9339898682e+02 5.9310498047e+02 5.9273797607e+02 5.9232000732e+02 5.9166400146e+02 5.9098602295e+02 5.9055798340e+02 5.9050897217e+02 5.9047302246e+02 5.9024597168e+02 5.8980297852e+02 5.8928601074e+02 5.8874499512e+02 5.8823297119e+02 5.8778198242e+02 5.8730603027e+02 5.8665100098e+02 5.8594000244e+02 5.8528198242e+02 5.8495697021e+02 5.8471899414e+02 5.8442102051e+02 5.8394299316e+02 5.8347900391e+02 5.8315100098e+02 5.8266497803e+02 5.8180297852e+02 5.8105297852e+02 5.8060900879e+02 5.8018499756e+02
5.9646801758e+02 5.9611700439e+02 5.9577197266e+02 5.9526501465e+02 5.9464697266e+02 5.9402600098e+02 5.9349298096e+02 5.9335400391e+02 5.9337402344e+02 5.9341198730e+02 5.9343499756e+02 5.9343499756e+02 5.9346002197e+02 5.9349102783e+02 5.9349700928e+02 5.9343798828e+02 5.9324700928e+02 5.9291900635e+02 5.9253497314e+02 5.9213800049e+02 5.9151501465e+02 5.9087097168e+02 5.9046398926e+02 5.9047900391e+02 5.9043103027e+02 5.9017602539e+02 5.8971600342e+02 5.8918402100e+02 5.8862799072e+02 5.8811401367e+02 5.8771197510e+02 5.8728497314e+02 5.8666400146e+02 5.8594299316e+02 5.8522399902e+02 5.8485101318e+02 5.8461901855e+02 5.8429302979e+02 5.8374798584e+02 5.8332098389e+02 5.8293103027e+02 5.8238897705e+02 5.8148297119e+02 5.8087902832e+02 5.8052197266e+02 5.8019000244e+02
5.9631097412e+02 5.9598199463e+02 5.9563500977e+02 5.9518200684e+02 5.9457501221e+02 5.9394097900e+02 5.9335498047e+02 5.9319598389e+02 5.9323400879e+02 5.9329199219e+02 5.9331097412e+02 5.9331097412e+02 5.9334301758e+02 5.9337500000e+02 5.9338000488e+02 5.9331500244e+02 5.9309997559e+02 5.9275701904e+02 5.9238397217e+02 5.9196697998e+02 5.9132000732e+02 5.9070202637e+02 5.9041699219e+02 5.9050598145e+02 5.9046502686e+02 5.9015802002e+02 5.8957897949e+02 5.8899102783e+02 5.8845697021e+02 5.8797100830e+02 5.8756097412e+02 5.8713702393e+02 5.8649798584e+02 5.8576202393e+02 5.8505798340e+02 5.8476898193e+02 5.8467297363e+02 5.8436102295e+02 5.8369897461e+02 5.8316101074e+02 5.8266302490e+02 5.8207202148e+02 5.8133300781e+02 5.8071697998e+02 5.8017602539e+02 5.7974700928e+02
5.9610302734e+02 5.9578698730e+02 5.9545397949e+02 5.9501599121e+02 5.9441699219e+02 5.9379602051e+02 5.9321600342e+02 5.9305798340e+02 5.9310797119e+02 5.9316302490e+02 5.9317797852e+02 5.9319396973e+02 5.9322399902e+02 5.9324200439e+02 5.9324401855e+02 5.9316802979e+02 5.9294500732e+02 5.9260101318e+02 5.9220001221e+02 5.9171600342e+02 5.9109100342e+02 5.9056896973e+02 5.9039099121e+02 5.9046398926e+02 5.9038098145e+02 5.9000701904e+02 5.8935998535e+02 5.8874700928e+02 5.8821697998e+02 5.8775000000e+02 5.8733300781e+02 5.8684802246e+02 5.8618798828e+02 5.8548199463e+02 5.8487500000e+02 5.8471801758e+02 5.8471099854e+02 5.8440301514e+02 5.8366601563e+02 5.8304498291e+02 5.8247900391e+02 5.8188397217e+02 5.8123999023e+02 5.8055798340e+02 5.7992102051e+02 5.7944799805e+02
5.9586901855e+02 5.9556097412e+02 5.9522601318e+02 5.9478002930e+02 5.9419500732e+02 5.9360400391e+02 5.9307397461e+02 5.9293499756e+02 5.9298400879e+02 5.9303100586e+02 5.9303100586e+02 5.9307397461e+02 5.9311401367e+02 5.9311700439e+02 5.9311297607e+02 5.9302197266e+02 5.9279998779e+02 5.9244702148e+02 5.9197900391e+02 5.9141101074e+02 5.9084399414e+02 5.9045599365e+02 5.9036499023e+02 5.9036499023e+02 5.9021002197e+02 5.8978198242e+02 5.8912902832e+02 5.8851202393e+02 5.8798297119e+02 5.8752600098e+02 5.8709698486e+02 5.8653698730e+02 5.8586499023e+02 5.8521899414e+02 5.8474200439e+02 5.8469000244e+02 5.8469799805e+02 5.8434399414e+02 5.8358001709e+02 5.8289599609e+02 5.8226702881e+02 5.8166699219e+02 5.8105902100e+02 5.8038800049e+02 5.7976898193e+02 5.7927099609e+02
5.9558001709e+02 5.9527600098e+02 5.9502001953e+02 5.9455798340e+02 5.9394500732e+02 5.9334802246e+02 5.9285998535e+02 5.9283099365e+02 5.9286999512e+02 5.9290002441e+02 5.9288299561e+02 5.9294598389e+02 5.9299200439e+02 5.9299401855e+02 5.9299401855e+02 5.9287298584e+02 5.9263800049e+02 5.9227600098e+02 5.9171099854e+02 5.9107000732e+02 5.9060498047e+02 5.9037298584e+02 5.9034600830e+02 5.9022497559e+02 5.9000500488e+02 5.8959497070e+02 5.8902502441e+02 5.8836901855e+02 5.8784002686e+02 5.8737902832e+02 5.8695098877e+02 5.8636700439e+02 5.8568103027e+02 5.8506298828e+02 5.8467602539e+02 5.8471099854e+02 5.8468902588e+02 5.8425299072e+02 5.8338897705e+02 5.8272601318e+02 5.8199499512e+02 5.8132299805e+02 5.8072497559e+02 5.8013897705e+02 5.7961102295e+02 5.7901702881e+02
5.9526300049e+02 5.9493798828e+02 5.9469500732e+02 5.9428997803e+02 5.9366101074e+02 5.9309399414e+02 5.9273297119e+02 5.9270001221e+02 5.9273999023e+02 5.9276898193e+02 5.9276800537e+02 5.9281097412e+02 5.9284997559e+02 5.9286401367e+02 5.9285601807e+02 5.9271398926e+02 5.9244897461e+02 5.9205798340e+02 5.9145800781e+02 5.9082800293e+02 5.9044097900e+02 5.9029797363e+02 5.9024597168e+02 5.9001599121e+02 5.8975897217e+02 5.8940002441e+02 5.8890301514e+02 5.8830401611e+02 5.8778198242e+02 5.8732299805e+02 5.8690502930e+02 5.8642797852e+02 5.8573101807e+02 5.8506298828e+02 5.8465802002e+02 5.8459899902e+02 5.8449401855e+02 5.8405603027e+02 5.8327697754e+02 5.8254498291e+02 5.8175402832e+02 5.8105499268e+02 5.8047497559e+02 5.8004901123e+02 5.7966601563e+02 5.7885101318e+02
5.9497900391e+02 5.9463000488e+02 5.9431799316e+02 5.9388598633e+02 5.9332098389e+02 5.9285302734e+02 5.9260101318e+02 5.9257501221e+02 5.9260998535e+02 5.9263702393e+02 5.9264001465e+02 5.9266699219e+02 5.9270300293e+02 5.9272100830e+02 5.9271398926e+02 5.9255798340e+02 5.9226098633e+02 5.9184698486e+02 5.9128497314e+02 5.9072698975e+02 5.9037799072e+02 5.9025799561e+02 5.9019299316e+02 5.8988201904e+02 5.8954498291e+02 5.8914599609e+02 5.8868701172e+02 5.8813598633e+02 5.8765197754e+02 5.8721197510e+02 5.8678900146e+02 5.8629302979e+02 5.8559100342e+02 5.8494500732e+02 5.8458599854e+02 5.8438201904e+02 5.8406799316e+02 5.8359301758e+02 5.8305102539e+02 5.8234899902e+02 5.8157598877e+02 5.8093402100e+02 5.8036999512e+02 5.8010601807e+02 5.7978302002e+02 5.7878100586e+02
5.9471301270e+02 5.9434301758e+02 5.9393798828e+02 5.9348199463e+02 5.9300500488e+02 5.9263299561e+02 5.9246301270e+02 5.9245300293e+02 5.9248400879e+02 5.9250500488e+02 5.9250402832e+02 5.9253900146e+02 5.9257702637e+02 5.9258599854e+02 5.9257299805e+02 5.9238897705e+02 5.9206799316e+02 5.9165301514e+02 5.9115301514e+02 5.9064801025e+02 5.9032501221e+02 5.9021997070e+02 5.9016302490e+02 5.8981201172e+02 5.8938299561e+02 5.8889697266e+02 5.8840197754e+02 5.8789599609e+02 5.8745300293e+02 5.8703002930e+02 5.8658099365e+02 5.8602398682e+02 5.8533398438e+02 5.8474902344e+02 5.8448797607e+02 5.8428302002e+02 5.8387298584e+02 5.8336798096e+02 5.8291998291e+02 5.8213800049e+02 5.8137402344e+02 5.8080200195e+02 5.8028698730e+02 5.8005603027e+02 5.7967401123e+02 5.7854199219e+02
5.9448101807e+02 5.9408502197e+02 5.9365197754e+02 5.9319097900e+02 5.9278100586e+02 5.9246997070e+02 5.9232800293e+02 5.9233502197e+02 5.9235900879e+02 5.9237597656e+02 5.9238897705e+02 5.9242602539e+02 5.9245300293e+02 5.9245098877e+02 5.9243402100e+02 5.9222497559e+02 5.9190502930e+02 5.9150000000e+02 5.9100897217e+02 5.9053900146e+02 5.9024401855e+02 5.9016198730e+02 5.9011798096e+02 5.8977099609e+02 5.8927697754e+02 5.8870898438e+02 5.8818597412e+02 5.8769396973e+02 5.8727001953e+02 5.8683398438e+02 5.8632501221e+02 5.8576300049e+02 5.8510998535e+02 5.8461199951e+02 5.8440600586e+02 5.8432098389e+02 5.8399401855e+02 5.8355902100e+02 5.8325500488e+02 5.8204302979e+02 5.8119299316e+02 5.8061602783e+02 5.8018902588e+02 5.7997100830e+02 5.7934698486e+02 5.7815100098e+02
5.9432702637e+02 5.9392901611e+02 5.9353497314e+02 5.9309600830e+02 5.9264501953e+02 5.9232202148e+02 5.9220001221e+02 5.9221197510e+02 5.9222900391e+02 5.9223999023e+02 5.9225097656e+02 5.9230102539e+02 5.9231896973e+02 5.9232000732e+02 5.9227697754e+02 5.9208300781e+02 5.9183599854e+02 5.9147100830e+02 5.9094097900e+02 5.9045001221e+02 5.9017297363e+02 5.9012402344e+02 5.9006799316e+02 5.8976599121e+02 5.8929901123e+02 5.8867999268e+02 5.8806298828e+02 5.8754602051e+02 5.8715600586e+02 5.8679199219e+02 5.8631799316e+02 5.8565600586e+02 5.8497302246e+02 5.8451898193e+02 5.8436401367e+02 5.8429901123e+02 5.8403900146e+02 5.8356298828e+02 5.8300402832e+02 5.8179199219e+02 5.8091601563e+02 5.8039501953e+02 5.8009802246e+02 5.7977099609e+02 5.7890399170e+02 5.7771502686e+02
5.9416900635e+02 5.9377099609e+02 5.9338702393e+02 5.9293103027e+02 5.9246600342e+02 5.9215600586e+02 5.9206402588e+02 5.9208001709e+02 5.9209997559e+02 5.9211401367e+02 5.9212701416e+02 5.9216699219e+02 5.9218499756e+02 5.9219000244e+02 5.9214599609e+02 5.9198199463e+02 5.9175897217e+02 5.9136401367e+02 5.9077197266e+02 5.9031201172e+02 5.9010699463e+02 5.9008300781e+02 5.9000000000e+02 5.8978302002e+02 5.8941400146e+02 5.8878698730e+02 5.8801501465e+02 5.8742401123e+02 5.8709399414e+02 5.8688098145e+02 5.8647198486e+02 5.8566302490e+02 5.8491998291e+02 5.8446502686e+02 5.8429302979e+02 5.8413098145e+02 5.8383197021e+02 5.8321697998e+02 5.8235797119e+02 5.8138702393e+02 5.8078802490e+02 5.8039001465e+02 5.8002502441e+02 5.7937402344e+02 5.7811999512e+02 5.7661499023e+02
5.9400598145e+02 5.9360198975e+02 5.9319598389e+02 5.9269799805e+02 5.9223699951e+02 5.9196197510e+02 5.9191900635e+02 5.9194500732e+02 5.9196899414e+02 5.9199102783e+02 5.9200897217e+02 5.9204498291e+02 5.9206701660e+02 5.9207299805e+02 5.9201599121e+02 5.9185699463e+02 5.9160601807e+02 5.9113702393e+02 5.9052301025e+02 5.9016998291e+02 5.9005902100e+02 5.9003302002e+02 5.8985797119e+02 5.8965997314e+02 5.8946502686e+02 5.8902301025e+02 5.8821899414e+02 5.8743298340e+02 5.8705401611e+02 5.8692797852e+02 5.8657501221e+02 5.8562402344e+02 5.8483801270e+02 5.8438000488e+02 5.8415802002e+02 5.8382598877e+02 5.8339898682e+02 5.8270800781e+02 5.8180700684e+02 5.8114801025e+02 5.8072399902e+02 5.8009899902e+02 5.7924200439e+02 5.7823901367e+02 5.7652899170e+02 5.7450000000e+02
5.9386499023e+02 5.9344396973e+02 5.9299902344e+02 5.9242199707e+02 5.9197698975e+02 5.9177099609e+02 5.9177697754e+02 5.9180700684e+02 5.9183300781e+02 5.9185601807e+02 5.9186901855e+02 5.9190002441e+02 5.9192797852e+02 5.9193103027e+02 5.9183801270e+02 5.9169897461e+02 5.9141900635e+02 5.9090899658e+02 5.9034197998e+02 5.9008697510e+02 5.9003698730e+02 5.8996997070e+02 5.8971997070e+02 5.8941998291e+02 5.8944702148e+02 5.8941802979e+02 5.8890100098e+02 5.8753198242e+02 5.8690502930e+02 5.8675097656e+02 5.8638800049e+02 5.8539898682e+02 5.8466900635e+02 5.8427502441e+02 5.8402001953e+02 5.8361700439e+02 5.8308898926e+02 5.8242199707e+02 5.8177001953e+02 5.8120300293e+02 5.8049798584e+02 5.7923901367e+02 5.7760601807e+02 5.7628802490e+02 5.7427801514e+02 5.7204400635e+02
5.9370001221e+02 5.9326098633e+02 5.9277697754e+02 5.9218798828e+02 5.9177899170e+02 5.9164501953e+02 5.9166497803e+02 5.9169396973e+02 5.9170202637e+02 5.9171801758e+02 5.9173999023e+02 5.9176000977e+02 5.9179101563e+02 5.9178399658e+02 5.9169396973e+02 5.9155700684e+02 5.9121997070e+02 5.9070001221e+02 5.9021099854e+02 5.8997998047e+02 5.8995599365e+02 5.8990997314e+02 5.8964801025e+02 5.8926800537e+02 5.8928100586e+02 5.8937500000e+02 5.8869799805e+02 5.8730700684e+02 5.8674499512e+02 5.8662902832e+02 5.8614398193e+02 5.8509802246e+02 5.8446801758e+02 5.8419897461e+02 5.8394702148e+02 5.8354699707e+02 5.8302899170e+02 5.8238201904e+02 5.8166900635e+02 5.8095397949e+02 5.8010302734e+02 5.7877600098e+02 5.7685302734e+02 5.7479998779e+02 5.7250598145e+02 5.7034899902e+02
5.9348101807e+02 5.9303002930e+02 5.9253399658e+02 5.9195397949e+02 5.9160601807e+02 5.9152197266e+02 5.9153900146e+02 5.9155102539e+02 5.9155499268e+02 5.9158398438e+02 5.9163098145e+02 5.9163702393e+02 5.9164599609e+02 5.9162500000e+02 5.9155700684e+02 5.9135900879e+02 5.9097198486e+02 5.9049798584e+02 5.9013098145e+02 5.8990399170e+02 5.8988098145e+02 5.8984002686e+02 5.8960400391e+02 5.8922998047e+02 5.8915802002e+02 5.8921099854e+02 5.8861700439e+02 5.8730102539e+02 5.8662597656e+02 5.8639599609e+02 5.8593701172e+02 5.8495800781e+02 5.8438299561e+02 5.8415197754e+02 5.8386999512e+02 5.8344097900e+02 5.8294897461e+02 5.8234301758e+02 5.8159497070e+02 5.8086401367e+02 5.8009600830e+02 5.7884497070e+02 5.7684698486e+02 5.7440002441e+02 5.7181597900e+02 5.6961602783e+02
5.9324200439e+02 5.9278100586e+02 5.9227001953e+02 5.9170800781e+02 5.9142602539e+02 5.9139202881e+02 5.9140997314e+02 5.9140698242e+02 5.9141400146e+02 5.9145300293e+02 5.9151397705e+02 5.9151501465e+02 5.9149700928e+02 5.9145397949e+02 5.9138500977e+02 5.9113098145e+02 5.9076702881e+02 5.9038897705e+02 5.9010400391e+02 5.8985400391e+02 5.8981799316e+02 5.8977801514e+02 5.8957800293e+02 5.8923498535e+02 5.8907098389e+02 5.8906799316e+02 5.8870098877e+02 5.8753399658e+02 5.8667700195e+02 5.8631402588e+02 5.8587298584e+02 5.8492797852e+02 5.8438702393e+02 5.8415301514e+02 5.8384399414e+02 5.8338897705e+02 5.8288000488e+02 5.8229199219e+02 5.8153900146e+02 5.8089501953e+02 5.8031402588e+02 5.7923101807e+02 5.7730902100e+02 5.7461798096e+02 5.7177801514e+02 5.6948602295e+02
