TESTSERVER/8/9.asc
NCOLS 100
NROWS 100
XLLCORNER 7.8997500000e+03
YLLCORNER 2.8950025000e+05
CELLSIZE 5.0000000000e-01
NODATA_VALUE -9.9990000000e+03
[rows 60 to 79 of 100, columns 0 to 45 of 100]
5.8614099121e+02 5.8615301514e+02 5.8619897461e+02 5.8619598389e+02 5.8618798828e+02 5.8617199707e+02 5.8619500732e+02 5.8620098877e+02 5.8613201904e+02 5.8612701416e+02 5.8610302734e+02 5.8584997559e+02 5.8550097656e+02 5.8515600586e+02 5.8480999756e+02 5.8445599365e+02 5.8411401367e+02 5.8384197998e+02 5.8367401123e+02 5.8361700439e+02 5.8366699219e+02 5.8371801758e+02 5.8364398193e+02 5.8356298828e+02 5.8366998291e+02 5.8372998047e+02 5.8359802246e+02 5.8352197266e+02 5.8354302979e+02 5.8320397949e+02 5.8221502686e+02 5.8153900146e+02 5.8148901367e+02 5.8162402344e+02 5.8159600830e+02 5.8133801270e+02 5.8096697998e+02 5.8059197998e+02 5.8023999023e+02 5.7985699463e+02 5.7898297119e+02 5.7755999756e+02 5.7591101074e+02 5.7435302734e+02 5.7227801514e+02 5.6990002441e+02
5.8606097412e+02 5.8605700684e+02 5.8607397461e+02 5.8608398438e+02 5.8608099365e+02 5.8606799316e+02 5.8605499268e+02 5.8605798340e+02 5.8601202393e+02 5.8600799561e+02 5.8597302246e+02 5.8574499512e+02 5.8539099121e+02 5.8501397705e+02 5.8466900635e+02 5.8429797363e+02 5.8392199707e+02 5.8365100098e+02 5.8351501465e+02 5.8347802734e+02 5.8352301025e+02 5.8354998779e+02 5.8345397949e+02 5.8339801025e+02 5.8351702881e+02 5.8355798340e+02 5.8344396973e+02 5.8333898926e+02 5.8331298828e+02 5.8307598877e+02 5.8225799561e+02 5.8163397217e+02 5.8151898193e+02 5.8170800781e+02 5.8186199951e+02 5.8181201172e+02 5.8150097656e+02 5.8110400391e+02 5.8086602783e+02 5.8104498291e+02 5.8054602051e+02 5.7901599121e+02 5.7725799561e+02 5.7661901855e+02 5.7456701660e+02 5.7092797852e+02
5.8597302246e+02 5.8594000244e+02 5.8594201660e+02 5.8595599365e+02 5.8595898438e+02 5.8595501709e+02 5.8592901611e+02 5.8592999268e+02 5.8588397217e+02 5.8588000488e+02 5.8586901855e+02 5.8565502930e+02 5.8527899170e+02 5.8485900879e+02 5.8450097656e+02 5.8410699463e+02 5.8372601318e+02 5.8347698975e+02 5.8335498047e+02 5.8334399414e+02 5.8338201904e+02 5.8339898682e+02 5.8331896973e+02 5.8332598877e+02 5.8341198730e+02 5.8339501953e+02 5.8328698730e+02 5.8311798096e+02 5.8299200439e+02 5.8275897217e+02 5.8217498779e+02 5.8160400391e+02 5.8141400146e+02 5.8163098145e+02 5.8191802979e+02 5.8202301025e+02 5.8182299805e+02 5.8145098877e+02 5.8117999268e+02 5.8132299805e+02 5.8118701172e+02 5.8007702637e+02 5.7829602051e+02 5.7750897217e+02 5.7529498291e+02 5.7129797363e+02
5.8587298584e+02 5.8582598877e+02 5.8582299805e+02 5.8582397461e+02 5.8581701660e+02 5.8581201172e+02 5.8580102539e+02 5.8579998779e+02 5.8575201416e+02 5.8574798584e+02 5.8576202393e+02 5.8556298828e+02 5.8516198730e+02 5.8469299316e+02 5.8431799316e+02 5.8390899658e+02 5.8353002930e+02 5.8330700684e+02 5.8320501709e+02 5.8322100830e+02 5.8325598145e+02 5.8329699707e+02 5.8325402832e+02 5.8325097656e+02 5.8326599121e+02 5.8319396973e+02 5.8305401611e+02 5.8286999512e+02 5.8271997070e+02 5.8250201416e+02 5.8205700684e+02 5.8149200439e+02 5.8129797363e+02 5.8154199219e+02 5.8184002686e+02 5.8193402100e+02 5.8180999756e+02 5.8152899170e+02 5.8126599121e+02 5.8121099854e+02 5.8123999023e+02 5.8058398438e+02 5.7908599854e+02 5.7768499756e+02 5.7522601318e+02 5.7136199951e+02
5.8575000000e+02 5.8569799805e+02 5.8568701172e+02 5.8569201660e+02 5.8568200684e+02 5.8567199707e+02 5.8567602539e+02 5.8567797852e+02 5.8565002441e+02 5.8563299561e+02 5.8564801025e+02 5.8546099854e+02 5.8506097412e+02 5.8456597900e+02 5.8414898682e+02 5.8375897217e+02 5.8340100098e+02 5.8318298340e+02 5.8305499268e+02 5.8306799316e+02 5.8312097168e+02 5.8321002197e+02 5.8320599365e+02 5.8316802979e+02 5.8311798096e+02 5.8297497559e+02 5.8276202393e+02 5.8262200928e+02 5.8251599121e+02 5.8234002686e+02 5.8194299316e+02 5.8139001465e+02 5.8125897217e+02 5.8148999023e+02 5.8172802734e+02 5.8166601563e+02 5.8154998779e+02 5.8141198730e+02 5.8127600098e+02 5.8109197998e+02 5.8110498047e+02 5.8075299072e+02 5.7971301270e+02 5.7788598633e+02 5.7608099365e+02 5.7266802979e+02
5.8560498047e+02 5.8556402588e+02 5.8556201172e+02 5.8557397461e+02 5.8557000732e+02 5.8555700684e+02 5.8556298828e+02 5.8557202148e+02 5.8554400635e+02 5.8550201416e+02 5.8550701904e+02 5.8534197998e+02 5.8497198486e+02 5.8449798584e+02 5.8405102539e+02 5.8362701416e+02 5.8328497314e+02 5.8307000732e+02 5.8292102051e+02 5.8291699219e+02 5.8296398926e+02 5.8303002930e+02 5.8304199219e+02 5.8295697021e+02 5.8286199951e+02 5.8272900391e+02 5.8258398438e+02 5.8244000244e+02 5.8231896973e+02 5.8214099121e+02 5.8175000000e+02 5.8126000977e+02 5.8119000244e+02 5.8140802002e+02 5.8158001709e+02 5.8153302002e+02 5.8139398193e+02 5.8125701904e+02 5.8116302490e+02 5.8103002930e+02 5.8097998047e+02 5.8079199219e+02 5.8030499268e+02 5.7909399414e+02 5.7730297852e+02 5.7596899414e+02
5.8547802734e+02 5.8543499756e+02 5.8543597412e+02 5.8544897461e+02 5.8544500732e+02 5.8542700195e+02 5.8542199707e+02 5.8542199707e+02 5.8541699219e+02 5.8538500977e+02 5.8536901855e+02 5.8520599365e+02 5.8486102295e+02 5.8442297363e+02 5.8397698975e+02 5.8354101563e+02 5.8319799805e+02 5.8295697021e+02 5.8277801514e+02 5.8276202393e+02 5.8280603027e+02 5.8286901855e+02 5.8286798096e+02 5.8271899414e+02 5.8259301758e+02 5.8249700928e+02 5.8240997314e+02 5.8227502441e+02 5.8214599609e+02 5.8197399902e+02 5.8159802246e+02 5.8119897461e+02 5.8114300537e+02 5.8130999756e+02 5.8142901611e+02 5.8141198730e+02 5.8124798584e+02 5.8108599854e+02 5.8100500488e+02 5.8094201660e+02 5.8088299561e+02 5.8076397705e+02 5.8053900146e+02 5.8023400879e+02 5.7877099609e+02 5.7836901855e+02
5.8534497070e+02 5.8530499268e+02 5.8530999756e+02 5.8531896973e+02 5.8530700684e+02 5.8528802490e+02 5.8528302002e+02 5.8526000977e+02 5.8526898193e+02 5.8526702881e+02 5.8525201416e+02 5.8509802246e+02 5.8475799561e+02 5.8432702637e+02 5.8390100098e+02 5.8348199463e+02 5.8311102295e+02 5.8282702637e+02 5.8264300537e+02 5.8261999512e+02 5.8265899658e+02 5.8272100830e+02 5.8271301270e+02 5.8254797363e+02 5.8239398193e+02 5.8228198242e+02 5.8219097900e+02 5.8207897949e+02 5.8192797852e+02 5.8175201416e+02 5.8145300293e+02 5.8115301514e+02 5.8109802246e+02 5.8120697021e+02 5.8125097656e+02 5.8119702148e+02 5.8102600098e+02 5.8086700439e+02 5.8075201416e+02 5.8066900635e+02 5.8062200928e+02 5.8057702637e+02 5.8053002930e+02 5.8046502686e+02 5.8025799561e+02 5.7969097900e+02
5.8524597168e+02 5.8519299316e+02 5.8518499756e+02 5.8518902588e+02 5.8516802979e+02 5.8516101074e+02 5.8518200684e+02 5.8515002441e+02 5.8514697266e+02 5.8515100098e+02 5.8514898682e+02 5.8500701904e+02 5.8465100098e+02 5.8421398926e+02 5.8380999756e+02 5.8339001465e+02 5.8297698975e+02 5.8267297363e+02 5.8250402832e+02 5.8250097656e+02 5.8254101563e+02 5.8256701660e+02 5.8252697754e+02 5.8244000244e+02 5.8228198242e+02 5.8211102295e+02 5.8198797607e+02 5.8187902832e+02 5.8171997070e+02 5.8154998779e+02 5.8134997559e+02 5.8112402344e+02 5.8104797363e+02 5.8108801270e+02 5.8104797363e+02 5.8090600586e+02 5.8078002930e+02 5.8067199707e+02 5.8054998779e+02 5.8045001221e+02 5.8036700439e+02 5.8033502197e+02 5.8034899902e+02 5.8044598389e+02 5.8053698730e+02 5.7988598633e+02
5.8509399414e+02 5.8505902100e+02 5.8506201172e+02 5.8507501221e+02 5.8504602051e+02 5.8503497314e+02 5.8505999756e+02 5.8501800537e+02 5.8501599121e+02 5.8503100586e+02 5.8503399658e+02 5.8489501953e+02 5.8453302002e+02 5.8410601807e+02 5.8371899414e+02 5.8327197266e+02 5.8282397461e+02 5.8251702881e+02 5.8238500977e+02 5.8238702393e+02 5.8242602539e+02 5.8242401123e+02 5.8233697510e+02 5.8223101807e+02 5.8212597656e+02 5.8198297119e+02 5.8184100342e+02 5.8170599365e+02 5.8157702637e+02 5.8141198730e+02 5.8122802734e+02 5.8106701660e+02 5.8095300293e+02 5.8091601563e+02 5.8086297607e+02 5.8075097656e+02 5.8068103027e+02 5.8059997559e+02 5.8044897461e+02 5.8039300537e+02 5.8032000732e+02 5.8026800537e+02 5.8027502441e+02 5.8044201660e+02 5.8062500000e+02 5.8009301758e+02
5.8491101074e+02 5.8493200684e+02 5.8493798828e+02 5.8494598389e+02 5.8491802979e+02 5.8490698242e+02 5.8493499756e+02 5.8490899658e+02 5.8489898682e+02 5.8490002441e+02 5.8489697266e+02 5.8476898193e+02 5.8442999268e+02 5.8402502441e+02 5.8364599609e+02 5.8319598389e+02 5.8273199463e+02 5.8241400146e+02 5.8227801514e+02 5.8226800537e+02 5.8231298828e+02 5.8232000732e+02 5.8221697998e+02 5.8207897949e+02 5.8195501709e+02 5.8179400635e+02 5.8165399170e+02 5.8152502441e+02 5.8143103027e+02 5.8128601074e+02 5.8110101318e+02 5.8098602295e+02 5.8087097168e+02 5.8079498291e+02 5.8074298096e+02 5.8064001465e+02 5.8057299805e+02 5.8051397705e+02 5.8039898682e+02 5.8035400391e+02 5.8028900146e+02 5.8024298096e+02 5.8023797607e+02 5.8032598877e+02 5.8035400391e+02 5.7968798828e+02
5.8476000977e+02 5.8482098389e+02 5.8481896973e+02 5.8481896973e+02 5.8479901123e+02 5.8478900146e+02 5.8480902100e+02 5.8480603027e+02 5.8478497314e+02 5.8478002930e+02 5.8477301025e+02 5.8466998291e+02 5.8436499023e+02 5.8395800781e+02 5.8355999756e+02 5.8311700439e+02 5.8265301514e+02 5.8233398438e+02 5.8217602539e+02 5.8215502930e+02 5.8223602295e+02 5.8227697754e+02 5.8215600586e+02 5.8200799561e+02 5.8185302734e+02 5.8165802002e+02 5.8151397705e+02 5.8140002441e+02 5.8132299805e+02 5.8120397949e+02 5.8102502441e+02 5.8092901611e+02 5.8083197021e+02 5.8074298096e+02 5.8069500732e+02 5.8057598877e+02 5.8047802734e+02 5.8042498779e+02 5.8035699463e+02 5.8030603027e+02 5.8025701904e+02 5.8023699951e+02 5.8024499512e+02 5.8025000000e+02 5.8005999756e+02 5.7923199463e+02
5.8467700195e+02 5.8472100830e+02 5.8471697998e+02 5.8470898438e+02 5.8470098877e+02 5.8468597412e+02 5.8466497803e+02 5.8467498779e+02 5.8464599609e+02 5.8464202881e+02 5.8464398193e+02 5.8456896973e+02 5.8428698730e+02 5.8387298584e+02 5.8345098877e+02 5.8297698975e+02 5.8250402832e+02 5.8221301270e+02 5.8207000732e+02 5.8203900146e+02 5.8214398193e+02 5.8217498779e+02 5.8201599121e+02 5.8190600586e+02 5.8178100586e+02 5.8161901855e+02 5.8148297119e+02 5.8135498047e+02 5.8126000977e+02 5.8114099121e+02 5.8095898438e+02 5.8090002441e+02 5.8083099365e+02 5.8072497559e+02 5.8063897705e+02 5.8053698730e+02 5.8041302490e+02 5.8036297607e+02 5.8031097412e+02 5.8025500488e+02 5.8022601318e+02 5.8022998047e+02 5.8023297119e+02 5.8013800049e+02 5.7974401855e+02 5.7887298584e+02
5.8460198975e+02 5.8460601807e+02 5.8459600830e+02 5.8459100342e+02 5.8457501221e+02 5.8454699707e+02 5.8452801514e+02 5.8453900146e+02 5.8452197266e+02 5.8450799561e+02 5.8450701904e+02 5.8445397949e+02 5.8416900635e+02 5.8375402832e+02 5.8335302734e+02 5.8285498047e+02 5.8234997559e+02 5.8207800293e+02 5.8194598389e+02 5.8186700439e+02 5.8192199707e+02 5.8193298340e+02 5.8181201172e+02 5.8172998047e+02 5.8162402344e+02 5.8148901367e+02 5.8133300781e+02 5.8119598389e+02 5.8109802246e+02 5.8098999023e+02 5.8087701416e+02 5.8079602051e+02 5.8073297119e+02 5.8066400146e+02 5.8057000732e+02 5.8048400879e+02 5.8038397217e+02 5.8032897949e+02 5.8025598145e+02 5.8019702148e+02 5.8018200684e+02 5.8019897461e+02 5.8014697266e+02 5.7998797607e+02 5.7955401611e+02 5.7874902344e+02
5.8448400879e+02 5.8448699951e+02 5.8447198486e+02 5.8447698975e+02 5.8445501709e+02 5.8441400146e+02 5.8439599609e+02 5.8440399170e+02 5.8440197754e+02 5.8438299561e+02 5.8438000488e+02 5.8433300781e+02 5.8405401611e+02 5.8364001465e+02 5.8324700928e+02 5.8276501465e+02 5.8226599121e+02 5.8197900391e+02 5.8181896973e+02 5.8171099854e+02 5.8171801758e+02 5.8171899414e+02 5.8164202881e+02 5.8153198242e+02 5.8139001465e+02 5.8124902344e+02 5.8109802246e+02 5.8096801758e+02 5.8089501953e+02 5.8083697510e+02 5.8078997803e+02 5.8069500732e+02 5.8061199951e+02 5.8054602051e+02 5.8046099854e+02 5.8038598633e+02 5.8031597900e+02 5.8026599121e+02 5.8019201660e+02 5.8015100098e+02 5.8015698242e+02 5.8017102051e+02 5.8008398438e+02 5.7990100098e+02 5.7950500488e+02 5.7877697754e+02
5.8435900879e+02 5.8435900879e+02 5.8433898926e+02 5.8434301758e+02 5.8433001709e+02 5.8429400635e+02 5.8427502441e+02 5.8427600098e+02 5.8427301025e+02 5.8425201416e+02 5.8425299072e+02 5.8421002197e+02 5.8395800781e+02 5.8356402588e+02 5.8315802002e+02 5.8268499756e+02 5.8219702148e+02 5.8188299561e+02 5.8167901611e+02 5.8154699707e+02 5.8153900146e+02 5.8154797363e+02 5.8147900391e+02 5.8134997559e+02 5.8117602539e+02 5.8099798584e+02 5.8086102295e+02 5.8077600098e+02 5.8073797607e+02 5.8070599365e+02 5.8066802979e+02 5.8059002686e+02 5.8050897217e+02 5.8043597412e+02 5.8036999512e+02 5.8028802490e+02 5.8023101807e+02 5.8020800781e+02 5.8014300537e+02 5.8012402344e+02 5.8012200928e+02 5.8010601807e+02 5.8000701904e+02 5.7983599854e+02 5.7949298096e+02 5.7882702637e+02
5.8423699951e+02 5.8422900391e+02 5.8421002197e+02 5.8420300293e+02 5.8420001221e+02 5.8417199707e+02 5.8416699219e+02 5.8415399170e+02 5.8414099121e+02 5.8412298584e+02 5.8412402344e+02 5.8407897949e+02 5.8383502197e+02 5.8343597412e+02 5.8302197266e+02 5.8259698486e+02 5.8214099121e+02 5.8179901123e+02 5.8153399658e+02 5.8135900879e+02 5.8132098389e+02 5.8133001709e+02 5.8127001953e+02 5.8122399902e+02 5.8107299805e+02 5.8083099365e+02 5.8067797852e+02 5.8064300537e+02 5.8063800049e+02 5.8061102295e+02 5.8055700684e+02 5.8049401855e+02 5.8042297363e+02 5.8034698486e+02 5.8027899170e+02 5.8019299316e+02 5.8014898682e+02 5.8015899658e+02 5.8011798096e+02 5.8005200195e+02 5.7997497559e+02 5.7990600586e+02 5.7985797119e+02 5.7976599121e+02 5.7950897217e+02 5.7889300537e+02
5.8410998535e+02 5.8409301758e+02 5.8406402588e+02 5.8408001709e+02 5.8408801270e+02 5.8405700684e+02 5.8405999756e+02 5.8403900146e+02 5.8402197266e+02 5.8400299072e+02 5.8399401855e+02 5.8398797607e+02 5.8378399658e+02 5.8335998535e+02 5.8293499756e+02 5.8251599121e+02 5.8206500244e+02 5.8173797607e+02 5.8150097656e+02 5.8126397705e+02 5.8114300537e+02 5.8113397217e+02 5.8110400391e+02 5.8104498291e+02 5.8093597412e+02 5.8073602295e+02 5.8059301758e+02 5.8047698975e+02 5.8043298340e+02 5.8042401123e+02 5.8042401123e+02 5.8038800049e+02 5.8033197021e+02 5.8027301025e+02 5.8020501709e+02 5.8011700439e+02 5.8008300781e+02 5.8008697510e+02 5.8002099609e+02 5.7990997314e+02 5.7975799561e+02 5.7967999268e+02 5.7969000244e+02 5.7968798828e+02 5.7950299072e+02 5.7881402588e+02
5.8399798584e+02 5.8396997070e+02 5.8393103027e+02 5.8394799805e+02 5.8396801758e+02 5.8394702148e+02 5.8393402100e+02 5.8390600586e+02 5.8389599609e+02 5.8387799072e+02 5.8386199951e+02 5.8386602783e+02 5.8370800781e+02 5.8331896973e+02 5.8285900879e+02 5.8242602539e+02 5.8197601318e+02 5.8165197754e+02 5.8143701172e+02 5.8121301270e+02 5.8102001953e+02 5.8096002197e+02 5.8094097900e+02 5.8090197754e+02 5.8083502197e+02 5.8066198730e+02 5.8049102783e+02 5.8036199951e+02 5.8030499268e+02 5.8027600098e+02 5.8026800537e+02 5.8025097656e+02 5.8022399902e+02 5.8018597412e+02 5.8011297607e+02 5.8003002930e+02 5.8002801514e+02 5.8003900146e+02 5.7994201660e+02 5.7980798340e+02 5.7964599609e+02 5.7954901123e+02 5.7951800537e+02 5.7955200195e+02 5.7938800049e+02 5.7864697266e+02
5.8388702393e+02 5.8385400391e+02 5.8380999756e+02 5.8381402588e+02 5.8384600830e+02 5.8383300781e+02 5.8378802490e+02 5.8376501465e+02 5.8376599121e+02 5.8374200439e+02 5.8372302246e+02 5.8373999023e+02 5.8362402344e+02 5.8327697754e+02 5.8278100586e+02 5.8232800293e+02 5.8187902832e+02 5.8154998779e+02 5.8133398438e+02 5.8114099121e+02 5.8093402100e+02 5.8082202148e+02 5.8078302002e+02 5.8078002930e+02 5.8073901367e+02 5.8060797119e+02 5.8043402100e+02 5.8031097412e+02 5.8025598145e+02 5.8019201660e+02 5.8014398193e+02 5.8011499023e+02 5.8009997559e+02 5.8007800293e+02 5.8001300049e+02 5.7996801758e+02 5.7999798584e+02 5.8001098633e+02 5.7989501953e+02 5.7973297119e+02 5.7957598877e+02 5.7946398926e+02 5.7936602783e+02 5.7938397217e+02 5.7927001953e+02 5.7859899902e+02
