TESTSERVER/20/0.asc
NCOLS 100
NROWS 100
XLLCORNER 8.4997500000e+03
YLLCORNER 2.8995025000e+05
CELLSIZE 5.0000000000e-01
NODATA_VALUE -9.9990000000e+03
[rows 20 to 39 of 100, columns 46 to 91 of 100]
7.9555499268e+02 7.9582702637e+02 7.9610198975e+02 7.9634997559e+02 7.9653601074e+02 7.9674700928e+02 7.9699401855e+02 7.9732702637e+02 7.9760498047e+02 7.9787597656e+02 7.9820202637e+02 7.9859197998e+02 7.9882897949e+02 7.9900097656e+02 7.9926898193e+02 7.9951000977e+02 8.0009301758e+02 8.0072302246e+02 8.0075799561e+02 8.0089501953e+02 8.0123999023e+02 8.0157800293e+02 8.0186999512e+02 8.0209899902e+02 8.0225500488e+02 8.0250201416e+02 8.0278198242e+02 8.0310101318e+02 8.0342401123e+02 8.0371997070e+02 8.0402801514e+02 8.0436700439e+02 8.0462298584e+02 8.0485998535e+02 8.0513500977e+02 8.0558502197e+02 8.0600897217e+02 8.0635797119e+02 8.0663800049e+02 8.0695599365e+02 8.0719500732e+02 8.0740600586e+02 8.0769000244e+02 8.0803100586e+02 8.0828002930e+02 8.0856402588e+02
7.9531597900e+02 7.9555102539e+02 7.9580902100e+02 7.9608502197e+02 7.9633898926e+02 7.9657897949e+02 7.9688800049e+02 7.9723699951e+02 7.9748101807e+02 7.9770300293e+02 7.9797802734e+02 7.9843499756e+02 7.9872100830e+02 7.9883197021e+02 7.9910198975e+02 7.9935797119e+02 7.9977099609e+02 8.0026202393e+02 8.0042297363e+02 8.0064501953e+02 8.0099499512e+02 8.0132098389e+02 8.0161901855e+02 8.0186999512e+02 8.0207202148e+02 8.0233502197e+02 8.0262597656e+02 8.0293902588e+02 8.0327001953e+02 8.0359899902e+02 8.0390301514e+02 8.0416497803e+02 8.0439697266e+02 8.0467999268e+02 8.0498797607e+02 8.0537298584e+02 8.0577398682e+02 8.0611700439e+02 8.0644299316e+02 8.0679400635e+02 8.0705902100e+02 8.0724597168e+02 8.0747399902e+02 8.0775000000e+02 8.0798199463e+02 8.0830102539e+02
7.9510302734e+02 7.9536401367e+02 7.9564099121e+02 7.9591497803e+02 7.9617700195e+02 7.9641802979e+02 7.9672900391e+02 7.9705798340e+02 7.9730902100e+02 7.9757000732e+02 7.9785699463e+02 7.9815502930e+02 7.9848400879e+02 7.9863000488e+02 7.9886499023e+02 7.9916101074e+02 7.9949798584e+02 7.9989501953e+02 8.0015802002e+02 8.0038702393e+02 8.0067797852e+02 8.0100402832e+02 8.0136102295e+02 8.0164898682e+02 8.0191101074e+02 8.0217102051e+02 8.0243200684e+02 8.0271002197e+02 8.0303601074e+02 8.0340301514e+02 8.0374499512e+02 8.0396899414e+02 8.0421002197e+02 8.0457098389e+02 8.0496997070e+02 8.0533099365e+02 8.0563598633e+02 8.0590197754e+02 8.0625000000e+02 8.0666400146e+02 8.0691400146e+02 8.0704498291e+02 8.0721801758e+02 8.0746600342e+02 8.0771099854e+02 8.0805700684e+02
7.9489599609e+02 7.9519396973e+02 7.9553997803e+02 7.9584600830e+02 7.9607800293e+02 7.9629302979e+02 7.9658099365e+02 7.9685900879e+02 7.9712597656e+02 7.9744000244e+02 7.9781298828e+02 7.9797100830e+02 7.9827899170e+02 7.9847302246e+02 7.9865100098e+02 7.9894702148e+02 7.9926702881e+02 7.9969000244e+02 7.9999499512e+02 8.0017102051e+02 8.0040899658e+02 8.0074700928e+02 8.0116699219e+02 8.0152502441e+02 8.0183898926e+02 8.0208001709e+02 8.0226800537e+02 8.0248400879e+02 8.0279302979e+02 8.0316998291e+02 8.0354901123e+02 8.0378900146e+02 8.0404199219e+02 8.0441101074e+02 8.0483599854e+02 8.0519396973e+02 8.0543103027e+02 8.0564099121e+02 8.0598199463e+02 8.0641400146e+02 8.0667297363e+02 8.0680499268e+02 8.0697399902e+02 8.0722698975e+02 8.0748999023e+02 8.0783197021e+02
7.9470599365e+02 7.9503100586e+02 7.9542102051e+02 7.9575701904e+02 7.9599700928e+02 7.9621997070e+02 7.9646697998e+02 7.9674298096e+02 7.9700097656e+02 7.9725201416e+02 7.9766302490e+02 7.9786297607e+02 7.9805603027e+02 7.9825799561e+02 7.9844799805e+02 7.9873400879e+02 7.9904998779e+02 7.9950598145e+02 7.9982501221e+02 7.9999102783e+02 8.0023797607e+02 8.0058099365e+02 8.0103698730e+02 8.0137902832e+02 8.0163598633e+02 8.0180902100e+02 8.0203399658e+02 8.0234497070e+02 8.0262500000e+02 8.0292797852e+02 8.0326300049e+02 8.0358898926e+02 8.0384100342e+02 8.0409197998e+02 8.0434002686e+02 8.0471801758e+02 8.0505603027e+02 8.0534399414e+02 8.0561499023e+02 8.0602697754e+02 8.0633898926e+02 8.0656402588e+02 8.0677099609e+02 8.0702001953e+02 8.0729199219e+02 8.0759899902e+02
7.9456701660e+02 7.9491497803e+02 7.9528497314e+02 7.9558697510e+02 7.9589501953e+02 7.9616601563e+02 7.9633300781e+02 7.9657299805e+02 7.9688897705e+02 7.9709802246e+02 7.9740197754e+02 7.9768298340e+02 7.9788098145e+02 7.9806097412e+02 7.9827099609e+02 7.9852600098e+02 7.9879998779e+02 7.9920397949e+02 7.9959002686e+02 7.9983099365e+02 8.0014898682e+02 8.0050201416e+02 8.0086297607e+02 8.0115197754e+02 8.0139001465e+02 8.0154901123e+02 8.0180798340e+02 8.0220397949e+02 8.0251098633e+02 8.0277801514e+02 8.0307000732e+02 8.0339300537e+02 8.0366198730e+02 8.0388299561e+02 8.0416302490e+02 8.0441400146e+02 8.0482598877e+02 8.0524902344e+02 8.0548101807e+02 8.0572302246e+02 8.0603198242e+02 8.0632702637e+02 8.0652697754e+02 8.0675097656e+02 8.0703698730e+02 8.0735998535e+02
7.9443103027e+02 7.9478698730e+02 7.9516198730e+02 7.9540197754e+02 7.9572601318e+02 7.9604602051e+02 7.9619396973e+02 7.9639898682e+02 7.9669897461e+02 7.9692199707e+02 7.9721197510e+02 7.9752001953e+02 7.9776501465e+02 7.9792401123e+02 7.9815899658e+02 7.9837902832e+02 7.9858502197e+02 7.9891699219e+02 7.9930999756e+02 7.9960900879e+02 7.9998602295e+02 8.0035400391e+02 8.0063702393e+02 8.0091302490e+02 8.0118402100e+02 8.0137799072e+02 8.0160400391e+02 8.0196600342e+02 8.0230401611e+02 8.0261297607e+02 8.0295098877e+02 8.0330499268e+02 8.0354400635e+02 8.0373199463e+02 8.0398797607e+02 8.0424902344e+02 8.0460699463e+02 8.0502600098e+02 8.0529901123e+02 8.0547900391e+02 8.0579797363e+02 8.0614099121e+02 8.0634698486e+02 8.0656597900e+02 8.0687701416e+02 8.0721502686e+02
7.9421899414e+02 7.9457702637e+02 7.9500000000e+02 7.9522100830e+02 7.9552398682e+02 7.9587298584e+02 7.9607800293e+02 7.9627899170e+02 7.9648901367e+02 7.9670501709e+02 7.9701898193e+02 7.9733099365e+02 7.9764202881e+02 7.9777899170e+02 7.9801599121e+02 7.9823297119e+02 7.9841699219e+02 7.9869500732e+02 7.9904400635e+02 7.9936700439e+02 7.9973901367e+02 8.0008599854e+02 8.0035601807e+02 8.0065502930e+02 8.0096502686e+02 8.0120202637e+02 8.0142401123e+02 8.0172802734e+02 8.0205297852e+02 8.0238800049e+02 8.0279101563e+02 8.0318701172e+02 8.0339501953e+02 8.0355499268e+02 8.0375201416e+02 8.0403900146e+02 8.0433898926e+02 8.0469396973e+02 8.0503698730e+02 8.0532702637e+02 8.0569201660e+02 8.0603497314e+02 8.0621502686e+02 8.0639898682e+02 8.0671899414e+02 8.0705902100e+02
7.9397998047e+02 7.9434997559e+02 7.9486602783e+02 7.9507800293e+02 7.9528698730e+02 7.9557598877e+02 7.9586700439e+02 7.9611499023e+02 7.9630297852e+02 7.9653698730e+02 7.9684399414e+02 7.9718298340e+02 7.9753601074e+02 7.9767797852e+02 7.9784698486e+02 7.9808697510e+02 7.9831097412e+02 7.9857202148e+02 7.9890600586e+02 7.9922497559e+02 7.9952001953e+02 7.9977801514e+02 8.0005200195e+02 8.0041400146e+02 8.0076702881e+02 8.0105499268e+02 8.0131799316e+02 8.0154302979e+02 8.0181298828e+02 8.0211798096e+02 8.0247601318e+02 8.0291900635e+02 8.0312701416e+02 8.0331097412e+02 8.0359698486e+02 8.0388500977e+02 8.0411901855e+02 8.0435302734e+02 8.0468298340e+02 8.0511999512e+02 8.0549102783e+02 8.0578802490e+02 8.0603802490e+02 8.0622100830e+02 8.0653002930e+02 8.0686798096e+02
7.9374798584e+02 7.9414501953e+02 7.9467498779e+02 7.9489697266e+02 7.9511297607e+02 7.9539801025e+02 7.9566900635e+02 7.9592401123e+02 7.9613800049e+02 7.9637500000e+02 7.9666198730e+02 7.9696002197e+02 7.9730700684e+02 7.9750897217e+02 7.9764398193e+02 7.9798297119e+02 7.9827502441e+02 7.9851300049e+02 7.9882800293e+02 7.9917199707e+02 7.9945501709e+02 7.9966302490e+02 7.9988897705e+02 8.0025097656e+02 8.0065502930e+02 8.0100402832e+02 8.0123999023e+02 8.0145697021e+02 8.0170697021e+02 8.0196600342e+02 8.0225500488e+02 8.0259698486e+02 8.0280297852e+02 8.0302801514e+02 8.0336999512e+02 8.0364501953e+02 8.0389801025e+02 8.0416302490e+02 8.0443902588e+02 8.0483502197e+02 8.0520800781e+02 8.0548199463e+02 8.0575299072e+02 8.0599798584e+02 8.0633398438e+02 8.0669299316e+02
7.9354101563e+02 7.9391601563e+02 7.9437701416e+02 7.9460900879e+02 7.9490600586e+02 7.9526202393e+02 7.9552099609e+02 7.9575598145e+02 7.9597399902e+02 7.9621301270e+02 7.9649798584e+02 7.9677301025e+02 7.9713098145e+02 7.9738702393e+02 7.9750897217e+02 7.9789898682e+02 7.9823797607e+02 7.9846197510e+02 7.9871697998e+02 7.9904302979e+02 7.9934698486e+02 7.9956799316e+02 7.9976098633e+02 8.0008300781e+02 8.0049102783e+02 8.0086102295e+02 8.0109197998e+02 8.0135400391e+02 8.0160302734e+02 8.0183099365e+02 8.0210198975e+02 8.0240899658e+02 8.0264501953e+02 8.0291601563e+02 8.0321697998e+02 8.0347998047e+02 8.0372802734e+02 8.0400500488e+02 8.0424597168e+02 8.0456402588e+02 8.0494201660e+02 8.0526702881e+02 8.0551000977e+02 8.0579101563e+02 8.0613201904e+02 8.0646398926e+02
7.9338098145e+02 7.9370898438e+02 7.9409399414e+02 7.9435400391e+02 7.9464501953e+02 7.9498400879e+02 7.9526702881e+02 7.9554797363e+02 7.9583599854e+02 7.9610101318e+02 7.9629699707e+02 7.9654699707e+02 7.9694598389e+02 7.9724700928e+02 7.9737799072e+02 7.9779101563e+02 7.9813897705e+02 7.9836602783e+02 7.9856701660e+02 7.9883801270e+02 7.9915698242e+02 7.9940301514e+02 7.9958398438e+02 7.9986297607e+02 8.0025097656e+02 8.0062799072e+02 8.0089202881e+02 8.0119201660e+02 8.0145098877e+02 8.0168200684e+02 8.0198699951e+02 8.0227801514e+02 8.0253900146e+02 8.0284497070e+02 8.0310302734e+02 8.0333001709e+02 8.0358801270e+02 8.0384399414e+02 8.0405798340e+02 8.0437200928e+02 8.0472601318e+02 8.0507397461e+02 8.0533300781e+02 8.0564501953e+02 8.0596997070e+02 8.0624298096e+02
7.9322198486e+02 7.9352197266e+02 7.9386102295e+02 7.9415997314e+02 7.9440197754e+02 7.9467700195e+02 7.9501202393e+02 7.9530401611e+02 7.9564501953e+02 7.9595300293e+02 7.9614801025e+02 7.9644500732e+02 7.9680603027e+02 7.9699902344e+02 7.9713397217e+02 7.9759802246e+02 7.9794897461e+02 7.9821997070e+02 7.9843597412e+02 7.9861999512e+02 7.9891302490e+02 7.9917401123e+02 7.9934802246e+02 7.9961499023e+02 7.9999798584e+02 8.0039300537e+02 8.0072900391e+02 8.0101000977e+02 8.0125500488e+02 8.0151501465e+02 8.0189202881e+02 8.0218798828e+02 8.0239300537e+02 8.0265301514e+02 8.0287799072e+02 8.0307501221e+02 8.0335498047e+02 8.0360900879e+02 8.0384802246e+02 8.0420202637e+02 8.0454797363e+02 8.0489300537e+02 8.0518597412e+02 8.0553002930e+02 8.0584497070e+02 8.0608300781e+02
7.9302697754e+02 7.9326800537e+02 7.9356799316e+02 7.9388500977e+02 7.9416802979e+02 7.9446697998e+02 7.9480297852e+02 7.9509899902e+02 7.9539001465e+02 7.9570202637e+02 7.9603002930e+02 7.9626501465e+02 7.9653399658e+02 7.9674102783e+02 7.9693298340e+02 7.9736999512e+02 7.9770202637e+02 7.9796899414e+02 7.9819799805e+02 7.9837402344e+02 7.9864501953e+02 7.9894702148e+02 7.9917901611e+02 7.9943298340e+02 7.9978698730e+02 8.0015301514e+02 8.0050500488e+02 8.0083300781e+02 8.0109698486e+02 8.0138000488e+02 8.0181298828e+02 8.0218298340e+02 8.0228497314e+02 8.0239898682e+02 8.0262200928e+02 8.0291802979e+02 8.0318499756e+02 8.0340698242e+02 8.0366998291e+02 8.0403002930e+02 8.0440600586e+02 8.0478698730e+02 8.0503601074e+02 8.0533502197e+02 8.0564697266e+02 8.0590997314e+02
7.9282800293e+02 7.9305999756e+02 7.9332800293e+02 7.9363598633e+02 7.9397601318e+02 7.9430499268e+02 7.9460601807e+02 7.9488000488e+02 7.9513299561e+02 7.9544702148e+02 7.9590899658e+02 7.9618701172e+02 7.9638897705e+02 7.9655798340e+02 7.9671697998e+02 7.9710998535e+02 7.9745898438e+02 7.9772399902e+02 7.9796502686e+02 7.9814599609e+02 7.9840100098e+02 7.9873797607e+02 7.9903997803e+02 7.9933898926e+02 7.9968298340e+02 7.9999902344e+02 8.0030798340e+02 8.0064599609e+02 8.0093902588e+02 8.0122698975e+02 8.0161199951e+02 8.0198797607e+02 8.0211199951e+02 8.0221301270e+02 8.0240802002e+02 8.0276800537e+02 8.0301300049e+02 8.0320898438e+02 8.0348699951e+02 8.0385998535e+02 8.0425598145e+02 8.0461297607e+02 8.0484698486e+02 8.0512799072e+02 8.0542797852e+02 8.0569500732e+02
7.9258697510e+02 7.9287500000e+02 7.9315698242e+02 7.9343798828e+02 7.9382702637e+02 7.9419897461e+02 7.9447497559e+02 7.9469598389e+02 7.9489697266e+02 7.9516900635e+02 7.9564697266e+02 7.9600500488e+02 7.9624200439e+02 7.9639599609e+02 7.9651702881e+02 7.9684497070e+02 7.9723797607e+02 7.9756097412e+02 7.9784802246e+02 7.9801397705e+02 7.9822198486e+02 7.9853997803e+02 7.9884301758e+02 7.9916802979e+02 7.9953900146e+02 7.9984997559e+02 8.0013598633e+02 8.0046197510e+02 8.0077197266e+02 8.0105603027e+02 8.0133001709e+02 8.0160400391e+02 8.0182397461e+02 8.0204998779e+02 8.0226397705e+02 8.0256799316e+02 8.0283398438e+02 8.0303698730e+02 8.0329901123e+02 8.0367102051e+02 8.0405603027e+02 8.0435198975e+02 8.0465502930e+02 8.0494500732e+02 8.0523199463e+02 8.0549298096e+02
7.9233599854e+02 7.9270599365e+02 7.9301800537e+02 7.9325701904e+02 7.9364099121e+02 7.9406097412e+02 7.9440502930e+02 7.9462701416e+02 7.9475897217e+02 7.9494299316e+02 7.9526702881e+02 7.9564599609e+02 7.9595501709e+02 7.9616302490e+02 7.9639501953e+02 7.9668701172e+02 7.9707000732e+02 7.9742602539e+02 7.9768701172e+02 7.9788500977e+02 7.9807800293e+02 7.9835302734e+02 7.9863098145e+02 7.9894500732e+02 7.9935699463e+02 7.9972100830e+02 8.0000799561e+02 8.0028198242e+02 8.0059802246e+02 8.0089001465e+02 8.0112701416e+02 8.0134802246e+02 8.0161297607e+02 8.0192700195e+02 8.0222998047e+02 8.0241400146e+02 8.0270202637e+02 8.0294299316e+02 8.0312200928e+02 8.0347399902e+02 8.0384002686e+02 8.0412500000e+02 8.0449200439e+02 8.0479901123e+02 8.0507000732e+02 8.0532501221e+02
7.9217602539e+02 7.9254998779e+02 7.9288397217e+02 7.9313397217e+02 7.9348901367e+02 7.9389300537e+02 7.9427697754e+02 7.9449102783e+02 7.9465197754e+02 7.9485400391e+02 7.9505999756e+02 7.9539697266e+02 7.9574200439e+02 7.9593597412e+02 7.9612597656e+02 7.9650000000e+02 7.9689202881e+02 7.9722601318e+02 7.9745697021e+02 7.9766699219e+02 7.9790100098e+02 7.9815399170e+02 7.9840600586e+02 7.9874798584e+02 7.9921801758e+02 7.9961401367e+02 7.9985900879e+02 8.0009600830e+02 8.0041900635e+02 8.0074200439e+02 8.0098602295e+02 8.0117602539e+02 8.0139001465e+02 8.0165600586e+02 8.0198199463e+02 8.0215698242e+02 8.0247900391e+02 8.0284600830e+02 8.0305102539e+02 8.0328302002e+02 8.0356799316e+02 8.0379901123e+02 8.0414202881e+02 8.0457397461e+02 8.0490899658e+02 8.0520397949e+02
7.9201098633e+02 7.9235101318e+02 7.9271899414e+02 7.9299798584e+02 7.9333197021e+02 7.9370202637e+02 7.9405700684e+02 7.9425799561e+02 7.9451202393e+02 7.9480297852e+02 7.9501397705e+02 7.9534997559e+02 7.9563098145e+02 7.9577301025e+02 7.9594201660e+02 7.9629498291e+02 7.9667297363e+02 7.9700701904e+02 7.9725500488e+02 7.9750201416e+02 7.9773901367e+02 7.9795300293e+02 7.9815002441e+02 7.9852502441e+02 7.9906896973e+02 7.9952600098e+02 7.9975799561e+02 7.9997399902e+02 8.0026300049e+02 8.0056597900e+02 8.0083599854e+02 8.0102001953e+02 8.0119097900e+02 8.0136798096e+02 8.0159698486e+02 8.0179901123e+02 8.0215197754e+02 8.0259197998e+02 8.0294897461e+02 8.0317700195e+02 8.0336901855e+02 8.0354797363e+02 8.0387701416e+02 8.0432397461e+02 8.0469702148e+02 8.0504101563e+02
7.9189501953e+02 7.9217797852e+02 7.9250598145e+02 7.9280902100e+02 7.9312500000e+02 7.9345300293e+02 7.9377301025e+02 7.9402600098e+02 7.9437298584e+02 7.9472497559e+02 7.9498999023e+02 7.9533599854e+02 7.9551898193e+02 7.9561401367e+02 7.9583197021e+02 7.9611602783e+02 7.9646099854e+02 7.9681097412e+02 7.9709698486e+02 7.9735101318e+02 7.9758898926e+02 7.9776599121e+02 7.9789898682e+02 7.9828802490e+02 7.9893200684e+02 7.9946600342e+02 7.9966802979e+02 7.9986700439e+02 8.0010302734e+02 8.0034301758e+02 8.0061401367e+02 8.0083099365e+02 8.0102502441e+02 8.0119396973e+02 8.0134802246e+02 8.0160101318e+02 8.0191699219e+02 8.0226501465e+02 8.0269897461e+02 8.0302600098e+02 8.0322698975e+02 8.0340301514e+02 8.0372601318e+02 8.0410797119e+02 8.0446899414e+02 8.0482800293e+02
