TESTSERVER/20/0.asc
NCOLS 100
NROWS 100
XLLCORNER 8.4997500000e+03
YLLCORNER 2.8995025000e+05
CELLSIZE 5.0000000000e-01
NODATA_VALUE -9.9990000000e+03
[rows 80 to 99 of 100, columns 0 to 45 of 100]
7.8009600830e+02 7.8031097412e+02 7.8050701904e+02 7.8066601563e+02 7.8083502197e+02 7.8107202148e+02 7.8126702881e+02 7.8140600586e+02 7.8157299805e+02 7.8176599121e+02 7.8196099854e+02 7.8217199707e+02 7.8235101318e+02 7.8258398438e+02 7.8282800293e+02 7.8289599609e+02 7.8298901367e+02 7.8324401855e+02 7.8351397705e+02 7.8374499512e+02 7.8399902344e+02 7.8430499268e+02 7.8447698975e+02 7.8465301514e+02 7.8483300781e+02 7.8499798584e+02 7.8521197510e+02 7.8539202881e+02 7.8556500244e+02 7.8581701660e+02 7.8603900146e+02 7.8623602295e+02 7.8643902588e+02 7.8663897705e+02 7.8682897949e+02 7.8710302734e+02 7.8738897705e+02 7.8766900635e+02 7.8793798828e+02 7.8818200684e+02 7.8842199707e+02 7.8863598633e+02 7.8882299805e+02 7.8896301270e+02 7.8913702393e+02 7.8933001709e+02
7.7993902588e+02 7.8016601563e+02 7.8039300537e+02 7.8058898926e+02 7.8077001953e+02 7.8096997070e+02 7.8115997314e+02 7.8133300781e+02 7.8153302002e+02 7.8169702148e+02 7.8189099121e+02 7.8212701416e+02 7.8228698730e+02 7.8242498779e+02 7.8258001709e+02 7.8274700928e+02 7.8291302490e+02 7.8317297363e+02 7.8345599365e+02 7.8370697021e+02 7.8394201660e+02 7.8428002930e+02 7.8449798584e+02 7.8465002441e+02 7.8481896973e+02 7.8500897217e+02 7.8524700928e+02 7.8544799805e+02 7.8559899902e+02 7.8582000732e+02 7.8605401611e+02 7.8622399902e+02 7.8635797119e+02 7.8657000732e+02 7.8678802490e+02 7.8707501221e+02 7.8741400146e+02 7.8774298096e+02 7.8800799561e+02 7.8822100830e+02 7.8842700195e+02 7.8864501953e+02 7.8880297852e+02 7.8891699219e+02 7.8911999512e+02 7.8931701660e+02
7.7979101563e+02 7.8002398682e+02 7.8028900146e+02 7.8051898193e+02 7.8069299316e+02 7.8087402344e+02 7.8107598877e+02 7.8127398682e+02 7.8148101807e+02 7.8161700439e+02 7.8178698730e+02 7.8202502441e+02 7.8224597168e+02 7.8235400391e+02 7.8250201416e+02 7.8271801758e+02 7.8291601563e+02 7.8314501953e+02 7.8340698242e+02 7.8366802979e+02 7.8392297363e+02 7.8425598145e+02 7.8448199463e+02 7.8462799072e+02 7.8482299805e+02 7.8507202148e+02 7.8534698486e+02 7.8555499268e+02 7.8565197754e+02 7.8581097412e+02 7.8602001953e+02 7.8618597412e+02 7.8631799316e+02 7.8655603027e+02 7.8676702881e+02 7.8702099609e+02 7.8734802246e+02 7.8768499756e+02 7.8796002197e+02 7.8817498779e+02 7.8837097168e+02 7.8860198975e+02 7.8875299072e+02 7.8887097168e+02 7.8910498047e+02 7.8932397461e+02
7.7964300537e+02 7.7989501953e+02 7.8020898438e+02 7.8046502686e+02 7.8061700439e+02 7.8075897217e+02 7.8101501465e+02 7.8125897217e+02 7.8142797852e+02 7.8157501221e+02 7.8172100830e+02 7.8192401123e+02 7.8218798828e+02 7.8229998779e+02 7.8245202637e+02 7.8269201660e+02 7.8294201660e+02 7.8314099121e+02 7.8337200928e+02 7.8364501953e+02 7.8393701172e+02 7.8420300293e+02 7.8440600586e+02 7.8460198975e+02 7.8485101318e+02 7.8510998535e+02 7.8539001465e+02 7.8559802246e+02 7.8567700195e+02 7.8579699707e+02 7.8596099854e+02 7.8611602783e+02 7.8628100586e+02 7.8651501465e+02 7.8669598389e+02 7.8690997314e+02 7.8720697021e+02 7.8753302002e+02 7.8782098389e+02 7.8805798340e+02 7.8826000977e+02 7.8849902344e+02 7.8867797852e+02 7.8883599854e+02 7.8907800293e+02 7.8929998779e+02
7.7951397705e+02 7.7978100586e+02 7.8008697510e+02 7.8034997559e+02 7.8053302002e+02 7.8065100098e+02 7.8090698242e+02 7.8116699219e+02 7.8134399414e+02 7.8156500244e+02 7.8174499512e+02 7.8191198730e+02 7.8213000488e+02 7.8226898193e+02 7.8241998291e+02 7.8266400146e+02 7.8296301270e+02 7.8311297607e+02 7.8331799316e+02 7.8361499023e+02 7.8391497803e+02 7.8411401367e+02 7.8433099365e+02 7.8460400391e+02 7.8486297607e+02 7.8507098389e+02 7.8530499268e+02 7.8552001953e+02 7.8567102051e+02 7.8579199219e+02 7.8592401123e+02 7.8605401611e+02 7.8620202637e+02 7.8640301514e+02 7.8658197021e+02 7.8680902100e+02 7.8710797119e+02 7.8744299316e+02 7.8775201416e+02 7.8798400879e+02 7.8815002441e+02 7.8842700195e+02 7.8864099121e+02 7.8881597900e+02 7.8903601074e+02 7.8924499512e+02
7.7936499023e+02 7.7963598633e+02 7.7985400391e+02 7.8009002686e+02 7.8033197021e+02 7.8053198242e+02 7.8077001953e+02 7.8099700928e+02 7.8120501709e+02 7.8146398926e+02 7.8169598389e+02 7.8189501953e+02 7.8205499268e+02 7.8221197510e+02 7.8239202881e+02 7.8263702393e+02 7.8293103027e+02 7.8309698486e+02 7.8331799316e+02 7.8362500000e+02 7.8387597656e+02 7.8404302979e+02 7.8426397705e+02 7.8457702637e+02 7.8487701416e+02 7.8507800293e+02 7.8527502441e+02 7.8546502686e+02 7.8562500000e+02 7.8574102783e+02 7.8588201904e+02 7.8602600098e+02 7.8617297363e+02 7.8636199951e+02 7.8654797363e+02 7.8675897217e+02 7.8706097412e+02 7.8741198730e+02 7.8769598389e+02 7.8788299561e+02 7.8805603027e+02 7.8838702393e+02 7.8864001465e+02 7.8879602051e+02 7.8899499512e+02 7.8925598145e+02
7.7920599365e+02 7.7948602295e+02 7.7966497803e+02 7.7987902832e+02 7.8011999512e+02 7.8034997559e+02 7.8060998535e+02 7.8085601807e+02 7.8110498047e+02 7.8137500000e+02 7.8161499023e+02 7.8182897949e+02 7.8200701904e+02 7.8218200684e+02 7.8237500000e+02 7.8257800293e+02 7.8280798340e+02 7.8301501465e+02 7.8327197266e+02 7.8356402588e+02 7.8379797363e+02 7.8393597412e+02 7.8413500977e+02 7.8448999023e+02 7.8484997559e+02 7.8506298828e+02 7.8525000000e+02 7.8541802979e+02 7.8555499268e+02 7.8567797852e+02 7.8585498047e+02 7.8602899170e+02 7.8617102051e+02 7.8633197021e+02 7.8654797363e+02 7.8678399658e+02 7.8706799316e+02 7.8735699463e+02 7.8757800293e+02 7.8776800537e+02 7.8802301025e+02 7.8835699463e+02 7.8859997559e+02 7.8875897217e+02 7.8893402100e+02 7.8917999268e+02
7.7905798340e+02 7.7936798096e+02 7.7954797363e+02 7.7974200439e+02 7.7996301270e+02 7.8020800781e+02 7.8046301270e+02 7.8071997070e+02 7.8102398682e+02 7.8132800293e+02 7.8152899170e+02 7.8172698975e+02 7.8196099854e+02 7.8216601563e+02 7.8236199951e+02 7.8250598145e+02 7.8266900635e+02 7.8291802979e+02 7.8319598389e+02 7.8345501709e+02 7.8367297363e+02 7.8382000732e+02 7.8402398682e+02 7.8439202881e+02 7.8475701904e+02 7.8498602295e+02 7.8519500732e+02 7.8535797119e+02 7.8547100830e+02 7.8561901855e+02 7.8583898926e+02 7.8604699707e+02 7.8619396973e+02 7.8634100342e+02 7.8656701660e+02 7.8682897949e+02 7.8709698486e+02 7.8730798340e+02 7.8748901367e+02 7.8770800781e+02 7.8803997803e+02 7.8834698486e+02 7.8855798340e+02 7.8871801758e+02 7.8886901855e+02 7.8904101563e+02
7.7883801270e+02 7.7914398193e+02 7.7935601807e+02 7.7957098389e+02 7.7984802246e+02 7.8008197021e+02 7.8028002930e+02 7.8051599121e+02 7.8086700439e+02 7.8124102783e+02 7.8141198730e+02 7.8157897949e+02 7.8184399414e+02 7.8209600830e+02 7.8231701660e+02 7.8246801758e+02 7.8259197998e+02 7.8285699463e+02 7.8314801025e+02 7.8336102295e+02 7.8351501465e+02 7.8368597412e+02 7.8391998291e+02 7.8425799561e+02 7.8458398438e+02 7.8486901855e+02 7.8512200928e+02 7.8529498291e+02 7.8540002441e+02 7.8555401611e+02 7.8579199219e+02 7.8602001953e+02 7.8619702148e+02 7.8639001465e+02 7.8657800293e+02 7.8679199219e+02 7.8706701660e+02 7.8726000977e+02 7.8745697021e+02 7.8770599365e+02 7.8801599121e+02 7.8830401611e+02 7.8852301025e+02 7.8870001221e+02 7.8885998535e+02 7.8901000977e+02
7.7864501953e+02 7.7892901611e+02 7.7914398193e+02 7.7937597656e+02 7.7965899658e+02 7.7989300537e+02 7.8011602783e+02 7.8036401367e+02 7.8065802002e+02 7.8099401855e+02 7.8122998047e+02 7.8145098877e+02 7.8170599365e+02 7.8194396973e+02 7.8220800781e+02 7.8241400146e+02 7.8250799561e+02 7.8271899414e+02 7.8302301025e+02 7.8325598145e+02 7.8345800781e+02 7.8361999512e+02 7.8382000732e+02 7.8410498047e+02 7.8440301514e+02 7.8468298340e+02 7.8496600342e+02 7.8517102051e+02 7.8529901123e+02 7.8547100830e+02 7.8571301270e+02 7.8595202637e+02 7.8616900635e+02 7.8640197754e+02 7.8662402344e+02 7.8683502197e+02 7.8706097412e+02 7.8728698730e+02 7.8750897217e+02 7.8774902344e+02 7.8801898193e+02 7.8829101563e+02 7.8852301025e+02 7.8869598389e+02 7.8883898926e+02 7.8898797607e+02
7.7853002930e+02 7.7881402588e+02 7.7900897217e+02 7.7923797607e+02 7.7949298096e+02 7.7972497559e+02 7.7999200439e+02 7.8027301025e+02 7.8055401611e+02 7.8083697510e+02 7.8107897949e+02 7.8131701660e+02 7.8156097412e+02 7.8179602051e+02 7.8208898926e+02 7.8233801270e+02 7.8242602539e+02 7.8259002686e+02 7.8285900879e+02 7.8310302734e+02 7.8336602783e+02 7.8354498291e+02 7.8371801758e+02 7.8395898438e+02 7.8425097656e+02 7.8450701904e+02 7.8478002930e+02 7.8501000977e+02 7.8519500732e+02 7.8538800049e+02 7.8563098145e+02 7.8586602783e+02 7.8606701660e+02 7.8632000732e+02 7.8661700439e+02 7.8686798096e+02 7.8703302002e+02 7.8726202393e+02 7.8751098633e+02 7.8775000000e+02 7.8798199463e+02 7.8822698975e+02 7.8845202637e+02 7.8863000488e+02 7.8877600098e+02 7.8893902588e+02
7.7842901611e+02 7.7875097656e+02 7.7894598389e+02 7.7914202881e+02 7.7934399414e+02 7.7957000732e+02 7.7986700439e+02 7.8017901611e+02 7.8048699951e+02 7.8075799561e+02 7.8095898438e+02 7.8116400146e+02 7.8140399170e+02 7.8164898682e+02 7.8195898438e+02 7.8224902344e+02 7.8237298584e+02 7.8253802490e+02 7.8275000000e+02 7.8295300293e+02 7.8322198486e+02 7.8342700195e+02 7.8362402344e+02 7.8385900879e+02 7.8415399170e+02 7.8439300537e+02 7.8464501953e+02 7.8488397217e+02 7.8510198975e+02 7.8530200195e+02 7.8553497314e+02 7.8575598145e+02 7.8595098877e+02 7.8621899414e+02 7.8653302002e+02 7.8678802490e+02 7.8693103027e+02 7.8716198730e+02 7.8742797852e+02 7.8767700195e+02 7.8788702393e+02 7.8810302734e+02 7.8831097412e+02 7.8849298096e+02 7.8864898682e+02 7.8885498047e+02
7.7834002686e+02 7.7864898682e+02 7.7889501953e+02 7.7907897949e+02 7.7923699951e+02 7.7945800781e+02 7.7975000000e+02 7.8006500244e+02 7.8036401367e+02 7.8064599609e+02 7.8083398438e+02 7.8102697754e+02 7.8127801514e+02 7.8150402832e+02 7.8180297852e+02 7.8210601807e+02 7.8227301025e+02 7.8248400879e+02 7.8265197754e+02 7.8282299805e+02 7.8304998779e+02 7.8326800537e+02 7.8348297119e+02 7.8370501709e+02 7.8399401855e+02 7.8429101563e+02 7.8455401611e+02 7.8480200195e+02 7.8499700928e+02 7.8519000244e+02 7.8540899658e+02 7.8563897705e+02 7.8588598633e+02 7.8612701416e+02 7.8637597656e+02 7.8660699463e+02 7.8680499268e+02 7.8703997803e+02 7.8728497314e+02 7.8752197266e+02 7.8775000000e+02 7.8799798584e+02 7.8821398926e+02 7.8840002441e+02 7.8854699707e+02 7.8875201416e+02
7.7827001953e+02 7.7852001953e+02 7.7880200195e+02 7.7903100586e+02 7.7920697021e+02 7.7939599609e+02 7.7965899658e+02 7.7996502686e+02 7.8025097656e+02 7.8050701904e+02 7.8070599365e+02 7.8090899658e+02 7.8116400146e+02 7.8139001465e+02 7.8165301514e+02 7.8192901611e+02 7.8212597656e+02 7.8236999512e+02 7.8255603027e+02 7.8270202637e+02 7.8285699463e+02 7.8304699707e+02 7.8326800537e+02 7.8355902100e+02 7.8391101074e+02 7.8418798828e+02 7.8445599365e+02 7.8470599365e+02 7.8489099121e+02 7.8504302979e+02 7.8523797607e+02 7.8547802734e+02 7.8572302246e+02 7.8595001221e+02 7.8618103027e+02 7.8644299316e+02 7.8673699951e+02 7.8701098633e+02 7.8722100830e+02 7.8741601563e+02 7.8767797852e+02 7.8795202637e+02 7.8820300293e+02 7.8841802979e+02 7.8856201172e+02 7.8873999023e+02
7.7815301514e+02 7.7840100098e+02 7.7868902588e+02 7.7894097900e+02 7.7913702393e+02 7.7931201172e+02 7.7955102539e+02 7.7984399414e+02 7.8012701416e+02 7.8037200928e+02 7.8059997559e+02 7.8082098389e+02 7.8106201172e+02 7.8128497314e+02 7.8153302002e+02 7.8180297852e+02 7.8201300049e+02 7.8222698975e+02 7.8244396973e+02 7.8259497070e+02 7.8270599365e+02 7.8286499023e+02 7.8305401611e+02 7.8339398193e+02 7.8380999756e+02 7.8408801270e+02 7.8434600830e+02 7.8459301758e+02 7.8478302002e+02 7.8491900635e+02 7.8509002686e+02 7.8530700684e+02 7.8554602051e+02 7.8574902344e+02 7.8595397949e+02 7.8621997070e+02 7.8658197021e+02 7.8692401123e+02 7.8715002441e+02 7.8733697510e+02 7.8758898926e+02 7.8786401367e+02 7.8813897705e+02 7.8837097168e+02 7.8854302979e+02 7.8874200439e+02
7.7802001953e+02 7.7828198242e+02 7.7854901123e+02 7.7879400635e+02 7.7901800537e+02 7.7921600342e+02 7.7944799805e+02 7.7972100830e+02 7.8000097656e+02 7.8025500488e+02 7.8049798584e+02 7.8072100830e+02 7.8095300293e+02 7.8120800781e+02 7.8146502686e+02 7.8174298096e+02 7.8198498535e+02 7.8210998535e+02 7.8230499268e+02 7.8248297119e+02 7.8260302734e+02 7.8276098633e+02 7.8295202637e+02 7.8328497314e+02 7.8365399170e+02 7.8393103027e+02 7.8417901611e+02 7.8442297363e+02 7.8463299561e+02 7.8478198242e+02 7.8493798828e+02 7.8512097168e+02 7.8533300781e+02 7.8554901123e+02 7.8576800537e+02 7.8603002930e+02 7.8637500000e+02 7.8674298096e+02 7.8701702881e+02 7.8723199463e+02 7.8745800781e+02 7.8771801758e+02 7.8801501465e+02 7.8826202393e+02 7.8844097900e+02 7.8870202637e+02
7.7788702393e+02 7.7816998291e+02 7.7837597656e+02 7.7859497070e+02 7.7890997314e+02 7.7912799072e+02 7.7936199951e+02 7.7961199951e+02 7.7987402344e+02 7.8013598633e+02 7.8035998535e+02 7.8057299805e+02 7.8082598877e+02 7.8112402344e+02 7.8142102051e+02 7.8171600342e+02 7.8197302246e+02 7.8209301758e+02 7.8221899414e+02 7.8238897705e+02 7.8254101563e+02 7.8266198730e+02 7.8292102051e+02 7.8324401855e+02 7.8350402832e+02 7.8370898438e+02 7.8390899658e+02 7.8413500977e+02 7.8435498047e+02 7.8455902100e+02 7.8474298096e+02 7.8491601563e+02 7.8509399414e+02 7.8532299805e+02 7.8560998535e+02 7.8590399170e+02 7.8619201660e+02 7.8650201416e+02 7.8682800293e+02 7.8711297607e+02 7.8733599854e+02 7.8754498291e+02 7.8785699463e+02 7.8811798096e+02 7.8829199219e+02 7.8858898926e+02
7.7779901123e+02 7.7806597900e+02 7.7824597168e+02 7.7846899414e+02 7.7877502441e+02 7.7901898193e+02 7.7925598145e+02 7.7950402832e+02 7.7977502441e+02 7.8003802490e+02 7.8023498535e+02 7.8044897461e+02 7.8074597168e+02 7.8103399658e+02 7.8131597900e+02 7.8160101318e+02 7.8185198975e+02 7.8199700928e+02 7.8213000488e+02 7.8231500244e+02 7.8252001953e+02 7.8265802002e+02 7.8289501953e+02 7.8319201660e+02 7.8339801025e+02 7.8354602051e+02 7.8366601563e+02 7.8380297852e+02 7.8397900391e+02 7.8422698975e+02 7.8446697998e+02 7.8468701172e+02 7.8491802979e+02 7.8518298340e+02 7.8548297119e+02 7.8578900146e+02 7.8608197021e+02 7.8634301758e+02 7.8667102051e+02 7.8699499512e+02 7.8725000000e+02 7.8744201660e+02 7.8769799805e+02 7.8792999268e+02 7.8810998535e+02 7.8836999512e+02
7.7767297363e+02 7.7796002197e+02 7.7816497803e+02 7.7838201904e+02 7.7862902832e+02 7.7888299561e+02 7.7915100098e+02 7.7941400146e+02 7.7967102051e+02 7.7989898682e+02 7.8010302734e+02 7.8036199951e+02 7.8067401123e+02 7.8092602539e+02 7.8116998291e+02 7.8143298340e+02 7.8169702148e+02 7.8188897705e+02 7.8205603027e+02 7.8225799561e+02 7.8247900391e+02 7.8260400391e+02 7.8273602295e+02 7.8291302490e+02 7.8312500000e+02 7.8331799316e+02 7.8344702148e+02 7.8355700684e+02 7.8372100830e+02 7.8398498535e+02 7.8425402832e+02 7.8451000977e+02 7.8478198242e+02 7.8510302734e+02 7.8542700195e+02 7.8573699951e+02 7.8603497314e+02 7.8633398438e+02 7.8667602539e+02 7.8698901367e+02 7.8723999023e+02 7.8743402100e+02 7.8760900879e+02 7.8775799561e+02 7.8790197754e+02 7.8806701660e+02
7.7751202393e+02 7.7780401611e+02 7.7803002930e+02 7.7825097656e+02 7.7847497559e+02 7.7873602295e+02 7.7903399658e+02 7.7930297852e+02 7.7951599121e+02 7.7970001221e+02 7.7993103027e+02 7.8022497559e+02 7.8049499512e+02 7.8070599365e+02 7.8092498779e+02 7.8117901611e+02 7.8146398926e+02 7.8172100830e+02 7.8192199707e+02 7.8211901855e+02 7.8230700684e+02 7.8242797852e+02 7.8252502441e+02 7.8264599609e+02 7.8286102295e+02 7.8309100342e+02 7.8328802490e+02 7.8345001221e+02 7.8364599609e+02 7.8391400146e+02 7.8418298340e+02 7.8444598389e+02 7.8472900391e+02 7.8507299805e+02 7.8540899658e+02 7.8572698975e+02 7.8602600098e+02 7.8637200928e+02 7.8672698975e+02 7.8701800537e+02 7.8725402832e+02 7.8745898438e+02 7.8758599854e+02 7.8767700195e+02 7.8777600098e+02 7.8788800049e+02
