TESTSERVER/20/0.asc
NCOLS 100
NROWS 100
XLLCORNER 8.4997500000e+03
YLLCORNER 2.8995025000e+05
CELLSIZE 5.0000000000e-01
NODATA_VALUE -9.9990000000e+03
[rows 80 to 99 of 100, columns 46 to 91 of 100]
7.8959698486e+02 7.8993798828e+02 7.9017700195e+02 7.9038598633e+02 7.9054498291e+02 7.9061401367e+02 7.9069201660e+02 7.9083300781e+02 7.9091802979e+02 7.9105999756e+02 7.9132299805e+02 7.9157397461e+02 7.9192401123e+02 7.9243200684e+02 7.9276599121e+02 7.9290698242e+02 7.9309002686e+02 7.9331701660e+02 7.9353698730e+02 7.9370501709e+02 7.9390197754e+02 7.9413702393e+02 7.9441601563e+02 7.9470001221e+02 7.9497601318e+02 7.9523797607e+02 7.9548797607e+02 7.9569097900e+02 7.9590399170e+02 7.9611901855e+02 7.9630700684e+02 7.9652899170e+02 7.9671801758e+02 7.9687597656e+02 7.9705700684e+02 7.9728997803e+02 7.9749200439e+02 7.9768499756e+02 7.9785699463e+02 7.9803002930e+02 7.9818499756e+02 7.9840100098e+02 7.9873101807e+02 7.9904199219e+02 7.9926202393e+02 7.9945800781e+02
7.8954998779e+02 7.8987799072e+02 7.9016998291e+02 7.9036901855e+02 7.9059899902e+02 7.9080603027e+02 7.9090899658e+02 7.9096301270e+02 7.9102502441e+02 7.9117199707e+02 7.9138702393e+02 7.9154101563e+02 7.9171899414e+02 7.9202600098e+02 7.9236798096e+02 7.9262097168e+02 7.9290002441e+02 7.9322198486e+02 7.9347998047e+02 7.9366400146e+02 7.9386199951e+02 7.9407299805e+02 7.9436102295e+02 7.9466998291e+02 7.9496801758e+02 7.9523498535e+02 7.9548602295e+02 7.9568902588e+02 7.9588800049e+02 7.9610900879e+02 7.9630102539e+02 7.9650701904e+02 7.9671197510e+02 7.9688800049e+02 7.9702197266e+02 7.9717901611e+02 7.9737902832e+02 7.9760797119e+02 7.9784002686e+02 7.9803698730e+02 7.9819500732e+02 7.9839099121e+02 7.9868499756e+02 7.9902099609e+02 7.9923699951e+02 7.9941900635e+02
7.8952301025e+02 7.8980102539e+02 7.9007800293e+02 7.9029101563e+02 7.9058801270e+02 7.9090301514e+02 7.9107000732e+02 7.9124798584e+02 7.9129699707e+02 7.9134802246e+02 7.9148602295e+02 7.9163598633e+02 7.9177697754e+02 7.9196899414e+02 7.9217700195e+02 7.9241601563e+02 7.9270098877e+02 7.9306402588e+02 7.9339300537e+02 7.9363098145e+02 7.9383001709e+02 7.9401300049e+02 7.9430102539e+02 7.9463397217e+02 7.9493402100e+02 7.9519396973e+02 7.9544500732e+02 7.9567102051e+02 7.9587298584e+02 7.9609100342e+02 7.9630297852e+02 7.9652697754e+02 7.9675897217e+02 7.9693402100e+02 7.9700799561e+02 7.9713299561e+02 7.9733099365e+02 7.9758599854e+02 7.9785601807e+02 7.9807202148e+02 7.9823199463e+02 7.9839001465e+02 7.9859600830e+02 7.9889202881e+02 7.9912200928e+02 7.9931701660e+02
7.8949200439e+02 7.8973498535e+02 7.8997802734e+02 7.9027398682e+02 7.9061700439e+02 7.9091497803e+02 7.9104199219e+02 7.9142102051e+02 7.9155200195e+02 7.9157299805e+02 7.9162097168e+02 7.9172302246e+02 7.9187402344e+02 7.9206298828e+02 7.9220501709e+02 7.9238897705e+02 7.9260198975e+02 7.9290899658e+02 7.9324499512e+02 7.9354302979e+02 7.9378900146e+02 7.9400598145e+02 7.9428698730e+02 7.9459802246e+02 7.9487597656e+02 7.9511401367e+02 7.9535900879e+02 7.9561199951e+02 7.9583001709e+02 7.9605297852e+02 7.9628601074e+02 7.9657501221e+02 7.9683599854e+02 7.9698797607e+02 7.9703100586e+02 7.9716601563e+02 7.9736700439e+02 7.9762799072e+02 7.9791400146e+02 7.9815502930e+02 7.9832598877e+02 7.9846197510e+02 7.9858502197e+02 7.9879302979e+02 7.9900000000e+02 7.9920098877e+02
7.8944201660e+02 7.8964697266e+02 7.8992602539e+02 7.9027600098e+02 7.9058300781e+02 7.9081701660e+02 7.9098498535e+02 7.9128497314e+02 7.9151898193e+02 7.9167498779e+02 7.9179199219e+02 7.9189898682e+02 7.9200897217e+02 7.9214300537e+02 7.9229400635e+02 7.9246899414e+02 7.9264001465e+02 7.9285900879e+02 7.9308697510e+02 7.9334802246e+02 7.9367700195e+02 7.9402001953e+02 7.9435302734e+02 7.9458898926e+02 7.9482000732e+02 7.9500897217e+02 7.9520501709e+02 7.9552001953e+02 7.9576202393e+02 7.9598797607e+02 7.9624102783e+02 7.9660198975e+02 7.9687597656e+02 7.9700000000e+02 7.9707897949e+02 7.9725500488e+02 7.9745098877e+02 7.9769299316e+02 7.9799499512e+02 7.9822198486e+02 7.9839501953e+02 7.9854199219e+02 7.9866699219e+02 7.9881402588e+02 7.9899401855e+02 7.9917498779e+02
7.8946002197e+02 7.8957702637e+02 7.8980297852e+02 7.9019000244e+02 7.9047601318e+02 7.9071197510e+02 7.9095397949e+02 7.9120599365e+02 7.9143402100e+02 7.9161199951e+02 7.9178698730e+02 7.9196697998e+02 7.9211700439e+02 7.9223797607e+02 7.9236999512e+02 7.9254400635e+02 7.9273101807e+02 7.9294000244e+02 7.9311499023e+02 7.9321801758e+02 7.9343402100e+02 7.9378002930e+02 7.9419396973e+02 7.9451202393e+02 7.9476898193e+02 7.9495501709e+02 7.9514898682e+02 7.9541198730e+02 7.9566400146e+02 7.9592901611e+02 7.9622302246e+02 7.9655902100e+02 7.9683697510e+02 7.9696600342e+02 7.9707598877e+02 7.9727899170e+02 7.9746997070e+02 7.9769000244e+02 7.9797497559e+02 7.9821398926e+02 7.9838702393e+02 7.9855499268e+02 7.9873199463e+02 7.9891802979e+02 7.9903802490e+02 7.9916601563e+02
7.8941699219e+02 7.8953698730e+02 7.8971502686e+02 7.9009301758e+02 7.9039501953e+02 7.9066302490e+02 7.9094598389e+02 7.9118902588e+02 7.9139001465e+02 7.9154797363e+02 7.9171801758e+02 7.9191699219e+02 7.9211602783e+02 7.9229199219e+02 7.9245599365e+02 7.9267498779e+02 7.9287597656e+02 7.9304498291e+02 7.9318597412e+02 7.9330200195e+02 7.9341601563e+02 7.9357501221e+02 7.9389398193e+02 7.9424499512e+02 7.9456298828e+02 7.9484600830e+02 7.9512799072e+02 7.9536401367e+02 7.9559100342e+02 7.9586297607e+02 7.9616601563e+02 7.9643798828e+02 7.9669396973e+02 7.9685699463e+02 7.9702001953e+02 7.9722900391e+02 7.9741497803e+02 7.9761297607e+02 7.9788000488e+02 7.9813598633e+02 7.9833599854e+02 7.9854498291e+02 7.9878002930e+02 7.9900000000e+02 7.9907800293e+02 7.9918597412e+02
7.8929101563e+02 7.8946398926e+02 7.8965197754e+02 7.8999102783e+02 7.9029302979e+02 7.9056402588e+02 7.9084997559e+02 7.9112799072e+02 7.9133197021e+02 7.9146600342e+02 7.9162500000e+02 7.9181201172e+02 7.9203497314e+02 7.9227301025e+02 7.9250701904e+02 7.9280603027e+02 7.9306201172e+02 7.9322100830e+02 7.9329602051e+02 7.9343597412e+02 7.9356097412e+02 7.9362799072e+02 7.9374700928e+02 7.9399499512e+02 7.9430102539e+02 7.9463897705e+02 7.9502197266e+02 7.9531799316e+02 7.9555700684e+02 7.9581298828e+02 7.9607000732e+02 7.9629400635e+02 7.9654901123e+02 7.9674597168e+02 7.9694500732e+02 7.9716900635e+02 7.9735400391e+02 7.9753497314e+02 7.9778698730e+02 7.9803900146e+02 7.9824798584e+02 7.9848101807e+02 7.9873498535e+02 7.9896002197e+02 7.9907897949e+02 7.9922100830e+02
7.8921301270e+02 7.8939898682e+02 7.8963800049e+02 7.8992102051e+02 7.9017401123e+02 7.9038800049e+02 7.9063702393e+02 7.9094097900e+02 7.9117999268e+02 7.9136102295e+02 7.9152600098e+02 7.9172302246e+02 7.9194097900e+02 7.9219396973e+02 7.9242602539e+02 7.9273199463e+02 7.9306701660e+02 7.9335101318e+02 7.9353002930e+02 7.9356097412e+02 7.9360498047e+02 7.9372399902e+02 7.9387097168e+02 7.9400299072e+02 7.9419201660e+02 7.9442498779e+02 7.9469799805e+02 7.9511102295e+02 7.9545697021e+02 7.9575000000e+02 7.9599902344e+02 7.9625201416e+02 7.9652001953e+02 7.9671600342e+02 7.9688098145e+02 7.9711700439e+02 7.9732098389e+02 7.9751397705e+02 7.9776300049e+02 7.9799102783e+02 7.9817700195e+02 7.9839697266e+02 7.9860797119e+02 7.9884301758e+02 7.9904400635e+02 7.9921801758e+02
7.8917602539e+02 7.8936401367e+02 7.8958697510e+02 7.8983099365e+02 7.9004400635e+02 7.9027001953e+02 7.9057598877e+02 7.9081402588e+02 7.9102697754e+02 7.9123699951e+02 7.9146997070e+02 7.9167401123e+02 7.9191601563e+02 7.9218402100e+02 7.9238598633e+02 7.9260400391e+02 7.9297100830e+02 7.9337597656e+02 7.9368200684e+02 7.9372100830e+02 7.9370898438e+02 7.9383599854e+02 7.9396801758e+02 7.9408197021e+02 7.9420898438e+02 7.9436499023e+02 7.9459497070e+02 7.9485797119e+02 7.9517700195e+02 7.9553601074e+02 7.9589300537e+02 7.9621997070e+02 7.9649597168e+02 7.9668902588e+02 7.9686297607e+02 7.9708001709e+02 7.9726202393e+02 7.9741998291e+02 7.9764599609e+02 7.9792700195e+02 7.9813000488e+02 7.9835699463e+02 7.9857000732e+02 7.9882299805e+02 7.9900701904e+02 7.9915698242e+02
7.8911401367e+02 7.8930102539e+02 7.8951501465e+02 7.8972998047e+02 7.8993200684e+02 7.9018402100e+02 7.9051202393e+02 7.9073400879e+02 7.9094500732e+02 7.9116601563e+02 7.9139898682e+02 7.9164398193e+02 7.9196002197e+02 7.9226202393e+02 7.9242102051e+02 7.9258300781e+02 7.9290802002e+02 7.9329797363e+02 7.9359100342e+02 7.9371002197e+02 7.9381097412e+02 7.9400701904e+02 7.9416998291e+02 7.9425799561e+02 7.9432098389e+02 7.9443597412e+02 7.9462597656e+02 7.9478198242e+02 7.9498400879e+02 7.9527801514e+02 7.9566302490e+02 7.9603802490e+02 7.9638299561e+02 7.9665301514e+02 7.9686297607e+02 7.9702502441e+02 7.9717199707e+02 7.9733801270e+02 7.9757598877e+02 7.9783398438e+02 7.9806097412e+02 7.9831896973e+02 7.9854998779e+02 7.9876000977e+02 7.9892401123e+02 7.9908898926e+02
7.8904400635e+02 7.8921997070e+02 7.8943402100e+02 7.8967901611e+02 7.8988299561e+02 7.9010699463e+02 7.9039898682e+02 7.9063702393e+02 7.9087799072e+02 7.9111901855e+02 7.9133398438e+02 7.9162500000e+02 7.9198901367e+02 7.9228997803e+02 7.9241302490e+02 7.9253997803e+02 7.9279998779e+02 7.9312298584e+02 7.9337701416e+02 7.9358300781e+02 7.9376800537e+02 7.9400598145e+02 7.9426202393e+02 7.9442199707e+02 7.9448297119e+02 7.9456597900e+02 7.9471099854e+02 7.9484002686e+02 7.9496502686e+02 7.9515600586e+02 7.9546002197e+02 7.9581097412e+02 7.9619201660e+02 7.9653601074e+02 7.9680499268e+02 7.9698297119e+02 7.9714398193e+02 7.9733898926e+02 7.9756799316e+02 7.9777697754e+02 7.9802398682e+02 7.9829699707e+02 7.9850598145e+02 7.9865899658e+02 7.9883197021e+02 7.9903302002e+02
7.8896600342e+02 7.8913299561e+02 7.8931701660e+02 7.8957397461e+02 7.8980499268e+02 7.9005297852e+02 7.9034197998e+02 7.9057299805e+02 7.9082598877e+02 7.9108001709e+02 7.9129797363e+02 7.9156896973e+02 7.9189001465e+02 7.9213702393e+02 7.9227301025e+02 7.9241497803e+02 7.9266302490e+02 7.9296197510e+02 7.9324499512e+02 7.9345697021e+02 7.9364001465e+02 7.9383801270e+02 7.9404797363e+02 7.9437298584e+02 7.9460601807e+02 7.9474700928e+02 7.9483599854e+02 7.9493701172e+02 7.9505499268e+02 7.9521002197e+02 7.9542797852e+02 7.9564599609e+02 7.9595098877e+02 7.9628399658e+02 7.9661499023e+02 7.9693798828e+02 7.9721197510e+02 7.9742498779e+02 7.9755102539e+02 7.9776000977e+02 7.9805102539e+02 7.9829101563e+02 7.9840100098e+02 7.9856701660e+02 7.9877600098e+02 7.9898699951e+02
7.8890997314e+02 7.8906097412e+02 7.8926300049e+02 7.8950897217e+02 7.8973901367e+02 7.9000299072e+02 7.9034002686e+02 7.9057598877e+02 7.9080297852e+02 7.9102197266e+02 7.9123901367e+02 7.9149401855e+02 7.9177801514e+02 7.9201397705e+02 7.9216900635e+02 7.9233697510e+02 7.9260601807e+02 7.9290698242e+02 7.9317297363e+02 7.9339599609e+02 7.9360498047e+02 7.9382098389e+02 7.9406799316e+02 7.9436499023e+02 7.9466400146e+02 7.9489398193e+02 7.9503497314e+02 7.9513299561e+02 7.9521301270e+02 7.9533099365e+02 7.9551202393e+02 7.9565997314e+02 7.9585601807e+02 7.9609899902e+02 7.9638299561e+02 7.9674102783e+02 7.9718103027e+02 7.9757598877e+02 7.9772698975e+02 7.9780102539e+02 7.9800402832e+02 7.9821600342e+02 7.9837902832e+02 7.9854699707e+02 7.9871600342e+02 7.9890399170e+02
7.8891198730e+02 7.8904901123e+02 7.8923999023e+02 7.8946801758e+02 7.8968798828e+02 7.8992102051e+02 7.9030499268e+02 7.9057299805e+02 7.9078601074e+02 7.9097399902e+02 7.9116998291e+02 7.9140399170e+02 7.9169396973e+02 7.9194799805e+02 7.9210699463e+02 7.9233502197e+02 7.9262500000e+02 7.9291101074e+02 7.9316101074e+02 7.9339697266e+02 7.9360498047e+02 7.9382299805e+02 7.9405798340e+02 7.9430499268e+02 7.9461798096e+02 7.9491497803e+02 7.9511901855e+02 7.9528002930e+02 7.9537298584e+02 7.9546099854e+02 7.9561401367e+02 7.9575000000e+02 7.9590002441e+02 7.9609197998e+02 7.9630401611e+02 7.9654302979e+02 7.9692700195e+02 7.9735498047e+02 7.9762597656e+02 7.9781402588e+02 7.9799597168e+02 7.9817401123e+02 7.9835198975e+02 7.9852899170e+02 7.9870898438e+02 7.9890002441e+02
7.8893902588e+02 7.8908398438e+02 7.8922100830e+02 7.8945599365e+02 7.8970397949e+02 7.8987701416e+02 7.9019598389e+02 7.9047698975e+02 7.9068701172e+02 7.9086401367e+02 7.9104199219e+02 7.9127899170e+02 7.9159301758e+02 7.9185498047e+02 7.9201599121e+02 7.9229901123e+02 7.9259802246e+02 7.9286798096e+02 7.9309698486e+02 7.9332397461e+02 7.9351501465e+02 7.9372399902e+02 7.9395697021e+02 7.9420001221e+02 7.9450500488e+02 7.9479797363e+02 7.9502197266e+02 7.9525598145e+02 7.9540002441e+02 7.9551397705e+02 7.9568902588e+02 7.9585302734e+02 7.9598699951e+02 7.9615100098e+02 7.9634600830e+02 7.9650299072e+02 7.9671600342e+02 7.9698699951e+02 7.9728100586e+02 7.9767498779e+02 7.9796502686e+02 7.9816802979e+02 7.9833099365e+02 7.9850000000e+02 7.9869396973e+02 7.9887701416e+02
7.8888500977e+02 7.8906097412e+02 7.8920202637e+02 7.8946899414e+02 7.8971197510e+02 7.8983398438e+02 7.9000598145e+02 7.9026300049e+02 7.9047802734e+02 7.9066497803e+02 7.9084301758e+02 7.9110797119e+02 7.9144799805e+02 7.9170202637e+02 7.9181701660e+02 7.9215899658e+02 7.9246002197e+02 7.9271301270e+02 7.9293103027e+02 7.9316998291e+02 7.9336602783e+02 7.9358001709e+02 7.9383300781e+02 7.9410601807e+02 7.9438702393e+02 7.9464202881e+02 7.9486499023e+02 7.9510699463e+02 7.9525201416e+02 7.9540802002e+02 7.9568499756e+02 7.9592999268e+02 7.9607397461e+02 7.9619500732e+02 7.9632397461e+02 7.9658398438e+02 7.9676599121e+02 7.9690197754e+02 7.9707000732e+02 7.9737500000e+02 7.9769396973e+02 7.9800799561e+02 7.9829400635e+02 7.9844396973e+02 7.9862500000e+02 7.9879602051e+02
7.8863000488e+02 7.8881201172e+02 7.8897802734e+02 7.8923297119e+02 7.8943902588e+02 7.8959698486e+02 7.8976599121e+02 7.9000701904e+02 7.9024102783e+02 7.9045898438e+02 7.9065899658e+02 7.9092901611e+02 7.9129199219e+02 7.9153900146e+02 7.9163897705e+02 7.9192199707e+02 7.9223602295e+02 7.9252801514e+02 7.9278198242e+02 7.9299798584e+02 7.9318402100e+02 7.9338500977e+02 7.9363000488e+02 7.9391101074e+02 7.9418200684e+02 7.9444702148e+02 7.9468798828e+02 7.9491101074e+02 7.9503497314e+02 7.9521197510e+02 7.9557098389e+02 7.9592700195e+02 7.9615802002e+02 7.9634997559e+02 7.9651202393e+02 7.9664398193e+02 7.9676397705e+02 7.9687799072e+02 7.9700799561e+02 7.9721899414e+02 7.9744201660e+02 7.9769396973e+02 7.9801202393e+02 7.9826000977e+02 7.9853302002e+02 7.9873901367e+02
7.8825097656e+02 7.8841302490e+02 7.8861199951e+02 7.8883398438e+02 7.8905401611e+02 7.8927899170e+02 7.8952697754e+02 7.8978198242e+02 7.9004199219e+02 7.9028900146e+02 7.9051202393e+02 7.9077398682e+02 7.9112597656e+02 7.9138702393e+02 7.9152398682e+02 7.9177502441e+02 7.9206097412e+02 7.9234997559e+02 7.9261798096e+02 7.9283697510e+02 7.9303100586e+02 7.9322601318e+02 7.9345202637e+02 7.9370202637e+02 7.9395599365e+02 7.9421997070e+02 7.9448199463e+02 7.9469500732e+02 7.9486297607e+02 7.9509301758e+02 7.9547100830e+02 7.9583697510e+02 7.9610998535e+02 7.9639501953e+02 7.9668103027e+02 7.9684002686e+02 7.9690002441e+02 7.9694897461e+02 7.9706402588e+02 7.9722399902e+02 7.9740600586e+02 7.9758001709e+02 7.9776800537e+02 7.9798101807e+02 7.9825799561e+02 7.9851702881e+02
7.8801300049e+02 7.8815301514e+02 7.8836499023e+02 7.8857202148e+02 7.8880902100e+02 7.8908898926e+02 7.8939398193e+02 7.8967199707e+02 7.8994799805e+02 7.9020397949e+02 7.9044097900e+02 7.9070300293e+02 7.9103601074e+02 7.9130999756e+02 7.9149902344e+02 7.9176098633e+02 7.9201397705e+02 7.9225897217e+02 7.9251202393e+02 7.9275299072e+02 7.9296697998e+02 7.9316400146e+02 7.9337402344e+02 7.9362298584e+02 7.9387701416e+02 7.9414099121e+02 7.9439398193e+02 7.9460900879e+02 7.9483300781e+02 7.9509997559e+02 7.9544702148e+02 7.9578198242e+02 7.9605297852e+02 7.9637298584e+02 7.9670599365e+02 7.9695599365e+02 7.9710400391e+02 7.9717797852e+02 7.9726599121e+02 7.9735302734e+02 7.9748602295e+02 7.9763397217e+02 7.9775299072e+02 7.9790100098e+02 7.9807501221e+02 7.9828302002e+02
