TESTSERVER/20/1.asc
NCOLS 100
NROWS 100
XLLCORNER 8.4997500000e+03
YLLCORNER 2.8990025000e+05
CELLSIZE 5.0000000000e-01
NODATA_VALUE -9.9990000000e+03
[rows 40 to 59 of 100, columns 46 to 91 of 100]
7.8470898438e+02 7.8501000977e+02 7.8531597900e+02 7.8555102539e+02 7.8578198242e+02 7.8599597168e+02 7.8622198486e+02 7.8650299072e+02 7.8676000977e+02 7.8702801514e+02 7.8733801270e+02 7.8753601074e+02 7.8775500488e+02 7.8808801270e+02 7.8844799805e+02 7.8877099609e+02 7.8906896973e+02 7.8932299805e+02 7.8956799316e+02 7.8986297607e+02 7.9007501221e+02 7.9029302979e+02 7.9055999756e+02 7.9077001953e+02 7.9116699219e+02 7.9153497314e+02 7.9170397949e+02 7.9192999268e+02 7.9223498535e+02 7.9253002930e+02 7.9281298828e+02 7.9310699463e+02 7.9334497070e+02 7.9356500244e+02 7.9384802246e+02 7.9414001465e+02 7.9438299561e+02 7.9464398193e+02 7.9496801758e+02 7.9524902344e+02 7.9551397705e+02 7.9574298096e+02 7.9588500977e+02 7.9626000977e+02 7.9655603027e+02 7.9675598145e+02
7.8451202393e+02 7.8481597900e+02 7.8514697266e+02 7.8537799072e+02 7.8559997559e+02 7.8580401611e+02 7.8600201416e+02 7.8625701904e+02 7.8651202393e+02 7.8679602051e+02 7.8715600586e+02 7.8739801025e+02 7.8763598633e+02 7.8796502686e+02 7.8834399414e+02 7.8865899658e+02 7.8896398926e+02 7.8920800781e+02 7.8943402100e+02 7.8973901367e+02 7.8995098877e+02 7.9016601563e+02 7.9043499756e+02 7.9064599609e+02 7.9098400879e+02 7.9131201172e+02 7.9151702881e+02 7.9179302979e+02 7.9212298584e+02 7.9239501953e+02 7.9261901855e+02 7.9290399170e+02 7.9319201660e+02 7.9343200684e+02 7.9369396973e+02 7.9399499512e+02 7.9426098633e+02 7.9454101563e+02 7.9484997559e+02 7.9511798096e+02 7.9533502197e+02 7.9555200195e+02 7.9574798584e+02 7.9603802490e+02 7.9629901123e+02 7.9656402588e+02
7.8437500000e+02 7.8467401123e+02 7.8498797607e+02 7.8523101807e+02 7.8541497803e+02 7.8562597656e+02 7.8583398438e+02 7.8603497314e+02 7.8629901123e+02 7.8660900879e+02 7.8697802734e+02 7.8725799561e+02 7.8750000000e+02 7.8781298828e+02 7.8819897461e+02 7.8853601074e+02 7.8885400391e+02 7.8909497070e+02 7.8927301025e+02 7.8956701660e+02 7.8980401611e+02 7.9002197266e+02 7.9029699707e+02 7.9053497314e+02 7.9083099365e+02 7.9113800049e+02 7.9135998535e+02 7.9161700439e+02 7.9194897461e+02 7.9221197510e+02 7.9239599609e+02 7.9265600586e+02 7.9299298096e+02 7.9327502441e+02 7.9353002930e+02 7.9380902100e+02 7.9408697510e+02 7.9439599609e+02 7.9472302246e+02 7.9499200439e+02 7.9517700195e+02 7.9536499023e+02 7.9561102295e+02 7.9588397217e+02 7.9613201904e+02 7.9641601563e+02
7.8427099609e+02 7.8455297852e+02 7.8481799316e+02 7.8508599854e+02 7.8526599121e+02 7.8551202393e+02 7.8575500488e+02 7.8592901611e+02 7.8618402100e+02 7.8647698975e+02 7.8680902100e+02 7.8713201904e+02 7.8738098145e+02 7.8765100098e+02 7.8800299072e+02 7.8835797119e+02 7.8869799805e+02 7.8895397949e+02 7.8910302734e+02 7.8939501953e+02 7.8965802002e+02 7.8987902832e+02 7.9013500977e+02 7.9037701416e+02 7.9065698242e+02 7.9096697998e+02 7.9120599365e+02 7.9144897461e+02 7.9178601074e+02 7.9204998779e+02 7.9220202637e+02 7.9243200684e+02 7.9277899170e+02 7.9310198975e+02 7.9339398193e+02 7.9363598633e+02 7.9389501953e+02 7.9420800781e+02 7.9453302002e+02 7.9481298828e+02 7.9502697754e+02 7.9521600342e+02 7.9544500732e+02 7.9574597168e+02 7.9603302002e+02 7.9629602051e+02
7.8421002197e+02 7.8449499512e+02 7.8477600098e+02 7.8505200195e+02 7.8523498535e+02 7.8547497559e+02 7.8573101807e+02 7.8590301514e+02 7.8614398193e+02 7.8637597656e+02 7.8661700439e+02 7.8700701904e+02 7.8727600098e+02 7.8750897217e+02 7.8782098389e+02 7.8813201904e+02 7.8848101807e+02 7.8878198242e+02 7.8895599365e+02 7.8922198486e+02 7.8950201416e+02 7.8974700928e+02 7.8999401855e+02 7.9021002197e+02 7.9046997070e+02 7.9077502441e+02 7.9102301025e+02 7.9131097412e+02 7.9167199707e+02 7.9193200684e+02 7.9201202393e+02 7.9223901367e+02 7.9259802246e+02 7.9297698975e+02 7.9331298828e+02 7.9352801514e+02 7.9375402832e+02 7.9402502441e+02 7.9433300781e+02 7.9457000732e+02 7.9479998779e+02 7.9502301025e+02 7.9522497559e+02 7.9552301025e+02 7.9586199951e+02 7.9614099121e+02
7.8411700439e+02 7.8442102051e+02 7.8474499512e+02 7.8503997803e+02 7.8519396973e+02 7.8540802002e+02 7.8567999268e+02 7.8589001465e+02 7.8610601807e+02 7.8629797363e+02 7.8652301025e+02 7.8682598877e+02 7.8708300781e+02 7.8735498047e+02 7.8771398926e+02 7.8799597168e+02 7.8829199219e+02 7.8858502197e+02 7.8877301025e+02 7.8903002930e+02 7.8936297607e+02 7.8968200684e+02 7.8993701172e+02 7.9007098389e+02 7.9031097412e+02 7.9060198975e+02 7.9080902100e+02 7.9110198975e+02 7.9146502686e+02 7.9172802734e+02 7.9182299805e+02 7.9204101563e+02 7.9240899658e+02 7.9282800293e+02 7.9318597412e+02 7.9341900635e+02 7.9362097168e+02 7.9384997559e+02 7.9413299561e+02 7.9434399414e+02 7.9454797363e+02 7.9480798340e+02 7.9505999756e+02 7.9536798096e+02 7.9571697998e+02 7.9600402832e+02
7.8403802490e+02 7.8431402588e+02 7.8463201904e+02 7.8494799805e+02 7.8511102295e+02 7.8531896973e+02 7.8558398438e+02 7.8580700684e+02 7.8603497314e+02 7.8624902344e+02 7.8647802734e+02 7.8669000244e+02 7.8690698242e+02 7.8717797852e+02 7.8756500244e+02 7.8789501953e+02 7.8817700195e+02 7.8844598389e+02 7.8865802002e+02 7.8890002441e+02 7.8921899414e+02 7.8955499268e+02 7.8985302734e+02 7.8998699951e+02 7.9019396973e+02 7.9044201660e+02 7.9062298584e+02 7.9090100098e+02 7.9125799561e+02 7.9154199219e+02 7.9168499756e+02 7.9187402344e+02 7.9221301270e+02 7.9262799072e+02 7.9299499512e+02 7.9322100830e+02 7.9341497803e+02 7.9363897705e+02 7.9393597412e+02 7.9417999268e+02 7.9438299561e+02 7.9465100098e+02 7.9494396973e+02 7.9524700928e+02 7.9553100586e+02 7.9578302002e+02
7.8396697998e+02 7.8420300293e+02 7.8447601318e+02 7.8482000732e+02 7.8500701904e+02 7.8522698975e+02 7.8547900391e+02 7.8566998291e+02 7.8590899658e+02 7.8615301514e+02 7.8638800049e+02 7.8657800293e+02 7.8677502441e+02 7.8702099609e+02 7.8739697266e+02 7.8778698730e+02 7.8807000732e+02 7.8830499268e+02 7.8852001953e+02 7.8876202393e+02 7.8904302979e+02 7.8934301758e+02 7.8967901611e+02 7.8989099121e+02 7.9008898926e+02 7.9031097412e+02 7.9050402832e+02 7.9077502441e+02 7.9111401367e+02 7.9140301514e+02 7.9157598877e+02 7.9174298096e+02 7.9204699707e+02 7.9243200684e+02 7.9277099609e+02 7.9297998047e+02 7.9318597412e+02 7.9341900635e+02 7.9372698975e+02 7.9402001953e+02 7.9425097656e+02 7.9451800537e+02 7.9481500244e+02 7.9512097168e+02 7.9535498047e+02 7.9556799316e+02
7.8387799072e+02 7.8411798096e+02 7.8433801270e+02 7.8465399170e+02 7.8484997559e+02 7.8508599854e+02 7.8535900879e+02 7.8553900146e+02 7.8577398682e+02 7.8602502441e+02 7.8622302246e+02 7.8643402100e+02 7.8665197754e+02 7.8688800049e+02 7.8721002197e+02 7.8769500732e+02 7.8794897461e+02 7.8811602783e+02 7.8830603027e+02 7.8860101318e+02 7.8889599609e+02 7.8917401123e+02 7.8948901367e+02 7.8976098633e+02 7.8996301270e+02 7.9017401123e+02 7.9041802979e+02 7.9068798828e+02 7.9099102783e+02 7.9125500488e+02 7.9145098877e+02 7.9163598633e+02 7.9192401123e+02 7.9227502441e+02 7.9256402588e+02 7.9277197266e+02 7.9302001953e+02 7.9324902344e+02 7.9350097656e+02 7.9380200195e+02 7.9408502197e+02 7.9436700439e+02 7.9464501953e+02 7.9498199463e+02 7.9524499512e+02 7.9543701172e+02
7.8373101807e+02 7.8398699951e+02 7.8422601318e+02 7.8450402832e+02 7.8471301270e+02 7.8494396973e+02 7.8518798828e+02 7.8541601563e+02 7.8567797852e+02 7.8592297363e+02 7.8612200928e+02 7.8633300781e+02 7.8655700684e+02 7.8679602051e+02 7.8708398438e+02 7.8752502441e+02 7.8777001953e+02 7.8791302490e+02 7.8811999512e+02 7.8845397949e+02 7.8878198242e+02 7.8905200195e+02 7.8932397461e+02 7.8962500000e+02 7.8982098389e+02 7.9001800537e+02 7.9029602051e+02 7.9059100342e+02 7.9086901855e+02 7.9110699463e+02 7.9129797363e+02 7.9150097656e+02 7.9180102539e+02 7.9214202881e+02 7.9239599609e+02 7.9260998535e+02 7.9288397217e+02 7.9310797119e+02 7.9332098389e+02 7.9358801270e+02 7.9386199951e+02 7.9413500977e+02 7.9439697266e+02 7.9475598145e+02 7.9508398438e+02 7.9529400635e+02
7.8360601807e+02 7.8382501221e+02 7.8407897949e+02 7.8431701660e+02 7.8451202393e+02 7.8472900391e+02 7.8496600342e+02 7.8522497559e+02 7.8550402832e+02 7.8575897217e+02 7.8599798584e+02 7.8625299072e+02 7.8647998047e+02 7.8670599365e+02 7.8695202637e+02 7.8728302002e+02 7.8756298828e+02 7.8776397705e+02 7.8797900391e+02 7.8829498291e+02 7.8865698242e+02 7.8896099854e+02 7.8919702148e+02 7.8945697021e+02 7.8968200684e+02 7.8988897705e+02 7.9016497803e+02 7.9045501709e+02 7.9072900391e+02 7.9095501709e+02 7.9112701416e+02 7.9134399414e+02 7.9165197754e+02 7.9196197510e+02 7.9217401123e+02 7.9239202881e+02 7.9270300293e+02 7.9295098877e+02 7.9315502930e+02 7.9339898682e+02 7.9365502930e+02 7.9392797852e+02 7.9417102051e+02 7.9450897217e+02 7.9486999512e+02 7.9510900879e+02
7.8353100586e+02 7.8369396973e+02 7.8393902588e+02 7.8414599609e+02 7.8430999756e+02 7.8449597168e+02 7.8473999023e+02 7.8502001953e+02 7.8528997803e+02 7.8554400635e+02 7.8582897949e+02 7.8614801025e+02 7.8637500000e+02 7.8658099365e+02 7.8682598877e+02 7.8708502197e+02 7.8738000488e+02 7.8765197754e+02 7.8789501953e+02 7.8817199707e+02 7.8853497314e+02 7.8887402344e+02 7.8912097168e+02 7.8933197021e+02 7.8955798340e+02 7.8975097656e+02 7.9000299072e+02 7.9028900146e+02 7.9058001709e+02 7.9082000732e+02 7.9098498535e+02 7.9119702148e+02 7.9148101807e+02 7.9174597168e+02 7.9193298340e+02 7.9215002441e+02 7.9248699951e+02 7.9275598145e+02 7.9296002197e+02 7.9319799805e+02 7.9345501709e+02 7.9374597168e+02 7.9400402832e+02 7.9431298828e+02 7.9465997314e+02 7.9491198730e+02
7.8346899414e+02 7.8360601807e+02 7.8381799316e+02 7.8407098389e+02 7.8422100830e+02 7.8436199951e+02 7.8459301758e+02 7.8487200928e+02 7.8511499023e+02 7.8535900879e+02 7.8569097900e+02 7.8603002930e+02 7.8625097656e+02 7.8643701172e+02 7.8667102051e+02 7.8693902588e+02 7.8719000244e+02 7.8747302246e+02 7.8777301025e+02 7.8805200195e+02 7.8836602783e+02 7.8868902588e+02 7.8897302246e+02 7.8920300293e+02 7.8940100098e+02 7.8958001709e+02 7.8982897949e+02 7.9010498047e+02 7.9041497803e+02 7.9068298340e+02 7.9086102295e+02 7.9103497314e+02 7.9125000000e+02 7.9148199463e+02 7.9170800781e+02 7.9190301514e+02 7.9220800781e+02 7.9250000000e+02 7.9276800537e+02 7.9300000000e+02 7.9325402832e+02 7.9355700684e+02 7.9385998535e+02 7.9411297607e+02 7.9441900635e+02 7.9468902588e+02
7.8334698486e+02 7.8351898193e+02 7.8371502686e+02 7.8398297119e+02 7.8415502930e+02 7.8430499268e+02 7.8453198242e+02 7.8480700684e+02 7.8503698730e+02 7.8527899170e+02 7.8558502197e+02 7.8589898682e+02 7.8611401367e+02 7.8630200195e+02 7.8652301025e+02 7.8678698730e+02 7.8704400635e+02 7.8729998779e+02 7.8760498047e+02 7.8791198730e+02 7.8820501709e+02 7.8849798584e+02 7.8880297852e+02 7.8907202148e+02 7.8928198242e+02 7.8947100830e+02 7.8963500977e+02 7.8988500977e+02 7.9020697021e+02 7.9050097656e+02 7.9072497559e+02 7.9089099121e+02 7.9103802490e+02 7.9122198486e+02 7.9144799805e+02 7.9166900635e+02 7.9192102051e+02 7.9221997070e+02 7.9253802490e+02 7.9282598877e+02 7.9309899902e+02 7.9339300537e+02 7.9365997314e+02 7.9395800781e+02 7.9429400635e+02 7.9455700684e+02
7.8320599365e+02 7.8341601563e+02 7.8360498047e+02 7.8385601807e+02 7.8407800293e+02 7.8427600098e+02 7.8449102783e+02 7.8475402832e+02 7.8498400879e+02 7.8523297119e+02 7.8553497314e+02 7.8582397461e+02 7.8602197266e+02 7.8619201660e+02 7.8640197754e+02 7.8665802002e+02 7.8690600586e+02 7.8714501953e+02 7.8743597412e+02 7.8774401855e+02 7.8803698730e+02 7.8831201172e+02 7.8858300781e+02 7.8882397461e+02 7.8904302979e+02 7.8924798584e+02 7.8940100098e+02 7.8964801025e+02 7.8995697021e+02 7.9024102783e+02 7.9047601318e+02 7.9066302490e+02 7.9080200195e+02 7.9096002197e+02 7.9116900635e+02 7.9141198730e+02 7.9163397217e+02 7.9192999268e+02 7.9228002930e+02 7.9257397461e+02 7.9288897705e+02 7.9322998047e+02 7.9350402832e+02 7.9381500244e+02 7.9417199707e+02 7.9442498779e+02
7.8308197021e+02 7.8329797363e+02 7.8348498535e+02 7.8372302246e+02 7.8399102783e+02 7.8424298096e+02 7.8445397949e+02 7.8469598389e+02 7.8493701172e+02 7.8521301270e+02 7.8554400635e+02 7.8583099365e+02 7.8600897217e+02 7.8614398193e+02 7.8632000732e+02 7.8653198242e+02 7.8674902344e+02 7.8698297119e+02 7.8727801514e+02 7.8757897949e+02 7.8784997559e+02 7.8808801270e+02 7.8829998779e+02 7.8850402832e+02 7.8871197510e+02 7.8892700195e+02 7.8914300537e+02 7.8940802002e+02 7.8969299316e+02 7.8995001221e+02 7.9016998291e+02 7.9039099121e+02 7.9056097412e+02 7.9071502686e+02 7.9090197754e+02 7.9114099121e+02 7.9135699463e+02 7.9167401123e+02 7.9203900146e+02 7.9232501221e+02 7.9266400146e+02 7.9307098389e+02 7.9337799072e+02 7.9365698242e+02 7.9400500488e+02 7.9425598145e+02
7.8296099854e+02 7.8315698242e+02 7.8335302734e+02 7.8359100342e+02 7.8385998535e+02 7.8414099121e+02 7.8439697266e+02 7.8463897705e+02 7.8489300537e+02 7.8520397949e+02 7.8556500244e+02 7.8583801270e+02 7.8602697754e+02 7.8615301514e+02 7.8629797363e+02 7.8646801758e+02 7.8665899658e+02 7.8688897705e+02 7.8715600586e+02 7.8744897461e+02 7.8767401123e+02 7.8785900879e+02 7.8802899170e+02 7.8826599121e+02 7.8846099854e+02 7.8866601563e+02 7.8892297363e+02 7.8920300293e+02 7.8947698975e+02 7.8972601318e+02 7.8996801758e+02 7.9021099854e+02 7.9040997314e+02 7.9054602051e+02 7.9068798828e+02 7.9093902588e+02 7.9115502930e+02 7.9145898438e+02 7.9180700684e+02 7.9213000488e+02 7.9247198486e+02 7.9291101074e+02 7.9326599121e+02 7.9351501465e+02 7.9382000732e+02 7.9406201172e+02
7.8282702637e+02 7.8303900146e+02 7.8323101807e+02 7.8345397949e+02 7.8369702148e+02 7.8396801758e+02 7.8427801514e+02 7.8459002686e+02 7.8484899902e+02 7.8514599609e+02 7.8549499512e+02 7.8576800537e+02 7.8595501709e+02 7.8613800049e+02 7.8635498047e+02 7.8651300049e+02 7.8665802002e+02 7.8686401367e+02 7.8711199951e+02 7.8737200928e+02 7.8756298828e+02 7.8772100830e+02 7.8787701416e+02 7.8810498047e+02 7.8830200195e+02 7.8852600098e+02 7.8878698730e+02 7.8903900146e+02 7.8931201172e+02 7.8959002686e+02 7.8985302734e+02 7.9011999512e+02 7.9031701660e+02 7.9042797852e+02 7.9052001953e+02 7.9074902344e+02 7.9099200439e+02 7.9127697754e+02 7.9160498047e+02 7.9190002441e+02 7.9222900391e+02 7.9269000244e+02 7.9311999512e+02 7.9337500000e+02 7.9364398193e+02 7.9387097168e+02
7.8265399170e+02 7.8287097168e+02 7.8309100342e+02 7.8332897949e+02 7.8356597900e+02 7.8382598877e+02 7.8413201904e+02 7.8445501709e+02 7.8471697998e+02 7.8502301025e+02 7.8541699219e+02 7.8571502686e+02 7.8587799072e+02 7.8608398438e+02 7.8635198975e+02 7.8653002930e+02 7.8667401123e+02 7.8688598633e+02 7.8711499023e+02 7.8733697510e+02 7.8750299072e+02 7.8763098145e+02 7.8775701904e+02 7.8797497559e+02 7.8820001221e+02 7.8846197510e+02 7.8871997070e+02 7.8894299316e+02 7.8919598389e+02 7.8946502686e+02 7.8975000000e+02 7.9003997803e+02 7.9024597168e+02 7.9035498047e+02 7.9041497803e+02 7.9060699463e+02 7.9085400391e+02 7.9113598633e+02 7.9144500732e+02 7.9172998047e+02 7.9204602051e+02 7.9248797607e+02 7.9293701172e+02 7.9322698975e+02 7.9351501465e+02 7.9376898193e+02
7.8247497559e+02 7.8267999268e+02 7.8292602539e+02 7.8318902588e+02 7.8344702148e+02 7.8371600342e+02 7.8399902344e+02 7.8430102539e+02 7.8456799316e+02 7.8488299561e+02 7.8527099609e+02 7.8556097412e+02 7.8574401855e+02 7.8597900391e+02 7.8626202393e+02 7.8646899414e+02 7.8664801025e+02 7.8688098145e+02 7.8709600830e+02 7.8728497314e+02 7.8743103027e+02 7.8755200195e+02 7.8769000244e+02 7.8791400146e+02 7.8815600586e+02 7.8844396973e+02 7.8871197510e+02 7.8892199707e+02 7.8914202881e+02 7.8938098145e+02 7.8965399170e+02 7.8995098877e+02 7.9017297363e+02 7.9029797363e+02 7.9037402344e+02 7.9054498291e+02 7.9075500488e+02 7.9101202393e+02 7.9130999756e+02 7.9162597656e+02 7.9195397949e+02 7.9234997559e+02 7.9276898193e+02 7.9310601807e+02 7.9340600586e+02 7.9366302490e+02
