TESTSERVER/20/1.asc
NCOLS 100
NROWS 100
XLLCORNER 8.4997500000e+03
YLLCORNER 2.8990025000e+05
CELLSIZE 5.0000000000e-01
NODATA_VALUE -9.9990000000e+03
[rows 0 to 19 of 100, columns 0 to 45 of 100]
7.7736401367e+02 7.7763500977e+02 7.7785998535e+02 7.7809399414e+02 7.7830999756e+02 7.7853997803e+02 7.7884100342e+02 7.7909399414e+02 7.7926599121e+02 7.7944702148e+02 7.7970800781e+02 7.7998999023e+02 7.8016802979e+02 7.8034100342e+02 7.8056298828e+02 7.8081298828e+02 7.8109698486e+02 7.8141699219e+02 7.8165100098e+02 7.8184100342e+02 7.8202099609e+02 7.8221398926e+02 7.8237097168e+02 7.8254302979e+02 7.8278997803e+02 7.8303497314e+02 7.8328399658e+02 7.8350897217e+02 7.8373498535e+02 7.8396997070e+02 7.8421697998e+02 7.8447198486e+02 7.8475897217e+02 7.8506896973e+02 7.8540002441e+02 7.8573602295e+02 7.8604199219e+02 7.8635400391e+02 7.8668402100e+02 7.8696398926e+02 7.8722302246e+02 7.8746697998e+02 7.8760699463e+02 7.8770800781e+02 7.8781896973e+02 7.8793298340e+02
7.7716998291e+02 7.7748999023e+02 7.7774798584e+02 7.7797698975e+02 7.7813500977e+02 7.7830297852e+02 7.7856799316e+02 7.7881201172e+02 7.7898498535e+02 7.7910900879e+02 7.7932702637e+02 7.7961102295e+02 7.7981298828e+02 7.8002099609e+02 7.8027899170e+02 7.8047998047e+02 7.8073699951e+02 7.8106402588e+02 7.8134002686e+02 7.8158099365e+02 7.8181201172e+02 7.8204998779e+02 7.8228497314e+02 7.8251501465e+02 7.8279302979e+02 7.8308599854e+02 7.8335400391e+02 7.8360302734e+02 7.8383801270e+02 7.8408001709e+02 7.8429901123e+02 7.8451702881e+02 7.8477899170e+02 7.8508697510e+02 7.8541400146e+02 7.8574597168e+02 7.8602502441e+02 7.8631402588e+02 7.8661999512e+02 7.8690502930e+02 7.8715301514e+02 7.8739099121e+02 7.8759802246e+02 7.8780798340e+02 7.8801000977e+02 7.8822900391e+02
7.7698797607e+02 7.7728900146e+02 7.7756799316e+02 7.7782098389e+02 7.7797198486e+02 7.7810198975e+02 7.7832000732e+02 7.7853900146e+02 7.7866497803e+02 7.7873999023e+02 7.7891101074e+02 7.7914501953e+02 7.7935699463e+02 7.7966101074e+02 7.7996502686e+02 7.8017999268e+02 7.8044598389e+02 7.8079199219e+02 7.8111401367e+02 7.8140997314e+02 7.8167602539e+02 7.8196697998e+02 7.8227697754e+02 7.8253698730e+02 7.8283300781e+02 7.8315802002e+02 7.8344097900e+02 7.8368499756e+02 7.8390899658e+02 7.8415399170e+02 7.8435601807e+02 7.8452801514e+02 7.8472497559e+02 7.8503601074e+02 7.8537597656e+02 7.8569396973e+02 7.8596502686e+02 7.8625500488e+02 7.8655999756e+02 7.8684802246e+02 7.8709497070e+02 7.8733898926e+02 7.8759399414e+02 7.8785900879e+02 7.8809002686e+02 7.8837597656e+02
7.7676898193e+02 7.7704101563e+02 7.7734399414e+02 7.7764001465e+02 7.7779101563e+02 7.7787701416e+02 7.7803997803e+02 7.7820898438e+02 7.7829101563e+02 7.7838299561e+02 7.7853302002e+02 7.7873400879e+02 7.7894500732e+02 7.7929302979e+02 7.7962402344e+02 7.7990399170e+02 7.8025097656e+02 7.8062402344e+02 7.8098999023e+02 7.8132800293e+02 7.8162701416e+02 7.8197698975e+02 7.8232800293e+02 7.8258599854e+02 7.8285998535e+02 7.8320202637e+02 7.8349798584e+02 7.8373602295e+02 7.8394299316e+02 7.8418902588e+02 7.8438201904e+02 7.8451702881e+02 7.8463299561e+02 7.8490399170e+02 7.8522998047e+02 7.8553900146e+02 7.8583697510e+02 7.8616601563e+02 7.8648797607e+02 7.8678198242e+02 7.8703302002e+02 7.8730102539e+02 7.8758099365e+02 7.8783099365e+02 7.8801898193e+02 7.8828997803e+02
7.7650897217e+02 7.7678399658e+02 7.7711602783e+02 7.7742401123e+02 7.7756097412e+02 7.7762799072e+02 7.7774700928e+02 7.7786102295e+02 7.7789697266e+02 7.7801800537e+02 7.7817498779e+02 7.7841699219e+02 7.7872198486e+02 7.7906597900e+02 7.7941101074e+02 7.7976599121e+02 7.8016601563e+02 7.8058398438e+02 7.8096600342e+02 7.8130499268e+02 7.8161297607e+02 7.8196301270e+02 7.8232098389e+02 7.8258099365e+02 7.8283697510e+02 7.8316400146e+02 7.8349102783e+02 7.8376000977e+02 7.8397900391e+02 7.8421301270e+02 7.8440399170e+02 7.8452197266e+02 7.8461297607e+02 7.8480902100e+02 7.8504699707e+02 7.8532299805e+02 7.8566601563e+02 7.8605401611e+02 7.8640399170e+02 7.8670098877e+02 7.8692401123e+02 7.8720898438e+02 7.8749902344e+02 7.8773400879e+02 7.8792498779e+02 7.8817401123e+02
7.7629602051e+02 7.7658502197e+02 7.7691601563e+02 7.7721801758e+02 7.7738800049e+02 7.7744598389e+02 7.7751000977e+02 7.7758502197e+02 7.7763800049e+02 7.7775299072e+02 7.7792999268e+02 7.7823101807e+02 7.7861499023e+02 7.7894598389e+02 7.7932501221e+02 7.7974499512e+02 7.8018597412e+02 7.8063098145e+02 7.8098498535e+02 7.8128002930e+02 7.8156298828e+02 7.8189099121e+02 7.8223400879e+02 7.8250500488e+02 7.8275799561e+02 7.8309100342e+02 7.8345898438e+02 7.8377899170e+02 7.8402801514e+02 7.8426800537e+02 7.8445397949e+02 7.8456896973e+02 7.8465502930e+02 7.8480902100e+02 7.8497601318e+02 7.8518902588e+02 7.8554101563e+02 7.8596801758e+02 7.8632501221e+02 7.8661401367e+02 7.8683099365e+02 7.8708197021e+02 7.8736297607e+02 7.8762298584e+02 7.8784399414e+02 7.8809197998e+02
7.7613397217e+02 7.7641802979e+02 7.7672900391e+02 7.7701397705e+02 7.7719598389e+02 7.7727502441e+02 7.7732702637e+02 7.7740301514e+02 7.7751000977e+02 7.7766900635e+02 7.7787597656e+02 7.7821697998e+02 7.7862097168e+02 7.7896197510e+02 7.7937500000e+02 7.7982202148e+02 7.8026898193e+02 7.8069201660e+02 7.8101000977e+02 7.8127001953e+02 7.8154302979e+02 7.8184802246e+02 7.8215002441e+02 7.8241601563e+02 7.8269097900e+02 7.8307202148e+02 7.8345599365e+02 7.8377197266e+02 7.8401300049e+02 7.8425598145e+02 7.8445599365e+02 7.8459802246e+02 7.8470001221e+02 7.8483300781e+02 7.8498699951e+02 7.8517901611e+02 7.8549700928e+02 7.8591302490e+02 7.8626300049e+02 7.8654400635e+02 7.8675897217e+02 7.8697399902e+02 7.8722900391e+02 7.8750201416e+02 7.8775299072e+02 7.8799298096e+02
7.7595202637e+02 7.7620800781e+02 7.7650402832e+02 7.7678497314e+02 7.7697601318e+02 7.7709197998e+02 7.7719396973e+02 7.7732501221e+02 7.7748797607e+02 7.7766998291e+02 7.7788800049e+02 7.7822900391e+02 7.7863897705e+02 7.7903302002e+02 7.7947302246e+02 7.7992999268e+02 7.8035601807e+02 7.8073699951e+02 7.8102197266e+02 7.8126000977e+02 7.8154602051e+02 7.8184997559e+02 7.8211401367e+02 7.8236499023e+02 7.8263299561e+02 7.8303900146e+02 7.8341699219e+02 7.8369799805e+02 7.8391497803e+02 7.8415502930e+02 7.8437799072e+02 7.8456201172e+02 7.8469702148e+02 7.8484497070e+02 7.8502301025e+02 7.8522900391e+02 7.8551397705e+02 7.8588598633e+02 7.8621502686e+02 7.8648199463e+02 7.8669799805e+02 7.8687701416e+02 7.8709802246e+02 7.8736901855e+02 7.8764599609e+02 7.8787597656e+02
7.7569000244e+02 7.7591601563e+02 7.7620397949e+02 7.7649597168e+02 7.7672601318e+02 7.7692102051e+02 7.7712500000e+02 7.7732897949e+02 7.7750500488e+02 7.7766998291e+02 7.7790399170e+02 7.7823797607e+02 7.7861999512e+02 7.7905700684e+02 7.7952899170e+02 7.7998901367e+02 7.8037500000e+02 7.8071502686e+02 7.8099499512e+02 7.8122601318e+02 7.8146899414e+02 7.8180499268e+02 7.8206500244e+02 7.8232397461e+02 7.8260699463e+02 7.8294799805e+02 7.8330297852e+02 7.8357800293e+02 7.8380499268e+02 7.8401397705e+02 7.8423400879e+02 7.8444097900e+02 7.8461700439e+02 7.8481097412e+02 7.8501800537e+02 7.8524597168e+02 7.8552099609e+02 7.8584197998e+02 7.8614001465e+02 7.8640600586e+02 7.8663098145e+02 7.8679302979e+02 7.8697399902e+02 7.8723999023e+02 7.8753997803e+02 7.8774597168e+02
7.7545697021e+02 7.7564300537e+02 7.7590997314e+02 7.7621301270e+02 7.7648602295e+02 7.7676397705e+02 7.7708398438e+02 7.7734899902e+02 7.7752398682e+02 7.7767797852e+02 7.7790600586e+02 7.7824102783e+02 7.7862298584e+02 7.7904998779e+02 7.7953601074e+02 7.7996997070e+02 7.8027697754e+02 7.8058197021e+02 7.8087902832e+02 7.8112200928e+02 7.8137097168e+02 7.8169799805e+02 7.8196899414e+02 7.8223999023e+02 7.8252600098e+02 7.8282598877e+02 7.8315600586e+02 7.8343597412e+02 7.8366601563e+02 7.8387097168e+02 7.8406701660e+02 7.8427697754e+02 7.8447998047e+02 7.8470001221e+02 7.8494396973e+02 7.8521398926e+02 7.8551300049e+02 7.8580603027e+02 7.8607702637e+02 7.8633398438e+02 7.8655297852e+02 7.8668402100e+02 7.8683001709e+02 7.8710998535e+02 7.8744702148e+02 7.8764599609e+02
7.7520300293e+02 7.7538299561e+02 7.7567700195e+02 7.7601800537e+02 7.7631597900e+02 7.7662500000e+02 7.7696997070e+02 7.7725897217e+02 7.7746600342e+02 7.7764300537e+02 7.7787597656e+02 7.7821697998e+02 7.7861499023e+02 7.7906097412e+02 7.7952899170e+02 7.7991900635e+02 7.8018103027e+02 7.8044500732e+02 7.8071197510e+02 7.8095300293e+02 7.8122399902e+02 7.8159197998e+02 7.8185900879e+02 7.8212799072e+02 7.8242102051e+02 7.8267999268e+02 7.8300299072e+02 7.8329498291e+02 7.8351501465e+02 7.8369201660e+02 7.8388299561e+02 7.8411602783e+02 7.8435400391e+02 7.8459002686e+02 7.8485699463e+02 7.8516998291e+02 7.8551702881e+02 7.8581402588e+02 7.8606097412e+02 7.8629101563e+02 7.8649902344e+02 7.8661297607e+02 7.8675897217e+02 7.8705798340e+02 7.8741601563e+02 7.8762902832e+02
7.7501098633e+02 7.7520898438e+02 7.7554498291e+02 7.7592602539e+02 7.7623297119e+02 7.7652398682e+02 7.7683502197e+02 7.7713098145e+02 7.7739099121e+02 7.7760302734e+02 7.7784802246e+02 7.7818902588e+02 7.7860101318e+02 7.7904797363e+02 7.7947802734e+02 7.7983001709e+02 7.8009002686e+02 7.8033697510e+02 7.8055902100e+02 7.8077697754e+02 7.8105902100e+02 7.8146002197e+02 7.8172601318e+02 7.8200299072e+02 7.8230499268e+02 7.8252301025e+02 7.8284399414e+02 7.8315802002e+02 7.8337597656e+02 7.8353002930e+02 7.8372601318e+02 7.8398498535e+02 7.8425701904e+02 7.8449200439e+02 7.8475897217e+02 7.8509600830e+02 7.8549499512e+02 7.8582299805e+02 7.8605700684e+02 7.8625799561e+02 7.8645898438e+02 7.8657800293e+02 7.8673699951e+02 7.8705102539e+02 7.8740997314e+02 7.8764697266e+02
7.7489898682e+02 7.7513598633e+02 7.7549200439e+02 7.7588397217e+02 7.7621099854e+02 7.7647998047e+02 7.7676000977e+02 7.7707299805e+02 7.7737597656e+02 7.7759197998e+02 7.7783502197e+02 7.7817199707e+02 7.7857202148e+02 7.7897399902e+02 7.7934301758e+02 7.7966699219e+02 7.7998797607e+02 7.8024499512e+02 7.8044396973e+02 7.8066302490e+02 7.8098498535e+02 7.8132000732e+02 7.8158898926e+02 7.8189099121e+02 7.8220501709e+02 7.8241302490e+02 7.8270202637e+02 7.8300402832e+02 7.8324200439e+02 7.8341198730e+02 7.8361901855e+02 7.8388201904e+02 7.8418103027e+02 7.8440802002e+02 7.8465899658e+02 7.8499700928e+02 7.8541998291e+02 7.8578497314e+02 7.8602398682e+02 7.8620800781e+02 7.8639300537e+02 7.8654302979e+02 7.8671099854e+02 7.8700201416e+02 7.8733300781e+02 7.8761700439e+02
7.7489202881e+02 7.7512799072e+02 7.7546600342e+02 7.7583502197e+02 7.7616998291e+02 7.7645202637e+02 7.7671099854e+02 7.7703002930e+02 7.7737097168e+02 7.7760198975e+02 7.7778997803e+02 7.7807800293e+02 7.7845898438e+02 7.7883099365e+02 7.7918103027e+02 7.7948999023e+02 7.7981500244e+02 7.8010101318e+02 7.8032501221e+02 7.8055999756e+02 7.8085900879e+02 7.8115899658e+02 7.8142498779e+02 7.8175097656e+02 7.8207000732e+02 7.8231701660e+02 7.8259899902e+02 7.8286798096e+02 7.8309197998e+02 7.8326898193e+02 7.8347802734e+02 7.8372497559e+02 7.8400402832e+02 7.8425500488e+02 7.8454400635e+02 7.8490600586e+02 7.8532202148e+02 7.8565600586e+02 7.8589898682e+02 7.8611199951e+02 7.8633197021e+02 7.8647998047e+02 7.8665997314e+02 7.8689801025e+02 7.8719799805e+02 7.8746301270e+02
7.7496502686e+02 7.7516699219e+02 7.7545501709e+02 7.7580999756e+02 7.7616302490e+02 7.7644201660e+02 7.7668701172e+02 7.7699102783e+02 7.7735699463e+02 7.7761499023e+02 7.7776702881e+02 7.7798400879e+02 7.7832000732e+02 7.7868798828e+02 7.7901702881e+02 7.7930499268e+02 7.7960900879e+02 7.7989801025e+02 7.8017199707e+02 7.8042797852e+02 7.8072998047e+02 7.8101300049e+02 7.8126202393e+02 7.8157702637e+02 7.8190899658e+02 7.8220300293e+02 7.8248797607e+02 7.8273797607e+02 7.8294702148e+02 7.8312500000e+02 7.8332702637e+02 7.8355603027e+02 7.8380700684e+02 7.8408801270e+02 7.8442297363e+02 7.8481298828e+02 7.8520501709e+02 7.8551098633e+02 7.8576898193e+02 7.8601202393e+02 7.8626300049e+02 7.8640100098e+02 7.8662402344e+02 7.8685498047e+02 7.8708898926e+02 7.8735498047e+02
7.7503698730e+02 7.7524798584e+02 7.7552398682e+02 7.7584899902e+02 7.7614398193e+02 7.7638800049e+02 7.7664501953e+02 7.7695300293e+02 7.7731701660e+02 7.7760498047e+02 7.7776098633e+02 7.7792797852e+02 7.7819702148e+02 7.7856799316e+02 7.7888598633e+02 7.7915600586e+02 7.7944702148e+02 7.7973101807e+02 7.8000799561e+02 7.8025701904e+02 7.8055798340e+02 7.8084399414e+02 7.8106500244e+02 7.8135198975e+02 7.8170098877e+02 7.8201000977e+02 7.8230499268e+02 7.8257299805e+02 7.8280401611e+02 7.8298901367e+02 7.8318499756e+02 7.8339501953e+02 7.8361901855e+02 7.8392297363e+02 7.8428997803e+02 7.8469299316e+02 7.8507501221e+02 7.8538299561e+02 7.8565002441e+02 7.8590197754e+02 7.8615399170e+02 7.8629498291e+02 7.8652197266e+02 7.8673901367e+02 7.8696301270e+02 7.8722198486e+02
7.7502197266e+02 7.7527697754e+02 7.7554797363e+02 7.7581402588e+02 7.7603002930e+02 7.7624401855e+02 7.7652502441e+02 7.7685797119e+02 7.7719299316e+02 7.7751300049e+02 7.7772302246e+02 7.7788702393e+02 7.7804699707e+02 7.7840399170e+02 7.7874597168e+02 7.7902697754e+02 7.7934197998e+02 7.7964599609e+02 7.7987597656e+02 7.8009497070e+02 7.8035302734e+02 7.8064501953e+02 7.8087097168e+02 7.8115600586e+02 7.8148400879e+02 7.8176098633e+02 7.8206597900e+02 7.8237500000e+02 7.8265802002e+02 7.8285998535e+02 7.8305700684e+02 7.8326202393e+02 7.8348400879e+02 7.8378601074e+02 7.8415002441e+02 7.8453302002e+02 7.8490600586e+02 7.8524298096e+02 7.8550701904e+02 7.8575598145e+02 7.8599401855e+02 7.8617700195e+02 7.8637402344e+02 7.8658801270e+02 7.8685998535e+02 7.8709698486e+02
7.7498199463e+02 7.7521899414e+02 7.7545001221e+02 7.7569000244e+02 7.7589099121e+02 7.7606701660e+02 7.7632800293e+02 7.7667102051e+02 7.7704400635e+02 7.7734899902e+02 7.7761401367e+02 7.7783099365e+02 7.7799298096e+02 7.7826501465e+02 7.7857598877e+02 7.7884399414e+02 7.7918798828e+02 7.7952099609e+02 7.7974401855e+02 7.8001397705e+02 7.8026599121e+02 7.8049597168e+02 7.8072198486e+02 7.8103100586e+02 7.8131597900e+02 7.8158300781e+02 7.8188397217e+02 7.8220697021e+02 7.8252001953e+02 7.8273797607e+02 7.8294799805e+02 7.8316802979e+02 7.8341302490e+02 7.8371197510e+02 7.8403802490e+02 7.8437701416e+02 7.8471002197e+02 7.8502197266e+02 7.8528997803e+02 7.8554498291e+02 7.8578601074e+02 7.8597998047e+02 7.8619799805e+02 7.8644702148e+02 7.8674700928e+02 7.8705499268e+02
7.7489099121e+02 7.7515997314e+02 7.7536499023e+02 7.7556500244e+02 7.7577301025e+02 7.7596899414e+02 7.7621301270e+02 7.7653601074e+02 7.7691198730e+02 7.7721301270e+02 7.7752197266e+02 7.7778497314e+02 7.7794799805e+02 7.7815997314e+02 7.7845001221e+02 7.7871002197e+02 7.7901098633e+02 7.7934802246e+02 7.7962701416e+02 7.7993798828e+02 7.8020898438e+02 7.8038000488e+02 7.8057397461e+02 7.8087500000e+02 7.8116601563e+02 7.8143798828e+02 7.8174499512e+02 7.8207299805e+02 7.8239501953e+02 7.8263598633e+02 7.8286999512e+02 7.8311199951e+02 7.8337200928e+02 7.8365002441e+02 7.8393902588e+02 7.8423199463e+02 7.8451898193e+02 7.8481298828e+02 7.8508697510e+02 7.8535302734e+02 7.8559002686e+02 7.8578302002e+02 7.8600897217e+02 7.8623400879e+02 7.8650701904e+02 7.8689001465e+02
7.7478198242e+02 7.7511297607e+02 7.7532000732e+02 7.7548297119e+02 7.7569097900e+02 7.7595599365e+02 7.7620098877e+02 7.7647698975e+02 7.7680700684e+02 7.7711102295e+02 7.7745800781e+02 7.7775897217e+02 7.7791699219e+02 7.7807598877e+02 7.7834698486e+02 7.7860400391e+02 7.7887200928e+02 7.7920697021e+02 7.7950402832e+02 7.7978399658e+02 7.8008502197e+02 7.8025201416e+02 7.8044598389e+02 7.8073602295e+02 7.8102001953e+02 7.8131298828e+02 7.8162902832e+02 7.8195697021e+02 7.8227801514e+02 7.8254101563e+02 7.8279998779e+02 7.8306597900e+02 7.8333898926e+02 7.8360302734e+02 7.8386199951e+02 7.8411297607e+02 7.8436199951e+02 7.8463500977e+02 7.8491400146e+02 7.8518402100e+02 7.8540997314e+02 7.8559497070e+02 7.8582897949e+02 7.8603399658e+02 7.8625201416e+02 7.8662799072e+02
