TESTSERVER/20/10.asc
NCOLS 100
NROWS 100
XLLCORNER 8.4997500000e+03
YLLCORNER 2.8945025000e+05
CELLSIZE 5.0000000000e-01
NODATA_VALUE -9.9990000000e+03
[rows 0 to 19 of 100, columns 46 to 91 of 100]
6.5436499023e+02 6.5441699219e+02 6.5492999268e+02 6.5569299316e+02 6.5639501953e+02 6.5694299316e+02 6.5738702393e+02 6.5772302246e+02 6.5783197021e+02 6.5786199951e+02 6.5794396973e+02 6.5818798828e+02 6.5851098633e+02 6.5880200195e+02 6.5902398682e+02 6.5915698242e+02 6.5923297119e+02 6.5936901855e+02 6.5957299805e+02 6.5964300537e+02 6.5970697021e+02 6.5984698486e+02 6.6011798096e+02 6.6025500488e+02 6.6035699463e+02 6.6048602295e+02 6.6060797119e+02 6.6078399658e+02 6.6088397217e+02 6.6089501953e+02 6.6094500732e+02 6.6107897949e+02 6.6118200684e+02 6.6124298096e+02 6.6130499268e+02 6.6135699463e+02 6.6145599365e+02 6.6153900146e+02 6.6160198975e+02 6.6171099854e+02 6.6182202148e+02 6.6190197754e+02 6.6198297119e+02 6.6203802490e+02 6.6208099365e+02 6.6219799805e+02
6.5411798096e+02 6.5424902344e+02 6.5488800049e+02 6.5567901611e+02 6.5640600586e+02 6.5697497559e+02 6.5737701416e+02 6.5768499756e+02 6.5776202393e+02 6.5778698730e+02 6.5788000488e+02 6.5816302490e+02 6.5849499512e+02 6.5872497559e+02 6.5889898682e+02 6.5907098389e+02 6.5916101074e+02 6.5922497559e+02 6.5937200928e+02 6.5951800537e+02 6.5962701416e+02 6.5977197266e+02 6.6004101563e+02 6.6023901367e+02 6.6030200195e+02 6.6038897705e+02 6.6046099854e+02 6.6055999756e+02 6.6065502930e+02 6.6072100830e+02 6.6079199219e+02 6.6090502930e+02 6.6101898193e+02 6.6111297607e+02 6.6119500732e+02 6.6124597168e+02 6.6130603027e+02 6.6135998535e+02 6.6142797852e+02 6.6153900146e+02 6.6165802002e+02 6.6174401855e+02 6.6178497314e+02 6.6181597900e+02 6.6191802979e+02 6.6204602051e+02
6.5411297607e+02 6.5425799561e+02 6.5488897705e+02 6.5563897705e+02 6.5635400391e+02 6.5694097900e+02 6.5735699463e+02 6.5761700439e+02 6.5768499756e+02 6.5772900391e+02 6.5783801270e+02 6.5817498779e+02 6.5850799561e+02 6.5867602539e+02 6.5878302002e+02 6.5896301270e+02 6.5910400391e+02 6.5913201904e+02 6.5918701172e+02 6.5936700439e+02 6.5949499512e+02 6.5965002441e+02 6.5994799805e+02 6.6018701172e+02 6.6024700928e+02 6.6031597900e+02 6.6037298584e+02 6.6039599609e+02 6.6044702148e+02 6.6058898926e+02 6.6071398926e+02 6.6076800537e+02 6.6087097168e+02 6.6095397949e+02 6.6103399658e+02 6.6109399414e+02 6.6115301514e+02 6.6119702148e+02 6.6124200439e+02 6.6135400391e+02 6.6148101807e+02 6.6155200195e+02 6.6157098389e+02 6.6161297607e+02 6.6174499512e+02 6.6186297607e+02
6.5423602295e+02 6.5441998291e+02 6.5495599365e+02 6.5558898926e+02 6.5626898193e+02 6.5686901855e+02 6.5732000732e+02 6.5753497314e+02 6.5760101318e+02 6.5766302490e+02 6.5779101563e+02 6.5817901611e+02 6.5851202393e+02 6.5863800049e+02 6.5870697021e+02 6.5887097168e+02 6.5902099609e+02 6.5905603027e+02 6.5908300781e+02 6.5926202393e+02 6.5944097900e+02 6.5964202881e+02 6.5993200684e+02 6.6013000488e+02 6.6015997314e+02 6.6021600342e+02 6.6030499268e+02 6.6032299805e+02 6.6031402588e+02 6.6044799805e+02 6.6060998535e+02 6.6068402100e+02 6.6073797607e+02 6.6074298096e+02 6.6084197998e+02 6.6095800781e+02 6.6105798340e+02 6.6110601807e+02 6.6108300781e+02 6.6117199707e+02 6.6129602051e+02 6.6134197998e+02 6.6134399414e+02 6.6141699219e+02 6.6155798340e+02 6.6165600586e+02
6.5435998535e+02 6.5466302490e+02 6.5515399170e+02 6.5565002441e+02 6.5625799561e+02 6.5684497070e+02 6.5728399658e+02 6.5744097900e+02 6.5750897217e+02 6.5757397461e+02 6.5770800781e+02 6.5812097168e+02 6.5845800781e+02 6.5856799316e+02 6.5862402344e+02 6.5880700684e+02 6.5892999268e+02 6.5898101807e+02 6.5902801514e+02 6.5918200684e+02 6.5942602539e+02 6.5966497803e+02 6.5980798340e+02 6.5991101074e+02 6.5996697998e+02 6.6001800537e+02 6.6006298828e+02 6.6014300537e+02 6.6015997314e+02 6.6026800537e+02 6.6045501709e+02 6.6059698486e+02 6.6065100098e+02 6.6064501953e+02 6.6067102051e+02 6.6073699951e+02 6.6084301758e+02 6.6094000244e+02 6.6096697998e+02 6.6101898193e+02 6.6110400391e+02 6.6112097168e+02 6.6112701416e+02 6.6126898193e+02 6.6141302490e+02 6.6148498535e+02
6.5430200195e+02 6.5481799316e+02 6.5537500000e+02 6.5577899170e+02 6.5628002930e+02 6.5681597900e+02 6.5721502686e+02 6.5734100342e+02 6.5740002441e+02 6.5745098877e+02 6.5760400391e+02 6.5807299805e+02 6.5844299316e+02 6.5855499268e+02 6.5862200928e+02 6.5877502441e+02 6.5888000488e+02 6.5894097900e+02 6.5897998047e+02 6.5907397461e+02 6.5933300781e+02 6.5963397217e+02 6.5978399658e+02 6.5984399414e+02 6.5989202881e+02 6.5992102051e+02 6.5991302490e+02 6.5997998047e+02 6.6006201172e+02 6.6017199707e+02 6.6033502197e+02 6.6049298096e+02 6.6053002930e+02 6.6053698730e+02 6.6058502197e+02 6.6059497070e+02 6.6062902832e+02 6.6070300293e+02 6.6077899170e+02 6.6084899902e+02 6.6091101074e+02 6.6093103027e+02 6.6096997070e+02 6.6112799072e+02 6.6125097656e+02 6.6130999756e+02
6.5422198486e+02 6.5490997314e+02 6.5553399658e+02 6.5588702393e+02 6.5632702637e+02 6.5679302979e+02 6.5714099121e+02 6.5725799561e+02 6.5733001709e+02 6.5739099121e+02 6.5756701660e+02 6.5801599121e+02 6.5839801025e+02 6.5858697510e+02 6.5867498779e+02 6.5875097656e+02 6.5885900879e+02 6.5894396973e+02 6.5895800781e+02 6.5895501709e+02 6.5915502930e+02 6.5947802734e+02 6.5971600342e+02 6.5979101563e+02 6.5980603027e+02 6.5984002686e+02 6.5984802246e+02 6.5989501953e+02 6.5997399902e+02 6.6006500244e+02 6.6016900635e+02 6.6025799561e+02 6.6027600098e+02 6.6033898926e+02 6.6045098877e+02 6.6048999023e+02 6.6052197266e+02 6.6054302979e+02 6.6056201172e+02 6.6061401367e+02 6.6066699219e+02 6.6070898438e+02 6.6080102539e+02 6.6095202637e+02 6.6105798340e+02 6.6113098145e+02
6.5427502441e+02 6.5504998779e+02 6.5567498779e+02 6.5605999756e+02 6.5648400879e+02 6.5685198975e+02 6.5707800293e+02 6.5720098877e+02 6.5729101563e+02 6.5735998535e+02 6.5756597900e+02 6.5795397949e+02 6.5831597900e+02 6.5857897949e+02 6.5870800781e+02 6.5874401855e+02 6.5886700439e+02 6.5898602295e+02 6.5899499512e+02 6.5890997314e+02 6.5901898193e+02 6.5928601074e+02 6.5952001953e+02 6.5956896973e+02 6.5959301758e+02 6.5967700195e+02 6.5974902344e+02 6.5979199219e+02 6.5983599854e+02 6.5989501953e+02 6.5998699951e+02 6.6001800537e+02 6.6002697754e+02 6.6013397217e+02 6.6023797607e+02 6.6030401611e+02 6.6039001465e+02 6.6040899658e+02 6.6038299561e+02 6.6039801025e+02 6.6043499756e+02 6.6050299072e+02 6.6063500977e+02 6.6074700928e+02 6.6084600830e+02 6.6096398926e+02
6.5459899902e+02 6.5534497070e+02 6.5589501953e+02 6.5630401611e+02 6.5668499756e+02 6.5691601563e+02 6.5700097656e+02 6.5712701416e+02 6.5720501709e+02 6.5728900146e+02 6.5756097412e+02 6.5792797852e+02 6.5823400879e+02 6.5849298096e+02 6.5865502930e+02 6.5875000000e+02 6.5889599609e+02 6.5902099609e+02 6.5907202148e+02 6.5894897461e+02 6.5900701904e+02 6.5918597412e+02 6.5929699707e+02 6.5931402588e+02 6.5938299561e+02 6.5948400879e+02 6.5957397461e+02 6.5964501953e+02 6.5966101074e+02 6.5968298340e+02 6.5979498291e+02 6.5984002686e+02 6.5982598877e+02 6.5991400146e+02 6.6002502441e+02 6.6010400391e+02 6.6019500732e+02 6.6024798584e+02 6.6025897217e+02 6.6020397949e+02 6.6021197510e+02 6.6031298828e+02 6.6044799805e+02 6.6052001953e+02 6.6062298584e+02 6.6079602051e+02
6.5506500244e+02 6.5568103027e+02 6.5614202881e+02 6.5649499512e+02 6.5672802734e+02 6.5686297607e+02 6.5692797852e+02 6.5704602051e+02 6.5710601807e+02 6.5722497559e+02 6.5756799316e+02 6.5791699219e+02 6.5817199707e+02 6.5838299561e+02 6.5855999756e+02 6.5868902588e+02 6.5883898926e+02 6.5893902588e+02 6.5893701172e+02 6.5889099121e+02 6.5896099854e+02 6.5911199951e+02 6.5918597412e+02 6.5922900391e+02 6.5924401855e+02 6.5922198486e+02 6.5926300049e+02 6.5944396973e+02 6.5948199463e+02 6.5941302490e+02 6.5942297363e+02 6.5951800537e+02 6.5951300049e+02 6.5964099121e+02 6.5974798584e+02 6.5980297852e+02 6.5986602783e+02 6.5997399902e+02 6.6005700684e+02 6.6002502441e+02 6.6002801514e+02 6.6013397217e+02 6.6025097656e+02 6.6031201172e+02 6.6040997314e+02 6.6059197998e+02
6.5534698486e+02 6.5583001709e+02 6.5627398682e+02 6.5652801514e+02 6.5666699219e+02 6.5675799561e+02 6.5684002686e+02 6.5695697021e+02 6.5705603027e+02 6.5726800537e+02 6.5764202881e+02 6.5794799805e+02 6.5814398193e+02 6.5829699707e+02 6.5844097900e+02 6.5855401611e+02 6.5868798828e+02 6.5875000000e+02 6.5864599609e+02 6.5867199707e+02 6.5877697754e+02 6.5886602783e+02 6.5890698242e+02 6.5896099854e+02 6.5891198730e+02 6.5883502197e+02 6.5885498047e+02 6.5900500488e+02 6.5905902100e+02 6.5901800537e+02 6.5903002930e+02 6.5911602783e+02 6.5914300537e+02 6.5925201416e+02 6.5935400391e+02 6.5941601563e+02 6.5949102783e+02 6.5961499023e+02 6.5974798584e+02 6.5979602051e+02 6.5984600830e+02 6.5994097900e+02 6.6003802490e+02 6.6010198975e+02 6.6020300293e+02 6.6035699463e+02
6.5548400879e+02 6.5587500000e+02 6.5632501221e+02 6.5651202393e+02 6.5660302734e+02 6.5666802979e+02 6.5675598145e+02 6.5687597656e+02 6.5704797363e+02 6.5734899902e+02 6.5770098877e+02 6.5795501709e+02 6.5809698486e+02 6.5819097900e+02 6.5831298828e+02 6.5839697266e+02 6.5847497559e+02 6.5850500488e+02 6.5833099365e+02 6.5836401367e+02 6.5845898438e+02 6.5847198486e+02 6.5847698975e+02 6.5852899170e+02 6.5852099609e+02 6.5851501465e+02 6.5857000732e+02 6.5864697266e+02 6.5870697021e+02 6.5875701904e+02 6.5882800293e+02 6.5889801025e+02 6.5896697998e+02 6.5904699707e+02 6.5912500000e+02 6.5921600342e+02 6.5929699707e+02 6.5938800049e+02 6.5950000000e+02 6.5959399414e+02 6.5966998291e+02 6.5975897217e+02 6.5985498047e+02 6.5992401123e+02 6.6002301025e+02 6.6014099121e+02
6.5564898682e+02 6.5599499512e+02 6.5632897949e+02 6.5645300293e+02 6.5652001953e+02 6.5657098389e+02 6.5666400146e+02 6.5678900146e+02 6.5701599121e+02 6.5733099365e+02 6.5758197021e+02 6.5782000732e+02 6.5794799805e+02 6.5802099609e+02 6.5815197754e+02 6.5821801758e+02 6.5818402100e+02 6.5817401123e+02 6.5806298828e+02 6.5808398438e+02 6.5815600586e+02 6.5815301514e+02 6.5816198730e+02 6.5822601318e+02 6.5830798340e+02 6.5839599609e+02 6.5847998047e+02 6.5855200195e+02 6.5862200928e+02 6.5871600342e+02 6.5881298828e+02 6.5886901855e+02 6.5895697021e+02 6.5903997803e+02 6.5910998535e+02 6.5919396973e+02 6.5927502441e+02 6.5934002686e+02 6.5942297363e+02 6.5950201416e+02 6.5957897949e+02 6.5966802979e+02 6.5974798584e+02 6.5980700684e+02 6.5988299561e+02 6.5997497559e+02
6.5580499268e+02 6.5613702393e+02 6.5630902100e+02 6.5636602783e+02 6.5641998291e+02 6.5649298096e+02 6.5661700439e+02 6.5673797607e+02 6.5693798828e+02 6.5719000244e+02 6.5738098145e+02 6.5754302979e+02 6.5766302490e+02 6.5774902344e+02 6.5789202881e+02 6.5793103027e+02 6.5783197021e+02 6.5784197998e+02 6.5787298584e+02 6.5793103027e+02 6.5801702881e+02 6.5805902100e+02 6.5810699463e+02 6.5817700195e+02 6.5828002930e+02 6.5838098145e+02 6.5846502686e+02 6.5855603027e+02 6.5863598633e+02 6.5873602295e+02 6.5882800293e+02 6.5888500977e+02 6.5897302246e+02 6.5905499268e+02 6.5911499023e+02 6.5918902588e+02 6.5927197266e+02 6.5934100342e+02 6.5941601563e+02 6.5946997070e+02 6.5955297852e+02 6.5964001465e+02 6.5970800781e+02 6.5978002930e+02 6.5986499023e+02 6.5994000244e+02
6.5594897461e+02 6.5623101807e+02 6.5629400635e+02 6.5632800293e+02 6.5637200928e+02 6.5646600342e+02 6.5658697510e+02 6.5669396973e+02 6.5685498047e+02 6.5703698730e+02 6.5716998291e+02 6.5726397705e+02 6.5735699463e+02 6.5745697021e+02 6.5758001709e+02 6.5760900879e+02 6.5758697510e+02 6.5766101074e+02 6.5777301025e+02 6.5787500000e+02 6.5797497559e+02 6.5804101563e+02 6.5808599854e+02 6.5813702393e+02 6.5822802734e+02 6.5831701660e+02 6.5840002441e+02 6.5848699951e+02 6.5856597900e+02 6.5865997314e+02 6.5874798584e+02 6.5880902100e+02 6.5889801025e+02 6.5898199463e+02 6.5905401611e+02 6.5912298584e+02 6.5919702148e+02 6.5926898193e+02 6.5935400391e+02 6.5941198730e+02 6.5951000977e+02 6.5960400391e+02 6.5968402100e+02 6.5976202393e+02 6.5986199951e+02 6.5995300293e+02
6.5601098633e+02 6.5623199463e+02 6.5624597168e+02 6.5628698730e+02 6.5633001709e+02 6.5642297363e+02 6.5652398682e+02 6.5661297607e+02 6.5674700928e+02 6.5688500977e+02 6.5699102783e+02 6.5707000732e+02 6.5716198730e+02 6.5726501465e+02 6.5736499023e+02 6.5743499756e+02 6.5750402832e+02 6.5760797119e+02 6.5771301270e+02 6.5782098389e+02 6.5791302490e+02 6.5797302246e+02 6.5801501465e+02 6.5805200195e+02 6.5811297607e+02 6.5818402100e+02 6.5827301025e+02 6.5835900879e+02 6.5845300293e+02 6.5855200195e+02 6.5865100098e+02 6.5874102783e+02 6.5883697510e+02 6.5892602539e+02 6.5900598145e+02 6.5908801270e+02 6.5915100098e+02 6.5921801758e+02 6.5930499268e+02 6.5936401367e+02 6.5944201660e+02 6.5952301025e+02 6.5961602783e+02 6.5967999268e+02 6.5977099609e+02 6.5986700439e+02
6.5590301514e+02 6.5615002441e+02 6.5616101074e+02 6.5622100830e+02 6.5627899170e+02 6.5635400391e+02 6.5643902588e+02 6.5652197266e+02 6.5664099121e+02 6.5674499512e+02 6.5682702637e+02 6.5695501709e+02 6.5707800293e+02 6.5717199707e+02 6.5723297119e+02 6.5734899902e+02 6.5745599365e+02 6.5754797363e+02 6.5764398193e+02 6.5775201416e+02 6.5784100342e+02 6.5789300537e+02 6.5793103027e+02 6.5799102783e+02 6.5805700684e+02 6.5813299561e+02 6.5822601318e+02 6.5834002686e+02 6.5845001221e+02 6.5854199219e+02 6.5863299561e+02 6.5872900391e+02 6.5883801270e+02 6.5891998291e+02 6.5899798584e+02 6.5908697510e+02 6.5915301514e+02 6.5922601318e+02 6.5929901123e+02 6.5934802246e+02 6.5941699219e+02 6.5948699951e+02 6.5956298828e+02 6.5962200928e+02 6.5968499756e+02 6.5975598145e+02
6.5570800781e+02 6.5603601074e+02 6.5613598633e+02 6.5617700195e+02 6.5621600342e+02 6.5627398682e+02 6.5636102295e+02 6.5646398926e+02 6.5658001709e+02 6.5668298340e+02 6.5678497314e+02 6.5689501953e+02 6.5700500488e+02 6.5709301758e+02 6.5716302490e+02 6.5727600098e+02 6.5738299561e+02 6.5746899414e+02 6.5757501221e+02 6.5767700195e+02 6.5778900146e+02 6.5787402344e+02 6.5793499756e+02 6.5802398682e+02 6.5810601807e+02 6.5816998291e+02 6.5825897217e+02 6.5835699463e+02 6.5840399170e+02 6.5844702148e+02 6.5848999023e+02 6.5862298584e+02 6.5875799561e+02 6.5881298828e+02 6.5889599609e+02 6.5898901367e+02 6.5907202148e+02 6.5915502930e+02 6.5920001221e+02 6.5926397705e+02 6.5935601807e+02 6.5943103027e+02 6.5951397705e+02 6.5961999512e+02 6.5968902588e+02 6.5976702881e+02
6.5550500488e+02 6.5584399414e+02 6.5605102539e+02 6.5613299561e+02 6.5617498779e+02 6.5621899414e+02 6.5631500244e+02 6.5642498779e+02 6.5652801514e+02 6.5662597656e+02 6.5673602295e+02 6.5683197021e+02 6.5693402100e+02 6.5702398682e+02 6.5710797119e+02 6.5721398926e+02 6.5730401611e+02 6.5739898682e+02 6.5752099609e+02 6.5762097168e+02 6.5774798584e+02 6.5785198975e+02 6.5791497803e+02 6.5802502441e+02 6.5812298584e+02 6.5818798828e+02 6.5826501465e+02 6.5826898193e+02 6.5822601318e+02 6.5821398926e+02 6.5823699951e+02 6.5840197754e+02 6.5858599854e+02 6.5865899658e+02 6.5874597168e+02 6.5883300781e+02 6.5891998291e+02 6.5898901367e+02 6.5903802490e+02 6.5910900879e+02 6.5920800781e+02 6.5929101563e+02 6.5937500000e+02 6.5948797607e+02 6.5959399414e+02 6.5972198486e+02
6.5541900635e+02 6.5567297363e+02 6.5590002441e+02 6.5604400635e+02 6.5611901855e+02 6.5615600586e+02 6.5626702881e+02 6.5637298584e+02 6.5646801758e+02 6.5656500244e+02 6.5666998291e+02 6.5676599121e+02 6.5686602783e+02 6.5695898438e+02 6.5704998779e+02 6.5714501953e+02 6.5722900391e+02 6.5733001709e+02 6.5744799805e+02 6.5755102539e+02 6.5764300537e+02 6.5771502686e+02 6.5776800537e+02 6.5788702393e+02 6.5800402832e+02 6.5808099365e+02 6.5817297363e+02 6.5815502930e+02 6.5810797119e+02 6.5809301758e+02 6.5808300781e+02 6.5823498535e+02 6.5842700195e+02 6.5851202393e+02 6.5859600830e+02 6.5870098877e+02 6.5878601074e+02 6.5883300781e+02 6.5888800049e+02 6.5895300293e+02 6.5905499268e+02 6.5913897705e+02 6.5919396973e+02 6.5927502441e+02 6.5939300537e+02 6.5953900146e+02
