TESTSERVER/20/10.asc
NCOLS 100
NROWS 100
XLLCORNER 8.4997500000e+03
YLLCORNER 2.8945025000e+05
CELLSIZE 5.0000000000e-01
NODATA_VALUE -9.9990000000e+03
[rows 80 to 99 of 100, columns 0 to 45 of 100]
6.4938500977e+02 6.4950897217e+02 6.4947698975e+02 6.4977301025e+02 6.4991802979e+02 6.4996600342e+02 6.4996697998e+02 6.4997900391e+02 6.4998797607e+02 6.4999700928e+02 6.5000201416e+02 6.5001501465e+02 6.5002697754e+02 6.5006097412e+02 6.5012402344e+02 6.5018902588e+02 6.5025000000e+02 6.5031298828e+02 6.5038299561e+02 6.5043499756e+02 6.5047100830e+02 6.5049700928e+02 6.5053100586e+02 6.5054699707e+02 6.5055999756e+02 6.5058898926e+02 6.5060101318e+02 6.5059698486e+02 6.5060797119e+02 6.5060498047e+02 6.5057897949e+02 6.5061102295e+02 6.5065997314e+02 6.5070898438e+02 6.5075598145e+02 6.5078100586e+02 6.5080401611e+02 6.5082098389e+02 6.5083599854e+02 6.5084301758e+02 6.5084997559e+02 6.5085601807e+02 6.5086102295e+02 6.5085900879e+02 6.5085998535e+02 6.5086102295e+02
6.4935198975e+02 6.4951800537e+02 6.4959802246e+02 6.4977001953e+02 6.4987799072e+02 6.4989697266e+02 6.4989300537e+02 6.4990997314e+02 6.4992498779e+02 6.4993298340e+02 6.4994000244e+02 6.4995098877e+02 6.4996899414e+02 6.5001501465e+02 6.5008300781e+02 6.5013598633e+02 6.5019500732e+02 6.5027801514e+02 6.5035400391e+02 6.5040399170e+02 6.5044500732e+02 6.5047198486e+02 6.5049499512e+02 6.5051501465e+02 6.5053698730e+02 6.5056896973e+02 6.5059802246e+02 6.5059301758e+02 6.5059600830e+02 6.5058801270e+02 6.5061602783e+02 6.5066900635e+02 6.5071301270e+02 6.5075500488e+02 6.5078198242e+02 6.5080102539e+02 6.5081799316e+02 6.5083001709e+02 6.5083599854e+02 6.5083898926e+02 6.5084698486e+02 6.5085400391e+02 6.5085998535e+02 6.5086199951e+02 6.5086499023e+02 6.5086700439e+02
6.4931799316e+02 6.4947198486e+02 6.4962298584e+02 6.4975598145e+02 6.4983001709e+02 6.4984802246e+02 6.4984600830e+02 6.4984399414e+02 6.4985900879e+02 6.4986901855e+02 6.4988397217e+02 6.4990301514e+02 6.4991998291e+02 6.4996301270e+02 6.5003601074e+02 6.5008697510e+02 6.5014202881e+02 6.5022601318e+02 6.5029998779e+02 6.5035601807e+02 6.5040997314e+02 6.5044396973e+02 6.5046002197e+02 6.5047497559e+02 6.5050097656e+02 6.5054101563e+02 6.5057598877e+02 6.5056896973e+02 6.5057397461e+02 6.5060900879e+02 6.5069598389e+02 6.5073199463e+02 6.5076501465e+02 6.5079302979e+02 6.5080499268e+02 6.5081597900e+02 6.5082897949e+02 6.5083697510e+02 6.5083697510e+02 6.5083801270e+02 6.5084497070e+02 6.5085302734e+02 6.5086102295e+02 6.5086401367e+02 6.5086798096e+02 6.5087097168e+02
6.4934100342e+02 6.4953198242e+02 6.4962799072e+02 6.4971301270e+02 6.4976397705e+02 6.4978100586e+02 6.4978100586e+02 6.4978100586e+02 6.4980102539e+02 6.4980999756e+02 6.4983001709e+02 6.4984497070e+02 6.4986499023e+02 6.4990899658e+02 6.4997601318e+02 6.5003100586e+02 6.5008801270e+02 6.5016400146e+02 6.5022497559e+02 6.5028802490e+02 6.5035400391e+02 6.5040301514e+02 6.5042199707e+02 6.5044299316e+02 6.5048498535e+02 6.5053997803e+02 6.5058801270e+02 6.5057501221e+02 6.5060302734e+02 6.5068597412e+02 6.5077001953e+02 6.5078002930e+02 6.5080102539e+02 6.5081799316e+02 6.5082202148e+02 6.5082897949e+02 6.5083697510e+02 6.5084100342e+02 6.5083801270e+02 6.5083898926e+02 6.5084600830e+02 6.5085400391e+02 6.5086297607e+02 6.5086798096e+02 6.5087298584e+02 6.5087500000e+02
6.4933001709e+02 6.4952600098e+02 6.4969598389e+02 6.4968402100e+02 6.4969897461e+02 6.4971801758e+02 6.4971997070e+02 6.4972802734e+02 6.4974798584e+02 6.4975598145e+02 6.4976898193e+02 6.4976397705e+02 6.4978900146e+02 6.4984698486e+02 6.4992401123e+02 6.4998797607e+02 6.5004901123e+02 6.5010998535e+02 6.5015997314e+02 6.5020001221e+02 6.5027197266e+02 6.5033697510e+02 6.5038201904e+02 6.5044201660e+02 6.5052001953e+02 6.5060601807e+02 6.5067102051e+02 6.5068298340e+02 6.5072100830e+02 6.5076599121e+02 6.5077398682e+02 6.5079901123e+02 6.5081402588e+02 6.5082598877e+02 6.5083099365e+02 6.5083502197e+02 6.5083801270e+02 6.5084100342e+02 6.5084399414e+02 6.5084497070e+02 6.5085101318e+02 6.5085797119e+02 6.5086798096e+02 6.5087500000e+02 6.5088098145e+02 6.5088500977e+02
6.4936102295e+02 6.4942102051e+02 6.4955102539e+02 6.4964697266e+02 6.4966900635e+02 6.4967498779e+02 6.4966198730e+02 6.4966900635e+02 6.4968798828e+02 6.4969897461e+02 6.4970800781e+02 6.4970898438e+02 6.4973101807e+02 6.4979302979e+02 6.4986297607e+02 6.4991998291e+02 6.4998101807e+02 6.5005603027e+02 6.5014099121e+02 6.5020202637e+02 6.5029101563e+02 6.5038201904e+02 6.5047900391e+02 6.5053100586e+02 6.5056896973e+02 6.5062200928e+02 6.5066302490e+02 6.5070202637e+02 6.5074200439e+02 6.5077502441e+02 6.5078802490e+02 6.5080603027e+02 6.5082397461e+02 6.5083599854e+02 6.5083599854e+02 6.5083398438e+02 6.5083697510e+02 6.5084197998e+02 6.5084600830e+02 6.5084997559e+02 6.5085699463e+02 6.5086499023e+02 6.5087298584e+02 6.5088098145e+02 6.5088800049e+02 6.5089300537e+02
6.4932397461e+02 6.4937500000e+02 6.4950299072e+02 6.4959802246e+02 6.4960400391e+02 6.4961297607e+02 6.4960400391e+02 6.4961199951e+02 6.4963098145e+02 6.4964398193e+02 6.4965100098e+02 6.4964501953e+02 6.4966601563e+02 6.4973797607e+02 6.4979400635e+02 6.4986499023e+02 6.4995697021e+02 6.5005499268e+02 6.5016302490e+02 6.5026202393e+02 6.5034100342e+02 6.5041198730e+02 6.5047998047e+02 6.5052301025e+02 6.5055902100e+02 6.5060900879e+02 6.5064501953e+02 6.5068298340e+02 6.5072497559e+02 6.5076300049e+02 6.5079101563e+02 6.5081097412e+02 6.5082800293e+02 6.5083898926e+02 6.5083502197e+02 6.5083197021e+02 6.5083697510e+02 6.5084197998e+02 6.5084698486e+02 6.5085198975e+02 6.5085998535e+02 6.5086901855e+02 6.5087902832e+02 6.5088598633e+02 6.5089202881e+02 6.5089697266e+02
6.4925201416e+02 6.4933502197e+02 6.4949700928e+02 6.4955401611e+02 6.4954199219e+02 6.4955700684e+02 6.4956402588e+02 6.4956701660e+02 6.4957000732e+02 6.4957299805e+02 6.4957501221e+02 6.4957397461e+02 6.4959399414e+02 6.4966802979e+02 6.4975701904e+02 6.4986798096e+02 6.4998199463e+02 6.5007598877e+02 6.5016400146e+02 6.5025500488e+02 6.5034301758e+02 6.5041400146e+02 6.5045098877e+02 6.5049298096e+02 6.5052197266e+02 6.5056402588e+02 6.5060498047e+02 6.5065197754e+02 6.5070697021e+02 6.5075500488e+02 6.5078802490e+02 6.5080499268e+02 6.5082000732e+02 6.5083001709e+02 6.5082702637e+02 6.5082501221e+02 6.5083197021e+02 6.5083898926e+02 6.5084600830e+02 6.5085198975e+02 6.5086199951e+02 6.5087200928e+02 6.5088397217e+02 6.5089099121e+02 6.5089697266e+02 6.5090197754e+02
6.4919702148e+02 6.4934002686e+02 6.4947601318e+02 6.4950299072e+02 6.4950500488e+02 6.4951202393e+02 6.4950799561e+02 6.4950299072e+02 6.4950500488e+02 6.4950598145e+02 6.4950299072e+02 6.4951501465e+02 6.4953601074e+02 6.4963397217e+02 6.4980297852e+02 6.4993103027e+02 6.5001202393e+02 6.5008300781e+02 6.5017700195e+02 6.5027502441e+02 6.5038201904e+02 6.5045697021e+02 6.5046801758e+02 6.5046899414e+02 6.5048400879e+02 6.5051702881e+02 6.5058001709e+02 6.5065399170e+02 6.5071899414e+02 6.5076397705e+02 6.5077301025e+02 6.5078198242e+02 6.5079400635e+02 6.5080499268e+02 6.5080401611e+02 6.5081097412e+02 6.5082098389e+02 6.5083197021e+02 6.5084497070e+02 6.5085400391e+02 6.5086499023e+02 6.5087701416e+02 6.5089202881e+02 6.5090002441e+02 6.5090399170e+02 6.5090600586e+02
6.4915802002e+02 6.4930798340e+02 6.4943701172e+02 6.4945898438e+02 6.4944799805e+02 6.4945098877e+02 6.4944000244e+02 6.4943798828e+02 6.4945300293e+02 6.4945697021e+02 6.4944598389e+02 6.4945697021e+02 6.4951000977e+02 6.4964202881e+02 6.4983099365e+02 6.4996099854e+02 6.5002899170e+02 6.5008599854e+02 6.5017999268e+02 6.5029199219e+02 6.5039697266e+02 6.5046099854e+02 6.5046600342e+02 6.5046502686e+02 6.5047302246e+02 6.5050299072e+02 6.5057501221e+02 6.5063897705e+02 6.5069500732e+02 6.5073602295e+02 6.5074499512e+02 6.5075000000e+02 6.5076501465e+02 6.5077801514e+02 6.5078399658e+02 6.5079101563e+02 6.5080603027e+02 6.5082299805e+02 6.5084100342e+02 6.5085498047e+02 6.5086901855e+02 6.5088201904e+02 6.5089697266e+02 6.5090997314e+02 6.5091198730e+02 6.5090997314e+02
6.4912799072e+02 6.4928100586e+02 6.4937902832e+02 6.4941101074e+02 6.4940100098e+02 6.4940197754e+02 6.4939501953e+02 6.4938598633e+02 6.4939801025e+02 6.4940002441e+02 6.4938897705e+02 6.4940802002e+02 6.4948101807e+02 6.4961499023e+02 6.4977502441e+02 6.4988000488e+02 6.4994702148e+02 6.5001000977e+02 6.5010998535e+02 6.5022900391e+02 6.5033599854e+02 6.5041400146e+02 6.5045001221e+02 6.5046600342e+02 6.5047100830e+02 6.5048797607e+02 6.5053997803e+02 6.5059197998e+02 6.5064501953e+02 6.5068597412e+02 6.5070501709e+02 6.5071899414e+02 6.5073797607e+02 6.5075299072e+02 6.5076098633e+02 6.5077301025e+02 6.5079199219e+02 6.5081402588e+02 6.5083697510e+02 6.5085498047e+02 6.5087097168e+02 6.5088598633e+02 6.5090301514e+02 6.5091400146e+02 6.5091601563e+02 6.5091400146e+02
6.4912701416e+02 6.4928997803e+02 6.4934899902e+02 6.4937402344e+02 6.4936297607e+02 6.4935498047e+02 6.4934997559e+02 6.4934100342e+02 6.4934899902e+02 6.4934399414e+02 6.4932598877e+02 6.4935101318e+02 6.4944201660e+02 6.4957397461e+02 6.4970098877e+02 6.4979101563e+02 6.4986401367e+02 6.4993402100e+02 6.5003698730e+02 6.5016900635e+02 6.5027001953e+02 6.5035101318e+02 6.5041302490e+02 6.5045599365e+02 6.5047100830e+02 6.5047198486e+02 6.5047900391e+02 6.5052697754e+02 6.5057800293e+02 6.5062298584e+02 6.5065899658e+02 6.5068701172e+02 6.5070898438e+02 6.5072698975e+02 6.5073797607e+02 6.5075402832e+02 6.5077801514e+02 6.5080499268e+02 6.5083300781e+02 6.5085601807e+02 6.5087597656e+02 6.5089300537e+02 6.5090802002e+02 6.5091601563e+02 6.5091802979e+02 6.5091601563e+02
6.4906500244e+02 6.4922399902e+02 6.4928900146e+02 6.4931597900e+02 6.4932000732e+02 6.4930902100e+02 6.4929901123e+02 6.4929998779e+02 6.4929400635e+02 6.4927301025e+02 6.4924902344e+02 6.4928399658e+02 6.4939300537e+02 6.4953997803e+02 6.4967498779e+02 6.4976800537e+02 6.4984100342e+02 6.4989300537e+02 6.4994799805e+02 6.5009997559e+02 6.5019396973e+02 6.5025701904e+02 6.5032598877e+02 6.5041802979e+02 6.5046899414e+02 6.5046398926e+02 6.5041998291e+02 6.5043298340e+02 6.5047497559e+02 6.5054101563e+02 6.5061499023e+02 6.5065502930e+02 6.5068103027e+02 6.5070001221e+02 6.5070800781e+02 6.5073400879e+02 6.5076599121e+02 6.5080102539e+02 6.5084100342e+02 6.5086602783e+02 6.5089099121e+02 6.5090698242e+02 6.5091497803e+02 6.5091400146e+02 6.5091497803e+02 6.5091497803e+02
6.4890802002e+02 6.4913702393e+02 6.4929101563e+02 6.4927697754e+02 6.4927801514e+02 6.4926501465e+02 6.4924798584e+02 6.4923999023e+02 6.4923602295e+02 6.4922302246e+02 6.4919702148e+02 6.4923602295e+02 6.4936401367e+02 6.4951202393e+02 6.4961602783e+02 6.4967901611e+02 6.4972802734e+02 6.4978100586e+02 6.4985400391e+02 6.4994500732e+02 6.5004797363e+02 6.5012799072e+02 6.5021801758e+02 6.5037200928e+02 6.5047399902e+02 6.5048602295e+02 6.5042797852e+02 6.5039202881e+02 6.5041900635e+02 6.5049401855e+02 6.5058697510e+02 6.5063098145e+02 6.5065899658e+02 6.5067602539e+02 6.5068200684e+02 6.5070800781e+02 6.5074597168e+02 6.5078802490e+02 6.5083502197e+02 6.5088000488e+02 6.5090899658e+02 6.5092401123e+02 6.5092102051e+02 6.5091601563e+02 6.5091802979e+02 6.5092401123e+02
6.4880200195e+02 6.4904400635e+02 6.4924200439e+02 6.4923498535e+02 6.4922698975e+02 6.4921801758e+02 6.4919799805e+02 6.4918298340e+02 6.4917602539e+02 6.4916900635e+02 6.4914697266e+02 6.4919897461e+02 6.4935498047e+02 6.4950097656e+02 6.4955798340e+02 6.4960601807e+02 6.4965698242e+02 6.4971099854e+02 6.4977301025e+02 6.4981298828e+02 6.4990197754e+02 6.5000000000e+02 6.5010797119e+02 6.5029998779e+02 6.5043298340e+02 6.5046997070e+02 6.5044702148e+02 6.5041198730e+02 6.5042999268e+02 6.5049102783e+02 6.5056402588e+02 6.5060400391e+02 6.5063201904e+02 6.5064898682e+02 6.5065197754e+02 6.5067498779e+02 6.5071502686e+02 6.5076300049e+02 6.5082098389e+02 6.5087799072e+02 6.5091198730e+02 6.5092901611e+02 6.5092602539e+02 6.5092102051e+02 6.5092498779e+02 6.5093200684e+02
6.4871600342e+02 6.4892999268e+02 6.4915997314e+02 6.4919598389e+02 6.4918701172e+02 6.4917498779e+02 6.4915100098e+02 6.4913397217e+02 6.4911602783e+02 6.4910601807e+02 6.4908300781e+02 6.4914697266e+02 6.4932800293e+02 6.4948199463e+02 6.4951300049e+02 6.4954302979e+02 6.4959301758e+02 6.4964300537e+02 6.4969201660e+02 6.4972802734e+02 6.4980798340e+02 6.4990802002e+02 6.5002001953e+02 6.5021697998e+02 6.5036401367e+02 6.5042901611e+02 6.5045697021e+02 6.5043597412e+02 6.5044598389e+02 6.5048999023e+02 6.5053698730e+02 6.5057098389e+02 6.5059997559e+02 6.5061798096e+02 6.5061798096e+02 6.5063702393e+02 6.5067901611e+02 6.5073101807e+02 6.5079998779e+02 6.5086901855e+02 6.5090997314e+02 6.5092999268e+02 6.5092999268e+02 6.5092700195e+02 6.5092901611e+02 6.5093402100e+02
6.4863201904e+02 6.4884301758e+02 6.4911401367e+02 6.4916699219e+02 6.4915002441e+02 6.4912701416e+02 6.4909997559e+02 6.4909600830e+02 6.4907000732e+02 6.4905297852e+02 6.4903100586e+02 6.4907800293e+02 6.4925799561e+02 6.4941998291e+02 6.4945697021e+02 6.4948101807e+02 6.4953698730e+02 6.4959399414e+02 6.4965100098e+02 6.4968499756e+02 6.4974401855e+02 6.4982299805e+02 6.4993902588e+02 6.5011297607e+02 6.5028698730e+02 6.5040002441e+02 6.5043798828e+02 6.5044299316e+02 6.5044299316e+02 6.5046197510e+02 6.5048699951e+02 6.5052502441e+02 6.5055401611e+02 6.5057800293e+02 6.5059197998e+02 6.5058801270e+02 6.5061401367e+02 6.5066601563e+02 6.5075097656e+02 6.5086297607e+02 6.5090997314e+02 6.5092102051e+02 6.5092797852e+02 6.5092700195e+02 6.5092602539e+02 6.5092700195e+02
6.4859399414e+02 6.4875500488e+02 6.4903100586e+02 6.4912402344e+02 6.4911297607e+02 6.4909301758e+02 6.4906896973e+02 6.4905798340e+02 6.4902801514e+02 6.4900402832e+02 6.4898199463e+02 6.4901501465e+02 6.4919598389e+02 6.4937200928e+02 6.4941400146e+02 6.4946002197e+02 6.4951898193e+02 6.4954602051e+02 6.4959100342e+02 6.4966198730e+02 6.4970202637e+02 6.4974499512e+02 6.4983001709e+02 6.4995001221e+02 6.5014300537e+02 6.5032897949e+02 6.5040698242e+02 6.5043902588e+02 6.5043798828e+02 6.5043103027e+02 6.5044097900e+02 6.5047302246e+02 6.5050500488e+02 6.5053302002e+02 6.5054998779e+02 6.5052600098e+02 6.5051300049e+02 6.5054199219e+02 6.5064001465e+02 6.5083398438e+02 6.5094201660e+02 6.5096099854e+02 6.5096502686e+02 6.5096398926e+02 6.5093798828e+02 6.5092401123e+02
6.4857501221e+02 6.4870202637e+02 6.4894702148e+02 6.4906799316e+02 6.4907501221e+02 6.4905401611e+02 6.4903100586e+02 6.4900701904e+02 6.4898699951e+02 6.4896899414e+02 6.4893701172e+02 6.4893701172e+02 6.4909997559e+02 6.4930603027e+02 6.4938397217e+02 6.4944799805e+02 6.4948297119e+02 6.4947802734e+02 6.4953302002e+02 6.4961102295e+02 6.4963702393e+02 6.4967199707e+02 6.4973498535e+02 6.4982000732e+02 6.4999401855e+02 6.5020202637e+02 6.5034497070e+02 6.5041400146e+02 6.5043200684e+02 6.5042797852e+02 6.5042199707e+02 6.5044201660e+02 6.5046697998e+02 6.5048797607e+02 6.5050097656e+02 6.5046801758e+02 6.5043798828e+02 6.5044500732e+02 6.5051501465e+02 6.5071997070e+02 6.5084997559e+02 6.5086798096e+02 6.5088299561e+02 6.5092797852e+02 6.5094299316e+02 6.5095898438e+02
6.4857299805e+02 6.4868103027e+02 6.4888702393e+02 6.4901800537e+02 6.4903698730e+02 6.4901599121e+02 6.4898901367e+02 6.4896997070e+02 6.4895300293e+02 6.4893701172e+02 6.4890698242e+02 6.4887402344e+02 6.4901000977e+02 6.4924401855e+02 6.4935198975e+02 6.4939697266e+02 6.4943499756e+02 6.4945202637e+02 6.4951000977e+02 6.4954602051e+02 6.4955902100e+02 6.4960101318e+02 6.4964501953e+02 6.4971398926e+02 6.4986499023e+02 6.5005902100e+02 6.5024597168e+02 6.5035601807e+02 6.5040197754e+02 6.5041998291e+02 6.5042199707e+02 6.5042401123e+02 6.5043499756e+02 6.5044396973e+02 6.5044897461e+02 6.5041802979e+02 6.5038000488e+02 6.5037097168e+02 6.5040600586e+02 6.5053802490e+02 6.5061798096e+02 6.5060699463e+02 6.5060498047e+02 6.5065698242e+02 6.5078601074e+02 6.5091497803e+02
