TESTSERVER/20/10.asc
NCOLS 100
NROWS 100
XLLCORNER 8.4997500000e+03
YLLCORNER 2.8945025000e+05
CELLSIZE 5.0000000000e-01
NODATA_VALUE -9.9990000000e+03
[rows 20 to 39 of 100, columns 0 to 45 of 100]
6.5104699707e+02 6.5112902832e+02 6.5122399902e+02 6.5131701660e+02 6.5139801025e+02 6.5149401855e+02 6.5157299805e+02 6.5161999512e+02 6.5167602539e+02 6.5179101563e+02 6.5190100098e+02 6.5206500244e+02 6.5226202393e+02 6.5225000000e+02 6.5229101563e+02 6.5244299316e+02 6.5256701660e+02 6.5264898682e+02 6.5270800781e+02 6.5277899170e+02 6.5287500000e+02 6.5290100098e+02 6.5290100098e+02 6.5291497803e+02 6.5297100830e+02 6.5308599854e+02 6.5321099854e+02 6.5314398193e+02 6.5286199951e+02 6.5221502686e+02 6.5199102783e+02 6.5220300293e+02 6.5229699707e+02 6.5239501953e+02 6.5324102783e+02 6.5456298828e+02 6.5493103027e+02 6.5490100098e+02 6.5492199707e+02 6.5496301270e+02 6.5499798584e+02 6.5503900146e+02 6.5510198975e+02 6.5516198730e+02 6.5524499512e+02 6.5533099365e+02
6.5090399170e+02 6.5098901367e+02 6.5111297607e+02 6.5125598145e+02 6.5135601807e+02 6.5143597412e+02 6.5149798584e+02 6.5153698730e+02 6.5159997559e+02 6.5171600342e+02 6.5182299805e+02 6.5192700195e+02 6.5202801514e+02 6.5205798340e+02 6.5210797119e+02 6.5222698975e+02 6.5235400391e+02 6.5244598389e+02 6.5252197266e+02 6.5261602783e+02 6.5273297119e+02 6.5277502441e+02 6.5274902344e+02 6.5273498535e+02 6.5277398682e+02 6.5297399902e+02 6.5302197266e+02 6.5265997314e+02 6.5226098633e+02 6.5196801758e+02 6.5192297363e+02 6.5204998779e+02 6.5225598145e+02 6.5291601563e+02 6.5414300537e+02 6.5490997314e+02 6.5488299561e+02 6.5490100098e+02 6.5491802979e+02 6.5493402100e+02 6.5498699951e+02 6.5503601074e+02 6.5510198975e+02 6.5516601563e+02 6.5525201416e+02 6.5534197998e+02
6.5086499023e+02 6.5090600586e+02 6.5100598145e+02 6.5115100098e+02 6.5127197266e+02 6.5136297607e+02 6.5140502930e+02 6.5143798828e+02 6.5151702881e+02 6.5161199951e+02 6.5172497559e+02 6.5182598877e+02 6.5190002441e+02 6.5195599365e+02 6.5201599121e+02 6.5212402344e+02 6.5223999023e+02 6.5231402588e+02 6.5237500000e+02 6.5246301270e+02 6.5255700684e+02 6.5253399658e+02 6.5246997070e+02 6.5246801758e+02 6.5240698242e+02 6.5257598877e+02 6.5269201660e+02 6.5228802490e+02 6.5187298584e+02 6.5186798096e+02 6.5196099854e+02 6.5215698242e+02 6.5253997803e+02 6.5355700684e+02 6.5464300537e+02 6.5494799805e+02 6.5480297852e+02 6.5486999512e+02 6.5490600586e+02 6.5492999268e+02 6.5498498535e+02 6.5504302979e+02 6.5510498047e+02 6.5517102051e+02 6.5527001953e+02 6.5536798096e+02
6.5086700439e+02 6.5088098145e+02 6.5094396973e+02 6.5105499268e+02 6.5115301514e+02 6.5125500488e+02 6.5131298828e+02 6.5135302734e+02 6.5142901611e+02 6.5151098633e+02 6.5161102295e+02 6.5170800781e+02 6.5180700684e+02 6.5188201904e+02 6.5194702148e+02 6.5202697754e+02 6.5207897949e+02 6.5207397461e+02 6.5210498047e+02 6.5216101074e+02 6.5216601563e+02 6.5200201416e+02 6.5196697998e+02 6.5217498779e+02 6.5212097168e+02 6.5209997559e+02 6.5237402344e+02 6.5220501709e+02 6.5184399414e+02 6.5188897705e+02 6.5208502197e+02 6.5244000244e+02 6.5306701660e+02 6.5399798584e+02 6.5469299316e+02 6.5480499268e+02 6.5478100586e+02 6.5483898926e+02 6.5489001465e+02 6.5492602539e+02 6.5498199463e+02 6.5503601074e+02 6.5511102295e+02 6.5518499756e+02 6.5527398682e+02 6.5535998535e+02
6.5076098633e+02 6.5082202148e+02 6.5088598633e+02 6.5096801758e+02 6.5106597900e+02 6.5112402344e+02 6.5118798828e+02 6.5124102783e+02 6.5133001709e+02 6.5143298340e+02 6.5152398682e+02 6.5160302734e+02 6.5170599365e+02 6.5171197510e+02 6.5165802002e+02 6.5160498047e+02 6.5156597900e+02 6.5153497314e+02 6.5156298828e+02 6.5161499023e+02 6.5155499268e+02 6.5134997559e+02 6.5128900146e+02 6.5158099365e+02 6.5177801514e+02 6.5172100830e+02 6.5194097900e+02 6.5202099609e+02 6.5191699219e+02 6.5207501221e+02 6.5245098877e+02 6.5303198242e+02 6.5377697754e+02 6.5433398438e+02 6.5466900635e+02 6.5475402832e+02 6.5479797363e+02 6.5483197021e+02 6.5486700439e+02 6.5491198730e+02 6.5498101807e+02 6.5502502441e+02 6.5510498047e+02 6.5516699219e+02 6.5522601318e+02 6.5531597900e+02
6.5058599854e+02 6.5065899658e+02 6.5073199463e+02 6.5080798340e+02 6.5091497803e+02 6.5101202393e+02 6.5106701660e+02 6.5111499023e+02 6.5117901611e+02 6.5130700684e+02 6.5142102051e+02 6.5149298096e+02 6.5145898438e+02 6.5126000977e+02 6.5100000000e+02 6.5083197021e+02 6.5080499268e+02 6.5082397461e+02 6.5098901367e+02 6.5112500000e+02 6.5112402344e+02 6.5107098389e+02 6.5102899170e+02 6.5112097168e+02 6.5136901855e+02 6.5145397949e+02 6.5153900146e+02 6.5168597412e+02 6.5204101563e+02 6.5270397949e+02 6.5335699463e+02 6.5387799072e+02 6.5419702148e+02 6.5446600342e+02 6.5462799072e+02 6.5469396973e+02 6.5473999023e+02 6.5478601074e+02 6.5482202148e+02 6.5486700439e+02 6.5492901611e+02 6.5500000000e+02 6.5507897949e+02 6.5512298584e+02 6.5517602539e+02 6.5527197266e+02
6.5033001709e+02 6.5039001465e+02 6.5045397949e+02 6.5052600098e+02 6.5062500000e+02 6.5076898193e+02 6.5084802246e+02 6.5091198730e+02 6.5100000000e+02 6.5106799316e+02 6.5105700684e+02 6.5101898193e+02 6.5090698242e+02 6.5066802979e+02 6.5046398926e+02 6.5038201904e+02 6.5037500000e+02 6.5044396973e+02 6.5073400879e+02 6.5094897461e+02 6.5096502686e+02 6.5100500488e+02 6.5102099609e+02 6.5104998779e+02 6.5128100586e+02 6.5150201416e+02 6.5165301514e+02 6.5205200195e+02 6.5278302002e+02 6.5349298096e+02 6.5395501709e+02 6.5421002197e+02 6.5434197998e+02 6.5449798584e+02 6.5458697510e+02 6.5463598633e+02 6.5469500732e+02 6.5475000000e+02 6.5478601074e+02 6.5483502197e+02 6.5490399170e+02 6.5496099854e+02 6.5502697754e+02 6.5507598877e+02 6.5513702393e+02 6.5521398926e+02
6.4996801758e+02 6.4999597168e+02 6.5004498291e+02 6.5010797119e+02 6.5016198730e+02 6.5025598145e+02 6.5029602051e+02 6.5034802246e+02 6.5052600098e+02 6.5048400879e+02 6.5032202148e+02 6.5024499512e+02 6.5025701904e+02 6.5016802979e+02 6.5017498779e+02 6.5028100586e+02 6.5034497070e+02 6.5047100830e+02 6.5078997803e+02 6.5100299072e+02 6.5103302002e+02 6.5109100342e+02 6.5116400146e+02 6.5123797607e+02 6.5136499023e+02 6.5160699463e+02 6.5204302979e+02 6.5276397705e+02 6.5355700684e+02 6.5390197754e+02 6.5405798340e+02 6.5419500732e+02 6.5436102295e+02 6.5449401855e+02 6.5454797363e+02 6.5458001709e+02 6.5463500977e+02 6.5470202637e+02 6.5474102783e+02 6.5478399658e+02 6.5485699463e+02 6.5490899658e+02 6.5497302246e+02 6.5502502441e+02 6.5509497070e+02 6.5516699219e+02
6.4947698975e+02 6.4946697998e+02 6.4949401855e+02 6.4956701660e+02 6.4964398193e+02 6.4965600586e+02 6.4958300781e+02 6.4958001709e+02 6.4976501465e+02 6.4982897949e+02 6.4972302246e+02 6.4972601318e+02 6.4986102295e+02 6.4992498779e+02 6.5003802490e+02 6.5024401855e+02 6.5029199219e+02 6.5057098389e+02 6.5081298828e+02 6.5095800781e+02 6.5098400879e+02 6.5120501709e+02 6.5142401123e+02 6.5164202881e+02 6.5158801270e+02 6.5202801514e+02 6.5283001709e+02 6.5352801514e+02 6.5375598145e+02 6.5389599609e+02 6.5405603027e+02 6.5425299072e+02 6.5437701416e+02 6.5444897461e+02 6.5447601318e+02 6.5450500488e+02 6.5456597900e+02 6.5463598633e+02 6.5468798828e+02 6.5472601318e+02 6.5478497314e+02 6.5485498047e+02 6.5493298340e+02 6.5498699951e+02 6.5503997803e+02 6.5511297607e+02
6.4903497314e+02 6.4896099854e+02 6.4903497314e+02 6.4919897461e+02 6.4936999512e+02 6.4933197021e+02 6.4923199463e+02 6.4924401855e+02 6.4945397949e+02 6.4953497314e+02 6.4953900146e+02 6.4967199707e+02 6.4996600342e+02 6.5004400635e+02 6.5006201172e+02 6.5023999023e+02 6.5037902832e+02 6.5059497070e+02 6.5080499268e+02 6.5100500488e+02 6.5127697754e+02 6.5153302002e+02 6.5191101074e+02 6.5247399902e+02 6.5284002686e+02 6.5320599365e+02 6.5357202148e+02 6.5375598145e+02 6.5380798340e+02 6.5400799561e+02 6.5416699219e+02 6.5427001953e+02 6.5430700684e+02 6.5435400391e+02 6.5440301514e+02 6.5446197510e+02 6.5452197266e+02 6.5459197998e+02 6.5464501953e+02 6.5468701172e+02 6.5474298096e+02 6.5479400635e+02 6.5486901855e+02 6.5493701172e+02 6.5499200439e+02 6.5505999756e+02
6.4877001953e+02 6.4872601318e+02 6.4886700439e+02 6.4909197998e+02 6.4926898193e+02 6.4927197266e+02 6.4926898193e+02 6.4934899902e+02 6.4954797363e+02 6.4960400391e+02 6.4967700195e+02 6.4995202637e+02 6.5039801025e+02 6.5056201172e+02 6.5063702393e+02 6.5089300537e+02 6.5118402100e+02 6.5154797363e+02 6.5173101807e+02 6.5192401123e+02 6.5225299072e+02 6.5251000977e+02 6.5273498535e+02 6.5315698242e+02 6.5346502686e+02 6.5361102295e+02 6.5373498535e+02 6.5380102539e+02 6.5389697266e+02 6.5406097412e+02 6.5415600586e+02 6.5420202637e+02 6.5423498535e+02 6.5429302979e+02 6.5435101318e+02 6.5441101074e+02 6.5446899414e+02 6.5452398682e+02 6.5457299805e+02 6.5462701416e+02 6.5470397949e+02 6.5474902344e+02 6.5481799316e+02 6.5488800049e+02 6.5494702148e+02 6.5500799561e+02
6.4874200439e+02 6.4879998779e+02 6.4900500488e+02 6.4926000977e+02 6.4940802002e+02 6.4955200195e+02 6.4970001221e+02 6.4984002686e+02 6.4999401855e+02 6.5010400391e+02 6.5024200439e+02 6.5057702637e+02 6.5105102539e+02 6.5130499268e+02 6.5146997070e+02 6.5179901123e+02 6.5220501709e+02 6.5256701660e+02 6.5264099121e+02 6.5274200439e+02 6.5291998291e+02 6.5304901123e+02 6.5312597656e+02 6.5330902100e+02 6.5347497559e+02 6.5357800293e+02 6.5372302246e+02 6.5386401367e+02 6.5397399902e+02 6.5403497314e+02 6.5408898926e+02 6.5413500977e+02 6.5418499756e+02 6.5424597168e+02 6.5429901123e+02 6.5434899902e+02 6.5441101074e+02 6.5446600342e+02 6.5451800537e+02 6.5457702637e+02 6.5464697266e+02 6.5470599365e+02 6.5477398682e+02 6.5483398438e+02 6.5489697266e+02 6.5495697021e+02
6.4888702393e+02 6.4910797119e+02 6.4938000488e+02 6.4961499023e+02 6.4989697266e+02 6.5027697754e+02 6.5055999756e+02 6.5068597412e+02 6.5087298584e+02 6.5100897217e+02 6.5119396973e+02 6.5149499512e+02 6.5182800293e+02 6.5195098877e+02 6.5216198730e+02 6.5241998291e+02 6.5256896973e+02 6.5268597412e+02 6.5271197510e+02 6.5278601074e+02 6.5290698242e+02 6.5307000732e+02 6.5321502686e+02 6.5334497070e+02 6.5348999023e+02 6.5360601807e+02 6.5376702881e+02 6.5388397217e+02 6.5391302490e+02 6.5395800781e+02 6.5402600098e+02 6.5409002686e+02 6.5413897705e+02 6.5418597412e+02 6.5424902344e+02 6.5429901123e+02 6.5436401367e+02 6.5441699219e+02 6.5446697998e+02 6.5452001953e+02 6.5457800293e+02 6.5465600586e+02 6.5472497559e+02 6.5477197266e+02 6.5483801270e+02 6.5489801025e+02
6.5008502197e+02 6.5035498047e+02 6.5052001953e+02 6.5058801270e+02 6.5083099365e+02 6.5117999268e+02 6.5132397461e+02 6.5136199951e+02 6.5142297363e+02 6.5158697510e+02 6.5175500488e+02 6.5190899658e+02 6.5200201416e+02 6.5218402100e+02 6.5238201904e+02 6.5253100586e+02 6.5259100342e+02 6.5268402100e+02 6.5277398682e+02 6.5285900879e+02 6.5301000977e+02 6.5317401123e+02 6.5331298828e+02 6.5342700195e+02 6.5353698730e+02 6.5363397217e+02 6.5373297119e+02 6.5381500244e+02 6.5385302734e+02 6.5389898682e+02 6.5397100830e+02 6.5403100586e+02 6.5407598877e+02 6.5412701416e+02 6.5418902588e+02 6.5424499512e+02 6.5431500244e+02 6.5436102295e+02 6.5440698242e+02 6.5446502686e+02 6.5454199219e+02 6.5459802246e+02 6.5465600586e+02 6.5470397949e+02 6.5476000977e+02 6.5482501221e+02
6.5096697998e+02 6.5112097168e+02 6.5119897461e+02 6.5121697998e+02 6.5133300781e+02 6.5141699219e+02 6.5142297363e+02 6.5147497559e+02 6.5155102539e+02 6.5161700439e+02 6.5175201416e+02 6.5184100342e+02 6.5191198730e+02 6.5212298584e+02 6.5230401611e+02 6.5243200684e+02 6.5254699707e+02 6.5270300293e+02 6.5281896973e+02 6.5294299316e+02 6.5310998535e+02 6.5322998047e+02 6.5334301758e+02 6.5345098877e+02 6.5354400635e+02 6.5361602783e+02 6.5367901611e+02 6.5374700928e+02 6.5379400635e+02 6.5384399414e+02 6.5391699219e+02 6.5397399902e+02 6.5401599121e+02 6.5407702637e+02 6.5412701416e+02 6.5417999268e+02 6.5425598145e+02 6.5430902100e+02 6.5435998535e+02 6.5442102051e+02 6.5448699951e+02 6.5452801514e+02 6.5458001709e+02 6.5463000488e+02 6.5468298340e+02 6.5474700928e+02
6.5094000244e+02 6.5101501465e+02 6.5114898682e+02 6.5123602295e+02 6.5134698486e+02 6.5137701416e+02 6.5140100098e+02 6.5148297119e+02 6.5157702637e+02 6.5166198730e+02 6.5178002930e+02 6.5183398438e+02 6.5185998535e+02 6.5204699707e+02 6.5225897217e+02 6.5242602539e+02 6.5257299805e+02 6.5273498535e+02 6.5285198975e+02 6.5300000000e+02 6.5315698242e+02 6.5325097656e+02 6.5335101318e+02 6.5344097900e+02 6.5350701904e+02 6.5356298828e+02 6.5361602783e+02 6.5367999268e+02 6.5373297119e+02 6.5378997803e+02 6.5386297607e+02 6.5391400146e+02 6.5395697021e+02 6.5402099609e+02 6.5406896973e+02 6.5412298584e+02 6.5419396973e+02 6.5424700928e+02 6.5430499268e+02 6.5436199951e+02 6.5441101074e+02 6.5445501709e+02 6.5451098633e+02 6.5456097412e+02 6.5462097168e+02 6.5468298340e+02
6.5080297852e+02 6.5095202637e+02 6.5120397949e+02 6.5131597900e+02 6.5135797119e+02 6.5141198730e+02 6.5145898438e+02 6.5153198242e+02 6.5158599854e+02 6.5170898438e+02 6.5180102539e+02 6.5183001709e+02 6.5184399414e+02 6.5203997803e+02 6.5232501221e+02 6.5246600342e+02 6.5260498047e+02 6.5276898193e+02 6.5288000488e+02 6.5303100586e+02 6.5317602539e+02 6.5327099609e+02 6.5333697510e+02 6.5339001465e+02 6.5344396973e+02 6.5349700928e+02 6.5355200195e+02 6.5361999512e+02 6.5367999268e+02 6.5374298096e+02 6.5379998779e+02 6.5384600830e+02 6.5390802002e+02 6.5396502686e+02 6.5401000977e+02 6.5406799316e+02 6.5413897705e+02 6.5417700195e+02 6.5423699951e+02 6.5429498291e+02 6.5433801270e+02 6.5440197754e+02 6.5445599365e+02 6.5449401855e+02 6.5454602051e+02 6.5460797119e+02
6.5080999756e+02 6.5093402100e+02 6.5120599365e+02 6.5136499023e+02 6.5137902832e+02 6.5142199707e+02 6.5147198486e+02 6.5154498291e+02 6.5159802246e+02 6.5182800293e+02 6.5192102051e+02 6.5187402344e+02 6.5187298584e+02 6.5216497803e+02 6.5248199463e+02 6.5257098389e+02 6.5266497803e+02 6.5279498291e+02 6.5290600586e+02 6.5305401611e+02 6.5316802979e+02 6.5324102783e+02 6.5327801514e+02 6.5332202148e+02 6.5337298584e+02 6.5342602539e+02 6.5348999023e+02 6.5355798340e+02 6.5361297607e+02 6.5367901611e+02 6.5373901367e+02 6.5379400635e+02 6.5385198975e+02 6.5390197754e+02 6.5396301270e+02 6.5402502441e+02 6.5408801270e+02 6.5411700439e+02 6.5416998291e+02 6.5423101807e+02 6.5427099609e+02 6.5431597900e+02 6.5437902832e+02 6.5443298340e+02 6.5448101807e+02 6.5453302002e+02
6.5079400635e+02 6.5089697266e+02 6.5115399170e+02 6.5138098145e+02 6.5141601563e+02 6.5144799805e+02 6.5148498535e+02 6.5154199219e+02 6.5159301758e+02 6.5187799072e+02 6.5199102783e+02 6.5191400146e+02 6.5193402100e+02 6.5229302979e+02 6.5253698730e+02 6.5262097168e+02 6.5272302246e+02 6.5284497070e+02 6.5295501709e+02 6.5305102539e+02 6.5312500000e+02 6.5318298340e+02 6.5322198486e+02 6.5326397705e+02 6.5331402588e+02 6.5337298584e+02 6.5343402100e+02 6.5349902344e+02 6.5355401611e+02 6.5360601807e+02 6.5366998291e+02 6.5373699951e+02 6.5378997803e+02 6.5383697510e+02 6.5390301514e+02 6.5396002197e+02 6.5402801514e+02 6.5406097412e+02 6.5410601807e+02 6.5416497803e+02 6.5421697998e+02 6.5424401855e+02 6.5429998779e+02 6.5436102295e+02 6.5441302490e+02 6.5445697021e+02
6.5075299072e+02 6.5083502197e+02 6.5103399658e+02 6.5130297852e+02 6.5138500977e+02 6.5142602539e+02 6.5147497559e+02 6.5154400635e+02 6.5158197021e+02 6.5176501465e+02 6.5188800049e+02 6.5189001465e+02 6.5196002197e+02 6.5233697510e+02 6.5250299072e+02 6.5258197021e+02 6.5271997070e+02 6.5285998535e+02 6.5296197510e+02 6.5301898193e+02 6.5307202148e+02 6.5311901855e+02 6.5316497803e+02 6.5320599365e+02 6.5325897217e+02 6.5331799316e+02 6.5336999512e+02 6.5343200684e+02 6.5348498535e+02 6.5353002930e+02 6.5359997559e+02 6.5367401123e+02 6.5373101807e+02 6.5378997803e+02 6.5385198975e+02 6.5389801025e+02 6.5396099854e+02 6.5400000000e+02 6.5405700684e+02 6.5410797119e+02 6.5416302490e+02 6.5419897461e+02 6.5425299072e+02 6.5430102539e+02 6.5433599854e+02 6.5437402344e+02
