TESTSERVER/20/11.asc
NCOLS 100
NROWS 100
XLLCORNER 8.4997500000e+03
YLLCORNER 2.8940025000e+05
CELLSIZE 5.0000000000e-01
NODATA_VALUE -9.9990000000e+03
[rows 80 to 99 of 100, columns 46 to 91 of 100]
6.4361297607e+02 6.4359802246e+02 6.4358001709e+02 6.4354797363e+02 6.4352197266e+02 6.4350598145e+02 6.4348101807e+02 6.4346099854e+02 6.4343798828e+02 6.4340301514e+02 6.4338000488e+02 6.4336199951e+02 6.4334100342e+02 6.4332397461e+02 6.4330999756e+02 6.4327697754e+02 6.4325402832e+02 6.4323901367e+02 6.4320397949e+02 6.4317602539e+02 6.4317102051e+02 6.4315600586e+02 6.4314001465e+02 6.4311999512e+02 6.4310400391e+02 6.4310998535e+02 6.4308197021e+02 6.4305200195e+02 6.4303698730e+02 6.4304302979e+02 6.4303997803e+02 6.4303002930e+02 6.4302099609e+02 6.4301898193e+02 6.4302899170e+02 6.4306597900e+02 6.4314001465e+02 6.4319897461e+02 6.4325097656e+02 6.4327801514e+02 6.4329797363e+02 6.4334002686e+02 6.4334197998e+02 6.4331402588e+02 6.4330999756e+02 6.4330902100e+02
6.4359600830e+02 6.4357000732e+02 6.4354498291e+02 6.4351000977e+02 6.4348498535e+02 6.4346398926e+02 6.4344598389e+02 6.4343298340e+02 6.4341302490e+02 6.4338299561e+02 6.4336499023e+02 6.4334301758e+02 6.4331097412e+02 6.4327697754e+02 6.4326501465e+02 6.4323999023e+02 6.4321502686e+02 6.4320599365e+02 6.4318499756e+02 6.4315698242e+02 6.4313598633e+02 6.4311901855e+02 6.4309899902e+02 6.4308502197e+02 6.4307501221e+02 6.4307501221e+02 6.4304602051e+02 6.4302001953e+02 6.4300402832e+02 6.4299700928e+02 6.4298999023e+02 6.4299401855e+02 6.4299401855e+02 6.4296801758e+02 6.4295599365e+02 6.4298101807e+02 6.4303497314e+02 6.4309002686e+02 6.4318298340e+02 6.4324102783e+02 6.4325500488e+02 6.4328900146e+02 6.4330798340e+02 6.4329998779e+02 6.4328497314e+02 6.4327600098e+02
6.4358197021e+02 6.4355102539e+02 6.4352697754e+02 6.4349597168e+02 6.4347601318e+02 6.4346002197e+02 6.4343701172e+02 6.4341900635e+02 6.4338702393e+02 6.4334497070e+02 6.4332800293e+02 6.4330102539e+02 6.4327502441e+02 6.4323199463e+02 6.4321801758e+02 6.4320300293e+02 6.4317901611e+02 6.4317297363e+02 6.4315997314e+02 6.4313598633e+02 6.4310601807e+02 6.4309899902e+02 6.4307800293e+02 6.4305902100e+02 6.4303997803e+02 6.4302899170e+02 6.4300799561e+02 6.4298901367e+02 6.4297497559e+02 6.4296301270e+02 6.4294396973e+02 6.4295098877e+02 6.4295300293e+02 6.4291998291e+02 6.4290002441e+02 6.4291400146e+02 6.4295202637e+02 6.4298602295e+02 6.4305603027e+02 6.4314202881e+02 6.4321398926e+02 6.4325000000e+02 6.4326800537e+02 6.4327801514e+02 6.4327502441e+02 6.4326397705e+02
6.4355798340e+02 6.4353198242e+02 6.4350701904e+02 6.4347802734e+02 6.4346099854e+02 6.4344097900e+02 6.4341302490e+02 6.4339099121e+02 6.4335797119e+02 6.4331799316e+02 6.4330603027e+02 6.4328100586e+02 6.4325897217e+02 6.4322198486e+02 6.4319897461e+02 6.4317797852e+02 6.4314898682e+02 6.4314099121e+02 6.4312500000e+02 6.4310302734e+02 6.4307501221e+02 6.4307000732e+02 6.4305401611e+02 6.4303198242e+02 6.4301599121e+02 6.4299597168e+02 6.4297900391e+02 6.4295898438e+02 6.4294000244e+02 6.4293200684e+02 6.4290899658e+02 6.4290997314e+02 6.4290698242e+02 6.4288598633e+02 6.4287097168e+02 6.4287402344e+02 6.4289202881e+02 6.4289501953e+02 6.4293798828e+02 6.4303100586e+02 6.4314398193e+02 6.4320501709e+02 6.4322802734e+02 6.4324102783e+02 6.4325799561e+02 6.4325500488e+02
6.4352899170e+02 6.4351300049e+02 6.4349102783e+02 6.4346002197e+02 6.4344201660e+02 6.4340600586e+02 6.4338500977e+02 6.4336297607e+02 6.4332800293e+02 6.4330902100e+02 6.4329101563e+02 6.4326202393e+02 6.4323199463e+02 6.4320202637e+02 6.4317797852e+02 6.4315502930e+02 6.4312799072e+02 6.4311798096e+02 6.4309899902e+02 6.4307000732e+02 6.4303997803e+02 6.4304602051e+02 6.4302600098e+02 6.4300799561e+02 6.4301397705e+02 6.4298101807e+02 6.4295800781e+02 6.4292999268e+02 6.4290899658e+02 6.4291400146e+02 6.4289300537e+02 6.4288201904e+02 6.4286401367e+02 6.4285302734e+02 6.4284301758e+02 6.4283398438e+02 6.4283099365e+02 6.4283001709e+02 6.4285998535e+02 6.4293103027e+02 6.4304498291e+02 6.4315002441e+02 6.4319897461e+02 6.4321502686e+02 6.4324298096e+02 6.4323901367e+02
6.4351501465e+02 6.4349597168e+02 6.4346899414e+02 6.4344000244e+02 6.4342401123e+02 6.4338702393e+02 6.4337200928e+02 6.4335601807e+02 6.4332299805e+02 6.4328601074e+02 6.4325897217e+02 6.4323901367e+02 6.4321899414e+02 6.4318902588e+02 6.4316699219e+02 6.4313500977e+02 6.4310101318e+02 6.4309399414e+02 6.4307897949e+02 6.4305603027e+02 6.4302697754e+02 6.4303100586e+02 6.4301397705e+02 6.4299401855e+02 6.4298199463e+02 6.4295300293e+02 6.4295098877e+02 6.4293499756e+02 6.4290100098e+02 6.4289599609e+02 6.4286999512e+02 6.4284997559e+02 6.4283502197e+02 6.4281799316e+02 6.4280102539e+02 6.4279302979e+02 6.4279901123e+02 6.4278198242e+02 6.4279901123e+02 6.4285797119e+02 6.4294799805e+02 6.4305999756e+02 6.4314599609e+02 6.4319299316e+02 6.4321398926e+02 6.4322399902e+02
6.4349401855e+02 6.4347900391e+02 6.4345599365e+02 6.4343298340e+02 6.4340899658e+02 6.4337402344e+02 6.4335400391e+02 6.4334002686e+02 6.4330999756e+02 6.4327600098e+02 6.4323999023e+02 6.4321398926e+02 6.4320501709e+02 6.4317602539e+02 6.4315600586e+02 6.4312799072e+02 6.4308898926e+02 6.4307800293e+02 6.4306298828e+02 6.4304498291e+02 6.4302099609e+02 6.4301000977e+02 6.4298797607e+02 6.4295800781e+02 6.4294500732e+02 6.4292901611e+02 6.4292700195e+02 6.4291601563e+02 6.4288098145e+02 6.4286499023e+02 6.4284899902e+02 6.4283697510e+02 6.4282000732e+02 6.4279602051e+02 6.4277697754e+02 6.4276397705e+02 6.4277001953e+02 6.4275897217e+02 6.4276098633e+02 6.4278497314e+02 6.4284600830e+02 6.4295397949e+02 6.4307702637e+02 6.4316601563e+02 6.4318798828e+02 6.4320300293e+02
6.4347497559e+02 6.4344799805e+02 6.4341900635e+02 6.4340399170e+02 6.4338500977e+02 6.4335699463e+02 6.4333099365e+02 6.4331097412e+02 6.4327502441e+02 6.4326800537e+02 6.4323999023e+02 6.4320098877e+02 6.4318499756e+02 6.4315100098e+02 6.4313598633e+02 6.4311297607e+02 6.4306896973e+02 6.4305603027e+02 6.4303997803e+02 6.4302301025e+02 6.4300500488e+02 6.4298699951e+02 6.4296197510e+02 6.4293298340e+02 6.4292401123e+02 6.4291101074e+02 6.4289202881e+02 6.4288299561e+02 6.4286297607e+02 6.4282598877e+02 6.4280700684e+02 6.4280999756e+02 6.4279498291e+02 6.4277301025e+02 6.4275402832e+02 6.4273602295e+02 6.4273297119e+02 6.4272302246e+02 6.4272802734e+02 6.4272998047e+02 6.4277502441e+02 6.4287298584e+02 6.4300097656e+02 6.4311297607e+02 6.4316998291e+02 6.4318597412e+02
6.4344897461e+02 6.4343798828e+02 6.4340399170e+02 6.4338897705e+02 6.4337402344e+02 6.4334301758e+02 6.4332299805e+02 6.4329797363e+02 6.4324298096e+02 6.4323400879e+02 6.4322302246e+02 6.4318798828e+02 6.4315502930e+02 6.4311901855e+02 6.4310699463e+02 6.4308099365e+02 6.4303601074e+02 6.4302502441e+02 6.4301397705e+02 6.4299298096e+02 6.4296801758e+02 6.4294702148e+02 6.4293597412e+02 6.4292297363e+02 6.4290301514e+02 6.4287701416e+02 6.4285699463e+02 6.4285498047e+02 6.4283001709e+02 6.4281597900e+02 6.4279302979e+02 6.4279498291e+02 6.4277301025e+02 6.4274401855e+02 6.4273199463e+02 6.4272399902e+02 6.4271997070e+02 6.4269598389e+02 6.4270697021e+02 6.4271301270e+02 6.4271600342e+02 6.4279101563e+02 6.4290002441e+02 6.4303399658e+02 6.4314697266e+02 6.4317602539e+02
6.4343200684e+02 6.4341998291e+02 6.4339801025e+02 6.4337902832e+02 6.4335900879e+02 6.4333099365e+02 6.4330700684e+02 6.4327398682e+02 6.4321600342e+02 6.4319702148e+02 6.4317797852e+02 6.4315502930e+02 6.4314398193e+02 6.4309100342e+02 6.4306402588e+02 6.4303900146e+02 6.4300299072e+02 6.4298999023e+02 6.4297900391e+02 6.4295397949e+02 6.4293798828e+02 6.4291302490e+02 6.4288897705e+02 6.4288000488e+02 6.4286901855e+02 6.4285302734e+02 6.4283300781e+02 6.4282397461e+02 6.4279699707e+02 6.4278997803e+02 6.4277697754e+02 6.4277600098e+02 6.4276000977e+02 6.4273297119e+02 6.4271997070e+02 6.4272399902e+02 6.4270800781e+02 6.4268499756e+02 6.4269201660e+02 6.4269097900e+02 6.4269500732e+02 6.4274102783e+02 6.4284100342e+02 6.4297802734e+02 6.4309002686e+02 6.4314697266e+02
6.4342700195e+02 6.4341302490e+02 6.4339599609e+02 6.4337701416e+02 6.4334899902e+02 6.4331097412e+02 6.4329101563e+02 6.4326000977e+02 6.4320599365e+02 6.4317102051e+02 6.4313702393e+02 6.4312597656e+02 6.4312701416e+02 6.4306896973e+02 6.4303100586e+02 6.4299700928e+02 6.4296301270e+02 6.4295501709e+02 6.4294097900e+02 6.4292498779e+02 6.4292498779e+02 6.4289898682e+02 6.4286297607e+02 6.4284600830e+02 6.4284600830e+02 6.4284002686e+02 6.4282098389e+02 6.4281201172e+02 6.4278198242e+02 6.4277801514e+02 6.4276800537e+02 6.4276599121e+02 6.4274902344e+02 6.4273199463e+02 6.4272399902e+02 6.4272900391e+02 6.4270501709e+02 6.4268701172e+02 6.4269299316e+02 6.4267700195e+02 6.4268499756e+02 6.4271801758e+02 6.4279602051e+02 6.4290802002e+02 6.4301599121e+02 6.4310198975e+02
6.4341699219e+02 6.4340100098e+02 6.4338201904e+02 6.4336700439e+02 6.4334600830e+02 6.4330200195e+02 6.4328698730e+02 6.4325897217e+02 6.4320599365e+02 6.4316699219e+02 6.4312701416e+02 6.4311199951e+02 6.4310302734e+02 6.4305603027e+02 6.4302600098e+02 6.4299102783e+02 6.4295001221e+02 6.4294396973e+02 6.4293200684e+02 6.4292700195e+02 6.4292498779e+02 6.4290399170e+02 6.4287799072e+02 6.4286102295e+02 6.4285498047e+02 6.4284197998e+02 6.4282202148e+02 6.4281402588e+02 6.4278698730e+02 6.4278601074e+02 6.4277099609e+02 6.4276800537e+02 6.4275299072e+02 6.4273999023e+02 6.4272601318e+02 6.4272100830e+02 6.4270202637e+02 6.4268499756e+02 6.4269097900e+02 6.4267297363e+02 6.4267901611e+02 6.4270001221e+02 6.4275701904e+02 6.4284600830e+02 6.4295202637e+02 6.4304602051e+02
6.4341302490e+02 6.4339202881e+02 6.4336901855e+02 6.4334600830e+02 6.4332800293e+02 6.4329498291e+02 6.4327301025e+02 6.4324700928e+02 6.4319799805e+02 6.4316900635e+02 6.4314001465e+02 6.4311401367e+02 6.4309497070e+02 6.4306500244e+02 6.4304498291e+02 6.4301898193e+02 6.4298498535e+02 6.4297100830e+02 6.4294799805e+02 6.4293298340e+02 6.4291998291e+02 6.4290002441e+02 6.4287799072e+02 6.4286499023e+02 6.4286499023e+02 6.4283801270e+02 6.4281896973e+02 6.4281597900e+02 6.4278601074e+02 6.4278302002e+02 6.4275799561e+02 6.4274102783e+02 6.4273699951e+02 6.4273199463e+02 6.4271099854e+02 6.4271002197e+02 6.4270697021e+02 6.4266900635e+02 6.4266699219e+02 6.4266198730e+02 6.4266900635e+02 6.4267901611e+02 6.4273199463e+02 6.4281402588e+02 6.4291198730e+02 6.4299902344e+02
6.4341601563e+02 6.4339099121e+02 6.4336499023e+02 6.4333502197e+02 6.4331298828e+02 6.4328198242e+02 6.4325000000e+02 6.4323901367e+02 6.4321099854e+02 6.4318798828e+02 6.4315002441e+02 6.4311602783e+02 6.4310400391e+02 6.4306701660e+02 6.4304400635e+02 6.4302801514e+02 6.4300799561e+02 6.4299597168e+02 6.4296697998e+02 6.4294799805e+02 6.4292401123e+02 6.4290197754e+02 6.4288000488e+02 6.4286499023e+02 6.4286999512e+02 6.4284497070e+02 6.4281597900e+02 6.4280200195e+02 6.4278100586e+02 6.4275402832e+02 6.4272302246e+02 6.4271002197e+02 6.4269799805e+02 6.4270397949e+02 6.4269396973e+02 6.4268902588e+02 6.4268402100e+02 6.4266302490e+02 6.4265301514e+02 6.4265197754e+02 6.4265997314e+02 6.4266400146e+02 6.4271600342e+02 6.4277697754e+02 6.4286199951e+02 6.4295397949e+02
6.4340002441e+02 6.4337402344e+02 6.4335400391e+02 6.4332702637e+02 6.4330798340e+02 6.4327600098e+02 6.4324597168e+02 6.4324102783e+02 6.4320898438e+02 6.4318798828e+02 6.4314801025e+02 6.4311199951e+02 6.4310101318e+02 6.4306500244e+02 6.4304901123e+02 6.4303698730e+02 6.4300402832e+02 6.4298297119e+02 6.4296899414e+02 6.4295599365e+02 6.4292700195e+02 6.4290997314e+02 6.4288598633e+02 6.4286199951e+02 6.4284997559e+02 6.4283398438e+02 6.4280700684e+02 6.4277899170e+02 6.4276599121e+02 6.4273999023e+02 6.4270697021e+02 6.4269500732e+02 6.4267700195e+02 6.4269299316e+02 6.4269299316e+02 6.4269396973e+02 6.4268103027e+02 6.4266198730e+02 6.4264697266e+02 6.4263702393e+02 6.4264202881e+02 6.4265600586e+02 6.4269396973e+02 6.4273297119e+02 6.4282000732e+02 6.4290997314e+02
6.4339599609e+02 6.4337200928e+02 6.4335498047e+02 6.4333099365e+02 6.4331402588e+02 6.4327899170e+02 6.4325799561e+02 6.4324401855e+02 6.4320300293e+02 6.4318597412e+02 6.4315600586e+02 6.4312701416e+02 6.4310699463e+02 6.4307202148e+02 6.4305999756e+02 6.4304797363e+02 6.4300500488e+02 6.4297497559e+02 6.4296398926e+02 6.4295599365e+02 6.4293200684e+02 6.4290899658e+02 6.4288397217e+02 6.4285498047e+02 6.4282702637e+02 6.4283001709e+02 6.4281799316e+02 6.4278399658e+02 6.4275799561e+02 6.4273901367e+02 6.4270599365e+02 6.4269299316e+02 6.4267901611e+02 6.4269201660e+02 6.4269097900e+02 6.4269000244e+02 6.4267602539e+02 6.4265399170e+02 6.4264501953e+02 6.4262799072e+02 6.4262902832e+02 6.4265002441e+02 6.4267401123e+02 6.4270501709e+02 6.4278997803e+02 6.4286798096e+02
6.4338397217e+02 6.4337402344e+02 6.4336602783e+02 6.4334002686e+02 6.4331298828e+02 6.4327600098e+02 6.4326599121e+02 6.4323999023e+02 6.4318499756e+02 6.4317999268e+02 6.4315997314e+02 6.4313897705e+02 6.4313201904e+02 6.4309002686e+02 6.4306799316e+02 6.4304602051e+02 6.4301098633e+02 6.4299200439e+02 6.4297100830e+02 6.4294897461e+02 6.4293298340e+02 6.4290100098e+02 6.4288702393e+02 6.4286602783e+02 6.4282397461e+02 6.4283697510e+02 6.4283398438e+02 6.4279797363e+02 6.4275299072e+02 6.4273400879e+02 6.4270697021e+02 6.4270202637e+02 6.4269897461e+02 6.4270300293e+02 6.4270001221e+02 6.4268597412e+02 6.4267199707e+02 6.4265899658e+02 6.4265301514e+02 6.4264202881e+02 6.4262902832e+02 6.4263397217e+02 6.4265502930e+02 6.4270098877e+02 6.4275701904e+02 6.4282897949e+02
6.4338397217e+02 6.4335797119e+02 6.4334497070e+02 6.4332000732e+02 6.4330200195e+02 6.4326800537e+02 6.4326300049e+02 6.4325500488e+02 6.4321197510e+02 6.4319598389e+02 6.4317602539e+02 6.4314898682e+02 6.4313897705e+02 6.4311297607e+02 6.4308197021e+02 6.4304602051e+02 6.4300701904e+02 6.4301098633e+02 6.4299102783e+02 6.4295202637e+02 6.4293103027e+02 6.4289398193e+02 6.4288098145e+02 6.4286401367e+02 6.4283099365e+02 6.4283001709e+02 6.4282299805e+02 6.4280401611e+02 6.4276501465e+02 6.4273797607e+02 6.4270001221e+02 6.4269598389e+02 6.4269799805e+02 6.4270300293e+02 6.4270397949e+02 6.4269299316e+02 6.4267901611e+02 6.4266101074e+02 6.4264099121e+02 6.4262701416e+02 6.4264202881e+02 6.4263800049e+02 6.4263800049e+02 6.4267498779e+02 6.4273797607e+02 6.4279998779e+02
6.4338500977e+02 6.4336297607e+02 6.4335198975e+02 6.4332598877e+02 6.4330200195e+02 6.4327099609e+02 6.4326000977e+02 6.4325500488e+02 6.4322802734e+02 6.4321197510e+02 6.4318701172e+02 6.4315600586e+02 6.4313201904e+02 6.4311602783e+02 6.4309899902e+02 6.4306799316e+02 6.4302600098e+02 6.4302398682e+02 6.4300097656e+02 6.4296899414e+02 6.4294702148e+02 6.4291400146e+02 6.4289398193e+02 6.4287097168e+02 6.4284197998e+02 6.4282397461e+02 6.4281402588e+02 6.4280499268e+02 6.4277099609e+02 6.4275201416e+02 6.4271502686e+02 6.4270001221e+02 6.4269396973e+02 6.4270098877e+02 6.4269799805e+02 6.4269201660e+02 6.4267700195e+02 6.4266400146e+02 6.4264801025e+02 6.4263000488e+02 6.4263800049e+02 6.4263397217e+02 6.4264300537e+02 6.4266900635e+02 6.4272601318e+02 6.4278302002e+02
6.4339001465e+02 6.4337701416e+02 6.4336199951e+02 6.4332800293e+02 6.4329797363e+02 6.4328002930e+02 6.4326800537e+02 6.4325201416e+02 6.4322900391e+02 6.4320800781e+02 6.4317797852e+02 6.4315002441e+02 6.4313201904e+02 6.4311901855e+02 6.4310601807e+02 6.4308197021e+02 6.4305499268e+02 6.4303997803e+02 6.4300500488e+02 6.4297698975e+02 6.4296600342e+02 6.4294097900e+02 6.4291497803e+02 6.4288500977e+02 6.4286199951e+02 6.4283898926e+02 6.4281896973e+02 6.4280700684e+02 6.4277899170e+02 6.4277301025e+02 6.4273999023e+02 6.4271997070e+02 6.4270697021e+02 6.4271398926e+02 6.4269799805e+02 6.4269097900e+02 6.4267602539e+02 6.4265997314e+02 6.4265502930e+02 6.4264697266e+02 6.4263897705e+02 6.4263299561e+02 6.4265002441e+02 6.4265997314e+02 6.4270300293e+02 6.4276300049e+02
