TESTSERVER/20/11.asc
NCOLS 100
NROWS 100
XLLCORNER 8.4997500000e+03
YLLCORNER 2.8940025000e+05
CELLSIZE 5.0000000000e-01
NODATA_VALUE -9.9990000000e+03
[rows 80 to 99 of 100, columns 0 to 45 of 100]
6.4348901367e+02 6.4348297119e+02 6.4347497559e+02 6.4347698975e+02 6.4350500488e+02 6.4354101563e+02 6.4354901123e+02 6.4358398438e+02 6.4360498047e+02 6.4362200928e+02 6.4365600586e+02 6.4367797852e+02 6.4369799805e+02 6.4371801758e+02 6.4371801758e+02 6.4373199463e+02 6.4374597168e+02 6.4375201416e+02 6.4377600098e+02 6.4381701660e+02 6.4384100342e+02 6.4384698486e+02 6.4386499023e+02 6.4388098145e+02 6.4388000488e+02 6.4389398193e+02 6.4389300537e+02 6.4389898682e+02 6.4390802002e+02 6.4390301514e+02 6.4388000488e+02 6.4390399170e+02 6.4390002441e+02 6.4388098145e+02 6.4386199951e+02 6.4385498047e+02 6.4384698486e+02 6.4382800293e+02 6.4380401611e+02 6.4379602051e+02 6.4375897217e+02 6.4372998047e+02 6.4371899414e+02 6.4369000244e+02 6.4366900635e+02 6.4365301514e+02
6.4344799805e+02 6.4344799805e+02 6.4346002197e+02 6.4346301270e+02 6.4347497559e+02 6.4349597168e+02 6.4350402832e+02 6.4354400635e+02 6.4357202148e+02 6.4358801270e+02 6.4361999512e+02 6.4364300537e+02 6.4366400146e+02 6.4368499756e+02 6.4368701172e+02 6.4371600342e+02 6.4373797607e+02 6.4373999023e+02 6.4374401855e+02 6.4377697754e+02 6.4380102539e+02 6.4381500244e+02 6.4383801270e+02 6.4385498047e+02 6.4385601807e+02 6.4386199951e+02 6.4385198975e+02 6.4386499023e+02 6.4388201904e+02 6.4387701416e+02 6.4386401367e+02 6.4387298584e+02 6.4386102295e+02 6.4384197998e+02 6.4382897949e+02 6.4382501221e+02 6.4380700684e+02 6.4378302002e+02 6.4376397705e+02 6.4375799561e+02 6.4372998047e+02 6.4370599365e+02 6.4370397949e+02 6.4366302490e+02 6.4363299561e+02 6.4362701416e+02
6.4340002441e+02 6.4341101074e+02 6.4343701172e+02 6.4344598389e+02 6.4345697021e+02 6.4347497559e+02 6.4348699951e+02 6.4351800537e+02 6.4353802490e+02 6.4354901123e+02 6.4358001709e+02 6.4360900879e+02 6.4363000488e+02 6.4365301514e+02 6.4365600586e+02 6.4368701172e+02 6.4371197510e+02 6.4371697998e+02 6.4372900391e+02 6.4374798584e+02 6.4375701904e+02 6.4376397705e+02 6.4379498291e+02 6.4381799316e+02 6.4382202148e+02 6.4382800293e+02 6.4382098389e+02 6.4384497070e+02 6.4386102295e+02 6.4385601807e+02 6.4384301758e+02 6.4383599854e+02 6.4382501221e+02 6.4381402588e+02 6.4381298828e+02 6.4380297852e+02 6.4377502441e+02 6.4375299072e+02 6.4374200439e+02 6.4373400879e+02 6.4370001221e+02 6.4368200684e+02 6.4368902588e+02 6.4364099121e+02 6.4361297607e+02 6.4361401367e+02
6.4335900879e+02 6.4336602783e+02 6.4339599609e+02 6.4342401123e+02 6.4344097900e+02 6.4345501709e+02 6.4346997070e+02 6.4349298096e+02 6.4350299072e+02 6.4351202393e+02 6.4354699707e+02 6.4358502197e+02 6.4360198975e+02 6.4362097168e+02 6.4362701416e+02 6.4365997314e+02 6.4368798828e+02 6.4370098877e+02 6.4372302246e+02 6.4373498535e+02 6.4373901367e+02 6.4374102783e+02 6.4375799561e+02 6.4378198242e+02 6.4378900146e+02 6.4379199219e+02 6.4378802490e+02 6.4381500244e+02 6.4383502197e+02 6.4383398438e+02 6.4381201172e+02 6.4379602051e+02 6.4378900146e+02 6.4378302002e+02 6.4378497314e+02 6.4377801514e+02 6.4374102783e+02 6.4371997070e+02 6.4371801758e+02 6.4370898438e+02 6.4367700195e+02 6.4366497803e+02 6.4366198730e+02 6.4361901855e+02 6.4360198975e+02 6.4359399414e+02
6.4333197021e+02 6.4333197021e+02 6.4336199951e+02 6.4340197754e+02 6.4341998291e+02 6.4342700195e+02 6.4343499756e+02 6.4346801758e+02 6.4346697998e+02 6.4348400879e+02 6.4352099609e+02 6.4356597900e+02 6.4358502197e+02 6.4360797119e+02 6.4361700439e+02 6.4364001465e+02 6.4366802979e+02 6.4367498779e+02 6.4366900635e+02 6.4370098877e+02 6.4372601318e+02 6.4372497559e+02 6.4373297119e+02 6.4376098633e+02 6.4377697754e+02 6.4378302002e+02 6.4377502441e+02 6.4378302002e+02 6.4380200195e+02 6.4381201172e+02 6.4378900146e+02 6.4378100586e+02 6.4378497314e+02 6.4377301025e+02 6.4375000000e+02 6.4376501465e+02 6.4374102783e+02 6.4371801758e+02 6.4369897461e+02 6.4368103027e+02 6.4365301514e+02 6.4364300537e+02 6.4362500000e+02 6.4360101318e+02 6.4358898926e+02 6.4356701660e+02
6.4331402588e+02 6.4332202148e+02 6.4334899902e+02 6.4337097168e+02 6.4338897705e+02 6.4340197754e+02 6.4341400146e+02 6.4344201660e+02 6.4345501709e+02 6.4348199463e+02 6.4351098633e+02 6.4353698730e+02 6.4356298828e+02 6.4357202148e+02 6.4357897949e+02 6.4362298584e+02 6.4365899658e+02 6.4366601563e+02 6.4366802979e+02 6.4369000244e+02 6.4371099854e+02 6.4370001221e+02 6.4372399902e+02 6.4373602295e+02 6.4374102783e+02 6.4376397705e+02 6.4376098633e+02 6.4375701904e+02 6.4376501465e+02 6.4377099609e+02 6.4376599121e+02 6.4376397705e+02 6.4376599121e+02 6.4375299072e+02 6.4375201416e+02 6.4373797607e+02 6.4371997070e+02 6.4370001221e+02 6.4367199707e+02 6.4365301514e+02 6.4362402344e+02 6.4361297607e+02 6.4360302734e+02 6.4357800293e+02 6.4356402588e+02 6.4355200195e+02
6.4327001953e+02 6.4328601074e+02 6.4331799316e+02 6.4335101318e+02 6.4336901855e+02 6.4338098145e+02 6.4340197754e+02 6.4342602539e+02 6.4344299316e+02 6.4346801758e+02 6.4349298096e+02 6.4351300049e+02 6.4354400635e+02 6.4355700684e+02 6.4357098389e+02 6.4360900879e+02 6.4363702393e+02 6.4365100098e+02 6.4366802979e+02 6.4367901611e+02 6.4368902588e+02 6.4367498779e+02 6.4369500732e+02 6.4371002197e+02 6.4371697998e+02 6.4373400879e+02 6.4372900391e+02 6.4372998047e+02 6.4372998047e+02 6.4373101807e+02 6.4373101807e+02 6.4373498535e+02 6.4373797607e+02 6.4371997070e+02 6.4372698975e+02 6.4370300293e+02 6.4369201660e+02 6.4367199707e+02 6.4364801025e+02 6.4363598633e+02 6.4361102295e+02 6.4359100342e+02 6.4358398438e+02 6.4355999756e+02 6.4354199219e+02 6.4352899170e+02
6.4323999023e+02 6.4326000977e+02 6.4329400635e+02 6.4332897949e+02 6.4334802246e+02 6.4336102295e+02 6.4338201904e+02 6.4340899658e+02 6.4342297363e+02 6.4344500732e+02 6.4348101807e+02 6.4349700928e+02 6.4351300049e+02 6.4353698730e+02 6.4355999756e+02 6.4358398438e+02 6.4360101318e+02 6.4361499023e+02 6.4364300537e+02 6.4365997314e+02 6.4367199707e+02 6.4366699219e+02 6.4367797852e+02 6.4370098877e+02 6.4370800781e+02 6.4371197510e+02 6.4370098877e+02 6.4370898438e+02 6.4371301270e+02 6.4371301270e+02 6.4370501709e+02 6.4371398926e+02 6.4372100830e+02 6.4369702148e+02 6.4369299316e+02 6.4366900635e+02 6.4366601563e+02 6.4364599609e+02 6.4363299561e+02 6.4362298584e+02 6.4359698486e+02 6.4357598877e+02 6.4357397461e+02 6.4354901123e+02 6.4352398682e+02 6.4350897217e+02
6.4321600342e+02 6.4323797607e+02 6.4326397705e+02 6.4328302002e+02 6.4331597900e+02 6.4334002686e+02 6.4335400391e+02 6.4338098145e+02 6.4340399170e+02 6.4342797852e+02 6.4346600342e+02 6.4347802734e+02 6.4348901367e+02 6.4352398682e+02 6.4354602051e+02 6.4358099365e+02 6.4359899902e+02 6.4359899902e+02 6.4360900879e+02 6.4363201904e+02 6.4365301514e+02 6.4366101074e+02 6.4367297363e+02 6.4368701172e+02 6.4368597412e+02 6.4368701172e+02 6.4369000244e+02 6.4369799805e+02 6.4370898438e+02 6.4371301270e+02 6.4370599365e+02 6.4369201660e+02 6.4368597412e+02 6.4368103027e+02 6.4367602539e+02 6.4366497803e+02 6.4365698242e+02 6.4362902832e+02 6.4362701416e+02 6.4360498047e+02 6.4357897949e+02 6.4356799316e+02 6.4355603027e+02 6.4351898193e+02 6.4350299072e+02 6.4348199463e+02
6.4320001221e+02 6.4322399902e+02 6.4324102783e+02 6.4326800537e+02 6.4329498291e+02 6.4331597900e+02 6.4333197021e+02 6.4334698486e+02 6.4336798096e+02 6.4339202881e+02 6.4342797852e+02 6.4344799805e+02 6.4347900391e+02 6.4351599121e+02 6.4352398682e+02 6.4354998779e+02 6.4357598877e+02 6.4358801270e+02 6.4360400391e+02 6.4362097168e+02 6.4363000488e+02 6.4364501953e+02 6.4366400146e+02 6.4368298340e+02 6.4368298340e+02 6.4366998291e+02 6.4367401123e+02 6.4368701172e+02 6.4368298340e+02 6.4368701172e+02 6.4367999268e+02 6.4367901611e+02 6.4367297363e+02 6.4366101074e+02 6.4364501953e+02 6.4363800049e+02 6.4363500977e+02 6.4362402344e+02 6.4361700439e+02 6.4359002686e+02 6.4356799316e+02 6.4355401611e+02 6.4352801514e+02 6.4350000000e+02 6.4349499512e+02 6.4347698975e+02
6.4316601563e+02 6.4319097900e+02 6.4322698975e+02 6.4326098633e+02 6.4327801514e+02 6.4329699707e+02 6.4332501221e+02 6.4334197998e+02 6.4335900879e+02 6.4337902832e+02 6.4340802002e+02 6.4343200684e+02 6.4346502686e+02 6.4348999023e+02 6.4350201416e+02 6.4352600098e+02 6.4355499268e+02 6.4357598877e+02 6.4359301758e+02 6.4360302734e+02 6.4361102295e+02 6.4362500000e+02 6.4364398193e+02 6.4367199707e+02 6.4368499756e+02 6.4366900635e+02 6.4365997314e+02 6.4366497803e+02 6.4365698242e+02 6.4366699219e+02 6.4365802002e+02 6.4365899658e+02 6.4366198730e+02 6.4364300537e+02 6.4362902832e+02 6.4361102295e+02 6.4359399414e+02 6.4358300781e+02 6.4358801270e+02 6.4356500244e+02 6.4354602051e+02 6.4353802490e+02 6.4351397705e+02 6.4348602295e+02 6.4347497559e+02 6.4346398926e+02
6.4314202881e+02 6.4316400146e+02 6.4320697021e+02 6.4324200439e+02 6.4325402832e+02 6.4327099609e+02 6.4330603027e+02 6.4333099365e+02 6.4334899902e+02 6.4336700439e+02 6.4340600586e+02 6.4343402100e+02 6.4345898438e+02 6.4346997070e+02 6.4348400879e+02 6.4350897217e+02 6.4353698730e+02 6.4356298828e+02 6.4358599854e+02 6.4360400391e+02 6.4361401367e+02 6.4362500000e+02 6.4363598633e+02 6.4364697266e+02 6.4366302490e+02 6.4365399170e+02 6.4364300537e+02 6.4364599609e+02 6.4364801025e+02 6.4366802979e+02 6.4364898682e+02 6.4364599609e+02 6.4365698242e+02 6.4363201904e+02 6.4361700439e+02 6.4359802246e+02 6.4356597900e+02 6.4354699707e+02 6.4354602051e+02 6.4353302002e+02 6.4351501465e+02 6.4350897217e+02 6.4350000000e+02 6.4346899414e+02 6.4344702148e+02 6.4344097900e+02
6.4314001465e+02 6.4315997314e+02 6.4317999268e+02 6.4322302246e+02 6.4324102783e+02 6.4325000000e+02 6.4327001953e+02 6.4330499268e+02 6.4332098389e+02 6.4334399414e+02 6.4339202881e+02 6.4342401123e+02 6.4345697021e+02 6.4347497559e+02 6.4347100830e+02 6.4349597168e+02 6.4352600098e+02 6.4354498291e+02 6.4356097412e+02 6.4359698486e+02 6.4360900879e+02 6.4361499023e+02 6.4363500977e+02 6.4364001465e+02 6.4364300537e+02 6.4364099121e+02 6.4363098145e+02 6.4363897705e+02 6.4364697266e+02 6.4365600586e+02 6.4363299561e+02 6.4364099121e+02 6.4364202881e+02 6.4360601807e+02 6.4359802246e+02 6.4359197998e+02 6.4356201172e+02 6.4353900146e+02 6.4353997803e+02 6.4353002930e+02 6.4350598145e+02 6.4350402832e+02 6.4350201416e+02 6.4346600342e+02 6.4344299316e+02 6.4343597412e+02
6.4311901855e+02 6.4315301514e+02 6.4317999268e+02 6.4322601318e+02 6.4324499512e+02 6.4324798584e+02 6.4327697754e+02 6.4331597900e+02 6.4332702637e+02 6.4334600830e+02 6.4338500977e+02 6.4341302490e+02 6.4344299316e+02 6.4346398926e+02 6.4346899414e+02 6.4350201416e+02 6.4353302002e+02 6.4353900146e+02 6.4355603027e+02 6.4358197021e+02 6.4358697510e+02 6.4359698486e+02 6.4362799072e+02 6.4363897705e+02 6.4363299561e+02 6.4363702393e+02 6.4363897705e+02 6.4363397217e+02 6.4363397217e+02 6.4363598633e+02 6.4361602783e+02 6.4362597656e+02 6.4362500000e+02 6.4359698486e+02 6.4358697510e+02 6.4357397461e+02 6.4355401611e+02 6.4353497314e+02 6.4353399658e+02 6.4352301025e+02 6.4350799561e+02 6.4349200439e+02 6.4348199463e+02 6.4346002197e+02 6.4343902588e+02 6.4343103027e+02
6.4308801270e+02 6.4312402344e+02 6.4315100098e+02 6.4319000244e+02 6.4322399902e+02 6.4324798584e+02 6.4328302002e+02 6.4331597900e+02 6.4332800293e+02 6.4334802246e+02 6.4337597656e+02 6.4339697266e+02 6.4342700195e+02 6.4345300293e+02 6.4346002197e+02 6.4349902344e+02 6.4353302002e+02 6.4354498291e+02 6.4355999756e+02 6.4357098389e+02 6.4357598877e+02 6.4358099365e+02 6.4360900879e+02 6.4362597656e+02 6.4362701416e+02 6.4363201904e+02 6.4363299561e+02 6.4362799072e+02 6.4363299561e+02 6.4363702393e+02 6.4360699463e+02 6.4360198975e+02 6.4360498047e+02 6.4359301758e+02 6.4358398438e+02 6.4357202148e+02 6.4357702637e+02 6.4355798340e+02 6.4353601074e+02 6.4350701904e+02 6.4349401855e+02 6.4347698975e+02 6.4346697998e+02 6.4345202637e+02 6.4342401123e+02 6.4341198730e+02
6.4306896973e+02 6.4310400391e+02 6.4312200928e+02 6.4315002441e+02 6.4319500732e+02 6.4323901367e+02 6.4327600098e+02 6.4330603027e+02 6.4333001709e+02 6.4335400391e+02 6.4336999512e+02 6.4337799072e+02 6.4341400146e+02 6.4344897461e+02 6.4345599365e+02 6.4348699951e+02 6.4351898193e+02 6.4354101563e+02 6.4356500244e+02 6.4356896973e+02 6.4356896973e+02 6.4356896973e+02 6.4359100342e+02 6.4360601807e+02 6.4361798096e+02 6.4362298584e+02 6.4361901855e+02 6.4361499023e+02 6.4361999512e+02 6.4362500000e+02 6.4359802246e+02 6.4358898926e+02 6.4359698486e+02 6.4359301758e+02 6.4358697510e+02 6.4356500244e+02 6.4357000732e+02 6.4355499268e+02 6.4353997803e+02 6.4350402832e+02 6.4348400879e+02 6.4346899414e+02 6.4345898438e+02 6.4345300293e+02 6.4342602539e+02 6.4341302490e+02
6.4305499268e+02 6.4309399414e+02 6.4311297607e+02 6.4313201904e+02 6.4317498779e+02 6.4322100830e+02 6.4325897217e+02 6.4328900146e+02 6.4331597900e+02 6.4332897949e+02 6.4334301758e+02 6.4336199951e+02 6.4339300537e+02 6.4342602539e+02 6.4345001221e+02 6.4347698975e+02 6.4350897217e+02 6.4352697754e+02 6.4355102539e+02 6.4356500244e+02 6.4356201172e+02 6.4357299805e+02 6.4357702637e+02 6.4359399414e+02 6.4361999512e+02 6.4363000488e+02 6.4362200928e+02 6.4361297607e+02 6.4361700439e+02 6.4361700439e+02 6.4360601807e+02 6.4359301758e+02 6.4359197998e+02 6.4359100342e+02 6.4358502197e+02 6.4356298828e+02 6.4355401611e+02 6.4354998779e+02 6.4355401611e+02 6.4352600098e+02 6.4350500488e+02 6.4348101807e+02 6.4346502686e+02 6.4344897461e+02 6.4342297363e+02 6.4340997314e+02
6.4302001953e+02 6.4306500244e+02 6.4309802246e+02 6.4312799072e+02 6.4316302490e+02 6.4320202637e+02 6.4323498535e+02 6.4326300049e+02 6.4328900146e+02 6.4330603027e+02 6.4332702637e+02 6.4334497070e+02 6.4337298584e+02 6.4340899658e+02 6.4344799805e+02 6.4346697998e+02 6.4349902344e+02 6.4351599121e+02 6.4354400635e+02 6.4355603027e+02 6.4355700684e+02 6.4356597900e+02 6.4357299805e+02 6.4359002686e+02 6.4361401367e+02 6.4361901855e+02 6.4361901855e+02 6.4362200928e+02 6.4361602783e+02 6.4360101318e+02 6.4358099365e+02 6.4358801270e+02 6.4359698486e+02 6.4358398438e+02 6.4358398438e+02 6.4358300781e+02 6.4357299805e+02 6.4356097412e+02 6.4354602051e+02 6.4350897217e+02 6.4348797607e+02 6.4348297119e+02 6.4348400879e+02 6.4345898438e+02 6.4342199707e+02 6.4340100098e+02
6.4299102783e+02 6.4303302002e+02 6.4307000732e+02 6.4310998535e+02 6.4314001465e+02 6.4316998291e+02 6.4320202637e+02 6.4323797607e+02 6.4326898193e+02 6.4328900146e+02 6.4330999756e+02 6.4333502197e+02 6.4336700439e+02 6.4340802002e+02 6.4345397949e+02 6.4347900391e+02 6.4350897217e+02 6.4352697754e+02 6.4354602051e+02 6.4355499268e+02 6.4356402588e+02 6.4357299805e+02 6.4357299805e+02 6.4358398438e+02 6.4359497070e+02 6.4360400391e+02 6.4362701416e+02 6.4364099121e+02 6.4363201904e+02 6.4361199951e+02 6.4358502197e+02 6.4359197998e+02 6.4360101318e+02 6.4358300781e+02 6.4358300781e+02 6.4357800293e+02 6.4357000732e+02 6.4356201172e+02 6.4354699707e+02 6.4351702881e+02 6.4349499512e+02 6.4348602295e+02 6.4348297119e+02 6.4346398926e+02 6.4343798828e+02 6.4340997314e+02
6.4296997070e+02 6.4300897217e+02 6.4304302979e+02 6.4308197021e+02 6.4310998535e+02 6.4314001465e+02 6.4317602539e+02 6.4321398926e+02 6.4324798584e+02 6.4327001953e+02 6.4328900146e+02 6.4332299805e+02 6.4336700439e+02 6.4340502930e+02 6.4343902588e+02 6.4347100830e+02 6.4350201416e+02 6.4352697754e+02 6.4354901123e+02 6.4356201172e+02 6.4357702637e+02 6.4358599854e+02 6.4357897949e+02 6.4359100342e+02 6.4359899902e+02 6.4360900879e+02 6.4363800049e+02 6.4364099121e+02 6.4363702393e+02 6.4363000488e+02 6.4361401367e+02 6.4360797119e+02 6.4360601807e+02 6.4358001709e+02 6.4356896973e+02 6.4356298828e+02 6.4355603027e+02 6.4354901123e+02 6.4354199219e+02 6.4352697754e+02 6.4350799561e+02 6.4348901367e+02 6.4347998047e+02 6.4345898438e+02 6.4344097900e+02 6.4341900635e+02
