TESTSERVER/20/11.asc
NCOLS 100
NROWS 100
XLLCORNER 8.4997500000e+03
YLLCORNER 2.8940025000e+05
CELLSIZE 5.0000000000e-01
NODATA_VALUE -9.9990000000e+03
[rows 0 to 19 of 100, columns 46 to 91 of 100]
6.5056298828e+02 6.5053997803e+02 6.5065899658e+02 6.5081799316e+02 6.5098297119e+02 6.5088201904e+02 6.5070501709e+02 6.5048199463e+02 6.5037402344e+02 6.5028997803e+02 6.5027502441e+02 6.5030297852e+02 6.5032800293e+02 6.5035302734e+02 6.5038500977e+02 6.5040100098e+02 6.5040698242e+02 6.5037200928e+02 6.5034002686e+02 6.5031597900e+02 6.5030700684e+02 6.5028302002e+02 6.5027197266e+02 6.5025402832e+02 6.5023797607e+02 6.5022497559e+02 6.5019702148e+02 6.5016699219e+02 6.5015197754e+02 6.5014001465e+02 6.5009497070e+02 6.5003698730e+02 6.4996697998e+02 6.4988098145e+02 6.4979901123e+02 6.4969702148e+02 6.4955200195e+02 6.4940399170e+02 6.4930700684e+02 6.4925097656e+02 6.4926000977e+02 6.4925000000e+02 6.4925201416e+02 6.4926000977e+02 6.4927600098e+02 6.4930999756e+02
6.5037902832e+02 6.5036700439e+02 6.5036999512e+02 6.5053802490e+02 6.5078997803e+02 6.5056896973e+02 6.5042297363e+02 6.5034497070e+02 6.5033197021e+02 6.5028198242e+02 6.5028601074e+02 6.5029498291e+02 6.5028100586e+02 6.5025402832e+02 6.5026000977e+02 6.5027801514e+02 6.5027502441e+02 6.5024798584e+02 6.5022302246e+02 6.5019598389e+02 6.5017901611e+02 6.5015399170e+02 6.5013897705e+02 6.5011798096e+02 6.5009802246e+02 6.5006799316e+02 6.5002801514e+02 6.4998901367e+02 6.4996600342e+02 6.4993701172e+02 6.4988299561e+02 6.4983599854e+02 6.4977398682e+02 6.4970599365e+02 6.4963397217e+02 6.4952001953e+02 6.4938299561e+02 6.4926300049e+02 6.4917797852e+02 6.4914801025e+02 6.4916699219e+02 6.4916699219e+02 6.4917102051e+02 6.4917297363e+02 6.4919097900e+02 6.4922100830e+02
6.5032299805e+02 6.5032800293e+02 6.5030102539e+02 6.5034301758e+02 6.5042602539e+02 6.5033502197e+02 6.5030999756e+02 6.5029797363e+02 6.5029699707e+02 6.5028601074e+02 6.5026702881e+02 6.5022399902e+02 6.5017901611e+02 6.5014202881e+02 6.5013702393e+02 6.5013800049e+02 6.5012902832e+02 6.5011798096e+02 6.5009002686e+02 6.5005401611e+02 6.5003198242e+02 6.5000097656e+02 6.4998602295e+02 6.4996697998e+02 6.4994097900e+02 6.4990100098e+02 6.4986401367e+02 6.4982598877e+02 6.4978997803e+02 6.4974902344e+02 6.4969097900e+02 6.4965002441e+02 6.4959197998e+02 6.4954400635e+02 6.4947302246e+02 6.4936199951e+02 6.4924102783e+02 6.4912799072e+02 6.4904498291e+02 6.4902301025e+02 6.4905499268e+02 6.4908099365e+02 6.4907702637e+02 6.4906500244e+02 6.4908099365e+02 6.4911700439e+02
6.5031402588e+02 6.5033300781e+02 6.5032702637e+02 6.5030200195e+02 6.5027197266e+02 6.5028900146e+02 6.5030700684e+02 6.5027899170e+02 6.5026599121e+02 6.5023297119e+02 6.5015502930e+02 6.5008001709e+02 6.5004498291e+02 6.5003497314e+02 6.5003198242e+02 6.5001397705e+02 6.4999200439e+02 6.4998400879e+02 6.4995397949e+02 6.4991601563e+02 6.4988098145e+02 6.4984197998e+02 6.4982702637e+02 6.4980499268e+02 6.4977398682e+02 6.4973699951e+02 6.4971099854e+02 6.4968200684e+02 6.4963800049e+02 6.4959600830e+02 6.4953698730e+02 6.4949798584e+02 6.4943701172e+02 6.4939099121e+02 6.4931799316e+02 6.4922302246e+02 6.4911901855e+02 6.4901000977e+02 6.4892999268e+02 6.4891699219e+02 6.4894500732e+02 6.4897698975e+02 6.4897802734e+02 6.4897100830e+02 6.4898101807e+02 6.4902197266e+02
6.5029901123e+02 6.5032800293e+02 6.5031701660e+02 6.5031201172e+02 6.5038299561e+02 6.5034899902e+02 6.5031597900e+02 6.5024597168e+02 6.5019702148e+02 6.5013500977e+02 6.5003802490e+02 6.4997601318e+02 6.4995898438e+02 6.4994799805e+02 6.4993402100e+02 6.4990100098e+02 6.4987402344e+02 6.4984802246e+02 6.4981402588e+02 6.4977301025e+02 6.4972302246e+02 6.4969799805e+02 6.4968298340e+02 6.4965399170e+02 6.4960302734e+02 6.4958099365e+02 6.4955603027e+02 6.4953399658e+02 6.4950000000e+02 6.4945898438e+02 6.4940197754e+02 6.4935498047e+02 6.4929101563e+02 6.4924298096e+02 6.4917401123e+02 6.4909802246e+02 6.4898699951e+02 6.4888702393e+02 6.4882098389e+02 6.4881298828e+02 6.4883300781e+02 6.4885797119e+02 6.4887902832e+02 6.4888702393e+02 6.4888897705e+02 6.4891400146e+02
6.5021099854e+02 6.5026702881e+02 6.5024902344e+02 6.5026098633e+02 6.5037902832e+02 6.5036901855e+02 6.5029998779e+02 6.5019097900e+02 6.5012799072e+02 6.5004101563e+02 6.4998101807e+02 6.4995001221e+02 6.4992999268e+02 6.4989398193e+02 6.4984997559e+02 6.4978698730e+02 6.4973797607e+02 6.4969500732e+02 6.4965899658e+02 6.4961999512e+02 6.4957299805e+02 6.4954699707e+02 6.4950701904e+02 6.4947698975e+02 6.4944396973e+02 6.4942700195e+02 6.4939898682e+02 6.4937200928e+02 6.4935699463e+02 6.4932702637e+02 6.4927502441e+02 6.4922601318e+02 6.4916699219e+02 6.4911499023e+02 6.4905102539e+02 6.4898297119e+02 6.4888500977e+02 6.4877301025e+02 6.4872802734e+02 6.4873199463e+02 6.4873297119e+02 6.4875097656e+02 6.4877502441e+02 6.4877899170e+02 6.4877301025e+02 6.4879998779e+02
6.5002197266e+02 6.5006896973e+02 6.5007397461e+02 6.5009100342e+02 6.5016699219e+02 6.5016699219e+02 6.5013397217e+02 6.5010101318e+02 6.5012500000e+02 6.5004101563e+02 6.4996301270e+02 6.4990899658e+02 6.4989898682e+02 6.4986999512e+02 6.4981799316e+02 6.4971099854e+02 6.4961499023e+02 6.4955499268e+02 6.4951501465e+02 6.4946801758e+02 6.4940997314e+02 6.4938000488e+02 6.4932800293e+02 6.4930102539e+02 6.4927301025e+02 6.4925897217e+02 6.4924499512e+02 6.4921600342e+02 6.4920001221e+02 6.4917797852e+02 6.4914202881e+02 6.4910498047e+02 6.4906597900e+02 6.4903802490e+02 6.4896697998e+02 6.4887701416e+02 6.4877801514e+02 6.4867700195e+02 6.4862799072e+02 6.4863098145e+02 6.4864300537e+02 6.4864599609e+02 6.4866302490e+02 6.4867297363e+02 6.4866802979e+02 6.4869799805e+02
6.4982800293e+02 6.4986602783e+02 6.4987799072e+02 6.4988299561e+02 6.4991497803e+02 6.4993103027e+02 6.4992199707e+02 6.4993499756e+02 6.5001599121e+02 6.5002899170e+02 6.4995202637e+02 6.4985998535e+02 6.4985900879e+02 6.4985699463e+02 6.4978601074e+02 6.4962597656e+02 6.4951098633e+02 6.4945501709e+02 6.4941101074e+02 6.4934802246e+02 6.4926000977e+02 6.4921301270e+02 6.4916699219e+02 6.4914501953e+02 6.4911798096e+02 6.4910400391e+02 6.4909600830e+02 6.4907598877e+02 6.4906896973e+02 6.4904498291e+02 6.4901599121e+02 6.4899597168e+02 6.4897698975e+02 6.4895300293e+02 6.4887799072e+02 6.4878399658e+02 6.4869000244e+02 6.4859997559e+02 6.4853802490e+02 6.4852197266e+02 6.4854498291e+02 6.4854400635e+02 6.4855700684e+02 6.4857202148e+02 6.4856701660e+02 6.4858599854e+02
6.4966198730e+02 6.4968298340e+02 6.4969897461e+02 6.4970697021e+02 6.4972601318e+02 6.4976098633e+02 6.4977899170e+02 6.4978900146e+02 6.4981799316e+02 6.4982202148e+02 6.4977600098e+02 6.4975598145e+02 6.4979101563e+02 6.4979101563e+02 6.4968103027e+02 6.4950097656e+02 6.4944000244e+02 6.4940600586e+02 6.4936499023e+02 6.4929498291e+02 6.4921099854e+02 6.4910498047e+02 6.4903100586e+02 6.4901397705e+02 6.4900201416e+02 6.4900598145e+02 6.4901300049e+02 6.4900897217e+02 6.4900799561e+02 6.4898699951e+02 6.4895300293e+02 6.4893597412e+02 6.4892102051e+02 6.4888598633e+02 6.4882598877e+02 6.4873797607e+02 6.4862298584e+02 6.4854498291e+02 6.4846899414e+02 6.4843200684e+02 6.4844000244e+02 6.4845397949e+02 6.4846697998e+02 6.4848797607e+02 6.4849401855e+02 6.4849597168e+02
6.4951702881e+02 6.4952099609e+02 6.4954101563e+02 6.4955499268e+02 6.4958300781e+02 6.4960498047e+02 6.4962402344e+02 6.4965399170e+02 6.4968298340e+02 6.4966699219e+02 6.4966400146e+02 6.4970098877e+02 6.4967602539e+02 6.4965502930e+02 6.4957800293e+02 6.4946301270e+02 6.4942297363e+02 6.4937799072e+02 6.4934600830e+02 6.4930700684e+02 6.4921502686e+02 6.4906799316e+02 6.4896801758e+02 6.4897302246e+02 6.4897998047e+02 6.4897802734e+02 6.4897698975e+02 6.4896997070e+02 6.4896899414e+02 6.4895397949e+02 6.4893701172e+02 6.4892999268e+02 6.4892498779e+02 6.4888800049e+02 6.4881500244e+02 6.4870300293e+02 6.4857897949e+02 6.4849700928e+02 6.4838702393e+02 6.4834002686e+02 6.4833898926e+02 6.4836901855e+02 6.4838702393e+02 6.4840197754e+02 6.4839898682e+02 6.4839398193e+02
6.4940899658e+02 6.4941400146e+02 6.4943402100e+02 6.4945098877e+02 6.4948699951e+02 6.4949902344e+02 6.4949597168e+02 6.4950799561e+02 6.4952801514e+02 6.4953802490e+02 6.4957501221e+02 6.4961901855e+02 6.4957397461e+02 6.4954199219e+02 6.4949902344e+02 6.4944500732e+02 6.4941400146e+02 6.4935900879e+02 6.4932397461e+02 6.4928302002e+02 6.4917199707e+02 6.4903601074e+02 6.4896002197e+02 6.4897302246e+02 6.4896398926e+02 6.4895501709e+02 6.4895300293e+02 6.4894396973e+02 6.4895098877e+02 6.4894000244e+02 6.4894097900e+02 6.4894500732e+02 6.4895001221e+02 6.4893701172e+02 6.4886297607e+02 6.4872900391e+02 6.4857397461e+02 6.4846899414e+02 6.4834802246e+02 6.4827099609e+02 6.4823400879e+02 6.4827099609e+02 6.4830102539e+02 6.4832501221e+02 6.4832299805e+02 6.4830700684e+02
6.4927801514e+02 6.4928198242e+02 6.4929998779e+02 6.4932800293e+02 6.4937298584e+02 6.4940002441e+02 6.4940698242e+02 6.4940399170e+02 6.4938897705e+02 6.4938397217e+02 6.4941198730e+02 6.4945098877e+02 6.4947497559e+02 6.4947601318e+02 6.4943298340e+02 6.4939099121e+02 6.4935797119e+02 6.4930401611e+02 6.4927301025e+02 6.4922998047e+02 6.4911700439e+02 6.4900299072e+02 6.4895501709e+02 6.4896301270e+02 6.4894598389e+02 6.4894097900e+02 6.4894299316e+02 6.4893103027e+02 6.4894500732e+02 6.4892498779e+02 6.4892999268e+02 6.4893798828e+02 6.4895300293e+02 6.4895898438e+02 6.4889501953e+02 6.4876300049e+02 6.4861401367e+02 6.4849499512e+02 6.4833300781e+02 6.4820800781e+02 6.4815301514e+02 6.4817602539e+02 6.4820800781e+02 6.4822998047e+02 6.4822601318e+02 6.4821002197e+02
6.4916699219e+02 6.4916998291e+02 6.4918499756e+02 6.4921002197e+02 6.4923602295e+02 6.4927001953e+02 6.4930499268e+02 6.4932202148e+02 6.4931097412e+02 6.4926898193e+02 6.4926702881e+02 6.4928900146e+02 6.4931201172e+02 6.4935498047e+02 6.4935998535e+02 6.4929901123e+02 6.4925201416e+02 6.4919500732e+02 6.4916601563e+02 6.4912097168e+02 6.4903802490e+02 6.4898400879e+02 6.4893902588e+02 6.4894299316e+02 6.4894500732e+02 6.4893499756e+02 6.4892901611e+02 6.4891497803e+02 6.4891302490e+02 6.4890600586e+02 6.4891400146e+02 6.4892102051e+02 6.4891601563e+02 6.4889300537e+02 6.4884698486e+02 6.4876202393e+02 6.4865502930e+02 6.4851000977e+02 6.4829797363e+02 6.4813897705e+02 6.4810498047e+02 6.4810101318e+02 6.4811499023e+02 6.4812298584e+02 6.4811401367e+02 6.4808801270e+02
6.4908599854e+02 6.4909698486e+02 6.4910998535e+02 6.4912902832e+02 6.4914001465e+02 6.4914202881e+02 6.4915002441e+02 6.4916998291e+02 6.4918798828e+02 6.4918298340e+02 6.4916802979e+02 6.4916497803e+02 6.4917498779e+02 6.4921801758e+02 6.4925000000e+02 6.4922802734e+02 6.4925701904e+02 6.4910601807e+02 6.4903002930e+02 6.4901000977e+02 6.4896997070e+02 6.4895001221e+02 6.4893200684e+02 6.4892700195e+02 6.4891900635e+02 6.4891998291e+02 6.4891601563e+02 6.4891198730e+02 6.4891400146e+02 6.4890197754e+02 6.4889501953e+02 6.4889300537e+02 6.4887097168e+02 6.4883001709e+02 6.4880700684e+02 6.4875701904e+02 6.4865802002e+02 6.4848297119e+02 6.4826898193e+02 6.4810699463e+02 6.4804400635e+02 6.4801702881e+02 6.4801202393e+02 6.4801800537e+02 6.4801098633e+02 6.4799401855e+02
6.4896099854e+02 6.4897698975e+02 6.4899102783e+02 6.4900500488e+02 6.4903198242e+02 6.4904101563e+02 6.4902398682e+02 6.4901397705e+02 6.4903100586e+02 6.4907000732e+02 6.4908398438e+02 6.4908099365e+02 6.4906597900e+02 6.4906298828e+02 6.4907202148e+02 6.4908502197e+02 6.4913299561e+02 6.4899401855e+02 6.4894396973e+02 6.4895098877e+02 6.4890802002e+02 6.4891198730e+02 6.4891998291e+02 6.4890997314e+02 6.4889398193e+02 6.4890600586e+02 6.4890600586e+02 6.4890399170e+02 6.4890100098e+02 6.4889202881e+02 6.4889099121e+02 6.4889099121e+02 6.4883599854e+02 6.4878002930e+02 6.4874200439e+02 6.4867102051e+02 6.4854901123e+02 6.4837402344e+02 6.4819201660e+02 6.4806201172e+02 6.4798400879e+02 6.4794396973e+02 6.4791699219e+02 6.4790502930e+02 6.4789801025e+02 6.4786499023e+02
6.4886499023e+02 6.4888299561e+02 6.4889599609e+02 6.4889501953e+02 6.4890502930e+02 6.4892797852e+02 6.4892700195e+02 6.4891497803e+02 6.4890600586e+02 6.4892297363e+02 6.4895501709e+02 6.4898400879e+02 6.4898297119e+02 6.4896502686e+02 6.4893701172e+02 6.4891900635e+02 6.4893499756e+02 6.4890100098e+02 6.4891198730e+02 6.4892401123e+02 6.4886999512e+02 6.4889501953e+02 6.4891802979e+02 6.4889898682e+02 6.4888397217e+02 6.4890997314e+02 6.4889398193e+02 6.4888000488e+02 6.4888800049e+02 6.4887298584e+02 6.4888098145e+02 6.4889001465e+02 6.4881799316e+02 6.4872601318e+02 6.4864801025e+02 6.4854400635e+02 6.4840802002e+02 6.4826397705e+02 6.4811602783e+02 6.4801202393e+02 6.4792498779e+02 6.4786602783e+02 6.4783099365e+02 6.4779901123e+02 6.4777502441e+02 6.4772802734e+02
6.4876898193e+02 6.4878698730e+02 6.4879901123e+02 6.4879998779e+02 6.4878997803e+02 6.4878100586e+02 6.4879498291e+02 6.4881402588e+02 6.4882897949e+02 6.4881298828e+02 6.4881097412e+02 6.4883801270e+02 6.4886798096e+02 6.4888098145e+02 6.4886499023e+02 6.4882702637e+02 6.4882202148e+02 6.4883300781e+02 6.4882897949e+02 6.4881500244e+02 6.4881500244e+02 6.4886297607e+02 6.4890100098e+02 6.4888098145e+02 6.4887200928e+02 6.4889398193e+02 6.4886999512e+02 6.4886798096e+02 6.4890100098e+02 6.4886700439e+02 6.4886700439e+02 6.4888397217e+02 6.4882299805e+02 6.4868103027e+02 6.4856597900e+02 6.4845202637e+02 6.4831597900e+02 6.4820599365e+02 6.4808001709e+02 6.4796600342e+02 6.4787097168e+02 6.4779498291e+02 6.4775402832e+02 6.4771899414e+02 6.4767199707e+02 6.4761700439e+02
6.4863702393e+02 6.4864501953e+02 6.4865399170e+02 6.4867401123e+02 6.4867797852e+02 6.4867700195e+02 6.4865802002e+02 6.4865002441e+02 6.4867700195e+02 6.4870098877e+02 6.4870898438e+02 6.4869897461e+02 6.4871301270e+02 6.4876300049e+02 6.4879400635e+02 6.4877197266e+02 6.4874102783e+02 6.4873999023e+02 6.4875000000e+02 6.4875598145e+02 6.4877801514e+02 6.4886700439e+02 6.4891601563e+02 6.4886901855e+02 6.4885601807e+02 6.4886700439e+02 6.4884100342e+02 6.4883697510e+02 6.4885797119e+02 6.4884802246e+02 6.4886199951e+02 6.4887200928e+02 6.4880700684e+02 6.4863299561e+02 6.4848199463e+02 6.4837200928e+02 6.4825097656e+02 6.4812097168e+02 6.4798797607e+02 6.4787298584e+02 6.4779101563e+02 6.4774798584e+02 6.4769201660e+02 6.4765399170e+02 6.4760601807e+02 6.4752301025e+02
6.4853497314e+02 6.4853997803e+02 6.4853399658e+02 6.4853601074e+02 6.4854400635e+02 6.4856799316e+02 6.4855200195e+02 6.4853198242e+02 6.4853497314e+02 6.4855603027e+02 6.4857702637e+02 6.4857501221e+02 6.4858001709e+02 6.4864099121e+02 6.4869799805e+02 6.4869897461e+02 6.4867102051e+02 6.4865502930e+02 6.4864898682e+02 6.4865997314e+02 6.4868902588e+02 6.4879199219e+02 6.4885699463e+02 6.4882897949e+02 6.4882299805e+02 6.4882598877e+02 6.4880297852e+02 6.4880102539e+02 6.4881500244e+02 6.4881799316e+02 6.4883398438e+02 6.4881799316e+02 6.4873297119e+02 6.4857299805e+02 6.4841198730e+02 6.4828698730e+02 6.4817602539e+02 6.4807202148e+02 6.4796099854e+02 6.4784899902e+02 6.4775897217e+02 6.4769702148e+02 6.4762402344e+02 6.4757897949e+02 6.4752001953e+02 6.4745599365e+02
6.4843499756e+02 6.4845098877e+02 6.4844299316e+02 6.4842797852e+02 6.4842199707e+02 6.4845001221e+02 6.4845001221e+02 6.4844201660e+02 6.4841802979e+02 6.4839202881e+02 6.4838299561e+02 6.4838598633e+02 6.4842102051e+02 6.4849298096e+02 6.4856402588e+02 6.4858898926e+02 6.4857702637e+02 6.4854602051e+02 6.4853497314e+02 6.4855902100e+02 6.4858197021e+02 6.4864099121e+02 6.4869299316e+02 6.4870599365e+02 6.4872601318e+02 6.4873400879e+02 6.4872698975e+02 6.4873199463e+02 6.4874200439e+02 6.4874200439e+02 6.4873999023e+02 6.4868798828e+02 6.4858599854e+02 6.4846899414e+02 6.4832598877e+02 6.4819702148e+02 6.4810198975e+02 6.4802001953e+02 6.4793499756e+02 6.4782897949e+02 6.4770697021e+02 6.4761297607e+02 6.4754797363e+02 6.4749499512e+02 6.4742700195e+02 6.4738201904e+02
