TESTSERVER/20/12.asc
NCOLS 100
NROWS 100
XLLCORNER 8.4997500000e+03
YLLCORNER 2.8935025000e+05
CELLSIZE 5.0000000000e-01
NODATA_VALUE -9.9990000000e+03
[rows 40 to 59 of 100, columns 46 to 91 of 100]
6.4390997314e+02 6.4392901611e+02 6.4394500732e+02 6.4395098877e+02 6.4395800781e+02 6.4396697998e+02 6.4398901367e+02 6.4401300049e+02 6.4402600098e+02 6.4403198242e+02 6.4403002930e+02 6.4404699707e+02 6.4407800293e+02 6.4409100342e+02 6.4410101318e+02 6.4411102295e+02 6.4413098145e+02 6.4416497803e+02 6.4418200684e+02 6.4419299316e+02 6.4421099854e+02 6.4424102783e+02 6.4426397705e+02 6.4427801514e+02 6.4429199219e+02 6.4431597900e+02 6.4434197998e+02 6.4435699463e+02 6.4437097168e+02 6.4440899658e+02 6.4443701172e+02 6.4445001221e+02 6.4446600342e+02 6.4449401855e+02 6.4452001953e+02 6.4455102539e+02 6.4457800293e+02 6.4460998535e+02 6.4463299561e+02 6.4465698242e+02 6.4469097900e+02 6.4470898438e+02 6.4472698975e+02 6.4474798584e+02 6.4477600098e+02 6.4480700684e+02
6.4394000244e+02 6.4396002197e+02 6.4397998047e+02 6.4399298096e+02 6.4399401855e+02 6.4400500488e+02 6.4402502441e+02 6.4403601074e+02 6.4404199219e+02 6.4405999756e+02 6.4406500244e+02 6.4408197021e+02 6.4410400391e+02 6.4412200928e+02 6.4414202881e+02 6.4415899658e+02 6.4416497803e+02 6.4419799805e+02 6.4421899414e+02 6.4422802734e+02 6.4424401855e+02 6.4427301025e+02 6.4429699707e+02 6.4431402588e+02 6.4433801270e+02 6.4436401367e+02 6.4439001465e+02 6.4439801025e+02 6.4440997314e+02 6.4444598389e+02 6.4447900391e+02 6.4449499512e+02 6.4450897217e+02 6.4453900146e+02 6.4456701660e+02 6.4459497070e+02 6.4462500000e+02 6.4465802002e+02 6.4467700195e+02 6.4470001221e+02 6.4473498535e+02 6.4475598145e+02 6.4477600098e+02 6.4480401611e+02 6.4483502197e+02 6.4486297607e+02
6.4397497559e+02 6.4398999023e+02 6.4401098633e+02 6.4403399658e+02 6.4404400635e+02 6.4405999756e+02 6.4407598877e+02 6.4407397461e+02 6.4407098389e+02 6.4409399414e+02 6.4410198975e+02 6.4411999512e+02 6.4413897705e+02 6.4415502930e+02 6.4417797852e+02 6.4419702148e+02 6.4420202637e+02 6.4422302246e+02 6.4424298096e+02 6.4425799561e+02 6.4428399658e+02 6.4431298828e+02 6.4433599854e+02 6.4435400391e+02 6.4437799072e+02 6.4440197754e+02 6.4442797852e+02 6.4443798828e+02 6.4445202637e+02 6.4448498535e+02 6.4451300049e+02 6.4453198242e+02 6.4455200195e+02 6.4458599854e+02 6.4461700439e+02 6.4463897705e+02 6.4466400146e+02 6.4470300293e+02 6.4473101807e+02 6.4475299072e+02 6.4477801514e+02 6.4479602051e+02 6.4481597900e+02 6.4484899902e+02 6.4488598633e+02 6.4491497803e+02
6.4402600098e+02 6.4403100586e+02 6.4404498291e+02 6.4407202148e+02 6.4408599854e+02 6.4410198975e+02 6.4411901855e+02 6.4411401367e+02 6.4410900879e+02 6.4413098145e+02 6.4413702393e+02 6.4415502930e+02 6.4417901611e+02 6.4419500732e+02 6.4421502686e+02 6.4423400879e+02 6.4425000000e+02 6.4426300049e+02 6.4427502441e+02 6.4429199219e+02 6.4432598877e+02 6.4435101318e+02 6.4437701416e+02 6.4439501953e+02 6.4441601563e+02 6.4443499756e+02 6.4446099854e+02 6.4447601318e+02 6.4449401855e+02 6.4452899170e+02 6.4455102539e+02 6.4457098389e+02 6.4459600830e+02 6.4462500000e+02 6.4465502930e+02 6.4467401123e+02 6.4469897461e+02 6.4474298096e+02 6.4477697754e+02 6.4479998779e+02 6.4482598877e+02 6.4483697510e+02 6.4485601807e+02 6.4489001465e+02 6.4493103027e+02 6.4496600342e+02
6.4409497070e+02 6.4409100342e+02 6.4409002686e+02 6.4410797119e+02 6.4412200928e+02 6.4413299561e+02 6.4415100098e+02 6.4415600586e+02 6.4415899658e+02 6.4417401123e+02 6.4417498779e+02 6.4418798828e+02 6.4421301270e+02 6.4423797607e+02 6.4425598145e+02 6.4427001953e+02 6.4428900146e+02 6.4430200195e+02 6.4430902100e+02 6.4432897949e+02 6.4435797119e+02 6.4438800049e+02 6.4441802979e+02 6.4443200684e+02 6.4445397949e+02 6.4448199463e+02 6.4450402832e+02 6.4451898193e+02 6.4454101563e+02 6.4456799316e+02 6.4458801270e+02 6.4461700439e+02 6.4464697266e+02 6.4466302490e+02 6.4468701172e+02 6.4470599365e+02 6.4473602295e+02 6.4478002930e+02 6.4480902100e+02 6.4483197021e+02 6.4486901855e+02 6.4487200928e+02 6.4488897705e+02 6.4492102051e+02 6.4496197510e+02 6.4500299072e+02
6.4412799072e+02 6.4413299561e+02 6.4413500977e+02 6.4415301514e+02 6.4416302490e+02 6.4417797852e+02 6.4419799805e+02 6.4420397949e+02 6.4421099854e+02 6.4422698975e+02 6.4422998047e+02 6.4423797607e+02 6.4425799561e+02 6.4428399658e+02 6.4430200195e+02 6.4431298828e+02 6.4432598877e+02 6.4434600830e+02 6.4435601807e+02 6.4437902832e+02 6.4440301514e+02 6.4443597412e+02 6.4446301270e+02 6.4446997070e+02 6.4449700928e+02 6.4452398682e+02 6.4453997803e+02 6.4455700684e+02 6.4458697510e+02 6.4461102295e+02 6.4462799072e+02 6.4465002441e+02 6.4467797852e+02 6.4470599365e+02 6.4473602295e+02 6.4475201416e+02 6.4477001953e+02 6.4481298828e+02 6.4484301758e+02 6.4486102295e+02 6.4489398193e+02 6.4490698242e+02 6.4493103027e+02 6.4496697998e+02 6.4500097656e+02 6.4503497314e+02
6.4417901611e+02 6.4417797852e+02 6.4417700195e+02 6.4419702148e+02 6.4421398926e+02 6.4422900391e+02 6.4424597168e+02 6.4425000000e+02 6.4425402832e+02 6.4426202393e+02 6.4427001953e+02 6.4428698730e+02 6.4430200195e+02 6.4432501221e+02 6.4434997559e+02 6.4436401367e+02 6.4437597656e+02 6.4440197754e+02 6.4440899658e+02 6.4442297363e+02 6.4444897461e+02 6.4447802734e+02 6.4449798584e+02 6.4450897217e+02 6.4453997803e+02 6.4456799316e+02 6.4458398438e+02 6.4459997559e+02 6.4462597656e+02 6.4465698242e+02 6.4467401123e+02 6.4469097900e+02 6.4471600342e+02 6.4474597168e+02 6.4477899170e+02 6.4480499268e+02 6.4481701660e+02 6.4485302734e+02 6.4488299561e+02 6.4490399170e+02 6.4492999268e+02 6.4494799805e+02 6.4497802734e+02 6.4501397705e+02 6.4504400635e+02 6.4506799316e+02
6.4423602295e+02 6.4422802734e+02 6.4422100830e+02 6.4424401855e+02 6.4426800537e+02 6.4427697754e+02 6.4429602051e+02 6.4430401611e+02 6.4430200195e+02 6.4429498291e+02 6.4430700684e+02 6.4433300781e+02 6.4434399414e+02 6.4436199951e+02 6.4439501953e+02 6.4441497803e+02 6.4442602539e+02 6.4446002197e+02 6.4446600342e+02 6.4447601318e+02 6.4449798584e+02 6.4452099609e+02 6.4453698730e+02 6.4455401611e+02 6.4458502197e+02 6.4461199951e+02 6.4463299561e+02 6.4464501953e+02 6.4466497803e+02 6.4471002197e+02 6.4473101807e+02 6.4474499512e+02 6.4476599121e+02 6.4479199219e+02 6.4482000732e+02 6.4484497070e+02 6.4486401367e+02 6.4489501953e+02 6.4492602539e+02 6.4495202637e+02 6.4497601318e+02 6.4499102783e+02 6.4502099609e+02 6.4505700684e+02 6.4508599854e+02 6.4510699463e+02
6.4428497314e+02 6.4428802490e+02 6.4428497314e+02 6.4430200195e+02 6.4431701660e+02 6.4431500244e+02 6.4433697510e+02 6.4435699463e+02 6.4435900879e+02 6.4434802246e+02 6.4435998535e+02 6.4439001465e+02 6.4439697266e+02 6.4440600586e+02 6.4443902588e+02 6.4445898438e+02 6.4446600342e+02 6.4449597168e+02 6.4451000977e+02 6.4452398682e+02 6.4454199219e+02 6.4456500244e+02 6.4458801270e+02 6.4460900879e+02 6.4463299561e+02 6.4465100098e+02 6.4467700195e+02 6.4469396973e+02 6.4471899414e+02 6.4476202393e+02 6.4478497314e+02 6.4479498291e+02 6.4480700684e+02 6.4484002686e+02 6.4486901855e+02 6.4488897705e+02 6.4490600586e+02 6.4493798828e+02 6.4496899414e+02 6.4500097656e+02 6.4502600098e+02 6.4503399658e+02 6.4505700684e+02 6.4509197998e+02 6.4512200928e+02 6.4514501953e+02
6.4433697510e+02 6.4434301758e+02 6.4434301758e+02 6.4435302734e+02 6.4435900879e+02 6.4437200928e+02 6.4439599609e+02 6.4441198730e+02 6.4441400146e+02 6.4440399170e+02 6.4441400146e+02 6.4444799805e+02 6.4446002197e+02 6.4446002197e+02 6.4448999023e+02 6.4451098633e+02 6.4451599121e+02 6.4454199219e+02 6.4455700684e+02 6.4457098389e+02 6.4458300781e+02 6.4460998535e+02 6.4463397217e+02 6.4465502930e+02 6.4468200684e+02 6.4469299316e+02 6.4471997070e+02 6.4474401855e+02 6.4476300049e+02 6.4480200195e+02 6.4482299805e+02 6.4483502197e+02 6.4484802246e+02 6.4488800049e+02 6.4491400146e+02 6.4492901611e+02 6.4495300293e+02 6.4497900391e+02 6.4500201416e+02 6.4502899170e+02 6.4506298828e+02 6.4507397461e+02 6.4509600830e+02 6.4513000488e+02 6.4515802002e+02 6.4517498779e+02
6.4439599609e+02 6.4440502930e+02 6.4440502930e+02 6.4441497803e+02 6.4441802979e+02 6.4443499756e+02 6.4445397949e+02 6.4446697998e+02 6.4447802734e+02 6.4446997070e+02 6.4447198486e+02 6.4450701904e+02 6.4453100586e+02 6.4451898193e+02 6.4453900146e+02 6.4456097412e+02 6.4457299805e+02 6.4459997559e+02 6.4461297607e+02 6.4462799072e+02 6.4463500977e+02 6.4465997314e+02 6.4468597412e+02 6.4470800781e+02 6.4473602295e+02 6.4474700928e+02 6.4477398682e+02 6.4479199219e+02 6.4480499268e+02 6.4484301758e+02 6.4486401367e+02 6.4487500000e+02 6.4489001465e+02 6.4492999268e+02 6.4495599365e+02 6.4497100830e+02 6.4500299072e+02 6.4502600098e+02 6.4503900146e+02 6.4506298828e+02 6.4509600830e+02 6.4511401367e+02 6.4514202881e+02 6.4517297363e+02 6.4519396973e+02 6.4521099854e+02
6.4446600342e+02 6.4447497559e+02 6.4447698975e+02 6.4448901367e+02 6.4449401855e+02 6.4449902344e+02 6.4451098633e+02 6.4452801514e+02 6.4454699707e+02 6.4453601074e+02 6.4453100586e+02 6.4456298828e+02 6.4459399414e+02 6.4458197021e+02 6.4459698486e+02 6.4462097168e+02 6.4463397217e+02 6.4465698242e+02 6.4467199707e+02 6.4469396973e+02 6.4469500732e+02 6.4471099854e+02 6.4473797607e+02 6.4476202393e+02 6.4478698730e+02 6.4480401611e+02 6.4483300781e+02 6.4484600830e+02 6.4485101318e+02 6.4488598633e+02 6.4490600586e+02 6.4491900635e+02 6.4493103027e+02 6.4497399902e+02 6.4500897217e+02 6.4502502441e+02 6.4504602051e+02 6.4507098389e+02 6.4508398438e+02 6.4510400391e+02 6.4513702393e+02 6.4515399170e+02 6.4518103027e+02 6.4521099854e+02 6.4523602295e+02 6.4525799561e+02
6.4453002930e+02 6.4454498291e+02 6.4455102539e+02 6.4456298828e+02 6.4457000732e+02 6.4456896973e+02 6.4457501221e+02 6.4459399414e+02 6.4461401367e+02 6.4460101318e+02 6.4459399414e+02 6.4461798096e+02 6.4464398193e+02 6.4465002441e+02 6.4466101074e+02 6.4468200684e+02 6.4469500732e+02 6.4471398926e+02 6.4473297119e+02 6.4475598145e+02 6.4475500488e+02 6.4476898193e+02 6.4479602051e+02 6.4481597900e+02 6.4483398438e+02 6.4485400391e+02 6.4488000488e+02 6.4489001465e+02 6.4488800049e+02 6.4492401123e+02 6.4494799805e+02 6.4496600342e+02 6.4497601318e+02 6.4501800537e+02 6.4505603027e+02 6.4507098389e+02 6.4508502197e+02 6.4511297607e+02 6.4512500000e+02 6.4514202881e+02 6.4518499756e+02 6.4520001221e+02 6.4521997070e+02 6.4525402832e+02 6.4529101563e+02 6.4531500244e+02
6.4460900879e+02 6.4461798096e+02 6.4462402344e+02 6.4462799072e+02 6.4463702393e+02 6.4464801025e+02 6.4465100098e+02 6.4466497803e+02 6.4468103027e+02 6.4467401123e+02 6.4468200684e+02 6.4470697021e+02 6.4472198486e+02 6.4472198486e+02 6.4472998047e+02 6.4475598145e+02 6.4476800537e+02 6.4478198242e+02 6.4479699707e+02 6.4481799316e+02 6.4482000732e+02 6.4483801270e+02 6.4486102295e+02 6.4487701416e+02 6.4489300537e+02 6.4490698242e+02 6.4492602539e+02 6.4493798828e+02 6.4493298340e+02 6.4496197510e+02 6.4499798584e+02 6.4502801514e+02 6.4504199219e+02 6.4506298828e+02 6.4508898926e+02 6.4510797119e+02 6.4513299561e+02 6.4516400146e+02 6.4517700195e+02 6.4519396973e+02 6.4522998047e+02 6.4524499512e+02 6.4526702881e+02 6.4529797363e+02 6.4533099365e+02 6.4535601807e+02
6.4468103027e+02 6.4468902588e+02 6.4469500732e+02 6.4469702148e+02 6.4470300293e+02 6.4471398926e+02 6.4471899414e+02 6.4473199463e+02 6.4474499512e+02 6.4474499512e+02 6.4475799561e+02 6.4478100586e+02 6.4478601074e+02 6.4477899170e+02 6.4479101563e+02 6.4482000732e+02 6.4483502197e+02 6.4484997559e+02 6.4485998535e+02 6.4487701416e+02 6.4488702393e+02 6.4490997314e+02 6.4492901611e+02 6.4493902588e+02 6.4495800781e+02 6.4496899414e+02 6.4497802734e+02 6.4499102783e+02 6.4499700928e+02 6.4502099609e+02 6.4505200195e+02 6.4508197021e+02 6.4509399414e+02 6.4510498047e+02 6.4512799072e+02 6.4514898682e+02 6.4517700195e+02 6.4521099854e+02 6.4522601318e+02 6.4523999023e+02 6.4526501465e+02 6.4529101563e+02 6.4531799316e+02 6.4534301758e+02 6.4537097168e+02 6.4539501953e+02
6.4475598145e+02 6.4476098633e+02 6.4476702881e+02 6.4476898193e+02 6.4477502441e+02 6.4478198242e+02 6.4478497314e+02 6.4479400635e+02 6.4480499268e+02 6.4480902100e+02 6.4482299805e+02 6.4484197998e+02 6.4484197998e+02 6.4483502197e+02 6.4485101318e+02 6.4487902832e+02 6.4489501953e+02 6.4491302490e+02 6.4491998291e+02 6.4493298340e+02 6.4495098877e+02 6.4497802734e+02 6.4499499512e+02 6.4500299072e+02 6.4502197266e+02 6.4503002930e+02 6.4503900146e+02 6.4505700684e+02 6.4507000732e+02 6.4508599854e+02 6.4510601807e+02 6.4512902832e+02 6.4514202881e+02 6.4515100098e+02 6.4516802979e+02 6.4518798828e+02 6.4521997070e+02 6.4525598145e+02 6.4527099609e+02 6.4528198242e+02 6.4529797363e+02 6.4533099365e+02 6.4536199951e+02 6.4538500977e+02 6.4540802002e+02 6.4543499756e+02
6.4483898926e+02 6.4484497070e+02 6.4484600830e+02 6.4484997559e+02 6.4486602783e+02 6.4486700439e+02 6.4486499023e+02 6.4486401367e+02 6.4486700439e+02 6.4487500000e+02 6.4489099121e+02 6.4490899658e+02 6.4491497803e+02 6.4490399170e+02 6.4491400146e+02 6.4494000244e+02 6.4495098877e+02 6.4497302246e+02 6.4498101807e+02 6.4499597168e+02 6.4501800537e+02 6.4503698730e+02 6.4505297852e+02 6.4506298828e+02 6.4508099365e+02 6.4509100342e+02 6.4509997559e+02 6.4511901855e+02 6.4513897705e+02 6.4514599609e+02 6.4515997314e+02 6.4518200684e+02 6.4520098877e+02 6.4520898438e+02 6.4522399902e+02 6.4525201416e+02 6.4528100586e+02 6.4530297852e+02 6.4532000732e+02 6.4533099365e+02 6.4534600830e+02 6.4536798096e+02 6.4540002441e+02 6.4542102051e+02 6.4544000244e+02 6.4546997070e+02
6.4492102051e+02 6.4493103027e+02 6.4492901611e+02 6.4492700195e+02 6.4493402100e+02 6.4494097900e+02 6.4494702148e+02 6.4494500732e+02 6.4494201660e+02 6.4494799805e+02 6.4496002197e+02 6.4497802734e+02 6.4498400879e+02 6.4497100830e+02 6.4497698975e+02 6.4499499512e+02 6.4501000977e+02 6.4503497314e+02 6.4504101563e+02 6.4505499268e+02 6.4507702637e+02 6.4509698486e+02 6.4510601807e+02 6.4511401367e+02 6.4513702393e+02 6.4515100098e+02 6.4515997314e+02 6.4517700195e+02 6.4520202637e+02 6.4521301270e+02 6.4522399902e+02 6.4524798584e+02 6.4526501465e+02 6.4527899170e+02 6.4529302979e+02 6.4531896973e+02 6.4533599854e+02 6.4535498047e+02 6.4538299561e+02 6.4539898682e+02 6.4541302490e+02 6.4541900635e+02 6.4544702148e+02 6.4546801758e+02 6.4548901367e+02 6.4551898193e+02
6.4500701904e+02 6.4502001953e+02 6.4501501465e+02 6.4500598145e+02 6.4500500488e+02 6.4501599121e+02 6.4502398682e+02 6.4502099609e+02 6.4502197266e+02 6.4503100586e+02 6.4503302002e+02 6.4504199219e+02 6.4505200195e+02 6.4505499268e+02 6.4506298828e+02 6.4507202148e+02 6.4508300781e+02 6.4510498047e+02 6.4511102295e+02 6.4512500000e+02 6.4514300537e+02 6.4516198730e+02 6.4516802979e+02 6.4517498779e+02 6.4519702148e+02 6.4521002197e+02 6.4521899414e+02 6.4522900391e+02 6.4526000977e+02 6.4527197266e+02 6.4528399658e+02 6.4530700684e+02 6.4532000732e+02 6.4533801270e+02 6.4535601807e+02 6.4538299561e+02 6.4539599609e+02 6.4541101074e+02 6.4544000244e+02 6.4546197510e+02 6.4548101807e+02 6.4548101807e+02 6.4550701904e+02 6.4552801514e+02 6.4554199219e+02 6.4557000732e+02
6.4509600830e+02 6.4510998535e+02 6.4510498047e+02 6.4509301758e+02 6.4508502197e+02 6.4509997559e+02 6.4510797119e+02 6.4510198975e+02 6.4510198975e+02 6.4511499023e+02 6.4511297607e+02 6.4511499023e+02 6.4512402344e+02 6.4513702393e+02 6.4515100098e+02 6.4515802002e+02 6.4516101074e+02 6.4517700195e+02 6.4518597412e+02 6.4520501709e+02 6.4521997070e+02 6.4523699951e+02 6.4523901367e+02 6.4524200439e+02 6.4526202393e+02 6.4527697754e+02 6.4529101563e+02 6.4529797363e+02 6.4532702637e+02 6.4533599854e+02 6.4534600830e+02 6.4536602783e+02 6.4537298584e+02 6.4539001465e+02 6.4541101074e+02 6.4544097900e+02 6.4545800781e+02 6.4546502686e+02 6.4548699951e+02 6.4551702881e+02 6.4553900146e+02 6.4553997803e+02 6.4556500244e+02 6.4558697510e+02 6.4559600830e+02 6.4562200928e+02
