TESTSERVER/20/12.asc
NCOLS 100
NROWS 100
XLLCORNER 8.4997500000e+03
YLLCORNER 2.8935025000e+05
CELLSIZE 5.0000000000e-01
NODATA_VALUE -9.9990000000e+03
[rows 0 to 19 of 100, columns 0 to 45 of 100]
6.4294799805e+02 6.4299200439e+02 6.4303198242e+02 6.4305902100e+02 6.4308398438e+02 6.4312298584e+02 6.4315899658e+02 6.4318798828e+02 6.4322399902e+02 6.4325500488e+02 6.4327502441e+02 6.4330902100e+02 6.4335998535e+02 6.4340002441e+02 6.4342401123e+02 6.4345397949e+02 6.4348602295e+02 6.4351800537e+02 6.4353497314e+02 6.4356298828e+02 6.4357598877e+02 6.4358197021e+02 6.4358001709e+02 6.4359899902e+02 6.4361199951e+02 6.4361602783e+02 6.4361901855e+02 6.4364300537e+02 6.4363702393e+02 6.4363800049e+02 6.4363897705e+02 6.4361700439e+02 6.4361401367e+02 6.4359600830e+02 6.4357202148e+02 6.4357800293e+02 6.4357598877e+02 6.4355700684e+02 6.4354199219e+02 6.4353900146e+02 6.4351898193e+02 6.4350701904e+02 6.4350500488e+02 6.4347198486e+02 6.4344702148e+02 6.4343298340e+02
6.4293499756e+02 6.4298199463e+02 6.4302301025e+02 6.4304199219e+02 6.4306402588e+02 6.4310797119e+02 6.4315002441e+02 6.4318298340e+02 6.4321301270e+02 6.4323699951e+02 6.4325897217e+02 6.4329101563e+02 6.4334497070e+02 6.4338598633e+02 6.4340997314e+02 6.4344097900e+02 6.4347802734e+02 6.4351098633e+02 6.4352502441e+02 6.4355499268e+02 6.4356298828e+02 6.4357000732e+02 6.4358697510e+02 6.4360198975e+02 6.4361798096e+02 6.4362402344e+02 6.4362097168e+02 6.4365197754e+02 6.4364801025e+02 6.4364099121e+02 6.4362200928e+02 6.4360900879e+02 6.4362298584e+02 6.4362402344e+02 6.4360797119e+02 6.4361199951e+02 6.4359899902e+02 6.4356799316e+02 6.4355499268e+02 6.4353900146e+02 6.4351300049e+02 6.4350799561e+02 6.4350701904e+02 6.4348297119e+02 6.4345697021e+02 6.4344299316e+02
6.4293402100e+02 6.4296899414e+02 6.4299597168e+02 6.4302697754e+02 6.4305999756e+02 6.4309197998e+02 6.4312597656e+02 6.4316497803e+02 6.4320098877e+02 6.4322998047e+02 6.4325500488e+02 6.4328302002e+02 6.4332897949e+02 6.4336999512e+02 6.4340100098e+02 6.4343103027e+02 6.4346697998e+02 6.4349798584e+02 6.4351501465e+02 6.4353997803e+02 6.4354699707e+02 6.4355499268e+02 6.4357598877e+02 6.4359002686e+02 6.4361297607e+02 6.4363299561e+02 6.4363500977e+02 6.4365600586e+02 6.4364898682e+02 6.4363598633e+02 6.4361102295e+02 6.4360198975e+02 6.4361401367e+02 6.4362097168e+02 6.4362097168e+02 6.4362701416e+02 6.4360699463e+02 6.4357397461e+02 6.4356201172e+02 6.4354901123e+02 6.4352398682e+02 6.4351501465e+02 6.4350598145e+02 6.4348999023e+02 6.4346899414e+02 6.4345697021e+02
6.4292602539e+02 6.4296197510e+02 6.4298297119e+02 6.4301501465e+02 6.4304797363e+02 6.4306298828e+02 6.4309698486e+02 6.4314202881e+02 6.4318298340e+02 6.4321997070e+02 6.4324902344e+02 6.4327801514e+02 6.4331298828e+02 6.4334698486e+02 6.4338500977e+02 6.4341302490e+02 6.4344598389e+02 6.4347100830e+02 6.4349298096e+02 6.4352099609e+02 6.4353497314e+02 6.4354302979e+02 6.4356097412e+02 6.4358599854e+02 6.4361401367e+02 6.4363897705e+02 6.4364898682e+02 6.4364599609e+02 6.4364898682e+02 6.4365197754e+02 6.4362402344e+02 6.4361700439e+02 6.4361602783e+02 6.4360998535e+02 6.4361401367e+02 6.4361700439e+02 6.4360198975e+02 6.4358099365e+02 6.4357299805e+02 6.4356500244e+02 6.4353802490e+02 6.4352398682e+02 6.4351898193e+02 6.4350299072e+02 6.4348199463e+02 6.4347302246e+02
6.4290002441e+02 6.4293902588e+02 6.4296600342e+02 6.4299700928e+02 6.4302899170e+02 6.4305297852e+02 6.4309497070e+02 6.4313897705e+02 6.4317199707e+02 6.4320599365e+02 6.4323797607e+02 6.4327600098e+02 6.4330603027e+02 6.4333398438e+02 6.4336102295e+02 6.4340197754e+02 6.4343701172e+02 6.4345800781e+02 6.4347100830e+02 6.4350201416e+02 6.4352502441e+02 6.4353497314e+02 6.4355102539e+02 6.4358502197e+02 6.4360699463e+02 6.4362298584e+02 6.4364001465e+02 6.4363897705e+02 6.4365100098e+02 6.4366198730e+02 6.4363702393e+02 6.4365002441e+02 6.4363800049e+02 6.4361602783e+02 6.4361102295e+02 6.4360797119e+02 6.4359497070e+02 6.4358197021e+02 6.4358300781e+02 6.4359100342e+02 6.4357000732e+02 6.4355603027e+02 6.4354797363e+02 6.4352099609e+02 6.4350000000e+02 6.4349200439e+02
6.4287500000e+02 6.4291198730e+02 6.4293200684e+02 6.4297302246e+02 6.4300897217e+02 6.4304199219e+02 6.4308398438e+02 6.4312500000e+02 6.4315698242e+02 6.4318798828e+02 6.4322100830e+02 6.4326397705e+02 6.4330200195e+02 6.4333502197e+02 6.4335601807e+02 6.4339501953e+02 6.4342700195e+02 6.4345202637e+02 6.4346197510e+02 6.4349401855e+02 6.4351599121e+02 6.4352697754e+02 6.4354602051e+02 6.4357098389e+02 6.4359100342e+02 6.4360198975e+02 6.4362097168e+02 6.4364599609e+02 6.4365997314e+02 6.4366497803e+02 6.4365502930e+02 6.4365698242e+02 6.4364801025e+02 6.4362799072e+02 6.4361901855e+02 6.4361297607e+02 6.4359100342e+02 6.4357800293e+02 6.4357800293e+02 6.4358801270e+02 6.4358099365e+02 6.4357098389e+02 6.4355297852e+02 6.4353601074e+02 6.4351800537e+02 6.4349700928e+02
6.4284698486e+02 6.4289001465e+02 6.4290502930e+02 6.4294201660e+02 6.4298199463e+02 6.4301800537e+02 6.4305999756e+02 6.4310601807e+02 6.4314398193e+02 6.4317797852e+02 6.4321301270e+02 6.4325500488e+02 6.4329199219e+02 6.4332098389e+02 6.4335198975e+02 6.4338500977e+02 6.4340899658e+02 6.4344396973e+02 6.4346502686e+02 6.4349401855e+02 6.4351000977e+02 6.4351898193e+02 6.4354602051e+02 6.4357000732e+02 6.4359197998e+02 6.4360101318e+02 6.4361700439e+02 6.4365100098e+02 6.4366302490e+02 6.4366699219e+02 6.4367199707e+02 6.4367199707e+02 6.4365899658e+02 6.4363702393e+02 6.4363201904e+02 6.4363098145e+02 6.4361297607e+02 6.4360198975e+02 6.4359399414e+02 6.4358398438e+02 6.4356799316e+02 6.4355999756e+02 6.4354602051e+02 6.4353497314e+02 6.4352502441e+02 6.4351000977e+02
6.4282202148e+02 6.4286602783e+02 6.4288800049e+02 6.4292102051e+02 6.4296301270e+02 6.4300201416e+02 6.4304901123e+02 6.4309497070e+02 6.4313098145e+02 6.4316699219e+02 6.4320599365e+02 6.4325000000e+02 6.4328900146e+02 6.4331597900e+02 6.4334997559e+02 6.4337799072e+02 6.4339099121e+02 6.4342797852e+02 6.4345697021e+02 6.4348797607e+02 6.4350500488e+02 6.4351397705e+02 6.4354400635e+02 6.4357202148e+02 6.4359600830e+02 6.4360601807e+02 6.4361901855e+02 6.4364697266e+02 6.4365899658e+02 6.4366900635e+02 6.4367797852e+02 6.4368103027e+02 6.4366497803e+02 6.4364398193e+02 6.4364202881e+02 6.4365002441e+02 6.4364501953e+02 6.4364099121e+02 6.4362902832e+02 6.4361499023e+02 6.4358099365e+02 6.4356597900e+02 6.4356298828e+02 6.4354199219e+02 6.4352801514e+02 6.4352197266e+02
6.4281799316e+02 6.4285198975e+02 6.4287597656e+02 6.4290698242e+02 6.4295098877e+02 6.4300201416e+02 6.4305700684e+02 6.4308001709e+02 6.4311297607e+02 6.4315600586e+02 6.4319500732e+02 6.4322998047e+02 6.4326898193e+02 6.4330102539e+02 6.4333502197e+02 6.4337701416e+02 6.4339697266e+02 6.4342700195e+02 6.4344799805e+02 6.4347601318e+02 6.4349798584e+02 6.4351397705e+02 6.4353802490e+02 6.4357098389e+02 6.4359802246e+02 6.4360797119e+02 6.4361999512e+02 6.4364001465e+02 6.4365197754e+02 6.4366400146e+02 6.4366802979e+02 6.4366998291e+02 6.4365502930e+02 6.4364202881e+02 6.4364898682e+02 6.4365997314e+02 6.4365997314e+02 6.4365899658e+02 6.4365399170e+02 6.4365002441e+02 6.4361700439e+02 6.4359600830e+02 6.4360400391e+02 6.4357299805e+02 6.4354498291e+02 6.4352600098e+02
6.4281402588e+02 6.4285601807e+02 6.4287500000e+02 6.4289599609e+02 6.4294201660e+02 6.4299597168e+02 6.4303698730e+02 6.4306402588e+02 6.4309997559e+02 6.4313897705e+02 6.4316998291e+02 6.4320599365e+02 6.4325299072e+02 6.4329302979e+02 6.4333099365e+02 6.4337402344e+02 6.4339697266e+02 6.4342199707e+02 6.4344702148e+02 6.4347302246e+02 6.4349200439e+02 6.4350799561e+02 6.4353198242e+02 6.4355999756e+02 6.4358697510e+02 6.4360302734e+02 6.4361999512e+02 6.4364001465e+02 6.4365002441e+02 6.4366101074e+02 6.4366400146e+02 6.4367199707e+02 6.4366802979e+02 6.4364898682e+02 6.4364898682e+02 6.4365698242e+02 6.4365802002e+02 6.4366198730e+02 6.4366198730e+02 6.4365997314e+02 6.4363702393e+02 6.4362701416e+02 6.4363201904e+02 6.4360498047e+02 6.4358197021e+02 6.4355798340e+02
6.4282000732e+02 6.4285900879e+02 6.4287902832e+02 6.4289898682e+02 6.4294299316e+02 6.4298699951e+02 6.4301300049e+02 6.4305200195e+02 6.4309197998e+02 6.4312701416e+02 6.4315698242e+02 6.4319702148e+02 6.4324700928e+02 6.4328497314e+02 6.4331701660e+02 6.4335302734e+02 6.4337500000e+02 6.4340399170e+02 6.4343701172e+02 6.4347302246e+02 6.4348901367e+02 6.4350201416e+02 6.4352697754e+02 6.4355297852e+02 6.4357897949e+02 6.4360498047e+02 6.4363201904e+02 6.4364801025e+02 6.4365899658e+02 6.4366601563e+02 6.4366400146e+02 6.4368103027e+02 6.4368597412e+02 6.4365502930e+02 6.4364001465e+02 6.4364501953e+02 6.4366198730e+02 6.4367401123e+02 6.4366101074e+02 6.4365899658e+02 6.4364898682e+02 6.4365002441e+02 6.4365002441e+02 6.4362701416e+02 6.4361499023e+02 6.4359600830e+02
6.4282000732e+02 6.4285699463e+02 6.4288201904e+02 6.4290399170e+02 6.4294396973e+02 6.4297998047e+02 6.4300000000e+02 6.4304101563e+02 6.4308001709e+02 6.4311297607e+02 6.4314599609e+02 6.4318798828e+02 6.4323602295e+02 6.4327001953e+02 6.4329998779e+02 6.4333502197e+02 6.4335400391e+02 6.4338299561e+02 6.4341998291e+02 6.4346099854e+02 6.4347497559e+02 6.4349499512e+02 6.4352697754e+02 6.4355200195e+02 6.4357702637e+02 6.4360601807e+02 6.4363500977e+02 6.4364001465e+02 6.4364898682e+02 6.4365802002e+02 6.4366101074e+02 6.4368298340e+02 6.4369201660e+02 6.4366400146e+02 6.4365301514e+02 6.4363897705e+02 6.4365600586e+02 6.4367297363e+02 6.4365600586e+02 6.4365100098e+02 6.4364202881e+02 6.4364801025e+02 6.4364599609e+02 6.4363201904e+02 6.4363201904e+02 6.4361798096e+02
6.4282098389e+02 6.4285601807e+02 6.4288598633e+02 6.4290698242e+02 6.4294299316e+02 6.4297802734e+02 6.4299700928e+02 6.4303002930e+02 6.4306298828e+02 6.4309399414e+02 6.4313299561e+02 6.4317602539e+02 6.4321801758e+02 6.4325299072e+02 6.4328302002e+02 6.4332800293e+02 6.4334899902e+02 6.4337902832e+02 6.4341198730e+02 6.4344598389e+02 6.4346002197e+02 6.4348199463e+02 6.4352001953e+02 6.4354199219e+02 6.4357000732e+02 6.4359802246e+02 6.4362298584e+02 6.4362200928e+02 6.4363702393e+02 6.4365399170e+02 6.4366699219e+02 6.4368200684e+02 6.4368499756e+02 6.4367199707e+02 6.4368701172e+02 6.4363800049e+02 6.4363702393e+02 6.4365600586e+02 6.4366601563e+02 6.4365502930e+02 6.4363500977e+02 6.4363397217e+02 6.4363800049e+02 6.4363702393e+02 6.4363598633e+02 6.4362097168e+02
6.4282202148e+02 6.4285302734e+02 6.4288500977e+02 6.4291400146e+02 6.4294799805e+02 6.4298699951e+02 6.4300897217e+02 6.4303900146e+02 6.4306597900e+02 6.4308599854e+02 6.4312902832e+02 6.4317401123e+02 6.4320697021e+02 6.4323797607e+02 6.4327001953e+02 6.4331298828e+02 6.4334497070e+02 6.4337799072e+02 6.4340301514e+02 6.4343402100e+02 6.4345001221e+02 6.4346600342e+02 6.4351000977e+02 6.4354699707e+02 6.4357000732e+02 6.4359197998e+02 6.4361401367e+02 6.4362097168e+02 6.4362701416e+02 6.4363800049e+02 6.4365802002e+02 6.4367797852e+02 6.4369000244e+02 6.4367700195e+02 6.4368298340e+02 6.4365002441e+02 6.4364398193e+02 6.4364599609e+02 6.4365502930e+02 6.4365698242e+02 6.4362902832e+02 6.4361499023e+02 6.4362799072e+02 6.4362799072e+02 6.4363201904e+02 6.4362500000e+02
6.4283599854e+02 6.4286102295e+02 6.4288397217e+02 6.4291802979e+02 6.4295098877e+02 6.4298999023e+02 6.4301599121e+02 6.4305297852e+02 6.4307702637e+02 6.4309399414e+02 6.4313299561e+02 6.4317401123e+02 6.4320098877e+02 6.4322802734e+02 6.4326000977e+02 6.4329901123e+02 6.4333398438e+02 6.4336798096e+02 6.4339801025e+02 6.4342901611e+02 6.4344201660e+02 6.4345697021e+02 6.4350097656e+02 6.4353601074e+02 6.4355102539e+02 6.4357598877e+02 6.4360498047e+02 6.4361401367e+02 6.4361602783e+02 6.4362298584e+02 6.4364300537e+02 6.4366802979e+02 6.4368499756e+02 6.4367700195e+02 6.4367602539e+02 6.4365802002e+02 6.4365399170e+02 6.4364697266e+02 6.4365301514e+02 6.4366198730e+02 6.4363800049e+02 6.4362402344e+02 6.4363201904e+02 6.4362701416e+02 6.4363201904e+02 6.4362701416e+02
6.4285797119e+02 6.4287902832e+02 6.4289202881e+02 6.4292700195e+02 6.4295697021e+02 6.4298999023e+02 6.4301800537e+02 6.4306298828e+02 6.4308599854e+02 6.4310400391e+02 6.4313702393e+02 6.4317700195e+02 6.4320800781e+02 6.4323199463e+02 6.4326202393e+02 6.4330999756e+02 6.4334100342e+02 6.4336102295e+02 6.4339099121e+02 6.4342297363e+02 6.4343597412e+02 6.4345202637e+02 6.4349798584e+02 6.4352899170e+02 6.4353997803e+02 6.4356799316e+02 6.4359497070e+02 6.4360797119e+02 6.4361499023e+02 6.4361901855e+02 6.4363598633e+02 6.4366699219e+02 6.4368499756e+02 6.4367602539e+02 6.4366400146e+02 6.4365002441e+02 6.4365002441e+02 6.4364599609e+02 6.4365100098e+02 6.4365502930e+02 6.4363800049e+02 6.4363299561e+02 6.4363500977e+02 6.4362402344e+02 6.4362701416e+02 6.4361999512e+02
6.4286499023e+02 6.4289099121e+02 6.4291302490e+02 6.4294702148e+02 6.4297601318e+02 6.4300799561e+02 6.4302899170e+02 6.4305700684e+02 6.4308697510e+02 6.4310900879e+02 6.4313397217e+02 6.4317700195e+02 6.4321502686e+02 6.4324298096e+02 6.4326202393e+02 6.4331298828e+02 6.4334100342e+02 6.4335498047e+02 6.4338397217e+02 6.4341601563e+02 6.4343200684e+02 6.4345098877e+02 6.4349200439e+02 6.4352197266e+02 6.4353900146e+02 6.4356896973e+02 6.4359002686e+02 6.4360900879e+02 6.4361798096e+02 6.4361602783e+02 6.4362902832e+02 6.4365997314e+02 6.4367297363e+02 6.4366302490e+02 6.4366497803e+02 6.4365197754e+02 6.4364898682e+02 6.4364898682e+02 6.4365802002e+02 6.4364697266e+02 6.4363000488e+02 6.4363098145e+02 6.4363098145e+02 6.4362097168e+02 6.4361700439e+02 6.4360998535e+02
6.4287701416e+02 6.4290399170e+02 6.4292498779e+02 6.4295501709e+02 6.4298400879e+02 6.4302301025e+02 6.4304400635e+02 6.4306597900e+02 6.4310400391e+02 6.4313098145e+02 6.4315002441e+02 6.4317797852e+02 6.4321301270e+02 6.4325500488e+02 6.4327001953e+02 6.4330401611e+02 6.4333801270e+02 6.4335998535e+02 6.4338500977e+02 6.4341601563e+02 6.4343499756e+02 6.4345300293e+02 6.4349298096e+02 6.4351702881e+02 6.4354199219e+02 6.4356799316e+02 6.4358697510e+02 6.4360400391e+02 6.4361602783e+02 6.4361999512e+02 6.4362402344e+02 6.4364501953e+02 6.4365899658e+02 6.4365899658e+02 6.4367401123e+02 6.4366400146e+02 6.4365502930e+02 6.4364898682e+02 6.4365301514e+02 6.4363800049e+02 6.4361499023e+02 6.4361798096e+02 6.4362597656e+02 6.4362500000e+02 6.4362298584e+02 6.4361102295e+02
6.4290197754e+02 6.4292602539e+02 6.4294299316e+02 6.4296398926e+02 6.4299597168e+02 6.4303698730e+02 6.4305297852e+02 6.4307397461e+02 6.4310998535e+02 6.4313702393e+02 6.4316198730e+02 6.4318597412e+02 6.4321301270e+02 6.4325000000e+02 6.4326599121e+02 6.4330297852e+02 6.4333697510e+02 6.4335601807e+02 6.4338000488e+02 6.4341699219e+02 6.4343597412e+02 6.4345800781e+02 6.4350598145e+02 6.4352197266e+02 6.4354498291e+02 6.4357098389e+02 6.4359698486e+02 6.4360998535e+02 6.4361700439e+02 6.4361901855e+02 6.4362597656e+02 6.4364697266e+02 6.4366198730e+02 6.4365002441e+02 6.4365600586e+02 6.4365698242e+02 6.4365197754e+02 6.4364599609e+02 6.4365002441e+02 6.4363397217e+02 6.4361199951e+02 6.4361602783e+02 6.4363098145e+02 6.4363500977e+02 6.4363299561e+02 6.4361798096e+02
6.4293597412e+02 6.4295800781e+02 6.4297100830e+02 6.4298400879e+02 6.4301397705e+02 6.4304998779e+02 6.4306201172e+02 6.4308398438e+02 6.4311602783e+02 6.4313897705e+02 6.4316601563e+02 6.4319201660e+02 6.4322100830e+02 6.4325402832e+02 6.4326599121e+02 6.4331097412e+02 6.4334197998e+02 6.4335302734e+02 6.4337701416e+02 6.4341699219e+02 6.4343402100e+02 6.4346099854e+02 6.4352099609e+02 6.4352600098e+02 6.4354199219e+02 6.4357000732e+02 6.4359600830e+02 6.4360900879e+02 6.4361798096e+02 6.4362298584e+02 6.4363397217e+02 6.4365100098e+02 6.4365802002e+02 6.4363800049e+02 6.4365197754e+02 6.4365301514e+02 6.4364801025e+02 6.4364501953e+02 6.4365301514e+02 6.4363500977e+02 6.4361602783e+02 6.4362097168e+02 6.4363598633e+02 6.4364501953e+02 6.4364599609e+02 6.4363299561e+02
