TESTSERVER/20/12.asc
NCOLS 100
NROWS 100
XLLCORNER 8.4997500000e+03
YLLCORNER 2.8935025000e+05
CELLSIZE 5.0000000000e-01
NODATA_VALUE -9.9990000000e+03
[rows 0 to 19 of 100, columns 46 to 91 of 100]
6.4339801025e+02 6.4337402344e+02 6.4334899902e+02 6.4331799316e+02 6.4329498291e+02 6.4328997803e+02 6.4328198242e+02 6.4325500488e+02 6.4322802734e+02 6.4320800781e+02 6.4318701172e+02 6.4316198730e+02 6.4313598633e+02 6.4312597656e+02 6.4310198975e+02 6.4307897949e+02 6.4307000732e+02 6.4304699707e+02 6.4301397705e+02 6.4299102783e+02 6.4297601318e+02 6.4294396973e+02 6.4292102051e+02 6.4289801025e+02 6.4288299561e+02 6.4286700439e+02 6.4283300781e+02 6.4280902100e+02 6.4279699707e+02 6.4278002930e+02 6.4274902344e+02 6.4273901367e+02 6.4272399902e+02 6.4271801758e+02 6.4270300293e+02 6.4269702148e+02 6.4268298340e+02 6.4266400146e+02 6.4265698242e+02 6.4265197754e+02 6.4265002441e+02 6.4263702393e+02 6.4264398193e+02 6.4266101074e+02 6.4270300293e+02 6.4275598145e+02
6.4340802002e+02 6.4337500000e+02 6.4335601807e+02 6.4333697510e+02 6.4331298828e+02 6.4329101563e+02 6.4327600098e+02 6.4325000000e+02 6.4324298096e+02 6.4322399902e+02 6.4319396973e+02 6.4316497803e+02 6.4314099121e+02 6.4312701416e+02 6.4311297607e+02 6.4309399414e+02 6.4307598877e+02 6.4305999756e+02 6.4303497314e+02 6.4301000977e+02 6.4298400879e+02 6.4295501709e+02 6.4293200684e+02 6.4291699219e+02 6.4290100098e+02 6.4288598633e+02 6.4285601807e+02 6.4283398438e+02 6.4281799316e+02 6.4280297852e+02 6.4276501465e+02 6.4274798584e+02 6.4272399902e+02 6.4272302246e+02 6.4271398926e+02 6.4270001221e+02 6.4269201660e+02 6.4268597412e+02 6.4267602539e+02 6.4266198730e+02 6.4265301514e+02 6.4264599609e+02 6.4265802002e+02 6.4268402100e+02 6.4271899414e+02 6.4275000000e+02
6.4343200684e+02 6.4339697266e+02 6.4337097168e+02 6.4334698486e+02 6.4332702637e+02 6.4329400635e+02 6.4328302002e+02 6.4326397705e+02 6.4324798584e+02 6.4322399902e+02 6.4319097900e+02 6.4316802979e+02 6.4315197754e+02 6.4313299561e+02 6.4311999512e+02 6.4310498047e+02 6.4308502197e+02 6.4306097412e+02 6.4303997803e+02 6.4302398682e+02 6.4300299072e+02 6.4297601318e+02 6.4294702148e+02 6.4293200684e+02 6.4291497803e+02 6.4290197754e+02 6.4288000488e+02 6.4285498047e+02 6.4282702637e+02 6.4281799316e+02 6.4278399658e+02 6.4276501465e+02 6.4273797607e+02 6.4273602295e+02 6.4273602295e+02 6.4271899414e+02 6.4270300293e+02 6.4269000244e+02 6.4268701172e+02 6.4267700195e+02 6.4266497803e+02 6.4265802002e+02 6.4266101074e+02 6.4268597412e+02 6.4271997070e+02 6.4274298096e+02
6.4345501709e+02 6.4342297363e+02 6.4339501953e+02 6.4336999512e+02 6.4335498047e+02 6.4331201172e+02 6.4329498291e+02 6.4327899170e+02 6.4325897217e+02 6.4322998047e+02 6.4319702148e+02 6.4318200684e+02 6.4316302490e+02 6.4313397217e+02 6.4312097168e+02 6.4311102295e+02 6.4309997559e+02 6.4306896973e+02 6.4304302979e+02 6.4303601074e+02 6.4301898193e+02 6.4298999023e+02 6.4296002197e+02 6.4294702148e+02 6.4293103027e+02 6.4291699219e+02 6.4289599609e+02 6.4286901855e+02 6.4283398438e+02 6.4283099365e+02 6.4280700684e+02 6.4279400635e+02 6.4277001953e+02 6.4275000000e+02 6.4274597168e+02 6.4273602295e+02 6.4272497559e+02 6.4271197510e+02 6.4270599365e+02 6.4268798828e+02 6.4267199707e+02 6.4266699219e+02 6.4266198730e+02 6.4268103027e+02 6.4271301270e+02 6.4273999023e+02
6.4347198486e+02 6.4344702148e+02 6.4342199707e+02 6.4339801025e+02 6.4338598633e+02 6.4334197998e+02 6.4330401611e+02 6.4328100586e+02 6.4327099609e+02 6.4324902344e+02 6.4321099854e+02 6.4319299316e+02 6.4317401123e+02 6.4313500977e+02 6.4312500000e+02 6.4311602783e+02 6.4311102295e+02 6.4307598877e+02 6.4305499268e+02 6.4304797363e+02 6.4302600098e+02 6.4300500488e+02 6.4298199463e+02 6.4296398926e+02 6.4294097900e+02 6.4292297363e+02 6.4290197754e+02 6.4288201904e+02 6.4285601807e+02 6.4284497070e+02 6.4282897949e+02 6.4281799316e+02 6.4280200195e+02 6.4277301025e+02 6.4276000977e+02 6.4275402832e+02 6.4274102783e+02 6.4272302246e+02 6.4271502686e+02 6.4269799805e+02 6.4269799805e+02 6.4267999268e+02 6.4267498779e+02 6.4268902588e+02 6.4270697021e+02 6.4272399902e+02
6.4346801758e+02 6.4345098877e+02 6.4342401123e+02 6.4340502930e+02 6.4339599609e+02 6.4336602783e+02 6.4333599854e+02 6.4330603027e+02 6.4328997803e+02 6.4327697754e+02 6.4323797607e+02 6.4320501709e+02 6.4318200684e+02 6.4315301514e+02 6.4314398193e+02 6.4312500000e+02 6.4310198975e+02 6.4309600830e+02 6.4308197021e+02 6.4304699707e+02 6.4303198242e+02 6.4302398682e+02 6.4300500488e+02 6.4298101807e+02 6.4296301270e+02 6.4295098877e+02 6.4292999268e+02 6.4290502930e+02 6.4287799072e+02 6.4287097168e+02 6.4284997559e+02 6.4283697510e+02 6.4282202148e+02 6.4280798340e+02 6.4279602051e+02 6.4278198242e+02 6.4277001953e+02 6.4275201416e+02 6.4274298096e+02 6.4272399902e+02 6.4271697998e+02 6.4270202637e+02 6.4269500732e+02 6.4270202637e+02 6.4271600342e+02 6.4273699951e+02
6.4347497559e+02 6.4344799805e+02 6.4342102051e+02 6.4340301514e+02 6.4339801025e+02 6.4338098145e+02 6.4336999512e+02 6.4334497070e+02 6.4331402588e+02 6.4329901123e+02 6.4325897217e+02 6.4322698975e+02 6.4321301270e+02 6.4318597412e+02 6.4316802979e+02 6.4314202881e+02 6.4310900879e+02 6.4310699463e+02 6.4308599854e+02 6.4304901123e+02 6.4304998779e+02 6.4304400635e+02 6.4302697754e+02 6.4299401855e+02 6.4297497559e+02 6.4296801758e+02 6.4294500732e+02 6.4292199707e+02 6.4289398193e+02 6.4289398193e+02 6.4287402344e+02 6.4286499023e+02 6.4285400391e+02 6.4283697510e+02 6.4282098389e+02 6.4280700684e+02 6.4280102539e+02 6.4278198242e+02 6.4276702881e+02 6.4275201416e+02 6.4273797607e+02 6.4272198486e+02 6.4271197510e+02 6.4271099854e+02 6.4273101807e+02 6.4276800537e+02
6.4349102783e+02 6.4345501709e+02 6.4343200684e+02 6.4341497803e+02 6.4340997314e+02 6.4339599609e+02 6.4339099121e+02 6.4337097168e+02 6.4333398438e+02 6.4331402588e+02 6.4327801514e+02 6.4325500488e+02 6.4325000000e+02 6.4321997070e+02 6.4319799805e+02 6.4317199707e+02 6.4314001465e+02 6.4312200928e+02 6.4309698486e+02 6.4307598877e+02 6.4307897949e+02 6.4307098389e+02 6.4305999756e+02 6.4301702881e+02 6.4298999023e+02 6.4298101807e+02 6.4295599365e+02 6.4293298340e+02 6.4290899658e+02 6.4291497803e+02 6.4289599609e+02 6.4288598633e+02 6.4287097168e+02 6.4285400391e+02 6.4284301758e+02 6.4283898926e+02 6.4283099365e+02 6.4280902100e+02 6.4279602051e+02 6.4278601074e+02 6.4276300049e+02 6.4274597168e+02 6.4273699951e+02 6.4273400879e+02 6.4275598145e+02 6.4279901123e+02
6.4350299072e+02 6.4347698975e+02 6.4345300293e+02 6.4342901611e+02 6.4341601563e+02 6.4339801025e+02 6.4339398193e+02 6.4338702393e+02 6.4336199951e+02 6.4333599854e+02 6.4330700684e+02 6.4328399658e+02 6.4327197266e+02 6.4324499512e+02 6.4322698975e+02 6.4321099854e+02 6.4317297363e+02 6.4316198730e+02 6.4313702393e+02 6.4310797119e+02 6.4309802246e+02 6.4308099365e+02 6.4306799316e+02 6.4303399658e+02 6.4301501465e+02 6.4301501465e+02 6.4298999023e+02 6.4295697021e+02 6.4292901611e+02 6.4292999268e+02 6.4291998291e+02 6.4290899658e+02 6.4288800049e+02 6.4287902832e+02 6.4286798096e+02 6.4286798096e+02 6.4285101318e+02 6.4283300781e+02 6.4282299805e+02 6.4281201172e+02 6.4278900146e+02 6.4278302002e+02 6.4277099609e+02 6.4275799561e+02 6.4276898193e+02 6.4281500244e+02
6.4353302002e+02 6.4350402832e+02 6.4347802734e+02 6.4344799805e+02 6.4343200684e+02 6.4340802002e+02 6.4340100098e+02 6.4339202881e+02 6.4336602783e+02 6.4334497070e+02 6.4332299805e+02 6.4330902100e+02 6.4329998779e+02 6.4327099609e+02 6.4325500488e+02 6.4324102783e+02 6.4320501709e+02 6.4318103027e+02 6.4315502930e+02 6.4313299561e+02 6.4312597656e+02 6.4310302734e+02 6.4308300781e+02 6.4305999756e+02 6.4304797363e+02 6.4302697754e+02 6.4301702881e+02 6.4299902344e+02 6.4297100830e+02 6.4296398926e+02 6.4294702148e+02 6.4293402100e+02 6.4291900635e+02 6.4291198730e+02 6.4290899658e+02 6.4290698242e+02 6.4288598633e+02 6.4287097168e+02 6.4285699463e+02 6.4283801270e+02 6.4281298828e+02 6.4280297852e+02 6.4279400635e+02 6.4278302002e+02 6.4279498291e+02 6.4286199951e+02
6.4357000732e+02 6.4354498291e+02 6.4351397705e+02 6.4348101807e+02 6.4346502686e+02 6.4342901611e+02 6.4341900635e+02 6.4340600586e+02 6.4337597656e+02 6.4334698486e+02 6.4332299805e+02 6.4331799316e+02 6.4332098389e+02 6.4329602051e+02 6.4328198242e+02 6.4326501465e+02 6.4323101807e+02 6.4320898438e+02 6.4318902588e+02 6.4316900635e+02 6.4316601563e+02 6.4313897705e+02 6.4311901855e+02 6.4310498047e+02 6.4309301758e+02 6.4306298828e+02 6.4304498291e+02 6.4302600098e+02 6.4300097656e+02 6.4299401855e+02 6.4298101807e+02 6.4296997070e+02 6.4294598389e+02 6.4293499756e+02 6.4294598389e+02 6.4294500732e+02 6.4291900635e+02 6.4290698242e+02 6.4289300537e+02 6.4287402344e+02 6.4284899902e+02 6.4282299805e+02 6.4281896973e+02 6.4281402588e+02 6.4283099365e+02 6.4290600586e+02
6.4360302734e+02 6.4359002686e+02 6.4356597900e+02 6.4353497314e+02 6.4351202393e+02 6.4347302246e+02 6.4345397949e+02 6.4343200684e+02 6.4340100098e+02 6.4336999512e+02 6.4334301758e+02 6.4333099365e+02 6.4332897949e+02 6.4331097412e+02 6.4329797363e+02 6.4327801514e+02 6.4325500488e+02 6.4324200439e+02 6.4322302246e+02 6.4320001221e+02 6.4319299316e+02 6.4316497803e+02 6.4314099121e+02 6.4312298584e+02 6.4311700439e+02 6.4310498047e+02 6.4308300781e+02 6.4305902100e+02 6.4303399658e+02 6.4302301025e+02 6.4301300049e+02 6.4300701904e+02 6.4298297119e+02 6.4297302246e+02 6.4297900391e+02 6.4296899414e+02 6.4295599365e+02 6.4294000244e+02 6.4292199707e+02 6.4291400146e+02 6.4290100098e+02 6.4287500000e+02 6.4286700439e+02 6.4285400391e+02 6.4287701416e+02 6.4295397949e+02
6.4361401367e+02 6.4361499023e+02 6.4359698486e+02 6.4357800293e+02 6.4356097412e+02 6.4353002930e+02 6.4350299072e+02 6.4347302246e+02 6.4344396973e+02 6.4340399170e+02 6.4337902832e+02 6.4336700439e+02 6.4336199951e+02 6.4334997559e+02 6.4332702637e+02 6.4330798340e+02 6.4329101563e+02 6.4327197266e+02 6.4324102783e+02 6.4321801758e+02 6.4320001221e+02 6.4319201660e+02 6.4317102051e+02 6.4314898682e+02 6.4313897705e+02 6.4313201904e+02 6.4311999512e+02 6.4309997559e+02 6.4307098389e+02 6.4305499268e+02 6.4303900146e+02 6.4303302002e+02 6.4303198242e+02 6.4303100586e+02 6.4301898193e+02 6.4299798584e+02 6.4299798584e+02 6.4297198486e+02 6.4295001221e+02 6.4294500732e+02 6.4293402100e+02 6.4291900635e+02 6.4290600586e+02 6.4289697266e+02 6.4292700195e+02 6.4300500488e+02
6.4361199951e+02 6.4360998535e+02 6.4359698486e+02 6.4357897949e+02 6.4356701660e+02 6.4354998779e+02 6.4353100586e+02 6.4351702881e+02 6.4349700928e+02 6.4345300293e+02 6.4342602539e+02 6.4341302490e+02 6.4339599609e+02 6.4336700439e+02 6.4334002686e+02 6.4332299805e+02 6.4330999756e+02 6.4329699707e+02 6.4327899170e+02 6.4326300049e+02 6.4324200439e+02 6.4322601318e+02 6.4320397949e+02 6.4317999268e+02 6.4316998291e+02 6.4316101074e+02 6.4314898682e+02 6.4313201904e+02 6.4310998535e+02 6.4309002686e+02 6.4308099365e+02 6.4307702637e+02 6.4306701660e+02 6.4306298828e+02 6.4305102539e+02 6.4302697754e+02 6.4302600098e+02 6.4301300049e+02 6.4300097656e+02 6.4298901367e+02 6.4298602295e+02 6.4296697998e+02 6.4294799805e+02 6.4294097900e+02 6.4297900391e+02 6.4305902100e+02
6.4360400391e+02 6.4359997559e+02 6.4359899902e+02 6.4358502197e+02 6.4357299805e+02 6.4355603027e+02 6.4353698730e+02 6.4353497314e+02 6.4352197266e+02 6.4348297119e+02 6.4346002197e+02 6.4344702148e+02 6.4342700195e+02 6.4339398193e+02 6.4337500000e+02 6.4335101318e+02 6.4332397461e+02 6.4330401611e+02 6.4329901123e+02 6.4329797363e+02 6.4328302002e+02 6.4326702881e+02 6.4324798584e+02 6.4321899414e+02 6.4320501709e+02 6.4319598389e+02 6.4318499756e+02 6.4316699219e+02 6.4315002441e+02 6.4313201904e+02 6.4312402344e+02 6.4311798096e+02 6.4310601807e+02 6.4309997559e+02 6.4309497070e+02 6.4307299805e+02 6.4307202148e+02 6.4305499268e+02 6.4304797363e+02 6.4303198242e+02 6.4302697754e+02 6.4301599121e+02 6.4300897217e+02 6.4300402832e+02 6.4304101563e+02 6.4311401367e+02
6.4359899902e+02 6.4359899902e+02 6.4359899902e+02 6.4358697510e+02 6.4358001709e+02 6.4356896973e+02 6.4354498291e+02 6.4353698730e+02 6.4353399658e+02 6.4351300049e+02 6.4348602295e+02 6.4346600342e+02 6.4345202637e+02 6.4342999268e+02 6.4341198730e+02 6.4337902832e+02 6.4335302734e+02 6.4333300781e+02 6.4331701660e+02 6.4331298828e+02 6.4330499268e+02 6.4328802490e+02 6.4328002930e+02 6.4325799561e+02 6.4324597168e+02 6.4323602295e+02 6.4322497559e+02 6.4320697021e+02 6.4318902588e+02 6.4317700195e+02 6.4316497803e+02 6.4315600586e+02 6.4315301514e+02 6.4314599609e+02 6.4314501953e+02 6.4313299561e+02 6.4313201904e+02 6.4310900879e+02 6.4310101318e+02 6.4307800293e+02 6.4307000732e+02 6.4306896973e+02 6.4306201172e+02 6.4306097412e+02 6.4310302734e+02 6.4316497803e+02
6.4360900879e+02 6.4360797119e+02 6.4359600830e+02 6.4358502197e+02 6.4360198975e+02 6.4358801270e+02 6.4355902100e+02 6.4353900146e+02 6.4353399658e+02 6.4354101563e+02 6.4352301025e+02 6.4350299072e+02 6.4349298096e+02 6.4348199463e+02 6.4345697021e+02 6.4342199707e+02 6.4340698242e+02 6.4339599609e+02 6.4335998535e+02 6.4333300781e+02 6.4333398438e+02 6.4331597900e+02 6.4331201172e+02 6.4329699707e+02 6.4328900146e+02 6.4326898193e+02 6.4325500488e+02 6.4323400879e+02 6.4321600342e+02 6.4321899414e+02 6.4321197510e+02 6.4320397949e+02 6.4320300293e+02 6.4317999268e+02 6.4317700195e+02 6.4317797852e+02 6.4316497803e+02 6.4316400146e+02 6.4316302490e+02 6.4314099121e+02 6.4313000488e+02 6.4313098145e+02 6.4312298584e+02 6.4312701416e+02 6.4316601563e+02 6.4321997070e+02
6.4361102295e+02 6.4361297607e+02 6.4360101318e+02 6.4359002686e+02 6.4360900879e+02 6.4359802246e+02 6.4357800293e+02 6.4356402588e+02 6.4355499268e+02 6.4355499268e+02 6.4353601074e+02 6.4351800537e+02 6.4351501465e+02 6.4351098633e+02 6.4349102783e+02 6.4346600342e+02 6.4345202637e+02 6.4344396973e+02 6.4341802979e+02 6.4339202881e+02 6.4337402344e+02 6.4336499023e+02 6.4335498047e+02 6.4332000732e+02 6.4330999756e+02 6.4328997803e+02 6.4327197266e+02 6.4325299072e+02 6.4324102783e+02 6.4325897217e+02 6.4326599121e+02 6.4325402832e+02 6.4325299072e+02 6.4322497559e+02 6.4321697998e+02 6.4322100830e+02 6.4321502686e+02 6.4322100830e+02 6.4321801758e+02 6.4320202637e+02 6.4318499756e+02 6.4318103027e+02 6.4319000244e+02 6.4320098877e+02 6.4323400879e+02 6.4328900146e+02
6.4361199951e+02 6.4361901855e+02 6.4361602783e+02 6.4360498047e+02 6.4361401367e+02 6.4360198975e+02 6.4359600830e+02 6.4359100342e+02 6.4357501221e+02 6.4357202148e+02 6.4355401611e+02 6.4354302979e+02 6.4354602051e+02 6.4353399658e+02 6.4353002930e+02 6.4352197266e+02 6.4350299072e+02 6.4349200439e+02 6.4347698975e+02 6.4346099854e+02 6.4343200684e+02 6.4342199707e+02 6.4340698242e+02 6.4336901855e+02 6.4336297607e+02 6.4333599854e+02 6.4331298828e+02 6.4329901123e+02 6.4328497314e+02 6.4328997803e+02 6.4330603027e+02 6.4330102539e+02 6.4329602051e+02 6.4328002930e+02 6.4327099609e+02 6.4326702881e+02 6.4326098633e+02 6.4326800537e+02 6.4326300049e+02 6.4324700928e+02 6.4324700928e+02 6.4324597168e+02 6.4324401855e+02 6.4324700928e+02 6.4328997803e+02 6.4335797119e+02
6.4362500000e+02 6.4362799072e+02 6.4362701416e+02 6.4361602783e+02 6.4361401367e+02 6.4360498047e+02 6.4360998535e+02 6.4360998535e+02 6.4358398438e+02 6.4358001709e+02 6.4356896973e+02 6.4356799316e+02 6.4358099365e+02 6.4356597900e+02 6.4356799316e+02 6.4356298828e+02 6.4353198242e+02 6.4351898193e+02 6.4351098633e+02 6.4351000977e+02 6.4349401855e+02 6.4347998047e+02 6.4346502686e+02 6.4343200684e+02 6.4342498779e+02 6.4340197754e+02 6.4337799072e+02 6.4335601807e+02 6.4333801270e+02 6.4332702637e+02 6.4334497070e+02 6.4334600830e+02 6.4333099365e+02 6.4333300781e+02 6.4333099365e+02 6.4332299805e+02 6.4331701660e+02 6.4332202148e+02 6.4331402588e+02 6.4329901123e+02 6.4331097412e+02 6.4331701660e+02 6.4330700684e+02 6.4330499268e+02 6.4334399414e+02 6.4340301514e+02
