TESTSERVER/20/13.asc
NCOLS 100
NROWS 100
XLLCORNER 8.4997500000e+03
YLLCORNER 2.8930025000e+05
CELLSIZE 5.0000000000e-01
NODATA_VALUE -9.9990000000e+03
[rows 60 to 79 of 100, columns 46 to 91 of 100]
6.4756500244e+02 6.4757501221e+02 6.4757702637e+02 6.4756597900e+02 6.4754302979e+02 6.4752899170e+02 6.4751800537e+02 6.4750500488e+02 6.4748400879e+02 6.4746801758e+02 6.4744702148e+02 6.4742999268e+02 6.4742498779e+02 6.4740301514e+02 6.4739001465e+02 6.4737500000e+02 6.4734600830e+02 6.4730798340e+02 6.4728198242e+02 6.4726300049e+02 6.4724798584e+02 6.4723297119e+02 6.4719299316e+02 6.4715600586e+02 6.4713201904e+02 6.4708898926e+02 6.4704400635e+02 6.4700598145e+02 6.4696301270e+02 6.4692999268e+02 6.4689398193e+02 6.4685498047e+02 6.4683099365e+02 6.4679199219e+02 6.4674298096e+02 6.4669299316e+02 6.4665698242e+02 6.4659899902e+02 6.4653198242e+02 6.4650097656e+02 6.4648400879e+02 6.4645001221e+02 6.4641400146e+02 6.4637402344e+02 6.4632702637e+02 6.4629101563e+02
6.4744201660e+02 6.4745397949e+02 6.4746398926e+02 6.4745599365e+02 6.4742700195e+02 6.4740600586e+02 6.4739697266e+02 6.4738702393e+02 6.4736798096e+02 6.4734802246e+02 6.4732501221e+02 6.4729998779e+02 6.4728302002e+02 6.4727001953e+02 6.4725701904e+02 6.4724597168e+02 6.4721801758e+02 6.4718298340e+02 6.4715002441e+02 6.4712200928e+02 6.4709997559e+02 6.4708599854e+02 6.4704998779e+02 6.4701800537e+02 6.4698901367e+02 6.4693902588e+02 6.4690100098e+02 6.4685699463e+02 6.4680200195e+02 6.4676599121e+02 6.4673699951e+02 6.4670202637e+02 6.4666998291e+02 6.4663098145e+02 6.4659399414e+02 6.4654602051e+02 6.4650701904e+02 6.4645202637e+02 6.4638897705e+02 6.4634399414e+02 6.4631597900e+02 6.4628802490e+02 6.4625000000e+02 6.4621301270e+02 6.4617700195e+02 6.4613897705e+02
6.4732598877e+02 6.4733898926e+02 6.4734197998e+02 6.4732598877e+02 6.4729901123e+02 6.4728601074e+02 6.4727502441e+02 6.4726397705e+02 6.4725201416e+02 6.4723101807e+02 6.4721099854e+02 6.4718402100e+02 6.4715997314e+02 6.4714801025e+02 6.4712799072e+02 6.4711297607e+02 6.4709002686e+02 6.4706402588e+02 6.4702697754e+02 6.4698797607e+02 6.4695800781e+02 6.4693402100e+02 6.4689202881e+02 6.4686199951e+02 6.4682501221e+02 6.4676501465e+02 6.4674200439e+02 6.4670800781e+02 6.4665399170e+02 6.4661199951e+02 6.4658398438e+02 6.4654998779e+02 6.4651501465e+02 6.4646997070e+02 6.4642901611e+02 6.4638299561e+02 6.4634899902e+02 6.4630603027e+02 6.4625799561e+02 6.4620898438e+02 6.4616497803e+02 6.4613702393e+02 6.4610400391e+02 6.4607202148e+02 6.4604302979e+02 6.4599902344e+02
6.4721398926e+02 6.4721801758e+02 6.4721398926e+02 6.4719396973e+02 6.4717297363e+02 6.4716900635e+02 6.4715399170e+02 6.4713702393e+02 6.4712902832e+02 6.4709802246e+02 6.4708197021e+02 6.4706201172e+02 6.4704101563e+02 6.4702502441e+02 6.4699597168e+02 6.4697497559e+02 6.4694897461e+02 6.4692901611e+02 6.4689398193e+02 6.4685302734e+02 6.4681896973e+02 6.4678302002e+02 6.4673498535e+02 6.4670300293e+02 6.4665899658e+02 6.4659802246e+02 6.4657702637e+02 6.4654400635e+02 6.4650799561e+02 6.4647100830e+02 6.4644097900e+02 6.4640399170e+02 6.4636102295e+02 6.4631500244e+02 6.4627197266e+02 6.4622698975e+02 6.4619299316e+02 6.4615100098e+02 6.4611401367e+02 6.4607000732e+02 6.4602301025e+02 6.4599200439e+02 6.4596002197e+02 6.4593200684e+02 6.4590399170e+02 6.4584600830e+02
6.4710601807e+02 6.4709002686e+02 6.4707598877e+02 6.4705603027e+02 6.4703302002e+02 6.4702099609e+02 6.4701300049e+02 6.4700500488e+02 6.4699200439e+02 6.4695599365e+02 6.4693701172e+02 6.4692297363e+02 6.4690502930e+02 6.4688500977e+02 6.4685302734e+02 6.4682800293e+02 6.4678900146e+02 6.4677301025e+02 6.4674298096e+02 6.4670599365e+02 6.4666998291e+02 6.4664099121e+02 6.4660198975e+02 6.4656500244e+02 6.4651599121e+02 6.4648297119e+02 6.4644500732e+02 6.4639501953e+02 6.4636102295e+02 6.4631799316e+02 6.4628399658e+02 6.4624200439e+02 6.4620098877e+02 6.4616101074e+02 6.4612500000e+02 6.4609002686e+02 6.4606701660e+02 6.4600500488e+02 6.4595599365e+02 6.4591101074e+02 6.4586102295e+02 6.4583599854e+02 6.4579699707e+02 6.4576898193e+02 6.4574298096e+02 6.4569396973e+02
6.4697302246e+02 6.4696600342e+02 6.4695300293e+02 6.4693499756e+02 6.4692401123e+02 6.4689801025e+02 6.4688098145e+02 6.4687402344e+02 6.4686499023e+02 6.4682598877e+02 6.4680798340e+02 6.4678997803e+02 6.4677001953e+02 6.4674401855e+02 6.4671002197e+02 6.4667999268e+02 6.4664001465e+02 6.4660998535e+02 6.4657501221e+02 6.4653997803e+02 6.4650201416e+02 6.4646997070e+02 6.4643701172e+02 6.4640100098e+02 6.4636297607e+02 6.4633697510e+02 6.4628997803e+02 6.4624298096e+02 6.4620397949e+02 6.4616497803e+02 6.4613702393e+02 6.4608898926e+02 6.4603601074e+02 6.4599700928e+02 6.4596197510e+02 6.4593200684e+02 6.4591998291e+02 6.4586999512e+02 6.4581097412e+02 6.4576800537e+02 6.4572601318e+02 6.4569201660e+02 6.4565100098e+02 6.4561401367e+02 6.4558599854e+02 6.4555700684e+02
6.4683502197e+02 6.4683898926e+02 6.4682598877e+02 6.4680603027e+02 6.4680603027e+02 6.4679400635e+02 6.4677001953e+02 6.4674902344e+02 6.4673498535e+02 6.4670599365e+02 6.4668200684e+02 6.4665197754e+02 6.4662597656e+02 6.4660601807e+02 6.4657098389e+02 6.4653399658e+02 6.4649200439e+02 6.4645202637e+02 6.4641400146e+02 6.4638397217e+02 6.4635400391e+02 6.4631097412e+02 6.4627899170e+02 6.4624798584e+02 6.4620800781e+02 6.4617199707e+02 6.4612597656e+02 6.4608398438e+02 6.4604400635e+02 6.4601599121e+02 6.4599200439e+02 6.4594201660e+02 6.4587799072e+02 6.4583502197e+02 6.4579901123e+02 6.4577001953e+02 6.4575500488e+02 6.4570898438e+02 6.4565997314e+02 6.4562799072e+02 6.4559301758e+02 6.4555700684e+02 6.4551702881e+02 6.4547302246e+02 6.4543701172e+02 6.4541601563e+02
6.4669598389e+02 6.4670397949e+02 6.4669598389e+02 6.4667498779e+02 6.4666601563e+02 6.4666497803e+02 6.4664099121e+02 6.4660998535e+02 6.4658898926e+02 6.4656896973e+02 6.4654699707e+02 6.4651300049e+02 6.4648400879e+02 6.4646301270e+02 6.4641998291e+02 6.4637402344e+02 6.4633801270e+02 6.4629602051e+02 6.4625701904e+02 6.4623602295e+02 6.4621801758e+02 6.4616497803e+02 6.4612500000e+02 6.4609600830e+02 6.4605102539e+02 6.4601000977e+02 6.4596899414e+02 6.4593200684e+02 6.4589099121e+02 6.4585699463e+02 6.4582598877e+02 6.4578002930e+02 6.4572399902e+02 6.4568103027e+02 6.4563800049e+02 6.4560601807e+02 6.4558502197e+02 6.4554602051e+02 6.4550897217e+02 6.4548498535e+02 6.4544897461e+02 6.4541101074e+02 6.4537298584e+02 6.4533001709e+02 6.4528900146e+02 6.4526397705e+02
6.4656201172e+02 6.4656701660e+02 6.4656896973e+02 6.4655102539e+02 6.4652600098e+02 6.4652398682e+02 6.4650097656e+02 6.4646899414e+02 6.4643902588e+02 6.4641699219e+02 6.4640100098e+02 6.4637200928e+02 6.4634197998e+02 6.4631298828e+02 6.4626702881e+02 6.4622497559e+02 6.4619299316e+02 6.4614697266e+02 6.4611102295e+02 6.4608697510e+02 6.4606896973e+02 6.4602099609e+02 6.4596801758e+02 6.4593597412e+02 6.4589801025e+02 6.4585198975e+02 6.4581201172e+02 6.4578100586e+02 6.4575799561e+02 6.4570001221e+02 6.4564898682e+02 6.4560400391e+02 6.4556896973e+02 6.4553100586e+02 6.4548297119e+02 6.4544598389e+02 6.4541699219e+02 6.4538299561e+02 6.4535400391e+02 6.4532897949e+02 6.4529302979e+02 6.4525000000e+02 6.4521997070e+02 6.4519000244e+02 6.4514398193e+02 6.4510699463e+02
6.4642901611e+02 6.4641900635e+02 6.4641497803e+02 6.4640100098e+02 6.4638702393e+02 6.4638299561e+02 6.4636297607e+02 6.4632800293e+02 6.4629101563e+02 6.4626898193e+02 6.4626202393e+02 6.4623297119e+02 6.4619598389e+02 6.4616497803e+02 6.4612402344e+02 6.4608502197e+02 6.4604602051e+02 6.4601300049e+02 6.4596899414e+02 6.4592901611e+02 6.4590802002e+02 6.4587298584e+02 6.4581896973e+02 6.4577899170e+02 6.4575201416e+02 6.4570501709e+02 6.4565502930e+02 6.4562402344e+02 6.4560498047e+02 6.4555603027e+02 6.4550402832e+02 6.4545599365e+02 6.4542297363e+02 6.4538800049e+02 6.4533300781e+02 6.4528601074e+02 6.4526397705e+02 6.4524102783e+02 6.4521997070e+02 6.4520501709e+02 6.4517602539e+02 6.4511199951e+02 6.4507000732e+02 6.4504602051e+02 6.4501098633e+02 6.4495599365e+02
6.4630401611e+02 6.4628198242e+02 6.4626300049e+02 6.4624401855e+02 6.4623498535e+02 6.4622698975e+02 6.4621197510e+02 6.4618200684e+02 6.4615197754e+02 6.4613500977e+02 6.4611999512e+02 6.4608300781e+02 6.4603802490e+02 6.4601000977e+02 6.4596801758e+02 6.4592797852e+02 6.4590197754e+02 6.4586199951e+02 6.4581201172e+02 6.4577197266e+02 6.4575000000e+02 6.4572100830e+02 6.4567199707e+02 6.4562097168e+02 6.4558898926e+02 6.4554498291e+02 6.4549700928e+02 6.4546301270e+02 6.4544097900e+02 6.4540802002e+02 6.4535998535e+02 6.4530999756e+02 6.4527697754e+02 6.4525097656e+02 6.4519396973e+02 6.4513800049e+02 6.4511999512e+02 6.4510400391e+02 6.4508197021e+02 6.4506701660e+02 6.4504602051e+02 6.4498602295e+02 6.4493402100e+02 6.4490502930e+02 6.4488299561e+02 6.4482702637e+02
6.4616400146e+02 6.4614898682e+02 6.4612799072e+02 6.4610198975e+02 6.4608898926e+02 6.4607800293e+02 6.4606298828e+02 6.4603302002e+02 6.4600299072e+02 6.4598602295e+02 6.4596502686e+02 6.4592700195e+02 6.4588800049e+02 6.4586700439e+02 6.4581799316e+02 6.4576702881e+02 6.4574102783e+02 6.4570001221e+02 6.4565899658e+02 6.4562097168e+02 6.4558599854e+02 6.4555499268e+02 6.4551800537e+02 6.4546697998e+02 6.4541998291e+02 6.4537799072e+02 6.4534002686e+02 6.4530700684e+02 6.4527697754e+02 6.4525402832e+02 6.4521801758e+02 6.4516900635e+02 6.4512402344e+02 6.4509899902e+02 6.4505902100e+02 6.4500897217e+02 6.4498498535e+02 6.4497399902e+02 6.4494000244e+02 6.4491101074e+02 6.4489202881e+02 6.4485601807e+02 6.4480297852e+02 6.4476702881e+02 6.4475000000e+02 6.4471002197e+02
6.4600500488e+02 6.4600701904e+02 6.4600000000e+02 6.4597601318e+02 6.4595001221e+02 6.4592797852e+02 6.4591101074e+02 6.4588000488e+02 6.4584399414e+02 6.4582202148e+02 6.4579498291e+02 6.4576202393e+02 6.4573699951e+02 6.4572100830e+02 6.4567999268e+02 6.4562402344e+02 6.4557299805e+02 6.4554901123e+02 6.4552502441e+02 6.4548400879e+02 6.4542999268e+02 6.4539099121e+02 6.4536499023e+02 6.4532202148e+02 6.4526501465e+02 6.4522698975e+02 6.4520001221e+02 6.4516998291e+02 6.4513397217e+02 6.4510101318e+02 6.4507397461e+02 6.4503198242e+02 6.4497698975e+02 6.4494799805e+02 6.4493200684e+02 6.4489599609e+02 6.4485699463e+02 6.4484497070e+02 6.4481298828e+02 6.4476898193e+02 6.4472698975e+02 6.4471600342e+02 6.4467102051e+02 6.4462597656e+02 6.4459197998e+02 6.4457397461e+02
6.4587597656e+02 6.4585101318e+02 6.4584002686e+02 6.4582299805e+02 6.4579699707e+02 6.4577001953e+02 6.4575299072e+02 6.4573101807e+02 6.4570501709e+02 6.4566497803e+02 6.4563299561e+02 6.4560797119e+02 6.4558099365e+02 6.4555499268e+02 6.4552001953e+02 6.4548199463e+02 6.4543499756e+02 6.4539300537e+02 6.4536199951e+02 6.4532800293e+02 6.4528601074e+02 6.4523297119e+02 6.4519897461e+02 6.4516699219e+02 6.4512902832e+02 6.4509399414e+02 6.4506701660e+02 6.4504302979e+02 6.4500701904e+02 6.4497802734e+02 6.4495098877e+02 6.4490100098e+02 6.4484197998e+02 6.4481201172e+02 6.4480297852e+02 6.4476599121e+02 6.4471801758e+02 6.4469201660e+02 6.4466699219e+02 6.4463500977e+02 6.4459197998e+02 6.4457702637e+02 6.4453302002e+02 6.4448498535e+02 6.4445599365e+02 6.4443103027e+02
6.4573699951e+02 6.4570397949e+02 6.4568499756e+02 6.4566302490e+02 6.4563500977e+02 6.4562200928e+02 6.4559997559e+02 6.4556896973e+02 6.4555102539e+02 6.4551300049e+02 6.4548797607e+02 6.4546899414e+02 6.4544299316e+02 6.4540698242e+02 6.4536499023e+02 6.4533898926e+02 6.4530999756e+02 6.4524798584e+02 6.4520300293e+02 6.4516900635e+02 6.4513598633e+02 6.4508300781e+02 6.4504498291e+02 6.4501702881e+02 6.4498797607e+02 6.4494702148e+02 6.4491497803e+02 6.4489300537e+02 6.4486602783e+02 6.4484497070e+02 6.4481896973e+02 6.4476898193e+02 6.4471398926e+02 6.4467297363e+02 6.4465899658e+02 6.4462200928e+02 6.4457598877e+02 6.4454101563e+02 6.4452099609e+02 6.4450598145e+02 6.4446398926e+02 6.4443298340e+02 6.4439398193e+02 6.4435198975e+02 6.4432897949e+02 6.4429302979e+02
6.4558001709e+02 6.4555499268e+02 6.4553698730e+02 6.4551098633e+02 6.4548400879e+02 6.4548101807e+02 6.4545001221e+02 6.4540502930e+02 6.4539099121e+02 6.4536297607e+02 6.4533898926e+02 6.4531402588e+02 6.4528601074e+02 6.4525299072e+02 6.4520599365e+02 6.4517999268e+02 6.4516302490e+02 6.4510302734e+02 6.4505798340e+02 6.4502398682e+02 6.4498797607e+02 6.4494201660e+02 6.4490502930e+02 6.4487500000e+02 6.4484698486e+02 6.4480603027e+02 6.4477099609e+02 6.4474700928e+02 6.4472302246e+02 6.4469598389e+02 6.4466998291e+02 6.4462902832e+02 6.4459197998e+02 6.4453698730e+02 6.4451098633e+02 6.4447998047e+02 6.4444201660e+02 6.4439501953e+02 6.4437597656e+02 6.4437097168e+02 6.4433898926e+02 6.4429998779e+02 6.4426000977e+02 6.4422302246e+02 6.4420800781e+02 6.4417297363e+02
6.4541998291e+02 6.4540301514e+02 6.4538299561e+02 6.4535797119e+02 6.4534301758e+02 6.4532299805e+02 6.4528900146e+02 6.4525299072e+02 6.4523797607e+02 6.4520599365e+02 6.4517797852e+02 6.4514501953e+02 6.4510797119e+02 6.4509802246e+02 6.4505999756e+02 6.4502001953e+02 6.4499499512e+02 6.4496197510e+02 6.4491601563e+02 6.4488000488e+02 6.4486901855e+02 6.4481799316e+02 6.4477502441e+02 6.4473901367e+02 6.4471099854e+02 6.4468402100e+02 6.4464398193e+02 6.4461102295e+02 6.4458398438e+02 6.4455297852e+02 6.4452697754e+02 6.4449499512e+02 6.4447497559e+02 6.4439801025e+02 6.4435198975e+02 6.4432800293e+02 6.4432098389e+02 6.4425500488e+02 6.4423699951e+02 6.4423602295e+02 6.4421398926e+02 6.4417498779e+02 6.4413201904e+02 6.4409698486e+02 6.4407897949e+02 6.4405999756e+02
6.4527899170e+02 6.4526397705e+02 6.4523901367e+02 6.4520501709e+02 6.4517602539e+02 6.4514697266e+02 6.4512500000e+02 6.4510302734e+02 6.4508599854e+02 6.4505401611e+02 6.4502697754e+02 6.4500000000e+02 6.4496002197e+02 6.4493298340e+02 6.4490301514e+02 6.4486499023e+02 6.4482598877e+02 6.4479602051e+02 6.4475701904e+02 6.4472399902e+02 6.4470697021e+02 6.4467700195e+02 6.4464202881e+02 6.4460101318e+02 6.4456097412e+02 6.4454302979e+02 6.4450701904e+02 6.4446301270e+02 6.4443200684e+02 6.4441198730e+02 6.4438897705e+02 6.4435302734e+02 6.4432098389e+02 6.4426300049e+02 6.4421899414e+02 6.4419799805e+02 6.4419299316e+02 6.4412200928e+02 6.4410400391e+02 6.4409899902e+02 6.4408502197e+02 6.4406097412e+02 6.4401898193e+02 6.4397302246e+02 6.4393103027e+02 6.4391198730e+02
6.4512200928e+02 6.4510601807e+02 6.4508697510e+02 6.4505700684e+02 6.4501898193e+02 6.4498498535e+02 6.4496002197e+02 6.4493597412e+02 6.4491998291e+02 6.4489697266e+02 6.4486999512e+02 6.4484698486e+02 6.4481500244e+02 6.4477801514e+02 6.4475000000e+02 6.4471697998e+02 6.4467199707e+02 6.4464099121e+02 6.4460797119e+02 6.4457598877e+02 6.4454699707e+02 6.4452197266e+02 6.4449700928e+02 6.4445599365e+02 6.4440301514e+02 6.4437500000e+02 6.4434997559e+02 6.4431896973e+02 6.4428698730e+02 6.4426599121e+02 6.4424902344e+02 6.4422198486e+02 6.4418597412e+02 6.4413702393e+02 6.4409497070e+02 6.4407000732e+02 6.4405401611e+02 6.4400402832e+02 6.4397998047e+02 6.4395697021e+02 6.4393798828e+02 6.4391198730e+02 6.4387597656e+02 6.4384197998e+02 6.4380499268e+02 6.4378399658e+02
6.4496197510e+02 6.4494598389e+02 6.4493499756e+02 6.4491302490e+02 6.4487298584e+02 6.4483599854e+02 6.4480603027e+02 6.4477502441e+02 6.4474597168e+02 6.4472302246e+02 6.4469799805e+02 6.4468103027e+02 6.4465802002e+02 6.4462597656e+02 6.4460101318e+02 6.4457202148e+02 6.4453802490e+02 6.4449597168e+02 6.4445697021e+02 6.4443103027e+02 6.4440399170e+02 6.4437402344e+02 6.4434997559e+02 6.4431201172e+02 6.4426202393e+02 6.4421997070e+02 6.4420001221e+02 6.4417498779e+02 6.4414099121e+02 6.4412402344e+02 6.4410900879e+02 6.4408697510e+02 6.4404998779e+02 6.4400402832e+02 6.4397302246e+02 6.4394598389e+02 6.4392700195e+02 6.4389599609e+02 6.4387200928e+02 6.4384002686e+02 6.4380700684e+02 6.4378002930e+02 6.4375201416e+02 6.4372497559e+02 6.4368798828e+02 6.4365997314e+02
