TESTSERVER/20/13.asc
NCOLS 100
NROWS 100
XLLCORNER 8.4997500000e+03
YLLCORNER 2.8930025000e+05
CELLSIZE 5.0000000000e-01
NODATA_VALUE -9.9990000000e+03
[rows 40 to 59 of 100, columns 0 to 45 of 100]
6.4844897461e+02 6.4847601318e+02 6.4852099609e+02 6.4855102539e+02 6.4858197021e+02 6.4859997559e+02 6.4860998535e+02 6.4864300537e+02 6.4867999268e+02 6.4872198486e+02 6.4876202393e+02 6.4878100586e+02 6.4880401611e+02 6.4882598877e+02 6.4884899902e+02 6.4886901855e+02 6.4889001465e+02 6.4891802979e+02 6.4894000244e+02 6.4895599365e+02 6.4896899414e+02 6.4897998047e+02 6.4899902344e+02 6.4900701904e+02 6.4901202393e+02 6.4901898193e+02 6.4903302002e+02 6.4904101563e+02 6.4904400635e+02 6.4904901123e+02 6.4905603027e+02 6.4908197021e+02 6.4909100342e+02 6.4908898926e+02 6.4909802246e+02 6.4911700439e+02 6.4912799072e+02 6.4913098145e+02 6.4912902832e+02 6.4912597656e+02 6.4913299561e+02 6.4913897705e+02 6.4914001465e+02 6.4913702393e+02 6.4913500977e+02 6.4913800049e+02
6.4838000488e+02 6.4840502930e+02 6.4844097900e+02 6.4847198486e+02 6.4851000977e+02 6.4853900146e+02 6.4855603027e+02 6.4858898926e+02 6.4862500000e+02 6.4865698242e+02 6.4868798828e+02 6.4871002197e+02 6.4873400879e+02 6.4875799561e+02 6.4878399658e+02 6.4880700684e+02 6.4882202148e+02 6.4885198975e+02 6.4888598633e+02 6.4889898682e+02 6.4891400146e+02 6.4892700195e+02 6.4894097900e+02 6.4896099854e+02 6.4897698975e+02 6.4898297119e+02 6.4898498535e+02 6.4899597168e+02 6.4900000000e+02 6.4900402832e+02 6.4901098633e+02 6.4902697754e+02 6.4903302002e+02 6.4903399658e+02 6.4905102539e+02 6.4907299805e+02 6.4908300781e+02 6.4908502197e+02 6.4908801270e+02 6.4908599854e+02 6.4908599854e+02 6.4908398438e+02 6.4908300781e+02 6.4908599854e+02 6.4908599854e+02 6.4909002686e+02
6.4829602051e+02 6.4832501221e+02 6.4835699463e+02 6.4839202881e+02 6.4843200684e+02 6.4846301270e+02 6.4848699951e+02 6.4852801514e+02 6.4856500244e+02 6.4858801270e+02 6.4861297607e+02 6.4863800049e+02 6.4866198730e+02 6.4868597412e+02 6.4871697998e+02 6.4874298096e+02 6.4875000000e+02 6.4877697754e+02 6.4881799316e+02 6.4883300781e+02 6.4885302734e+02 6.4887500000e+02 6.4888702393e+02 6.4890600586e+02 6.4892602539e+02 6.4893200684e+02 6.4892901611e+02 6.4894000244e+02 6.4895098877e+02 6.4896697998e+02 6.4897601318e+02 6.4898901367e+02 6.4899597168e+02 6.4899597168e+02 6.4900897217e+02 6.4902502441e+02 6.4902398682e+02 6.4902301025e+02 6.4902899170e+02 6.4903002930e+02 6.4903198242e+02 6.4903302002e+02 6.4903198242e+02 6.4903302002e+02 6.4903100586e+02 6.4903399658e+02
6.4821002197e+02 6.4824298096e+02 6.4827697754e+02 6.4831402588e+02 6.4835101318e+02 6.4838098145e+02 6.4840698242e+02 6.4845501709e+02 6.4849798584e+02 6.4851898193e+02 6.4854199219e+02 6.4856597900e+02 6.4859002686e+02 6.4861401367e+02 6.4864202881e+02 6.4866802979e+02 6.4867602539e+02 6.4870001221e+02 6.4873602295e+02 6.4875201416e+02 6.4878002930e+02 6.4881402588e+02 6.4882800293e+02 6.4884100342e+02 6.4885998535e+02 6.4886798096e+02 6.4886499023e+02 6.4887200928e+02 6.4889202881e+02 6.4891998291e+02 6.4892999268e+02 6.4893798828e+02 6.4894500732e+02 6.4894299316e+02 6.4894500732e+02 6.4896197510e+02 6.4896398926e+02 6.4896697998e+02 6.4896997070e+02 6.4897198486e+02 6.4897698975e+02 6.4897998047e+02 6.4898199463e+02 6.4898199463e+02 6.4897601318e+02 6.4897399902e+02
6.4813800049e+02 6.4817199707e+02 6.4820300293e+02 6.4823999023e+02 6.4826800537e+02 6.4829602051e+02 6.4832501221e+02 6.4836602783e+02 6.4841101074e+02 6.4844500732e+02 6.4847497559e+02 6.4849298096e+02 6.4851501465e+02 6.4853900146e+02 6.4855999756e+02 6.4858801270e+02 6.4860797119e+02 6.4863299561e+02 6.4866198730e+02 6.4867797852e+02 6.4871002197e+02 6.4874597168e+02 6.4876397705e+02 6.4877697754e+02 6.4879498291e+02 6.4880798340e+02 6.4880902100e+02 6.4881097412e+02 6.4883300781e+02 6.4885998535e+02 6.4887298584e+02 6.4888201904e+02 6.4888800049e+02 6.4888500977e+02 6.4888897705e+02 6.4889202881e+02 6.4889801025e+02 6.4890997314e+02 6.4891497803e+02 6.4892199707e+02 6.4892797852e+02 6.4892199707e+02 6.4891400146e+02 6.4892602539e+02 6.4892498779e+02 6.4892297363e+02
6.4806298828e+02 6.4809002686e+02 6.4812298584e+02 6.4816101074e+02 6.4819500732e+02 6.4822100830e+02 6.4823498535e+02 6.4827001953e+02 6.4831500244e+02 6.4834698486e+02 6.4838201904e+02 6.4840100098e+02 6.4842401123e+02 6.4845697021e+02 6.4848297119e+02 6.4851599121e+02 6.4854797363e+02 6.4857800293e+02 6.4860699463e+02 6.4862097168e+02 6.4864001465e+02 6.4866400146e+02 6.4868902588e+02 6.4871899414e+02 6.4874200439e+02 6.4875500488e+02 6.4875897217e+02 6.4876202393e+02 6.4877697754e+02 6.4878900146e+02 6.4879602051e+02 6.4882000732e+02 6.4883599854e+02 6.4883599854e+02 6.4883001709e+02 6.4882299805e+02 6.4882598877e+02 6.4884399414e+02 6.4884997559e+02 6.4886297607e+02 6.4887500000e+02 6.4886798096e+02 6.4886102295e+02 6.4886798096e+02 6.4887200928e+02 6.4887097168e+02
6.4797497559e+02 6.4799700928e+02 6.4803002930e+02 6.4806799316e+02 6.4811102295e+02 6.4814202881e+02 6.4815002441e+02 6.4817999268e+02 6.4822302246e+02 6.4825598145e+02 6.4829699707e+02 6.4831799316e+02 6.4834399414e+02 6.4837701416e+02 6.4840502930e+02 6.4844000244e+02 6.4846899414e+02 6.4849700928e+02 6.4852502441e+02 6.4855798340e+02 6.4858300781e+02 6.4860101318e+02 6.4861901855e+02 6.4865002441e+02 6.4866998291e+02 6.4868402100e+02 6.4869500732e+02 6.4870599365e+02 6.4871997070e+02 6.4873101807e+02 6.4873602295e+02 6.4875701904e+02 6.4877099609e+02 6.4877197266e+02 6.4876898193e+02 6.4875598145e+02 6.4875701904e+02 6.4877697754e+02 6.4878302002e+02 6.4880102539e+02 6.4881597900e+02 6.4881402588e+02 6.4880902100e+02 6.4880902100e+02 6.4880902100e+02 6.4880499268e+02
6.4789001465e+02 6.4791198730e+02 6.4793902588e+02 6.4797198486e+02 6.4802001953e+02 6.4805700684e+02 6.4807098389e+02 6.4809301758e+02 6.4813201904e+02 6.4817297363e+02 6.4821801758e+02 6.4823999023e+02 6.4826397705e+02 6.4829498291e+02 6.4832598877e+02 6.4836499023e+02 6.4839300537e+02 6.4841302490e+02 6.4843402100e+02 6.4847802734e+02 6.4851202393e+02 6.4853002930e+02 6.4853997803e+02 6.4856201172e+02 6.4857800293e+02 6.4859497070e+02 6.4861602783e+02 6.4863800049e+02 6.4865802002e+02 6.4867297363e+02 6.4867901611e+02 6.4869097900e+02 6.4870001221e+02 6.4870300293e+02 6.4870898438e+02 6.4870001221e+02 6.4870001221e+02 6.4871398926e+02 6.4871301270e+02 6.4872698975e+02 6.4874200439e+02 6.4874401855e+02 6.4874401855e+02 6.4874499512e+02 6.4874700928e+02 6.4874200439e+02
6.4779602051e+02 6.4782800293e+02 6.4785302734e+02 6.4788201904e+02 6.4792602539e+02 6.4796502686e+02 6.4799102783e+02 6.4801702881e+02 6.4805401611e+02 6.4809899902e+02 6.4813397217e+02 6.4816497803e+02 6.4819598389e+02 6.4822399902e+02 6.4825598145e+02 6.4828302002e+02 6.4831701660e+02 6.4833697510e+02 6.4834997559e+02 6.4838800049e+02 6.4842498779e+02 6.4845098877e+02 6.4845697021e+02 6.4847100830e+02 6.4848400879e+02 6.4850299072e+02 6.4853198242e+02 6.4855499268e+02 6.4857299805e+02 6.4858898926e+02 6.4860198975e+02 6.4862500000e+02 6.4863702393e+02 6.4863598633e+02 6.4863800049e+02 6.4864599609e+02 6.4864801025e+02 6.4865399170e+02 6.4864300537e+02 6.4865197754e+02 6.4866802979e+02 6.4867498779e+02 6.4867498779e+02 6.4867901611e+02 6.4868402100e+02 6.4868402100e+02
6.4770397949e+02 6.4773602295e+02 6.4776702881e+02 6.4779498291e+02 6.4783599854e+02 6.4788299561e+02 6.4791302490e+02 6.4794299316e+02 6.4797698975e+02 6.4802001953e+02 6.4805499268e+02 6.4808398438e+02 6.4812097168e+02 6.4814398193e+02 6.4816699219e+02 6.4819201660e+02 6.4822601318e+02 6.4825402832e+02 6.4826599121e+02 6.4829998779e+02 6.4833801270e+02 6.4836602783e+02 6.4837200928e+02 6.4839001465e+02 6.4840399170e+02 6.4841699219e+02 6.4844097900e+02 6.4846502686e+02 6.4848297119e+02 6.4850201416e+02 6.4851800537e+02 6.4854602051e+02 6.4855999756e+02 6.4855700684e+02 6.4855499268e+02 6.4856799316e+02 6.4858001709e+02 6.4858398438e+02 6.4857202148e+02 6.4858099365e+02 6.4860302734e+02 6.4861297607e+02 6.4861102295e+02 6.4860498047e+02 6.4860797119e+02 6.4861602783e+02
6.4761297607e+02 6.4764801025e+02 6.4768701172e+02 6.4771301270e+02 6.4775201416e+02 6.4780200195e+02 6.4783099365e+02 6.4785699463e+02 6.4789099121e+02 6.4793597412e+02 6.4797100830e+02 6.4799298096e+02 6.4803002930e+02 6.4805700684e+02 6.4808197021e+02 6.4810198975e+02 6.4813000488e+02 6.4816497803e+02 6.4818103027e+02 6.4820800781e+02 6.4823797607e+02 6.4826397705e+02 6.4828399658e+02 6.4831097412e+02 6.4832800293e+02 6.4833697510e+02 6.4835302734e+02 6.4837799072e+02 6.4839599609e+02 6.4841497803e+02 6.4843103027e+02 6.4845800781e+02 6.4847698975e+02 6.4847698975e+02 6.4847198486e+02 6.4848297119e+02 6.4849499512e+02 6.4850201416e+02 6.4849102783e+02 6.4850000000e+02 6.4852301025e+02 6.4853698730e+02 6.4853997803e+02 6.4853399658e+02 6.4853802490e+02 6.4854602051e+02
6.4752197266e+02 6.4756298828e+02 6.4760998535e+02 6.4763598633e+02 6.4767199707e+02 6.4771600342e+02 6.4774597168e+02 6.4777197266e+02 6.4780401611e+02 6.4784497070e+02 6.4788397217e+02 6.4790301514e+02 6.4793701172e+02 6.4796801758e+02 6.4800097656e+02 6.4801501465e+02 6.4803198242e+02 6.4806799316e+02 6.4809399414e+02 6.4811401367e+02 6.4813598633e+02 6.4816302490e+02 6.4819799805e+02 6.4822601318e+02 6.4824597168e+02 6.4825897217e+02 6.4827099609e+02 6.4829101563e+02 6.4830999756e+02 6.4832800293e+02 6.4834698486e+02 6.4836798096e+02 6.4839001465e+02 6.4839501953e+02 6.4839202881e+02 6.4840100098e+02 6.4840802002e+02 6.4841400146e+02 6.4841302490e+02 6.4842102051e+02 6.4843902588e+02 6.4845098877e+02 6.4845898438e+02 6.4846002197e+02 6.4846002197e+02 6.4846197510e+02
6.4743499756e+02 6.4747497559e+02 6.4752502441e+02 6.4755999756e+02 6.4759802246e+02 6.4763098145e+02 6.4765399170e+02 6.4768499756e+02 6.4772100830e+02 6.4775500488e+02 6.4779901123e+02 6.4781799316e+02 6.4784802246e+02 6.4788598633e+02 6.4792602539e+02 6.4793798828e+02 6.4794799805e+02 6.4797497559e+02 6.4801501465e+02 6.4802801514e+02 6.4804498291e+02 6.4807702637e+02 6.4811297607e+02 6.4812902832e+02 6.4814801025e+02 6.4816497803e+02 6.4818298340e+02 6.4821099854e+02 6.4822497559e+02 6.4823901367e+02 6.4825897217e+02 6.4828698730e+02 6.4830499268e+02 6.4831500244e+02 6.4831500244e+02 6.4831896973e+02 6.4832000732e+02 6.4832897949e+02 6.4834698486e+02 6.4835498047e+02 6.4836602783e+02 6.4836999512e+02 6.4837298584e+02 6.4838299561e+02 6.4837799072e+02 6.4836798096e+02
6.4734399414e+02 6.4736999512e+02 6.4742401123e+02 6.4745697021e+02 6.4750299072e+02 6.4753997803e+02 6.4756896973e+02 6.4759197998e+02 6.4762701416e+02 6.4766302490e+02 6.4770599365e+02 6.4772399902e+02 6.4775000000e+02 6.4778399658e+02 6.4781896973e+02 6.4784399414e+02 6.4786499023e+02 6.4789300537e+02 6.4793798828e+02 6.4796002197e+02 6.4796801758e+02 6.4798797607e+02 6.4801898193e+02 6.4803997803e+02 6.4806097412e+02 6.4808099365e+02 6.4810601807e+02 6.4813800049e+02 6.4815197754e+02 6.4815899658e+02 6.4817102051e+02 6.4819897461e+02 6.4822100830e+02 6.4823199463e+02 6.4822698975e+02 6.4822900391e+02 6.4823797607e+02 6.4825701904e+02 6.4827899170e+02 6.4828399658e+02 6.4829400635e+02 6.4829400635e+02 6.4829101563e+02 6.4829998779e+02 6.4829699707e+02 6.4828698730e+02
6.4726300049e+02 6.4728900146e+02 6.4733801270e+02 6.4735900879e+02 6.4740301514e+02 6.4744000244e+02 6.4748101807e+02 6.4750897217e+02 6.4753601074e+02 6.4757098389e+02 6.4761700439e+02 6.4763897705e+02 6.4766400146e+02 6.4769500732e+02 6.4772601318e+02 6.4775000000e+02 6.4778100586e+02 6.4780999756e+02 6.4784600830e+02 6.4787298584e+02 6.4788598633e+02 6.4790100098e+02 6.4793200684e+02 6.4795599365e+02 6.4797698975e+02 6.4799902344e+02 6.4802197266e+02 6.4804797363e+02 6.4806500244e+02 6.4807501221e+02 6.4808197021e+02 6.4811199951e+02 6.4813397217e+02 6.4814501953e+02 6.4814398193e+02 6.4814697266e+02 6.4816198730e+02 6.4818402100e+02 6.4820098877e+02 6.4819897461e+02 6.4820397949e+02 6.4820202637e+02 6.4819702148e+02 6.4820202637e+02 6.4820202637e+02 6.4819500732e+02
6.4716699219e+02 6.4719702148e+02 6.4724499512e+02 6.4727099609e+02 6.4731298828e+02 6.4734301758e+02 6.4738000488e+02 6.4742999268e+02 6.4745697021e+02 6.4748498535e+02 6.4752398682e+02 6.4754901123e+02 6.4757501221e+02 6.4761102295e+02 6.4764599609e+02 6.4765899658e+02 6.4768200684e+02 6.4770898438e+02 6.4773901367e+02 6.4777099609e+02 6.4779498291e+02 6.4781402588e+02 6.4784497070e+02 6.4787097168e+02 6.4789300537e+02 6.4791101074e+02 6.4792498779e+02 6.4794897461e+02 6.4797100830e+02 6.4798699951e+02 6.4800000000e+02 6.4803198242e+02 6.4804699707e+02 6.4805102539e+02 6.4805700684e+02 6.4806298828e+02 6.4807897949e+02 6.4809997559e+02 6.4811102295e+02 6.4810498047e+02 6.4810498047e+02 6.4810400391e+02 6.4810400391e+02 6.4810302734e+02 6.4810198975e+02 6.4809600830e+02
6.4706097412e+02 6.4709997559e+02 6.4714099121e+02 6.4718200684e+02 6.4722802734e+02 6.4725799561e+02 6.4728002930e+02 6.4732800293e+02 6.4737298584e+02 6.4740197754e+02 6.4742797852e+02 6.4745001221e+02 6.4747698975e+02 6.4751599121e+02 6.4755200195e+02 6.4756896973e+02 6.4758001709e+02 6.4760198975e+02 6.4763098145e+02 6.4766699219e+02 6.4770202637e+02 6.4772698975e+02 6.4774798584e+02 6.4778399658e+02 6.4780401611e+02 6.4781298828e+02 6.4782501221e+02 6.4785797119e+02 6.4788299561e+02 6.4789898682e+02 6.4791900635e+02 6.4794598389e+02 6.4794897461e+02 6.4794702148e+02 6.4795599365e+02 6.4796197510e+02 6.4797900391e+02 6.4799798584e+02 6.4801397705e+02 6.4801300049e+02 6.4800897217e+02 6.4801000977e+02 6.4802301025e+02 6.4801000977e+02 6.4800299072e+02 6.4799597168e+02
6.4696002197e+02 6.4699401855e+02 6.4703601074e+02 6.4708300781e+02 6.4713299561e+02 6.4716601563e+02 6.4718597412e+02 6.4722198486e+02 6.4726898193e+02 6.4730603027e+02 6.4734301758e+02 6.4736499023e+02 6.4738800049e+02 6.4741497803e+02 6.4744097900e+02 6.4746697998e+02 6.4748699951e+02 6.4752398682e+02 6.4754998779e+02 6.4758099365e+02 6.4761102295e+02 6.4763397217e+02 6.4765502930e+02 6.4768200684e+02 6.4770697021e+02 6.4771697998e+02 6.4772302246e+02 6.4775897217e+02 6.4779302979e+02 6.4780798340e+02 6.4782897949e+02 6.4786199951e+02 6.4786700439e+02 6.4786700439e+02 6.4786700439e+02 6.4787298584e+02 6.4788598633e+02 6.4789501953e+02 6.4790899658e+02 6.4791601563e+02 6.4790802002e+02 6.4790197754e+02 6.4791400146e+02 6.4791601563e+02 6.4791497803e+02 6.4790997314e+02
6.4686602783e+02 6.4689697266e+02 6.4693597412e+02 6.4697998047e+02 6.4702697754e+02 6.4706298828e+02 6.4709301758e+02 6.4713299561e+02 6.4717498779e+02 6.4720800781e+02 6.4725097656e+02 6.4727899170e+02 6.4730297852e+02 6.4732202148e+02 6.4733502197e+02 6.4735998535e+02 6.4738897705e+02 6.4743499756e+02 6.4745800781e+02 6.4748199463e+02 6.4750701904e+02 6.4752899170e+02 6.4755603027e+02 6.4757897949e+02 6.4761199951e+02 6.4763598633e+02 6.4764300537e+02 6.4767199707e+02 6.4770202637e+02 6.4770898438e+02 6.4772302246e+02 6.4775500488e+02 6.4776397705e+02 6.4776800537e+02 6.4777001953e+02 6.4778198242e+02 6.4779797363e+02 6.4780102539e+02 6.4780700684e+02 6.4781896973e+02 6.4781701660e+02 6.4780902100e+02 6.4780798340e+02 6.4780700684e+02 6.4780902100e+02 6.4780700684e+02
6.4677502441e+02 6.4680700684e+02 6.4684100342e+02 6.4687200928e+02 6.4691302490e+02 6.4695397949e+02 6.4699200439e+02 6.4703698730e+02 6.4707702637e+02 6.4710601807e+02 6.4714001465e+02 6.4717401123e+02 6.4720898438e+02 6.4723297119e+02 6.4724298096e+02 6.4726300049e+02 6.4729199219e+02 6.4733197021e+02 6.4735498047e+02 6.4737799072e+02 6.4740301514e+02 6.4742297363e+02 6.4745098877e+02 6.4746801758e+02 6.4750201416e+02 6.4753698730e+02 6.4755200195e+02 6.4757598877e+02 6.4760101318e+02 6.4760797119e+02 6.4761798096e+02 6.4764398193e+02 6.4765100098e+02 6.4765997314e+02 6.4766998291e+02 6.4768798828e+02 6.4770800781e+02 6.4770800781e+02 6.4769897461e+02 6.4771197510e+02 6.4771801758e+02 6.4771197510e+02 6.4770202637e+02 6.4769598389e+02 6.4769598389e+02 6.4769299316e+02
