TESTSERVER/20/14.asc
NCOLS 100
NROWS 100
XLLCORNER 8.4997500000e+03
YLLCORNER 2.8925025000e+05
CELLSIZE 5.0000000000e-01
NODATA_VALUE -9.9990000000e+03
[rows 0 to 19 of 100, columns 46 to 91 of 100]
6.4225897217e+02 6.4225500488e+02 6.4224200439e+02 6.4221301270e+02 6.4217797852e+02 6.4216699219e+02 6.4215698242e+02 6.4213397217e+02 6.4211901855e+02 6.4210998535e+02 6.4209600830e+02 6.4208001709e+02 6.4205999756e+02 6.4205700684e+02 6.4205401611e+02 6.4203601074e+02 6.4202697754e+02 6.4201397705e+02 6.4197998047e+02 6.4194799805e+02 6.4192700195e+02 6.4191497803e+02 6.4191900635e+02 6.4192102051e+02 6.4189501953e+02 6.4186602783e+02 6.4184497070e+02 6.4183599854e+02 6.4183398438e+02 6.4178900146e+02 6.4177502441e+02 6.4179400635e+02 6.4178002930e+02 6.4176800537e+02 6.4175097656e+02 6.4172998047e+02 6.4173797607e+02 6.4170202637e+02 6.4168298340e+02 6.4167602539e+02 6.4166302490e+02 6.4165600586e+02 6.4163800049e+02 6.4161999512e+02 6.4159997559e+02 6.4158898926e+02
6.4215100098e+02 6.4215197754e+02 6.4213800049e+02 6.4210601807e+02 6.4207000732e+02 6.4206402588e+02 6.4205200195e+02 6.4203399658e+02 6.4203399658e+02 6.4201202393e+02 6.4198498535e+02 6.4197900391e+02 6.4197399902e+02 6.4196099854e+02 6.4195397949e+02 6.4194500732e+02 6.4193701172e+02 6.4191699219e+02 6.4190100098e+02 6.4187597656e+02 6.4184002686e+02 6.4182098389e+02 6.4181896973e+02 6.4182598877e+02 6.4181597900e+02 6.4178698730e+02 6.4175897217e+02 6.4174902344e+02 6.4176000977e+02 6.4172601318e+02 6.4169000244e+02 6.4169097900e+02 6.4170202637e+02 6.4169396973e+02 6.4168798828e+02 6.4166400146e+02 6.4164898682e+02 6.4163397217e+02 6.4162402344e+02 6.4161102295e+02 6.4159698486e+02 6.4158898926e+02 6.4157598877e+02 6.4156097412e+02 6.4153698730e+02 6.4153601074e+02
6.4204699707e+02 6.4204699707e+02 6.4204101563e+02 6.4201202393e+02 6.4196801758e+02 6.4195599365e+02 6.4195098877e+02 6.4194500732e+02 6.4195397949e+02 6.4192700195e+02 6.4189599609e+02 6.4189001465e+02 6.4189099121e+02 6.4187402344e+02 6.4185900879e+02 6.4184301758e+02 6.4183300781e+02 6.4181201172e+02 6.4180603027e+02 6.4179400635e+02 6.4176098633e+02 6.4173999023e+02 6.4173498535e+02 6.4173602295e+02 6.4172302246e+02 6.4170098877e+02 6.4167999268e+02 6.4166699219e+02 6.4167199707e+02 6.4165600586e+02 6.4161798096e+02 6.4160797119e+02 6.4162500000e+02 6.4161999512e+02 6.4161700439e+02 6.4159802246e+02 6.4158001709e+02 6.4156701660e+02 6.4156097412e+02 6.4155401611e+02 6.4154602051e+02 6.4152697754e+02 6.4150402832e+02 6.4148901367e+02 6.4147802734e+02 6.4148602295e+02
6.4195697021e+02 6.4194799805e+02 6.4194500732e+02 6.4192700195e+02 6.4188702393e+02 6.4186199951e+02 6.4185302734e+02 6.4184997559e+02 6.4185101318e+02 6.4182501221e+02 6.4180499268e+02 6.4180102539e+02 6.4180603027e+02 6.4179699707e+02 6.4177197266e+02 6.4174597168e+02 6.4173297119e+02 6.4171301270e+02 6.4170898438e+02 6.4170898438e+02 6.4169000244e+02 6.4166101074e+02 6.4164898682e+02 6.4164398193e+02 6.4162799072e+02 6.4162097168e+02 6.4161297607e+02 6.4159997559e+02 6.4158599854e+02 6.4158300781e+02 6.4155401611e+02 6.4153900146e+02 6.4154400635e+02 6.4154498291e+02 6.4154498291e+02 6.4153100586e+02 6.4153100586e+02 6.4150598145e+02 6.4148901367e+02 6.4147998047e+02 6.4147998047e+02 6.4146197510e+02 6.4144097900e+02 6.4143701172e+02 6.4143298340e+02 6.4143103027e+02
6.4187701416e+02 6.4186199951e+02 6.4184399414e+02 6.4182897949e+02 6.4181201172e+02 6.4177697754e+02 6.4175500488e+02 6.4175000000e+02 6.4175000000e+02 6.4172900391e+02 6.4172601318e+02 6.4172497559e+02 6.4172399902e+02 6.4170202637e+02 6.4167199707e+02 6.4165197754e+02 6.4164697266e+02 6.4163098145e+02 6.4162097168e+02 6.4162097168e+02 6.4161700439e+02 6.4159600830e+02 6.4157897949e+02 6.4156896973e+02 6.4156298828e+02 6.4155798340e+02 6.4155603027e+02 6.4154302979e+02 6.4152502441e+02 6.4151501465e+02 6.4149597168e+02 6.4148602295e+02 6.4148797607e+02 6.4147601318e+02 6.4147601318e+02 6.4147198486e+02 6.4146997070e+02 6.4144598389e+02 6.4142901611e+02 6.4139898682e+02 6.4137298584e+02 6.4137500000e+02 6.4137298584e+02 6.4137902832e+02 6.4137701416e+02 6.4136499023e+02
6.4178100586e+02 6.4177600098e+02 6.4175701904e+02 6.4173999023e+02 6.4172900391e+02 6.4171099854e+02 6.4168402100e+02 6.4166601563e+02 6.4166198730e+02 6.4164398193e+02 6.4163702393e+02 6.4163800049e+02 6.4164300537e+02 6.4161297607e+02 6.4158898926e+02 6.4157000732e+02 6.4157000732e+02 6.4157897949e+02 6.4155297852e+02 6.4153302002e+02 6.4152697754e+02 6.4152001953e+02 6.4151800537e+02 6.4151000977e+02 6.4149700928e+02 6.4148602295e+02 6.4148498535e+02 6.4148400879e+02 6.4147198486e+02 6.4146099854e+02 6.4143902588e+02 6.4143597412e+02 6.4143902588e+02 6.4141998291e+02 6.4140802002e+02 6.4140002441e+02 6.4139697266e+02 6.4138299561e+02 6.4136700439e+02 6.4134301758e+02 6.4132702637e+02 6.4132098389e+02 6.4132702637e+02 6.4133099365e+02 6.4132202148e+02 6.4130902100e+02
6.4168798828e+02 6.4168298340e+02 6.4166198730e+02 6.4164801025e+02 6.4164202881e+02 6.4163397217e+02 6.4161297607e+02 6.4159100342e+02 6.4158001709e+02 6.4156097412e+02 6.4154797363e+02 6.4154400635e+02 6.4154797363e+02 6.4153399658e+02 6.4152398682e+02 6.4150299072e+02 6.4149902344e+02 6.4150598145e+02 6.4147900391e+02 6.4145800781e+02 6.4144799805e+02 6.4144897461e+02 6.4146002197e+02 6.4145697021e+02 6.4143200684e+02 6.4141101074e+02 6.4141302490e+02 6.4141699219e+02 6.4139898682e+02 6.4138800049e+02 6.4136798096e+02 6.4136901855e+02 6.4137799072e+02 6.4136798096e+02 6.4136499023e+02 6.4135101318e+02 6.4133300781e+02 6.4130902100e+02 6.4129901123e+02 6.4129498291e+02 6.4128399658e+02 6.4127502441e+02 6.4127600098e+02 6.4127801514e+02 6.4126599121e+02 6.4125299072e+02
6.4160101318e+02 6.4158898926e+02 6.4156298828e+02 6.4155401611e+02 6.4155102539e+02 6.4154498291e+02 6.4153399658e+02 6.4151898193e+02 6.4150500488e+02 6.4148797607e+02 6.4147399902e+02 6.4146301270e+02 6.4145599365e+02 6.4145098877e+02 6.4145202637e+02 6.4143298340e+02 6.4141998291e+02 6.4141302490e+02 6.4139898682e+02 6.4139300537e+02 6.4138299561e+02 6.4138000488e+02 6.4138800049e+02 6.4138500977e+02 6.4135699463e+02 6.4133801270e+02 6.4134301758e+02 6.4134197998e+02 6.4132299805e+02 6.4132299805e+02 6.4130603027e+02 6.4130603027e+02 6.4131402588e+02 6.4131597900e+02 6.4131896973e+02 6.4129901123e+02 6.4127899170e+02 6.4124499512e+02 6.4123699951e+02 6.4124102783e+02 6.4122900391e+02 6.4121502686e+02 6.4120898438e+02 6.4120898438e+02 6.4120800781e+02 6.4119299316e+02
6.4151000977e+02 6.4150402832e+02 6.4148400879e+02 6.4147302246e+02 6.4147100830e+02 6.4146002197e+02 6.4145202637e+02 6.4144000244e+02 6.4142401123e+02 6.4141302490e+02 6.4140301514e+02 6.4138598633e+02 6.4138201904e+02 6.4137902832e+02 6.4137799072e+02 6.4136401367e+02 6.4134899902e+02 6.4133599854e+02 6.4133599854e+02 6.4133502197e+02 6.4131799316e+02 6.4131402588e+02 6.4130999756e+02 6.4130499268e+02 6.4129797363e+02 6.4129199219e+02 6.4129400635e+02 6.4127899170e+02 6.4125598145e+02 6.4126202393e+02 6.4125201416e+02 6.4124700928e+02 6.4124401855e+02 6.4125897217e+02 6.4125897217e+02 6.4123199463e+02 6.4122399902e+02 6.4120001221e+02 6.4118103027e+02 6.4118402100e+02 6.4118298340e+02 6.4116601563e+02 6.4115600586e+02 6.4114898682e+02 6.4114898682e+02 6.4113897705e+02
6.4143499756e+02 6.4143200684e+02 6.4142199707e+02 6.4140502930e+02 6.4138897705e+02 6.4137402344e+02 6.4136700439e+02 6.4136199951e+02 6.4135101318e+02 6.4134100342e+02 6.4133697510e+02 6.4131701660e+02 6.4131201172e+02 6.4131097412e+02 6.4131298828e+02 6.4129797363e+02 6.4127600098e+02 6.4126898193e+02 6.4127001953e+02 6.4126501465e+02 6.4124798584e+02 6.4125201416e+02 6.4125097656e+02 6.4124298096e+02 6.4124102783e+02 6.4125402832e+02 6.4124499512e+02 6.4121899414e+02 6.4120501709e+02 6.4119702148e+02 6.4118902588e+02 6.4118798828e+02 6.4118597412e+02 6.4119201660e+02 6.4119897461e+02 6.4118298340e+02 6.4117401123e+02 6.4114898682e+02 6.4112799072e+02 6.4111700439e+02 6.4111602783e+02 6.4111901855e+02 6.4111798096e+02 6.4111102295e+02 6.4110302734e+02 6.4109301758e+02
6.4136602783e+02 6.4135400391e+02 6.4134698486e+02 6.4133502197e+02 6.4132202148e+02 6.4129797363e+02 6.4128497314e+02 6.4128198242e+02 6.4127801514e+02 6.4127001953e+02 6.4126898193e+02 6.4125097656e+02 6.4123999023e+02 6.4123797607e+02 6.4124401855e+02 6.4123297119e+02 6.4121002197e+02 6.4120599365e+02 6.4120001221e+02 6.4119299316e+02 6.4118402100e+02 6.4119598389e+02 6.4119799805e+02 6.4118499756e+02 6.4117102051e+02 6.4118200684e+02 6.4117797852e+02 6.4116302490e+02 6.4116497803e+02 6.4114599609e+02 6.4113397217e+02 6.4113800049e+02 6.4113702393e+02 6.4113000488e+02 6.4113397217e+02 6.4112799072e+02 6.4112298584e+02 6.4110797119e+02 6.4109899902e+02 6.4108197021e+02 6.4106597900e+02 6.4107000732e+02 6.4107397461e+02 6.4107202148e+02 6.4106402588e+02 6.4105102539e+02
6.4129998779e+02 6.4127001953e+02 6.4125799561e+02 6.4125500488e+02 6.4125201416e+02 6.4123400879e+02 6.4121697998e+02 6.4120800781e+02 6.4120300293e+02 6.4119598389e+02 6.4119299316e+02 6.4117602539e+02 6.4116497803e+02 6.4116302490e+02 6.4116802979e+02 6.4115997314e+02 6.4114398193e+02 6.4114300537e+02 6.4113299561e+02 6.4112799072e+02 6.4112701416e+02 6.4113598633e+02 6.4114099121e+02 6.4113098145e+02 6.4111102295e+02 6.4111798096e+02 6.4112097168e+02 6.4111602783e+02 6.4111999512e+02 6.4109399414e+02 6.4107897949e+02 6.4108197021e+02 6.4108099365e+02 6.4107598877e+02 6.4107598877e+02 6.4106799316e+02 6.4106701660e+02 6.4105499268e+02 6.4105401611e+02 6.4103601074e+02 6.4101898193e+02 6.4102600098e+02 6.4103100586e+02 6.4103198242e+02 6.4102502441e+02 6.4101397705e+02
6.4122302246e+02 6.4119897461e+02 6.4117700195e+02 6.4116601563e+02 6.4116198730e+02 6.4116497803e+02 6.4115600586e+02 6.4114099121e+02 6.4112200928e+02 6.4111700439e+02 6.4112200928e+02 6.4110998535e+02 6.4109899902e+02 6.4109600830e+02 6.4109100342e+02 6.4108001709e+02 6.4108398438e+02 6.4108197021e+02 6.4106896973e+02 6.4105999756e+02 6.4106201172e+02 6.4106500244e+02 6.4107299805e+02 6.4107501221e+02 6.4106799316e+02 6.4106097412e+02 6.4105999756e+02 6.4106201172e+02 6.4106896973e+02 6.4104699707e+02 6.4102502441e+02 6.4101702881e+02 6.4101300049e+02 6.4102801514e+02 6.4103302002e+02 6.4102001953e+02 6.4101702881e+02 6.4101000977e+02 6.4100897217e+02 6.4100097656e+02 6.4097802734e+02 6.4098400879e+02 6.4097998047e+02 6.4097497559e+02 6.4096997070e+02 6.4097302246e+02
6.4114501953e+02 6.4114398193e+02 6.4112701416e+02 6.4110101318e+02 6.4108300781e+02 6.4108801270e+02 6.4108001709e+02 6.4107098389e+02 6.4106097412e+02 6.4104602051e+02 6.4105200195e+02 6.4105102539e+02 6.4104400635e+02 6.4103002930e+02 6.4102001953e+02 6.4101098633e+02 6.4103698730e+02 6.4103399658e+02 6.4101898193e+02 6.4101098633e+02 6.4100598145e+02 6.4101397705e+02 6.4102398682e+02 6.4102099609e+02 6.4102001953e+02 6.4100598145e+02 6.4099102783e+02 6.4099200439e+02 6.4100000000e+02 6.4099401855e+02 6.4097900391e+02 6.4097601318e+02 6.4097497559e+02 6.4097802734e+02 6.4098297119e+02 6.4096801758e+02 6.4097100830e+02 6.4096197510e+02 6.4095300293e+02 6.4095898438e+02 6.4094799805e+02 6.4094299316e+02 6.4093798828e+02 6.4092901611e+02 6.4092401123e+02 6.4093402100e+02
6.4107501221e+02 6.4107598877e+02 6.4107299805e+02 6.4105200195e+02 6.4102099609e+02 6.4101702881e+02 6.4101202393e+02 6.4101397705e+02 6.4101000977e+02 6.4098901367e+02 6.4098101807e+02 6.4098297119e+02 6.4098999023e+02 6.4096697998e+02 6.4096197510e+02 6.4095898438e+02 6.4098400879e+02 6.4098101807e+02 6.4096899414e+02 6.4096697998e+02 6.4096502686e+02 6.4096899414e+02 6.4096801758e+02 6.4095397949e+02 6.4095202637e+02 6.4095098877e+02 6.4093597412e+02 6.4093200684e+02 6.4093499756e+02 6.4093701172e+02 6.4093298340e+02 6.4093902588e+02 6.4094598389e+02 6.4094000244e+02 6.4093499756e+02 6.4092297363e+02 6.4093402100e+02 6.4092797852e+02 6.4091302490e+02 6.4091802979e+02 6.4091900635e+02 6.4091302490e+02 6.4091400146e+02 6.4090899658e+02 6.4090002441e+02 6.4090002441e+02
6.4101702881e+02 6.4100299072e+02 6.4100097656e+02 6.4099298096e+02 6.4096600342e+02 6.4095098877e+02 6.4094500732e+02 6.4095501709e+02 6.4095501709e+02 6.4093103027e+02 6.4090997314e+02 6.4090698242e+02 6.4092901611e+02 6.4091802979e+02 6.4092297363e+02 6.4092102051e+02 6.4092602539e+02 6.4092102051e+02 6.4091198730e+02 6.4091601563e+02 6.4091900635e+02 6.4091998291e+02 6.4092199707e+02 6.4090698242e+02 6.4088098145e+02 6.4089202881e+02 6.4089001465e+02 6.4089001465e+02 6.4089001465e+02 6.4088397217e+02 6.4088299561e+02 6.4089501953e+02 6.4090997314e+02 6.4090600586e+02 6.4090197754e+02 6.4089398193e+02 6.4089898682e+02 6.4088397217e+02 6.4087402344e+02 6.4087799072e+02 6.4087701416e+02 6.4087500000e+02 6.4088500977e+02 6.4088598633e+02 6.4087298584e+02 6.4086602783e+02
6.4094201660e+02 6.4094897461e+02 6.4093499756e+02 6.4092199707e+02 6.4090802002e+02 6.4089697266e+02 6.4088299561e+02 6.4088397217e+02 6.4088000488e+02 6.4086602783e+02 6.4085302734e+02 6.4084899902e+02 6.4085900879e+02 6.4086102295e+02 6.4086798096e+02 6.4087097168e+02 6.4086901855e+02 6.4086199951e+02 6.4085699463e+02 6.4086102295e+02 6.4084997559e+02 6.4085302734e+02 6.4086700439e+02 6.4086602783e+02 6.4083197021e+02 6.4083801270e+02 6.4084301758e+02 6.4084802246e+02 6.4085400391e+02 6.4085198975e+02 6.4085101318e+02 6.4085699463e+02 6.4086297607e+02 6.4086798096e+02 6.4086700439e+02 6.4085900879e+02 6.4085998535e+02 6.4084100342e+02 6.4083898926e+02 6.4084497070e+02 6.4083001709e+02 6.4083099365e+02 6.4084497070e+02 6.4084899902e+02 6.4083502197e+02 6.4083300781e+02
6.4089599609e+02 6.4089398193e+02 6.4087902832e+02 6.4086401367e+02 6.4086199951e+02 6.4085900879e+02 6.4083801270e+02 6.4082397461e+02 6.4081402588e+02 6.4080700684e+02 6.4080798340e+02 6.4081097412e+02 6.4081402588e+02 6.4080902100e+02 6.4080700684e+02 6.4080603027e+02 6.4080700684e+02 6.4080297852e+02 6.4079602051e+02 6.4080102539e+02 6.4079699707e+02 6.4080603027e+02 6.4081597900e+02 6.4081896973e+02 6.4079602051e+02 6.4079699707e+02 6.4080200195e+02 6.4081201172e+02 6.4081799316e+02 6.4082202148e+02 6.4081597900e+02 6.4081500244e+02 6.4081500244e+02 6.4083001709e+02 6.4083197021e+02 6.4081896973e+02 6.4082598877e+02 6.4081701660e+02 6.4080603027e+02 6.4081097412e+02 6.4080297852e+02 6.4080603027e+02 6.4081500244e+02 6.4081701660e+02 6.4081201172e+02 6.4080798340e+02
6.4084698486e+02 6.4083801270e+02 6.4082202148e+02 6.4080700684e+02 6.4080102539e+02 6.4080499268e+02 6.4078900146e+02 6.4077197266e+02 6.4076098633e+02 6.4076098633e+02 6.4076599121e+02 6.4076501465e+02 6.4077197266e+02 6.4077801514e+02 6.4077301025e+02 6.4076000977e+02 6.4076098633e+02 6.4076898193e+02 6.4075701904e+02 6.4076202393e+02 6.4076202393e+02 6.4077001953e+02 6.4076599121e+02 6.4076800537e+02 6.4076300049e+02 6.4076800537e+02 6.4076898193e+02 6.4077697754e+02 6.4077801514e+02 6.4078198242e+02 6.4077398682e+02 6.4077398682e+02 6.4077600098e+02 6.4078399658e+02 6.4078802490e+02 6.4078100586e+02 6.4078198242e+02 6.4077398682e+02 6.4076501465e+02 6.4077301025e+02 6.4077502441e+02 6.4078497314e+02 6.4078997803e+02 6.4078698730e+02 6.4078802490e+02 6.4078802490e+02
6.4079699707e+02 6.4078497314e+02 6.4077502441e+02 6.4075799561e+02 6.4073901367e+02 6.4073797607e+02 6.4073297119e+02 6.4072497559e+02 6.4072100830e+02 6.4072198486e+02 6.4072302246e+02 6.4071398926e+02 6.4072497559e+02 6.4074200439e+02 6.4073901367e+02 6.4071899414e+02 6.4071301270e+02 6.4072497559e+02 6.4071697998e+02 6.4072497559e+02 6.4072998047e+02 6.4073199463e+02 6.4071899414e+02 6.4071600342e+02 6.4071801758e+02 6.4072698975e+02 6.4072302246e+02 6.4072802734e+02 6.4073101807e+02 6.4073999023e+02 6.4073400879e+02 6.4073400879e+02 6.4073797607e+02 6.4074102783e+02 6.4074401855e+02 6.4073999023e+02 6.4073400879e+02 6.4073602295e+02 6.4073797607e+02 6.4074499512e+02 6.4075402832e+02 6.4076300049e+02 6.4076300049e+02 6.4076098633e+02 6.4076397705e+02 6.4077197266e+02
