TESTSERVER/20/14.asc
NCOLS 100
NROWS 100
XLLCORNER 8.4997500000e+03
YLLCORNER 2.8925025000e+05
CELLSIZE 5.0000000000e-01
NODATA_VALUE -9.9990000000e+03
[rows 60 to 79 of 100, columns 0 to 45 of 100]
6.3755102539e+02 6.3779400635e+02 6.3799798584e+02 6.3824499512e+02 6.3846600342e+02 6.3862902832e+02 6.3879699707e+02 6.3898797607e+02 6.3919396973e+02 6.3941998291e+02 6.3966198730e+02 6.3993200684e+02 6.4016400146e+02 6.4030700684e+02 6.4038598633e+02 6.4034899902e+02 6.4032299805e+02 6.4031298828e+02 6.4031298828e+02 6.4035699463e+02 6.4040301514e+02 6.4041400146e+02 6.4039398193e+02 6.4040301514e+02 6.4039599609e+02 6.4039300537e+02 6.4039599609e+02 6.4038800049e+02 6.4038098145e+02 6.4037701416e+02 6.4038897705e+02 6.4039099121e+02 6.4037701416e+02 6.4035498047e+02 6.4033300781e+02 6.4032800293e+02 6.4034802246e+02 6.4036199951e+02 6.4034497070e+02 6.4032897949e+02 6.4029998779e+02 6.4028497314e+02 6.4028698730e+02 6.4027600098e+02 6.4025598145e+02 6.4025097656e+02
6.3751300049e+02 6.3769897461e+02 6.3785601807e+02 6.3807299805e+02 6.3829400635e+02 6.3845098877e+02 6.3857598877e+02 6.3873999023e+02 6.3896099854e+02 6.3919299316e+02 6.3942199707e+02 6.3969000244e+02 6.3994097900e+02 6.4014202881e+02 6.4029199219e+02 6.4032800293e+02 6.4032299805e+02 6.4029797363e+02 6.4027502441e+02 6.4030603027e+02 6.4035601807e+02 6.4038897705e+02 6.4038800049e+02 6.4038500977e+02 6.4037701416e+02 6.4037097168e+02 6.4037597656e+02 6.4036798096e+02 6.4036297607e+02 6.4035797119e+02 6.4036102295e+02 6.4036102295e+02 6.4036102295e+02 6.4035900879e+02 6.4034399414e+02 6.4032501221e+02 6.4031298828e+02 6.4031701660e+02 6.4033099365e+02 6.4035101318e+02 6.4034802246e+02 6.4031799316e+02 6.4028997803e+02 6.4027600098e+02 6.4026397705e+02 6.4026702881e+02
6.3742999268e+02 6.3758197021e+02 6.3772497559e+02 6.3791101074e+02 6.3809698486e+02 6.3824200439e+02 6.3835797119e+02 6.3851501465e+02 6.3874200439e+02 6.3897302246e+02 6.3919201660e+02 6.3943402100e+02 6.3967102051e+02 6.3990100098e+02 6.4010302734e+02 6.4022399902e+02 6.4028997803e+02 6.4029400635e+02 6.4026397705e+02 6.4026702881e+02 6.4028698730e+02 6.4031799316e+02 6.4034802246e+02 6.4036901855e+02 6.4036602783e+02 6.4035498047e+02 6.4035601807e+02 6.4035198975e+02 6.4035101318e+02 6.4034899902e+02 6.4034997559e+02 6.4034497070e+02 6.4034497070e+02 6.4034497070e+02 6.4034301758e+02 6.4033001709e+02 6.4030798340e+02 6.4029302979e+02 6.4029302979e+02 6.4031500244e+02 6.4034497070e+02 6.4034600830e+02 6.4032098389e+02 6.4028698730e+02 6.4026702881e+02 6.4027001953e+02
6.3734600830e+02 6.3749200439e+02 6.3763500977e+02 6.3775799561e+02 6.3787701416e+02 6.3801501465e+02 6.3817999268e+02 6.3836199951e+02 6.3858300781e+02 6.3878198242e+02 6.3896099854e+02 6.3916101074e+02 6.3936499023e+02 6.3960198975e+02 6.3983502197e+02 6.4002301025e+02 6.4018902588e+02 6.4027502441e+02 6.4026800537e+02 6.4025799561e+02 6.4024902344e+02 6.4025201416e+02 6.4028302002e+02 6.4033599854e+02 6.4035400391e+02 6.4034600830e+02 6.4033801270e+02 6.4033599854e+02 6.4033502197e+02 6.4033099365e+02 6.4033502197e+02 6.4033099365e+02 6.4032501221e+02 6.4031896973e+02 6.4032299805e+02 6.4032501221e+02 6.4031298828e+02 6.4029400635e+02 6.4027801514e+02 6.4027502441e+02 6.4030200195e+02 6.4033001709e+02 6.4034899902e+02 6.4033001709e+02 6.4029400635e+02 6.4027398682e+02
6.3724700928e+02 6.3739501953e+02 6.3759497070e+02 6.3766198730e+02 6.3772998047e+02 6.3785699463e+02 6.3802398682e+02 6.3826000977e+02 6.3849102783e+02 6.3863098145e+02 6.3873498535e+02 6.3890600586e+02 6.3907800293e+02 6.3931896973e+02 6.3959197998e+02 6.3977099609e+02 6.4000402832e+02 6.4017901611e+02 6.4024499512e+02 6.4026300049e+02 6.4025701904e+02 6.4023498535e+02 6.4022998047e+02 6.4027697754e+02 6.4032098389e+02 6.4034100342e+02 6.4035797119e+02 6.4032598877e+02 6.4031402588e+02 6.4030603027e+02 6.4031097412e+02 6.4031402588e+02 6.4030798340e+02 6.4030102539e+02 6.4030700684e+02 6.4031298828e+02 6.4031500244e+02 6.4030798340e+02 6.4029797363e+02 6.4027600098e+02 6.4027099609e+02 6.4028997803e+02 6.4032397461e+02 6.4034899902e+02 6.4032800293e+02 6.4029101563e+02
6.3725299072e+02 6.3728900146e+02 6.3740399170e+02 6.3748297119e+02 6.3762402344e+02 6.3777301025e+02 6.3786401367e+02 6.3805902100e+02 6.3831500244e+02 6.3846197510e+02 6.3855401611e+02 6.3870202637e+02 6.3883197021e+02 6.3904101563e+02 6.3929797363e+02 6.3949902344e+02 6.3975201416e+02 6.3997802734e+02 6.4012597656e+02 6.4023901367e+02 6.4027099609e+02 6.4024102783e+02 6.4020397949e+02 6.4021997070e+02 6.4024499512e+02 6.4029199219e+02 6.4035998535e+02 6.4033300781e+02 6.4030700684e+02 6.4028997803e+02 6.4028997803e+02 6.4028900146e+02 6.4028698730e+02 6.4028399658e+02 6.4028698730e+02 6.4029498291e+02 6.4029699707e+02 6.4030102539e+02 6.4030499268e+02 6.4029101563e+02 6.4027600098e+02 6.4027197266e+02 6.4028002930e+02 6.4030499268e+02 6.4032702637e+02 6.4033801270e+02
6.3722802734e+02 6.3722802734e+02 6.3728601074e+02 6.3737902832e+02 6.3751702881e+02 6.3764501953e+02 6.3767797852e+02 6.3775097656e+02 6.3797698975e+02 6.3819897461e+02 6.3839898682e+02 6.3855603027e+02 6.3862500000e+02 6.3876800537e+02 6.3900201416e+02 6.3922497559e+02 6.3949798584e+02 6.3975299072e+02 6.3995898438e+02 6.4015100098e+02 6.4024499512e+02 6.4024401855e+02 6.4020202637e+02 6.4019500732e+02 6.4019299316e+02 6.4021899414e+02 6.4028802490e+02 6.4030700684e+02 6.4030499268e+02 6.4028601074e+02 6.4027600098e+02 6.4027899170e+02 6.4027398682e+02 6.4026501465e+02 6.4026702881e+02 6.4027899170e+02 6.4028198242e+02 6.4028399658e+02 6.4029302979e+02 6.4029199219e+02 6.4028100586e+02 6.4026898193e+02 6.4026098633e+02 6.4026898193e+02 6.4029302979e+02 6.4032598877e+02
6.3698797607e+02 6.3708599854e+02 6.3719702148e+02 6.3729498291e+02 6.3734997559e+02 6.3741198730e+02 6.3747198486e+02 6.3751397705e+02 6.3769000244e+02 6.3794500732e+02 6.3825299072e+02 6.3845501709e+02 6.3846899414e+02 6.3855200195e+02 6.3876397705e+02 6.3897698975e+02 6.3923797607e+02 6.3949798584e+02 6.3973498535e+02 6.3997100830e+02 6.4013299561e+02 6.4020098877e+02 6.4020300293e+02 6.4018701172e+02 6.4017199707e+02 6.4017297363e+02 6.4020001221e+02 6.4023199463e+02 6.4026098633e+02 6.4026800537e+02 6.4027301025e+02 6.4027600098e+02 6.4026397705e+02 6.4024798584e+02 6.4025000000e+02 6.4026599121e+02 6.4026599121e+02 6.4026397705e+02 6.4026898193e+02 6.4027301025e+02 6.4027001953e+02 6.4026397705e+02 6.4026202393e+02 6.4026098633e+02 6.4026397705e+02 6.4028002930e+02
6.3652398682e+02 6.3685198975e+02 6.3707098389e+02 6.3719396973e+02 6.3716302490e+02 6.3712902832e+02 6.3720001221e+02 6.3737097168e+02 6.3753601074e+02 6.3775097656e+02 6.3801702881e+02 6.3824700928e+02 6.3828698730e+02 6.3837701416e+02 6.3857800293e+02 6.3875799561e+02 6.3898400879e+02 6.3923498535e+02 6.3947998047e+02 6.3972698975e+02 6.3992401123e+02 6.4007501221e+02 6.4018701172e+02 6.4017999268e+02 6.4015899658e+02 6.4015100098e+02 6.4015698242e+02 6.4016802979e+02 6.4019201660e+02 6.4022601318e+02 6.4026501465e+02 6.4026599121e+02 6.4025701904e+02 6.4024200439e+02 6.4023602295e+02 6.4025000000e+02 6.4025201416e+02 6.4025299072e+02 6.4025402832e+02 6.4025000000e+02 6.4024798584e+02 6.4025000000e+02 6.4025897217e+02 6.4025897217e+02 6.4025500488e+02 6.4025299072e+02
6.3599200439e+02 6.3665197754e+02 6.3697900391e+02 6.3704699707e+02 6.3702899170e+02 6.3700097656e+02 6.3713201904e+02 6.3728601074e+02 6.3744799805e+02 6.3763098145e+02 6.3778997803e+02 6.3791699219e+02 6.3801501465e+02 6.3820800781e+02 6.3851202393e+02 6.3862799072e+02 6.3876702881e+02 6.3898297119e+02 6.3921099854e+02 6.3946801758e+02 6.3970098877e+02 6.3990002441e+02 6.4007098389e+02 6.4014898682e+02 6.4015899658e+02 6.4015100098e+02 6.4014501953e+02 6.4013598633e+02 6.4013598633e+02 6.4016497803e+02 6.4021997070e+02 6.4023602295e+02 6.4024200439e+02 6.4023999023e+02 6.4022802734e+02 6.4023101807e+02 6.4022900391e+02 6.4023400879e+02 6.4023602295e+02 6.4023699951e+02 6.4024200439e+02 6.4024298096e+02 6.4024200439e+02 6.4023999023e+02 6.4023797607e+02 6.4023699951e+02
6.3545397949e+02 6.3630700684e+02 6.3679602051e+02 6.3688098145e+02 6.3691302490e+02 6.3692700195e+02 6.3711102295e+02 6.3729199219e+02 6.3747100830e+02 6.3762701416e+02 6.3768200684e+02 6.3775201416e+02 6.3784802246e+02 6.3809399414e+02 6.3849200439e+02 6.3854400635e+02 6.3855603027e+02 6.3872198486e+02 6.3896600342e+02 6.3923602295e+02 6.3948699951e+02 6.3970898438e+02 6.3990002441e+02 6.4003302002e+02 6.4010900879e+02 6.4014501953e+02 6.4014898682e+02 6.4012500000e+02 6.4010998535e+02 6.4012200928e+02 6.4016198730e+02 6.4017999268e+02 6.4020300293e+02 6.4022302246e+02 6.4022302246e+02 6.4022497559e+02 6.4021997070e+02 6.4021997070e+02 6.4021502686e+02 6.4021600342e+02 6.4022900391e+02 6.4023297119e+02 6.4022601318e+02 6.4022802734e+02 6.4022998047e+02 6.4022998047e+02
6.3481402588e+02 6.3567797852e+02 6.3640399170e+02 6.3664398193e+02 6.3677099609e+02 6.3684399414e+02 6.3702398682e+02 6.3726501465e+02 6.3750897217e+02 6.3767901611e+02 6.3766198730e+02 6.3769299316e+02 6.3774200439e+02 6.3791802979e+02 6.3828002930e+02 6.3836901855e+02 6.3839398193e+02 6.3855102539e+02 6.3877301025e+02 6.3902801514e+02 6.3926098633e+02 6.3947399902e+02 6.3968103027e+02 6.3984197998e+02 6.3996899414e+02 6.4007800293e+02 6.4013397217e+02 6.4012597656e+02 6.4010998535e+02 6.4009802246e+02 6.4011199951e+02 6.4012799072e+02 6.4015600586e+02 6.4018798828e+02 6.4020599365e+02 6.4021301270e+02 6.4021398926e+02 6.4021301270e+02 6.4020001221e+02 6.4019897461e+02 6.4021301270e+02 6.4021697998e+02 6.4021002197e+02 6.4021801758e+02 6.4022302246e+02 6.4022399902e+02
6.3411102295e+02 6.3479199219e+02 6.3549401855e+02 6.3622601318e+02 6.3656201172e+02 6.3673797607e+02 6.3687200928e+02 6.3713098145e+02 6.3740399170e+02 6.3759802246e+02 6.3763299561e+02 6.3764099121e+02 6.3766198730e+02 6.3771002197e+02 6.3781201172e+02 6.3803002930e+02 6.3826702881e+02 6.3848101807e+02 6.3863000488e+02 6.3885900879e+02 6.3906298828e+02 6.3923999023e+02 6.3943597412e+02 6.3964001465e+02 6.3978698730e+02 6.3993597412e+02 6.4005999756e+02 6.4010101318e+02 6.4011602783e+02 6.4009997559e+02 6.4009301758e+02 6.4009899902e+02 6.4011297607e+02 6.4013800049e+02 6.4016101074e+02 6.4017999268e+02 6.4019500732e+02 6.4020501709e+02 6.4020098877e+02 6.4019598389e+02 6.4020098877e+02 6.4020202637e+02 6.4020098877e+02 6.4019598389e+02 6.4020098877e+02 6.4021002197e+02
6.3369897461e+02 6.3411199951e+02 6.3484399414e+02 6.3573101807e+02 6.3633502197e+02 6.3661700439e+02 6.3671502686e+02 6.3690399170e+02 6.3713397217e+02 6.3735797119e+02 6.3751098633e+02 6.3757098389e+02 6.3760601807e+02 6.3764398193e+02 6.3768402100e+02 6.3780200195e+02 6.3805297852e+02 6.3830401611e+02 6.3847900391e+02 6.3875299072e+02 6.3894598389e+02 6.3905798340e+02 6.3922302246e+02 6.3944598389e+02 6.3959399414e+02 6.3973199463e+02 6.3989099121e+02 6.3999798584e+02 6.4007598877e+02 6.4010101318e+02 6.4010998535e+02 6.4010101318e+02 6.4008502197e+02 6.4007800293e+02 6.4008801270e+02 6.4011102295e+02 6.4014501953e+02 6.4017901611e+02 6.4018402100e+02 6.4018402100e+02 6.4018798828e+02 6.4018701172e+02 6.4018798828e+02 6.4018798828e+02 6.4018701172e+02 6.4019097900e+02
6.3348498535e+02 6.3373999023e+02 6.3434197998e+02 6.3531701660e+02 6.3610699463e+02 6.3652502441e+02 6.3660400391e+02 6.3669897461e+02 6.3688500977e+02 6.3711297607e+02 6.3732800293e+02 6.3746899414e+02 6.3756402588e+02 6.3762298584e+02 6.3766101074e+02 6.3773699951e+02 6.3792797852e+02 6.3814697266e+02 6.3830200195e+02 6.3858300781e+02 6.3881500244e+02 6.3894897461e+02 6.3909497070e+02 6.3931500244e+02 6.3945001221e+02 6.3955798340e+02 6.3970300293e+02 6.3983898926e+02 6.3995599365e+02 6.4002697754e+02 6.4008398438e+02 6.4009698486e+02 6.4008099365e+02 6.4005499268e+02 6.4004602051e+02 6.4006500244e+02 6.4009600830e+02 6.4013201904e+02 6.4014697266e+02 6.4015997314e+02 6.4017297363e+02 6.4017401123e+02 6.4017498779e+02 6.4017602539e+02 6.4017498779e+02 6.4017700195e+02
6.3329302979e+02 6.3347802734e+02 6.3396899414e+02 6.3488598633e+02 6.3577899170e+02 6.3634197998e+02 6.3648901367e+02 6.3651800537e+02 6.3665600586e+02 6.3686102295e+02 6.3709698486e+02 6.3733197021e+02 6.3751300049e+02 6.3762597656e+02 6.3768597412e+02 6.3776300049e+02 6.3789801025e+02 6.3805200195e+02 6.3815802002e+02 6.3838897705e+02 6.3864099121e+02 6.3880999756e+02 6.3897399902e+02 6.3921502686e+02 6.3934899902e+02 6.3941497803e+02 6.3950799561e+02 6.3965502930e+02 6.3978698730e+02 6.3988201904e+02 6.3997497559e+02 6.4003002930e+02 6.4005902100e+02 6.4005700684e+02 6.4004101563e+02 6.4004199219e+02 6.4005603027e+02 6.4008197021e+02 6.4010198975e+02 6.4012597656e+02 6.4014898682e+02 6.4016400146e+02 6.4017602539e+02 6.4017199707e+02 6.4016400146e+02 6.4016101074e+02
6.3307202148e+02 6.3327600098e+02 6.3365002441e+02 6.3435601807e+02 6.3518298340e+02 6.3589300537e+02 6.3631500244e+02 6.3639300537e+02 6.3647399902e+02 6.3660998535e+02 6.3686199951e+02 6.3718402100e+02 6.3743499756e+02 6.3760699463e+02 6.3770898438e+02 6.3782299805e+02 6.3793103027e+02 6.3802001953e+02 6.3810998535e+02 6.3830700684e+02 6.3850000000e+02 6.3863000488e+02 6.3875299072e+02 6.3901300049e+02 6.3918499756e+02 6.3926098633e+02 6.3930200195e+02 6.3944799805e+02 6.3958697510e+02 6.3969299316e+02 6.3980700684e+02 6.3991101074e+02 6.4000402832e+02 6.4005603027e+02 6.4006500244e+02 6.4004602051e+02 6.4003601074e+02 6.4004797363e+02 6.4006402588e+02 6.4008300781e+02 6.4011602783e+02 6.4015600586e+02 6.4021099854e+02 6.4021002197e+02 6.4017498779e+02 6.4015100098e+02
6.3280401611e+02 6.3303601074e+02 6.3333197021e+02 6.3379699707e+02 6.3445300293e+02 6.3515197754e+02 6.3574401855e+02 6.3606298828e+02 6.3625097656e+02 6.3645300293e+02 6.3671398926e+02 6.3704400635e+02 6.3734002686e+02 6.3757897949e+02 6.3773498535e+02 6.3784002686e+02 6.3798101807e+02 6.3809899902e+02 6.3821801758e+02 6.3840100098e+02 6.3851599121e+02 6.3856201172e+02 6.3860998535e+02 6.3876000977e+02 6.3890502930e+02 6.3900799561e+02 6.3909600830e+02 6.3924902344e+02 6.3938299561e+02 6.3947399902e+02 6.3961401367e+02 6.3975201416e+02 6.3987902832e+02 6.3997399902e+02 6.4003302002e+02 6.4006097412e+02 6.4005700684e+02 6.4004699707e+02 6.4003900146e+02 6.4005200195e+02 6.4006896973e+02 6.4009399414e+02 6.4014202881e+02 6.4017999268e+02 6.4017199707e+02 6.4015502930e+02
6.3256701660e+02 6.3280401611e+02 6.3311798096e+02 6.3345098877e+02 6.3392901611e+02 6.3448400879e+02 6.3505200195e+02 6.3550201416e+02 6.3585400391e+02 6.3619799805e+02 6.3650701904e+02 6.3683697510e+02 6.3717297363e+02 6.3746697998e+02 6.3769897461e+02 6.3784698486e+02 6.3798901367e+02 6.3810400391e+02 6.3824700928e+02 6.3844201660e+02 6.3854199219e+02 6.3856298828e+02 6.3856701660e+02 6.3865600586e+02 6.3873498535e+02 6.3879998779e+02 6.3889099121e+02 6.3907800293e+02 6.3923400879e+02 6.3930499268e+02 6.3942297363e+02 6.3957598877e+02 6.3972497559e+02 6.3984497070e+02 6.3993200684e+02 6.4001000977e+02 6.4006500244e+02 6.4007501221e+02 6.4005102539e+02 6.4004797363e+02 6.4004302979e+02 6.4004498291e+02 6.4006799316e+02 6.4010101318e+02 6.4011798096e+02 6.4012500000e+02
6.3239099121e+02 6.3263500977e+02 6.3299902344e+02 6.3330999756e+02 6.3362200928e+02 6.3397497559e+02 6.3440997314e+02 6.3490502930e+02 6.3537799072e+02 6.3584899902e+02 6.3623999023e+02 6.3658599854e+02 6.3692498779e+02 6.3722601318e+02 6.3751898193e+02 6.3779400635e+02 6.3797802734e+02 6.3809899902e+02 6.3823498535e+02 6.3839398193e+02 6.3850799561e+02 6.3855102539e+02 6.3853100586e+02 6.3859698486e+02 6.3863500977e+02 6.3864801025e+02 6.3869396973e+02 6.3891802979e+02 6.3911199951e+02 6.3917199707e+02 6.3925701904e+02 6.3944097900e+02 6.3962500000e+02 6.3976098633e+02 6.3983697510e+02 6.3991302490e+02 6.4001300049e+02 6.4008300781e+02 6.4007702637e+02 6.4006402588e+02 6.4004400635e+02 6.4003002930e+02 6.4003900146e+02 6.4005499268e+02 6.4006799316e+02 6.4008300781e+02
