TESTSERVER/20/15.asc
NCOLS 100
NROWS 100
XLLCORNER 8.4997500000e+03
YLLCORNER 2.8920025000e+05
CELLSIZE 5.0000000000e-01
NODATA_VALUE -9.9990000000e+03
[rows 60 to 79 of 100, columns 0 to 45 of 100]
6.1905902100e+02 6.1953302002e+02 6.2002502441e+02 6.2040002441e+02 6.2068200684e+02 6.2090600586e+02 6.2114898682e+02 6.2139898682e+02 6.2171398926e+02 6.2207299805e+02 6.2247100830e+02 6.2277697754e+02 6.2298602295e+02 6.2305297852e+02 6.2300500488e+02 6.2310498047e+02 6.2340698242e+02 6.2385498047e+02 6.2441601563e+02 6.2480499268e+02 6.2522698975e+02 6.2564398193e+02 6.2604199219e+02 6.2644702148e+02 6.2689801025e+02 6.2733001709e+02 6.2771801758e+02 6.2788702393e+02 6.2794702148e+02 6.2796301270e+02 6.2796697998e+02 6.2809100342e+02 6.2837902832e+02 6.2882598877e+02 6.2934698486e+02 6.2978497314e+02 6.3019396973e+02 6.3055401611e+02 6.3083300781e+02 6.3107000732e+02 6.3130798340e+02 6.3149902344e+02 6.3165399170e+02 6.3192199707e+02 6.3220098877e+02 6.3246398926e+02
6.1883099365e+02 6.1926397705e+02 6.1978802490e+02 6.2021600342e+02 6.2057098389e+02 6.2084698486e+02 6.2110601807e+02 6.2133697510e+02 6.2159600830e+02 6.2191101074e+02 6.2229101563e+02 6.2264202881e+02 6.2291601563e+02 6.2305297852e+02 6.2304498291e+02 6.2311798096e+02 6.2339398193e+02 6.2382501221e+02 6.2430603027e+02 6.2468798828e+02 6.2510400391e+02 6.2552801514e+02 6.2593701172e+02 6.2632897949e+02 6.2672802734e+02 6.2711499023e+02 6.2749700928e+02 6.2777099609e+02 6.2790197754e+02 6.2792901611e+02 6.2795697021e+02 6.2809399414e+02 6.2834002686e+02 6.2871997070e+02 6.2917602539e+02 6.2958197021e+02 6.3003198242e+02 6.3043298340e+02 6.3070800781e+02 6.3090100098e+02 6.3111602783e+02 6.3131701660e+02 6.3148400879e+02 6.3172399902e+02 6.3200500488e+02 6.3225201416e+02
6.1865600586e+02 6.1905798340e+02 6.1959399414e+02 6.2004699707e+02 6.2043103027e+02 6.2071801758e+02 6.2097497559e+02 6.2126397705e+02 6.2154797363e+02 6.2182000732e+02 6.2210797119e+02 6.2245300293e+02 6.2277801514e+02 6.2299102783e+02 6.2305999756e+02 6.2317199707e+02 6.2344396973e+02 6.2383099365e+02 6.2424401855e+02 6.2463201904e+02 6.2504498291e+02 6.2546398926e+02 6.2587298584e+02 6.2626501465e+02 6.2663702393e+02 6.2698602295e+02 6.2732598877e+02 6.2765802002e+02 6.2786102295e+02 6.2793701172e+02 6.2798101807e+02 6.2810998535e+02 6.2830200195e+02 6.2861297607e+02 6.2902697754e+02 6.2943701172e+02 6.2989898682e+02 6.3031201172e+02 6.3060198975e+02 6.3076300049e+02 6.3094396973e+02 6.3113201904e+02 6.3130102539e+02 6.3151599121e+02 6.3177197266e+02 6.3201098633e+02
6.1853997803e+02 6.1893798828e+02 6.1946697998e+02 6.1991497803e+02 6.2029901123e+02 6.2057897949e+02 6.2080102539e+02 6.2113299561e+02 6.2149102783e+02 6.2177197266e+02 6.2197601318e+02 6.2226098633e+02 6.2259399414e+02 6.2286401367e+02 6.2301300049e+02 6.2315802002e+02 6.2342797852e+02 6.2378497314e+02 6.2416802979e+02 6.2456298828e+02 6.2496197510e+02 6.2536999512e+02 6.2577697754e+02 6.2616400146e+02 6.2651898193e+02 6.2684802246e+02 6.2716601563e+02 6.2751800537e+02 6.2778002930e+02 6.2792102051e+02 6.2799798584e+02 6.2809802246e+02 6.2824798584e+02 6.2851397705e+02 6.2888897705e+02 6.2930902100e+02 6.2976702881e+02 6.3016900635e+02 6.3045599365e+02 6.3060400391e+02 6.3076702881e+02 6.3094500732e+02 6.3110797119e+02 6.3131701660e+02 6.3156201172e+02 6.3180102539e+02
6.1851202393e+02 6.1891302490e+02 6.1936499023e+02 6.1976501465e+02 6.2014599609e+02 6.2046002197e+02 6.2071600342e+02 6.2099499512e+02 6.2135998535e+02 6.2168200684e+02 6.2193103027e+02 6.2215399170e+02 6.2243298340e+02 6.2269897461e+02 6.2289801025e+02 6.2306597900e+02 6.2332000732e+02 6.2365100098e+02 6.2402697754e+02 6.2442700195e+02 6.2480603027e+02 6.2519702148e+02 6.2559600830e+02 6.2598101807e+02 6.2634301758e+02 6.2667901611e+02 6.2700299072e+02 6.2732800293e+02 6.2760699463e+02 6.2781500244e+02 6.2796002197e+02 6.2806201172e+02 6.2821099854e+02 6.2845800781e+02 6.2876397705e+02 6.2913500977e+02 6.2958099365e+02 6.2997900391e+02 6.3023699951e+02 6.3040197754e+02 6.3056597900e+02 6.3074798584e+02 6.3091998291e+02 6.3111499023e+02 6.3136199951e+02 6.3159997559e+02
6.1842602539e+02 6.1885601807e+02 6.1930603027e+02 6.1967297363e+02 6.2003399658e+02 6.2035400391e+02 6.2062902832e+02 6.2089697266e+02 6.2119299316e+02 6.2147998047e+02 6.2176397705e+02 6.2208898926e+02 6.2240197754e+02 6.2266601563e+02 6.2288598633e+02 6.2306500244e+02 6.2326397705e+02 6.2351599121e+02 6.2384997559e+02 6.2424902344e+02 6.2461401367e+02 6.2498199463e+02 6.2535601807e+02 6.2575000000e+02 6.2613098145e+02 6.2646002197e+02 6.2675500488e+02 6.2706597900e+02 6.2735998535e+02 6.2763897705e+02 6.2788897705e+02 6.2805700684e+02 6.2820800781e+02 6.2841998291e+02 6.2868200684e+02 6.2895697021e+02 6.2933801270e+02 6.2973199463e+02 6.3001599121e+02 6.3016198730e+02 6.3030200195e+02 6.3048199463e+02 6.3067797852e+02 6.3087799072e+02 6.3112097168e+02 6.3135302734e+02
6.1830902100e+02 6.1875500488e+02 6.1925097656e+02 6.1963897705e+02 6.1997399902e+02 6.2026702881e+02 6.2054302979e+02 6.2080603027e+02 6.2107501221e+02 6.2132800293e+02 6.2161102295e+02 6.2201202393e+02 6.2239599609e+02 6.2269500732e+02 6.2291802979e+02 6.2311602783e+02 6.2329498291e+02 6.2348901367e+02 6.2373297119e+02 6.2408197021e+02 6.2441497803e+02 6.2475701904e+02 6.2510998535e+02 6.2549597168e+02 6.2585400391e+02 6.2616198730e+02 6.2645599365e+02 6.2677301025e+02 6.2710302734e+02 6.2745599365e+02 6.2780102539e+02 6.2803302002e+02 6.2817297363e+02 6.2833398438e+02 6.2858697510e+02 6.2882702637e+02 6.2914202881e+02 6.2948602295e+02 6.2977697754e+02 6.2991400146e+02 6.3005200195e+02 6.3024700928e+02 6.3046099854e+02 6.3066802979e+02 6.3090197754e+02 6.3112701416e+02
6.1820501709e+02 6.1863800049e+02 6.1915502930e+02 6.1954699707e+02 6.1985900879e+02 6.2014099121e+02 6.2043298340e+02 6.2073199463e+02 6.2101599121e+02 6.2125598145e+02 6.2150000000e+02 6.2190399170e+02 6.2231402588e+02 6.2264398193e+02 6.2288397217e+02 6.2311798096e+02 6.2332702637e+02 6.2351800537e+02 6.2369897461e+02 6.2396197510e+02 6.2423699951e+02 6.2453601074e+02 6.2487097168e+02 6.2523199463e+02 6.2554998779e+02 6.2583502197e+02 6.2614697266e+02 6.2648400879e+02 6.2683801270e+02 6.2723199463e+02 6.2763598633e+02 6.2791601563e+02 6.2806298828e+02 6.2821997070e+02 6.2851397705e+02 6.2876800537e+02 6.2902001953e+02 6.2927301025e+02 6.2951898193e+02 6.2967297363e+02 6.2983599854e+02 6.3005297852e+02 6.3027398682e+02 6.3049200439e+02 6.3071600342e+02 6.3093103027e+02
6.1811199951e+02 6.1847998047e+02 6.1894201660e+02 6.1935601807e+02 6.1967999268e+02 6.1998699951e+02 6.2029400635e+02 6.2064898682e+02 6.2099298096e+02 6.2126501465e+02 6.2146899414e+02 6.2178100586e+02 6.2212597656e+02 6.2244897461e+02 6.2273602295e+02 6.2300000000e+02 6.2327801514e+02 6.2353802490e+02 6.2376098633e+02 6.2392297363e+02 6.2413000488e+02 6.2436700439e+02 6.2464099121e+02 6.2497998047e+02 6.2527301025e+02 6.2555798340e+02 6.2589001465e+02 6.2621197510e+02 6.2657000732e+02 6.2695098877e+02 6.2732897949e+02 6.2766998291e+02 6.2788397217e+02 6.2810998535e+02 6.2845599365e+02 6.2876202393e+02 6.2896600342e+02 6.2910699463e+02 6.2925799561e+02 6.2945898438e+02 6.2966400146e+02 6.2989099121e+02 6.3009899902e+02 6.3030700684e+02 6.3052600098e+02 6.3074700928e+02
6.1795397949e+02 6.1820898438e+02 6.1857702637e+02 6.1895898438e+02 6.1938397217e+02 6.1981500244e+02 6.2016601563e+02 6.2049700928e+02 6.2087097168e+02 6.2121997070e+02 6.2148400879e+02 6.2174298096e+02 6.2197802734e+02 6.2223400879e+02 6.2253900146e+02 6.2281201172e+02 6.2310699463e+02 6.2340899658e+02 6.2368402100e+02 6.2391601563e+02 6.2413397217e+02 6.2434997559e+02 6.2456298828e+02 6.2479998779e+02 6.2504901123e+02 6.2532397461e+02 6.2565399170e+02 6.2599102783e+02 6.2635601807e+02 6.2669598389e+02 6.2702697754e+02 6.2736297607e+02 6.2762500000e+02 6.2789697266e+02 6.2826501465e+02 6.2860900879e+02 6.2886102295e+02 6.2902600098e+02 6.2915997314e+02 6.2934197998e+02 6.2953601074e+02 6.2974401855e+02 6.2992700195e+02 6.3014300537e+02 6.3035198975e+02 6.3054400635e+02
6.1781201172e+02 6.1797497559e+02 6.1824597168e+02 6.1856799316e+02 6.1904199219e+02 6.1958697510e+02 6.2003601074e+02 6.2034497070e+02 6.2068298340e+02 6.2103302002e+02 6.2140600586e+02 6.2171197510e+02 6.2190899658e+02 6.2211102295e+02 6.2237799072e+02 6.2265301514e+02 6.2295098877e+02 6.2325701904e+02 6.2355102539e+02 6.2383599854e+02 6.2409600830e+02 6.2433502197e+02 6.2455902100e+02 6.2475299072e+02 6.2494396973e+02 6.2517199707e+02 6.2547497559e+02 6.2582202148e+02 6.2620697021e+02 6.2655200195e+02 6.2683300781e+02 6.2713299561e+02 6.2739898682e+02 6.2768200684e+02 6.2803399658e+02 6.2836199951e+02 6.2866601563e+02 6.2889697266e+02 6.2906597900e+02 6.2923797607e+02 6.2941101074e+02 6.2959899902e+02 6.2976800537e+02 6.3001599121e+02 6.3021301270e+02 6.3034997559e+02
6.1770800781e+02 6.1781402588e+02 6.1803997803e+02 6.1832501221e+02 6.1880499268e+02 6.1939898682e+02 6.1991101074e+02 6.2020898438e+02 6.2048999023e+02 6.2079400635e+02 6.2120098877e+02 6.2158502197e+02 6.2181201172e+02 6.2201000977e+02 6.2224700928e+02 6.2252398682e+02 6.2281799316e+02 6.2311297607e+02 6.2339001465e+02 6.2369500732e+02 6.2399597168e+02 6.2427502441e+02 6.2454101563e+02 6.2475598145e+02 6.2493597412e+02 6.2512298584e+02 6.2535900879e+02 6.2566802979e+02 6.2604400635e+02 6.2640899658e+02 6.2670697021e+02 6.2699597168e+02 6.2725402832e+02 6.2751300049e+02 6.2780798340e+02 6.2812597656e+02 6.2846600342e+02 6.2874401855e+02 6.2893499756e+02 6.2910400391e+02 6.2926702881e+02 6.2944396973e+02 6.2961297607e+02 6.2988897705e+02 6.3006500244e+02 6.3015301514e+02
6.1762701416e+02 6.1771398926e+02 6.1795001221e+02 6.1828198242e+02 6.1875598145e+02 6.1930902100e+02 6.1979498291e+02 6.2007598877e+02 6.2033300781e+02 6.2058300781e+02 6.2089599609e+02 6.2132702637e+02 6.2162799072e+02 6.2187701416e+02 6.2213598633e+02 6.2241699219e+02 6.2270697021e+02 6.2298901367e+02 6.2325897217e+02 6.2354302979e+02 6.2385302734e+02 6.2414801025e+02 6.2440997314e+02 6.2469598389e+02 6.2493402100e+02 6.2513299561e+02 6.2533300781e+02 6.2555401611e+02 6.2586499023e+02 6.2621899414e+02 6.2653900146e+02 6.2686499023e+02 6.2712097168e+02 6.2734399414e+02 6.2759997559e+02 6.2792602539e+02 6.2827502441e+02 6.2855102539e+02 6.2874102783e+02 6.2894500732e+02 6.2910900879e+02 6.2927398682e+02 6.2944897461e+02 6.2971899414e+02 6.2986199951e+02 6.2992297363e+02
6.1754498291e+02 6.1764001465e+02 6.1797198486e+02 6.1841302490e+02 6.1888800049e+02 6.1933599854e+02 6.1965399170e+02 6.1991601563e+02 6.2020599365e+02 6.2048297119e+02 6.2076599121e+02 6.2112097168e+02 6.2142700195e+02 6.2170697021e+02 6.2200299072e+02 6.2229699707e+02 6.2257702637e+02 6.2284997559e+02 6.2312298584e+02 6.2341802979e+02 6.2371997070e+02 6.2400000000e+02 6.2425500488e+02 6.2454699707e+02 6.2482397461e+02 6.2507702637e+02 6.2531701660e+02 6.2553497314e+02 6.2576300049e+02 6.2603997803e+02 6.2635699463e+02 6.2667102051e+02 6.2692602539e+02 6.2715100098e+02 6.2740100098e+02 6.2773797607e+02 6.2809100342e+02 6.2834100342e+02 6.2854699707e+02 6.2876397705e+02 6.2893701172e+02 6.2911199951e+02 6.2930200195e+02 6.2949597168e+02 6.2961297607e+02 6.2969897461e+02
6.1747698975e+02 6.1757397461e+02 6.1793298340e+02 6.1840002441e+02 6.1884600830e+02 6.1923297119e+02 6.1949902344e+02 6.1977899170e+02 6.2008599854e+02 6.2037200928e+02 6.2063397217e+02 6.2095898438e+02 6.2127001953e+02 6.2156701660e+02 6.2188800049e+02 6.2219500732e+02 6.2246398926e+02 6.2271301270e+02 6.2297198486e+02 6.2327099609e+02 6.2357501221e+02 6.2385797119e+02 6.2411401367e+02 6.2439099121e+02 6.2465502930e+02 6.2491998291e+02 6.2520397949e+02 6.2547698975e+02 6.2571600342e+02 6.2595800781e+02 6.2622900391e+02 6.2652197266e+02 6.2676300049e+02 6.2698602295e+02 6.2724298096e+02 6.2757202148e+02 6.2794000244e+02 6.2820599365e+02 6.2839697266e+02 6.2859600830e+02 6.2876599121e+02 6.2894000244e+02 6.2910601807e+02 6.2923699951e+02 6.2936700439e+02 6.2950598145e+02
6.1739300537e+02 6.1750000000e+02 6.1782897949e+02 6.1823901367e+02 6.1864300537e+02 6.1901800537e+02 6.1932501221e+02 6.1963299561e+02 6.1994299316e+02 6.2022198486e+02 6.2048797607e+02 6.2084301758e+02 6.2116802979e+02 6.2146899414e+02 6.2178997803e+02 6.2210601807e+02 6.2235998535e+02 6.2258001709e+02 6.2280999756e+02 6.2310998535e+02 6.2341998291e+02 6.2371197510e+02 6.2398498535e+02 6.2424298096e+02 6.2447601318e+02 6.2472998047e+02 6.2503302002e+02 6.2534997559e+02 6.2564599609e+02 6.2591497803e+02 6.2616802979e+02 6.2644897461e+02 6.2667102051e+02 6.2687200928e+02 6.2709600830e+02 6.2738299561e+02 6.2775201416e+02 6.2802801514e+02 6.2821099854e+02 6.2840301514e+02 6.2857598877e+02 6.2874200439e+02 6.2887799072e+02 6.2900402832e+02 6.2916601563e+02 6.2933801270e+02
6.1731701660e+02 6.1744000244e+02 6.1775897217e+02 6.1809802246e+02 6.1844598389e+02 6.1880297852e+02 6.1915100098e+02 6.1947601318e+02 6.1978601074e+02 6.2006701660e+02 6.2034600830e+02 6.2073699951e+02 6.2108697510e+02 6.2139300537e+02 6.2169299316e+02 6.2200799561e+02 6.2225701904e+02 6.2246197510e+02 6.2265301514e+02 6.2295300293e+02 6.2326397705e+02 6.2356097412e+02 6.2383599854e+02 6.2410101318e+02 6.2432598877e+02 6.2457501221e+02 6.2488702393e+02 6.2521801758e+02 6.2552001953e+02 6.2582000732e+02 6.2612200928e+02 6.2640997314e+02 6.2662097168e+02 6.2679699707e+02 6.2698797607e+02 6.2723199463e+02 6.2756097412e+02 6.2780902100e+02 6.2796801758e+02 6.2816198730e+02 6.2834698486e+02 6.2851702881e+02 6.2866900635e+02 6.2882397461e+02 6.2900402832e+02 6.2916497803e+02
6.1721099854e+02 6.1732800293e+02 6.1763598633e+02 6.1802197266e+02 6.1837097168e+02 6.1868597412e+02 6.1897399902e+02 6.1928698730e+02 6.1961499023e+02 6.1992297363e+02 6.2021502686e+02 6.2058599854e+02 6.2094201660e+02 6.2126397705e+02 6.2156298828e+02 6.2187402344e+02 6.2214599609e+02 6.2237799072e+02 6.2257000732e+02 6.2283898926e+02 6.2311999512e+02 6.2339398193e+02 6.2366998291e+02 6.2396002197e+02 6.2422998047e+02 6.2451300049e+02 6.2483001709e+02 6.2511297607e+02 6.2537597656e+02 6.2567602539e+02 6.2602197266e+02 6.2635302734e+02 6.2657702637e+02 6.2673999023e+02 6.2689697266e+02 6.2708801270e+02 6.2735601807e+02 6.2759600830e+02 6.2776397705e+02 6.2793902588e+02 6.2813000488e+02 6.2830999756e+02 6.2847399902e+02 6.2866900635e+02 6.2885498047e+02 6.2900701904e+02
6.1710601807e+02 6.1721197510e+02 6.1747698975e+02 6.1790301514e+02 6.1828002930e+02 6.1859197998e+02 6.1885998535e+02 6.1916900635e+02 6.1949298096e+02 6.1980200195e+02 6.2009399414e+02 6.2044000244e+02 6.2078198242e+02 6.2109802246e+02 6.2140301514e+02 6.2171502686e+02 6.2199700928e+02 6.2225701904e+02 6.2248901367e+02 6.2274597168e+02 6.2300201416e+02 6.2325897217e+02 6.2353100586e+02 6.2384497070e+02 6.2415002441e+02 6.2445098877e+02 6.2476000977e+02 6.2503900146e+02 6.2529797363e+02 6.2557897949e+02 6.2590600586e+02 6.2626501465e+02 6.2651702881e+02 6.2668103027e+02 6.2680603027e+02 6.2694201660e+02 6.2715399170e+02 6.2737402344e+02 6.2756597900e+02 6.2774499512e+02 6.2792999268e+02 6.2810302734e+02 6.2825402832e+02 6.2844097900e+02 6.2865002441e+02 6.2882897949e+02
6.1704498291e+02 6.1712902832e+02 6.1733398438e+02 6.1778997803e+02 6.1819396973e+02 6.1852099609e+02 6.1880297852e+02 6.1910699463e+02 6.1941601563e+02 6.1971600342e+02 6.2000897217e+02 6.2033801270e+02 6.2065802002e+02 6.2095202637e+02 6.2123999023e+02 6.2154101563e+02 6.2182800293e+02 6.2211297607e+02 6.2239898682e+02 6.2265600586e+02 6.2289898682e+02 6.2314697266e+02 6.2341998291e+02 6.2374798584e+02 6.2406201172e+02 6.2436199951e+02 6.2464801025e+02 6.2491497803e+02 6.2517401123e+02 6.2544702148e+02 6.2575799561e+02 6.2608801270e+02 6.2633398438e+02 6.2651098633e+02 6.2667102051e+02 6.2682397461e+02 6.2700598145e+02 6.2719000244e+02 6.2737701416e+02 6.2755700684e+02 6.2772900391e+02 6.2788598633e+02 6.2801202393e+02 6.2817901611e+02 6.2840698242e+02 6.2861700439e+02
