TESTSERVER/20/15.asc
NCOLS 100
NROWS 100
XLLCORNER 8.4997500000e+03
YLLCORNER 2.8920025000e+05
CELLSIZE 5.0000000000e-01
NODATA_VALUE -9.9990000000e+03
[rows 40 to 59 of 100, columns 0 to 45 of 100]
6.2204400635e+02 6.2241400146e+02 6.2274102783e+02 6.2309301758e+02 6.2339898682e+02 6.2370697021e+02 6.2404998779e+02 6.2440698242e+02 6.2475500488e+02 6.2508898926e+02 6.2539898682e+02 6.2573797607e+02 6.2601800537e+02 6.2622698975e+02 6.2630603027e+02 6.2636102295e+02 6.2666101074e+02 6.2707800293e+02 6.2754498291e+02 6.2754400635e+02 6.2767498779e+02 6.2786798096e+02 6.2812200928e+02 6.2863000488e+02 6.2911401367e+02 6.2953002930e+02 6.2991101074e+02 6.3045501709e+02 6.3099298096e+02 6.3142297363e+02 6.3175897217e+02 6.3204699707e+02 6.3225097656e+02 6.3243798828e+02 6.3268798828e+02 6.3297698975e+02 6.3329101563e+02 6.3359698486e+02 6.3387701416e+02 6.3416601563e+02 6.3450097656e+02 6.3480603027e+02 6.3502398682e+02 6.3533898926e+02 6.3562500000e+02 6.3584802246e+02
6.2181097412e+02 6.2225201416e+02 6.2263000488e+02 6.2297100830e+02 6.2328997803e+02 6.2362097168e+02 6.2398699951e+02 6.2437597656e+02 6.2476397705e+02 6.2510400391e+02 6.2535998535e+02 6.2563000488e+02 6.2587402344e+02 6.2600500488e+02 6.2594000244e+02 6.2588500977e+02 6.2614599609e+02 6.2663000488e+02 6.2728497314e+02 6.2757000732e+02 6.2771197510e+02 6.2783898926e+02 6.2801397705e+02 6.2850799561e+02 6.2902197266e+02 6.2947198486e+02 6.2980603027e+02 6.3022802734e+02 6.3072802734e+02 6.3121301270e+02 6.3158502197e+02 6.3185900879e+02 6.3208197021e+02 6.3228302002e+02 6.3250500488e+02 6.3279400635e+02 6.3310601807e+02 6.3341802979e+02 6.3372698975e+02 6.3402301025e+02 6.3436901855e+02 6.3468200684e+02 6.3491998291e+02 6.3522900391e+02 6.3553002930e+02 6.3576098633e+02
6.2164599609e+02 6.2213397217e+02 6.2253002930e+02 6.2285998535e+02 6.2320001221e+02 6.2356597900e+02 6.2395501709e+02 6.2435498047e+02 6.2474401855e+02 6.2505999756e+02 6.2527697754e+02 6.2548199463e+02 6.2564202881e+02 6.2566400146e+02 6.2545202637e+02 6.2521899414e+02 6.2537402344e+02 6.2584600830e+02 6.2675097656e+02 6.2739801025e+02 6.2767102051e+02 6.2783599854e+02 6.2794097900e+02 6.2838397217e+02 6.2889202881e+02 6.2934600830e+02 6.2968402100e+02 6.3001599121e+02 6.3043298340e+02 6.3090002441e+02 6.3131597900e+02 6.3157397461e+02 6.3183001709e+02 6.3208502197e+02 6.3233398438e+02 6.3262097168e+02 6.3293597412e+02 6.3325799561e+02 6.3358898926e+02 6.3390002441e+02 6.3425201416e+02 6.3456701660e+02 6.3481298828e+02 6.3511602783e+02 6.3542901611e+02 6.3567102051e+02
6.2150897217e+02 6.2201702881e+02 6.2241101074e+02 6.2273101807e+02 6.2309497070e+02 6.2350299072e+02 6.2392297363e+02 6.2429998779e+02 6.2464801025e+02 6.2491699219e+02 6.2510498047e+02 6.2522399902e+02 6.2527099609e+02 6.2517401123e+02 6.2484497070e+02 6.2446099854e+02 6.2450000000e+02 6.2492498779e+02 6.2600097656e+02 6.2705999756e+02 6.2756097412e+02 6.2784497070e+02 6.2791497803e+02 6.2826898193e+02 6.2874597168e+02 6.2918798828e+02 6.2954302979e+02 6.2982598877e+02 6.3014099121e+02 6.3053302002e+02 6.3093402100e+02 6.3122100830e+02 6.3155297852e+02 6.3189099121e+02 6.3220001221e+02 6.3248901367e+02 6.3279901123e+02 6.3312402344e+02 6.3346899414e+02 6.3381896973e+02 6.3417700195e+02 6.3447399902e+02 6.3470800781e+02 6.3500897217e+02 6.3532202148e+02 6.3556799316e+02
6.2137500000e+02 6.2187298584e+02 6.2223999023e+02 6.2254101563e+02 6.2291699219e+02 6.2336199951e+02 6.2381597900e+02 6.2421099854e+02 6.2452801514e+02 6.2475097656e+02 6.2485998535e+02 6.2485699463e+02 6.2477001953e+02 6.2456298828e+02 6.2415502930e+02 6.2375402832e+02 6.2368701172e+02 6.2402301025e+02 6.2477197266e+02 6.2635498047e+02 6.2725299072e+02 6.2775701904e+02 6.2782897949e+02 6.2819598389e+02 6.2862500000e+02 6.2903302002e+02 6.2938897705e+02 6.2964898682e+02 6.2989398193e+02 6.3019702148e+02 6.3058599854e+02 6.3096801758e+02 6.3139099121e+02 6.3177899170e+02 6.3212200928e+02 6.3239398193e+02 6.3268902588e+02 6.3300500488e+02 6.3338098145e+02 6.3379998779e+02 6.3415002441e+02 6.3439801025e+02 6.3463098145e+02 6.3491497803e+02 6.3520202637e+02 6.3544500732e+02
6.2124401855e+02 6.2170800781e+02 6.2199401855e+02 6.2224401855e+02 6.2259802246e+02 6.2304498291e+02 6.2350500488e+02 6.2394598389e+02 6.2432397461e+02 6.2452600098e+02 6.2450500488e+02 6.2436602783e+02 6.2415197754e+02 6.2389898682e+02 6.2359497070e+02 6.2325701904e+02 6.2322399902e+02 6.2359301758e+02 6.2459899902e+02 6.2611999512e+02 6.2720098877e+02 6.2777398682e+02 6.2791101074e+02 6.2822802734e+02 6.2858599854e+02 6.2891302490e+02 6.2920202637e+02 6.2944897461e+02 6.2965698242e+02 6.2992602539e+02 6.3034698486e+02 6.3083898926e+02 6.3132098389e+02 6.3170501709e+02 6.3200402832e+02 6.3229498291e+02 6.3260498047e+02 6.3292498779e+02 6.3330700684e+02 6.3377899170e+02 6.3412799072e+02 6.3433099365e+02 6.3450897217e+02 6.3477600098e+02 6.3504602051e+02 6.3529498291e+02
6.2106097412e+02 6.2148602295e+02 6.2172698975e+02 6.2193200684e+02 6.2224298096e+02 6.2265802002e+02 6.2309899902e+02 6.2353601074e+02 6.2389801025e+02 6.2406597900e+02 6.2398602295e+02 6.2377099609e+02 6.2354901123e+02 6.2336999512e+02 6.2325097656e+02 6.2314398193e+02 6.2331201172e+02 6.2385900879e+02 6.2502301025e+02 6.2644702148e+02 6.2737500000e+02 6.2784301758e+02 6.2795300293e+02 6.2822302246e+02 6.2848999023e+02 6.2871600342e+02 6.2893402100e+02 6.2915197754e+02 6.2932397461e+02 6.2957000732e+02 6.3000299072e+02 6.3060797119e+02 6.3117700195e+02 6.3159197998e+02 6.3186700439e+02 6.3217401123e+02 6.3251501465e+02 6.3283697510e+02 6.3317102051e+02 6.3357202148e+02 6.3389202881e+02 6.3410601807e+02 6.3430401611e+02 6.3456597900e+02 6.3482897949e+02 6.3508099365e+02
6.2087200928e+02 6.2126702881e+02 6.2150299072e+02 6.2171002197e+02 6.2200000000e+02 6.2236999512e+02 6.2274902344e+02 6.2310998535e+02 6.2339898682e+02 6.2352600098e+02 6.2346002197e+02 6.2329998779e+02 6.2316601563e+02 6.2310998535e+02 6.2316101074e+02 6.2334600830e+02 6.2378002930e+02 6.2454498291e+02 6.2586199951e+02 6.2699102783e+02 6.2758898926e+02 6.2784899902e+02 6.2791699219e+02 6.2814398193e+02 6.2832598877e+02 6.2846600342e+02 6.2862799072e+02 6.2881500244e+02 6.2895800781e+02 6.2917797852e+02 6.2959301758e+02 6.3027301025e+02 6.3093200684e+02 6.3140802002e+02 6.3169702148e+02 6.3202502441e+02 6.3239398193e+02 6.3271899414e+02 6.3301000977e+02 6.3333001709e+02 6.3361602783e+02 6.3385400391e+02 6.3408502197e+02 6.3434899902e+02 6.3460302734e+02 6.3484600830e+02
6.2071697998e+02 6.2107897949e+02 6.2134997559e+02 6.2160797119e+02 6.2191900635e+02 6.2225799561e+02 6.2259301758e+02 6.2284497070e+02 6.2305999756e+02 6.2315802002e+02 6.2317199707e+02 6.2307000732e+02 6.2303002930e+02 6.2312200928e+02 6.2347497559e+02 6.2381701660e+02 6.2457501221e+02 6.2557202148e+02 6.2703002930e+02 6.2746398926e+02 6.2767401123e+02 6.2775701904e+02 6.2784197998e+02 6.2801599121e+02 6.2815698242e+02 6.2828002930e+02 6.2843701172e+02 6.2855902100e+02 6.2867901611e+02 6.2887200928e+02 6.2925000000e+02 6.2993902588e+02 6.3067401123e+02 6.3121801758e+02 6.3153100586e+02 6.3187298584e+02 6.3224700928e+02 6.3256799316e+02 6.3285400391e+02 6.3315997314e+02 6.3343200684e+02 6.3366998291e+02 6.3389398193e+02 6.3416699219e+02 6.3440802002e+02 6.3463397217e+02
6.2061901855e+02 6.2094396973e+02 6.2120098877e+02 6.2150097656e+02 6.2183697510e+02 6.2218597412e+02 6.2250201416e+02 6.2276202393e+02 6.2296899414e+02 6.2303698730e+02 6.2304797363e+02 6.2300402832e+02 6.2300000000e+02 6.2319097900e+02 6.2366601563e+02 6.2423498535e+02 6.2499700928e+02 6.2591400146e+02 6.2699902344e+02 6.2743200684e+02 6.2766302490e+02 6.2780102539e+02 6.2790301514e+02 6.2800799561e+02 6.2811401367e+02 6.2821801758e+02 6.2833697510e+02 6.2846600342e+02 6.2851898193e+02 6.2863000488e+02 6.2894799805e+02 6.2964898682e+02 6.3056896973e+02 6.3122601318e+02 6.3146197510e+02 6.3175097656e+02 6.3206896973e+02 6.3235400391e+02 6.3264599609e+02 6.3294201660e+02 6.3322698975e+02 6.3349200439e+02 6.3375799561e+02 6.3401000977e+02 6.3421398926e+02 6.3441802979e+02
6.2047601318e+02 6.2077600098e+02 6.2104498291e+02 6.2138598633e+02 6.2174597168e+02 6.2210198975e+02 6.2242700195e+02 6.2271502686e+02 6.2292602539e+02 6.2298498535e+02 6.2299700928e+02 6.2300000000e+02 6.2303900146e+02 6.2325897217e+02 6.2382098389e+02 6.2446301270e+02 6.2516400146e+02 6.2597497559e+02 6.2690600586e+02 6.2739099121e+02 6.2767901611e+02 6.2785400391e+02 6.2796600342e+02 6.2803997803e+02 6.2809997559e+02 6.2815600586e+02 6.2825299072e+02 6.2839599609e+02 6.2840399170e+02 6.2841802979e+02 6.2865100098e+02 6.2936102295e+02 6.3040802002e+02 6.3120300293e+02 6.3142401123e+02 6.3162097168e+02 6.3189202881e+02 6.3216998291e+02 6.3248797607e+02 6.3277899170e+02 6.3305902100e+02 6.3332000732e+02 6.3358801270e+02 6.3383099365e+02 6.3402697754e+02 6.3423400879e+02
6.2028698730e+02 6.2058697510e+02 6.2090399170e+02 6.2128698730e+02 6.2165899658e+02 6.2201000977e+02 6.2233001709e+02 6.2264697266e+02 6.2289501953e+02 6.2298602295e+02 6.2299902344e+02 6.2301599121e+02 6.2308502197e+02 6.2332202148e+02 6.2389501953e+02 6.2455401611e+02 6.2520501709e+02 6.2592797852e+02 6.2674597168e+02 6.2728802490e+02 6.2763000488e+02 6.2784600830e+02 6.2797802734e+02 6.2805499268e+02 6.2809997559e+02 6.2812701416e+02 6.2820098877e+02 6.2835998535e+02 6.2834802246e+02 6.2828497314e+02 6.2840899658e+02 6.2899298096e+02 6.2995501709e+02 6.3081701660e+02 6.3124902344e+02 6.3145800781e+02 6.3171997070e+02 6.3202600098e+02 6.3238702393e+02 6.3267901611e+02 6.3294799805e+02 6.3317297363e+02 6.3337799072e+02 6.3361499023e+02 6.3383099365e+02 6.3405700684e+02
6.2014300537e+02 6.2047302246e+02 6.2084100342e+02 6.2121801758e+02 6.2158001709e+02 6.2190899658e+02 6.2220300293e+02 6.2252301025e+02 6.2281701660e+02 6.2296899414e+02 6.2302197266e+02 6.2301098633e+02 6.2308001709e+02 6.2332202148e+02 6.2386102295e+02 6.2452301025e+02 6.2514099121e+02 6.2577398682e+02 6.2644000244e+02 6.2703802490e+02 6.2741998291e+02 6.2771002197e+02 6.2794000244e+02 6.2802697754e+02 6.2809497070e+02 6.2812701416e+02 6.2819000244e+02 6.2832397461e+02 6.2832800293e+02 6.2825701904e+02 6.2826800537e+02 6.2867199707e+02 6.2933300781e+02 6.3011499023e+02 6.3086297607e+02 6.3126702881e+02 6.3156201172e+02 6.3187402344e+02 6.3221197510e+02 6.3256201172e+02 6.3283398438e+02 6.3304101563e+02 6.3319598389e+02 6.3341802979e+02 6.3367401123e+02 6.3391802979e+02
6.1998101807e+02 6.2033801270e+02 6.2074700928e+02 6.2111401367e+02 6.2146801758e+02 6.2178900146e+02 6.2207501221e+02 6.2237902832e+02 6.2268597412e+02 6.2289300537e+02 6.2301098633e+02 6.2303198242e+02 6.2304797363e+02 6.2321899414e+02 6.2372198486e+02 6.2438598633e+02 6.2497900391e+02 6.2556402588e+02 6.2618798828e+02 6.2671398926e+02 6.2712402344e+02 6.2747802734e+02 6.2779101563e+02 6.2798400879e+02 6.2810601807e+02 6.2817102051e+02 6.2819396973e+02 6.2828997803e+02 6.2831896973e+02 6.2827801514e+02 6.2823797607e+02 6.2850299072e+02 6.2896600342e+02 6.2962298584e+02 6.3043597412e+02 6.3105200195e+02 6.3141998291e+02 6.3167901611e+02 6.3198602295e+02 6.3233599854e+02 6.3261700439e+02 6.3284698486e+02 6.3302697754e+02 6.3325201416e+02 6.3352099609e+02 6.3376599121e+02
6.1982397461e+02 6.2017297363e+02 6.2060198975e+02 6.2098400879e+02 6.2134802246e+02 6.2167102051e+02 6.2194897461e+02 6.2224597168e+02 6.2255603027e+02 6.2280603027e+02 6.2297998047e+02 6.2303100586e+02 6.2301800537e+02 6.2310699463e+02 6.2354498291e+02 6.2420697021e+02 6.2477398682e+02 6.2533502197e+02 6.2591900635e+02 6.2644598389e+02 6.2688201904e+02 6.2726898193e+02 6.2763500977e+02 6.2792297363e+02 6.2810498047e+02 6.2820697021e+02 6.2820397949e+02 6.2824798584e+02 6.2828698730e+02 6.2826501465e+02 6.2823999023e+02 6.2845098877e+02 6.2880798340e+02 6.2935601807e+02 6.3010198975e+02 6.3079901123e+02 6.3122698975e+02 6.3150000000e+02 6.3178698730e+02 6.3212902832e+02 6.3240600586e+02 6.3263702393e+02 6.3281402588e+02 6.3304302979e+02 6.3333599854e+02 6.3361798096e+02
6.1969897461e+02 6.2002301025e+02 6.2041601563e+02 6.2081896973e+02 6.2120800781e+02 6.2154302979e+02 6.2181896973e+02 6.2211297607e+02 6.2242901611e+02 6.2271099854e+02 6.2292602539e+02 6.2302502441e+02 6.2301098633e+02 6.2303997803e+02 6.2337902832e+02 6.2400500488e+02 6.2454797363e+02 6.2508599854e+02 6.2564202881e+02 6.2617199707e+02 6.2663000488e+02 6.2704797363e+02 6.2746099854e+02 6.2782501221e+02 6.2805999756e+02 6.2819799805e+02 6.2819299316e+02 6.2819000244e+02 6.2822497559e+02 6.2821801758e+02 6.2820599365e+02 6.2835601807e+02 6.2865399170e+02 6.2914898682e+02 6.2984399414e+02 6.3054901123e+02 6.3100897217e+02 6.3131597900e+02 6.3163098145e+02 6.3197900391e+02 6.3224200439e+02 6.3244799805e+02 6.3260797119e+02 6.3285900879e+02 6.3317199707e+02 6.3350097656e+02
6.1963897705e+02 6.1996197510e+02 6.2023498535e+02 6.2063800049e+02 6.2105700684e+02 6.2141699219e+02 6.2169500732e+02 6.2197802734e+02 6.2230499268e+02 6.2261297607e+02 6.2285498047e+02 6.2300201416e+02 6.2302197266e+02 6.2303997803e+02 6.2327600098e+02 6.2376599121e+02 6.2428002930e+02 6.2482202148e+02 6.2536499023e+02 6.2585498047e+02 6.2632897949e+02 6.2678198242e+02 6.2725299072e+02 6.2767498779e+02 6.2796697998e+02 6.2814697266e+02 6.2817999268e+02 6.2812500000e+02 6.2814202881e+02 6.2815301514e+02 6.2818200684e+02 6.2823498535e+02 6.2848297119e+02 6.2898498535e+02 6.2970202637e+02 6.3034997559e+02 6.3080401611e+02 6.3114801025e+02 6.3149597168e+02 6.3186297607e+02 6.3211798096e+02 6.3228900146e+02 6.3244396973e+02 6.3270898438e+02 6.3301202393e+02 6.3335601807e+02
6.1952197266e+02 6.1995202637e+02 6.2025799561e+02 6.2050701904e+02 6.2085998535e+02 6.2122497559e+02 6.2154302979e+02 6.2186499023e+02 6.2222497559e+02 6.2254199219e+02 6.2279101563e+02 6.2299102783e+02 6.2305102539e+02 6.2304400635e+02 6.2315197754e+02 6.2352301025e+02 6.2397497559e+02 6.2450201416e+02 6.2507202148e+02 6.2555603027e+02 6.2602099609e+02 6.2647601318e+02 6.2696197510e+02 6.2744000244e+02 6.2782098389e+02 6.2809197998e+02 6.2816497803e+02 6.2811102295e+02 6.2811199951e+02 6.2812200928e+02 6.2815197754e+02 6.2815502930e+02 6.2833898926e+02 6.2886297607e+02 6.2960302734e+02 6.3020599365e+02 6.3064202881e+02 6.3099298096e+02 6.3133599854e+02 6.3169000244e+02 6.3194500732e+02 6.3211798096e+02 6.3228601074e+02 6.3255499268e+02 6.3284600830e+02 6.3315899658e+02
6.1941497803e+02 6.1991900635e+02 6.2030297852e+02 6.2048797607e+02 6.2073400879e+02 6.2103900146e+02 6.2137902832e+02 6.2173699951e+02 6.2210900879e+02 6.2243402100e+02 6.2269702148e+02 6.2295098877e+02 6.2306298828e+02 6.2305297852e+02 6.2305999756e+02 6.2334399414e+02 6.2373797607e+02 6.2422302246e+02 6.2479199219e+02 6.2529602051e+02 6.2575097656e+02 6.2619396973e+02 6.2664202881e+02 6.2711700439e+02 6.2755603027e+02 6.2790502930e+02 6.2808898926e+02 6.2807501221e+02 6.2807598877e+02 6.2807897949e+02 6.2809301758e+02 6.2807897949e+02 6.2826702881e+02 6.2879699707e+02 6.2953198242e+02 6.3008300781e+02 6.3049798584e+02 6.3084197998e+02 6.3115600586e+02 6.3146502686e+02 6.3172302246e+02 6.3191802979e+02 6.3210498047e+02 6.3236700439e+02 6.3264501953e+02 6.3293402100e+02
6.1926898193e+02 6.1978802490e+02 6.2023999023e+02 6.2048297119e+02 6.2069201660e+02 6.2092700195e+02 6.2122601318e+02 6.2157098389e+02 6.2192999268e+02 6.2226800537e+02 6.2257397461e+02 6.2287500000e+02 6.2304302979e+02 6.2305902100e+02 6.2300402832e+02 6.2321600342e+02 6.2356097412e+02 6.2400402832e+02 6.2454602051e+02 6.2504302979e+02 6.2548602295e+02 6.2591497803e+02 6.2632299805e+02 6.2676702881e+02 6.2723400879e+02 6.2764099121e+02 6.2794201660e+02 6.2799401855e+02 6.2801599121e+02 6.2802600098e+02 6.2802398682e+02 6.2805401611e+02 6.2828997803e+02 6.2879901123e+02 6.2945697021e+02 6.2995098877e+02 6.3034997559e+02 6.3069299316e+02 6.3097900391e+02 6.3125201416e+02 6.3150897217e+02 6.3171002197e+02 6.3189398193e+02 6.3214501953e+02 6.3241302490e+02 6.3269396973e+02
