TESTSERVER/20/16.asc
NCOLS 100
NROWS 100
XLLCORNER 8.4997500000e+03
YLLCORNER 2.8915025000e+05
CELLSIZE 5.0000000000e-01
NODATA_VALUE -9.9990000000e+03
[rows 40 to 59 of 100, columns 46 to 91 of 100]
6.1283099365e+02 6.1288201904e+02 6.1301800537e+02 6.1323199463e+02 6.1323797607e+02 6.1326898193e+02 6.1335601807e+02 6.1341400146e+02 6.1340301514e+02 6.1359002686e+02 6.1379199219e+02 6.1389099121e+02 6.1378399658e+02 6.1357501221e+02 6.1351501465e+02 6.1358099365e+02 6.1360400391e+02 6.1365002441e+02 6.1385198975e+02 6.1396697998e+02 6.1387097168e+02 6.1370202637e+02 6.1362902832e+02 6.1358197021e+02 6.1371801758e+02 6.1401300049e+02 6.1410699463e+02 6.1386401367e+02 6.1365002441e+02 6.1363201904e+02 6.1381500244e+02 6.1378997803e+02 6.1355798340e+02 6.1353900146e+02 6.1352001953e+02 6.1351300049e+02 6.1347698975e+02 6.1340899658e+02 6.1339099121e+02 6.1343499756e+02 6.1344500732e+02 6.1341497803e+02 6.1346002197e+02 6.1345202637e+02 6.1333398438e+02 6.1321899414e+02
6.1259600830e+02 6.1259197998e+02 6.1270800781e+02 6.1288500977e+02 6.1290301514e+02 6.1287500000e+02 6.1290899658e+02 6.1292700195e+02 6.1294799805e+02 6.1311798096e+02 6.1331201172e+02 6.1341900635e+02 6.1338201904e+02 6.1324200439e+02 6.1317700195e+02 6.1323901367e+02 6.1327099609e+02 6.1357202148e+02 6.1402001953e+02 6.1406597900e+02 6.1360101318e+02 6.1352197266e+02 6.1355902100e+02 6.1339599609e+02 6.1337597656e+02 6.1360998535e+02 6.1357202148e+02 6.1334399414e+02 6.1328198242e+02 6.1324902344e+02 6.1334002686e+02 6.1334698486e+02 6.1327502441e+02 6.1323101807e+02 6.1313201904e+02 6.1304302979e+02 6.1301501465e+02 6.1299200439e+02 6.1299499512e+02 6.1303100586e+02 6.1305902100e+02 6.1307098389e+02 6.1311798096e+02 6.1312500000e+02 6.1305297852e+02 6.1297399902e+02
6.1238897705e+02 6.1239202881e+02 6.1247900391e+02 6.1261901855e+02 6.1263299561e+02 6.1253997803e+02 6.1259802246e+02 6.1268103027e+02 6.1268103027e+02 6.1271697998e+02 6.1286798096e+02 6.1299102783e+02 6.1298199463e+02 6.1290502930e+02 6.1285699463e+02 6.1289599609e+02 6.1292999268e+02 6.1340997314e+02 6.1402197266e+02 6.1402801514e+02 6.1333099365e+02 6.1324200439e+02 6.1334100342e+02 6.1319299316e+02 6.1299499512e+02 6.1308197021e+02 6.1306500244e+02 6.1290197754e+02 6.1289300537e+02 6.1290399170e+02 6.1297900391e+02 6.1303997803e+02 6.1297900391e+02 6.1285198975e+02 6.1272998047e+02 6.1264300537e+02 6.1263800049e+02 6.1266699219e+02 6.1269201660e+02 6.1271502686e+02 6.1272302246e+02 6.1273199463e+02 6.1273498535e+02 6.1272100830e+02 6.1271398926e+02 6.1268701172e+02
6.1220300293e+02 6.1219897461e+02 6.1222497559e+02 6.1229498291e+02 6.1236199951e+02 6.1234301758e+02 6.1245599365e+02 6.1256799316e+02 6.1249798584e+02 6.1241601563e+02 6.1252600098e+02 6.1265502930e+02 6.1263500977e+02 6.1259002686e+02 6.1256799316e+02 6.1257897949e+02 6.1257897949e+02 6.1311499023e+02 6.1379199219e+02 6.1385900879e+02 6.1317700195e+02 6.1287402344e+02 6.1287097168e+02 6.1282702637e+02 6.1271197510e+02 6.1274200439e+02 6.1279998779e+02 6.1264001465e+02 6.1251800537e+02 6.1250701904e+02 6.1265100098e+02 6.1280401611e+02 6.1269000244e+02 6.1248199463e+02 6.1235998535e+02 6.1232501221e+02 6.1234497070e+02 6.1237200928e+02 6.1240002441e+02 6.1242901611e+02 6.1244201660e+02 6.1243597412e+02 6.1239697266e+02 6.1236499023e+02 6.1238299561e+02 6.1238000488e+02
6.1202899170e+02 6.1198699951e+02 6.1197100830e+02 6.1201501465e+02 6.1209002686e+02 6.1218902588e+02 6.1230200195e+02 6.1233300781e+02 6.1221801758e+02 6.1213299561e+02 6.1220599365e+02 6.1232000732e+02 6.1229998779e+02 6.1230200195e+02 6.1231597900e+02 6.1226800537e+02 6.1223602295e+02 6.1267602539e+02 6.1322601318e+02 6.1342297363e+02 6.1306597900e+02 6.1258801270e+02 6.1239501953e+02 6.1243701172e+02 6.1262402344e+02 6.1276501465e+02 6.1276300049e+02 6.1254602051e+02 6.1226000977e+02 6.1220599365e+02 6.1235198975e+02 6.1251202393e+02 6.1246502686e+02 6.1215399170e+02 6.1203497314e+02 6.1202697754e+02 6.1206201172e+02 6.1207598877e+02 6.1209698486e+02 6.1213000488e+02 6.1217199707e+02 6.1216497803e+02 6.1212597656e+02 6.1213201904e+02 6.1218902588e+02 6.1208801270e+02
6.1194702148e+02 6.1190100098e+02 6.1180401611e+02 6.1179101563e+02 6.1182800293e+02 6.1188800049e+02 6.1198901367e+02 6.1203997803e+02 6.1199298096e+02 6.1189398193e+02 6.1189398193e+02 6.1193902588e+02 6.1191198730e+02 6.1197198486e+02 6.1200402832e+02 6.1195800781e+02 6.1205297852e+02 6.1227099609e+02 6.1239501953e+02 6.1251800537e+02 6.1242797852e+02 6.1213500977e+02 6.1203497314e+02 6.1218499756e+02 6.1248297119e+02 6.1259399414e+02 6.1247698975e+02 6.1235797119e+02 6.1212701416e+02 6.1199798584e+02 6.1201898193e+02 6.1208001709e+02 6.1201599121e+02 6.1188299561e+02 6.1179302979e+02 6.1169299316e+02 6.1170599365e+02 6.1180200195e+02 6.1184002686e+02 6.1182397461e+02 6.1186999512e+02 6.1188299561e+02 6.1183502197e+02 6.1185900879e+02 6.1189801025e+02 6.1180200195e+02
6.1171997070e+02 6.1174902344e+02 6.1170501709e+02 6.1166101074e+02 6.1161999512e+02 6.1163201904e+02 6.1172998047e+02 6.1182299805e+02 6.1181298828e+02 6.1172399902e+02 6.1169000244e+02 6.1167498779e+02 6.1163397217e+02 6.1164398193e+02 6.1164697266e+02 6.1167498779e+02 6.1200701904e+02 6.1220898438e+02 6.1205297852e+02 6.1191802979e+02 6.1181799316e+02 6.1168798828e+02 6.1172497559e+02 6.1194500732e+02 6.1221801758e+02 6.1222998047e+02 6.1210797119e+02 6.1208697510e+02 6.1190002441e+02 6.1165802002e+02 6.1158697510e+02 6.1167401123e+02 6.1177197266e+02 6.1180200195e+02 6.1167498779e+02 6.1145898438e+02 6.1140899658e+02 6.1150299072e+02 6.1155401611e+02 6.1149700928e+02 6.1148797607e+02 6.1150000000e+02 6.1145300293e+02 6.1148901367e+02 6.1154498291e+02 6.1144702148e+02
6.1130200195e+02 6.1135797119e+02 6.1146301270e+02 6.1150897217e+02 6.1145898438e+02 6.1142199707e+02 6.1147198486e+02 6.1155499268e+02 6.1158300781e+02 6.1159301758e+02 6.1156500244e+02 6.1150000000e+02 6.1139801025e+02 6.1131097412e+02 6.1129400635e+02 6.1135601807e+02 6.1178002930e+02 6.1210302734e+02 6.1187701416e+02 6.1157397461e+02 6.1135498047e+02 6.1133697510e+02 6.1146997070e+02 6.1169000244e+02 6.1181201172e+02 6.1176300049e+02 6.1172302246e+02 6.1176300049e+02 6.1151300049e+02 6.1128698730e+02 6.1124700928e+02 6.1142602539e+02 6.1170202637e+02 6.1180603027e+02 6.1160101318e+02 6.1128997803e+02 6.1116400146e+02 6.1121502686e+02 6.1129101563e+02 6.1121697998e+02 6.1111602783e+02 6.1110797119e+02 6.1107501221e+02 6.1112799072e+02 6.1118902588e+02 6.1108398438e+02
6.1109301758e+02 6.1105700684e+02 6.1115301514e+02 6.1128100586e+02 6.1137701416e+02 6.1126397705e+02 6.1125201416e+02 6.1123400879e+02 6.1124102783e+02 6.1137597656e+02 6.1134100342e+02 6.1121398926e+02 6.1109197998e+02 6.1101501465e+02 6.1105200195e+02 6.1110601807e+02 6.1114001465e+02 6.1133502197e+02 6.1129101563e+02 6.1113201904e+02 6.1100097656e+02 6.1109997559e+02 6.1120501709e+02 6.1123699951e+02 6.1079498291e+02 6.1110498047e+02 6.1132897949e+02 6.1138098145e+02 6.1104199219e+02 6.1100000000e+02 6.1103601074e+02 6.1119097900e+02 6.1146600342e+02 6.1155798340e+02 6.1128302002e+02 6.1096899414e+02 6.1082202148e+02 6.1083398438e+02 6.1092602539e+02 6.1090301514e+02 6.1083599854e+02 6.1080499268e+02 6.1077398682e+02 6.1085998535e+02 6.1088800049e+02 6.1074700928e+02
6.1115502930e+02 6.1109899902e+02 6.1099298096e+02 6.1106500244e+02 6.1128002930e+02 6.1125799561e+02 6.1116101074e+02 6.1101098633e+02 6.1096099854e+02 6.1109399414e+02 6.1100299072e+02 6.1081701660e+02 6.1072900391e+02 6.1077600098e+02 6.1102001953e+02 6.1117297363e+02 6.1100000000e+02 6.1074902344e+02 6.1065698242e+02 6.1061602783e+02 6.1064398193e+02 6.1079199219e+02 6.1082501221e+02 6.1070599365e+02 6.1031402588e+02 6.1051000977e+02 6.1101501465e+02 6.1110699463e+02 6.1077001953e+02 6.1076000977e+02 6.1078997803e+02 6.1084497070e+02 6.1096099854e+02 6.1104797363e+02 6.1086297607e+02 6.1063201904e+02 6.1046697998e+02 6.1046398926e+02 6.1055902100e+02 6.1063397217e+02 6.1070599365e+02 6.1053399658e+02 6.1035900879e+02 6.1043902588e+02 6.1049499512e+02 6.1039801025e+02
6.1100097656e+02 6.1085400391e+02 6.1068701172e+02 6.1075598145e+02 6.1096301270e+02 6.1090100098e+02 6.1078399658e+02 6.1068902588e+02 6.1067602539e+02 6.1077899170e+02 6.1069598389e+02 6.1053900146e+02 6.1049902344e+02 6.1060498047e+02 6.1093798828e+02 6.1108898926e+02 6.1070098877e+02 6.1029699707e+02 6.1021398926e+02 6.1020800781e+02 6.1030798340e+02 6.1050799561e+02 6.1050598145e+02 6.1035400391e+02 6.0996301270e+02 6.1016601563e+02 6.1068499756e+02 6.1077001953e+02 6.1045001221e+02 6.1043597412e+02 6.1043200684e+02 6.1042297363e+02 6.1044299316e+02 6.1047198486e+02 6.1037902832e+02 6.1026300049e+02 6.1021301270e+02 6.1027600098e+02 6.1025598145e+02 6.1021301270e+02 6.1030200195e+02 6.1015802002e+02 6.0996801758e+02 6.0998199463e+02 6.1004602051e+02 6.1005700684e+02
6.1054699707e+02 6.1031896973e+02 6.1025299072e+02 6.1040197754e+02 6.1055798340e+02 6.1047802734e+02 6.1042297363e+02 6.1038397217e+02 6.1036499023e+02 6.1044799805e+02 6.1040399170e+02 6.1032598877e+02 6.1036401367e+02 6.1038897705e+02 6.1064001465e+02 6.1073498535e+02 6.1027600098e+02 6.0991497803e+02 6.0992602539e+02 6.1001000977e+02 6.1016998291e+02 6.1037402344e+02 6.1029302979e+02 6.1006201172e+02 6.0968200684e+02 6.0981701660e+02 6.1022497559e+02 6.1028497314e+02 6.1008502197e+02 6.1007702637e+02 6.1001098633e+02 6.0993701172e+02 6.0989099121e+02 6.0990502930e+02 6.0993298340e+02 6.0997497559e+02 6.1008898926e+02 6.1015698242e+02 6.0995800781e+02 6.0973797607e+02 6.0978399658e+02 6.0977801514e+02 6.0968701172e+02 6.0966601563e+02 6.0969702148e+02 6.0977099609e+02
6.0996301270e+02 6.0992797852e+02 6.0991198730e+02 6.1002001953e+02 6.1016302490e+02 6.1021600342e+02 6.1021801758e+02 6.1016699219e+02 6.1017498779e+02 6.1011999512e+02 6.1008197021e+02 6.1004998779e+02 6.1014801025e+02 6.1013397217e+02 6.1020098877e+02 6.1019396973e+02 6.1001300049e+02 6.0982397461e+02 6.0980902100e+02 6.0998297119e+02 6.1029101563e+02 6.1037500000e+02 6.1009899902e+02 6.0966400146e+02 6.0928900146e+02 6.0953698730e+02 6.0977697754e+02 6.0980902100e+02 6.0980499268e+02 6.0981799316e+02 6.0973297119e+02 6.0957598877e+02 6.0944000244e+02 6.0948199463e+02 6.0963800049e+02 6.0978198242e+02 6.1000000000e+02 6.0997900391e+02 6.0974700928e+02 6.0953198242e+02 6.0947497559e+02 6.0945800781e+02 6.0945001221e+02 6.0943902588e+02 6.0944598389e+02 6.0950402832e+02
6.0958898926e+02 6.0966601563e+02 6.0965698242e+02 6.0970599365e+02 6.0987902832e+02 6.0996197510e+02 6.0991699219e+02 6.0984600830e+02 6.0987500000e+02 6.0997497559e+02 6.0990997314e+02 6.0973498535e+02 6.0975097656e+02 6.0983197021e+02 6.0985198975e+02 6.0978601074e+02 6.0967102051e+02 6.0955798340e+02 6.0951599121e+02 6.0971801758e+02 6.1009002686e+02 6.1015698242e+02 6.0970898438e+02 6.0920501709e+02 6.0903497314e+02 6.0940301514e+02 6.0961999512e+02 6.0953497314e+02 6.0951098633e+02 6.0967999268e+02 6.0966198730e+02 6.0935198975e+02 6.0908398438e+02 6.0918902588e+02 6.0938098145e+02 6.0941802979e+02 6.0956500244e+02 6.0948400879e+02 6.0935998535e+02 6.0929699707e+02 6.0918798828e+02 6.0910998535e+02 6.0910900879e+02 6.0910101318e+02 6.0911602783e+02 6.0918103027e+02
6.0921398926e+02 6.0932000732e+02 6.0934197998e+02 6.0941699219e+02 6.0966802979e+02 6.0980200195e+02 6.0975402832e+02 6.0965997314e+02 6.0955102539e+02 6.0969097900e+02 6.0969097900e+02 6.0948602295e+02 6.0934197998e+02 6.0936602783e+02 6.0939001465e+02 6.0936602783e+02 6.0931597900e+02 6.0926898193e+02 6.0923901367e+02 6.0935699463e+02 6.0954797363e+02 6.0942102051e+02 6.0895397949e+02 6.0858099365e+02 6.0869000244e+02 6.0925897217e+02 6.0943798828e+02 6.0925598145e+02 6.0919299316e+02 6.0952899170e+02 6.0962200928e+02 6.0921502686e+02 6.0879498291e+02 6.0885601807e+02 6.0900097656e+02 6.0906402588e+02 6.0922698975e+02 6.0912701416e+02 6.0903100586e+02 6.0895098877e+02 6.0887597656e+02 6.0877697754e+02 6.0876599121e+02 6.0876501465e+02 6.0877697754e+02 6.0884197998e+02
6.0892700195e+02 6.0903601074e+02 6.0907000732e+02 6.0915301514e+02 6.0942999268e+02 6.0963897705e+02 6.0967700195e+02 6.0959197998e+02 6.0927099609e+02 6.0923602295e+02 6.0923797607e+02 6.0909899902e+02 6.0895800781e+02 6.0893499756e+02 6.0896197510e+02 6.0901300049e+02 6.0906298828e+02 6.0904998779e+02 6.0896301270e+02 6.0890600586e+02 6.0885998535e+02 6.0862500000e+02 6.0824401855e+02 6.0802197266e+02 6.0832397461e+02 6.0899401855e+02 6.0909600830e+02 6.0885699463e+02 6.0882397461e+02 6.0935998535e+02 6.0956201172e+02 6.0915301514e+02 6.0863500977e+02 6.0847198486e+02 6.0850402832e+02 6.0863702393e+02 6.0883300781e+02 6.0897900391e+02 6.0901300049e+02 6.0882098389e+02 6.0859301758e+02 6.0842297363e+02 6.0839898682e+02 6.0841601563e+02 6.0843402100e+02 6.0849902344e+02
6.0875500488e+02 6.0883599854e+02 6.0884100342e+02 6.0890802002e+02 6.0912200928e+02 6.0930401611e+02 6.0936297607e+02 6.0928198242e+02 6.0908001709e+02 6.0890997314e+02 6.0878900146e+02 6.0869799805e+02 6.0875598145e+02 6.0872100830e+02 6.0871899414e+02 6.0881402588e+02 6.0900500488e+02 6.0886999512e+02 6.0870202637e+02 6.0851397705e+02 6.0830603027e+02 6.0812902832e+02 6.0789501953e+02 6.0774700928e+02 6.0796502686e+02 6.0850500488e+02 6.0845599365e+02 6.0818798828e+02 6.0829101563e+02 6.0909997559e+02 6.0940600586e+02 6.0909002686e+02 6.0858398438e+02 6.0814801025e+02 6.0806402588e+02 6.0820300293e+02 6.0825598145e+02 6.0852099609e+02 6.0876202393e+02 6.0853399658e+02 6.0805200195e+02 6.0798797607e+02 6.0798699951e+02 6.0802197266e+02 6.0809100342e+02 6.0813000488e+02
6.0849902344e+02 6.0857202148e+02 6.0856896973e+02 6.0865600586e+02 6.0885198975e+02 6.0884301758e+02 6.0875299072e+02 6.0871099854e+02 6.0880200195e+02 6.0879498291e+02 6.0869598389e+02 6.0852801514e+02 6.0845202637e+02 6.0846301270e+02 6.0854199219e+02 6.0876898193e+02 6.0894000244e+02 6.0853302002e+02 6.0829998779e+02 6.0822198486e+02 6.0811999512e+02 6.0802001953e+02 6.0789001465e+02 6.0776501465e+02 6.0765502930e+02 6.0773999023e+02 6.0767999268e+02 6.0753302002e+02 6.0778198242e+02 6.0848101807e+02 6.0877801514e+02 6.0856597900e+02 6.0810198975e+02 6.0780798340e+02 6.0773101807e+02 6.0779901123e+02 6.0777001953e+02 6.0788000488e+02 6.0797100830e+02 6.0778601074e+02 6.0758099365e+02 6.0759197998e+02 6.0758801270e+02 6.0763702393e+02 6.0772100830e+02 6.0773999023e+02
6.0821502686e+02 6.0830798340e+02 6.0832897949e+02 6.0841101074e+02 6.0856799316e+02 6.0847302246e+02 6.0831799316e+02 6.0835699463e+02 6.0872100830e+02 6.0890899658e+02 6.0879901123e+02 6.0839501953e+02 6.0804797363e+02 6.0817199707e+02 6.0845800781e+02 6.0881799316e+02 6.0897802734e+02 6.0848400879e+02 6.0811999512e+02 6.0803002930e+02 6.0801800537e+02 6.0793597412e+02 6.0783300781e+02 6.0773400879e+02 6.0758197021e+02 6.0746301270e+02 6.0738897705e+02 6.0731201172e+02 6.0741198730e+02 6.0767498779e+02 6.0778698730e+02 6.0765997314e+02 6.0744097900e+02 6.0739300537e+02 6.0738397217e+02 6.0738098145e+02 6.0736199951e+02 6.0743402100e+02 6.0745202637e+02 6.0734399414e+02 6.0729602051e+02 6.0733099365e+02 6.0734197998e+02 6.0737597656e+02 6.0741802979e+02 6.0745098877e+02
6.0804699707e+02 6.0810699463e+02 6.0810101318e+02 6.0813201904e+02 6.0827099609e+02 6.0828002930e+02 6.0815197754e+02 6.0820501709e+02 6.0863000488e+02 6.0901800537e+02 6.0883398438e+02 6.0815997314e+02 6.0765002441e+02 6.0792199707e+02 6.0838201904e+02 6.0877001953e+02 6.0883697510e+02 6.0840301514e+02 6.0800500488e+02 6.0793200684e+02 6.0792797852e+02 6.0776599121e+02 6.0766802979e+02 6.0759497070e+02 6.0748199463e+02 6.0734997559e+02 6.0727301025e+02 6.0722100830e+02 6.0721801758e+02 6.0716998291e+02 6.0711401367e+02 6.0704302979e+02 6.0702899170e+02 6.0712097168e+02 6.0715197754e+02 6.0712597656e+02 6.0707598877e+02 6.0713201904e+02 6.0720697021e+02 6.0720202637e+02 6.0716101074e+02 6.0715301514e+02 6.0715399170e+02 6.0716198730e+02 6.0716699219e+02 6.0721197510e+02
