TESTSERVER/20/16.asc
NCOLS 100
NROWS 100
XLLCORNER 8.4997500000e+03
YLLCORNER 2.8915025000e+05
CELLSIZE 5.0000000000e-01
NODATA_VALUE -9.9990000000e+03
[rows 20 to 39 of 100, columns 0 to 45 of 100]
6.1253399658e+02 6.1272900391e+02 6.1293798828e+02 6.1319897461e+02 6.1350201416e+02 6.1380902100e+02 6.1401800537e+02 6.1399298096e+02 6.1399102783e+02 6.1416198730e+02 6.1452801514e+02 6.1485101318e+02 6.1506402588e+02 6.1521502686e+02 6.1535900879e+02 6.1551098633e+02 6.1567901611e+02 6.1587097168e+02 6.1608099365e+02 6.1621301270e+02 6.1633801270e+02 6.1648199463e+02 6.1665399170e+02 6.1681201172e+02 6.1695098877e+02 6.1705499268e+02 6.1715698242e+02 6.1721899414e+02 6.1728302002e+02 6.1732501221e+02 6.1736499023e+02 6.1737500000e+02 6.1740600586e+02 6.1746002197e+02 6.1752197266e+02 6.1760498047e+02 6.1774902344e+02 6.1791101074e+02 6.1802899170e+02 6.1806500244e+02 6.1813098145e+02 6.1817199707e+02 6.1820800781e+02 6.1821899414e+02 6.1825201416e+02 6.1830401611e+02
6.1243701172e+02 6.1260998535e+02 6.1280603027e+02 6.1306799316e+02 6.1336901855e+02 6.1368103027e+02 6.1388702393e+02 6.1386602783e+02 6.1383398438e+02 6.1393701172e+02 6.1425097656e+02 6.1461602783e+02 6.1487200928e+02 6.1503497314e+02 6.1518499756e+02 6.1534899902e+02 6.1553399658e+02 6.1576098633e+02 6.1600299072e+02 6.1611999512e+02 6.1621301270e+02 6.1633697510e+02 6.1650097656e+02 6.1663299561e+02 6.1673199463e+02 6.1680798340e+02 6.1689202881e+02 6.1693597412e+02 6.1699102783e+02 6.1704302979e+02 6.1708898926e+02 6.1709497070e+02 6.1713500977e+02 6.1721502686e+02 6.1730102539e+02 6.1739801025e+02 6.1753997803e+02 6.1769897461e+02 6.1782501221e+02 6.1789099121e+02 6.1797497559e+02 6.1801599121e+02 6.1803698730e+02 6.1806298828e+02 6.1807897949e+02 6.1812500000e+02
6.1229400635e+02 6.1247698975e+02 6.1270599365e+02 6.1294097900e+02 6.1319000244e+02 6.1346600342e+02 6.1368701172e+02 6.1371197510e+02 6.1368200684e+02 6.1374102783e+02 6.1398297119e+02 6.1435498047e+02 6.1463098145e+02 6.1482897949e+02 6.1502001953e+02 6.1520501709e+02 6.1540997314e+02 6.1564898682e+02 6.1589300537e+02 6.1600000000e+02 6.1607702637e+02 6.1617797852e+02 6.1632397461e+02 6.1645300293e+02 6.1654699707e+02 6.1660601807e+02 6.1665802002e+02 6.1670001221e+02 6.1677398682e+02 6.1683697510e+02 6.1685400391e+02 6.1684100342e+02 6.1687298584e+02 6.1696600342e+02 6.1707800293e+02 6.1720599365e+02 6.1734899902e+02 6.1749499512e+02 6.1763299561e+02 6.1775201416e+02 6.1782800293e+02 6.1783398438e+02 6.1784399414e+02 6.1788098145e+02 6.1789898682e+02 6.1794702148e+02
6.1214501953e+02 6.1235101318e+02 6.1262799072e+02 6.1283502197e+02 6.1302301025e+02 6.1325201416e+02 6.1348498535e+02 6.1355102539e+02 6.1354101563e+02 6.1358197021e+02 6.1375897217e+02 6.1408300781e+02 6.1434997559e+02 6.1458898926e+02 6.1484698486e+02 6.1505200195e+02 6.1525500488e+02 6.1546899414e+02 6.1568701172e+02 6.1581402588e+02 6.1590197754e+02 6.1600000000e+02 6.1612799072e+02 6.1625402832e+02 6.1634100342e+02 6.1637902832e+02 6.1640698242e+02 6.1645599365e+02 6.1655902100e+02 6.1664398193e+02 6.1664599609e+02 6.1660400391e+02 6.1661999512e+02 6.1672198486e+02 6.1686297607e+02 6.1700701904e+02 6.1713800049e+02 6.1726098633e+02 6.1740600586e+02 6.1756097412e+02 6.1761602783e+02 6.1758599854e+02 6.1759899902e+02 6.1766101074e+02 6.1769799805e+02 6.1776000977e+02
6.1204101563e+02 6.1223797607e+02 6.1251300049e+02 6.1276098633e+02 6.1293597412e+02 6.1313702393e+02 6.1336798096e+02 6.1341802979e+02 6.1340002441e+02 6.1342901611e+02 6.1355102539e+02 6.1382202148e+02 6.1406896973e+02 6.1434197998e+02 6.1468103027e+02 6.1489501953e+02 6.1507800293e+02 6.1526000977e+02 6.1540802002e+02 6.1556799316e+02 6.1569500732e+02 6.1581500244e+02 6.1593200684e+02 6.1607202148e+02 6.1614202881e+02 6.1615600586e+02 6.1616601563e+02 6.1620202637e+02 6.1630700684e+02 6.1640997314e+02 6.1644799805e+02 6.1638397217e+02 6.1638098145e+02 6.1649700928e+02 6.1668798828e+02 6.1681500244e+02 6.1692102051e+02 6.1702099609e+02 6.1714099121e+02 6.1728100586e+02 6.1733300781e+02 6.1730902100e+02 6.1734399414e+02 6.1740698242e+02 6.1747698975e+02 6.1758599854e+02
6.1203601074e+02 6.1222802734e+02 6.1250097656e+02 6.1276098633e+02 6.1291400146e+02 6.1306597900e+02 6.1323901367e+02 6.1329797363e+02 6.1325402832e+02 6.1327099609e+02 6.1338897705e+02 6.1363299561e+02 6.1390997314e+02 6.1418200684e+02 6.1448400879e+02 6.1469799805e+02 6.1488397217e+02 6.1508801270e+02 6.1522497559e+02 6.1534899902e+02 6.1547698975e+02 6.1561401367e+02 6.1574597168e+02 6.1588800049e+02 6.1599597168e+02 6.1604199219e+02 6.1603497314e+02 6.1604901123e+02 6.1611199951e+02 6.1615698242e+02 6.1618402100e+02 6.1613702393e+02 6.1615100098e+02 6.1630401611e+02 6.1650500488e+02 6.1662902832e+02 6.1672900391e+02 6.1681201172e+02 6.1689202881e+02 6.1697100830e+02 6.1706298828e+02 6.1709497070e+02 6.1710302734e+02 6.1714099121e+02 6.1725299072e+02 6.1741998291e+02
6.1205902100e+02 6.1226599121e+02 6.1253399658e+02 6.1272302246e+02 6.1281298828e+02 6.1293298340e+02 6.1307897949e+02 6.1315002441e+02 6.1312701416e+02 6.1314501953e+02 6.1327197266e+02 6.1353601074e+02 6.1385998535e+02 6.1410797119e+02 6.1432800293e+02 6.1452197266e+02 6.1468701172e+02 6.1485900879e+02 6.1500799561e+02 6.1515502930e+02 6.1528002930e+02 6.1540997314e+02 6.1553100586e+02 6.1565899658e+02 6.1578698730e+02 6.1586798096e+02 6.1585797119e+02 6.1586798096e+02 6.1591998291e+02 6.1593701172e+02 6.1594598389e+02 6.1591497803e+02 6.1595001221e+02 6.1611602783e+02 6.1629901123e+02 6.1642199707e+02 6.1653302002e+02 6.1662597656e+02 6.1669897461e+02 6.1672998047e+02 6.1680700684e+02 6.1684497070e+02 6.1682897949e+02 6.1690002441e+02 6.1702801514e+02 6.1716802979e+02
6.1192700195e+02 6.1214398193e+02 6.1243902588e+02 6.1258197021e+02 6.1267199707e+02 6.1281701660e+02 6.1294396973e+02 6.1299700928e+02 6.1300000000e+02 6.1300799561e+02 6.1311401367e+02 6.1335998535e+02 6.1372302246e+02 6.1400201416e+02 6.1420898438e+02 6.1439398193e+02 6.1454901123e+02 6.1470001221e+02 6.1484698486e+02 6.1498498535e+02 6.1508398438e+02 6.1518200684e+02 6.1527801514e+02 6.1535302734e+02 6.1546600342e+02 6.1557202148e+02 6.1558898926e+02 6.1559301758e+02 6.1566101074e+02 6.1570300293e+02 6.1572900391e+02 6.1571697998e+02 6.1576202393e+02 6.1591101074e+02 6.1605902100e+02 6.1617102051e+02 6.1628198242e+02 6.1637799072e+02 6.1645300293e+02 6.1645599365e+02 6.1650000000e+02 6.1654101563e+02 6.1653802490e+02 6.1663897705e+02 6.1676501465e+02 6.1689697266e+02
6.1158197021e+02 6.1183398438e+02 6.1214398193e+02 6.1235900879e+02 6.1255603027e+02 6.1275201416e+02 6.1284497070e+02 6.1283697510e+02 6.1285797119e+02 6.1285900879e+02 6.1293597412e+02 6.1312097168e+02 6.1349102783e+02 6.1382397461e+02 6.1400598145e+02 6.1420300293e+02 6.1438702393e+02 6.1456298828e+02 6.1471099854e+02 6.1482098389e+02 6.1490502930e+02 6.1497802734e+02 6.1504602051e+02 6.1508697510e+02 6.1517401123e+02 6.1527099609e+02 6.1532501221e+02 6.1532897949e+02 6.1537701416e+02 6.1542700195e+02 6.1548498535e+02 6.1551599121e+02 6.1556597900e+02 6.1567700195e+02 6.1579400635e+02 6.1587902832e+02 6.1596801758e+02 6.1603002930e+02 6.1603802490e+02 6.1604498291e+02 6.1608697510e+02 6.1616400146e+02 6.1627099609e+02 6.1638000488e+02 6.1649102783e+02 6.1663299561e+02
6.1129498291e+02 6.1156298828e+02 6.1186602783e+02 6.1211602783e+02 6.1235601807e+02 6.1256402588e+02 6.1265899658e+02 6.1272198486e+02 6.1275402832e+02 6.1271301270e+02 6.1275799561e+02 6.1291900635e+02 6.1332397461e+02 6.1370098877e+02 6.1385601807e+02 6.1397900391e+02 6.1413000488e+02 6.1432897949e+02 6.1449102783e+02 6.1461401367e+02 6.1471398926e+02 6.1477697754e+02 6.1484600830e+02 6.1491998291e+02 6.1499499512e+02 6.1505499268e+02 6.1509899902e+02 6.1516497803e+02 6.1522497559e+02 6.1526000977e+02 6.1528802490e+02 6.1532098389e+02 6.1538000488e+02 6.1547998047e+02 6.1558801270e+02 6.1565502930e+02 6.1574499512e+02 6.1579302979e+02 6.1578002930e+02 6.1577801514e+02 6.1579101563e+02 6.1580603027e+02 6.1594097900e+02 6.1610400391e+02 6.1620300293e+02 6.1630499268e+02
6.1108697510e+02 6.1135302734e+02 6.1161297607e+02 6.1186297607e+02 6.1211102295e+02 6.1231201172e+02 6.1242199707e+02 6.1260998535e+02 6.1268402100e+02 6.1261798096e+02 6.1263500977e+02 6.1275701904e+02 6.1311102295e+02 6.1351800537e+02 6.1368902588e+02 6.1379199219e+02 6.1389801025e+02 6.1404998779e+02 6.1420300293e+02 6.1436401367e+02 6.1448699951e+02 6.1454498291e+02 6.1461901855e+02 6.1471697998e+02 6.1479797363e+02 6.1485198975e+02 6.1489001465e+02 6.1497802734e+02 6.1503601074e+02 6.1504302979e+02 6.1504498291e+02 6.1509802246e+02 6.1518103027e+02 6.1528802490e+02 6.1539001465e+02 6.1545697021e+02 6.1554302979e+02 6.1559197998e+02 6.1559100342e+02 6.1565197754e+02 6.1568902588e+02 6.1565502930e+02 6.1567602539e+02 6.1580401611e+02 6.1589801025e+02 6.1600201416e+02
6.1086499023e+02 6.1110797119e+02 6.1138800049e+02 6.1166601563e+02 6.1190301514e+02 6.1207897949e+02 6.1220202637e+02 6.1246600342e+02 6.1259600830e+02 6.1254400635e+02 6.1251800537e+02 6.1259899902e+02 6.1282000732e+02 6.1317602539e+02 6.1340100098e+02 6.1355102539e+02 6.1368597412e+02 6.1381097412e+02 6.1392901611e+02 6.1409002686e+02 6.1423400879e+02 6.1430200195e+02 6.1437500000e+02 6.1448602295e+02 6.1457501221e+02 6.1463500977e+02 6.1467199707e+02 6.1474902344e+02 6.1479199219e+02 6.1477697754e+02 6.1477801514e+02 6.1484301758e+02 6.1493200684e+02 6.1503802490e+02 6.1512597656e+02 6.1518298340e+02 6.1526501465e+02 6.1532397461e+02 6.1534002686e+02 6.1542700195e+02 6.1550897217e+02 6.1549700928e+02 6.1545300293e+02 6.1550500488e+02 6.1557702637e+02 6.1569396973e+02
6.1071398926e+02 6.1091198730e+02 6.1122100830e+02 6.1152099609e+02 6.1173999023e+02 6.1189300537e+02 6.1201202393e+02 6.1219897461e+02 6.1238897705e+02 6.1242797852e+02 6.1239300537e+02 6.1244702148e+02 6.1257202148e+02 6.1284399414e+02 6.1315100098e+02 6.1329498291e+02 6.1342797852e+02 6.1354400635e+02 6.1368902588e+02 6.1382800293e+02 6.1396502686e+02 6.1406896973e+02 6.1417199707e+02 6.1425402832e+02 6.1433898926e+02 6.1440100098e+02 6.1442901611e+02 6.1449700928e+02 6.1454302979e+02 6.1455102539e+02 6.1454901123e+02 6.1458502197e+02 6.1464501953e+02 6.1471997070e+02 6.1478002930e+02 6.1481799316e+02 6.1487402344e+02 6.1493200684e+02 6.1496197510e+02 6.1506597900e+02 6.1517401123e+02 6.1523498535e+02 6.1523901367e+02 6.1524700928e+02 6.1528900146e+02 6.1536401367e+02
6.1063897705e+02 6.1080401611e+02 6.1111401367e+02 6.1139697266e+02 6.1161199951e+02 6.1176300049e+02 6.1188500977e+02 6.1203497314e+02 6.1219396973e+02 6.1229400635e+02 6.1229199219e+02 6.1230603027e+02 6.1240301514e+02 6.1260900879e+02 6.1285498047e+02 6.1305999756e+02 6.1326599121e+02 6.1336798096e+02 6.1346398926e+02 6.1359002686e+02 6.1370501709e+02 6.1383197021e+02 6.1395800781e+02 6.1403198242e+02 6.1411700439e+02 6.1420501709e+02 6.1425000000e+02 6.1430200195e+02 6.1436798096e+02 6.1439398193e+02 6.1436297607e+02 6.1434899902e+02 6.1437799072e+02 6.1442797852e+02 6.1448797607e+02 6.1453198242e+02 6.1457397461e+02 6.1464898682e+02 6.1473602295e+02 6.1477899170e+02 6.1488000488e+02 6.1502001953e+02 6.1506701660e+02 6.1499798584e+02 6.1500598145e+02 6.1505700684e+02
6.1059399414e+02 6.1070599365e+02 6.1096398926e+02 6.1122601318e+02 6.1144500732e+02 6.1161700439e+02 6.1175701904e+02 6.1189501953e+02 6.1204400635e+02 6.1217102051e+02 6.1218499756e+02 6.1215899658e+02 6.1220501709e+02 6.1237701416e+02 6.1260101318e+02 6.1280700684e+02 6.1305200195e+02 6.1315002441e+02 6.1317797852e+02 6.1327099609e+02 6.1341601563e+02 6.1357598877e+02 6.1370800781e+02 6.1379400635e+02 6.1389099121e+02 6.1399298096e+02 6.1406799316e+02 6.1415899658e+02 6.1424200439e+02 6.1423901367e+02 6.1414801025e+02 6.1411499023e+02 6.1413598633e+02 6.1417797852e+02 6.1421697998e+02 6.1426098633e+02 6.1431500244e+02 6.1441802979e+02 6.1451800537e+02 6.1450598145e+02 6.1459600830e+02 6.1476300049e+02 6.1482000732e+02 6.1470300293e+02 6.1470397949e+02 6.1478698730e+02
6.1054602051e+02 6.1061499023e+02 6.1078002930e+02 6.1099200439e+02 6.1121197510e+02 6.1141802979e+02 6.1156799316e+02 6.1167102051e+02 6.1182598877e+02 6.1197698975e+02 6.1203302002e+02 6.1201800537e+02 6.1198797607e+02 6.1207598877e+02 6.1229101563e+02 6.1244396973e+02 6.1265002441e+02 6.1276300049e+02 6.1282098389e+02 6.1290802002e+02 6.1309698486e+02 6.1328100586e+02 6.1340502930e+02 6.1351397705e+02 6.1361700439e+02 6.1370898438e+02 6.1378198242e+02 6.1390600586e+02 6.1401300049e+02 6.1400299072e+02 6.1388000488e+02 6.1384301758e+02 6.1386999512e+02 6.1391699219e+02 6.1393798828e+02 6.1397399902e+02 6.1404699707e+02 6.1416497803e+02 6.1424401855e+02 6.1422698975e+02 6.1428802490e+02 6.1438897705e+02 6.1441601563e+02 6.1437402344e+02 6.1441998291e+02 6.1453900146e+02
6.1049700928e+02 6.1054797363e+02 6.1061102295e+02 6.1075897217e+02 6.1097100830e+02 6.1120300293e+02 6.1136901855e+02 6.1145599365e+02 6.1157501221e+02 6.1171301270e+02 6.1184100342e+02 6.1191302490e+02 6.1184497070e+02 6.1179302979e+02 6.1188598633e+02 6.1207000732e+02 6.1225500488e+02 6.1239202881e+02 6.1250000000e+02 6.1261297607e+02 6.1280499268e+02 6.1297698975e+02 6.1309197998e+02 6.1321099854e+02 6.1330700684e+02 6.1336499023e+02 6.1337200928e+02 6.1346002197e+02 6.1357501221e+02 6.1361798096e+02 6.1357897949e+02 6.1353100586e+02 6.1355297852e+02 6.1361199951e+02 6.1363397217e+02 6.1369396973e+02 6.1377197266e+02 6.1385797119e+02 6.1388800049e+02 6.1391998291e+02 6.1397302246e+02 6.1399298096e+02 6.1399200439e+02 6.1414398193e+02 6.1421099854e+02 6.1429101563e+02
6.1041302490e+02 6.1049798584e+02 6.1050402832e+02 6.1060400391e+02 6.1078601074e+02 6.1100299072e+02 6.1115899658e+02 6.1126702881e+02 6.1138299561e+02 6.1150000000e+02 6.1163098145e+02 6.1176000977e+02 6.1173297119e+02 6.1160998535e+02 6.1162402344e+02 6.1177099609e+02 6.1198101807e+02 6.1215002441e+02 6.1226898193e+02 6.1238702393e+02 6.1253302002e+02 6.1266302490e+02 6.1278497314e+02 6.1290997314e+02 6.1299597168e+02 6.1304400635e+02 6.1305401611e+02 6.1312200928e+02 6.1319500732e+02 6.1323297119e+02 6.1322998047e+02 6.1320098877e+02 6.1324700928e+02 6.1334100342e+02 6.1340600586e+02 6.1345898438e+02 6.1351300049e+02 6.1354998779e+02 6.1354302979e+02 6.1355200195e+02 6.1361102295e+02 6.1365698242e+02 6.1371502686e+02 6.1390997314e+02 6.1395098877e+02 6.1397601318e+02
6.1027099609e+02 6.1041802979e+02 6.1044000244e+02 6.1049102783e+02 6.1060797119e+02 6.1078497314e+02 6.1095202637e+02 6.1108697510e+02 6.1121197510e+02 6.1131896973e+02 6.1141101074e+02 6.1152600098e+02 6.1157299805e+02 6.1147399902e+02 6.1141101074e+02 6.1147698975e+02 6.1166101074e+02 6.1188098145e+02 6.1205102539e+02 6.1219097900e+02 6.1230401611e+02 6.1240002441e+02 6.1254101563e+02 6.1267401123e+02 6.1275201416e+02 6.1278802490e+02 6.1281201172e+02 6.1287500000e+02 6.1289801025e+02 6.1289801025e+02 6.1291400146e+02 6.1292401123e+02 6.1297900391e+02 6.1307299805e+02 6.1315301514e+02 6.1319598389e+02 6.1323101807e+02 6.1325097656e+02 6.1325000000e+02 6.1327099609e+02 6.1332098389e+02 6.1336199951e+02 6.1339001465e+02 6.1343798828e+02 6.1344000244e+02 6.1350598145e+02
6.1008599854e+02 6.1028601074e+02 6.1037500000e+02 6.1039599609e+02 6.1044396973e+02 6.1057501221e+02 6.1075299072e+02 6.1088201904e+02 6.1101599121e+02 6.1116601563e+02 6.1125500488e+02 6.1127001953e+02 6.1136199951e+02 6.1136102295e+02 6.1126800537e+02 6.1123101807e+02 6.1135498047e+02 6.1159002686e+02 6.1179998779e+02 6.1196197510e+02 6.1208502197e+02 6.1218597412e+02 6.1234997559e+02 6.1249200439e+02 6.1255603027e+02 6.1256896973e+02 6.1258300781e+02 6.1262799072e+02 6.1262902832e+02 6.1262298584e+02 6.1266998291e+02 6.1270697021e+02 6.1273999023e+02 6.1279797363e+02 6.1288702393e+02 6.1292401123e+02 6.1294201660e+02 6.1295397949e+02 6.1296398926e+02 6.1300897217e+02 6.1305200195e+02 6.1305999756e+02 6.1304302979e+02 6.1300097656e+02 6.1297802734e+02 6.1306402588e+02
