TESTSERVER/20/17.asc
NCOLS 100
NROWS 100
XLLCORNER 8.4997500000e+03
YLLCORNER 2.8910025000e+05
CELLSIZE 5.0000000000e-01
NODATA_VALUE -9.9990000000e+03
[rows 20 to 39 of 100, columns 46 to 91 of 100]
5.9382702637e+02 5.9375897217e+02 5.9367797852e+02 5.9360797119e+02 5.9353698730e+02 5.9348901367e+02 5.9349597168e+02 5.9351800537e+02 5.9352697754e+02 5.9351898193e+02 5.9351098633e+02 5.9349401855e+02 5.9346197510e+02 5.9343597412e+02 5.9344299316e+02 5.9347497559e+02 5.9351702881e+02 5.9355200195e+02 5.9359600830e+02 5.9364001465e+02 5.9367199707e+02 5.9370397949e+02 5.9372698975e+02 5.9372497559e+02 5.9371301270e+02 5.9374700928e+02 5.9376800537e+02 5.9375897217e+02 5.9373602295e+02 5.9375897217e+02 5.9379400635e+02 5.9383300781e+02 5.9384399414e+02 5.9378997803e+02 5.9376599121e+02 5.9378802490e+02 5.9381201172e+02 5.9378601074e+02 5.9375097656e+02 5.9375097656e+02 5.9379400635e+02 5.9384698486e+02 5.9385302734e+02 5.9383502197e+02 5.9380798340e+02 5.9386297607e+02
5.9350402832e+02 5.9343902588e+02 5.9337597656e+02 5.9332501221e+02 5.9327801514e+02 5.9324700928e+02 5.9324700928e+02 5.9326397705e+02 5.9327600098e+02 5.9325000000e+02 5.9323797607e+02 5.9322601318e+02 5.9321197510e+02 5.9318701172e+02 5.9321899414e+02 5.9327001953e+02 5.9329901123e+02 5.9333502197e+02 5.9338500977e+02 5.9342797852e+02 5.9345501709e+02 5.9348602295e+02 5.9351397705e+02 5.9352697754e+02 5.9354101563e+02 5.9356402588e+02 5.9354797363e+02 5.9351702881e+02 5.9350598145e+02 5.9351800537e+02 5.9353802490e+02 5.9355999756e+02 5.9357397461e+02 5.9356799316e+02 5.9356500244e+02 5.9356500244e+02 5.9355798340e+02 5.9353399658e+02 5.9349401855e+02 5.9346600342e+02 5.9346301270e+02 5.9346997070e+02 5.9347802734e+02 5.9348199463e+02 5.9348400879e+02 5.9353399658e+02
5.9320898438e+02 5.9315100098e+02 5.9310101318e+02 5.9306201172e+02 5.9303002930e+02 5.9300500488e+02 5.9299902344e+02 5.9300701904e+02 5.9301202393e+02 5.9298901367e+02 5.9298797607e+02 5.9298699951e+02 5.9297998047e+02 5.9297198486e+02 5.9302502441e+02 5.9308197021e+02 5.9311199951e+02 5.9316497803e+02 5.9320800781e+02 5.9322998047e+02 5.9323797607e+02 5.9326098633e+02 5.9328497314e+02 5.9329498291e+02 5.9330999756e+02 5.9331799316e+02 5.9330603027e+02 5.9328698730e+02 5.9328399658e+02 5.9329302979e+02 5.9330297852e+02 5.9331201172e+02 5.9331896973e+02 5.9333398438e+02 5.9333599854e+02 5.9332299805e+02 5.9329199219e+02 5.9326599121e+02 5.9322100830e+02 5.9317901611e+02 5.9314599609e+02 5.9313000488e+02 5.9313702393e+02 5.9315698242e+02 5.9319097900e+02 5.9324798584e+02
5.9294500732e+02 5.9288800049e+02 5.9284698486e+02 5.9281701660e+02 5.9278997803e+02 5.9276202393e+02 5.9274902344e+02 5.9274700928e+02 5.9273901367e+02 5.9272900391e+02 5.9274798584e+02 5.9276202393e+02 5.9275799561e+02 5.9276397705e+02 5.9282501221e+02 5.9288098145e+02 5.9290997314e+02 5.9297100830e+02 5.9301000977e+02 5.9302197266e+02 5.9303002930e+02 5.9305999756e+02 5.9307098389e+02 5.9306298828e+02 5.9306896973e+02 5.9307897949e+02 5.9308599854e+02 5.9308398438e+02 5.9307000732e+02 5.9307702637e+02 5.9308697510e+02 5.9309002686e+02 5.9308099365e+02 5.9308300781e+02 5.9308599854e+02 5.9307202148e+02 5.9303100586e+02 5.9298901367e+02 5.9293902588e+02 5.9289202881e+02 5.9284997559e+02 5.9282202148e+02 5.9283300781e+02 5.9287097168e+02 5.9293902588e+02 5.9300000000e+02
5.9269799805e+02 5.9264599609e+02 5.9261102295e+02 5.9258599854e+02 5.9257000732e+02 5.9252697754e+02 5.9250000000e+02 5.9248699951e+02 5.9247900391e+02 5.9248297119e+02 5.9250598145e+02 5.9252398682e+02 5.9252001953e+02 5.9255603027e+02 5.9261199951e+02 5.9265600586e+02 5.9266101074e+02 5.9270202637e+02 5.9274499512e+02 5.9278302002e+02 5.9283300781e+02 5.9287902832e+02 5.9286999512e+02 5.9283898926e+02 5.9284497070e+02 5.9285601807e+02 5.9286700439e+02 5.9286401367e+02 5.9283801270e+02 5.9286199951e+02 5.9288000488e+02 5.9288201904e+02 5.9286102295e+02 5.9283697510e+02 5.9283898926e+02 5.9283197021e+02 5.9278601074e+02 5.9272900391e+02 5.9266601563e+02 5.9261102295e+02 5.9257397461e+02 5.9256402588e+02 5.9258398438e+02 5.9263397217e+02 5.9271502686e+02 5.9278399658e+02
5.9245397949e+02 5.9241101074e+02 5.9237597656e+02 5.9235498047e+02 5.9234301758e+02 5.9230999756e+02 5.9227899170e+02 5.9228002930e+02 5.9228900146e+02 5.9228698730e+02 5.9229998779e+02 5.9231201172e+02 5.9231097412e+02 5.9233697510e+02 5.9238598633e+02 5.9243902588e+02 5.9245202637e+02 5.9247198486e+02 5.9250897217e+02 5.9253601074e+02 5.9258801270e+02 5.9267401123e+02 5.9265600586e+02 5.9260302734e+02 5.9260400391e+02 5.9260498047e+02 5.9260699463e+02 5.9261602783e+02 5.9262799072e+02 5.9266400146e+02 5.9269500732e+02 5.9270202637e+02 5.9266699219e+02 5.9262597656e+02 5.9261199951e+02 5.9259100342e+02 5.9254199219e+02 5.9248101807e+02 5.9241400146e+02 5.9235302734e+02 5.9231298828e+02 5.9230902100e+02 5.9233398438e+02 5.9238397217e+02 5.9246600342e+02 5.9254302979e+02
5.9221697998e+02 5.9217498779e+02 5.9214099121e+02 5.9211901855e+02 5.9210601807e+02 5.9208099365e+02 5.9206896973e+02 5.9209100342e+02 5.9209899902e+02 5.9209301758e+02 5.9211499023e+02 5.9213500977e+02 5.9212597656e+02 5.9212701416e+02 5.9215301514e+02 5.9220697021e+02 5.9225897217e+02 5.9228497314e+02 5.9230499268e+02 5.9230499268e+02 5.9232299805e+02 5.9240197754e+02 5.9240197754e+02 5.9237402344e+02 5.9239001465e+02 5.9238098145e+02 5.9238397217e+02 5.9240698242e+02 5.9244201660e+02 5.9249597168e+02 5.9253997803e+02 5.9255102539e+02 5.9251098633e+02 5.9246899414e+02 5.9243298340e+02 5.9238299561e+02 5.9232202148e+02 5.9225500488e+02 5.9218103027e+02 5.9211700439e+02 5.9207098389e+02 5.9206298828e+02 5.9208898926e+02 5.9214300537e+02 5.9222900391e+02 5.9229998779e+02
5.9198602295e+02 5.9193902588e+02 5.9190301514e+02 5.9187799072e+02 5.9185601807e+02 5.9183801270e+02 5.9184301758e+02 5.9187200928e+02 5.9186798096e+02 5.9185998535e+02 5.9189398193e+02 5.9193402100e+02 5.9194500732e+02 5.9193597412e+02 5.9194097900e+02 5.9198101807e+02 5.9203399658e+02 5.9205700684e+02 5.9206597900e+02 5.9205499268e+02 5.9207000732e+02 5.9213397217e+02 5.9215197754e+02 5.9215301514e+02 5.9217797852e+02 5.9217297363e+02 5.9218701172e+02 5.9222399902e+02 5.9227502441e+02 5.9234399414e+02 5.9240002441e+02 5.9241198730e+02 5.9237402344e+02 5.9234802246e+02 5.9229199219e+02 5.9220599365e+02 5.9211700439e+02 5.9203497314e+02 5.9195202637e+02 5.9188397217e+02 5.9184100342e+02 5.9183502197e+02 5.9186297607e+02 5.9191699219e+02 5.9200201416e+02 5.9206298828e+02
5.9176300049e+02 5.9170599365e+02 5.9166601563e+02 5.9163299561e+02 5.9159100342e+02 5.9159002686e+02 5.9160498047e+02 5.9161999512e+02 5.9160101318e+02 5.9158099365e+02 5.9161499023e+02 5.9166699219e+02 5.9169097900e+02 5.9170599365e+02 5.9171301270e+02 5.9173498535e+02 5.9175897217e+02 5.9179400635e+02 5.9180603027e+02 5.9180499268e+02 5.9181701660e+02 5.9188897705e+02 5.9191802979e+02 5.9193103027e+02 5.9195202637e+02 5.9195800781e+02 5.9198797607e+02 5.9204199219e+02 5.9211199951e+02 5.9219201660e+02 5.9224700928e+02 5.9225598145e+02 5.9223797607e+02 5.9220397949e+02 5.9213000488e+02 5.9202301025e+02 5.9192102051e+02 5.9181402588e+02 5.9171899414e+02 5.9164697266e+02 5.9161602783e+02 5.9162298584e+02 5.9165100098e+02 5.9170098877e+02 5.9177600098e+02 5.9183001709e+02
5.9150000000e+02 5.9144702148e+02 5.9140100098e+02 5.9136102295e+02 5.9132397461e+02 5.9133898926e+02 5.9135498047e+02 5.9135998535e+02 5.9134600830e+02 5.9132397461e+02 5.9134100342e+02 5.9137799072e+02 5.9140899658e+02 5.9143597412e+02 5.9146502686e+02 5.9148699951e+02 5.9150299072e+02 5.9153900146e+02 5.9157000732e+02 5.9158001709e+02 5.9158197021e+02 5.9163299561e+02 5.9166302490e+02 5.9168200684e+02 5.9170800781e+02 5.9173199463e+02 5.9177899170e+02 5.9184899902e+02 5.9192901611e+02 5.9199902344e+02 5.9204602051e+02 5.9205297852e+02 5.9203002930e+02 5.9199298096e+02 5.9192498779e+02 5.9183801270e+02 5.9174700928e+02 5.9165002441e+02 5.9154699707e+02 5.9146398926e+02 5.9142797852e+02 5.9142700195e+02 5.9144201660e+02 5.9147900391e+02 5.9154901123e+02 5.9159997559e+02
5.9121398926e+02 5.9116302490e+02 5.9112402344e+02 5.9109399414e+02 5.9107501221e+02 5.9109600830e+02 5.9110900879e+02 5.9110699463e+02 5.9108898926e+02 5.9107098389e+02 5.9108398438e+02 5.9111602783e+02 5.9114599609e+02 5.9117999268e+02 5.9121801758e+02 5.9124902344e+02 5.9127001953e+02 5.9130798340e+02 5.9135198975e+02 5.9137597656e+02 5.9137902832e+02 5.9141101074e+02 5.9143499756e+02 5.9145599365e+02 5.9148297119e+02 5.9152099609e+02 5.9158502197e+02 5.9166900635e+02 5.9175000000e+02 5.9179302979e+02 5.9182397461e+02 5.9182501221e+02 5.9179602051e+02 5.9175701904e+02 5.9169897461e+02 5.9163299561e+02 5.9157397461e+02 5.9149597168e+02 5.9139697266e+02 5.9130700684e+02 5.9125598145e+02 5.9123999023e+02 5.9124102783e+02 5.9126599121e+02 5.9132501221e+02 5.9136999512e+02
5.9093597412e+02 5.9089300537e+02 5.9086999512e+02 5.9085601807e+02 5.9084600830e+02 5.9085699463e+02 5.9086199951e+02 5.9085498047e+02 5.9083197021e+02 5.9082702637e+02 5.9084802246e+02 5.9088299561e+02 5.9091699219e+02 5.9094097900e+02 5.9097601318e+02 5.9101300049e+02 5.9104400635e+02 5.9108001709e+02 5.9113702393e+02 5.9118200684e+02 5.9119000244e+02 5.9120898438e+02 5.9123498535e+02 5.9126000977e+02 5.9128198242e+02 5.9131597900e+02 5.9137597656e+02 5.9145800781e+02 5.9153900146e+02 5.9156201172e+02 5.9157897949e+02 5.9157598877e+02 5.9154998779e+02 5.9151300049e+02 5.9146697998e+02 5.9142102051e+02 5.9138897705e+02 5.9132800293e+02 5.9123797607e+02 5.9114801025e+02 5.9108697510e+02 5.9105700684e+02 5.9104602051e+02 5.9105902100e+02 5.9110601807e+02 5.9114398193e+02
5.9068298340e+02 5.9065502930e+02 5.9064202881e+02 5.9063397217e+02 5.9061901855e+02 5.9060900879e+02 5.9060302734e+02 5.9059301758e+02 5.9057598877e+02 5.9058697510e+02 5.9062097168e+02 5.9067199707e+02 5.9072100830e+02 5.9071600342e+02 5.9073602295e+02 5.9077301025e+02 5.9079699707e+02 5.9080999756e+02 5.9088000488e+02 5.9094897461e+02 5.9097302246e+02 5.9101599121e+02 5.9104998779e+02 5.9107897949e+02 5.9109899902e+02 5.9110101318e+02 5.9113598633e+02 5.9119201660e+02 5.9124401855e+02 5.9129199219e+02 5.9131500244e+02 5.9132098389e+02 5.9131402588e+02 5.9127899170e+02 5.9124499512e+02 5.9121197510e+02 5.9117797852e+02 5.9112298584e+02 5.9103900146e+02 5.9095397949e+02 5.9087298584e+02 5.9086401367e+02 5.9085498047e+02 5.9086297607e+02 5.9089398193e+02 5.9092102051e+02
5.9043298340e+02 5.9040899658e+02 5.9039300537e+02 5.9038299561e+02 5.9036901855e+02 5.9035400391e+02 5.9034698486e+02 5.9034197998e+02 5.9034197998e+02 5.9034600830e+02 5.9038000488e+02 5.9044097900e+02 5.9050299072e+02 5.9053302002e+02 5.9056097412e+02 5.9057702637e+02 5.9056097412e+02 5.9055700684e+02 5.9062402344e+02 5.9070599365e+02 5.9076898193e+02 5.9080401611e+02 5.9081201172e+02 5.9083599854e+02 5.9088000488e+02 5.9087701416e+02 5.9089697266e+02 5.9093402100e+02 5.9097399902e+02 5.9101397705e+02 5.9104400635e+02 5.9106896973e+02 5.9109002686e+02 5.9107598877e+02 5.9104699707e+02 5.9101000977e+02 5.9097302246e+02 5.9091101074e+02 5.9082800293e+02 5.9074298096e+02 5.9068200684e+02 5.9066302490e+02 5.9065899658e+02 5.9066497803e+02 5.9067602539e+02 5.9069097900e+02
5.9019702148e+02 5.9016400146e+02 5.9014300537e+02 5.9013299561e+02 5.9012701416e+02 5.9011798096e+02 5.9011297607e+02 5.9011102295e+02 5.9011297607e+02 5.9011700439e+02 5.9015301514e+02 5.9021502686e+02 5.9028100586e+02 5.9034197998e+02 5.9037799072e+02 5.9038201904e+02 5.9036102295e+02 5.9036199951e+02 5.9041302490e+02 5.9048797607e+02 5.9056298828e+02 5.9059100342e+02 5.9057702637e+02 5.9059100342e+02 5.9064398193e+02 5.9064099121e+02 5.9065802002e+02 5.9069000244e+02 5.9072302246e+02 5.9074298096e+02 5.9077398682e+02 5.9081597900e+02 5.9085998535e+02 5.9085797119e+02 5.9083599854e+02 5.9080499268e+02 5.9076599121e+02 5.9070599365e+02 5.9062799072e+02 5.9054901123e+02 5.9049401855e+02 5.9047302246e+02 5.9046197510e+02 5.9045898438e+02 5.9045501709e+02 5.9046099854e+02
5.8998199463e+02 5.8993200684e+02 5.8990197754e+02 5.8989099121e+02 5.8989599609e+02 5.8989300537e+02 5.8989001465e+02 5.8988702393e+02 5.8988397217e+02 5.8988397217e+02 5.8992297363e+02 5.8998699951e+02 5.9004498291e+02 5.9009197998e+02 5.9011999512e+02 5.9013397217e+02 5.9015600586e+02 5.9017199707e+02 5.9020800781e+02 5.9027001953e+02 5.9035498047e+02 5.9039599609e+02 5.9036798096e+02 5.9035900879e+02 5.9039801025e+02 5.9039501953e+02 5.9041302490e+02 5.9044201660e+02 5.9047302246e+02 5.9047998047e+02 5.9051300049e+02 5.9056597900e+02 5.9062298584e+02 5.9062701416e+02 5.9061401367e+02 5.9059100342e+02 5.9055999756e+02 5.9050701904e+02 5.9043701172e+02 5.9036499023e+02 5.9031402588e+02 5.9028997803e+02 5.9027197266e+02 5.9025701904e+02 5.9023797607e+02 5.9023602295e+02
5.8978698730e+02 5.8972698975e+02 5.8968499756e+02 5.8966699219e+02 5.8967297363e+02 5.8967297363e+02 5.8966900635e+02 5.8966302490e+02 5.8964501953e+02 5.8964501953e+02 5.8968701172e+02 5.8974902344e+02 5.8980102539e+02 5.8981799316e+02 5.8983300781e+02 5.8986297607e+02 5.8992700195e+02 5.8995202637e+02 5.8999200439e+02 5.9005999756e+02 5.9015399170e+02 5.9019396973e+02 5.9015899658e+02 5.9013000488e+02 5.9015600586e+02 5.9014398193e+02 5.9014801025e+02 5.9016699219e+02 5.9018701172e+02 5.9022900391e+02 5.9027899170e+02 5.9034100342e+02 5.9040399170e+02 5.9039202881e+02 5.9038397217e+02 5.9037097168e+02 5.9035699463e+02 5.9031597900e+02 5.9025799561e+02 5.9019396973e+02 5.9014801025e+02 5.9011798096e+02 5.9009002686e+02 5.9006298828e+02 5.9002899170e+02 5.9001501465e+02
5.8956701660e+02 5.8952398682e+02 5.8948602295e+02 5.8945898438e+02 5.8943701172e+02 5.8941998291e+02 5.8942602539e+02 5.8943798828e+02 5.8944097900e+02 5.8944598389e+02 5.8948797607e+02 5.8954602051e+02 5.8960498047e+02 5.8961700439e+02 5.8961499023e+02 5.8962200928e+02 5.8966900635e+02 5.8971197510e+02 5.8979302979e+02 5.8988201904e+02 5.8992199707e+02 5.8994500732e+02 5.8992401123e+02 5.8990197754e+02 5.8990002441e+02 5.8987500000e+02 5.8986999512e+02 5.8989099121e+02 5.8993103027e+02 5.8999499512e+02 5.9007397461e+02 5.9014300537e+02 5.9018701172e+02 5.9017700195e+02 5.9016900635e+02 5.9016198730e+02 5.9015600586e+02 5.9013098145e+02 5.9008801270e+02 5.9003497314e+02 5.8998498535e+02 5.8995300293e+02 5.8992102051e+02 5.8988897705e+02 5.8985302734e+02 5.8982598877e+02
5.8934497070e+02 5.8931799316e+02 5.8928399658e+02 5.8925097656e+02 5.8921197510e+02 5.8918298340e+02 5.8919598389e+02 5.8922802734e+02 5.8924902344e+02 5.8926202393e+02 5.8930401611e+02 5.8935998535e+02 5.8941601563e+02 5.8943298340e+02 5.8942199707e+02 5.8941497803e+02 5.8944299316e+02 5.8948101807e+02 5.8955700684e+02 5.8963500977e+02 5.8964898682e+02 5.8965802002e+02 5.8966101074e+02 5.8965600586e+02 5.8962701416e+02 5.8960797119e+02 5.8961700439e+02 5.8964898682e+02 5.8969500732e+02 5.8976501465e+02 5.8984197998e+02 5.8990802002e+02 5.8994201660e+02 5.8993597412e+02 5.8993902588e+02 5.8994500732e+02 5.8995202637e+02 5.8994598389e+02 5.8992102051e+02 5.8988098145e+02 5.8983300781e+02 5.8979901123e+02 5.8976702881e+02 5.8973400879e+02 5.8969500732e+02 5.8966601563e+02
5.8912597656e+02 5.8910601807e+02 5.8907702637e+02 5.8904498291e+02 5.8900402832e+02 5.8896801758e+02 5.8897802734e+02 5.8901202393e+02 5.8904498291e+02 5.8907000732e+02 5.8910900879e+02 5.8915899658e+02 5.8920501709e+02 5.8922302246e+02 5.8921801758e+02 5.8921301270e+02 5.8923602295e+02 5.8925299072e+02 5.8929602051e+02 5.8934997559e+02 5.8936999512e+02 5.8938000488e+02 5.8939898682e+02 5.8940197754e+02 5.8934600830e+02 5.8935198975e+02 5.8938897705e+02 5.8943402100e+02 5.8947399902e+02 5.8952398682e+02 5.8958398438e+02 5.8963500977e+02 5.8966101074e+02 5.8967102051e+02 5.8969396973e+02 5.8972100830e+02 5.8974401855e+02 5.8975598145e+02 5.8975097656e+02 5.8972698975e+02 5.8968597412e+02 5.8965100098e+02 5.8961999512e+02 5.8958801270e+02 5.8954901123e+02 5.8951898193e+02
