TESTSERVER/20/17.asc
NCOLS 100
NROWS 100
XLLCORNER 8.4997500000e+03
YLLCORNER 2.8910025000e+05
CELLSIZE 5.0000000000e-01
NODATA_VALUE -9.9990000000e+03
[rows 40 to 59 of 100, columns 0 to 45 of 100]
5.9007299805e+02 5.9000097656e+02 5.8995697021e+02 5.8996502686e+02 5.8994897461e+02 5.8990100098e+02 5.8985400391e+02 5.8974200439e+02 5.8961401367e+02 5.8947399902e+02 5.8935400391e+02 5.8924499512e+02 5.8914599609e+02 5.8907299805e+02 5.8900500488e+02 5.8900097656e+02 5.8910699463e+02 5.8925201416e+02 5.8932501221e+02 5.8938397217e+02 5.8937402344e+02 5.8935198975e+02 5.8933898926e+02 5.8934197998e+02 5.8931500244e+02 5.8926898193e+02 5.8920397949e+02 5.8911901855e+02 5.8903900146e+02 5.8896502686e+02 5.8890197754e+02 5.8887902832e+02 5.8885797119e+02 5.8884802246e+02 5.8885302734e+02 5.8886901855e+02 5.8888702393e+02 5.8890698242e+02 5.8892797852e+02 5.8891601563e+02 5.8890600586e+02 5.8889398193e+02 5.8888397217e+02 5.8887500000e+02 5.8888098145e+02 5.8889599609e+02
5.8966601563e+02 5.8960498047e+02 5.8959899902e+02 5.8966101074e+02 5.8967999268e+02 5.8966400146e+02 5.8962402344e+02 5.8947198486e+02 5.8929699707e+02 5.8914001465e+02 5.8905102539e+02 5.8895202637e+02 5.8884197998e+02 5.8876800537e+02 5.8874798584e+02 5.8879199219e+02 5.8889300537e+02 5.8905700684e+02 5.8916802979e+02 5.8919000244e+02 5.8911901855e+02 5.8904101563e+02 5.8899102783e+02 5.8898602295e+02 5.8897698975e+02 5.8894799805e+02 5.8889398193e+02 5.8883697510e+02 5.8876098633e+02 5.8868402100e+02 5.8862597656e+02 5.8859100342e+02 5.8857098389e+02 5.8856701660e+02 5.8858300781e+02 5.8860400391e+02 5.8862402344e+02 5.8864801025e+02 5.8867102051e+02 5.8867297363e+02 5.8866802979e+02 5.8866101074e+02 5.8866400146e+02 5.8866601563e+02 5.8866900635e+02 5.8867700195e+02
5.8932202148e+02 5.8927398682e+02 5.8928601074e+02 5.8934698486e+02 5.8936401367e+02 5.8934197998e+02 5.8929797363e+02 5.8915399170e+02 5.8897900391e+02 5.8882501221e+02 5.8873498535e+02 5.8864398193e+02 5.8855902100e+02 5.8852301025e+02 5.8855297852e+02 5.8860498047e+02 5.8870098877e+02 5.8886102295e+02 5.8896099854e+02 5.8892700195e+02 5.8883599854e+02 5.8877099609e+02 5.8871002197e+02 5.8868499756e+02 5.8867199707e+02 5.8864501953e+02 5.8859899902e+02 5.8855999756e+02 5.8849700928e+02 5.8842797852e+02 5.8837500000e+02 5.8833801270e+02 5.8831500244e+02 5.8830902100e+02 5.8832299805e+02 5.8834002686e+02 5.8835900879e+02 5.8838299561e+02 5.8840802002e+02 5.8841699219e+02 5.8841998291e+02 5.8842297363e+02 5.8843402100e+02 5.8844000244e+02 5.8844396973e+02 5.8845202637e+02
5.8900500488e+02 5.8896502686e+02 5.8898699951e+02 5.8902697754e+02 5.8900799561e+02 5.8893798828e+02 5.8886499023e+02 5.8876000977e+02 5.8862500000e+02 5.8850500488e+02 5.8842297363e+02 5.8834301758e+02 5.8830102539e+02 5.8832299805e+02 5.8840100098e+02 5.8846301270e+02 5.8854400635e+02 5.8864202881e+02 5.8867297363e+02 5.8860998535e+02 5.8853997803e+02 5.8851202393e+02 5.8846197510e+02 5.8843701172e+02 5.8841699219e+02 5.8838598633e+02 5.8834100342e+02 5.8831201172e+02 5.8825799561e+02 5.8819500732e+02 5.8814898682e+02 5.8811102295e+02 5.8808197021e+02 5.8806799316e+02 5.8807098389e+02 5.8808099365e+02 5.8809698486e+02 5.8811901855e+02 5.8814300537e+02 5.8815899658e+02 5.8816998291e+02 5.8818103027e+02 5.8819396973e+02 5.8820202637e+02 5.8821002197e+02 5.8822100830e+02
5.8870300293e+02 5.8866998291e+02 5.8869000244e+02 5.8871801758e+02 5.8865899658e+02 5.8854498291e+02 5.8846002197e+02 5.8834197998e+02 5.8825402832e+02 5.8819000244e+02 5.8813201904e+02 5.8810400391e+02 5.8810498047e+02 5.8816400146e+02 5.8825799561e+02 5.8834899902e+02 5.8840600586e+02 5.8842498779e+02 5.8837200928e+02 5.8831201172e+02 5.8827801514e+02 5.8825299072e+02 5.8822399902e+02 5.8821502686e+02 5.8819598389e+02 5.8816101074e+02 5.8812402344e+02 5.8809600830e+02 5.8804400635e+02 5.8798699951e+02 5.8794702148e+02 5.8790399170e+02 5.8786798096e+02 5.8784002686e+02 5.8782000732e+02 5.8782000732e+02 5.8783300781e+02 5.8785797119e+02 5.8789202881e+02 5.8790997314e+02 5.8792797852e+02 5.8794000244e+02 5.8794097900e+02 5.8795001221e+02 5.8796801758e+02 5.8798602295e+02
5.8845898438e+02 5.8844702148e+02 5.8842401123e+02 5.8840600586e+02 5.8830798340e+02 5.8817999268e+02 5.8808502197e+02 5.8798400879e+02 5.8793701172e+02 5.8793298340e+02 5.8795397949e+02 5.8796801758e+02 5.8800402832e+02 5.8806896973e+02 5.8813500977e+02 5.8818200684e+02 5.8820098877e+02 5.8820001221e+02 5.8814898682e+02 5.8809197998e+02 5.8804400635e+02 5.8800097656e+02 5.8798498535e+02 5.8799401855e+02 5.8797998047e+02 5.8794500732e+02 5.8790802002e+02 5.8788800049e+02 5.8784497070e+02 5.8779901123e+02 5.8776397705e+02 5.8771997070e+02 5.8767297363e+02 5.8762701416e+02 5.8758599854e+02 5.8757000732e+02 5.8758599854e+02 5.8762097168e+02 5.8765399170e+02 5.8767498779e+02 5.8769201660e+02 5.8769897461e+02 5.8769396973e+02 5.8769396973e+02 5.8771600342e+02 5.8773797607e+02
5.8819799805e+02 5.8820599365e+02 5.8813201904e+02 5.8804498291e+02 5.8793402100e+02 5.8783502197e+02 5.8778900146e+02 5.8776098633e+02 5.8777697754e+02 5.8782299805e+02 5.8786901855e+02 5.8790600586e+02 5.8795300293e+02 5.8799102783e+02 5.8799200439e+02 5.8795898438e+02 5.8793103027e+02 5.8791198730e+02 5.8788800049e+02 5.8784698486e+02 5.8781298828e+02 5.8777697754e+02 5.8775500488e+02 5.8776501465e+02 5.8775701904e+02 5.8772698975e+02 5.8768298340e+02 5.8766302490e+02 5.8763098145e+02 5.8759600830e+02 5.8756799316e+02 5.8752502441e+02 5.8747497559e+02 5.8741900635e+02 5.8736499023e+02 5.8734899902e+02 5.8736602783e+02 5.8739697266e+02 5.8742297363e+02 5.8743103027e+02 5.8743499756e+02 5.8743499756e+02 5.8742797852e+02 5.8742901611e+02 5.8745397949e+02 5.8748101807e+02
5.8791302490e+02 5.8790899658e+02 5.8780401611e+02 5.8768298340e+02 5.8760900879e+02 5.8759100342e+02 5.8761999512e+02 5.8767297363e+02 5.8773797607e+02 5.8779998779e+02 5.8783599854e+02 5.8786297607e+02 5.8788500977e+02 5.8786901855e+02 5.8780102539e+02 5.8770202637e+02 5.8763201904e+02 5.8760400391e+02 5.8762402344e+02 5.8759301758e+02 5.8758300781e+02 5.8756500244e+02 5.8752502441e+02 5.8752197266e+02 5.8751501465e+02 5.8748999023e+02 5.8744299316e+02 5.8741699219e+02 5.8739001465e+02 5.8736401367e+02 5.8734301758e+02 5.8730798340e+02 5.8726202393e+02 5.8720697021e+02 5.8715002441e+02 5.8713897705e+02 5.8715301514e+02 5.8717797852e+02 5.8719396973e+02 5.8718597412e+02 5.8717401123e+02 5.8716198730e+02 5.8715399170e+02 5.8716198730e+02 5.8719000244e+02 5.8722100830e+02
5.8765899658e+02 5.8758898926e+02 5.8746600342e+02 5.8738500977e+02 5.8736999512e+02 5.8743597412e+02 5.8757202148e+02 5.8765301514e+02 5.8771600342e+02 5.8774200439e+02 5.8776202393e+02 5.8777301025e+02 5.8774597168e+02 5.8767999268e+02 5.8757702637e+02 5.8747900391e+02 5.8739398193e+02 5.8734301758e+02 5.8736901855e+02 5.8735699463e+02 5.8734600830e+02 5.8732897949e+02 5.8728497314e+02 5.8725299072e+02 5.8723999023e+02 5.8722302246e+02 5.8718597412e+02 5.8715399170e+02 5.8713000488e+02 5.8710900879e+02 5.8709698486e+02 5.8707397461e+02 5.8703302002e+02 5.8698699951e+02 5.8693597412e+02 5.8692498779e+02 5.8692999268e+02 5.8694396973e+02 5.8695098877e+02 5.8694799805e+02 5.8692999268e+02 5.8690698242e+02 5.8688897705e+02 5.8690698242e+02 5.8693701172e+02 5.8696801758e+02
5.8741497803e+02 5.8731201172e+02 5.8717999268e+02 5.8714398193e+02 5.8717297363e+02 5.8728601074e+02 5.8746899414e+02 5.8758502197e+02 5.8760400391e+02 5.8757098389e+02 5.8752600098e+02 5.8756701660e+02 5.8756201172e+02 5.8748999023e+02 5.8737500000e+02 5.8732397461e+02 5.8723400879e+02 5.8712597656e+02 5.8712298584e+02 5.8712298584e+02 5.8709802246e+02 5.8706597900e+02 5.8702099609e+02 5.8697802734e+02 5.8696099854e+02 5.8695001221e+02 5.8692700195e+02 5.8689801025e+02 5.8688299561e+02 5.8687701416e+02 5.8686798096e+02 5.8684600830e+02 5.8680700684e+02 5.8676202393e+02 5.8671697998e+02 5.8669396973e+02 5.8668402100e+02 5.8669000244e+02 5.8670599365e+02 5.8670898438e+02 5.8669396973e+02 5.8666601563e+02 5.8663000488e+02 5.8664398193e+02 5.8667401123e+02 5.8670501709e+02
5.8714801025e+02 5.8703002930e+02 5.8690997314e+02 5.8692700195e+02 5.8700299072e+02 5.8714099121e+02 5.8730401611e+02 5.8736401367e+02 5.8734100342e+02 5.8727398682e+02 5.8719396973e+02 5.8724499512e+02 5.8727301025e+02 5.8722900391e+02 5.8712902832e+02 5.8709497070e+02 5.8701702881e+02 5.8690399170e+02 5.8687799072e+02 5.8687597656e+02 5.8684399414e+02 5.8680798340e+02 5.8676702881e+02 5.8672497559e+02 5.8670697021e+02 5.8669500732e+02 5.8666998291e+02 5.8664099121e+02 5.8663299561e+02 5.8663598633e+02 5.8663397217e+02 5.8661499023e+02 5.8658001709e+02 5.8653601074e+02 5.8648901367e+02 5.8646002197e+02 5.8644500732e+02 5.8644598389e+02 5.8646301270e+02 5.8646801758e+02 5.8644799805e+02 5.8641497803e+02 5.8637701416e+02 5.8638397217e+02 5.8640399170e+02 5.8642901611e+02
5.8685302734e+02 5.8672900391e+02 5.8666400146e+02 5.8673297119e+02 5.8683398438e+02 5.8696197510e+02 5.8706298828e+02 5.8705999756e+02 5.8699902344e+02 5.8690899658e+02 5.8682397461e+02 5.8686602783e+02 5.8691302490e+02 5.8690698242e+02 5.8682299805e+02 5.8675897217e+02 5.8671301270e+02 5.8664300537e+02 5.8662500000e+02 5.8661401367e+02 5.8657800293e+02 5.8654498291e+02 5.8651300049e+02 5.8648297119e+02 5.8646697998e+02 5.8645300293e+02 5.8641900635e+02 5.8638598633e+02 5.8638098145e+02 5.8639099121e+02 5.8639398193e+02 5.8638000488e+02 5.8634698486e+02 5.8630297852e+02 5.8625598145e+02 5.8622900391e+02 5.8621502686e+02 5.8621502686e+02 5.8622698975e+02 5.8622399902e+02 5.8619799805e+02 5.8616302490e+02 5.8614001465e+02 5.8614697266e+02 5.8615002441e+02 5.8616497803e+02
5.8659301758e+02 5.8646697998e+02 5.8643499756e+02 5.8655401611e+02 5.8665399170e+02 5.8672601318e+02 5.8672601318e+02 5.8670501709e+02 5.8662500000e+02 5.8653698730e+02 5.8647601318e+02 5.8652301025e+02 5.8656896973e+02 5.8656896973e+02 5.8649798584e+02 5.8643402100e+02 5.8640698242e+02 5.8638098145e+02 5.8636999512e+02 5.8634497070e+02 5.8631201172e+02 5.8628302002e+02 5.8625000000e+02 5.8623699951e+02 5.8622998047e+02 5.8621398926e+02 5.8617700195e+02 5.8613897705e+02 5.8612902832e+02 5.8613800049e+02 5.8615100098e+02 5.8613897705e+02 5.8610699463e+02 5.8606597900e+02 5.8603100586e+02 5.8600897217e+02 5.8599798584e+02 5.8599401855e+02 5.8598199463e+02 5.8597198486e+02 5.8594799805e+02 5.8592401123e+02 5.8593298340e+02 5.8594000244e+02 5.8593200684e+02 5.8593402100e+02
5.8629699707e+02 5.8619500732e+02 5.8623498535e+02 5.8634802246e+02 5.8644299316e+02 5.8648999023e+02 5.8646197510e+02 5.8639501953e+02 5.8632702637e+02 5.8626397705e+02 5.8620800781e+02 5.8624902344e+02 5.8629602051e+02 5.8627001953e+02 5.8619500732e+02 5.8615197754e+02 5.8611798096e+02 5.8609497070e+02 5.8611499023e+02 5.8610198975e+02 5.8607202148e+02 5.8604400635e+02 5.8601800537e+02 5.8601098633e+02 5.8600799561e+02 5.8599499512e+02 5.8594702148e+02 5.8590100098e+02 5.8588299561e+02 5.8588598633e+02 5.8590899658e+02 5.8590698242e+02 5.8588500977e+02 5.8585400391e+02 5.8582000732e+02 5.8579699707e+02 5.8578399658e+02 5.8577502441e+02 5.8575897217e+02 5.8573498535e+02 5.8571801758e+02 5.8570898438e+02 5.8571899414e+02 5.8572399902e+02 5.8572100830e+02 5.8572100830e+02
5.8598999023e+02 5.8592498779e+02 5.8602301025e+02 5.8613897705e+02 5.8621997070e+02 5.8625000000e+02 5.8620800781e+02 5.8613299561e+02 5.8606799316e+02 5.8601397705e+02 5.8597399902e+02 5.8601202393e+02 5.8603802490e+02 5.8599798584e+02 5.8592700195e+02 5.8589300537e+02 5.8586102295e+02 5.8584497070e+02 5.8586901855e+02 5.8586297607e+02 5.8583801270e+02 5.8581201172e+02 5.8578802490e+02 5.8577502441e+02 5.8576702881e+02 5.8575097656e+02 5.8570300293e+02 5.8565600586e+02 5.8564001465e+02 5.8564599609e+02 5.8567199707e+02 5.8568499756e+02 5.8567401123e+02 5.8565100098e+02 5.8561901855e+02 5.8559301758e+02 5.8558099365e+02 5.8557202148e+02 5.8555603027e+02 5.8553198242e+02 5.8551702881e+02 5.8551000977e+02 5.8551898193e+02 5.8552001953e+02 5.8551397705e+02 5.8551202393e+02
5.8574902344e+02 5.8575299072e+02 5.8584100342e+02 5.8593103027e+02 5.8599102783e+02 5.8600201416e+02 5.8595300293e+02 5.8587701416e+02 5.8581298828e+02 5.8576599121e+02 5.8574102783e+02 5.8575201416e+02 5.8574798584e+02 5.8570599365e+02 5.8565997314e+02 5.8563500977e+02 5.8560302734e+02 5.8559497070e+02 5.8561401367e+02 5.8560998535e+02 5.8559399414e+02 5.8557397461e+02 5.8554998779e+02 5.8552600098e+02 5.8551000977e+02 5.8549102783e+02 5.8544897461e+02 5.8541302490e+02 5.8540600586e+02 5.8541601563e+02 5.8544500732e+02 5.8546697998e+02 5.8546502686e+02 5.8544897461e+02 5.8542401123e+02 5.8540197754e+02 5.8539099121e+02 5.8538201904e+02 5.8536901855e+02 5.8534698486e+02 5.8533300781e+02 5.8532501221e+02 5.8533502197e+02 5.8533398438e+02 5.8532501221e+02 5.8532000732e+02
5.8551202393e+02 5.8558502197e+02 5.8566900635e+02 5.8572399902e+02 5.8575000000e+02 5.8573297119e+02 5.8564001465e+02 5.8559197998e+02 5.8554302979e+02 5.8550500488e+02 5.8547601318e+02 5.8545397949e+02 5.8542700195e+02 5.8539697266e+02 5.8537200928e+02 5.8534197998e+02 5.8531500244e+02 5.8531097412e+02 5.8532897949e+02 5.8534802246e+02 5.8534600830e+02 5.8532702637e+02 5.8528900146e+02 5.8526599121e+02 5.8524499512e+02 5.8522698975e+02 5.8520599365e+02 5.8518402100e+02 5.8518597412e+02 5.8519897461e+02 5.8522198486e+02 5.8525201416e+02 5.8525402832e+02 5.8524597168e+02 5.8522497559e+02 5.8521697998e+02 5.8521197510e+02 5.8520501709e+02 5.8519799805e+02 5.8517999268e+02 5.8516699219e+02 5.8515698242e+02 5.8516497803e+02 5.8517102051e+02 5.8516198730e+02 5.8515197754e+02
5.8529400635e+02 5.8537902832e+02 5.8548297119e+02 5.8552398682e+02 5.8551000977e+02 5.8545300293e+02 5.8537097168e+02 5.8531597900e+02 5.8528100586e+02 5.8525201416e+02 5.8521899414e+02 5.8519097900e+02 5.8517797852e+02 5.8516497803e+02 5.8514300537e+02 5.8510699463e+02 5.8507299805e+02 5.8506402588e+02 5.8509399414e+02 5.8511700439e+02 5.8511499023e+02 5.8508502197e+02 5.8504199219e+02 5.8502001953e+02 5.8500201416e+02 5.8499200439e+02 5.8498699951e+02 5.8498199463e+02 5.8498999023e+02 5.8500598145e+02 5.8502697754e+02 5.8503997803e+02 5.8503802490e+02 5.8503100586e+02 5.8502502441e+02 5.8502801514e+02 5.8502801514e+02 5.8502301025e+02 5.8501599121e+02 5.8500701904e+02 5.8500097656e+02 5.8499597168e+02 5.8499798584e+02 5.8500897217e+02 5.8500701904e+02 5.8500201416e+02
5.8512200928e+02 5.8523297119e+02 5.8533398438e+02 5.8534497070e+02 5.8529699707e+02 5.8521398926e+02 5.8512799072e+02 5.8507800293e+02 5.8504498291e+02 5.8501898193e+02 5.8498297119e+02 5.8495501709e+02 5.8495202637e+02 5.8495001221e+02 5.8493103027e+02 5.8488201904e+02 5.8484301758e+02 5.8483099365e+02 5.8486102295e+02 5.8488000488e+02 5.8487500000e+02 5.8484600830e+02 5.8480603027e+02 5.8478997803e+02 5.8478100586e+02 5.8478002930e+02 5.8478900146e+02 5.8479901123e+02 5.8481500244e+02 5.8483599854e+02 5.8485302734e+02 5.8485498047e+02 5.8484698486e+02 5.8483697510e+02 5.8483697510e+02 5.8484698486e+02 5.8484698486e+02 5.8484301758e+02 5.8483697510e+02 5.8483300781e+02 5.8483099365e+02 5.8483197021e+02 5.8483502197e+02 5.8484698486e+02 5.8484997559e+02 5.8484997559e+02
5.8496801758e+02 5.8509301758e+02 5.8517199707e+02 5.8515197754e+02 5.8508197021e+02 5.8498699951e+02 5.8490600586e+02 5.8486102295e+02 5.8483001709e+02 5.8480401611e+02 5.8476599121e+02 5.8473199463e+02 5.8472698975e+02 5.8472998047e+02 5.8472198486e+02 5.8467498779e+02 5.8463299561e+02 5.8461297607e+02 5.8462402344e+02 5.8463098145e+02 5.8462799072e+02 5.8460998535e+02 5.8458197021e+02 5.8457598877e+02 5.8457702637e+02 5.8458599854e+02 5.8460601807e+02 5.8462597656e+02 5.8464801025e+02 5.8467401123e+02 5.8469396973e+02 5.8468902588e+02 5.8467797852e+02 5.8466400146e+02 5.8466400146e+02 5.8467602539e+02 5.8467498779e+02 5.8467102051e+02 5.8466302490e+02 5.8466198730e+02 5.8466497803e+02 5.8467102051e+02 5.8467700195e+02 5.8469000244e+02 5.8469598389e+02 5.8470001221e+02
