TESTSERVER/20/18.asc
NCOLS 100
NROWS 100
XLLCORNER 8.4997500000e+03
YLLCORNER 2.8905025000e+05
CELLSIZE 5.0000000000e-01
NODATA_VALUE -9.9990000000e+03
[rows 40 to 59 of 100, columns 46 to 91 of 100]
5.7248101807e+02 5.7248797607e+02 5.7248999023e+02 5.7251599121e+02 5.7258099365e+02 5.7264501953e+02 5.7266802979e+02 5.7267901611e+02 5.7265600586e+02 5.7260498047e+02 5.7254998779e+02 5.7250000000e+02 5.7245098877e+02 5.7233599854e+02 5.7223797607e+02 5.7217199707e+02 5.7212902832e+02 5.7208001709e+02 5.7203601074e+02 5.7200500488e+02 5.7196398926e+02 5.7193200684e+02 5.7190399170e+02 5.7186401367e+02 5.7179699707e+02 5.7175402832e+02 5.7171502686e+02 5.7167797852e+02 5.7164202881e+02 5.7162597656e+02 5.7158398438e+02 5.7154199219e+02 5.7150897217e+02 5.7151300049e+02 5.7150598145e+02 5.7147698975e+02 5.7144201660e+02 5.7140997314e+02 5.7139398193e+02 5.7137402344e+02 5.7132501221e+02 5.7131402588e+02 5.7129901123e+02 5.7127099609e+02 5.7124200439e+02 5.7120697021e+02
5.7225500488e+02 5.7226599121e+02 5.7227600098e+02 5.7230700684e+02 5.7238098145e+02 5.7249102783e+02 5.7257800293e+02 5.7260400391e+02 5.7256500244e+02 5.7251599121e+02 5.7246301270e+02 5.7240997314e+02 5.7236999512e+02 5.7231896973e+02 5.7226000977e+02 5.7220501709e+02 5.7214202881e+02 5.7209301758e+02 5.7204400635e+02 5.7199298096e+02 5.7193902588e+02 5.7189001465e+02 5.7185400391e+02 5.7181701660e+02 5.7177600098e+02 5.7173101807e+02 5.7169201660e+02 5.7165698242e+02 5.7163500977e+02 5.7161602783e+02 5.7156896973e+02 5.7153100586e+02 5.7149700928e+02 5.7148498535e+02 5.7147100830e+02 5.7144097900e+02 5.7141400146e+02 5.7139300537e+02 5.7137597656e+02 5.7135101318e+02 5.7132098389e+02 5.7130499268e+02 5.7127801514e+02 5.7124298096e+02 5.7121697998e+02 5.7119702148e+02
5.7202301025e+02 5.7204797363e+02 5.7208001709e+02 5.7213299561e+02 5.7221099854e+02 5.7236297607e+02 5.7251800537e+02 5.7256597900e+02 5.7247198486e+02 5.7238897705e+02 5.7234002686e+02 5.7229699707e+02 5.7224597168e+02 5.7220599365e+02 5.7216900635e+02 5.7215502930e+02 5.7212701416e+02 5.7209497070e+02 5.7206500244e+02 5.7202099609e+02 5.7196099854e+02 5.7191497803e+02 5.7187500000e+02 5.7183099365e+02 5.7179400635e+02 5.7175201416e+02 5.7171600342e+02 5.7168200684e+02 5.7165100098e+02 5.7162200928e+02 5.7157800293e+02 5.7154998779e+02 5.7152301025e+02 5.7150299072e+02 5.7148498535e+02 5.7145599365e+02 5.7142999268e+02 5.7140802002e+02 5.7136401367e+02 5.7132800293e+02 5.7132098389e+02 5.7130902100e+02 5.7126898193e+02 5.7121899414e+02 5.7118701172e+02 5.7117797852e+02
5.7178802490e+02 5.7181402588e+02 5.7186401367e+02 5.7194000244e+02 5.7203100586e+02 5.7219299316e+02 5.7239599609e+02 5.7247900391e+02 5.7235498047e+02 5.7222698975e+02 5.7218200684e+02 5.7217297363e+02 5.7213397217e+02 5.7208197021e+02 5.7204901123e+02 5.7206799316e+02 5.7207501221e+02 5.7205401611e+02 5.7204101563e+02 5.7200897217e+02 5.7195697021e+02 5.7192901611e+02 5.7189300537e+02 5.7184100342e+02 5.7180102539e+02 5.7176702881e+02 5.7173797607e+02 5.7170397949e+02 5.7166302490e+02 5.7162902832e+02 5.7158801270e+02 5.7156402588e+02 5.7154400635e+02 5.7152197266e+02 5.7148797607e+02 5.7144500732e+02 5.7140301514e+02 5.7134497070e+02 5.7124798584e+02 5.7120300293e+02 5.7123199463e+02 5.7124102783e+02 5.7121099854e+02 5.7116900635e+02 5.7113702393e+02 5.7111700439e+02
5.7155700684e+02 5.7157000732e+02 5.7161700439e+02 5.7170098877e+02 5.7180700684e+02 5.7192901611e+02 5.7210900879e+02 5.7222100830e+02 5.7217901611e+02 5.7204400635e+02 5.7197399902e+02 5.7196502686e+02 5.7197601318e+02 5.7199102783e+02 5.7196801758e+02 5.7197198486e+02 5.7197601318e+02 5.7196099854e+02 5.7195501709e+02 5.7193200684e+02 5.7188201904e+02 5.7184997559e+02 5.7181402588e+02 5.7177398682e+02 5.7174298096e+02 5.7171502686e+02 5.7168103027e+02 5.7164898682e+02 5.7160302734e+02 5.7155902100e+02 5.7152099609e+02 5.7148901367e+02 5.7142700195e+02 5.7135998535e+02 5.7127502441e+02 5.7120098877e+02 5.7113000488e+02 5.7104602051e+02 5.7091699219e+02 5.7087799072e+02 5.7094396973e+02 5.7099798584e+02 5.7102197266e+02 5.7104101563e+02 5.7102502441e+02 5.7096301270e+02
5.7135101318e+02 5.7137298584e+02 5.7142199707e+02 5.7150000000e+02 5.7159100342e+02 5.7167602539e+02 5.7178997803e+02 5.7186199951e+02 5.7183300781e+02 5.7175000000e+02 5.7171002197e+02 5.7170697021e+02 5.7174298096e+02 5.7186700439e+02 5.7191601563e+02 5.7190899658e+02 5.7189099121e+02 5.7188800049e+02 5.7188702393e+02 5.7186499023e+02 5.7181799316e+02 5.7177301025e+02 5.7173400879e+02 5.7171197510e+02 5.7168902588e+02 5.7165502930e+02 5.7162097168e+02 5.7157800293e+02 5.7147998047e+02 5.7135998535e+02 5.7128698730e+02 5.7123602295e+02 5.7114300537e+02 5.7102197266e+02 5.7089599609e+02 5.7080297852e+02 5.7073498535e+02 5.7065698242e+02 5.7056701660e+02 5.7053997803e+02 5.7057897949e+02 5.7061901855e+02 5.7070202637e+02 5.7079101563e+02 5.7080999756e+02 5.7072998047e+02
5.7114001465e+02 5.7117297363e+02 5.7122399902e+02 5.7129101563e+02 5.7136297607e+02 5.7141900635e+02 5.7149798584e+02 5.7155401611e+02 5.7153302002e+02 5.7145098877e+02 5.7140002441e+02 5.7140802002e+02 5.7148297119e+02 5.7163897705e+02 5.7175500488e+02 5.7183099365e+02 5.7183300781e+02 5.7184301758e+02 5.7185601807e+02 5.7183099365e+02 5.7176702881e+02 5.7169500732e+02 5.7163800049e+02 5.7159997559e+02 5.7156896973e+02 5.7151800537e+02 5.7144799805e+02 5.7137097168e+02 5.7125402832e+02 5.7110400391e+02 5.7102502441e+02 5.7098699951e+02 5.7089697266e+02 5.7073999023e+02 5.7057800293e+02 5.7046398926e+02 5.7039501953e+02 5.7032397461e+02 5.7024401855e+02 5.7021197510e+02 5.7021801758e+02 5.7025000000e+02 5.7034497070e+02 5.7045001221e+02 5.7049902344e+02 5.7046099854e+02
5.7092199707e+02 5.7096002197e+02 5.7101000977e+02 5.7106201172e+02 5.7111499023e+02 5.7115600586e+02 5.7121697998e+02 5.7126800537e+02 5.7126000977e+02 5.7119097900e+02 5.7112402344e+02 5.7111602783e+02 5.7119201660e+02 5.7128802490e+02 5.7138299561e+02 5.7152001953e+02 5.7162298584e+02 5.7168298340e+02 5.7172601318e+02 5.7171600342e+02 5.7164898682e+02 5.7155102539e+02 5.7146502686e+02 5.7139501953e+02 5.7133697510e+02 5.7125402832e+02 5.7115002441e+02 5.7105700684e+02 5.7095898438e+02 5.7082501221e+02 5.7075598145e+02 5.7072998047e+02 5.7066601563e+02 5.7049902344e+02 5.7032598877e+02 5.7019396973e+02 5.7010400391e+02 5.7001202393e+02 5.6992901611e+02 5.6990197754e+02 5.6990997314e+02 5.6995697021e+02 5.7004602051e+02 5.7013098145e+02 5.7017602539e+02 5.7019897461e+02
5.7069000244e+02 5.7073400879e+02 5.7077801514e+02 5.7081701660e+02 5.7084600830e+02 5.7090002441e+02 5.7094897461e+02 5.7098199463e+02 5.7098297119e+02 5.7098199463e+02 5.7094598389e+02 5.7091198730e+02 5.7092901611e+02 5.7096697998e+02 5.7101000977e+02 5.7110998535e+02 5.7121502686e+02 5.7131799316e+02 5.7138702393e+02 5.7140399170e+02 5.7134600830e+02 5.7129602051e+02 5.7120300293e+02 5.7111199951e+02 5.7101800537e+02 5.7092700195e+02 5.7082397461e+02 5.7074401855e+02 5.7067498779e+02 5.7055999756e+02 5.7048901367e+02 5.7044299316e+02 5.7036798096e+02 5.7021697998e+02 5.7006896973e+02 5.6994396973e+02 5.6983197021e+02 5.6972601318e+02 5.6964300537e+02 5.6963201904e+02 5.6966497803e+02 5.6973602295e+02 5.6982702637e+02 5.6989501953e+02 5.6993402100e+02 5.6996398926e+02
5.7047399902e+02 5.7051800537e+02 5.7056097412e+02 5.7058599854e+02 5.7058599854e+02 5.7063000488e+02 5.7069500732e+02 5.7072601318e+02 5.7073498535e+02 5.7076202393e+02 5.7075500488e+02 5.7071899414e+02 5.7070300293e+02 5.7072497559e+02 5.7075402832e+02 5.7081402588e+02 5.7089202881e+02 5.7094500732e+02 5.7098498535e+02 5.7098999023e+02 5.7098400879e+02 5.7096899414e+02 5.7091601563e+02 5.7084600830e+02 5.7075897217e+02 5.7065802002e+02 5.7057000732e+02 5.7049200439e+02 5.7041400146e+02 5.7032897949e+02 5.7025500488e+02 5.7017999268e+02 5.7009301758e+02 5.6995098877e+02 5.6981799316e+02 5.6970202637e+02 5.6960302734e+02 5.6950299072e+02 5.6942901611e+02 5.6940802002e+02 5.6942999268e+02 5.6947900391e+02 5.6956201172e+02 5.6965100098e+02 5.6971697998e+02 5.6975701904e+02
5.7026599121e+02 5.7030700684e+02 5.7035302734e+02 5.7037701416e+02 5.7037200928e+02 5.7039501953e+02 5.7045697021e+02 5.7048901367e+02 5.7049401855e+02 5.7052502441e+02 5.7052301025e+02 5.7048901367e+02 5.7047302246e+02 5.7050299072e+02 5.7054602051e+02 5.7060400391e+02 5.7065100098e+02 5.7067199707e+02 5.7067401123e+02 5.7065600586e+02 5.7065399170e+02 5.7065997314e+02 5.7063201904e+02 5.7058502197e+02 5.7052801514e+02 5.7043701172e+02 5.7033697510e+02 5.7024700928e+02 5.7015899658e+02 5.7008001709e+02 5.6998699951e+02 5.6988397217e+02 5.6977697754e+02 5.6966699219e+02 5.6957098389e+02 5.6947698975e+02 5.6939898682e+02 5.6931402588e+02 5.6925000000e+02 5.6921697998e+02 5.6920800781e+02 5.6922900391e+02 5.6929699707e+02 5.6939599609e+02 5.6948901367e+02 5.6954901123e+02
5.7005902100e+02 5.7009802246e+02 5.7014501953e+02 5.7017602539e+02 5.7018597412e+02 5.7019201660e+02 5.7023199463e+02 5.7025799561e+02 5.7026898193e+02 5.7028997803e+02 5.7029602051e+02 5.7029498291e+02 5.7030297852e+02 5.7032598877e+02 5.7037097168e+02 5.7042700195e+02 5.7045599365e+02 5.7046002197e+02 5.7044000244e+02 5.7040502930e+02 5.7039001465e+02 5.7039099121e+02 5.7036798096e+02 5.7033001709e+02 5.7029199219e+02 5.7020397949e+02 5.7009002686e+02 5.6999499512e+02 5.6991601563e+02 5.6983001709e+02 5.6971697998e+02 5.6959997559e+02 5.6950402832e+02 5.6944000244e+02 5.6936297607e+02 5.6927697754e+02 5.6921398926e+02 5.6913397217e+02 5.6907702637e+02 5.6903601074e+02 5.6900097656e+02 5.6900598145e+02 5.6906298828e+02 5.6915802002e+02 5.6925701904e+02 5.6933898926e+02
5.6986297607e+02 5.6989099121e+02 5.6993103027e+02 5.6997100830e+02 5.7000097656e+02 5.6998602295e+02 5.6999700928e+02 5.7002502441e+02 5.7005499268e+02 5.7004498291e+02 5.7005297852e+02 5.7009600830e+02 5.7016101074e+02 5.7019500732e+02 5.7020599365e+02 5.7023101807e+02 5.7025097656e+02 5.7025598145e+02 5.7023699951e+02 5.7019799805e+02 5.7016497803e+02 5.7015899658e+02 5.7012500000e+02 5.7007897949e+02 5.7003802490e+02 5.6994097900e+02 5.6985900879e+02 5.6978997803e+02 5.6972302246e+02 5.6961199951e+02 5.6948297119e+02 5.6936999512e+02 5.6929699707e+02 5.6922998047e+02 5.6915600586e+02 5.6907598877e+02 5.6900201416e+02 5.6892700195e+02 5.6886901855e+02 5.6883001709e+02 5.6880700684e+02 5.6882000732e+02 5.6887200928e+02 5.6895397949e+02 5.6904699707e+02 5.6914300537e+02
5.6968499756e+02 5.6971502686e+02 5.6974499512e+02 5.6978198242e+02 5.6980401611e+02 5.6979998779e+02 5.6980401611e+02 5.6980902100e+02 5.6980603027e+02 5.6982098389e+02 5.6984600830e+02 5.6989202881e+02 5.6995697021e+02 5.7001800537e+02 5.7002899170e+02 5.7003100586e+02 5.7004498291e+02 5.7002801514e+02 5.7001202393e+02 5.6998498535e+02 5.6995300293e+02 5.6993402100e+02 5.6989697266e+02 5.6983898926e+02 5.6979400635e+02 5.6971600342e+02 5.6964099121e+02 5.6958099365e+02 5.6952899170e+02 5.6943298340e+02 5.6930200195e+02 5.6919000244e+02 5.6911700439e+02 5.6904602051e+02 5.6898199463e+02 5.6890698242e+02 5.6882000732e+02 5.6874102783e+02 5.6868597412e+02 5.6863800049e+02 5.6860797119e+02 5.6862902832e+02 5.6867797852e+02 5.6876501465e+02 5.6886199951e+02 5.6897302246e+02
5.6950598145e+02 5.6951800537e+02 5.6954400635e+02 5.6957501221e+02 5.6958001709e+02 5.6958398438e+02 5.6957897949e+02 5.6957202148e+02 5.6957098389e+02 5.6960400391e+02 5.6964300537e+02 5.6967797852e+02 5.6972601318e+02 5.6980200195e+02 5.6982299805e+02 5.6982702637e+02 5.6983398438e+02 5.6979901123e+02 5.6977801514e+02 5.6976501465e+02 5.6974597168e+02 5.6971899414e+02 5.6968103027e+02 5.6962701416e+02 5.6958099365e+02 5.6952099609e+02 5.6943597412e+02 5.6935900879e+02 5.6931201172e+02 5.6924102783e+02 5.6911700439e+02 5.6900097656e+02 5.6893402100e+02 5.6886901855e+02 5.6881097412e+02 5.6874200439e+02 5.6865399170e+02 5.6857598877e+02 5.6852001953e+02 5.6846398926e+02 5.6841998291e+02 5.6844000244e+02 5.6848797607e+02 5.6857702637e+02 5.6868798828e+02 5.6880603027e+02
5.6932800293e+02 5.6932598877e+02 5.6934997559e+02 5.6937200928e+02 5.6936102295e+02 5.6936102295e+02 5.6935400391e+02 5.6935900879e+02 5.6937500000e+02 5.6939801025e+02 5.6943103027e+02 5.6945397949e+02 5.6948901367e+02 5.6957000732e+02 5.6960302734e+02 5.6961700439e+02 5.6962500000e+02 5.6958502197e+02 5.6955798340e+02 5.6953900146e+02 5.6950897217e+02 5.6947698975e+02 5.6945599365e+02 5.6942401123e+02 5.6938201904e+02 5.6933801270e+02 5.6924700928e+02 5.6914801025e+02 5.6909301758e+02 5.6903601074e+02 5.6891998291e+02 5.6879901123e+02 5.6872601318e+02 5.6865802002e+02 5.6860400391e+02 5.6854699707e+02 5.6847698975e+02 5.6839898682e+02 5.6834100342e+02 5.6829101563e+02 5.6825500488e+02 5.6827801514e+02 5.6832202148e+02 5.6840997314e+02 5.6852099609e+02 5.6863702393e+02
5.6913000488e+02 5.6914501953e+02 5.6917102051e+02 5.6918402100e+02 5.6915698242e+02 5.6916101074e+02 5.6916900635e+02 5.6919702148e+02 5.6922302246e+02 5.6922698975e+02 5.6924298096e+02 5.6925897217e+02 5.6928399658e+02 5.6932202148e+02 5.6935198975e+02 5.6937298584e+02 5.6936602783e+02 5.6935400391e+02 5.6932897949e+02 5.6929498291e+02 5.6926098633e+02 5.6919097900e+02 5.6919702148e+02 5.6920300293e+02 5.6915997314e+02 5.6912200928e+02 5.6903900146e+02 5.6893597412e+02 5.6887097168e+02 5.6878497314e+02 5.6868103027e+02 5.6857800293e+02 5.6850201416e+02 5.6844500732e+02 5.6838598633e+02 5.6834002686e+02 5.6829699707e+02 5.6820697021e+02 5.6815698242e+02 5.6813098145e+02 5.6810998535e+02 5.6814501953e+02 5.6818103027e+02 5.6825000000e+02 5.6834698486e+02 5.6846301270e+02
5.6893798828e+02 5.6892498779e+02 5.6895098877e+02 5.6898498535e+02 5.6899298096e+02 5.6899700928e+02 5.6898602295e+02 5.6899298096e+02 5.6901599121e+02 5.6902197266e+02 5.6903100586e+02 5.6904998779e+02 5.6906896973e+02 5.6907397461e+02 5.6908001709e+02 5.6909301758e+02 5.6910302734e+02 5.6909497070e+02 5.6907897949e+02 5.6905499268e+02 5.6903198242e+02 5.6899102783e+02 5.6898699951e+02 5.6898602295e+02 5.6894201660e+02 5.6890197754e+02 5.6882800293e+02 5.6872302246e+02 5.6863000488e+02 5.6853198242e+02 5.6844702148e+02 5.6836999512e+02 5.6829602051e+02 5.6823901367e+02 5.6817401123e+02 5.6812200928e+02 5.6806597900e+02 5.6799700928e+02 5.6796997070e+02 5.6796899414e+02 5.6797497559e+02 5.6802899170e+02 5.6805798340e+02 5.6809399414e+02 5.6815698242e+02 5.6827001953e+02
5.6876599121e+02 5.6873797607e+02 5.6875299072e+02 5.6878900146e+02 5.6880499268e+02 5.6881597900e+02 5.6881597900e+02 5.6881597900e+02 5.6882299805e+02 5.6882598877e+02 5.6882598877e+02 5.6884497070e+02 5.6885302734e+02 5.6884899902e+02 5.6884100342e+02 5.6884197998e+02 5.6885699463e+02 5.6885998535e+02 5.6884899902e+02 5.6882897949e+02 5.6882202148e+02 5.6881298828e+02 5.6879498291e+02 5.6876599121e+02 5.6870898438e+02 5.6867901611e+02 5.6861999512e+02 5.6851599121e+02 5.6841101074e+02 5.6831402588e+02 5.6822601318e+02 5.6814398193e+02 5.6806402588e+02 5.6799298096e+02 5.6792901611e+02 5.6788500977e+02 5.6784301758e+02 5.6781201172e+02 5.6779699707e+02 5.6780297852e+02 5.6782000732e+02 5.6786700439e+02 5.6790399170e+02 5.6794201660e+02 5.6800201416e+02 5.6811199951e+02
5.6861999512e+02 5.6860198975e+02 5.6860699463e+02 5.6862402344e+02 5.6862200928e+02 5.6863702393e+02 5.6865301514e+02 5.6865600586e+02 5.6865698242e+02 5.6865197754e+02 5.6863800049e+02 5.6864898682e+02 5.6864099121e+02 5.6864501953e+02 5.6863500977e+02 5.6862597656e+02 5.6863500977e+02 5.6864599609e+02 5.6863299561e+02 5.6860699463e+02 5.6859100342e+02 5.6859301758e+02 5.6856701660e+02 5.6852600098e+02 5.6847399902e+02 5.6844500732e+02 5.6839801025e+02 5.6830499268e+02 5.6820697021e+02 5.6810998535e+02 5.6801202393e+02 5.6792498779e+02 5.6785101318e+02 5.6776800537e+02 5.6770098877e+02 5.6767102051e+02 5.6765100098e+02 5.6764202881e+02 5.6763000488e+02 5.6763397217e+02 5.6765502930e+02 5.6768902588e+02 5.6773602295e+02 5.6779400635e+02 5.6786199951e+02 5.6795800781e+02
