TESTSERVER/20/18.asc
NCOLS 100
NROWS 100
XLLCORNER 8.4997500000e+03
YLLCORNER 2.8905025000e+05
CELLSIZE 5.0000000000e-01
NODATA_VALUE -9.9990000000e+03
[rows 60 to 79 of 100, columns 46 to 91 of 100]
5.6845397949e+02 5.6847998047e+02 5.6849597168e+02 5.6849298096e+02 5.6848602295e+02 5.6849499512e+02 5.6849499512e+02 5.6849102783e+02 5.6849298096e+02 5.6847399902e+02 5.6844396973e+02 5.6844000244e+02 5.6842498779e+02 5.6844097900e+02 5.6843402100e+02 5.6841900635e+02 5.6841601563e+02 5.6841497803e+02 5.6840399170e+02 5.6837701416e+02 5.6834197998e+02 5.6836199951e+02 5.6833502197e+02 5.6829699707e+02 5.6826098633e+02 5.6821099854e+02 5.6815997314e+02 5.6808502197e+02 5.6801000977e+02 5.6791101074e+02 5.6780603027e+02 5.6772802734e+02 5.6767401123e+02 5.6759301758e+02 5.6751501465e+02 5.6748498535e+02 5.6748101807e+02 5.6746502686e+02 5.6744299316e+02 5.6745098877e+02 5.6746502686e+02 5.6747900391e+02 5.6753198242e+02 5.6761499023e+02 5.6770098877e+02 5.6777502441e+02
5.6826098633e+02 5.6829101563e+02 5.6831701660e+02 5.6830700684e+02 5.6829400635e+02 5.6830999756e+02 5.6830603027e+02 5.6830603027e+02 5.6830700684e+02 5.6827600098e+02 5.6824401855e+02 5.6823797607e+02 5.6820697021e+02 5.6822100830e+02 5.6822198486e+02 5.6821801758e+02 5.6822698975e+02 5.6820501709e+02 5.6818902588e+02 5.6817199707e+02 5.6814099121e+02 5.6814099121e+02 5.6811798096e+02 5.6808099365e+02 5.6803900146e+02 5.6798297119e+02 5.6793200684e+02 5.6787402344e+02 5.6781701660e+02 5.6770800781e+02 5.6759600830e+02 5.6752197266e+02 5.6747302246e+02 5.6740399170e+02 5.6734100342e+02 5.6731799316e+02 5.6731097412e+02 5.6728900146e+02 5.6727001953e+02 5.6728900146e+02 5.6729199219e+02 5.6728802490e+02 5.6733300781e+02 5.6740997314e+02 5.6749102783e+02 5.6755902100e+02
5.6809997559e+02 5.6811199951e+02 5.6811700439e+02 5.6809997559e+02 5.6809497070e+02 5.6810101318e+02 5.6808697510e+02 5.6808001709e+02 5.6807598877e+02 5.6805999756e+02 5.6804602051e+02 5.6804302979e+02 5.6799499512e+02 5.6799597168e+02 5.6799597168e+02 5.6800097656e+02 5.6801898193e+02 5.6799499512e+02 5.6797698975e+02 5.6796301270e+02 5.6793200684e+02 5.6791900635e+02 5.6790100098e+02 5.6786602783e+02 5.6781298828e+02 5.6775402832e+02 5.6769396973e+02 5.6763397217e+02 5.6758300781e+02 5.6748199463e+02 5.6738897705e+02 5.6733697510e+02 5.6728100586e+02 5.6720697021e+02 5.6715600586e+02 5.6714099121e+02 5.6713500977e+02 5.6711798096e+02 5.6710498047e+02 5.6711700439e+02 5.6710998535e+02 5.6710198975e+02 5.6713702393e+02 5.6719897461e+02 5.6726702881e+02 5.6733502197e+02
5.6791400146e+02 5.6792102051e+02 5.6791601563e+02 5.6789599609e+02 5.6789300537e+02 5.6788702393e+02 5.6786297607e+02 5.6784301758e+02 5.6783001709e+02 5.6782897949e+02 5.6781799316e+02 5.6780499268e+02 5.6776202393e+02 5.6774597168e+02 5.6773699951e+02 5.6774401855e+02 5.6776501465e+02 5.6775598145e+02 5.6774499512e+02 5.6772900391e+02 5.6769500732e+02 5.6767999268e+02 5.6766802979e+02 5.6763702393e+02 5.6758300781e+02 5.6752697754e+02 5.6745098877e+02 5.6737597656e+02 5.6731896973e+02 5.6724597168e+02 5.6717797852e+02 5.6713098145e+02 5.6706799316e+02 5.6701800537e+02 5.6698400879e+02 5.6696697998e+02 5.6694500732e+02 5.6691998291e+02 5.6691302490e+02 5.6691497803e+02 5.6690002441e+02 5.6689697266e+02 5.6692602539e+02 5.6697802734e+02 5.6703302002e+02 5.6710198975e+02
5.6765802002e+02 5.6769201660e+02 5.6770300293e+02 5.6768902588e+02 5.6768402100e+02 5.6768499756e+02 5.6766497803e+02 5.6763897705e+02 5.6762799072e+02 5.6761901855e+02 5.6759100342e+02 5.6755798340e+02 5.6752502441e+02 5.6749798584e+02 5.6747698975e+02 5.6747998047e+02 5.6751599121e+02 5.6749902344e+02 5.6749401855e+02 5.6748199463e+02 5.6744799805e+02 5.6743798828e+02 5.6742498779e+02 5.6739697266e+02 5.6736901855e+02 5.6732501221e+02 5.6724597168e+02 5.6715802002e+02 5.6709100342e+02 5.6703002930e+02 5.6697399902e+02 5.6691198730e+02 5.6685797119e+02 5.6685400391e+02 5.6684002686e+02 5.6680200195e+02 5.6675500488e+02 5.6672302246e+02 5.6672198486e+02 5.6671197510e+02 5.6667297363e+02 5.6669201660e+02 5.6672198486e+02 5.6675701904e+02 5.6679998779e+02 5.6685998535e+02
5.6743798828e+02 5.6748297119e+02 5.6750799561e+02 5.6750799561e+02 5.6748797607e+02 5.6748199463e+02 5.6746099854e+02 5.6744799805e+02 5.6744097900e+02 5.6742602539e+02 5.6740100098e+02 5.6736700439e+02 5.6733001709e+02 5.6730999756e+02 5.6729998779e+02 5.6730200195e+02 5.6730297852e+02 5.6728002930e+02 5.6727301025e+02 5.6727001953e+02 5.6725402832e+02 5.6721600342e+02 5.6719097900e+02 5.6715899658e+02 5.6711602783e+02 5.6707202148e+02 5.6699102783e+02 5.6689501953e+02 5.6684100342e+02 5.6677398682e+02 5.6673901367e+02 5.6671197510e+02 5.6668200684e+02 5.6668200684e+02 5.6665997314e+02 5.6661102295e+02 5.6656298828e+02 5.6652600098e+02 5.6651898193e+02 5.6651202393e+02 5.6649102783e+02 5.6650097656e+02 5.6652099609e+02 5.6655102539e+02 5.6659197998e+02 5.6662902832e+02
5.6724902344e+02 5.6726702881e+02 5.6727398682e+02 5.6728100586e+02 5.6727001953e+02 5.6725097656e+02 5.6723797607e+02 5.6723699951e+02 5.6722497559e+02 5.6720098877e+02 5.6717797852e+02 5.6714801025e+02 5.6710797119e+02 5.6708398438e+02 5.6708300781e+02 5.6708801270e+02 5.6708099365e+02 5.6708197021e+02 5.6707501221e+02 5.6706597900e+02 5.6705102539e+02 5.6702197266e+02 5.6698999023e+02 5.6694702148e+02 5.6688897705e+02 5.6681896973e+02 5.6675500488e+02 5.6665899658e+02 5.6658697510e+02 5.6651800537e+02 5.6649499512e+02 5.6648797607e+02 5.6647399902e+02 5.6648400879e+02 5.6646697998e+02 5.6642401123e+02 5.6639398193e+02 5.6634600830e+02 5.6632202148e+02 5.6632397461e+02 5.6632202148e+02 5.6630603027e+02 5.6630102539e+02 5.6632299805e+02 5.6635900879e+02 5.6637597656e+02
5.6705700684e+02 5.6704797363e+02 5.6702600098e+02 5.6702600098e+02 5.6703802490e+02 5.6701702881e+02 5.6700299072e+02 5.6699798584e+02 5.6696997070e+02 5.6693902588e+02 5.6692797852e+02 5.6691302490e+02 5.6688299561e+02 5.6686602783e+02 5.6687200928e+02 5.6686602783e+02 5.6683898926e+02 5.6685101318e+02 5.6685101318e+02 5.6683697510e+02 5.6681896973e+02 5.6680297852e+02 5.6677899170e+02 5.6674499512e+02 5.6670599365e+02 5.6664001465e+02 5.6659301758e+02 5.6650000000e+02 5.6639202881e+02 5.6630603027e+02 5.6626202393e+02 5.6624298096e+02 5.6623297119e+02 5.6625799561e+02 5.6624597168e+02 5.6621099854e+02 5.6620202637e+02 5.6615100098e+02 5.6612701416e+02 5.6613598633e+02 5.6613702393e+02 5.6610998535e+02 5.6607800293e+02 5.6608099365e+02 5.6610498047e+02 5.6610900879e+02
5.6684497070e+02 5.6684600830e+02 5.6682098389e+02 5.6680200195e+02 5.6680200195e+02 5.6678698730e+02 5.6677099609e+02 5.6674902344e+02 5.6671099854e+02 5.6667700195e+02 5.6667797852e+02 5.6667797852e+02 5.6664398193e+02 5.6663397217e+02 5.6665600586e+02 5.6665002441e+02 5.6661499023e+02 5.6661602783e+02 5.6661999512e+02 5.6660699463e+02 5.6657000732e+02 5.6655102539e+02 5.6653100586e+02 5.6650000000e+02 5.6646099854e+02 5.6642102051e+02 5.6636999512e+02 5.6628698730e+02 5.6620202637e+02 5.6611199951e+02 5.6603198242e+02 5.6598400879e+02 5.6598101807e+02 5.6599499512e+02 5.6597998047e+02 5.6595800781e+02 5.6596398926e+02 5.6595898438e+02 5.6595898438e+02 5.6596398926e+02 5.6594598389e+02 5.6590997314e+02 5.6587799072e+02 5.6586102295e+02 5.6586901855e+02 5.6587799072e+02
5.6659698486e+02 5.6661297607e+02 5.6661102295e+02 5.6659197998e+02 5.6657702637e+02 5.6657098389e+02 5.6655603027e+02 5.6652301025e+02 5.6649700928e+02 5.6646197510e+02 5.6644299316e+02 5.6643499756e+02 5.6640100098e+02 5.6639099121e+02 5.6641497803e+02 5.6642102051e+02 5.6640301514e+02 5.6639697266e+02 5.6639099121e+02 5.6636401367e+02 5.6631500244e+02 5.6629901123e+02 5.6626702881e+02 5.6623199463e+02 5.6622698975e+02 5.6618798828e+02 5.6612298584e+02 5.6604101563e+02 5.6597302246e+02 5.6591900635e+02 5.6583801270e+02 5.6578698730e+02 5.6579101563e+02 5.6576702881e+02 5.6575000000e+02 5.6574401855e+02 5.6576397705e+02 5.6577301025e+02 5.6577001953e+02 5.6576397705e+02 5.6571997070e+02 5.6568902588e+02 5.6568103027e+02 5.6568200684e+02 5.6569598389e+02 5.6571398926e+02
5.6635498047e+02 5.6636199951e+02 5.6636798096e+02 5.6636401367e+02 5.6636401367e+02 5.6636901855e+02 5.6634497070e+02 5.6629699707e+02 5.6627600098e+02 5.6625500488e+02 5.6622497559e+02 5.6620599365e+02 5.6618499756e+02 5.6618298340e+02 5.6619299316e+02 5.6619396973e+02 5.6618402100e+02 5.6617102051e+02 5.6615301514e+02 5.6611700439e+02 5.6607598877e+02 5.6605297852e+02 5.6602099609e+02 5.6600299072e+02 5.6600701904e+02 5.6594500732e+02 5.6589099121e+02 5.6582897949e+02 5.6576202393e+02 5.6571899414e+02 5.6564801025e+02 5.6558697510e+02 5.6559002686e+02 5.6558502197e+02 5.6557202148e+02 5.6555603027e+02 5.6555297852e+02 5.6554797363e+02 5.6554998779e+02 5.6554400635e+02 5.6551202393e+02 5.6549597168e+02 5.6550402832e+02 5.6552899170e+02 5.6554101563e+02 5.6555902100e+02
5.6614398193e+02 5.6613098145e+02 5.6612701416e+02 5.6613397217e+02 5.6614599609e+02 5.6616101074e+02 5.6613897705e+02 5.6609002686e+02 5.6606402588e+02 5.6604998779e+02 5.6601397705e+02 5.6598498535e+02 5.6597399902e+02 5.6597302246e+02 5.6597302246e+02 5.6596600342e+02 5.6595599365e+02 5.6593200684e+02 5.6590802002e+02 5.6587402344e+02 5.6584399414e+02 5.6582299805e+02 5.6580102539e+02 5.6578399658e+02 5.6577600098e+02 5.6571301270e+02 5.6567797852e+02 5.6562701416e+02 5.6555902100e+02 5.6551800537e+02 5.6546697998e+02 5.6540802002e+02 5.6539501953e+02 5.6539300537e+02 5.6537597656e+02 5.6534698486e+02 5.6533398438e+02 5.6532202148e+02 5.6532397461e+02 5.6532202148e+02 5.6532598877e+02 5.6531201172e+02 5.6533099365e+02 5.6538098145e+02 5.6538800049e+02 5.6539801025e+02
5.6593499756e+02 5.6590802002e+02 5.6588397217e+02 5.6589300537e+02 5.6591699219e+02 5.6593200684e+02 5.6592700195e+02 5.6590002441e+02 5.6587097168e+02 5.6583197021e+02 5.6579199219e+02 5.6577099609e+02 5.6577801514e+02 5.6575000000e+02 5.6573797607e+02 5.6573101807e+02 5.6571899414e+02 5.6568798828e+02 5.6566400146e+02 5.6563897705e+02 5.6561798096e+02 5.6561102295e+02 5.6559899902e+02 5.6557202148e+02 5.6554302979e+02 5.6550500488e+02 5.6546997070e+02 5.6542102051e+02 5.6538201904e+02 5.6533697510e+02 5.6529602051e+02 5.6524298096e+02 5.6521997070e+02 5.6521697998e+02 5.6518798828e+02 5.6514398193e+02 5.6511901855e+02 5.6511401367e+02 5.6511102295e+02 5.6511700439e+02 5.6516400146e+02 5.6514398193e+02 5.6515002441e+02 5.6519299316e+02 5.6521600342e+02 5.6524902344e+02
5.6569097900e+02 5.6569000244e+02 5.6567797852e+02 5.6567602539e+02 5.6569702148e+02 5.6569598389e+02 5.6567297363e+02 5.6564599609e+02 5.6563299561e+02 5.6560498047e+02 5.6557598877e+02 5.6555401611e+02 5.6554498291e+02 5.6553302002e+02 5.6552301025e+02 5.6550500488e+02 5.6546600342e+02 5.6545800781e+02 5.6544897461e+02 5.6541802979e+02 5.6537402344e+02 5.6537200928e+02 5.6536401367e+02 5.6533398438e+02 5.6530902100e+02 5.6527502441e+02 5.6525701904e+02 5.6523297119e+02 5.6518701172e+02 5.6514300537e+02 5.6509600830e+02 5.6504302979e+02 5.6502899170e+02 5.6503497314e+02 5.6501800537e+02 5.6497302246e+02 5.6494097900e+02 5.6491802979e+02 5.6489697266e+02 5.6490197754e+02 5.6495599365e+02 5.6495800781e+02 5.6496197510e+02 5.6499499512e+02 5.6503601074e+02 5.6510101318e+02
5.6548101807e+02 5.6549102783e+02 5.6548901367e+02 5.6547698975e+02 5.6546697998e+02 5.6545501709e+02 5.6542797852e+02 5.6540997314e+02 5.6539300537e+02 5.6535101318e+02 5.6532202148e+02 5.6529602051e+02 5.6529400635e+02 5.6529302979e+02 5.6527697754e+02 5.6524499512e+02 5.6520397949e+02 5.6519598389e+02 5.6519702148e+02 5.6518103027e+02 5.6515100098e+02 5.6515600586e+02 5.6512701416e+02 5.6508801270e+02 5.6508697510e+02 5.6505401611e+02 5.6504101563e+02 5.6503399658e+02 5.6499700928e+02 5.6494201660e+02 5.6490100098e+02 5.6486499023e+02 5.6484497070e+02 5.6484399414e+02 5.6483502197e+02 5.6479699707e+02 5.6475701904e+02 5.6472601318e+02 5.6470300293e+02 5.6470898438e+02 5.6476098633e+02 5.6478399658e+02 5.6478997803e+02 5.6482299805e+02 5.6486700439e+02 5.6491900635e+02
5.6526599121e+02 5.6526397705e+02 5.6526300049e+02 5.6524597168e+02 5.6521997070e+02 5.6521197510e+02 5.6519097900e+02 5.6518103027e+02 5.6516497803e+02 5.6511700439e+02 5.6508599854e+02 5.6505999756e+02 5.6506799316e+02 5.6504901123e+02 5.6501800537e+02 5.6498797607e+02 5.6496997070e+02 5.6496600342e+02 5.6496600342e+02 5.6495098877e+02 5.6492602539e+02 5.6492602539e+02 5.6490600586e+02 5.6487200928e+02 5.6486901855e+02 5.6483898926e+02 5.6481896973e+02 5.6481500244e+02 5.6478997803e+02 5.6473400879e+02 5.6470501709e+02 5.6468701172e+02 5.6465100098e+02 5.6463598633e+02 5.6463201904e+02 5.6460601807e+02 5.6456799316e+02 5.6455700684e+02 5.6454400635e+02 5.6454400635e+02 5.6458001709e+02 5.6460302734e+02 5.6460699463e+02 5.6463800049e+02 5.6468298340e+02 5.6472601318e+02
5.6500701904e+02 5.6500299072e+02 5.6500402832e+02 5.6498999023e+02 5.6497802734e+02 5.6498297119e+02 5.6495898438e+02 5.6494201660e+02 5.6493200684e+02 5.6490002441e+02 5.6487097168e+02 5.6484997559e+02 5.6484497070e+02 5.6480902100e+02 5.6477398682e+02 5.6475299072e+02 5.6475000000e+02 5.6474798584e+02 5.6475598145e+02 5.6473498535e+02 5.6470098877e+02 5.6469201660e+02 5.6468701172e+02 5.6467102051e+02 5.6464898682e+02 5.6460998535e+02 5.6457598877e+02 5.6457702637e+02 5.6457800293e+02 5.6451800537e+02 5.6448400879e+02 5.6446600342e+02 5.6444500732e+02 5.6444000244e+02 5.6442602539e+02 5.6439697266e+02 5.6436199951e+02 5.6438098145e+02 5.6437298584e+02 5.6435900879e+02 5.6436901855e+02 5.6441101074e+02 5.6442700195e+02 5.6445898438e+02 5.6451702881e+02 5.6455297852e+02
5.6478100586e+02 5.6477398682e+02 5.6477600098e+02 5.6475402832e+02 5.6473901367e+02 5.6474700928e+02 5.6473699951e+02 5.6471697998e+02 5.6469097900e+02 5.6465399170e+02 5.6462902832e+02 5.6461999512e+02 5.6461901855e+02 5.6458697510e+02 5.6455798340e+02 5.6454797363e+02 5.6455499268e+02 5.6453802490e+02 5.6453100586e+02 5.6450701904e+02 5.6446301270e+02 5.6444500732e+02 5.6441900635e+02 5.6439898682e+02 5.6438299561e+02 5.6436199951e+02 5.6434197998e+02 5.6435198975e+02 5.6435400391e+02 5.6433197021e+02 5.6430297852e+02 5.6428002930e+02 5.6427001953e+02 5.6425598145e+02 5.6423400879e+02 5.6420800781e+02 5.6417602539e+02 5.6417797852e+02 5.6416601563e+02 5.6415997314e+02 5.6417602539e+02 5.6421398926e+02 5.6424902344e+02 5.6429199219e+02 5.6433300781e+02 5.6437097168e+02
5.6454302979e+02 5.6452398682e+02 5.6450402832e+02 5.6448797607e+02 5.6448797607e+02 5.6449499512e+02 5.6449798584e+02 5.6448101807e+02 5.6445001221e+02 5.6441101074e+02 5.6438201904e+02 5.6438000488e+02 5.6439398193e+02 5.6437799072e+02 5.6435101318e+02 5.6433599854e+02 5.6434197998e+02 5.6432598877e+02 5.6428399658e+02 5.6423699951e+02 5.6420098877e+02 5.6419897461e+02 5.6417797852e+02 5.6415002441e+02 5.6412597656e+02 5.6411297607e+02 5.6410699463e+02 5.6411499023e+02 5.6411401367e+02 5.6411798096e+02 5.6409997559e+02 5.6407598877e+02 5.6407501221e+02 5.6404498291e+02 5.6402197266e+02 5.6401202393e+02 5.6398699951e+02 5.6397198486e+02 5.6395898438e+02 5.6397698975e+02 5.6401702881e+02 5.6404901123e+02 5.6407501221e+02 5.6411102295e+02 5.6414599609e+02 5.6418597412e+02
5.6429302979e+02 5.6428698730e+02 5.6425402832e+02 5.6424700928e+02 5.6426898193e+02 5.6427197266e+02 5.6425299072e+02 5.6422100830e+02 5.6419598389e+02 5.6416101074e+02 5.6413397217e+02 5.6413598633e+02 5.6415100098e+02 5.6415502930e+02 5.6413397217e+02 5.6410601807e+02 5.6409002686e+02 5.6409997559e+02 5.6404797363e+02 5.6398901367e+02 5.6396801758e+02 5.6397998047e+02 5.6396697998e+02 5.6393103027e+02 5.6389099121e+02 5.6387701416e+02 5.6387402344e+02 5.6387701416e+02 5.6387902832e+02 5.6389501953e+02 5.6388098145e+02 5.6386499023e+02 5.6387402344e+02 5.6383300781e+02 5.6380798340e+02 5.6380700684e+02 5.6380603027e+02 5.6377801514e+02 5.6376300049e+02 5.6379699707e+02 5.6386199951e+02 5.6390502930e+02 5.6391302490e+02 5.6392999268e+02 5.6397900391e+02 5.6400897217e+02
