TESTSERVER/20/19.asc
NCOLS 100
NROWS 100
XLLCORNER 8.4997500000e+03
YLLCORNER 2.8900025000e+05
CELLSIZE 5.0000000000e-01
NODATA_VALUE -9.9990000000e+03
[rows 60 to 79 of 100, columns 46 to 91 of 100]
5.5110699463e+02 5.5117102051e+02 5.5123101807e+02 5.5128399658e+02 5.5133099365e+02 5.5139398193e+02 5.5145300293e+02 5.5151000977e+02 5.5156896973e+02 5.5162597656e+02 5.5166900635e+02 5.5170501709e+02 5.5173400879e+02 5.5173901367e+02 5.5173199463e+02 5.5171197510e+02 5.5167297363e+02 5.5159301758e+02 5.5152899170e+02 5.5145697021e+02 5.5137097168e+02 5.5128302002e+02 5.5120599365e+02 5.5112902832e+02 5.5106097412e+02 5.5105902100e+02 5.5106402588e+02 5.5106597900e+02 5.5105297852e+02 5.5102398682e+02 5.5102099609e+02 5.5101397705e+02 5.5100097656e+02 5.5100299072e+02 5.5100402832e+02 5.5100402832e+02 5.5100097656e+02 5.5100598145e+02 5.5100299072e+02 5.5100500488e+02 5.5100500488e+02 5.5101501465e+02 5.5101599121e+02 5.5101397705e+02 5.5101898193e+02 5.5101599121e+02
5.5102099609e+02 5.5108099365e+02 5.5114202881e+02 5.5119897461e+02 5.5125000000e+02 5.5130499268e+02 5.5136401367e+02 5.5142297363e+02 5.5148498535e+02 5.5153698730e+02 5.5157897949e+02 5.5161700439e+02 5.5164697266e+02 5.5165197754e+02 5.5165100098e+02 5.5163800049e+02 5.5159997559e+02 5.5153497314e+02 5.5147802734e+02 5.5141302490e+02 5.5133697510e+02 5.5126202393e+02 5.5119097900e+02 5.5111999512e+02 5.5104998779e+02 5.5104498291e+02 5.5104797363e+02 5.5104699707e+02 5.5104101563e+02 5.5101702881e+02 5.5100897217e+02 5.5100299072e+02 5.5099102783e+02 5.5098498535e+02 5.5097998047e+02 5.5097900391e+02 5.5098400879e+02 5.5100201416e+02 5.5100000000e+02 5.5099401855e+02 5.5099298096e+02 5.5100000000e+02 5.5100000000e+02 5.5099298096e+02 5.5099200439e+02 5.5099298096e+02
5.5094299316e+02 5.5100500488e+02 5.5106799316e+02 5.5112701416e+02 5.5117901611e+02 5.5123297119e+02 5.5129101563e+02 5.5134899902e+02 5.5140899658e+02 5.5145898438e+02 5.5150000000e+02 5.5153601074e+02 5.5156597900e+02 5.5157397461e+02 5.5157397461e+02 5.5156298828e+02 5.5153302002e+02 5.5148101807e+02 5.5143103027e+02 5.5137200928e+02 5.5130603027e+02 5.5124200439e+02 5.5117700195e+02 5.5111102295e+02 5.5104797363e+02 5.5104498291e+02 5.5104400635e+02 5.5103802490e+02 5.5102899170e+02 5.5101098633e+02 5.5099798584e+02 5.5098901367e+02 5.5097497559e+02 5.5096398926e+02 5.5096301270e+02 5.5096600342e+02 5.5097100830e+02 5.5098699951e+02 5.5098498535e+02 5.5097601318e+02 5.5097698975e+02 5.5098297119e+02 5.5098400879e+02 5.5098101807e+02 5.5097998047e+02 5.5097998047e+02
5.5087298584e+02 5.5093902588e+02 5.5100299072e+02 5.5106402588e+02 5.5111798096e+02 5.5117102051e+02 5.5122802734e+02 5.5128497314e+02 5.5134301758e+02 5.5138897705e+02 5.5142797852e+02 5.5146301270e+02 5.5149298096e+02 5.5150402832e+02 5.5150402832e+02 5.5149499512e+02 5.5147198486e+02 5.5143200684e+02 5.5138800049e+02 5.5133599854e+02 5.5127899170e+02 5.5122399902e+02 5.5116497803e+02 5.5110400391e+02 5.5104998779e+02 5.5104998779e+02 5.5104498291e+02 5.5103302002e+02 5.5101501465e+02 5.5099597168e+02 5.5098602295e+02 5.5097998047e+02 5.5096002197e+02 5.5094097900e+02 5.5095098877e+02 5.5096398926e+02 5.5096398926e+02 5.5096997070e+02 5.5096697998e+02 5.5096301270e+02 5.5096600342e+02 5.5096697998e+02 5.5096502686e+02 5.5096697998e+02 5.5096801758e+02 5.5097302246e+02
5.5083398438e+02 5.5088800049e+02 5.5095397949e+02 5.5101599121e+02 5.5107897949e+02 5.5112902832e+02 5.5118499756e+02 5.5123699951e+02 5.5128802490e+02 5.5132897949e+02 5.5136602783e+02 5.5139801025e+02 5.5143103027e+02 5.5144201660e+02 5.5144299316e+02 5.5143597412e+02 5.5141601563e+02 5.5138598633e+02 5.5135198975e+02 5.5131298828e+02 5.5127001953e+02 5.5120599365e+02 5.5115301514e+02 5.5109997559e+02 5.5105999756e+02 5.5105200195e+02 5.5104400635e+02 5.5103198242e+02 5.5100701904e+02 5.5098699951e+02 5.5098199463e+02 5.5097698975e+02 5.5095300293e+02 5.5094201660e+02 5.5095397949e+02 5.5096398926e+02 5.5095202637e+02 5.5095599365e+02 5.5095599365e+02 5.5095599365e+02 5.5096197510e+02 5.5096002197e+02 5.5095300293e+02 5.5094396973e+02 5.5094097900e+02 5.5096197510e+02
5.5077502441e+02 5.5084301758e+02 5.5091101074e+02 5.5097698975e+02 5.5103997803e+02 5.5109997559e+02 5.5115399170e+02 5.5120001221e+02 5.5124102783e+02 5.5127899170e+02 5.5131298828e+02 5.5134698486e+02 5.5137799072e+02 5.5138897705e+02 5.5139202881e+02 5.5138598633e+02 5.5136901855e+02 5.5134197998e+02 5.5131500244e+02 5.5128399658e+02 5.5124102783e+02 5.5118902588e+02 5.5114202881e+02 5.5109600830e+02 5.5105902100e+02 5.5105401611e+02 5.5104302979e+02 5.5102899170e+02 5.5101300049e+02 5.5099298096e+02 5.5098699951e+02 5.5098400879e+02 5.5096997070e+02 5.5096099854e+02 5.5096600342e+02 5.5095800781e+02 5.5094702148e+02 5.5095300293e+02 5.5095001221e+02 5.5094500732e+02 5.5094799805e+02 5.5095599365e+02 5.5095599365e+02 5.5093701172e+02 5.5092498779e+02 5.5095098877e+02
5.5071899414e+02 5.5079302979e+02 5.5086602783e+02 5.5093499756e+02 5.5100299072e+02 5.5106402588e+02 5.5111602783e+02 5.5116198730e+02 5.5119799805e+02 5.5123199463e+02 5.5126599121e+02 5.5129797363e+02 5.5132897949e+02 5.5134197998e+02 5.5134497070e+02 5.5134100342e+02 5.5132598877e+02 5.5130401611e+02 5.5127899170e+02 5.5124902344e+02 5.5121398926e+02 5.5117199707e+02 5.5113000488e+02 5.5108898926e+02 5.5105297852e+02 5.5105401611e+02 5.5104302979e+02 5.5102600098e+02 5.5101300049e+02 5.5099102783e+02 5.5098199463e+02 5.5097802734e+02 5.5096600342e+02 5.5096002197e+02 5.5096099854e+02 5.5095001221e+02 5.5094396973e+02 5.5095501709e+02 5.5095300293e+02 5.5094702148e+02 5.5094500732e+02 5.5094799805e+02 5.5095501709e+02 5.5094799805e+02 5.5093597412e+02 5.5094799805e+02
5.5066601563e+02 5.5074700928e+02 5.5082299805e+02 5.5089697266e+02 5.5096801758e+02 5.5102899170e+02 5.5108001709e+02 5.5112500000e+02 5.5115698242e+02 5.5118798828e+02 5.5122198486e+02 5.5125402832e+02 5.5128497314e+02 5.5129901123e+02 5.5130499268e+02 5.5130200195e+02 5.5128997803e+02 5.5127001953e+02 5.5124700928e+02 5.5121997070e+02 5.5118902588e+02 5.5115600586e+02 5.5111901855e+02 5.5108099365e+02 5.5104699707e+02 5.5104797363e+02 5.5103802490e+02 5.5102301025e+02 5.5101000977e+02 5.5098699951e+02 5.5097900391e+02 5.5097100830e+02 5.5095800781e+02 5.5094897461e+02 5.5094897461e+02 5.5094097900e+02 5.5094000244e+02 5.5095397949e+02 5.5095397949e+02 5.5095001221e+02 5.5094799805e+02 5.5094500732e+02 5.5094500732e+02 5.5094000244e+02 5.5093902588e+02 5.5094702148e+02
5.5061798096e+02 5.5070397949e+02 5.5078601074e+02 5.5086499023e+02 5.5094598389e+02 5.5099798584e+02 5.5104797363e+02 5.5109100342e+02 5.5112402344e+02 5.5115002441e+02 5.5118402100e+02 5.5121697998e+02 5.5125402832e+02 5.5126599121e+02 5.5127600098e+02 5.5127801514e+02 5.5127398682e+02 5.5124200439e+02 5.5122100830e+02 5.5119702148e+02 5.5117102051e+02 5.5113800049e+02 5.5110498047e+02 5.5107299805e+02 5.5105200195e+02 5.5104302979e+02 5.5102899170e+02 5.5102197266e+02 5.5101397705e+02 5.5098901367e+02 5.5098199463e+02 5.5097198486e+02 5.5095697021e+02 5.5095202637e+02 5.5095202637e+02 5.5095098877e+02 5.5095300293e+02 5.5094897461e+02 5.5094201660e+02 5.5094097900e+02 5.5094396973e+02 5.5095599365e+02 5.5094500732e+02 5.5092797852e+02 5.5093402100e+02 5.5094299316e+02
5.5057501221e+02 5.5066400146e+02 5.5074902344e+02 5.5083001709e+02 5.5090600586e+02 5.5096301270e+02 5.5101300049e+02 5.5105603027e+02 5.5108502197e+02 5.5111199951e+02 5.5114697266e+02 5.5118103027e+02 5.5121502686e+02 5.5123498535e+02 5.5124798584e+02 5.5125402832e+02 5.5124499512e+02 5.5122198486e+02 5.5120501709e+02 5.5118298340e+02 5.5115399170e+02 5.5112097168e+02 5.5109399414e+02 5.5107098389e+02 5.5105401611e+02 5.5104199219e+02 5.5102398682e+02 5.5102099609e+02 5.5100897217e+02 5.5098400879e+02 5.5097601318e+02 5.5096600342e+02 5.5095001221e+02 5.5095001221e+02 5.5095397949e+02 5.5095501709e+02 5.5095397949e+02 5.5094396973e+02 5.5094000244e+02 5.5094201660e+02 5.5093798828e+02 5.5094396973e+02 5.5093902588e+02 5.5092901611e+02 5.5094396973e+02 5.5094201660e+02
5.5053100586e+02 5.5062200928e+02 5.5070599365e+02 5.5078698730e+02 5.5086401367e+02 5.5092199707e+02 5.5097198486e+02 5.5101397705e+02 5.5104400635e+02 5.5107202148e+02 5.5110601807e+02 5.5114001465e+02 5.5117498779e+02 5.5119702148e+02 5.5121099854e+02 5.5121801758e+02 5.5121398926e+02 5.5119897461e+02 5.5118499756e+02 5.5116601563e+02 5.5113800049e+02 5.5110900879e+02 5.5108898926e+02 5.5107098389e+02 5.5106201172e+02 5.5104901123e+02 5.5102001953e+02 5.5101202393e+02 5.5099902344e+02 5.5098101807e+02 5.5097601318e+02 5.5097198486e+02 5.5095599365e+02 5.5095098877e+02 5.5095300293e+02 5.5095202637e+02 5.5094799805e+02 5.5094702148e+02 5.5094299316e+02 5.5093798828e+02 5.5093103027e+02 5.5093701172e+02 5.5093402100e+02 5.5092901611e+02 5.5094097900e+02 5.5093103027e+02
5.5048602295e+02 5.5057702637e+02 5.5066198730e+02 5.5074298096e+02 5.5082000732e+02 5.5087902832e+02 5.5092901611e+02 5.5097198486e+02 5.5100299072e+02 5.5103100586e+02 5.5106500244e+02 5.5109899902e+02 5.5113500977e+02 5.5115899658e+02 5.5117297363e+02 5.5118103027e+02 5.5118103027e+02 5.5117401123e+02 5.5116302490e+02 5.5114697266e+02 5.5112200928e+02 5.5109899902e+02 5.5108300781e+02 5.5107098389e+02 5.5107098389e+02 5.5105798340e+02 5.5101800537e+02 5.5100402832e+02 5.5099499512e+02 5.5098199463e+02 5.5097601318e+02 5.5097100830e+02 5.5096197510e+02 5.5095397949e+02 5.5095098877e+02 5.5094702148e+02 5.5094299316e+02 5.5095098877e+02 5.5094299316e+02 5.5092901611e+02 5.5092498779e+02 5.5092999268e+02 5.5093103027e+02 5.5092401123e+02 5.5092602539e+02 5.5091900635e+02
5.5043402100e+02 5.5052899170e+02 5.5061401367e+02 5.5069396973e+02 5.5076599121e+02 5.5083197021e+02 5.5088397217e+02 5.5092901611e+02 5.5095898438e+02 5.5098901367e+02 5.5102398682e+02 5.5105798340e+02 5.5108898926e+02 5.5111700439e+02 5.5113500977e+02 5.5114898682e+02 5.5115502930e+02 5.5114300537e+02 5.5113702393e+02 5.5112799072e+02 5.5111798096e+02 5.5109399414e+02 5.5108001709e+02 5.5106799316e+02 5.5105499268e+02 5.5105102539e+02 5.5102301025e+02 5.5101000977e+02 5.5100500488e+02 5.5098400879e+02 5.5097497559e+02 5.5096002197e+02 5.5095898438e+02 5.5095300293e+02 5.5094396973e+02 5.5093902588e+02 5.5093499756e+02 5.5094299316e+02 5.5093701172e+02 5.5092700195e+02 5.5092498779e+02 5.5092602539e+02 5.5092700195e+02 5.5091699219e+02 5.5090600586e+02 5.5091302490e+02
5.5038598633e+02 5.5047998047e+02 5.5056597900e+02 5.5064697266e+02 5.5072100830e+02 5.5078198242e+02 5.5083599854e+02 5.5088201904e+02 5.5091601563e+02 5.5094799805e+02 5.5098297119e+02 5.5101501465e+02 5.5104602051e+02 5.5107098389e+02 5.5109197998e+02 5.5110900879e+02 5.5111499023e+02 5.5110900879e+02 5.5110998535e+02 5.5110699463e+02 5.5110101318e+02 5.5108898926e+02 5.5107702637e+02 5.5106298828e+02 5.5105102539e+02 5.5104602051e+02 5.5102899170e+02 5.5101599121e+02 5.5100598145e+02 5.5098999023e+02 5.5097802734e+02 5.5095202637e+02 5.5094598389e+02 5.5095300293e+02 5.5094702148e+02 5.5094097900e+02 5.5093499756e+02 5.5093798828e+02 5.5093402100e+02 5.5092700195e+02 5.5092401123e+02 5.5092602539e+02 5.5092901611e+02 5.5091802979e+02 5.5090197754e+02 5.5090899658e+02
5.5034002686e+02 5.5043597412e+02 5.5052398682e+02 5.5060601807e+02 5.5067999268e+02 5.5073999023e+02 5.5079498291e+02 5.5084100342e+02 5.5087701416e+02 5.5090997314e+02 5.5094396973e+02 5.5097601318e+02 5.5100598145e+02 5.5102899170e+02 5.5104901123e+02 5.5106597900e+02 5.5107598877e+02 5.5108001709e+02 5.5108398438e+02 5.5108599854e+02 5.5108502197e+02 5.5108099365e+02 5.5107299805e+02 5.5106402588e+02 5.5105297852e+02 5.5104400635e+02 5.5102398682e+02 5.5101202393e+02 5.5100598145e+02 5.5099200439e+02 5.5098101807e+02 5.5094799805e+02 5.5093798828e+02 5.5095397949e+02 5.5095001221e+02 5.5094396973e+02 5.5094097900e+02 5.5093902588e+02 5.5093103027e+02 5.5092297363e+02 5.5091998291e+02 5.5091998291e+02 5.5091998291e+02 5.5090802002e+02 5.5089801025e+02 5.5089398193e+02
5.5029602051e+02 5.5039501953e+02 5.5048498535e+02 5.5057000732e+02 5.5064501953e+02 5.5070501709e+02 5.5076000977e+02 5.5080603027e+02 5.5084301758e+02 5.5087500000e+02 5.5090802002e+02 5.5093902588e+02 5.5096801758e+02 5.5098999023e+02 5.5101000977e+02 5.5102600098e+02 5.5103997803e+02 5.5105200195e+02 5.5105999756e+02 5.5106597900e+02 5.5107000732e+02 5.5107397461e+02 5.5107202148e+02 5.5106701660e+02 5.5106097412e+02 5.5104400635e+02 5.5101397705e+02 5.5100299072e+02 5.5100701904e+02 5.5098797607e+02 5.5097698975e+02 5.5094500732e+02 5.5093701172e+02 5.5095300293e+02 5.5094799805e+02 5.5094702148e+02 5.5094702148e+02 5.5093798828e+02 5.5092602539e+02 5.5091900635e+02 5.5091699219e+02 5.5090698242e+02 5.5089599609e+02 5.5088397217e+02 5.5089398193e+02 5.5089001465e+02
5.5026202393e+02 5.5035900879e+02 5.5045300293e+02 5.5053900146e+02 5.5061901855e+02 5.5067901611e+02 5.5073297119e+02 5.5077899170e+02 5.5080999756e+02 5.5084100342e+02 5.5087298584e+02 5.5090197754e+02 5.5092199707e+02 5.5094799805e+02 5.5096899414e+02 5.5098699951e+02 5.5100201416e+02 5.5101898193e+02 5.5103302002e+02 5.5104498291e+02 5.5105499268e+02 5.5106701660e+02 5.5107098389e+02 5.5107098389e+02 5.5106799316e+02 5.5104699707e+02 5.5102099609e+02 5.5100799561e+02 5.5100201416e+02 5.5098797607e+02 5.5097601318e+02 5.5095697021e+02 5.5096002197e+02 5.5095501709e+02 5.5094702148e+02 5.5094799805e+02 5.5094598389e+02 5.5093298340e+02 5.5092297363e+02 5.5092102051e+02 5.5092297363e+02 5.5090301514e+02 5.5088299561e+02 5.5087097168e+02 5.5089001465e+02 5.5089300537e+02
5.5022198486e+02 5.5033197021e+02 5.5042999268e+02 5.5051800537e+02 5.5059497070e+02 5.5065802002e+02 5.5071301270e+02 5.5075598145e+02 5.5078497314e+02 5.5081201172e+02 5.5084301758e+02 5.5086901855e+02 5.5089001465e+02 5.5091101074e+02 5.5093298340e+02 5.5095501709e+02 5.5097399902e+02 5.5098999023e+02 5.5100799561e+02 5.5102502441e+02 5.5104602051e+02 5.5106500244e+02 5.5107202148e+02 5.5107202148e+02 5.5106597900e+02 5.5103900146e+02 5.5101898193e+02 5.5101397705e+02 5.5101300049e+02 5.5099200439e+02 5.5097998047e+02 5.5096398926e+02 5.5096197510e+02 5.5096502686e+02 5.5095300293e+02 5.5094000244e+02 5.5093701172e+02 5.5093902588e+02 5.5093200684e+02 5.5093298340e+02 5.5092602539e+02 5.5090698242e+02 5.5089398193e+02 5.5088098145e+02 5.5088702393e+02 5.5089099121e+02
5.5018597412e+02 5.5030401611e+02 5.5040502930e+02 5.5049597168e+02 5.5057501221e+02 5.5063800049e+02 5.5069201660e+02 5.5073602295e+02 5.5076300049e+02 5.5078997803e+02 5.5081896973e+02 5.5084399414e+02 5.5086401367e+02 5.5088397217e+02 5.5090698242e+02 5.5092901611e+02 5.5095098877e+02 5.5097198486e+02 5.5099298096e+02 5.5101202393e+02 5.5103698730e+02 5.5106201172e+02 5.5107098389e+02 5.5107299805e+02 5.5106597900e+02 5.5104199219e+02 5.5102502441e+02 5.5102398682e+02 5.5102301025e+02 5.5099499512e+02 5.5098400879e+02 5.5097399902e+02 5.5096997070e+02 5.5096997070e+02 5.5095599365e+02 5.5094000244e+02 5.5094299316e+02 5.5094799805e+02 5.5093402100e+02 5.5092700195e+02 5.5091998291e+02 5.5091497803e+02 5.5090502930e+02 5.5088800049e+02 5.5088397217e+02 5.5088598633e+02
5.5015399170e+02 5.5027801514e+02 5.5038299561e+02 5.5047698975e+02 5.5055798340e+02 5.5062097168e+02 5.5067498779e+02 5.5071899414e+02 5.5074700928e+02 5.5077301025e+02 5.5079998779e+02 5.5082397461e+02 5.5084301758e+02 5.5086499023e+02 5.5088702393e+02 5.5090997314e+02 5.5093402100e+02 5.5095898438e+02 5.5098199463e+02 5.5100402832e+02 5.5103198242e+02 5.5105700684e+02 5.5106799316e+02 5.5107202148e+02 5.5107000732e+02 5.5104901123e+02 5.5102899170e+02 5.5102301025e+02 5.5102099609e+02 5.5099499512e+02 5.5099102783e+02 5.5098699951e+02 5.5097601318e+02 5.5096899414e+02 5.5095697021e+02 5.5094299316e+02 5.5094500732e+02 5.5094299316e+02 5.5092602539e+02 5.5091699219e+02 5.5091497803e+02 5.5091998291e+02 5.5090802002e+02 5.5089001465e+02 5.5088299561e+02 5.5088397217e+02
