TESTSERVER/20/19.asc
NCOLS 100
NROWS 100
XLLCORNER 8.4997500000e+03
YLLCORNER 2.8900025000e+05
CELLSIZE 5.0000000000e-01
NODATA_VALUE -9.9990000000e+03
[rows 60 to 79 of 100, columns 0 to 45 of 100]
5.4836401367e+02 5.4838800049e+02 5.4841497803e+02 5.4844598389e+02 5.4848199463e+02 5.4851098633e+02 5.4853997803e+02 5.4858898926e+02 5.4861798096e+02 5.4863397217e+02 5.4866497803e+02 5.4868798828e+02 5.4871801758e+02 5.4875500488e+02 5.4879797363e+02 5.4882098389e+02 5.4885699463e+02 5.4890502930e+02 5.4893798828e+02 5.4894000244e+02 5.4895800781e+02 5.4898999023e+02 5.4905603027e+02 5.4907800293e+02 5.4908398438e+02 5.4909997559e+02 5.4919799805e+02 5.4934301758e+02 5.4948999023e+02 5.4963299561e+02 5.4977899170e+02 5.4992401123e+02 5.5003198242e+02 5.5012799072e+02 5.5021398926e+02 5.5027502441e+02 5.5033697510e+02 5.5039099121e+02 5.5042700195e+02 5.5048297119e+02 5.5055401611e+02 5.5063201904e+02 5.5072698975e+02 5.5084301758e+02 5.5093597412e+02 5.5102600098e+02
5.4833801270e+02 5.4836401367e+02 5.4838397217e+02 5.4841900635e+02 5.4845599365e+02 5.4848797607e+02 5.4851702881e+02 5.4855603027e+02 5.4858502197e+02 5.4860601807e+02 5.4863299561e+02 5.4866101074e+02 5.4870202637e+02 5.4873400879e+02 5.4877001953e+02 5.4879699707e+02 5.4882598877e+02 5.4886499023e+02 5.4889599609e+02 5.4891302490e+02 5.4893902588e+02 5.4898297119e+02 5.4903198242e+02 5.4904400635e+02 5.4905700684e+02 5.4908801270e+02 5.4915997314e+02 5.4928601074e+02 5.4941302490e+02 5.4954199219e+02 5.4969299316e+02 5.4982897949e+02 5.4993499756e+02 5.5003601074e+02 5.5011901855e+02 5.5017700195e+02 5.5024200439e+02 5.5030200195e+02 5.5034899902e+02 5.5040399170e+02 5.5047601318e+02 5.5055499268e+02 5.5065399170e+02 5.5075897217e+02 5.5085198975e+02 5.5094097900e+02
5.4831799316e+02 5.4834002686e+02 5.4835601807e+02 5.4839697266e+02 5.4843701172e+02 5.4846697998e+02 5.4849102783e+02 5.4852697754e+02 5.4855798340e+02 5.4858197021e+02 5.4860900879e+02 5.4863897705e+02 5.4868402100e+02 5.4871398926e+02 5.4874200439e+02 5.4877600098e+02 5.4880499268e+02 5.4883502197e+02 5.4885601807e+02 5.4888000488e+02 5.4892102051e+02 5.4897198486e+02 5.4901098633e+02 5.4902197266e+02 5.4903900146e+02 5.4907598877e+02 5.4914697266e+02 5.4925598145e+02 5.4937200928e+02 5.4948999023e+02 5.4962902832e+02 5.4975598145e+02 5.4985601807e+02 5.4995098877e+02 5.5003302002e+02 5.5009802246e+02 5.5016601563e+02 5.5022900391e+02 5.5028002930e+02 5.5033801270e+02 5.5041101074e+02 5.5049200439e+02 5.5058898926e+02 5.5068798828e+02 5.5077801514e+02 5.5086499023e+02
5.4828399658e+02 5.4830798340e+02 5.4833398438e+02 5.4837500000e+02 5.4841497803e+02 5.4844598389e+02 5.4846398926e+02 5.4850701904e+02 5.4853900146e+02 5.4856201172e+02 5.4858801270e+02 5.4861499023e+02 5.4865698242e+02 5.4869097900e+02 5.4871899414e+02 5.4875000000e+02 5.4877600098e+02 5.4880102539e+02 5.4882000732e+02 5.4885601807e+02 5.4891101074e+02 5.4896398926e+02 5.4898901367e+02 5.4900201416e+02 5.4902697754e+02 5.4907098389e+02 5.4914898682e+02 5.4925299072e+02 5.4935900879e+02 5.4946600342e+02 5.4958398438e+02 5.4969500732e+02 5.4978698730e+02 5.4987597656e+02 5.4995697021e+02 5.5002697754e+02 5.5009899902e+02 5.5016400146e+02 5.5021899414e+02 5.5027899170e+02 5.5035302734e+02 5.5043597412e+02 5.5053100586e+02 5.5062402344e+02 5.5071099854e+02 5.5079498291e+02
5.4825402832e+02 5.4828399658e+02 5.4831799316e+02 5.4835302734e+02 5.4839099121e+02 5.4842498779e+02 5.4844799805e+02 5.4849401855e+02 5.4852801514e+02 5.4854901123e+02 5.4857501221e+02 5.4860498047e+02 5.4863800049e+02 5.4866497803e+02 5.4869201660e+02 5.4871801758e+02 5.4875299072e+02 5.4878002930e+02 5.4879199219e+02 5.4885601807e+02 5.4891302490e+02 5.4895001221e+02 5.4895501709e+02 5.4898101807e+02 5.4902099609e+02 5.4907897949e+02 5.4919299316e+02 5.4928601074e+02 5.4937799072e+02 5.4946697998e+02 5.4956799316e+02 5.4964801025e+02 5.4972601318e+02 5.4980297852e+02 5.4988397217e+02 5.4997302246e+02 5.5004901123e+02 5.5012298584e+02 5.5019396973e+02 5.5023498535e+02 5.5030700684e+02 5.5038397217e+02 5.5047198486e+02 5.5057098389e+02 5.5065698242e+02 5.5074102783e+02
5.4823199463e+02 5.4826202393e+02 5.4828399658e+02 5.4831799316e+02 5.4835601807e+02 5.4839202881e+02 5.4842401123e+02 5.4845501709e+02 5.4847998047e+02 5.4850897217e+02 5.4855102539e+02 5.4857702637e+02 5.4860101318e+02 5.4863299561e+02 5.4868499756e+02 5.4870202637e+02 5.4872198486e+02 5.4875201416e+02 5.4878997803e+02 5.4886602783e+02 5.4890600586e+02 5.4891302490e+02 5.4891998291e+02 5.4896197510e+02 5.4901599121e+02 5.4908502197e+02 5.4918902588e+02 5.4929602051e+02 5.4937902832e+02 5.4945800781e+02 5.4953802490e+02 5.4961401367e+02 5.4968402100e+02 5.4975402832e+02 5.4983502197e+02 5.4992199707e+02 5.4999902344e+02 5.5007501221e+02 5.5014001465e+02 5.5019897461e+02 5.5027001953e+02 5.5034002686e+02 5.5042297363e+02 5.5051800537e+02 5.5060400391e+02 5.5069097900e+02
5.4820599365e+02 5.4823498535e+02 5.4826300049e+02 5.4829400635e+02 5.4833099365e+02 5.4836401367e+02 5.4839501953e+02 5.4842102051e+02 5.4844702148e+02 5.4847900391e+02 5.4852001953e+02 5.4855102539e+02 5.4857598877e+02 5.4859802246e+02 5.4865100098e+02 5.4867602539e+02 5.4868701172e+02 5.4872100830e+02 5.4879199219e+02 5.4885998535e+02 5.4888000488e+02 5.4887200928e+02 5.4888500977e+02 5.4894500732e+02 5.4900500488e+02 5.4907897949e+02 5.4917999268e+02 5.4927899170e+02 5.4935797119e+02 5.4943499756e+02 5.4950701904e+02 5.4957598877e+02 5.4964599609e+02 5.4971502686e+02 5.4978802490e+02 5.4986602783e+02 5.4994097900e+02 5.5001599121e+02 5.5008697510e+02 5.5015399170e+02 5.5022497559e+02 5.5029602051e+02 5.5037402344e+02 5.5046301270e+02 5.5054797363e+02 5.5063299561e+02
5.4818402100e+02 5.4821099854e+02 5.4824597168e+02 5.4828198242e+02 5.4831799316e+02 5.4834600830e+02 5.4836700439e+02 5.4839300537e+02 5.4842297363e+02 5.4845300293e+02 5.4848101807e+02 5.4852099609e+02 5.4855499268e+02 5.4857098389e+02 5.4860797119e+02 5.4864202881e+02 5.4865698242e+02 5.4870697021e+02 5.4879699707e+02 5.4884197998e+02 5.4884698486e+02 5.4883801270e+02 5.4886297607e+02 5.4892901611e+02 5.4899298096e+02 5.4906896973e+02 5.4916699219e+02 5.4925799561e+02 5.4933398438e+02 5.4940802002e+02 5.4947399902e+02 5.4953900146e+02 5.4960797119e+02 5.4967498779e+02 5.4974298096e+02 5.4981500244e+02 5.4988702393e+02 5.4995898438e+02 5.5003302002e+02 5.5010601807e+02 5.5017797852e+02 5.5025000000e+02 5.5032501221e+02 5.5040899658e+02 5.5049298096e+02 5.5057800293e+02
5.4815899658e+02 5.4818402100e+02 5.4820697021e+02 5.4825598145e+02 5.4829797363e+02 5.4832598877e+02 5.4834301758e+02 5.4836798096e+02 5.4840100098e+02 5.4842999268e+02 5.4846301270e+02 5.4849798584e+02 5.4853497314e+02 5.4855297852e+02 5.4856896973e+02 5.4859497070e+02 5.4863299561e+02 5.4870800781e+02 5.4877801514e+02 5.4880200195e+02 5.4880999756e+02 5.4882397461e+02 5.4886999512e+02 5.4892401123e+02 5.4898999023e+02 5.4906298828e+02 5.4914801025e+02 5.4922998047e+02 5.4930200195e+02 5.4937298584e+02 5.4944500732e+02 5.4950598145e+02 5.4957098389e+02 5.4963598633e+02 5.4970397949e+02 5.4977001953e+02 5.4983801270e+02 5.4990698242e+02 5.4998199463e+02 5.5005499268e+02 5.5012799072e+02 5.5020202637e+02 5.5028100586e+02 5.5035998535e+02 5.5044299316e+02 5.5052801514e+02
5.4813598633e+02 5.4816101074e+02 5.4818701172e+02 5.4822802734e+02 5.4826000977e+02 5.4828601074e+02 5.4830603027e+02 5.4833801270e+02 5.4837597656e+02 5.4840502930e+02 5.4843902588e+02 5.4846997070e+02 5.4849798584e+02 5.4853002930e+02 5.4854797363e+02 5.4856701660e+02 5.4861901855e+02 5.4869201660e+02 5.4875000000e+02 5.4876397705e+02 5.4878399658e+02 5.4881402588e+02 5.4885797119e+02 5.4891699219e+02 5.4897900391e+02 5.4904498291e+02 5.4912097168e+02 5.4919598389e+02 5.4926501465e+02 5.4933398438e+02 5.4940502930e+02 5.4946997070e+02 5.4953198242e+02 5.4959399414e+02 5.4965899658e+02 5.4972497559e+02 5.4979199219e+02 5.4985998535e+02 5.4993103027e+02 5.5000299072e+02 5.5007702637e+02 5.5015399170e+02 5.5023297119e+02 5.5031500244e+02 5.5039898682e+02 5.5048498535e+02
5.4811297607e+02 5.4813897705e+02 5.4816900635e+02 5.4819598389e+02 5.4822198486e+02 5.4825299072e+02 5.4828302002e+02 5.4832397461e+02 5.4836602783e+02 5.4839099121e+02 5.4841802979e+02 5.4844799805e+02 5.4847198486e+02 5.4849902344e+02 5.4851501465e+02 5.4855401611e+02 5.4862402344e+02 5.4869396973e+02 5.4873199463e+02 5.4874401855e+02 5.4876702881e+02 5.4879998779e+02 5.4884600830e+02 5.4890002441e+02 5.4895697021e+02 5.4901898193e+02 5.4909100342e+02 5.4916302490e+02 5.4922900391e+02 5.4929498291e+02 5.4936297607e+02 5.4942498779e+02 5.4948699951e+02 5.4954797363e+02 5.4960900879e+02 5.4967401123e+02 5.4973999023e+02 5.4980798340e+02 5.4987799072e+02 5.4995001221e+02 5.5002502441e+02 5.5010302734e+02 5.5018402100e+02 5.5026702881e+02 5.5035302734e+02 5.5044000244e+02
5.4809197998e+02 5.4811700439e+02 5.4815002441e+02 5.4817297363e+02 5.4819799805e+02 5.4823699951e+02 5.4826898193e+02 5.4830499268e+02 5.4834301758e+02 5.4836602783e+02 5.4839099121e+02 5.4841900635e+02 5.4844500732e+02 5.4846502686e+02 5.4848199463e+02 5.4855499268e+02 5.4863800049e+02 5.4870098877e+02 5.4871899414e+02 5.4872998047e+02 5.4875402832e+02 5.4878698730e+02 5.4883197021e+02 5.4888098145e+02 5.4893402100e+02 5.4899200439e+02 5.4905902100e+02 5.4912597656e+02 5.4919000244e+02 5.4925299072e+02 5.4931701660e+02 5.4937701416e+02 5.4943701172e+02 5.4949700928e+02 5.4955603027e+02 5.4961901855e+02 5.4968499756e+02 5.4975299072e+02 5.4982202148e+02 5.4989398193e+02 5.4996997070e+02 5.5004901123e+02 5.5013098145e+02 5.5021697998e+02 5.5030401611e+02 5.5039300537e+02
5.4807098389e+02 5.4809197998e+02 5.4811700439e+02 5.4815002441e+02 5.4817797852e+02 5.4821502686e+02 5.4824401855e+02 5.4827502441e+02 5.4830798340e+02 5.4833502197e+02 5.4837097168e+02 5.4839599609e+02 5.4841802979e+02 5.4843499756e+02 5.4847399902e+02 5.4856201172e+02 5.4863397217e+02 5.4868103027e+02 5.4870001221e+02 5.4872302246e+02 5.4874798584e+02 5.4877801514e+02 5.4881799316e+02 5.4886401367e+02 5.4891101074e+02 5.4896301270e+02 5.4902099609e+02 5.4908398438e+02 5.4914300537e+02 5.4920300293e+02 5.4926501465e+02 5.4932397461e+02 5.4938098145e+02 5.4943798828e+02 5.4950201416e+02 5.4956597900e+02 5.4962902832e+02 5.4969396973e+02 5.4975799561e+02 5.4983599854e+02 5.4991497803e+02 5.4999700928e+02 5.5008697510e+02 5.5016601563e+02 5.5025299072e+02 5.5034100342e+02
5.4805297852e+02 5.4807098389e+02 5.4809802246e+02 5.4813201904e+02 5.4815997314e+02 5.4818701172e+02 5.4821002197e+02 5.4824401855e+02 5.4828302002e+02 5.4831201172e+02 5.4834600830e+02 5.4836297607e+02 5.4838299561e+02 5.4841998291e+02 5.4848602295e+02 5.4855499268e+02 5.4861401367e+02 5.4866302490e+02 5.4870001221e+02 5.4872601318e+02 5.4875097656e+02 5.4877600098e+02 5.4880499268e+02 5.4884497070e+02 5.4888702393e+02 5.4893103027e+02 5.4898297119e+02 5.4903802490e+02 5.4909197998e+02 5.4914801025e+02 5.4920800781e+02 5.4926300049e+02 5.4931701660e+02 5.4937298584e+02 5.4943701172e+02 5.4950402832e+02 5.4956597900e+02 5.4962701416e+02 5.4969299316e+02 5.4977301025e+02 5.4985400391e+02 5.4993902588e+02 5.5002600098e+02 5.5010998535e+02 5.5019897461e+02 5.5028997803e+02
5.4803198242e+02 5.4805102539e+02 5.4807702637e+02 5.4810498047e+02 5.4813702393e+02 5.4817102051e+02 5.4819500732e+02 5.4822198486e+02 5.4825799561e+02 5.4828900146e+02 5.4832397461e+02 5.4833801270e+02 5.4836602783e+02 5.4842999268e+02 5.4850000000e+02 5.4854498291e+02 5.4860302734e+02 5.4865997314e+02 5.4870202637e+02 5.4872302246e+02 5.4874499512e+02 5.4876702881e+02 5.4878802490e+02 5.4882000732e+02 5.4885601807e+02 5.4889697266e+02 5.4894201660e+02 5.4899102783e+02 5.4904199219e+02 5.4909399414e+02 5.4914898682e+02 5.4920098877e+02 5.4925500488e+02 5.4931097412e+02 5.4937200928e+02 5.4943798828e+02 5.4949902344e+02 5.4956097412e+02 5.4962701416e+02 5.4970697021e+02 5.4978802490e+02 5.4987402344e+02 5.4996197510e+02 5.5005297852e+02 5.5014697266e+02 5.5024200439e+02
5.4800897217e+02 5.4803302002e+02 5.4805401611e+02 5.4807702637e+02 5.4811499023e+02 5.4815502930e+02 5.4818298340e+02 5.4820599365e+02 5.4824102783e+02 5.4826898193e+02 5.4829797363e+02 5.4831298828e+02 5.4835900879e+02 5.4844201660e+02 5.4849798584e+02 5.4853302002e+02 5.4859301758e+02 5.4865600586e+02 5.4869799805e+02 5.4871099854e+02 5.4873199463e+02 5.4875201416e+02 5.4876702881e+02 5.4878997803e+02 5.4882098389e+02 5.4885699463e+02 5.4889697266e+02 5.4894097900e+02 5.4898797607e+02 5.4903698730e+02 5.4908697510e+02 5.4913800049e+02 5.4919201660e+02 5.4924700928e+02 5.4930700684e+02 5.4937097168e+02 5.4943298340e+02 5.4949401855e+02 5.4955902100e+02 5.4963897705e+02 5.4971899414e+02 5.4980401611e+02 5.4989697266e+02 5.4999499512e+02 5.5009301758e+02 5.5019201660e+02
5.4798199463e+02 5.4801300049e+02 5.4802697754e+02 5.4805499268e+02 5.4809197998e+02 5.4812200928e+02 5.4814801025e+02 5.4818298340e+02 5.4822497559e+02 5.4825097656e+02 5.4826098633e+02 5.4829302979e+02 5.4835797119e+02 5.4843499756e+02 5.4847399902e+02 5.4852099609e+02 5.4858099365e+02 5.4864202881e+02 5.4868103027e+02 5.4869396973e+02 5.4871398926e+02 5.4873101807e+02 5.4874499512e+02 5.4875799561e+02 5.4878100586e+02 5.4880700684e+02 5.4883801270e+02 5.4888800049e+02 5.4892901611e+02 5.4897399902e+02 5.4902099609e+02 5.4907397461e+02 5.4912701416e+02 5.4918103027e+02 5.4923498535e+02 5.4930102539e+02 5.4936297607e+02 5.4942498779e+02 5.4947998047e+02 5.4955798340e+02 5.4963897705e+02 5.4972802734e+02 5.4982299805e+02 5.4993200684e+02 5.5003802490e+02 5.5014697266e+02
5.4795098877e+02 5.4797998047e+02 5.4799902344e+02 5.4802502441e+02 5.4805603027e+02 5.4808197021e+02 5.4811499023e+02 5.4815899658e+02 5.4820098877e+02 5.4822399902e+02 5.4824700928e+02 5.4830297852e+02 5.4836602783e+02 5.4841601563e+02 5.4844799805e+02 5.4850500488e+02 5.4856097412e+02 5.4861102295e+02 5.4864801025e+02 5.4866900635e+02 5.4868701172e+02 5.4870202637e+02 5.4870697021e+02 5.4871899414e+02 5.4873797607e+02 5.4875897217e+02 5.4878802490e+02 5.4882800293e+02 5.4886602783e+02 5.4890802002e+02 5.4895697021e+02 5.4900799561e+02 5.4905999756e+02 5.4911297607e+02 5.4916802979e+02 5.4922802734e+02 5.4928802490e+02 5.4934899902e+02 5.4940399170e+02 5.4947198486e+02 5.4955603027e+02 5.4965100098e+02 5.4975500488e+02 5.4986499023e+02 5.4997998047e+02 5.5009899902e+02
5.4793298340e+02 5.4795501709e+02 5.4797998047e+02 5.4800897217e+02 5.4803802490e+02 5.4806500244e+02 5.4809698486e+02 5.4814099121e+02 5.4817498779e+02 5.4820001221e+02 5.4824401855e+02 5.4831201172e+02 5.4835699463e+02 5.4838500977e+02 5.4842498779e+02 5.4848999023e+02 5.4853900146e+02 5.4858001709e+02 5.4860601807e+02 5.4862500000e+02 5.4864300537e+02 5.4865600586e+02 5.4865997314e+02 5.4867199707e+02 5.4869201660e+02 5.4871197510e+02 5.4873498535e+02 5.4876800537e+02 5.4880401611e+02 5.4884497070e+02 5.4889202881e+02 5.4894396973e+02 5.4899499512e+02 5.4904797363e+02 5.4910302734e+02 5.4915997314e+02 5.4921801758e+02 5.4927600098e+02 5.4933001709e+02 5.4939898682e+02 5.4948498535e+02 5.4958099365e+02 5.4969097900e+02 5.4980902100e+02 5.4992901611e+02 5.5005297852e+02
5.4791400146e+02 5.4793798828e+02 5.4796398926e+02 5.4799401855e+02 5.4802697754e+02 5.4805603027e+02 5.4808300781e+02 5.4812097168e+02 5.4815197754e+02 5.4818902588e+02 5.4825201416e+02 5.4830902100e+02 5.4833502197e+02 5.4835302734e+02 5.4841101074e+02 5.4847302246e+02 5.4851202393e+02 5.4854101563e+02 5.4855401611e+02 5.4857098389e+02 5.4858697510e+02 5.4859899902e+02 5.4860601807e+02 5.4861999512e+02 5.4863897705e+02 5.4865997314e+02 5.4867999268e+02 5.4870800781e+02 5.4874200439e+02 5.4878100586e+02 5.4882800293e+02 5.4888000488e+02 5.4893103027e+02 5.4898400879e+02 5.4903900146e+02 5.4909399414e+02 5.4914898682e+02 5.4920501709e+02 5.4925897217e+02 5.4933300781e+02 5.4941900635e+02 5.4951702881e+02 5.4963299561e+02 5.4976000977e+02 5.4988500977e+02 5.5001300049e+02
