TESTSERVER/20/2.asc
NCOLS 100
NROWS 100
XLLCORNER 8.4997500000e+03
YLLCORNER 2.8985025000e+05
CELLSIZE 5.0000000000e-01
NODATA_VALUE -9.9990000000e+03
[rows 60 to 79 of 100, columns 46 to 91 of 100]
7.6174401855e+02 7.6206799316e+02 7.6241699219e+02 7.6280700684e+02 7.6306298828e+02 7.6337097168e+02 7.6386700439e+02 7.6434301758e+02 7.6464801025e+02 7.6491101074e+02 7.6522802734e+02 7.6554901123e+02 7.6585198975e+02 7.6621697998e+02 7.6664599609e+02 7.6704498291e+02 7.6734899902e+02 7.6761499023e+02 7.6789300537e+02 7.6822497559e+02 7.6854302979e+02 7.6884600830e+02 7.6918298340e+02 7.6955999756e+02 7.6997302246e+02 7.7046697998e+02 7.7101000977e+02 7.7133300781e+02 7.7154699707e+02 7.7179998779e+02 7.7221398926e+02 7.7264599609e+02 7.7295397949e+02 7.7320202637e+02 7.7345202637e+02 7.7370800781e+02 7.7397998047e+02 7.7428900146e+02 7.7461999512e+02 7.7501202393e+02 7.7537500000e+02 7.7573400879e+02 7.7602801514e+02 7.7628497314e+02 7.7653100586e+02 7.7675701904e+02
7.6137402344e+02 7.6174700928e+02 7.6206097412e+02 7.6241601563e+02 7.6263397217e+02 7.6290399170e+02 7.6340899658e+02 7.6389001465e+02 7.6421801758e+02 7.6451800537e+02 7.6487402344e+02 7.6521002197e+02 7.6551599121e+02 7.6586602783e+02 7.6625799561e+02 7.6663598633e+02 7.6694000244e+02 7.6722698975e+02 7.6756896973e+02 7.6798400879e+02 7.6830200195e+02 7.6854797363e+02 7.6885101318e+02 7.6917102051e+02 7.6954199219e+02 7.7000097656e+02 7.7051397705e+02 7.7092498779e+02 7.7115997314e+02 7.7137402344e+02 7.7176000977e+02 7.7220300293e+02 7.7258300781e+02 7.7290100098e+02 7.7316400146e+02 7.7340899658e+02 7.7365002441e+02 7.7392199707e+02 7.7425299072e+02 7.7463800049e+02 7.7508697510e+02 7.7551599121e+02 7.7581402588e+02 7.7609002686e+02 7.7633398438e+02 7.7658300781e+02
7.6099298096e+02 7.6149298096e+02 7.6184997559e+02 7.6213897705e+02 7.6233398438e+02 7.6257598877e+02 7.6300097656e+02 7.6343597412e+02 7.6379998779e+02 7.6415997314e+02 7.6452899170e+02 7.6484399414e+02 7.6514099121e+02 7.6546997070e+02 7.6582202148e+02 7.6617602539e+02 7.6648498535e+02 7.6680297852e+02 7.6720300293e+02 7.6768200684e+02 7.6801000977e+02 7.6822802734e+02 7.6851000977e+02 7.6887298584e+02 7.6923699951e+02 7.6961401367e+02 7.7002398682e+02 7.7045098877e+02 7.7074798584e+02 7.7100201416e+02 7.7133697510e+02 7.7175201416e+02 7.7216699219e+02 7.7254400635e+02 7.7285699463e+02 7.7311297607e+02 7.7336102295e+02 7.7362500000e+02 7.7392700195e+02 7.7430102539e+02 7.7479699707e+02 7.7528601074e+02 7.7561297607e+02 7.7587402344e+02 7.7610400391e+02 7.7637298584e+02
7.6063098145e+02 7.6122601318e+02 7.6169201660e+02 7.6194702148e+02 7.6213500977e+02 7.6236999512e+02 7.6271398926e+02 7.6306597900e+02 7.6342797852e+02 7.6382098389e+02 7.6419097900e+02 7.6447497559e+02 7.6475799561e+02 7.6506500244e+02 7.6536700439e+02 7.6569201660e+02 7.6600799561e+02 7.6634997559e+02 7.6676800537e+02 7.6724902344e+02 7.6760101318e+02 7.6784997559e+02 7.6812200928e+02 7.6855798340e+02 7.6897698975e+02 7.6930798340e+02 7.6961999512e+02 7.7001397705e+02 7.7034497070e+02 7.7062597656e+02 7.7093499756e+02 7.7131799316e+02 7.7172802734e+02 7.7213598633e+02 7.7250897217e+02 7.7280603027e+02 7.7308099365e+02 7.7335900879e+02 7.7364398193e+02 7.7399499512e+02 7.7449298096e+02 7.7500201416e+02 7.7536199951e+02 7.7561401367e+02 7.7584100342e+02 7.7610498047e+02
7.6018701172e+02 7.6077001953e+02 7.6137500000e+02 7.6178997803e+02 7.6197100830e+02 7.6218298340e+02 7.6249902344e+02 7.6276397705e+02 7.6309002686e+02 7.6347100830e+02 7.6383697510e+02 7.6409899902e+02 7.6435900879e+02 7.6464501953e+02 7.6494201660e+02 7.6522698975e+02 7.6555102539e+02 7.6591802979e+02 7.6633898926e+02 7.6671600342e+02 7.6709600830e+02 7.6743798828e+02 7.6777502441e+02 7.6820800781e+02 7.6868902588e+02 7.6906500244e+02 7.6938201904e+02 7.6970697021e+02 7.7003497314e+02 7.7030603027e+02 7.7059301758e+02 7.7092602539e+02 7.7129901123e+02 7.7169799805e+02 7.7209100342e+02 7.7245898438e+02 7.7278399658e+02 7.7309698486e+02 7.7340197754e+02 7.7374401855e+02 7.7418597412e+02 7.7465002441e+02 7.7506402588e+02 7.7535601807e+02 7.7559100342e+02 7.7581896973e+02
7.5979901123e+02 7.6032598877e+02 7.6100500488e+02 7.6153900146e+02 7.6169299316e+02 7.6182702637e+02 7.6212500000e+02 7.6241601563e+02 7.6272601318e+02 7.6308697510e+02 7.6345098877e+02 7.6368798828e+02 7.6391699219e+02 7.6420001221e+02 7.6453698730e+02 7.6483502197e+02 7.6516101074e+02 7.6554901123e+02 7.6597497559e+02 7.6632598877e+02 7.6666900635e+02 7.6699902344e+02 7.6734802246e+02 7.6780999756e+02 7.6824700928e+02 7.6860400391e+02 7.6893597412e+02 7.6932299805e+02 7.6967602539e+02 7.6997698975e+02 7.7028900146e+02 7.7059100342e+02 7.7092401123e+02 7.7128802490e+02 7.7168499756e+02 7.7207202148e+02 7.7244201660e+02 7.7280401611e+02 7.7316900635e+02 7.7353601074e+02 7.7392700195e+02 7.7434600830e+02 7.7475897217e+02 7.7508898926e+02 7.7533599854e+02 7.7555102539e+02
7.5954602051e+02 7.6001702881e+02 7.6065100098e+02 7.6116101074e+02 7.6131799316e+02 7.6145300293e+02 7.6174102783e+02 7.6205999756e+02 7.6238299561e+02 7.6274499512e+02 7.6310198975e+02 7.6330999756e+02 7.6352502441e+02 7.6380700684e+02 7.6415002441e+02 7.6443200684e+02 7.6474798584e+02 7.6513800049e+02 7.6560699463e+02 7.6599597168e+02 7.6631097412e+02 7.6658001709e+02 7.6688299561e+02 7.6738201904e+02 7.6780700684e+02 7.6814398193e+02 7.6848498535e+02 7.6890502930e+02 7.6928900146e+02 7.6962097168e+02 7.6997100830e+02 7.7027197266e+02 7.7057897949e+02 7.7092102051e+02 7.7131097412e+02 7.7172698975e+02 7.7213500977e+02 7.7253997803e+02 7.7294799805e+02 7.7331597900e+02 7.7368701172e+02 7.7409197998e+02 7.7450201416e+02 7.7483398438e+02 7.7507000732e+02 7.7528698730e+02
7.5931597900e+02 7.5973999023e+02 7.6028002930e+02 7.6069897461e+02 7.6091900635e+02 7.6113098145e+02 7.6142297363e+02 7.6176098633e+02 7.6208197021e+02 7.6241998291e+02 7.6274798584e+02 7.6295800781e+02 7.6318701172e+02 7.6345697021e+02 7.6376599121e+02 7.6402600098e+02 7.6431896973e+02 7.6469799805e+02 7.6517401123e+02 7.6560101318e+02 7.6594598389e+02 7.6621197510e+02 7.6645599365e+02 7.6689898682e+02 7.6734997559e+02 7.6774298096e+02 7.6808599854e+02 7.6851501465e+02 7.6894299316e+02 7.6930102539e+02 7.6963800049e+02 7.6993701172e+02 7.7023797607e+02 7.7057897949e+02 7.7097698975e+02 7.7141998291e+02 7.7186102295e+02 7.7230297852e+02 7.7273400879e+02 7.7309100342e+02 7.7344500732e+02 7.7384301758e+02 7.7427001953e+02 7.7456896973e+02 7.7479699707e+02 7.7502398682e+02
7.5908300781e+02 7.5946301270e+02 7.5982501221e+02 7.6022497559e+02 7.6055603027e+02 7.6084899902e+02 7.6112402344e+02 7.6144500732e+02 7.6175299072e+02 7.6203997803e+02 7.6232598877e+02 7.6257397461e+02 7.6283398438e+02 7.6311102295e+02 7.6340197754e+02 7.6366101074e+02 7.6394799805e+02 7.6429901123e+02 7.6470697021e+02 7.6514697266e+02 7.6556799316e+02 7.6591497803e+02 7.6621398926e+02 7.6650897217e+02 7.6687701416e+02 7.6727600098e+02 7.6766699219e+02 7.6811798096e+02 7.6862200928e+02 7.6901898193e+02 7.6928399658e+02 7.6957098389e+02 7.6988201904e+02 7.7024798584e+02 7.7069396973e+02 7.7115600586e+02 7.7161798096e+02 7.7207800293e+02 7.7253399658e+02 7.7287500000e+02 7.7319097900e+02 7.7356597900e+02 7.7401898193e+02 7.7429302979e+02 7.7451098633e+02 7.7476898193e+02
7.5875097656e+02 7.5914001465e+02 7.5945599365e+02 7.5986798096e+02 7.6024597168e+02 7.6054199219e+02 7.6077099609e+02 7.6106298828e+02 7.6136798096e+02 7.6166900635e+02 7.6197900391e+02 7.6223602295e+02 7.6250701904e+02 7.6280102539e+02 7.6308197021e+02 7.6335699463e+02 7.6369799805e+02 7.6407000732e+02 7.6441900635e+02 7.6478900146e+02 7.6519598389e+02 7.6556597900e+02 7.6592797852e+02 7.6629302979e+02 7.6671099854e+02 7.6705102539e+02 7.6736999512e+02 7.6776397705e+02 7.6825598145e+02 7.6865899658e+02 7.6892797852e+02 7.6922601318e+02 7.6955401611e+02 7.6994299316e+02 7.7043103027e+02 7.7092797852e+02 7.7139697266e+02 7.7184997559e+02 7.7230200195e+02 7.7272698975e+02 7.7304797363e+02 7.7332098389e+02 7.7365997314e+02 7.7400897217e+02 7.7426202393e+02 7.7450299072e+02
7.5840600586e+02 7.5877502441e+02 7.5906097412e+02 7.5943298340e+02 7.5981402588e+02 7.6013598633e+02 7.6038598633e+02 7.6066900635e+02 7.6097100830e+02 7.6129199219e+02 7.6164501953e+02 7.6193701172e+02 7.6222100830e+02 7.6250897217e+02 7.6276202393e+02 7.6301599121e+02 7.6336297607e+02 7.6374597168e+02 7.6410400391e+02 7.6449902344e+02 7.6491802979e+02 7.6528900146e+02 7.6563897705e+02 7.6596502686e+02 7.6642797852e+02 7.6682897949e+02 7.6710101318e+02 7.6743402100e+02 7.6788702393e+02 7.6830700684e+02 7.6862097168e+02 7.6895697021e+02 7.6929901123e+02 7.6967797852e+02 7.7015802002e+02 7.7067700195e+02 7.7116198730e+02 7.7161901855e+02 7.7205102539e+02 7.7252398682e+02 7.7290802002e+02 7.7315100098e+02 7.7336999512e+02 7.7373498535e+02 7.7400897217e+02 7.7422900391e+02
7.5804101563e+02 7.5834100342e+02 7.5864599609e+02 7.5896502686e+02 7.5932800293e+02 7.5967602539e+02 7.5997998047e+02 7.6027301025e+02 7.6057202148e+02 7.6090197754e+02 7.6128002930e+02 7.6161297607e+02 7.6191400146e+02 7.6218798828e+02 7.6241302490e+02 7.6261999512e+02 7.6291302490e+02 7.6326599121e+02 7.6363800049e+02 7.6408300781e+02 7.6460498047e+02 7.6509899902e+02 7.6548999023e+02 7.6571600342e+02 7.6602301025e+02 7.6645501709e+02 7.6680297852e+02 7.6704901123e+02 7.6746099854e+02 7.6792401123e+02 7.6830700684e+02 7.6869097900e+02 7.6905603027e+02 7.6942401123e+02 7.6987902832e+02 7.7040899658e+02 7.7090600586e+02 7.7136798096e+02 7.7177801514e+02 7.7223602295e+02 7.7269500732e+02 7.7299597168e+02 7.7317199707e+02 7.7346697998e+02 7.7372900391e+02 7.7395599365e+02
7.5767999268e+02 7.5790899658e+02 7.5823602295e+02 7.5855999756e+02 7.5889801025e+02 7.5924499512e+02 7.5957098389e+02 7.5988201904e+02 7.6017901611e+02 7.6049798584e+02 7.6086499023e+02 7.6122399902e+02 7.6154602051e+02 7.6181500244e+02 7.6201599121e+02 7.6220001221e+02 7.6241699219e+02 7.6270697021e+02 7.6304498291e+02 7.6347399902e+02 7.6404901123e+02 7.6472698975e+02 7.6538299561e+02 7.6561901855e+02 7.6562402344e+02 7.6588598633e+02 7.6637402344e+02 7.6667999268e+02 7.6701599121e+02 7.6744201660e+02 7.6786297607e+02 7.6834197998e+02 7.6876098633e+02 7.6915997314e+02 7.6962200928e+02 7.7013702393e+02 7.7063201904e+02 7.7109100342e+02 7.7148602295e+02 7.7193103027e+02 7.7241900635e+02 7.7279901123e+02 7.7302197266e+02 7.7322698975e+02 7.7345599365e+02 7.7368499756e+02
7.5734197998e+02 7.5759301758e+02 7.5791601563e+02 7.5822399902e+02 7.5853497314e+02 7.5885198975e+02 7.5917797852e+02 7.5951599121e+02 7.5984301758e+02 7.6015899658e+02 7.6046899414e+02 7.6077197266e+02 7.6109399414e+02 7.6139697266e+02 7.6163098145e+02 7.6182098389e+02 7.6202502441e+02 7.6228100586e+02 7.6259301758e+02 7.6291198730e+02 7.6335998535e+02 7.6393499756e+02 7.6465197754e+02 7.6515301514e+02 7.6507800293e+02 7.6526098633e+02 7.6586102295e+02 7.6633599854e+02 7.6672900391e+02 7.6708197021e+02 7.6748797607e+02 7.6799700928e+02 7.6846002197e+02 7.6892700195e+02 7.6942498779e+02 7.6992498779e+02 7.7039898682e+02 7.7083898926e+02 7.7125000000e+02 7.7168103027e+02 7.7212597656e+02 7.7249700928e+02 7.7276397705e+02 7.7296697998e+02 7.7318402100e+02 7.7345300293e+02
7.5698199463e+02 7.5727301025e+02 7.5758898926e+02 7.5787902832e+02 7.5817602539e+02 7.5849597168e+02 7.5884197998e+02 7.5919799805e+02 7.5954901123e+02 7.5987097168e+02 7.6015100098e+02 7.6040197754e+02 7.6067700195e+02 7.6096801758e+02 7.6123199463e+02 7.6146099854e+02 7.6168402100e+02 7.6192401123e+02 7.6221197510e+02 7.6249597168e+02 7.6285699463e+02 7.6329498291e+02 7.6380102539e+02 7.6427197266e+02 7.6440802002e+02 7.6474200439e+02 7.6535900879e+02 7.6591302490e+02 7.6639300537e+02 7.6677197266e+02 7.6715399170e+02 7.6764898682e+02 7.6814501953e+02 7.6866101074e+02 7.6919097900e+02 7.6969598389e+02 7.7016900635e+02 7.7060101318e+02 7.7101898193e+02 7.7144201660e+02 7.7182202148e+02 7.7214300537e+02 7.7245001221e+02 7.7269097900e+02 7.7284497070e+02 7.7310498047e+02
7.5665197754e+02 7.5693902588e+02 7.5723699951e+02 7.5752197266e+02 7.5782202148e+02 7.5815600586e+02 7.5852301025e+02 7.5888500977e+02 7.5925299072e+02 7.5959100342e+02 7.5987200928e+02 7.6007397461e+02 7.6028802490e+02 7.6054699707e+02 7.6083099365e+02 7.6112799072e+02 7.6138897705e+02 7.6162902832e+02 7.6188598633e+02 7.6218103027e+02 7.6252001953e+02 7.6287902832e+02 7.6323797607e+02 7.6363800049e+02 7.6394000244e+02 7.6435198975e+02 7.6488000488e+02 7.6540698242e+02 7.6589898682e+02 7.6632897949e+02 7.6678302002e+02 7.6727801514e+02 7.6778497314e+02 7.6831799316e+02 7.6886700439e+02 7.6940698242e+02 7.6990100098e+02 7.7034100342e+02 7.7075799561e+02 7.7119799805e+02 7.7153698730e+02 7.7180297852e+02 7.7210198975e+02 7.7240502930e+02 7.7254302979e+02 7.7272497559e+02
7.5632098389e+02 7.5659997559e+02 7.5689599609e+02 7.5720800781e+02 7.5751800537e+02 7.5784197998e+02 7.5816802979e+02 7.5852099609e+02 7.5888500977e+02 7.5924597168e+02 7.5956097412e+02 7.5975299072e+02 7.5994396973e+02 7.6018402100e+02 7.6047399902e+02 7.6081402588e+02 7.6111602783e+02 7.6136999512e+02 7.6159002686e+02 7.6185400391e+02 7.6218499756e+02 7.6252197266e+02 7.6284802246e+02 7.6330102539e+02 7.6361798096e+02 7.6396600342e+02 7.6441497803e+02 7.6491400146e+02 7.6532800293e+02 7.6576800537e+02 7.6633099365e+02 7.6690802002e+02 7.6742999268e+02 7.6792602539e+02 7.6845501709e+02 7.6905200195e+02 7.6958502197e+02 7.7003900146e+02 7.7042999268e+02 7.7088201904e+02 7.7123400879e+02 7.7150799561e+02 7.7180401611e+02 7.7207598877e+02 7.7227301025e+02 7.7241699219e+02
7.5596697998e+02 7.5627099609e+02 7.5659600830e+02 7.5693902588e+02 7.5729699707e+02 7.5765997314e+02 7.5799700928e+02 7.5829199219e+02 7.5860302734e+02 7.5892498779e+02 7.5924798584e+02 7.5945501709e+02 7.5965698242e+02 7.5988598633e+02 7.6016198730e+02 7.6049902344e+02 7.6080603027e+02 7.6107897949e+02 7.6128002930e+02 7.6150500488e+02 7.6183197021e+02 7.6219299316e+02 7.6254699707e+02 7.6288000488e+02 7.6317498779e+02 7.6353900146e+02 7.6410797119e+02 7.6463098145e+02 7.6498297119e+02 7.6535302734e+02 7.6586297607e+02 7.6649597168e+02 7.6705700684e+02 7.6753198242e+02 7.6804101563e+02 7.6868200684e+02 7.6926300049e+02 7.6973498535e+02 7.7010699463e+02 7.7052301025e+02 7.7086999512e+02 7.7114898682e+02 7.7148199463e+02 7.7182098389e+02 7.7201501465e+02 7.7217102051e+02
7.5566699219e+02 7.5599499512e+02 7.5633801270e+02 7.5670098877e+02 7.5710101318e+02 7.5750097656e+02 7.5782897949e+02 7.5808300781e+02 7.5836297607e+02 7.5865399170e+02 7.5895599365e+02 7.5918701172e+02 7.5939300537e+02 7.5960498047e+02 7.5985302734e+02 7.6017797852e+02 7.6048498535e+02 7.6076599121e+02 7.6097698975e+02 7.6118902588e+02 7.6150897217e+02 7.6188800049e+02 7.6227099609e+02 7.6255798340e+02 7.6283197021e+02 7.6317401123e+02 7.6375701904e+02 7.6430999756e+02 7.6471600342e+02 7.6509497070e+02 7.6548797607e+02 7.6607098389e+02 7.6662402344e+02 7.6710900879e+02 7.6763098145e+02 7.6829400635e+02 7.6890301514e+02 7.6939202881e+02 7.6976599121e+02 7.7018103027e+02 7.7053302002e+02 7.7080999756e+02 7.7110101318e+02 7.7144299316e+02 7.7167901611e+02 7.7190100098e+02
7.5539398193e+02 7.5575500488e+02 7.5610601807e+02 7.5645898438e+02 7.5687097168e+02 7.5727899170e+02 7.5759899902e+02 7.5784497070e+02 7.5811199951e+02 7.5838598633e+02 7.5867401123e+02 7.5892199707e+02 7.5912799072e+02 7.5932598877e+02 7.5954901123e+02 7.5985400391e+02 7.6015600586e+02 7.6044097900e+02 7.6067401123e+02 7.6088598633e+02 7.6118902588e+02 7.6156799316e+02 7.6198602295e+02 7.6232501221e+02 7.6263000488e+02 7.6290802002e+02 7.6334497070e+02 7.6386602783e+02 7.6431597900e+02 7.6475201416e+02 7.6513897705e+02 7.6564398193e+02 7.6618200684e+02 7.6669097900e+02 7.6724401855e+02 7.6791302490e+02 7.6853601074e+02 7.6903601074e+02 7.6941900635e+02 7.6980700684e+02 7.7015899658e+02 7.7045098877e+02 7.7070599365e+02 7.7100799561e+02 7.7129498291e+02 7.7158502197e+02
