TESTSERVER/20/2.asc
NCOLS 100
NROWS 100
XLLCORNER 8.4997500000e+03
YLLCORNER 2.8985025000e+05
CELLSIZE 5.0000000000e-01
NODATA_VALUE -9.9990000000e+03
[rows 80 to 99 of 100, columns 46 to 91 of 100]
7.5507702637e+02 7.5545898438e+02 7.5585498047e+02 7.5618298340e+02 7.5654699707e+02 7.5691699219e+02 7.5721801758e+02 7.5752600098e+02 7.5781201172e+02 7.5809399414e+02 7.5837298584e+02 7.5862200928e+02 7.5883300781e+02 7.5903900146e+02 7.5926898193e+02 7.5953198242e+02 7.5981500244e+02 7.6009399414e+02 7.6034100342e+02 7.6058398438e+02 7.6086798096e+02 7.6122601318e+02 7.6165600586e+02 7.6208197021e+02 7.6244201660e+02 7.6271600342e+02 7.6296197510e+02 7.6338800049e+02 7.6379797363e+02 7.6421002197e+02 7.6464898682e+02 7.6515100098e+02 7.6571301270e+02 7.6630902100e+02 7.6690997314e+02 7.6756402588e+02 7.6820202637e+02 7.6872601318e+02 7.6914398193e+02 7.6946801758e+02 7.6979699707e+02 7.7011199951e+02 7.7041302490e+02 7.7069598389e+02 7.7098199463e+02 7.7124700928e+02
7.5483300781e+02 7.5522900391e+02 7.5559002686e+02 7.5588500977e+02 7.5619500732e+02 7.5651702881e+02 7.5684698486e+02 7.5716198730e+02 7.5747399902e+02 7.5777301025e+02 7.5804797363e+02 7.5827801514e+02 7.5849401855e+02 7.5871502686e+02 7.5895501709e+02 7.5922399902e+02 7.5948999023e+02 7.5976202393e+02 7.6003900146e+02 7.6029797363e+02 7.6057202148e+02 7.6089202881e+02 7.6126501465e+02 7.6168103027e+02 7.6208599854e+02 7.6246099854e+02 7.6280297852e+02 7.6311901855e+02 7.6346099854e+02 7.6382800293e+02 7.6422497559e+02 7.6465600586e+02 7.6521099854e+02 7.6589202881e+02 7.6657299805e+02 7.6724700928e+02 7.6790399170e+02 7.6845501709e+02 7.6889300537e+02 7.6922698975e+02 7.6951300049e+02 7.6980902100e+02 7.7011297607e+02 7.7035998535e+02 7.7057397461e+02 7.7077398682e+02
7.5460699463e+02 7.5500299072e+02 7.5532800293e+02 7.5560498047e+02 7.5590100098e+02 7.5620098877e+02 7.5651000977e+02 7.5683502197e+02 7.5715399170e+02 7.5745599365e+02 7.5771997070e+02 7.5793902588e+02 7.5815600586e+02 7.5838000488e+02 7.5863800049e+02 7.5891601563e+02 7.5918200684e+02 7.5945501709e+02 7.5973602295e+02 7.6001501465e+02 7.6029498291e+02 7.6059698486e+02 7.6093701172e+02 7.6129400635e+02 7.6169201660e+02 7.6210302734e+02 7.6253997803e+02 7.6290997314e+02 7.6327301025e+02 7.6365997314e+02 7.6402099609e+02 7.6433398438e+02 7.6481402588e+02 7.6549700928e+02 7.6627801514e+02 7.6698901367e+02 7.6763800049e+02 7.6818701172e+02 7.6863201904e+02 7.6895098877e+02 7.6918902588e+02 7.6944500732e+02 7.6975000000e+02 7.7000799561e+02 7.7020501709e+02 7.7036102295e+02
7.5427697754e+02 7.5464697266e+02 7.5500097656e+02 7.5531799316e+02 7.5562799072e+02 7.5592401123e+02 7.5620898438e+02 7.5652600098e+02 7.5684197998e+02 7.5714099121e+02 7.5739501953e+02 7.5760498047e+02 7.5782202148e+02 7.5804699707e+02 7.5831298828e+02 7.5859899902e+02 7.5886798096e+02 7.5914697266e+02 7.5943103027e+02 7.5972998047e+02 7.6002899170e+02 7.6033197021e+02 7.6066699219e+02 7.6100897217e+02 7.6137701416e+02 7.6176300049e+02 7.6217297363e+02 7.6260699463e+02 7.6304602051e+02 7.6347900391e+02 7.6386401367e+02 7.6411700439e+02 7.6453198242e+02 7.6520800781e+02 7.6605200195e+02 7.6675799561e+02 7.6737298584e+02 7.6789501953e+02 7.6833099365e+02 7.6863598633e+02 7.6884301758e+02 7.6906701660e+02 7.6935699463e+02 7.6966497803e+02 7.6990399170e+02 7.7005999756e+02
7.5388098145e+02 7.5422900391e+02 7.5461401367e+02 7.5499102783e+02 7.5534100342e+02 7.5565600586e+02 7.5594598389e+02 7.5624200439e+02 7.5654101563e+02 7.5682501221e+02 7.5709002686e+02 7.5729797363e+02 7.5749499512e+02 7.5770098877e+02 7.5792700195e+02 7.5824499512e+02 7.5852899170e+02 7.5882397461e+02 7.5911401367e+02 7.5944201660e+02 7.5975897217e+02 7.6005902100e+02 7.6038800049e+02 7.6074597168e+02 7.6109497070e+02 7.6146600342e+02 7.6184197998e+02 7.6226000977e+02 7.6274200439e+02 7.6319000244e+02 7.6359899902e+02 7.6390899658e+02 7.6434197998e+02 7.6503399658e+02 7.6587597656e+02 7.6651098633e+02 7.6707000732e+02 7.6755700684e+02 7.6799102783e+02 7.6831701660e+02 7.6854797363e+02 7.6876202393e+02 7.6900097656e+02 7.6927697754e+02 7.6954699707e+02 7.6976501465e+02
7.5353601074e+02 7.5388500977e+02 7.5427899170e+02 7.5466699219e+02 7.5503802490e+02 7.5537097168e+02 7.5565301514e+02 7.5595202637e+02 7.5625598145e+02 7.5654797363e+02 7.5682397461e+02 7.5704101563e+02 7.5721697998e+02 7.5739501953e+02 7.5761401367e+02 7.5789697266e+02 7.5819097900e+02 7.5849700928e+02 7.5881097412e+02 7.5915997314e+02 7.5947698975e+02 7.5976702881e+02 7.6012701416e+02 7.6049902344e+02 7.6083599854e+02 7.6117199707e+02 7.6148901367e+02 7.6192297363e+02 7.6243298340e+02 7.6288500977e+02 7.6330700684e+02 7.6371502686e+02 7.6420501709e+02 7.6487097168e+02 7.6561901855e+02 7.6625299072e+02 7.6680200195e+02 7.6726501465e+02 7.6767901611e+02 7.6805297852e+02 7.6833898926e+02 7.6855102539e+02 7.6871002197e+02 7.6890197754e+02 7.6919598389e+02 7.6947100830e+02
7.5322100830e+02 7.5356799316e+02 7.5395001221e+02 7.5433099365e+02 7.5471197510e+02 7.5506097412e+02 7.5534997559e+02 7.5564501953e+02 7.5595898438e+02 7.5626397705e+02 7.5655200195e+02 7.5677801514e+02 7.5696002197e+02 7.5713800049e+02 7.5733898926e+02 7.5760900879e+02 7.5790399170e+02 7.5820898438e+02 7.5851702881e+02 7.5884899902e+02 7.5915997314e+02 7.5945898438e+02 7.5983001709e+02 7.6016302490e+02 7.6055603027e+02 7.6095697021e+02 7.6125402832e+02 7.6167297363e+02 7.6213098145e+02 7.6258898926e+02 7.6306500244e+02 7.6356298828e+02 7.6409100342e+02 7.6470697021e+02 7.6537298584e+02 7.6599700928e+02 7.6652801514e+02 7.6696099854e+02 7.6733599854e+02 7.6774102783e+02 7.6807598877e+02 7.6831298828e+02 7.6845397949e+02 7.6860400391e+02 7.6890197754e+02 7.6921099854e+02
7.5287597656e+02 7.5321600342e+02 7.5358898926e+02 7.5396697998e+02 7.5435699463e+02 7.5472399902e+02 7.5502899170e+02 7.5532702637e+02 7.5564898682e+02 7.5596197510e+02 7.5626501465e+02 7.5650897217e+02 7.5670697021e+02 7.5689697266e+02 7.5709899902e+02 7.5736102295e+02 7.5765100098e+02 7.5794897461e+02 7.5824298096e+02 7.5854602051e+02 7.5884497070e+02 7.5914202881e+02 7.5951599121e+02 7.5983197021e+02 7.6024298096e+02 7.6069097900e+02 7.6102600098e+02 7.6145098877e+02 7.6187500000e+02 7.6239801025e+02 7.6297698975e+02 7.6347900391e+02 7.6397198486e+02 7.6450299072e+02 7.6509698486e+02 7.6568701172e+02 7.6617999268e+02 7.6657897949e+02 7.6691802979e+02 7.6731896973e+02 7.6769598389e+02 7.6798498535e+02 7.6815600586e+02 7.6828802490e+02 7.6856201172e+02 7.6887097168e+02
7.5254199219e+02 7.5286401367e+02 7.5318798828e+02 7.5357202148e+02 7.5397100830e+02 7.5435198975e+02 7.5465698242e+02 7.5499499512e+02 7.5531500244e+02 7.5561798096e+02 7.5589001465e+02 7.5620501709e+02 7.5643798828e+02 7.5666101074e+02 7.5688800049e+02 7.5712902832e+02 7.5740899658e+02 7.5770599365e+02 7.5800500488e+02 7.5828900146e+02 7.5858197021e+02 7.5886700439e+02 7.5924298096e+02 7.5955200195e+02 7.5988397217e+02 7.6029302979e+02 7.6069897461e+02 7.6110101318e+02 7.6151300049e+02 7.6213299561e+02 7.6288201904e+02 7.6344396973e+02 7.6385400391e+02 7.6426898193e+02 7.6475500488e+02 7.6525500488e+02 7.6570898438e+02 7.6609802246e+02 7.6642999268e+02 7.6680499268e+02 7.6720202637e+02 7.6754998779e+02 7.6780297852e+02 7.6794396973e+02 7.6815100098e+02 7.6840802002e+02
7.5223101807e+02 7.5253900146e+02 7.5284899902e+02 7.5320300293e+02 7.5357501221e+02 7.5394097900e+02 7.5429400635e+02 7.5465502930e+02 7.5497802734e+02 7.5527301025e+02 7.5557501221e+02 7.5588897705e+02 7.5615997314e+02 7.5641699219e+02 7.5666302490e+02 7.5690399170e+02 7.5716302490e+02 7.5744500732e+02 7.5772998047e+02 7.5802600098e+02 7.5830603027e+02 7.5857098389e+02 7.5892700195e+02 7.5923400879e+02 7.5955297852e+02 7.5991302490e+02 7.6034600830e+02 7.6070202637e+02 7.6110900879e+02 7.6170501709e+02 7.6249798584e+02 7.6316302490e+02 7.6363598633e+02 7.6402801514e+02 7.6442297363e+02 7.6479602051e+02 7.6519097900e+02 7.6557397461e+02 7.6593402100e+02 7.6631799316e+02 7.6672802734e+02 7.6710498047e+02 7.6741302490e+02 7.6759301758e+02 7.6777801514e+02 7.6800598145e+02
7.5191400146e+02 7.5222399902e+02 7.5253802490e+02 7.5288098145e+02 7.5323199463e+02 7.5358502197e+02 7.5396099854e+02 7.5434301758e+02 7.5467102051e+02 7.5497100830e+02 7.5527099609e+02 7.5559002686e+02 7.5587902832e+02 7.5615002441e+02 7.5641198730e+02 7.5665197754e+02 7.5689001465e+02 7.5714697266e+02 7.5741699219e+02 7.5771002197e+02 7.5798199463e+02 7.5821197510e+02 7.5853100586e+02 7.5894799805e+02 7.5932202148e+02 7.5961401367e+02 7.5995697021e+02 7.6031799316e+02 7.6084301758e+02 7.6146997070e+02 7.6216198730e+02 7.6288000488e+02 7.6341601563e+02 7.6381701660e+02 7.6415301514e+02 7.6445501709e+02 7.6479400635e+02 7.6514300537e+02 7.6548999023e+02 7.6585400391e+02 7.6625402832e+02 7.6664599609e+02 7.6699700928e+02 7.6725000000e+02 7.6746398926e+02 7.6768701172e+02
7.5160900879e+02 7.5192999268e+02 7.5225701904e+02 7.5261700439e+02 7.5296801758e+02 7.5331298828e+02 7.5367199707e+02 7.5404498291e+02 7.5437701416e+02 7.5467999268e+02 7.5497198486e+02 7.5528601074e+02 7.5558099365e+02 7.5585900879e+02 7.5612298584e+02 7.5636401367e+02 7.5659497070e+02 7.5683398438e+02 7.5707800293e+02 7.5736102295e+02 7.5765502930e+02 7.5787500000e+02 7.5811297607e+02 7.5856201172e+02 7.5895800781e+02 7.5923297119e+02 7.5955798340e+02 7.6000701904e+02 7.6068701172e+02 7.6135400391e+02 7.6190197754e+02 7.6261199951e+02 7.6319299316e+02 7.6360797119e+02 7.6391198730e+02 7.6418902588e+02 7.6449102783e+02 7.6480603027e+02 7.6512097168e+02 7.6543597412e+02 7.6579498291e+02 7.6617602539e+02 7.6656500244e+02 7.6690502930e+02 7.6715802002e+02 7.6737500000e+02
7.5130102539e+02 7.5163299561e+02 7.5197802734e+02 7.5240197754e+02 7.5278198242e+02 7.5311602783e+02 7.5341601563e+02 7.5374499512e+02 7.5407598877e+02 7.5438299561e+02 7.5467102051e+02 7.5496398926e+02 7.5525500488e+02 7.5553497314e+02 7.5578601074e+02 7.5604901123e+02 7.5629302979e+02 7.5652301025e+02 7.5674200439e+02 7.5702301025e+02 7.5734197998e+02 7.5759899902e+02 7.5783398438e+02 7.5817602539e+02 7.5856097412e+02 7.5890399170e+02 7.5927001953e+02 7.5976599121e+02 7.6045898438e+02 7.6112799072e+02 7.6166998291e+02 7.6233697510e+02 7.6290502930e+02 7.6331896973e+02 7.6362097168e+02 7.6391198730e+02 7.6421398926e+02 7.6451599121e+02 7.6481298828e+02 7.6507000732e+02 7.6536199951e+02 7.6571398926e+02 7.6611999512e+02 7.6649298096e+02 7.6676800537e+02 7.6698602295e+02
7.5098999023e+02 7.5129901123e+02 7.5166998291e+02 7.5212799072e+02 7.5251202393e+02 7.5280999756e+02 7.5306298828e+02 7.5339801025e+02 7.5373901367e+02 7.5405999756e+02 7.5436602783e+02 7.5466400146e+02 7.5496099854e+02 7.5524298096e+02 7.5548999023e+02 7.5572698975e+02 7.5594000244e+02 7.5615002441e+02 7.5639801025e+02 7.5671502686e+02 7.5706597900e+02 7.5733502197e+02 7.5751501465e+02 7.5779602051e+02 7.5819201660e+02 7.5860699463e+02 7.5901800537e+02 7.5947601318e+02 7.6002301025e+02 7.6068701172e+02 7.6139599609e+02 7.6203002930e+02 7.6253698730e+02 7.6294396973e+02 7.6327899170e+02 7.6363098145e+02 7.6397802734e+02 7.6427697754e+02 7.6454199219e+02 7.6477099609e+02 7.6500799561e+02 7.6529602051e+02 7.6564202881e+02 7.6597601318e+02 7.6627398682e+02 7.6654699707e+02
7.5070501709e+02 7.5098400879e+02 7.5133697510e+02 7.5177099609e+02 7.5214398193e+02 7.5243298340e+02 7.5267797852e+02 7.5302697754e+02 7.5338201904e+02 7.5371801758e+02 7.5403601074e+02 7.5434802246e+02 7.5466302490e+02 7.5496002197e+02 7.5520898438e+02 7.5540399170e+02 7.5558697510e+02 7.5579400635e+02 7.5604998779e+02 7.5633398438e+02 7.5670800781e+02 7.5701397705e+02 7.5718499756e+02 7.5737097168e+02 7.5767602539e+02 7.5811901855e+02 7.5866900635e+02 7.5913800049e+02 7.5957897949e+02 7.6018499756e+02 7.6098901367e+02 7.6161297607e+02 7.6210601807e+02 7.6253100586e+02 7.6293298340e+02 7.6338397217e+02 7.6376501465e+02 7.6406701660e+02 7.6429699707e+02 7.6451800537e+02 7.6473797607e+02 7.6496997070e+02 7.6523101807e+02 7.6553497314e+02 7.6584600830e+02 7.6616497803e+02
7.5044396973e+02 7.5071099854e+02 7.5103497314e+02 7.5140698242e+02 7.5175201416e+02 7.5203601074e+02 7.5229602051e+02 7.5265899658e+02 7.5302398682e+02 7.5336700439e+02 7.5368402100e+02 7.5400201416e+02 7.5433801270e+02 7.5465698242e+02 7.5492199707e+02 7.5508801270e+02 7.5526397705e+02 7.5547900391e+02 7.5573297119e+02 7.5596997070e+02 7.5629797363e+02 7.5660198975e+02 7.5683001709e+02 7.5703399658e+02 7.5725897217e+02 7.5761700439e+02 7.5816400146e+02 7.5867999268e+02 7.5911798096e+02 7.5968798828e+02 7.6045501709e+02 7.6107598877e+02 7.6158099365e+02 7.6202697754e+02 7.6244500732e+02 7.6291998291e+02 7.6333599854e+02 7.6368402100e+02 7.6396502686e+02 7.6423199463e+02 7.6448602295e+02 7.6470300293e+02 7.6489099121e+02 7.6514898682e+02 7.6546197510e+02 7.6580499268e+02
7.5021002197e+02 7.5050799561e+02 7.5082397461e+02 7.5108801270e+02 7.5138397217e+02 7.5167297363e+02 7.5196398926e+02 7.5231201172e+02 7.5267700195e+02 7.5302801514e+02 7.5334301758e+02 7.5364801025e+02 7.5399298096e+02 7.5432800293e+02 7.5460797119e+02 7.5477697754e+02 7.5495098877e+02 7.5515502930e+02 7.5539599609e+02 7.5568298340e+02 7.5594598389e+02 7.5619097900e+02 7.5646398926e+02 7.5673999023e+02 7.5696502686e+02 7.5723498535e+02 7.5761401367e+02 7.5812097168e+02 7.5865197754e+02 7.5924597168e+02 7.5988299561e+02 7.6043902588e+02 7.6094897461e+02 7.6138201904e+02 7.6170098877e+02 7.6216601563e+02 7.6262597656e+02 7.6306799316e+02 7.6347497559e+02 7.6383697510e+02 7.6416998291e+02 7.6441998291e+02 7.6459399414e+02 7.6479998779e+02 7.6508300781e+02 7.6540802002e+02
7.4990502930e+02 7.5026501465e+02 7.5061102295e+02 7.5086499023e+02 7.5112097168e+02 7.5139501953e+02 7.5166998291e+02 7.5200402832e+02 7.5235601807e+02 7.5270098877e+02 7.5300701904e+02 7.5330798340e+02 7.5363201904e+02 7.5395300293e+02 7.5425000000e+02 7.5445098877e+02 7.5461102295e+02 7.5479400635e+02 7.5502600098e+02 7.5535797119e+02 7.5563598633e+02 7.5586401367e+02 7.5614697266e+02 7.5640002441e+02 7.5661901855e+02 7.5690100098e+02 7.5722900391e+02 7.5765899658e+02 7.5813500977e+02 7.5866101074e+02 7.5921002197e+02 7.5975598145e+02 7.6030798340e+02 7.6077398682e+02 7.6115899658e+02 7.6153497314e+02 7.6194799805e+02 7.6235900879e+02 7.6282397461e+02 7.6331298828e+02 7.6372698975e+02 7.6404400635e+02 7.6426599121e+02 7.6448101807e+02 7.6472497559e+02 7.6502301025e+02
7.4962597656e+02 7.4998199463e+02 7.5032702637e+02 7.5059802246e+02 7.5086499023e+02 7.5114300537e+02 7.5142199707e+02 7.5174200439e+02 7.5207299805e+02 7.5239599609e+02 7.5268298340e+02 7.5295397949e+02 7.5325000000e+02 7.5354998779e+02 7.5383697510e+02 7.5403802490e+02 7.5420697021e+02 7.5440100098e+02 7.5464398193e+02 7.5498101807e+02 7.5527398682e+02 7.5552398682e+02 7.5585302734e+02 7.5615301514e+02 7.5633599854e+02 7.5659301758e+02 7.5691497803e+02 7.5730200195e+02 7.5770202637e+02 7.5813098145e+02 7.5861401367e+02 7.5918200684e+02 7.5976000977e+02 7.6023400879e+02 7.6066802979e+02 7.6106597900e+02 7.6145501709e+02 7.6182598877e+02 7.6221899414e+02 7.6268499756e+02 7.6313897705e+02 7.6353497314e+02 7.6385900879e+02 7.6412200928e+02 7.6438702393e+02 7.6471099854e+02
7.4942797852e+02 7.4976898193e+02 7.5007397461e+02 7.5035302734e+02 7.5063598633e+02 7.5092297363e+02 7.5120501709e+02 7.5150897217e+02 7.5181298828e+02 7.5210797119e+02 7.5237097168e+02 7.5260699463e+02 7.5286999512e+02 7.5314697266e+02 7.5341601563e+02 7.5361700439e+02 7.5381201172e+02 7.5402899170e+02 7.5428002930e+02 7.5459399414e+02 7.5488800049e+02 7.5515002441e+02 7.5552099609e+02 7.5592797852e+02 7.5606701660e+02 7.5627099609e+02 7.5660400391e+02 7.5696997070e+02 7.5730297852e+02 7.5763299561e+02 7.5804797363e+02 7.5868200684e+02 7.5929797363e+02 7.5976202393e+02 7.6019396973e+02 7.6061102295e+02 7.6100897217e+02 7.6137500000e+02 7.6168103027e+02 7.6204998779e+02 7.6249902344e+02 7.6295202637e+02 7.6336700439e+02 7.6368902588e+02 7.6400799561e+02 7.6437701416e+02
