TESTSERVER/20/2.asc
NCOLS 100
NROWS 100
XLLCORNER 8.4997500000e+03
YLLCORNER 2.8985025000e+05
CELLSIZE 5.0000000000e-01
NODATA_VALUE -9.9990000000e+03
[rows 80 to 99 of 100, columns 0 to 45 of 100]
7.4073297119e+02 7.4109899902e+02 7.4142999268e+02 7.4173199463e+02 7.4202197266e+02 7.4228698730e+02 7.4257397461e+02 7.4287701416e+02 7.4319396973e+02 7.4348400879e+02 7.4373199463e+02 7.4394299316e+02 7.4413299561e+02 7.4434399414e+02 7.4458099365e+02 7.4485101318e+02 7.4515698242e+02 7.4546801758e+02 7.4582202148e+02 7.4620800781e+02 7.4661901855e+02 7.4695501709e+02 7.4722698975e+02 7.4753802490e+02 7.4791802979e+02 7.4827502441e+02 7.4865197754e+02 7.4905700684e+02 7.4946197510e+02 7.4976599121e+02 7.5003900146e+02 7.5034002686e+02 7.5069897461e+02 7.5106500244e+02 7.5142498779e+02 7.5176599121e+02 7.5205603027e+02 7.5238598633e+02 7.5270599365e+02 7.5301800537e+02 7.5333502197e+02 7.5363201904e+02 7.5390002441e+02 7.5417199707e+02 7.5447497559e+02 7.5475500488e+02
7.4046197510e+02 7.4081799316e+02 7.4115698242e+02 7.4147998047e+02 7.4179699707e+02 7.4210900879e+02 7.4240502930e+02 7.4269500732e+02 7.4298901367e+02 7.4328100586e+02 7.4353900146e+02 7.4374902344e+02 7.4393798828e+02 7.4414001465e+02 7.4436700439e+02 7.4462902832e+02 7.4493298340e+02 7.4525897217e+02 7.4560198975e+02 7.4596099854e+02 7.4632598877e+02 7.4661901855e+02 7.4690301514e+02 7.4722302246e+02 7.4760900879e+02 7.4800500488e+02 7.4838598633e+02 7.4875598145e+02 7.4911102295e+02 7.4941900635e+02 7.4966802979e+02 7.4994500732e+02 7.5031799316e+02 7.5070898438e+02 7.5106500244e+02 7.5138598633e+02 7.5167297363e+02 7.5201702881e+02 7.5235900879e+02 7.5266900635e+02 7.5296697998e+02 7.5324902344e+02 7.5352197266e+02 7.5381896973e+02 7.5414300537e+02 7.5445800781e+02
7.4014697266e+02 7.4049298096e+02 7.4083398438e+02 7.4117700195e+02 7.4153399658e+02 7.4189501953e+02 7.4221301270e+02 7.4250799561e+02 7.4279199219e+02 7.4308697510e+02 7.4335699463e+02 7.4357897949e+02 7.4376702881e+02 7.4396099854e+02 7.4417797852e+02 7.4442401123e+02 7.4471099854e+02 7.4503100586e+02 7.4538000488e+02 7.4573901367e+02 7.4608599854e+02 7.4637799072e+02 7.4665997314e+02 7.4697100830e+02 7.4735699463e+02 7.4778497314e+02 7.4817999268e+02 7.4853497314e+02 7.4882800293e+02 7.4909197998e+02 7.4931799316e+02 7.4957598877e+02 7.4994201660e+02 7.5034899902e+02 7.5071099854e+02 7.5102899170e+02 7.5131799316e+02 7.5164898682e+02 7.5197100830e+02 7.5225799561e+02 7.5253302002e+02 7.5281500244e+02 7.5310601807e+02 7.5342401123e+02 7.5376300049e+02 7.5416198730e+02
7.3981597900e+02 7.4014898682e+02 7.4048999023e+02 7.4085101318e+02 7.4123999023e+02 7.4163500977e+02 7.4197399902e+02 7.4228100586e+02 7.4257098389e+02 7.4286798096e+02 7.4315301514e+02 7.4339398193e+02 7.4359002686e+02 7.4378802490e+02 7.4400598145e+02 7.4424401855e+02 7.4450799561e+02 7.4481500244e+02 7.4517297363e+02 7.4553997803e+02 7.4588299561e+02 7.4618597412e+02 7.4647198486e+02 7.4677600098e+02 7.4713598633e+02 7.4755499268e+02 7.4795397949e+02 7.4830401611e+02 7.4856896973e+02 7.4879101563e+02 7.4899597168e+02 7.4924700928e+02 7.4960198975e+02 7.5001202393e+02 7.5038397217e+02 7.5070300293e+02 7.5096997070e+02 7.5122698975e+02 7.5151300049e+02 7.5179699707e+02 7.5207702637e+02 7.5237200928e+02 7.5268701172e+02 7.5303100586e+02 7.5338598633e+02 7.5382598877e+02
7.3949200439e+02 7.3981097412e+02 7.4014300537e+02 7.4051300049e+02 7.4091998291e+02 7.4132800293e+02 7.4167498779e+02 7.4199102783e+02 7.4227600098e+02 7.4259997559e+02 7.4289697266e+02 7.4316302490e+02 7.4339801025e+02 7.4361798096e+02 7.4385101318e+02 7.4409197998e+02 7.4435198975e+02 7.4463397217e+02 7.4498797607e+02 7.4535101318e+02 7.4566802979e+02 7.4597998047e+02 7.4628002930e+02 7.4658599854e+02 7.4689398193e+02 7.4723699951e+02 7.4761102295e+02 7.4796997070e+02 7.4826397705e+02 7.4849700928e+02 7.4870599365e+02 7.4894500732e+02 7.4927697754e+02 7.4970397949e+02 7.5009698486e+02 7.5041198730e+02 7.5063397217e+02 7.5080102539e+02 7.5105999756e+02 7.5136700439e+02 7.5167102051e+02 7.5197198486e+02 7.5230297852e+02 7.5267602539e+02 7.5308599854e+02 7.5349200439e+02
7.3922302246e+02 7.3955798340e+02 7.3990600586e+02 7.4027801514e+02 7.4064300537e+02 7.4097698975e+02 7.4134600830e+02 7.4169702148e+02 7.4197497559e+02 7.4224499512e+02 7.4254699707e+02 7.4284899902e+02 7.4313897705e+02 7.4340698242e+02 7.4365899658e+02 7.4390600586e+02 7.4414599609e+02 7.4444500732e+02 7.4480700684e+02 7.4515600586e+02 7.4544598389e+02 7.4574401855e+02 7.4605200195e+02 7.4637701416e+02 7.4669396973e+02 7.4694097900e+02 7.4723199463e+02 7.4755499268e+02 7.4787799072e+02 7.4817999268e+02 7.4842797852e+02 7.4866302490e+02 7.4898297119e+02 7.4937402344e+02 7.4977001953e+02 7.5007000732e+02 7.5026397705e+02 7.5040997314e+02 7.5063500977e+02 7.5092297363e+02 7.5123699951e+02 7.5157501221e+02 7.5192199707e+02 7.5233001709e+02 7.5277301025e+02 7.5317199707e+02
7.3897302246e+02 7.3932397461e+02 7.3969299316e+02 7.4007202148e+02 7.4039599609e+02 7.4065997314e+02 7.4104998779e+02 7.4145800781e+02 7.4173901367e+02 7.4194396973e+02 7.4222198486e+02 7.4252600098e+02 7.4284100342e+02 7.4313598633e+02 7.4340698242e+02 7.4366699219e+02 7.4391302490e+02 7.4422998047e+02 7.4459899902e+02 7.4495300293e+02 7.4525897217e+02 7.4554699707e+02 7.4584399414e+02 7.4616900635e+02 7.4650701904e+02 7.4674902344e+02 7.4700299072e+02 7.4728198242e+02 7.4756701660e+02 7.4785400391e+02 7.4813098145e+02 7.4841699219e+02 7.4870397949e+02 7.4903900146e+02 7.4939801025e+02 7.4967297363e+02 7.4985900879e+02 7.5003497314e+02 7.5025201416e+02 7.5053302002e+02 7.5085601807e+02 7.5122198486e+02 7.5159997559e+02 7.5202801514e+02 7.5247497559e+02 7.5286901855e+02
7.3872100830e+02 7.3906500244e+02 7.3944598389e+02 7.3983398438e+02 7.4017102051e+02 7.4039501953e+02 7.4075701904e+02 7.4118499756e+02 7.4150097656e+02 7.4169396973e+02 7.4195098877e+02 7.4223602295e+02 7.4252899170e+02 7.4282800293e+02 7.4311297607e+02 7.4338800049e+02 7.4365802002e+02 7.4400000000e+02 7.4436700439e+02 7.4474102783e+02 7.4510699463e+02 7.4539300537e+02 7.4566998291e+02 7.4597497559e+02 7.4631701660e+02 7.4659301758e+02 7.4683801270e+02 7.4708300781e+02 7.4732299805e+02 7.4757299805e+02 7.4785699463e+02 7.4816802979e+02 7.4842797852e+02 7.4870599365e+02 7.4902301025e+02 7.4928100586e+02 7.4947698975e+02 7.4969702148e+02 7.4992199707e+02 7.5020001221e+02 7.5053002930e+02 7.5092102051e+02 7.5131799316e+02 7.5174200439e+02 7.5215399170e+02 7.5253002930e+02
7.3845599365e+02 7.3877502441e+02 7.3915502930e+02 7.3954498291e+02 7.3989501953e+02 7.4014801025e+02 7.4043798828e+02 7.4080200195e+02 7.4115100098e+02 7.4144897461e+02 7.4172601318e+02 7.4199401855e+02 7.4225500488e+02 7.4250299072e+02 7.4278601074e+02 7.4308398438e+02 7.4341900635e+02 7.4375097656e+02 7.4408801270e+02 7.4446398926e+02 7.4495800781e+02 7.4527502441e+02 7.4553302002e+02 7.4582202148e+02 7.4614801025e+02 7.4641497803e+02 7.4666198730e+02 7.4688098145e+02 7.4711499023e+02 7.4736499023e+02 7.4762597656e+02 7.4787701416e+02 7.4812200928e+02 7.4835998535e+02 7.4864599609e+02 7.4890600586e+02 7.4912298584e+02 7.4936499023e+02 7.4960699463e+02 7.4990301514e+02 7.5024401855e+02 7.5063397217e+02 7.5102502441e+02 7.5143902588e+02 7.5185900879e+02 7.5220300293e+02
7.3820397949e+02 7.3852197266e+02 7.3886798096e+02 7.3921697998e+02 7.3954602051e+02 7.3981597900e+02 7.4010998535e+02 7.4043701172e+02 7.4079797363e+02 7.4114202881e+02 7.4145599365e+02 7.4174102783e+02 7.4197698975e+02 7.4218701172e+02 7.4243701172e+02 7.4273602295e+02 7.4311700439e+02 7.4347399902e+02 7.4376000977e+02 7.4407098389e+02 7.4453997803e+02 7.4493298340e+02 7.4528497314e+02 7.4565600586e+02 7.4599499512e+02 7.4626000977e+02 7.4646801758e+02 7.4664501953e+02 7.4687097168e+02 7.4712402344e+02 7.4737402344e+02 7.4762200928e+02 7.4787701416e+02 7.4811700439e+02 7.4838598633e+02 7.4862799072e+02 7.4882397461e+02 7.4903802490e+02 7.4930499268e+02 7.4967498779e+02 7.5005499268e+02 7.5043298340e+02 7.5079101563e+02 7.5118701172e+02 7.5159197998e+02 7.5191699219e+02
7.3796997070e+02 7.3828399658e+02 7.3860101318e+02 7.3891699219e+02 7.3922900391e+02 7.3953302002e+02 7.3984600830e+02 7.4016802979e+02 7.4049401855e+02 7.4083801270e+02 7.4116900635e+02 7.4146697998e+02 7.4170300293e+02 7.4188098145e+02 7.4209497070e+02 7.4236102295e+02 7.4271398926e+02 7.4305499268e+02 7.4338800049e+02 7.4372497559e+02 7.4413397217e+02 7.4452600098e+02 7.4490698242e+02 7.4530902100e+02 7.4569702148e+02 7.4601098633e+02 7.4622900391e+02 7.4637200928e+02 7.4654498291e+02 7.4683099365e+02 7.4708300781e+02 7.4733300781e+02 7.4759197998e+02 7.4782897949e+02 7.4809100342e+02 7.4834997559e+02 7.4858197021e+02 7.4879302979e+02 7.4906500244e+02 7.4945898438e+02 7.4985101318e+02 7.5022100830e+02 7.5056896973e+02 7.5093402100e+02 7.5128497314e+02 7.5159899902e+02
7.3775000000e+02 7.3804797363e+02 7.3834399414e+02 7.3863897705e+02 7.3894799805e+02 7.3928802490e+02 7.3962200928e+02 7.3994702148e+02 7.4023602295e+02 7.4055297852e+02 7.4088598633e+02 7.4119000244e+02 7.4143597412e+02 7.4159899902e+02 7.4178100586e+02 7.4201098633e+02 7.4230102539e+02 7.4262402344e+02 7.4303198242e+02 7.4342999268e+02 7.4382098389e+02 7.4418499756e+02 7.4451800537e+02 7.4486901855e+02 7.4524102783e+02 7.4560900879e+02 7.4590100098e+02 7.4608099365e+02 7.4621197510e+02 7.4652697754e+02 7.4680200195e+02 7.4704302979e+02 7.4726702881e+02 7.4748101807e+02 7.4774200439e+02 7.4803698730e+02 7.4834197998e+02 7.4859301758e+02 7.4885797119e+02 7.4922198486e+02 7.4958001709e+02 7.4991900635e+02 7.5026300049e+02 7.5061901855e+02 7.5094396973e+02 7.5127502441e+02
7.3752899170e+02 7.3781402588e+02 7.3809698486e+02 7.3838299561e+02 7.3868798828e+02 7.3902301025e+02 7.3935601807e+02 7.3968701172e+02 7.3999401855e+02 7.4028900146e+02 7.4061999512e+02 7.4092498779e+02 7.4115301514e+02 7.4133898926e+02 7.4151702881e+02 7.4172497559e+02 7.4200897217e+02 7.4233599854e+02 7.4274902344e+02 7.4316601563e+02 7.4349798584e+02 7.4385400391e+02 7.4416998291e+02 7.4447497559e+02 7.4479101563e+02 7.4514300537e+02 7.4548602295e+02 7.4577197266e+02 7.4592498779e+02 7.4616198730e+02 7.4647198486e+02 7.4673297119e+02 7.4694097900e+02 7.4714599609e+02 7.4740600586e+02 7.4771502686e+02 7.4802600098e+02 7.4835400391e+02 7.4865399170e+02 7.4898498535e+02 7.4929901123e+02 7.4958502197e+02 7.4991302490e+02 7.5027697754e+02 7.5061602783e+02 7.5096099854e+02
7.3736297607e+02 7.3762799072e+02 7.3789398193e+02 7.3816198730e+02 7.3844702148e+02 7.3874102783e+02 7.3903698730e+02 7.3935900879e+02 7.3971502686e+02 7.4010400391e+02 7.4046099854e+02 7.4071801758e+02 7.4089398193e+02 7.4109197998e+02 7.4126202393e+02 7.4144799805e+02 7.4172497559e+02 7.4207501221e+02 7.4247802734e+02 7.4288299561e+02 7.4317901611e+02 7.4347302246e+02 7.4381402588e+02 7.4417700195e+02 7.4452899170e+02 7.4476300049e+02 7.4501702881e+02 7.4534899902e+02 7.4559301758e+02 7.4580700684e+02 7.4611700439e+02 7.4639202881e+02 7.4660400391e+02 7.4684100342e+02 7.4711602783e+02 7.4743701172e+02 7.4778002930e+02 7.4812097168e+02 7.4842999268e+02 7.4875299072e+02 7.4907598877e+02 7.4936798096e+02 7.4971997070e+02 7.5009899902e+02 7.5040698242e+02 7.5070001221e+02
7.3719299316e+02 7.3744702148e+02 7.3769201660e+02 7.3794097900e+02 7.3821197510e+02 7.3848797607e+02 7.3876000977e+02 7.3906201172e+02 7.3942102051e+02 7.3987799072e+02 7.4025897217e+02 7.4049798584e+02 7.4066198730e+02 7.4087902832e+02 7.4104901123e+02 7.4121697998e+02 7.4144897461e+02 7.4178802490e+02 7.4220397949e+02 7.4261199951e+02 7.4290997314e+02 7.4317700195e+02 7.4349298096e+02 7.4385498047e+02 7.4423999023e+02 7.4442700195e+02 7.4465802002e+02 7.4501300049e+02 7.4529302979e+02 7.4548797607e+02 7.4577502441e+02 7.4604797363e+02 7.4627197266e+02 7.4656201172e+02 7.4686199951e+02 7.4718902588e+02 7.4755401611e+02 7.4790502930e+02 7.4821099854e+02 7.4852502441e+02 7.4884802246e+02 7.4913397217e+02 7.4948999023e+02 7.4988299561e+02 7.5019396973e+02 7.5045001221e+02
7.3697998047e+02 7.3723199463e+02 7.3746197510e+02 7.3769897461e+02 7.3796697998e+02 7.3825201416e+02 7.3851800537e+02 7.3880200195e+02 7.3912097168e+02 7.3954199219e+02 7.3993103027e+02 7.4019299316e+02 7.4039099121e+02 7.4063598633e+02 7.4082598877e+02 7.4099401855e+02 7.4120202637e+02 7.4154797363e+02 7.4196801758e+02 7.4235601807e+02 7.4263702393e+02 7.4288897705e+02 7.4318701172e+02 7.4354901123e+02 7.4393402100e+02 7.4413299561e+02 7.4440997314e+02 7.4477697754e+02 7.4500897217e+02 7.4516998291e+02 7.4543103027e+02 7.4570098877e+02 7.4596002197e+02 7.4629901123e+02 7.4661602783e+02 7.4693701172e+02 7.4730401611e+02 7.4767498779e+02 7.4799401855e+02 7.4831500244e+02 7.4864001465e+02 7.4889001465e+02 7.4921697998e+02 7.4959802246e+02 7.4992901611e+02 7.5019500732e+02
7.3663702393e+02 7.3692102051e+02 7.3716302490e+02 7.3741699219e+02 7.3768103027e+02 7.3799700928e+02 7.3828601074e+02 7.3856201172e+02 7.3883001709e+02 7.3919500732e+02 7.3955700684e+02 7.3984600830e+02 7.4007202148e+02 7.4031896973e+02 7.4054199219e+02 7.4074499512e+02 7.4093200684e+02 7.4128997803e+02 7.4168597412e+02 7.4205297852e+02 7.4239398193e+02 7.4262902832e+02 7.4291900635e+02 7.4328900146e+02 7.4363098145e+02 7.4387298584e+02 7.4416400146e+02 7.4449298096e+02 7.4471398926e+02 7.4490301514e+02 7.4514001465e+02 7.4541802979e+02 7.4572302246e+02 7.4605102539e+02 7.4636602783e+02 7.4667999268e+02 7.4701702881e+02 7.4740301514e+02 7.4775799561e+02 7.4811901855e+02 7.4845599365e+02 7.4868200684e+02 7.4898400879e+02 7.4931896973e+02 7.4960101318e+02 7.4991900635e+02
7.3636499023e+02 7.3659497070e+02 7.3686199951e+02 7.3714202881e+02 7.3741900635e+02 7.3772497559e+02 7.3805603027e+02 7.3837500000e+02 7.3865502930e+02 7.3897698975e+02 7.3930102539e+02 7.3957598877e+02 7.3981799316e+02 7.4005603027e+02 7.4028497314e+02 7.4050799561e+02 7.4070098877e+02 7.4101501465e+02 7.4140399170e+02 7.4180902100e+02 7.4220300293e+02 7.4245898438e+02 7.4268798828e+02 7.4298498535e+02 7.4330798340e+02 7.4361499023e+02 7.4388800049e+02 7.4417999268e+02 7.4440002441e+02 7.4462097168e+02 7.4486499023e+02 7.4515197754e+02 7.4546997070e+02 7.4578601074e+02 7.4609600830e+02 7.4641998291e+02 7.4676098633e+02 7.4714300537e+02 7.4750299072e+02 7.4787701416e+02 7.4823498535e+02 7.4845898438e+02 7.4874298096e+02 7.4905200195e+02 7.4930603027e+02 7.4958599854e+02
7.3614801025e+02 7.3637597656e+02 7.3665002441e+02 7.3692999268e+02 7.3717999268e+02 7.3746801758e+02 7.3782897949e+02 7.3820300293e+02 7.3852301025e+02 7.3882098389e+02 7.3911602783e+02 7.3938500977e+02 7.3963702393e+02 7.3987799072e+02 7.4008801270e+02 7.4029101563e+02 7.4050000000e+02 7.4080798340e+02 7.4115802002e+02 7.4152502441e+02 7.4192999268e+02 7.4228302002e+02 7.4251000977e+02 7.4274298096e+02 7.4304199219e+02 7.4334301758e+02 7.4362902832e+02 7.4394201660e+02 7.4415100098e+02 7.4435699463e+02 7.4460699463e+02 7.4490698242e+02 7.4522900391e+02 7.4552301025e+02 7.4581402588e+02 7.4613397217e+02 7.4648297119e+02 7.4685601807e+02 7.4721002197e+02 7.4758300781e+02 7.4796099854e+02 7.4818902588e+02 7.4846801758e+02 7.4878698730e+02 7.4906500244e+02 7.4931896973e+02
7.3596600342e+02 7.3619598389e+02 7.3646899414e+02 7.3674102783e+02 7.3696398926e+02 7.3721600342e+02 7.3757702637e+02 7.3798199463e+02 7.3834399414e+02 7.3863500977e+02 7.3892297363e+02 7.3920898438e+02 7.3948400879e+02 7.3973199463e+02 7.3992602539e+02 7.4010198975e+02 7.4029101563e+02 7.4058898926e+02 7.4090100098e+02 7.4120599365e+02 7.4157202148e+02 7.4200000000e+02 7.4227600098e+02 7.4250598145e+02 7.4280297852e+02 7.4307202148e+02 7.4336602783e+02 7.4370300293e+02 7.4392797852e+02 7.4412597656e+02 7.4438800049e+02 7.4470898438e+02 7.4503002930e+02 7.4531201172e+02 7.4558697510e+02 7.4588000488e+02 7.4620697021e+02 7.4656402588e+02 7.4691497803e+02 7.4729498291e+02 7.4769799805e+02 7.4792199707e+02 7.4819500732e+02 7.4852398682e+02 7.4883001709e+02 7.4910699463e+02
