TESTSERVER/20/3.asc
NCOLS 100
NROWS 100
XLLCORNER 8.4997500000e+03
YLLCORNER 2.8980025000e+05
CELLSIZE 5.0000000000e-01
NODATA_VALUE -9.9990000000e+03
[rows 40 to 59 of 100, columns 46 to 91 of 100]
7.3757702637e+02 7.3786499023e+02 7.3810400391e+02 7.3832299805e+02 7.3864898682e+02 7.3893798828e+02 7.3916900635e+02 7.3945098877e+02 7.3976202393e+02 7.4003198242e+02 7.4022998047e+02 7.4046398926e+02 7.4073297119e+02 7.4096099854e+02 7.4122497559e+02 7.4148999023e+02 7.4167700195e+02 7.4185198975e+02 7.4208697510e+02 7.4239801025e+02 7.4266400146e+02 7.4289099121e+02 7.4311999512e+02 7.4342999268e+02 7.4385601807e+02 7.4421002197e+02 7.4441302490e+02 7.4457702637e+02 7.4483099365e+02 7.4509899902e+02 7.4536297607e+02 7.4579498291e+02 7.4615301514e+02 7.4634497070e+02 7.4652600098e+02 7.4673498535e+02 7.4698602295e+02 7.4722198486e+02 7.4740197754e+02 7.4755798340e+02 7.4781799316e+02 7.4813397217e+02 7.4843798828e+02 7.4872100830e+02 7.4901000977e+02 7.4928698730e+02
7.3731701660e+02 7.3758300781e+02 7.3785699463e+02 7.3807501221e+02 7.3836499023e+02 7.3868902588e+02 7.3895697021e+02 7.3919299316e+02 7.3947302246e+02 7.3975097656e+02 7.3998199463e+02 7.4020800781e+02 7.4045599365e+02 7.4067498779e+02 7.4091497803e+02 7.4123602295e+02 7.4141699219e+02 7.4155401611e+02 7.4175000000e+02 7.4203997803e+02 7.4234100342e+02 7.4261499023e+02 7.4285400391e+02 7.4305499268e+02 7.4343597412e+02 7.4397601318e+02 7.4435797119e+02 7.4445599365e+02 7.4459899902e+02 7.4480700684e+02 7.4503198242e+02 7.4533898926e+02 7.4565997314e+02 7.4591802979e+02 7.4617498779e+02 7.4639801025e+02 7.4664898682e+02 7.4686199951e+02 7.4708197021e+02 7.4732000732e+02 7.4754998779e+02 7.4781799316e+02 7.4812500000e+02 7.4843798828e+02 7.4871697998e+02 7.4897399902e+02
7.3708001709e+02 7.3733398438e+02 7.3759301758e+02 7.3780401611e+02 7.3809997559e+02 7.3846600342e+02 7.3878100586e+02 7.3904400635e+02 7.3928698730e+02 7.3948797607e+02 7.3968798828e+02 7.3989501953e+02 7.4013702393e+02 7.4037799072e+02 7.4061401367e+02 7.4089398193e+02 7.4110400391e+02 7.4128900146e+02 7.4150500488e+02 7.4176800537e+02 7.4205200195e+02 7.4233898926e+02 7.4261999512e+02 7.4279699707e+02 7.4312799072e+02 7.4367999268e+02 7.4402301025e+02 7.4413201904e+02 7.4430902100e+02 7.4450598145e+02 7.4473699951e+02 7.4503698730e+02 7.4532501221e+02 7.4558502197e+02 7.4583898926e+02 7.4605401611e+02 7.4631097412e+02 7.4653497314e+02 7.4675799561e+02 7.4704797363e+02 7.4728399658e+02 7.4752502441e+02 7.4781402588e+02 7.4813702393e+02 7.4841198730e+02 7.4863500977e+02
7.3682299805e+02 7.3708300781e+02 7.3733197021e+02 7.3751898193e+02 7.3780499268e+02 7.3818798828e+02 7.3854797363e+02 7.3886199951e+02 7.3912500000e+02 7.3930401611e+02 7.3946697998e+02 7.3964202881e+02 7.3985601807e+02 7.4010699463e+02 7.4036700439e+02 7.4059399414e+02 7.4083197021e+02 7.4108099365e+02 7.4132397461e+02 7.4155902100e+02 7.4180297852e+02 7.4205798340e+02 7.4232702637e+02 7.4253302002e+02 7.4282598877e+02 7.4324798584e+02 7.4338702393e+02 7.4356201172e+02 7.4386602783e+02 7.4414801025e+02 7.4442297363e+02 7.4473498535e+02 7.4500897217e+02 7.4526098633e+02 7.4551501465e+02 7.4574298096e+02 7.4598400879e+02 7.4619500732e+02 7.4640002441e+02 7.4668798828e+02 7.4693402100e+02 7.4714501953e+02 7.4739599609e+02 7.4772302246e+02 7.4802099609e+02 7.4826000977e+02
7.3650500488e+02 7.3678497314e+02 7.3709399414e+02 7.3731097412e+02 7.3754101563e+02 7.3787097168e+02 7.3823999023e+02 7.3852600098e+02 7.3884399414e+02 7.3911700439e+02 7.3939501953e+02 7.3954699707e+02 7.3970001221e+02 7.3990698242e+02 7.4016497803e+02 7.4038800049e+02 7.4066900635e+02 7.4095898438e+02 7.4118499756e+02 7.4138299561e+02 7.4160498047e+02 7.4183001709e+02 7.4202801514e+02 7.4224200439e+02 7.4250701904e+02 7.4276898193e+02 7.4298101807e+02 7.4324298096e+02 7.4354400635e+02 7.4383502197e+02 7.4410699463e+02 7.4441900635e+02 7.4468200684e+02 7.4491699219e+02 7.4513000488e+02 7.4541601563e+02 7.4565002441e+02 7.4585601807e+02 7.4605999756e+02 7.4632397461e+02 7.4657098389e+02 7.4678002930e+02 7.4696600342e+02 7.4724700928e+02 7.4757800293e+02 7.4790100098e+02
7.3615399170e+02 7.3646301270e+02 7.3682000732e+02 7.3711401367e+02 7.3735302734e+02 7.3761999512e+02 7.3791998291e+02 7.3820001221e+02 7.3847802734e+02 7.3878100586e+02 7.3919299316e+02 7.3942797852e+02 7.3952301025e+02 7.3968200684e+02 7.3993298340e+02 7.4017401123e+02 7.4042700195e+02 7.4073498535e+02 7.4101000977e+02 7.4117602539e+02 7.4133197021e+02 7.4151501465e+02 7.4168701172e+02 7.4192901611e+02 7.4220599365e+02 7.4246398926e+02 7.4270800781e+02 7.4295001221e+02 7.4322302246e+02 7.4352899170e+02 7.4380902100e+02 7.4411102295e+02 7.4438397217e+02 7.4461499023e+02 7.4484100342e+02 7.4507800293e+02 7.4532897949e+02 7.4557000732e+02 7.4580603027e+02 7.4605102539e+02 7.4631298828e+02 7.4655297852e+02 7.4674102783e+02 7.4692797852e+02 7.4719000244e+02 7.4750598145e+02
7.3586798096e+02 7.3616900635e+02 7.3651898193e+02 7.3688000488e+02 7.3716802979e+02 7.3742901611e+02 7.3767297363e+02 7.3792602539e+02 7.3816802979e+02 7.3845599365e+02 7.3887799072e+02 7.3921301270e+02 7.3936901855e+02 7.3952600098e+02 7.3973400879e+02 7.3993902588e+02 7.4010998535e+02 7.4036602783e+02 7.4068701172e+02 7.4089202881e+02 7.4099597168e+02 7.4111401367e+02 7.4128698730e+02 7.4153900146e+02 7.4180999756e+02 7.4209002686e+02 7.4237200928e+02 7.4269897461e+02 7.4301702881e+02 7.4326397705e+02 7.4352899170e+02 7.4381500244e+02 7.4409600830e+02 7.4433099365e+02 7.4456799316e+02 7.4477801514e+02 7.4502502441e+02 7.4526202393e+02 7.4551702881e+02 7.4575402832e+02 7.4598602295e+02 7.4623901367e+02 7.4649798584e+02 7.4667102051e+02 7.4687597656e+02 7.4716497803e+02
7.3565197754e+02 7.3592999268e+02 7.3624200439e+02 7.3658599854e+02 7.3689501953e+02 7.3719097900e+02 7.3742999268e+02 7.3765301514e+02 7.3790197754e+02 7.3816998291e+02 7.3848400879e+02 7.3885797119e+02 7.3913299561e+02 7.3934600830e+02 7.3953698730e+02 7.3970599365e+02 7.3981298828e+02 7.3998297119e+02 7.4025897217e+02 7.4049499512e+02 7.4063201904e+02 7.4075799561e+02 7.4092700195e+02 7.4117102051e+02 7.4143597412e+02 7.4172497559e+02 7.4204498291e+02 7.4249401855e+02 7.4289898682e+02 7.4305999756e+02 7.4326098633e+02 7.4354498291e+02 7.4382299805e+02 7.4404998779e+02 7.4426300049e+02 7.4447399902e+02 7.4469799805e+02 7.4492602539e+02 7.4519702148e+02 7.4544598389e+02 7.4562298584e+02 7.4582897949e+02 7.4612597656e+02 7.4635699463e+02 7.4655102539e+02 7.4683099365e+02
7.3545599365e+02 7.3573699951e+02 7.3607000732e+02 7.3630603027e+02 7.3658300781e+02 7.3688500977e+02 7.3716101074e+02 7.3739202881e+02 7.3766699219e+02 7.3795098877e+02 7.3821301270e+02 7.3854199219e+02 7.3886199951e+02 7.3908697510e+02 7.3924499512e+02 7.3944598389e+02 7.3957897949e+02 7.3971502686e+02 7.3989202881e+02 7.4010498047e+02 7.4028002930e+02 7.4045300293e+02 7.4061901855e+02 7.4086401367e+02 7.4112799072e+02 7.4139001465e+02 7.4168902588e+02 7.4211297607e+02 7.4256701660e+02 7.4279498291e+02 7.4296502686e+02 7.4329797363e+02 7.4359802246e+02 7.4382000732e+02 7.4399401855e+02 7.4415698242e+02 7.4434100342e+02 7.4458801270e+02 7.4484802246e+02 7.4514202881e+02 7.4536199951e+02 7.4555200195e+02 7.4580603027e+02 7.4607598877e+02 7.4627197266e+02 7.4650897217e+02
7.3520501709e+02 7.3552398682e+02 7.3588702393e+02 7.3612097168e+02 7.3637200928e+02 7.3662500000e+02 7.3687200928e+02 7.3715502930e+02 7.3744500732e+02 7.3772998047e+02 7.3795300293e+02 7.3826098633e+02 7.3857702637e+02 7.3878997803e+02 7.3895898438e+02 7.3916699219e+02 7.3935400391e+02 7.3953997803e+02 7.3969598389e+02 7.3985699463e+02 7.4002001953e+02 7.4018902588e+02 7.4032897949e+02 7.4053997803e+02 7.4078601074e+02 7.4106298828e+02 7.4141900635e+02 7.4169500732e+02 7.4207897949e+02 7.4239697266e+02 7.4263897705e+02 7.4298101807e+02 7.4332202148e+02 7.4358502197e+02 7.4374298096e+02 7.4382397461e+02 7.4398999023e+02 7.4419396973e+02 7.4443298340e+02 7.4474597168e+02 7.4507202148e+02 7.4533697510e+02 7.4552899170e+02 7.4577899170e+02 7.4602600098e+02 7.4623602295e+02
7.3503002930e+02 7.3534802246e+02 7.3566198730e+02 7.3588800049e+02 7.3613702393e+02 7.3636401367e+02 7.3658898926e+02 7.3684899902e+02 7.3714599609e+02 7.3746099854e+02 7.3771899414e+02 7.3798199463e+02 7.3825000000e+02 7.3846002197e+02 7.3866900635e+02 7.3889202881e+02 7.3908697510e+02 7.3929797363e+02 7.3948602295e+02 7.3962500000e+02 7.3978900146e+02 7.3996197510e+02 7.4010601807e+02 7.4029302979e+02 7.4050097656e+02 7.4074902344e+02 7.4113897705e+02 7.4145300293e+02 7.4176599121e+02 7.4206097412e+02 7.4234197998e+02 7.4265802002e+02 7.4294799805e+02 7.4319799805e+02 7.4342297363e+02 7.4352502441e+02 7.4371600342e+02 7.4394201660e+02 7.4414801025e+02 7.4439599609e+02 7.4477001953e+02 7.4516198730e+02 7.4536401367e+02 7.4553698730e+02 7.4583697510e+02 7.4603497314e+02
7.3491400146e+02 7.3517797852e+02 7.3542700195e+02 7.3564501953e+02 7.3589501953e+02 7.3612298584e+02 7.3636102295e+02 7.3659997559e+02 7.3688000488e+02 7.3722399902e+02 7.3752301025e+02 7.3773999023e+02 7.3795697021e+02 7.3815899658e+02 7.3840600586e+02 7.3865002441e+02 7.3883197021e+02 7.3905102539e+02 7.3928802490e+02 7.3945599365e+02 7.3958398438e+02 7.3975299072e+02 7.3995098877e+02 7.4009497070e+02 7.4027398682e+02 7.4053698730e+02 7.4086602783e+02 7.4122100830e+02 7.4151000977e+02 7.4177398682e+02 7.4205200195e+02 7.4234497070e+02 7.4261798096e+02 7.4282800293e+02 7.4305499268e+02 7.4321801758e+02 7.4342602539e+02 7.4367901611e+02 7.4388299561e+02 7.4406500244e+02 7.4437701416e+02 7.4479101563e+02 7.4509600830e+02 7.4530999756e+02 7.4567199707e+02 7.4587500000e+02
7.3473901367e+02 7.3497100830e+02 7.3520300293e+02 7.3544201660e+02 7.3568298340e+02 7.3592297363e+02 7.3614801025e+02 7.3640698242e+02 7.3668200684e+02 7.3700799561e+02 7.3730200195e+02 7.3751599121e+02 7.3773400879e+02 7.3793499756e+02 7.3817297363e+02 7.3844201660e+02 7.3864599609e+02 7.3887402344e+02 7.3920300293e+02 7.3947900391e+02 7.3948498535e+02 7.3957202148e+02 7.3975701904e+02 7.3988397217e+02 7.4005603027e+02 7.4032202148e+02 7.4060198975e+02 7.4093298340e+02 7.4122698975e+02 7.4149597168e+02 7.4175299072e+02 7.4203900146e+02 7.4233099365e+02 7.4250097656e+02 7.4268902588e+02 7.4290002441e+02 7.4311602783e+02 7.4337799072e+02 7.4363702393e+02 7.4383300781e+02 7.4403698730e+02 7.4430700684e+02 7.4458898926e+02 7.4486499023e+02 7.4516497803e+02 7.4538397217e+02
7.3453802490e+02 7.3476300049e+02 7.3499700928e+02 7.3520098877e+02 7.3544799805e+02 7.3571997070e+02 7.3591802979e+02 7.3612200928e+02 7.3638800049e+02 7.3669598389e+02 7.3700799561e+02 7.3727697754e+02 7.3753002930e+02 7.3773400879e+02 7.3796801758e+02 7.3824200439e+02 7.3846899414e+02 7.3870001221e+02 7.3903900146e+02 7.3939898682e+02 7.3940301514e+02 7.3946899414e+02 7.3960302734e+02 7.3972198486e+02 7.3987597656e+02 7.4008300781e+02 7.4033099365e+02 7.4064398193e+02 7.4093902588e+02 7.4122100830e+02 7.4146197510e+02 7.4173999023e+02 7.4204400635e+02 7.4224102783e+02 7.4242797852e+02 7.4262500000e+02 7.4285400391e+02 7.4308398438e+02 7.4332897949e+02 7.4357800293e+02 7.4380700684e+02 7.4404699707e+02 7.4431701660e+02 7.4445300293e+02 7.4464697266e+02 7.4489697266e+02
7.3436297607e+02 7.3460198975e+02 7.3483697510e+02 7.3500897217e+02 7.3525701904e+02 7.3554602051e+02 7.3574597168e+02 7.3592498779e+02 7.3618402100e+02 7.3646099854e+02 7.3677301025e+02 7.3709497070e+02 7.3738500977e+02 7.3762597656e+02 7.3787701416e+02 7.3815301514e+02 7.3836499023e+02 7.3860400391e+02 7.3887902832e+02 7.3920202637e+02 7.3930902100e+02 7.3940502930e+02 7.3949401855e+02 7.3957299805e+02 7.3970898438e+02 7.3988201904e+02 7.4010797119e+02 7.4038897705e+02 7.4066302490e+02 7.4091802979e+02 7.4118103027e+02 7.4152697754e+02 7.4179602051e+02 7.4196997070e+02 7.4218701172e+02 7.4243298340e+02 7.4269598389e+02 7.4284197998e+02 7.4304901123e+02 7.4332098389e+02 7.4357702637e+02 7.4384002686e+02 7.4415002441e+02 7.4427001953e+02 7.4434997559e+02 7.4455401611e+02
7.3423199463e+02 7.3447497559e+02 7.3471002197e+02 7.3487902832e+02 7.3511297607e+02 7.3538800049e+02 7.3560900879e+02 7.3581402588e+02 7.3608697510e+02 7.3636602783e+02 7.3667700195e+02 7.3701202393e+02 7.3732702637e+02 7.3760699463e+02 7.3784399414e+02 7.3810797119e+02 7.3830499268e+02 7.3855401611e+02 7.3879302979e+02 7.3902697754e+02 7.3918701172e+02 7.3930102539e+02 7.3937701416e+02 7.3944299316e+02 7.3956896973e+02 7.3971697998e+02 7.3991802979e+02 7.4014898682e+02 7.4041302490e+02 7.4065399170e+02 7.4088397217e+02 7.4122198486e+02 7.4147601318e+02 7.4165197754e+02 7.4195098877e+02 7.4222601318e+02 7.4254400635e+02 7.4265997314e+02 7.4280700684e+02 7.4306402588e+02 7.4328302002e+02 7.4350598145e+02 7.4376300049e+02 7.4399902344e+02 7.4409899902e+02 7.4424798584e+02
7.3412701416e+02 7.3434600830e+02 7.3457702637e+02 7.3478900146e+02 7.3500897217e+02 7.3524102783e+02 7.3544500732e+02 7.3567602539e+02 7.3596301270e+02 7.3628497314e+02 7.3663397217e+02 7.3692498779e+02 7.3723498535e+02 7.3754901123e+02 7.3778802490e+02 7.3800299072e+02 7.3816699219e+02 7.3840899658e+02 7.3869598389e+02 7.3891198730e+02 7.3905999756e+02 7.3915502930e+02 7.3922698975e+02 7.3930297852e+02 7.3939099121e+02 7.3951098633e+02 7.3973400879e+02 7.3995800781e+02 7.4018902588e+02 7.4040002441e+02 7.4060797119e+02 7.4089501953e+02 7.4115002441e+02 7.4134399414e+02 7.4158898926e+02 7.4183502197e+02 7.4216699219e+02 7.4243798828e+02 7.4259002686e+02 7.4280401611e+02 7.4301202393e+02 7.4321197510e+02 7.4338702393e+02 7.4362500000e+02 7.4381201172e+02 7.4394897461e+02
7.3403100586e+02 7.3423400879e+02 7.3449200439e+02 7.3473602295e+02 7.3493200684e+02 7.3511999512e+02 7.3530999756e+02 7.3553198242e+02 7.3579998779e+02 7.3610797119e+02 7.3649798584e+02 7.3695098877e+02 7.3723999023e+02 7.3742199707e+02 7.3763299561e+02 7.3780902100e+02 7.3796301270e+02 7.3821197510e+02 7.3852001953e+02 7.3876098633e+02 7.3891601563e+02 7.3901202393e+02 7.3908300781e+02 7.3916900635e+02 7.3922198486e+02 7.3932598877e+02 7.3954302979e+02 7.3977398682e+02 7.4002697754e+02 7.4022399902e+02 7.4040100098e+02 7.4067297363e+02 7.4087902832e+02 7.4111199951e+02 7.4136499023e+02 7.4154699707e+02 7.4181500244e+02 7.4213702393e+02 7.4236297607e+02 7.4257501221e+02 7.4280401611e+02 7.4303100586e+02 7.4317102051e+02 7.4332202148e+02 7.4349499512e+02 7.4367602539e+02
7.3394598389e+02 7.3415899658e+02 7.3438800049e+02 7.3461999512e+02 7.3479797363e+02 7.3496697998e+02 7.3516900635e+02 7.3539300537e+02 7.3563299561e+02 7.3589599609e+02 7.3625897217e+02 7.3684399414e+02 7.3717401123e+02 7.3723999023e+02 7.3738598633e+02 7.3757501221e+02 7.3777197266e+02 7.3800598145e+02 7.3829400635e+02 7.3854699707e+02 7.3871801758e+02 7.3883898926e+02 7.3894799805e+02 7.3906298828e+02 7.3910498047e+02 7.3915301514e+02 7.3932800293e+02 7.3956597900e+02 7.3985797119e+02 7.4015399170e+02 7.4028497314e+02 7.4047802734e+02 7.4065600586e+02 7.4090399170e+02 7.4112902832e+02 7.4131701660e+02 7.4158599854e+02 7.4187298584e+02 7.4208001709e+02 7.4228601074e+02 7.4253601074e+02 7.4279699707e+02 7.4296301270e+02 7.4311199951e+02 7.4328497314e+02 7.4347601318e+02
7.3386297607e+02 7.3408099365e+02 7.3426702881e+02 7.3448797607e+02 7.3467498779e+02 7.3484899902e+02 7.3505700684e+02 7.3527099609e+02 7.3546600342e+02 7.3566802979e+02 7.3594897461e+02 7.3643597412e+02 7.3679901123e+02 7.3691101074e+02 7.3706597900e+02 7.3729400635e+02 7.3758398438e+02 7.3777600098e+02 7.3799200439e+02 7.3824798584e+02 7.3843597412e+02 7.3860998535e+02 7.3878198242e+02 7.3887200928e+02 7.3894396973e+02 7.3900701904e+02 7.3913397217e+02 7.3932000732e+02 7.3957397461e+02 7.3990100098e+02 7.4008197021e+02 7.4029699707e+02 7.4050799561e+02 7.4074798584e+02 7.4093298340e+02 7.4114099121e+02 7.4140002441e+02 7.4162500000e+02 7.4182897949e+02 7.4207202148e+02 7.4232897949e+02 7.4257098389e+02 7.4278399658e+02 7.4297497559e+02 7.4316400146e+02 7.4335198975e+02
