TESTSERVER/20/3.asc
NCOLS 100
NROWS 100
XLLCORNER 8.4997500000e+03
YLLCORNER 2.8980025000e+05
CELLSIZE 5.0000000000e-01
NODATA_VALUE -9.9990000000e+03
[rows 40 to 59 of 100, columns 0 to 45 of 100]
7.2784997559e+02 7.2813598633e+02 7.2826000977e+02 7.2829699707e+02 7.2839398193e+02 7.2851000977e+02 7.2861602783e+02 7.2876599121e+02 7.2894396973e+02 7.2910699463e+02 7.2931701660e+02 7.2955102539e+02 7.2979699707e+02 7.3008001709e+02 7.3034698486e+02 7.3059698486e+02 7.3086901855e+02 7.3110198975e+02 7.3132897949e+02 7.3151397705e+02 7.3167797852e+02 7.3187298584e+02 7.3208502197e+02 7.3229998779e+02 7.3253002930e+02 7.3274902344e+02 7.3291497803e+02 7.3309997559e+02 7.3332501221e+02 7.3354199219e+02 7.3385101318e+02 7.3418499756e+02 7.3441699219e+02 7.3461602783e+02 7.3484698486e+02 7.3504797363e+02 7.3520300293e+02 7.3529797363e+02 7.3554498291e+02 7.3584399414e+02 7.3612402344e+02 7.3635400391e+02 7.3656097412e+02 7.3677502441e+02 7.3700299072e+02 7.3727398682e+02
7.2765399170e+02 7.2798699951e+02 7.2811798096e+02 7.2808898926e+02 7.2814501953e+02 7.2830603027e+02 7.2847601318e+02 7.2863598633e+02 7.2870397949e+02 7.2885400391e+02 7.2909100342e+02 7.2933898926e+02 7.2957800293e+02 7.2988098145e+02 7.3017700195e+02 7.3043902588e+02 7.3070501709e+02 7.3093902588e+02 7.3116101074e+02 7.3132598877e+02 7.3151202393e+02 7.3175799561e+02 7.3196099854e+02 7.3214099121e+02 7.3235900879e+02 7.3261499023e+02 7.3274700928e+02 7.3290502930e+02 7.3312402344e+02 7.3333502197e+02 7.3364697266e+02 7.3395300293e+02 7.3417297363e+02 7.3440301514e+02 7.3459997559e+02 7.3479901123e+02 7.3499298096e+02 7.3508300781e+02 7.3530999756e+02 7.3558099365e+02 7.3587500000e+02 7.3613500977e+02 7.3635302734e+02 7.3657397461e+02 7.3680902100e+02 7.3706097412e+02
7.2727600098e+02 7.2753302002e+02 7.2774298096e+02 7.2781201172e+02 7.2791400146e+02 7.2805102539e+02 7.2821197510e+02 7.2837799072e+02 7.2846197510e+02 7.2861499023e+02 7.2885998535e+02 7.2911901855e+02 7.2935101318e+02 7.2962799072e+02 7.2992297363e+02 7.3018298340e+02 7.3046899414e+02 7.3080700684e+02 7.3104797363e+02 7.3119702148e+02 7.3138299561e+02 7.3159197998e+02 7.3176599121e+02 7.3194097900e+02 7.3216497803e+02 7.3241601563e+02 7.3257702637e+02 7.3271600342e+02 7.3290301514e+02 7.3312500000e+02 7.3339099121e+02 7.3365698242e+02 7.3389202881e+02 7.3416400146e+02 7.3437298584e+02 7.3457598877e+02 7.3476098633e+02 7.3489599609e+02 7.3509600830e+02 7.3532397461e+02 7.3563702393e+02 7.3588800049e+02 7.3609600830e+02 7.3632501221e+02 7.3656402588e+02 7.3682501221e+02
7.2697497559e+02 7.2716302490e+02 7.2737799072e+02 7.2753399658e+02 7.2769500732e+02 7.2780700684e+02 7.2792901611e+02 7.2809399414e+02 7.2824298096e+02 7.2838702393e+02 7.2861199951e+02 7.2887298584e+02 7.2912701416e+02 7.2940502930e+02 7.2968298340e+02 7.2991900635e+02 7.3017602539e+02 7.3058599854e+02 7.3089202881e+02 7.3104901123e+02 7.3121301270e+02 7.3140002441e+02 7.3156402588e+02 7.3172497559e+02 7.3195202637e+02 7.3213299561e+02 7.3233801270e+02 7.3251000977e+02 7.3265997314e+02 7.3289898682e+02 7.3311102295e+02 7.3333502197e+02 7.3358300781e+02 7.3383502197e+02 7.3408502197e+02 7.3433197021e+02 7.3449499512e+02 7.3467700195e+02 7.3488598633e+02 7.3510699463e+02 7.3541699219e+02 7.3565197754e+02 7.3583197021e+02 7.3605102539e+02 7.3628302002e+02 7.3655102539e+02
7.2679699707e+02 7.2696398926e+02 7.2714099121e+02 7.2730102539e+02 7.2744799805e+02 7.2757501221e+02 7.2768597412e+02 7.2783599854e+02 7.2802600098e+02 7.2816802979e+02 7.2836901855e+02 7.2863397217e+02 7.2890802002e+02 7.2919097900e+02 7.2946002197e+02 7.2967999268e+02 7.2989501953e+02 7.3020501709e+02 7.3054400635e+02 7.3079797363e+02 7.3095501709e+02 7.3122802734e+02 7.3148297119e+02 7.3162200928e+02 7.3173797607e+02 7.3185101318e+02 7.3205401611e+02 7.3227398682e+02 7.3246502686e+02 7.3265399170e+02 7.3279998779e+02 7.3298297119e+02 7.3326898193e+02 7.3348400879e+02 7.3372998047e+02 7.3402197266e+02 7.3422198486e+02 7.3442901611e+02 7.3465002441e+02 7.3484802246e+02 7.3508398438e+02 7.3538201904e+02 7.3556597900e+02 7.3574499512e+02 7.3595800781e+02 7.3623602295e+02
7.2665002441e+02 7.2674700928e+02 7.2686401367e+02 7.2700701904e+02 7.2717199707e+02 7.2732098389e+02 7.2745599365e+02 7.2761102295e+02 7.2777502441e+02 7.2792797852e+02 7.2812500000e+02 7.2840502930e+02 7.2871899414e+02 7.2899298096e+02 7.2923400879e+02 7.2946197510e+02 7.2970501709e+02 7.2996600342e+02 7.3027099609e+02 7.3056097412e+02 7.3076397705e+02 7.3096002197e+02 7.3127600098e+02 7.3151800537e+02 7.3156402588e+02 7.3165899658e+02 7.3184002686e+02 7.3202398682e+02 7.3219201660e+02 7.3238500977e+02 7.3253497314e+02 7.3269598389e+02 7.3298498535e+02 7.3320697021e+02 7.3341699219e+02 7.3370001221e+02 7.3396197510e+02 7.3418298340e+02 7.3435302734e+02 7.3455200195e+02 7.3480401611e+02 7.3503497314e+02 7.3523602295e+02 7.3542102051e+02 7.3563098145e+02 7.3589501953e+02
7.2651098633e+02 7.2658197021e+02 7.2666400146e+02 7.2679602051e+02 7.2695599365e+02 7.2711199951e+02 7.2726300049e+02 7.2743298340e+02 7.2757098389e+02 7.2771197510e+02 7.2790100098e+02 7.2816101074e+02 7.2846301270e+02 7.2873498535e+02 7.2898901367e+02 7.2923498535e+02 7.2949298096e+02 7.2973699951e+02 7.2997802734e+02 7.3027197266e+02 7.3054797363e+02 7.3067700195e+02 7.3091699219e+02 7.3118597412e+02 7.3130200195e+02 7.3142602539e+02 7.3157702637e+02 7.3174298096e+02 7.3191497803e+02 7.3209698486e+02 7.3231896973e+02 7.3252398682e+02 7.3276599121e+02 7.3297601318e+02 7.3317797852e+02 7.3343103027e+02 7.3368597412e+02 7.3390997314e+02 7.3408898926e+02 7.3429400635e+02 7.3453698730e+02 7.3470202637e+02 7.3490301514e+02 7.3515002441e+02 7.3537597656e+02 7.3561401367e+02
7.2635998535e+02 7.2643499756e+02 7.2653002930e+02 7.2668200684e+02 7.2683697510e+02 7.2698101807e+02 7.2711901855e+02 7.2728100586e+02 7.2740698242e+02 7.2753900146e+02 7.2772100830e+02 7.2794500732e+02 7.2818499756e+02 7.2844500732e+02 7.2874102783e+02 7.2900701904e+02 7.2923901367e+02 7.2951397705e+02 7.2973999023e+02 7.2999798584e+02 7.3027600098e+02 7.3049298096e+02 7.3067199707e+02 7.3083398438e+02 7.3100701904e+02 7.3116900635e+02 7.3131097412e+02 7.3148199463e+02 7.3170098877e+02 7.3190301514e+02 7.3215502930e+02 7.3237402344e+02 7.3257800293e+02 7.3278302002e+02 7.3298901367e+02 7.3321997070e+02 7.3344201660e+02 7.3367901611e+02 7.3389801025e+02 7.3409997559e+02 7.3430102539e+02 7.3443499756e+02 7.3460302734e+02 7.3487200928e+02 7.3514099121e+02 7.3539801025e+02
7.2624597168e+02 7.2635198975e+02 7.2646997070e+02 7.2661999512e+02 7.2675799561e+02 7.2686798096e+02 7.2698101807e+02 7.2711901855e+02 7.2725402832e+02 7.2738201904e+02 7.2754901123e+02 7.2774298096e+02 7.2792498779e+02 7.2812701416e+02 7.2843298340e+02 7.2871099854e+02 7.2892102051e+02 7.2928997803e+02 7.2957800293e+02 7.2980297852e+02 7.2999597168e+02 7.3033099365e+02 7.3056500244e+02 7.3065997314e+02 7.3077502441e+02 7.3097497559e+02 7.3117199707e+02 7.3138299561e+02 7.3160101318e+02 7.3179797363e+02 7.3200500488e+02 7.3219799805e+02 7.3241601563e+02 7.3262701416e+02 7.3280499268e+02 7.3301397705e+02 7.3321697998e+02 7.3342999268e+02 7.3366900635e+02 7.3392700195e+02 7.3414300537e+02 7.3422998047e+02 7.3436798096e+02 7.3460998535e+02 7.3486602783e+02 7.3519097900e+02
7.2611901855e+02 7.2627099609e+02 7.2641900635e+02 7.2656500244e+02 7.2668597412e+02 7.2675500488e+02 7.2686401367e+02 7.2700701904e+02 7.2713702393e+02 7.2725000000e+02 7.2740100098e+02 7.2758502197e+02 7.2776098633e+02 7.2795599365e+02 7.2825299072e+02 7.2853497314e+02 7.2878399658e+02 7.2908599854e+02 7.2936700439e+02 7.2960400391e+02 7.2980603027e+02 7.3010797119e+02 7.3034802246e+02 7.3046801758e+02 7.3057897949e+02 7.3080297852e+02 7.3098297119e+02 7.3117901611e+02 7.3142797852e+02 7.3164801025e+02 7.3184002686e+02 7.3203900146e+02 7.3225598145e+02 7.3243499756e+02 7.3259002686e+02 7.3283502197e+02 7.3308599854e+02 7.3326702881e+02 7.3344598389e+02 7.3365899658e+02 7.3387902832e+02 7.3404998779e+02 7.3421801758e+02 7.3445202637e+02 7.3472399902e+02 7.3497302246e+02
7.2593402100e+02 7.2613598633e+02 7.2633398438e+02 7.2650598145e+02 7.2663201904e+02 7.2668298340e+02 7.2677600098e+02 7.2692199707e+02 7.2706201172e+02 7.2719598389e+02 7.2732800293e+02 7.2746301270e+02 7.2759301758e+02 7.2777502441e+02 7.2806402588e+02 7.2832098389e+02 7.2861102295e+02 7.2888098145e+02 7.2911798096e+02 7.2936901855e+02 7.2959301758e+02 7.2987200928e+02 7.3011602783e+02 7.3029602051e+02 7.3043499756e+02 7.3060400391e+02 7.3076800537e+02 7.3097601318e+02 7.3121099854e+02 7.3142401123e+02 7.3162500000e+02 7.3184600830e+02 7.3208197021e+02 7.3226599121e+02 7.3242901611e+02 7.3265997314e+02 7.3291802979e+02 7.3311602783e+02 7.3329602051e+02 7.3347698975e+02 7.3365899658e+02 7.3389202881e+02 7.3406402588e+02 7.3425000000e+02 7.3452697754e+02 7.3478002930e+02
7.2573297119e+02 7.2595800781e+02 7.2618902588e+02 7.2638299561e+02 7.2651599121e+02 7.2658099365e+02 7.2669201660e+02 7.2686297607e+02 7.2703198242e+02 7.2721099854e+02 7.2733398438e+02 7.2740399170e+02 7.2746099854e+02 7.2758398438e+02 7.2785400391e+02 7.2811102295e+02 7.2840002441e+02 7.2867498779e+02 7.2889202881e+02 7.2914202881e+02 7.2935498047e+02 7.2959301758e+02 7.2981896973e+02 7.3003002930e+02 7.3024902344e+02 7.3040197754e+02 7.3055798340e+02 7.3078002930e+02 7.3098999023e+02 7.3121099854e+02 7.3142797852e+02 7.3164599609e+02 7.3187097168e+02 7.3206402588e+02 7.3225897217e+02 7.3248400879e+02 7.3270202637e+02 7.3287799072e+02 7.3311798096e+02 7.3333502197e+02 7.3349597168e+02 7.3371398926e+02 7.3388598633e+02 7.3407000732e+02 7.3433697510e+02 7.3464599609e+02
7.2557800293e+02 7.2578100586e+02 7.2600799561e+02 7.2620300293e+02 7.2630902100e+02 7.2644500732e+02 7.2661901855e+02 7.2682702637e+02 7.2703900146e+02 7.2723999023e+02 7.2736401367e+02 7.2739898682e+02 7.2738897705e+02 7.2743402100e+02 7.2764599609e+02 7.2793200684e+02 7.2821997070e+02 7.2845599365e+02 7.2865100098e+02 7.2888000488e+02 7.2908898926e+02 7.2931097412e+02 7.2952301025e+02 7.2970397949e+02 7.2992700195e+02 7.3013500977e+02 7.3034802246e+02 7.3058801270e+02 7.3079901123e+02 7.3103302002e+02 7.3126800537e+02 7.3147302246e+02 7.3165502930e+02 7.3182299805e+02 7.3202099609e+02 7.3225897217e+02 7.3248901367e+02 7.3270300293e+02 7.3296002197e+02 7.3319598389e+02 7.3337701416e+02 7.3354400635e+02 7.3372601318e+02 7.3396197510e+02 7.3419598389e+02 7.3447302246e+02
7.2542999268e+02 7.2565899658e+02 7.2587298584e+02 7.2606701660e+02 7.2618597412e+02 7.2638299561e+02 7.2660797119e+02 7.2680200195e+02 7.2698400879e+02 7.2717602539e+02 7.2730102539e+02 7.2736102295e+02 7.2736798096e+02 7.2735699463e+02 7.2751599121e+02 7.2777600098e+02 7.2807202148e+02 7.2831799316e+02 7.2849298096e+02 7.2870599365e+02 7.2889398193e+02 7.2907397461e+02 7.2926898193e+02 7.2946197510e+02 7.2969897461e+02 7.2989001465e+02 7.3013800049e+02 7.3038598633e+02 7.3061401367e+02 7.3088500977e+02 7.3114099121e+02 7.3136401367e+02 7.3156597900e+02 7.3173498535e+02 7.3190100098e+02 7.3210900879e+02 7.3233502197e+02 7.3257501221e+02 7.3281799316e+02 7.3303302002e+02 7.3322100830e+02 7.3341101074e+02 7.3364501953e+02 7.3389599609e+02 7.3408697510e+02 7.3430700684e+02
7.2528198242e+02 7.2553002930e+02 7.2574902344e+02 7.2594598389e+02 7.2609301758e+02 7.2636700439e+02 7.2662200928e+02 7.2677197266e+02 7.2687597656e+02 7.2703399658e+02 7.2716998291e+02 7.2726800537e+02 7.2731701660e+02 7.2730999756e+02 7.2743103027e+02 7.2764001465e+02 7.2790698242e+02 7.2817999268e+02 7.2834698486e+02 7.2852001953e+02 7.2873797607e+02 7.2892297363e+02 7.2909301758e+02 7.2926898193e+02 7.2947998047e+02 7.2971099854e+02 7.2994799805e+02 7.3020898438e+02 7.3049798584e+02 7.3083099365e+02 7.3109100342e+02 7.3128698730e+02 7.3148199463e+02 7.3164300537e+02 7.3181701660e+02 7.3203198242e+02 7.3223498535e+02 7.3247900391e+02 7.3270501709e+02 7.3288702393e+02 7.3308197021e+02 7.3330798340e+02 7.3356597900e+02 7.3380297852e+02 7.3397802734e+02 7.3415301514e+02
7.2513500977e+02 7.2539697266e+02 7.2564202881e+02 7.2584100342e+02 7.2597900391e+02 7.2627197266e+02 7.2652697754e+02 7.2664697266e+02 7.2671301270e+02 7.2684399414e+02 7.2699102783e+02 7.2711901855e+02 7.2718798828e+02 7.2722802734e+02 7.2736199951e+02 7.2754901123e+02 7.2776300049e+02 7.2800402832e+02 7.2818902588e+02 7.2835900879e+02 7.2859002686e+02 7.2878497314e+02 7.2894299316e+02 7.2910601807e+02 7.2928100586e+02 7.2952197266e+02 7.2976300049e+02 7.3007501221e+02 7.3041601563e+02 7.3080297852e+02 7.3106799316e+02 7.3122601318e+02 7.3138397217e+02 7.3153100586e+02 7.3172802734e+02 7.3196997070e+02 7.3216900635e+02 7.3238397217e+02 7.3257202148e+02 7.3273699951e+02 7.3294097900e+02 7.3319500732e+02 7.3345599365e+02 7.3367102051e+02 7.3384899902e+02 7.3402001953e+02
7.2499798584e+02 7.2522698975e+02 7.2549700928e+02 7.2570800781e+02 7.2581896973e+02 7.2603997803e+02 7.2625500488e+02 7.2640301514e+02 7.2652197266e+02 7.2664599609e+02 7.2680200195e+02 7.2694396973e+02 7.2703399658e+02 7.2711102295e+02 7.2726800537e+02 7.2746997070e+02 7.2766497803e+02 7.2786199951e+02 7.2806597900e+02 7.2826702881e+02 7.2844598389e+02 7.2863500977e+02 7.2880297852e+02 7.2896697998e+02 7.2913000488e+02 7.2935400391e+02 7.2957000732e+02 7.2989501953e+02 7.3025097656e+02 7.3063702393e+02 7.3093902588e+02 7.3111401367e+02 7.3125897217e+02 7.3142297363e+02 7.3163500977e+02 7.3189801025e+02 7.3213299561e+02 7.3231500244e+02 7.3245697021e+02 7.3261297607e+02 7.3279901123e+02 7.3307098389e+02 7.3332702637e+02 7.3351098633e+02 7.3368499756e+02 7.3389801025e+02
7.2488800049e+02 7.2506701660e+02 7.2533398438e+02 7.2554699707e+02 7.2564697266e+02 7.2584698486e+02 7.2604602051e+02 7.2620001221e+02 7.2633001709e+02 7.2645697021e+02 7.2661102295e+02 7.2677001953e+02 7.2691497803e+02 7.2704199219e+02 7.2718499756e+02 7.2734497070e+02 7.2753900146e+02 7.2776898193e+02 7.2795898438e+02 7.2816400146e+02 7.2836297607e+02 7.2852600098e+02 7.2870697021e+02 7.2887500000e+02 7.2901702881e+02 7.2917999268e+02 7.2937402344e+02 7.2967498779e+02 7.2998400879e+02 7.3031597900e+02 7.3063299561e+02 7.3086199951e+02 7.3105401611e+02 7.3125097656e+02 7.3150897217e+02 7.3182098389e+02 7.3210498047e+02 7.3231201172e+02 7.3240899658e+02 7.3253698730e+02 7.3272198486e+02 7.3296899414e+02 7.3321398926e+02 7.3339898682e+02 7.3357501221e+02 7.3379998779e+02
7.2478997803e+02 7.2495501709e+02 7.2519097900e+02 7.2538800049e+02 7.2550299072e+02 7.2570898438e+02 7.2590002441e+02 7.2604302979e+02 7.2618402100e+02 7.2633001709e+02 7.2646600342e+02 7.2661999512e+02 7.2679797363e+02 7.2695397949e+02 7.2709899902e+02 7.2724499512e+02 7.2741802979e+02 7.2765002441e+02 7.2785302734e+02 7.2806500244e+02 7.2827502441e+02 7.2844299316e+02 7.2863500977e+02 7.2879498291e+02 7.2892102051e+02 7.2904998779e+02 7.2922497559e+02 7.2948498535e+02 7.2974798584e+02 7.3001599121e+02 7.3032202148e+02 7.3059899902e+02 7.3084002686e+02 7.3107397461e+02 7.3133599854e+02 7.3163000488e+02 7.3191497803e+02 7.3215399170e+02 7.3227600098e+02 7.3243701172e+02 7.3266101074e+02 7.3284802246e+02 7.3304901123e+02 7.3326599121e+02 7.3348199463e+02 7.3370697021e+02
7.2470001221e+02 7.2486901855e+02 7.2508898926e+02 7.2528302002e+02 7.2541101074e+02 7.2559197998e+02 7.2576098633e+02 7.2589697266e+02 7.2605603027e+02 7.2622601318e+02 7.2635198975e+02 7.2649298096e+02 7.2666601563e+02 7.2681402588e+02 7.2696997070e+02 7.2715197754e+02 7.2734899902e+02 7.2757598877e+02 7.2779797363e+02 7.2799902344e+02 7.2820001221e+02 7.2840301514e+02 7.2857501221e+02 7.2869702148e+02 7.2882202148e+02 7.2896301270e+02 7.2914398193e+02 7.2935699463e+02 7.2957000732e+02 7.2978900146e+02 7.3007098389e+02 7.3036700439e+02 7.3063098145e+02 7.3086798096e+02 7.3110498047e+02 7.3135900879e+02 7.3161901855e+02 7.3186199951e+02 7.3203698730e+02 7.3225500488e+02 7.3253601074e+02 7.3269702148e+02 7.3288299561e+02 7.3311901855e+02 7.3336401367e+02 7.3360900879e+02
