TESTSERVER/20/4.asc
NCOLS 100
NROWS 100
XLLCORNER 8.4997500000e+03
YLLCORNER 2.8975025000e+05
CELLSIZE 5.0000000000e-01
NODATA_VALUE -9.9990000000e+03
[rows 80 to 99 of 100, columns 46 to 91 of 100]
7.2108898926e+02 7.2128900146e+02 7.2147399902e+02 7.2158697510e+02 7.2170501709e+02 7.2184399414e+02 7.2198999023e+02 7.2209497070e+02 7.2221099854e+02 7.2231701660e+02 7.2234899902e+02 7.2242199707e+02 7.2248297119e+02 7.2252899170e+02 7.2257202148e+02 7.2266900635e+02 7.2290100098e+02 7.2303698730e+02 7.2295397949e+02 7.2301800537e+02 7.2314001465e+02 7.2320501709e+02 7.2328302002e+02 7.2336901855e+02 7.2351300049e+02 7.2368200684e+02 7.2382299805e+02 7.2400299072e+02 7.2421197510e+02 7.2442297363e+02 7.2458197021e+02 7.2471899414e+02 7.2488000488e+02 7.2504498291e+02 7.2518798828e+02 7.2530102539e+02 7.2540502930e+02 7.2550402832e+02 7.2561401367e+02 7.2583197021e+02 7.2607299805e+02 7.2627001953e+02 7.2641900635e+02 7.2653100586e+02 7.2664001465e+02 7.2672998047e+02
7.2090301514e+02 7.2111199951e+02 7.2128198242e+02 7.2140997314e+02 7.2153900146e+02 7.2166497803e+02 7.2180102539e+02 7.2193499756e+02 7.2205999756e+02 7.2215600586e+02 7.2217401123e+02 7.2218103027e+02 7.2223699951e+02 7.2234197998e+02 7.2240899658e+02 7.2252197266e+02 7.2283398438e+02 7.2302600098e+02 7.2298101807e+02 7.2296502686e+02 7.2304498291e+02 7.2313500977e+02 7.2323602295e+02 7.2330603027e+02 7.2337402344e+02 7.2348101807e+02 7.2360601807e+02 7.2378900146e+02 7.2401000977e+02 7.2423199463e+02 7.2439001465e+02 7.2454199219e+02 7.2472100830e+02 7.2490100098e+02 7.2505902100e+02 7.2520001221e+02 7.2530499268e+02 7.2537200928e+02 7.2544897461e+02 7.2565100098e+02 7.2585900879e+02 7.2605401611e+02 7.2620599365e+02 7.2631896973e+02 7.2642401123e+02 7.2652899170e+02
7.2071197510e+02 7.2092401123e+02 7.2108801270e+02 7.2123999023e+02 7.2138500977e+02 7.2150201416e+02 7.2162500000e+02 7.2174200439e+02 7.2181500244e+02 7.2188800049e+02 7.2197900391e+02 7.2196997070e+02 7.2200097656e+02 7.2213201904e+02 7.2227197266e+02 7.2244299316e+02 7.2272802734e+02 7.2292401123e+02 7.2305401611e+02 7.2303002930e+02 7.2296997070e+02 7.2303198242e+02 7.2312799072e+02 7.2324298096e+02 7.2331799316e+02 7.2338702393e+02 7.2346801758e+02 7.2359497070e+02 7.2377899170e+02 7.2398602295e+02 7.2416497803e+02 7.2434197998e+02 7.2453900146e+02 7.2473699951e+02 7.2490600586e+02 7.2505401611e+02 7.2517602539e+02 7.2524200439e+02 7.2530102539e+02 7.2547998047e+02 7.2565899658e+02 7.2583099365e+02 7.2597900391e+02 7.2609698486e+02 7.2620697021e+02 7.2631597900e+02
7.2051300049e+02 7.2072198486e+02 7.2088897705e+02 7.2106500244e+02 7.2121697998e+02 7.2132702637e+02 7.2144000244e+02 7.2154199219e+02 7.2158197021e+02 7.2161999512e+02 7.2170397949e+02 7.2173699951e+02 7.2179699707e+02 7.2192602539e+02 7.2211999512e+02 7.2232800293e+02 7.2253900146e+02 7.2265100098e+02 7.2278802490e+02 7.2277801514e+02 7.2275201416e+02 7.2283898926e+02 7.2298797607e+02 7.2315698242e+02 7.2326599121e+02 7.2333502197e+02 7.2339398193e+02 7.2345697021e+02 7.2358398438e+02 7.2376202393e+02 7.2395397949e+02 7.2414697266e+02 7.2435198975e+02 7.2456201172e+02 7.2474499512e+02 7.2489599609e+02 7.2502697754e+02 7.2510797119e+02 7.2516802979e+02 7.2532702637e+02 7.2547698975e+02 7.2562097168e+02 7.2575500488e+02 7.2587500000e+02 7.2598901367e+02 7.2610101318e+02
7.2028399658e+02 7.2048901367e+02 7.2066302490e+02 7.2085198975e+02 7.2101202393e+02 7.2112799072e+02 7.2126000977e+02 7.2137298584e+02 7.2141802979e+02 7.2143902588e+02 7.2146502686e+02 7.2153900146e+02 7.2165002441e+02 7.2173999023e+02 7.2192602539e+02 7.2212200928e+02 7.2226599121e+02 7.2231896973e+02 7.2234497070e+02 7.2245800781e+02 7.2260699463e+02 7.2273602295e+02 7.2291198730e+02 7.2307098389e+02 7.2319396973e+02 7.2327600098e+02 7.2334100342e+02 7.2341699219e+02 7.2352197266e+02 7.2366497803e+02 7.2383001709e+02 7.2397998047e+02 7.2417797852e+02 7.2439202881e+02 7.2458001709e+02 7.2474902344e+02 7.2488500977e+02 7.2496997070e+02 7.2505200195e+02 7.2518798828e+02 7.2531896973e+02 7.2544097900e+02 7.2556799316e+02 7.2567999268e+02 7.2579498291e+02 7.2590399170e+02
7.2003601074e+02 7.2023199463e+02 7.2041900635e+02 7.2064099121e+02 7.2080999756e+02 7.2091497803e+02 7.2106298828e+02 7.2121801758e+02 7.2125701904e+02 7.2130401611e+02 7.2134002686e+02 7.2139099121e+02 7.2151397705e+02 7.2161102295e+02 7.2177099609e+02 7.2190802002e+02 7.2202099609e+02 7.2213598633e+02 7.2222100830e+02 7.2239898682e+02 7.2254400635e+02 7.2265502930e+02 7.2284802246e+02 7.2299102783e+02 7.2311297607e+02 7.2322900391e+02 7.2332702637e+02 7.2341998291e+02 7.2352899170e+02 7.2365100098e+02 7.2378198242e+02 7.2388702393e+02 7.2402801514e+02 7.2420397949e+02 7.2437597656e+02 7.2454901123e+02 7.2471997070e+02 7.2483599854e+02 7.2491601563e+02 7.2503997803e+02 7.2515802002e+02 7.2527398682e+02 7.2539099121e+02 7.2551397705e+02 7.2563702393e+02 7.2575097656e+02
7.1981597900e+02 7.2000000000e+02 7.2017999268e+02 7.2041198730e+02 7.2059399414e+02 7.2069897461e+02 7.2081597900e+02 7.2096398926e+02 7.2105499268e+02 7.2115399170e+02 7.2122998047e+02 7.2132098389e+02 7.2141601563e+02 7.2151898193e+02 7.2166699219e+02 7.2177502441e+02 7.2190502930e+02 7.2205499268e+02 7.2217199707e+02 7.2236102295e+02 7.2248797607e+02 7.2259002686e+02 7.2278399658e+02 7.2294500732e+02 7.2305798340e+02 7.2317498779e+02 7.2329101563e+02 7.2338299561e+02 7.2349200439e+02 7.2361102295e+02 7.2372802734e+02 7.2380603027e+02 7.2391699219e+02 7.2405999756e+02 7.2420001221e+02 7.2432598877e+02 7.2448901367e+02 7.2463897705e+02 7.2475201416e+02 7.2485900879e+02 7.2496600342e+02 7.2507800293e+02 7.2520697021e+02 7.2535101318e+02 7.2548999023e+02 7.2561999512e+02
7.1962597656e+02 7.1980102539e+02 7.1996899414e+02 7.2018200684e+02 7.2036297607e+02 7.2048199463e+02 7.2059698486e+02 7.2073602295e+02 7.2085498047e+02 7.2097601318e+02 7.2107897949e+02 7.2121502686e+02 7.2130902100e+02 7.2140997314e+02 7.2156201172e+02 7.2166699219e+02 7.2181896973e+02 7.2197302246e+02 7.2212200928e+02 7.2229699707e+02 7.2242901611e+02 7.2253198242e+02 7.2269799805e+02 7.2289202881e+02 7.2301800537e+02 7.2311700439e+02 7.2320098877e+02 7.2325201416e+02 7.2334899902e+02 7.2348400879e+02 7.2362298584e+02 7.2371197510e+02 7.2382800293e+02 7.2396197510e+02 7.2408300781e+02 7.2417297363e+02 7.2428497314e+02 7.2441497803e+02 7.2454797363e+02 7.2465002441e+02 7.2475000000e+02 7.2485998535e+02 7.2500402832e+02 7.2516998291e+02 7.2532702637e+02 7.2547399902e+02
7.1946899414e+02 7.1964300537e+02 7.1981201172e+02 7.1998999023e+02 7.2014398193e+02 7.2027197266e+02 7.2040399170e+02 7.2054400635e+02 7.2067401123e+02 7.2079998779e+02 7.2092602539e+02 7.2106701660e+02 7.2117999268e+02 7.2129400635e+02 7.2144000244e+02 7.2154797363e+02 7.2170599365e+02 7.2186999512e+02 7.2203002930e+02 7.2222497559e+02 7.2236499023e+02 7.2243103027e+02 7.2255401611e+02 7.2274902344e+02 7.2287701416e+02 7.2296398926e+02 7.2303198242e+02 7.2306097412e+02 7.2312402344e+02 7.2327697754e+02 7.2346801758e+02 7.2359002686e+02 7.2374499512e+02 7.2388702393e+02 7.2399499512e+02 7.2409997559e+02 7.2416699219e+02 7.2423797607e+02 7.2434399414e+02 7.2442999268e+02 7.2451599121e+02 7.2462402344e+02 7.2477099609e+02 7.2495501709e+02 7.2512097168e+02 7.2528399658e+02
7.1931896973e+02 7.1949597168e+02 7.1966497803e+02 7.1984301758e+02 7.1998498535e+02 7.2010498047e+02 7.2023999023e+02 7.2038897705e+02 7.2052301025e+02 7.2066101074e+02 7.2081701660e+02 7.2093902588e+02 7.2102301025e+02 7.2116400146e+02 7.2131896973e+02 7.2140698242e+02 7.2158502197e+02 7.2176599121e+02 7.2192297363e+02 7.2210400391e+02 7.2221301270e+02 7.2225097656e+02 7.2236798096e+02 7.2253002930e+02 7.2263598633e+02 7.2271697998e+02 7.2279199219e+02 7.2289202881e+02 7.2292700195e+02 7.2301702881e+02 7.2318701172e+02 7.2334002686e+02 7.2357897949e+02 7.2380401611e+02 7.2392700195e+02 7.2403002930e+02 7.2409100342e+02 7.2414300537e+02 7.2420599365e+02 7.2425701904e+02 7.2430401611e+02 7.2438299561e+02 7.2453802490e+02 7.2471197510e+02 7.2487298584e+02 7.2504602051e+02
7.1914697266e+02 7.1932800293e+02 7.1950201416e+02 7.1967199707e+02 7.1980700684e+02 7.1992498779e+02 7.2005902100e+02 7.2021697998e+02 7.2035998535e+02 7.2051000977e+02 7.2068798828e+02 7.2082098389e+02 7.2089202881e+02 7.2103698730e+02 7.2117901611e+02 7.2124902344e+02 7.2142401123e+02 7.2160498047e+02 7.2175701904e+02 7.2188500977e+02 7.2196899414e+02 7.2201098633e+02 7.2210900879e+02 7.2225299072e+02 7.2237097168e+02 7.2246301270e+02 7.2253497314e+02 7.2267401123e+02 7.2277001953e+02 7.2287701416e+02 7.2298699951e+02 7.2307397461e+02 7.2331097412e+02 7.2359600830e+02 7.2379699707e+02 7.2393499756e+02 7.2399902344e+02 7.2405401611e+02 7.2412298584e+02 7.2415899658e+02 7.2418798828e+02 7.2423999023e+02 7.2435900879e+02 7.2449597168e+02 7.2462902832e+02 7.2478497314e+02
7.1894500732e+02 7.1913000488e+02 7.1930102539e+02 7.1945001221e+02 7.1958801270e+02 7.1971997070e+02 7.1984997559e+02 7.2000897217e+02 7.2014898682e+02 7.2027899170e+02 7.2043402100e+02 7.2058697510e+02 7.2069702148e+02 7.2084600830e+02 7.2097900391e+02 7.2106799316e+02 7.2123699951e+02 7.2143200684e+02 7.2158502197e+02 7.2170697021e+02 7.2179797363e+02 7.2185699463e+02 7.2193103027e+02 7.2204199219e+02 7.2214001465e+02 7.2222698975e+02 7.2230902100e+02 7.2244702148e+02 7.2257598877e+02 7.2271099854e+02 7.2282397461e+02 7.2287701416e+02 7.2305999756e+02 7.2332299805e+02 7.2355700684e+02 7.2373101807e+02 7.2381500244e+02 7.2389501953e+02 7.2402099609e+02 7.2408599854e+02 7.2412902832e+02 7.2417297363e+02 7.2424798584e+02 7.2433398438e+02 7.2442797852e+02 7.2454797363e+02
7.1871697998e+02 7.1889697266e+02 7.1903399658e+02 7.1918902588e+02 7.1934301758e+02 7.1949798584e+02 7.1965997314e+02 7.1979302979e+02 7.1990301514e+02 7.2000897217e+02 7.2015698242e+02 7.2034600830e+02 7.2050000000e+02 7.2061602783e+02 7.2071600342e+02 7.2086297607e+02 7.2103497314e+02 7.2122100830e+02 7.2139898682e+02 7.2156896973e+02 7.2167797852e+02 7.2174597168e+02 7.2183898926e+02 7.2193798828e+02 7.2199401855e+02 7.2206701660e+02 7.2216198730e+02 7.2226800537e+02 7.2235699463e+02 7.2245397949e+02 7.2258697510e+02 7.2268701172e+02 7.2284698486e+02 7.2308197021e+02 7.2325799561e+02 7.2341198730e+02 7.2352899170e+02 7.2366400146e+02 7.2384100342e+02 7.2397698975e+02 7.2406896973e+02 7.2413598633e+02 7.2419500732e+02 7.2424200439e+02 7.2430200195e+02 7.2437097168e+02
7.1845202637e+02 7.1862902832e+02 7.1877502441e+02 7.1893902588e+02 7.1910101318e+02 7.1925598145e+02 7.1941101074e+02 7.1954498291e+02 7.1965600586e+02 7.1977697754e+02 7.1993200684e+02 7.2012701416e+02 7.2030102539e+02 7.2043597412e+02 7.2055902100e+02 7.2071099854e+02 7.2085699463e+02 7.2100500488e+02 7.2119000244e+02 7.2137799072e+02 7.2146801758e+02 7.2151397705e+02 7.2161999512e+02 7.2176599121e+02 7.2184899902e+02 7.2192700195e+02 7.2202502441e+02 7.2211999512e+02 7.2215399170e+02 7.2222802734e+02 7.2236999512e+02 7.2247399902e+02 7.2262402344e+02 7.2290197754e+02 7.2315899658e+02 7.2327099609e+02 7.2335302734e+02 7.2348199463e+02 7.2365301514e+02 7.2380200195e+02 7.2393402100e+02 7.2402801514e+02 7.2408599854e+02 7.2412597656e+02 7.2418902588e+02 7.2427502441e+02
7.1818200684e+02 7.1836700439e+02 7.1852899170e+02 7.1869897461e+02 7.1886700439e+02 7.1902600098e+02 7.1916802979e+02 7.1930200195e+02 7.1943200684e+02 7.1956597900e+02 7.1971197510e+02 7.1989398193e+02 7.2006597900e+02 7.2020397949e+02 7.2034997559e+02 7.2052697754e+02 7.2066198730e+02 7.2079498291e+02 7.2100000000e+02 7.2117102051e+02 7.2123699951e+02 7.2128002930e+02 7.2137500000e+02 7.2151098633e+02 7.2162799072e+02 7.2173400879e+02 7.2184100342e+02 7.2190197754e+02 7.2191699219e+02 7.2199499512e+02 7.2213500977e+02 7.2228100586e+02 7.2246099854e+02 7.2272100830e+02 7.2302801514e+02 7.2315802002e+02 7.2323101807e+02 7.2334997559e+02 7.2350799561e+02 7.2363397217e+02 7.2375000000e+02 7.2384197998e+02 7.2390600586e+02 7.2394000244e+02 7.2402197266e+02 7.2415197754e+02
7.1794201660e+02 7.1813397217e+02 7.1830999756e+02 7.1848602295e+02 7.1865899658e+02 7.1881896973e+02 7.1895001221e+02 7.1908502197e+02 7.1923101807e+02 7.1937097168e+02 7.1951202393e+02 7.1969500732e+02 7.1985797119e+02 7.1998699951e+02 7.2014300537e+02 7.2034301758e+02 7.2047100830e+02 7.2059100342e+02 7.2080999756e+02 7.2096600342e+02 7.2101501465e+02 7.2106597900e+02 7.2115600586e+02 7.2127398682e+02 7.2141699219e+02 7.2154699707e+02 7.2163397217e+02 7.2163598633e+02 7.2165802002e+02 7.2175897217e+02 7.2191101074e+02 7.2211700439e+02 7.2232299805e+02 7.2252502441e+02 7.2280798340e+02 7.2299102783e+02 7.2308898926e+02 7.2320599365e+02 7.2334802246e+02 7.2344897461e+02 7.2354199219e+02 7.2362799072e+02 7.2370397949e+02 7.2376000977e+02 7.2385498047e+02 7.2399499512e+02
7.1773699951e+02 7.1794000244e+02 7.1813000488e+02 7.1830102539e+02 7.1847302246e+02 7.1863201904e+02 7.1876098633e+02 7.1890899658e+02 7.1905798340e+02 7.1919097900e+02 7.1929602051e+02 7.1946801758e+02 7.1965100098e+02 7.1980499268e+02 7.1998602295e+02 7.2016900635e+02 7.2026898193e+02 7.2036102295e+02 7.2056201172e+02 7.2071301270e+02 7.2077398682e+02 7.2084600830e+02 7.2095098877e+02 7.2109497070e+02 7.2124798584e+02 7.2138897705e+02 7.2146997070e+02 7.2145898438e+02 7.2147900391e+02 7.2157098389e+02 7.2172601318e+02 7.2196697998e+02 7.2216802979e+02 7.2232501221e+02 7.2253198242e+02 7.2275500488e+02 7.2289001465e+02 7.2300097656e+02 7.2311297607e+02 7.2322497559e+02 7.2332397461e+02 7.2340698242e+02 7.2347399902e+02 7.2360498047e+02 7.2374597168e+02 7.2386798096e+02
7.1755603027e+02 7.1775598145e+02 7.1794897461e+02 7.1814001465e+02 7.1831799316e+02 7.1848199463e+02 7.1863897705e+02 7.1880102539e+02 7.1893798828e+02 7.1905401611e+02 7.1913201904e+02 7.1926300049e+02 7.1946502686e+02 7.1962200928e+02 7.1978100586e+02 7.1995202637e+02 7.2005102539e+02 7.2012799072e+02 7.2024298096e+02 7.2036901855e+02 7.2048699951e+02 7.2059997559e+02 7.2071099854e+02 7.2086199951e+02 7.2104901123e+02 7.2124401855e+02 7.2135400391e+02 7.2138598633e+02 7.2138702393e+02 7.2142901611e+02 7.2155700684e+02 7.2178802490e+02 7.2199499512e+02 7.2215502930e+02 7.2230297852e+02 7.2246899414e+02 7.2260900879e+02 7.2274298096e+02 7.2290100098e+02 7.2304498291e+02 7.2316198730e+02 7.2326501465e+02 7.2335101318e+02 7.2341198730e+02 7.2354400635e+02 7.2368701172e+02
7.1741699219e+02 7.1759899902e+02 7.1779199219e+02 7.1801000977e+02 7.1820300293e+02 7.1837298584e+02 7.1853497314e+02 7.1869897461e+02 7.1882702637e+02 7.1892999268e+02 7.1900598145e+02 7.1913500977e+02 7.1931500244e+02 7.1943798828e+02 7.1955297852e+02 7.1970098877e+02 7.1980700684e+02 7.1988201904e+02 7.1994598389e+02 7.2002502441e+02 7.2016101074e+02 7.2031500244e+02 7.2045300293e+02 7.2062701416e+02 7.2085400391e+02 7.2109600830e+02 7.2126501465e+02 7.2134301758e+02 7.2134802246e+02 7.2135699463e+02 7.2145501709e+02 7.2164398193e+02 7.2181500244e+02 7.2195098877e+02 7.2206201172e+02 7.2218597412e+02 7.2230798340e+02 7.2245300293e+02 7.2265002441e+02 7.2280999756e+02 7.2294000244e+02 7.2307800293e+02 7.2324401855e+02 7.2331597900e+02 7.2336297607e+02 7.2345800781e+02
7.1730999756e+02 7.1748699951e+02 7.1767199707e+02 7.1789697266e+02 7.1810302734e+02 7.1827899170e+02 7.1843499756e+02 7.1858898926e+02 7.1871002197e+02 7.1880401611e+02 7.1887902832e+02 7.1899700928e+02 7.1914202881e+02 7.1923400879e+02 7.1932702637e+02 7.1945098877e+02 7.1955102539e+02 7.1962799072e+02 7.1968701172e+02 7.1975598145e+02 7.1989697266e+02 7.2006701660e+02 7.2022100830e+02 7.2042602539e+02 7.2065997314e+02 7.2091198730e+02 7.2113702393e+02 7.2127001953e+02 7.2131402588e+02 7.2132702637e+02 7.2139801025e+02 7.2152197266e+02 7.2163397217e+02 7.2173901367e+02 7.2183197021e+02 7.2193798828e+02 7.2204699707e+02 7.2219500732e+02 7.2239801025e+02 7.2255200195e+02 7.2268597412e+02 7.2283801270e+02 7.2303601074e+02 7.2316601563e+02 7.2322100830e+02 7.2327697754e+02
