TESTSERVER/20/4.asc
NCOLS 100
NROWS 100
XLLCORNER 8.4997500000e+03
YLLCORNER 2.8975025000e+05
CELLSIZE 5.0000000000e-01
NODATA_VALUE -9.9990000000e+03
[rows 40 to 59 of 100, columns 0 to 45 of 100]
7.1707397461e+02 7.1728601074e+02 7.1749401855e+02 7.1770098877e+02 7.1789898682e+02 7.1805297852e+02 7.1825299072e+02 7.1848199463e+02 7.1872998047e+02 7.1898999023e+02 7.1921197510e+02 7.1940899658e+02 7.1959899902e+02 7.1976501465e+02 7.1997198486e+02 7.2020098877e+02 7.2043402100e+02 7.2061297607e+02 7.2082000732e+02 7.2107000732e+02 7.2128997803e+02 7.2144097900e+02 7.2165802002e+02 7.2188800049e+02 7.2212298584e+02 7.2259997559e+02 7.2293103027e+02 7.2298901367e+02 7.2299298096e+02 7.2311798096e+02 7.2329901123e+02 7.2356701660e+02 7.2390997314e+02 7.2422601318e+02 7.2449700928e+02 7.2469702148e+02 7.2483001709e+02 7.2494799805e+02 7.2509002686e+02 7.2522198486e+02 7.2535998535e+02 7.2555700684e+02 7.2582702637e+02 7.2607397461e+02 7.2626397705e+02 7.2647601318e+02
7.1699798584e+02 7.1719299316e+02 7.1739599609e+02 7.1759100342e+02 7.1776702881e+02 7.1792797852e+02 7.1813098145e+02 7.1835198975e+02 7.1858001709e+02 7.1884899902e+02 7.1906500244e+02 7.1923901367e+02 7.1943402100e+02 7.1961297607e+02 7.1981097412e+02 7.2002398682e+02 7.2026397705e+02 7.2047698975e+02 7.2066900635e+02 7.2088800049e+02 7.2112799072e+02 7.2131896973e+02 7.2150201416e+02 7.2175402832e+02 7.2201098633e+02 7.2234899902e+02 7.2279498291e+02 7.2298400879e+02 7.2301202393e+02 7.2307800293e+02 7.2316497803e+02 7.2335699463e+02 7.2368103027e+02 7.2402398682e+02 7.2431896973e+02 7.2453997803e+02 7.2469500732e+02 7.2483001709e+02 7.2496801758e+02 7.2508001709e+02 7.2517700195e+02 7.2541900635e+02 7.2568402100e+02 7.2584301758e+02 7.2597100830e+02 7.2616400146e+02
7.1692199707e+02 7.1709100342e+02 7.1727899170e+02 7.1746099854e+02 7.1763500977e+02 7.1782702637e+02 7.1803601074e+02 7.1823797607e+02 7.1843200684e+02 7.1867401123e+02 7.1889001465e+02 7.1907202148e+02 7.1927301025e+02 7.1946997070e+02 7.1966802979e+02 7.1986102295e+02 7.2008001709e+02 7.2032397461e+02 7.2055902100e+02 7.2075799561e+02 7.2096099854e+02 7.2117199707e+02 7.2135900879e+02 7.2160797119e+02 7.2186602783e+02 7.2209399414e+02 7.2251599121e+02 7.2286999512e+02 7.2305102539e+02 7.2308801270e+02 7.2312097168e+02 7.2321899414e+02 7.2345800781e+02 7.2378900146e+02 7.2408898926e+02 7.2434301758e+02 7.2454699707e+02 7.2472698975e+02 7.2487500000e+02 7.2496899414e+02 7.2503497314e+02 7.2524597168e+02 7.2550097656e+02 7.2565301514e+02 7.2575897217e+02 7.2591198730e+02
7.1685101318e+02 7.1699798584e+02 7.1716802979e+02 7.1733697510e+02 7.1751300049e+02 7.1773999023e+02 7.1796002197e+02 7.1815197754e+02 7.1832897949e+02 7.1852899170e+02 7.1873297119e+02 7.1893200684e+02 7.1914501953e+02 7.1935498047e+02 7.1956201172e+02 7.1974902344e+02 7.1994097900e+02 7.2018298340e+02 7.2045300293e+02 7.2067199707e+02 7.2084802246e+02 7.2103997803e+02 7.2123797607e+02 7.2147100830e+02 7.2170202637e+02 7.2188000488e+02 7.2219097900e+02 7.2256701660e+02 7.2288897705e+02 7.2302697754e+02 7.2310601807e+02 7.2316699219e+02 7.2330200195e+02 7.2357098389e+02 7.2384497070e+02 7.2410699463e+02 7.2436102295e+02 7.2459698486e+02 7.2475402832e+02 7.2484100342e+02 7.2489300537e+02 7.2501202393e+02 7.2520300293e+02 7.2536499023e+02 7.2552801514e+02 7.2571002197e+02
7.1678497314e+02 7.1693103027e+02 7.1707702637e+02 7.1722900391e+02 7.1739697266e+02 7.1764300537e+02 7.1787200928e+02 7.1806402588e+02 7.1824200439e+02 7.1840600586e+02 7.1859698486e+02 7.1881597900e+02 7.1904101563e+02 7.1924902344e+02 7.1946600342e+02 7.1966601563e+02 7.1984301758e+02 7.2003900146e+02 7.2029498291e+02 7.2053802490e+02 7.2072601318e+02 7.2090197754e+02 7.2110699463e+02 7.2133599854e+02 7.2154699707e+02 7.2174597168e+02 7.2196197510e+02 7.2220898438e+02 7.2245202637e+02 7.2280999756e+02 7.2304998779e+02 7.2316400146e+02 7.2326202393e+02 7.2342297363e+02 7.2363098145e+02 7.2386798096e+02 7.2415899658e+02 7.2442102051e+02 7.2457800293e+02 7.2465899658e+02 7.2474298096e+02 7.2485998535e+02 7.2497802734e+02 7.2510302734e+02 7.2530297852e+02 7.2551397705e+02
7.1675299072e+02 7.1688897705e+02 7.1700701904e+02 7.1713098145e+02 7.1728399658e+02 7.1751800537e+02 7.1773699951e+02 7.1791497803e+02 7.1806896973e+02 7.1824401855e+02 7.1847601318e+02 7.1873699951e+02 7.1896997070e+02 7.1917700195e+02 7.1936499023e+02 7.1956402588e+02 7.1977301025e+02 7.1995800781e+02 7.2014898682e+02 7.2034197998e+02 7.2054302979e+02 7.2076800537e+02 7.2098699951e+02 7.2120697021e+02 7.2142102051e+02 7.2164898682e+02 7.2180798340e+02 7.2199499512e+02 7.2220898438e+02 7.2255700684e+02 7.2288201904e+02 7.2309399414e+02 7.2322698975e+02 7.2333801270e+02 7.2347497559e+02 7.2365698242e+02 7.2391802979e+02 7.2418701172e+02 7.2434802246e+02 7.2444299316e+02 7.2457800293e+02 7.2476000977e+02 7.2487799072e+02 7.2498999023e+02 7.2518499756e+02 7.2535797119e+02
7.1673602295e+02 7.1686602783e+02 7.1696197510e+02 7.1706298828e+02 7.1719097900e+02 7.1738702393e+02 7.1757598877e+02 7.1774499512e+02 7.1791101074e+02 7.1811401367e+02 7.1838201904e+02 7.1863800049e+02 7.1889300537e+02 7.1909399414e+02 7.1926098633e+02 7.1945898438e+02 7.1970300293e+02 7.1987701416e+02 7.2002697754e+02 7.2019396973e+02 7.2039398193e+02 7.2063098145e+02 7.2086199951e+02 7.2108599854e+02 7.2128900146e+02 7.2152099609e+02 7.2169598389e+02 7.2190600586e+02 7.2212402344e+02 7.2238201904e+02 7.2268701172e+02 7.2296697998e+02 7.2319201660e+02 7.2332800293e+02 7.2343902588e+02 7.2356500244e+02 7.2375701904e+02 7.2398101807e+02 7.2414599609e+02 7.2427301025e+02 7.2443902588e+02 7.2463201904e+02 7.2476800537e+02 7.2490997314e+02 7.2509100342e+02 7.2523101807e+02
7.1670697021e+02 7.1683599854e+02 7.1692999268e+02 7.1702398682e+02 7.1714099121e+02 7.1728100586e+02 7.1742199707e+02 7.1757702637e+02 7.1776202393e+02 7.1798602295e+02 7.1828802490e+02 7.1849597168e+02 7.1874700928e+02 7.1894201660e+02 7.1912500000e+02 7.1934002686e+02 7.1957897949e+02 7.1975500488e+02 7.1991302490e+02 7.2009002686e+02 7.2029797363e+02 7.2053302002e+02 7.2075500488e+02 7.2098199463e+02 7.2119702148e+02 7.2140100098e+02 7.2158898926e+02 7.2182501221e+02 7.2207397461e+02 7.2231597900e+02 7.2255999756e+02 7.2282598877e+02 7.2311700439e+02 7.2333502197e+02 7.2346899414e+02 7.2356799316e+02 7.2369299316e+02 7.2384802246e+02 7.2399102783e+02 7.2413098145e+02 7.2430499268e+02 7.2447900391e+02 7.2463397217e+02 7.2480798340e+02 7.2499902344e+02 7.2516900635e+02
7.1663000488e+02 7.1676599121e+02 7.1689001465e+02 7.1701202393e+02 7.1714801025e+02 7.1722100830e+02 7.1729998779e+02 7.1744000244e+02 7.1763299561e+02 7.1784100342e+02 7.1812701416e+02 7.1834698486e+02 7.1858697510e+02 7.1878900146e+02 7.1900000000e+02 7.1921502686e+02 7.1940899658e+02 7.1960198975e+02 7.1978198242e+02 7.1996600342e+02 7.2019396973e+02 7.2050000000e+02 7.2072900391e+02 7.2092297363e+02 7.2111297607e+02 7.2128997803e+02 7.2149102783e+02 7.2173297119e+02 7.2197100830e+02 7.2228601074e+02 7.2249499512e+02 7.2267700195e+02 7.2299298096e+02 7.2330401611e+02 7.2349401855e+02 7.2359802246e+02 7.2367498779e+02 7.2376098633e+02 7.2387097168e+02 7.2400402832e+02 7.2416497803e+02 7.2435198975e+02 7.2454602051e+02 7.2473199463e+02 7.2492602539e+02 7.2514801025e+02
7.1650000000e+02 7.1666400146e+02 7.1683300781e+02 7.1699401855e+02 7.1715002441e+02 7.1721899414e+02 7.1725402832e+02 7.1737097168e+02 7.1753002930e+02 7.1774200439e+02 7.1796600342e+02 7.1818798828e+02 7.1843103027e+02 7.1865802002e+02 7.1888397217e+02 7.1909100342e+02 7.1927099609e+02 7.1944500732e+02 7.1963800049e+02 7.1984301758e+02 7.2009698486e+02 7.2041198730e+02 7.2063702393e+02 7.2082397461e+02 7.2102899170e+02 7.2120202637e+02 7.2141699219e+02 7.2167297363e+02 7.2188000488e+02 7.2217401123e+02 7.2240502930e+02 7.2258099365e+02 7.2288598633e+02 7.2321600342e+02 7.2346600342e+02 7.2362298584e+02 7.2371899414e+02 7.2379797363e+02 7.2387902832e+02 7.2398101807e+02 7.2411798096e+02 7.2428399658e+02 7.2446997070e+02 7.2465600586e+02 7.2487200928e+02 7.2510498047e+02
7.1634997559e+02 7.1653399658e+02 7.1671801758e+02 7.1688500977e+02 7.1703100586e+02 7.1709497070e+02 7.1715399170e+02 7.1729302979e+02 7.1742797852e+02 7.1761700439e+02 7.1781597900e+02 7.1808300781e+02 7.1830700684e+02 7.1852899170e+02 7.1875402832e+02 7.1895800781e+02 7.1914697266e+02 7.1933398438e+02 7.1954199219e+02 7.1976397705e+02 7.2001599121e+02 7.2028198242e+02 7.2050097656e+02 7.2071600342e+02 7.2094799805e+02 7.2114697266e+02 7.2137402344e+02 7.2162200928e+02 7.2182202148e+02 7.2207000732e+02 7.2227899170e+02 7.2248498535e+02 7.2277398682e+02 7.2308398438e+02 7.2337402344e+02 7.2359301758e+02 7.2373297119e+02 7.2383502197e+02 7.2390197754e+02 7.2398101807e+02 7.2410998535e+02 7.2426000977e+02 7.2441198730e+02 7.2458398438e+02 7.2481097412e+02 7.2504602051e+02
7.1619799805e+02 7.1639202881e+02 7.1657202148e+02 7.1672198486e+02 7.1684197998e+02 7.1692199707e+02 7.1700201416e+02 7.1716400146e+02 7.1733898926e+02 7.1747900391e+02 7.1765197754e+02 7.1793499756e+02 7.1816497803e+02 7.1839697266e+02 7.1862298584e+02 7.1883001709e+02 7.1904400635e+02 7.1927099609e+02 7.1949597168e+02 7.1972698975e+02 7.1998297119e+02 7.2019396973e+02 7.2039697266e+02 7.2062500000e+02 7.2085797119e+02 7.2109600830e+02 7.2133801270e+02 7.2157000732e+02 7.2178002930e+02 7.2203497314e+02 7.2224700928e+02 7.2246099854e+02 7.2270501709e+02 7.2296801758e+02 7.2325897217e+02 7.2351599121e+02 7.2370202637e+02 7.2384301758e+02 7.2391400146e+02 7.2397198486e+02 7.2408898926e+02 7.2422998047e+02 7.2436401367e+02 7.2453900146e+02 7.2477099609e+02 7.2499499512e+02
7.1606298828e+02 7.1626300049e+02 7.1642401123e+02 7.1654901123e+02 7.1665301514e+02 7.1676202393e+02 7.1687500000e+02 7.1706597900e+02 7.1733300781e+02 7.1745001221e+02 7.1757702637e+02 7.1778497314e+02 7.1801300049e+02 7.1827600098e+02 7.1851098633e+02 7.1872601318e+02 7.1897698975e+02 7.1924298096e+02 7.1948297119e+02 7.1972698975e+02 7.1998498535e+02 7.2017602539e+02 7.2034301758e+02 7.2054101563e+02 7.2074798584e+02 7.2100299072e+02 7.2126000977e+02 7.2148498535e+02 7.2174902344e+02 7.2204602051e+02 7.2230102539e+02 7.2249902344e+02 7.2266900635e+02 7.2289202881e+02 7.2315698242e+02 7.2341302490e+02 7.2364898682e+02 7.2383398438e+02 7.2392999268e+02 7.2396697998e+02 7.2401800537e+02 7.2413397217e+02 7.2429498291e+02 7.2451501465e+02 7.2476702881e+02 7.2496099854e+02
7.1594396973e+02 7.1614599609e+02 7.1629998779e+02 7.1641699219e+02 7.1652600098e+02 7.1661499023e+02 7.1671502686e+02 7.1689501953e+02 7.1725097656e+02 7.1746997070e+02 7.1752099609e+02 7.1765399170e+02 7.1788598633e+02 7.1816497803e+02 7.1840802002e+02 7.1862701416e+02 7.1892297363e+02 7.1923199463e+02 7.1951000977e+02 7.1979400635e+02 7.2003698730e+02 7.2019299316e+02 7.2031201172e+02 7.2046002197e+02 7.2064099121e+02 7.2084899902e+02 7.2108300781e+02 7.2131402588e+02 7.2161602783e+02 7.2195098877e+02 7.2225799561e+02 7.2247698975e+02 7.2260498047e+02 7.2281201172e+02 7.2305102539e+02 7.2328198242e+02 7.2352502441e+02 7.2377001953e+02 7.2391302490e+02 7.2396398926e+02 7.2398999023e+02 7.2406896973e+02 7.2421197510e+02 7.2442102051e+02 7.2465197754e+02 7.2483398438e+02
7.1580700684e+02 7.1601599121e+02 7.1617901611e+02 7.1630798340e+02 7.1643597412e+02 7.1653302002e+02 7.1661297607e+02 7.1676098633e+02 7.1705999756e+02 7.1726599121e+02 7.1737902832e+02 7.1755297852e+02 7.1780902100e+02 7.1805603027e+02 7.1829199219e+02 7.1853399658e+02 7.1885400391e+02 7.1916998291e+02 7.1947698975e+02 7.1976599121e+02 7.1998101807e+02 7.2012799072e+02 7.2023999023e+02 7.2036401367e+02 7.2052197266e+02 7.2069500732e+02 7.2089099121e+02 7.2109997559e+02 7.2138000488e+02 7.2171398926e+02 7.2206701660e+02 7.2234002686e+02 7.2249700928e+02 7.2271197510e+02 7.2293402100e+02 7.2313098145e+02 7.2333801270e+02 7.2359197998e+02 7.2377502441e+02 7.2387500000e+02 7.2394396973e+02 7.2403399658e+02 7.2414300537e+02 7.2429199219e+02 7.2447698975e+02 7.2465802002e+02
7.1563897705e+02 7.1586102295e+02 7.1604302979e+02 7.1619799805e+02 7.1634197998e+02 7.1645397949e+02 7.1655401611e+02 7.1670898438e+02 7.1693103027e+02 7.1707098389e+02 7.1723699951e+02 7.1745397949e+02 7.1771197510e+02 7.1795001221e+02 7.1819500732e+02 7.1845599365e+02 7.1876000977e+02 7.1906701660e+02 7.1936901855e+02 7.1962402344e+02 7.1981097412e+02 7.1996502686e+02 7.2009002686e+02 7.2021301270e+02 7.2036602783e+02 7.2053100586e+02 7.2071997070e+02 7.2090600586e+02 7.2113299561e+02 7.2143200684e+02 7.2178900146e+02 7.2210797119e+02 7.2232702637e+02 7.2257098389e+02 7.2281201172e+02 7.2300598145e+02 7.2317199707e+02 7.2339697266e+02 7.2359997559e+02 7.2374200439e+02 7.2385900879e+02 7.2399102783e+02 7.2409100342e+02 7.2418402100e+02 7.2431402588e+02 7.2450000000e+02
7.1542797852e+02 7.1568103027e+02 7.1588702393e+02 7.1606597900e+02 7.1620697021e+02 7.1635601807e+02 7.1650097656e+02 7.1667901611e+02 7.1684301758e+02 7.1695599365e+02 7.1713299561e+02 7.1732800293e+02 7.1757202148e+02 7.1785797119e+02 7.1810302734e+02 7.1836602783e+02 7.1867102051e+02 7.1896398926e+02 7.1923199463e+02 7.1943798828e+02 7.1961401367e+02 7.1976202393e+02 7.1988800049e+02 7.2001501465e+02 7.2017401123e+02 7.2035198975e+02 7.2054498291e+02 7.2074200439e+02 7.2097399902e+02 7.2123199463e+02 7.2154602051e+02 7.2186499023e+02 7.2215002441e+02 7.2240301514e+02 7.2266802979e+02 7.2289202881e+02 7.2305798340e+02 7.2325299072e+02 7.2346801758e+02 7.2364001465e+02 7.2377099609e+02 7.2392602539e+02 7.2404998779e+02 7.2412902832e+02 7.2419598389e+02 7.2434497070e+02
7.1534002686e+02 7.1553100586e+02 7.1573400879e+02 7.1592901611e+02 7.1610198975e+02 7.1627301025e+02 7.1641400146e+02 7.1659197998e+02 7.1674200439e+02 7.1685900879e+02 7.1705200195e+02 7.1725799561e+02 7.1752502441e+02 7.1778802490e+02 7.1798602295e+02 7.1822900391e+02 7.1853399658e+02 7.1884997559e+02 7.1909399414e+02 7.1925201416e+02 7.1939898682e+02 7.1956097412e+02 7.1968597412e+02 7.1981201172e+02 7.1999597168e+02 7.2021502686e+02 7.2040399170e+02 7.2059698486e+02 7.2083300781e+02 7.2109899902e+02 7.2139099121e+02 7.2168103027e+02 7.2195898438e+02 7.2223999023e+02 7.2251098633e+02 7.2273797607e+02 7.2291101074e+02 7.2310400391e+02 7.2331097412e+02 7.2350000000e+02 7.2366601563e+02 7.2383197021e+02 7.2398297119e+02 7.2408898926e+02 7.2412701416e+02 7.2417401123e+02
7.1525299072e+02 7.1543200684e+02 7.1560601807e+02 7.1578198242e+02 7.1596997070e+02 7.1617102051e+02 7.1630297852e+02 7.1644201660e+02 7.1660101318e+02 7.1674902344e+02 7.1693701172e+02 7.1712902832e+02 7.1741198730e+02 7.1769299316e+02 7.1786602783e+02 7.1807800293e+02 7.1836401367e+02 7.1865997314e+02 7.1890399170e+02 7.1905798340e+02 7.1917199707e+02 7.1930499268e+02 7.1943499756e+02 7.1958398438e+02 7.1978100586e+02 7.2001300049e+02 7.2021600342e+02 7.2042901611e+02 7.2068499756e+02 7.2095202637e+02 7.2122802734e+02 7.2149102783e+02 7.2173999023e+02 7.2203198242e+02 7.2231799316e+02 7.2255902100e+02 7.2275701904e+02 7.2296301270e+02 7.2315002441e+02 7.2332299805e+02 7.2351300049e+02 7.2369299316e+02 7.2386700439e+02 7.2400897217e+02 7.2408001709e+02 7.2407702637e+02
7.1512799072e+02 7.1532202148e+02 7.1548498535e+02 7.1564099121e+02 7.1580798340e+02 7.1600201416e+02 7.1615802002e+02 7.1627600098e+02 7.1645300293e+02 7.1660900879e+02 7.1679400635e+02 7.1696398926e+02 7.1720001221e+02 7.1748699951e+02 7.1768298340e+02 7.1790899658e+02 7.1819000244e+02 7.1842199707e+02 7.1866802979e+02 7.1885498047e+02 7.1895697021e+02 7.1905499268e+02 7.1918402100e+02 7.1935498047e+02 7.1955102539e+02 7.1976800537e+02 7.1998999023e+02 7.2023602295e+02 7.2050598145e+02 7.2077600098e+02 7.2104901123e+02 7.2129998779e+02 7.2152502441e+02 7.2180200195e+02 7.2208502197e+02 7.2233599854e+02 7.2257098389e+02 7.2282702637e+02 7.2300897217e+02 7.2315802002e+02 7.2333697510e+02 7.2351501465e+02 7.2370397949e+02 7.2388397217e+02 7.2401202393e+02 7.2402001953e+02
