TESTSERVER/20/5.asc
NCOLS 100
NROWS 100
XLLCORNER 8.4997500000e+03
YLLCORNER 2.8970025000e+05
CELLSIZE 5.0000000000e-01
NODATA_VALUE -9.9990000000e+03
[rows 40 to 59 of 100, columns 46 to 91 of 100]
7.0955902100e+02 7.0973101807e+02 7.0991302490e+02 7.1006701660e+02 7.1022900391e+02 7.1039801025e+02 7.1055499268e+02 7.1071197510e+02 7.1087799072e+02 7.1107299805e+02 7.1124499512e+02 7.1140399170e+02 7.1155200195e+02 7.1166699219e+02 7.1176300049e+02 7.1187298584e+02 7.1200201416e+02 7.1213897705e+02 7.1228100586e+02 7.1244897461e+02 7.1262500000e+02 7.1276599121e+02 7.1287298584e+02 7.1298199463e+02 7.1309600830e+02 7.1319799805e+02 7.1327502441e+02 7.1337500000e+02 7.1351000977e+02 7.1363299561e+02 7.1371301270e+02 7.1378399658e+02 7.1384497070e+02 7.1391400146e+02 7.1399401855e+02 7.1409899902e+02 7.1425897217e+02 7.1448400879e+02 7.1475000000e+02 7.1496801758e+02 7.1511102295e+02 7.1520697021e+02 7.1528997803e+02 7.1534698486e+02 7.1542102051e+02 7.1552001953e+02
7.0938598633e+02 7.0955401611e+02 7.0971197510e+02 7.0985498047e+02 7.1000299072e+02 7.1016101074e+02 7.1032202148e+02 7.1047497559e+02 7.1065002441e+02 7.1087500000e+02 7.1106402588e+02 7.1123999023e+02 7.1141601563e+02 7.1155499268e+02 7.1166198730e+02 7.1177001953e+02 7.1190197754e+02 7.1204797363e+02 7.1217700195e+02 7.1232202148e+02 7.1248199463e+02 7.1260699463e+02 7.1269702148e+02 7.1281402588e+02 7.1293402100e+02 7.1303302002e+02 7.1310498047e+02 7.1320202637e+02 7.1333502197e+02 7.1346301270e+02 7.1355401611e+02 7.1361401367e+02 7.1366302490e+02 7.1371899414e+02 7.1379101563e+02 7.1388897705e+02 7.1404602051e+02 7.1425299072e+02 7.1450598145e+02 7.1471502686e+02 7.1484802246e+02 7.1494598389e+02 7.1504699707e+02 7.1514099121e+02 7.1523400879e+02 7.1532598877e+02
7.0919500732e+02 7.0936700439e+02 7.0951599121e+02 7.0965002441e+02 7.0979699707e+02 7.0995800781e+02 7.1011999512e+02 7.1028698730e+02 7.1047998047e+02 7.1071502686e+02 7.1090698242e+02 7.1110601807e+02 7.1130499268e+02 7.1144897461e+02 7.1154498291e+02 7.1165899658e+02 7.1180700684e+02 7.1196002197e+02 7.1207702637e+02 7.1215301514e+02 7.1227001953e+02 7.1240100098e+02 7.1251599121e+02 7.1267102051e+02 7.1283099365e+02 7.1294396973e+02 7.1299298096e+02 7.1307000732e+02 7.1318701172e+02 7.1331597900e+02 7.1342102051e+02 7.1346301270e+02 7.1348797607e+02 7.1352197266e+02 7.1358599854e+02 7.1367999268e+02 7.1381799316e+02 7.1400097656e+02 7.1423199463e+02 7.1442700195e+02 7.1456597900e+02 7.1468103027e+02 7.1479998779e+02 7.1492199707e+02 7.1502600098e+02 7.1511102295e+02
7.0899902344e+02 7.0916802979e+02 7.0933398438e+02 7.0947698975e+02 7.0962500000e+02 7.0978698730e+02 7.0994396973e+02 7.1010101318e+02 7.1028802490e+02 7.1052502441e+02 7.1075201416e+02 7.1097601318e+02 7.1117901611e+02 7.1130401611e+02 7.1137500000e+02 7.1149902344e+02 7.1166302490e+02 7.1181896973e+02 7.1192199707e+02 7.1195300293e+02 7.1205798340e+02 7.1221002197e+02 7.1235101318e+02 7.1254400635e+02 7.1274597168e+02 7.1289099121e+02 7.1294799805e+02 7.1299499512e+02 7.1308398438e+02 7.1319799805e+02 7.1329901123e+02 7.1331896973e+02 7.1331896973e+02 7.1332897949e+02 7.1338299561e+02 7.1347100830e+02 7.1358502197e+02 7.1373797607e+02 7.1393200684e+02 7.1411199951e+02 7.1426501465e+02 7.1440399170e+02 7.1453497314e+02 7.1467700195e+02 7.1479998779e+02 7.1489398193e+02
7.0883898926e+02 7.0899902344e+02 7.0916699219e+02 7.0930401611e+02 7.0945202637e+02 7.0960699463e+02 7.0975299072e+02 7.0990301514e+02 7.1010998535e+02 7.1036700439e+02 7.1061700439e+02 7.1083502197e+02 7.1101000977e+02 7.1110302734e+02 7.1114202881e+02 7.1126800537e+02 7.1142797852e+02 7.1157800293e+02 7.1165802002e+02 7.1173797607e+02 7.1186798096e+02 7.1203002930e+02 7.1219500732e+02 7.1239300537e+02 7.1261499023e+02 7.1280798340e+02 7.1293798828e+02 7.1298297119e+02 7.1303198242e+02 7.1310400391e+02 7.1317297363e+02 7.1316900635e+02 7.1315301514e+02 7.1314801025e+02 7.1317999268e+02 7.1325500488e+02 7.1335101318e+02 7.1347698975e+02 7.1362402344e+02 7.1378698730e+02 7.1395202637e+02 7.1410498047e+02 7.1423901367e+02 7.1438500977e+02 7.1453399658e+02 7.1466302490e+02
7.0870898438e+02 7.0887799072e+02 7.0900299072e+02 7.0913397217e+02 7.0927600098e+02 7.0942498779e+02 7.0958099365e+02 7.0976702881e+02 7.1000201416e+02 7.1025402832e+02 7.1047998047e+02 7.1066302490e+02 7.1081500244e+02 7.1090502930e+02 7.1094897461e+02 7.1102301025e+02 7.1114599609e+02 7.1128601074e+02 7.1139398193e+02 7.1153997803e+02 7.1168902588e+02 7.1183898926e+02 7.1200799561e+02 7.1221099854e+02 7.1242999268e+02 7.1262799072e+02 7.1277600098e+02 7.1286999512e+02 7.1293499756e+02 7.1299499512e+02 7.1303900146e+02 7.1302801514e+02 7.1300701904e+02 7.1299298096e+02 7.1300402832e+02 7.1303900146e+02 7.1311199951e+02 7.1321801758e+02 7.1334399414e+02 7.1348797607e+02 7.1363897705e+02 7.1378698730e+02 7.1392797852e+02 7.1407800293e+02 7.1423901367e+02 7.1440002441e+02
7.0853002930e+02 7.0871697998e+02 7.0881402588e+02 7.0894897461e+02 7.0910101318e+02 7.0926898193e+02 7.0945599365e+02 7.0967498779e+02 7.0992297363e+02 7.1014599609e+02 7.1034002686e+02 7.1051397705e+02 7.1065100098e+02 7.1072698975e+02 7.1076501465e+02 7.1081201172e+02 7.1090899658e+02 7.1104498291e+02 7.1117498779e+02 7.1134197998e+02 7.1148901367e+02 7.1163500977e+02 7.1179901123e+02 7.1197601318e+02 7.1215301514e+02 7.1232397461e+02 7.1248901367e+02 7.1263702393e+02 7.1274700928e+02 7.1282702637e+02 7.1287597656e+02 7.1287597656e+02 7.1285498047e+02 7.1283099365e+02 7.1282299805e+02 7.1283502197e+02 7.1288598633e+02 7.1297100830e+02 7.1308300781e+02 7.1320898438e+02 7.1334802246e+02 7.1349298096e+02 7.1364801025e+02 7.1382098389e+02 7.1399597168e+02 7.1417199707e+02
7.0821899414e+02 7.0841302490e+02 7.0854101563e+02 7.0869000244e+02 7.0886499023e+02 7.0906701660e+02 7.0929199219e+02 7.0954602051e+02 7.0982397461e+02 7.1002600098e+02 7.1017999268e+02 7.1035101318e+02 7.1047802734e+02 7.1053900146e+02 7.1056500244e+02 7.1061102295e+02 7.1070098877e+02 7.1083599854e+02 7.1097497559e+02 7.1113598633e+02 7.1126800537e+02 7.1141302490e+02 7.1158197021e+02 7.1173699951e+02 7.1188702393e+02 7.1204199219e+02 7.1220397949e+02 7.1237500000e+02 7.1252001953e+02 7.1261999512e+02 7.1267999268e+02 7.1269299316e+02 7.1267700195e+02 7.1264898682e+02 7.1262701416e+02 7.1262799072e+02 7.1266699219e+02 7.1274102783e+02 7.1284399414e+02 7.1295800781e+02 7.1308898926e+02 7.1323400879e+02 7.1340301514e+02 7.1359698486e+02 7.1377801514e+02 7.1395202637e+02
7.0787298584e+02 7.0805102539e+02 7.0822998047e+02 7.0842401123e+02 7.0863098145e+02 7.0885699463e+02 7.0909002686e+02 7.0936798096e+02 7.0967797852e+02 7.0987701416e+02 7.0997100830e+02 7.1014300537e+02 7.1026702881e+02 7.1031799316e+02 7.1032202148e+02 7.1039099121e+02 7.1048999023e+02 7.1061297607e+02 7.1074102783e+02 7.1090802002e+02 7.1105102539e+02 7.1119299316e+02 7.1134301758e+02 7.1148901367e+02 7.1164599609e+02 7.1180297852e+02 7.1196801758e+02 7.1214801025e+02 7.1230297852e+02 7.1239898682e+02 7.1244500732e+02 7.1247998047e+02 7.1247302246e+02 7.1244396973e+02 7.1241101074e+02 7.1241802979e+02 7.1245300293e+02 7.1252502441e+02 7.1263000488e+02 7.1274798584e+02 7.1287200928e+02 7.1301300049e+02 7.1316900635e+02 7.1336199951e+02 7.1354400635e+02 7.1371600342e+02
7.0760797119e+02 7.0779101563e+02 7.0801702881e+02 7.0822900391e+02 7.0844299316e+02 7.0866497803e+02 7.0890600586e+02 7.0920697021e+02 7.0953698730e+02 7.0977001953e+02 7.0985900879e+02 7.0997497559e+02 7.1007098389e+02 7.1010797119e+02 7.1011297607e+02 7.1016198730e+02 7.1025201416e+02 7.1036499023e+02 7.1050598145e+02 7.1067297363e+02 7.1084600830e+02 7.1098901367e+02 7.1109997559e+02 7.1126098633e+02 7.1141400146e+02 7.1155902100e+02 7.1171197510e+02 7.1186700439e+02 7.1201702881e+02 7.1212200928e+02 7.1219396973e+02 7.1223199463e+02 7.1223602295e+02 7.1222698975e+02 7.1221600342e+02 7.1222497559e+02 7.1227099609e+02 7.1235498047e+02 7.1247900391e+02 7.1259497070e+02 7.1269799805e+02 7.1281701660e+02 7.1296502686e+02 7.1314501953e+02 7.1332800293e+02 7.1350000000e+02
7.0740802002e+02 7.0758599854e+02 7.0781799316e+02 7.0806097412e+02 7.0829400635e+02 7.0850299072e+02 7.0871801758e+02 7.0899499512e+02 7.0929901123e+02 7.0955798340e+02 7.0970599365e+02 7.0980999756e+02 7.0988397217e+02 7.0990997314e+02 7.0992102051e+02 7.0995599365e+02 7.1002899170e+02 7.1013201904e+02 7.1027697754e+02 7.1045397949e+02 7.1064202881e+02 7.1078198242e+02 7.1085601807e+02 7.1098699951e+02 7.1113000488e+02 7.1130200195e+02 7.1145697021e+02 7.1159399414e+02 7.1172497559e+02 7.1182501221e+02 7.1190301514e+02 7.1194000244e+02 7.1196398926e+02 7.1199298096e+02 7.1202398682e+02 7.1206097412e+02 7.1213201904e+02 7.1223400879e+02 7.1236297607e+02 7.1246600342e+02 7.1255102539e+02 7.1264898682e+02 7.1278198242e+02 7.1294500732e+02 7.1311199951e+02 7.1327502441e+02
7.0720098877e+02 7.0738800049e+02 7.0760998535e+02 7.0785400391e+02 7.0814001465e+02 7.0836602783e+02 7.0853399658e+02 7.0876898193e+02 7.0903497314e+02 7.0928601074e+02 7.0945898438e+02 7.0957299805e+02 7.0964501953e+02 7.0967102051e+02 7.0969799805e+02 7.0974700928e+02 7.0982702637e+02 7.0992602539e+02 7.1005200195e+02 7.1022198486e+02 7.1040197754e+02 7.1053100586e+02 7.1061297607e+02 7.1071899414e+02 7.1083300781e+02 7.1101000977e+02 7.1117102051e+02 7.1129602051e+02 7.1140197754e+02 7.1149102783e+02 7.1156896973e+02 7.1161602783e+02 7.1167102051e+02 7.1174700928e+02 7.1182702637e+02 7.1190399170e+02 7.1200897217e+02 7.1213201904e+02 7.1225897217e+02 7.1234100342e+02 7.1241198730e+02 7.1249298096e+02 7.1260699463e+02 7.1274102783e+02 7.1288299561e+02 7.1303100586e+02
7.0697601318e+02 7.0717199707e+02 7.0743902588e+02 7.0763098145e+02 7.0792901611e+02 7.0818499756e+02 7.0832299805e+02 7.0857299805e+02 7.0881097412e+02 7.0899597168e+02 7.0911602783e+02 7.0927502441e+02 7.0936297607e+02 7.0940399170e+02 7.0945098877e+02 7.0953601074e+02 7.0963500977e+02 7.0974298096e+02 7.0986199951e+02 7.0999499512e+02 7.1012799072e+02 7.1025097656e+02 7.1038299561e+02 7.1049102783e+02 7.1058898926e+02 7.1071899414e+02 7.1086499023e+02 7.1095599365e+02 7.1104498291e+02 7.1113702393e+02 7.1121099854e+02 7.1129498291e+02 7.1138897705e+02 7.1150097656e+02 7.1161297607e+02 7.1174102783e+02 7.1188000488e+02 7.1201800537e+02 7.1213201904e+02 7.1218798828e+02 7.1225000000e+02 7.1232299805e+02 7.1238598633e+02 7.1250402832e+02 7.1263000488e+02 7.1276702881e+02
7.0680102539e+02 7.0696997070e+02 7.0720001221e+02 7.0740899658e+02 7.0770800781e+02 7.0794702148e+02 7.0810400391e+02 7.0834002686e+02 7.0855902100e+02 7.0873400879e+02 7.0884997559e+02 7.0900799561e+02 7.0912097168e+02 7.0920300293e+02 7.0928002930e+02 7.0935797119e+02 7.0945800781e+02 7.0957397461e+02 7.0970202637e+02 7.0980798340e+02 7.0992199707e+02 7.1003900146e+02 7.1014001465e+02 7.1022497559e+02 7.1034497070e+02 7.1046801758e+02 7.1058398438e+02 7.1066302490e+02 7.1074798584e+02 7.1085699463e+02 7.1096099854e+02 7.1105798340e+02 7.1115600586e+02 7.1126702881e+02 7.1140698242e+02 7.1157501221e+02 7.1173498535e+02 7.1186901855e+02 7.1195397949e+02 7.1198699951e+02 7.1204998779e+02 7.1212701416e+02 7.1220599365e+02 7.1229498291e+02 7.1240899658e+02 7.1253002930e+02
7.0667401123e+02 7.0683099365e+02 7.0703100586e+02 7.0723797607e+02 7.0748901367e+02 7.0769702148e+02 7.0787200928e+02 7.0805401611e+02 7.0826098633e+02 7.0846997070e+02 7.0862500000e+02 7.0877899170e+02 7.0890600586e+02 7.0901501465e+02 7.0910302734e+02 7.0919299316e+02 7.0930499268e+02 7.0942297363e+02 7.0955102539e+02 7.0965802002e+02 7.0977001953e+02 7.0986901855e+02 7.0995202637e+02 7.1002502441e+02 7.1016497803e+02 7.1030798340e+02 7.1041302490e+02 7.1049499512e+02 7.1055700684e+02 7.1064501953e+02 7.1074798584e+02 7.1086499023e+02 7.1097100830e+02 7.1108001709e+02 7.1122601318e+02 7.1140698242e+02 7.1156799316e+02 7.1168902588e+02 7.1175000000e+02 7.1178497314e+02 7.1186401367e+02 7.1195800781e+02 7.1204901123e+02 7.1213000488e+02 7.1222601318e+02 7.1232897949e+02
7.0654101563e+02 7.0670397949e+02 7.0689398193e+02 7.0707702637e+02 7.0727697754e+02 7.0746697998e+02 7.0765802002e+02 7.0781097412e+02 7.0799499512e+02 7.0822100830e+02 7.0841400146e+02 7.0857501221e+02 7.0871600342e+02 7.0884002686e+02 7.0893701172e+02 7.0905603027e+02 7.0917797852e+02 7.0928601074e+02 7.0939099121e+02 7.0949298096e+02 7.0959997559e+02 7.0969299316e+02 7.0979901123e+02 7.0986401367e+02 7.0998699951e+02 7.1012597656e+02 7.1023901367e+02 7.1034100342e+02 7.1038598633e+02 7.1044500732e+02 7.1054602051e+02 7.1069396973e+02 7.1081402588e+02 7.1092297363e+02 7.1105902100e+02 7.1122399902e+02 7.1136700439e+02 7.1147100830e+02 7.1152697754e+02 7.1158801270e+02 7.1169201660e+02 7.1180700684e+02 7.1190399170e+02 7.1197601318e+02 7.1205999756e+02 7.1215301514e+02
7.0636102295e+02 7.0654101563e+02 7.0672497559e+02 7.0690197754e+02 7.0708001709e+02 7.0726000977e+02 7.0744201660e+02 7.0762902832e+02 7.0782098389e+02 7.0804101563e+02 7.0821502686e+02 7.0835998535e+02 7.0851098633e+02 7.0864898682e+02 7.0878100586e+02 7.0891400146e+02 7.0904101563e+02 7.0914300537e+02 7.0921099854e+02 7.0930401611e+02 7.0939801025e+02 7.0948199463e+02 7.0958099365e+02 7.0966198730e+02 7.0976202393e+02 7.0987500000e+02 7.0997998047e+02 7.1009802246e+02 7.1017602539e+02 7.1024902344e+02 7.1035797119e+02 7.1051702881e+02 7.1065600586e+02 7.1077398682e+02 7.1089202881e+02 7.1100701904e+02 7.1111401367e+02 7.1121002197e+02 7.1128997803e+02 7.1140197754e+02 7.1152600098e+02 7.1165100098e+02 7.1175799561e+02 7.1181799316e+02 7.1189001465e+02 7.1197302246e+02
7.0615802002e+02 7.0634802246e+02 7.0653900146e+02 7.0669799805e+02 7.0685601807e+02 7.0702899170e+02 7.0721899414e+02 7.0741101074e+02 7.0760101318e+02 7.0782702637e+02 7.0799200439e+02 7.0812298584e+02 7.0826300049e+02 7.0839898682e+02 7.0855798340e+02 7.0869000244e+02 7.0881402588e+02 7.0893902588e+02 7.0903900146e+02 7.0911102295e+02 7.0918597412e+02 7.0927301025e+02 7.0934698486e+02 7.0943200684e+02 7.0952502441e+02 7.0963098145e+02 7.0975201416e+02 7.0984802246e+02 7.0994500732e+02 7.1005603027e+02 7.1018298340e+02 7.1033001709e+02 7.1046697998e+02 7.1058697510e+02 7.1068597412e+02 7.1077301025e+02 7.1086602783e+02 7.1097302246e+02 7.1108599854e+02 7.1118402100e+02 7.1128198242e+02 7.1139501953e+02 7.1150299072e+02 7.1157702637e+02 7.1165399170e+02 7.1174499512e+02
7.0592700195e+02 7.0611499023e+02 7.0630700684e+02 7.0646600342e+02 7.0662200928e+02 7.0678302002e+02 7.0694702148e+02 7.0712298584e+02 7.0731201172e+02 7.0755297852e+02 7.0774102783e+02 7.0788000488e+02 7.0802301025e+02 7.0816497803e+02 7.0831896973e+02 7.0843103027e+02 7.0853698730e+02 7.0865802002e+02 7.0878198242e+02 7.0885498047e+02 7.0896502686e+02 7.0910498047e+02 7.0918798828e+02 7.0924401855e+02 7.0930297852e+02 7.0939300537e+02 7.0952301025e+02 7.0962200928e+02 7.0971502686e+02 7.0983300781e+02 7.0997698975e+02 7.1012097168e+02 7.1025201416e+02 7.1036901855e+02 7.1046899414e+02 7.1055603027e+02 7.1065399170e+02 7.1076702881e+02 7.1089202881e+02 7.1096502686e+02 7.1103198242e+02 7.1113098145e+02 7.1124798584e+02 7.1134698486e+02 7.1143798828e+02 7.1153900146e+02
7.0566900635e+02 7.0584197998e+02 7.0602600098e+02 7.0620898438e+02 7.0639898682e+02 7.0656597900e+02 7.0669799805e+02 7.0684197998e+02 7.0699298096e+02 7.0720501709e+02 7.0742999268e+02 7.0761199951e+02 7.0778497314e+02 7.0794500732e+02 7.0809600830e+02 7.0819201660e+02 7.0827001953e+02 7.0835998535e+02 7.0846600342e+02 7.0855700684e+02 7.0870599365e+02 7.0889697266e+02 7.0901702881e+02 7.0906701660e+02 7.0910601807e+02 7.0916601563e+02 7.0926800537e+02 7.0937500000e+02 7.0947802734e+02 7.0960198975e+02 7.0976000977e+02 7.0989801025e+02 7.1002502441e+02 7.1014099121e+02 7.1024798584e+02 7.1034997559e+02 7.1045300293e+02 7.1056500244e+02 7.1068200684e+02 7.1074298096e+02 7.1079699707e+02 7.1089099121e+02 7.1101000977e+02 7.1112298584e+02 7.1122198486e+02 7.1132501221e+02
