TESTSERVER/20/5.asc
NCOLS 100
NROWS 100
XLLCORNER 8.4997500000e+03
YLLCORNER 2.8970025000e+05
CELLSIZE 5.0000000000e-01
NODATA_VALUE -9.9990000000e+03
[rows 0 to 19 of 100, columns 0 to 45 of 100]
7.0862701416e+02 7.0878698730e+02 7.0895098877e+02 7.0910498047e+02 7.0927197266e+02 7.0947198486e+02 7.0966900635e+02 7.0986401367e+02 7.1006201172e+02 7.1033398438e+02 7.1059698486e+02 7.1081201172e+02 7.1102301025e+02 7.1121099854e+02 7.1137097168e+02 7.1149499512e+02 7.1157501221e+02 7.1165899658e+02 7.1177899170e+02 7.1198297119e+02 7.1226000977e+02 7.1256597900e+02 7.1266302490e+02 7.1280798340e+02 7.1301000977e+02 7.1319201660e+02 7.1336199951e+02 7.1350201416e+02 7.1365301514e+02 7.1373199463e+02 7.1390399170e+02 7.1412902832e+02 7.1435198975e+02 7.1455297852e+02 7.1487500000e+02 7.1520001221e+02 7.1546502686e+02 7.1579101563e+02 7.1598498535e+02 7.1604400635e+02 7.1616998291e+02 7.1631298828e+02 7.1648400879e+02 7.1664001465e+02 7.1674700928e+02 7.1697302246e+02
7.0846801758e+02 7.0857299805e+02 7.0875701904e+02 7.0893902588e+02 7.0909497070e+02 7.0927801514e+02 7.0946600342e+02 7.0967498779e+02 7.0986401367e+02 7.1012597656e+02 7.1037597656e+02 7.1057702637e+02 7.1080999756e+02 7.1104400635e+02 7.1121899414e+02 7.1134399414e+02 7.1142102051e+02 7.1149597168e+02 7.1159600830e+02 7.1174401855e+02 7.1196697998e+02 7.1222198486e+02 7.1241601563e+02 7.1263201904e+02 7.1284698486e+02 7.1302301025e+02 7.1318597412e+02 7.1332800293e+02 7.1348797607e+02 7.1358697510e+02 7.1372497559e+02 7.1392297363e+02 7.1416101074e+02 7.1436102295e+02 7.1461700439e+02 7.1488897705e+02 7.1516198730e+02 7.1552197266e+02 7.1576702881e+02 7.1590002441e+02 7.1601898193e+02 7.1613702393e+02 7.1630200195e+02 7.1645501709e+02 7.1659301758e+02 7.1683801270e+02
7.0830902100e+02 7.0839599609e+02 7.0857299805e+02 7.0874798584e+02 7.0890399170e+02 7.0908001709e+02 7.0926599121e+02 7.0948999023e+02 7.0968103027e+02 7.0988397217e+02 7.1008697510e+02 7.1026300049e+02 7.1051397705e+02 7.1078601074e+02 7.1097998047e+02 7.1113201904e+02 7.1125799561e+02 7.1138397217e+02 7.1150402832e+02 7.1164001465e+02 7.1181597900e+02 7.1201397705e+02 7.1222998047e+02 7.1246600342e+02 7.1266400146e+02 7.1282000732e+02 7.1298602295e+02 7.1315600586e+02 7.1332000732e+02 7.1343200684e+02 7.1355603027e+02 7.1374102783e+02 7.1398797607e+02 7.1421301270e+02 7.1444097900e+02 7.1465002441e+02 7.1487097168e+02 7.1518402100e+02 7.1545202637e+02 7.1565802002e+02 7.1583300781e+02 7.1596502686e+02 7.1611297607e+02 7.1625500488e+02 7.1641198730e+02 7.1668200684e+02
7.0813098145e+02 7.0822198486e+02 7.0839099121e+02 7.0855401611e+02 7.0872802734e+02 7.0890698242e+02 7.0908300781e+02 7.0929699707e+02 7.0950000000e+02 7.0967901611e+02 7.0984802246e+02 7.1000402832e+02 7.1023400879e+02 7.1050799561e+02 7.1071801758e+02 7.1090399170e+02 7.1107598877e+02 7.1124597168e+02 7.1139898682e+02 7.1154998779e+02 7.1171899414e+02 7.1187799072e+02 7.1207501221e+02 7.1230102539e+02 7.1248400879e+02 7.1263897705e+02 7.1279797363e+02 7.1296002197e+02 7.1312200928e+02 7.1325299072e+02 7.1339697266e+02 7.1358898926e+02 7.1383801270e+02 7.1409399414e+02 7.1432098389e+02 7.1450097656e+02 7.1466802979e+02 7.1490802002e+02 7.1514898682e+02 7.1536602783e+02 7.1557897949e+02 7.1576599121e+02 7.1590399170e+02 7.1602398682e+02 7.1620098877e+02 7.1648999023e+02
7.0793499756e+02 7.0805499268e+02 7.0821600342e+02 7.0837902832e+02 7.0856799316e+02 7.0875500488e+02 7.0891900635e+02 7.0909698486e+02 7.0930297852e+02 7.0951800537e+02 7.0970001221e+02 7.0986999512e+02 7.1006298828e+02 7.1027197266e+02 7.1048400879e+02 7.1069097900e+02 7.1088897705e+02 7.1106298828e+02 7.1122497559e+02 7.1139398193e+02 7.1158801270e+02 7.1175799561e+02 7.1196099854e+02 7.1219799805e+02 7.1241400146e+02 7.1255798340e+02 7.1265698242e+02 7.1276000977e+02 7.1291900635e+02 7.1305999756e+02 7.1322900391e+02 7.1343298340e+02 7.1366497803e+02 7.1392102051e+02 7.1414697266e+02 7.1434002686e+02 7.1453302002e+02 7.1475201416e+02 7.1494299316e+02 7.1510699463e+02 7.1529498291e+02 7.1549200439e+02 7.1564697266e+02 7.1579199219e+02 7.1599700928e+02 7.1626000977e+02
7.0771600342e+02 7.0787597656e+02 7.0804101563e+02 7.0820898438e+02 7.0839501953e+02 7.0858001709e+02 7.0874798584e+02 7.0893200684e+02 7.0914202881e+02 7.0935998535e+02 7.0956500244e+02 7.0975402832e+02 7.0994097900e+02 7.1012799072e+02 7.1031500244e+02 7.1050201416e+02 7.1069799805e+02 7.1088800049e+02 7.1105700684e+02 7.1122698975e+02 7.1140802002e+02 7.1158398438e+02 7.1178997803e+02 7.1200000000e+02 7.1217700195e+02 7.1233398438e+02 7.1246398926e+02 7.1258001709e+02 7.1272302246e+02 7.1286999512e+02 7.1303698730e+02 7.1321197510e+02 7.1341699219e+02 7.1365899658e+02 7.1388397217e+02 7.1410601807e+02 7.1434698486e+02 7.1458502197e+02 7.1476501465e+02 7.1490399170e+02 7.1504400635e+02 7.1521099854e+02 7.1536798096e+02 7.1553198242e+02 7.1574200439e+02 7.1599298096e+02
7.0755902100e+02 7.0772399902e+02 7.0788098145e+02 7.0803997803e+02 7.0822497559e+02 7.0840301514e+02 7.0857202148e+02 7.0876898193e+02 7.0898699951e+02 7.0920202637e+02 7.0941302490e+02 7.0960400391e+02 7.0979302979e+02 7.0997998047e+02 7.1015698242e+02 7.1033599854e+02 7.1052099609e+02 7.1070898438e+02 7.1088702393e+02 7.1105603027e+02 7.1121899414e+02 7.1138201904e+02 7.1155700684e+02 7.1171600342e+02 7.1184197998e+02 7.1196997070e+02 7.1214001465e+02 7.1230999756e+02 7.1248400879e+02 7.1266802979e+02 7.1286798096e+02 7.1304901123e+02 7.1321801758e+02 7.1342797852e+02 7.1363897705e+02 7.1386297607e+02 7.1412402344e+02 7.1437097168e+02 7.1454699707e+02 7.1468103027e+02 7.1481201172e+02 7.1497802734e+02 7.1514398193e+02 7.1531402588e+02 7.1551702881e+02 7.1574798584e+02
7.0743298340e+02 7.0758398438e+02 7.0773901367e+02 7.0790197754e+02 7.0808502197e+02 7.0825701904e+02 7.0842297363e+02 7.0861901855e+02 7.0883398438e+02 7.0903900146e+02 7.0924499512e+02 7.0943298340e+02 7.0961401367e+02 7.0980499268e+02 7.0999102783e+02 7.1017700195e+02 7.1036401367e+02 7.1054400635e+02 7.1072198486e+02 7.1088702393e+02 7.1103399658e+02 7.1117199707e+02 7.1131896973e+02 7.1144799805e+02 7.1154998779e+02 7.1167297363e+02 7.1185302734e+02 7.1204998779e+02 7.1224499512e+02 7.1246899414e+02 7.1270800781e+02 7.1291101074e+02 7.1307000732e+02 7.1325897217e+02 7.1344702148e+02 7.1364501953e+02 7.1388098145e+02 7.1411999512e+02 7.1429998779e+02 7.1444799805e+02 7.1459802246e+02 7.1477600098e+02 7.1495202637e+02 7.1512799072e+02 7.1531402588e+02 7.1551599121e+02
7.0727801514e+02 7.0743597412e+02 7.0761798096e+02 7.0780700684e+02 7.0800201416e+02 7.0814801025e+02 7.0830200195e+02 7.0848999023e+02 7.0868701172e+02 7.0886798096e+02 7.0907098389e+02 7.0926202393e+02 7.0943103027e+02 7.0962500000e+02 7.0983099365e+02 7.1003002930e+02 7.1020599365e+02 7.1040698242e+02 7.1059002686e+02 7.1074597168e+02 7.1085498047e+02 7.1096600342e+02 7.1108801270e+02 7.1120898438e+02 7.1131701660e+02 7.1145001221e+02 7.1162902832e+02 7.1182800293e+02 7.1204797363e+02 7.1229400635e+02 7.1253601074e+02 7.1274798584e+02 7.1294201660e+02 7.1312597656e+02 7.1329901123e+02 7.1346801758e+02 7.1364898682e+02 7.1385900879e+02 7.1404302979e+02 7.1421197510e+02 7.1439099121e+02 7.1458001709e+02 7.1476000977e+02 7.1494201660e+02 7.1513201904e+02 7.1530700684e+02
7.0709600830e+02 7.0727197266e+02 7.0747399902e+02 7.0766802979e+02 7.0785302734e+02 7.0800402832e+02 7.0815802002e+02 7.0837097168e+02 7.0853601074e+02 7.0868902588e+02 7.0887902832e+02 7.0906500244e+02 7.0924298096e+02 7.0944396973e+02 7.0964300537e+02 7.0983599854e+02 7.1002301025e+02 7.1026800537e+02 7.1048297119e+02 7.1063500977e+02 7.1071002197e+02 7.1077099609e+02 7.1084899902e+02 7.1095300293e+02 7.1107299805e+02 7.1120397949e+02 7.1138598633e+02 7.1161499023e+02 7.1187701416e+02 7.1213598633e+02 7.1237200928e+02 7.1258300781e+02 7.1277697754e+02 7.1296398926e+02 7.1314099121e+02 7.1330999756e+02 7.1347900391e+02 7.1365802002e+02 7.1382501221e+02 7.1399499512e+02 7.1419000244e+02 7.1437500000e+02 7.1455297852e+02 7.1473999023e+02 7.1493298340e+02 7.1510302734e+02
7.0691497803e+02 7.0709698486e+02 7.0729498291e+02 7.0747802734e+02 7.0764801025e+02 7.0780499268e+02 7.0797399902e+02 7.0819201660e+02 7.0836901855e+02 7.0853997803e+02 7.0872900391e+02 7.0890899658e+02 7.0908300781e+02 7.0927001953e+02 7.0945697021e+02 7.0964697266e+02 7.0985101318e+02 7.1012902832e+02 7.1036199951e+02 7.1051397705e+02 7.1058801270e+02 7.1062500000e+02 7.1067498779e+02 7.1076202393e+02 7.1088000488e+02 7.1100799561e+02 7.1119201660e+02 7.1143200684e+02 7.1170898438e+02 7.1196697998e+02 7.1219598389e+02 7.1240100098e+02 7.1259197998e+02 7.1278698730e+02 7.1297198486e+02 7.1314697266e+02 7.1332000732e+02 7.1348498535e+02 7.1363897705e+02 7.1380902100e+02 7.1401202393e+02 7.1420599365e+02 7.1438800049e+02 7.1456799316e+02 7.1475000000e+02 7.1491802979e+02
7.0675097656e+02 7.0691802979e+02 7.0710101318e+02 7.0727001953e+02 7.0742602539e+02 7.0759399414e+02 7.0777398682e+02 7.0797198486e+02 7.0817700195e+02 7.0840100098e+02 7.0860101318e+02 7.0878100586e+02 7.0894396973e+02 7.0911102295e+02 7.0928900146e+02 7.0948199463e+02 7.0970501709e+02 7.0998699951e+02 7.1021301270e+02 7.1036401367e+02 7.1046099854e+02 7.1050097656e+02 7.1053802490e+02 7.1062200928e+02 7.1074798584e+02 7.1088702393e+02 7.1106799316e+02 7.1129199219e+02 7.1154498291e+02 7.1178497314e+02 7.1199700928e+02 7.1219299316e+02 7.1238800049e+02 7.1259600830e+02 7.1279101563e+02 7.1297497559e+02 7.1315100098e+02 7.1331201172e+02 7.1346697998e+02 7.1364398193e+02 7.1385998535e+02 7.1406896973e+02 7.1425299072e+02 7.1442602539e+02 7.1458898926e+02 7.1475897217e+02
7.0660601807e+02 7.0674700928e+02 7.0690600586e+02 7.0707202148e+02 7.0721398926e+02 7.0739001465e+02 7.0759197998e+02 7.0778399658e+02 7.0799401855e+02 7.0824200439e+02 7.0845300293e+02 7.0863500977e+02 7.0879998779e+02 7.0896197510e+02 7.0914099121e+02 7.0934399414e+02 7.0958599854e+02 7.0982800293e+02 7.1002001953e+02 7.1016802979e+02 7.1029901123e+02 7.1036297607e+02 7.1040399170e+02 7.1049298096e+02 7.1065600586e+02 7.1082800293e+02 7.1100402832e+02 7.1118798828e+02 7.1138000488e+02 7.1157800293e+02 7.1177099609e+02 7.1196801758e+02 7.1218499756e+02 7.1240301514e+02 7.1260400391e+02 7.1278802490e+02 7.1296301270e+02 7.1312298584e+02 7.1328698730e+02 7.1347802734e+02 7.1371997070e+02 7.1395599365e+02 7.1414300537e+02 7.1429602051e+02 7.1445397949e+02 7.1463397217e+02
7.0643902588e+02 7.0656402588e+02 7.0669299316e+02 7.0685699463e+02 7.0701501465e+02 7.0718701172e+02 7.0739599609e+02 7.0760302734e+02 7.0781298828e+02 7.0804498291e+02 7.0825097656e+02 7.0843402100e+02 7.0860797119e+02 7.0879602051e+02 7.0900402832e+02 7.0922497559e+02 7.0945202637e+02 7.0964398193e+02 7.0979797363e+02 7.0994799805e+02 7.1011602783e+02 7.1021697998e+02 7.1029101563e+02 7.1039300537e+02 7.1056298828e+02 7.1076300049e+02 7.1093701172e+02 7.1108599854e+02 7.1122100830e+02 7.1137298584e+02 7.1155102539e+02 7.1175097656e+02 7.1197497559e+02 7.1220599365e+02 7.1240698242e+02 7.1258099365e+02 7.1273901367e+02 7.1290600586e+02 7.1310400391e+02 7.1331799316e+02 7.1352899170e+02 7.1376000977e+02 7.1397497559e+02 7.1416802979e+02 7.1434600830e+02 7.1452197266e+02
7.0625000000e+02 7.0639001465e+02 7.0652099609e+02 7.0667901611e+02 7.0683697510e+02 7.0698699951e+02 7.0716900635e+02 7.0737298584e+02 7.0760198975e+02 7.0782501221e+02 7.0802099609e+02 7.0820397949e+02 7.0839202881e+02 7.0860998535e+02 7.0884698486e+02 7.0908599854e+02 7.0931097412e+02 7.0947698975e+02 7.0961499023e+02 7.0975897217e+02 7.0994000244e+02 7.1008801270e+02 7.1019702148e+02 7.1030401611e+02 7.1046099854e+02 7.1066900635e+02 7.1083398438e+02 7.1095898438e+02 7.1106097412e+02 7.1118701172e+02 7.1134802246e+02 7.1153900146e+02 7.1175500488e+02 7.1196899414e+02 7.1216802979e+02 7.1234802246e+02 7.1250402832e+02 7.1267602539e+02 7.1292102051e+02 7.1317602539e+02 7.1336199951e+02 7.1355297852e+02 7.1377899170e+02 7.1400897217e+02 7.1421398926e+02 7.1439099121e+02
7.0606298828e+02 7.0622497559e+02 7.0637200928e+02 7.0652001953e+02 7.0666699219e+02 7.0680499268e+02 7.0697198486e+02 7.0716601563e+02 7.0739099121e+02 7.0759698486e+02 7.0778100586e+02 7.0796197510e+02 7.0816302490e+02 7.0840502930e+02 7.0866400146e+02 7.0891900635e+02 7.0915002441e+02 7.0932501221e+02 7.0947198486e+02 7.0961297607e+02 7.0978399658e+02 7.0996697998e+02 7.1010601807e+02 7.1021502686e+02 7.1034301758e+02 7.1053802490e+02 7.1069097900e+02 7.1080603027e+02 7.1090002441e+02 7.1101202393e+02 7.1115899658e+02 7.1133801270e+02 7.1153601074e+02 7.1171697998e+02 7.1190899658e+02 7.1210400391e+02 7.1228497314e+02 7.1247100830e+02 7.1273297119e+02 7.1301000977e+02 7.1321002197e+02 7.1337402344e+02 7.1358197021e+02 7.1381701660e+02 7.1403802490e+02 7.1422900391e+02
7.0592297363e+02 7.0605401611e+02 7.0619500732e+02 7.0634301758e+02 7.0649298096e+02 7.0663299561e+02 7.0679998779e+02 7.0699102783e+02 7.0719299316e+02 7.0737799072e+02 7.0755902100e+02 7.0774798584e+02 7.0795898438e+02 7.0818902588e+02 7.0844799805e+02 7.0870397949e+02 7.0893298340e+02 7.0915698242e+02 7.0933502197e+02 7.0948797607e+02 7.0963299561e+02 7.0982098389e+02 7.0998400879e+02 7.1010900879e+02 7.1022802734e+02 7.1036199951e+02 7.1050500488e+02 7.1063397217e+02 7.1074298096e+02 7.1084802246e+02 7.1099298096e+02 7.1116198730e+02 7.1134197998e+02 7.1148797607e+02 7.1166601563e+02 7.1187097168e+02 7.1209802246e+02 7.1229797363e+02 7.1252001953e+02 7.1276000977e+02 7.1298999023e+02 7.1321099854e+02 7.1339599609e+02 7.1360400391e+02 7.1381597900e+02 7.1403497314e+02
7.0584600830e+02 7.0592797852e+02 7.0603698730e+02 7.0619396973e+02 7.0635101318e+02 7.0647601318e+02 7.0662200928e+02 7.0680401611e+02 7.0700402832e+02 7.0717602539e+02 7.0735699463e+02 7.0755297852e+02 7.0775500488e+02 7.0797601318e+02 7.0822601318e+02 7.0847698975e+02 7.0872198486e+02 7.0896398926e+02 7.0917102051e+02 7.0934301758e+02 7.0949200439e+02 7.0966497803e+02 7.0982000732e+02 7.0995300293e+02 7.1008099365e+02 7.1020697021e+02 7.1033398438e+02 7.1046002197e+02 7.1057598877e+02 7.1069201660e+02 7.1083502197e+02 7.1098999023e+02 7.1112597656e+02 7.1126501465e+02 7.1145697021e+02 7.1168298340e+02 7.1192797852e+02 7.1215301514e+02 7.1233300781e+02 7.1253802490e+02 7.1278399658e+02 7.1302899170e+02 7.1320898438e+02 7.1338201904e+02 7.1359301758e+02 7.1382202148e+02
7.0578399658e+02 7.0583197021e+02 7.0590399170e+02 7.0604498291e+02 7.0619396973e+02 7.0631799316e+02 7.0645697021e+02 7.0662799072e+02 7.0681896973e+02 7.0698297119e+02 7.0715698242e+02 7.0735101318e+02 7.0755999756e+02 7.0779101563e+02 7.0804602051e+02 7.0830401611e+02 7.0855102539e+02 7.0880798340e+02 7.0903302002e+02 7.0921899414e+02 7.0938598633e+02 7.0955798340e+02 7.0967602539e+02 7.0977301025e+02 7.0990100098e+02 7.1004400635e+02 7.1016802979e+02 7.1028900146e+02 7.1041400146e+02 7.1053698730e+02 7.1067401123e+02 7.1081597900e+02 7.1093701172e+02 7.1108300781e+02 7.1128302002e+02 7.1151300049e+02 7.1176599121e+02 7.1201702881e+02 7.1215997314e+02 7.1231500244e+02 7.1254901123e+02 7.1283898926e+02 7.1303002930e+02 7.1317999268e+02 7.1336602783e+02 7.1358801270e+02
7.0563299561e+02 7.0569396973e+02 7.0576300049e+02 7.0589202881e+02 7.0603399658e+02 7.0618103027e+02 7.0632397461e+02 7.0647900391e+02 7.0664001465e+02 7.0679302979e+02 7.0696002197e+02 7.0715197754e+02 7.0736798096e+02 7.0761999512e+02 7.0788897705e+02 7.0815997314e+02 7.0840899658e+02 7.0866802979e+02 7.0890100098e+02 7.0909399414e+02 7.0927398682e+02 7.0944201660e+02 7.0952899170e+02 7.0959197998e+02 7.0970001221e+02 7.0985900879e+02 7.0999298096e+02 7.1011901855e+02 7.1025097656e+02 7.1038098145e+02 7.1051702881e+02 7.1065301514e+02 7.1078002930e+02 7.1093597412e+02 7.1112500000e+02 7.1133697510e+02 7.1157299805e+02 7.1183697510e+02 7.1197802734e+02 7.1209399414e+02 7.1229400635e+02 7.1257897949e+02 7.1278002930e+02 7.1294396973e+02 7.1313598633e+02 7.1335101318e+02
