TESTSERVER/20/5.asc
NCOLS 100
NROWS 100
XLLCORNER 8.4997500000e+03
YLLCORNER 2.8970025000e+05
CELLSIZE 5.0000000000e-01
NODATA_VALUE -9.9990000000e+03
[rows 20 to 39 of 100, columns 46 to 91 of 100]
7.1334301758e+02 7.1355401611e+02 7.1377301025e+02 7.1393902588e+02 7.1407897949e+02 7.1420697021e+02 7.1431500244e+02 7.1446099854e+02 7.1461602783e+02 7.1477197266e+02 7.1492797852e+02 7.1506701660e+02 7.1518298340e+02 7.1528802490e+02 7.1538598633e+02 7.1552301025e+02 7.1564697266e+02 7.1577697754e+02 7.1590399170e+02 7.1605902100e+02 7.1618701172e+02 7.1629199219e+02 7.1638500977e+02 7.1652502441e+02 7.1669500732e+02 7.1685797119e+02 7.1696301270e+02 7.1707202148e+02 7.1728100586e+02 7.1750402832e+02 7.1768798828e+02 7.1784197998e+02 7.1799298096e+02 7.1809600830e+02 7.1817602539e+02 7.1834997559e+02 7.1856298828e+02 7.1874499512e+02 7.1884899902e+02 7.1889202881e+02 7.1891302490e+02 7.1898400879e+02 7.1913000488e+02 7.1928601074e+02 7.1943798828e+02 7.1958197021e+02
7.1312402344e+02 7.1333697510e+02 7.1354602051e+02 7.1371600342e+02 7.1386499023e+02 7.1400201416e+02 7.1411999512e+02 7.1425799561e+02 7.1442102051e+02 7.1458502197e+02 7.1474102783e+02 7.1487298584e+02 7.1498297119e+02 7.1507598877e+02 7.1515802002e+02 7.1527001953e+02 7.1539099121e+02 7.1551702881e+02 7.1564898682e+02 7.1580102539e+02 7.1595599365e+02 7.1609600830e+02 7.1621899414e+02 7.1635302734e+02 7.1652502441e+02 7.1669500732e+02 7.1680700684e+02 7.1688098145e+02 7.1704199219e+02 7.1725897217e+02 7.1744897461e+02 7.1760498047e+02 7.1773602295e+02 7.1783300781e+02 7.1792401123e+02 7.1807098389e+02 7.1822698975e+02 7.1835900879e+02 7.1850000000e+02 7.1862402344e+02 7.1871002197e+02 7.1879199219e+02 7.1890399170e+02 7.1902600098e+02 7.1917199707e+02 7.1933898926e+02
7.1290502930e+02 7.1310797119e+02 7.1331097412e+02 7.1348901367e+02 7.1364801025e+02 7.1379400635e+02 7.1392401123e+02 7.1407202148e+02 7.1424102783e+02 7.1440899658e+02 7.1456500244e+02 7.1469299316e+02 7.1479998779e+02 7.1489001465e+02 7.1495800781e+02 7.1505700684e+02 7.1517999268e+02 7.1530999756e+02 7.1544097900e+02 7.1558898926e+02 7.1575500488e+02 7.1591497803e+02 7.1606597900e+02 7.1619897461e+02 7.1635900879e+02 7.1652197266e+02 7.1665997314e+02 7.1671600342e+02 7.1680102539e+02 7.1695898438e+02 7.1713098145e+02 7.1728399658e+02 7.1740997314e+02 7.1751898193e+02 7.1764202881e+02 7.1776202393e+02 7.1789898682e+02 7.1803002930e+02 7.1817901611e+02 7.1835198975e+02 7.1849102783e+02 7.1860198975e+02 7.1870300293e+02 7.1878497314e+02 7.1890197754e+02 7.1907702637e+02
7.1269897461e+02 7.1288702393e+02 7.1308099365e+02 7.1326599121e+02 7.1343200684e+02 7.1358398438e+02 7.1372802734e+02 7.1389001465e+02 7.1406500244e+02 7.1423797607e+02 7.1439697266e+02 7.1452600098e+02 7.1463397217e+02 7.1472497559e+02 7.1479400635e+02 7.1489697266e+02 7.1502600098e+02 7.1516400146e+02 7.1530297852e+02 7.1543597412e+02 7.1559002686e+02 7.1574902344e+02 7.1591302490e+02 7.1603900146e+02 7.1617297363e+02 7.1631402588e+02 7.1645300293e+02 7.1650201416e+02 7.1655200195e+02 7.1667199707e+02 7.1682397461e+02 7.1697302246e+02 7.1709698486e+02 7.1722399902e+02 7.1736798096e+02 7.1746801758e+02 7.1761199951e+02 7.1778002930e+02 7.1793798828e+02 7.1809497070e+02 7.1824700928e+02 7.1837500000e+02 7.1848699951e+02 7.1856597900e+02 7.1867297363e+02 7.1884698486e+02
7.1251397705e+02 7.1268499756e+02 7.1287097168e+02 7.1305700684e+02 7.1322802734e+02 7.1338702393e+02 7.1354602051e+02 7.1371398926e+02 7.1389001465e+02 7.1406097412e+02 7.1422198486e+02 7.1436700439e+02 7.1448400879e+02 7.1458697510e+02 7.1470202637e+02 7.1480499268e+02 7.1494201660e+02 7.1508697510e+02 7.1523602295e+02 7.1534802246e+02 7.1546801758e+02 7.1559698486e+02 7.1573400879e+02 7.1586297607e+02 7.1596099854e+02 7.1606500244e+02 7.1618298340e+02 7.1625201416e+02 7.1633801270e+02 7.1645800781e+02 7.1660101318e+02 7.1671502686e+02 7.1682702637e+02 7.1696502686e+02 7.1711297607e+02 7.1721502686e+02 7.1738598633e+02 7.1759197998e+02 7.1776501465e+02 7.1787298584e+02 7.1798498535e+02 7.1809899902e+02 7.1821502686e+02 7.1833599854e+02 7.1846099854e+02 7.1862097168e+02
7.1233502197e+02 7.1249902344e+02 7.1267401123e+02 7.1286297607e+02 7.1304101563e+02 7.1320800781e+02 7.1336401367e+02 7.1353698730e+02 7.1371197510e+02 7.1388299561e+02 7.1404699707e+02 7.1419799805e+02 7.1433001709e+02 7.1445202637e+02 7.1457598877e+02 7.1471899414e+02 7.1485998535e+02 7.1500598145e+02 7.1516998291e+02 7.1530200195e+02 7.1539801025e+02 7.1548797607e+02 7.1558898926e+02 7.1567498779e+02 7.1572998047e+02 7.1580102539e+02 7.1590698242e+02 7.1600897217e+02 7.1610400391e+02 7.1620397949e+02 7.1635400391e+02 7.1646697998e+02 7.1657897949e+02 7.1672399902e+02 7.1687701416e+02 7.1699902344e+02 7.1717401123e+02 7.1737298584e+02 7.1754400635e+02 7.1766497803e+02 7.1777099609e+02 7.1787902832e+02 7.1801098633e+02 7.1813598633e+02 7.1823498535e+02 7.1835699463e+02
7.1216198730e+02 7.1232202148e+02 7.1248999023e+02 7.1267498779e+02 7.1285302734e+02 7.1302398682e+02 7.1318103027e+02 7.1335302734e+02 7.1353399658e+02 7.1371197510e+02 7.1388098145e+02 7.1403997803e+02 7.1418298340e+02 7.1431500244e+02 7.1445202637e+02 7.1460699463e+02 7.1475201416e+02 7.1490197754e+02 7.1508398438e+02 7.1522900391e+02 7.1530999756e+02 7.1537402344e+02 7.1544396973e+02 7.1550000000e+02 7.1553497314e+02 7.1560101318e+02 7.1569897461e+02 7.1579199219e+02 7.1588598633e+02 7.1599102783e+02 7.1614501953e+02 7.1626599121e+02 7.1638201904e+02 7.1652697754e+02 7.1666400146e+02 7.1679199219e+02 7.1696099854e+02 7.1714300537e+02 7.1730603027e+02 7.1744702148e+02 7.1757000732e+02 7.1768298340e+02 7.1780902100e+02 7.1791400146e+02 7.1799700928e+02 7.1812097168e+02
7.1199499512e+02 7.1215600586e+02 7.1231701660e+02 7.1249401855e+02 7.1267102051e+02 7.1284497070e+02 7.1299798584e+02 7.1316998291e+02 7.1335998535e+02 7.1354797363e+02 7.1372601318e+02 7.1389599609e+02 7.1404998779e+02 7.1419000244e+02 7.1433099365e+02 7.1448498535e+02 7.1463201904e+02 7.1478302002e+02 7.1496899414e+02 7.1511700439e+02 7.1519097900e+02 7.1524102783e+02 7.1529199219e+02 7.1534100342e+02 7.1538098145e+02 7.1545800781e+02 7.1555999756e+02 7.1564202881e+02 7.1573199463e+02 7.1585400391e+02 7.1599298096e+02 7.1609399414e+02 7.1620001221e+02 7.1632702637e+02 7.1644897461e+02 7.1658398438e+02 7.1674700928e+02 7.1691601563e+02 7.1707299805e+02 7.1722601318e+02 7.1736102295e+02 7.1747100830e+02 7.1757000732e+02 7.1765301514e+02 7.1775598145e+02 7.1790197754e+02
7.1183502197e+02 7.1199798584e+02 7.1215802002e+02 7.1232202148e+02 7.1249298096e+02 7.1266400146e+02 7.1282000732e+02 7.1298901367e+02 7.1317999268e+02 7.1338098145e+02 7.1358599854e+02 7.1377502441e+02 7.1394500732e+02 7.1409301758e+02 7.1422601318e+02 7.1435699463e+02 7.1450097656e+02 7.1464801025e+02 7.1480798340e+02 7.1495501709e+02 7.1503399658e+02 7.1508197021e+02 7.1511102295e+02 7.1516699219e+02 7.1523101807e+02 7.1531097412e+02 7.1539898682e+02 7.1549499512e+02 7.1559197998e+02 7.1571099854e+02 7.1584301758e+02 7.1590899658e+02 7.1598901367e+02 7.1610198975e+02 7.1625201416e+02 7.1636798096e+02 7.1652697754e+02 7.1670001221e+02 7.1688000488e+02 7.1701898193e+02 7.1714202881e+02 7.1723901367e+02 7.1732098389e+02 7.1742102051e+02 7.1755798340e+02 7.1770300293e+02
7.1166101074e+02 7.1183697510e+02 7.1199700928e+02 7.1215899658e+02 7.1232800293e+02 7.1249597168e+02 7.1266497803e+02 7.1283502197e+02 7.1301599121e+02 7.1321899414e+02 7.1345001221e+02 7.1366601563e+02 7.1384997559e+02 7.1400201416e+02 7.1411700439e+02 7.1424102783e+02 7.1437097168e+02 7.1450299072e+02 7.1464801025e+02 7.1477301025e+02 7.1484497070e+02 7.1488897705e+02 7.1491998291e+02 7.1497900391e+02 7.1507202148e+02 7.1516802979e+02 7.1525299072e+02 7.1534399414e+02 7.1543298340e+02 7.1553399658e+02 7.1564501953e+02 7.1571801758e+02 7.1578601074e+02 7.1588702393e+02 7.1604400635e+02 7.1615698242e+02 7.1630200195e+02 7.1646899414e+02 7.1663897705e+02 7.1679797363e+02 7.1694000244e+02 7.1707800293e+02 7.1721197510e+02 7.1727697754e+02 7.1738201904e+02 7.1751501465e+02
7.1146997070e+02 7.1165802002e+02 7.1183001709e+02 7.1200201416e+02 7.1218103027e+02 7.1235699463e+02 7.1253399658e+02 7.1271398926e+02 7.1289300537e+02 7.1309002686e+02 7.1331799316e+02 7.1353900146e+02 7.1372399902e+02 7.1387701416e+02 7.1399401855e+02 7.1411102295e+02 7.1422698975e+02 7.1434197998e+02 7.1446997070e+02 7.1457897949e+02 7.1464202881e+02 7.1468701172e+02 7.1472302246e+02 7.1479199219e+02 7.1490502930e+02 7.1501501465e+02 7.1510198975e+02 7.1519097900e+02 7.1526501465e+02 7.1534600830e+02 7.1544500732e+02 7.1553198242e+02 7.1560101318e+02 7.1569396973e+02 7.1584399414e+02 7.1595697021e+02 7.1608697510e+02 7.1623498535e+02 7.1639898682e+02 7.1657800293e+02 7.1673400879e+02 7.1688598633e+02 7.1703900146e+02 7.1707800293e+02 7.1713500977e+02 7.1725201416e+02
7.1127099609e+02 7.1146997070e+02 7.1165802002e+02 7.1184698486e+02 7.1203997803e+02 7.1222802734e+02 7.1241601563e+02 7.1260601807e+02 7.1278497314e+02 7.1297302246e+02 7.1318701172e+02 7.1340002441e+02 7.1358197021e+02 7.1373199463e+02 7.1385498047e+02 7.1396502686e+02 7.1406799316e+02 7.1416601563e+02 7.1427398682e+02 7.1436700439e+02 7.1442901611e+02 7.1448101807e+02 7.1453002930e+02 7.1461297607e+02 7.1474298096e+02 7.1486102295e+02 7.1494598389e+02 7.1502697754e+02 7.1509301758e+02 7.1517297363e+02 7.1527001953e+02 7.1536199951e+02 7.1544201660e+02 7.1553802490e+02 7.1567297363e+02 7.1578198242e+02 7.1590002441e+02 7.1603100586e+02 7.1618597412e+02 7.1636499023e+02 7.1650299072e+02 7.1661999512e+02 7.1674499512e+02 7.1681298828e+02 7.1686297607e+02 7.1696502686e+02
7.1107098389e+02 7.1127899170e+02 7.1147802734e+02 7.1168402100e+02 7.1189099121e+02 7.1209301758e+02 7.1228997803e+02 7.1248498535e+02 7.1266900635e+02 7.1285601807e+02 7.1305798340e+02 7.1325097656e+02 7.1341998291e+02 7.1357098389e+02 7.1372698975e+02 7.1381896973e+02 7.1390399170e+02 7.1397698975e+02 7.1405603027e+02 7.1414501953e+02 7.1421099854e+02 7.1427398682e+02 7.1433502197e+02 7.1445300293e+02 7.1459899902e+02 7.1471899414e+02 7.1479400635e+02 7.1486102295e+02 7.1493798828e+02 7.1502801514e+02 7.1513299561e+02 7.1521997070e+02 7.1531701660e+02 7.1543103027e+02 7.1553198242e+02 7.1562298584e+02 7.1573297119e+02 7.1585797119e+02 7.1598999023e+02 7.1614001465e+02 7.1624798584e+02 7.1631500244e+02 7.1637799072e+02 7.1650201416e+02 7.1659802246e+02 7.1671301270e+02
7.1087200928e+02 7.1109899902e+02 7.1132501221e+02 7.1153900146e+02 7.1175000000e+02 7.1195501709e+02 7.1214697266e+02 7.1233898926e+02 7.1253497314e+02 7.1273297119e+02 7.1291400146e+02 7.1308197021e+02 7.1322698975e+02 7.1336199951e+02 7.1350897217e+02 7.1361102295e+02 7.1367602539e+02 7.1373101807e+02 7.1380200195e+02 7.1390399170e+02 7.1399700928e+02 7.1408099365e+02 7.1417700195e+02 7.1430603027e+02 7.1444598389e+02 7.1456896973e+02 7.1466198730e+02 7.1472601318e+02 7.1480999756e+02 7.1489898682e+02 7.1500500488e+02 7.1511102295e+02 7.1523101807e+02 7.1536401367e+02 7.1545898438e+02 7.1552801514e+02 7.1560998535e+02 7.1570098877e+02 7.1581799316e+02 7.1595697021e+02 7.1605499268e+02 7.1611102295e+02 7.1615698242e+02 7.1624597168e+02 7.1638299561e+02 7.1653601074e+02
7.1071997070e+02 7.1094396973e+02 7.1117401123e+02 7.1139202881e+02 7.1160400391e+02 7.1180297852e+02 7.1197802734e+02 7.1215600586e+02 7.1234802246e+02 7.1254498291e+02 7.1272302246e+02 7.1287200928e+02 7.1298498535e+02 7.1308697510e+02 7.1321002197e+02 7.1330200195e+02 7.1336798096e+02 7.1344097900e+02 7.1354199219e+02 7.1368103027e+02 7.1381201172e+02 7.1392199707e+02 7.1403601074e+02 7.1415600586e+02 7.1427099609e+02 7.1439599609e+02 7.1451702881e+02 7.1458099365e+02 7.1465399170e+02 7.1475299072e+02 7.1487701416e+02 7.1500299072e+02 7.1514001465e+02 7.1527502441e+02 7.1535998535e+02 7.1544097900e+02 7.1552502441e+02 7.1559399414e+02 7.1569000244e+02 7.1582299805e+02 7.1591198730e+02 7.1596899414e+02 7.1600598145e+02 7.1609002686e+02 7.1622900391e+02 7.1636602783e+02
7.1059197998e+02 7.1080297852e+02 7.1101202393e+02 7.1122198486e+02 7.1143597412e+02 7.1162902832e+02 7.1178802490e+02 7.1194201660e+02 7.1211401367e+02 7.1229901123e+02 7.1247399902e+02 7.1261798096e+02 7.1271197510e+02 7.1278601074e+02 7.1287298584e+02 7.1295202637e+02 7.1303302002e+02 7.1314202881e+02 7.1329400635e+02 7.1347698975e+02 7.1365399170e+02 7.1379602051e+02 7.1390997314e+02 7.1400097656e+02 7.1408300781e+02 7.1419396973e+02 7.1431799316e+02 7.1439398193e+02 7.1447998047e+02 7.1459399414e+02 7.1473199463e+02 7.1485601807e+02 7.1498699951e+02 7.1511102295e+02 7.1519097900e+02 7.1528997803e+02 7.1539801025e+02 7.1547698975e+02 7.1556097412e+02 7.1567901611e+02 7.1576898193e+02 7.1583099365e+02 7.1586401367e+02 7.1591802979e+02 7.1603802490e+02 7.1617297363e+02
7.1044299316e+02 7.1065502930e+02 7.1083099365e+02 7.1103302002e+02 7.1125500488e+02 7.1145001221e+02 7.1159301758e+02 7.1172399902e+02 7.1187298584e+02 7.1202398682e+02 7.1216601563e+02 7.1232702637e+02 7.1243499756e+02 7.1251202393e+02 7.1256597900e+02 7.1262402344e+02 7.1272802734e+02 7.1288201904e+02 7.1308599854e+02 7.1327697754e+02 7.1350000000e+02 7.1368597412e+02 7.1378399658e+02 7.1381799316e+02 7.1386798096e+02 7.1395202637e+02 7.1405102539e+02 7.1415301514e+02 7.1427899170e+02 7.1441302490e+02 7.1453399658e+02 7.1465802002e+02 7.1476202393e+02 7.1486102295e+02 7.1495300293e+02 7.1505700684e+02 7.1517602539e+02 7.1529199219e+02 7.1541198730e+02 7.1555603027e+02 7.1565301514e+02 7.1570599365e+02 7.1572601318e+02 7.1575701904e+02 7.1585302734e+02 7.1599700928e+02
7.1021099854e+02 7.1046301270e+02 7.1061700439e+02 7.1081597900e+02 7.1106402588e+02 7.1127600098e+02 7.1139599609e+02 7.1151800537e+02 7.1166400146e+02 7.1180700684e+02 7.1192602539e+02 7.1204998779e+02 7.1215698242e+02 7.1223602295e+02 7.1230603027e+02 7.1238897705e+02 7.1250201416e+02 7.1266101074e+02 7.1284997559e+02 7.1302301025e+02 7.1325097656e+02 7.1347198486e+02 7.1359301758e+02 7.1360797119e+02 7.1365100098e+02 7.1372698975e+02 7.1382598877e+02 7.1392999268e+02 7.1406500244e+02 7.1420800781e+02 7.1433099365e+02 7.1443701172e+02 7.1451599121e+02 7.1459399414e+02 7.1469097900e+02 7.1481701660e+02 7.1497302246e+02 7.1515399170e+02 7.1533502197e+02 7.1549798584e+02 7.1559698486e+02 7.1564501953e+02 7.1567999268e+02 7.1569799805e+02 7.1574798584e+02 7.1584997559e+02
7.0991400146e+02 7.1020501709e+02 7.1038098145e+02 7.1056701660e+02 7.1081097412e+02 7.1103100586e+02 7.1115698242e+02 7.1126898193e+02 7.1140899658e+02 7.1155902100e+02 7.1168902588e+02 7.1180902100e+02 7.1190997314e+02 7.1198901367e+02 7.1207501221e+02 7.1217297363e+02 7.1228802490e+02 7.1243701172e+02 7.1261700439e+02 7.1277502441e+02 7.1297399902e+02 7.1317999268e+02 7.1332897949e+02 7.1337597656e+02 7.1345397949e+02 7.1354901123e+02 7.1364300537e+02 7.1375201416e+02 7.1388000488e+02 7.1401300049e+02 7.1412597656e+02 7.1421398926e+02 7.1427697754e+02 7.1434399414e+02 7.1444299316e+02 7.1457397461e+02 7.1475299072e+02 7.1497601318e+02 7.1520397949e+02 7.1540301514e+02 7.1553198242e+02 7.1559100342e+02 7.1562298584e+02 7.1563000488e+02 7.1566198730e+02 7.1574401855e+02
7.0969396973e+02 7.0994799805e+02 7.1014398193e+02 7.1031298828e+02 7.1052099609e+02 7.1072497559e+02 7.1086798096e+02 7.1098797607e+02 7.1113702393e+02 7.1130700684e+02 7.1145599365e+02 7.1159497070e+02 7.1171197510e+02 7.1180200195e+02 7.1189398193e+02 7.1200201416e+02 7.1211798096e+02 7.1225598145e+02 7.1241802979e+02 7.1257702637e+02 7.1275000000e+02 7.1291601563e+02 7.1305902100e+02 7.1315399170e+02 7.1327001953e+02 7.1337902832e+02 7.1346502686e+02 7.1357501221e+02 7.1370098877e+02 7.1382299805e+02 7.1392102051e+02 7.1399597168e+02 7.1405102539e+02 7.1411602783e+02 7.1421600342e+02 7.1432897949e+02 7.1450201416e+02 7.1473797607e+02 7.1499102783e+02 7.1520800781e+02 7.1536401367e+02 7.1544598389e+02 7.1549798584e+02 7.1552600098e+02 7.1556500244e+02 7.1564599609e+02
