TESTSERVER/20/6.asc
NCOLS 100
NROWS 100
XLLCORNER 8.4997500000e+03
YLLCORNER 2.8965025000e+05
CELLSIZE 5.0000000000e-01
NODATA_VALUE -9.9990000000e+03
[rows 60 to 79 of 100, columns 0 to 45 of 100]
6.8614099121e+02 6.8618902588e+02 6.8625701904e+02 6.8636401367e+02 6.8648400879e+02 6.8659600830e+02 6.8670202637e+02 6.8680297852e+02 6.8689898682e+02 6.8702001953e+02 6.8715698242e+02 6.8727899170e+02 6.8741101074e+02 6.8757299805e+02 6.8770001221e+02 6.8780499268e+02 6.8791802979e+02 6.8806597900e+02 6.8822802734e+02 6.8839300537e+02 6.8853002930e+02 6.8864697266e+02 6.8878601074e+02 6.8892199707e+02 6.8903997803e+02 6.8913702393e+02 6.8925701904e+02 6.8935998535e+02 6.8946801758e+02 6.8955798340e+02 6.8964300537e+02 6.8973797607e+02 6.8983599854e+02 6.8993103027e+02 6.9003002930e+02 6.9010601807e+02 6.9016101074e+02 6.9024499512e+02 6.9032598877e+02 6.9039099121e+02 6.9045202637e+02 6.9051202393e+02 6.9057702637e+02 6.9063201904e+02 6.9068499756e+02 6.9076202393e+02
6.8601599121e+02 6.8609301758e+02 6.8616699219e+02 6.8627197266e+02 6.8638598633e+02 6.8647698975e+02 6.8659002686e+02 6.8670001221e+02 6.8679602051e+02 6.8690802002e+02 6.8704498291e+02 6.8718103027e+02 6.8729998779e+02 6.8745098877e+02 6.8758001709e+02 6.8769897461e+02 6.8785601807e+02 6.8799401855e+02 6.8815100098e+02 6.8829998779e+02 6.8844000244e+02 6.8858801270e+02 6.8872698975e+02 6.8884802246e+02 6.8897198486e+02 6.8909100342e+02 6.8921899414e+02 6.8933801270e+02 6.8945202637e+02 6.8953198242e+02 6.8961798096e+02 6.8971997070e+02 6.8981402588e+02 6.8988897705e+02 6.8997100830e+02 6.9005700684e+02 6.9013897705e+02 6.9021801758e+02 6.9028399658e+02 6.9034600830e+02 6.9041198730e+02 6.9046502686e+02 6.9052801514e+02 6.9059100342e+02 6.9065100098e+02 6.9071002197e+02
6.8589599609e+02 6.8599499512e+02 6.8607299805e+02 6.8616601563e+02 6.8628302002e+02 6.8638397217e+02 6.8649597168e+02 6.8659002686e+02 6.8669598389e+02 6.8680798340e+02 6.8693103027e+02 6.8707000732e+02 6.8720202637e+02 6.8734899902e+02 6.8748498535e+02 6.8761102295e+02 6.8776300049e+02 6.8792102051e+02 6.8808801270e+02 6.8822802734e+02 6.8835797119e+02 6.8851501465e+02 6.8865301514e+02 6.8877600098e+02 6.8891101074e+02 6.8902600098e+02 6.8915399170e+02 6.8927502441e+02 6.8938800049e+02 6.8947998047e+02 6.8957397461e+02 6.8968798828e+02 6.8979400635e+02 6.8986999512e+02 6.8993298340e+02 6.9001202393e+02 6.9011199951e+02 6.9018597412e+02 6.9024902344e+02 6.9030297852e+02 6.9036401367e+02 6.9042401123e+02 6.9049102783e+02 6.9055102539e+02 6.9060198975e+02 6.9066198730e+02
6.8577502441e+02 6.8588098145e+02 6.8596801758e+02 6.8605999756e+02 6.8616699219e+02 6.8628497314e+02 6.8639398193e+02 6.8647399902e+02 6.8659399414e+02 6.8671801758e+02 6.8683001709e+02 6.8696002197e+02 6.8709899902e+02 6.8724298096e+02 6.8739099121e+02 6.8752197266e+02 6.8766302490e+02 6.8782299805e+02 6.8798901367e+02 6.8814398193e+02 6.8827600098e+02 6.8842602539e+02 6.8857299805e+02 6.8871301270e+02 6.8884899902e+02 6.8897302246e+02 6.8909802246e+02 6.8920397949e+02 6.8931597900e+02 6.8942102051e+02 6.8952001953e+02 6.8963500977e+02 6.8975897217e+02 6.8984600830e+02 6.8990399170e+02 6.8997601318e+02 6.9007000732e+02 6.9014202881e+02 6.9021801758e+02 6.9027301025e+02 6.9032800293e+02 6.9038397217e+02 6.9044598389e+02 6.9050299072e+02 6.9056097412e+02 6.9062500000e+02
6.8567498779e+02 6.8577301025e+02 6.8586102295e+02 6.8595001221e+02 6.8605902100e+02 6.8617199707e+02 6.8627697754e+02 6.8636798096e+02 6.8647900391e+02 6.8659997559e+02 6.8671997070e+02 6.8684002686e+02 6.8696398926e+02 6.8711199951e+02 6.8725201416e+02 6.8740997314e+02 6.8756799316e+02 6.8772998047e+02 6.8788201904e+02 6.8804400635e+02 6.8817797852e+02 6.8833898926e+02 6.8849902344e+02 6.8864599609e+02 6.8877001953e+02 6.8892797852e+02 6.8904699707e+02 6.8914599609e+02 6.8928100586e+02 6.8939599609e+02 6.8950500488e+02 6.8960699463e+02 6.8970697021e+02 6.8979797363e+02 6.8987200928e+02 6.8995300293e+02 6.9003997803e+02 6.9010900879e+02 6.9016998291e+02 6.9023101807e+02 6.9030297852e+02 6.9036297607e+02 6.9042797852e+02 6.9048901367e+02 6.9054400635e+02 6.9059698486e+02
6.8558001709e+02 6.8565502930e+02 6.8574597168e+02 6.8584301758e+02 6.8596398926e+02 6.8606799316e+02 6.8614898682e+02 6.8625299072e+02 6.8637200928e+02 6.8647601318e+02 6.8658001709e+02 6.8670001221e+02 6.8683502197e+02 6.8697998047e+02 6.8710900879e+02 6.8727301025e+02 6.8744396973e+02 6.8762799072e+02 6.8777099609e+02 6.8793798828e+02 6.8809399414e+02 6.8825201416e+02 6.8839801025e+02 6.8854998779e+02 6.8870300293e+02 6.8885699463e+02 6.8898797607e+02 6.8909698486e+02 6.8922802734e+02 6.8934997559e+02 6.8947998047e+02 6.8959399414e+02 6.8967901611e+02 6.8976599121e+02 6.8984399414e+02 6.8991998291e+02 6.9000598145e+02 6.9009197998e+02 6.9015100098e+02 6.9020599365e+02 6.9027001953e+02 6.9033599854e+02 6.9038897705e+02 6.9045599365e+02 6.9050897217e+02 6.9056597900e+02
6.8547302246e+02 6.8555401611e+02 6.8564697266e+02 6.8572802734e+02 6.8583599854e+02 6.8593798828e+02 6.8602899170e+02 6.8612597656e+02 6.8624401855e+02 6.8636102295e+02 6.8645800781e+02 6.8658001709e+02 6.8671697998e+02 6.8685797119e+02 6.8699401855e+02 6.8715301514e+02 6.8731500244e+02 6.8750097656e+02 6.8765399170e+02 6.8783001709e+02 6.8798901367e+02 6.8813702393e+02 6.8827398682e+02 6.8843701172e+02 6.8863201904e+02 6.8876501465e+02 6.8891699219e+02 6.8904602051e+02 6.8917700195e+02 6.8929302979e+02 6.8941802979e+02 6.8954498291e+02 6.8964501953e+02 6.8974200439e+02 6.8981701660e+02 6.8989099121e+02 6.8996502686e+02 6.9005499268e+02 6.9012799072e+02 6.9018597412e+02 6.9024902344e+02 6.9030499268e+02 6.9035699463e+02 6.9042700195e+02 6.9047698975e+02 6.9052801514e+02
6.8536401367e+02 6.8545300293e+02 6.8554797363e+02 6.8562500000e+02 6.8572802734e+02 6.8581201172e+02 6.8590899658e+02 6.8600299072e+02 6.8611700439e+02 6.8623199463e+02 6.8632897949e+02 6.8645501709e+02 6.8658300781e+02 6.8672399902e+02 6.8686999512e+02 6.8701898193e+02 6.8717999268e+02 6.8736798096e+02 6.8752502441e+02 6.8769299316e+02 6.8786999512e+02 6.8803002930e+02 6.8816900635e+02 6.8831896973e+02 6.8850897217e+02 6.8865399170e+02 6.8882397461e+02 6.8895898438e+02 6.8910302734e+02 6.8923797607e+02 6.8935998535e+02 6.8948498535e+02 6.8958801270e+02 6.8970397949e+02 6.8979498291e+02 6.8988098145e+02 6.8994396973e+02 6.9002099609e+02 6.9009698486e+02 6.9016302490e+02 6.9023297119e+02 6.9027899170e+02 6.9033697510e+02 6.9039801025e+02 6.9044799805e+02 6.9049902344e+02
6.8526397705e+02 6.8535900879e+02 6.8543798828e+02 6.8552001953e+02 6.8563299561e+02 6.8571697998e+02 6.8579797363e+02 6.8587200928e+02 6.8598901367e+02 6.8609802246e+02 6.8621301270e+02 6.8634002686e+02 6.8642901611e+02 6.8657397461e+02 6.8672198486e+02 6.8686700439e+02 6.8703900146e+02 6.8722698975e+02 6.8738098145e+02 6.8754797363e+02 6.8774700928e+02 6.8790002441e+02 6.8805102539e+02 6.8819702148e+02 6.8834497070e+02 6.8853802490e+02 6.8871099854e+02 6.8885302734e+02 6.8901300049e+02 6.8915802002e+02 6.8929101563e+02 6.8942199707e+02 6.8953698730e+02 6.8963800049e+02 6.8974798584e+02 6.8985198975e+02 6.8994097900e+02 6.9000598145e+02 6.9006500244e+02 6.9013201904e+02 6.9019702148e+02 6.9025000000e+02 6.9031298828e+02 6.9036401367e+02 6.9040197754e+02 6.9047802734e+02
6.8514501953e+02 6.8524102783e+02 6.8533398438e+02 6.8541400146e+02 6.8548999023e+02 6.8559002686e+02 6.8567999268e+02 6.8576202393e+02 6.8587597656e+02 6.8598400879e+02 6.8609197998e+02 6.8619897461e+02 6.8630499268e+02 6.8643701172e+02 6.8658697510e+02 6.8674102783e+02 6.8690802002e+02 6.8708502197e+02 6.8723400879e+02 6.8740399170e+02 6.8759497070e+02 6.8774597168e+02 6.8790899658e+02 6.8809301758e+02 6.8824401855e+02 6.8841601563e+02 6.8858697510e+02 6.8873101807e+02 6.8890002441e+02 6.8905102539e+02 6.8918597412e+02 6.8932299805e+02 6.8946600342e+02 6.8959997559e+02 6.8971899414e+02 6.8980401611e+02 6.8988598633e+02 6.8996197510e+02 6.9002600098e+02 6.9008801270e+02 6.9014202881e+02 6.9021099854e+02 6.9027600098e+02 6.9033599854e+02 6.9039501953e+02 6.9046301270e+02
6.8501702881e+02 6.8511102295e+02 6.8523297119e+02 6.8532299805e+02 6.8537097168e+02 6.8546002197e+02 6.8555401611e+02 6.8565600586e+02 6.8575799561e+02 6.8585900879e+02 6.8595202637e+02 6.8606201172e+02 6.8618798828e+02 6.8630798340e+02 6.8645697021e+02 6.8661102295e+02 6.8676000977e+02 6.8692999268e+02 6.8708697510e+02 6.8725000000e+02 6.8742901611e+02 6.8759802246e+02 6.8777502441e+02 6.8796502686e+02 6.8811401367e+02 6.8826599121e+02 6.8844396973e+02 6.8860302734e+02 6.8877197266e+02 6.8893402100e+02 6.8907501221e+02 6.8922399902e+02 6.8939300537e+02 6.8953198242e+02 6.8965100098e+02 6.8975097656e+02 6.8983300781e+02 6.8991802979e+02 6.8999597168e+02 6.9005603027e+02 6.9008801270e+02 6.9016302490e+02 6.9024102783e+02 6.9032202148e+02 6.9038598633e+02 6.9043402100e+02
6.8491198730e+02 6.8499102783e+02 6.8510998535e+02 6.8520098877e+02 6.8525799561e+02 6.8535101318e+02 6.8544097900e+02 6.8554400635e+02 6.8563702393e+02 6.8574597168e+02 6.8582501221e+02 6.8594000244e+02 6.8606597900e+02 6.8619000244e+02 6.8632299805e+02 6.8646398926e+02 6.8660498047e+02 6.8676898193e+02 6.8692999268e+02 6.8709600830e+02 6.8728198242e+02 6.8745898438e+02 6.8762701416e+02 6.8780603027e+02 6.8796502686e+02 6.8811297607e+02 6.8828997803e+02 6.8846502686e+02 6.8863800049e+02 6.8880902100e+02 6.8895898438e+02 6.8911901855e+02 6.8928698730e+02 6.8941802979e+02 6.8955603027e+02 6.8968902588e+02 6.8978100586e+02 6.8987097168e+02 6.8995697021e+02 6.9002099609e+02 6.9005902100e+02 6.9014300537e+02 6.9021899414e+02 6.9029602051e+02 6.9035302734e+02 6.9040997314e+02
6.8482000732e+02 6.8487799072e+02 6.8497998047e+02 6.8507098389e+02 6.8516101074e+02 6.8525299072e+02 6.8533099365e+02 6.8541601563e+02 6.8551800537e+02 6.8561999512e+02 6.8569702148e+02 6.8581701660e+02 6.8595697021e+02 6.8607397461e+02 6.8619000244e+02 6.8632501221e+02 6.8646899414e+02 6.8661602783e+02 6.8677099609e+02 6.8693701172e+02 6.8710400391e+02 6.8728997803e+02 6.8746197510e+02 6.8764398193e+02 6.8783599854e+02 6.8799902344e+02 6.8816900635e+02 6.8834197998e+02 6.8851202393e+02 6.8867797852e+02 6.8882800293e+02 6.8898797607e+02 6.8915997314e+02 6.8930999756e+02 6.8946099854e+02 6.8959997559e+02 6.8970300293e+02 6.8980999756e+02 6.8990100098e+02 6.8997399902e+02 6.9004699707e+02 6.9012097168e+02 6.9018298340e+02 6.9023999023e+02 6.9030499268e+02 6.9038897705e+02
6.8482000732e+02 6.8479998779e+02 6.8487902832e+02 6.8497302246e+02 6.8506298828e+02 6.8514202881e+02 6.8522100830e+02 6.8530499268e+02 6.8540600586e+02 6.8548999023e+02 6.8556298828e+02 6.8567999268e+02 6.8580200195e+02 6.8590802002e+02 6.8603698730e+02 6.8619097900e+02 6.8634600830e+02 6.8646600342e+02 6.8662298584e+02 6.8678399658e+02 6.8692999268e+02 6.8712298584e+02 6.8731201172e+02 6.8748797607e+02 6.8768701172e+02 6.8787902832e+02 6.8804498291e+02 6.8820599365e+02 6.8837799072e+02 6.8853002930e+02 6.8869396973e+02 6.8885797119e+02 6.8902502441e+02 6.8918402100e+02 6.8934100342e+02 6.8948901367e+02 6.8960498047e+02 6.8973400879e+02 6.8983197021e+02 6.8991699219e+02 6.8999401855e+02 6.9008502197e+02 6.9016101074e+02 6.9022198486e+02 6.9028198242e+02 6.9034100342e+02
6.8482501221e+02 6.8474902344e+02 6.8477697754e+02 6.8487799072e+02 6.8495898438e+02 6.8502502441e+02 6.8510400391e+02 6.8519396973e+02 6.8528497314e+02 6.8535797119e+02 6.8544201660e+02 6.8554901123e+02 6.8565399170e+02 6.8578002930e+02 6.8589801025e+02 6.8603198242e+02 6.8618701172e+02 6.8633001709e+02 6.8649298096e+02 6.8664001465e+02 6.8677899170e+02 6.8696002197e+02 6.8715502930e+02 6.8734497070e+02 6.8754699707e+02 6.8773901367e+02 6.8790002441e+02 6.8806097412e+02 6.8823999023e+02 6.8838500977e+02 6.8856597900e+02 6.8873297119e+02 6.8888702393e+02 6.8905200195e+02 6.8920898438e+02 6.8936401367e+02 6.8949798584e+02 6.8963897705e+02 6.8975500488e+02 6.8985101318e+02 6.8993200684e+02 6.9003497314e+02 6.9011999512e+02 6.9020098877e+02 6.9026397705e+02 6.9030999756e+02
6.8477398682e+02 6.8471801758e+02 6.8468402100e+02 6.8476898193e+02 6.8485998535e+02 6.8492102051e+02 6.8499102783e+02 6.8507098389e+02 6.8515399170e+02 6.8522698975e+02 6.8532397461e+02 6.8542901611e+02 6.8553100586e+02 6.8565502930e+02 6.8576501465e+02 6.8589099121e+02 6.8602197266e+02 6.8618798828e+02 6.8634899902e+02 6.8649700928e+02 6.8666198730e+02 6.8682501221e+02 6.8700299072e+02 6.8719299316e+02 6.8738897705e+02 6.8757397461e+02 6.8773901367e+02 6.8790997314e+02 6.8809399414e+02 6.8825201416e+02 6.8842700195e+02 6.8859100342e+02 6.8875402832e+02 6.8892102051e+02 6.8907897949e+02 6.8923901367e+02 6.8937701416e+02 6.8952398682e+02 6.8966699219e+02 6.8977398682e+02 6.8985900879e+02 6.8995898438e+02 6.9005200195e+02 6.9014398193e+02 6.9021099854e+02 6.9028002930e+02
6.8470098877e+02 6.8470202637e+02 6.8461999512e+02 6.8465997314e+02 6.8475000000e+02 6.8482299805e+02 6.8488800049e+02 6.8495501709e+02 6.8503497314e+02 6.8510601807e+02 6.8519500732e+02 6.8528802490e+02 6.8540100098e+02 6.8551098633e+02 6.8561602783e+02 6.8575500488e+02 6.8588897705e+02 6.8603198242e+02 6.8618597412e+02 6.8635101318e+02 6.8652001953e+02 6.8668298340e+02 6.8686102295e+02 6.8704602051e+02 6.8721197510e+02 6.8739697266e+02 6.8757800293e+02 6.8775897217e+02 6.8793597412e+02 6.8810797119e+02 6.8826800537e+02 6.8843499756e+02 6.8861297607e+02 6.8877899170e+02 6.8895202637e+02 6.8910797119e+02 6.8924700928e+02 6.8940600586e+02 6.8955999756e+02 6.8968298340e+02 6.8978399658e+02 6.8987902832e+02 6.8998199463e+02 6.9007397461e+02 6.9014697266e+02 6.9022399902e+02
6.8466400146e+02 6.8468103027e+02 6.8460699463e+02 6.8457501221e+02 6.8463201904e+02 6.8471600342e+02 6.8478497314e+02 6.8485498047e+02 6.8492199707e+02 6.8500097656e+02 6.8508599854e+02 6.8516198730e+02 6.8527697754e+02 6.8539801025e+02 6.8550000000e+02 6.8561901855e+02 6.8575201416e+02 6.8589300537e+02 6.8602899170e+02 6.8619000244e+02 6.8637200928e+02 6.8653802490e+02 6.8671002197e+02 6.8687597656e+02 6.8705401611e+02 6.8722998047e+02 6.8740502930e+02 6.8758801270e+02 6.8776800537e+02 6.8794396973e+02 6.8810699463e+02 6.8827600098e+02 6.8845800781e+02 6.8863299561e+02 6.8880603027e+02 6.8895898438e+02 6.8911798096e+02 6.8927899170e+02 6.8943701172e+02 6.8955700684e+02 6.8966699219e+02 6.8979901123e+02 6.8990301514e+02 6.8999200439e+02 6.9007800293e+02 6.9018499756e+02
6.8460400391e+02 6.8463500977e+02 6.8460601807e+02 6.8454302979e+02 6.8455999756e+02 6.8461901855e+02 6.8467401123e+02 6.8473498535e+02 6.8480499268e+02 6.8490197754e+02 6.8497900391e+02 6.8505603027e+02 6.8516601563e+02 6.8527697754e+02 6.8537902832e+02 6.8548999023e+02 6.8562097168e+02 6.8575897217e+02 6.8588299561e+02 6.8602801514e+02 6.8620697021e+02 6.8637902832e+02 6.8653997803e+02 6.8670501709e+02 6.8690399170e+02 6.8705499268e+02 6.8722302246e+02 6.8739599609e+02 6.8759197998e+02 6.8778198242e+02 6.8794000244e+02 6.8810699463e+02 6.8830401611e+02 6.8847900391e+02 6.8864599609e+02 6.8880499268e+02 6.8896997070e+02 6.8914599609e+02 6.8929901123e+02 6.8941601563e+02 6.8954498291e+02 6.8968902588e+02 6.8980200195e+02 6.8990502930e+02 6.9000701904e+02 6.9012402344e+02
6.8451599121e+02 6.8455102539e+02 6.8456701660e+02 6.8452801514e+02 6.8450701904e+02 6.8453497314e+02 6.8457397461e+02 6.8462799072e+02 6.8469702148e+02 6.8478002930e+02 6.8484997559e+02 6.8495397949e+02 6.8505700684e+02 6.8514599609e+02 6.8523602295e+02 6.8535400391e+02 6.8548901367e+02 6.8561901855e+02 6.8575000000e+02 6.8588598633e+02 6.8605902100e+02 6.8622698975e+02 6.8636999512e+02 6.8654302979e+02 6.8675000000e+02 6.8689398193e+02 6.8706298828e+02 6.8722802734e+02 6.8742297363e+02 6.8761102295e+02 6.8776898193e+02 6.8793902588e+02 6.8814398193e+02 6.8829998779e+02 6.8846997070e+02 6.8863800049e+02 6.8881500244e+02 6.8900201416e+02 6.8915399170e+02 6.8928399658e+02 6.8942297363e+02 6.8956597900e+02 6.8969201660e+02 6.8980798340e+02 6.8991900635e+02 6.9004302979e+02
