TESTSERVER/20/6.asc
NCOLS 100
NROWS 100
XLLCORNER 8.4997500000e+03
YLLCORNER 2.8965025000e+05
CELLSIZE 5.0000000000e-01
NODATA_VALUE -9.9990000000e+03
[rows 0 to 19 of 100, columns 46 to 91 of 100]
6.9816302490e+02 6.9824102783e+02 6.9831402588e+02 6.9845397949e+02 6.9856298828e+02 6.9863397217e+02 6.9875097656e+02 6.9886297607e+02 6.9898498535e+02 6.9908697510e+02 6.9918103027e+02 6.9925701904e+02 6.9934802246e+02 6.9939501953e+02 6.9942700195e+02 6.9951098633e+02 6.9951898193e+02 6.9951599121e+02 6.9957000732e+02 6.9967102051e+02 6.9979498291e+02 6.9995098877e+02 7.0009600830e+02 7.0026898193e+02 7.0042797852e+02 7.0052001953e+02 7.0061499023e+02 7.0070397949e+02 7.0084301758e+02 7.0099902344e+02 7.0112597656e+02 7.0132702637e+02 7.0149102783e+02 7.0154602051e+02 7.0158300781e+02 7.0164202881e+02 7.0170501709e+02 7.0177801514e+02 7.0181799316e+02 7.0195001221e+02 7.0212097168e+02 7.0224401855e+02 7.0233599854e+02 7.0244097900e+02 7.0255200195e+02 7.0268200684e+02
6.9795599365e+02 6.9803601074e+02 6.9814599609e+02 6.9825500488e+02 6.9833502197e+02 6.9840698242e+02 6.9854901123e+02 6.9864801025e+02 6.9875598145e+02 6.9887500000e+02 6.9898999023e+02 6.9910797119e+02 6.9919396973e+02 6.9924597168e+02 6.9929797363e+02 6.9938500977e+02 6.9942901611e+02 6.9945697021e+02 6.9948699951e+02 6.9948602295e+02 6.9953802490e+02 6.9965899658e+02 6.9979302979e+02 6.9996697998e+02 7.0017297363e+02 7.0032397461e+02 7.0043902588e+02 7.0048901367e+02 7.0059698486e+02 7.0076202393e+02 7.0091802979e+02 7.0109100342e+02 7.0123999023e+02 7.0130102539e+02 7.0136297607e+02 7.0146398926e+02 7.0154699707e+02 7.0162500000e+02 7.0165100098e+02 7.0172698975e+02 7.0187597656e+02 7.0202697754e+02 7.0215399170e+02 7.0226702881e+02 7.0238897705e+02 7.0251098633e+02
6.9776397705e+02 6.9786401367e+02 6.9796600342e+02 6.9806097412e+02 6.9812597656e+02 6.9820300293e+02 6.9833099365e+02 6.9843103027e+02 6.9852899170e+02 6.9863500977e+02 6.9874102783e+02 6.9887799072e+02 6.9897698975e+02 6.9906298828e+02 6.9914202881e+02 6.9922698975e+02 6.9930499268e+02 6.9936999512e+02 6.9940301514e+02 6.9937402344e+02 6.9940301514e+02 6.9948699951e+02 6.9960601807e+02 6.9972601318e+02 6.9989202881e+02 7.0006500244e+02 7.0022698975e+02 7.0034802246e+02 7.0046600342e+02 7.0061297607e+02 7.0071600342e+02 7.0086798096e+02 7.0100097656e+02 7.0105902100e+02 7.0118499756e+02 7.0131799316e+02 7.0139599609e+02 7.0147601318e+02 7.0154199219e+02 7.0161102295e+02 7.0170599365e+02 7.0183001709e+02 7.0196801758e+02 7.0210998535e+02 7.0224200439e+02 7.0235302734e+02
6.9758197021e+02 6.9766900635e+02 6.9775299072e+02 6.9784600830e+02 6.9793103027e+02 6.9799401855e+02 6.9808001709e+02 6.9820397949e+02 6.9830902100e+02 6.9840197754e+02 6.9850097656e+02 6.9861999512e+02 6.9873297119e+02 6.9884997559e+02 6.9893902588e+02 6.9905297852e+02 6.9915502930e+02 6.9922802734e+02 6.9927301025e+02 6.9928399658e+02 6.9933502197e+02 6.9940600586e+02 6.9949499512e+02 6.9954400635e+02 6.9962902832e+02 6.9975799561e+02 6.9991601563e+02 7.0012902832e+02 7.0029901123e+02 7.0046301270e+02 7.0053198242e+02 7.0064099121e+02 7.0078997803e+02 7.0087500000e+02 7.0102697754e+02 7.0115997314e+02 7.0125598145e+02 7.0138299561e+02 7.0149102783e+02 7.0153497314e+02 7.0156701660e+02 7.0164300537e+02 7.0177301025e+02 7.0192999268e+02 7.0206799316e+02 7.0217999268e+02
6.9738500977e+02 6.9746600342e+02 6.9754699707e+02 6.9763897705e+02 6.9775000000e+02 6.9780999756e+02 6.9785498047e+02 6.9796697998e+02 6.9806799316e+02 6.9816998291e+02 6.9828997803e+02 6.9839300537e+02 6.9849902344e+02 6.9861499023e+02 6.9872399902e+02 6.9883599854e+02 6.9895202637e+02 6.9904602051e+02 6.9913299561e+02 6.9919201660e+02 6.9925402832e+02 6.9930499268e+02 6.9934600830e+02 6.9939697266e+02 6.9947100830e+02 6.9953497314e+02 6.9960101318e+02 6.9982397461e+02 7.0004199219e+02 7.0021502686e+02 7.0026800537e+02 7.0038800049e+02 7.0056298828e+02 7.0072302246e+02 7.0085302734e+02 7.0091802979e+02 7.0103802490e+02 7.0121600342e+02 7.0134197998e+02 7.0141400146e+02 7.0142700195e+02 7.0148999023e+02 7.0161602783e+02 7.0175402832e+02 7.0188500977e+02 7.0202197266e+02
6.9711999512e+02 6.9726397705e+02 6.9737402344e+02 6.9739898682e+02 6.9750299072e+02 6.9759997559e+02 6.9766400146e+02 6.9775299072e+02 6.9783898926e+02 6.9794299316e+02 6.9804998779e+02 6.9816601563e+02 6.9826300049e+02 6.9837799072e+02 6.9852301025e+02 6.9862799072e+02 6.9873602295e+02 6.9884497070e+02 6.9895202637e+02 6.9903997803e+02 6.9910797119e+02 6.9917401123e+02 6.9925201416e+02 6.9931402588e+02 6.9935400391e+02 6.9938897705e+02 6.9944799805e+02 6.9954400635e+02 6.9969201660e+02 6.9987701416e+02 7.0002099609e+02 7.0023797607e+02 7.0045001221e+02 7.0060699463e+02 7.0069897461e+02 7.0075701904e+02 7.0084002686e+02 7.0096398926e+02 7.0108801270e+02 7.0117498779e+02 7.0125201416e+02 7.0135601807e+02 7.0148297119e+02 7.0161499023e+02 7.0173901367e+02 7.0186999512e+02
6.9688800049e+02 6.9705902100e+02 6.9717498779e+02 6.9721398926e+02 6.9729998779e+02 6.9738500977e+02 6.9746502686e+02 6.9754400635e+02 6.9761798096e+02 6.9772900391e+02 6.9784399414e+02 6.9794396973e+02 6.9803302002e+02 6.9814898682e+02 6.9829199219e+02 6.9840899658e+02 6.9851300049e+02 6.9862902832e+02 6.9875201416e+02 6.9886798096e+02 6.9895697021e+02 6.9903601074e+02 6.9913598633e+02 6.9923297119e+02 6.9927697754e+02 6.9930798340e+02 6.9937597656e+02 6.9941400146e+02 6.9950097656e+02 6.9965997314e+02 6.9980999756e+02 7.0004998779e+02 7.0031201172e+02 7.0049499512e+02 7.0056097412e+02 7.0070202637e+02 7.0078100586e+02 7.0082897949e+02 7.0092700195e+02 7.0101501465e+02 7.0110601807e+02 7.0121801758e+02 7.0132897949e+02 7.0146197510e+02 7.0160601807e+02 7.0173199463e+02
6.9676300049e+02 6.9688299561e+02 6.9694097900e+02 6.9704302979e+02 6.9713897705e+02 6.9720300293e+02 6.9725799561e+02 6.9732299805e+02 6.9740399170e+02 6.9750598145e+02 6.9761901855e+02 6.9770300293e+02 6.9779602051e+02 6.9792297363e+02 6.9804400635e+02 6.9817602539e+02 6.9829498291e+02 6.9842901611e+02 6.9856799316e+02 6.9870202637e+02 6.9880700684e+02 6.9889599609e+02 6.9899798584e+02 6.9910400391e+02 6.9918103027e+02 6.9924298096e+02 6.9930297852e+02 6.9934399414e+02 6.9942102051e+02 6.9952600098e+02 6.9962402344e+02 6.9977600098e+02 6.9999700928e+02 7.0021502686e+02 7.0035601807e+02 7.0056500244e+02 7.0068298340e+02 7.0073699951e+02 7.0087200928e+02 7.0096002197e+02 7.0101202393e+02 7.0110699463e+02 7.0119702148e+02 7.0130401611e+02 7.0144702148e+02 7.0157299805e+02
6.9654602051e+02 6.9665502930e+02 6.9676599121e+02 6.9687902832e+02 6.9695397949e+02 6.9702600098e+02 6.9708502197e+02 6.9712500000e+02 6.9721002197e+02 6.9729498291e+02 6.9738098145e+02 6.9749298096e+02 6.9758898926e+02 6.9770300293e+02 6.9780700684e+02 6.9794299316e+02 6.9807800293e+02 6.9822198486e+02 6.9836901855e+02 6.9848602295e+02 6.9860198975e+02 6.9872399902e+02 6.9885601807e+02 6.9892797852e+02 6.9903698730e+02 6.9914599609e+02 6.9923400879e+02 6.9931500244e+02 6.9937799072e+02 6.9942297363e+02 6.9948199463e+02 6.9953900146e+02 6.9964697266e+02 6.9985601807e+02 7.0013098145e+02 7.0026702881e+02 7.0045001221e+02 7.0066699219e+02 7.0082098389e+02 7.0093298340e+02 7.0098199463e+02 7.0102398682e+02 7.0111401367e+02 7.0119000244e+02 7.0129699707e+02 7.0140997314e+02
6.9635601807e+02 6.9643701172e+02 6.9654998779e+02 6.9667901611e+02 6.9675701904e+02 6.9683801270e+02 6.9691900635e+02 6.9697198486e+02 6.9705401611e+02 6.9714697266e+02 6.9721301270e+02 6.9731597900e+02 6.9741198730e+02 6.9750299072e+02 6.9758599854e+02 6.9772601318e+02 6.9788397217e+02 6.9802197266e+02 6.9816198730e+02 6.9829602051e+02 6.9841101074e+02 6.9853601074e+02 6.9866802979e+02 6.9876702881e+02 6.9887799072e+02 6.9898797607e+02 6.9910498047e+02 6.9919500732e+02 6.9929400635e+02 6.9937701416e+02 6.9940399170e+02 6.9943402100e+02 6.9947998047e+02 6.9955700684e+02 6.9976599121e+02 6.9994396973e+02 7.0022198486e+02 7.0066302490e+02 7.0091497803e+02 7.0093402100e+02 7.0095697021e+02 7.0093103027e+02 7.0098699951e+02 7.0109600830e+02 7.0119201660e+02 7.0128399658e+02
6.9613702393e+02 6.9622497559e+02 6.9635198975e+02 6.9647601318e+02 6.9656896973e+02 6.9665100098e+02 6.9672601318e+02 6.9677899170e+02 6.9686602783e+02 6.9697399902e+02 6.9704699707e+02 6.9713702393e+02 6.9722399902e+02 6.9731701660e+02 6.9741302490e+02 6.9754400635e+02 6.9768402100e+02 6.9781402588e+02 6.9794897461e+02 6.9808300781e+02 6.9820300293e+02 6.9834997559e+02 6.9849401855e+02 6.9861297607e+02 6.9871697998e+02 6.9882202148e+02 6.9894396973e+02 6.9904101563e+02 6.9916400146e+02 6.9927398682e+02 6.9931799316e+02 6.9937902832e+02 6.9943402100e+02 6.9945697021e+02 6.9954901123e+02 6.9967498779e+02 6.9987097168e+02 7.0021502686e+02 7.0053802490e+02 7.0056500244e+02 7.0067700195e+02 7.0076599121e+02 7.0084997559e+02 7.0094299316e+02 7.0103802490e+02 7.0113800049e+02
6.9594000244e+02 6.9605102539e+02 6.9617797852e+02 6.9626599121e+02 6.9635601807e+02 6.9645397949e+02 6.9654302979e+02 6.9659802246e+02 6.9667401123e+02 6.9677899170e+02 6.9686901855e+02 6.9695300293e+02 6.9703601074e+02 6.9713702393e+02 6.9724597168e+02 6.9735198975e+02 6.9747900391e+02 6.9760699463e+02 6.9773901367e+02 6.9787097168e+02 6.9799902344e+02 6.9815698242e+02 6.9831799316e+02 6.9844000244e+02 6.9854699707e+02 6.9864202881e+02 6.9875701904e+02 6.9887298584e+02 6.9900500488e+02 6.9912097168e+02 6.9918499756e+02 6.9925799561e+02 6.9938299561e+02 6.9946697998e+02 6.9949902344e+02 6.9951702881e+02 6.9956799316e+02 6.9968499756e+02 6.9989898682e+02 7.0001300049e+02 7.0027001953e+02 7.0052697754e+02 7.0065600586e+02 7.0074700928e+02 7.0085699463e+02 7.0097900391e+02
6.9575500488e+02 6.9587298584e+02 6.9601000977e+02 6.9610198975e+02 6.9618499756e+02 6.9627697754e+02 6.9635302734e+02 6.9644299316e+02 6.9651898193e+02 6.9660498047e+02 6.9669097900e+02 6.9677502441e+02 6.9686199951e+02 6.9695501709e+02 6.9704400635e+02 6.9715600586e+02 6.9727398682e+02 6.9739599609e+02 6.9752001953e+02 6.9767297363e+02 6.9780999756e+02 6.9796197510e+02 6.9812298584e+02 6.9824499512e+02 6.9836401367e+02 6.9847601318e+02 6.9861401367e+02 6.9872900391e+02 6.9884802246e+02 6.9897497559e+02 6.9908502197e+02 6.9915301514e+02 6.9926202393e+02 6.9936999512e+02 6.9943798828e+02 6.9945001221e+02 6.9948199463e+02 6.9953399658e+02 6.9960900879e+02 6.9972302246e+02 7.0000402832e+02 7.0030102539e+02 7.0039599609e+02 7.0052398682e+02 7.0067401123e+02 7.0082800293e+02
6.9554901123e+02 6.9567602539e+02 6.9581500244e+02 6.9591302490e+02 6.9600799561e+02 6.9611199951e+02 6.9618499756e+02 6.9627197266e+02 6.9635601807e+02 6.9644299316e+02 6.9653100586e+02 6.9660302734e+02 6.9668298340e+02 6.9676898193e+02 6.9686297607e+02 6.9698901367e+02 6.9709002686e+02 6.9720001221e+02 6.9734100342e+02 6.9747998047e+02 6.9760699463e+02 6.9776098633e+02 6.9791101074e+02 6.9803900146e+02 6.9818298340e+02 6.9831201172e+02 6.9841900635e+02 6.9855999756e+02 6.9868701172e+02 6.9880999756e+02 6.9892498779e+02 6.9905102539e+02 6.9915197754e+02 6.9922399902e+02 6.9930297852e+02 6.9938098145e+02 6.9944201660e+02 6.9946697998e+02 6.9948400879e+02 6.9953802490e+02 6.9972198486e+02 6.9997497559e+02 7.0012799072e+02 7.0025402832e+02 7.0041802979e+02 7.0063897705e+02
6.9537799072e+02 6.9551599121e+02 6.9562298584e+02 6.9573101807e+02 6.9583001709e+02 6.9593402100e+02 6.9602099609e+02 6.9610900879e+02 6.9619396973e+02 6.9628497314e+02 6.9635797119e+02 6.9642797852e+02 6.9650402832e+02 6.9659100342e+02 6.9670001221e+02 6.9682299805e+02 6.9691998291e+02 6.9702697754e+02 6.9716497803e+02 6.9728100586e+02 6.9739697266e+02 6.9754998779e+02 6.9769299316e+02 6.9783099365e+02 6.9797998047e+02 6.9813000488e+02 6.9823999023e+02 6.9838299561e+02 6.9851800537e+02 6.9863800049e+02 6.9875201416e+02 6.9889300537e+02 6.9901898193e+02 6.9910797119e+02 6.9919000244e+02 6.9927301025e+02 6.9936602783e+02 6.9940002441e+02 6.9942297363e+02 6.9945898438e+02 6.9952502441e+02 6.9966900635e+02 6.9984698486e+02 6.9997100830e+02 7.0011102295e+02 7.0032501221e+02
6.9521899414e+02 6.9535302734e+02 6.9543597412e+02 6.9556799316e+02 6.9567297363e+02 6.9575799561e+02 6.9584100342e+02 6.9593298340e+02 6.9602197266e+02 6.9611999512e+02 6.9619201660e+02 6.9627301025e+02 6.9634600830e+02 6.9643499756e+02 6.9654302979e+02 6.9664501953e+02 6.9674102783e+02 6.9684600830e+02 6.9697302246e+02 6.9709698486e+02 6.9721899414e+02 6.9735699463e+02 6.9749401855e+02 6.9764801025e+02 6.9777899170e+02 6.9792797852e+02 6.9807299805e+02 6.9822601318e+02 6.9836102295e+02 6.9846997070e+02 6.9857501221e+02 6.9869897461e+02 6.9882897949e+02 6.9894097900e+02 6.9904901123e+02 6.9913598633e+02 6.9923101807e+02 6.9928698730e+02 6.9935302734e+02 6.9941302490e+02 6.9946600342e+02 6.9953497314e+02 6.9964898682e+02 6.9975402832e+02 6.9985302734e+02 7.0000799561e+02
6.9504797363e+02 6.9517297363e+02 6.9526000977e+02 6.9538299561e+02 6.9547900391e+02 6.9557098389e+02 6.9566601563e+02 6.9575598145e+02 6.9585400391e+02 6.9594897461e+02 6.9603198242e+02 6.9611297607e+02 6.9619097900e+02 6.9627398682e+02 6.9636297607e+02 6.9647399902e+02 6.9658001709e+02 6.9669500732e+02 6.9681298828e+02 6.9693298340e+02 6.9705700684e+02 6.9718103027e+02 6.9730999756e+02 6.9744201660e+02 6.9756097412e+02 6.9771600342e+02 6.9786297607e+02 6.9801202393e+02 6.9817401123e+02 6.9829901123e+02 6.9839001465e+02 6.9851599121e+02 6.9864801025e+02 6.9876000977e+02 6.9885797119e+02 6.9897802734e+02 6.9909197998e+02 6.9917401123e+02 6.9924298096e+02 6.9933001709e+02 6.9941802979e+02 6.9948101807e+02 6.9954302979e+02 6.9961602783e+02 6.9968902588e+02 6.9981298828e+02
6.9487500000e+02 6.9497802734e+02 6.9506896973e+02 6.9521002197e+02 6.9529797363e+02 6.9539202881e+02 6.9547900391e+02 6.9554199219e+02 6.9564599609e+02 6.9575799561e+02 6.9585400391e+02 6.9594097900e+02 6.9603100586e+02 6.9611901855e+02 6.9620800781e+02 6.9632098389e+02 6.9641900635e+02 6.9651501465e+02 6.9663702393e+02 6.9677502441e+02 6.9690197754e+02 6.9701397705e+02 6.9713897705e+02 6.9727301025e+02 6.9738702393e+02 6.9753399658e+02 6.9767700195e+02 6.9780401611e+02 6.9797100830e+02 6.9811199951e+02 6.9819702148e+02 6.9834600830e+02 6.9848498535e+02 6.9857800293e+02 6.9867700195e+02 6.9880700684e+02 6.9892999268e+02 6.9904602051e+02 6.9911499023e+02 6.9919702148e+02 6.9928497314e+02 6.9935198975e+02 6.9942797852e+02 6.9951397705e+02 6.9956500244e+02 6.9966302490e+02
6.9471197510e+02 6.9481201172e+02 6.9490698242e+02 6.9501898193e+02 6.9510900879e+02 6.9520697021e+02 6.9528497314e+02 6.9535900879e+02 6.9547198486e+02 6.9557299805e+02 6.9566302490e+02 6.9574798584e+02 6.9584899902e+02 6.9595697021e+02 6.9605999756e+02 6.9615802002e+02 6.9625701904e+02 6.9634997559e+02 6.9646899414e+02 6.9659997559e+02 6.9672601318e+02 6.9683898926e+02 6.9696801758e+02 6.9710797119e+02 6.9722399902e+02 6.9735699463e+02 6.9749499512e+02 6.9762597656e+02 6.9778100586e+02 6.9792199707e+02 6.9801702881e+02 6.9815997314e+02 6.9830200195e+02 6.9841699219e+02 6.9852600098e+02 6.9863500977e+02 6.9875500488e+02 6.9887902832e+02 6.9895098877e+02 6.9903802490e+02 6.9914599609e+02 6.9923199463e+02 6.9932202148e+02 6.9939202881e+02 6.9945202637e+02 6.9954498291e+02
6.9452301025e+02 6.9463897705e+02 6.9473999023e+02 6.9483197021e+02 6.9493402100e+02 6.9504602051e+02 6.9512701416e+02 6.9521997070e+02 6.9532299805e+02 6.9541101074e+02 6.9549597168e+02 6.9558801270e+02 6.9568402100e+02 6.9578100586e+02 6.9587902832e+02 6.9598199463e+02 6.9607800293e+02 6.9617297363e+02 6.9629998779e+02 6.9640698242e+02 6.9652899170e+02 6.9666699219e+02 6.9679400635e+02 6.9692602539e+02 6.9705603027e+02 6.9718701172e+02 6.9730902100e+02 6.9744097900e+02 6.9759100342e+02 6.9773101807e+02 6.9783898926e+02 6.9797100830e+02 6.9810198975e+02 6.9823699951e+02 6.9836999512e+02 6.9847601318e+02 6.9858099365e+02 6.9870001221e+02 6.9878900146e+02 6.9886999512e+02 6.9899298096e+02 6.9910900879e+02 6.9921997070e+02 6.9928900146e+02 6.9935400391e+02 6.9944201660e+02
