TESTSERVER/20/7.asc
NCOLS 100
NROWS 100
XLLCORNER 8.4997500000e+03
YLLCORNER 2.8960025000e+05
CELLSIZE 5.0000000000e-01
NODATA_VALUE -9.9990000000e+03
[rows 40 to 59 of 100, columns 46 to 91 of 100]
6.8135797119e+02 6.8147497559e+02 6.8159497070e+02 6.8170397949e+02 6.8185498047e+02 6.8202301025e+02 6.8215399170e+02 6.8226202393e+02 6.8235601807e+02 6.8246398926e+02 6.8257000732e+02 6.8269897461e+02 6.8281201172e+02 6.8290997314e+02 6.8302301025e+02 6.8313000488e+02 6.8325201416e+02 6.8335900879e+02 6.8346502686e+02 6.8357501221e+02 6.8366198730e+02 6.8375598145e+02 6.8386499023e+02 6.8394897461e+02 6.8401397705e+02 6.8408801270e+02 6.8416601563e+02 6.8424298096e+02 6.8433599854e+02 6.8441900635e+02 6.8446801758e+02 6.8453002930e+02 6.8460797119e+02 6.8469201660e+02 6.8477099609e+02 6.8484197998e+02 6.8493103027e+02 6.8503002930e+02 6.8512799072e+02 6.8521697998e+02 6.8532000732e+02 6.8544299316e+02 6.8554901123e+02 6.8564697266e+02 6.8574499512e+02 6.8585998535e+02
6.8120898438e+02 6.8131896973e+02 6.8143701172e+02 6.8156201172e+02 6.8172698975e+02 6.8186798096e+02 6.8198199463e+02 6.8209802246e+02 6.8220501709e+02 6.8231701660e+02 6.8243798828e+02 6.8257202148e+02 6.8266900635e+02 6.8277502441e+02 6.8290502930e+02 6.8299200439e+02 6.8310601807e+02 6.8321899414e+02 6.8333398438e+02 6.8341998291e+02 6.8352502441e+02 6.8362701416e+02 6.8372802734e+02 6.8381799316e+02 6.8388897705e+02 6.8396600342e+02 6.8405102539e+02 6.8411901855e+02 6.8420800781e+02 6.8429302979e+02 6.8434802246e+02 6.8442297363e+02 6.8447601318e+02 6.8453997803e+02 6.8461602783e+02 6.8470898438e+02 6.8480902100e+02 6.8489001465e+02 6.8498199463e+02 6.8507501221e+02 6.8515997314e+02 6.8527001953e+02 6.8538201904e+02 6.8548699951e+02 6.8559197998e+02 6.8571899414e+02
6.8106896973e+02 6.8117297363e+02 6.8128302002e+02 6.8143701172e+02 6.8158502197e+02 6.8170001221e+02 6.8182098389e+02 6.8195001221e+02 6.8206402588e+02 6.8219396973e+02 6.8234002686e+02 6.8246002197e+02 6.8254998779e+02 6.8265802002e+02 6.8279199219e+02 6.8287097168e+02 6.8299499512e+02 6.8311297607e+02 6.8321801758e+02 6.8328002930e+02 6.8337097168e+02 6.8347497559e+02 6.8359197998e+02 6.8369201660e+02 6.8378002930e+02 6.8385900879e+02 6.8392901611e+02 6.8399200439e+02 6.8408001709e+02 6.8415698242e+02 6.8421099854e+02 6.8429699707e+02 6.8435998535e+02 6.8442700195e+02 6.8449597168e+02 6.8458001709e+02 6.8467700195e+02 6.8475897217e+02 6.8484600830e+02 6.8493298340e+02 6.8501898193e+02 6.8512500000e+02 6.8521801758e+02 6.8531799316e+02 6.8543902588e+02 6.8556799316e+02
6.8090502930e+02 6.8101501465e+02 6.8113598633e+02 6.8129699707e+02 6.8142102051e+02 6.8153997803e+02 6.8167297363e+02 6.8180798340e+02 6.8192999268e+02 6.8206201172e+02 6.8221197510e+02 6.8233599854e+02 6.8244702148e+02 6.8255603027e+02 6.8266998291e+02 6.8276202393e+02 6.8287200928e+02 6.8296997070e+02 6.8308197021e+02 6.8314501953e+02 6.8323498535e+02 6.8334197998e+02 6.8344500732e+02 6.8355102539e+02 6.8365502930e+02 6.8373699951e+02 6.8379998779e+02 6.8387298584e+02 6.8396801758e+02 6.8403802490e+02 6.8408398438e+02 6.8415600586e+02 6.8422601318e+02 6.8431402588e+02 6.8439697266e+02 6.8445898438e+02 6.8454101563e+02 6.8462701416e+02 6.8470697021e+02 6.8478399658e+02 6.8488000488e+02 6.8498797607e+02 6.8508001709e+02 6.8516998291e+02 6.8528100586e+02 6.8539697266e+02
6.8076800537e+02 6.8089898682e+02 6.8103601074e+02 6.8114898682e+02 6.8125201416e+02 6.8137701416e+02 6.8151702881e+02 6.8164501953e+02 6.8179101563e+02 6.8193200684e+02 6.8205499268e+02 6.8218597412e+02 6.8230999756e+02 6.8241998291e+02 6.8253802490e+02 6.8265100098e+02 6.8274798584e+02 6.8284197998e+02 6.8295098877e+02 6.8302301025e+02 6.8311499023e+02 6.8322998047e+02 6.8332000732e+02 6.8338897705e+02 6.8346997070e+02 6.8356896973e+02 6.8366101074e+02 6.8375299072e+02 6.8385198975e+02 6.8391802979e+02 6.8396301270e+02 6.8403302002e+02 6.8409497070e+02 6.8417602539e+02 6.8427398682e+02 6.8434997559e+02 6.8442401123e+02 6.8450500488e+02 6.8458099365e+02 6.8465399170e+02 6.8474401855e+02 6.8483599854e+02 6.8493798828e+02 6.8502301025e+02 6.8513201904e+02 6.8524401855e+02
6.8063897705e+02 6.8073498535e+02 6.8086999512e+02 6.8097998047e+02 6.8109899902e+02 6.8122399902e+02 6.8136102295e+02 6.8149499512e+02 6.8164801025e+02 6.8179400635e+02 6.8191998291e+02 6.8203802490e+02 6.8215802002e+02 6.8227899170e+02 6.8240197754e+02 6.8252398682e+02 6.8262298584e+02 6.8272100830e+02 6.8283001709e+02 6.8291699219e+02 6.8298797607e+02 6.8308599854e+02 6.8319799805e+02 6.8325701904e+02 6.8333898926e+02 6.8344201660e+02 6.8353302002e+02 6.8362402344e+02 6.8371099854e+02 6.8378497314e+02 6.8384600830e+02 6.8391900635e+02 6.8398999023e+02 6.8406597900e+02 6.8415698242e+02 6.8422497559e+02 6.8429602051e+02 6.8436999512e+02 6.8445202637e+02 6.8453198242e+02 6.8461798096e+02 6.8469799805e+02 6.8479602051e+02 6.8488598633e+02 6.8498901367e+02 6.8510302734e+02
6.8052099609e+02 6.8060797119e+02 6.8071899414e+02 6.8083599854e+02 6.8095599365e+02 6.8106500244e+02 6.8120098877e+02 6.8135302734e+02 6.8150500488e+02 6.8164001465e+02 6.8175598145e+02 6.8187799072e+02 6.8200097656e+02 6.8211999512e+02 6.8223901367e+02 6.8235302734e+02 6.8246697998e+02 6.8257800293e+02 6.8269097900e+02 6.8279901123e+02 6.8286297607e+02 6.8295098877e+02 6.8306701660e+02 6.8311499023e+02 6.8319799805e+02 6.8329400635e+02 6.8338397217e+02 6.8348602295e+02 6.8357202148e+02 6.8365301514e+02 6.8372399902e+02 6.8379602051e+02 6.8386901855e+02 6.8395300293e+02 6.8403900146e+02 6.8409997559e+02 6.8418200684e+02 6.8425000000e+02 6.8432000732e+02 6.8439599609e+02 6.8448699951e+02 6.8457702637e+02 6.8467401123e+02 6.8476397705e+02 6.8485198975e+02 6.8494598389e+02
6.8040100098e+02 6.8049298096e+02 6.8058398438e+02 6.8071002197e+02 6.8081799316e+02 6.8091198730e+02 6.8104699707e+02 6.8118902588e+02 6.8132897949e+02 6.8145697021e+02 6.8156597900e+02 6.8169500732e+02 6.8182299805e+02 6.8194897461e+02 6.8209802246e+02 6.8220697021e+02 6.8233398438e+02 6.8245800781e+02 6.8257202148e+02 6.8268103027e+02 6.8274200439e+02 6.8282397461e+02 6.8293902588e+02 6.8299499512e+02 6.8308599854e+02 6.8316497803e+02 6.8322900391e+02 6.8333398438e+02 6.8342199707e+02 6.8350000000e+02 6.8357397461e+02 6.8366101074e+02 6.8373999023e+02 6.8383001709e+02 6.8391400146e+02 6.8398400879e+02 6.8407098389e+02 6.8413800049e+02 6.8421099854e+02 6.8427600098e+02 6.8435900879e+02 6.8445397949e+02 6.8455798340e+02 6.8466497803e+02 6.8474200439e+02 6.8481298828e+02
6.8028399658e+02 6.8038201904e+02 6.8048498535e+02 6.8058801270e+02 6.8067700195e+02 6.8077600098e+02 6.8091601563e+02 6.8103198242e+02 6.8116101074e+02 6.8128601074e+02 6.8141198730e+02 6.8151397705e+02 6.8164801025e+02 6.8177899170e+02 6.8193701172e+02 6.8207897949e+02 6.8222698975e+02 6.8236199951e+02 6.8249499512e+02 6.8257299805e+02 6.8264099121e+02 6.8269799805e+02 6.8276501465e+02 6.8287402344e+02 6.8297399902e+02 6.8304101563e+02 6.8308801270e+02 6.8318402100e+02 6.8327001953e+02 6.8334899902e+02 6.8343298340e+02 6.8353698730e+02 6.8360998535e+02 6.8369299316e+02 6.8379101563e+02 6.8386798096e+02 6.8395599365e+02 6.8403698730e+02 6.8413000488e+02 6.8416699219e+02 6.8422998047e+02 6.8431597900e+02 6.8440600586e+02 6.8451098633e+02 6.8459698486e+02 6.8469500732e+02
6.8019799805e+02 6.8028399658e+02 6.8038702393e+02 6.8047802734e+02 6.8055401611e+02 6.8065197754e+02 6.8076898193e+02 6.8088201904e+02 6.8100598145e+02 6.8112701416e+02 6.8125201416e+02 6.8137097168e+02 6.8150701904e+02 6.8162597656e+02 6.8178399658e+02 6.8194702148e+02 6.8206597900e+02 6.8217797852e+02 6.8239801025e+02 6.8242498779e+02 6.8245898438e+02 6.8255999756e+02 6.8262902832e+02 6.8270501709e+02 6.8279101563e+02 6.8289099121e+02 6.8297100830e+02 6.8307000732e+02 6.8314099121e+02 6.8322100830e+02 6.8330200195e+02 6.8339398193e+02 6.8347802734e+02 6.8356597900e+02 6.8365502930e+02 6.8373101807e+02 6.8381500244e+02 6.8389898682e+02 6.8398199463e+02 6.8403497314e+02 6.8410900879e+02 6.8419598389e+02 6.8428100586e+02 6.8435400391e+02 6.8444897461e+02 6.8455700684e+02
6.8013500977e+02 6.8019097900e+02 6.8027301025e+02 6.8036401367e+02 6.8044201660e+02 6.8053802490e+02 6.8065802002e+02 6.8076501465e+02 6.8086700439e+02 6.8098199463e+02 6.8109600830e+02 6.8121398926e+02 6.8135601807e+02 6.8148602295e+02 6.8166497803e+02 6.8182897949e+02 6.8192797852e+02 6.8204901123e+02 6.8221301270e+02 6.8227502441e+02 6.8232397461e+02 6.8246600342e+02 6.8256597900e+02 6.8258697510e+02 6.8263702393e+02 6.8272998047e+02 6.8280999756e+02 6.8292102051e+02 6.8300701904e+02 6.8311102295e+02 6.8321502686e+02 6.8328802490e+02 6.8335198975e+02 6.8342602539e+02 6.8351300049e+02 6.8359197998e+02 6.8367297363e+02 6.8376202393e+02 6.8383801270e+02 6.8389801025e+02 6.8396899414e+02 6.8405102539e+02 6.8414099121e+02 6.8421398926e+02 6.8430700684e+02 6.8440301514e+02
6.8007098389e+02 6.8011102295e+02 6.8017102051e+02 6.8025598145e+02 6.8034301758e+02 6.8044396973e+02 6.8056201172e+02 6.8065802002e+02 6.8072802734e+02 6.8082800293e+02 6.8095898438e+02 6.8106799316e+02 6.8120898438e+02 6.8134698486e+02 6.8153198242e+02 6.8166302490e+02 6.8181402588e+02 6.8197998047e+02 6.8203497314e+02 6.8213702393e+02 6.8217797852e+02 6.8227398682e+02 6.8240802002e+02 6.8243402100e+02 6.8252398682e+02 6.8262902832e+02 6.8269396973e+02 6.8278802490e+02 6.8286999512e+02 6.8296301270e+02 6.8307501221e+02 6.8315002441e+02 6.8323498535e+02 6.8331597900e+02 6.8339801025e+02 6.8345697021e+02 6.8352801514e+02 6.8361297607e+02 6.8368402100e+02 6.8374597168e+02 6.8381298828e+02 6.8388299561e+02 6.8397198486e+02 6.8405499268e+02 6.8414099121e+02 6.8423797607e+02
6.8000000000e+02 6.8005297852e+02 6.8011297607e+02 6.8017102051e+02 6.8024597168e+02 6.8033197021e+02 6.8043798828e+02 6.8053802490e+02 6.8061602783e+02 6.8071502686e+02 6.8085498047e+02 6.8096099854e+02 6.8108502197e+02 6.8122100830e+02 6.8136102295e+02 6.8147802734e+02 6.8166497803e+02 6.8183099365e+02 6.8189697266e+02 6.8202697754e+02 6.8208898926e+02 6.8212500000e+02 6.8221697998e+02 6.8230200195e+02 6.8241198730e+02 6.8250299072e+02 6.8253698730e+02 6.8264501953e+02 6.8272802734e+02 6.8279101563e+02 6.8286700439e+02 6.8298199463e+02 6.8314001465e+02 6.8322198486e+02 6.8324401855e+02 6.8331701660e+02 6.8339300537e+02 6.8345501709e+02 6.8351300049e+02 6.8356799316e+02 6.8363598633e+02 6.8369097900e+02 6.8376000977e+02 6.8384899902e+02 6.8393103027e+02 6.8405297852e+02
6.7994000244e+02 6.7998901367e+02 6.8004797363e+02 6.8007800293e+02 6.8013897705e+02 6.8022100830e+02 6.8031298828e+02 6.8040502930e+02 6.8051098633e+02 6.8062097168e+02 6.8073901367e+02 6.8084802246e+02 6.8097497559e+02 6.8110198975e+02 6.8122998047e+02 6.8135400391e+02 6.8155798340e+02 6.8171997070e+02 6.8177697754e+02 6.8190802002e+02 6.8199200439e+02 6.8198999023e+02 6.8207098389e+02 6.8218902588e+02 6.8225201416e+02 6.8229400635e+02 6.8234899902e+02 6.8245501709e+02 6.8254302979e+02 6.8260198975e+02 6.8270300293e+02 6.8282202148e+02 6.8296099854e+02 6.8302301025e+02 6.8307299805e+02 6.8317700195e+02 6.8324298096e+02 6.8328497314e+02 6.8333801270e+02 6.8339099121e+02 6.8344897461e+02 6.8350000000e+02 6.8357098389e+02 6.8364801025e+02 6.8374298096e+02 6.8390100098e+02
6.7988702393e+02 6.7991198730e+02 6.7996697998e+02 6.8001098633e+02 6.8007202148e+02 6.8013500977e+02 6.8020697021e+02 6.8029302979e+02 6.8040100098e+02 6.8051202393e+02 6.8062799072e+02 6.8074499512e+02 6.8087200928e+02 6.8100097656e+02 6.8113702393e+02 6.8123602295e+02 6.8141497803e+02 6.8159399414e+02 6.8167401123e+02 6.8176702881e+02 6.8187097168e+02 6.8191497803e+02 6.8198797607e+02 6.8207702637e+02 6.8214300537e+02 6.8219897461e+02 6.8226599121e+02 6.8239801025e+02 6.8242999268e+02 6.8246697998e+02 6.8261199951e+02 6.8266497803e+02 6.8273699951e+02 6.8283599854e+02 6.8291400146e+02 6.8301501465e+02 6.8308099365e+02 6.8311700439e+02 6.8314801025e+02 6.8320898438e+02 6.8326397705e+02 6.8331896973e+02 6.8339001465e+02 6.8348101807e+02 6.8358898926e+02 6.8373498535e+02
6.7983599854e+02 6.7983898926e+02 6.7988397217e+02 6.7994500732e+02 6.8001098633e+02 6.8005603027e+02 6.8011297607e+02 6.8019000244e+02 6.8028302002e+02 6.8037902832e+02 6.8050799561e+02 6.8062902832e+02 6.8076202393e+02 6.8089501953e+02 6.8104901123e+02 6.8114697266e+02 6.8125201416e+02 6.8140399170e+02 6.8153698730e+02 6.8160998535e+02 6.8174798584e+02 6.8187298584e+02 6.8190899658e+02 6.8197601318e+02 6.8208697510e+02 6.8216802979e+02 6.8221398926e+02 6.8237097168e+02 6.8241302490e+02 6.8242199707e+02 6.8251702881e+02 6.8253900146e+02 6.8257897949e+02 6.8268499756e+02 6.8275299072e+02 6.8284100342e+02 6.8289398193e+02 6.8291802979e+02 6.8294897461e+02 6.8302197266e+02 6.8307000732e+02 6.8313800049e+02 6.8322497559e+02 6.8330499268e+02 6.8341699219e+02 6.8356097412e+02
6.7976501465e+02 6.7976898193e+02 6.7981201172e+02 6.7987298584e+02 6.7994201660e+02 6.7997198486e+02 6.8001202393e+02 6.8008801270e+02 6.8017797852e+02 6.8027301025e+02 6.8040399170e+02 6.8050299072e+02 6.8063397217e+02 6.8076702881e+02 6.8094000244e+02 6.8104699707e+02 6.8114001465e+02 6.8128497314e+02 6.8143701172e+02 6.8148901367e+02 6.8160900879e+02 6.8174902344e+02 6.8180499268e+02 6.8187402344e+02 6.8197302246e+02 6.8203802490e+02 6.8211499023e+02 6.8223400879e+02 6.8230401611e+02 6.8238201904e+02 6.8251098633e+02 6.8252301025e+02 6.8251098633e+02 6.8251300049e+02 6.8256298828e+02 6.8265698242e+02 6.8269500732e+02 6.8270098877e+02 6.8276300049e+02 6.8284002686e+02 6.8290197754e+02 6.8300299072e+02 6.8305798340e+02 6.8312799072e+02 6.8323797607e+02 6.8339300537e+02
6.7969702148e+02 6.7970800781e+02 6.7974902344e+02 6.7979998779e+02 6.7986602783e+02 6.7989599609e+02 6.7993402100e+02 6.8000701904e+02 6.8008001709e+02 6.8017498779e+02 6.8029797363e+02 6.8039202881e+02 6.8051300049e+02 6.8062902832e+02 6.8077099609e+02 6.8091601563e+02 6.8106896973e+02 6.8121398926e+02 6.8128399658e+02 6.8137298584e+02 6.8148999023e+02 6.8160699463e+02 6.8168597412e+02 6.8174798584e+02 6.8189697266e+02 6.8202600098e+02 6.8210198975e+02 6.8219299316e+02 6.8225000000e+02 6.8232800293e+02 6.8239300537e+02 6.8240301514e+02 6.8244097900e+02 6.8244897461e+02 6.8243902588e+02 6.8250799561e+02 6.8257202148e+02 6.8257000732e+02 6.8258300781e+02 6.8270202637e+02 6.8282598877e+02 6.8290502930e+02 6.8289898682e+02 6.8296801758e+02 6.8310998535e+02 6.8324401855e+02
6.7963800049e+02 6.7965100098e+02 6.7968499756e+02 6.7972698975e+02 6.7978100586e+02 6.7981201172e+02 6.7986499023e+02 6.7994201660e+02 6.8000097656e+02 6.8009497070e+02 6.8019799805e+02 6.8030902100e+02 6.8044702148e+02 6.8055700684e+02 6.8062799072e+02 6.8076397705e+02 6.8089501953e+02 6.8103100586e+02 6.8112200928e+02 6.8123699951e+02 6.8140698242e+02 6.8158398438e+02 6.8166101074e+02 6.8169897461e+02 6.8185498047e+02 6.8200402832e+02 6.8206298828e+02 6.8209997559e+02 6.8215399170e+02 6.8225897217e+02 6.8226000977e+02 6.8232299805e+02 6.8244000244e+02 6.8246099854e+02 6.8242199707e+02 6.8242901611e+02 6.8248498535e+02 6.8248901367e+02 6.8248797607e+02 6.8264398193e+02 6.8271099854e+02 6.8268499756e+02 6.8270898438e+02 6.8284002686e+02 6.8301202393e+02 6.8315197754e+02
6.7957397461e+02 6.7959497070e+02 6.7962298584e+02 6.7966601563e+02 6.7971301270e+02 6.7973602295e+02 6.7978698730e+02 6.7986297607e+02 6.7992999268e+02 6.8002398682e+02 6.8010400391e+02 6.8021502686e+02 6.8035198975e+02 6.8047302246e+02 6.8052697754e+02 6.8062799072e+02 6.8072601318e+02 6.8087097168e+02 6.8102398682e+02 6.8113800049e+02 6.8125000000e+02 6.8141198730e+02 6.8153900146e+02 6.8157202148e+02 6.8173297119e+02 6.8187902832e+02 6.8192498779e+02 6.8199401855e+02 6.8202899170e+02 6.8216198730e+02 6.8220001221e+02 6.8221502686e+02 6.8231097412e+02 6.8232299805e+02 6.8235699463e+02 6.8235101318e+02 6.8238000488e+02 6.8240301514e+02 6.8244396973e+02 6.8253601074e+02 6.8255700684e+02 6.8256402588e+02 6.8262597656e+02 6.8276098633e+02 6.8290997314e+02 6.8304998779e+02
