TESTSERVER/20/7.asc
NCOLS 100
NROWS 100
XLLCORNER 8.4997500000e+03
YLLCORNER 2.8960025000e+05
CELLSIZE 5.0000000000e-01
NODATA_VALUE -9.9990000000e+03
[rows 80 to 99 of 100, columns 46 to 91 of 100]
6.7856097412e+02 6.7856402588e+02 6.7857598877e+02 6.7859497070e+02 6.7860900879e+02 6.7863098145e+02 6.7865100098e+02 6.7867602539e+02 6.7869097900e+02 6.7871600342e+02 6.7875598145e+02 6.7882702637e+02 6.7892797852e+02 6.7903601074e+02 6.7906701660e+02 6.7902001953e+02 6.7917401123e+02 6.7930200195e+02 6.7928802490e+02 6.7942797852e+02 6.7968402100e+02 6.7989001465e+02 6.8006402588e+02 6.8009100342e+02 6.7999298096e+02 6.7990600586e+02 6.7989599609e+02 6.7995397949e+02 6.8001702881e+02 6.8007598877e+02 6.8011102295e+02 6.8018103027e+02 6.8024798584e+02 6.8030603027e+02 6.8037298584e+02 6.8045098877e+02 6.8053302002e+02 6.8060699463e+02 6.8071997070e+02 6.8080200195e+02 6.8086297607e+02 6.8097998047e+02 6.8116802979e+02 6.8129602051e+02 6.8140698242e+02 6.8148498535e+02
6.7851898193e+02 6.7852197266e+02 6.7853900146e+02 6.7856799316e+02 6.7859002686e+02 6.7860302734e+02 6.7861199951e+02 6.7863897705e+02 6.7864001465e+02 6.7865997314e+02 6.7870697021e+02 6.7877801514e+02 6.7885699463e+02 6.7896697998e+02 6.7897998047e+02 6.7896099854e+02 6.7908801270e+02 6.7916699219e+02 6.7918499756e+02 6.7926599121e+02 6.7943597412e+02 6.7957299805e+02 6.7969897461e+02 6.7976898193e+02 6.7975201416e+02 6.7975201416e+02 6.7981896973e+02 6.7987500000e+02 6.7991900635e+02 6.7998699951e+02 6.8008099365e+02 6.8015899658e+02 6.8022900391e+02 6.8025000000e+02 6.8032897949e+02 6.8041802979e+02 6.8045898438e+02 6.8062701416e+02 6.8071997070e+02 6.8077899170e+02 6.8082702637e+02 6.8091802979e+02 6.8111700439e+02 6.8116998291e+02 6.8128997803e+02 6.8141998291e+02
6.7847302246e+02 6.7848199463e+02 6.7850097656e+02 6.7852502441e+02 6.7853601074e+02 6.7854797363e+02 6.7856500244e+02 6.7857501221e+02 6.7857702637e+02 6.7861700439e+02 6.7867199707e+02 6.7873901367e+02 6.7881097412e+02 6.7892297363e+02 6.7890600586e+02 6.7893200684e+02 6.7908001709e+02 6.7915301514e+02 6.7915399170e+02 6.7920697021e+02 6.7934002686e+02 6.7942999268e+02 6.7947802734e+02 6.7953100586e+02 6.7955999756e+02 6.7963000488e+02 6.7976501465e+02 6.7981097412e+02 6.7985797119e+02 6.7993103027e+02 6.8001800537e+02 6.8007397461e+02 6.8013201904e+02 6.8017602539e+02 6.8025500488e+02 6.8040002441e+02 6.8044500732e+02 6.8056402588e+02 6.8063800049e+02 6.8073498535e+02 6.8079498291e+02 6.8090698242e+02 6.8108197021e+02 6.8107397461e+02 6.8122100830e+02 6.8138800049e+02
6.7841198730e+02 6.7843298340e+02 6.7846099854e+02 6.7848498535e+02 6.7848498535e+02 6.7850299072e+02 6.7852001953e+02 6.7851800537e+02 6.7853100586e+02 6.7858300781e+02 6.7865002441e+02 6.7869500732e+02 6.7875500488e+02 6.7886401367e+02 6.7884497070e+02 6.7887097168e+02 6.7900799561e+02 6.7910601807e+02 6.7912597656e+02 6.7917700195e+02 6.7928900146e+02 6.7934899902e+02 6.7938299561e+02 6.7946600342e+02 6.7950598145e+02 6.7958502197e+02 6.7971002197e+02 6.7972497559e+02 6.7981500244e+02 6.7990301514e+02 6.7993499756e+02 6.8003100586e+02 6.8012701416e+02 6.8016302490e+02 6.8020898438e+02 6.8036999512e+02 6.8044500732e+02 6.8052697754e+02 6.8059997559e+02 6.8068103027e+02 6.8079101563e+02 6.8097399902e+02 6.8108300781e+02 6.8106097412e+02 6.8118701172e+02 6.8132702637e+02
6.7835998535e+02 6.7838800049e+02 6.7839300537e+02 6.7841802979e+02 6.7842999268e+02 6.7846197510e+02 6.7847998047e+02 6.7848901367e+02 6.7850299072e+02 6.7855499268e+02 6.7860498047e+02 6.7864099121e+02 6.7870300293e+02 6.7880999756e+02 6.7882702637e+02 6.7889697266e+02 6.7898999023e+02 6.7905798340e+02 6.7909802246e+02 6.7912701416e+02 6.7920001221e+02 6.7925799561e+02 6.7928399658e+02 6.7946697998e+02 6.7952899170e+02 6.7957702637e+02 6.7966497803e+02 6.7964697266e+02 6.7975701904e+02 6.7986999512e+02 6.7992199707e+02 6.8000000000e+02 6.8011999512e+02 6.8013702393e+02 6.8019897461e+02 6.8034698486e+02 6.8040197754e+02 6.8049700928e+02 6.8062701416e+02 6.8063500977e+02 6.8074298096e+02 6.8093701172e+02 6.8100402832e+02 6.8107598877e+02 6.8117102051e+02 6.8127197266e+02
6.7831201172e+02 6.7833801270e+02 6.7835498047e+02 6.7835498047e+02 6.7836999512e+02 6.7840600586e+02 6.7841699219e+02 6.7843902588e+02 6.7846502686e+02 6.7852099609e+02 6.7855902100e+02 6.7861798096e+02 6.7867797852e+02 6.7877801514e+02 6.7879101563e+02 6.7883197021e+02 6.7897900391e+02 6.7902697754e+02 6.7903601074e+02 6.7907501221e+02 6.7913702393e+02 6.7921197510e+02 6.7922900391e+02 6.7939398193e+02 6.7946502686e+02 6.7949200439e+02 6.7955102539e+02 6.7961700439e+02 6.7974200439e+02 6.7982800293e+02 6.7986401367e+02 6.7988299561e+02 6.7999102783e+02 6.8007202148e+02 6.8015301514e+02 6.8026501465e+02 6.8035601807e+02 6.8047601318e+02 6.8057800293e+02 6.8062799072e+02 6.8071899414e+02 6.8084698486e+02 6.8095898438e+02 6.8104901123e+02 6.8112799072e+02 6.8121502686e+02
6.7826898193e+02 6.7827899170e+02 6.7830102539e+02 6.7829101563e+02 6.7831597900e+02 6.7835998535e+02 6.7836700439e+02 6.7840600586e+02 6.7843402100e+02 6.7849298096e+02 6.7853601074e+02 6.7858300781e+02 6.7863098145e+02 6.7870397949e+02 6.7868200684e+02 6.7874298096e+02 6.7891601563e+02 6.7891900635e+02 6.7891699219e+02 6.7899700928e+02 6.7905499268e+02 6.7911602783e+02 6.7915802002e+02 6.7932501221e+02 6.7941601563e+02 6.7942199707e+02 6.7949401855e+02 6.7958502197e+02 6.7970599365e+02 6.7977600098e+02 6.7980902100e+02 6.7986700439e+02 6.7993701172e+02 6.8003302002e+02 6.8015002441e+02 6.8024499512e+02 6.8033001709e+02 6.8042498779e+02 6.8049200439e+02 6.8058697510e+02 6.8068597412e+02 6.8077801514e+02 6.8089697266e+02 6.8097601318e+02 6.8104400635e+02 6.8112200928e+02
6.7824102783e+02 6.7823901367e+02 6.7824102783e+02 6.7823999023e+02 6.7827197266e+02 6.7830200195e+02 6.7832098389e+02 6.7836401367e+02 6.7840399170e+02 6.7846801758e+02 6.7850701904e+02 6.7854199219e+02 6.7859997559e+02 6.7868103027e+02 6.7863800049e+02 6.7870898438e+02 6.7883697510e+02 6.7883001709e+02 6.7884301758e+02 6.7892700195e+02 6.7899200439e+02 6.7905700684e+02 6.7908197021e+02 6.7919799805e+02 6.7930700684e+02 6.7933801270e+02 6.7945001221e+02 6.7953399658e+02 6.7961499023e+02 6.7968298340e+02 6.7973400879e+02 6.7984698486e+02 6.7990100098e+02 6.7998101807e+02 6.8008502197e+02 6.8018298340e+02 6.8025897217e+02 6.8035101318e+02 6.8043597412e+02 6.8055102539e+02 6.8064801025e+02 6.8073101807e+02 6.8083197021e+02 6.8091101074e+02 6.8100402832e+02 6.8108898926e+02
6.7817797852e+02 6.7819097900e+02 6.7818597412e+02 6.7820501709e+02 6.7822802734e+02 6.7825097656e+02 6.7829302979e+02 6.7834002686e+02 6.7839398193e+02 6.7843499756e+02 6.7846997070e+02 6.7852398682e+02 6.7859997559e+02 6.7866998291e+02 6.7858697510e+02 6.7870501709e+02 6.7877502441e+02 6.7874902344e+02 6.7875097656e+02 6.7881500244e+02 6.7887097168e+02 6.7897802734e+02 6.7902099609e+02 6.7909899902e+02 6.7923602295e+02 6.7936499023e+02 6.7944702148e+02 6.7951098633e+02 6.7956201172e+02 6.7960699463e+02 6.7971002197e+02 6.7979101563e+02 6.7984802246e+02 6.7993298340e+02 6.8003302002e+02 6.8013598633e+02 6.8023602295e+02 6.8032800293e+02 6.8042797852e+02 6.8051898193e+02 6.8061102295e+02 6.8069799805e+02 6.8077197266e+02 6.8088500977e+02 6.8099200439e+02 6.8106597900e+02
6.7813098145e+02 6.7812799072e+02 6.7813702393e+02 6.7816802979e+02 6.7817297363e+02 6.7819799805e+02 6.7824597168e+02 6.7829998779e+02 6.7834600830e+02 6.7839501953e+02 6.7844000244e+02 6.7847698975e+02 6.7854699707e+02 6.7860400391e+02 6.7860400391e+02 6.7870397949e+02 6.7870202637e+02 6.7869702148e+02 6.7871997070e+02 6.7875799561e+02 6.7879998779e+02 6.7889898682e+02 6.7896002197e+02 6.7906097412e+02 6.7918499756e+02 6.7930798340e+02 6.7936401367e+02 6.7942102051e+02 6.7949499512e+02 6.7955798340e+02 6.7966101074e+02 6.7972399902e+02 6.7980499268e+02 6.7991497803e+02 6.8000299072e+02 6.8009301758e+02 6.8019500732e+02 6.8028002930e+02 6.8037799072e+02 6.8046801758e+02 6.8057800293e+02 6.8067602539e+02 6.8075598145e+02 6.8086199951e+02 6.8096600342e+02 6.8104400635e+02
6.7809399414e+02 6.7808398438e+02 6.7809698486e+02 6.7811798096e+02 6.7812500000e+02 6.7815997314e+02 6.7819897461e+02 6.7825799561e+02 6.7831097412e+02 6.7836499023e+02 6.7840002441e+02 6.7844702148e+02 6.7851501465e+02 6.7855102539e+02 6.7860400391e+02 6.7868103027e+02 6.7864599609e+02 6.7865301514e+02 6.7868402100e+02 6.7872497559e+02 6.7875500488e+02 6.7882702637e+02 6.7891601563e+02 6.7904400635e+02 6.7913598633e+02 6.7921099854e+02 6.7927301025e+02 6.7934301758e+02 6.7942297363e+02 6.7951202393e+02 6.7960498047e+02 6.7965301514e+02 6.7975000000e+02 6.7987402344e+02 6.7996899414e+02 6.8007299805e+02 6.8017297363e+02 6.8026501465e+02 6.8037402344e+02 6.8046002197e+02 6.8055603027e+02 6.8064801025e+02 6.8073901367e+02 6.8083801270e+02 6.8093701172e+02 6.8102697754e+02
6.7805102539e+02 6.7804998779e+02 6.7807000732e+02 6.7806701660e+02 6.7809100342e+02 6.7814599609e+02 6.7817102051e+02 6.7821502686e+02 6.7827600098e+02 6.7834301758e+02 6.7837902832e+02 6.7843200684e+02 6.7848699951e+02 6.7848101807e+02 6.7851300049e+02 6.7859997559e+02 6.7859301758e+02 6.7864398193e+02 6.7866400146e+02 6.7866998291e+02 6.7871502686e+02 6.7879699707e+02 6.7890997314e+02 6.7902197266e+02 6.7906701660e+02 6.7911901855e+02 6.7920098877e+02 6.7928997803e+02 6.7936901855e+02 6.7946398926e+02 6.7954797363e+02 6.7961700439e+02 6.7972998047e+02 6.7984301758e+02 6.7994702148e+02 6.8006097412e+02 6.8015502930e+02 6.8025799561e+02 6.8037701416e+02 6.8044500732e+02 6.8053399658e+02 6.8062597656e+02 6.8072802734e+02 6.8082501221e+02 6.8092602539e+02 6.8102398682e+02
6.7799102783e+02 6.7799700928e+02 6.7802899170e+02 6.7801800537e+02 6.7805297852e+02 6.7811999512e+02 6.7814898682e+02 6.7816900635e+02 6.7821899414e+02 6.7828399658e+02 6.7834399414e+02 6.7839599609e+02 6.7844299316e+02 6.7842297363e+02 6.7842700195e+02 6.7848999023e+02 6.7853100586e+02 6.7859002686e+02 6.7861199951e+02 6.7859002686e+02 6.7865698242e+02 6.7877398682e+02 6.7891699219e+02 6.7896899414e+02 6.7898297119e+02 6.7905401611e+02 6.7914801025e+02 6.7922198486e+02 6.7929901123e+02 6.7939398193e+02 6.7946899414e+02 6.7956097412e+02 6.7969702148e+02 6.7982598877e+02 6.7992999268e+02 6.8002801514e+02 6.8012597656e+02 6.8024102783e+02 6.8035797119e+02 6.8045202637e+02 6.8053497314e+02 6.8061700439e+02 6.8071899414e+02 6.8081597900e+02 6.8090399170e+02 6.8099798584e+02
6.7794396973e+02 6.7795202637e+02 6.7796197510e+02 6.7795397949e+02 6.7799401855e+02 6.7806097412e+02 6.7809497070e+02 6.7813897705e+02 6.7819000244e+02 6.7823602295e+02 6.7829199219e+02 6.7834197998e+02 6.7838500977e+02 6.7836499023e+02 6.7841802979e+02 6.7846997070e+02 6.7849298096e+02 6.7852301025e+02 6.7854101563e+02 6.7858599854e+02 6.7866101074e+02 6.7872302246e+02 6.7881402588e+02 6.7887799072e+02 6.7892999268e+02 6.7900500488e+02 6.7907000732e+02 6.7916198730e+02 6.7925701904e+02 6.7933697510e+02 6.7941802979e+02 6.7953002930e+02 6.7965600586e+02 6.7978601074e+02 6.7990502930e+02 6.8000799561e+02 6.8010900879e+02 6.8020800781e+02 6.8032202148e+02 6.8043103027e+02 6.8051800537e+02 6.8059802246e+02 6.8069396973e+02 6.8078002930e+02 6.8087097168e+02 6.8096301270e+02
6.7790502930e+02 6.7792700195e+02 6.7790802002e+02 6.7790899658e+02 6.7794500732e+02 6.7799798584e+02 6.7803399658e+02 6.7809497070e+02 6.7813897705e+02 6.7818298340e+02 6.7822998047e+02 6.7831097412e+02 6.7833300781e+02 6.7821002197e+02 6.7825799561e+02 6.7840197754e+02 6.7843499756e+02 6.7845898438e+02 6.7850201416e+02 6.7857202148e+02 6.7862799072e+02 6.7866497803e+02 6.7874298096e+02 6.7881597900e+02 6.7888098145e+02 6.7895501709e+02 6.7903302002e+02 6.7912500000e+02 6.7922998047e+02 6.7932000732e+02 6.7940301514e+02 6.7950799561e+02 6.7961199951e+02 6.7973199463e+02 6.7985400391e+02 6.7996899414e+02 6.8008898926e+02 6.8017401123e+02 6.8028198242e+02 6.8038800049e+02 6.8048297119e+02 6.8056500244e+02 6.8064697266e+02 6.8073199463e+02 6.8082598877e+02 6.8091400146e+02
6.7786798096e+02 6.7788500977e+02 6.7786199951e+02 6.7788299561e+02 6.7790600586e+02 6.7793902588e+02 6.7797998047e+02 6.7804498291e+02 6.7807800293e+02 6.7812200928e+02 6.7815399170e+02 6.7820800781e+02 6.7815698242e+02 6.7803601074e+02 6.7816699219e+02 6.7833001709e+02 6.7839398193e+02 6.7842297363e+02 6.7845800781e+02 6.7850701904e+02 6.7855999756e+02 6.7862097168e+02 6.7870300293e+02 6.7876300049e+02 6.7882800293e+02 6.7891302490e+02 6.7901098633e+02 6.7908599854e+02 6.7917401123e+02 6.7927197266e+02 6.7936798096e+02 6.7947302246e+02 6.7957299805e+02 6.7969299316e+02 6.7981402588e+02 6.7992401123e+02 6.8003997803e+02 6.8011999512e+02 6.8023101807e+02 6.8032397461e+02 6.8043103027e+02 6.8051800537e+02 6.8059399414e+02 6.8069396973e+02 6.8079199219e+02 6.8088201904e+02
6.7781298828e+02 6.7782598877e+02 6.7785400391e+02 6.7786199951e+02 6.7787597656e+02 6.7790100098e+02 6.7793103027e+02 6.7797302246e+02 6.7802398682e+02 6.7808300781e+02 6.7810601807e+02 6.7804101563e+02 6.7797399902e+02 6.7807299805e+02 6.7825897217e+02 6.7830297852e+02 6.7834802246e+02 6.7837799072e+02 6.7839697266e+02 6.7846301270e+02 6.7852398682e+02 6.7859301758e+02 6.7866998291e+02 6.7872601318e+02 6.7879602051e+02 6.7889099121e+02 6.7897399902e+02 6.7906896973e+02 6.7914001465e+02 6.7923999023e+02 6.7935198975e+02 6.7944799805e+02 6.7954498291e+02 6.7964697266e+02 6.7975201416e+02 6.7986602783e+02 6.7995800781e+02 6.8005603027e+02 6.8017901611e+02 6.8027899170e+02 6.8039202881e+02 6.8049102783e+02 6.8058801270e+02 6.8067199707e+02 6.8075402832e+02 6.8083898926e+02
6.7774798584e+02 6.7775897217e+02 6.7779400635e+02 6.7781097412e+02 6.7782800293e+02 6.7785797119e+02 6.7788897705e+02 6.7791802979e+02 6.7796197510e+02 6.7796002197e+02 6.7790399170e+02 6.7794799805e+02 6.7800000000e+02 6.7809698486e+02 6.7818798828e+02 6.7821697998e+02 6.7828002930e+02 6.7833300781e+02 6.7836798096e+02 6.7845098877e+02 6.7849902344e+02 6.7855499268e+02 6.7865600586e+02 6.7872497559e+02 6.7878698730e+02 6.7886999512e+02 6.7894799805e+02 6.7904400635e+02 6.7912500000e+02 6.7922302246e+02 6.7931500244e+02 6.7939501953e+02 6.7949401855e+02 6.7959197998e+02 6.7969201660e+02 6.7980700684e+02 6.7990698242e+02 6.8001202393e+02 6.8012597656e+02 6.8022698975e+02 6.8033801270e+02 6.8042498779e+02 6.8051300049e+02 6.8060900879e+02 6.8069598389e+02 6.8078698730e+02
6.7769702148e+02 6.7771398926e+02 6.7774700928e+02 6.7776898193e+02 6.7778497314e+02 6.7782501221e+02 6.7784802246e+02 6.7785900879e+02 6.7784600830e+02 6.7781701660e+02 6.7782098389e+02 6.7797100830e+02 6.7805297852e+02 6.7810400391e+02 6.7813800049e+02 6.7817901611e+02 6.7823602295e+02 6.7828601074e+02 6.7834197998e+02 6.7842401123e+02 6.7847802734e+02 6.7854498291e+02 6.7863098145e+02 6.7871002197e+02 6.7877398682e+02 6.7882800293e+02 6.7890802002e+02 6.7900598145e+02 6.7909497070e+02 6.7917999268e+02 6.7925097656e+02 6.7933697510e+02 6.7943298340e+02 6.7953100586e+02 6.7964501953e+02 6.7975500488e+02 6.7986297607e+02 6.7996502686e+02 6.8006799316e+02 6.8015997314e+02 6.8027697754e+02 6.8037298584e+02 6.8045202637e+02 6.8055603027e+02 6.8065100098e+02 6.8072998047e+02
6.7765399170e+02 6.7767602539e+02 6.7770202637e+02 6.7772698975e+02 6.7774102783e+02 6.7776800537e+02 6.7776000977e+02 6.7775799561e+02 6.7775201416e+02 6.7781097412e+02 6.7788800049e+02 6.7796197510e+02 6.7799902344e+02 6.7804400635e+02 6.7809497070e+02 6.7815301514e+02 6.7820300293e+02 6.7824902344e+02 6.7832397461e+02 6.7839599609e+02 6.7846002197e+02 6.7852697754e+02 6.7859002686e+02 6.7868402100e+02 6.7874902344e+02 6.7879998779e+02 6.7887799072e+02 6.7895397949e+02 6.7904498291e+02 6.7913201904e+02 6.7919299316e+02 6.7929699707e+02 6.7939801025e+02 6.7949102783e+02 6.7959899902e+02 6.7969299316e+02 6.7981201172e+02 6.7991497803e+02 6.8000500488e+02 6.8009497070e+02 6.8021600342e+02 6.8032397461e+02 6.8040802002e+02 6.8050402832e+02 6.8059197998e+02 6.8067297363e+02
