TESTSERVER/20/8.asc
NCOLS 100
NROWS 100
XLLCORNER 8.4997500000e+03
YLLCORNER 2.8955025000e+05
CELLSIZE 5.0000000000e-01
NODATA_VALUE -9.9990000000e+03
[rows 40 to 59 of 100, columns 46 to 91 of 100]
6.7613098145e+02 6.7615899658e+02 6.7619097900e+02 6.7621801758e+02 6.7624298096e+02 6.7628198242e+02 6.7632598877e+02 6.7634600830e+02 6.7637402344e+02 6.7641497803e+02 6.7643798828e+02 6.7646301270e+02 6.7651202393e+02 6.7656201172e+02 6.7660601807e+02 6.7661602783e+02 6.7665997314e+02 6.7669897461e+02 6.7674298096e+02 6.7677600098e+02 6.7681500244e+02 6.7686199951e+02 6.7691302490e+02 6.7693902588e+02 6.7699401855e+02 6.7706402588e+02 6.7713201904e+02 6.7716601563e+02 6.7722399902e+02 6.7727801514e+02 6.7732800293e+02 6.7737298584e+02 6.7744799805e+02 6.7751397705e+02 6.7756896973e+02 6.7763702393e+02 6.7771099854e+02 6.7779998779e+02 6.7786297607e+02 6.7796398926e+02 6.7806597900e+02 6.7815301514e+02 6.7822198486e+02 6.7832501221e+02 6.7839501953e+02 6.7845098877e+02
6.7607800293e+02 6.7610797119e+02 6.7613598633e+02 6.7616699219e+02 6.7620501709e+02 6.7624298096e+02 6.7628802490e+02 6.7632202148e+02 6.7634002686e+02 6.7637799072e+02 6.7641497803e+02 6.7643597412e+02 6.7648498535e+02 6.7654498291e+02 6.7657702637e+02 6.7659399414e+02 6.7663000488e+02 6.7665802002e+02 6.7667602539e+02 6.7672302246e+02 6.7677197266e+02 6.7681298828e+02 6.7684899902e+02 6.7689801025e+02 6.7695397949e+02 6.7699700928e+02 6.7705297852e+02 6.7709497070e+02 6.7714801025e+02 6.7719000244e+02 6.7725000000e+02 6.7731799316e+02 6.7739501953e+02 6.7744201660e+02 6.7748101807e+02 6.7753900146e+02 6.7762701416e+02 6.7773101807e+02 6.7780297852e+02 6.7790600586e+02 6.7800299072e+02 6.7806799316e+02 6.7812902832e+02 6.7822601318e+02 6.7829602051e+02 6.7835998535e+02
6.7602001953e+02 6.7605499268e+02 6.7608300781e+02 6.7613397217e+02 6.7617401123e+02 6.7619097900e+02 6.7623999023e+02 6.7627301025e+02 6.7629199219e+02 6.7634197998e+02 6.7638000488e+02 6.7640197754e+02 6.7644799805e+02 6.7650299072e+02 6.7654302979e+02 6.7656402588e+02 6.7658398438e+02 6.7659399414e+02 6.7660797119e+02 6.7667102051e+02 6.7672998047e+02 6.7676501465e+02 6.7680102539e+02 6.7686901855e+02 6.7691198730e+02 6.7693798828e+02 6.7697601318e+02 6.7701800537e+02 6.7707501221e+02 6.7712500000e+02 6.7717797852e+02 6.7725097656e+02 6.7731701660e+02 6.7736401367e+02 6.7742797852e+02 6.7749700928e+02 6.7757702637e+02 6.7766302490e+02 6.7774200439e+02 6.7782098389e+02 6.7790100098e+02 6.7797698975e+02 6.7805798340e+02 6.7813000488e+02 6.7820098877e+02 6.7826702881e+02
6.7597399902e+02 6.7601501465e+02 6.7604602051e+02 6.7610302734e+02 6.7612902832e+02 6.7613299561e+02 6.7618597412e+02 6.7621997070e+02 6.7625402832e+02 6.7630902100e+02 6.7635198975e+02 6.7637500000e+02 6.7640301514e+02 6.7644000244e+02 6.7648498535e+02 6.7651397705e+02 6.7653399658e+02 6.7654602051e+02 6.7657397461e+02 6.7663000488e+02 6.7668701172e+02 6.7671997070e+02 6.7675097656e+02 6.7680102539e+02 6.7684497070e+02 6.7689202881e+02 6.7692700195e+02 6.7696801758e+02 6.7702600098e+02 6.7707702637e+02 6.7711700439e+02 6.7718798828e+02 6.7724298096e+02 6.7730297852e+02 6.7736700439e+02 6.7742700195e+02 6.7749597168e+02 6.7756799316e+02 6.7766601563e+02 6.7772399902e+02 6.7778900146e+02 6.7787799072e+02 6.7798199463e+02 6.7803601074e+02 6.7810198975e+02 6.7816302490e+02
6.7591400146e+02 6.7595898438e+02 6.7599499512e+02 6.7605297852e+02 6.7607397461e+02 6.7609197998e+02 6.7613098145e+02 6.7616998291e+02 6.7621697998e+02 6.7625897217e+02 6.7631500244e+02 6.7634100342e+02 6.7635101318e+02 6.7639001465e+02 6.7643200684e+02 6.7645800781e+02 6.7648901367e+02 6.7652301025e+02 6.7656298828e+02 6.7660101318e+02 6.7664202881e+02 6.7667102051e+02 6.7670599365e+02 6.7675201416e+02 6.7680499268e+02 6.7684399414e+02 6.7687902832e+02 6.7691900635e+02 6.7696697998e+02 6.7701202393e+02 6.7705999756e+02 6.7711401367e+02 6.7717700195e+02 6.7724798584e+02 6.7727398682e+02 6.7732202148e+02 6.7738397217e+02 6.7746600342e+02 6.7756298828e+02 6.7763000488e+02 6.7769097900e+02 6.7778399658e+02 6.7787402344e+02 6.7793103027e+02 6.7799597168e+02 6.7804400635e+02
6.7585797119e+02 6.7590899658e+02 6.7595098877e+02 6.7597998047e+02 6.7600402832e+02 6.7604797363e+02 6.7610302734e+02 6.7613098145e+02 6.7616900635e+02 6.7620898438e+02 6.7625598145e+02 6.7629302979e+02 6.7631799316e+02 6.7635400391e+02 6.7637799072e+02 6.7640997314e+02 6.7644500732e+02 6.7648101807e+02 6.7650299072e+02 6.7654699707e+02 6.7659197998e+02 6.7663299561e+02 6.7667797852e+02 6.7671801758e+02 6.7676202393e+02 6.7677600098e+02 6.7681097412e+02 6.7686297607e+02 6.7690899658e+02 6.7695501709e+02 6.7701300049e+02 6.7706201172e+02 6.7710699463e+02 6.7715899658e+02 6.7719500732e+02 6.7725500488e+02 6.7731896973e+02 6.7740600586e+02 6.7748498535e+02 6.7755401611e+02 6.7760900879e+02 6.7769598389e+02 6.7775201416e+02 6.7782202148e+02 6.7789898682e+02 6.7795098877e+02
6.7579797363e+02 6.7584497070e+02 6.7588000488e+02 6.7592498779e+02 6.7597198486e+02 6.7601000977e+02 6.7604400635e+02 6.7607897949e+02 6.7612200928e+02 6.7616998291e+02 6.7620300293e+02 6.7623297119e+02 6.7627001953e+02 6.7630999756e+02 6.7633697510e+02 6.7637799072e+02 6.7640600586e+02 6.7644097900e+02 6.7646899414e+02 6.7651397705e+02 6.7654602051e+02 6.7657702637e+02 6.7662402344e+02 6.7667102051e+02 6.7671301270e+02 6.7673199463e+02 6.7675799561e+02 6.7680999756e+02 6.7684997559e+02 6.7688897705e+02 6.7694500732e+02 6.7699597168e+02 6.7703802490e+02 6.7709698486e+02 6.7713702393e+02 6.7720098877e+02 6.7727600098e+02 6.7734899902e+02 6.7740002441e+02 6.7745501709e+02 6.7751800537e+02 6.7759802246e+02 6.7764801025e+02 6.7773297119e+02 6.7778802490e+02 6.7784301758e+02
6.7575201416e+02 6.7578198242e+02 6.7580401611e+02 6.7586901855e+02 6.7593597412e+02 6.7596398926e+02 6.7599200439e+02 6.7604400635e+02 6.7608300781e+02 6.7612799072e+02 6.7615802002e+02 6.7618701172e+02 6.7621997070e+02 6.7627600098e+02 6.7631500244e+02 6.7634497070e+02 6.7637298584e+02 6.7640997314e+02 6.7643402100e+02 6.7647399902e+02 6.7650500488e+02 6.7652801514e+02 6.7656500244e+02 6.7660998535e+02 6.7665100098e+02 6.7668103027e+02 6.7670202637e+02 6.7675299072e+02 6.7680102539e+02 6.7684002686e+02 6.7688201904e+02 6.7693402100e+02 6.7698602295e+02 6.7704302979e+02 6.7708001709e+02 6.7714398193e+02 6.7720501709e+02 6.7725500488e+02 6.7731201172e+02 6.7737298584e+02 6.7744598389e+02 6.7751800537e+02 6.7757501221e+02 6.7764001465e+02 6.7767498779e+02 6.7773602295e+02
6.7569299316e+02 6.7572601318e+02 6.7577600098e+02 6.7580700684e+02 6.7586297607e+02 6.7590002441e+02 6.7593402100e+02 6.7597802734e+02 6.7601702881e+02 6.7606597900e+02 6.7610498047e+02 6.7615002441e+02 6.7617602539e+02 6.7622302246e+02 6.7627301025e+02 6.7630499268e+02 6.7633398438e+02 6.7636401367e+02 6.7639202881e+02 6.7642797852e+02 6.7646697998e+02 6.7649700928e+02 6.7652502441e+02 6.7656402588e+02 6.7659497070e+02 6.7661602783e+02 6.7664697266e+02 6.7668499756e+02 6.7674298096e+02 6.7679302979e+02 6.7683398438e+02 6.7688897705e+02 6.7693402100e+02 6.7695697021e+02 6.7699298096e+02 6.7705603027e+02 6.7712097168e+02 6.7718298340e+02 6.7725000000e+02 6.7730499268e+02 6.7736602783e+02 6.7742797852e+02 6.7749700928e+02 6.7755102539e+02 6.7759002686e+02 6.7764300537e+02
6.7560101318e+02 6.7565100098e+02 6.7571801758e+02 6.7574798584e+02 6.7578198242e+02 6.7582897949e+02 6.7588397217e+02 6.7593402100e+02 6.7596697998e+02 6.7600701904e+02 6.7605200195e+02 6.7610797119e+02 6.7613702393e+02 6.7617199707e+02 6.7622198486e+02 6.7625500488e+02 6.7628601074e+02 6.7631298828e+02 6.7634197998e+02 6.7636798096e+02 6.7640399170e+02 6.7643597412e+02 6.7646099854e+02 6.7649499512e+02 6.7653302002e+02 6.7656298828e+02 6.7659600830e+02 6.7663598633e+02 6.7668402100e+02 6.7672698975e+02 6.7675402832e+02 6.7681500244e+02 6.7686602783e+02 6.7689898682e+02 6.7693499756e+02 6.7699597168e+02 6.7705700684e+02 6.7711102295e+02 6.7717102051e+02 6.7723400879e+02 6.7728302002e+02 6.7734802246e+02 6.7741400146e+02 6.7745800781e+02 6.7749499512e+02 6.7754400635e+02
6.7553198242e+02 6.7557397461e+02 6.7563201904e+02 6.7567700195e+02 6.7572802734e+02 6.7578497314e+02 6.7583801270e+02 6.7588098145e+02 6.7590997314e+02 6.7595697021e+02 6.7601501465e+02 6.7606097412e+02 6.7608898926e+02 6.7612597656e+02 6.7617700195e+02 6.7619702148e+02 6.7622601318e+02 6.7625897217e+02 6.7628497314e+02 6.7630798340e+02 6.7633300781e+02 6.7636401367e+02 6.7639801025e+02 6.7643499756e+02 6.7647302246e+02 6.7650598145e+02 6.7653601074e+02 6.7656799316e+02 6.7660900879e+02 6.7666601563e+02 6.7671099854e+02 6.7675097656e+02 6.7678399658e+02 6.7683502197e+02 6.7688000488e+02 6.7693200684e+02 6.7698400879e+02 6.7703399658e+02 6.7708898926e+02 6.7714300537e+02 6.7720001221e+02 6.7728198242e+02 6.7733502197e+02 6.7737402344e+02 6.7741601563e+02 6.7746398926e+02
6.7547198486e+02 6.7551702881e+02 6.7557501221e+02 6.7560998535e+02 6.7567498779e+02 6.7572399902e+02 6.7576397705e+02 6.7580700684e+02 6.7584600830e+02 6.7589099121e+02 6.7594702148e+02 6.7599102783e+02 6.7602197266e+02 6.7606298828e+02 6.7611602783e+02 6.7614001465e+02 6.7617102051e+02 6.7620599365e+02 6.7623199463e+02 6.7626397705e+02 6.7628802490e+02 6.7631298828e+02 6.7633300781e+02 6.7637200928e+02 6.7641497803e+02 6.7644897461e+02 6.7648199463e+02 6.7650299072e+02 6.7653698730e+02 6.7659899902e+02 6.7664801025e+02 6.7668701172e+02 6.7670898438e+02 6.7675598145e+02 6.7681402588e+02 6.7685400391e+02 6.7689898682e+02 6.7694396973e+02 6.7701098633e+02 6.7704699707e+02 6.7711297607e+02 6.7720300293e+02 6.7725097656e+02 6.7729797363e+02 6.7735302734e+02 6.7739801025e+02
6.7539801025e+02 6.7543103027e+02 6.7547497559e+02 6.7551702881e+02 6.7557897949e+02 6.7563201904e+02 6.7570202637e+02 6.7575097656e+02 6.7578997803e+02 6.7581896973e+02 6.7585498047e+02 6.7590502930e+02 6.7595202637e+02 6.7600201416e+02 6.7604400635e+02 6.7608300781e+02 6.7612097168e+02 6.7615502930e+02 6.7617901611e+02 6.7621697998e+02 6.7624102783e+02 6.7626300049e+02 6.7628399658e+02 6.7631201172e+02 6.7635601807e+02 6.7638897705e+02 6.7641802979e+02 6.7644299316e+02 6.7647497559e+02 6.7652197266e+02 6.7655499268e+02 6.7659600830e+02 6.7661999512e+02 6.7666400146e+02 6.7674700928e+02 6.7678601074e+02 6.7684600830e+02 6.7688897705e+02 6.7693298340e+02 6.7697698975e+02 6.7705401611e+02 6.7712799072e+02 6.7717700195e+02 6.7721600342e+02 6.7727301025e+02 6.7732299805e+02
6.7531799316e+02 6.7534802246e+02 6.7539099121e+02 6.7545001221e+02 6.7551599121e+02 6.7555798340e+02 6.7561199951e+02 6.7565600586e+02 6.7568597412e+02 6.7572302246e+02 6.7577099609e+02 6.7582501221e+02 6.7586297607e+02 6.7591601563e+02 6.7597900391e+02 6.7601702881e+02 6.7605297852e+02 6.7609197998e+02 6.7611499023e+02 6.7615698242e+02 6.7618499756e+02 6.7621899414e+02 6.7625000000e+02 6.7627899170e+02 6.7631402588e+02 6.7633001709e+02 6.7634301758e+02 6.7636602783e+02 6.7640399170e+02 6.7645202637e+02 6.7648797607e+02 6.7652502441e+02 6.7655700684e+02 6.7660101318e+02 6.7666101074e+02 6.7671398926e+02 6.7678698730e+02 6.7683099365e+02 6.7686297607e+02 6.7692498779e+02 6.7700201416e+02 6.7704797363e+02 6.7708801270e+02 6.7714801025e+02 6.7721197510e+02 6.7725299072e+02
6.7523400879e+02 6.7526898193e+02 6.7530798340e+02 6.7535699463e+02 6.7541198730e+02 6.7544897461e+02 6.7550799561e+02 6.7556597900e+02 6.7559600830e+02 6.7563598633e+02 6.7568298340e+02 6.7573602295e+02 6.7576599121e+02 6.7581402588e+02 6.7588201904e+02 6.7592401123e+02 6.7597198486e+02 6.7602801514e+02 6.7606298828e+02 6.7609301758e+02 6.7611401367e+02 6.7614801025e+02 6.7617797852e+02 6.7620300293e+02 6.7623400879e+02 6.7625402832e+02 6.7627001953e+02 6.7629901123e+02 6.7634100342e+02 6.7638000488e+02 6.7641302490e+02 6.7645202637e+02 6.7650598145e+02 6.7655603027e+02 6.7659497070e+02 6.7664300537e+02 6.7670697021e+02 6.7675598145e+02 6.7679101563e+02 6.7686199951e+02 6.7693200684e+02 6.7697998047e+02 6.7703802490e+02 6.7709002686e+02 6.7713397217e+02 6.7716400146e+02
6.7512701416e+02 6.7516802979e+02 6.7521099854e+02 6.7524902344e+02 6.7529602051e+02 6.7533697510e+02 6.7540502930e+02 6.7547302246e+02 6.7550299072e+02 6.7554199219e+02 6.7558697510e+02 6.7563702393e+02 6.7567102051e+02 6.7571502686e+02 6.7577697754e+02 6.7583599854e+02 6.7588500977e+02 6.7594396973e+02 6.7599200439e+02 6.7601501465e+02 6.7603802490e+02 6.7607800293e+02 6.7611199951e+02 6.7612799072e+02 6.7615698242e+02 6.7619201660e+02 6.7621899414e+02 6.7624102783e+02 6.7627899170e+02 6.7630999756e+02 6.7634399414e+02 6.7638500977e+02 6.7644500732e+02 6.7650097656e+02 6.7654400635e+02 6.7657800293e+02 6.7662597656e+02 6.7667297363e+02 6.7673400879e+02 6.7680902100e+02 6.7686199951e+02 6.7691400146e+02 6.7698101807e+02 6.7702301025e+02 6.7706201172e+02 6.7710101318e+02
6.7503198242e+02 6.7508001709e+02 6.7512200928e+02 6.7515899658e+02 6.7520599365e+02 6.7525097656e+02 6.7530401611e+02 6.7535998535e+02 6.7539202881e+02 6.7543597412e+02 6.7548498535e+02 6.7553002930e+02 6.7558001709e+02 6.7562902832e+02 6.7567797852e+02 6.7573901367e+02 6.7579101563e+02 6.7585699463e+02 6.7590301514e+02 6.7593701172e+02 6.7596600342e+02 6.7600000000e+02 6.7603900146e+02 6.7606896973e+02 6.7609997559e+02 6.7614300537e+02 6.7615997314e+02 6.7618298340e+02 6.7621801758e+02 6.7625897217e+02 6.7629998779e+02 6.7633801270e+02 6.7638201904e+02 6.7642999268e+02 6.7648901367e+02 6.7653302002e+02 6.7659197998e+02 6.7663397217e+02 6.7668798828e+02 6.7674798584e+02 6.7678399658e+02 6.7682397461e+02 6.7688299561e+02 6.7696002197e+02 6.7701800537e+02 6.7707397461e+02
6.7494598389e+02 6.7498101807e+02 6.7502099609e+02 6.7505798340e+02 6.7509698486e+02 6.7513897705e+02 6.7519097900e+02 6.7524798584e+02 6.7529901123e+02 6.7535797119e+02 6.7540997314e+02 6.7545898438e+02 6.7551397705e+02 6.7555700684e+02 6.7561199951e+02 6.7566101074e+02 6.7571697998e+02 6.7578002930e+02 6.7581701660e+02 6.7586700439e+02 6.7590399170e+02 6.7593499756e+02 6.7597497559e+02 6.7600201416e+02 6.7603399658e+02 6.7606201172e+02 6.7608599854e+02 6.7612097168e+02 6.7616400146e+02 6.7621099854e+02 6.7624499512e+02 6.7627801514e+02 6.7631701660e+02 6.7636199951e+02 6.7641998291e+02 6.7646697998e+02 6.7652398682e+02 6.7656896973e+02 6.7661102295e+02 6.7668103027e+02 6.7673297119e+02 6.7677502441e+02 6.7683599854e+02 6.7690600586e+02 6.7695202637e+02 6.7702697754e+02
6.7485797119e+02 6.7488397217e+02 6.7492199707e+02 6.7495599365e+02 6.7500097656e+02 6.7505200195e+02 6.7510797119e+02 6.7516400146e+02 6.7522302246e+02 6.7528399658e+02 6.7533300781e+02 6.7538500977e+02 6.7542999268e+02 6.7546801758e+02 6.7552801514e+02 6.7557702637e+02 6.7564501953e+02 6.7570001221e+02 6.7573999023e+02 6.7578698730e+02 6.7583001709e+02 6.7587200928e+02 6.7590997314e+02 6.7593701172e+02 6.7597900391e+02 6.7600500488e+02 6.7603497314e+02 6.7607897949e+02 6.7611499023e+02 6.7614898682e+02 6.7618200684e+02 6.7622100830e+02 6.7626300049e+02 6.7630603027e+02 6.7635998535e+02 6.7639202881e+02 6.7643200684e+02 6.7647998047e+02 6.7653100586e+02 6.7659698486e+02 6.7665698242e+02 6.7670898438e+02 6.7677197266e+02 6.7683898926e+02 6.7689398193e+02 6.7697998047e+02
6.7476800537e+02 6.7480102539e+02 6.7484100342e+02 6.7486700439e+02 6.7490899658e+02 6.7496697998e+02 6.7502801514e+02 6.7507800293e+02 6.7513201904e+02 6.7518798828e+02 6.7523297119e+02 6.7527600098e+02 6.7531597900e+02 6.7536102295e+02 6.7542102051e+02 6.7547802734e+02 6.7555902100e+02 6.7561602783e+02 6.7567602539e+02 6.7572998047e+02 6.7577197266e+02 6.7581298828e+02 6.7584698486e+02 6.7588098145e+02 6.7592797852e+02 6.7595501709e+02 6.7598797607e+02 6.7603302002e+02 6.7606298828e+02 6.7609197998e+02 6.7612902832e+02 6.7617401123e+02 6.7622302246e+02 6.7626300049e+02 6.7630200195e+02 6.7632800293e+02 6.7636199951e+02 6.7640899658e+02 6.7646301270e+02 6.7650701904e+02 6.7654797363e+02 6.7660101318e+02 6.7667602539e+02 6.7675799561e+02 6.7683197021e+02 6.7691900635e+02
