TESTSERVER/20/8.asc
NCOLS 100
NROWS 100
XLLCORNER 8.4997500000e+03
YLLCORNER 2.8955025000e+05
CELLSIZE 5.0000000000e-01
NODATA_VALUE -9.9990000000e+03
[rows 60 to 79 of 100, columns 0 to 45 of 100]
6.7284100342e+02 6.7286602783e+02 6.7289501953e+02 6.7294000244e+02 6.7297399902e+02 6.7300402832e+02 6.7301800537e+02 6.7303002930e+02 6.7303997803e+02 6.7306201172e+02 6.7307897949e+02 6.7309997559e+02 6.7312902832e+02 6.7314202881e+02 6.7315100098e+02 6.7315802002e+02 6.7318402100e+02 6.7320697021e+02 6.7322998047e+02 6.7327099609e+02 6.7331701660e+02 6.7335601807e+02 6.7339300537e+02 6.7341302490e+02 6.7344799805e+02 6.7352301025e+02 6.7360198975e+02 6.7365502930e+02 6.7367700195e+02 6.7375000000e+02 6.7384399414e+02 6.7392297363e+02 6.7395697021e+02 6.7409399414e+02 6.7414398193e+02 6.7415197754e+02 6.7419000244e+02 6.7426000977e+02 6.7433898926e+02 6.7440600586e+02 6.7446301270e+02 6.7451800537e+02 6.7455401611e+02 6.7458599854e+02 6.7462402344e+02 6.7465600586e+02
6.7278900146e+02 6.7281799316e+02 6.7285302734e+02 6.7289501953e+02 6.7291998291e+02 6.7294000244e+02 6.7295697021e+02 6.7297497559e+02 6.7299298096e+02 6.7302801514e+02 6.7305401611e+02 6.7306701660e+02 6.7309002686e+02 6.7309399414e+02 6.7310797119e+02 6.7311999512e+02 6.7315002441e+02 6.7317797852e+02 6.7319500732e+02 6.7322100830e+02 6.7325897217e+02 6.7330200195e+02 6.7335797119e+02 6.7338598633e+02 6.7341900635e+02 6.7347998047e+02 6.7355401611e+02 6.7361401367e+02 6.7364501953e+02 6.7369000244e+02 6.7376098633e+02 6.7384197998e+02 6.7390698242e+02 6.7400299072e+02 6.7399902344e+02 6.7403497314e+02 6.7412097168e+02 6.7419500732e+02 6.7426898193e+02 6.7434002686e+02 6.7441101074e+02 6.7445800781e+02 6.7448999023e+02 6.7451000977e+02 6.7454400635e+02 6.7458197021e+02
6.7274298096e+02 6.7277502441e+02 6.7280999756e+02 6.7284197998e+02 6.7286297607e+02 6.7288800049e+02 6.7290997314e+02 6.7292999268e+02 6.7295202637e+02 6.7298297119e+02 6.7301098633e+02 6.7301800537e+02 6.7303997803e+02 6.7304797363e+02 6.7306896973e+02 6.7308502197e+02 6.7310400391e+02 6.7314001465e+02 6.7316400146e+02 6.7318701172e+02 6.7321697998e+02 6.7326397705e+02 6.7332501221e+02 6.7335302734e+02 6.7339001465e+02 6.7343298340e+02 6.7348797607e+02 6.7354400635e+02 6.7358001709e+02 6.7361901855e+02 6.7367700195e+02 6.7375097656e+02 6.7385498047e+02 6.7394000244e+02 6.7389898682e+02 6.7395202637e+02 6.7409100342e+02 6.7417102051e+02 6.7422698975e+02 6.7428399658e+02 6.7435198975e+02 6.7438702393e+02 6.7441802979e+02 6.7444396973e+02 6.7447601318e+02 6.7450799561e+02
6.7269396973e+02 6.7273699951e+02 6.7277398682e+02 6.7279797363e+02 6.7281298828e+02 6.7284497070e+02 6.7287597656e+02 6.7290399170e+02 6.7292999268e+02 6.7294500732e+02 6.7296801758e+02 6.7297198486e+02 6.7298797607e+02 6.7300299072e+02 6.7302197266e+02 6.7303698730e+02 6.7305297852e+02 6.7309899902e+02 6.7313000488e+02 6.7315399170e+02 6.7318798828e+02 6.7322802734e+02 6.7328302002e+02 6.7330999756e+02 6.7335101318e+02 6.7338299561e+02 6.7342102051e+02 6.7347302246e+02 6.7352001953e+02 6.7357299805e+02 6.7362402344e+02 6.7368499756e+02 6.7380200195e+02 6.7390100098e+02 6.7386199951e+02 6.7391601563e+02 6.7405999756e+02 6.7411499023e+02 6.7416699219e+02 6.7422601318e+02 6.7427801514e+02 6.7431298828e+02 6.7434899902e+02 6.7438500977e+02 6.7441497803e+02 6.7444500732e+02
6.7262298584e+02 6.7268200684e+02 6.7272900391e+02 6.7275897217e+02 6.7277398682e+02 6.7279602051e+02 6.7282800293e+02 6.7285998535e+02 6.7288397217e+02 6.7290002441e+02 6.7291802979e+02 6.7292797852e+02 6.7294897461e+02 6.7295898438e+02 6.7297802734e+02 6.7299200439e+02 6.7301300049e+02 6.7304901123e+02 6.7307702637e+02 6.7310797119e+02 6.7313598633e+02 6.7317199707e+02 6.7322900391e+02 6.7326898193e+02 6.7329998779e+02 6.7334802246e+02 6.7340002441e+02 6.7346002197e+02 6.7351800537e+02 6.7355401611e+02 6.7359899902e+02 6.7366601563e+02 6.7378497314e+02 6.7386499023e+02 6.7383300781e+02 6.7387500000e+02 6.7401300049e+02 6.7402899170e+02 6.7409600830e+02 6.7416802979e+02 6.7419500732e+02 6.7424401855e+02 6.7428302002e+02 6.7432202148e+02 6.7434600830e+02 6.7438397217e+02
6.7256799316e+02 6.7263000488e+02 6.7267401123e+02 6.7270501709e+02 6.7272698975e+02 6.7275701904e+02 6.7278002930e+02 6.7280603027e+02 6.7283697510e+02 6.7284997559e+02 6.7286798096e+02 6.7287902832e+02 6.7289801025e+02 6.7291900635e+02 6.7293402100e+02 6.7294702148e+02 6.7296502686e+02 6.7300299072e+02 6.7302697754e+02 6.7306500244e+02 6.7309698486e+02 6.7313702393e+02 6.7318902588e+02 6.7322998047e+02 6.7327899170e+02 6.7332299805e+02 6.7336602783e+02 6.7340002441e+02 6.7343499756e+02 6.7347601318e+02 6.7353002930e+02 6.7361700439e+02 6.7371502686e+02 6.7381402588e+02 6.7378997803e+02 6.7377899170e+02 6.7392102051e+02 6.7397100830e+02 6.7402099609e+02 6.7408599854e+02 6.7412402344e+02 6.7417602539e+02 6.7422302246e+02 6.7427001953e+02 6.7429101563e+02 6.7432800293e+02
6.7250799561e+02 6.7256799316e+02 6.7261401367e+02 6.7264599609e+02 6.7267498779e+02 6.7271197510e+02 6.7273602295e+02 6.7275598145e+02 6.7278900146e+02 6.7280499268e+02 6.7283099365e+02 6.7284100342e+02 6.7285101318e+02 6.7287799072e+02 6.7288397217e+02 6.7290600586e+02 6.7292999268e+02 6.7295397949e+02 6.7296398926e+02 6.7300097656e+02 6.7305902100e+02 6.7310101318e+02 6.7314300537e+02 6.7318402100e+02 6.7323297119e+02 6.7327197266e+02 6.7330902100e+02 6.7333502197e+02 6.7336798096e+02 6.7340997314e+02 6.7345898438e+02 6.7354199219e+02 6.7362701416e+02 6.7371997070e+02 6.7370599365e+02 6.7362597656e+02 6.7373699951e+02 6.7388397217e+02 6.7393200684e+02 6.7399499512e+02 6.7404602051e+02 6.7409997559e+02 6.7415100098e+02 6.7419799805e+02 6.7421600342e+02 6.7425097656e+02
6.7245001221e+02 6.7249200439e+02 6.7254101563e+02 6.7258001709e+02 6.7261297607e+02 6.7265197754e+02 6.7268402100e+02 6.7270397949e+02 6.7273602295e+02 6.7276098633e+02 6.7279400635e+02 6.7280200195e+02 6.7280700684e+02 6.7283197021e+02 6.7284197998e+02 6.7286999512e+02 6.7289202881e+02 6.7291400146e+02 6.7292401123e+02 6.7296099854e+02 6.7301300049e+02 6.7303997803e+02 6.7307397461e+02 6.7311999512e+02 6.7316302490e+02 6.7320397949e+02 6.7325201416e+02 6.7328997803e+02 6.7332000732e+02 6.7335198975e+02 6.7339801025e+02 6.7346899414e+02 6.7354699707e+02 6.7363098145e+02 6.7365399170e+02 6.7354998779e+02 6.7355999756e+02 6.7376397705e+02 6.7381402588e+02 6.7387902832e+02 6.7394396973e+02 6.7401000977e+02 6.7405798340e+02 6.7409698486e+02 6.7412500000e+02 6.7416400146e+02
6.7239099121e+02 6.7242700195e+02 6.7246899414e+02 6.7251098633e+02 6.7253601074e+02 6.7258398438e+02 6.7261901855e+02 6.7264202881e+02 6.7268597412e+02 6.7271197510e+02 6.7273901367e+02 6.7275000000e+02 6.7276599121e+02 6.7279101563e+02 6.7280401611e+02 6.7282000732e+02 6.7283898926e+02 6.7286901855e+02 6.7288397217e+02 6.7291601563e+02 6.7294702148e+02 6.7297601318e+02 6.7301898193e+02 6.7307098389e+02 6.7310699463e+02 6.7314300537e+02 6.7319702148e+02 6.7324298096e+02 6.7326300049e+02 6.7329699707e+02 6.7335302734e+02 6.7341302490e+02 6.7347900391e+02 6.7354901123e+02 6.7360900879e+02 6.7355499268e+02 6.7343902588e+02 6.7365002441e+02 6.7372100830e+02 6.7376202393e+02 6.7382202148e+02 6.7389202881e+02 6.7393701172e+02 6.7397198486e+02 6.7401000977e+02 6.7405200195e+02
6.7231799316e+02 6.7236199951e+02 6.7239501953e+02 6.7243298340e+02 6.7247698975e+02 6.7252398682e+02 6.7255401611e+02 6.7258197021e+02 6.7262402344e+02 6.7264300537e+02 6.7266802979e+02 6.7269000244e+02 6.7271099854e+02 6.7272601318e+02 6.7274298096e+02 6.7276501465e+02 6.7278802490e+02 6.7281799316e+02 6.7283398438e+02 6.7286401367e+02 6.7289501953e+02 6.7291998291e+02 6.7296099854e+02 6.7300000000e+02 6.7303900146e+02 6.7308300781e+02 6.7313299561e+02 6.7317999268e+02 6.7320501709e+02 6.7323797607e+02 6.7328997803e+02 6.7334698486e+02 6.7340100098e+02 6.7346099854e+02 6.7352398682e+02 6.7353997803e+02 6.7344097900e+02 6.7349597168e+02 6.7358398438e+02 6.7364398193e+02 6.7370202637e+02 6.7376898193e+02 6.7382000732e+02 6.7385699463e+02 6.7388800049e+02 6.7393402100e+02
6.7223297119e+02 6.7228698730e+02 6.7232897949e+02 6.7236401367e+02 6.7240399170e+02 6.7245098877e+02 6.7248297119e+02 6.7251800537e+02 6.7255700684e+02 6.7257000732e+02 6.7259301758e+02 6.7261999512e+02 6.7264898682e+02 6.7266900635e+02 6.7268597412e+02 6.7271002197e+02 6.7273297119e+02 6.7276000977e+02 6.7278198242e+02 6.7281298828e+02 6.7284997559e+02 6.7287097168e+02 6.7289898682e+02 6.7293402100e+02 6.7298101807e+02 6.7302099609e+02 6.7306201172e+02 6.7310699463e+02 6.7315002441e+02 6.7318200684e+02 6.7322100830e+02 6.7327001953e+02 6.7331896973e+02 6.7338897705e+02 6.7344201660e+02 6.7349700928e+02 6.7347698975e+02 6.7337701416e+02 6.7343402100e+02 6.7353002930e+02 6.7357202148e+02 6.7363299561e+02 6.7368902588e+02 6.7373297119e+02 6.7376397705e+02 6.7380499268e+02
6.7215100098e+02 6.7220697021e+02 6.7226098633e+02 6.7229998779e+02 6.7232800293e+02 6.7236199951e+02 6.7239599609e+02 6.7244201660e+02 6.7249102783e+02 6.7250402832e+02 6.7252502441e+02 6.7254998779e+02 6.7257702637e+02 6.7260302734e+02 6.7261798096e+02 6.7263598633e+02 6.7266601563e+02 6.7270397949e+02 6.7273101807e+02 6.7275701904e+02 6.7279602051e+02 6.7281500244e+02 6.7283398438e+02 6.7287500000e+02 6.7292901611e+02 6.7296997070e+02 6.7300500488e+02 6.7304302979e+02 6.7309002686e+02 6.7312200928e+02 6.7315698242e+02 6.7320098877e+02 6.7324401855e+02 6.7331701660e+02 6.7335900879e+02 6.7340997314e+02 6.7343701172e+02 6.7327099609e+02 6.7328802490e+02 6.7340997314e+02 6.7345397949e+02 6.7350299072e+02 6.7355603027e+02 6.7360302734e+02 6.7363598633e+02 6.7367297363e+02
6.7207501221e+02 6.7213000488e+02 6.7218103027e+02 6.7221997070e+02 6.7225897217e+02 6.7228302002e+02 6.7231701660e+02 6.7236798096e+02 6.7241802979e+02 6.7242999268e+02 6.7245599365e+02 6.7248199463e+02 6.7251098633e+02 6.7253601074e+02 6.7255700684e+02 6.7257299805e+02 6.7259600830e+02 6.7264898682e+02 6.7267297363e+02 6.7268499756e+02 6.7271197510e+02 6.7274499512e+02 6.7277600098e+02 6.7282098389e+02 6.7286102295e+02 6.7290802002e+02 6.7295098877e+02 6.7298699951e+02 6.7302001953e+02 6.7305999756e+02 6.7310601807e+02 6.7315100098e+02 6.7318103027e+02 6.7323101807e+02 6.7328002930e+02 6.7332800293e+02 6.7335498047e+02 6.7322601318e+02 6.7317602539e+02 6.7327801514e+02 6.7336102295e+02 6.7339099121e+02 6.7343298340e+02 6.7348101807e+02 6.7350799561e+02 6.7355499268e+02
6.7199499512e+02 6.7204199219e+02 6.7209100342e+02 6.7212902832e+02 6.7216101074e+02 6.7220898438e+02 6.7225097656e+02 6.7228802490e+02 6.7232897949e+02 6.7235498047e+02 6.7237799072e+02 6.7239697266e+02 6.7243200684e+02 6.7246801758e+02 6.7250000000e+02 6.7252099609e+02 6.7253198242e+02 6.7257202148e+02 6.7259997559e+02 6.7263000488e+02 6.7265899658e+02 6.7269000244e+02 6.7272302246e+02 6.7276702881e+02 6.7280401611e+02 6.7283099365e+02 6.7287097168e+02 6.7291302490e+02 6.7294396973e+02 6.7298199463e+02 6.7303997803e+02 6.7309301758e+02 6.7311901855e+02 6.7316601563e+02 6.7321600342e+02 6.7326397705e+02 6.7330902100e+02 6.7325799561e+02 6.7316302490e+02 6.7318902588e+02 6.7325701904e+02 6.7328198242e+02 6.7332299805e+02 6.7337097168e+02 6.7338000488e+02 6.7343902588e+02
6.7190399170e+02 6.7195599365e+02 6.7200598145e+02 6.7204699707e+02 6.7207501221e+02 6.7212097168e+02 6.7216900635e+02 6.7221002197e+02 6.7225000000e+02 6.7228100586e+02 6.7229998779e+02 6.7232000732e+02 6.7235900879e+02 6.7240100098e+02 6.7242999268e+02 6.7245098877e+02 6.7246600342e+02 6.7250500488e+02 6.7253601074e+02 6.7257098389e+02 6.7259698486e+02 6.7262701416e+02 6.7265899658e+02 6.7270697021e+02 6.7274401855e+02 6.7276599121e+02 6.7280200195e+02 6.7284497070e+02 6.7287597656e+02 6.7291302490e+02 6.7296997070e+02 6.7302502441e+02 6.7306097412e+02 6.7310302734e+02 6.7314599609e+02 6.7319702148e+02 6.7324597168e+02 6.7324700928e+02 6.7314202881e+02 6.7309899902e+02 6.7316302490e+02 6.7319702148e+02 6.7323199463e+02 6.7327600098e+02 6.7327697754e+02 6.7332598877e+02
6.7182397461e+02 6.7187200928e+02 6.7191802979e+02 6.7196099854e+02 6.7199401855e+02 6.7203997803e+02 6.7208898926e+02 6.7213098145e+02 6.7216900635e+02 6.7219897461e+02 6.7222302246e+02 6.7225201416e+02 6.7228997803e+02 6.7232702637e+02 6.7234997559e+02 6.7237402344e+02 6.7239801025e+02 6.7243499756e+02 6.7247100830e+02 6.7250402832e+02 6.7251898193e+02 6.7255902100e+02 6.7259600830e+02 6.7264099121e+02 6.7267797852e+02 6.7270397949e+02 6.7274499512e+02 6.7278900146e+02 6.7282299805e+02 6.7286102295e+02 6.7290899658e+02 6.7295898438e+02 6.7300299072e+02 6.7304699707e+02 6.7309002686e+02 6.7313702393e+02 6.7317700195e+02 6.7321002197e+02 6.7312799072e+02 6.7303997803e+02 6.7308898926e+02 6.7313702393e+02 6.7316198730e+02 6.7320300293e+02 6.7322998047e+02 6.7325201416e+02
6.7174902344e+02 6.7178198242e+02 6.7182702637e+02 6.7187097168e+02 6.7190698242e+02 6.7196697998e+02 6.7201202393e+02 6.7204797363e+02 6.7208599854e+02 6.7211199951e+02 6.7214697266e+02 6.7218402100e+02 6.7221997070e+02 6.7225299072e+02 6.7227099609e+02 6.7230401611e+02 6.7234802246e+02 6.7237500000e+02 6.7240600586e+02 6.7243597412e+02 6.7245001221e+02 6.7248797607e+02 6.7252899170e+02 6.7257098389e+02 6.7261901855e+02 6.7263500977e+02 6.7267297363e+02 6.7272497559e+02 6.7277398682e+02 6.7280603027e+02 6.7284997559e+02 6.7289898682e+02 6.7294201660e+02 6.7300097656e+02 6.7304302979e+02 6.7307897949e+02 6.7312298584e+02 6.7318200684e+02 6.7314599609e+02 6.7302301025e+02 6.7300097656e+02 6.7310498047e+02 6.7312402344e+02 6.7315698242e+02 6.7319500732e+02 6.7320599365e+02
6.7166601563e+02 6.7170501709e+02 6.7175000000e+02 6.7179101563e+02 6.7183001709e+02 6.7189300537e+02 6.7193402100e+02 6.7196801758e+02 6.7200000000e+02 6.7204101563e+02 6.7209698486e+02 6.7213201904e+02 6.7215399170e+02 6.7218597412e+02 6.7220501709e+02 6.7222802734e+02 6.7226300049e+02 6.7230902100e+02 6.7233898926e+02 6.7236700439e+02 6.7238598633e+02 6.7242199707e+02 6.7246301270e+02 6.7250598145e+02 6.7254998779e+02 6.7257202148e+02 6.7260601807e+02 6.7265600586e+02 6.7270397949e+02 6.7274499512e+02 6.7278997803e+02 6.7283898926e+02 6.7288201904e+02 6.7294396973e+02 6.7298797607e+02 6.7302301025e+02 6.7306201172e+02 6.7313598633e+02 6.7313702393e+02 6.7300598145e+02 6.7292602539e+02 6.7307000732e+02 6.7310797119e+02 6.7312701416e+02 6.7314398193e+02 6.7315399170e+02
6.7158697510e+02 6.7163098145e+02 6.7166900635e+02 6.7170898438e+02 6.7174798584e+02 6.7180499268e+02 6.7184399414e+02 6.7188000488e+02 6.7191601563e+02 6.7195599365e+02 6.7200701904e+02 6.7204901123e+02 6.7208300781e+02 6.7212200928e+02 6.7214599609e+02 6.7216601563e+02 6.7219396973e+02 6.7224597168e+02 6.7227197266e+02 6.7230200195e+02 6.7233801270e+02 6.7236297607e+02 6.7238897705e+02 6.7242498779e+02 6.7246398926e+02 6.7250598145e+02 6.7254901123e+02 6.7259497070e+02 6.7262902832e+02 6.7266497803e+02 6.7271099854e+02 6.7276800537e+02 6.7282299805e+02 6.7287097168e+02 6.7291601563e+02 6.7296197510e+02 6.7299298096e+02 6.7305297852e+02 6.7308001709e+02 6.7298999023e+02 6.7289300537e+02 6.7303900146e+02 6.7310101318e+02 6.7310601807e+02 6.7311999512e+02 6.7313500977e+02
6.7150201416e+02 6.7154602051e+02 6.7158898926e+02 6.7163000488e+02 6.7166601563e+02 6.7172100830e+02 6.7176397705e+02 6.7179998779e+02 6.7184399414e+02 6.7187701416e+02 6.7191900635e+02 6.7196697998e+02 6.7201000977e+02 6.7205102539e+02 6.7208300781e+02 6.7211102295e+02 6.7214001465e+02 6.7217797852e+02 6.7220697021e+02 6.7223999023e+02 6.7227197266e+02 6.7229199219e+02 6.7231298828e+02 6.7234997559e+02 6.7238299561e+02 6.7243103027e+02 6.7247900391e+02 6.7252600098e+02 6.7255401611e+02 6.7259100342e+02 6.7264202881e+02 6.7270501709e+02 6.7276098633e+02 6.7280603027e+02 6.7285302734e+02 6.7290600586e+02 6.7292901611e+02 6.7297698975e+02 6.7301702881e+02 6.7296301270e+02 6.7285601807e+02 6.7296600342e+02 6.7309802246e+02 6.7312500000e+02 6.7313299561e+02 6.7316302490e+02
