TESTSERVER/20/9.asc
NCOLS 100
NROWS 100
XLLCORNER 8.4997500000e+03
YLLCORNER 2.8950025000e+05
CELLSIZE 5.0000000000e-01
NODATA_VALUE -9.9990000000e+03
[rows 20 to 39 of 100, columns 46 to 91 of 100]
6.6531701660e+02 6.6517999268e+02 6.6503399658e+02 6.6495800781e+02 6.6491302490e+02 6.6485797119e+02 6.6474499512e+02 6.6458697510e+02 6.6446697998e+02 6.6433502197e+02 6.6415399170e+02 6.6390600586e+02 6.6381799316e+02 6.6400402832e+02 6.6445098877e+02 6.6494299316e+02 6.6537097168e+02 6.6571502686e+02 6.6599902344e+02 6.6619897461e+02 6.6631701660e+02 6.6638201904e+02 6.6647900391e+02 6.6661901855e+02 6.6673400879e+02 6.6687402344e+02 6.6704400635e+02 6.6724798584e+02 6.6750000000e+02 6.6778802490e+02 6.6809497070e+02 6.6835699463e+02 6.6864801025e+02 6.6894097900e+02 6.6925000000e+02 6.6942797852e+02 6.6963800049e+02 6.6990100098e+02 6.7021502686e+02 6.7048999023e+02 6.7078802490e+02 6.7110302734e+02 6.7135900879e+02 6.7156402588e+02 6.7165197754e+02 6.7169500732e+02
6.6507702637e+02 6.6499401855e+02 6.6493103027e+02 6.6487799072e+02 6.6478601074e+02 6.6467297363e+02 6.6452801514e+02 6.6432202148e+02 6.6414801025e+02 6.6402197266e+02 6.6395697021e+02 6.6388897705e+02 6.6395397949e+02 6.6428802490e+02 6.6479199219e+02 6.6525201416e+02 6.6563299561e+02 6.6588800049e+02 6.6602502441e+02 6.6612500000e+02 6.6621099854e+02 6.6628601074e+02 6.6642700195e+02 6.6656097412e+02 6.6671301270e+02 6.6695001221e+02 6.6721997070e+02 6.6743103027e+02 6.6770898438e+02 6.6804302979e+02 6.6840600586e+02 6.6873297119e+02 6.6901202393e+02 6.6928698730e+02 6.6960601807e+02 6.6986700439e+02 6.7008398438e+02 6.7032098389e+02 6.7055102539e+02 6.7075799561e+02 6.7099902344e+02 6.7123901367e+02 6.7146301270e+02 6.7161297607e+02 6.7168701172e+02 6.7173498535e+02
6.6488800049e+02 6.6484100342e+02 6.6478601074e+02 6.6470300293e+02 6.6456500244e+02 6.6441802979e+02 6.6423901367e+02 6.6397198486e+02 6.6377301025e+02 6.6369201660e+02 6.6375500488e+02 6.6390197754e+02 6.6415399170e+02 6.6459301758e+02 6.6509100342e+02 6.6545001221e+02 6.6574401855e+02 6.6589697266e+02 6.6596600342e+02 6.6604400635e+02 6.6614300537e+02 6.6626702881e+02 6.6643298340e+02 6.6658599854e+02 6.6686499023e+02 6.6727001953e+02 6.6758197021e+02 6.6779101563e+02 6.6808502197e+02 6.6842901611e+02 6.6880102539e+02 6.6911297607e+02 6.6936102295e+02 6.6960400391e+02 6.6988098145e+02 6.7013000488e+02 6.7033697510e+02 6.7055401611e+02 6.7076599121e+02 6.7094897461e+02 6.7113598633e+02 6.7131701660e+02 6.7148400879e+02 6.7159698486e+02 6.7166400146e+02 6.7172198486e+02
6.6472802734e+02 6.6467901611e+02 6.6458398438e+02 6.6442999268e+02 6.6426202393e+02 6.6411602783e+02 6.6393200684e+02 6.6364099121e+02 6.6345501709e+02 6.6343798828e+02 6.6359197998e+02 6.6391198730e+02 6.6432397461e+02 6.6483502197e+02 6.6533599854e+02 6.6562097168e+02 6.6577899170e+02 6.6583502197e+02 6.6588800049e+02 6.6598400879e+02 6.6612200928e+02 6.6631500244e+02 6.6651599121e+02 6.6676800537e+02 6.6728601074e+02 6.6789398193e+02 6.6813299561e+02 6.6827697754e+02 6.6857897949e+02 6.6891699219e+02 6.6923699951e+02 6.6947100830e+02 6.6966400146e+02 6.6985601807e+02 6.7007501221e+02 6.7027600098e+02 6.7045300293e+02 6.7064398193e+02 6.7086102295e+02 6.7103997803e+02 6.7118597412e+02 6.7132098389e+02 6.7144897461e+02 6.7155297852e+02 6.7162701416e+02 6.7169598389e+02
6.6452502441e+02 6.6444299316e+02 6.6433300781e+02 6.6414099121e+02 6.6394897461e+02 6.6380798340e+02 6.6369396973e+02 6.6342999268e+02 6.6329199219e+02 6.6333697510e+02 6.6357598877e+02 6.6401397705e+02 6.6454699707e+02 6.6509698486e+02 6.6552197266e+02 6.6566601563e+02 6.6570898438e+02 6.6574499512e+02 6.6584600830e+02 6.6597998047e+02 6.6616699219e+02 6.6641900635e+02 6.6670202637e+02 6.6723101807e+02 6.6791198730e+02 6.6853601074e+02 6.6879998779e+02 6.6885998535e+02 6.6915600586e+02 6.6946002197e+02 6.6965502930e+02 6.6972100830e+02 6.6985302734e+02 6.7002001953e+02 6.7024499512e+02 6.7036700439e+02 6.7049798584e+02 6.7065997314e+02 6.7085797119e+02 6.7104400635e+02 6.7117498779e+02 6.7128497314e+02 6.7138800049e+02 6.7149597168e+02 6.7158099365e+02 6.7166101074e+02
6.6427801514e+02 6.6416198730e+02 6.6404400635e+02 6.6383398438e+02 6.6361199951e+02 6.6346002197e+02 6.6342102051e+02 6.6330401611e+02 6.6329302979e+02 6.6348901367e+02 6.6382800293e+02 6.6426202393e+02 6.6480700684e+02 6.6526599121e+02 6.6547802734e+02 6.6553802490e+02 6.6557000732e+02 6.6565399170e+02 6.6581298828e+02 6.6601898193e+02 6.6628698730e+02 6.6664898682e+02 6.6714898682e+02 6.6781597900e+02 6.6843597412e+02 6.6889099121e+02 6.6913598633e+02 6.6932202148e+02 6.6956298828e+02 6.6977197266e+02 6.6984301758e+02 6.6984997559e+02 6.6997100830e+02 6.7013397217e+02 6.7030499268e+02 6.7042297363e+02 6.7054498291e+02 6.7068902588e+02 6.7085198975e+02 6.7101501465e+02 6.7115197754e+02 6.7124700928e+02 6.7129901123e+02 6.7138702393e+02 6.7148699951e+02 6.7158898926e+02
6.6403900146e+02 6.6388702393e+02 6.6371398926e+02 6.6345300293e+02 6.6322302246e+02 6.6309497070e+02 6.6312902832e+02 6.6319897461e+02 6.6338098145e+02 6.6373901367e+02 6.6415899658e+02 6.6455603027e+02 6.6500500488e+02 6.6528900146e+02 6.6535400391e+02 6.6540197754e+02 6.6548199463e+02 6.6562597656e+02 6.6583300781e+02 6.6613702393e+02 6.6652001953e+02 6.6703002930e+02 6.6765100098e+02 6.6827197266e+02 6.6877502441e+02 6.6910302734e+02 6.6932598877e+02 6.6954101563e+02 6.6973101807e+02 6.6987200928e+02 6.6990100098e+02 6.6991802979e+02 6.7001898193e+02 6.7015600586e+02 6.7029901123e+02 6.7042401123e+02 6.7054498291e+02 6.7066900635e+02 6.7078302002e+02 6.7091699219e+02 6.7105499268e+02 6.7115197754e+02 6.7120300293e+02 6.7129101563e+02 6.7139898682e+02 6.7150799561e+02
6.6377697754e+02 6.6358001709e+02 6.6331799316e+02 6.6301501465e+02 6.6281701660e+02 6.6275097656e+02 6.6284197998e+02 6.6309197998e+02 6.6349200439e+02 6.6400000000e+02 6.6448199463e+02 6.6480902100e+02 6.6508502197e+02 6.6520697021e+02 6.6522399902e+02 6.6529901123e+02 6.6544500732e+02 6.6566601563e+02 6.6594702148e+02 6.6636901855e+02 6.6686798096e+02 6.6747998047e+02 6.6808502197e+02 6.6855700684e+02 6.6891900635e+02 6.6917498779e+02 6.6940197754e+02 6.6959197998e+02 6.6973901367e+02 6.6983398438e+02 6.6986199951e+02 6.6989898682e+02 6.6998498535e+02 6.7010302734e+02 6.7024102783e+02 6.7036999512e+02 6.7048400879e+02 6.7059100342e+02 6.7067199707e+02 6.7077899170e+02 6.7091601563e+02 6.7102899170e+02 6.7111901855e+02 6.7121899414e+02 6.7132501221e+02 6.7142700195e+02
6.6347399902e+02 6.6320001221e+02 6.6286901855e+02 6.6261602783e+02 6.6246502686e+02 6.6247900391e+02 6.6267102051e+02 6.6307800293e+02 6.6365802002e+02 6.6423199463e+02 6.6467700195e+02 6.6491601563e+02 6.6503198242e+02 6.6508300781e+02 6.6514801025e+02 6.6524902344e+02 6.6545001221e+02 6.6576098633e+02 6.6617797852e+02 6.6666497803e+02 6.6724401855e+02 6.6785699463e+02 6.6837402344e+02 6.6868103027e+02 6.6894598389e+02 6.6918402100e+02 6.6939501953e+02 6.6956402588e+02 6.6968597412e+02 6.6975799561e+02 6.6979797363e+02 6.6982501221e+02 6.6990100098e+02 6.7001098633e+02 6.7014099121e+02 6.7026898193e+02 6.7037597656e+02 6.7047698975e+02 6.7056701660e+02 6.7067102051e+02 6.7079901123e+02 6.7092297363e+02 6.7104602051e+02 6.7115802002e+02 6.7125500488e+02 6.7134497070e+02
6.6315600586e+02 6.6288702393e+02 6.6259100342e+02 6.6235900879e+02 6.6227099609e+02 6.6240600586e+02 6.6278900146e+02 6.6340600586e+02 6.6396997070e+02 6.6438201904e+02 6.6471502686e+02 6.6489300537e+02 6.6494201660e+02 6.6498602295e+02 6.6508099365e+02 6.6524200439e+02 6.6556896973e+02 6.6601599121e+02 6.6651000977e+02 6.6703198242e+02 6.6758300781e+02 6.6809600830e+02 6.6844500732e+02 6.6867498779e+02 6.6896002197e+02 6.6920202637e+02 6.6935198975e+02 6.6949597168e+02 6.6960498047e+02 6.6967199707e+02 6.6971099854e+02 6.6975402832e+02 6.6983801270e+02 6.6994201660e+02 6.7004998779e+02 6.7015802002e+02 6.7026000977e+02 6.7036199951e+02 6.7047302246e+02 6.7058502197e+02 6.7070397949e+02 6.7082800293e+02 6.7096002197e+02 6.7108398438e+02 6.7117401123e+02 6.7124902344e+02
6.6281799316e+02 6.6262097168e+02 6.6242199707e+02 6.6226202393e+02 6.6228601074e+02 6.6254199219e+02 6.6303802490e+02 6.6376000977e+02 6.6424298096e+02 6.6449597168e+02 6.6471801758e+02 6.6481402588e+02 6.6482202148e+02 6.6487902832e+02 6.6501300049e+02 6.6529302979e+02 6.6578601074e+02 6.6636499023e+02 6.6688598633e+02 6.6736102295e+02 6.6780999756e+02 6.6819000244e+02 6.6842901611e+02 6.6864599609e+02 6.6892797852e+02 6.6916601563e+02 6.6929699707e+02 6.6940698242e+02 6.6949902344e+02 6.6956597900e+02 6.6961700439e+02 6.6968701172e+02 6.6978698730e+02 6.6988500977e+02 6.6997198486e+02 6.7007202148e+02 6.7017199707e+02 6.7027502441e+02 6.7038702393e+02 6.7049700928e+02 6.7061297607e+02 6.7073400879e+02 6.7086102295e+02 6.7098699951e+02 6.7107202148e+02 6.7113800049e+02
6.6245697021e+02 6.6236602783e+02 6.6230798340e+02 6.6227502441e+02 6.6242901611e+02 6.6278997803e+02 6.6335302734e+02 6.6402502441e+02 6.6439501953e+02 6.6454101563e+02 6.6467401123e+02 6.6470800781e+02 6.6471398926e+02 6.6480603027e+02 6.6497601318e+02 6.6538299561e+02 6.6602697754e+02 6.6671002197e+02 6.6722399902e+02 6.6758801270e+02 6.6790399170e+02 6.6816699219e+02 6.6836602783e+02 6.6858599854e+02 6.6884197998e+02 6.6906896973e+02 6.6923199463e+02 6.6931701660e+02 6.6939099121e+02 6.6946301270e+02 6.6953100586e+02 6.6962097168e+02 6.6972900391e+02 6.6981799316e+02 6.6989001465e+02 6.6998602295e+02 6.7008697510e+02 6.7019097900e+02 6.7029901123e+02 6.7040899658e+02 6.7052502441e+02 6.7063702393e+02 6.7075000000e+02 6.7087097168e+02 6.7095501709e+02 6.7101702881e+02
6.6209301758e+02 6.6208001709e+02 6.6214501953e+02 6.6230999756e+02 6.6259497070e+02 6.6304901123e+02 6.6369299316e+02 6.6414501953e+02 6.6441198730e+02 6.6452600098e+02 6.6458398438e+02 6.6460101318e+02 6.6462902832e+02 6.6475097656e+02 6.6497601318e+02 6.6549298096e+02 6.6620697021e+02 6.6691699219e+02 6.6738800049e+02 6.6766198730e+02 6.6786798096e+02 6.6807501221e+02 6.6829797363e+02 6.6853497314e+02 6.6874597168e+02 6.6894000244e+02 6.6914501953e+02 6.6923297119e+02 6.6929199219e+02 6.6936798096e+02 6.6946002197e+02 6.6954797363e+02 6.6964001465e+02 6.6971899414e+02 6.6979400635e+02 6.6988598633e+02 6.6998699951e+02 6.7009197998e+02 6.7018597412e+02 6.7031201172e+02 6.7042700195e+02 6.7052600098e+02 6.7063201904e+02 6.7075201416e+02 6.7084002686e+02 6.7090600586e+02
6.6187402344e+02 6.6193902588e+02 6.6211297607e+02 6.6234301758e+02 6.6268499756e+02 6.6315100098e+02 6.6365698242e+02 6.6405499268e+02 6.6435101318e+02 6.6447302246e+02 6.6447900391e+02 6.6447497559e+02 6.6450799561e+02 6.6467498779e+02 6.6500799561e+02 6.6558300781e+02 6.6626599121e+02 6.6690301514e+02 6.6735302734e+02 6.6755798340e+02 6.6774298096e+02 6.6795501709e+02 6.6817700195e+02 6.6842102051e+02 6.6862902832e+02 6.6880499268e+02 6.6899200439e+02 6.6911102295e+02 6.6919500732e+02 6.6928802490e+02 6.6938702393e+02 6.6947302246e+02 6.6954699707e+02 6.6961700439e+02 6.6969299316e+02 6.6978198242e+02 6.6987799072e+02 6.6997802734e+02 6.7007598877e+02 6.7020300293e+02 6.7030999756e+02 6.7040197754e+02 6.7051000977e+02 6.7063800049e+02 6.7074401855e+02 6.7082800293e+02
6.6187402344e+02 6.6206201172e+02 6.6228002930e+02 6.6247399902e+02 6.6273602295e+02 6.6310601807e+02 6.6355499268e+02 6.6399298096e+02 6.6429699707e+02 6.6439398193e+02 6.6436499023e+02 6.6435101318e+02 6.6441400146e+02 6.6465802002e+02 6.6508001709e+02 6.6565399170e+02 6.6628198242e+02 6.6683300781e+02 6.6719897461e+02 6.6738897705e+02 6.6759100342e+02 6.6781896973e+02 6.6804302979e+02 6.6827502441e+02 6.6847998047e+02 6.6864801025e+02 6.6880902100e+02 6.6894799805e+02 6.6905999756e+02 6.6917102051e+02 6.6926702881e+02 6.6935302734e+02 6.6942901611e+02 6.6950402832e+02 6.6958398438e+02 6.6967602539e+02 6.6976702881e+02 6.6985900879e+02 6.6996002197e+02 6.7007000732e+02 6.7016900635e+02 6.7027301025e+02 6.7039099121e+02 6.7052398682e+02 6.7064801025e+02 6.7074902344e+02
6.6196197510e+02 6.6225097656e+02 6.6249401855e+02 6.6261798096e+02 6.6276000977e+02 6.6301800537e+02 6.6344299316e+02 6.6394299316e+02 6.6423901367e+02 6.6429498291e+02 6.6425000000e+02 6.6424798584e+02 6.6435699463e+02 6.6468200684e+02 6.6517102051e+02 6.6572497559e+02 6.6628302002e+02 6.6673400879e+02 6.6701702881e+02 6.6722198486e+02 6.6745001221e+02 6.6768402100e+02 6.6790399170e+02 6.6811499023e+02 6.6831799316e+02 6.6848699951e+02 6.6863098145e+02 6.6876300049e+02 6.6888397217e+02 6.6900097656e+02 6.6910302734e+02 6.6920300293e+02 6.6929901123e+02 6.6938397217e+02 6.6945501709e+02 6.6955102539e+02 6.6964599609e+02 6.6973797607e+02 6.6983801270e+02 6.6992700195e+02 6.7002899170e+02 6.7015802002e+02 6.7029101563e+02 6.7042297363e+02 6.7055902100e+02 6.7066699219e+02
6.6202001953e+02 6.6237298584e+02 6.6259899902e+02 6.6264398193e+02 6.6272399902e+02 6.6292199707e+02 6.6335302734e+02 6.6386798096e+02 6.6415600586e+02 6.6419897461e+02 6.6415301514e+02 6.6415802002e+02 6.6430297852e+02 6.6467199707e+02 6.6520300293e+02 6.6577899170e+02 6.6626800537e+02 6.6663299561e+02 6.6687298584e+02 6.6710498047e+02 6.6733801270e+02 6.6755499268e+02 6.6775500488e+02 6.6795098877e+02 6.6814099121e+02 6.6831701660e+02 6.6847198486e+02 6.6859802246e+02 6.6870697021e+02 6.6881402588e+02 6.6894000244e+02 6.6904998779e+02 6.6915698242e+02 6.6924401855e+02 6.6929498291e+02 6.6940802002e+02 6.6951898193e+02 6.6961700439e+02 6.6970800781e+02 6.6979302979e+02 6.6990600586e+02 6.7005999756e+02 6.7021197510e+02 6.7035101318e+02 6.7049102783e+02 6.7059002686e+02
6.6210400391e+02 6.6239300537e+02 6.6253698730e+02 6.6258398438e+02 6.6265301514e+02 6.6284698486e+02 6.6328698730e+02 6.6379901123e+02 6.6405700684e+02 6.6407397461e+02 6.6402600098e+02 6.6405102539e+02 6.6421099854e+02 6.6458502197e+02 6.6513299561e+02 6.6572100830e+02 6.6618701172e+02 6.6652697754e+02 6.6677001953e+02 6.6701000977e+02 6.6723797607e+02 6.6744598389e+02 6.6762597656e+02 6.6782000732e+02 6.6799298096e+02 6.6814099121e+02 6.6830700684e+02 6.6846301270e+02 6.6857397461e+02 6.6866601563e+02 6.6877600098e+02 6.6888098145e+02 6.6898297119e+02 6.6908099365e+02 6.6916900635e+02 6.6928497314e+02 6.6939300537e+02 6.6948699951e+02 6.6957299805e+02 6.6968499756e+02 6.6982800293e+02 6.6998101807e+02 6.7011602783e+02 6.7025000000e+02 6.7037097168e+02 6.7044396973e+02
6.6214898682e+02 6.6229400635e+02 6.6241101074e+02 6.6252001953e+02 6.6260101318e+02 6.6278399658e+02 6.6321301270e+02 6.6372302246e+02 6.6395001221e+02 6.6393597412e+02 6.6388800049e+02 6.6392797852e+02 6.6410797119e+02 6.6451397705e+02 6.6510998535e+02 6.6568701172e+02 6.6611901855e+02 6.6643200684e+02 6.6667102051e+02 6.6691101074e+02 6.6713299561e+02 6.6733001709e+02 6.6749902344e+02 6.6770300293e+02 6.6786700439e+02 6.6799200439e+02 6.6814099121e+02 6.6830401611e+02 6.6842401123e+02 6.6851599121e+02 6.6861499023e+02 6.6872497559e+02 6.6883197021e+02 6.6894000244e+02 6.6904498291e+02 6.6915002441e+02 6.6924700928e+02 6.6934301758e+02 6.6944598389e+02 6.6958197021e+02 6.6974102783e+02 6.6988702393e+02 6.6998999023e+02 6.7009100342e+02 6.7018200684e+02 6.7024499512e+02
6.6207397461e+02 6.6216601563e+02 6.6233197021e+02 6.6247497559e+02 6.6256097412e+02 6.6273999023e+02 6.6316497803e+02 6.6365997314e+02 6.6384698486e+02 6.6380200195e+02 6.6375000000e+02 6.6380798340e+02 6.6402099609e+02 6.6448400879e+02 6.6513201904e+02 6.6565899658e+02 6.6604498291e+02 6.6632501221e+02 6.6655603027e+02 6.6678900146e+02 6.6700500488e+02 6.6719396973e+02 6.6735601807e+02 6.6755200195e+02 6.6771301270e+02 6.6783197021e+02 6.6796600342e+02 6.6811602783e+02 6.6823699951e+02 6.6833697510e+02 6.6844799805e+02 6.6857299805e+02 6.6869500732e+02 6.6881097412e+02 6.6890899658e+02 6.6901202393e+02 6.6910998535e+02 6.6921197510e+02 6.6934100342e+02 6.6948498535e+02 6.6963500977e+02 6.6976300049e+02 6.6984197998e+02 6.6991601563e+02 6.6998999023e+02 6.7006097412e+02
