TESTSERVER/20/9.asc
NCOLS 100
NROWS 100
XLLCORNER 8.4997500000e+03
YLLCORNER 2.8950025000e+05
CELLSIZE 5.0000000000e-01
NODATA_VALUE -9.9990000000e+03
[rows 20 to 39 of 100, columns 0 to 45 of 100]
6.6708697510e+02 6.6712597656e+02 6.6717602539e+02 6.6722900391e+02 6.6729101563e+02 6.6736199951e+02 6.6742401123e+02 6.6749200439e+02 6.6757202148e+02 6.6763800049e+02 6.6770898438e+02 6.6779302979e+02 6.6789697266e+02 6.6798400879e+02 6.6806701660e+02 6.6815100098e+02 6.6823699951e+02 6.6832800293e+02 6.6841400146e+02 6.6849102783e+02 6.6856500244e+02 6.6864697266e+02 6.6871502686e+02 6.6878198242e+02 6.6886798096e+02 6.6896301270e+02 6.6899102783e+02 6.6895599365e+02 6.6888598633e+02 6.6873297119e+02 6.6862200928e+02 6.6844598389e+02 6.6821502686e+02 6.6803997803e+02 6.6784899902e+02 6.6762799072e+02 6.6738500977e+02 6.6713098145e+02 6.6693597412e+02 6.6673602295e+02 6.6648699951e+02 6.6620001221e+02 6.6597802734e+02 6.6581097412e+02 6.6560601807e+02 6.6545001221e+02
6.6696801758e+02 6.6701098633e+02 6.6706402588e+02 6.6711401367e+02 6.6716802979e+02 6.6723999023e+02 6.6729199219e+02 6.6735400391e+02 6.6743402100e+02 6.6751300049e+02 6.6758801270e+02 6.6766601563e+02 6.6776098633e+02 6.6785900879e+02 6.6794097900e+02 6.6802899170e+02 6.6812402344e+02 6.6821197510e+02 6.6830700684e+02 6.6838500977e+02 6.6845599365e+02 6.6853198242e+02 6.6860400391e+02 6.6867297363e+02 6.6878002930e+02 6.6890802002e+02 6.6891101074e+02 6.6885601807e+02 6.6876599121e+02 6.6866400146e+02 6.6858197021e+02 6.6835198975e+02 6.6807501221e+02 6.6789099121e+02 6.6768902588e+02 6.6744000244e+02 6.6713702393e+02 6.6685101318e+02 6.6667700195e+02 6.6648400879e+02 6.6623400879e+02 6.6594598389e+02 6.6566699219e+02 6.6550000000e+02 6.6534399414e+02 6.6519000244e+02
6.6683502197e+02 6.6688397217e+02 6.6693902588e+02 6.6699102783e+02 6.6704498291e+02 6.6711297607e+02 6.6716302490e+02 6.6722698975e+02 6.6730297852e+02 6.6738299561e+02 6.6746502686e+02 6.6754302979e+02 6.6763702393e+02 6.6773199463e+02 6.6780902100e+02 6.6790301514e+02 6.6800299072e+02 6.6808599854e+02 6.6818402100e+02 6.6826501465e+02 6.6833697510e+02 6.6841998291e+02 6.6848999023e+02 6.6856298828e+02 6.6867498779e+02 6.6878601074e+02 6.6877502441e+02 6.6871398926e+02 6.6862902832e+02 6.6852197266e+02 6.6839202881e+02 6.6815301514e+02 6.6791400146e+02 6.6771600342e+02 6.6749200439e+02 6.6720001221e+02 6.6685699463e+02 6.6656701660e+02 6.6639501953e+02 6.6619396973e+02 6.6594299316e+02 6.6568597412e+02 6.6540997314e+02 6.6523999023e+02 6.6510302734e+02 6.6496600342e+02
6.6670800781e+02 6.6675500488e+02 6.6680603027e+02 6.6685998535e+02 6.6692102051e+02 6.6698999023e+02 6.6704199219e+02 6.6710900879e+02 6.6717700195e+02 6.6724499512e+02 6.6732598877e+02 6.6741400146e+02 6.6751501465e+02 6.6758801270e+02 6.6766601563e+02 6.6776397705e+02 6.6786999512e+02 6.6795898438e+02 6.6805200195e+02 6.6813299561e+02 6.6820697021e+02 6.6829400635e+02 6.6836901855e+02 6.6845697021e+02 6.6856896973e+02 6.6864898682e+02 6.6861901855e+02 6.6855401611e+02 6.6848901367e+02 6.6837799072e+02 6.6821600342e+02 6.6801000977e+02 6.6777001953e+02 6.6751098633e+02 6.6725402832e+02 6.6693798828e+02 6.6660498047e+02 6.6633398438e+02 6.6613897705e+02 6.6590899658e+02 6.6563201904e+02 6.6538702393e+02 6.6516998291e+02 6.6502801514e+02 6.6489501953e+02 6.6478198242e+02
6.6659698486e+02 6.6663702393e+02 6.6668798828e+02 6.6673999023e+02 6.6679699707e+02 6.6686499023e+02 6.6691998291e+02 6.6697698975e+02 6.6704901123e+02 6.6711401367e+02 6.6719000244e+02 6.6728002930e+02 6.6737597656e+02 6.6743597412e+02 6.6752600098e+02 6.6762902832e+02 6.6772100830e+02 6.6781597900e+02 6.6790600586e+02 6.6799401855e+02 6.6809301758e+02 6.6815997314e+02 6.6823699951e+02 6.6833599854e+02 6.6843798828e+02 6.6847698975e+02 6.6842102051e+02 6.6834997559e+02 6.6831402588e+02 6.6820697021e+02 6.6807098389e+02 6.6789898682e+02 6.6759802246e+02 6.6724499512e+02 6.6695800781e+02 6.6667297363e+02 6.6640002441e+02 6.6612200928e+02 6.6587298584e+02 6.6561499023e+02 6.6533502197e+02 6.6508599854e+02 6.6490301514e+02 6.6477001953e+02 6.6467999268e+02 6.6460601807e+02
6.6648400879e+02 6.6652697754e+02 6.6657702637e+02 6.6662298584e+02 6.6667102051e+02 6.6673297119e+02 6.6678802490e+02 6.6683697510e+02 6.6690301514e+02 6.6696997070e+02 6.6705499268e+02 6.6715002441e+02 6.6724401855e+02 6.6730603027e+02 6.6739099121e+02 6.6748999023e+02 6.6758099365e+02 6.6767797852e+02 6.6777197266e+02 6.6784899902e+02 6.6793597412e+02 6.6801599121e+02 6.6811199951e+02 6.6821502686e+02 6.6829400635e+02 6.6828900146e+02 6.6820202637e+02 6.6811700439e+02 6.6804699707e+02 6.6795800781e+02 6.6783898926e+02 6.6764898682e+02 6.6734497070e+02 6.6700799561e+02 6.6667797852e+02 6.6638299561e+02 6.6614599609e+02 6.6587701416e+02 6.6556097412e+02 6.6529998779e+02 6.6507501221e+02 6.6485797119e+02 6.6471301270e+02 6.6457702637e+02 6.6447198486e+02 6.6438702393e+02
6.6637200928e+02 6.6642602539e+02 6.6647399902e+02 6.6651300049e+02 6.6655603027e+02 6.6661901855e+02 6.6666601563e+02 6.6671301270e+02 6.6678002930e+02 6.6684600830e+02 6.6692901611e+02 6.6701702881e+02 6.6709997559e+02 6.6717602539e+02 6.6726202393e+02 6.6735998535e+02 6.6745397949e+02 6.6754998779e+02 6.6764398193e+02 6.6772302246e+02 6.6779998779e+02 6.6788800049e+02 6.6799499512e+02 6.6809197998e+02 6.6812097168e+02 6.6807501221e+02 6.6798297119e+02 6.6787701416e+02 6.6775500488e+02 6.6766400146e+02 6.6753601074e+02 6.6733599854e+02 6.6707501221e+02 6.6676501465e+02 6.6641101074e+02 6.6610900879e+02 6.6588598633e+02 6.6559002686e+02 6.6525799561e+02 6.6502899170e+02 6.6482299805e+02 6.6464599609e+02 6.6450598145e+02 6.6436901855e+02 6.6426300049e+02 6.6416601563e+02
6.6625299072e+02 6.6630401611e+02 6.6635302734e+02 6.6639599609e+02 6.6643701172e+02 6.6649700928e+02 6.6653601074e+02 6.6658801270e+02 6.6666998291e+02 6.6673602295e+02 6.6680798340e+02 6.6688397217e+02 6.6696002197e+02 6.6704998779e+02 6.6714001465e+02 6.6723901367e+02 6.6733502197e+02 6.6742102051e+02 6.6751300049e+02 6.6760302734e+02 6.6768402100e+02 6.6777398682e+02 6.6787701416e+02 6.6795898438e+02 6.6793402100e+02 6.6787701416e+02 6.6781201172e+02 6.6769598389e+02 6.6754699707e+02 6.6741302490e+02 6.6723400879e+02 6.6703198242e+02 6.6680200195e+02 6.6646899414e+02 6.6612097168e+02 6.6584399414e+02 6.6564501953e+02 6.6534600830e+02 6.6503198242e+02 6.6481597900e+02 6.6459698486e+02 6.6443499756e+02 6.6425799561e+02 6.6411602783e+02 6.6402801514e+02 6.6392199707e+02
6.6612500000e+02 6.6616101074e+02 6.6621099854e+02 6.6626501465e+02 6.6631201172e+02 6.6636798096e+02 6.6640399170e+02 6.6646600342e+02 6.6654602051e+02 6.6661297607e+02 6.6667797852e+02 6.6674700928e+02 6.6683197021e+02 6.6691497803e+02 6.6700897217e+02 6.6710601807e+02 6.6719500732e+02 6.6727099609e+02 6.6736901855e+02 6.6747497559e+02 6.6756597900e+02 6.6766497803e+02 6.6774798584e+02 6.6778900146e+02 6.6775799561e+02 6.6771899414e+02 6.6767700195e+02 6.6755999756e+02 6.6741601563e+02 6.6721899414e+02 6.6698101807e+02 6.6675799561e+02 6.6649798584e+02 6.6617498779e+02 6.6586700439e+02 6.6560797119e+02 6.6538098145e+02 6.6508398438e+02 6.6478698730e+02 6.6457702637e+02 6.6440502930e+02 6.6423999023e+02 6.6404199219e+02 6.6389898682e+02 6.6378497314e+02 6.6365197754e+02
6.6599902344e+02 6.6602899170e+02 6.6607702637e+02 6.6613397217e+02 6.6617999268e+02 6.6623797607e+02 6.6629199219e+02 6.6635998535e+02 6.6642797852e+02 6.6649200439e+02 6.6656097412e+02 6.6663098145e+02 6.6671002197e+02 6.6678601074e+02 6.6687799072e+02 6.6696600342e+02 6.6706402588e+02 6.6713702393e+02 6.6722497559e+02 6.6732897949e+02 6.6742797852e+02 6.6754302979e+02 6.6762597656e+02 6.6765002441e+02 6.6761798096e+02 6.6759399414e+02 6.6752502441e+02 6.6736901855e+02 6.6716601563e+02 6.6692901611e+02 6.6669897461e+02 6.6649200439e+02 6.6626898193e+02 6.6599298096e+02 6.6567199707e+02 6.6535797119e+02 6.6508697510e+02 6.6482702637e+02 6.6459399414e+02 6.6439099121e+02 6.6418902588e+02 6.6397100830e+02 6.6378002930e+02 6.6364898682e+02 6.6350799561e+02 6.6335198975e+02
6.6587597656e+02 6.6589898682e+02 6.6594201660e+02 6.6599798584e+02 6.6604699707e+02 6.6610601807e+02 6.6617199707e+02 6.6624102783e+02 6.6629998779e+02 6.6636901855e+02 6.6644500732e+02 6.6652001953e+02 6.6658502197e+02 6.6667401123e+02 6.6677001953e+02 6.6684301758e+02 6.6692797852e+02 6.6700701904e+02 6.6709600830e+02 6.6720202637e+02 6.6729602051e+02 6.6741497803e+02 6.6750201416e+02 6.6752600098e+02 6.6749200439e+02 6.6745800781e+02 6.6736102295e+02 6.6716998291e+02 6.6693701172e+02 6.6670300293e+02 6.6651397705e+02 6.6636602783e+02 6.6616699219e+02 6.6584399414e+02 6.6544000244e+02 6.6508697510e+02 6.6481201172e+02 6.6457897949e+02 6.6438098145e+02 6.6417999268e+02 6.6397198486e+02 6.6375201416e+02 6.6354797363e+02 6.6336602783e+02 6.6316497803e+02 6.6299798584e+02
6.6573797607e+02 6.6577697754e+02 6.6582299805e+02 6.6587500000e+02 6.6592401123e+02 6.6597900391e+02 6.6603802490e+02 6.6610498047e+02 6.6616998291e+02 6.6623498535e+02 6.6630401611e+02 6.6638702393e+02 6.6646502686e+02 6.6657299805e+02 6.6666497803e+02 6.6673101807e+02 6.6680999756e+02 6.6689697266e+02 6.6699102783e+02 6.6709197998e+02 6.6716601563e+02 6.6728601074e+02 6.6738201904e+02 6.6741400146e+02 6.6738500977e+02 6.6732897949e+02 6.6720599365e+02 6.6699200439e+02 6.6674200439e+02 6.6652502441e+02 6.6636401367e+02 6.6623101807e+02 6.6598699951e+02 6.6557000732e+02 6.6512799072e+02 6.6480603027e+02 6.6456701660e+02 6.6432397461e+02 6.6412097168e+02 6.6391900635e+02 6.6373699951e+02 6.6354602051e+02 6.6333099365e+02 6.6308099365e+02 6.6279400635e+02 6.6260198975e+02
6.6561999512e+02 6.6566198730e+02 6.6571197510e+02 6.6575299072e+02 6.6580297852e+02 6.6585797119e+02 6.6590399170e+02 6.6596301270e+02 6.6604302979e+02 6.6610699463e+02 6.6616998291e+02 6.6625299072e+02 6.6633099365e+02 6.6644000244e+02 6.6652899170e+02 6.6660797119e+02 6.6670001221e+02 6.6678497314e+02 6.6687799072e+02 6.6696197510e+02 6.6703399658e+02 6.6716302490e+02 6.6726397705e+02 6.6730499268e+02 6.6728002930e+02 6.6720098877e+02 6.6705798340e+02 6.6683599854e+02 6.6656799316e+02 6.6630499268e+02 6.6608697510e+02 6.6585900879e+02 6.6548699951e+02 6.6513702393e+02 6.6480297852e+02 6.6456402588e+02 6.6434002686e+02 6.6406201172e+02 6.6381298828e+02 6.6362097168e+02 6.6349200439e+02 6.6332098389e+02 6.6308599854e+02 6.6277502441e+02 6.6243200684e+02 6.6222601318e+02
6.6549499512e+02 6.6552398682e+02 6.6556896973e+02 6.6562097168e+02 6.6567797852e+02 6.6572698975e+02 6.6577502441e+02 6.6583697510e+02 6.6591802979e+02 6.6597198486e+02 6.6603497314e+02 6.6613000488e+02 6.6621600342e+02 6.6629797363e+02 6.6639501953e+02 6.6649499512e+02 6.6659002686e+02 6.6666900635e+02 6.6675701904e+02 6.6682897949e+02 6.6691497803e+02 6.6705200195e+02 6.6714099121e+02 6.6717102051e+02 6.6712597656e+02 6.6704901123e+02 6.6689501953e+02 6.6665301514e+02 6.6633599854e+02 6.6602001953e+02 6.6573699951e+02 6.6545202637e+02 6.6514599609e+02 6.6483300781e+02 6.6458502197e+02 6.6434497070e+02 6.6404797363e+02 6.6374200439e+02 6.6350701904e+02 6.6334802246e+02 6.6320501709e+02 6.6303302002e+02 6.6275097656e+02 6.6239001465e+02 6.6206701660e+02 6.6193597412e+02
6.6537298584e+02 6.6540002441e+02 6.6543902588e+02 6.6549499512e+02 6.6555401611e+02 6.6560797119e+02 6.6565698242e+02 6.6571197510e+02 6.6578698730e+02 6.6584197998e+02 6.6590997314e+02 6.6600500488e+02 6.6609698486e+02 6.6616699219e+02 6.6626501465e+02 6.6636901855e+02 6.6646502686e+02 6.6655700684e+02 6.6664001465e+02 6.6670898438e+02 6.6680902100e+02 6.6691802979e+02 6.6697900391e+02 6.6699298096e+02 6.6694396973e+02 6.6685900879e+02 6.6669097900e+02 6.6642797852e+02 6.6609197998e+02 6.6577099609e+02 6.6548101807e+02 6.6519598389e+02 6.6491101074e+02 6.6463098145e+02 6.6437500000e+02 6.6409197998e+02 6.6375000000e+02 6.6346600342e+02 6.6325097656e+02 6.6307397461e+02 6.6289398193e+02 6.6267901611e+02 6.6233502197e+02 6.6198602295e+02 6.6177801514e+02 6.6178100586e+02
6.6527099609e+02 6.6529400635e+02 6.6533099365e+02 6.6538201904e+02 6.6543402100e+02 6.6549200439e+02 6.6553399658e+02 6.6558599854e+02 6.6566601563e+02 6.6572698975e+02 6.6578997803e+02 6.6586499023e+02 6.6595098877e+02 6.6603497314e+02 6.6614099121e+02 6.6623901367e+02 6.6633001709e+02 6.6643701172e+02 6.6652600098e+02 6.6660400391e+02 6.6671899414e+02 6.6678997803e+02 6.6681298828e+02 6.6680102539e+02 6.6674597168e+02 6.6664501953e+02 6.6646301270e+02 6.6619201660e+02 6.6585498047e+02 6.6554302979e+02 6.6526501465e+02 6.6499902344e+02 6.6473797607e+02 6.6445001221e+02 6.6414501953e+02 6.6381597900e+02 6.6347802734e+02 6.6322900391e+02 6.6301702881e+02 6.6281298828e+02 6.6260998535e+02 6.6230102539e+02 6.6188598633e+02 6.6160198975e+02 6.6158099365e+02 6.6172698975e+02
6.6515301514e+02 6.6518597412e+02 6.6522802734e+02 6.6526702881e+02 6.6529998779e+02 6.6535498047e+02 6.6539801025e+02 6.6545098877e+02 6.6552099609e+02 6.6559497070e+02 6.6566900635e+02 6.6573297119e+02 6.6579699707e+02 6.6589599609e+02 6.6601202393e+02 6.6610400391e+02 6.6620001221e+02 6.6630297852e+02 6.6640002441e+02 6.6649298096e+02 6.6661199951e+02 6.6667901611e+02 6.6667199707e+02 6.6662402344e+02 6.6653698730e+02 6.6642297363e+02 6.6624102783e+02 6.6598400879e+02 6.6564300537e+02 6.6534197998e+02 6.6507202148e+02 6.6481201172e+02 6.6455102539e+02 6.6423797607e+02 6.6390197754e+02 6.6357202148e+02 6.6326300049e+02 6.6299102783e+02 6.6279699707e+02 6.6260601807e+02 6.6239398193e+02 6.6193200684e+02 6.6150701904e+02 6.6133898926e+02 6.6148602295e+02 6.6172802734e+02
6.6503698730e+02 6.6506799316e+02 6.6510400391e+02 6.6513897705e+02 6.6517102051e+02 6.6521997070e+02 6.6526501465e+02 6.6531799316e+02 6.6539801025e+02 6.6546899414e+02 6.6553997803e+02 6.6559698486e+02 6.6564398193e+02 6.6573901367e+02 6.6586499023e+02 6.6596398926e+02 6.6607098389e+02 6.6617700195e+02 6.6627600098e+02 6.6638000488e+02 6.6649597168e+02 6.6654400635e+02 6.6651098633e+02 6.6644299316e+02 6.6635101318e+02 6.6624798584e+02 6.6608197021e+02 6.6583599854e+02 6.6550500488e+02 6.6519598389e+02 6.6490100098e+02 6.6460198975e+02 6.6430102539e+02 6.6398498535e+02 6.6368103027e+02 6.6335797119e+02 6.6302502441e+02 6.6282098389e+02 6.6270202637e+02 6.6246301270e+02 6.6202301025e+02 6.6153698730e+02 6.6129400635e+02 6.6132098389e+02 6.6155798340e+02 6.6184497070e+02
6.6492901611e+02 6.6495501709e+02 6.6498999023e+02 6.6503198242e+02 6.6507702637e+02 6.6510998535e+02 6.6514099121e+02 6.6519897461e+02 6.6527697754e+02 6.6533300781e+02 6.6539898682e+02 6.6545800781e+02 6.6551202393e+02 6.6560101318e+02 6.6570898438e+02 6.6581097412e+02 6.6593103027e+02 6.6605297852e+02 6.6616699219e+02 6.6628698730e+02 6.6641198730e+02 6.6643499756e+02 6.6637799072e+02 6.6629797363e+02 6.6621002197e+02 6.6610601807e+02 6.6594097900e+02 6.6569799805e+02 6.6538800049e+02 6.6507598877e+02 6.6474798584e+02 6.6440802002e+02 6.6407299805e+02 6.6376000977e+02 6.6345898438e+02 6.6312701416e+02 6.6283300781e+02 6.6271099854e+02 6.6259002686e+02 6.6223602295e+02 6.6161700439e+02 6.6119897461e+02 6.6114001465e+02 6.6131799316e+02 6.6161199951e+02 6.6195001221e+02
6.6482299805e+02 6.6485198975e+02 6.6489300537e+02 6.6493798828e+02 6.6497900391e+02 6.6500500488e+02 6.6502899170e+02 6.6508697510e+02 6.6515301514e+02 6.6519097900e+02 6.6525201416e+02 6.6531298828e+02 6.6537701416e+02 6.6546197510e+02 6.6555297852e+02 6.6565399170e+02 6.6577301025e+02 6.6591400146e+02 6.6605700684e+02 6.6618798828e+02 6.6631896973e+02 6.6632897949e+02 6.6625500488e+02 6.6616699219e+02 6.6608801270e+02 6.6597302246e+02 6.6579998779e+02 6.6555603027e+02 6.6527301025e+02 6.6496398926e+02 6.6461102295e+02 6.6423901367e+02 6.6387701416e+02 6.6354400635e+02 6.6322900391e+02 6.6292498779e+02 6.6270202637e+02 6.6257501221e+02 6.6238299561e+02 6.6193798828e+02 6.6126202393e+02 6.6094702148e+02 6.6101702881e+02 6.6128198242e+02 6.6158898926e+02 6.6192199707e+02
