TESTSERVER/20/9.asc
NCOLS 100
NROWS 100
XLLCORNER 8.4997500000e+03
YLLCORNER 2.8950025000e+05
CELLSIZE 5.0000000000e-01
NODATA_VALUE -9.9990000000e+03
[rows 60 to 79 of 100, columns 46 to 91 of 100]
6.6040002441e+02 6.6048699951e+02 6.6054901123e+02 6.6066302490e+02 6.6093798828e+02 6.6119396973e+02 6.6125097656e+02 6.6115899658e+02 6.6109802246e+02 6.6117102051e+02 6.6133801270e+02 6.6160699463e+02 6.6200201416e+02 6.6238000488e+02 6.6262902832e+02 6.6279998779e+02 6.6295202637e+02 6.6310601807e+02 6.6327801514e+02 6.6351300049e+02 6.6376397705e+02 6.6395300293e+02 6.6413598633e+02 6.6434301758e+02 6.6452899170e+02 6.6472399902e+02 6.6493103027e+02 6.6508801270e+02 6.6523400879e+02 6.6541601563e+02 6.6559899902e+02 6.6575097656e+02 6.6593798828e+02 6.6609899902e+02 6.6625799561e+02 6.6631896973e+02 6.6641400146e+02 6.6657501221e+02 6.6672399902e+02 6.6683001709e+02 6.6694097900e+02 6.6703601074e+02 6.6714501953e+02 6.6727001953e+02 6.6736798096e+02 6.6748101807e+02
6.6030401611e+02 6.6037799072e+02 6.6044299316e+02 6.6057000732e+02 6.6086999512e+02 6.6118701172e+02 6.6129602051e+02 6.6114801025e+02 6.6102197266e+02 6.6108898926e+02 6.6126702881e+02 6.6151702881e+02 6.6192199707e+02 6.6230999756e+02 6.6255102539e+02 6.6273498535e+02 6.6288500977e+02 6.6301898193e+02 6.6317498779e+02 6.6339202881e+02 6.6365197754e+02 6.6384802246e+02 6.6404302979e+02 6.6424401855e+02 6.6443902588e+02 6.6464001465e+02 6.6485302734e+02 6.6502197266e+02 6.6515399170e+02 6.6532299805e+02 6.6549298096e+02 6.6565301514e+02 6.6583197021e+02 6.6596398926e+02 6.6612200928e+02 6.6621099854e+02 6.6630902100e+02 6.6645599365e+02 6.6658502197e+02 6.6669598389e+02 6.6681896973e+02 6.6691601563e+02 6.6703302002e+02 6.6715002441e+02 6.6724401855e+02 6.6735900879e+02
6.6021600342e+02 6.6027001953e+02 6.6034997559e+02 6.6046301270e+02 6.6072497559e+02 6.6103802490e+02 6.6121002197e+02 6.6109301758e+02 6.6094598389e+02 6.6099597168e+02 6.6118103027e+02 6.6142700195e+02 6.6182098389e+02 6.6219500732e+02 6.6242901611e+02 6.6264099121e+02 6.6280798340e+02 6.6294897461e+02 6.6309997559e+02 6.6330102539e+02 6.6355200195e+02 6.6375598145e+02 6.6394799805e+02 6.6415600586e+02 6.6436798096e+02 6.6456896973e+02 6.6475701904e+02 6.6491998291e+02 6.6505499268e+02 6.6521301270e+02 6.6539202881e+02 6.6558898926e+02 6.6576098633e+02 6.6587701416e+02 6.6601300049e+02 6.6610998535e+02 6.6621099854e+02 6.6634997559e+02 6.6647302246e+02 6.6658398438e+02 6.6670697021e+02 6.6679901123e+02 6.6690698242e+02 6.6701702881e+02 6.6711199951e+02 6.6722302246e+02
6.6013598633e+02 6.6018798828e+02 6.6028497314e+02 6.6037097168e+02 6.6055102539e+02 6.6080102539e+02 6.6101202393e+02 6.6098297119e+02 6.6086401367e+02 6.6090301514e+02 6.6107800293e+02 6.6132299805e+02 6.6168298340e+02 6.6201501465e+02 6.6223699951e+02 6.6247601318e+02 6.6267901611e+02 6.6285400391e+02 6.6304302979e+02 6.6327099609e+02 6.6349102783e+02 6.6367498779e+02 6.6385797119e+02 6.6407098389e+02 6.6431298828e+02 6.6452001953e+02 6.6467498779e+02 6.6483398438e+02 6.6497900391e+02 6.6512500000e+02 6.6529602051e+02 6.6550500488e+02 6.6568298340e+02 6.6580401611e+02 6.6591900635e+02 6.6601501465e+02 6.6611499023e+02 6.6624798584e+02 6.6636499023e+02 6.6647198486e+02 6.6659399414e+02 6.6668499756e+02 6.6678900146e+02 6.6689801025e+02 6.6699499512e+02 6.6710302734e+02
6.6007397461e+02 6.6013800049e+02 6.6024902344e+02 6.6035302734e+02 6.6046197510e+02 6.6062701416e+02 6.6084197998e+02 6.6085699463e+02 6.6077899170e+02 6.6081298828e+02 6.6099200439e+02 6.6122998047e+02 6.6153997803e+02 6.6183099365e+02 6.6204400635e+02 6.6227899170e+02 6.6250897217e+02 6.6271899414e+02 6.6292297363e+02 6.6319396973e+02 6.6339599609e+02 6.6358697510e+02 6.6378802490e+02 6.6400598145e+02 6.6425201416e+02 6.6446099854e+02 6.6459802246e+02 6.6476702881e+02 6.6493798828e+02 6.6508898926e+02 6.6522302246e+02 6.6538897705e+02 6.6557800293e+02 6.6572802734e+02 6.6582501221e+02 6.6590899658e+02 6.6601098633e+02 6.6613897705e+02 6.6625500488e+02 6.6635900879e+02 6.6647698975e+02 6.6657702637e+02 6.6668902588e+02 6.6678997803e+02 6.6688500977e+02 6.6698999023e+02
6.6004498291e+02 6.6011901855e+02 6.6023797607e+02 6.6034600830e+02 6.6045098877e+02 6.6058599854e+02 6.6076501465e+02 6.6077301025e+02 6.6067901611e+02 6.6074401855e+02 6.6094201660e+02 6.6115301514e+02 6.6142700195e+02 6.6172900391e+02 6.6196801758e+02 6.6217199707e+02 6.6238500977e+02 6.6260101318e+02 6.6283599854e+02 6.6309997559e+02 6.6330102539e+02 6.6350000000e+02 6.6370697021e+02 6.6392297363e+02 6.6415301514e+02 6.6436199951e+02 6.6452197266e+02 6.6466601563e+02 6.6483398438e+02 6.6500201416e+02 6.6513500977e+02 6.6528900146e+02 6.6546600342e+02 6.6560900879e+02 6.6571398926e+02 6.6581799316e+02 6.6591900635e+02 6.6603601074e+02 6.6615502930e+02 6.6626202393e+02 6.6636798096e+02 6.6645501709e+02 6.6656701660e+02 6.6666900635e+02 6.6675402832e+02 6.6685101318e+02
6.5997900391e+02 6.6005798340e+02 6.6017999268e+02 6.6029302979e+02 6.6040600586e+02 6.6053302002e+02 6.6067700195e+02 6.6066198730e+02 6.6058398438e+02 6.6067901611e+02 6.6087597656e+02 6.6106201172e+02 6.6132098389e+02 6.6164099121e+02 6.6192498779e+02 6.6211199951e+02 6.6229400635e+02 6.6250201416e+02 6.6275402832e+02 6.6299298096e+02 6.6315802002e+02 6.6335797119e+02 6.6361700439e+02 6.6384600830e+02 6.6406597900e+02 6.6427801514e+02 6.6445800781e+02 6.6458502197e+02 6.6473901367e+02 6.6489697266e+02 6.6502600098e+02 6.6517401123e+02 6.6536602783e+02 6.6553601074e+02 6.6563598633e+02 6.6573999023e+02 6.6583502197e+02 6.6593402100e+02 6.6603900146e+02 6.6615197754e+02 6.6625897217e+02 6.6634002686e+02 6.6644500732e+02 6.6654199219e+02 6.6662500000e+02 6.6671997070e+02
6.5989398193e+02 6.5998602295e+02 6.6010699463e+02 6.6022497559e+02 6.6033099365e+02 6.6043701172e+02 6.6054901123e+02 6.6052899170e+02 6.6047399902e+02 6.6059301758e+02 6.6080999756e+02 6.6100299072e+02 6.6125201416e+02 6.6156896973e+02 6.6187597656e+02 6.6205902100e+02 6.6221600342e+02 6.6240997314e+02 6.6266198730e+02 6.6286798096e+02 6.6299401855e+02 6.6319396973e+02 6.6351000977e+02 6.6375598145e+02 6.6397198486e+02 6.6417901611e+02 6.6437097168e+02 6.6450897217e+02 6.6465997314e+02 6.6481201172e+02 6.6494097900e+02 6.6508898926e+02 6.6528497314e+02 6.6547302246e+02 6.6555798340e+02 6.6564599609e+02 6.6573297119e+02 6.6582501221e+02 6.6592199707e+02 6.6602697754e+02 6.6613397217e+02 6.6621899414e+02 6.6633001709e+02 6.6643298340e+02 6.6651501465e+02 6.6659802246e+02
6.5984197998e+02 6.5998797607e+02 6.6012402344e+02 6.6020202637e+02 6.6026397705e+02 6.6033001709e+02 6.6039697266e+02 6.6038800049e+02 6.6035900879e+02 6.6048400879e+02 6.6073999023e+02 6.6100402832e+02 6.6124200439e+02 6.6150201416e+02 6.6176300049e+02 6.6196997070e+02 6.6213098145e+02 6.6232000732e+02 6.6255499268e+02 6.6272900391e+02 6.6285797119e+02 6.6306097412e+02 6.6337298584e+02 6.6365100098e+02 6.6386297607e+02 6.6404797363e+02 6.6421899414e+02 6.6440100098e+02 6.6455999756e+02 6.6472399902e+02 6.6489001465e+02 6.6500500488e+02 6.6514801025e+02 6.6533300781e+02 6.6548101807e+02 6.6558001709e+02 6.6562902832e+02 6.6570397949e+02 6.6581500244e+02 6.6591400146e+02 6.6601898193e+02 6.6611297607e+02 6.6622100830e+02 6.6631201172e+02 6.6639099121e+02 6.6646502686e+02
6.5981701660e+02 6.5998602295e+02 6.6006402588e+02 6.6014501953e+02 6.6017498779e+02 6.6025097656e+02 6.6027398682e+02 6.6023498535e+02 6.6023901367e+02 6.6037902832e+02 6.6066900635e+02 6.6096997070e+02 6.6120898438e+02 6.6140100098e+02 6.6158099365e+02 6.6178802490e+02 6.6199499512e+02 6.6222497559e+02 6.6245501709e+02 6.6261102295e+02 6.6275000000e+02 6.6296099854e+02 6.6329199219e+02 6.6359600830e+02 6.6378100586e+02 6.6395300293e+02 6.6415899658e+02 6.6435498047e+02 6.6448699951e+02 6.6460900879e+02 6.6478802490e+02 6.6491802979e+02 6.6503302002e+02 6.6519897461e+02 6.6536499023e+02 6.6548400879e+02 6.6552899170e+02 6.6559997559e+02 6.6570300293e+02 6.6580499268e+02 6.6590698242e+02 6.6599499512e+02 6.6609197998e+02 6.6616900635e+02 6.6625701904e+02 6.6633898926e+02
6.5965899658e+02 6.5980603027e+02 6.5985699463e+02 6.5995202637e+02 6.6004901123e+02 6.6019396973e+02 6.6020300293e+02 6.6013000488e+02 6.6015997314e+02 6.6032000732e+02 6.6057202148e+02 6.6087902832e+02 6.6112500000e+02 6.6129498291e+02 6.6144000244e+02 6.6164300537e+02 6.6186401367e+02 6.6210797119e+02 6.6234802246e+02 6.6251300049e+02 6.6266198730e+02 6.6286102295e+02 6.6318298340e+02 6.6350500488e+02 6.6370599365e+02 6.6392498779e+02 6.6416497803e+02 6.6434497070e+02 6.6445800781e+02 6.6454498291e+02 6.6468902588e+02 6.6482000732e+02 6.6493402100e+02 6.6506298828e+02 6.6520697021e+02 6.6534399414e+02 6.6543499756e+02 6.6552600098e+02 6.6559997559e+02 6.6569396973e+02 6.6579400635e+02 6.6587799072e+02 6.6596997070e+02 6.6604400635e+02 6.6612701416e+02 6.6621099854e+02
6.5951000977e+02 6.5961700439e+02 6.5966900635e+02 6.5979498291e+02 6.5994897461e+02 6.6013299561e+02 6.6015399170e+02 6.6005297852e+02 6.6008099365e+02 6.6023101807e+02 6.6043200684e+02 6.6073297119e+02 6.6099597168e+02 6.6119097900e+02 6.6136700439e+02 6.6156597900e+02 6.6176599121e+02 6.6198602295e+02 6.6221899414e+02 6.6242401123e+02 6.6261602783e+02 6.6280499268e+02 6.6309100342e+02 6.6341900635e+02 6.6364599609e+02 6.6389001465e+02 6.6411102295e+02 6.6427099609e+02 6.6441101074e+02 6.6449499512e+02 6.6458502197e+02 6.6472601318e+02 6.6486199951e+02 6.6496398926e+02 6.6509100342e+02 6.6524597168e+02 6.6535699463e+02 6.6544201660e+02 6.6549200439e+02 6.6558801270e+02 6.6568499756e+02 6.6576000977e+02 6.6584497070e+02 6.6592999268e+02 6.6601000977e+02 6.6608599854e+02
6.5940802002e+02 6.5948901367e+02 6.5954797363e+02 6.5976098633e+02 6.5992199707e+02 6.6004998779e+02 6.6006201172e+02 6.5998199463e+02 6.5999798584e+02 6.6011700439e+02 6.6027600098e+02 6.6058001709e+02 6.6086700439e+02 6.6111901855e+02 6.6135797119e+02 6.6157000732e+02 6.6173400879e+02 6.6190802002e+02 6.6210498047e+02 6.6235302734e+02 6.6261401367e+02 6.6282800293e+02 6.6310601807e+02 6.6341601563e+02 6.6365301514e+02 6.6387200928e+02 6.6403497314e+02 6.6421099854e+02 6.6439398193e+02 6.6446002197e+02 6.6448797607e+02 6.6465399170e+02 6.6479901123e+02 6.6486999512e+02 6.6497399902e+02 6.6514398193e+02 6.6526098633e+02 6.6532800293e+02 6.6539801025e+02 6.6548797607e+02 6.6557202148e+02 6.6564202881e+02 6.6571600342e+02 6.6580603027e+02 6.6589001465e+02 6.6596301270e+02
6.5931799316e+02 6.5941400146e+02 6.5952001953e+02 6.5966302490e+02 6.5979498291e+02 6.5991101074e+02 6.5997998047e+02 6.5991900635e+02 6.5989398193e+02 6.5999902344e+02 6.6019598389e+02 6.6052899170e+02 6.6082702637e+02 6.6107501221e+02 6.6128997803e+02 6.6147198486e+02 6.6164898682e+02 6.6188702393e+02 6.6216302490e+02 6.6245098877e+02 6.6273400879e+02 6.6297802734e+02 6.6323602295e+02 6.6346600342e+02 6.6364398193e+02 6.6384100342e+02 6.6398602295e+02 6.6416601563e+02 6.6438098145e+02 6.6445300293e+02 6.6446801758e+02 6.6457897949e+02 6.6469702148e+02 6.6477001953e+02 6.6487597656e+02 6.6502099609e+02 6.6514801025e+02 6.6522998047e+02 6.6530603027e+02 6.6538397217e+02 6.6546002197e+02 6.6553002930e+02 6.6560101318e+02 6.6568597412e+02 6.6576599121e+02 6.6583502197e+02
6.5916900635e+02 6.5926300049e+02 6.5942999268e+02 6.5953802490e+02 6.5965100098e+02 6.5977001953e+02 6.5988000488e+02 6.5984399414e+02 6.5980603027e+02 6.5990899658e+02 6.6014300537e+02 6.6050201416e+02 6.6079302979e+02 6.6101501465e+02 6.6117602539e+02 6.6130401611e+02 6.6150701904e+02 6.6179998779e+02 6.6212799072e+02 6.6246197510e+02 6.6275598145e+02 6.6300500488e+02 6.6324902344e+02 6.6345599365e+02 6.6361700439e+02 6.6376702881e+02 6.6389001465e+02 6.6409997559e+02 6.6435198975e+02 6.6447698975e+02 6.6450000000e+02 6.6450500488e+02 6.6457098389e+02 6.6468298340e+02 6.6482598877e+02 6.6494000244e+02 6.6504302979e+02 6.6513299561e+02 6.6520397949e+02 6.6527697754e+02 6.6535101318e+02 6.6541497803e+02 6.6548602295e+02 6.6557098389e+02 6.6564898682e+02 6.6572198486e+02
6.5903399658e+02 6.5907598877e+02 6.5922198486e+02 6.5935101318e+02 6.5951300049e+02 6.5966302490e+02 6.5976800537e+02 6.5974401855e+02 6.5971301270e+02 6.5981097412e+02 6.6006201172e+02 6.6041302490e+02 6.6068701172e+02 6.6089001465e+02 6.6102697754e+02 6.6114801025e+02 6.6136901855e+02 6.6167901611e+02 6.6199798584e+02 6.6231500244e+02 6.6261798096e+02 6.6287402344e+02 6.6312902832e+02 6.6334997559e+02 6.6353198242e+02 6.6366900635e+02 6.6381298828e+02 6.6406201172e+02 6.6431500244e+02 6.6446899414e+02 6.6453399658e+02 6.6449200439e+02 6.6450598145e+02 6.6461700439e+02 6.6475897217e+02 6.6483801270e+02 6.6492797852e+02 6.6503601074e+02 6.6510900879e+02 6.6517498779e+02 6.6524798584e+02 6.6530401611e+02 6.6537402344e+02 6.6545800781e+02 6.6552600098e+02 6.6560400391e+02
6.5898297119e+02 6.5896301270e+02 6.5898297119e+02 6.5906500244e+02 6.5928399658e+02 6.5953100586e+02 6.5968103027e+02 6.5963201904e+02 6.5962597656e+02 6.5971002197e+02 6.5995397949e+02 6.6024102783e+02 6.6048498535e+02 6.6069396973e+02 6.6088000488e+02 6.6105798340e+02 6.6129498291e+02 6.6158099365e+02 6.6189697266e+02 6.6223602295e+02 6.6251397705e+02 6.6273901367e+02 6.6295800781e+02 6.6320397949e+02 6.6343597412e+02 6.6362799072e+02 6.6381097412e+02 6.6402301025e+02 6.6422399902e+02 6.6436999512e+02 6.6450201416e+02 6.6447302246e+02 6.6444702148e+02 6.6452899170e+02 6.6465502930e+02 6.6473199463e+02 6.6481298828e+02 6.6493402100e+02 6.6502899170e+02 6.6508099365e+02 6.6515802002e+02 6.6521398926e+02 6.6526202393e+02 6.6533001709e+02 6.6539202881e+02 6.6546697998e+02
6.5897100830e+02 6.5889001465e+02 6.5883398438e+02 6.5887298584e+02 6.5906799316e+02 6.5938500977e+02 6.5956597900e+02 6.5953302002e+02 6.5953002930e+02 6.5959497070e+02 6.5986102295e+02 6.6015600586e+02 6.6035699463e+02 6.6052099609e+02 6.6071502686e+02 6.6091601563e+02 6.6115399170e+02 6.6142901611e+02 6.6174902344e+02 6.6212200928e+02 6.6241998291e+02 6.6264898682e+02 6.6286602783e+02 6.6309100342e+02 6.6332598877e+02 6.6358398438e+02 6.6377301025e+02 6.6389501953e+02 6.6404602051e+02 6.6421197510e+02 6.6441601563e+02 6.6443597412e+02 6.6440698242e+02 6.6446398926e+02 6.6455102539e+02 6.6466302490e+02 6.6476501465e+02 6.6484802246e+02 6.6490502930e+02 6.6497399902e+02 6.6505999756e+02 6.6512402344e+02 6.6516998291e+02 6.6522399902e+02 6.6528100586e+02 6.6535101318e+02
6.5865899658e+02 6.5869500732e+02 6.5866900635e+02 6.5872900391e+02 6.5889801025e+02 6.5921997070e+02 6.5943902588e+02 6.5941601563e+02 6.5940899658e+02 6.5950000000e+02 6.5977502441e+02 6.6009600830e+02 6.6030999756e+02 6.6045501709e+02 6.6060198975e+02 6.6078900146e+02 6.6104400635e+02 6.6133001709e+02 6.6162902832e+02 6.6201000977e+02 6.6232598877e+02 6.6255297852e+02 6.6278100586e+02 6.6303198242e+02 6.6323901367e+02 6.6349499512e+02 6.6368298340e+02 6.6377697754e+02 6.6388598633e+02 6.6405700684e+02 6.6430401611e+02 6.6437500000e+02 6.6436401367e+02 6.6439501953e+02 6.6445098877e+02 6.6456500244e+02 6.6468200684e+02 6.6476599121e+02 6.6481799316e+02 6.6489300537e+02 6.6497302246e+02 6.6503399658e+02 6.6507501221e+02 6.6511199951e+02 6.6516400146e+02 6.6523400879e+02
6.5802801514e+02 6.5834497070e+02 6.5845898438e+02 6.5855499268e+02 6.5873602295e+02 6.5905200195e+02 6.5930798340e+02 6.5929400635e+02 6.5928997803e+02 6.5941900635e+02 6.5968402100e+02 6.6002197266e+02 6.6027301025e+02 6.6042102051e+02 6.6053601074e+02 6.6073101807e+02 6.6098699951e+02 6.6126300049e+02 6.6153601074e+02 6.6188098145e+02 6.6216198730e+02 6.6236102295e+02 6.6261102295e+02 6.6290600586e+02 6.6310101318e+02 6.6332800293e+02 6.6352697754e+02 6.6365502930e+02 6.6375598145e+02 6.6390802002e+02 6.6414599609e+02 6.6428002930e+02 6.6431896973e+02 6.6434399414e+02 6.6439697266e+02 6.6448400879e+02 6.6457098389e+02 6.6465197754e+02 6.6472198486e+02 6.6480603027e+02 6.6488397217e+02 6.6494500732e+02 6.6499700928e+02 6.6501098633e+02 6.6505902100e+02 6.6512500000e+02
