TESTSERVER/14/0.asc
NCOLS 100
NROWS 100
XLLCORNER 8.1997500000e+03
YLLCORNER 2.8995025000e+05
CELLSIZE 5.0000000000e-01
NODATA_VALUE -9.9990000000e+03
[rows 60 to 79 of 100, columns 0 to 45 of 100]
6.8860797119e+02 6.8878601074e+02 6.8895501709e+02 6.8911798096e+02 6.8931701660e+02 6.8956500244e+02 6.8976501465e+02 6.8994201660e+02 6.9008599854e+02 6.9024298096e+02 6.9035302734e+02 6.9044500732e+02 6.9058801270e+02 6.9076599121e+02 6.9090301514e+02 6.9102600098e+02 6.9116699219e+02 6.9130297852e+02 6.9144299316e+02 6.9153601074e+02 6.9161700439e+02 6.9178100586e+02 6.9193902588e+02 6.9210498047e+02 6.9220898438e+02 6.9228198242e+02 6.9239001465e+02 6.9252502441e+02 6.9264398193e+02 6.9275701904e+02 6.9278100586e+02 6.9271600342e+02 6.9269201660e+02 6.9276300049e+02 6.9287097168e+02 6.9298400879e+02 6.9313800049e+02 6.9338500977e+02 6.9368200684e+02 6.9399102783e+02 6.9433502197e+02 6.9446899414e+02 6.9456201172e+02 6.9472698975e+02 6.9492102051e+02 6.9501397705e+02
6.8870501709e+02 6.8891699219e+02 6.8908001709e+02 6.8927001953e+02 6.8949200439e+02 6.8972100830e+02 6.8988702393e+02 6.9004199219e+02 6.9018499756e+02 6.9030102539e+02 6.9040197754e+02 6.9051599121e+02 6.9067700195e+02 6.9081402588e+02 6.9096301270e+02 6.9111401367e+02 6.9124298096e+02 6.9136999512e+02 6.9150500488e+02 6.9162597656e+02 6.9171600342e+02 6.9184802246e+02 6.9199401855e+02 6.9215802002e+02 6.9226501465e+02 6.9235198975e+02 6.9247601318e+02 6.9260400391e+02 6.9271197510e+02 6.9285699463e+02 6.9294598389e+02 6.9294702148e+02 6.9289697266e+02 6.9287597656e+02 6.9291802979e+02 6.9300500488e+02 6.9312097168e+02 6.9324798584e+02 6.9344799805e+02 6.9377697754e+02 6.9421301270e+02 6.9449298096e+02 6.9462298584e+02 6.9474499512e+02 6.9491400146e+02 6.9504400635e+02
6.8883300781e+02 6.8906201172e+02 6.8923901367e+02 6.8942401123e+02 6.8963397217e+02 6.8986999512e+02 6.9001300049e+02 6.9012799072e+02 6.9026702881e+02 6.9035601807e+02 6.9043597412e+02 6.9057202148e+02 6.9077099609e+02 6.9092102051e+02 6.9104901123e+02 6.9118402100e+02 6.9132501221e+02 6.9145697021e+02 6.9160797119e+02 6.9174499512e+02 6.9183801270e+02 6.9195599365e+02 6.9211602783e+02 6.9226397705e+02 6.9231896973e+02 6.9240502930e+02 6.9254302979e+02 6.9267999268e+02 6.9281701660e+02 6.9292602539e+02 6.9301702881e+02 6.9312298584e+02 6.9317401123e+02 6.9313299561e+02 6.9308197021e+02 6.9309698486e+02 6.9316900635e+02 6.9325097656e+02 6.9337701416e+02 6.9359698486e+02 6.9392700195e+02 6.9426501465e+02 6.9454101563e+02 6.9473999023e+02 6.9491400146e+02 6.9503302002e+02
6.8896697998e+02 6.8919396973e+02 6.8936700439e+02 6.8956402588e+02 6.8978002930e+02 6.9001800537e+02 6.9013897705e+02 6.9021697998e+02 6.9031500244e+02 6.9039398193e+02 6.9048602295e+02 6.9065899658e+02 6.9090600586e+02 6.9107000732e+02 6.9115301514e+02 6.9127001953e+02 6.9141900635e+02 6.9154302979e+02 6.9168902588e+02 6.9180902100e+02 6.9190002441e+02 6.9205902100e+02 6.9225500488e+02 6.9238702393e+02 6.9240197754e+02 6.9247900391e+02 6.9260400391e+02 6.9273498535e+02 6.9290502930e+02 6.9298498535e+02 6.9308099365e+02 6.9323400879e+02 6.9340698242e+02 6.9345501709e+02 6.9342700195e+02 6.9336401367e+02 6.9329901123e+02 6.9333099365e+02 6.9342602539e+02 6.9354302979e+02 6.9369799805e+02 6.9394598389e+02 6.9427801514e+02 6.9459301758e+02 6.9487097168e+02 6.9502502441e+02
6.8914202881e+02 6.8932202148e+02 6.8946600342e+02 6.8966900635e+02 6.8988397217e+02 6.9007800293e+02 6.9018701172e+02 6.9026098633e+02 6.9032397461e+02 6.9041302490e+02 6.9057098389e+02 6.9081500244e+02 6.9113397217e+02 6.9118499756e+02 6.9125897217e+02 6.9140600586e+02 6.9151202393e+02 6.9160101318e+02 6.9171502686e+02 6.9182598877e+02 6.9193798828e+02 6.9210101318e+02 6.9229901123e+02 6.9243499756e+02 6.9250598145e+02 6.9258001709e+02 6.9270800781e+02 6.9282202148e+02 6.9295098877e+02 6.9306500244e+02 6.9325701904e+02 6.9344598389e+02 6.9358398438e+02 6.9362902832e+02 6.9371099854e+02 6.9369598389e+02 6.9357202148e+02 6.9347802734e+02 6.9352099609e+02 6.9360601807e+02 6.9367999268e+02 6.9381701660e+02 6.9403802490e+02 6.9434301758e+02 6.9471099854e+02 6.9499499512e+02
6.8925598145e+02 6.8939599609e+02 6.8957000732e+02 6.8977801514e+02 6.8993103027e+02 6.9008801270e+02 6.9020098877e+02 6.9027301025e+02 6.9036199951e+02 6.9046697998e+02 6.9064599609e+02 6.9092199707e+02 6.9121002197e+02 6.9123699951e+02 6.9132598877e+02 6.9148101807e+02 6.9156799316e+02 6.9166302490e+02 6.9176397705e+02 6.9187902832e+02 6.9200097656e+02 6.9214697266e+02 6.9230999756e+02 6.9246502686e+02 6.9261199951e+02 6.9269500732e+02 6.9281298828e+02 6.9289202881e+02 6.9299401855e+02 6.9315002441e+02 6.9336901855e+02 6.9358898926e+02 6.9371301270e+02 6.9374700928e+02 6.9382299805e+02 6.9390301514e+02 6.9390301514e+02 6.9378802490e+02 6.9371301270e+02 6.9372601318e+02 6.9376098633e+02 6.9384698486e+02 6.9398400879e+02 6.9417602539e+02 6.9441400146e+02 6.9474499512e+02
6.8934002686e+02 6.8947302246e+02 6.8966497803e+02 6.8984802246e+02 6.8997302246e+02 6.9011901855e+02 6.9023797607e+02 6.9032598877e+02 6.9044396973e+02 6.9058300781e+02 6.9075097656e+02 6.9097497559e+02 6.9118103027e+02 6.9126098633e+02 6.9139300537e+02 6.9153399658e+02 6.9163098145e+02 6.9175299072e+02 6.9187500000e+02 6.9197698975e+02 6.9206500244e+02 6.9221002197e+02 6.9235400391e+02 6.9250500488e+02 6.9268200684e+02 6.9280200195e+02 6.9289300537e+02 6.9295300293e+02 6.9306500244e+02 6.9320501709e+02 6.9337402344e+02 6.9358001709e+02 6.9373101807e+02 6.9381201172e+02 6.9390698242e+02 6.9403002930e+02 6.9410198975e+02 6.9409301758e+02 6.9403997803e+02 6.9399798584e+02 6.9392700195e+02 6.9390698242e+02 6.9396997070e+02 6.9409301758e+02 6.9423101807e+02 6.9446502686e+02
6.8940301514e+02 6.8955603027e+02 6.8975402832e+02 6.8993902588e+02 6.9007897949e+02 6.9019097900e+02 6.9028100586e+02 6.9039300537e+02 6.9054400635e+02 6.9071801758e+02 6.9086602783e+02 6.9101599121e+02 6.9117700195e+02 6.9132299805e+02 6.9147601318e+02 6.9161602783e+02 6.9172399902e+02 6.9184997559e+02 6.9198498535e+02 6.9207501221e+02 6.9215899658e+02 6.9230499268e+02 6.9244897461e+02 6.9260498047e+02 6.9277502441e+02 6.9288500977e+02 6.9293200684e+02 6.9299798584e+02 6.9314099121e+02 6.9326898193e+02 6.9343402100e+02 6.9363299561e+02 6.9375402832e+02 6.9384197998e+02 6.9394702148e+02 6.9407202148e+02 6.9416802979e+02 6.9427001953e+02 6.9433099365e+02 6.9435498047e+02 6.9428002930e+02 6.9418103027e+02 6.9410998535e+02 6.9413500977e+02 6.9423199463e+02 6.9436700439e+02
6.8945397949e+02 6.8965002441e+02 6.8983697510e+02 6.9001599121e+02 6.9016198730e+02 6.9025598145e+02 6.9034997559e+02 6.9048498535e+02 6.9064599609e+02 6.9082897949e+02 6.9098999023e+02 6.9111700439e+02 6.9123999023e+02 6.9136901855e+02 6.9152899170e+02 6.9170501709e+02 6.9186199951e+02 6.9198297119e+02 6.9208502197e+02 6.9218402100e+02 6.9228198242e+02 6.9239300537e+02 6.9253601074e+02 6.9273101807e+02 6.9289898682e+02 6.9294799805e+02 6.9298101807e+02 6.9306701660e+02 6.9322497559e+02 6.9336297607e+02 6.9351300049e+02 6.9365997314e+02 6.9377001953e+02 6.9389099121e+02 6.9397198486e+02 6.9406597900e+02 6.9419299316e+02 6.9433300781e+02 6.9443798828e+02 6.9455700684e+02 6.9463201904e+02 6.9465399170e+02 6.9446398926e+02 6.9429199219e+02 6.9431500244e+02 6.9438500977e+02
6.8956298828e+02 6.8972100830e+02 6.8990502930e+02 6.9008697510e+02 6.9021801758e+02 6.9033801270e+02 6.9046398926e+02 6.9058502197e+02 6.9072900391e+02 6.9094201660e+02 6.9111401367e+02 6.9121697998e+02 6.9131500244e+02 6.9143200684e+02 6.9159698486e+02 6.9179602051e+02 6.9195300293e+02 6.9210699463e+02 6.9219500732e+02 6.9228802490e+02 6.9237902832e+02 6.9249102783e+02 6.9263800049e+02 6.9283099365e+02 6.9296697998e+02 6.9302301025e+02 6.9310400391e+02 6.9319097900e+02 6.9328302002e+02 6.9341900635e+02 6.9356402588e+02 6.9368798828e+02 6.9380102539e+02 6.9392999268e+02 6.9402099609e+02 6.9410797119e+02 6.9422100830e+02 6.9438299561e+02 6.9451800537e+02 6.9463897705e+02 6.9474700928e+02 6.9482897949e+02 6.9471801758e+02 6.9453802490e+02 6.9448498535e+02 6.9447900391e+02
6.8966601563e+02 6.8982098389e+02 6.9000402832e+02 6.9017401123e+02 6.9029602051e+02 6.9043200684e+02 6.9056701660e+02 6.9069299316e+02 6.9084497070e+02 6.9103497314e+02 6.9118298340e+02 6.9129498291e+02 6.9139300537e+02 6.9148498535e+02 6.9165301514e+02 6.9184997559e+02 6.9201397705e+02 6.9223400879e+02 6.9232897949e+02 6.9238897705e+02 6.9246502686e+02 6.9256402588e+02 6.9269598389e+02 6.9287200928e+02 6.9298199463e+02 6.9308599854e+02 6.9322302246e+02 6.9329101563e+02 6.9334497070e+02 6.9350201416e+02 6.9364300537e+02 6.9375299072e+02 6.9387200928e+02 6.9398602295e+02 6.9408300781e+02 6.9418701172e+02 6.9430603027e+02 6.9446600342e+02 6.9458099365e+02 6.9469299316e+02 6.9480297852e+02 6.9491400146e+02 6.9493701172e+02 6.9486297607e+02 6.9476202393e+02 6.9467102051e+02
6.8976000977e+02 6.8995098877e+02 6.9009301758e+02 6.9024102783e+02 6.9038800049e+02 6.9052801514e+02 6.9067999268e+02 6.9083898926e+02 6.9099401855e+02 6.9112902832e+02 6.9123602295e+02 6.9135797119e+02 6.9146899414e+02 6.9156500244e+02 6.9172302246e+02 6.9189501953e+02 6.9210198975e+02 6.9235601807e+02 6.9243798828e+02 6.9246398926e+02 6.9252697754e+02 6.9260498047e+02 6.9273297119e+02 6.9291198730e+02 6.9303302002e+02 6.9317901611e+02 6.9331402588e+02 6.9335302734e+02 6.9343200684e+02 6.9364599609e+02 6.9377502441e+02 6.9386499023e+02 6.9396997070e+02 6.9405700684e+02 6.9415502930e+02 6.9427600098e+02 6.9440997314e+02 6.9455102539e+02 6.9464801025e+02 6.9475799561e+02 6.9486499023e+02 6.9497802734e+02 6.9508502197e+02 6.9514300537e+02 6.9511999512e+02 6.9503802490e+02
6.8987799072e+02 6.9008502197e+02 6.9018597412e+02 6.9036901855e+02 6.9053997803e+02 6.9061297607e+02 6.9077600098e+02 6.9094799805e+02 6.9105902100e+02 6.9119201660e+02 6.9131701660e+02 6.9146301270e+02 6.9159197998e+02 6.9170800781e+02 6.9182501221e+02 6.9196099854e+02 6.9221600342e+02 6.9237799072e+02 6.9244000244e+02 6.9247900391e+02 6.9256097412e+02 6.9267102051e+02 6.9281500244e+02 6.9299798584e+02 6.9318798828e+02 6.9332397461e+02 6.9340502930e+02 6.9343701172e+02 6.9352301025e+02 6.9370202637e+02 6.9383502197e+02 6.9395098877e+02 6.9406597900e+02 6.9416400146e+02 6.9425097656e+02 6.9434899902e+02 6.9447802734e+02 6.9463299561e+02 6.9473400879e+02 6.9482397461e+02 6.9494396973e+02 6.9504498291e+02 6.9514697266e+02 6.9525799561e+02 6.9534301758e+02 6.9542297363e+02
6.8995098877e+02 6.9017199707e+02 6.9033300781e+02 6.9051599121e+02 6.9060198975e+02 6.9070397949e+02 6.9088201904e+02 6.9099597168e+02 6.9110101318e+02 6.9123699951e+02 6.9138500977e+02 6.9158099365e+02 6.9173297119e+02 6.9185400391e+02 6.9192199707e+02 6.9200097656e+02 6.9219097900e+02 6.9235797119e+02 6.9244396973e+02 6.9251501465e+02 6.9261999512e+02 6.9275897217e+02 6.9291601563e+02 6.9309899902e+02 6.9329199219e+02 6.9341699219e+02 6.9348400879e+02 6.9353601074e+02 6.9361102295e+02 6.9371398926e+02 6.9384399414e+02 6.9398498535e+02 6.9411901855e+02 6.9423199463e+02 6.9434301758e+02 6.9444598389e+02 6.9454901123e+02 6.9469097900e+02 6.9479199219e+02 6.9488598633e+02 6.9501300049e+02 6.9511499023e+02 6.9525201416e+02 6.9537799072e+02 6.9545202637e+02 6.9553601074e+02
6.9004101563e+02 6.9024597168e+02 6.9047698975e+02 6.9064501953e+02 6.9066198730e+02 6.9077502441e+02 6.9092901611e+02 6.9102398682e+02 6.9118298340e+02 6.9132598877e+02 6.9148602295e+02 6.9170898438e+02 6.9185498047e+02 6.9195800781e+02 6.9201599121e+02 6.9207598877e+02 6.9222302246e+02 6.9235998535e+02 6.9246801758e+02 6.9257299805e+02 6.9270098877e+02 6.9286199951e+02 6.9303698730e+02 6.9321502686e+02 6.9337200928e+02 6.9346899414e+02 6.9354302979e+02 6.9361401367e+02 6.9369097900e+02 6.9377099609e+02 6.9389300537e+02 6.9404400635e+02 6.9418298340e+02 6.9429199219e+02 6.9443103027e+02 6.9455297852e+02 6.9463702393e+02 6.9477099609e+02 6.9488500977e+02 6.9499597168e+02 6.9510900879e+02 6.9521197510e+02 6.9536901855e+02 6.9550402832e+02 6.9556402588e+02 6.9565197754e+02
6.9009497070e+02 6.9030499268e+02 6.9058300781e+02 6.9077197266e+02 6.9078302002e+02 6.9083502197e+02 6.9096600342e+02 6.9109497070e+02 6.9129101563e+02 6.9146398926e+02 6.9160998535e+02 6.9178497314e+02 6.9191900635e+02 6.9203601074e+02 6.9211199951e+02 6.9218103027e+02 6.9230401611e+02 6.9241802979e+02 6.9253997803e+02 6.9266699219e+02 6.9280102539e+02 6.9299102783e+02 6.9316998291e+02 6.9331097412e+02 6.9340899658e+02 6.9349401855e+02 6.9358099365e+02 6.9366400146e+02 6.9374200439e+02 6.9384698486e+02 6.9397698975e+02 6.9412200928e+02 6.9425097656e+02 6.9437500000e+02 6.9453302002e+02 6.9465802002e+02 6.9475500488e+02 6.9488897705e+02 6.9498999023e+02 6.9510900879e+02 6.9521099854e+02 6.9530499268e+02 6.9543798828e+02 6.9556298828e+02 6.9564398193e+02 6.9574102783e+02
6.9017602539e+02 6.9035900879e+02 6.9054699707e+02 6.9071502686e+02 6.9083801270e+02 6.9091198730e+02 6.9104199219e+02 6.9120300293e+02 6.9137097168e+02 6.9153302002e+02 6.9168200684e+02 6.9182702637e+02 6.9197802734e+02 6.9211999512e+02 6.9221197510e+02 6.9228002930e+02 6.9238201904e+02 6.9249102783e+02 6.9264599609e+02 6.9279797363e+02 6.9292901611e+02 6.9310900879e+02 6.9328302002e+02 6.9337902832e+02 6.9342797852e+02 6.9351000977e+02 6.9360400391e+02 6.9369299316e+02 6.9376202393e+02 6.9391101074e+02 6.9405999756e+02 6.9419500732e+02 6.9431799316e+02 6.9453002930e+02 6.9470501709e+02 6.9481097412e+02 6.9495300293e+02 6.9500897217e+02 6.9506799316e+02 6.9516900635e+02 6.9527600098e+02 6.9539001465e+02 6.9550097656e+02 6.9560198975e+02 6.9568902588e+02 6.9579302979e+02
6.9031799316e+02 6.9041998291e+02 6.9050897217e+02 6.9065899658e+02 6.9082000732e+02 6.9096002197e+02 6.9114300537e+02 6.9131298828e+02 6.9146398926e+02 6.9159600830e+02 6.9173101807e+02 6.9191302490e+02 6.9209698486e+02 6.9226300049e+02 6.9233898926e+02 6.9239099121e+02 6.9249700928e+02 6.9261199951e+02 6.9275500488e+02 6.9289501953e+02 6.9303100586e+02 6.9316802979e+02 6.9331201172e+02 6.9339099121e+02 6.9344598389e+02 6.9351098633e+02 6.9359197998e+02 6.9370202637e+02 6.9379302979e+02 6.9396301270e+02 6.9412402344e+02 6.9426800537e+02 6.9441802979e+02 6.9465698242e+02 6.9487799072e+02 6.9499401855e+02 6.9505297852e+02 6.9510400391e+02 6.9516601563e+02 6.9526300049e+02 6.9537902832e+02 6.9552197266e+02 6.9564398193e+02 6.9573400879e+02 6.9580603027e+02 6.9591198730e+02
6.9034698486e+02 6.9044299316e+02 6.9056402588e+02 6.9074798584e+02 6.9089801025e+02 6.9104699707e+02 6.9126800537e+02 6.9142700195e+02 6.9153302002e+02 6.9169702148e+02 6.9185900879e+02 6.9202801514e+02 6.9218298340e+02 6.9232598877e+02 6.9239599609e+02 6.9247497559e+02 6.9259497070e+02 6.9270697021e+02 6.9284997559e+02 6.9298901367e+02 6.9311700439e+02 6.9323901367e+02 6.9334301758e+02 6.9340399170e+02 6.9347497559e+02 6.9354101563e+02 6.9363397217e+02 6.9376202393e+02 6.9386401367e+02 6.9402697754e+02 6.9418200684e+02 6.9434301758e+02 6.9452197266e+02 6.9469702148e+02 6.9493402100e+02 6.9506597900e+02 6.9508001709e+02 6.9515502930e+02 6.9523797607e+02 6.9534600830e+02 6.9546697998e+02 6.9563299561e+02 6.9577099609e+02 6.9586199951e+02 6.9592797852e+02 6.9605700684e+02
6.9040802002e+02 6.9050701904e+02 6.9066302490e+02 6.9085797119e+02 6.9100097656e+02 6.9114398193e+02 6.9133197021e+02 6.9148199463e+02 6.9160198975e+02 6.9184997559e+02 6.9202301025e+02 6.9211499023e+02 6.9221600342e+02 6.9235101318e+02 6.9243902588e+02 6.9254400635e+02 6.9266198730e+02 6.9277801514e+02 6.9294299316e+02 6.9309802246e+02 6.9319500732e+02 6.9330297852e+02 6.9340002441e+02 6.9346899414e+02 6.9355102539e+02 6.9362799072e+02 6.9373602295e+02 6.9386700439e+02 6.9398498535e+02 6.9413800049e+02 6.9427197266e+02 6.9441699219e+02 6.9457702637e+02 6.9469897461e+02 6.9487097168e+02 6.9497601318e+02 6.9503900146e+02 6.9516198730e+02 6.9525701904e+02 6.9537298584e+02 6.9551098633e+02 6.9569201660e+02 6.9584100342e+02 6.9593402100e+02 6.9599298096e+02 6.9611499023e+02
