TESTSERVER/14/0.asc
NCOLS 100
NROWS 100
XLLCORNER 8.1997500000e+03
YLLCORNER 2.8995025000e+05
CELLSIZE 5.0000000000e-01
NODATA_VALUE -9.9990000000e+03
[rows 0 to 19 of 100, columns 0 to 45 of 100]
6.8414801025e+02 6.8425897217e+02 6.8438800049e+02 6.8437799072e+02 6.8415502930e+02 6.8419500732e+02 6.8421899414e+02 6.8413500977e+02 6.8400701904e+02 6.8425500488e+02 6.8482098389e+02 6.8504602051e+02 6.8506097412e+02 6.8511999512e+02 6.8531097412e+02 6.8562597656e+02 6.8586199951e+02 6.8597497559e+02 6.8609002686e+02 6.8619000244e+02 6.8628302002e+02 6.8635601807e+02 6.8644097900e+02 6.8651397705e+02 6.8655798340e+02 6.8665301514e+02 6.8676898193e+02 6.8687200928e+02 6.8697302246e+02 6.8706402588e+02 6.8714801025e+02 6.8727697754e+02 6.8743902588e+02 6.8754901123e+02 6.8759301758e+02 6.8763000488e+02 6.8769598389e+02 6.8774401855e+02 6.8780999756e+02 6.8787402344e+02 6.8793499756e+02 6.8803601074e+02 6.8814099121e+02 6.8822900391e+02 6.8828802490e+02 6.8836401367e+02
6.8428100586e+02 6.8442602539e+02 6.8452197266e+02 6.8451898193e+02 6.8441198730e+02 6.8438397217e+02 6.8453002930e+02 6.8447302246e+02 6.8423797607e+02 6.8445098877e+02 6.8483001709e+02 6.8496801758e+02 6.8505798340e+02 6.8511401367e+02 6.8525701904e+02 6.8559100342e+02 6.8580297852e+02 6.8592700195e+02 6.8605700684e+02 6.8615399170e+02 6.8623901367e+02 6.8632702637e+02 6.8642999268e+02 6.8652600098e+02 6.8659197998e+02 6.8664398193e+02 6.8672698975e+02 6.8682702637e+02 6.8692999268e+02 6.8704101563e+02 6.8712799072e+02 6.8724298096e+02 6.8742297363e+02 6.8758300781e+02 6.8767297363e+02 6.8773602295e+02 6.8779302979e+02 6.8781896973e+02 6.8786297607e+02 6.8792602539e+02 6.8798199463e+02 6.8806097412e+02 6.8815399170e+02 6.8824200439e+02 6.8833502197e+02 6.8840197754e+02
6.8438800049e+02 6.8453198242e+02 6.8460198975e+02 6.8466302490e+02 6.8474499512e+02 6.8476300049e+02 6.8488800049e+02 6.8494396973e+02 6.8480200195e+02 6.8485998535e+02 6.8489300537e+02 6.8487402344e+02 6.8501098633e+02 6.8510101318e+02 6.8521197510e+02 6.8551898193e+02 6.8576599121e+02 6.8587902832e+02 6.8596301270e+02 6.8606799316e+02 6.8618798828e+02 6.8628802490e+02 6.8641198730e+02 6.8651702881e+02 6.8657598877e+02 6.8663000488e+02 6.8670001221e+02 6.8678100586e+02 6.8689300537e+02 6.8700598145e+02 6.8711602783e+02 6.8725799561e+02 6.8744000244e+02 6.8758398438e+02 6.8770300293e+02 6.8779901123e+02 6.8787097168e+02 6.8791302490e+02 6.8796002197e+02 6.8800799561e+02 6.8803802490e+02 6.8810101318e+02 6.8816802979e+02 6.8823602295e+02 6.8835198975e+02 6.8842297363e+02
6.8443701172e+02 6.8456500244e+02 6.8463800049e+02 6.8473498535e+02 6.8487902832e+02 6.8497998047e+02 6.8507299805e+02 6.8514202881e+02 6.8508898926e+02 6.8504602051e+02 6.8499200439e+02 6.8488897705e+02 6.8494000244e+02 6.8503198242e+02 6.8515502930e+02 6.8539697266e+02 6.8563299561e+02 6.8571398926e+02 6.8576599121e+02 6.8590301514e+02 6.8609399414e+02 6.8621801758e+02 6.8635498047e+02 6.8647100830e+02 6.8655102539e+02 6.8661602783e+02 6.8668902588e+02 6.8677697754e+02 6.8688800049e+02 6.8699200439e+02 6.8710900879e+02 6.8726501465e+02 6.8744500732e+02 6.8758001709e+02 6.8771997070e+02 6.8783099365e+02 6.8791302490e+02 6.8796197510e+02 6.8802697754e+02 6.8808300781e+02 6.8810101318e+02 6.8814898682e+02 6.8821002197e+02 6.8826098633e+02 6.8835498047e+02 6.8842700195e+02
6.8444702148e+02 6.8457000732e+02 6.8465899658e+02 6.8477197266e+02 6.8494000244e+02 6.8503399658e+02 6.8515600586e+02 6.8522998047e+02 6.8524700928e+02 6.8524597168e+02 6.8522601318e+02 6.8507299805e+02 6.8493103027e+02 6.8496899414e+02 6.8507098389e+02 6.8521997070e+02 6.8536102295e+02 6.8544299316e+02 6.8556201172e+02 6.8570697021e+02 6.8587500000e+02 6.8608801270e+02 6.8624200439e+02 6.8636901855e+02 6.8649499512e+02 6.8655700684e+02 6.8663800049e+02 6.8675097656e+02 6.8685302734e+02 6.8696002197e+02 6.8708197021e+02 6.8723498535e+02 6.8740100098e+02 6.8754797363e+02 6.8771398926e+02 6.8783197021e+02 6.8789398193e+02 6.8792297363e+02 6.8802099609e+02 6.8813098145e+02 6.8824298096e+02 6.8824902344e+02 6.8827600098e+02 6.8831799316e+02 6.8839202881e+02 6.8844396973e+02
6.8441101074e+02 6.8458398438e+02 6.8470501709e+02 6.8481799316e+02 6.8497198486e+02 6.8508697510e+02 6.8520397949e+02 6.8528399658e+02 6.8533398438e+02 6.8538397217e+02 6.8544000244e+02 6.8542498779e+02 6.8523602295e+02 6.8505700684e+02 6.8497698975e+02 6.8502801514e+02 6.8510400391e+02 6.8522802734e+02 6.8542901611e+02 6.8556701660e+02 6.8567901611e+02 6.8590197754e+02 6.8609497070e+02 6.8622198486e+02 6.8633197021e+02 6.8643902588e+02 6.8654998779e+02 6.8668597412e+02 6.8678802490e+02 6.8688702393e+02 6.8700897217e+02 6.8716802979e+02 6.8733398438e+02 6.8752001953e+02 6.8767797852e+02 6.8779199219e+02 6.8785101318e+02 6.8787200928e+02 6.8798602295e+02 6.8814001465e+02 6.8825000000e+02 6.8829797363e+02 6.8834399414e+02 6.8839001465e+02 6.8845001221e+02 6.8848999023e+02
6.8444500732e+02 6.8462200928e+02 6.8477099609e+02 6.8489398193e+02 6.8499298096e+02 6.8508599854e+02 6.8521997070e+02 6.8532098389e+02 6.8540399170e+02 6.8545202637e+02 6.8551397705e+02 6.8559301758e+02 6.8561499023e+02 6.8546697998e+02 6.8524298096e+02 6.8512701416e+02 6.8514202881e+02 6.8527301025e+02 6.8535900879e+02 6.8540997314e+02 6.8551000977e+02 6.8568298340e+02 6.8584399414e+02 6.8598699951e+02 6.8613201904e+02 6.8628302002e+02 6.8640502930e+02 6.8655200195e+02 6.8668499756e+02 6.8677899170e+02 6.8691998291e+02 6.8710998535e+02 6.8728399658e+02 6.8746997070e+02 6.8760601807e+02 6.8768701172e+02 6.8770898438e+02 6.8770501709e+02 6.8777899170e+02 6.8800500488e+02 6.8821197510e+02 6.8831896973e+02 6.8840899658e+02 6.8846099854e+02 6.8851300049e+02 6.8854901123e+02
6.8461602783e+02 6.8475598145e+02 6.8486199951e+02 6.8498400879e+02 6.8506298828e+02 6.8516101074e+02 6.8528997803e+02 6.8537200928e+02 6.8544799805e+02 6.8550402832e+02 6.8558001709e+02 6.8564697266e+02 6.8575201416e+02 6.8580200195e+02 6.8573101807e+02 6.8564099121e+02 6.8559899902e+02 6.8564898682e+02 6.8551098633e+02 6.8538299561e+02 6.8542901611e+02 6.8550402832e+02 6.8558502197e+02 6.8573400879e+02 6.8591699219e+02 6.8608398438e+02 6.8620501709e+02 6.8634802246e+02 6.8650097656e+02 6.8661602783e+02 6.8679101563e+02 6.8701000977e+02 6.8719396973e+02 6.8735797119e+02 6.8742297363e+02 6.8743597412e+02 6.8740997314e+02 6.8733398438e+02 6.8729602051e+02 6.8758599854e+02 6.8803002930e+02 6.8824200439e+02 6.8838201904e+02 6.8847497559e+02 6.8857000732e+02 6.8860998535e+02
6.8483599854e+02 6.8492901611e+02 6.8496099854e+02 6.8504498291e+02 6.8516198730e+02 6.8525299072e+02 6.8534997559e+02 6.8541601563e+02 6.8547998047e+02 6.8557000732e+02 6.8567901611e+02 6.8573901367e+02 6.8579498291e+02 6.8584997559e+02 6.8590301514e+02 6.8592901611e+02 6.8593103027e+02 6.8597900391e+02 6.8584802246e+02 6.8561901855e+02 6.8545501709e+02 6.8549499512e+02 6.8554302979e+02 6.8567901611e+02 6.8584100342e+02 6.8594097900e+02 6.8598101807e+02 6.8605499268e+02 6.8622698975e+02 6.8632702637e+02 6.8642901611e+02 6.8653198242e+02 6.8657299805e+02 6.8697698975e+02 6.8708898926e+02 6.8708801270e+02 6.8707000732e+02 6.8694799805e+02 6.8692102051e+02 6.8725000000e+02 6.8771899414e+02 6.8802398682e+02 6.8822100830e+02 6.8838299561e+02 6.8858099365e+02 6.8868597412e+02
6.8500299072e+02 6.8506097412e+02 6.8511199951e+02 6.8517901611e+02 6.8527099609e+02 6.8533300781e+02 6.8542498779e+02 6.8549597168e+02 6.8557000732e+02 6.8564898682e+02 6.8574499512e+02 6.8584197998e+02 6.8591601563e+02 6.8595697021e+02 6.8597698975e+02 6.8602197266e+02 6.8605297852e+02 6.8607202148e+02 6.8607897949e+02 6.8598498535e+02 6.8582501221e+02 6.8563098145e+02 6.8557397461e+02 6.8570098877e+02 6.8588598633e+02 6.8589300537e+02 6.8588500977e+02 6.8593298340e+02 6.8609497070e+02 6.8616198730e+02 6.8621899414e+02 6.8627398682e+02 6.8636102295e+02 6.8650299072e+02 6.8665600586e+02 6.8673101807e+02 6.8679699707e+02 6.8678601074e+02 6.8685699463e+02 6.8713897705e+02 6.8748199463e+02 6.8774499512e+02 6.8794799805e+02 6.8813201904e+02 6.8843103027e+02 6.8868298340e+02
6.8518402100e+02 6.8522698975e+02 6.8526098633e+02 6.8533801270e+02 6.8542401123e+02 6.8544799805e+02 6.8553900146e+02 6.8562500000e+02 6.8568798828e+02 6.8575097656e+02 6.8583300781e+02 6.8592199707e+02 6.8599597168e+02 6.8606298828e+02 6.8608801270e+02 6.8611999512e+02 6.8616101074e+02 6.8619702148e+02 6.8623699951e+02 6.8624102783e+02 6.8619299316e+02 6.8604199219e+02 6.8594299316e+02 6.8591497803e+02 6.8595001221e+02 6.8596801758e+02 6.8602899170e+02 6.8607397461e+02 6.8611199951e+02 6.8615698242e+02 6.8623699951e+02 6.8630902100e+02 6.8641400146e+02 6.8651702881e+02 6.8659600830e+02 6.8663397217e+02 6.8674298096e+02 6.8685400391e+02 6.8690002441e+02 6.8701599121e+02 6.8719299316e+02 6.8739001465e+02 6.8764398193e+02 6.8786199951e+02 6.8820697021e+02 6.8853002930e+02
6.8532202148e+02 6.8535498047e+02 6.8540698242e+02 6.8550402832e+02 6.8558300781e+02 6.8561700439e+02 6.8570898438e+02 6.8577099609e+02 6.8583197021e+02 6.8587902832e+02 6.8594396973e+02 6.8601501465e+02 6.8608001709e+02 6.8615002441e+02 6.8617199707e+02 6.8619396973e+02 6.8627301025e+02 6.8634301758e+02 6.8636901855e+02 6.8638598633e+02 6.8638000488e+02 6.8633898926e+02 6.8634100342e+02 6.8629498291e+02 6.8622998047e+02 6.8630999756e+02 6.8642199707e+02 6.8646502686e+02 6.8642102051e+02 6.8637298584e+02 6.8638201904e+02 6.8644500732e+02 6.8651300049e+02 6.8666497803e+02 6.8675500488e+02 6.8675897217e+02 6.8679998779e+02 6.8689001465e+02 6.8694396973e+02 6.8701702881e+02 6.8703900146e+02 6.8717999268e+02 6.8746301270e+02 6.8763299561e+02 6.8797302246e+02 6.8831097412e+02
6.8545300293e+02 6.8549700928e+02 6.8557598877e+02 6.8563897705e+02 6.8567700195e+02 6.8575598145e+02 6.8585998535e+02 6.8591497803e+02 6.8596301270e+02 6.8601599121e+02 6.8608502197e+02 6.8613098145e+02 6.8618298340e+02 6.8623297119e+02 6.8623602295e+02 6.8627600098e+02 6.8637799072e+02 6.8642602539e+02 6.8645697021e+02 6.8649902344e+02 6.8650799561e+02 6.8649298096e+02 6.8649798584e+02 6.8648400879e+02 6.8648602295e+02 6.8660699463e+02 6.8665399170e+02 6.8670001221e+02 6.8671099854e+02 6.8666802979e+02 6.8665197754e+02 6.8671801758e+02 6.8679602051e+02 6.8689398193e+02 6.8704998779e+02 6.8710198975e+02 6.8707897949e+02 6.8707800293e+02 6.8709197998e+02 6.8712097168e+02 6.8705401611e+02 6.8715197754e+02 6.8734899902e+02 6.8742700195e+02 6.8761297607e+02 6.8800799561e+02
6.8559497070e+02 6.8562500000e+02 6.8567700195e+02 6.8571398926e+02 6.8578302002e+02 6.8584899902e+02 6.8595697021e+02 6.8605297852e+02 6.8610998535e+02 6.8615502930e+02 6.8619897461e+02 6.8621600342e+02 6.8625201416e+02 6.8630603027e+02 6.8632897949e+02 6.8638800049e+02 6.8646002197e+02 6.8652099609e+02 6.8654602051e+02 6.8658099365e+02 6.8660302734e+02 6.8660699463e+02 6.8661700439e+02 6.8661700439e+02 6.8664501953e+02 6.8671697998e+02 6.8678002930e+02 6.8683398438e+02 6.8686602783e+02 6.8687200928e+02 6.8690502930e+02 6.8698699951e+02 6.8706097412e+02 6.8712097168e+02 6.8718902588e+02 6.8723101807e+02 6.8724597168e+02 6.8724298096e+02 6.8722698975e+02 6.8723199463e+02 6.8717297363e+02 6.8708801270e+02 6.8715802002e+02 6.8731896973e+02 6.8752301025e+02 6.8771600342e+02
6.8573101807e+02 6.8572802734e+02 6.8575799561e+02 6.8582098389e+02 6.8592901611e+02 6.8600500488e+02 6.8614099121e+02 6.8623297119e+02 6.8627801514e+02 6.8631402588e+02 6.8632897949e+02 6.8633898926e+02 6.8638299561e+02 6.8643597412e+02 6.8646899414e+02 6.8653302002e+02 6.8659197998e+02 6.8663397217e+02 6.8666699219e+02 6.8670599365e+02 6.8674298096e+02 6.8677697754e+02 6.8677197266e+02 6.8676501465e+02 6.8680297852e+02 6.8686199951e+02 6.8694000244e+02 6.8699298096e+02 6.8706201172e+02 6.8709301758e+02 6.8714599609e+02 6.8721899414e+02 6.8726000977e+02 6.8726501465e+02 6.8727398682e+02 6.8729498291e+02 6.8731402588e+02 6.8730902100e+02 6.8731701660e+02 6.8735302734e+02 6.8733398438e+02 6.8729101563e+02 6.8730200195e+02 6.8735198975e+02 6.8747497559e+02 6.8759997559e+02
6.8587799072e+02 6.8588397217e+02 6.8591601563e+02 6.8602398682e+02 6.8613500977e+02 6.8623602295e+02 6.8636999512e+02 6.8640502930e+02 6.8642498779e+02 6.8648297119e+02 6.8648199463e+02 6.8648901367e+02 6.8653198242e+02 6.8658099365e+02 6.8661102295e+02 6.8667199707e+02 6.8675000000e+02 6.8675500488e+02 6.8681701660e+02 6.8690502930e+02 6.8700402832e+02 6.8712097168e+02 6.8710601807e+02 6.8703302002e+02 6.8703399658e+02 6.8711602783e+02 6.8717999268e+02 6.8721197510e+02 6.8729901123e+02 6.8735601807e+02 6.8741198730e+02 6.8746600342e+02 6.8748297119e+02 6.8748297119e+02 6.8747802734e+02 6.8746801758e+02 6.8745397949e+02 6.8745001221e+02 6.8742797852e+02 6.8743701172e+02 6.8743103027e+02 6.8744000244e+02 6.8745098877e+02 6.8740399170e+02 6.8740399170e+02 6.8747100830e+02
6.8595697021e+02 6.8601800537e+02 6.8611102295e+02 6.8621197510e+02 6.8631201172e+02 6.8647802734e+02 6.8656500244e+02 6.8655798340e+02 6.8658801270e+02 6.8667999268e+02 6.8666302490e+02 6.8665002441e+02 6.8666699219e+02 6.8672601318e+02 6.8676300049e+02 6.8679998779e+02 6.8686700439e+02 6.8689801025e+02 6.8699597168e+02 6.8710400391e+02 6.8720898438e+02 6.8730297852e+02 6.8735101318e+02 6.8732000732e+02 6.8732202148e+02 6.8740100098e+02 6.8745300293e+02 6.8748400879e+02 6.8752600098e+02 6.8759600830e+02 6.8766101074e+02 6.8771099854e+02 6.8773199463e+02 6.8775897217e+02 6.8774499512e+02 6.8771301270e+02 6.8771002197e+02 6.8768298340e+02 6.8761297607e+02 6.8757098389e+02 6.8752099609e+02 6.8753100586e+02 6.8754498291e+02 6.8750701904e+02 6.8741601563e+02 6.8738201904e+02
6.8606701660e+02 6.8617602539e+02 6.8628002930e+02 6.8636999512e+02 6.8654498291e+02 6.8671099854e+02 6.8675701904e+02 6.8673199463e+02 6.8677001953e+02 6.8684802246e+02 6.8680200195e+02 6.8680102539e+02 6.8684802246e+02 6.8687597656e+02 6.8695202637e+02 6.8701800537e+02 6.8708398438e+02 6.8722399902e+02 6.8739398193e+02 6.8747998047e+02 6.8748199463e+02 6.8746502686e+02 6.8752398682e+02 6.8754998779e+02 6.8757202148e+02 6.8764697266e+02 6.8770501709e+02 6.8773101807e+02 6.8774200439e+02 6.8782000732e+02 6.8786901855e+02 6.8788201904e+02 6.8790502930e+02 6.8794097900e+02 6.8794500732e+02 6.8796697998e+02 6.8799200439e+02 6.8796099854e+02 6.8791198730e+02 6.8787799072e+02 6.8778802490e+02 6.8774102783e+02 6.8772198486e+02 6.8767102051e+02 6.8757397461e+02 6.8745001221e+02
6.8622900391e+02 6.8635998535e+02 6.8641998291e+02 6.8649798584e+02 6.8669897461e+02 6.8687799072e+02 6.8694799805e+02 6.8691101074e+02 6.8687500000e+02 6.8691302490e+02 6.8690600586e+02 6.8694799805e+02 6.8702001953e+02 6.8706896973e+02 6.8717901611e+02 6.8728002930e+02 6.8736199951e+02 6.8754400635e+02 6.8770397949e+02 6.8775402832e+02 6.8768902588e+02 6.8765399170e+02 6.8771197510e+02 6.8776501465e+02 6.8778802490e+02 6.8784100342e+02 6.8789099121e+02 6.8791802979e+02 6.8793701172e+02 6.8800097656e+02 6.8802197266e+02 6.8802600098e+02 6.8808502197e+02 6.8813201904e+02 6.8815197754e+02 6.8818298340e+02 6.8821600342e+02 6.8818298340e+02 6.8815301514e+02 6.8814599609e+02 6.8808001709e+02 6.8800701904e+02 6.8800500488e+02 6.8791101074e+02 6.8777301025e+02 6.8767297363e+02
6.8638098145e+02 6.8652001953e+02 6.8658001709e+02 6.8665197754e+02 6.8679498291e+02 6.8696697998e+02 6.8704797363e+02 6.8701098633e+02 6.8695697021e+02 6.8699298096e+02 6.8701898193e+02 6.8708197021e+02 6.8714898682e+02 6.8724902344e+02 6.8736401367e+02 6.8746997070e+02 6.8757501221e+02 6.8767297363e+02 6.8776000977e+02 6.8778900146e+02 6.8776000977e+02 6.8777502441e+02 6.8784197998e+02 6.8791198730e+02 6.8795300293e+02 6.8798901367e+02 6.8803302002e+02 6.8807800293e+02 6.8811999512e+02 6.8814801025e+02 6.8816601563e+02 6.8818103027e+02 6.8825598145e+02 6.8833502197e+02 6.8836798096e+02 6.8840502930e+02 6.8845898438e+02 6.8845599365e+02 6.8842700195e+02 6.8841802979e+02 6.8836297607e+02 6.8826000977e+02 6.8826397705e+02 6.8816400146e+02 6.8800299072e+02 6.8791998291e+02
