TESTSERVER/14/0.asc
NCOLS 100
NROWS 100
XLLCORNER 8.1997500000e+03
YLLCORNER 2.8995025000e+05
CELLSIZE 5.0000000000e-01
NODATA_VALUE -9.9990000000e+03
[rows 20 to 39 of 100, columns 46 to 91 of 100]
6.8801300049e+02 6.8795800781e+02 6.8783599854e+02 6.8782397461e+02 6.8792297363e+02 6.8804797363e+02 6.8827301025e+02 6.8854901123e+02 6.8886297607e+02 6.8921997070e+02 6.8956896973e+02 6.8980999756e+02 6.8988897705e+02 6.8995599365e+02 6.9004101563e+02 6.9013500977e+02 6.9021997070e+02 6.9031201172e+02 6.9038098145e+02 6.9045697021e+02 6.9053497314e+02 6.9059802246e+02 6.9068298340e+02 6.9076000977e+02 6.9084002686e+02 6.9091302490e+02 6.9098101807e+02 6.9105798340e+02 6.9111798096e+02 6.9119799805e+02 6.9129199219e+02 6.9136199951e+02 6.9143200684e+02 6.9151300049e+02 6.9158898926e+02 6.9165997314e+02 6.9172198486e+02 6.9178002930e+02 6.9183801270e+02 6.9192901611e+02 6.9185400391e+02 6.9178100586e+02 6.9204400635e+02 6.9242297363e+02 6.9270300293e+02 6.9291198730e+02
6.8825500488e+02 6.8813201904e+02 6.8801000977e+02 6.8797302246e+02 6.8796600342e+02 6.8795599365e+02 6.8804498291e+02 6.8826300049e+02 6.8860699463e+02 6.8897302246e+02 6.8935101318e+02 6.8975897217e+02 6.8990100098e+02 6.8994702148e+02 6.9003601074e+02 6.9014099121e+02 6.9022601318e+02 6.9033197021e+02 6.9040197754e+02 6.9050500488e+02 6.9057897949e+02 6.9064202881e+02 6.9072399902e+02 6.9078302002e+02 6.9085101318e+02 6.9091601563e+02 6.9099798584e+02 6.9107598877e+02 6.9114001465e+02 6.9120300293e+02 6.9130200195e+02 6.9137799072e+02 6.9145202637e+02 6.9153399658e+02 6.9159002686e+02 6.9167498779e+02 6.9174597168e+02 6.9179498291e+02 6.9185498047e+02 6.9187200928e+02 6.9178497314e+02 6.9179199219e+02 6.9203399658e+02 6.9237097168e+02 6.9266802979e+02 6.9282702637e+02
6.8857702637e+02 6.8840002441e+02 6.8822302246e+02 6.8819201660e+02 6.8815100098e+02 6.8805603027e+02 6.8798297119e+02 6.8811602783e+02 6.8836297607e+02 6.8872302246e+02 6.8911602783e+02 6.8953802490e+02 6.8976098633e+02 6.8986499023e+02 6.9000402832e+02 6.9013299561e+02 6.9022900391e+02 6.9035198975e+02 6.9042199707e+02 6.9051300049e+02 6.9059802246e+02 6.9066601563e+02 6.9075500488e+02 6.9083398438e+02 6.9092602539e+02 6.9097900391e+02 6.9099499512e+02 6.9107501221e+02 6.9116198730e+02 6.9122100830e+02 6.9130700684e+02 6.9139202881e+02 6.9147302246e+02 6.9154498291e+02 6.9160198975e+02 6.9167297363e+02 6.9173699951e+02 6.9179199219e+02 6.9185101318e+02 6.9180798340e+02 6.9177099609e+02 6.9183502197e+02 6.9196899414e+02 6.9223498535e+02 6.9254400635e+02 6.9271600342e+02
6.8878399658e+02 6.8863299561e+02 6.8844598389e+02 6.8835302734e+02 6.8832501221e+02 6.8829797363e+02 6.8823999023e+02 6.8821600342e+02 6.8823797607e+02 6.8848101807e+02 6.8890399170e+02 6.8936102295e+02 6.8958898926e+02 6.8975097656e+02 6.8993402100e+02 6.9013897705e+02 6.9023602295e+02 6.9034197998e+02 6.9044097900e+02 6.9053002930e+02 6.9064697266e+02 6.9074102783e+02 6.9081500244e+02 6.9094500732e+02 6.9112200928e+02 6.9123400879e+02 6.9115899658e+02 6.9112298584e+02 6.9117901611e+02 6.9124401855e+02 6.9131701660e+02 6.9140502930e+02 6.9147900391e+02 6.9154901123e+02 6.9161499023e+02 6.9166601563e+02 6.9171697998e+02 6.9177697754e+02 6.9184100342e+02 6.9185498047e+02 6.9189898682e+02 6.9192602539e+02 6.9192297363e+02 6.9207098389e+02 6.9235998535e+02 6.9260900879e+02
6.8909002686e+02 6.8896301270e+02 6.8874798584e+02 6.8858099365e+02 6.8848400879e+02 6.8847802734e+02 6.8847399902e+02 6.8832397461e+02 6.8820898438e+02 6.8828302002e+02 6.8863897705e+02 6.8919702148e+02 6.8946600342e+02 6.8963397217e+02 6.8975500488e+02 6.9006799316e+02 6.9020697021e+02 6.9033398438e+02 6.9049700928e+02 6.9062500000e+02 6.9075598145e+02 6.9087402344e+02 6.9092401123e+02 6.9111297607e+02 6.9139099121e+02 6.9156701660e+02 6.9146197510e+02 6.9131298828e+02 6.9125299072e+02 6.9126898193e+02 6.9133300781e+02 6.9142797852e+02 6.9149401855e+02 6.9154797363e+02 6.9160998535e+02 6.9168499756e+02 6.9172802734e+02 6.9176800537e+02 6.9183398438e+02 6.9190301514e+02 6.9196997070e+02 6.9198297119e+02 6.9200897217e+02 6.9204797363e+02 6.9217700195e+02 6.9239202881e+02
6.8942199707e+02 6.8930102539e+02 6.8905902100e+02 6.8889801025e+02 6.8875097656e+02 6.8861901855e+02 6.8855401611e+02 6.8845697021e+02 6.8832000732e+02 6.8837500000e+02 6.8865301514e+02 6.8901800537e+02 6.8925201416e+02 6.8947302246e+02 6.8960601807e+02 6.8990197754e+02 6.9016302490e+02 6.9048602295e+02 6.9077600098e+02 6.9085998535e+02 6.9091998291e+02 6.9104797363e+02 6.9110797119e+02 6.9129602051e+02 6.9168902588e+02 6.9194598389e+02 6.9186199951e+02 6.9165002441e+02 6.9144299316e+02 6.9133300781e+02 6.9134698486e+02 6.9142498779e+02 6.9150701904e+02 6.9159497070e+02 6.9165997314e+02 6.9168200684e+02 6.9170800781e+02 6.9176800537e+02 6.9186798096e+02 6.9193597412e+02 6.9200299072e+02 6.9204699707e+02 6.9208697510e+02 6.9210400391e+02 6.9217102051e+02 6.9227099609e+02
6.8975402832e+02 6.8961499023e+02 6.8937097168e+02 6.8923297119e+02 6.8905297852e+02 6.8883099365e+02 6.8870001221e+02 6.8864001465e+02 6.8853399658e+02 6.8850000000e+02 6.8852697754e+02 6.8862500000e+02 6.8878399658e+02 6.8912597656e+02 6.8941101074e+02 6.8970098877e+02 6.9016601563e+02 6.9067401123e+02 6.9090698242e+02 6.9089697266e+02 6.9098199463e+02 6.9122900391e+02 6.9133697510e+02 6.9139697266e+02 6.9172998047e+02 6.9210601807e+02 6.9217901611e+02 6.9202099609e+02 6.9176898193e+02 6.9152600098e+02 6.9141497803e+02 6.9147900391e+02 6.9155902100e+02 6.9157098389e+02 6.9159301758e+02 6.9162402344e+02 6.9168701172e+02 6.9176397705e+02 6.9183599854e+02 6.9191900635e+02 6.9202502441e+02 6.9211102295e+02 6.9215399170e+02 6.9217700195e+02 6.9225000000e+02 6.9230700684e+02
6.9002697754e+02 6.8989202881e+02 6.8966601563e+02 6.8951098633e+02 6.8933300781e+02 6.8910998535e+02 6.8891101074e+02 6.8880902100e+02 6.8876898193e+02 6.8869201660e+02 6.8856799316e+02 6.8863299561e+02 6.8870501709e+02 6.8892700195e+02 6.8919201660e+02 6.8948901367e+02 6.8996502686e+02 6.9043902588e+02 6.9057000732e+02 6.9071099854e+02 6.9095697021e+02 6.9130798340e+02 6.9148602295e+02 6.9151599121e+02 6.9168402100e+02 6.9202600098e+02 6.9226202393e+02 6.9223602295e+02 6.9204302979e+02 6.9174597168e+02 6.9156402588e+02 6.9162200928e+02 6.9160998535e+02 6.9138598633e+02 6.9130401611e+02 6.9139300537e+02 6.9164202881e+02 6.9181097412e+02 6.9184899902e+02 6.9190399170e+02 6.9199798584e+02 6.9210400391e+02 6.9217498779e+02 6.9223297119e+02 6.9231298828e+02 6.9236199951e+02
6.9022302246e+02 6.9012799072e+02 6.8996600342e+02 6.8980200195e+02 6.8964801025e+02 6.8939501953e+02 6.8922302246e+02 6.8913702393e+02 6.8906597900e+02 6.8894702148e+02 6.8881701660e+02 6.8885302734e+02 6.8897399902e+02 6.8907397461e+02 6.8908697510e+02 6.8930200195e+02 6.8960998535e+02 6.8990301514e+02 6.9006799316e+02 6.9038702393e+02 6.9079498291e+02 6.9125201416e+02 6.9151000977e+02 6.9163598633e+02 6.9173101807e+02 6.9180603027e+02 6.9189398193e+02 6.9200097656e+02 6.9191497803e+02 6.9171197510e+02 6.9155902100e+02 6.9150201416e+02 6.9137701416e+02 6.9116601563e+02 6.9111297607e+02 6.9126800537e+02 6.9167901611e+02 6.9192700195e+02 6.9196997070e+02 6.9199499512e+02 6.9203900146e+02 6.9209997559e+02 6.9214697266e+02 6.9225701904e+02 6.9234301758e+02 6.9239300537e+02
6.9050897217e+02 6.9043103027e+02 6.9026300049e+02 6.9007702637e+02 6.8993298340e+02 6.8970697021e+02 6.8956298828e+02 6.8948797607e+02 6.8936798096e+02 6.8919000244e+02 6.8907897949e+02 6.8903399658e+02 6.8900097656e+02 6.8909802246e+02 6.8910302734e+02 6.8920098877e+02 6.8936102295e+02 6.8958300781e+02 6.8989001465e+02 6.9014599609e+02 6.9055499268e+02 6.9108197021e+02 6.9140802002e+02 6.9162200928e+02 6.9179400635e+02 6.9182098389e+02 6.9170501709e+02 6.9170397949e+02 6.9167901611e+02 6.9157299805e+02 6.9143103027e+02 6.9125201416e+02 6.9111901855e+02 6.9103698730e+02 6.9110400391e+02 6.9149102783e+02 6.9192901611e+02 6.9209497070e+02 6.9208300781e+02 6.9209497070e+02 6.9212597656e+02 6.9218902588e+02 6.9222601318e+02 6.9228997803e+02 6.9235198975e+02 6.9242102051e+02
6.9074298096e+02 6.9065301514e+02 6.9050201416e+02 6.9034100342e+02 6.9019201660e+02 6.8996600342e+02 6.8980700684e+02 6.8971997070e+02 6.8961602783e+02 6.8946002197e+02 6.8933599854e+02 6.8922802734e+02 6.8912500000e+02 6.8914599609e+02 6.8911401367e+02 6.8917102051e+02 6.8924597168e+02 6.8937701416e+02 6.8965502930e+02 6.8995098877e+02 6.9031298828e+02 6.9072900391e+02 6.9111798096e+02 6.9140997314e+02 6.9163800049e+02 6.9175097656e+02 6.9167401123e+02 6.9163000488e+02 6.9154699707e+02 6.9139697266e+02 6.9124499512e+02 6.9105798340e+02 6.9097998047e+02 6.9100097656e+02 6.9121398926e+02 6.9165802002e+02 6.9200000000e+02 6.9211499023e+02 6.9211401367e+02 6.9214099121e+02 6.9220098877e+02 6.9230603027e+02 6.9235699463e+02 6.9238201904e+02 6.9241400146e+02 6.9246600342e+02
6.9092999268e+02 6.9082501221e+02 6.9070202637e+02 6.9058801270e+02 6.9041699219e+02 6.9018103027e+02 6.9001000977e+02 6.8990399170e+02 6.8983300781e+02 6.8973602295e+02 6.8962298584e+02 6.8948199463e+02 6.8935400391e+02 6.8925201416e+02 6.8914599609e+02 6.8915502930e+02 6.8923602295e+02 6.8929602051e+02 6.8939001465e+02 6.8974798584e+02 6.9013299561e+02 6.9045800781e+02 6.9080902100e+02 6.9107598877e+02 6.9125000000e+02 6.9140600586e+02 6.9147302246e+02 6.9138201904e+02 6.9129498291e+02 6.9117999268e+02 6.9106201172e+02 6.9094598389e+02 6.9095300293e+02 6.9109698486e+02 6.9139801025e+02 6.9167297363e+02 6.9184600830e+02 6.9198199463e+02 6.9207800293e+02 6.9213702393e+02 6.9221899414e+02 6.9237701416e+02 6.9248999023e+02 6.9252600098e+02 6.9256097412e+02 6.9259497070e+02
6.9112902832e+02 6.9098797607e+02 6.9086499023e+02 6.9079199219e+02 6.9060797119e+02 6.9038000488e+02 6.9017901611e+02 6.9004498291e+02 6.8999298096e+02 6.8995697021e+02 6.8990802002e+02 6.8977001953e+02 6.8961999512e+02 6.8941900635e+02 6.8925299072e+02 6.8921899414e+02 6.8930102539e+02 6.8931201172e+02 6.8921600342e+02 6.8954901123e+02 6.8991601563e+02 6.9022698975e+02 6.9052801514e+02 6.9077301025e+02 6.9090600586e+02 6.9104602051e+02 6.9118902588e+02 6.9110101318e+02 6.9106298828e+02 6.9098999023e+02 6.9092297363e+02 6.9089501953e+02 6.9098602295e+02 6.9122802734e+02 6.9141900635e+02 6.9152697754e+02 6.9163397217e+02 6.9182299805e+02 6.9203497314e+02 6.9211602783e+02 6.9217901611e+02 6.9234802246e+02 6.9252001953e+02 6.9261901855e+02 6.9270300293e+02 6.9277697754e+02
6.9133502197e+02 6.9122900391e+02 6.9108502197e+02 6.9101800537e+02 6.9086700439e+02 6.9064801025e+02 6.9038098145e+02 6.9022601318e+02 6.9017297363e+02 6.9015899658e+02 6.9012500000e+02 6.9009899902e+02 6.9000799561e+02 6.8975799561e+02 6.8945898438e+02 6.8930999756e+02 6.8935101318e+02 6.8935198975e+02 6.8929602051e+02 6.8946398926e+02 6.8971301270e+02 6.8994000244e+02 6.9019396973e+02 6.9039697266e+02 6.9054901123e+02 6.9070599365e+02 6.9085198975e+02 6.9089898682e+02 6.9091699219e+02 6.9084497070e+02 6.9082897949e+02 6.9088397217e+02 6.9105102539e+02 6.9128601074e+02 6.9140301514e+02 6.9141900635e+02 6.9149499512e+02 6.9165100098e+02 6.9188201904e+02 6.9202001953e+02 6.9212902832e+02 6.9231201172e+02 6.9250201416e+02 6.9257202148e+02 6.9267602539e+02 6.9284002686e+02
6.9144799805e+02 6.9137402344e+02 6.9127600098e+02 6.9120599365e+02 6.9108197021e+02 6.9088598633e+02 6.9062701416e+02 6.9048699951e+02 6.9041802979e+02 6.9039898682e+02 6.9041497803e+02 6.9042498779e+02 6.9029699707e+02 6.9003900146e+02 6.8974200439e+02 6.8952801514e+02 6.8950000000e+02 6.8946899414e+02 6.8940301514e+02 6.8944201660e+02 6.8958197021e+02 6.8976702881e+02 6.9001501465e+02 6.9024700928e+02 6.9040197754e+02 6.9052899170e+02 6.9064202881e+02 6.9074200439e+02 6.9078698730e+02 6.9075097656e+02 6.9079901123e+02 6.9096398926e+02 6.9114801025e+02 6.9131500244e+02 6.9139099121e+02 6.9140698242e+02 6.9145599365e+02 6.9156799316e+02 6.9179101563e+02 6.9198999023e+02 6.9210400391e+02 6.9225897217e+02 6.9243499756e+02 6.9246801758e+02 6.9257501221e+02 6.9278002930e+02
6.9158697510e+02 6.9148602295e+02 6.9141198730e+02 6.9135400391e+02 6.9126800537e+02 6.9111798096e+02 6.9089300537e+02 6.9079302979e+02 6.9073901367e+02 6.9067999268e+02 6.9066302490e+02 6.9058898926e+02 6.9040100098e+02 6.9017102051e+02 6.8996600342e+02 6.8974200439e+02 6.8965600586e+02 6.8957397461e+02 6.8946801758e+02 6.8944897461e+02 6.8948999023e+02 6.8966601563e+02 6.8999902344e+02 6.9027697754e+02 6.9041802979e+02 6.9049499512e+02 6.9057501221e+02 6.9065600586e+02 6.9069000244e+02 6.9072100830e+02 6.9084997559e+02 6.9105200195e+02 6.9119396973e+02 6.9129498291e+02 6.9136499023e+02 6.9138702393e+02 6.9141497803e+02 6.9151098633e+02 6.9177398682e+02 6.9199798584e+02 6.9206597900e+02 6.9218200684e+02 6.9232702637e+02 6.9236798096e+02 6.9249200439e+02 6.9273901367e+02
6.9176898193e+02 6.9166998291e+02 6.9156500244e+02 6.9147900391e+02 6.9140502930e+02 6.9129797363e+02 6.9115698242e+02 6.9104302979e+02 6.9097998047e+02 6.9088598633e+02 6.9080401611e+02 6.9072100830e+02 6.9058697510e+02 6.9040399170e+02 6.9015100098e+02 6.8997399902e+02 6.8984997559e+02 6.8969396973e+02 6.8949499512e+02 6.8951098633e+02 6.8948199463e+02 6.8959997559e+02 6.8999298096e+02 6.9034997559e+02 6.9043902588e+02 6.9045001221e+02 6.9052801514e+02 6.9055499268e+02 6.9058898926e+02 6.9070397949e+02 6.9086102295e+02 6.9104199219e+02 6.9114801025e+02 6.9124499512e+02 6.9133099365e+02 6.9133502197e+02 6.9134899902e+02 6.9145300293e+02 6.9171997070e+02 6.9189898682e+02 6.9196997070e+02 6.9211297607e+02 6.9222698975e+02 6.9234399414e+02 6.9251300049e+02 6.9276702881e+02
6.9194897461e+02 6.9182702637e+02 6.9171899414e+02 6.9164001465e+02 6.9156500244e+02 6.9146502686e+02 6.9133898926e+02 6.9126098633e+02 6.9119299316e+02 6.9104302979e+02 6.9089599609e+02 6.9082897949e+02 6.9072998047e+02 6.9058898926e+02 6.9037200928e+02 6.9020599365e+02 6.9003802490e+02 6.8982098389e+02 6.8961602783e+02 6.8957299805e+02 6.8955700684e+02 6.8955798340e+02 6.8973602295e+02 6.9003497314e+02 6.9032897949e+02 6.9043103027e+02 6.9045501709e+02 6.9044299316e+02 6.9053002930e+02 6.9068402100e+02 6.9083898926e+02 6.9098699951e+02 6.9109698486e+02 6.9119799805e+02 6.9127099609e+02 6.9128497314e+02 6.9133898926e+02 6.9146600342e+02 6.9168402100e+02 6.9179901123e+02 6.9191900635e+02 6.9210998535e+02 6.9222302246e+02 6.9233300781e+02 6.9247900391e+02 6.9272497559e+02
6.9219299316e+02 6.9203302002e+02 6.9190399170e+02 6.9178601074e+02 6.9171600342e+02 6.9163000488e+02 6.9146801758e+02 6.9138201904e+02 6.9131799316e+02 6.9118402100e+02 6.9103497314e+02 6.9095098877e+02 6.9086297607e+02 6.9074597168e+02 6.9056896973e+02 6.9040698242e+02 6.9022900391e+02 6.9000598145e+02 6.8985900879e+02 6.8972100830e+02 6.8963397217e+02 6.8958697510e+02 6.8960797119e+02 6.8969598389e+02 6.9003002930e+02 6.9024597168e+02 6.9031597900e+02 6.9038500977e+02 6.9050299072e+02 6.9064599609e+02 6.9080200195e+02 6.9093499756e+02 6.9107299805e+02 6.9119500732e+02 6.9125799561e+02 6.9127502441e+02 6.9133398438e+02 6.9145599365e+02 6.9164898682e+02 6.9174798584e+02 6.9188000488e+02 6.9206402588e+02 6.9218798828e+02 6.9229302979e+02 6.9239300537e+02 6.9260198975e+02
6.9257598877e+02 6.9244702148e+02 6.9228497314e+02 6.9205902100e+02 6.9194598389e+02 6.9185699463e+02 6.9165100098e+02 6.9152398682e+02 6.9145599365e+02 6.9137097168e+02 6.9126202393e+02 6.9112298584e+02 6.9101397705e+02 6.9090399170e+02 6.9076397705e+02 6.9059002686e+02 6.9042498779e+02 6.9018597412e+02 6.8999700928e+02 6.8986401367e+02 6.8977697754e+02 6.8971899414e+02 6.8967199707e+02 6.8967700195e+02 6.8981500244e+02 6.8994097900e+02 6.9010900879e+02 6.9032598877e+02 6.9045697021e+02 6.9056799316e+02 6.9071997070e+02 6.9086499023e+02 6.9102301025e+02 6.9119000244e+02 6.9129498291e+02 6.9133398438e+02 6.9137402344e+02 6.9148400879e+02 6.9163702393e+02 6.9171600342e+02 6.9181896973e+02 6.9196301270e+02 6.9211102295e+02 6.9223999023e+02 6.9231298828e+02 6.9245098877e+02
