TESTSERVER/14/1.asc
NCOLS 100
NROWS 100
XLLCORNER 8.1997500000e+03
YLLCORNER 2.8990025000e+05
CELLSIZE 5.0000000000e-01
NODATA_VALUE -9.9990000000e+03
[rows 60 to 79 of 100, columns 46 to 91 of 100]
7.0636901855e+02 7.0649401855e+02 7.0659698486e+02 7.0670800781e+02 7.0667700195e+02 7.0659600830e+02 7.0652899170e+02 7.0646697998e+02 7.0646899414e+02 7.0650598145e+02 7.0655603027e+02 7.0661102295e+02 7.0660101318e+02 7.0650500488e+02 7.0633398438e+02 7.0609997559e+02 7.0591802979e+02 7.0585302734e+02 7.0578802490e+02 7.0571398926e+02 7.0560498047e+02 7.0548101807e+02 7.0539202881e+02 7.0536700439e+02 7.0531799316e+02 7.0524499512e+02 7.0513299561e+02 7.0500799561e+02 7.0489398193e+02 7.0476300049e+02 7.0462097168e+02 7.0451898193e+02 7.0439801025e+02 7.0431298828e+02 7.0424700928e+02 7.0419799805e+02 7.0413000488e+02 7.0405401611e+02 7.0398101807e+02 7.0389801025e+02 7.0383398438e+02 7.0377197266e+02 7.0369799805e+02 7.0364202881e+02 7.0363702393e+02 7.0364501953e+02
7.0658099365e+02 7.0664099121e+02 7.0671099854e+02 7.0679199219e+02 7.0684197998e+02 7.0687500000e+02 7.0684698486e+02 7.0666497803e+02 7.0660699463e+02 7.0661602783e+02 7.0664501953e+02 7.0670898438e+02 7.0672900391e+02 7.0666900635e+02 7.0652899170e+02 7.0629699707e+02 7.0612402344e+02 7.0604602051e+02 7.0597100830e+02 7.0588201904e+02 7.0582000732e+02 7.0574298096e+02 7.0564898682e+02 7.0561297607e+02 7.0553497314e+02 7.0543499756e+02 7.0532598877e+02 7.0519000244e+02 7.0505499268e+02 7.0490802002e+02 7.0475402832e+02 7.0466198730e+02 7.0457299805e+02 7.0449401855e+02 7.0442999268e+02 7.0436798096e+02 7.0428399658e+02 7.0419396973e+02 7.0411999512e+02 7.0404998779e+02 7.0399200439e+02 7.0390802002e+02 7.0379602051e+02 7.0372698975e+02 7.0371099854e+02 7.0371197510e+02
7.0677398682e+02 7.0677197266e+02 7.0681896973e+02 7.0689398193e+02 7.0699597168e+02 7.0707299805e+02 7.0704199219e+02 7.0680902100e+02 7.0670800781e+02 7.0669201660e+02 7.0673199463e+02 7.0680902100e+02 7.0684698486e+02 7.0682098389e+02 7.0671099854e+02 7.0650000000e+02 7.0632897949e+02 7.0623199463e+02 7.0613500977e+02 7.0606402588e+02 7.0603601074e+02 7.0598297119e+02 7.0589300537e+02 7.0582800293e+02 7.0573797607e+02 7.0560699463e+02 7.0550201416e+02 7.0535797119e+02 7.0522198486e+02 7.0509301758e+02 7.0492199707e+02 7.0481298828e+02 7.0474597168e+02 7.0467700195e+02 7.0463201904e+02 7.0456701660e+02 7.0447698975e+02 7.0438000488e+02 7.0429199219e+02 7.0421899414e+02 7.0414599609e+02 7.0404199219e+02 7.0392700195e+02 7.0387500000e+02 7.0384301758e+02 7.0381597900e+02
7.0699298096e+02 7.0695898438e+02 7.0698699951e+02 7.0705700684e+02 7.0715997314e+02 7.0718402100e+02 7.0709997559e+02 7.0693103027e+02 7.0684600830e+02 7.0682800293e+02 7.0687902832e+02 7.0694000244e+02 7.0697601318e+02 7.0696997070e+02 7.0689898682e+02 7.0673199463e+02 7.0657000732e+02 7.0644799805e+02 7.0630798340e+02 7.0623297119e+02 7.0620397949e+02 7.0616400146e+02 7.0610101318e+02 7.0599401855e+02 7.0592498779e+02 7.0580297852e+02 7.0566497803e+02 7.0551098633e+02 7.0537200928e+02 7.0524798584e+02 7.0508099365e+02 7.0498901367e+02 7.0494299316e+02 7.0487799072e+02 7.0481896973e+02 7.0475000000e+02 7.0466900635e+02 7.0458099365e+02 7.0448797607e+02 7.0440698242e+02 7.0433300781e+02 7.0423797607e+02 7.0414898682e+02 7.0410699463e+02 7.0403802490e+02 7.0397100830e+02
7.0719097900e+02 7.0716302490e+02 7.0720397949e+02 7.0726800537e+02 7.0732897949e+02 7.0731896973e+02 7.0724499512e+02 7.0712902832e+02 7.0706799316e+02 7.0707098389e+02 7.0713397217e+02 7.0712597656e+02 7.0713098145e+02 7.0711999512e+02 7.0708001709e+02 7.0697198486e+02 7.0682897949e+02 7.0669000244e+02 7.0651000977e+02 7.0642199707e+02 7.0636901855e+02 7.0632098389e+02 7.0628002930e+02 7.0617199707e+02 7.0608398438e+02 7.0596997070e+02 7.0584002686e+02 7.0570898438e+02 7.0554797363e+02 7.0540399170e+02 7.0525701904e+02 7.0517901611e+02 7.0512799072e+02 7.0504602051e+02 7.0494000244e+02 7.0488098145e+02 7.0482501221e+02 7.0476800537e+02 7.0470501709e+02 7.0462298584e+02 7.0456402588e+02 7.0449902344e+02 7.0443200684e+02 7.0435302734e+02 7.0423699951e+02 7.0413702393e+02
7.0737597656e+02 7.0735101318e+02 7.0738299561e+02 7.0745599365e+02 7.0746002197e+02 7.0742999268e+02 7.0738897705e+02 7.0731097412e+02 7.0726599121e+02 7.0727600098e+02 7.0733898926e+02 7.0732397461e+02 7.0729998779e+02 7.0725897217e+02 7.0721301270e+02 7.0712799072e+02 7.0701098633e+02 7.0688897705e+02 7.0673101807e+02 7.0661798096e+02 7.0655499268e+02 7.0648400879e+02 7.0641601563e+02 7.0630401611e+02 7.0619097900e+02 7.0606402588e+02 7.0592102051e+02 7.0580401611e+02 7.0567797852e+02 7.0554400635e+02 7.0543103027e+02 7.0533599854e+02 7.0525201416e+02 7.0516302490e+02 7.0506402588e+02 7.0500097656e+02 7.0496697998e+02 7.0494201660e+02 7.0492401123e+02 7.0489099121e+02 7.0483697510e+02 7.0475000000e+02 7.0465301514e+02 7.0454797363e+02 7.0441998291e+02 7.0431500244e+02
7.0756701660e+02 7.0758697510e+02 7.0762597656e+02 7.0770697021e+02 7.0769000244e+02 7.0760797119e+02 7.0753698730e+02 7.0747399902e+02 7.0744299316e+02 7.0745800781e+02 7.0752301025e+02 7.0751800537e+02 7.0747698975e+02 7.0741400146e+02 7.0733197021e+02 7.0726000977e+02 7.0717999268e+02 7.0707598877e+02 7.0692700195e+02 7.0677197266e+02 7.0667999268e+02 7.0660699463e+02 7.0655999756e+02 7.0643798828e+02 7.0628601074e+02 7.0613897705e+02 7.0600097656e+02 7.0589099121e+02 7.0579901123e+02 7.0569396973e+02 7.0559899902e+02 7.0549499512e+02 7.0539398193e+02 7.0526702881e+02 7.0515002441e+02 7.0511102295e+02 7.0509698486e+02 7.0510302734e+02 7.0513299561e+02 7.0514099121e+02 7.0508502197e+02 7.0496801758e+02 7.0485101318e+02 7.0473199463e+02 7.0461297607e+02 7.0452502441e+02
7.0779199219e+02 7.0783697510e+02 7.0788098145e+02 7.0796502686e+02 7.0795501709e+02 7.0784100342e+02 7.0770001221e+02 7.0762402344e+02 7.0759698486e+02 7.0765002441e+02 7.0770800781e+02 7.0769500732e+02 7.0764898682e+02 7.0757800293e+02 7.0749200439e+02 7.0743902588e+02 7.0737200928e+02 7.0726300049e+02 7.0710900879e+02 7.0693499756e+02 7.0682098389e+02 7.0675598145e+02 7.0672900391e+02 7.0660101318e+02 7.0641802979e+02 7.0625201416e+02 7.0610900879e+02 7.0598199463e+02 7.0589300537e+02 7.0580401611e+02 7.0569201660e+02 7.0559997559e+02 7.0550598145e+02 7.0538397217e+02 7.0527600098e+02 7.0528302002e+02 7.0525299072e+02 7.0523297119e+02 7.0527099609e+02 7.0529797363e+02 7.0527301025e+02 7.0517102051e+02 7.0505401611e+02 7.0493200684e+02 7.0483197021e+02 7.0476000977e+02
7.0800701904e+02 7.0803698730e+02 7.0806201172e+02 7.0809997559e+02 7.0813897705e+02 7.0806597900e+02 7.0788897705e+02 7.0778601074e+02 7.0772302246e+02 7.0776397705e+02 7.0782397461e+02 7.0782800293e+02 7.0780499268e+02 7.0775097656e+02 7.0766497803e+02 7.0761901855e+02 7.0753399658e+02 7.0740100098e+02 7.0726501465e+02 7.0713500977e+02 7.0699798584e+02 7.0690100098e+02 7.0684100342e+02 7.0677099609e+02 7.0661602783e+02 7.0641900635e+02 7.0624102783e+02 7.0607000732e+02 7.0596301270e+02 7.0586602783e+02 7.0572998047e+02 7.0567602539e+02 7.0559100342e+02 7.0551599121e+02 7.0546899414e+02 7.0555999756e+02 7.0551702881e+02 7.0540802002e+02 7.0537200928e+02 7.0539697266e+02 7.0542102051e+02 7.0535900879e+02 7.0519097900e+02 7.0509399414e+02 7.0501599121e+02 7.0494799805e+02
7.0826800537e+02 7.0824798584e+02 7.0823999023e+02 7.0825201416e+02 7.0825897217e+02 7.0819000244e+02 7.0810601807e+02 7.0800701904e+02 7.0789300537e+02 7.0787500000e+02 7.0789001465e+02 7.0787200928e+02 7.0789599609e+02 7.0788098145e+02 7.0779498291e+02 7.0774902344e+02 7.0769201660e+02 7.0754797363e+02 7.0737500000e+02 7.0726501465e+02 7.0713702393e+02 7.0705102539e+02 7.0700299072e+02 7.0696899414e+02 7.0678900146e+02 7.0654400635e+02 7.0639300537e+02 7.0622399902e+02 7.0610699463e+02 7.0598297119e+02 7.0585302734e+02 7.0576599121e+02 7.0566400146e+02 7.0559497070e+02 7.0558502197e+02 7.0571997070e+02 7.0579699707e+02 7.0569799805e+02 7.0554302979e+02 7.0543103027e+02 7.0538598633e+02 7.0533599854e+02 7.0523901367e+02 7.0518200684e+02 7.0512200928e+02 7.0505902100e+02
7.0839599609e+02 7.0837402344e+02 7.0834802246e+02 7.0834600830e+02 7.0834600830e+02 7.0827600098e+02 7.0827502441e+02 7.0818103027e+02 7.0805102539e+02 7.0799902344e+02 7.0798797607e+02 7.0796398926e+02 7.0798602295e+02 7.0798602295e+02 7.0792602539e+02 7.0786901855e+02 7.0780902100e+02 7.0767297363e+02 7.0747900391e+02 7.0734600830e+02 7.0724597168e+02 7.0718298340e+02 7.0715002441e+02 7.0710601807e+02 7.0691601563e+02 7.0668597412e+02 7.0656201172e+02 7.0645202637e+02 7.0629901123e+02 7.0609399414e+02 7.0597998047e+02 7.0587500000e+02 7.0577600098e+02 7.0568902588e+02 7.0563598633e+02 7.0568200684e+02 7.0580297852e+02 7.0579797363e+02 7.0567498779e+02 7.0548699951e+02 7.0536102295e+02 7.0532800293e+02 7.0531201172e+02 7.0527301025e+02 7.0520898438e+02 7.0515502930e+02
7.0842401123e+02 7.0841302490e+02 7.0839300537e+02 7.0844702148e+02 7.0853997803e+02 7.0844897461e+02 7.0840301514e+02 7.0834497070e+02 7.0824499512e+02 7.0818103027e+02 7.0813897705e+02 7.0809399414e+02 7.0809002686e+02 7.0808099365e+02 7.0804602051e+02 7.0797601318e+02 7.0788500977e+02 7.0776898193e+02 7.0762902832e+02 7.0747100830e+02 7.0734997559e+02 7.0726702881e+02 7.0722900391e+02 7.0717297363e+02 7.0701599121e+02 7.0683001709e+02 7.0671398926e+02 7.0667401123e+02 7.0653997803e+02 7.0626501465e+02 7.0610400391e+02 7.0600598145e+02 7.0589300537e+02 7.0581597900e+02 7.0574902344e+02 7.0569897461e+02 7.0576300049e+02 7.0580102539e+02 7.0576501465e+02 7.0561401367e+02 7.0548400879e+02 7.0545001221e+02 7.0541699219e+02 7.0536401367e+02 7.0529302979e+02 7.0523699951e+02
7.0843298340e+02 7.0843298340e+02 7.0842498779e+02 7.0847802734e+02 7.0869097900e+02 7.0866400146e+02 7.0845697021e+02 7.0848999023e+02 7.0842401123e+02 7.0833801270e+02 7.0828601074e+02 7.0822399902e+02 7.0819000244e+02 7.0817199707e+02 7.0815802002e+02 7.0807299805e+02 7.0795098877e+02 7.0785498047e+02 7.0777502441e+02 7.0764300537e+02 7.0749401855e+02 7.0735699463e+02 7.0730102539e+02 7.0721697998e+02 7.0709698486e+02 7.0696398926e+02 7.0684301758e+02 7.0675299072e+02 7.0664801025e+02 7.0642901611e+02 7.0626202393e+02 7.0620898438e+02 7.0604797363e+02 7.0593902588e+02 7.0591900635e+02 7.0587597656e+02 7.0585900879e+02 7.0584301758e+02 7.0578399658e+02 7.0571301270e+02 7.0566400146e+02 7.0563702393e+02 7.0554797363e+02 7.0545898438e+02 7.0537701416e+02 7.0529602051e+02
7.0842102051e+02 7.0844396973e+02 7.0845898438e+02 7.0849298096e+02 7.0870697021e+02 7.0877099609e+02 7.0864697266e+02 7.0868200684e+02 7.0863201904e+02 7.0850201416e+02 7.0842199707e+02 7.0834899902e+02 7.0828900146e+02 7.0826501465e+02 7.0827301025e+02 7.0816601563e+02 7.0800799561e+02 7.0794396973e+02 7.0789001465e+02 7.0780297852e+02 7.0766101074e+02 7.0748400879e+02 7.0739599609e+02 7.0728601074e+02 7.0718499756e+02 7.0704400635e+02 7.0691802979e+02 7.0680999756e+02 7.0671502686e+02 7.0656201172e+02 7.0639202881e+02 7.0631597900e+02 7.0619299316e+02 7.0609997559e+02 7.0607299805e+02 7.0607299805e+02 7.0604699707e+02 7.0598297119e+02 7.0588897705e+02 7.0583398438e+02 7.0579998779e+02 7.0575598145e+02 7.0565399170e+02 7.0554901123e+02 7.0546398926e+02 7.0538098145e+02
7.0842498779e+02 7.0846301270e+02 7.0852099609e+02 7.0857098389e+02 7.0871002197e+02 7.0883898926e+02 7.0885400391e+02 7.0887402344e+02 7.0882501221e+02 7.0867102051e+02 7.0855798340e+02 7.0847998047e+02 7.0840002441e+02 7.0835699463e+02 7.0837402344e+02 7.0822601318e+02 7.0804901123e+02 7.0801098633e+02 7.0798498535e+02 7.0791998291e+02 7.0781701660e+02 7.0764801025e+02 7.0753900146e+02 7.0741802979e+02 7.0730999756e+02 7.0717498779e+02 7.0703497314e+02 7.0689898682e+02 7.0680102539e+02 7.0666998291e+02 7.0648498535e+02 7.0638598633e+02 7.0632299805e+02 7.0626397705e+02 7.0622198486e+02 7.0622998047e+02 7.0622100830e+02 7.0616900635e+02 7.0607897949e+02 7.0600701904e+02 7.0593798828e+02 7.0586401367e+02 7.0576000977e+02 7.0564501953e+02 7.0555401611e+02 7.0547399902e+02
7.0847601318e+02 7.0850201416e+02 7.0859698486e+02 7.0868902588e+02 7.0878698730e+02 7.0890698242e+02 7.0896801758e+02 7.0897198486e+02 7.0895098877e+02 7.0883099365e+02 7.0868798828e+02 7.0857702637e+02 7.0846997070e+02 7.0841198730e+02 7.0845300293e+02 7.0830102539e+02 7.0813500977e+02 7.0811297607e+02 7.0811401367e+02 7.0803100586e+02 7.0796502686e+02 7.0782202148e+02 7.0768402100e+02 7.0758697510e+02 7.0747998047e+02 7.0731597900e+02 7.0715997314e+02 7.0698498535e+02 7.0685601807e+02 7.0673999023e+02 7.0660198975e+02 7.0652398682e+02 7.0648400879e+02 7.0642602539e+02 7.0637500000e+02 7.0638397217e+02 7.0638897705e+02 7.0634899902e+02 7.0626202393e+02 7.0616497803e+02 7.0607299805e+02 7.0599298096e+02 7.0589501953e+02 7.0578002930e+02 7.0567602539e+02 7.0560101318e+02
7.0855401611e+02 7.0858898926e+02 7.0869799805e+02 7.0879302979e+02 7.0885797119e+02 7.0893701172e+02 7.0904101563e+02 7.0901800537e+02 7.0901300049e+02 7.0892498779e+02 7.0877197266e+02 7.0864001465e+02 7.0851898193e+02 7.0846600342e+02 7.0849499512e+02 7.0841497803e+02 7.0828302002e+02 7.0821398926e+02 7.0819201660e+02 7.0811798096e+02 7.0808801270e+02 7.0802697754e+02 7.0785998535e+02 7.0775097656e+02 7.0763397217e+02 7.0747900391e+02 7.0727697754e+02 7.0702801514e+02 7.0686798096e+02 7.0676501465e+02 7.0664099121e+02 7.0659301758e+02 7.0654699707e+02 7.0651501465e+02 7.0652099609e+02 7.0655297852e+02 7.0653601074e+02 7.0646697998e+02 7.0636102295e+02 7.0627001953e+02 7.0618298340e+02 7.0611102295e+02 7.0602899170e+02 7.0590899658e+02 7.0580999756e+02 7.0576000977e+02
7.0859600830e+02 7.0869299316e+02 7.0883697510e+02 7.0890197754e+02 7.0895800781e+02 7.0906597900e+02 7.0916400146e+02 7.0910101318e+02 7.0909197998e+02 7.0901000977e+02 7.0884899902e+02 7.0870501709e+02 7.0856298828e+02 7.0849798584e+02 7.0849499512e+02 7.0849102783e+02 7.0844500732e+02 7.0834600830e+02 7.0825201416e+02 7.0815997314e+02 7.0816400146e+02 7.0818103027e+02 7.0806201172e+02 7.0792901611e+02 7.0777600098e+02 7.0761798096e+02 7.0742102051e+02 7.0715899658e+02 7.0699798584e+02 7.0686499023e+02 7.0671600342e+02 7.0665600586e+02 7.0661602783e+02 7.0663397217e+02 7.0667199707e+02 7.0667401123e+02 7.0661102295e+02 7.0654797363e+02 7.0645800781e+02 7.0637597656e+02 7.0629199219e+02 7.0621801758e+02 7.0613800049e+02 7.0603698730e+02 7.0595898438e+02 7.0592901611e+02
7.0864300537e+02 7.0879797363e+02 7.0897900391e+02 7.0900701904e+02 7.0900897217e+02 7.0904797363e+02 7.0909399414e+02 7.0908300781e+02 7.0908398438e+02 7.0901898193e+02 7.0888800049e+02 7.0873297119e+02 7.0856597900e+02 7.0849597168e+02 7.0851098633e+02 7.0855999756e+02 7.0857702637e+02 7.0848199463e+02 7.0835998535e+02 7.0824298096e+02 7.0824597168e+02 7.0829400635e+02 7.0820098877e+02 7.0807202148e+02 7.0791699219e+02 7.0775701904e+02 7.0756799316e+02 7.0732702637e+02 7.0715698242e+02 7.0698797607e+02 7.0682397461e+02 7.0671899414e+02 7.0666302490e+02 7.0670300293e+02 7.0674902344e+02 7.0672698975e+02 7.0666497803e+02 7.0660699463e+02 7.0653997803e+02 7.0649298096e+02 7.0642297363e+02 7.0635101318e+02 7.0627197266e+02 7.0618402100e+02 7.0611199951e+02 7.0608801270e+02
7.0865997314e+02 7.0879998779e+02 7.0899298096e+02 7.0906799316e+02 7.0904498291e+02 7.0900201416e+02 7.0897698975e+02 7.0899798584e+02 7.0900500488e+02 7.0897302246e+02 7.0888098145e+02 7.0873699951e+02 7.0858801270e+02 7.0855102539e+02 7.0862298584e+02 7.0866601563e+02 7.0865899658e+02 7.0855499268e+02 7.0845501709e+02 7.0834301758e+02 7.0834899902e+02 7.0839202881e+02 7.0831201172e+02 7.0821997070e+02 7.0807702637e+02 7.0790301514e+02 7.0770300293e+02 7.0749102783e+02 7.0731402588e+02 7.0711499023e+02 7.0696099854e+02 7.0685101318e+02 7.0677899170e+02 7.0679901123e+02 7.0681201172e+02 7.0678497314e+02 7.0673901367e+02 7.0668902588e+02 7.0665197754e+02 7.0663299561e+02 7.0656597900e+02 7.0648901367e+02 7.0642401123e+02 7.0633898926e+02 7.0626599121e+02 7.0623699951e+02
