TESTSERVER/14/1.asc
NCOLS 100
NROWS 100
XLLCORNER 8.1997500000e+03
YLLCORNER 2.8990025000e+05
CELLSIZE 5.0000000000e-01
NODATA_VALUE -9.9990000000e+03
[rows 80 to 99 of 100, columns 46 to 91 of 100]
7.0866998291e+02 7.0876599121e+02 7.0891802979e+02 7.0908599854e+02 7.0908300781e+02 7.0898901367e+02 7.0895098877e+02 7.0894000244e+02 7.0893597412e+02 7.0893103027e+02 7.0887298584e+02 7.0878100586e+02 7.0868103027e+02 7.0867901611e+02 7.0875000000e+02 7.0875500488e+02 7.0869201660e+02 7.0859399414e+02 7.0851702881e+02 7.0844201660e+02 7.0847998047e+02 7.0853601074e+02 7.0850500488e+02 7.0839697266e+02 7.0823602295e+02 7.0804498291e+02 7.0781896973e+02 7.0767700195e+02 7.0747900391e+02 7.0725500488e+02 7.0709197998e+02 7.0700799561e+02 7.0695300293e+02 7.0693798828e+02 7.0692602539e+02 7.0686901855e+02 7.0680603027e+02 7.0676300049e+02 7.0677502441e+02 7.0679199219e+02 7.0672698975e+02 7.0664202881e+02 7.0658197021e+02 7.0647497559e+02 7.0640301514e+02 7.0637799072e+02
7.0860797119e+02 7.0870098877e+02 7.0884802246e+02 7.0904302979e+02 7.0907598877e+02 7.0897900391e+02 7.0896002197e+02 7.0893902588e+02 7.0892498779e+02 7.0894097900e+02 7.0890997314e+02 7.0885101318e+02 7.0879602051e+02 7.0879699707e+02 7.0880999756e+02 7.0876397705e+02 7.0868597412e+02 7.0860900879e+02 7.0853302002e+02 7.0852197266e+02 7.0866497803e+02 7.0877801514e+02 7.0871002197e+02 7.0850201416e+02 7.0830401611e+02 7.0811700439e+02 7.0792297363e+02 7.0778002930e+02 7.0761602783e+02 7.0745202637e+02 7.0729699707e+02 7.0716699219e+02 7.0710400391e+02 7.0708099365e+02 7.0705902100e+02 7.0697802734e+02 7.0692401123e+02 7.0688897705e+02 7.0692901611e+02 7.0696099854e+02 7.0689599609e+02 7.0681097412e+02 7.0673602295e+02 7.0662097168e+02 7.0655603027e+02 7.0655401611e+02
7.0856799316e+02 7.0868597412e+02 7.0884399414e+02 7.0899401855e+02 7.0902801514e+02 7.0896398926e+02 7.0894299316e+02 7.0894799805e+02 7.0894299316e+02 7.0895300293e+02 7.0893103027e+02 7.0889001465e+02 7.0888000488e+02 7.0888702393e+02 7.0885998535e+02 7.0879498291e+02 7.0871398926e+02 7.0865399170e+02 7.0859497070e+02 7.0862500000e+02 7.0878002930e+02 7.0886798096e+02 7.0877001953e+02 7.0855297852e+02 7.0835400391e+02 7.0816802979e+02 7.0798498535e+02 7.0783398438e+02 7.0770800781e+02 7.0759600830e+02 7.0749298096e+02 7.0737500000e+02 7.0730999756e+02 7.0726397705e+02 7.0721197510e+02 7.0715399170e+02 7.0709399414e+02 7.0702697754e+02 7.0702697754e+02 7.0704400635e+02 7.0701599121e+02 7.0696997070e+02 7.0689697266e+02 7.0679400635e+02 7.0673199463e+02 7.0671301270e+02
7.0852697754e+02 7.0863702393e+02 7.0882000732e+02 7.0899200439e+02 7.0900402832e+02 7.0895397949e+02 7.0895300293e+02 7.0898797607e+02 7.0899102783e+02 7.0897802734e+02 7.0895202637e+02 7.0892999268e+02 7.0894598389e+02 7.0895202637e+02 7.0890502930e+02 7.0881597900e+02 7.0872198486e+02 7.0868902588e+02 7.0867102051e+02 7.0871301270e+02 7.0880401611e+02 7.0881896973e+02 7.0870001221e+02 7.0852899170e+02 7.0835998535e+02 7.0816998291e+02 7.0800201416e+02 7.0786999512e+02 7.0778302002e+02 7.0770697021e+02 7.0762200928e+02 7.0752099609e+02 7.0745300293e+02 7.0739202881e+02 7.0733502197e+02 7.0730297852e+02 7.0724200439e+02 7.0714697266e+02 7.0710601807e+02 7.0712902832e+02 7.0712500000e+02 7.0709301758e+02 7.0703399658e+02 7.0694598389e+02 7.0688098145e+02 7.0683599854e+02
7.0850402832e+02 7.0861102295e+02 7.0877301025e+02 7.0897900391e+02 7.0899499512e+02 7.0896801758e+02 7.0903002930e+02 7.0905700684e+02 7.0905700684e+02 7.0902899170e+02 7.0899200439e+02 7.0898101807e+02 7.0901800537e+02 7.0903698730e+02 7.0899902344e+02 7.0884600830e+02 7.0872998047e+02 7.0870898438e+02 7.0869000244e+02 7.0874499512e+02 7.0879602051e+02 7.0878399658e+02 7.0868103027e+02 7.0850402832e+02 7.0834002686e+02 7.0818298340e+02 7.0804699707e+02 7.0790600586e+02 7.0784600830e+02 7.0779400635e+02 7.0768798828e+02 7.0757702637e+02 7.0750000000e+02 7.0744396973e+02 7.0741497803e+02 7.0738800049e+02 7.0733502197e+02 7.0725097656e+02 7.0720898438e+02 7.0725598145e+02 7.0725701904e+02 7.0719500732e+02 7.0712597656e+02 7.0707098389e+02 7.0699902344e+02 7.0693103027e+02
7.0842797852e+02 7.0857098389e+02 7.0873498535e+02 7.0891497803e+02 7.0895697021e+02 7.0897497559e+02 7.0906402588e+02 7.0908398438e+02 7.0908599854e+02 7.0907800293e+02 7.0901000977e+02 7.0899700928e+02 7.0902697754e+02 7.0905999756e+02 7.0902099609e+02 7.0888500977e+02 7.0876098633e+02 7.0872802734e+02 7.0871502686e+02 7.0878900146e+02 7.0882299805e+02 7.0879797363e+02 7.0869500732e+02 7.0852600098e+02 7.0835400391e+02 7.0819897461e+02 7.0806201172e+02 7.0791998291e+02 7.0783001709e+02 7.0780102539e+02 7.0773797607e+02 7.0765002441e+02 7.0758099365e+02 7.0750897217e+02 7.0747802734e+02 7.0746197510e+02 7.0743499756e+02 7.0738397217e+02 7.0733502197e+02 7.0736499023e+02 7.0741400146e+02 7.0737799072e+02 7.0722698975e+02 7.0713500977e+02 7.0706500244e+02 7.0699200439e+02
7.0834100342e+02 7.0850402832e+02 7.0865802002e+02 7.0881298828e+02 7.0890899658e+02 7.0900097656e+02 7.0910699463e+02 7.0909197998e+02 7.0906799316e+02 7.0905999756e+02 7.0903399658e+02 7.0903601074e+02 7.0903900146e+02 7.0903997803e+02 7.0901202393e+02 7.0891900635e+02 7.0880499268e+02 7.0875500488e+02 7.0875701904e+02 7.0883300781e+02 7.0885900879e+02 7.0882800293e+02 7.0871301270e+02 7.0856500244e+02 7.0839300537e+02 7.0822302246e+02 7.0809698486e+02 7.0796099854e+02 7.0784002686e+02 7.0779302979e+02 7.0775201416e+02 7.0771301270e+02 7.0765802002e+02 7.0758398438e+02 7.0754400635e+02 7.0752398682e+02 7.0750201416e+02 7.0746002197e+02 7.0743103027e+02 7.0741601563e+02 7.0741400146e+02 7.0738500977e+02 7.0727899170e+02 7.0718701172e+02 7.0711401367e+02 7.0703698730e+02
7.0827801514e+02 7.0842797852e+02 7.0855700684e+02 7.0870397949e+02 7.0884399414e+02 7.0899499512e+02 7.0912500000e+02 7.0910498047e+02 7.0905401611e+02 7.0903002930e+02 7.0906298828e+02 7.0911602783e+02 7.0910699463e+02 7.0906799316e+02 7.0904101563e+02 7.0897601318e+02 7.0887200928e+02 7.0880603027e+02 7.0879602051e+02 7.0883801270e+02 7.0885198975e+02 7.0883001709e+02 7.0872198486e+02 7.0860498047e+02 7.0847198486e+02 7.0831201172e+02 7.0816900635e+02 7.0798699951e+02 7.0787597656e+02 7.0784100342e+02 7.0779602051e+02 7.0774401855e+02 7.0769702148e+02 7.0766302490e+02 7.0762701416e+02 7.0760998535e+02 7.0760400391e+02 7.0754797363e+02 7.0750500488e+02 7.0749200439e+02 7.0743597412e+02 7.0734997559e+02 7.0728002930e+02 7.0721997070e+02 7.0715997314e+02 7.0709399414e+02
7.0828002930e+02 7.0838299561e+02 7.0849902344e+02 7.0864300537e+02 7.0878100586e+02 7.0893298340e+02 7.0906201172e+02 7.0906799316e+02 7.0903997803e+02 7.0902398682e+02 7.0907598877e+02 7.0918499756e+02 7.0918597412e+02 7.0911602783e+02 7.0905798340e+02 7.0901000977e+02 7.0892401123e+02 7.0886700439e+02 7.0886401367e+02 7.0884997559e+02 7.0885400391e+02 7.0885797119e+02 7.0882800293e+02 7.0870697021e+02 7.0860101318e+02 7.0843798828e+02 7.0825897217e+02 7.0803997803e+02 7.0797399902e+02 7.0797497559e+02 7.0791400146e+02 7.0776898193e+02 7.0769799805e+02 7.0771002197e+02 7.0771197510e+02 7.0772497559e+02 7.0774298096e+02 7.0767498779e+02 7.0759802246e+02 7.0759802246e+02 7.0754699707e+02 7.0743597412e+02 7.0734802246e+02 7.0724200439e+02 7.0718298340e+02 7.0714801025e+02
7.0825897217e+02 7.0838201904e+02 7.0849298096e+02 7.0860601807e+02 7.0871997070e+02 7.0885699463e+02 7.0898602295e+02 7.0903601074e+02 7.0906799316e+02 7.0908398438e+02 7.0911401367e+02 7.0918402100e+02 7.0917700195e+02 7.0911999512e+02 7.0905401611e+02 7.0901599121e+02 7.0896301270e+02 7.0892797852e+02 7.0889898682e+02 7.0887200928e+02 7.0888702393e+02 7.0893902588e+02 7.0894799805e+02 7.0889801025e+02 7.0873602295e+02 7.0848498535e+02 7.0828497314e+02 7.0813201904e+02 7.0807501221e+02 7.0801800537e+02 7.0791802979e+02 7.0778601074e+02 7.0773498535e+02 7.0777398682e+02 7.0780200195e+02 7.0781896973e+02 7.0780700684e+02 7.0773901367e+02 7.0767700195e+02 7.0768499756e+02 7.0763000488e+02 7.0752099609e+02 7.0741400146e+02 7.0727899170e+02 7.0720898438e+02 7.0719396973e+02
7.0818701172e+02 7.0833001709e+02 7.0845697021e+02 7.0858001709e+02 7.0868798828e+02 7.0879400635e+02 7.0888598633e+02 7.0896398926e+02 7.0904400635e+02 7.0910400391e+02 7.0914501953e+02 7.0915802002e+02 7.0914898682e+02 7.0913098145e+02 7.0904498291e+02 7.0901501465e+02 7.0898999023e+02 7.0896002197e+02 7.0890301514e+02 7.0890600586e+02 7.0898400879e+02 7.0908197021e+02 7.0908001709e+02 7.0901300049e+02 7.0882501221e+02 7.0856298828e+02 7.0834698486e+02 7.0823999023e+02 7.0811999512e+02 7.0799200439e+02 7.0789300537e+02 7.0779797363e+02 7.0777899170e+02 7.0783398438e+02 7.0787799072e+02 7.0790301514e+02 7.0789099121e+02 7.0782897949e+02 7.0775201416e+02 7.0774200439e+02 7.0768103027e+02 7.0757098389e+02 7.0747900391e+02 7.0736199951e+02 7.0726300049e+02 7.0725097656e+02
7.0816699219e+02 7.0827697754e+02 7.0839398193e+02 7.0852197266e+02 7.0862902832e+02 7.0873101807e+02 7.0880603027e+02 7.0887597656e+02 7.0892999268e+02 7.0898297119e+02 7.0905603027e+02 7.0906097412e+02 7.0907202148e+02 7.0909802246e+02 7.0903002930e+02 7.0900000000e+02 7.0898101807e+02 7.0894702148e+02 7.0890600586e+02 7.0895501709e+02 7.0907000732e+02 7.0916497803e+02 7.0911700439e+02 7.0901098633e+02 7.0883300781e+02 7.0861700439e+02 7.0840399170e+02 7.0829699707e+02 7.0813598633e+02 7.0797497559e+02 7.0790197754e+02 7.0783599854e+02 7.0782897949e+02 7.0787799072e+02 7.0791900635e+02 7.0794702148e+02 7.0795001221e+02 7.0790399170e+02 7.0781896973e+02 7.0780499268e+02 7.0775097656e+02 7.0765100098e+02 7.0756500244e+02 7.0745098877e+02 7.0734399414e+02 7.0734497070e+02
7.0814099121e+02 7.0824902344e+02 7.0834899902e+02 7.0842999268e+02 7.0852099609e+02 7.0864697266e+02 7.0876397705e+02 7.0882397461e+02 7.0885302734e+02 7.0889202881e+02 7.0894097900e+02 7.0894000244e+02 7.0895800781e+02 7.0899200439e+02 7.0896197510e+02 7.0895697021e+02 7.0896301270e+02 7.0895300293e+02 7.0893298340e+02 7.0897399902e+02 7.0904901123e+02 7.0909301758e+02 7.0902398682e+02 7.0892700195e+02 7.0876800537e+02 7.0859399414e+02 7.0841497803e+02 7.0827099609e+02 7.0814801025e+02 7.0802197266e+02 7.0796600342e+02 7.0791497803e+02 7.0789398193e+02 7.0790802002e+02 7.0793103027e+02 7.0795397949e+02 7.0796600342e+02 7.0794396973e+02 7.0787597656e+02 7.0787097168e+02 7.0782299805e+02 7.0772900391e+02 7.0763800049e+02 7.0753198242e+02 7.0745300293e+02 7.0745599365e+02
7.0802801514e+02 7.0815997314e+02 7.0829901123e+02 7.0837799072e+02 7.0846301270e+02 7.0857800293e+02 7.0868597412e+02 7.0876599121e+02 7.0878601074e+02 7.0880401611e+02 7.0882000732e+02 7.0883300781e+02 7.0886199951e+02 7.0886798096e+02 7.0884002686e+02 7.0887200928e+02 7.0890301514e+02 7.0893402100e+02 7.0894500732e+02 7.0896502686e+02 7.0900598145e+02 7.0901397705e+02 7.0891900635e+02 7.0882397461e+02 7.0869396973e+02 7.0855297852e+02 7.0843298340e+02 7.0827899170e+02 7.0816601563e+02 7.0807299805e+02 7.0803100586e+02 7.0797998047e+02 7.0792700195e+02 7.0792401123e+02 7.0793200684e+02 7.0794201660e+02 7.0795300293e+02 7.0795800781e+02 7.0792901611e+02 7.0791699219e+02 7.0784301758e+02 7.0775402832e+02 7.0769598389e+02 7.0761199951e+02 7.0752600098e+02 7.0751000977e+02
7.0798297119e+02 7.0808398438e+02 7.0821301270e+02 7.0831402588e+02 7.0841998291e+02 7.0852899170e+02 7.0861999512e+02 7.0872698975e+02 7.0876800537e+02 7.0877502441e+02 7.0875299072e+02 7.0875701904e+02 7.0876800537e+02 7.0876202393e+02 7.0873901367e+02 7.0879901123e+02 7.0884301758e+02 7.0888098145e+02 7.0890899658e+02 7.0893597412e+02 7.0897497559e+02 7.0897900391e+02 7.0888500977e+02 7.0879797363e+02 7.0868499756e+02 7.0856500244e+02 7.0847802734e+02 7.0835498047e+02 7.0822802734e+02 7.0812500000e+02 7.0804498291e+02 7.0797100830e+02 7.0792999268e+02 7.0794000244e+02 7.0794201660e+02 7.0793798828e+02 7.0793798828e+02 7.0794097900e+02 7.0792797852e+02 7.0786401367e+02 7.0775897217e+02 7.0770098877e+02 7.0770300293e+02 7.0763299561e+02 7.0755297852e+02 7.0755603027e+02
7.0797302246e+02 7.0805102539e+02 7.0815502930e+02 7.0828302002e+02 7.0840301514e+02 7.0849298096e+02 7.0855902100e+02 7.0866601563e+02 7.0870501709e+02 7.0870098877e+02 7.0867901611e+02 7.0866802979e+02 7.0866302490e+02 7.0865899658e+02 7.0866198730e+02 7.0872198486e+02 7.0877801514e+02 7.0882702637e+02 7.0885900879e+02 7.0889398193e+02 7.0893200684e+02 7.0893701172e+02 7.0886401367e+02 7.0879901123e+02 7.0869396973e+02 7.0857202148e+02 7.0848797607e+02 7.0839300537e+02 7.0825897217e+02 7.0814801025e+02 7.0805297852e+02 7.0800500488e+02 7.0799401855e+02 7.0800402832e+02 7.0799200439e+02 7.0797698975e+02 7.0795800781e+02 7.0791400146e+02 7.0785198975e+02 7.0777899170e+02 7.0766802979e+02 7.0762902832e+02 7.0765502930e+02 7.0763299561e+02 7.0761700439e+02 7.0765600586e+02
7.0793103027e+02 7.0804602051e+02 7.0820599365e+02 7.0833502197e+02 7.0843701172e+02 7.0847698975e+02 7.0849200439e+02 7.0856298828e+02 7.0860699463e+02 7.0861297607e+02 7.0860699463e+02 7.0859698486e+02 7.0859100342e+02 7.0859497070e+02 7.0859399414e+02 7.0862799072e+02 7.0868499756e+02 7.0876702881e+02 7.0882000732e+02 7.0883801270e+02 7.0886401367e+02 7.0884301758e+02 7.0877801514e+02 7.0873602295e+02 7.0865197754e+02 7.0854101563e+02 7.0846002197e+02 7.0836901855e+02 7.0824200439e+02 7.0815100098e+02 7.0810998535e+02 7.0808001709e+02 7.0807202148e+02 7.0808398438e+02 7.0808197021e+02 7.0802600098e+02 7.0796600342e+02 7.0788702393e+02 7.0778698730e+02 7.0771997070e+02 7.0765698242e+02 7.0762902832e+02 7.0762298584e+02 7.0767700195e+02 7.0772698975e+02 7.0778601074e+02
7.0786602783e+02 7.0798699951e+02 7.0812799072e+02 7.0826599121e+02 7.0835498047e+02 7.0839398193e+02 7.0841699219e+02 7.0845697021e+02 7.0851202393e+02 7.0853997803e+02 7.0853698730e+02 7.0853698730e+02 7.0853497314e+02 7.0855603027e+02 7.0858502197e+02 7.0860302734e+02 7.0863897705e+02 7.0870898438e+02 7.0875701904e+02 7.0879699707e+02 7.0880999756e+02 7.0876397705e+02 7.0868499756e+02 7.0865502930e+02 7.0859997559e+02 7.0851000977e+02 7.0841601563e+02 7.0830499268e+02 7.0819299316e+02 7.0816101074e+02 7.0813201904e+02 7.0809497070e+02 7.0811199951e+02 7.0815197754e+02 7.0812902832e+02 7.0805798340e+02 7.0797100830e+02 7.0788500977e+02 7.0780902100e+02 7.0773797607e+02 7.0769396973e+02 7.0770300293e+02 7.0773199463e+02 7.0776599121e+02 7.0782702637e+02 7.0790698242e+02
7.0780499268e+02 7.0789501953e+02 7.0798699951e+02 7.0809497070e+02 7.0817102051e+02 7.0823199463e+02 7.0831500244e+02 7.0836199951e+02 7.0841400146e+02 7.0844097900e+02 7.0843597412e+02 7.0844000244e+02 7.0844500732e+02 7.0849798584e+02 7.0856201172e+02 7.0859802246e+02 7.0865100098e+02 7.0871600342e+02 7.0871099854e+02 7.0871801758e+02 7.0868798828e+02 7.0862200928e+02 7.0855102539e+02 7.0851300049e+02 7.0846197510e+02 7.0839001465e+02 7.0832598877e+02 7.0824499512e+02 7.0817401123e+02 7.0815002441e+02 7.0807800293e+02 7.0804498291e+02 7.0807501221e+02 7.0813000488e+02 7.0812200928e+02 7.0808398438e+02 7.0799700928e+02 7.0790698242e+02 7.0785498047e+02 7.0779199219e+02 7.0775701904e+02 7.0777398682e+02 7.0780902100e+02 7.0780603027e+02 7.0786999512e+02 7.0795397949e+02
7.0770501709e+02 7.0777899170e+02 7.0784301758e+02 7.0792602539e+02 7.0799597168e+02 7.0808001709e+02 7.0820697021e+02 7.0828497314e+02 7.0834698486e+02 7.0836499023e+02 7.0835302734e+02 7.0835797119e+02 7.0835998535e+02 7.0842102051e+02 7.0849902344e+02 7.0857000732e+02 7.0866302490e+02 7.0871697998e+02 7.0866699219e+02 7.0861297607e+02 7.0852099609e+02 7.0842901611e+02 7.0836199951e+02 7.0832000732e+02 7.0828198242e+02 7.0824700928e+02 7.0823797607e+02 7.0821398926e+02 7.0818597412e+02 7.0815002441e+02 7.0804302979e+02 7.0799401855e+02 7.0798498535e+02 7.0802001953e+02 7.0804901123e+02 7.0803100586e+02 7.0796899414e+02 7.0792498779e+02 7.0791699219e+02 7.0787200928e+02 7.0784002686e+02 7.0781597900e+02 7.0782897949e+02 7.0780401611e+02 7.0785302734e+02 7.0792401123e+02
