TESTSERVER/14/10.asc
NCOLS 100
NROWS 100
XLLCORNER 8.1997500000e+03
YLLCORNER 2.8945025000e+05
CELLSIZE 5.0000000000e-01
NODATA_VALUE -9.9990000000e+03
[rows 0 to 19 of 100, columns 0 to 45 of 100]
6.1832397461e+02 6.1829101563e+02 6.1824102783e+02 6.1819702148e+02 6.1825201416e+02 6.1819897461e+02 6.1817102051e+02 6.1814697266e+02 6.1820800781e+02 6.1825799561e+02 6.1829199219e+02 6.1848498535e+02 6.1866497803e+02 6.1865698242e+02 6.1859497070e+02 6.1845501709e+02 6.1827398682e+02 6.1813000488e+02 6.1804400635e+02 6.1801599121e+02 6.1803601074e+02 6.1802301025e+02 6.1804101563e+02 6.1806701660e+02 6.1807000732e+02 6.1809698486e+02 6.1812500000e+02 6.1814801025e+02 6.1817797852e+02 6.1821997070e+02 6.1824102783e+02 6.1825897217e+02 6.1827099609e+02 6.1827197266e+02 6.1824902344e+02 6.1821997070e+02 6.1819299316e+02 6.1815600586e+02 6.1813299561e+02 6.1811297607e+02 6.1811102295e+02 6.1811499023e+02 6.1812097168e+02 6.1814599609e+02 6.1817901611e+02 6.1819598389e+02
6.1843298340e+02 6.1849700928e+02 6.1853698730e+02 6.1854998779e+02 6.1847998047e+02 6.1831201172e+02 6.1813800049e+02 6.1795001221e+02 6.1776098633e+02 6.1774200439e+02 6.1797302246e+02 6.1828601074e+02 6.1854498291e+02 6.1865698242e+02 6.1875402832e+02 6.1871197510e+02 6.1848297119e+02 6.1825402832e+02 6.1812298584e+02 6.1806799316e+02 6.1807000732e+02 6.1806500244e+02 6.1806597900e+02 6.1808001709e+02 6.1808197021e+02 6.1811401367e+02 6.1814001465e+02 6.1816699219e+02 6.1819000244e+02 6.1821801758e+02 6.1823999023e+02 6.1826202393e+02 6.1828497314e+02 6.1830798340e+02 6.1832000732e+02 6.1831799316e+02 6.1831402588e+02 6.1827197266e+02 6.1821502686e+02 6.1816900635e+02 6.1815002441e+02 6.1815802002e+02 6.1816998291e+02 6.1818902588e+02 6.1820898438e+02 6.1822302246e+02
6.1848101807e+02 6.1854498291e+02 6.1858898926e+02 6.1860797119e+02 6.1856701660e+02 6.1836700439e+02 6.1810400391e+02 6.1781896973e+02 6.1755401611e+02 6.1755401611e+02 6.1774597168e+02 6.1802899170e+02 6.1835198975e+02 6.1855902100e+02 6.1873999023e+02 6.1880798340e+02 6.1870697021e+02 6.1850598145e+02 6.1834301758e+02 6.1820697021e+02 6.1813897705e+02 6.1811798096e+02 6.1810797119e+02 6.1811199951e+02 6.1810198975e+02 6.1812902832e+02 6.1815100098e+02 6.1817498779e+02 6.1820202637e+02 6.1821600342e+02 6.1823699951e+02 6.1826702881e+02 6.1829101563e+02 6.1830999756e+02 6.1834301758e+02 6.1836798096e+02 6.1839202881e+02 6.1837097168e+02 6.1832299805e+02 6.1827899170e+02 6.1822998047e+02 6.1820202637e+02 6.1820800781e+02 6.1822399902e+02 6.1823699951e+02 6.1825201416e+02
6.1855603027e+02 6.1857800293e+02 6.1858599854e+02 6.1858801270e+02 6.1859100342e+02 6.1841998291e+02 6.1813299561e+02 6.1781097412e+02 6.1755999756e+02 6.1758197021e+02 6.1764099121e+02 6.1780603027e+02 6.1809197998e+02 6.1834100342e+02 6.1859100342e+02 6.1879101563e+02 6.1888897705e+02 6.1878997803e+02 6.1864801025e+02 6.1843798828e+02 6.1827899170e+02 6.1819598389e+02 6.1816101074e+02 6.1815802002e+02 6.1813500977e+02 6.1813800049e+02 6.1815899658e+02 6.1818298340e+02 6.1821099854e+02 6.1822900391e+02 6.1824499512e+02 6.1827502441e+02 6.1830798340e+02 6.1832800293e+02 6.1836401367e+02 6.1838397217e+02 6.1841400146e+02 6.1842401123e+02 6.1841802979e+02 6.1840399170e+02 6.1834802246e+02 6.1828497314e+02 6.1825897217e+02 6.1825701904e+02 6.1826501465e+02 6.1827801514e+02
6.1864300537e+02 6.1861602783e+02 6.1859002686e+02 6.1858599854e+02 6.1858502197e+02 6.1851098633e+02 6.1826202393e+02 6.1794598389e+02 6.1773400879e+02 6.1763800049e+02 6.1760699463e+02 6.1766101074e+02 6.1783599854e+02 6.1811901855e+02 6.1841802979e+02 6.1868200684e+02 6.1888702393e+02 6.1890301514e+02 6.1885498047e+02 6.1871398926e+02 6.1855499268e+02 6.1836798096e+02 6.1826599121e+02 6.1823602295e+02 6.1820300293e+02 6.1817401123e+02 6.1817999268e+02 6.1820001221e+02 6.1821600342e+02 6.1824700928e+02 6.1825598145e+02 6.1828399658e+02 6.1833300781e+02 6.1833801270e+02 6.1837701416e+02 6.1840197754e+02 6.1842401123e+02 6.1843402100e+02 6.1844598389e+02 6.1846301270e+02 6.1844598389e+02 6.1840997314e+02 6.1835198975e+02 6.1831201172e+02 6.1829498291e+02 6.1830499268e+02
6.1864501953e+02 6.1862200928e+02 6.1861199951e+02 6.1861499023e+02 6.1859399414e+02 6.1857299805e+02 6.1844897461e+02 6.1824798584e+02 6.1803302002e+02 6.1779998779e+02 6.1766998291e+02 6.1763702393e+02 6.1772399902e+02 6.1791497803e+02 6.1817797852e+02 6.1844000244e+02 6.1868597412e+02 6.1881402588e+02 6.1891699219e+02 6.1891900635e+02 6.1882000732e+02 6.1866198730e+02 6.1853997803e+02 6.1846002197e+02 6.1836499023e+02 6.1826397705e+02 6.1821099854e+02 6.1821002197e+02 6.1823602295e+02 6.1825097656e+02 6.1825701904e+02 6.1829602051e+02 6.1833898926e+02 6.1834698486e+02 6.1838299561e+02 6.1841802979e+02 6.1842999268e+02 6.1844500732e+02 6.1847698975e+02 6.1851000977e+02 6.1851599121e+02 6.1851800537e+02 6.1847698975e+02 6.1843200684e+02 6.1839001465e+02 6.1836700439e+02
6.1864300537e+02 6.1866101074e+02 6.1865600586e+02 6.1865600586e+02 6.1866699219e+02 6.1866601563e+02 6.1858898926e+02 6.1848999023e+02 6.1833398438e+02 6.1805499268e+02 6.1784899902e+02 6.1770501709e+02 6.1768798828e+02 6.1776898193e+02 6.1791998291e+02 6.1812402344e+02 6.1837402344e+02 6.1857598877e+02 6.1879998779e+02 6.1894299316e+02 6.1897497559e+02 6.1892297363e+02 6.1884997559e+02 6.1875299072e+02 6.1860900879e+02 6.1845800781e+02 6.1833398438e+02 6.1825897217e+02 6.1824499512e+02 6.1825500488e+02 6.1826800537e+02 6.1830603027e+02 6.1833898926e+02 6.1835998535e+02 6.1839599609e+02 6.1842602539e+02 6.1844299316e+02 6.1846997070e+02 6.1850799561e+02 6.1854101563e+02 6.1855401611e+02 6.1858197021e+02 6.1857702637e+02 6.1856597900e+02 6.1853497314e+02 6.1848199463e+02
6.1870599365e+02 6.1873999023e+02 6.1874298096e+02 6.1878698730e+02 6.1888299561e+02 6.1888000488e+02 6.1877398682e+02 6.1869000244e+02 6.1857098389e+02 6.1832897949e+02 6.1808099365e+02 6.1784197998e+02 6.1772802734e+02 6.1772802734e+02 6.1777697754e+02 6.1787597656e+02 6.1806402588e+02 6.1828802490e+02 6.1855499268e+02 6.1878302002e+02 6.1893798828e+02 6.1900402832e+02 6.1903601074e+02 6.1901397705e+02 6.1891101074e+02 6.1877301025e+02 6.1861499023e+02 6.1844396973e+02 6.1831896973e+02 6.1829400635e+02 6.1829602051e+02 6.1831896973e+02 6.1834301758e+02 6.1836700439e+02 6.1840698242e+02 6.1842602539e+02 6.1844500732e+02 6.1848498535e+02 6.1852099609e+02 6.1855200195e+02 6.1857299805e+02 6.1860198975e+02 6.1861602783e+02 6.1863500977e+02 6.1864099121e+02 6.1860998535e+02
6.1885998535e+02 6.1889898682e+02 6.1896801758e+02 6.1909100342e+02 6.1918701172e+02 6.1909197998e+02 6.1894500732e+02 6.1883697510e+02 6.1872399902e+02 6.1853497314e+02 6.1830297852e+02 6.1804302979e+02 6.1782202148e+02 6.1775000000e+02 6.1775701904e+02 6.1778900146e+02 6.1785198975e+02 6.1803002930e+02 6.1824102783e+02 6.1846301270e+02 6.1866699219e+02 6.1886798096e+02 6.1901599121e+02 6.1910302734e+02 6.1912298584e+02 6.1904498291e+02 6.1890802002e+02 6.1871899414e+02 6.1853302002e+02 6.1839898682e+02 6.1835498047e+02 6.1836199951e+02 6.1836401367e+02 6.1838201904e+02 6.1842199707e+02 6.1845098877e+02 6.1847998047e+02 6.1851098633e+02 6.1853802490e+02 6.1856896973e+02 6.1859997559e+02 6.1861901855e+02 6.1863000488e+02 6.1865399170e+02 6.1867297363e+02 6.1867498779e+02
6.1906402588e+02 6.1911798096e+02 6.1919702148e+02 6.1930700684e+02 6.1936499023e+02 6.1929101563e+02 6.1915301514e+02 6.1902197266e+02 6.1889599609e+02 6.1874102783e+02 6.1854901123e+02 6.1831402588e+02 6.1803900146e+02 6.1785699463e+02 6.1780603027e+02 6.1780200195e+02 6.1781402588e+02 6.1787701416e+02 6.1800299072e+02 6.1815997314e+02 6.1837298584e+02 6.1862701416e+02 6.1884497070e+02 6.1901397705e+02 6.1912902832e+02 6.1919201660e+02 6.1915301514e+02 6.1900402832e+02 6.1880297852e+02 6.1857800293e+02 6.1842602539e+02 6.1839001465e+02 6.1840002441e+02 6.1840002441e+02 6.1841802979e+02 6.1846099854e+02 6.1850500488e+02 6.1853997803e+02 6.1855902100e+02 6.1858001709e+02 6.1860302734e+02 6.1863500977e+02 6.1865399170e+02 6.1867797852e+02 6.1869598389e+02 6.1870397949e+02
6.1929400635e+02 6.1935302734e+02 6.1939501953e+02 6.1945300293e+02 6.1950500488e+02 6.1947302246e+02 6.1935998535e+02 6.1921600342e+02 6.1907501221e+02 6.1895202637e+02 6.1877697754e+02 6.1857501221e+02 6.1835900879e+02 6.1819396973e+02 6.1805902100e+02 6.1791601563e+02 6.1783502197e+02 6.1784100342e+02 6.1789501953e+02 6.1797900391e+02 6.1811297607e+02 6.1831597900e+02 6.1853698730e+02 6.1875701904e+02 6.1896099854e+02 6.1919702148e+02 6.1930401611e+02 6.1925500488e+02 6.1911499023e+02 6.1893103027e+02 6.1870898438e+02 6.1857202148e+02 6.1853601074e+02 6.1852398682e+02 6.1847998047e+02 6.1845898438e+02 6.1849401855e+02 6.1854302979e+02 6.1856799316e+02 6.1859100342e+02 6.1860998535e+02 6.1864898682e+02 6.1866998291e+02 6.1869097900e+02 6.1871197510e+02 6.1872998047e+02
6.1951000977e+02 6.1953100586e+02 6.1954498291e+02 6.1958697510e+02 6.1963702393e+02 6.1964099121e+02 6.1959997559e+02 6.1948602295e+02 6.1931597900e+02 6.1917401123e+02 6.1893200684e+02 6.1872100830e+02 6.1864898682e+02 6.1856597900e+02 6.1838598633e+02 6.1813299561e+02 6.1794799805e+02 6.1790997314e+02 6.1790100098e+02 6.1791900635e+02 6.1797100830e+02 6.1808398438e+02 6.1823101807e+02 6.1840899658e+02 6.1861199951e+02 6.1891802979e+02 6.1916198730e+02 6.1927600098e+02 6.1928302002e+02 6.1926702881e+02 6.1910900879e+02 6.1893597412e+02 6.1881097412e+02 6.1875299072e+02 6.1865100098e+02 6.1854199219e+02 6.1852001953e+02 6.1854797363e+02 6.1856597900e+02 6.1859301758e+02 6.1861999512e+02 6.1865698242e+02 6.1867602539e+02 6.1869299316e+02 6.1871899414e+02 6.1874902344e+02
6.1979101563e+02 6.1974401855e+02 6.1970800781e+02 6.1972998047e+02 6.1977398682e+02 6.1975402832e+02 6.1976000977e+02 6.1969598389e+02 6.1957000732e+02 6.1941198730e+02 6.1906298828e+02 6.1878698730e+02 6.1878302002e+02 6.1871398926e+02 6.1853997803e+02 6.1834497070e+02 6.1820001221e+02 6.1805200195e+02 6.1797497559e+02 6.1794897461e+02 6.1796997070e+02 6.1800799561e+02 6.1806097412e+02 6.1813500977e+02 6.1824597168e+02 6.1848901367e+02 6.1877398682e+02 6.1902099609e+02 6.1916400146e+02 6.1927301025e+02 6.1929901123e+02 6.1923602295e+02 6.1914001465e+02 6.1900097656e+02 6.1887097168e+02 6.1875299072e+02 6.1868298340e+02 6.1860601807e+02 6.1858300781e+02 6.1860797119e+02 6.1863397217e+02 6.1866802979e+02 6.1868798828e+02 6.1869799805e+02 6.1871197510e+02 6.1876000977e+02
6.2000299072e+02 6.2001202393e+02 6.1995098877e+02 6.1989898682e+02 6.1987200928e+02 6.1980999756e+02 6.1977301025e+02 6.1974200439e+02 6.1969500732e+02 6.1955499268e+02 6.1920898438e+02 6.1894000244e+02 6.1891302490e+02 6.1883599854e+02 6.1873699951e+02 6.1869799805e+02 6.1859802246e+02 6.1835101318e+02 6.1813201904e+02 6.1798999023e+02 6.1795098877e+02 6.1797497559e+02 6.1800897217e+02 6.1804199219e+02 6.1809497070e+02 6.1822302246e+02 6.1842401123e+02 6.1863201904e+02 6.1880798340e+02 6.1899102783e+02 6.1916400146e+02 6.1927001953e+02 6.1930401611e+02 6.1924200439e+02 6.1913000488e+02 6.1900701904e+02 6.1889099121e+02 6.1879998779e+02 6.1871197510e+02 6.1866998291e+02 6.1866101074e+02 6.1865802002e+02 6.1868597412e+02 6.1870898438e+02 6.1872998047e+02 6.1878002930e+02
6.2018200684e+02 6.2021099854e+02 6.2016601563e+02 6.2006402588e+02 6.1997900391e+02 6.1987902832e+02 6.1982501221e+02 6.1981402588e+02 6.1975000000e+02 6.1956597900e+02 6.1930499268e+02 6.1913000488e+02 6.1910302734e+02 6.1906896973e+02 6.1907702637e+02 6.1913299561e+02 6.1902301025e+02 6.1872900391e+02 6.1846398926e+02 6.1823297119e+02 6.1807202148e+02 6.1800097656e+02 6.1797998047e+02 6.1797601318e+02 6.1801300049e+02 6.1806500244e+02 6.1816101074e+02 6.1829998779e+02 6.1845800781e+02 6.1865100098e+02 6.1888500977e+02 6.1909497070e+02 6.1924798584e+02 6.1931402588e+02 6.1930902100e+02 6.1926501465e+02 6.1915197754e+02 6.1905902100e+02 6.1893200684e+02 6.1883300781e+02 6.1878900146e+02 6.1870501709e+02 6.1868499756e+02 6.1870300293e+02 6.1874700928e+02 6.1878997803e+02
6.2034100342e+02 6.2033398438e+02 6.2030200195e+02 6.2019897461e+02 6.2009698486e+02 6.1998199463e+02 6.1992401123e+02 6.1990899658e+02 6.1979101563e+02 6.1954797363e+02 6.1938500977e+02 6.1931597900e+02 6.1931402588e+02 6.1932800293e+02 6.1937799072e+02 6.1944598389e+02 6.1931500244e+02 6.1905499268e+02 6.1884802246e+02 6.1863598633e+02 6.1840698242e+02 6.1822698975e+02 6.1811499023e+02 6.1803002930e+02 6.1801702881e+02 6.1803002930e+02 6.1804302979e+02 6.1811102295e+02 6.1822198486e+02 6.1835101318e+02 6.1853900146e+02 6.1874798584e+02 6.1893298340e+02 6.1909100342e+02 6.1923199463e+02 6.1934301758e+02 6.1934399414e+02 6.1931597900e+02 6.1918701172e+02 6.1904901123e+02 6.1899200439e+02 6.1889001465e+02 6.1879602051e+02 6.1873602295e+02 6.1875500488e+02 6.1879699707e+02
6.2054199219e+02 6.2048498535e+02 6.2041699219e+02 6.2032299805e+02 6.2023199463e+02 6.2011999512e+02 6.2004901123e+02 6.2001898193e+02 6.1991601563e+02 6.1964599609e+02 6.1953497314e+02 6.1950799561e+02 6.1950598145e+02 6.1952301025e+02 6.1952301025e+02 6.1953399658e+02 6.1946600342e+02 6.1929797363e+02 6.1913800049e+02 6.1897900391e+02 6.1882000732e+02 6.1865002441e+02 6.1846997070e+02 6.1826599121e+02 6.1811102295e+02 6.1806896973e+02 6.1804101563e+02 6.1806597900e+02 6.1810998535e+02 6.1815802002e+02 6.1825701904e+02 6.1838702393e+02 6.1850000000e+02 6.1868298340e+02 6.1891400146e+02 6.1914599609e+02 6.1933599854e+02 6.1943103027e+02 6.1939801025e+02 6.1928302002e+02 6.1921099854e+02 6.1917498779e+02 6.1906201172e+02 6.1890301514e+02 6.1879901123e+02 6.1880798340e+02
6.2064202881e+02 6.2062298584e+02 6.2055603027e+02 6.2047399902e+02 6.2039099121e+02 6.2024200439e+02 6.2010198975e+02 6.2005200195e+02 6.2000201416e+02 6.1982098389e+02 6.1974798584e+02 6.1972302246e+02 6.1971099854e+02 6.1969598389e+02 6.1965002441e+02 6.1961901855e+02 6.1960601807e+02 6.1953698730e+02 6.1934802246e+02 6.1915802002e+02 6.1907501221e+02 6.1901300049e+02 6.1883599854e+02 6.1862402344e+02 6.1846301270e+02 6.1827697754e+02 6.1812402344e+02 6.1805999756e+02 6.1804101563e+02 6.1804302979e+02 6.1811199951e+02 6.1820098877e+02 6.1827301025e+02 6.1841101074e+02 6.1859698486e+02 6.1880499268e+02 6.1907397461e+02 6.1935601807e+02 6.1952600098e+02 6.1955401611e+02 6.1950799561e+02 6.1949700928e+02 6.1939202881e+02 6.1921899414e+02 6.1904797363e+02 6.1891900635e+02
6.2068798828e+02 6.2068597412e+02 6.2065502930e+02 6.2062097168e+02 6.2057800293e+02 6.2041101074e+02 6.2019097900e+02 6.2007202148e+02 6.2004602051e+02 6.1997399902e+02 6.1995599365e+02 6.1993298340e+02 6.1990899658e+02 6.1985601807e+02 6.1978399658e+02 6.1971697998e+02 6.1966101074e+02 6.1959899902e+02 6.1945001221e+02 6.1930200195e+02 6.1926501465e+02 6.1921600342e+02 6.1908300781e+02 6.1895001221e+02 6.1885900879e+02 6.1866497803e+02 6.1841497803e+02 6.1821502686e+02 6.1809399414e+02 6.1805401611e+02 6.1806799316e+02 6.1811602783e+02 6.1816699219e+02 6.1824401855e+02 6.1834997559e+02 6.1848699951e+02 6.1871099854e+02 6.1902899170e+02 6.1933300781e+02 6.1952600098e+02 6.1958599854e+02 6.1964099121e+02 6.1960198975e+02 6.1949700928e+02 6.1934997559e+02 6.1916998291e+02
6.2078497314e+02 6.2081097412e+02 6.2080102539e+02 6.2077899170e+02 6.2074401855e+02 6.2061602783e+02 6.2039898682e+02 6.2025598145e+02 6.2021600342e+02 6.2021301270e+02 6.2021697998e+02 6.2017797852e+02 6.2013800049e+02 6.2006799316e+02 6.1996398926e+02 6.1986700439e+02 6.1977600098e+02 6.1969897461e+02 6.1960498047e+02 6.1950201416e+02 6.1946002197e+02 6.1937799072e+02 6.1928698730e+02 6.1922497559e+02 6.1915399170e+02 6.1903997803e+02 6.1884600830e+02 6.1862799072e+02 6.1841601563e+02 6.1827502441e+02 6.1816900635e+02 6.1812701416e+02 6.1815301514e+02 6.1818200684e+02 6.1822302246e+02 6.1829199219e+02 6.1842199707e+02 6.1859301758e+02 6.1885400391e+02 6.1911401367e+02 6.1930297852e+02 6.1943103027e+02 6.1949597168e+02 6.1953302002e+02 6.1952197266e+02 6.1945599365e+02
