TESTSERVER/14/10.asc
NCOLS 100
NROWS 100
XLLCORNER 8.1997500000e+03
YLLCORNER 2.8945025000e+05
CELLSIZE 5.0000000000e-01
NODATA_VALUE -9.9990000000e+03
[rows 80 to 99 of 100, columns 0 to 45 of 100]
6.3293103027e+02 6.3276300049e+02 6.3270300293e+02 6.3270098877e+02 6.3269500732e+02 6.3271197510e+02 6.3274798584e+02 6.3274597168e+02 6.3278100586e+02 6.3281402588e+02 6.3277197266e+02 6.3262701416e+02 6.3245800781e+02 6.3233502197e+02 6.3231500244e+02 6.3237902832e+02 6.3241699219e+02 6.3242199707e+02 6.3238299561e+02 6.3233001709e+02 6.3219598389e+02 6.3205499268e+02 6.3196099854e+02 6.3189300537e+02 6.3185699463e+02 6.3185699463e+02 6.3185900879e+02 6.3177197266e+02 6.3167797852e+02 6.3159399414e+02 6.3154797363e+02 6.3155700684e+02 6.3158801270e+02 6.3165698242e+02 6.3174798584e+02 6.3182299805e+02 6.3184197998e+02 6.3179199219e+02 6.3166101074e+02 6.3151898193e+02 6.3140100098e+02 6.3131597900e+02 6.3126501465e+02 6.3127001953e+02 6.3130902100e+02 6.3131298828e+02
6.3314001465e+02 6.3299902344e+02 6.3296197510e+02 6.3292401123e+02 6.3289898682e+02 6.3291302490e+02 6.3293701172e+02 6.3292797852e+02 6.3294201660e+02 6.3296502686e+02 6.3296197510e+02 6.3283502197e+02 6.3265698242e+02 6.3254699707e+02 6.3256097412e+02 6.3261499023e+02 6.3263702393e+02 6.3263500977e+02 6.3260998535e+02 6.3263397217e+02 6.3249902344e+02 6.3232202148e+02 6.3222998047e+02 6.3217602539e+02 6.3213201904e+02 6.3211199951e+02 6.3211999512e+02 6.3208099365e+02 6.3199102783e+02 6.3188397217e+02 6.3180999756e+02 6.3179901123e+02 6.3183197021e+02 6.3190100098e+02 6.3200598145e+02 6.3209497070e+02 6.3213598633e+02 6.3212799072e+02 6.3199597168e+02 6.3185198975e+02 6.3170599365e+02 6.3160998535e+02 6.3156701660e+02 6.3158197021e+02 6.3161297607e+02 6.3159600830e+02
6.3333502197e+02 6.3322100830e+02 6.3320599365e+02 6.3316601563e+02 6.3312097168e+02 6.3312298584e+02 6.3313000488e+02 6.3310302734e+02 6.3311999512e+02 6.3314599609e+02 6.3313299561e+02 6.3302197266e+02 6.3287902832e+02 6.3280200195e+02 6.3282000732e+02 6.3284301758e+02 6.3283001709e+02 6.3280999756e+02 6.3279302979e+02 6.3285699463e+02 6.3276898193e+02 6.3263201904e+02 6.3256701660e+02 6.3250299072e+02 6.3243798828e+02 6.3237298584e+02 6.3233099365e+02 6.3229602051e+02 6.3223797607e+02 6.3216400146e+02 6.3209899902e+02 6.3205102539e+02 6.3204797363e+02 6.3208599854e+02 6.3218402100e+02 6.3229602051e+02 6.3233898926e+02 6.3235198975e+02 6.3226300049e+02 6.3211999512e+02 6.3196301270e+02 6.3185797119e+02 6.3182501221e+02 6.3185101318e+02 6.3188098145e+02 6.3185302734e+02
6.3355700684e+02 6.3345202637e+02 6.3340002441e+02 6.3337902832e+02 6.3332299805e+02 6.3331799316e+02 6.3331298828e+02 6.3327301025e+02 6.3327801514e+02 6.3328302002e+02 6.3324798584e+02 6.3317797852e+02 6.3308599854e+02 6.3303601074e+02 6.3303802490e+02 6.3303399658e+02 6.3299902344e+02 6.3296697998e+02 6.3296398926e+02 6.3302899170e+02 6.3299298096e+02 6.3291900635e+02 6.3288000488e+02 6.3279901123e+02 6.3272497559e+02 6.3263201904e+02 6.3254101563e+02 6.3249798584e+02 6.3246301270e+02 6.3241400146e+02 6.3235302734e+02 6.3225299072e+02 6.3219799805e+02 6.3221099854e+02 6.3231201172e+02 6.3244799805e+02 6.3250402832e+02 6.3252001953e+02 6.3246899414e+02 6.3235101318e+02 6.3221502686e+02 6.3211798096e+02 6.3209002686e+02 6.3212200928e+02 6.3214501953e+02 6.3210101318e+02
6.3374499512e+02 6.3366699219e+02 6.3356097412e+02 6.3349499512e+02 6.3340997314e+02 6.3338201904e+02 6.3339697266e+02 6.3341400146e+02 6.3342602539e+02 6.3340899658e+02 6.3337597656e+02 6.3333398438e+02 6.3327398682e+02 6.3322100830e+02 6.3319702148e+02 6.3316998291e+02 6.3314398193e+02 6.3313201904e+02 6.3311901855e+02 6.3312200928e+02 6.3310900879e+02 6.3308001709e+02 6.3303900146e+02 6.3296099854e+02 6.3289898682e+02 6.3282702637e+02 6.3276397705e+02 6.3270697021e+02 6.3268402100e+02 6.3264099121e+02 6.3253802490e+02 6.3241302490e+02 6.3232397461e+02 6.3233801270e+02 6.3244500732e+02 6.3258599854e+02 6.3267498779e+02 6.3270001221e+02 6.3267102051e+02 6.3261102295e+02 6.3252502441e+02 6.3244396973e+02 6.3241400146e+02 6.3243701172e+02 6.3244897461e+02 6.3239099121e+02
6.3391400146e+02 6.3388702393e+02 6.3381402588e+02 6.3376898193e+02 6.3370599365e+02 6.3364202881e+02 6.3359899902e+02 6.3361401367e+02 6.3363800049e+02 6.3362799072e+02 6.3363000488e+02 6.3362402344e+02 6.3358300781e+02 6.3353497314e+02 6.3351898193e+02 6.3344799805e+02 6.3339801025e+02 6.3337298584e+02 6.3332202148e+02 6.3328802490e+02 6.3326000977e+02 6.3324499512e+02 6.3324597168e+02 6.3323297119e+02 6.3322802734e+02 6.3318298340e+02 6.3310302734e+02 6.3300201416e+02 6.3296002197e+02 6.3291302490e+02 6.3279400635e+02 6.3264697266e+02 6.3255603027e+02 6.3257800293e+02 6.3266802979e+02 6.3279901123e+02 6.3291198730e+02 6.3295001221e+02 6.3290100098e+02 6.3283502197e+02 6.3277398682e+02 6.3271997070e+02 6.3268902588e+02 6.3270300293e+02 6.3270697021e+02 6.3262902832e+02
6.3410101318e+02 6.3409600830e+02 6.3404699707e+02 6.3400799561e+02 6.3400799561e+02 6.3399798584e+02 6.3392401123e+02 6.3390197754e+02 6.3388397217e+02 6.3384497070e+02 6.3385900879e+02 6.3388897705e+02 6.3386901855e+02 6.3385198975e+02 6.3385797119e+02 6.3377099609e+02 6.3370501709e+02 6.3366497803e+02 6.3360900879e+02 6.3355902100e+02 6.3350598145e+02 6.3349298096e+02 6.3353002930e+02 6.3357098389e+02 6.3360302734e+02 6.3359100342e+02 6.3350500488e+02 6.3336297607e+02 6.3326501465e+02 6.3318103027e+02 6.3305297852e+02 6.3291699219e+02 6.3283197021e+02 6.3283502197e+02 6.3289599609e+02 6.3301098633e+02 6.3313702393e+02 6.3320202637e+02 6.3315100098e+02 6.3308599854e+02 6.3302001953e+02 6.3296398926e+02 6.3292797852e+02 6.3292297363e+02 6.3292102051e+02 6.3284997559e+02
6.3420300293e+02 6.3421697998e+02 6.3420501709e+02 6.3416802979e+02 6.3416400146e+02 6.3418499756e+02 6.3419897461e+02 6.3421301270e+02 6.3418298340e+02 6.3410699463e+02 6.3409002686e+02 6.3414001465e+02 6.3413500977e+02 6.3414202881e+02 6.3416802979e+02 6.3408898926e+02 6.3401898193e+02 6.3397802734e+02 6.3393597412e+02 6.3388397217e+02 6.3381799316e+02 6.3379199219e+02 6.3380499268e+02 6.3379498291e+02 6.3380499268e+02 6.3382397461e+02 6.3378100586e+02 6.3365197754e+02 6.3353302002e+02 6.3342999268e+02 6.3330200195e+02 6.3318902588e+02 6.3309997559e+02 6.3308001709e+02 6.3312597656e+02 6.3322100830e+02 6.3333001709e+02 6.3338897705e+02 6.3335998535e+02 6.3333001709e+02 6.3328497314e+02 6.3322900391e+02 6.3317901611e+02 6.3315197754e+02 6.3313702393e+02 6.3308398438e+02
6.3425201416e+02 6.3427502441e+02 6.3432000732e+02 6.3434002686e+02 6.3432897949e+02 6.3433898926e+02 6.3442700195e+02 6.3443200684e+02 6.3441400146e+02 6.3438702393e+02 6.3442700195e+02 6.3444000244e+02 6.3442199707e+02 6.3442999268e+02 6.3449499512e+02 6.3443402100e+02 6.3436999512e+02 6.3433300781e+02 6.3429797363e+02 6.3421502686e+02 6.3414599609e+02 6.3408898926e+02 6.3399499512e+02 6.3393902588e+02 6.3390399170e+02 6.3390100098e+02 6.3388702393e+02 6.3381799316e+02 6.3371197510e+02 6.3360198975e+02 6.3348699951e+02 6.3341198730e+02 6.3335302734e+02 6.3333599854e+02 6.3335302734e+02 6.3344299316e+02 6.3353100586e+02 6.3357299805e+02 6.3359100342e+02 6.3360797119e+02 6.3359002686e+02 6.3352801514e+02 6.3343200684e+02 6.3334399414e+02 6.3328698730e+02 6.3323498535e+02
6.3429699707e+02 6.3433398438e+02 6.3437200928e+02 6.3441198730e+02 6.3444897461e+02 6.3448400879e+02 6.3453802490e+02 6.3454400635e+02 6.3456298828e+02 6.3459100342e+02 6.3460101318e+02 6.3463098145e+02 6.3464300537e+02 6.3466302490e+02 6.3471697998e+02 6.3468597412e+02 6.3467199707e+02 6.3469897461e+02 6.3470300293e+02 6.3459698486e+02 6.3443902588e+02 6.3427801514e+02 6.3415502930e+02 6.3408697510e+02 6.3404901123e+02 6.3411798096e+02 6.3425000000e+02 6.3419897461e+02 6.3396600342e+02 6.3372302246e+02 6.3360400391e+02 6.3355603027e+02 6.3356500244e+02 6.3360302734e+02 6.3361199951e+02 6.3367901611e+02 6.3375097656e+02 6.3380700684e+02 6.3389202881e+02 6.3391699219e+02 6.3384002686e+02 6.3375000000e+02 6.3366101074e+02 6.3351501465e+02 6.3342797852e+02 6.3342297363e+02
6.3435601807e+02 6.3440899658e+02 6.3444000244e+02 6.3446301270e+02 6.3449597168e+02 6.3455297852e+02 6.3461999512e+02 6.3464398193e+02 6.3466101074e+02 6.3468499756e+02 6.3467199707e+02 6.3471899414e+02 6.3477001953e+02 6.3480999756e+02 6.3485900879e+02 6.3484997559e+02 6.3487799072e+02 6.3495098877e+02 6.3498400879e+02 6.3492901611e+02 6.3478900146e+02 6.3459698486e+02 6.3443103027e+02 6.3432501221e+02 6.3427502441e+02 6.3436602783e+02 6.3454101563e+02 6.3449902344e+02 6.3423498535e+02 6.3396197510e+02 6.3384698486e+02 6.3378497314e+02 6.3378900146e+02 6.3383801270e+02 6.3385498047e+02 6.3389398193e+02 6.3395800781e+02 6.3405297852e+02 6.3415600586e+02 6.3415802002e+02 6.3405798340e+02 6.3396801758e+02 6.3389398193e+02 6.3373199463e+02 6.3363598633e+02 6.3365399170e+02
6.3441601563e+02 6.3447998047e+02 6.3453100586e+02 6.3457098389e+02 6.3459002686e+02 6.3462799072e+02 6.3468402100e+02 6.3472198486e+02 6.3473297119e+02 6.3473699951e+02 6.3473699951e+02 6.3479998779e+02 6.3487402344e+02 6.3493103027e+02 6.3497900391e+02 6.3499499512e+02 6.3504998779e+02 6.3513500977e+02 6.3517199707e+02 6.3516699219e+02 6.3511700439e+02 6.3500402832e+02 6.3487701416e+02 6.3478802490e+02 6.3470501709e+02 6.3465100098e+02 6.3461901855e+02 6.3455297852e+02 6.3439801025e+02 6.3425598145e+02 6.3421801758e+02 6.3419000244e+02 6.3415698242e+02 6.3414801025e+02 6.3413702393e+02 6.3414501953e+02 6.3417700195e+02 6.3424102783e+02 6.3430603027e+02 6.3430902100e+02 6.3425097656e+02 6.3420599365e+02 6.3413702393e+02 6.3398999023e+02 6.3389398193e+02 6.3389001465e+02
6.3444702148e+02 6.3452099609e+02 6.3457598877e+02 6.3462097168e+02 6.3466998291e+02 6.3472399902e+02 6.3477197266e+02 6.3480297852e+02 6.3481896973e+02 6.3482202148e+02 6.3485101318e+02 6.3489599609e+02 6.3493597412e+02 6.3500000000e+02 6.3508898926e+02 6.3515301514e+02 6.3522802734e+02 6.3530297852e+02 6.3535797119e+02 6.3536602783e+02 6.3533398438e+02 6.3528497314e+02 6.3523199463e+02 6.3521801758e+02 6.3515301514e+02 6.3497198486e+02 6.3478399658e+02 6.3467797852e+02 6.3460498047e+02 6.3455603027e+02 6.3451202393e+02 6.3457702637e+02 6.3456201172e+02 6.3450799561e+02 6.3446002197e+02 6.3443200684e+02 6.3445001221e+02 6.3444702148e+02 6.3441900635e+02 6.3442700195e+02 6.3442102051e+02 6.3440100098e+02 6.3436499023e+02 6.3425097656e+02 6.3417797852e+02 6.3414001465e+02
6.3450000000e+02 6.3456298828e+02 6.3459301758e+02 6.3463800049e+02 6.3469598389e+02 6.3475299072e+02 6.3483001709e+02 6.3487902832e+02 6.3492999268e+02 6.3496398926e+02 6.3498797607e+02 6.3501702881e+02 6.3501098633e+02 6.3504199219e+02 6.3515698242e+02 6.3524798584e+02 6.3535101318e+02 6.3543103027e+02 6.3545898438e+02 6.3546197510e+02 6.3540502930e+02 6.3535400391e+02 6.3534802246e+02 6.3532702637e+02 6.3530700684e+02 6.3524298096e+02 6.3513098145e+02 6.3503497314e+02 6.3495800781e+02 6.3491802979e+02 6.3491198730e+02 6.3494897461e+02 6.3495300293e+02 6.3494702148e+02 6.3491998291e+02 6.3478302002e+02 6.3471502686e+02 6.3465399170e+02 6.3459497070e+02 6.3458300781e+02 6.3458001709e+02 6.3453302002e+02 6.3450402832e+02 6.3446398926e+02 6.3443798828e+02 6.3440600586e+02
6.3458001709e+02 6.3462500000e+02 6.3464001465e+02 6.3468402100e+02 6.3474499512e+02 6.3478997803e+02 6.3485900879e+02 6.3492602539e+02 6.3500598145e+02 6.3504901123e+02 6.3507098389e+02 6.3511297607e+02 6.3511199951e+02 6.3511602783e+02 6.3519799805e+02 6.3528002930e+02 6.3538299561e+02 6.3546301270e+02 6.3548101807e+02 6.3548199463e+02 6.3546197510e+02 6.3546197510e+02 6.3547802734e+02 6.3543200684e+02 6.3541101074e+02 6.3542297363e+02 6.3542297363e+02 6.3537298584e+02 6.3532598877e+02 6.3532299805e+02 6.3533599854e+02 6.3532000732e+02 6.3531201172e+02 6.3533697510e+02 6.3528601074e+02 6.3511297607e+02 6.3498101807e+02 6.3484899902e+02 6.3478302002e+02 6.3478399658e+02 6.3477899170e+02 6.3473699951e+02 6.3470300293e+02 6.3468597412e+02 6.3466497803e+02 6.3465100098e+02
6.3463800049e+02 6.3466699219e+02 6.3468902588e+02 6.3473901367e+02 6.3480499268e+02 6.3485302734e+02 6.3490100098e+02 6.3496801758e+02 6.3503802490e+02 6.3507000732e+02 6.3509899902e+02 6.3516802979e+02 6.3521600342e+02 6.3523498535e+02 6.3526702881e+02 6.3531298828e+02 6.3539300537e+02 6.3546301270e+02 6.3548901367e+02 6.3551098633e+02 6.3552197266e+02 6.3554901123e+02 6.3557702637e+02 6.3555902100e+02 6.3555200195e+02 6.3559802246e+02 6.3565997314e+02 6.3564599609e+02 6.3562799072e+02 6.3563897705e+02 6.3564202881e+02 6.3562902832e+02 6.3561700439e+02 6.3560498047e+02 6.3551599121e+02 6.3543902588e+02 6.3536499023e+02 6.3517999268e+02 6.3502301025e+02 6.3501599121e+02 6.3498999023e+02 6.3495202637e+02 6.3493298340e+02 6.3492901611e+02 6.3491998291e+02 6.3491400146e+02
6.3461700439e+02 6.3469396973e+02 6.3475500488e+02 6.3478002930e+02 6.3483697510e+02 6.3489801025e+02 6.3494097900e+02 6.3499798584e+02 6.3504998779e+02 6.3507897949e+02 6.3513098145e+02 6.3519702148e+02 6.3527197266e+02 6.3532897949e+02 6.3536700439e+02 6.3539099121e+02 6.3544000244e+02 6.3549798584e+02 6.3556298828e+02 6.3559197998e+02 6.3560601807e+02 6.3561901855e+02 6.3563500977e+02 6.3566802979e+02 6.3570800781e+02 6.3577801514e+02 6.3585797119e+02 6.3589099121e+02 6.3589801025e+02 6.3586798096e+02 6.3578302002e+02 6.3582897949e+02 6.3583099365e+02 6.3577697754e+02 6.3575799561e+02 6.3578302002e+02 6.3573797607e+02 6.3556298828e+02 6.3537097168e+02 6.3529199219e+02 6.3522601318e+02 6.3518103027e+02 6.3517999268e+02 6.3513897705e+02 6.3516699219e+02 6.3517700195e+02
6.3447497559e+02 6.3463201904e+02 6.3471002197e+02 6.3477099609e+02 6.3483300781e+02 6.3489398193e+02 6.3493798828e+02 6.3501501465e+02 6.3507098389e+02 6.3509698486e+02 6.3514501953e+02 6.3521301270e+02 6.3527001953e+02 6.3532000732e+02 6.3537097168e+02 6.3545300293e+02 6.3552301025e+02 6.3558697510e+02 6.3564300537e+02 6.3567901611e+02 6.3569299316e+02 6.3570001221e+02 6.3571099854e+02 6.3572900391e+02 6.3576397705e+02 6.3583898926e+02 6.3592498779e+02 6.3598602295e+02 6.3603302002e+02 6.3602301025e+02 6.3597302246e+02 6.3602697754e+02 6.3605603027e+02 6.3600598145e+02 6.3595098877e+02 6.3588702393e+02 6.3587701416e+02 6.3585400391e+02 6.3574499512e+02 6.3565899658e+02 6.3559899902e+02 6.3551000977e+02 6.3540802002e+02 6.3538000488e+02 6.3544799805e+02 6.3547900391e+02
6.3421600342e+02 6.3442700195e+02 6.3450402832e+02 6.3457897949e+02 6.3466699219e+02 6.3475598145e+02 6.3482897949e+02 6.3492297363e+02 6.3502001953e+02 6.3508801270e+02 6.3514599609e+02 6.3521301270e+02 6.3526501465e+02 6.3530999756e+02 6.3536700439e+02 6.3547100830e+02 6.3555603027e+02 6.3562597656e+02 6.3568902588e+02 6.3574298096e+02 6.3577001953e+02 6.3578601074e+02 6.3580902100e+02 6.3584002686e+02 6.3587097168e+02 6.3593200684e+02 6.3599200439e+02 6.3604400635e+02 6.3610198975e+02 6.3613800049e+02 6.3616601563e+02 6.3622698975e+02 6.3626397705e+02 6.3624200439e+02 6.3617199707e+02 6.3609497070e+02 6.3613500977e+02 6.3619396973e+02 6.3612701416e+02 6.3603997803e+02 6.3599298096e+02 6.3586401367e+02 6.3566900635e+02 6.3571697998e+02 6.3581298828e+02 6.3576202393e+02
6.3398400879e+02 6.3425097656e+02 6.3427899170e+02 6.3431896973e+02 6.3442401123e+02 6.3452697754e+02 6.3460998535e+02 6.3472698975e+02 6.3487597656e+02 6.3499499512e+02 6.3508398438e+02 6.3517401123e+02 6.3524798584e+02 6.3530401611e+02 6.3535900879e+02 6.3545501709e+02 6.3554302979e+02 6.3562799072e+02 6.3571899414e+02 6.3578601074e+02 6.3581701660e+02 6.3584002686e+02 6.3588201904e+02 6.3593298340e+02 6.3597198486e+02 6.3603100586e+02 6.3607897949e+02 6.3612597656e+02 6.3617401123e+02 6.3621899414e+02 6.3627801514e+02 6.3634002686e+02 6.3638000488e+02 6.3638201904e+02 6.3633502197e+02 6.3631201172e+02 6.3637597656e+02 6.3641998291e+02 6.3635400391e+02 6.3628601074e+02 6.3627600098e+02 6.3618902588e+02 6.3605499268e+02 6.3618298340e+02 6.3621899414e+02 6.3611798096e+02
