TESTSERVER/14/11.asc
NCOLS 100
NROWS 100
XLLCORNER 8.1997500000e+03
YLLCORNER 2.8940025000e+05
CELLSIZE 5.0000000000e-01
NODATA_VALUE -9.9990000000e+03
[rows 80 to 99 of 100, columns 0 to 45 of 100]
6.1489398193e+02 6.1504199219e+02 6.1519500732e+02 6.1533502197e+02 6.1546697998e+02 6.1559002686e+02 6.1568200684e+02 6.1579602051e+02 6.1593298340e+02 6.1609497070e+02 6.1630798340e+02 6.1649102783e+02 6.1669598389e+02 6.1689697266e+02 6.1710601807e+02 6.1720202637e+02 6.1732397461e+02 6.1743499756e+02 6.1753698730e+02 6.1763098145e+02 6.1775598145e+02 6.1788397217e+02 6.1801397705e+02 6.1810900879e+02 6.1821502686e+02 6.1832299805e+02 6.1844897461e+02 6.1856799316e+02 6.1871398926e+02 6.1886297607e+02 6.1901300049e+02 6.1915997314e+02 6.1931799316e+02 6.1947497559e+02 6.1962298584e+02 6.1977502441e+02 6.1992797852e+02 6.2007098389e+02 6.2021002197e+02 6.2030499268e+02 6.2039300537e+02 6.2046398926e+02 6.2051397705e+02 6.2057598877e+02 6.2066198730e+02 6.2077600098e+02
6.1467102051e+02 6.1481799316e+02 6.1496600342e+02 6.1509899902e+02 6.1522497559e+02 6.1534301758e+02 6.1544396973e+02 6.1555200195e+02 6.1569799805e+02 6.1587597656e+02 6.1611199951e+02 6.1636297607e+02 6.1658197021e+02 6.1678900146e+02 6.1696197510e+02 6.1707897949e+02 6.1719598389e+02 6.1729699707e+02 6.1736199951e+02 6.1744396973e+02 6.1757000732e+02 6.1770397949e+02 6.1782897949e+02 6.1793597412e+02 6.1804400635e+02 6.1815399170e+02 6.1826397705e+02 6.1838598633e+02 6.1852301025e+02 6.1866497803e+02 6.1879901123e+02 6.1893402100e+02 6.1907299805e+02 6.1921398926e+02 6.1935302734e+02 6.1949597168e+02 6.1965100098e+02 6.1980401611e+02 6.1995202637e+02 6.2006799316e+02 6.2015600586e+02 6.2021997070e+02 6.2027301025e+02 6.2032897949e+02 6.2041699219e+02 6.2054400635e+02
6.1445098877e+02 6.1459497070e+02 6.1473797607e+02 6.1487097168e+02 6.1499597168e+02 6.1511602783e+02 6.1521997070e+02 6.1532897949e+02 6.1547601318e+02 6.1565502930e+02 6.1590802002e+02 6.1618103027e+02 6.1640502930e+02 6.1661297607e+02 6.1678198242e+02 6.1689398193e+02 6.1700897217e+02 6.1710699463e+02 6.1716101074e+02 6.1723699951e+02 6.1736401367e+02 6.1749902344e+02 6.1762799072e+02 6.1773602295e+02 6.1784197998e+02 6.1795001221e+02 6.1805902100e+02 6.1817999268e+02 6.1831201172e+02 6.1844598389e+02 6.1857299805e+02 6.1869702148e+02 6.1882202148e+02 6.1895098877e+02 6.1908398438e+02 6.1922100830e+02 6.1937500000e+02 6.1953198242e+02 6.1969000244e+02 6.1980999756e+02 6.1989801025e+02 6.1996899414e+02 6.2004101563e+02 6.2010400391e+02 6.2018402100e+02 6.2031298828e+02
6.1423199463e+02 6.1437298584e+02 6.1451202393e+02 6.1464599609e+02 6.1477502441e+02 6.1489898682e+02 6.1500799561e+02 6.1511700439e+02 6.1526300049e+02 6.1544201660e+02 6.1569299316e+02 6.1596600342e+02 6.1619000244e+02 6.1639697266e+02 6.1656201172e+02 6.1667102051e+02 6.1678399658e+02 6.1688000488e+02 6.1693103027e+02 6.1700701904e+02 6.1713598633e+02 6.1727398682e+02 6.1740698242e+02 6.1751300049e+02 6.1761700439e+02 6.1772302246e+02 6.1783001709e+02 6.1795001221e+02 6.1807897949e+02 6.1820898438e+02 6.1833398438e+02 6.1845098877e+02 6.1856799316e+02 6.1869201660e+02 6.1882397461e+02 6.1896398926e+02 6.1911901855e+02 6.1927801514e+02 6.1943798828e+02 6.1955902100e+02 6.1965002441e+02 6.1973297119e+02 6.1982897949e+02 6.1991198730e+02 6.1999298096e+02 6.2011499023e+02
6.1401800537e+02 6.1415197754e+02 6.1428997803e+02 6.1442199707e+02 6.1455700684e+02 6.1468902588e+02 6.1480798340e+02 6.1492199707e+02 6.1506701660e+02 6.1523498535e+02 6.1544396973e+02 6.1570300293e+02 6.1591802979e+02 6.1612097168e+02 6.1631201172e+02 6.1642498779e+02 6.1653399658e+02 6.1663098145e+02 6.1669097900e+02 6.1675701904e+02 6.1688598633e+02 6.1702099609e+02 6.1715399170e+02 6.1727001953e+02 6.1736901855e+02 6.1746997070e+02 6.1757202148e+02 6.1770300293e+02 6.1783398438e+02 6.1796197510e+02 6.1807800293e+02 6.1819396973e+02 6.1830999756e+02 6.1843597412e+02 6.1858099365e+02 6.1873797607e+02 6.1889898682e+02 6.1905499268e+02 6.1919897461e+02 6.1933099365e+02 6.1943402100e+02 6.1952899170e+02 6.1963897705e+02 6.1973797607e+02 6.1982598877e+02 6.1995098877e+02
6.1380499268e+02 6.1393298340e+02 6.1406298828e+02 6.1419702148e+02 6.1433300781e+02 6.1446697998e+02 6.1459899902e+02 6.1472698975e+02 6.1486499023e+02 6.1501501465e+02 6.1519000244e+02 6.1539801025e+02 6.1558801270e+02 6.1577099609e+02 6.1594500732e+02 6.1606701660e+02 6.1618200684e+02 6.1629101563e+02 6.1638201904e+02 6.1648901367e+02 6.1661901855e+02 6.1675000000e+02 6.1688800049e+02 6.1700799561e+02 6.1711199951e+02 6.1721600342e+02 6.1732397461e+02 6.1744897461e+02 6.1757800293e+02 6.1770300293e+02 6.1781896973e+02 6.1792797852e+02 6.1804498291e+02 6.1817297363e+02 6.1832299805e+02 6.1850201416e+02 6.1868103027e+02 6.1884698486e+02 6.1897900391e+02 6.1911102295e+02 6.1922601318e+02 6.1932000732e+02 6.1942199707e+02 6.1954302979e+02 6.1967199707e+02 6.1983197021e+02
6.1358197021e+02 6.1370697021e+02 6.1383599854e+02 6.1397399902e+02 6.1411199951e+02 6.1424700928e+02 6.1438000488e+02 6.1450701904e+02 6.1463702393e+02 6.1477502441e+02 6.1492602539e+02 6.1510101318e+02 6.1527001953e+02 6.1543402100e+02 6.1558300781e+02 6.1570800781e+02 6.1583398438e+02 6.1595599365e+02 6.1607598877e+02 6.1620898438e+02 6.1634399414e+02 6.1647802734e+02 6.1661297607e+02 6.1673199463e+02 6.1684399414e+02 6.1695697021e+02 6.1706799316e+02 6.1718902588e+02 6.1731701660e+02 6.1744299316e+02 6.1755798340e+02 6.1766400146e+02 6.1778100586e+02 6.1791198730e+02 6.1806500244e+02 6.1825402832e+02 6.1844500732e+02 6.1861901855e+02 6.1876098633e+02 6.1890002441e+02 6.1901098633e+02 6.1909197998e+02 6.1917102051e+02 6.1929101563e+02 6.1944097900e+02 6.1961999512e+02
6.1334698486e+02 6.1347302246e+02 6.1360601807e+02 6.1374902344e+02 6.1388702393e+02 6.1402001953e+02 6.1415002441e+02 6.1427001953e+02 6.1439300537e+02 6.1452001953e+02 6.1465399170e+02 6.1480603027e+02 6.1495501709e+02 6.1510101318e+02 6.1523199463e+02 6.1536499023e+02 6.1550201416e+02 6.1563598633e+02 6.1577600098e+02 6.1592498779e+02 6.1606500244e+02 6.1620098877e+02 6.1633197021e+02 6.1645001221e+02 6.1656799316e+02 6.1669000244e+02 6.1680902100e+02 6.1692797852e+02 6.1705700684e+02 6.1718200684e+02 6.1729699707e+02 6.1740301514e+02 6.1752099609e+02 6.1765600586e+02 6.1781298828e+02 6.1800500488e+02 6.1820300293e+02 6.1838397217e+02 6.1853900146e+02 6.1868597412e+02 6.1879302979e+02 6.1886297607e+02 6.1891998291e+02 6.1900799561e+02 6.1913702393e+02 6.1930798340e+02
6.1310302734e+02 6.1323797607e+02 6.1338299561e+02 6.1352099609e+02 6.1365600586e+02 6.1378601074e+02 6.1389801025e+02 6.1401702881e+02 6.1413598633e+02 6.1425402832e+02 6.1438098145e+02 6.1451800537e+02 6.1464202881e+02 6.1476397705e+02 6.1488000488e+02 6.1503601074e+02 6.1518402100e+02 6.1533197021e+02 6.1548498535e+02 6.1563500977e+02 6.1577899170e+02 6.1591699219e+02 6.1604498291e+02 6.1616497803e+02 6.1628698730e+02 6.1641497803e+02 6.1654901123e+02 6.1667797852e+02 6.1680700684e+02 6.1692797852e+02 6.1703399658e+02 6.1714202881e+02 6.1726501465e+02 6.1740997314e+02 6.1757800293e+02 6.1776800537e+02 6.1797302246e+02 6.1816497803e+02 6.1833300781e+02 6.1845397949e+02 6.1856701660e+02 6.1864202881e+02 6.1870098877e+02 6.1875897217e+02 6.1884899902e+02 6.1898797607e+02
6.1285400391e+02 6.1300097656e+02 6.1314599609e+02 6.1328399658e+02 6.1341601563e+02 6.1354199219e+02 6.1365399170e+02 6.1377099609e+02 6.1389501953e+02 6.1401397705e+02 6.1413201904e+02 6.1425299072e+02 6.1436401367e+02 6.1447302246e+02 6.1459002686e+02 6.1473797607e+02 6.1488397217e+02 6.1503601074e+02 6.1519702148e+02 6.1535302734e+02 6.1549499512e+02 6.1563299561e+02 6.1576098633e+02 6.1588098145e+02 6.1600897217e+02 6.1614300537e+02 6.1628399658e+02 6.1643402100e+02 6.1657501221e+02 6.1669897461e+02 6.1680200195e+02 6.1690002441e+02 6.1702899170e+02 6.1718298340e+02 6.1735601807e+02 6.1754998779e+02 6.1776800537e+02 6.1797100830e+02 6.1809997559e+02 6.1818402100e+02 6.1829199219e+02 6.1838098145e+02 6.1843597412e+02 6.1850897217e+02 6.1860699463e+02 6.1873699951e+02
6.1258898926e+02 6.1274298096e+02 6.1289697266e+02 6.1303601074e+02 6.1316601563e+02 6.1329199219e+02 6.1340802002e+02 6.1353302002e+02 6.1366101074e+02 6.1378198242e+02 6.1389001465e+02 6.1399700928e+02 6.1410302734e+02 6.1420599365e+02 6.1431402588e+02 6.1445599365e+02 6.1460101318e+02 6.1475299072e+02 6.1491900635e+02 6.1507897949e+02 6.1522100830e+02 6.1535797119e+02 6.1548297119e+02 6.1560498047e+02 6.1573999023e+02 6.1588201904e+02 6.1602899170e+02 6.1618902588e+02 6.1634497070e+02 6.1647802734e+02 6.1658898926e+02 6.1669299316e+02 6.1682299805e+02 6.1697100830e+02 6.1712597656e+02 6.1729199219e+02 6.1749401855e+02 6.1768597412e+02 6.1779400635e+02 6.1784997559e+02 6.1795800781e+02 6.1807202148e+02 6.1816302490e+02 6.1827600098e+02 6.1840100098e+02 6.1853900146e+02
6.1231298828e+02 6.1247302246e+02 6.1263500977e+02 6.1277697754e+02 6.1290899658e+02 6.1303601074e+02 6.1315997314e+02 6.1329400635e+02 6.1342700195e+02 6.1354998779e+02 6.1365301514e+02 6.1375000000e+02 6.1384997559e+02 6.1394702148e+02 6.1405102539e+02 6.1419097900e+02 6.1433398438e+02 6.1448498535e+02 6.1465301514e+02 6.1481201172e+02 6.1495397949e+02 6.1509100342e+02 6.1521301270e+02 6.1533801270e+02 6.1547998047e+02 6.1562902832e+02 6.1578698730e+02 6.1596002197e+02 6.1612097168e+02 6.1626202393e+02 6.1638397217e+02 6.1650000000e+02 6.1663098145e+02 6.1676599121e+02 6.1689202881e+02 6.1701898193e+02 6.1718701172e+02 6.1736102295e+02 6.1747497559e+02 6.1754699707e+02 6.1765502930e+02 6.1777801514e+02 6.1790100098e+02 6.1805700684e+02 6.1820599365e+02 6.1835302734e+02
6.1201800537e+02 6.1217999268e+02 6.1234399414e+02 6.1250701904e+02 6.1264599609e+02 6.1277899170e+02 6.1290899658e+02 6.1304998779e+02 6.1318597412e+02 6.1331201172e+02 6.1341998291e+02 6.1350701904e+02 6.1359997559e+02 6.1369201660e+02 6.1379699707e+02 6.1394000244e+02 6.1408300781e+02 6.1423101807e+02 6.1439398193e+02 6.1455297852e+02 6.1469396973e+02 6.1483001709e+02 6.1495098877e+02 6.1508300781e+02 6.1523199463e+02 6.1539001465e+02 6.1557897949e+02 6.1575097656e+02 6.1590399170e+02 6.1604498291e+02 6.1618298340e+02 6.1631701660e+02 6.1644500732e+02 6.1656298828e+02 6.1667797852e+02 6.1678698730e+02 6.1692498779e+02 6.1708001709e+02 6.1722698975e+02 6.1734497070e+02 6.1744897461e+02 6.1754699707e+02 6.1766900635e+02 6.1783300781e+02 6.1798797607e+02 6.1813800049e+02
6.1173199463e+02 6.1188397217e+02 6.1206597900e+02 6.1223602295e+02 6.1238201904e+02 6.1252001953e+02 6.1265600586e+02 6.1280102539e+02 6.1293597412e+02 6.1305999756e+02 6.1316400146e+02 6.1325299072e+02 6.1334399414e+02 6.1343499756e+02 6.1354797363e+02 6.1369799805e+02 6.1384002686e+02 6.1398901367e+02 6.1414898682e+02 6.1430102539e+02 6.1443798828e+02 6.1457098389e+02 6.1470001221e+02 6.1484197998e+02 6.1499597168e+02 6.1516101074e+02 6.1534100342e+02 6.1551599121e+02 6.1567199707e+02 6.1582202148e+02 6.1597399902e+02 6.1611199951e+02 6.1623400879e+02 6.1634497070e+02 6.1646301270e+02 6.1658001709e+02 6.1670697021e+02 6.1685699463e+02 6.1701501465e+02 6.1715399170e+02 6.1726000977e+02 6.1735601807e+02 6.1747302246e+02 6.1761901855e+02 6.1777301025e+02 6.1793298340e+02
6.1147399902e+02 6.1161798096e+02 6.1179602051e+02 6.1196997070e+02 6.1211999512e+02 6.1226098633e+02 6.1240399170e+02 6.1255499268e+02 6.1269097900e+02 6.1281500244e+02 6.1291601563e+02 6.1300598145e+02 6.1309997559e+02 6.1319299316e+02 6.1330902100e+02 6.1346002197e+02 6.1360302734e+02 6.1375201416e+02 6.1391101074e+02 6.1405798340e+02 6.1419201660e+02 6.1432299805e+02 6.1445202637e+02 6.1459802246e+02 6.1475299072e+02 6.1491998291e+02 6.1509997559e+02 6.1527001953e+02 6.1542700195e+02 6.1558398438e+02 6.1574700928e+02 6.1588598633e+02 6.1601000977e+02 6.1612597656e+02 6.1624902344e+02 6.1636297607e+02 6.1647802734e+02 6.1662097168e+02 6.1678698730e+02 6.1693200684e+02 6.1705401611e+02 6.1716400146e+02 6.1728997803e+02 6.1744500732e+02 6.1760797119e+02 6.1777398682e+02
6.1123797607e+02 6.1137200928e+02 6.1153997803e+02 6.1171398926e+02 6.1186499023e+02 6.1200799561e+02 6.1215600586e+02 6.1231402588e+02 6.1245397949e+02 6.1257897949e+02 6.1267999268e+02 6.1277197266e+02 6.1286901855e+02 6.1296600342e+02 6.1308099365e+02 6.1322998047e+02 6.1337298584e+02 6.1352099609e+02 6.1367999268e+02 6.1382299805e+02 6.1395501709e+02 6.1408197021e+02 6.1420800781e+02 6.1435101318e+02 6.1450500488e+02 6.1467199707e+02 6.1484997559e+02 6.1501202393e+02 6.1516699219e+02 6.1532702637e+02 6.1549499512e+02 6.1563800049e+02 6.1577301025e+02 6.1590600586e+02 6.1604302979e+02 6.1615502930e+02 6.1626202393e+02 6.1640399170e+02 6.1658300781e+02 6.1673101807e+02 6.1686999512e+02 6.1699902344e+02 6.1713500977e+02 6.1728997803e+02 6.1744396973e+02 6.1759698486e+02
6.1104400635e+02 6.1116699219e+02 6.1131201172e+02 6.1146002197e+02 6.1160900879e+02 6.1175701904e+02 6.1191699219e+02 6.1207702637e+02 6.1222198486e+02 6.1235498047e+02 6.1246899414e+02 6.1255297852e+02 6.1265100098e+02 6.1275097656e+02 6.1286700439e+02 6.1300897217e+02 6.1315100098e+02 6.1329699707e+02 6.1345202637e+02 6.1359399414e+02 6.1372100830e+02 6.1384301758e+02 6.1395202637e+02 6.1409002686e+02 6.1423498535e+02 6.1439300537e+02 6.1454101563e+02 6.1473999023e+02 6.1490002441e+02 6.1505798340e+02 6.1521502686e+02 6.1536999512e+02 6.1552197266e+02 6.1567199707e+02 6.1582299805e+02 6.1595397949e+02 6.1607202148e+02 6.1622998047e+02 6.1643103027e+02 6.1657098389e+02 6.1671801758e+02 6.1687402344e+02 6.1703497314e+02 6.1715399170e+02 6.1727099609e+02 6.1740301514e+02
6.1086199951e+02 6.1097601318e+02 6.1109100342e+02 6.1121899414e+02 6.1136297607e+02 6.1151202393e+02 6.1167700195e+02 6.1184301758e+02 6.1199298096e+02 6.1213500977e+02 6.1226000977e+02 6.1235302734e+02 6.1244897461e+02 6.1254901123e+02 6.1266400146e+02 6.1279998779e+02 6.1293798828e+02 6.1308197021e+02 6.1323297119e+02 6.1337500000e+02 6.1350201416e+02 6.1362402344e+02 6.1373498535e+02 6.1386102295e+02 6.1400500488e+02 6.1416302490e+02 6.1433099365e+02 6.1450097656e+02 6.1464697266e+02 6.1479400635e+02 6.1496002197e+02 6.1510797119e+02 6.1526202393e+02 6.1541601563e+02 6.1558197021e+02 6.1573101807e+02 6.1587597656e+02 6.1604901123e+02 6.1624200439e+02 6.1640802002e+02 6.1658599854e+02 6.1676397705e+02 6.1692602539e+02 6.1701300049e+02 6.1709002686e+02 6.1720202637e+02
6.1065997314e+02 6.1077001953e+02 6.1087701416e+02 6.1099597168e+02 6.1113299561e+02 6.1127801514e+02 6.1143902588e+02 6.1160400391e+02 6.1176000977e+02 6.1190899658e+02 6.1204602051e+02 6.1214801025e+02 6.1224798584e+02 6.1234997559e+02 6.1246301270e+02 6.1259197998e+02 6.1272802734e+02 6.1286901855e+02 6.1301898193e+02 6.1316198730e+02 6.1329302979e+02 6.1341900635e+02 6.1353302002e+02 6.1366302490e+02 6.1380999756e+02 6.1396997070e+02 6.1414697266e+02 6.1431402588e+02 6.1443402100e+02 6.1455603027e+02 6.1471398926e+02 6.1487097168e+02 6.1502801514e+02 6.1518200684e+02 6.1534399414e+02 6.1552099609e+02 6.1569299316e+02 6.1587500000e+02 6.1606201172e+02 6.1624597168e+02 6.1643798828e+02 6.1661700439e+02 6.1676300049e+02 6.1683697510e+02 6.1690502930e+02 6.1700402832e+02
6.1046099854e+02 6.1056597900e+02 6.1066900635e+02 6.1078100586e+02 6.1090997314e+02 6.1104901123e+02 6.1120098877e+02 6.1136102295e+02 6.1152099609e+02 6.1167602539e+02 6.1182397461e+02 6.1193402100e+02 6.1203900146e+02 6.1214599609e+02 6.1226098633e+02 6.1238598633e+02 6.1252001953e+02 6.1266101074e+02 6.1281097412e+02 6.1295697021e+02 6.1309197998e+02 6.1322198486e+02 6.1334497070e+02 6.1348199463e+02 6.1363000488e+02 6.1378698730e+02 6.1396600342e+02 6.1414801025e+02 6.1426202393e+02 6.1435797119e+02 6.1448297119e+02 6.1464398193e+02 6.1481097412e+02 6.1496697998e+02 6.1512597656e+02 6.1533001709e+02 6.1552301025e+02 6.1571002197e+02 6.1588201904e+02 6.1604998779e+02 6.1622198486e+02 6.1638098145e+02 6.1651599121e+02 6.1660900879e+02 6.1669500732e+02 6.1679602051e+02
