TESTSERVER/14/11.asc
NCOLS 100
NROWS 100
XLLCORNER 8.1997500000e+03
YLLCORNER 2.8940025000e+05
CELLSIZE 5.0000000000e-01
NODATA_VALUE -9.9990000000e+03
[rows 0 to 19 of 100, columns 0 to 45 of 100]
6.3372601318e+02 6.3401501465e+02 6.3404302979e+02 6.3404699707e+02 6.3414099121e+02 6.3427001953e+02 6.3438000488e+02 6.3451202393e+02 6.3465600586e+02 6.3478497314e+02 6.3490399170e+02 6.3503900146e+02 6.3516101074e+02 6.3526098633e+02 6.3535302734e+02 6.3544000244e+02 6.3553302002e+02 6.3563598633e+02 6.3576397705e+02 6.3582098389e+02 6.3583300781e+02 6.3585498047e+02 6.3591198730e+02 6.3592999268e+02 6.3597302246e+02 6.3605200195e+02 6.3613598633e+02 6.3620001221e+02 6.3623797607e+02 6.3626599121e+02 6.3630200195e+02 6.3634698486e+02 6.3639001465e+02 6.3641900635e+02 6.3642297363e+02 6.3641302490e+02 6.3646301270e+02 6.3648901367e+02 6.3644799805e+02 6.3645599365e+02 6.3647900391e+02 6.3647802734e+02 6.3651898193e+02 6.3652899170e+02 6.3645800781e+02 6.3643402100e+02
6.3329901123e+02 6.3354498291e+02 6.3365100098e+02 6.3375897217e+02 6.3387200928e+02 6.3399700928e+02 6.3412701416e+02 6.3429998779e+02 6.3443597412e+02 6.3454699707e+02 6.3466302490e+02 6.3484899902e+02 6.3501599121e+02 6.3513098145e+02 6.3523999023e+02 6.3536199951e+02 6.3548498535e+02 6.3560302734e+02 6.3572900391e+02 6.3584600830e+02 6.3587701416e+02 6.3588299561e+02 6.3590997314e+02 6.3590600586e+02 6.3595697021e+02 6.3603900146e+02 6.3612200928e+02 6.3620202637e+02 6.3625402832e+02 6.3629400635e+02 6.3633599854e+02 6.3636602783e+02 6.3638897705e+02 6.3642700195e+02 6.3646301270e+02 6.3646002197e+02 6.3650701904e+02 6.3656597900e+02 6.3658197021e+02 6.3662597656e+02 6.3663800049e+02 6.3660900879e+02 6.3660797119e+02 6.3662902832e+02 6.3658599854e+02 6.3653399658e+02
6.3296197510e+02 6.3319299316e+02 6.3333898926e+02 6.3348999023e+02 6.3362298584e+02 6.3375097656e+02 6.3388800049e+02 6.3408300781e+02 6.3421197510e+02 6.3430700684e+02 6.3440600586e+02 6.3460198975e+02 6.3480102539e+02 6.3492401123e+02 6.3503399658e+02 6.3519598389e+02 6.3535699463e+02 6.3550201416e+02 6.3563598633e+02 6.3577398682e+02 6.3583898926e+02 6.3587097168e+02 6.3590997314e+02 6.3591101074e+02 6.3594799805e+02 6.3601599121e+02 6.3609997559e+02 6.3619299316e+02 6.3625500488e+02 6.3630401611e+02 6.3635699463e+02 6.3639898682e+02 6.3641998291e+02 6.3645300293e+02 6.3650000000e+02 6.3652801514e+02 6.3657000732e+02 6.3662402344e+02 6.3666601563e+02 6.3671301270e+02 6.3674102783e+02 6.3672998047e+02 6.3672601318e+02 6.3675897217e+02 6.3673602295e+02 6.3667199707e+02
6.3280798340e+02 6.3303497314e+02 6.3313397217e+02 6.3323797607e+02 6.3338397217e+02 6.3353698730e+02 6.3367102051e+02 6.3385797119e+02 6.3398297119e+02 6.3406597900e+02 6.3413702393e+02 6.3428900146e+02 6.3451800537e+02 6.3467797852e+02 6.3480102539e+02 6.3498999023e+02 6.3517498779e+02 6.3534301758e+02 6.3549298096e+02 6.3561102295e+02 6.3570300293e+02 6.3578802490e+02 6.3587500000e+02 6.3590802002e+02 6.3595098877e+02 6.3601098633e+02 6.3609497070e+02 6.3618798828e+02 6.3625201416e+02 6.3630603027e+02 6.3635699463e+02 6.3640899658e+02 6.3645599365e+02 6.3650402832e+02 6.3654998779e+02 6.3659399414e+02 6.3663897705e+02 6.3668597412e+02 6.3672302246e+02 6.3677697754e+02 6.3682598877e+02 6.3684301758e+02 6.3684600830e+02 6.3685900879e+02 6.3685302734e+02 6.3681799316e+02
6.3267999268e+02 6.3294799805e+02 6.3297601318e+02 6.3298400879e+02 6.3311499023e+02 6.3328802490e+02 6.3342797852e+02 6.3360101318e+02 6.3373199463e+02 6.3382397461e+02 6.3391802979e+02 6.3405200195e+02 6.3427502441e+02 6.3447198486e+02 6.3461700439e+02 6.3480297852e+02 6.3498400879e+02 6.3516101074e+02 6.3534399414e+02 6.3543902588e+02 6.3552099609e+02 6.3562200928e+02 6.3573901367e+02 6.3582501221e+02 6.3592199707e+02 6.3602801514e+02 6.3612902832e+02 6.3619897461e+02 6.3626300049e+02 6.3631701660e+02 6.3636901855e+02 6.3641400146e+02 6.3647100830e+02 6.3653198242e+02 6.3657299805e+02 6.3662200928e+02 6.3668103027e+02 6.3674499512e+02 6.3678997803e+02 6.3683599854e+02 6.3689099121e+02 6.3692401123e+02 6.3694702148e+02 6.3695898438e+02 6.3696301270e+02 6.3694299316e+02
6.3235498047e+02 6.3260302734e+02 6.3268402100e+02 6.3274499512e+02 6.3290600586e+02 6.3306896973e+02 6.3319897461e+02 6.3334600830e+02 6.3344500732e+02 6.3353198242e+02 6.3365899658e+02 6.3380401611e+02 6.3401702881e+02 6.3425897217e+02 6.3447601318e+02 6.3465301514e+02 6.3478802490e+02 6.3491302490e+02 6.3506597900e+02 6.3519299316e+02 6.3524200439e+02 6.3530999756e+02 6.3546398926e+02 6.3558398438e+02 6.3572302246e+02 6.3590197754e+02 6.3605700684e+02 6.3618103027e+02 6.3628497314e+02 6.3635699463e+02 6.3641400146e+02 6.3644702148e+02 6.3649298096e+02 6.3655700684e+02 6.3660998535e+02 6.3666302490e+02 6.3671099854e+02 6.3677301025e+02 6.3683001709e+02 6.3688702393e+02 6.3694702148e+02 6.3699499512e+02 6.3703100586e+02 6.3704699707e+02 6.3706402588e+02 6.3704498291e+02
6.3204602051e+02 6.3224102783e+02 6.3238397217e+02 6.3251800537e+02 6.3272601318e+02 6.3290301514e+02 6.3299700928e+02 6.3310699463e+02 6.3320098877e+02 6.3330798340e+02 6.3345800781e+02 6.3361602783e+02 6.3381500244e+02 6.3405603027e+02 6.3429797363e+02 6.3445300293e+02 6.3455700684e+02 6.3464501953e+02 6.3476098633e+02 6.3487799072e+02 6.3492797852e+02 6.3500402832e+02 6.3519799805e+02 6.3536798096e+02 6.3553601074e+02 6.3574798584e+02 6.3593200684e+02 6.3609197998e+02 6.3624700928e+02 6.3635400391e+02 6.3642498779e+02 6.3646801758e+02 6.3652099609e+02 6.3659600830e+02 6.3667199707e+02 6.3673999023e+02 6.3677301025e+02 6.3678802490e+02 6.3682897949e+02 6.3689801025e+02 6.3696301270e+02 6.3702697754e+02 6.3707397461e+02 6.3710302734e+02 6.3712701416e+02 6.3710498047e+02
6.3185198975e+02 6.3200402832e+02 6.3214398193e+02 6.3229498291e+02 6.3251702881e+02 6.3272802734e+02 6.3281402588e+02 6.3290002441e+02 6.3300799561e+02 6.3314501953e+02 6.3331402588e+02 6.3347900391e+02 6.3366400146e+02 6.3386102295e+02 6.3406799316e+02 6.3422802734e+02 6.3433898926e+02 6.3443402100e+02 6.3454101563e+02 6.3463598633e+02 6.3470098877e+02 6.3480401611e+02 6.3501599121e+02 6.3520300293e+02 6.3537200928e+02 6.3559002686e+02 6.3579199219e+02 6.3597399902e+02 6.3615600586e+02 6.3628399658e+02 6.3637402344e+02 6.3644897461e+02 6.3651898193e+02 6.3660797119e+02 6.3671197510e+02 6.3682098389e+02 6.3688098145e+02 6.3686401367e+02 6.3684899902e+02 6.3689697266e+02 6.3695300293e+02 6.3702001953e+02 6.3707098389e+02 6.3710998535e+02 6.3713598633e+02 6.3711798096e+02
6.3168902588e+02 6.3184197998e+02 6.3196697998e+02 6.3208801270e+02 6.3225598145e+02 6.3245001221e+02 6.3258001709e+02 6.3270501709e+02 6.3284002686e+02 6.3299798584e+02 6.3315997314e+02 6.3332501221e+02 6.3351702881e+02 6.3369201660e+02 6.3383197021e+02 6.3401300049e+02 6.3417401123e+02 6.3432000732e+02 6.3446801758e+02 6.3451898193e+02 6.3457299805e+02 6.3469000244e+02 6.3486901855e+02 6.3501702881e+02 6.3516400146e+02 6.3537200928e+02 6.3561199951e+02 6.3582299805e+02 6.3600402832e+02 6.3614001465e+02 6.3626898193e+02 6.3634399414e+02 6.3643902588e+02 6.3656896973e+02 6.3671997070e+02 6.3683099365e+02 6.3694702148e+02 6.3697399902e+02 6.3693597412e+02 6.3692102051e+02 6.3694702148e+02 6.3699798584e+02 6.3704101563e+02 6.3707299805e+02 6.3710302734e+02 6.3711297607e+02
6.3145202637e+02 6.3165002441e+02 6.3179699707e+02 6.3191998291e+02 6.3209899902e+02 6.3227502441e+02 6.3240997314e+02 6.3251000977e+02 6.3264898682e+02 6.3283300781e+02 6.3300598145e+02 6.3315301514e+02 6.3334600830e+02 6.3354199219e+02 6.3370300293e+02 6.3388098145e+02 6.3404797363e+02 6.3421002197e+02 6.3438000488e+02 6.3446197510e+02 6.3447601318e+02 6.3455297852e+02 6.3471899414e+02 6.3484600830e+02 6.3498498535e+02 6.3516699219e+02 6.3537500000e+02 6.3557299805e+02 6.3573999023e+02 6.3590100098e+02 6.3606402588e+02 6.3618103027e+02 6.3630200195e+02 6.3646502686e+02 6.3663500977e+02 6.3675799561e+02 6.3690802002e+02 6.3699798584e+02 6.3699298096e+02 6.3696600342e+02 6.3696301270e+02 6.3698498535e+02 6.3701300049e+02 6.3704797363e+02 6.3708502197e+02 6.3710101318e+02
6.3123101807e+02 6.3146801758e+02 6.3164300537e+02 6.3177001953e+02 6.3194799805e+02 6.3211199951e+02 6.3224401855e+02 6.3234197998e+02 6.3245800781e+02 6.3261901855e+02 6.3279602051e+02 6.3295098877e+02 6.3316302490e+02 6.3338897705e+02 6.3357702637e+02 6.3375201416e+02 6.3390997314e+02 6.3406201172e+02 6.3423199463e+02 6.3435797119e+02 6.3439697266e+02 6.3445599365e+02 6.3459997559e+02 6.3470898438e+02 6.3482202148e+02 6.3497802734e+02 6.3512902832e+02 6.3527801514e+02 6.3544799805e+02 6.3563098145e+02 6.3580200195e+02 6.3594897461e+02 6.3608898926e+02 6.3627197266e+02 6.3648297119e+02 6.3664202881e+02 6.3679901123e+02 6.3690399170e+02 6.3694000244e+02 6.3694897461e+02 6.3695697021e+02 6.3696398926e+02 6.3697399902e+02 6.3700299072e+02 6.3704498291e+02 6.3707299805e+02
6.3099798584e+02 6.3126501465e+02 6.3147399902e+02 6.3160998535e+02 6.3176599121e+02 6.3189501953e+02 6.3202801514e+02 6.3217297363e+02 6.3229101563e+02 6.3241497803e+02 6.3258398438e+02 6.3276702881e+02 6.3298297119e+02 6.3320300293e+02 6.3340802002e+02 6.3359997559e+02 6.3375299072e+02 6.3389599609e+02 6.3406097412e+02 6.3421301270e+02 6.3429797363e+02 6.3437200928e+02 6.3449597168e+02 6.3455700684e+02 6.3462200928e+02 6.3475201416e+02 6.3488397217e+02 6.3501300049e+02 6.3518402100e+02 6.3536401367e+02 6.3550000000e+02 6.3563897705e+02 6.3579400635e+02 6.3600000000e+02 6.3624102783e+02 6.3644598389e+02 6.3662200928e+02 6.3675299072e+02 6.3684197998e+02 6.3686401367e+02 6.3687097168e+02 6.3687200928e+02 6.3689001465e+02 6.3694396973e+02 6.3700201416e+02 6.3703997803e+02
6.3070098877e+02 6.3095898438e+02 6.3120397949e+02 6.3140600586e+02 6.3155798340e+02 6.3165802002e+02 6.3178698730e+02 6.3196197510e+02 6.3209802246e+02 6.3222900391e+02 6.3242602539e+02 6.3264300537e+02 6.3285101318e+02 6.3303698730e+02 6.3322601318e+02 6.3342602539e+02 6.3358502197e+02 6.3373999023e+02 6.3391497803e+02 6.3405200195e+02 6.3414801025e+02 6.3423101807e+02 6.3431597900e+02 6.3435998535e+02 6.3438397217e+02 6.3446997070e+02 6.3461401367e+02 6.3477697754e+02 6.3495397949e+02 6.3510998535e+02 6.3522100830e+02 6.3534301758e+02 6.3551300049e+02 6.3570697021e+02 6.3589202881e+02 6.3615197754e+02 6.3638598633e+02 6.3659399414e+02 6.3677801514e+02 6.3679101563e+02 6.3675799561e+02 6.3673999023e+02 6.3678302002e+02 6.3685601807e+02 6.3691101074e+02 6.3696502686e+02
6.3035900879e+02 6.3055999756e+02 6.3080999756e+02 6.3107501221e+02 6.3131500244e+02 6.3143701172e+02 6.3151397705e+02 6.3167901611e+02 6.3182702637e+02 6.3199700928e+02 6.3222900391e+02 6.3246801758e+02 6.3267901611e+02 6.3285302734e+02 6.3302398682e+02 6.3320397949e+02 6.3336602783e+02 6.3355401611e+02 6.3375402832e+02 6.3388800049e+02 6.3396099854e+02 6.3402001953e+02 6.3408197021e+02 6.3413800049e+02 6.3415197754e+02 6.3419299316e+02 6.3431097412e+02 6.3446600342e+02 6.3463598633e+02 6.3479199219e+02 6.3493103027e+02 6.3508099365e+02 6.3526501465e+02 6.3545300293e+02 6.3564001465e+02 6.3587402344e+02 6.3611102295e+02 6.3635601807e+02 6.3659600830e+02 6.3670202637e+02 6.3666400146e+02 6.3660498047e+02 6.3663598633e+02 6.3672399902e+02 6.3679901123e+02 6.3690399170e+02
6.3008197021e+02 6.3023297119e+02 6.3043103027e+02 6.3069598389e+02 6.3096502686e+02 6.3110900879e+02 6.3119201660e+02 6.3137500000e+02 6.3155200195e+02 6.3174902344e+02 6.3199200439e+02 6.3224200439e+02 6.3245397949e+02 6.3264202881e+02 6.3282702637e+02 6.3298400879e+02 6.3313500977e+02 6.3331597900e+02 6.3351800537e+02 6.3365997314e+02 6.3373999023e+02 6.3379699707e+02 6.3384002686e+02 6.3388800049e+02 6.3392498779e+02 6.3396697998e+02 6.3404400635e+02 6.3417602539e+02 6.3432702637e+02 6.3448699951e+02 6.3465600586e+02 6.3482397461e+02 6.3501098633e+02 6.3519500732e+02 6.3538299561e+02 6.3557800293e+02 6.3579498291e+02 6.3606402588e+02 6.3634002686e+02 6.3650799561e+02 6.3650201416e+02 6.3644396973e+02 6.3646002197e+02 6.3654602051e+02 6.3666802979e+02 6.3682598877e+02
6.2980798340e+02 6.2994702148e+02 6.3009399414e+02 6.3032098389e+02 6.3056597900e+02 6.3073101807e+02 6.3086602783e+02 6.3108099365e+02 6.3128002930e+02 6.3147802734e+02 6.3169702148e+02 6.3194897461e+02 6.3217901611e+02 6.3239599609e+02 6.3261602783e+02 6.3278302002e+02 6.3291998291e+02 6.3306402588e+02 6.3321197510e+02 6.3336401367e+02 6.3347998047e+02 6.3355902100e+02 6.3359802246e+02 6.3362701416e+02 6.3368402100e+02 6.3375000000e+02 6.3381799316e+02 6.3394799805e+02 6.3409600830e+02 6.3426300049e+02 6.3443103027e+02 6.3459100342e+02 6.3477001953e+02 6.3494097900e+02 6.3510699463e+02 6.3529199219e+02 6.3549298096e+02 6.3573199463e+02 6.3598602295e+02 6.3619396973e+02 6.3625897217e+02 6.3625897217e+02 6.3629998779e+02 6.3640100098e+02 6.3656402588e+02 6.3673901367e+02
6.2948901367e+02 6.2965997314e+02 6.2978002930e+02 6.2999298096e+02 6.3021398926e+02 6.3041198730e+02 6.3058300781e+02 6.3080603027e+02 6.3101397705e+02 6.3118798828e+02 6.3137597656e+02 6.3161401367e+02 6.3185101318e+02 6.3210101318e+02 6.3238201904e+02 6.3258599854e+02 6.3272802734e+02 6.3283398438e+02 6.3294000244e+02 6.3305603027e+02 6.3320697021e+02 6.3331896973e+02 6.3337597656e+02 6.3339202881e+02 6.3344702148e+02 6.3353399658e+02 6.3362902832e+02 6.3374401855e+02 6.3390997314e+02 6.3409399414e+02 6.3424798584e+02 6.3437097168e+02 6.3452697754e+02 6.3468499756e+02 6.3483898926e+02 6.3502801514e+02 6.3523199463e+02 6.3543103027e+02 6.3565002441e+02 6.3587799072e+02 6.3601501465e+02 6.3608502197e+02 6.3616998291e+02 6.3633898926e+02 6.3652001953e+02 6.3664099121e+02
6.2919702148e+02 6.2939202881e+02 6.2950598145e+02 6.2972601318e+02 6.2995300293e+02 6.3014001465e+02 6.3029400635e+02 6.3049597168e+02 6.3069396973e+02 6.3086999512e+02 6.3107397461e+02 6.3132598877e+02 6.3155297852e+02 6.3178900146e+02 6.3206500244e+02 6.3232897949e+02 6.3250500488e+02 6.3260699463e+02 6.3269702148e+02 6.3280200195e+02 6.3292700195e+02 6.3303302002e+02 6.3310900879e+02 6.3313397217e+02 6.3318798828e+02 6.3329400635e+02 6.3341601563e+02 6.3353100586e+02 6.3369598389e+02 6.3389697266e+02 6.3405902100e+02 6.3416302490e+02 6.3428900146e+02 6.3443499756e+02 6.3459802246e+02 6.3474200439e+02 6.3490301514e+02 6.3509399414e+02 6.3532098389e+02 6.3553497314e+02 6.3570599365e+02 6.3585302734e+02 6.3597302246e+02 6.3614599609e+02 6.3635198975e+02 6.3647802734e+02
6.2890301514e+02 6.2909399414e+02 6.2922198486e+02 6.2944598389e+02 6.2968402100e+02 6.2988299561e+02 6.3003100586e+02 6.3021502686e+02 6.3041699219e+02 6.3058801270e+02 6.3077001953e+02 6.3100897217e+02 6.3121600342e+02 6.3140802002e+02 6.3165197754e+02 6.3195898438e+02 6.3217498779e+02 6.3230798340e+02 6.3242102051e+02 6.3254199219e+02 6.3265301514e+02 6.3275201416e+02 6.3284899902e+02 6.3289300537e+02 6.3294396973e+02 6.3304797363e+02 6.3320300293e+02 6.3334600830e+02 6.3349597168e+02 6.3366998291e+02 6.3384899902e+02 6.3397900391e+02 6.3410198975e+02 6.3423498535e+02 6.3440600586e+02 6.3454199219e+02 6.3465802002e+02 6.3480499268e+02 6.3500402832e+02 6.3518200684e+02 6.3536199951e+02 6.3557098389e+02 6.3573498535e+02 6.3589001465e+02 6.3609600830e+02 6.3626501465e+02
6.2858599854e+02 6.2878802490e+02 6.2894000244e+02 6.2913500977e+02 6.2936602783e+02 6.2958398438e+02 6.2974401855e+02 6.2989599609e+02 6.3010498047e+02 6.3029797363e+02 6.3046398926e+02 6.3066601563e+02 6.3086602783e+02 6.3103497314e+02 6.3123101807e+02 6.3152502441e+02 6.3175897217e+02 6.3193597412e+02 6.3209997559e+02 6.3225598145e+02 6.3238500977e+02 6.3249902344e+02 6.3260498047e+02 6.3268402100e+02 6.3276000977e+02 6.3287097168e+02 6.3303802490e+02 6.3320697021e+02 6.3334100342e+02 6.3347802734e+02 6.3365399170e+02 6.3382202148e+02 6.3396002197e+02 6.3408599854e+02 6.3424200439e+02 6.3438897705e+02 6.3448498535e+02 6.3459399414e+02 6.3475500488e+02 6.3492102051e+02 6.3508502197e+02 6.3528900146e+02 6.3548400879e+02 6.3565100098e+02 6.3584802246e+02 6.3603601074e+02
