TESTSERVER/14/12.asc
NCOLS 100
NROWS 100
XLLCORNER 8.1997500000e+03
YLLCORNER 2.8935025000e+05
CELLSIZE 5.0000000000e-01
NODATA_VALUE -9.9990000000e+03
[rows 20 to 39 of 100, columns 46 to 91 of 100]
6.1222302246e+02 6.1234002686e+02 6.1244897461e+02 6.1255499268e+02 6.1266101074e+02 6.1277899170e+02 6.1290899658e+02 6.1305200195e+02 6.1321197510e+02 6.1338397217e+02 6.1354199219e+02 6.1368402100e+02 6.1378997803e+02 6.1387902832e+02 6.1397998047e+02 6.1410101318e+02 6.1424102783e+02 6.1440301514e+02 6.1454498291e+02 6.1467999268e+02 6.1486102295e+02 6.1516101074e+02 6.1532202148e+02 6.1535198975e+02 6.1548797607e+02 6.1573101807e+02 6.1590301514e+02 6.1601800537e+02 6.1615100098e+02 6.1632098389e+02 6.1647998047e+02 6.1660998535e+02 6.1672497559e+02 6.1678399658e+02 6.1682598877e+02 6.1690399170e+02 6.1701000977e+02 6.1705902100e+02 6.1711199951e+02 6.1718103027e+02 6.1728399658e+02 6.1744396973e+02 6.1756896973e+02 6.1769396973e+02 6.1780700684e+02 6.1795599365e+02
6.1200799561e+02 6.1210797119e+02 6.1221099854e+02 6.1231799316e+02 6.1242901611e+02 6.1255297852e+02 6.1268798828e+02 6.1283300781e+02 6.1297998047e+02 6.1312902832e+02 6.1328002930e+02 6.1341998291e+02 6.1354302979e+02 6.1364202881e+02 6.1374798584e+02 6.1386901855e+02 6.1400402832e+02 6.1416497803e+02 6.1432098389e+02 6.1448101807e+02 6.1466699219e+02 6.1493499756e+02 6.1508001709e+02 6.1511499023e+02 6.1522302246e+02 6.1543402100e+02 6.1558001709e+02 6.1569500732e+02 6.1581799316e+02 6.1597198486e+02 6.1613500977e+02 6.1630603027e+02 6.1647802734e+02 6.1657897949e+02 6.1661199951e+02 6.1668402100e+02 6.1676898193e+02 6.1681097412e+02 6.1686297607e+02 6.1694396973e+02 6.1705902100e+02 6.1717401123e+02 6.1728002930e+02 6.1740100098e+02 6.1754302979e+02 6.1769799805e+02
6.1179199219e+02 6.1187799072e+02 6.1197399902e+02 6.1207800293e+02 6.1219396973e+02 6.1232397461e+02 6.1245800781e+02 6.1259899902e+02 6.1273999023e+02 6.1288500977e+02 6.1303302002e+02 6.1317102051e+02 6.1329498291e+02 6.1340197754e+02 6.1351397705e+02 6.1363702393e+02 6.1376898193e+02 6.1392297363e+02 6.1408001709e+02 6.1424298096e+02 6.1441101074e+02 6.1461499023e+02 6.1476599121e+02 6.1482598877e+02 6.1492700195e+02 6.1510699463e+02 6.1523297119e+02 6.1534899902e+02 6.1548199463e+02 6.1562298584e+02 6.1578198242e+02 6.1596502686e+02 6.1615899658e+02 6.1628601074e+02 6.1636199951e+02 6.1646301270e+02 6.1654400635e+02 6.1659100342e+02 6.1665600586e+02 6.1674597168e+02 6.1685900879e+02 6.1696099854e+02 6.1705102539e+02 6.1716699219e+02 6.1732299805e+02 6.1747497559e+02
6.1157397461e+02 6.1165197754e+02 6.1174200439e+02 6.1184100342e+02 6.1195898438e+02 6.1209100342e+02 6.1222302246e+02 6.1235998535e+02 6.1249597168e+02 6.1264099121e+02 6.1278997803e+02 6.1292901611e+02 6.1305200195e+02 6.1316198730e+02 6.1327899170e+02 6.1340698242e+02 6.1353997803e+02 6.1368402100e+02 6.1383001709e+02 6.1397802734e+02 6.1412097168e+02 6.1428399658e+02 6.1444702148e+02 6.1453497314e+02 6.1462500000e+02 6.1478302002e+02 6.1490600586e+02 6.1502899170e+02 6.1517199707e+02 6.1531597900e+02 6.1547497559e+02 6.1565600586e+02 6.1583502197e+02 6.1596801758e+02 6.1609399414e+02 6.1622802734e+02 6.1633001709e+02 6.1640899658e+02 6.1649102783e+02 6.1658599854e+02 6.1667999268e+02 6.1677301025e+02 6.1685400391e+02 6.1695202637e+02 6.1711297607e+02 6.1728100586e+02
6.1133502197e+02 6.1142602539e+02 6.1151702881e+02 6.1161401367e+02 6.1173297119e+02 6.1185998535e+02 6.1198699951e+02 6.1211798096e+02 6.1224902344e+02 6.1239801025e+02 6.1254699707e+02 6.1268902588e+02 6.1282098389e+02 6.1292797852e+02 6.1304699707e+02 6.1317602539e+02 6.1332800293e+02 6.1346600342e+02 6.1359802246e+02 6.1372601318e+02 6.1385302734e+02 6.1402398682e+02 6.1417901611e+02 6.1428100586e+02 6.1435998535e+02 6.1449200439e+02 6.1462799072e+02 6.1476300049e+02 6.1489001465e+02 6.1504400635e+02 6.1523199463e+02 6.1542901611e+02 6.1562298584e+02 6.1574298096e+02 6.1587500000e+02 6.1600201416e+02 6.1613800049e+02 6.1624798584e+02 6.1634301758e+02 6.1643402100e+02 6.1652197266e+02 6.1662597656e+02 6.1672601318e+02 6.1680999756e+02 6.1691900635e+02 6.1707501221e+02
6.1109399414e+02 6.1119000244e+02 6.1128997803e+02 6.1139398193e+02 6.1150799561e+02 6.1163201904e+02 6.1175402832e+02 6.1188000488e+02 6.1200897217e+02 6.1215301514e+02 6.1229797363e+02 6.1244000244e+02 6.1257397461e+02 6.1269097900e+02 6.1281500244e+02 6.1294799805e+02 6.1309899902e+02 6.1324597168e+02 6.1338201904e+02 6.1351098633e+02 6.1363702393e+02 6.1378002930e+02 6.1390002441e+02 6.1401000977e+02 6.1411499023e+02 6.1422698975e+02 6.1436499023e+02 6.1450402832e+02 6.1462500000e+02 6.1477801514e+02 6.1497698975e+02 6.1519000244e+02 6.1539697266e+02 6.1554602051e+02 6.1568499756e+02 6.1582098389e+02 6.1596099854e+02 6.1608898926e+02 6.1618597412e+02 6.1626599121e+02 6.1634197998e+02 6.1646600342e+02 6.1661102295e+02 6.1672198486e+02 6.1678997803e+02 6.1687097168e+02
6.1085601807e+02 6.1095898438e+02 6.1106500244e+02 6.1117199707e+02 6.1128601074e+02 6.1140399170e+02 6.1152398682e+02 6.1164501953e+02 6.1177001953e+02 6.1190899658e+02 6.1204998779e+02 6.1219097900e+02 6.1232598877e+02 6.1245397949e+02 6.1258398438e+02 6.1272198486e+02 6.1286999512e+02 6.1301898193e+02 6.1315899658e+02 6.1328802490e+02 6.1341400146e+02 6.1351397705e+02 6.1359899902e+02 6.1371697998e+02 6.1385797119e+02 6.1396502686e+02 6.1409802246e+02 6.1423901367e+02 6.1436901855e+02 6.1453198242e+02 6.1473699951e+02 6.1494897461e+02 6.1515100098e+02 6.1532202148e+02 6.1548797607e+02 6.1564398193e+02 6.1578802490e+02 6.1592498779e+02 6.1601898193e+02 6.1608099365e+02 6.1613397217e+02 6.1624700928e+02 6.1638299561e+02 6.1650201416e+02 6.1660498047e+02 6.1668597412e+02
6.1062402344e+02 6.1073400879e+02 6.1084399414e+02 6.1095300293e+02 6.1106597900e+02 6.1118103027e+02 6.1129699707e+02 6.1141497803e+02 6.1153497314e+02 6.1166699219e+02 6.1180401611e+02 6.1194396973e+02 6.1208099365e+02 6.1221997070e+02 6.1235699463e+02 6.1249798584e+02 6.1264300537e+02 6.1279400635e+02 6.1293597412e+02 6.1306298828e+02 6.1318402100e+02 6.1326898193e+02 6.1334600830e+02 6.1347100830e+02 6.1362200928e+02 6.1372601318e+02 6.1385101318e+02 6.1398498535e+02 6.1411901855e+02 6.1430499268e+02 6.1451898193e+02 6.1471997070e+02 6.1489501953e+02 6.1507501221e+02 6.1526202393e+02 6.1543402100e+02 6.1558001709e+02 6.1571899414e+02 6.1581201172e+02 6.1586499023e+02 6.1591101074e+02 6.1600897217e+02 6.1611499023e+02 6.1622399902e+02 6.1636297607e+02 6.1647998047e+02
6.1040002441e+02 6.1051397705e+02 6.1063000488e+02 6.1074298096e+02 6.1086602783e+02 6.1096801758e+02 6.1108001709e+02 6.1119396973e+02 6.1130102539e+02 6.1142401123e+02 6.1155999756e+02 6.1170202637e+02 6.1184301758e+02 6.1198199463e+02 6.1212701416e+02 6.1227197266e+02 6.1242102051e+02 6.1257299805e+02 6.1271301270e+02 6.1283801270e+02 6.1295697021e+02 6.1305603027e+02 6.1316802979e+02 6.1329302979e+02 6.1340399170e+02 6.1349298096e+02 6.1360400391e+02 6.1372399902e+02 6.1384997559e+02 6.1408197021e+02 6.1430798340e+02 6.1449798584e+02 6.1463897705e+02 6.1480499268e+02 6.1499200439e+02 6.1516601563e+02 6.1529901123e+02 6.1543902588e+02 6.1554400635e+02 6.1561102295e+02 6.1567297363e+02 6.1577502441e+02 6.1587500000e+02 6.1597198486e+02 6.1609399414e+02 6.1619201660e+02
6.1019396973e+02 6.1030999756e+02 6.1042498779e+02 6.1053698730e+02 6.1064501953e+02 6.1075097656e+02 6.1086199951e+02 6.1097601318e+02 6.1108099365e+02 6.1119396973e+02 6.1132800293e+02 6.1146899414e+02 6.1161199951e+02 6.1175201416e+02 6.1190002441e+02 6.1204998779e+02 6.1220202637e+02 6.1235101318e+02 6.1248400879e+02 6.1260699463e+02 6.1271997070e+02 6.1282397461e+02 6.1292901611e+02 6.1303302002e+02 6.1312402344e+02 6.1321600342e+02 6.1334997559e+02 6.1349102783e+02 6.1362200928e+02 6.1381402588e+02 6.1403601074e+02 6.1424200439e+02 6.1439801025e+02 6.1454797363e+02 6.1471398926e+02 6.1486700439e+02 6.1498999023e+02 6.1510198975e+02 6.1520697021e+02 6.1529302979e+02 6.1537597656e+02 6.1549298096e+02 6.1561297607e+02 6.1572802734e+02 6.1580999756e+02 6.1588800049e+02
6.0999102783e+02 6.1010198975e+02 6.1021197510e+02 6.1032098389e+02 6.1042297363e+02 6.1052600098e+02 6.1063897705e+02 6.1075402832e+02 6.1086401367e+02 6.1097900391e+02 6.1110998535e+02 6.1124700928e+02 6.1139001465e+02 6.1153900146e+02 6.1169000244e+02 6.1184100342e+02 6.1199200439e+02 6.1213598633e+02 6.1226501465e+02 6.1238500977e+02 6.1249200439e+02 6.1258398438e+02 6.1267901611e+02 6.1277398682e+02 6.1286297607e+02 6.1297302246e+02 6.1312597656e+02 6.1328100586e+02 6.1340600586e+02 6.1355603027e+02 6.1376501465e+02 6.1398400879e+02 6.1416101074e+02 6.1430401611e+02 6.1444897461e+02 6.1458300781e+02 6.1469299316e+02 6.1479400635e+02 6.1490002441e+02 6.1500299072e+02 6.1510900879e+02 6.1521801758e+02 6.1532000732e+02 6.1543298340e+02 6.1553198242e+02 6.1563299561e+02
6.0978601074e+02 6.0988800049e+02 6.0999298096e+02 6.1009802246e+02 6.1019799805e+02 6.1030200195e+02 6.1041601563e+02 6.1053302002e+02 6.1065002441e+02 6.1076898193e+02 6.1089801025e+02 6.1103198242e+02 6.1117700195e+02 6.1133300781e+02 6.1148699951e+02 6.1164099121e+02 6.1178802490e+02 6.1192797852e+02 6.1205603027e+02 6.1217401123e+02 6.1228002930e+02 6.1236700439e+02 6.1245300293e+02 6.1253997803e+02 6.1263098145e+02 6.1275097656e+02 6.1290600586e+02 6.1305999756e+02 6.1317999268e+02 6.1330798340e+02 6.1350097656e+02 6.1372198486e+02 6.1391198730e+02 6.1404400635e+02 6.1417602539e+02 6.1430102539e+02 6.1440698242e+02 6.1451702881e+02 6.1462902832e+02 6.1473797607e+02 6.1485601807e+02 6.1495898438e+02 6.1503497314e+02 6.1514300537e+02 6.1526599121e+02 6.1538397217e+02
6.0957501221e+02 6.0966302490e+02 6.0976202393e+02 6.0986602783e+02 6.0997198486e+02 6.1008001709e+02 6.1019702148e+02 6.1031701660e+02 6.1044396973e+02 6.1056298828e+02 6.1069396973e+02 6.1083099365e+02 6.1098400879e+02 6.1113299561e+02 6.1128900146e+02 6.1144299316e+02 6.1159100342e+02 6.1173101807e+02 6.1186199951e+02 6.1198400879e+02 6.1210797119e+02 6.1218798828e+02 6.1226702881e+02 6.1234301758e+02 6.1241998291e+02 6.1253198242e+02 6.1266998291e+02 6.1280999756e+02 6.1293103027e+02 6.1307897949e+02 6.1325799561e+02 6.1345800781e+02 6.1364398193e+02 6.1377099609e+02 6.1389697266e+02 6.1402197266e+02 6.1413897705e+02 6.1425701904e+02 6.1437298584e+02 6.1446899414e+02 6.1454101563e+02 6.1466900635e+02 6.1475500488e+02 6.1485699463e+02 6.1497497559e+02 6.1512701416e+02
6.0935302734e+02 6.0942498779e+02 6.0952099609e+02 6.0962500000e+02 6.0973797607e+02 6.0984997559e+02 6.0996899414e+02 6.1009301758e+02 6.1021997070e+02 6.1034698486e+02 6.1048297119e+02 6.1062799072e+02 6.1077899170e+02 6.1093402100e+02 6.1109197998e+02 6.1124597168e+02 6.1139599609e+02 6.1153900146e+02 6.1167297363e+02 6.1180102539e+02 6.1192498779e+02 6.1202697754e+02 6.1210601807e+02 6.1217602539e+02 6.1224499512e+02 6.1233197021e+02 6.1244500732e+02 6.1256402588e+02 6.1268902588e+02 6.1285101318e+02 6.1302801514e+02 6.1321801758e+02 6.1341400146e+02 6.1353399658e+02 6.1365399170e+02 6.1377502441e+02 6.1388500977e+02 6.1399298096e+02 6.1411602783e+02 6.1423400879e+02 6.1430102539e+02 6.1438201904e+02 6.1448400879e+02 6.1458099365e+02 6.1469598389e+02 6.1484802246e+02
6.0912597656e+02 6.0918798828e+02 6.0928198242e+02 6.0938598633e+02 6.0950097656e+02 6.0961700439e+02 6.0973699951e+02 6.0986297607e+02 6.0999200439e+02 6.1012200928e+02 6.1026202393e+02 6.1040997314e+02 6.1056896973e+02 6.1073101807e+02 6.1089099121e+02 6.1104602051e+02 6.1119799805e+02 6.1134399414e+02 6.1148199463e+02 6.1161297607e+02 6.1174401855e+02 6.1185797119e+02 6.1194299316e+02 6.1201501465e+02 6.1208099365e+02 6.1213897705e+02 6.1223199463e+02 6.1234399414e+02 6.1247100830e+02 6.1263098145e+02 6.1280200195e+02 6.1297998047e+02 6.1315502930e+02 6.1326898193e+02 6.1339898682e+02 6.1353399658e+02 6.1363897705e+02 6.1370800781e+02 6.1381799316e+02 6.1395898438e+02 6.1407098389e+02 6.1413201904e+02 6.1422601318e+02 6.1432501221e+02 6.1444299316e+02 6.1458697510e+02
6.0889202881e+02 6.0894799805e+02 6.0903997803e+02 6.0914300537e+02 6.0926300049e+02 6.0938397217e+02 6.0950598145e+02 6.0963299561e+02 6.0976000977e+02 6.0989099121e+02 6.1003399658e+02 6.1018597412e+02 6.1035302734e+02 6.1052301025e+02 6.1068499756e+02 6.1084301758e+02 6.1099597168e+02 6.1114801025e+02 6.1129101563e+02 6.1142700195e+02 6.1156298828e+02 6.1168701172e+02 6.1178100586e+02 6.1185797119e+02 6.1192999268e+02 6.1196899414e+02 6.1204498291e+02 6.1215502930e+02 6.1228698730e+02 6.1244897461e+02 6.1260198975e+02 6.1275000000e+02 6.1289202881e+02 6.1299499512e+02 6.1312799072e+02 6.1327001953e+02 6.1338201904e+02 6.1344000244e+02 6.1354699707e+02 6.1370300293e+02 6.1384399414e+02 6.1389202881e+02 6.1398602295e+02 6.1409600830e+02 6.1422198486e+02 6.1437097168e+02
6.0861798096e+02 6.0869500732e+02 6.0878399658e+02 6.0889099121e+02 6.0901300049e+02 6.0914599609e+02 6.0927001953e+02 6.0939501953e+02 6.0950897217e+02 6.0965100098e+02 6.0979797363e+02 6.0995397949e+02 6.1011700439e+02 6.1029797363e+02 6.1046502686e+02 6.1063000488e+02 6.1079400635e+02 6.1095001221e+02 6.1110302734e+02 6.1125097656e+02 6.1141101074e+02 6.1152502441e+02 6.1162597656e+02 6.1170800781e+02 6.1178900146e+02 6.1182702637e+02 6.1190002441e+02 6.1200000000e+02 6.1212402344e+02 6.1228198242e+02 6.1241302490e+02 6.1253100586e+02 6.1265197754e+02 6.1274499512e+02 6.1285198975e+02 6.1297601318e+02 6.1310601807e+02 6.1321099854e+02 6.1335998535e+02 6.1352502441e+02 6.1360900879e+02 6.1364697266e+02 6.1375402832e+02 6.1388201904e+02 6.1400402832e+02 6.1416198730e+02
6.0836901855e+02 6.0843597412e+02 6.0852398682e+02 6.0863598633e+02 6.0877301025e+02 6.0890600586e+02 6.0903302002e+02 6.0915899658e+02 6.0928698730e+02 6.0942498779e+02 6.0957000732e+02 6.0972601318e+02 6.0989501953e+02 6.1006799316e+02 6.1023999023e+02 6.1041198730e+02 6.1058801270e+02 6.1075402832e+02 6.1091302490e+02 6.1107098389e+02 6.1123297119e+02 6.1136999512e+02 6.1147601318e+02 6.1156201172e+02 6.1164300537e+02 6.1170001221e+02 6.1176898193e+02 6.1185101318e+02 6.1196697998e+02 6.1210400391e+02 6.1221502686e+02 6.1231097412e+02 6.1240899658e+02 6.1250097656e+02 6.1259899902e+02 6.1271197510e+02 6.1284802246e+02 6.1297497559e+02 6.1314001465e+02 6.1329998779e+02 6.1336499023e+02 6.1341497803e+02 6.1352398682e+02 6.1365197754e+02 6.1377801514e+02 6.1395501709e+02
6.0813098145e+02 6.0820098877e+02 6.0828997803e+02 6.0840502930e+02 6.0854699707e+02 6.0868402100e+02 6.0881701660e+02 6.0894702148e+02 6.0907897949e+02 6.0921502686e+02 6.0935601807e+02 6.0950897217e+02 6.0967901611e+02 6.0985400391e+02 6.1002600098e+02 6.1019897461e+02 6.1037902832e+02 6.1054998779e+02 6.1071099854e+02 6.1086901855e+02 6.1103302002e+02 6.1117700195e+02 6.1128997803e+02 6.1138897705e+02 6.1148901367e+02 6.1156402588e+02 6.1163000488e+02 6.1169500732e+02 6.1179101563e+02 6.1190301514e+02 6.1199200439e+02 6.1207299805e+02 6.1215997314e+02 6.1226000977e+02 6.1236297607e+02 6.1246502686e+02 6.1257598877e+02 6.1269702148e+02 6.1285101318e+02 6.1300000000e+02 6.1308898926e+02 6.1318798828e+02 6.1332000732e+02 6.1345501709e+02 6.1357897949e+02 6.1375097656e+02
6.0791198730e+02 6.0798498535e+02 6.0807800293e+02 6.0819500732e+02 6.0834002686e+02 6.0848297119e+02 6.0861999512e+02 6.0875299072e+02 6.0888397217e+02 6.0901397705e+02 6.0915197754e+02 6.0930200195e+02 6.0946697998e+02 6.0964202881e+02 6.0981402588e+02 6.0998602295e+02 6.1016601563e+02 6.1033599854e+02 6.1049597168e+02 6.1065301514e+02 6.1080798340e+02 6.1094500732e+02 6.1106701660e+02 6.1118402100e+02 6.1131201172e+02 6.1140899658e+02 6.1147302246e+02 6.1152197266e+02 6.1159497070e+02 6.1167999268e+02 6.1175598145e+02 6.1183697510e+02 6.1192999268e+02 6.1204602051e+02 6.1215899658e+02 6.1225299072e+02 6.1233502197e+02 6.1245300293e+02 6.1259399414e+02 6.1272497559e+02 6.1282897949e+02 6.1298199463e+02 6.1314599609e+02 6.1329498291e+02 6.1341998291e+02 6.1358697510e+02
