TESTSERVER/14/12.asc
NCOLS 100
NROWS 100
XLLCORNER 8.1997500000e+03
YLLCORNER 2.8935025000e+05
CELLSIZE 5.0000000000e-01
NODATA_VALUE -9.9990000000e+03
[rows 0 to 19 of 100, columns 0 to 45 of 100]
6.1027197266e+02 6.1036999512e+02 6.1047497559e+02 6.1057501221e+02 6.1069201660e+02 6.1082000732e+02 6.1095397949e+02 6.1111401367e+02 6.1127600098e+02 6.1143499756e+02 6.1158099365e+02 6.1170501709e+02 6.1181896973e+02 6.1193402100e+02 6.1205603027e+02 6.1218402100e+02 6.1231701660e+02 6.1245800781e+02 6.1260998535e+02 6.1275701904e+02 6.1290002441e+02 6.1304199219e+02 6.1318798828e+02 6.1331402588e+02 6.1346002197e+02 6.1361199951e+02 6.1377502441e+02 6.1396099854e+02 6.1410302734e+02 6.1419702148e+02 6.1428802490e+02 6.1442700195e+02 6.1459997559e+02 6.1476898193e+02 6.1495397949e+02 6.1516802979e+02 6.1536199951e+02 6.1553698730e+02 6.1568298340e+02 6.1580902100e+02 6.1594201660e+02 6.1607598877e+02 6.1620697021e+02 6.1634399414e+02 6.1645397949e+02 6.1657000732e+02
6.1008398438e+02 6.1017602539e+02 6.1026202393e+02 6.1035400391e+02 6.1046301270e+02 6.1058398438e+02 6.1071502686e+02 6.1086798096e+02 6.1103198242e+02 6.1119201660e+02 6.1134100342e+02 6.1146801758e+02 6.1159399414e+02 6.1171801758e+02 6.1184600830e+02 6.1197698975e+02 6.1211199951e+02 6.1225500488e+02 6.1240899658e+02 6.1255999756e+02 6.1271099854e+02 6.1286199951e+02 6.1301000977e+02 6.1314898682e+02 6.1329498291e+02 6.1344897461e+02 6.1361199951e+02 6.1378002930e+02 6.1390600586e+02 6.1400598145e+02 6.1412500000e+02 6.1426000977e+02 6.1443298340e+02 6.1462799072e+02 6.1482702637e+02 6.1502001953e+02 6.1518499756e+02 6.1533300781e+02 6.1546301270e+02 6.1558599854e+02 6.1571997070e+02 6.1584301758e+02 6.1595898438e+02 6.1610198975e+02 6.1621398926e+02 6.1633599854e+02
6.0987902832e+02 6.0996697998e+02 6.1004302979e+02 6.1012500000e+02 6.1023101807e+02 6.1034997559e+02 6.1047698975e+02 6.1062701416e+02 6.1079101563e+02 6.1095300293e+02 6.1110601807e+02 6.1124200439e+02 6.1137597656e+02 6.1150799561e+02 6.1163897705e+02 6.1176898193e+02 6.1190502930e+02 6.1204998779e+02 6.1220397949e+02 6.1235900879e+02 6.1251397705e+02 6.1266900635e+02 6.1282702637e+02 6.1297497559e+02 6.1312298584e+02 6.1327697754e+02 6.1344702148e+02 6.1361401367e+02 6.1372802734e+02 6.1382897949e+02 6.1395697021e+02 6.1408599854e+02 6.1425402832e+02 6.1444702148e+02 6.1464001465e+02 6.1481298828e+02 6.1496502686e+02 6.1511499023e+02 6.1525799561e+02 6.1540301514e+02 6.1555603027e+02 6.1567602539e+02 6.1575897217e+02 6.1588500977e+02 6.1600000000e+02 6.1612597656e+02
6.0966497803e+02 6.0974902344e+02 6.0981799316e+02 6.0989599609e+02 6.1000000000e+02 6.1011798096e+02 6.1024200439e+02 6.1039001465e+02 6.1055401611e+02 6.1071697998e+02 6.1087597656e+02 6.1102099609e+02 6.1116400146e+02 6.1130401611e+02 6.1143597412e+02 6.1156201172e+02 6.1169897461e+02 6.1184497070e+02 6.1199798584e+02 6.1215502930e+02 6.1231402588e+02 6.1247302246e+02 6.1263800049e+02 6.1279498291e+02 6.1294598389e+02 6.1310101318e+02 6.1326599121e+02 6.1343798828e+02 6.1355999756e+02 6.1366900635e+02 6.1378601074e+02 6.1390997314e+02 6.1406298828e+02 6.1423101807e+02 6.1440698242e+02 6.1457000732e+02 6.1471997070e+02 6.1488500977e+02 6.1506298828e+02 6.1523297119e+02 6.1540802002e+02 6.1553900146e+02 6.1560198975e+02 6.1569097900e+02 6.1579699707e+02 6.1592498779e+02
6.0942901611e+02 6.0950897217e+02 6.0957897949e+02 6.0966802979e+02 6.0977099609e+02 6.0988800049e+02 6.1001702881e+02 6.1016400146e+02 6.1032501221e+02 6.1048797607e+02 6.1065002441e+02 6.1080603027e+02 6.1095697021e+02 6.1110198975e+02 6.1123297119e+02 6.1135699463e+02 6.1149200439e+02 6.1163299561e+02 6.1177697754e+02 6.1194396973e+02 6.1210900879e+02 6.1227600098e+02 6.1245202637e+02 6.1261798096e+02 6.1277502441e+02 6.1292797852e+02 6.1307897949e+02 6.1319799805e+02 6.1332897949e+02 6.1347698975e+02 6.1362597656e+02 6.1376000977e+02 6.1390600586e+02 6.1404699707e+02 6.1420202637e+02 6.1432897949e+02 6.1446697998e+02 6.1464099121e+02 6.1484698486e+02 6.1503900146e+02 6.1523199463e+02 6.1538299561e+02 6.1546502686e+02 6.1549700928e+02 6.1558099365e+02 6.1571099854e+02
6.0919598389e+02 6.0927697754e+02 6.0936199951e+02 6.0945202637e+02 6.0955499268e+02 6.0967297363e+02 6.0980200195e+02 6.0994396973e+02 6.1010101318e+02 6.1026202393e+02 6.1042498779e+02 6.1058502197e+02 6.1073901367e+02 6.1088500977e+02 6.1101898193e+02 6.1114697266e+02 6.1128002930e+02 6.1141900635e+02 6.1157000732e+02 6.1173297119e+02 6.1190002441e+02 6.1207098389e+02 6.1225000000e+02 6.1242999268e+02 6.1259197998e+02 6.1273999023e+02 6.1288500977e+02 6.1299597168e+02 6.1309399414e+02 6.1323602295e+02 6.1340802002e+02 6.1357702637e+02 6.1373199463e+02 6.1386700439e+02 6.1399902344e+02 6.1411602783e+02 6.1424102783e+02 6.1439697266e+02 6.1458001709e+02 6.1475799561e+02 6.1495202637e+02 6.1511700439e+02 6.1519097900e+02 6.1521600342e+02 6.1530798340e+02 6.1545397949e+02
6.0897900391e+02 6.0906298828e+02 6.0915301514e+02 6.0924798584e+02 6.0935400391e+02 6.0947302246e+02 6.0959899902e+02 6.0973602295e+02 6.0988897705e+02 6.1004602051e+02 6.1020697021e+02 6.1036602783e+02 6.1052001953e+02 6.1066802979e+02 6.1080603027e+02 6.1093798828e+02 6.1107299805e+02 6.1121398926e+02 6.1136798096e+02 6.1153100586e+02 6.1169702148e+02 6.1186602783e+02 6.1204302979e+02 6.1222302246e+02 6.1238098145e+02 6.1252502441e+02 6.1265997314e+02 6.1277099609e+02 6.1287799072e+02 6.1302099609e+02 6.1317700195e+02 6.1331402588e+02 6.1345001221e+02 6.1357897949e+02 6.1371801758e+02 6.1385302734e+02 6.1398797607e+02 6.1413500977e+02 6.1428802490e+02 6.1442297363e+02 6.1459899902e+02 6.1477697754e+02 6.1489599609e+02 6.1496697998e+02 6.1508898926e+02 6.1525201416e+02
6.0876800537e+02 6.0885400391e+02 6.0895202637e+02 6.0905603027e+02 6.0916400146e+02 6.0928399658e+02 6.0940899658e+02 6.0954101563e+02 6.0969000244e+02 6.0984197998e+02 6.0999798584e+02 6.1015399170e+02 6.1030700684e+02 6.1045599365e+02 6.1059698486e+02 6.1073602295e+02 6.1087298584e+02 6.1101702881e+02 6.1117199707e+02 6.1133502197e+02 6.1149902344e+02 6.1166400146e+02 6.1183599854e+02 6.1200701904e+02 6.1215899658e+02 6.1229602051e+02 6.1241302490e+02 6.1251599121e+02 6.1264099121e+02 6.1279400635e+02 6.1293298340e+02 6.1302398682e+02 6.1313800049e+02 6.1326397705e+02 6.1341198730e+02 6.1355700684e+02 6.1370001221e+02 6.1384197998e+02 6.1397497559e+02 6.1408398438e+02 6.1424298096e+02 6.1442901611e+02 6.1460302734e+02 6.1473797607e+02 6.1489801025e+02 6.1507501221e+02
6.0856597900e+02 6.0865802002e+02 6.0876300049e+02 6.0886999512e+02 6.0898297119e+02 6.0910400391e+02 6.0923999023e+02 6.0936999512e+02 6.0951202393e+02 6.0965899658e+02 6.0981298828e+02 6.0995501709e+02 6.1010400391e+02 6.1025500488e+02 6.1040002441e+02 6.1053900146e+02 6.1068701172e+02 6.1083801270e+02 6.1099902344e+02 6.1114898682e+02 6.1131201172e+02 6.1147399902e+02 6.1163897705e+02 6.1178802490e+02 6.1192797852e+02 6.1205902100e+02 6.1217602539e+02 6.1226898193e+02 6.1238897705e+02 6.1252801514e+02 6.1265197754e+02 6.1275897217e+02 6.1288598633e+02 6.1302899170e+02 6.1317999268e+02 6.1329302979e+02 6.1341497803e+02 6.1354302979e+02 6.1369299316e+02 6.1381597900e+02 6.1396899414e+02 6.1415502930e+02 6.1434497070e+02 6.1451501465e+02 6.1469799805e+02 6.1487402344e+02
6.0837097168e+02 6.0846899414e+02 6.0857299805e+02 6.0868200684e+02 6.0879901123e+02 6.0892297363e+02 6.0905798340e+02 6.0919702148e+02 6.0934002686e+02 6.0948602295e+02 6.0963098145e+02 6.0977197266e+02 6.0991601563e+02 6.1006402588e+02 6.1021002197e+02 6.1035498047e+02 6.1050799561e+02 6.1066302490e+02 6.1081201172e+02 6.1096600342e+02 6.1112799072e+02 6.1128900146e+02 6.1144396973e+02 6.1158502197e+02 6.1171502686e+02 6.1183697510e+02 6.1194702148e+02 6.1204901123e+02 6.1216802979e+02 6.1229498291e+02 6.1241400146e+02 6.1250097656e+02 6.1264300537e+02 6.1280499268e+02 6.1296197510e+02 6.1309100342e+02 6.1321301270e+02 6.1334301758e+02 6.1348498535e+02 6.1361102295e+02 6.1375897217e+02 6.1392901611e+02 6.1410998535e+02 6.1429498291e+02 6.1446301270e+02 6.1461297607e+02
6.0817602539e+02 6.0827697754e+02 6.0838397217e+02 6.0849401855e+02 6.0861297607e+02 6.0873999023e+02 6.0887597656e+02 6.0901599121e+02 6.0916101074e+02 6.0930798340e+02 6.0945501709e+02 6.0959301758e+02 6.0973199463e+02 6.0987500000e+02 6.1002197266e+02 6.1017102051e+02 6.1032202148e+02 6.1047399902e+02 6.1062200928e+02 6.1077502441e+02 6.1093402100e+02 6.1109002686e+02 6.1124298096e+02 6.1137902832e+02 6.1150000000e+02 6.1161401367e+02 6.1172100830e+02 6.1182897949e+02 6.1194500732e+02 6.1206799316e+02 6.1218597412e+02 6.1226098633e+02 6.1238299561e+02 6.1252899170e+02 6.1269299316e+02 6.1283898926e+02 6.1297302246e+02 6.1311499023e+02 6.1327600098e+02 6.1340802002e+02 6.1354699707e+02 6.1369396973e+02 6.1385302734e+02 6.1403497314e+02 6.1419000244e+02 6.1432501221e+02
6.0798297119e+02 6.0808502197e+02 6.0819299316e+02 6.0830401611e+02 6.0842498779e+02 6.0855499268e+02 6.0869299316e+02 6.0883599854e+02 6.0898199463e+02 6.0913000488e+02 6.0927801514e+02 6.0941601563e+02 6.0954998779e+02 6.0968798828e+02 6.0983197021e+02 6.0998199463e+02 6.1013098145e+02 6.1028198242e+02 6.1042797852e+02 6.1057800293e+02 6.1073297119e+02 6.1088598633e+02 6.1103601074e+02 6.1116497803e+02 6.1128002930e+02 6.1138897705e+02 6.1149499512e+02 6.1160498047e+02 6.1171600342e+02 6.1183300781e+02 6.1195397949e+02 6.1202301025e+02 6.1213098145e+02 6.1225402832e+02 6.1240301514e+02 6.1255902100e+02 6.1270898438e+02 6.1287298584e+02 6.1306500244e+02 6.1320501709e+02 6.1333001709e+02 6.1345501709e+02 6.1358697510e+02 6.1374902344e+02 6.1388897705e+02 6.1401702881e+02
6.0778997803e+02 6.0788897705e+02 6.0799597168e+02 6.0811901855e+02 6.0824102783e+02 6.0836999512e+02 6.0850598145e+02 6.0865301514e+02 6.0879998779e+02 6.0894799805e+02 6.0908398438e+02 6.0922399902e+02 6.0936297607e+02 6.0950201416e+02 6.0964599609e+02 6.0978997803e+02 6.0993798828e+02 6.1008697510e+02 6.1023400879e+02 6.1037597656e+02 6.1052600098e+02 6.1067401123e+02 6.1080999756e+02 6.1093402100e+02 6.1104998779e+02 6.1116198730e+02 6.1127502441e+02 6.1138000488e+02 6.1148999023e+02 6.1160699463e+02 6.1174298096e+02 6.1182000732e+02 6.1190802002e+02 6.1200402832e+02 6.1212799072e+02 6.1228997803e+02 6.1246502686e+02 6.1264501953e+02 6.1282000732e+02 6.1297802734e+02 6.1309399414e+02 6.1320300293e+02 6.1332202148e+02 6.1345599365e+02 6.1357800293e+02 6.1370599365e+02
6.0760400391e+02 6.0770202637e+02 6.0780798340e+02 6.0792901611e+02 6.0804998779e+02 6.0817797852e+02 6.0831597900e+02 6.0846398926e+02 6.0860699463e+02 6.0875201416e+02 6.0889099121e+02 6.0902801514e+02 6.0917102051e+02 6.0931298828e+02 6.0945300293e+02 6.0959802246e+02 6.0974499512e+02 6.0989001465e+02 6.1003399658e+02 6.1017401123e+02 6.1031298828e+02 6.1045300293e+02 6.1058099365e+02 6.1069702148e+02 6.1081701660e+02 6.1093298340e+02 6.1104901123e+02 6.1115600586e+02 6.1126898193e+02 6.1139202881e+02 6.1152099609e+02 6.1162500000e+02 6.1170001221e+02 6.1176501465e+02 6.1188702393e+02 6.1207598877e+02 6.1228399658e+02 6.1247100830e+02 6.1262097168e+02 6.1276098633e+02 6.1287902832e+02 6.1298999023e+02 6.1310900879e+02 6.1321502686e+02 6.1332702637e+02 6.1345697021e+02
6.0741998291e+02 6.0752001953e+02 6.0762402344e+02 6.0773901367e+02 6.0786102295e+02 6.0798901367e+02 6.0812902832e+02 6.0827398682e+02 6.0841497803e+02 6.0855603027e+02 6.0869702148e+02 6.0883697510e+02 6.0897698975e+02 6.0911700439e+02 6.0925701904e+02 6.0940197754e+02 6.0954498291e+02 6.0968597412e+02 6.0982800293e+02 6.0996502686e+02 6.1009899902e+02 6.1023101807e+02 6.1035797119e+02 6.1047698975e+02 6.1059497070e+02 6.1071099854e+02 6.1082501221e+02 6.1092797852e+02 6.1103302002e+02 6.1115002441e+02 6.1128002930e+02 6.1142901611e+02 6.1151800537e+02 6.1157202148e+02 6.1167602539e+02 6.1188299561e+02 6.1210797119e+02 6.1230499268e+02 6.1244799805e+02 6.1258197021e+02 6.1269897461e+02 6.1280902100e+02 6.1292797852e+02 6.1303002930e+02 6.1313897705e+02 6.1326800537e+02
6.0723498535e+02 6.0733801270e+02 6.0744201660e+02 6.0755297852e+02 6.0767498779e+02 6.0780297852e+02 6.0794299316e+02 6.0808502197e+02 6.0822198486e+02 6.0836102295e+02 6.0850201416e+02 6.0864300537e+02 6.0878002930e+02 6.0891601563e+02 6.0905603027e+02 6.0920001221e+02 6.0933898926e+02 6.0947601318e+02 6.0961297607e+02 6.0974902344e+02 6.0988201904e+02 6.1001599121e+02 6.1014599609e+02 6.1026501465e+02 6.1038000488e+02 6.1049298096e+02 6.1060601807e+02 6.1070501709e+02 6.1080200195e+02 6.1091400146e+02 6.1104998779e+02 6.1122802734e+02 6.1133300781e+02 6.1139599609e+02 6.1149102783e+02 6.1168597412e+02 6.1190197754e+02 6.1209899902e+02 6.1225500488e+02 6.1239099121e+02 6.1250799561e+02 6.1262298584e+02 6.1275299072e+02 6.1285797119e+02 6.1296697998e+02 6.1309497070e+02
6.0705297852e+02 6.0715600586e+02 6.0726202393e+02 6.0737799072e+02 6.0750000000e+02 6.0762701416e+02 6.0776702881e+02 6.0790002441e+02 6.0803002930e+02 6.0815997314e+02 6.0829101563e+02 6.0844201660e+02 6.0857598877e+02 6.0871099854e+02 6.0884698486e+02 6.0898901367e+02 6.0912500000e+02 6.0926000977e+02 6.0939398193e+02 6.0952600098e+02 6.0966601563e+02 6.0980499268e+02 6.0993200684e+02 6.1005200195e+02 6.1016699219e+02 6.1028198242e+02 6.1040002441e+02 6.1049499512e+02 6.1059802246e+02 6.1071197510e+02 6.1084600830e+02 6.1099499512e+02 6.1111901855e+02 6.1121899414e+02 6.1133197021e+02 6.1147497559e+02 6.1165600586e+02 6.1184600830e+02 6.1201898193e+02 6.1216699219e+02 6.1229498291e+02 6.1242401123e+02 6.1255401611e+02 6.1266601563e+02 6.1277697754e+02 6.1289898682e+02
6.0687097168e+02 6.0697601318e+02 6.0708398438e+02 6.0720501709e+02 6.0732598877e+02 6.0745098877e+02 6.0758398438e+02 6.0771502686e+02 6.0784100342e+02 6.0796697998e+02 6.0810101318e+02 6.0823901367e+02 6.0836999512e+02 6.0850201416e+02 6.0863500977e+02 6.0877099609e+02 6.0890600586e+02 6.0903997803e+02 6.0916998291e+02 6.0929998779e+02 6.0944299316e+02 6.0958697510e+02 6.0971801758e+02 6.0983197021e+02 6.0995397949e+02 6.1007897949e+02 6.1020697021e+02 6.1031701660e+02 6.1041900635e+02 6.1051800537e+02 6.1061401367e+02 6.1076300049e+02 6.1090100098e+02 6.1102301025e+02 6.1115899658e+02 6.1127600098e+02 6.1141998291e+02 6.1159002686e+02 6.1178198242e+02 6.1195300293e+02 6.1209600830e+02 6.1223199463e+02 6.1236499023e+02 6.1247302246e+02 6.1257897949e+02 6.1268499756e+02
6.0668701172e+02 6.0679400635e+02 6.0690502930e+02 6.0702398682e+02 6.0714599609e+02 6.0727001953e+02 6.0740002441e+02 6.0752899170e+02 6.0765502930e+02 6.0778100586e+02 6.0791101074e+02 6.0804101563e+02 6.0816802979e+02 6.0829498291e+02 6.0842199707e+02 6.0855200195e+02 6.0868200684e+02 6.0881298828e+02 6.0894097900e+02 6.0907000732e+02 6.0921197510e+02 6.0935797119e+02 6.0949700928e+02 6.0961901855e+02 6.0974499512e+02 6.0987298584e+02 6.1001202393e+02 6.1013702393e+02 6.1024200439e+02 6.1033502197e+02 6.1042199707e+02 6.1057299805e+02 6.1070001221e+02 6.1081799316e+02 6.1098797607e+02 6.1111297607e+02 6.1123400879e+02 6.1137298584e+02 6.1155200195e+02 6.1173498535e+02 6.1188397217e+02 6.1202398682e+02 6.1215899658e+02 6.1227398682e+02 6.1238201904e+02 6.1249200439e+02
6.0650097656e+02 6.0661199951e+02 6.0672399902e+02 6.0684301758e+02 6.0696398926e+02 6.0708801270e+02 6.0721600342e+02 6.0734301758e+02 6.0746899414e+02 6.0759600830e+02 6.0772198486e+02 6.0784600830e+02 6.0796899414e+02 6.0809002686e+02 6.0821002197e+02 6.0832800293e+02 6.0845300293e+02 6.0857897949e+02 6.0870800781e+02 6.0883801270e+02 6.0897698975e+02 6.0912298584e+02 6.0927197266e+02 6.0940301514e+02 6.0953302002e+02 6.0966400146e+02 6.0980401611e+02 6.0994000244e+02 6.1005603027e+02 6.1015802002e+02 6.1026300049e+02 6.1041302490e+02 6.1051300049e+02 6.1062597656e+02 6.1081896973e+02 6.1096801758e+02 6.1107800293e+02 6.1119097900e+02 6.1133801270e+02 6.1151800537e+02 6.1166998291e+02 6.1181500244e+02 6.1195001221e+02 6.1207598877e+02 6.1218798828e+02 6.1230102539e+02
