TESTSERVER/14/13.asc
NCOLS 100
NROWS 100
XLLCORNER 8.1997500000e+03
YLLCORNER 2.8930025000e+05
CELLSIZE 5.0000000000e-01
NODATA_VALUE -9.9990000000e+03
[rows 20 to 39 of 100, columns 46 to 91 of 100]
5.9908300781e+02 5.9904400635e+02 5.9903302002e+02 5.9903900146e+02 5.9907800293e+02 5.9911297607e+02 5.9913299561e+02 5.9914501953e+02 5.9915997314e+02 5.9914202881e+02 5.9913702393e+02 5.9914099121e+02 5.9914599609e+02 5.9918298340e+02 5.9920898438e+02 5.9920098877e+02 5.9916802979e+02 5.9917999268e+02 5.9927001953e+02 5.9936901855e+02 5.9942102051e+02 5.9940002441e+02 5.9941802979e+02 5.9947302246e+02 5.9952001953e+02 5.9955401611e+02 5.9961798096e+02 5.9969097900e+02 5.9974200439e+02 5.9980102539e+02 5.9986297607e+02 5.9992797852e+02 6.0002398682e+02 6.0007299805e+02 6.0015197754e+02 6.0021801758e+02 6.0024597168e+02 6.0031402588e+02 6.0038800049e+02 6.0046801758e+02 6.0057000732e+02 6.0067999268e+02 6.0075000000e+02 6.0080798340e+02 6.0088299561e+02 6.0096197510e+02
5.9894299316e+02 5.9892297363e+02 5.9891302490e+02 5.9892102051e+02 5.9896301270e+02 5.9900701904e+02 5.9903399658e+02 5.9905200195e+02 5.9907598877e+02 5.9907702637e+02 5.9906201172e+02 5.9905603027e+02 5.9905401611e+02 5.9906500244e+02 5.9909100342e+02 5.9910998535e+02 5.9911999512e+02 5.9915100098e+02 5.9921398926e+02 5.9926501465e+02 5.9928497314e+02 5.9928900146e+02 5.9931402588e+02 5.9937500000e+02 5.9942297363e+02 5.9945397949e+02 5.9950402832e+02 5.9956402588e+02 5.9961602783e+02 5.9968499756e+02 5.9975097656e+02 5.9982098389e+02 5.9990399170e+02 5.9997100830e+02 6.0003399658e+02 6.0009100342e+02 6.0013201904e+02 6.0020599365e+02 6.0028100586e+02 6.0033599854e+02 6.0041900635e+02 6.0055200195e+02 6.0064801025e+02 6.0070800781e+02 6.0076501465e+02 6.0085302734e+02
5.9881500244e+02 5.9880603027e+02 5.9880297852e+02 5.9881402588e+02 5.9885101318e+02 5.9889001465e+02 5.9891900635e+02 5.9894000244e+02 5.9896398926e+02 5.9896502686e+02 5.9895098877e+02 5.9894500732e+02 5.9895098877e+02 5.9895599365e+02 5.9897601318e+02 5.9900500488e+02 5.9904699707e+02 5.9908099365e+02 5.9911999512e+02 5.9915301514e+02 5.9917199707e+02 5.9919299316e+02 5.9921398926e+02 5.9926300049e+02 5.9931201172e+02 5.9935198975e+02 5.9940301514e+02 5.9946197510e+02 5.9950897217e+02 5.9956298828e+02 5.9962597656e+02 5.9969000244e+02 5.9976202393e+02 5.9982702637e+02 5.9988598633e+02 5.9995300293e+02 6.0002099609e+02 6.0008801270e+02 6.0016900635e+02 6.0023498535e+02 6.0030603027e+02 6.0040502930e+02 6.0051000977e+02 6.0059197998e+02 6.0064801025e+02 6.0073797607e+02
5.9869598389e+02 5.9869097900e+02 5.9869598389e+02 5.9871301270e+02 5.9874102783e+02 5.9876898193e+02 5.9879498291e+02 5.9881500244e+02 5.9882501221e+02 5.9881701660e+02 5.9880798340e+02 5.9880902100e+02 5.9882897949e+02 5.9883898926e+02 5.9885498047e+02 5.9888201904e+02 5.9891998291e+02 5.9894799805e+02 5.9898797607e+02 5.9902899170e+02 5.9905798340e+02 5.9908197021e+02 5.9910797119e+02 5.9915399170e+02 5.9919299316e+02 5.9922497559e+02 5.9928002930e+02 5.9935198975e+02 5.9941101074e+02 5.9945501709e+02 5.9951800537e+02 5.9958001709e+02 5.9964300537e+02 5.9969500732e+02 5.9974902344e+02 5.9982598877e+02 5.9989898682e+02 5.9995501709e+02 6.0004101563e+02 6.0012500000e+02 6.0021099854e+02 6.0027697754e+02 6.0037097168e+02 6.0046899414e+02 6.0053302002e+02 6.0062799072e+02
5.9858697510e+02 5.9857299805e+02 5.9858599854e+02 5.9860998535e+02 5.9863201904e+02 5.9865100098e+02 5.9867102051e+02 5.9868200684e+02 5.9867700195e+02 5.9866400146e+02 5.9866101074e+02 5.9866900635e+02 5.9869000244e+02 5.9870599365e+02 5.9872802734e+02 5.9875299072e+02 5.9877398682e+02 5.9879199219e+02 5.9882098389e+02 5.9885998535e+02 5.9891497803e+02 5.9896301270e+02 5.9900000000e+02 5.9904998779e+02 5.9910601807e+02 5.9912298584e+02 5.9915698242e+02 5.9922198486e+02 5.9929602051e+02 5.9934497070e+02 5.9941497803e+02 5.9948297119e+02 5.9954498291e+02 5.9958599854e+02 5.9963598633e+02 5.9971099854e+02 5.9977899170e+02 5.9982800293e+02 5.9990600586e+02 5.9998199463e+02 6.0004699707e+02 6.0014202881e+02 6.0023400879e+02 6.0033599854e+02 6.0040802002e+02 6.0048699951e+02
5.9846197510e+02 5.9844799805e+02 5.9846301270e+02 5.9849700928e+02 5.9852801514e+02 5.9854797363e+02 5.9855798340e+02 5.9855401611e+02 5.9854400635e+02 5.9853997803e+02 5.9853601074e+02 5.9853698730e+02 5.9857299805e+02 5.9859497070e+02 5.9862402344e+02 5.9865399170e+02 5.9866497803e+02 5.9868402100e+02 5.9869598389e+02 5.9871997070e+02 5.9878497314e+02 5.9885198975e+02 5.9887902832e+02 5.9892199707e+02 5.9900598145e+02 5.9904901123e+02 5.9907299805e+02 5.9913000488e+02 5.9918798828e+02 5.9922698975e+02 5.9929199219e+02 5.9935797119e+02 5.9942102051e+02 5.9949102783e+02 5.9955603027e+02 5.9961102295e+02 5.9965399170e+02 5.9972302246e+02 5.9980200195e+02 5.9988098145e+02 5.9995501709e+02 6.0003198242e+02 6.0011401367e+02 6.0020202637e+02 6.0026501465e+02 6.0034997559e+02
5.9833099365e+02 5.9831500244e+02 5.9832702637e+02 5.9836297607e+02 5.9840600586e+02 5.9843298340e+02 5.9844299316e+02 5.9843701172e+02 5.9842602539e+02 5.9843499756e+02 5.9842901611e+02 5.9841400146e+02 5.9843798828e+02 5.9845898438e+02 5.9848699951e+02 5.9851800537e+02 5.9854602051e+02 5.9856597900e+02 5.9858001709e+02 5.9859600830e+02 5.9864099121e+02 5.9873400879e+02 5.9878198242e+02 5.9882397461e+02 5.9889202881e+02 5.9893103027e+02 5.9895898438e+02 5.9901800537e+02 5.9908001709e+02 5.9912200928e+02 5.9918499756e+02 5.9924700928e+02 5.9929699707e+02 5.9935498047e+02 5.9942401123e+02 5.9948498535e+02 5.9952600098e+02 5.9959399414e+02 5.9967901611e+02 5.9976599121e+02 5.9984301758e+02 5.9991699219e+02 6.0001098633e+02 6.0010400391e+02 6.0016101074e+02 6.0024700928e+02
5.9820397949e+02 5.9819097900e+02 5.9819500732e+02 5.9822497559e+02 5.9827398682e+02 5.9831298828e+02 5.9832598877e+02 5.9832202148e+02 5.9831500244e+02 5.9834002686e+02 5.9834399414e+02 5.9832299805e+02 5.9832897949e+02 5.9834899902e+02 5.9836700439e+02 5.9839801025e+02 5.9844500732e+02 5.9845397949e+02 5.9845898438e+02 5.9847900391e+02 5.9852301025e+02 5.9861798096e+02 5.9867297363e+02 5.9871398926e+02 5.9876702881e+02 5.9880999756e+02 5.9884002686e+02 5.9889001465e+02 5.9895501709e+02 5.9900799561e+02 5.9908099365e+02 5.9915002441e+02 5.9917999268e+02 5.9918798828e+02 5.9924298096e+02 5.9933599854e+02 5.9940997314e+02 5.9945800781e+02 5.9954998779e+02 5.9965100098e+02 5.9973498535e+02 5.9980999756e+02 5.9989099121e+02 5.9997497559e+02 6.0004998779e+02 6.0012701416e+02
5.9809301758e+02 5.9808197021e+02 5.9807897949e+02 5.9810101318e+02 5.9815997314e+02 5.9820098877e+02 5.9821398926e+02 5.9820599365e+02 5.9819396973e+02 5.9823400879e+02 5.9826898193e+02 5.9827001953e+02 5.9826898193e+02 5.9828302002e+02 5.9828497314e+02 5.9830700684e+02 5.9835900879e+02 5.9834899902e+02 5.9834997559e+02 5.9840301514e+02 5.9848498535e+02 5.9851501465e+02 5.9853997803e+02 5.9857800293e+02 5.9863897705e+02 5.9871002197e+02 5.9875097656e+02 5.9878601074e+02 5.9883300781e+02 5.9889001465e+02 5.9896899414e+02 5.9904998779e+02 5.9908801270e+02 5.9908001709e+02 5.9911297607e+02 5.9920697021e+02 5.9931500244e+02 5.9936999512e+02 5.9947900391e+02 5.9961102295e+02 5.9968103027e+02 5.9973699951e+02 5.9978302002e+02 5.9982897949e+02 5.9990100098e+02 6.0001397705e+02
5.9797497559e+02 5.9796899414e+02 5.9797198486e+02 5.9799499512e+02 5.9803997803e+02 5.9806701660e+02 5.9807098389e+02 5.9806896973e+02 5.9807800293e+02 5.9811901855e+02 5.9816998291e+02 5.9819097900e+02 5.9819299316e+02 5.9822198486e+02 5.9822601318e+02 5.9821600342e+02 5.9823297119e+02 5.9823999023e+02 5.9825701904e+02 5.9830603027e+02 5.9835198975e+02 5.9839001465e+02 5.9841601563e+02 5.9846697998e+02 5.9854302979e+02 5.9859997559e+02 5.9863598633e+02 5.9867999268e+02 5.9872601318e+02 5.9877697754e+02 5.9885797119e+02 5.9894897461e+02 5.9900799561e+02 5.9902697754e+02 5.9905798340e+02 5.9912799072e+02 5.9921099854e+02 5.9928198242e+02 5.9938397217e+02 5.9952099609e+02 5.9958898926e+02 5.9961499023e+02 5.9968103027e+02 5.9973797607e+02 5.9978900146e+02 5.9985998535e+02
5.9782897949e+02 5.9783099365e+02 5.9784497070e+02 5.9787298584e+02 5.9790698242e+02 5.9791802979e+02 5.9792999268e+02 5.9795300293e+02 5.9798297119e+02 5.9800701904e+02 5.9803497314e+02 5.9805603027e+02 5.9808300781e+02 5.9814202881e+02 5.9815002441e+02 5.9812097168e+02 5.9812200928e+02 5.9812597656e+02 5.9815997314e+02 5.9821502686e+02 5.9822998047e+02 5.9827197266e+02 5.9829998779e+02 5.9834497070e+02 5.9842797852e+02 5.9848297119e+02 5.9851397705e+02 5.9856597900e+02 5.9863500977e+02 5.9868798828e+02 5.9876702881e+02 5.9884997559e+02 5.9890399170e+02 5.9892498779e+02 5.9896502686e+02 5.9903900146e+02 5.9909698486e+02 5.9916802979e+02 5.9926202393e+02 5.9938000488e+02 5.9945898438e+02 5.9947497559e+02 5.9956097412e+02 5.9964801025e+02 5.9969702148e+02 5.9974798584e+02
5.9769299316e+02 5.9769598389e+02 5.9771398926e+02 5.9774499512e+02 5.9777697754e+02 5.9778302002e+02 5.9780499268e+02 5.9784698486e+02 5.9788897705e+02 5.9788098145e+02 5.9788897705e+02 5.9791699219e+02 5.9795800781e+02 5.9802197266e+02 5.9802600098e+02 5.9801000977e+02 5.9803399658e+02 5.9802001953e+02 5.9805603027e+02 5.9812298584e+02 5.9814001465e+02 5.9818200684e+02 5.9821002197e+02 5.9823797607e+02 5.9831097412e+02 5.9837799072e+02 5.9841101074e+02 5.9846197510e+02 5.9854400635e+02 5.9860198975e+02 5.9868200684e+02 5.9875299072e+02 5.9878100586e+02 5.9878399658e+02 5.9883502197e+02 5.9893701172e+02 5.9900799561e+02 5.9908300781e+02 5.9916302490e+02 5.9925402832e+02 5.9933197021e+02 5.9935998535e+02 5.9944396973e+02 5.9953100586e+02 5.9959002686e+02 5.9966302490e+02
5.9758697510e+02 5.9758099365e+02 5.9759399414e+02 5.9762402344e+02 5.9766497803e+02 5.9766601563e+02 5.9768200684e+02 5.9771997070e+02 5.9776000977e+02 5.9775097656e+02 5.9776599121e+02 5.9781402588e+02 5.9783300781e+02 5.9786199951e+02 5.9785998535e+02 5.9787200928e+02 5.9790899658e+02 5.9792199707e+02 5.9796697998e+02 5.9803497314e+02 5.9806298828e+02 5.9808697510e+02 5.9812298584e+02 5.9816302490e+02 5.9821502686e+02 5.9829101563e+02 5.9833398438e+02 5.9837097168e+02 5.9842797852e+02 5.9849700928e+02 5.9860302734e+02 5.9867602539e+02 5.9869000244e+02 5.9868902588e+02 5.9874102783e+02 5.9885797119e+02 5.9895397949e+02 5.9901098633e+02 5.9908099365e+02 5.9914898682e+02 5.9920001221e+02 5.9926098633e+02 5.9932598877e+02 5.9938500977e+02 5.9944201660e+02 5.9954901123e+02
5.9746301270e+02 5.9746697998e+02 5.9748101807e+02 5.9750897217e+02 5.9754400635e+02 5.9754400635e+02 5.9755102539e+02 5.9757397461e+02 5.9761700439e+02 5.9763500977e+02 5.9768798828e+02 5.9776202393e+02 5.9776300049e+02 5.9774798584e+02 5.9775701904e+02 5.9779302979e+02 5.9783099365e+02 5.9783502197e+02 5.9787597656e+02 5.9794799805e+02 5.9799597168e+02 5.9802001953e+02 5.9804602051e+02 5.9807897949e+02 5.9811999512e+02 5.9819598389e+02 5.9824298096e+02 5.9826702881e+02 5.9830798340e+02 5.9837500000e+02 5.9847698975e+02 5.9855700684e+02 5.9861102295e+02 5.9862597656e+02 5.9866699219e+02 5.9875799561e+02 5.9883502197e+02 5.9889001465e+02 5.9895898438e+02 5.9902197266e+02 5.9907598877e+02 5.9914697266e+02 5.9921600342e+02 5.9928997803e+02 5.9935400391e+02 5.9945697021e+02
5.9734899902e+02 5.9735797119e+02 5.9737500000e+02 5.9740002441e+02 5.9743200684e+02 5.9743597412e+02 5.9744299316e+02 5.9746301270e+02 5.9749597168e+02 5.9751898193e+02 5.9758398438e+02 5.9764898682e+02 5.9765002441e+02 5.9764001465e+02 5.9766302490e+02 5.9770697021e+02 5.9775598145e+02 5.9778802490e+02 5.9779998779e+02 5.9785198975e+02 5.9790899658e+02 5.9793103027e+02 5.9795397949e+02 5.9798101807e+02 5.9801300049e+02 5.9808099365e+02 5.9813098145e+02 5.9816302490e+02 5.9821398926e+02 5.9827899170e+02 5.9835900879e+02 5.9843902588e+02 5.9851800537e+02 5.9854901123e+02 5.9858197021e+02 5.9865002441e+02 5.9871801758e+02 5.9877899170e+02 5.9884002686e+02 5.9889501953e+02 5.9896801758e+02 5.9903601074e+02 5.9912200928e+02 5.9921697998e+02 5.9925799561e+02 5.9935400391e+02
5.9724401855e+02 5.9725500488e+02 5.9727502441e+02 5.9729797363e+02 5.9732501221e+02 5.9733502197e+02 5.9734600830e+02 5.9737200928e+02 5.9740899658e+02 5.9743402100e+02 5.9748400879e+02 5.9752301025e+02 5.9752398682e+02 5.9753900146e+02 5.9756597900e+02 5.9759399414e+02 5.9764300537e+02 5.9771301270e+02 5.9771301270e+02 5.9773400879e+02 5.9779101563e+02 5.9782397461e+02 5.9785400391e+02 5.9788397217e+02 5.9791998291e+02 5.9797399902e+02 5.9802197266e+02 5.9807000732e+02 5.9813397217e+02 5.9818298340e+02 5.9824102783e+02 5.9832098389e+02 5.9840399170e+02 5.9844897461e+02 5.9848400879e+02 5.9853997803e+02 5.9861602783e+02 5.9869000244e+02 5.9874200439e+02 5.9878497314e+02 5.9887799072e+02 5.9895001221e+02 5.9904602051e+02 5.9914099121e+02 5.9915002441e+02 5.9924401855e+02
5.9714202881e+02 5.9715698242e+02 5.9717797852e+02 5.9719799805e+02 5.9721697998e+02 5.9723602295e+02 5.9725097656e+02 5.9727697754e+02 5.9731799316e+02 5.9734399414e+02 5.9737799072e+02 5.9741400146e+02 5.9743402100e+02 5.9747302246e+02 5.9749200439e+02 5.9749401855e+02 5.9752001953e+02 5.9757897949e+02 5.9760699463e+02 5.9762500000e+02 5.9766900635e+02 5.9771398926e+02 5.9775701904e+02 5.9779699707e+02 5.9783697510e+02 5.9787097168e+02 5.9790899658e+02 5.9796600342e+02 5.9802899170e+02 5.9807000732e+02 5.9811297607e+02 5.9819299316e+02 5.9828900146e+02 5.9834197998e+02 5.9837701416e+02 5.9842700195e+02 5.9851202393e+02 5.9859698486e+02 5.9866601563e+02 5.9870599365e+02 5.9877502441e+02 5.9885400391e+02 5.9892297363e+02 5.9898999023e+02 5.9905499268e+02 5.9916699219e+02
5.9703497314e+02 5.9706597900e+02 5.9709497070e+02 5.9711401367e+02 5.9712500000e+02 5.9713500977e+02 5.9715002441e+02 5.9717498779e+02 5.9720202637e+02 5.9721002197e+02 5.9725897217e+02 5.9732598877e+02 5.9735302734e+02 5.9737597656e+02 5.9739801025e+02 5.9742297363e+02 5.9745898438e+02 5.9748699951e+02 5.9751800537e+02 5.9754400635e+02 5.9757598877e+02 5.9762701416e+02 5.9767401123e+02 5.9771502686e+02 5.9774798584e+02 5.9777801514e+02 5.9781896973e+02 5.9786700439e+02 5.9791302490e+02 5.9797302246e+02 5.9803399658e+02 5.9810601807e+02 5.9817901611e+02 5.9822802734e+02 5.9827301025e+02 5.9833502197e+02 5.9841900635e+02 5.9848999023e+02 5.9857202148e+02 5.9866601563e+02 5.9871801758e+02 5.9873699951e+02 5.9881097412e+02 5.9889801025e+02 5.9897302246e+02 5.9905603027e+02
5.9693200684e+02 5.9697601318e+02 5.9701202393e+02 5.9703302002e+02 5.9703900146e+02 5.9703802490e+02 5.9705102539e+02 5.9707800293e+02 5.9710699463e+02 5.9712298584e+02 5.9718103027e+02 5.9724298096e+02 5.9726000977e+02 5.9727697754e+02 5.9730102539e+02 5.9734197998e+02 5.9738397217e+02 5.9740301514e+02 5.9743402100e+02 5.9746600342e+02 5.9749902344e+02 5.9754901123e+02 5.9759802246e+02 5.9763702393e+02 5.9766302490e+02 5.9769396973e+02 5.9773498535e+02 5.9777502441e+02 5.9780200195e+02 5.9787200928e+02 5.9795300293e+02 5.9802697754e+02 5.9807702637e+02 5.9811499023e+02 5.9816998291e+02 5.9824401855e+02 5.9833099365e+02 5.9839202881e+02 5.9845697021e+02 5.9856201172e+02 5.9863800049e+02 5.9865301514e+02 5.9871502686e+02 5.9879998779e+02 5.9886901855e+02 5.9894598389e+02
5.9683099365e+02 5.9688098145e+02 5.9692102051e+02 5.9694396973e+02 5.9695202637e+02 5.9694396973e+02 5.9695397949e+02 5.9697998047e+02 5.9701202393e+02 5.9704602051e+02 5.9710900879e+02 5.9715600586e+02 5.9715502930e+02 5.9717498779e+02 5.9718597412e+02 5.9720898438e+02 5.9725201416e+02 5.9728198242e+02 5.9732000732e+02 5.9736901855e+02 5.9741998291e+02 5.9747198486e+02 5.9751898193e+02 5.9755499268e+02 5.9758001709e+02 5.9761602783e+02 5.9765399170e+02 5.9768701172e+02 5.9771002197e+02 5.9777502441e+02 5.9783898926e+02 5.9790698242e+02 5.9796301270e+02 5.9801202393e+02 5.9808197021e+02 5.9815100098e+02 5.9823297119e+02 5.9830700684e+02 5.9835400391e+02 5.9843103027e+02 5.9853302002e+02 5.9859100342e+02 5.9863800049e+02 5.9870397949e+02 5.9876202393e+02 5.9884600830e+02
