TESTSERVER/14/13.asc
NCOLS 100
NROWS 100
XLLCORNER 8.1997500000e+03
YLLCORNER 2.8930025000e+05
CELLSIZE 5.0000000000e-01
NODATA_VALUE -9.9990000000e+03
[rows 60 to 79 of 100, columns 0 to 45 of 100]
5.9407702637e+02 5.9408502197e+02 5.9409899902e+02 5.9409698486e+02 5.9409197998e+02 5.9409997559e+02 5.9410601807e+02 5.9414001465e+02 5.9415600586e+02 5.9417700195e+02 5.9421301270e+02 5.9423699951e+02 5.9424902344e+02 5.9425799561e+02 5.9425500488e+02 5.9426800537e+02 5.9427099609e+02 5.9428497314e+02 5.9432800293e+02 5.9436602783e+02 5.9438299561e+02 5.9439300537e+02 5.9441198730e+02 5.9444396973e+02 5.9445599365e+02 5.9447100830e+02 5.9449798584e+02 5.9451800537e+02 5.9453497314e+02 5.9454602051e+02 5.9455499268e+02 5.9455999756e+02 5.9456201172e+02 5.9456896973e+02 5.9459600830e+02 5.9465197754e+02 5.9469097900e+02 5.9472100830e+02 5.9474798584e+02 5.9479199219e+02 5.9480798340e+02 5.9480499268e+02 5.9479797363e+02 5.9482897949e+02 5.9486901855e+02 5.9490997314e+02
5.9404199219e+02 5.9404602051e+02 5.9405603027e+02 5.9405297852e+02 5.9404302979e+02 5.9404400635e+02 5.9404797363e+02 5.9404998779e+02 5.9405401611e+02 5.9406597900e+02 5.9408398438e+02 5.9409899902e+02 5.9412200928e+02 5.9415197754e+02 5.9416400146e+02 5.9417901611e+02 5.9418798828e+02 5.9419799805e+02 5.9423297119e+02 5.9426000977e+02 5.9426501465e+02 5.9427398682e+02 5.9430603027e+02 5.9434002686e+02 5.9435699463e+02 5.9438397217e+02 5.9441302490e+02 5.9443200684e+02 5.9446002197e+02 5.9447698975e+02 5.9447100830e+02 5.9448602295e+02 5.9451800537e+02 5.9453802490e+02 5.9454699707e+02 5.9456597900e+02 5.9458502197e+02 5.9460498047e+02 5.9462298584e+02 5.9464398193e+02 5.9466802979e+02 5.9469201660e+02 5.9471899414e+02 5.9475000000e+02 5.9478399658e+02 5.9481799316e+02
5.9403399658e+02 5.9403802490e+02 5.9403198242e+02 5.9404101563e+02 5.9404400635e+02 5.9403698730e+02 5.9403100586e+02 5.9403100586e+02 5.9402899170e+02 5.9402899170e+02 5.9402099609e+02 5.9402197266e+02 5.9404101563e+02 5.9407000732e+02 5.9408599854e+02 5.9410699463e+02 5.9412097168e+02 5.9413299561e+02 5.9415502930e+02 5.9418200684e+02 5.9419702148e+02 5.9420697021e+02 5.9422601318e+02 5.9425097656e+02 5.9427099609e+02 5.9429998779e+02 5.9432501221e+02 5.9433398438e+02 5.9435998535e+02 5.9437402344e+02 5.9437097168e+02 5.9440399170e+02 5.9444201660e+02 5.9446197510e+02 5.9446899414e+02 5.9447198486e+02 5.9448297119e+02 5.9450299072e+02 5.9452502441e+02 5.9454302979e+02 5.9457000732e+02 5.9460699463e+02 5.9465100098e+02 5.9467797852e+02 5.9470800781e+02 5.9474200439e+02
5.9404302979e+02 5.9404199219e+02 5.9402502441e+02 5.9403698730e+02 5.9405200195e+02 5.9404901123e+02 5.9404101563e+02 5.9405798340e+02 5.9405499268e+02 5.9404302979e+02 5.9402801514e+02 5.9402301025e+02 5.9402502441e+02 5.9403100586e+02 5.9403198242e+02 5.9404797363e+02 5.9405902100e+02 5.9407000732e+02 5.9408898926e+02 5.9411901855e+02 5.9414202881e+02 5.9415698242e+02 5.9416101074e+02 5.9418298340e+02 5.9420599365e+02 5.9422900391e+02 5.9424298096e+02 5.9425201416e+02 5.9427801514e+02 5.9429199219e+02 5.9429998779e+02 5.9433502197e+02 5.9435998535e+02 5.9436602783e+02 5.9437799072e+02 5.9437902832e+02 5.9438897705e+02 5.9441497803e+02 5.9444396973e+02 5.9446002197e+02 5.9448602295e+02 5.9452801514e+02 5.9457897949e+02 5.9460797119e+02 5.9463397217e+02 5.9466400146e+02
5.9405499268e+02 5.9404602051e+02 5.9403601074e+02 5.9404797363e+02 5.9405603027e+02 5.9405902100e+02 5.9404998779e+02 5.9406799316e+02 5.9406896973e+02 5.9406097412e+02 5.9405102539e+02 5.9404302979e+02 5.9403698730e+02 5.9402697754e+02 5.9402099609e+02 5.9402801514e+02 5.9403698730e+02 5.9404199219e+02 5.9404901123e+02 5.9407000732e+02 5.9408502197e+02 5.9410302734e+02 5.9411901855e+02 5.9414898682e+02 5.9417102051e+02 5.9418597412e+02 5.9418902588e+02 5.9420697021e+02 5.9422802734e+02 5.9424499512e+02 5.9426000977e+02 5.9429199219e+02 5.9431402588e+02 5.9431896973e+02 5.9432800293e+02 5.9432202148e+02 5.9432897949e+02 5.9435101318e+02 5.9437500000e+02 5.9439001465e+02 5.9441198730e+02 5.9445098877e+02 5.9450000000e+02 5.9454400635e+02 5.9457202148e+02 5.9459802246e+02
5.9403900146e+02 5.9403698730e+02 5.9403802490e+02 5.9404199219e+02 5.9404699707e+02 5.9405102539e+02 5.9404998779e+02 5.9407098389e+02 5.9407299805e+02 5.9407501221e+02 5.9406402588e+02 5.9405902100e+02 5.9405499268e+02 5.9404302979e+02 5.9404101563e+02 5.9403900146e+02 5.9404400635e+02 5.9404101563e+02 5.9403900146e+02 5.9405401611e+02 5.9404998779e+02 5.9405902100e+02 5.9408197021e+02 5.9411297607e+02 5.9414099121e+02 5.9416198730e+02 5.9417297363e+02 5.9418499756e+02 5.9419598389e+02 5.9421997070e+02 5.9423699951e+02 5.9426898193e+02 5.9429602051e+02 5.9429998779e+02 5.9429699707e+02 5.9429498291e+02 5.9429699707e+02 5.9431402588e+02 5.9434197998e+02 5.9436401367e+02 5.9438897705e+02 5.9442297363e+02 5.9446099854e+02 5.9448602295e+02 5.9450897217e+02 5.9455200195e+02
5.9403399658e+02 5.9403198242e+02 5.9404302979e+02 5.9405297852e+02 5.9406097412e+02 5.9406298828e+02 5.9405700684e+02 5.9407501221e+02 5.9407598877e+02 5.9407897949e+02 5.9406597900e+02 5.9406701660e+02 5.9406597900e+02 5.9405200195e+02 5.9404901123e+02 5.9404797363e+02 5.9404699707e+02 5.9403302002e+02 5.9403100586e+02 5.9404699707e+02 5.9404602051e+02 5.9405603027e+02 5.9407397461e+02 5.9409497070e+02 5.9411401367e+02 5.9413702393e+02 5.9415899658e+02 5.9417498779e+02 5.9418499756e+02 5.9421099854e+02 5.9422900391e+02 5.9425701904e+02 5.9427600098e+02 5.9428100586e+02 5.9428399658e+02 5.9428698730e+02 5.9429302979e+02 5.9431097412e+02 5.9433898926e+02 5.9436401367e+02 5.9438897705e+02 5.9441802979e+02 5.9444598389e+02 5.9445300293e+02 5.9447100830e+02 5.9453198242e+02
5.9403802490e+02 5.9403399658e+02 5.9403900146e+02 5.9404797363e+02 5.9405999756e+02 5.9406097412e+02 5.9405700684e+02 5.9407702637e+02 5.9408099365e+02 5.9408001709e+02 5.9407000732e+02 5.9407202148e+02 5.9406799316e+02 5.9405297852e+02 5.9405297852e+02 5.9406201172e+02 5.9405798340e+02 5.9403802490e+02 5.9402801514e+02 5.9404302979e+02 5.9405700684e+02 5.9407000732e+02 5.9407702637e+02 5.9408697510e+02 5.9409899902e+02 5.9412200928e+02 5.9414898682e+02 5.9417297363e+02 5.9418402100e+02 5.9420501709e+02 5.9421801758e+02 5.9424102783e+02 5.9425701904e+02 5.9427001953e+02 5.9428302002e+02 5.9429400635e+02 5.9430603027e+02 5.9432598877e+02 5.9435198975e+02 5.9437597656e+02 5.9440002441e+02 5.9442401123e+02 5.9444799805e+02 5.9445001221e+02 5.9446398926e+02 5.9452001953e+02
5.9404901123e+02 5.9405297852e+02 5.9404797363e+02 5.9404797363e+02 5.9405102539e+02 5.9404901123e+02 5.9405401611e+02 5.9407702637e+02 5.9409197998e+02 5.9408898926e+02 5.9408898926e+02 5.9408099365e+02 5.9407702637e+02 5.9407800293e+02 5.9409002686e+02 5.9407897949e+02 5.9407202148e+02 5.9405700684e+02 5.9403100586e+02 5.9405499268e+02 5.9407000732e+02 5.9407598877e+02 5.9407598877e+02 5.9407897949e+02 5.9409600830e+02 5.9412200928e+02 5.9414697266e+02 5.9417602539e+02 5.9418701172e+02 5.9420001221e+02 5.9421002197e+02 5.9423400879e+02 5.9425701904e+02 5.9428002930e+02 5.9428698730e+02 5.9430102539e+02 5.9431896973e+02 5.9433697510e+02 5.9435198975e+02 5.9437701416e+02 5.9440197754e+02 5.9442700195e+02 5.9444598389e+02 5.9445501709e+02 5.9446899414e+02 5.9449499512e+02
5.9404101563e+02 5.9404498291e+02 5.9403601074e+02 5.9404998779e+02 5.9406298828e+02 5.9407098389e+02 5.9407299805e+02 5.9407598877e+02 5.9408599854e+02 5.9408398438e+02 5.9408801270e+02 5.9409002686e+02 5.9408697510e+02 5.9409600830e+02 5.9410498047e+02 5.9409197998e+02 5.9408502197e+02 5.9408099365e+02 5.9406896973e+02 5.9407800293e+02 5.9408001709e+02 5.9408697510e+02 5.9409100342e+02 5.9409600830e+02 5.9411102295e+02 5.9413000488e+02 5.9414697266e+02 5.9417297363e+02 5.9419500732e+02 5.9421002197e+02 5.9421398926e+02 5.9423297119e+02 5.9426000977e+02 5.9428198242e+02 5.9429602051e+02 5.9431799316e+02 5.9433599854e+02 5.9435498047e+02 5.9436999512e+02 5.9438800049e+02 5.9440802002e+02 5.9442700195e+02 5.9444299316e+02 5.9445800781e+02 5.9448199463e+02 5.9450097656e+02
5.9402001953e+02 5.9402801514e+02 5.9402600098e+02 5.9404400635e+02 5.9405700684e+02 5.9406500244e+02 5.9407501221e+02 5.9407598877e+02 5.9408300781e+02 5.9408398438e+02 5.9408300781e+02 5.9409399414e+02 5.9409802246e+02 5.9410101318e+02 5.9411199951e+02 5.9411499023e+02 5.9411199951e+02 5.9411102295e+02 5.9410699463e+02 5.9410400391e+02 5.9410400391e+02 5.9411401367e+02 5.9411297607e+02 5.9411901855e+02 5.9413598633e+02 5.9415100098e+02 5.9416497803e+02 5.9418902588e+02 5.9421002197e+02 5.9421801758e+02 5.9421899414e+02 5.9423797607e+02 5.9426300049e+02 5.9428399658e+02 5.9430999756e+02 5.9433697510e+02 5.9435498047e+02 5.9437298584e+02 5.9438897705e+02 5.9440698242e+02 5.9442498779e+02 5.9444299316e+02 5.9445501709e+02 5.9446899414e+02 5.9449597168e+02 5.9451501465e+02
5.9401599121e+02 5.9401898193e+02 5.9402099609e+02 5.9403399658e+02 5.9403900146e+02 5.9404101563e+02 5.9405902100e+02 5.9407000732e+02 5.9407702637e+02 5.9407897949e+02 5.9408001709e+02 5.9409497070e+02 5.9409997559e+02 5.9410198975e+02 5.9411499023e+02 5.9413000488e+02 5.9413702393e+02 5.9413800049e+02 5.9413500977e+02 5.9413299561e+02 5.9413500977e+02 5.9414599609e+02 5.9414001465e+02 5.9414898682e+02 5.9416497803e+02 5.9417602539e+02 5.9418798828e+02 5.9420098877e+02 5.9421398926e+02 5.9421997070e+02 5.9422198486e+02 5.9425201416e+02 5.9428198242e+02 5.9430700684e+02 5.9433300781e+02 5.9435498047e+02 5.9437298584e+02 5.9439099121e+02 5.9440899658e+02 5.9442498779e+02 5.9444598389e+02 5.9446697998e+02 5.9448101807e+02 5.9448602295e+02 5.9450500488e+02 5.9452099609e+02
5.9401000977e+02 5.9400897217e+02 5.9401501465e+02 5.9403399658e+02 5.9403399658e+02 5.9402899170e+02 5.9404998779e+02 5.9407202148e+02 5.9408300781e+02 5.9409002686e+02 5.9410198975e+02 5.9409698486e+02 5.9410198975e+02 5.9412097168e+02 5.9413000488e+02 5.9413500977e+02 5.9414801025e+02 5.9415301514e+02 5.9415100098e+02 5.9415301514e+02 5.9415600586e+02 5.9416198730e+02 5.9416497803e+02 5.9418298340e+02 5.9419500732e+02 5.9420202637e+02 5.9420800781e+02 5.9421600342e+02 5.9422601318e+02 5.9423400879e+02 5.9424102783e+02 5.9427099609e+02 5.9431298828e+02 5.9434600830e+02 5.9436199951e+02 5.9437402344e+02 5.9439599609e+02 5.9441497803e+02 5.9441998291e+02 5.9443798828e+02 5.9445800781e+02 5.9447802734e+02 5.9449298096e+02 5.9449798584e+02 5.9450500488e+02 5.9451397705e+02
5.9400201416e+02 5.9400701904e+02 5.9401098633e+02 5.9402398682e+02 5.9403002930e+02 5.9403100586e+02 5.9404400635e+02 5.9406402588e+02 5.9408502197e+02 5.9410198975e+02 5.9411901855e+02 5.9411401367e+02 5.9410998535e+02 5.9412701416e+02 5.9413098145e+02 5.9413098145e+02 5.9414801025e+02 5.9416198730e+02 5.9416699219e+02 5.9416802979e+02 5.9417199707e+02 5.9417602539e+02 5.9417700195e+02 5.9420098877e+02 5.9421997070e+02 5.9422698975e+02 5.9422802734e+02 5.9423498535e+02 5.9424499512e+02 5.9425402832e+02 5.9426800537e+02 5.9429101563e+02 5.9431799316e+02 5.9434802246e+02 5.9437200928e+02 5.9439099121e+02 5.9441601563e+02 5.9444299316e+02 5.9444799805e+02 5.9446197510e+02 5.9447497559e+02 5.9448297119e+02 5.9449597168e+02 5.9450701904e+02 5.9451800537e+02 5.9452502441e+02
5.9398699951e+02 5.9400897217e+02 5.9400897217e+02 5.9401397705e+02 5.9402600098e+02 5.9403601074e+02 5.9404602051e+02 5.9405902100e+02 5.9408099365e+02 5.9409600830e+02 5.9411602783e+02 5.9412597656e+02 5.9412298584e+02 5.9413397217e+02 5.9414001465e+02 5.9414099121e+02 5.9416198730e+02 5.9417602539e+02 5.9417999268e+02 5.9418103027e+02 5.9418499756e+02 5.9418902588e+02 5.9419201660e+02 5.9421997070e+02 5.9423901367e+02 5.9424798584e+02 5.9424798584e+02 5.9425500488e+02 5.9426501465e+02 5.9427502441e+02 5.9428900146e+02 5.9430603027e+02 5.9432800293e+02 5.9435400391e+02 5.9438500977e+02 5.9440997314e+02 5.9443298340e+02 5.9445599365e+02 5.9446502686e+02 5.9448101807e+02 5.9449298096e+02 5.9449902344e+02 5.9450402832e+02 5.9451599121e+02 5.9453100586e+02 5.9454199219e+02
5.9398297119e+02 5.9400500488e+02 5.9399700928e+02 5.9399597168e+02 5.9401300049e+02 5.9403100586e+02 5.9404998779e+02 5.9406298828e+02 5.9407897949e+02 5.9408801270e+02 5.9410601807e+02 5.9412500000e+02 5.9412097168e+02 5.9412902832e+02 5.9414697266e+02 5.9415197754e+02 5.9417602539e+02 5.9418402100e+02 5.9418701172e+02 5.9419396973e+02 5.9419799805e+02 5.9420202637e+02 5.9420800781e+02 5.9423297119e+02 5.9424700928e+02 5.9426000977e+02 5.9426702881e+02 5.9427600098e+02 5.9428601074e+02 5.9429602051e+02 5.9431201172e+02 5.9433001709e+02 5.9435101318e+02 5.9437200928e+02 5.9440002441e+02 5.9442700195e+02 5.9444598389e+02 5.9446099854e+02 5.9446398926e+02 5.9448699951e+02 5.9450799561e+02 5.9452099609e+02 5.9452398682e+02 5.9452899170e+02 5.9454199219e+02 5.9455603027e+02
5.9397998047e+02 5.9398999023e+02 5.9398297119e+02 5.9398901367e+02 5.9400097656e+02 5.9402001953e+02 5.9405200195e+02 5.9406500244e+02 5.9408300781e+02 5.9409399414e+02 5.9409997559e+02 5.9411999512e+02 5.9411499023e+02 5.9411999512e+02 5.9414501953e+02 5.9415197754e+02 5.9417498779e+02 5.9418499756e+02 5.9419500732e+02 5.9420397949e+02 5.9421099854e+02 5.9421697998e+02 5.9421801758e+02 5.9423602295e+02 5.9425201416e+02 5.9427099609e+02 5.9428399658e+02 5.9429602051e+02 5.9430798340e+02 5.9432098389e+02 5.9433898926e+02 5.9434899902e+02 5.9437500000e+02 5.9439300537e+02 5.9440997314e+02 5.9443200684e+02 5.9445397949e+02 5.9446899414e+02 5.9447100830e+02 5.9448797607e+02 5.9451202393e+02 5.9453399658e+02 5.9454797363e+02 5.9453497314e+02 5.9454498291e+02 5.9455700684e+02
5.9397399902e+02 5.9398400879e+02 5.9398297119e+02 5.9399200439e+02 5.9400500488e+02 5.9402899170e+02 5.9405999756e+02 5.9406500244e+02 5.9408197021e+02 5.9409197998e+02 5.9409600830e+02 5.9411499023e+02 5.9411199951e+02 5.9412701416e+02 5.9414801025e+02 5.9415002441e+02 5.9417797852e+02 5.9420202637e+02 5.9421398926e+02 5.9421697998e+02 5.9422100830e+02 5.9422802734e+02 5.9423199463e+02 5.9425097656e+02 5.9426800537e+02 5.9428900146e+02 5.9429400635e+02 5.9430200195e+02 5.9431701660e+02 5.9433197021e+02 5.9434399414e+02 5.9435601807e+02 5.9438800049e+02 5.9441497803e+02 5.9443103027e+02 5.9445397949e+02 5.9447497559e+02 5.9448999023e+02 5.9449597168e+02 5.9450701904e+02 5.9451300049e+02 5.9452197266e+02 5.9453601074e+02 5.9454199219e+02 5.9454998779e+02 5.9455902100e+02
5.9396997070e+02 5.9398602295e+02 5.9398699951e+02 5.9399401855e+02 5.9399902344e+02 5.9402099609e+02 5.9404797363e+02 5.9405401611e+02 5.9406896973e+02 5.9408502197e+02 5.9410498047e+02 5.9412402344e+02 5.9411602783e+02 5.9412597656e+02 5.9414801025e+02 5.9415698242e+02 5.9417797852e+02 5.9419500732e+02 5.9421197510e+02 5.9422302246e+02 5.9422998047e+02 5.9423602295e+02 5.9423797607e+02 5.9425897217e+02 5.9427801514e+02 5.9429797363e+02 5.9430200195e+02 5.9430902100e+02 5.9432299805e+02 5.9433801270e+02 5.9435400391e+02 5.9436901855e+02 5.9439501953e+02 5.9442102051e+02 5.9444201660e+02 5.9446398926e+02 5.9448297119e+02 5.9449700928e+02 5.9450598145e+02 5.9452001953e+02 5.9452398682e+02 5.9453002930e+02 5.9454602051e+02 5.9455902100e+02 5.9456799316e+02 5.9457800293e+02
5.9396197510e+02 5.9397601318e+02 5.9398297119e+02 5.9399597168e+02 5.9399597168e+02 5.9401202393e+02 5.9403802490e+02 5.9405700684e+02 5.9407000732e+02 5.9408599854e+02 5.9411102295e+02 5.9412701416e+02 5.9412402344e+02 5.9413000488e+02 5.9414300537e+02 5.9416101074e+02 5.9417297363e+02 5.9417999268e+02 5.9419799805e+02 5.9421301270e+02 5.9422698975e+02 5.9424102783e+02 5.9425201416e+02 5.9427899170e+02 5.9429602051e+02 5.9430401611e+02 5.9430297852e+02 5.9431500244e+02 5.9433001709e+02 5.9434497070e+02 5.9436297607e+02 5.9439001465e+02 5.9440698242e+02 5.9442297363e+02 5.9444201660e+02 5.9446099854e+02 5.9448199463e+02 5.9450299072e+02 5.9451300049e+02 5.9453198242e+02 5.9454199219e+02 5.9455200195e+02 5.9456500244e+02 5.9457000732e+02 5.9458697510e+02 5.9460601807e+02
