TESTSERVER/14/14.asc
NCOLS 100
NROWS 100
XLLCORNER 8.1997500000e+03
YLLCORNER 2.8925025000e+05
CELLSIZE 5.0000000000e-01
NODATA_VALUE -9.9990000000e+03
[rows 80 to 99 of 100, columns 46 to 91 of 100]
5.9278399658e+02 5.9280200195e+02 5.9282098389e+02 5.9284399414e+02 5.9286499023e+02 5.9287298584e+02 5.9289099121e+02 5.9290002441e+02 5.9289697266e+02 5.9290399170e+02 5.9293298340e+02 5.9296502686e+02 5.9298199463e+02 5.9299401855e+02 5.9299798584e+02 5.9299902344e+02 5.9299298096e+02 5.9299102783e+02 5.9298400879e+02 5.9297601318e+02 5.9297100830e+02 5.9296997070e+02 5.9297198486e+02 5.9297100830e+02 5.9297100830e+02 5.9298400879e+02 5.9298901367e+02 5.9299102783e+02 5.9299597168e+02 5.9302001953e+02 5.9304199219e+02 5.9305700684e+02 5.9306402588e+02 5.9305902100e+02 5.9305499268e+02 5.9305297852e+02 5.9305999756e+02 5.9307598877e+02 5.9308502197e+02 5.9307397461e+02 5.9303601074e+02 5.9292498779e+02 5.9289898682e+02 5.9294702148e+02 5.9301800537e+02 5.9305499268e+02
5.9277899170e+02 5.9278198242e+02 5.9279498291e+02 5.9281201172e+02 5.9283599854e+02 5.9285699463e+02 5.9289001465e+02 5.9290899658e+02 5.9290100098e+02 5.9290698242e+02 5.9292700195e+02 5.9295397949e+02 5.9297698975e+02 5.9299798584e+02 5.9300201416e+02 5.9299200439e+02 5.9298297119e+02 5.9297802734e+02 5.9297302246e+02 5.9296899414e+02 5.9296197510e+02 5.9295898438e+02 5.9296398926e+02 5.9296697998e+02 5.9296899414e+02 5.9297601318e+02 5.9297497559e+02 5.9297302246e+02 5.9297900391e+02 5.9300402832e+02 5.9302502441e+02 5.9303997803e+02 5.9304699707e+02 5.9304400635e+02 5.9303900146e+02 5.9303997803e+02 5.9304998779e+02 5.9307897949e+02 5.9309197998e+02 5.9306896973e+02 5.9299902344e+02 5.9288897705e+02 5.9288598633e+02 5.9295300293e+02 5.9301599121e+02 5.9306402588e+02
5.9278802490e+02 5.9278802490e+02 5.9279901123e+02 5.9280297852e+02 5.9281799316e+02 5.9284997559e+02 5.9289001465e+02 5.9291302490e+02 5.9290301514e+02 5.9291400146e+02 5.9293200684e+02 5.9295397949e+02 5.9297100830e+02 5.9298297119e+02 5.9298199463e+02 5.9297302246e+02 5.9297198486e+02 5.9296899414e+02 5.9296502686e+02 5.9296099854e+02 5.9295501709e+02 5.9295202637e+02 5.9295898438e+02 5.9296801758e+02 5.9297302246e+02 5.9297802734e+02 5.9297497559e+02 5.9297302246e+02 5.9297802734e+02 5.9299597168e+02 5.9301000977e+02 5.9302001953e+02 5.9302301025e+02 5.9301702881e+02 5.9301599121e+02 5.9302099609e+02 5.9303302002e+02 5.9304498291e+02 5.9304400635e+02 5.9301000977e+02 5.9293200684e+02 5.9286499023e+02 5.9288500977e+02 5.9294097900e+02 5.9298999023e+02 5.9304199219e+02
5.9280102539e+02 5.9282800293e+02 5.9284399414e+02 5.9283502197e+02 5.9282501221e+02 5.9285400391e+02 5.9288897705e+02 5.9291198730e+02 5.9291198730e+02 5.9291802979e+02 5.9293200684e+02 5.9295397949e+02 5.9296502686e+02 5.9296502686e+02 5.9296301270e+02 5.9296099854e+02 5.9296398926e+02 5.9296002197e+02 5.9295599365e+02 5.9295202637e+02 5.9294897461e+02 5.9295001221e+02 5.9295599365e+02 5.9296398926e+02 5.9297100830e+02 5.9297802734e+02 5.9297802734e+02 5.9297698975e+02 5.9298199463e+02 5.9299102783e+02 5.9299798584e+02 5.9300097656e+02 5.9300000000e+02 5.9299298096e+02 5.9299298096e+02 5.9300097656e+02 5.9301300049e+02 5.9301300049e+02 5.9299700928e+02 5.9295300293e+02 5.9287597656e+02 5.9285198975e+02 5.9288397217e+02 5.9292901611e+02 5.9296600342e+02 5.9300500488e+02
5.9285498047e+02 5.9290002441e+02 5.9292498779e+02 5.9290100098e+02 5.9285101318e+02 5.9285699463e+02 5.9288598633e+02 5.9291400146e+02 5.9293103027e+02 5.9292602539e+02 5.9292700195e+02 5.9294396973e+02 5.9295501709e+02 5.9294500732e+02 5.9294396973e+02 5.9294598389e+02 5.9295202637e+02 5.9295098877e+02 5.9294799805e+02 5.9294500732e+02 5.9295001221e+02 5.9294598389e+02 5.9294799805e+02 5.9295300293e+02 5.9296002197e+02 5.9297100830e+02 5.9297497559e+02 5.9297601318e+02 5.9297497559e+02 5.9297698975e+02 5.9298101807e+02 5.9298498535e+02 5.9298602295e+02 5.9297900391e+02 5.9297698975e+02 5.9298400879e+02 5.9298602295e+02 5.9298999023e+02 5.9297497559e+02 5.9292401123e+02 5.9285797119e+02 5.9284899902e+02 5.9288598633e+02 5.9293902588e+02 5.9299200439e+02 5.9299597168e+02
5.9279602051e+02 5.9294598389e+02 5.9299700928e+02 5.9296899414e+02 5.9289300537e+02 5.9286401367e+02 5.9287500000e+02 5.9289898682e+02 5.9291802979e+02 5.9292797852e+02 5.9293402100e+02 5.9294000244e+02 5.9294702148e+02 5.9293597412e+02 5.9292999268e+02 5.9292901611e+02 5.9293499756e+02 5.9293798828e+02 5.9294299316e+02 5.9294299316e+02 5.9294097900e+02 5.9294201660e+02 5.9294097900e+02 5.9294097900e+02 5.9294598389e+02 5.9295001221e+02 5.9295501709e+02 5.9296099854e+02 5.9295599365e+02 5.9294396973e+02 5.9294000244e+02 5.9294396973e+02 5.9295697021e+02 5.9297100830e+02 5.9297302246e+02 5.9297698975e+02 5.9297302246e+02 5.9296997070e+02 5.9294897461e+02 5.9288598633e+02 5.9283001709e+02 5.9285400391e+02 5.9290997314e+02 5.9295300293e+02 5.9297497559e+02 5.9298901367e+02
5.9259399414e+02 5.9279998779e+02 5.9290899658e+02 5.9293103027e+02 5.9288397217e+02 5.9285601807e+02 5.9287597656e+02 5.9290100098e+02 5.9290002441e+02 5.9291198730e+02 5.9293200684e+02 5.9293597412e+02 5.9293597412e+02 5.9292999268e+02 5.9291998291e+02 5.9291101074e+02 5.9290802002e+02 5.9290997314e+02 5.9292297363e+02 5.9292602539e+02 5.9292102051e+02 5.9292199707e+02 5.9292102051e+02 5.9291900635e+02 5.9292498779e+02 5.9292700195e+02 5.9293298340e+02 5.9294000244e+02 5.9294201660e+02 5.9292999268e+02 5.9291302490e+02 5.9290600586e+02 5.9292700195e+02 5.9296301270e+02 5.9296600342e+02 5.9296002197e+02 5.9295397949e+02 5.9293902588e+02 5.9289801025e+02 5.9283599854e+02 5.9281298828e+02 5.9287097168e+02 5.9292700195e+02 5.9294396973e+02 5.9294799805e+02 5.9297198486e+02
5.9226702881e+02 5.9249298096e+02 5.9267102051e+02 5.9277502441e+02 5.9279998779e+02 5.9282202148e+02 5.9288500977e+02 5.9293298340e+02 5.9290698242e+02 5.9289697266e+02 5.9291900635e+02 5.9292199707e+02 5.9291802979e+02 5.9291998291e+02 5.9291400146e+02 5.9290002441e+02 5.9289001465e+02 5.9289398193e+02 5.9290197754e+02 5.9290002441e+02 5.9289300537e+02 5.9289300537e+02 5.9289398193e+02 5.9289801025e+02 5.9291198730e+02 5.9291699219e+02 5.9292297363e+02 5.9292797852e+02 5.9293298340e+02 5.9293200684e+02 5.9291400146e+02 5.9289697266e+02 5.9291802979e+02 5.9296502686e+02 5.9296502686e+02 5.9294201660e+02 5.9291699219e+02 5.9288897705e+02 5.9284100342e+02 5.9279602051e+02 5.9281097412e+02 5.9288299561e+02 5.9292700195e+02 5.9292901611e+02 5.9293298340e+02 5.9294702148e+02
5.9184802246e+02 5.9208197021e+02 5.9232598877e+02 5.9254400635e+02 5.9271398926e+02 5.9276098633e+02 5.9283898926e+02 5.9291101074e+02 5.9291998291e+02 5.9291601563e+02 5.9292199707e+02 5.9291198730e+02 5.9290301514e+02 5.9290802002e+02 5.9290899658e+02 5.9289697266e+02 5.9287597656e+02 5.9289001465e+02 5.9289398193e+02 5.9288897705e+02 5.9287902832e+02 5.9287597656e+02 5.9288500977e+02 5.9289697266e+02 5.9290600586e+02 5.9290301514e+02 5.9290899658e+02 5.9291497803e+02 5.9292102051e+02 5.9292498779e+02 5.9291601563e+02 5.9290899658e+02 5.9293597412e+02 5.9296697998e+02 5.9296301270e+02 5.9292797852e+02 5.9288500977e+02 5.9285302734e+02 5.9280798340e+02 5.9278302002e+02 5.9283398438e+02 5.9289300537e+02 5.9292297363e+02 5.9292602539e+02 5.9292297363e+02 5.9292602539e+02
5.9153698730e+02 5.9176702881e+02 5.9206701660e+02 5.9236999512e+02 5.9258898926e+02 5.9267297363e+02 5.9273199463e+02 5.9282397461e+02 5.9288598633e+02 5.9292297363e+02 5.9292797852e+02 5.9290997314e+02 5.9289501953e+02 5.9289001465e+02 5.9288098145e+02 5.9286901855e+02 5.9284899902e+02 5.9285900879e+02 5.9286798096e+02 5.9288201904e+02 5.9288397217e+02 5.9288098145e+02 5.9288800049e+02 5.9289697266e+02 5.9289300537e+02 5.9288500977e+02 5.9289099121e+02 5.9289501953e+02 5.9289898682e+02 5.9290002441e+02 5.9289398193e+02 5.9290301514e+02 5.9293597412e+02 5.9295898438e+02 5.9295599365e+02 5.9292700195e+02 5.9288000488e+02 5.9282202148e+02 5.9277197266e+02 5.9275897217e+02 5.9282397461e+02 5.9289300537e+02 5.9295800781e+02 5.9299597168e+02 5.9295202637e+02 5.9292498779e+02
5.9127899170e+02 5.9148699951e+02 5.9178802490e+02 5.9210601807e+02 5.9236602783e+02 5.9253698730e+02 5.9265502930e+02 5.9278997803e+02 5.9284997559e+02 5.9289099121e+02 5.9291400146e+02 5.9290802002e+02 5.9290100098e+02 5.9289501953e+02 5.9289001465e+02 5.9288897705e+02 5.9287402344e+02 5.9285302734e+02 5.9284100342e+02 5.9285498047e+02 5.9286700439e+02 5.9286199951e+02 5.9286401367e+02 5.9287298584e+02 5.9287902832e+02 5.9287500000e+02 5.9287799072e+02 5.9287701416e+02 5.9287500000e+02 5.9287500000e+02 5.9289398193e+02 5.9292498779e+02 5.9294598389e+02 5.9296301270e+02 5.9296197510e+02 5.9292901611e+02 5.9286602783e+02 5.9277801514e+02 5.9273797607e+02 5.9275299072e+02 5.9282501221e+02 5.9288800049e+02 5.9296899414e+02 5.9302600098e+02 5.9296801758e+02 5.9291497803e+02
5.9107897949e+02 5.9123999023e+02 5.9149102783e+02 5.9176702881e+02 5.9200799561e+02 5.9226098633e+02 5.9249200439e+02 5.9271002197e+02 5.9278698730e+02 5.9283398438e+02 5.9288201904e+02 5.9289801025e+02 5.9290802002e+02 5.9290997314e+02 5.9292901611e+02 5.9295501709e+02 5.9297497559e+02 5.9291998291e+02 5.9285400391e+02 5.9283398438e+02 5.9284002686e+02 5.9283502197e+02 5.9283099365e+02 5.9283898926e+02 5.9285797119e+02 5.9285998535e+02 5.9286102295e+02 5.9285601807e+02 5.9285198975e+02 5.9286602783e+02 5.9292199707e+02 5.9296301270e+02 5.9294097900e+02 5.9294897461e+02 5.9294799805e+02 5.9291198730e+02 5.9283197021e+02 5.9273602295e+02 5.9271600342e+02 5.9275701904e+02 5.9281799316e+02 5.9285601807e+02 5.9290399170e+02 5.9294799805e+02 5.9292700195e+02 5.9289599609e+02
5.9094396973e+02 5.9105102539e+02 5.9120202637e+02 5.9136102295e+02 5.9144500732e+02 5.9183502197e+02 5.9217199707e+02 5.9247601318e+02 5.9266998291e+02 5.9278002930e+02 5.9285400391e+02 5.9288598633e+02 5.9290600586e+02 5.9293298340e+02 5.9298699951e+02 5.9303601074e+02 5.9307598877e+02 5.9303997803e+02 5.9291998291e+02 5.9284399414e+02 5.9282598877e+02 5.9282000732e+02 5.9280798340e+02 5.9281298828e+02 5.9283599854e+02 5.9283599854e+02 5.9283300781e+02 5.9282800293e+02 5.9283300781e+02 5.9286602783e+02 5.9293798828e+02 5.9296697998e+02 5.9290197754e+02 5.9289697266e+02 5.9289001465e+02 5.9284997559e+02 5.9277099609e+02 5.9269897461e+02 5.9270001221e+02 5.9275097656e+02 5.9279699707e+02 5.9282202148e+02 5.9282897949e+02 5.9284100342e+02 5.9285699463e+02 5.9286798096e+02
5.9078100586e+02 5.9089300537e+02 5.9101098633e+02 5.9110302734e+02 5.9116601563e+02 5.9139202881e+02 5.9167797852e+02 5.9197497559e+02 5.9227502441e+02 5.9250897217e+02 5.9265997314e+02 5.9276800537e+02 5.9281597900e+02 5.9291302490e+02 5.9301397705e+02 5.9308001709e+02 5.9312799072e+02 5.9307702637e+02 5.9296600342e+02 5.9287298584e+02 5.9283001709e+02 5.9279498291e+02 5.9277600098e+02 5.9278997803e+02 5.9281201172e+02 5.9281201172e+02 5.9280297852e+02 5.9279199219e+02 5.9279400635e+02 5.9282598877e+02 5.9290100098e+02 5.9294598389e+02 5.9289801025e+02 5.9289001465e+02 5.9286499023e+02 5.9280297852e+02 5.9272302246e+02 5.9269097900e+02 5.9269299316e+02 5.9272698975e+02 5.9275799561e+02 5.9278198242e+02 5.9278601074e+02 5.9279998779e+02 5.9282299805e+02 5.9285498047e+02
5.9059100342e+02 5.9072399902e+02 5.9089202881e+02 5.9103698730e+02 5.9106701660e+02 5.9109399414e+02 5.9125598145e+02 5.9150500488e+02 5.9183398438e+02 5.9211102295e+02 5.9230798340e+02 5.9248602295e+02 5.9262902832e+02 5.9279602051e+02 5.9294500732e+02 5.9304797363e+02 5.9310900879e+02 5.9306701660e+02 5.9297302246e+02 5.9288897705e+02 5.9284100342e+02 5.9278802490e+02 5.9276202393e+02 5.9277001953e+02 5.9278698730e+02 5.9279998779e+02 5.9279602051e+02 5.9278399658e+02 5.9278997803e+02 5.9282202148e+02 5.9287200928e+02 5.9290502930e+02 5.9288098145e+02 5.9286499023e+02 5.9279901123e+02 5.9269897461e+02 5.9261297607e+02 5.9264801025e+02 5.9265399170e+02 5.9263800049e+02 5.9263299561e+02 5.9266802979e+02 5.9270001221e+02 5.9274597168e+02 5.9278497314e+02 5.9281402588e+02
5.9039300537e+02 5.9051599121e+02 5.9074200439e+02 5.9098699951e+02 5.9113598633e+02 5.9103302002e+02 5.9101800537e+02 5.9115600586e+02 5.9142602539e+02 5.9166900635e+02 5.9188500977e+02 5.9211102295e+02 5.9234899902e+02 5.9258697510e+02 5.9277600098e+02 5.9291400146e+02 5.9300500488e+02 5.9299102783e+02 5.9292602539e+02 5.9286401367e+02 5.9283801270e+02 5.9280700684e+02 5.9277697754e+02 5.9276800537e+02 5.9277398682e+02 5.9280798340e+02 5.9281201172e+02 5.9279901123e+02 5.9280102539e+02 5.9283001709e+02 5.9284698486e+02 5.9284899902e+02 5.9281500244e+02 5.9275299072e+02 5.9262500000e+02 5.9248199463e+02 5.9238598633e+02 5.9246502686e+02 5.9248999023e+02 5.9244000244e+02 5.9240600586e+02 5.9246002197e+02 5.9254101563e+02 5.9264001465e+02 5.9270501709e+02 5.9273901367e+02
5.9022998047e+02 5.9027001953e+02 5.9046997070e+02 5.9078002930e+02 5.9114099121e+02 5.9120599365e+02 5.9103497314e+02 5.9096197510e+02 5.9108300781e+02 5.9127001953e+02 5.9146502686e+02 5.9167999268e+02 5.9189202881e+02 5.9223999023e+02 5.9245001221e+02 5.9262500000e+02 5.9277001953e+02 5.9285900879e+02 5.9284802246e+02 5.9280798340e+02 5.9277697754e+02 5.9278601074e+02 5.9278198242e+02 5.9277502441e+02 5.9278198242e+02 5.9280902100e+02 5.9281298828e+02 5.9279498291e+02 5.9277099609e+02 5.9277001953e+02 5.9275402832e+02 5.9272198486e+02 5.9268200684e+02 5.9254199219e+02 5.9233599854e+02 5.9215899658e+02 5.9210998535e+02 5.9221600342e+02 5.9224401855e+02 5.9219897461e+02 5.9218298340e+02 5.9222302246e+02 5.9233300781e+02 5.9248101807e+02 5.9258099365e+02 5.9261102295e+02
5.9008697510e+02 5.9011499023e+02 5.9025598145e+02 5.9047802734e+02 5.9072100830e+02 5.9104797363e+02 5.9107501221e+02 5.9092797852e+02 5.9089697266e+02 5.9100201416e+02 5.9114599609e+02 5.9128997803e+02 5.9151098633e+02 5.9180700684e+02 5.9200701904e+02 5.9219299316e+02 5.9244000244e+02 5.9265301514e+02 5.9273797607e+02 5.9274298096e+02 5.9268597412e+02 5.9271398926e+02 5.9275299072e+02 5.9276599121e+02 5.9272399902e+02 5.9272601318e+02 5.9271899414e+02 5.9269299316e+02 5.9265197754e+02 5.9263000488e+02 5.9259997559e+02 5.9254699707e+02 5.9246197510e+02 5.9227001953e+02 5.9201300049e+02 5.9184399414e+02 5.9187902832e+02 5.9200201416e+02 5.9201202393e+02 5.9195098877e+02 5.9191400146e+02 5.9197399902e+02 5.9212597656e+02 5.9230200195e+02 5.9240002441e+02 5.9241998291e+02
5.9000097656e+02 5.9004901123e+02 5.9015600586e+02 5.9028497314e+02 5.9030798340e+02 5.9054602051e+02 5.9066998291e+02 5.9062097168e+02 5.9069201660e+02 5.9082598877e+02 5.9094201660e+02 5.9104400635e+02 5.9119500732e+02 5.9143499756e+02 5.9160900879e+02 5.9177600098e+02 5.9203997803e+02 5.9232299805e+02 5.9245599365e+02 5.9250598145e+02 5.9249798584e+02 5.9257000732e+02 5.9263201904e+02 5.9265399170e+02 5.9259002686e+02 5.9256896973e+02 5.9255902100e+02 5.9253002930e+02 5.9248602295e+02 5.9246301270e+02 5.9241998291e+02 5.9234301758e+02 5.9223101807e+02 5.9203002930e+02 5.9179199219e+02 5.9165899658e+02 5.9172802734e+02 5.9184002686e+02 5.9183898926e+02 5.9178399658e+02 5.9173602295e+02 5.9178698730e+02 5.9191802979e+02 5.9206597900e+02 5.9214898682e+02 5.9216198730e+02
5.8996801758e+02 5.9000299072e+02 5.9006500244e+02 5.9012402344e+02 5.9008599854e+02 5.9022601318e+02 5.9035601807e+02 5.9037799072e+02 5.9051098633e+02 5.9065997314e+02 5.9076898193e+02 5.9086401367e+02 5.9096099854e+02 5.9112597656e+02 5.9126000977e+02 5.9138897705e+02 5.9161700439e+02 5.9190301514e+02 5.9205603027e+02 5.9214300537e+02 5.9218798828e+02 5.9230603027e+02 5.9239501953e+02 5.9242999268e+02 5.9237298584e+02 5.9234802246e+02 5.9233898926e+02 5.9231597900e+02 5.9228399658e+02 5.9226898193e+02 5.9221398926e+02 5.9211700439e+02 5.9199102783e+02 5.9184197998e+02 5.9169500732e+02 5.9163299561e+02 5.9169598389e+02 5.9175299072e+02 5.9172698975e+02 5.9169299316e+02 5.9166699219e+02 5.9168597412e+02 5.9174499512e+02 5.9182098389e+02 5.9188000488e+02 5.9190502930e+02
