TESTSERVER/14/14.asc
NCOLS 100
NROWS 100
XLLCORNER 8.1997500000e+03
YLLCORNER 2.8925025000e+05
CELLSIZE 5.0000000000e-01
NODATA_VALUE -9.9990000000e+03
[rows 0 to 19 of 100, columns 0 to 45 of 100]
5.9141601563e+02 5.9145501709e+02 5.9148297119e+02 5.9153497314e+02 5.9156298828e+02 5.9158197021e+02 5.9160601807e+02 5.9168402100e+02 5.9172601318e+02 5.9172698975e+02 5.9176300049e+02 5.9178497314e+02 5.9180798340e+02 5.9183898926e+02 5.9187500000e+02 5.9192297363e+02 5.9198498535e+02 5.9206298828e+02 5.9214697266e+02 5.9224597168e+02 5.9239599609e+02 5.9254498291e+02 5.9263098145e+02 5.9267999268e+02 5.9275000000e+02 5.9283898926e+02 5.9290002441e+02 5.9292797852e+02 5.9294702148e+02 5.9297900391e+02 5.9303002930e+02 5.9314599609e+02 5.9315802002e+02 5.9309002686e+02 5.9303198242e+02 5.9299298096e+02 5.9297100830e+02 5.9298400879e+02 5.9298699951e+02 5.9304400635e+02 5.9309899902e+02 5.9314501953e+02 5.9317602539e+02 5.9322100830e+02 5.9329998779e+02 5.9339697266e+02
5.9140301514e+02 5.9142700195e+02 5.9145001221e+02 5.9148602295e+02 5.9150799561e+02 5.9154699707e+02 5.9158801270e+02 5.9161499023e+02 5.9165100098e+02 5.9167102051e+02 5.9170300293e+02 5.9171997070e+02 5.9173797607e+02 5.9176501465e+02 5.9179302979e+02 5.9181097412e+02 5.9183300781e+02 5.9186401367e+02 5.9190002441e+02 5.9193402100e+02 5.9208099365e+02 5.9227197266e+02 5.9239898682e+02 5.9245397949e+02 5.9250897217e+02 5.9257397461e+02 5.9262402344e+02 5.9264697266e+02 5.9265600586e+02 5.9266900635e+02 5.9269201660e+02 5.9272900391e+02 5.9272198486e+02 5.9268103027e+02 5.9266900635e+02 5.9266802979e+02 5.9268200684e+02 5.9270800781e+02 5.9273498535e+02 5.9277301025e+02 5.9282098389e+02 5.9287500000e+02 5.9292297363e+02 5.9295001221e+02 5.9301397705e+02 5.9310400391e+02
5.9138500977e+02 5.9141198730e+02 5.9144201660e+02 5.9147698975e+02 5.9150799561e+02 5.9155798340e+02 5.9159301758e+02 5.9160400391e+02 5.9163500977e+02 5.9165502930e+02 5.9167602539e+02 5.9169897461e+02 5.9172497559e+02 5.9175500488e+02 5.9178302002e+02 5.9180603027e+02 5.9182299805e+02 5.9182800293e+02 5.9181799316e+02 5.9181896973e+02 5.9191802979e+02 5.9207800293e+02 5.9221899414e+02 5.9228198242e+02 5.9230297852e+02 5.9233398438e+02 5.9237799072e+02 5.9238897705e+02 5.9240100098e+02 5.9241699219e+02 5.9243902588e+02 5.9243701172e+02 5.9243798828e+02 5.9243902588e+02 5.9246398926e+02 5.9249200439e+02 5.9252099609e+02 5.9255297852e+02 5.9259997559e+02 5.9264501953e+02 5.9267999268e+02 5.9272302246e+02 5.9277697754e+02 5.9280200195e+02 5.9285101318e+02 5.9291699219e+02
5.9135900879e+02 5.9138299561e+02 5.9142297363e+02 5.9145800781e+02 5.9150201416e+02 5.9155700684e+02 5.9159399414e+02 5.9161102295e+02 5.9164898682e+02 5.9167498779e+02 5.9168798828e+02 5.9171997070e+02 5.9175097656e+02 5.9177801514e+02 5.9180102539e+02 5.9183898926e+02 5.9186901855e+02 5.9187799072e+02 5.9186401367e+02 5.9185900879e+02 5.9191198730e+02 5.9202502441e+02 5.9215002441e+02 5.9221301270e+02 5.9220800781e+02 5.9222100830e+02 5.9226300049e+02 5.9228198242e+02 5.9231500244e+02 5.9234899902e+02 5.9237298584e+02 5.9238800049e+02 5.9241302490e+02 5.9243402100e+02 5.9244799805e+02 5.9247198486e+02 5.9249200439e+02 5.9252600098e+02 5.9258099365e+02 5.9263897705e+02 5.9267102051e+02 5.9270397949e+02 5.9274902344e+02 5.9277899170e+02 5.9282000732e+02 5.9286901855e+02
5.9133697510e+02 5.9136798096e+02 5.9141198730e+02 5.9144396973e+02 5.9147802734e+02 5.9152001953e+02 5.9156097412e+02 5.9158502197e+02 5.9162902832e+02 5.9166802979e+02 5.9167999268e+02 5.9171502686e+02 5.9174200439e+02 5.9176300049e+02 5.9179101563e+02 5.9182800293e+02 5.9186700439e+02 5.9189398193e+02 5.9190502930e+02 5.9190197754e+02 5.9193597412e+02 5.9201300049e+02 5.9207800293e+02 5.9214697266e+02 5.9216802979e+02 5.9219897461e+02 5.9222998047e+02 5.9226599121e+02 5.9230902100e+02 5.9234002686e+02 5.9234997559e+02 5.9238500977e+02 5.9241802979e+02 5.9245001221e+02 5.9247100830e+02 5.9248901367e+02 5.9250598145e+02 5.9254400635e+02 5.9258898926e+02 5.9264001465e+02 5.9266699219e+02 5.9270098877e+02 5.9274902344e+02 5.9279302979e+02 5.9283599854e+02 5.9288598633e+02
5.9131597900e+02 5.9135302734e+02 5.9139099121e+02 5.9142999268e+02 5.9145800781e+02 5.9149200439e+02 5.9153198242e+02 5.9155902100e+02 5.9160198975e+02 5.9163897705e+02 5.9165399170e+02 5.9168902588e+02 5.9172100830e+02 5.9175000000e+02 5.9179302979e+02 5.9182397461e+02 5.9185101318e+02 5.9188098145e+02 5.9191802979e+02 5.9190899658e+02 5.9192297363e+02 5.9199200439e+02 5.9205200195e+02 5.9210998535e+02 5.9216699219e+02 5.9220397949e+02 5.9222198486e+02 5.9225402832e+02 5.9228497314e+02 5.9230297852e+02 5.9232702637e+02 5.9236297607e+02 5.9239398193e+02 5.9243103027e+02 5.9246099854e+02 5.9249401855e+02 5.9252801514e+02 5.9255999756e+02 5.9259399414e+02 5.9264099121e+02 5.9267297363e+02 5.9271502686e+02 5.9276702881e+02 5.9280499268e+02 5.9284802246e+02 5.9289697266e+02
5.9130102539e+02 5.9133697510e+02 5.9136798096e+02 5.9140399170e+02 5.9143200684e+02 5.9147100830e+02 5.9150897217e+02 5.9153802490e+02 5.9157000732e+02 5.9160198975e+02 5.9163299561e+02 5.9167199707e+02 5.9170397949e+02 5.9173199463e+02 5.9177301025e+02 5.9180603027e+02 5.9183197021e+02 5.9186297607e+02 5.9191198730e+02 5.9190802002e+02 5.9190997314e+02 5.9196801758e+02 5.9203002930e+02 5.9209899902e+02 5.9217102051e+02 5.9220800781e+02 5.9220501709e+02 5.9223199463e+02 5.9226098633e+02 5.9228198242e+02 5.9230999756e+02 5.9235400391e+02 5.9238598633e+02 5.9242797852e+02 5.9246002197e+02 5.9249902344e+02 5.9254199219e+02 5.9257598877e+02 5.9260900879e+02 5.9265802002e+02 5.9268902588e+02 5.9272698975e+02 5.9277099609e+02 5.9280603027e+02 5.9284899902e+02 5.9289801025e+02
5.9129302979e+02 5.9133099365e+02 5.9135498047e+02 5.9137799072e+02 5.9140698242e+02 5.9144598389e+02 5.9148699951e+02 5.9152099609e+02 5.9154699707e+02 5.9157299805e+02 5.9161199951e+02 5.9165698242e+02 5.9168701172e+02 5.9171002197e+02 5.9174102783e+02 5.9177697754e+02 5.9180999756e+02 5.9184497070e+02 5.9189300537e+02 5.9190997314e+02 5.9192102051e+02 5.9196801758e+02 5.9202001953e+02 5.9207299805e+02 5.9213201904e+02 5.9216302490e+02 5.9216802979e+02 5.9219000244e+02 5.9222900391e+02 5.9226702881e+02 5.9229498291e+02 5.9233398438e+02 5.9236602783e+02 5.9241302490e+02 5.9246301270e+02 5.9250598145e+02 5.9254498291e+02 5.9257702637e+02 5.9260900879e+02 5.9265698242e+02 5.9269000244e+02 5.9272802734e+02 5.9277197266e+02 5.9280603027e+02 5.9284600830e+02 5.9289202881e+02
5.9127697754e+02 5.9131402588e+02 5.9134197998e+02 5.9136798096e+02 5.9139501953e+02 5.9142401123e+02 5.9145300293e+02 5.9148699951e+02 5.9151898193e+02 5.9154498291e+02 5.9157800293e+02 5.9162701416e+02 5.9165600586e+02 5.9167797852e+02 5.9171600342e+02 5.9175097656e+02 5.9178900146e+02 5.9182598877e+02 5.9185998535e+02 5.9190997314e+02 5.9194299316e+02 5.9197998047e+02 5.9202301025e+02 5.9205499268e+02 5.9209100342e+02 5.9212200928e+02 5.9215600586e+02 5.9216802979e+02 5.9220898438e+02 5.9226000977e+02 5.9229797363e+02 5.9233599854e+02 5.9236798096e+02 5.9241198730e+02 5.9246002197e+02 5.9250500488e+02 5.9254199219e+02 5.9257299805e+02 5.9260302734e+02 5.9265197754e+02 5.9269201660e+02 5.9273400879e+02 5.9278497314e+02 5.9282098389e+02 5.9285998535e+02 5.9289801025e+02
5.9126300049e+02 5.9129199219e+02 5.9132501221e+02 5.9135900879e+02 5.9138702393e+02 5.9140802002e+02 5.9142602539e+02 5.9145599365e+02 5.9148699951e+02 5.9152398682e+02 5.9155798340e+02 5.9159802246e+02 5.9162597656e+02 5.9165600586e+02 5.9170001221e+02 5.9173901367e+02 5.9177398682e+02 5.9180999756e+02 5.9184698486e+02 5.9189599609e+02 5.9192700195e+02 5.9195800781e+02 5.9200701904e+02 5.9204302979e+02 5.9207800293e+02 5.9211297607e+02 5.9215002441e+02 5.9217498779e+02 5.9221398926e+02 5.9226300049e+02 5.9230603027e+02 5.9235101318e+02 5.9238397217e+02 5.9242199707e+02 5.9245501709e+02 5.9249597168e+02 5.9252899170e+02 5.9255902100e+02 5.9258197021e+02 5.9263000488e+02 5.9267498779e+02 5.9271997070e+02 5.9276397705e+02 5.9280401611e+02 5.9285198975e+02 5.9289898682e+02
5.9124200439e+02 5.9127197266e+02 5.9130297852e+02 5.9133898926e+02 5.9136401367e+02 5.9138397217e+02 5.9141400146e+02 5.9144201660e+02 5.9146997070e+02 5.9150897217e+02 5.9153698730e+02 5.9156799316e+02 5.9160198975e+02 5.9164300537e+02 5.9168499756e+02 5.9171502686e+02 5.9174700928e+02 5.9178497314e+02 5.9183599854e+02 5.9188201904e+02 5.9191198730e+02 5.9194396973e+02 5.9199102783e+02 5.9202899170e+02 5.9206402588e+02 5.9209899902e+02 5.9213800049e+02 5.9216998291e+02 5.9220501709e+02 5.9225000000e+02 5.9229602051e+02 5.9233300781e+02 5.9235302734e+02 5.9238500977e+02 5.9242199707e+02 5.9246398926e+02 5.9250201416e+02 5.9253601074e+02 5.9256597900e+02 5.9260797119e+02 5.9266101074e+02 5.9271801758e+02 5.9276000977e+02 5.9278802490e+02 5.9282897949e+02 5.9287902832e+02
5.9122198486e+02 5.9125097656e+02 5.9127398682e+02 5.9129498291e+02 5.9132098389e+02 5.9134698486e+02 5.9139300537e+02 5.9142102051e+02 5.9144897461e+02 5.9148999023e+02 5.9151599121e+02 5.9154400635e+02 5.9158300781e+02 5.9163201904e+02 5.9167602539e+02 5.9170501709e+02 5.9173901367e+02 5.9177899170e+02 5.9183001709e+02 5.9187298584e+02 5.9190698242e+02 5.9194396973e+02 5.9198101807e+02 5.9201501465e+02 5.9204998779e+02 5.9208502197e+02 5.9211901855e+02 5.9215100098e+02 5.9218701172e+02 5.9222900391e+02 5.9227600098e+02 5.9230499268e+02 5.9232800293e+02 5.9236798096e+02 5.9241302490e+02 5.9246398926e+02 5.9252099609e+02 5.9257098389e+02 5.9261199951e+02 5.9266601563e+02 5.9273797607e+02 5.9280798340e+02 5.9285699463e+02 5.9289501953e+02 5.9290100098e+02 5.9290002441e+02
5.9120501709e+02 5.9123101807e+02 5.9124700928e+02 5.9127301025e+02 5.9129901123e+02 5.9132397461e+02 5.9135302734e+02 5.9139300537e+02 5.9143298340e+02 5.9147802734e+02 5.9150097656e+02 5.9153497314e+02 5.9157098389e+02 5.9161499023e+02 5.9166101074e+02 5.9169201660e+02 5.9172998047e+02 5.9177099609e+02 5.9180401611e+02 5.9185302734e+02 5.9189202881e+02 5.9193298340e+02 5.9196997070e+02 5.9199798584e+02 5.9203002930e+02 5.9206500244e+02 5.9210198975e+02 5.9214300537e+02 5.9218597412e+02 5.9223297119e+02 5.9228100586e+02 5.9232800293e+02 5.9238098145e+02 5.9243902588e+02 5.9248297119e+02 5.9254302979e+02 5.9261297607e+02 5.9267297363e+02 5.9272998047e+02 5.9280499268e+02 5.9289099121e+02 5.9296301270e+02 5.9300500488e+02 5.9305297852e+02 5.9305798340e+02 5.9301599121e+02
5.9118701172e+02 5.9120898438e+02 5.9123400879e+02 5.9126000977e+02 5.9129602051e+02 5.9132800293e+02 5.9134301758e+02 5.9137701416e+02 5.9141900635e+02 5.9145800781e+02 5.9148498535e+02 5.9152697754e+02 5.9156201172e+02 5.9159600830e+02 5.9163598633e+02 5.9166198730e+02 5.9170098877e+02 5.9174902344e+02 5.9179400635e+02 5.9183697510e+02 5.9187500000e+02 5.9191802979e+02 5.9196600342e+02 5.9198602295e+02 5.9201702881e+02 5.9205798340e+02 5.9210998535e+02 5.9216400146e+02 5.9221997070e+02 5.9227697754e+02 5.9232897949e+02 5.9238598633e+02 5.9245599365e+02 5.9252301025e+02 5.9256597900e+02 5.9262701416e+02 5.9269702148e+02 5.9276000977e+02 5.9282598877e+02 5.9291400146e+02 5.9299798584e+02 5.9306701660e+02 5.9310601807e+02 5.9313702393e+02 5.9315002441e+02 5.9313800049e+02
5.9116900635e+02 5.9119396973e+02 5.9121997070e+02 5.9124499512e+02 5.9128601074e+02 5.9131799316e+02 5.9132897949e+02 5.9136999512e+02 5.9140802002e+02 5.9143597412e+02 5.9146301270e+02 5.9150701904e+02 5.9154602051e+02 5.9158398438e+02 5.9162597656e+02 5.9165502930e+02 5.9169000244e+02 5.9173199463e+02 5.9177600098e+02 5.9181500244e+02 5.9185302734e+02 5.9190899658e+02 5.9196600342e+02 5.9198901367e+02 5.9203302002e+02 5.9208697510e+02 5.9214697266e+02 5.9221301270e+02 5.9227398682e+02 5.9233599854e+02 5.9239801025e+02 5.9246801758e+02 5.9253601074e+02 5.9259600830e+02 5.9264501953e+02 5.9271697998e+02 5.9279400635e+02 5.9285797119e+02 5.9291900635e+02 5.9299597168e+02 5.9306701660e+02 5.9313098145e+02 5.9317602539e+02 5.9319598389e+02 5.9320800781e+02 5.9320599365e+02
5.9115997314e+02 5.9118597412e+02 5.9121002197e+02 5.9123400879e+02 5.9127197266e+02 5.9129797363e+02 5.9131097412e+02 5.9136499023e+02 5.9140100098e+02 5.9142401123e+02 5.9145697021e+02 5.9149902344e+02 5.9153497314e+02 5.9157202148e+02 5.9161499023e+02 5.9164501953e+02 5.9167102051e+02 5.9170300293e+02 5.9174102783e+02 5.9178002930e+02 5.9182598877e+02 5.9190600586e+02 5.9198901367e+02 5.9201898193e+02 5.9207202148e+02 5.9213201904e+02 5.9220001221e+02 5.9226702881e+02 5.9233300781e+02 5.9240002441e+02 5.9247302246e+02 5.9256201172e+02 5.9263098145e+02 5.9268902588e+02 5.9273901367e+02 5.9281402588e+02 5.9288598633e+02 5.9294299316e+02 5.9299902344e+02 5.9306201172e+02 5.9311401367e+02 5.9316802979e+02 5.9321801758e+02 5.9324102783e+02 5.9325201416e+02 5.9324200439e+02
5.9115197754e+02 5.9117401123e+02 5.9119897461e+02 5.9120898438e+02 5.9123797607e+02 5.9127502441e+02 5.9130603027e+02 5.9134997559e+02 5.9138800049e+02 5.9141601563e+02 5.9144897461e+02 5.9149700928e+02 5.9152197266e+02 5.9154699707e+02 5.9157897949e+02 5.9160198975e+02 5.9163000488e+02 5.9166699219e+02 5.9171600342e+02 5.9177600098e+02 5.9183197021e+02 5.9191998291e+02 5.9202197266e+02 5.9204998779e+02 5.9209497070e+02 5.9215100098e+02 5.9222802734e+02 5.9231701660e+02 5.9239599609e+02 5.9247497559e+02 5.9254699707e+02 5.9263299561e+02 5.9271301270e+02 5.9278399658e+02 5.9284600830e+02 5.9290100098e+02 5.9295599365e+02 5.9300402832e+02 5.9305999756e+02 5.9312500000e+02 5.9316802979e+02 5.9321099854e+02 5.9326300049e+02 5.9329797363e+02 5.9330102539e+02 5.9326800537e+02
5.9113397217e+02 5.9115899658e+02 5.9119097900e+02 5.9120098877e+02 5.9122601318e+02 5.9126397705e+02 5.9130499268e+02 5.9134802246e+02 5.9137402344e+02 5.9139801025e+02 5.9141900635e+02 5.9145300293e+02 5.9148297119e+02 5.9150701904e+02 5.9154400635e+02 5.9156701660e+02 5.9160400391e+02 5.9166198730e+02 5.9173602295e+02 5.9180798340e+02 5.9186901855e+02 5.9193200684e+02 5.9201599121e+02 5.9206799316e+02 5.9213598633e+02 5.9220800781e+02 5.9228100586e+02 5.9236999512e+02 5.9246398926e+02 5.9254998779e+02 5.9262799072e+02 5.9270898438e+02 5.9278198242e+02 5.9284802246e+02 5.9289099121e+02 5.9295202637e+02 5.9301397705e+02 5.9306402588e+02 5.9311602783e+02 5.9317199707e+02 5.9321002197e+02 5.9324597168e+02 5.9328302002e+02 5.9331896973e+02 5.9332501221e+02 5.9329797363e+02
5.9111901855e+02 5.9115002441e+02 5.9118402100e+02 5.9119598389e+02 5.9121899414e+02 5.9125097656e+02 5.9128497314e+02 5.9131597900e+02 5.9133099365e+02 5.9135400391e+02 5.9138702393e+02 5.9143200684e+02 5.9148498535e+02 5.9152398682e+02 5.9155999756e+02 5.9158001709e+02 5.9161602783e+02 5.9168701172e+02 5.9179602051e+02 5.9187701416e+02 5.9193298340e+02 5.9198297119e+02 5.9203900146e+02 5.9209399414e+02 5.9217102051e+02 5.9225299072e+02 5.9232702637e+02 5.9241900635e+02 5.9251898193e+02 5.9260998535e+02 5.9270300293e+02 5.9277801514e+02 5.9283697510e+02 5.9289099121e+02 5.9292901611e+02 5.9299401855e+02 5.9305102539e+02 5.9309698486e+02 5.9315002441e+02 5.9319897461e+02 5.9322802734e+02 5.9325701904e+02 5.9328900146e+02 5.9331799316e+02 5.9332702637e+02 5.9330902100e+02
5.9110797119e+02 5.9113702393e+02 5.9116198730e+02 5.9117297363e+02 5.9119097900e+02 5.9121801758e+02 5.9124499512e+02 5.9126501465e+02 5.9128198242e+02 5.9131500244e+02 5.9137298584e+02 5.9143902588e+02 5.9150701904e+02 5.9155700684e+02 5.9159399414e+02 5.9161401367e+02 5.9165002441e+02 5.9173297119e+02 5.9185998535e+02 5.9193798828e+02 5.9198699951e+02 5.9202697754e+02 5.9207000732e+02 5.9212597656e+02 5.9221502686e+02 5.9231799316e+02 5.9240100098e+02 5.9248797607e+02 5.9258001709e+02 5.9266400146e+02 5.9275799561e+02 5.9282202148e+02 5.9287298584e+02 5.9292901611e+02 5.9297302246e+02 5.9303601074e+02 5.9308099365e+02 5.9311798096e+02 5.9317102051e+02 5.9321899414e+02 5.9324700928e+02 5.9327197266e+02 5.9330102539e+02 5.9332501221e+02 5.9332800293e+02 5.9330297852e+02
