TESTSERVER/14/14.asc
NCOLS 100
NROWS 100
XLLCORNER 8.1997500000e+03
YLLCORNER 2.8925025000e+05
CELLSIZE 5.0000000000e-01
NODATA_VALUE -9.9990000000e+03
[rows 20 to 39 of 100, columns 0 to 45 of 100]
5.9109899902e+02 5.9111602783e+02 5.9112402344e+02 5.9112701416e+02 5.9114099121e+02 5.9117498779e+02 5.9121197510e+02 5.9123901367e+02 5.9127001953e+02 5.9131500244e+02 5.9138000488e+02 5.9144097900e+02 5.9149902344e+02 5.9154901123e+02 5.9160101318e+02 5.9165002441e+02 5.9170397949e+02 5.9178100586e+02 5.9187097168e+02 5.9194702148e+02 5.9199499512e+02 5.9204101563e+02 5.9208197021e+02 5.9215600586e+02 5.9228198242e+02 5.9242797852e+02 5.9252600098e+02 5.9259002686e+02 5.9265698242e+02 5.9271600342e+02 5.9278002930e+02 5.9283099365e+02 5.9288201904e+02 5.9295098877e+02 5.9301702881e+02 5.9306402588e+02 5.9310699463e+02 5.9314898682e+02 5.9319500732e+02 5.9323199463e+02 5.9326599121e+02 5.9329699707e+02 5.9332501221e+02 5.9333697510e+02 5.9333398438e+02 5.9330902100e+02
5.9105798340e+02 5.9107299805e+02 5.9109197998e+02 5.9109497070e+02 5.9112097168e+02 5.9115899658e+02 5.9119702148e+02 5.9123901367e+02 5.9127801514e+02 5.9132702637e+02 5.9138397217e+02 5.9143701172e+02 5.9149597168e+02 5.9156298828e+02 5.9162597656e+02 5.9168200684e+02 5.9174798584e+02 5.9181500244e+02 5.9189099121e+02 5.9194598389e+02 5.9199102783e+02 5.9204302979e+02 5.9210699463e+02 5.9217797852e+02 5.9231799316e+02 5.9249200439e+02 5.9260601807e+02 5.9266101074e+02 5.9269201660e+02 5.9271997070e+02 5.9277801514e+02 5.9283099365e+02 5.9287799072e+02 5.9294299316e+02 5.9300500488e+02 5.9306298828e+02 5.9312402344e+02 5.9317999268e+02 5.9322100830e+02 5.9324499512e+02 5.9328002930e+02 5.9331402588e+02 5.9333599854e+02 5.9334600830e+02 5.9334100342e+02 5.9332299805e+02
5.9101800537e+02 5.9103698730e+02 5.9107299805e+02 5.9108099365e+02 5.9110101318e+02 5.9112701416e+02 5.9116802979e+02 5.9122998047e+02 5.9128198242e+02 5.9134002686e+02 5.9139398193e+02 5.9144000244e+02 5.9149798584e+02 5.9156799316e+02 5.9163800049e+02 5.9170001221e+02 5.9176800537e+02 5.9183599854e+02 5.9190502930e+02 5.9195300293e+02 5.9200000000e+02 5.9205902100e+02 5.9213598633e+02 5.9221301270e+02 5.9234698486e+02 5.9251202393e+02 5.9262200928e+02 5.9267498779e+02 5.9269897461e+02 5.9271600342e+02 5.9277398682e+02 5.9283599854e+02 5.9289001465e+02 5.9295800781e+02 5.9302197266e+02 5.9308300781e+02 5.9315002441e+02 5.9320898438e+02 5.9323999023e+02 5.9325897217e+02 5.9329199219e+02 5.9332501221e+02 5.9334497070e+02 5.9335797119e+02 5.9335601807e+02 5.9334100342e+02
5.9098901367e+02 5.9101300049e+02 5.9104699707e+02 5.9105102539e+02 5.9105902100e+02 5.9108801270e+02 5.9114801025e+02 5.9122100830e+02 5.9128399658e+02 5.9135797119e+02 5.9141101074e+02 5.9144396973e+02 5.9149597168e+02 5.9156201172e+02 5.9163397217e+02 5.9170397949e+02 5.9177398682e+02 5.9184497070e+02 5.9191400146e+02 5.9196600342e+02 5.9201898193e+02 5.9208300781e+02 5.9216900635e+02 5.9225402832e+02 5.9235699463e+02 5.9247998047e+02 5.9258300781e+02 5.9265002441e+02 5.9268902588e+02 5.9271301270e+02 5.9277301025e+02 5.9284399414e+02 5.9291699219e+02 5.9300000000e+02 5.9306701660e+02 5.9311102295e+02 5.9316601563e+02 5.9321600342e+02 5.9324401855e+02 5.9326300049e+02 5.9329602051e+02 5.9333001709e+02 5.9335498047e+02 5.9337298584e+02 5.9337500000e+02 5.9336297607e+02
5.9096697998e+02 5.9099401855e+02 5.9101300049e+02 5.9101501465e+02 5.9102600098e+02 5.9107299805e+02 5.9114398193e+02 5.9121398926e+02 5.9127801514e+02 5.9135998535e+02 5.9140802002e+02 5.9144500732e+02 5.9149298096e+02 5.9154797363e+02 5.9161102295e+02 5.9169396973e+02 5.9176702881e+02 5.9184301758e+02 5.9191900635e+02 5.9198699951e+02 5.9204901123e+02 5.9211798096e+02 5.9220898438e+02 5.9228198242e+02 5.9236199951e+02 5.9244598389e+02 5.9253601074e+02 5.9261700439e+02 5.9266998291e+02 5.9270697021e+02 5.9276800537e+02 5.9286499023e+02 5.9295898438e+02 5.9304400635e+02 5.9309600830e+02 5.9312701416e+02 5.9316601563e+02 5.9320501709e+02 5.9321997070e+02 5.9325500488e+02 5.9329302979e+02 5.9333197021e+02 5.9336999512e+02 5.9338000488e+02 5.9338098145e+02 5.9336901855e+02
5.9094000244e+02 5.9095898438e+02 5.9097900391e+02 5.9097698975e+02 5.9100598145e+02 5.9106402588e+02 5.9113000488e+02 5.9120501709e+02 5.9126501465e+02 5.9133099365e+02 5.9138201904e+02 5.9143298340e+02 5.9148101807e+02 5.9153002930e+02 5.9159802246e+02 5.9167901611e+02 5.9175598145e+02 5.9183697510e+02 5.9192498779e+02 5.9200201416e+02 5.9206799316e+02 5.9213702393e+02 5.9222198486e+02 5.9229400635e+02 5.9237097168e+02 5.9244702148e+02 5.9251000977e+02 5.9258697510e+02 5.9266101074e+02 5.9271997070e+02 5.9279797363e+02 5.9290899658e+02 5.9300598145e+02 5.9306701660e+02 5.9309002686e+02 5.9311901855e+02 5.9315600586e+02 5.9319201660e+02 5.9322302246e+02 5.9326300049e+02 5.9330102539e+02 5.9333898926e+02 5.9336901855e+02 5.9338000488e+02 5.9337597656e+02 5.9335900879e+02
5.9090997314e+02 5.9092602539e+02 5.9094897461e+02 5.9096197510e+02 5.9099902344e+02 5.9104602051e+02 5.9110998535e+02 5.9119897461e+02 5.9126098633e+02 5.9131896973e+02 5.9137200928e+02 5.9142498779e+02 5.9147399902e+02 5.9152398682e+02 5.9159301758e+02 5.9167602539e+02 5.9175500488e+02 5.9184002686e+02 5.9193298340e+02 5.9201300049e+02 5.9208099365e+02 5.9215002441e+02 5.9222900391e+02 5.9229199219e+02 5.9235998535e+02 5.9243103027e+02 5.9249700928e+02 5.9257299805e+02 5.9265899658e+02 5.9272698975e+02 5.9280499268e+02 5.9291998291e+02 5.9302600098e+02 5.9308697510e+02 5.9309698486e+02 5.9312200928e+02 5.9315197754e+02 5.9318798828e+02 5.9322998047e+02 5.9327001953e+02 5.9330700684e+02 5.9334100342e+02 5.9336602783e+02 5.9337298584e+02 5.9336700439e+02 5.9335302734e+02
5.9088397217e+02 5.9089501953e+02 5.9092102051e+02 5.9094598389e+02 5.9099298096e+02 5.9103698730e+02 5.9109600830e+02 5.9118200684e+02 5.9124597168e+02 5.9130700684e+02 5.9136999512e+02 5.9142901611e+02 5.9148101807e+02 5.9153399658e+02 5.9160101318e+02 5.9167901611e+02 5.9176098633e+02 5.9184997559e+02 5.9194799805e+02 5.9202697754e+02 5.9209497070e+02 5.9216497803e+02 5.9224597168e+02 5.9231201172e+02 5.9237097168e+02 5.9243499756e+02 5.9251702881e+02 5.9260601807e+02 5.9268499756e+02 5.9274298096e+02 5.9280401611e+02 5.9290698242e+02 5.9302099609e+02 5.9309497070e+02 5.9311199951e+02 5.9313500977e+02 5.9316198730e+02 5.9319299316e+02 5.9323400879e+02 5.9327398682e+02 5.9331298828e+02 5.9334802246e+02 5.9336798096e+02 5.9336700439e+02 5.9336102295e+02 5.9334997559e+02
5.9086297607e+02 5.9087701416e+02 5.9090802002e+02 5.9094299316e+02 5.9098498535e+02 5.9102099609e+02 5.9107098389e+02 5.9115197754e+02 5.9123602295e+02 5.9131597900e+02 5.9138201904e+02 5.9144799805e+02 5.9150402832e+02 5.9155902100e+02 5.9162402344e+02 5.9169299316e+02 5.9177697754e+02 5.9187200928e+02 5.9198199463e+02 5.9205401611e+02 5.9211798096e+02 5.9218597412e+02 5.9227600098e+02 5.9237298584e+02 5.9242199707e+02 5.9246899414e+02 5.9256597900e+02 5.9265600586e+02 5.9272302246e+02 5.9277197266e+02 5.9281298828e+02 5.9289801025e+02 5.9300500488e+02 5.9308300781e+02 5.9311199951e+02 5.9314202881e+02 5.9316302490e+02 5.9318200684e+02 5.9321301270e+02 5.9327099609e+02 5.9332098389e+02 5.9336297607e+02 5.9338201904e+02 5.9336999512e+02 5.9335998535e+02 5.9334802246e+02
5.9086401367e+02 5.9088800049e+02 5.9091302490e+02 5.9094201660e+02 5.9097601318e+02 5.9101202393e+02 5.9105700684e+02 5.9113397217e+02 5.9122998047e+02 5.9130499268e+02 5.9137200928e+02 5.9145098877e+02 5.9152099609e+02 5.9158300781e+02 5.9164398193e+02 5.9171099854e+02 5.9179101563e+02 5.9188598633e+02 5.9198699951e+02 5.9206500244e+02 5.9212701416e+02 5.9219500732e+02 5.9229797363e+02 5.9240802002e+02 5.9245300293e+02 5.9249499512e+02 5.9257897949e+02 5.9266101074e+02 5.9271099854e+02 5.9275701904e+02 5.9281402588e+02 5.9288500977e+02 5.9297399902e+02 5.9304400635e+02 5.9307800293e+02 5.9310900879e+02 5.9311999512e+02 5.9314300537e+02 5.9321002197e+02 5.9327502441e+02 5.9332702637e+02 5.9336297607e+02 5.9336700439e+02 5.9337200928e+02 5.9337500000e+02 5.9335797119e+02
5.9085601807e+02 5.9089001465e+02 5.9090399170e+02 5.9092401123e+02 5.9096997070e+02 5.9102099609e+02 5.9106500244e+02 5.9112597656e+02 5.9121197510e+02 5.9128399658e+02 5.9135998535e+02 5.9144598389e+02 5.9153002930e+02 5.9160498047e+02 5.9166198730e+02 5.9172198486e+02 5.9179901123e+02 5.9188897705e+02 5.9198400879e+02 5.9206402588e+02 5.9213500977e+02 5.9220800781e+02 5.9230499268e+02 5.9240002441e+02 5.9244702148e+02 5.9249597168e+02 5.9257397461e+02 5.9265600586e+02 5.9271099854e+02 5.9275799561e+02 5.9281701660e+02 5.9287402344e+02 5.9293902588e+02 5.9299700928e+02 5.9303997803e+02 5.9308801270e+02 5.9311798096e+02 5.9315899658e+02 5.9323602295e+02 5.9329199219e+02 5.9332202148e+02 5.9333599854e+02 5.9334002686e+02 5.9336602783e+02 5.9338201904e+02 5.9336999512e+02
5.9083398438e+02 5.9088098145e+02 5.9089300537e+02 5.9091802979e+02 5.9097497559e+02 5.9103399658e+02 5.9107501221e+02 5.9111602783e+02 5.9119000244e+02 5.9126800537e+02 5.9135998535e+02 5.9144897461e+02 5.9153802490e+02 5.9161798096e+02 5.9167199707e+02 5.9172998047e+02 5.9180401611e+02 5.9189099121e+02 5.9197698975e+02 5.9205999756e+02 5.9213800049e+02 5.9221697998e+02 5.9230603027e+02 5.9238201904e+02 5.9244201660e+02 5.9250598145e+02 5.9257897949e+02 5.9266998291e+02 5.9273199463e+02 5.9276898193e+02 5.9280200195e+02 5.9284600830e+02 5.9289398193e+02 5.9294598389e+02 5.9300000000e+02 5.9307299805e+02 5.9313397217e+02 5.9319201660e+02 5.9325897217e+02 5.9330200195e+02 5.9331298828e+02 5.9330902100e+02 5.9331201172e+02 5.9334301758e+02 5.9336700439e+02 5.9336999512e+02
5.9080902100e+02 5.9085797119e+02 5.9088000488e+02 5.9091900635e+02 5.9097698975e+02 5.9103100586e+02 5.9108599854e+02 5.9113702393e+02 5.9120202637e+02 5.9127899170e+02 5.9137200928e+02 5.9146099854e+02 5.9154400635e+02 5.9161798096e+02 5.9166699219e+02 5.9173797607e+02 5.9181701660e+02 5.9189501953e+02 5.9196997070e+02 5.9205798340e+02 5.9214398193e+02 5.9222601318e+02 5.9230999756e+02 5.9238500977e+02 5.9246600342e+02 5.9255102539e+02 5.9264001465e+02 5.9271502686e+02 5.9276501465e+02 5.9278100586e+02 5.9276501465e+02 5.9277801514e+02 5.9283001709e+02 5.9289099121e+02 5.9295098877e+02 5.9303698730e+02 5.9312402344e+02 5.9319097900e+02 5.9324401855e+02 5.9329498291e+02 5.9330297852e+02 5.9329400635e+02 5.9329901123e+02 5.9331097412e+02 5.9332897949e+02 5.9333898926e+02
5.9078601074e+02 5.9084002686e+02 5.9087902832e+02 5.9092199707e+02 5.9098999023e+02 5.9103002930e+02 5.9107702637e+02 5.9113500977e+02 5.9121301270e+02 5.9129797363e+02 5.9139099121e+02 5.9147198486e+02 5.9154998779e+02 5.9163098145e+02 5.9169702148e+02 5.9175897217e+02 5.9183898926e+02 5.9191601563e+02 5.9199298096e+02 5.9207299805e+02 5.9215502930e+02 5.9222998047e+02 5.9229998779e+02 5.9238500977e+02 5.9248498535e+02 5.9258001709e+02 5.9266601563e+02 5.9274700928e+02 5.9279199219e+02 5.9279797363e+02 5.9277899170e+02 5.9278302002e+02 5.9282098389e+02 5.9288299561e+02 5.9294097900e+02 5.9302099609e+02 5.9312402344e+02 5.9321002197e+02 5.9326397705e+02 5.9329400635e+02 5.9329101563e+02 5.9328399658e+02 5.9329498291e+02 5.9329901123e+02 5.9330401611e+02 5.9330499268e+02
5.9077197266e+02 5.9083300781e+02 5.9088299561e+02 5.9096301270e+02 5.9105700684e+02 5.9107598877e+02 5.9109002686e+02 5.9115002441e+02 5.9122698975e+02 5.9130297852e+02 5.9139099121e+02 5.9147998047e+02 5.9156597900e+02 5.9165997314e+02 5.9174401855e+02 5.9179998779e+02 5.9187597656e+02 5.9195098877e+02 5.9201898193e+02 5.9208898926e+02 5.9216302490e+02 5.9223498535e+02 5.9230297852e+02 5.9240100098e+02 5.9251098633e+02 5.9259698486e+02 5.9265502930e+02 5.9274200439e+02 5.9280102539e+02 5.9281298828e+02 5.9279101563e+02 5.9278802490e+02 5.9282299805e+02 5.9288800049e+02 5.9294396973e+02 5.9301000977e+02 5.9311297607e+02 5.9320800781e+02 5.9326501465e+02 5.9328997803e+02 5.9328997803e+02 5.9328399658e+02 5.9328900146e+02 5.9328198242e+02 5.9329199219e+02 5.9330603027e+02
5.9076000977e+02 5.9082299805e+02 5.9088098145e+02 5.9097100830e+02 5.9106402588e+02 5.9108300781e+02 5.9110302734e+02 5.9117401123e+02 5.9124401855e+02 5.9130700684e+02 5.9138500977e+02 5.9147198486e+02 5.9156500244e+02 5.9166400146e+02 5.9175299072e+02 5.9182897949e+02 5.9192401123e+02 5.9200299072e+02 5.9205401611e+02 5.9210998535e+02 5.9218103027e+02 5.9225402832e+02 5.9232897949e+02 5.9244299316e+02 5.9256097412e+02 5.9263299561e+02 5.9265002441e+02 5.9272399902e+02 5.9278497314e+02 5.9279901123e+02 5.9277600098e+02 5.9277801514e+02 5.9282098389e+02 5.9289099121e+02 5.9294799805e+02 5.9299597168e+02 5.9308697510e+02 5.9318103027e+02 5.9324597168e+02 5.9328802490e+02 5.9330102539e+02 5.9329699707e+02 5.9328900146e+02 5.9327801514e+02 5.9329699707e+02 5.9333001709e+02
5.9075500488e+02 5.9081298828e+02 5.9086499023e+02 5.9093701172e+02 5.9101000977e+02 5.9105902100e+02 5.9111401367e+02 5.9118103027e+02 5.9124597168e+02 5.9130902100e+02 5.9138702393e+02 5.9146801758e+02 5.9156298828e+02 5.9165997314e+02 5.9175000000e+02 5.9184100342e+02 5.9194598389e+02 5.9202899170e+02 5.9209698486e+02 5.9215301514e+02 5.9221801758e+02 5.9228997803e+02 5.9236102295e+02 5.9248297119e+02 5.9260699463e+02 5.9268200684e+02 5.9269702148e+02 5.9272601318e+02 5.9275299072e+02 5.9275402832e+02 5.9275500488e+02 5.9277301025e+02 5.9281298828e+02 5.9288299561e+02 5.9296099854e+02 5.9299401855e+02 5.9307000732e+02 5.9315698242e+02 5.9322399902e+02 5.9329101563e+02 5.9331799316e+02 5.9331597900e+02 5.9331597900e+02 5.9330499268e+02 5.9331896973e+02 5.9335601807e+02
5.9073602295e+02 5.9080401611e+02 5.9086102295e+02 5.9091601563e+02 5.9098699951e+02 5.9105401611e+02 5.9111700439e+02 5.9119000244e+02 5.9125701904e+02 5.9131597900e+02 5.9139001465e+02 5.9147497559e+02 5.9156799316e+02 5.9166400146e+02 5.9175500488e+02 5.9185198975e+02 5.9195501709e+02 5.9204199219e+02 5.9211901855e+02 5.9218298340e+02 5.9224902344e+02 5.9232202148e+02 5.9241400146e+02 5.9254101563e+02 5.9265802002e+02 5.9272601318e+02 5.9275097656e+02 5.9277697754e+02 5.9275402832e+02 5.9273901367e+02 5.9277301025e+02 5.9281402588e+02 5.9283801270e+02 5.9288299561e+02 5.9294702148e+02 5.9299902344e+02 5.9307000732e+02 5.9314599609e+02 5.9322198486e+02 5.9329400635e+02 5.9333197021e+02 5.9335198975e+02 5.9337597656e+02 5.9337799072e+02 5.9337701416e+02 5.9339501953e+02
5.9070599365e+02 5.9077398682e+02 5.9084002686e+02 5.9089202881e+02 5.9095898438e+02 5.9103100586e+02 5.9110699463e+02 5.9118298340e+02 5.9126202393e+02 5.9133300781e+02 5.9141198730e+02 5.9149902344e+02 5.9159002686e+02 5.9168499756e+02 5.9177502441e+02 5.9186297607e+02 5.9195599365e+02 5.9203698730e+02 5.9212200928e+02 5.9220001221e+02 5.9227801514e+02 5.9236102295e+02 5.9246899414e+02 5.9260302734e+02 5.9269598389e+02 5.9273699951e+02 5.9274401855e+02 5.9276202393e+02 5.9274200439e+02 5.9274798584e+02 5.9281896973e+02 5.9288201904e+02 5.9289697266e+02 5.9290899658e+02 5.9294799805e+02 5.9301098633e+02 5.9307299805e+02 5.9313702393e+02 5.9322601318e+02 5.9329797363e+02 5.9334899902e+02 5.9339599609e+02 5.9345300293e+02 5.9347601318e+02 5.9346502686e+02 5.9345098877e+02
5.9066998291e+02 5.9072601318e+02 5.9080297852e+02 5.9086199951e+02 5.9093402100e+02 5.9101599121e+02 5.9110302734e+02 5.9118200684e+02 5.9127099609e+02 5.9135797119e+02 5.9144396973e+02 5.9153601074e+02 5.9162298584e+02 5.9171600342e+02 5.9180401611e+02 5.9187500000e+02 5.9194799805e+02 5.9201800537e+02 5.9211700439e+02 5.9221899414e+02 5.9230798340e+02 5.9239398193e+02 5.9250598145e+02 5.9263299561e+02 5.9269500732e+02 5.9270098877e+02 5.9268298340e+02 5.9271301270e+02 5.9272698975e+02 5.9277197266e+02 5.9287200928e+02 5.9293597412e+02 5.9293103027e+02 5.9291497803e+02 5.9294897461e+02 5.9302398682e+02 5.9308398438e+02 5.9314398193e+02 5.9322900391e+02 5.9329199219e+02 5.9335601807e+02 5.9342999268e+02 5.9351898193e+02 5.9356500244e+02 5.9354998779e+02 5.9350299072e+02
