TESTSERVER/14/15.asc
NCOLS 100
NROWS 100
XLLCORNER 8.1997500000e+03
YLLCORNER 2.8920025000e+05
CELLSIZE 5.0000000000e-01
NODATA_VALUE -9.9990000000e+03
[rows 0 to 19 of 100, columns 0 to 45 of 100]
5.8737902832e+02 5.8741802979e+02 5.8744598389e+02 5.8749700928e+02 5.8755700684e+02 5.8760900879e+02 5.8764202881e+02 5.8768597412e+02 5.8772698975e+02 5.8775402832e+02 5.8779498291e+02 5.8784100342e+02 5.8786499023e+02 5.8790600586e+02 5.8796099854e+02 5.8801702881e+02 5.8807598877e+02 5.8813201904e+02 5.8817700195e+02 5.8823797607e+02 5.8829998779e+02 5.8836499023e+02 5.8843597412e+02 5.8849298096e+02 5.8855200195e+02 5.8859997559e+02 5.8861499023e+02 5.8867700195e+02 5.8873297119e+02 5.8879797363e+02 5.8889697266e+02 5.8903997803e+02 5.8922198486e+02 5.8938702393e+02 5.8952398682e+02 5.8970800781e+02 5.8980603027e+02 5.8983801270e+02 5.8985400391e+02 5.8987597656e+02 5.8990197754e+02 5.8991601563e+02 5.8991802979e+02 5.8992901611e+02 5.8994201660e+02 5.8995202637e+02
5.8730499268e+02 5.8734497070e+02 5.8738800049e+02 5.8742901611e+02 5.8747698975e+02 5.8752801514e+02 5.8756799316e+02 5.8762097168e+02 5.8766802979e+02 5.8768902588e+02 5.8770697021e+02 5.8774798584e+02 5.8779400635e+02 5.8784002686e+02 5.8788702393e+02 5.8794000244e+02 5.8800097656e+02 5.8806298828e+02 5.8811199951e+02 5.8816699219e+02 5.8822698975e+02 5.8828497314e+02 5.8834399414e+02 5.8839099121e+02 5.8846301270e+02 5.8852001953e+02 5.8854998779e+02 5.8860400391e+02 5.8864300537e+02 5.8868902588e+02 5.8875598145e+02 5.8885900879e+02 5.8900402832e+02 5.8915600586e+02 5.8931799316e+02 5.8951800537e+02 5.8967797852e+02 5.8976800537e+02 5.8980603027e+02 5.8982598877e+02 5.8985498047e+02 5.8988000488e+02 5.8989801025e+02 5.8992401123e+02 5.8992700195e+02 5.8991802979e+02
5.8726898193e+02 5.8728900146e+02 5.8733001709e+02 5.8737298584e+02 5.8740997314e+02 5.8745501709e+02 5.8749597168e+02 5.8753802490e+02 5.8759301758e+02 5.8762597656e+02 5.8763098145e+02 5.8767297363e+02 5.8772698975e+02 5.8777600098e+02 5.8782202148e+02 5.8787597656e+02 5.8793499756e+02 5.8799499512e+02 5.8804602051e+02 5.8809698486e+02 5.8815100098e+02 5.8820001221e+02 5.8824798584e+02 5.8830401611e+02 5.8838000488e+02 5.8843798828e+02 5.8846398926e+02 5.8850402832e+02 5.8853601074e+02 5.8857000732e+02 5.8862799072e+02 5.8871600342e+02 5.8883197021e+02 5.8896899414e+02 5.8912200928e+02 5.8930603027e+02 5.8951202393e+02 5.8966802979e+02 5.8974200439e+02 5.8978302002e+02 5.8981298828e+02 5.8984197998e+02 5.8987097168e+02 5.8990899658e+02 5.8992102051e+02 5.8991198730e+02
5.8723199463e+02 5.8724798584e+02 5.8728002930e+02 5.8731799316e+02 5.8734600830e+02 5.8738702393e+02 5.8743402100e+02 5.8746997070e+02 5.8752001953e+02 5.8755603027e+02 5.8757000732e+02 5.8761297607e+02 5.8766497803e+02 5.8771600342e+02 5.8776702881e+02 5.8781500244e+02 5.8786602783e+02 5.8791802979e+02 5.8797198486e+02 5.8802502441e+02 5.8807397461e+02 5.8811401367e+02 5.8815802002e+02 5.8821301270e+02 5.8827899170e+02 5.8833398438e+02 5.8837097168e+02 5.8840802002e+02 5.8844299316e+02 5.8847998047e+02 5.8852099609e+02 5.8859002686e+02 5.8868701172e+02 5.8880798340e+02 5.8892602539e+02 5.8908300781e+02 5.8929199219e+02 5.8946997070e+02 5.8957800293e+02 5.8967297363e+02 5.8972100830e+02 5.8976202393e+02 5.8980700684e+02 5.8985498047e+02 5.8989001465e+02 5.8990100098e+02
5.8716900635e+02 5.8721301270e+02 5.8725799561e+02 5.8726202393e+02 5.8728698730e+02 5.8733001709e+02 5.8737902832e+02 5.8741400146e+02 5.8744097900e+02 5.8746997070e+02 5.8750500488e+02 5.8755297852e+02 5.8759600830e+02 5.8765100098e+02 5.8771002197e+02 5.8775299072e+02 5.8779199219e+02 5.8783502197e+02 5.8788897705e+02 5.8794000244e+02 5.8798602295e+02 5.8802600098e+02 5.8807897949e+02 5.8813098145e+02 5.8817102051e+02 5.8821502686e+02 5.8827099609e+02 5.8831097412e+02 5.8835900879e+02 5.8841198730e+02 5.8844598389e+02 5.8848797607e+02 5.8857202148e+02 5.8867297363e+02 5.8874499512e+02 5.8887597656e+02 5.8904901123e+02 5.8919299316e+02 5.8928399658e+02 5.8943103027e+02 5.8951898193e+02 5.8959997559e+02 5.8969799805e+02 5.8976397705e+02 5.8980999756e+02 5.8984301758e+02
5.8709301758e+02 5.8714001465e+02 5.8719500732e+02 5.8721801758e+02 5.8724700928e+02 5.8727697754e+02 5.8732202148e+02 5.8736602783e+02 5.8739300537e+02 5.8741101074e+02 5.8743701172e+02 5.8748699951e+02 5.8752801514e+02 5.8758197021e+02 5.8762701416e+02 5.8767498779e+02 5.8772802734e+02 5.8777600098e+02 5.8781799316e+02 5.8785302734e+02 5.8789001465e+02 5.8792700195e+02 5.8798699951e+02 5.8804901123e+02 5.8809100342e+02 5.8813299561e+02 5.8817901611e+02 5.8822998047e+02 5.8827801514e+02 5.8832501221e+02 5.8836999512e+02 5.8841998291e+02 5.8848199463e+02 5.8854302979e+02 5.8859600830e+02 5.8871502686e+02 5.8886199951e+02 5.8899597168e+02 5.8909600830e+02 5.8920898438e+02 5.8929101563e+02 5.8939001465e+02 5.8952600098e+02 5.8964202881e+02 5.8971600342e+02 5.8977502441e+02
5.8704998779e+02 5.8707098389e+02 5.8711901855e+02 5.8715600586e+02 5.8719799805e+02 5.8722998047e+02 5.8726501465e+02 5.8730999756e+02 5.8734497070e+02 5.8736798096e+02 5.8738800049e+02 5.8744000244e+02 5.8748297119e+02 5.8752197266e+02 5.8754602051e+02 5.8758697510e+02 5.8764599609e+02 5.8770098877e+02 5.8774200439e+02 5.8777600098e+02 5.8781701660e+02 5.8785900879e+02 5.8790899658e+02 5.8795300293e+02 5.8800299072e+02 5.8805798340e+02 5.8809497070e+02 5.8814501953e+02 5.8819000244e+02 5.8823101807e+02 5.8828497314e+02 5.8834197998e+02 5.8838897705e+02 5.8843902588e+02 5.8849798584e+02 5.8858099365e+02 5.8869201660e+02 5.8881402588e+02 5.8891900635e+02 5.8900897217e+02 5.8908502197e+02 5.8919396973e+02 5.8933300781e+02 5.8945599365e+02 5.8955700684e+02 5.8965698242e+02
5.8702099609e+02 5.8704199219e+02 5.8705102539e+02 5.8708099365e+02 5.8713897705e+02 5.8718402100e+02 5.8720898438e+02 5.8724102783e+02 5.8727301025e+02 5.8730499268e+02 5.8733697510e+02 5.8738201904e+02 5.8742700195e+02 5.8746002197e+02 5.8748199463e+02 5.8751202393e+02 5.8756701660e+02 5.8762500000e+02 5.8766601563e+02 5.8770397949e+02 5.8774700928e+02 5.8779498291e+02 5.8784301758e+02 5.8787500000e+02 5.8791699219e+02 5.8797198486e+02 5.8801098633e+02 5.8805102539e+02 5.8809399414e+02 5.8813702393e+02 5.8819396973e+02 5.8825598145e+02 5.8830401611e+02 5.8835797119e+02 5.8842102051e+02 5.8847100830e+02 5.8854400635e+02 5.8863299561e+02 5.8872100830e+02 5.8881097412e+02 5.8890899658e+02 5.8903399658e+02 5.8915600586e+02 5.8925402832e+02 5.8935699463e+02 5.8947497559e+02
5.8696997070e+02 5.8700097656e+02 5.8699798584e+02 5.8702197266e+02 5.8707501221e+02 5.8711999512e+02 5.8714398193e+02 5.8717199707e+02 5.8720300293e+02 5.8723699951e+02 5.8728100586e+02 5.8731097412e+02 5.8735101318e+02 5.8738897705e+02 5.8742498779e+02 5.8746697998e+02 5.8751898193e+02 5.8757000732e+02 5.8759399414e+02 5.8763397217e+02 5.8766900635e+02 5.8771398926e+02 5.8777697754e+02 5.8781896973e+02 5.8784997559e+02 5.8789202881e+02 5.8793701172e+02 5.8796801758e+02 5.8800402832e+02 5.8804400635e+02 5.8808599854e+02 5.8815502930e+02 5.8821899414e+02 5.8827398682e+02 5.8831597900e+02 5.8837902832e+02 5.8843798828e+02 5.8849499512e+02 5.8855102539e+02 5.8865002441e+02 5.8876397705e+02 5.8888598633e+02 5.8897802734e+02 5.8907501221e+02 5.8916699219e+02 5.8926397705e+02
5.8689099121e+02 5.8692199707e+02 5.8695300293e+02 5.8698999023e+02 5.8702502441e+02 5.8705499268e+02 5.8708001709e+02 5.8711700439e+02 5.8715002441e+02 5.8717199707e+02 5.8719799805e+02 5.8723297119e+02 5.8728302002e+02 5.8732800293e+02 5.8736901855e+02 5.8740698242e+02 5.8745898438e+02 5.8751397705e+02 5.8753497314e+02 5.8757702637e+02 5.8760998535e+02 5.8765002441e+02 5.8769897461e+02 5.8774798584e+02 5.8779199219e+02 5.8783300781e+02 5.8787298584e+02 5.8790197754e+02 5.8793298340e+02 5.8796997070e+02 5.8801098633e+02 5.8805999756e+02 5.8812200928e+02 5.8817498779e+02 5.8821997070e+02 5.8827801514e+02 5.8834002686e+02 5.8840002441e+02 5.8845397949e+02 5.8853100586e+02 5.8861999512e+02 5.8871801758e+02 5.8881201172e+02 5.8890802002e+02 5.8899499512e+02 5.8908599854e+02
5.8683001709e+02 5.8685699463e+02 5.8689202881e+02 5.8693103027e+02 5.8696099854e+02 5.8699102783e+02 5.8701702881e+02 5.8704998779e+02 5.8708599854e+02 5.8711901855e+02 5.8713897705e+02 5.8716601563e+02 5.8721697998e+02 5.8726501465e+02 5.8730700684e+02 5.8733599854e+02 5.8738201904e+02 5.8743902588e+02 5.8747198486e+02 5.8751501465e+02 5.8754998779e+02 5.8758801270e+02 5.8762402344e+02 5.8767297363e+02 5.8771899414e+02 5.8775799561e+02 5.8779602051e+02 5.8783197021e+02 5.8786602783e+02 5.8790197754e+02 5.8794097900e+02 5.8798101807e+02 5.8803698730e+02 5.8809197998e+02 5.8813598633e+02 5.8817999268e+02 5.8823797607e+02 5.8830401611e+02 5.8836901855e+02 5.8843798828e+02 5.8851300049e+02 5.8859399414e+02 5.8867401123e+02 5.8875402832e+02 5.8882897949e+02 5.8890698242e+02
5.8678698730e+02 5.8680902100e+02 5.8683001709e+02 5.8686602783e+02 5.8689300537e+02 5.8692401123e+02 5.8695397949e+02 5.8697497559e+02 5.8700897217e+02 5.8705401611e+02 5.8708898926e+02 5.8710797119e+02 5.8714898682e+02 5.8719299316e+02 5.8723797607e+02 5.8727301025e+02 5.8732202148e+02 5.8737597656e+02 5.8740600586e+02 5.8744598389e+02 5.8748699951e+02 5.8752801514e+02 5.8756097412e+02 5.8760101318e+02 5.8764001465e+02 5.8767401123e+02 5.8770898438e+02 5.8775201416e+02 5.8779901123e+02 5.8783697510e+02 5.8786401367e+02 5.8790600586e+02 5.8796398926e+02 5.8801898193e+02 5.8806701660e+02 5.8809899902e+02 5.8814501953e+02 5.8820599365e+02 5.8827301025e+02 5.8834100342e+02 5.8841198730e+02 5.8848999023e+02 5.8856097412e+02 5.8862799072e+02 5.8869201660e+02 5.8875201416e+02
5.8673199463e+02 5.8675701904e+02 5.8678198242e+02 5.8681201172e+02 5.8683300781e+02 5.8686102295e+02 5.8690197754e+02 5.8692602539e+02 5.8695599365e+02 5.8698797607e+02 5.8701898193e+02 5.8706402588e+02 5.8709399414e+02 5.8712701416e+02 5.8717102051e+02 5.8721002197e+02 5.8726000977e+02 5.8730902100e+02 5.8734197998e+02 5.8737701416e+02 5.8742102051e+02 5.8746301270e+02 5.8749499512e+02 5.8753497314e+02 5.8756597900e+02 5.8759600830e+02 5.8761901855e+02 5.8766497803e+02 5.8772399902e+02 5.8777099609e+02 5.8779901123e+02 5.8785699463e+02 5.8790997314e+02 5.8794897461e+02 5.8798999023e+02 5.8803002930e+02 5.8807397461e+02 5.8812402344e+02 5.8817700195e+02 5.8823101807e+02 5.8829901123e+02 5.8838201904e+02 5.8845501709e+02 5.8852099609e+02 5.8858599854e+02 5.8863800049e+02
5.8666802979e+02 5.8669396973e+02 5.8672497559e+02 5.8676898193e+02 5.8678698730e+02 5.8681402588e+02 5.8685302734e+02 5.8687902832e+02 5.8691998291e+02 5.8694598389e+02 5.8696801758e+02 5.8700598145e+02 5.8703997803e+02 5.8707501221e+02 5.8711401367e+02 5.8714898682e+02 5.8719500732e+02 5.8724102783e+02 5.8728002930e+02 5.8732299805e+02 5.8736102295e+02 5.8739898682e+02 5.8743597412e+02 5.8746099854e+02 5.8749200439e+02 5.8753002930e+02 5.8754998779e+02 5.8759002686e+02 5.8763598633e+02 5.8767999268e+02 5.8771801758e+02 5.8777801514e+02 5.8783197021e+02 5.8787200928e+02 5.8791497803e+02 5.8796697998e+02 5.8802697754e+02 5.8807702637e+02 5.8811602783e+02 5.8815502930e+02 5.8821301270e+02 5.8828601074e+02 5.8834802246e+02 5.8841497803e+02 5.8848901367e+02 5.8853997803e+02
5.8662298584e+02 5.8664099121e+02 5.8665997314e+02 5.8670599365e+02 5.8672900391e+02 5.8676202393e+02 5.8679797363e+02 5.8682397461e+02 5.8686401367e+02 5.8689202881e+02 5.8690802002e+02 5.8693902588e+02 5.8697698975e+02 5.8701202393e+02 5.8704699707e+02 5.8708898926e+02 5.8714099121e+02 5.8718701172e+02 5.8721099854e+02 5.8724499512e+02 5.8728399658e+02 5.8732397461e+02 5.8736700439e+02 5.8739202881e+02 5.8742199707e+02 5.8746099854e+02 5.8749298096e+02 5.8753802490e+02 5.8757598877e+02 5.8760797119e+02 5.8764099121e+02 5.8769000244e+02 5.8774401855e+02 5.8778900146e+02 5.8784197998e+02 5.8790502930e+02 5.8797100830e+02 5.8802301025e+02 5.8806097412e+02 5.8809301758e+02 5.8814300537e+02 5.8820599365e+02 5.8825897217e+02 5.8832397461e+02 5.8839099121e+02 5.8844097900e+02
5.8657800293e+02 5.8660198975e+02 5.8661401367e+02 5.8664300537e+02 5.8666699219e+02 5.8669799805e+02 5.8672802734e+02 5.8675598145e+02 5.8679901123e+02 5.8682897949e+02 5.8684600830e+02 5.8687597656e+02 5.8691400146e+02 5.8694799805e+02 5.8697601318e+02 5.8701898193e+02 5.8707299805e+02 5.8712097168e+02 5.8714202881e+02 5.8717102051e+02 5.8720697021e+02 5.8724102783e+02 5.8728302002e+02 5.8732299805e+02 5.8734997559e+02 5.8738201904e+02 5.8743103027e+02 5.8748101807e+02 5.8751202393e+02 5.8754101563e+02 5.8757598877e+02 5.8761999512e+02 5.8767401123e+02 5.8772302246e+02 5.8777600098e+02 5.8784301758e+02 5.8791101074e+02 5.8796502686e+02 5.8799499512e+02 5.8802398682e+02 5.8806799316e+02 5.8812200928e+02 5.8817401123e+02 5.8823699951e+02 5.8829602051e+02 5.8834698486e+02
5.8651098633e+02 5.8653601074e+02 5.8657202148e+02 5.8659698486e+02 5.8661401367e+02 5.8664501953e+02 5.8667498779e+02 5.8669396973e+02 5.8673901367e+02 5.8677502441e+02 5.8679199219e+02 5.8681701660e+02 5.8684802246e+02 5.8688000488e+02 5.8691601563e+02 5.8694396973e+02 5.8698400879e+02 5.8703698730e+02 5.8708898926e+02 5.8711901855e+02 5.8715002441e+02 5.8717102051e+02 5.8719897461e+02 5.8724798584e+02 5.8728198242e+02 5.8731298828e+02 5.8736901855e+02 5.8740301514e+02 5.8742602539e+02 5.8746600342e+02 5.8750897217e+02 5.8754901123e+02 5.8761401367e+02 5.8767401123e+02 5.8771899414e+02 5.8776800537e+02 5.8783300781e+02 5.8788897705e+02 5.8791601563e+02 5.8797100830e+02 5.8801599121e+02 5.8805798340e+02 5.8809301758e+02 5.8816302490e+02 5.8821899414e+02 5.8827398682e+02
5.8643200684e+02 5.8645800781e+02 5.8650402832e+02 5.8653601074e+02 5.8656201172e+02 5.8660101318e+02 5.8663800049e+02 5.8665002441e+02 5.8668402100e+02 5.8671502686e+02 5.8673602295e+02 5.8677600098e+02 5.8679998779e+02 5.8682299805e+02 5.8685302734e+02 5.8688897705e+02 5.8692199707e+02 5.8696801758e+02 5.8701300049e+02 5.8704797363e+02 5.8707897949e+02 5.8710400391e+02 5.8713702393e+02 5.8718499756e+02 5.8722302246e+02 5.8726000977e+02 5.8729998779e+02 5.8732800293e+02 5.8735900879e+02 5.8740802002e+02 5.8743902588e+02 5.8747698975e+02 5.8755200195e+02 5.8761499023e+02 5.8764501953e+02 5.8767797852e+02 5.8772198486e+02 5.8777001953e+02 5.8781799316e+02 5.8787799072e+02 5.8792797852e+02 5.8797998047e+02 5.8801898193e+02 5.8807702637e+02 5.8813598633e+02 5.8819702148e+02
5.8636901855e+02 5.8639398193e+02 5.8643200684e+02 5.8646197510e+02 5.8649902344e+02 5.8654302979e+02 5.8658001709e+02 5.8660101318e+02 5.8663000488e+02 5.8665399170e+02 5.8667797852e+02 5.8672100830e+02 5.8674401855e+02 5.8676300049e+02 5.8678997803e+02 5.8682299805e+02 5.8685900879e+02 5.8690100098e+02 5.8693499756e+02 5.8697100830e+02 5.8700500488e+02 5.8703399658e+02 5.8707598877e+02 5.8711999512e+02 5.8716101074e+02 5.8720300293e+02 5.8722900391e+02 5.8725201416e+02 5.8728900146e+02 5.8733898926e+02 5.8737402344e+02 5.8741699219e+02 5.8747698975e+02 5.8752502441e+02 5.8755401611e+02 5.8759497070e+02 5.8763299561e+02 5.8768103027e+02 5.8774401855e+02 5.8778002930e+02 5.8782202148e+02 5.8788201904e+02 5.8793298340e+02 5.8798498535e+02 5.8803900146e+02 5.8809698486e+02
5.8631298828e+02 5.8634399414e+02 5.8637200928e+02 5.8640002441e+02 5.8644396973e+02 5.8648602295e+02 5.8651098633e+02 5.8654602051e+02 5.8657800293e+02 5.8659899902e+02 5.8661999512e+02 5.8665301514e+02 5.8667700195e+02 5.8670001221e+02 5.8672802734e+02 5.8676098633e+02 5.8679400635e+02 5.8683197021e+02 5.8686297607e+02 5.8690600586e+02 5.8694500732e+02 5.8697399902e+02 5.8701397705e+02 5.8704602051e+02 5.8708898926e+02 5.8714099121e+02 5.8716699219e+02 5.8718499756e+02 5.8722302246e+02 5.8726898193e+02 5.8731097412e+02 5.8735302734e+02 5.8739801025e+02 5.8744299316e+02 5.8747100830e+02 5.8751898193e+02 5.8756500244e+02 5.8761700439e+02 5.8768402100e+02 5.8770300293e+02 5.8773498535e+02 5.8778601074e+02 5.8783300781e+02 5.8788800049e+02 5.8794097900e+02 5.8799700928e+02
