TESTSERVER/14/15.asc
NCOLS 100
NROWS 100
XLLCORNER 8.1997500000e+03
YLLCORNER 2.8920025000e+05
CELLSIZE 5.0000000000e-01
NODATA_VALUE -9.9990000000e+03
[rows 20 to 39 of 100, columns 0 to 45 of 100]
5.8625000000e+02 5.8628698730e+02 5.8631701660e+02 5.8634197998e+02 5.8638500977e+02 5.8642297363e+02 5.8645697021e+02 5.8648797607e+02 5.8652301025e+02 5.8654602051e+02 5.8656298828e+02 5.8658801270e+02 5.8661602783e+02 5.8663897705e+02 5.8666198730e+02 5.8669097900e+02 5.8671899414e+02 5.8675500488e+02 5.8679699707e+02 5.8684899902e+02 5.8689099121e+02 5.8692401123e+02 5.8695697021e+02 5.8698297119e+02 5.8702502441e+02 5.8707299805e+02 5.8709997559e+02 5.8712902832e+02 5.8716601563e+02 5.8720599365e+02 5.8724597168e+02 5.8728002930e+02 5.8732098389e+02 5.8737097168e+02 5.8739898682e+02 5.8744598389e+02 5.8749102783e+02 5.8753302002e+02 5.8757800293e+02 5.8761700439e+02 5.8765100098e+02 5.8769201660e+02 5.8773101807e+02 5.8778601074e+02 5.8783898926e+02 5.8789398193e+02
5.8618103027e+02 5.8621801758e+02 5.8625701904e+02 5.8628802490e+02 5.8631896973e+02 5.8635498047e+02 5.8639697266e+02 5.8642102051e+02 5.8645501709e+02 5.8647802734e+02 5.8649102783e+02 5.8651800537e+02 5.8654602051e+02 5.8657702637e+02 5.8661297607e+02 5.8663000488e+02 5.8665698242e+02 5.8669598389e+02 5.8673797607e+02 5.8677697754e+02 5.8680798340e+02 5.8684600830e+02 5.8689001465e+02 5.8691998291e+02 5.8695001221e+02 5.8698400879e+02 5.8701599121e+02 5.8704602051e+02 5.8709100342e+02 5.8714099121e+02 5.8718597412e+02 5.8721301270e+02 5.8724798584e+02 5.8729498291e+02 5.8733398438e+02 5.8737500000e+02 5.8741802979e+02 5.8745898438e+02 5.8749499512e+02 5.8752099609e+02 5.8756701660e+02 5.8761602783e+02 5.8765502930e+02 5.8769500732e+02 5.8773699951e+02 5.8778497314e+02
5.8613500977e+02 5.8615100098e+02 5.8618402100e+02 5.8622802734e+02 5.8626300049e+02 5.8629199219e+02 5.8631500244e+02 5.8633502197e+02 5.8638000488e+02 5.8641400146e+02 5.8642797852e+02 5.8644598389e+02 5.8646697998e+02 5.8650402832e+02 5.8654998779e+02 5.8657299805e+02 5.8660400391e+02 5.8664202881e+02 5.8667602539e+02 5.8670697021e+02 5.8673199463e+02 5.8676898193e+02 5.8681402588e+02 5.8685198975e+02 5.8687597656e+02 5.8690600586e+02 5.8694897461e+02 5.8697399902e+02 5.8702099609e+02 5.8706896973e+02 5.8710797119e+02 5.8714001465e+02 5.8717901611e+02 5.8721997070e+02 5.8725500488e+02 5.8728601074e+02 5.8733398438e+02 5.8738500977e+02 5.8742199707e+02 5.8744097900e+02 5.8748297119e+02 5.8752801514e+02 5.8756896973e+02 5.8760400391e+02 5.8764501953e+02 5.8769201660e+02
5.8608697510e+02 5.8609600830e+02 5.8612097168e+02 5.8615802002e+02 5.8620098877e+02 5.8623199463e+02 5.8624200439e+02 5.8626397705e+02 5.8630200195e+02 5.8633599854e+02 5.8636297607e+02 5.8638098145e+02 5.8640100098e+02 5.8644000244e+02 5.8648400879e+02 5.8650701904e+02 5.8654101563e+02 5.8658001709e+02 5.8660699463e+02 5.8664099121e+02 5.8667401123e+02 5.8670697021e+02 5.8673101807e+02 5.8677099609e+02 5.8679602051e+02 5.8683099365e+02 5.8687597656e+02 5.8690301514e+02 5.8695098877e+02 5.8699499512e+02 5.8702600098e+02 5.8706500244e+02 5.8711401367e+02 5.8715100098e+02 5.8717700195e+02 5.8720098877e+02 5.8724902344e+02 5.8730102539e+02 5.8733697510e+02 5.8735900879e+02 5.8739398193e+02 5.8743103027e+02 5.8747601318e+02 5.8751202393e+02 5.8755297852e+02 5.8760101318e+02
5.8603198242e+02 5.8605902100e+02 5.8609002686e+02 5.8609301758e+02 5.8612500000e+02 5.8615997314e+02 5.8618298340e+02 5.8621301270e+02 5.8623199463e+02 5.8626098633e+02 5.8630102539e+02 5.8632397461e+02 5.8634600830e+02 5.8638299561e+02 5.8641497803e+02 5.8643298340e+02 5.8646002197e+02 5.8649902344e+02 5.8652600098e+02 5.8657098389e+02 5.8662597656e+02 5.8666400146e+02 5.8667700195e+02 5.8670501709e+02 5.8673797607e+02 5.8677001953e+02 5.8680102539e+02 5.8682501221e+02 5.8686700439e+02 5.8690997314e+02 5.8695098877e+02 5.8699401855e+02 5.8704498291e+02 5.8707800293e+02 5.8709997559e+02 5.8713500977e+02 5.8717700195e+02 5.8721398926e+02 5.8724597168e+02 5.8727398682e+02 5.8730499268e+02 5.8733697510e+02 5.8737902832e+02 5.8741198730e+02 5.8745599365e+02 5.8751098633e+02
5.8596801758e+02 5.8599499512e+02 5.8602899170e+02 5.8604101563e+02 5.8606201172e+02 5.8609802246e+02 5.8612500000e+02 5.8614099121e+02 5.8616497803e+02 5.8618902588e+02 5.8621899414e+02 5.8625402832e+02 5.8628997803e+02 5.8633502197e+02 5.8635900879e+02 5.8636700439e+02 5.8638897705e+02 5.8644000244e+02 5.8647302246e+02 5.8650201416e+02 5.8654602051e+02 5.8659802246e+02 5.8663800049e+02 5.8666900635e+02 5.8668402100e+02 5.8670001221e+02 5.8673400879e+02 5.8676702881e+02 5.8679797363e+02 5.8683398438e+02 5.8687799072e+02 5.8693597412e+02 5.8697900391e+02 5.8699902344e+02 5.8702502441e+02 5.8706402588e+02 5.8710101318e+02 5.8713299561e+02 5.8716601563e+02 5.8719396973e+02 5.8722601318e+02 5.8726000977e+02 5.8730200195e+02 5.8733898926e+02 5.8737097168e+02 5.8741900635e+02
5.8591601563e+02 5.8593298340e+02 5.8596801758e+02 5.8599401855e+02 5.8601098633e+02 5.8603997803e+02 5.8606201172e+02 5.8607299805e+02 5.8610699463e+02 5.8613098145e+02 5.8614801025e+02 5.8618298340e+02 5.8621997070e+02 5.8627099609e+02 5.8630102539e+02 5.8631799316e+02 5.8634301758e+02 5.8638800049e+02 5.8640698242e+02 5.8644097900e+02 5.8647900391e+02 5.8651800537e+02 5.8656298828e+02 5.8659802246e+02 5.8660900879e+02 5.8662597656e+02 5.8666699219e+02 5.8671002197e+02 5.8674902344e+02 5.8678601074e+02 5.8681896973e+02 5.8687500000e+02 5.8690502930e+02 5.8691900635e+02 5.8695300293e+02 5.8699200439e+02 5.8703002930e+02 5.8705902100e+02 5.8708398438e+02 5.8711199951e+02 5.8715197754e+02 5.8720001221e+02 5.8724597168e+02 5.8727197266e+02 5.8728002930e+02 5.8730700684e+02
5.8585998535e+02 5.8588598633e+02 5.8591802979e+02 5.8594299316e+02 5.8595501709e+02 5.8597900391e+02 5.8600500488e+02 5.8601702881e+02 5.8605499268e+02 5.8608099365e+02 5.8609197998e+02 5.8612597656e+02 5.8615399170e+02 5.8619598389e+02 5.8622698975e+02 5.8625500488e+02 5.8628997803e+02 5.8633001709e+02 5.8633502197e+02 5.8638500977e+02 5.8642797852e+02 5.8645697021e+02 5.8648498535e+02 5.8651397705e+02 5.8653399658e+02 5.8656097412e+02 5.8660198975e+02 5.8663897705e+02 5.8668200684e+02 5.8672100830e+02 5.8674700928e+02 5.8679400635e+02 5.8682098389e+02 5.8684301758e+02 5.8688000488e+02 5.8692102051e+02 5.8696197510e+02 5.8699102783e+02 5.8701000977e+02 5.8703601074e+02 5.8707501221e+02 5.8713000488e+02 5.8718103027e+02 5.8720300293e+02 5.8720001221e+02 5.8721997070e+02
5.8580902100e+02 5.8584802246e+02 5.8587597656e+02 5.8589001465e+02 5.8590399170e+02 5.8593103027e+02 5.8595898438e+02 5.8595397949e+02 5.8597900391e+02 5.8599700928e+02 5.8601702881e+02 5.8606597900e+02 5.8610400391e+02 5.8614599609e+02 5.8618103027e+02 5.8618499756e+02 5.8622198486e+02 5.8626800537e+02 5.8628802490e+02 5.8632098389e+02 5.8635998535e+02 5.8639599609e+02 5.8642999268e+02 5.8644702148e+02 5.8647497559e+02 5.8650500488e+02 5.8653802490e+02 5.8655902100e+02 5.8659899902e+02 5.8664898682e+02 5.8668103027e+02 5.8670898438e+02 5.8674902344e+02 5.8678302002e+02 5.8680999756e+02 5.8685198975e+02 5.8689398193e+02 5.8692297363e+02 5.8694500732e+02 5.8697100830e+02 5.8699102783e+02 5.8702899170e+02 5.8707501221e+02 5.8711401367e+02 5.8713397217e+02 5.8716497803e+02
5.8575000000e+02 5.8577502441e+02 5.8578997803e+02 5.8580902100e+02 5.8583197021e+02 5.8586297607e+02 5.8588598633e+02 5.8589398193e+02 5.8592498779e+02 5.8593597412e+02 5.8596197510e+02 5.8600598145e+02 5.8604602051e+02 5.8609301758e+02 5.8612097168e+02 5.8612799072e+02 5.8617102051e+02 5.8620501709e+02 5.8621697998e+02 5.8625897217e+02 5.8629302979e+02 5.8631701660e+02 5.8635198975e+02 5.8638500977e+02 5.8641900635e+02 5.8644897461e+02 5.8647497559e+02 5.8649298096e+02 5.8652301025e+02 5.8657202148e+02 5.8660101318e+02 5.8662701416e+02 5.8666497803e+02 5.8670397949e+02 5.8673199463e+02 5.8677301025e+02 5.8682098389e+02 5.8685498047e+02 5.8687500000e+02 5.8690802002e+02 5.8693902588e+02 5.8697601318e+02 5.8700799561e+02 5.8703802490e+02 5.8706097412e+02 5.8709802246e+02
5.8568597412e+02 5.8570599365e+02 5.8571899414e+02 5.8573797607e+02 5.8576098633e+02 5.8579498291e+02 5.8582800293e+02 5.8585198975e+02 5.8588000488e+02 5.8588201904e+02 5.8590600586e+02 5.8594500732e+02 5.8597399902e+02 5.8601300049e+02 5.8603900146e+02 5.8605603027e+02 5.8609997559e+02 5.8612701416e+02 5.8614300537e+02 5.8619097900e+02 5.8622302246e+02 5.8624700928e+02 5.8628399658e+02 5.8631701660e+02 5.8634497070e+02 5.8637402344e+02 5.8640997314e+02 5.8643103027e+02 5.8645599365e+02 5.8649902344e+02 5.8652001953e+02 5.8654699707e+02 5.8658197021e+02 5.8661297607e+02 5.8664501953e+02 5.8669299316e+02 5.8674298096e+02 5.8678002930e+02 5.8680297852e+02 5.8683801270e+02 5.8687500000e+02 5.8691198730e+02 5.8693701172e+02 5.8696502686e+02 5.8698699951e+02 5.8702197266e+02
5.8562799072e+02 5.8564300537e+02 5.8565899658e+02 5.8568298340e+02 5.8570300293e+02 5.8573199463e+02 5.8576898193e+02 5.8579498291e+02 5.8582598877e+02 5.8583502197e+02 5.8585900879e+02 5.8589801025e+02 5.8591802979e+02 5.8595300293e+02 5.8597198486e+02 5.8598199463e+02 5.8601702881e+02 5.8604400635e+02 5.8608099365e+02 5.8613800049e+02 5.8616198730e+02 5.8617999268e+02 5.8621197510e+02 5.8625201416e+02 5.8627600098e+02 5.8630200195e+02 5.8634197998e+02 5.8636102295e+02 5.8638800049e+02 5.8642797852e+02 5.8644097900e+02 5.8647198486e+02 5.8650701904e+02 5.8653002930e+02 5.8656201172e+02 5.8660900879e+02 5.8665802002e+02 5.8669897461e+02 5.8673297119e+02 5.8677099609e+02 5.8680499268e+02 5.8683697510e+02 5.8685797119e+02 5.8689001465e+02 5.8691198730e+02 5.8694598389e+02
5.8557202148e+02 5.8558001709e+02 5.8558801270e+02 5.8562200928e+02 5.8565100098e+02 5.8567199707e+02 5.8569702148e+02 5.8571801758e+02 5.8575500488e+02 5.8577899170e+02 5.8579901123e+02 5.8583697510e+02 5.8586199951e+02 5.8589001465e+02 5.8590100098e+02 5.8592401123e+02 5.8594897461e+02 5.8597601318e+02 5.8600897217e+02 5.8606402588e+02 5.8609497070e+02 5.8610998535e+02 5.8613397217e+02 5.8618103027e+02 5.8620501709e+02 5.8622802734e+02 5.8625897217e+02 5.8629199219e+02 5.8632702637e+02 5.8635900879e+02 5.8637097168e+02 5.8640698242e+02 5.8644500732e+02 5.8646899414e+02 5.8650097656e+02 5.8653198242e+02 5.8657800293e+02 5.8662097168e+02 5.8664697266e+02 5.8668798828e+02 5.8672497559e+02 5.8676000977e+02 5.8678802490e+02 5.8682397461e+02 5.8684197998e+02 5.8687097168e+02
5.8550201416e+02 5.8551702881e+02 5.8554101563e+02 5.8556597900e+02 5.8559301758e+02 5.8561602783e+02 5.8563800049e+02 5.8565399170e+02 5.8569000244e+02 5.8571600342e+02 5.8574401855e+02 5.8577899170e+02 5.8579199219e+02 5.8581402588e+02 5.8584197998e+02 5.8587799072e+02 5.8590197754e+02 5.8592498779e+02 5.8594000244e+02 5.8597601318e+02 5.8601202393e+02 5.8604602051e+02 5.8607800293e+02 5.8611901855e+02 5.8614202881e+02 5.8615997314e+02 5.8618701172e+02 5.8622302246e+02 5.8624499512e+02 5.8626397705e+02 5.8628802490e+02 5.8632598877e+02 5.8636798096e+02 5.8639501953e+02 5.8642297363e+02 5.8645397949e+02 5.8650299072e+02 5.8654998779e+02 5.8658001709e+02 5.8660601807e+02 5.8663397217e+02 5.8666998291e+02 5.8670300293e+02 5.8674200439e+02 5.8677001953e+02 5.8679901123e+02
5.8543701172e+02 5.8545898438e+02 5.8548602295e+02 5.8549700928e+02 5.8552001953e+02 5.8554699707e+02 5.8556799316e+02 5.8559197998e+02 5.8563397217e+02 5.8565698242e+02 5.8567102051e+02 5.8569396973e+02 5.8571197510e+02 5.8574499512e+02 5.8577600098e+02 5.8581201172e+02 5.8584100342e+02 5.8585900879e+02 5.8587500000e+02 5.8590802002e+02 5.8594000244e+02 5.8597399902e+02 5.8600897217e+02 5.8604101563e+02 5.8606201172e+02 5.8608197021e+02 5.8610302734e+02 5.8613500977e+02 5.8615600586e+02 5.8618103027e+02 5.8621899414e+02 5.8625500488e+02 5.8629101563e+02 5.8631597900e+02 5.8634698486e+02 5.8638098145e+02 5.8643298340e+02 5.8647802734e+02 5.8650598145e+02 5.8653100586e+02 5.8655902100e+02 5.8659600830e+02 5.8662402344e+02 5.8665100098e+02 5.8668402100e+02 5.8671697998e+02
5.8537597656e+02 5.8539898682e+02 5.8542999268e+02 5.8544097900e+02 5.8546997070e+02 5.8549700928e+02 5.8550701904e+02 5.8552899170e+02 5.8556799316e+02 5.8558502197e+02 5.8559600830e+02 5.8561700439e+02 5.8564697266e+02 5.8569000244e+02 5.8571600342e+02 5.8573602295e+02 5.8576397705e+02 5.8578497314e+02 5.8580297852e+02 5.8583502197e+02 5.8586602783e+02 5.8589398193e+02 5.8593103027e+02 5.8595800781e+02 5.8597399902e+02 5.8599499512e+02 5.8601800537e+02 5.8605700684e+02 5.8608502197e+02 5.8611499023e+02 5.8615100098e+02 5.8617999268e+02 5.8621197510e+02 5.8623901367e+02 5.8627502441e+02 5.8631701660e+02 5.8637402344e+02 5.8641198730e+02 5.8642297363e+02 5.8645397949e+02 5.8648699951e+02 5.8652197266e+02 5.8654498291e+02 5.8656701660e+02 5.8660400391e+02 5.8664398193e+02
5.8532098389e+02 5.8533599854e+02 5.8536798096e+02 5.8539898682e+02 5.8542602539e+02 5.8545001221e+02 5.8545098877e+02 5.8547198486e+02 5.8550097656e+02 5.8551702881e+02 5.8552801514e+02 5.8556597900e+02 5.8560101318e+02 5.8563299561e+02 5.8565301514e+02 5.8567700195e+02 5.8569500732e+02 5.8571301270e+02 5.8572900391e+02 5.8576599121e+02 5.8579901123e+02 5.8582397461e+02 5.8584802246e+02 5.8587500000e+02 5.8588800049e+02 5.8590399170e+02 5.8593103027e+02 5.8596997070e+02 5.8599798584e+02 5.8602697754e+02 5.8605798340e+02 5.8609002686e+02 5.8613500977e+02 5.8617297363e+02 5.8620098877e+02 5.8624902344e+02 5.8630603027e+02 5.8633801270e+02 5.8634802246e+02 5.8638000488e+02 5.8642102051e+02 5.8645098877e+02 5.8646398926e+02 5.8648498535e+02 5.8651702881e+02 5.8655999756e+02
5.8528198242e+02 5.8529901123e+02 5.8532598877e+02 5.8534600830e+02 5.8536798096e+02 5.8539697266e+02 5.8540802002e+02 5.8542700195e+02 5.8545202637e+02 5.8546697998e+02 5.8546600342e+02 5.8550201416e+02 5.8553399658e+02 5.8555798340e+02 5.8558599854e+02 5.8561199951e+02 5.8562799072e+02 5.8563598633e+02 5.8565002441e+02 5.8569299316e+02 5.8571502686e+02 5.8572998047e+02 5.8576397705e+02 5.8579699707e+02 5.8581799316e+02 5.8584002686e+02 5.8586901855e+02 5.8589599609e+02 5.8592498779e+02 5.8595800781e+02 5.8598101807e+02 5.8600799561e+02 5.8604699707e+02 5.8608300781e+02 5.8611297607e+02 5.8616699219e+02 5.8621801758e+02 5.8624597168e+02 5.8626501465e+02 5.8629101563e+02 5.8633599854e+02 5.8638098145e+02 5.8639398193e+02 5.8640802002e+02 5.8643701172e+02 5.8648101807e+02
5.8521697998e+02 5.8525000000e+02 5.8528399658e+02 5.8529602051e+02 5.8531500244e+02 5.8534301758e+02 5.8535797119e+02 5.8536999512e+02 5.8538702393e+02 5.8540100098e+02 5.8540600586e+02 5.8544500732e+02 5.8547399902e+02 5.8549902344e+02 5.8552398682e+02 5.8555102539e+02 5.8556799316e+02 5.8557702637e+02 5.8558697510e+02 5.8562200928e+02 5.8563299561e+02 5.8564501953e+02 5.8568200684e+02 5.8571301270e+02 5.8574102783e+02 5.8577197266e+02 5.8580200195e+02 5.8582598877e+02 5.8585400391e+02 5.8589300537e+02 5.8590997314e+02 5.8592797852e+02 5.8596002197e+02 5.8599700928e+02 5.8602801514e+02 5.8607800293e+02 5.8612701416e+02 5.8616101074e+02 5.8618902588e+02 5.8620898438e+02 5.8624401855e+02 5.8628601074e+02 5.8630700684e+02 5.8632897949e+02 5.8636102295e+02 5.8640100098e+02
5.8514398193e+02 5.8517999268e+02 5.8521899414e+02 5.8524298096e+02 5.8526501465e+02 5.8528997803e+02 5.8530603027e+02 5.8532000732e+02 5.8533300781e+02 5.8534301758e+02 5.8535101318e+02 5.8538702393e+02 5.8541497803e+02 5.8543597412e+02 5.8545501709e+02 5.8548498535e+02 5.8550701904e+02 5.8552197266e+02 5.8553302002e+02 5.8555297852e+02 5.8556097412e+02 5.8557501221e+02 5.8560400391e+02 5.8563098145e+02 5.8565899658e+02 5.8569299316e+02 5.8572900391e+02 5.8575897217e+02 5.8578900146e+02 5.8583197021e+02 5.8584802246e+02 5.8585797119e+02 5.8588397217e+02 5.8591400146e+02 5.8594500732e+02 5.8598901367e+02 5.8603601074e+02 5.8607501221e+02 5.8610498047e+02 5.8613000488e+02 5.8616101074e+02 5.8619299316e+02 5.8621600342e+02 5.8625000000e+02 5.8628698730e+02 5.8632397461e+02
