TESTSERVER/14/16.asc
NCOLS 100
NROWS 100
XLLCORNER 8.1997500000e+03
YLLCORNER 2.8915025000e+05
CELLSIZE 5.0000000000e-01
NODATA_VALUE -9.9990000000e+03
[rows 80 to 99 of 100, columns 0 to 45 of 100]
5.5168200684e+02 5.5201000977e+02 5.5253497314e+02 5.5257598877e+02 5.5260302734e+02 5.5267498779e+02 5.5287097168e+02 5.5302899170e+02 5.5307897949e+02 5.5308099365e+02 5.5311602783e+02 5.5309002686e+02 5.5301898193e+02 5.5292401123e+02 5.5292401123e+02 5.5302197266e+02 5.5310699463e+02 5.5317999268e+02 5.5323199463e+02 5.5326599121e+02 5.5331701660e+02 5.5336999512e+02 5.5342498779e+02 5.5349700928e+02 5.5355999756e+02 5.5362402344e+02 5.5369201660e+02 5.5378198242e+02 5.5384100342e+02 5.5390399170e+02 5.5396899414e+02 5.5398400879e+02 5.5399597168e+02 5.5402197266e+02 5.5403198242e+02 5.5406097412e+02 5.5410601807e+02 5.5416101074e+02 5.5425201416e+02 5.5433599854e+02 5.5440502930e+02 5.5447497559e+02 5.5455798340e+02 5.5461901855e+02 5.5469299316e+02 5.5475897217e+02
5.5115899658e+02 5.5146997070e+02 5.5196301270e+02 5.5223498535e+02 5.5251599121e+02 5.5261102295e+02 5.5266198730e+02 5.5268798828e+02 5.5275000000e+02 5.5283001709e+02 5.5295800781e+02 5.5294396973e+02 5.5277801514e+02 5.5263702393e+02 5.5266900635e+02 5.5279699707e+02 5.5288098145e+02 5.5294897461e+02 5.5298999023e+02 5.5302600098e+02 5.5307501221e+02 5.5312500000e+02 5.5317999268e+02 5.5323999023e+02 5.5329699707e+02 5.5335498047e+02 5.5342297363e+02 5.5349298096e+02 5.5355798340e+02 5.5363098145e+02 5.5371301270e+02 5.5376898193e+02 5.5382098389e+02 5.5386798096e+02 5.5388800049e+02 5.5388500977e+02 5.5389001465e+02 5.5391998291e+02 5.5398297119e+02 5.5405798340e+02 5.5415197754e+02 5.5425799561e+02 5.5435198975e+02 5.5440399170e+02 5.5445697021e+02 5.5450897217e+02
5.5083697510e+02 5.5102600098e+02 5.5117797852e+02 5.5121997070e+02 5.5170599365e+02 5.5210900879e+02 5.5242297363e+02 5.5254797363e+02 5.5257897949e+02 5.5258898926e+02 5.5268298340e+02 5.5260498047e+02 5.5239801025e+02 5.5229101563e+02 5.5241101074e+02 5.5256597900e+02 5.5264898682e+02 5.5271398926e+02 5.5274902344e+02 5.5278497314e+02 5.5283398438e+02 5.5288397217e+02 5.5293402100e+02 5.5298602295e+02 5.5303900146e+02 5.5309301758e+02 5.5315002441e+02 5.5321002197e+02 5.5327697754e+02 5.5335400391e+02 5.5343298340e+02 5.5351702881e+02 5.5360302734e+02 5.5367901611e+02 5.5372998047e+02 5.5374401855e+02 5.5373400879e+02 5.5373400879e+02 5.5375799561e+02 5.5382098389e+02 5.5393103027e+02 5.5406701660e+02 5.5418402100e+02 5.5424499512e+02 5.5429498291e+02 5.5433099365e+02
5.5071301270e+02 5.5077398682e+02 5.5078302002e+02 5.5066101074e+02 5.5083001709e+02 5.5110699463e+02 5.5162902832e+02 5.5202502441e+02 5.5226702881e+02 5.5246002197e+02 5.5249200439e+02 5.5224597168e+02 5.5203802490e+02 5.5198901367e+02 5.5217999268e+02 5.5233599854e+02 5.5241699219e+02 5.5247802734e+02 5.5250897217e+02 5.5254400635e+02 5.5259301758e+02 5.5264202881e+02 5.5268902588e+02 5.5273400879e+02 5.5278198242e+02 5.5283300781e+02 5.5287402344e+02 5.5291900635e+02 5.5298602295e+02 5.5306402588e+02 5.5314599609e+02 5.5325097656e+02 5.5335498047e+02 5.5344598389e+02 5.5352099609e+02 5.5356896973e+02 5.5357598877e+02 5.5357897949e+02 5.5359100342e+02 5.5362500000e+02 5.5371899414e+02 5.5385797119e+02 5.5400897217e+02 5.5412298584e+02 5.5420001221e+02 5.5424298096e+02
5.5078100586e+02 5.5076397705e+02 5.5079498291e+02 5.5080401611e+02 5.5077398682e+02 5.5073797607e+02 5.5077301025e+02 5.5084399414e+02 5.5112902832e+02 5.5171398926e+02 5.5217102051e+02 5.5193298340e+02 5.5175402832e+02 5.5176098633e+02 5.5196997070e+02 5.5209698486e+02 5.5217498779e+02 5.5222998047e+02 5.5226000977e+02 5.5230499268e+02 5.5235302734e+02 5.5239898682e+02 5.5244201660e+02 5.5248498535e+02 5.5252697754e+02 5.5257000732e+02 5.5259100342e+02 5.5262902832e+02 5.5269500732e+02 5.5277398682e+02 5.5287298584e+02 5.5298999023e+02 5.5309197998e+02 5.5317498779e+02 5.5322302246e+02 5.5330401611e+02 5.5335498047e+02 5.5340600586e+02 5.5346197510e+02 5.5346099854e+02 5.5350598145e+02 5.5359399414e+02 5.5370098877e+02 5.5385302734e+02 5.5398602295e+02 5.5409197998e+02
5.5080200195e+02 5.5080499268e+02 5.5081097412e+02 5.5080499268e+02 5.5080102539e+02 5.5079498291e+02 5.5079101563e+02 5.5073602295e+02 5.5067498779e+02 5.5082598877e+02 5.5126898193e+02 5.5144500732e+02 5.5146398926e+02 5.5155603027e+02 5.5173999023e+02 5.5185198975e+02 5.5193103027e+02 5.5198602295e+02 5.5202301025e+02 5.5207000732e+02 5.5211798096e+02 5.5216400146e+02 5.5220599365e+02 5.5224597168e+02 5.5228698730e+02 5.5232800293e+02 5.5235101318e+02 5.5238500977e+02 5.5245397949e+02 5.5253698730e+02 5.5264001465e+02 5.5275701904e+02 5.5285198975e+02 5.5292297363e+02 5.5296197510e+02 5.5300598145e+02 5.5306298828e+02 5.5312799072e+02 5.5320202637e+02 5.5323901367e+02 5.5324902344e+02 5.5324798584e+02 5.5324298096e+02 5.5330499268e+02 5.5344097900e+02 5.5360498047e+02
5.5079797363e+02 5.5080200195e+02 5.5081701660e+02 5.5080902100e+02 5.5079998779e+02 5.5079101563e+02 5.5078900146e+02 5.5081402588e+02 5.5078100586e+02 5.5074401855e+02 5.5087200928e+02 5.5106701660e+02 5.5119299316e+02 5.5134197998e+02 5.5150701904e+02 5.5161901855e+02 5.5169897461e+02 5.5175402832e+02 5.5178997803e+02 5.5183697510e+02 5.5188598633e+02 5.5193298340e+02 5.5197497559e+02 5.5201397705e+02 5.5205603027e+02 5.5209899902e+02 5.5212200928e+02 5.5215698242e+02 5.5222698975e+02 5.5231097412e+02 5.5242102051e+02 5.5253802490e+02 5.5262799072e+02 5.5269396973e+02 5.5272601318e+02 5.5274902344e+02 5.5279199219e+02 5.5284802246e+02 5.5291998291e+02 5.5296899414e+02 5.5295697021e+02 5.5289501953e+02 5.5279302979e+02 5.5275000000e+02 5.5283599854e+02 5.5298901367e+02
5.5079797363e+02 5.5080200195e+02 5.5080999756e+02 5.5080499268e+02 5.5080603027e+02 5.5079400635e+02 5.5077197266e+02 5.5078900146e+02 5.5079699707e+02 5.5072900391e+02 5.5070300293e+02 5.5080700684e+02 5.5092700195e+02 5.5109899902e+02 5.5127197266e+02 5.5139501953e+02 5.5147399902e+02 5.5152801514e+02 5.5156097412e+02 5.5160601807e+02 5.5165600586e+02 5.5170501709e+02 5.5174597168e+02 5.5178601074e+02 5.5183001709e+02 5.5187500000e+02 5.5190399170e+02 5.5194299316e+02 5.5201397705e+02 5.5209802246e+02 5.5221197510e+02 5.5232800293e+02 5.5241497803e+02 5.5248101807e+02 5.5251702881e+02 5.5252502441e+02 5.5255102539e+02 5.5259002686e+02 5.5264697266e+02 5.5270800781e+02 5.5269702148e+02 5.5261499023e+02 5.5247198486e+02 5.5236499023e+02 5.5238397217e+02 5.5248297119e+02
5.5080700684e+02 5.5081402588e+02 5.5080700684e+02 5.5079901123e+02 5.5081097412e+02 5.5079901123e+02 5.5076702881e+02 5.5078497314e+02 5.5076397705e+02 5.5068298340e+02 5.5063201904e+02 5.5064300537e+02 5.5073199463e+02 5.5089099121e+02 5.5108300781e+02 5.5116900635e+02 5.5124102783e+02 5.5129699707e+02 5.5134002686e+02 5.5138000488e+02 5.5142999268e+02 5.5147900391e+02 5.5152697754e+02 5.5156701660e+02 5.5161401367e+02 5.5166198730e+02 5.5170898438e+02 5.5175402832e+02 5.5182397461e+02 5.5190399170e+02 5.5201702881e+02 5.5211798096e+02 5.5220001221e+02 5.5226898193e+02 5.5231402588e+02 5.5233801270e+02 5.5236102295e+02 5.5239001465e+02 5.5247601318e+02 5.5251300049e+02 5.5251501465e+02 5.5246398926e+02 5.5237799072e+02 5.5225097656e+02 5.5222198486e+02 5.5222998047e+02
5.5081201172e+02 5.5081402588e+02 5.5080902100e+02 5.5079797363e+02 5.5079998779e+02 5.5079602051e+02 5.5079602051e+02 5.5080499268e+02 5.5068103027e+02 5.5058502197e+02 5.5056402588e+02 5.5057897949e+02 5.5064398193e+02 5.5074499512e+02 5.5087298584e+02 5.5094097900e+02 5.5100000000e+02 5.5105700684e+02 5.5110797119e+02 5.5115502930e+02 5.5120501709e+02 5.5125500488e+02 5.5130401611e+02 5.5135198975e+02 5.5140100098e+02 5.5145098877e+02 5.5149798584e+02 5.5155999756e+02 5.5162902832e+02 5.5170397949e+02 5.5179699707e+02 5.5189300537e+02 5.5197100830e+02 5.5204199219e+02 5.5209802246e+02 5.5213598633e+02 5.5217498779e+02 5.5221398926e+02 5.5228002930e+02 5.5233502197e+02 5.5234600830e+02 5.5233398438e+02 5.5228698730e+02 5.5224102783e+02 5.5221899414e+02 5.5221697998e+02
5.5081201172e+02 5.5081201172e+02 5.5080999756e+02 5.5080798340e+02 5.5080902100e+02 5.5080499268e+02 5.5081896973e+02 5.5071899414e+02 5.5043200684e+02 5.5034197998e+02 5.5042797852e+02 5.5045800781e+02 5.5051501465e+02 5.5059002686e+02 5.5067102051e+02 5.5072302246e+02 5.5077600098e+02 5.5082702637e+02 5.5087597656e+02 5.5092700195e+02 5.5097802734e+02 5.5102899170e+02 5.5108001709e+02 5.5113098145e+02 5.5118298340e+02 5.5123400879e+02 5.5128601074e+02 5.5134802246e+02 5.5141497803e+02 5.5148699951e+02 5.5157397461e+02 5.5166497803e+02 5.5174499512e+02 5.5181799316e+02 5.5187799072e+02 5.5192297363e+02 5.5196697998e+02 5.5200897217e+02 5.5207397461e+02 5.5214001465e+02 5.5216900635e+02 5.5217901611e+02 5.5217297363e+02 5.5217498779e+02 5.5217999268e+02 5.5219500732e+02
5.5081201172e+02 5.5081097412e+02 5.5080999756e+02 5.5080902100e+02 5.5080798340e+02 5.5080102539e+02 5.5081701660e+02 5.5057702637e+02 5.5012799072e+02 5.5004302979e+02 5.5022399902e+02 5.5028302002e+02 5.5034802246e+02 5.5041497803e+02 5.5046801758e+02 5.5050799561e+02 5.5055401611e+02 5.5059899902e+02 5.5064599609e+02 5.5070001221e+02 5.5075097656e+02 5.5080297852e+02 5.5085601807e+02 5.5091101074e+02 5.5096398926e+02 5.5101702881e+02 5.5107098389e+02 5.5113201904e+02 5.5119598389e+02 5.5126599121e+02 5.5134600830e+02 5.5143499756e+02 5.5151397705e+02 5.5158898926e+02 5.5165399170e+02 5.5170501709e+02 5.5175201416e+02 5.5179602051e+02 5.5185797119e+02 5.5192797852e+02 5.5197100830e+02 5.5200000000e+02 5.5202398682e+02 5.5206402588e+02 5.5209899902e+02 5.5213897705e+02
5.5081402588e+02 5.5081097412e+02 5.5082098389e+02 5.5081402588e+02 5.5080798340e+02 5.5080102539e+02 5.5084997559e+02 5.5046002197e+02 5.4996801758e+02 5.4984600830e+02 5.4998101807e+02 5.5007098389e+02 5.5014898682e+02 5.5021502686e+02 5.5026599121e+02 5.5029901123e+02 5.5033599854e+02 5.5037402344e+02 5.5041699219e+02 5.5046997070e+02 5.5052301025e+02 5.5057897949e+02 5.5063897705e+02 5.5069097900e+02 5.5074597168e+02 5.5080102539e+02 5.5085900879e+02 5.5091400146e+02 5.5097399902e+02 5.5103698730e+02 5.5110498047e+02 5.5119598389e+02 5.5127398682e+02 5.5134997559e+02 5.5141802979e+02 5.5147698975e+02 5.5152801514e+02 5.5157397461e+02 5.5162097168e+02 5.5168298340e+02 5.5173101807e+02 5.5177398682e+02 5.5177600098e+02 5.5185998535e+02 5.5192901611e+02 5.5200701904e+02
5.5081896973e+02 5.5080700684e+02 5.5081597900e+02 5.5081298828e+02 5.5078497314e+02 5.5083502197e+02 5.5082000732e+02 5.5001599121e+02 5.4960601807e+02 5.4963800049e+02 5.4978601074e+02 5.4987200928e+02 5.4995697021e+02 5.5002099609e+02 5.5006097412e+02 5.5009002686e+02 5.5012200928e+02 5.5015802002e+02 5.5019598389e+02 5.5024401855e+02 5.5029797363e+02 5.5035601807e+02 5.5041699219e+02 5.5047198486e+02 5.5052899170e+02 5.5058599854e+02 5.5064001465e+02 5.5069500732e+02 5.5075402832e+02 5.5081402588e+02 5.5088098145e+02 5.5095898438e+02 5.5103198242e+02 5.5110699463e+02 5.5118103027e+02 5.5123999023e+02 5.5129498291e+02 5.5134600830e+02 5.5139398193e+02 5.5144000244e+02 5.5148400879e+02 5.5152697754e+02 5.5156799316e+02 5.5162799072e+02 5.5170397949e+02 5.5179199219e+02
5.5082397461e+02 5.5081097412e+02 5.5082397461e+02 5.5079302979e+02 5.5080401611e+02 5.5088702393e+02 5.5045599365e+02 5.4951397705e+02 5.4928100586e+02 5.4944000244e+02 5.4958300781e+02 5.4966900635e+02 5.4975799561e+02 5.4982098389e+02 5.4984802246e+02 5.4986700439e+02 5.4989898682e+02 5.4993499756e+02 5.4997100830e+02 5.5001702881e+02 5.5007098389e+02 5.5012799072e+02 5.5019000244e+02 5.5024902344e+02 5.5030700684e+02 5.5036401367e+02 5.5041900635e+02 5.5047399902e+02 5.5053302002e+02 5.5059399414e+02 5.5065802002e+02 5.5072900391e+02 5.5080102539e+02 5.5087200928e+02 5.5094500732e+02 5.5100897217e+02 5.5106701660e+02 5.5111999512e+02 5.5116900635e+02 5.5121502686e+02 5.5126202393e+02 5.5130902100e+02 5.5135699463e+02 5.5142199707e+02 5.5149597168e+02 5.5158197021e+02
5.5082702637e+02 5.5082098389e+02 5.5083001709e+02 5.5078497314e+02 5.5087902832e+02 5.5077099609e+02 5.4971997070e+02 5.4903997803e+02 5.4904699707e+02 5.4925799561e+02 5.4936297607e+02 5.4945800781e+02 5.4954602051e+02 5.4960699463e+02 5.4962298584e+02 5.4963500977e+02 5.4966802979e+02 5.4970501709e+02 5.4974102783e+02 5.4978601074e+02 5.4984002686e+02 5.4989697266e+02 5.4996002197e+02 5.5002197266e+02 5.5008099365e+02 5.5014001465e+02 5.5019500732e+02 5.5025097656e+02 5.5031097412e+02 5.5037200928e+02 5.5043298340e+02 5.5050097656e+02 5.5057098389e+02 5.5064001465e+02 5.5071197510e+02 5.5077899170e+02 5.5083898926e+02 5.5089599609e+02 5.5094598389e+02 5.5099200439e+02 5.5104302979e+02 5.5109197998e+02 5.5114398193e+02 5.5120800781e+02 5.5128002930e+02 5.5136401367e+02
5.5081597900e+02 5.5080902100e+02 5.5082202148e+02 5.5083001709e+02 5.5094598389e+02 5.5036297607e+02 5.4893798828e+02 5.4880700684e+02 5.4889398193e+02 5.4902502441e+02 5.4913201904e+02 5.4924597168e+02 5.4932598877e+02 5.4937597656e+02 5.4937902832e+02 5.4938897705e+02 5.4942297363e+02 5.4946301270e+02 5.4950701904e+02 5.4955401611e+02 5.4960601807e+02 5.4966198730e+02 5.4972100830e+02 5.4979101563e+02 5.4985400391e+02 5.4991699219e+02 5.4997601318e+02 5.5002600098e+02 5.5008697510e+02 5.5015100098e+02 5.5021398926e+02 5.5027600098e+02 5.5034399414e+02 5.5041198730e+02 5.5048400879e+02 5.5054901123e+02 5.5061199951e+02 5.5067199707e+02 5.5072998047e+02 5.5077697754e+02 5.5083099365e+02 5.5088201904e+02 5.5093103027e+02 5.5098602295e+02 5.5105297852e+02 5.5112701416e+02
5.5083398438e+02 5.5081701660e+02 5.5081896973e+02 5.5089398193e+02 5.5091802979e+02 5.4975799561e+02 5.4848797607e+02 5.4860797119e+02 5.4868103027e+02 5.4879901123e+02 5.4894299316e+02 5.4905200195e+02 5.4910797119e+02 5.4913702393e+02 5.4912799072e+02 5.4913500977e+02 5.4917102051e+02 5.4921398926e+02 5.4926202393e+02 5.4931201172e+02 5.4936602783e+02 5.4942199707e+02 5.4948498535e+02 5.4955499268e+02 5.4962097168e+02 5.4968701172e+02 5.4974200439e+02 5.4979498291e+02 5.4985998535e+02 5.4992498779e+02 5.4998797607e+02 5.5005297852e+02 5.5012097168e+02 5.5018798828e+02 5.5025500488e+02 5.5031896973e+02 5.5038201904e+02 5.5044396973e+02 5.5050402832e+02 5.5055902100e+02 5.5061297607e+02 5.5066497803e+02 5.5070898438e+02 5.5076300049e+02 5.5082598877e+02 5.5089300537e+02
5.5085498047e+02 5.5086499023e+02 5.5083001709e+02 5.5093597412e+02 5.5077600098e+02 5.4925897217e+02 5.4818402100e+02 5.4837298584e+02 5.4848602295e+02 5.4862500000e+02 5.4874902344e+02 5.4881799316e+02 5.4885101318e+02 5.4886602783e+02 5.4886102295e+02 5.4887701416e+02 5.4891699219e+02 5.4896301270e+02 5.4901300049e+02 5.4906500244e+02 5.4912298584e+02 5.4918298340e+02 5.4924902344e+02 5.4931701660e+02 5.4938397217e+02 5.4945001221e+02 5.4950897217e+02 5.4956597900e+02 5.4963098145e+02 5.4969598389e+02 5.4976098633e+02 5.4982800293e+02 5.4989501953e+02 5.4996099854e+02 5.5002697754e+02 5.5009002686e+02 5.5015301514e+02 5.5021502686e+02 5.5027600098e+02 5.5033300781e+02 5.5038702393e+02 5.5044000244e+02 5.5048602295e+02 5.5053900146e+02 5.5059997559e+02 5.5066601563e+02
5.5077801514e+02 5.5083099365e+02 5.5082702637e+02 5.5097802734e+02 5.5055102539e+02 5.4880499268e+02 5.4795599365e+02 5.4815502930e+02 5.4829797363e+02 5.4845098877e+02 5.4853601074e+02 5.4854498291e+02 5.4855700684e+02 5.4856298828e+02 5.4857598877e+02 5.4860998535e+02 5.4865399170e+02 5.4870501709e+02 5.4876000977e+02 5.4881799316e+02 5.4887902832e+02 5.4894201660e+02 5.4901202393e+02 5.4908099365e+02 5.4914801025e+02 5.4921398926e+02 5.4927697754e+02 5.4933697510e+02 5.4940197754e+02 5.4946697998e+02 5.4953399658e+02 5.4960198975e+02 5.4966802979e+02 5.4973297119e+02 5.4979797363e+02 5.4985998535e+02 5.4992297363e+02 5.4998498535e+02 5.5004797363e+02 5.5010498047e+02 5.5016101074e+02 5.5021301270e+02 5.5026098633e+02 5.5031298828e+02 5.5037200928e+02 5.5043597412e+02
