TESTSERVER/14/16.asc
NCOLS 100
NROWS 100
XLLCORNER 8.1997500000e+03
YLLCORNER 2.8915025000e+05
CELLSIZE 5.0000000000e-01
NODATA_VALUE -9.9990000000e+03
[rows 60 to 79 of 100, columns 0 to 45 of 100]
5.5749597168e+02 5.5748400879e+02 5.5751501465e+02 5.5751300049e+02 5.5735699463e+02 5.5731896973e+02 5.5756201172e+02 5.5784301758e+02 5.5787597656e+02 5.5788098145e+02 5.5792297363e+02 5.5798297119e+02 5.5805499268e+02 5.5812701416e+02 5.5820300293e+02 5.5829101563e+02 5.5834698486e+02 5.5840301514e+02 5.5847698975e+02 5.5857897949e+02 5.5869097900e+02 5.5881097412e+02 5.5893200684e+02 5.5901800537e+02 5.5910699463e+02 5.5919500732e+02 5.5928002930e+02 5.5939398193e+02 5.5950201416e+02 5.5960998535e+02 5.5972302246e+02 5.5982800293e+02 5.5989898682e+02 5.5995800781e+02 5.5999597168e+02 5.6016101074e+02 5.6031500244e+02 5.6040002441e+02 5.6040600586e+02 5.6048400879e+02 5.6056097412e+02 5.6064801025e+02 5.6070397949e+02 5.6072100830e+02 5.6071997070e+02 5.6072497559e+02
5.5727502441e+02 5.5728100586e+02 5.5731799316e+02 5.5704602051e+02 5.5656097412e+02 5.5625701904e+02 5.5635101318e+02 5.5688397217e+02 5.5734698486e+02 5.5761999512e+02 5.5768298340e+02 5.5780499268e+02 5.5785998535e+02 5.5788702393e+02 5.5795501709e+02 5.5804498291e+02 5.5806402588e+02 5.5808697510e+02 5.5820397949e+02 5.5834100342e+02 5.5845001221e+02 5.5855798340e+02 5.5864801025e+02 5.5872302246e+02 5.5880102539e+02 5.5887902832e+02 5.5895501709e+02 5.5904498291e+02 5.5914398193e+02 5.5924597168e+02 5.5935302734e+02 5.5945300293e+02 5.5953302002e+02 5.5960101318e+02 5.5963897705e+02 5.5973199463e+02 5.5986401367e+02 5.5997198486e+02 5.6004602051e+02 5.6010699463e+02 5.6016497803e+02 5.6023602295e+02 5.6033197021e+02 5.6039501953e+02 5.6043298340e+02 5.6044702148e+02
5.5682000732e+02 5.5702502441e+02 5.5712597656e+02 5.5662701416e+02 5.5595300293e+02 5.5552099609e+02 5.5544598389e+02 5.5585198975e+02 5.5639697266e+02 5.5681500244e+02 5.5708001709e+02 5.5736401367e+02 5.5750201416e+02 5.5760198975e+02 5.5773199463e+02 5.5784698486e+02 5.5787902832e+02 5.5789501953e+02 5.5798797607e+02 5.5811499023e+02 5.5821801758e+02 5.5831097412e+02 5.5836999512e+02 5.5842102051e+02 5.5849102783e+02 5.5856298828e+02 5.5863500977e+02 5.5871697998e+02 5.5880700684e+02 5.5889898682e+02 5.5898797607e+02 5.5907202148e+02 5.5915698242e+02 5.5924102783e+02 5.5931402588e+02 5.5937597656e+02 5.5946099854e+02 5.5957098389e+02 5.5971197510e+02 5.5979302979e+02 5.5984002686e+02 5.5988897705e+02 5.5996600342e+02 5.6005700684e+02 5.6011901855e+02 5.6013897705e+02
5.5638299561e+02 5.5672900391e+02 5.5679199219e+02 5.5617297363e+02 5.5553302002e+02 5.5522100830e+02 5.5518200684e+02 5.5530297852e+02 5.5557000732e+02 5.5584497070e+02 5.5619598389e+02 5.5662097168e+02 5.5686102295e+02 5.5709197998e+02 5.5737200928e+02 5.5755798340e+02 5.5765002441e+02 5.5769799805e+02 5.5777600098e+02 5.5788201904e+02 5.5797802734e+02 5.5805700684e+02 5.5808898926e+02 5.5812097168e+02 5.5818200684e+02 5.5825000000e+02 5.5832098389e+02 5.5839599609e+02 5.5847900391e+02 5.5856298828e+02 5.5863800049e+02 5.5871099854e+02 5.5879998779e+02 5.5889599609e+02 5.5901098633e+02 5.5908599854e+02 5.5913500977e+02 5.5921997070e+02 5.5937902832e+02 5.5948999023e+02 5.5954498291e+02 5.5958300781e+02 5.5963098145e+02 5.5973101807e+02 5.5980700684e+02 5.5982897949e+02
5.5619598389e+02 5.5652600098e+02 5.5645397949e+02 5.5573602295e+02 5.5526898193e+02 5.5519097900e+02 5.5526397705e+02 5.5524200439e+02 5.5523101807e+02 5.5524401855e+02 5.5537799072e+02 5.5578802490e+02 5.5605499268e+02 5.5634698486e+02 5.5663598633e+02 5.5697900391e+02 5.5716601563e+02 5.5732299805e+02 5.5742797852e+02 5.5760900879e+02 5.5773101807e+02 5.5781402588e+02 5.5785101318e+02 5.5782397461e+02 5.5787701416e+02 5.5793798828e+02 5.5800097656e+02 5.5808099365e+02 5.5816101074e+02 5.5824401855e+02 5.5833300781e+02 5.5838500977e+02 5.5846997070e+02 5.5857000732e+02 5.5869097900e+02 5.5877899170e+02 5.5883398438e+02 5.5888397217e+02 5.5897198486e+02 5.5914300537e+02 5.5922399902e+02 5.5927099609e+02 5.5932897949e+02 5.5941802979e+02 5.5948602295e+02 5.5951000977e+02
5.5590899658e+02 5.5609399414e+02 5.5590698242e+02 5.5542901611e+02 5.5521099854e+02 5.5522198486e+02 5.5524499512e+02 5.5523498535e+02 5.5523498535e+02 5.5523297119e+02 5.5519299316e+02 5.5530902100e+02 5.5544299316e+02 5.5561602783e+02 5.5593798828e+02 5.5626397705e+02 5.5650000000e+02 5.5674102783e+02 5.5700000000e+02 5.5721899414e+02 5.5737097168e+02 5.5747302246e+02 5.5749597168e+02 5.5751300049e+02 5.5757299805e+02 5.5763800049e+02 5.5770599365e+02 5.5777899170e+02 5.5785601807e+02 5.5794000244e+02 5.5802801514e+02 5.5809899902e+02 5.5817102051e+02 5.5824597168e+02 5.5833300781e+02 5.5841497803e+02 5.5850402832e+02 5.5857800293e+02 5.5864801025e+02 5.5877197266e+02 5.5886602783e+02 5.5894598389e+02 5.5902001953e+02 5.5909002686e+02 5.5915301514e+02 5.5919299316e+02
5.5548297119e+02 5.5550000000e+02 5.5535302734e+02 5.5520800781e+02 5.5518200684e+02 5.5522601318e+02 5.5522802734e+02 5.5521801758e+02 5.5522198486e+02 5.5521801758e+02 5.5517602539e+02 5.5518902588e+02 5.5520501709e+02 5.5524798584e+02 5.5543798828e+02 5.5577099609e+02 5.5602600098e+02 5.5628698730e+02 5.5659802246e+02 5.5684802246e+02 5.5699700928e+02 5.5709997559e+02 5.5714898682e+02 5.5720202637e+02 5.5727398682e+02 5.5734698486e+02 5.5741900635e+02 5.5748498535e+02 5.5755499268e+02 5.5763397217e+02 5.5772802734e+02 5.5781799316e+02 5.5788800049e+02 5.5794500732e+02 5.5799597168e+02 5.5806799316e+02 5.5816601563e+02 5.5826599121e+02 5.5835498047e+02 5.5844799805e+02 5.5853399658e+02 5.5862701416e+02 5.5871600342e+02 5.5878698730e+02 5.5885601807e+02 5.5890600586e+02
5.5522399902e+02 5.5518402100e+02 5.5515600586e+02 5.5517602539e+02 5.5519799805e+02 5.5522698975e+02 5.5522698975e+02 5.5521801758e+02 5.5521997070e+02 5.5521600342e+02 5.5521099854e+02 5.5521997070e+02 5.5518597412e+02 5.5515698242e+02 5.5518402100e+02 5.5543701172e+02 5.5568200684e+02 5.5593103027e+02 5.5624200439e+02 5.5649597168e+02 5.5664202881e+02 5.5674499512e+02 5.5681298828e+02 5.5689801025e+02 5.5698297119e+02 5.5706500244e+02 5.5713800049e+02 5.5719299316e+02 5.5725598145e+02 5.5733001709e+02 5.5742297363e+02 5.5752697754e+02 5.5760797119e+02 5.5765997314e+02 5.5769000244e+02 5.5775500488e+02 5.5785198975e+02 5.5795898438e+02 5.5806298828e+02 5.5814398193e+02 5.5821600342e+02 5.5830700684e+02 5.5840899658e+02 5.5849798584e+02 5.5857501221e+02 5.5862200928e+02
5.5520098877e+02 5.5520300293e+02 5.5524499512e+02 5.5520800781e+02 5.5519702148e+02 5.5520501709e+02 5.5521801758e+02 5.5522198486e+02 5.5522497559e+02 5.5522497559e+02 5.5521398926e+02 5.5521502686e+02 5.5520300293e+02 5.5518499756e+02 5.5516900635e+02 5.5527899170e+02 5.5546899414e+02 5.5566601563e+02 5.5587902832e+02 5.5614001465e+02 5.5629498291e+02 5.5642700195e+02 5.5654699707e+02 5.5661297607e+02 5.5671697998e+02 5.5680499268e+02 5.5686798096e+02 5.5689599609e+02 5.5694598389e+02 5.5701300049e+02 5.5708398438e+02 5.5720697021e+02 5.5731500244e+02 5.5739001465e+02 5.5742901611e+02 5.5746997070e+02 5.5754400635e+02 5.5763201904e+02 5.5772601318e+02 5.5782000732e+02 5.5788897705e+02 5.5797698975e+02 5.5809100342e+02 5.5821197510e+02 5.5829101563e+02 5.5831597900e+02
5.5505603027e+02 5.5496600342e+02 5.5501599121e+02 5.5510699463e+02 5.5517901611e+02 5.5523498535e+02 5.5524902344e+02 5.5522100830e+02 5.5520697021e+02 5.5520001221e+02 5.5518402100e+02 5.5518701172e+02 5.5519000244e+02 5.5517999268e+02 5.5517199707e+02 5.5528002930e+02 5.5540600586e+02 5.5554699707e+02 5.5568298340e+02 5.5581402588e+02 5.5595001221e+02 5.5608398438e+02 5.5621801758e+02 5.5634301758e+02 5.5645800781e+02 5.5654998779e+02 5.5660400391e+02 5.5662500000e+02 5.5665899658e+02 5.5671099854e+02 5.5676800537e+02 5.5683300781e+02 5.5693597412e+02 5.5704400635e+02 5.5713299561e+02 5.5721801758e+02 5.5726599121e+02 5.5730499268e+02 5.5739099121e+02 5.5748999023e+02 5.5755902100e+02 5.5763897705e+02 5.5775799561e+02 5.5791400146e+02 5.5800701904e+02 5.5802899170e+02
5.5476599121e+02 5.5455999756e+02 5.5459197998e+02 5.5472802734e+02 5.5488201904e+02 5.5503802490e+02 5.5515301514e+02 5.5518499756e+02 5.5518902588e+02 5.5518200684e+02 5.5517401123e+02 5.5518902588e+02 5.5518701172e+02 5.5517700195e+02 5.5517199707e+02 5.5524499512e+02 5.5532299805e+02 5.5541601563e+02 5.5549298096e+02 5.5556097412e+02 5.5565600586e+02 5.5576000977e+02 5.5589697266e+02 5.5604101563e+02 5.5615698242e+02 5.5625299072e+02 5.5631896973e+02 5.5634698486e+02 5.5638098145e+02 5.5642797852e+02 5.5648400879e+02 5.5653497314e+02 5.5661102295e+02 5.5670300293e+02 5.5679998779e+02 5.5693103027e+02 5.5699102783e+02 5.5701000977e+02 5.5708502197e+02 5.5717602539e+02 5.5723901367e+02 5.5731402588e+02 5.5742901611e+02 5.5758697510e+02 5.5768298340e+02 5.5771899414e+02
5.5447698975e+02 5.5422198486e+02 5.5422802734e+02 5.5430102539e+02 5.5442901611e+02 5.5460699463e+02 5.5482501221e+02 5.5500897217e+02 5.5512701416e+02 5.5520202637e+02 5.5520001221e+02 5.5517999268e+02 5.5516900635e+02 5.5516802979e+02 5.5516198730e+02 5.5517602539e+02 5.5520800781e+02 5.5525402832e+02 5.5530297852e+02 5.5533502197e+02 5.5539001465e+02 5.5546197510e+02 5.5558099365e+02 5.5572100830e+02 5.5583502197e+02 5.5593298340e+02 5.5600701904e+02 5.5604797363e+02 5.5609002686e+02 5.5614202881e+02 5.5621301270e+02 5.5628198242e+02 5.5634997559e+02 5.5642102051e+02 5.5648602295e+02 5.5662200928e+02 5.5670800781e+02 5.5674700928e+02 5.5681597900e+02 5.5687701416e+02 5.5693200684e+02 5.5700402832e+02 5.5710998535e+02 5.5723199463e+02 5.5730603027e+02 5.5734997559e+02
5.5434197998e+02 5.5421197510e+02 5.5425201416e+02 5.5415698242e+02 5.5414398193e+02 5.5418103027e+02 5.5427398682e+02 5.5458099365e+02 5.5489300537e+02 5.5515502930e+02 5.5513000488e+02 5.5503900146e+02 5.5502301025e+02 5.5507299805e+02 5.5510900879e+02 5.5508300781e+02 5.5507702637e+02 5.5506896973e+02 5.5507299805e+02 5.5511798096e+02 5.5514599609e+02 5.5519299316e+02 5.5526202393e+02 5.5537200928e+02 5.5547900391e+02 5.5558001709e+02 5.5562799072e+02 5.5570397949e+02 5.5577502441e+02 5.5584802246e+02 5.5592401123e+02 5.5599499512e+02 5.5607897949e+02 5.5615600586e+02 5.5623498535e+02 5.5631799316e+02 5.5640100098e+02 5.5646801758e+02 5.5656597900e+02 5.5660101318e+02 5.5664898682e+02 5.5671997070e+02 5.5684497070e+02 5.5691699219e+02 5.5695397949e+02 5.5698797607e+02
5.5415502930e+02 5.5412097168e+02 5.5417199707e+02 5.5421398926e+02 5.5417901611e+02 5.5414001465e+02 5.5411401367e+02 5.5415502930e+02 5.5436199951e+02 5.5458300781e+02 5.5458398438e+02 5.5453601074e+02 5.5460601807e+02 5.5475201416e+02 5.5488800049e+02 5.5491400146e+02 5.5491802979e+02 5.5490197754e+02 5.5486700439e+02 5.5487500000e+02 5.5491302490e+02 5.5496197510e+02 5.5500500488e+02 5.5507397461e+02 5.5517102051e+02 5.5526397705e+02 5.5532702637e+02 5.5538000488e+02 5.5544799805e+02 5.5551800537e+02 5.5558502197e+02 5.5566601563e+02 5.5576397705e+02 5.5585400391e+02 5.5594702148e+02 5.5601098633e+02 5.5606500244e+02 5.5614801025e+02 5.5629602051e+02 5.5635797119e+02 5.5640997314e+02 5.5646697998e+02 5.5654901123e+02 5.5662701416e+02 5.5666497803e+02 5.5668798828e+02
5.5389898682e+02 5.5390301514e+02 5.5399499512e+02 5.5413201904e+02 5.5419000244e+02 5.5421398926e+02 5.5418200684e+02 5.5408898926e+02 5.5409497070e+02 5.5413702393e+02 5.5414099121e+02 5.5418200684e+02 5.5426898193e+02 5.5442102051e+02 5.5459100342e+02 5.5466101074e+02 5.5467797852e+02 5.5467199707e+02 5.5463598633e+02 5.5463500977e+02 5.5467401123e+02 5.5472399902e+02 5.5476300049e+02 5.5482202148e+02 5.5490899658e+02 5.5498999023e+02 5.5504901123e+02 5.5509197998e+02 5.5514099121e+02 5.5519500732e+02 5.5525299072e+02 5.5533801270e+02 5.5542999268e+02 5.5551202393e+02 5.5561199951e+02 5.5568597412e+02 5.5575299072e+02 5.5586199951e+02 5.5601300049e+02 5.5609497070e+02 5.5616198730e+02 5.5620697021e+02 5.5624597168e+02 5.5630200195e+02 5.5634100342e+02 5.5636798096e+02
5.5361199951e+02 5.5365002441e+02 5.5367700195e+02 5.5378698730e+02 5.5396002197e+02 5.5409802246e+02 5.5419299316e+02 5.5417297363e+02 5.5414398193e+02 5.5411297607e+02 5.5404998779e+02 5.5406298828e+02 5.5409301758e+02 5.5416998291e+02 5.5428002930e+02 5.5436499023e+02 5.5439898682e+02 5.5440802002e+02 5.5439001465e+02 5.5439801025e+02 5.5443902588e+02 5.5448999023e+02 5.5453399658e+02 5.5459399414e+02 5.5467102051e+02 5.5474200439e+02 5.5479199219e+02 5.5482598877e+02 5.5485900879e+02 5.5489898682e+02 5.5494897461e+02 5.5503100586e+02 5.5510900879e+02 5.5518298340e+02 5.5528100586e+02 5.5535198975e+02 5.5541998291e+02 5.5553601074e+02 5.5567700195e+02 5.5578399658e+02 5.5587902832e+02 5.5593298340e+02 5.5595397949e+02 5.5598999023e+02 5.5602502441e+02 5.5605999756e+02
5.5324200439e+02 5.5330603027e+02 5.5327301025e+02 5.5328497314e+02 5.5345501709e+02 5.5364202881e+02 5.5383898926e+02 5.5391400146e+02 5.5406201172e+02 5.5417602539e+02 5.5417102051e+02 5.5413299561e+02 5.5409497070e+02 5.5404998779e+02 5.5400299072e+02 5.5405499268e+02 5.5410601807e+02 5.5414001465e+02 5.5416400146e+02 5.5417498779e+02 5.5421600342e+02 5.5426300049e+02 5.5432202148e+02 5.5438598633e+02 5.5445300293e+02 5.5451501465e+02 5.5456500244e+02 5.5457897949e+02 5.5459899902e+02 5.5462799072e+02 5.5467901611e+02 5.5476599121e+02 5.5483502197e+02 5.5491400146e+02 5.5501599121e+02 5.5505297852e+02 5.5507098389e+02 5.5514599609e+02 5.5529199219e+02 5.5543499756e+02 5.5555999756e+02 5.5564501953e+02 5.5569799805e+02 5.5572802734e+02 5.5575201416e+02 5.5578399658e+02
5.5285900879e+02 5.5296600342e+02 5.5308697510e+02 5.5317102051e+02 5.5322601318e+02 5.5325500488e+02 5.5327899170e+02 5.5328900146e+02 5.5351501465e+02 5.5379498291e+02 5.5394396973e+02 5.5399902344e+02 5.5398400879e+02 5.5388897705e+02 5.5374700928e+02 5.5377398682e+02 5.5383599854e+02 5.5388800049e+02 5.5392199707e+02 5.5395599365e+02 5.5399798584e+02 5.5404400635e+02 5.5410601807e+02 5.5417797852e+02 5.5424200439e+02 5.5430499268e+02 5.5435498047e+02 5.5436102295e+02 5.5436700439e+02 5.5438299561e+02 5.5443200684e+02 5.5450000000e+02 5.5456597900e+02 5.5464898682e+02 5.5473297119e+02 5.5478601074e+02 5.5481597900e+02 5.5487701416e+02 5.5501397705e+02 5.5510797119e+02 5.5521301270e+02 5.5530902100e+02 5.5539898682e+02 5.5546697998e+02 5.5549298096e+02 5.5550897217e+02
5.5251599121e+02 5.5267700195e+02 5.5290698242e+02 5.5309399414e+02 5.5315997314e+02 5.5315802002e+02 5.5312799072e+02 5.5307897949e+02 5.5313800049e+02 5.5328601074e+02 5.5347802734e+02 5.5360101318e+02 5.5361199951e+02 5.5353497314e+02 5.5344299316e+02 5.5350598145e+02 5.5357897949e+02 5.5364099121e+02 5.5368597412e+02 5.5372698975e+02 5.5377398682e+02 5.5382397461e+02 5.5388897705e+02 5.5395898438e+02 5.5402301025e+02 5.5408801270e+02 5.5415802002e+02 5.5419000244e+02 5.5420202637e+02 5.5421899414e+02 5.5425097656e+02 5.5428100586e+02 5.5433697510e+02 5.5441900635e+02 5.5449597168e+02 5.5455401611e+02 5.5458099365e+02 5.5461700439e+02 5.5473498535e+02 5.5482598877e+02 5.5490698242e+02 5.5498797607e+02 5.5508197021e+02 5.5516699219e+02 5.5521697998e+02 5.5523999023e+02
5.5214697266e+02 5.5236602783e+02 5.5267999268e+02 5.5289501953e+02 5.5299102783e+02 5.5304797363e+02 5.5311401367e+02 5.5311499023e+02 5.5306402588e+02 5.5304400635e+02 5.5311199951e+02 5.5321197510e+02 5.5321398926e+02 5.5315502930e+02 5.5314300537e+02 5.5325299072e+02 5.5333398438e+02 5.5340301514e+02 5.5345300293e+02 5.5349700928e+02 5.5354797363e+02 5.5360198975e+02 5.5366601563e+02 5.5373400879e+02 5.5379901123e+02 5.5386401367e+02 5.5395397949e+02 5.5402398682e+02 5.5405603027e+02 5.5408898926e+02 5.5411999512e+02 5.5411901855e+02 5.5414697266e+02 5.5421099854e+02 5.5427099609e+02 5.5432702637e+02 5.5435400391e+02 5.5437799072e+02 5.5448199463e+02 5.5458398438e+02 5.5465197754e+02 5.5471600342e+02 5.5479400635e+02 5.5487097168e+02 5.5494299316e+02 5.5498901367e+02
