TESTSERVER/14/17.asc
NCOLS 100
NROWS 100
XLLCORNER 8.1997500000e+03
YLLCORNER 2.8910025000e+05
CELLSIZE 5.0000000000e-01
NODATA_VALUE -9.9990000000e+03
[rows 40 to 59 of 100, columns 0 to 45 of 100]
5.4597698975e+02 5.4595697021e+02 5.4594201660e+02 5.4591699219e+02 5.4588598633e+02 5.4586700439e+02 5.4585302734e+02 5.4581500244e+02 5.4579901123e+02 5.4577600098e+02 5.4574597168e+02 5.4573297119e+02 5.4571502686e+02 5.4568798828e+02 5.4567199707e+02 5.4565002441e+02 5.4562200928e+02 5.4559399414e+02 5.4558197021e+02 5.4555297852e+02 5.4553198242e+02 5.4551397705e+02 5.4549902344e+02 5.4548101807e+02 5.4547601318e+02 5.4547100830e+02 5.4544299316e+02 5.4543402100e+02 5.4541601563e+02 5.4539001465e+02 5.4536499023e+02 5.4534301758e+02 5.4532702637e+02 5.4530102539e+02 5.4530401611e+02 5.4530499268e+02 5.4531402588e+02 5.4532800293e+02 5.4533398438e+02 5.4532598877e+02 5.4530798340e+02 5.4529998779e+02 5.4529699707e+02 5.4531201172e+02 5.4532702637e+02 5.4530603027e+02
5.4603100586e+02 5.4597198486e+02 5.4591900635e+02 5.4589300537e+02 5.4587200928e+02 5.4586602783e+02 5.4584002686e+02 5.4579699707e+02 5.4578802490e+02 5.4576898193e+02 5.4573999023e+02 5.4571801758e+02 5.4569702148e+02 5.4568499756e+02 5.4567700195e+02 5.4564202881e+02 5.4560900879e+02 5.4558697510e+02 5.4558197021e+02 5.4554998779e+02 5.4552502441e+02 5.4550097656e+02 5.4548101807e+02 5.4546801758e+02 5.4544201660e+02 5.4542700195e+02 5.4541198730e+02 5.4541101074e+02 5.4540002441e+02 5.4537701416e+02 5.4535797119e+02 5.4533398438e+02 5.4532299805e+02 5.4529602051e+02 5.4527899170e+02 5.4527301025e+02 5.4527899170e+02 5.4528802490e+02 5.4530200195e+02 5.4529998779e+02 5.4528399658e+02 5.4527001953e+02 5.4527600098e+02 5.4527502441e+02 5.4528302002e+02 5.4526800537e+02
5.4608099365e+02 5.4601898193e+02 5.4595001221e+02 5.4590698242e+02 5.4586999512e+02 5.4587500000e+02 5.4586297607e+02 5.4582098389e+02 5.4579498291e+02 5.4575897217e+02 5.4572698975e+02 5.4570697021e+02 5.4569201660e+02 5.4567999268e+02 5.4566400146e+02 5.4563201904e+02 5.4560601807e+02 5.4559002686e+02 5.4557098389e+02 5.4553900146e+02 5.4551397705e+02 5.4549902344e+02 5.4547900391e+02 5.4546099854e+02 5.4543200684e+02 5.4541497803e+02 5.4539099121e+02 5.4537200928e+02 5.4535198975e+02 5.4534197998e+02 5.4533801270e+02 5.4531896973e+02 5.4532397461e+02 5.4530999756e+02 5.4528002930e+02 5.4527001953e+02 5.4526501465e+02 5.4525897217e+02 5.4527697754e+02 5.4529400635e+02 5.4530999756e+02 5.4531799316e+02 5.4530200195e+02 5.4525701904e+02 5.4523498535e+02 5.4520898438e+02
5.4595202637e+02 5.4595501709e+02 5.4595800781e+02 5.4595001221e+02 5.4591601563e+02 5.4591497803e+02 5.4590399170e+02 5.4588098145e+02 5.4581298828e+02 5.4574298096e+02 5.4571398926e+02 5.4568597412e+02 5.4568298340e+02 5.4567602539e+02 5.4564501953e+02 5.4562097168e+02 5.4560198975e+02 5.4558697510e+02 5.4556799316e+02 5.4553900146e+02 5.4551098633e+02 5.4550000000e+02 5.4547601318e+02 5.4545202637e+02 5.4542797852e+02 5.4540899658e+02 5.4538201904e+02 5.4535601807e+02 5.4533398438e+02 5.4532897949e+02 5.4531701660e+02 5.4528601074e+02 5.4529498291e+02 5.4528802490e+02 5.4526098633e+02 5.4525299072e+02 5.4524200439e+02 5.4522601318e+02 5.4523797607e+02 5.4525097656e+02 5.4527001953e+02 5.4529498291e+02 5.4528002930e+02 5.4522302246e+02 5.4518499756e+02 5.4514099121e+02
5.4560101318e+02 5.4565698242e+02 5.4565802002e+02 5.4578302002e+02 5.4583801270e+02 5.4590600586e+02 5.4596099854e+02 5.4587799072e+02 5.4574200439e+02 5.4565399170e+02 5.4564599609e+02 5.4560998535e+02 5.4561999512e+02 5.4564099121e+02 5.4564202881e+02 5.4561999512e+02 5.4559197998e+02 5.4557000732e+02 5.4557299805e+02 5.4553997803e+02 5.4551397705e+02 5.4549597168e+02 5.4546697998e+02 5.4545300293e+02 5.4542602539e+02 5.4540600586e+02 5.4537200928e+02 5.4534997559e+02 5.4533502197e+02 5.4531799316e+02 5.4529400635e+02 5.4527301025e+02 5.4526898193e+02 5.4525299072e+02 5.4522802734e+02 5.4521301270e+02 5.4519897461e+02 5.4518902588e+02 5.4519299316e+02 5.4518902588e+02 5.4518103027e+02 5.4518402100e+02 5.4516802979e+02 5.4514697266e+02 5.4511901855e+02 5.4508197021e+02
5.4539599609e+02 5.4542297363e+02 5.4544201660e+02 5.4549401855e+02 5.4556896973e+02 5.4566998291e+02 5.4577899170e+02 5.4568902588e+02 5.4557202148e+02 5.4552899170e+02 5.4554101563e+02 5.4553302002e+02 5.4554699707e+02 5.4557397461e+02 5.4559497070e+02 5.4559002686e+02 5.4557299805e+02 5.4555401611e+02 5.4555902100e+02 5.4553100586e+02 5.4550701904e+02 5.4548297119e+02 5.4546197510e+02 5.4544299316e+02 5.4541400146e+02 5.4540100098e+02 5.4536602783e+02 5.4534002686e+02 5.4531597900e+02 5.4529998779e+02 5.4528302002e+02 5.4525897217e+02 5.4525201416e+02 5.4522802734e+02 5.4520397949e+02 5.4518701172e+02 5.4516497803e+02 5.4515502930e+02 5.4515698242e+02 5.4514801025e+02 5.4514202881e+02 5.4513500977e+02 5.4511102295e+02 5.4511499023e+02 5.4509899902e+02 5.4506500244e+02
5.4537799072e+02 5.4538201904e+02 5.4537701416e+02 5.4538500977e+02 5.4540197754e+02 5.4543103027e+02 5.4548199463e+02 5.4546600342e+02 5.4546899414e+02 5.4548699951e+02 5.4549902344e+02 5.4551501465e+02 5.4552697754e+02 5.4553900146e+02 5.4555902100e+02 5.4555401611e+02 5.4554699707e+02 5.4554101563e+02 5.4554302979e+02 5.4551202393e+02 5.4548297119e+02 5.4546197510e+02 5.4544299316e+02 5.4542498779e+02 5.4540997314e+02 5.4539202881e+02 5.4535797119e+02 5.4533300781e+02 5.4531097412e+02 5.4529901123e+02 5.4527899170e+02 5.4525299072e+02 5.4524200439e+02 5.4521697998e+02 5.4519500732e+02 5.4517999268e+02 5.4515698242e+02 5.4513800049e+02 5.4513000488e+02 5.4511798096e+02 5.4511700439e+02 5.4510699463e+02 5.4507897949e+02 5.4508300781e+02 5.4506402588e+02 5.4503900146e+02
5.4539300537e+02 5.4539398193e+02 5.4540100098e+02 5.4540802002e+02 5.4539801025e+02 5.4537402344e+02 5.4536602783e+02 5.4542297363e+02 5.4546899414e+02 5.4548602295e+02 5.4549298096e+02 5.4552301025e+02 5.4553302002e+02 5.4553399658e+02 5.4554901123e+02 5.4554101563e+02 5.4553002930e+02 5.4552197266e+02 5.4552099609e+02 5.4547497559e+02 5.4542401123e+02 5.4538500977e+02 5.4536901855e+02 5.4538201904e+02 5.4539501953e+02 5.4538000488e+02 5.4535101318e+02 5.4532098389e+02 5.4530297852e+02 5.4529101563e+02 5.4526397705e+02 5.4523797607e+02 5.4522998047e+02 5.4520898438e+02 5.4518402100e+02 5.4516998291e+02 5.4515502930e+02 5.4513299561e+02 5.4511499023e+02 5.4509698486e+02 5.4509301758e+02 5.4507800293e+02 5.4505401611e+02 5.4505297852e+02 5.4502899170e+02 5.4501098633e+02
5.4539801025e+02 5.4539697266e+02 5.4540502930e+02 5.4542700195e+02 5.4544299316e+02 5.4542797852e+02 5.4541601563e+02 5.4544799805e+02 5.4546997070e+02 5.4548498535e+02 5.4550097656e+02 5.4551898193e+02 5.4552600098e+02 5.4552398682e+02 5.4552899170e+02 5.4551702881e+02 5.4550500488e+02 5.4548999023e+02 5.4548297119e+02 5.4544000244e+02 5.4539300537e+02 5.4534399414e+02 5.4531097412e+02 5.4532397461e+02 5.4534802246e+02 5.4535101318e+02 5.4534399414e+02 5.4531298828e+02 5.4528802490e+02 5.4527197266e+02 5.4525500488e+02 5.4522198486e+02 5.4521502686e+02 5.4520001221e+02 5.4517797852e+02 5.4516497803e+02 5.4515502930e+02 5.4513500977e+02 5.4511401367e+02 5.4508697510e+02 5.4507702637e+02 5.4505700684e+02 5.4503497314e+02 5.4503399658e+02 5.4501300049e+02 5.4499401855e+02
5.4540197754e+02 5.4540899658e+02 5.4540197754e+02 5.4542199707e+02 5.4544598389e+02 5.4543597412e+02 5.4542700195e+02 5.4544500732e+02 5.4546301270e+02 5.4547198486e+02 5.4547198486e+02 5.4548101807e+02 5.4549102783e+02 5.4549700928e+02 5.4550500488e+02 5.4549200439e+02 5.4547698975e+02 5.4544799805e+02 5.4544500732e+02 5.4541497803e+02 5.4538000488e+02 5.4534600830e+02 5.4531298828e+02 5.4531402588e+02 5.4531799316e+02 5.4531201172e+02 5.4530200195e+02 5.4529797363e+02 5.4528802490e+02 5.4526800537e+02 5.4523602295e+02 5.4520599365e+02 5.4519897461e+02 5.4519201660e+02 5.4517602539e+02 5.4515399170e+02 5.4513702393e+02 5.4511999512e+02 5.4510797119e+02 5.4507897949e+02 5.4506500244e+02 5.4504901123e+02 5.4503002930e+02 5.4502001953e+02 5.4500000000e+02 5.4498199463e+02
5.4540100098e+02 5.4540197754e+02 5.4540502930e+02 5.4542700195e+02 5.4543499756e+02 5.4541302490e+02 5.4540100098e+02 5.4541699219e+02 5.4543597412e+02 5.4544702148e+02 5.4544598389e+02 5.4545501709e+02 5.4546600342e+02 5.4546899414e+02 5.4546801758e+02 5.4545001221e+02 5.4543902588e+02 5.4541802979e+02 5.4541302490e+02 5.4540197754e+02 5.4539300537e+02 5.4537500000e+02 5.4533898926e+02 5.4532202148e+02 5.4530200195e+02 5.4528497314e+02 5.4526397705e+02 5.4526501465e+02 5.4525402832e+02 5.4522900391e+02 5.4520001221e+02 5.4518200684e+02 5.4517297363e+02 5.4516601563e+02 5.4515399170e+02 5.4512799072e+02 5.4510900879e+02 5.4509698486e+02 5.4509399414e+02 5.4507202148e+02 5.4504998779e+02 5.4502801514e+02 5.4501501465e+02 5.4500701904e+02 5.4498999023e+02 5.4497698975e+02
5.4541302490e+02 5.4539697266e+02 5.4541101074e+02 5.4543103027e+02 5.4542602539e+02 5.4540502930e+02 5.4539099121e+02 5.4540997314e+02 5.4543103027e+02 5.4544000244e+02 5.4544097900e+02 5.4545898438e+02 5.4546398926e+02 5.4545501709e+02 5.4543701172e+02 5.4540899658e+02 5.4540301514e+02 5.4540197754e+02 5.4538897705e+02 5.4537902832e+02 5.4538201904e+02 5.4537799072e+02 5.4535101318e+02 5.4532397461e+02 5.4529400635e+02 5.4527600098e+02 5.4524200439e+02 5.4523901367e+02 5.4521697998e+02 5.4519097900e+02 5.4517700195e+02 5.4515997314e+02 5.4514202881e+02 5.4511798096e+02 5.4511297607e+02 5.4510601807e+02 5.4509100342e+02 5.4507598877e+02 5.4506597900e+02 5.4506597900e+02 5.4505102539e+02 5.4502301025e+02 5.4500897217e+02 5.4499499512e+02 5.4497302246e+02 5.4496002197e+02
5.4539697266e+02 5.4539300537e+02 5.4539697266e+02 5.4539801025e+02 5.4539501953e+02 5.4540399170e+02 5.4544598389e+02 5.4546301270e+02 5.4547198486e+02 5.4546899414e+02 5.4547497559e+02 5.4546697998e+02 5.4545898438e+02 5.4544000244e+02 5.4541802979e+02 5.4539099121e+02 5.4538800049e+02 5.4539001465e+02 5.4537402344e+02 5.4535900879e+02 5.4534600830e+02 5.4534698486e+02 5.4533801270e+02 5.4529998779e+02 5.4526702881e+02 5.4524597168e+02 5.4521398926e+02 5.4521502686e+02 5.4519500732e+02 5.4517797852e+02 5.4517199707e+02 5.4514898682e+02 5.4513098145e+02 5.4509497070e+02 5.4507800293e+02 5.4509600830e+02 5.4509399414e+02 5.4507098389e+02 5.4504998779e+02 5.4504699707e+02 5.4504797363e+02 5.4502398682e+02 5.4500201416e+02 5.4498901367e+02 5.4496398926e+02 5.4494500732e+02
5.4538598633e+02 5.4539501953e+02 5.4540698242e+02 5.4540301514e+02 5.4540502930e+02 5.4542602539e+02 5.4546197510e+02 5.4546801758e+02 5.4547399902e+02 5.4547399902e+02 5.4546502686e+02 5.4544799805e+02 5.4543701172e+02 5.4542401123e+02 5.4539697266e+02 5.4535699463e+02 5.4535198975e+02 5.4535900879e+02 5.4536199951e+02 5.4534600830e+02 5.4532800293e+02 5.4532702637e+02 5.4530200195e+02 5.4527600098e+02 5.4524401855e+02 5.4521997070e+02 5.4518902588e+02 5.4517999268e+02 5.4516101074e+02 5.4515002441e+02 5.4514697266e+02 5.4513299561e+02 5.4511798096e+02 5.4508300781e+02 5.4507000732e+02 5.4508502197e+02 5.4507202148e+02 5.4504199219e+02 5.4501202393e+02 5.4501098633e+02 5.4501898193e+02 5.4500000000e+02 5.4499700928e+02 5.4498797607e+02 5.4496099854e+02 5.4494598389e+02
5.4540100098e+02 5.4541400146e+02 5.4542199707e+02 5.4541302490e+02 5.4541400146e+02 5.4543103027e+02 5.4546099854e+02 5.4546502686e+02 5.4546502686e+02 5.4545898438e+02 5.4544201660e+02 5.4541998291e+02 5.4540399170e+02 5.4538897705e+02 5.4536999512e+02 5.4533599854e+02 5.4532098389e+02 5.4532501221e+02 5.4533197021e+02 5.4531896973e+02 5.4530401611e+02 5.4529199219e+02 5.4527001953e+02 5.4525097656e+02 5.4521997070e+02 5.4519000244e+02 5.4515997314e+02 5.4513800049e+02 5.4511999512e+02 5.4511700439e+02 5.4512298584e+02 5.4511798096e+02 5.4510198975e+02 5.4507397461e+02 5.4506097412e+02 5.4506402588e+02 5.4504699707e+02 5.4502398682e+02 5.4499902344e+02 5.4499700928e+02 5.4501599121e+02 5.4501702881e+02 5.4501098633e+02 5.4499200439e+02 5.4496301270e+02 5.4494097900e+02
5.4541802979e+02 5.4543200684e+02 5.4543200684e+02 5.4541302490e+02 5.4541101074e+02 5.4541998291e+02 5.4544299316e+02 5.4544799805e+02 5.4544396973e+02 5.4543298340e+02 5.4540899658e+02 5.4537597656e+02 5.4535101318e+02 5.4532800293e+02 5.4532299805e+02 5.4532897949e+02 5.4531201172e+02 5.4530798340e+02 5.4531298828e+02 5.4529797363e+02 5.4527899170e+02 5.4525299072e+02 5.4523297119e+02 5.4522100830e+02 5.4519598389e+02 5.4515997314e+02 5.4513098145e+02 5.4509497070e+02 5.4507299805e+02 5.4508099365e+02 5.4509301758e+02 5.4508898926e+02 5.4507397461e+02 5.4505798340e+02 5.4505200195e+02 5.4503698730e+02 5.4501599121e+02 5.4501000977e+02 5.4499902344e+02 5.4498901367e+02 5.4502398682e+02 5.4506298828e+02 5.4505798340e+02 5.4504602051e+02 5.4501898193e+02 5.4496997070e+02
5.4541802979e+02 5.4541998291e+02 5.4540802002e+02 5.4540002441e+02 5.4539001465e+02 5.4538598633e+02 5.4539599609e+02 5.4541900635e+02 5.4540698242e+02 5.4538702393e+02 5.4533502197e+02 5.4531402588e+02 5.4527801514e+02 5.4524499512e+02 5.4523199463e+02 5.4530200195e+02 5.4530798340e+02 5.4529901123e+02 5.4529797363e+02 5.4528601074e+02 5.4525701904e+02 5.4522302246e+02 5.4519000244e+02 5.4517602539e+02 5.4515899658e+02 5.4512200928e+02 5.4507202148e+02 5.4504400635e+02 5.4503002930e+02 5.4505297852e+02 5.4505999756e+02 5.4506201172e+02 5.4505200195e+02 5.4503698730e+02 5.4503198242e+02 5.4500897217e+02 5.4498602295e+02 5.4499401855e+02 5.4499401855e+02 5.4497698975e+02 5.4500897217e+02 5.4507299805e+02 5.4509899902e+02 5.4509100342e+02 5.4506799316e+02 5.4501098633e+02
5.4540698242e+02 5.4539801025e+02 5.4539202881e+02 5.4538098145e+02 5.4537097168e+02 5.4536401367e+02 5.4537597656e+02 5.4538598633e+02 5.4537097168e+02 5.4534600830e+02 5.4530798340e+02 5.4527197266e+02 5.4523699951e+02 5.4520300293e+02 5.4515802002e+02 5.4524499512e+02 5.4529602051e+02 5.4529302979e+02 5.4527697754e+02 5.4527197266e+02 5.4523999023e+02 5.4519500732e+02 5.4516400146e+02 5.4514898682e+02 5.4513397217e+02 5.4509600830e+02 5.4504101563e+02 5.4499798584e+02 5.4498498535e+02 5.4501800537e+02 5.4503100586e+02 5.4502899170e+02 5.4503100586e+02 5.4501501465e+02 5.4499401855e+02 5.4498602295e+02 5.4497497559e+02 5.4497698975e+02 5.4497802734e+02 5.4498498535e+02 5.4500701904e+02 5.4504199219e+02 5.4507800293e+02 5.4509802246e+02 5.4509497070e+02 5.4505499268e+02
5.4539599609e+02 5.4538598633e+02 5.4537597656e+02 5.4536602783e+02 5.4535797119e+02 5.4535302734e+02 5.4535900879e+02 5.4536297607e+02 5.4534899902e+02 5.4532702637e+02 5.4528997803e+02 5.4525097656e+02 5.4521398926e+02 5.4517797852e+02 5.4512701416e+02 5.4522698975e+02 5.4529101563e+02 5.4528802490e+02 5.4526397705e+02 5.4525402832e+02 5.4522802734e+02 5.4519598389e+02 5.4515802002e+02 5.4512902832e+02 5.4510302734e+02 5.4506402588e+02 5.4500299072e+02 5.4495898438e+02 5.4495800781e+02 5.4497698975e+02 5.4498699951e+02 5.4499102783e+02 5.4499902344e+02 5.4498699951e+02 5.4496997070e+02 5.4496997070e+02 5.4495697021e+02 5.4494799805e+02 5.4495001221e+02 5.4496600342e+02 5.4499401855e+02 5.4501202393e+02 5.4504199219e+02 5.4509301758e+02 5.4510699463e+02 5.4507397461e+02
5.4538397217e+02 5.4537298584e+02 5.4536102295e+02 5.4535198975e+02 5.4534600830e+02 5.4534301758e+02 5.4534600830e+02 5.4534600830e+02 5.4533398438e+02 5.4531298828e+02 5.4528100586e+02 5.4524298096e+02 5.4520501709e+02 5.4516699219e+02 5.4513500977e+02 5.4522998047e+02 5.4528100586e+02 5.4527197266e+02 5.4525402832e+02 5.4523498535e+02 5.4520697021e+02 5.4519097900e+02 5.4515399170e+02 5.4510998535e+02 5.4507299805e+02 5.4503198242e+02 5.4495697021e+02 5.4492602539e+02 5.4492999268e+02 5.4493597412e+02 5.4495098877e+02 5.4496099854e+02 5.4496197510e+02 5.4495001221e+02 5.4494201660e+02 5.4495697021e+02 5.4494702148e+02 5.4493902588e+02 5.4494799805e+02 5.4495800781e+02 5.4498297119e+02 5.4499401855e+02 5.4502301025e+02 5.4508099365e+02 5.4509100342e+02 5.4505700684e+02
