TESTSERVER/14/17.asc
NCOLS 100
NROWS 100
XLLCORNER 8.1997500000e+03
YLLCORNER 2.8910025000e+05
CELLSIZE 5.0000000000e-01
NODATA_VALUE -9.9990000000e+03
[rows 0 to 19 of 100, columns 46 to 91 of 100]
5.5025799561e+02 5.5033502197e+02 5.5039697266e+02 5.5045501709e+02 5.5052600098e+02 5.5055297852e+02 5.5055297852e+02 5.5052398682e+02 5.5047497559e+02 5.5032702637e+02 5.5019500732e+02 5.5007098389e+02 5.5001397705e+02 5.5011999512e+02 5.5032501221e+02 5.5057202148e+02 5.5078802490e+02 5.5086700439e+02 5.5087799072e+02 5.5087500000e+02 5.5090899658e+02 5.5092999268e+02 5.5097198486e+02 5.5102502441e+02 5.5107501221e+02 5.5109197998e+02 5.5112402344e+02 5.5117297363e+02 5.5123498535e+02 5.5127301025e+02 5.5131597900e+02 5.5136102295e+02 5.5140002441e+02 5.5145697021e+02 5.5146801758e+02 5.5149200439e+02 5.5167102051e+02 5.5203100586e+02 5.5227001953e+02 5.5244500732e+02 5.5254199219e+02 5.5260101318e+02 5.5264398193e+02 5.5266802979e+02 5.5267797852e+02 5.5265100098e+02
5.5002099609e+02 5.5008697510e+02 5.5014898682e+02 5.5020898438e+02 5.5027801514e+02 5.5031701660e+02 5.5033099365e+02 5.5032702637e+02 5.5030297852e+02 5.5023101807e+02 5.5014398193e+02 5.5006298828e+02 5.5000500488e+02 5.5002197266e+02 5.5013702393e+02 5.5034497070e+02 5.5054400635e+02 5.5065399170e+02 5.5067102051e+02 5.5065600586e+02 5.5070599365e+02 5.5069598389e+02 5.5071801758e+02 5.5077099609e+02 5.5082202148e+02 5.5085498047e+02 5.5088500977e+02 5.5093103027e+02 5.5098999023e+02 5.5102001953e+02 5.5106799316e+02 5.5111199951e+02 5.5115502930e+02 5.5120501709e+02 5.5121099854e+02 5.5123199463e+02 5.5141400146e+02 5.5172100830e+02 5.5194500732e+02 5.5214697266e+02 5.5233300781e+02 5.5246398926e+02 5.5254699707e+02 5.5259997559e+02 5.5262799072e+02 5.5264898682e+02
5.4978497314e+02 5.4984301758e+02 5.4990002441e+02 5.4995800781e+02 5.5002801514e+02 5.5008197021e+02 5.5010998535e+02 5.5012200928e+02 5.5013201904e+02 5.5011999512e+02 5.5007397461e+02 5.5002502441e+02 5.5000897217e+02 5.5002001953e+02 5.5004400635e+02 5.5013897705e+02 5.5027398682e+02 5.5041699219e+02 5.5046801758e+02 5.5045001221e+02 5.5046899414e+02 5.5046899414e+02 5.5050201416e+02 5.5054498291e+02 5.5057098389e+02 5.5059899902e+02 5.5063800049e+02 5.5067999268e+02 5.5073602295e+02 5.5077697754e+02 5.5082397461e+02 5.5085302734e+02 5.5089099121e+02 5.5094500732e+02 5.5096002197e+02 5.5099102783e+02 5.5116900635e+02 5.5146002197e+02 5.5168103027e+02 5.5188598633e+02 5.5209899902e+02 5.5227697754e+02 5.5238897705e+02 5.5247100830e+02 5.5253497314e+02 5.5259698486e+02
5.4954901123e+02 5.4959997559e+02 5.4965399170e+02 5.4970898438e+02 5.4977600098e+02 5.4984002686e+02 5.4988098145e+02 5.4990698242e+02 5.4994702148e+02 5.4998400879e+02 5.4997100830e+02 5.4994897461e+02 5.4996301270e+02 5.5003698730e+02 5.5004699707e+02 5.5005200195e+02 5.5008801270e+02 5.5018298340e+02 5.5025402832e+02 5.5025897217e+02 5.5025000000e+02 5.5025500488e+02 5.5028198242e+02 5.5031298828e+02 5.5033001709e+02 5.5035400391e+02 5.5040301514e+02 5.5044097900e+02 5.5048297119e+02 5.5052801514e+02 5.5056896973e+02 5.5059497070e+02 5.5063299561e+02 5.5069299316e+02 5.5072399902e+02 5.5077502441e+02 5.5093902588e+02 5.5119897461e+02 5.5141497803e+02 5.5162097168e+02 5.5184301758e+02 5.5204498291e+02 5.5218200684e+02 5.5228997803e+02 5.5238500977e+02 5.5248101807e+02
5.4930603027e+02 5.4936102295e+02 5.4940600586e+02 5.4945001221e+02 5.4948297119e+02 5.4957000732e+02 5.4962500000e+02 5.4967498779e+02 5.4978399658e+02 5.4981799316e+02 5.4980499268e+02 5.4978900146e+02 5.4980798340e+02 5.4994299316e+02 5.5002398682e+02 5.5003302002e+02 5.5002801514e+02 5.5004302979e+02 5.5007397461e+02 5.5009802246e+02 5.5008697510e+02 5.5006298828e+02 5.5006201172e+02 5.5009301758e+02 5.5012902832e+02 5.5015600586e+02 5.5020001221e+02 5.5023498535e+02 5.5025402832e+02 5.5027301025e+02 5.5030297852e+02 5.5033197021e+02 5.5038897705e+02 5.5043902588e+02 5.5048901367e+02 5.5056402588e+02 5.5070098877e+02 5.5092401123e+02 5.5112701416e+02 5.5133099365e+02 5.5152001953e+02 5.5173101807e+02 5.5188201904e+02 5.5201397705e+02 5.5209802246e+02 5.5224700928e+02
5.4906799316e+02 5.4911602783e+02 5.4915399170e+02 5.4918597412e+02 5.4922302246e+02 5.4927801514e+02 5.4932800293e+02 5.4938098145e+02 5.4947998047e+02 5.4954302979e+02 5.4953002930e+02 5.4952801514e+02 5.4959002686e+02 5.4975097656e+02 5.4991497803e+02 5.4997497559e+02 5.4996398926e+02 5.4998199463e+02 5.4997698975e+02 5.4995397949e+02 5.4990100098e+02 5.4987500000e+02 5.4986401367e+02 5.4986602783e+02 5.4987597656e+02 5.4992297363e+02 5.4997998047e+02 5.5001098633e+02 5.5002899170e+02 5.5003302002e+02 5.5006201172e+02 5.5009997559e+02 5.5016302490e+02 5.5019500732e+02 5.5024102783e+02 5.5032299805e+02 5.5047100830e+02 5.5066699219e+02 5.5085198975e+02 5.5104602051e+02 5.5125097656e+02 5.5141900635e+02 5.5156597900e+02 5.5170001221e+02 5.5183001709e+02 5.5193597412e+02
5.4883197021e+02 5.4887298584e+02 5.4890802002e+02 5.4893701172e+02 5.4896600342e+02 5.4900598145e+02 5.4904699707e+02 5.4909197998e+02 5.4915899658e+02 5.4921099854e+02 5.4922998047e+02 5.4926898193e+02 5.4935101318e+02 5.4947198486e+02 5.4968103027e+02 5.4980200195e+02 5.4981298828e+02 5.4982598877e+02 5.4980401611e+02 5.4975097656e+02 5.4968798828e+02 5.4967901611e+02 5.4965502930e+02 5.4963000488e+02 5.4962902832e+02 5.4966699219e+02 5.4972100830e+02 5.4976397705e+02 5.4979699707e+02 5.4980700684e+02 5.4984002686e+02 5.4988299561e+02 5.4993798828e+02 5.4995800781e+02 5.5000000000e+02 5.5008502197e+02 5.5024401855e+02 5.5043597412e+02 5.5061297607e+02 5.5079699707e+02 5.5099401855e+02 5.5116101074e+02 5.5130798340e+02 5.5144201660e+02 5.5157000732e+02 5.5167401123e+02
5.4859899902e+02 5.4863500977e+02 5.4866699219e+02 5.4869396973e+02 5.4871301270e+02 5.4873602295e+02 5.4876800537e+02 5.4880603027e+02 5.4884301758e+02 5.4889001465e+02 5.4894702148e+02 5.4903198242e+02 5.4914697266e+02 5.4921301270e+02 5.4940698242e+02 5.4954400635e+02 5.4956597900e+02 5.4956298828e+02 5.4954998779e+02 5.4950598145e+02 5.4946801758e+02 5.4948199463e+02 5.4946197510e+02 5.4944000244e+02 5.4945098877e+02 5.4947998047e+02 5.4951300049e+02 5.4954998779e+02 5.4958099365e+02 5.4959997559e+02 5.4962799072e+02 5.4967199707e+02 5.4971997070e+02 5.4972698975e+02 5.4976702881e+02 5.4985699463e+02 5.5002600098e+02 5.5021398926e+02 5.5038500977e+02 5.5056097412e+02 5.5075000000e+02 5.5091601563e+02 5.5106097412e+02 5.5119396973e+02 5.5131896973e+02 5.5142199707e+02
5.4836199951e+02 5.4840197754e+02 5.4842498779e+02 5.4843902588e+02 5.4842700195e+02 5.4845001221e+02 5.4845800781e+02 5.4847100830e+02 5.4848297119e+02 5.4861102295e+02 5.4870300293e+02 5.4883502197e+02 5.4902899170e+02 5.4912298584e+02 5.4924298096e+02 5.4932202148e+02 5.4932098389e+02 5.4929602051e+02 5.4929302979e+02 5.4927697754e+02 5.4929101563e+02 5.4928399658e+02 5.4927801514e+02 5.4928002930e+02 5.4929699707e+02 5.4932702637e+02 5.4933300781e+02 5.4935601807e+02 5.4938702393e+02 5.4939501953e+02 5.4940301514e+02 5.4944500732e+02 5.4951898193e+02 5.4952001953e+02 5.4956201172e+02 5.4965301514e+02 5.4982397461e+02 5.5000701904e+02 5.5016900635e+02 5.5033502197e+02 5.5051898193e+02 5.5068298340e+02 5.5082202148e+02 5.5095202637e+02 5.5107702637e+02 5.5117602539e+02
5.4814001465e+02 5.4817999268e+02 5.4820001221e+02 5.4821099854e+02 5.4820599365e+02 5.4819702148e+02 5.4819799805e+02 5.4820599365e+02 5.4822399902e+02 5.4831799316e+02 5.4845098877e+02 5.4863098145e+02 5.4885198975e+02 5.4897302246e+02 5.4906097412e+02 5.4910400391e+02 5.4908898926e+02 5.4905102539e+02 5.4906298828e+02 5.4906201172e+02 5.4907800293e+02 5.4906201172e+02 5.4907897949e+02 5.4910699463e+02 5.4912597656e+02 5.4915197754e+02 5.4915002441e+02 5.4916302490e+02 5.4918701172e+02 5.4920202637e+02 5.4919396973e+02 5.4923400879e+02 5.4932702637e+02 5.4935198975e+02 5.4940698242e+02 5.4950598145e+02 5.4965197754e+02 5.4981201172e+02 5.4996801758e+02 5.5012701416e+02 5.5030102539e+02 5.5045599365e+02 5.5059100342e+02 5.5071997070e+02 5.5084399414e+02 5.5093798828e+02
5.4792602539e+02 5.4796697998e+02 5.4799401855e+02 5.4801202393e+02 5.4800500488e+02 5.4799798584e+02 5.4801397705e+02 5.4803698730e+02 5.4803399658e+02 5.4809399414e+02 5.4824298096e+02 5.4844799805e+02 5.4865802002e+02 5.4873101807e+02 5.4877899170e+02 5.4878997803e+02 5.4878002930e+02 5.4877899170e+02 5.4883197021e+02 5.4884600830e+02 5.4884100342e+02 5.4881701660e+02 5.4885699463e+02 5.4890600586e+02 5.4893499756e+02 5.4895300293e+02 5.4895697021e+02 5.4897998047e+02 5.4900097656e+02 5.4902301025e+02 5.4901800537e+02 5.4904901123e+02 5.4910302734e+02 5.4912097168e+02 5.4919702148e+02 5.4931201172e+02 5.4945800781e+02 5.4960400391e+02 5.4975799561e+02 5.4991497803e+02 5.5008001709e+02 5.5022698975e+02 5.5036297607e+02 5.5049200439e+02 5.5061297607e+02 5.5070599365e+02
5.4771899414e+02 5.4776300049e+02 5.4779797363e+02 5.4782397461e+02 5.4782501221e+02 5.4783300781e+02 5.4786602783e+02 5.4790600586e+02 5.4793597412e+02 5.4797900391e+02 5.4808697510e+02 5.4825701904e+02 5.4846099854e+02 5.4854302979e+02 5.4855603027e+02 5.4852001953e+02 5.4849700928e+02 5.4852697754e+02 5.4858697510e+02 5.4860601807e+02 5.4861297607e+02 5.4859698486e+02 5.4863000488e+02 5.4867102051e+02 5.4869799805e+02 5.4870697021e+02 5.4872399902e+02 5.4876702881e+02 5.4880499268e+02 5.4882897949e+02 5.4882800293e+02 5.4884997559e+02 5.4884100342e+02 5.4884497070e+02 5.4894500732e+02 5.4908197021e+02 5.4924401855e+02 5.4939099121e+02 5.4954400635e+02 5.4970001221e+02 5.4985797119e+02 5.4999902344e+02 5.5013500977e+02 5.5026501465e+02 5.5038500977e+02 5.5047900391e+02
5.4753601074e+02 5.4756701660e+02 5.4760302734e+02 5.4763299561e+02 5.4763397217e+02 5.4768902588e+02 5.4775402832e+02 5.4782202148e+02 5.4789501953e+02 5.4790301514e+02 5.4790899658e+02 5.4798400879e+02 5.4814099121e+02 5.4829498291e+02 5.4836700439e+02 5.4833502197e+02 5.4828302002e+02 5.4830297852e+02 5.4833801270e+02 5.4835400391e+02 5.4836999512e+02 5.4836999512e+02 5.4840899658e+02 5.4845001221e+02 5.4847497559e+02 5.4848901367e+02 5.4850097656e+02 5.4852899170e+02 5.4859698486e+02 5.4862298584e+02 5.4860900879e+02 5.4855297852e+02 5.4840301514e+02 5.4852197266e+02 5.4864202881e+02 5.4879699707e+02 5.4897302246e+02 5.4917901611e+02 5.4933801270e+02 5.4949102783e+02 5.4963000488e+02 5.4976800537e+02 5.4990502930e+02 5.5003698730e+02 5.5015802002e+02 5.5025598145e+02
5.4734100342e+02 5.4738299561e+02 5.4742102051e+02 5.4745397949e+02 5.4746697998e+02 5.4751501465e+02 5.4759600830e+02 5.4766998291e+02 5.4771099854e+02 5.4769799805e+02 5.4763800049e+02 5.4764398193e+02 5.4775500488e+02 5.4787097168e+02 5.4800097656e+02 5.4806597900e+02 5.4809497070e+02 5.4808001709e+02 5.4804699707e+02 5.4803802490e+02 5.4804400635e+02 5.4805102539e+02 5.4812097168e+02 5.4819396973e+02 5.4822601318e+02 5.4831500244e+02 5.4835900879e+02 5.4832501221e+02 5.4832598877e+02 5.4837298584e+02 5.4832397461e+02 5.4815399170e+02 5.4808599854e+02 5.4824200439e+02 5.4836401367e+02 5.4852301025e+02 5.4874798584e+02 5.4895898438e+02 5.4911798096e+02 5.4926599121e+02 5.4940100098e+02 5.4953900146e+02 5.4967498779e+02 5.4980499268e+02 5.4992797852e+02 5.5003100586e+02
5.4714599609e+02 5.4720001221e+02 5.4724700928e+02 5.4728900146e+02 5.4731402588e+02 5.4737097168e+02 5.4744799805e+02 5.4750500488e+02 5.4752801514e+02 5.4747698975e+02 5.4737402344e+02 5.4734698486e+02 5.4740100098e+02 5.4743902588e+02 5.4753100586e+02 5.4764599609e+02 5.4778302002e+02 5.4779797363e+02 5.4773999023e+02 5.4771600342e+02 5.4771502686e+02 5.4773297119e+02 5.4781298828e+02 5.4790698242e+02 5.4797900391e+02 5.4810101318e+02 5.4815600586e+02 5.4810198975e+02 5.4804199219e+02 5.4808898926e+02 5.4807501221e+02 5.4794000244e+02 5.4787799072e+02 5.4803198242e+02 5.4815997314e+02 5.4832299805e+02 5.4854797363e+02 5.4875097656e+02 5.4890399170e+02 5.4904602051e+02 5.4918200684e+02 5.4932098389e+02 5.4945300293e+02 5.4958099365e+02 5.4970300293e+02 5.4980999756e+02
5.4695098877e+02 5.4701501465e+02 5.4707000732e+02 5.4712200928e+02 5.4716998291e+02 5.4724401855e+02 5.4731201172e+02 5.4734399414e+02 5.4732897949e+02 5.4721002197e+02 5.4708001709e+02 5.4705999756e+02 5.4708898926e+02 5.4708502197e+02 5.4713299561e+02 5.4723297119e+02 5.4737402344e+02 5.4740899658e+02 5.4740502930e+02 5.4741900635e+02 5.4743298340e+02 5.4745898438e+02 5.4751800537e+02 5.4759197998e+02 5.4769299316e+02 5.4778497314e+02 5.4782800293e+02 5.4781298828e+02 5.4775598145e+02 5.4781701660e+02 5.4788598633e+02 5.4785400391e+02 5.4778002930e+02 5.4786901855e+02 5.4799798584e+02 5.4816101074e+02 5.4837200928e+02 5.4855798340e+02 5.4870501709e+02 5.4884100342e+02 5.4897399902e+02 5.4911102295e+02 5.4923901367e+02 5.4936297607e+02 5.4948498535e+02 5.4959399414e+02
5.4672302246e+02 5.4679998779e+02 5.4686700439e+02 5.4693902588e+02 5.4701800537e+02 5.4710797119e+02 5.4716998291e+02 5.4716601563e+02 5.4703399658e+02 5.4684698486e+02 5.4674102783e+02 5.4675598145e+02 5.4680798340e+02 5.4681701660e+02 5.4686999512e+02 5.4694799805e+02 5.4702301025e+02 5.4710900879e+02 5.4715301514e+02 5.4717297363e+02 5.4721801758e+02 5.4724401855e+02 5.4726800537e+02 5.4729901123e+02 5.4736297607e+02 5.4742797852e+02 5.4748400879e+02 5.4749902344e+02 5.4746502686e+02 5.4754699707e+02 5.4766497803e+02 5.4774798584e+02 5.4775799561e+02 5.4778399658e+02 5.4790698242e+02 5.4804699707e+02 5.4822802734e+02 5.4838201904e+02 5.4851702881e+02 5.4864599609e+02 5.4877899170e+02 5.4890698242e+02 5.4902899170e+02 5.4914801025e+02 5.4926599121e+02 5.4937902832e+02
5.4650799561e+02 5.4655902100e+02 5.4662097168e+02 5.4669799805e+02 5.4678002930e+02 5.4689300537e+02 5.4696002197e+02 5.4691802979e+02 5.4669702148e+02 5.4645501709e+02 5.4638000488e+02 5.4640399170e+02 5.4647302246e+02 5.4652099609e+02 5.4662298584e+02 5.4672900391e+02 5.4679101563e+02 5.4687701416e+02 5.4692602539e+02 5.4694500732e+02 5.4700701904e+02 5.4703997803e+02 5.4706298828e+02 5.4708898926e+02 5.4709802246e+02 5.4713800049e+02 5.4720800781e+02 5.4722497559e+02 5.4720800781e+02 5.4729602051e+02 5.4739398193e+02 5.4749798584e+02 5.4759399414e+02 5.4769702148e+02 5.4781402588e+02 5.4793798828e+02 5.4807702637e+02 5.4821600342e+02 5.4834301758e+02 5.4846801758e+02 5.4859497070e+02 5.4871697998e+02 5.4883502197e+02 5.4895098877e+02 5.4906701660e+02 5.4917199707e+02
5.4631402588e+02 5.4636499023e+02 5.4641998291e+02 5.4648602295e+02 5.4654998779e+02 5.4665997314e+02 5.4670397949e+02 5.4662097168e+02 5.4635900879e+02 5.4613702393e+02 5.4608197021e+02 5.4610998535e+02 5.4615600586e+02 5.4620202637e+02 5.4632098389e+02 5.4643798828e+02 5.4650799561e+02 5.4659399414e+02 5.4667102051e+02 5.4671899414e+02 5.4678100586e+02 5.4682202148e+02 5.4685198975e+02 5.4688598633e+02 5.4689099121e+02 5.4692199707e+02 5.4695800781e+02 5.4695800781e+02 5.4696002197e+02 5.4707098389e+02 5.4717999268e+02 5.4729699707e+02 5.4742401123e+02 5.4754797363e+02 5.4766601563e+02 5.4778900146e+02 5.4791497803e+02 5.4803997803e+02 5.4816497803e+02 5.4828698730e+02 5.4840802002e+02 5.4852600098e+02 5.4864099121e+02 5.4875500488e+02 5.4886700439e+02 5.4897198486e+02
5.4615698242e+02 5.4620599365e+02 5.4625500488e+02 5.4630798340e+02 5.4634997559e+02 5.4643597412e+02 5.4644702148e+02 5.4632598877e+02 5.4607501221e+02 5.4592797852e+02 5.4589697266e+02 5.4592401123e+02 5.4595001221e+02 5.4597900391e+02 5.4605499268e+02 5.4613201904e+02 5.4619598389e+02 5.4629498291e+02 5.4639300537e+02 5.4646301270e+02 5.4653997803e+02 5.4660998535e+02 5.4665502930e+02 5.4669897461e+02 5.4669702148e+02 5.4670501709e+02 5.4670599365e+02 5.4670800781e+02 5.4674597168e+02 5.4686700439e+02 5.4698400879e+02 5.4710900879e+02 5.4725097656e+02 5.4738201904e+02 5.4750000000e+02 5.4762200928e+02 5.4774200439e+02 5.4785998535e+02 5.4798199463e+02 5.4810198975e+02 5.4821899414e+02 5.4833197021e+02 5.4844500732e+02 5.4855798340e+02 5.4866802979e+02 5.4877398682e+02
