TESTSERVER/14/18.asc
NCOLS 100
NROWS 100
XLLCORNER 8.1997500000e+03
YLLCORNER 2.8905025000e+05
CELLSIZE 5.0000000000e-01
NODATA_VALUE -9.9990000000e+03
[rows 60 to 79 of 100, columns 0 to 45 of 100]
5.4299499512e+02 5.4295501709e+02 5.4286102295e+02 5.4278900146e+02 5.4276501465e+02 5.4276898193e+02 5.4278002930e+02 5.4277398682e+02 5.4276202393e+02 5.4273400879e+02 5.4267498779e+02 5.4264099121e+02 5.4263800049e+02 5.4267498779e+02 5.4275402832e+02 5.4291198730e+02 5.4307501221e+02 5.4323297119e+02 5.4337402344e+02 5.4351098633e+02 5.4357897949e+02 5.4357897949e+02 5.4349700928e+02 5.4333502197e+02 5.4313800049e+02 5.4296197510e+02 5.4287500000e+02 5.4286297607e+02 5.4281500244e+02 5.4271197510e+02 5.4262902832e+02 5.4262597656e+02 5.4262097168e+02 5.4260601807e+02 5.4259600830e+02 5.4258502197e+02 5.4257897949e+02 5.4257800293e+02 5.4258300781e+02 5.4257501221e+02 5.4257098389e+02 5.4256799316e+02 5.4257202148e+02 5.4255603027e+02 5.4254199219e+02 5.4253302002e+02
5.4298498535e+02 5.4297399902e+02 5.4289501953e+02 5.4280401611e+02 5.4276000977e+02 5.4276300049e+02 5.4278002930e+02 5.4277301025e+02 5.4276599121e+02 5.4273901367e+02 5.4268402100e+02 5.4265502930e+02 5.4265899658e+02 5.4268499756e+02 5.4272998047e+02 5.4282098389e+02 5.4295001221e+02 5.4307000732e+02 5.4316400146e+02 5.4325701904e+02 5.4330798340e+02 5.4330999756e+02 5.4324499512e+02 5.4314202881e+02 5.4299401855e+02 5.4289202881e+02 5.4287298584e+02 5.4287200928e+02 5.4284100342e+02 5.4276202393e+02 5.4264898682e+02 5.4261199951e+02 5.4260998535e+02 5.4259899902e+02 5.4258801270e+02 5.4258001709e+02 5.4257397461e+02 5.4256896973e+02 5.4257501221e+02 5.4256298828e+02 5.4255499268e+02 5.4255200195e+02 5.4255603027e+02 5.4253997803e+02 5.4252502441e+02 5.4251098633e+02
5.4296997070e+02 5.4297100830e+02 5.4291497803e+02 5.4281896973e+02 5.4276000977e+02 5.4275201416e+02 5.4276300049e+02 5.4276300049e+02 5.4276898193e+02 5.4276202393e+02 5.4272399902e+02 5.4270300293e+02 5.4271197510e+02 5.4273797607e+02 5.4277099609e+02 5.4280999756e+02 5.4288702393e+02 5.4295001221e+02 5.4298498535e+02 5.4303302002e+02 5.4305902100e+02 5.4305102539e+02 5.4300402832e+02 5.4295202637e+02 5.4287701416e+02 5.4284600830e+02 5.4285998535e+02 5.4285601807e+02 5.4284301758e+02 5.4278698730e+02 5.4268499756e+02 5.4261199951e+02 5.4259698486e+02 5.4259100342e+02 5.4257800293e+02 5.4257501221e+02 5.4257501221e+02 5.4257202148e+02 5.4257501221e+02 5.4255603027e+02 5.4254199219e+02 5.4253802490e+02 5.4253698730e+02 5.4252099609e+02 5.4250598145e+02 5.4249200439e+02
5.4295501709e+02 5.4296099854e+02 5.4292797852e+02 5.4283898926e+02 5.4277001953e+02 5.4274401855e+02 5.4274200439e+02 5.4275201416e+02 5.4276098633e+02 5.4276300049e+02 5.4275097656e+02 5.4275097656e+02 5.4277801514e+02 5.4281500244e+02 5.4285797119e+02 5.4287200928e+02 5.4289697266e+02 5.4290899658e+02 5.4290301514e+02 5.4291699219e+02 5.4291101074e+02 5.4289599609e+02 5.4288098145e+02 5.4285900879e+02 5.4282501221e+02 5.4281896973e+02 5.4282800293e+02 5.4282897949e+02 5.4283300781e+02 5.4280499268e+02 5.4272302246e+02 5.4262597656e+02 5.4259600830e+02 5.4259197998e+02 5.4258099365e+02 5.4257702637e+02 5.4258502197e+02 5.4258398438e+02 5.4256896973e+02 5.4254901123e+02 5.4253497314e+02 5.4252600098e+02 5.4251800537e+02 5.4250201416e+02 5.4248699951e+02 5.4247302246e+02
5.4294299316e+02 5.4294396973e+02 5.4293200684e+02 5.4285998535e+02 5.4277697754e+02 5.4273101807e+02 5.4273101807e+02 5.4273901367e+02 5.4273901367e+02 5.4274597168e+02 5.4277899170e+02 5.4282299805e+02 5.4286602783e+02 5.4290399170e+02 5.4292297363e+02 5.4291601563e+02 5.4290600586e+02 5.4289801025e+02 5.4289001465e+02 5.4288800049e+02 5.4286602783e+02 5.4284301758e+02 5.4283001709e+02 5.4281298828e+02 5.4280700684e+02 5.4281097412e+02 5.4282501221e+02 5.4281597900e+02 5.4281298828e+02 5.4279400635e+02 5.4271600342e+02 5.4264202881e+02 5.4260601807e+02 5.4259698486e+02 5.4258898926e+02 5.4256799316e+02 5.4257397461e+02 5.4257702637e+02 5.4255401611e+02 5.4254400635e+02 5.4252801514e+02 5.4250799561e+02 5.4248901367e+02 5.4248199463e+02 5.4246801758e+02 5.4245202637e+02
5.4292401123e+02 5.4292797852e+02 5.4293103027e+02 5.4288000488e+02 5.4277301025e+02 5.4270300293e+02 5.4271301270e+02 5.4274200439e+02 5.4277197266e+02 5.4281597900e+02 5.4286102295e+02 5.4289697266e+02 5.4291101074e+02 5.4291497803e+02 5.4289599609e+02 5.4288000488e+02 5.4287902832e+02 5.4287902832e+02 5.4286102295e+02 5.4286199951e+02 5.4284600830e+02 5.4281201172e+02 5.4278302002e+02 5.4277502441e+02 5.4278997803e+02 5.4281298828e+02 5.4281701660e+02 5.4279498291e+02 5.4277600098e+02 5.4274499512e+02 5.4268798828e+02 5.4262500000e+02 5.4259698486e+02 5.4258599854e+02 5.4258099365e+02 5.4255999756e+02 5.4255798340e+02 5.4254998779e+02 5.4253302002e+02 5.4253002930e+02 5.4252301025e+02 5.4250201416e+02 5.4247399902e+02 5.4246398926e+02 5.4244702148e+02 5.4242797852e+02
5.4291198730e+02 5.4292102051e+02 5.4293200684e+02 5.4290301514e+02 5.4280798340e+02 5.4274499512e+02 5.4277099609e+02 5.4282202148e+02 5.4285601807e+02 5.4288598633e+02 5.4290100098e+02 5.4289398193e+02 5.4287902832e+02 5.4287298584e+02 5.4286499023e+02 5.4285498047e+02 5.4285699463e+02 5.4285601807e+02 5.4283398438e+02 5.4283801270e+02 5.4282501221e+02 5.4278997803e+02 5.4275500488e+02 5.4274700928e+02 5.4276202393e+02 5.4278698730e+02 5.4279400635e+02 5.4277398682e+02 5.4275701904e+02 5.4272802734e+02 5.4266998291e+02 5.4260998535e+02 5.4258502197e+02 5.4257501221e+02 5.4256500244e+02 5.4253802490e+02 5.4253802490e+02 5.4253399658e+02 5.4252801514e+02 5.4252600098e+02 5.4252001953e+02 5.4250097656e+02 5.4246997070e+02 5.4244799805e+02 5.4242401123e+02 5.4240100098e+02
5.4291198730e+02 5.4291998291e+02 5.4292700195e+02 5.4291998291e+02 5.4286798096e+02 5.4283801270e+02 5.4286102295e+02 5.4288299561e+02 5.4288800049e+02 5.4288897705e+02 5.4288299561e+02 5.4285998535e+02 5.4283599854e+02 5.4283801270e+02 5.4285302734e+02 5.4284802246e+02 5.4284197998e+02 5.4283001709e+02 5.4280902100e+02 5.4281298828e+02 5.4280798340e+02 5.4278198242e+02 5.4275000000e+02 5.4273101807e+02 5.4272802734e+02 5.4273901367e+02 5.4275598145e+02 5.4275500488e+02 5.4274499512e+02 5.4271997070e+02 5.4266497803e+02 5.4260601807e+02 5.4258197021e+02 5.4257098389e+02 5.4255999756e+02 5.4252801514e+02 5.4254199219e+02 5.4255999756e+02 5.4255499268e+02 5.4253198242e+02 5.4251898193e+02 5.4250097656e+02 5.4246801758e+02 5.4242999268e+02 5.4240197754e+02 5.4238098145e+02
5.4290802002e+02 5.4291101074e+02 5.4290802002e+02 5.4290997314e+02 5.4289801025e+02 5.4288897705e+02 5.4288000488e+02 5.4287402344e+02 5.4287799072e+02 5.4287402344e+02 5.4286297607e+02 5.4284698486e+02 5.4282800293e+02 5.4282702637e+02 5.4283398438e+02 5.4283898926e+02 5.4283001709e+02 5.4281298828e+02 5.4280102539e+02 5.4279101563e+02 5.4279302979e+02 5.4277801514e+02 5.4274798584e+02 5.4272497559e+02 5.4269201660e+02 5.4267602539e+02 5.4270800781e+02 5.4274200439e+02 5.4273699951e+02 5.4271899414e+02 5.4268499756e+02 5.4263702393e+02 5.4261102295e+02 5.4259197998e+02 5.4257800293e+02 5.4256896973e+02 5.4257897949e+02 5.4259600830e+02 5.4255401611e+02 5.4254101563e+02 5.4253100586e+02 5.4251000977e+02 5.4246197510e+02 5.4239501953e+02 5.4237097168e+02 5.4235900879e+02
5.4288201904e+02 5.4289202881e+02 5.4288397217e+02 5.4287902832e+02 5.4287500000e+02 5.4287097168e+02 5.4286999512e+02 5.4287500000e+02 5.4288201904e+02 5.4286602783e+02 5.4284997559e+02 5.4283001709e+02 5.4280798340e+02 5.4280902100e+02 5.4281896973e+02 5.4282397461e+02 5.4281896973e+02 5.4280102539e+02 5.4278802490e+02 5.4277697754e+02 5.4277801514e+02 5.4276800537e+02 5.4273602295e+02 5.4271197510e+02 5.4268103027e+02 5.4266802979e+02 5.4270599365e+02 5.4273999023e+02 5.4274597168e+02 5.4273999023e+02 5.4272100830e+02 5.4269702148e+02 5.4267700195e+02 5.4265502930e+02 5.4263897705e+02 5.4262402344e+02 5.4260900879e+02 5.4259399414e+02 5.4255902100e+02 5.4255102539e+02 5.4254400635e+02 5.4251202393e+02 5.4244201660e+02 5.4238598633e+02 5.4235699463e+02 5.4234301758e+02
5.4286999512e+02 5.4287902832e+02 5.4286602783e+02 5.4285601807e+02 5.4285998535e+02 5.4286602783e+02 5.4286700439e+02 5.4286999512e+02 5.4287402344e+02 5.4285797119e+02 5.4283697510e+02 5.4281097412e+02 5.4278802490e+02 5.4279400635e+02 5.4280603027e+02 5.4279901123e+02 5.4279400635e+02 5.4277899170e+02 5.4276800537e+02 5.4276397705e+02 5.4276501465e+02 5.4275598145e+02 5.4272497559e+02 5.4270599365e+02 5.4268499756e+02 5.4267700195e+02 5.4270300293e+02 5.4273602295e+02 5.4275402832e+02 5.4276300049e+02 5.4275701904e+02 5.4274700928e+02 5.4273400879e+02 5.4271398926e+02 5.4269396973e+02 5.4265899658e+02 5.4262298584e+02 5.4259301758e+02 5.4256097412e+02 5.4255902100e+02 5.4254199219e+02 5.4249298096e+02 5.4240600586e+02 5.4236199951e+02 5.4234197998e+02 5.4233001709e+02
5.4287097168e+02 5.4287298584e+02 5.4285699463e+02 5.4284301758e+02 5.4284802246e+02 5.4285699463e+02 5.4285699463e+02 5.4284399414e+02 5.4284497070e+02 5.4283697510e+02 5.4281799316e+02 5.4279498291e+02 5.4277697754e+02 5.4278302002e+02 5.4279101563e+02 5.4277502441e+02 5.4277099609e+02 5.4276000977e+02 5.4275201416e+02 5.4275000000e+02 5.4274401855e+02 5.4273400879e+02 5.4270898438e+02 5.4270202637e+02 5.4269097900e+02 5.4268298340e+02 5.4269000244e+02 5.4272698975e+02 5.4275701904e+02 5.4277801514e+02 5.4278900146e+02 5.4279199219e+02 5.4278497314e+02 5.4276501465e+02 5.4272998047e+02 5.4266900635e+02 5.4261999512e+02 5.4258099365e+02 5.4254998779e+02 5.4254699707e+02 5.4252001953e+02 5.4245599365e+02 5.4235998535e+02 5.4233300781e+02 5.4232202148e+02 5.4231402588e+02
5.4285699463e+02 5.4284997559e+02 5.4283898926e+02 5.4283001709e+02 5.4282702637e+02 5.4282598877e+02 5.4282501221e+02 5.4281402588e+02 5.4281201172e+02 5.4280999756e+02 5.4279602051e+02 5.4278399658e+02 5.4277600098e+02 5.4277899170e+02 5.4277001953e+02 5.4276397705e+02 5.4276397705e+02 5.4275500488e+02 5.4273901367e+02 5.4273199463e+02 5.4271002197e+02 5.4269702148e+02 5.4269500732e+02 5.4270501709e+02 5.4269897461e+02 5.4268103027e+02 5.4265899658e+02 5.4270898438e+02 5.4275598145e+02 5.4278698730e+02 5.4280200195e+02 5.4282897949e+02 5.4282397461e+02 5.4279797363e+02 5.4271997070e+02 5.4263000488e+02 5.4258398438e+02 5.4255798340e+02 5.4253100586e+02 5.4251599121e+02 5.4247698975e+02 5.4239599609e+02 5.4232000732e+02 5.4230798340e+02 5.4230102539e+02 5.4229699707e+02
5.4284002686e+02 5.4283398438e+02 5.4282501221e+02 5.4281701660e+02 5.4281201172e+02 5.4280798340e+02 5.4280798340e+02 5.4280603027e+02 5.4279797363e+02 5.4279602051e+02 5.4279302979e+02 5.4277697754e+02 5.4277398682e+02 5.4278302002e+02 5.4277301025e+02 5.4275097656e+02 5.4274200439e+02 5.4272698975e+02 5.4270898438e+02 5.4271099854e+02 5.4269702148e+02 5.4269000244e+02 5.4269201660e+02 5.4269201660e+02 5.4267199707e+02 5.4264599609e+02 5.4264697266e+02 5.4271398926e+02 5.4277801514e+02 5.4280902100e+02 5.4279901123e+02 5.4279901123e+02 5.4277697754e+02 5.4273400879e+02 5.4266400146e+02 5.4258599854e+02 5.4255700684e+02 5.4253802490e+02 5.4250299072e+02 5.4247497559e+02 5.4241497803e+02 5.4234399414e+02 5.4231500244e+02 5.4230102539e+02 5.4228802490e+02 5.4228497314e+02
5.4282098389e+02 5.4282299805e+02 5.4282098389e+02 5.4280999756e+02 5.4279998779e+02 5.4279699707e+02 5.4279998779e+02 5.4279699707e+02 5.4278698730e+02 5.4278399658e+02 5.4278497314e+02 5.4277197266e+02 5.4276800537e+02 5.4277398682e+02 5.4276300049e+02 5.4273297119e+02 5.4271301270e+02 5.4269500732e+02 5.4268402100e+02 5.4269201660e+02 5.4268298340e+02 5.4266998291e+02 5.4266198730e+02 5.4265100098e+02 5.4263201904e+02 5.4261999512e+02 5.4264599609e+02 5.4271502686e+02 5.4277099609e+02 5.4279101563e+02 5.4275500488e+02 5.4272198486e+02 5.4269500732e+02 5.4265600586e+02 5.4261102295e+02 5.4256298828e+02 5.4252697754e+02 5.4248297119e+02 5.4242297363e+02 5.4238000488e+02 5.4234399414e+02 5.4231799316e+02 5.4231896973e+02 5.4230603027e+02 5.4229101563e+02 5.4228198242e+02
5.4279901123e+02 5.4279998779e+02 5.4279998779e+02 5.4279302979e+02 5.4278698730e+02 5.4278601074e+02 5.4278802490e+02 5.4278198242e+02 5.4277398682e+02 5.4276599121e+02 5.4276098633e+02 5.4275402832e+02 5.4274700928e+02 5.4274298096e+02 5.4273199463e+02 5.4271502686e+02 5.4269097900e+02 5.4266802979e+02 5.4265802002e+02 5.4266198730e+02 5.4265100098e+02 5.4262799072e+02 5.4261199951e+02 5.4260699463e+02 5.4260498047e+02 5.4261297607e+02 5.4264599609e+02 5.4269201660e+02 5.4272198486e+02 5.4272198486e+02 5.4267901611e+02 5.4264398193e+02 5.4261901855e+02 5.4258801270e+02 5.4255102539e+02 5.4250598145e+02 5.4246301270e+02 5.4241497803e+02 5.4235998535e+02 5.4233300781e+02 5.4232800293e+02 5.4232397461e+02 5.4231799316e+02 5.4230200195e+02 5.4228900146e+02 5.4227801514e+02
5.4277502441e+02 5.4277099609e+02 5.4278198242e+02 5.4277801514e+02 5.4277697754e+02 5.4277600098e+02 5.4277197266e+02 5.4275402832e+02 5.4274798584e+02 5.4273797607e+02 5.4272698975e+02 5.4272302246e+02 5.4272198486e+02 5.4271899414e+02 5.4270898438e+02 5.4269097900e+02 5.4267199707e+02 5.4265002441e+02 5.4263702393e+02 5.4263800049e+02 5.4263000488e+02 5.4260498047e+02 5.4258398438e+02 5.4257702637e+02 5.4259197998e+02 5.4261297607e+02 5.4261999512e+02 5.4263299561e+02 5.4263397217e+02 5.4262402344e+02 5.4262500000e+02 5.4259497070e+02 5.4256896973e+02 5.4252801514e+02 5.4244201660e+02 5.4240698242e+02 5.4238702393e+02 5.4237500000e+02 5.4236102295e+02 5.4234301758e+02 5.4233599854e+02 5.4232397461e+02 5.4230603027e+02 5.4229602051e+02 5.4228198242e+02 5.4227600098e+02
5.4276599121e+02 5.4276300049e+02 5.4276800537e+02 5.4274902344e+02 5.4274700928e+02 5.4275598145e+02 5.4275500488e+02 5.4273199463e+02 5.4272198486e+02 5.4271801758e+02 5.4270697021e+02 5.4269000244e+02 5.4268200684e+02 5.4267999268e+02 5.4267498779e+02 5.4265301514e+02 5.4264398193e+02 5.4263702393e+02 5.4263397217e+02 5.4263897705e+02 5.4263397217e+02 5.4260998535e+02 5.4257702637e+02 5.4256597900e+02 5.4258599854e+02 5.4260498047e+02 5.4261499023e+02 5.4261901855e+02 5.4261102295e+02 5.4258502197e+02 5.4254901123e+02 5.4249798584e+02 5.4246600342e+02 5.4244097900e+02 5.4241302490e+02 5.4240100098e+02 5.4238897705e+02 5.4237701416e+02 5.4236102295e+02 5.4234600830e+02 5.4233099365e+02 5.4231402588e+02 5.4230102539e+02 5.4229101563e+02 5.4228002930e+02 5.4227001953e+02
5.4276300049e+02 5.4274798584e+02 5.4273797607e+02 5.4272198486e+02 5.4272601318e+02 5.4273199463e+02 5.4273101807e+02 5.4270800781e+02 5.4269500732e+02 5.4269201660e+02 5.4267498779e+02 5.4265002441e+02 5.4263897705e+02 5.4263897705e+02 5.4264099121e+02 5.4263000488e+02 5.4262799072e+02 5.4262701416e+02 5.4261901855e+02 5.4261602783e+02 5.4260601807e+02 5.4258502197e+02 5.4257098389e+02 5.4257397461e+02 5.4258599854e+02 5.4258697510e+02 5.4257299805e+02 5.4255499268e+02 5.4252502441e+02 5.4248400879e+02 5.4244702148e+02 5.4243200684e+02 5.4242498779e+02 5.4241802979e+02 5.4241400146e+02 5.4240698242e+02 5.4239501953e+02 5.4238000488e+02 5.4236602783e+02 5.4235198975e+02 5.4233300781e+02 5.4231597900e+02 5.4230102539e+02 5.4228601074e+02 5.4227099609e+02 5.4225701904e+02
5.4274102783e+02 5.4271697998e+02 5.4270202637e+02 5.4269598389e+02 5.4270800781e+02 5.4271301270e+02 5.4270300293e+02 5.4268103027e+02 5.4266497803e+02 5.4265600586e+02 5.4263397217e+02 5.4261700439e+02 5.4261199951e+02 5.4261199951e+02 5.4260198975e+02 5.4259399414e+02 5.4259497070e+02 5.4259301758e+02 5.4258300781e+02 5.4257501221e+02 5.4256701660e+02 5.4255603027e+02 5.4255798340e+02 5.4255798340e+02 5.4254797363e+02 5.4252502441e+02 5.4248199463e+02 5.4244702148e+02 5.4242401123e+02 5.4240301514e+02 5.4239801025e+02 5.4242602539e+02 5.4244000244e+02 5.4243597412e+02 5.4243499756e+02 5.4241699219e+02 5.4239697266e+02 5.4237799072e+02 5.4236102295e+02 5.4233898926e+02 5.4232098389e+02 5.4231097412e+02 5.4229498291e+02 5.4228100586e+02 5.4226599121e+02 5.4225000000e+02
