TESTSERVER/14/18.asc
NCOLS 100
NROWS 100
XLLCORNER 8.1997500000e+03
YLLCORNER 2.8905025000e+05
CELLSIZE 5.0000000000e-01
NODATA_VALUE -9.9990000000e+03
[rows 0 to 19 of 100, columns 0 to 45 of 100]
5.4491802979e+02 5.4491198730e+02 5.4490301514e+02 5.4489398193e+02 5.4488397217e+02 5.4487402344e+02 5.4485797119e+02 5.4484802246e+02 5.4484899902e+02 5.4484100342e+02 5.4483398438e+02 5.4483599854e+02 5.4483197021e+02 5.4482397461e+02 5.4482000732e+02 5.4480401611e+02 5.4477697754e+02 5.4475701904e+02 5.4474798584e+02 5.4475000000e+02 5.4475897217e+02 5.4477398682e+02 5.4478698730e+02 5.4479602051e+02 5.4480499268e+02 5.4481402588e+02 5.4482000732e+02 5.4484301758e+02 5.4484997559e+02 5.4485900879e+02 5.4485797119e+02 5.4485900879e+02 5.4488098145e+02 5.4492999268e+02 5.4497698975e+02 5.4496801758e+02 5.4494000244e+02 5.4490899658e+02 5.4490399170e+02 5.4488897705e+02 5.4484301758e+02 5.4476898193e+02 5.4465802002e+02 5.4456201172e+02 5.4447100830e+02 5.4437902832e+02
5.4491601563e+02 5.4490997314e+02 5.4490002441e+02 5.4488800049e+02 5.4487597656e+02 5.4486297607e+02 5.4484899902e+02 5.4484600830e+02 5.4484600830e+02 5.4484002686e+02 5.4483599854e+02 5.4483001709e+02 5.4482202148e+02 5.4480798340e+02 5.4479901123e+02 5.4478601074e+02 5.4476599121e+02 5.4475299072e+02 5.4474499512e+02 5.4472900391e+02 5.4474798584e+02 5.4478302002e+02 5.4480200195e+02 5.4479998779e+02 5.4480200195e+02 5.4480999756e+02 5.4483599854e+02 5.4486401367e+02 5.4485900879e+02 5.4486199951e+02 5.4486798096e+02 5.4489202881e+02 5.4493499756e+02 5.4497802734e+02 5.4497698975e+02 5.4496197510e+02 5.4493902588e+02 5.4490698242e+02 5.4489599609e+02 5.4490399170e+02 5.4487500000e+02 5.4480700684e+02 5.4468499756e+02 5.4457202148e+02 5.4446997070e+02 5.4436602783e+02
5.4491400146e+02 5.4490698242e+02 5.4489801025e+02 5.4488598633e+02 5.4487200928e+02 5.4485797119e+02 5.4484802246e+02 5.4485601807e+02 5.4485198975e+02 5.4484002686e+02 5.4483001709e+02 5.4482000732e+02 5.4480902100e+02 5.4479498291e+02 5.4478497314e+02 5.4477801514e+02 5.4476702881e+02 5.4476300049e+02 5.4476202393e+02 5.4474700928e+02 5.4476300049e+02 5.4479400635e+02 5.4480499268e+02 5.4480499268e+02 5.4480798340e+02 5.4481097412e+02 5.4482800293e+02 5.4484802246e+02 5.4485302734e+02 5.4487701416e+02 5.4491601563e+02 5.4495501709e+02 5.4497802734e+02 5.4498498535e+02 5.4496600342e+02 5.4495697021e+02 5.4494500732e+02 5.4492199707e+02 5.4489501953e+02 5.4490698242e+02 5.4488897705e+02 5.4483099365e+02 5.4471099854e+02 5.4458197021e+02 5.4447198486e+02 5.4435900879e+02
5.4491198730e+02 5.4490399170e+02 5.4489501953e+02 5.4488397217e+02 5.4486999512e+02 5.4485498047e+02 5.4484497070e+02 5.4485302734e+02 5.4484497070e+02 5.4482800293e+02 5.4481500244e+02 5.4480700684e+02 5.4479901123e+02 5.4478900146e+02 5.4478497314e+02 5.4478198242e+02 5.4477697754e+02 5.4478002930e+02 5.4478399658e+02 5.4477398682e+02 5.4478302002e+02 5.4480297852e+02 5.4480798340e+02 5.4481896973e+02 5.4482897949e+02 5.4482598877e+02 5.4482800293e+02 5.4484301758e+02 5.4487200928e+02 5.4492700195e+02 5.4496697998e+02 5.4497998047e+02 5.4497998047e+02 5.4497100830e+02 5.4495800781e+02 5.4495202637e+02 5.4494702148e+02 5.4493499756e+02 5.4489697266e+02 5.4490899658e+02 5.4490002441e+02 5.4485198975e+02 5.4473602295e+02 5.4459497070e+02 5.4447497559e+02 5.4435302734e+02
5.4490802002e+02 5.4490197754e+02 5.4489202881e+02 5.4488000488e+02 5.4486901855e+02 5.4485400391e+02 5.4483599854e+02 5.4484100342e+02 5.4482897949e+02 5.4481201172e+02 5.4480499268e+02 5.4480700684e+02 5.4480297852e+02 5.4480200195e+02 5.4480902100e+02 5.4480700684e+02 5.4480297852e+02 5.4480297852e+02 5.4480603027e+02 5.4479797363e+02 5.4479602051e+02 5.4480798340e+02 5.4482000732e+02 5.4483898926e+02 5.4484997559e+02 5.4484399414e+02 5.4483398438e+02 5.4486999512e+02 5.4491601563e+02 5.4495898438e+02 5.4496502686e+02 5.4496398926e+02 5.4496899414e+02 5.4496997070e+02 5.4496398926e+02 5.4494598389e+02 5.4493597412e+02 5.4492602539e+02 5.4490002441e+02 5.4489898682e+02 5.4490698242e+02 5.4488897705e+02 5.4480902100e+02 5.4462701416e+02 5.4448797607e+02 5.4433398438e+02
5.4490600586e+02 5.4489697266e+02 5.4488397217e+02 5.4486901855e+02 5.4485998535e+02 5.4484698486e+02 5.4482702637e+02 5.4483197021e+02 5.4482501221e+02 5.4481201172e+02 5.4480499268e+02 5.4480499268e+02 5.4480902100e+02 5.4482299805e+02 5.4483502197e+02 5.4482897949e+02 5.4481799316e+02 5.4481097412e+02 5.4481500244e+02 5.4481597900e+02 5.4480902100e+02 5.4482397461e+02 5.4484002686e+02 5.4484802246e+02 5.4485797119e+02 5.4485400391e+02 5.4487799072e+02 5.4493902588e+02 5.4495800781e+02 5.4496398926e+02 5.4495599365e+02 5.4494799805e+02 5.4495501709e+02 5.4495599365e+02 5.4494598389e+02 5.4493902588e+02 5.4492797852e+02 5.4491900635e+02 5.4489099121e+02 5.4486798096e+02 5.4488800049e+02 5.4490197754e+02 5.4482202148e+02 5.4467199707e+02 5.4452301025e+02 5.4434197998e+02
5.4490301514e+02 5.4489202881e+02 5.4488000488e+02 5.4486401367e+02 5.4485498047e+02 5.4484600830e+02 5.4482501221e+02 5.4482202148e+02 5.4482397461e+02 5.4481896973e+02 5.4481597900e+02 5.4481597900e+02 5.4482397461e+02 5.4483898926e+02 5.4484497070e+02 5.4484301758e+02 5.4483099365e+02 5.4482098389e+02 5.4482299805e+02 5.4482501221e+02 5.4481701660e+02 5.4483599854e+02 5.4486102295e+02 5.4485302734e+02 5.4486102295e+02 5.4486102295e+02 5.4490698242e+02 5.4497198486e+02 5.4497100830e+02 5.4496697998e+02 5.4496301270e+02 5.4495898438e+02 5.4496398926e+02 5.4494897461e+02 5.4491998291e+02 5.4491497803e+02 5.4491699219e+02 5.4490899658e+02 5.4487097168e+02 5.4484100342e+02 5.4485601807e+02 5.4487799072e+02 5.4482501221e+02 5.4469000244e+02 5.4454199219e+02 5.4435900879e+02
5.4490100098e+02 5.4489099121e+02 5.4488201904e+02 5.4486999512e+02 5.4486297607e+02 5.4485601807e+02 5.4483300781e+02 5.4482800293e+02 5.4483300781e+02 5.4483398438e+02 5.4483697510e+02 5.4483801270e+02 5.4483898926e+02 5.4484399414e+02 5.4484002686e+02 5.4484301758e+02 5.4483599854e+02 5.4483099365e+02 5.4483300781e+02 5.4482702637e+02 5.4482000732e+02 5.4484301758e+02 5.4486999512e+02 5.4485699463e+02 5.4486700439e+02 5.4486499023e+02 5.4491802979e+02 5.4497601318e+02 5.4496997070e+02 5.4496502686e+02 5.4496099854e+02 5.4496398926e+02 5.4497302246e+02 5.4495501709e+02 5.4491302490e+02 5.4490301514e+02 5.4491497803e+02 5.4490301514e+02 5.4484802246e+02 5.4480798340e+02 5.4481201172e+02 5.4483197021e+02 5.4481298828e+02 5.4470098877e+02 5.4455401611e+02 5.4436999512e+02
5.4489501953e+02 5.4489001465e+02 5.4488299561e+02 5.4487701416e+02 5.4487402344e+02 5.4486602783e+02 5.4485101318e+02 5.4484899902e+02 5.4484899902e+02 5.4484899902e+02 5.4486102295e+02 5.4485699463e+02 5.4484600830e+02 5.4484301758e+02 5.4484100342e+02 5.4483599854e+02 5.4483898926e+02 5.4484301758e+02 5.4484100342e+02 5.4482598877e+02 5.4482299805e+02 5.4484301758e+02 5.4485998535e+02 5.4485998535e+02 5.4486602783e+02 5.4486999512e+02 5.4493298340e+02 5.4498297119e+02 5.4497399902e+02 5.4495697021e+02 5.4494500732e+02 5.4493298340e+02 5.4494500732e+02 5.4495300293e+02 5.4493103027e+02 5.4489801025e+02 5.4489001465e+02 5.4487597656e+02 5.4482397461e+02 5.4477600098e+02 5.4475598145e+02 5.4476098633e+02 5.4477099609e+02 5.4470599365e+02 5.4457000732e+02 5.4437902832e+02
5.4489898682e+02 5.4489501953e+02 5.4488800049e+02 5.4488201904e+02 5.4487402344e+02 5.4486297607e+02 5.4484899902e+02 5.4485797119e+02 5.4485998535e+02 5.4485400391e+02 5.4485601807e+02 5.4485498047e+02 5.4484899902e+02 5.4485302734e+02 5.4485400391e+02 5.4484399414e+02 5.4484301758e+02 5.4484899902e+02 5.4484899902e+02 5.4484002686e+02 5.4483300781e+02 5.4483099365e+02 5.4482800293e+02 5.4484698486e+02 5.4485797119e+02 5.4486798096e+02 5.4494201660e+02 5.4498199463e+02 5.4496697998e+02 5.4495697021e+02 5.4495397949e+02 5.4492999268e+02 5.4493597412e+02 5.4494799805e+02 5.4494097900e+02 5.4490997314e+02 5.4488299561e+02 5.4486297607e+02 5.4482598877e+02 5.4478802490e+02 5.4475701904e+02 5.4473999023e+02 5.4475201416e+02 5.4472601318e+02 5.4462597656e+02 5.4444500732e+02
5.4491302490e+02 5.4490600586e+02 5.4490002441e+02 5.4489398193e+02 5.4488201904e+02 5.4486999512e+02 5.4485498047e+02 5.4486602783e+02 5.4486602783e+02 5.4485601807e+02 5.4485400391e+02 5.4485797119e+02 5.4486102295e+02 5.4486602783e+02 5.4485900879e+02 5.4484802246e+02 5.4484301758e+02 5.4484802246e+02 5.4484698486e+02 5.4484100342e+02 5.4483398438e+02 5.4482897949e+02 5.4482397461e+02 5.4485400391e+02 5.4486297607e+02 5.4487701416e+02 5.4495001221e+02 5.4496801758e+02 5.4495300293e+02 5.4495202637e+02 5.4496197510e+02 5.4496099854e+02 5.4495599365e+02 5.4494201660e+02 5.4493103027e+02 5.4491802979e+02 5.4489599609e+02 5.4487402344e+02 5.4484002686e+02 5.4481799316e+02 5.4479998779e+02 5.4478002930e+02 5.4477001953e+02 5.4475799561e+02 5.4467901611e+02 5.4451599121e+02
5.4492999268e+02 5.4492199707e+02 5.4491601563e+02 5.4490502930e+02 5.4489001465e+02 5.4487701416e+02 5.4486602783e+02 5.4487298584e+02 5.4486999512e+02 5.4485797119e+02 5.4485699463e+02 5.4486199951e+02 5.4486901855e+02 5.4487500000e+02 5.4486199951e+02 5.4485498047e+02 5.4484899902e+02 5.4484497070e+02 5.4483599854e+02 5.4483099365e+02 5.4483099365e+02 5.4483099365e+02 5.4483801270e+02 5.4486102295e+02 5.4485900879e+02 5.4487902832e+02 5.4495300293e+02 5.4496099854e+02 5.4495001221e+02 5.4495098877e+02 5.4496002197e+02 5.4497497559e+02 5.4495898438e+02 5.4492102051e+02 5.4490802002e+02 5.4491601563e+02 5.4490301514e+02 5.4487597656e+02 5.4484301758e+02 5.4483599854e+02 5.4483398438e+02 5.4482397461e+02 5.4480499268e+02 5.4479199219e+02 5.4472601318e+02 5.4457800293e+02
5.4493597412e+02 5.4493298340e+02 5.4492999268e+02 5.4491302490e+02 5.4489501953e+02 5.4487902832e+02 5.4486499023e+02 5.4487597656e+02 5.4487097168e+02 5.4485797119e+02 5.4485900879e+02 5.4485601807e+02 5.4485797119e+02 5.4486700439e+02 5.4486602783e+02 5.4486401367e+02 5.4486102295e+02 5.4485198975e+02 5.4483398438e+02 5.4483599854e+02 5.4483898926e+02 5.4483898926e+02 5.4485400391e+02 5.4485998535e+02 5.4484997559e+02 5.4488000488e+02 5.4494598389e+02 5.4495300293e+02 5.4495300293e+02 5.4495800781e+02 5.4496502686e+02 5.4496502686e+02 5.4493902588e+02 5.4489501953e+02 5.4489599609e+02 5.4491900635e+02 5.4491198730e+02 5.4487902832e+02 5.4483502197e+02 5.4483001709e+02 5.4482897949e+02 5.4483001709e+02 5.4482800293e+02 5.4481896973e+02 5.4475701904e+02 5.4461297607e+02
5.4492498779e+02 5.4492797852e+02 5.4493200684e+02 5.4491400146e+02 5.4489001465e+02 5.4486798096e+02 5.4485998535e+02 5.4487500000e+02 5.4487701416e+02 5.4486401367e+02 5.4486199951e+02 5.4486700439e+02 5.4486199951e+02 5.4486297607e+02 5.4486602783e+02 5.4485699463e+02 5.4485198975e+02 5.4484802246e+02 5.4483697510e+02 5.4484100342e+02 5.4484197998e+02 5.4484002686e+02 5.4485101318e+02 5.4485198975e+02 5.4484399414e+02 5.4488201904e+02 5.4495001221e+02 5.4495800781e+02 5.4495800781e+02 5.4496002197e+02 5.4496002197e+02 5.4495001221e+02 5.4491998291e+02 5.4488098145e+02 5.4489398193e+02 5.4492700195e+02 5.4491802979e+02 5.4489300537e+02 5.4487097168e+02 5.4485601807e+02 5.4482397461e+02 5.4482098389e+02 5.4483197021e+02 5.4482397461e+02 5.4477301025e+02 5.4464898682e+02
5.4491400146e+02 5.4492199707e+02 5.4493200684e+02 5.4491802979e+02 5.4489501953e+02 5.4487500000e+02 5.4486700439e+02 5.4487799072e+02 5.4487902832e+02 5.4486798096e+02 5.4486401367e+02 5.4487597656e+02 5.4487200928e+02 5.4486499023e+02 5.4485900879e+02 5.4484997559e+02 5.4485198975e+02 5.4485101318e+02 5.4484100342e+02 5.4484399414e+02 5.4484197998e+02 5.4483898926e+02 5.4484600830e+02 5.4484301758e+02 5.4484002686e+02 5.4488598633e+02 5.4494897461e+02 5.4495599365e+02 5.4495001221e+02 5.4494500732e+02 5.4494000244e+02 5.4493902588e+02 5.4493103027e+02 5.4490802002e+02 5.4491400146e+02 5.4493499756e+02 5.4491400146e+02 5.4489898682e+02 5.4491302490e+02 5.4489599609e+02 5.4484002686e+02 5.4482202148e+02 5.4483099365e+02 5.4482000732e+02 5.4478900146e+02 5.4469299316e+02
5.4490100098e+02 5.4491400146e+02 5.4492901611e+02 5.4492401123e+02 5.4490698242e+02 5.4488897705e+02 5.4488000488e+02 5.4488098145e+02 5.4487701416e+02 5.4486798096e+02 5.4486700439e+02 5.4487799072e+02 5.4487701416e+02 5.4486901855e+02 5.4485699463e+02 5.4484997559e+02 5.4485400391e+02 5.4485302734e+02 5.4483898926e+02 5.4484600830e+02 5.4484802246e+02 5.4484899902e+02 5.4484802246e+02 5.4483599854e+02 5.4484100342e+02 5.4489300537e+02 5.4494500732e+02 5.4494500732e+02 5.4493499756e+02 5.4493103027e+02 5.4492999268e+02 5.4493298340e+02 5.4493103027e+02 5.4491302490e+02 5.4492102051e+02 5.4493298340e+02 5.4490399170e+02 5.4489398193e+02 5.4492102051e+02 5.4491101074e+02 5.4485601807e+02 5.4482299805e+02 5.4481701660e+02 5.4480700684e+02 5.4479302979e+02 5.4470800781e+02
5.4488500977e+02 5.4490600586e+02 5.4492901611e+02 5.4492602539e+02 5.4491900635e+02 5.4490600586e+02 5.4488800049e+02 5.4488299561e+02 5.4487902832e+02 5.4487701416e+02 5.4487597656e+02 5.4486901855e+02 5.4487597656e+02 5.4487799072e+02 5.4486999512e+02 5.4486401367e+02 5.4486401367e+02 5.4485400391e+02 5.4484197998e+02 5.4484197998e+02 5.4484399414e+02 5.4485198975e+02 5.4485998535e+02 5.4484997559e+02 5.4486798096e+02 5.4491400146e+02 5.4494396973e+02 5.4493200684e+02 5.4492297363e+02 5.4492602539e+02 5.4493798828e+02 5.4493499756e+02 5.4491400146e+02 5.4489501953e+02 5.4490002441e+02 5.4490802002e+02 5.4488000488e+02 5.4485699463e+02 5.4485797119e+02 5.4486297607e+02 5.4484100342e+02 5.4480902100e+02 5.4479699707e+02 5.4478399658e+02 5.4476501465e+02 5.4467498779e+02
5.4486999512e+02 5.4489501953e+02 5.4492498779e+02 5.4493402100e+02 5.4492999268e+02 5.4491497803e+02 5.4489599609e+02 5.4488299561e+02 5.4488000488e+02 5.4488201904e+02 5.4488201904e+02 5.4487597656e+02 5.4487902832e+02 5.4487298584e+02 5.4486102295e+02 5.4485699463e+02 5.4485900879e+02 5.4485302734e+02 5.4484197998e+02 5.4483801270e+02 5.4483099365e+02 5.4484997559e+02 5.4488897705e+02 5.4489801025e+02 5.4491400146e+02 5.4492602539e+02 5.4492602539e+02 5.4491802979e+02 5.4491998291e+02 5.4493103027e+02 5.4493701172e+02 5.4492102051e+02 5.4490600586e+02 5.4489501953e+02 5.4488702393e+02 5.4488098145e+02 5.4484197998e+02 5.4480798340e+02 5.4479998779e+02 5.4480700684e+02 5.4480200195e+02 5.4478198242e+02 5.4476501465e+02 5.4471301270e+02 5.4463897705e+02 5.4453002930e+02
5.4485101318e+02 5.4487799072e+02 5.4491497803e+02 5.4493597412e+02 5.4493701172e+02 5.4492498779e+02 5.4490399170e+02 5.4488500977e+02 5.4487799072e+02 5.4488000488e+02 5.4488397217e+02 5.4488000488e+02 5.4488201904e+02 5.4487701416e+02 5.4485998535e+02 5.4484899902e+02 5.4485797119e+02 5.4486297607e+02 5.4486102295e+02 5.4486798096e+02 5.4487799072e+02 5.4490698242e+02 5.4493499756e+02 5.4493902588e+02 5.4494097900e+02 5.4492999268e+02 5.4491802979e+02 5.4491699219e+02 5.4492498779e+02 5.4493499756e+02 5.4492700195e+02 5.4490002441e+02 5.4489300537e+02 5.4489001465e+02 5.4487597656e+02 5.4485900879e+02 5.4482702637e+02 5.4480700684e+02 5.4479302979e+02 5.4478497314e+02 5.4476599121e+02 5.4472601318e+02 5.4467102051e+02 5.4455401611e+02 5.4441802979e+02 5.4428302002e+02
5.4482598877e+02 5.4485400391e+02 5.4489599609e+02 5.4492797852e+02 5.4493701172e+02 5.4493200684e+02 5.4491302490e+02 5.4488897705e+02 5.4487701416e+02 5.4487597656e+02 5.4487902832e+02 5.4487200928e+02 5.4487500000e+02 5.4487402344e+02 5.4486700439e+02 5.4486499023e+02 5.4488800049e+02 5.4490600586e+02 5.4491497803e+02 5.4492700195e+02 5.4492999268e+02 5.4494396973e+02 5.4494702148e+02 5.4493597412e+02 5.4493200684e+02 5.4491900635e+02 5.4491198730e+02 5.4490698242e+02 5.4490899658e+02 5.4490802002e+02 5.4488000488e+02 5.4485400391e+02 5.4486401367e+02 5.4486901855e+02 5.4485198975e+02 5.4483502197e+02 5.4480999756e+02 5.4478302002e+02 5.4475097656e+02 5.4472497559e+02 5.4466900635e+02 5.4457897949e+02 5.4446002197e+02 5.4432299805e+02 5.4419201660e+02 5.4405297852e+02
