TESTSERVER/14/19.asc
NCOLS 100
NROWS 100
XLLCORNER 8.1997500000e+03
YLLCORNER 2.8900025000e+05
CELLSIZE 5.0000000000e-01
NODATA_VALUE -9.9990000000e+03
[rows 0 to 19 of 100, columns 46 to 91 of 100]
5.4143597412e+02 5.4144000244e+02 5.4145697021e+02 5.4148199463e+02 5.4152099609e+02 5.4150897217e+02 5.4149499512e+02 5.4147601318e+02 5.4145001221e+02 5.4143798828e+02 5.4143499756e+02 5.4143701172e+02 5.4144500732e+02 5.4145098877e+02 5.4145800781e+02 5.4146697998e+02 5.4147698975e+02 5.4149798584e+02 5.4153100586e+02 5.4156896973e+02 5.4161401367e+02 5.4166302490e+02 5.4167999268e+02 5.4168103027e+02 5.4166802979e+02 5.4163299561e+02 5.4160699463e+02 5.4157897949e+02 5.4155700684e+02 5.4153302002e+02 5.4150500488e+02 5.4147497559e+02 5.4144097900e+02 5.4140600586e+02 5.4137402344e+02 5.4134197998e+02 5.4130999756e+02 5.4127099609e+02 5.4123602295e+02 5.4120001221e+02 5.4116699219e+02 5.4113598633e+02 5.4109802246e+02 5.4105798340e+02 5.4101397705e+02 5.4096502686e+02
5.4142602539e+02 5.4141802979e+02 5.4142602539e+02 5.4144201660e+02 5.4145397949e+02 5.4145001221e+02 5.4143701172e+02 5.4142199707e+02 5.4140502930e+02 5.4139202881e+02 5.4139099121e+02 5.4139697266e+02 5.4141400146e+02 5.4141998291e+02 5.4142498779e+02 5.4143103027e+02 5.4144097900e+02 5.4146197510e+02 5.4148602295e+02 5.4151397705e+02 5.4155999756e+02 5.4160998535e+02 5.4163397217e+02 5.4164398193e+02 5.4163702393e+02 5.4162097168e+02 5.4159997559e+02 5.4157299805e+02 5.4154498291e+02 5.4152197266e+02 5.4149200439e+02 5.4145898438e+02 5.4141998291e+02 5.4138201904e+02 5.4134899902e+02 5.4131500244e+02 5.4128100586e+02 5.4124298096e+02 5.4120697021e+02 5.4116998291e+02 5.4113897705e+02 5.4110900879e+02 5.4107098389e+02 5.4103002930e+02 5.4098602295e+02 5.4094097900e+02
5.4139801025e+02 5.4138098145e+02 5.4137500000e+02 5.4137200928e+02 5.4137200928e+02 5.4136999512e+02 5.4136297607e+02 5.4135900879e+02 5.4135699463e+02 5.4134899902e+02 5.4135198975e+02 5.4136102295e+02 5.4138397217e+02 5.4139300537e+02 5.4139599609e+02 5.4140100098e+02 5.4140698242e+02 5.4142199707e+02 5.4144299316e+02 5.4146899414e+02 5.4151000977e+02 5.4155700684e+02 5.4158398438e+02 5.4159802246e+02 5.4160101318e+02 5.4159600830e+02 5.4158099365e+02 5.4155999756e+02 5.4153497314e+02 5.4150799561e+02 5.4147601318e+02 5.4144097900e+02 5.4139898682e+02 5.4135797119e+02 5.4132202148e+02 5.4128698730e+02 5.4125201416e+02 5.4121502686e+02 5.4117797852e+02 5.4114202881e+02 5.4111102295e+02 5.4108001709e+02 5.4104101563e+02 5.4099902344e+02 5.4095800781e+02 5.4091900635e+02
5.4134997559e+02 5.4133099365e+02 5.4131597900e+02 5.4130200195e+02 5.4128997803e+02 5.4128698730e+02 5.4128399658e+02 5.4129101563e+02 5.4130999756e+02 5.4131298828e+02 5.4132000732e+02 5.4133197021e+02 5.4135900879e+02 5.4136901855e+02 5.4136999512e+02 5.4137298584e+02 5.4137799072e+02 5.4139001465e+02 5.4140802002e+02 5.4143200684e+02 5.4146697998e+02 5.4150799561e+02 5.4153497314e+02 5.4155200195e+02 5.4156201172e+02 5.4156597900e+02 5.4155902100e+02 5.4154498291e+02 5.4152197266e+02 5.4149102783e+02 5.4145898438e+02 5.4142102051e+02 5.4137597656e+02 5.4133300781e+02 5.4129498291e+02 5.4125799561e+02 5.4122302246e+02 5.4118701172e+02 5.4115100098e+02 5.4111499023e+02 5.4108300781e+02 5.4105102539e+02 5.4101000977e+02 5.4096697998e+02 5.4092999268e+02 5.4089697266e+02
5.4128100586e+02 5.4128198242e+02 5.4126397705e+02 5.4124200439e+02 5.4122601318e+02 5.4121600342e+02 5.4121502686e+02 5.4122802734e+02 5.4125701904e+02 5.4127398682e+02 5.4128601074e+02 5.4130401611e+02 5.4133398438e+02 5.4134698486e+02 5.4135101318e+02 5.4135601807e+02 5.4136102295e+02 5.4136199951e+02 5.4137500000e+02 5.4139202881e+02 5.4141400146e+02 5.4146600342e+02 5.4148999023e+02 5.4150701904e+02 5.4150799561e+02 5.4152600098e+02 5.4153002930e+02 5.4153002930e+02 5.4153002930e+02 5.4147998047e+02 5.4144097900e+02 5.4139599609e+02 5.4134399414e+02 5.4130700684e+02 5.4126800537e+02 5.4123101807e+02 5.4119897461e+02 5.4116302490e+02 5.4112701416e+02 5.4109002686e+02 5.4104998779e+02 5.4101702881e+02 5.4097698975e+02 5.4093798828e+02 5.4091998291e+02 5.4088800049e+02
5.4126501465e+02 5.4126000977e+02 5.4123297119e+02 5.4120898438e+02 5.4121002197e+02 5.4121197510e+02 5.4121600342e+02 5.4123199463e+02 5.4127099609e+02 5.4127001953e+02 5.4126898193e+02 5.4127899170e+02 5.4130499268e+02 5.4132000732e+02 5.4133001709e+02 5.4134100342e+02 5.4134997559e+02 5.4135900879e+02 5.4137298584e+02 5.4138800049e+02 5.4141198730e+02 5.4144396973e+02 5.4146197510e+02 5.4147198486e+02 5.4146600342e+02 5.4147302246e+02 5.4148498535e+02 5.4149499512e+02 5.4149902344e+02 5.4146099854e+02 5.4142199707e+02 5.4137500000e+02 5.4132202148e+02 5.4128002930e+02 5.4124401855e+02 5.4120898438e+02 5.4117700195e+02 5.4114501953e+02 5.4110998535e+02 5.4107202148e+02 5.4103002930e+02 5.4098602295e+02 5.4094396973e+02 5.4090399170e+02 5.4088201904e+02 5.4086199951e+02
5.4126800537e+02 5.4125500488e+02 5.4122399902e+02 5.4120501709e+02 5.4121899414e+02 5.4123999023e+02 5.4126702881e+02 5.4129797363e+02 5.4131597900e+02 5.4128601074e+02 5.4127001953e+02 5.4126599121e+02 5.4128198242e+02 5.4129901123e+02 5.4131201172e+02 5.4132501221e+02 5.4134197998e+02 5.4136199951e+02 5.4138000488e+02 5.4139898682e+02 5.4141802979e+02 5.4144201660e+02 5.4145697021e+02 5.4146301270e+02 5.4144500732e+02 5.4143597412e+02 5.4144097900e+02 5.4144799805e+02 5.4145300293e+02 5.4142297363e+02 5.4139001465e+02 5.4134899902e+02 5.4129699707e+02 5.4125402832e+02 5.4121899414e+02 5.4118499756e+02 5.4115399170e+02 5.4112298584e+02 5.4108898926e+02 5.4105200195e+02 5.4101000977e+02 5.4096301270e+02 5.4091699219e+02 5.4087200928e+02 5.4084002686e+02 5.4080902100e+02
5.4127099609e+02 5.4125402832e+02 5.4122399902e+02 5.4121398926e+02 5.4123999023e+02 5.4128302002e+02 5.4134399414e+02 5.4139697266e+02 5.4138098145e+02 5.4130999756e+02 5.4127899170e+02 5.4126202393e+02 5.4126599121e+02 5.4128497314e+02 5.4129998779e+02 5.4131597900e+02 5.4133898926e+02 5.4136602783e+02 5.4138800049e+02 5.4141101074e+02 5.4143402100e+02 5.4145800781e+02 5.4147302246e+02 5.4147601318e+02 5.4144897461e+02 5.4141198730e+02 5.4139697266e+02 5.4139099121e+02 5.4139398193e+02 5.4137597656e+02 5.4134997559e+02 5.4131597900e+02 5.4127001953e+02 5.4122698975e+02 5.4119201660e+02 5.4115802002e+02 5.4112799072e+02 5.4109802246e+02 5.4106402588e+02 5.4102899170e+02 5.4098999023e+02 5.4094299316e+02 5.4089398193e+02 5.4084399414e+02 5.4079797363e+02 5.4075097656e+02
5.4123699951e+02 5.4124298096e+02 5.4121502686e+02 5.4121398926e+02 5.4126800537e+02 5.4132897949e+02 5.4143402100e+02 5.4151397705e+02 5.4149401855e+02 5.4135498047e+02 5.4129400635e+02 5.4125402832e+02 5.4123797607e+02 5.4127301025e+02 5.4129400635e+02 5.4131799316e+02 5.4133898926e+02 5.4136297607e+02 5.4139501953e+02 5.4143200684e+02 5.4149798584e+02 5.4151397705e+02 5.4152600098e+02 5.4151702881e+02 5.4146502686e+02 5.4139801025e+02 5.4135400391e+02 5.4133099365e+02 5.4133197021e+02 5.4132397461e+02 5.4130798340e+02 5.4128100586e+02 5.4123797607e+02 5.4120001221e+02 5.4116699219e+02 5.4113500977e+02 5.4110699463e+02 5.4107000732e+02 5.4104101563e+02 5.4101098633e+02 5.4098602295e+02 5.4093597412e+02 5.4088500977e+02 5.4082702637e+02 5.4076501465e+02 5.4069598389e+02
5.4123999023e+02 5.4124401855e+02 5.4123199463e+02 5.4121502686e+02 5.4125299072e+02 5.4136700439e+02 5.4149902344e+02 5.4158300781e+02 5.4151501465e+02 5.4137701416e+02 5.4129998779e+02 5.4125097656e+02 5.4123699951e+02 5.4125799561e+02 5.4128002930e+02 5.4130798340e+02 5.4133898926e+02 5.4136798096e+02 5.4140802002e+02 5.4145800781e+02 5.4153497314e+02 5.4158898926e+02 5.4159197998e+02 5.4156298828e+02 5.4149401855e+02 5.4139202881e+02 5.4132000732e+02 5.4128399658e+02 5.4127801514e+02 5.4127099609e+02 5.4126300049e+02 5.4124798584e+02 5.4121600342e+02 5.4117901611e+02 5.4114501953e+02 5.4110900879e+02 5.4107098389e+02 5.4103100586e+02 5.4100598145e+02 5.4098400879e+02 5.4095898438e+02 5.4091998291e+02 5.4086999512e+02 5.4080902100e+02 5.4073797607e+02 5.4066601563e+02
5.4126501465e+02 5.4127398682e+02 5.4128497314e+02 5.4126202393e+02 5.4125701904e+02 5.4135699463e+02 5.4147497559e+02 5.4154797363e+02 5.4149597168e+02 5.4137500000e+02 5.4130401611e+02 5.4125897217e+02 5.4123797607e+02 5.4124700928e+02 5.4126898193e+02 5.4129699707e+02 5.4134002686e+02 5.4138299561e+02 5.4142602539e+02 5.4147900391e+02 5.4157098389e+02 5.4163299561e+02 5.4163098145e+02 5.4159197998e+02 5.4151800537e+02 5.4139099121e+02 5.4128997803e+02 5.4123400879e+02 5.4122698975e+02 5.4121997070e+02 5.4121398926e+02 5.4121002197e+02 5.4119000244e+02 5.4114697266e+02 5.4110900879e+02 5.4107000732e+02 5.4102502441e+02 5.4097998047e+02 5.4095397949e+02 5.4093701172e+02 5.4091900635e+02 5.4088098145e+02 5.4083398438e+02 5.4077899170e+02 5.4071697998e+02 5.4065002441e+02
5.4129699707e+02 5.4131701660e+02 5.4132800293e+02 5.4128698730e+02 5.4124902344e+02 5.4129602051e+02 5.4137097168e+02 5.4142901611e+02 5.4143499756e+02 5.4136102295e+02 5.4129998779e+02 5.4126098633e+02 5.4123602295e+02 5.4123901367e+02 5.4125897217e+02 5.4128698730e+02 5.4134197998e+02 5.4139898682e+02 5.4144598389e+02 5.4150201416e+02 5.4160302734e+02 5.4166601563e+02 5.4165502930e+02 5.4160498047e+02 5.4152801514e+02 5.4139202881e+02 5.4127001953e+02 5.4119396973e+02 5.4117602539e+02 5.4116198730e+02 5.4115399170e+02 5.4115698242e+02 5.4114898682e+02 5.4110498047e+02 5.4106402588e+02 5.4102001953e+02 5.4097198486e+02 5.4092401123e+02 5.4089801025e+02 5.4088397217e+02 5.4087097168e+02 5.4083599854e+02 5.4079498291e+02 5.4075000000e+02 5.4070697021e+02 5.4065698242e+02
5.4125500488e+02 5.4132299805e+02 5.4132000732e+02 5.4125500488e+02 5.4121600342e+02 5.4122698975e+02 5.4124499512e+02 5.4127301025e+02 5.4132702637e+02 5.4133001709e+02 5.4128900146e+02 5.4125402832e+02 5.4122302246e+02 5.4122601318e+02 5.4124200439e+02 5.4127099609e+02 5.4131701660e+02 5.4140899658e+02 5.4148101807e+02 5.4155297852e+02 5.4165399170e+02 5.4169396973e+02 5.4167602539e+02 5.4161499023e+02 5.4147399902e+02 5.4134997559e+02 5.4124499512e+02 5.4116400146e+02 5.4110601807e+02 5.4109497070e+02 5.4108001709e+02 5.4109100342e+02 5.4113000488e+02 5.4106201172e+02 5.4100897217e+02 5.4096002197e+02 5.4090600586e+02 5.4087298584e+02 5.4084899902e+02 5.4083502197e+02 5.4082397461e+02 5.4079101563e+02 5.4075701904e+02 5.4072399902e+02 5.4071600342e+02 5.4068103027e+02
5.4128698730e+02 5.4134197998e+02 5.4130102539e+02 5.4123400879e+02 5.4122198486e+02 5.4124298096e+02 5.4124102783e+02 5.4123199463e+02 5.4127502441e+02 5.4128497314e+02 5.4127001953e+02 5.4125201416e+02 5.4122698975e+02 5.4121502686e+02 5.4122198486e+02 5.4125201416e+02 5.4132098389e+02 5.4143597412e+02 5.4154302979e+02 5.4163299561e+02 5.4169299316e+02 5.4171398926e+02 5.4167700195e+02 5.4159997559e+02 5.4146502686e+02 5.4134002686e+02 5.4125701904e+02 5.4116998291e+02 5.4107598877e+02 5.4102899170e+02 5.4100000000e+02 5.4101202393e+02 5.4104400635e+02 5.4099499512e+02 5.4094598389e+02 5.4090399170e+02 5.4087200928e+02 5.4084899902e+02 5.4082702637e+02 5.4080798340e+02 5.4078601074e+02 5.4075402832e+02 5.4072100830e+02 5.4069500732e+02 5.4069000244e+02 5.4067297363e+02
5.4128302002e+02 5.4130200195e+02 5.4126202393e+02 5.4121197510e+02 5.4120599365e+02 5.4125000000e+02 5.4125799561e+02 5.4123400879e+02 5.4122802734e+02 5.4124401855e+02 5.4125097656e+02 5.4125701904e+02 5.4125097656e+02 5.4123297119e+02 5.4123699951e+02 5.4126397705e+02 5.4134197998e+02 5.4147100830e+02 5.4158099365e+02 5.4166802979e+02 5.4170800781e+02 5.4169097900e+02 5.4163098145e+02 5.4153601074e+02 5.4141400146e+02 5.4132501221e+02 5.4125701904e+02 5.4118103027e+02 5.4109399414e+02 5.4102801514e+02 5.4096301270e+02 5.4094299316e+02 5.4095800781e+02 5.4092999268e+02 5.4090100098e+02 5.4087200928e+02 5.4084802246e+02 5.4081701660e+02 5.4078997803e+02 5.4076800537e+02 5.4074902344e+02 5.4072497559e+02 5.4069097900e+02 5.4065997314e+02 5.4064898682e+02 5.4064001465e+02
5.4124102783e+02 5.4122198486e+02 5.4119500732e+02 5.4118103027e+02 5.4118402100e+02 5.4125299072e+02 5.4128198242e+02 5.4125299072e+02 5.4119598389e+02 5.4121197510e+02 5.4124102783e+02 5.4127197266e+02 5.4129101563e+02 5.4127099609e+02 5.4127301025e+02 5.4129901123e+02 5.4137597656e+02 5.4150201416e+02 5.4160302734e+02 5.4167602539e+02 5.4169097900e+02 5.4164001465e+02 5.4155499268e+02 5.4144396973e+02 5.4132000732e+02 5.4125701904e+02 5.4121600342e+02 5.4116900635e+02 5.4111700439e+02 5.4104400635e+02 5.4094500732e+02 5.4089501953e+02 5.4089202881e+02 5.4088098145e+02 5.4086999512e+02 5.4085302734e+02 5.4082598877e+02 5.4078802490e+02 5.4075799561e+02 5.4073602295e+02 5.4071398926e+02 5.4069799805e+02 5.4066601563e+02 5.4063098145e+02 5.4061199951e+02 5.4060198975e+02
5.4120800781e+02 5.4118402100e+02 5.4115698242e+02 5.4118200684e+02 5.4121502686e+02 5.4126098633e+02 5.4130401611e+02 5.4128198242e+02 5.4119598389e+02 5.4117102051e+02 5.4121099854e+02 5.4128601074e+02 5.4138098145e+02 5.4134600830e+02 5.4133398438e+02 5.4134899902e+02 5.4143298340e+02 5.4155102539e+02 5.4163702393e+02 5.4166900635e+02 5.4164001465e+02 5.4157299805e+02 5.4145397949e+02 5.4131097412e+02 5.4116998291e+02 5.4113897705e+02 5.4112597656e+02 5.4111602783e+02 5.4105603027e+02 5.4100402832e+02 5.4090600586e+02 5.4084802246e+02 5.4085797119e+02 5.4084002686e+02 5.4083801270e+02 5.4082299805e+02 5.4079998779e+02 5.4077398682e+02 5.4074902344e+02 5.4072399902e+02 5.4068298340e+02 5.4065899658e+02 5.4063397217e+02 5.4060498047e+02 5.4058300781e+02 5.4056298828e+02
5.4115997314e+02 5.4117999268e+02 5.4118798828e+02 5.4119897461e+02 5.4121600342e+02 5.4128601074e+02 5.4135198975e+02 5.4134100342e+02 5.4123901367e+02 5.4117602539e+02 5.4115698242e+02 5.4118200684e+02 5.4125701904e+02 5.4130902100e+02 5.4132598877e+02 5.4134997559e+02 5.4141400146e+02 5.4151800537e+02 5.4158197021e+02 5.4158599854e+02 5.4152600098e+02 5.4144897461e+02 5.4132800293e+02 5.4119897461e+02 5.4113598633e+02 5.4115197754e+02 5.4117602539e+02 5.4112701416e+02 5.4101098633e+02 5.4097900391e+02 5.4089599609e+02 5.4082501221e+02 5.4082598877e+02 5.4080401611e+02 5.4079199219e+02 5.4077697754e+02 5.4077001953e+02 5.4074902344e+02 5.4072399902e+02 5.4069097900e+02 5.4064697266e+02 5.4062402344e+02 5.4059802246e+02 5.4056500244e+02 5.4052502441e+02 5.4050000000e+02
5.4113397217e+02 5.4118298340e+02 5.4121002197e+02 5.4119299316e+02 5.4119299316e+02 5.4127697754e+02 5.4134301758e+02 5.4134100342e+02 5.4128997803e+02 5.4125097656e+02 5.4117498779e+02 5.4112097168e+02 5.4114001465e+02 5.4120800781e+02 5.4124597168e+02 5.4127801514e+02 5.4133001709e+02 5.4139099121e+02 5.4143597412e+02 5.4145098877e+02 5.4142199707e+02 5.4137902832e+02 5.4129998779e+02 5.4120397949e+02 5.4116998291e+02 5.4120300293e+02 5.4126000977e+02 5.4119201660e+02 5.4099597168e+02 5.4093103027e+02 5.4086499023e+02 5.4081201172e+02 5.4079998779e+02 5.4077899170e+02 5.4076898193e+02 5.4076501465e+02 5.4074902344e+02 5.4071301270e+02 5.4069299316e+02 5.4066601563e+02 5.4062097168e+02 5.4059600830e+02 5.4057000732e+02 5.4053399658e+02 5.4048498535e+02 5.4045300293e+02
5.4113800049e+02 5.4116900635e+02 5.4120800781e+02 5.4120098877e+02 5.4119702148e+02 5.4123602295e+02 5.4128100586e+02 5.4130401611e+02 5.4132897949e+02 5.4130999756e+02 5.4119598389e+02 5.4109100342e+02 5.4107000732e+02 5.4112298584e+02 5.4115399170e+02 5.4117401123e+02 5.4121099854e+02 5.4124200439e+02 5.4127697754e+02 5.4131201172e+02 5.4134600830e+02 5.4138598633e+02 5.4135198975e+02 5.4125897217e+02 5.4120098877e+02 5.4119299316e+02 5.4123498535e+02 5.4117901611e+02 5.4096197510e+02 5.4085998535e+02 5.4082000732e+02 5.4080499268e+02 5.4079101563e+02 5.4077398682e+02 5.4077301025e+02 5.4077697754e+02 5.4075000000e+02 5.4069097900e+02 5.4066699219e+02 5.4064398193e+02 5.4059802246e+02 5.4057000732e+02 5.4054498291e+02 5.4051202393e+02 5.4046099854e+02 5.4042700195e+02
