TESTSERVER/14/19.asc
NCOLS 100
NROWS 100
XLLCORNER 8.1997500000e+03
YLLCORNER 2.8900025000e+05
CELLSIZE 5.0000000000e-01
NODATA_VALUE -9.9990000000e+03
[rows 20 to 39 of 100, columns 0 to 45 of 100]
5.4181500244e+02 5.4179699707e+02 5.4177697754e+02 5.4177001953e+02 5.4173901367e+02 5.4169396973e+02 5.4166998291e+02 5.4166101074e+02 5.4167797852e+02 5.4167700195e+02 5.4164501953e+02 5.4166601563e+02 5.4170202637e+02 5.4173602295e+02 5.4172399902e+02 5.4165301514e+02 5.4161102295e+02 5.4160198975e+02 5.4158801270e+02 5.4153302002e+02 5.4149798584e+02 5.4149200439e+02 5.4150299072e+02 5.4148199463e+02 5.4146801758e+02 5.4147601318e+02 5.4145098877e+02 5.4142797852e+02 5.4142297363e+02 5.4140399170e+02 5.4136297607e+02 5.4132299805e+02 5.4130999756e+02 5.4129901123e+02 5.4126000977e+02 5.4119702148e+02 5.4115399170e+02 5.4112701416e+02 5.4113098145e+02 5.4112597656e+02 5.4110101318e+02 5.4108099365e+02 5.4107000732e+02 5.4107598877e+02 5.4111602783e+02 5.4116900635e+02
5.4177801514e+02 5.4176800537e+02 5.4177301025e+02 5.4177502441e+02 5.4174102783e+02 5.4169097900e+02 5.4165997314e+02 5.4164099121e+02 5.4164300537e+02 5.4163098145e+02 5.4163598633e+02 5.4167297363e+02 5.4172302246e+02 5.4178399658e+02 5.4179901123e+02 5.4168701172e+02 5.4161199951e+02 5.4160498047e+02 5.4158001709e+02 5.4153100586e+02 5.4152099609e+02 5.4150598145e+02 5.4146899414e+02 5.4144598389e+02 5.4142199707e+02 5.4142999268e+02 5.4143298340e+02 5.4142797852e+02 5.4140997314e+02 5.4138098145e+02 5.4134600830e+02 5.4133300781e+02 5.4131500244e+02 5.4129699707e+02 5.4127001953e+02 5.4120001221e+02 5.4115698242e+02 5.4115100098e+02 5.4115698242e+02 5.4111700439e+02 5.4105902100e+02 5.4104699707e+02 5.4108099365e+02 5.4111700439e+02 5.4112500000e+02 5.4113397217e+02
5.4177801514e+02 5.4178100586e+02 5.4178698730e+02 5.4175799561e+02 5.4172998047e+02 5.4169500732e+02 5.4164599609e+02 5.4160498047e+02 5.4159399414e+02 5.4159600830e+02 5.4164599609e+02 5.4169702148e+02 5.4177801514e+02 5.4188098145e+02 5.4190502930e+02 5.4174597168e+02 5.4163299561e+02 5.4160601807e+02 5.4156402588e+02 5.4151000977e+02 5.4149102783e+02 5.4146697998e+02 5.4145098877e+02 5.4143402100e+02 5.4139099121e+02 5.4138500977e+02 5.4142498779e+02 5.4143798828e+02 5.4142401123e+02 5.4138800049e+02 5.4135498047e+02 5.4134802246e+02 5.4130499268e+02 5.4126397705e+02 5.4125299072e+02 5.4122302246e+02 5.4119500732e+02 5.4118902588e+02 5.4117199707e+02 5.4111798096e+02 5.4107501221e+02 5.4107299805e+02 5.4110797119e+02 5.4112097168e+02 5.4108898926e+02 5.4106402588e+02
5.4180798340e+02 5.4181298828e+02 5.4181201172e+02 5.4175299072e+02 5.4171997070e+02 5.4168701172e+02 5.4161901855e+02 5.4157299805e+02 5.4156500244e+02 5.4158599854e+02 5.4165899658e+02 5.4171997070e+02 5.4183697510e+02 5.4197302246e+02 5.4198400879e+02 5.4178601074e+02 5.4165100098e+02 5.4160302734e+02 5.4155499268e+02 5.4151000977e+02 5.4147998047e+02 5.4146301270e+02 5.4148498535e+02 5.4147100830e+02 5.4141400146e+02 5.4138500977e+02 5.4142999268e+02 5.4146801758e+02 5.4147198486e+02 5.4143701172e+02 5.4139202881e+02 5.4136798096e+02 5.4130401611e+02 5.4124499512e+02 5.4122698975e+02 5.4121899414e+02 5.4120501709e+02 5.4119799805e+02 5.4116400146e+02 5.4112097168e+02 5.4110601807e+02 5.4110601807e+02 5.4113098145e+02 5.4112902832e+02 5.4108599854e+02 5.4107000732e+02
5.4183801270e+02 5.4183398438e+02 5.4179998779e+02 5.4175299072e+02 5.4171502686e+02 5.4166101074e+02 5.4159600830e+02 5.4157098389e+02 5.4157202148e+02 5.4160900879e+02 5.4167700195e+02 5.4172900391e+02 5.4185302734e+02 5.4197900391e+02 5.4195098877e+02 5.4178002930e+02 5.4165301514e+02 5.4158697510e+02 5.4154998779e+02 5.4152502441e+02 5.4151098633e+02 5.4150201416e+02 5.4148297119e+02 5.4146600342e+02 5.4142102051e+02 5.4138598633e+02 5.4141802979e+02 5.4149499512e+02 5.4152398682e+02 5.4149902344e+02 5.4143103027e+02 5.4137500000e+02 5.4130499268e+02 5.4124200439e+02 5.4120202637e+02 5.4117297363e+02 5.4115899658e+02 5.4116101074e+02 5.4113702393e+02 5.4111798096e+02 5.4113098145e+02 5.4111199951e+02 5.4109899902e+02 5.4111602783e+02 5.4108599854e+02 5.4108197021e+02
5.4181298828e+02 5.4178900146e+02 5.4175701904e+02 5.4174401855e+02 5.4170202637e+02 5.4163098145e+02 5.4157800293e+02 5.4156597900e+02 5.4158300781e+02 5.4163098145e+02 5.4167498779e+02 5.4169702148e+02 5.4176599121e+02 5.4182397461e+02 5.4179797363e+02 5.4171398926e+02 5.4164099121e+02 5.4158898926e+02 5.4154602051e+02 5.4150402832e+02 5.4148699951e+02 5.4148498535e+02 5.4146899414e+02 5.4143103027e+02 5.4139599609e+02 5.4137597656e+02 5.4139501953e+02 5.4146697998e+02 5.4151898193e+02 5.4151800537e+02 5.4145098877e+02 5.4137701416e+02 5.4129797363e+02 5.4122497559e+02 5.4118298340e+02 5.4114801025e+02 5.4112402344e+02 5.4112500000e+02 5.4110198975e+02 5.4112200928e+02 5.4116101074e+02 5.4113201904e+02 5.4111199951e+02 5.4112701416e+02 5.4108801270e+02 5.4108398438e+02
5.4178802490e+02 5.4176599121e+02 5.4173602295e+02 5.4170501709e+02 5.4165502930e+02 5.4159197998e+02 5.4155999756e+02 5.4158502197e+02 5.4162701416e+02 5.4164801025e+02 5.4162701416e+02 5.4162902832e+02 5.4166497803e+02 5.4168902588e+02 5.4165301514e+02 5.4162200928e+02 5.4159002686e+02 5.4155999756e+02 5.4153399658e+02 5.4147998047e+02 5.4144000244e+02 5.4143402100e+02 5.4141900635e+02 5.4136901855e+02 5.4133398438e+02 5.4131298828e+02 5.4133099365e+02 5.4140698242e+02 5.4146997070e+02 5.4148602295e+02 5.4143402100e+02 5.4138397217e+02 5.4130999756e+02 5.4123400879e+02 5.4118798828e+02 5.4115100098e+02 5.4112097168e+02 5.4111999512e+02 5.4109698486e+02 5.4110198975e+02 5.4112597656e+02 5.4112097168e+02 5.4113098145e+02 5.4114001465e+02 5.4109600830e+02 5.4108502197e+02
5.4173498535e+02 5.4172100830e+02 5.4170397949e+02 5.4165399170e+02 5.4160699463e+02 5.4156597900e+02 5.4155902100e+02 5.4161499023e+02 5.4165899658e+02 5.4164300537e+02 5.4157397461e+02 5.4156896973e+02 5.4158697510e+02 5.4159497070e+02 5.4155798340e+02 5.4154400635e+02 5.4153900146e+02 5.4153601074e+02 5.4152600098e+02 5.4146600342e+02 5.4140997314e+02 5.4139398193e+02 5.4137200928e+02 5.4133300781e+02 5.4129797363e+02 5.4126800537e+02 5.4127398682e+02 5.4134399414e+02 5.4140197754e+02 5.4141699219e+02 5.4136499023e+02 5.4133197021e+02 5.4127697754e+02 5.4121600342e+02 5.4118402100e+02 5.4115997314e+02 5.4113098145e+02 5.4113201904e+02 5.4112799072e+02 5.4112402344e+02 5.4111700439e+02 5.4111602783e+02 5.4113201904e+02 5.4113897705e+02 5.4109497070e+02 5.4106701660e+02
5.4166900635e+02 5.4164898682e+02 5.4163397217e+02 5.4161401367e+02 5.4158599854e+02 5.4157098389e+02 5.4161199951e+02 5.4161700439e+02 5.4160498047e+02 5.4157598877e+02 5.4154901123e+02 5.4154302979e+02 5.4154101563e+02 5.4152899170e+02 5.4150000000e+02 5.4148699951e+02 5.4148602295e+02 5.4148699951e+02 5.4148101807e+02 5.4144299316e+02 5.4140600586e+02 5.4139001465e+02 5.4136602783e+02 5.4133599854e+02 5.4129998779e+02 5.4125799561e+02 5.4124298096e+02 5.4131201172e+02 5.4134698486e+02 5.4133801270e+02 5.4129400635e+02 5.4125000000e+02 5.4119396973e+02 5.4115301514e+02 5.4115100098e+02 5.4116601563e+02 5.4113800049e+02 5.4112500000e+02 5.4114001465e+02 5.4113201904e+02 5.4111401367e+02 5.4111102295e+02 5.4111901855e+02 5.4112902832e+02 5.4109399414e+02 5.4106097412e+02
5.4161700439e+02 5.4160498047e+02 5.4159301758e+02 5.4155999756e+02 5.4154602051e+02 5.4155902100e+02 5.4160302734e+02 5.4158099365e+02 5.4154101563e+02 5.4151397705e+02 5.4151000977e+02 5.4150897217e+02 5.4149902344e+02 5.4148498535e+02 5.4146600342e+02 5.4144702148e+02 5.4141998291e+02 5.4140197754e+02 5.4141699219e+02 5.4140301514e+02 5.4137902832e+02 5.4135998535e+02 5.4133801270e+02 5.4130603027e+02 5.4127197266e+02 5.4123400879e+02 5.4121899414e+02 5.4128399658e+02 5.4129998779e+02 5.4128698730e+02 5.4129101563e+02 5.4127899170e+02 5.4123199463e+02 5.4119598389e+02 5.4120098877e+02 5.4122399902e+02 5.4118701172e+02 5.4113500977e+02 5.4113800049e+02 5.4109698486e+02 5.4107702637e+02 5.4108898926e+02 5.4109600830e+02 5.4110498047e+02 5.4110302734e+02 5.4109399414e+02
5.4156402588e+02 5.4157098389e+02 5.4156597900e+02 5.4153198242e+02 5.4153900146e+02 5.4156597900e+02 5.4158502197e+02 5.4154998779e+02 5.4151300049e+02 5.4149401855e+02 5.4149102783e+02 5.4148101807e+02 5.4146697998e+02 5.4145202637e+02 5.4143499756e+02 5.4140600586e+02 5.4136798096e+02 5.4134802246e+02 5.4137402344e+02 5.4134899902e+02 5.4132702637e+02 5.4131402588e+02 5.4129302979e+02 5.4126898193e+02 5.4125097656e+02 5.4121600342e+02 5.4119097900e+02 5.4123101807e+02 5.4123199463e+02 5.4122302246e+02 5.4124798584e+02 5.4125799561e+02 5.4125598145e+02 5.4124499512e+02 5.4121801758e+02 5.4122100830e+02 5.4119299316e+02 5.4113897705e+02 5.4112799072e+02 5.4109002686e+02 5.4109002686e+02 5.4109997559e+02 5.4108801270e+02 5.4108197021e+02 5.4109002686e+02 5.4108801270e+02
5.4151501465e+02 5.4152899170e+02 5.4152697754e+02 5.4150000000e+02 5.4152899170e+02 5.4156298828e+02 5.4156097412e+02 5.4153399658e+02 5.4150897217e+02 5.4149798584e+02 5.4148999023e+02 5.4146801758e+02 5.4145202637e+02 5.4143402100e+02 5.4141497803e+02 5.4137597656e+02 5.4133398438e+02 5.4131298828e+02 5.4133001709e+02 5.4127899170e+02 5.4127502441e+02 5.4128601074e+02 5.4125598145e+02 5.4123797607e+02 5.4123699951e+02 5.4120599365e+02 5.4116497803e+02 5.4117999268e+02 5.4117498779e+02 5.4117401123e+02 5.4119897461e+02 5.4119702148e+02 5.4122399902e+02 5.4123999023e+02 5.4118200684e+02 5.4114099121e+02 5.4113098145e+02 5.4110198975e+02 5.4109698486e+02 5.4109802246e+02 5.4112200928e+02 5.4111297607e+02 5.4107800293e+02 5.4108599854e+02 5.4110699463e+02 5.4111297607e+02
5.4148901367e+02 5.4148999023e+02 5.4147399902e+02 5.4146301270e+02 5.4149902344e+02 5.4153198242e+02 5.4153900146e+02 5.4150799561e+02 5.4148901367e+02 5.4148602295e+02 5.4148999023e+02 5.4146697998e+02 5.4144598389e+02 5.4142700195e+02 5.4141699219e+02 5.4137902832e+02 5.4133398438e+02 5.4130200195e+02 5.4132000732e+02 5.4128698730e+02 5.4129302979e+02 5.4130798340e+02 5.4124200439e+02 5.4122900391e+02 5.4122998047e+02 5.4120397949e+02 5.4117401123e+02 5.4115301514e+02 5.4115301514e+02 5.4116998291e+02 5.4120697021e+02 5.4118103027e+02 5.4120001221e+02 5.4122998047e+02 5.4118402100e+02 5.4112402344e+02 5.4113500977e+02 5.4113598633e+02 5.4111602783e+02 5.4110797119e+02 5.4113000488e+02 5.4109997559e+02 5.4103601074e+02 5.4106298828e+02 5.4109100342e+02 5.4110998535e+02
5.4145697021e+02 5.4145001221e+02 5.4144897461e+02 5.4145397949e+02 5.4149102783e+02 5.4151202393e+02 5.4150897217e+02 5.4146301270e+02 5.4143597412e+02 5.4143798828e+02 5.4145898438e+02 5.4145898438e+02 5.4143798828e+02 5.4141699219e+02 5.4141302490e+02 5.4144299316e+02 5.4141400146e+02 5.4134399414e+02 5.4132598877e+02 5.4132299805e+02 5.4130200195e+02 5.4128900146e+02 5.4125799561e+02 5.4126202393e+02 5.4124200439e+02 5.4120098877e+02 5.4116699219e+02 5.4114398193e+02 5.4115301514e+02 5.4119702148e+02 5.4124401855e+02 5.4119702148e+02 5.4118103027e+02 5.4120098877e+02 5.4120397949e+02 5.4117199707e+02 5.4118200684e+02 5.4119500732e+02 5.4114300537e+02 5.4111499023e+02 5.4115698242e+02 5.4115899658e+02 5.4108099365e+02 5.4106896973e+02 5.4108898926e+02 5.4111602783e+02
5.4142797852e+02 5.4141497803e+02 5.4143902588e+02 5.4146301270e+02 5.4149597168e+02 5.4149902344e+02 5.4148297119e+02 5.4143597412e+02 5.4140100098e+02 5.4139697266e+02 5.4141998291e+02 5.4143499756e+02 5.4142602539e+02 5.4141601563e+02 5.4142602539e+02 5.4147399902e+02 5.4146899414e+02 5.4139801025e+02 5.4134002686e+02 5.4134698486e+02 5.4131201172e+02 5.4127502441e+02 5.4126000977e+02 5.4126599121e+02 5.4123199463e+02 5.4117700195e+02 5.4113800049e+02 5.4111499023e+02 5.4112402344e+02 5.4117700195e+02 5.4125402832e+02 5.4122900391e+02 5.4119396973e+02 5.4119097900e+02 5.4122302246e+02 5.4118798828e+02 5.4116900635e+02 5.4117700195e+02 5.4113500977e+02 5.4110998535e+02 5.4115802002e+02 5.4119396973e+02 5.4114398193e+02 5.4108502197e+02 5.4108001709e+02 5.4111199951e+02
5.4141400146e+02 5.4139501953e+02 5.4143902588e+02 5.4148199463e+02 5.4150000000e+02 5.4147698975e+02 5.4145202637e+02 5.4142199707e+02 5.4138897705e+02 5.4137500000e+02 5.4138397217e+02 5.4140301514e+02 5.4140600586e+02 5.4141400146e+02 5.4145202637e+02 5.4147399902e+02 5.4147399902e+02 5.4142901611e+02 5.4135601807e+02 5.4133898926e+02 5.4130499268e+02 5.4126898193e+02 5.4124401855e+02 5.4124798584e+02 5.4121002197e+02 5.4115399170e+02 5.4111499023e+02 5.4111297607e+02 5.4111401367e+02 5.4113897705e+02 5.4122100830e+02 5.4124102783e+02 5.4121600342e+02 5.4120300293e+02 5.4123797607e+02 5.4119299316e+02 5.4116400146e+02 5.4117498779e+02 5.4112902832e+02 5.4108599854e+02 5.4109802246e+02 5.4112597656e+02 5.4112402344e+02 5.4105200195e+02 5.4103399658e+02 5.4106799316e+02
5.4140100098e+02 5.4138598633e+02 5.4142401123e+02 5.4148602295e+02 5.4149597168e+02 5.4145898438e+02 5.4143499756e+02 5.4141601563e+02 5.4139001465e+02 5.4137097168e+02 5.4137200928e+02 5.4136999512e+02 5.4137597656e+02 5.4140100098e+02 5.4147198486e+02 5.4146002197e+02 5.4144500732e+02 5.4144702148e+02 5.4140502930e+02 5.4132598877e+02 5.4128997803e+02 5.4127001953e+02 5.4123400879e+02 5.4123101807e+02 5.4119598389e+02 5.4114801025e+02 5.4110498047e+02 5.4115301514e+02 5.4116302490e+02 5.4113299561e+02 5.4110699463e+02 5.4118902588e+02 5.4118798828e+02 5.4118103027e+02 5.4119201660e+02 5.4116601563e+02 5.4116400146e+02 5.4117199707e+02 5.4113000488e+02 5.4107897949e+02 5.4108099365e+02 5.4109002686e+02 5.4107299805e+02 5.4102801514e+02 5.4103302002e+02 5.4104901123e+02
5.4139599609e+02 5.4140301514e+02 5.4144500732e+02 5.4147100830e+02 5.4147698975e+02 5.4146398926e+02 5.4144598389e+02 5.4142401123e+02 5.4139300537e+02 5.4136999512e+02 5.4135998535e+02 5.4135900879e+02 5.4136700439e+02 5.4137799072e+02 5.4141497803e+02 5.4142498779e+02 5.4143701172e+02 5.4148602295e+02 5.4148199463e+02 5.4136199951e+02 5.4128198242e+02 5.4125402832e+02 5.4122802734e+02 5.4122100830e+02 5.4118499756e+02 5.4114300537e+02 5.4111102295e+02 5.4112402344e+02 5.4114801025e+02 5.4112799072e+02 5.4108502197e+02 5.4112097168e+02 5.4112902832e+02 5.4113098145e+02 5.4114599609e+02 5.4112902832e+02 5.4114398193e+02 5.4112597656e+02 5.4107702637e+02 5.4106402588e+02 5.4107702637e+02 5.4108398438e+02 5.4107098389e+02 5.4104101563e+02 5.4106298828e+02 5.4108801270e+02
5.4136499023e+02 5.4140100098e+02 5.4146197510e+02 5.4146997070e+02 5.4148699951e+02 5.4149102783e+02 5.4145898438e+02 5.4141400146e+02 5.4138000488e+02 5.4135601807e+02 5.4134301758e+02 5.4134997559e+02 5.4135797119e+02 5.4135699463e+02 5.4136102295e+02 5.4136999512e+02 5.4139501953e+02 5.4145202637e+02 5.4146301270e+02 5.4133697510e+02 5.4124499512e+02 5.4121398926e+02 5.4119799805e+02 5.4119799805e+02 5.4117401123e+02 5.4114599609e+02 5.4112097168e+02 5.4108801270e+02 5.4108599854e+02 5.4107800293e+02 5.4105798340e+02 5.4106799316e+02 5.4108398438e+02 5.4111297607e+02 5.4114801025e+02 5.4114398193e+02 5.4113098145e+02 5.4108197021e+02 5.4104302979e+02 5.4105401611e+02 5.4105999756e+02 5.4105297852e+02 5.4104302979e+02 5.4103997803e+02 5.4108898926e+02 5.4113897705e+02
5.4133697510e+02 5.4138598633e+02 5.4145202637e+02 5.4148199463e+02 5.4152801514e+02 5.4154101563e+02 5.4147601318e+02 5.4140399170e+02 5.4136199951e+02 5.4133398438e+02 5.4132501221e+02 5.4133001709e+02 5.4132897949e+02 5.4132299805e+02 5.4132202148e+02 5.4132299805e+02 5.4134399414e+02 5.4137500000e+02 5.4136700439e+02 5.4126000977e+02 5.4119097900e+02 5.4117602539e+02 5.4117498779e+02 5.4118701172e+02 5.4117602539e+02 5.4115301514e+02 5.4112402344e+02 5.4108001709e+02 5.4106097412e+02 5.4105297852e+02 5.4105297852e+02 5.4103497314e+02 5.4104101563e+02 5.4107501221e+02 5.4112200928e+02 5.4111602783e+02 5.4109497070e+02 5.4104901123e+02 5.4103002930e+02 5.4105798340e+02 5.4105798340e+02 5.4103900146e+02 5.4103399658e+02 5.4105401611e+02 5.4111297607e+02 5.4116101074e+02
