TESTSERVER/14/19.asc
NCOLS 100
NROWS 100
XLLCORNER 8.1997500000e+03
YLLCORNER 2.8900025000e+05
CELLSIZE 5.0000000000e-01
NODATA_VALUE -9.9990000000e+03
[rows 0 to 19 of 100, columns 0 to 45 of 100]
5.4329602051e+02 5.4315899658e+02 5.4305700684e+02 5.4291900635e+02 5.4278802490e+02 5.4266601563e+02 5.4255401611e+02 5.4249597168e+02 5.4240502930e+02 5.4231097412e+02 5.4226898193e+02 5.4225201416e+02 5.4224102783e+02 5.4222399902e+02 5.4219598389e+02 5.4214202881e+02 5.4210498047e+02 5.4207598877e+02 5.4203802490e+02 5.4201300049e+02 5.4199700928e+02 5.4198999023e+02 5.4198999023e+02 5.4199700928e+02 5.4198602295e+02 5.4196002197e+02 5.4193597412e+02 5.4190002441e+02 5.4185797119e+02 5.4179400635e+02 5.4172698975e+02 5.4167498779e+02 5.4163897705e+02 5.4161199951e+02 5.4159197998e+02 5.4155700684e+02 5.4152001953e+02 5.4148901367e+02 5.4148101807e+02 5.4148797607e+02 5.4151000977e+02 5.4155200195e+02 5.4160498047e+02 5.4156201172e+02 5.4151000977e+02 5.4146002197e+02
5.4316802979e+02 5.4305700684e+02 5.4299102783e+02 5.4284600830e+02 5.4272698975e+02 5.4261901855e+02 5.4251800537e+02 5.4246099854e+02 5.4235101318e+02 5.4226397705e+02 5.4222601318e+02 5.4219702148e+02 5.4217602539e+02 5.4215197754e+02 5.4212200928e+02 5.4206597900e+02 5.4203802490e+02 5.4202099609e+02 5.4199298096e+02 5.4196197510e+02 5.4194299316e+02 5.4193902588e+02 5.4193798828e+02 5.4193200684e+02 5.4191601563e+02 5.4187500000e+02 5.4183398438e+02 5.4179998779e+02 5.4175799561e+02 5.4170001221e+02 5.4164099121e+02 5.4162097168e+02 5.4161102295e+02 5.4158099365e+02 5.4154199219e+02 5.4151702881e+02 5.4149700928e+02 5.4148199463e+02 5.4147698975e+02 5.4147100830e+02 5.4149298096e+02 5.4154602051e+02 5.4159100342e+02 5.4156298828e+02 5.4151599121e+02 5.4146197510e+02
5.4303698730e+02 5.4294097900e+02 5.4289202881e+02 5.4273999023e+02 5.4263201904e+02 5.4254101563e+02 5.4244598389e+02 5.4238702393e+02 5.4228497314e+02 5.4221801758e+02 5.4218701172e+02 5.4214501953e+02 5.4211499023e+02 5.4208898926e+02 5.4207098389e+02 5.4202099609e+02 5.4198797607e+02 5.4196197510e+02 5.4193402100e+02 5.4190600586e+02 5.4188500977e+02 5.4188397217e+02 5.4188397217e+02 5.4185998535e+02 5.4182800293e+02 5.4179400635e+02 5.4174902344e+02 5.4170098877e+02 5.4165301514e+02 5.4159899902e+02 5.4156597900e+02 5.4158099365e+02 5.4159899902e+02 5.4158502197e+02 5.4155902100e+02 5.4153198242e+02 5.4149700928e+02 5.4146899414e+02 5.4145397949e+02 5.4143597412e+02 5.4144702148e+02 5.4148297119e+02 5.4152001953e+02 5.4151397705e+02 5.4148101807e+02 5.4143499756e+02
5.4291802979e+02 5.4282202148e+02 5.4275402832e+02 5.4261999512e+02 5.4253198242e+02 5.4245397949e+02 5.4235900879e+02 5.4228900146e+02 5.4221801758e+02 5.4217999268e+02 5.4215002441e+02 5.4209997559e+02 5.4206402588e+02 5.4203497314e+02 5.4201898193e+02 5.4197900391e+02 5.4194000244e+02 5.4189898682e+02 5.4186602783e+02 5.4184399414e+02 5.4182598877e+02 5.4182299805e+02 5.4181701660e+02 5.4179400635e+02 5.4175097656e+02 5.4172198486e+02 5.4167498779e+02 5.4161700439e+02 5.4157702637e+02 5.4154901123e+02 5.4155902100e+02 5.4158502197e+02 5.4161499023e+02 5.4162902832e+02 5.4163702393e+02 5.4160198975e+02 5.4152697754e+02 5.4145800781e+02 5.4142297363e+02 5.4140802002e+02 5.4140802002e+02 5.4141998291e+02 5.4144000244e+02 5.4144299316e+02 5.4141900635e+02 5.4138098145e+02
5.4284899902e+02 5.4274298096e+02 5.4264697266e+02 5.4254998779e+02 5.4246899414e+02 5.4237902832e+02 5.4228802490e+02 5.4221801758e+02 5.4217999268e+02 5.4215100098e+02 5.4210797119e+02 5.4205902100e+02 5.4202899170e+02 5.4200500488e+02 5.4198400879e+02 5.4194897461e+02 5.4190399170e+02 5.4185400391e+02 5.4182000732e+02 5.4180297852e+02 5.4178900146e+02 5.4177398682e+02 5.4174499512e+02 5.4173901367e+02 5.4170697021e+02 5.4166101074e+02 5.4160699463e+02 5.4156597900e+02 5.4155798340e+02 5.4159399414e+02 5.4166699219e+02 5.4167498779e+02 5.4169500732e+02 5.4171899414e+02 5.4172198486e+02 5.4167498779e+02 5.4157501221e+02 5.4146801758e+02 5.4140997314e+02 5.4139398193e+02 5.4139099121e+02 5.4139001465e+02 5.4139202881e+02 5.4138598633e+02 5.4135998535e+02 5.4131701660e+02
5.4276898193e+02 5.4265100098e+02 5.4255297852e+02 5.4247198486e+02 5.4240100098e+02 5.4231097412e+02 5.4222302246e+02 5.4216400146e+02 5.4212799072e+02 5.4209002686e+02 5.4204797363e+02 5.4202899170e+02 5.4201702881e+02 5.4199597168e+02 5.4195300293e+02 5.4190502930e+02 5.4184997559e+02 5.4181500244e+02 5.4178900146e+02 5.4176599121e+02 5.4175500488e+02 5.4173498535e+02 5.4169799805e+02 5.4168701172e+02 5.4165802002e+02 5.4162500000e+02 5.4160797119e+02 5.4159301758e+02 5.4160302734e+02 5.4166302490e+02 5.4173901367e+02 5.4174102783e+02 5.4173400879e+02 5.4173999023e+02 5.4173602295e+02 5.4169000244e+02 5.4160302734e+02 5.4150097656e+02 5.4142999268e+02 5.4138598633e+02 5.4135699463e+02 5.4135198975e+02 5.4136401367e+02 5.4134698486e+02 5.4130902100e+02 5.4127301025e+02
5.4263800049e+02 5.4253900146e+02 5.4246801758e+02 5.4239898682e+02 5.4232397461e+02 5.4223400879e+02 5.4215197754e+02 5.4210699463e+02 5.4207299805e+02 5.4203002930e+02 5.4198699951e+02 5.4197698975e+02 5.4197302246e+02 5.4195300293e+02 5.4190399170e+02 5.4185101318e+02 5.4181298828e+02 5.4179302979e+02 5.4176202393e+02 5.4172497559e+02 5.4170697021e+02 5.4168402100e+02 5.4165899658e+02 5.4164898682e+02 5.4162500000e+02 5.4161297607e+02 5.4161297607e+02 5.4160400391e+02 5.4160998535e+02 5.4164501953e+02 5.4169000244e+02 5.4169097900e+02 5.4166998291e+02 5.4166198730e+02 5.4165899658e+02 5.4163397217e+02 5.4158502197e+02 5.4150402832e+02 5.4143499756e+02 5.4139001465e+02 5.4134497070e+02 5.4132800293e+02 5.4133898926e+02 5.4131402588e+02 5.4127899170e+02 5.4126000977e+02
5.4248199463e+02 5.4242102051e+02 5.4238098145e+02 5.4230401611e+02 5.4222399902e+02 5.4215502930e+02 5.4209600830e+02 5.4205700684e+02 5.4202502441e+02 5.4197998047e+02 5.4193402100e+02 5.4191699219e+02 5.4190997314e+02 5.4189202881e+02 5.4184899902e+02 5.4181097412e+02 5.4178802490e+02 5.4176397705e+02 5.4172198486e+02 5.4167602539e+02 5.4164898682e+02 5.4162799072e+02 5.4161901855e+02 5.4161297607e+02 5.4160797119e+02 5.4160699463e+02 5.4159997559e+02 5.4159197998e+02 5.4159399414e+02 5.4159802246e+02 5.4160998535e+02 5.4161798096e+02 5.4159399414e+02 5.4156896973e+02 5.4155999756e+02 5.4155401611e+02 5.4153497314e+02 5.4147198486e+02 5.4139898682e+02 5.4136798096e+02 5.4133099365e+02 5.4131201172e+02 5.4131500244e+02 5.4129699707e+02 5.4127301025e+02 5.4126397705e+02
5.4235302734e+02 5.4232702637e+02 5.4228302002e+02 5.4220300293e+02 5.4214099121e+02 5.4210101318e+02 5.4207299805e+02 5.4201397705e+02 5.4197198486e+02 5.4193200684e+02 5.4189398193e+02 5.4188098145e+02 5.4187902832e+02 5.4185601807e+02 5.4181298828e+02 5.4178900146e+02 5.4176702881e+02 5.4172802734e+02 5.4167102051e+02 5.4162597656e+02 5.4159997559e+02 5.4158898926e+02 5.4158300781e+02 5.4159399414e+02 5.4161401367e+02 5.4160601807e+02 5.4158099365e+02 5.4158502197e+02 5.4158697510e+02 5.4158001709e+02 5.4158502197e+02 5.4159197998e+02 5.4156799316e+02 5.4152502441e+02 5.4149102783e+02 5.4150201416e+02 5.4149902344e+02 5.4145202637e+02 5.4136401367e+02 5.4132098389e+02 5.4130200195e+02 5.4128997803e+02 5.4128601074e+02 5.4128002930e+02 5.4127697754e+02 5.4127697754e+02
5.4226501465e+02 5.4223602295e+02 5.4218298340e+02 5.4213098145e+02 5.4210198975e+02 5.4206097412e+02 5.4201599121e+02 5.4193298340e+02 5.4189300537e+02 5.4189099121e+02 5.4189001465e+02 5.4187799072e+02 5.4186798096e+02 5.4183300781e+02 5.4178698730e+02 5.4176202393e+02 5.4173602295e+02 5.4169000244e+02 5.4162597656e+02 5.4159197998e+02 5.4157098389e+02 5.4155297852e+02 5.4155297852e+02 5.4158001709e+02 5.4161199951e+02 5.4160900879e+02 5.4158801270e+02 5.4159197998e+02 5.4159301758e+02 5.4159399414e+02 5.4159497070e+02 5.4159997559e+02 5.4158099365e+02 5.4153302002e+02 5.4147302246e+02 5.4145599365e+02 5.4145397949e+02 5.4143402100e+02 5.4136102295e+02 5.4129699707e+02 5.4128002930e+02 5.4127801514e+02 5.4127197266e+02 5.4128399658e+02 5.4130102539e+02 5.4130603027e+02
5.4217297363e+02 5.4214599609e+02 5.4210302734e+02 5.4206298828e+02 5.4202697754e+02 5.4197900391e+02 5.4193902588e+02 5.4188897705e+02 5.4189202881e+02 5.4190698242e+02 5.4187902832e+02 5.4185601807e+02 5.4184197998e+02 5.4180798340e+02 5.4176397705e+02 5.4173297119e+02 5.4169500732e+02 5.4164697266e+02 5.4159197998e+02 5.4157202148e+02 5.4155700684e+02 5.4154400635e+02 5.4155401611e+02 5.4159197998e+02 5.4161199951e+02 5.4159399414e+02 5.4156500244e+02 5.4156799316e+02 5.4158599854e+02 5.4160797119e+02 5.4161700439e+02 5.4162701416e+02 5.4161602783e+02 5.4156896973e+02 5.4148999023e+02 5.4144000244e+02 5.4141302490e+02 5.4139398193e+02 5.4134698486e+02 5.4129998779e+02 5.4128100586e+02 5.4127001953e+02 5.4125897217e+02 5.4128100586e+02 5.4130700684e+02 5.4132000732e+02
5.4208502197e+02 5.4206402588e+02 5.4202502441e+02 5.4196899414e+02 5.4193200684e+02 5.4190502930e+02 5.4189398193e+02 5.4188000488e+02 5.4189697266e+02 5.4189099121e+02 5.4183197021e+02 5.4181298828e+02 5.4180499268e+02 5.4177697754e+02 5.4173199463e+02 5.4169799805e+02 5.4165698242e+02 5.4161602783e+02 5.4157800293e+02 5.4157098389e+02 5.4157299805e+02 5.4156799316e+02 5.4156500244e+02 5.4161901855e+02 5.4162402344e+02 5.4157702637e+02 5.4153100586e+02 5.4153399658e+02 5.4155700684e+02 5.4159100342e+02 5.4160900879e+02 5.4161602783e+02 5.4160498047e+02 5.4156201172e+02 5.4148602295e+02 5.4142297363e+02 5.4137597656e+02 5.4135400391e+02 5.4132501221e+02 5.4130798340e+02 5.4128900146e+02 5.4126300049e+02 5.4125598145e+02 5.4127197266e+02 5.4129498291e+02 5.4131896973e+02
5.4201000977e+02 5.4199102783e+02 5.4195001221e+02 5.4191302490e+02 5.4190899658e+02 5.4191699219e+02 5.4188897705e+02 5.4186999512e+02 5.4186602783e+02 5.4184002686e+02 5.4178198242e+02 5.4177801514e+02 5.4177801514e+02 5.4175500488e+02 5.4170300293e+02 5.4165502930e+02 5.4162500000e+02 5.4159899902e+02 5.4157098389e+02 5.4158697510e+02 5.4162200928e+02 5.4160797119e+02 5.4155297852e+02 5.4162799072e+02 5.4164599609e+02 5.4158001709e+02 5.4152502441e+02 5.4151202393e+02 5.4151000977e+02 5.4152899170e+02 5.4154602051e+02 5.4154400635e+02 5.4152197266e+02 5.4147900391e+02 5.4142401123e+02 5.4138702393e+02 5.4133502197e+02 5.4131597900e+02 5.4129498291e+02 5.4130297852e+02 5.4129699707e+02 5.4126898193e+02 5.4126397705e+02 5.4128302002e+02 5.4130902100e+02 5.4131402588e+02
5.4196398926e+02 5.4194097900e+02 5.4192199707e+02 5.4189599609e+02 5.4189202881e+02 5.4189599609e+02 5.4186901855e+02 5.4184997559e+02 5.4183398438e+02 5.4179101563e+02 5.4174298096e+02 5.4175201416e+02 5.4175201416e+02 5.4172698975e+02 5.4167498779e+02 5.4161102295e+02 5.4159100342e+02 5.4159197998e+02 5.4159497070e+02 5.4162701416e+02 5.4166497803e+02 5.4162402344e+02 5.4154498291e+02 5.4161199951e+02 5.4165002441e+02 5.4158502197e+02 5.4154302979e+02 5.4151397705e+02 5.4148101807e+02 5.4146697998e+02 5.4147900391e+02 5.4148199463e+02 5.4144897461e+02 5.4139001465e+02 5.4133599854e+02 5.4131298828e+02 5.4129498291e+02 5.4130200195e+02 5.4127301025e+02 5.4126000977e+02 5.4126599121e+02 5.4124700928e+02 5.4125299072e+02 5.4127600098e+02 5.4130700684e+02 5.4130700684e+02
5.4192901611e+02 5.4190600586e+02 5.4190002441e+02 5.4188897705e+02 5.4187500000e+02 5.4186700439e+02 5.4185198975e+02 5.4183801270e+02 5.4179998779e+02 5.4174200439e+02 5.4171197510e+02 5.4172601318e+02 5.4172100830e+02 5.4169299316e+02 5.4164099121e+02 5.4158898926e+02 5.4159301758e+02 5.4161798096e+02 5.4163500977e+02 5.4162500000e+02 5.4162298584e+02 5.4157397461e+02 5.4152502441e+02 5.4157501221e+02 5.4161798096e+02 5.4157501221e+02 5.4156097412e+02 5.4152697754e+02 5.4147802734e+02 5.4144598389e+02 5.4144598389e+02 5.4144702148e+02 5.4140899658e+02 5.4134600830e+02 5.4128997803e+02 5.4126397705e+02 5.4126702881e+02 5.4129302979e+02 5.4126202393e+02 5.4123101807e+02 5.4124798584e+02 5.4124902344e+02 5.4126702881e+02 5.4125500488e+02 5.4126098633e+02 5.4128399658e+02
5.4193200684e+02 5.4190698242e+02 5.4189099121e+02 5.4188299561e+02 5.4186798096e+02 5.4185601807e+02 5.4183697510e+02 5.4181298828e+02 5.4175799561e+02 5.4170800781e+02 5.4170501709e+02 5.4171197510e+02 5.4169799805e+02 5.4166400146e+02 5.4161602783e+02 5.4160101318e+02 5.4163000488e+02 5.4165600586e+02 5.4165502930e+02 5.4160797119e+02 5.4158801270e+02 5.4155499268e+02 5.4154101563e+02 5.4156402588e+02 5.4161798096e+02 5.4159002686e+02 5.4154400635e+02 5.4150097656e+02 5.4146398926e+02 5.4144000244e+02 5.4143499756e+02 5.4143298340e+02 5.4139599609e+02 5.4134100342e+02 5.4130297852e+02 5.4128002930e+02 5.4126599121e+02 5.4127001953e+02 5.4124102783e+02 5.4122100830e+02 5.4124798584e+02 5.4126300049e+02 5.4129302979e+02 5.4127197266e+02 5.4123999023e+02 5.4125299072e+02
5.4199298096e+02 5.4196502686e+02 5.4190600586e+02 5.4187799072e+02 5.4185601807e+02 5.4183898926e+02 5.4181298828e+02 5.4176800537e+02 5.4172198486e+02 5.4170898438e+02 5.4172900391e+02 5.4171697998e+02 5.4168597412e+02 5.4164398193e+02 5.4160400391e+02 5.4164001465e+02 5.4167297363e+02 5.4166400146e+02 5.4162902832e+02 5.4158801270e+02 5.4155499268e+02 5.4154498291e+02 5.4156402588e+02 5.4157501221e+02 5.4167199707e+02 5.4166302490e+02 5.4153997803e+02 5.4146600342e+02 5.4145697021e+02 5.4145202637e+02 5.4142401123e+02 5.4141302490e+02 5.4138598633e+02 5.4134899902e+02 5.4131799316e+02 5.4130798340e+02 5.4128399658e+02 5.4124401855e+02 5.4119598389e+02 5.4119097900e+02 5.4121801758e+02 5.4122998047e+02 5.4124798584e+02 5.4124200439e+02 5.4121801758e+02 5.4120800781e+02
5.4200598145e+02 5.4197698975e+02 5.4190698242e+02 5.4186798096e+02 5.4184002686e+02 5.4182501221e+02 5.4179498291e+02 5.4172998047e+02 5.4169598389e+02 5.4170098877e+02 5.4171502686e+02 5.4170501709e+02 5.4168103027e+02 5.4165997314e+02 5.4165802002e+02 5.4168798828e+02 5.4167700195e+02 5.4162701416e+02 5.4158697510e+02 5.4155200195e+02 5.4153601074e+02 5.4156402588e+02 5.4157800293e+02 5.4153100586e+02 5.4161499023e+02 5.4164898682e+02 5.4154998779e+02 5.4146002197e+02 5.4143499756e+02 5.4143298340e+02 5.4141699219e+02 5.4138897705e+02 5.4135302734e+02 5.4130401611e+02 5.4126501465e+02 5.4126599121e+02 5.4125299072e+02 5.4121801758e+02 5.4117602539e+02 5.4115197754e+02 5.4116601563e+02 5.4119000244e+02 5.4120397949e+02 5.4119000244e+02 5.4119299316e+02 5.4117297363e+02
5.4195501709e+02 5.4193402100e+02 5.4187701416e+02 5.4184002686e+02 5.4180700684e+02 5.4178698730e+02 5.4175897217e+02 5.4170098877e+02 5.4168597412e+02 5.4169702148e+02 5.4169299316e+02 5.4168499756e+02 5.4168298340e+02 5.4168902588e+02 5.4170697021e+02 5.4170501709e+02 5.4165899658e+02 5.4160198975e+02 5.4158398438e+02 5.4156402588e+02 5.4154901123e+02 5.4156896973e+02 5.4155603027e+02 5.4146997070e+02 5.4148400879e+02 5.4150598145e+02 5.4148901367e+02 5.4143200684e+02 5.4141198730e+02 5.4140899658e+02 5.4140100098e+02 5.4136798096e+02 5.4132098389e+02 5.4126501465e+02 5.4122399902e+02 5.4124200439e+02 5.4124102783e+02 5.4121899414e+02 5.4118499756e+02 5.4114300537e+02 5.4113598633e+02 5.4115802002e+02 5.4118200684e+02 5.4116998291e+02 5.4117401123e+02 5.4115502930e+02
5.4187799072e+02 5.4186602783e+02 5.4182098389e+02 5.4179101563e+02 5.4175701904e+02 5.4172698975e+02 5.4170697021e+02 5.4167901611e+02 5.4168499756e+02 5.4169396973e+02 5.4166998291e+02 5.4167102051e+02 5.4169299316e+02 5.4171997070e+02 5.4173199463e+02 5.4168902588e+02 5.4163397217e+02 5.4159399414e+02 5.4159100342e+02 5.4155902100e+02 5.4152099609e+02 5.4151702881e+02 5.4150201416e+02 5.4145397949e+02 5.4144897461e+02 5.4145397949e+02 5.4144500732e+02 5.4141302490e+02 5.4140698242e+02 5.4140002441e+02 5.4137799072e+02 5.4133599854e+02 5.4129699707e+02 5.4125402832e+02 5.4121801758e+02 5.4122302246e+02 5.4121301270e+02 5.4119000244e+02 5.4116198730e+02 5.4114001465e+02 5.4112701416e+02 5.4113201904e+02 5.4112902832e+02 5.4110101318e+02 5.4111999512e+02 5.4114202881e+02
