TESTSERVER/14/2.asc
NCOLS 100
NROWS 100
XLLCORNER 8.1997500000e+03
YLLCORNER 2.8985025000e+05
CELLSIZE 5.0000000000e-01
NODATA_VALUE -9.9990000000e+03
[rows 60 to 79 of 100, columns 0 to 45 of 100]
6.9381799316e+02 6.9410101318e+02 6.9432202148e+02 6.9444598389e+02 6.9453198242e+02 6.9467199707e+02 6.9485302734e+02 6.9501300049e+02 6.9514801025e+02 6.9532299805e+02 6.9546801758e+02 6.9558300781e+02 6.9569000244e+02 6.9580297852e+02 6.9589898682e+02 6.9599401855e+02 6.9606097412e+02 6.9613201904e+02 6.9628997803e+02 6.9645697021e+02 6.9659802246e+02 6.9675201416e+02 6.9692102051e+02 6.9715002441e+02 6.9731402588e+02 6.9740899658e+02 6.9755102539e+02 6.9763397217e+02 6.9763500977e+02 6.9765502930e+02 6.9768298340e+02 6.9770098877e+02 6.9773797607e+02 6.9786499023e+02 6.9804101563e+02 6.9826300049e+02 6.9845397949e+02 6.9855999756e+02 6.9858898926e+02 6.9860302734e+02 6.9860699463e+02 6.9855200195e+02 6.9849298096e+02 6.9845397949e+02 6.9847601318e+02 6.9851898193e+02
6.9362200928e+02 6.9385302734e+02 6.9404699707e+02 6.9420397949e+02 6.9433599854e+02 6.9452502441e+02 6.9471301270e+02 6.9486700439e+02 6.9497900391e+02 6.9515399170e+02 6.9532897949e+02 6.9547802734e+02 6.9557098389e+02 6.9563500977e+02 6.9573498535e+02 6.9584197998e+02 6.9591601563e+02 6.9601898193e+02 6.9619500732e+02 6.9638397217e+02 6.9654797363e+02 6.9668499756e+02 6.9680102539e+02 6.9697399902e+02 6.9711999512e+02 6.9720300293e+02 6.9732397461e+02 6.9741198730e+02 6.9744897461e+02 6.9749200439e+02 6.9751898193e+02 6.9753698730e+02 6.9758502197e+02 6.9769097900e+02 6.9788897705e+02 6.9811102295e+02 6.9828399658e+02 6.9844500732e+02 6.9858599854e+02 6.9862097168e+02 6.9848699951e+02 6.9835302734e+02 6.9827502441e+02 6.9823999023e+02 6.9827697754e+02 6.9831500244e+02
6.9345898438e+02 6.9364001465e+02 6.9381097412e+02 6.9396899414e+02 6.9414099121e+02 6.9436499023e+02 6.9455902100e+02 6.9470697021e+02 6.9479797363e+02 6.9493402100e+02 6.9510998535e+02 6.9530200195e+02 6.9545001221e+02 6.9546997070e+02 6.9554199219e+02 6.9565301514e+02 6.9573101807e+02 6.9584100342e+02 6.9603302002e+02 6.9625799561e+02 6.9648101807e+02 6.9662597656e+02 6.9670202637e+02 6.9680102539e+02 6.9690301514e+02 6.9699902344e+02 6.9711297607e+02 6.9720001221e+02 6.9727301025e+02 6.9735302734e+02 6.9739501953e+02 6.9742401123e+02 6.9747601318e+02 6.9754199219e+02 6.9770501709e+02 6.9790502930e+02 6.9806201172e+02 6.9823699951e+02 6.9840997314e+02 6.9841900635e+02 6.9821398926e+02 6.9806701660e+02 6.9803002930e+02 6.9799200439e+02 6.9799798584e+02 6.9804302979e+02
6.9332000732e+02 6.9345300293e+02 6.9359802246e+02 6.9375402832e+02 6.9394799805e+02 6.9418298340e+02 6.9437597656e+02 6.9451702881e+02 6.9460101318e+02 6.9467401123e+02 6.9480102539e+02 6.9499401855e+02 6.9521697998e+02 6.9527697754e+02 6.9534600830e+02 6.9545397949e+02 6.9554901123e+02 6.9564398193e+02 6.9581500244e+02 6.9603601074e+02 6.9627398682e+02 6.9640997314e+02 6.9646899414e+02 6.9654699707e+02 6.9665698242e+02 6.9677600098e+02 6.9688800049e+02 6.9697698975e+02 6.9706896973e+02 6.9718902588e+02 6.9728601074e+02 6.9732897949e+02 6.9737701416e+02 6.9744500732e+02 6.9756097412e+02 6.9769500732e+02 6.9780603027e+02 6.9791998291e+02 6.9802600098e+02 6.9802600098e+02 6.9791302490e+02 6.9785797119e+02 6.9787701416e+02 6.9784002686e+02 6.9782800293e+02 6.9784197998e+02
6.9316601563e+02 6.9329400635e+02 6.9342401123e+02 6.9357501221e+02 6.9375897217e+02 6.9397399902e+02 6.9414898682e+02 6.9428601074e+02 6.9437597656e+02 6.9446697998e+02 6.9454901123e+02 6.9466998291e+02 6.9480499268e+02 6.9503002930e+02 6.9517199707e+02 6.9529602051e+02 6.9542297363e+02 6.9551501465e+02 6.9565997314e+02 6.9584600830e+02 6.9604901123e+02 6.9619799805e+02 6.9629699707e+02 6.9640502930e+02 6.9651300049e+02 6.9660900879e+02 6.9671099854e+02 6.9679498291e+02 6.9688702393e+02 6.9697198486e+02 6.9709497070e+02 6.9715698242e+02 6.9722601318e+02 6.9736401367e+02 6.9746197510e+02 6.9752099609e+02 6.9758801270e+02 6.9765002441e+02 6.9768902588e+02 6.9770697021e+02 6.9773400879e+02 6.9772698975e+02 6.9773400879e+02 6.9771002197e+02 6.9774902344e+02 6.9777001953e+02
6.9302398682e+02 6.9313800049e+02 6.9326702881e+02 6.9341601563e+02 6.9358697510e+02 6.9377398682e+02 6.9393402100e+02 6.9406896973e+02 6.9417700195e+02 6.9430200195e+02 6.9441802979e+02 6.9452502441e+02 6.9463897705e+02 6.9479901123e+02 6.9494598389e+02 6.9508697510e+02 6.9522198486e+02 6.9532000732e+02 6.9547399902e+02 6.9564801025e+02 6.9581097412e+02 6.9598199463e+02 6.9612597656e+02 6.9626800537e+02 6.9640197754e+02 6.9649200439e+02 6.9656402588e+02 6.9661700439e+02 6.9667102051e+02 6.9675897217e+02 6.9688702393e+02 6.9697802734e+02 6.9709100342e+02 6.9724499512e+02 6.9737597656e+02 6.9740502930e+02 6.9741601563e+02 6.9746398926e+02 6.9749798584e+02 6.9752001953e+02 6.9752899170e+02 6.9756701660e+02 6.9760101318e+02 6.9759600830e+02 6.9765802002e+02 6.9772802734e+02
6.9291497803e+02 6.9301202393e+02 6.9312701416e+02 6.9326898193e+02 6.9343298340e+02 6.9359997559e+02 6.9375000000e+02 6.9388201904e+02 6.9399597168e+02 6.9413397217e+02 6.9425799561e+02 6.9436401367e+02 6.9445800781e+02 6.9457299805e+02 6.9471099854e+02 6.9485601807e+02 6.9498101807e+02 6.9509100342e+02 6.9525799561e+02 6.9541998291e+02 6.9557000732e+02 6.9575500488e+02 6.9591900635e+02 6.9607501221e+02 6.9622998047e+02 6.9632598877e+02 6.9636700439e+02 6.9637799072e+02 6.9639599609e+02 6.9648797607e+02 6.9664501953e+02 6.9676202393e+02 6.9686798096e+02 6.9702600098e+02 6.9720397949e+02 6.9723199463e+02 6.9719000244e+02 6.9722698975e+02 6.9728399658e+02 6.9733801270e+02 6.9736798096e+02 6.9746997070e+02 6.9757202148e+02 6.9762402344e+02 6.9767401123e+02 6.9772399902e+02
6.9282598877e+02 6.9290002441e+02 6.9300000000e+02 6.9313299561e+02 6.9329302979e+02 6.9344500732e+02 6.9358599854e+02 6.9371502686e+02 6.9383502197e+02 6.9396398926e+02 6.9408197021e+02 6.9418200684e+02 6.9426898193e+02 6.9437597656e+02 6.9451397705e+02 6.9465899658e+02 6.9477301025e+02 6.9489801025e+02 6.9505798340e+02 6.9520001221e+02 6.9535498047e+02 6.9554797363e+02 6.9572100830e+02 6.9586297607e+02 6.9600201416e+02 6.9611199951e+02 6.9612799072e+02 6.9611499023e+02 6.9612701416e+02 6.9620300293e+02 6.9637200928e+02 6.9652099609e+02 6.9663897705e+02 6.9678601074e+02 6.9694201660e+02 6.9697802734e+02 6.9694897461e+02 6.9699499512e+02 6.9708197021e+02 6.9717498779e+02 6.9723297119e+02 6.9736401367e+02 6.9751098633e+02 6.9760601807e+02 6.9765301514e+02 6.9768902588e+02
6.9274401855e+02 6.9278601074e+02 6.9286901855e+02 6.9298999023e+02 6.9313098145e+02 6.9329901123e+02 6.9344000244e+02 6.9356500244e+02 6.9368499756e+02 6.9379400635e+02 6.9390197754e+02 6.9400097656e+02 6.9408801270e+02 6.9421301270e+02 6.9436401367e+02 6.9451300049e+02 6.9463201904e+02 6.9474102783e+02 6.9486499023e+02 6.9499200439e+02 6.9516998291e+02 6.9538598633e+02 6.9556097412e+02 6.9568499756e+02 6.9579302979e+02 6.9587799072e+02 6.9588500977e+02 6.9587097168e+02 6.9589099121e+02 6.9597802734e+02 6.9611798096e+02 6.9629400635e+02 6.9645098877e+02 6.9656799316e+02 6.9667199707e+02 6.9673797607e+02 6.9676898193e+02 6.9683502197e+02 6.9693200684e+02 6.9703497314e+02 6.9710498047e+02 6.9720397949e+02 6.9734100342e+02 6.9745300293e+02 6.9752899170e+02 6.9758502197e+02
6.9260900879e+02 6.9265197754e+02 6.9272998047e+02 6.9284802246e+02 6.9298999023e+02 6.9314202881e+02 6.9327801514e+02 6.9339001465e+02 6.9349200439e+02 6.9359197998e+02 6.9370800781e+02 6.9383801270e+02 6.9395098877e+02 6.9404998779e+02 6.9420898438e+02 6.9438299561e+02 6.9450500488e+02 6.9461901855e+02 6.9474499512e+02 6.9486999512e+02 6.9503497314e+02 6.9523901367e+02 6.9538000488e+02 6.9549298096e+02 6.9560699463e+02 6.9568701172e+02 6.9570397949e+02 6.9568902588e+02 6.9571600342e+02 6.9581097412e+02 6.9596899414e+02 6.9615301514e+02 6.9632098389e+02 6.9644500732e+02 6.9652801514e+02 6.9660400391e+02 6.9667498779e+02 6.9673602295e+02 6.9680499268e+02 6.9689300537e+02 6.9697497559e+02 6.9707800293e+02 6.9721197510e+02 6.9731896973e+02 6.9739300537e+02 6.9745202637e+02
6.9244702148e+02 6.9249902344e+02 6.9259197998e+02 6.9272900391e+02 6.9288201904e+02 6.9302197266e+02 6.9313500977e+02 6.9322698975e+02 6.9332202148e+02 6.9341900635e+02 6.9353198242e+02 6.9367401123e+02 6.9381701660e+02 6.9391601563e+02 6.9408099365e+02 6.9425701904e+02 6.9437402344e+02 6.9449200439e+02 6.9462597656e+02 6.9474700928e+02 6.9488098145e+02 6.9504498291e+02 6.9517199707e+02 6.9528802490e+02 6.9539801025e+02 6.9547802734e+02 6.9554101563e+02 6.9559497070e+02 6.9570697021e+02 6.9580999756e+02 6.9592401123e+02 6.9606201172e+02 6.9620202637e+02 6.9629199219e+02 6.9636901855e+02 6.9646997070e+02 6.9655902100e+02 6.9662597656e+02 6.9670501709e+02 6.9679901123e+02 6.9687597656e+02 6.9697100830e+02 6.9707702637e+02 6.9716900635e+02 6.9722497559e+02 6.9727301025e+02
6.9225799561e+02 6.9232800293e+02 6.9244702148e+02 6.9261297607e+02 6.9280200195e+02 6.9294702148e+02 6.9303802490e+02 6.9310699463e+02 6.9320098877e+02 6.9331402588e+02 6.9341699219e+02 6.9354302979e+02 6.9369000244e+02 6.9380297852e+02 6.9396697998e+02 6.9413000488e+02 6.9422698975e+02 6.9432098389e+02 6.9443701172e+02 6.9455102539e+02 6.9468597412e+02 6.9483001709e+02 6.9495501709e+02 6.9508001709e+02 6.9518597412e+02 6.9529901123e+02 6.9542999268e+02 6.9555499268e+02 6.9571697998e+02 6.9582598877e+02 6.9589001465e+02 6.9596002197e+02 6.9604998779e+02 6.9611999512e+02 6.9618902588e+02 6.9630603027e+02 6.9640100098e+02 6.9649798584e+02 6.9661999512e+02 6.9673400879e+02 6.9677899170e+02 6.9683801270e+02 6.9693103027e+02 6.9703497314e+02 6.9708197021e+02 6.9712902832e+02
6.9206597900e+02 6.9214099121e+02 6.9227899170e+02 6.9247601318e+02 6.9272302246e+02 6.9290600586e+02 6.9298199463e+02 6.9302398682e+02 6.9313098145e+02 6.9325201416e+02 6.9335400391e+02 6.9345397949e+02 6.9356402588e+02 6.9369299316e+02 6.9384399414e+02 6.9397698975e+02 6.9405401611e+02 6.9412200928e+02 6.9421099854e+02 6.9432202148e+02 6.9446197510e+02 6.9462298584e+02 6.9475299072e+02 6.9487402344e+02 6.9499401855e+02 6.9514398193e+02 6.9531201172e+02 6.9545898438e+02 6.9557397461e+02 6.9566998291e+02 6.9575799561e+02 6.9580200195e+02 6.9584802246e+02 6.9592999268e+02 6.9599298096e+02 6.9609698486e+02 6.9621197510e+02 6.9635302734e+02 6.9653100586e+02 6.9665399170e+02 6.9671997070e+02 6.9677001953e+02 6.9684399414e+02 6.9694000244e+02 6.9701202393e+02 6.9707598877e+02
6.9185198975e+02 6.9195697021e+02 6.9210302734e+02 6.9228601074e+02 6.9250897217e+02 6.9273699951e+02 6.9285400391e+02 6.9291302490e+02 6.9301397705e+02 6.9315002441e+02 6.9330200195e+02 6.9341699219e+02 6.9348901367e+02 6.9358197021e+02 6.9368701172e+02 6.9377502441e+02 6.9386499023e+02 6.9394000244e+02 6.9403399658e+02 6.9414898682e+02 6.9428802490e+02 6.9444702148e+02 6.9456799316e+02 6.9467602539e+02 6.9481500244e+02 6.9497497559e+02 6.9515399170e+02 6.9531298828e+02 6.9542999268e+02 6.9553698730e+02 6.9560900879e+02 6.9562200928e+02 6.9564599609e+02 6.9570501709e+02 6.9578601074e+02 6.9592797852e+02 6.9607598877e+02 6.9620300293e+02 6.9638800049e+02 6.9652801514e+02 6.9659399414e+02 6.9667797852e+02 6.9677697754e+02 6.9686297607e+02 6.9694702148e+02 6.9705401611e+02
6.9163897705e+02 6.9177502441e+02 6.9194299316e+02 6.9212500000e+02 6.9230401611e+02 6.9252001953e+02 6.9267498779e+02 6.9277502441e+02 6.9289599609e+02 6.9306896973e+02 6.9326800537e+02 6.9339501953e+02 6.9342102051e+02 6.9346600342e+02 6.9353198242e+02 6.9359899902e+02 6.9369097900e+02 6.9376300049e+02 6.9386602783e+02 6.9399298096e+02 6.9412298584e+02 6.9425201416e+02 6.9435998535e+02 6.9446398926e+02 6.9460198975e+02 6.9476898193e+02 6.9497497559e+02 6.9514398193e+02 6.9525402832e+02 6.9538299561e+02 6.9544702148e+02 6.9546899414e+02 6.9551397705e+02 6.9560998535e+02 6.9573297119e+02 6.9587799072e+02 6.9597497559e+02 6.9606298828e+02 6.9620001221e+02 6.9634100342e+02 6.9644702148e+02 6.9656896973e+02 6.9668499756e+02 6.9679101563e+02 6.9688702393e+02 6.9700402832e+02
6.9143798828e+02 6.9159301758e+02 6.9178100586e+02 6.9197698975e+02 6.9214398193e+02 6.9233697510e+02 6.9250500488e+02 6.9263201904e+02 6.9276800537e+02 6.9291101074e+02 6.9309600830e+02 6.9323699951e+02 6.9328997803e+02 6.9333801270e+02 6.9339697266e+02 6.9346301270e+02 6.9355499268e+02 6.9362402344e+02 6.9371502686e+02 6.9383398438e+02 6.9396197510e+02 6.9407598877e+02 6.9418298340e+02 6.9429400635e+02 6.9442498779e+02 6.9458697510e+02 6.9479998779e+02 6.9496301270e+02 6.9505200195e+02 6.9517602539e+02 6.9527197266e+02 6.9535302734e+02 6.9542199707e+02 6.9556097412e+02 6.9572100830e+02 6.9585302734e+02 6.9588397217e+02 6.9594702148e+02 6.9605798340e+02 6.9617297363e+02 6.9627301025e+02 6.9639599609e+02 6.9648999023e+02 6.9663397217e+02 6.9678802490e+02 6.9689300537e+02
6.9126397705e+02 6.9143597412e+02 6.9162701416e+02 6.9182800293e+02 6.9203002930e+02 6.9220501709e+02 6.9236297607e+02 6.9248797607e+02 6.9259698486e+02 6.9271099854e+02 6.9282397461e+02 6.9296502686e+02 6.9311199951e+02 6.9322302246e+02 6.9329400635e+02 6.9334698486e+02 6.9342602539e+02 6.9352197266e+02 6.9358300781e+02 6.9367602539e+02 6.9381201172e+02 6.9392797852e+02 6.9404797363e+02 6.9416400146e+02 6.9428002930e+02 6.9443499756e+02 6.9461401367e+02 6.9476000977e+02 6.9484301758e+02 6.9497198486e+02 6.9511297607e+02 6.9519598389e+02 6.9521197510e+02 6.9537799072e+02 6.9554998779e+02 6.9567297363e+02 6.9574298096e+02 6.9577099609e+02 6.9587701416e+02 6.9599401855e+02 6.9615301514e+02 6.9622698975e+02 6.9630603027e+02 6.9648699951e+02 6.9665899658e+02 6.9674597168e+02
6.9112200928e+02 6.9131500244e+02 6.9150201416e+02 6.9168402100e+02 6.9186999512e+02 6.9203601074e+02 6.9220599365e+02 6.9234899902e+02 6.9247302246e+02 6.9257702637e+02 6.9266699219e+02 6.9277899170e+02 6.9292602539e+02 6.9306402588e+02 6.9317498779e+02 6.9324700928e+02 6.9331896973e+02 6.9340698242e+02 6.9345397949e+02 6.9352600098e+02 6.9365698242e+02 6.9376501465e+02 6.9387500000e+02 6.9397601318e+02 6.9407598877e+02 6.9419702148e+02 6.9433398438e+02 6.9449798584e+02 6.9464599609e+02 6.9478802490e+02 6.9494299316e+02 6.9501300049e+02 6.9506402588e+02 6.9522900391e+02 6.9536901855e+02 6.9544500732e+02 6.9555700684e+02 6.9558898926e+02 6.9573400879e+02 6.9592401123e+02 6.9613098145e+02 6.9620300293e+02 6.9628198242e+02 6.9643499756e+02 6.9652301025e+02 6.9656896973e+02
6.9101300049e+02 6.9119201660e+02 6.9136401367e+02 6.9153698730e+02 6.9172302246e+02 6.9190002441e+02 6.9208801270e+02 6.9224700928e+02 6.9236199951e+02 6.9244598389e+02 6.9251898193e+02 6.9260998535e+02 6.9273498535e+02 6.9287298584e+02 6.9303100586e+02 6.9315197754e+02 6.9323699951e+02 6.9332202148e+02 6.9337902832e+02 6.9343103027e+02 6.9352001953e+02 6.9361102295e+02 6.9370599365e+02 6.9380401611e+02 6.9391802979e+02 6.9401300049e+02 6.9411499023e+02 6.9431799316e+02 6.9452697754e+02 6.9459197998e+02 6.9470599365e+02 6.9483099365e+02 6.9493798828e+02 6.9506799316e+02 6.9520098877e+02 6.9528497314e+02 6.9538000488e+02 6.9541699219e+02 6.9552502441e+02 6.9567700195e+02 6.9593402100e+02 6.9610302734e+02 6.9620697021e+02 6.9629797363e+02 6.9632598877e+02 6.9634899902e+02
6.9092901611e+02 6.9110400391e+02 6.9125701904e+02 6.9140997314e+02 6.9158898926e+02 6.9177099609e+02 6.9196099854e+02 6.9211199951e+02 6.9221502686e+02 6.9230401611e+02 6.9238098145e+02 6.9246997070e+02 6.9259600830e+02 6.9273999023e+02 6.9289801025e+02 6.9303302002e+02 6.9313000488e+02 6.9322998047e+02 6.9331298828e+02 6.9335900879e+02 6.9340899658e+02 6.9349200439e+02 6.9357702637e+02 6.9367700195e+02 6.9382897949e+02 6.9395501709e+02 6.9402197266e+02 6.9419702148e+02 6.9441900635e+02 6.9445001221e+02 6.9452099609e+02 6.9466101074e+02 6.9479199219e+02 6.9488897705e+02 6.9501898193e+02 6.9512500000e+02 6.9518798828e+02 6.9524499512e+02 6.9533502197e+02 6.9544799805e+02 6.9567401123e+02 6.9591302490e+02 6.9608197021e+02 6.9613598633e+02 6.9611102295e+02 6.9614001465e+02
