TESTSERVER/14/2.asc
NCOLS 100
NROWS 100
XLLCORNER 8.1997500000e+03
YLLCORNER 2.8985025000e+05
CELLSIZE 5.0000000000e-01
NODATA_VALUE -9.9990000000e+03
[rows 0 to 19 of 100, columns 46 to 91 of 100]
7.0758300781e+02 7.0765301514e+02 7.0771600342e+02 7.0777502441e+02 7.0784002686e+02 7.0793597412e+02 7.0807397461e+02 7.0821899414e+02 7.0830700684e+02 7.0830999756e+02 7.0826501465e+02 7.0825000000e+02 7.0824499512e+02 7.0829101563e+02 7.0837200928e+02 7.0849401855e+02 7.0858001709e+02 7.0859802246e+02 7.0858099365e+02 7.0849700928e+02 7.0836999512e+02 7.0825799561e+02 7.0817102051e+02 7.0813098145e+02 7.0813299561e+02 7.0815600586e+02 7.0819299316e+02 7.0819097900e+02 7.0818597412e+02 7.0815997314e+02 7.0807800293e+02 7.0802099609e+02 7.0794897461e+02 7.0791802979e+02 7.0793902588e+02 7.0796899414e+02 7.0796301270e+02 7.0797698975e+02 7.0799200439e+02 7.0798699951e+02 7.0795599365e+02 7.0789001465e+02 7.0785699463e+02 7.0784497070e+02 7.0786297607e+02 7.0791101074e+02
7.0745697021e+02 7.0754699707e+02 7.0763201904e+02 7.0767102051e+02 7.0772998047e+02 7.0782501221e+02 7.0796502686e+02 7.0814001465e+02 7.0824200439e+02 7.0825299072e+02 7.0821197510e+02 7.0816998291e+02 7.0813702393e+02 7.0815899658e+02 7.0825299072e+02 7.0836499023e+02 7.0836901855e+02 7.0836602783e+02 7.0839599609e+02 7.0833001709e+02 7.0819201660e+02 7.0807098389e+02 7.0800701904e+02 7.0798602295e+02 7.0804302979e+02 7.0814202881e+02 7.0823101807e+02 7.0823498535e+02 7.0821697998e+02 7.0819799805e+02 7.0813397217e+02 7.0806097412e+02 7.0794897461e+02 7.0787402344e+02 7.0786499023e+02 7.0791497803e+02 7.0798498535e+02 7.0807299805e+02 7.0811901855e+02 7.0810797119e+02 7.0805499268e+02 7.0798699951e+02 7.0794299316e+02 7.0791400146e+02 7.0789202881e+02 7.0790899658e+02
7.0736999512e+02 7.0747802734e+02 7.0758197021e+02 7.0762200928e+02 7.0767700195e+02 7.0776202393e+02 7.0789202881e+02 7.0805499268e+02 7.0814697266e+02 7.0816497803e+02 7.0814801025e+02 7.0811401367e+02 7.0805499268e+02 7.0804101563e+02 7.0810101318e+02 7.0815802002e+02 7.0813500977e+02 7.0813500977e+02 7.0817700195e+02 7.0812500000e+02 7.0800402832e+02 7.0790600586e+02 7.0788897705e+02 7.0791998291e+02 7.0802502441e+02 7.0816400146e+02 7.0829400635e+02 7.0834600830e+02 7.0831896973e+02 7.0827001953e+02 7.0819097900e+02 7.0810601807e+02 7.0796099854e+02 7.0788598633e+02 7.0789099121e+02 7.0793597412e+02 7.0801800537e+02 7.0814398193e+02 7.0821899414e+02 7.0821398926e+02 7.0814898682e+02 7.0809002686e+02 7.0805700684e+02 7.0801300049e+02 7.0793701172e+02 7.0790502930e+02
7.0731701660e+02 7.0743499756e+02 7.0754602051e+02 7.0759301758e+02 7.0764697266e+02 7.0771899414e+02 7.0782897949e+02 7.0795599365e+02 7.0802301025e+02 7.0803802490e+02 7.0803698730e+02 7.0801202393e+02 7.0794500732e+02 7.0791101074e+02 7.0793798828e+02 7.0795098877e+02 7.0794000244e+02 7.0794702148e+02 7.0796502686e+02 7.0793902588e+02 7.0787097168e+02 7.0783300781e+02 7.0787097168e+02 7.0794201660e+02 7.0805902100e+02 7.0818499756e+02 7.0830297852e+02 7.0836798096e+02 7.0834002686e+02 7.0826898193e+02 7.0818798828e+02 7.0812402344e+02 7.0798498535e+02 7.0793597412e+02 7.0796997070e+02 7.0801397705e+02 7.0811199951e+02 7.0823498535e+02 7.0828002930e+02 7.0827899170e+02 7.0821099854e+02 7.0817401123e+02 7.0817602539e+02 7.0811102295e+02 7.0798400879e+02 7.0789697266e+02
7.0726501465e+02 7.0738500977e+02 7.0749401855e+02 7.0754602051e+02 7.0759802246e+02 7.0765600586e+02 7.0772601318e+02 7.0781799316e+02 7.0786499023e+02 7.0788201904e+02 7.0787298584e+02 7.0786199951e+02 7.0783398438e+02 7.0781597900e+02 7.0782897949e+02 7.0784301758e+02 7.0783197021e+02 7.0780999756e+02 7.0779602051e+02 7.0782202148e+02 7.0783599854e+02 7.0787097168e+02 7.0793499756e+02 7.0802099609e+02 7.0811401367e+02 7.0819097900e+02 7.0824798584e+02 7.0825097656e+02 7.0821801758e+02 7.0813598633e+02 7.0803698730e+02 7.0800000000e+02 7.0794299316e+02 7.0796301270e+02 7.0802600098e+02 7.0809301758e+02 7.0819799805e+02 7.0828601074e+02 7.0830102539e+02 7.0828002930e+02 7.0820800781e+02 7.0818701172e+02 7.0822900391e+02 7.0815399170e+02 7.0800598145e+02 7.0789001465e+02
7.0715399170e+02 7.0727600098e+02 7.0738500977e+02 7.0744702148e+02 7.0750598145e+02 7.0756097412e+02 7.0761901855e+02 7.0767401123e+02 7.0771600342e+02 7.0774200439e+02 7.0774200439e+02 7.0774700928e+02 7.0776702881e+02 7.0777899170e+02 7.0779101563e+02 7.0778900146e+02 7.0777001953e+02 7.0775701904e+02 7.0778399658e+02 7.0784002686e+02 7.0789801025e+02 7.0796197510e+02 7.0803198242e+02 7.0809197998e+02 7.0813299561e+02 7.0816601563e+02 7.0818902588e+02 7.0815802002e+02 7.0809197998e+02 7.0798199463e+02 7.0786401367e+02 7.0784600830e+02 7.0784600830e+02 7.0791400146e+02 7.0803198242e+02 7.0814300537e+02 7.0821600342e+02 7.0825897217e+02 7.0823602295e+02 7.0820300293e+02 7.0814898682e+02 7.0812701416e+02 7.0814599609e+02 7.0810198975e+02 7.0799298096e+02 7.0789801025e+02
7.0703198242e+02 7.0714300537e+02 7.0725201416e+02 7.0732897949e+02 7.0739801025e+02 7.0745599365e+02 7.0750097656e+02 7.0754302979e+02 7.0758502197e+02 7.0761499023e+02 7.0763000488e+02 7.0765502930e+02 7.0769500732e+02 7.0772497559e+02 7.0774401855e+02 7.0775598145e+02 7.0775097656e+02 7.0775701904e+02 7.0781097412e+02 7.0790399170e+02 7.0798999023e+02 7.0805999756e+02 7.0811297607e+02 7.0813000488e+02 7.0811297607e+02 7.0809698486e+02 7.0808001709e+02 7.0800500488e+02 7.0792102051e+02 7.0782397461e+02 7.0773901367e+02 7.0774700928e+02 7.0775299072e+02 7.0780700684e+02 7.0792797852e+02 7.0807702637e+02 7.0813897705e+02 7.0815100098e+02 7.0813098145e+02 7.0809301758e+02 7.0803900146e+02 7.0801000977e+02 7.0801000977e+02 7.0800598145e+02 7.0796099854e+02 7.0792297363e+02
7.0690997314e+02 7.0699401855e+02 7.0708898926e+02 7.0717797852e+02 7.0725799561e+02 7.0732299805e+02 7.0736401367e+02 7.0740502930e+02 7.0745202637e+02 7.0749298096e+02 7.0752801514e+02 7.0756500244e+02 7.0760998535e+02 7.0764599609e+02 7.0767297363e+02 7.0769799805e+02 7.0771301270e+02 7.0774298096e+02 7.0782000732e+02 7.0794702148e+02 7.0804498291e+02 7.0809100342e+02 7.0809997559e+02 7.0807800293e+02 7.0802197266e+02 7.0796197510e+02 7.0790698242e+02 7.0782501221e+02 7.0773498535e+02 7.0768499756e+02 7.0768798828e+02 7.0773602295e+02 7.0772100830e+02 7.0772399902e+02 7.0778698730e+02 7.0790399170e+02 7.0794897461e+02 7.0795599365e+02 7.0796099854e+02 7.0792297363e+02 7.0788397217e+02 7.0786901855e+02 7.0787298584e+02 7.0790802002e+02 7.0793200684e+02 7.0796301270e+02
7.0677197266e+02 7.0680902100e+02 7.0688397217e+02 7.0698602295e+02 7.0708300781e+02 7.0715802002e+02 7.0719897461e+02 7.0726000977e+02 7.0731701660e+02 7.0736999512e+02 7.0743103027e+02 7.0747302246e+02 7.0751000977e+02 7.0755102539e+02 7.0759100342e+02 7.0760198975e+02 7.0763000488e+02 7.0768103027e+02 7.0777099609e+02 7.0789599609e+02 7.0798901367e+02 7.0800097656e+02 7.0796099854e+02 7.0793298340e+02 7.0788098145e+02 7.0779199219e+02 7.0769396973e+02 7.0760900879e+02 7.0755200195e+02 7.0755700684e+02 7.0762701416e+02 7.0765002441e+02 7.0760302734e+02 7.0758697510e+02 7.0766601563e+02 7.0773101807e+02 7.0772698975e+02 7.0771600342e+02 7.0771899414e+02 7.0773498535e+02 7.0773602295e+02 7.0775598145e+02 7.0778997803e+02 7.0783898926e+02 7.0792199707e+02 7.0800201416e+02
7.0670098877e+02 7.0669000244e+02 7.0671899414e+02 7.0679101563e+02 7.0688299561e+02 7.0695300293e+02 7.0700500488e+02 7.0708898926e+02 7.0716601563e+02 7.0724499512e+02 7.0734100342e+02 7.0739202881e+02 7.0741699219e+02 7.0744799805e+02 7.0748297119e+02 7.0750598145e+02 7.0754101563e+02 7.0758099365e+02 7.0763500977e+02 7.0770001221e+02 7.0776599121e+02 7.0779302979e+02 7.0779998779e+02 7.0774499512e+02 7.0770202637e+02 7.0762701416e+02 7.0750897217e+02 7.0746502686e+02 7.0743402100e+02 7.0737597656e+02 7.0738299561e+02 7.0741497803e+02 7.0738897705e+02 7.0737402344e+02 7.0742901611e+02 7.0749798584e+02 7.0750299072e+02 7.0751397705e+02 7.0754699707e+02 7.0756597900e+02 7.0757299805e+02 7.0759802246e+02 7.0764300537e+02 7.0773101807e+02 7.0787597656e+02 7.0800000000e+02
7.0658697510e+02 7.0658801270e+02 7.0659698486e+02 7.0664300537e+02 7.0671801758e+02 7.0678399658e+02 7.0684002686e+02 7.0694097900e+02 7.0705102539e+02 7.0715600586e+02 7.0726702881e+02 7.0733398438e+02 7.0734399414e+02 7.0734997559e+02 7.0737298584e+02 7.0739898682e+02 7.0742602539e+02 7.0744201660e+02 7.0747698975e+02 7.0749499512e+02 7.0750201416e+02 7.0752099609e+02 7.0756402588e+02 7.0752899170e+02 7.0750000000e+02 7.0744097900e+02 7.0731097412e+02 7.0726599121e+02 7.0725000000e+02 7.0717901611e+02 7.0715197754e+02 7.0720300293e+02 7.0720599365e+02 7.0719500732e+02 7.0719799805e+02 7.0724499512e+02 7.0727398682e+02 7.0733001709e+02 7.0740600586e+02 7.0742401123e+02 7.0742401123e+02 7.0744598389e+02 7.0749700928e+02 7.0758300781e+02 7.0770898438e+02 7.0783502197e+02
7.0638702393e+02 7.0641802979e+02 7.0646697998e+02 7.0651599121e+02 7.0658697510e+02 7.0666400146e+02 7.0673999023e+02 7.0683898926e+02 7.0695300293e+02 7.0705999756e+02 7.0716802979e+02 7.0723498535e+02 7.0724200439e+02 7.0724102783e+02 7.0725897217e+02 7.0726898193e+02 7.0729400635e+02 7.0729498291e+02 7.0731500244e+02 7.0731799316e+02 7.0728002930e+02 7.0725799561e+02 7.0727502441e+02 7.0727001953e+02 7.0726800537e+02 7.0723498535e+02 7.0712402344e+02 7.0703997803e+02 7.0702197266e+02 7.0699798584e+02 7.0698400879e+02 7.0701800537e+02 7.0702502441e+02 7.0702697754e+02 7.0704199219e+02 7.0709197998e+02 7.0713299561e+02 7.0720300293e+02 7.0729101563e+02 7.0733197021e+02 7.0734497070e+02 7.0736499023e+02 7.0740502930e+02 7.0746099854e+02 7.0752197266e+02 7.0761199951e+02
7.0619201660e+02 7.0624700928e+02 7.0633502197e+02 7.0641101074e+02 7.0646697998e+02 7.0655200195e+02 7.0667401123e+02 7.0675000000e+02 7.0684698486e+02 7.0694598389e+02 7.0702801514e+02 7.0708697510e+02 7.0711297607e+02 7.0712200928e+02 7.0713098145e+02 7.0712097168e+02 7.0714898682e+02 7.0714697266e+02 7.0712402344e+02 7.0712500000e+02 7.0708197021e+02 7.0703601074e+02 7.0700701904e+02 7.0704797363e+02 7.0708197021e+02 7.0709600830e+02 7.0701800537e+02 7.0693701172e+02 7.0690899658e+02 7.0689801025e+02 7.0689001465e+02 7.0689898682e+02 7.0688000488e+02 7.0688897705e+02 7.0692401123e+02 7.0699298096e+02 7.0703698730e+02 7.0709698486e+02 7.0718200684e+02 7.0727197266e+02 7.0732000732e+02 7.0734497070e+02 7.0735198975e+02 7.0736901855e+02 7.0739300537e+02 7.0744299316e+02
7.0606597900e+02 7.0609802246e+02 7.0617401123e+02 7.0628698730e+02 7.0632800293e+02 7.0640002441e+02 7.0653601074e+02 7.0664697266e+02 7.0678302002e+02 7.0685998535e+02 7.0687701416e+02 7.0691601563e+02 7.0695202637e+02 7.0699298096e+02 7.0702600098e+02 7.0700500488e+02 7.0701501465e+02 7.0700701904e+02 7.0699902344e+02 7.0696398926e+02 7.0690002441e+02 7.0685797119e+02 7.0685601807e+02 7.0689898682e+02 7.0694097900e+02 7.0696600342e+02 7.0692999268e+02 7.0690197754e+02 7.0687097168e+02 7.0683599854e+02 7.0681402588e+02 7.0678997803e+02 7.0675897217e+02 7.0678100586e+02 7.0683599854e+02 7.0689398193e+02 7.0693597412e+02 7.0701702881e+02 7.0713000488e+02 7.0722497559e+02 7.0728302002e+02 7.0732299805e+02 7.0733197021e+02 7.0732897949e+02 7.0733697510e+02 7.0736401367e+02
7.0592797852e+02 7.0595800781e+02 7.0603002930e+02 7.0615698242e+02 7.0622601318e+02 7.0629302979e+02 7.0639099121e+02 7.0650897217e+02 7.0664001465e+02 7.0669201660e+02 7.0669598389e+02 7.0671600342e+02 7.0675897217e+02 7.0682098389e+02 7.0684997559e+02 7.0684899902e+02 7.0686602783e+02 7.0687500000e+02 7.0689801025e+02 7.0687902832e+02 7.0686602783e+02 7.0689398193e+02 7.0693103027e+02 7.0694000244e+02 7.0692401123e+02 7.0689801025e+02 7.0687902832e+02 7.0689202881e+02 7.0684600830e+02 7.0678002930e+02 7.0674102783e+02 7.0670397949e+02 7.0666900635e+02 7.0668499756e+02 7.0675097656e+02 7.0683099365e+02 7.0688201904e+02 7.0699499512e+02 7.0714202881e+02 7.0725500488e+02 7.0728997803e+02 7.0730200195e+02 7.0730798340e+02 7.0731097412e+02 7.0732702637e+02 7.0734600830e+02
7.0578100586e+02 7.0582501221e+02 7.0590399170e+02 7.0602697754e+02 7.0611999512e+02 7.0619598389e+02 7.0628198242e+02 7.0637902832e+02 7.0645898438e+02 7.0648999023e+02 7.0652600098e+02 7.0654797363e+02 7.0658398438e+02 7.0662701416e+02 7.0664300537e+02 7.0666998291e+02 7.0670501709e+02 7.0672900391e+02 7.0677801514e+02 7.0683300781e+02 7.0689599609e+02 7.0698797607e+02 7.0706201172e+02 7.0703002930e+02 7.0694396973e+02 7.0686798096e+02 7.0684197998e+02 7.0683599854e+02 7.0677197266e+02 7.0669299316e+02 7.0665002441e+02 7.0661602783e+02 7.0658398438e+02 7.0659802246e+02 7.0666101074e+02 7.0673602295e+02 7.0679998779e+02 7.0694299316e+02 7.0713397217e+02 7.0729602051e+02 7.0731701660e+02 7.0729797363e+02 7.0729602051e+02 7.0733001709e+02 7.0739697266e+02 7.0742297363e+02
7.0571997070e+02 7.0576898193e+02 7.0580297852e+02 7.0589501953e+02 7.0600799561e+02 7.0609997559e+02 7.0617102051e+02 7.0623901367e+02 7.0629699707e+02 7.0634899902e+02 7.0641601563e+02 7.0643701172e+02 7.0643499756e+02 7.0646197510e+02 7.0648699951e+02 7.0649401855e+02 7.0653198242e+02 7.0655798340e+02 7.0660998535e+02 7.0671398926e+02 7.0678900146e+02 7.0686700439e+02 7.0697100830e+02 7.0696600342e+02 7.0684100342e+02 7.0675000000e+02 7.0672198486e+02 7.0672302246e+02 7.0666302490e+02 7.0658197021e+02 7.0654199219e+02 7.0651098633e+02 7.0647998047e+02 7.0648699951e+02 7.0653698730e+02 7.0660498047e+02 7.0669396973e+02 7.0684197998e+02 7.0702197266e+02 7.0721697998e+02 7.0726300049e+02 7.0725897217e+02 7.0729199219e+02 7.0731597900e+02 7.0738000488e+02 7.0740100098e+02
7.0565899658e+02 7.0572802734e+02 7.0577600098e+02 7.0582202148e+02 7.0589398193e+02 7.0597497559e+02 7.0604199219e+02 7.0610198975e+02 7.0617901611e+02 7.0625402832e+02 7.0628900146e+02 7.0630102539e+02 7.0627001953e+02 7.0626098633e+02 7.0628198242e+02 7.0631097412e+02 7.0634802246e+02 7.0637701416e+02 7.0645800781e+02 7.0652801514e+02 7.0655700684e+02 7.0659802246e+02 7.0666699219e+02 7.0667498779e+02 7.0663201904e+02 7.0659899902e+02 7.0659497070e+02 7.0657501221e+02 7.0650701904e+02 7.0642498779e+02 7.0640301514e+02 7.0639898682e+02 7.0637097168e+02 7.0637500000e+02 7.0640100098e+02 7.0645898438e+02 7.0656298828e+02 7.0668701172e+02 7.0681701660e+02 7.0700598145e+02 7.0711297607e+02 7.0715399170e+02 7.0719897461e+02 7.0724597168e+02 7.0727197266e+02 7.0728698730e+02
7.0558898926e+02 7.0566101074e+02 7.0571197510e+02 7.0576800537e+02 7.0581402588e+02 7.0585101318e+02 7.0590502930e+02 7.0596197510e+02 7.0600299072e+02 7.0603698730e+02 7.0607202148e+02 7.0609997559e+02 7.0606597900e+02 7.0604498291e+02 7.0608001709e+02 7.0616302490e+02 7.0620397949e+02 7.0621899414e+02 7.0627899170e+02 7.0632299805e+02 7.0637298584e+02 7.0638897705e+02 7.0639898682e+02 7.0642700195e+02 7.0643499756e+02 7.0644000244e+02 7.0643103027e+02 7.0639099121e+02 7.0632098389e+02 7.0625500488e+02 7.0623602295e+02 7.0625897217e+02 7.0625299072e+02 7.0625598145e+02 7.0627197266e+02 7.0633099365e+02 7.0643499756e+02 7.0655102539e+02 7.0665802002e+02 7.0682098389e+02 7.0695501709e+02 7.0702801514e+02 7.0707098389e+02 7.0713000488e+02 7.0716900635e+02 7.0720397949e+02
7.0555200195e+02 7.0563201904e+02 7.0564398193e+02 7.0568200684e+02 7.0570397949e+02 7.0572601318e+02 7.0577001953e+02 7.0582000732e+02 7.0585601807e+02 7.0587799072e+02 7.0590502930e+02 7.0594897461e+02 7.0597900391e+02 7.0598199463e+02 7.0594897461e+02 7.0602697754e+02 7.0607299805e+02 7.0608697510e+02 7.0610198975e+02 7.0613397217e+02 7.0622998047e+02 7.0622100830e+02 7.0617797852e+02 7.0621002197e+02 7.0622601318e+02 7.0622302246e+02 7.0620098877e+02 7.0619000244e+02 7.0614898682e+02 7.0610302734e+02 7.0607702637e+02 7.0614001465e+02 7.0616497803e+02 7.0616400146e+02 7.0616400146e+02 7.0622100830e+02 7.0632800293e+02 7.0645001221e+02 7.0655200195e+02 7.0668200684e+02 7.0680200195e+02 7.0687298584e+02 7.0693200684e+02 7.0700000000e+02 7.0705200195e+02 7.0710498047e+02
