TESTSERVER/14/3.asc
NCOLS 100
NROWS 100
XLLCORNER 8.1997500000e+03
YLLCORNER 2.8980025000e+05
CELLSIZE 5.0000000000e-01
NODATA_VALUE -9.9990000000e+03
[rows 20 to 39 of 100, columns 46 to 91 of 100]
6.8845800781e+02 6.8859002686e+02 6.8870898438e+02 6.8880297852e+02 6.8886401367e+02 6.8890698242e+02 6.8899798584e+02 6.8905798340e+02 6.8910601807e+02 6.8912701416e+02 6.8912097168e+02 6.8914001465e+02 6.8923699951e+02 6.8939898682e+02 6.8956500244e+02 6.8969201660e+02 6.8978399658e+02 6.8986999512e+02 6.8992999268e+02 6.9002197266e+02 6.9010302734e+02 6.9016302490e+02 6.9021301270e+02 6.9025402832e+02 6.9030902100e+02 6.9038702393e+02 6.9050402832e+02 6.9064001465e+02 6.9074499512e+02 6.9084600830e+02 6.9097698975e+02 6.9108300781e+02 6.9118798828e+02 6.9129498291e+02 6.9139801025e+02 6.9151800537e+02 6.9165802002e+02 6.9178302002e+02 6.9188299561e+02 6.9190100098e+02 6.9195202637e+02 6.9207397461e+02 6.9217199707e+02 6.9223699951e+02 6.9235498047e+02 6.9241802979e+02
6.8816302490e+02 6.8827099609e+02 6.8836901855e+02 6.8847900391e+02 6.8856799316e+02 6.8864599609e+02 6.8876397705e+02 6.8883697510e+02 6.8886401367e+02 6.8885498047e+02 6.8883001709e+02 6.8886999512e+02 6.8901300049e+02 6.8917999268e+02 6.8931500244e+02 6.8945397949e+02 6.8954797363e+02 6.8959997559e+02 6.8964599609e+02 6.8972998047e+02 6.8980499268e+02 6.8987500000e+02 6.8995098877e+02 6.9002398682e+02 6.9008001709e+02 6.9014599609e+02 6.9023699951e+02 6.9036700439e+02 6.9048498535e+02 6.9059997559e+02 6.9072100830e+02 6.9083801270e+02 6.9094799805e+02 6.9105798340e+02 6.9116198730e+02 6.9127801514e+02 6.9140301514e+02 6.9153100586e+02 6.9164202881e+02 6.9169702148e+02 6.9175897217e+02 6.9188397217e+02 6.9203198242e+02 6.9208398438e+02 6.9216699219e+02 6.9221099854e+02
6.8784197998e+02 6.8794598389e+02 6.8805102539e+02 6.8818200684e+02 6.8828302002e+02 6.8835900879e+02 6.8846801758e+02 6.8854699707e+02 6.8854998779e+02 6.8851800537e+02 6.8852099609e+02 6.8862701416e+02 6.8880297852e+02 6.8895202637e+02 6.8906298828e+02 6.8921801758e+02 6.8932000732e+02 6.8935101318e+02 6.8938500977e+02 6.8946398926e+02 6.8952301025e+02 6.8957897949e+02 6.8965698242e+02 6.8974200439e+02 6.8981701660e+02 6.8989898682e+02 6.8999298096e+02 6.9010797119e+02 6.9022698975e+02 6.9034802246e+02 6.9047601318e+02 6.9059301758e+02 6.9069799805e+02 6.9080200195e+02 6.9090399170e+02 6.9101898193e+02 6.9113598633e+02 6.9125500488e+02 6.9136798096e+02 6.9147497559e+02 6.9154998779e+02 6.9161499023e+02 6.9172900391e+02 6.9182800293e+02 6.9188800049e+02 6.9191497803e+02
6.8749401855e+02 6.8759600830e+02 6.8770202637e+02 6.8782800293e+02 6.8792498779e+02 6.8798797607e+02 6.8808300781e+02 6.8817401123e+02 6.8818200684e+02 6.8817297363e+02 6.8823297119e+02 6.8839697266e+02 6.8858398438e+02 6.8871697998e+02 6.8882702637e+02 6.8896899414e+02 6.8907702637e+02 6.8911602783e+02 6.8915899658e+02 6.8923602295e+02 6.8928399658e+02 6.8932598877e+02 6.8939202881e+02 6.8947302246e+02 6.8956201172e+02 6.8966198730e+02 6.8977502441e+02 6.8988000488e+02 6.8999102783e+02 6.9011297607e+02 6.9024798584e+02 6.9036199951e+02 6.9045501709e+02 6.9054400635e+02 6.9063702393e+02 6.9075897217e+02 6.9088299561e+02 6.9100500488e+02 6.9112500000e+02 6.9127301025e+02 6.9136999512e+02 6.9139001465e+02 6.9141699219e+02 6.9149298096e+02 6.9153497314e+02 6.9159399414e+02
6.8714099121e+02 6.8723101807e+02 6.8730999756e+02 6.8745697021e+02 6.8756701660e+02 6.8765197754e+02 6.8775402832e+02 6.8780700684e+02 6.8785302734e+02 6.8790698242e+02 6.8800799561e+02 6.8816998291e+02 6.8834802246e+02 6.8850201416e+02 6.8863000488e+02 6.8873498535e+02 6.8883099365e+02 6.8888800049e+02 6.8893798828e+02 6.8903198242e+02 6.8908599854e+02 6.8912902832e+02 6.8921398926e+02 6.8929199219e+02 6.8937298584e+02 6.8946697998e+02 6.8958099365e+02 6.8968597412e+02 6.8978601074e+02 6.8989501953e+02 6.9001800537e+02 6.9012902832e+02 6.9021099854e+02 6.9029302979e+02 6.9038299561e+02 6.9049102783e+02 6.9063098145e+02 6.9077301025e+02 6.9091101074e+02 6.9105297852e+02 6.9118200684e+02 6.9124200439e+02 6.9125000000e+02 6.9123297119e+02 6.9127398682e+02 6.9140002441e+02
6.8682800293e+02 6.8692297363e+02 6.8700897217e+02 6.8713098145e+02 6.8725097656e+02 6.8737597656e+02 6.8751800537e+02 6.8757299805e+02 6.8764099121e+02 6.8772698975e+02 6.8783197021e+02 6.8795501709e+02 6.8809802246e+02 6.8825500488e+02 6.8839501953e+02 6.8851098633e+02 6.8859301758e+02 6.8865197754e+02 6.8871502686e+02 6.8881597900e+02 6.8889202881e+02 6.8896002197e+02 6.8907800293e+02 6.8920300293e+02 6.8929199219e+02 6.8935900879e+02 6.8943499756e+02 6.8951501465e+02 6.8959100342e+02 6.8967700195e+02 6.8978002930e+02 6.8986999512e+02 6.8995397949e+02 6.9005401611e+02 6.9016198730e+02 6.9026300049e+02 6.9039599609e+02 6.9053497314e+02 6.9068103027e+02 6.9082897949e+02 6.9097900391e+02 6.9109197998e+02 6.9112799072e+02 6.9110900879e+02 6.9115100098e+02 6.9126300049e+02
6.8655603027e+02 6.8666302490e+02 6.8677600098e+02 6.8689001465e+02 6.8700897217e+02 6.8714398193e+02 6.8729901123e+02 6.8739099121e+02 6.8749401855e+02 6.8759802246e+02 6.8771197510e+02 6.8781402588e+02 6.8791101074e+02 6.8803802490e+02 6.8817700195e+02 6.8829699707e+02 6.8836999512e+02 6.8844702148e+02 6.8852001953e+02 6.8861901855e+02 6.8871002197e+02 6.8879498291e+02 6.8894000244e+02 6.8911102295e+02 6.8922900391e+02 6.8928900146e+02 6.8931500244e+02 6.8935601807e+02 6.8940399170e+02 6.8946398926e+02 6.8955102539e+02 6.8963598633e+02 6.8972399902e+02 6.8982897949e+02 6.8994000244e+02 6.9004901123e+02 6.9017102051e+02 6.9029602051e+02 6.9044201660e+02 6.9060101318e+02 6.9073999023e+02 6.9084600830e+02 6.9092297363e+02 6.9094000244e+02 6.9096099854e+02 6.9102697754e+02
6.8630798340e+02 6.8642602539e+02 6.8656201172e+02 6.8668298340e+02 6.8679699707e+02 6.8692498779e+02 6.8707098389e+02 6.8721502686e+02 6.8734997559e+02 6.8745599365e+02 6.8757098389e+02 6.8768200684e+02 6.8775500488e+02 6.8785400391e+02 6.8797497559e+02 6.8806201172e+02 6.8813800049e+02 6.8823498535e+02 6.8830603027e+02 6.8840197754e+02 6.8850500488e+02 6.8860498047e+02 6.8875402832e+02 6.8893103027e+02 6.8907501221e+02 6.8915600586e+02 6.8917602539e+02 6.8919396973e+02 6.8921997070e+02 6.8926397705e+02 6.8934301758e+02 6.8944299316e+02 6.8954302979e+02 6.8963897705e+02 6.8971697998e+02 6.8982098389e+02 6.8991802979e+02 6.9002197266e+02 6.9017999268e+02 6.9036999512e+02 6.9049298096e+02 6.9055999756e+02 6.9062402344e+02 6.9068499756e+02 6.9072198486e+02 6.9077001953e+02
6.8608502197e+02 6.8619500732e+02 6.8630603027e+02 6.8642102051e+02 6.8654101563e+02 6.8668701172e+02 6.8687097168e+02 6.8703497314e+02 6.8716699219e+02 6.8724597168e+02 6.8731500244e+02 6.8745800781e+02 6.8754699707e+02 6.8764099121e+02 6.8774102783e+02 6.8781201172e+02 6.8789099121e+02 6.8799499512e+02 6.8808099365e+02 6.8815502930e+02 6.8826501465e+02 6.8839300537e+02 6.8852398682e+02 6.8865100098e+02 6.8879901123e+02 6.8892199707e+02 6.8898602295e+02 6.8901397705e+02 6.8904199219e+02 6.8908801270e+02 6.8914898682e+02 6.8926898193e+02 6.8938500977e+02 6.8946197510e+02 6.8950598145e+02 6.8963201904e+02 6.8971801758e+02 6.8978900146e+02 6.8991802979e+02 6.9013598633e+02 6.9027801514e+02 6.9033801270e+02 6.9038500977e+02 6.9043798828e+02 6.9050701904e+02 6.9057202148e+02
6.8589099121e+02 6.8596002197e+02 6.8604101563e+02 6.8614202881e+02 6.8627600098e+02 6.8645800781e+02 6.8667999268e+02 6.8688098145e+02 6.8700598145e+02 6.8707299805e+02 6.8713201904e+02 6.8722998047e+02 6.8730798340e+02 6.8737597656e+02 6.8746002197e+02 6.8756097412e+02 6.8764801025e+02 6.8775598145e+02 6.8786401367e+02 6.8793701172e+02 6.8803802490e+02 6.8816802979e+02 6.8829602051e+02 6.8842102051e+02 6.8858001709e+02 6.8873400879e+02 6.8882098389e+02 6.8884899902e+02 6.8889099121e+02 6.8894799805e+02 6.8898400879e+02 6.8905999756e+02 6.8913500977e+02 6.8918402100e+02 6.8921997070e+02 6.8931500244e+02 6.8943200684e+02 6.8953900146e+02 6.8967401123e+02 6.8987298584e+02 6.9001501465e+02 6.9009698486e+02 6.9015197754e+02 6.9020501709e+02 6.9027197266e+02 6.9034899902e+02
6.8568499756e+02 6.8573101807e+02 6.8579302979e+02 6.8588201904e+02 6.8601898193e+02 6.8621697998e+02 6.8646002197e+02 6.8666497803e+02 6.8680297852e+02 6.8688299561e+02 6.8695397949e+02 6.8705401611e+02 6.8711999512e+02 6.8716601563e+02 6.8721899414e+02 6.8733398438e+02 6.8742797852e+02 6.8753698730e+02 6.8765002441e+02 6.8772497559e+02 6.8782202148e+02 6.8794201660e+02 6.8806201172e+02 6.8818902588e+02 6.8835998535e+02 6.8853399658e+02 6.8864300537e+02 6.8866802979e+02 6.8869396973e+02 6.8874700928e+02 6.8878900146e+02 6.8883898926e+02 6.8888201904e+02 6.8891198730e+02 6.8895202637e+02 6.8903198242e+02 6.8915002441e+02 6.8926800537e+02 6.8940399170e+02 6.8958398438e+02 6.8972100830e+02 6.8981701660e+02 6.8988299561e+02 6.8993103027e+02 6.8999401855e+02 6.9008099365e+02
6.8543701172e+02 6.8549200439e+02 6.8557098389e+02 6.8564801025e+02 6.8577301025e+02 6.8596398926e+02 6.8619897461e+02 6.8638800049e+02 6.8653497314e+02 6.8663397217e+02 6.8671899414e+02 6.8681896973e+02 6.8689801025e+02 6.8696398926e+02 6.8702899170e+02 6.8714599609e+02 6.8722497559e+02 6.8730798340e+02 6.8740997314e+02 6.8749597168e+02 6.8759497070e+02 6.8770697021e+02 6.8781402588e+02 6.8792199707e+02 6.8807897949e+02 6.8824597168e+02 6.8835699463e+02 6.8839202881e+02 6.8842199707e+02 6.8847900391e+02 6.8854699707e+02 6.8860400391e+02 6.8864398193e+02 6.8867102051e+02 6.8870898438e+02 6.8878198242e+02 6.8889801025e+02 6.8901098633e+02 6.8913000488e+02 6.8928698730e+02 6.8941601563e+02 6.8952301025e+02 6.8960198975e+02 6.8965301514e+02 6.8971801758e+02 6.8981701660e+02
6.8509301758e+02 6.8520697021e+02 6.8534899902e+02 6.8544299316e+02 6.8554699707e+02 6.8570397949e+02 6.8590301514e+02 6.8607897949e+02 6.8622900391e+02 6.8634197998e+02 6.8641497803e+02 6.8651098633e+02 6.8661499023e+02 6.8673297119e+02 6.8687597656e+02 6.8699298096e+02 6.8700799561e+02 6.8702301025e+02 6.8710797119e+02 6.8722399902e+02 6.8733300781e+02 6.8744702148e+02 6.8755297852e+02 6.8764898682e+02 6.8776800537e+02 6.8788702393e+02 6.8795501709e+02 6.8804302979e+02 6.8812402344e+02 6.8820501709e+02 6.8827001953e+02 6.8833898926e+02 6.8840899658e+02 6.8845300293e+02 6.8847802734e+02 6.8854199219e+02 6.8864001465e+02 6.8875201416e+02 6.8888500977e+02 6.8901800537e+02 6.8913500977e+02 6.8924102783e+02 6.8933599854e+02 6.8942401123e+02 6.8951000977e+02 6.8961102295e+02
6.8474597168e+02 6.8489202881e+02 6.8508300781e+02 6.8523101807e+02 6.8533599854e+02 6.8546099854e+02 6.8563201904e+02 6.8581097412e+02 6.8596697998e+02 6.8608697510e+02 6.8616400146e+02 6.8625201416e+02 6.8635699463e+02 6.8648199463e+02 6.8666302490e+02 6.8684399414e+02 6.8681896973e+02 6.8677697754e+02 6.8684399414e+02 6.8694702148e+02 6.8705200195e+02 6.8716497803e+02 6.8727001953e+02 6.8734100342e+02 6.8743298340e+02 6.8754199219e+02 6.8764099121e+02 6.8773602295e+02 6.8784301758e+02 6.8795098877e+02 6.8801599121e+02 6.8804699707e+02 6.8807897949e+02 6.8813598633e+02 6.8821600342e+02 6.8831597900e+02 6.8841101074e+02 6.8851098633e+02 6.8863299561e+02 6.8877001953e+02 6.8888702393e+02 6.8898797607e+02 6.8908599854e+02 6.8920300293e+02 6.8930499268e+02 6.8939801025e+02
6.8447497559e+02 6.8463098145e+02 6.8482598877e+02 6.8500000000e+02 6.8512200928e+02 6.8523602295e+02 6.8538397217e+02 6.8556097412e+02 6.8571502686e+02 6.8584301758e+02 6.8594897461e+02 6.8603997803e+02 6.8611499023e+02 6.8620800781e+02 6.8635101318e+02 6.8651202393e+02 6.8654602051e+02 6.8655401611e+02 6.8659899902e+02 6.8666998291e+02 6.8676800537e+02 6.8688299561e+02 6.8699499512e+02 6.8706402588e+02 6.8714202881e+02 6.8723999023e+02 6.8734399414e+02 6.8743902588e+02 6.8753900146e+02 6.8764697266e+02 6.8770800781e+02 6.8773602295e+02 6.8774102783e+02 6.8779498291e+02 6.8792797852e+02 6.8807202148e+02 6.8818200684e+02 6.8827301025e+02 6.8837902832e+02 6.8851300049e+02 6.8863000488e+02 6.8873498535e+02 6.8884802246e+02 6.8897399902e+02 6.8907299805e+02 6.8916601563e+02
6.8427899170e+02 6.8443298340e+02 6.8460400391e+02 6.8477899170e+02 6.8491497803e+02 6.8503002930e+02 6.8515899658e+02 6.8532000732e+02 6.8546697998e+02 6.8560302734e+02 6.8573797607e+02 6.8582098389e+02 6.8585998535e+02 6.8591302490e+02 6.8599700928e+02 6.8607897949e+02 6.8619201660e+02 6.8628302002e+02 6.8632501221e+02 6.8638201904e+02 6.8648101807e+02 6.8660797119e+02 6.8674298096e+02 6.8684899902e+02 6.8693597412e+02 6.8701098633e+02 6.8707299805e+02 6.8714202881e+02 6.8722198486e+02 6.8730200195e+02 6.8733502197e+02 6.8739001465e+02 6.8746301270e+02 6.8757501221e+02 6.8771099854e+02 6.8783300781e+02 6.8794500732e+02 6.8803601074e+02 6.8813500977e+02 6.8825799561e+02 6.8836999512e+02 6.8847998047e+02 6.8860699463e+02 6.8872802734e+02 6.8882202148e+02 6.8891802979e+02
6.8415899658e+02 6.8429602051e+02 6.8440899658e+02 6.8456701660e+02 6.8471002197e+02 6.8482897949e+02 6.8493597412e+02 6.8507598877e+02 6.8520501709e+02 6.8534802246e+02 6.8550402832e+02 6.8554699707e+02 6.8556402588e+02 6.8561199951e+02 6.8569702148e+02 6.8574597168e+02 6.8586602783e+02 6.8597302246e+02 6.8600897217e+02 6.8608001709e+02 6.8619500732e+02 6.8634899902e+02 6.8652801514e+02 6.8665600586e+02 6.8674597168e+02 6.8679797363e+02 6.8682202148e+02 6.8688598633e+02 6.8695800781e+02 6.8700201416e+02 6.8701202393e+02 6.8708099365e+02 6.8718701172e+02 6.8736602783e+02 6.8756298828e+02 6.8760198975e+02 6.8769598389e+02 6.8780700684e+02 6.8792498779e+02 6.8801501465e+02 6.8811798096e+02 6.8823199463e+02 6.8835400391e+02 6.8847198486e+02 6.8857501221e+02 6.8868200684e+02
6.8404101563e+02 6.8414697266e+02 6.8422399902e+02 6.8434301758e+02 6.8448199463e+02 6.8460900879e+02 6.8472399902e+02 6.8482800293e+02 6.8493200684e+02 6.8505200195e+02 6.8517700195e+02 6.8520397949e+02 6.8522802734e+02 6.8529998779e+02 6.8538702393e+02 6.8543701172e+02 6.8551397705e+02 6.8562097168e+02 6.8571997070e+02 6.8579400635e+02 6.8591101074e+02 6.8607202148e+02 6.8626800537e+02 6.8641998291e+02 6.8650000000e+02 6.8655798340e+02 6.8660601807e+02 6.8667602539e+02 6.8675201416e+02 6.8680200195e+02 6.8683801270e+02 6.8688897705e+02 6.8698101807e+02 6.8720202637e+02 6.8738598633e+02 6.8740197754e+02 6.8746502686e+02 6.8757501221e+02 6.8768798828e+02 6.8778997803e+02 6.8789599609e+02 6.8800598145e+02 6.8811700439e+02 6.8823999023e+02 6.8835400391e+02 6.8846600342e+02
6.8388702393e+02 6.8398199463e+02 6.8405401611e+02 6.8415502930e+02 6.8428198242e+02 6.8441497803e+02 6.8453997803e+02 6.8461297607e+02 6.8468597412e+02 6.8477801514e+02 6.8487500000e+02 6.8490997314e+02 6.8494097900e+02 6.8499798584e+02 6.8506500244e+02 6.8511499023e+02 6.8518798828e+02 6.8530499268e+02 6.8544500732e+02 6.8552001953e+02 6.8561999512e+02 6.8576000977e+02 6.8593200684e+02 6.8608801270e+02 6.8621801758e+02 6.8633801270e+02 6.8643902588e+02 6.8650201416e+02 6.8655102539e+02 6.8660900879e+02 6.8666400146e+02 6.8669201660e+02 6.8682702637e+02 6.8705902100e+02 6.8713598633e+02 6.8714398193e+02 6.8721301270e+02 6.8733099365e+02 6.8745098877e+02 6.8756597900e+02 6.8768298340e+02 6.8779400635e+02 6.8789300537e+02 6.8802301025e+02 6.8814898682e+02 6.8826300049e+02
6.8370800781e+02 6.8380603027e+02 6.8389501953e+02 6.8399102783e+02 6.8410198975e+02 6.8422601318e+02 6.8434497070e+02 6.8440600586e+02 6.8445898438e+02 6.8452600098e+02 6.8461102295e+02 6.8466900635e+02 6.8470300293e+02 6.8474499512e+02 6.8479199219e+02 6.8483300781e+02 6.8491900635e+02 6.8502502441e+02 6.8515997314e+02 6.8524499512e+02 6.8533398438e+02 6.8545397949e+02 6.8559802246e+02 6.8575701904e+02 6.8593298340e+02 6.8609997559e+02 6.8623400879e+02 6.8631201172e+02 6.8636798096e+02 6.8644702148e+02 6.8652099609e+02 6.8657702637e+02 6.8671301270e+02 6.8683398438e+02 6.8681701660e+02 6.8686297607e+02 6.8696600342e+02 6.8710699463e+02 6.8723901367e+02 6.8735900879e+02 6.8748297119e+02 6.8759802246e+02 6.8769598389e+02 6.8781701660e+02 6.8793200684e+02 6.8803698730e+02
