TESTSERVER/14/3.asc
NCOLS 100
NROWS 100
XLLCORNER 8.1997500000e+03
YLLCORNER 2.8980025000e+05
CELLSIZE 5.0000000000e-01
NODATA_VALUE -9.9990000000e+03
[rows 20 to 39 of 100, columns 0 to 45 of 100]
6.8418200684e+02 6.8415802002e+02 6.8418402100e+02 6.8425000000e+02 6.8430700684e+02 6.8427899170e+02 6.8426300049e+02 6.8433599854e+02 6.8449499512e+02 6.8462597656e+02 6.8466101074e+02 6.8468103027e+02 6.8473297119e+02 6.8483398438e+02 6.8494598389e+02 6.8508197021e+02 6.8524902344e+02 6.8539599609e+02 6.8556500244e+02 6.8570098877e+02 6.8576599121e+02 6.8587902832e+02 6.8596398926e+02 6.8602801514e+02 6.8609301758e+02 6.8615600586e+02 6.8623199463e+02 6.8631097412e+02 6.8636798096e+02 6.8644500732e+02 6.8652001953e+02 6.8658697510e+02 6.8665997314e+02 6.8675000000e+02 6.8683801270e+02 6.8693499756e+02 6.8705999756e+02 6.8717602539e+02 6.8728497314e+02 6.8740502930e+02 6.8751800537e+02 6.8768499756e+02 6.8786999512e+02 6.8801800537e+02 6.8817102051e+02 6.8831799316e+02
6.8389801025e+02 6.8394598389e+02 6.8397698975e+02 6.8400299072e+02 6.8402600098e+02 6.8405603027e+02 6.8408898926e+02 6.8420800781e+02 6.8437597656e+02 6.8445599365e+02 6.8448699951e+02 6.8455798340e+02 6.8464898682e+02 6.8475201416e+02 6.8489099121e+02 6.8504602051e+02 6.8515802002e+02 6.8525000000e+02 6.8542999268e+02 6.8557702637e+02 6.8559600830e+02 6.8568298340e+02 6.8576000977e+02 6.8580798340e+02 6.8586499023e+02 6.8593298340e+02 6.8599499512e+02 6.8605700684e+02 6.8610998535e+02 6.8617700195e+02 6.8627398682e+02 6.8638397217e+02 6.8648602295e+02 6.8659802246e+02 6.8667602539e+02 6.8675097656e+02 6.8686297607e+02 6.8697698975e+02 6.8708300781e+02 6.8718402100e+02 6.8729998779e+02 6.8744702148e+02 6.8759698486e+02 6.8774298096e+02 6.8788397217e+02 6.8803399658e+02
6.8358599854e+02 6.8368499756e+02 6.8374902344e+02 6.8377301025e+02 6.8379602051e+02 6.8387298584e+02 6.8394396973e+02 6.8407702637e+02 6.8423999023e+02 6.8430297852e+02 6.8434301758e+02 6.8444396973e+02 6.8454998779e+02 6.8464898682e+02 6.8479901123e+02 6.8495800781e+02 6.8504302979e+02 6.8508502197e+02 6.8517901611e+02 6.8529101563e+02 6.8535498047e+02 6.8543402100e+02 6.8549700928e+02 6.8553997803e+02 6.8561102295e+02 6.8569299316e+02 6.8575402832e+02 6.8581201172e+02 6.8587799072e+02 6.8597601318e+02 6.8611199951e+02 6.8623797607e+02 6.8631896973e+02 6.8641497803e+02 6.8648297119e+02 6.8656701660e+02 6.8668798828e+02 6.8679797363e+02 6.8689202881e+02 6.8697100830e+02 6.8706896973e+02 6.8718499756e+02 6.8729901123e+02 6.8741601563e+02 6.8755603027e+02 6.8771301270e+02
6.8329901123e+02 6.8340997314e+02 6.8350799561e+02 6.8357598877e+02 6.8365002441e+02 6.8376098633e+02 6.8384197998e+02 6.8396600342e+02 6.8414300537e+02 6.8423797607e+02 6.8430102539e+02 6.8440197754e+02 6.8447399902e+02 6.8452398682e+02 6.8460998535e+02 6.8471301270e+02 6.8481402588e+02 6.8487402344e+02 6.8488800049e+02 6.8493902588e+02 6.8504901123e+02 6.8513397217e+02 6.8520098877e+02 6.8525799561e+02 6.8534698486e+02 6.8544500732e+02 6.8551202393e+02 6.8557397461e+02 6.8565197754e+02 6.8577001953e+02 6.8592199707e+02 6.8604901123e+02 6.8612402344e+02 6.8622698975e+02 6.8630200195e+02 6.8637799072e+02 6.8649200439e+02 6.8660699463e+02 6.8669000244e+02 6.8675097656e+02 6.8683197021e+02 6.8692602539e+02 6.8700799561e+02 6.8709600830e+02 6.8721997070e+02 6.8736999512e+02
6.8305700684e+02 6.8315002441e+02 6.8325799561e+02 6.8340002441e+02 6.8359197998e+02 6.8372399902e+02 6.8381896973e+02 6.8394097900e+02 6.8412500000e+02 6.8421398926e+02 6.8429998779e+02 6.8438702393e+02 6.8440100098e+02 6.8439099121e+02 6.8439801025e+02 6.8442498779e+02 6.8447998047e+02 6.8457299805e+02 6.8462097168e+02 6.8467401123e+02 6.8474298096e+02 6.8484301758e+02 6.8494097900e+02 6.8502001953e+02 6.8510699463e+02 6.8520397949e+02 6.8527001953e+02 6.8533502197e+02 6.8540698242e+02 6.8548901367e+02 6.8563397217e+02 6.8580401611e+02 6.8597998047e+02 6.8610498047e+02 6.8617102051e+02 6.8619299316e+02 6.8627197266e+02 6.8636901855e+02 6.8643902588e+02 6.8649200439e+02 6.8656298828e+02 6.8667199707e+02 6.8675299072e+02 6.8682897949e+02 6.8692498779e+02 6.8703497314e+02
6.8278497314e+02 6.8290802002e+02 6.8301800537e+02 6.8316601563e+02 6.8340802002e+02 6.8364501953e+02 6.8378100586e+02 6.8390698242e+02 6.8407800293e+02 6.8417797852e+02 6.8424700928e+02 6.8430499268e+02 6.8428399658e+02 6.8422399902e+02 6.8418701172e+02 6.8418902588e+02 6.8422698975e+02 6.8430798340e+02 6.8435900879e+02 6.8440399170e+02 6.8447802734e+02 6.8457397461e+02 6.8468499756e+02 6.8478601074e+02 6.8487402344e+02 6.8496697998e+02 6.8502197266e+02 6.8508099365e+02 6.8513897705e+02 6.8521997070e+02 6.8537200928e+02 6.8556896973e+02 6.8577502441e+02 6.8592102051e+02 6.8594097900e+02 6.8591900635e+02 6.8597497559e+02 6.8607598877e+02 6.8614801025e+02 6.8620501709e+02 6.8628100586e+02 6.8639398193e+02 6.8648797607e+02 6.8657397461e+02 6.8665502930e+02 6.8673297119e+02
6.8251300049e+02 6.8266497803e+02 6.8278698730e+02 6.8293402100e+02 6.8316900635e+02 6.8342999268e+02 6.8362097168e+02 6.8375799561e+02 6.8389398193e+02 6.8399902344e+02 6.8408502197e+02 6.8415502930e+02 6.8412799072e+02 6.8403698730e+02 6.8396899414e+02 6.8395202637e+02 6.8398101807e+02 6.8404699707e+02 6.8409997559e+02 6.8414697266e+02 6.8421801758e+02 6.8429901123e+02 6.8440802002e+02 6.8451098633e+02 6.8459802246e+02 6.8469000244e+02 6.8475701904e+02 6.8482501221e+02 6.8488500977e+02 6.8497802734e+02 6.8511700439e+02 6.8527099609e+02 6.8541302490e+02 6.8550402832e+02 6.8556298828e+02 6.8560302734e+02 6.8566802979e+02 6.8575299072e+02 6.8583398438e+02 6.8590698242e+02 6.8599798584e+02 6.8611700439e+02 6.8621502686e+02 6.8630798340e+02 6.8639599609e+02 6.8646398926e+02
6.8223101807e+02 6.8240301514e+02 6.8255999756e+02 6.8272698975e+02 6.8295300293e+02 6.8319598389e+02 6.8342797852e+02 6.8357897949e+02 6.8365600586e+02 6.8371197510e+02 6.8380603027e+02 6.8389898682e+02 6.8388598633e+02 6.8379602051e+02 6.8373400879e+02 6.8371997070e+02 6.8374902344e+02 6.8380401611e+02 6.8385797119e+02 6.8391497803e+02 6.8398297119e+02 6.8405499268e+02 6.8416497803e+02 6.8425500488e+02 6.8431896973e+02 6.8441699219e+02 6.8450500488e+02 6.8458599854e+02 6.8464599609e+02 6.8474499512e+02 6.8486999512e+02 6.8498797607e+02 6.8508099365e+02 6.8513702393e+02 6.8521697998e+02 6.8530603027e+02 6.8537298584e+02 6.8542999268e+02 6.8552099609e+02 6.8561999512e+02 6.8572497559e+02 6.8583502197e+02 6.8593499756e+02 6.8603601074e+02 6.8613897705e+02 6.8621197510e+02
6.8200097656e+02 6.8215502930e+02 6.8234698486e+02 6.8253497314e+02 6.8277502441e+02 6.8302398682e+02 6.8326702881e+02 6.8343701172e+02 6.8348602295e+02 6.8346197510e+02 6.8350299072e+02 6.8356201172e+02 6.8354101563e+02 6.8348699951e+02 6.8346502686e+02 6.8347399902e+02 6.8349499512e+02 6.8355999756e+02 6.8360797119e+02 6.8367602539e+02 6.8376397705e+02 6.8383197021e+02 6.8394799805e+02 6.8403997803e+02 6.8408099365e+02 6.8415502930e+02 6.8425701904e+02 6.8434600830e+02 6.8440600586e+02 6.8448498535e+02 6.8459100342e+02 6.8471099854e+02 6.8480401611e+02 6.8486798096e+02 6.8493597412e+02 6.8502099609e+02 6.8509600830e+02 6.8514398193e+02 6.8523699951e+02 6.8535699463e+02 6.8547100830e+02 6.8555102539e+02 6.8564300537e+02 6.8574902344e+02 6.8585198975e+02 6.8597998047e+02
6.8177502441e+02 6.8190698242e+02 6.8210198975e+02 6.8226098633e+02 6.8244897461e+02 6.8272601318e+02 6.8299200439e+02 6.8317797852e+02 6.8322100830e+02 6.8321502686e+02 6.8323101807e+02 6.8323797607e+02 6.8321197510e+02 6.8318402100e+02 6.8320599365e+02 6.8323602295e+02 6.8326501465e+02 6.8332897949e+02 6.8338702393e+02 6.8344500732e+02 6.8352301025e+02 6.8362701416e+02 6.8374902344e+02 6.8384399414e+02 6.8386700439e+02 6.8390002441e+02 6.8398999023e+02 6.8407800293e+02 6.8413500977e+02 6.8421398926e+02 6.8428601074e+02 6.8435900879e+02 6.8442602539e+02 6.8453100586e+02 6.8462298584e+02 6.8470599365e+02 6.8479797363e+02 6.8489898682e+02 6.8500000000e+02 6.8509997559e+02 6.8518298340e+02 6.8524902344e+02 6.8534301758e+02 6.8546997070e+02 6.8561798096e+02 6.8578399658e+02
6.8149597168e+02 6.8162701416e+02 6.8182000732e+02 6.8196801758e+02 6.8210998535e+02 6.8229901123e+02 6.8252502441e+02 6.8275201416e+02 6.8289398193e+02 6.8295300293e+02 6.8300299072e+02 6.8302502441e+02 6.8301501465e+02 6.8300097656e+02 6.8301599121e+02 6.8303601074e+02 6.8305999756e+02 6.8312701416e+02 6.8321002197e+02 6.8328900146e+02 6.8334497070e+02 6.8342797852e+02 6.8353002930e+02 6.8361199951e+02 6.8364398193e+02 6.8366699219e+02 6.8375701904e+02 6.8384802246e+02 6.8389001465e+02 6.8395697021e+02 6.8403002930e+02 6.8408300781e+02 6.8413098145e+02 6.8422601318e+02 6.8430999756e+02 6.8441699219e+02 6.8454199219e+02 6.8465197754e+02 6.8474102783e+02 6.8482702637e+02 6.8491497803e+02 6.8498297119e+02 6.8508099365e+02 6.8522302246e+02 6.8540802002e+02 6.8559100342e+02
6.8121002197e+02 6.8135400391e+02 6.8154998779e+02 6.8172399902e+02 6.8187298584e+02 6.8196398926e+02 6.8212200928e+02 6.8235601807e+02 6.8257397461e+02 6.8267199707e+02 6.8276702881e+02 6.8283801270e+02 6.8284899902e+02 6.8283300781e+02 6.8284002686e+02 6.8285302734e+02 6.8288397217e+02 6.8294799805e+02 6.8306298828e+02 6.8320098877e+02 6.8326000977e+02 6.8328002930e+02 6.8333001709e+02 6.8339099121e+02 6.8344201660e+02 6.8346600342e+02 6.8356701660e+02 6.8367797852e+02 6.8371600342e+02 6.8372399902e+02 6.8378802490e+02 6.8386700439e+02 6.8394799805e+02 6.8400201416e+02 6.8404699707e+02 6.8416802979e+02 6.8432098389e+02 6.8443798828e+02 6.8451702881e+02 6.8459600830e+02 6.8469000244e+02 6.8477301025e+02 6.8487298584e+02 6.8501000977e+02 6.8519500732e+02 6.8535601807e+02
6.8096002197e+02 6.8110400391e+02 6.8128302002e+02 6.8147998047e+02 6.8165899658e+02 6.8173602295e+02 6.8185302734e+02 6.8205297852e+02 6.8228302002e+02 6.8233099365e+02 6.8242401123e+02 6.8253601074e+02 6.8257000732e+02 6.8258398438e+02 6.8260302734e+02 6.8264398193e+02 6.8272698975e+02 6.8276702881e+02 6.8287597656e+02 6.8305700684e+02 6.8317602539e+02 6.8315301514e+02 6.8315502930e+02 6.8319097900e+02 6.8323699951e+02 6.8326599121e+02 6.8334997559e+02 6.8345001221e+02 6.8348101807e+02 6.8350897217e+02 6.8352697754e+02 6.8360797119e+02 6.8374597168e+02 6.8381799316e+02 6.8383197021e+02 6.8393298340e+02 6.8406896973e+02 6.8422998047e+02 6.8433801270e+02 6.8441699219e+02 6.8450897217e+02 6.8461798096e+02 6.8472399902e+02 6.8482897949e+02 6.8493200684e+02 6.8501098633e+02
6.8070697021e+02 6.8086999512e+02 6.8102197266e+02 6.8119201660e+02 6.8138897705e+02 6.8151599121e+02 6.8159600830e+02 6.8168499756e+02 6.8186199951e+02 6.8200000000e+02 6.8210601807e+02 6.8222601318e+02 6.8230297852e+02 6.8233599854e+02 6.8236199951e+02 6.8241998291e+02 6.8253002930e+02 6.8258801270e+02 6.8263897705e+02 6.8275598145e+02 6.8288800049e+02 6.8293499756e+02 6.8295501709e+02 6.8299200439e+02 6.8303100586e+02 6.8305401611e+02 6.8307501221e+02 6.8311499023e+02 6.8318298340e+02 6.8325598145e+02 6.8329302979e+02 6.8332397461e+02 6.8341998291e+02 6.8352099609e+02 6.8356799316e+02 6.8368298340e+02 6.8382397461e+02 6.8400897217e+02 6.8412902832e+02 6.8422100830e+02 6.8435302734e+02 6.8447302246e+02 6.8455200195e+02 6.8459497070e+02 6.8460998535e+02 6.8465100098e+02
6.8051702881e+02 6.8065899658e+02 6.8078399658e+02 6.8089398193e+02 6.8103497314e+02 6.8119201660e+02 6.8132397461e+02 6.8139697266e+02 6.8150097656e+02 6.8168103027e+02 6.8182397461e+02 6.8195300293e+02 6.8205700684e+02 6.8212298584e+02 6.8216497803e+02 6.8221301270e+02 6.8230200195e+02 6.8236901855e+02 6.8241400146e+02 6.8247998047e+02 6.8257897949e+02 6.8266101074e+02 6.8271099854e+02 6.8277301025e+02 6.8283300781e+02 6.8287402344e+02 6.8288299561e+02 6.8290502930e+02 6.8295397949e+02 6.8299902344e+02 6.8307000732e+02 6.8311798096e+02 6.8314697266e+02 6.8323400879e+02 6.8332202148e+02 6.8345501709e+02 6.8359802246e+02 6.8375598145e+02 6.8388702393e+02 6.8402001953e+02 6.8417102051e+02 6.8425897217e+02 6.8429901123e+02 6.8430603027e+02 6.8430499268e+02 6.8436401367e+02
6.8031597900e+02 6.8045202637e+02 6.8058801270e+02 6.8067700195e+02 6.8075598145e+02 6.8086499023e+02 6.8102801514e+02 6.8115600586e+02 6.8125598145e+02 6.8142602539e+02 6.8157702637e+02 6.8170697021e+02 6.8180401611e+02 6.8190100098e+02 6.8195001221e+02 6.8198400879e+02 6.8206799316e+02 6.8215301514e+02 6.8220800781e+02 6.8226202393e+02 6.8234301758e+02 6.8242797852e+02 6.8248400879e+02 6.8254998779e+02 6.8262097168e+02 6.8267901611e+02 6.8272497559e+02 6.8277502441e+02 6.8282598877e+02 6.8284399414e+02 6.8291601563e+02 6.8298999023e+02 6.8297601318e+02 6.8301000977e+02 6.8309497070e+02 6.8323999023e+02 6.8338598633e+02 6.8351397705e+02 6.8365802002e+02 6.8381402588e+02 6.8394097900e+02 6.8399597168e+02 6.8401599121e+02 6.8402197266e+02 6.8405401611e+02 6.8415100098e+02
6.8000402832e+02 6.8019598389e+02 6.8038098145e+02 6.8051898193e+02 6.8060699463e+02 6.8069097900e+02 6.8079901123e+02 6.8093402100e+02 6.8105499268e+02 6.8118200684e+02 6.8132598877e+02 6.8145599365e+02 6.8155200195e+02 6.8167102051e+02 6.8172497559e+02 6.8175097656e+02 6.8182000732e+02 6.8194799805e+02 6.8199298096e+02 6.8203497314e+02 6.8211102295e+02 6.8223400879e+02 6.8232299805e+02 6.8237597656e+02 6.8242102051e+02 6.8249798584e+02 6.8257202148e+02 6.8263702393e+02 6.8270001221e+02 6.8269097900e+02 6.8271197510e+02 6.8277301025e+02 6.8278497314e+02 6.8279998779e+02 6.8285699463e+02 6.8298999023e+02 6.8316198730e+02 6.8330297852e+02 6.8346197510e+02 6.8359399414e+02 6.8365197754e+02 6.8372802734e+02 6.8376000977e+02 6.8379199219e+02 6.8385797119e+02 6.8401202393e+02
6.7980102539e+02 6.7998797607e+02 6.8015301514e+02 6.8031597900e+02 6.8043499756e+02 6.8057501221e+02 6.8069500732e+02 6.8079797363e+02 6.8090100098e+02 6.8103302002e+02 6.8114398193e+02 6.8123602295e+02 6.8132299805e+02 6.8143499756e+02 6.8148901367e+02 6.8153997803e+02 6.8161602783e+02 6.8169201660e+02 6.8173901367e+02 6.8180603027e+02 6.8189801025e+02 6.8201397705e+02 6.8214697266e+02 6.8225201416e+02 6.8232397461e+02 6.8238299561e+02 6.8242401123e+02 6.8245501709e+02 6.8249700928e+02 6.8251898193e+02 6.8253802490e+02 6.8254797363e+02 6.8256500244e+02 6.8259301758e+02 6.8264398193e+02 6.8274597168e+02 6.8291699219e+02 6.8310998535e+02 6.8324597168e+02 6.8334802246e+02 6.8341900635e+02 6.8349102783e+02 6.8354602051e+02 6.8361901855e+02 6.8373498535e+02 6.8390100098e+02
6.7964099121e+02 6.7981298828e+02 6.7998400879e+02 6.8014501953e+02 6.8028100586e+02 6.8043200684e+02 6.8058099365e+02 6.8071301270e+02 6.8082000732e+02 6.8088897705e+02 6.8096301270e+02 6.8104998779e+02 6.8111499023e+02 6.8117401123e+02 6.8121697998e+02 6.8129797363e+02 6.8141400146e+02 6.8147601318e+02 6.8153399658e+02 6.8162701416e+02 6.8171099854e+02 6.8181298828e+02 6.8192199707e+02 6.8202697754e+02 6.8214801025e+02 6.8222100830e+02 6.8223999023e+02 6.8224700928e+02 6.8227801514e+02 6.8231701660e+02 6.8235699463e+02 6.8236700439e+02 6.8239099121e+02 6.8241302490e+02 6.8245202637e+02 6.8253399658e+02 6.8268597412e+02 6.8288397217e+02 6.8301202393e+02 6.8311700439e+02 6.8320697021e+02 6.8326898193e+02 6.8334399414e+02 6.8345397949e+02 6.8359698486e+02 6.8375701904e+02
6.7951800537e+02 6.7969201660e+02 6.7989898682e+02 6.8005902100e+02 6.8015698242e+02 6.8029101563e+02 6.8044000244e+02 6.8058697510e+02 6.8066998291e+02 6.8065100098e+02 6.8070501709e+02 6.8082897949e+02 6.8090600586e+02 6.8091198730e+02 6.8095098877e+02 6.8104199219e+02 6.8116802979e+02 6.8126000977e+02 6.8133099365e+02 6.8142498779e+02 6.8149200439e+02 6.8160101318e+02 6.8168798828e+02 6.8176202393e+02 6.8189398193e+02 6.8201300049e+02 6.8204602051e+02 6.8204998779e+02 6.8209100342e+02 6.8213702393e+02 6.8218402100e+02 6.8220300293e+02 6.8225701904e+02 6.8230297852e+02 6.8229998779e+02 6.8235797119e+02 6.8250201416e+02 6.8270898438e+02 6.8285998535e+02 6.8295001221e+02 6.8301501465e+02 6.8308898926e+02 6.8317498779e+02 6.8328497314e+02 6.8342401123e+02 6.8358099365e+02
