TESTSERVER/14/4.asc
NCOLS 100
NROWS 100
XLLCORNER 8.1997500000e+03
YLLCORNER 2.8975025000e+05
CELLSIZE 5.0000000000e-01
NODATA_VALUE -9.9990000000e+03
[rows 40 to 59 of 100, columns 0 to 45 of 100]
6.6267602539e+02 6.6276098633e+02 6.6286602783e+02 6.6296398926e+02 6.6305200195e+02 6.6312902832e+02 6.6321899414e+02 6.6331896973e+02 6.6341900635e+02 6.6350897217e+02 6.6359899902e+02 6.6370800781e+02 6.6380401611e+02 6.6390197754e+02 6.6399102783e+02 6.6410198975e+02 6.6419702148e+02 6.6427697754e+02 6.6434802246e+02 6.6444097900e+02 6.6454797363e+02 6.6463397217e+02 6.6471502686e+02 6.6480902100e+02 6.6489801025e+02 6.6498400879e+02 6.6508599854e+02 6.6517797852e+02 6.6524597168e+02 6.6535198975e+02 6.6543200684e+02 6.6551800537e+02 6.6560302734e+02 6.6568902588e+02 6.6578698730e+02 6.6587097168e+02 6.6596099854e+02 6.6604400635e+02 6.6613098145e+02 6.6623400879e+02 6.6631298828e+02 6.6639099121e+02 6.6645697021e+02 6.6654998779e+02 6.6664801025e+02 6.6672302246e+02
6.6260998535e+02 6.6268298340e+02 6.6277801514e+02 6.6287500000e+02 6.6297198486e+02 6.6305499268e+02 6.6313897705e+02 6.6322900391e+02 6.6331402588e+02 6.6340502930e+02 6.6350402832e+02 6.6361700439e+02 6.6370501709e+02 6.6382598877e+02 6.6391900635e+02 6.6402099609e+02 6.6411102295e+02 6.6419396973e+02 6.6427398682e+02 6.6435101318e+02 6.6444598389e+02 6.6455102539e+02 6.6464398193e+02 6.6472399902e+02 6.6479998779e+02 6.6489599609e+02 6.6498999023e+02 6.6507501221e+02 6.6514898682e+02 6.6524700928e+02 6.6533300781e+02 6.6541302490e+02 6.6549499512e+02 6.6558300781e+02 6.6566900635e+02 6.6575598145e+02 6.6585198975e+02 6.6596002197e+02 6.6604602051e+02 6.6614001465e+02 6.6621398926e+02 6.6628497314e+02 6.6635601807e+02 6.6643597412e+02 6.6652001953e+02 6.6660198975e+02
6.6252301025e+02 6.6259600830e+02 6.6268298340e+02 6.6278698730e+02 6.6289898682e+02 6.6298297119e+02 6.6306701660e+02 6.6315502930e+02 6.6323602295e+02 6.6332000732e+02 6.6340399170e+02 6.6351098633e+02 6.6360699463e+02 6.6372900391e+02 6.6382897949e+02 6.6393402100e+02 6.6402697754e+02 6.6410498047e+02 6.6418798828e+02 6.6426397705e+02 6.6435198975e+02 6.6444500732e+02 6.6453601074e+02 6.6461798096e+02 6.6471301270e+02 6.6480700684e+02 6.6488598633e+02 6.6497900391e+02 6.6506097412e+02 6.6516101074e+02 6.6524902344e+02 6.6533001709e+02 6.6541302490e+02 6.6549102783e+02 6.6557299805e+02 6.6566699219e+02 6.6575097656e+02 6.6584698486e+02 6.6593902588e+02 6.6603802490e+02 6.6610900879e+02 6.6618499756e+02 6.6626397705e+02 6.6633697510e+02 6.6641497803e+02 6.6648602295e+02
6.6244299316e+02 6.6253497314e+02 6.6260699463e+02 6.6269299316e+02 6.6280297852e+02 6.6289001465e+02 6.6298400879e+02 6.6308001709e+02 6.6316601563e+02 6.6323797607e+02 6.6330902100e+02 6.6340802002e+02 6.6351397705e+02 6.6362298584e+02 6.6373297119e+02 6.6383599854e+02 6.6392999268e+02 6.6402099609e+02 6.6411297607e+02 6.6419598389e+02 6.6428302002e+02 6.6436499023e+02 6.6443798828e+02 6.6451202393e+02 6.6461700439e+02 6.6471002197e+02 6.6478900146e+02 6.6488598633e+02 6.6496002197e+02 6.6506298828e+02 6.6514697266e+02 6.6523199463e+02 6.6532702637e+02 6.6540600586e+02 6.6548901367e+02 6.6557098389e+02 6.6565502930e+02 6.6574298096e+02 6.6583300781e+02 6.6593103027e+02 6.6600299072e+02 6.6609698486e+02 6.6617498779e+02 6.6623999023e+02 6.6633197021e+02 6.6640698242e+02
6.6238000488e+02 6.6245599365e+02 6.6252801514e+02 6.6261297607e+02 6.6273101807e+02 6.6280902100e+02 6.6289801025e+02 6.6298797607e+02 6.6305902100e+02 6.6315899658e+02 6.6324798584e+02 6.6333099365e+02 6.6342498779e+02 6.6350201416e+02 6.6360498047e+02 6.6371600342e+02 6.6383099365e+02 6.6391998291e+02 6.6401501465e+02 6.6410498047e+02 6.6420098877e+02 6.6429400635e+02 6.6436901855e+02 6.6444500732e+02 6.6453002930e+02 6.6462200928e+02 6.6471502686e+02 6.6479901123e+02 6.6486499023e+02 6.6496600342e+02 6.6504602051e+02 6.6513098145e+02 6.6519396973e+02 6.6529302979e+02 6.6538897705e+02 6.6546099854e+02 6.6557299805e+02 6.6564202881e+02 6.6571899414e+02 6.6580603027e+02 6.6589697266e+02 6.6600097656e+02 6.6608697510e+02 6.6614898682e+02 6.6622900391e+02 6.6631201172e+02
6.6228997803e+02 6.6236999512e+02 6.6245697021e+02 6.6255297852e+02 6.6264202881e+02 6.6271197510e+02 6.6279699707e+02 6.6289501953e+02 6.6298602295e+02 6.6308001709e+02 6.6317797852e+02 6.6325402832e+02 6.6333599854e+02 6.6343298340e+02 6.6352600098e+02 6.6362500000e+02 6.6373400879e+02 6.6383001709e+02 6.6392602539e+02 6.6401599121e+02 6.6411401367e+02 6.6419299316e+02 6.6426300049e+02 6.6435498047e+02 6.6444598389e+02 6.6453198242e+02 6.6461499023e+02 6.6469897461e+02 6.6478997803e+02 6.6487402344e+02 6.6495001221e+02 6.6504699707e+02 6.6512500000e+02 6.6520599365e+02 6.6528802490e+02 6.6535998535e+02 6.6545501709e+02 6.6553997803e+02 6.6561901855e+02 6.6570098877e+02 6.6578601074e+02 6.6586297607e+02 6.6596099854e+02 6.6604302979e+02 6.6614398193e+02 6.6621899414e+02
6.6222198486e+02 6.6229498291e+02 6.6238500977e+02 6.6248699951e+02 6.6257202148e+02 6.6263800049e+02 6.6271600342e+02 6.6279901123e+02 6.6289697266e+02 6.6298400879e+02 6.6308398438e+02 6.6316900635e+02 6.6325402832e+02 6.6335601807e+02 6.6344396973e+02 6.6353601074e+02 6.6362799072e+02 6.6373101807e+02 6.6384399414e+02 6.6393499756e+02 6.6402502441e+02 6.6410699463e+02 6.6417498779e+02 6.6427301025e+02 6.6437500000e+02 6.6445397949e+02 6.6451800537e+02 6.6459899902e+02 6.6470300293e+02 6.6479998779e+02 6.6487701416e+02 6.6495697021e+02 6.6503900146e+02 6.6511901855e+02 6.6521002197e+02 6.6527899170e+02 6.6534100342e+02 6.6544000244e+02 6.6552801514e+02 6.6561102295e+02 6.6568798828e+02 6.6576098633e+02 6.6585198975e+02 6.6593902588e+02 6.6603802490e+02 6.6610498047e+02
6.6215197754e+02 6.6222399902e+02 6.6230700684e+02 6.6240100098e+02 6.6249499512e+02 6.6257098389e+02 6.6265399170e+02 6.6272497559e+02 6.6280798340e+02 6.6289202881e+02 6.6298297119e+02 6.6307000732e+02 6.6315301514e+02 6.6325000000e+02 6.6334802246e+02 6.6344598389e+02 6.6353302002e+02 6.6364202881e+02 6.6374597168e+02 6.6383398438e+02 6.6392999268e+02 6.6401501465e+02 6.6409497070e+02 6.6419897461e+02 6.6429998779e+02 6.6437500000e+02 6.6443499756e+02 6.6451599121e+02 6.6461700439e+02 6.6470697021e+02 6.6479101563e+02 6.6486499023e+02 6.6494299316e+02 6.6501098633e+02 6.6510797119e+02 6.6519396973e+02 6.6525500488e+02 6.6534100342e+02 6.6542401123e+02 6.6550897217e+02 6.6558099365e+02 6.6565899658e+02 6.6573797607e+02 6.6581896973e+02 6.6591400146e+02 6.6598101807e+02
6.6207202148e+02 6.6215698242e+02 6.6225201416e+02 6.6233398438e+02 6.6241900635e+02 6.6250201416e+02 6.6258398438e+02 6.6265997314e+02 6.6273797607e+02 6.6281701660e+02 6.6289801025e+02 6.6297998047e+02 6.6305999756e+02 6.6315002441e+02 6.6325299072e+02 6.6335198975e+02 6.6343902588e+02 6.6356298828e+02 6.6365100098e+02 6.6372302246e+02 6.6383502197e+02 6.6392498779e+02 6.6401898193e+02 6.6413098145e+02 6.6422399902e+02 6.6430798340e+02 6.6437298584e+02 6.6444598389e+02 6.6451702881e+02 6.6459497070e+02 6.6469000244e+02 6.6478399658e+02 6.6487200928e+02 6.6492999268e+02 6.6500299072e+02 6.6509497070e+02 6.6516497803e+02 6.6523901367e+02 6.6532598877e+02 6.6541900635e+02 6.6548199463e+02 6.6555798340e+02 6.6564898682e+02 6.6573999023e+02 6.6582202148e+02 6.6586999512e+02
6.6201202393e+02 6.6208502197e+02 6.6217297363e+02 6.6226397705e+02 6.6235498047e+02 6.6243798828e+02 6.6250000000e+02 6.6257501221e+02 6.6266699219e+02 6.6274200439e+02 6.6280902100e+02 6.6288299561e+02 6.6296502686e+02 6.6305102539e+02 6.6315100098e+02 6.6325000000e+02 6.6333898926e+02 6.6344201660e+02 6.6353900146e+02 6.6364599609e+02 6.6374200439e+02 6.6382501221e+02 6.6392102051e+02 6.6402899170e+02 6.6412902832e+02 6.6421997070e+02 6.6429302979e+02 6.6438500977e+02 6.6445397949e+02 6.6451800537e+02 6.6461199951e+02 6.6469201660e+02 6.6477001953e+02 6.6486199951e+02 6.6492999268e+02 6.6499700928e+02 6.6506701660e+02 6.6514801025e+02 6.6523297119e+02 6.6532000732e+02 6.6538598633e+02 6.6545898438e+02 6.6554400635e+02 6.6563000488e+02 6.6571801758e+02 6.6578497314e+02
6.6195202637e+02 6.6202600098e+02 6.6211199951e+02 6.6220501709e+02 6.6229998779e+02 6.6237097168e+02 6.6243402100e+02 6.6251397705e+02 6.6259698486e+02 6.6266400146e+02 6.6273199463e+02 6.6280902100e+02 6.6288598633e+02 6.6296697998e+02 6.6305700684e+02 6.6315002441e+02 6.6323901367e+02 6.6333398438e+02 6.6343103027e+02 6.6354101563e+02 6.6363201904e+02 6.6372998047e+02 6.6383300781e+02 6.6393701172e+02 6.6403198242e+02 6.6411999512e+02 6.6419702148e+02 6.6429797363e+02 6.6437200928e+02 6.6444097900e+02 6.6452197266e+02 6.6458697510e+02 6.6466802979e+02 6.6477001953e+02 6.6484002686e+02 6.6490502930e+02 6.6497698975e+02 6.6505297852e+02 6.6512701416e+02 6.6521398926e+02 6.6528601074e+02 6.6536199951e+02 6.6544396973e+02 6.6553302002e+02 6.6561700439e+02 6.6567498779e+02
6.6189801025e+02 6.6198199463e+02 6.6205798340e+02 6.6213800049e+02 6.6223297119e+02 6.6228497314e+02 6.6235400391e+02 6.6245001221e+02 6.6253302002e+02 6.6260198975e+02 6.6267401123e+02 6.6274499512e+02 6.6281201172e+02 6.6289898682e+02 6.6297998047e+02 6.6306500244e+02 6.6314501953e+02 6.6323699951e+02 6.6333801270e+02 6.6343200684e+02 6.6352301025e+02 6.6362799072e+02 6.6373101807e+02 6.6383099365e+02 6.6392999268e+02 6.6402502441e+02 6.6409899902e+02 6.6420001221e+02 6.6428497314e+02 6.6436401367e+02 6.6444396973e+02 6.6450500488e+02 6.6458398438e+02 6.6466802979e+02 6.6473797607e+02 6.6482000732e+02 6.6490301514e+02 6.6497497559e+02 6.6504602051e+02 6.6512597656e+02 6.6518499756e+02 6.6526501465e+02 6.6534497070e+02 6.6543902588e+02 6.6551800537e+02 6.6556597900e+02
6.6183001709e+02 6.6190997314e+02 6.6198797607e+02 6.6206298828e+02 6.6213098145e+02 6.6221600342e+02 6.6230401611e+02 6.6239501953e+02 6.6247198486e+02 6.6254302979e+02 6.6260699463e+02 6.6266802979e+02 6.6275000000e+02 6.6283001709e+02 6.6290100098e+02 6.6298498535e+02 6.6307397461e+02 6.6315997314e+02 6.6325097656e+02 6.6333697510e+02 6.6343798828e+02 6.6353802490e+02 6.6363702393e+02 6.6374102783e+02 6.6384497070e+02 6.6392700195e+02 6.6399102783e+02 6.6408898926e+02 6.6420098877e+02 6.6427001953e+02 6.6435302734e+02 6.6442797852e+02 6.6450799561e+02 6.6458300781e+02 6.6465301514e+02 6.6473297119e+02 6.6482501221e+02 6.6490502930e+02 6.6498400879e+02 6.6504998779e+02 6.6510400391e+02 6.6516998291e+02 6.6524597168e+02 6.6533599854e+02 6.6541601563e+02 6.6547802734e+02
6.6177001953e+02 6.6184002686e+02 6.6191699219e+02 6.6200201416e+02 6.6206500244e+02 6.6213800049e+02 6.6223199463e+02 6.6231701660e+02 6.6238702393e+02 6.6246801758e+02 6.6253997803e+02 6.6261199951e+02 6.6268701172e+02 6.6274902344e+02 6.6281701660e+02 6.6290399170e+02 6.6298297119e+02 6.6306298828e+02 6.6315899658e+02 6.6323602295e+02 6.6332299805e+02 6.6342999268e+02 6.6352697754e+02 6.6362799072e+02 6.6372601318e+02 6.6383502197e+02 6.6391400146e+02 6.6400799561e+02 6.6410900879e+02 6.6418402100e+02 6.6427600098e+02 6.6435302734e+02 6.6441900635e+02 6.6451202393e+02 6.6457299805e+02 6.6463397217e+02 6.6472198486e+02 6.6479699707e+02 6.6487500000e+02 6.6494897461e+02 6.6503302002e+02 6.6509899902e+02 6.6516400146e+02 6.6523602295e+02 6.6529797363e+02 6.6536199951e+02
6.6171197510e+02 6.6178900146e+02 6.6185601807e+02 6.6193499756e+02 6.6200598145e+02 6.6208599854e+02 6.6216400146e+02 6.6224200439e+02 6.6231402588e+02 6.6239898682e+02 6.6246398926e+02 6.6253497314e+02 6.6261199951e+02 6.6267498779e+02 6.6273901367e+02 6.6281298828e+02 6.6289398193e+02 6.6297802734e+02 6.6305798340e+02 6.6312597656e+02 6.6321301270e+02 6.6332202148e+02 6.6341302490e+02 6.6351599121e+02 6.6361999512e+02 6.6372998047e+02 6.6381701660e+02 6.6391198730e+02 6.6400402832e+02 6.6406701660e+02 6.6415002441e+02 6.6423199463e+02 6.6430999756e+02 6.6441400146e+02 6.6448999023e+02 6.6454797363e+02 6.6463702393e+02 6.6471398926e+02 6.6477301025e+02 6.6484197998e+02 6.6493499756e+02 6.6501098633e+02 6.6508300781e+02 6.6514801025e+02 6.6520599365e+02 6.6527502441e+02
6.6164099121e+02 6.6173901367e+02 6.6179901123e+02 6.6186901855e+02 6.6194897461e+02 6.6202697754e+02 6.6209802246e+02 6.6216900635e+02 6.6224597168e+02 6.6233099365e+02 6.6239801025e+02 6.6247100830e+02 6.6254400635e+02 6.6261602783e+02 6.6267901611e+02 6.6273797607e+02 6.6281701660e+02 6.6290197754e+02 6.6297302246e+02 6.6304699707e+02 6.6312799072e+02 6.6322302246e+02 6.6329998779e+02 6.6339599609e+02 6.6351300049e+02 6.6361901855e+02 6.6369702148e+02 6.6378997803e+02 6.6389001465e+02 6.6397198486e+02 6.6405200195e+02 6.6412597656e+02 6.6421899414e+02 6.6431500244e+02 6.6440100098e+02 6.6446697998e+02 6.6454797363e+02 6.6462500000e+02 6.6467999268e+02 6.6474902344e+02 6.6482598877e+02 6.6490802002e+02 6.6498602295e+02 6.6505499268e+02 6.6512097168e+02 6.6518499756e+02
6.6156298828e+02 6.6166497803e+02 6.6173602295e+02 6.6180499268e+02 6.6188500977e+02 6.6196997070e+02 6.6204101563e+02 6.6210601807e+02 6.6218103027e+02 6.6225500488e+02 6.6232800293e+02 6.6239898682e+02 6.6246099854e+02 6.6254602051e+02 6.6262701416e+02 6.6269097900e+02 6.6275598145e+02 6.6282202148e+02 6.6290002441e+02 6.6299200439e+02 6.6305999756e+02 6.6313702393e+02 6.6321301270e+02 6.6330102539e+02 6.6339898682e+02 6.6350500488e+02 6.6358697510e+02 6.6367498779e+02 6.6377697754e+02 6.6388299561e+02 6.6396398926e+02 6.6404199219e+02 6.6413598633e+02 6.6421197510e+02 6.6431097412e+02 6.6438800049e+02 6.6445300293e+02 6.6454101563e+02 6.6460302734e+02 6.6466400146e+02 6.6471997070e+02 6.6480297852e+02 6.6487597656e+02 6.6494799805e+02 6.6503497314e+02 6.6509399414e+02
6.6150299072e+02 6.6158898926e+02 6.6167199707e+02 6.6174200439e+02 6.6182397461e+02 6.6190802002e+02 6.6197601318e+02 6.6204400635e+02 6.6211401367e+02 6.6218701172e+02 6.6226098633e+02 6.6232800293e+02 6.6239202881e+02 6.6247900391e+02 6.6254797363e+02 6.6262097168e+02 6.6268200684e+02 6.6275402832e+02 6.6282897949e+02 6.6290802002e+02 6.6297601318e+02 6.6305999756e+02 6.6312902832e+02 6.6321398926e+02 6.6330499268e+02 6.6339801025e+02 6.6349401855e+02 6.6359399414e+02 6.6368402100e+02 6.6377001953e+02 6.6384497070e+02 6.6394500732e+02 6.6404498291e+02 6.6409698486e+02 6.6418402100e+02 6.6426898193e+02 6.6434698486e+02 6.6442901611e+02 6.6449298096e+02 6.6457702637e+02 6.6464398193e+02 6.6471997070e+02 6.6479400635e+02 6.6485797119e+02 6.6493597412e+02 6.6500000000e+02
6.6144702148e+02 6.6151599121e+02 6.6159100342e+02 6.6166497803e+02 6.6175299072e+02 6.6183599854e+02 6.6190997314e+02 6.6198797607e+02 6.6204998779e+02 6.6211401367e+02 6.6218701172e+02 6.6225201416e+02 6.6232299805e+02 6.6241101074e+02 6.6246600342e+02 6.6253302002e+02 6.6259997559e+02 6.6267700195e+02 6.6275799561e+02 6.6283300781e+02 6.6289300537e+02 6.6297698975e+02 6.6305401611e+02 6.6313598633e+02 6.6322302246e+02 6.6330700684e+02 6.6339001465e+02 6.6348498535e+02 6.6357299805e+02 6.6366699219e+02 6.6375097656e+02 6.6384301758e+02 6.6393499756e+02 6.6399700928e+02 6.6407000732e+02 6.6414898682e+02 6.6423602295e+02 6.6432299805e+02 6.6438897705e+02 6.6447802734e+02 6.6454400635e+02 6.6463598633e+02 6.6470397949e+02 6.6476397705e+02 6.6484301758e+02 6.6490301514e+02
6.6137701416e+02 6.6144500732e+02 6.6151898193e+02 6.6159301758e+02 6.6168298340e+02 6.6175897217e+02 6.6183801270e+02 6.6192401123e+02 6.6198101807e+02 6.6204797363e+02 6.6212402344e+02 6.6219000244e+02 6.6225701904e+02 6.6234002686e+02 6.6239599609e+02 6.6246502686e+02 6.6253997803e+02 6.6260699463e+02 6.6268701172e+02 6.6275799561e+02 6.6281701660e+02 6.6289099121e+02 6.6297302246e+02 6.6306097412e+02 6.6314801025e+02 6.6321600342e+02 6.6328399658e+02 6.6337500000e+02 6.6347497559e+02 6.6356500244e+02 6.6364099121e+02 6.6371600342e+02 6.6380700684e+02 6.6390197754e+02 6.6397601318e+02 6.6405297852e+02 6.6413702393e+02 6.6422998047e+02 6.6429302979e+02 6.6437402344e+02 6.6444000244e+02 6.6453002930e+02 6.6459899902e+02 6.6466601563e+02 6.6475402832e+02 6.6481799316e+02
