TESTSERVER/14/4.asc
NCOLS 100
NROWS 100
XLLCORNER 8.1997500000e+03
YLLCORNER 2.8975025000e+05
CELLSIZE 5.0000000000e-01
NODATA_VALUE -9.9990000000e+03
[rows 20 to 39 of 100, columns 0 to 45 of 100]
6.6429602051e+02 6.6442199707e+02 6.6453997803e+02 6.6465301514e+02 6.6475799561e+02 6.6486798096e+02 6.6498498535e+02 6.6510101318e+02 6.6521197510e+02 6.6533197021e+02 6.6543701172e+02 6.6554699707e+02 6.6565997314e+02 6.6577197266e+02 6.6588702393e+02 6.6599798584e+02 6.6611199951e+02 6.6621801758e+02 6.6633697510e+02 6.6644097900e+02 6.6655200195e+02 6.6665197754e+02 6.6676397705e+02 6.6688800049e+02 6.6698901367e+02 6.6709698486e+02 6.6717999268e+02 6.6726800537e+02 6.6738201904e+02 6.6749200439e+02 6.6759002686e+02 6.6769799805e+02 6.6781298828e+02 6.6790002441e+02 6.6799298096e+02 6.6808398438e+02 6.6817999268e+02 6.6824499512e+02 6.6833599854e+02 6.6843798828e+02 6.6851898193e+02 6.6859600830e+02 6.6868200684e+02 6.6875201416e+02 6.6880902100e+02 6.6888000488e+02
6.6421398926e+02 6.6434802246e+02 6.6446002197e+02 6.6455297852e+02 6.6466497803e+02 6.6478997803e+02 6.6489898682e+02 6.6502301025e+02 6.6514001465e+02 6.6524200439e+02 6.6534698486e+02 6.6547399902e+02 6.6557598877e+02 6.6566699219e+02 6.6577801514e+02 6.6590002441e+02 6.6601397705e+02 6.6609997559e+02 6.6621502686e+02 6.6633001709e+02 6.6644799805e+02 6.6655297852e+02 6.6666198730e+02 6.6677600098e+02 6.6686602783e+02 6.6698297119e+02 6.6707397461e+02 6.6716400146e+02 6.6727301025e+02 6.6738397217e+02 6.6749200439e+02 6.6759197998e+02 6.6769299316e+02 6.6778399658e+02 6.6787902832e+02 6.6796197510e+02 6.6805700684e+02 6.6812799072e+02 6.6822601318e+02 6.6832397461e+02 6.6839898682e+02 6.6848602295e+02 6.6856799316e+02 6.6862500000e+02 6.6870001221e+02 6.6877099609e+02
6.6413500977e+02 6.6426098633e+02 6.6436999512e+02 6.6446697998e+02 6.6457098389e+02 6.6469201660e+02 6.6480102539e+02 6.6493701172e+02 6.6505200195e+02 6.6515997314e+02 6.6527001953e+02 6.6538800049e+02 6.6548999023e+02 6.6558898926e+02 6.6569299316e+02 6.6579797363e+02 6.6590502930e+02 6.6599597168e+02 6.6611499023e+02 6.6623400879e+02 6.6634802246e+02 6.6644000244e+02 6.6653900146e+02 6.6664099121e+02 6.6674102783e+02 6.6684802246e+02 6.6695397949e+02 6.6705999756e+02 6.6716497803e+02 6.6727697754e+02 6.6738397217e+02 6.6747998047e+02 6.6756896973e+02 6.6767199707e+02 6.6776898193e+02 6.6783697510e+02 6.6792901611e+02 6.6802099609e+02 6.6811798096e+02 6.6822399902e+02 6.6829498291e+02 6.6837701416e+02 6.6846997070e+02 6.6852001953e+02 6.6859698486e+02 6.6869097900e+02
6.6404498291e+02 6.6415502930e+02 6.6427001953e+02 6.6439001465e+02 6.6448699951e+02 6.6459100342e+02 6.6470697021e+02 6.6484600830e+02 6.6494799805e+02 6.6505700684e+02 6.6517102051e+02 6.6528601074e+02 6.6540502930e+02 6.6551098633e+02 6.6560601807e+02 6.6569897461e+02 6.6579498291e+02 6.6590002441e+02 6.6602001953e+02 6.6613098145e+02 6.6622802734e+02 6.6631799316e+02 6.6642700195e+02 6.6653900146e+02 6.6663598633e+02 6.6674298096e+02 6.6685699463e+02 6.6696002197e+02 6.6704998779e+02 6.6716400146e+02 6.6725897217e+02 6.6736297607e+02 6.6745599365e+02 6.6755499268e+02 6.6766101074e+02 6.6772802734e+02 6.6781298828e+02 6.6790301514e+02 6.6800000000e+02 6.6810900879e+02 6.6818597412e+02 6.6826501465e+02 6.6835998535e+02 6.6841699219e+02 6.6850000000e+02 6.6859802246e+02
6.6394299316e+02 6.6405102539e+02 6.6417797852e+02 6.6430603027e+02 6.6441101074e+02 6.6450201416e+02 6.6462500000e+02 6.6476202393e+02 6.6486999512e+02 6.6496099854e+02 6.6507897949e+02 6.6520202637e+02 6.6531298828e+02 6.6541601563e+02 6.6551397705e+02 6.6561297607e+02 6.6570599365e+02 6.6581201172e+02 6.6591900635e+02 6.6602001953e+02 6.6612402344e+02 6.6622497559e+02 6.6633099365e+02 6.6643200684e+02 6.6651501465e+02 6.6664599609e+02 6.6675299072e+02 6.6684301758e+02 6.6695898438e+02 6.6705700684e+02 6.6714398193e+02 6.6726098633e+02 6.6737402344e+02 6.6744097900e+02 6.6754998779e+02 6.6762902832e+02 6.6771398926e+02 6.6779699707e+02 6.6789599609e+02 6.6799298096e+02 6.6806597900e+02 6.6816101074e+02 6.6824902344e+02 6.6831799316e+02 6.6840802002e+02 6.6846697998e+02
6.6385601807e+02 6.6396899414e+02 6.6408599854e+02 6.6420397949e+02 6.6432000732e+02 6.6442498779e+02 6.6452801514e+02 6.6465600586e+02 6.6477899170e+02 6.6489300537e+02 6.6499700928e+02 6.6511901855e+02 6.6522998047e+02 6.6534301758e+02 6.6542602539e+02 6.6551501465e+02 6.6562402344e+02 6.6570697021e+02 6.6579699707e+02 6.6590197754e+02 6.6603002930e+02 6.6612701416e+02 6.6621801758e+02 6.6632000732e+02 6.6641699219e+02 6.6653302002e+02 6.6663800049e+02 6.6673602295e+02 6.6685498047e+02 6.6695397949e+02 6.6703302002e+02 6.6713299561e+02 6.6723498535e+02 6.6732397461e+02 6.6742901611e+02 6.6751397705e+02 6.6761297607e+02 6.6768597412e+02 6.6776397705e+02 6.6785900879e+02 6.6794201660e+02 6.6803100586e+02 6.6812200928e+02 6.6820898438e+02 6.6829602051e+02 6.6835699463e+02
6.6378399658e+02 6.6389300537e+02 6.6399902344e+02 6.6410498047e+02 6.6421801758e+02 6.6433398438e+02 6.6444598389e+02 6.6457501221e+02 6.6468298340e+02 6.6479400635e+02 6.6489898682e+02 6.6502899170e+02 6.6513897705e+02 6.6525500488e+02 6.6534899902e+02 6.6543798828e+02 6.6555297852e+02 6.6563500977e+02 6.6571697998e+02 6.6580999756e+02 6.6592797852e+02 6.6602899170e+02 6.6612402344e+02 6.6622399902e+02 6.6632800293e+02 6.6642498779e+02 6.6652899170e+02 6.6663702393e+02 6.6674597168e+02 6.6684600830e+02 6.6692199707e+02 6.6700701904e+02 6.6710302734e+02 6.6721002197e+02 6.6730700684e+02 6.6739099121e+02 6.6749499512e+02 6.6757397461e+02 6.6766497803e+02 6.6776501465e+02 6.6782800293e+02 6.6790197754e+02 6.6799597168e+02 6.6809301758e+02 6.6817901611e+02 6.6824700928e+02
6.6372802734e+02 6.6382598877e+02 6.6392401123e+02 6.6401800537e+02 6.6413500977e+02 6.6425201416e+02 6.6436297607e+02 6.6449401855e+02 6.6459399414e+02 6.6469396973e+02 6.6480700684e+02 6.6493597412e+02 6.6504101563e+02 6.6515502930e+02 6.6525799561e+02 6.6534197998e+02 6.6545599365e+02 6.6555297852e+02 6.6564001465e+02 6.6572900391e+02 6.6583300781e+02 6.6592999268e+02 6.6602600098e+02 6.6612500000e+02 6.6623400879e+02 6.6633197021e+02 6.6642401123e+02 6.6652398682e+02 6.6662799072e+02 6.6673797607e+02 6.6682299805e+02 6.6691400146e+02 6.6700097656e+02 6.6710498047e+02 6.6719598389e+02 6.6727801514e+02 6.6737799072e+02 6.6745300293e+02 6.6755102539e+02 6.6765899658e+02 6.6772399902e+02 6.6780499268e+02 6.6788598633e+02 6.6796801758e+02 6.6806799316e+02 6.6814300537e+02
6.6362402344e+02 6.6374499512e+02 6.6385101318e+02 6.6394201660e+02 6.6406201172e+02 6.6415502930e+02 6.6424902344e+02 6.6439099121e+02 6.6450598145e+02 6.6461798096e+02 6.6472198486e+02 6.6484100342e+02 6.6494799805e+02 6.6506597900e+02 6.6515997314e+02 6.6524499512e+02 6.6536901855e+02 6.6545001221e+02 6.6554199219e+02 6.6563702393e+02 6.6574298096e+02 6.6583898926e+02 6.6593499756e+02 6.6603497314e+02 6.6614398193e+02 6.6624700928e+02 6.6633599854e+02 6.6641802979e+02 6.6650897217e+02 6.6661602783e+02 6.6671301270e+02 6.6681298828e+02 6.6691101074e+02 6.6698999023e+02 6.6709301758e+02 6.6717602539e+02 6.6725799561e+02 6.6733398438e+02 6.6743798828e+02 6.6754199219e+02 6.6761999512e+02 6.6770300293e+02 6.6777600098e+02 6.6785101318e+02 6.6795898438e+02 6.6802197266e+02
6.6354797363e+02 6.6365399170e+02 6.6376300049e+02 6.6386700439e+02 6.6398699951e+02 6.6408001709e+02 6.6416302490e+02 6.6428900146e+02 6.6440899658e+02 6.6453497314e+02 6.6463897705e+02 6.6475799561e+02 6.6485302734e+02 6.6496801758e+02 6.6507897949e+02 6.6516497803e+02 6.6527301025e+02 6.6535998535e+02 6.6545397949e+02 6.6555499268e+02 6.6565698242e+02 6.6575097656e+02 6.6583801270e+02 6.6593298340e+02 6.6602001953e+02 6.6611999512e+02 6.6622698975e+02 6.6631500244e+02 6.6640698242e+02 6.6651300049e+02 6.6660699463e+02 6.6671600342e+02 6.6681298828e+02 6.6687701416e+02 6.6697900391e+02 6.6705798340e+02 6.6715399170e+02 6.6723602295e+02 6.6732598877e+02 6.6741900635e+02 6.6749700928e+02 6.6759497070e+02 6.6767901611e+02 6.6775201416e+02 6.6783398438e+02 6.6791497803e+02
6.6348498535e+02 6.6358001709e+02 6.6367901611e+02 6.6377600098e+02 6.6388897705e+02 6.6398699951e+02 6.6407598877e+02 6.6419799805e+02 6.6431597900e+02 6.6443103027e+02 6.6454101563e+02 6.6467498779e+02 6.6476800537e+02 6.6488299561e+02 6.6497302246e+02 6.6505999756e+02 6.6516400146e+02 6.6526702881e+02 6.6536297607e+02 6.6545800781e+02 6.6555999756e+02 6.6565698242e+02 6.6574700928e+02 6.6584100342e+02 6.6592401123e+02 6.6602502441e+02 6.6611999512e+02 6.6620300293e+02 6.6630200195e+02 6.6640502930e+02 6.6649499512e+02 6.6660302734e+02 6.6669702148e+02 6.6676397705e+02 6.6686602783e+02 6.6695098877e+02 6.6705603027e+02 6.6714501953e+02 6.6722399902e+02 6.6730902100e+02 6.6739398193e+02 6.6748797607e+02 6.6756701660e+02 6.6764501953e+02 6.6772302246e+02 6.6781201172e+02
6.6340997314e+02 6.6350299072e+02 6.6359997559e+02 6.6368902588e+02 6.6379101563e+02 6.6387902832e+02 6.6397998047e+02 6.6411700439e+02 6.6422900391e+02 6.6433801270e+02 6.6444598389e+02 6.6457098389e+02 6.6467102051e+02 6.6478601074e+02 6.6487402344e+02 6.6496801758e+02 6.6506500244e+02 6.6517297363e+02 6.6526000977e+02 6.6534698486e+02 6.6544799805e+02 6.6554901123e+02 6.6564801025e+02 6.6575000000e+02 6.6584002686e+02 6.6593798828e+02 6.6602398682e+02 6.6610498047e+02 6.6619201660e+02 6.6629199219e+02 6.6637799072e+02 6.6647198486e+02 6.6656799316e+02 6.6663702393e+02 6.6674798584e+02 6.6684399414e+02 6.6694097900e+02 6.6703997803e+02 6.6712597656e+02 6.6721197510e+02 6.6729302979e+02 6.6736102295e+02 6.6744201660e+02 6.6752697754e+02 6.6760998535e+02 6.6769598389e+02
6.6332800293e+02 6.6341900635e+02 6.6351702881e+02 6.6360601807e+02 6.6369799805e+02 6.6378002930e+02 6.6388000488e+02 6.6401098633e+02 6.6411999512e+02 6.6425000000e+02 6.6436102295e+02 6.6446899414e+02 6.6457202148e+02 6.6467498779e+02 6.6478198242e+02 6.6488500977e+02 6.6497302246e+02 6.6507598877e+02 6.6516998291e+02 6.6525299072e+02 6.6535400391e+02 6.6546197510e+02 6.6555200195e+02 6.6564099121e+02 6.6573602295e+02 6.6582598877e+02 6.6591400146e+02 6.6599597168e+02 6.6608898926e+02 6.6618298340e+02 6.6626098633e+02 6.6634997559e+02 6.6645501709e+02 6.6654699707e+02 6.6664501953e+02 6.6672302246e+02 6.6681799316e+02 6.6691699219e+02 6.6700000000e+02 6.6709600830e+02 6.6720001221e+02 6.6725799561e+02 6.6734301758e+02 6.6742297363e+02 6.6751098633e+02 6.6759002686e+02
6.6324499512e+02 6.6334301758e+02 6.6343798828e+02 6.6352099609e+02 6.6361798096e+02 6.6371099854e+02 6.6380200195e+02 6.6390100098e+02 6.6401098633e+02 6.6414697266e+02 6.6426202393e+02 6.6436999512e+02 6.6446899414e+02 6.6457702637e+02 6.6468298340e+02 6.6479699707e+02 6.6488702393e+02 6.6498999023e+02 6.6508099365e+02 6.6515997314e+02 6.6527197266e+02 6.6536297607e+02 6.6543701172e+02 6.6552099609e+02 6.6562402344e+02 6.6570800781e+02 6.6580798340e+02 6.6589501953e+02 6.6598199463e+02 6.6609002686e+02 6.6616802979e+02 6.6624798584e+02 6.6635101318e+02 6.6643499756e+02 6.6653302002e+02 6.6662200928e+02 6.6671899414e+02 6.6679797363e+02 6.6686999512e+02 6.6696600342e+02 6.6706500244e+02 6.6713598633e+02 6.6723699951e+02 6.6732000732e+02 6.6741601563e+02 6.6748602295e+02
6.6317102051e+02 6.6325500488e+02 6.6335302734e+02 6.6343597412e+02 6.6353698730e+02 6.6364801025e+02 6.6373797607e+02 6.6382702637e+02 6.6392199707e+02 6.6404498291e+02 6.6416302490e+02 6.6427301025e+02 6.6437097168e+02 6.6448602295e+02 6.6459002686e+02 6.6469702148e+02 6.6478601074e+02 6.6490002441e+02 6.6497802734e+02 6.6505700684e+02 6.6517102051e+02 6.6524798584e+02 6.6533300781e+02 6.6542401123e+02 6.6551098633e+02 6.6560498047e+02 6.6571002197e+02 6.6579901123e+02 6.6587799072e+02 6.6598101807e+02 6.6605999756e+02 6.6614001465e+02 6.6622998047e+02 6.6630798340e+02 6.6640802002e+02 6.6649700928e+02 6.6659802246e+02 6.6668402100e+02 6.6676098633e+02 6.6686199951e+02 6.6694500732e+02 6.6703100586e+02 6.6712298584e+02 6.6720202637e+02 6.6729998779e+02 6.6737500000e+02
6.6308197021e+02 6.6316497803e+02 6.6326898193e+02 6.6336102295e+02 6.6346801758e+02 6.6357800293e+02 6.6367602539e+02 6.6376599121e+02 6.6385101318e+02 6.6395898438e+02 6.6405499268e+02 6.6415301514e+02 6.6425097656e+02 6.6436700439e+02 6.6447802734e+02 6.6458898926e+02 6.6468798828e+02 6.6479699707e+02 6.6487298584e+02 6.6496002197e+02 6.6507397461e+02 6.6515301514e+02 6.6523498535e+02 6.6532202148e+02 6.6540100098e+02 6.6551501465e+02 6.6560900879e+02 6.6569500732e+02 6.6577600098e+02 6.6587097168e+02 6.6594799805e+02 6.6604998779e+02 6.6614099121e+02 6.6621002197e+02 6.6630401611e+02 6.6638897705e+02 6.6648400879e+02 6.6656896973e+02 6.6665301514e+02 6.6677197266e+02 6.6684399414e+02 6.6693200684e+02 6.6701599121e+02 6.6708001709e+02 6.6717700195e+02 6.6726202393e+02
6.6298297119e+02 6.6308697510e+02 6.6318200684e+02 6.6327099609e+02 6.6339300537e+02 6.6349401855e+02 6.6360198975e+02 6.6368701172e+02 6.6375897217e+02 6.6386901855e+02 6.6396197510e+02 6.6405297852e+02 6.6415002441e+02 6.6424597168e+02 6.6435998535e+02 6.6447698975e+02 6.6459399414e+02 6.6468298340e+02 6.6477197266e+02 6.6485699463e+02 6.6495300293e+02 6.6506097412e+02 6.6515002441e+02 6.6523797607e+02 6.6531799316e+02 6.6540502930e+02 6.6548901367e+02 6.6557800293e+02 6.6566900635e+02 6.6576800537e+02 6.6585400391e+02 6.6594897461e+02 6.6603497314e+02 6.6610699463e+02 6.6619500732e+02 6.6628198242e+02 6.6635998535e+02 6.6646600342e+02 6.6654998779e+02 6.6664697266e+02 6.6671301270e+02 6.6681298828e+02 6.6690502930e+02 6.6698797607e+02 6.6706097412e+02 6.6713702393e+02
6.6291900635e+02 6.6301300049e+02 6.6310601807e+02 6.6319201660e+02 6.6330798340e+02 6.6339599609e+02 6.6349700928e+02 6.6360101318e+02 6.6368902588e+02 6.6379602051e+02 6.6389501953e+02 6.6398498535e+02 6.6407299805e+02 6.6415502930e+02 6.6425097656e+02 6.6435699463e+02 6.6447802734e+02 6.6456201172e+02 6.6465600586e+02 6.6475201416e+02 6.6484899902e+02 6.6494097900e+02 6.6502899170e+02 6.6511901855e+02 6.6521197510e+02 6.6530297852e+02 6.6538098145e+02 6.6546600342e+02 6.6556701660e+02 6.6564898682e+02 6.6574200439e+02 6.6583697510e+02 6.6592297363e+02 6.6600500488e+02 6.6608801270e+02 6.6617602539e+02 6.6627001953e+02 6.6634802246e+02 6.6644097900e+02 6.6654199219e+02 6.6662097168e+02 6.6671398926e+02 6.6679199219e+02 6.6686401367e+02 6.6694799805e+02 6.6703601074e+02
6.6285302734e+02 6.6294299316e+02 6.6303601074e+02 6.6311602783e+02 6.6322698975e+02 6.6330700684e+02 6.6339599609e+02 6.6351202393e+02 6.6361999512e+02 6.6371801758e+02 6.6380902100e+02 6.6389801025e+02 6.6397900391e+02 6.6407897949e+02 6.6416497803e+02 6.6426000977e+02 6.6437902832e+02 6.6447302246e+02 6.6455798340e+02 6.6465600586e+02 6.6475500488e+02 6.6485699463e+02 6.6494097900e+02 6.6502502441e+02 6.6511999512e+02 6.6521002197e+02 6.6528802490e+02 6.6538098145e+02 6.6547998047e+02 6.6553302002e+02 6.6562298584e+02 6.6573400879e+02 6.6581896973e+02 6.6590997314e+02 6.6600201416e+02 6.6608502197e+02 6.6617199707e+02 6.6625402832e+02 6.6634100342e+02 6.6642901611e+02 6.6650402832e+02 6.6660797119e+02 6.6669598389e+02 6.6676599121e+02 6.6684899902e+02 6.6693298340e+02
6.6276300049e+02 6.6285198975e+02 6.6295599365e+02 6.6303601074e+02 6.6313299561e+02 6.6321197510e+02 6.6330499268e+02 6.6341497803e+02 6.6351599121e+02 6.6360498047e+02 6.6369702148e+02 6.6380102539e+02 6.6389801025e+02 6.6400500488e+02 6.6408599854e+02 6.6417999268e+02 6.6428497314e+02 6.6438098145e+02 6.6445300293e+02 6.6454797363e+02 6.6464801025e+02 6.6475402832e+02 6.6483300781e+02 6.6492401123e+02 6.6502099609e+02 6.6509600830e+02 6.6517901611e+02 6.6528002930e+02 6.6536401367e+02 6.6544702148e+02 6.6553497314e+02 6.6563201904e+02 6.6570501709e+02 6.6580200195e+02 6.6590600586e+02 6.6598999023e+02 6.6606701660e+02 6.6615698242e+02 6.6623199463e+02 6.6631298828e+02 6.6638201904e+02 6.6648400879e+02 6.6657598877e+02 6.6666497803e+02 6.6675201416e+02 6.6682598877e+02
