TESTSERVER/14/4.asc
NCOLS 100
NROWS 100
XLLCORNER 8.1997500000e+03
YLLCORNER 2.8975025000e+05
CELLSIZE 5.0000000000e-01
NODATA_VALUE -9.9990000000e+03
[rows 60 to 79 of 100, columns 0 to 45 of 100]
6.6129699707e+02 6.6138800049e+02 6.6146697998e+02 6.6153900146e+02 6.6162200928e+02 6.6168298340e+02 6.6176098633e+02 6.6184399414e+02 6.6189898682e+02 6.6198699951e+02 6.6205700684e+02 6.6211999512e+02 6.6217901611e+02 6.6225598145e+02 6.6232397461e+02 6.6239001465e+02 6.6244299316e+02 6.6252301025e+02 6.6260101318e+02 6.6267700195e+02 6.6273400879e+02 6.6280999756e+02 6.6287402344e+02 6.6295800781e+02 6.6307702637e+02 6.6315197754e+02 6.6322198486e+02 6.6329699707e+02 6.6338000488e+02 6.6346997070e+02 6.6354699707e+02 6.6362298584e+02 6.6371099854e+02 6.6380499268e+02 6.6387701416e+02 6.6396697998e+02 6.6403698730e+02 6.6413098145e+02 6.6419500732e+02 6.6428198242e+02 6.6436602783e+02 6.6442999268e+02 6.6450299072e+02 6.6459399414e+02 6.6466198730e+02 6.6473101807e+02
6.6122802734e+02 6.6132000732e+02 6.6139300537e+02 6.6147100830e+02 6.6156201172e+02 6.6162097168e+02 6.6169396973e+02 6.6177801514e+02 6.6184301758e+02 6.6193298340e+02 6.6199798584e+02 6.6206298828e+02 6.6212701416e+02 6.6219598389e+02 6.6226702881e+02 6.6232800293e+02 6.6238800049e+02 6.6244500732e+02 6.6251098633e+02 6.6260302734e+02 6.6267102051e+02 6.6274499512e+02 6.6281701660e+02 6.6289398193e+02 6.6297698975e+02 6.6306097412e+02 6.6315698242e+02 6.6322601318e+02 6.6330603027e+02 6.6337902832e+02 6.6344598389e+02 6.6352899170e+02 6.6361602783e+02 6.6371301270e+02 6.6378601074e+02 6.6386798096e+02 6.6394598389e+02 6.6403002930e+02 6.6409997559e+02 6.6418902588e+02 6.6425897217e+02 6.6433001709e+02 6.6440301514e+02 6.6448199463e+02 6.6456402588e+02 6.6463702393e+02
6.6114099121e+02 6.6124298096e+02 6.6131597900e+02 6.6140399170e+02 6.6150097656e+02 6.6156097412e+02 6.6163000488e+02 6.6171600342e+02 6.6178497314e+02 6.6185797119e+02 6.6193200684e+02 6.6200701904e+02 6.6208099365e+02 6.6214202881e+02 6.6220098877e+02 6.6225598145e+02 6.6233599854e+02 6.6238598633e+02 6.6244702148e+02 6.6253302002e+02 6.6261199951e+02 6.6268103027e+02 6.6275598145e+02 6.6283300781e+02 6.6290899658e+02 6.6298901367e+02 6.6307299805e+02 6.6314001465e+02 6.6324200439e+02 6.6330798340e+02 6.6336297607e+02 6.6343200684e+02 6.6351098633e+02 6.6360998535e+02 6.6369299316e+02 6.6377502441e+02 6.6385498047e+02 6.6393402100e+02 6.6400799561e+02 6.6409899902e+02 6.6416400146e+02 6.6423602295e+02 6.6430700684e+02 6.6438702393e+02 6.6447100830e+02 6.6452398682e+02
6.6107897949e+02 6.6116900635e+02 6.6124102783e+02 6.6133001709e+02 6.6142602539e+02 6.6149200439e+02 6.6155902100e+02 6.6165002441e+02 6.6173101807e+02 6.6179400635e+02 6.6187200928e+02 6.6194396973e+02 6.6202001953e+02 6.6209002686e+02 6.6214501953e+02 6.6219097900e+02 6.6226397705e+02 6.6232202148e+02 6.6238598633e+02 6.6246697998e+02 6.6255401611e+02 6.6262799072e+02 6.6270300293e+02 6.6278302002e+02 6.6285601807e+02 6.6292297363e+02 6.6298498535e+02 6.6305102539e+02 6.6315997314e+02 6.6323498535e+02 6.6329498291e+02 6.6336102295e+02 6.6343499756e+02 6.6352600098e+02 6.6360998535e+02 6.6368499756e+02 6.6376000977e+02 6.6384698486e+02 6.6391900635e+02 6.6399401855e+02 6.6406799316e+02 6.6415802002e+02 6.6421398926e+02 6.6429400635e+02 6.6437701416e+02 6.6442700195e+02
6.6101898193e+02 6.6110900879e+02 6.6117700195e+02 6.6125402832e+02 6.6134002686e+02 6.6141601563e+02 6.6149102783e+02 6.6158801270e+02 6.6167401123e+02 6.6172998047e+02 6.6181298828e+02 6.6188397217e+02 6.6194097900e+02 6.6202398682e+02 6.6208502197e+02 6.6212701416e+02 6.6218499756e+02 6.6227001953e+02 6.6232897949e+02 6.6239001465e+02 6.6246502686e+02 6.6254797363e+02 6.6263397217e+02 6.6271801758e+02 6.6278497314e+02 6.6284100342e+02 6.6290899658e+02 6.6298297119e+02 6.6306896973e+02 6.6315399170e+02 6.6321801758e+02 6.6328399658e+02 6.6337701416e+02 6.6345098877e+02 6.6352099609e+02 6.6359497070e+02 6.6369299316e+02 6.6376599121e+02 6.6383197021e+02 6.6390301514e+02 6.6397497559e+02 6.6405902100e+02 6.6411999512e+02 6.6418701172e+02 6.6427099609e+02 6.6433001709e+02
6.6095501709e+02 6.6104101563e+02 6.6110601807e+02 6.6117401123e+02 6.6125402832e+02 6.6133697510e+02 6.6142999268e+02 6.6152899170e+02 6.6161401367e+02 6.6167199707e+02 6.6175000000e+02 6.6183197021e+02 6.6188897705e+02 6.6197198486e+02 6.6203601074e+02 6.6208697510e+02 6.6215100098e+02 6.6221197510e+02 6.6227197266e+02 6.6233197021e+02 6.6240301514e+02 6.6248199463e+02 6.6254998779e+02 6.6262402344e+02 6.6271002197e+02 6.6277697754e+02 6.6284600830e+02 6.6293200684e+02 6.6300402832e+02 6.6307000732e+02 6.6314300537e+02 6.6320697021e+02 6.6329602051e+02 6.6337097168e+02 6.6343798828e+02 6.6351000977e+02 6.6359100342e+02 6.6367999268e+02 6.6374499512e+02 6.6381402588e+02 6.6388500977e+02 6.6395697021e+02 6.6403399658e+02 6.6411602783e+02 6.6417602539e+02 6.6423999023e+02
6.6089398193e+02 6.6097399902e+02 6.6104400635e+02 6.6111700439e+02 6.6119201660e+02 6.6127801514e+02 6.6137200928e+02 6.6146099854e+02 6.6154602051e+02 6.6161901855e+02 6.6169000244e+02 6.6176898193e+02 6.6183197021e+02 6.6190997314e+02 6.6197497559e+02 6.6203100586e+02 6.6209698486e+02 6.6215301514e+02 6.6221600342e+02 6.6227801514e+02 6.6234100342e+02 6.6241802979e+02 6.6248498535e+02 6.6255102539e+02 6.6263098145e+02 6.6270001221e+02 6.6276898193e+02 6.6284600830e+02 6.6292999268e+02 6.6299298096e+02 6.6306298828e+02 6.6313000488e+02 6.6321502686e+02 6.6329101563e+02 6.6337200928e+02 6.6344201660e+02 6.6351000977e+02 6.6359002686e+02 6.6365899658e+02 6.6373101807e+02 6.6380102539e+02 6.6387200928e+02 6.6393499756e+02 6.6401397705e+02 6.6407501221e+02 6.6415899658e+02
6.6084197998e+02 6.6091400146e+02 6.6098297119e+02 6.6106097412e+02 6.6114300537e+02 6.6121697998e+02 6.6129797363e+02 6.6137701416e+02 6.6146099854e+02 6.6154699707e+02 6.6163000488e+02 6.6171301270e+02 6.6177001953e+02 6.6183300781e+02 6.6189300537e+02 6.6196099854e+02 6.6202600098e+02 6.6208898926e+02 6.6215399170e+02 6.6221197510e+02 6.6228900146e+02 6.6236199951e+02 6.6242901611e+02 6.6248901367e+02 6.6255499268e+02 6.6262097168e+02 6.6268902588e+02 6.6276098633e+02 6.6285198975e+02 6.6291699219e+02 6.6299102783e+02 6.6306500244e+02 6.6313500977e+02 6.6319897461e+02 6.6327899170e+02 6.6335400391e+02 6.6343798828e+02 6.6350897217e+02 6.6357800293e+02 6.6365002441e+02 6.6372100830e+02 6.6379302979e+02 6.6384899902e+02 6.6392797852e+02 6.6399597168e+02 6.6407098389e+02
6.6077001953e+02 6.6086401367e+02 6.6093701172e+02 6.6100701904e+02 6.6109997559e+02 6.6117102051e+02 6.6124499512e+02 6.6132000732e+02 6.6138598633e+02 6.6146301270e+02 6.6154199219e+02 6.6163500977e+02 6.6171099854e+02 6.6176000977e+02 6.6181799316e+02 6.6189599609e+02 6.6195300293e+02 6.6201397705e+02 6.6207897949e+02 6.6214398193e+02 6.6221899414e+02 6.6229498291e+02 6.6236700439e+02 6.6243200684e+02 6.6248999023e+02 6.6254602051e+02 6.6262097168e+02 6.6270300293e+02 6.6278997803e+02 6.6285601807e+02 6.6292498779e+02 6.6299401855e+02 6.6305902100e+02 6.6314099121e+02 6.6321398926e+02 6.6327899170e+02 6.6335198975e+02 6.6343798828e+02 6.6351800537e+02 6.6357598877e+02 6.6363397217e+02 6.6371801758e+02 6.6378399658e+02 6.6385699463e+02 6.6391601563e+02 6.6398699951e+02
6.6067102051e+02 6.6077697754e+02 6.6087298584e+02 6.6095202637e+02 6.6104699707e+02 6.6111901855e+02 6.6119396973e+02 6.6126300049e+02 6.6132897949e+02 6.6139398193e+02 6.6146801758e+02 6.6155102539e+02 6.6162200928e+02 6.6169500732e+02 6.6175402832e+02 6.6182098389e+02 6.6188098145e+02 6.6194097900e+02 6.6200299072e+02 6.6207202148e+02 6.6215100098e+02 6.6221502686e+02 6.6229101563e+02 6.6236401367e+02 6.6243402100e+02 6.6249102783e+02 6.6257000732e+02 6.6263598633e+02 6.6271502686e+02 6.6278302002e+02 6.6284997559e+02 6.6293103027e+02 6.6299798584e+02 6.6307702637e+02 6.6314300537e+02 6.6320697021e+02 6.6327001953e+02 6.6335900879e+02 6.6343499756e+02 6.6350000000e+02 6.6356597900e+02 6.6363800049e+02 6.6370202637e+02 6.6378198242e+02 6.6385400391e+02 6.6391601563e+02
6.6058697510e+02 6.6069000244e+02 6.6079602051e+02 6.6089599609e+02 6.6099102783e+02 6.6105297852e+02 6.6112799072e+02 6.6120397949e+02 6.6127600098e+02 6.6133801270e+02 6.6141101074e+02 6.6148101807e+02 6.6154498291e+02 6.6163098145e+02 6.6169201660e+02 6.6175000000e+02 6.6182000732e+02 6.6187298584e+02 6.6192602539e+02 6.6200201416e+02 6.6209399414e+02 6.6214898682e+02 6.6221697998e+02 6.6228302002e+02 6.6237298584e+02 6.6243499756e+02 6.6251202393e+02 6.6257702637e+02 6.6265002441e+02 6.6270898438e+02 6.6278698730e+02 6.6287799072e+02 6.6294396973e+02 6.6301098633e+02 6.6307702637e+02 6.6314300537e+02 6.6320697021e+02 6.6329302979e+02 6.6335699463e+02 6.6343597412e+02 6.6350598145e+02 6.6356799316e+02 6.6362200928e+02 6.6369598389e+02 6.6376702881e+02 6.6382800293e+02
6.6050097656e+02 6.6059698486e+02 6.6070202637e+02 6.6081500244e+02 6.6092102051e+02 6.6097802734e+02 6.6105401611e+02 6.6113598633e+02 6.6120599365e+02 6.6127502441e+02 6.6133697510e+02 6.6140002441e+02 6.6147497559e+02 6.6155297852e+02 6.6161401367e+02 6.6167199707e+02 6.6175299072e+02 6.6180798340e+02 6.6186401367e+02 6.6194299316e+02 6.6201397705e+02 6.6206799316e+02 6.6213500977e+02 6.6221301270e+02 6.6229901123e+02 6.6235498047e+02 6.6242901611e+02 6.6250201416e+02 6.6258300781e+02 6.6264202881e+02 6.6271301270e+02 6.6279101563e+02 6.6287200928e+02 6.6292901611e+02 6.6300097656e+02 6.6308099365e+02 6.6315100098e+02 6.6323199463e+02 6.6328302002e+02 6.6336602783e+02 6.6342102051e+02 6.6348797607e+02 6.6354901123e+02 6.6362097168e+02 6.6369396973e+02 6.6374902344e+02
6.6042700195e+02 6.6052899170e+02 6.6062500000e+02 6.6072900391e+02 6.6083697510e+02 6.6090502930e+02 6.6098699951e+02 6.6107598877e+02 6.6113800049e+02 6.6121301270e+02 6.6126702881e+02 6.6133502197e+02 6.6141497803e+02 6.6148101807e+02 6.6154797363e+02 6.6160198975e+02 6.6166302490e+02 6.6173199463e+02 6.6180102539e+02 6.6187799072e+02 6.6193597412e+02 6.6199902344e+02 6.6207000732e+02 6.6215301514e+02 6.6222497559e+02 6.6229498291e+02 6.6235699463e+02 6.6242199707e+02 6.6249597168e+02 6.6257299805e+02 6.6264398193e+02 6.6270898438e+02 6.6279998779e+02 6.6285400391e+02 6.6292102051e+02 6.6300201416e+02 6.6306500244e+02 6.6314697266e+02 6.6321301270e+02 6.6327899170e+02 6.6333001709e+02 6.6339501953e+02 6.6347100830e+02 6.6355603027e+02 6.6363299561e+02 6.6367999268e+02
6.6031799316e+02 6.6042700195e+02 6.6053698730e+02 6.6063702393e+02 6.6073297119e+02 6.6081201172e+02 6.6090399170e+02 6.6099902344e+02 6.6106896973e+02 6.6114398193e+02 6.6120599365e+02 6.6127398682e+02 6.6134399414e+02 6.6141302490e+02 6.6148400879e+02 6.6154602051e+02 6.6160797119e+02 6.6165997314e+02 6.6173199463e+02 6.6181799316e+02 6.6187799072e+02 6.6192999268e+02 6.6199798584e+02 6.6208001709e+02 6.6214501953e+02 6.6222100830e+02 6.6228100586e+02 6.6235302734e+02 6.6244702148e+02 6.6251501465e+02 6.6258300781e+02 6.6265301514e+02 6.6273498535e+02 6.6278997803e+02 6.6286102295e+02 6.6294299316e+02 6.6299700928e+02 6.6307397461e+02 6.6315002441e+02 6.6322100830e+02 6.6327600098e+02 6.6333197021e+02 6.6339599609e+02 6.6346801758e+02 6.6354797363e+02 6.6360601807e+02
6.6021997070e+02 6.6033197021e+02 6.6045501709e+02 6.6055798340e+02 6.6064898682e+02 6.6073101807e+02 6.6081701660e+02 6.6090502930e+02 6.6100097656e+02 6.6106097412e+02 6.6112597656e+02 6.6120800781e+02 6.6126898193e+02 6.6133398438e+02 6.6140002441e+02 6.6147302246e+02 6.6154797363e+02 6.6159301758e+02 6.6165502930e+02 6.6173699951e+02 6.6180499268e+02 6.6185699463e+02 6.6192297363e+02 6.6198602295e+02 6.6204602051e+02 6.6210498047e+02 6.6218798828e+02 6.6227398682e+02 6.6237097168e+02 6.6243402100e+02 6.6249700928e+02 6.6257202148e+02 6.6265997314e+02 6.6272497559e+02 6.6278900146e+02 6.6285900879e+02 6.6291101074e+02 6.6299902344e+02 6.6307800293e+02 6.6315502930e+02 6.6321002197e+02 6.6326702881e+02 6.6332299805e+02 6.6338702393e+02 6.6345800781e+02 6.6351898193e+02
6.6011901855e+02 6.6023101807e+02 6.6035400391e+02 6.6046002197e+02 6.6056097412e+02 6.6065802002e+02 6.6074597168e+02 6.6083099365e+02 6.6092901611e+02 6.6098199463e+02 6.6105603027e+02 6.6113800049e+02 6.6119598389e+02 6.6127600098e+02 6.6134002686e+02 6.6139898682e+02 6.6145697021e+02 6.6151397705e+02 6.6158300781e+02 6.6165100098e+02 6.6171600342e+02 6.6177099609e+02 6.6185797119e+02 6.6192901611e+02 6.6198901367e+02 6.6202801514e+02 6.6212097168e+02 6.6220800781e+02 6.6228198242e+02 6.6234899902e+02 6.6241998291e+02 6.6249499512e+02 6.6257000732e+02 6.6264599609e+02 6.6271301270e+02 6.6278100586e+02 6.6283801270e+02 6.6291198730e+02 6.6298699951e+02 6.6307202148e+02 6.6313500977e+02 6.6319201660e+02 6.6325097656e+02 6.6332000732e+02 6.6338397217e+02 6.6343499756e+02
6.6001599121e+02 6.6013201904e+02 6.6025500488e+02 6.6035699463e+02 6.6046801758e+02 6.6057702637e+02 6.6067498779e+02 6.6075598145e+02 6.6082598877e+02 6.6091699219e+02 6.6100201416e+02 6.6107202148e+02 6.6114398193e+02 6.6120001221e+02 6.6126098633e+02 6.6132598877e+02 6.6138201904e+02 6.6144396973e+02 6.6151300049e+02 6.6157000732e+02 6.6165002441e+02 6.6171600342e+02 6.6178900146e+02 6.6185302734e+02 6.6191101074e+02 6.6196301270e+02 6.6202899170e+02 6.6210400391e+02 6.6218701172e+02 6.6226397705e+02 6.6234399414e+02 6.6241601563e+02 6.6247601318e+02 6.6255499268e+02 6.6263201904e+02 6.6270898438e+02 6.6277801514e+02 6.6284100342e+02 6.6290197754e+02 6.6297399902e+02 6.6305401611e+02 6.6310998535e+02 6.6317199707e+02 6.6324700928e+02 6.6332000732e+02 6.6337701416e+02
6.5991998291e+02 6.6002502441e+02 6.6013201904e+02 6.6023901367e+02 6.6036999512e+02 6.6048498535e+02 6.6058398438e+02 6.6066497803e+02 6.6074200439e+02 6.6084100342e+02 6.6092199707e+02 6.6099700928e+02 6.6106799316e+02 6.6113299561e+02 6.6118200684e+02 6.6124700928e+02 6.6131799316e+02 6.6139599609e+02 6.6146002197e+02 6.6150500488e+02 6.6158099365e+02 6.6163702393e+02 6.6169799805e+02 6.6176397705e+02 6.6183502197e+02 6.6188201904e+02 6.6195397949e+02 6.6202099609e+02 6.6210302734e+02 6.6217797852e+02 6.6224902344e+02 6.6231896973e+02 6.6239398193e+02 6.6247601318e+02 6.6254699707e+02 6.6261999512e+02 6.6269097900e+02 6.6276300049e+02 6.6281402588e+02 6.6288098145e+02 6.6295697021e+02 6.6303100586e+02 6.6309497070e+02 6.6315600586e+02 6.6321600342e+02 6.6329199219e+02
6.5981402588e+02 6.5991699219e+02 6.6001800537e+02 6.6013000488e+02 6.6026397705e+02 6.6035900879e+02 6.6046600342e+02 6.6056597900e+02 6.6066802979e+02 6.6075299072e+02 6.6083197021e+02 6.6091802979e+02 6.6098699951e+02 6.6105603027e+02 6.6111199951e+02 6.6117999268e+02 6.6124401855e+02 6.6131097412e+02 6.6138098145e+02 6.6143798828e+02 6.6151702881e+02 6.6157800293e+02 6.6163702393e+02 6.6169000244e+02 6.6175299072e+02 6.6178399658e+02 6.6186700439e+02 6.6195300293e+02 6.6202600098e+02 6.6209899902e+02 6.6216900635e+02 6.6224401855e+02 6.6231597900e+02 6.6239001465e+02 6.6245599365e+02 6.6252801514e+02 6.6259997559e+02 6.6268200684e+02 6.6274798584e+02 6.6281298828e+02 6.6286901855e+02 6.6294000244e+02 6.6300897217e+02 6.6308099365e+02 6.6315100098e+02 6.6322497559e+02
6.5969897461e+02 6.5980499268e+02 6.5990899658e+02 6.6002001953e+02 6.6014801025e+02 6.6023797607e+02 6.6034497070e+02 6.6045098877e+02 6.6056799316e+02 6.6064697266e+02 6.6073498535e+02 6.6081799316e+02 6.6090600586e+02 6.6097998047e+02 6.6104101563e+02 6.6111499023e+02 6.6117797852e+02 6.6122601318e+02 6.6129998779e+02 6.6136798096e+02 6.6143499756e+02 6.6150299072e+02 6.6156701660e+02 6.6161297607e+02 6.6167999268e+02 6.6171997070e+02 6.6179699707e+02 6.6188299561e+02 6.6194897461e+02 6.6202301025e+02 6.6208197021e+02 6.6215301514e+02 6.6222900391e+02 6.6230401611e+02 6.6236901855e+02 6.6244500732e+02 6.6252301025e+02 6.6260400391e+02 6.6267199707e+02 6.6273297119e+02 6.6278302002e+02 6.6284997559e+02 6.6291699219e+02 6.6298901367e+02 6.6307299805e+02 6.6314398193e+02
