TESTSERVER/14/5.asc
NCOLS 100
NROWS 100
XLLCORNER 8.1997500000e+03
YLLCORNER 2.8970025000e+05
CELLSIZE 5.0000000000e-01
NODATA_VALUE -9.9990000000e+03
[rows 0 to 19 of 100, columns 46 to 91 of 100]
6.6139501953e+02 6.6144201660e+02 6.6148199463e+02 6.6153399658e+02 6.6157202148e+02 6.6160797119e+02 6.6165002441e+02 6.6168298340e+02 6.6170300293e+02 6.6174401855e+02 6.6178997803e+02 6.6184301758e+02 6.6189300537e+02 6.6192602539e+02 6.6196002197e+02 6.6201397705e+02 6.6205700684e+02 6.6208898926e+02 6.6215399170e+02 6.6216497803e+02 6.6221502686e+02 6.6226501465e+02 6.6231097412e+02 6.6236499023e+02 6.6243103027e+02 6.6249200439e+02 6.6253900146e+02 6.6259698486e+02 6.6264001465e+02 6.6270397949e+02 6.6276898193e+02 6.6282299805e+02 6.6288500977e+02 6.6293798828e+02 6.6298297119e+02 6.6303302002e+02 6.6305401611e+02 6.6308599854e+02 6.6311901855e+02 6.6315002441e+02 6.6318798828e+02 6.6322698975e+02 6.6325701904e+02 6.6328399658e+02 6.6330902100e+02 6.6332800293e+02
6.6127197266e+02 6.6134002686e+02 6.6140698242e+02 6.6146398926e+02 6.6149597168e+02 6.6153002930e+02 6.6157098389e+02 6.6161102295e+02 6.6164300537e+02 6.6168200684e+02 6.6170300293e+02 6.6174298096e+02 6.6180499268e+02 6.6184100342e+02 6.6186401367e+02 6.6191497803e+02 6.6196697998e+02 6.6200799561e+02 6.6205603027e+02 6.6208502197e+02 6.6213598633e+02 6.6216900635e+02 6.6223297119e+02 6.6227801514e+02 6.6234100342e+02 6.6240802002e+02 6.6244500732e+02 6.6251000977e+02 6.6255999756e+02 6.6262097168e+02 6.6266998291e+02 6.6272900391e+02 6.6278198242e+02 6.6282397461e+02 6.6286999512e+02 6.6292700195e+02 6.6294799805e+02 6.6298199463e+02 6.6301300049e+02 6.6306097412e+02 6.6309997559e+02 6.6313800049e+02 6.6315600586e+02 6.6317602539e+02 6.6319799805e+02 6.6321801758e+02
6.6117199707e+02 6.6124700928e+02 6.6131298828e+02 6.6138897705e+02 6.6143701172e+02 6.6146899414e+02 6.6150201416e+02 6.6153302002e+02 6.6157598877e+02 6.6162597656e+02 6.6164501953e+02 6.6166802979e+02 6.6171398926e+02 6.6174902344e+02 6.6178100586e+02 6.6182702637e+02 6.6188397217e+02 6.6192700195e+02 6.6196600342e+02 6.6201397705e+02 6.6205798340e+02 6.6208001709e+02 6.6215100098e+02 6.6220001221e+02 6.6224798584e+02 6.6230401611e+02 6.6235302734e+02 6.6241601563e+02 6.6246600342e+02 6.6252197266e+02 6.6256701660e+02 6.6263098145e+02 6.6268200684e+02 6.6272601318e+02 6.6277197266e+02 6.6282397461e+02 6.6285699463e+02 6.6289898682e+02 6.6292102051e+02 6.6296600342e+02 6.6299499512e+02 6.6302099609e+02 6.6304498291e+02 6.6307501221e+02 6.6309899902e+02 6.6312799072e+02
6.6104199219e+02 6.6111798096e+02 6.6119201660e+02 6.6128100586e+02 6.6133801270e+02 6.6138598633e+02 6.6143798828e+02 6.6146502686e+02 6.6149700928e+02 6.6155102539e+02 6.6158697510e+02 6.6161798096e+02 6.6164898682e+02 6.6166497803e+02 6.6170599365e+02 6.6175299072e+02 6.6180297852e+02 6.6184197998e+02 6.6187701416e+02 6.6192401123e+02 6.6197100830e+02 6.6200500488e+02 6.6205999756e+02 6.6211401367e+02 6.6216198730e+02 6.6221197510e+02 6.6227398682e+02 6.6231701660e+02 6.6235498047e+02 6.6240600586e+02 6.6245800781e+02 6.6252001953e+02 6.6257202148e+02 6.6262500000e+02 6.6266802979e+02 6.6271002197e+02 6.6274902344e+02 6.6279797363e+02 6.6282598877e+02 6.6286401367e+02 6.6288800049e+02 6.6291302490e+02 6.6293597412e+02 6.6297399902e+02 6.6300201416e+02 6.6303601074e+02
6.6090997314e+02 6.6098199463e+02 6.6107702637e+02 6.6115997314e+02 6.6121197510e+02 6.6127099609e+02 6.6134497070e+02 6.6140502930e+02 6.6143103027e+02 6.6146002197e+02 6.6150897217e+02 6.6155200195e+02 6.6158502197e+02 6.6160198975e+02 6.6163897705e+02 6.6167602539e+02 6.6172198486e+02 6.6176800537e+02 6.6180200195e+02 6.6183801270e+02 6.6188201904e+02 6.6193499756e+02 6.6200299072e+02 6.6202697754e+02 6.6206799316e+02 6.6213598633e+02 6.6219097900e+02 6.6222900391e+02 6.6226702881e+02 6.6232000732e+02 6.6236999512e+02 6.6242199707e+02 6.6247302246e+02 6.6252001953e+02 6.6254797363e+02 6.6259997559e+02 6.6263702393e+02 6.6268798828e+02 6.6272802734e+02 6.6277001953e+02 6.6278698730e+02 6.6280499268e+02 6.6282800293e+02 6.6285797119e+02 6.6288000488e+02 6.6291802979e+02
6.6077697754e+02 6.6084600830e+02 6.6093798828e+02 6.6101702881e+02 6.6108801270e+02 6.6116699219e+02 6.6123602295e+02 6.6130902100e+02 6.6134997559e+02 6.6138500977e+02 6.6144201660e+02 6.6148297119e+02 6.6150201416e+02 6.6154302979e+02 6.6158099365e+02 6.6161102295e+02 6.6164599609e+02 6.6168701172e+02 6.6173400879e+02 6.6177099609e+02 6.6180798340e+02 6.6184301758e+02 6.6190197754e+02 6.6196600342e+02 6.6200500488e+02 6.6204602051e+02 6.6209301758e+02 6.6215399170e+02 6.6220300293e+02 6.6224798584e+02 6.6228100586e+02 6.6233300781e+02 6.6238598633e+02 6.6243298340e+02 6.6246398926e+02 6.6251397705e+02 6.6254699707e+02 6.6260101318e+02 6.6263299561e+02 6.6266699219e+02 6.6268798828e+02 6.6270098877e+02 6.6272601318e+02 6.6275097656e+02 6.6276898193e+02 6.6278997803e+02
6.6061602783e+02 6.6069396973e+02 6.6079602051e+02 6.6086901855e+02 6.6094799805e+02 6.6104101563e+02 6.6111602783e+02 6.6117999268e+02 6.6123602295e+02 6.6129797363e+02 6.6135601807e+02 6.6139300537e+02 6.6141998291e+02 6.6146997070e+02 6.6151202393e+02 6.6154400635e+02 6.6158898926e+02 6.6162200928e+02 6.6165197754e+02 6.6168499756e+02 6.6173498535e+02 6.6177801514e+02 6.6181896973e+02 6.6189001465e+02 6.6192999268e+02 6.6196398926e+02 6.6201702881e+02 6.6206701660e+02 6.6210900879e+02 6.6215502930e+02 6.6219000244e+02 6.6224102783e+02 6.6228997803e+02 6.6233599854e+02 6.6237200928e+02 6.6242700195e+02 6.6246801758e+02 6.6250701904e+02 6.6253198242e+02 6.6256701660e+02 6.6258599854e+02 6.6260400391e+02 6.6262597656e+02 6.6265502930e+02 6.6268103027e+02 6.6268902588e+02
6.6048498535e+02 6.6056097412e+02 6.6065197754e+02 6.6072698975e+02 6.6081701660e+02 6.6090698242e+02 6.6099200439e+02 6.6107000732e+02 6.6112902832e+02 6.6119799805e+02 6.6125500488e+02 6.6130700684e+02 6.6134802246e+02 6.6138800049e+02 6.6143298340e+02 6.6147100830e+02 6.6151501465e+02 6.6154602051e+02 6.6157702637e+02 6.6160699463e+02 6.6165301514e+02 6.6170397949e+02 6.6174597168e+02 6.6179400635e+02 6.6183599854e+02 6.6188201904e+02 6.6194500732e+02 6.6197399902e+02 6.6201599121e+02 6.6206500244e+02 6.6210498047e+02 6.6215197754e+02 6.6219799805e+02 6.6223901367e+02 6.6228302002e+02 6.6233197021e+02 6.6237500000e+02 6.6241400146e+02 6.6245300293e+02 6.6248400879e+02 6.6249102783e+02 6.6251000977e+02 6.6252398682e+02 6.6255297852e+02 6.6257598877e+02 6.6257897949e+02
6.6036700439e+02 6.6043902588e+02 6.6051397705e+02 6.6060400391e+02 6.6069299316e+02 6.6076599121e+02 6.6084997559e+02 6.6093798828e+02 6.6099298096e+02 6.6107098389e+02 6.6113897705e+02 6.6117797852e+02 6.6123699951e+02 6.6130297852e+02 6.6136401367e+02 6.6140100098e+02 6.6143298340e+02 6.6146697998e+02 6.6151397705e+02 6.6154998779e+02 6.6158300781e+02 6.6162799072e+02 6.6166699219e+02 6.6173101807e+02 6.6177001953e+02 6.6180297852e+02 6.6186901855e+02 6.6189599609e+02 6.6194500732e+02 6.6198797607e+02 6.6202301025e+02 6.6208001709e+02 6.6212701416e+02 6.6216302490e+02 6.6220697021e+02 6.6224401855e+02 6.6227502441e+02 6.6231298828e+02 6.6236102295e+02 6.6238897705e+02 6.6240002441e+02 6.6241998291e+02 6.6244000244e+02 6.6245898438e+02 6.6246197510e+02 6.6246899414e+02
6.6023999023e+02 6.6032702637e+02 6.6039697266e+02 6.6047100830e+02 6.6053802490e+02 6.6062097168e+02 6.6072900391e+02 6.6079797363e+02 6.6085498047e+02 6.6094299316e+02 6.6102801514e+02 6.6107000732e+02 6.6113299561e+02 6.6120397949e+02 6.6127099609e+02 6.6131097412e+02 6.6135900879e+02 6.6139898682e+02 6.6144000244e+02 6.6148199463e+02 6.6152197266e+02 6.6156097412e+02 6.6158398438e+02 6.6164202881e+02 6.6169396973e+02 6.6173602295e+02 6.6177502441e+02 6.6181201172e+02 6.6185900879e+02 6.6190197754e+02 6.6192797852e+02 6.6198699951e+02 6.6202600098e+02 6.6207202148e+02 6.6211499023e+02 6.6215100098e+02 6.6218200684e+02 6.6221600342e+02 6.6223901367e+02 6.6227197266e+02 6.6229797363e+02 6.6231799316e+02 6.6233099365e+02 6.6234002686e+02 6.6234100342e+02 6.6236901855e+02
6.6010797119e+02 6.6019702148e+02 6.6027398682e+02 6.6035699463e+02 6.6041900635e+02 6.6050201416e+02 6.6060400391e+02 6.6067797852e+02 6.6074200439e+02 6.6080902100e+02 6.6089099121e+02 6.6095697021e+02 6.6102899170e+02 6.6109497070e+02 6.6116497803e+02 6.6120300293e+02 6.6126098633e+02 6.6131402588e+02 6.6135699463e+02 6.6140698242e+02 6.6145202637e+02 6.6148999023e+02 6.6151702881e+02 6.6155902100e+02 6.6160400391e+02 6.6165502930e+02 6.6167901611e+02 6.6171801758e+02 6.6176702881e+02 6.6182000732e+02 6.6185797119e+02 6.6190301514e+02 6.6192602539e+02 6.6196697998e+02 6.6201702881e+02 6.6205603027e+02 6.6209197998e+02 6.6213598633e+02 6.6214599609e+02 6.6216802979e+02 6.6219000244e+02 6.6221301270e+02 6.6223901367e+02 6.6224597168e+02 6.6224499512e+02 6.6226098633e+02
6.5998400879e+02 6.6007299805e+02 6.6015399170e+02 6.6024298096e+02 6.6031500244e+02 6.6038800049e+02 6.6045202637e+02 6.6053601074e+02 6.6061700439e+02 6.6066998291e+02 6.6073699951e+02 6.6081701660e+02 6.6089898682e+02 6.6097100830e+02 6.6104602051e+02 6.6110101318e+02 6.6116302490e+02 6.6123498535e+02 6.6128802490e+02 6.6132800293e+02 6.6136700439e+02 6.6141198730e+02 6.6146600342e+02 6.6149597168e+02 6.6152697754e+02 6.6157000732e+02 6.6159997559e+02 6.6164300537e+02 6.6168701172e+02 6.6173498535e+02 6.6178100586e+02 6.6182000732e+02 6.6185101318e+02 6.6189001465e+02 6.6192901611e+02 6.6197302246e+02 6.6200799561e+02 6.6204602051e+02 6.6204998779e+02 6.6206799316e+02 6.6209301758e+02 6.6211297607e+02 6.6214001465e+02 6.6215600586e+02 6.6215399170e+02 6.6215301514e+02
6.5987799072e+02 6.5995800781e+02 6.6003997803e+02 6.6010699463e+02 6.6019097900e+02 6.6026702881e+02 6.6033599854e+02 6.6040002441e+02 6.6047198486e+02 6.6053997803e+02 6.6059997559e+02 6.6067297363e+02 6.6075701904e+02 6.6083898926e+02 6.6091400146e+02 6.6098901367e+02 6.6104400635e+02 6.6111199951e+02 6.6119598389e+02 6.6124499512e+02 6.6128100586e+02 6.6132598877e+02 6.6138098145e+02 6.6140698242e+02 6.6144201660e+02 6.6147698975e+02 6.6152301025e+02 6.6157000732e+02 6.6160998535e+02 6.6165197754e+02 6.6169201660e+02 6.6173101807e+02 6.6177099609e+02 6.6181201172e+02 6.6184399414e+02 6.6187500000e+02 6.6191198730e+02 6.6194702148e+02 6.6195697021e+02 6.6197399902e+02 6.6199700928e+02 6.6200897217e+02 6.6202398682e+02 6.6204400635e+02 6.6206201172e+02 6.6207299805e+02
6.5975701904e+02 6.5983502197e+02 6.5990997314e+02 6.5997399902e+02 6.6006402588e+02 6.6013702393e+02 6.6020898438e+02 6.6029400635e+02 6.6034802246e+02 6.6040002441e+02 6.6046600342e+02 6.6055200195e+02 6.6063098145e+02 6.6070599365e+02 6.6077398682e+02 6.6086297607e+02 6.6093103027e+02 6.6099700928e+02 6.6106799316e+02 6.6113598633e+02 6.6119097900e+02 6.6123901367e+02 6.6127197266e+02 6.6130102539e+02 6.6133398438e+02 6.6138201904e+02 6.6143597412e+02 6.6148199463e+02 6.6152600098e+02 6.6158502197e+02 6.6159802246e+02 6.6163897705e+02 6.6167901611e+02 6.6173199463e+02 6.6176501465e+02 6.6178900146e+02 6.6181298828e+02 6.6184399414e+02 6.6185498047e+02 6.6188897705e+02 6.6191497803e+02 6.6192102051e+02 6.6192700195e+02 6.6194500732e+02 6.6195697021e+02 6.6196697998e+02
6.5964501953e+02 6.5971600342e+02 6.5978399658e+02 6.5985400391e+02 6.5993798828e+02 6.6000201416e+02 6.6006298828e+02 6.6015802002e+02 6.6022100830e+02 6.6027197266e+02 6.6034002686e+02 6.6042700195e+02 6.6050500488e+02 6.6058300781e+02 6.6065301514e+02 6.6072198486e+02 6.6079101563e+02 6.6087597656e+02 6.6094702148e+02 6.6101800537e+02 6.6108300781e+02 6.6114099121e+02 6.6117102051e+02 6.6121697998e+02 6.6125299072e+02 6.6129602051e+02 6.6134301758e+02 6.6139801025e+02 6.6144500732e+02 6.6150897217e+02 6.6151898193e+02 6.6155902100e+02 6.6159399414e+02 6.6164001465e+02 6.6166198730e+02 6.6170501709e+02 6.6172100830e+02 6.6174102783e+02 6.6175201416e+02 6.6178198242e+02 6.6181097412e+02 6.6182897949e+02 6.6184100342e+02 6.6184698486e+02 6.6184802246e+02 6.6186901855e+02
6.5953002930e+02 6.5959301758e+02 6.5966497803e+02 6.5973602295e+02 6.5981201172e+02 6.5987298584e+02 6.5992700195e+02 6.6001098633e+02 6.6008898926e+02 6.6015600586e+02 6.6022302246e+02 6.6029998779e+02 6.6037200928e+02 6.6044799805e+02 6.6053497314e+02 6.6058801270e+02 6.6064300537e+02 6.6072998047e+02 6.6081298828e+02 6.6088299561e+02 6.6095599365e+02 6.6102301025e+02 6.6105499268e+02 6.6111602783e+02 6.6116802979e+02 6.6120800781e+02 6.6124401855e+02 6.6130603027e+02 6.6135198975e+02 6.6141802979e+02 6.6145300293e+02 6.6149102783e+02 6.6151800537e+02 6.6155102539e+02 6.6156201172e+02 6.6161499023e+02 6.6163201904e+02 6.6165502930e+02 6.6166998291e+02 6.6168798828e+02 6.6170202637e+02 6.6172698975e+02 6.6175097656e+02 6.6175598145e+02 6.6175097656e+02 6.6177099609e+02
6.5941198730e+02 6.5947399902e+02 6.5954602051e+02 6.5962298584e+02 6.5969500732e+02 6.5976397705e+02 6.5982702637e+02 6.5988397217e+02 6.5995501709e+02 6.6002398682e+02 6.6011199951e+02 6.6017602539e+02 6.6024401855e+02 6.6032000732e+02 6.6039501953e+02 6.6046899414e+02 6.6052600098e+02 6.6058697510e+02 6.6065502930e+02 6.6073297119e+02 6.6081298828e+02 6.6088897705e+02 6.6092498779e+02 6.6098498535e+02 6.6104797363e+02 6.6110601807e+02 6.6116101074e+02 6.6120697021e+02 6.6124298096e+02 6.6129901123e+02 6.6136102295e+02 6.6140301514e+02 6.6143402100e+02 6.6146502686e+02 6.6148101807e+02 6.6151397705e+02 6.6153399658e+02 6.6156097412e+02 6.6156701660e+02 6.6159197998e+02 6.6160900879e+02 6.6162200928e+02 6.6164099121e+02 6.6165002441e+02 6.6165002441e+02 6.6165502930e+02
6.5930700684e+02 6.5935900879e+02 6.5943402100e+02 6.5950701904e+02 6.5957501221e+02 6.5964398193e+02 6.5970599365e+02 6.5976098633e+02 6.5982800293e+02 6.5988800049e+02 6.5996197510e+02 6.6003399658e+02 6.6010998535e+02 6.6019000244e+02 6.6025598145e+02 6.6032598877e+02 6.6039501953e+02 6.6046502686e+02 6.6052099609e+02 6.6058300781e+02 6.6066802979e+02 6.6075097656e+02 6.6080102539e+02 6.6086602783e+02 6.6092602539e+02 6.6098498535e+02 6.6103601074e+02 6.6109997559e+02 6.6114001465e+02 6.6118798828e+02 6.6124298096e+02 6.6130200195e+02 6.6133197021e+02 6.6135998535e+02 6.6139898682e+02 6.6144702148e+02 6.6145098877e+02 6.6146099854e+02 6.6147100830e+02 6.6149200439e+02 6.6152099609e+02 6.6153100586e+02 6.6151898193e+02 6.6152001953e+02 6.6154199219e+02 6.6156896973e+02
6.5919598389e+02 6.5923999023e+02 6.5931597900e+02 6.5939001465e+02 6.5946197510e+02 6.5953399658e+02 6.5959100342e+02 6.5965197754e+02 6.5971801758e+02 6.5977801514e+02 6.5984698486e+02 6.5990997314e+02 6.5997802734e+02 6.6005401611e+02 6.6012597656e+02 6.6019097900e+02 6.6027001953e+02 6.6034802246e+02 6.6041198730e+02 6.6046997070e+02 6.6053601074e+02 6.6060900879e+02 6.6066497803e+02 6.6072900391e+02 6.6078900146e+02 6.6084899902e+02 6.6089398193e+02 6.6095397949e+02 6.6101098633e+02 6.6108001709e+02 6.6112902832e+02 6.6118103027e+02 6.6121697998e+02 6.6125097656e+02 6.6129302979e+02 6.6133300781e+02 6.6133801270e+02 6.6136499023e+02 6.6138702393e+02 6.6140100098e+02 6.6142102051e+02 6.6143597412e+02 6.6142700195e+02 6.6143701172e+02 6.6145202637e+02 6.6147399902e+02
6.5908099365e+02 6.5913897705e+02 6.5920501709e+02 6.5928198242e+02 6.5935302734e+02 6.5941601563e+02 6.5947497559e+02 6.5953802490e+02 6.5961102295e+02 6.5967297363e+02 6.5973797607e+02 6.5979498291e+02 6.5985400391e+02 6.5992401123e+02 6.6000299072e+02 6.6007000732e+02 6.6015502930e+02 6.6023498535e+02 6.6029602051e+02 6.6035998535e+02 6.6042498779e+02 6.6049200439e+02 6.6054602051e+02 6.6060101318e+02 6.6065600586e+02 6.6072497559e+02 6.6077502441e+02 6.6081701660e+02 6.6088397217e+02 6.6096697998e+02 6.6101202393e+02 6.6105603027e+02 6.6109497070e+02 6.6113098145e+02 6.6116601563e+02 6.6120202637e+02 6.6122601318e+02 6.6126800537e+02 6.6128900146e+02 6.6130999756e+02 6.6132598877e+02 6.6133502197e+02 6.6133898926e+02 6.6136999512e+02 6.6137097168e+02 6.6137402344e+02
