TESTSERVER/14/5.asc
NCOLS 100
NROWS 100
XLLCORNER 8.1997500000e+03
YLLCORNER 2.8970025000e+05
CELLSIZE 5.0000000000e-01
NODATA_VALUE -9.9990000000e+03
[rows 40 to 59 of 100, columns 46 to 91 of 100]
6.5735900879e+02 6.5739300537e+02 6.5744201660e+02 6.5747601318e+02 6.5750701904e+02 6.5754998779e+02 6.5760101318e+02 6.5765502930e+02 6.5771197510e+02 6.5776397705e+02 6.5782397461e+02 6.5788598633e+02 6.5794500732e+02 6.5799700928e+02 6.5803302002e+02 6.5810302734e+02 6.5815399170e+02 6.5819201660e+02 6.5823297119e+02 6.5828900146e+02 6.5833599854e+02 6.5839202881e+02 6.5843499756e+02 6.5848498535e+02 6.5852801514e+02 6.5857800293e+02 6.5865600586e+02 6.5869000244e+02 6.5873699951e+02 6.5877001953e+02 6.5880200195e+02 6.5884997559e+02 6.5889202881e+02 6.5892498779e+02 6.5895098877e+02 6.5899499512e+02 6.5902099609e+02 6.5904400635e+02 6.5906298828e+02 6.5910797119e+02 6.5912902832e+02 6.5914300537e+02 6.5916101074e+02 6.5918103027e+02 6.5920599365e+02 6.5923101807e+02
6.5727801514e+02 6.5731597900e+02 6.5736499023e+02 6.5739599609e+02 6.5741699219e+02 6.5746502686e+02 6.5752197266e+02 6.5756799316e+02 6.5762298584e+02 6.5767199707e+02 6.5772399902e+02 6.5779699707e+02 6.5786199951e+02 6.5791400146e+02 6.5794396973e+02 6.5800097656e+02 6.5806097412e+02 6.5811297607e+02 6.5814398193e+02 6.5818597412e+02 6.5823199463e+02 6.5829199219e+02 6.5833099365e+02 6.5837799072e+02 6.5842498779e+02 6.5847100830e+02 6.5852600098e+02 6.5858197021e+02 6.5864300537e+02 6.5868499756e+02 6.5871997070e+02 6.5875701904e+02 6.5879699707e+02 6.5884100342e+02 6.5886901855e+02 6.5890502930e+02 6.5893902588e+02 6.5896099854e+02 6.5899102783e+02 6.5902502441e+02 6.5904302979e+02 6.5906097412e+02 6.5909100342e+02 6.5909802246e+02 6.5911499023e+02 6.5914801025e+02
6.5720898438e+02 6.5724499512e+02 6.5728198242e+02 6.5730700684e+02 6.5733001709e+02 6.5738000488e+02 6.5744598389e+02 6.5749298096e+02 6.5754797363e+02 6.5759497070e+02 6.5764202881e+02 6.5772497559e+02 6.5778100586e+02 6.5782800293e+02 6.5786499023e+02 6.5791198730e+02 6.5796197510e+02 6.5801300049e+02 6.5804699707e+02 6.5809002686e+02 6.5813598633e+02 6.5819097900e+02 6.5822497559e+02 6.5827502441e+02 6.5832800293e+02 6.5837200928e+02 6.5843103027e+02 6.5848699951e+02 6.5854498291e+02 6.5859100342e+02 6.5863598633e+02 6.5867602539e+02 6.5870800781e+02 6.5875299072e+02 6.5878497314e+02 6.5882000732e+02 6.5885699463e+02 6.5888201904e+02 6.5891400146e+02 6.5893902588e+02 6.5896301270e+02 6.5898699951e+02 6.5901397705e+02 6.5903002930e+02 6.5904498291e+02 6.5908001709e+02
6.5711999512e+02 6.5714398193e+02 6.5718298340e+02 6.5722998047e+02 6.5726397705e+02 6.5731201172e+02 6.5736999512e+02 6.5742602539e+02 6.5748400879e+02 6.5752502441e+02 6.5757202148e+02 6.5763897705e+02 6.5767401123e+02 6.5772100830e+02 6.5778399658e+02 6.5783099365e+02 6.5787200928e+02 6.5791802979e+02 6.5796197510e+02 6.5800701904e+02 6.5805902100e+02 6.5810400391e+02 6.5812799072e+02 6.5817199707e+02 6.5822497559e+02 6.5827899170e+02 6.5834802246e+02 6.5838702393e+02 6.5844396973e+02 6.5849597168e+02 6.5853997803e+02 6.5858697510e+02 6.5862902832e+02 6.5866802979e+02 6.5870300293e+02 6.5874102783e+02 6.5877801514e+02 6.5880102539e+02 6.5883398438e+02 6.5885900879e+02 6.5888397217e+02 6.5891101074e+02 6.5892901611e+02 6.5896398926e+02 6.5898297119e+02 6.5900799561e+02
6.5703601074e+02 6.5706201172e+02 6.5709399414e+02 6.5715502930e+02 6.5719598389e+02 6.5724798584e+02 6.5729901123e+02 6.5735198975e+02 6.5740002441e+02 6.5743597412e+02 6.5750402832e+02 6.5755297852e+02 6.5758398438e+02 6.5763201904e+02 6.5768200684e+02 6.5774102783e+02 6.5778601074e+02 6.5783197021e+02 6.5788897705e+02 6.5791802979e+02 6.5796301270e+02 6.5800799561e+02 6.5804400635e+02 6.5809698486e+02 6.5813897705e+02 6.5819598389e+02 6.5825201416e+02 6.5829101563e+02 6.5835498047e+02 6.5841400146e+02 6.5845001221e+02 6.5849298096e+02 6.5854302979e+02 6.5858502197e+02 6.5864202881e+02 6.5866497803e+02 6.5869201660e+02 6.5872198486e+02 6.5875799561e+02 6.5877899170e+02 6.5880700684e+02 6.5883898926e+02 6.5884899902e+02 6.5888897705e+02 6.5892401123e+02 6.5893597412e+02
6.5696002197e+02 6.5698797607e+02 6.5705102539e+02 6.5710699463e+02 6.5714099121e+02 6.5717999268e+02 6.5722601318e+02 6.5726599121e+02 6.5731799316e+02 6.5735998535e+02 6.5742102051e+02 6.5746997070e+02 6.5750500488e+02 6.5754699707e+02 6.5759301758e+02 6.5765502930e+02 6.5770098877e+02 6.5775000000e+02 6.5780200195e+02 6.5783502197e+02 6.5788397217e+02 6.5793200684e+02 6.5797802734e+02 6.5802600098e+02 6.5806298828e+02 6.5810101318e+02 6.5815399170e+02 6.5819897461e+02 6.5825799561e+02 6.5832299805e+02 6.5835198975e+02 6.5839398193e+02 6.5845898438e+02 6.5849902344e+02 6.5853900146e+02 6.5858197021e+02 6.5862097168e+02 6.5864697266e+02 6.5867901611e+02 6.5870300293e+02 6.5873297119e+02 6.5876300049e+02 6.5877502441e+02 6.5882098389e+02 6.5885498047e+02 6.5886700439e+02
6.5690997314e+02 6.5695599365e+02 6.5701800537e+02 6.5705499268e+02 6.5707897949e+02 6.5710302734e+02 6.5714202881e+02 6.5717700195e+02 6.5723400879e+02 6.5728698730e+02 6.5734301758e+02 6.5739099121e+02 6.5742700195e+02 6.5747399902e+02 6.5751702881e+02 6.5757702637e+02 6.5761499023e+02 6.5765899658e+02 6.5771197510e+02 6.5775201416e+02 6.5780603027e+02 6.5785601807e+02 6.5790100098e+02 6.5794396973e+02 6.5798797607e+02 6.5802301025e+02 6.5807598877e+02 6.5812298584e+02 6.5816802979e+02 6.5822802734e+02 6.5826501465e+02 6.5831799316e+02 6.5836999512e+02 6.5841101074e+02 6.5845697021e+02 6.5849200439e+02 6.5854101563e+02 6.5856799316e+02 6.5859899902e+02 6.5862200928e+02 6.5865502930e+02 6.5868798828e+02 6.5870202637e+02 6.5874102783e+02 6.5877502441e+02 6.5879901123e+02
6.5686798096e+02 6.5693902588e+02 6.5699700928e+02 6.5701599121e+02 6.5702600098e+02 6.5704101563e+02 6.5707501221e+02 6.5710198975e+02 6.5715002441e+02 6.5721002197e+02 6.5726599121e+02 6.5730700684e+02 6.5735498047e+02 6.5741198730e+02 6.5744799805e+02 6.5749700928e+02 6.5753698730e+02 6.5758898926e+02 6.5763098145e+02 6.5765899658e+02 6.5771197510e+02 6.5776397705e+02 6.5781298828e+02 6.5786401367e+02 6.5790600586e+02 6.5793402100e+02 6.5798699951e+02 6.5804101563e+02 6.5808398438e+02 6.5813397217e+02 6.5817999268e+02 6.5823400879e+02 6.5827600098e+02 6.5832397461e+02 6.5838201904e+02 6.5840197754e+02 6.5844702148e+02 6.5847900391e+02 6.5851702881e+02 6.5854797363e+02 6.5858197021e+02 6.5861999512e+02 6.5864099121e+02 6.5867602539e+02 6.5870800781e+02 6.5873400879e+02
6.5682397461e+02 6.5690197754e+02 6.5696398926e+02 6.5698400879e+02 6.5698999023e+02 6.5699401855e+02 6.5701800537e+02 6.5705999756e+02 6.5709002686e+02 6.5713897705e+02 6.5717797852e+02 6.5722100830e+02 6.5728002930e+02 6.5733599854e+02 6.5737298584e+02 6.5742102051e+02 6.5746600342e+02 6.5751501465e+02 6.5753601074e+02 6.5758300781e+02 6.5764300537e+02 6.5769097900e+02 6.5772900391e+02 6.5778302002e+02 6.5782702637e+02 6.5785302734e+02 6.5790197754e+02 6.5795300293e+02 6.5800299072e+02 6.5805297852e+02 6.5810900879e+02 6.5814898682e+02 6.5818798828e+02 6.5824102783e+02 6.5828997803e+02 6.5832202148e+02 6.5835601807e+02 6.5839501953e+02 6.5844299316e+02 6.5848101807e+02 6.5851098633e+02 6.5854498291e+02 6.5857202148e+02 6.5861297607e+02 6.5864599609e+02 6.5866601563e+02
6.5681201172e+02 6.5685601807e+02 6.5691400146e+02 6.5694000244e+02 6.5694799805e+02 6.5695697021e+02 6.5698199463e+02 6.5701702881e+02 6.5703997803e+02 6.5708099365e+02 6.5710302734e+02 6.5714898682e+02 6.5720300293e+02 6.5724700928e+02 6.5727600098e+02 6.5733099365e+02 6.5739001465e+02 6.5743402100e+02 6.5746197510e+02 6.5750897217e+02 6.5757000732e+02 6.5761700439e+02 6.5764898682e+02 6.5769201660e+02 6.5774798584e+02 6.5779602051e+02 6.5784600830e+02 6.5788800049e+02 6.5792999268e+02 6.5796899414e+02 6.5802697754e+02 6.5807098389e+02 6.5811700439e+02 6.5815997314e+02 6.5820898438e+02 6.5824798584e+02 6.5828900146e+02 6.5832598877e+02 6.5836401367e+02 6.5839898682e+02 6.5842999268e+02 6.5846197510e+02 6.5849401855e+02 6.5853997803e+02 6.5857202148e+02 6.5859997559e+02
6.5677502441e+02 6.5681896973e+02 6.5686401367e+02 6.5688500977e+02 6.5689599609e+02 6.5691699219e+02 6.5694598389e+02 6.5697601318e+02 6.5699902344e+02 6.5702801514e+02 6.5705102539e+02 6.5709002686e+02 6.5712402344e+02 6.5716699219e+02 6.5719299316e+02 6.5725097656e+02 6.5731799316e+02 6.5736602783e+02 6.5740399170e+02 6.5743902588e+02 6.5749902344e+02 6.5754998779e+02 6.5759002686e+02 6.5762902832e+02 6.5767297363e+02 6.5772100830e+02 6.5777301025e+02 6.5781097412e+02 6.5785699463e+02 6.5790502930e+02 6.5795098877e+02 6.5798699951e+02 6.5803698730e+02 6.5807800293e+02 6.5812799072e+02 6.5816802979e+02 6.5821997070e+02 6.5825701904e+02 6.5828802490e+02 6.5832000732e+02 6.5835302734e+02 6.5838800049e+02 6.5842498779e+02 6.5846502686e+02 6.5849102783e+02 6.5852801514e+02
6.5673602295e+02 6.5678100586e+02 6.5681500244e+02 6.5683398438e+02 6.5683599854e+02 6.5686700439e+02 6.5691101074e+02 6.5693902588e+02 6.5696197510e+02 6.5698797607e+02 6.5701800537e+02 6.5705401611e+02 6.5708197021e+02 6.5713000488e+02 6.5715802002e+02 6.5720397949e+02 6.5725097656e+02 6.5729400635e+02 6.5733502197e+02 6.5737402344e+02 6.5743298340e+02 6.5748101807e+02 6.5752801514e+02 6.5756500244e+02 6.5760797119e+02 6.5764898682e+02 6.5769299316e+02 6.5773199463e+02 6.5778698730e+02 6.5783898926e+02 6.5787597656e+02 6.5791802979e+02 6.5796600342e+02 6.5800201416e+02 6.5804797363e+02 6.5808300781e+02 6.5813098145e+02 6.5817401123e+02 6.5821697998e+02 6.5825701904e+02 6.5828601074e+02 6.5832000732e+02 6.5836499023e+02 6.5840399170e+02 6.5842797852e+02 6.5846697998e+02
6.5675299072e+02 6.5676599121e+02 6.5677197266e+02 6.5681097412e+02 6.5681701660e+02 6.5684802246e+02 6.5688800049e+02 6.5689801025e+02 6.5691900635e+02 6.5695501709e+02 6.5698400879e+02 6.5701599121e+02 6.5704699707e+02 6.5708801270e+02 6.5710699463e+02 6.5715698242e+02 6.5719500732e+02 6.5722802734e+02 6.5725500488e+02 6.5731097412e+02 6.5736602783e+02 6.5740802002e+02 6.5745300293e+02 6.5748901367e+02 6.5753997803e+02 6.5758502197e+02 6.5762597656e+02 6.5765997314e+02 6.5771197510e+02 6.5776300049e+02 6.5780902100e+02 6.5786199951e+02 6.5790502930e+02 6.5793798828e+02 6.5798400879e+02 6.5800701904e+02 6.5803900146e+02 6.5808801270e+02 6.5813702393e+02 6.5818597412e+02 6.5822100830e+02 6.5826000977e+02 6.5829498291e+02 6.5832299805e+02 6.5836199951e+02 6.5840399170e+02
6.5675097656e+02 6.5676800537e+02 6.5676898193e+02 6.5678997803e+02 6.5681298828e+02 6.5684997559e+02 6.5688299561e+02 6.5690002441e+02 6.5690100098e+02 6.5692498779e+02 6.5695397949e+02 6.5699200439e+02 6.5701800537e+02 6.5704901123e+02 6.5707501221e+02 6.5710699463e+02 6.5713598633e+02 6.5716101074e+02 6.5719299316e+02 6.5723602295e+02 6.5728302002e+02 6.5734301758e+02 6.5739697266e+02 6.5743103027e+02 6.5746899414e+02 6.5750598145e+02 6.5755700684e+02 6.5759497070e+02 6.5765197754e+02 6.5769000244e+02 6.5774597168e+02 6.5779699707e+02 6.5784002686e+02 6.5787402344e+02 6.5792700195e+02 6.5795300293e+02 6.5798199463e+02 6.5801800537e+02 6.5805401611e+02 6.5810699463e+02 6.5814099121e+02 6.5818597412e+02 6.5822802734e+02 6.5825799561e+02 6.5829199219e+02 6.5832299805e+02
6.5673101807e+02 6.5675701904e+02 6.5677697754e+02 6.5677697754e+02 6.5679998779e+02 6.5683697510e+02 6.5686901855e+02 6.5690002441e+02 6.5689898682e+02 6.5690698242e+02 6.5692602539e+02 6.5696697998e+02 6.5699401855e+02 6.5701898193e+02 6.5703698730e+02 6.5705297852e+02 6.5707501221e+02 6.5710601807e+02 6.5714501953e+02 6.5717602539e+02 6.5722198486e+02 6.5727197266e+02 6.5731799316e+02 6.5735101318e+02 6.5739697266e+02 6.5743499756e+02 6.5748602295e+02 6.5752899170e+02 6.5758898926e+02 6.5762597656e+02 6.5768298340e+02 6.5771997070e+02 6.5777001953e+02 6.5781097412e+02 6.5786102295e+02 6.5789099121e+02 6.5792498779e+02 6.5795397949e+02 6.5798602295e+02 6.5803997803e+02 6.5807702637e+02 6.5811199951e+02 6.5814801025e+02 6.5819799805e+02 6.5823199463e+02 6.5825897217e+02
6.5671997070e+02 6.5673400879e+02 6.5675500488e+02 6.5675799561e+02 6.5678802490e+02 6.5682897949e+02 6.5686102295e+02 6.5689001465e+02 6.5689697266e+02 6.5690802002e+02 6.5691900635e+02 6.5694299316e+02 6.5696197510e+02 6.5698199463e+02 6.5699597168e+02 6.5701202393e+02 6.5702899170e+02 6.5706201172e+02 6.5710699463e+02 6.5713299561e+02 6.5717797852e+02 6.5721002197e+02 6.5724499512e+02 6.5727398682e+02 6.5732397461e+02 6.5736297607e+02 6.5741198730e+02 6.5746502686e+02 6.5752099609e+02 6.5756701660e+02 6.5762097168e+02 6.5765301514e+02 6.5771197510e+02 6.5775598145e+02 6.5778997803e+02 6.5782501221e+02 6.5786297607e+02 6.5789599609e+02 6.5793499756e+02 6.5798498535e+02 6.5802099609e+02 6.5804699707e+02 6.5807598877e+02 6.5812799072e+02 6.5816998291e+02 6.5820599365e+02
6.5672302246e+02 6.5672399902e+02 6.5672399902e+02 6.5673901367e+02 6.5677001953e+02 6.5682098389e+02 6.5686700439e+02 6.5686401367e+02 6.5687200928e+02 6.5688702393e+02 6.5689801025e+02 6.5692602539e+02 6.5692700195e+02 6.5694097900e+02 6.5697399902e+02 6.5698199463e+02 6.5698901367e+02 6.5701599121e+02 6.5705499268e+02 6.5708801270e+02 6.5712200928e+02 6.5714300537e+02 6.5718499756e+02 6.5720697021e+02 6.5724700928e+02 6.5728497314e+02 6.5731402588e+02 6.5739398193e+02 6.5745697021e+02 6.5750799561e+02 6.5754901123e+02 6.5759197998e+02 6.5765197754e+02 6.5769598389e+02 6.5773699951e+02 6.5777001953e+02 6.5780297852e+02 6.5783898926e+02 6.5788897705e+02 6.5792401123e+02 6.5796398926e+02 6.5799298096e+02 6.5802197266e+02 6.5806298828e+02 6.5810797119e+02 6.5815600586e+02
6.5670800781e+02 6.5671600342e+02 6.5672497559e+02 6.5674298096e+02 6.5677197266e+02 6.5681402588e+02 6.5685699463e+02 6.5686499023e+02 6.5686700439e+02 6.5686401367e+02 6.5686199951e+02 6.5688201904e+02 6.5689300537e+02 6.5691101074e+02 6.5693597412e+02 6.5695898438e+02 6.5697399902e+02 6.5700097656e+02 6.5702600098e+02 6.5705401611e+02 6.5708099365e+02 6.5708801270e+02 6.5713098145e+02 6.5714398193e+02 6.5717199707e+02 6.5721002197e+02 6.5725799561e+02 6.5731701660e+02 6.5737402344e+02 6.5742700195e+02 6.5747497559e+02 6.5751800537e+02 6.5757702637e+02 6.5762298584e+02 6.5765802002e+02 6.5769500732e+02 6.5772698975e+02 6.5776098633e+02 6.5781402588e+02 6.5784600830e+02 6.5789202881e+02 6.5793402100e+02 6.5797802734e+02 6.5801000977e+02 6.5804901123e+02 6.5808801270e+02
6.5670300293e+02 6.5670397949e+02 6.5671197510e+02 6.5674102783e+02 6.5677099609e+02 6.5679602051e+02 6.5682800293e+02 6.5684698486e+02 6.5685101318e+02 6.5684802246e+02 6.5684002686e+02 6.5685699463e+02 6.5688000488e+02 6.5690502930e+02 6.5692700195e+02 6.5694396973e+02 6.5696197510e+02 6.5700097656e+02 6.5703002930e+02 6.5704901123e+02 6.5707702637e+02 6.5708697510e+02 6.5710900879e+02 6.5710900879e+02 6.5712298584e+02 6.5714697266e+02 6.5719799805e+02 6.5723999023e+02 6.5728497314e+02 6.5733801270e+02 6.5739501953e+02 6.5744799805e+02 6.5751000977e+02 6.5755700684e+02 6.5759197998e+02 6.5764099121e+02 6.5767199707e+02 6.5769702148e+02 6.5775000000e+02 6.5780102539e+02 6.5784802246e+02 6.5788897705e+02 6.5792498779e+02 6.5795599365e+02 6.5799401855e+02 6.5802899170e+02
6.5669000244e+02 6.5669201660e+02 6.5669500732e+02 6.5672399902e+02 6.5676300049e+02 6.5678601074e+02 6.5680297852e+02 6.5681402588e+02 6.5682501221e+02 6.5683599854e+02 6.5683697510e+02 6.5684802246e+02 6.5686297607e+02 6.5688201904e+02 6.5690197754e+02 6.5692199707e+02 6.5695202637e+02 6.5699902344e+02 6.5704199219e+02 6.5705499268e+02 6.5706896973e+02 6.5707000732e+02 6.5707000732e+02 6.5708001709e+02 6.5708801270e+02 6.5710302734e+02 6.5714202881e+02 6.5717498779e+02 6.5721697998e+02 6.5726098633e+02 6.5730798340e+02 6.5736798096e+02 6.5742700195e+02 6.5748101807e+02 6.5753802490e+02 6.5758300781e+02 6.5761499023e+02 6.5764398193e+02 6.5769299316e+02 6.5775402832e+02 6.5779101563e+02 6.5782800293e+02 6.5786499023e+02 6.5790698242e+02 6.5794598389e+02 6.5798101807e+02
