TESTSERVER/14/6.asc
NCOLS 100
NROWS 100
XLLCORNER 8.1997500000e+03
YLLCORNER 2.8965025000e+05
CELLSIZE 5.0000000000e-01
NODATA_VALUE -9.9990000000e+03
[rows 40 to 59 of 100, columns 0 to 45 of 100]
6.5843499756e+02 6.5842498779e+02 6.5841198730e+02 6.5839898682e+02 6.5837902832e+02 6.5836499023e+02 6.5835900879e+02 6.5835998535e+02 6.5834497070e+02 6.5833801270e+02 6.5832702637e+02 6.5832202148e+02 6.5832098389e+02 6.5830401611e+02 6.5830200195e+02 6.5828997803e+02 6.5827099609e+02 6.5826098633e+02 6.5824401855e+02 6.5820898438e+02 6.5818298340e+02 6.5816198730e+02 6.5816198730e+02 6.5815600586e+02 6.5814300537e+02 6.5812402344e+02 6.5810797119e+02 6.5809802246e+02 6.5808599854e+02 6.5807800293e+02 6.5806298828e+02 6.5804199219e+02 6.5803302002e+02 6.5802301025e+02 6.5802801514e+02 6.5802197266e+02 6.5802600098e+02 6.5801202393e+02 6.5800598145e+02 6.5800500488e+02 6.5801098633e+02 6.5800000000e+02 6.5800097656e+02 6.5800000000e+02 6.5799298096e+02 6.5800299072e+02
6.5845202637e+02 6.5844201660e+02 6.5843701172e+02 6.5842498779e+02 6.5840997314e+02 6.5839501953e+02 6.5838800049e+02 6.5838702393e+02 6.5837500000e+02 6.5837298584e+02 6.5836297607e+02 6.5834899902e+02 6.5833197021e+02 6.5832702637e+02 6.5832702637e+02 6.5830999756e+02 6.5830200195e+02 6.5829400635e+02 6.5827600098e+02 6.5824700928e+02 6.5821099854e+02 6.5818499756e+02 6.5818298340e+02 6.5818200684e+02 6.5817102051e+02 6.5815100098e+02 6.5813897705e+02 6.5813000488e+02 6.5811700439e+02 6.5811602783e+02 6.5809497070e+02 6.5807202148e+02 6.5806799316e+02 6.5805200195e+02 6.5804400635e+02 6.5803601074e+02 6.5803601074e+02 6.5803399658e+02 6.5802801514e+02 6.5802001953e+02 6.5803399658e+02 6.5802398682e+02 6.5802197266e+02 6.5802099609e+02 6.5801300049e+02 6.5801702881e+02
6.5846697998e+02 6.5846099854e+02 6.5846197510e+02 6.5845599365e+02 6.5844000244e+02 6.5841497803e+02 6.5840600586e+02 6.5839697266e+02 6.5838598633e+02 6.5838598633e+02 6.5838098145e+02 6.5836700439e+02 6.5834899902e+02 6.5834600830e+02 6.5834497070e+02 6.5833099365e+02 6.5832598877e+02 6.5831097412e+02 6.5829797363e+02 6.5828497314e+02 6.5825701904e+02 6.5822198486e+02 6.5820697021e+02 6.5819000244e+02 6.5818499756e+02 6.5817700195e+02 6.5817797852e+02 6.5816400146e+02 6.5814599609e+02 6.5814099121e+02 6.5811901855e+02 6.5810302734e+02 6.5809899902e+02 6.5808599854e+02 6.5807098389e+02 6.5806201172e+02 6.5805297852e+02 6.5804998779e+02 6.5804199219e+02 6.5803497314e+02 6.5804498291e+02 6.5803302002e+02 6.5803302002e+02 6.5803802490e+02 6.5803302002e+02 6.5803100586e+02
6.5848699951e+02 6.5847497559e+02 6.5847399902e+02 6.5847497559e+02 6.5846099854e+02 6.5844097900e+02 6.5843298340e+02 6.5842102051e+02 6.5840197754e+02 6.5839898682e+02 6.5839898682e+02 6.5839599609e+02 6.5837799072e+02 6.5836199951e+02 6.5835900879e+02 6.5834600830e+02 6.5834197998e+02 6.5833801270e+02 6.5832202148e+02 6.5830798340e+02 6.5829498291e+02 6.5827398682e+02 6.5825097656e+02 6.5822198486e+02 6.5821099854e+02 6.5820202637e+02 6.5820898438e+02 6.5820001221e+02 6.5818103027e+02 6.5817199707e+02 6.5815399170e+02 6.5814001465e+02 6.5813000488e+02 6.5811602783e+02 6.5809899902e+02 6.5808898926e+02 6.5807800293e+02 6.5806896973e+02 6.5805603027e+02 6.5805401611e+02 6.5806201172e+02 6.5804400635e+02 6.5804699707e+02 6.5805603027e+02 6.5805297852e+02 6.5804901123e+02
6.5850201416e+02 6.5849102783e+02 6.5848400879e+02 6.5848297119e+02 6.5847399902e+02 6.5846398926e+02 6.5845800781e+02 6.5844702148e+02 6.5842797852e+02 6.5842199707e+02 6.5841802979e+02 6.5841601563e+02 6.5840698242e+02 6.5839599609e+02 6.5838598633e+02 6.5836499023e+02 6.5836199951e+02 6.5836297607e+02 6.5835101318e+02 6.5833599854e+02 6.5832397461e+02 6.5831701660e+02 6.5828997803e+02 6.5826599121e+02 6.5826202393e+02 6.5823901367e+02 6.5823297119e+02 6.5822802734e+02 6.5820599365e+02 6.5820397949e+02 6.5819097900e+02 6.5816802979e+02 6.5816101074e+02 6.5815100098e+02 6.5812597656e+02 6.5810900879e+02 6.5810498047e+02 6.5809802246e+02 6.5808197021e+02 6.5808099365e+02 6.5808398438e+02 6.5807897949e+02 6.5808398438e+02 6.5807897949e+02 6.5805999756e+02 6.5805798340e+02
6.5850500488e+02 6.5851098633e+02 6.5850299072e+02 6.5849102783e+02 6.5848602295e+02 6.5848999023e+02 6.5848602295e+02 6.5847399902e+02 6.5844702148e+02 6.5844201660e+02 6.5844000244e+02 6.5843200684e+02 6.5842797852e+02 6.5841101074e+02 6.5839801025e+02 6.5838598633e+02 6.5838397217e+02 6.5837200928e+02 6.5836901855e+02 6.5836798096e+02 6.5835601807e+02 6.5833898926e+02 6.5832800293e+02 6.5831896973e+02 6.5830603027e+02 6.5828198242e+02 6.5826501465e+02 6.5825500488e+02 6.5824102783e+02 6.5822900391e+02 6.5820397949e+02 6.5818298340e+02 6.5819396973e+02 6.5818103027e+02 6.5815600586e+02 6.5813897705e+02 6.5813702393e+02 6.5812902832e+02 6.5811199951e+02 6.5809899902e+02 6.5810699463e+02 6.5811297607e+02 6.5811401367e+02 6.5810198975e+02 6.5808099365e+02 6.5807000732e+02
6.5852301025e+02 6.5853198242e+02 6.5852001953e+02 6.5851000977e+02 6.5850799561e+02 6.5850799561e+02 6.5850201416e+02 6.5848797607e+02 6.5846801758e+02 6.5846502686e+02 6.5846502686e+02 6.5844598389e+02 6.5843298340e+02 6.5842901611e+02 6.5842901611e+02 6.5841802979e+02 6.5840197754e+02 6.5838598633e+02 6.5838702393e+02 6.5838702393e+02 6.5836999512e+02 6.5835101318e+02 6.5834899902e+02 6.5835302734e+02 6.5834600830e+02 6.5832397461e+02 6.5830603027e+02 6.5829400635e+02 6.5827502441e+02 6.5825500488e+02 6.5822802734e+02 6.5820300293e+02 6.5821099854e+02 6.5820501709e+02 6.5818902588e+02 6.5817797852e+02 6.5816601563e+02 6.5815197754e+02 6.5814300537e+02 6.5813000488e+02 6.5813397217e+02 6.5813598633e+02 6.5813397217e+02 6.5812402344e+02 6.5811199951e+02 6.5810601807e+02
6.5854302979e+02 6.5853997803e+02 6.5853302002e+02 6.5853198242e+02 6.5852301025e+02 6.5850402832e+02 6.5850598145e+02 6.5850299072e+02 6.5848901367e+02 6.5848498535e+02 6.5848199463e+02 6.5845800781e+02 6.5843701172e+02 6.5844201660e+02 6.5845501709e+02 6.5844500732e+02 6.5842498779e+02 6.5841400146e+02 6.5841400146e+02 6.5840399170e+02 6.5838000488e+02 6.5836700439e+02 6.5835900879e+02 6.5835797119e+02 6.5836602783e+02 6.5834997559e+02 6.5834399414e+02 6.5833502197e+02 6.5831201172e+02 6.5828900146e+02 6.5826898193e+02 6.5823901367e+02 6.5823797607e+02 6.5823297119e+02 6.5821899414e+02 6.5821099854e+02 6.5820001221e+02 6.5818902588e+02 6.5817498779e+02 6.5816900635e+02 6.5817199707e+02 6.5816101074e+02 6.5815100098e+02 6.5814202881e+02 6.5813500977e+02 6.5813800049e+02
6.5856500244e+02 6.5855798340e+02 6.5855499268e+02 6.5855401611e+02 6.5853302002e+02 6.5851501465e+02 6.5853002930e+02 6.5853802490e+02 6.5851202393e+02 6.5851501465e+02 6.5850701904e+02 6.5848699951e+02 6.5847802734e+02 6.5847100830e+02 6.5847100830e+02 6.5846600342e+02 6.5845697021e+02 6.5844598389e+02 6.5842999268e+02 6.5841802979e+02 6.5841101074e+02 6.5840997314e+02 6.5838500977e+02 6.5836999512e+02 6.5837902832e+02 6.5837500000e+02 6.5837701416e+02 6.5837097168e+02 6.5834997559e+02 6.5833398438e+02 6.5831298828e+02 6.5828100586e+02 6.5827301025e+02 6.5827301025e+02 6.5825598145e+02 6.5824102783e+02 6.5822802734e+02 6.5822698975e+02 6.5820501709e+02 6.5819702148e+02 6.5819201660e+02 6.5817797852e+02 6.5817498779e+02 6.5817297363e+02 6.5815002441e+02 6.5815197754e+02
6.5859399414e+02 6.5858300781e+02 6.5857800293e+02 6.5857397461e+02 6.5856597900e+02 6.5855902100e+02 6.5854998779e+02 6.5854699707e+02 6.5853399658e+02 6.5853601074e+02 6.5852600098e+02 6.5851501465e+02 6.5851000977e+02 6.5849902344e+02 6.5849700928e+02 6.5848602295e+02 6.5848101807e+02 6.5847497559e+02 6.5845397949e+02 6.5844598389e+02 6.5843597412e+02 6.5843103027e+02 6.5840899658e+02 6.5840399170e+02 6.5840698242e+02 6.5839898682e+02 6.5839501953e+02 6.5839001465e+02 6.5838201904e+02 6.5838201904e+02 6.5836602783e+02 6.5833801270e+02 6.5832202148e+02 6.5831701660e+02 6.5829498291e+02 6.5828002930e+02 6.5826501465e+02 6.5826702881e+02 6.5825500488e+02 6.5824499512e+02 6.5823199463e+02 6.5821398926e+02 6.5821301270e+02 6.5819702148e+02 6.5817401123e+02 6.5816900635e+02
6.5861798096e+02 6.5860998535e+02 6.5859899902e+02 6.5859100342e+02 6.5857702637e+02 6.5857501221e+02 6.5856799316e+02 6.5855999756e+02 6.5855297852e+02 6.5855603027e+02 6.5854797363e+02 6.5853601074e+02 6.5852801514e+02 6.5852301025e+02 6.5852502441e+02 6.5851098633e+02 6.5850598145e+02 6.5850201416e+02 6.5848400879e+02 6.5847698975e+02 6.5846197510e+02 6.5844897461e+02 6.5843200684e+02 6.5842999268e+02 6.5842602539e+02 6.5841699219e+02 6.5841400146e+02 6.5841101074e+02 6.5840502930e+02 6.5840997314e+02 6.5840197754e+02 6.5837701416e+02 6.5835302734e+02 6.5835400391e+02 6.5833801270e+02 6.5832800293e+02 6.5830798340e+02 6.5829699707e+02 6.5828399658e+02 6.5827398682e+02 6.5825799561e+02 6.5824102783e+02 6.5824102783e+02 6.5822601318e+02 6.5820898438e+02 6.5820300293e+02
6.5862597656e+02 6.5862402344e+02 6.5861602783e+02 6.5860998535e+02 6.5859802246e+02 6.5859301758e+02 6.5858898926e+02 6.5858099365e+02 6.5857397461e+02 6.5857501221e+02 6.5857299805e+02 6.5856402588e+02 6.5855401611e+02 6.5855200195e+02 6.5855297852e+02 6.5854498291e+02 6.5852600098e+02 6.5850897217e+02 6.5850097656e+02 6.5850097656e+02 6.5848602295e+02 6.5846502686e+02 6.5845098877e+02 6.5845202637e+02 6.5844702148e+02 6.5844201660e+02 6.5844201660e+02 6.5843798828e+02 6.5842602539e+02 6.5842700195e+02 6.5841998291e+02 6.5839898682e+02 6.5837200928e+02 6.5837799072e+02 6.5836901855e+02 6.5835998535e+02 6.5833898926e+02 6.5831298828e+02 6.5829101563e+02 6.5828497314e+02 6.5828198242e+02 6.5827697754e+02 6.5827502441e+02 6.5826000977e+02 6.5824102783e+02 6.5822900391e+02
6.5862902832e+02 6.5862799072e+02 6.5862298584e+02 6.5862402344e+02 6.5863098145e+02 6.5861700439e+02 6.5860400391e+02 6.5859698486e+02 6.5859497070e+02 6.5858801270e+02 6.5858398438e+02 6.5857800293e+02 6.5857897949e+02 6.5856500244e+02 6.5855798340e+02 6.5854901123e+02 6.5853100586e+02 6.5852398682e+02 6.5852099609e+02 6.5852398682e+02 6.5850402832e+02 6.5847698975e+02 6.5846899414e+02 6.5847497559e+02 6.5846997070e+02 6.5846697998e+02 6.5846301270e+02 6.5845599365e+02 6.5845202637e+02 6.5845098877e+02 6.5844598389e+02 6.5843103027e+02 6.5841302490e+02 6.5840899658e+02 6.5839501953e+02 6.5837597656e+02 6.5836700439e+02 6.5835101318e+02 6.5832897949e+02 6.5831701660e+02 6.5831701660e+02 6.5831701660e+02 6.5830297852e+02 6.5828900146e+02 6.5826702881e+02 6.5824597168e+02
6.5865002441e+02 6.5865600586e+02 6.5865502930e+02 6.5865802002e+02 6.5865997314e+02 6.5864398193e+02 6.5862902832e+02 6.5861401367e+02 6.5861102295e+02 6.5860900879e+02 6.5860302734e+02 6.5859899902e+02 6.5859997559e+02 6.5858898926e+02 6.5858197021e+02 6.5857202148e+02 6.5854901123e+02 6.5854498291e+02 6.5853900146e+02 6.5853497314e+02 6.5852398682e+02 6.5851599121e+02 6.5850201416e+02 6.5850299072e+02 6.5849499512e+02 6.5848999023e+02 6.5848297119e+02 6.5847998047e+02 6.5847900391e+02 6.5847698975e+02 6.5846600342e+02 6.5844702148e+02 6.5843798828e+02 6.5844299316e+02 6.5843298340e+02 6.5841699219e+02 6.5840197754e+02 6.5839202881e+02 6.5837597656e+02 6.5836199951e+02 6.5834600830e+02 6.5833197021e+02 6.5831298828e+02 6.5829699707e+02 6.5828100586e+02 6.5827697754e+02
6.5867999268e+02 6.5867498779e+02 6.5867199707e+02 6.5867498779e+02 6.5866900635e+02 6.5864898682e+02 6.5864501953e+02 6.5864001465e+02 6.5863598633e+02 6.5863800049e+02 6.5863598633e+02 6.5862500000e+02 6.5861901855e+02 6.5860101318e+02 6.5859399414e+02 6.5858898926e+02 6.5857098389e+02 6.5856500244e+02 6.5856097412e+02 6.5855902100e+02 6.5854901123e+02 6.5853997803e+02 6.5852502441e+02 6.5852697754e+02 6.5852398682e+02 6.5851300049e+02 6.5850000000e+02 6.5849798584e+02 6.5849798584e+02 6.5849499512e+02 6.5848999023e+02 6.5847601318e+02 6.5845800781e+02 6.5846801758e+02 6.5846398926e+02 6.5845202637e+02 6.5842602539e+02 6.5841601563e+02 6.5840301514e+02 6.5839398193e+02 6.5838299561e+02 6.5836499023e+02 6.5834197998e+02 6.5831701660e+02 6.5829498291e+02 6.5830297852e+02
6.5871899414e+02 6.5869598389e+02 6.5868499756e+02 6.5868597412e+02 6.5867901611e+02 6.5865899658e+02 6.5866601563e+02 6.5867199707e+02 6.5865802002e+02 6.5864898682e+02 6.5865197754e+02 6.5864599609e+02 6.5864099121e+02 6.5862701416e+02 6.5861999512e+02 6.5861700439e+02 6.5860101318e+02 6.5858898926e+02 6.5858398438e+02 6.5858001709e+02 6.5857299805e+02 6.5855902100e+02 6.5854901123e+02 6.5854998779e+02 6.5854302979e+02 6.5852899170e+02 6.5851800537e+02 6.5852301025e+02 6.5852502441e+02 6.5852197266e+02 6.5852001953e+02 6.5850701904e+02 6.5848400879e+02 6.5848901367e+02 6.5848101807e+02 6.5847198486e+02 6.5845001221e+02 6.5844000244e+02 6.5842602539e+02 6.5841601563e+02 6.5841302490e+02 6.5840002441e+02 6.5838299561e+02 6.5835699463e+02 6.5832501221e+02 6.5833197021e+02
6.5875897217e+02 6.5872698975e+02 6.5870599365e+02 6.5870300293e+02 6.5869598389e+02 6.5867700195e+02 6.5868402100e+02 6.5869299316e+02 6.5868597412e+02 6.5867901611e+02 6.5867498779e+02 6.5866699219e+02 6.5865197754e+02 6.5865197754e+02 6.5865100098e+02 6.5865002441e+02 6.5863598633e+02 6.5862402344e+02 6.5861999512e+02 6.5861700439e+02 6.5861499023e+02 6.5859301758e+02 6.5858398438e+02 6.5858197021e+02 6.5857000732e+02 6.5855102539e+02 6.5853997803e+02 6.5853802490e+02 6.5854101563e+02 6.5853601074e+02 6.5853302002e+02 6.5852697754e+02 6.5851599121e+02 6.5851702881e+02 6.5850097656e+02 6.5848699951e+02 6.5847399902e+02 6.5847302246e+02 6.5845397949e+02 6.5843402100e+02 6.5843298340e+02 6.5842700195e+02 6.5841497803e+02 6.5840002441e+02 6.5837902832e+02 6.5837597656e+02
6.5879699707e+02 6.5876397705e+02 6.5873199463e+02 6.5871301270e+02 6.5870397949e+02 6.5869702148e+02 6.5869799805e+02 6.5869500732e+02 6.5869000244e+02 6.5869201660e+02 6.5869299316e+02 6.5868597412e+02 6.5867700195e+02 6.5867401123e+02 6.5866601563e+02 6.5866601563e+02 6.5866601563e+02 6.5864898682e+02 6.5864001465e+02 6.5864001465e+02 6.5862902832e+02 6.5861798096e+02 6.5861401367e+02 6.5861401367e+02 6.5859802246e+02 6.5858001709e+02 6.5857000732e+02 6.5856097412e+02 6.5856597900e+02 6.5855902100e+02 6.5855200195e+02 6.5855102539e+02 6.5852697754e+02 6.5852001953e+02 6.5850799561e+02 6.5849499512e+02 6.5849200439e+02 6.5849798584e+02 6.5847998047e+02 6.5845898438e+02 6.5845300293e+02 6.5844299316e+02 6.5843701172e+02 6.5843597412e+02 6.5841400146e+02 6.5839001465e+02
6.5881402588e+02 6.5881402588e+02 6.5879101563e+02 6.5875598145e+02 6.5873199463e+02 6.5871600342e+02 6.5871600342e+02 6.5871502686e+02 6.5870800781e+02 6.5871002197e+02 6.5870501709e+02 6.5869897461e+02 6.5869201660e+02 6.5868701172e+02 6.5868103027e+02 6.5868798828e+02 6.5868902588e+02 6.5866998291e+02 6.5866601563e+02 6.5866699219e+02 6.5864898682e+02 6.5865002441e+02 6.5864599609e+02 6.5863897705e+02 6.5862097168e+02 6.5860797119e+02 6.5860198975e+02 6.5859497070e+02 6.5859002686e+02 6.5858001709e+02 6.5856799316e+02 6.5856701660e+02 6.5854901123e+02 6.5854998779e+02 6.5853997803e+02 6.5852899170e+02 6.5851898193e+02 6.5850701904e+02 6.5848901367e+02 6.5847900391e+02 6.5847302246e+02 6.5846398926e+02 6.5845898438e+02 6.5846002197e+02 6.5843701172e+02 6.5841302490e+02
6.5878302002e+02 6.5879498291e+02 6.5881597900e+02 6.5880200195e+02 6.5877001953e+02 6.5873602295e+02 6.5872900391e+02 6.5873400879e+02 6.5872802734e+02 6.5872900391e+02 6.5871899414e+02 6.5871099854e+02 6.5870599365e+02 6.5870202637e+02 6.5870501709e+02 6.5871600342e+02 6.5870300293e+02 6.5868902588e+02 6.5868902588e+02 6.5868798828e+02 6.5867102051e+02 6.5867797852e+02 6.5867401123e+02 6.5866998291e+02 6.5866198730e+02 6.5864398193e+02 6.5863299561e+02 6.5863098145e+02 6.5861901855e+02 6.5860699463e+02 6.5859600830e+02 6.5859600830e+02 6.5858502197e+02 6.5858398438e+02 6.5857202148e+02 6.5855999756e+02 6.5854199219e+02 6.5852099609e+02 6.5849902344e+02 6.5850097656e+02 6.5851000977e+02 6.5849200439e+02 6.5848297119e+02 6.5848400879e+02 6.5846002197e+02 6.5843499756e+02
