TESTSERVER/14/7.asc
NCOLS 100
NROWS 100
XLLCORNER 8.1997500000e+03
YLLCORNER 2.8960025000e+05
CELLSIZE 5.0000000000e-01
NODATA_VALUE -9.9990000000e+03
[rows 0 to 19 of 100, columns 0 to 45 of 100]
6.5857702637e+02 6.5859997559e+02 6.5861297607e+02 6.5862701416e+02 6.5864501953e+02 6.5865899658e+02 6.5866601563e+02 6.5867199707e+02 6.5869799805e+02 6.5871600342e+02 6.5872998047e+02 6.5874499512e+02 6.5874597168e+02 6.5876599121e+02 6.5878100586e+02 6.5879199219e+02 6.5880102539e+02 6.5880297852e+02 6.5882098389e+02 6.5882501221e+02 6.5884100342e+02 6.5884197998e+02 6.5887298584e+02 6.5888397217e+02 6.5886499023e+02 6.5887097168e+02 6.5887500000e+02 6.5887097168e+02 6.5888500977e+02 6.5887597656e+02 6.5889697266e+02 6.5891802979e+02 6.5892102051e+02 6.5896997070e+02 6.5901702881e+02 6.5902197266e+02 6.5900701904e+02 6.5902001953e+02 6.5903698730e+02 6.5902197266e+02 6.5899401855e+02 6.5901501465e+02 6.5904797363e+02 6.5906402588e+02 6.5904602051e+02 6.5900799561e+02
6.5853698730e+02 6.5855499268e+02 6.5857299805e+02 6.5859899902e+02 6.5861499023e+02 6.5862701416e+02 6.5864001465e+02 6.5865997314e+02 6.5867797852e+02 6.5869598389e+02 6.5870397949e+02 6.5872198486e+02 6.5872198486e+02 6.5873699951e+02 6.5876000977e+02 6.5877099609e+02 6.5877697754e+02 6.5877801514e+02 6.5879797363e+02 6.5880700684e+02 6.5881799316e+02 6.5881201172e+02 6.5883502197e+02 6.5885302734e+02 6.5886901855e+02 6.5885101318e+02 6.5885797119e+02 6.5884997559e+02 6.5885797119e+02 6.5885601807e+02 6.5887200928e+02 6.5889099121e+02 6.5889300537e+02 6.5891802979e+02 6.5896301270e+02 6.5901000977e+02 6.5902099609e+02 6.5898901367e+02 6.5899700928e+02 6.5901202393e+02 6.5900402832e+02 6.5900097656e+02 6.5901202393e+02 6.5903302002e+02 6.5903601074e+02 6.5901702881e+02
6.5851300049e+02 6.5852197266e+02 6.5854101563e+02 6.5856799316e+02 6.5858001709e+02 6.5859399414e+02 6.5860900879e+02 6.5862902832e+02 6.5864898682e+02 6.5867901611e+02 6.5868597412e+02 6.5869097900e+02 6.5869702148e+02 6.5871099854e+02 6.5872198486e+02 6.5873199463e+02 6.5875402832e+02 6.5876702881e+02 6.5878497314e+02 6.5878497314e+02 6.5878997803e+02 6.5879998779e+02 6.5881097412e+02 6.5882397461e+02 6.5885699463e+02 6.5883502197e+02 6.5884600830e+02 6.5884899902e+02 6.5884899902e+02 6.5884698486e+02 6.5886700439e+02 6.5888500977e+02 6.5888098145e+02 6.5889697266e+02 6.5892199707e+02 6.5896398926e+02 6.5901098633e+02 6.5899499512e+02 6.5898297119e+02 6.5898400879e+02 6.5901000977e+02 6.5901898193e+02 6.5900000000e+02 6.5900000000e+02 6.5902398682e+02 6.5902197266e+02
6.5850500488e+02 6.5850799561e+02 6.5851898193e+02 6.5853497314e+02 6.5854602051e+02 6.5856896973e+02 6.5858398438e+02 6.5860101318e+02 6.5861102295e+02 6.5864202881e+02 6.5866400146e+02 6.5866601563e+02 6.5866802979e+02 6.5869598389e+02 6.5869897461e+02 6.5870300293e+02 6.5872802734e+02 6.5874401855e+02 6.5876300049e+02 6.5876501465e+02 6.5876202393e+02 6.5877398682e+02 6.5878497314e+02 6.5879302979e+02 6.5882202148e+02 6.5881799316e+02 6.5882800293e+02 6.5883197021e+02 6.5883398438e+02 6.5882397461e+02 6.5883801270e+02 6.5885601807e+02 6.5886401367e+02 6.5888500977e+02 6.5890197754e+02 6.5891998291e+02 6.5896197510e+02 6.5898498535e+02 6.5898999023e+02 6.5897497559e+02 6.5898699951e+02 6.5901501465e+02 6.5900201416e+02 6.5897802734e+02 6.5899401855e+02 6.5900799561e+02
6.5847399902e+02 6.5848901367e+02 6.5849902344e+02 6.5850402832e+02 6.5851702881e+02 6.5854400635e+02 6.5856097412e+02 6.5857501221e+02 6.5857397461e+02 6.5859301758e+02 6.5863397217e+02 6.5864599609e+02 6.5865002441e+02 6.5866699219e+02 6.5867401123e+02 6.5868798828e+02 6.5869299316e+02 6.5869396973e+02 6.5871899414e+02 6.5874401855e+02 6.5875299072e+02 6.5874298096e+02 6.5876098633e+02 6.5877697754e+02 6.5878900146e+02 6.5879101563e+02 6.5880999756e+02 6.5882702637e+02 6.5883599854e+02 6.5882397461e+02 6.5882202148e+02 6.5882897949e+02 6.5884301758e+02 6.5887597656e+02 6.5888897705e+02 6.5889202881e+02 6.5891802979e+02 6.5893798828e+02 6.5897100830e+02 6.5898199463e+02 6.5896997070e+02 6.5897399902e+02 6.5899298096e+02 6.5898400879e+02 6.5896697998e+02 6.5896502686e+02
6.5843701172e+02 6.5846502686e+02 6.5847998047e+02 6.5848699951e+02 6.5849200439e+02 6.5851800537e+02 6.5853302002e+02 6.5854901123e+02 6.5855700684e+02 6.5856799316e+02 6.5859997559e+02 6.5861999512e+02 6.5863000488e+02 6.5863598633e+02 6.5864099121e+02 6.5865197754e+02 6.5865698242e+02 6.5865997314e+02 6.5869201660e+02 6.5871002197e+02 6.5871398926e+02 6.5872998047e+02 6.5874597168e+02 6.5875201416e+02 6.5876599121e+02 6.5877197266e+02 6.5878698730e+02 6.5879199219e+02 6.5880102539e+02 6.5880499268e+02 6.5880700684e+02 6.5881896973e+02 6.5882897949e+02 6.5885400391e+02 6.5887402344e+02 6.5888299561e+02 6.5889099121e+02 6.5890100098e+02 6.5893298340e+02 6.5896502686e+02 6.5896801758e+02 6.5894299316e+02 6.5894799805e+02 6.5897100830e+02 6.5899298096e+02 6.5896099854e+02
6.5839599609e+02 6.5842602539e+02 6.5844201660e+02 6.5845898438e+02 6.5846600342e+02 6.5848999023e+02 6.5851000977e+02 6.5852301025e+02 6.5853497314e+02 6.5855102539e+02 6.5857098389e+02 6.5858599854e+02 6.5859802246e+02 6.5860699463e+02 6.5861297607e+02 6.5862200928e+02 6.5863299561e+02 6.5864099121e+02 6.5867498779e+02 6.5869000244e+02 6.5868499756e+02 6.5869897461e+02 6.5871197510e+02 6.5872302246e+02 6.5874298096e+02 6.5875299072e+02 6.5876800537e+02 6.5877001953e+02 6.5877899170e+02 6.5878002930e+02 6.5878601074e+02 6.5881298828e+02 6.5881896973e+02 6.5882299805e+02 6.5884899902e+02 6.5886199951e+02 6.5886401367e+02 6.5887200928e+02 6.5889398193e+02 6.5892297363e+02 6.5896301270e+02 6.5895397949e+02 6.5893902588e+02 6.5893701172e+02 6.5897198486e+02 6.5896301270e+02
6.5835198975e+02 6.5837902832e+02 6.5839898682e+02 6.5841802979e+02 6.5842700195e+02 6.5845300293e+02 6.5847998047e+02 6.5849499512e+02 6.5850201416e+02 6.5851898193e+02 6.5853802490e+02 6.5855297852e+02 6.5856500244e+02 6.5858001709e+02 6.5859497070e+02 6.5859497070e+02 6.5860601807e+02 6.5861499023e+02 6.5864202881e+02 6.5866101074e+02 6.5866101074e+02 6.5867498779e+02 6.5868597412e+02 6.5869702148e+02 6.5870898438e+02 6.5871600342e+02 6.5873199463e+02 6.5874499512e+02 6.5876397705e+02 6.5876202393e+02 6.5877099609e+02 6.5879498291e+02 6.5879602051e+02 6.5879699707e+02 6.5881500244e+02 6.5882397461e+02 6.5882800293e+02 6.5884698486e+02 6.5885998535e+02 6.5887402344e+02 6.5891601563e+02 6.5894097900e+02 6.5895098877e+02 6.5892901611e+02 6.5892797852e+02 6.5895501709e+02
6.5829498291e+02 6.5832800293e+02 6.5835797119e+02 6.5837799072e+02 6.5838702393e+02 6.5841302490e+02 6.5844000244e+02 6.5846600342e+02 6.5849200439e+02 6.5849200439e+02 6.5851501465e+02 6.5853002930e+02 6.5852899170e+02 6.5855499268e+02 6.5857702637e+02 6.5857702637e+02 6.5858599854e+02 6.5859497070e+02 6.5862200928e+02 6.5863098145e+02 6.5863201904e+02 6.5865002441e+02 6.5866601563e+02 6.5867602539e+02 6.5867102051e+02 6.5869000244e+02 6.5870800781e+02 6.5871899414e+02 6.5872900391e+02 6.5873999023e+02 6.5875299072e+02 6.5876702881e+02 6.5876898193e+02 6.5877001953e+02 6.5878698730e+02 6.5879901123e+02 6.5879302979e+02 6.5882098389e+02 6.5883001709e+02 6.5883697510e+02 6.5885900879e+02 6.5889599609e+02 6.5894097900e+02 6.5895001221e+02 6.5893402100e+02 6.5891601563e+02
6.5827197266e+02 6.5829302979e+02 6.5831799316e+02 6.5834899902e+02 6.5835797119e+02 6.5839099121e+02 6.5841699219e+02 6.5843103027e+02 6.5844897461e+02 6.5846502686e+02 6.5849700928e+02 6.5850897217e+02 6.5849902344e+02 6.5852301025e+02 6.5853997803e+02 6.5854602051e+02 6.5855902100e+02 6.5857397461e+02 6.5860498047e+02 6.5860601807e+02 6.5860998535e+02 6.5861700439e+02 6.5863598633e+02 6.5865197754e+02 6.5865002441e+02 6.5867602539e+02 6.5868597412e+02 6.5869097900e+02 6.5869799805e+02 6.5871600342e+02 6.5873297119e+02 6.5874102783e+02 6.5874298096e+02 6.5875201416e+02 6.5875701904e+02 6.5877600098e+02 6.5877697754e+02 6.5879901123e+02 6.5880902100e+02 6.5882897949e+02 6.5884997559e+02 6.5885198975e+02 6.5888201904e+02 6.5892401123e+02 6.5893597412e+02 6.5890197754e+02
6.5823101807e+02 6.5825799561e+02 6.5827801514e+02 6.5830200195e+02 6.5831701660e+02 6.5835797119e+02 6.5838098145e+02 6.5839398193e+02 6.5840698242e+02 6.5842700195e+02 6.5845800781e+02 6.5847302246e+02 6.5847998047e+02 6.5850299072e+02 6.5850799561e+02 6.5850598145e+02 6.5852600098e+02 6.5854602051e+02 6.5856701660e+02 6.5856402588e+02 6.5857397461e+02 6.5857897949e+02 6.5859600830e+02 6.5861700439e+02 6.5862597656e+02 6.5864801025e+02 6.5866198730e+02 6.5867199707e+02 6.5867700195e+02 6.5870202637e+02 6.5871801758e+02 6.5872302246e+02 6.5872998047e+02 6.5874200439e+02 6.5873797607e+02 6.5874499512e+02 6.5875598145e+02 6.5877301025e+02 6.5877899170e+02 6.5879797363e+02 6.5882098389e+02 6.5882501221e+02 6.5884497070e+02 6.5887298584e+02 6.5890197754e+02 6.5890899658e+02
6.5817498779e+02 6.5820098877e+02 6.5822998047e+02 6.5825299072e+02 6.5827001953e+02 6.5830401611e+02 6.5832897949e+02 6.5835601807e+02 6.5837500000e+02 6.5839001465e+02 6.5841101074e+02 6.5842797852e+02 6.5845397949e+02 6.5848101807e+02 6.5848901367e+02 6.5848901367e+02 6.5849499512e+02 6.5850701904e+02 6.5852301025e+02 6.5852398682e+02 6.5853900146e+02 6.5854498291e+02 6.5855902100e+02 6.5858398438e+02 6.5859698486e+02 6.5861102295e+02 6.5863598633e+02 6.5865197754e+02 6.5865600586e+02 6.5867797852e+02 6.5869201660e+02 6.5870599365e+02 6.5871197510e+02 6.5871398926e+02 6.5871697998e+02 6.5872198486e+02 6.5872802734e+02 6.5874499512e+02 6.5875402832e+02 6.5876098633e+02 6.5878002930e+02 6.5879998779e+02 6.5882299805e+02 6.5883300781e+02 6.5884997559e+02 6.5887799072e+02
6.5814398193e+02 6.5816198730e+02 6.5818701172e+02 6.5820599365e+02 6.5823999023e+02 6.5826702881e+02 6.5828900146e+02 6.5831896973e+02 6.5835101318e+02 6.5834802246e+02 6.5836602783e+02 6.5839099121e+02 6.5841302490e+02 6.5843298340e+02 6.5845300293e+02 6.5846398926e+02 6.5846600342e+02 6.5846997070e+02 6.5848101807e+02 6.5849200439e+02 6.5850201416e+02 6.5851501465e+02 6.5853100586e+02 6.5855798340e+02 6.5857000732e+02 6.5859002686e+02 6.5861700439e+02 6.5862799072e+02 6.5862500000e+02 6.5864501953e+02 6.5866101074e+02 6.5867797852e+02 6.5868402100e+02 6.5868298340e+02 6.5868798828e+02 6.5869000244e+02 6.5871002197e+02 6.5873199463e+02 6.5874499512e+02 6.5874401855e+02 6.5874597168e+02 6.5878198242e+02 6.5879998779e+02 6.5879998779e+02 6.5881799316e+02 6.5883398438e+02
6.5810601807e+02 6.5811700439e+02 6.5814697266e+02 6.5816198730e+02 6.5818798828e+02 6.5821801758e+02 6.5824200439e+02 6.5826202393e+02 6.5829797363e+02 6.5831097412e+02 6.5833001709e+02 6.5834600830e+02 6.5836999512e+02 6.5839599609e+02 6.5841802979e+02 6.5842700195e+02 6.5843597412e+02 6.5843701172e+02 6.5845397949e+02 6.5846502686e+02 6.5847900391e+02 6.5850097656e+02 6.5851098633e+02 6.5852600098e+02 6.5853497314e+02 6.5856298828e+02 6.5858099365e+02 6.5859301758e+02 6.5860699463e+02 6.5862701416e+02 6.5863299561e+02 6.5864099121e+02 6.5864501953e+02 6.5864898682e+02 6.5866400146e+02 6.5866998291e+02 6.5868402100e+02 6.5870397949e+02 6.5872601318e+02 6.5872998047e+02 6.5871801758e+02 6.5873999023e+02 6.5875701904e+02 6.5875701904e+02 6.5878802490e+02 6.5880798340e+02
6.5806298828e+02 6.5807202148e+02 6.5810302734e+02 6.5812097168e+02 6.5813702393e+02 6.5816699219e+02 6.5819897461e+02 6.5822601318e+02 6.5825799561e+02 6.5827502441e+02 6.5829101563e+02 6.5830499268e+02 6.5832702637e+02 6.5834698486e+02 6.5837097168e+02 6.5838098145e+02 6.5839697266e+02 6.5840698242e+02 6.5842700195e+02 6.5843298340e+02 6.5845098877e+02 6.5846600342e+02 6.5847900391e+02 6.5850097656e+02 6.5850799561e+02 6.5853198242e+02 6.5853997803e+02 6.5855200195e+02 6.5858001709e+02 6.5859899902e+02 6.5860400391e+02 6.5861199951e+02 6.5861602783e+02 6.5863098145e+02 6.5864501953e+02 6.5864300537e+02 6.5865802002e+02 6.5867797852e+02 6.5869000244e+02 6.5869598389e+02 6.5869702148e+02 6.5870898438e+02 6.5871997070e+02 6.5872497559e+02 6.5874499512e+02 6.5875500488e+02
6.5800000000e+02 6.5801098633e+02 6.5804498291e+02 6.5807897949e+02 6.5809899902e+02 6.5812200928e+02 6.5815100098e+02 6.5817901611e+02 6.5820898438e+02 6.5822698975e+02 6.5824597168e+02 6.5826800537e+02 6.5828900146e+02 6.5830798340e+02 6.5833599854e+02 6.5834600830e+02 6.5835998535e+02 6.5837701416e+02 6.5839099121e+02 6.5839599609e+02 6.5842199707e+02 6.5842797852e+02 6.5844299316e+02 6.5847601318e+02 6.5848797607e+02 6.5849700928e+02 6.5850000000e+02 6.5851501465e+02 6.5853399658e+02 6.5855700684e+02 6.5857202148e+02 6.5858099365e+02 6.5858502197e+02 6.5860900879e+02 6.5862500000e+02 6.5862597656e+02 6.5863897705e+02 6.5865399170e+02 6.5864898682e+02 6.5865399170e+02 6.5867602539e+02 6.5868402100e+02 6.5869500732e+02 6.5870300293e+02 6.5871301270e+02 6.5872302246e+02
6.5794897461e+02 6.5796099854e+02 6.5799902344e+02 6.5804400635e+02 6.5806201172e+02 6.5809301758e+02 6.5811401367e+02 6.5812902832e+02 6.5816400146e+02 6.5818798828e+02 6.5821197510e+02 6.5822698975e+02 6.5823901367e+02 6.5826800537e+02 6.5829797363e+02 6.5830798340e+02 6.5832202148e+02 6.5833801270e+02 6.5834600830e+02 6.5834802246e+02 6.5837500000e+02 6.5839599609e+02 6.5841601563e+02 6.5843798828e+02 6.5844897461e+02 6.5845697021e+02 6.5846398926e+02 6.5848297119e+02 6.5848999023e+02 6.5852197266e+02 6.5854302979e+02 6.5854400635e+02 6.5854901123e+02 6.5857299805e+02 6.5858502197e+02 6.5860198975e+02 6.5861199951e+02 6.5861999512e+02 6.5861901855e+02 6.5862701416e+02 6.5864801025e+02 6.5865399170e+02 6.5865997314e+02 6.5867199707e+02 6.5869299316e+02 6.5870098877e+02
6.5790502930e+02 6.5791998291e+02 6.5794799805e+02 6.5797900391e+02 6.5799798584e+02 6.5804101563e+02 6.5807702637e+02 6.5808599854e+02 6.5809802246e+02 6.5812597656e+02 6.5815698242e+02 6.5817901611e+02 6.5819799805e+02 6.5822302246e+02 6.5824298096e+02 6.5825201416e+02 6.5826898193e+02 6.5829302979e+02 6.5831402588e+02 6.5832299805e+02 6.5834802246e+02 6.5836199951e+02 6.5838598633e+02 6.5840002441e+02 6.5840100098e+02 6.5841497803e+02 6.5842297363e+02 6.5844598389e+02 6.5845800781e+02 6.5848199463e+02 6.5850897217e+02 6.5851702881e+02 6.5852197266e+02 6.5854302979e+02 6.5855200195e+02 6.5857501221e+02 6.5857598877e+02 6.5858502197e+02 6.5858898926e+02 6.5860400391e+02 6.5863299561e+02 6.5863500977e+02 6.5862597656e+02 6.5863598633e+02 6.5866101074e+02 6.5866900635e+02
6.5784899902e+02 6.5787402344e+02 6.5789898682e+02 6.5792102051e+02 6.5794598389e+02 6.5798498535e+02 6.5802398682e+02 6.5804498291e+02 6.5805902100e+02 6.5807800293e+02 6.5809497070e+02 6.5811901855e+02 6.5814801025e+02 6.5817797852e+02 6.5819201660e+02 6.5819897461e+02 6.5822100830e+02 6.5823999023e+02 6.5826098633e+02 6.5827600098e+02 6.5830999756e+02 6.5832000732e+02 6.5835101318e+02 6.5837597656e+02 6.5837799072e+02 6.5839599609e+02 6.5840197754e+02 6.5841497803e+02 6.5842602539e+02 6.5844598389e+02 6.5846801758e+02 6.5848199463e+02 6.5849200439e+02 6.5851599121e+02 6.5852301025e+02 6.5853601074e+02 6.5854101563e+02 6.5856201172e+02 6.5856799316e+02 6.5857397461e+02 6.5859100342e+02 6.5859698486e+02 6.5859399414e+02 6.5860998535e+02 6.5862902832e+02 6.5863897705e+02
6.5778601074e+02 6.5781500244e+02 6.5784899902e+02 6.5787799072e+02 6.5790399170e+02 6.5792199707e+02 6.5794799805e+02 6.5797998047e+02 6.5801000977e+02 6.5803100586e+02 6.5804901123e+02 6.5807098389e+02 6.5809002686e+02 6.5812701416e+02 6.5814398193e+02 6.5816101074e+02 6.5818798828e+02 6.5818701172e+02 6.5821002197e+02 6.5823400879e+02 6.5826800537e+02 6.5827899170e+02 6.5829797363e+02 6.5831597900e+02 6.5833197021e+02 6.5835498047e+02 6.5835900879e+02 6.5836999512e+02 6.5839398193e+02 6.5841699219e+02 6.5843597412e+02 6.5844201660e+02 6.5844201660e+02 6.5846899414e+02 6.5848199463e+02 6.5849700928e+02 6.5851098633e+02 6.5853497314e+02 6.5854998779e+02 6.5855102539e+02 6.5854602051e+02 6.5855798340e+02 6.5857299805e+02 6.5859997559e+02 6.5860302734e+02 6.5860498047e+02
