TESTSERVER/14/7.asc
NCOLS 100
NROWS 100
XLLCORNER 8.1997500000e+03
YLLCORNER 2.8960025000e+05
CELLSIZE 5.0000000000e-01
NODATA_VALUE -9.9990000000e+03
[rows 80 to 99 of 100, columns 0 to 45 of 100]
6.5061602783e+02 6.5073699951e+02 6.5084698486e+02 6.5094897461e+02 6.5106799316e+02 6.5123999023e+02 6.5135699463e+02 6.5146301270e+02 6.5159399414e+02 6.5171502686e+02 6.5181799316e+02 6.5191802979e+02 6.5203802490e+02 6.5217102051e+02 6.5227301025e+02 6.5238598633e+02 6.5250598145e+02 6.5263897705e+02 6.5274902344e+02 6.5283801270e+02 6.5292401123e+02 6.5299902344e+02 6.5307800293e+02 6.5314898682e+02 6.5322399902e+02 6.5329302979e+02 6.5335302734e+02 6.5341198730e+02 6.5346899414e+02 6.5349597168e+02 6.5355401611e+02 6.5360601807e+02 6.5364398193e+02 6.5367401123e+02 6.5371801758e+02 6.5376300049e+02 6.5379797363e+02 6.5384100342e+02 6.5389398193e+02 6.5394000244e+02 6.5397998047e+02 6.5401000977e+02 6.5405902100e+02 6.5411602783e+02 6.5415399170e+02 6.5419201660e+02
6.5033898926e+02 6.5047100830e+02 6.5059100342e+02 6.5071301270e+02 6.5084698486e+02 6.5100299072e+02 6.5111700439e+02 6.5124499512e+02 6.5137597656e+02 6.5149902344e+02 6.5160797119e+02 6.5172698975e+02 6.5184802246e+02 6.5197802734e+02 6.5208697510e+02 6.5219097900e+02 6.5232397461e+02 6.5245800781e+02 6.5256896973e+02 6.5265502930e+02 6.5276300049e+02 6.5284698486e+02 6.5292199707e+02 6.5299700928e+02 6.5308398438e+02 6.5315899658e+02 6.5322601318e+02 6.5328399658e+02 6.5335101318e+02 6.5340002441e+02 6.5345800781e+02 6.5351098633e+02 6.5356500244e+02 6.5359002686e+02 6.5362402344e+02 6.5367199707e+02 6.5371801758e+02 6.5375299072e+02 6.5380102539e+02 6.5384197998e+02 6.5387298584e+02 6.5391998291e+02 6.5396801758e+02 6.5402398682e+02 6.5406701660e+02 6.5409997559e+02
6.5003399658e+02 6.5017401123e+02 6.5030499268e+02 6.5044598389e+02 6.5058801270e+02 6.5072601318e+02 6.5084997559e+02 6.5099200439e+02 6.5113598633e+02 6.5127001953e+02 6.5140197754e+02 6.5154797363e+02 6.5167498779e+02 6.5179400635e+02 6.5190301514e+02 6.5200598145e+02 6.5214501953e+02 6.5227697754e+02 6.5238201904e+02 6.5247698975e+02 6.5259600830e+02 6.5267901611e+02 6.5275500488e+02 6.5283502197e+02 6.5293103027e+02 6.5301202393e+02 6.5308801270e+02 6.5315399170e+02 6.5322802734e+02 6.5328198242e+02 6.5333099365e+02 6.5339001465e+02 6.5345300293e+02 6.5348999023e+02 6.5352899170e+02 6.5358398438e+02 6.5363897705e+02 6.5367102051e+02 6.5371099854e+02 6.5375097656e+02 6.5378497314e+02 6.5383197021e+02 6.5387701416e+02 6.5392797852e+02 6.5397497559e+02 6.5400701904e+02
6.4970599365e+02 6.4983197021e+02 6.4997198486e+02 6.5013500977e+02 6.5029302979e+02 6.5042999268e+02 6.5057299805e+02 6.5072497559e+02 6.5088598633e+02 6.5103802490e+02 6.5119097900e+02 6.5135101318e+02 6.5148101807e+02 6.5160601807e+02 6.5171899414e+02 6.5182299805e+02 6.5194799805e+02 6.5206597900e+02 6.5218103027e+02 6.5229797363e+02 6.5240899658e+02 6.5248602295e+02 6.5258697510e+02 6.5268402100e+02 6.5277301025e+02 6.5284399414e+02 6.5292700195e+02 6.5300897217e+02 6.5309997559e+02 6.5316400146e+02 6.5321801758e+02 6.5327697754e+02 6.5333197021e+02 6.5338500977e+02 6.5344000244e+02 6.5350097656e+02 6.5354602051e+02 6.5358001709e+02 6.5362200928e+02 6.5366302490e+02 6.5370599365e+02 6.5373999023e+02 6.5378100586e+02 6.5383300781e+02 6.5388000488e+02 6.5391497803e+02
6.4938800049e+02 6.4949200439e+02 6.4963299561e+02 6.4981701660e+02 6.4999798584e+02 6.5014001465e+02 6.5030499268e+02 6.5047698975e+02 6.5066302490e+02 6.5083197021e+02 6.5097601318e+02 6.5111401367e+02 6.5124298096e+02 6.5140301514e+02 6.5151702881e+02 6.5162402344e+02 6.5176898193e+02 6.5186401367e+02 6.5198297119e+02 6.5211901855e+02 6.5221697998e+02 6.5230499268e+02 6.5242797852e+02 6.5253497314e+02 6.5260400391e+02 6.5266998291e+02 6.5276000977e+02 6.5285400391e+02 6.5296600342e+02 6.5304498291e+02 6.5311297607e+02 6.5316101074e+02 6.5320898438e+02 6.5327001953e+02 6.5333599854e+02 6.5339697266e+02 6.5343701172e+02 6.5348297119e+02 6.5352697754e+02 6.5355499268e+02 6.5358801270e+02 6.5362597656e+02 6.5367797852e+02 6.5373602295e+02 6.5376599121e+02 6.5380603027e+02
6.4906597900e+02 6.4918200684e+02 6.4930999756e+02 6.4947399902e+02 6.4966699219e+02 6.4984997559e+02 6.5002398682e+02 6.5018798828e+02 6.5037597656e+02 6.5057501221e+02 6.5073101807e+02 6.5088598633e+02 6.5101800537e+02 6.5116400146e+02 6.5129901123e+02 6.5144000244e+02 6.5158001709e+02 6.5169299316e+02 6.5179998779e+02 6.5191699219e+02 6.5201501465e+02 6.5212500000e+02 6.5223999023e+02 6.5234997559e+02 6.5244299316e+02 6.5253698730e+02 6.5264898682e+02 6.5272497559e+02 6.5278399658e+02 6.5287500000e+02 6.5297198486e+02 6.5304302979e+02 6.5310198975e+02 6.5315899658e+02 6.5321801758e+02 6.5326898193e+02 6.5331799316e+02 6.5337799072e+02 6.5342797852e+02 6.5346502686e+02 6.5350799561e+02 6.5353802490e+02 6.5358599854e+02 6.5364599609e+02 6.5366998291e+02 6.5370697021e+02
6.4874798584e+02 6.4888702393e+02 6.4901800537e+02 6.4916802979e+02 6.4934698486e+02 6.4953497314e+02 6.4973101807e+02 6.4990002441e+02 6.5005401611e+02 6.5026501465e+02 6.5045098877e+02 6.5062902832e+02 6.5076898193e+02 6.5090399170e+02 6.5105999756e+02 6.5122601318e+02 6.5135900879e+02 6.5149102783e+02 6.5160498047e+02 6.5171600342e+02 6.5181402588e+02 6.5191400146e+02 6.5202099609e+02 6.5213897705e+02 6.5225799561e+02 6.5235699463e+02 6.5248498535e+02 6.5258197021e+02 6.5263299561e+02 6.5273199463e+02 6.5283398438e+02 6.5290399170e+02 6.5295697021e+02 6.5303198242e+02 6.5310302734e+02 6.5315997314e+02 6.5320898438e+02 6.5326397705e+02 6.5331896973e+02 6.5337200928e+02 6.5341400146e+02 6.5344897461e+02 6.5349902344e+02 6.5355401611e+02 6.5357800293e+02 6.5361798096e+02
6.4839898682e+02 6.4856097412e+02 6.4871398926e+02 6.4886798096e+02 6.4904400635e+02 6.4920501709e+02 6.4940100098e+02 6.4957702637e+02 6.4971002197e+02 6.4992102051e+02 6.5011798096e+02 6.5030499268e+02 6.5046398926e+02 6.5062402344e+02 6.5078497314e+02 6.5095800781e+02 6.5110699463e+02 6.5125201416e+02 6.5136999512e+02 6.5148602295e+02 6.5161499023e+02 6.5171697998e+02 6.5182299805e+02 6.5194299316e+02 6.5208099365e+02 6.5215899658e+02 6.5226800537e+02 6.5238500977e+02 6.5248199463e+02 6.5259100342e+02 6.5269799805e+02 6.5276702881e+02 6.5280200195e+02 6.5288500977e+02 6.5297497559e+02 6.5304699707e+02 6.5310101318e+02 6.5314001465e+02 6.5319097900e+02 6.5325097656e+02 6.5330200195e+02 6.5334301758e+02 6.5339099121e+02 6.5343902588e+02 6.5347100830e+02 6.5352600098e+02
6.4797399902e+02 6.4815301514e+02 6.4834997559e+02 6.4853100586e+02 6.4868798828e+02 6.4884301758e+02 6.4903601074e+02 6.4922998047e+02 6.4940197754e+02 6.4959698486e+02 6.4979101563e+02 6.4998602295e+02 6.5014099121e+02 6.5031896973e+02 6.5049597168e+02 6.5067401123e+02 6.5084301758e+02 6.5099200439e+02 6.5111700439e+02 6.5125500488e+02 6.5142999268e+02 6.5154602051e+02 6.5162597656e+02 6.5172497559e+02 6.5188897705e+02 6.5199798584e+02 6.5206597900e+02 6.5216302490e+02 6.5228997803e+02 6.5241497803e+02 6.5253802490e+02 6.5261401367e+02 6.5263897705e+02 6.5271099854e+02 6.5279699707e+02 6.5287902832e+02 6.5296099854e+02 6.5300000000e+02 6.5305603027e+02 6.5312298584e+02 6.5319799805e+02 6.5323498535e+02 6.5327502441e+02 6.5332000732e+02 6.5337701416e+02 6.5344396973e+02
6.4755902100e+02 6.4772802734e+02 6.4795001221e+02 6.4815301514e+02 6.4831097412e+02 6.4848602295e+02 6.4870599365e+02 6.4891998291e+02 6.4909899902e+02 6.4928198242e+02 6.4944500732e+02 6.4962200928e+02 6.4981298828e+02 6.5002301025e+02 6.5021099854e+02 6.5039099121e+02 6.5056402588e+02 6.5071099854e+02 6.5086499023e+02 6.5099401855e+02 6.5115399170e+02 6.5132299805e+02 6.5141497803e+02 6.5149700928e+02 6.5164697266e+02 6.5178698730e+02 6.5187402344e+02 6.5196301270e+02 6.5206298828e+02 6.5217297363e+02 6.5229699707e+02 6.5239001465e+02 6.5244097900e+02 6.5250598145e+02 6.5260101318e+02 6.5268499756e+02 6.5275500488e+02 6.5283801270e+02 6.5292102051e+02 6.5299298096e+02 6.5306097412e+02 6.5310498047e+02 6.5315698242e+02 6.5321099854e+02 6.5326000977e+02 6.5333898926e+02
6.4719702148e+02 6.4738299561e+02 6.4761297607e+02 6.4781896973e+02 6.4796801758e+02 6.4813397217e+02 6.4834399414e+02 6.4856500244e+02 6.4875598145e+02 6.4895697021e+02 6.4912402344e+02 6.4929302979e+02 6.4948602295e+02 6.4967401123e+02 6.4984997559e+02 6.5005401611e+02 6.5025799561e+02 6.5041601563e+02 6.5060998535e+02 6.5076702881e+02 6.5089801025e+02 6.5103997803e+02 6.5115399170e+02 6.5127001953e+02 6.5141101074e+02 6.5154199219e+02 6.5165002441e+02 6.5175201416e+02 6.5184698486e+02 6.5194598389e+02 6.5206500244e+02 6.5217401123e+02 6.5224902344e+02 6.5231402588e+02 6.5242401123e+02 6.5251800537e+02 6.5257501221e+02 6.5266302490e+02 6.5275500488e+02 6.5283599854e+02 6.5292401123e+02 6.5297698975e+02 6.5302600098e+02 6.5308099365e+02 6.5313598633e+02 6.5321398926e+02
6.4686297607e+02 6.4707397461e+02 6.4729101563e+02 6.4747698975e+02 6.4762097168e+02 6.4778900146e+02 6.4796997070e+02 6.4817602539e+02 6.4838500977e+02 6.4861297607e+02 6.4882397461e+02 6.4901501465e+02 6.4919201660e+02 6.4931201172e+02 6.4945697021e+02 6.4967999268e+02 6.4992797852e+02 6.5010900879e+02 6.5032702637e+02 6.5051000977e+02 6.5066101074e+02 6.5079901123e+02 6.5092401123e+02 6.5105700684e+02 6.5118402100e+02 6.5129797363e+02 6.5140997314e+02 6.5152197266e+02 6.5163098145e+02 6.5173297119e+02 6.5184497070e+02 6.5195800781e+02 6.5206097412e+02 6.5213299561e+02 6.5224499512e+02 6.5234002686e+02 6.5238702393e+02 6.5246002197e+02 6.5255999756e+02 6.5265399170e+02 6.5275897217e+02 6.5282299805e+02 6.5288201904e+02 6.5294598389e+02 6.5300897217e+02 6.5307501221e+02
6.4653698730e+02 6.4675299072e+02 6.4693402100e+02 6.4709497070e+02 6.4725097656e+02 6.4746600342e+02 6.4764697266e+02 6.4783502197e+02 6.4804602051e+02 6.4825201416e+02 6.4848999023e+02 6.4872100830e+02 6.4892102051e+02 6.4904199219e+02 6.4917401123e+02 6.4938098145e+02 6.4961901855e+02 6.4983599854e+02 6.5005603027e+02 6.5022998047e+02 6.5038000488e+02 6.5057897949e+02 6.5072399902e+02 6.5083697510e+02 6.5093798828e+02 6.5106701660e+02 6.5118798828e+02 6.5128601074e+02 6.5136999512e+02 6.5149499512e+02 6.5159497070e+02 6.5170501709e+02 6.5184197998e+02 6.5192901611e+02 6.5202899170e+02 6.5211901855e+02 6.5218298340e+02 6.5227398682e+02 6.5239300537e+02 6.5250402832e+02 6.5258801270e+02 6.5264202881e+02 6.5270501709e+02 6.5279400635e+02 6.5287402344e+02 6.5293597412e+02
6.4618798828e+02 6.4638000488e+02 6.4654602051e+02 6.4674298096e+02 6.4693298340e+02 6.4713397217e+02 6.4732897949e+02 6.4753802490e+02 6.4773901367e+02 6.4791900635e+02 6.4814300537e+02 6.4836499023e+02 6.4856597900e+02 6.4878198242e+02 6.4897601318e+02 6.4915100098e+02 6.4932800293e+02 6.4952197266e+02 6.4973101807e+02 6.4991699219e+02 6.5008801270e+02 6.5028997803e+02 6.5047198486e+02 6.5060198975e+02 6.5068798828e+02 6.5082397461e+02 6.5096099854e+02 6.5105902100e+02 6.5113702393e+02 6.5124499512e+02 6.5135198975e+02 6.5146801758e+02 6.5161199951e+02 6.5170697021e+02 6.5182000732e+02 6.5192401123e+02 6.5199298096e+02 6.5209899902e+02 6.5222302246e+02 6.5233099365e+02 6.5239501953e+02 6.5247198486e+02 6.5253497314e+02 6.5263098145e+02 6.5272497559e+02 6.5279400635e+02
6.4585302734e+02 6.4603198242e+02 6.4618200684e+02 6.4639001465e+02 6.4657702637e+02 6.4672601318e+02 6.4692602539e+02 6.4715698242e+02 6.4739300537e+02 6.4760699463e+02 6.4783197021e+02 6.4803698730e+02 6.4821899414e+02 6.4845697021e+02 6.4867901611e+02 6.4885998535e+02 6.4902801514e+02 6.4921997070e+02 6.4941998291e+02 6.4960601807e+02 6.4978802490e+02 6.4999200439e+02 6.5020098877e+02 6.5035797119e+02 6.5044598389e+02 6.5055102539e+02 6.5067297363e+02 6.5078100586e+02 6.5089001465e+02 6.5101300049e+02 6.5113000488e+02 6.5124298096e+02 6.5138098145e+02 6.5149597168e+02 6.5159600830e+02 6.5169702148e+02 6.5179699707e+02 6.5189501953e+02 6.5200799561e+02 6.5211499023e+02 6.5218103027e+02 6.5228399658e+02 6.5236199951e+02 6.5244702148e+02 6.5254101563e+02 6.5263897705e+02
6.4551202393e+02 6.4569598389e+02 6.4583898926e+02 6.4603399658e+02 6.4622698975e+02 6.4638000488e+02 6.4658599854e+02 6.4679901123e+02 6.4702197266e+02 6.4727600098e+02 6.4751599121e+02 6.4771398926e+02 6.4788598633e+02 6.4809600830e+02 6.4831298828e+02 6.4851800537e+02 6.4871899414e+02 6.4893701172e+02 6.4913702393e+02 6.4930999756e+02 6.4949200439e+02 6.4968298340e+02 6.4988702393e+02 6.5005902100e+02 6.5017401123e+02 6.5026702881e+02 6.5038702393e+02 6.5051300049e+02 6.5063800049e+02 6.5074200439e+02 6.5084802246e+02 6.5095202637e+02 6.5108099365e+02 6.5121002197e+02 6.5132299805e+02 6.5144897461e+02 6.5159100342e+02 6.5168701172e+02 6.5179101563e+02 6.5190399170e+02 6.5199798584e+02 6.5210198975e+02 6.5217999268e+02 6.5226000977e+02 6.5236102295e+02 6.5246899414e+02
6.4512597656e+02 6.4534100342e+02 6.4550201416e+02 6.4566998291e+02 6.4588897705e+02 6.4611700439e+02 6.4633001709e+02 6.4652600098e+02 6.4672198486e+02 6.4693701172e+02 6.4719201660e+02 6.4739501953e+02 6.4756701660e+02 6.4776501465e+02 6.4795800781e+02 6.4815600586e+02 6.4834802246e+02 6.4860797119e+02 6.4883599854e+02 6.4902697754e+02 6.4922998047e+02 6.4937097168e+02 6.4953900146e+02 6.4970898438e+02 6.4985998535e+02 6.4998297119e+02 6.5010900879e+02 6.5024499512e+02 6.5038098145e+02 6.5046801758e+02 6.5056597900e+02 6.5068200684e+02 6.5081298828e+02 6.5092297363e+02 6.5106597900e+02 6.5121697998e+02 6.5135400391e+02 6.5147900391e+02 6.5159197998e+02 6.5171301270e+02 6.5182299805e+02 6.5192999268e+02 6.5198797607e+02 6.5207598877e+02 6.5219702148e+02 6.5228900146e+02
6.4477600098e+02 6.4495599365e+02 6.4512097168e+02 6.4529498291e+02 6.4553198242e+02 6.4574298096e+02 6.4595800781e+02 6.4618200684e+02 6.4640100098e+02 6.4659600830e+02 6.4682397461e+02 6.4702899170e+02 6.4722497559e+02 6.4744299316e+02 6.4762597656e+02 6.4780902100e+02 6.4800299072e+02 6.4823498535e+02 6.4844396973e+02 6.4864202881e+02 6.4885699463e+02 6.4902001953e+02 6.4920697021e+02 6.4940002441e+02 6.4956701660e+02 6.4970898438e+02 6.4982000732e+02 6.4994897461e+02 6.5008697510e+02 6.5017102051e+02 6.5027899170e+02 6.5042602539e+02 6.5059997559e+02 6.5071099854e+02 6.5083697510e+02 6.5097198486e+02 6.5110900879e+02 6.5125500488e+02 6.5137298584e+02 6.5149499512e+02 6.5159600830e+02 6.5170501709e+02 6.5178997803e+02 6.5188098145e+02 6.5198797607e+02 6.5210900879e+02
6.4440600586e+02 6.4456500244e+02 6.4473797607e+02 6.4494299316e+02 6.4519201660e+02 6.4537701416e+02 6.4559100342e+02 6.4582098389e+02 6.4605102539e+02 6.4624499512e+02 6.4645800781e+02 6.4666699219e+02 6.4686798096e+02 6.4708502197e+02 6.4726300049e+02 6.4743701172e+02 6.4762701416e+02 6.4783300781e+02 6.4806298828e+02 6.4828900146e+02 6.4851202393e+02 6.4869396973e+02 6.4888702393e+02 6.4907000732e+02 6.4922698975e+02 6.4936901855e+02 6.4950000000e+02 6.4964099121e+02 6.4977600098e+02 6.4988299561e+02 6.5000097656e+02 6.5014001465e+02 6.5031799316e+02 6.5045001221e+02 6.5057299805e+02 6.5070397949e+02 6.5084002686e+02 6.5097698975e+02 6.5109997559e+02 6.5123901367e+02 6.5134497070e+02 6.5144702148e+02 6.5156799316e+02 6.5168298340e+02 6.5176599121e+02 6.5188500977e+02
6.4401599121e+02 6.4417401123e+02 6.4435797119e+02 6.4457501221e+02 6.4481097412e+02 6.4499102783e+02 6.4521697998e+02 6.4546600342e+02 6.4569500732e+02 6.4588299561e+02 6.4610302734e+02 6.4632800293e+02 6.4653601074e+02 6.4674401855e+02 6.4690600586e+02 6.4707000732e+02 6.4724798584e+02 6.4741699219e+02 6.4766101074e+02 6.4791101074e+02 6.4815899658e+02 6.4838098145e+02 6.4857000732e+02 6.4872900391e+02 6.4888397217e+02 6.4902697754e+02 6.4916998291e+02 6.4932000732e+02 6.4944799805e+02 6.4958197021e+02 6.4971197510e+02 6.4982800293e+02 6.4996801758e+02 6.5011999512e+02 6.5027197266e+02 6.5042102051e+02 6.5055700684e+02 6.5066601563e+02 6.5078997803e+02 6.5094299316e+02 6.5106896973e+02 6.5117498779e+02 6.5132000732e+02 6.5146502686e+02 6.5156500244e+02 6.5168701172e+02
