TESTSERVER/14/7.asc
NCOLS 100
NROWS 100
XLLCORNER 8.1997500000e+03
YLLCORNER 2.8960025000e+05
CELLSIZE 5.0000000000e-01
NODATA_VALUE -9.9990000000e+03
[rows 40 to 59 of 100, columns 0 to 45 of 100]
6.5632501221e+02 6.5636102295e+02 6.5638299561e+02 6.5639801025e+02 6.5643701172e+02 6.5646997070e+02 6.5648498535e+02 6.5652099609e+02 6.5657000732e+02 6.5657897949e+02 6.5661700439e+02 6.5666101074e+02 6.5669299316e+02 6.5669702148e+02 6.5671899414e+02 6.5675299072e+02 6.5680499268e+02 6.5683697510e+02 6.5685797119e+02 6.5688098145e+02 6.5692199707e+02 6.5694897461e+02 6.5698999023e+02 6.5703100586e+02 6.5706799316e+02 6.5710400391e+02 6.5713598633e+02 6.5715600586e+02 6.5718402100e+02 6.5722998047e+02 6.5725402832e+02 6.5727899170e+02 6.5731402588e+02 6.5733697510e+02 6.5735498047e+02 6.5739001465e+02 6.5742602539e+02 6.5745202637e+02 6.5748999023e+02 6.5752099609e+02 6.5754699707e+02 6.5759197998e+02 6.5762597656e+02 6.5766400146e+02 6.5771801758e+02 6.5772198486e+02
6.5623199463e+02 6.5626800537e+02 6.5628997803e+02 6.5630700684e+02 6.5634100342e+02 6.5637902832e+02 6.5640100098e+02 6.5642498779e+02 6.5646502686e+02 6.5649499512e+02 6.5653302002e+02 6.5657000732e+02 6.5659301758e+02 6.5660900879e+02 6.5663702393e+02 6.5667401123e+02 6.5671502686e+02 6.5673699951e+02 6.5676800537e+02 6.5680401611e+02 6.5684600830e+02 6.5688098145e+02 6.5691601563e+02 6.5695098877e+02 6.5697900391e+02 6.5701898193e+02 6.5707202148e+02 6.5710302734e+02 6.5712799072e+02 6.5716302490e+02 6.5719097900e+02 6.5721997070e+02 6.5724200439e+02 6.5726599121e+02 6.5728497314e+02 6.5731701660e+02 6.5735400391e+02 6.5739099121e+02 6.5741900635e+02 6.5744000244e+02 6.5746697998e+02 6.5751599121e+02 6.5756097412e+02 6.5759600830e+02 6.5763299561e+02 6.5764099121e+02
6.5613500977e+02 6.5616198730e+02 6.5619097900e+02 6.5621697998e+02 6.5624700928e+02 6.5628002930e+02 6.5630798340e+02 6.5633599854e+02 6.5637500000e+02 6.5640997314e+02 6.5644000244e+02 6.5647900391e+02 6.5650799561e+02 6.5653601074e+02 6.5656597900e+02 6.5659600830e+02 6.5662701416e+02 6.5664001465e+02 6.5667401123e+02 6.5672399902e+02 6.5676501465e+02 6.5680902100e+02 6.5684497070e+02 6.5687097168e+02 6.5688702393e+02 6.5693103027e+02 6.5699102783e+02 6.5703802490e+02 6.5706298828e+02 6.5708300781e+02 6.5710900879e+02 6.5714099121e+02 6.5716699219e+02 6.5719000244e+02 6.5721600342e+02 6.5725500488e+02 6.5728497314e+02 6.5731799316e+02 6.5734698486e+02 6.5737402344e+02 6.5740399170e+02 6.5745202637e+02 6.5748699951e+02 6.5752099609e+02 6.5756701660e+02 6.5757397461e+02
6.5603900146e+02 6.5606402588e+02 6.5610101318e+02 6.5613800049e+02 6.5616699219e+02 6.5618701172e+02 6.5621697998e+02 6.5625097656e+02 6.5628802490e+02 6.5632598877e+02 6.5636102295e+02 6.5640502930e+02 6.5642999268e+02 6.5646301270e+02 6.5648797607e+02 6.5651098633e+02 6.5654699707e+02 6.5656097412e+02 6.5658697510e+02 6.5663800049e+02 6.5668902588e+02 6.5673699951e+02 6.5678399658e+02 6.5681597900e+02 6.5681799316e+02 6.5685601807e+02 6.5689697266e+02 6.5694000244e+02 6.5697497559e+02 6.5699200439e+02 6.5701800537e+02 6.5705798340e+02 6.5709899902e+02 6.5712200928e+02 6.5714898682e+02 6.5718701172e+02 6.5720501709e+02 6.5723101807e+02 6.5726599121e+02 6.5730798340e+02 6.5734497070e+02 6.5738800049e+02 6.5740698242e+02 6.5744299316e+02 6.5750598145e+02 6.5751202393e+02
6.5596398926e+02 6.5598901367e+02 6.5600897217e+02 6.5604498291e+02 6.5607098389e+02 6.5609698486e+02 6.5613702393e+02 6.5617297363e+02 6.5619299316e+02 6.5622399902e+02 6.5626599121e+02 6.5632098389e+02 6.5634197998e+02 6.5638201904e+02 6.5641302490e+02 6.5644897461e+02 6.5648602295e+02 6.5648999023e+02 6.5651202393e+02 6.5654699707e+02 6.5660601807e+02 6.5664099121e+02 6.5669299316e+02 6.5674200439e+02 6.5675097656e+02 6.5679901123e+02 6.5682800293e+02 6.5685601807e+02 6.5688098145e+02 6.5690197754e+02 6.5693499756e+02 6.5698199463e+02 6.5704199219e+02 6.5704901123e+02 6.5708300781e+02 6.5711999512e+02 6.5713397217e+02 6.5716601563e+02 6.5718902588e+02 6.5722698975e+02 6.5726800537e+02 6.5730700684e+02 6.5732598877e+02 6.5735797119e+02 6.5739501953e+02 6.5743402100e+02
6.5587902832e+02 6.5590802002e+02 6.5592999268e+02 6.5595697021e+02 6.5596502686e+02 6.5600500488e+02 6.5604797363e+02 6.5608300781e+02 6.5611401367e+02 6.5612402344e+02 6.5616699219e+02 6.5622802734e+02 6.5626202393e+02 6.5630499268e+02 6.5632702637e+02 6.5635302734e+02 6.5638299561e+02 6.5640802002e+02 6.5645501709e+02 6.5648199463e+02 6.5651000977e+02 6.5655902100e+02 6.5660601807e+02 6.5663800049e+02 6.5665600586e+02 6.5671002197e+02 6.5674200439e+02 6.5676599121e+02 6.5679400635e+02 6.5683099365e+02 6.5686602783e+02 6.5690301514e+02 6.5695098877e+02 6.5696301270e+02 6.5700201416e+02 6.5703997803e+02 6.5706298828e+02 6.5710498047e+02 6.5712902832e+02 6.5715600586e+02 6.5718499756e+02 6.5723101807e+02 6.5726800537e+02 6.5729199219e+02 6.5732000732e+02 6.5734899902e+02
6.5578399658e+02 6.5582202148e+02 6.5584301758e+02 6.5586102295e+02 6.5587597656e+02 6.5592102051e+02 6.5595202637e+02 6.5599102783e+02 6.5604302979e+02 6.5604498291e+02 6.5608197021e+02 6.5612799072e+02 6.5617199707e+02 6.5622198486e+02 6.5625201416e+02 6.5627697754e+02 6.5630102539e+02 6.5633502197e+02 6.5637799072e+02 6.5641198730e+02 6.5643499756e+02 6.5647497559e+02 6.5651800537e+02 6.5654699707e+02 6.5655902100e+02 6.5660302734e+02 6.5664501953e+02 6.5667999268e+02 6.5670599365e+02 6.5673999023e+02 6.5677600098e+02 6.5680999756e+02 6.5686401367e+02 6.5689501953e+02 6.5693298340e+02 6.5696899414e+02 6.5699102783e+02 6.5703497314e+02 6.5707202148e+02 6.5710400391e+02 6.5712097168e+02 6.5715698242e+02 6.5719897461e+02 6.5722399902e+02 6.5724902344e+02 6.5726702881e+02
6.5568200684e+02 6.5572998047e+02 6.5575000000e+02 6.5577099609e+02 6.5581097412e+02 6.5584002686e+02 6.5585699463e+02 6.5590197754e+02 6.5596301270e+02 6.5597698975e+02 6.5601599121e+02 6.5604998779e+02 6.5607501221e+02 6.5612200928e+02 6.5617199707e+02 6.5621301270e+02 6.5623297119e+02 6.5625402832e+02 6.5628900146e+02 6.5633502197e+02 6.5636700439e+02 6.5638702393e+02 6.5641998291e+02 6.5645300293e+02 6.5646899414e+02 6.5650701904e+02 6.5654797363e+02 6.5659100342e+02 6.5661297607e+02 6.5664501953e+02 6.5669097900e+02 6.5672399902e+02 6.5676501465e+02 6.5680401611e+02 6.5684600830e+02 6.5688702393e+02 6.5691101074e+02 6.5695397949e+02 6.5700201416e+02 6.5703802490e+02 6.5705297852e+02 6.5708300781e+02 6.5712200928e+02 6.5714898682e+02 6.5717901611e+02 6.5720001221e+02
6.5558001709e+02 6.5561602783e+02 6.5565399170e+02 6.5569500732e+02 6.5574700928e+02 6.5577502441e+02 6.5578100586e+02 6.5580297852e+02 6.5585101318e+02 6.5590301514e+02 6.5594396973e+02 6.5596398926e+02 6.5597698975e+02 6.5601599121e+02 6.5606402588e+02 6.5611102295e+02 6.5614599609e+02 6.5617700195e+02 6.5620898438e+02 6.5624700928e+02 6.5627398682e+02 6.5630297852e+02 6.5633001709e+02 6.5636102295e+02 6.5639001465e+02 6.5642401123e+02 6.5645898438e+02 6.5649798584e+02 6.5651800537e+02 6.5655603027e+02 6.5662200928e+02 6.5665899658e+02 6.5668103027e+02 6.5671002197e+02 6.5675299072e+02 6.5678997803e+02 6.5682000732e+02 6.5688299561e+02 6.5693103027e+02 6.5696002197e+02 6.5697802734e+02 6.5701800537e+02 6.5704797363e+02 6.5707598877e+02 6.5710601807e+02 6.5714801025e+02
6.5549401855e+02 6.5552197266e+02 6.5555401611e+02 6.5559100342e+02 6.5561798096e+02 6.5565997314e+02 6.5570202637e+02 6.5573699951e+02 6.5576898193e+02 6.5580902100e+02 6.5585302734e+02 6.5587200928e+02 6.5590197754e+02 6.5594598389e+02 6.5597698975e+02 6.5600299072e+02 6.5603802490e+02 6.5608801270e+02 6.5612500000e+02 6.5615502930e+02 6.5617999268e+02 6.5621801758e+02 6.5625299072e+02 6.5628002930e+02 6.5630401611e+02 6.5632702637e+02 6.5634899902e+02 6.5640197754e+02 6.5644500732e+02 6.5647399902e+02 6.5652301025e+02 6.5656298828e+02 6.5660797119e+02 6.5665002441e+02 6.5668499756e+02 6.5671301270e+02 6.5674401855e+02 6.5679101563e+02 6.5683001709e+02 6.5686602783e+02 6.5691302490e+02 6.5695098877e+02 6.5697698975e+02 6.5701501465e+02 6.5703497314e+02 6.5706896973e+02
6.5538800049e+02 6.5542498779e+02 6.5545599365e+02 6.5549499512e+02 6.5552301025e+02 6.5555798340e+02 6.5560302734e+02 6.5565502930e+02 6.5569201660e+02 6.5571398926e+02 6.5575598145e+02 6.5578399658e+02 6.5581896973e+02 6.5585198975e+02 6.5587902832e+02 6.5590698242e+02 6.5593798828e+02 6.5600402832e+02 6.5603601074e+02 6.5606097412e+02 6.5608300781e+02 6.5611999512e+02 6.5616101074e+02 6.5619097900e+02 6.5621099854e+02 6.5623101807e+02 6.5625299072e+02 6.5630401611e+02 6.5635998535e+02 6.5639300537e+02 6.5642199707e+02 6.5645501709e+02 6.5650598145e+02 6.5655499268e+02 6.5660400391e+02 6.5664001465e+02 6.5666699219e+02 6.5670202637e+02 6.5673400879e+02 6.5677502441e+02 6.5682897949e+02 6.5686901855e+02 6.5689697266e+02 6.5693499756e+02 6.5695898438e+02 6.5699700928e+02
6.5526702881e+02 6.5531097412e+02 6.5535601807e+02 6.5540399170e+02 6.5543298340e+02 6.5545898438e+02 6.5548901367e+02 6.5553601074e+02 6.5559002686e+02 6.5562097168e+02 6.5566699219e+02 6.5568902588e+02 6.5572100830e+02 6.5575402832e+02 6.5578399658e+02 6.5581896973e+02 6.5584497070e+02 6.5590197754e+02 6.5592999268e+02 6.5596197510e+02 6.5600201416e+02 6.5603302002e+02 6.5606597900e+02 6.5609802246e+02 6.5612597656e+02 6.5615399170e+02 6.5618597412e+02 6.5622198486e+02 6.5626702881e+02 6.5631402588e+02 6.5634100342e+02 6.5636901855e+02 6.5640502930e+02 6.5644396973e+02 6.5649798584e+02 6.5654699707e+02 6.5658697510e+02 6.5662200928e+02 6.5665600586e+02 6.5669702148e+02 6.5673602295e+02 6.5677899170e+02 6.5682098389e+02 6.5686401367e+02 6.5689099121e+02 6.5691900635e+02
6.5515899658e+02 6.5519702148e+02 6.5524298096e+02 6.5528698730e+02 6.5532397461e+02 6.5535998535e+02 6.5539599609e+02 6.5543200684e+02 6.5547698975e+02 6.5551800537e+02 6.5556701660e+02 6.5559100342e+02 6.5562902832e+02 6.5566101074e+02 6.5569097900e+02 6.5572302246e+02 6.5574700928e+02 6.5578002930e+02 6.5581896973e+02 6.5586798096e+02 6.5592602539e+02 6.5594897461e+02 6.5596801758e+02 6.5601000977e+02 6.5604998779e+02 6.5607598877e+02 6.5611199951e+02 6.5614099121e+02 6.5616998291e+02 6.5621801758e+02 6.5625598145e+02 6.5629998779e+02 6.5633300781e+02 6.5635797119e+02 6.5639300537e+02 6.5644299316e+02 6.5650799561e+02 6.5653399658e+02 6.5656896973e+02 6.5661602783e+02 6.5665997314e+02 6.5668402100e+02 6.5673400879e+02 6.5678900146e+02 6.5682202148e+02 6.5684100342e+02
6.5502301025e+02 6.5508197021e+02 6.5512701416e+02 6.5517498779e+02 6.5521997070e+02 6.5526397705e+02 6.5529498291e+02 6.5532598877e+02 6.5536700439e+02 6.5540399170e+02 6.5544201660e+02 6.5548602295e+02 6.5553399658e+02 6.5556201172e+02 6.5558898926e+02 6.5562097168e+02 6.5565301514e+02 6.5569000244e+02 6.5572900391e+02 6.5576300049e+02 6.5580401611e+02 6.5584002686e+02 6.5587597656e+02 6.5592102051e+02 6.5595599365e+02 6.5598297119e+02 6.5601800537e+02 6.5605902100e+02 6.5608599854e+02 6.5610601807e+02 6.5614801025e+02 6.5619897461e+02 6.5623602295e+02 6.5628002930e+02 6.5632800293e+02 6.5636602783e+02 6.5640399170e+02 6.5643402100e+02 6.5647802734e+02 6.5653399658e+02 6.5659100342e+02 6.5662597656e+02 6.5665002441e+02 6.5669000244e+02 6.5673999023e+02 6.5678802490e+02
6.5491400146e+02 6.5496002197e+02 6.5500402832e+02 6.5505499268e+02 6.5509997559e+02 6.5515997314e+02 6.5519201660e+02 6.5522302246e+02 6.5527099609e+02 6.5531402588e+02 6.5533898926e+02 6.5536499023e+02 6.5540600586e+02 6.5545397949e+02 6.5549102783e+02 6.5552197266e+02 6.5555700684e+02 6.5558801270e+02 6.5561901855e+02 6.5564898682e+02 6.5568701172e+02 6.5573400879e+02 6.5578497314e+02 6.5582202148e+02 6.5584197998e+02 6.5587799072e+02 6.5591601563e+02 6.5596301270e+02 6.5599902344e+02 6.5602099609e+02 6.5605700684e+02 6.5609497070e+02 6.5613397217e+02 6.5618298340e+02 6.5624102783e+02 6.5627801514e+02 6.5630297852e+02 6.5633599854e+02 6.5638702393e+02 6.5644201660e+02 6.5649902344e+02 6.5655700684e+02 6.5657702637e+02 6.5659600830e+02 6.5664599609e+02 6.5670202637e+02
6.5480603027e+02 6.5484497070e+02 6.5489697266e+02 6.5493499756e+02 6.5496197510e+02 6.5502600098e+02 6.5507000732e+02 6.5511199951e+02 6.5515600586e+02 6.5520800781e+02 6.5523699951e+02 6.5525799561e+02 6.5529901123e+02 6.5534899902e+02 6.5538800049e+02 6.5542199707e+02 6.5546099854e+02 6.5549597168e+02 6.5552899170e+02 6.5555999756e+02 6.5559100342e+02 6.5563897705e+02 6.5567999268e+02 6.5571002197e+02 6.5572497559e+02 6.5576898193e+02 6.5581097412e+02 6.5585699463e+02 6.5589001465e+02 6.5592797852e+02 6.5597302246e+02 6.5600701904e+02 6.5604101563e+02 6.5607800293e+02 6.5613702393e+02 6.5618402100e+02 6.5621197510e+02 6.5625097656e+02 6.5630499268e+02 6.5635198975e+02 6.5639599609e+02 6.5646002197e+02 6.5649298096e+02 6.5651599121e+02 6.5656298828e+02 6.5660601807e+02
6.5467199707e+02 6.5470098877e+02 6.5477001953e+02 6.5481097412e+02 6.5484497070e+02 6.5490002441e+02 6.5494897461e+02 6.5499798584e+02 6.5504101563e+02 6.5507702637e+02 6.5511401367e+02 6.5515698242e+02 6.5521099854e+02 6.5525097656e+02 6.5527801514e+02 6.5532000732e+02 6.5537200928e+02 6.5540301514e+02 6.5544000244e+02 6.5547100830e+02 6.5549298096e+02 6.5555401611e+02 6.5557299805e+02 6.5558599854e+02 6.5561798096e+02 6.5567401123e+02 6.5571398926e+02 6.5575201416e+02 6.5579199219e+02 6.5583599854e+02 6.5589801025e+02 6.5594000244e+02 6.5596398926e+02 6.5600000000e+02 6.5604998779e+02 6.5609301758e+02 6.5611798096e+02 6.5617602539e+02 6.5622900391e+02 6.5627099609e+02 6.5630798340e+02 6.5635498047e+02 6.5640002441e+02 6.5643701172e+02 6.5646801758e+02 6.5651599121e+02
6.5453198242e+02 6.5459600830e+02 6.5465802002e+02 6.5469097900e+02 6.5473199463e+02 6.5478497314e+02 6.5483898926e+02 6.5489501953e+02 6.5495001221e+02 6.5496997070e+02 6.5501098633e+02 6.5506298828e+02 6.5509002686e+02 6.5514300537e+02 6.5517297363e+02 6.5521099854e+02 6.5526300049e+02 6.5529699707e+02 6.5532202148e+02 6.5535998535e+02 6.5539898682e+02 6.5544097900e+02 6.5546801758e+02 6.5549499512e+02 6.5553900146e+02 6.5557501221e+02 6.5559899902e+02 6.5563201904e+02 6.5568597412e+02 6.5573101807e+02 6.5577899170e+02 6.5582202148e+02 6.5585797119e+02 6.5591497803e+02 6.5596099854e+02 6.5599298096e+02 6.5601898193e+02 6.5607299805e+02 6.5611999512e+02 6.5616998291e+02 6.5622302246e+02 6.5625799561e+02 6.5629699707e+02 6.5634600830e+02 6.5638598633e+02 6.5642700195e+02
6.5442297363e+02 6.5448101807e+02 6.5452899170e+02 6.5456896973e+02 6.5461999512e+02 6.5466802979e+02 6.5471801758e+02 6.5477301025e+02 6.5482897949e+02 6.5485699463e+02 6.5490197754e+02 6.5495800781e+02 6.5498400879e+02 6.5503002930e+02 6.5505999756e+02 6.5509698486e+02 6.5514202881e+02 6.5518402100e+02 6.5520599365e+02 6.5524499512e+02 6.5530297852e+02 6.5533001709e+02 6.5536102295e+02 6.5540100098e+02 6.5544299316e+02 6.5547302246e+02 6.5549902344e+02 6.5553802490e+02 6.5558898926e+02 6.5563098145e+02 6.5567602539e+02 6.5571899414e+02 6.5576000977e+02 6.5581701660e+02 6.5586700439e+02 6.5590802002e+02 6.5594201660e+02 6.5598101807e+02 6.5602197266e+02 6.5607598877e+02 6.5613098145e+02 6.5616802979e+02 6.5620397949e+02 6.5625897217e+02 6.5630401611e+02 6.5633099365e+02
6.5431701660e+02 6.5435797119e+02 6.5439898682e+02 6.5445001221e+02 6.5450402832e+02 6.5455401611e+02 6.5460400391e+02 6.5465301514e+02 6.5470397949e+02 6.5475701904e+02 6.5480200195e+02 6.5484600830e+02 6.5488299561e+02 6.5493103027e+02 6.5496002197e+02 6.5499902344e+02 6.5503100586e+02 6.5506402588e+02 6.5509399414e+02 6.5513201904e+02 6.5518701172e+02 6.5522302246e+02 6.5526300049e+02 6.5530297852e+02 6.5533398438e+02 6.5536798096e+02 6.5540502930e+02 6.5545397949e+02 6.5550097656e+02 6.5553802490e+02 6.5557897949e+02 6.5561901855e+02 6.5566802979e+02 6.5571697998e+02 6.5576397705e+02 6.5581298828e+02 6.5585400391e+02 6.5588500977e+02 6.5592700195e+02 6.5597998047e+02 6.5603100586e+02 6.5607397461e+02 6.5611297607e+02 6.5616900635e+02 6.5620800781e+02 6.5623999023e+02
