TESTSERVER/14/8.asc
NCOLS 100
NROWS 100
XLLCORNER 8.1997500000e+03
YLLCORNER 2.8955025000e+05
CELLSIZE 5.0000000000e-01
NODATA_VALUE -9.9990000000e+03
[rows 80 to 99 of 100, columns 46 to 91 of 100]
6.2784197998e+02 6.2793103027e+02 6.2803002930e+02 6.2814099121e+02 6.2822998047e+02 6.2830798340e+02 6.2838800049e+02 6.2850402832e+02 6.2862701416e+02 6.2874597168e+02 6.2883300781e+02 6.2896502686e+02 6.2909997559e+02 6.2922998047e+02 6.2936700439e+02 6.2951098633e+02 6.2964398193e+02 6.2976501465e+02 6.2988702393e+02 6.3001000977e+02 6.3015997314e+02 6.3030401611e+02 6.3043298340e+02 6.3057000732e+02 6.3068798828e+02 6.3081597900e+02 6.3096600342e+02 6.3110198975e+02 6.3121301270e+02 6.3133099365e+02 6.3144500732e+02 6.3155200195e+02 6.3166400146e+02 6.3177697754e+02 6.3190002441e+02 6.3198999023e+02 6.3212902832e+02 6.3228100586e+02 6.3241699219e+02 6.3257501221e+02 6.3268798828e+02 6.3277398682e+02 6.3285797119e+02 6.3291601563e+02 6.3300701904e+02 6.3310198975e+02
6.2771801758e+02 6.2781896973e+02 6.2789898682e+02 6.2799102783e+02 6.2808197021e+02 6.2817401123e+02 6.2827600098e+02 6.2839099121e+02 6.2850299072e+02 6.2861297607e+02 6.2868597412e+02 6.2878997803e+02 6.2892297363e+02 6.2905700684e+02 6.2918597412e+02 6.2931597900e+02 6.2944500732e+02 6.2957299805e+02 6.2970098877e+02 6.2982000732e+02 6.2995397949e+02 6.3008300781e+02 6.3019897461e+02 6.3033599854e+02 6.3045300293e+02 6.3057299805e+02 6.3071697998e+02 6.3083898926e+02 6.3096099854e+02 6.3111798096e+02 6.3126000977e+02 6.3136798096e+02 6.3149401855e+02 6.3161297607e+02 6.3172802734e+02 6.3180902100e+02 6.3191802979e+02 6.3205499268e+02 6.3220202637e+02 6.3237200928e+02 6.3251202393e+02 6.3262200928e+02 6.3274499512e+02 6.3283099365e+02 6.3291101074e+02 6.3299499512e+02
6.2758001709e+02 6.2769201660e+02 6.2777197266e+02 6.2785498047e+02 6.2794396973e+02 6.2803802490e+02 6.2816101074e+02 6.2827502441e+02 6.2836700439e+02 6.2846502686e+02 6.2854602051e+02 6.2864898682e+02 6.2877398682e+02 6.2889898682e+02 6.2901599121e+02 6.2913500977e+02 6.2925299072e+02 6.2937097168e+02 6.2950402832e+02 6.2962298584e+02 6.2975097656e+02 6.2987597656e+02 6.2998999023e+02 6.3011798096e+02 6.3023101807e+02 6.3034802246e+02 6.3048101807e+02 6.3060101318e+02 6.3072198486e+02 6.3087200928e+02 6.3101098633e+02 6.3112298584e+02 6.3127502441e+02 6.3141497803e+02 6.3154797363e+02 6.3167498779e+02 6.3175402832e+02 6.3184802246e+02 6.3196197510e+02 6.3212402344e+02 6.3227301025e+02 6.3241101074e+02 6.3258398438e+02 6.3269299316e+02 6.3279998779e+02 6.3290899658e+02
6.2746099854e+02 6.2756201172e+02 6.2765301514e+02 6.2773699951e+02 6.2781500244e+02 6.2790997314e+02 6.2803302002e+02 6.2813800049e+02 6.2821398926e+02 6.2830603027e+02 6.2840502930e+02 6.2852197266e+02 6.2863702393e+02 6.2874902344e+02 6.2885998535e+02 6.2897399902e+02 6.2907800293e+02 6.2917999268e+02 6.2930798340e+02 6.2942602539e+02 6.2954901123e+02 6.2967199707e+02 6.2978601074e+02 6.2990502930e+02 6.3001898193e+02 6.3013800049e+02 6.3026000977e+02 6.3039501953e+02 6.3052801514e+02 6.3066601563e+02 6.3078601074e+02 6.3090698242e+02 6.3104998779e+02 6.3117602539e+02 6.3131402588e+02 6.3150097656e+02 6.3159002686e+02 6.3166998291e+02 6.3175799561e+02 6.3190698242e+02 6.3204400635e+02 6.3217999268e+02 6.3236102295e+02 6.3247302246e+02 6.3260699463e+02 6.3273797607e+02
6.2733697510e+02 6.2741198730e+02 6.2752197266e+02 6.2761602783e+02 6.2770001221e+02 6.2781097412e+02 6.2789697266e+02 6.2798199463e+02 6.2806201172e+02 6.2816497803e+02 6.2827001953e+02 6.2839099121e+02 6.2849401855e+02 6.2859698486e+02 6.2870397949e+02 6.2879699707e+02 6.2889801025e+02 6.2900201416e+02 6.2910601807e+02 6.2923602295e+02 6.2935498047e+02 6.2946997070e+02 6.2958697510e+02 6.2969500732e+02 6.2981799316e+02 6.2995001221e+02 6.3007800293e+02 6.3021600342e+02 6.3035498047e+02 6.3047802734e+02 6.3059197998e+02 6.3071600342e+02 6.3083300781e+02 6.3095001221e+02 6.3105401611e+02 6.3123498535e+02 6.3137597656e+02 6.3149401855e+02 6.3164898682e+02 6.3177398682e+02 6.3187298584e+02 6.3197900391e+02 6.3211602783e+02 6.3224798584e+02 6.3239898682e+02 6.3252697754e+02
6.2720098877e+02 6.2729199219e+02 6.2739300537e+02 6.2747698975e+02 6.2755603027e+02 6.2767999268e+02 6.2777801514e+02 6.2782800293e+02 6.2791900635e+02 6.2804901123e+02 6.2813800049e+02 6.2823297119e+02 6.2831896973e+02 6.2842102051e+02 6.2853601074e+02 6.2862597656e+02 6.2872198486e+02 6.2883300781e+02 6.2894396973e+02 6.2906701660e+02 6.2917602539e+02 6.2928802490e+02 6.2940100098e+02 6.2949902344e+02 6.2962701416e+02 6.2976800537e+02 6.2990502930e+02 6.3003399658e+02 6.3017102051e+02 6.3029302979e+02 6.3039599609e+02 6.3049102783e+02 6.3060900879e+02 6.3075299072e+02 6.3087902832e+02 6.3102801514e+02 6.3115997314e+02 6.3127600098e+02 6.3143298340e+02 6.3157598877e+02 6.3170300293e+02 6.3184100342e+02 6.3196197510e+02 6.3205700684e+02 6.3218103027e+02 6.3231298828e+02
6.2706597900e+02 6.2715698242e+02 6.2725201416e+02 6.2734002686e+02 6.2744097900e+02 6.2754602051e+02 6.2764202881e+02 6.2769897461e+02 6.2780499268e+02 6.2793798828e+02 6.2801098633e+02 6.2809600830e+02 6.2817797852e+02 6.2827801514e+02 6.2838201904e+02 6.2846697998e+02 6.2857098389e+02 6.2869299316e+02 6.2879998779e+02 6.2890197754e+02 6.2900000000e+02 6.2910998535e+02 6.2923699951e+02 6.2935198975e+02 6.2947302246e+02 6.2958801270e+02 6.2970098877e+02 6.2982702637e+02 6.2996502686e+02 6.3007897949e+02 6.3017700195e+02 6.3029797363e+02 6.3042901611e+02 6.3055700684e+02 6.3067797852e+02 6.3081402588e+02 6.3094702148e+02 6.3106597900e+02 6.3120501709e+02 6.3135498047e+02 6.3150299072e+02 6.3166101074e+02 6.3179998779e+02 6.3189898682e+02 6.3200799561e+02 6.3212701416e+02
6.2692901611e+02 6.2701300049e+02 6.2710601807e+02 6.2721002197e+02 6.2733502197e+02 6.2741900635e+02 6.2749798584e+02 6.2757098389e+02 6.2768597412e+02 6.2780102539e+02 6.2787097168e+02 6.2796197510e+02 6.2804498291e+02 6.2814202881e+02 6.2823498535e+02 6.2831298828e+02 6.2841900635e+02 6.2853802490e+02 6.2864501953e+02 6.2873999023e+02 6.2883898926e+02 6.2895202637e+02 6.2907501221e+02 6.2920501709e+02 6.2931799316e+02 6.2941400146e+02 6.2951000977e+02 6.2964202881e+02 6.2977899170e+02 6.2988397217e+02 6.2996801758e+02 6.3011199951e+02 6.3025402832e+02 6.3035900879e+02 6.3046997070e+02 6.3060998535e+02 6.3074798584e+02 6.3086700439e+02 6.3098699951e+02 6.3113098145e+02 6.3126599121e+02 6.3141101074e+02 6.3156201172e+02 6.3168298340e+02 6.3182800293e+02 6.3197100830e+02
6.2679901123e+02 6.2688299561e+02 6.2694201660e+02 6.2705798340e+02 6.2718298340e+02 6.2728100586e+02 6.2735198975e+02 6.2743701172e+02 6.2755102539e+02 6.2765399170e+02 6.2771899414e+02 6.2782299805e+02 6.2791101074e+02 6.2799798584e+02 6.2809802246e+02 6.2817700195e+02 6.2826800537e+02 6.2837097168e+02 6.2847399902e+02 6.2856701660e+02 6.2869000244e+02 6.2881298828e+02 6.2890899658e+02 6.2902600098e+02 6.2913897705e+02 6.2923999023e+02 6.2934399414e+02 6.2947601318e+02 6.2960699463e+02 6.2971697998e+02 6.2981597900e+02 6.2995001221e+02 6.3007397461e+02 6.3017602539e+02 6.3029302979e+02 6.3042901611e+02 6.3057202148e+02 6.3068499756e+02 6.3078100586e+02 6.3091198730e+02 6.3103302002e+02 6.3116101074e+02 6.3130603027e+02 6.3143597412e+02 6.3158300781e+02 6.3173999023e+02
6.2666198730e+02 6.2673999023e+02 6.2681896973e+02 6.2694799805e+02 6.2705902100e+02 6.2713702393e+02 6.2721197510e+02 6.2730902100e+02 6.2740301514e+02 6.2748602295e+02 6.2756799316e+02 6.2768499756e+02 6.2777801514e+02 6.2785498047e+02 6.2794299316e+02 6.2802398682e+02 6.2812298584e+02 6.2822302246e+02 6.2831896973e+02 6.2841101074e+02 6.2853497314e+02 6.2865100098e+02 6.2875402832e+02 6.2885601807e+02 6.2896502686e+02 6.2906701660e+02 6.2916400146e+02 6.2928802490e+02 6.2940997314e+02 6.2952099609e+02 6.2964599609e+02 6.2977899170e+02 6.2988702393e+02 6.3000500488e+02 6.3012200928e+02 6.3023297119e+02 6.3037597656e+02 6.3049401855e+02 6.3058801270e+02 6.3069702148e+02 6.3080401611e+02 6.3092700195e+02 6.3105499268e+02 6.3120697021e+02 6.3132501221e+02 6.3143499756e+02
6.2652301025e+02 6.2659600830e+02 6.2669299316e+02 6.2682202148e+02 6.2689801025e+02 6.2697100830e+02 6.2708599854e+02 6.2716400146e+02 6.2724102783e+02 6.2734002686e+02 6.2744201660e+02 6.2753302002e+02 6.2761499023e+02 6.2769702148e+02 6.2778997803e+02 6.2788397217e+02 6.2798699951e+02 6.2806597900e+02 6.2816699219e+02 6.2827697754e+02 6.2838000488e+02 6.2848901367e+02 6.2860797119e+02 6.2870898438e+02 6.2881402588e+02 6.2890997314e+02 6.2900201416e+02 6.2912402344e+02 6.2922900391e+02 6.2932501221e+02 6.2944598389e+02 6.2958801270e+02 6.2971301270e+02 6.2983099365e+02 6.2994000244e+02 6.3004101563e+02 6.3017498779e+02 6.3029699707e+02 6.3040399170e+02 6.3050000000e+02 6.3060400391e+02 6.3072399902e+02 6.3083300781e+02 6.3096899414e+02 6.3109002686e+02 6.3121997070e+02
6.2638598633e+02 6.2646301270e+02 6.2656896973e+02 6.2668798828e+02 6.2674597168e+02 6.2681896973e+02 6.2694598389e+02 6.2702697754e+02 6.2709301758e+02 6.2719299316e+02 6.2730902100e+02 6.2740301514e+02 6.2748400879e+02 6.2756896973e+02 6.2765399170e+02 6.2774798584e+02 6.2784698486e+02 6.2791998291e+02 6.2802899170e+02 6.2813800049e+02 6.2822998047e+02 6.2833502197e+02 6.2844799805e+02 6.2854302979e+02 6.2864599609e+02 6.2874102783e+02 6.2883898926e+02 6.2896002197e+02 6.2906402588e+02 6.2916198730e+02 6.2926397705e+02 6.2939801025e+02 6.2953601074e+02 6.2964801025e+02 6.2974700928e+02 6.2985400391e+02 6.2998101807e+02 6.3010101318e+02 6.3021801758e+02 6.3032098389e+02 6.3041998291e+02 6.3052600098e+02 6.3062799072e+02 6.3074798584e+02 6.3088702393e+02 6.3104901123e+02
6.2623699951e+02 6.2633801270e+02 6.2645397949e+02 6.2656097412e+02 6.2662402344e+02 6.2669702148e+02 6.2680499268e+02 6.2690399170e+02 6.2698498535e+02 6.2705401611e+02 6.2713702393e+02 6.2724798584e+02 6.2734301758e+02 6.2743597412e+02 6.2751000977e+02 6.2760699463e+02 6.2769500732e+02 6.2779498291e+02 6.2790997314e+02 6.2799298096e+02 6.2809600830e+02 6.2819299316e+02 6.2827502441e+02 6.2836199951e+02 6.2845800781e+02 6.2856201172e+02 6.2868103027e+02 6.2878399658e+02 6.2888598633e+02 6.2899102783e+02 6.2910198975e+02 6.2922302246e+02 6.2935198975e+02 6.2945300293e+02 6.2953997803e+02 6.2967797852e+02 6.2979998779e+02 6.2990997314e+02 6.3000799561e+02 6.3011901855e+02 6.3021398926e+02 6.3030401611e+02 6.3043402100e+02 6.3054498291e+02 6.3069097900e+02 6.3084301758e+02
6.2610498047e+02 6.2621398926e+02 6.2633801270e+02 6.2640802002e+02 6.2647698975e+02 6.2657000732e+02 6.2667797852e+02 6.2675897217e+02 6.2684698486e+02 6.2692901611e+02 6.2700402832e+02 6.2709197998e+02 6.2718103027e+02 6.2727301025e+02 6.2735699463e+02 6.2745202637e+02 6.2753997803e+02 6.2764501953e+02 6.2773602295e+02 6.2780999756e+02 6.2793798828e+02 6.2803497314e+02 6.2810498047e+02 6.2818902588e+02 6.2827001953e+02 6.2836297607e+02 6.2848400879e+02 6.2858801270e+02 6.2868200684e+02 6.2879199219e+02 6.2889801025e+02 6.2902697754e+02 6.2915197754e+02 6.2925701904e+02 6.2935699463e+02 6.2947302246e+02 6.2958300781e+02 6.2969396973e+02 6.2979498291e+02 6.2990502930e+02 6.2999798584e+02 6.3009997559e+02 6.3023101807e+02 6.3033801270e+02 6.3048297119e+02 6.3061602783e+02
6.2595501709e+02 6.2606402588e+02 6.2618701172e+02 6.2624401855e+02 6.2634497070e+02 6.2644897461e+02 6.2653497314e+02 6.2660900879e+02 6.2669897461e+02 6.2679101563e+02 6.2686901855e+02 6.2694897461e+02 6.2703497314e+02 6.2712200928e+02 6.2720800781e+02 6.2729699707e+02 6.2739001465e+02 6.2747900391e+02 6.2756097412e+02 6.2764099121e+02 6.2776300049e+02 6.2785998535e+02 6.2792999268e+02 6.2801397705e+02 6.2810101318e+02 6.2818499756e+02 6.2828302002e+02 6.2838598633e+02 6.2849200439e+02 6.2860900879e+02 6.2870001221e+02 6.2882299805e+02 6.2893701172e+02 6.2904498291e+02 6.2916400146e+02 6.2927502441e+02 6.2938201904e+02 6.2949298096e+02 6.2959497070e+02 6.2970501709e+02 6.2978997803e+02 6.2990197754e+02 6.3002502441e+02 6.3014099121e+02 6.3028100586e+02 6.3040197754e+02
6.2581298828e+02 6.2592999268e+02 6.2603002930e+02 6.2609899902e+02 6.2621099854e+02 6.2630102539e+02 6.2636700439e+02 6.2645300293e+02 6.2655200195e+02 6.2664398193e+02 6.2671099854e+02 6.2679602051e+02 6.2688702393e+02 6.2696697998e+02 6.2706500244e+02 6.2715600586e+02 6.2724700928e+02 6.2731201172e+02 6.2738598633e+02 6.2748297119e+02 6.2759197998e+02 6.2768701172e+02 6.2775897217e+02 6.2784698486e+02 6.2794396973e+02 6.2803302002e+02 6.2810400391e+02 6.2819000244e+02 6.2831097412e+02 6.2843701172e+02 6.2852801514e+02 6.2862902832e+02 6.2873297119e+02 6.2883099365e+02 6.2894799805e+02 6.2907000732e+02 6.2917797852e+02 6.2929101563e+02 6.2939898682e+02 6.2950097656e+02 6.2958398438e+02 6.2970098877e+02 6.2981896973e+02 6.2993402100e+02 6.3007098389e+02 6.3019000244e+02
6.2566198730e+02 6.2577697754e+02 6.2585498047e+02 6.2594799805e+02 6.2605603027e+02 6.2613702393e+02 6.2620098877e+02 6.2630102539e+02 6.2641400146e+02 6.2649798584e+02 6.2656201172e+02 6.2664801025e+02 6.2674102783e+02 6.2681701660e+02 6.2692199707e+02 6.2700701904e+02 6.2708300781e+02 6.2715002441e+02 6.2722497559e+02 6.2731896973e+02 6.2740997314e+02 6.2748901367e+02 6.2757098389e+02 6.2767498779e+02 6.2776300049e+02 6.2784600830e+02 6.2794396973e+02 6.2801501465e+02 6.2811798096e+02 6.2823797607e+02 6.2835998535e+02 6.2843902588e+02 6.2853997803e+02 6.2864697266e+02 6.2876098633e+02 6.2887500000e+02 6.2897399902e+02 6.2907702637e+02 6.2917498779e+02 6.2927099609e+02 6.2937200928e+02 6.2949700928e+02 6.2960601807e+02 6.2971398926e+02 6.2984698486e+02 6.2997399902e+02
6.2545599365e+02 6.2557397461e+02 6.2565997314e+02 6.2578302002e+02 6.2589801025e+02 6.2598400879e+02 6.2606597900e+02 6.2617102051e+02 6.2627099609e+02 6.2634399414e+02 6.2641302490e+02 6.2651202393e+02 6.2658300781e+02 6.2666900635e+02 6.2678302002e+02 6.2684802246e+02 6.2690502930e+02 6.2697998047e+02 6.2707202148e+02 6.2715698242e+02 6.2723297119e+02 6.2730499268e+02 6.2737902832e+02 6.2748199463e+02 6.2758197021e+02 6.2766400146e+02 6.2776202393e+02 6.2785198975e+02 6.2793902588e+02 6.2802899170e+02 6.2814300537e+02 6.2823699951e+02 6.2834497070e+02 6.2846502686e+02 6.2857098389e+02 6.2867199707e+02 6.2877099609e+02 6.2886499023e+02 6.2895697021e+02 6.2908502197e+02 6.2918103027e+02 6.2926800537e+02 6.2940002441e+02 6.2950799561e+02 6.2962701416e+02 6.2974200439e+02
6.2524499512e+02 6.2536901855e+02 6.2548199463e+02 6.2563201904e+02 6.2573498535e+02 6.2582299805e+02 6.2592901611e+02 6.2603698730e+02 6.2611199951e+02 6.2617797852e+02 6.2626397705e+02 6.2636199951e+02 6.2643103027e+02 6.2651098633e+02 6.2661401367e+02 6.2668902588e+02 6.2675097656e+02 6.2682098389e+02 6.2689898682e+02 6.2696899414e+02 6.2704699707e+02 6.2712597656e+02 6.2719396973e+02 6.2728997803e+02 6.2739501953e+02 6.2747601318e+02 6.2755999756e+02 6.2765899658e+02 6.2775000000e+02 6.2783001709e+02 6.2792700195e+02 6.2802899170e+02 6.2813397217e+02 6.2824298096e+02 6.2834497070e+02 6.2846197510e+02 6.2857702637e+02 6.2867297363e+02 6.2875799561e+02 6.2888800049e+02 6.2898498535e+02 6.2907598877e+02 6.2920697021e+02 6.2931298828e+02 6.2942797852e+02 6.2953698730e+02
6.2502099609e+02 6.2515502930e+02 6.2528601074e+02 6.2542797852e+02 6.2552099609e+02 6.2562298584e+02 6.2575500488e+02 6.2586798096e+02 6.2593298340e+02 6.2601000977e+02 6.2612402344e+02 6.2622802734e+02 6.2629998779e+02 6.2636401367e+02 6.2643499756e+02 6.2651501465e+02 6.2658398438e+02 6.2664898682e+02 6.2671801758e+02 6.2678802490e+02 6.2686901855e+02 6.2695397949e+02 6.2702697754e+02 6.2710797119e+02 6.2719799805e+02 6.2728100586e+02 6.2736499023e+02 6.2746600342e+02 6.2756298828e+02 6.2764001465e+02 6.2772900391e+02 6.2783599854e+02 6.2793298340e+02 6.2802502441e+02 6.2812597656e+02 6.2824798584e+02 6.2837597656e+02 6.2847998047e+02 6.2857800293e+02 6.2867199707e+02 6.2878399658e+02 6.2890802002e+02 6.2900500488e+02 6.2910699463e+02 6.2923101807e+02 6.2934301758e+02
