TESTSERVER/14/8.asc
NCOLS 100
NROWS 100
XLLCORNER 8.1997500000e+03
YLLCORNER 2.8955025000e+05
CELLSIZE 5.0000000000e-01
NODATA_VALUE -9.9990000000e+03
[rows 40 to 59 of 100, columns 0 to 45 of 100]
6.3121398926e+02 6.3134802246e+02 6.3149798584e+02 6.3165698242e+02 6.3181896973e+02 6.3194500732e+02 6.3209802246e+02 6.3225402832e+02 6.3237402344e+02 6.3249597168e+02 6.3263598633e+02 6.3277600098e+02 6.3291198730e+02 6.3305798340e+02 6.3317901611e+02 6.3330200195e+02 6.3346099854e+02 6.3360302734e+02 6.3377398682e+02 6.3396099854e+02 6.3412597656e+02 6.3430102539e+02 6.3445501709e+02 6.3463098145e+02 6.3483801270e+02 6.3497802734e+02 6.3513201904e+02 6.3529199219e+02 6.3549798584e+02 6.3565197754e+02 6.3579101563e+02 6.3594299316e+02 6.3612701416e+02 6.3631799316e+02 6.3650097656e+02 6.3667498779e+02 6.3682501221e+02 6.3700500488e+02 6.3719897461e+02 6.3735198975e+02 6.3747698975e+02 6.3766101074e+02 6.3783099365e+02 6.3802301025e+02 6.3815899658e+02 6.3835498047e+02
6.3095599365e+02 6.3109100342e+02 6.3122198486e+02 6.3134997559e+02 6.3149499512e+02 6.3163800049e+02 6.3180200195e+02 6.3197100830e+02 6.3210601807e+02 6.3222698975e+02 6.3236798096e+02 6.3251898193e+02 6.3267297363e+02 6.3278802490e+02 6.3291302490e+02 6.3305999756e+02 6.3320098877e+02 6.3331896973e+02 6.3349798584e+02 6.3369396973e+02 6.3385400391e+02 6.3404498291e+02 6.3418902588e+02 6.3434997559e+02 6.3455200195e+02 6.3471002197e+02 6.3485699463e+02 6.3500402832e+02 6.3518298340e+02 6.3533599854e+02 6.3547497559e+02 6.3563000488e+02 6.3582202148e+02 6.3601599121e+02 6.3619702148e+02 6.3635797119e+02 6.3648699951e+02 6.3659600830e+02 6.3678601074e+02 6.3697399902e+02 6.3715002441e+02 6.3736901855e+02 6.3751800537e+02 6.3765600586e+02 6.3782202148e+02 6.3807202148e+02
6.3068798828e+02 6.3083099365e+02 6.3095898438e+02 6.3108001709e+02 6.3121197510e+02 6.3134899902e+02 6.3150402832e+02 6.3167199707e+02 6.3182299805e+02 6.3195098877e+02 6.3210400391e+02 6.3226397705e+02 6.3241302490e+02 6.3251898193e+02 6.3264801025e+02 6.3281097412e+02 6.3295001221e+02 6.3305200195e+02 6.3323101807e+02 6.3342602539e+02 6.3356500244e+02 6.3374298096e+02 6.3389202881e+02 6.3404699707e+02 6.3424499512e+02 6.3443499756e+02 6.3459100342e+02 6.3472998047e+02 6.3489202881e+02 6.3504998779e+02 6.3520001221e+02 6.3535400391e+02 6.3552899170e+02 6.3572698975e+02 6.3591400146e+02 6.3607202148e+02 6.3619000244e+02 6.3626702881e+02 6.3642602539e+02 6.3661102295e+02 6.3681097412e+02 6.3705700684e+02 6.3724102783e+02 6.3738299561e+02 6.3751397705e+02 6.3775000000e+02
6.3040399170e+02 6.3053698730e+02 6.3067901611e+02 6.3082598877e+02 6.3097100830e+02 6.3109698486e+02 6.3122302246e+02 6.3136798096e+02 6.3152001953e+02 6.3165600586e+02 6.3181799316e+02 6.3197601318e+02 6.3211999512e+02 6.3223999023e+02 6.3236602783e+02 6.3252697754e+02 6.3266699219e+02 6.3276202393e+02 6.3293402100e+02 6.3312200928e+02 6.3326000977e+02 6.3342999268e+02 6.3358001709e+02 6.3373699951e+02 6.3393798828e+02 6.3414300537e+02 6.3431298828e+02 6.3446002197e+02 6.3461901855e+02 6.3480102539e+02 6.3497698975e+02 6.3512597656e+02 6.3526098633e+02 6.3543701172e+02 6.3561499023e+02 6.3577600098e+02 6.3590600586e+02 6.3599401855e+02 6.3614099121e+02 6.3631402588e+02 6.3650097656e+02 6.3670098877e+02 6.3690100098e+02 6.3708398438e+02 6.3719897461e+02 6.3737402344e+02
6.3013000488e+02 6.3024298096e+02 6.3039300537e+02 6.3055999756e+02 6.3071502686e+02 6.3084698486e+02 6.3095599365e+02 6.3107098389e+02 6.3120501709e+02 6.3133502197e+02 6.3148498535e+02 6.3164202881e+02 6.3181597900e+02 6.3192901611e+02 6.3206298828e+02 6.3221600342e+02 6.3233697510e+02 6.3246099854e+02 6.3262298584e+02 6.3280200195e+02 6.3297198486e+02 6.3315802002e+02 6.3331298828e+02 6.3346197510e+02 6.3362298584e+02 6.3380297852e+02 6.3398901367e+02 6.3416601563e+02 6.3434100342e+02 6.3453399658e+02 6.3472399902e+02 6.3487200928e+02 6.3498797607e+02 6.3513000488e+02 6.3526702881e+02 6.3540600586e+02 6.3553302002e+02 6.3570202637e+02 6.3584802246e+02 6.3601000977e+02 6.3618298340e+02 6.3636499023e+02 6.3654602051e+02 6.3672698975e+02 6.3687500000e+02 6.3700598145e+02
6.2987902832e+02 6.2996697998e+02 6.3010601807e+02 6.3026300049e+02 6.3041601563e+02 6.3054602051e+02 6.3066802979e+02 6.3079199219e+02 6.3093298340e+02 6.3104998779e+02 6.3118402100e+02 6.3134301758e+02 6.3150701904e+02 6.3161199951e+02 6.3174298096e+02 6.3190197754e+02 6.3205200195e+02 6.3219897461e+02 6.3233898926e+02 6.3248297119e+02 6.3263500977e+02 6.3281097412e+02 6.3297998047e+02 6.3315301514e+02 6.3332501221e+02 6.3349798584e+02 6.3365802002e+02 6.3382000732e+02 6.3401098633e+02 6.3420202637e+02 6.3437298584e+02 6.3453399658e+02 6.3471002197e+02 6.3487200928e+02 6.3499298096e+02 6.3509600830e+02 6.3522998047e+02 6.3539001465e+02 6.3553100586e+02 6.3569000244e+02 6.3582800293e+02 6.3601501465e+02 6.3618499756e+02 6.3634600830e+02 6.3655401611e+02 6.3675097656e+02
6.2961199951e+02 6.2970397949e+02 6.2984399414e+02 6.2998699951e+02 6.3012298584e+02 6.3025799561e+02 6.3039398193e+02 6.3053601074e+02 6.3069000244e+02 6.3081097412e+02 6.3093798828e+02 6.3108398438e+02 6.3123101807e+02 6.3135198975e+02 6.3146997070e+02 6.3160601807e+02 6.3175598145e+02 6.3192999268e+02 6.3208300781e+02 6.3221801758e+02 6.3234002686e+02 6.3249700928e+02 6.3266198730e+02 6.3284197998e+02 6.3303002930e+02 6.3320098877e+02 6.3333898926e+02 6.3348400879e+02 6.3368402100e+02 6.3387597656e+02 6.3404302979e+02 6.3420898438e+02 6.3439099121e+02 6.3456896973e+02 6.3471301270e+02 6.3483398438e+02 6.3497302246e+02 6.3511602783e+02 6.3526000977e+02 6.3542401123e+02 6.3553900146e+02 6.3569799805e+02 6.3584100342e+02 6.3599499512e+02 6.3622302246e+02 6.3649597168e+02
6.2933300781e+02 6.2944598389e+02 6.2959600830e+02 6.2972900391e+02 6.2984399414e+02 6.2998199463e+02 6.3011499023e+02 6.3025701904e+02 6.3041198730e+02 6.3053997803e+02 6.3065600586e+02 6.3078497314e+02 6.3092797852e+02 6.3107800293e+02 6.3120599365e+02 6.3133599854e+02 6.3147698975e+02 6.3163702393e+02 6.3179400635e+02 6.3193298340e+02 6.3205102539e+02 6.3221899414e+02 6.3237902832e+02 6.3254199219e+02 6.3271600342e+02 6.3288500977e+02 6.3301702881e+02 6.3315997314e+02 6.3336297607e+02 6.3354901123e+02 6.3371398926e+02 6.3387799072e+02 6.3405102539e+02 6.3422698975e+02 6.3439599609e+02 6.3455102539e+02 6.3471002197e+02 6.3484899902e+02 6.3499798584e+02 6.3514898682e+02 6.3524902344e+02 6.3539697266e+02 6.3554699707e+02 6.3569799805e+02 6.3589099121e+02 6.3617999268e+02
6.2902600098e+02 6.2916699219e+02 6.2933197021e+02 6.2946997070e+02 6.2957702637e+02 6.2971002197e+02 6.2982299805e+02 6.2994702148e+02 6.3012799072e+02 6.3021801758e+02 6.3033898926e+02 6.3047601318e+02 6.3063098145e+02 6.3075598145e+02 6.3089398193e+02 6.3105200195e+02 6.3123297119e+02 6.3135498047e+02 6.3147698975e+02 6.3160699463e+02 6.3173797607e+02 6.3189099121e+02 6.3204797363e+02 6.3221398926e+02 6.3241101074e+02 6.3255798340e+02 6.3270098877e+02 6.3285699463e+02 6.3305401611e+02 6.3320800781e+02 6.3337902832e+02 6.3355700684e+02 6.3373999023e+02 6.3387597656e+02 6.3405499268e+02 6.3423901367e+02 6.3440997314e+02 6.3455102539e+02 6.3471197510e+02 6.3486297607e+02 6.3495697021e+02 6.3512200928e+02 6.3532800293e+02 6.3550000000e+02 6.3565301514e+02 6.3582702637e+02
6.2873101807e+02 6.2885101318e+02 6.2902197266e+02 6.2919500732e+02 6.2932800293e+02 6.2944702148e+02 6.2955499268e+02 6.2969201660e+02 6.2986199951e+02 6.2996398926e+02 6.3009100342e+02 6.3021697998e+02 6.3035797119e+02 6.3046997070e+02 6.3059802246e+02 6.3075701904e+02 6.3094396973e+02 6.3108300781e+02 6.3121197510e+02 6.3134997559e+02 6.3146002197e+02 6.3158599854e+02 6.3171899414e+02 6.3185998535e+02 6.3206298828e+02 6.3224401855e+02 6.3239300537e+02 6.3253497314e+02 6.3269000244e+02 6.3284698486e+02 6.3303100586e+02 6.3321002197e+02 6.3335400391e+02 6.3351300049e+02 6.3370202637e+02 6.3384399414e+02 6.3400201416e+02 6.3419000244e+02 6.3437500000e+02 6.3453802490e+02 6.3465600586e+02 6.3482598877e+02 6.3503302002e+02 6.3521801758e+02 6.3533898926e+02 6.3546801758e+02
6.2850897217e+02 6.2858099365e+02 6.2872100830e+02 6.2890100098e+02 6.2905200195e+02 6.2916101074e+02 6.2927099609e+02 6.2940899658e+02 6.2956799316e+02 6.2970697021e+02 6.2984899902e+02 6.2996997070e+02 6.3009698486e+02 6.3021002197e+02 6.3033599854e+02 6.3048297119e+02 6.3063598633e+02 6.3077001953e+02 6.3091198730e+02 6.3106201172e+02 6.3117401123e+02 6.3130902100e+02 6.3145300293e+02 6.3158099365e+02 6.3174700928e+02 6.3193402100e+02 6.3209197998e+02 6.3222698975e+02 6.3235498047e+02 6.3251898193e+02 6.3270001221e+02 6.3286102295e+02 6.3298999023e+02 6.3317102051e+02 6.3336199951e+02 6.3350402832e+02 6.3366699219e+02 6.3383001709e+02 6.3400201416e+02 6.3417797852e+02 6.3433599854e+02 6.3449798584e+02 6.3468701172e+02 6.3486499023e+02 6.3500402832e+02 6.3512500000e+02
6.2839599609e+02 6.2842602539e+02 6.2850598145e+02 6.2863800049e+02 6.2876000977e+02 6.2886798096e+02 6.2898602295e+02 6.2913098145e+02 6.2929199219e+02 6.2942700195e+02 6.2955603027e+02 6.2968200684e+02 6.2979602051e+02 6.2991601563e+02 6.3004602051e+02 6.3017797852e+02 6.3031402588e+02 6.3044299316e+02 6.3058599854e+02 6.3074102783e+02 6.3087402344e+02 6.3103002930e+02 6.3118499756e+02 6.3130999756e+02 6.3144897461e+02 6.3163201904e+02 6.3179199219e+02 6.3192602539e+02 6.3203997803e+02 6.3219897461e+02 6.3237500000e+02 6.3253100586e+02 6.3265100098e+02 6.3281298828e+02 6.3299798584e+02 6.3317297363e+02 6.3336901855e+02 6.3351599121e+02 6.3367401123e+02 6.3385400391e+02 6.3403198242e+02 6.3417797852e+02 6.3433898926e+02 6.3450000000e+02 6.3466699219e+02 6.3480603027e+02
6.2831500244e+02 6.2834698486e+02 6.2838098145e+02 6.2844299316e+02 6.2850701904e+02 6.2859698486e+02 6.2871801758e+02 6.2887097168e+02 6.2902099609e+02 6.2911499023e+02 6.2919799805e+02 6.2930200195e+02 6.2942297363e+02 6.2955798340e+02 6.2971600342e+02 6.2987701416e+02 6.3003997803e+02 6.3016802979e+02 6.3028100586e+02 6.3041101074e+02 6.3058300781e+02 6.3077502441e+02 6.3092199707e+02 6.3103997803e+02 6.3117102051e+02 6.3133898926e+02 6.3150097656e+02 6.3163098145e+02 6.3172998047e+02 6.3183599854e+02 6.3199902344e+02 6.3217700195e+02 6.3232397461e+02 6.3247802734e+02 6.3264898682e+02 6.3282000732e+02 6.3302099609e+02 6.3323297119e+02 6.3341900635e+02 6.3360101318e+02 6.3376501465e+02 6.3389801025e+02 6.3403302002e+02 6.3417602539e+02 6.3432702637e+02 6.3448999023e+02
6.2824401855e+02 6.2826898193e+02 6.2829998779e+02 6.2835400391e+02 6.2841497803e+02 6.2843597412e+02 6.2849597168e+02 6.2859100342e+02 6.2869799805e+02 6.2876599121e+02 6.2885797119e+02 6.2897900391e+02 6.2911602783e+02 6.2921502686e+02 6.2934197998e+02 6.2951300049e+02 6.2971801758e+02 6.2990301514e+02 6.3004400635e+02 6.3016601563e+02 6.3028497314e+02 6.3046099854e+02 6.3061999512e+02 6.3076599121e+02 6.3089801025e+02 6.3105999756e+02 6.3120800781e+02 6.3133099365e+02 6.3144799805e+02 6.3155798340e+02 6.3168597412e+02 6.3183898926e+02 6.3198901367e+02 6.3213500977e+02 6.3231799316e+02 6.3253399658e+02 6.3275097656e+02 6.3295001221e+02 6.3314099121e+02 6.3332501221e+02 6.3349401855e+02 6.3363201904e+02 6.3375701904e+02 6.3387902832e+02 6.3400500488e+02 6.3415698242e+02
6.2819598389e+02 6.2821997070e+02 6.2825402832e+02 6.2829498291e+02 6.2834497070e+02 6.2835101318e+02 6.2838598633e+02 6.2843402100e+02 6.2846301270e+02 6.2844097900e+02 6.2847601318e+02 6.2859399414e+02 6.2877301025e+02 6.2890600586e+02 6.2900500488e+02 6.2913299561e+02 6.2932897949e+02 6.2954602051e+02 6.2974597168e+02 6.2990301514e+02 6.3001702881e+02 6.3015301514e+02 6.3030499268e+02 6.3046697998e+02 6.3059600830e+02 6.3076397705e+02 6.3091198730e+02 6.3104199219e+02 6.3117999268e+02 6.3132000732e+02 6.3142901611e+02 6.3155200195e+02 6.3170001221e+02 6.3183300781e+02 6.3200799561e+02 6.3223400879e+02 6.3246697998e+02 6.3265002441e+02 6.3283697510e+02 6.3302600098e+02 6.3321002197e+02 6.3336602783e+02 6.3349597168e+02 6.3360900879e+02 6.3371502686e+02 6.3385101318e+02
6.2813897705e+02 6.2816101074e+02 6.2820098877e+02 6.2823297119e+02 6.2827301025e+02 6.2830700684e+02 6.2830102539e+02 6.2825799561e+02 6.2818499756e+02 6.2807800293e+02 6.2802600098e+02 6.2808398438e+02 6.2827502441e+02 6.2851702881e+02 6.2865997314e+02 6.2877197266e+02 6.2895800781e+02 6.2919396973e+02 6.2943200684e+02 6.2963800049e+02 6.2978399658e+02 6.2990100098e+02 6.3004302979e+02 6.3020800781e+02 6.3031402588e+02 6.3046002197e+02 6.3059899902e+02 6.3072900391e+02 6.3088397217e+02 6.3104101563e+02 6.3115002441e+02 6.3127197266e+02 6.3142999268e+02 6.3155902100e+02 6.3172802734e+02 6.3193402100e+02 6.3215301514e+02 6.3232702637e+02 6.3250299072e+02 6.3269201660e+02 6.3289398193e+02 6.3307897949e+02 6.3322900391e+02 6.3335198975e+02 6.3345098877e+02 6.3356896973e+02
6.2806701660e+02 6.2810797119e+02 6.2815698242e+02 6.2819000244e+02 6.2822998047e+02 6.2822100830e+02 6.2811798096e+02 6.2796197510e+02 6.2782800293e+02 6.2774597168e+02 6.2766101074e+02 6.2760998535e+02 6.2765997314e+02 6.2797998047e+02 6.2822497559e+02 6.2838098145e+02 6.2856701660e+02 6.2885400391e+02 6.2910101318e+02 6.2932897949e+02 6.2951098633e+02 6.2964501953e+02 6.2980902100e+02 6.2998199463e+02 6.3010498047e+02 6.3020202637e+02 6.3030200195e+02 6.3040502930e+02 6.3052899170e+02 6.3070501709e+02 6.3084301758e+02 6.3099200439e+02 6.3113397217e+02 6.3128302002e+02 6.3145397949e+02 6.3164099121e+02 6.3182897949e+02 6.3198797607e+02 6.3215197754e+02 6.3233599854e+02 6.3253900146e+02 6.3274298096e+02 6.3292102051e+02 6.3308001709e+02 6.3321398926e+02 6.3330798340e+02
6.2803900146e+02 6.2808099365e+02 6.2808898926e+02 6.2805102539e+02 6.2801000977e+02 6.2794897461e+02 6.2779699707e+02 6.2765100098e+02 6.2754797363e+02 6.2746899414e+02 6.2735302734e+02 6.2721600342e+02 6.2712799072e+02 6.2728497314e+02 6.2753997803e+02 6.2779998779e+02 6.2810797119e+02 6.2845898438e+02 6.2874597168e+02 6.2897900391e+02 6.2917199707e+02 6.2933801270e+02 6.2951702881e+02 6.2968597412e+02 6.2982800293e+02 6.2996099854e+02 6.3007501221e+02 6.3017700195e+02 6.3026702881e+02 6.3038702393e+02 6.3054101563e+02 6.3070599365e+02 6.3084002686e+02 6.3099700928e+02 6.3116400146e+02 6.3133801270e+02 6.3151800537e+02 6.3166198730e+02 6.3182098389e+02 6.3199798584e+02 6.3218701172e+02 6.3236999512e+02 6.3255102539e+02 6.3273297119e+02 6.3290197754e+02 6.3303399658e+02
6.2798999023e+02 6.2801501465e+02 6.2796197510e+02 6.2783898926e+02 6.2772198486e+02 6.2760998535e+02 6.2744201660e+02 6.2730499268e+02 6.2720300293e+02 6.2707702637e+02 6.2692602539e+02 6.2678100586e+02 6.2667498779e+02 6.2671899414e+02 6.2694396973e+02 6.2727801514e+02 6.2765600586e+02 6.2803002930e+02 6.2834600830e+02 6.2860400391e+02 6.2883898926e+02 6.2905902100e+02 6.2925799561e+02 6.2942102051e+02 6.2955297852e+02 6.2969598389e+02 6.2982202148e+02 6.2993597412e+02 6.3001800537e+02 6.3009698486e+02 6.3024499512e+02 6.3041802979e+02 6.3055798340e+02 6.3071997070e+02 6.3088598633e+02 6.3105102539e+02 6.3121697998e+02 6.3135699463e+02 6.3150897217e+02 6.3167498779e+02 6.3184698486e+02 6.3200897217e+02 6.3218499756e+02 6.3237402344e+02 6.3256701660e+02 6.3272900391e+02
6.2786999512e+02 6.2783300781e+02 6.2773498535e+02 6.2757397461e+02 6.2742199707e+02 6.2728802490e+02 6.2710797119e+02 6.2695001221e+02 6.2680102539e+02 6.2660900879e+02 6.2644799805e+02 6.2636297607e+02 6.2634802246e+02 6.2635900879e+02 6.2651599121e+02 6.2684899902e+02 6.2726000977e+02 6.2762701416e+02 6.2795098877e+02 6.2823498535e+02 6.2852502441e+02 6.2880499268e+02 6.2902099609e+02 6.2916802979e+02 6.2928497314e+02 6.2942199707e+02 6.2955102539e+02 6.2967797852e+02 6.2977899170e+02 6.2984497070e+02 6.2998602295e+02 6.3016198730e+02 6.3030200195e+02 6.3044799805e+02 6.3060400391e+02 6.3076202393e+02 6.3092102051e+02 6.3106201172e+02 6.3120898438e+02 6.3136700439e+02 6.3152502441e+02 6.3167602539e+02 6.3184802246e+02 6.3203601074e+02 6.3223297119e+02 6.3241302490e+02
