TESTSERVER/14/9.asc
NCOLS 100
NROWS 100
XLLCORNER 8.1997500000e+03
YLLCORNER 2.8950025000e+05
CELLSIZE 5.0000000000e-01
NODATA_VALUE -9.9990000000e+03
[rows 20 to 39 of 100, columns 46 to 91 of 100]
6.2029400635e+02 6.2037597656e+02 6.2044897461e+02 6.2053698730e+02 6.2062402344e+02 6.2071697998e+02 6.2081597900e+02 6.2093701172e+02 6.2104400635e+02 6.2114501953e+02 6.2122198486e+02 6.2138000488e+02 6.2149499512e+02 6.2157897949e+02 6.2168902588e+02 6.2184100342e+02 6.2195501709e+02 6.2206799316e+02 6.2218798828e+02 6.2230297852e+02 6.2240698242e+02 6.2250500488e+02 6.2265802002e+02 6.2277502441e+02 6.2288098145e+02 6.2298999023e+02 6.2309899902e+02 6.2325201416e+02 6.2337597656e+02 6.2347100830e+02 6.2356298828e+02 6.2364202881e+02 6.2373101807e+02 6.2383099365e+02 6.2390997314e+02 6.2404302979e+02 6.2415502930e+02 6.2423901367e+02 6.2430902100e+02 6.2437902832e+02 6.2446899414e+02 6.2454998779e+02 6.2462500000e+02 6.2474200439e+02 6.2485400391e+02 6.2492901611e+02
6.2013702393e+02 6.2020800781e+02 6.2030401611e+02 6.2038299561e+02 6.2046301270e+02 6.2055401611e+02 6.2064001465e+02 6.2073498535e+02 6.2083801270e+02 6.2095300293e+02 6.2103900146e+02 6.2115399170e+02 6.2125701904e+02 6.2135797119e+02 6.2147900391e+02 6.2160498047e+02 6.2171502686e+02 6.2183197021e+02 6.2194799805e+02 6.2205902100e+02 6.2214599609e+02 6.2225299072e+02 6.2241802979e+02 6.2251898193e+02 6.2261199951e+02 6.2272399902e+02 6.2283801270e+02 6.2295697021e+02 6.2306896973e+02 6.2318499756e+02 6.2331500244e+02 6.2340502930e+02 6.2351800537e+02 6.2362701416e+02 6.2372100830e+02 6.2383599854e+02 6.2394201660e+02 6.2401397705e+02 6.2409301758e+02 6.2417602539e+02 6.2427398682e+02 6.2436102295e+02 6.2444299316e+02 6.2453100586e+02 6.2462799072e+02 6.2471697998e+02
6.1999597168e+02 6.2007202148e+02 6.2015899658e+02 6.2022698975e+02 6.2030200195e+02 6.2039501953e+02 6.2046600342e+02 6.2053900146e+02 6.2063397217e+02 6.2074597168e+02 6.2085400391e+02 6.2094500732e+02 6.2103100586e+02 6.2113800049e+02 6.2125299072e+02 6.2137298584e+02 6.2149499512e+02 6.2160699463e+02 6.2170599365e+02 6.2180499268e+02 6.2189300537e+02 6.2200299072e+02 6.2216400146e+02 6.2227099609e+02 6.2236999512e+02 6.2249200439e+02 6.2261999512e+02 6.2271899414e+02 6.2282202148e+02 6.2294799805e+02 6.2307598877e+02 6.2319097900e+02 6.2330401611e+02 6.2338299561e+02 6.2348400879e+02 6.2359899902e+02 6.2370599365e+02 6.2378399658e+02 6.2386499023e+02 6.2395800781e+02 6.2405902100e+02 6.2415002441e+02 6.2424401855e+02 6.2434301758e+02 6.2443597412e+02 6.2451898193e+02
6.1986499023e+02 6.1995001221e+02 6.2001300049e+02 6.2006097412e+02 6.2013000488e+02 6.2022601318e+02 6.2030401611e+02 6.2038500977e+02 6.2046801758e+02 6.2055603027e+02 6.2065899658e+02 6.2075201416e+02 6.2084301758e+02 6.2094500732e+02 6.2103002930e+02 6.2115399170e+02 6.2127502441e+02 6.2138500977e+02 6.2147998047e+02 6.2155700684e+02 6.2163702393e+02 6.2173602295e+02 6.2188201904e+02 6.2200402832e+02 6.2211901855e+02 6.2224597168e+02 6.2238598633e+02 6.2248297119e+02 6.2258599854e+02 6.2270599365e+02 6.2281500244e+02 6.2295397949e+02 6.2305700684e+02 6.2311199951e+02 6.2322802734e+02 6.2335601807e+02 6.2347399902e+02 6.2356896973e+02 6.2365899658e+02 6.2375402832e+02 6.2384802246e+02 6.2394299316e+02 6.2403997803e+02 6.2415600586e+02 6.2425598145e+02 6.2432702637e+02
6.1975097656e+02 6.1982702637e+02 6.1987500000e+02 6.1991400146e+02 6.1997497559e+02 6.2005297852e+02 6.2012701416e+02 6.2022100830e+02 6.2030297852e+02 6.2039599609e+02 6.2048498535e+02 6.2057397461e+02 6.2066101074e+02 6.2074298096e+02 6.2084002686e+02 6.2093798828e+02 6.2104400635e+02 6.2115197754e+02 6.2127099609e+02 6.2134301758e+02 6.2142199707e+02 6.2151702881e+02 6.2163800049e+02 6.2175500488e+02 6.2186602783e+02 6.2197497559e+02 6.2209497070e+02 6.2220300293e+02 6.2232702637e+02 6.2244598389e+02 6.2253399658e+02 6.2266699219e+02 6.2276000977e+02 6.2284100342e+02 6.2297998047e+02 6.2311297607e+02 6.2324200439e+02 6.2335900879e+02 6.2345697021e+02 6.2354602051e+02 6.2363201904e+02 6.2373297119e+02 6.2382897949e+02 6.2393499756e+02 6.2403698730e+02 6.2411102295e+02
6.1962500000e+02 6.1970202637e+02 6.1975701904e+02 6.1981500244e+02 6.1985797119e+02 6.1990502930e+02 6.1998797607e+02 6.2006701660e+02 6.2013098145e+02 6.2023199463e+02 6.2032897949e+02 6.2041998291e+02 6.2048699951e+02 6.2054302979e+02 6.2062500000e+02 6.2073199463e+02 6.2082598877e+02 6.2091601563e+02 6.2102301025e+02 6.2113000488e+02 6.2121997070e+02 6.2132501221e+02 6.2143701172e+02 6.2154199219e+02 6.2164697266e+02 6.2173400879e+02 6.2182702637e+02 6.2193499756e+02 6.2205999756e+02 6.2218402100e+02 6.2228900146e+02 6.2239001465e+02 6.2247998047e+02 6.2258898926e+02 6.2272497559e+02 6.2284197998e+02 6.2297998047e+02 6.2309802246e+02 6.2320599365e+02 6.2331298828e+02 6.2340698242e+02 6.2351599121e+02 6.2361102295e+02 6.2370898438e+02 6.2381500244e+02 6.2389898682e+02
6.1950897217e+02 6.1958599854e+02 6.1964300537e+02 6.1970397949e+02 6.1974597168e+02 6.1979498291e+02 6.1986901855e+02 6.1993298340e+02 6.1999200439e+02 6.2007702637e+02 6.2015698242e+02 6.2024200439e+02 6.2030902100e+02 6.2038098145e+02 6.2045202637e+02 6.2054998779e+02 6.2064300537e+02 6.2072399902e+02 6.2080999756e+02 6.2092199707e+02 6.2100701904e+02 6.2110198975e+02 6.2121002197e+02 6.2130200195e+02 6.2140698242e+02 6.2150000000e+02 6.2157501221e+02 6.2168597412e+02 6.2180401611e+02 6.2192700195e+02 6.2203601074e+02 6.2211602783e+02 6.2220501709e+02 6.2233099365e+02 6.2246801758e+02 6.2256896973e+02 6.2270001221e+02 6.2281402588e+02 6.2293298340e+02 6.2304498291e+02 6.2315600586e+02 6.2328497314e+02 6.2339099121e+02 6.2348699951e+02 6.2359002686e+02 6.2366998291e+02
6.1940197754e+02 6.1946600342e+02 6.1951202393e+02 6.1957000732e+02 6.1962701416e+02 6.1969000244e+02 6.1974902344e+02 6.1980499268e+02 6.1986499023e+02 6.1993200684e+02 6.1999902344e+02 6.2007702637e+02 6.2013897705e+02 6.2022399902e+02 6.2030401611e+02 6.2037799072e+02 6.2045898438e+02 6.2052899170e+02 6.2060797119e+02 6.2070898438e+02 6.2079199219e+02 6.2088201904e+02 6.2097998047e+02 6.2106500244e+02 6.2116802979e+02 6.2126702881e+02 6.2134899902e+02 6.2146997070e+02 6.2157501221e+02 6.2168103027e+02 6.2178399658e+02 6.2186499023e+02 6.2195697021e+02 6.2207397461e+02 6.2219097900e+02 6.2230902100e+02 6.2243597412e+02 6.2253997803e+02 6.2265502930e+02 6.2276702881e+02 6.2289398193e+02 6.2303900146e+02 6.2315698242e+02 6.2326000977e+02 6.2334997559e+02 6.2342602539e+02
6.1929302979e+02 6.1935400391e+02 6.1940502930e+02 6.1944897461e+02 6.1951202393e+02 6.1957501221e+02 6.1963598633e+02 6.1968902588e+02 6.1974298096e+02 6.1979602051e+02 6.1986199951e+02 6.1994799805e+02 6.2001800537e+02 6.2008001709e+02 6.2014202881e+02 6.2019897461e+02 6.2028198242e+02 6.2036199951e+02 6.2043701172e+02 6.2053997803e+02 6.2060699463e+02 6.2068103027e+02 6.2078198242e+02 6.2085498047e+02 6.2097198486e+02 6.2105499268e+02 6.2112500000e+02 6.2124200439e+02 6.2133502197e+02 6.2141802979e+02 6.2151397705e+02 6.2161999512e+02 6.2173498535e+02 6.2184497070e+02 6.2191802979e+02 6.2206597900e+02 6.2219897461e+02 6.2229302979e+02 6.2238000488e+02 6.2251000977e+02 6.2264898682e+02 6.2278497314e+02 6.2289697266e+02 6.2302099609e+02 6.2310797119e+02 6.2319897461e+02
6.1920501709e+02 6.1926501465e+02 6.1930401611e+02 6.1936297607e+02 6.1943200684e+02 6.1948101807e+02 6.1951397705e+02 6.1955999756e+02 6.1963000488e+02 6.1969097900e+02 6.1973901367e+02 6.1980297852e+02 6.1986499023e+02 6.1994201660e+02 6.2002001953e+02 6.2005999756e+02 6.2012200928e+02 6.2020098877e+02 6.2027697754e+02 6.2036401367e+02 6.2041802979e+02 6.2046997070e+02 6.2056597900e+02 6.2064801025e+02 6.2076501465e+02 6.2083898926e+02 6.2092797852e+02 6.2099200439e+02 6.2110198975e+02 6.2120300293e+02 6.2130297852e+02 6.2140002441e+02 6.2148602295e+02 6.2160400391e+02 6.2171997070e+02 6.2184899902e+02 6.2196099854e+02 6.2204498291e+02 6.2213098145e+02 6.2226599121e+02 6.2240802002e+02 6.2253002930e+02 6.2263702393e+02 6.2276098633e+02 6.2287701416e+02 6.2299298096e+02
6.1909899902e+02 6.1915197754e+02 6.1919799805e+02 6.1926800537e+02 6.1933197021e+02 6.1937402344e+02 6.1940600586e+02 6.1945300293e+02 6.1951501465e+02 6.1956402588e+02 6.1960900879e+02 6.1968200684e+02 6.1974200439e+02 6.1982098389e+02 6.1988702393e+02 6.1991497803e+02 6.1998101807e+02 6.2005798340e+02 6.2011602783e+02 6.2019396973e+02 6.2026202393e+02 6.2031701660e+02 6.2040698242e+02 6.2047302246e+02 6.2057000732e+02 6.2063500977e+02 6.2072198486e+02 6.2079602051e+02 6.2090197754e+02 6.2098797607e+02 6.2107000732e+02 6.2118103027e+02 6.2126898193e+02 6.2137402344e+02 6.2150201416e+02 6.2162200928e+02 6.2173297119e+02 6.2182800293e+02 6.2192199707e+02 6.2205999756e+02 6.2220697021e+02 6.2232202148e+02 6.2241601563e+02 6.2251300049e+02 6.2261901855e+02 6.2272998047e+02
6.1899499512e+02 6.1904498291e+02 6.1909899902e+02 6.1916198730e+02 6.1921002197e+02 6.1925897217e+02 6.1930603027e+02 6.1935198975e+02 6.1940502930e+02 6.1945898438e+02 6.1950500488e+02 6.1956799316e+02 6.1961901855e+02 6.1968402100e+02 6.1974700928e+02 6.1979302979e+02 6.1987200928e+02 6.1994000244e+02 6.1997198486e+02 6.2004901123e+02 6.2012298584e+02 6.2018200684e+02 6.2028002930e+02 6.2031896973e+02 6.2040399170e+02 6.2046398926e+02 6.2052197266e+02 6.2061602783e+02 6.2071301270e+02 6.2079199219e+02 6.2086999512e+02 6.2096997070e+02 6.2106201172e+02 6.2116302490e+02 6.2127697754e+02 6.2137597656e+02 6.2148901367e+02 6.2160601807e+02 6.2172497559e+02 6.2186798096e+02 6.2201000977e+02 6.2212097168e+02 6.2221697998e+02 6.2230401611e+02 6.2239801025e+02 6.2250097656e+02
6.1890197754e+02 6.1894201660e+02 6.1899597168e+02 6.1905102539e+02 6.1909698486e+02 6.1915100098e+02 6.1920300293e+02 6.1925799561e+02 6.1930902100e+02 6.1936700439e+02 6.1940197754e+02 6.1945501709e+02 6.1950598145e+02 6.1955798340e+02 6.1963397217e+02 6.1970300293e+02 6.1974597168e+02 6.1979101563e+02 6.1985198975e+02 6.1994500732e+02 6.2000799561e+02 6.2005700684e+02 6.2013897705e+02 6.2019097900e+02 6.2027801514e+02 6.2032501221e+02 6.2035601807e+02 6.2043597412e+02 6.2052197266e+02 6.2059997559e+02 6.2067797852e+02 6.2077301025e+02 6.2087200928e+02 6.2097601318e+02 6.2105999756e+02 6.2115997314e+02 6.2127301025e+02 6.2139099121e+02 6.2150799561e+02 6.2166601563e+02 6.2178997803e+02 6.2190197754e+02 6.2202502441e+02 6.2212200928e+02 6.2223901367e+02 6.2235302734e+02
6.1881597900e+02 6.1884802246e+02 6.1889801025e+02 6.1896600342e+02 6.1901202393e+02 6.1905102539e+02 6.1909698486e+02 6.1915698242e+02 6.1921099854e+02 6.1926202393e+02 6.1930200195e+02 6.1935998535e+02 6.1941699219e+02 6.1947900391e+02 6.1952301025e+02 6.1956701660e+02 6.1962500000e+02 6.1968499756e+02 6.1974798584e+02 6.1983099365e+02 6.1988397217e+02 6.1992999268e+02 6.2001397705e+02 6.2005902100e+02 6.2013598633e+02 6.2018701172e+02 6.2023699951e+02 6.2028302002e+02 6.2035400391e+02 6.2044201660e+02 6.2052600098e+02 6.2059100342e+02 6.2067102051e+02 6.2075598145e+02 6.2086700439e+02 6.2097100830e+02 6.2107897949e+02 6.2119702148e+02 6.2132299805e+02 6.2146301270e+02 6.2156201172e+02 6.2167199707e+02 6.2180499268e+02 6.2191101074e+02 6.2203198242e+02 6.2216198730e+02
6.1872100830e+02 6.1875897217e+02 6.1881298828e+02 6.1887402344e+02 6.1891802979e+02 6.1895800781e+02 6.1900598145e+02 6.1907000732e+02 6.1912402344e+02 6.1917999268e+02 6.1922100830e+02 6.1927502441e+02 6.1932299805e+02 6.1938000488e+02 6.1942498779e+02 6.1946899414e+02 6.1953601074e+02 6.1959497070e+02 6.1964898682e+02 6.1971398926e+02 6.1977398682e+02 6.1982598877e+02 6.1989099121e+02 6.1995001221e+02 6.2002301025e+02 6.2005999756e+02 6.2010998535e+02 6.2015002441e+02 6.2020800781e+02 6.2029199219e+02 6.2037298584e+02 6.2043499756e+02 6.2051599121e+02 6.2059399414e+02 6.2068597412e+02 6.2078601074e+02 6.2088800049e+02 6.2100201416e+02 6.2113000488e+02 6.2124499512e+02 6.2134997559e+02 6.2146600342e+02 6.2158099365e+02 6.2169299316e+02 6.2182000732e+02 6.2194897461e+02
6.1861401367e+02 6.1866198730e+02 6.1871301270e+02 6.1875097656e+02 6.1880297852e+02 6.1885601807e+02 6.1890802002e+02 6.1897497559e+02 6.1902801514e+02 6.1908599854e+02 6.1913598633e+02 6.1919000244e+02 6.1923101807e+02 6.1927899170e+02 6.1932501221e+02 6.1937402344e+02 6.1943701172e+02 6.1949298096e+02 6.1955200195e+02 6.1960900879e+02 6.1967199707e+02 6.1971502686e+02 6.1976898193e+02 6.1983398438e+02 6.1991400146e+02 6.1996099854e+02 6.2001000977e+02 6.2005499268e+02 6.2010998535e+02 6.2017498779e+02 6.2023199463e+02 6.2029498291e+02 6.2038098145e+02 6.2045898438e+02 6.2052801514e+02 6.2061401367e+02 6.2071197510e+02 6.2080798340e+02 6.2091101074e+02 6.2102502441e+02 6.2115197754e+02 6.2128399658e+02 6.2138897705e+02 6.2151599121e+02 6.2164300537e+02 6.2175701904e+02
6.1852197266e+02 6.1855499268e+02 6.1858300781e+02 6.1863500977e+02 6.1870397949e+02 6.1876098633e+02 6.1882299805e+02 6.1886700439e+02 6.1891198730e+02 6.1896801758e+02 6.1903802490e+02 6.1908502197e+02 6.1913800049e+02 6.1919702148e+02 6.1925000000e+02 6.1929699707e+02 6.1934497070e+02 6.1940100098e+02 6.1947601318e+02 6.1952697754e+02 6.1958197021e+02 6.1963500977e+02 6.1970300293e+02 6.1973400879e+02 6.1978302002e+02 6.1984301758e+02 6.1989599609e+02 6.1994598389e+02 6.2001501465e+02 6.2007299805e+02 6.2011199951e+02 6.2017498779e+02 6.2024102783e+02 6.2030999756e+02 6.2037701416e+02 6.2045599365e+02 6.2054699707e+02 6.2063098145e+02 6.2072302246e+02 6.2083099365e+02 6.2095098877e+02 6.2108099365e+02 6.2120501709e+02 6.2134002686e+02 6.2146197510e+02 6.2157598877e+02
6.1841998291e+02 6.1845697021e+02 6.1849102783e+02 6.1856298828e+02 6.1864202881e+02 6.1868499756e+02 6.1872497559e+02 6.1877099609e+02 6.1883398438e+02 6.1889501953e+02 6.1894897461e+02 6.1899902344e+02 6.1905401611e+02 6.1911102295e+02 6.1915301514e+02 6.1920501709e+02 6.1925500488e+02 6.1930999756e+02 6.1937701416e+02 6.1944897461e+02 6.1950701904e+02 6.1954901123e+02 6.1959002686e+02 6.1965100098e+02 6.1970599365e+02 6.1975000000e+02 6.1980297852e+02 6.1985101318e+02 6.1990899658e+02 6.1996002197e+02 6.2001202393e+02 6.2005401611e+02 6.2010699463e+02 6.2017797852e+02 6.2024597168e+02 6.2033099365e+02 6.2040997314e+02 6.2048602295e+02 6.2057598877e+02 6.2067401123e+02 6.2078100586e+02 6.2088897705e+02 6.2101397705e+02 6.2115600586e+02 6.2128497314e+02 6.2140600586e+02
6.1830200195e+02 6.1835699463e+02 6.1840502930e+02 6.1848101807e+02 6.1855102539e+02 6.1858898926e+02 6.1863500977e+02 6.1867999268e+02 6.1874902344e+02 6.1879498291e+02 6.1883001709e+02 6.1890399170e+02 6.1896502686e+02 6.1901702881e+02 6.1905603027e+02 6.1910998535e+02 6.1917102051e+02 6.1921697998e+02 6.1926501465e+02 6.1935101318e+02 6.1941101074e+02 6.1944598389e+02 6.1948797607e+02 6.1955401611e+02 6.1961199951e+02 6.1966101074e+02 6.1973901367e+02 6.1978100586e+02 6.1982598877e+02 6.1986901855e+02 6.1992797852e+02 6.1996398926e+02 6.2000799561e+02 6.2007397461e+02 6.2013299561e+02 6.2020697021e+02 6.2028100586e+02 6.2035699463e+02 6.2044702148e+02 6.2052197266e+02 6.2062200928e+02 6.2072198486e+02 6.2085400391e+02 6.2098999023e+02 6.2111798096e+02 6.2123498535e+02
6.1821301270e+02 6.1826898193e+02 6.1831201172e+02 6.1836999512e+02 6.1843402100e+02 6.1848400879e+02 6.1853601074e+02 6.1857897949e+02 6.1864599609e+02 6.1869201660e+02 6.1873101807e+02 6.1880401611e+02 6.1885998535e+02 6.1891198730e+02 6.1896197510e+02 6.1901397705e+02 6.1908300781e+02 6.1912902832e+02 6.1917102051e+02 6.1924902344e+02 6.1930798340e+02 6.1934002686e+02 6.1939202881e+02 6.1945898438e+02 6.1951599121e+02 6.1957501221e+02 6.1966400146e+02 6.1971099854e+02 6.1975897217e+02 6.1980603027e+02 6.1984997559e+02 6.1988000488e+02 6.1991699219e+02 6.1997998047e+02 6.2004302979e+02 6.2010699463e+02 6.2017199707e+02 6.2024200439e+02 6.2032501221e+02 6.2040002441e+02 6.2049102783e+02 6.2057598877e+02 6.2070501709e+02 6.2083001709e+02 6.2095397949e+02 6.2106799316e+02
