TESTSERVER/14/9.asc
NCOLS 100
NROWS 100
XLLCORNER 8.1997500000e+03
YLLCORNER 2.8950025000e+05
CELLSIZE 5.0000000000e-01
NODATA_VALUE -9.9990000000e+03
[rows 40 to 59 of 100, columns 0 to 45 of 100]
6.1636602783e+02 6.1638500977e+02 6.1639202881e+02 6.1639697266e+02 6.1640197754e+02 6.1644000244e+02 6.1647601318e+02 6.1650000000e+02 6.1653100586e+02 6.1656896973e+02 6.1658801270e+02 6.1661602783e+02 6.1664398193e+02 6.1667901611e+02 6.1670800781e+02 6.1670599365e+02 6.1666900635e+02 6.1651000977e+02 6.1650897217e+02 6.1667498779e+02 6.1687597656e+02 6.1693597412e+02 6.1702001953e+02 6.1706097412e+02 6.1708398438e+02 6.1712097168e+02 6.1713201904e+02 6.1716900635e+02 6.1722601318e+02 6.1728698730e+02 6.1734600830e+02 6.1740399170e+02 6.1746502686e+02 6.1748699951e+02 6.1755102539e+02 6.1759698486e+02 6.1763598633e+02 6.1769201660e+02 6.1773602295e+02 6.1778302002e+02 6.1784002686e+02 6.1788299561e+02 6.1792999268e+02 6.1797399902e+02 6.1801599121e+02 6.1807702637e+02
6.1639300537e+02 6.1638598633e+02 6.1639697266e+02 6.1640100098e+02 6.1639898682e+02 6.1644299316e+02 6.1648400879e+02 6.1650598145e+02 6.1654797363e+02 6.1657897949e+02 6.1660601807e+02 6.1663800049e+02 6.1666198730e+02 6.1669201660e+02 6.1671301270e+02 6.1674298096e+02 6.1676898193e+02 6.1675097656e+02 6.1665002441e+02 6.1654699707e+02 6.1663702393e+02 6.1680902100e+02 6.1694897461e+02 6.1702899170e+02 6.1705200195e+02 6.1706799316e+02 6.1707897949e+02 6.1711798096e+02 6.1717602539e+02 6.1722998047e+02 6.1727697754e+02 6.1733197021e+02 6.1738897705e+02 6.1740502930e+02 6.1746398926e+02 6.1751501465e+02 6.1757000732e+02 6.1762097168e+02 6.1765899658e+02 6.1769702148e+02 6.1775097656e+02 6.1780297852e+02 6.1786102295e+02 6.1788800049e+02 6.1792297363e+02 6.1797698975e+02
6.1640698242e+02 6.1639599609e+02 6.1640502930e+02 6.1642297363e+02 6.1643103027e+02 6.1646899414e+02 6.1649597168e+02 6.1652001953e+02 6.1655999756e+02 6.1657897949e+02 6.1660797119e+02 6.1663500977e+02 6.1666699219e+02 6.1670098877e+02 6.1671801758e+02 6.1674597168e+02 6.1676800537e+02 6.1681500244e+02 6.1681597900e+02 6.1671502686e+02 6.1663299561e+02 6.1663800049e+02 6.1672900391e+02 6.1690197754e+02 6.1701501465e+02 6.1706201172e+02 6.1707702637e+02 6.1710699463e+02 6.1716998291e+02 6.1720800781e+02 6.1724298096e+02 6.1728698730e+02 6.1731701660e+02 6.1734600830e+02 6.1740502930e+02 6.1744897461e+02 6.1750598145e+02 6.1755798340e+02 6.1760998535e+02 6.1765698242e+02 6.1769799805e+02 6.1772497559e+02 6.1777502441e+02 6.1781201172e+02 6.1785998535e+02 6.1791497803e+02
6.1641699219e+02 6.1643902588e+02 6.1645098877e+02 6.1645397949e+02 6.1644799805e+02 6.1648297119e+02 6.1650799561e+02 6.1653601074e+02 6.1656896973e+02 6.1659997559e+02 6.1663000488e+02 6.1664599609e+02 6.1668200684e+02 6.1670599365e+02 6.1672900391e+02 6.1674597168e+02 6.1675799561e+02 6.1679498291e+02 6.1684399414e+02 6.1686102295e+02 6.1683697510e+02 6.1673999023e+02 6.1664001465e+02 6.1668200684e+02 6.1682000732e+02 6.1699102783e+02 6.1707501221e+02 6.1711602783e+02 6.1716400146e+02 6.1720098877e+02 6.1723199463e+02 6.1727197266e+02 6.1728497314e+02 6.1731097412e+02 6.1737402344e+02 6.1741302490e+02 6.1746099854e+02 6.1750598145e+02 6.1756896973e+02 6.1761999512e+02 6.1764898682e+02 6.1766998291e+02 6.1770098877e+02 6.1773901367e+02 6.1778802490e+02 6.1784399414e+02
6.1642700195e+02 6.1644396973e+02 6.1645800781e+02 6.1647399902e+02 6.1646997070e+02 6.1648699951e+02 6.1651098633e+02 6.1653900146e+02 6.1657501221e+02 6.1660198975e+02 6.1663299561e+02 6.1664898682e+02 6.1669396973e+02 6.1670697021e+02 6.1672100830e+02 6.1674401855e+02 6.1678302002e+02 6.1679199219e+02 6.1681298828e+02 6.1685302734e+02 6.1689697266e+02 6.1691302490e+02 6.1686499023e+02 6.1673602295e+02 6.1664398193e+02 6.1670599365e+02 6.1689898682e+02 6.1705902100e+02 6.1714599609e+02 6.1716699219e+02 6.1719598389e+02 6.1724902344e+02 6.1727697754e+02 6.1730798340e+02 6.1736999512e+02 6.1741400146e+02 6.1744799805e+02 6.1748400879e+02 6.1752697754e+02 6.1756097412e+02 6.1759301758e+02 6.1762799072e+02 6.1766101074e+02 6.1770202637e+02 6.1773498535e+02 6.1780102539e+02
6.1646197510e+02 6.1645800781e+02 6.1645300293e+02 6.1646697998e+02 6.1648199463e+02 6.1649401855e+02 6.1652502441e+02 6.1656201172e+02 6.1658099365e+02 6.1659197998e+02 6.1661798096e+02 6.1663397217e+02 6.1667401123e+02 6.1671197510e+02 6.1673297119e+02 6.1675201416e+02 6.1679101563e+02 6.1681201172e+02 6.1682202148e+02 6.1684802246e+02 6.1689300537e+02 6.1690997314e+02 6.1694799805e+02 6.1695397949e+02 6.1690502930e+02 6.1677502441e+02 6.1670697021e+02 6.1675097656e+02 6.1696801758e+02 6.1709197998e+02 6.1718701172e+02 6.1725500488e+02 6.1727197266e+02 6.1732299805e+02 6.1735900879e+02 6.1739099121e+02 6.1743402100e+02 6.1748101807e+02 6.1751202393e+02 6.1753198242e+02 6.1755603027e+02 6.1758300781e+02 6.1763299561e+02 6.1767700195e+02 6.1771398926e+02 6.1776800537e+02
6.1647601318e+02 6.1649200439e+02 6.1649597168e+02 6.1648901367e+02 6.1649798584e+02 6.1650500488e+02 6.1653002930e+02 6.1656597900e+02 6.1659002686e+02 6.1660900879e+02 6.1662597656e+02 6.1663000488e+02 6.1666302490e+02 6.1671002197e+02 6.1673999023e+02 6.1676202393e+02 6.1679199219e+02 6.1682702637e+02 6.1684802246e+02 6.1687097168e+02 6.1689898682e+02 6.1691601563e+02 6.1695800781e+02 6.1699102783e+02 6.1700897217e+02 6.1700402832e+02 6.1692700195e+02 6.1680700684e+02 6.1682598877e+02 6.1687200928e+02 6.1702099609e+02 6.1718701172e+02 6.1724200439e+02 6.1729602051e+02 6.1733599854e+02 6.1737298584e+02 6.1742199707e+02 6.1746197510e+02 6.1748797607e+02 6.1751000977e+02 6.1753997803e+02 6.1757098389e+02 6.1761102295e+02 6.1764001465e+02 6.1768298340e+02 6.1773699951e+02
6.1649798584e+02 6.1651702881e+02 6.1652697754e+02 6.1651300049e+02 6.1651098633e+02 6.1653198242e+02 6.1654498291e+02 6.1657202148e+02 6.1660998535e+02 6.1662701416e+02 6.1664599609e+02 6.1665698242e+02 6.1667797852e+02 6.1671301270e+02 6.1674597168e+02 6.1677801514e+02 6.1680297852e+02 6.1682800293e+02 6.1685998535e+02 6.1689697266e+02 6.1692498779e+02 6.1693200684e+02 6.1696899414e+02 6.1698999023e+02 6.1700000000e+02 6.1703802490e+02 6.1708099365e+02 6.1704199219e+02 6.1695300293e+02 6.1683801270e+02 6.1684802246e+02 6.1696997070e+02 6.1709497070e+02 6.1720898438e+02 6.1728802490e+02 6.1734600830e+02 6.1738702393e+02 6.1742797852e+02 6.1747100830e+02 6.1750402832e+02 6.1753002930e+02 6.1756701660e+02 6.1759600830e+02 6.1762097168e+02 6.1765802002e+02 6.1770501709e+02
6.1651702881e+02 6.1653497314e+02 6.1653997803e+02 6.1652801514e+02 6.1653601074e+02 6.1656799316e+02 6.1657299805e+02 6.1658697510e+02 6.1661102295e+02 6.1662500000e+02 6.1664697266e+02 6.1667498779e+02 6.1668902588e+02 6.1670800781e+02 6.1674298096e+02 6.1677697754e+02 6.1679797363e+02 6.1683398438e+02 6.1686798096e+02 6.1690100098e+02 6.1694799805e+02 6.1694500732e+02 6.1696697998e+02 6.1698901367e+02 6.1701000977e+02 6.1703997803e+02 6.1706097412e+02 6.1706799316e+02 6.1706896973e+02 6.1710400391e+02 6.1702697754e+02 6.1691601563e+02 6.1683801270e+02 6.1696502686e+02 6.1710498047e+02 6.1726397705e+02 6.1737701416e+02 6.1739099121e+02 6.1744702148e+02 6.1748999023e+02 6.1751397705e+02 6.1754998779e+02 6.1756298828e+02 6.1759100342e+02 6.1764202881e+02 6.1766497803e+02
6.1654901123e+02 6.1656201172e+02 6.1656298828e+02 6.1654998779e+02 6.1654699707e+02 6.1657202148e+02 6.1659197998e+02 6.1660998535e+02 6.1662799072e+02 6.1665100098e+02 6.1667102051e+02 6.1667602539e+02 6.1669396973e+02 6.1671899414e+02 6.1674902344e+02 6.1677398682e+02 6.1680401611e+02 6.1684002686e+02 6.1687701416e+02 6.1689801025e+02 6.1693103027e+02 6.1694799805e+02 6.1698101807e+02 6.1700500488e+02 6.1703198242e+02 6.1702801514e+02 6.1704602051e+02 6.1707897949e+02 6.1709899902e+02 6.1713201904e+02 6.1717401123e+02 6.1716998291e+02 6.1707897949e+02 6.1699102783e+02 6.1696502686e+02 6.1703698730e+02 6.1718298340e+02 6.1731597900e+02 6.1740997314e+02 6.1745599365e+02 6.1748797607e+02 6.1750701904e+02 6.1754199219e+02 6.1758898926e+02 6.1762799072e+02 6.1764697266e+02
6.1657501221e+02 6.1658197021e+02 6.1658197021e+02 6.1657702637e+02 6.1657397461e+02 6.1658801270e+02 6.1660601807e+02 6.1662500000e+02 6.1664202881e+02 6.1666400146e+02 6.1668402100e+02 6.1668701172e+02 6.1671301270e+02 6.1673602295e+02 6.1675598145e+02 6.1677801514e+02 6.1681701660e+02 6.1684497070e+02 6.1686700439e+02 6.1689099121e+02 6.1693298340e+02 6.1694799805e+02 6.1698699951e+02 6.1700897217e+02 6.1703601074e+02 6.1703802490e+02 6.1706701660e+02 6.1709600830e+02 6.1711798096e+02 6.1714001465e+02 6.1718200684e+02 6.1722100830e+02 6.1723901367e+02 6.1723498535e+02 6.1717297363e+02 6.1708300781e+02 6.1702502441e+02 6.1710101318e+02 6.1722698975e+02 6.1734899902e+02 6.1744396973e+02 6.1746697998e+02 6.1752398682e+02 6.1757299805e+02 6.1760198975e+02 6.1763000488e+02
6.1660101318e+02 6.1660302734e+02 6.1660198975e+02 6.1660900879e+02 6.1660302734e+02 6.1660900879e+02 6.1662097168e+02 6.1664398193e+02 6.1665802002e+02 6.1667199707e+02 6.1668597412e+02 6.1669097900e+02 6.1673101807e+02 6.1675201416e+02 6.1676800537e+02 6.1678802490e+02 6.1682897949e+02 6.1685900879e+02 6.1687402344e+02 6.1688897705e+02 6.1692901611e+02 6.1695501709e+02 6.1699401855e+02 6.1701202393e+02 6.1703802490e+02 6.1705499268e+02 6.1709197998e+02 6.1710998535e+02 6.1713201904e+02 6.1715698242e+02 6.1718402100e+02 6.1722100830e+02 6.1725500488e+02 6.1730700684e+02 6.1733801270e+02 6.1728802490e+02 6.1718103027e+02 6.1713598633e+02 6.1711199951e+02 6.1714801025e+02 6.1727001953e+02 6.1737200928e+02 6.1748101807e+02 6.1752600098e+02 6.1755700684e+02 6.1760699463e+02
6.1663598633e+02 6.1663702393e+02 6.1662701416e+02 6.1662799072e+02 6.1663299561e+02 6.1663702393e+02 6.1664697266e+02 6.1666497803e+02 6.1667401123e+02 6.1668902588e+02 6.1669702148e+02 6.1670001221e+02 6.1673797607e+02 6.1677398682e+02 6.1679797363e+02 6.1682598877e+02 6.1685699463e+02 6.1689099121e+02 6.1690002441e+02 6.1690899658e+02 6.1694396973e+02 6.1696801758e+02 6.1699200439e+02 6.1702899170e+02 6.1705902100e+02 6.1706298828e+02 6.1709197998e+02 6.1712500000e+02 6.1715600586e+02 6.1717199707e+02 6.1719598389e+02 6.1722998047e+02 6.1725000000e+02 6.1727899170e+02 6.1730999756e+02 6.1732897949e+02 6.1735198975e+02 6.1737200928e+02 6.1732897949e+02 6.1722497559e+02 6.1710998535e+02 6.1720202637e+02 6.1735198975e+02 6.1745001221e+02 6.1754302979e+02 6.1756201172e+02
6.1664801025e+02 6.1663598633e+02 6.1664202881e+02 6.1665301514e+02 6.1664801025e+02 6.1665802002e+02 6.1665802002e+02 6.1666497803e+02 6.1667401123e+02 6.1670800781e+02 6.1673199463e+02 6.1673999023e+02 6.1675000000e+02 6.1678900146e+02 6.1680798340e+02 6.1683697510e+02 6.1685498047e+02 6.1687298584e+02 6.1688702393e+02 6.1691601563e+02 6.1694000244e+02 6.1696398926e+02 6.1699298096e+02 6.1702301025e+02 6.1707098389e+02 6.1708697510e+02 6.1711499023e+02 6.1714501953e+02 6.1717297363e+02 6.1718902588e+02 6.1721301270e+02 6.1724298096e+02 6.1724902344e+02 6.1727197266e+02 6.1730401611e+02 6.1732897949e+02 6.1735797119e+02 6.1738500977e+02 6.1742498779e+02 6.1742999268e+02 6.1735302734e+02 6.1728302002e+02 6.1724298096e+02 6.1726397705e+02 6.1737200928e+02 6.1747900391e+02
6.1667498779e+02 6.1665301514e+02 6.1665301514e+02 6.1667401123e+02 6.1666699219e+02 6.1668298340e+02 6.1668798828e+02 6.1669299316e+02 6.1669897461e+02 6.1671502686e+02 6.1673297119e+02 6.1674902344e+02 6.1676000977e+02 6.1679199219e+02 6.1681201172e+02 6.1684997559e+02 6.1686297607e+02 6.1688098145e+02 6.1690502930e+02 6.1693103027e+02 6.1694396973e+02 6.1696002197e+02 6.1699298096e+02 6.1701898193e+02 6.1707000732e+02 6.1710498047e+02 6.1714001465e+02 6.1716699219e+02 6.1719000244e+02 6.1720098877e+02 6.1722399902e+02 6.1725897217e+02 6.1727502441e+02 6.1730200195e+02 6.1732897949e+02 6.1734100342e+02 6.1736798096e+02 6.1738598633e+02 6.1740997314e+02 6.1744000244e+02 6.1746398926e+02 6.1744598389e+02 6.1739202881e+02 6.1731201172e+02 6.1725701904e+02 6.1729199219e+02
6.1669396973e+02 6.1668298340e+02 6.1667199707e+02 6.1667901611e+02 6.1667700195e+02 6.1669702148e+02 6.1669799805e+02 6.1670800781e+02 6.1673999023e+02 6.1674597168e+02 6.1674499512e+02 6.1676300049e+02 6.1677697754e+02 6.1680999756e+02 6.1683801270e+02 6.1686700439e+02 6.1688702393e+02 6.1690997314e+02 6.1691802979e+02 6.1694500732e+02 6.1696899414e+02 6.1696502686e+02 6.1698797607e+02 6.1701702881e+02 6.1707202148e+02 6.1711602783e+02 6.1715197754e+02 6.1718103027e+02 6.1720501709e+02 6.1722302246e+02 6.1724298096e+02 6.1727001953e+02 6.1729400635e+02 6.1733001709e+02 6.1735498047e+02 6.1735900879e+02 6.1738702393e+02 6.1741198730e+02 6.1741497803e+02 6.1742999268e+02 6.1746600342e+02 6.1747900391e+02 6.1750500488e+02 6.1749102783e+02 6.1743200684e+02 6.1734100342e+02
6.1671899414e+02 6.1671502686e+02 6.1670599365e+02 6.1670898438e+02 6.1671600342e+02 6.1672399902e+02 6.1672198486e+02 6.1673297119e+02 6.1673400879e+02 6.1676397705e+02 6.1678302002e+02 6.1680999756e+02 6.1683599854e+02 6.1684100342e+02 6.1685900879e+02 6.1689099121e+02 6.1692602539e+02 6.1691302490e+02 6.1692102051e+02 6.1695397949e+02 6.1696997070e+02 6.1697100830e+02 6.1699700928e+02 6.1701898193e+02 6.1705401611e+02 6.1711700439e+02 6.1716601563e+02 6.1718902588e+02 6.1720001221e+02 6.1723297119e+02 6.1726000977e+02 6.1727801514e+02 6.1728601074e+02 6.1732501221e+02 6.1736297607e+02 6.1738299561e+02 6.1738299561e+02 6.1742797852e+02 6.1744500732e+02 6.1745800781e+02 6.1747900391e+02 6.1747998047e+02 6.1750799561e+02 6.1753100586e+02 6.1751501465e+02 6.1752001953e+02
6.1672900391e+02 6.1673999023e+02 6.1673199463e+02 6.1672998047e+02 6.1673901367e+02 6.1673999023e+02 6.1675000000e+02 6.1677398682e+02 6.1676599121e+02 6.1678900146e+02 6.1679797363e+02 6.1681201172e+02 6.1684997559e+02 6.1686401367e+02 6.1688098145e+02 6.1690899658e+02 6.1693103027e+02 6.1692602539e+02 6.1693902588e+02 6.1696099854e+02 6.1698901367e+02 6.1699200439e+02 6.1702001953e+02 6.1704101563e+02 6.1706701660e+02 6.1711602783e+02 6.1715899658e+02 6.1717401123e+02 6.1719396973e+02 6.1724798584e+02 6.1727502441e+02 6.1729400635e+02 6.1730297852e+02 6.1734399414e+02 6.1737298584e+02 6.1739099121e+02 6.1739898682e+02 6.1742999268e+02 6.1745098877e+02 6.1746997070e+02 6.1748999023e+02 6.1748901367e+02 6.1751300049e+02 6.1753100586e+02 6.1753997803e+02 6.1757299805e+02
6.1674499512e+02 6.1675799561e+02 6.1677099609e+02 6.1676898193e+02 6.1675500488e+02 6.1676800537e+02 6.1677502441e+02 6.1679498291e+02 6.1679498291e+02 6.1681201172e+02 6.1681701660e+02 6.1682598877e+02 6.1685198975e+02 6.1686798096e+02 6.1689300537e+02 6.1691699219e+02 6.1692797852e+02 6.1694702148e+02 6.1696697998e+02 6.1696899414e+02 6.1698797607e+02 6.1700598145e+02 6.1704797363e+02 6.1708001709e+02 6.1710302734e+02 6.1712402344e+02 6.1715502930e+02 6.1717602539e+02 6.1720800781e+02 6.1726202393e+02 6.1728002930e+02 6.1730200195e+02 6.1731298828e+02 6.1734802246e+02 6.1738098145e+02 6.1739501953e+02 6.1740197754e+02 6.1741699219e+02 6.1742797852e+02 6.1746197510e+02 6.1749200439e+02 6.1749798584e+02 6.1751098633e+02 6.1753198242e+02 6.1755499268e+02 6.1758502197e+02
6.1677697754e+02 6.1677600098e+02 6.1679699707e+02 6.1679797363e+02 6.1677001953e+02 6.1678399658e+02 6.1678100586e+02 6.1678997803e+02 6.1681201172e+02 6.1683398438e+02 6.1684197998e+02 6.1685302734e+02 6.1688000488e+02 6.1687902832e+02 6.1690399170e+02 6.1693597412e+02 6.1693499756e+02 6.1695697021e+02 6.1698498535e+02 6.1699102783e+02 6.1700701904e+02 6.1703100586e+02 6.1707397461e+02 6.1710400391e+02 6.1712200928e+02 6.1713598633e+02 6.1716998291e+02 6.1719897461e+02 6.1723498535e+02 6.1725897217e+02 6.1727197266e+02 6.1731097412e+02 6.1733099365e+02 6.1735101318e+02 6.1738702393e+02 6.1740002441e+02 6.1740899658e+02 6.1742498779e+02 6.1743103027e+02 6.1746697998e+02 6.1749401855e+02 6.1751098633e+02 6.1752099609e+02 6.1753497314e+02 6.1755499268e+02 6.1758300781e+02
