TESTSERVER/14/9.asc
NCOLS 100
NROWS 100
XLLCORNER 8.1997500000e+03
YLLCORNER 2.8950025000e+05
CELLSIZE 5.0000000000e-01
NODATA_VALUE -9.9990000000e+03
[rows 60 to 79 of 100, columns 0 to 45 of 100]
6.1679199219e+02 6.1679199219e+02 6.1679998779e+02 6.1679901123e+02 6.1680297852e+02 6.1682202148e+02 6.1682000732e+02 6.1681500244e+02 6.1683801270e+02 6.1685797119e+02 6.1686102295e+02 6.1687597656e+02 6.1693402100e+02 6.1691302490e+02 6.1692797852e+02 6.1696697998e+02 6.1699700928e+02 6.1699798584e+02 6.1700897217e+02 6.1701898193e+02 6.1704498291e+02 6.1706201172e+02 6.1709100342e+02 6.1710998535e+02 6.1712097168e+02 6.1715600586e+02 6.1720001221e+02 6.1722601318e+02 6.1723999023e+02 6.1726000977e+02 6.1728198242e+02 6.1732598877e+02 6.1734197998e+02 6.1735797119e+02 6.1739697266e+02 6.1741900635e+02 6.1744396973e+02 6.1746502686e+02 6.1747497559e+02 6.1749597168e+02 6.1751098633e+02 6.1754400635e+02 6.1754901123e+02 6.1753997803e+02 6.1756298828e+02 6.1758898926e+02
6.1682202148e+02 6.1681201172e+02 6.1680401611e+02 6.1681201172e+02 6.1682598877e+02 6.1684600830e+02 6.1685797119e+02 6.1687200928e+02 6.1688000488e+02 6.1689099121e+02 6.1689697266e+02 6.1690002441e+02 6.1692602539e+02 6.1695001221e+02 6.1697100830e+02 6.1696997070e+02 6.1699700928e+02 6.1701599121e+02 6.1702801514e+02 6.1705401611e+02 6.1708197021e+02 6.1709399414e+02 6.1710900879e+02 6.1711999512e+02 6.1715002441e+02 6.1718298340e+02 6.1721301270e+02 6.1723498535e+02 6.1725299072e+02 6.1727502441e+02 6.1729498291e+02 6.1732598877e+02 6.1734497070e+02 6.1738000488e+02 6.1741998291e+02 6.1743402100e+02 6.1744799805e+02 6.1747198486e+02 6.1748901367e+02 6.1751702881e+02 6.1752899170e+02 6.1753900146e+02 6.1754998779e+02 6.1754101563e+02 6.1758502197e+02 6.1761901855e+02
6.1683502197e+02 6.1683801270e+02 6.1683099365e+02 6.1683801270e+02 6.1684197998e+02 6.1684698486e+02 6.1687097168e+02 6.1690399170e+02 6.1689898682e+02 6.1690698242e+02 6.1692102051e+02 6.1692401123e+02 6.1693200684e+02 6.1697497559e+02 6.1699499512e+02 6.1697998047e+02 6.1700402832e+02 6.1702899170e+02 6.1703802490e+02 6.1707098389e+02 6.1710498047e+02 6.1711401367e+02 6.1713500977e+02 6.1715002441e+02 6.1718103027e+02 6.1721099854e+02 6.1722900391e+02 6.1724401855e+02 6.1726300049e+02 6.1728399658e+02 6.1730798340e+02 6.1733801270e+02 6.1735601807e+02 6.1739801025e+02 6.1743103027e+02 6.1744299316e+02 6.1745202637e+02 6.1746899414e+02 6.1750201416e+02 6.1752899170e+02 6.1753900146e+02 6.1755297852e+02 6.1756402588e+02 6.1756298828e+02 6.1760400391e+02 6.1762200928e+02
6.1685900879e+02 6.1686297607e+02 6.1685101318e+02 6.1684399414e+02 6.1684399414e+02 6.1686199951e+02 6.1690301514e+02 6.1692797852e+02 6.1691998291e+02 6.1693499756e+02 6.1694396973e+02 6.1695800781e+02 6.1695800781e+02 6.1698297119e+02 6.1701397705e+02 6.1701800537e+02 6.1703302002e+02 6.1704998779e+02 6.1705102539e+02 6.1708001709e+02 6.1712097168e+02 6.1712500000e+02 6.1715301514e+02 6.1717700195e+02 6.1721099854e+02 6.1723400879e+02 6.1724700928e+02 6.1726098633e+02 6.1727899170e+02 6.1729998779e+02 6.1732397461e+02 6.1735198975e+02 6.1736499023e+02 6.1741601563e+02 6.1745397949e+02 6.1747399902e+02 6.1750000000e+02 6.1749902344e+02 6.1751898193e+02 6.1755700684e+02 6.1757098389e+02 6.1759301758e+02 6.1759802246e+02 6.1760101318e+02 6.1763098145e+02 6.1763000488e+02
6.1691900635e+02 6.1689801025e+02 6.1687097168e+02 6.1686901855e+02 6.1687500000e+02 6.1689599609e+02 6.1693103027e+02 6.1693798828e+02 6.1694897461e+02 6.1697399902e+02 6.1697198486e+02 6.1699597168e+02 6.1697998047e+02 6.1699298096e+02 6.1702398682e+02 6.1703399658e+02 6.1705200195e+02 6.1706500244e+02 6.1706201172e+02 6.1708001709e+02 6.1711102295e+02 6.1713397217e+02 6.1716302490e+02 6.1719000244e+02 6.1722601318e+02 6.1724499512e+02 6.1726702881e+02 6.1728802490e+02 6.1730102539e+02 6.1732800293e+02 6.1733898926e+02 6.1736401367e+02 6.1738098145e+02 6.1742199707e+02 6.1746801758e+02 6.1748999023e+02 6.1751202393e+02 6.1750299072e+02 6.1751397705e+02 6.1756597900e+02 6.1759197998e+02 6.1760601807e+02 6.1760498047e+02 6.1761700439e+02 6.1765600586e+02 6.1767401123e+02
6.1690002441e+02 6.1691198730e+02 6.1690002441e+02 6.1689501953e+02 6.1688598633e+02 6.1691900635e+02 6.1695800781e+02 6.1696899414e+02 6.1695397949e+02 6.1697399902e+02 6.1698602295e+02 6.1700000000e+02 6.1700402832e+02 6.1702398682e+02 6.1705200195e+02 6.1706597900e+02 6.1709197998e+02 6.1708300781e+02 6.1707897949e+02 6.1711401367e+02 6.1713397217e+02 6.1715600586e+02 6.1719000244e+02 6.1721002197e+02 6.1722601318e+02 6.1725299072e+02 6.1727697754e+02 6.1729602051e+02 6.1730200195e+02 6.1733197021e+02 6.1735797119e+02 6.1739501953e+02 6.1741198730e+02 6.1743701172e+02 6.1747302246e+02 6.1750201416e+02 6.1753802490e+02 6.1755200195e+02 6.1755603027e+02 6.1758801270e+02 6.1760797119e+02 6.1762097168e+02 6.1763702393e+02 6.1765100098e+02 6.1767901611e+02 6.1770898438e+02
6.1690502930e+02 6.1691497803e+02 6.1690301514e+02 6.1689599609e+02 6.1690301514e+02 6.1693902588e+02 6.1695898438e+02 6.1698297119e+02 6.1699700928e+02 6.1701000977e+02 6.1702001953e+02 6.1702197266e+02 6.1702600098e+02 6.1703601074e+02 6.1705700684e+02 6.1707397461e+02 6.1710198975e+02 6.1711199951e+02 6.1712902832e+02 6.1715100098e+02 6.1715600586e+02 6.1717797852e+02 6.1720697021e+02 6.1722302246e+02 6.1723901367e+02 6.1725897217e+02 6.1728002930e+02 6.1731201172e+02 6.1733300781e+02 6.1736199951e+02 6.1738397217e+02 6.1740802002e+02 6.1741998291e+02 6.1745697021e+02 6.1749102783e+02 6.1752301025e+02 6.1756500244e+02 6.1758001709e+02 6.1758001709e+02 6.1759899902e+02 6.1761700439e+02 6.1764300537e+02 6.1766601563e+02 6.1767797852e+02 6.1769799805e+02 6.1772698975e+02
6.1690997314e+02 6.1692498779e+02 6.1691400146e+02 6.1691900635e+02 6.1693798828e+02 6.1696197510e+02 6.1696801758e+02 6.1700897217e+02 6.1704302979e+02 6.1703497314e+02 6.1703997803e+02 6.1704998779e+02 6.1706402588e+02 6.1706402588e+02 6.1707800293e+02 6.1708898926e+02 6.1711700439e+02 6.1713397217e+02 6.1715997314e+02 6.1717102051e+02 6.1718402100e+02 6.1721398926e+02 6.1723199463e+02 6.1723901367e+02 6.1726300049e+02 6.1726898193e+02 6.1728698730e+02 6.1733599854e+02 6.1736798096e+02 6.1738702393e+02 6.1740100098e+02 6.1741900635e+02 6.1742901611e+02 6.1747497559e+02 6.1751800537e+02 6.1753698730e+02 6.1755798340e+02 6.1756597900e+02 6.1758398438e+02 6.1761297607e+02 6.1763500977e+02 6.1766497803e+02 6.1768798828e+02 6.1769500732e+02 6.1770800781e+02 6.1773400879e+02
6.1690997314e+02 6.1692102051e+02 6.1692401123e+02 6.1693402100e+02 6.1694500732e+02 6.1696997070e+02 6.1698297119e+02 6.1701800537e+02 6.1703100586e+02 6.1704699707e+02 6.1706402588e+02 6.1706896973e+02 6.1708502197e+02 6.1709899902e+02 6.1711999512e+02 6.1712597656e+02 6.1712799072e+02 6.1714202881e+02 6.1715997314e+02 6.1716998291e+02 6.1721002197e+02 6.1724298096e+02 6.1725897217e+02 6.1726000977e+02 6.1727301025e+02 6.1729602051e+02 6.1731298828e+02 6.1735498047e+02 6.1738299561e+02 6.1739300537e+02 6.1741302490e+02 6.1744598389e+02 6.1744201660e+02 6.1747698975e+02 6.1753198242e+02 6.1755102539e+02 6.1757098389e+02 6.1758300781e+02 6.1760198975e+02 6.1762701416e+02 6.1764801025e+02 6.1767901611e+02 6.1770001221e+02 6.1771398926e+02 6.1771899414e+02 6.1776098633e+02
6.1694799805e+02 6.1695397949e+02 6.1695697021e+02 6.1696697998e+02 6.1696899414e+02 6.1698199463e+02 6.1699499512e+02 6.1702801514e+02 6.1704998779e+02 6.1706896973e+02 6.1708300781e+02 6.1707598877e+02 6.1708898926e+02 6.1711401367e+02 6.1714001465e+02 6.1715301514e+02 6.1716101074e+02 6.1717797852e+02 6.1719598389e+02 6.1719799805e+02 6.1721502686e+02 6.1723101807e+02 6.1726501465e+02 6.1728601074e+02 6.1730798340e+02 6.1734002686e+02 6.1734301758e+02 6.1736401367e+02 6.1739801025e+02 6.1741497803e+02 6.1743499756e+02 6.1745397949e+02 6.1744000244e+02 6.1747802734e+02 6.1753497314e+02 6.1755603027e+02 6.1758001709e+02 6.1758001709e+02 6.1759802246e+02 6.1762799072e+02 6.1766302490e+02 6.1768298340e+02 6.1769000244e+02 6.1771502686e+02 6.1774798584e+02 6.1778002930e+02
6.1701300049e+02 6.1699499512e+02 6.1697998047e+02 6.1698797607e+02 6.1698901367e+02 6.1699200439e+02 6.1700897217e+02 6.1703997803e+02 6.1706597900e+02 6.1708099365e+02 6.1709197998e+02 6.1709497070e+02 6.1710699463e+02 6.1711401367e+02 6.1713500977e+02 6.1715802002e+02 6.1719097900e+02 6.1720599365e+02 6.1722399902e+02 6.1722601318e+02 6.1723498535e+02 6.1724700928e+02 6.1728198242e+02 6.1730798340e+02 6.1733599854e+02 6.1735797119e+02 6.1735998535e+02 6.1737597656e+02 6.1740600586e+02 6.1743200684e+02 6.1744799805e+02 6.1746197510e+02 6.1746099854e+02 6.1750500488e+02 6.1754901123e+02 6.1755902100e+02 6.1757702637e+02 6.1758898926e+02 6.1761401367e+02 6.1764898682e+02 6.1766998291e+02 6.1768597412e+02 6.1769500732e+02 6.1772497559e+02 6.1776898193e+02 6.1778698730e+02
6.1705499268e+02 6.1702899170e+02 6.1700299072e+02 6.1700097656e+02 6.1700402832e+02 6.1699700928e+02 6.1701898193e+02 6.1705401611e+02 6.1706896973e+02 6.1708001709e+02 6.1709497070e+02 6.1711102295e+02 6.1713299561e+02 6.1713702393e+02 6.1714801025e+02 6.1716497803e+02 6.1720202637e+02 6.1720501709e+02 6.1722302246e+02 6.1723901367e+02 6.1725402832e+02 6.1726300049e+02 6.1729498291e+02 6.1731896973e+02 6.1735699463e+02 6.1737402344e+02 6.1738098145e+02 6.1738897705e+02 6.1740997314e+02 6.1744500732e+02 6.1745898438e+02 6.1747698975e+02 6.1748999023e+02 6.1752301025e+02 6.1755798340e+02 6.1756701660e+02 6.1758697510e+02 6.1762200928e+02 6.1764202881e+02 6.1766601563e+02 6.1766101074e+02 6.1770001221e+02 6.1772698975e+02 6.1775598145e+02 6.1778497314e+02 6.1780902100e+02
6.1710101318e+02 6.1706701660e+02 6.1704498291e+02 6.1702398682e+02 6.1701000977e+02 6.1701000977e+02 6.1703601074e+02 6.1706896973e+02 6.1707202148e+02 6.1709698486e+02 6.1711102295e+02 6.1711602783e+02 6.1712597656e+02 6.1714697266e+02 6.1716497803e+02 6.1717901611e+02 6.1720599365e+02 6.1721997070e+02 6.1724102783e+02 6.1726098633e+02 6.1728302002e+02 6.1728601074e+02 6.1731701660e+02 6.1734600830e+02 6.1737200928e+02 6.1738897705e+02 6.1740301514e+02 6.1741400146e+02 6.1742602539e+02 6.1746099854e+02 6.1747198486e+02 6.1750097656e+02 6.1752301025e+02 6.1754101563e+02 6.1757098389e+02 6.1759497070e+02 6.1762200928e+02 6.1766400146e+02 6.1766802979e+02 6.1767901611e+02 6.1770098877e+02 6.1770098877e+02 6.1773901367e+02 6.1777398682e+02 6.1780200195e+02 6.1783398438e+02
6.1718597412e+02 6.1714099121e+02 6.1710998535e+02 6.1707202148e+02 6.1704498291e+02 6.1705700684e+02 6.1707202148e+02 6.1710797119e+02 6.1711297607e+02 6.1711199951e+02 6.1712298584e+02 6.1713800049e+02 6.1715197754e+02 6.1715698242e+02 6.1717498779e+02 6.1719299316e+02 6.1722802734e+02 6.1724597168e+02 6.1727398682e+02 6.1728698730e+02 6.1730999756e+02 6.1732202148e+02 6.1733197021e+02 6.1735498047e+02 6.1737902832e+02 6.1738500977e+02 6.1741699219e+02 6.1744702148e+02 6.1744702148e+02 6.1746002197e+02 6.1746398926e+02 6.1750897217e+02 6.1752801514e+02 6.1755499268e+02 6.1758502197e+02 6.1760998535e+02 6.1763397217e+02 6.1765802002e+02 6.1766900635e+02 6.1767401123e+02 6.1769897461e+02 6.1771502686e+02 6.1774200439e+02 6.1777001953e+02 6.1780603027e+02 6.1784497070e+02
6.1731097412e+02 6.1724200439e+02 6.1717401123e+02 6.1711700439e+02 6.1708099365e+02 6.1709600830e+02 6.1709899902e+02 6.1712298584e+02 6.1713897705e+02 6.1713500977e+02 6.1713500977e+02 6.1714599609e+02 6.1715698242e+02 6.1717297363e+02 6.1720202637e+02 6.1721899414e+02 6.1723699951e+02 6.1725402832e+02 6.1728997803e+02 6.1730102539e+02 6.1731799316e+02 6.1733099365e+02 6.1733398438e+02 6.1736401367e+02 6.1739898682e+02 6.1740899658e+02 6.1743798828e+02 6.1746398926e+02 6.1747399902e+02 6.1749200439e+02 6.1749798584e+02 6.1752899170e+02 6.1752001953e+02 6.1755401611e+02 6.1759997559e+02 6.1762799072e+02 6.1765002441e+02 6.1765997314e+02 6.1767102051e+02 6.1768701172e+02 6.1771697998e+02 6.1774401855e+02 6.1777001953e+02 6.1778900146e+02 6.1781597900e+02 6.1785998535e+02
6.1741101074e+02 6.1735302734e+02 6.1726501465e+02 6.1719702148e+02 6.1715301514e+02 6.1714398193e+02 6.1712701416e+02 6.1713299561e+02 6.1714697266e+02 6.1716302490e+02 6.1715100098e+02 6.1715002441e+02 6.1715698242e+02 6.1718103027e+02 6.1720898438e+02 6.1722698975e+02 6.1725000000e+02 6.1727600098e+02 6.1731201172e+02 6.1732202148e+02 6.1733099365e+02 6.1733898926e+02 6.1734997559e+02 6.1739001465e+02 6.1741900635e+02 6.1742498779e+02 6.1744702148e+02 6.1745800781e+02 6.1746099854e+02 6.1749401855e+02 6.1751397705e+02 6.1753601074e+02 6.1751599121e+02 6.1756402588e+02 6.1761901855e+02 6.1763897705e+02 6.1765502930e+02 6.1767199707e+02 6.1767602539e+02 6.1769702148e+02 6.1774102783e+02 6.1776202393e+02 6.1778601074e+02 6.1780603027e+02 6.1783300781e+02 6.1786999512e+02
6.1743499756e+02 6.1743298340e+02 6.1737200928e+02 6.1729602051e+02 6.1723797607e+02 6.1720599365e+02 6.1718902588e+02 6.1717700195e+02 6.1715698242e+02 6.1717700195e+02 6.1716497803e+02 6.1716998291e+02 6.1717602539e+02 6.1717102051e+02 6.1718701172e+02 6.1722698975e+02 6.1727697754e+02 6.1727398682e+02 6.1729998779e+02 6.1733398438e+02 6.1733898926e+02 6.1735797119e+02 6.1738098145e+02 6.1741400146e+02 6.1741497803e+02 6.1741998291e+02 6.1744702148e+02 6.1746502686e+02 6.1745098877e+02 6.1748297119e+02 6.1751702881e+02 6.1754998779e+02 6.1754498291e+02 6.1757000732e+02 6.1760900879e+02 6.1763098145e+02 6.1765399170e+02 6.1768701172e+02 6.1769396973e+02 6.1771502686e+02 6.1774700928e+02 6.1777600098e+02 6.1779400635e+02 6.1782202148e+02 6.1785101318e+02 6.1788201904e+02
6.1743103027e+02 6.1746899414e+02 6.1745800781e+02 6.1741302490e+02 6.1735101318e+02 6.1729302979e+02 6.1726098633e+02 6.1723999023e+02 6.1719000244e+02 6.1719201660e+02 6.1717602539e+02 6.1718298340e+02 6.1719897461e+02 6.1720001221e+02 6.1722698975e+02 6.1725097656e+02 6.1727001953e+02 6.1726000977e+02 6.1728002930e+02 6.1732299805e+02 6.1735498047e+02 6.1736199951e+02 6.1739300537e+02 6.1742498779e+02 6.1742199707e+02 6.1742401123e+02 6.1745098877e+02 6.1747698975e+02 6.1746697998e+02 6.1748999023e+02 6.1752197266e+02 6.1755999756e+02 6.1757098389e+02 6.1759997559e+02 6.1762597656e+02 6.1764300537e+02 6.1765399170e+02 6.1770001221e+02 6.1771600342e+02 6.1773498535e+02 6.1773797607e+02 6.1777502441e+02 6.1781097412e+02 6.1783300781e+02 6.1785198975e+02 6.1789300537e+02
6.1743103027e+02 6.1746801758e+02 6.1747802734e+02 6.1748199463e+02 6.1745800781e+02 6.1739300537e+02 6.1733697510e+02 6.1730499268e+02 6.1725097656e+02 6.1724401855e+02 6.1722998047e+02 6.1722198486e+02 6.1722198486e+02 6.1723699951e+02 6.1727001953e+02 6.1727697754e+02 6.1726800537e+02 6.1726800537e+02 6.1728698730e+02 6.1732098389e+02 6.1737298584e+02 6.1736700439e+02 6.1738702393e+02 6.1742199707e+02 6.1744299316e+02 6.1744097900e+02 6.1745001221e+02 6.1746899414e+02 6.1748699951e+02 6.1752099609e+02 6.1754998779e+02 6.1758599854e+02 6.1759497070e+02 6.1763000488e+02 6.1764501953e+02 6.1765301514e+02 6.1765997314e+02 6.1770397949e+02 6.1772198486e+02 6.1773498535e+02 6.1773400879e+02 6.1778002930e+02 6.1782000732e+02 6.1783398438e+02 6.1784899902e+02 6.1789697266e+02
6.1742401123e+02 6.1747100830e+02 6.1747497559e+02 6.1748199463e+02 6.1748901367e+02 6.1749102783e+02 6.1745501709e+02 6.1741497803e+02 6.1734698486e+02 6.1731500244e+02 6.1729797363e+02 6.1728601074e+02 6.1727600098e+02 6.1727801514e+02 6.1729901123e+02 6.1730401611e+02 6.1729302979e+02 6.1728997803e+02 6.1730499268e+02 6.1732000732e+02 6.1735498047e+02 6.1735900879e+02 6.1736999512e+02 6.1739300537e+02 6.1743597412e+02 6.1745202637e+02 6.1745800781e+02 6.1747198486e+02 6.1750000000e+02 6.1753399658e+02 6.1755902100e+02 6.1759301758e+02 6.1759600830e+02 6.1762597656e+02 6.1764898682e+02 6.1766699219e+02 6.1768499756e+02 6.1771002197e+02 6.1773199463e+02 6.1775000000e+02 6.1775201416e+02 6.1778997803e+02 6.1782501221e+02 6.1783898926e+02 6.1785900879e+02 6.1790899658e+02
