TESTSERVER/5/0.asc
NCOLS 100
NROWS 100
XLLCORNER 7.7497500000e+03
YLLCORNER 2.8995025000e+05
CELLSIZE 5.0000000000e-01
NODATA_VALUE -9.9990000000e+03
[rows 0 to 19 of 100, columns 46 to 91 of 100]
6.5877801514e+02 6.5895697021e+02 6.5921002197e+02 6.5946398926e+02 6.5969598389e+02 6.5965002441e+02 6.5961602783e+02 6.5959197998e+02 6.5960101318e+02 6.5961102295e+02 6.5967102051e+02 6.5972399902e+02 6.5973400879e+02 6.5978497314e+02 6.5984600830e+02 6.5992602539e+02 6.5997601318e+02 6.6004302979e+02 6.6010198975e+02 6.6018200684e+02 6.6022399902e+02 6.6018798828e+02 6.6013299561e+02 6.6006201172e+02 6.6002001953e+02 6.6014801025e+02 6.6026098633e+02 6.6036297607e+02 6.6045098877e+02 6.6051202393e+02 6.6054498291e+02 6.6058197021e+02 6.6062902832e+02 6.6061199951e+02 6.6063098145e+02 6.6065600586e+02 6.6065997314e+02 6.6068798828e+02 6.6072497559e+02 6.6078802490e+02 6.6089001465e+02 6.6098999023e+02 6.6107299805e+02 6.6112902832e+02 6.6111901855e+02 6.6111297607e+02
6.5839501953e+02 6.5861602783e+02 6.5894201660e+02 6.5933197021e+02 6.5959997559e+02 6.5953497314e+02 6.5948797607e+02 6.5946600342e+02 6.5947601318e+02 6.5950500488e+02 6.5955499268e+02 6.5961602783e+02 6.5962597656e+02 6.5968298340e+02 6.5975201416e+02 6.5983001709e+02 6.5989300537e+02 6.5996997070e+02 6.6004400635e+02 6.6012799072e+02 6.6016302490e+02 6.6011602783e+02 6.6005499268e+02 6.5997698975e+02 6.5996301270e+02 6.6013897705e+02 6.6024401855e+02 6.6030902100e+02 6.6038800049e+02 6.6045501709e+02 6.6047100830e+02 6.6050598145e+02 6.6056402588e+02 6.6055798340e+02 6.6057598877e+02 6.6060400391e+02 6.6063000488e+02 6.6071301270e+02 6.6078100586e+02 6.6083697510e+02 6.6094000244e+02 6.6103399658e+02 6.6109698486e+02 6.6111901855e+02 6.6111199951e+02 6.6111297607e+02
6.5823901367e+02 6.5832000732e+02 6.5859002686e+02 6.5898297119e+02 6.5935699463e+02 6.5941400146e+02 6.5937799072e+02 6.5934399414e+02 6.5933099365e+02 6.5937200928e+02 6.5942102051e+02 6.5948699951e+02 6.5953100586e+02 6.5960498047e+02 6.5966101074e+02 6.5972198486e+02 6.5980798340e+02 6.5989898682e+02 6.5997698975e+02 6.6006799316e+02 6.6007202148e+02 6.6001098633e+02 6.5994598389e+02 6.5990698242e+02 6.5996002197e+02 6.6013098145e+02 6.6020800781e+02 6.6027001953e+02 6.6033801270e+02 6.6040997314e+02 6.6043200684e+02 6.6046002197e+02 6.6050402832e+02 6.6049298096e+02 6.6050299072e+02 6.6055297852e+02 6.6065002441e+02 6.6081201172e+02 6.6092102051e+02 6.6096197510e+02 6.6103198242e+02 6.6109497070e+02 6.6112597656e+02 6.6111102295e+02 6.6110797119e+02 6.6109197998e+02
6.5824499512e+02 6.5819396973e+02 6.5831597900e+02 6.5857598877e+02 6.5888598633e+02 6.5917999268e+02 6.5924200439e+02 6.5919299316e+02 6.5917297363e+02 6.5925701904e+02 6.5929901123e+02 6.5935699463e+02 6.5944500732e+02 6.5954199219e+02 6.5959197998e+02 6.5964202881e+02 6.5974401855e+02 6.5983502197e+02 6.5989398193e+02 6.5997698975e+02 6.5996301270e+02 6.5989501953e+02 6.5982397461e+02 6.5984100342e+02 6.5994897461e+02 6.6011199951e+02 6.6016699219e+02 6.6023602295e+02 6.6029901123e+02 6.6034399414e+02 6.6038098145e+02 6.6041101074e+02 6.6043402100e+02 6.6043103027e+02 6.6046801758e+02 6.6056500244e+02 6.6069799805e+02 6.6085198975e+02 6.6099597168e+02 6.6108197021e+02 6.6114599609e+02 6.6120501709e+02 6.6123101807e+02 6.6116699219e+02 6.6110998535e+02 6.6109399414e+02
6.5829797363e+02 6.5823901367e+02 6.5822100830e+02 6.5826501465e+02 6.5834600830e+02 6.5882702637e+02 6.5906402588e+02 6.5905603027e+02 6.5900897217e+02 6.5913000488e+02 6.5916601563e+02 6.5923498535e+02 6.5936999512e+02 6.5947302246e+02 6.5951599121e+02 6.5956896973e+02 6.5969500732e+02 6.5975201416e+02 6.5981799316e+02 6.5989697266e+02 6.5992401123e+02 6.5982202148e+02 6.5972497559e+02 6.5980401611e+02 6.5995697021e+02 6.6007897949e+02 6.6014099121e+02 6.6019097900e+02 6.6023498535e+02 6.6027600098e+02 6.6033099365e+02 6.6035998535e+02 6.6037701416e+02 6.6038299561e+02 6.6046899414e+02 6.6058502197e+02 6.6071801758e+02 6.6087701416e+02 6.6103601074e+02 6.6114599609e+02 6.6119702148e+02 6.6126098633e+02 6.6130102539e+02 6.6126000977e+02 6.6115600586e+02 6.6112500000e+02
6.5831402588e+02 6.5827001953e+02 6.5828002930e+02 6.5826702881e+02 6.5825299072e+02 6.5846801758e+02 6.5873699951e+02 6.5889001465e+02 6.5888000488e+02 6.5902001953e+02 6.5906500244e+02 6.5912298584e+02 6.5920697021e+02 6.5931799316e+02 6.5938598633e+02 6.5947698975e+02 6.5959497070e+02 6.5967498779e+02 6.5975500488e+02 6.5982000732e+02 6.5981097412e+02 6.5969897461e+02 6.5964501953e+02 6.5977600098e+02 6.5991400146e+02 6.6003198242e+02 6.6008697510e+02 6.6012402344e+02 6.6017700195e+02 6.6021502686e+02 6.6026599121e+02 6.6028601074e+02 6.6028802490e+02 6.6032897949e+02 6.6045697021e+02 6.6060302734e+02 6.6075701904e+02 6.6090698242e+02 6.6104302979e+02 6.6116302490e+02 6.6121398926e+02 6.6125201416e+02 6.6129498291e+02 6.6130798340e+02 6.6121997070e+02 6.6116802979e+02
6.5832299805e+02 6.5830102539e+02 6.5831500244e+02 6.5830603027e+02 6.5830798340e+02 6.5827301025e+02 6.5840100098e+02 6.5865197754e+02 6.5874298096e+02 6.5888000488e+02 6.5895001221e+02 6.5903302002e+02 6.5910498047e+02 6.5918902588e+02 6.5926202393e+02 6.5936602783e+02 6.5949298096e+02 6.5959698486e+02 6.5967297363e+02 6.5970800781e+02 6.5964099121e+02 6.5957598877e+02 6.5961199951e+02 6.5976098633e+02 6.5987298584e+02 6.5998498535e+02 6.6002600098e+02 6.6005200195e+02 6.6011700439e+02 6.6016302490e+02 6.6020001221e+02 6.6020098877e+02 6.6020397949e+02 6.6029498291e+02 6.6045800781e+02 6.6064099121e+02 6.6078399658e+02 6.6093402100e+02 6.6106701660e+02 6.6118103027e+02 6.6122497559e+02 6.6124499512e+02 6.6128601074e+02 6.6129998779e+02 6.6122900391e+02 6.6122998047e+02
6.5834301758e+02 6.5831799316e+02 6.5832501221e+02 6.5831298828e+02 6.5833599854e+02 6.5827197266e+02 6.5827502441e+02 6.5842102051e+02 6.5855102539e+02 6.5872601318e+02 6.5882702637e+02 6.5893499756e+02 6.5903497314e+02 6.5911999512e+02 6.5919598389e+02 6.5928601074e+02 6.5942797852e+02 6.5954400635e+02 6.5958898926e+02 6.5959698486e+02 6.5950799561e+02 6.5949298096e+02 6.5962298584e+02 6.5976599121e+02 6.5984497070e+02 6.5994598389e+02 6.5997399902e+02 6.6000201416e+02 6.6005902100e+02 6.6010998535e+02 6.6012500000e+02 6.6010900879e+02 6.6015698242e+02 6.6030200195e+02 6.6048297119e+02 6.6066198730e+02 6.6079498291e+02 6.6094702148e+02 6.6108599854e+02 6.6119201660e+02 6.6122100830e+02 6.6125299072e+02 6.6128002930e+02 6.6124700928e+02 6.6119000244e+02 6.6129302979e+02
6.5836999512e+02 6.5834002686e+02 6.5834197998e+02 6.5832598877e+02 6.5832501221e+02 6.5830200195e+02 6.5828601074e+02 6.5830499268e+02 6.5838500977e+02 6.5860400391e+02 6.5875097656e+02 6.5886199951e+02 6.5896600342e+02 6.5905798340e+02 6.5914099121e+02 6.5921899414e+02 6.5938299561e+02 6.5948400879e+02 6.5950201416e+02 6.5948999023e+02 6.5943402100e+02 6.5944201660e+02 6.5961102295e+02 6.5975299072e+02 6.5982299805e+02 6.5988500977e+02 6.5991101074e+02 6.5996502686e+02 6.6000897217e+02 6.6004498291e+02 6.6005102539e+02 6.6004602051e+02 6.6018499756e+02 6.6035400391e+02 6.6049798584e+02 6.6065100098e+02 6.6080603027e+02 6.6096002197e+02 6.6109002686e+02 6.6118402100e+02 6.6122302246e+02 6.6126898193e+02 6.6128100586e+02 6.6122100830e+02 6.6118298340e+02 6.6132202148e+02
6.5838500977e+02 6.5836798096e+02 6.5836499023e+02 6.5833697510e+02 6.5831896973e+02 6.5831896973e+02 6.5831097412e+02 6.5830700684e+02 6.5830999756e+02 6.5846002197e+02 6.5864898682e+02 6.5879602051e+02 6.5889898682e+02 6.5901098633e+02 6.5910699463e+02 6.5919897461e+02 6.5932299805e+02 6.5938598633e+02 6.5939898682e+02 6.5937298584e+02 6.5931799316e+02 6.5940502930e+02 6.5959100342e+02 6.5972497559e+02 6.5977001953e+02 6.5984802246e+02 6.5985498047e+02 6.5988500977e+02 6.5994201660e+02 6.5996502686e+02 6.5997302246e+02 6.6001702881e+02 6.6021197510e+02 6.6037902832e+02 6.6052502441e+02 6.6068902588e+02 6.6082598877e+02 6.6096801758e+02 6.6110400391e+02 6.6119702148e+02 6.6123400879e+02 6.6126599121e+02 6.6127899170e+02 6.6121600342e+02 6.6122497559e+02 6.6135198975e+02
6.5837799072e+02 6.5835198975e+02 6.5835900879e+02 6.5833502197e+02 6.5833197021e+02 6.5834399414e+02 6.5832598877e+02 6.5830700684e+02 6.5827697754e+02 6.5835498047e+02 6.5852197266e+02 6.5869299316e+02 6.5879998779e+02 6.5893701172e+02 6.5905798340e+02 6.5916900635e+02 6.5928302002e+02 6.5931201172e+02 6.5929699707e+02 6.5929498291e+02 6.5929998779e+02 6.5943402100e+02 6.5958502197e+02 6.5968298340e+02 6.5970300293e+02 6.5979998779e+02 6.5981597900e+02 6.5982897949e+02 6.5986700439e+02 6.5986798096e+02 6.5991198730e+02 6.6002697754e+02 6.6023699951e+02 6.6040100098e+02 6.6054699707e+02 6.6070599365e+02 6.6084197998e+02 6.6099401855e+02 6.6111602783e+02 6.6119000244e+02 6.6124200439e+02 6.6127801514e+02 6.6126501465e+02 6.6119000244e+02 6.6126898193e+02 6.6136901855e+02
6.5836199951e+02 6.5831896973e+02 6.5834399414e+02 6.5834002686e+02 6.5834301758e+02 6.5835198975e+02 6.5833001709e+02 6.5830902100e+02 6.5827600098e+02 6.5829998779e+02 6.5838702393e+02 6.5855798340e+02 6.5870800781e+02 6.5885198975e+02 6.5898999023e+02 6.5911297607e+02 6.5922497559e+02 6.5922100830e+02 6.5917797852e+02 6.5923999023e+02 6.5932299805e+02 6.5945001221e+02 6.5956799316e+02 6.5964001465e+02 6.5963897705e+02 6.5972698975e+02 6.5976000977e+02 6.5975701904e+02 6.5977502441e+02 6.5979400635e+02 6.5989599609e+02 6.6003997803e+02 6.6022601318e+02 6.6040399170e+02 6.6057897949e+02 6.6075799561e+02 6.6088397217e+02 6.6102899170e+02 6.6113098145e+02 6.6120202637e+02 6.6125701904e+02 6.6128198242e+02 6.6124401855e+02 6.6119000244e+02 6.6132000732e+02 6.6138000488e+02
6.5837500000e+02 6.5834899902e+02 6.5834899902e+02 6.5833697510e+02 6.5833300781e+02 6.5833801270e+02 6.5833502197e+02 6.5833300781e+02 6.5830102539e+02 6.5828997803e+02 6.5830999756e+02 6.5846398926e+02 6.5865399170e+02 6.5880297852e+02 6.5894396973e+02 6.5905700684e+02 6.5913702393e+02 6.5911199951e+02 6.5904400635e+02 6.5910498047e+02 6.5930798340e+02 6.5945898438e+02 6.5954498291e+02 6.5959100342e+02 6.5959197998e+02 6.5966699219e+02 6.5969897461e+02 6.5969396973e+02 6.5969396973e+02 6.5975201416e+02 6.5989398193e+02 6.6004797363e+02 6.6026300049e+02 6.6042401123e+02 6.6060900879e+02 6.6078997803e+02 6.6092901611e+02 6.6104901123e+02 6.6113500977e+02 6.6121899414e+02 6.6126202393e+02 6.6127502441e+02 6.6124298096e+02 6.6124798584e+02 6.6134600830e+02 6.6138299561e+02
6.5838800049e+02 6.5837902832e+02 6.5836401367e+02 6.5834698486e+02 6.5834399414e+02 6.5834497070e+02 6.5833801270e+02 6.5834497070e+02 6.5831402588e+02 6.5829199219e+02 6.5830499268e+02 6.5842199707e+02 6.5858502197e+02 6.5876000977e+02 6.5891302490e+02 6.5901098633e+02 6.5903002930e+02 6.5896899414e+02 6.5900598145e+02 6.5911499023e+02 6.5930902100e+02 6.5945800781e+02 6.5949499512e+02 6.5954699707e+02 6.5954901123e+02 6.5960400391e+02 6.5963598633e+02 6.5961798096e+02 6.5962500000e+02 6.5970397949e+02 6.5986102295e+02 6.6002502441e+02 6.6026501465e+02 6.6046099854e+02 6.6064202881e+02 6.6081799316e+02 6.6095599365e+02 6.6105102539e+02 6.6112500000e+02 6.6121099854e+02 6.6125097656e+02 6.6125598145e+02 6.6123297119e+02 6.6128399658e+02 6.6135400391e+02 6.6135998535e+02
6.5841699219e+02 6.5841400146e+02 6.5838897705e+02 6.5835302734e+02 6.5833300781e+02 6.5834002686e+02 6.5834100342e+02 6.5834997559e+02 6.5832702637e+02 6.5831701660e+02 6.5831896973e+02 6.5839300537e+02 6.5855798340e+02 6.5876000977e+02 6.5890600586e+02 6.5895300293e+02 6.5885400391e+02 6.5876599121e+02 6.5895501709e+02 6.5918103027e+02 6.5933197021e+02 6.5942102051e+02 6.5944201660e+02 6.5950097656e+02 6.5949200439e+02 6.5954797363e+02 6.5957501221e+02 6.5954498291e+02 6.5958001709e+02 6.5970202637e+02 6.5988702393e+02 6.6005902100e+02 6.6027099609e+02 6.6046801758e+02 6.6063598633e+02 6.6081701660e+02 6.6096697998e+02 6.6107202148e+02 6.6113702393e+02 6.6120397949e+02 6.6124401855e+02 6.6125701904e+02 6.6124902344e+02 6.6129302979e+02 6.6133898926e+02 6.6135400391e+02
6.5846197510e+02 6.5846398926e+02 6.5842102051e+02 6.5836102295e+02 6.5832299805e+02 6.5833300781e+02 6.5833300781e+02 6.5833599854e+02 6.5832397461e+02 6.5832000732e+02 6.5830798340e+02 6.5834802246e+02 6.5850402832e+02 6.5871697998e+02 6.5886499023e+02 6.5886297607e+02 6.5865399170e+02 6.5863201904e+02 6.5894702148e+02 6.5921301270e+02 6.5929901123e+02 6.5934100342e+02 6.5937902832e+02 6.5944299316e+02 6.5943298340e+02 6.5949798584e+02 6.5949200439e+02 6.5947802734e+02 6.5957000732e+02 6.5971197510e+02 6.5991198730e+02 6.6008599854e+02 6.6028601074e+02 6.6049902344e+02 6.6066101074e+02 6.6082299805e+02 6.6095800781e+02 6.6106402588e+02 6.6113201904e+02 6.6119000244e+02 6.6122601318e+02 6.6124499512e+02 6.6122802734e+02 6.6121899414e+02 6.6125000000e+02 6.6127099609e+02
6.5852899170e+02 6.5851501465e+02 6.5845599365e+02 6.5838000488e+02 6.5832897949e+02 6.5833697510e+02 6.5833300781e+02 6.5834100342e+02 6.5832897949e+02 6.5832501221e+02 6.5830401611e+02 6.5832501221e+02 6.5846997070e+02 6.5868103027e+02 6.5882702637e+02 6.5876702881e+02 6.5848101807e+02 6.5866497803e+02 6.5901501465e+02 6.5920001221e+02 6.5926202393e+02 6.5929302979e+02 6.5933398438e+02 6.5939202881e+02 6.5938702393e+02 6.5944201660e+02 6.5942297363e+02 6.5946398926e+02 6.5959802246e+02 6.5975299072e+02 6.5994097900e+02 6.6012097168e+02 6.6034197998e+02 6.6054101563e+02 6.6069799805e+02 6.6084197998e+02 6.6096197510e+02 6.6106201172e+02 6.6114300537e+02 6.6119201660e+02 6.6121099854e+02 6.6123602295e+02 6.6124401855e+02 6.6124102783e+02 6.6125402832e+02 6.6121197510e+02
6.5852301025e+02 6.5847302246e+02 6.5841802979e+02 6.5837402344e+02 6.5834497070e+02 6.5834399414e+02 6.5833001709e+02 6.5834600830e+02 6.5832501221e+02 6.5833801270e+02 6.5833001709e+02 6.5835101318e+02 6.5847100830e+02 6.5862902832e+02 6.5878497314e+02 6.5880102539e+02 6.5871502686e+02 6.5890301514e+02 6.5908599854e+02 6.5915899658e+02 6.5921997070e+02 6.5922302246e+02 6.5926800537e+02 6.5934899902e+02 6.5932897949e+02 6.5936999512e+02 6.5939202881e+02 6.5947100830e+02 6.5961999512e+02 6.5978802490e+02 6.5998498535e+02 6.6015197754e+02 6.6036602783e+02 6.6053399658e+02 6.6069299316e+02 6.6083898926e+02 6.6095397949e+02 6.6107299805e+02 6.6116400146e+02 6.6118597412e+02 6.6119396973e+02 6.6123199463e+02 6.6125299072e+02 6.6126098633e+02 6.6127600098e+02 6.6127197266e+02
6.5849401855e+02 6.5841998291e+02 6.5837500000e+02 6.5835998535e+02 6.5835998535e+02 6.5835498047e+02 6.5833398438e+02 6.5835198975e+02 6.5832800293e+02 6.5834698486e+02 6.5834600830e+02 6.5836700439e+02 6.5847100830e+02 6.5861199951e+02 6.5876098633e+02 6.5887200928e+02 6.5895800781e+02 6.5905297852e+02 6.5907397461e+02 6.5912097168e+02 6.5918103027e+02 6.5917498779e+02 6.5920800781e+02 6.5928399658e+02 6.5926702881e+02 6.5932202148e+02 6.5937902832e+02 6.5946502686e+02 6.5963800049e+02 6.5982598877e+02 6.6002899170e+02 6.6018902588e+02 6.6040600586e+02 6.6055499268e+02 6.6070501709e+02 6.6084899902e+02 6.6096697998e+02 6.6107800293e+02 6.6115899658e+02 6.6117401123e+02 6.6118701172e+02 6.6122302246e+02 6.6124700928e+02 6.6124902344e+02 6.6126098633e+02 6.6127697754e+02
6.5846398926e+02 6.5840802002e+02 6.5838098145e+02 6.5837298584e+02 6.5836999512e+02 6.5835498047e+02 6.5833599854e+02 6.5836798096e+02 6.5834100342e+02 6.5834600830e+02 6.5835400391e+02 6.5837701416e+02 6.5846099854e+02 6.5862097168e+02 6.5876599121e+02 6.5886700439e+02 6.5895397949e+02 6.5899700928e+02 6.5901000977e+02 6.5908502197e+02 6.5914099121e+02 6.5914898682e+02 6.5917401123e+02 6.5922698975e+02 6.5920599365e+02 6.5929699707e+02 6.5938098145e+02 6.5946099854e+02 6.5966699219e+02 6.5986999512e+02 6.6007202148e+02 6.6022100830e+02 6.6044299316e+02 6.6059399414e+02 6.6073602295e+02 6.6087097168e+02 6.6098400879e+02 6.6108898926e+02 6.6115301514e+02 6.6117700195e+02 6.6119897461e+02 6.6121398926e+02 6.6123400879e+02 6.6123498535e+02 6.6124401855e+02 6.6126599121e+02
