TESTSERVER/5/0.asc
NCOLS 100
NROWS 100
XLLCORNER 7.7497500000e+03
YLLCORNER 2.8995025000e+05
CELLSIZE 5.0000000000e-01
NODATA_VALUE -9.9990000000e+03
[rows 40 to 59 of 100, columns 46 to 91 of 100]
6.5814501953e+02 6.5813897705e+02 6.5814300537e+02 6.5813800049e+02 6.5811401367e+02 6.5811700439e+02 6.5811499023e+02 6.5811199951e+02 6.5808801270e+02 6.5808801270e+02 6.5809698486e+02 6.5809997559e+02 6.5809802246e+02 6.5810900879e+02 6.5811401367e+02 6.5809399414e+02 6.5808801270e+02 6.5803997803e+02 6.5794396973e+02 6.5792797852e+02 6.5799102783e+02 6.5808300781e+02 6.5824298096e+02 6.5842999268e+02 6.5854602051e+02 6.5872497559e+02 6.5885998535e+02 6.5895697021e+02 6.5911401367e+02 6.5931799316e+02 6.5948699951e+02 6.5963397217e+02 6.5978497314e+02 6.5991900635e+02 6.6001397705e+02 6.6011401367e+02 6.6020202637e+02 6.6028100586e+02 6.6039202881e+02 6.6046002197e+02 6.6052697754e+02 6.6057702637e+02 6.6065301514e+02 6.6072802734e+02 6.6077301025e+02 6.6082000732e+02
6.5810699463e+02 6.5810601807e+02 6.5812200928e+02 6.5811602783e+02 6.5809197998e+02 6.5809197998e+02 6.5809802246e+02 6.5809100342e+02 6.5807098389e+02 6.5808099365e+02 6.5809100342e+02 6.5809197998e+02 6.5807397461e+02 6.5806896973e+02 6.5805902100e+02 6.5803497314e+02 6.5803900146e+02 6.5800897217e+02 6.5789501953e+02 6.5788800049e+02 6.5798199463e+02 6.5807098389e+02 6.5822900391e+02 6.5840802002e+02 6.5851702881e+02 6.5869299316e+02 6.5880999756e+02 6.5889599609e+02 6.5905102539e+02 6.5924102783e+02 6.5940399170e+02 6.5951501465e+02 6.5965802002e+02 6.5981896973e+02 6.5989300537e+02 6.6000299072e+02 6.6007501221e+02 6.6015002441e+02 6.6026000977e+02 6.6033001709e+02 6.6039697266e+02 6.6047497559e+02 6.6053900146e+02 6.6059301758e+02 6.6065698242e+02 6.6073901367e+02
6.5806500244e+02 6.5806298828e+02 6.5807202148e+02 6.5808197021e+02 6.5806896973e+02 6.5806597900e+02 6.5806799316e+02 6.5806298828e+02 6.5804498291e+02 6.5805401611e+02 6.5806201172e+02 6.5805297852e+02 6.5803002930e+02 6.5802600098e+02 6.5800799561e+02 6.5797900391e+02 6.5798498535e+02 6.5796301270e+02 6.5785101318e+02 6.5785900879e+02 6.5796197510e+02 6.5804797363e+02 6.5819201660e+02 6.5834497070e+02 6.5842602539e+02 6.5860302734e+02 6.5874499512e+02 6.5884100342e+02 6.5898498535e+02 6.5915802002e+02 6.5933599854e+02 6.5945599365e+02 6.5956701660e+02 6.5969201660e+02 6.5973498535e+02 6.5986999512e+02 6.5993103027e+02 6.6000701904e+02 6.6010797119e+02 6.6017102051e+02 6.6025000000e+02 6.6034100342e+02 6.6040600586e+02 6.6045898438e+02 6.6053698730e+02 6.6063098145e+02
6.5802398682e+02 6.5802398682e+02 6.5803302002e+02 6.5804797363e+02 6.5802600098e+02 6.5804199219e+02 6.5805297852e+02 6.5804498291e+02 6.5801397705e+02 6.5802001953e+02 6.5801800537e+02 6.5799798584e+02 6.5797399902e+02 6.5797198486e+02 6.5796801758e+02 6.5794097900e+02 6.5792297363e+02 6.5787902832e+02 6.5779699707e+02 6.5784197998e+02 6.5793902588e+02 6.5801098633e+02 6.5814599609e+02 6.5829199219e+02 6.5836901855e+02 6.5850598145e+02 6.5864599609e+02 6.5873999023e+02 6.5889001465e+02 6.5906097412e+02 6.5925201416e+02 6.5937200928e+02 6.5944897461e+02 6.5957098389e+02 6.5961401367e+02 6.5972698975e+02 6.5978900146e+02 6.5986499023e+02 6.5996801758e+02 6.6005297852e+02 6.6013598633e+02 6.6018402100e+02 6.6024298096e+02 6.6031896973e+02 6.6040399170e+02 6.6049102783e+02
6.5800701904e+02 6.5801000977e+02 6.5801702881e+02 6.5801501465e+02 6.5801599121e+02 6.5801300049e+02 6.5802301025e+02 6.5801898193e+02 6.5799798584e+02 6.5799298096e+02 6.5798400879e+02 6.5796997070e+02 6.5794500732e+02 6.5792999268e+02 6.5792199707e+02 6.5790600586e+02 6.5788098145e+02 6.5778002930e+02 6.5771600342e+02 6.5778302002e+02 6.5786499023e+02 6.5800097656e+02 6.5809997559e+02 6.5821899414e+02 6.5832800293e+02 6.5846301270e+02 6.5858001709e+02 6.5864898682e+02 6.5880798340e+02 6.5899499512e+02 6.5916601563e+02 6.5925402832e+02 6.5931298828e+02 6.5944097900e+02 6.5951098633e+02 6.5958898926e+02 6.5966802979e+02 6.5974700928e+02 6.5983398438e+02 6.5990997314e+02 6.5995800781e+02 6.6002502441e+02 6.6009497070e+02 6.6016400146e+02 6.6022698975e+02 6.6033001709e+02
6.5795599365e+02 6.5795800781e+02 6.5797399902e+02 6.5796600342e+02 6.5797601318e+02 6.5798101807e+02 6.5798699951e+02 6.5799200439e+02 6.5796197510e+02 6.5794897461e+02 6.5795202637e+02 6.5793402100e+02 6.5790100098e+02 6.5787402344e+02 6.5786199951e+02 6.5785101318e+02 6.5781500244e+02 6.5769201660e+02 6.5764001465e+02 6.5775201416e+02 6.5785900879e+02 6.5794897461e+02 6.5803497314e+02 6.5814898682e+02 6.5821899414e+02 6.5837200928e+02 6.5851300049e+02 6.5860198975e+02 6.5872601318e+02 6.5890698242e+02 6.5907098389e+02 6.5915802002e+02 6.5921600342e+02 6.5933502197e+02 6.5938397217e+02 6.5944396973e+02 6.5951898193e+02 6.5957501221e+02 6.5965002441e+02 6.5972998047e+02 6.5980401611e+02 6.5987799072e+02 6.5994500732e+02 6.6000000000e+02 6.6007299805e+02 6.6016900635e+02
6.5790197754e+02 6.5790899658e+02 6.5794201660e+02 6.5793103027e+02 6.5792700195e+02 6.5794201660e+02 6.5796002197e+02 6.5797198486e+02 6.5794702148e+02 6.5791302490e+02 6.5792102051e+02 6.5790002441e+02 6.5786199951e+02 6.5783801270e+02 6.5783099365e+02 6.5780902100e+02 6.5775500488e+02 6.5762097168e+02 6.5757397461e+02 6.5769598389e+02 6.5781500244e+02 6.5789001465e+02 6.5798999023e+02 6.5812097168e+02 6.5816802979e+02 6.5830499268e+02 6.5843701172e+02 6.5854199219e+02 6.5867102051e+02 6.5880603027e+02 6.5892102051e+02 6.5900299072e+02 6.5908398438e+02 6.5920599365e+02 6.5925000000e+02 6.5930102539e+02 6.5937298584e+02 6.5942797852e+02 6.5949298096e+02 6.5955902100e+02 6.5966101074e+02 6.5974700928e+02 6.5980603027e+02 6.5985797119e+02 6.5993902588e+02 6.6002301025e+02
6.5785198975e+02 6.5787097168e+02 6.5790197754e+02 6.5789801025e+02 6.5788397217e+02 6.5791198730e+02 6.5793798828e+02 6.5794000244e+02 6.5790698242e+02 6.5788702393e+02 6.5788702393e+02 6.5786602783e+02 6.5783001709e+02 6.5781500244e+02 6.5780200195e+02 6.5776501465e+02 6.5770098877e+02 6.5757202148e+02 6.5751501465e+02 6.5761199951e+02 6.5771899414e+02 6.5779302979e+02 6.5789599609e+02 6.5802398682e+02 6.5808001709e+02 6.5822198486e+02 6.5834399414e+02 6.5844201660e+02 6.5857598877e+02 6.5870001221e+02 6.5880902100e+02 6.5890600586e+02 6.5897802734e+02 6.5908001709e+02 6.5912402344e+02 6.5918902588e+02 6.5925701904e+02 6.5929101563e+02 6.5935601807e+02 6.5942602539e+02 6.5952697754e+02 6.5962597656e+02 6.5968902588e+02 6.5974499512e+02 6.5982098389e+02 6.5989300537e+02
6.5779302979e+02 6.5782000732e+02 6.5784197998e+02 6.5785302734e+02 6.5784399414e+02 6.5786798096e+02 6.5790197754e+02 6.5789398193e+02 6.5785900879e+02 6.5785998535e+02 6.5784698486e+02 6.5782598877e+02 6.5779901123e+02 6.5778198242e+02 6.5775500488e+02 6.5769897461e+02 6.5759698486e+02 6.5751000977e+02 6.5746600342e+02 6.5752801514e+02 6.5759802246e+02 6.5770501709e+02 6.5780999756e+02 6.5792901611e+02 6.5798498535e+02 6.5813299561e+02 6.5823101807e+02 6.5832000732e+02 6.5848101807e+02 6.5857098389e+02 6.5868499756e+02 6.5879302979e+02 6.5885101318e+02 6.5895001221e+02 6.5897497559e+02 6.5903900146e+02 6.5911901855e+02 6.5916101074e+02 6.5922900391e+02 6.5930200195e+02 6.5939801025e+02 6.5950701904e+02 6.5956701660e+02 6.5961499023e+02 6.5966400146e+02 6.5975701904e+02
6.5777099609e+02 6.5776397705e+02 6.5778601074e+02 6.5780297852e+02 6.5781701660e+02 6.5783502197e+02 6.5785198975e+02 6.5786401367e+02 6.5783300781e+02 6.5783300781e+02 6.5781097412e+02 6.5779498291e+02 6.5776800537e+02 6.5773999023e+02 6.5771997070e+02 6.5767498779e+02 6.5756402588e+02 6.5745501709e+02 6.5740997314e+02 6.5744897461e+02 6.5749798584e+02 6.5762298584e+02 6.5774597168e+02 6.5787298584e+02 6.5791198730e+02 6.5802099609e+02 6.5811602783e+02 6.5821801758e+02 6.5836499023e+02 6.5847302246e+02 6.5857501221e+02 6.5864001465e+02 6.5867498779e+02 6.5877899170e+02 6.5882202148e+02 6.5891198730e+02 6.5899298096e+02 6.5902197266e+02 6.5909997559e+02 6.5918701172e+02 6.5927697754e+02 6.5935302734e+02 6.5942297363e+02 6.5947198486e+02 6.5951599121e+02 6.5960601807e+02
6.5772198486e+02 6.5771398926e+02 6.5774700928e+02 6.5776599121e+02 6.5778399658e+02 6.5781097412e+02 6.5782501221e+02 6.5782897949e+02 6.5779400635e+02 6.5780200195e+02 6.5778698730e+02 6.5776702881e+02 6.5773602295e+02 6.5770501709e+02 6.5768798828e+02 6.5764202881e+02 6.5753997803e+02 6.5743298340e+02 6.5736602783e+02 6.5739099121e+02 6.5744000244e+02 6.5753900146e+02 6.5762902832e+02 6.5773297119e+02 6.5779199219e+02 6.5791497803e+02 6.5802099609e+02 6.5810900879e+02 6.5823199463e+02 6.5833001709e+02 6.5844000244e+02 6.5851702881e+02 6.5854602051e+02 6.5863897705e+02 6.5869299316e+02 6.5877502441e+02 6.5884997559e+02 6.5890002441e+02 6.5897698975e+02 6.5906298828e+02 6.5913702393e+02 6.5920300293e+02 6.5929101563e+02 6.5934399414e+02 6.5940399170e+02 6.5950201416e+02
6.5765997314e+02 6.5767297363e+02 6.5771398926e+02 6.5773199463e+02 6.5774597168e+02 6.5777398682e+02 6.5779797363e+02 6.5780499268e+02 6.5777001953e+02 6.5776702881e+02 6.5775299072e+02 6.5772497559e+02 6.5770098877e+02 6.5766998291e+02 6.5764202881e+02 6.5758502197e+02 6.5750299072e+02 6.5742999268e+02 6.5734301758e+02 6.5733398438e+02 6.5736901855e+02 6.5743499756e+02 6.5751098633e+02 6.5759197998e+02 6.5765698242e+02 6.5779602051e+02 6.5789801025e+02 6.5795300293e+02 6.5808697510e+02 6.5819799805e+02 6.5830297852e+02 6.5836602783e+02 6.5840600586e+02 6.5851501465e+02 6.5857098389e+02 6.5861901855e+02 6.5867498779e+02 6.5875701904e+02 6.5884100342e+02 6.5891998291e+02 6.5899499512e+02 6.5907800293e+02 6.5917199707e+02 6.5920800781e+02 6.5927398682e+02 6.5936199951e+02
6.5761499023e+02 6.5763098145e+02 6.5766699219e+02 6.5769000244e+02 6.5771398926e+02 6.5772998047e+02 6.5776000977e+02 6.5777502441e+02 6.5771899414e+02 6.5772802734e+02 6.5771502686e+02 6.5768701172e+02 6.5765502930e+02 6.5764001465e+02 6.5760699463e+02 6.5755603027e+02 6.5749298096e+02 6.5744598389e+02 6.5733801270e+02 6.5728198242e+02 6.5730999756e+02 6.5736499023e+02 6.5743701172e+02 6.5749798584e+02 6.5754602051e+02 6.5765197754e+02 6.5774401855e+02 6.5779699707e+02 6.5792700195e+02 6.5803900146e+02 6.5814300537e+02 6.5819598389e+02 6.5826599121e+02 6.5836401367e+02 6.5844201660e+02 6.5851702881e+02 6.5857098389e+02 6.5861999512e+02 6.5869799805e+02 6.5877801514e+02 6.5884497070e+02 6.5894299316e+02 6.5904302979e+02 6.5906896973e+02 6.5910699463e+02 6.5917999268e+02
6.5757897949e+02 6.5760998535e+02 6.5764697266e+02 6.5765997314e+02 6.5765899658e+02 6.5768597412e+02 6.5771697998e+02 6.5771801758e+02 6.5768103027e+02 6.5769299316e+02 6.5768298340e+02 6.5766302490e+02 6.5762902832e+02 6.5760400391e+02 6.5757897949e+02 6.5753802490e+02 6.5748199463e+02 6.5744396973e+02 6.5733801270e+02 6.5726098633e+02 6.5726098633e+02 6.5729602051e+02 6.5732897949e+02 6.5736401367e+02 6.5738800049e+02 6.5748400879e+02 6.5759399414e+02 6.5765698242e+02 6.5780499268e+02 6.5791998291e+02 6.5803302002e+02 6.5808801270e+02 6.5815502930e+02 6.5822399902e+02 6.5827502441e+02 6.5836297607e+02 6.5841302490e+02 6.5846502686e+02 6.5854699707e+02 6.5863897705e+02 6.5873901367e+02 6.5883697510e+02 6.5890100098e+02 6.5893200684e+02 6.5899597168e+02 6.5903802490e+02
6.5755401611e+02 6.5756701660e+02 6.5760302734e+02 6.5762597656e+02 6.5762597656e+02 6.5764398193e+02 6.5767602539e+02 6.5767700195e+02 6.5765002441e+02 6.5764898682e+02 6.5764801025e+02 6.5763397217e+02 6.5759997559e+02 6.5756402588e+02 6.5754101563e+02 6.5750097656e+02 6.5745397949e+02 6.5742297363e+02 6.5733197021e+02 6.5724102783e+02 6.5721099854e+02 6.5723999023e+02 6.5725097656e+02 6.5726501465e+02 6.5727398682e+02 6.5734997559e+02 6.5745300293e+02 6.5750097656e+02 6.5765100098e+02 6.5777197266e+02 6.5788299561e+02 6.5796099854e+02 6.5803198242e+02 6.5810400391e+02 6.5813397217e+02 6.5822497559e+02 6.5827502441e+02 6.5831701660e+02 6.5841601563e+02 6.5852197266e+02 6.5860302734e+02 6.5870800781e+02 6.5877899170e+02 6.5880297852e+02 6.5886499023e+02 6.5891998291e+02
6.5752197266e+02 6.5752697754e+02 6.5756402588e+02 6.5758801270e+02 6.5758300781e+02 6.5759197998e+02 6.5763000488e+02 6.5763500977e+02 6.5761401367e+02 6.5760601807e+02 6.5760797119e+02 6.5759802246e+02 6.5757702637e+02 6.5752600098e+02 6.5751000977e+02 6.5747900391e+02 6.5743902588e+02 6.5742297363e+02 6.5733502197e+02 6.5725598145e+02 6.5719396973e+02 6.5718499756e+02 6.5718902588e+02 6.5720501709e+02 6.5720300293e+02 6.5724102783e+02 6.5731201172e+02 6.5734802246e+02 6.5749200439e+02 6.5761700439e+02 6.5769799805e+02 6.5777001953e+02 6.5784399414e+02 6.5794396973e+02 6.5799200439e+02 6.5809301758e+02 6.5816101074e+02 6.5819000244e+02 6.5829901123e+02 6.5839697266e+02 6.5842498779e+02 6.5851800537e+02 6.5862799072e+02 6.5866302490e+02 6.5871697998e+02 6.5879101563e+02
6.5747601318e+02 6.5749200439e+02 6.5754302979e+02 6.5756298828e+02 6.5754302979e+02 6.5756201172e+02 6.5759497070e+02 6.5759802246e+02 6.5757299805e+02 6.5756597900e+02 6.5757202148e+02 6.5756201172e+02 6.5755401611e+02 6.5750000000e+02 6.5749700928e+02 6.5747198486e+02 6.5742401123e+02 6.5741497803e+02 6.5733300781e+02 6.5726000977e+02 6.5719500732e+02 6.5713800049e+02 6.5713299561e+02 6.5715502930e+02 6.5715997314e+02 6.5715002441e+02 6.5718402100e+02 6.5722900391e+02 6.5734497070e+02 6.5745501709e+02 6.5755200195e+02 6.5760900879e+02 6.5767700195e+02 6.5778997803e+02 6.5786999512e+02 6.5795599365e+02 6.5806597900e+02 6.5803997803e+02 6.5812701416e+02 6.5821997070e+02 6.5828198242e+02 6.5837500000e+02 6.5846899414e+02 6.5849798584e+02 6.5855999756e+02 6.5866699219e+02
6.5746398926e+02 6.5747198486e+02 6.5751800537e+02 6.5753997803e+02 6.5752600098e+02 6.5753399658e+02 6.5754998779e+02 6.5755603027e+02 6.5753601074e+02 6.5754901123e+02 6.5754797363e+02 6.5753302002e+02 6.5753100586e+02 6.5748797607e+02 6.5747601318e+02 6.5745300293e+02 6.5741802979e+02 6.5740100098e+02 6.5734100342e+02 6.5726800537e+02 6.5722601318e+02 6.5716101074e+02 6.5712200928e+02 6.5710797119e+02 6.5709100342e+02 6.5710699463e+02 6.5713500977e+02 6.5715502930e+02 6.5721899414e+02 6.5730902100e+02 6.5741400146e+02 6.5746899414e+02 6.5753601074e+02 6.5762799072e+02 6.5771997070e+02 6.5777899170e+02 6.5786499023e+02 6.5790502930e+02 6.5799499512e+02 6.5807501221e+02 6.5815399170e+02 6.5821502686e+02 6.5829901123e+02 6.5834301758e+02 6.5840399170e+02 6.5850701904e+02
6.5744201660e+02 6.5744702148e+02 6.5748297119e+02 6.5750201416e+02 6.5749200439e+02 6.5749902344e+02 6.5751000977e+02 6.5751000977e+02 6.5747698975e+02 6.5750201416e+02 6.5750598145e+02 6.5749902344e+02 6.5750598145e+02 6.5746398926e+02 6.5745300293e+02 6.5743701172e+02 6.5740100098e+02 6.5739099121e+02 6.5734802246e+02 6.5727502441e+02 6.5723199463e+02 6.5717602539e+02 6.5714398193e+02 6.5711199951e+02 6.5705798340e+02 6.5703997803e+02 6.5704699707e+02 6.5704199219e+02 6.5709301758e+02 6.5717999268e+02 6.5727001953e+02 6.5732598877e+02 6.5738598633e+02 6.5745001221e+02 6.5754498291e+02 6.5761798096e+02 6.5769500732e+02 6.5776000977e+02 6.5785101318e+02 6.5792297363e+02 6.5800598145e+02 6.5806201172e+02 6.5814801025e+02 6.5820599365e+02 6.5827001953e+02 6.5837402344e+02
6.5742797852e+02 6.5742102051e+02 6.5745397949e+02 6.5747100830e+02 6.5745800781e+02 6.5746301270e+02 6.5747998047e+02 6.5747601318e+02 6.5743103027e+02 6.5745300293e+02 6.5746002197e+02 6.5746997070e+02 6.5748101807e+02 6.5743798828e+02 6.5744000244e+02 6.5743200684e+02 6.5738897705e+02 6.5736901855e+02 6.5733300781e+02 6.5728302002e+02 6.5724200439e+02 6.5720098877e+02 6.5716802979e+02 6.5713299561e+02 6.5707202148e+02 6.5702197266e+02 6.5700598145e+02 6.5696997070e+02 6.5699298096e+02 6.5705999756e+02 6.5715100098e+02 6.5720397949e+02 6.5723101807e+02 6.5728601074e+02 6.5737902832e+02 6.5746301270e+02 6.5753900146e+02 6.5759899902e+02 6.5770098877e+02 6.5778900146e+02 6.5784899902e+02 6.5790899658e+02 6.5800299072e+02 6.5804998779e+02 6.5811297607e+02 6.5821801758e+02
