TESTSERVER/5/1.asc
NCOLS 100
NROWS 100
XLLCORNER 7.7497500000e+03
YLLCORNER 2.8990025000e+05
CELLSIZE 5.0000000000e-01
NODATA_VALUE -9.9990000000e+03
[rows 0 to 19 of 100, columns 0 to 45 of 100]
6.5433398438e+02 6.5433697510e+02 6.5433099365e+02 6.5433197021e+02 6.5433300781e+02 6.5433398438e+02 6.5433398438e+02 6.5433502197e+02 6.5433697510e+02 6.5434002686e+02 6.5434399414e+02 6.5435498047e+02 6.5436499023e+02 6.5437597656e+02 6.5438897705e+02 6.5440802002e+02 6.5442401123e+02 6.5444201660e+02 6.5446099854e+02 6.5447497559e+02 6.5448199463e+02 6.5448699951e+02 6.5448400879e+02 6.5447601318e+02 6.5447198486e+02 6.5446600342e+02 6.5446002197e+02 6.5445202637e+02 6.5445001221e+02 6.5444897461e+02 6.5444897461e+02 6.5445098877e+02 6.5444500732e+02 6.5443798828e+02 6.5442498779e+02 6.5441497803e+02 6.5440197754e+02 6.5438800049e+02 6.5436901855e+02 6.5435699463e+02 6.5434698486e+02 6.5433697510e+02 6.5433099365e+02 6.5432501221e+02 6.5431799316e+02 6.5431298828e+02
6.5433197021e+02 6.5433502197e+02 6.5433001709e+02 6.5432800293e+02 6.5432800293e+02 6.5432800293e+02 6.5432800293e+02 6.5432702637e+02 6.5432702637e+02 6.5432800293e+02 6.5433300781e+02 6.5434197998e+02 6.5434997559e+02 6.5435900879e+02 6.5437298584e+02 6.5439001465e+02 6.5440502930e+02 6.5441998291e+02 6.5443798828e+02 6.5445098877e+02 6.5445800781e+02 6.5446099854e+02 6.5445599365e+02 6.5444799805e+02 6.5444396973e+02 6.5444000244e+02 6.5443402100e+02 6.5442999268e+02 6.5442602539e+02 6.5442199707e+02 6.5442297363e+02 6.5442199707e+02 6.5441601563e+02 6.5440698242e+02 6.5439599609e+02 6.5438201904e+02 6.5436999512e+02 6.5435797119e+02 6.5434399414e+02 6.5433300781e+02 6.5432397461e+02 6.5431402588e+02 6.5430798340e+02 6.5430401611e+02 6.5429602051e+02 6.5428900146e+02
6.5433398438e+02 6.5433502197e+02 6.5432800293e+02 6.5432501221e+02 6.5432397461e+02 6.5432299805e+02 6.5432202148e+02 6.5432000732e+02 6.5431896973e+02 6.5431799316e+02 6.5432098389e+02 6.5432897949e+02 6.5433502197e+02 6.5434399414e+02 6.5435601807e+02 6.5437097168e+02 6.5438299561e+02 6.5439599609e+02 6.5441198730e+02 6.5442401123e+02 6.5442999268e+02 6.5443298340e+02 6.5442797852e+02 6.5441998291e+02 6.5441601563e+02 6.5441302490e+02 6.5440802002e+02 6.5440399170e+02 6.5440100098e+02 6.5439801025e+02 6.5439697266e+02 6.5439501953e+02 6.5438800049e+02 6.5437902832e+02 6.5436700439e+02 6.5435302734e+02 6.5434197998e+02 6.5433001709e+02 6.5432000732e+02 6.5431097412e+02 6.5430200195e+02 6.5429302979e+02 6.5428601074e+02 6.5428100586e+02 6.5427301025e+02 6.5426599121e+02
6.5433502197e+02 6.5433398438e+02 6.5432800293e+02 6.5432397461e+02 6.5432202148e+02 6.5432000732e+02 6.5431701660e+02 6.5431402588e+02 6.5431097412e+02 6.5430902100e+02 6.5430999756e+02 6.5431597900e+02 6.5432098389e+02 6.5432897949e+02 6.5433898926e+02 6.5435101318e+02 6.5436102295e+02 6.5437200928e+02 6.5438598633e+02 6.5439501953e+02 6.5440002441e+02 6.5440197754e+02 6.5439801025e+02 6.5439099121e+02 6.5438800049e+02 6.5438598633e+02 6.5438299561e+02 6.5438000488e+02 6.5437597656e+02 6.5437298584e+02 6.5437097168e+02 6.5436700439e+02 6.5435998535e+02 6.5435198975e+02 6.5433898926e+02 6.5432598877e+02 6.5431500244e+02 6.5430499268e+02 6.5429602051e+02 6.5428900146e+02 6.5428002930e+02 6.5427099609e+02 6.5426300049e+02 6.5425799561e+02 6.5425000000e+02 6.5424298096e+02
6.5433300781e+02 6.5433099365e+02 6.5432800293e+02 6.5432598877e+02 6.5432299805e+02 6.5432000732e+02 6.5431298828e+02 6.5430603027e+02 6.5430200195e+02 6.5429998779e+02 6.5429797363e+02 6.5430102539e+02 6.5430499268e+02 6.5430999756e+02 6.5431799316e+02 6.5432800293e+02 6.5433300781e+02 6.5433898926e+02 6.5434497070e+02 6.5436199951e+02 6.5436499023e+02 6.5436602783e+02 6.5436297607e+02 6.5436199951e+02 6.5435998535e+02 6.5435797119e+02 6.5435400391e+02 6.5435302734e+02 6.5434997559e+02 6.5434698486e+02 6.5434301758e+02 6.5433801270e+02 6.5433197021e+02 6.5432397461e+02 6.5431500244e+02 6.5430200195e+02 6.5429302979e+02 6.5428302002e+02 6.5427398682e+02 6.5426702881e+02 6.5425701904e+02 6.5424902344e+02 6.5423999023e+02 6.5423297119e+02 6.5422399902e+02 6.5421502686e+02
6.5433898926e+02 6.5433599854e+02 6.5433300781e+02 6.5432897949e+02 6.5432397461e+02 6.5431896973e+02 6.5430999756e+02 6.5430200195e+02 6.5429602051e+02 6.5428997803e+02 6.5428698730e+02 6.5428698730e+02 6.5428802490e+02 6.5429199219e+02 6.5430102539e+02 6.5430603027e+02 6.5430700684e+02 6.5430902100e+02 6.5432000732e+02 6.5433099365e+02 6.5433197021e+02 6.5433197021e+02 6.5433300781e+02 6.5433197021e+02 6.5433099365e+02 6.5433001709e+02 6.5432800293e+02 6.5432598877e+02 6.5432299805e+02 6.5432000732e+02 6.5431500244e+02 6.5430902100e+02 6.5430297852e+02 6.5429699707e+02 6.5428900146e+02 6.5428002930e+02 6.5427099609e+02 6.5426202393e+02 6.5425299072e+02 6.5424597168e+02 6.5423797607e+02 6.5422998047e+02 6.5421997070e+02 6.5421197510e+02 6.5420300293e+02 6.5419299316e+02
6.5434899902e+02 6.5434399414e+02 6.5433898926e+02 6.5433197021e+02 6.5432501221e+02 6.5431799316e+02 6.5430798340e+02 6.5429699707e+02 6.5428802490e+02 6.5428002930e+02 6.5427502441e+02 6.5427301025e+02 6.5427301025e+02 6.5427600098e+02 6.5428198242e+02 6.5428601074e+02 6.5428698730e+02 6.5428802490e+02 6.5429699707e+02 6.5430401611e+02 6.5430401611e+02 6.5430499268e+02 6.5430499268e+02 6.5430401611e+02 6.5430401611e+02 6.5430401611e+02 6.5430200195e+02 6.5430102539e+02 6.5429797363e+02 6.5429400635e+02 6.5428997803e+02 6.5428302002e+02 6.5427801514e+02 6.5427197266e+02 6.5426599121e+02 6.5425799561e+02 6.5424902344e+02 6.5424102783e+02 6.5423297119e+02 6.5422698975e+02 6.5421899414e+02 6.5421099854e+02 6.5420202637e+02 6.5419396973e+02 6.5418597412e+02 6.5417602539e+02
6.5435998535e+02 6.5435302734e+02 6.5434497070e+02 6.5433599854e+02 6.5432702637e+02 6.5431701660e+02 6.5430603027e+02 6.5429199219e+02 6.5428002930e+02 6.5427001953e+02 6.5426098633e+02 6.5425897217e+02 6.5425897217e+02 6.5426000977e+02 6.5426397705e+02 6.5426599121e+02 6.5426800537e+02 6.5426898193e+02 6.5427301025e+02 6.5427697754e+02 6.5427801514e+02 6.5427899170e+02 6.5427801514e+02 6.5427801514e+02 6.5427899170e+02 6.5427899170e+02 6.5427801514e+02 6.5427600098e+02 6.5427398682e+02 6.5427001953e+02 6.5426397705e+02 6.5425897217e+02 6.5425299072e+02 6.5424902344e+02 6.5424401855e+02 6.5423602295e+02 6.5422900391e+02 6.5422100830e+02 6.5421398926e+02 6.5420800781e+02 6.5420098877e+02 6.5419299316e+02 6.5418402100e+02 6.5417602539e+02 6.5416900635e+02 6.5415899658e+02
6.5437298584e+02 6.5436297607e+02 6.5435198975e+02 6.5434197998e+02 6.5433001709e+02 6.5431701660e+02 6.5429998779e+02 6.5428497314e+02 6.5426898193e+02 6.5425500488e+02 6.5423999023e+02 6.5424102783e+02 6.5423797607e+02 6.5423901367e+02 6.5424200439e+02 6.5424700928e+02 6.5424597168e+02 6.5424499512e+02 6.5423699951e+02 6.5424401855e+02 6.5424499512e+02 6.5424700928e+02 6.5424298096e+02 6.5425201416e+02 6.5425402832e+02 6.5425500488e+02 6.5425402832e+02 6.5425201416e+02 6.5424902344e+02 6.5424499512e+02 6.5423797607e+02 6.5423498535e+02 6.5423101807e+02 6.5422698975e+02 6.5422198486e+02 6.5421697998e+02 6.5421002197e+02 6.5420202637e+02 6.5418902588e+02 6.5418499756e+02 6.5417700195e+02 6.5416998291e+02 6.5415899658e+02 6.5415802002e+02 6.5415197754e+02 6.5414501953e+02
6.5439001465e+02 6.5437597656e+02 6.5436297607e+02 6.5435101318e+02 6.5433502197e+02 6.5431799316e+02 6.5429797363e+02 6.5427801514e+02 6.5426000977e+02 6.5424200439e+02 6.5422900391e+02 6.5422497559e+02 6.5422100830e+02 6.5421997070e+02 6.5422497559e+02 6.5422698975e+02 6.5422399902e+02 6.5422100830e+02 6.5421697998e+02 6.5421697998e+02 6.5421697998e+02 6.5421899414e+02 6.5422302246e+02 6.5422900391e+02 6.5423101807e+02 6.5423297119e+02 6.5423297119e+02 6.5423101807e+02 6.5422802734e+02 6.5422399902e+02 6.5421899414e+02 6.5421600342e+02 6.5421301270e+02 6.5420898438e+02 6.5420501709e+02 6.5420098877e+02 6.5419396973e+02 6.5418499756e+02 6.5417700195e+02 6.5417102051e+02 6.5416400146e+02 6.5415600586e+02 6.5414801025e+02 6.5414300537e+02 6.5413800049e+02 6.5413299561e+02
6.5440600586e+02 6.5439001465e+02 6.5437298584e+02 6.5435699463e+02 6.5433898926e+02 6.5431896973e+02 6.5429498291e+02 6.5427197266e+02 6.5425299072e+02 6.5423400879e+02 6.5421997070e+02 6.5421398926e+02 6.5420898438e+02 6.5420697021e+02 6.5421002197e+02 6.5421002197e+02 6.5420697021e+02 6.5420300293e+02 6.5419897461e+02 6.5419897461e+02 6.5419897461e+02 6.5420098877e+02 6.5420599365e+02 6.5421002197e+02 6.5421301270e+02 6.5421398926e+02 6.5421502686e+02 6.5421301270e+02 6.5421099854e+02 6.5420697021e+02 6.5420300293e+02 6.5420001221e+02 6.5419702148e+02 6.5419396973e+02 6.5419097900e+02 6.5418701172e+02 6.5418103027e+02 6.5417199707e+02 6.5416601563e+02 6.5416302490e+02 6.5415502930e+02 6.5414697266e+02 6.5413702393e+02 6.5413000488e+02 6.5412597656e+02 6.5412097168e+02
6.5442102051e+02 6.5440301514e+02 6.5438500977e+02 6.5436499023e+02 6.5434399414e+02 6.5432098389e+02 6.5429400635e+02 6.5426898193e+02 6.5424798584e+02 6.5422802734e+02 6.5421099854e+02 6.5420300293e+02 6.5419799805e+02 6.5419500732e+02 6.5419598389e+02 6.5419500732e+02 6.5419097900e+02 6.5418798828e+02 6.5418402100e+02 6.5418402100e+02 6.5418499756e+02 6.5418701172e+02 6.5419097900e+02 6.5419500732e+02 6.5419702148e+02 6.5419799805e+02 6.5419897461e+02 6.5419799805e+02 6.5419702148e+02 6.5419299316e+02 6.5419000244e+02 6.5418701172e+02 6.5418402100e+02 6.5418200684e+02 6.5417999268e+02 6.5417700195e+02 6.5417102051e+02 6.5416198730e+02 6.5415698242e+02 6.5415301514e+02 6.5414599609e+02 6.5413800049e+02 6.5412799072e+02 6.5411901855e+02 6.5411401367e+02 6.5410998535e+02
6.5444097900e+02 6.5441900635e+02 6.5439599609e+02 6.5437402344e+02 6.5434997559e+02 6.5432397461e+02 6.5429797363e+02 6.5426702881e+02 6.5424298096e+02 6.5422198486e+02 6.5420300293e+02 6.5419201660e+02 6.5418499756e+02 6.5418200684e+02 6.5418499756e+02 6.5418298340e+02 6.5417999268e+02 6.5417700195e+02 6.5417401123e+02 6.5417401123e+02 6.5417498779e+02 6.5417700195e+02 6.5417999268e+02 6.5418298340e+02 6.5418402100e+02 6.5418499756e+02 6.5418402100e+02 6.5418499756e+02 6.5418402100e+02 6.5418200684e+02 6.5417901611e+02 6.5417700195e+02 6.5417602539e+02 6.5417498779e+02 6.5417602539e+02 6.5416998291e+02 6.5416400146e+02 6.5415698242e+02 6.5415002441e+02 6.5414099121e+02 6.5413201904e+02 6.5412200928e+02 6.5410797119e+02 6.5410998535e+02 6.5410601807e+02 6.5410198975e+02
6.5446398926e+02 6.5444097900e+02 6.5441198730e+02 6.5438800049e+02 6.5436102295e+02 6.5433300781e+02 6.5430102539e+02 6.5426702881e+02 6.5424102783e+02 6.5421899414e+02 6.5419799805e+02 6.5418402100e+02 6.5417602539e+02 6.5417199707e+02 6.5417498779e+02 6.5417602539e+02 6.5417401123e+02 6.5417102051e+02 6.5416900635e+02 6.5416900635e+02 6.5417102051e+02 6.5417199707e+02 6.5417297363e+02 6.5417498779e+02 6.5417602539e+02 6.5417700195e+02 6.5417797852e+02 6.5417797852e+02 6.5417700195e+02 6.5417602539e+02 6.5417401123e+02 6.5417199707e+02 6.5417102051e+02 6.5417102051e+02 6.5417102051e+02 6.5416699219e+02 6.5416198730e+02 6.5415600586e+02 6.5414599609e+02 6.5413397217e+02 6.5412298584e+02 6.5410900879e+02 6.5409899902e+02 6.5409899902e+02 6.5409497070e+02 6.5409197998e+02
6.5447497559e+02 6.5445501709e+02 6.5442498779e+02 6.5439599609e+02 6.5436798096e+02 6.5433697510e+02 6.5430102539e+02 6.5426397705e+02 6.5423699951e+02 6.5421301270e+02 6.5419097900e+02 6.5417498779e+02 6.5416699219e+02 6.5416302490e+02 6.5416601563e+02 6.5416802979e+02 6.5416699219e+02 6.5416497803e+02 6.5416302490e+02 6.5416400146e+02 6.5416497803e+02 6.5416601563e+02 6.5416802979e+02 6.5416900635e+02 6.5416998291e+02 6.5417102051e+02 6.5417199707e+02 6.5417102051e+02 6.5417102051e+02 6.5416900635e+02 6.5416802979e+02 6.5416699219e+02 6.5416699219e+02 6.5416601563e+02 6.5416601563e+02 6.5416198730e+02 6.5415698242e+02 6.5415197754e+02 6.5414300537e+02 6.5413000488e+02 6.5411798096e+02 6.5410400391e+02 6.5409002686e+02 6.5408398438e+02 6.5407897949e+02 6.5407501221e+02
6.5448101807e+02 6.5446398926e+02 6.5443298340e+02 6.5439898682e+02 6.5436798096e+02 6.5433697510e+02 6.5429699707e+02 6.5425799561e+02 6.5422900391e+02 6.5420397949e+02 6.5418103027e+02 6.5416497803e+02 6.5415600586e+02 6.5415301514e+02 6.5415600586e+02 6.5415899658e+02 6.5415899658e+02 6.5415802002e+02 6.5415802002e+02 6.5415802002e+02 6.5415899658e+02 6.5415997314e+02 6.5416198730e+02 6.5416302490e+02 6.5416400146e+02 6.5416497803e+02 6.5416497803e+02 6.5416497803e+02 6.5416400146e+02 6.5416302490e+02 6.5416302490e+02 6.5416198730e+02 6.5416101074e+02 6.5416101074e+02 6.5415997314e+02 6.5415600586e+02 6.5415197754e+02 6.5414801025e+02 6.5414001465e+02 6.5412799072e+02 6.5411401367e+02 6.5409899902e+02 6.5408099365e+02 6.5406799316e+02 6.5405999756e+02 6.5405499268e+02
6.5448400879e+02 6.5447399902e+02 6.5445501709e+02 6.5440002441e+02 6.5436199951e+02 6.5432501221e+02 6.5428698730e+02 6.5424902344e+02 6.5421697998e+02 6.5418701172e+02 6.5416302490e+02 6.5415502930e+02 6.5414599609e+02 6.5414300537e+02 6.5414697266e+02 6.5414898682e+02 6.5415002441e+02 6.5415100098e+02 6.5415197754e+02 6.5415301514e+02 6.5415502930e+02 6.5415802002e+02 6.5415997314e+02 6.5415802002e+02 6.5415802002e+02 6.5415899658e+02 6.5415899658e+02 6.5415802002e+02 6.5415802002e+02 6.5415802002e+02 6.5415802002e+02 6.5415502930e+02 6.5415399170e+02 6.5415100098e+02 6.5414697266e+02 6.5415002441e+02 6.5414801025e+02 6.5414599609e+02 6.5414898682e+02 6.5413098145e+02 6.5411499023e+02 6.5409600830e+02 6.5406097412e+02 6.5404400635e+02 6.5403601074e+02 6.5403497314e+02
6.5448400879e+02 6.5447900391e+02 6.5445098877e+02 6.5440002441e+02 6.5435498047e+02 6.5431402588e+02 6.5427502441e+02 6.5423699951e+02 6.5420300293e+02 6.5417297363e+02 6.5415100098e+02 6.5414300537e+02 6.5413397217e+02 6.5413201904e+02 6.5413598633e+02 6.5414001465e+02 6.5414099121e+02 6.5414398193e+02 6.5414501953e+02 6.5414599609e+02 6.5414898682e+02 6.5415197754e+02 6.5415301514e+02 6.5415197754e+02 6.5415301514e+02 6.5415301514e+02 6.5415301514e+02 6.5415197754e+02 6.5415197754e+02 6.5415197754e+02 6.5415197754e+02 6.5414697266e+02 6.5414398193e+02 6.5414001465e+02 6.5414001465e+02 6.5414300537e+02 6.5414099121e+02 6.5414099121e+02 6.5414599609e+02 6.5414202881e+02 6.5412799072e+02 6.5410900879e+02 6.5406896973e+02 6.5403601074e+02 6.5403002930e+02 6.5403399658e+02
6.5448199463e+02 6.5447698975e+02 6.5443798828e+02 6.5438299561e+02 6.5434002686e+02 6.5429901123e+02 6.5425701904e+02 6.5421899414e+02 6.5418902588e+02 6.5416101074e+02 6.5413897705e+02 6.5412902832e+02 6.5412200928e+02 6.5411999512e+02 6.5412500000e+02 6.5413000488e+02 6.5413299561e+02 6.5413598633e+02 6.5413702393e+02 6.5413800049e+02 6.5414099121e+02 6.5414398193e+02 6.5414599609e+02 6.5414501953e+02 6.5414697266e+02 6.5414697266e+02 6.5414697266e+02 6.5414697266e+02 6.5414697266e+02 6.5414697266e+02 6.5414599609e+02 6.5414099121e+02 6.5413702393e+02 6.5413299561e+02 6.5413299561e+02 6.5413299561e+02 6.5413201904e+02 6.5413201904e+02 6.5414001465e+02 6.5414398193e+02 6.5413397217e+02 6.5411901855e+02 6.5407897949e+02 6.5404302979e+02 6.5403698730e+02 6.5403698730e+02
6.5446801758e+02 6.5446002197e+02 6.5440997314e+02 6.5435198975e+02 6.5431201172e+02 6.5427502441e+02 6.5423400879e+02 6.5419702148e+02 6.5416900635e+02 6.5414501953e+02 6.5412500000e+02 6.5411297607e+02 6.5410699463e+02 6.5410699463e+02 6.5411401367e+02 6.5411999512e+02 6.5412402344e+02 6.5412799072e+02 6.5413000488e+02 6.5413098145e+02 6.5413397217e+02 6.5413702393e+02 6.5413897705e+02 6.5414001465e+02 6.5414001465e+02 6.5414099121e+02 6.5414099121e+02 6.5414099121e+02 6.5414099121e+02 6.5414202881e+02 6.5414001465e+02 6.5413397217e+02 6.5413000488e+02 6.5412597656e+02 6.5412500000e+02 6.5412402344e+02 6.5412097168e+02 6.5411999512e+02 6.5412902832e+02 6.5413800049e+02 6.5413299561e+02 6.5412200928e+02 6.5408398438e+02 6.5404797363e+02 6.5404101563e+02 6.5403601074e+02
