TESTSERVER/5/1.asc
NCOLS 100
NROWS 100
XLLCORNER 7.7497500000e+03
YLLCORNER 2.8990025000e+05
CELLSIZE 5.0000000000e-01
NODATA_VALUE -9.9990000000e+03
[rows 60 to 79 of 100, columns 46 to 91 of 100]
6.5349597168e+02 6.5351898193e+02 6.5357098389e+02 6.5361999512e+02 6.5363500977e+02 6.5363800049e+02 6.5365899658e+02 6.5368701172e+02 6.5369799805e+02 6.5367602539e+02 6.5367999268e+02 6.5369201660e+02 6.5371600342e+02 6.5372198486e+02 6.5372100830e+02 6.5372497559e+02 6.5372802734e+02 6.5371197510e+02 6.5371099854e+02 6.5371301270e+02 6.5368701172e+02 6.5368103027e+02 6.5366101074e+02 6.5364697266e+02 6.5365100098e+02 6.5366998291e+02 6.5367401123e+02 6.5368103027e+02 6.5365600586e+02 6.5366101074e+02 6.5366101074e+02 6.5364599609e+02 6.5362597656e+02 6.5360900879e+02 6.5357000732e+02 6.5348999023e+02 6.5339001465e+02 6.5324597168e+02 6.5309600830e+02 6.5299200439e+02 6.5290899658e+02 6.5284100342e+02 6.5278198242e+02 6.5273797607e+02 6.5269201660e+02 6.5265301514e+02
6.5346997070e+02 6.5351599121e+02 6.5356500244e+02 6.5360797119e+02 6.5360699463e+02 6.5363397217e+02 6.5366198730e+02 6.5368701172e+02 6.5370300293e+02 6.5367700195e+02 6.5368597412e+02 6.5370697021e+02 6.5370599365e+02 6.5370697021e+02 6.5372198486e+02 6.5373602295e+02 6.5373901367e+02 6.5371301270e+02 6.5370800781e+02 6.5372601318e+02 6.5371398926e+02 6.5370800781e+02 6.5366302490e+02 6.5364398193e+02 6.5365399170e+02 6.5367297363e+02 6.5366802979e+02 6.5367297363e+02 6.5366302490e+02 6.5368103027e+02 6.5369201660e+02 6.5367901611e+02 6.5367102051e+02 6.5365301514e+02 6.5359899902e+02 6.5348999023e+02 6.5337701416e+02 6.5326501465e+02 6.5314898682e+02 6.5305999756e+02 6.5297399902e+02 6.5288598633e+02 6.5281799316e+02 6.5277398682e+02 6.5273602295e+02 6.5272399902e+02
6.5344500732e+02 6.5349597168e+02 6.5354699707e+02 6.5359002686e+02 6.5358801270e+02 6.5361499023e+02 6.5364501953e+02 6.5366699219e+02 6.5369299316e+02 6.5366400146e+02 6.5367199707e+02 6.5370599365e+02 6.5370300293e+02 6.5372302246e+02 6.5374298096e+02 6.5375500488e+02 6.5375598145e+02 6.5373400879e+02 6.5373199463e+02 6.5372802734e+02 6.5371801758e+02 6.5371801758e+02 6.5366900635e+02 6.5365301514e+02 6.5365502930e+02 6.5366601563e+02 6.5366400146e+02 6.5368103027e+02 6.5367102051e+02 6.5369598389e+02 6.5371099854e+02 6.5369097900e+02 6.5368499756e+02 6.5367498779e+02 6.5362402344e+02 6.5353100586e+02 6.5342297363e+02 6.5330902100e+02 6.5320001221e+02 6.5312799072e+02 6.5303497314e+02 6.5292602539e+02 6.5285498047e+02 6.5282598877e+02 6.5279797363e+02 6.5277502441e+02
6.5341802979e+02 6.5347802734e+02 6.5352099609e+02 6.5356896973e+02 6.5356896973e+02 6.5358801270e+02 6.5362701416e+02 6.5365802002e+02 6.5369000244e+02 6.5366101074e+02 6.5366998291e+02 6.5370898438e+02 6.5371197510e+02 6.5374200439e+02 6.5374798584e+02 6.5375701904e+02 6.5375799561e+02 6.5374102783e+02 6.5374499512e+02 6.5373400879e+02 6.5373797607e+02 6.5373400879e+02 6.5368701172e+02 6.5366699219e+02 6.5366101074e+02 6.5366198730e+02 6.5367102051e+02 6.5371301270e+02 6.5370098877e+02 6.5372601318e+02 6.5373602295e+02 6.5371099854e+02 6.5370001221e+02 6.5369000244e+02 6.5364398193e+02 6.5356896973e+02 6.5347601318e+02 6.5337902832e+02 6.5328601074e+02 6.5321301270e+02 6.5310400391e+02 6.5298999023e+02 6.5290802002e+02 6.5288598633e+02 6.5285498047e+02 6.5282702637e+02
6.5339001465e+02 6.5345800781e+02 6.5348797607e+02 6.5352801514e+02 6.5353997803e+02 6.5356097412e+02 6.5360699463e+02 6.5363800049e+02 6.5365100098e+02 6.5364398193e+02 6.5367102051e+02 6.5371002197e+02 6.5372497559e+02 6.5373699951e+02 6.5373797607e+02 6.5374902344e+02 6.5375000000e+02 6.5375299072e+02 6.5374798584e+02 6.5375000000e+02 6.5375701904e+02 6.5375299072e+02 6.5372900391e+02 6.5371997070e+02 6.5370300293e+02 6.5367602539e+02 6.5368298340e+02 6.5372601318e+02 6.5371997070e+02 6.5373199463e+02 6.5373498535e+02 6.5372497559e+02 6.5372198486e+02 6.5370397949e+02 6.5366400146e+02 6.5360699463e+02 6.5353399658e+02 6.5346398926e+02 6.5337298584e+02 6.5328002930e+02 6.5314001465e+02 6.5305902100e+02 6.5298797607e+02 6.5295599365e+02 6.5291198730e+02 6.5291198730e+02
6.5335601807e+02 6.5340899658e+02 6.5344897461e+02 6.5349102783e+02 6.5351501465e+02 6.5354998779e+02 6.5360400391e+02 6.5363000488e+02 6.5363299561e+02 6.5363000488e+02 6.5366101074e+02 6.5368597412e+02 6.5371801758e+02 6.5373999023e+02 6.5375097656e+02 6.5377398682e+02 6.5377197266e+02 6.5377600098e+02 6.5377801514e+02 6.5377600098e+02 6.5377801514e+02 6.5377600098e+02 6.5376599121e+02 6.5376202393e+02 6.5373797607e+02 6.5372198486e+02 6.5371801758e+02 6.5373699951e+02 6.5372302246e+02 6.5374798584e+02 6.5377001953e+02 6.5375598145e+02 6.5372399902e+02 6.5369897461e+02 6.5365899658e+02 6.5362097168e+02 6.5355798340e+02 6.5349200439e+02 6.5340399170e+02 6.5332202148e+02 6.5321600342e+02 6.5312902832e+02 6.5305902100e+02 6.5302600098e+02 6.5299499512e+02 6.5297900391e+02
6.5333801270e+02 6.5336901855e+02 6.5340600586e+02 6.5345300293e+02 6.5348699951e+02 6.5353997803e+02 6.5359899902e+02 6.5361499023e+02 6.5361700439e+02 6.5362298584e+02 6.5364501953e+02 6.5367102051e+02 6.5371697998e+02 6.5374798584e+02 6.5375598145e+02 6.5378399658e+02 6.5379901123e+02 6.5379400635e+02 6.5379602051e+02 6.5380401611e+02 6.5380999756e+02 6.5380603027e+02 6.5379602051e+02 6.5379199219e+02 6.5377600098e+02 6.5376000977e+02 6.5374700928e+02 6.5373999023e+02 6.5372198486e+02 6.5374700928e+02 6.5378698730e+02 6.5377099609e+02 6.5373797607e+02 6.5371301270e+02 6.5366699219e+02 6.5362701416e+02 6.5357598877e+02 6.5353399658e+02 6.5347198486e+02 6.5341101074e+02 6.5331298828e+02 6.5323101807e+02 6.5317102051e+02 6.5312799072e+02 6.5310302734e+02 6.5307000732e+02
6.5333001709e+02 6.5334997559e+02 6.5338397217e+02 6.5341998291e+02 6.5345898438e+02 6.5352099609e+02 6.5357397461e+02 6.5358801270e+02 6.5360498047e+02 6.5362097168e+02 6.5364001465e+02 6.5366802979e+02 6.5371899414e+02 6.5376000977e+02 6.5376702881e+02 6.5378900146e+02 6.5380999756e+02 6.5380401611e+02 6.5381402588e+02 6.5383697510e+02 6.5383300781e+02 6.5383599854e+02 6.5381201172e+02 6.5380902100e+02 6.5380401611e+02 6.5378802490e+02 6.5377899170e+02 6.5377001953e+02 6.5374798584e+02 6.5374798584e+02 6.5377899170e+02 6.5377502441e+02 6.5375799561e+02 6.5373400879e+02 6.5370501709e+02 6.5366900635e+02 6.5362701416e+02 6.5358398438e+02 6.5352600098e+02 6.5346398926e+02 6.5338598633e+02 6.5331402588e+02 6.5326098633e+02 6.5321600342e+02 6.5318902588e+02 6.5316302490e+02
6.5330401611e+02 6.5333001709e+02 6.5337097168e+02 6.5340802002e+02 6.5345098877e+02 6.5350701904e+02 6.5355102539e+02 6.5357598877e+02 6.5360400391e+02 6.5358898926e+02 6.5362500000e+02 6.5366302490e+02 6.5370098877e+02 6.5374902344e+02 6.5375897217e+02 6.5377600098e+02 6.5380999756e+02 6.5381799316e+02 6.5383697510e+02 6.5384997559e+02 6.5383898926e+02 6.5384698486e+02 6.5381597900e+02 6.5380603027e+02 6.5380499268e+02 6.5379602051e+02 6.5379199219e+02 6.5378302002e+02 6.5375500488e+02 6.5376501465e+02 6.5378802490e+02 6.5378399658e+02 6.5378302002e+02 6.5376397705e+02 6.5374499512e+02 6.5371600342e+02 6.5369598389e+02 6.5364898682e+02 6.5359002686e+02 6.5350799561e+02 6.5344201660e+02 6.5337402344e+02 6.5329797363e+02 6.5326501465e+02 6.5326000977e+02 6.5324902344e+02
6.5330700684e+02 6.5333801270e+02 6.5336901855e+02 6.5340399170e+02 6.5344097900e+02 6.5350097656e+02 6.5353900146e+02 6.5355700684e+02 6.5359497070e+02 6.5357299805e+02 6.5361102295e+02 6.5366101074e+02 6.5369799805e+02 6.5374401855e+02 6.5375598145e+02 6.5378198242e+02 6.5380798340e+02 6.5382800293e+02 6.5384301758e+02 6.5384301758e+02 6.5384301758e+02 6.5385601807e+02 6.5383197021e+02 6.5382800293e+02 6.5381799316e+02 6.5382202148e+02 6.5381799316e+02 6.5380902100e+02 6.5378997803e+02 6.5380200195e+02 6.5381402588e+02 6.5380297852e+02 6.5380603027e+02 6.5380297852e+02 6.5377398682e+02 6.5374798584e+02 6.5373602295e+02 6.5370202637e+02 6.5364300537e+02 6.5356201172e+02 6.5349700928e+02 6.5342999268e+02 6.5335198975e+02 6.5332299805e+02 6.5331597900e+02 6.5330603027e+02
6.5331298828e+02 6.5333697510e+02 6.5336297607e+02 6.5340600586e+02 6.5344201660e+02 6.5349102783e+02 6.5352697754e+02 6.5354602051e+02 6.5358300781e+02 6.5356896973e+02 6.5361102295e+02 6.5366497803e+02 6.5369201660e+02 6.5373699951e+02 6.5375598145e+02 6.5378302002e+02 6.5379699707e+02 6.5382397461e+02 6.5385998535e+02 6.5385900879e+02 6.5385900879e+02 6.5387902832e+02 6.5385797119e+02 6.5386401367e+02 6.5383801270e+02 6.5383599854e+02 6.5383697510e+02 6.5384301758e+02 6.5382501221e+02 6.5383599854e+02 6.5383697510e+02 6.5383398438e+02 6.5383599854e+02 6.5382598877e+02 6.5380401611e+02 6.5379101563e+02 6.5378302002e+02 6.5375897217e+02 6.5370599365e+02 6.5363299561e+02 6.5357397461e+02 6.5349902344e+02 6.5340502930e+02 6.5335900879e+02 6.5333502197e+02 6.5330102539e+02
6.5332299805e+02 6.5334399414e+02 6.5336798096e+02 6.5341400146e+02 6.5345599365e+02 6.5348199463e+02 6.5351300049e+02 6.5353802490e+02 6.5357098389e+02 6.5357098389e+02 6.5360699463e+02 6.5365100098e+02 6.5368798828e+02 6.5373699951e+02 6.5376000977e+02 6.5377899170e+02 6.5379199219e+02 6.5382397461e+02 6.5386798096e+02 6.5387500000e+02 6.5387701416e+02 6.5390997314e+02 6.5388000488e+02 6.5389001465e+02 6.5387200928e+02 6.5386297607e+02 6.5386499023e+02 6.5387097168e+02 6.5383898926e+02 6.5385998535e+02 6.5386700439e+02 6.5386199951e+02 6.5386499023e+02 6.5384997559e+02 6.5383599854e+02 6.5383300781e+02 6.5383001709e+02 6.5380999756e+02 6.5375897217e+02 6.5367401123e+02 6.5361102295e+02 6.5355102539e+02 6.5346099854e+02 6.5340399170e+02 6.5336102295e+02 6.5331896973e+02
6.5332202148e+02 6.5334100342e+02 6.5336999512e+02 6.5342199707e+02 6.5345697021e+02 6.5346899414e+02 6.5349597168e+02 6.5353302002e+02 6.5356201172e+02 6.5356597900e+02 6.5360699463e+02 6.5364300537e+02 6.5368597412e+02 6.5372802734e+02 6.5376098633e+02 6.5378698730e+02 6.5379400635e+02 6.5382598877e+02 6.5386700439e+02 6.5389801025e+02 6.5391101074e+02 6.5392901611e+02 6.5390600586e+02 6.5390399170e+02 6.5389697266e+02 6.5389398193e+02 6.5389501953e+02 6.5389599609e+02 6.5384802246e+02 6.5387597656e+02 6.5389001465e+02 6.5388000488e+02 6.5388098145e+02 6.5387200928e+02 6.5387097168e+02 6.5387402344e+02 6.5387902832e+02 6.5385302734e+02 6.5381701660e+02 6.5373400879e+02 6.5366998291e+02 6.5358502197e+02 6.5350500488e+02 6.5344897461e+02 6.5340100098e+02 6.5337402344e+02
6.5330700684e+02 6.5332800293e+02 6.5336499023e+02 6.5341400146e+02 6.5342901611e+02 6.5345098877e+02 6.5348498535e+02 6.5353100586e+02 6.5355401611e+02 6.5354498291e+02 6.5359698486e+02 6.5364398193e+02 6.5369702148e+02 6.5373297119e+02 6.5374499512e+02 6.5377301025e+02 6.5378497314e+02 6.5381298828e+02 6.5385699463e+02 6.5389099121e+02 6.5390399170e+02 6.5392999268e+02 6.5391497803e+02 6.5392199707e+02 6.5392297363e+02 6.5392901611e+02 6.5391198730e+02 6.5389898682e+02 6.5387402344e+02 6.5390899658e+02 6.5392401123e+02 6.5390997314e+02 6.5390002441e+02 6.5389300537e+02 6.5390301514e+02 6.5390100098e+02 6.5390802002e+02 6.5389697266e+02 6.5386102295e+02 6.5378997803e+02 6.5371502686e+02 6.5363299561e+02 6.5357702637e+02 6.5352099609e+02 6.5347100830e+02 6.5343902588e+02
6.5330297852e+02 6.5333697510e+02 6.5338397217e+02 6.5342401123e+02 6.5342901611e+02 6.5344702148e+02 6.5347601318e+02 6.5351000977e+02 6.5352600098e+02 6.5352600098e+02 6.5358197021e+02 6.5363098145e+02 6.5369799805e+02 6.5373699951e+02 6.5372698975e+02 6.5374700928e+02 6.5378002930e+02 6.5380700684e+02 6.5385198975e+02 6.5389001465e+02 6.5391601563e+02 6.5394500732e+02 6.5392901611e+02 6.5394299316e+02 6.5393902588e+02 6.5393597412e+02 6.5392999268e+02 6.5392797852e+02 6.5390997314e+02 6.5392797852e+02 6.5394299316e+02 6.5392999268e+02 6.5392297363e+02 6.5392602539e+02 6.5394598389e+02 6.5394000244e+02 6.5393597412e+02 6.5393402100e+02 6.5389898682e+02 6.5383300781e+02 6.5376599121e+02 6.5369097900e+02 6.5363897705e+02 6.5359497070e+02 6.5355700684e+02 6.5352301025e+02
6.5328698730e+02 6.5332397461e+02 6.5336901855e+02 6.5340802002e+02 6.5343103027e+02 6.5344396973e+02 6.5346398926e+02 6.5348101807e+02 6.5349902344e+02 6.5351397705e+02 6.5358001709e+02 6.5362902832e+02 6.5367199707e+02 6.5372100830e+02 6.5371997070e+02 6.5374200439e+02 6.5379101563e+02 6.5382000732e+02 6.5384497070e+02 6.5388201904e+02 6.5392199707e+02 6.5394000244e+02 6.5392199707e+02 6.5394799805e+02 6.5393298340e+02 6.5392199707e+02 6.5393597412e+02 6.5395202637e+02 6.5393499756e+02 6.5395098877e+02 6.5396197510e+02 6.5395098877e+02 6.5394598389e+02 6.5395697021e+02 6.5397802734e+02 6.5397198486e+02 6.5395800781e+02 6.5394500732e+02 6.5391302490e+02 6.5385998535e+02 6.5382202148e+02 6.5376702881e+02 6.5371398926e+02 6.5369097900e+02 6.5366400146e+02 6.5362500000e+02
6.5328698730e+02 6.5333300781e+02 6.5336199951e+02 6.5338800049e+02 6.5340698242e+02 6.5341802979e+02 6.5343902588e+02 6.5346801758e+02 6.5350500488e+02 6.5349700928e+02 6.5354699707e+02 6.5359802246e+02 6.5363299561e+02 6.5369201660e+02 6.5371002197e+02 6.5373602295e+02 6.5376702881e+02 6.5381097412e+02 6.5383898926e+02 6.5387597656e+02 6.5390698242e+02 6.5391699219e+02 6.5391497803e+02 6.5394799805e+02 6.5391302490e+02 6.5391302490e+02 6.5394201660e+02 6.5396301270e+02 6.5395300293e+02 6.5396801758e+02 6.5397802734e+02 6.5396600342e+02 6.5397100830e+02 6.5399902344e+02 6.5399798584e+02 6.5398699951e+02 6.5397698975e+02 6.5397100830e+02 6.5395202637e+02 6.5391101074e+02 6.5387402344e+02 6.5384002686e+02 6.5379901123e+02 6.5377197266e+02 6.5374700928e+02 6.5371197510e+02
6.5326800537e+02 6.5330401611e+02 6.5333898926e+02 6.5337799072e+02 6.5339001465e+02 6.5341302490e+02 6.5344201660e+02 6.5346600342e+02 6.5348797607e+02 6.5348297119e+02 6.5352899170e+02 6.5357397461e+02 6.5360498047e+02 6.5364599609e+02 6.5366699219e+02 6.5372100830e+02 6.5377301025e+02 6.5380798340e+02 6.5383697510e+02 6.5387097168e+02 6.5389001465e+02 6.5391601563e+02 6.5391302490e+02 6.5394702148e+02 6.5393798828e+02 6.5393701172e+02 6.5395202637e+02 6.5395501709e+02 6.5394000244e+02 6.5397497559e+02 6.5399597168e+02 6.5398999023e+02 6.5400299072e+02 6.5401599121e+02 6.5401599121e+02 6.5400402832e+02 6.5397497559e+02 6.5396801758e+02 6.5395800781e+02 6.5394396973e+02 6.5390600586e+02 6.5387701416e+02 6.5386499023e+02 6.5386199951e+02 6.5383599854e+02 6.5380102539e+02
6.5323101807e+02 6.5326702881e+02 6.5329602051e+02 6.5334197998e+02 6.5335699463e+02 6.5337402344e+02 6.5341400146e+02 6.5344702148e+02 6.5345397949e+02 6.5345397949e+02 6.5351397705e+02 6.5355401611e+02 6.5357299805e+02 6.5361798096e+02 6.5364501953e+02 6.5369897461e+02 6.5374798584e+02 6.5378302002e+02 6.5380700684e+02 6.5383300781e+02 6.5386999512e+02 6.5393298340e+02 6.5393200684e+02 6.5395501709e+02 6.5395098877e+02 6.5395098877e+02 6.5395397949e+02 6.5394000244e+02 6.5391998291e+02 6.5396697998e+02 6.5400201416e+02 6.5399597168e+02 6.5401300049e+02 6.5402600098e+02 6.5403198242e+02 6.5402099609e+02 6.5399798584e+02 6.5397698975e+02 6.5397399902e+02 6.5397100830e+02 6.5393902588e+02 6.5391998291e+02 6.5393701172e+02 6.5394702148e+02 6.5392297363e+02 6.5390002441e+02
6.5320098877e+02 6.5321697998e+02 6.5323901367e+02 6.5330200195e+02 6.5333801270e+02 6.5333599854e+02 6.5336901855e+02 6.5341198730e+02 6.5341998291e+02 6.5341198730e+02 6.5347399902e+02 6.5351501465e+02 6.5353601074e+02 6.5358697510e+02 6.5361199951e+02 6.5365399170e+02 6.5369000244e+02 6.5372100830e+02 6.5375500488e+02 6.5378601074e+02 6.5383801270e+02 6.5391198730e+02 6.5393200684e+02 6.5395599365e+02 6.5394299316e+02 6.5395098877e+02 6.5395800781e+02 6.5394097900e+02 6.5391802979e+02 6.5395898438e+02 6.5398400879e+02 6.5398498535e+02 6.5400598145e+02 6.5403100586e+02 6.5404699707e+02 6.5403100586e+02 6.5401800537e+02 6.5398602295e+02 6.5398498535e+02 6.5398498535e+02 6.5397497559e+02 6.5397698975e+02 6.5399902344e+02 6.5401501465e+02 6.5399298096e+02 6.5398297119e+02
