TESTSERVER/5/1.asc
NCOLS 100
NROWS 100
XLLCORNER 7.7497500000e+03
YLLCORNER 2.8990025000e+05
CELLSIZE 5.0000000000e-01
NODATA_VALUE -9.9990000000e+03
[rows 80 to 99 of 100, columns 46 to 91 of 100]
6.5317297363e+02 6.5317700195e+02 6.5321398926e+02 6.5328302002e+02 6.5330200195e+02 6.5332397461e+02 6.5334197998e+02 6.5337402344e+02 6.5338098145e+02 6.5337597656e+02 6.5342999268e+02 6.5347399902e+02 6.5350897217e+02 6.5356500244e+02 6.5358801270e+02 6.5362902832e+02 6.5367102051e+02 6.5370397949e+02 6.5374902344e+02 6.5376501465e+02 6.5379400635e+02 6.5387902832e+02 6.5391601563e+02 6.5394396973e+02 6.5394500732e+02 6.5394897461e+02 6.5394897461e+02 6.5394201660e+02 6.5392498779e+02 6.5396398926e+02 6.5399200439e+02 6.5399499512e+02 6.5401300049e+02 6.5404101563e+02 6.5405798340e+02 6.5402899170e+02 6.5401300049e+02 6.5399902344e+02 6.5400799561e+02 6.5401397705e+02 6.5401397705e+02 6.5402899170e+02 6.5404602051e+02 6.5406500244e+02 6.5406597900e+02 6.5405297852e+02
6.5313397217e+02 6.5315899658e+02 6.5319897461e+02 6.5324499512e+02 6.5325000000e+02 6.5328997803e+02 6.5332800293e+02 6.5335797119e+02 6.5335900879e+02 6.5334997559e+02 6.5340802002e+02 6.5345599365e+02 6.5348602295e+02 6.5352697754e+02 6.5354797363e+02 6.5359997559e+02 6.5365698242e+02 6.5368902588e+02 6.5373797607e+02 6.5375299072e+02 6.5378601074e+02 6.5384802246e+02 6.5384698486e+02 6.5387799072e+02 6.5391601563e+02 6.5393298340e+02 6.5393902588e+02 6.5395098877e+02 6.5393902588e+02 6.5397698975e+02 6.5401000977e+02 6.5401000977e+02 6.5402197266e+02 6.5403302002e+02 6.5404101563e+02 6.5402600098e+02 6.5401898193e+02 6.5401898193e+02 6.5402301025e+02 6.5403601074e+02 6.5404901123e+02 6.5406298828e+02 6.5407501221e+02 6.5408801270e+02 6.5409197998e+02 6.5408898926e+02
6.5310302734e+02 6.5313201904e+02 6.5316101074e+02 6.5319500732e+02 6.5320599365e+02 6.5325000000e+02 6.5328900146e+02 6.5331097412e+02 6.5333099365e+02 6.5332202148e+02 6.5337200928e+02 6.5341400146e+02 6.5345001221e+02 6.5348498535e+02 6.5350402832e+02 6.5355902100e+02 6.5361798096e+02 6.5365802002e+02 6.5371301270e+02 6.5372998047e+02 6.5376397705e+02 6.5382897949e+02 6.5382397461e+02 6.5384899902e+02 6.5388800049e+02 6.5390301514e+02 6.5393298340e+02 6.5396099854e+02 6.5394396973e+02 6.5397998047e+02 6.5401300049e+02 6.5400799561e+02 6.5400799561e+02 6.5402502441e+02 6.5404602051e+02 6.5404302979e+02 6.5404901123e+02 6.5404901123e+02 6.5405200195e+02 6.5406896973e+02 6.5408502197e+02 6.5408197021e+02 6.5408898926e+02 6.5409497070e+02 6.5410699463e+02 6.5411499023e+02
6.5308300781e+02 6.5310699463e+02 6.5313000488e+02 6.5316302490e+02 6.5316900635e+02 6.5320397949e+02 6.5324700928e+02 6.5326702881e+02 6.5329302979e+02 6.5328302002e+02 6.5333502197e+02 6.5338000488e+02 6.5341198730e+02 6.5346099854e+02 6.5349700928e+02 6.5354901123e+02 6.5358300781e+02 6.5361401367e+02 6.5367297363e+02 6.5370202637e+02 6.5372601318e+02 6.5379199219e+02 6.5380700684e+02 6.5383197021e+02 6.5386199951e+02 6.5388098145e+02 6.5392999268e+02 6.5396398926e+02 6.5394000244e+02 6.5398602295e+02 6.5401300049e+02 6.5400799561e+02 6.5400402832e+02 6.5401800537e+02 6.5404602051e+02 6.5404797363e+02 6.5406896973e+02 6.5406402588e+02 6.5407598877e+02 6.5410302734e+02 6.5410797119e+02 6.5408398438e+02 6.5408099365e+02 6.5408398438e+02 6.5410699463e+02 6.5412200928e+02
6.5304302979e+02 6.5306896973e+02 6.5310101318e+02 6.5314001465e+02 6.5313800049e+02 6.5317199707e+02 6.5321997070e+02 6.5323999023e+02 6.5326300049e+02 6.5325201416e+02 6.5330200195e+02 6.5334301758e+02 6.5337701416e+02 6.5342901611e+02 6.5347601318e+02 6.5353198242e+02 6.5357800293e+02 6.5359301758e+02 6.5364697266e+02 6.5368402100e+02 6.5371301270e+02 6.5376599121e+02 6.5378198242e+02 6.5380700684e+02 6.5383898926e+02 6.5386602783e+02 6.5390802002e+02 6.5395001221e+02 6.5393200684e+02 6.5397698975e+02 6.5399700928e+02 6.5400201416e+02 6.5401000977e+02 6.5401599121e+02 6.5402600098e+02 6.5403198242e+02 6.5405999756e+02 6.5407000732e+02 6.5408898926e+02 6.5410699463e+02 6.5410797119e+02 6.5408599854e+02 6.5408001709e+02 6.5408197021e+02 6.5410998535e+02 6.5411901855e+02
6.5298699951e+02 6.5302001953e+02 6.5307202148e+02 6.5311901855e+02 6.5311602783e+02 6.5313098145e+02 6.5318298340e+02 6.5321099854e+02 6.5323400879e+02 6.5321502686e+02 6.5327197266e+02 6.5330603027e+02 6.5334301758e+02 6.5340197754e+02 6.5344201660e+02 6.5348297119e+02 6.5353497314e+02 6.5355999756e+02 6.5361499023e+02 6.5365002441e+02 6.5368298340e+02 6.5375799561e+02 6.5377801514e+02 6.5378997803e+02 6.5383001709e+02 6.5385900879e+02 6.5388598633e+02 6.5391998291e+02 6.5390600586e+02 6.5395501709e+02 6.5398101807e+02 6.5400500488e+02 6.5402697754e+02 6.5401300049e+02 6.5402197266e+02 6.5403497314e+02 6.5406201172e+02 6.5406896973e+02 6.5408599854e+02 6.5410498047e+02 6.5410797119e+02 6.5409497070e+02 6.5409100342e+02 6.5409301758e+02 6.5410699463e+02 6.5411901855e+02
6.5293298340e+02 6.5297302246e+02 6.5301300049e+02 6.5304901123e+02 6.5306402588e+02 6.5309802246e+02 6.5314898682e+02 6.5316998291e+02 6.5319799805e+02 6.5319299316e+02 6.5325799561e+02 6.5328802490e+02 6.5330999756e+02 6.5338397217e+02 6.5343402100e+02 6.5347399902e+02 6.5350897217e+02 6.5353497314e+02 6.5359301758e+02 6.5362402344e+02 6.5365100098e+02 6.5373297119e+02 6.5375598145e+02 6.5378302002e+02 6.5382000732e+02 6.5384698486e+02 6.5387799072e+02 6.5390802002e+02 6.5388897705e+02 6.5393902588e+02 6.5396697998e+02 6.5399798584e+02 6.5401599121e+02 6.5401202393e+02 6.5403302002e+02 6.5403802490e+02 6.5405102539e+02 6.5406500244e+02 6.5409100342e+02 6.5410498047e+02 6.5409802246e+02 6.5409997559e+02 6.5409997559e+02 6.5410101318e+02 6.5410601807e+02 6.5412402344e+02
6.5288500977e+02 6.5292401123e+02 6.5294702148e+02 6.5297900391e+02 6.5300897217e+02 6.5305798340e+02 6.5310998535e+02 6.5313800049e+02 6.5317999268e+02 6.5317401123e+02 6.5322802734e+02 6.5326501465e+02 6.5329498291e+02 6.5334899902e+02 6.5338800049e+02 6.5344299316e+02 6.5348199463e+02 6.5350299072e+02 6.5356597900e+02 6.5360198975e+02 6.5363800049e+02 6.5370098877e+02 6.5371099854e+02 6.5375598145e+02 6.5379901123e+02 6.5383001709e+02 6.5385699463e+02 6.5388201904e+02 6.5385900879e+02 6.5390197754e+02 6.5393701172e+02 6.5397900391e+02 6.5399798584e+02 6.5401000977e+02 6.5403399658e+02 6.5403302002e+02 6.5404400635e+02 6.5406597900e+02 6.5408502197e+02 6.5409997559e+02 6.5410101318e+02 6.5410699463e+02 6.5411102295e+02 6.5411901855e+02 6.5411102295e+02 6.5412597656e+02
6.5283099365e+02 6.5287097168e+02 6.5289099121e+02 6.5294396973e+02 6.5299102783e+02 6.5300897217e+02 6.5304901123e+02 6.5309698486e+02 6.5315600586e+02 6.5315002441e+02 6.5318701172e+02 6.5323199463e+02 6.5327801514e+02 6.5331701660e+02 6.5335101318e+02 6.5340100098e+02 6.5344299316e+02 6.5346099854e+02 6.5351898193e+02 6.5356896973e+02 6.5362500000e+02 6.5368298340e+02 6.5367901611e+02 6.5372100830e+02 6.5377899170e+02 6.5381701660e+02 6.5384002686e+02 6.5387097168e+02 6.5387402344e+02 6.5389398193e+02 6.5392102051e+02 6.5395501709e+02 6.5396502686e+02 6.5399401855e+02 6.5401898193e+02 6.5402502441e+02 6.5404400635e+02 6.5406097412e+02 6.5407501221e+02 6.5409600830e+02 6.5411499023e+02 6.5411602783e+02 6.5413098145e+02 6.5414599609e+02 6.5412402344e+02 6.5411999512e+02
6.5278002930e+02 6.5281500244e+02 6.5284802246e+02 6.5290997314e+02 6.5295098877e+02 6.5297198486e+02 6.5303302002e+02 6.5307702637e+02 6.5311297607e+02 6.5310400391e+02 6.5317102051e+02 6.5321997070e+02 6.5323699951e+02 6.5326702881e+02 6.5330700684e+02 6.5336999512e+02 6.5342297363e+02 6.5344097900e+02 6.5350000000e+02 6.5355297852e+02 6.5357000732e+02 6.5363800049e+02 6.5366497803e+02 6.5370300293e+02 6.5373797607e+02 6.5376599121e+02 6.5379400635e+02 6.5383697510e+02 6.5384100342e+02 6.5386798096e+02 6.5389300537e+02 6.5393103027e+02 6.5393701172e+02 6.5397100830e+02 6.5399102783e+02 6.5399902344e+02 6.5401800537e+02 6.5406097412e+02 6.5407598877e+02 6.5409497070e+02 6.5411401367e+02 6.5411199951e+02 6.5412701416e+02 6.5414501953e+02 6.5413397217e+02 6.5413598633e+02
6.5274200439e+02 6.5277398682e+02 6.5280603027e+02 6.5286700439e+02 6.5290899658e+02 6.5293298340e+02 6.5300402832e+02 6.5304400635e+02 6.5307501221e+02 6.5305999756e+02 6.5312200928e+02 6.5317797852e+02 6.5320001221e+02 6.5322802734e+02 6.5326397705e+02 6.5332702637e+02 6.5340002441e+02 6.5341900635e+02 6.5346899414e+02 6.5351800537e+02 6.5353002930e+02 6.5359802246e+02 6.5362902832e+02 6.5366101074e+02 6.5369500732e+02 6.5372601318e+02 6.5376000977e+02 6.5380902100e+02 6.5381500244e+02 6.5384698486e+02 6.5386798096e+02 6.5390301514e+02 6.5392602539e+02 6.5395001221e+02 6.5395898438e+02 6.5396301270e+02 6.5399401855e+02 6.5403900146e+02 6.5405902100e+02 6.5409600830e+02 6.5411102295e+02 6.5410900879e+02 6.5412597656e+02 6.5414697266e+02 6.5414202881e+02 6.5414501953e+02
6.5271197510e+02 6.5274298096e+02 6.5277001953e+02 6.5282397461e+02 6.5286401367e+02 6.5288500977e+02 6.5295599365e+02 6.5300402832e+02 6.5304400635e+02 6.5303100586e+02 6.5308001709e+02 6.5312799072e+02 6.5316998291e+02 6.5320697021e+02 6.5323297119e+02 6.5328302002e+02 6.5336798096e+02 6.5338702393e+02 6.5342401123e+02 6.5346801758e+02 6.5348797607e+02 6.5355700684e+02 6.5356799316e+02 6.5360198975e+02 6.5366400146e+02 6.5370098877e+02 6.5373901367e+02 6.5378302002e+02 6.5376599121e+02 6.5380798340e+02 6.5384002686e+02 6.5386901855e+02 6.5391101074e+02 6.5393402100e+02 6.5393902588e+02 6.5394201660e+02 6.5397399902e+02 6.5401501465e+02 6.5403002930e+02 6.5406097412e+02 6.5408001709e+02 6.5409301758e+02 6.5411199951e+02 6.5413299561e+02 6.5413098145e+02 6.5414501953e+02
6.5265100098e+02 6.5268902588e+02 6.5271899414e+02 6.5277801514e+02 6.5281402588e+02 6.5284301758e+02 6.5292901611e+02 6.5298602295e+02 6.5302899170e+02 6.5301599121e+02 6.5307202148e+02 6.5310400391e+02 6.5313299561e+02 6.5318798828e+02 6.5321801758e+02 6.5327197266e+02 6.5332897949e+02 6.5335302734e+02 6.5338397217e+02 6.5342199707e+02 6.5345599365e+02 6.5351397705e+02 6.5352801514e+02 6.5355499268e+02 6.5363000488e+02 6.5366400146e+02 6.5370001221e+02 6.5374499512e+02 6.5372399902e+02 6.5375799561e+02 6.5380999756e+02 6.5383697510e+02 6.5386798096e+02 6.5389599609e+02 6.5391900635e+02 6.5390997314e+02 6.5393798828e+02 6.5397399902e+02 6.5400097656e+02 6.5405401611e+02 6.5409301758e+02 6.5407000732e+02 6.5408898926e+02 6.5411102295e+02 6.5412200928e+02 6.5414300537e+02
6.5260498047e+02 6.5263800049e+02 6.5266497803e+02 6.5272998047e+02 6.5277197266e+02 6.5278601074e+02 6.5286999512e+02 6.5293103027e+02 6.5299401855e+02 6.5297802734e+02 6.5303002930e+02 6.5306701660e+02 6.5309899902e+02 6.5314898682e+02 6.5317602539e+02 6.5323901367e+02 6.5329602051e+02 6.5332202148e+02 6.5334899902e+02 6.5337799072e+02 6.5340399170e+02 6.5347100830e+02 6.5348498535e+02 6.5352099609e+02 6.5361401367e+02 6.5364202881e+02 6.5366998291e+02 6.5370800781e+02 6.5368701172e+02 6.5371997070e+02 6.5375201416e+02 6.5378100586e+02 6.5383001709e+02 6.5387097168e+02 6.5387902832e+02 6.5387500000e+02 6.5391302490e+02 6.5395300293e+02 6.5398498535e+02 6.5401702881e+02 6.5404901123e+02 6.5405297852e+02 6.5408197021e+02 6.5409497070e+02 6.5410101318e+02 6.5412200928e+02
6.5255499268e+02 6.5260198975e+02 6.5263397217e+02 6.5268298340e+02 6.5271099854e+02 6.5273498535e+02 6.5280700684e+02 6.5285699463e+02 6.5292401123e+02 6.5292401123e+02 6.5298498535e+02 6.5303601074e+02 6.5306799316e+02 6.5311602783e+02 6.5315100098e+02 6.5321697998e+02 6.5327099609e+02 6.5329699707e+02 6.5332202148e+02 6.5335198975e+02 6.5336700439e+02 6.5342797852e+02 6.5345599365e+02 6.5349298096e+02 6.5357202148e+02 6.5360699463e+02 6.5363397217e+02 6.5366802979e+02 6.5365002441e+02 6.5367498779e+02 6.5372100830e+02 6.5375598145e+02 6.5378997803e+02 6.5381097412e+02 6.5382501221e+02 6.5382501221e+02 6.5386602783e+02 6.5391400146e+02 6.5395001221e+02 6.5399499512e+02 6.5403002930e+02 6.5402600098e+02 6.5404797363e+02 6.5407000732e+02 6.5408898926e+02 6.5411499023e+02
6.5251599121e+02 6.5256500244e+02 6.5259497070e+02 6.5263299561e+02 6.5265301514e+02 6.5268701172e+02 6.5274298096e+02 6.5277697754e+02 6.5284301758e+02 6.5285198975e+02 6.5293103027e+02 6.5299401855e+02 6.5304101563e+02 6.5309802246e+02 6.5313098145e+02 6.5318103027e+02 6.5322802734e+02 6.5325201416e+02 6.5328198242e+02 6.5331896973e+02 6.5332397461e+02 6.5338000488e+02 6.5342602539e+02 6.5346002197e+02 6.5351501465e+02 6.5356201172e+02 6.5359802246e+02 6.5362799072e+02 6.5361602783e+02 6.5363299561e+02 6.5367797852e+02 6.5371600342e+02 6.5373400879e+02 6.5375598145e+02 6.5377398682e+02 6.5377398682e+02 6.5381799316e+02 6.5386602783e+02 6.5389697266e+02 6.5393798828e+02 6.5399700928e+02 6.5400500488e+02 6.5402502441e+02 6.5406597900e+02 6.5408300781e+02 6.5410900879e+02
6.5249200439e+02 6.5252099609e+02 6.5252697754e+02 6.5256402588e+02 6.5261401367e+02 6.5265197754e+02 6.5269299316e+02 6.5271197510e+02 6.5278302002e+02 6.5279400635e+02 6.5286199951e+02 6.5293103027e+02 6.5300097656e+02 6.5307299805e+02 6.5309497070e+02 6.5312402344e+02 6.5316601563e+02 6.5319097900e+02 6.5323797607e+02 6.5328100586e+02 6.5328497314e+02 6.5333502197e+02 6.5337500000e+02 6.5341101074e+02 6.5348797607e+02 6.5353002930e+02 6.5356097412e+02 6.5358599854e+02 6.5356896973e+02 6.5361401367e+02 6.5365600586e+02 6.5368103027e+02 6.5367199707e+02 6.5369201660e+02 6.5371899414e+02 6.5373498535e+02 6.5376800537e+02 6.5380102539e+02 6.5383300781e+02 6.5388299561e+02 6.5394500732e+02 6.5396502686e+02 6.5398400879e+02 6.5403002930e+02 6.5406701660e+02 6.5408898926e+02
6.5240997314e+02 6.5246099854e+02 6.5249102783e+02 6.5252600098e+02 6.5254998779e+02 6.5259997559e+02 6.5264501953e+02 6.5265802002e+02 6.5272497559e+02 6.5272900391e+02 6.5279302979e+02 6.5285302734e+02 6.5291802979e+02 6.5299700928e+02 6.5303802490e+02 6.5308197021e+02 6.5311700439e+02 6.5314202881e+02 6.5317700195e+02 6.5320599365e+02 6.5320800781e+02 6.5329199219e+02 6.5333599854e+02 6.5335900879e+02 6.5344702148e+02 6.5350299072e+02 6.5352899170e+02 6.5355603027e+02 6.5353900146e+02 6.5358801270e+02 6.5361999512e+02 6.5362402344e+02 6.5362097168e+02 6.5366101074e+02 6.5369396973e+02 6.5369299316e+02 6.5372900391e+02 6.5376098633e+02 6.5377099609e+02 6.5382098389e+02 6.5385900879e+02 6.5390502930e+02 6.5394702148e+02 6.5398797607e+02 6.5400799561e+02 6.5404797363e+02
6.5236102295e+02 6.5240802002e+02 6.5244299316e+02 6.5248297119e+02 6.5251300049e+02 6.5256097412e+02 6.5260400391e+02 6.5262097168e+02 6.5267602539e+02 6.5266302490e+02 6.5271002197e+02 6.5276300049e+02 6.5284100342e+02 6.5290899658e+02 6.5294897461e+02 6.5301202393e+02 6.5305999756e+02 6.5308197021e+02 6.5311798096e+02 6.5315002441e+02 6.5316198730e+02 6.5324798584e+02 6.5329998779e+02 6.5332702637e+02 6.5340997314e+02 6.5347100830e+02 6.5349902344e+02 6.5353002930e+02 6.5351599121e+02 6.5355200195e+02 6.5359100342e+02 6.5360498047e+02 6.5361499023e+02 6.5363702393e+02 6.5366198730e+02 6.5365899658e+02 6.5369702148e+02 6.5371899414e+02 6.5371801758e+02 6.5377600098e+02 6.5380499268e+02 6.5383801270e+02 6.5388299561e+02 6.5393402100e+02 6.5395800781e+02 6.5400000000e+02
6.5233502197e+02 6.5237500000e+02 6.5240002441e+02 6.5244201660e+02 6.5247900391e+02 6.5250897217e+02 6.5255700684e+02 6.5258197021e+02 6.5263098145e+02 6.5262902832e+02 6.5266699219e+02 6.5270098877e+02 6.5276397705e+02 6.5283697510e+02 6.5286901855e+02 6.5292401123e+02 6.5299298096e+02 6.5301300049e+02 6.5305798340e+02 6.5310797119e+02 6.5312500000e+02 6.5320098877e+02 6.5324597168e+02 6.5328497314e+02 6.5337597656e+02 6.5343200684e+02 6.5346398926e+02 6.5350402832e+02 6.5349798584e+02 6.5351702881e+02 6.5356500244e+02 6.5358502197e+02 6.5359002686e+02 6.5361999512e+02 6.5362701416e+02 6.5362298584e+02 6.5365301514e+02 6.5367199707e+02 6.5367602539e+02 6.5371099854e+02 6.5374298096e+02 6.5376599121e+02 6.5380902100e+02 6.5387298584e+02 6.5391101074e+02 6.5394396973e+02
