TESTSERVER/5/10.asc
NCOLS 100
NROWS 100
XLLCORNER 7.7497500000e+03
YLLCORNER 2.8945025000e+05
CELLSIZE 5.0000000000e-01
NODATA_VALUE -9.9990000000e+03
[rows 80 to 99 of 100, columns 46 to 91 of 100]
5.6945501709e+02 5.6944299316e+02 5.6944000244e+02 5.6940600586e+02 5.6934399414e+02 5.6932299805e+02 5.6935101318e+02 5.6948199463e+02 5.6965197754e+02 5.6972198486e+02 5.6972900391e+02 5.6972601318e+02 5.6973101807e+02 5.6974798584e+02 5.6978997803e+02 5.6986297607e+02 5.6995001221e+02 5.7002600098e+02 5.7007897949e+02 5.7010900879e+02 5.7013000488e+02 5.7012902832e+02 5.7012298584e+02 5.7010498047e+02 5.7007299805e+02 5.7004302979e+02 5.6999298096e+02 5.6996197510e+02 5.6993902588e+02 5.6994702148e+02 5.6995800781e+02 5.6996899414e+02 5.6997198486e+02 5.6994000244e+02 5.6988598633e+02 5.6982702637e+02 5.6979699707e+02 5.6980297852e+02 5.6980499268e+02 5.6979699707e+02 5.6979797363e+02 5.6979699707e+02 5.6979699707e+02 5.6979498291e+02 5.6979998779e+02 5.6990997314e+02
5.6928302002e+02 5.6927600098e+02 5.6927899170e+02 5.6926000977e+02 5.6920800781e+02 5.6918902588e+02 5.6921801758e+02 5.6934197998e+02 5.6955102539e+02 5.6969897461e+02 5.6972497559e+02 5.6971197510e+02 5.6972198486e+02 5.6973602295e+02 5.6976397705e+02 5.6982000732e+02 5.6989501953e+02 5.6996398926e+02 5.7001397705e+02 5.7004400635e+02 5.7006500244e+02 5.7006896973e+02 5.7005999756e+02 5.7003802490e+02 5.7000500488e+02 5.6996600342e+02 5.6991302490e+02 5.6987097168e+02 5.6985400391e+02 5.6985498047e+02 5.6987402344e+02 5.6989599609e+02 5.6991302490e+02 5.6989599609e+02 5.6984600830e+02 5.6979400635e+02 5.6978002930e+02 5.6978900146e+02 5.6979199219e+02 5.6978802490e+02 5.6978698730e+02 5.6978698730e+02 5.6978601074e+02 5.6977801514e+02 5.6977899170e+02 5.6985400391e+02
5.6912799072e+02 5.6912097168e+02 5.6910699463e+02 5.6909197998e+02 5.6908502197e+02 5.6909997559e+02 5.6911999512e+02 5.6921697998e+02 5.6946197510e+02 5.6967297363e+02 5.6971502686e+02 5.6969702148e+02 5.6971398926e+02 5.6972601318e+02 5.6974700928e+02 5.6979199219e+02 5.6985498047e+02 5.6991497803e+02 5.6995898438e+02 5.6998699951e+02 5.7000500488e+02 5.7001300049e+02 5.7000598145e+02 5.6998400879e+02 5.6994897461e+02 5.6990600586e+02 5.6985498047e+02 5.6981201172e+02 5.6979199219e+02 5.6979101563e+02 5.6980902100e+02 5.6983502197e+02 5.6985498047e+02 5.6984899902e+02 5.6981500244e+02 5.6978198242e+02 5.6977502441e+02 5.6978002930e+02 5.6978399658e+02 5.6978900146e+02 5.6978399658e+02 5.6977801514e+02 5.6978002930e+02 5.6978002930e+02 5.6977502441e+02 5.6982098389e+02
5.6896801758e+02 5.6896099854e+02 5.6895001221e+02 5.6895098877e+02 5.6898400879e+02 5.6904699707e+02 5.6906597900e+02 5.6910699463e+02 5.6933001709e+02 5.6960198975e+02 5.6970300293e+02 5.6969500732e+02 5.6971002197e+02 5.6972198486e+02 5.6974102783e+02 5.6977899170e+02 5.6982800293e+02 5.6988000488e+02 5.6991497803e+02 5.6993798828e+02 5.6995300293e+02 5.6996398926e+02 5.6995898438e+02 5.6993902588e+02 5.6990399170e+02 5.6986102295e+02 5.6981402588e+02 5.6977502441e+02 5.6975598145e+02 5.6975402832e+02 5.6976702881e+02 5.6978997803e+02 5.6980999756e+02 5.6981097412e+02 5.6979199219e+02 5.6977600098e+02 5.6977099609e+02 5.6976800537e+02 5.6977398682e+02 5.6978997803e+02 5.6979101563e+02 5.6977600098e+02 5.6977001953e+02 5.6977502441e+02 5.6977001953e+02 5.6979400635e+02
5.6882598877e+02 5.6882800293e+02 5.6883801270e+02 5.6885699463e+02 5.6889501953e+02 5.6895599365e+02 5.6898699951e+02 5.6899298096e+02 5.6915002441e+02 5.6949298096e+02 5.6969500732e+02 5.6970202637e+02 5.6970800781e+02 5.6972100830e+02 5.6974200439e+02 5.6977600098e+02 5.6981500244e+02 5.6985601807e+02 5.6988702393e+02 5.6990399170e+02 5.6992199707e+02 5.6992797852e+02 5.6993499756e+02 5.6991601563e+02 5.6989599609e+02 5.6984100342e+02 5.6978900146e+02 5.6975897217e+02 5.6975500488e+02 5.6974700928e+02 5.6974597168e+02 5.6976300049e+02 5.6977801514e+02 5.6978198242e+02 5.6977197266e+02 5.6977197266e+02 5.6976501465e+02 5.6975701904e+02 5.6976300049e+02 5.6977001953e+02 5.6977697754e+02 5.6977001953e+02 5.6976501465e+02 5.6976397705e+02 5.6976202393e+02 5.6977502441e+02
5.6873602295e+02 5.6874902344e+02 5.6877301025e+02 5.6881201172e+02 5.6882397461e+02 5.6885797119e+02 5.6889398193e+02 5.6890399170e+02 5.6899902344e+02 5.6929498291e+02 5.6965197754e+02 5.6972497559e+02 5.6970397949e+02 5.6971197510e+02 5.6972802734e+02 5.6975402832e+02 5.6978399658e+02 5.6982397461e+02 5.6985601807e+02 5.6987701416e+02 5.6989099121e+02 5.6989599609e+02 5.6989898682e+02 5.6989398193e+02 5.6987097168e+02 5.6982299805e+02 5.6976702881e+02 5.6974200439e+02 5.6974597168e+02 5.6974401855e+02 5.6973498535e+02 5.6974102783e+02 5.6976000977e+02 5.6977600098e+02 5.6977001953e+02 5.6976397705e+02 5.6975701904e+02 5.6975500488e+02 5.6976202393e+02 5.6975701904e+02 5.6976300049e+02 5.6976300049e+02 5.6975799561e+02 5.6975598145e+02 5.6976000977e+02 5.6975701904e+02
5.6865100098e+02 5.6868499756e+02 5.6870898438e+02 5.6874200439e+02 5.6873999023e+02 5.6875598145e+02 5.6878399658e+02 5.6879699707e+02 5.6884100342e+02 5.6903900146e+02 5.6953002930e+02 5.6974597168e+02 5.6970599365e+02 5.6970697021e+02 5.6971899414e+02 5.6972802734e+02 5.6974798584e+02 5.6978698730e+02 5.6982397461e+02 5.6984301758e+02 5.6985101318e+02 5.6985101318e+02 5.6985101318e+02 5.6984802246e+02 5.6982800293e+02 5.6979101563e+02 5.6974597168e+02 5.6972802734e+02 5.6973602295e+02 5.6974298096e+02 5.6974200439e+02 5.6973901367e+02 5.6975201416e+02 5.6976501465e+02 5.6974902344e+02 5.6972900391e+02 5.6972198486e+02 5.6973797607e+02 5.6975598145e+02 5.6975000000e+02 5.6975000000e+02 5.6975598145e+02 5.6975500488e+02 5.6975097656e+02 5.6975701904e+02 5.6974902344e+02
5.6858099365e+02 5.6861401367e+02 5.6862402344e+02 5.6864599609e+02 5.6864801025e+02 5.6865197754e+02 5.6866497803e+02 5.6867102051e+02 5.6869097900e+02 5.6881201172e+02 5.6935797119e+02 5.6971600342e+02 5.6969201660e+02 5.6970098877e+02 5.6971502686e+02 5.6971697998e+02 5.6972802734e+02 5.6975799561e+02 5.6979302979e+02 5.6980700684e+02 5.6980902100e+02 5.6980401611e+02 5.6979901123e+02 5.6979400635e+02 5.6978198242e+02 5.6975897217e+02 5.6972900391e+02 5.6971801758e+02 5.6972601318e+02 5.6973999023e+02 5.6973999023e+02 5.6972302246e+02 5.6971801758e+02 5.6971502686e+02 5.6969000244e+02 5.6966802979e+02 5.6966900635e+02 5.6970800781e+02 5.6974401855e+02 5.6974298096e+02 5.6973901367e+02 5.6974401855e+02 5.6974597168e+02 5.6974499512e+02 5.6975299072e+02 5.6974700928e+02
5.6852697754e+02 5.6853698730e+02 5.6852398682e+02 5.6854101563e+02 5.6855902100e+02 5.6856298828e+02 5.6856799316e+02 5.6856701660e+02 5.6857397461e+02 5.6872698975e+02 5.6930999756e+02 5.6971002197e+02 5.6968701172e+02 5.6970098877e+02 5.6971600342e+02 5.6971301270e+02 5.6971801758e+02 5.6973498535e+02 5.6976599121e+02 5.6976800537e+02 5.6975402832e+02 5.6975598145e+02 5.6975299072e+02 5.6973699951e+02 5.6974200439e+02 5.6973498535e+02 5.6972399902e+02 5.6971197510e+02 5.6970098877e+02 5.6970501709e+02 5.6969500732e+02 5.6965399170e+02 5.6964300537e+02 5.6963702393e+02 5.6963800049e+02 5.6964001465e+02 5.6964398193e+02 5.6967700195e+02 5.6972100830e+02 5.6972900391e+02 5.6973101807e+02 5.6973999023e+02 5.6972998047e+02 5.6972802734e+02 5.6973901367e+02 5.6973797607e+02
5.6841302490e+02 5.6844097900e+02 5.6844799805e+02 5.6846197510e+02 5.6848797607e+02 5.6849597168e+02 5.6849499512e+02 5.6850097656e+02 5.6850598145e+02 5.6860101318e+02 5.6904302979e+02 5.6953100586e+02 5.6971600342e+02 5.6970098877e+02 5.6973101807e+02 5.6975799561e+02 5.6974700928e+02 5.6973797607e+02 5.6974798584e+02 5.6974700928e+02 5.6973297119e+02 5.6973999023e+02 5.6973699951e+02 5.6970898438e+02 5.6970300293e+02 5.6968798828e+02 5.6966699219e+02 5.6964898682e+02 5.6963500977e+02 5.6963702393e+02 5.6963800049e+02 5.6962701416e+02 5.6963201904e+02 5.6963598633e+02 5.6964202881e+02 5.6964599609e+02 5.6963598633e+02 5.6966400146e+02 5.6970800781e+02 5.6971502686e+02 5.6971197510e+02 5.6972198486e+02 5.6971600342e+02 5.6972198486e+02 5.6973297119e+02 5.6973297119e+02
5.6831701660e+02 5.6835699463e+02 5.6837597656e+02 5.6839099121e+02 5.6842102051e+02 5.6843103027e+02 5.6841802979e+02 5.6840698242e+02 5.6840899658e+02 5.6843499756e+02 5.6861401367e+02 5.6917602539e+02 5.6972802734e+02 5.6973901367e+02 5.6970098877e+02 5.6969799805e+02 5.6968200684e+02 5.6969000244e+02 5.6970898438e+02 5.6971502686e+02 5.6969598389e+02 5.6968798828e+02 5.6967401123e+02 5.6963800049e+02 5.6962597656e+02 5.6961401367e+02 5.6960400391e+02 5.6960198975e+02 5.6960400391e+02 5.6960797119e+02 5.6960998535e+02 5.6961297607e+02 5.6961401367e+02 5.6961602783e+02 5.6962298584e+02 5.6962701416e+02 5.6962097168e+02 5.6965399170e+02 5.6970001221e+02 5.6970697021e+02 5.6970098877e+02 5.6970697021e+02 5.6970697021e+02 5.6972198486e+02 5.6972601318e+02 5.6972900391e+02
5.6823498535e+02 5.6827502441e+02 5.6828997803e+02 5.6829901123e+02 5.6832501221e+02 5.6834197998e+02 5.6834399414e+02 5.6832501221e+02 5.6832897949e+02 5.6836102295e+02 5.6838800049e+02 5.6886602783e+02 5.6955798340e+02 5.6961602783e+02 5.6953198242e+02 5.6948901367e+02 5.6950097656e+02 5.6954901123e+02 5.6960797119e+02 5.6963397217e+02 5.6962298584e+02 5.6961297607e+02 5.6960302734e+02 5.6958001709e+02 5.6957598877e+02 5.6957702637e+02 5.6958099365e+02 5.6959600830e+02 5.6959899902e+02 5.6959002686e+02 5.6958300781e+02 5.6958502197e+02 5.6958502197e+02 5.6958300781e+02 5.6958801270e+02 5.6959802246e+02 5.6959802246e+02 5.6963201904e+02 5.6968402100e+02 5.6970098877e+02 5.6969799805e+02 5.6969702148e+02 5.6969201660e+02 5.6969702148e+02 5.6970001221e+02 5.6971002197e+02
5.6817498779e+02 5.6819897461e+02 5.6820599365e+02 5.6822100830e+02 5.6823297119e+02 5.6824798584e+02 5.6826098633e+02 5.6825799561e+02 5.6825897217e+02 5.6829797363e+02 5.6834100342e+02 5.6861199951e+02 5.6917602539e+02 5.6940002441e+02 5.6941900635e+02 5.6942199707e+02 5.6943902588e+02 5.6947100830e+02 5.6952099609e+02 5.6954901123e+02 5.6956402588e+02 5.6957000732e+02 5.6957000732e+02 5.6956896973e+02 5.6956896973e+02 5.6956701660e+02 5.6957000732e+02 5.6957897949e+02 5.6957897949e+02 5.6956701660e+02 5.6955700684e+02 5.6955700684e+02 5.6956402588e+02 5.6955798340e+02 5.6955401611e+02 5.6956597900e+02 5.6956799316e+02 5.6959600830e+02 5.6965802002e+02 5.6968200684e+02 5.6969000244e+02 5.6967999268e+02 5.6967401123e+02 5.6967602539e+02 5.6968701172e+02 5.6969598389e+02
5.6814501953e+02 5.6813598633e+02 5.6812701416e+02 5.6813098145e+02 5.6815399170e+02 5.6817102051e+02 5.6817901611e+02 5.6819799805e+02 5.6820300293e+02 5.6823699951e+02 5.6829797363e+02 5.6845397949e+02 5.6896197510e+02 5.6935900879e+02 5.6940600586e+02 5.6942102051e+02 5.6943298340e+02 5.6945800781e+02 5.6949902344e+02 5.6952398682e+02 5.6954602051e+02 5.6954602051e+02 5.6954101563e+02 5.6954400635e+02 5.6954602051e+02 5.6954699707e+02 5.6954400635e+02 5.6953802490e+02 5.6953802490e+02 5.6953997803e+02 5.6953997803e+02 5.6953399658e+02 5.6953802490e+02 5.6953698730e+02 5.6953198242e+02 5.6954302979e+02 5.6954199219e+02 5.6955999756e+02 5.6961297607e+02 5.6964898682e+02 5.6966900635e+02 5.6966198730e+02 5.6966497803e+02 5.6966900635e+02 5.6967297363e+02 5.6969000244e+02
5.6812200928e+02 5.6808398438e+02 5.6807598877e+02 5.6807501221e+02 5.6809399414e+02 5.6810400391e+02 5.6811499023e+02 5.6814898682e+02 5.6815399170e+02 5.6817700195e+02 5.6824401855e+02 5.6834002686e+02 5.6877301025e+02 5.6929797363e+02 5.6941998291e+02 5.6942901611e+02 5.6943298340e+02 5.6944097900e+02 5.6948101807e+02 5.6950500488e+02 5.6952099609e+02 5.6951898193e+02 5.6951599121e+02 5.6951898193e+02 5.6952197266e+02 5.6952398682e+02 5.6952197266e+02 5.6951397705e+02 5.6951397705e+02 5.6951098633e+02 5.6950299072e+02 5.6949200439e+02 5.6949597168e+02 5.6950299072e+02 5.6950402832e+02 5.6951501465e+02 5.6952001953e+02 5.6952801514e+02 5.6956298828e+02 5.6961199951e+02 5.6964801025e+02 5.6965100098e+02 5.6965600586e+02 5.6965997314e+02 5.6966101074e+02 5.6967999268e+02
5.6812402344e+02 5.6804199219e+02 5.6803900146e+02 5.6803698730e+02 5.6803802490e+02 5.6804699707e+02 5.6806896973e+02 5.6810302734e+02 5.6811297607e+02 5.6813702393e+02 5.6820397949e+02 5.6826702881e+02 5.6856896973e+02 5.6917199707e+02 5.6944396973e+02 5.6948400879e+02 5.6946398926e+02 5.6943798828e+02 5.6946899414e+02 5.6948602295e+02 5.6949200439e+02 5.6949200439e+02 5.6948901367e+02 5.6949102783e+02 5.6949798584e+02 5.6950000000e+02 5.6950201416e+02 5.6949798584e+02 5.6949499512e+02 5.6947998047e+02 5.6946197510e+02 5.6945397949e+02 5.6945800781e+02 5.6947100830e+02 5.6947698975e+02 5.6949102783e+02 5.6949700928e+02 5.6949902344e+02 5.6952801514e+02 5.6958697510e+02 5.6962902832e+02 5.6963201904e+02 5.6963500977e+02 5.6964599609e+02 5.6965502930e+02 5.6966802979e+02
5.6813800049e+02 5.6800799561e+02 5.6798699951e+02 5.6799298096e+02 5.6798400879e+02 5.6800299072e+02 5.6803601074e+02 5.6806799316e+02 5.6808398438e+02 5.6810998535e+02 5.6816302490e+02 5.6821997070e+02 5.6838800049e+02 5.6897100830e+02 5.6942401123e+02 5.6949798584e+02 5.6947698975e+02 5.6944201660e+02 5.6945898438e+02 5.6947100830e+02 5.6947900391e+02 5.6947900391e+02 5.6946697998e+02 5.6946197510e+02 5.6946997070e+02 5.6947998047e+02 5.6948999023e+02 5.6948199463e+02 5.6947399902e+02 5.6946002197e+02 5.6944500732e+02 5.6945202637e+02 5.6944702148e+02 5.6944598389e+02 5.6945001221e+02 5.6946398926e+02 5.6947497559e+02 5.6948297119e+02 5.6951098633e+02 5.6956799316e+02 5.6961401367e+02 5.6961798096e+02 5.6962402344e+02 5.6963000488e+02 5.6963702393e+02 5.6964099121e+02
5.6806799316e+02 5.6796899414e+02 5.6796398926e+02 5.6798101807e+02 5.6797998047e+02 5.6800097656e+02 5.6803601074e+02 5.6805999756e+02 5.6808197021e+02 5.6810498047e+02 5.6812799072e+02 5.6818701172e+02 5.6836199951e+02 5.6891601563e+02 5.6935699463e+02 5.6945898438e+02 5.6942700195e+02 5.6940997314e+02 5.6943902588e+02 5.6945202637e+02 5.6945300293e+02 5.6945001221e+02 5.6945202637e+02 5.6945397949e+02 5.6945697021e+02 5.6945898438e+02 5.6946899414e+02 5.6947198486e+02 5.6947497559e+02 5.6946301270e+02 5.6943597412e+02 5.6944201660e+02 5.6943597412e+02 5.6942700195e+02 5.6942602539e+02 5.6944396973e+02 5.6946398926e+02 5.6946899414e+02 5.6947998047e+02 5.6955102539e+02 5.6960900879e+02 5.6961102295e+02 5.6961901855e+02 5.6962500000e+02 5.6961401367e+02 5.6961401367e+02
5.6801599121e+02 5.6795098877e+02 5.6795501709e+02 5.6796502686e+02 5.6797497559e+02 5.6799298096e+02 5.6802197266e+02 5.6804901123e+02 5.6807299805e+02 5.6810101318e+02 5.6812298584e+02 5.6817199707e+02 5.6829199219e+02 5.6867297363e+02 5.6918701172e+02 5.6946002197e+02 5.6944897461e+02 5.6939801025e+02 5.6941302490e+02 5.6943103027e+02 5.6943402100e+02 5.6943298340e+02 5.6943902588e+02 5.6944000244e+02 5.6944097900e+02 5.6943798828e+02 5.6945098877e+02 5.6946099854e+02 5.6946398926e+02 5.6944897461e+02 5.6942498779e+02 5.6942498779e+02 5.6942199707e+02 5.6942102051e+02 5.6942102051e+02 5.6944000244e+02 5.6946002197e+02 5.6945397949e+02 5.6945202637e+02 5.6952099609e+02 5.6959399414e+02 5.6960302734e+02 5.6959899902e+02 5.6960302734e+02 5.6960498047e+02 5.6961700439e+02
5.6800299072e+02 5.6795800781e+02 5.6795397949e+02 5.6796398926e+02 5.6797497559e+02 5.6798400879e+02 5.6800201416e+02 5.6802398682e+02 5.6804998779e+02 5.6809301758e+02 5.6813397217e+02 5.6816198730e+02 5.6820697021e+02 5.6837799072e+02 5.6889599609e+02 5.6940197754e+02 5.6948199463e+02 5.6940197754e+02 5.6939099121e+02 5.6941198730e+02 5.6942297363e+02 5.6943200684e+02 5.6943701172e+02 5.6942797852e+02 5.6942498779e+02 5.6942602539e+02 5.6944000244e+02 5.6944500732e+02 5.6944000244e+02 5.6942401123e+02 5.6941699219e+02 5.6940399170e+02 5.6939697266e+02 5.6940502930e+02 5.6940899658e+02 5.6941802979e+02 5.6943200684e+02 5.6944097900e+02 5.6944500732e+02 5.6948297119e+02 5.6955401611e+02 5.6957299805e+02 5.6955902100e+02 5.6955999756e+02 5.6956896973e+02 5.6958502197e+02
