TESTSERVER/5/10.asc
NCOLS 100
NROWS 100
XLLCORNER 7.7497500000e+03
YLLCORNER 2.8945025000e+05
CELLSIZE 5.0000000000e-01
NODATA_VALUE -9.9990000000e+03
[rows 0 to 19 of 100, columns 0 to 45 of 100]
5.9268798828e+02 5.9274298096e+02 5.9284698486e+02 5.9292602539e+02 5.9297100830e+02 5.9292297363e+02 5.9273999023e+02 5.9260101318e+02 5.9240301514e+02 5.9222302246e+02 5.9212701416e+02 5.9205700684e+02 5.9200402832e+02 5.9195397949e+02 5.9187298584e+02 5.9179998779e+02 5.9171899414e+02 5.9165301514e+02 5.9165899658e+02 5.9169396973e+02 5.9176300049e+02 5.9182098389e+02 5.9180798340e+02 5.9176702881e+02 5.9164801025e+02 5.9150299072e+02 5.9142297363e+02 5.9131097412e+02 5.9125897217e+02 5.9123797607e+02 5.9121997070e+02 5.9118701172e+02 5.9114599609e+02 5.9109997559e+02 5.9107598877e+02 5.9100799561e+02 5.9098101807e+02 5.9099798584e+02 5.9100598145e+02 5.9099597168e+02 5.9101397705e+02 5.9104998779e+02 5.9105798340e+02 5.9103601074e+02 5.9097100830e+02 5.9090301514e+02
5.9269097900e+02 5.9273901367e+02 5.9276397705e+02 5.9273901367e+02 5.9267700195e+02 5.9256799316e+02 5.9239898682e+02 5.9220697021e+02 5.9205700684e+02 5.9195001221e+02 5.9188000488e+02 5.9180798340e+02 5.9175402832e+02 5.9172399902e+02 5.9167602539e+02 5.9163500977e+02 5.9158697510e+02 5.9152801514e+02 5.9150402832e+02 5.9148699951e+02 5.9152197266e+02 5.9158599854e+02 5.9158398438e+02 5.9154400635e+02 5.9145599365e+02 5.9133697510e+02 5.9120397949e+02 5.9107397461e+02 5.9101098633e+02 5.9098901367e+02 5.9093298340e+02 5.9088098145e+02 5.9083697510e+02 5.9079302979e+02 5.9075897217e+02 5.9073602295e+02 5.9074798584e+02 5.9076000977e+02 5.9073498535e+02 5.9071099854e+02 5.9075598145e+02 5.9086199951e+02 5.9095501709e+02 5.9099200439e+02 5.9092797852e+02 5.9080200195e+02
5.9260699463e+02 5.9261700439e+02 5.9259197998e+02 5.9249700928e+02 5.9237298584e+02 5.9225299072e+02 5.9215802002e+02 5.9202301025e+02 5.9185900879e+02 5.9172802734e+02 5.9162799072e+02 5.9153100586e+02 5.9148699951e+02 5.9147100830e+02 5.9144500732e+02 5.9144396973e+02 5.9142498779e+02 5.9137500000e+02 5.9134600830e+02 5.9130200195e+02 5.9130700684e+02 5.9135400391e+02 5.9134899902e+02 5.9129797363e+02 5.9120599365e+02 5.9109497070e+02 5.9097601318e+02 5.9085699463e+02 5.9075799561e+02 5.9068902588e+02 5.9063397217e+02 5.9060198975e+02 5.9055999756e+02 5.9052001953e+02 5.9048999023e+02 5.9045599365e+02 5.9041497803e+02 5.9040698242e+02 5.9045599365e+02 5.9050402832e+02 5.9057800293e+02 5.9070697021e+02 5.9080798340e+02 5.9082000732e+02 5.9072302246e+02 5.9054602051e+02
5.9244201660e+02 5.9241497803e+02 5.9237200928e+02 5.9225000000e+02 5.9209301758e+02 5.9196600342e+02 5.9190502930e+02 5.9181201172e+02 5.9164599609e+02 5.9149499512e+02 5.9138397217e+02 5.9129101563e+02 5.9125598145e+02 5.9125799561e+02 5.9124700928e+02 5.9125000000e+02 5.9123297119e+02 5.9119201660e+02 5.9116699219e+02 5.9113800049e+02 5.9109899902e+02 5.9109698486e+02 5.9109899902e+02 5.9105902100e+02 5.9096099854e+02 5.9084997559e+02 5.9074798584e+02 5.9063598633e+02 5.9051501465e+02 5.9041101074e+02 5.9035498047e+02 5.9033599854e+02 5.9029400635e+02 5.9025897217e+02 5.9023699951e+02 5.9019097900e+02 5.9012902832e+02 5.9011901855e+02 5.9020300293e+02 5.9031597900e+02 5.9039599609e+02 5.9047100830e+02 5.9050500488e+02 5.9044799805e+02 5.9031799316e+02 5.9014202881e+02
5.9228399658e+02 5.9224902344e+02 5.9219702148e+02 5.9203698730e+02 5.9186700439e+02 5.9171997070e+02 5.9160699463e+02 5.9152697754e+02 5.9140399170e+02 5.9127600098e+02 5.9117901611e+02 5.9108398438e+02 5.9104302979e+02 5.9104602051e+02 5.9103198242e+02 5.9103802490e+02 5.9103100586e+02 5.9099499512e+02 5.9093103027e+02 5.9093701172e+02 5.9088598633e+02 5.9081701660e+02 5.9075000000e+02 5.9071697998e+02 5.9064898682e+02 5.9056201172e+02 5.9045001221e+02 5.9035400391e+02 5.9027398682e+02 5.9019396973e+02 5.9011602783e+02 5.9007000732e+02 5.9002001953e+02 5.8999298096e+02 5.9000299072e+02 5.8999597168e+02 5.8997601318e+02 5.8994201660e+02 5.8993499756e+02 5.9002197266e+02 5.9007000732e+02 5.9003100586e+02 5.8997198486e+02 5.8994702148e+02 5.8981298828e+02 5.8969598389e+02
5.9208599854e+02 5.9205297852e+02 5.9195800781e+02 5.9180798340e+02 5.9166601563e+02 5.9153002930e+02 5.9141497803e+02 5.9133502197e+02 5.9123297119e+02 5.9111401367e+02 5.9100097656e+02 5.9087902832e+02 5.9081701660e+02 5.9080700684e+02 5.9078802490e+02 5.9080200195e+02 5.9078900146e+02 5.9075097656e+02 5.9071002197e+02 5.9070599365e+02 5.9066699219e+02 5.9059100342e+02 5.9052801514e+02 5.9044702148e+02 5.9030700684e+02 5.9020397949e+02 5.9014898682e+02 5.9009698486e+02 5.9004400635e+02 5.8995599365e+02 5.8986297607e+02 5.8981500244e+02 5.8975500488e+02 5.8971502686e+02 5.8967901611e+02 5.8971099854e+02 5.8977697754e+02 5.8974298096e+02 5.8967602539e+02 5.8966900635e+02 5.8967999268e+02 5.8963098145e+02 5.8955999756e+02 5.8951202393e+02 5.8938702393e+02 5.8927001953e+02
5.9181298828e+02 5.9177697754e+02 5.9168200684e+02 5.9155700684e+02 5.9143402100e+02 5.9131097412e+02 5.9120697021e+02 5.9114300537e+02 5.9105902100e+02 5.9095397949e+02 5.9084698486e+02 5.9072900391e+02 5.9064898682e+02 5.9061499023e+02 5.9057897949e+02 5.9056799316e+02 5.9054302979e+02 5.9052197266e+02 5.9052899170e+02 5.9050500488e+02 5.9042700195e+02 5.9032897949e+02 5.9026000977e+02 5.9015802002e+02 5.9002398682e+02 5.8993200684e+02 5.8988800049e+02 5.8985998535e+02 5.8980499268e+02 5.8970599365e+02 5.8960498047e+02 5.8955603027e+02 5.8951000977e+02 5.8947302246e+02 5.8941302490e+02 5.8940899658e+02 5.8944299316e+02 5.8940997314e+02 5.8937097168e+02 5.8936102295e+02 5.8932202148e+02 5.8925097656e+02 5.8916400146e+02 5.8901501465e+02 5.8886499023e+02 5.8877600098e+02
5.9151898193e+02 5.9148199463e+02 5.9140197754e+02 5.9129797363e+02 5.9118701172e+02 5.9107299805e+02 5.9096801758e+02 5.9090899658e+02 5.9083801270e+02 5.9075000000e+02 5.9066198730e+02 5.9056500244e+02 5.9047998047e+02 5.9043298340e+02 5.9039001465e+02 5.9034899902e+02 5.9031500244e+02 5.9030700684e+02 5.9031799316e+02 5.9025097656e+02 5.9015301514e+02 5.9006298828e+02 5.8999499512e+02 5.8989898682e+02 5.8981799316e+02 5.8974200439e+02 5.8966302490e+02 5.8960797119e+02 5.8953198242e+02 5.8944000244e+02 5.8935198975e+02 5.8930200195e+02 5.8925897217e+02 5.8922100830e+02 5.8917700195e+02 5.8912701416e+02 5.8910699463e+02 5.8908300781e+02 5.8905902100e+02 5.8905297852e+02 5.8896301270e+02 5.8882897949e+02 5.8871398926e+02 5.8854901123e+02 5.8845898438e+02 5.8845202637e+02
5.9125299072e+02 5.9121600342e+02 5.9115502930e+02 5.9104699707e+02 5.9093597412e+02 5.9081896973e+02 5.9070697021e+02 5.9063299561e+02 5.9055902100e+02 5.9048199463e+02 5.9040899658e+02 5.9034197998e+02 5.9026702881e+02 5.9021899414e+02 5.9018298340e+02 5.9012298584e+02 5.9009100342e+02 5.9007598877e+02 5.9000799561e+02 5.8994897461e+02 5.8990899658e+02 5.8986700439e+02 5.8980200195e+02 5.8969201660e+02 5.8963897705e+02 5.8959197998e+02 5.8950701904e+02 5.8936401367e+02 5.8925000000e+02 5.8916802979e+02 5.8910302734e+02 5.8906097412e+02 5.8899700928e+02 5.8894897461e+02 5.8889898682e+02 5.8885900879e+02 5.8885400391e+02 5.8881597900e+02 5.8873602295e+02 5.8871197510e+02 5.8858197021e+02 5.8839697266e+02 5.8827502441e+02 5.8826898193e+02 5.8827001953e+02 5.8826000977e+02
5.9101098633e+02 5.9097302246e+02 5.9090698242e+02 5.9080499268e+02 5.9069396973e+02 5.9057501221e+02 5.9045697021e+02 5.9035998535e+02 5.9028497314e+02 5.9021502686e+02 5.9014501953e+02 5.9007598877e+02 5.9000701904e+02 5.8996502686e+02 5.8995898438e+02 5.8992199707e+02 5.8989801025e+02 5.8988098145e+02 5.8982897949e+02 5.8975097656e+02 5.8968103027e+02 5.8958697510e+02 5.8946600342e+02 5.8941601563e+02 5.8940100098e+02 5.8933502197e+02 5.8921502686e+02 5.8909497070e+02 5.8900897217e+02 5.8892999268e+02 5.8884997559e+02 5.8882702637e+02 5.8876898193e+02 5.8870800781e+02 5.8864599609e+02 5.8860302734e+02 5.8859698486e+02 5.8852398682e+02 5.8839801025e+02 5.8829400635e+02 5.8820800781e+02 5.8813598633e+02 5.8811199951e+02 5.8809698486e+02 5.8801501465e+02 5.8792498779e+02
5.9075500488e+02 5.9071301270e+02 5.9064599609e+02 5.9054998779e+02 5.9044396973e+02 5.9033001709e+02 5.9020898438e+02 5.9010797119e+02 5.9004602051e+02 5.8998901367e+02 5.8991900635e+02 5.8984899902e+02 5.8978698730e+02 5.8975000000e+02 5.8974298096e+02 5.8972698975e+02 5.8970202637e+02 5.8966900635e+02 5.8961401367e+02 5.8953302002e+02 5.8945501709e+02 5.8936700439e+02 5.8926300049e+02 5.8921398926e+02 5.8914099121e+02 5.8901898193e+02 5.8891601563e+02 5.8882397461e+02 5.8874700928e+02 5.8865502930e+02 5.8856097412e+02 5.8852801514e+02 5.8848699951e+02 5.8844201660e+02 5.8837902832e+02 5.8827899170e+02 5.8818701172e+02 5.8809100342e+02 5.8803198242e+02 5.8801202393e+02 5.8801300049e+02 5.8798999023e+02 5.8796600342e+02 5.8785998535e+02 5.8767498779e+02 5.8755102539e+02
5.9048901367e+02 5.9044000244e+02 5.9037200928e+02 5.9028399658e+02 5.9018298340e+02 5.9007598877e+02 5.8996301270e+02 5.8987200928e+02 5.8982702637e+02 5.8978601074e+02 5.8972198486e+02 5.8965502930e+02 5.8960400391e+02 5.8956701660e+02 5.8953497314e+02 5.8950000000e+02 5.8945501709e+02 5.8940002441e+02 5.8932800293e+02 5.8926702881e+02 5.8923797607e+02 5.8921697998e+02 5.8917602539e+02 5.8905999756e+02 5.8890502930e+02 5.8877001953e+02 5.8866699219e+02 5.8856597900e+02 5.8846697998e+02 5.8836700439e+02 5.8828002930e+02 5.8820599365e+02 5.8816998291e+02 5.8815899658e+02 5.8808398438e+02 5.8792999268e+02 5.8782098389e+02 5.8778399658e+02 5.8782397461e+02 5.8786999512e+02 5.8784802246e+02 5.8777600098e+02 5.8776098633e+02 5.8760900879e+02 5.8736901855e+02 5.8723999023e+02
5.9021899414e+02 5.9016198730e+02 5.9009899902e+02 5.9000201416e+02 5.8990301514e+02 5.8980297852e+02 5.8970800781e+02 5.8963397217e+02 5.8959301758e+02 5.8956097412e+02 5.8949499512e+02 5.8945001221e+02 5.8940100098e+02 5.8936297607e+02 5.8930902100e+02 5.8923400879e+02 5.8917199707e+02 5.8910302734e+02 5.8898297119e+02 5.8895599365e+02 5.8898101807e+02 5.8902197266e+02 5.8896301270e+02 5.8877001953e+02 5.8860198975e+02 5.8849298096e+02 5.8838098145e+02 5.8830102539e+02 5.8819396973e+02 5.8809997559e+02 5.8801000977e+02 5.8794897461e+02 5.8790399170e+02 5.8785101318e+02 5.8774298096e+02 5.8765600586e+02 5.8764599609e+02 5.8766302490e+02 5.8763299561e+02 5.8759600830e+02 5.8753601074e+02 5.8748498535e+02 5.8742797852e+02 5.8730999756e+02 5.8710498047e+02 5.8698797607e+02
5.8996398926e+02 5.8988500977e+02 5.8980200195e+02 5.8971197510e+02 5.8962298584e+02 5.8954101563e+02 5.8946197510e+02 5.8938897705e+02 5.8933599854e+02 5.8929400635e+02 5.8925799561e+02 5.8923400879e+02 5.8917297363e+02 5.8912200928e+02 5.8907202148e+02 5.8898400879e+02 5.8888201904e+02 5.8877301025e+02 5.8867700195e+02 5.8864801025e+02 5.8861999512e+02 5.8859698486e+02 5.8852899170e+02 5.8836999512e+02 5.8826098633e+02 5.8817498779e+02 5.8808502197e+02 5.8805200195e+02 5.8798602295e+02 5.8788000488e+02 5.8771899414e+02 5.8755902100e+02 5.8746697998e+02 5.8741699219e+02 5.8739898682e+02 5.8744000244e+02 5.8745697021e+02 5.8741198730e+02 5.8733502197e+02 5.8727502441e+02 5.8721997070e+02 5.8717199707e+02 5.8709698486e+02 5.8696600342e+02 5.8681298828e+02 5.8668902588e+02
5.8969201660e+02 5.8961102295e+02 5.8952502441e+02 5.8944500732e+02 5.8936999512e+02 5.8930603027e+02 5.8925299072e+02 5.8921002197e+02 5.8915698242e+02 5.8910302734e+02 5.8904998779e+02 5.8902099609e+02 5.8898101807e+02 5.8892797852e+02 5.8884399414e+02 5.8875000000e+02 5.8865600586e+02 5.8854797363e+02 5.8844299316e+02 5.8837597656e+02 5.8828997803e+02 5.8821398926e+02 5.8815600586e+02 5.8805700684e+02 5.8800598145e+02 5.8795898438e+02 5.8785797119e+02 5.8778900146e+02 5.8771099854e+02 5.8758898926e+02 5.8738598633e+02 5.8716900635e+02 5.8708001709e+02 5.8709197998e+02 5.8715997314e+02 5.8719500732e+02 5.8714801025e+02 5.8707397461e+02 5.8701800537e+02 5.8696600342e+02 5.8691101074e+02 5.8684997559e+02 5.8675000000e+02 5.8661700439e+02 5.8647399902e+02 5.8634301758e+02
5.8941699219e+02 5.8934399414e+02 5.8926501465e+02 5.8919201660e+02 5.8913000488e+02 5.8908099365e+02 5.8905102539e+02 5.8902502441e+02 5.8897900391e+02 5.8892498779e+02 5.8885699463e+02 5.8882202148e+02 5.8879498291e+02 5.8873602295e+02 5.8862402344e+02 5.8853198242e+02 5.8844396973e+02 5.8833398438e+02 5.8823101807e+02 5.8813702393e+02 5.8803601074e+02 5.8796899414e+02 5.8793298340e+02 5.8784497070e+02 5.8779400635e+02 5.8773901367e+02 5.8762500000e+02 5.8753802490e+02 5.8744097900e+02 5.8731799316e+02 5.8712298584e+02 5.8691900635e+02 5.8682202148e+02 5.8679602051e+02 5.8682299805e+02 5.8678399658e+02 5.8668701172e+02 5.8662701416e+02 5.8662402344e+02 5.8656799316e+02 5.8650299072e+02 5.8643298340e+02 5.8633099365e+02 5.8619299316e+02 5.8605999756e+02 5.8593200684e+02
5.8913000488e+02 5.8905999756e+02 5.8900500488e+02 5.8894000244e+02 5.8887799072e+02 5.8883599854e+02 5.8880700684e+02 5.8875799561e+02 5.8873199463e+02 5.8869299316e+02 5.8860699463e+02 5.8856298828e+02 5.8853302002e+02 5.8846899414e+02 5.8835101318e+02 5.8825701904e+02 5.8814501953e+02 5.8803100586e+02 5.8795697021e+02 5.8786297607e+02 5.8778002930e+02 5.8775701904e+02 5.8774902344e+02 5.8763098145e+02 5.8751599121e+02 5.8740399170e+02 5.8728698730e+02 5.8725897217e+02 5.8716400146e+02 5.8704498291e+02 5.8688000488e+02 5.8676800537e+02 5.8666998291e+02 5.8655200195e+02 5.8644201660e+02 5.8638702393e+02 5.8627600098e+02 5.8619897461e+02 5.8619299316e+02 5.8613702393e+02 5.8605102539e+02 5.8596502686e+02 5.8587701416e+02 5.8576898193e+02 5.8566998291e+02 5.8556896973e+02
5.8883898926e+02 5.8877099609e+02 5.8871997070e+02 5.8866497803e+02 5.8858099365e+02 5.8851599121e+02 5.8849700928e+02 5.8848297119e+02 5.8846600342e+02 5.8841497803e+02 5.8832000732e+02 5.8828302002e+02 5.8826800537e+02 5.8820898438e+02 5.8808001709e+02 5.8801800537e+02 5.8792700195e+02 5.8781402588e+02 5.8771697998e+02 5.8760198975e+02 5.8751300049e+02 5.8746997070e+02 5.8740899658e+02 5.8732800293e+02 5.8724700928e+02 5.8714202881e+02 5.8702801514e+02 5.8693902588e+02 5.8682202148e+02 5.8670697021e+02 5.8661700439e+02 5.8656799316e+02 5.8650897217e+02 5.8641802979e+02 5.8633599854e+02 5.8628601074e+02 5.8617102051e+02 5.8608099365e+02 5.8604498291e+02 5.8595800781e+02 5.8587402344e+02 5.8578601074e+02 5.8568597412e+02 5.8555700684e+02 5.8548797607e+02 5.8542797852e+02
5.8852398682e+02 5.8846197510e+02 5.8840301514e+02 5.8836401367e+02 5.8828900146e+02 5.8822497559e+02 5.8820397949e+02 5.8818798828e+02 5.8814898682e+02 5.8808300781e+02 5.8800000000e+02 5.8796997070e+02 5.8796502686e+02 5.8792401123e+02 5.8783801270e+02 5.8779901123e+02 5.8769299316e+02 5.8757299805e+02 5.8749499512e+02 5.8740100098e+02 5.8733801270e+02 5.8728002930e+02 5.8714898682e+02 5.8705700684e+02 5.8697497559e+02 5.8687200928e+02 5.8676000977e+02 5.8664697266e+02 5.8653601074e+02 5.8643701172e+02 5.8634399414e+02 5.8628997803e+02 5.8626702881e+02 5.8620098877e+02 5.8612902832e+02 5.8612097168e+02 5.8603302002e+02 5.8588800049e+02 5.8579699707e+02 5.8570800781e+02 5.8563299561e+02 5.8554302979e+02 5.8542797852e+02 5.8532800293e+02 5.8527398682e+02 5.8520397949e+02
5.8821197510e+02 5.8812902832e+02 5.8805200195e+02 5.8802801514e+02 5.8796997070e+02 5.8792102051e+02 5.8790002441e+02 5.8785900879e+02 5.8781896973e+02 5.8777301025e+02 5.8770800781e+02 5.8766302490e+02 5.8765502930e+02 5.8762701416e+02 5.8756701660e+02 5.8750897217e+02 5.8738702393e+02 5.8728698730e+02 5.8724798584e+02 5.8719097900e+02 5.8717797852e+02 5.8711602783e+02 5.8691101074e+02 5.8674298096e+02 5.8664599609e+02 5.8654797363e+02 5.8642901611e+02 5.8633898926e+02 5.8626702881e+02 5.8617797852e+02 5.8605999756e+02 5.8598999023e+02 5.8596002197e+02 5.8587597656e+02 5.8579199219e+02 5.8583898926e+02 5.8576300049e+02 5.8556896973e+02 5.8544097900e+02 5.8535797119e+02 5.8528100586e+02 5.8519396973e+02 5.8510900879e+02 5.8505102539e+02 5.8498400879e+02 5.8488201904e+02
