TESTSERVER/5/11.asc
NCOLS 100
NROWS 100
XLLCORNER 7.7497500000e+03
YLLCORNER 2.8940025000e+05
CELLSIZE 5.0000000000e-01
NODATA_VALUE -9.9990000000e+03
[rows 0 to 19 of 100, columns 46 to 91 of 100]
5.6801202393e+02 5.6796697998e+02 5.6794598389e+02 5.6796801758e+02 5.6796997070e+02 5.6799499512e+02 5.6801098633e+02 5.6799902344e+02 5.6802197266e+02 5.6807800293e+02 5.6812799072e+02 5.6814898682e+02 5.6819799805e+02 5.6828198242e+02 5.6853302002e+02 5.6923297119e+02 5.6946502686e+02 5.6940997314e+02 5.6939300537e+02 5.6940100098e+02 5.6941497803e+02 5.6943103027e+02 5.6944000244e+02 5.6942602539e+02 5.6941699219e+02 5.6942602539e+02 5.6944396973e+02 5.6944000244e+02 5.6942700195e+02 5.6940802002e+02 5.6941302490e+02 5.6940100098e+02 5.6939697266e+02 5.6940698242e+02 5.6941601563e+02 5.6941497803e+02 5.6940802002e+02 5.6942700195e+02 5.6944201660e+02 5.6946002197e+02 5.6949902344e+02 5.6951098633e+02 5.6950299072e+02 5.6950897217e+02 5.6950097656e+02 5.6950500488e+02
5.6801300049e+02 5.6796502686e+02 5.6794897461e+02 5.6796899414e+02 5.6795397949e+02 5.6796600342e+02 5.6799102783e+02 5.6800500488e+02 5.6802899170e+02 5.6805603027e+02 5.6806799316e+02 5.6807897949e+02 5.6812799072e+02 5.6819897461e+02 5.6835400391e+02 5.6901501465e+02 5.6937902832e+02 5.6936199951e+02 5.6936602783e+02 5.6937597656e+02 5.6939697266e+02 5.6941302490e+02 5.6943298340e+02 5.6942498779e+02 5.6941699219e+02 5.6942297363e+02 5.6943902588e+02 5.6943200684e+02 5.6941601563e+02 5.6939801025e+02 5.6940399170e+02 5.6940502930e+02 5.6941198730e+02 5.6943200684e+02 5.6944299316e+02 5.6942999268e+02 5.6940600586e+02 5.6940802002e+02 5.6943402100e+02 5.6945898438e+02 5.6946197510e+02 5.6944598389e+02 5.6943499756e+02 5.6945001221e+02 5.6944201660e+02 5.6944799805e+02
5.6795599365e+02 5.6795397949e+02 5.6794396973e+02 5.6797497559e+02 5.6797198486e+02 5.6796502686e+02 5.6798297119e+02 5.6800897217e+02 5.6802001953e+02 5.6802600098e+02 5.6804199219e+02 5.6804998779e+02 5.6809100342e+02 5.6816699219e+02 5.6827899170e+02 5.6889697266e+02 5.6934002686e+02 5.6935900879e+02 5.6941198730e+02 5.6945397949e+02 5.6945397949e+02 5.6941400146e+02 5.6941400146e+02 5.6941802979e+02 5.6942102051e+02 5.6942102051e+02 5.6942999268e+02 5.6942401123e+02 5.6940698242e+02 5.6939501953e+02 5.6940002441e+02 5.6940399170e+02 5.6941302490e+02 5.6943200684e+02 5.6944097900e+02 5.6942700195e+02 5.6940802002e+02 5.6941198730e+02 5.6942297363e+02 5.6940802002e+02 5.6937799072e+02 5.6935900879e+02 5.6936199951e+02 5.6938397217e+02 5.6938598633e+02 5.6940600586e+02
5.6790197754e+02 5.6797399902e+02 5.6794000244e+02 5.6796197510e+02 5.6797198486e+02 5.6796600342e+02 5.6798699951e+02 5.6801202393e+02 5.6800897217e+02 5.6800097656e+02 5.6802099609e+02 5.6802697754e+02 5.6806201172e+02 5.6814599609e+02 5.6823602295e+02 5.6877697754e+02 5.6929199219e+02 5.6939501953e+02 5.6951202393e+02 5.6956500244e+02 5.6956701660e+02 5.6946997070e+02 5.6939898682e+02 5.6941198730e+02 5.6942102051e+02 5.6941198730e+02 5.6941497803e+02 5.6941302490e+02 5.6940301514e+02 5.6939801025e+02 5.6938800049e+02 5.6939398193e+02 5.6940600586e+02 5.6941699219e+02 5.6941400146e+02 5.6940600586e+02 5.6940100098e+02 5.6940301514e+02 5.6937902832e+02 5.6932598877e+02 5.6929199219e+02 5.6929101563e+02 5.6931402588e+02 5.6934301758e+02 5.6935498047e+02 5.6938201904e+02
5.6782000732e+02 5.6798400879e+02 5.6795001221e+02 5.6794299316e+02 5.6795001221e+02 5.6794897461e+02 5.6798999023e+02 5.6800799561e+02 5.6800097656e+02 5.6798101807e+02 5.6798797607e+02 5.6800201416e+02 5.6804602051e+02 5.6812402344e+02 5.6818402100e+02 5.6849102783e+02 5.6905297852e+02 5.6934698486e+02 5.6946899414e+02 5.6953900146e+02 5.6955499268e+02 5.6947802734e+02 5.6937597656e+02 5.6940002441e+02 5.6940802002e+02 5.6940197754e+02 5.6940301514e+02 5.6938500977e+02 5.6938800049e+02 5.6938800049e+02 5.6935900879e+02 5.6936901855e+02 5.6939099121e+02 5.6940197754e+02 5.6938702393e+02 5.6939398193e+02 5.6939099121e+02 5.6936102295e+02 5.6927899170e+02 5.6924200439e+02 5.6924401855e+02 5.6926202393e+02 5.6927801514e+02 5.6930902100e+02 5.6933099365e+02 5.6935797119e+02
5.6774102783e+02 5.6795599365e+02 5.6795300293e+02 5.6792498779e+02 5.6792999268e+02 5.6794500732e+02 5.6798498535e+02 5.6798901367e+02 5.6797399902e+02 5.6797601318e+02 5.6798999023e+02 5.6798699951e+02 5.6801300049e+02 5.6808801270e+02 5.6816998291e+02 5.6836901855e+02 5.6892401123e+02 5.6932501221e+02 5.6940502930e+02 5.6947100830e+02 5.6946502686e+02 5.6942700195e+02 5.6935498047e+02 5.6936798096e+02 5.6937701416e+02 5.6938299561e+02 5.6938000488e+02 5.6936700439e+02 5.6937200928e+02 5.6936297607e+02 5.6933398438e+02 5.6934399414e+02 5.6936700439e+02 5.6938500977e+02 5.6939398193e+02 5.6940002441e+02 5.6938598633e+02 5.6932800293e+02 5.6922302246e+02 5.6918200684e+02 5.6920599365e+02 5.6923699951e+02 5.6925897217e+02 5.6928802490e+02 5.6931799316e+02 5.6934600830e+02
5.6764898682e+02 5.6791601563e+02 5.6798400879e+02 5.6792797852e+02 5.6792297363e+02 5.6794097900e+02 5.6796197510e+02 5.6797601318e+02 5.6795300293e+02 5.6795501709e+02 5.6798699951e+02 5.6798297119e+02 5.6799102783e+02 5.6804302979e+02 5.6814599609e+02 5.6825799561e+02 5.6866998291e+02 5.6916998291e+02 5.6934399414e+02 5.6933898926e+02 5.6931701660e+02 5.6931701660e+02 5.6931701660e+02 5.6933398438e+02 5.6934802246e+02 5.6936999512e+02 5.6938098145e+02 5.6935998535e+02 5.6935498047e+02 5.6934802246e+02 5.6933801270e+02 5.6934802246e+02 5.6936602783e+02 5.6938598633e+02 5.6940698242e+02 5.6939599609e+02 5.6933398438e+02 5.6925097656e+02 5.6916699219e+02 5.6914501953e+02 5.6917498779e+02 5.6920397949e+02 5.6922802734e+02 5.6926397705e+02 5.6929602051e+02 5.6932397461e+02
5.6760498047e+02 5.6787097168e+02 5.6797497559e+02 5.6791900635e+02 5.6790698242e+02 5.6791400146e+02 5.6793499756e+02 5.6797100830e+02 5.6793902588e+02 5.6792999268e+02 5.6796600342e+02 5.6796600342e+02 5.6797998047e+02 5.6801501465e+02 5.6809002686e+02 5.6810900879e+02 5.6833801270e+02 5.6890698242e+02 5.6929998779e+02 5.6931097412e+02 5.6929901123e+02 5.6929602051e+02 5.6930200195e+02 5.6932202148e+02 5.6934100342e+02 5.6936602783e+02 5.6938299561e+02 5.6936499023e+02 5.6935400391e+02 5.6934600830e+02 5.6934197998e+02 5.6935998535e+02 5.6937402344e+02 5.6937200928e+02 5.6934197998e+02 5.6928198242e+02 5.6918798828e+02 5.6912500000e+02 5.6910498047e+02 5.6910900879e+02 5.6914398193e+02 5.6917102051e+02 5.6920397949e+02 5.6924298096e+02 5.6927301025e+02 5.6930297852e+02
5.6756597900e+02 5.6777600098e+02 5.6792901611e+02 5.6792199707e+02 5.6791998291e+02 5.6791699219e+02 5.6791802979e+02 5.6793298340e+02 5.6791497803e+02 5.6791101074e+02 5.6793402100e+02 5.6796099854e+02 5.6799102783e+02 5.6802502441e+02 5.6807800293e+02 5.6808300781e+02 5.6825598145e+02 5.6884100342e+02 5.6932702637e+02 5.6930902100e+02 5.6929998779e+02 5.6930902100e+02 5.6931799316e+02 5.6932397461e+02 5.6934399414e+02 5.6936199951e+02 5.6937200928e+02 5.6936798096e+02 5.6936401367e+02 5.6935198975e+02 5.6932897949e+02 5.6930200195e+02 5.6929400635e+02 5.6923901367e+02 5.6910498047e+02 5.6904400635e+02 5.6900500488e+02 5.6902197266e+02 5.6906597900e+02 5.6908697510e+02 5.6911901855e+02 5.6914300537e+02 5.6917901611e+02 5.6922497559e+02 5.6925598145e+02 5.6928900146e+02
5.6755297852e+02 5.6772601318e+02 5.6792199707e+02 5.6793402100e+02 5.6791601563e+02 5.6791802979e+02 5.6791699219e+02 5.6790899658e+02 5.6791699219e+02 5.6791601563e+02 5.6792401123e+02 5.6795898438e+02 5.6797399902e+02 5.6800799561e+02 5.6804602051e+02 5.6807299805e+02 5.6820001221e+02 5.6873297119e+02 5.6927301025e+02 5.6932800293e+02 5.6930200195e+02 5.6932800293e+02 5.6934002686e+02 5.6933898926e+02 5.6935400391e+02 5.6936999512e+02 5.6937500000e+02 5.6937799072e+02 5.6935699463e+02 5.6928997803e+02 5.6914801025e+02 5.6904797363e+02 5.6902398682e+02 5.6899102783e+02 5.6894500732e+02 5.6892901611e+02 5.6895397949e+02 5.6899499512e+02 5.6903802490e+02 5.6906701660e+02 5.6909600830e+02 5.6911700439e+02 5.6914801025e+02 5.6920001221e+02 5.6923101807e+02 5.6926202393e+02
5.6754101563e+02 5.6766101074e+02 5.6790802002e+02 5.6794299316e+02 5.6791497803e+02 5.6791198730e+02 5.6792199707e+02 5.6790002441e+02 5.6789697266e+02 5.6791302490e+02 5.6793499756e+02 5.6795898438e+02 5.6796697998e+02 5.6801098633e+02 5.6804797363e+02 5.6808398438e+02 5.6811700439e+02 5.6846301270e+02 5.6909301758e+02 5.6933001709e+02 5.6930902100e+02 5.6931500244e+02 5.6930798340e+02 5.6931799316e+02 5.6935797119e+02 5.6938598633e+02 5.6936798096e+02 5.6929998779e+02 5.6919097900e+02 5.6905700684e+02 5.6890600586e+02 5.6883697510e+02 5.6883697510e+02 5.6884497070e+02 5.6886700439e+02 5.6890802002e+02 5.6894396973e+02 5.6897601318e+02 5.6901397705e+02 5.6904797363e+02 5.6907702637e+02 5.6910302734e+02 5.6913098145e+02 5.6917498779e+02 5.6920300293e+02 5.6923400879e+02
5.6753497314e+02 5.6761499023e+02 5.6787902832e+02 5.6794299316e+02 5.6792700195e+02 5.6790997314e+02 5.6791302490e+02 5.6790301514e+02 5.6789202881e+02 5.6790802002e+02 5.6796301270e+02 5.6797900391e+02 5.6798797607e+02 5.6803601074e+02 5.6805700684e+02 5.6810699463e+02 5.6808697510e+02 5.6826202393e+02 5.6894598389e+02 5.6934100342e+02 5.6931298828e+02 5.6928198242e+02 5.6927697754e+02 5.6930102539e+02 5.6932598877e+02 5.6930603027e+02 5.6921398926e+02 5.6905999756e+02 5.6890002441e+02 5.6878198242e+02 5.6872900391e+02 5.6874597168e+02 5.6878002930e+02 5.6881500244e+02 5.6885101318e+02 5.6889300537e+02 5.6891998291e+02 5.6894598389e+02 5.6898699951e+02 5.6902697754e+02 5.6904998779e+02 5.6907800293e+02 5.6911297607e+02 5.6915197754e+02 5.6918103027e+02 5.6921600342e+02
5.6753900146e+02 5.6756701660e+02 5.6775402832e+02 5.6794396973e+02 5.6795501709e+02 5.6791497803e+02 5.6790899658e+02 5.6791900635e+02 5.6792297363e+02 5.6794396973e+02 5.6800701904e+02 5.6801702881e+02 5.6802600098e+02 5.6806500244e+02 5.6806799316e+02 5.6810101318e+02 5.6810498047e+02 5.6823199463e+02 5.6877899170e+02 5.6933502197e+02 5.6934997559e+02 5.6928100586e+02 5.6927301025e+02 5.6919702148e+02 5.6908898926e+02 5.6896697998e+02 5.6879699707e+02 5.6869799805e+02 5.6864801025e+02 5.6865301514e+02 5.6869897461e+02 5.6873101807e+02 5.6876397705e+02 5.6879699707e+02 5.6883697510e+02 5.6885900879e+02 5.6888397217e+02 5.6891497803e+02 5.6895697021e+02 5.6900097656e+02 5.6902502441e+02 5.6905700684e+02 5.6909197998e+02 5.6913098145e+02 5.6916302490e+02 5.6919897461e+02
5.6753497314e+02 5.6753399658e+02 5.6763800049e+02 5.6792602539e+02 5.6798297119e+02 5.6791497803e+02 5.6790002441e+02 5.6791900635e+02 5.6793798828e+02 5.6796197510e+02 5.6802001953e+02 5.6803100586e+02 5.6803198242e+02 5.6805999756e+02 5.6806201172e+02 5.6809399414e+02 5.6810900879e+02 5.6815899658e+02 5.6846502686e+02 5.6911602783e+02 5.6935998535e+02 5.6923101807e+02 5.6901000977e+02 5.6881298828e+02 5.6865502930e+02 5.6857000732e+02 5.6852899170e+02 5.6854998779e+02 5.6859802246e+02 5.6863201904e+02 5.6867297363e+02 5.6870697021e+02 5.6874298096e+02 5.6877398682e+02 5.6880999756e+02 5.6883502197e+02 5.6886401367e+02 5.6889898682e+02 5.6894000244e+02 5.6896899414e+02 5.6899499512e+02 5.6903399658e+02 5.6906298828e+02 5.6910699463e+02 5.6914202881e+02 5.6917498779e+02
5.6753002930e+02 5.6751599121e+02 5.6753497314e+02 5.6788702393e+02 5.6802301025e+02 5.6796099854e+02 5.6793298340e+02 5.6793798828e+02 5.6795898438e+02 5.6797100830e+02 5.6801501465e+02 5.6802301025e+02 5.6803002930e+02 5.6805499268e+02 5.6806896973e+02 5.6810198975e+02 5.6813897705e+02 5.6815502930e+02 5.6827099609e+02 5.6876898193e+02 5.6903497314e+02 5.6889501953e+02 5.6860400391e+02 5.6846197510e+02 5.6841998291e+02 5.6844702148e+02 5.6848400879e+02 5.6853698730e+02 5.6858398438e+02 5.6860900879e+02 5.6864099121e+02 5.6867797852e+02 5.6872302246e+02 5.6875701904e+02 5.6878900146e+02 5.6881402588e+02 5.6884100342e+02 5.6887799072e+02 5.6892102051e+02 5.6894299316e+02 5.6897698975e+02 5.6901397705e+02 5.6903698730e+02 5.6908099365e+02 5.6911901855e+02 5.6915197754e+02
5.6750500488e+02 5.6750402832e+02 5.6749798584e+02 5.6780401611e+02 5.6803100586e+02 5.6801397705e+02 5.6796301270e+02 5.6796502686e+02 5.6799298096e+02 5.6798199463e+02 5.6799597168e+02 5.6800799561e+02 5.6804199219e+02 5.6808001709e+02 5.6811602783e+02 5.6815100098e+02 5.6820599365e+02 5.6823901367e+02 5.6825097656e+02 5.6840399170e+02 5.6851800537e+02 5.6844000244e+02 5.6833197021e+02 5.6834899902e+02 5.6839398193e+02 5.6844799805e+02 5.6848797607e+02 5.6852099609e+02 5.6855798340e+02 5.6858502197e+02 5.6861602783e+02 5.6865002441e+02 5.6869097900e+02 5.6872497559e+02 5.6875897217e+02 5.6878497314e+02 5.6881201172e+02 5.6885498047e+02 5.6890301514e+02 5.6892102051e+02 5.6895697021e+02 5.6899102783e+02 5.6901202393e+02 5.6905401611e+02 5.6909698486e+02 5.6914099121e+02
5.6747302246e+02 5.6747698975e+02 5.6750402832e+02 5.6768798828e+02 5.6795300293e+02 5.6801501465e+02 5.6795800781e+02 5.6795898438e+02 5.6800000000e+02 5.6800201416e+02 5.6801300049e+02 5.6804699707e+02 5.6808697510e+02 5.6812200928e+02 5.6817498779e+02 5.6820300293e+02 5.6822802734e+02 5.6824902344e+02 5.6822302246e+02 5.6823101807e+02 5.6826000977e+02 5.6827398682e+02 5.6831701660e+02 5.6834301758e+02 5.6837902832e+02 5.6841198730e+02 5.6845501709e+02 5.6848400879e+02 5.6852502441e+02 5.6855700684e+02 5.6858197021e+02 5.6861901855e+02 5.6865899658e+02 5.6869299316e+02 5.6873400879e+02 5.6876397705e+02 5.6879199219e+02 5.6883197021e+02 5.6886999512e+02 5.6890197754e+02 5.6892700195e+02 5.6896002197e+02 5.6900799561e+02 5.6905798340e+02 5.6910498047e+02 5.6915100098e+02
5.6746697998e+02 5.6746697998e+02 5.6748901367e+02 5.6759698486e+02 5.6788000488e+02 5.6802197266e+02 5.6798498535e+02 5.6797399902e+02 5.6800299072e+02 5.6801599121e+02 5.6804400635e+02 5.6811297607e+02 5.6815399170e+02 5.6816101074e+02 5.6815399170e+02 5.6814202881e+02 5.6813897705e+02 5.6814801025e+02 5.6816998291e+02 5.6816998291e+02 5.6818902588e+02 5.6821197510e+02 5.6827398682e+02 5.6830499268e+02 5.6833001709e+02 5.6836700439e+02 5.6842199707e+02 5.6846099854e+02 5.6849700928e+02 5.6852697754e+02 5.6856201172e+02 5.6859899902e+02 5.6863702393e+02 5.6866998291e+02 5.6870098877e+02 5.6873297119e+02 5.6875897217e+02 5.6879498291e+02 5.6884002686e+02 5.6887597656e+02 5.6891998291e+02 5.6897399902e+02 5.6903302002e+02 5.6908001709e+02 5.6911700439e+02 5.6914202881e+02
5.6745501709e+02 5.6746997070e+02 5.6751800537e+02 5.6763201904e+02 5.6789300537e+02 5.6804498291e+02 5.6801800537e+02 5.6798400879e+02 5.6800897217e+02 5.6805102539e+02 5.6810198975e+02 5.6814202881e+02 5.6813299561e+02 5.6809100342e+02 5.6805102539e+02 5.6803900146e+02 5.6805499268e+02 5.6808599854e+02 5.6812200928e+02 5.6815301514e+02 5.6819598389e+02 5.6822802734e+02 5.6826098633e+02 5.6828198242e+02 5.6830700684e+02 5.6834197998e+02 5.6838800049e+02 5.6843103027e+02 5.6846600342e+02 5.6850000000e+02 5.6854199219e+02 5.6857598877e+02 5.6861297607e+02 5.6864801025e+02 5.6867700195e+02 5.6870501709e+02 5.6873797607e+02 5.6878900146e+02 5.6885101318e+02 5.6890002441e+02 5.6895599365e+02 5.6900701904e+02 5.6904199219e+02 5.6907598877e+02 5.6910302734e+02 5.6911499023e+02
5.6745300293e+02 5.6747198486e+02 5.6751898193e+02 5.6763800049e+02 5.6784399414e+02 5.6798400879e+02 5.6800897217e+02 5.6800799561e+02 5.6805297852e+02 5.6808801270e+02 5.6809002686e+02 5.6803997803e+02 5.6799700928e+02 5.6796197510e+02 5.6795501709e+02 5.6797900391e+02 5.6801599121e+02 5.6805999756e+02 5.6809497070e+02 5.6813000488e+02 5.6816998291e+02 5.6819299316e+02 5.6821899414e+02 5.6825598145e+02 5.6828900146e+02 5.6832598877e+02 5.6836999512e+02 5.6840899658e+02 5.6844201660e+02 5.6847497559e+02 5.6851397705e+02 5.6854498291e+02 5.6858099365e+02 5.6862200928e+02 5.6866302490e+02 5.6870397949e+02 5.6875500488e+02 5.6882098389e+02 5.6889501953e+02 5.6894702148e+02 5.6899401855e+02 5.6902301025e+02 5.6903198242e+02 5.6905499268e+02 5.6907598877e+02 5.6908398438e+02
