TESTSERVER/5/11.asc
NCOLS 100
NROWS 100
XLLCORNER 7.7497500000e+03
YLLCORNER 2.8940025000e+05
CELLSIZE 5.0000000000e-01
NODATA_VALUE -9.9990000000e+03
[rows 40 to 59 of 100, columns 46 to 91 of 100]
5.6678302002e+02 5.6680902100e+02 5.6682501221e+02 5.6684899902e+02 5.6686297607e+02 5.6688098145e+02 5.6689501953e+02 5.6708398438e+02 5.6765502930e+02 5.6817700195e+02 5.6839501953e+02 5.6843701172e+02 5.6843298340e+02 5.6844897461e+02 5.6847399902e+02 5.6849200439e+02 5.6851501465e+02 5.6853997803e+02 5.6856298828e+02 5.6858697510e+02 5.6860101318e+02 5.6861102295e+02 5.6861401367e+02 5.6863000488e+02 5.6864202881e+02 5.6865502930e+02 5.6866699219e+02 5.6867102051e+02 5.6867999268e+02 5.6869000244e+02 5.6870300293e+02 5.6871801758e+02 5.6873297119e+02 5.6874798584e+02 5.6876300049e+02 5.6877600098e+02 5.6878997803e+02 5.6880401611e+02 5.6881701660e+02 5.6882800293e+02 5.6884100342e+02 5.6885498047e+02 5.6887097168e+02 5.6889202881e+02 5.6890301514e+02 5.6891101074e+02
5.6674499512e+02 5.6676800537e+02 5.6677899170e+02 5.6679901123e+02 5.6683099365e+02 5.6684997559e+02 5.6685498047e+02 5.6696899414e+02 5.6750201416e+02 5.6805603027e+02 5.6831500244e+02 5.6842700195e+02 5.6843103027e+02 5.6845001221e+02 5.6846301270e+02 5.6847100830e+02 5.6848602295e+02 5.6851098633e+02 5.6854901123e+02 5.6857897949e+02 5.6859698486e+02 5.6860900879e+02 5.6861499023e+02 5.6862701416e+02 5.6864001465e+02 5.6865301514e+02 5.6866497803e+02 5.6867297363e+02 5.6868298340e+02 5.6869201660e+02 5.6870397949e+02 5.6871899414e+02 5.6873297119e+02 5.6874597168e+02 5.6875799561e+02 5.6877001953e+02 5.6878302002e+02 5.6879602051e+02 5.6880798340e+02 5.6882000732e+02 5.6883099365e+02 5.6884399414e+02 5.6886102295e+02 5.6887597656e+02 5.6888201904e+02 5.6888299561e+02
5.6669799805e+02 5.6671197510e+02 5.6674102783e+02 5.6676800537e+02 5.6680200195e+02 5.6682000732e+02 5.6682702637e+02 5.6690802002e+02 5.6738598633e+02 5.6793298340e+02 5.6824499512e+02 5.6842297363e+02 5.6843103027e+02 5.6843200684e+02 5.6845098877e+02 5.6845800781e+02 5.6846801758e+02 5.6849700928e+02 5.6854199219e+02 5.6857397461e+02 5.6859600830e+02 5.6861199951e+02 5.6861798096e+02 5.6862701416e+02 5.6863897705e+02 5.6865197754e+02 5.6866400146e+02 5.6867297363e+02 5.6868298340e+02 5.6869299316e+02 5.6870501709e+02 5.6871899414e+02 5.6873101807e+02 5.6874298096e+02 5.6875402832e+02 5.6876397705e+02 5.6877600098e+02 5.6878802490e+02 5.6879998779e+02 5.6881201172e+02 5.6882397461e+02 5.6883599854e+02 5.6885101318e+02 5.6886401367e+02 5.6886901855e+02 5.6886901855e+02
5.6666601563e+02 5.6667498779e+02 5.6671002197e+02 5.6673999023e+02 5.6676300049e+02 5.6678302002e+02 5.6679602051e+02 5.6683599854e+02 5.6727301025e+02 5.6784002686e+02 5.6818402100e+02 5.6843902588e+02 5.6846002197e+02 5.6842797852e+02 5.6844097900e+02 5.6844702148e+02 5.6845397949e+02 5.6848498535e+02 5.6853601074e+02 5.6857202148e+02 5.6859899902e+02 5.6861602783e+02 5.6862200928e+02 5.6862902832e+02 5.6863897705e+02 5.6865100098e+02 5.6866198730e+02 5.6867297363e+02 5.6868298340e+02 5.6869299316e+02 5.6870501709e+02 5.6871697998e+02 5.6872900391e+02 5.6873999023e+02 5.6874902344e+02 5.6875799561e+02 5.6876800537e+02 5.6878002930e+02 5.6879199219e+02 5.6880401611e+02 5.6881701660e+02 5.6882897949e+02 5.6884301758e+02 5.6885400391e+02 5.6885797119e+02 5.6885797119e+02
5.6663299561e+02 5.6664501953e+02 5.6667102051e+02 5.6670300293e+02 5.6672497559e+02 5.6674499512e+02 5.6676501465e+02 5.6675799561e+02 5.6708599854e+02 5.6765399170e+02 5.6799102783e+02 5.6836401367e+02 5.6846899414e+02 5.6844000244e+02 5.6843200684e+02 5.6842700195e+02 5.6843597412e+02 5.6846600342e+02 5.6852899170e+02 5.6858099365e+02 5.6862097168e+02 5.6864001465e+02 5.6863800049e+02 5.6863098145e+02 5.6864001465e+02 5.6864898682e+02 5.6865899658e+02 5.6867199707e+02 5.6868402100e+02 5.6869598389e+02 5.6870898438e+02 5.6871502686e+02 5.6872399902e+02 5.6873400879e+02 5.6874298096e+02 5.6875299072e+02 5.6876300049e+02 5.6877197266e+02 5.6878100586e+02 5.6879602051e+02 5.6880798340e+02 5.6882000732e+02 5.6883398438e+02 5.6884802246e+02 5.6885198975e+02 5.6885101318e+02
5.6657897949e+02 5.6661901855e+02 5.6665002441e+02 5.6667498779e+02 5.6670098877e+02 5.6672198486e+02 5.6674401855e+02 5.6671398926e+02 5.6686798096e+02 5.6740399170e+02 5.6783300781e+02 5.6815502930e+02 5.6836999512e+02 5.6844598389e+02 5.6843402100e+02 5.6842297363e+02 5.6843701172e+02 5.6844897461e+02 5.6849298096e+02 5.6857098389e+02 5.6863299561e+02 5.6866900635e+02 5.6865301514e+02 5.6863598633e+02 5.6864300537e+02 5.6865100098e+02 5.6865997314e+02 5.6866998291e+02 5.6868200684e+02 5.6869396973e+02 5.6870397949e+02 5.6871002197e+02 5.6871997070e+02 5.6872900391e+02 5.6873901367e+02 5.6874798584e+02 5.6875701904e+02 5.6876599121e+02 5.6877398682e+02 5.6878698730e+02 5.6879998779e+02 5.6881298828e+02 5.6882800293e+02 5.6884100342e+02 5.6884301758e+02 5.6883898926e+02
5.6652697754e+02 5.6657098389e+02 5.6661901855e+02 5.6664898682e+02 5.6667700195e+02 5.6669799805e+02 5.6672302246e+02 5.6672601318e+02 5.6674200439e+02 5.6707501221e+02 5.6759100342e+02 5.6795001221e+02 5.6819396973e+02 5.6837701416e+02 5.6843701172e+02 5.6842797852e+02 5.6844097900e+02 5.6845300293e+02 5.6847100830e+02 5.6853997803e+02 5.6860900879e+02 5.6865997314e+02 5.6865899658e+02 5.6864099121e+02 5.6864599609e+02 5.6865301514e+02 5.6866101074e+02 5.6866802979e+02 5.6867797852e+02 5.6868798828e+02 5.6869799805e+02 5.6870599365e+02 5.6871502686e+02 5.6872497559e+02 5.6873297119e+02 5.6874200439e+02 5.6875097656e+02 5.6876000977e+02 5.6876800537e+02 5.6878302002e+02 5.6879699707e+02 5.6880999756e+02 5.6882397461e+02 5.6883398438e+02 5.6883300781e+02 5.6882501221e+02
5.6653900146e+02 5.6654302979e+02 5.6659399414e+02 5.6662097168e+02 5.6664202881e+02 5.6666601563e+02 5.6668597412e+02 5.6671398926e+02 5.6667797852e+02 5.6676300049e+02 5.6716900635e+02 5.6766802979e+02 5.6797998047e+02 5.6825097656e+02 5.6840197754e+02 5.6841302490e+02 5.6842999268e+02 5.6845001221e+02 5.6845397949e+02 5.6849902344e+02 5.6856896973e+02 5.6863098145e+02 5.6865399170e+02 5.6864398193e+02 5.6864898682e+02 5.6865600586e+02 5.6866198730e+02 5.6866699219e+02 5.6867401123e+02 5.6868298340e+02 5.6869201660e+02 5.6870098877e+02 5.6871002197e+02 5.6871997070e+02 5.6872802734e+02 5.6873498535e+02 5.6874401855e+02 5.6875299072e+02 5.6876501465e+02 5.6878302002e+02 5.6879797363e+02 5.6881201172e+02 5.6882299805e+02 5.6882702637e+02 5.6882299805e+02 5.6881201172e+02
5.6664398193e+02 5.6656097412e+02 5.6653497314e+02 5.6659301758e+02 5.6661700439e+02 5.6663702393e+02 5.6665197754e+02 5.6667999268e+02 5.6670300293e+02 5.6669799805e+02 5.6673901367e+02 5.6728497314e+02 5.6775799561e+02 5.6805499268e+02 5.6826800537e+02 5.6838000488e+02 5.6841900635e+02 5.6844396973e+02 5.6847198486e+02 5.6845202637e+02 5.6851300049e+02 5.6859802246e+02 5.6865899658e+02 5.6864599609e+02 5.6865100098e+02 5.6865600586e+02 5.6866101074e+02 5.6866601563e+02 5.6867199707e+02 5.6867700195e+02 5.6868402100e+02 5.6869598389e+02 5.6870501709e+02 5.6871600342e+02 5.6872302246e+02 5.6872998047e+02 5.6874200439e+02 5.6875500488e+02 5.6878100586e+02 5.6879400635e+02 5.6881097412e+02 5.6882397461e+02 5.6883300781e+02 5.6882702637e+02 5.6881799316e+02 5.6880401611e+02
5.6669799805e+02 5.6660101318e+02 5.6652801514e+02 5.6655499268e+02 5.6658502197e+02 5.6660998535e+02 5.6662402344e+02 5.6664099121e+02 5.6666400146e+02 5.6668902588e+02 5.6667901611e+02 5.6689898682e+02 5.6738500977e+02 5.6783801270e+02 5.6814501953e+02 5.6835101318e+02 5.6843597412e+02 5.6844299316e+02 5.6845397949e+02 5.6844201660e+02 5.6850201416e+02 5.6860101318e+02 5.6865100098e+02 5.6864501953e+02 5.6864898682e+02 5.6865399170e+02 5.6865997314e+02 5.6866601563e+02 5.6866998291e+02 5.6867401123e+02 5.6867999268e+02 5.6869000244e+02 5.6869799805e+02 5.6870800781e+02 5.6871697998e+02 5.6872698975e+02 5.6874200439e+02 5.6875701904e+02 5.6877899170e+02 5.6880603027e+02 5.6882501221e+02 5.6883599854e+02 5.6883502197e+02 5.6882299805e+02 5.6880902100e+02 5.6879602051e+02
5.6672497559e+02 5.6665502930e+02 5.6657702637e+02 5.6653900146e+02 5.6654302979e+02 5.6658099365e+02 5.6659997559e+02 5.6660699463e+02 5.6662902832e+02 5.6665002441e+02 5.6665802002e+02 5.6670300293e+02 5.6705102539e+02 5.6757202148e+02 5.6795800781e+02 5.6824700928e+02 5.6841101074e+02 5.6843902588e+02 5.6844396973e+02 5.6846600342e+02 5.6853997803e+02 5.6863000488e+02 5.6865399170e+02 5.6864501953e+02 5.6864898682e+02 5.6865301514e+02 5.6865899658e+02 5.6866400146e+02 5.6866699219e+02 5.6867102051e+02 5.6867602539e+02 5.6868298340e+02 5.6869097900e+02 5.6869897461e+02 5.6870898438e+02 5.6872100830e+02 5.6873297119e+02 5.6874798584e+02 5.6877197266e+02 5.6880200195e+02 5.6882000732e+02 5.6883001709e+02 5.6882702637e+02 5.6880902100e+02 5.6879498291e+02 5.6878601074e+02
5.6674401855e+02 5.6670697021e+02 5.6666302490e+02 5.6655999756e+02 5.6651702881e+02 5.6655102539e+02 5.6657702637e+02 5.6658197021e+02 5.6660797119e+02 5.6662200928e+02 5.6664202881e+02 5.6663397217e+02 5.6675897217e+02 5.6718597412e+02 5.6767199707e+02 5.6803601074e+02 5.6829400635e+02 5.6839801025e+02 5.6842498779e+02 5.6846997070e+02 5.6856701660e+02 5.6865301514e+02 5.6865698242e+02 5.6864398193e+02 5.6864898682e+02 5.6865301514e+02 5.6865802002e+02 5.6866198730e+02 5.6866497803e+02 5.6866802979e+02 5.6867102051e+02 5.6867602539e+02 5.6868298340e+02 5.6869097900e+02 5.6870001221e+02 5.6871002197e+02 5.6872198486e+02 5.6873602295e+02 5.6875799561e+02 5.6878601074e+02 5.6880297852e+02 5.6881201172e+02 5.6880902100e+02 5.6879199219e+02 5.6878302002e+02 5.6877801514e+02
5.6672198486e+02 5.6670300293e+02 5.6671502686e+02 5.6662402344e+02 5.6653302002e+02 5.6652197266e+02 5.6654901123e+02 5.6655603027e+02 5.6658197021e+02 5.6659399414e+02 5.6660900879e+02 5.6660699463e+02 5.6660302734e+02 5.6688598633e+02 5.6739697266e+02 5.6777099609e+02 5.6807598877e+02 5.6829400635e+02 5.6840997314e+02 5.6842297363e+02 5.6854199219e+02 5.6865100098e+02 5.6864898682e+02 5.6864202881e+02 5.6864300537e+02 5.6864898682e+02 5.6865997314e+02 5.6865997314e+02 5.6866302490e+02 5.6866601563e+02 5.6867199707e+02 5.6867102051e+02 5.6867498779e+02 5.6867797852e+02 5.6867797852e+02 5.6869299316e+02 5.6870300293e+02 5.6871600342e+02 5.6873602295e+02 5.6875701904e+02 5.6876800537e+02 5.6877398682e+02 5.6878002930e+02 5.6877697754e+02 5.6877099609e+02 5.6877197266e+02
5.6667999268e+02 5.6667700195e+02 5.6671801758e+02 5.6668902588e+02 5.6659002686e+02 5.6651300049e+02 5.6650402832e+02 5.6653198242e+02 5.6655603027e+02 5.6656097412e+02 5.6657397461e+02 5.6660601807e+02 5.6659497070e+02 5.6663598633e+02 5.6691900635e+02 5.6744396973e+02 5.6786602783e+02 5.6817700195e+02 5.6834802246e+02 5.6837298584e+02 5.6847900391e+02 5.6862701416e+02 5.6866601563e+02 5.6864697266e+02 5.6863598633e+02 5.6863397217e+02 5.6865100098e+02 5.6865802002e+02 5.6865997314e+02 5.6866198730e+02 5.6866302490e+02 5.6866400146e+02 5.6866699219e+02 5.6866900635e+02 5.6866900635e+02 5.6867498779e+02 5.6868200684e+02 5.6869396973e+02 5.6871502686e+02 5.6873199463e+02 5.6873901367e+02 5.6874401855e+02 5.6875402832e+02 5.6875299072e+02 5.6874700928e+02 5.6874700928e+02
5.6665997314e+02 5.6669396973e+02 5.6673699951e+02 5.6673797607e+02 5.6665997314e+02 5.6655401611e+02 5.6648400879e+02 5.6649597168e+02 5.6652600098e+02 5.6653198242e+02 5.6654699707e+02 5.6657800293e+02 5.6659100342e+02 5.6656597900e+02 5.6662701416e+02 5.6708502197e+02 5.6758197021e+02 5.6796697998e+02 5.6823901367e+02 5.6835699463e+02 5.6843298340e+02 5.6855401611e+02 5.6865197754e+02 5.6865197754e+02 5.6864398193e+02 5.6863500977e+02 5.6864398193e+02 5.6865002441e+02 5.6864898682e+02 5.6864898682e+02 5.6865100098e+02 5.6865502930e+02 5.6865997314e+02 5.6866302490e+02 5.6866302490e+02 5.6866497803e+02 5.6866900635e+02 5.6867700195e+02 5.6869097900e+02 5.6870599365e+02 5.6871398926e+02 5.6871899414e+02 5.6872399902e+02 5.6872302246e+02 5.6872497559e+02 5.6872399902e+02
5.6663397217e+02 5.6669201660e+02 5.6674200439e+02 5.6675897217e+02 5.6672601318e+02 5.6664202881e+02 5.6652899170e+02 5.6647198486e+02 5.6649298096e+02 5.6651202393e+02 5.6652099609e+02 5.6653802490e+02 5.6656097412e+02 5.6657299805e+02 5.6657000732e+02 5.6674200439e+02 5.6718200684e+02 5.6765802002e+02 5.6804797363e+02 5.6828900146e+02 5.6837701416e+02 5.6844799805e+02 5.6857299805e+02 5.6863299561e+02 5.6864898682e+02 5.6864398193e+02 5.6863800049e+02 5.6863500977e+02 5.6863098145e+02 5.6862902832e+02 5.6863598633e+02 5.6864801025e+02 5.6865502930e+02 5.6865997314e+02 5.6865997314e+02 5.6865802002e+02 5.6865899658e+02 5.6866302490e+02 5.6866998291e+02 5.6868200684e+02 5.6869097900e+02 5.6869396973e+02 5.6869598389e+02 5.6869897461e+02 5.6869396973e+02 5.6866198730e+02
5.6658197021e+02 5.6664697266e+02 5.6670697021e+02 5.6673797607e+02 5.6676000977e+02 5.6672900391e+02 5.6661199951e+02 5.6647302246e+02 5.6645202637e+02 5.6648699951e+02 5.6649902344e+02 5.6651501465e+02 5.6652899170e+02 5.6653900146e+02 5.6655200195e+02 5.6656799316e+02 5.6686401367e+02 5.6735198975e+02 5.6779199219e+02 5.6811700439e+02 5.6832299805e+02 5.6837701416e+02 5.6842401123e+02 5.6859100342e+02 5.6864801025e+02 5.6864398193e+02 5.6863800049e+02 5.6862500000e+02 5.6860699463e+02 5.6859497070e+02 5.6860400391e+02 5.6863897705e+02 5.6865698242e+02 5.6866900635e+02 5.6867901611e+02 5.6865502930e+02 5.6865002441e+02 5.6865197754e+02 5.6865100098e+02 5.6866101074e+02 5.6867102051e+02 5.6867498779e+02 5.6867700195e+02 5.6865997314e+02 5.6860699463e+02 5.6850799561e+02
5.6654199219e+02 5.6658697510e+02 5.6662597656e+02 5.6669598389e+02 5.6677001953e+02 5.6680200195e+02 5.6672802734e+02 5.6655102539e+02 5.6645098877e+02 5.6645599365e+02 5.6647601318e+02 5.6648400879e+02 5.6650201416e+02 5.6651800537e+02 5.6654199219e+02 5.6651397705e+02 5.6656402588e+02 5.6692901611e+02 5.6748602295e+02 5.6783099365e+02 5.6816198730e+02 5.6831097412e+02 5.6835101318e+02 5.6852502441e+02 5.6866198730e+02 5.6871697998e+02 5.6867602539e+02 5.6861602783e+02 5.6856701660e+02 5.6854498291e+02 5.6857397461e+02 5.6862298584e+02 5.6865997314e+02 5.6867901611e+02 5.6868298340e+02 5.6866400146e+02 5.6865197754e+02 5.6865002441e+02 5.6864099121e+02 5.6864501953e+02 5.6865399170e+02 5.6864599609e+02 5.6860900879e+02 5.6853698730e+02 5.6843597412e+02 5.6830902100e+02
5.6648297119e+02 5.6653002930e+02 5.6655999756e+02 5.6663299561e+02 5.6671600342e+02 5.6677899170e+02 5.6675500488e+02 5.6661297607e+02 5.6648400879e+02 5.6644396973e+02 5.6645501709e+02 5.6646197510e+02 5.6647698975e+02 5.6649700928e+02 5.6651800537e+02 5.6652099609e+02 5.6647601318e+02 5.6663098145e+02 5.6711199951e+02 5.6754602051e+02 5.6794500732e+02 5.6821301270e+02 5.6831896973e+02 5.6841998291e+02 5.6859698486e+02 5.6871301270e+02 5.6863598633e+02 5.6854797363e+02 5.6850598145e+02 5.6849798584e+02 5.6854101563e+02 5.6859899902e+02 5.6864001465e+02 5.6866101074e+02 5.6866198730e+02 5.6864300537e+02 5.6863201904e+02 5.6862902832e+02 5.6862200928e+02 5.6862200928e+02 5.6859497070e+02 5.6853399658e+02 5.6844799805e+02 5.6833398438e+02 5.6822802734e+02 5.6814202881e+02
5.6639099121e+02 5.6645501709e+02 5.6649401855e+02 5.6656097412e+02 5.6662701416e+02 5.6667199707e+02 5.6667901611e+02 5.6663702393e+02 5.6654602051e+02 5.6647302246e+02 5.6643902588e+02 5.6644799805e+02 5.6645599365e+02 5.6646899414e+02 5.6648699951e+02 5.6650799561e+02 5.6649798584e+02 5.6652001953e+02 5.6676898193e+02 5.6723699951e+02 5.6769097900e+02 5.6804498291e+02 5.6824401855e+02 5.6830401611e+02 5.6844799805e+02 5.6855200195e+02 5.6849798584e+02 5.6846301270e+02 5.6845800781e+02 5.6847198486e+02 5.6851098633e+02 5.6856402588e+02 5.6860400391e+02 5.6862298584e+02 5.6862097168e+02 5.6860498047e+02 5.6859802246e+02 5.6858801270e+02 5.6857598877e+02 5.6854797363e+02 5.6846099854e+02 5.6834100342e+02 5.6822900391e+02 5.6810900879e+02 5.6803900146e+02 5.6802801514e+02
