TESTSERVER/5/11.asc
NCOLS 100
NROWS 100
XLLCORNER 7.7497500000e+03
YLLCORNER 2.8940025000e+05
CELLSIZE 5.0000000000e-01
NODATA_VALUE -9.9990000000e+03
[rows 0 to 19 of 100, columns 0 to 45 of 100]
5.6718701172e+02 5.6718402100e+02 5.6715802002e+02 5.6714501953e+02 5.6712597656e+02 5.6709301758e+02 5.6709301758e+02 5.6710302734e+02 5.6714099121e+02 5.6721502686e+02 5.6727801514e+02 5.6736199951e+02 5.6743902588e+02 5.6749700928e+02 5.6753302002e+02 5.6754400635e+02 5.6754699707e+02 5.6754998779e+02 5.6755200195e+02 5.6755603027e+02 5.6754797363e+02 5.6756298828e+02 5.6758398438e+02 5.6759301758e+02 5.6758599854e+02 5.6760302734e+02 5.6760400391e+02 5.6759698486e+02 5.6760198975e+02 5.6761901855e+02 5.6764501953e+02 5.6765197754e+02 5.6765100098e+02 5.6766802979e+02 5.6766900635e+02 5.6765698242e+02 5.6763800049e+02 5.6762500000e+02 5.6761199951e+02 5.6759698486e+02 5.6756597900e+02 5.6758801270e+02 5.6761499023e+02 5.6758697510e+02 5.6757501221e+02 5.6781799316e+02
5.6698901367e+02 5.6699902344e+02 5.6698498535e+02 5.6697601318e+02 5.6695898438e+02 5.6691302490e+02 5.6692297363e+02 5.6695501709e+02 5.6702001953e+02 5.6713702393e+02 5.6723901367e+02 5.6733001709e+02 5.6740899658e+02 5.6745098877e+02 5.6748901367e+02 5.6752600098e+02 5.6754602051e+02 5.6755102539e+02 5.6754901123e+02 5.6755200195e+02 5.6754602051e+02 5.6753900146e+02 5.6755401611e+02 5.6757397461e+02 5.6757800293e+02 5.6758502197e+02 5.6759002686e+02 5.6759997559e+02 5.6759997559e+02 5.6759301758e+02 5.6761297607e+02 5.6763897705e+02 5.6765301514e+02 5.6765802002e+02 5.6764801025e+02 5.6764001465e+02 5.6762902832e+02 5.6761499023e+02 5.6760601807e+02 5.6759997559e+02 5.6757000732e+02 5.6757897949e+02 5.6759399414e+02 5.6759197998e+02 5.6757202148e+02 5.6778302002e+02
5.6683898926e+02 5.6684997559e+02 5.6682501221e+02 5.6679797363e+02 5.6678900146e+02 5.6676898193e+02 5.6679400635e+02 5.6685198975e+02 5.6695599365e+02 5.6714001465e+02 5.6729302979e+02 5.6738397217e+02 5.6744000244e+02 5.6746600342e+02 5.6749102783e+02 5.6753198242e+02 5.6755700684e+02 5.6756298828e+02 5.6754901123e+02 5.6754199219e+02 5.6753399658e+02 5.6752398682e+02 5.6753399658e+02 5.6755401611e+02 5.6756701660e+02 5.6757098389e+02 5.6758001709e+02 5.6759600830e+02 5.6759100342e+02 5.6758001709e+02 5.6758898926e+02 5.6761700439e+02 5.6764398193e+02 5.6764697266e+02 5.6764001465e+02 5.6764099121e+02 5.6763201904e+02 5.6761901855e+02 5.6761297607e+02 5.6760498047e+02 5.6756799316e+02 5.6756097412e+02 5.6757299805e+02 5.6758001709e+02 5.6757299805e+02 5.6771801758e+02
5.6670898438e+02 5.6669097900e+02 5.6666101074e+02 5.6662500000e+02 5.6661901855e+02 5.6663098145e+02 5.6667401123e+02 5.6674499512e+02 5.6687597656e+02 5.6708300781e+02 5.6727301025e+02 5.6738000488e+02 5.6741601563e+02 5.6746801758e+02 5.6750402832e+02 5.6752801514e+02 5.6755102539e+02 5.6755603027e+02 5.6753002930e+02 5.6751898193e+02 5.6750799561e+02 5.6750598145e+02 5.6752502441e+02 5.6753802490e+02 5.6754901123e+02 5.6756500244e+02 5.6757702637e+02 5.6759197998e+02 5.6758599854e+02 5.6757897949e+02 5.6758197021e+02 5.6759698486e+02 5.6762799072e+02 5.6764001465e+02 5.6763702393e+02 5.6764099121e+02 5.6762902832e+02 5.6761102295e+02 5.6759899902e+02 5.6759497070e+02 5.6755999756e+02 5.6754199219e+02 5.6755999756e+02 5.6757098389e+02 5.6757202148e+02 5.6764300537e+02
5.6656799316e+02 5.6652502441e+02 5.6650000000e+02 5.6647302246e+02 5.6646600342e+02 5.6650701904e+02 5.6655700684e+02 5.6662402344e+02 5.6675000000e+02 5.6690802002e+02 5.6706799316e+02 5.6719396973e+02 5.6729602051e+02 5.6743701172e+02 5.6751202393e+02 5.6751702881e+02 5.6753002930e+02 5.6752600098e+02 5.6749499512e+02 5.6749200439e+02 5.6749401855e+02 5.6748699951e+02 5.6751300049e+02 5.6753002930e+02 5.6752801514e+02 5.6755499268e+02 5.6756402588e+02 5.6757501221e+02 5.6758398438e+02 5.6757897949e+02 5.6757800293e+02 5.6757598877e+02 5.6759698486e+02 5.6761499023e+02 5.6762097168e+02 5.6762500000e+02 5.6761297607e+02 5.6759802246e+02 5.6758001709e+02 5.6759399414e+02 5.6758099365e+02 5.6754699707e+02 5.6755902100e+02 5.6756298828e+02 5.6756500244e+02 5.6758599854e+02
5.6642797852e+02 5.6638397217e+02 5.6636700439e+02 5.6635498047e+02 5.6635198975e+02 5.6639501953e+02 5.6644500732e+02 5.6648901367e+02 5.6659100342e+02 5.6674401855e+02 5.6684802246e+02 5.6694799805e+02 5.6709997559e+02 5.6733197021e+02 5.6747998047e+02 5.6750701904e+02 5.6749798584e+02 5.6748797607e+02 5.6746600342e+02 5.6746697998e+02 5.6747900391e+02 5.6747998047e+02 5.6749499512e+02 5.6751898193e+02 5.6753100586e+02 5.6753802490e+02 5.6754998779e+02 5.6756097412e+02 5.6757098389e+02 5.6757501221e+02 5.6757397461e+02 5.6756500244e+02 5.6757501221e+02 5.6758099365e+02 5.6759002686e+02 5.6759802246e+02 5.6759197998e+02 5.6758801270e+02 5.6757598877e+02 5.6759802246e+02 5.6759399414e+02 5.6755798340e+02 5.6756097412e+02 5.6756201172e+02 5.6756201172e+02 5.6755999756e+02
5.6628100586e+02 5.6624499512e+02 5.6623999023e+02 5.6624200439e+02 5.6623602295e+02 5.6626800537e+02 5.6632397461e+02 5.6636602783e+02 5.6644799805e+02 5.6658801270e+02 5.6668902588e+02 5.6679602051e+02 5.6694702148e+02 5.6721099854e+02 5.6743298340e+02 5.6749200439e+02 5.6746502686e+02 5.6745202637e+02 5.6745001221e+02 5.6745800781e+02 5.6747302246e+02 5.6748901367e+02 5.6748699951e+02 5.6750000000e+02 5.6752197266e+02 5.6752099609e+02 5.6753601074e+02 5.6754901123e+02 5.6755700684e+02 5.6757000732e+02 5.6757299805e+02 5.6756097412e+02 5.6756201172e+02 5.6755999756e+02 5.6757000732e+02 5.6758599854e+02 5.6758898926e+02 5.6758801270e+02 5.6757598877e+02 5.6759301758e+02 5.6759100342e+02 5.6755798340e+02 5.6755401611e+02 5.6756500244e+02 5.6757598877e+02 5.6754199219e+02
5.6615399170e+02 5.6611999512e+02 5.6611700439e+02 5.6613500977e+02 5.6613500977e+02 5.6615399170e+02 5.6621600342e+02 5.6627099609e+02 5.6633300781e+02 5.6643701172e+02 5.6657000732e+02 5.6673297119e+02 5.6688897705e+02 5.6714697266e+02 5.6739697266e+02 5.6747302246e+02 5.6744598389e+02 5.6742498779e+02 5.6742901611e+02 5.6744097900e+02 5.6745397949e+02 5.6747998047e+02 5.6747900391e+02 5.6747998047e+02 5.6749798584e+02 5.6750097656e+02 5.6751397705e+02 5.6753100586e+02 5.6754498291e+02 5.6756201172e+02 5.6756896973e+02 5.6755700684e+02 5.6754699707e+02 5.6754302979e+02 5.6755499268e+02 5.6757000732e+02 5.6757299805e+02 5.6757501221e+02 5.6756701660e+02 5.6757897949e+02 5.6757598877e+02 5.6755999756e+02 5.6755499268e+02 5.6756097412e+02 5.6757098389e+02 5.6754302979e+02
5.6607501221e+02 5.6603497314e+02 5.6602301025e+02 5.6603997803e+02 5.6605401611e+02 5.6608197021e+02 5.6613598633e+02 5.6619500732e+02 5.6625799561e+02 5.6632501221e+02 5.6644299316e+02 5.6662701416e+02 5.6682598877e+02 5.6709002686e+02 5.6734899902e+02 5.6746600342e+02 5.6746002197e+02 5.6741302490e+02 5.6739898682e+02 5.6740600586e+02 5.6741998291e+02 5.6742901611e+02 5.6744201660e+02 5.6745300293e+02 5.6746997070e+02 5.6749401855e+02 5.6750500488e+02 5.6751702881e+02 5.6753698730e+02 5.6754101563e+02 5.6754400635e+02 5.6754101563e+02 5.6754101563e+02 5.6753802490e+02 5.6754101563e+02 5.6754199219e+02 5.6754699707e+02 5.6756097412e+02 5.6756097412e+02 5.6756500244e+02 5.6755902100e+02 5.6756597900e+02 5.6756298828e+02 5.6755999756e+02 5.6756298828e+02 5.6753900146e+02
5.6599902344e+02 5.6597900391e+02 5.6597698975e+02 5.6598999023e+02 5.6601202393e+02 5.6601898193e+02 5.6606500244e+02 5.6613598633e+02 5.6620300293e+02 5.6626000977e+02 5.6633300781e+02 5.6646697998e+02 5.6668103027e+02 5.6694500732e+02 5.6724700928e+02 5.6742797852e+02 5.6743902588e+02 5.6741900635e+02 5.6741302490e+02 5.6741101074e+02 5.6740997314e+02 5.6740997314e+02 5.6741998291e+02 5.6743798828e+02 5.6746398926e+02 5.6747698975e+02 5.6748297119e+02 5.6749597168e+02 5.6751501465e+02 5.6753198242e+02 5.6753002930e+02 5.6752398682e+02 5.6753601074e+02 5.6753497314e+02 5.6752801514e+02 5.6752301025e+02 5.6752001953e+02 5.6752398682e+02 5.6752301025e+02 5.6753302002e+02 5.6753399658e+02 5.6755200195e+02 5.6755603027e+02 5.6755902100e+02 5.6756500244e+02 5.6755200195e+02
5.6592901611e+02 5.6592901611e+02 5.6592700195e+02 5.6593597412e+02 5.6596997070e+02 5.6596801758e+02 5.6601300049e+02 5.6608898926e+02 5.6615698242e+02 5.6622198486e+02 5.6627502441e+02 5.6636700439e+02 5.6656097412e+02 5.6680102539e+02 5.6710601807e+02 5.6735498047e+02 5.6742700195e+02 5.6742498779e+02 5.6741802979e+02 5.6740698242e+02 5.6740002441e+02 5.6739099121e+02 5.6739599609e+02 5.6742700195e+02 5.6746301270e+02 5.6746899414e+02 5.6746997070e+02 5.6747601318e+02 5.6748901367e+02 5.6750897217e+02 5.6750799561e+02 5.6750500488e+02 5.6751202393e+02 5.6751898193e+02 5.6751599121e+02 5.6750701904e+02 5.6749499512e+02 5.6750299072e+02 5.6750201416e+02 5.6750799561e+02 5.6752197266e+02 5.6754199219e+02 5.6755200195e+02 5.6756201172e+02 5.6756097412e+02 5.6756298828e+02
5.6587402344e+02 5.6587902832e+02 5.6587298584e+02 5.6587799072e+02 5.6592700195e+02 5.6593200684e+02 5.6597497559e+02 5.6603601074e+02 5.6609301758e+02 5.6615502930e+02 5.6620697021e+02 5.6627899170e+02 5.6644097900e+02 5.6665600586e+02 5.6694000244e+02 5.6723101807e+02 5.6738702393e+02 5.6741400146e+02 5.6739801025e+02 5.6738098145e+02 5.6739300537e+02 5.6738098145e+02 5.6737799072e+02 5.6740502930e+02 5.6743597412e+02 5.6744598389e+02 5.6745300293e+02 5.6746502686e+02 5.6747302246e+02 5.6746600342e+02 5.6748498535e+02 5.6750402832e+02 5.6749700928e+02 5.6750500488e+02 5.6750598145e+02 5.6749902344e+02 5.6747900391e+02 5.6748901367e+02 5.6748901367e+02 5.6749200439e+02 5.6751202393e+02 5.6752301025e+02 5.6754101563e+02 5.6755603027e+02 5.6754199219e+02 5.6755297852e+02
5.6583099365e+02 5.6583398438e+02 5.6583502197e+02 5.6583898926e+02 5.6586999512e+02 5.6589898682e+02 5.6592999268e+02 5.6596697998e+02 5.6600500488e+02 5.6606402588e+02 5.6611700439e+02 5.6619799805e+02 5.6632598877e+02 5.6652301025e+02 5.6679797363e+02 5.6710900879e+02 5.6735699463e+02 5.6739898682e+02 5.6736199951e+02 5.6734002686e+02 5.6738299561e+02 5.6737500000e+02 5.6737597656e+02 5.6739801025e+02 5.6740997314e+02 5.6742901611e+02 5.6744000244e+02 5.6746002197e+02 5.6747900391e+02 5.6745098877e+02 5.6746301270e+02 5.6748297119e+02 5.6748400879e+02 5.6748797607e+02 5.6749200439e+02 5.6749597168e+02 5.6748699951e+02 5.6747900391e+02 5.6746600342e+02 5.6747100830e+02 5.6749298096e+02 5.6749401855e+02 5.6750897217e+02 5.6753100586e+02 5.6753698730e+02 5.6754699707e+02
5.6579101563e+02 5.6578497314e+02 5.6578802490e+02 5.6579699707e+02 5.6581597900e+02 5.6583697510e+02 5.6586602783e+02 5.6589501953e+02 5.6593103027e+02 5.6597900391e+02 5.6601000977e+02 5.6608697510e+02 5.6622100830e+02 5.6642602539e+02 5.6670300293e+02 5.6700299072e+02 5.6727697754e+02 5.6738000488e+02 5.6735101318e+02 5.6732598877e+02 5.6736199951e+02 5.6736602783e+02 5.6736499023e+02 5.6739001465e+02 5.6741101074e+02 5.6744000244e+02 5.6745300293e+02 5.6745501709e+02 5.6746197510e+02 5.6745098877e+02 5.6745501709e+02 5.6746502686e+02 5.6747100830e+02 5.6747601318e+02 5.6747802734e+02 5.6748297119e+02 5.6747399902e+02 5.6747497559e+02 5.6746197510e+02 5.6745501709e+02 5.6746697998e+02 5.6747100830e+02 5.6747802734e+02 5.6749499512e+02 5.6752197266e+02 5.6753198242e+02
5.6576300049e+02 5.6574298096e+02 5.6574200439e+02 5.6575402832e+02 5.6576898193e+02 5.6577899170e+02 5.6581298828e+02 5.6584600830e+02 5.6588500977e+02 5.6592401123e+02 5.6593798828e+02 5.6598297119e+02 5.6610198975e+02 5.6632000732e+02 5.6658898926e+02 5.6686401367e+02 5.6712701416e+02 5.6729302979e+02 5.6734100342e+02 5.6733697510e+02 5.6734399414e+02 5.6735601807e+02 5.6735198975e+02 5.6737298584e+02 5.6740997314e+02 5.6743298340e+02 5.6744299316e+02 5.6745001221e+02 5.6746398926e+02 5.6746301270e+02 5.6746197510e+02 5.6746197510e+02 5.6746099854e+02 5.6746502686e+02 5.6746002197e+02 5.6745898438e+02 5.6745397949e+02 5.6744897461e+02 5.6744000244e+02 5.6744201660e+02 5.6745599365e+02 5.6745397949e+02 5.6745397949e+02 5.6746600342e+02 5.6750799561e+02 5.6752301025e+02
5.6573101807e+02 5.6571002197e+02 5.6570098877e+02 5.6570501709e+02 5.6572399902e+02 5.6573297119e+02 5.6576599121e+02 5.6580499268e+02 5.6584399414e+02 5.6587200928e+02 5.6588702393e+02 5.6591699219e+02 5.6601397705e+02 5.6622302246e+02 5.6647900391e+02 5.6675701904e+02 5.6701599121e+02 5.6721398926e+02 5.6732598877e+02 5.6734997559e+02 5.6733801270e+02 5.6734497070e+02 5.6734698486e+02 5.6737200928e+02 5.6740899658e+02 5.6742999268e+02 5.6743902588e+02 5.6745001221e+02 5.6746398926e+02 5.6746697998e+02 5.6746398926e+02 5.6745300293e+02 5.6745300293e+02 5.6745697021e+02 5.6744598389e+02 5.6743701172e+02 5.6742498779e+02 5.6741802979e+02 5.6742297363e+02 5.6744201660e+02 5.6745001221e+02 5.6744097900e+02 5.6742999268e+02 5.6742602539e+02 5.6747399902e+02 5.6750598145e+02
5.6569396973e+02 5.6569299316e+02 5.6568701172e+02 5.6567498779e+02 5.6567901611e+02 5.6570300293e+02 5.6573400879e+02 5.6577001953e+02 5.6579797363e+02 5.6581500244e+02 5.6583697510e+02 5.6587298584e+02 5.6595800781e+02 5.6616802979e+02 5.6642602539e+02 5.6672100830e+02 5.6698199463e+02 5.6716601563e+02 5.6730102539e+02 5.6734698486e+02 5.6734802246e+02 5.6734399414e+02 5.6736499023e+02 5.6738800049e+02 5.6739898682e+02 5.6743298340e+02 5.6745001221e+02 5.6744897461e+02 5.6745098877e+02 5.6746502686e+02 5.6746600342e+02 5.6745898438e+02 5.6747302246e+02 5.6746801758e+02 5.6745501709e+02 5.6744000244e+02 5.6740802002e+02 5.6740002441e+02 5.6742297363e+02 5.6744201660e+02 5.6743597412e+02 5.6743499756e+02 5.6741101074e+02 5.6739697266e+02 5.6748400879e+02 5.6750701904e+02
5.6563500977e+02 5.6563800049e+02 5.6563397217e+02 5.6563201904e+02 5.6564300537e+02 5.6567498779e+02 5.6570202637e+02 5.6571398926e+02 5.6572302246e+02 5.6574401855e+02 5.6577197266e+02 5.6580401611e+02 5.6588201904e+02 5.6607202148e+02 5.6634802246e+02 5.6664697266e+02 5.6691101074e+02 5.6712402344e+02 5.6726702881e+02 5.6732800293e+02 5.6735302734e+02 5.6735198975e+02 5.6736297607e+02 5.6737799072e+02 5.6738397217e+02 5.6740899658e+02 5.6743499756e+02 5.6744097900e+02 5.6744598389e+02 5.6747601318e+02 5.6749700928e+02 5.6750299072e+02 5.6749298096e+02 5.6748699951e+02 5.6747100830e+02 5.6746197510e+02 5.6743200684e+02 5.6740502930e+02 5.6741198730e+02 5.6741802979e+02 5.6741699219e+02 5.6742602539e+02 5.6739801025e+02 5.6738299561e+02 5.6745898438e+02 5.6749298096e+02
5.6557501221e+02 5.6556701660e+02 5.6556896973e+02 5.6558398438e+02 5.6560900879e+02 5.6563098145e+02 5.6564501953e+02 5.6565502930e+02 5.6566601563e+02 5.6568499756e+02 5.6570697021e+02 5.6573602295e+02 5.6580401611e+02 5.6597601318e+02 5.6624798584e+02 5.6654199219e+02 5.6681896973e+02 5.6705297852e+02 5.6722399902e+02 5.6730902100e+02 5.6733398438e+02 5.6733898926e+02 5.6735101318e+02 5.6736297607e+02 5.6737298584e+02 5.6738500977e+02 5.6740698242e+02 5.6742199707e+02 5.6744396973e+02 5.6747302246e+02 5.6748999023e+02 5.6749700928e+02 5.6748999023e+02 5.6748901367e+02 5.6747100830e+02 5.6746197510e+02 5.6744702148e+02 5.6741601563e+02 5.6740100098e+02 5.6738800049e+02 5.6739697266e+02 5.6741101074e+02 5.6738299561e+02 5.6737500000e+02 5.6743200684e+02 5.6745800781e+02
5.6552197266e+02 5.6551202393e+02 5.6551898193e+02 5.6554101563e+02 5.6556701660e+02 5.6558001709e+02 5.6558898926e+02 5.6561401367e+02 5.6563897705e+02 5.6565600586e+02 5.6567498779e+02 5.6570001221e+02 5.6575097656e+02 5.6589300537e+02 5.6612799072e+02 5.6639697266e+02 5.6669598389e+02 5.6696099854e+02 5.6717700195e+02 5.6730700684e+02 5.6733099365e+02 5.6734802246e+02 5.6736297607e+02 5.6736401367e+02 5.6736602783e+02 5.6737902832e+02 5.6740002441e+02 5.6741998291e+02 5.6746099854e+02 5.6748999023e+02 5.6749298096e+02 5.6748797607e+02 5.6749298096e+02 5.6748999023e+02 5.6746997070e+02 5.6745300293e+02 5.6744097900e+02 5.6742700195e+02 5.6739801025e+02 5.6736499023e+02 5.6737402344e+02 5.6739599609e+02 5.6737500000e+02 5.6736999512e+02 5.6741400146e+02 5.6743798828e+02
