TESTSERVER/5/12.asc
NCOLS 100
NROWS 100
XLLCORNER 7.7497500000e+03
YLLCORNER 2.8935025000e+05
CELLSIZE 5.0000000000e-01
NODATA_VALUE -9.9990000000e+03
[rows 60 to 79 of 100, columns 46 to 91 of 100]
5.6318200684e+02 5.6339300537e+02 5.6347100830e+02 5.6347802734e+02 5.6348797607e+02 5.6349401855e+02 5.6349597168e+02 5.6347802734e+02 5.6344396973e+02 5.6342297363e+02 5.6344702148e+02 5.6345697021e+02 5.6347998047e+02 5.6365600586e+02 5.6427899170e+02 5.6476000977e+02 5.6511798096e+02 5.6540502930e+02 5.6566998291e+02 5.6573999023e+02 5.6576300049e+02 5.6578601074e+02 5.6589697266e+02 5.6579998779e+02 5.6570501709e+02 5.6572198486e+02 5.6584600830e+02 5.6603601074e+02 5.6590698242e+02 5.6531402588e+02 5.6444897461e+02 5.6433697510e+02 5.6432501221e+02 5.6438598633e+02 5.6443902588e+02 5.6448999023e+02 5.6452502441e+02 5.6456298828e+02 5.6460998535e+02 5.6465600586e+02 5.6469598389e+02 5.6472698975e+02 5.6476599121e+02 5.6481402588e+02 5.6485498047e+02 5.6489398193e+02
5.6305401611e+02 5.6328802490e+02 5.6346502686e+02 5.6349298096e+02 5.6348602295e+02 5.6348498535e+02 5.6348199463e+02 5.6346801758e+02 5.6344500732e+02 5.6343798828e+02 5.6346099854e+02 5.6348400879e+02 5.6345202637e+02 5.6360797119e+02 5.6426702881e+02 5.6500402832e+02 5.6524298096e+02 5.6531298828e+02 5.6546099854e+02 5.6554901123e+02 5.6556097412e+02 5.6555902100e+02 5.6558001709e+02 5.6567102051e+02 5.6579602051e+02 5.6578100586e+02 5.6552197266e+02 5.6517999268e+02 5.6479699707e+02 5.6438598633e+02 5.6424102783e+02 5.6429699707e+02 5.6434197998e+02 5.6438702393e+02 5.6442401123e+02 5.6446398926e+02 5.6451202393e+02 5.6455200195e+02 5.6459002686e+02 5.6463201904e+02 5.6466900635e+02 5.6471002197e+02 5.6475500488e+02 5.6479602051e+02 5.6483697510e+02 5.6488098145e+02
5.6294702148e+02 5.6314599609e+02 5.6340802002e+02 5.6350097656e+02 5.6349102783e+02 5.6346997070e+02 5.6346801758e+02 5.6346502686e+02 5.6344500732e+02 5.6344201660e+02 5.6345697021e+02 5.6348101807e+02 5.6344799805e+02 5.6359100342e+02 5.6423101807e+02 5.6507000732e+02 5.6528997803e+02 5.6525201416e+02 5.6529302979e+02 5.6539202881e+02 5.6541497803e+02 5.6541900635e+02 5.6542999268e+02 5.6559698486e+02 5.6562298584e+02 5.6527197266e+02 5.6467199707e+02 5.6423797607e+02 5.6409698486e+02 5.6413397217e+02 5.6425701904e+02 5.6429400635e+02 5.6433300781e+02 5.6437298584e+02 5.6441302490e+02 5.6445202637e+02 5.6449499512e+02 5.6453002930e+02 5.6457299805e+02 5.6461999512e+02 5.6465802002e+02 5.6469799805e+02 5.6474700928e+02 5.6479400635e+02 5.6483300781e+02 5.6486901855e+02
5.6287402344e+02 5.6300500488e+02 5.6328698730e+02 5.6346899414e+02 5.6349102783e+02 5.6346398926e+02 5.6345898438e+02 5.6346099854e+02 5.6343597412e+02 5.6343200684e+02 5.6344500732e+02 5.6348297119e+02 5.6345697021e+02 5.6353900146e+02 5.6400799561e+02 5.6488397217e+02 5.6516101074e+02 5.6513397217e+02 5.6515997314e+02 5.6526702881e+02 5.6530999756e+02 5.6535601807e+02 5.6543298340e+02 5.6524200439e+02 5.6483898926e+02 5.6434899902e+02 5.6402398682e+02 5.6399798584e+02 5.6410998535e+02 5.6422497559e+02 5.6425701904e+02 5.6427899170e+02 5.6432000732e+02 5.6435699463e+02 5.6439501953e+02 5.6443701172e+02 5.6447998047e+02 5.6451599121e+02 5.6456298828e+02 5.6460797119e+02 5.6465002441e+02 5.6469097900e+02 5.6474102783e+02 5.6478302002e+02 5.6480700684e+02 5.6482397461e+02
5.6284802246e+02 5.6291101074e+02 5.6308697510e+02 5.6334899902e+02 5.6346002197e+02 5.6346801758e+02 5.6344396973e+02 5.6344598389e+02 5.6343103027e+02 5.6342700195e+02 5.6343798828e+02 5.6347302246e+02 5.6347497559e+02 5.6347601318e+02 5.6358300781e+02 5.6426300049e+02 5.6467102051e+02 5.6482098389e+02 5.6489001465e+02 5.6493701172e+02 5.6487500000e+02 5.6485699463e+02 5.6493298340e+02 5.6437402344e+02 5.6396301270e+02 5.6394097900e+02 5.6404400635e+02 5.6408599854e+02 5.6414398193e+02 5.6417700195e+02 5.6421002197e+02 5.6426000977e+02 5.6430603027e+02 5.6434497070e+02 5.6438500977e+02 5.6442498779e+02 5.6446697998e+02 5.6450598145e+02 5.6453997803e+02 5.6459698486e+02 5.6464697266e+02 5.6468902588e+02 5.6473297119e+02 5.6475299072e+02 5.6476098633e+02 5.6476599121e+02
5.6283502197e+02 5.6286499023e+02 5.6296801758e+02 5.6316699219e+02 5.6335400391e+02 5.6344897461e+02 5.6345800781e+02 5.6346398926e+02 5.6345697021e+02 5.6343597412e+02 5.6343402100e+02 5.6345800781e+02 5.6348199463e+02 5.6349200439e+02 5.6346697998e+02 5.6365002441e+02 5.6389898682e+02 5.6407501221e+02 5.6430902100e+02 5.6433300781e+02 5.6417297363e+02 5.6407897949e+02 5.6403002930e+02 5.6377001953e+02 5.6383099365e+02 5.6396398926e+02 5.6401397705e+02 5.6405902100e+02 5.6410900879e+02 5.6415301514e+02 5.6420501709e+02 5.6425402832e+02 5.6429199219e+02 5.6433599854e+02 5.6437500000e+02 5.6440802002e+02 5.6446002197e+02 5.6451098633e+02 5.6455200195e+02 5.6460998535e+02 5.6465698242e+02 5.6468200684e+02 5.6470098877e+02 5.6471099854e+02 5.6471997070e+02 5.6472497559e+02
5.6283398438e+02 5.6284802246e+02 5.6289300537e+02 5.6301000977e+02 5.6320098877e+02 5.6338201904e+02 5.6346899414e+02 5.6346899414e+02 5.6346801758e+02 5.6345501709e+02 5.6344396973e+02 5.6346398926e+02 5.6347900391e+02 5.6348297119e+02 5.6347802734e+02 5.6350701904e+02 5.6359497070e+02 5.6369799805e+02 5.6387701416e+02 5.6388702393e+02 5.6377398682e+02 5.6370501709e+02 5.6371997070e+02 5.6380200195e+02 5.6390399170e+02 5.6395697021e+02 5.6398400879e+02 5.6403698730e+02 5.6409197998e+02 5.6413000488e+02 5.6418701172e+02 5.6423297119e+02 5.6427001953e+02 5.6431597900e+02 5.6437200928e+02 5.6442102051e+02 5.6448199463e+02 5.6453802490e+02 5.6457397461e+02 5.6460797119e+02 5.6463201904e+02 5.6465002441e+02 5.6466400146e+02 5.6466900635e+02 5.6467797852e+02 5.6467999268e+02
5.6283197021e+02 5.6284899902e+02 5.6287200928e+02 5.6290899658e+02 5.6305102539e+02 5.6326702881e+02 5.6344000244e+02 5.6346600342e+02 5.6347100830e+02 5.6346801758e+02 5.6345397949e+02 5.6346899414e+02 5.6348699951e+02 5.6349200439e+02 5.6349798584e+02 5.6351202393e+02 5.6353399658e+02 5.6358697510e+02 5.6366400146e+02 5.6367199707e+02 5.6366101074e+02 5.6366900635e+02 5.6372900391e+02 5.6384600830e+02 5.6388098145e+02 5.6390301514e+02 5.6396899414e+02 5.6402197266e+02 5.6407598877e+02 5.6411199951e+02 5.6416802979e+02 5.6420800781e+02 5.6426300049e+02 5.6433398438e+02 5.6441198730e+02 5.6447601318e+02 5.6452697754e+02 5.6455902100e+02 5.6457800293e+02 5.6459197998e+02 5.6459997559e+02 5.6460797119e+02 5.6461999512e+02 5.6462500000e+02 5.6462902832e+02 5.6462298584e+02
5.6282501221e+02 5.6284399414e+02 5.6285601807e+02 5.6287500000e+02 5.6296197510e+02 5.6313897705e+02 5.6333898926e+02 5.6347998047e+02 5.6348602295e+02 5.6346502686e+02 5.6346099854e+02 5.6347698975e+02 5.6351098633e+02 5.6352801514e+02 5.6349700928e+02 5.6349798584e+02 5.6352301025e+02 5.6356201172e+02 5.6359100342e+02 5.6362402344e+02 5.6367602539e+02 5.6372399902e+02 5.6374902344e+02 5.6380798340e+02 5.6384997559e+02 5.6389599609e+02 5.6396301270e+02 5.6401098633e+02 5.6404901123e+02 5.6408300781e+02 5.6410998535e+02 5.6419000244e+02 5.6429400635e+02 5.6440899658e+02 5.6449102783e+02 5.6452099609e+02 5.6454699707e+02 5.6455902100e+02 5.6456799316e+02 5.6457897949e+02 5.6458697510e+02 5.6458502197e+02 5.6458001709e+02 5.6458001709e+02 5.6457800293e+02 5.6456500244e+02
5.6279901123e+02 5.6281896973e+02 5.6284399414e+02 5.6286401367e+02 5.6291101074e+02 5.6300897217e+02 5.6319299316e+02 5.6342199707e+02 5.6349798584e+02 5.6348999023e+02 5.6348400879e+02 5.6345098877e+02 5.6344897461e+02 5.6346801758e+02 5.6344799805e+02 5.6344396973e+02 5.6348101807e+02 5.6352697754e+02 5.6355603027e+02 5.6359301758e+02 5.6364202881e+02 5.6369299316e+02 5.6373797607e+02 5.6378900146e+02 5.6383599854e+02 5.6388800049e+02 5.6395599365e+02 5.6397497559e+02 5.6398797607e+02 5.6409399414e+02 5.6427301025e+02 5.6433898926e+02 5.6439099121e+02 5.6445697021e+02 5.6450897217e+02 5.6452801514e+02 5.6452899170e+02 5.6455200195e+02 5.6458001709e+02 5.6457598877e+02 5.6457202148e+02 5.6456201172e+02 5.6454498291e+02 5.6453497314e+02 5.6452502441e+02 5.6450701904e+02
5.6277801514e+02 5.6279498291e+02 5.6283197021e+02 5.6285699463e+02 5.6288299561e+02 5.6292999268e+02 5.6304699707e+02 5.6329901123e+02 5.6346002197e+02 5.6350000000e+02 5.6345697021e+02 5.6336199951e+02 5.6332897949e+02 5.6335400391e+02 5.6337200928e+02 5.6339599609e+02 5.6344799805e+02 5.6349700928e+02 5.6353002930e+02 5.6356896973e+02 5.6362298584e+02 5.6368402100e+02 5.6372802734e+02 5.6377398682e+02 5.6382202148e+02 5.6387500000e+02 5.6390997314e+02 5.6395697021e+02 5.6411199951e+02 5.6437298584e+02 5.6453900146e+02 5.6450897217e+02 5.6448199463e+02 5.6447900391e+02 5.6448797607e+02 5.6451098633e+02 5.6451397705e+02 5.6454797363e+02 5.6457397461e+02 5.6456298828e+02 5.6455401611e+02 5.6453997803e+02 5.6451397705e+02 5.6449102783e+02 5.6447100830e+02 5.6444799805e+02
5.6275799561e+02 5.6277697754e+02 5.6281701660e+02 5.6284698486e+02 5.6287298584e+02 5.6290100098e+02 5.6296197510e+02 5.6314202881e+02 5.6331201172e+02 5.6337902832e+02 5.6332501221e+02 5.6325201416e+02 5.6325000000e+02 5.6329302979e+02 5.6333599854e+02 5.6337902832e+02 5.6342700195e+02 5.6346997070e+02 5.6351397705e+02 5.6355700684e+02 5.6361102295e+02 5.6367199707e+02 5.6371002197e+02 5.6376000977e+02 5.6380603027e+02 5.6385797119e+02 5.6391302490e+02 5.6411102295e+02 5.6435699463e+02 5.6458300781e+02 5.6459399414e+02 5.6450097656e+02 5.6447100830e+02 5.6446600342e+02 5.6446398926e+02 5.6449298096e+02 5.6451098633e+02 5.6454498291e+02 5.6454797363e+02 5.6454199219e+02 5.6453497314e+02 5.6451898193e+02 5.6448400879e+02 5.6444799805e+02 5.6441900635e+02 5.6439300537e+02
5.6275299072e+02 5.6278002930e+02 5.6281701660e+02 5.6284301758e+02 5.6287402344e+02 5.6290899658e+02 5.6294897461e+02 5.6301000977e+02 5.6309100342e+02 5.6314398193e+02 5.6316601563e+02 5.6318701172e+02 5.6323699951e+02 5.6328601074e+02 5.6332501221e+02 5.6336499023e+02 5.6340802002e+02 5.6345501709e+02 5.6350701904e+02 5.6355297852e+02 5.6359698486e+02 5.6364599609e+02 5.6368902588e+02 5.6374499512e+02 5.6379797363e+02 5.6384802246e+02 5.6396600342e+02 5.6435198975e+02 5.6447399902e+02 5.6448297119e+02 5.6448400879e+02 5.6446301270e+02 5.6444598389e+02 5.6444299316e+02 5.6444702148e+02 5.6446600342e+02 5.6449102783e+02 5.6451599121e+02 5.6451599121e+02 5.6452398682e+02 5.6451501465e+02 5.6449200439e+02 5.6445001221e+02 5.6440502930e+02 5.6437701416e+02 5.6435699463e+02
5.6273901367e+02 5.6276202393e+02 5.6280401611e+02 5.6283599854e+02 5.6286602783e+02 5.6290197754e+02 5.6294201660e+02 5.6298297119e+02 5.6302502441e+02 5.6306298828e+02 5.6311999512e+02 5.6317102051e+02 5.6322399902e+02 5.6327197266e+02 5.6331201172e+02 5.6335101318e+02 5.6339501953e+02 5.6344201660e+02 5.6348699951e+02 5.6353802490e+02 5.6358300781e+02 5.6362200928e+02 5.6366601563e+02 5.6371997070e+02 5.6376800537e+02 5.6382000732e+02 5.6390100098e+02 5.6425701904e+02 5.6446197510e+02 5.6448999023e+02 5.6449499512e+02 5.6449200439e+02 5.6446697998e+02 5.6445599365e+02 5.6446801758e+02 5.6446099854e+02 5.6445397949e+02 5.6446502686e+02 5.6448400879e+02 5.6449798584e+02 5.6448297119e+02 5.6445501709e+02 5.6440502930e+02 5.6435400391e+02 5.6431402588e+02 5.6428900146e+02
5.6273199463e+02 5.6275500488e+02 5.6278900146e+02 5.6281896973e+02 5.6284301758e+02 5.6287701416e+02 5.6291699219e+02 5.6297399902e+02 5.6302099609e+02 5.6306097412e+02 5.6310198975e+02 5.6314300537e+02 5.6319702148e+02 5.6324902344e+02 5.6328900146e+02 5.6333099365e+02 5.6337902832e+02 5.6342797852e+02 5.6346600342e+02 5.6351702881e+02 5.6356298828e+02 5.6360302734e+02 5.6365301514e+02 5.6371099854e+02 5.6376000977e+02 5.6380499268e+02 5.6384399414e+02 5.6409802246e+02 5.6437701416e+02 5.6450500488e+02 5.6450299072e+02 5.6449902344e+02 5.6448602295e+02 5.6448400879e+02 5.6451702881e+02 5.6451300049e+02 5.6446600342e+02 5.6443701172e+02 5.6444799805e+02 5.6446301270e+02 5.6447198486e+02 5.6446697998e+02 5.6440802002e+02 5.6433398438e+02 5.6427099609e+02 5.6422302246e+02
5.6271697998e+02 5.6274499512e+02 5.6277001953e+02 5.6279199219e+02 5.6281201172e+02 5.6284497070e+02 5.6289300537e+02 5.6295697021e+02 5.6300598145e+02 5.6304498291e+02 5.6308099365e+02 5.6312097168e+02 5.6317401123e+02 5.6322302246e+02 5.6325897217e+02 5.6330499268e+02 5.6335601807e+02 5.6340802002e+02 5.6345397949e+02 5.6349597168e+02 5.6354302979e+02 5.6359399414e+02 5.6365301514e+02 5.6370098877e+02 5.6374499512e+02 5.6379602051e+02 5.6380297852e+02 5.6386199951e+02 5.6415100098e+02 5.6442401123e+02 5.6449499512e+02 5.6448199463e+02 5.6448199463e+02 5.6449401855e+02 5.6453997803e+02 5.6455401611e+02 5.6450000000e+02 5.6444097900e+02 5.6442401123e+02 5.6443499756e+02 5.6447399902e+02 5.6452001953e+02 5.6447399902e+02 5.6437097168e+02 5.6428997803e+02 5.6421197510e+02
5.6270098877e+02 5.6273101807e+02 5.6275000000e+02 5.6275201416e+02 5.6278997803e+02 5.6284100342e+02 5.6288098145e+02 5.6293798828e+02 5.6297802734e+02 5.6302099609e+02 5.6306298828e+02 5.6310797119e+02 5.6316101074e+02 5.6320599365e+02 5.6322399902e+02 5.6328002930e+02 5.6333398438e+02 5.6338000488e+02 5.6341900635e+02 5.6347100830e+02 5.6353399658e+02 5.6359698486e+02 5.6363201904e+02 5.6365600586e+02 5.6370397949e+02 5.6377502441e+02 5.6377502441e+02 5.6364599609e+02 5.6382202148e+02 5.6417901611e+02 5.6450500488e+02 5.6446002197e+02 5.6445202637e+02 5.6445697021e+02 5.6449700928e+02 5.6450500488e+02 5.6448297119e+02 5.6444702148e+02 5.6441497803e+02 5.6441198730e+02 5.6444299316e+02 5.6450299072e+02 5.6453497314e+02 5.6450299072e+02 5.6442797852e+02 5.6430297852e+02
5.6267901611e+02 5.6267901611e+02 5.6269299316e+02 5.6272399902e+02 5.6277899170e+02 5.6283801270e+02 5.6287500000e+02 5.6291601563e+02 5.6296301270e+02 5.6300799561e+02 5.6304498291e+02 5.6309002686e+02 5.6313397217e+02 5.6318597412e+02 5.6322497559e+02 5.6327001953e+02 5.6331298828e+02 5.6336102295e+02 5.6340997314e+02 5.6347698975e+02 5.6353002930e+02 5.6356597900e+02 5.6358697510e+02 5.6361798096e+02 5.6366302490e+02 5.6371301270e+02 5.6371398926e+02 5.6358697510e+02 5.6361700439e+02 5.6386297607e+02 5.6426300049e+02 5.6439801025e+02 5.6444702148e+02 5.6443701172e+02 5.6444201660e+02 5.6444702148e+02 5.6443499756e+02 5.6441601563e+02 5.6439801025e+02 5.6439501953e+02 5.6441802979e+02 5.6446502686e+02 5.6452502441e+02 5.6456799316e+02 5.6457397461e+02 5.6451397705e+02
5.6261199951e+02 5.6261401367e+02 5.6265899658e+02 5.6271600342e+02 5.6276501465e+02 5.6281597900e+02 5.6286700439e+02 5.6290600586e+02 5.6294799805e+02 5.6298999023e+02 5.6301702881e+02 5.6307202148e+02 5.6311700439e+02 5.6316601563e+02 5.6319897461e+02 5.6324102783e+02 5.6329998779e+02 5.6336602783e+02 5.6341998291e+02 5.6347698975e+02 5.6351098633e+02 5.6353601074e+02 5.6355798340e+02 5.6360198975e+02 5.6363897705e+02 5.6366198730e+02 5.6366699219e+02 5.6354901123e+02 5.6349401855e+02 5.6361999512e+02 5.6396099854e+02 5.6426501465e+02 5.6443597412e+02 5.6445800781e+02 5.6441802979e+02 5.6441198730e+02 5.6440399170e+02 5.6439398193e+02 5.6438897705e+02 5.6438397217e+02 5.6439599609e+02 5.6443200684e+02 5.6448498535e+02 5.6453302002e+02 5.6458197021e+02 5.6460998535e+02
5.6256201172e+02 5.6259301758e+02 5.6265997314e+02 5.6270501709e+02 5.6273999023e+02 5.6278302002e+02 5.6284002686e+02 5.6288800049e+02 5.6292498779e+02 5.6296502686e+02 5.6299798584e+02 5.6304901123e+02 5.6309698486e+02 5.6314001465e+02 5.6317199707e+02 5.6323199463e+02 5.6330700684e+02 5.6337298584e+02 5.6341400146e+02 5.6344299316e+02 5.6346801758e+02 5.6349700928e+02 5.6352801514e+02 5.6358300781e+02 5.6361700439e+02 5.6362500000e+02 5.6363702393e+02 5.6357098389e+02 5.6347802734e+02 5.6349298096e+02 5.6370001221e+02 5.6408801270e+02 5.6438299561e+02 5.6447802734e+02 5.6441497803e+02 5.6438500977e+02 5.6437799072e+02 5.6437597656e+02 5.6438598633e+02 5.6438702393e+02 5.6439099121e+02 5.6441302490e+02 5.6445697021e+02 5.6449102783e+02 5.6453399658e+02 5.6457299805e+02
