TESTSERVER/5/12.asc
NCOLS 100
NROWS 100
XLLCORNER 7.7497500000e+03
YLLCORNER 2.8935025000e+05
CELLSIZE 5.0000000000e-01
NODATA_VALUE -9.9990000000e+03
[rows 20 to 39 of 100, columns 46 to 91 of 100]
5.6478497314e+02 5.6478698730e+02 5.6480102539e+02 5.6484399414e+02 5.6489300537e+02 5.6495098877e+02 5.6500701904e+02 5.6508099365e+02 5.6516497803e+02 5.6522998047e+02 5.6524700928e+02 5.6532501221e+02 5.6547399902e+02 5.6564501953e+02 5.6580999756e+02 5.6586499023e+02 5.6591101074e+02 5.6592797852e+02 5.6592797852e+02 5.6593298340e+02 5.6593103027e+02 5.6592498779e+02 5.6591400146e+02 5.6591400146e+02 5.6592102051e+02 5.6593402100e+02 5.6594799805e+02 5.6596197510e+02 5.6597100830e+02 5.6597698975e+02 5.6598297119e+02 5.6598901367e+02 5.6599200439e+02 5.6599102783e+02 5.6598602295e+02 5.6597698975e+02 5.6597100830e+02 5.6596398926e+02 5.6596398926e+02 5.6596301270e+02 5.6594897461e+02 5.6593200684e+02 5.6591699219e+02 5.6590600586e+02 5.6590802002e+02 5.6590002441e+02
5.6470202637e+02 5.6473797607e+02 5.6477600098e+02 5.6480902100e+02 5.6485601807e+02 5.6491802979e+02 5.6497100830e+02 5.6506097412e+02 5.6517999268e+02 5.6529199219e+02 5.6536999512e+02 5.6548901367e+02 5.6563201904e+02 5.6576898193e+02 5.6587402344e+02 5.6592297363e+02 5.6593298340e+02 5.6592602539e+02 5.6591699219e+02 5.6591699219e+02 5.6591601563e+02 5.6591497803e+02 5.6591998291e+02 5.6593402100e+02 5.6594500732e+02 5.6595300293e+02 5.6595397949e+02 5.6595800781e+02 5.6596502686e+02 5.6597198486e+02 5.6597998047e+02 5.6598400879e+02 5.6598699951e+02 5.6598797607e+02 5.6598400879e+02 5.6597601318e+02 5.6597100830e+02 5.6596502686e+02 5.6596301270e+02 5.6596002197e+02 5.6594799805e+02 5.6593402100e+02 5.6591601563e+02 5.6590301514e+02 5.6590399170e+02 5.6590197754e+02
5.6463702393e+02 5.6468597412e+02 5.6474200439e+02 5.6478100586e+02 5.6482397461e+02 5.6489099121e+02 5.6495697021e+02 5.6507702637e+02 5.6524102783e+02 5.6540100098e+02 5.6552600098e+02 5.6566198730e+02 5.6577697754e+02 5.6585998535e+02 5.6591302490e+02 5.6593499756e+02 5.6592797852e+02 5.6591302490e+02 5.6590502930e+02 5.6590899658e+02 5.6591101074e+02 5.6591497803e+02 5.6592999268e+02 5.6595001221e+02 5.6596197510e+02 5.6596801758e+02 5.6596002197e+02 5.6595697021e+02 5.6596301270e+02 5.6596801758e+02 5.6597601318e+02 5.6598199463e+02 5.6598498535e+02 5.6598602295e+02 5.6598297119e+02 5.6597802734e+02 5.6597302246e+02 5.6596801758e+02 5.6596502686e+02 5.6595898438e+02 5.6594897461e+02 5.6593597412e+02 5.6592199707e+02 5.6590698242e+02 5.6590301514e+02 5.6590002441e+02
5.6459698486e+02 5.6464398193e+02 5.6469500732e+02 5.6473999023e+02 5.6478002930e+02 5.6485998535e+02 5.6496801758e+02 5.6514001465e+02 5.6534399414e+02 5.6552801514e+02 5.6565899658e+02 5.6578302002e+02 5.6586602783e+02 5.6590698242e+02 5.6592797852e+02 5.6593200684e+02 5.6591699219e+02 5.6590197754e+02 5.6590197754e+02 5.6590899658e+02 5.6591198730e+02 5.6591998291e+02 5.6594000244e+02 5.6596301270e+02 5.6597497559e+02 5.6597900391e+02 5.6596600342e+02 5.6595800781e+02 5.6596197510e+02 5.6596697998e+02 5.6597399902e+02 5.6597998047e+02 5.6598297119e+02 5.6598400879e+02 5.6598297119e+02 5.6597900391e+02 5.6597601318e+02 5.6597198486e+02 5.6596697998e+02 5.6596099854e+02 5.6595202637e+02 5.6594097900e+02 5.6593103027e+02 5.6591400146e+02 5.6590002441e+02 5.6589202881e+02
5.6455603027e+02 5.6460198975e+02 5.6463702393e+02 5.6467700195e+02 5.6472497559e+02 5.6482702637e+02 5.6501202393e+02 5.6523602295e+02 5.6544598389e+02 5.6561700439e+02 5.6571801758e+02 5.6581799316e+02 5.6588201904e+02 5.6591302490e+02 5.6592498779e+02 5.6592700195e+02 5.6591699219e+02 5.6590802002e+02 5.6590997314e+02 5.6590899658e+02 5.6591198730e+02 5.6592199707e+02 5.6594500732e+02 5.6596600342e+02 5.6597698975e+02 5.6598199463e+02 5.6597601318e+02 5.6596301270e+02 5.6596398926e+02 5.6596600342e+02 5.6596899414e+02 5.6597802734e+02 5.6598101807e+02 5.6598400879e+02 5.6598297119e+02 5.6597900391e+02 5.6597601318e+02 5.6597302246e+02 5.6596899414e+02 5.6596301270e+02 5.6595599365e+02 5.6594799805e+02 5.6593798828e+02 5.6591998291e+02 5.6590301514e+02 5.6589001465e+02
5.6447601318e+02 5.6451800537e+02 5.6456500244e+02 5.6463500977e+02 5.6473400879e+02 5.6487902832e+02 5.6508801270e+02 5.6530999756e+02 5.6548999023e+02 5.6563098145e+02 5.6572998047e+02 5.6582800293e+02 5.6589898682e+02 5.6593402100e+02 5.6593902588e+02 5.6594500732e+02 5.6594201660e+02 5.6593200684e+02 5.6592602539e+02 5.6591998291e+02 5.6591802979e+02 5.6592602539e+02 5.6594702148e+02 5.6596099854e+02 5.6596997070e+02 5.6597698975e+02 5.6597399902e+02 5.6596801758e+02 5.6596899414e+02 5.6596997070e+02 5.6597302246e+02 5.6597900391e+02 5.6598297119e+02 5.6598699951e+02 5.6598699951e+02 5.6597998047e+02 5.6597802734e+02 5.6597601318e+02 5.6597198486e+02 5.6596301270e+02 5.6595599365e+02 5.6594897461e+02 5.6593902588e+02 5.6592102051e+02 5.6590698242e+02 5.6589599609e+02
5.6439300537e+02 5.6444702148e+02 5.6453997803e+02 5.6465899658e+02 5.6480102539e+02 5.6496997070e+02 5.6516101074e+02 5.6534497070e+02 5.6549798584e+02 5.6561499023e+02 5.6571099854e+02 5.6582598877e+02 5.6590698242e+02 5.6594799805e+02 5.6595898438e+02 5.6597601318e+02 5.6597698975e+02 5.6596398926e+02 5.6594396973e+02 5.6592999268e+02 5.6592602539e+02 5.6593200684e+02 5.6594799805e+02 5.6595800781e+02 5.6596600342e+02 5.6597198486e+02 5.6597198486e+02 5.6596997070e+02 5.6597198486e+02 5.6597302246e+02 5.6597698975e+02 5.6598199463e+02 5.6598602295e+02 5.6598999023e+02 5.6598999023e+02 5.6598498535e+02 5.6598297119e+02 5.6598101807e+02 5.6597497559e+02 5.6596600342e+02 5.6595800781e+02 5.6595098877e+02 5.6594097900e+02 5.6592498779e+02 5.6591101074e+02 5.6590002441e+02
5.6432702637e+02 5.6441900635e+02 5.6456597900e+02 5.6471997070e+02 5.6488000488e+02 5.6504498291e+02 5.6520599365e+02 5.6535900879e+02 5.6548400879e+02 5.6557702637e+02 5.6566802979e+02 5.6579797363e+02 5.6588897705e+02 5.6594299316e+02 5.6596997070e+02 5.6599902344e+02 5.6600500488e+02 5.6598999023e+02 5.6595599365e+02 5.6593402100e+02 5.6592901611e+02 5.6593298340e+02 5.6594500732e+02 5.6595300293e+02 5.6596099854e+02 5.6596697998e+02 5.6596899414e+02 5.6597100830e+02 5.6597399902e+02 5.6597698975e+02 5.6598101807e+02 5.6598602295e+02 5.6598999023e+02 5.6599401855e+02 5.6599401855e+02 5.6598901367e+02 5.6598797607e+02 5.6598498535e+02 5.6597998047e+02 5.6596899414e+02 5.6596197510e+02 5.6595397949e+02 5.6594500732e+02 5.6592999268e+02 5.6591699219e+02 5.6590399170e+02
5.6428002930e+02 5.6440698242e+02 5.6457397461e+02 5.6476202393e+02 5.6491497803e+02 5.6505902100e+02 5.6521197510e+02 5.6535797119e+02 5.6546301270e+02 5.6554101563e+02 5.6562799072e+02 5.6573602295e+02 5.6582702637e+02 5.6589898682e+02 5.6594500732e+02 5.6597601318e+02 5.6598901367e+02 5.6598400879e+02 5.6594396973e+02 5.6592700195e+02 5.6592498779e+02 5.6592797852e+02 5.6593402100e+02 5.6594799805e+02 5.6595599365e+02 5.6596301270e+02 5.6596600342e+02 5.6596997070e+02 5.6597497559e+02 5.6597998047e+02 5.6598400879e+02 5.6598797607e+02 5.6599298096e+02 5.6599700928e+02 5.6600201416e+02 5.6599700928e+02 5.6599401855e+02 5.6599102783e+02 5.6598297119e+02 5.6597399902e+02 5.6596697998e+02 5.6596099854e+02 5.6595098877e+02 5.6593499756e+02 5.6592199707e+02 5.6590997314e+02
5.6423699951e+02 5.6437701416e+02 5.6454699707e+02 5.6473797607e+02 5.6490100098e+02 5.6504199219e+02 5.6518402100e+02 5.6532800293e+02 5.6543597412e+02 5.6551800537e+02 5.6558801270e+02 5.6567700195e+02 5.6575701904e+02 5.6583001709e+02 5.6588897705e+02 5.6591601563e+02 5.6593597412e+02 5.6594396973e+02 5.6592498779e+02 5.6591302490e+02 5.6591900635e+02 5.6592297363e+02 5.6592901611e+02 5.6594000244e+02 5.6595001221e+02 5.6595898438e+02 5.6596502686e+02 5.6596997070e+02 5.6597698975e+02 5.6598297119e+02 5.6598797607e+02 5.6599200439e+02 5.6599798584e+02 5.6600299072e+02 5.6600701904e+02 5.6600500488e+02 5.6600201416e+02 5.6599798584e+02 5.6598999023e+02 5.6598101807e+02 5.6597601318e+02 5.6596899414e+02 5.6595898438e+02 5.6594396973e+02 5.6593402100e+02 5.6592401123e+02
5.6418298340e+02 5.6433502197e+02 5.6450897217e+02 5.6469396973e+02 5.6485400391e+02 5.6499298096e+02 5.6513201904e+02 5.6527600098e+02 5.6539001465e+02 5.6547601318e+02 5.6554101563e+02 5.6561798096e+02 5.6569598389e+02 5.6576800537e+02 5.6583099365e+02 5.6586999512e+02 5.6589599609e+02 5.6590997314e+02 5.6590197754e+02 5.6589898682e+02 5.6590802002e+02 5.6591699219e+02 5.6592401123e+02 5.6593499756e+02 5.6594702148e+02 5.6595697021e+02 5.6596600342e+02 5.6597198486e+02 5.6597998047e+02 5.6598602295e+02 5.6599298096e+02 5.6599700928e+02 5.6600299072e+02 5.6600799561e+02 5.6601300049e+02 5.6601098633e+02 5.6600799561e+02 5.6600500488e+02 5.6599700928e+02 5.6598901367e+02 5.6598297119e+02 5.6597698975e+02 5.6596801758e+02 5.6595599365e+02 5.6594598389e+02 5.6593798828e+02
5.6412500000e+02 5.6428100586e+02 5.6445300293e+02 5.6461999512e+02 5.6476501465e+02 5.6490301514e+02 5.6505401611e+02 5.6520697021e+02 5.6532598877e+02 5.6541699219e+02 5.6548400879e+02 5.6555603027e+02 5.6563299561e+02 5.6570501709e+02 5.6577301025e+02 5.6582098389e+02 5.6585400391e+02 5.6587402344e+02 5.6587597656e+02 5.6588201904e+02 5.6589599609e+02 5.6590899658e+02 5.6591900635e+02 5.6593200684e+02 5.6594598389e+02 5.6595800781e+02 5.6596801758e+02 5.6597601318e+02 5.6598400879e+02 5.6599102783e+02 5.6599798584e+02 5.6600299072e+02 5.6600799561e+02 5.6601397705e+02 5.6601800537e+02 5.6601702881e+02 5.6601397705e+02 5.6601000977e+02 5.6600402832e+02 5.6599597168e+02 5.6598999023e+02 5.6598400879e+02 5.6597698975e+02 5.6596697998e+02 5.6595898438e+02 5.6595098877e+02
5.6407702637e+02 5.6422198486e+02 5.6435699463e+02 5.6449902344e+02 5.6463500977e+02 5.6478302002e+02 5.6495001221e+02 5.6510900879e+02 5.6523699951e+02 5.6534100342e+02 5.6542102051e+02 5.6549499512e+02 5.6557397461e+02 5.6564599609e+02 5.6570397949e+02 5.6576098633e+02 5.6580401611e+02 5.6583697510e+02 5.6585302734e+02 5.6585998535e+02 5.6588098145e+02 5.6590002441e+02 5.6591900635e+02 5.6593298340e+02 5.6595001221e+02 5.6596301270e+02 5.6597302246e+02 5.6598199463e+02 5.6598999023e+02 5.6599700928e+02 5.6600097656e+02 5.6600701904e+02 5.6601202393e+02 5.6601702881e+02 5.6602001953e+02 5.6602001953e+02 5.6601898193e+02 5.6601599121e+02 5.6601098633e+02 5.6600402832e+02 5.6600000000e+02 5.6599499512e+02 5.6599401855e+02 5.6598101807e+02 5.6597399902e+02 5.6596697998e+02
5.6398297119e+02 5.6409997559e+02 5.6420800781e+02 5.6434698486e+02 5.6450201416e+02 5.6466699219e+02 5.6485302734e+02 5.6501501465e+02 5.6514801025e+02 5.6526300049e+02 5.6535198975e+02 5.6543597412e+02 5.6552001953e+02 5.6559600830e+02 5.6565698242e+02 5.6570800781e+02 5.6575799561e+02 5.6579901123e+02 5.6582098389e+02 5.6583599854e+02 5.6586401367e+02 5.6589202881e+02 5.6591900635e+02 5.6594097900e+02 5.6596002197e+02 5.6597399902e+02 5.6598297119e+02 5.6599102783e+02 5.6599700928e+02 5.6600299072e+02 5.6600897217e+02 5.6601397705e+02 5.6601800537e+02 5.6602099609e+02 5.6602502441e+02 5.6602398682e+02 5.6602301025e+02 5.6602099609e+02 5.6601702881e+02 5.6601098633e+02 5.6600799561e+02 5.6600500488e+02 5.6600201416e+02 5.6599401855e+02 5.6598602295e+02 5.6597900391e+02
5.6383300781e+02 5.6394097900e+02 5.6406799316e+02 5.6422601318e+02 5.6439001465e+02 5.6456402588e+02 5.6476397705e+02 5.6493701172e+02 5.6507202148e+02 5.6519000244e+02 5.6528497314e+02 5.6537701416e+02 5.6546600342e+02 5.6554699707e+02 5.6561401367e+02 5.6566900635e+02 5.6572100830e+02 5.6576501465e+02 5.6579302979e+02 5.6581799316e+02 5.6585198975e+02 5.6588598633e+02 5.6592102051e+02 5.6594799805e+02 5.6596899414e+02 5.6598498535e+02 5.6599401855e+02 5.6600000000e+02 5.6600598145e+02 5.6601098633e+02 5.6601501465e+02 5.6602001953e+02 5.6602398682e+02 5.6602801514e+02 5.6603100586e+02 5.6602899170e+02 5.6602801514e+02 5.6602600098e+02 5.6602197266e+02 5.6601599121e+02 5.6601397705e+02 5.6601098633e+02 5.6600799561e+02 5.6600000000e+02 5.6599102783e+02 5.6598199463e+02
5.6369097900e+02 5.6380401611e+02 5.6396099854e+02 5.6413500977e+02 5.6430603027e+02 5.6448297119e+02 5.6468597412e+02 5.6486199951e+02 5.6499798584e+02 5.6511901855e+02 5.6522198486e+02 5.6532299805e+02 5.6541802979e+02 5.6550299072e+02 5.6557598877e+02 5.6563500977e+02 5.6568798828e+02 5.6573400879e+02 5.6576898193e+02 5.6580401611e+02 5.6584399414e+02 5.6588299561e+02 5.6592602539e+02 5.6595697021e+02 5.6597998047e+02 5.6599798584e+02 5.6600701904e+02 5.6601000977e+02 5.6601599121e+02 5.6602001953e+02 5.6602301025e+02 5.6602697754e+02 5.6603100586e+02 5.6603497314e+02 5.6603698730e+02 5.6603302002e+02 5.6603198242e+02 5.6603100586e+02 5.6602697754e+02 5.6602197266e+02 5.6601898193e+02 5.6601599121e+02 5.6601300049e+02 5.6600402832e+02 5.6599499512e+02 5.6598498535e+02
5.6362701416e+02 5.6373901367e+02 5.6392102051e+02 5.6409399414e+02 5.6426098633e+02 5.6443298340e+02 5.6461999512e+02 5.6478302002e+02 5.6492602539e+02 5.6505999756e+02 5.6518499756e+02 5.6527197266e+02 5.6537500000e+02 5.6546899414e+02 5.6555499268e+02 5.6560998535e+02 5.6566699219e+02 5.6571697998e+02 5.6576000977e+02 5.6579602051e+02 5.6584399414e+02 5.6589202881e+02 5.6594598389e+02 5.6597302246e+02 5.6599902344e+02 5.6601898193e+02 5.6602899170e+02 5.6602398682e+02 5.6602697754e+02 5.6602801514e+02 5.6603100586e+02 5.6603601074e+02 5.6603802490e+02 5.6603997803e+02 5.6604101563e+02 5.6603900146e+02 5.6603698730e+02 5.6603399658e+02 5.6602801514e+02 5.6602600098e+02 5.6602301025e+02 5.6602001953e+02 5.6601300049e+02 5.6600701904e+02 5.6599700928e+02 5.6598797607e+02
5.6363500977e+02 5.6374102783e+02 5.6390399170e+02 5.6407202148e+02 5.6422698975e+02 5.6438800049e+02 5.6455603027e+02 5.6470898438e+02 5.6485400391e+02 5.6499700928e+02 5.6512500000e+02 5.6522998047e+02 5.6533898926e+02 5.6544000244e+02 5.6552502441e+02 5.6559002686e+02 5.6565301514e+02 5.6570898438e+02 5.6574798584e+02 5.6578997803e+02 5.6584301758e+02 5.6589599609e+02 5.6594799805e+02 5.6598498535e+02 5.6601397705e+02 5.6603302002e+02 5.6603900146e+02 5.6603802490e+02 5.6603997803e+02 5.6603997803e+02 5.6604101563e+02 5.6604498291e+02 5.6604498291e+02 5.6604498291e+02 5.6604699707e+02 5.6604699707e+02 5.6604498291e+02 5.6604101563e+02 5.6603497314e+02 5.6603002930e+02 5.6602697754e+02 5.6602197266e+02 5.6601599121e+02 5.6600897217e+02 5.6600097656e+02 5.6599102783e+02
5.6364001465e+02 5.6374200439e+02 5.6389099121e+02 5.6403802490e+02 5.6418499756e+02 5.6433697510e+02 5.6449597168e+02 5.6464300537e+02 5.6478601074e+02 5.6492700195e+02 5.6506500244e+02 5.6518499756e+02 5.6529901123e+02 5.6540399170e+02 5.6549298096e+02 5.6556402588e+02 5.6563201904e+02 5.6569201660e+02 5.6573602295e+02 5.6578198242e+02 5.6583801270e+02 5.6589398193e+02 5.6595098877e+02 5.6598999023e+02 5.6602001953e+02 5.6603997803e+02 5.6604699707e+02 5.6604797363e+02 5.6605102539e+02 5.6605102539e+02 5.6604998779e+02 5.6605102539e+02 5.6605102539e+02 5.6605102539e+02 5.6605401611e+02 5.6605499268e+02 5.6605297852e+02 5.6604998779e+02 5.6604400635e+02 5.6603802490e+02 5.6603399658e+02 5.6602801514e+02 5.6602197266e+02 5.6601800537e+02 5.6601098633e+02 5.6600201416e+02
5.6364300537e+02 5.6373797607e+02 5.6387298584e+02 5.6400500488e+02 5.6414202881e+02 5.6428698730e+02 5.6443597412e+02 5.6458001709e+02 5.6472100830e+02 5.6485998535e+02 5.6500500488e+02 5.6513702393e+02 5.6525500488e+02 5.6536401367e+02 5.6545898438e+02 5.6553698730e+02 5.6560998535e+02 5.6567498779e+02 5.6572497559e+02 5.6577502441e+02 5.6583398438e+02 5.6589398193e+02 5.6595397949e+02 5.6599401855e+02 5.6602398682e+02 5.6604498291e+02 5.6605297852e+02 5.6605603027e+02 5.6605999756e+02 5.6606097412e+02 5.6605798340e+02 5.6605700684e+02 5.6605700684e+02 5.6605798340e+02 5.6606097412e+02 5.6606201172e+02 5.6605999756e+02 5.6605798340e+02 5.6605401611e+02 5.6604998779e+02 5.6604498291e+02 5.6603802490e+02 5.6603198242e+02 5.6603100586e+02 5.6602502441e+02 5.6601702881e+02
