TESTSERVER/5/12.asc
NCOLS 100
NROWS 100
XLLCORNER 7.7497500000e+03
YLLCORNER 2.8935025000e+05
CELLSIZE 5.0000000000e-01
NODATA_VALUE -9.9990000000e+03
[rows 20 to 39 of 100, columns 0 to 45 of 100]
5.6262298584e+02 5.6260900879e+02 5.6259997559e+02 5.6260998535e+02 5.6267297363e+02 5.6276000977e+02 5.6280200195e+02 5.6282598877e+02 5.6288500977e+02 5.6279699707e+02 5.6272497559e+02 5.6270001221e+02 5.6270300293e+02 5.6270001221e+02 5.6271002197e+02 5.6271997070e+02 5.6272302246e+02 5.6268701172e+02 5.6288800049e+02 5.6333599854e+02 5.6358502197e+02 5.6352398682e+02 5.6354901123e+02 5.6362402344e+02 5.6368298340e+02 5.6369500732e+02 5.6373699951e+02 5.6377001953e+02 5.6376898193e+02 5.6377600098e+02 5.6378997803e+02 5.6380999756e+02 5.6383801270e+02 5.6389801025e+02 5.6396002197e+02 5.6401202393e+02 5.6406500244e+02 5.6410797119e+02 5.6416998291e+02 5.6424700928e+02 5.6431896973e+02 5.6441101074e+02 5.6451202393e+02 5.6461297607e+02 5.6470800781e+02 5.6476898193e+02
5.6262500000e+02 5.6261297607e+02 5.6264001465e+02 5.6269396973e+02 5.6275402832e+02 5.6278802490e+02 5.6281097412e+02 5.6282000732e+02 5.6282098389e+02 5.6272900391e+02 5.6268597412e+02 5.6268701172e+02 5.6268499756e+02 5.6269299316e+02 5.6270098877e+02 5.6271301270e+02 5.6272698975e+02 5.6270697021e+02 5.6271697998e+02 5.6302001953e+02 5.6349700928e+02 5.6364398193e+02 5.6360198975e+02 5.6360601807e+02 5.6367401123e+02 5.6368902588e+02 5.6372998047e+02 5.6376800537e+02 5.6377099609e+02 5.6377502441e+02 5.6377801514e+02 5.6379400635e+02 5.6381402588e+02 5.6386297607e+02 5.6391198730e+02 5.6395300293e+02 5.6400500488e+02 5.6405999756e+02 5.6412799072e+02 5.6419201660e+02 5.6425000000e+02 5.6434497070e+02 5.6445397949e+02 5.6455102539e+02 5.6462200928e+02 5.6466802979e+02
5.6263299561e+02 5.6266497803e+02 5.6272100830e+02 5.6277697754e+02 5.6279498291e+02 5.6275402832e+02 5.6274798584e+02 5.6274102783e+02 5.6271697998e+02 5.6267999268e+02 5.6266998291e+02 5.6267199707e+02 5.6267401123e+02 5.6268597412e+02 5.6269299316e+02 5.6270300293e+02 5.6271600342e+02 5.6273199463e+02 5.6268298340e+02 5.6278100586e+02 5.6323999023e+02 5.6368798828e+02 5.6371099854e+02 5.6361901855e+02 5.6364801025e+02 5.6367602539e+02 5.6371002197e+02 5.6374102783e+02 5.6375402832e+02 5.6376098633e+02 5.6376202393e+02 5.6377301025e+02 5.6378900146e+02 5.6382299805e+02 5.6385797119e+02 5.6389697266e+02 5.6395098877e+02 5.6401599121e+02 5.6408801270e+02 5.6414898682e+02 5.6421099854e+02 5.6430200195e+02 5.6440399170e+02 5.6449200439e+02 5.6454998779e+02 5.6459197998e+02
5.6264801025e+02 5.6269598389e+02 5.6273498535e+02 5.6275000000e+02 5.6273400879e+02 5.6267498779e+02 5.6267901611e+02 5.6269201660e+02 5.6267199707e+02 5.6267199707e+02 5.6267498779e+02 5.6266802979e+02 5.6267102051e+02 5.6268298340e+02 5.6268798828e+02 5.6269500732e+02 5.6270397949e+02 5.6273101807e+02 5.6272100830e+02 5.6270800781e+02 5.6289202881e+02 5.6346398926e+02 5.6371997070e+02 5.6366198730e+02 5.6362200928e+02 5.6365502930e+02 5.6368798828e+02 5.6372302246e+02 5.6374102783e+02 5.6373797607e+02 5.6374298096e+02 5.6375598145e+02 5.6376898193e+02 5.6378302002e+02 5.6380603027e+02 5.6384399414e+02 5.6389300537e+02 5.6395800781e+02 5.6403399658e+02 5.6410498047e+02 5.6417700195e+02 5.6425598145e+02 5.6434002686e+02 5.6441998291e+02 5.6448199463e+02 5.6453802490e+02
5.6267102051e+02 5.6266101074e+02 5.6265502930e+02 5.6264697266e+02 5.6265301514e+02 5.6263000488e+02 5.6264501953e+02 5.6268200684e+02 5.6268597412e+02 5.6266802979e+02 5.6266802979e+02 5.6266601563e+02 5.6266497803e+02 5.6267999268e+02 5.6268902588e+02 5.6269799805e+02 5.6270800781e+02 5.6271002197e+02 5.6272900391e+02 5.6273699951e+02 5.6273400879e+02 5.6301702881e+02 5.6350897217e+02 5.6370300293e+02 5.6361602783e+02 5.6363897705e+02 5.6367498779e+02 5.6370599365e+02 5.6372802734e+02 5.6373101807e+02 5.6373602295e+02 5.6374298096e+02 5.6374700928e+02 5.6375402832e+02 5.6376702881e+02 5.6378900146e+02 5.6381597900e+02 5.6388500977e+02 5.6396899414e+02 5.6404797363e+02 5.6412902832e+02 5.6420397949e+02 5.6427600098e+02 5.6434399414e+02 5.6440002441e+02 5.6448199463e+02
5.6260601807e+02 5.6259002686e+02 5.6260101318e+02 5.6263098145e+02 5.6265997314e+02 5.6265197754e+02 5.6264202881e+02 5.6266998291e+02 5.6268200684e+02 5.6266497803e+02 5.6266802979e+02 5.6266802979e+02 5.6265997314e+02 5.6267498779e+02 5.6268103027e+02 5.6269097900e+02 5.6270098877e+02 5.6271600342e+02 5.6272698975e+02 5.6273901367e+02 5.6273901367e+02 5.6273901367e+02 5.6313397217e+02 5.6365002441e+02 5.6368597412e+02 5.6359497070e+02 5.6364501953e+02 5.6369500732e+02 5.6370501709e+02 5.6370800781e+02 5.6371398926e+02 5.6371899414e+02 5.6371997070e+02 5.6372198486e+02 5.6373101807e+02 5.6374499512e+02 5.6376300049e+02 5.6381896973e+02 5.6389801025e+02 5.6397601318e+02 5.6405999756e+02 5.6413897705e+02 5.6421997070e+02 5.6427899170e+02 5.6432897949e+02 5.6441302490e+02
5.6254901123e+02 5.6256097412e+02 5.6259997559e+02 5.6264898682e+02 5.6268200684e+02 5.6267901611e+02 5.6265600586e+02 5.6264801025e+02 5.6265899658e+02 5.6266302490e+02 5.6266497803e+02 5.6266802979e+02 5.6267199707e+02 5.6266302490e+02 5.6266802979e+02 5.6268200684e+02 5.6268798828e+02 5.6270697021e+02 5.6272198486e+02 5.6272698975e+02 5.6274499512e+02 5.6266699219e+02 5.6285797119e+02 5.6341497803e+02 5.6373498535e+02 5.6359698486e+02 5.6358599854e+02 5.6366601563e+02 5.6368402100e+02 5.6368298340e+02 5.6368902588e+02 5.6369396973e+02 5.6369500732e+02 5.6370300293e+02 5.6371301270e+02 5.6372198486e+02 5.6373199463e+02 5.6376800537e+02 5.6383398438e+02 5.6390600586e+02 5.6397802734e+02 5.6405798340e+02 5.6414202881e+02 5.6420599365e+02 5.6425799561e+02 5.6433697510e+02
5.6255102539e+02 5.6258197021e+02 5.6263000488e+02 5.6267999268e+02 5.6270202637e+02 5.6268902588e+02 5.6266998291e+02 5.6264501953e+02 5.6263897705e+02 5.6265600586e+02 5.6266198730e+02 5.6267797852e+02 5.6271398926e+02 5.6268103027e+02 5.6266302490e+02 5.6267297363e+02 5.6267797852e+02 5.6269396973e+02 5.6271502686e+02 5.6271997070e+02 5.6274102783e+02 5.6273101807e+02 5.6272497559e+02 5.6300402832e+02 5.6352899170e+02 5.6368902588e+02 5.6358898926e+02 5.6360797119e+02 5.6365197754e+02 5.6365899658e+02 5.6366400146e+02 5.6366998291e+02 5.6367199707e+02 5.6367901611e+02 5.6368499756e+02 5.6368902588e+02 5.6369500732e+02 5.6371600342e+02 5.6376702881e+02 5.6382397461e+02 5.6388299561e+02 5.6396099854e+02 5.6404602051e+02 5.6411999512e+02 5.6417999268e+02 5.6425500488e+02
5.6258898926e+02 5.6261297607e+02 5.6265502930e+02 5.6269500732e+02 5.6270098877e+02 5.6267700195e+02 5.6267102051e+02 5.6265997314e+02 5.6264501953e+02 5.6266400146e+02 5.6267498779e+02 5.6267901611e+02 5.6268798828e+02 5.6268597412e+02 5.6266400146e+02 5.6266699219e+02 5.6268200684e+02 5.6268701172e+02 5.6270599365e+02 5.6272198486e+02 5.6273199463e+02 5.6275201416e+02 5.6272399902e+02 5.6272399902e+02 5.6300201416e+02 5.6363702393e+02 5.6366802979e+02 5.6357299805e+02 5.6361102295e+02 5.6363299561e+02 5.6363800049e+02 5.6364599609e+02 5.6365502930e+02 5.6365502930e+02 5.6365301514e+02 5.6365301514e+02 5.6365600586e+02 5.6367901611e+02 5.6371600342e+02 5.6375402832e+02 5.6380902100e+02 5.6388500977e+02 5.6396600342e+02 5.6403997803e+02 5.6410498047e+02 5.6418200684e+02
5.6257800293e+02 5.6261102295e+02 5.6263897705e+02 5.6266198730e+02 5.6267602539e+02 5.6267498779e+02 5.6266900635e+02 5.6266302490e+02 5.6266302490e+02 5.6268499756e+02 5.6269299316e+02 5.6268902588e+02 5.6267901611e+02 5.6266998291e+02 5.6265502930e+02 5.6265399170e+02 5.6266900635e+02 5.6268103027e+02 5.6269598389e+02 5.6271099854e+02 5.6272399902e+02 5.6272497559e+02 5.6273797607e+02 5.6275000000e+02 5.6275000000e+02 5.6311700439e+02 5.6351397705e+02 5.6359997559e+02 5.6355902100e+02 5.6359100342e+02 5.6360797119e+02 5.6362701416e+02 5.6363299561e+02 5.6363000488e+02 5.6363201904e+02 5.6363397217e+02 5.6363897705e+02 5.6365600586e+02 5.6367901611e+02 5.6370098877e+02 5.6373797607e+02 5.6379998779e+02 5.6387902832e+02 5.6396197510e+02 5.6403802490e+02 5.6412500000e+02
5.6258001709e+02 5.6261602783e+02 5.6263702393e+02 5.6265002441e+02 5.6265899658e+02 5.6266601563e+02 5.6266699219e+02 5.6266802979e+02 5.6267297363e+02 5.6269702148e+02 5.6270397949e+02 5.6269598389e+02 5.6268200684e+02 5.6267602539e+02 5.6266198730e+02 5.6265301514e+02 5.6265698242e+02 5.6267199707e+02 5.6268701172e+02 5.6270098877e+02 5.6271697998e+02 5.6271600342e+02 5.6272399902e+02 5.6274298096e+02 5.6271301270e+02 5.6287200928e+02 5.6338397217e+02 5.6369500732e+02 5.6355603027e+02 5.6355200195e+02 5.6357702637e+02 5.6360302734e+02 5.6360797119e+02 5.6360900879e+02 5.6361102295e+02 5.6361297607e+02 5.6361798096e+02 5.6363299561e+02 5.6364202881e+02 5.6364398193e+02 5.6366101074e+02 5.6370300293e+02 5.6377301025e+02 5.6386602783e+02 5.6395800781e+02 5.6405603027e+02
5.6259197998e+02 5.6262097168e+02 5.6263397217e+02 5.6264202881e+02 5.6264801025e+02 5.6265802002e+02 5.6266497803e+02 5.6267102051e+02 5.6267901611e+02 5.6269799805e+02 5.6270697021e+02 5.6270300293e+02 5.6269299316e+02 5.6269000244e+02 5.6267602539e+02 5.6265802002e+02 5.6264898682e+02 5.6266400146e+02 5.6267700195e+02 5.6269201660e+02 5.6270599365e+02 5.6270697021e+02 5.6271398926e+02 5.6273699951e+02 5.6275598145e+02 5.6274700928e+02 5.6313397217e+02 5.6365399170e+02 5.6361798096e+02 5.6353900146e+02 5.6355102539e+02 5.6357598877e+02 5.6358197021e+02 5.6358697510e+02 5.6358898926e+02 5.6359100342e+02 5.6359698486e+02 5.6360998535e+02 5.6360797119e+02 5.6360400391e+02 5.6362500000e+02 5.6364697266e+02 5.6369500732e+02 5.6378100586e+02 5.6387701416e+02 5.6398699951e+02
5.6260601807e+02 5.6261798096e+02 5.6262597656e+02 5.6263500977e+02 5.6264398193e+02 5.6265600586e+02 5.6266802979e+02 5.6267797852e+02 5.6269299316e+02 5.6270202637e+02 5.6271002197e+02 5.6271197510e+02 5.6270898438e+02 5.6269799805e+02 5.6268402100e+02 5.6266802979e+02 5.6265197754e+02 5.6265100098e+02 5.6266699219e+02 5.6268298340e+02 5.6268597412e+02 5.6270001221e+02 5.6271899414e+02 5.6273999023e+02 5.6274597168e+02 5.6269500732e+02 5.6282098389e+02 5.6333300781e+02 5.6367199707e+02 5.6355102539e+02 5.6351599121e+02 5.6354699707e+02 5.6355798340e+02 5.6356500244e+02 5.6356896973e+02 5.6357299805e+02 5.6357897949e+02 5.6358697510e+02 5.6358599854e+02 5.6360498047e+02 5.6363702393e+02 5.6363299561e+02 5.6365899658e+02 5.6372198486e+02 5.6380603027e+02 5.6393298340e+02
5.6261199951e+02 5.6261901855e+02 5.6262799072e+02 5.6263800049e+02 5.6265100098e+02 5.6266699219e+02 5.6267700195e+02 5.6268701172e+02 5.6269799805e+02 5.6271002197e+02 5.6271600342e+02 5.6271801758e+02 5.6271502686e+02 5.6270501709e+02 5.6269396973e+02 5.6268103027e+02 5.6267401123e+02 5.6265301514e+02 5.6265502930e+02 5.6267401123e+02 5.6268597412e+02 5.6269598389e+02 5.6271301270e+02 5.6272802734e+02 5.6273901367e+02 5.6275799561e+02 5.6269799805e+02 5.6288500977e+02 5.6347698975e+02 5.6363299561e+02 5.6352697754e+02 5.6351000977e+02 5.6356201172e+02 5.6356597900e+02 5.6356402588e+02 5.6356701660e+02 5.6356597900e+02 5.6357897949e+02 5.6358898926e+02 5.6359802246e+02 5.6358801270e+02 5.6356597900e+02 5.6359802246e+02 5.6367102051e+02 5.6375799561e+02 5.6386602783e+02
5.6262402344e+02 5.6262799072e+02 5.6263598633e+02 5.6264697266e+02 5.6266101074e+02 5.6267498779e+02 5.6268402100e+02 5.6269201660e+02 5.6270202637e+02 5.6271301270e+02 5.6271899414e+02 5.6271997070e+02 5.6271697998e+02 5.6270898438e+02 5.6269799805e+02 5.6268902588e+02 5.6268499756e+02 5.6265899658e+02 5.6264801025e+02 5.6266400146e+02 5.6267797852e+02 5.6269000244e+02 5.6270800781e+02 5.6272198486e+02 5.6272998047e+02 5.6278399658e+02 5.6276501465e+02 5.6274700928e+02 5.6310601807e+02 5.6359600830e+02 5.6360198975e+02 5.6351800537e+02 5.6354498291e+02 5.6355499268e+02 5.6355297852e+02 5.6355999756e+02 5.6356402588e+02 5.6356097412e+02 5.6355603027e+02 5.6354498291e+02 5.6351098633e+02 5.6349597168e+02 5.6354101563e+02 5.6361700439e+02 5.6368902588e+02 5.6374597168e+02
5.6263897705e+02 5.6264001465e+02 5.6264697266e+02 5.6265899658e+02 5.6267199707e+02 5.6268298340e+02 5.6269097900e+02 5.6269702148e+02 5.6270501709e+02 5.6271502686e+02 5.6271899414e+02 5.6271997070e+02 5.6271502686e+02 5.6270697021e+02 5.6269897461e+02 5.6269201660e+02 5.6268499756e+02 5.6266998291e+02 5.6265301514e+02 5.6265600586e+02 5.6266802979e+02 5.6268298340e+02 5.6270202637e+02 5.6271801758e+02 5.6272698975e+02 5.6274798584e+02 5.6278601074e+02 5.6274401855e+02 5.6281701660e+02 5.6334399414e+02 5.6355200195e+02 5.6354998779e+02 5.6353698730e+02 5.6354998779e+02 5.6355902100e+02 5.6357501221e+02 5.6357202148e+02 5.6353802490e+02 5.6351898193e+02 5.6350598145e+02 5.6348297119e+02 5.6349102783e+02 5.6352502441e+02 5.6357000732e+02 5.6360797119e+02 5.6362402344e+02
5.6264697266e+02 5.6265399170e+02 5.6266400146e+02 5.6267602539e+02 5.6268701172e+02 5.6269097900e+02 5.6269598389e+02 5.6270001221e+02 5.6270397949e+02 5.6271301270e+02 5.6271600342e+02 5.6271697998e+02 5.6270898438e+02 5.6270098877e+02 5.6269598389e+02 5.6269097900e+02 5.6268200684e+02 5.6267797852e+02 5.6266802979e+02 5.6265997314e+02 5.6265997314e+02 5.6267999268e+02 5.6269299316e+02 5.6271099854e+02 5.6271899414e+02 5.6272998047e+02 5.6276098633e+02 5.6277801514e+02 5.6278100586e+02 5.6287500000e+02 5.6316198730e+02 5.6345898438e+02 5.6357299805e+02 5.6357397461e+02 5.6357800293e+02 5.6357598877e+02 5.6355798340e+02 5.6352001953e+02 5.6351000977e+02 5.6350897217e+02 5.6350500488e+02 5.6352502441e+02 5.6353100586e+02 5.6353302002e+02 5.6353802490e+02 5.6356201172e+02
5.6265100098e+02 5.6266900635e+02 5.6268103027e+02 5.6269097900e+02 5.6269598389e+02 5.6269799805e+02 5.6270202637e+02 5.6270501709e+02 5.6270800781e+02 5.6271099854e+02 5.6271197510e+02 5.6271301270e+02 5.6270800781e+02 5.6269897461e+02 5.6269598389e+02 5.6269201660e+02 5.6268597412e+02 5.6267999268e+02 5.6267498779e+02 5.6266802979e+02 5.6265600586e+02 5.6266497803e+02 5.6268200684e+02 5.6270800781e+02 5.6271197510e+02 5.6273101807e+02 5.6274700928e+02 5.6276300049e+02 5.6278100586e+02 5.6278302002e+02 5.6294702148e+02 5.6326202393e+02 5.6349102783e+02 5.6356402588e+02 5.6355603027e+02 5.6350897217e+02 5.6348999023e+02 5.6349499512e+02 5.6350799561e+02 5.6351397705e+02 5.6350701904e+02 5.6350598145e+02 5.6350897217e+02 5.6351397705e+02 5.6353198242e+02 5.6356799316e+02
5.6265899658e+02 5.6268200684e+02 5.6269299316e+02 5.6270098877e+02 5.6270300293e+02 5.6270501709e+02 5.6270697021e+02 5.6270898438e+02 5.6270898438e+02 5.6271002197e+02 5.6271099854e+02 5.6271099854e+02 5.6270697021e+02 5.6270098877e+02 5.6269702148e+02 5.6269396973e+02 5.6269000244e+02 5.6268798828e+02 5.6268402100e+02 5.6267602539e+02 5.6265802002e+02 5.6265301514e+02 5.6267102051e+02 5.6269897461e+02 5.6270397949e+02 5.6272302246e+02 5.6273901367e+02 5.6275500488e+02 5.6277197266e+02 5.6277301025e+02 5.6283898926e+02 5.6302801514e+02 5.6330102539e+02 5.6347497559e+02 5.6349902344e+02 5.6345202637e+02 5.6343499756e+02 5.6346899414e+02 5.6350201416e+02 5.6351898193e+02 5.6351501465e+02 5.6348901367e+02 5.6349902344e+02 5.6352398682e+02 5.6354602051e+02 5.6357702637e+02
5.6267498779e+02 5.6269396973e+02 5.6270300293e+02 5.6270800781e+02 5.6270800781e+02 5.6270800781e+02 5.6271099854e+02 5.6271099854e+02 5.6271099854e+02 5.6271002197e+02 5.6271002197e+02 5.6271002197e+02 5.6270697021e+02 5.6270202637e+02 5.6269799805e+02 5.6269500732e+02 5.6269396973e+02 5.6269598389e+02 5.6269299316e+02 5.6268499756e+02 5.6267199707e+02 5.6266198730e+02 5.6266699219e+02 5.6268701172e+02 5.6269598389e+02 5.6271398926e+02 5.6272998047e+02 5.6274700928e+02 5.6276202393e+02 5.6277697754e+02 5.6279302979e+02 5.6285601807e+02 5.6309600830e+02 5.6336700439e+02 5.6345800781e+02 5.6344396973e+02 5.6341802979e+02 5.6345300293e+02 5.6349200439e+02 5.6351300049e+02 5.6351898193e+02 5.6349298096e+02 5.6350299072e+02 5.6354101563e+02 5.6356298828e+02 5.6358599854e+02
