TESTSERVER/5/13.asc
NCOLS 100
NROWS 100
XLLCORNER 7.7497500000e+03
YLLCORNER 2.8930025000e+05
CELLSIZE 5.0000000000e-01
NODATA_VALUE -9.9990000000e+03
[rows 20 to 39 of 100, columns 0 to 45 of 100]
5.5992297363e+02 5.5994598389e+02 5.5994702148e+02 5.5992797852e+02 5.5989099121e+02 5.5986901855e+02 5.5983300781e+02 5.5978601074e+02 5.5973602295e+02 5.5969702148e+02 5.5965997314e+02 5.5961102295e+02 5.5955401611e+02 5.5953497314e+02 5.5944396973e+02 5.5937701416e+02 5.5970300293e+02 5.6033398438e+02 5.6071697998e+02 5.6096099854e+02 5.6096099854e+02 5.6093402100e+02 5.6098797607e+02 5.6102899170e+02 5.6105603027e+02 5.6107299805e+02 5.6111499023e+02 5.6115600586e+02 5.6120098877e+02 5.6123699951e+02 5.6127099609e+02 5.6130200195e+02 5.6132098389e+02 5.6134197998e+02 5.6136798096e+02 5.6139697266e+02 5.6142401123e+02 5.6145300293e+02 5.6142498779e+02 5.6139801025e+02 5.6146301270e+02 5.6188000488e+02 5.6198199463e+02 5.6195300293e+02 5.6201300049e+02 5.6204199219e+02
5.5989001465e+02 5.5989001465e+02 5.5988397217e+02 5.5986798096e+02 5.5983898926e+02 5.5982098389e+02 5.5978802490e+02 5.5974499512e+02 5.5970001221e+02 5.5965502930e+02 5.5961499023e+02 5.5956201172e+02 5.5951501465e+02 5.5948400879e+02 5.5942602539e+02 5.5938299561e+02 5.5957501221e+02 5.5997698975e+02 5.6030297852e+02 5.6060400391e+02 5.6078601074e+02 5.6084197998e+02 5.6093701172e+02 5.6100000000e+02 5.6100500488e+02 5.6102600098e+02 5.6107299805e+02 5.6111700439e+02 5.6115899658e+02 5.6119500732e+02 5.6123199463e+02 5.6126800537e+02 5.6130700684e+02 5.6134197998e+02 5.6136999512e+02 5.6139599609e+02 5.6142297363e+02 5.6142797852e+02 5.6141601563e+02 5.6139300537e+02 5.6133898926e+02 5.6155401611e+02 5.6187597656e+02 5.6199200439e+02 5.6202697754e+02 5.6209100342e+02
5.5985797119e+02 5.5985797119e+02 5.5985601807e+02 5.5984399414e+02 5.5982598877e+02 5.5979498291e+02 5.5974798584e+02 5.5969897461e+02 5.5966497803e+02 5.5963500977e+02 5.5958398438e+02 5.5952197266e+02 5.5947998047e+02 5.5944702148e+02 5.5939801025e+02 5.5938299561e+02 5.5953399658e+02 5.5981097412e+02 5.6011401367e+02 5.6040502930e+02 5.6064599609e+02 5.6076599121e+02 5.6086999512e+02 5.6094000244e+02 5.6095800781e+02 5.6098297119e+02 5.6103002930e+02 5.6107397461e+02 5.6111798096e+02 5.6116198730e+02 5.6120397949e+02 5.6124597168e+02 5.6129302979e+02 5.6133502197e+02 5.6136297607e+02 5.6138897705e+02 5.6141900635e+02 5.6142102051e+02 5.6140197754e+02 5.6137500000e+02 5.6131597900e+02 5.6129797363e+02 5.6164801025e+02 5.6203100586e+02 5.6206597900e+02 5.6208398438e+02
5.5982897949e+02 5.5983599854e+02 5.5984002686e+02 5.5983197021e+02 5.5980902100e+02 5.5975598145e+02 5.5971600342e+02 5.5966497803e+02 5.5962597656e+02 5.5959301758e+02 5.5953900146e+02 5.5948101807e+02 5.5945098877e+02 5.5941900635e+02 5.5938000488e+02 5.5939300537e+02 5.5952301025e+02 5.5971899414e+02 5.5998999023e+02 5.6026501465e+02 5.6053497314e+02 5.6069897461e+02 5.6081097412e+02 5.6089001465e+02 5.6091601563e+02 5.6094299316e+02 5.6099102783e+02 5.6103399658e+02 5.6107897949e+02 5.6112902832e+02 5.6117700195e+02 5.6122497559e+02 5.6127899170e+02 5.6132299805e+02 5.6135198975e+02 5.6137701416e+02 5.6140100098e+02 5.6139300537e+02 5.6137500000e+02 5.6135498047e+02 5.6134802246e+02 5.6123101807e+02 5.6144598389e+02 5.6194598389e+02 5.6205200195e+02 5.6200097656e+02
5.5978802490e+02 5.5981097412e+02 5.5981799316e+02 5.5981597900e+02 5.5980700684e+02 5.5985699463e+02 5.5993701172e+02 5.5992901611e+02 5.5982000732e+02 5.5967602539e+02 5.5956701660e+02 5.5946801758e+02 5.5936798096e+02 5.5934002686e+02 5.5930200195e+02 5.5934100342e+02 5.5942999268e+02 5.5964099121e+02 5.5990100098e+02 5.6016302490e+02 5.6042297363e+02 5.6062097168e+02 5.6075000000e+02 5.6084399414e+02 5.6086602783e+02 5.6090100098e+02 5.6095397949e+02 5.6100097656e+02 5.6103802490e+02 5.6109301758e+02 5.6115197754e+02 5.6121099854e+02 5.6127001953e+02 5.6130102539e+02 5.6132897949e+02 5.6135101318e+02 5.6134698486e+02 5.6134002686e+02 5.6133502197e+02 5.6133398438e+02 5.6134301758e+02 5.6128002930e+02 5.6134197998e+02 5.6173797607e+02 5.6219299316e+02 5.6198199463e+02
5.5978198242e+02 5.5981402588e+02 5.5982897949e+02 5.5984600830e+02 5.5991699219e+02 5.6011199951e+02 5.6026202393e+02 5.6033398438e+02 5.6027398682e+02 5.6024597168e+02 5.6017498779e+02 5.6003900146e+02 5.5982202148e+02 5.5953497314e+02 5.5931701660e+02 5.5920202637e+02 5.5927801514e+02 5.5953900146e+02 5.5979302979e+02 5.6005102539e+02 5.6032702637e+02 5.6052899170e+02 5.6066497803e+02 5.6076202393e+02 5.6080902100e+02 5.6085101318e+02 5.6090399170e+02 5.6095001221e+02 5.6099200439e+02 5.6105200195e+02 5.6111102295e+02 5.6116998291e+02 5.6122802734e+02 5.6126599121e+02 5.6129302979e+02 5.6131097412e+02 5.6132000732e+02 5.6132897949e+02 5.6134197998e+02 5.6135400391e+02 5.6137500000e+02 5.6132299805e+02 5.6128497314e+02 5.6145800781e+02 5.6191302490e+02 5.6202801514e+02
5.5976800537e+02 5.5979998779e+02 5.5981597900e+02 5.5984301758e+02 5.5991802979e+02 5.6009600830e+02 5.6028002930e+02 5.6043298340e+02 5.6050000000e+02 5.6061700439e+02 5.6069396973e+02 5.6067297363e+02 5.6044097900e+02 5.5997698975e+02 5.5958197021e+02 5.5927301025e+02 5.5924102783e+02 5.5952301025e+02 5.5974902344e+02 5.5998901367e+02 5.6028302002e+02 5.6050799561e+02 5.6063702393e+02 5.6072998047e+02 5.6078497314e+02 5.6083197021e+02 5.6087701416e+02 5.6091699219e+02 5.6096197510e+02 5.6102301025e+02 5.6107598877e+02 5.6112799072e+02 5.6118798828e+02 5.6123199463e+02 5.6125897217e+02 5.6127697754e+02 5.6129199219e+02 5.6131402588e+02 5.6133502197e+02 5.6135601807e+02 5.6138800049e+02 5.6136297607e+02 5.6129101563e+02 5.6129901123e+02 5.6155102539e+02 5.6194598389e+02
5.5972900391e+02 5.5975402832e+02 5.5977099609e+02 5.5981097412e+02 5.5987097168e+02 5.5997698975e+02 5.6015899658e+02 5.6036401367e+02 5.6051599121e+02 5.6070599365e+02 5.6091802979e+02 5.6104901123e+02 5.6099298096e+02 5.6053802490e+02 5.6003601074e+02 5.5958099365e+02 5.5938397217e+02 5.5960998535e+02 5.5980499268e+02 5.6001898193e+02 5.6030798340e+02 5.6053698730e+02 5.6065899658e+02 5.6074298096e+02 5.6079797363e+02 5.6084197998e+02 5.6087799072e+02 5.6090997314e+02 5.6095098877e+02 5.6100500488e+02 5.6104998779e+02 5.6109497070e+02 5.6115100098e+02 5.6119702148e+02 5.6122302246e+02 5.6124200439e+02 5.6126000977e+02 5.6128997803e+02 5.6131896973e+02 5.6134497070e+02 5.6137701416e+02 5.6137597656e+02 5.6133300781e+02 5.6128198242e+02 5.6130902100e+02 5.6173498535e+02
5.5970501709e+02 5.5970098877e+02 5.5973199463e+02 5.5979699707e+02 5.5992199707e+02 5.6002398682e+02 5.6018701172e+02 5.6037500000e+02 5.6057501221e+02 5.6069097900e+02 5.6089898682e+02 5.6108300781e+02 5.6121697998e+02 5.6111499023e+02 5.6071301270e+02 5.6024102783e+02 5.5995599365e+02 5.5984301758e+02 5.5995202637e+02 5.6013000488e+02 5.6041400146e+02 5.6061798096e+02 5.6073199463e+02 5.6082000732e+02 5.6090100098e+02 5.6089501953e+02 5.6091699219e+02 5.6093103027e+02 5.6094598389e+02 5.6099401855e+02 5.6102600098e+02 5.6105999756e+02 5.6109698486e+02 5.6115002441e+02 5.6117700195e+02 5.6120098877e+02 5.6121002197e+02 5.6123999023e+02 5.6127197266e+02 5.6130603027e+02 5.6134497070e+02 5.6137402344e+02 5.6136199951e+02 5.6132397461e+02 5.6127001953e+02 5.6148602295e+02
5.5964801025e+02 5.5962500000e+02 5.5969598389e+02 5.5983300781e+02 5.6004602051e+02 5.6024700928e+02 5.6039599609e+02 5.6054797363e+02 5.6069000244e+02 5.6084301758e+02 5.6099902344e+02 5.6114898682e+02 5.6137200928e+02 5.6148999023e+02 5.6133398438e+02 5.6102801514e+02 5.6054998779e+02 5.6028497314e+02 5.6029101563e+02 5.6040899658e+02 5.6064398193e+02 5.6079602051e+02 5.6087902832e+02 5.6095098877e+02 5.6099102783e+02 5.6099499512e+02 5.6100500488e+02 5.6100299072e+02 5.6099298096e+02 5.6100701904e+02 5.6102301025e+02 5.6104400635e+02 5.6107598877e+02 5.6110400391e+02 5.6112402344e+02 5.6114501953e+02 5.6116802979e+02 5.6119299316e+02 5.6122302246e+02 5.6125701904e+02 5.6130902100e+02 5.6134698486e+02 5.6135302734e+02 5.6134002686e+02 5.6128002930e+02 5.6132800293e+02
5.5957299805e+02 5.5960400391e+02 5.5978601074e+02 5.6001599121e+02 5.6022698975e+02 5.6038897705e+02 5.6053399658e+02 5.6067700195e+02 5.6080603027e+02 5.6094702148e+02 5.6109002686e+02 5.6122698975e+02 5.6144598389e+02 5.6165002441e+02 5.6161102295e+02 5.6143902588e+02 5.6104199219e+02 5.6070098877e+02 5.6065301514e+02 5.6070697021e+02 5.6086102295e+02 5.6096197510e+02 5.6101000977e+02 5.6105102539e+02 5.6107202148e+02 5.6107501221e+02 5.6107702637e+02 5.6106701660e+02 5.6103802490e+02 5.6102697754e+02 5.6103100586e+02 5.6104101563e+02 5.6105798340e+02 5.6107202148e+02 5.6108300781e+02 5.6109600830e+02 5.6111901855e+02 5.6114697266e+02 5.6117102051e+02 5.6120098877e+02 5.6125299072e+02 5.6130700684e+02 5.6132897949e+02 5.6133398438e+02 5.6131896973e+02 5.6124700928e+02
5.5951098633e+02 5.5967700195e+02 5.5999401855e+02 5.6029199219e+02 5.6041998291e+02 5.6051300049e+02 5.6066302490e+02 5.6080401611e+02 5.6091699219e+02 5.6103601074e+02 5.6116302490e+02 5.6128497314e+02 5.6146099854e+02 5.6166497803e+02 5.6170202637e+02 5.6163800049e+02 5.6140100098e+02 5.6107702637e+02 5.6098199463e+02 5.6097698975e+02 5.6105999756e+02 5.6111499023e+02 5.6112902832e+02 5.6113897705e+02 5.6114300537e+02 5.6114599609e+02 5.6113897705e+02 5.6112097168e+02 5.6108001709e+02 5.6104998779e+02 5.6104199219e+02 5.6103900146e+02 5.6104199219e+02 5.6104199219e+02 5.6104498291e+02 5.6104901123e+02 5.6106500244e+02 5.6108898926e+02 5.6110699463e+02 5.6113000488e+02 5.6117498779e+02 5.6123602295e+02 5.6127502441e+02 5.6130102539e+02 5.6133398438e+02 5.6126501465e+02
5.5949200439e+02 5.5987200928e+02 5.6023199463e+02 5.6044500732e+02 5.6045898438e+02 5.6059997559e+02 5.6077697754e+02 5.6094201660e+02 5.6105603027e+02 5.6110797119e+02 5.6121502686e+02 5.6132299805e+02 5.6143597412e+02 5.6157800293e+02 5.6165197754e+02 5.6167297363e+02 5.6164001465e+02 5.6146502686e+02 5.6135998535e+02 5.6129302979e+02 5.6125299072e+02 5.6121801758e+02 5.6120697021e+02 5.6120300293e+02 5.6120501709e+02 5.6119396973e+02 5.6117401123e+02 5.6114898682e+02 5.6111102295e+02 5.6108197021e+02 5.6105499268e+02 5.6102899170e+02 5.6100500488e+02 5.6101599121e+02 5.6100500488e+02 5.6099700928e+02 5.6098699951e+02 5.6100402832e+02 5.6101202393e+02 5.6103002930e+02 5.6104400635e+02 5.6110498047e+02 5.6115698242e+02 5.6121502686e+02 5.6126501465e+02 5.6130499268e+02
5.5947302246e+02 5.6005999756e+02 5.6034899902e+02 5.6038000488e+02 5.6044702148e+02 5.6063098145e+02 5.6083697510e+02 5.6103900146e+02 5.6113201904e+02 5.6116802979e+02 5.6125598145e+02 5.6134802246e+02 5.6144702148e+02 5.6155200195e+02 5.6162200928e+02 5.6165301514e+02 5.6166802979e+02 5.6164801025e+02 5.6160900879e+02 5.6155499268e+02 5.6141302490e+02 5.6130603027e+02 5.6128302002e+02 5.6127301025e+02 5.6126397705e+02 5.6122998047e+02 5.6120202637e+02 5.6117199707e+02 5.6114099121e+02 5.6111102295e+02 5.6107202148e+02 5.6103100586e+02 5.6100299072e+02 5.6099499512e+02 5.6097302246e+02 5.6095397949e+02 5.6093298340e+02 5.6091198730e+02 5.6090698242e+02 5.6091601563e+02 5.6093402100e+02 5.6095202637e+02 5.6100500488e+02 5.6108502197e+02 5.6117901611e+02 5.6125000000e+02
5.5944598389e+02 5.6010198975e+02 5.6037799072e+02 5.6035900879e+02 5.6040399170e+02 5.6059802246e+02 5.6081298828e+02 5.6102801514e+02 5.6115002441e+02 5.6118798828e+02 5.6126397705e+02 5.6134497070e+02 5.6143597412e+02 5.6153900146e+02 5.6160699463e+02 5.6163897705e+02 5.6166101074e+02 5.6168200684e+02 5.6167700195e+02 5.6164599609e+02 5.6152301025e+02 5.6140600586e+02 5.6136401367e+02 5.6133599854e+02 5.6131298828e+02 5.6127697754e+02 5.6124401855e+02 5.6120800781e+02 5.6116998291e+02 5.6113098145e+02 5.6108801270e+02 5.6104101563e+02 5.6099902344e+02 5.6097302246e+02 5.6094299316e+02 5.6091699219e+02 5.6088201904e+02 5.6084497070e+02 5.6083001709e+02 5.6082702637e+02 5.6082800293e+02 5.6083099365e+02 5.6088397217e+02 5.6097302246e+02 5.6108898926e+02 5.6118298340e+02
5.5942901611e+02 5.6011199951e+02 5.6040301514e+02 5.6037701416e+02 5.6036401367e+02 5.6052398682e+02 5.6073498535e+02 5.6095397949e+02 5.6111199951e+02 5.6116802979e+02 5.6123797607e+02 5.6131298828e+02 5.6140301514e+02 5.6150701904e+02 5.6158197021e+02 5.6162200928e+02 5.6164300537e+02 5.6167498779e+02 5.6169000244e+02 5.6167602539e+02 5.6159100342e+02 5.6148699951e+02 5.6142901611e+02 5.6138500977e+02 5.6135601807e+02 5.6132098389e+02 5.6128302002e+02 5.6124200439e+02 5.6119702148e+02 5.6115100098e+02 5.6110198975e+02 5.6105102539e+02 5.6099499512e+02 5.6095098877e+02 5.6091198730e+02 5.6087799072e+02 5.6083502197e+02 5.6078802490e+02 5.6076300049e+02 5.6074798584e+02 5.6073199463e+02 5.6072198486e+02 5.6077301025e+02 5.6086999512e+02 5.6099700928e+02 5.6109997559e+02
5.5937200928e+02 5.5996801758e+02 5.6030200195e+02 5.6030297852e+02 5.6025500488e+02 5.6043499756e+02 5.6062097168e+02 5.6084197998e+02 5.6104498291e+02 5.6111401367e+02 5.6118200684e+02 5.6125097656e+02 5.6133099365e+02 5.6146301270e+02 5.6155499268e+02 5.6161297607e+02 5.6163702393e+02 5.6165997314e+02 5.6168200684e+02 5.6168103027e+02 5.6164801025e+02 5.6156701660e+02 5.6149298096e+02 5.6142498779e+02 5.6136499023e+02 5.6135400391e+02 5.6131097412e+02 5.6126599121e+02 5.6121002197e+02 5.6116302490e+02 5.6110302734e+02 5.6103802490e+02 5.6095898438e+02 5.6092401123e+02 5.6087298584e+02 5.6082897949e+02 5.6077600098e+02 5.6074200439e+02 5.6071301270e+02 5.6068798828e+02 5.6062500000e+02 5.6062597656e+02 5.6068701172e+02 5.6078900146e+02 5.6091601563e+02 5.6101501465e+02
5.5927099609e+02 5.5962298584e+02 5.5999902344e+02 5.6001898193e+02 5.5999200439e+02 5.6022399902e+02 5.6046002197e+02 5.6073999023e+02 5.6094201660e+02 5.6102502441e+02 5.6111401367e+02 5.6118701172e+02 5.6129101563e+02 5.6144500732e+02 5.6154797363e+02 5.6161199951e+02 5.6163000488e+02 5.6164599609e+02 5.6166900635e+02 5.6169299316e+02 5.6168298340e+02 5.6163800049e+02 5.6158099365e+02 5.6151300049e+02 5.6144799805e+02 5.6140399170e+02 5.6135601807e+02 5.6130297852e+02 5.6124401855e+02 5.6117700195e+02 5.6110498047e+02 5.6102600098e+02 5.6095202637e+02 5.6089300537e+02 5.6083502197e+02 5.6078802490e+02 5.6074102783e+02 5.6070300293e+02 5.6067999268e+02 5.6065802002e+02 5.6062902832e+02 5.6064501953e+02 5.6067901611e+02 5.6074798584e+02 5.6086401367e+02 5.6096697998e+02
5.5924298096e+02 5.5939202881e+02 5.5971697998e+02 5.5984497070e+02 5.5987799072e+02 5.6006896973e+02 5.6030200195e+02 5.6059002686e+02 5.6081402588e+02 5.6094500732e+02 5.6105200195e+02 5.6113598633e+02 5.6125000000e+02 5.6142498779e+02 5.6154302979e+02 5.6161798096e+02 5.6163299561e+02 5.6162597656e+02 5.6164202881e+02 5.6167401123e+02 5.6169702148e+02 5.6168298340e+02 5.6164697266e+02 5.6159497070e+02 5.6152398682e+02 5.6146197510e+02 5.6140899658e+02 5.6135198975e+02 5.6128302002e+02 5.6120599365e+02 5.6113000488e+02 5.6104699707e+02 5.6094799805e+02 5.6086199951e+02 5.6079797363e+02 5.6074902344e+02 5.6070599365e+02 5.6067498779e+02 5.6065899658e+02 5.6064300537e+02 5.6063897705e+02 5.6065802002e+02 5.6067297363e+02 5.6072998047e+02 5.6084002686e+02 5.6090802002e+02
5.5925897217e+02 5.5929498291e+02 5.5954901123e+02 5.5985198975e+02 5.5999902344e+02 5.6004199219e+02 5.6020898438e+02 5.6047100830e+02 5.6071398926e+02 5.6088201904e+02 5.6100299072e+02 5.6109197998e+02 5.6119897461e+02 5.6137902832e+02 5.6151599121e+02 5.6161297607e+02 5.6164697266e+02 5.6162097168e+02 5.6162097168e+02 5.6164898682e+02 5.6169299316e+02 5.6170599365e+02 5.6169000244e+02 5.6165399170e+02 5.6158599854e+02 5.6151599121e+02 5.6146002197e+02 5.6139898682e+02 5.6132598877e+02 5.6124597168e+02 5.6116601563e+02 5.6107897949e+02 5.6094799805e+02 5.6082598877e+02 5.6075701904e+02 5.6070501709e+02 5.6066802979e+02 5.6065301514e+02 5.6064697266e+02 5.6064099121e+02 5.6064099121e+02 5.6064898682e+02 5.6066699219e+02 5.6073400879e+02 5.6084100342e+02 5.6088299561e+02
