TESTSERVER/5/13.asc
NCOLS 100
NROWS 100
XLLCORNER 7.7497500000e+03
YLLCORNER 2.8930025000e+05
CELLSIZE 5.0000000000e-01
NODATA_VALUE -9.9990000000e+03
[rows 40 to 59 of 100, columns 46 to 91 of 100]
5.6089202881e+02 5.6093200684e+02 5.6099700928e+02 5.6102600098e+02 5.6105902100e+02 5.6112298584e+02 5.6121099854e+02 5.6125500488e+02 5.6152197266e+02 5.6190197754e+02 5.6198901367e+02 5.6191497803e+02 5.6197601318e+02 5.6207501221e+02 5.6213299561e+02 5.6216101074e+02 5.6219201660e+02 5.6221197510e+02 5.6222900391e+02 5.6225000000e+02 5.6227502441e+02 5.6228002930e+02 5.6225897217e+02 5.6229199219e+02 5.6232299805e+02 5.6233898926e+02 5.6234600830e+02 5.6232299805e+02 5.6233697510e+02 5.6239099121e+02 5.6244799805e+02 5.6248400879e+02 5.6248901367e+02 5.6251397705e+02 5.6255297852e+02 5.6260101318e+02 5.6264001465e+02 5.6266101074e+02 5.6267602539e+02 5.6269702148e+02 5.6273901367e+02 5.6277600098e+02 5.6278698730e+02 5.6281097412e+02 5.6283801270e+02 5.6286102295e+02
5.6086901855e+02 5.6091302490e+02 5.6096099854e+02 5.6099597168e+02 5.6103302002e+02 5.6106597900e+02 5.6110198975e+02 5.6114898682e+02 5.6124700928e+02 5.6154400635e+02 5.6194799805e+02 5.6196398926e+02 5.6194500732e+02 5.6199102783e+02 5.6207299805e+02 5.6211102295e+02 5.6215600586e+02 5.6219000244e+02 5.6220397949e+02 5.6220898438e+02 5.6222698975e+02 5.6224798584e+02 5.6224902344e+02 5.6226800537e+02 5.6229400635e+02 5.6230798340e+02 5.6233001709e+02 5.6234002686e+02 5.6236199951e+02 5.6239599609e+02 5.6243200684e+02 5.6244799805e+02 5.6245397949e+02 5.6248699951e+02 5.6253497314e+02 5.6256500244e+02 5.6259399414e+02 5.6261999512e+02 5.6263598633e+02 5.6264898682e+02 5.6271002197e+02 5.6278100586e+02 5.6281896973e+02 5.6285498047e+02 5.6287298584e+02 5.6285498047e+02
5.6090502930e+02 5.6095001221e+02 5.6095898438e+02 5.6097802734e+02 5.6100701904e+02 5.6102301025e+02 5.6105700684e+02 5.6113702393e+02 5.6116601563e+02 5.6129400635e+02 5.6163500977e+02 5.6192999268e+02 5.6200097656e+02 5.6195397949e+02 5.6199902344e+02 5.6205999756e+02 5.6210998535e+02 5.6214398193e+02 5.6215997314e+02 5.6217199707e+02 5.6219000244e+02 5.6221997070e+02 5.6223602295e+02 5.6225500488e+02 5.6228002930e+02 5.6228997803e+02 5.6230798340e+02 5.6233099365e+02 5.6237200928e+02 5.6240399170e+02 5.6242297363e+02 5.6242901611e+02 5.6243200684e+02 5.6245800781e+02 5.6250598145e+02 5.6252600098e+02 5.6254699707e+02 5.6258697510e+02 5.6262902832e+02 5.6265197754e+02 5.6270599365e+02 5.6278601074e+02 5.6284698486e+02 5.6287902832e+02 5.6288397217e+02 5.6284997559e+02
5.6094000244e+02 5.6097900391e+02 5.6095501709e+02 5.6094702148e+02 5.6096600342e+02 5.6099401855e+02 5.6103399658e+02 5.6110198975e+02 5.6114898682e+02 5.6118798828e+02 5.6127697754e+02 5.6171801758e+02 5.6200598145e+02 5.6198101807e+02 5.6194799805e+02 5.6200598145e+02 5.6205200195e+02 5.6208398438e+02 5.6210601807e+02 5.6213299561e+02 5.6215899658e+02 5.6219396973e+02 5.6221801758e+02 5.6224798584e+02 5.6228002930e+02 5.6228302002e+02 5.6228802490e+02 5.6230700684e+02 5.6236199951e+02 5.6240197754e+02 5.6241198730e+02 5.6242102051e+02 5.6242602539e+02 5.6243798828e+02 5.6246899414e+02 5.6248699951e+02 5.6250500488e+02 5.6254602051e+02 5.6261102295e+02 5.6265197754e+02 5.6269702148e+02 5.6277600098e+02 5.6284497070e+02 5.6286602783e+02 5.6286901855e+02 5.6284600830e+02
5.6089501953e+02 5.6090698242e+02 5.6089001465e+02 5.6091302490e+02 5.6094598389e+02 5.6098101807e+02 5.6100799561e+02 5.6103497314e+02 5.6107800293e+02 5.6114398193e+02 5.6121997070e+02 5.6137402344e+02 5.6178802490e+02 5.6197198486e+02 5.6187402344e+02 5.6195098877e+02 5.6200000000e+02 5.6203601074e+02 5.6205603027e+02 5.6208898926e+02 5.6212298584e+02 5.6215899658e+02 5.6218902588e+02 5.6221600342e+02 5.6225097656e+02 5.6226300049e+02 5.6227398682e+02 5.6228601074e+02 5.6232897949e+02 5.6237298584e+02 5.6239398193e+02 5.6240502930e+02 5.6242797852e+02 5.6244799805e+02 5.6245800781e+02 5.6247802734e+02 5.6250201416e+02 5.6252899170e+02 5.6257702637e+02 5.6263397217e+02 5.6269097900e+02 5.6275701904e+02 5.6280603027e+02 5.6282501221e+02 5.6283599854e+02 5.6283697510e+02
5.6080499268e+02 5.6081097412e+02 5.6083697510e+02 5.6088299561e+02 5.6092102051e+02 5.6094897461e+02 5.6097198486e+02 5.6101098633e+02 5.6103802490e+02 5.6108197021e+02 5.6115802002e+02 5.6115399170e+02 5.6149401855e+02 5.6191400146e+02 5.6191497803e+02 5.6188702393e+02 5.6194000244e+02 5.6200000000e+02 5.6200598145e+02 5.6203698730e+02 5.6208300781e+02 5.6212902832e+02 5.6216497803e+02 5.6219598389e+02 5.6225701904e+02 5.6226702881e+02 5.6225201416e+02 5.6226000977e+02 5.6229302979e+02 5.6234497070e+02 5.6238397217e+02 5.6238397217e+02 5.6239898682e+02 5.6243298340e+02 5.6246002197e+02 5.6248101807e+02 5.6250701904e+02 5.6254699707e+02 5.6258801270e+02 5.6263098145e+02 5.6267102051e+02 5.6271801758e+02 5.6277001953e+02 5.6278399658e+02 5.6277398682e+02 5.6277801514e+02
5.6072900391e+02 5.6074902344e+02 5.6078497314e+02 5.6083001709e+02 5.6086901855e+02 5.6089697266e+02 5.6092797852e+02 5.6096801758e+02 5.6099200439e+02 5.6102197266e+02 5.6107897949e+02 5.6109399414e+02 5.6127197266e+02 5.6169396973e+02 5.6196099854e+02 5.6189599609e+02 5.6189202881e+02 5.6194799805e+02 5.6196600342e+02 5.6199798584e+02 5.6205102539e+02 5.6210302734e+02 5.6215100098e+02 5.6218701172e+02 5.6227001953e+02 5.6227697754e+02 5.6223199463e+02 5.6224102783e+02 5.6227697754e+02 5.6233398438e+02 5.6237799072e+02 5.6237500000e+02 5.6238397217e+02 5.6241699219e+02 5.6245202637e+02 5.6247698975e+02 5.6250299072e+02 5.6254797363e+02 5.6259002686e+02 5.6263201904e+02 5.6266101074e+02 5.6267401123e+02 5.6270202637e+02 5.6273199463e+02 5.6272998047e+02 5.6274401855e+02
5.6067199707e+02 5.6068798828e+02 5.6072302246e+02 5.6076300049e+02 5.6081201172e+02 5.6085400391e+02 5.6089398193e+02 5.6093103027e+02 5.6095202637e+02 5.6097302246e+02 5.6099401855e+02 5.6106402588e+02 5.6113702393e+02 5.6135498047e+02 5.6180401611e+02 5.6192199707e+02 5.6189202881e+02 5.6191101074e+02 5.6195300293e+02 5.6200500488e+02 5.6205999756e+02 5.6208697510e+02 5.6212500000e+02 5.6215197754e+02 5.6221899414e+02 5.6222998047e+02 5.6220001221e+02 5.6221997070e+02 5.6226397705e+02 5.6232098389e+02 5.6236401367e+02 5.6236602783e+02 5.6236901855e+02 5.6239501953e+02 5.6242797852e+02 5.6244702148e+02 5.6247900391e+02 5.6253497314e+02 5.6257800293e+02 5.6260400391e+02 5.6261999512e+02 5.6260998535e+02 5.6260601807e+02 5.6265301514e+02 5.6268701172e+02 5.6271801758e+02
5.6061499023e+02 5.6062597656e+02 5.6066101074e+02 5.6070898438e+02 5.6076501465e+02 5.6080798340e+02 5.6084197998e+02 5.6087701416e+02 5.6090100098e+02 5.6093499756e+02 5.6093701172e+02 5.6098901367e+02 5.6105902100e+02 5.6112097168e+02 5.6141900635e+02 5.6181500244e+02 5.6190997314e+02 5.6191101074e+02 5.6196997070e+02 5.6206896973e+02 5.6211401367e+02 5.6208801270e+02 5.6207702637e+02 5.6210302734e+02 5.6214501953e+02 5.6217102051e+02 5.6217297363e+02 5.6219500732e+02 5.6224200439e+02 5.6229400635e+02 5.6232897949e+02 5.6235400391e+02 5.6235998535e+02 5.6238000488e+02 5.6241601563e+02 5.6241998291e+02 5.6244500732e+02 5.6250000000e+02 5.6254699707e+02 5.6255603027e+02 5.6256402588e+02 5.6256298828e+02 5.6258300781e+02 5.6260400391e+02 5.6264398193e+02 5.6266699219e+02
5.6057202148e+02 5.6058801270e+02 5.6061499023e+02 5.6065399170e+02 5.6070800781e+02 5.6075598145e+02 5.6079101563e+02 5.6082000732e+02 5.6085498047e+02 5.6089697266e+02 5.6090997314e+02 5.6093200684e+02 5.6100598145e+02 5.6105603027e+02 5.6116400146e+02 5.6154302979e+02 5.6185998535e+02 5.6197399902e+02 5.6196801758e+02 5.6211199951e+02 5.6218200684e+02 5.6213299561e+02 5.6203802490e+02 5.6203997803e+02 5.6208801270e+02 5.6214099121e+02 5.6213897705e+02 5.6215802002e+02 5.6221099854e+02 5.6227099609e+02 5.6232501221e+02 5.6235198975e+02 5.6236700439e+02 5.6238800049e+02 5.6242602539e+02 5.6244000244e+02 5.6243701172e+02 5.6245098877e+02 5.6247497559e+02 5.6251397705e+02 5.6255401611e+02 5.6256201172e+02 5.6256597900e+02 5.6257702637e+02 5.6259301758e+02 5.6260601807e+02
5.6052502441e+02 5.6054797363e+02 5.6057800293e+02 5.6060797119e+02 5.6065600586e+02 5.6071398926e+02 5.6075701904e+02 5.6079400635e+02 5.6082202148e+02 5.6085400391e+02 5.6088897705e+02 5.6091400146e+02 5.6097399902e+02 5.6102899170e+02 5.6106298828e+02 5.6128100586e+02 5.6168798828e+02 5.6194897461e+02 5.6192797852e+02 5.6207598877e+02 5.6220001221e+02 5.6218200684e+02 5.6204998779e+02 5.6201300049e+02 5.6204199219e+02 5.6209698486e+02 5.6210400391e+02 5.6212097168e+02 5.6218103027e+02 5.6224902344e+02 5.6231298828e+02 5.6234497070e+02 5.6236102295e+02 5.6238000488e+02 5.6241699219e+02 5.6246099854e+02 5.6244799805e+02 5.6242199707e+02 5.6243597412e+02 5.6247900391e+02 5.6252301025e+02 5.6252398682e+02 5.6252398682e+02 5.6255700684e+02 5.6260998535e+02 5.6262500000e+02
5.6047601318e+02 5.6050799561e+02 5.6054199219e+02 5.6056500244e+02 5.6061102295e+02 5.6067102051e+02 5.6071197510e+02 5.6076702881e+02 5.6079602051e+02 5.6082397461e+02 5.6087402344e+02 5.6093402100e+02 5.6100097656e+02 5.6103100586e+02 5.6103002930e+02 5.6108599854e+02 5.6140100098e+02 5.6176800537e+02 5.6189801025e+02 5.6202502441e+02 5.6218200684e+02 5.6221697998e+02 5.6209399414e+02 5.6201098633e+02 5.6200799561e+02 5.6204901123e+02 5.6207202148e+02 5.6209600830e+02 5.6215399170e+02 5.6222100830e+02 5.6228601074e+02 5.6231896973e+02 5.6233697510e+02 5.6235699463e+02 5.6238299561e+02 5.6245001221e+02 5.6246997070e+02 5.6245800781e+02 5.6250201416e+02 5.6251202393e+02 5.6252197266e+02 5.6251898193e+02 5.6253601074e+02 5.6258898926e+02 5.6264202881e+02 5.6262200928e+02
5.6042602539e+02 5.6046600342e+02 5.6050701904e+02 5.6052099609e+02 5.6056097412e+02 5.6062097168e+02 5.6066601563e+02 5.6072497559e+02 5.6077600098e+02 5.6080700684e+02 5.6087500000e+02 5.6099902344e+02 5.6108197021e+02 5.6108697510e+02 5.6102001953e+02 5.6102099609e+02 5.6112402344e+02 5.6148699951e+02 5.6196600342e+02 5.6201397705e+02 5.6212402344e+02 5.6220898438e+02 5.6215100098e+02 5.6202600098e+02 5.6197998047e+02 5.6201702881e+02 5.6212200928e+02 5.6209399414e+02 5.6213201904e+02 5.6219097900e+02 5.6222698975e+02 5.6225598145e+02 5.6228997803e+02 5.6232598877e+02 5.6234802246e+02 5.6247100830e+02 5.6254199219e+02 5.6257598877e+02 5.6266302490e+02 5.6260302734e+02 5.6256701660e+02 5.6255499268e+02 5.6257800293e+02 5.6258697510e+02 5.6254797363e+02 5.6249298096e+02
5.6038397217e+02 5.6042700195e+02 5.6046301270e+02 5.6048602295e+02 5.6053399658e+02 5.6059497070e+02 5.6065600586e+02 5.6071600342e+02 5.6075000000e+02 5.6078399658e+02 5.6092401123e+02 5.6105297852e+02 5.6108197021e+02 5.6109497070e+02 5.6107202148e+02 5.6100799561e+02 5.6097497559e+02 5.6116497803e+02 5.6165997314e+02 5.6194299316e+02 5.6206298828e+02 5.6219897461e+02 5.6224401855e+02 5.6213897705e+02 5.6200500488e+02 5.6197802734e+02 5.6206201172e+02 5.6206896973e+02 5.6208398438e+02 5.6212701416e+02 5.6217102051e+02 5.6221899414e+02 5.6227801514e+02 5.6232598877e+02 5.6238598633e+02 5.6257000732e+02 5.6258801270e+02 5.6255401611e+02 5.6259197998e+02 5.6251300049e+02 5.6249102783e+02 5.6246997070e+02 5.6250897217e+02 5.6255603027e+02 5.6249499512e+02 5.6246099854e+02
5.6035101318e+02 5.6039300537e+02 5.6042297363e+02 5.6046398926e+02 5.6051397705e+02 5.6056097412e+02 5.6062402344e+02 5.6069702148e+02 5.6072998047e+02 5.6075097656e+02 5.6088299561e+02 5.6104998779e+02 5.6109301758e+02 5.6111798096e+02 5.6110998535e+02 5.6100598145e+02 5.6096398926e+02 5.6103302002e+02 5.6127197266e+02 5.6169799805e+02 5.6194598389e+02 5.6215698242e+02 5.6229498291e+02 5.6223797607e+02 5.6205798340e+02 5.6194799805e+02 5.6197100830e+02 5.6200097656e+02 5.6202600098e+02 5.6206896973e+02 5.6214099121e+02 5.6219897461e+02 5.6224597168e+02 5.6228399658e+02 5.6234899902e+02 5.6249798584e+02 5.6245501709e+02 5.6237902832e+02 5.6240698242e+02 5.6238397217e+02 5.6245599365e+02 5.6248199463e+02 5.6249597168e+02 5.6257598877e+02 5.6255401611e+02 5.6254400635e+02
5.6032000732e+02 5.6035900879e+02 5.6038800049e+02 5.6043402100e+02 5.6047698975e+02 5.6051800537e+02 5.6058001709e+02 5.6064801025e+02 5.6069396973e+02 5.6071502686e+02 5.6078002930e+02 5.6100402832e+02 5.6107501221e+02 5.6105200195e+02 5.6100000000e+02 5.6092498779e+02 5.6091101074e+02 5.6092700195e+02 5.6104199219e+02 5.6152197266e+02 5.6179199219e+02 5.6197698975e+02 5.6216998291e+02 5.6214099121e+02 5.6197802734e+02 5.6188201904e+02 5.6190899658e+02 5.6198199463e+02 5.6204400635e+02 5.6208099365e+02 5.6212097168e+02 5.6211401367e+02 5.6211700439e+02 5.6215600586e+02 5.6222998047e+02 5.6231799316e+02 5.6229901123e+02 5.6227502441e+02 5.6232800293e+02 5.6234899902e+02 5.6249401855e+02 5.6257800293e+02 5.6250402832e+02 5.6257000732e+02 5.6259197998e+02 5.6259899902e+02
5.6028900146e+02 5.6033001709e+02 5.6036499023e+02 5.6039099121e+02 5.6043597412e+02 5.6048999023e+02 5.6054302979e+02 5.6058099365e+02 5.6062597656e+02 5.6067102051e+02 5.6072399902e+02 5.6084899902e+02 5.6089001465e+02 5.6086499023e+02 5.6082800293e+02 5.6087902832e+02 5.6099597168e+02 5.6117700195e+02 5.6149401855e+02 5.6178002930e+02 5.6181896973e+02 5.6178997803e+02 5.6189801025e+02 5.6187597656e+02 5.6181298828e+02 5.6184997559e+02 5.6195300293e+02 5.6209600830e+02 5.6217102051e+02 5.6217102051e+02 5.6209301758e+02 5.6195800781e+02 5.6192999268e+02 5.6200799561e+02 5.6216802979e+02 5.6224200439e+02 5.6225500488e+02 5.6230102539e+02 5.6236901855e+02 5.6238598633e+02 5.6262597656e+02 5.6277899170e+02 5.6259698486e+02 5.6257800293e+02 5.6258099365e+02 5.6256799316e+02
5.6024401855e+02 5.6029101563e+02 5.6034002686e+02 5.6036798096e+02 5.6041400146e+02 5.6046197510e+02 5.6049902344e+02 5.6053399658e+02 5.6057598877e+02 5.6063299561e+02 5.6067700195e+02 5.6072198486e+02 5.6075097656e+02 5.6076599121e+02 5.6082000732e+02 5.6097698975e+02 5.6116900635e+02 5.6141101074e+02 5.6179901123e+02 5.6211401367e+02 5.6195898438e+02 5.6171197510e+02 5.6166802979e+02 5.6182897949e+02 5.6184100342e+02 5.6175701904e+02 5.6174902344e+02 5.6190002441e+02 5.6198199463e+02 5.6201300049e+02 5.6200097656e+02 5.6194598389e+02 5.6199499512e+02 5.6212500000e+02 5.6224902344e+02 5.6225500488e+02 5.6225000000e+02 5.6232702637e+02 5.6237097168e+02 5.6238897705e+02 5.6271002197e+02 5.6279400635e+02 5.6259002686e+02 5.6259100342e+02 5.6254901123e+02 5.6253302002e+02
5.6021997070e+02 5.6026300049e+02 5.6031201172e+02 5.6035302734e+02 5.6039697266e+02 5.6043200684e+02 5.6046997070e+02 5.6050598145e+02 5.6054699707e+02 5.6060198975e+02 5.6065197754e+02 5.6067297363e+02 5.6069201660e+02 5.6071502686e+02 5.6079901123e+02 5.6098901367e+02 5.6120098877e+02 5.6145501709e+02 5.6187298584e+02 5.6215698242e+02 5.6193200684e+02 5.6159301758e+02 5.6140698242e+02 5.6150500488e+02 5.6150500488e+02 5.6143701172e+02 5.6153698730e+02 5.6172698975e+02 5.6183502197e+02 5.6189501953e+02 5.6196697998e+02 5.6197900391e+02 5.6204699707e+02 5.6216198730e+02 5.6226599121e+02 5.6225799561e+02 5.6226098633e+02 5.6234802246e+02 5.6240100098e+02 5.6236798096e+02 5.6259100342e+02 5.6265698242e+02 5.6257000732e+02 5.6257202148e+02 5.6254998779e+02 5.6257501221e+02
5.6022698975e+02 5.6026300049e+02 5.6029998779e+02 5.6035198975e+02 5.6039801025e+02 5.6042700195e+02 5.6047497559e+02 5.6051599121e+02 5.6055200195e+02 5.6059399414e+02 5.6064099121e+02 5.6066101074e+02 5.6067199707e+02 5.6069000244e+02 5.6074798584e+02 5.6091900635e+02 5.6112902832e+02 5.6137298584e+02 5.6172497559e+02 5.6195001221e+02 5.6177600098e+02 5.6147399902e+02 5.6120501709e+02 5.6110998535e+02 5.6115301514e+02 5.6128900146e+02 5.6155297852e+02 5.6174401855e+02 5.6184899902e+02 5.6192102051e+02 5.6206201172e+02 5.6205999756e+02 5.6206298828e+02 5.6210601807e+02 5.6217999268e+02 5.6220697021e+02 5.6224200439e+02 5.6231896973e+02 5.6237500000e+02 5.6231298828e+02 5.6241400146e+02 5.6250897217e+02 5.6258300781e+02 5.6260302734e+02 5.6260699463e+02 5.6262298584e+02
