TESTSERVER/5/14.asc
NCOLS 100
NROWS 100
XLLCORNER 7.7497500000e+03
YLLCORNER 2.8925025000e+05
CELLSIZE 5.0000000000e-01
NODATA_VALUE -9.9990000000e+03
[rows 60 to 79 of 100, columns 46 to 91 of 100]
5.5380902100e+02 5.5382000732e+02 5.5381701660e+02 5.5383898926e+02 5.5382397461e+02 5.5374298096e+02 5.5364001465e+02 5.5361798096e+02 5.5361901855e+02 5.5360797119e+02 5.5358898926e+02 5.5357000732e+02 5.5356298828e+02 5.5356500244e+02 5.5355999756e+02 5.5357202148e+02 5.5357501221e+02 5.5355401611e+02 5.5350799561e+02 5.5351202393e+02 5.5354199219e+02 5.5357299805e+02 5.5359802246e+02 5.5360797119e+02 5.5362298584e+02 5.5364599609e+02 5.5364801025e+02 5.5365600586e+02 5.5366699219e+02 5.5367102051e+02 5.5366699219e+02 5.5369500732e+02 5.5371099854e+02 5.5372100830e+02 5.5371801758e+02 5.5373101807e+02 5.5375701904e+02 5.5379998779e+02 5.5382702637e+02 5.5381298828e+02 5.5381298828e+02 5.5382202148e+02 5.5384197998e+02 5.5383197021e+02 5.5382702637e+02 5.5381799316e+02
5.5379101563e+02 5.5379400635e+02 5.5381896973e+02 5.5385601807e+02 5.5380401611e+02 5.5368402100e+02 5.5361798096e+02 5.5362200928e+02 5.5361499023e+02 5.5359399414e+02 5.5358599854e+02 5.5356799316e+02 5.5355700684e+02 5.5354998779e+02 5.5354699707e+02 5.5354498291e+02 5.5354602051e+02 5.5354602051e+02 5.5351800537e+02 5.5351397705e+02 5.5353698730e+02 5.5356298828e+02 5.5357897949e+02 5.5359301758e+02 5.5361499023e+02 5.5363397217e+02 5.5362298584e+02 5.5363598633e+02 5.5365399170e+02 5.5367199707e+02 5.5367700195e+02 5.5368402100e+02 5.5369598389e+02 5.5371301270e+02 5.5372601318e+02 5.5374298096e+02 5.5377899170e+02 5.5381799316e+02 5.5383801270e+02 5.5384002686e+02 5.5384100342e+02 5.5384497070e+02 5.5383697510e+02 5.5381402588e+02 5.5380102539e+02 5.5378997803e+02
5.5377398682e+02 5.5378802490e+02 5.5382397461e+02 5.5382598877e+02 5.5372802734e+02 5.5363800049e+02 5.5362402344e+02 5.5362902832e+02 5.5361499023e+02 5.5359002686e+02 5.5358300781e+02 5.5356500244e+02 5.5354602051e+02 5.5352398682e+02 5.5351501465e+02 5.5351501465e+02 5.5352099609e+02 5.5353802490e+02 5.5354199219e+02 5.5354199219e+02 5.5354901123e+02 5.5355999756e+02 5.5357598877e+02 5.5359399414e+02 5.5361102295e+02 5.5362298584e+02 5.5361999512e+02 5.5363800049e+02 5.5365197754e+02 5.5366802979e+02 5.5368200684e+02 5.5368499756e+02 5.5369201660e+02 5.5370898438e+02 5.5372601318e+02 5.5374298096e+02 5.5377001953e+02 5.5379400635e+02 5.5381799316e+02 5.5382702637e+02 5.5383001709e+02 5.5383300781e+02 5.5381701660e+02 5.5379302979e+02 5.5378002930e+02 5.5376898193e+02
5.5374597168e+02 5.5378698730e+02 5.5382000732e+02 5.5376702881e+02 5.5366400146e+02 5.5363201904e+02 5.5364001465e+02 5.5362402344e+02 5.5360699463e+02 5.5359698486e+02 5.5359497070e+02 5.5357098389e+02 5.5354400635e+02 5.5351098633e+02 5.5348999023e+02 5.5350701904e+02 5.5352099609e+02 5.5353399658e+02 5.5354699707e+02 5.5356201172e+02 5.5356597900e+02 5.5357098389e+02 5.5358898926e+02 5.5360198975e+02 5.5360797119e+02 5.5361401367e+02 5.5363000488e+02 5.5365002441e+02 5.5365600586e+02 5.5365997314e+02 5.5366900635e+02 5.5367901611e+02 5.5368597412e+02 5.5369799805e+02 5.5372399902e+02 5.5374401855e+02 5.5374902344e+02 5.5374597168e+02 5.5376898193e+02 5.5378399658e+02 5.5378900146e+02 5.5379302979e+02 5.5378601074e+02 5.5377197266e+02 5.5375897217e+02 5.5374798584e+02
5.5367999268e+02 5.5373699951e+02 5.5377899170e+02 5.5373297119e+02 5.5367199707e+02 5.5365197754e+02 5.5363897705e+02 5.5362902832e+02 5.5361199951e+02 5.5360400391e+02 5.5360900879e+02 5.5356701660e+02 5.5354400635e+02 5.5351898193e+02 5.5349902344e+02 5.5351098633e+02 5.5352600098e+02 5.5353198242e+02 5.5354498291e+02 5.5356597900e+02 5.5358001709e+02 5.5358502197e+02 5.5359002686e+02 5.5359698486e+02 5.5360302734e+02 5.5360699463e+02 5.5361499023e+02 5.5365100098e+02 5.5366101074e+02 5.5365899658e+02 5.5365899658e+02 5.5366302490e+02 5.5366699219e+02 5.5368103027e+02 5.5372802734e+02 5.5376501465e+02 5.5375201416e+02 5.5371899414e+02 5.5371398926e+02 5.5373199463e+02 5.5374200439e+02 5.5375201416e+02 5.5375000000e+02 5.5375201416e+02 5.5374798584e+02 5.5373699951e+02
5.5362097168e+02 5.5365899658e+02 5.5370098877e+02 5.5369396973e+02 5.5366601563e+02 5.5364099121e+02 5.5363000488e+02 5.5363598633e+02 5.5362597656e+02 5.5361401367e+02 5.5361700439e+02 5.5358001709e+02 5.5356799316e+02 5.5354400635e+02 5.5351800537e+02 5.5352099609e+02 5.5352600098e+02 5.5353100586e+02 5.5354199219e+02 5.5355499268e+02 5.5356799316e+02 5.5357800293e+02 5.5358300781e+02 5.5358801270e+02 5.5358801270e+02 5.5358898926e+02 5.5360101318e+02 5.5363397217e+02 5.5365197754e+02 5.5365698242e+02 5.5365899658e+02 5.5366497803e+02 5.5367401123e+02 5.5370001221e+02 5.5374700928e+02 5.5374597168e+02 5.5371600342e+02 5.5368298340e+02 5.5366601563e+02 5.5368103027e+02 5.5369201660e+02 5.5371002197e+02 5.5371899414e+02 5.5372998047e+02 5.5373901367e+02 5.5373297119e+02
5.5358300781e+02 5.5360302734e+02 5.5362402344e+02 5.5364001465e+02 5.5363299561e+02 5.5361901855e+02 5.5361700439e+02 5.5362597656e+02 5.5361798096e+02 5.5360998535e+02 5.5361999512e+02 5.5357800293e+02 5.5356896973e+02 5.5355200195e+02 5.5352398682e+02 5.5352801514e+02 5.5353497314e+02 5.5353399658e+02 5.5353900146e+02 5.5353802490e+02 5.5354998779e+02 5.5356597900e+02 5.5357702637e+02 5.5358300781e+02 5.5358197021e+02 5.5358099365e+02 5.5359100342e+02 5.5362097168e+02 5.5364202881e+02 5.5365301514e+02 5.5366101074e+02 5.5367700195e+02 5.5370098877e+02 5.5373199463e+02 5.5375299072e+02 5.5371197510e+02 5.5366400146e+02 5.5363098145e+02 5.5361798096e+02 5.5362902832e+02 5.5363397217e+02 5.5365502930e+02 5.5368298340e+02 5.5370599365e+02 5.5372302246e+02 5.5372198486e+02
5.5356500244e+02 5.5358001709e+02 5.5357702637e+02 5.5359301758e+02 5.5359698486e+02 5.5359100342e+02 5.5359497070e+02 5.5361199951e+02 5.5360998535e+02 5.5360400391e+02 5.5361999512e+02 5.5357598877e+02 5.5357501221e+02 5.5357397461e+02 5.5354101563e+02 5.5354302979e+02 5.5355200195e+02 5.5355102539e+02 5.5354998779e+02 5.5353997803e+02 5.5354101563e+02 5.5354998779e+02 5.5356402588e+02 5.5357299805e+02 5.5357501221e+02 5.5357598877e+02 5.5358398438e+02 5.5360797119e+02 5.5362902832e+02 5.5364398193e+02 5.5365698242e+02 5.5368298340e+02 5.5371502686e+02 5.5373699951e+02 5.5372802734e+02 5.5367102051e+02 5.5361901855e+02 5.5358599854e+02 5.5357598877e+02 5.5358001709e+02 5.5357501221e+02 5.5359100342e+02 5.5363897705e+02 5.5368103027e+02 5.5370501709e+02 5.5371002197e+02
5.5353601074e+02 5.5355102539e+02 5.5354797363e+02 5.5355401611e+02 5.5356500244e+02 5.5356201172e+02 5.5355902100e+02 5.5358398438e+02 5.5358001709e+02 5.5356597900e+02 5.5357598877e+02 5.5356298828e+02 5.5356597900e+02 5.5357501221e+02 5.5357501221e+02 5.5356201172e+02 5.5355499268e+02 5.5354797363e+02 5.5355902100e+02 5.5356402588e+02 5.5354797363e+02 5.5353497314e+02 5.5354199219e+02 5.5355499268e+02 5.5356097412e+02 5.5356799316e+02 5.5358001709e+02 5.5359301758e+02 5.5360900879e+02 5.5362500000e+02 5.5364202881e+02 5.5367102051e+02 5.5370098877e+02 5.5371197510e+02 5.5369598389e+02 5.5363800049e+02 5.5358502197e+02 5.5355603027e+02 5.5354400635e+02 5.5353900146e+02 5.5351300049e+02 5.5350701904e+02 5.5359301758e+02 5.5367401123e+02 5.5370098877e+02 5.5370800781e+02
5.5349298096e+02 5.5351098633e+02 5.5351300049e+02 5.5349902344e+02 5.5351098633e+02 5.5351898193e+02 5.5352600098e+02 5.5352502441e+02 5.5352301025e+02 5.5352099609e+02 5.5353997803e+02 5.5353002930e+02 5.5354101563e+02 5.5355798340e+02 5.5355999756e+02 5.5353997803e+02 5.5352001953e+02 5.5351098633e+02 5.5353802490e+02 5.5356701660e+02 5.5356701660e+02 5.5355401611e+02 5.5354498291e+02 5.5355297852e+02 5.5355902100e+02 5.5356701660e+02 5.5357397461e+02 5.5358197021e+02 5.5359497070e+02 5.5361297607e+02 5.5363201904e+02 5.5366198730e+02 5.5369000244e+02 5.5369201660e+02 5.5367401123e+02 5.5361297607e+02 5.5355902100e+02 5.5353900146e+02 5.5351800537e+02 5.5348999023e+02 5.5344897461e+02 5.5346197510e+02 5.5356896973e+02 5.5364801025e+02 5.5368499756e+02 5.5369598389e+02
5.5347198486e+02 5.5348297119e+02 5.5349499512e+02 5.5347802734e+02 5.5348199463e+02 5.5349401855e+02 5.5349902344e+02 5.5349499512e+02 5.5349902344e+02 5.5350000000e+02 5.5350701904e+02 5.5351000977e+02 5.5352600098e+02 5.5353497314e+02 5.5352697754e+02 5.5350500488e+02 5.5348199463e+02 5.5347198486e+02 5.5351300049e+02 5.5355902100e+02 5.5356896973e+02 5.5356097412e+02 5.5354400635e+02 5.5354699707e+02 5.5355297852e+02 5.5356097412e+02 5.5356701660e+02 5.5357202148e+02 5.5358599854e+02 5.5360699463e+02 5.5363000488e+02 5.5366497803e+02 5.5368402100e+02 5.5366802979e+02 5.5362298584e+02 5.5356500244e+02 5.5354602051e+02 5.5353302002e+02 5.5347100830e+02 5.5341302490e+02 5.5338201904e+02 5.5342102051e+02 5.5352001953e+02 5.5359002686e+02 5.5363702393e+02 5.5365600586e+02
5.5346099854e+02 5.5346398926e+02 5.5347399902e+02 5.5346899414e+02 5.5347698975e+02 5.5348400879e+02 5.5346801758e+02 5.5346801758e+02 5.5347802734e+02 5.5348101807e+02 5.5347497559e+02 5.5347998047e+02 5.5349102783e+02 5.5349102783e+02 5.5348498535e+02 5.5347198486e+02 5.5345300293e+02 5.5344396973e+02 5.5348602295e+02 5.5353002930e+02 5.5354602051e+02 5.5354498291e+02 5.5353100586e+02 5.5353399658e+02 5.5354199219e+02 5.5355200195e+02 5.5355603027e+02 5.5356201172e+02 5.5357800293e+02 5.5360302734e+02 5.5363598633e+02 5.5366998291e+02 5.5367401123e+02 5.5363702393e+02 5.5356701660e+02 5.5353002930e+02 5.5353198242e+02 5.5350402832e+02 5.5340997314e+02 5.5334301758e+02 5.5333001709e+02 5.5336999512e+02 5.5344299316e+02 5.5352001953e+02 5.5357299805e+02 5.5359997559e+02
5.5345697021e+02 5.5345300293e+02 5.5344201660e+02 5.5343103027e+02 5.5344799805e+02 5.5345800781e+02 5.5344097900e+02 5.5344201660e+02 5.5344702148e+02 5.5345300293e+02 5.5345300293e+02 5.5345397949e+02 5.5345697021e+02 5.5346099854e+02 5.5345697021e+02 5.5345202637e+02 5.5344396973e+02 5.5343798828e+02 5.5344799805e+02 5.5347698975e+02 5.5348901367e+02 5.5349597168e+02 5.5349597168e+02 5.5351202393e+02 5.5352600098e+02 5.5353900146e+02 5.5354998779e+02 5.5355902100e+02 5.5358197021e+02 5.5360797119e+02 5.5365502930e+02 5.5367999268e+02 5.5365502930e+02 5.5359899902e+02 5.5353698730e+02 5.5352502441e+02 5.5350701904e+02 5.5344897461e+02 5.5334899902e+02 5.5332098389e+02 5.5331701660e+02 5.5333398438e+02 5.5337597656e+02 5.5343798828e+02 5.5348999023e+02 5.5352697754e+02
5.5343103027e+02 5.5342901611e+02 5.5343103027e+02 5.5341998291e+02 5.5342602539e+02 5.5342901611e+02 5.5341998291e+02 5.5341497803e+02 5.5341802979e+02 5.5342797852e+02 5.5342602539e+02 5.5342700195e+02 5.5343499756e+02 5.5344500732e+02 5.5343902588e+02 5.5344000244e+02 5.5344396973e+02 5.5344097900e+02 5.5342999268e+02 5.5343597412e+02 5.5344299316e+02 5.5345501709e+02 5.5347302246e+02 5.5349597168e+02 5.5351397705e+02 5.5352899170e+02 5.5354101563e+02 5.5356201172e+02 5.5358599854e+02 5.5361199951e+02 5.5365301514e+02 5.5367199707e+02 5.5363397217e+02 5.5357598877e+02 5.5352600098e+02 5.5349798584e+02 5.5344702148e+02 5.5339898682e+02 5.5335699463e+02 5.5334002686e+02 5.5331201172e+02 5.5330902100e+02 5.5334698486e+02 5.5338598633e+02 5.5342199707e+02 5.5345397949e+02
5.5340399170e+02 5.5340600586e+02 5.5340698242e+02 5.5340600586e+02 5.5340502930e+02 5.5340802002e+02 5.5341302490e+02 5.5340600586e+02 5.5339599609e+02 5.5340600586e+02 5.5340802002e+02 5.5340399170e+02 5.5340600586e+02 5.5341699219e+02 5.5341699219e+02 5.5342199707e+02 5.5343103027e+02 5.5342999268e+02 5.5341400146e+02 5.5341101074e+02 5.5341699219e+02 5.5343200684e+02 5.5345800781e+02 5.5348400879e+02 5.5350201416e+02 5.5351800537e+02 5.5352899170e+02 5.5354998779e+02 5.5357702637e+02 5.5360498047e+02 5.5364501953e+02 5.5365600586e+02 5.5361602783e+02 5.5355798340e+02 5.5351300049e+02 5.5346502686e+02 5.5340100098e+02 5.5337799072e+02 5.5336901855e+02 5.5334899902e+02 5.5332098389e+02 5.5331799316e+02 5.5333502197e+02 5.5335498047e+02 5.5338000488e+02 5.5340197754e+02
5.5337097168e+02 5.5337701416e+02 5.5337402344e+02 5.5337701416e+02 5.5337902832e+02 5.5338098145e+02 5.5338702393e+02 5.5338800049e+02 5.5337402344e+02 5.5337799072e+02 5.5337799072e+02 5.5338299561e+02 5.5338201904e+02 5.5338598633e+02 5.5338897705e+02 5.5339801025e+02 5.5340899658e+02 5.5340997314e+02 5.5339801025e+02 5.5339398193e+02 5.5340100098e+02 5.5341802979e+02 5.5344702148e+02 5.5347100830e+02 5.5348999023e+02 5.5350402832e+02 5.5351300049e+02 5.5353302002e+02 5.5356097412e+02 5.5359197998e+02 5.5363000488e+02 5.5363397217e+02 5.5359497070e+02 5.5354101563e+02 5.5348999023e+02 5.5343402100e+02 5.5338201904e+02 5.5336999512e+02 5.5336102295e+02 5.5333801270e+02 5.5332702637e+02 5.5333300781e+02 5.5332598877e+02 5.5333599854e+02 5.5335101318e+02 5.5336401367e+02
5.5334802246e+02 5.5335797119e+02 5.5336199951e+02 5.5337097168e+02 5.5336401367e+02 5.5335797119e+02 5.5336798096e+02 5.5337799072e+02 5.5336602783e+02 5.5335797119e+02 5.5335101318e+02 5.5335998535e+02 5.5336199951e+02 5.5336297607e+02 5.5336401367e+02 5.5336999512e+02 5.5337799072e+02 5.5338299561e+02 5.5338098145e+02 5.5337799072e+02 5.5338800049e+02 5.5340997314e+02 5.5344299316e+02 5.5345800781e+02 5.5347497559e+02 5.5348901367e+02 5.5350402832e+02 5.5351397705e+02 5.5353601074e+02 5.5356097412e+02 5.5357598877e+02 5.5359600830e+02 5.5356701660e+02 5.5352099609e+02 5.5346997070e+02 5.5343597412e+02 5.5340100098e+02 5.5337298584e+02 5.5333801270e+02 5.5332098389e+02 5.5331298828e+02 5.5331500244e+02 5.5330999756e+02 5.5331597900e+02 5.5332598877e+02 5.5333599854e+02
5.5330603027e+02 5.5329797363e+02 5.5331896973e+02 5.5332800293e+02 5.5333099365e+02 5.5334100342e+02 5.5335302734e+02 5.5334802246e+02 5.5334899902e+02 5.5336102295e+02 5.5335998535e+02 5.5334802246e+02 5.5335198975e+02 5.5335900879e+02 5.5335400391e+02 5.5335797119e+02 5.5335998535e+02 5.5336199951e+02 5.5335998535e+02 5.5335498047e+02 5.5336700439e+02 5.5339001465e+02 5.5341998291e+02 5.5343902588e+02 5.5345501709e+02 5.5346899414e+02 5.5347601318e+02 5.5348498535e+02 5.5350201416e+02 5.5352001953e+02 5.5354699707e+02 5.5356402588e+02 5.5354797363e+02 5.5350701904e+02 5.5345501709e+02 5.5342401123e+02 5.5339898682e+02 5.5336901855e+02 5.5332897949e+02 5.5330798340e+02 5.5329101563e+02 5.5328601074e+02 5.5328601074e+02 5.5328802490e+02 5.5329699707e+02 5.5330700684e+02
5.5336401367e+02 5.5335699463e+02 5.5338098145e+02 5.5336102295e+02 5.5333398438e+02 5.5330297852e+02 5.5331201172e+02 5.5331097412e+02 5.5331298828e+02 5.5332800293e+02 5.5333697510e+02 5.5333001709e+02 5.5334002686e+02 5.5334197998e+02 5.5333697510e+02 5.5334301758e+02 5.5334301758e+02 5.5334002686e+02 5.5333398438e+02 5.5333300781e+02 5.5334399414e+02 5.5336401367e+02 5.5339300537e+02 5.5341400146e+02 5.5342797852e+02 5.5344000244e+02 5.5344598389e+02 5.5345300293e+02 5.5346997070e+02 5.5348999023e+02 5.5352398682e+02 5.5355902100e+02 5.5355102539e+02 5.5351300049e+02 5.5344598389e+02 5.5340197754e+02 5.5337799072e+02 5.5335198975e+02 5.5332098389e+02 5.5330401611e+02 5.5328399658e+02 5.5327099609e+02 5.5327001953e+02 5.5327398682e+02 5.5328002930e+02 5.5328601074e+02
5.5329498291e+02 5.5319702148e+02 5.5311297607e+02 5.5316497803e+02 5.5331597900e+02 5.5330798340e+02 5.5328601074e+02 5.5330798340e+02 5.5330401611e+02 5.5330401611e+02 5.5330297852e+02 5.5331201172e+02 5.5332299805e+02 5.5332098389e+02 5.5331799316e+02 5.5332501221e+02 5.5332800293e+02 5.5332202148e+02 5.5331097412e+02 5.5331298828e+02 5.5332202148e+02 5.5333898926e+02 5.5336401367e+02 5.5338500977e+02 5.5339697266e+02 5.5340802002e+02 5.5341302490e+02 5.5342199707e+02 5.5343902588e+02 5.5345898438e+02 5.5350000000e+02 5.5355200195e+02 5.5355603027e+02 5.5352502441e+02 5.5345001221e+02 5.5339599609e+02 5.5337097168e+02 5.5334899902e+02 5.5332897949e+02 5.5331896973e+02 5.5329699707e+02 5.5327398682e+02 5.5326501465e+02 5.5326898193e+02 5.5327099609e+02 5.5327301025e+02
