TESTSERVER/5/14.asc
NCOLS 100
NROWS 100
XLLCORNER 7.7497500000e+03
YLLCORNER 2.8925025000e+05
CELLSIZE 5.0000000000e-01
NODATA_VALUE -9.9990000000e+03
[rows 40 to 59 of 100, columns 46 to 91 of 100]
5.5510900879e+02 5.5445001221e+02 5.5363299561e+02 5.5355999756e+02 5.5361199951e+02 5.5363598633e+02 5.5364599609e+02 5.5365899658e+02 5.5367498779e+02 5.5367797852e+02 5.5366998291e+02 5.5368402100e+02 5.5369702148e+02 5.5370800781e+02 5.5371697998e+02 5.5373199463e+02 5.5374200439e+02 5.5374298096e+02 5.5375897217e+02 5.5383398438e+02 5.5388800049e+02 5.5390899658e+02 5.5389202881e+02 5.5389898682e+02 5.5391601563e+02 5.5392901611e+02 5.5392797852e+02 5.5392797852e+02 5.5395898438e+02 5.5399499512e+02 5.5402398682e+02 5.5405297852e+02 5.5408099365e+02 5.5411199951e+02 5.5414099121e+02 5.5415197754e+02 5.5417102051e+02 5.5421398926e+02 5.5426800537e+02 5.5429797363e+02 5.5438299561e+02 5.5449700928e+02 5.5458502197e+02 5.5462500000e+02 5.5462500000e+02 5.5460101318e+02
5.5430798340e+02 5.5376898193e+02 5.5355603027e+02 5.5359399414e+02 5.5360302734e+02 5.5363201904e+02 5.5365399170e+02 5.5365197754e+02 5.5365600586e+02 5.5366802979e+02 5.5367401123e+02 5.5367700195e+02 5.5368902588e+02 5.5370501709e+02 5.5371099854e+02 5.5371301270e+02 5.5372900391e+02 5.5374798584e+02 5.5378900146e+02 5.5387097168e+02 5.5390197754e+02 5.5389697266e+02 5.5389599609e+02 5.5388397217e+02 5.5386602783e+02 5.5386401367e+02 5.5387902832e+02 5.5389697266e+02 5.5394000244e+02 5.5397497559e+02 5.5399102783e+02 5.5399798584e+02 5.5402398682e+02 5.5404699707e+02 5.5407202148e+02 5.5408898926e+02 5.5410198975e+02 5.5414501953e+02 5.5418902588e+02 5.5421502686e+02 5.5429400635e+02 5.5438098145e+02 5.5445599365e+02 5.5451800537e+02 5.5454302979e+02 5.5455200195e+02
5.5367602539e+02 5.5357000732e+02 5.5361798096e+02 5.5361401367e+02 5.5361700439e+02 5.5363000488e+02 5.5364898682e+02 5.5364898682e+02 5.5365301514e+02 5.5366302490e+02 5.5367602539e+02 5.5367797852e+02 5.5368298340e+02 5.5369396973e+02 5.5370098877e+02 5.5370202637e+02 5.5372497559e+02 5.5375299072e+02 5.5380902100e+02 5.5389398193e+02 5.5391400146e+02 5.5389801025e+02 5.5389398193e+02 5.5385601807e+02 5.5379998779e+02 5.5377801514e+02 5.5379901123e+02 5.5381896973e+02 5.5387298584e+02 5.5392199707e+02 5.5396002197e+02 5.5397698975e+02 5.5399298096e+02 5.5399401855e+02 5.5399700928e+02 5.5400897217e+02 5.5401501465e+02 5.5404901123e+02 5.5407800293e+02 5.5409100342e+02 5.5416198730e+02 5.5423999023e+02 5.5431097412e+02 5.5438702393e+02 5.5443499756e+02 5.5447100830e+02
5.5357098389e+02 5.5364300537e+02 5.5364300537e+02 5.5363000488e+02 5.5363201904e+02 5.5363397217e+02 5.5364099121e+02 5.5365399170e+02 5.5366302490e+02 5.5366601563e+02 5.5367498779e+02 5.5367401123e+02 5.5366802979e+02 5.5366699219e+02 5.5368701172e+02 5.5370501709e+02 5.5372302246e+02 5.5374401855e+02 5.5379498291e+02 5.5387799072e+02 5.5389697266e+02 5.5388201904e+02 5.5388000488e+02 5.5384002686e+02 5.5377502441e+02 5.5374499512e+02 5.5376202393e+02 5.5377001953e+02 5.5379998779e+02 5.5383502197e+02 5.5388201904e+02 5.5391400146e+02 5.5395300293e+02 5.5397100830e+02 5.5396301270e+02 5.5396002197e+02 5.5395800781e+02 5.5397198486e+02 5.5397900391e+02 5.5397900391e+02 5.5403100586e+02 5.5410302734e+02 5.5418200684e+02 5.5425799561e+02 5.5430999756e+02 5.5435699463e+02
5.5366198730e+02 5.5364202881e+02 5.5362500000e+02 5.5363299561e+02 5.5363000488e+02 5.5363201904e+02 5.5365100098e+02 5.5366900635e+02 5.5368200684e+02 5.5368200684e+02 5.5367797852e+02 5.5366302490e+02 5.5365997314e+02 5.5367401123e+02 5.5370001221e+02 5.5370202637e+02 5.5370098877e+02 5.5370397949e+02 5.5373699951e+02 5.5381298828e+02 5.5384100342e+02 5.5384002686e+02 5.5384002686e+02 5.5381097412e+02 5.5377001953e+02 5.5375201416e+02 5.5376501465e+02 5.5377197266e+02 5.5378698730e+02 5.5379400635e+02 5.5380102539e+02 5.5379498291e+02 5.5382501221e+02 5.5387298584e+02 5.5391900635e+02 5.5396398926e+02 5.5396197510e+02 5.5396502686e+02 5.5396197510e+02 5.5393597412e+02 5.5395300293e+02 5.5399798584e+02 5.5406896973e+02 5.5413702393e+02 5.5418103027e+02 5.5422698975e+02
5.5365399170e+02 5.5364501953e+02 5.5363598633e+02 5.5364697266e+02 5.5364202881e+02 5.5364599609e+02 5.5366400146e+02 5.5367700195e+02 5.5368499756e+02 5.5367199707e+02 5.5366101074e+02 5.5367999268e+02 5.5368200684e+02 5.5366998291e+02 5.5368402100e+02 5.5368298340e+02 5.5367498779e+02 5.5368298340e+02 5.5370599365e+02 5.5375201416e+02 5.5378302002e+02 5.5379302979e+02 5.5379699707e+02 5.5378302002e+02 5.5375897217e+02 5.5375000000e+02 5.5376501465e+02 5.5376800537e+02 5.5377398682e+02 5.5377502441e+02 5.5377099609e+02 5.5377502441e+02 5.5378802490e+02 5.5380297852e+02 5.5382501221e+02 5.5385498047e+02 5.5387500000e+02 5.5392102051e+02 5.5394396973e+02 5.5392999268e+02 5.5395098877e+02 5.5396398926e+02 5.5399200439e+02 5.5402600098e+02 5.5405401611e+02 5.5410601807e+02
5.5364697266e+02 5.5363598633e+02 5.5363702393e+02 5.5364300537e+02 5.5364599609e+02 5.5365502930e+02 5.5366802979e+02 5.5366802979e+02 5.5366699219e+02 5.5366699219e+02 5.5368200684e+02 5.5373999023e+02 5.5372601318e+02 5.5367797852e+02 5.5367498779e+02 5.5367199707e+02 5.5366400146e+02 5.5367498779e+02 5.5369299316e+02 5.5371697998e+02 5.5374102783e+02 5.5375500488e+02 5.5376702881e+02 5.5376800537e+02 5.5375799561e+02 5.5375201416e+02 5.5376098633e+02 5.5375701904e+02 5.5375897217e+02 5.5376098633e+02 5.5375799561e+02 5.5377502441e+02 5.5378802490e+02 5.5379302979e+02 5.5379699707e+02 5.5380798340e+02 5.5381201172e+02 5.5383801270e+02 5.5385998535e+02 5.5387500000e+02 5.5393798828e+02 5.5395599365e+02 5.5395800781e+02 5.5395800781e+02 5.5395202637e+02 5.5398101807e+02
5.5366400146e+02 5.5364202881e+02 5.5364099121e+02 5.5363397217e+02 5.5364001465e+02 5.5365100098e+02 5.5365002441e+02 5.5364697266e+02 5.5369000244e+02 5.5374401855e+02 5.5372399902e+02 5.5372399902e+02 5.5369702148e+02 5.5365100098e+02 5.5365197754e+02 5.5365600586e+02 5.5365002441e+02 5.5365997314e+02 5.5367901611e+02 5.5369299316e+02 5.5371002197e+02 5.5372698975e+02 5.5373999023e+02 5.5374902344e+02 5.5375201416e+02 5.5374798584e+02 5.5374700928e+02 5.5374102783e+02 5.5374902344e+02 5.5375799561e+02 5.5375799561e+02 5.5376599121e+02 5.5377600098e+02 5.5378302002e+02 5.5378698730e+02 5.5380102539e+02 5.5380603027e+02 5.5380902100e+02 5.5380603027e+02 5.5381201172e+02 5.5386602783e+02 5.5389398193e+02 5.5394000244e+02 5.5394500732e+02 5.5390899658e+02 5.5389398193e+02
5.5370300293e+02 5.5366699219e+02 5.5363702393e+02 5.5364398193e+02 5.5364697266e+02 5.5365301514e+02 5.5363098145e+02 5.5366400146e+02 5.5373999023e+02 5.5375701904e+02 5.5367199707e+02 5.5364398193e+02 5.5364001465e+02 5.5362298584e+02 5.5361798096e+02 5.5363000488e+02 5.5362902832e+02 5.5363702393e+02 5.5367602539e+02 5.5367602539e+02 5.5368902588e+02 5.5370501709e+02 5.5371197510e+02 5.5372302246e+02 5.5373602295e+02 5.5373101807e+02 5.5370697021e+02 5.5373498535e+02 5.5375097656e+02 5.5376000977e+02 5.5376202393e+02 5.5375500488e+02 5.5375701904e+02 5.5377099609e+02 5.5378900146e+02 5.5378900146e+02 5.5379400635e+02 5.5379901123e+02 5.5379602051e+02 5.5381298828e+02 5.5382397461e+02 5.5384497070e+02 5.5392700195e+02 5.5392999268e+02 5.5389001465e+02 5.5384497070e+02
5.5375097656e+02 5.5371197510e+02 5.5366802979e+02 5.5365802002e+02 5.5365600586e+02 5.5366699219e+02 5.5366400146e+02 5.5366497803e+02 5.5366802979e+02 5.5364001465e+02 5.5361602783e+02 5.5362298584e+02 5.5363500977e+02 5.5363201904e+02 5.5364099121e+02 5.5364501953e+02 5.5363598633e+02 5.5364697266e+02 5.5367602539e+02 5.5366900635e+02 5.5368200684e+02 5.5370001221e+02 5.5370599365e+02 5.5370697021e+02 5.5371801758e+02 5.5371600342e+02 5.5371301270e+02 5.5373400879e+02 5.5374798584e+02 5.5374798584e+02 5.5375201416e+02 5.5375402832e+02 5.5375500488e+02 5.5377197266e+02 5.5379699707e+02 5.5379901123e+02 5.5379699707e+02 5.5380102539e+02 5.5380999756e+02 5.5380999756e+02 5.5382397461e+02 5.5386798096e+02 5.5393298340e+02 5.5391302490e+02 5.5386499023e+02 5.5381701660e+02
5.5378198242e+02 5.5376098633e+02 5.5372497559e+02 5.5370202637e+02 5.5367700195e+02 5.5366601563e+02 5.5366601563e+02 5.5365502930e+02 5.5363897705e+02 5.5362799072e+02 5.5362597656e+02 5.5362402344e+02 5.5362799072e+02 5.5362402344e+02 5.5363397217e+02 5.5363299561e+02 5.5362799072e+02 5.5364099121e+02 5.5366302490e+02 5.5366302490e+02 5.5368103027e+02 5.5370098877e+02 5.5370001221e+02 5.5369000244e+02 5.5370397949e+02 5.5371600342e+02 5.5372698975e+02 5.5373602295e+02 5.5373999023e+02 5.5373602295e+02 5.5374200439e+02 5.5375201416e+02 5.5375500488e+02 5.5377197266e+02 5.5379998779e+02 5.5379998779e+02 5.5379602051e+02 5.5380297852e+02 5.5383001709e+02 5.5383697510e+02 5.5385302734e+02 5.5388702393e+02 5.5390997314e+02 5.5388299561e+02 5.5384301758e+02 5.5380700684e+02
5.5380102539e+02 5.5378900146e+02 5.5378802490e+02 5.5378399658e+02 5.5372998047e+02 5.5367199707e+02 5.5365002441e+02 5.5364001465e+02 5.5363299561e+02 5.5363897705e+02 5.5363397217e+02 5.5361901855e+02 5.5361199951e+02 5.5359802246e+02 5.5360998535e+02 5.5361602783e+02 5.5361798096e+02 5.5363299561e+02 5.5364697266e+02 5.5365399170e+02 5.5367797852e+02 5.5369702148e+02 5.5369097900e+02 5.5367999268e+02 5.5369598389e+02 5.5370898438e+02 5.5371801758e+02 5.5372399902e+02 5.5372698975e+02 5.5372601318e+02 5.5373602295e+02 5.5374401855e+02 5.5375201416e+02 5.5377099609e+02 5.5379302979e+02 5.5379302979e+02 5.5379199219e+02 5.5380297852e+02 5.5384698486e+02 5.5388201904e+02 5.5389300537e+02 5.5389202881e+02 5.5386700439e+02 5.5384802246e+02 5.5383300781e+02 5.5382397461e+02
5.5382202148e+02 5.5380798340e+02 5.5382299805e+02 5.5382501221e+02 5.5374902344e+02 5.5366802979e+02 5.5363299561e+02 5.5363500977e+02 5.5363598633e+02 5.5363000488e+02 5.5361297607e+02 5.5361401367e+02 5.5360400391e+02 5.5359197998e+02 5.5360400391e+02 5.5361602783e+02 5.5361901855e+02 5.5363098145e+02 5.5364300537e+02 5.5365100098e+02 5.5366998291e+02 5.5368298340e+02 5.5367901611e+02 5.5368902588e+02 5.5370001221e+02 5.5369702148e+02 5.5369097900e+02 5.5370800781e+02 5.5371899414e+02 5.5372601318e+02 5.5373602295e+02 5.5373699951e+02 5.5375201416e+02 5.5376702881e+02 5.5377899170e+02 5.5378302002e+02 5.5378900146e+02 5.5380902100e+02 5.5385601807e+02 5.5388800049e+02 5.5389202881e+02 5.5386798096e+02 5.5383801270e+02 5.5383197021e+02 5.5384197998e+02 5.5386102295e+02
5.5383502197e+02 5.5382501221e+02 5.5381201172e+02 5.5381097412e+02 5.5373699951e+02 5.5367102051e+02 5.5363201904e+02 5.5362701416e+02 5.5364099121e+02 5.5363299561e+02 5.5360998535e+02 5.5361102295e+02 5.5360601807e+02 5.5359497070e+02 5.5360198975e+02 5.5360400391e+02 5.5360198975e+02 5.5360400391e+02 5.5361798096e+02 5.5363598633e+02 5.5365301514e+02 5.5366400146e+02 5.5366601563e+02 5.5367797852e+02 5.5368902588e+02 5.5368902588e+02 5.5368798828e+02 5.5370501709e+02 5.5370898438e+02 5.5371398926e+02 5.5373199463e+02 5.5373199463e+02 5.5374700928e+02 5.5376202393e+02 5.5377001953e+02 5.5377600098e+02 5.5378399658e+02 5.5379302979e+02 5.5381597900e+02 5.5385198975e+02 5.5385900879e+02 5.5384399414e+02 5.5383197021e+02 5.5384100342e+02 5.5385699463e+02 5.5388397217e+02
5.5384600830e+02 5.5384802246e+02 5.5382702637e+02 5.5382598877e+02 5.5380499268e+02 5.5377099609e+02 5.5368103027e+02 5.5362799072e+02 5.5362902832e+02 5.5362500000e+02 5.5360400391e+02 5.5360302734e+02 5.5359497070e+02 5.5358502197e+02 5.5359497070e+02 5.5359497070e+02 5.5359399414e+02 5.5359600830e+02 5.5360601807e+02 5.5362097168e+02 5.5363598633e+02 5.5365002441e+02 5.5365899658e+02 5.5366601563e+02 5.5367401123e+02 5.5367797852e+02 5.5368499756e+02 5.5369897461e+02 5.5369702148e+02 5.5369799805e+02 5.5371899414e+02 5.5372399902e+02 5.5374102783e+02 5.5375598145e+02 5.5376098633e+02 5.5377001953e+02 5.5377801514e+02 5.5377301025e+02 5.5377899170e+02 5.5383300781e+02 5.5383898926e+02 5.5382202148e+02 5.5382000732e+02 5.5384100342e+02 5.5386199951e+02 5.5389300537e+02
5.5383599854e+02 5.5383502197e+02 5.5382800293e+02 5.5382897949e+02 5.5383697510e+02 5.5384399414e+02 5.5378100586e+02 5.5370098877e+02 5.5365100098e+02 5.5361901855e+02 5.5360400391e+02 5.5360198975e+02 5.5359100342e+02 5.5358599854e+02 5.5359002686e+02 5.5359002686e+02 5.5359399414e+02 5.5359698486e+02 5.5360601807e+02 5.5361901855e+02 5.5362799072e+02 5.5364300537e+02 5.5365997314e+02 5.5366101074e+02 5.5366400146e+02 5.5366998291e+02 5.5368402100e+02 5.5369799805e+02 5.5369598389e+02 5.5369702148e+02 5.5371398926e+02 5.5371899414e+02 5.5373297119e+02 5.5374597168e+02 5.5375598145e+02 5.5376202393e+02 5.5376898193e+02 5.5376702881e+02 5.5377197266e+02 5.5382299805e+02 5.5382000732e+02 5.5379699707e+02 5.5380401611e+02 5.5383502197e+02 5.5385797119e+02 5.5388800049e+02
5.5383801270e+02 5.5383099365e+02 5.5383697510e+02 5.5382800293e+02 5.5382299805e+02 5.5383300781e+02 5.5383599854e+02 5.5379498291e+02 5.5370501709e+02 5.5362799072e+02 5.5359600830e+02 5.5360101318e+02 5.5359600830e+02 5.5359802246e+02 5.5359197998e+02 5.5358398438e+02 5.5358697510e+02 5.5359100342e+02 5.5360198975e+02 5.5361499023e+02 5.5362402344e+02 5.5363702393e+02 5.5364898682e+02 5.5364898682e+02 5.5365100098e+02 5.5365997314e+02 5.5367401123e+02 5.5369000244e+02 5.5370098877e+02 5.5371099854e+02 5.5371697998e+02 5.5371697998e+02 5.5372497559e+02 5.5373602295e+02 5.5375500488e+02 5.5375500488e+02 5.5375000000e+02 5.5376202393e+02 5.5380401611e+02 5.5381701660e+02 5.5379699707e+02 5.5377099609e+02 5.5378900146e+02 5.5383197021e+02 5.5385400391e+02 5.5387500000e+02
5.5385198975e+02 5.5384899902e+02 5.5385302734e+02 5.5384197998e+02 5.5383300781e+02 5.5384399414e+02 5.5384997559e+02 5.5377502441e+02 5.5366601563e+02 5.5361199951e+02 5.5359899902e+02 5.5359997559e+02 5.5359497070e+02 5.5359301758e+02 5.5359399414e+02 5.5358898926e+02 5.5358001709e+02 5.5358099365e+02 5.5358801270e+02 5.5359497070e+02 5.5360998535e+02 5.5362200928e+02 5.5362701416e+02 5.5362701416e+02 5.5363598633e+02 5.5364898682e+02 5.5366101074e+02 5.5367498779e+02 5.5369000244e+02 5.5370001221e+02 5.5370599365e+02 5.5370300293e+02 5.5371197510e+02 5.5372302246e+02 5.5374902344e+02 5.5375897217e+02 5.5375402832e+02 5.5378198242e+02 5.5382598877e+02 5.5381402588e+02 5.5378497314e+02 5.5376501465e+02 5.5379400635e+02 5.5383801270e+02 5.5385498047e+02 5.5386602783e+02
5.5385101318e+02 5.5385101318e+02 5.5384899902e+02 5.5383898926e+02 5.5383697510e+02 5.5384997559e+02 5.5381701660e+02 5.5369799805e+02 5.5361401367e+02 5.5360601807e+02 5.5360900879e+02 5.5360302734e+02 5.5358801270e+02 5.5357202148e+02 5.5357098389e+02 5.5357299805e+02 5.5356799316e+02 5.5356500244e+02 5.5355999756e+02 5.5356402588e+02 5.5358197021e+02 5.5359899902e+02 5.5361199951e+02 5.5362298584e+02 5.5363702393e+02 5.5364801025e+02 5.5365301514e+02 5.5367102051e+02 5.5368499756e+02 5.5369000244e+02 5.5369598389e+02 5.5369702148e+02 5.5370697021e+02 5.5371899414e+02 5.5374200439e+02 5.5375201416e+02 5.5374700928e+02 5.5378302002e+02 5.5383001709e+02 5.5380999756e+02 5.5378698730e+02 5.5377600098e+02 5.5380700684e+02 5.5384002686e+02 5.5385101318e+02 5.5385601807e+02
5.5383502197e+02 5.5384497070e+02 5.5383801270e+02 5.5383801270e+02 5.5383898926e+02 5.5381701660e+02 5.5372601318e+02 5.5362597656e+02 5.5359899902e+02 5.5360998535e+02 5.5360302734e+02 5.5358801270e+02 5.5357299805e+02 5.5356298828e+02 5.5355798340e+02 5.5356500244e+02 5.5356701660e+02 5.5355603027e+02 5.5353002930e+02 5.5353497314e+02 5.5355603027e+02 5.5357800293e+02 5.5360302734e+02 5.5361999512e+02 5.5363702393e+02 5.5364898682e+02 5.5365197754e+02 5.5366699219e+02 5.5367797852e+02 5.5367999268e+02 5.5368798828e+02 5.5370098877e+02 5.5370800781e+02 5.5371899414e+02 5.5372998047e+02 5.5373400879e+02 5.5373602295e+02 5.5377600098e+02 5.5382098389e+02 5.5380603027e+02 5.5379400635e+02 5.5379602051e+02 5.5382299805e+02 5.5383898926e+02 5.5384497070e+02 5.5384301758e+02
