TESTSERVER/5/14.asc
NCOLS 100
NROWS 100
XLLCORNER 7.7497500000e+03
YLLCORNER 2.8925025000e+05
CELLSIZE 5.0000000000e-01
NODATA_VALUE -9.9990000000e+03
[rows 20 to 39 of 100, columns 0 to 45 of 100]
5.5746600342e+02 5.5749798584e+02 5.5753399658e+02 5.5756701660e+02 5.5760699463e+02 5.5763098145e+02 5.5765301514e+02 5.5767797852e+02 5.5771398926e+02 5.5774298096e+02 5.5776898193e+02 5.5778302002e+02 5.5778497314e+02 5.5778497314e+02 5.5779602051e+02 5.5781896973e+02 5.5782800293e+02 5.5783599854e+02 5.5783502197e+02 5.5783197021e+02 5.5782800293e+02 5.5783599854e+02 5.5783697510e+02 5.5783502197e+02 5.5783898926e+02 5.5783599854e+02 5.5783398438e+02 5.5783197021e+02 5.5783099365e+02 5.5782000732e+02 5.5781701660e+02 5.5781896973e+02 5.5781896973e+02 5.5780401611e+02 5.5779998779e+02 5.5780700684e+02 5.5782299805e+02 5.5778399658e+02 5.5763500977e+02 5.5735101318e+02 5.5677600098e+02 5.5637799072e+02 5.5600299072e+02 5.5567297363e+02 5.5532501221e+02 5.5503497314e+02
5.5746502686e+02 5.5749798584e+02 5.5753100586e+02 5.5756298828e+02 5.5760302734e+02 5.5763800049e+02 5.5766400146e+02 5.5768902588e+02 5.5771801758e+02 5.5774200439e+02 5.5776599121e+02 5.5778497314e+02 5.5779998779e+02 5.5780700684e+02 5.5782098389e+02 5.5783300781e+02 5.5782598877e+02 5.5783197021e+02 5.5783099365e+02 5.5782702637e+02 5.5782800293e+02 5.5783398438e+02 5.5783697510e+02 5.5784100342e+02 5.5784497070e+02 5.5784301758e+02 5.5783599854e+02 5.5783197021e+02 5.5783697510e+02 5.5782598877e+02 5.5781701660e+02 5.5781298828e+02 5.5781500244e+02 5.5780700684e+02 5.5780102539e+02 5.5780297852e+02 5.5781896973e+02 5.5781799316e+02 5.5776202393e+02 5.5750598145e+02 5.5678900146e+02 5.5605902100e+02 5.5559197998e+02 5.5524499512e+02 5.5500000000e+02 5.5479101563e+02
5.5745501709e+02 5.5750201416e+02 5.5753698730e+02 5.5756701660e+02 5.5760900879e+02 5.5765002441e+02 5.5767999268e+02 5.5770098877e+02 5.5771801758e+02 5.5774401855e+02 5.5776800537e+02 5.5778900146e+02 5.5780902100e+02 5.5782598877e+02 5.5783502197e+02 5.5783502197e+02 5.5782397461e+02 5.5783099365e+02 5.5782800293e+02 5.5782299805e+02 5.5782800293e+02 5.5783502197e+02 5.5783697510e+02 5.5784002686e+02 5.5784698486e+02 5.5784802246e+02 5.5784002686e+02 5.5783502197e+02 5.5783697510e+02 5.5782501221e+02 5.5781701660e+02 5.5781500244e+02 5.5781597900e+02 5.5781097412e+02 5.5780603027e+02 5.5780798340e+02 5.5781097412e+02 5.5782501221e+02 5.5783197021e+02 5.5764300537e+02 5.5685498047e+02 5.5590399170e+02 5.5533300781e+02 5.5492901611e+02 5.5474298096e+02 5.5467901611e+02
5.5740002441e+02 5.5747900391e+02 5.5753198242e+02 5.5756701660e+02 5.5761102295e+02 5.5765802002e+02 5.5769396973e+02 5.5771197510e+02 5.5772302246e+02 5.5775500488e+02 5.5778302002e+02 5.5779699707e+02 5.5780999756e+02 5.5782397461e+02 5.5783197021e+02 5.5783502197e+02 5.5782702637e+02 5.5783001709e+02 5.5782202148e+02 5.5781597900e+02 5.5782501221e+02 5.5783300781e+02 5.5783502197e+02 5.5783801270e+02 5.5784399414e+02 5.5784600830e+02 5.5783898926e+02 5.5783599854e+02 5.5783599854e+02 5.5783099365e+02 5.5782397461e+02 5.5782000732e+02 5.5781298828e+02 5.5781201172e+02 5.5780700684e+02 5.5780700684e+02 5.5780102539e+02 5.5781799316e+02 5.5786901855e+02 5.5773199463e+02 5.5698297119e+02 5.5593103027e+02 5.5525299072e+02 5.5477697754e+02 5.5459997559e+02 5.5463800049e+02
5.5731298828e+02 5.5740100098e+02 5.5747497559e+02 5.5752899170e+02 5.5759100342e+02 5.5765002441e+02 5.5769598389e+02 5.5772100830e+02 5.5774597168e+02 5.5777502441e+02 5.5780102539e+02 5.5781298828e+02 5.5782000732e+02 5.5781500244e+02 5.5782397461e+02 5.5783599854e+02 5.5782702637e+02 5.5783001709e+02 5.5782000732e+02 5.5781097412e+02 5.5781298828e+02 5.5782397461e+02 5.5782800293e+02 5.5783099365e+02 5.5783398438e+02 5.5783898926e+02 5.5783898926e+02 5.5783898926e+02 5.5783697510e+02 5.5783599854e+02 5.5783001709e+02 5.5781500244e+02 5.5779998779e+02 5.5781201172e+02 5.5780499268e+02 5.5780700684e+02 5.5781402588e+02 5.5780902100e+02 5.5785400391e+02 5.5778002930e+02 5.5729901123e+02 5.5615301514e+02 5.5528497314e+02 5.5476397705e+02 5.5464898682e+02 5.5462701416e+02
5.5715899658e+02 5.5728497314e+02 5.5737701416e+02 5.5746099854e+02 5.5754797363e+02 5.5763201904e+02 5.5769702148e+02 5.5774102783e+02 5.5776898193e+02 5.5779699707e+02 5.5780200195e+02 5.5780297852e+02 5.5781402588e+02 5.5781298828e+02 5.5782000732e+02 5.5783502197e+02 5.5783197021e+02 5.5783599854e+02 5.5782897949e+02 5.5781896973e+02 5.5781597900e+02 5.5782000732e+02 5.5782397461e+02 5.5782702637e+02 5.5783099365e+02 5.5783599854e+02 5.5783801270e+02 5.5783898926e+02 5.5783898926e+02 5.5783502197e+02 5.5782702637e+02 5.5781701660e+02 5.5781201172e+02 5.5781500244e+02 5.5780603027e+02 5.5780999756e+02 5.5780999756e+02 5.5780297852e+02 5.5781896973e+02 5.5782000732e+02 5.5753198242e+02 5.5667297363e+02 5.5570898438e+02 5.5489300537e+02 5.5449798584e+02 5.5458398438e+02
5.5698602295e+02 5.5712200928e+02 5.5723199463e+02 5.5734100342e+02 5.5744396973e+02 5.5754699707e+02 5.5763299561e+02 5.5769500732e+02 5.5774102783e+02 5.5779602051e+02 5.5779797363e+02 5.5778601074e+02 5.5779498291e+02 5.5780401611e+02 5.5781298828e+02 5.5782397461e+02 5.5782897949e+02 5.5783502197e+02 5.5783300781e+02 5.5782702637e+02 5.5782098389e+02 5.5782299805e+02 5.5782397461e+02 5.5782598877e+02 5.5782897949e+02 5.5783300781e+02 5.5783502197e+02 5.5783599854e+02 5.5783599854e+02 5.5783300781e+02 5.5782702637e+02 5.5782299805e+02 5.5782000732e+02 5.5781402588e+02 5.5781201172e+02 5.5781701660e+02 5.5780603027e+02 5.5780798340e+02 5.5780200195e+02 5.5779699707e+02 5.5772998047e+02 5.5736901855e+02 5.5660797119e+02 5.5552301025e+02 5.5451397705e+02 5.5444097900e+02
5.5680401611e+02 5.5692297363e+02 5.5703802490e+02 5.5715399170e+02 5.5726599121e+02 5.5739697266e+02 5.5751300049e+02 5.5759698486e+02 5.5765997314e+02 5.5774499512e+02 5.5778100586e+02 5.5778497314e+02 5.5779101563e+02 5.5780798340e+02 5.5781402588e+02 5.5781799316e+02 5.5782598877e+02 5.5783197021e+02 5.5783697510e+02 5.5783599854e+02 5.5782702637e+02 5.5782702637e+02 5.5782702637e+02 5.5782702637e+02 5.5782897949e+02 5.5783197021e+02 5.5783197021e+02 5.5783197021e+02 5.5783197021e+02 5.5783001709e+02 5.5782598877e+02 5.5782397461e+02 5.5782702637e+02 5.5782000732e+02 5.5781799316e+02 5.5782299805e+02 5.5780798340e+02 5.5781298828e+02 5.5780499268e+02 5.5777801514e+02 5.5779400635e+02 5.5782202148e+02 5.5739202881e+02 5.5634802246e+02 5.5498797607e+02 5.5440197754e+02
5.5666998291e+02 5.5671801758e+02 5.5680999756e+02 5.5690997314e+02 5.5706799316e+02 5.5721502686e+02 5.5737500000e+02 5.5750097656e+02 5.5760400391e+02 5.5765002441e+02 5.5772698975e+02 5.5778497314e+02 5.5780200195e+02 5.5780200195e+02 5.5780499268e+02 5.5781701660e+02 5.5784197998e+02 5.5783099365e+02 5.5783898926e+02 5.5784600830e+02 5.5782702637e+02 5.5783099365e+02 5.5783099365e+02 5.5783001709e+02 5.5782800293e+02 5.5783099365e+02 5.5783099365e+02 5.5783099365e+02 5.5783398438e+02 5.5783300781e+02 5.5782702637e+02 5.5782202148e+02 5.5782000732e+02 5.5781701660e+02 5.5780499268e+02 5.5781402588e+02 5.5782000732e+02 5.5780902100e+02 5.5780798340e+02 5.5777398682e+02 5.5771301270e+02 5.5775701904e+02 5.5758197021e+02 5.5695001221e+02 5.5591400146e+02 5.5462799072e+02
5.5622998047e+02 5.5653198242e+02 5.5666900635e+02 5.5669598389e+02 5.5680700684e+02 5.5700097656e+02 5.5719396973e+02 5.5738598633e+02 5.5753302002e+02 5.5758001709e+02 5.5762701416e+02 5.5769201660e+02 5.5775097656e+02 5.5779901123e+02 5.5780700684e+02 5.5780700684e+02 5.5782598877e+02 5.5782897949e+02 5.5783001709e+02 5.5783898926e+02 5.5783398438e+02 5.5783898926e+02 5.5784197998e+02 5.5784100342e+02 5.5783300781e+02 5.5783099365e+02 5.5783001709e+02 5.5783001709e+02 5.5783099365e+02 5.5783197021e+02 5.5782897949e+02 5.5782501221e+02 5.5782202148e+02 5.5782299805e+02 5.5780902100e+02 5.5780999756e+02 5.5781597900e+02 5.5780902100e+02 5.5780700684e+02 5.5778802490e+02 5.5770599365e+02 5.5765802002e+02 5.5753497314e+02 5.5715802002e+02 5.5646600342e+02 5.5516302490e+02
5.5557501221e+02 5.5594201660e+02 5.5628497314e+02 5.5650500488e+02 5.5664001465e+02 5.5680102539e+02 5.5698400879e+02 5.5718499756e+02 5.5736999512e+02 5.5749902344e+02 5.5757598877e+02 5.5762097168e+02 5.5765100098e+02 5.5772698975e+02 5.5778698730e+02 5.5780999756e+02 5.5781701660e+02 5.5782202148e+02 5.5782000732e+02 5.5783001709e+02 5.5783898926e+02 5.5784698486e+02 5.5785101318e+02 5.5784899902e+02 5.5783801270e+02 5.5783099365e+02 5.5782897949e+02 5.5782800293e+02 5.5782897949e+02 5.5783099365e+02 5.5783001709e+02 5.5782800293e+02 5.5782299805e+02 5.5782202148e+02 5.5781097412e+02 5.5781597900e+02 5.5781402588e+02 5.5780603027e+02 5.5780603027e+02 5.5778802490e+02 5.5769201660e+02 5.5763800049e+02 5.5754602051e+02 5.5728601074e+02 5.5680102539e+02 5.5579101563e+02
5.5519201660e+02 5.5531597900e+02 5.5564099121e+02 5.5609997559e+02 5.5647698975e+02 5.5661297607e+02 5.5676501465e+02 5.5693402100e+02 5.5710900879e+02 5.5732800293e+02 5.5749298096e+02 5.5757202148e+02 5.5756201172e+02 5.5759600830e+02 5.5769799805e+02 5.5777502441e+02 5.5780200195e+02 5.5781500244e+02 5.5782098389e+02 5.5783001709e+02 5.5784197998e+02 5.5784899902e+02 5.5785400391e+02 5.5785198975e+02 5.5784100342e+02 5.5783197021e+02 5.5783001709e+02 5.5782800293e+02 5.5783001709e+02 5.5783197021e+02 5.5783197021e+02 5.5783197021e+02 5.5782897949e+02 5.5781597900e+02 5.5781298828e+02 5.5784002686e+02 5.5782702637e+02 5.5780200195e+02 5.5780798340e+02 5.5779998779e+02 5.5770300293e+02 5.5761499023e+02 5.5749798584e+02 5.5728698730e+02 5.5691900635e+02 5.5631799316e+02
5.5522497559e+02 5.5517401123e+02 5.5519799805e+02 5.5550799561e+02 5.5598699951e+02 5.5636401367e+02 5.5655401611e+02 5.5668902588e+02 5.5682702637e+02 5.5707702637e+02 5.5728698730e+02 5.5744799805e+02 5.5756500244e+02 5.5755102539e+02 5.5762902832e+02 5.5771398926e+02 5.5777001953e+02 5.5780499268e+02 5.5781597900e+02 5.5781896973e+02 5.5782897949e+02 5.5784399414e+02 5.5784698486e+02 5.5784399414e+02 5.5783300781e+02 5.5783398438e+02 5.5783300781e+02 5.5783300781e+02 5.5783697510e+02 5.5784002686e+02 5.5784301758e+02 5.5784002686e+02 5.5783197021e+02 5.5781298828e+02 5.5782098389e+02 5.5787500000e+02 5.5787097168e+02 5.5780401611e+02 5.5781097412e+02 5.5782000732e+02 5.5773101807e+02 5.5758001709e+02 5.5742901611e+02 5.5723699951e+02 5.5701202393e+02 5.5659899902e+02
5.5518103027e+02 5.5517602539e+02 5.5513800049e+02 5.5510900879e+02 5.5527502441e+02 5.5566497803e+02 5.5609197998e+02 5.5645800781e+02 5.5669500732e+02 5.5684899902e+02 5.5702197266e+02 5.5719500732e+02 5.5737200928e+02 5.5752099609e+02 5.5760900879e+02 5.5766198730e+02 5.5768499756e+02 5.5775201416e+02 5.5780102539e+02 5.5781597900e+02 5.5782598877e+02 5.5783502197e+02 5.5783599854e+02 5.5783502197e+02 5.5783502197e+02 5.5783398438e+02 5.5783502197e+02 5.5783599854e+02 5.5783898926e+02 5.5784698486e+02 5.5784899902e+02 5.5784301758e+02 5.5783197021e+02 5.5781201172e+02 5.5779901123e+02 5.5781896973e+02 5.5782702637e+02 5.5780999756e+02 5.5780297852e+02 5.5776300049e+02 5.5764202881e+02 5.5755902100e+02 5.5741101074e+02 5.5719000244e+02 5.5697302246e+02 5.5668701172e+02
5.5514501953e+02 5.5514697266e+02 5.5515197754e+02 5.5510400391e+02 5.5504400635e+02 5.5516802979e+02 5.5550402832e+02 5.5596600342e+02 5.5645501709e+02 5.5668103027e+02 5.5682000732e+02 5.5695098877e+02 5.5714801025e+02 5.5734002686e+02 5.5746997070e+02 5.5756597900e+02 5.5758801270e+02 5.5764300537e+02 5.5772497559e+02 5.5778497314e+02 5.5782000732e+02 5.5783300781e+02 5.5783599854e+02 5.5783300781e+02 5.5783502197e+02 5.5783398438e+02 5.5783599854e+02 5.5783697510e+02 5.5784002686e+02 5.5784301758e+02 5.5784100342e+02 5.5783398438e+02 5.5782299805e+02 5.5780700684e+02 5.5779901123e+02 5.5781201172e+02 5.5781097412e+02 5.5777801514e+02 5.5769897461e+02 5.5760998535e+02 5.5753900146e+02 5.5752801514e+02 5.5738702393e+02 5.5715100098e+02 5.5693298340e+02 5.5668499756e+02
5.5512298584e+02 5.5510302734e+02 5.5509899902e+02 5.5509002686e+02 5.5506097412e+02 5.5500299072e+02 5.5506799316e+02 5.5534399414e+02 5.5589697266e+02 5.5633801270e+02 5.5657897949e+02 5.5671801758e+02 5.5690802002e+02 5.5710400391e+02 5.5725097656e+02 5.5738897705e+02 5.5745697021e+02 5.5749798584e+02 5.5758898926e+02 5.5768200684e+02 5.5776000977e+02 5.5781298828e+02 5.5783300781e+02 5.5783197021e+02 5.5783300781e+02 5.5783502197e+02 5.5783599854e+02 5.5783697510e+02 5.5783898926e+02 5.5783300781e+02 5.5782702637e+02 5.5782000732e+02 5.5780999756e+02 5.5779998779e+02 5.5781097412e+02 5.5781201172e+02 5.5775500488e+02 5.5767102051e+02 5.5756500244e+02 5.5749401855e+02 5.5749200439e+02 5.5748199463e+02 5.5731799316e+02 5.5707098389e+02 5.5686499023e+02 5.5661798096e+02
5.5510699463e+02 5.5509197998e+02 5.5506500244e+02 5.5504602051e+02 5.5504199219e+02 5.5503198242e+02 5.5497198486e+02 5.5496197510e+02 5.5501898193e+02 5.5554302979e+02 5.5610498047e+02 5.5645697021e+02 5.5660302734e+02 5.5683398438e+02 5.5697198486e+02 5.5713098145e+02 5.5730102539e+02 5.5736602783e+02 5.5746197510e+02 5.5754901123e+02 5.5763598633e+02 5.5776098633e+02 5.5782800293e+02 5.5783300781e+02 5.5782897949e+02 5.5783697510e+02 5.5783599854e+02 5.5783801270e+02 5.5784301758e+02 5.5782702637e+02 5.5781201172e+02 5.5780603027e+02 5.5781298828e+02 5.5780798340e+02 5.5779998779e+02 5.5774902344e+02 5.5764001465e+02 5.5760101318e+02 5.5756298828e+02 5.5752398682e+02 5.5751898193e+02 5.5738897705e+02 5.5718402100e+02 5.5693798828e+02 5.5675201416e+02 5.5654602051e+02
5.5508300781e+02 5.5507000732e+02 5.5504498291e+02 5.5502301025e+02 5.5500897217e+02 5.5498999023e+02 5.5496697998e+02 5.5496099854e+02 5.5491998291e+02 5.5496697998e+02 5.5540502930e+02 5.5603997803e+02 5.5645001221e+02 5.5661901855e+02 5.5670800781e+02 5.5684002686e+02 5.5702801514e+02 5.5715399170e+02 5.5730499268e+02 5.5742401123e+02 5.5749401855e+02 5.5761700439e+02 5.5773901367e+02 5.5779797363e+02 5.5783099365e+02 5.5783898926e+02 5.5783001709e+02 5.5782800293e+02 5.5783099365e+02 5.5782098389e+02 5.5781500244e+02 5.5780902100e+02 5.5780798340e+02 5.5775201416e+02 5.5769500732e+02 5.5765100098e+02 5.5761602783e+02 5.5761999512e+02 5.5757800293e+02 5.5748101807e+02 5.5733898926e+02 5.5717797852e+02 5.5697698975e+02 5.5673199463e+02 5.5655297852e+02 5.5633697510e+02
5.5505798340e+02 5.5503698730e+02 5.5501300049e+02 5.5499401855e+02 5.5497399902e+02 5.5495800781e+02 5.5493701172e+02 5.5492602539e+02 5.5492498779e+02 5.5483898926e+02 5.5493200684e+02 5.5534497070e+02 5.5588702393e+02 5.5632202148e+02 5.5651098633e+02 5.5659600830e+02 5.5672399902e+02 5.5689398193e+02 5.5707202148e+02 5.5721899414e+02 5.5733099365e+02 5.5745300293e+02 5.5759399414e+02 5.5770300293e+02 5.5778698730e+02 5.5782098389e+02 5.5782800293e+02 5.5782800293e+02 5.5782598877e+02 5.5781799316e+02 5.5780200195e+02 5.5777197266e+02 5.5774597168e+02 5.5768499756e+02 5.5764697266e+02 5.5763201904e+02 5.5762298584e+02 5.5758001709e+02 5.5745599365e+02 5.5729101563e+02 5.5710900879e+02 5.5694799805e+02 5.5675897217e+02 5.5651000977e+02 5.5628997803e+02 5.5601898193e+02
5.5503002930e+02 5.5500500488e+02 5.5498999023e+02 5.5497399902e+02 5.5494500732e+02 5.5492602539e+02 5.5490301514e+02 5.5488500977e+02 5.5488897705e+02 5.5486999512e+02 5.5479602051e+02 5.5482598877e+02 5.5513299561e+02 5.5577502441e+02 5.5619201660e+02 5.5635797119e+02 5.5643298340e+02 5.5663897705e+02 5.5683398438e+02 5.5698699951e+02 5.5714001465e+02 5.5727502441e+02 5.5743200684e+02 5.5757800293e+02 5.5769299316e+02 5.5777398682e+02 5.5781799316e+02 5.5782202148e+02 5.5780401611e+02 5.5778399658e+02 5.5773699951e+02 5.5768597412e+02 5.5766497803e+02 5.5765802002e+02 5.5764898682e+02 5.5761199951e+02 5.5752899170e+02 5.5740502930e+02 5.5722601318e+02 5.5703302002e+02 5.5686199951e+02 5.5670501709e+02 5.5650799561e+02 5.5624102783e+02 5.5598498535e+02 5.5572802734e+02
