TESTSERVER/5/15.asc
NCOLS 100
NROWS 100
XLLCORNER 7.7497500000e+03
YLLCORNER 2.8920025000e+05
CELLSIZE 5.0000000000e-01
NODATA_VALUE -9.9990000000e+03
[rows 80 to 99 of 100, columns 0 to 45 of 100]
5.5040100098e+02 5.5043902588e+02 5.5046502686e+02 5.5048901367e+02 5.5052801514e+02 5.5056201172e+02 5.5058801270e+02 5.5062500000e+02 5.5067199707e+02 5.5070599365e+02 5.5074102783e+02 5.5078002930e+02 5.5080297852e+02 5.5081500244e+02 5.5085101318e+02 5.5089801025e+02 5.5092797852e+02 5.5095599365e+02 5.5099200439e+02 5.5101300049e+02 5.5103601074e+02 5.5106201172e+02 5.5110900879e+02 5.5115399170e+02 5.5119201660e+02 5.5123101807e+02 5.5126702881e+02 5.5130200195e+02 5.5136199951e+02 5.5147802734e+02 5.5156896973e+02 5.5163897705e+02 5.5167602539e+02 5.5167700195e+02 5.5169799805e+02 5.5173199463e+02 5.5176599121e+02 5.5177001953e+02 5.5178100586e+02 5.5179199219e+02 5.5181799316e+02 5.5184197998e+02 5.5184899902e+02 5.5183599854e+02 5.5179400635e+02 5.5178002930e+02
5.5034399414e+02 5.5038201904e+02 5.5041101074e+02 5.5043402100e+02 5.5046099854e+02 5.5050701904e+02 5.5053698730e+02 5.5058197021e+02 5.5062402344e+02 5.5064898682e+02 5.5068298340e+02 5.5071697998e+02 5.5074499512e+02 5.5077197266e+02 5.5081896973e+02 5.5085302734e+02 5.5086798096e+02 5.5091198730e+02 5.5094500732e+02 5.5096002197e+02 5.5099401855e+02 5.5102001953e+02 5.5107598877e+02 5.5113098145e+02 5.5116699219e+02 5.5118298340e+02 5.5120697021e+02 5.5125000000e+02 5.5131402588e+02 5.5141302490e+02 5.5149902344e+02 5.5156298828e+02 5.5159600830e+02 5.5161297607e+02 5.5164300537e+02 5.5167999268e+02 5.5170501709e+02 5.5171600342e+02 5.5172802734e+02 5.5173602295e+02 5.5175500488e+02 5.5178900146e+02 5.5179901123e+02 5.5178497314e+02 5.5174499512e+02 5.5171002197e+02
5.5029498291e+02 5.5032397461e+02 5.5036199951e+02 5.5039202881e+02 5.5040899658e+02 5.5045098877e+02 5.5047601318e+02 5.5052600098e+02 5.5056799316e+02 5.5059497070e+02 5.5063897705e+02 5.5067199707e+02 5.5069299316e+02 5.5072399902e+02 5.5076702881e+02 5.5080401611e+02 5.5082702637e+02 5.5085998535e+02 5.5088397217e+02 5.5090100098e+02 5.5095898438e+02 5.5099902344e+02 5.5104199219e+02 5.5108801270e+02 5.5112200928e+02 5.5113897705e+02 5.5115600586e+02 5.5119897461e+02 5.5125701904e+02 5.5133197021e+02 5.5139697266e+02 5.5144799805e+02 5.5148901367e+02 5.5152398682e+02 5.5156097412e+02 5.5159997559e+02 5.5163000488e+02 5.5164599609e+02 5.5165997314e+02 5.5166900635e+02 5.5169000244e+02 5.5173101807e+02 5.5174499512e+02 5.5173400879e+02 5.5169097900e+02 5.5164501953e+02
5.5025097656e+02 5.5027099609e+02 5.5030798340e+02 5.5034399414e+02 5.5036700439e+02 5.5040399170e+02 5.5042901611e+02 5.5047601318e+02 5.5051599121e+02 5.5054498291e+02 5.5059802246e+02 5.5062799072e+02 5.5064001465e+02 5.5068499756e+02 5.5072100830e+02 5.5074700928e+02 5.5078302002e+02 5.5080999756e+02 5.5083502197e+02 5.5085699463e+02 5.5091497803e+02 5.5096099854e+02 5.5098602295e+02 5.5102197266e+02 5.5105798340e+02 5.5108697510e+02 5.5110498047e+02 5.5114099121e+02 5.5118902588e+02 5.5124401855e+02 5.5129101563e+02 5.5133197021e+02 5.5137597656e+02 5.5142297363e+02 5.5146502686e+02 5.5150897217e+02 5.5154498291e+02 5.5157000732e+02 5.5158801270e+02 5.5160101318e+02 5.5162500000e+02 5.5166900635e+02 5.5168597412e+02 5.5167602539e+02 5.5163397217e+02 5.5158697510e+02
5.5020397949e+02 5.5023999023e+02 5.5027502441e+02 5.5030902100e+02 5.5033300781e+02 5.5037097168e+02 5.5039898682e+02 5.5042700195e+02 5.5046301270e+02 5.5049401855e+02 5.5054302979e+02 5.5058001709e+02 5.5059802246e+02 5.5064300537e+02 5.5068298340e+02 5.5070300293e+02 5.5072802734e+02 5.5075500488e+02 5.5078497314e+02 5.5081298828e+02 5.5087500000e+02 5.5091900635e+02 5.5094299316e+02 5.5098199463e+02 5.5102001953e+02 5.5104101563e+02 5.5105200195e+02 5.5108398438e+02 5.5112097168e+02 5.5116198730e+02 5.5120397949e+02 5.5123498535e+02 5.5127197266e+02 5.5132397461e+02 5.5137597656e+02 5.5142700195e+02 5.5147198486e+02 5.5149401855e+02 5.5151501465e+02 5.5153302002e+02 5.5155499268e+02 5.5160101318e+02 5.5161999512e+02 5.5161297607e+02 5.5157800293e+02 5.5152197266e+02
5.5013598633e+02 5.5017498779e+02 5.5022601318e+02 5.5025897217e+02 5.5028900146e+02 5.5032501221e+02 5.5035302734e+02 5.5038702393e+02 5.5042199707e+02 5.5044799805e+02 5.5049700928e+02 5.5053399658e+02 5.5055401611e+02 5.5059497070e+02 5.5063598633e+02 5.5065997314e+02 5.5067602539e+02 5.5071502686e+02 5.5075402832e+02 5.5078698730e+02 5.5083099365e+02 5.5087500000e+02 5.5091699219e+02 5.5096002197e+02 5.5099798584e+02 5.5100701904e+02 5.5098999023e+02 5.5102502441e+02 5.5106799316e+02 5.5108898926e+02 5.5112500000e+02 5.5115197754e+02 5.5119396973e+02 5.5123797607e+02 5.5128900146e+02 5.5135101318e+02 5.5140002441e+02 5.5143298340e+02 5.5145898438e+02 5.5147998047e+02 5.5150097656e+02 5.5153399658e+02 5.5154699707e+02 5.5153198242e+02 5.5149597168e+02 5.5145697021e+02
5.5009301758e+02 5.5012597656e+02 5.5017901611e+02 5.5021002197e+02 5.5023901367e+02 5.5027899170e+02 5.5031201172e+02 5.5034997559e+02 5.5037799072e+02 5.5039099121e+02 5.5044201660e+02 5.5048101807e+02 5.5049902344e+02 5.5052899170e+02 5.5056701660e+02 5.5060400391e+02 5.5064202881e+02 5.5069500732e+02 5.5073498535e+02 5.5076702881e+02 5.5080297852e+02 5.5084197998e+02 5.5088098145e+02 5.5092102051e+02 5.5095501709e+02 5.5097399902e+02 5.5097399902e+02 5.5101098633e+02 5.5105798340e+02 5.5105902100e+02 5.5107098389e+02 5.5108001709e+02 5.5111602783e+02 5.5116101074e+02 5.5121099854e+02 5.5127502441e+02 5.5133300781e+02 5.5137298584e+02 5.5140600586e+02 5.5143103027e+02 5.5145098877e+02 5.5147802734e+02 5.5148199463e+02 5.5146099854e+02 5.5142297363e+02 5.5139801025e+02
5.5004302979e+02 5.5007598877e+02 5.5011999512e+02 5.5015698242e+02 5.5018701172e+02 5.5023498535e+02 5.5027001953e+02 5.5030902100e+02 5.5032897949e+02 5.5033697510e+02 5.5038598633e+02 5.5041302490e+02 5.5043298340e+02 5.5047198486e+02 5.5051397705e+02 5.5056201172e+02 5.5061199951e+02 5.5066400146e+02 5.5070501709e+02 5.5073699951e+02 5.5077502441e+02 5.5081799316e+02 5.5084600830e+02 5.5088397217e+02 5.5091198730e+02 5.5094201660e+02 5.5095800781e+02 5.5098602295e+02 5.5102398682e+02 5.5102398682e+02 5.5103601074e+02 5.5102502441e+02 5.5104302979e+02 5.5109600830e+02 5.5114202881e+02 5.5119799805e+02 5.5126000977e+02 5.5130603027e+02 5.5134600830e+02 5.5137701416e+02 5.5140100098e+02 5.5142498779e+02 5.5142498779e+02 5.5140002441e+02 5.5136102295e+02 5.5134100342e+02
5.4999102783e+02 5.5003302002e+02 5.5006896973e+02 5.5010797119e+02 5.5014001465e+02 5.5018597412e+02 5.5021502686e+02 5.5024700928e+02 5.5028100586e+02 5.5030902100e+02 5.5034497070e+02 5.5036297607e+02 5.5038800049e+02 5.5043499756e+02 5.5047100830e+02 5.5051000977e+02 5.5056201172e+02 5.5061901855e+02 5.5066400146e+02 5.5069897461e+02 5.5075500488e+02 5.5079498291e+02 5.5080700684e+02 5.5084698486e+02 5.5088098145e+02 5.5090600586e+02 5.5092700195e+02 5.5095501709e+02 5.5097601318e+02 5.5097100830e+02 5.5099200439e+02 5.5099499512e+02 5.5101202393e+02 5.5104901123e+02 5.5108398438e+02 5.5112097168e+02 5.5116900635e+02 5.5122900391e+02 5.5127197266e+02 5.5131097412e+02 5.5133697510e+02 5.5136700439e+02 5.5136602783e+02 5.5134100342e+02 5.5129302979e+02 5.5128100586e+02
5.4992401123e+02 5.4998199463e+02 5.5002398682e+02 5.5006097412e+02 5.5009100342e+02 5.5013800049e+02 5.5015997314e+02 5.5019396973e+02 5.5023199463e+02 5.5024401855e+02 5.5027197266e+02 5.5030499268e+02 5.5033300781e+02 5.5039202881e+02 5.5044097900e+02 5.5047601318e+02 5.5052001953e+02 5.5057299805e+02 5.5061700439e+02 5.5064300537e+02 5.5069702148e+02 5.5075701904e+02 5.5078302002e+02 5.5081896973e+02 5.5084301758e+02 5.5087597656e+02 5.5089398193e+02 5.5091998291e+02 5.5095800781e+02 5.5096002197e+02 5.5097100830e+02 5.5098101807e+02 5.5101397705e+02 5.5102301025e+02 5.5103698730e+02 5.5106298828e+02 5.5110601807e+02 5.5115698242e+02 5.5119897461e+02 5.5124902344e+02 5.5128399658e+02 5.5130700684e+02 5.5129998779e+02 5.5128302002e+02 5.5124798584e+02 5.5122497559e+02
5.4986901855e+02 5.4992199707e+02 5.4996301270e+02 5.5000201416e+02 5.5004101563e+02 5.5008502197e+02 5.5009899902e+02 5.5013299561e+02 5.5017102051e+02 5.5018902588e+02 5.5022601318e+02 5.5026599121e+02 5.5029498291e+02 5.5035400391e+02 5.5040399170e+02 5.5043902588e+02 5.5047802734e+02 5.5052600098e+02 5.5057397461e+02 5.5060498047e+02 5.5065997314e+02 5.5070697021e+02 5.5074597168e+02 5.5079302979e+02 5.5081896973e+02 5.5085198975e+02 5.5086499023e+02 5.5089001465e+02 5.5093298340e+02 5.5093499756e+02 5.5095098877e+02 5.5096002197e+02 5.5097302246e+02 5.5098797607e+02 5.5101000977e+02 5.5103100586e+02 5.5106402588e+02 5.5110900879e+02 5.5114697266e+02 5.5119299316e+02 5.5122399902e+02 5.5124200439e+02 5.5123797607e+02 5.5122698975e+02 5.5120098877e+02 5.5116302490e+02
5.4980200195e+02 5.4985601807e+02 5.4989599609e+02 5.4993499756e+02 5.4997802734e+02 5.5002899170e+02 5.5004699707e+02 5.5007800293e+02 5.5011199951e+02 5.5014202881e+02 5.5018200684e+02 5.5021600342e+02 5.5025598145e+02 5.5030499268e+02 5.5034997559e+02 5.5039202881e+02 5.5043200684e+02 5.5047698975e+02 5.5052801514e+02 5.5056896973e+02 5.5062298584e+02 5.5066601563e+02 5.5071600342e+02 5.5077197266e+02 5.5079199219e+02 5.5082598877e+02 5.5084100342e+02 5.5086102295e+02 5.5089398193e+02 5.5088897705e+02 5.5091400146e+02 5.5092901611e+02 5.5092700195e+02 5.5095202637e+02 5.5097698975e+02 5.5099798584e+02 5.5102801514e+02 5.5106402588e+02 5.5109497070e+02 5.5113397217e+02 5.5115802002e+02 5.5116900635e+02 5.5116998291e+02 5.5116699219e+02 5.5114398193e+02 5.5110400391e+02
5.4972998047e+02 5.4978601074e+02 5.4983099365e+02 5.4988098145e+02 5.4991900635e+02 5.4996502686e+02 5.4998699951e+02 5.5001397705e+02 5.5006201172e+02 5.5009997559e+02 5.5014398193e+02 5.5017999268e+02 5.5023400879e+02 5.5027398682e+02 5.5031201172e+02 5.5035498047e+02 5.5039202881e+02 5.5043499756e+02 5.5047900391e+02 5.5052301025e+02 5.5058197021e+02 5.5063299561e+02 5.5066400146e+02 5.5070898438e+02 5.5073602295e+02 5.5076702881e+02 5.5078997803e+02 5.5082000732e+02 5.5087298584e+02 5.5087799072e+02 5.5088598633e+02 5.5089599609e+02 5.5089898682e+02 5.5092999268e+02 5.5094396973e+02 5.5095501709e+02 5.5099298096e+02 5.5102001953e+02 5.5104302979e+02 5.5107202148e+02 5.5111602783e+02 5.5112701416e+02 5.5112298584e+02 5.5110601807e+02 5.5107598877e+02 5.5103601074e+02
5.4968499756e+02 5.4973101807e+02 5.4977398682e+02 5.4982800293e+02 5.4986999512e+02 5.4990997314e+02 5.4993499756e+02 5.4996301270e+02 5.4998999023e+02 5.5003002930e+02 5.5009002686e+02 5.5014898682e+02 5.5018902588e+02 5.5022900391e+02 5.5027197266e+02 5.5030999756e+02 5.5035302734e+02 5.5039001465e+02 5.5044702148e+02 5.5049597168e+02 5.5054699707e+02 5.5059497070e+02 5.5061901855e+02 5.5066497803e+02 5.5069201660e+02 5.5072601318e+02 5.5075897217e+02 5.5078302002e+02 5.5081597900e+02 5.5081500244e+02 5.5081701660e+02 5.5082299805e+02 5.5083300781e+02 5.5086499023e+02 5.5089202881e+02 5.5091101074e+02 5.5094799805e+02 5.5097302246e+02 5.5099700928e+02 5.5102502441e+02 5.5104998779e+02 5.5105700684e+02 5.5105603027e+02 5.5102697754e+02 5.5100000000e+02 5.5097900391e+02
5.4962097168e+02 5.4967401123e+02 5.4971502686e+02 5.4976202393e+02 5.4981402588e+02 5.4986199951e+02 5.4989099121e+02 5.4992199707e+02 5.4995001221e+02 5.4998297119e+02 5.5003100586e+02 5.5009399414e+02 5.5013299561e+02 5.5017700195e+02 5.5022698975e+02 5.5025897217e+02 5.5030102539e+02 5.5034399414e+02 5.5040802002e+02 5.5046899414e+02 5.5051702881e+02 5.5056402588e+02 5.5059301758e+02 5.5064300537e+02 5.5066400146e+02 5.5070501709e+02 5.5073199463e+02 5.5075299072e+02 5.5077600098e+02 5.5076800537e+02 5.5076397705e+02 5.5076702881e+02 5.5077899170e+02 5.5080499268e+02 5.5084002686e+02 5.5086798096e+02 5.5090502930e+02 5.5092797852e+02 5.5095001221e+02 5.5098400879e+02 5.5099401855e+02 5.5099200439e+02 5.5099401855e+02 5.5097698975e+02 5.5094598389e+02 5.5092297363e+02
5.4956097412e+02 5.4962402344e+02 5.4967102051e+02 5.4971099854e+02 5.4976300049e+02 5.4981402588e+02 5.4984301758e+02 5.4988000488e+02 5.4991802979e+02 5.4994598389e+02 5.4998297119e+02 5.5004400635e+02 5.5007702637e+02 5.5012298584e+02 5.5017999268e+02 5.5021600342e+02 5.5026000977e+02 5.5030200195e+02 5.5035601807e+02 5.5041900635e+02 5.5046997070e+02 5.5052600098e+02 5.5055499268e+02 5.5059497070e+02 5.5063098145e+02 5.5067498779e+02 5.5069299316e+02 5.5071301270e+02 5.5074200439e+02 5.5073999023e+02 5.5073602295e+02 5.5073901367e+02 5.5075701904e+02 5.5078002930e+02 5.5081701660e+02 5.5083697510e+02 5.5086297607e+02 5.5087097168e+02 5.5087799072e+02 5.5092401123e+02 5.5094201660e+02 5.5093902588e+02 5.5093902588e+02 5.5092700195e+02 5.5089898682e+02 5.5085400391e+02
5.4952197266e+02 5.4957000732e+02 5.4962200928e+02 5.4966497803e+02 5.4970501709e+02 5.4975000000e+02 5.4977697754e+02 5.4981500244e+02 5.4985498047e+02 5.4990002441e+02 5.4993902588e+02 5.4997601318e+02 5.5001202393e+02 5.5007202148e+02 5.5012097168e+02 5.5016302490e+02 5.5021099854e+02 5.5026000977e+02 5.5031597900e+02 5.5037500000e+02 5.5042999268e+02 5.5047100830e+02 5.5049499512e+02 5.5053302002e+02 5.5058697510e+02 5.5062799072e+02 5.5066101074e+02 5.5068701172e+02 5.5070397949e+02 5.5070599365e+02 5.5071600342e+02 5.5073699951e+02 5.5075402832e+02 5.5077001953e+02 5.5078802490e+02 5.5078002930e+02 5.5079498291e+02 5.5080603027e+02 5.5081201172e+02 5.5086499023e+02 5.5089099121e+02 5.5087298584e+02 5.5086999512e+02 5.5085699463e+02 5.5084497070e+02 5.5078997803e+02
5.4947399902e+02 5.4952001953e+02 5.4957202148e+02 5.4961499023e+02 5.4965600586e+02 5.4969299316e+02 5.4971301270e+02 5.4975500488e+02 5.4979302979e+02 5.4984197998e+02 5.4989001465e+02 5.4993200684e+02 5.4997698975e+02 5.5002301025e+02 5.5006799316e+02 5.5011102295e+02 5.5015698242e+02 5.5019299316e+02 5.5025598145e+02 5.5032299805e+02 5.5037500000e+02 5.5041998291e+02 5.5046801758e+02 5.5051300049e+02 5.5053802490e+02 5.5057702637e+02 5.5061199951e+02 5.5064202881e+02 5.5067401123e+02 5.5066497803e+02 5.5067602539e+02 5.5070202637e+02 5.5071502686e+02 5.5071997070e+02 5.5074499512e+02 5.5074499512e+02 5.5076098633e+02 5.5077801514e+02 5.5078399658e+02 5.5081896973e+02 5.5083801270e+02 5.5082897949e+02 5.5083197021e+02 5.5080798340e+02 5.5077801514e+02 5.5073498535e+02
5.4942999268e+02 5.4947998047e+02 5.4952398682e+02 5.4955401611e+02 5.4959002686e+02 5.4963500977e+02 5.4966101074e+02 5.4970300293e+02 5.4973999023e+02 5.4978302002e+02 5.4982202148e+02 5.4987200928e+02 5.4992498779e+02 5.4997900391e+02 5.5002697754e+02 5.5006799316e+02 5.5009802246e+02 5.5013702393e+02 5.5020001221e+02 5.5026599121e+02 5.5031201172e+02 5.5036798096e+02 5.5042199707e+02 5.5046697998e+02 5.5049798584e+02 5.5053802490e+02 5.5056097412e+02 5.5058398438e+02 5.5061901855e+02 5.5062500000e+02 5.5065301514e+02 5.5067401123e+02 5.5067901611e+02 5.5068499756e+02 5.5070300293e+02 5.5071099854e+02 5.5073101807e+02 5.5075402832e+02 5.5076599121e+02 5.5079101563e+02 5.5079797363e+02 5.5078698730e+02 5.5078002930e+02 5.5075500488e+02 5.5072497559e+02 5.5068701172e+02
5.4938897705e+02 5.4943402100e+02 5.4947399902e+02 5.4949700928e+02 5.4953198242e+02 5.4958099365e+02 5.4960699463e+02 5.4964300537e+02 5.4968298340e+02 5.4973101807e+02 5.4976300049e+02 5.4981201172e+02 5.4985900879e+02 5.4992199707e+02 5.4997497559e+02 5.5001702881e+02 5.5005102539e+02 5.5009698486e+02 5.5014898682e+02 5.5020697021e+02 5.5025402832e+02 5.5030700684e+02 5.5035699463e+02 5.5040100098e+02 5.5043701172e+02 5.5047399902e+02 5.5049700928e+02 5.5052001953e+02 5.5055798340e+02 5.5057299805e+02 5.5060601807e+02 5.5061999512e+02 5.5062097168e+02 5.5065502930e+02 5.5067999268e+02 5.5068798828e+02 5.5069500732e+02 5.5071099854e+02 5.5072198486e+02 5.5074200439e+02 5.5074200439e+02 5.5072802734e+02 5.5071899414e+02 5.5070001221e+02 5.5067401123e+02 5.5063299561e+02
