TESTSERVER/5/15.asc
NCOLS 100
NROWS 100
XLLCORNER 7.7497500000e+03
YLLCORNER 2.8920025000e+05
CELLSIZE 5.0000000000e-01
NODATA_VALUE -9.9990000000e+03
[rows 60 to 79 of 100, columns 46 to 91 of 100]
5.5215899658e+02 5.5215802002e+02 5.5215997314e+02 5.5215600586e+02 5.5215197754e+02 5.5214697266e+02 5.5213098145e+02 5.5214300537e+02 5.5214898682e+02 5.5215997314e+02 5.5216101074e+02 5.5212500000e+02 5.5209997559e+02 5.5207897949e+02 5.5206896973e+02 5.5204302979e+02 5.5202697754e+02 5.5200897217e+02 5.5196600342e+02 5.5190899658e+02 5.5185101318e+02 5.5179901123e+02 5.5175097656e+02 5.5170300293e+02 5.5166601563e+02 5.5161901855e+02 5.5158099365e+02 5.5153698730e+02 5.5150500488e+02 5.5146502686e+02 5.5141601563e+02 5.5135900879e+02 5.5129998779e+02 5.5123797607e+02 5.5119702148e+02 5.5114398193e+02 5.5107598877e+02 5.5102801514e+02 5.5096197510e+02 5.5087902832e+02 5.5081500244e+02 5.5074798584e+02 5.5067498779e+02 5.5060601807e+02 5.5053198242e+02 5.5048602295e+02
5.5215997314e+02 5.5215899658e+02 5.5216101074e+02 5.5215899658e+02 5.5215301514e+02 5.5214697266e+02 5.5213500977e+02 5.5212298584e+02 5.5212200928e+02 5.5212701416e+02 5.5213000488e+02 5.5210900879e+02 5.5208801270e+02 5.5206597900e+02 5.5204199219e+02 5.5200799561e+02 5.5199200439e+02 5.5195697021e+02 5.5189099121e+02 5.5183398438e+02 5.5178698730e+02 5.5174200439e+02 5.5170397949e+02 5.5165399170e+02 5.5161401367e+02 5.5157598877e+02 5.5153601074e+02 5.5148400879e+02 5.5144897461e+02 5.5140600586e+02 5.5134600830e+02 5.5128802490e+02 5.5123602295e+02 5.5118798828e+02 5.5114001465e+02 5.5107598877e+02 5.5100201416e+02 5.5094702148e+02 5.5087799072e+02 5.5080200195e+02 5.5074102783e+02 5.5066699219e+02 5.5057800293e+02 5.5050402832e+02 5.5045800781e+02 5.5045501709e+02
5.5216101074e+02 5.5216101074e+02 5.5216198730e+02 5.5216101074e+02 5.5215698242e+02 5.5215197754e+02 5.5214398193e+02 5.5213201904e+02 5.5212200928e+02 5.5211602783e+02 5.5211499023e+02 5.5210101318e+02 5.5208099365e+02 5.5205700684e+02 5.5202197266e+02 5.5198602295e+02 5.5195599365e+02 5.5190301514e+02 5.5183599854e+02 5.5178802490e+02 5.5174102783e+02 5.5170098877e+02 5.5166802979e+02 5.5161199951e+02 5.5156500244e+02 5.5152899170e+02 5.5148797607e+02 5.5142700195e+02 5.5138299561e+02 5.5134197998e+02 5.5127801514e+02 5.5121899414e+02 5.5117797852e+02 5.5114001465e+02 5.5109100342e+02 5.5101397705e+02 5.5092700195e+02 5.5086199951e+02 5.5078900146e+02 5.5071801758e+02 5.5065399170e+02 5.5056896973e+02 5.5047998047e+02 5.5043298340e+02 5.5043103027e+02 5.5043200684e+02
5.5216198730e+02 5.5216198730e+02 5.5216400146e+02 5.5216302490e+02 5.5215997314e+02 5.5215600586e+02 5.5215301514e+02 5.5214300537e+02 5.5212902832e+02 5.5211297607e+02 5.5210101318e+02 5.5207800293e+02 5.5205297852e+02 5.5202600098e+02 5.5198901367e+02 5.5195300293e+02 5.5190997314e+02 5.5184997559e+02 5.5178601074e+02 5.5174597168e+02 5.5170599365e+02 5.5166699219e+02 5.5162701416e+02 5.5156799316e+02 5.5151702881e+02 5.5147497559e+02 5.5142999268e+02 5.5137097168e+02 5.5131896973e+02 5.5128002930e+02 5.5121899414e+02 5.5116802979e+02 5.5112799072e+02 5.5108099365e+02 5.5102001953e+02 5.5092602539e+02 5.5083502197e+02 5.5077099609e+02 5.5070697021e+02 5.5063500977e+02 5.5055499268e+02 5.5046899414e+02 5.5041198730e+02 5.5041302490e+02 5.5040502930e+02 5.5036700439e+02
5.5216699219e+02 5.5216802979e+02 5.5217401123e+02 5.5217199707e+02 5.5217199707e+02 5.5216802979e+02 5.5217901611e+02 5.5215502930e+02 5.5213098145e+02 5.5210498047e+02 5.5207202148e+02 5.5204400635e+02 5.5201599121e+02 5.5198199463e+02 5.5194201660e+02 5.5190002441e+02 5.5184600830e+02 5.5178900146e+02 5.5171899414e+02 5.5168597412e+02 5.5166198730e+02 5.5162298584e+02 5.5157598877e+02 5.5151800537e+02 5.5147100830e+02 5.5143103027e+02 5.5137500000e+02 5.5132202148e+02 5.5126202393e+02 5.5121502686e+02 5.5116400146e+02 5.5111102295e+02 5.5107098389e+02 5.5100799561e+02 5.5092602539e+02 5.5082897949e+02 5.5075500488e+02 5.5069598389e+02 5.5063397217e+02 5.5053002930e+02 5.5043298340e+02 5.5037200928e+02 5.5036499023e+02 5.5037200928e+02 5.5034002686e+02 5.5031097412e+02
5.5217199707e+02 5.5217199707e+02 5.5217401123e+02 5.5217797852e+02 5.5217797852e+02 5.5216998291e+02 5.5215899658e+02 5.5213098145e+02 5.5209997559e+02 5.5206896973e+02 5.5204302979e+02 5.5202001953e+02 5.5199298096e+02 5.5195202637e+02 5.5189099121e+02 5.5183801270e+02 5.5178997803e+02 5.5175500488e+02 5.5168902588e+02 5.5165399170e+02 5.5162097168e+02 5.5157501221e+02 5.5152001953e+02 5.5147100830e+02 5.5141900635e+02 5.5136901855e+02 5.5130798340e+02 5.5125598145e+02 5.5120501709e+02 5.5115301514e+02 5.5107897949e+02 5.5102301025e+02 5.5097399902e+02 5.5090899658e+02 5.5083697510e+02 5.5074798584e+02 5.5068499756e+02 5.5062200928e+02 5.5052398682e+02 5.5040899658e+02 5.5035998535e+02 5.5035101318e+02 5.5034802246e+02 5.5032098389e+02 5.5028100586e+02 5.5027398682e+02
5.5217199707e+02 5.5216998291e+02 5.5216998291e+02 5.5217102051e+02 5.5216601563e+02 5.5215502930e+02 5.5213299561e+02 5.5209899902e+02 5.5206799316e+02 5.5203698730e+02 5.5201000977e+02 5.5197900391e+02 5.5194500732e+02 5.5190502930e+02 5.5183898926e+02 5.5178802490e+02 5.5174401855e+02 5.5171099854e+02 5.5165197754e+02 5.5160998535e+02 5.5157702637e+02 5.5153399658e+02 5.5147601318e+02 5.5142700195e+02 5.5137097168e+02 5.5131201172e+02 5.5124401855e+02 5.5117797852e+02 5.5113299561e+02 5.5108697510e+02 5.5101202393e+02 5.5095001221e+02 5.5088299561e+02 5.5080499268e+02 5.5074298096e+02 5.5067199707e+02 5.5059002686e+02 5.5050402832e+02 5.5040002441e+02 5.5033099365e+02 5.5032702637e+02 5.5032501221e+02 5.5029101563e+02 5.5025402832e+02 5.5024798584e+02 5.5026202393e+02
5.5217102051e+02 5.5216699219e+02 5.5216302490e+02 5.5215698242e+02 5.5214697266e+02 5.5213098145e+02 5.5210400391e+02 5.5206701660e+02 5.5203601074e+02 5.5200500488e+02 5.5197399902e+02 5.5192797852e+02 5.5188800049e+02 5.5185101318e+02 5.5179199219e+02 5.5174102783e+02 5.5169396973e+02 5.5165502930e+02 5.5160498047e+02 5.5155798340e+02 5.5152398682e+02 5.5148199463e+02 5.5142102051e+02 5.5136999512e+02 5.5131402588e+02 5.5125201416e+02 5.5118798828e+02 5.5111297607e+02 5.5106201172e+02 5.5101599121e+02 5.5094500732e+02 5.5086798096e+02 5.5079199219e+02 5.5071197510e+02 5.5064300537e+02 5.5057598877e+02 5.5048199463e+02 5.5040399170e+02 5.5033398438e+02 5.5029998779e+02 5.5029602051e+02 5.5026501465e+02 5.5021398926e+02 5.5021099854e+02 5.5023602295e+02 5.5024798584e+02
5.5217498779e+02 5.5216400146e+02 5.5215002441e+02 5.5214001465e+02 5.5212500000e+02 5.5210498047e+02 5.5207501221e+02 5.5203900146e+02 5.5200000000e+02 5.5196899414e+02 5.5193499756e+02 5.5188299561e+02 5.5183300781e+02 5.5178997803e+02 5.5173699951e+02 5.5168798828e+02 5.5164398193e+02 5.5160101318e+02 5.5154998779e+02 5.5151202393e+02 5.5148101807e+02 5.5143402100e+02 5.5136901855e+02 5.5131097412e+02 5.5125299072e+02 5.5117797852e+02 5.5111602783e+02 5.5104901123e+02 5.5100201416e+02 5.5094500732e+02 5.5087902832e+02 5.5078900146e+02 5.5071099854e+02 5.5065002441e+02 5.5058697510e+02 5.5051501465e+02 5.5042700195e+02 5.5036999512e+02 5.5032800293e+02 5.5030401611e+02 5.5028900146e+02 5.5024401855e+02 5.5017297363e+02 5.5018402100e+02 5.5020202637e+02 5.5020202637e+02
5.5217401123e+02 5.5215197754e+02 5.5213000488e+02 5.5211999512e+02 5.5210400391e+02 5.5207897949e+02 5.5204400635e+02 5.5200097656e+02 5.5195202637e+02 5.5191900635e+02 5.5187200928e+02 5.5182202148e+02 5.5177697754e+02 5.5174200439e+02 5.5170697021e+02 5.5164697266e+02 5.5159002686e+02 5.5155200195e+02 5.5150701904e+02 5.5146398926e+02 5.5142999268e+02 5.5137902832e+02 5.5131201172e+02 5.5124798584e+02 5.5119097900e+02 5.5111199951e+02 5.5106201172e+02 5.5099200439e+02 5.5094000244e+02 5.5087799072e+02 5.5080999756e+02 5.5072100830e+02 5.5064398193e+02 5.5059497070e+02 5.5054699707e+02 5.5047399902e+02 5.5041400146e+02 5.5038598633e+02 5.5034002686e+02 5.5031298828e+02 5.5030700684e+02 5.5028698730e+02 5.5021600342e+02 5.5017401123e+02 5.5015997314e+02 5.5016699219e+02
5.5215600586e+02 5.5213000488e+02 5.5210302734e+02 5.5208697510e+02 5.5207000732e+02 5.5204400635e+02 5.5200299072e+02 5.5195098877e+02 5.5191101074e+02 5.5186700439e+02 5.5178802490e+02 5.5175000000e+02 5.5171801758e+02 5.5168200684e+02 5.5164001465e+02 5.5159197998e+02 5.5154498291e+02 5.5150897217e+02 5.5146301270e+02 5.5140899658e+02 5.5136499023e+02 5.5131402588e+02 5.5125000000e+02 5.5117999268e+02 5.5111401367e+02 5.5104797363e+02 5.5100897217e+02 5.5093798828e+02 5.5087902832e+02 5.5080902100e+02 5.5073999023e+02 5.5066302490e+02 5.5061199951e+02 5.5058697510e+02 5.5052899170e+02 5.5044500732e+02 5.5039202881e+02 5.5037500000e+02 5.5033502197e+02 5.5030499268e+02 5.5029901123e+02 5.5029302979e+02 5.5025402832e+02 5.5019598389e+02 5.5014501953e+02 5.5013598633e+02
5.5213000488e+02 5.5209997559e+02 5.5207397461e+02 5.5204797363e+02 5.5202301025e+02 5.5199798584e+02 5.5194897461e+02 5.5187902832e+02 5.5184497070e+02 5.5179901123e+02 5.5172601318e+02 5.5169598389e+02 5.5166302490e+02 5.5161499023e+02 5.5156402588e+02 5.5153997803e+02 5.5150000000e+02 5.5145599365e+02 5.5139697266e+02 5.5134002686e+02 5.5129602051e+02 5.5124700928e+02 5.5118103027e+02 5.5111401367e+02 5.5104797363e+02 5.5098400879e+02 5.5093597412e+02 5.5087097168e+02 5.5081500244e+02 5.5074597168e+02 5.5067401123e+02 5.5060400391e+02 5.5057299805e+02 5.5056298828e+02 5.5050299072e+02 5.5043902588e+02 5.5038598633e+02 5.5035998535e+02 5.5034600830e+02 5.5033502197e+02 5.5031500244e+02 5.5029199219e+02 5.5026300049e+02 5.5022100830e+02 5.5016998291e+02 5.5013201904e+02
5.5209899902e+02 5.5206896973e+02 5.5205200195e+02 5.5201000977e+02 5.5197698975e+02 5.5194500732e+02 5.5190802002e+02 5.5181896973e+02 5.5175897217e+02 5.5171899414e+02 5.5169702148e+02 5.5164599609e+02 5.5159899902e+02 5.5155102539e+02 5.5151000977e+02 5.5147198486e+02 5.5142199707e+02 5.5138000488e+02 5.5134100342e+02 5.5127801514e+02 5.5123400879e+02 5.5118103027e+02 5.5109899902e+02 5.5103698730e+02 5.5097198486e+02 5.5090197754e+02 5.5086401367e+02 5.5080603027e+02 5.5073400879e+02 5.5066900635e+02 5.5061700439e+02 5.5054302979e+02 5.5051501465e+02 5.5051202393e+02 5.5047998047e+02 5.5045202637e+02 5.5041198730e+02 5.5038500977e+02 5.5041900635e+02 5.5041302490e+02 5.5036499023e+02 5.5029797363e+02 5.5025097656e+02 5.5023797607e+02 5.5022497559e+02 5.5016900635e+02
5.5204797363e+02 5.5201202393e+02 5.5199798584e+02 5.5196301270e+02 5.5191699219e+02 5.5186999512e+02 5.5182202148e+02 5.5174200439e+02 5.5170397949e+02 5.5166400146e+02 5.5162701416e+02 5.5157397461e+02 5.5151800537e+02 5.5148602295e+02 5.5145501709e+02 5.5140002441e+02 5.5135302734e+02 5.5132397461e+02 5.5127502441e+02 5.5121697998e+02 5.5116101074e+02 5.5110101318e+02 5.5102697754e+02 5.5097302246e+02 5.5090997314e+02 5.5083599854e+02 5.5078802490e+02 5.5071197510e+02 5.5065600586e+02 5.5059600830e+02 5.5054602051e+02 5.5050897217e+02 5.5048199463e+02 5.5048699951e+02 5.5046600342e+02 5.5045300293e+02 5.5042700195e+02 5.5039001465e+02 5.5040399170e+02 5.5040899658e+02 5.5035498047e+02 5.5029302979e+02 5.5025299072e+02 5.5023699951e+02 5.5022497559e+02 5.5019396973e+02
5.5199700928e+02 5.5197100830e+02 5.5195098877e+02 5.5190802002e+02 5.5185699463e+02 5.5180499268e+02 5.5174401855e+02 5.5168298340e+02 5.5164202881e+02 5.5158300781e+02 5.5153900146e+02 5.5149902344e+02 5.5145697021e+02 5.5143402100e+02 5.5140100098e+02 5.5133398438e+02 5.5129302979e+02 5.5126397705e+02 5.5119396973e+02 5.5114202881e+02 5.5108599854e+02 5.5102697754e+02 5.5096197510e+02 5.5088098145e+02 5.5081597900e+02 5.5075097656e+02 5.5069702148e+02 5.5062298584e+02 5.5058099365e+02 5.5053198242e+02 5.5048400879e+02 5.5046997070e+02 5.5044897461e+02 5.5045001221e+02 5.5045202637e+02 5.5048101807e+02 5.5048101807e+02 5.5042999268e+02 5.5038201904e+02 5.5035699463e+02 5.5030798340e+02 5.5027001953e+02 5.5025598145e+02 5.5023699951e+02 5.5022601318e+02 5.5023602295e+02
5.5195001221e+02 5.5191998291e+02 5.5188800049e+02 5.5184100342e+02 5.5179699707e+02 5.5174401855e+02 5.5167797852e+02 5.5161901855e+02 5.5156500244e+02 5.5150598145e+02 5.5146301270e+02 5.5142797852e+02 5.5140100098e+02 5.5137402344e+02 5.5132397461e+02 5.5125897217e+02 5.5122601318e+02 5.5119000244e+02 5.5109899902e+02 5.5105297852e+02 5.5100701904e+02 5.5095300293e+02 5.5088800049e+02 5.5078002930e+02 5.5070800781e+02 5.5065600586e+02 5.5061602783e+02 5.5055102539e+02 5.5051898193e+02 5.5048498535e+02 5.5044299316e+02 5.5042901611e+02 5.5041802979e+02 5.5041900635e+02 5.5042797852e+02 5.5047399902e+02 5.5049499512e+02 5.5045300293e+02 5.5037200928e+02 5.5031298828e+02 5.5027001953e+02 5.5025598145e+02 5.5026202393e+02 5.5023699951e+02 5.5024401855e+02 5.5029797363e+02
5.5190399170e+02 5.5185900879e+02 5.5181597900e+02 5.5177001953e+02 5.5171997070e+02 5.5167102051e+02 5.5163000488e+02 5.5154797363e+02 5.5149102783e+02 5.5144396973e+02 5.5140698242e+02 5.5137902832e+02 5.5133697510e+02 5.5128497314e+02 5.5122601318e+02 5.5116198730e+02 5.5112799072e+02 5.5109698486e+02 5.5104302979e+02 5.5097698975e+02 5.5092700195e+02 5.5086297607e+02 5.5076898193e+02 5.5068298340e+02 5.5060900879e+02 5.5055798340e+02 5.5053601074e+02 5.5049499512e+02 5.5047198486e+02 5.5044396973e+02 5.5039801025e+02 5.5039300537e+02 5.5038201904e+02 5.5038702393e+02 5.5039202881e+02 5.5038598633e+02 5.5040802002e+02 5.5040399170e+02 5.5035699463e+02 5.5029199219e+02 5.5025402832e+02 5.5025299072e+02 5.5026397705e+02 5.5024499512e+02 5.5025897217e+02 5.5032598877e+02
5.5185797119e+02 5.5181298828e+02 5.5176702881e+02 5.5171899414e+02 5.5165997314e+02 5.5160198975e+02 5.5154901123e+02 5.5149499512e+02 5.5143499756e+02 5.5138098145e+02 5.5134600830e+02 5.5130902100e+02 5.5125799561e+02 5.5120202637e+02 5.5113897705e+02 5.5107299805e+02 5.5103100586e+02 5.5098901367e+02 5.5091802979e+02 5.5086700439e+02 5.5082397461e+02 5.5077099609e+02 5.5070098877e+02 5.5063500977e+02 5.5057000732e+02 5.5051202393e+02 5.5048101807e+02 5.5044702148e+02 5.5043597412e+02 5.5041400146e+02 5.5038201904e+02 5.5037701416e+02 5.5036901855e+02 5.5037097168e+02 5.5037200928e+02 5.5034899902e+02 5.5034698486e+02 5.5034197998e+02 5.5030902100e+02 5.5027301025e+02 5.5026702881e+02 5.5027502441e+02 5.5027301025e+02 5.5025897217e+02 5.5025402832e+02 5.5028802490e+02
5.5180700684e+02 5.5175799561e+02 5.5170098877e+02 5.5166198730e+02 5.5160101318e+02 5.5153100586e+02 5.5147802734e+02 5.5143200684e+02 5.5136602783e+02 5.5130798340e+02 5.5126800537e+02 5.5122198486e+02 5.5117602539e+02 5.5112597656e+02 5.5107598877e+02 5.5101501465e+02 5.5095697021e+02 5.5089300537e+02 5.5080902100e+02 5.5077197266e+02 5.5073400879e+02 5.5069097900e+02 5.5064202881e+02 5.5059600830e+02 5.5054199219e+02 5.5048602295e+02 5.5045300293e+02 5.5041101074e+02 5.5039898682e+02 5.5039001465e+02 5.5036401367e+02 5.5035601807e+02 5.5034301758e+02 5.5034002686e+02 5.5034399414e+02 5.5033697510e+02 5.5031597900e+02 5.5029602051e+02 5.5028601074e+02 5.5028497314e+02 5.5029699707e+02 5.5029998779e+02 5.5028100586e+02 5.5028302002e+02 5.5026300049e+02 5.5024597168e+02
5.5177197266e+02 5.5170898438e+02 5.5163299561e+02 5.5159802246e+02 5.5153399658e+02 5.5146197510e+02 5.5141998291e+02 5.5136798096e+02 5.5130200195e+02 5.5124902344e+02 5.5121002197e+02 5.5117297363e+02 5.5113598633e+02 5.5109399414e+02 5.5104998779e+02 5.5097100830e+02 5.5088299561e+02 5.5080499268e+02 5.5072802734e+02 5.5069299316e+02 5.5065399170e+02 5.5061901855e+02 5.5058300781e+02 5.5055499268e+02 5.5051702881e+02 5.5046801758e+02 5.5043597412e+02 5.5039202881e+02 5.5036999512e+02 5.5036700439e+02 5.5034399414e+02 5.5033801270e+02 5.5033001709e+02 5.5032501221e+02 5.5032000732e+02 5.5031896973e+02 5.5028698730e+02 5.5026300049e+02 5.5028497314e+02 5.5029400635e+02 5.5029699707e+02 5.5028900146e+02 5.5027099609e+02 5.5027899170e+02 5.5025598145e+02 5.5022302246e+02
