TESTSERVER/5/16.asc
NCOLS 100
NROWS 100
XLLCORNER 7.7497500000e+03
YLLCORNER 2.8915025000e+05
CELLSIZE 5.0000000000e-01
NODATA_VALUE -9.9990000000e+03
[rows 20 to 39 of 100, columns 46 to 91 of 100]
5.4977301025e+02 5.4982501221e+02 5.4989099121e+02 5.4990100098e+02 5.4987597656e+02 5.4986999512e+02 5.4990100098e+02 5.4993798828e+02 5.4996899414e+02 5.5000000000e+02 5.5002801514e+02 5.5004498291e+02 5.5004602051e+02 5.5006896973e+02 5.5011297607e+02 5.5014202881e+02 5.5016198730e+02 5.5018103027e+02 5.5019799805e+02 5.5020800781e+02 5.5021197510e+02 5.5021197510e+02 5.5020800781e+02 5.5020300293e+02 5.5020001221e+02 5.5019799805e+02 5.5019702148e+02 5.5019799805e+02 5.5019799805e+02 5.5019897461e+02 5.5020001221e+02 5.5020001221e+02 5.5020098877e+02 5.5020202637e+02 5.5020202637e+02 5.5020001221e+02 5.5020001221e+02 5.5020001221e+02 5.5020098877e+02 5.5019799805e+02 5.5019702148e+02 5.5019702148e+02 5.5019702148e+02 5.5019598389e+02 5.5019598389e+02 5.5019598389e+02
5.4976202393e+02 5.4981500244e+02 5.4991497803e+02 5.4995202637e+02 5.4994000244e+02 5.4993103027e+02 5.4995599365e+02 5.4997399902e+02 5.4997698975e+02 5.5000402832e+02 5.5003601074e+02 5.5004498291e+02 5.5005499268e+02 5.5008502197e+02 5.5013299561e+02 5.5015997314e+02 5.5018298340e+02 5.5019897461e+02 5.5020697021e+02 5.5020898438e+02 5.5021002197e+02 5.5020697021e+02 5.5020202637e+02 5.5019702148e+02 5.5019299316e+02 5.5019201660e+02 5.5019201660e+02 5.5019396973e+02 5.5019500732e+02 5.5019598389e+02 5.5019598389e+02 5.5019702148e+02 5.5019799805e+02 5.5020001221e+02 5.5019897461e+02 5.5019799805e+02 5.5019897461e+02 5.5019897461e+02 5.5019897461e+02 5.5019702148e+02 5.5019702148e+02 5.5019598389e+02 5.5019598389e+02 5.5019500732e+02 5.5019598389e+02 5.5019598389e+02
5.4979101563e+02 5.4982501221e+02 5.4990600586e+02 5.4995098877e+02 5.4995397949e+02 5.4996398926e+02 5.5002502441e+02 5.5006298828e+02 5.5003002930e+02 5.5001898193e+02 5.5005999756e+02 5.5007598877e+02 5.5008197021e+02 5.5010601807e+02 5.5015100098e+02 5.5017901611e+02 5.5020001221e+02 5.5021197510e+02 5.5021398926e+02 5.5021197510e+02 5.5021002197e+02 5.5020599365e+02 5.5019702148e+02 5.5019201660e+02 5.5018798828e+02 5.5018597412e+02 5.5018798828e+02 5.5019000244e+02 5.5019097900e+02 5.5019097900e+02 5.5019201660e+02 5.5019299316e+02 5.5019500732e+02 5.5019598389e+02 5.5019598389e+02 5.5019598389e+02 5.5019598389e+02 5.5019702148e+02 5.5019598389e+02 5.5019500732e+02 5.5019500732e+02 5.5019500732e+02 5.5019396973e+02 5.5019396973e+02 5.5019396973e+02 5.5019500732e+02
5.4986798096e+02 5.4985699463e+02 5.4987902832e+02 5.4993499756e+02 5.4995697021e+02 5.4998199463e+02 5.5004498291e+02 5.5011602783e+02 5.5011401367e+02 5.5008599854e+02 5.5010601807e+02 5.5013000488e+02 5.5013000488e+02 5.5013598633e+02 5.5016802979e+02 5.5019702148e+02 5.5021301270e+02 5.5022198486e+02 5.5021899414e+02 5.5021398926e+02 5.5021099854e+02 5.5020397949e+02 5.5019299316e+02 5.5018701172e+02 5.5018298340e+02 5.5018103027e+02 5.5018298340e+02 5.5018597412e+02 5.5018701172e+02 5.5018701172e+02 5.5018798828e+02 5.5019000244e+02 5.5019201660e+02 5.5019299316e+02 5.5019396973e+02 5.5019299316e+02 5.5019396973e+02 5.5019396973e+02 5.5019396973e+02 5.5019396973e+02 5.5019299316e+02 5.5019299316e+02 5.5019299316e+02 5.5019299316e+02 5.5019396973e+02 5.5019396973e+02
5.4989697266e+02 5.4988000488e+02 5.4988201904e+02 5.4994201660e+02 5.4998699951e+02 5.5001898193e+02 5.5006097412e+02 5.5011901855e+02 5.5017297363e+02 5.5016302490e+02 5.5012799072e+02 5.5015399170e+02 5.5016900635e+02 5.5017901611e+02 5.5020501709e+02 5.5021502686e+02 5.5022399902e+02 5.5022802734e+02 5.5022698975e+02 5.5021600342e+02 5.5020800781e+02 5.5019897461e+02 5.5019000244e+02 5.5018402100e+02 5.5017999268e+02 5.5017700195e+02 5.5017602539e+02 5.5018103027e+02 5.5018200684e+02 5.5018298340e+02 5.5018499756e+02 5.5018597412e+02 5.5018798828e+02 5.5018902588e+02 5.5019097900e+02 5.5019097900e+02 5.5019201660e+02 5.5019201660e+02 5.5019299316e+02 5.5019201660e+02 5.5019201660e+02 5.5019201660e+02 5.5019201660e+02 5.5019299316e+02 5.5019299316e+02 5.5019396973e+02
5.4984497070e+02 5.4987500000e+02 5.4990301514e+02 5.4997802734e+02 5.5004498291e+02 5.5008502197e+02 5.5008801270e+02 5.5010498047e+02 5.5016101074e+02 5.5020697021e+02 5.5019799805e+02 5.5018798828e+02 5.5019702148e+02 5.5021801758e+02 5.5023297119e+02 5.5023199463e+02 5.5023297119e+02 5.5023101807e+02 5.5022399902e+02 5.5021099854e+02 5.5020202637e+02 5.5019299316e+02 5.5018597412e+02 5.5018402100e+02 5.5017901611e+02 5.5017401123e+02 5.5017199707e+02 5.5017700195e+02 5.5017901611e+02 5.5017999268e+02 5.5018200684e+02 5.5018298340e+02 5.5018499756e+02 5.5018701172e+02 5.5018798828e+02 5.5018902588e+02 5.5019000244e+02 5.5019097900e+02 5.5019097900e+02 5.5019000244e+02 5.5019000244e+02 5.5019097900e+02 5.5019097900e+02 5.5019201660e+02 5.5019201660e+02 5.5019299316e+02
5.4983099365e+02 5.4987597656e+02 5.4991802979e+02 5.5000097656e+02 5.5008001709e+02 5.5012799072e+02 5.5012298584e+02 5.5013299561e+02 5.5019500732e+02 5.5025000000e+02 5.5024798584e+02 5.5021697998e+02 5.5021801758e+02 5.5023797607e+02 5.5025097656e+02 5.5024200439e+02 5.5023797607e+02 5.5023101807e+02 5.5021899414e+02 5.5020697021e+02 5.5019799805e+02 5.5018902588e+02 5.5018200684e+02 5.5017999268e+02 5.5017498779e+02 5.5016998291e+02 5.5016802979e+02 5.5017297363e+02 5.5017498779e+02 5.5017602539e+02 5.5017797852e+02 5.5017999268e+02 5.5018298340e+02 5.5018402100e+02 5.5018597412e+02 5.5018701172e+02 5.5018798828e+02 5.5018902588e+02 5.5018902588e+02 5.5018798828e+02 5.5018902588e+02 5.5018902588e+02 5.5019000244e+02 5.5019000244e+02 5.5019097900e+02 5.5019201660e+02
5.4981201172e+02 5.4986999512e+02 5.4992199707e+02 5.4999798584e+02 5.5008001709e+02 5.5013702393e+02 5.5014697266e+02 5.5018798828e+02 5.5026202393e+02 5.5029699707e+02 5.5026397705e+02 5.5022601318e+02 5.5022198486e+02 5.5024102783e+02 5.5025598145e+02 5.5024597168e+02 5.5023901367e+02 5.5022802734e+02 5.5021398926e+02 5.5020300293e+02 5.5019396973e+02 5.5018402100e+02 5.5017797852e+02 5.5017602539e+02 5.5017102051e+02 5.5016601563e+02 5.5016400146e+02 5.5016900635e+02 5.5017102051e+02 5.5017297363e+02 5.5017498779e+02 5.5017700195e+02 5.5017999268e+02 5.5018200684e+02 5.5018402100e+02 5.5018402100e+02 5.5018499756e+02 5.5018701172e+02 5.5018701172e+02 5.5018701172e+02 5.5018701172e+02 5.5018798828e+02 5.5018798828e+02 5.5018902588e+02 5.5019000244e+02 5.5019097900e+02
5.4978601074e+02 5.4984899902e+02 5.4990502930e+02 5.4997698975e+02 5.5005200195e+02 5.5011102295e+02 5.5012500000e+02 5.5020397949e+02 5.5029602051e+02 5.5032098389e+02 5.5025299072e+02 5.5021398926e+02 5.5021502686e+02 5.5023901367e+02 5.5025097656e+02 5.5023699951e+02 5.5022900391e+02 5.5021801758e+02 5.5020300293e+02 5.5019702148e+02 5.5018701172e+02 5.5017797852e+02 5.5016900635e+02 5.5016998291e+02 5.5016497803e+02 5.5016101074e+02 5.5015899658e+02 5.5016497803e+02 5.5016601563e+02 5.5016802979e+02 5.5016998291e+02 5.5017401123e+02 5.5017700195e+02 5.5017901611e+02 5.5018103027e+02 5.5018200684e+02 5.5018298340e+02 5.5018499756e+02 5.5018499756e+02 5.5018499756e+02 5.5018597412e+02 5.5018701172e+02 5.5018701172e+02 5.5018798828e+02 5.5018902588e+02 5.5019000244e+02
5.4975299072e+02 5.4981402588e+02 5.4986901855e+02 5.4993298340e+02 5.5000299072e+02 5.5006597900e+02 5.5012097168e+02 5.5019897461e+02 5.5026898193e+02 5.5028002930e+02 5.5023498535e+02 5.5020098877e+02 5.5020800781e+02 5.5023101807e+02 5.5023699951e+02 5.5022302246e+02 5.5021697998e+02 5.5020800781e+02 5.5020098877e+02 5.5019396973e+02 5.5018499756e+02 5.5017498779e+02 5.5016802979e+02 5.5016699219e+02 5.5016302490e+02 5.5015802002e+02 5.5015698242e+02 5.5016198730e+02 5.5016400146e+02 5.5016601563e+02 5.5016802979e+02 5.5017199707e+02 5.5017498779e+02 5.5017700195e+02 5.5017901611e+02 5.5017999268e+02 5.5018103027e+02 5.5018298340e+02 5.5018402100e+02 5.5018402100e+02 5.5018499756e+02 5.5018597412e+02 5.5018597412e+02 5.5018701172e+02 5.5018798828e+02 5.5018902588e+02
5.4971301270e+02 5.4977600098e+02 5.4982897949e+02 5.4988702393e+02 5.4995599365e+02 5.5003698730e+02 5.5014300537e+02 5.5022698975e+02 5.5026300049e+02 5.5023602295e+02 5.5020300293e+02 5.5019500732e+02 5.5020501709e+02 5.5022399902e+02 5.5022998047e+02 5.5022100830e+02 5.5021502686e+02 5.5020697021e+02 5.5020001221e+02 5.5019396973e+02 5.5018499756e+02 5.5017498779e+02 5.5016802979e+02 5.5016601563e+02 5.5016198730e+02 5.5015698242e+02 5.5015600586e+02 5.5016101074e+02 5.5016302490e+02 5.5016400146e+02 5.5016601563e+02 5.5016998291e+02 5.5017297363e+02 5.5017498779e+02 5.5017700195e+02 5.5017797852e+02 5.5017999268e+02 5.5018200684e+02 5.5018298340e+02 5.5018298340e+02 5.5018402100e+02 5.5018499756e+02 5.5018597412e+02 5.5018701172e+02 5.5018798828e+02 5.5018902588e+02
5.4966699219e+02 5.4973101807e+02 5.4978198242e+02 5.4983398438e+02 5.4991302490e+02 5.5002301025e+02 5.5016198730e+02 5.5024401855e+02 5.5028900146e+02 5.5026300049e+02 5.5021600342e+02 5.5020202637e+02 5.5020697021e+02 5.5022198486e+02 5.5022601318e+02 5.5022100830e+02 5.5021600342e+02 5.5020898438e+02 5.5020098877e+02 5.5019396973e+02 5.5018402100e+02 5.5017498779e+02 5.5016699219e+02 5.5016400146e+02 5.5015997314e+02 5.5015600586e+02 5.5015502930e+02 5.5015997314e+02 5.5016101074e+02 5.5016302490e+02 5.5016400146e+02 5.5016802979e+02 5.5017102051e+02 5.5017401123e+02 5.5017498779e+02 5.5017602539e+02 5.5017797852e+02 5.5017999268e+02 5.5018200684e+02 5.5018200684e+02 5.5018298340e+02 5.5018402100e+02 5.5018499756e+02 5.5018701172e+02 5.5018798828e+02 5.5018902588e+02
5.4961602783e+02 5.4967999268e+02 5.4972900391e+02 5.4979101563e+02 5.4989099121e+02 5.5002099609e+02 5.5015100098e+02 5.5020202637e+02 5.5027001953e+02 5.5030200195e+02 5.5027398682e+02 5.5022802734e+02 5.5021600342e+02 5.5021899414e+02 5.5021997070e+02 5.5022198486e+02 5.5022100830e+02 5.5021697998e+02 5.5021398926e+02 5.5019702148e+02 5.5018701172e+02 5.5017498779e+02 5.5016302490e+02 5.5015997314e+02 5.5015600586e+02 5.5015301514e+02 5.5015399170e+02 5.5015802002e+02 5.5015899658e+02 5.5016101074e+02 5.5016198730e+02 5.5016601563e+02 5.5016802979e+02 5.5017102051e+02 5.5017199707e+02 5.5017498779e+02 5.5017700195e+02 5.5017901611e+02 5.5018103027e+02 5.5018103027e+02 5.5018298340e+02 5.5018402100e+02 5.5018499756e+02 5.5018597412e+02 5.5018798828e+02 5.5018902588e+02
5.4957501221e+02 5.4964099121e+02 5.4969201660e+02 5.4974798584e+02 5.4984002686e+02 5.4994702148e+02 5.5005499268e+02 5.5010998535e+02 5.5017901611e+02 5.5023602295e+02 5.5025598145e+02 5.5023101807e+02 5.5021197510e+02 5.5021099854e+02 5.5021997070e+02 5.5022399902e+02 5.5022601318e+02 5.5022601318e+02 5.5021997070e+02 5.5020697021e+02 5.5019500732e+02 5.5018103027e+02 5.5016601563e+02 5.5015802002e+02 5.5015399170e+02 5.5015197754e+02 5.5015399170e+02 5.5015698242e+02 5.5015802002e+02 5.5015899658e+02 5.5016101074e+02 5.5016400146e+02 5.5016699219e+02 5.5016802979e+02 5.5017102051e+02 5.5017401123e+02 5.5017602539e+02 5.5017901611e+02 5.5017999268e+02 5.5018103027e+02 5.5018298340e+02 5.5018499756e+02 5.5018597412e+02 5.5018701172e+02 5.5018798828e+02 5.5019000244e+02
5.4953399658e+02 5.4959899902e+02 5.4965600586e+02 5.4971398926e+02 5.4979400635e+02 5.4988397217e+02 5.4997100830e+02 5.5003900146e+02 5.5010498047e+02 5.5016699219e+02 5.5022198486e+02 5.5022601318e+02 5.5021502686e+02 5.5020898438e+02 5.5021801758e+02 5.5022399902e+02 5.5022698975e+02 5.5022698975e+02 5.5022302246e+02 5.5021099854e+02 5.5019702148e+02 5.5018298340e+02 5.5016699219e+02 5.5015802002e+02 5.5015399170e+02 5.5015197754e+02 5.5015301514e+02 5.5015502930e+02 5.5015600586e+02 5.5015698242e+02 5.5015997314e+02 5.5016302490e+02 5.5016497803e+02 5.5016699219e+02 5.5016998291e+02 5.5017199707e+02 5.5017498779e+02 5.5017700195e+02 5.5017901611e+02 5.5017999268e+02 5.5018298340e+02 5.5018499756e+02 5.5018597412e+02 5.5018701172e+02 5.5018902588e+02 5.5019097900e+02
5.4948999023e+02 5.4955200195e+02 5.4961499023e+02 5.4968200684e+02 5.4975598145e+02 5.4983300781e+02 5.4990899658e+02 5.4998602295e+02 5.5003997803e+02 5.5009899902e+02 5.5017498779e+02 5.5021697998e+02 5.5022302246e+02 5.5021301270e+02 5.5021600342e+02 5.5022100830e+02 5.5022399902e+02 5.5022399902e+02 5.5022100830e+02 5.5020800781e+02 5.5019396973e+02 5.5017999268e+02 5.5016497803e+02 5.5015698242e+02 5.5015301514e+02 5.5015100098e+02 5.5015100098e+02 5.5015301514e+02 5.5015399170e+02 5.5015502930e+02 5.5015802002e+02 5.5016198730e+02 5.5016400146e+02 5.5016601563e+02 5.5016802979e+02 5.5017102051e+02 5.5017401123e+02 5.5017602539e+02 5.5017797852e+02 5.5017999268e+02 5.5018200684e+02 5.5018402100e+02 5.5018701172e+02 5.5018798828e+02 5.5019000244e+02 5.5019201660e+02
5.4943200684e+02 5.4949401855e+02 5.4956597900e+02 5.4963800049e+02 5.4971002197e+02 5.4978100586e+02 5.4984899902e+02 5.4990002441e+02 5.4994799805e+02 5.5001098633e+02 5.5009802246e+02 5.5017797852e+02 5.5021398926e+02 5.5020599365e+02 5.5020697021e+02 5.5021502686e+02 5.5021600342e+02 5.5021801758e+02 5.5021002197e+02 5.5019097900e+02 5.5017797852e+02 5.5016699219e+02 5.5015301514e+02 5.5015002441e+02 5.5014697266e+02 5.5014697266e+02 5.5014801025e+02 5.5015100098e+02 5.5015301514e+02 5.5015600586e+02 5.5015802002e+02 5.5015997314e+02 5.5016198730e+02 5.5016400146e+02 5.5016601563e+02 5.5016900635e+02 5.5017199707e+02 5.5017401123e+02 5.5017602539e+02 5.5017901611e+02 5.5018200684e+02 5.5018402100e+02 5.5018597412e+02 5.5018798828e+02 5.5019097900e+02 5.5019299316e+02
5.4936700439e+02 5.4943402100e+02 5.4950799561e+02 5.4957598877e+02 5.4964398193e+02 5.4971099854e+02 5.4977197266e+02 5.4981597900e+02 5.4987402344e+02 5.4994299316e+02 5.5002899170e+02 5.5009301758e+02 5.5015100098e+02 5.5017700195e+02 5.5020898438e+02 5.5021197510e+02 5.5020300293e+02 5.5019598389e+02 5.5018902588e+02 5.5017401123e+02 5.5016302490e+02 5.5015399170e+02 5.5014599609e+02 5.5014099121e+02 5.5014001465e+02 5.5014099121e+02 5.5014501953e+02 5.5014801025e+02 5.5015197754e+02 5.5015502930e+02 5.5015802002e+02 5.5015802002e+02 5.5016101074e+02 5.5016400146e+02 5.5016601563e+02 5.5016900635e+02 5.5017102051e+02 5.5017401123e+02 5.5017602539e+02 5.5017901611e+02 5.5018200684e+02 5.5018499756e+02 5.5018701172e+02 5.5018902588e+02 5.5019201660e+02 5.5019598389e+02
5.4930700684e+02 5.4937298584e+02 5.4944799805e+02 5.4951501465e+02 5.4957702637e+02 5.4964099121e+02 5.4969702148e+02 5.4974401855e+02 5.4980700684e+02 5.4988000488e+02 5.4996301270e+02 5.5000500488e+02 5.5006597900e+02 5.5012701416e+02 5.5018701172e+02 5.5020697021e+02 5.5020697021e+02 5.5019396973e+02 5.5017498779e+02 5.5016101074e+02 5.5015100098e+02 5.5014501953e+02 5.5014001465e+02 5.5013598633e+02 5.5013598633e+02 5.5013800049e+02 5.5014300537e+02 5.5014697266e+02 5.5015002441e+02 5.5015399170e+02 5.5015600586e+02 5.5015698242e+02 5.5015997314e+02 5.5016302490e+02 5.5016497803e+02 5.5016802979e+02 5.5017102051e+02 5.5017401123e+02 5.5017700195e+02 5.5017901611e+02 5.5018298340e+02 5.5018597412e+02 5.5018798828e+02 5.5019097900e+02 5.5019396973e+02 5.5019702148e+02
5.4924102783e+02 5.4930999756e+02 5.4938800049e+02 5.4945098877e+02 5.4950897217e+02 5.4956799316e+02 5.4962298584e+02 5.4967602539e+02 5.4974298096e+02 5.4982000732e+02 5.4989801025e+02 5.4991900635e+02 5.4996801758e+02 5.5003601074e+02 5.5011999512e+02 5.5018200684e+02 5.5020599365e+02 5.5019598389e+02 5.5016198730e+02 5.5014599609e+02 5.5013897705e+02 5.5013397217e+02 5.5013299561e+02 5.5013299561e+02 5.5013299561e+02 5.5013500977e+02 5.5014001465e+02 5.5014501953e+02 5.5014801025e+02 5.5015197754e+02 5.5015502930e+02 5.5015698242e+02 5.5015997314e+02 5.5016302490e+02 5.5016601563e+02 5.5016900635e+02 5.5017102051e+02 5.5017401123e+02 5.5017700195e+02 5.5017999268e+02 5.5018298340e+02 5.5018701172e+02 5.5018902588e+02 5.5019201660e+02 5.5019500732e+02 5.5019799805e+02
