TESTSERVER/5/16.asc
NCOLS 100
NROWS 100
XLLCORNER 7.7497500000e+03
YLLCORNER 2.8915025000e+05
CELLSIZE 5.0000000000e-01
NODATA_VALUE -9.9990000000e+03
[rows 0 to 19 of 100, columns 46 to 91 of 100]
5.5053997803e+02 5.5050402832e+02 5.5043902588e+02 5.5042199707e+02 5.5038897705e+02 5.5034100342e+02 5.5030200195e+02 5.5026397705e+02 5.5022601318e+02 5.5019702148e+02 5.5017199707e+02 5.5013299561e+02 5.5009997559e+02 5.5010198975e+02 5.5012097168e+02 5.5010998535e+02 5.5010198975e+02 5.5010198975e+02 5.5011297607e+02 5.5011901855e+02 5.5013000488e+02 5.5013598633e+02 5.5014501953e+02 5.5014398193e+02 5.5011401367e+02 5.5010198975e+02 5.5014398193e+02 5.5014599609e+02 5.5016900635e+02 5.5017498779e+02 5.5018200684e+02 5.5019799805e+02 5.5019598389e+02 5.5020098877e+02 5.5020800781e+02 5.5020300293e+02 5.5019897461e+02 5.5019598389e+02 5.5019702148e+02 5.5019500732e+02 5.5019598389e+02 5.5019598389e+02 5.5019598389e+02 5.5019500732e+02 5.5019396973e+02 5.5019396973e+02
5.5049499512e+02 5.5045202637e+02 5.5039099121e+02 5.5036401367e+02 5.5033099365e+02 5.5030200195e+02 5.5026800537e+02 5.5023101807e+02 5.5019500732e+02 5.5016699219e+02 5.5014898682e+02 5.5012200928e+02 5.5010302734e+02 5.5009802246e+02 5.5010198975e+02 5.5008599854e+02 5.5007800293e+02 5.5008801270e+02 5.5010601807e+02 5.5011602783e+02 5.5012402344e+02 5.5012402344e+02 5.5012701416e+02 5.5012298584e+02 5.5011199951e+02 5.5011999512e+02 5.5014099121e+02 5.5015997314e+02 5.5021099854e+02 5.5021600342e+02 5.5019000244e+02 5.5018701172e+02 5.5019201660e+02 5.5020202637e+02 5.5021002197e+02 5.5020898438e+02 5.5020898438e+02 5.5020599365e+02 5.5020098877e+02 5.5019897461e+02 5.5019799805e+02 5.5019702148e+02 5.5019598389e+02 5.5019598389e+02 5.5019500732e+02 5.5019396973e+02
5.5043200684e+02 5.5038800049e+02 5.5034497070e+02 5.5031799316e+02 5.5028100586e+02 5.5025500488e+02 5.5022802734e+02 5.5020300293e+02 5.5017297363e+02 5.5014202881e+02 5.5012298584e+02 5.5010998535e+02 5.5009899902e+02 5.5008099365e+02 5.5007501221e+02 5.5007098389e+02 5.5007299805e+02 5.5009002686e+02 5.5010101318e+02 5.5011499023e+02 5.5012500000e+02 5.5011700439e+02 5.5010498047e+02 5.5010198975e+02 5.5010601807e+02 5.5012701416e+02 5.5015802002e+02 5.5018200684e+02 5.5022302246e+02 5.5021502686e+02 5.5018402100e+02 5.5018402100e+02 5.5019000244e+02 5.5020001221e+02 5.5021002197e+02 5.5021301270e+02 5.5021301270e+02 5.5020898438e+02 5.5020202637e+02 5.5020001221e+02 5.5019799805e+02 5.5019702148e+02 5.5019702148e+02 5.5019702148e+02 5.5019598389e+02 5.5019500732e+02
5.5036401367e+02 5.5032800293e+02 5.5029901123e+02 5.5027600098e+02 5.5023602295e+02 5.5021002197e+02 5.5018701172e+02 5.5016998291e+02 5.5014398193e+02 5.5011499023e+02 5.5010400391e+02 5.5009899902e+02 5.5008502197e+02 5.5005798340e+02 5.5004498291e+02 5.5006402588e+02 5.5008197021e+02 5.5009802246e+02 5.5009899902e+02 5.5011901855e+02 5.5012500000e+02 5.5011102295e+02 5.5009899902e+02 5.5009399414e+02 5.5010900879e+02 5.5015197754e+02 5.5019097900e+02 5.5019299316e+02 5.5020697021e+02 5.5019201660e+02 5.5017199707e+02 5.5018298340e+02 5.5019097900e+02 5.5020098877e+02 5.5021002197e+02 5.5021398926e+02 5.5021398926e+02 5.5021002197e+02 5.5020300293e+02 5.5020001221e+02 5.5019897461e+02 5.5019799805e+02 5.5019702148e+02 5.5019702148e+02 5.5019598389e+02 5.5019500732e+02
5.5030401611e+02 5.5027398682e+02 5.5024200439e+02 5.5023199463e+02 5.5019299316e+02 5.5016802979e+02 5.5014599609e+02 5.5013000488e+02 5.5010998535e+02 5.5009600830e+02 5.5010601807e+02 5.5009100342e+02 5.5006500244e+02 5.5004199219e+02 5.5003997803e+02 5.5004602051e+02 5.5007202148e+02 5.5009100342e+02 5.5009301758e+02 5.5010699463e+02 5.5010699463e+02 5.5009997559e+02 5.5010198975e+02 5.5009802246e+02 5.5012701416e+02 5.5017797852e+02 5.5020800781e+02 5.5019598389e+02 5.5019500732e+02 5.5018798828e+02 5.5017700195e+02 5.5018298340e+02 5.5019201660e+02 5.5020098877e+02 5.5020397949e+02 5.5020697021e+02 5.5020800781e+02 5.5020697021e+02 5.5020397949e+02 5.5020098877e+02 5.5020001221e+02 5.5019897461e+02 5.5019897461e+02 5.5019799805e+02 5.5019702148e+02 5.5019598389e+02
5.5023699951e+02 5.5019897461e+02 5.5018701172e+02 5.5018597412e+02 5.5015002441e+02 5.5012500000e+02 5.5011102295e+02 5.5009600830e+02 5.5009002686e+02 5.5008599854e+02 5.5007800293e+02 5.5005603027e+02 5.5004101563e+02 5.5004498291e+02 5.5005798340e+02 5.5005499268e+02 5.5006500244e+02 5.5008898926e+02 5.5009802246e+02 5.5009399414e+02 5.5009002686e+02 5.5008801270e+02 5.5009600830e+02 5.5012701416e+02 5.5017498779e+02 5.5020098877e+02 5.5019702148e+02 5.5019299316e+02 5.5019201660e+02 5.5018798828e+02 5.5017901611e+02 5.5018402100e+02 5.5019097900e+02 5.5019799805e+02 5.5020202637e+02 5.5020202637e+02 5.5020300293e+02 5.5020501709e+02 5.5020300293e+02 5.5020098877e+02 5.5020001221e+02 5.5020001221e+02 5.5019897461e+02 5.5019799805e+02 5.5019799805e+02 5.5019702148e+02
5.5017199707e+02 5.5013598633e+02 5.5013800049e+02 5.5012597656e+02 5.5010601807e+02 5.5008801270e+02 5.5007098389e+02 5.5005603027e+02 5.5006799316e+02 5.5006701660e+02 5.5004101563e+02 5.5002001953e+02 5.5001501465e+02 5.5003399658e+02 5.5005200195e+02 5.5005603027e+02 5.5006896973e+02 5.5008801270e+02 5.5009197998e+02 5.5008502197e+02 5.5008197021e+02 5.5008898926e+02 5.5011297607e+02 5.5015899658e+02 5.5020300293e+02 5.5021099854e+02 5.5019000244e+02 5.5019000244e+02 5.5019201660e+02 5.5019201660e+02 5.5018402100e+02 5.5018499756e+02 5.5019097900e+02 5.5019598389e+02 5.5020001221e+02 5.5020098877e+02 5.5020202637e+02 5.5020397949e+02 5.5020300293e+02 5.5020098877e+02 5.5020098877e+02 5.5020001221e+02 5.5020001221e+02 5.5019897461e+02 5.5019799805e+02 5.5019799805e+02
5.5011199951e+02 5.5008599854e+02 5.5008599854e+02 5.5007098389e+02 5.5006298828e+02 5.5004498291e+02 5.5003497314e+02 5.5003698730e+02 5.5004602051e+02 5.5003802490e+02 5.5001202393e+02 5.4999902344e+02 5.5000000000e+02 5.5002398682e+02 5.5003601074e+02 5.5005798340e+02 5.5007501221e+02 5.5007897949e+02 5.5007598877e+02 5.5007299805e+02 5.5007202148e+02 5.5009301758e+02 5.5014501953e+02 5.5018200684e+02 5.5020599365e+02 5.5020800781e+02 5.5018798828e+02 5.5019000244e+02 5.5019396973e+02 5.5019598389e+02 5.5018902588e+02 5.5018798828e+02 5.5019201660e+02 5.5019500732e+02 5.5019799805e+02 5.5020001221e+02 5.5020098877e+02 5.5020202637e+02 5.5020300293e+02 5.5020098877e+02 5.5020098877e+02 5.5020098877e+02 5.5020001221e+02 5.5020001221e+02 5.5019897461e+02 5.5019897461e+02
5.5007098389e+02 5.5004901123e+02 5.5002697754e+02 5.5003399658e+02 5.5003100586e+02 5.5002001953e+02 5.5002001953e+02 5.5002697754e+02 5.5002197266e+02 5.5000500488e+02 5.4999902344e+02 5.4999298096e+02 5.4999499512e+02 5.5001501465e+02 5.5003997803e+02 5.5006201172e+02 5.5007299805e+02 5.5007000732e+02 5.5007202148e+02 5.5006097412e+02 5.5006896973e+02 5.5010998535e+02 5.5016601563e+02 5.5018402100e+02 5.5019000244e+02 5.5019299316e+02 5.5019201660e+02 5.5019201660e+02 5.5019598389e+02 5.5019799805e+02 5.5019598389e+02 5.5019201660e+02 5.5019299316e+02 5.5019396973e+02 5.5019702148e+02 5.5019897461e+02 5.5019897461e+02 5.5020001221e+02 5.5020001221e+02 5.5020098877e+02 5.5020202637e+02 5.5020202637e+02 5.5020202637e+02 5.5020098877e+02 5.5020098877e+02 5.5020001221e+02
5.5002600098e+02 5.5002398682e+02 5.5002502441e+02 5.5001702881e+02 5.5001202393e+02 5.5001898193e+02 5.5001098633e+02 5.5000201416e+02 5.4999102783e+02 5.4997802734e+02 5.4998999023e+02 5.4999102783e+02 5.4998199463e+02 5.4999401855e+02 5.5003302002e+02 5.5005297852e+02 5.5006097412e+02 5.5006298828e+02 5.5004602051e+02 5.5005999756e+02 5.5010797119e+02 5.5016101074e+02 5.5018902588e+02 5.5019201660e+02 5.5019000244e+02 5.5018798828e+02 5.5019000244e+02 5.5019702148e+02 5.5019897461e+02 5.5020001221e+02 5.5019799805e+02 5.5019598389e+02 5.5019598389e+02 5.5019598389e+02 5.5019799805e+02 5.5020001221e+02 5.5020001221e+02 5.5019897461e+02 5.5019897461e+02 5.5020098877e+02 5.5020202637e+02 5.5020300293e+02 5.5020202637e+02 5.5020098877e+02 5.5020098877e+02 5.5020098877e+02
5.4999298096e+02 5.4999499512e+02 5.4999902344e+02 5.4998901367e+02 5.4998699951e+02 5.4999902344e+02 5.4997900391e+02 5.4996997070e+02 5.4996899414e+02 5.4996301270e+02 5.4997399902e+02 5.4998101807e+02 5.4997998047e+02 5.4999597168e+02 5.5002398682e+02 5.5003698730e+02 5.5004400635e+02 5.5004699707e+02 5.5005102539e+02 5.5010302734e+02 5.5016198730e+02 5.5019897461e+02 5.5019702148e+02 5.5019000244e+02 5.5018597412e+02 5.5018402100e+02 5.5019201660e+02 5.5020001221e+02 5.5020098877e+02 5.5020202637e+02 5.5020001221e+02 5.5019799805e+02 5.5019799805e+02 5.5019799805e+02 5.5020001221e+02 5.5020098877e+02 5.5020001221e+02 5.5020001221e+02 5.5019897461e+02 5.5020098877e+02 5.5020098877e+02 5.5020202637e+02 5.5020202637e+02 5.5020098877e+02 5.5020098877e+02 5.5020098877e+02
5.4996801758e+02 5.4997100830e+02 5.4997198486e+02 5.4997399902e+02 5.4996600342e+02 5.4996502686e+02 5.4994799805e+02 5.4996301270e+02 5.4997399902e+02 5.4996398926e+02 5.4996301270e+02 5.4997302246e+02 5.4998400879e+02 5.5000097656e+02 5.5001098633e+02 5.5002502441e+02 5.5003302002e+02 5.5005401611e+02 5.5011199951e+02 5.5016699219e+02 5.5019598389e+02 5.5020300293e+02 5.5019097900e+02 5.5018499756e+02 5.5018298340e+02 5.5018701172e+02 5.5019799805e+02 5.5020300293e+02 5.5020501709e+02 5.5020501709e+02 5.5020202637e+02 5.5020001221e+02 5.5020001221e+02 5.5020001221e+02 5.5020098877e+02 5.5020098877e+02 5.5020098877e+02 5.5020001221e+02 5.5019897461e+02 5.5020001221e+02 5.5020098877e+02 5.5020202637e+02 5.5020202637e+02 5.5020098877e+02 5.5020098877e+02 5.5020098877e+02
5.4993798828e+02 5.4993200684e+02 5.4995501709e+02 5.4996197510e+02 5.4995098877e+02 5.4994799805e+02 5.4994299316e+02 5.4995800781e+02 5.4996600342e+02 5.4995599365e+02 5.4995001221e+02 5.4997198486e+02 5.4998297119e+02 5.4999401855e+02 5.4999499512e+02 5.5001098633e+02 5.5002801514e+02 5.5008599854e+02 5.5017401123e+02 5.5020599365e+02 5.5020300293e+02 5.5019201660e+02 5.5018103027e+02 5.5018499756e+02 5.5019000244e+02 5.5019897461e+02 5.5021301270e+02 5.5021099854e+02 5.5021099854e+02 5.5020898438e+02 5.5020800781e+02 5.5020501709e+02 5.5020501709e+02 5.5020397949e+02 5.5020300293e+02 5.5020202637e+02 5.5020098877e+02 5.5020001221e+02 5.5019897461e+02 5.5020001221e+02 5.5020001221e+02 5.5020001221e+02 5.5020001221e+02 5.5020098877e+02 5.5020098877e+02 5.5020098877e+02
5.4990997314e+02 5.4993597412e+02 5.4994897461e+02 5.4995001221e+02 5.4993200684e+02 5.4994000244e+02 5.4994201660e+02 5.4996099854e+02 5.4995501709e+02 5.4994201660e+02 5.4995300293e+02 5.4997100830e+02 5.4998602295e+02 5.4999200439e+02 5.4998297119e+02 5.5001202393e+02 5.5003900146e+02 5.5009899902e+02 5.5016699219e+02 5.5019201660e+02 5.5020098877e+02 5.5019702148e+02 5.5019097900e+02 5.5019500732e+02 5.5020098877e+02 5.5020697021e+02 5.5021502686e+02 5.5021697998e+02 5.5021600342e+02 5.5021398926e+02 5.5021002197e+02 5.5020800781e+02 5.5020599365e+02 5.5020501709e+02 5.5020300293e+02 5.5020202637e+02 5.5020001221e+02 5.5019897461e+02 5.5020001221e+02 5.5020098877e+02 5.5020001221e+02 5.5020001221e+02 5.5020001221e+02 5.5020098877e+02 5.5020098877e+02 5.5020098877e+02
5.4990600586e+02 5.4993298340e+02 5.4991900635e+02 5.4991699219e+02 5.4990802002e+02 5.4992797852e+02 5.4993701172e+02 5.4993798828e+02 5.4993499756e+02 5.4993902588e+02 5.4995501709e+02 5.4997601318e+02 5.4999200439e+02 5.4999298096e+02 5.4998101807e+02 5.5002502441e+02 5.5005700684e+02 5.5009899902e+02 5.5014599609e+02 5.5017901611e+02 5.5019598389e+02 5.5020300293e+02 5.5020202637e+02 5.5020300293e+02 5.5020697021e+02 5.5021099854e+02 5.5021600342e+02 5.5021801758e+02 5.5021697998e+02 5.5021502686e+02 5.5021099854e+02 5.5020800781e+02 5.5020599365e+02 5.5020501709e+02 5.5020300293e+02 5.5020202637e+02 5.5020098877e+02 5.5020001221e+02 5.5019897461e+02 5.5020001221e+02 5.5020001221e+02 5.5019897461e+02 5.5019897461e+02 5.5020001221e+02 5.5020001221e+02 5.5020001221e+02
5.4989501953e+02 5.4991302490e+02 5.4991900635e+02 5.4991198730e+02 5.4990100098e+02 5.4991497803e+02 5.4992199707e+02 5.4991802979e+02 5.4992700195e+02 5.4993798828e+02 5.4995599365e+02 5.4997900391e+02 5.5000000000e+02 5.5000299072e+02 5.5000097656e+02 5.5005603027e+02 5.5009497070e+02 5.5011999512e+02 5.5013500977e+02 5.5017102051e+02 5.5019702148e+02 5.5021301270e+02 5.5021301270e+02 5.5021002197e+02 5.5021197510e+02 5.5021398926e+02 5.5021600342e+02 5.5021801758e+02 5.5021697998e+02 5.5021502686e+02 5.5021099854e+02 5.5020800781e+02 5.5020599365e+02 5.5020501709e+02 5.5020397949e+02 5.5020300293e+02 5.5020098877e+02 5.5020001221e+02 5.5019897461e+02 5.5020001221e+02 5.5020001221e+02 5.5019897461e+02 5.5019799805e+02 5.5019897461e+02 5.5019897461e+02 5.5019897461e+02
5.4987701416e+02 5.4988397217e+02 5.4990301514e+02 5.4989001465e+02 5.4988397217e+02 5.4989898682e+02 5.4990197754e+02 5.4991497803e+02 5.4993402100e+02 5.4995202637e+02 5.4995501709e+02 5.4998999023e+02 5.5000402832e+02 5.5000299072e+02 5.5001202393e+02 5.5007202148e+02 5.5011999512e+02 5.5014501953e+02 5.5015002441e+02 5.5017401123e+02 5.5020397949e+02 5.5022399902e+02 5.5022302246e+02 5.5021398926e+02 5.5021502686e+02 5.5021502686e+02 5.5021398926e+02 5.5021398926e+02 5.5021398926e+02 5.5021398926e+02 5.5021197510e+02 5.5020898438e+02 5.5020800781e+02 5.5020800781e+02 5.5020800781e+02 5.5020397949e+02 5.5020300293e+02 5.5020202637e+02 5.5020202637e+02 5.5020001221e+02 5.5019897461e+02 5.5019799805e+02 5.5019799805e+02 5.5019799805e+02 5.5019799805e+02 5.5019799805e+02
5.4985998535e+02 5.4985900879e+02 5.4984600830e+02 5.4986297607e+02 5.4986102295e+02 5.4987902832e+02 5.4989001465e+02 5.4990899658e+02 5.4992498779e+02 5.4994799805e+02 5.4997399902e+02 5.5000402832e+02 5.5001202393e+02 5.5002398682e+02 5.5005700684e+02 5.5009301758e+02 5.5011901855e+02 5.5014099121e+02 5.5016101074e+02 5.5018902588e+02 5.5021197510e+02 5.5022698975e+02 5.5022302246e+02 5.5021398926e+02 5.5021398926e+02 5.5021398926e+02 5.5021099854e+02 5.5020898438e+02 5.5020898438e+02 5.5021002197e+02 5.5020898438e+02 5.5020697021e+02 5.5020697021e+02 5.5020697021e+02 5.5020599365e+02 5.5020397949e+02 5.5020300293e+02 5.5020202637e+02 5.5020098877e+02 5.5019897461e+02 5.5019799805e+02 5.5019702148e+02 5.5019702148e+02 5.5019799805e+02 5.5019799805e+02 5.5019702148e+02
5.4982598877e+02 5.4983099365e+02 5.4983398438e+02 5.4986901855e+02 5.4986901855e+02 5.4988299561e+02 5.4989398193e+02 5.4990899658e+02 5.4992602539e+02 5.4994702148e+02 5.4998297119e+02 5.5001501465e+02 5.5001702881e+02 5.5003399658e+02 5.5008300781e+02 5.5010797119e+02 5.5012402344e+02 5.5014898682e+02 5.5017700195e+02 5.5019799805e+02 5.5021600342e+02 5.5022601318e+02 5.5021899414e+02 5.5021099854e+02 5.5021099854e+02 5.5021099854e+02 5.5020697021e+02 5.5020501709e+02 5.5020501709e+02 5.5020599365e+02 5.5020599365e+02 5.5020501709e+02 5.5020501709e+02 5.5020501709e+02 5.5020397949e+02 5.5020202637e+02 5.5020202637e+02 5.5020098877e+02 5.5020001221e+02 5.5019799805e+02 5.5019799805e+02 5.5019702148e+02 5.5019598389e+02 5.5019702148e+02 5.5019702148e+02 5.5019702148e+02
5.4979101563e+02 5.4980700684e+02 5.4982202148e+02 5.4984997559e+02 5.4984600830e+02 5.4986499023e+02 5.4990197754e+02 5.4992297363e+02 5.4994396973e+02 5.4995898438e+02 5.4999902344e+02 5.5003100586e+02 5.5002697754e+02 5.5004498291e+02 5.5009899902e+02 5.5012500000e+02 5.5014001465e+02 5.5016497803e+02 5.5019201660e+02 5.5020501709e+02 5.5021502686e+02 5.5021997070e+02 5.5021301270e+02 5.5020697021e+02 5.5020599365e+02 5.5020501709e+02 5.5020202637e+02 5.5020098877e+02 5.5020202637e+02 5.5020202637e+02 5.5020300293e+02 5.5020202637e+02 5.5020202637e+02 5.5020202637e+02 5.5020202637e+02 5.5020098877e+02 5.5020098877e+02 5.5020001221e+02 5.5019897461e+02 5.5019799805e+02 5.5019702148e+02 5.5019598389e+02 5.5019598389e+02 5.5019702148e+02 5.5019598389e+02 5.5019598389e+02
