TESTSERVER/5/17.asc
NCOLS 100
NROWS 100
XLLCORNER 7.7497500000e+03
YLLCORNER 2.8910025000e+05
CELLSIZE 5.0000000000e-01
NODATA_VALUE -9.9990000000e+03
[rows 80 to 99 of 100, columns 0 to 45 of 100]
5.4563800049e+02 5.4565997314e+02 5.4568103027e+02 5.4571002197e+02 5.4573199463e+02 5.4575402832e+02 5.4575799561e+02 5.4575500488e+02 5.4577197266e+02 5.4579199219e+02 5.4582202148e+02 5.4585601807e+02 5.4585498047e+02 5.4584100342e+02 5.4585400391e+02 5.4587701416e+02 5.4588800049e+02 5.4589599609e+02 5.4593298340e+02 5.4596502686e+02 5.4597198486e+02 5.4600897217e+02 5.4605102539e+02 5.4608099365e+02 5.4608300781e+02 5.4613299561e+02 5.4617797852e+02 5.4621398926e+02 5.4624499512e+02 5.4627001953e+02 5.4629998779e+02 5.4632202148e+02 5.4636102295e+02 5.4638800049e+02 5.4642297363e+02 5.4644799805e+02 5.4646301270e+02 5.4648297119e+02 5.4649700928e+02 5.4651800537e+02 5.4655700684e+02 5.4657202148e+02 5.4657501221e+02 5.4656701660e+02 5.4654998779e+02 5.4654699707e+02
5.4564801025e+02 5.4564801025e+02 5.4564898682e+02 5.4565997314e+02 5.4568200684e+02 5.4571301270e+02 5.4572497559e+02 5.4572601318e+02 5.4574798584e+02 5.4576501465e+02 5.4579199219e+02 5.4581201172e+02 5.4581500244e+02 5.4582299805e+02 5.4583502197e+02 5.4584899902e+02 5.4586102295e+02 5.4588201904e+02 5.4591400146e+02 5.4594897461e+02 5.4596502686e+02 5.4598297119e+02 5.4601202393e+02 5.4604199219e+02 5.4606097412e+02 5.4609600830e+02 5.4613201904e+02 5.4616497803e+02 5.4619500732e+02 5.4622698975e+02 5.4625897217e+02 5.4627899170e+02 5.4632397461e+02 5.4636602783e+02 5.4639801025e+02 5.4641302490e+02 5.4642199707e+02 5.4643597412e+02 5.4645697021e+02 5.4647399902e+02 5.4650598145e+02 5.4651501465e+02 5.4652398682e+02 5.4651800537e+02 5.4648498535e+02 5.4649700928e+02
5.4562402344e+02 5.4563598633e+02 5.4562902832e+02 5.4563397217e+02 5.4565100098e+02 5.4567901611e+02 5.4569897461e+02 5.4570898438e+02 5.4573297119e+02 5.4574298096e+02 5.4576397705e+02 5.4577801514e+02 5.4577600098e+02 5.4579400635e+02 5.4581402588e+02 5.4583001709e+02 5.4584100342e+02 5.4587200928e+02 5.4590100098e+02 5.4593298340e+02 5.4594897461e+02 5.4596502686e+02 5.4599102783e+02 5.4602398682e+02 5.4605499268e+02 5.4607501221e+02 5.4610302734e+02 5.4614001465e+02 5.4616400146e+02 5.4618798828e+02 5.4621502686e+02 5.4623699951e+02 5.4628002930e+02 5.4631201172e+02 5.4634802246e+02 5.4636499023e+02 5.4638000488e+02 5.4639697266e+02 5.4641101074e+02 5.4642797852e+02 5.4645501709e+02 5.4646600342e+02 5.4646197510e+02 5.4644702148e+02 5.4642297363e+02 5.4644799805e+02
5.4557501221e+02 5.4559698486e+02 5.4560198975e+02 5.4561798096e+02 5.4563800049e+02 5.4566198730e+02 5.4567102051e+02 5.4568298340e+02 5.4571398926e+02 5.4571197510e+02 5.4571398926e+02 5.4573400879e+02 5.4575598145e+02 5.4577197266e+02 5.4579199219e+02 5.4581896973e+02 5.4583197021e+02 5.4585400391e+02 5.4588201904e+02 5.4591101074e+02 5.4593402100e+02 5.4595098877e+02 5.4597497559e+02 5.4599902344e+02 5.4602001953e+02 5.4603900146e+02 5.4606402588e+02 5.4610302734e+02 5.4613201904e+02 5.4615698242e+02 5.4617700195e+02 5.4619500732e+02 5.4622698975e+02 5.4625299072e+02 5.4629699707e+02 5.4631597900e+02 5.4632702637e+02 5.4635101318e+02 5.4635498047e+02 5.4636999512e+02 5.4639599609e+02 5.4640399170e+02 5.4639501953e+02 5.4637597656e+02 5.4636602783e+02 5.4638201904e+02
5.4556201172e+02 5.4557202148e+02 5.4559301758e+02 5.4561901855e+02 5.4563098145e+02 5.4563598633e+02 5.4563800049e+02 5.4565502930e+02 5.4569000244e+02 5.4569299316e+02 5.4569201660e+02 5.4571398926e+02 5.4574401855e+02 5.4576898193e+02 5.4578002930e+02 5.4580499268e+02 5.4583697510e+02 5.4584899902e+02 5.4586199951e+02 5.4588702393e+02 5.4593902588e+02 5.4594201660e+02 5.4596002197e+02 5.4598498535e+02 5.4599102783e+02 5.4600500488e+02 5.4604199219e+02 5.4607000732e+02 5.4610198975e+02 5.4612597656e+02 5.4613598633e+02 5.4614501953e+02 5.4616198730e+02 5.4620397949e+02 5.4623999023e+02 5.4624597168e+02 5.4626300049e+02 5.4628002930e+02 5.4628302002e+02 5.4629901123e+02 5.4632800293e+02 5.4632501221e+02 5.4632098389e+02 5.4631500244e+02 5.4632897949e+02 5.4631201172e+02
5.4557897949e+02 5.4556500244e+02 5.4556701660e+02 5.4559497070e+02 5.4561798096e+02 5.4561700439e+02 5.4562402344e+02 5.4564398193e+02 5.4566601563e+02 5.4567797852e+02 5.4569598389e+02 5.4571899414e+02 5.4573101807e+02 5.4576202393e+02 5.4577899170e+02 5.4579498291e+02 5.4582202148e+02 5.4583898926e+02 5.4585797119e+02 5.4588397217e+02 5.4592602539e+02 5.4594299316e+02 5.4595397949e+02 5.4597998047e+02 5.4599499512e+02 5.4600799561e+02 5.4604602051e+02 5.4607000732e+02 5.4608599854e+02 5.4611199951e+02 5.4612402344e+02 5.4612902832e+02 5.4614697266e+02 5.4617401123e+02 5.4619799805e+02 5.4619500732e+02 5.4619702148e+02 5.4621899414e+02 5.4622900391e+02 5.4625097656e+02 5.4627801514e+02 5.4627197266e+02 5.4627301025e+02 5.4625299072e+02 5.4625299072e+02 5.4624401855e+02
5.4558300781e+02 5.4557000732e+02 5.4555603027e+02 5.4555798340e+02 5.4558099365e+02 5.4560797119e+02 5.4562200928e+02 5.4563897705e+02 5.4565100098e+02 5.4566601563e+02 5.4568402100e+02 5.4570697021e+02 5.4571600342e+02 5.4573797607e+02 5.4575897217e+02 5.4577899170e+02 5.4580102539e+02 5.4580999756e+02 5.4583398438e+02 5.4586700439e+02 5.4589398193e+02 5.4591802979e+02 5.4593402100e+02 5.4594897461e+02 5.4596197510e+02 5.4598101807e+02 5.4601501465e+02 5.4604302979e+02 5.4606896973e+02 5.4610302734e+02 5.4611999512e+02 5.4612799072e+02 5.4614202881e+02 5.4614898682e+02 5.4615002441e+02 5.4613702393e+02 5.4614202881e+02 5.4618402100e+02 5.4622100830e+02 5.4624200439e+02 5.4624499512e+02 5.4621801758e+02 5.4621197510e+02 5.4619500732e+02 5.4618103027e+02 5.4617901611e+02
5.4557299805e+02 5.4558398438e+02 5.4557299805e+02 5.4555603027e+02 5.4555499268e+02 5.4559002686e+02 5.4561199951e+02 5.4562799072e+02 5.4563598633e+02 5.4564801025e+02 5.4566400146e+02 5.4569097900e+02 5.4570300293e+02 5.4571997070e+02 5.4573797607e+02 5.4576202393e+02 5.4578698730e+02 5.4579101563e+02 5.4581402588e+02 5.4584698486e+02 5.4586499023e+02 5.4588500977e+02 5.4590197754e+02 5.4591101074e+02 5.4591998291e+02 5.4594598389e+02 5.4597497559e+02 5.4600000000e+02 5.4603002930e+02 5.4606597900e+02 5.4608801270e+02 5.4610601807e+02 5.4612200928e+02 5.4611602783e+02 5.4611102295e+02 5.4612298584e+02 5.4615899658e+02 5.4619000244e+02 5.4622302246e+02 5.4622802734e+02 5.4621600342e+02 5.4616900635e+02 5.4613098145e+02 5.4611499023e+02 5.4610900879e+02 5.4611297607e+02
5.4556298828e+02 5.4557397461e+02 5.4558099365e+02 5.4557800293e+02 5.4556201172e+02 5.4556896973e+02 5.4559698486e+02 5.4562097168e+02 5.4562298584e+02 5.4563098145e+02 5.4564898682e+02 5.4567401123e+02 5.4568200684e+02 5.4570300293e+02 5.4572497559e+02 5.4574200439e+02 5.4576397705e+02 5.4576898193e+02 5.4578802490e+02 5.4581799316e+02 5.4584301758e+02 5.4585302734e+02 5.4586798096e+02 5.4588397217e+02 5.4589801025e+02 5.4591900635e+02 5.4594396973e+02 5.4596197510e+02 5.4598901367e+02 5.4602398682e+02 5.4604498291e+02 5.4606298828e+02 5.4607702637e+02 5.4607702637e+02 5.4609899902e+02 5.4614697266e+02 5.4617999268e+02 5.4616699219e+02 5.4615002441e+02 5.4614501953e+02 5.4615399170e+02 5.4613201904e+02 5.4607501221e+02 5.4604302979e+02 5.4604400635e+02 5.4604199219e+02
5.4558300781e+02 5.4556298828e+02 5.4555999756e+02 5.4557598877e+02 5.4557202148e+02 5.4554797363e+02 5.4555700684e+02 5.4558599854e+02 5.4560900879e+02 5.4562097168e+02 5.4563702393e+02 5.4565502930e+02 5.4567199707e+02 5.4569702148e+02 5.4571997070e+02 5.4572698975e+02 5.4574902344e+02 5.4575402832e+02 5.4576898193e+02 5.4578698730e+02 5.4580102539e+02 5.4582202148e+02 5.4584002686e+02 5.4585601807e+02 5.4586700439e+02 5.4588897705e+02 5.4591302490e+02 5.4592999268e+02 5.4595501709e+02 5.4599401855e+02 5.4601702881e+02 5.4602899170e+02 5.4603399658e+02 5.4606201172e+02 5.4612097168e+02 5.4614099121e+02 5.4611602783e+02 5.4612402344e+02 5.4611602783e+02 5.4610900879e+02 5.4610198975e+02 5.4607299805e+02 5.4604199219e+02 5.4600402832e+02 5.4598199463e+02 5.4597601318e+02
5.4560198975e+02 5.4557202148e+02 5.4555297852e+02 5.4556298828e+02 5.4556896973e+02 5.4555200195e+02 5.4554302979e+02 5.4555102539e+02 5.4558197021e+02 5.4561297607e+02 5.4563000488e+02 5.4563299561e+02 5.4564898682e+02 5.4568200684e+02 5.4570001221e+02 5.4569897461e+02 5.4572198486e+02 5.4573400879e+02 5.4575500488e+02 5.4576898193e+02 5.4577398682e+02 5.4579199219e+02 5.4580999756e+02 5.4582397461e+02 5.4583599854e+02 5.4586499023e+02 5.4588897705e+02 5.4590002441e+02 5.4591400146e+02 5.4595202637e+02 5.4597698975e+02 5.4598999023e+02 5.4600000000e+02 5.4604797363e+02 5.4611999512e+02 5.4614202881e+02 5.4609899902e+02 5.4609997559e+02 5.4608599854e+02 5.4606500244e+02 5.4605102539e+02 5.4602099609e+02 5.4600598145e+02 5.4599102783e+02 5.4595202637e+02 5.4592498779e+02
5.4560699463e+02 5.4559399414e+02 5.4556799316e+02 5.4555798340e+02 5.4555999756e+02 5.4557000732e+02 5.4556402588e+02 5.4554998779e+02 5.4555200195e+02 5.4558502197e+02 5.4561401367e+02 5.4561999512e+02 5.4563098145e+02 5.4565399170e+02 5.4566497803e+02 5.4567102051e+02 5.4569000244e+02 5.4570599365e+02 5.4573400879e+02 5.4575500488e+02 5.4576098633e+02 5.4576599121e+02 5.4577801514e+02 5.4578698730e+02 5.4579602051e+02 5.4582299805e+02 5.4585400391e+02 5.4587097168e+02 5.4588000488e+02 5.4591699219e+02 5.4593798828e+02 5.4595001221e+02 5.4596997070e+02 5.4598999023e+02 5.4603198242e+02 5.4607299805e+02 5.4606896973e+02 5.4606799316e+02 5.4604699707e+02 5.4601202393e+02 5.4600299072e+02 5.4598999023e+02 5.4596801758e+02 5.4596301270e+02 5.4594299316e+02 5.4590698242e+02
5.4559399414e+02 5.4559899902e+02 5.4558599854e+02 5.4556799316e+02 5.4554699707e+02 5.4556402588e+02 5.4557702637e+02 5.4556799316e+02 5.4554998779e+02 5.4556298828e+02 5.4558099365e+02 5.4559600830e+02 5.4560998535e+02 5.4561901855e+02 5.4563397217e+02 5.4565502930e+02 5.4566802979e+02 5.4568200684e+02 5.4570501709e+02 5.4572698975e+02 5.4574200439e+02 5.4574597168e+02 5.4575500488e+02 5.4576397705e+02 5.4577697754e+02 5.4578698730e+02 5.4581500244e+02 5.4583898926e+02 5.4586102295e+02 5.4588201904e+02 5.4589898682e+02 5.4591198730e+02 5.4593103027e+02 5.4592901611e+02 5.4592901611e+02 5.4598199463e+02 5.4602502441e+02 5.4602697754e+02 5.4600799561e+02 5.4596697998e+02 5.4594799805e+02 5.4594799805e+02 5.4592102051e+02 5.4590802002e+02 5.4591601563e+02 5.4590600586e+02
5.4559002686e+02 5.4558697510e+02 5.4557897949e+02 5.4557000732e+02 5.4555297852e+02 5.4555401611e+02 5.4556298828e+02 5.4556597900e+02 5.4556896973e+02 5.4556597900e+02 5.4555700684e+02 5.4556799316e+02 5.4559100342e+02 5.4559698486e+02 5.4559899902e+02 5.4561901855e+02 5.4563598633e+02 5.4565301514e+02 5.4567199707e+02 5.4569201660e+02 5.4571099854e+02 5.4572302246e+02 5.4573400879e+02 5.4573999023e+02 5.4575000000e+02 5.4576702881e+02 5.4579101563e+02 5.4581402588e+02 5.4582702637e+02 5.4584497070e+02 5.4585900879e+02 5.4587200928e+02 5.4588897705e+02 5.4588397217e+02 5.4591601563e+02 5.4601300049e+02 5.4600000000e+02 5.4594500732e+02 5.4593200684e+02 5.4592199707e+02 5.4591101074e+02 5.4590100098e+02 5.4588000488e+02 5.4586798096e+02 5.4586297607e+02 5.4586602783e+02
5.4558599854e+02 5.4557202148e+02 5.4556298828e+02 5.4556402588e+02 5.4556298828e+02 5.4556298828e+02 5.4556097412e+02 5.4556402588e+02 5.4558099365e+02 5.4557202148e+02 5.4555603027e+02 5.4555499268e+02 5.4556402588e+02 5.4558398438e+02 5.4559100342e+02 5.4559899902e+02 5.4560498047e+02 5.4561901855e+02 5.4563897705e+02 5.4565899658e+02 5.4568200684e+02 5.4569500732e+02 5.4570001221e+02 5.4570599365e+02 5.4571899414e+02 5.4573901367e+02 5.4576397705e+02 5.4578497314e+02 5.4579302979e+02 5.4580902100e+02 5.4582299805e+02 5.4583599854e+02 5.4584802246e+02 5.4584899902e+02 5.4588098145e+02 5.4596099854e+02 5.4594097900e+02 5.4588098145e+02 5.4586798096e+02 5.4587097168e+02 5.4586999512e+02 5.4585998535e+02 5.4584997559e+02 5.4584997559e+02 5.4585198975e+02 5.4585601807e+02
5.4558599854e+02 5.4556799316e+02 5.4555902100e+02 5.4556097412e+02 5.4556201172e+02 5.4556799316e+02 5.4556500244e+02 5.4556097412e+02 5.4557202148e+02 5.4557202148e+02 5.4556597900e+02 5.4555999756e+02 5.4555102539e+02 5.4556799316e+02 5.4558001709e+02 5.4558001709e+02 5.4557000732e+02 5.4558599854e+02 5.4560601807e+02 5.4562597656e+02 5.4565002441e+02 5.4566198730e+02 5.4566497803e+02 5.4567498779e+02 5.4569097900e+02 5.4571099854e+02 5.4572998047e+02 5.4574700928e+02 5.4575897217e+02 5.4577197266e+02 5.4578601074e+02 5.4579901123e+02 5.4580902100e+02 5.4580700684e+02 5.4579602051e+02 5.4581402588e+02 5.4582702637e+02 5.4583398438e+02 5.4584301758e+02 5.4583099365e+02 5.4582501221e+02 5.4582800293e+02 5.4582897949e+02 5.4583197021e+02 5.4584497070e+02 5.4584399414e+02
5.4558197021e+02 5.4557501221e+02 5.4557000732e+02 5.4556597900e+02 5.4555902100e+02 5.4556402588e+02 5.4556500244e+02 5.4555902100e+02 5.4555798340e+02 5.4556298828e+02 5.4556402588e+02 5.4556201172e+02 5.4555700684e+02 5.4554998779e+02 5.4555401611e+02 5.4555999756e+02 5.4555297852e+02 5.4555401611e+02 5.4557000732e+02 5.4558898926e+02 5.4560198975e+02 5.4561602783e+02 5.4563000488e+02 5.4564599609e+02 5.4565997314e+02 5.4568200684e+02 5.4569598389e+02 5.4570599365e+02 5.4572601318e+02 5.4574298096e+02 5.4575299072e+02 5.4576000977e+02 5.4575500488e+02 5.4575897217e+02 5.4574798584e+02 5.4574102783e+02 5.4573901367e+02 5.4577398682e+02 5.4582501221e+02 5.4580999756e+02 5.4579302979e+02 5.4580999756e+02 5.4581597900e+02 5.4581097412e+02 5.4581298828e+02 5.4580798340e+02
5.4559399414e+02 5.4558898926e+02 5.4558099365e+02 5.4556896973e+02 5.4555798340e+02 5.4555902100e+02 5.4555700684e+02 5.4555603027e+02 5.4555700684e+02 5.4555902100e+02 5.4555700684e+02 5.4555603027e+02 5.4555999756e+02 5.4555499268e+02 5.4554199219e+02 5.4554498291e+02 5.4555200195e+02 5.4554797363e+02 5.4553601074e+02 5.4553900146e+02 5.4555999756e+02 5.4557702637e+02 5.4559899902e+02 5.4561297607e+02 5.4562298584e+02 5.4564801025e+02 5.4567102051e+02 5.4568402100e+02 5.4569097900e+02 5.4571398926e+02 5.4572100830e+02 5.4572302246e+02 5.4572198486e+02 5.4572100830e+02 5.4571997070e+02 5.4571997070e+02 5.4571197510e+02 5.4571600342e+02 5.4576098633e+02 5.4578399658e+02 5.4577398682e+02 5.4577502441e+02 5.4578302002e+02 5.4579797363e+02 5.4579400635e+02 5.4578698730e+02
5.4560900879e+02 5.4560797119e+02 5.4559997559e+02 5.4558398438e+02 5.4556701660e+02 5.4556500244e+02 5.4555999756e+02 5.4555700684e+02 5.4555700684e+02 5.4555499268e+02 5.4555401611e+02 5.4555297852e+02 5.4555700684e+02 5.4556298828e+02 5.4554498291e+02 5.4553601074e+02 5.4554101563e+02 5.4554400635e+02 5.4553100586e+02 5.4552801514e+02 5.4553997803e+02 5.4555499268e+02 5.4557702637e+02 5.4558801270e+02 5.4559100342e+02 5.4561199951e+02 5.4563800049e+02 5.4565802002e+02 5.4566699219e+02 5.4567999268e+02 5.4569201660e+02 5.4569799805e+02 5.4569299316e+02 5.4569299316e+02 5.4569201660e+02 5.4569201660e+02 5.4569299316e+02 5.4568499756e+02 5.4571301270e+02 5.4575799561e+02 5.4575500488e+02 5.4574902344e+02 5.4576599121e+02 5.4577801514e+02 5.4576599121e+02 5.4577600098e+02
5.4562200928e+02 5.4562597656e+02 5.4561901855e+02 5.4560198975e+02 5.4558502197e+02 5.4557800293e+02 5.4556597900e+02 5.4555902100e+02 5.4555603027e+02 5.4555200195e+02 5.4555102539e+02 5.4554998779e+02 5.4554699707e+02 5.4555902100e+02 5.4555297852e+02 5.4553698730e+02 5.4552600098e+02 5.4552899170e+02 5.4552899170e+02 5.4553198242e+02 5.4553198242e+02 5.4553399658e+02 5.4555200195e+02 5.4556597900e+02 5.4556799316e+02 5.4558801270e+02 5.4560699463e+02 5.4562799072e+02 5.4564501953e+02 5.4565197754e+02 5.4566497803e+02 5.4567401123e+02 5.4566699219e+02 5.4566497803e+02 5.4566400146e+02 5.4566400146e+02 5.4566998291e+02 5.4566802979e+02 5.4568597412e+02 5.4573400879e+02 5.4574401855e+02 5.4574102783e+02 5.4575299072e+02 5.4575000000e+02 5.4573400879e+02 5.4574798584e+02
