TESTSERVER/5/17.asc
NCOLS 100
NROWS 100
XLLCORNER 7.7497500000e+03
YLLCORNER 2.8910025000e+05
CELLSIZE 5.0000000000e-01
NODATA_VALUE -9.9990000000e+03
[rows 60 to 79 of 100, columns 0 to 45 of 100]
5.4601397705e+02 5.4603698730e+02 5.4607299805e+02 5.4610400391e+02 5.4611798096e+02 5.4614202881e+02 5.4616900635e+02 5.4618298340e+02 5.4619799805e+02 5.4620397949e+02 5.4621600342e+02 5.4621197510e+02 5.4621801758e+02 5.4624597168e+02 5.4625799561e+02 5.4626397705e+02 5.4625500488e+02 5.4626098633e+02 5.4629199219e+02 5.4632702637e+02 5.4633099365e+02 5.4634002686e+02 5.4635302734e+02 5.4636999512e+02 5.4638201904e+02 5.4640802002e+02 5.4645202637e+02 5.4650000000e+02 5.4653302002e+02 5.4657702637e+02 5.4661499023e+02 5.4663800049e+02 5.4666198730e+02 5.4668701172e+02 5.4669299316e+02 5.4670202637e+02 5.4671099854e+02 5.4673999023e+02 5.4676800537e+02 5.4680297852e+02 5.4683801270e+02 5.4684100342e+02 5.4685797119e+02 5.4687200928e+02 5.4688299561e+02 5.4691302490e+02
5.4600402832e+02 5.4604498291e+02 5.4606298828e+02 5.4607299805e+02 5.4609399414e+02 5.4613897705e+02 5.4615997314e+02 5.4616198730e+02 5.4618798828e+02 5.4618597412e+02 5.4620397949e+02 5.4621398926e+02 5.4621997070e+02 5.4624499512e+02 5.4624499512e+02 5.4624499512e+02 5.4626599121e+02 5.4628497314e+02 5.4630499268e+02 5.4633197021e+02 5.4634600830e+02 5.4634698486e+02 5.4635699463e+02 5.4637597656e+02 5.4637298584e+02 5.4640698242e+02 5.4644299316e+02 5.4648699951e+02 5.4653100586e+02 5.4655700684e+02 5.4658898926e+02 5.4661401367e+02 5.4664697266e+02 5.4667797852e+02 5.4668798828e+02 5.4669598389e+02 5.4670898438e+02 5.4674499512e+02 5.4677398682e+02 5.4679797363e+02 5.4680999756e+02 5.4682098389e+02 5.4683300781e+02 5.4683599854e+02 5.4684997559e+02 5.4688702393e+02
5.4600500488e+02 5.4602600098e+02 5.4603802490e+02 5.4605700684e+02 5.4607800293e+02 5.4611297607e+02 5.4614001465e+02 5.4614898682e+02 5.4617199707e+02 5.4616601563e+02 5.4618499756e+02 5.4619500732e+02 5.4621398926e+02 5.4623400879e+02 5.4622802734e+02 5.4624499512e+02 5.4627801514e+02 5.4628802490e+02 5.4630297852e+02 5.4632202148e+02 5.4633801270e+02 5.4634497070e+02 5.4636102295e+02 5.4638500977e+02 5.4638000488e+02 5.4640997314e+02 5.4643902588e+02 5.4647802734e+02 5.4651501465e+02 5.4653900146e+02 5.4657397461e+02 5.4659802246e+02 5.4662097168e+02 5.4665802002e+02 5.4667999268e+02 5.4669598389e+02 5.4670599365e+02 5.4674200439e+02 5.4677502441e+02 5.4679797363e+02 5.4680499268e+02 5.4680499268e+02 5.4681799316e+02 5.4682098389e+02 5.4681701660e+02 5.4685998535e+02
5.4599597168e+02 5.4599700928e+02 5.4601300049e+02 5.4603900146e+02 5.4604699707e+02 5.4606896973e+02 5.4609197998e+02 5.4611102295e+02 5.4614202881e+02 5.4614398193e+02 5.4616998291e+02 5.4619000244e+02 5.4622399902e+02 5.4623602295e+02 5.4623297119e+02 5.4625500488e+02 5.4627001953e+02 5.4628100586e+02 5.4629602051e+02 5.4630798340e+02 5.4633197021e+02 5.4635400391e+02 5.4636297607e+02 5.4637298584e+02 5.4637298584e+02 5.4639599609e+02 5.4642199707e+02 5.4645898438e+02 5.4647900391e+02 5.4651300049e+02 5.4655102539e+02 5.4656701660e+02 5.4658898926e+02 5.4664099121e+02 5.4666302490e+02 5.4667901611e+02 5.4670202637e+02 5.4672998047e+02 5.4675598145e+02 5.4678302002e+02 5.4679901123e+02 5.4679302979e+02 5.4679998779e+02 5.4679797363e+02 5.4680297852e+02 5.4683801270e+02
5.4598602295e+02 5.4600000000e+02 5.4601702881e+02 5.4603198242e+02 5.4602502441e+02 5.4605200195e+02 5.4606896973e+02 5.4609100342e+02 5.4612799072e+02 5.4613201904e+02 5.4615997314e+02 5.4619000244e+02 5.4621600342e+02 5.4623199463e+02 5.4625500488e+02 5.4627001953e+02 5.4627197266e+02 5.4630499268e+02 5.4631298828e+02 5.4631701660e+02 5.4634997559e+02 5.4635400391e+02 5.4635699463e+02 5.4635797119e+02 5.4635198975e+02 5.4637500000e+02 5.4640997314e+02 5.4644201660e+02 5.4646502686e+02 5.4650000000e+02 5.4653399658e+02 5.4655200195e+02 5.4656701660e+02 5.4660797119e+02 5.4663299561e+02 5.4665502930e+02 5.4669000244e+02 5.4671197510e+02 5.4673901367e+02 5.4676702881e+02 5.4678100586e+02 5.4678802490e+02 5.4680102539e+02 5.4678900146e+02 5.4680102539e+02 5.4682897949e+02
5.4596197510e+02 5.4597198486e+02 5.4597100830e+02 5.4599499512e+02 5.4601501465e+02 5.4603997803e+02 5.4604302979e+02 5.4606799316e+02 5.4611700439e+02 5.4612597656e+02 5.4615100098e+02 5.4617199707e+02 5.4619897461e+02 5.4622698975e+02 5.4624298096e+02 5.4626397705e+02 5.4628198242e+02 5.4629400635e+02 5.4631097412e+02 5.4634002686e+02 5.4635302734e+02 5.4634197998e+02 5.4634002686e+02 5.4634698486e+02 5.4634600830e+02 5.4636798096e+02 5.4640002441e+02 5.4641802979e+02 5.4644702148e+02 5.4645300293e+02 5.4648400879e+02 5.4652001953e+02 5.4655700684e+02 5.4659197998e+02 5.4662799072e+02 5.4665802002e+02 5.4666802979e+02 5.4669500732e+02 5.4672698975e+02 5.4674401855e+02 5.4675299072e+02 5.4677099609e+02 5.4679797363e+02 5.4679797363e+02 5.4678497314e+02 5.4680798340e+02
5.4594299316e+02 5.4594299316e+02 5.4594201660e+02 5.4597100830e+02 5.4599102783e+02 5.4601098633e+02 5.4602197266e+02 5.4604797363e+02 5.4609197998e+02 5.4611199951e+02 5.4613397217e+02 5.4614801025e+02 5.4618499756e+02 5.4621301270e+02 5.4621197510e+02 5.4622998047e+02 5.4626202393e+02 5.4628002930e+02 5.4631201172e+02 5.4634399414e+02 5.4634899902e+02 5.4634197998e+02 5.4633398438e+02 5.4633599854e+02 5.4633801270e+02 5.4635498047e+02 5.4638000488e+02 5.4639501953e+02 5.4642401123e+02 5.4642199707e+02 5.4644897461e+02 5.4648602295e+02 5.4653497314e+02 5.4657800293e+02 5.4660797119e+02 5.4663098145e+02 5.4664099121e+02 5.4666699219e+02 5.4669702148e+02 5.4672100830e+02 5.4674298096e+02 5.4676397705e+02 5.4677899170e+02 5.4678100586e+02 5.4677502441e+02 5.4679998779e+02
5.4591198730e+02 5.4591497803e+02 5.4592602539e+02 5.4594897461e+02 5.4596301270e+02 5.4598901367e+02 5.4600897217e+02 5.4602899170e+02 5.4607000732e+02 5.4610302734e+02 5.4612902832e+02 5.4614001465e+02 5.4615997314e+02 5.4616900635e+02 5.4617797852e+02 5.4620697021e+02 5.4623602295e+02 5.4627001953e+02 5.4630700684e+02 5.4633001709e+02 5.4633197021e+02 5.4632501221e+02 5.4632000732e+02 5.4633001709e+02 5.4632702637e+02 5.4634497070e+02 5.4637500000e+02 5.4640100098e+02 5.4641900635e+02 5.4641998291e+02 5.4645501709e+02 5.4648101807e+02 5.4652197266e+02 5.4656201172e+02 5.4659100342e+02 5.4661401367e+02 5.4663000488e+02 5.4664398193e+02 5.4667498779e+02 5.4670898438e+02 5.4674597168e+02 5.4677197266e+02 5.4677600098e+02 5.4677099609e+02 5.4676898193e+02 5.4679602051e+02
5.4586602783e+02 5.4589202881e+02 5.4591400146e+02 5.4593298340e+02 5.4594799805e+02 5.4596997070e+02 5.4599298096e+02 5.4601599121e+02 5.4605902100e+02 5.4608099365e+02 5.4610400391e+02 5.4611798096e+02 5.4612902832e+02 5.4613098145e+02 5.4614599609e+02 5.4617297363e+02 5.4622100830e+02 5.4628497314e+02 5.4630297852e+02 5.4631097412e+02 5.4632897949e+02 5.4630102539e+02 5.4629998779e+02 5.4631799316e+02 5.4631097412e+02 5.4633099365e+02 5.4636297607e+02 5.4639501953e+02 5.4642797852e+02 5.4642401123e+02 5.4645397949e+02 5.4648101807e+02 5.4651397705e+02 5.4655200195e+02 5.4657299805e+02 5.4659802246e+02 5.4660998535e+02 5.4663201904e+02 5.4665899658e+02 5.4669000244e+02 5.4672601318e+02 5.4674902344e+02 5.4676202393e+02 5.4675701904e+02 5.4676300049e+02 5.4678802490e+02
5.4585498047e+02 5.4587902832e+02 5.4588800049e+02 5.4590802002e+02 5.4593298340e+02 5.4594799805e+02 5.4597198486e+02 5.4600799561e+02 5.4604498291e+02 5.4605999756e+02 5.4608197021e+02 5.4608898926e+02 5.4610400391e+02 5.4611102295e+02 5.4614001465e+02 5.4618298340e+02 5.4622698975e+02 5.4623797607e+02 5.4625897217e+02 5.4628399658e+02 5.4629901123e+02 5.4628802490e+02 5.4629797363e+02 5.4631097412e+02 5.4630700684e+02 5.4632299805e+02 5.4635400391e+02 5.4637799072e+02 5.4640802002e+02 5.4642498779e+02 5.4644897461e+02 5.4646801758e+02 5.4649798584e+02 5.4653802490e+02 5.4655499268e+02 5.4657897949e+02 5.4658099365e+02 5.4661297607e+02 5.4664501953e+02 5.4667700195e+02 5.4671002197e+02 5.4673297119e+02 5.4675201416e+02 5.4675000000e+02 5.4675799561e+02 5.4680297852e+02
5.4583502197e+02 5.4585302734e+02 5.4586297607e+02 5.4587500000e+02 5.4590002441e+02 5.4592401123e+02 5.4593798828e+02 5.4597399902e+02 5.4601202393e+02 5.4603497314e+02 5.4605798340e+02 5.4607202148e+02 5.4609002686e+02 5.4609802246e+02 5.4613000488e+02 5.4617102051e+02 5.4619702148e+02 5.4619500732e+02 5.4622497559e+02 5.4625799561e+02 5.4627801514e+02 5.4628002930e+02 5.4628997803e+02 5.4628900146e+02 5.4629101563e+02 5.4632000732e+02 5.4634997559e+02 5.4636999512e+02 5.4639300537e+02 5.4640802002e+02 5.4644097900e+02 5.4646398926e+02 5.4649102783e+02 5.4652600098e+02 5.4654602051e+02 5.4656701660e+02 5.4656597900e+02 5.4659600830e+02 5.4662799072e+02 5.4666101074e+02 5.4669097900e+02 5.4671697998e+02 5.4673498535e+02 5.4674700928e+02 5.4676397705e+02 5.4680798340e+02
5.4580603027e+02 5.4582000732e+02 5.4584600830e+02 5.4586102295e+02 5.4587402344e+02 5.4590997314e+02 5.4592102051e+02 5.4594897461e+02 5.4597802734e+02 5.4600897217e+02 5.4603198242e+02 5.4604797363e+02 5.4606402588e+02 5.4608300781e+02 5.4611297607e+02 5.4614801025e+02 5.4616400146e+02 5.4617999268e+02 5.4621398926e+02 5.4623999023e+02 5.4625598145e+02 5.4626397705e+02 5.4627801514e+02 5.4627899170e+02 5.4627899170e+02 5.4629998779e+02 5.4632897949e+02 5.4635400391e+02 5.4638299561e+02 5.4639300537e+02 5.4643499756e+02 5.4645697021e+02 5.4647900391e+02 5.4651000977e+02 5.4653601074e+02 5.4655499268e+02 5.4656298828e+02 5.4659997559e+02 5.4661499023e+02 5.4663702393e+02 5.4667401123e+02 5.4669897461e+02 5.4670898438e+02 5.4673297119e+02 5.4677001953e+02 5.4680499268e+02
5.4578002930e+02 5.4578399658e+02 5.4581402588e+02 5.4584497070e+02 5.4585998535e+02 5.4590301514e+02 5.4592901611e+02 5.4595300293e+02 5.4597900391e+02 5.4600000000e+02 5.4601098633e+02 5.4602001953e+02 5.4603302002e+02 5.4605999756e+02 5.4609301758e+02 5.4613299561e+02 5.4616198730e+02 5.4617102051e+02 5.4620202637e+02 5.4622302246e+02 5.4623101807e+02 5.4625097656e+02 5.4627197266e+02 5.4627697754e+02 5.4629199219e+02 5.4630200195e+02 5.4632702637e+02 5.4634399414e+02 5.4636798096e+02 5.4637701416e+02 5.4641601563e+02 5.4643597412e+02 5.4645599365e+02 5.4649102783e+02 5.4651000977e+02 5.4652502441e+02 5.4652502441e+02 5.4656701660e+02 5.4659997559e+02 5.4661999512e+02 5.4665600586e+02 5.4667999268e+02 5.4669897461e+02 5.4673297119e+02 5.4678497314e+02 5.4681201172e+02
5.4576702881e+02 5.4578900146e+02 5.4580102539e+02 5.4582598877e+02 5.4585699463e+02 5.4589898682e+02 5.4591497803e+02 5.4592498779e+02 5.4594702148e+02 5.4596997070e+02 5.4598999023e+02 5.4601800537e+02 5.4605499268e+02 5.4606701660e+02 5.4608197021e+02 5.4610498047e+02 5.4613897705e+02 5.4616101074e+02 5.4618499756e+02 5.4620501709e+02 5.4621899414e+02 5.4622497559e+02 5.4623699951e+02 5.4624102783e+02 5.4625500488e+02 5.4629199219e+02 5.4631402588e+02 5.4632598877e+02 5.4635797119e+02 5.4638201904e+02 5.4641900635e+02 5.4643798828e+02 5.4646197510e+02 5.4649597168e+02 5.4650897217e+02 5.4653100586e+02 5.4654400635e+02 5.4657000732e+02 5.4659698486e+02 5.4661499023e+02 5.4665100098e+02 5.4667498779e+02 5.4670202637e+02 5.4673699951e+02 5.4677301025e+02 5.4680297852e+02
5.4576501465e+02 5.4578198242e+02 5.4578601074e+02 5.4581402588e+02 5.4584497070e+02 5.4588397217e+02 5.4589697266e+02 5.4590899658e+02 5.4594396973e+02 5.4596502686e+02 5.4597802734e+02 5.4600402832e+02 5.4603497314e+02 5.4604101563e+02 5.4606201172e+02 5.4608801270e+02 5.4612298584e+02 5.4614697266e+02 5.4616400146e+02 5.4618200684e+02 5.4619000244e+02 5.4619702148e+02 5.4622100830e+02 5.4622900391e+02 5.4622900391e+02 5.4627502441e+02 5.4630499268e+02 5.4631896973e+02 5.4634600830e+02 5.4637701416e+02 5.4640301514e+02 5.4642901611e+02 5.4646502686e+02 5.4647497559e+02 5.4649298096e+02 5.4652099609e+02 5.4653601074e+02 5.4656799316e+02 5.4659100342e+02 5.4660498047e+02 5.4665502930e+02 5.4668200684e+02 5.4670599365e+02 5.4673797607e+02 5.4676702881e+02 5.4681201172e+02
5.4575097656e+02 5.4575799561e+02 5.4576599121e+02 5.4580102539e+02 5.4582000732e+02 5.4584997559e+02 5.4587402344e+02 5.4589898682e+02 5.4593402100e+02 5.4594799805e+02 5.4596197510e+02 5.4598400879e+02 5.4599499512e+02 5.4601000977e+02 5.4604101563e+02 5.4606500244e+02 5.4608898926e+02 5.4609497070e+02 5.4611700439e+02 5.4615100098e+02 5.4615899658e+02 5.4617297363e+02 5.4619799805e+02 5.4621002197e+02 5.4621600342e+02 5.4625799561e+02 5.4630102539e+02 5.4632702637e+02 5.4634301758e+02 5.4636401367e+02 5.4638201904e+02 5.4641497803e+02 5.4645202637e+02 5.4647198486e+02 5.4650000000e+02 5.4652099609e+02 5.4651898193e+02 5.4655902100e+02 5.4659497070e+02 5.4661499023e+02 5.4665502930e+02 5.4667700195e+02 5.4669799805e+02 5.4672198486e+02 5.4674798584e+02 5.4680902100e+02
5.4571600342e+02 5.4574102783e+02 5.4576000977e+02 5.4578802490e+02 5.4579797363e+02 5.4582299805e+02 5.4585699463e+02 5.4588598633e+02 5.4591802979e+02 5.4593597412e+02 5.4595599365e+02 5.4597802734e+02 5.4598199463e+02 5.4599200439e+02 5.4600897217e+02 5.4602099609e+02 5.4602600098e+02 5.4602697754e+02 5.4606701660e+02 5.4611102295e+02 5.4612701416e+02 5.4615100098e+02 5.4617297363e+02 5.4618597412e+02 5.4620599365e+02 5.4623297119e+02 5.4628100586e+02 5.4631402588e+02 5.4634698486e+02 5.4635797119e+02 5.4638201904e+02 5.4640301514e+02 5.4641699219e+02 5.4648101807e+02 5.4649902344e+02 5.4650701904e+02 5.4649902344e+02 5.4655200195e+02 5.4659197998e+02 5.4660498047e+02 5.4664300537e+02 5.4666699219e+02 5.4668499756e+02 5.4670098877e+02 5.4674102783e+02 5.4679199219e+02
5.4570098877e+02 5.4571600342e+02 5.4573199463e+02 5.4576000977e+02 5.4578802490e+02 5.4580603027e+02 5.4582702637e+02 5.4584301758e+02 5.4587902832e+02 5.4589801025e+02 5.4591699219e+02 5.4593902588e+02 5.4595202637e+02 5.4594598389e+02 5.4596502686e+02 5.4598999023e+02 5.4599102783e+02 5.4598602295e+02 5.4601501465e+02 5.4605297852e+02 5.4608001709e+02 5.4611700439e+02 5.4615002441e+02 5.4616302490e+02 5.4617401123e+02 5.4621997070e+02 5.4626599121e+02 5.4628698730e+02 5.4632098389e+02 5.4635101318e+02 5.4638897705e+02 5.4639898682e+02 5.4641998291e+02 5.4646502686e+02 5.4648498535e+02 5.4650598145e+02 5.4651702881e+02 5.4655798340e+02 5.4659301758e+02 5.4660498047e+02 5.4662902832e+02 5.4664099121e+02 5.4665899658e+02 5.4669201660e+02 5.4671801758e+02 5.4675000000e+02
5.4569000244e+02 5.4570501709e+02 5.4572601318e+02 5.4575500488e+02 5.4578002930e+02 5.4579302979e+02 5.4580999756e+02 5.4582000732e+02 5.4584802246e+02 5.4586602783e+02 5.4588598633e+02 5.4590802002e+02 5.4592901611e+02 5.4590997314e+02 5.4591497803e+02 5.4593103027e+02 5.4593902588e+02 5.4594598389e+02 5.4596899414e+02 5.4601098633e+02 5.4604602051e+02 5.4607202148e+02 5.4610302734e+02 5.4612902832e+02 5.4613598633e+02 5.4618298340e+02 5.4622998047e+02 5.4625701904e+02 5.4630200195e+02 5.4633099365e+02 5.4636102295e+02 5.4637500000e+02 5.4641302490e+02 5.4645098877e+02 5.4648199463e+02 5.4651000977e+02 5.4652301025e+02 5.4654901123e+02 5.4656799316e+02 5.4658300781e+02 5.4660797119e+02 5.4662097168e+02 5.4663500977e+02 5.4665502930e+02 5.4666302490e+02 5.4668798828e+02
5.4567401123e+02 5.4568902588e+02 5.4571002197e+02 5.4574499512e+02 5.4576800537e+02 5.4578002930e+02 5.4579302979e+02 5.4579602051e+02 5.4581402588e+02 5.4582897949e+02 5.4585797119e+02 5.4588702393e+02 5.4588800049e+02 5.4587597656e+02 5.4588397217e+02 5.4590002441e+02 5.4590802002e+02 5.4592199707e+02 5.4595098877e+02 5.4598797607e+02 5.4601397705e+02 5.4603698730e+02 5.4607202148e+02 5.4610900879e+02 5.4611901855e+02 5.4615600586e+02 5.4618798828e+02 5.4621697998e+02 5.4626800537e+02 5.4630499268e+02 5.4633001709e+02 5.4634600830e+02 5.4638897705e+02 5.4642199707e+02 5.4646301270e+02 5.4649200439e+02 5.4649298096e+02 5.4651898193e+02 5.4653002930e+02 5.4655200195e+02 5.4658697510e+02 5.4660101318e+02 5.4660900879e+02 5.4660900879e+02 5.4659698486e+02 5.4661499023e+02
