TESTSERVER/5/18.asc
NCOLS 100
NROWS 100
XLLCORNER 7.7497500000e+03
YLLCORNER 2.8905025000e+05
CELLSIZE 5.0000000000e-01
NODATA_VALUE -9.9990000000e+03
[rows 40 to 59 of 100, columns 0 to 45 of 100]
5.4561401367e+02 5.4561602783e+02 5.4561700439e+02 5.4561700439e+02 5.4561901855e+02 5.4562200928e+02 5.4562298584e+02 5.4562597656e+02 5.4563000488e+02 5.4563201904e+02 5.4563500977e+02 5.4563800049e+02 5.4564697266e+02 5.4565399170e+02 5.4565600586e+02 5.4565399170e+02 5.4564599609e+02 5.4563201904e+02 5.4562500000e+02 5.4562200928e+02 5.4562402344e+02 5.4561297607e+02 5.4559100342e+02 5.4555798340e+02 5.4552001953e+02 5.4549499512e+02 5.4548297119e+02 5.4546301270e+02 5.4545001221e+02 5.4543200684e+02 5.4540600586e+02 5.4539801025e+02 5.4540502930e+02 5.4539599609e+02 5.4539001465e+02 5.4538098145e+02 5.4536798096e+02 5.4535900879e+02 5.4534197998e+02 5.4533197021e+02 5.4538397217e+02 5.4544799805e+02 5.4546697998e+02 5.4549102783e+02 5.4553002930e+02 5.4551599121e+02
5.4561602783e+02 5.4561798096e+02 5.4561798096e+02 5.4561901855e+02 5.4561999512e+02 5.4562402344e+02 5.4562701416e+02 5.4563000488e+02 5.4563299561e+02 5.4563800049e+02 5.4564099121e+02 5.4564501953e+02 5.4565399170e+02 5.4566601563e+02 5.4566601563e+02 5.4565899658e+02 5.4564398193e+02 5.4562597656e+02 5.4562200928e+02 5.4562500000e+02 5.4563201904e+02 5.4561499023e+02 5.4556201172e+02 5.4551000977e+02 5.4548699951e+02 5.4546899414e+02 5.4545501709e+02 5.4543701172e+02 5.4541601563e+02 5.4539300537e+02 5.4538299561e+02 5.4538299561e+02 5.4539398193e+02 5.4539398193e+02 5.4538598633e+02 5.4537799072e+02 5.4536102295e+02 5.4534100342e+02 5.4532501221e+02 5.4534497070e+02 5.4544500732e+02 5.4548101807e+02 5.4547399902e+02 5.4547998047e+02 5.4550201416e+02 5.4546398926e+02
5.4561798096e+02 5.4561999512e+02 5.4561999512e+02 5.4562097168e+02 5.4562200928e+02 5.4562597656e+02 5.4562799072e+02 5.4563098145e+02 5.4563500977e+02 5.4564099121e+02 5.4564398193e+02 5.4564801025e+02 5.4565802002e+02 5.4566900635e+02 5.4566601563e+02 5.4565802002e+02 5.4563897705e+02 5.4562097168e+02 5.4561700439e+02 5.4561798096e+02 5.4562298584e+02 5.4558697510e+02 5.4553198242e+02 5.4548498535e+02 5.4546197510e+02 5.4545001221e+02 5.4543798828e+02 5.4542102051e+02 5.4538800049e+02 5.4536999512e+02 5.4537200928e+02 5.4537402344e+02 5.4538000488e+02 5.4538201904e+02 5.4538000488e+02 5.4537597656e+02 5.4535601807e+02 5.4533801270e+02 5.4532202148e+02 5.4532000732e+02 5.4537701416e+02 5.4541400146e+02 5.4547100830e+02 5.4549798584e+02 5.4544702148e+02 5.4539001465e+02
5.4562097168e+02 5.4562200928e+02 5.4562200928e+02 5.4562298584e+02 5.4562402344e+02 5.4562701416e+02 5.4563000488e+02 5.4563201904e+02 5.4563598633e+02 5.4564202881e+02 5.4564501953e+02 5.4564801025e+02 5.4565600586e+02 5.4566302490e+02 5.4565899658e+02 5.4565002441e+02 5.4563098145e+02 5.4561297607e+02 5.4560400391e+02 5.4559899902e+02 5.4558697510e+02 5.4552301025e+02 5.4548498535e+02 5.4546502686e+02 5.4544598389e+02 5.4544000244e+02 5.4542901611e+02 5.4541198730e+02 5.4537402344e+02 5.4535699463e+02 5.4536102295e+02 5.4536602783e+02 5.4536401367e+02 5.4536499023e+02 5.4536602783e+02 5.4536297607e+02 5.4534802246e+02 5.4533898926e+02 5.4532501221e+02 5.4530297852e+02 5.4529498291e+02 5.4530297852e+02 5.4537701416e+02 5.4541900635e+02 5.4535699463e+02 5.4533197021e+02
5.4562597656e+02 5.4562402344e+02 5.4562402344e+02 5.4562402344e+02 5.4562298584e+02 5.4562799072e+02 5.4563098145e+02 5.4563397217e+02 5.4563897705e+02 5.4564202881e+02 5.4564398193e+02 5.4564398193e+02 5.4563800049e+02 5.4564099121e+02 5.4563702393e+02 5.4563000488e+02 5.4561602783e+02 5.4560198975e+02 5.4558898926e+02 5.4557202148e+02 5.4553002930e+02 5.4547302246e+02 5.4544897461e+02 5.4544201660e+02 5.4542297363e+02 5.4541101074e+02 5.4539599609e+02 5.4538299561e+02 5.4536401367e+02 5.4533898926e+02 5.4533801270e+02 5.4534600830e+02 5.4533697510e+02 5.4533300781e+02 5.4533300781e+02 5.4533197021e+02 5.4533001709e+02 5.4531896973e+02 5.4531201172e+02 5.4530700684e+02 5.4529797363e+02 5.4528698730e+02 5.4529901123e+02 5.4531298828e+02 5.4531500244e+02 5.4531701660e+02
5.4562799072e+02 5.4562597656e+02 5.4562597656e+02 5.4562500000e+02 5.4562597656e+02 5.4562902832e+02 5.4563201904e+02 5.4563500977e+02 5.4563702393e+02 5.4564001465e+02 5.4564099121e+02 5.4564001465e+02 5.4563098145e+02 5.4561798096e+02 5.4561401367e+02 5.4561102295e+02 5.4560797119e+02 5.4559802246e+02 5.4557897949e+02 5.4555297852e+02 5.4551202393e+02 5.4546502686e+02 5.4543402100e+02 5.4541699219e+02 5.4540197754e+02 5.4538598633e+02 5.4537500000e+02 5.4536297607e+02 5.4534997559e+02 5.4532702637e+02 5.4531896973e+02 5.4532397461e+02 5.4531896973e+02 5.4531500244e+02 5.4531298828e+02 5.4531298828e+02 5.4530902100e+02 5.4530499268e+02 5.4530902100e+02 5.4530499268e+02 5.4528698730e+02 5.4529699707e+02 5.4530999756e+02 5.4530700684e+02 5.4531097412e+02 5.4531896973e+02
5.4563000488e+02 5.4562799072e+02 5.4562799072e+02 5.4562701416e+02 5.4562799072e+02 5.4563000488e+02 5.4563201904e+02 5.4563299561e+02 5.4563500977e+02 5.4563702393e+02 5.4563800049e+02 5.4563702393e+02 5.4562799072e+02 5.4561199951e+02 5.4560699463e+02 5.4560498047e+02 5.4560601807e+02 5.4559600830e+02 5.4557299805e+02 5.4553997803e+02 5.4549200439e+02 5.4544598389e+02 5.4541400146e+02 5.4539599609e+02 5.4538201904e+02 5.4536798096e+02 5.4535699463e+02 5.4534497070e+02 5.4533398438e+02 5.4532202148e+02 5.4531298828e+02 5.4531201172e+02 5.4530297852e+02 5.4529602051e+02 5.4529498291e+02 5.4529400635e+02 5.4529400635e+02 5.4529400635e+02 5.4530102539e+02 5.4529602051e+02 5.4527899170e+02 5.4529101563e+02 5.4529602051e+02 5.4528900146e+02 5.4529998779e+02 5.4529498291e+02
5.4563201904e+02 5.4563098145e+02 5.4563000488e+02 5.4563000488e+02 5.4563000488e+02 5.4563098145e+02 5.4563098145e+02 5.4563201904e+02 5.4563098145e+02 5.4563201904e+02 5.4563299561e+02 5.4563500977e+02 5.4562902832e+02 5.4561401367e+02 5.4560797119e+02 5.4560498047e+02 5.4560699463e+02 5.4559497070e+02 5.4556799316e+02 5.4553002930e+02 5.4547100830e+02 5.4542199707e+02 5.4539501953e+02 5.4537902832e+02 5.4536401367e+02 5.4534997559e+02 5.4533898926e+02 5.4532702637e+02 5.4531799316e+02 5.4531201172e+02 5.4529901123e+02 5.4528900146e+02 5.4528002930e+02 5.4527801514e+02 5.4527697754e+02 5.4527600098e+02 5.4528198242e+02 5.4528100586e+02 5.4528497314e+02 5.4528601074e+02 5.4527899170e+02 5.4528198242e+02 5.4527801514e+02 5.4526702881e+02 5.4525701904e+02 5.4521801758e+02
5.4563800049e+02 5.4563500977e+02 5.4563397217e+02 5.4563201904e+02 5.4563098145e+02 5.4563201904e+02 5.4563201904e+02 5.4563000488e+02 5.4562597656e+02 5.4562200928e+02 5.4562597656e+02 5.4563299561e+02 5.4565197754e+02 5.4562298584e+02 5.4561297607e+02 5.4561199951e+02 5.4562402344e+02 5.4559802246e+02 5.4557000732e+02 5.4552801514e+02 5.4547399902e+02 5.4539898682e+02 5.4537597656e+02 5.4536700439e+02 5.4534600830e+02 5.4532897949e+02 5.4532202148e+02 5.4531500244e+02 5.4530603027e+02 5.4528900146e+02 5.4526898193e+02 5.4525799561e+02 5.4525897217e+02 5.4525598145e+02 5.4525402832e+02 5.4526000977e+02 5.4526599121e+02 5.4526098633e+02 5.4527197266e+02 5.4528497314e+02 5.4528497314e+02 5.4528497314e+02 5.4527801514e+02 5.4525500488e+02 5.4520397949e+02 5.4517401123e+02
5.4563897705e+02 5.4563897705e+02 5.4563702393e+02 5.4563500977e+02 5.4563299561e+02 5.4563397217e+02 5.4563098145e+02 5.4562799072e+02 5.4562298584e+02 5.4561901855e+02 5.4561901855e+02 5.4562597656e+02 5.4563299561e+02 5.4562097168e+02 5.4560101318e+02 5.4559698486e+02 5.4559197998e+02 5.4556896973e+02 5.4554498291e+02 5.4550897217e+02 5.4545001221e+02 5.4538098145e+02 5.4535400391e+02 5.4534399414e+02 5.4532598877e+02 5.4531597900e+02 5.4531597900e+02 5.4531701660e+02 5.4530700684e+02 5.4527801514e+02 5.4526000977e+02 5.4525598145e+02 5.4524902344e+02 5.4524597168e+02 5.4524700928e+02 5.4525598145e+02 5.4525201416e+02 5.4525402832e+02 5.4525897217e+02 5.4526000977e+02 5.4525701904e+02 5.4527398682e+02 5.4525500488e+02 5.4519897461e+02 5.4516101074e+02 5.4516101074e+02
5.4564001465e+02 5.4563897705e+02 5.4563800049e+02 5.4563500977e+02 5.4563397217e+02 5.4563299561e+02 5.4563000488e+02 5.4562597656e+02 5.4562097168e+02 5.4561901855e+02 5.4561798096e+02 5.4561499023e+02 5.4560998535e+02 5.4558697510e+02 5.4555798340e+02 5.4554602051e+02 5.4553100586e+02 5.4550598145e+02 5.4548400879e+02 5.4545501709e+02 5.4541101074e+02 5.4535797119e+02 5.4533300781e+02 5.4531896973e+02 5.4530798340e+02 5.4530499268e+02 5.4530102539e+02 5.4529602051e+02 5.4528302002e+02 5.4525799561e+02 5.4524798584e+02 5.4524401855e+02 5.4523400879e+02 5.4522900391e+02 5.4522998047e+02 5.4524102783e+02 5.4524298096e+02 5.4524298096e+02 5.4524597168e+02 5.4525097656e+02 5.4525000000e+02 5.4522998047e+02 5.4518499756e+02 5.4514300537e+02 5.4514202881e+02 5.4514697266e+02
5.4564001465e+02 5.4564001465e+02 5.4563897705e+02 5.4563702393e+02 5.4563500977e+02 5.4563397217e+02 5.4563000488e+02 5.4562500000e+02 5.4561602783e+02 5.4561499023e+02 5.4561199951e+02 5.4560198975e+02 5.4557800293e+02 5.4554101563e+02 5.4551098633e+02 5.4549298096e+02 5.4546398926e+02 5.4544097900e+02 5.4542102051e+02 5.4539898682e+02 5.4536798096e+02 5.4533697510e+02 5.4531298828e+02 5.4529699707e+02 5.4529302979e+02 5.4528997803e+02 5.4528100586e+02 5.4526702881e+02 5.4525097656e+02 5.4523699951e+02 5.4523400879e+02 5.4522900391e+02 5.4521801758e+02 5.4520898438e+02 5.4521197510e+02 5.4522900391e+02 5.4522998047e+02 5.4522497559e+02 5.4523602295e+02 5.4524700928e+02 5.4523901367e+02 5.4517401123e+02 5.4513201904e+02 5.4512500000e+02 5.4513598633e+02 5.4513897705e+02
5.4563800049e+02 5.4564300537e+02 5.4564501953e+02 5.4564599609e+02 5.4565100098e+02 5.4563800049e+02 5.4563098145e+02 5.4562097168e+02 5.4559197998e+02 5.4559600830e+02 5.4559600830e+02 5.4558001709e+02 5.4552600098e+02 5.4547900391e+02 5.4546997070e+02 5.4545599365e+02 5.4543103027e+02 5.4539898682e+02 5.4538000488e+02 5.4536297607e+02 5.4534197998e+02 5.4532897949e+02 5.4530297852e+02 5.4528497314e+02 5.4528399658e+02 5.4527502441e+02 5.4526000977e+02 5.4524499512e+02 5.4522998047e+02 5.4521197510e+02 5.4521301270e+02 5.4521099854e+02 5.4520001221e+02 5.4519201660e+02 5.4520300293e+02 5.4521899414e+02 5.4521600342e+02 5.4520898438e+02 5.4522900391e+02 5.4521600342e+02 5.4515802002e+02 5.4512500000e+02 5.4511798096e+02 5.4512701416e+02 5.4513000488e+02 5.4513500977e+02
5.4564001465e+02 5.4564898682e+02 5.4565301514e+02 5.4565698242e+02 5.4565399170e+02 5.4564898682e+02 5.4564398193e+02 5.4563500977e+02 5.4561401367e+02 5.4561700439e+02 5.4562799072e+02 5.4561199951e+02 5.4552899170e+02 5.4542102051e+02 5.4542102051e+02 5.4544500732e+02 5.4541101074e+02 5.4537298584e+02 5.4535699463e+02 5.4534100342e+02 5.4530902100e+02 5.4529602051e+02 5.4527600098e+02 5.4526300049e+02 5.4525402832e+02 5.4523999023e+02 5.4522698975e+02 5.4521502686e+02 5.4520001221e+02 5.4518200684e+02 5.4518499756e+02 5.4517797852e+02 5.4516802979e+02 5.4516900635e+02 5.4518298340e+02 5.4518499756e+02 5.4518200684e+02 5.4518798828e+02 5.4519897461e+02 5.4516302490e+02 5.4512500000e+02 5.4511297607e+02 5.4510400391e+02 5.4510797119e+02 5.4511297607e+02 5.4512799072e+02
5.4564202881e+02 5.4564898682e+02 5.4565301514e+02 5.4565698242e+02 5.4565698242e+02 5.4565997314e+02 5.4566101074e+02 5.4565600586e+02 5.4564300537e+02 5.4566198730e+02 5.4567901611e+02 5.4566198730e+02 5.4560699463e+02 5.4545202637e+02 5.4538598633e+02 5.4538897705e+02 5.4536499023e+02 5.4534997559e+02 5.4533398438e+02 5.4531597900e+02 5.4529101563e+02 5.4527801514e+02 5.4525500488e+02 5.4523400879e+02 5.4522100830e+02 5.4520800781e+02 5.4519500732e+02 5.4518200684e+02 5.4516601563e+02 5.4514898682e+02 5.4515502930e+02 5.4515100098e+02 5.4514898682e+02 5.4515997314e+02 5.4515802002e+02 5.4515502930e+02 5.4515802002e+02 5.4516900635e+02 5.4517602539e+02 5.4514599609e+02 5.4510998535e+02 5.4509399414e+02 5.4508398438e+02 5.4509497070e+02 5.4510601807e+02 5.4512200928e+02
5.4564202881e+02 5.4564599609e+02 5.4564898682e+02 5.4565301514e+02 5.4565899658e+02 5.4567401123e+02 5.4567901611e+02 5.4567602539e+02 5.4566900635e+02 5.4569500732e+02 5.4571099854e+02 5.4569201660e+02 5.4567199707e+02 5.4551599121e+02 5.4538299561e+02 5.4534301758e+02 5.4533001709e+02 5.4532299805e+02 5.4530401611e+02 5.4528698730e+02 5.4527398682e+02 5.4526800537e+02 5.4523699951e+02 5.4520300293e+02 5.4518701172e+02 5.4517498779e+02 5.4516198730e+02 5.4515002441e+02 5.4513098145e+02 5.4511102295e+02 5.4511700439e+02 5.4511602783e+02 5.4512200928e+02 5.4513098145e+02 5.4512200928e+02 5.4512597656e+02 5.4513299561e+02 5.4514300537e+02 5.4515997314e+02 5.4515301514e+02 5.4511602783e+02 5.4508300781e+02 5.4506597900e+02 5.4507397461e+02 5.4509197998e+02 5.4510699463e+02
5.4564300537e+02 5.4563800049e+02 5.4563897705e+02 5.4564099121e+02 5.4564202881e+02 5.4569299316e+02 5.4572100830e+02 5.4572198486e+02 5.4568499756e+02 5.4567901611e+02 5.4567297363e+02 5.4564898682e+02 5.4559301758e+02 5.4551300049e+02 5.4537500000e+02 5.4531701660e+02 5.4531500244e+02 5.4529998779e+02 5.4528302002e+02 5.4526599121e+02 5.4524499512e+02 5.4522802734e+02 5.4519897461e+02 5.4517102051e+02 5.4515600586e+02 5.4514300537e+02 5.4513397217e+02 5.4511999512e+02 5.4510198975e+02 5.4509100342e+02 5.4508398438e+02 5.4508197021e+02 5.4508300781e+02 5.4509197998e+02 5.4509399414e+02 5.4509997559e+02 5.4510400391e+02 5.4510998535e+02 5.4512597656e+02 5.4513299561e+02 5.4511999512e+02 5.4509698486e+02 5.4505401611e+02 5.4503497314e+02 5.4505700684e+02 5.4507299805e+02
5.4564398193e+02 5.4564398193e+02 5.4564099121e+02 5.4563800049e+02 5.4563800049e+02 5.4570800781e+02 5.4578198242e+02 5.4581402588e+02 5.4572698975e+02 5.4563897705e+02 5.4559497070e+02 5.4555200195e+02 5.4552600098e+02 5.4544702148e+02 5.4534899902e+02 5.4530102539e+02 5.4529302979e+02 5.4527697754e+02 5.4525701904e+02 5.4523797607e+02 5.4521801758e+02 5.4519396973e+02 5.4517102051e+02 5.4514801025e+02 5.4512701416e+02 5.4510601807e+02 5.4509698486e+02 5.4508898926e+02 5.4508001709e+02 5.4506597900e+02 5.4506097412e+02 5.4505798340e+02 5.4505700684e+02 5.4506298828e+02 5.4507000732e+02 5.4507702637e+02 5.4508300781e+02 5.4509197998e+02 5.4509698486e+02 5.4509197998e+02 5.4507501221e+02 5.4508300781e+02 5.4506701660e+02 5.4503198242e+02 5.4503497314e+02 5.4504602051e+02
5.4564501953e+02 5.4564501953e+02 5.4563702393e+02 5.4562500000e+02 5.4561499023e+02 5.4567498779e+02 5.4575799561e+02 5.4581097412e+02 5.4572998047e+02 5.4560400391e+02 5.4553900146e+02 5.4548199463e+02 5.4544500732e+02 5.4538500977e+02 5.4531896973e+02 5.4528698730e+02 5.4527197266e+02 5.4525097656e+02 5.4523199463e+02 5.4521301270e+02 5.4519097900e+02 5.4516497803e+02 5.4514202881e+02 5.4511901855e+02 5.4509600830e+02 5.4507000732e+02 5.4506298828e+02 5.4505999756e+02 5.4505798340e+02 5.4504302979e+02 5.4504400635e+02 5.4503997803e+02 5.4503100586e+02 5.4503900146e+02 5.4504498291e+02 5.4505200195e+02 5.4506298828e+02 5.4507000732e+02 5.4506097412e+02 5.4504998779e+02 5.4504400635e+02 5.4505798340e+02 5.4505297852e+02 5.4502197266e+02 5.4501300049e+02 5.4502197266e+02
5.4564202881e+02 5.4563702393e+02 5.4561901855e+02 5.4559600830e+02 5.4556701660e+02 5.4559002686e+02 5.4565802002e+02 5.4571899414e+02 5.4568298340e+02 5.4556097412e+02 5.4548297119e+02 5.4541601563e+02 5.4536297607e+02 5.4531402588e+02 5.4527899170e+02 5.4526501465e+02 5.4524700928e+02 5.4522601318e+02 5.4520697021e+02 5.4518798828e+02 5.4516400146e+02 5.4513598633e+02 5.4511297607e+02 5.4509002686e+02 5.4506701660e+02 5.4504699707e+02 5.4504302979e+02 5.4503900146e+02 5.4503601074e+02 5.4502502441e+02 5.4502502441e+02 5.4501599121e+02 5.4500701904e+02 5.4501397705e+02 5.4502001953e+02 5.4502697754e+02 5.4503900146e+02 5.4503698730e+02 5.4502502441e+02 5.4502001953e+02 5.4502398682e+02 5.4501898193e+02 5.4500299072e+02 5.4498999023e+02 5.4499401855e+02 5.4500000000e+02
