TESTSERVER/5/18.asc
NCOLS 100
NROWS 100
XLLCORNER 7.7497500000e+03
YLLCORNER 2.8905025000e+05
CELLSIZE 5.0000000000e-01
NODATA_VALUE -9.9990000000e+03
[rows 60 to 79 of 100, columns 0 to 45 of 100]
5.4563397217e+02 5.4561901855e+02 5.4558898926e+02 5.4554797363e+02 5.4550201416e+02 5.4547399902e+02 5.4550000000e+02 5.4555200195e+02 5.4556799316e+02 5.4553399658e+02 5.4544702148e+02 5.4535900879e+02 5.4530603027e+02 5.4526599121e+02 5.4525299072e+02 5.4524401855e+02 5.4521899414e+02 5.4520202637e+02 5.4518798828e+02 5.4516699219e+02 5.4513299561e+02 5.4510699463e+02 5.4508398438e+02 5.4506500244e+02 5.4504101563e+02 5.4503002930e+02 5.4503100586e+02 5.4501898193e+02 5.4500701904e+02 5.4499499512e+02 5.4498498535e+02 5.4497698975e+02 5.4497998047e+02 5.4498498535e+02 5.4499200439e+02 5.4500097656e+02 5.4501501465e+02 5.4500799561e+02 5.4499298096e+02 5.4499499512e+02 5.4501501465e+02 5.4498101807e+02 5.4495001221e+02 5.4495697021e+02 5.4497601318e+02 5.4498101807e+02
5.4561297607e+02 5.4558001709e+02 5.4553497314e+02 5.4548400879e+02 5.4543798828e+02 5.4541699219e+02 5.4540600586e+02 5.4540399170e+02 5.4539300537e+02 5.4537701416e+02 5.4533801270e+02 5.4529199219e+02 5.4526599121e+02 5.4523699951e+02 5.4523400879e+02 5.4521697998e+02 5.4519396973e+02 5.4517199707e+02 5.4515301514e+02 5.4513500977e+02 5.4510498047e+02 5.4507800293e+02 5.4505200195e+02 5.4504199219e+02 5.4502301025e+02 5.4501397705e+02 5.4500598145e+02 5.4498498535e+02 5.4496899414e+02 5.4496197510e+02 5.4496301270e+02 5.4496697998e+02 5.4496697998e+02 5.4496600342e+02 5.4497100830e+02 5.4497198486e+02 5.4497802734e+02 5.4497900391e+02 5.4497900391e+02 5.4497198486e+02 5.4495001221e+02 5.4493103027e+02 5.4492700195e+02 5.4494000244e+02 5.4495800781e+02 5.4496502686e+02
5.4558197021e+02 5.4553601074e+02 5.4548498535e+02 5.4543597412e+02 5.4539599609e+02 5.4538598633e+02 5.4536901855e+02 5.4534600830e+02 5.4532000732e+02 5.4529797363e+02 5.4527197266e+02 5.4524200439e+02 5.4522900391e+02 5.4520697021e+02 5.4519299316e+02 5.4516601563e+02 5.4515600586e+02 5.4512902832e+02 5.4510198975e+02 5.4508801270e+02 5.4507202148e+02 5.4504699707e+02 5.4502801514e+02 5.4502899170e+02 5.4501300049e+02 5.4500201416e+02 5.4498797607e+02 5.4496997070e+02 5.4495300293e+02 5.4494500732e+02 5.4494799805e+02 5.4494897461e+02 5.4494799805e+02 5.4494598389e+02 5.4493902588e+02 5.4493902588e+02 5.4495001221e+02 5.4495697021e+02 5.4495501709e+02 5.4493499756e+02 5.4490100098e+02 5.4490698242e+02 5.4491497803e+02 5.4491497803e+02 5.4491998291e+02 5.4493298340e+02
5.4554101563e+02 5.4548999023e+02 5.4544500732e+02 5.4540197754e+02 5.4536199951e+02 5.4534497070e+02 5.4533300781e+02 5.4532000732e+02 5.4529498291e+02 5.4527502441e+02 5.4524200439e+02 5.4520397949e+02 5.4518902588e+02 5.4516998291e+02 5.4515698242e+02 5.4513500977e+02 5.4512200928e+02 5.4509497070e+02 5.4507000732e+02 5.4505798340e+02 5.4504302979e+02 5.4501898193e+02 5.4501501465e+02 5.4501898193e+02 5.4499102783e+02 5.4497900391e+02 5.4496697998e+02 5.4495599365e+02 5.4494598389e+02 5.4493597412e+02 5.4492901611e+02 5.4492297363e+02 5.4491900635e+02 5.4491497803e+02 5.4490899658e+02 5.4492199707e+02 5.4493798828e+02 5.4493402100e+02 5.4491802979e+02 5.4489898682e+02 5.4488598633e+02 5.4489099121e+02 5.4489001465e+02 5.4489202881e+02 5.4489202881e+02 5.4490502930e+02
5.4549700928e+02 5.4544299316e+02 5.4540802002e+02 5.4537097168e+02 5.4533001709e+02 5.4530499268e+02 5.4529998779e+02 5.4529498291e+02 5.4526501465e+02 5.4524200439e+02 5.4521600342e+02 5.4518402100e+02 5.4516400146e+02 5.4514001465e+02 5.4512799072e+02 5.4510302734e+02 5.4507202148e+02 5.4506097412e+02 5.4504797363e+02 5.4503698730e+02 5.4501300049e+02 5.4498400879e+02 5.4498699951e+02 5.4498901367e+02 5.4495300293e+02 5.4494702148e+02 5.4494201660e+02 5.4493298340e+02 5.4493402100e+02 5.4491101074e+02 5.4489599609e+02 5.4489501953e+02 5.4488897705e+02 5.4488397217e+02 5.4489300537e+02 5.4491101074e+02 5.4492901611e+02 5.4490698242e+02 5.4487799072e+02 5.4487200928e+02 5.4487200928e+02 5.4486199951e+02 5.4486602783e+02 5.4487298584e+02 5.4487597656e+02 5.4490301514e+02
5.4545397949e+02 5.4540301514e+02 5.4536901855e+02 5.4532800293e+02 5.4528698730e+02 5.4526202393e+02 5.4526898193e+02 5.4526202393e+02 5.4522601318e+02 5.4520599365e+02 5.4518200684e+02 5.4515002441e+02 5.4513000488e+02 5.4510699463e+02 5.4508300781e+02 5.4505798340e+02 5.4503698730e+02 5.4503100586e+02 5.4502502441e+02 5.4501800537e+02 5.4499102783e+02 5.4497198486e+02 5.4496398926e+02 5.4495697021e+02 5.4493200684e+02 5.4492102051e+02 5.4492700195e+02 5.4492102051e+02 5.4490100098e+02 5.4487701416e+02 5.4486999512e+02 5.4487097168e+02 5.4486102295e+02 5.4487200928e+02 5.4489599609e+02 5.4490600586e+02 5.4489300537e+02 5.4486901855e+02 5.4485699463e+02 5.4485498047e+02 5.4484899902e+02 5.4485198975e+02 5.4485400391e+02 5.4485302734e+02 5.4487500000e+02 5.4491900635e+02
5.4539898682e+02 5.4535797119e+02 5.4532397461e+02 5.4528497314e+02 5.4525799561e+02 5.4524401855e+02 5.4524597168e+02 5.4522802734e+02 5.4518597412e+02 5.4516497803e+02 5.4514001465e+02 5.4510498047e+02 5.4508801270e+02 5.4505902100e+02 5.4502899170e+02 5.4501599121e+02 5.4500299072e+02 5.4498797607e+02 5.4498699951e+02 5.4499200439e+02 5.4497998047e+02 5.4496600342e+02 5.4493701172e+02 5.4491900635e+02 5.4490899658e+02 5.4488702393e+02 5.4489398193e+02 5.4489099121e+02 5.4487298584e+02 5.4485797119e+02 5.4484997559e+02 5.4484899902e+02 5.4484497070e+02 5.4486499023e+02 5.4488500977e+02 5.4487902832e+02 5.4484698486e+02 5.4484002686e+02 5.4484197998e+02 5.4484002686e+02 5.4483197021e+02 5.4484301758e+02 5.4484497070e+02 5.4486297607e+02 5.4489202881e+02 5.4491198730e+02
5.4534002686e+02 5.4531402588e+02 5.4528802490e+02 5.4525701904e+02 5.4524102783e+02 5.4522601318e+02 5.4520800781e+02 5.4518402100e+02 5.4515197754e+02 5.4513299561e+02 5.4510101318e+02 5.4505902100e+02 5.4504498291e+02 5.4501000977e+02 5.4498797607e+02 5.4498297119e+02 5.4496899414e+02 5.4494702148e+02 5.4494500732e+02 5.4496002197e+02 5.4495397949e+02 5.4493402100e+02 5.4490002441e+02 5.4488000488e+02 5.4487298584e+02 5.4485302734e+02 5.4485900879e+02 5.4485699463e+02 5.4484497070e+02 5.4483099365e+02 5.4482397461e+02 5.4482897949e+02 5.4483599854e+02 5.4485302734e+02 5.4484997559e+02 5.4483599854e+02 5.4482800293e+02 5.4483300781e+02 5.4482800293e+02 5.4481896973e+02 5.4481097412e+02 5.4482098389e+02 5.4484100342e+02 5.4488500977e+02 5.4489599609e+02 5.4488800049e+02
5.4528997803e+02 5.4527801514e+02 5.4525897217e+02 5.4523901367e+02 5.4522399902e+02 5.4520501709e+02 5.4516998291e+02 5.4514599609e+02 5.4511999512e+02 5.4511102295e+02 5.4507299805e+02 5.4501800537e+02 5.4500097656e+02 5.4497601318e+02 5.4496002197e+02 5.4495202637e+02 5.4494500732e+02 5.4493298340e+02 5.4492498779e+02 5.4492602539e+02 5.4491302490e+02 5.4489697266e+02 5.4487298584e+02 5.4484997559e+02 5.4482299805e+02 5.4482098389e+02 5.4482397461e+02 5.4481896973e+02 5.4481201172e+02 5.4479101563e+02 5.4479302979e+02 5.4481097412e+02 5.4483697510e+02 5.4483801270e+02 5.4480902100e+02 5.4479998779e+02 5.4480999756e+02 5.4480798340e+02 5.4479998779e+02 5.4479901123e+02 5.4480603027e+02 5.4482098389e+02 5.4484698486e+02 5.4487799072e+02 5.4487701416e+02 5.4486297607e+02
5.4524200439e+02 5.4523199463e+02 5.4522497559e+02 5.4521502686e+02 5.4518597412e+02 5.4515997314e+02 5.4513397217e+02 5.4511401367e+02 5.4507702637e+02 5.4505200195e+02 5.4502099609e+02 5.4497601318e+02 5.4494897461e+02 5.4493402100e+02 5.4492401123e+02 5.4490802002e+02 5.4490600586e+02 5.4490802002e+02 5.4490997314e+02 5.4489898682e+02 5.4487597656e+02 5.4486102295e+02 5.4484399414e+02 5.4482702637e+02 5.4480401611e+02 5.4480200195e+02 5.4479602051e+02 5.4478497314e+02 5.4477801514e+02 5.4477099609e+02 5.4479302979e+02 5.4480999756e+02 5.4480902100e+02 5.4478698730e+02 5.4476800537e+02 5.4478002930e+02 5.4478698730e+02 5.4478802490e+02 5.4478198242e+02 5.4478601074e+02 5.4480200195e+02 5.4481402588e+02 5.4483502197e+02 5.4485797119e+02 5.4486499023e+02 5.4484100342e+02
5.4521600342e+02 5.4520599365e+02 5.4520001221e+02 5.4518499756e+02 5.4515002441e+02 5.4511602783e+02 5.4509100342e+02 5.4507000732e+02 5.4503399658e+02 5.4499902344e+02 5.4497399902e+02 5.4494201660e+02 5.4492297363e+02 5.4490301514e+02 5.4489001465e+02 5.4487597656e+02 5.4487597656e+02 5.4488299561e+02 5.4488098145e+02 5.4486297607e+02 5.4484497070e+02 5.4482598877e+02 5.4480798340e+02 5.4480200195e+02 5.4479199219e+02 5.4478802490e+02 5.4477600098e+02 5.4476000977e+02 5.4475299072e+02 5.4476300049e+02 5.4478497314e+02 5.4478497314e+02 5.4476397705e+02 5.4475201416e+02 5.4475000000e+02 5.4476202393e+02 5.4476800537e+02 5.4477697754e+02 5.4477301025e+02 5.4477001953e+02 5.4478100586e+02 5.4479199219e+02 5.4481298828e+02 5.4483697510e+02 5.4484899902e+02 5.4482702637e+02
5.4520300293e+02 5.4519000244e+02 5.4517199707e+02 5.4515002441e+02 5.4512097168e+02 5.4508502197e+02 5.4505297852e+02 5.4502502441e+02 5.4499401855e+02 5.4495898438e+02 5.4492901611e+02 5.4489801025e+02 5.4489099121e+02 5.4486901855e+02 5.4485498047e+02 5.4485101318e+02 5.4485498047e+02 5.4484997559e+02 5.4484002686e+02 5.4482501221e+02 5.4481402588e+02 5.4478698730e+02 5.4477099609e+02 5.4477301025e+02 5.4477398682e+02 5.4476702881e+02 5.4475299072e+02 5.4473699951e+02 5.4473699951e+02 5.4475799561e+02 5.4476098633e+02 5.4474401855e+02 5.4473797607e+02 5.4473901367e+02 5.4473699951e+02 5.4474499512e+02 5.4475299072e+02 5.4475598145e+02 5.4475897217e+02 5.4474798584e+02 5.4474597168e+02 5.4476202393e+02 5.4478399658e+02 5.4480902100e+02 5.4482702637e+02 5.4481500244e+02
5.4518499756e+02 5.4516802979e+02 5.4514202881e+02 5.4511401367e+02 5.4507397461e+02 5.4504498291e+02 5.4501501465e+02 5.4497900391e+02 5.4495501709e+02 5.4492401123e+02 5.4488500977e+02 5.4485601807e+02 5.4485101318e+02 5.4482501221e+02 5.4483398438e+02 5.4484301758e+02 5.4483398438e+02 5.4481701660e+02 5.4480499268e+02 5.4479199219e+02 5.4477801514e+02 5.4474902344e+02 5.4473498535e+02 5.4473999023e+02 5.4474597168e+02 5.4474597168e+02 5.4473699951e+02 5.4472302246e+02 5.4472399902e+02 5.4474700928e+02 5.4473602295e+02 5.4472100830e+02 5.4472399902e+02 5.4472399902e+02 5.4472302246e+02 5.4473297119e+02 5.4474499512e+02 5.4474499512e+02 5.4475201416e+02 5.4473101807e+02 5.4470800781e+02 5.4472601318e+02 5.4475598145e+02 5.4478698730e+02 5.4481799316e+02 5.4480700684e+02
5.4514001465e+02 5.4510699463e+02 5.4508001709e+02 5.4506500244e+02 5.4503399658e+02 5.4500000000e+02 5.4497198486e+02 5.4494598389e+02 5.4492498779e+02 5.4489801025e+02 5.4484997559e+02 5.4481201172e+02 5.4481298828e+02 5.4481201172e+02 5.4481701660e+02 5.4480798340e+02 5.4478997803e+02 5.4478100586e+02 5.4478198242e+02 5.4477697754e+02 5.4476702881e+02 5.4474902344e+02 5.4474700928e+02 5.4476202393e+02 5.4476501465e+02 5.4475201416e+02 5.4473498535e+02 5.4471697998e+02 5.4470800781e+02 5.4470898438e+02 5.4470300293e+02 5.4470202637e+02 5.4470501709e+02 5.4471197510e+02 5.4471801758e+02 5.4472198486e+02 5.4473297119e+02 5.4475799561e+02 5.4475897217e+02 5.4472399902e+02 5.4469396973e+02 5.4470098877e+02 5.4473297119e+02 5.4477398682e+02 5.4480401611e+02 5.4479400635e+02
5.4507800293e+02 5.4504302979e+02 5.4502398682e+02 5.4501898193e+02 5.4499902344e+02 5.4497100830e+02 5.4493798828e+02 5.4491198730e+02 5.4489501953e+02 5.4486602783e+02 5.4482202148e+02 5.4478802490e+02 5.4478601074e+02 5.4479199219e+02 5.4478497314e+02 5.4477197266e+02 5.4476098633e+02 5.4475299072e+02 5.4476501465e+02 5.4477600098e+02 5.4477001953e+02 5.4475500488e+02 5.4475799561e+02 5.4478100586e+02 5.4478997803e+02 5.4475897217e+02 5.4472399902e+02 5.4469897461e+02 5.4468499756e+02 5.4467498779e+02 5.4467797852e+02 5.4468701172e+02 5.4468701172e+02 5.4469299316e+02 5.4470697021e+02 5.4472302246e+02 5.4475299072e+02 5.4478002930e+02 5.4474700928e+02 5.4470501709e+02 5.4468402100e+02 5.4468298340e+02 5.4470898438e+02 5.4475299072e+02 5.4479101563e+02 5.4478399658e+02
5.4500500488e+02 5.4498498535e+02 5.4497100830e+02 5.4496997070e+02 5.4495098877e+02 5.4493499756e+02 5.4490698242e+02 5.4487597656e+02 5.4485699463e+02 5.4482397461e+02 5.4479302979e+02 5.4477398682e+02 5.4477099609e+02 5.4476300049e+02 5.4474700928e+02 5.4475201416e+02 5.4475598145e+02 5.4473101807e+02 5.4474200439e+02 5.4475897217e+02 5.4475799561e+02 5.4473602295e+02 5.4473400879e+02 5.4475701904e+02 5.4477398682e+02 5.4473297119e+02 5.4468798828e+02 5.4466699219e+02 5.4466497803e+02 5.4465399170e+02 5.4465997314e+02 5.4467602539e+02 5.4467999268e+02 5.4468597412e+02 5.4470898438e+02 5.4473797607e+02 5.4477301025e+02 5.4478198242e+02 5.4474700928e+02 5.4470300293e+02 5.4467901611e+02 5.4467199707e+02 5.4468701172e+02 5.4472802734e+02 5.4477301025e+02 5.4477099609e+02
5.4493402100e+02 5.4493103027e+02 5.4491699219e+02 5.4491699219e+02 5.4490002441e+02 5.4488702393e+02 5.4487298584e+02 5.4484497070e+02 5.4481500244e+02 5.4478900146e+02 5.4476501465e+02 5.4475402832e+02 5.4474298096e+02 5.4471600342e+02 5.4470898438e+02 5.4472100830e+02 5.4472302246e+02 5.4471801758e+02 5.4471502686e+02 5.4472100830e+02 5.4472302246e+02 5.4470501709e+02 5.4468902588e+02 5.4469799805e+02 5.4471502686e+02 5.4469097900e+02 5.4464599609e+02 5.4463500977e+02 5.4465698242e+02 5.4464697266e+02 5.4465197754e+02 5.4467102051e+02 5.4470098877e+02 5.4473901367e+02 5.4476000977e+02 5.4477197266e+02 5.4476397705e+02 5.4474700928e+02 5.4473901367e+02 5.4471398926e+02 5.4467797852e+02 5.4466400146e+02 5.4466601563e+02 5.4469598389e+02 5.4472198486e+02 5.4472802734e+02
5.4487200928e+02 5.4487500000e+02 5.4487500000e+02 5.4488500977e+02 5.4486999512e+02 5.4484997559e+02 5.4483300781e+02 5.4480999756e+02 5.4478198242e+02 5.4477197266e+02 5.4474597168e+02 5.4471801758e+02 5.4470001221e+02 5.4467498779e+02 5.4467700195e+02 5.4468200684e+02 5.4468597412e+02 5.4470300293e+02 5.4471997070e+02 5.4472900391e+02 5.4474700928e+02 5.4473199463e+02 5.4468701172e+02 5.4466400146e+02 5.4466601563e+02 5.4465100098e+02 5.4462597656e+02 5.4462701416e+02 5.4463800049e+02 5.4463702393e+02 5.4465899658e+02 5.4470098877e+02 5.4476098633e+02 5.4481298828e+02 5.4482000732e+02 5.4480603027e+02 5.4478698730e+02 5.4474597168e+02 5.4472100830e+02 5.4470599365e+02 5.4467901611e+02 5.4466302490e+02 5.4463702393e+02 5.4464099121e+02 5.4467401123e+02 5.4469000244e+02
5.4483001709e+02 5.4483197021e+02 5.4484002686e+02 5.4484899902e+02 5.4484100342e+02 5.4482397461e+02 5.4480401611e+02 5.4478002930e+02 5.4475097656e+02 5.4474798584e+02 5.4471997070e+02 5.4468298340e+02 5.4466101074e+02 5.4464599609e+02 5.4464099121e+02 5.4463500977e+02 5.4464001465e+02 5.4467199707e+02 5.4469598389e+02 5.4470599365e+02 5.4473797607e+02 5.4473999023e+02 5.4468597412e+02 5.4464300537e+02 5.4462701416e+02 5.4461602783e+02 5.4461102295e+02 5.4461700439e+02 5.4461999512e+02 5.4463598633e+02 5.4468103027e+02 5.4473602295e+02 5.4479199219e+02 5.4482501221e+02 5.4481597900e+02 5.4479302979e+02 5.4478302002e+02 5.4474401855e+02 5.4471398926e+02 5.4469201660e+02 5.4466998291e+02 5.4466302490e+02 5.4463000488e+02 5.4461401367e+02 5.4463897705e+02 5.4466900635e+02
5.4480700684e+02 5.4482299805e+02 5.4482702637e+02 5.4482000732e+02 5.4480902100e+02 5.4479998779e+02 5.4478601074e+02 5.4475701904e+02 5.4471301270e+02 5.4470202637e+02 5.4467797852e+02 5.4465002441e+02 5.4462597656e+02 5.4461798096e+02 5.4460601807e+02 5.4459399414e+02 5.4460498047e+02 5.4464300537e+02 5.4466400146e+02 5.4466601563e+02 5.4469000244e+02 5.4469897461e+02 5.4465197754e+02 5.4460998535e+02 5.4459600830e+02 5.4459698486e+02 5.4460198975e+02 5.4460601807e+02 5.4460498047e+02 5.4464001465e+02 5.4470001221e+02 5.4475097656e+02 5.4478100586e+02 5.4478601074e+02 5.4477099609e+02 5.4475799561e+02 5.4476397705e+02 5.4474298096e+02 5.4472802734e+02 5.4470001221e+02 5.4466601563e+02 5.4465802002e+02 5.4462298584e+02 5.4460101318e+02 5.4461499023e+02 5.4464398193e+02
