TESTSERVER/5/18.asc
NCOLS 100
NROWS 100
XLLCORNER 7.7497500000e+03
YLLCORNER 2.8905025000e+05
CELLSIZE 5.0000000000e-01
NODATA_VALUE -9.9990000000e+03
[rows 40 to 59 of 100, columns 46 to 91 of 100]
5.4544598389e+02 5.4539001465e+02 5.4539398193e+02 5.4538598633e+02 5.4535699463e+02 5.4532202148e+02 5.4533502197e+02 5.4535101318e+02 5.4534698486e+02 5.4533398438e+02 5.4532598877e+02 5.4532397461e+02 5.4531298828e+02 5.4531799316e+02 5.4535797119e+02 5.4537298584e+02 5.4534899902e+02 5.4533099365e+02 5.4535498047e+02 5.4533300781e+02 5.4528198242e+02 5.4524902344e+02 5.4522198486e+02 5.4517297363e+02 5.4514599609e+02 5.4513800049e+02 5.4514300537e+02 5.4512402344e+02 5.4511199951e+02 5.4511499023e+02 5.4511102295e+02 5.4511499023e+02 5.4512200928e+02 5.4513000488e+02 5.4512298584e+02 5.4511999512e+02 5.4510900879e+02 5.4510601807e+02 5.4512597656e+02 5.4510699463e+02 5.4510797119e+02 5.4513397217e+02 5.4515802002e+02 5.4514099121e+02 5.4510198975e+02 5.4508300781e+02
5.4538897705e+02 5.4537200928e+02 5.4538897705e+02 5.4537597656e+02 5.4533398438e+02 5.4530798340e+02 5.4531799316e+02 5.4532897949e+02 5.4533001709e+02 5.4532098389e+02 5.4531500244e+02 5.4530798340e+02 5.4530700684e+02 5.4530798340e+02 5.4531500244e+02 5.4534002686e+02 5.4536401367e+02 5.4539898682e+02 5.4543499756e+02 5.4539599609e+02 5.4531896973e+02 5.4526300049e+02 5.4522601318e+02 5.4518298340e+02 5.4515399170e+02 5.4513800049e+02 5.4514697266e+02 5.4513000488e+02 5.4510601807e+02 5.4509997559e+02 5.4511297607e+02 5.4512597656e+02 5.4513397217e+02 5.4513500977e+02 5.4511401367e+02 5.4511602783e+02 5.4511102295e+02 5.4511700439e+02 5.4512298584e+02 5.4509399414e+02 5.4510400391e+02 5.4516497803e+02 5.4521502686e+02 5.4517797852e+02 5.4510198975e+02 5.4505999756e+02
5.4536401367e+02 5.4537597656e+02 5.4537597656e+02 5.4533697510e+02 5.4528997803e+02 5.4528802490e+02 5.4530200195e+02 5.4530798340e+02 5.4531201172e+02 5.4530499268e+02 5.4530102539e+02 5.4529602051e+02 5.4529797363e+02 5.4529901123e+02 5.4529400635e+02 5.4531097412e+02 5.4534899902e+02 5.4540399170e+02 5.4545202637e+02 5.4543798828e+02 5.4536602783e+02 5.4529101563e+02 5.4523498535e+02 5.4519201660e+02 5.4515698242e+02 5.4513702393e+02 5.4514801025e+02 5.4512902832e+02 5.4510900879e+02 5.4511602783e+02 5.4514099121e+02 5.4514202881e+02 5.4512799072e+02 5.4511499023e+02 5.4509197998e+02 5.4509002686e+02 5.4509899902e+02 5.4512097168e+02 5.4511401367e+02 5.4509802246e+02 5.4513897705e+02 5.4523498535e+02 5.4530401611e+02 5.4523999023e+02 5.4511901855e+02 5.4503997803e+02
5.4535601807e+02 5.4536901855e+02 5.4533300781e+02 5.4529101563e+02 5.4526599121e+02 5.4528302002e+02 5.4529101563e+02 5.4529400635e+02 5.4529797363e+02 5.4528900146e+02 5.4528802490e+02 5.4529101563e+02 5.4528900146e+02 5.4528399658e+02 5.4528399658e+02 5.4528997803e+02 5.4530102539e+02 5.4533001709e+02 5.4539099121e+02 5.4543402100e+02 5.4539697266e+02 5.4532897949e+02 5.4526300049e+02 5.4520001221e+02 5.4515502930e+02 5.4513500977e+02 5.4514300537e+02 5.4511499023e+02 5.4510998535e+02 5.4513800049e+02 5.4518499756e+02 5.4517297363e+02 5.4513000488e+02 5.4510198975e+02 5.4508697510e+02 5.4507202148e+02 5.4507202148e+02 5.4509399414e+02 5.4509802246e+02 5.4512097168e+02 5.4519097900e+02 5.4529199219e+02 5.4535302734e+02 5.4527398682e+02 5.4512500000e+02 5.4502801514e+02
5.4534997559e+02 5.4532897949e+02 5.4526000977e+02 5.4525299072e+02 5.4525402832e+02 5.4526300049e+02 5.4526501465e+02 5.4528198242e+02 5.4528198242e+02 5.4527001953e+02 5.4526599121e+02 5.4526800537e+02 5.4526501465e+02 5.4526300049e+02 5.4527001953e+02 5.4528198242e+02 5.4528399658e+02 5.4529699707e+02 5.4533898926e+02 5.4538299561e+02 5.4537701416e+02 5.4533697510e+02 5.4528601074e+02 5.4521197510e+02 5.4515301514e+02 5.4512701416e+02 5.4512402344e+02 5.4509899902e+02 5.4510198975e+02 5.4514300537e+02 5.4521697998e+02 5.4520300293e+02 5.4513500977e+02 5.4508898926e+02 5.4507098389e+02 5.4504602051e+02 5.4504101563e+02 5.4505798340e+02 5.4508197021e+02 5.4514898682e+02 5.4522601318e+02 5.4528002930e+02 5.4529400635e+02 5.4523400879e+02 5.4509197998e+02 5.4499902344e+02
5.4532098389e+02 5.4527600098e+02 5.4522900391e+02 5.4523400879e+02 5.4523999023e+02 5.4524200439e+02 5.4524700928e+02 5.4526202393e+02 5.4526702881e+02 5.4525500488e+02 5.4524902344e+02 5.4525000000e+02 5.4525000000e+02 5.4525097656e+02 5.4525097656e+02 5.4526202393e+02 5.4528399658e+02 5.4532098389e+02 5.4536401367e+02 5.4538702393e+02 5.4537799072e+02 5.4533697510e+02 5.4529498291e+02 5.4525097656e+02 5.4515502930e+02 5.4509100342e+02 5.4508502197e+02 5.4508001709e+02 5.4509301758e+02 5.4511901855e+02 5.4513897705e+02 5.4511102295e+02 5.4507397461e+02 5.4504602051e+02 5.4503698730e+02 5.4502600098e+02 5.4502398682e+02 5.4502197266e+02 5.4504901123e+02 5.4511102295e+02 5.4516601563e+02 5.4518200684e+02 5.4514898682e+02 5.4508502197e+02 5.4500897217e+02 5.4496502686e+02
5.4526599121e+02 5.4522601318e+02 5.4521502686e+02 5.4522998047e+02 5.4523901367e+02 5.4523498535e+02 5.4523400879e+02 5.4523797607e+02 5.4524401855e+02 5.4523901367e+02 5.4523498535e+02 5.4523602295e+02 5.4523699951e+02 5.4523699951e+02 5.4523199463e+02 5.4525000000e+02 5.4528997803e+02 5.4533599854e+02 5.4537597656e+02 5.4539099121e+02 5.4537902832e+02 5.4533300781e+02 5.4528302002e+02 5.4523602295e+02 5.4513000488e+02 5.4506298828e+02 5.4506402588e+02 5.4506799316e+02 5.4508599854e+02 5.4510198975e+02 5.4509698486e+02 5.4507397461e+02 5.4506597900e+02 5.4504699707e+02 5.4501898193e+02 5.4501599121e+02 5.4501000977e+02 5.4498498535e+02 5.4499798584e+02 5.4502801514e+02 5.4504998779e+02 5.4504797363e+02 5.4501898193e+02 5.4497601318e+02 5.4494299316e+02 5.4493298340e+02
5.4520001221e+02 5.4519799805e+02 5.4520800781e+02 5.4522900391e+02 5.4523602295e+02 5.4522198486e+02 5.4521398926e+02 5.4521502686e+02 5.4522302246e+02 5.4522698975e+02 5.4522399902e+02 5.4522198486e+02 5.4522198486e+02 5.4522302246e+02 5.4521997070e+02 5.4526098633e+02 5.4531097412e+02 5.4534698486e+02 5.4536401367e+02 5.4537500000e+02 5.4535998535e+02 5.4531298828e+02 5.4524401855e+02 5.4517901611e+02 5.4509301758e+02 5.4504498291e+02 5.4504699707e+02 5.4505401611e+02 5.4507202148e+02 5.4508300781e+02 5.4506701660e+02 5.4504699707e+02 5.4504998779e+02 5.4504101563e+02 5.4501000977e+02 5.4500897217e+02 5.4500097656e+02 5.4497302246e+02 5.4496697998e+02 5.4497100830e+02 5.4497302246e+02 5.4496697998e+02 5.4495697021e+02 5.4492797852e+02 5.4490698242e+02 5.4490698242e+02
5.4517901611e+02 5.4519000244e+02 5.4519897461e+02 5.4522100830e+02 5.4522698975e+02 5.4521002197e+02 5.4518402100e+02 5.4519000244e+02 5.4520300293e+02 5.4521002197e+02 5.4520898438e+02 5.4520800781e+02 5.4520800781e+02 5.4520697021e+02 5.4523199463e+02 5.4530200195e+02 5.4534698486e+02 5.4535498047e+02 5.4534301758e+02 5.4534899902e+02 5.4533300781e+02 5.4528198242e+02 5.4520098877e+02 5.4512298584e+02 5.4506402588e+02 5.4503399658e+02 5.4503601074e+02 5.4504901123e+02 5.4505102539e+02 5.4504498291e+02 5.4503198242e+02 5.4502502441e+02 5.4501501465e+02 5.4500000000e+02 5.4498797607e+02 5.4498297119e+02 5.4497900391e+02 5.4496502686e+02 5.4495599365e+02 5.4495599365e+02 5.4495697021e+02 5.4494799805e+02 5.4493597412e+02 5.4490197754e+02 5.4488098145e+02 5.4488299561e+02
5.4517102051e+02 5.4518597412e+02 5.4519500732e+02 5.4520300293e+02 5.4520800781e+02 5.4519897461e+02 5.4517999268e+02 5.4518103027e+02 5.4518298340e+02 5.4518597412e+02 5.4519000244e+02 5.4518499756e+02 5.4519201660e+02 5.4522302246e+02 5.4528900146e+02 5.4535198975e+02 5.4537701416e+02 5.4536199951e+02 5.4533599854e+02 5.4533801270e+02 5.4529901123e+02 5.4522601318e+02 5.4513201904e+02 5.4504998779e+02 5.4501000977e+02 5.4499798584e+02 5.4501300049e+02 5.4503802490e+02 5.4502801514e+02 5.4502001953e+02 5.4501898193e+02 5.4501898193e+02 5.4501202393e+02 5.4499102783e+02 5.4496697998e+02 5.4495800781e+02 5.4495001221e+02 5.4494799805e+02 5.4495501709e+02 5.4494799805e+02 5.4494299316e+02 5.4492602539e+02 5.4490997314e+02 5.4488201904e+02 5.4486798096e+02 5.4488702393e+02
5.4516198730e+02 5.4517999268e+02 5.4518499756e+02 5.4518402100e+02 5.4518597412e+02 5.4518200684e+02 5.4517199707e+02 5.4516900635e+02 5.4516699219e+02 5.4516900635e+02 5.4517498779e+02 5.4517297363e+02 5.4519201660e+02 5.4523602295e+02 5.4531402588e+02 5.4536901855e+02 5.4538397217e+02 5.4535498047e+02 5.4531298828e+02 5.4529101563e+02 5.4523297119e+02 5.4515197754e+02 5.4505999756e+02 5.4500201416e+02 5.4497998047e+02 5.4497900391e+02 5.4499700928e+02 5.4501501465e+02 5.4500402832e+02 5.4500201416e+02 5.4499798584e+02 5.4499200439e+02 5.4498400879e+02 5.4497100830e+02 5.4495098877e+02 5.4494201660e+02 5.4494097900e+02 5.4496197510e+02 5.4497601318e+02 5.4494702148e+02 5.4492797852e+02 5.4490197754e+02 5.4488299561e+02 5.4487097168e+02 5.4487500000e+02 5.4491497803e+02
5.4515301514e+02 5.4516699219e+02 5.4516601563e+02 5.4515997314e+02 5.4515899658e+02 5.4515600586e+02 5.4515197754e+02 5.4514697266e+02 5.4514300537e+02 5.4515002441e+02 5.4515802002e+02 5.4516900635e+02 5.4519097900e+02 5.4520800781e+02 5.4527398682e+02 5.4534197998e+02 5.4535797119e+02 5.4532501221e+02 5.4526898193e+02 5.4521899414e+02 5.4514801025e+02 5.4507299805e+02 5.4500402832e+02 5.4497302246e+02 5.4496002197e+02 5.4496502686e+02 5.4498400879e+02 5.4499102783e+02 5.4498199463e+02 5.4498699951e+02 5.4498602295e+02 5.4496899414e+02 5.4494396973e+02 5.4492999268e+02 5.4492797852e+02 5.4492498779e+02 5.4493200684e+02 5.4496502686e+02 5.4497399902e+02 5.4492700195e+02 5.4490600586e+02 5.4488800049e+02 5.4486901855e+02 5.4486901855e+02 5.4488299561e+02 5.4492700195e+02
5.4513897705e+02 5.4514001465e+02 5.4513897705e+02 5.4514202881e+02 5.4513500977e+02 5.4512701416e+02 5.4512597656e+02 5.4511901855e+02 5.4511700439e+02 5.4512902832e+02 5.4515600586e+02 5.4519097900e+02 5.4520397949e+02 5.4519201660e+02 5.4521997070e+02 5.4529602051e+02 5.4531298828e+02 5.4528100586e+02 5.4523699951e+02 5.4513702393e+02 5.4505798340e+02 5.4500097656e+02 5.4497198486e+02 5.4494897461e+02 5.4493298340e+02 5.4494097900e+02 5.4496398926e+02 5.4496502686e+02 5.4496502686e+02 5.4497900391e+02 5.4497399902e+02 5.4495697021e+02 5.4492401123e+02 5.4490600586e+02 5.4490399170e+02 5.4490301514e+02 5.4489801025e+02 5.4490502930e+02 5.4492199707e+02 5.4488500977e+02 5.4487200928e+02 5.4486499023e+02 5.4484997559e+02 5.4485302734e+02 5.4485900879e+02 5.4490002441e+02
5.4512902832e+02 5.4511700439e+02 5.4510601807e+02 5.4511602783e+02 5.4511199951e+02 5.4510198975e+02 5.4510101318e+02 5.4509600830e+02 5.4509497070e+02 5.4512902832e+02 5.4518597412e+02 5.4520001221e+02 5.4519500732e+02 5.4518597412e+02 5.4520098877e+02 5.4524700928e+02 5.4523797607e+02 5.4519097900e+02 5.4514697266e+02 5.4507800293e+02 5.4501397705e+02 5.4496997070e+02 5.4494299316e+02 5.4492602539e+02 5.4491497803e+02 5.4491900635e+02 5.4493597412e+02 5.4494000244e+02 5.4495001221e+02 5.4496502686e+02 5.4493597412e+02 5.4491900635e+02 5.4491497803e+02 5.4490698242e+02 5.4488702393e+02 5.4487902832e+02 5.4488000488e+02 5.4486798096e+02 5.4486401367e+02 5.4484002686e+02 5.4482598877e+02 5.4482897949e+02 5.4484497070e+02 5.4489001465e+02 5.4490698242e+02 5.4492700195e+02
5.4512097168e+02 5.4509997559e+02 5.4507702637e+02 5.4508197021e+02 5.4508300781e+02 5.4507800293e+02 5.4508099365e+02 5.4507702637e+02 5.4508801270e+02 5.4513299561e+02 5.4518902588e+02 5.4517901611e+02 5.4516998291e+02 5.4516802979e+02 5.4517700195e+02 5.4517901611e+02 5.4514599609e+02 5.4509497070e+02 5.4505902100e+02 5.4501702881e+02 5.4497698975e+02 5.4494897461e+02 5.4492901611e+02 5.4492797852e+02 5.4491900635e+02 5.4491101074e+02 5.4491400146e+02 5.4491998291e+02 5.4493298340e+02 5.4494500732e+02 5.4490997314e+02 5.4488800049e+02 5.4489898682e+02 5.4489599609e+02 5.4486999512e+02 5.4485699463e+02 5.4486901855e+02 5.4484899902e+02 5.4480401611e+02 5.4479101563e+02 5.4478997803e+02 5.4481201172e+02 5.4484600830e+02 5.4489697266e+02 5.4488598633e+02 5.4483599854e+02
5.4510101318e+02 5.4507897949e+02 5.4505999756e+02 5.4506201172e+02 5.4506201172e+02 5.4506201172e+02 5.4506701660e+02 5.4508398438e+02 5.4511401367e+02 5.4514398193e+02 5.4516802979e+02 5.4515502930e+02 5.4515100098e+02 5.4515197754e+02 5.4514801025e+02 5.4511700439e+02 5.4507202148e+02 5.4503002930e+02 5.4500598145e+02 5.4498101807e+02 5.4495898438e+02 5.4494396973e+02 5.4493402100e+02 5.4493597412e+02 5.4491998291e+02 5.4490301514e+02 5.4489801025e+02 5.4490100098e+02 5.4490600586e+02 5.4491601563e+02 5.4490197754e+02 5.4489099121e+02 5.4490399170e+02 5.4489001465e+02 5.4485198975e+02 5.4482501221e+02 5.4483398438e+02 5.4480902100e+02 5.4475402832e+02 5.4475299072e+02 5.4476000977e+02 5.4477197266e+02 5.4477801514e+02 5.4476800537e+02 5.4468103027e+02 5.4454998779e+02
5.4506402588e+02 5.4504901123e+02 5.4505297852e+02 5.4504400635e+02 5.4504101563e+02 5.4503997803e+02 5.4504699707e+02 5.4510400391e+02 5.4514398193e+02 5.4514300537e+02 5.4513598633e+02 5.4514300537e+02 5.4514599609e+02 5.4513897705e+02 5.4511700439e+02 5.4508099365e+02 5.4504101563e+02 5.4500598145e+02 5.4498797607e+02 5.4496301270e+02 5.4494799805e+02 5.4494000244e+02 5.4492498779e+02 5.4491101074e+02 5.4489697266e+02 5.4488897705e+02 5.4489001465e+02 5.4487298584e+02 5.4488000488e+02 5.4490502930e+02 5.4491101074e+02 5.4491998291e+02 5.4490002441e+02 5.4484497070e+02 5.4479998779e+02 5.4478497314e+02 5.4478698730e+02 5.4476702881e+02 5.4472399902e+02 5.4470599365e+02 5.4469799805e+02 5.4468103027e+02 5.4464202881e+02 5.4450701904e+02 5.4433898926e+02 5.4415502930e+02
5.4503997803e+02 5.4503198242e+02 5.4503497314e+02 5.4501702881e+02 5.4501702881e+02 5.4502697754e+02 5.4507000732e+02 5.4512402344e+02 5.4513397217e+02 5.4512200928e+02 5.4512402344e+02 5.4513000488e+02 5.4512902832e+02 5.4511401367e+02 5.4507800293e+02 5.4504901123e+02 5.4502099609e+02 5.4498602295e+02 5.4496697998e+02 5.4495098877e+02 5.4493298340e+02 5.4491900635e+02 5.4490197754e+02 5.4488500977e+02 5.4487298584e+02 5.4486700439e+02 5.4486901855e+02 5.4486401367e+02 5.4487799072e+02 5.4490502930e+02 5.4489300537e+02 5.4491302490e+02 5.4487701416e+02 5.4479302979e+02 5.4473797607e+02 5.4473199463e+02 5.4474298096e+02 5.4472198486e+02 5.4463702393e+02 5.4457501221e+02 5.4454400635e+02 5.4452600098e+02 5.4444299316e+02 5.4423602295e+02 5.4398297119e+02 5.4373400879e+02
5.4501702881e+02 5.4501397705e+02 5.4502197266e+02 5.4500201416e+02 5.4501202393e+02 5.4504699707e+02 5.4509100342e+02 5.4509698486e+02 5.4509301758e+02 5.4510498047e+02 5.4512500000e+02 5.4511102295e+02 5.4509197998e+02 5.4506896973e+02 5.4502398682e+02 5.4500402832e+02 5.4498901367e+02 5.4496301270e+02 5.4494598389e+02 5.4493499756e+02 5.4491302490e+02 5.4489202881e+02 5.4487402344e+02 5.4486199951e+02 5.4485498047e+02 5.4485302734e+02 5.4485498047e+02 5.4485601807e+02 5.4486199951e+02 5.4488598633e+02 5.4488800049e+02 5.4489001465e+02 5.4485302734e+02 5.4478302002e+02 5.4472698975e+02 5.4471398926e+02 5.4469799805e+02 5.4463500977e+02 5.4451397705e+02 5.4440399170e+02 5.4433300781e+02 5.4428100586e+02 5.4414697266e+02 5.4385699463e+02 5.4354400635e+02 5.4330700684e+02
5.4499597168e+02 5.4499298096e+02 5.4500097656e+02 5.4499902344e+02 5.4502398682e+02 5.4505999756e+02 5.4508599854e+02 5.4505999756e+02 5.4505499268e+02 5.4508502197e+02 5.4510601807e+02 5.4506402588e+02 5.4503497314e+02 5.4501501465e+02 5.4497698975e+02 5.4496997070e+02 5.4496899414e+02 5.4495001221e+02 5.4492700195e+02 5.4492297363e+02 5.4490600586e+02 5.4488098145e+02 5.4486102295e+02 5.4484497070e+02 5.4483398438e+02 5.4484197998e+02 5.4484698486e+02 5.4483697510e+02 5.4483300781e+02 5.4485198975e+02 5.4486999512e+02 5.4484997559e+02 5.4481597900e+02 5.4477001953e+02 5.4473199463e+02 5.4470898438e+02 5.4462298584e+02 5.4447399902e+02 5.4431597900e+02 5.4416699219e+02 5.4404602051e+02 5.4394598389e+02 5.4376501465e+02 5.4343798828e+02 5.4314801025e+02 5.4300201416e+02
