TESTSERVER/5/19.asc
NCOLS 100
NROWS 100
XLLCORNER 7.7497500000e+03
YLLCORNER 2.8900025000e+05
CELLSIZE 5.0000000000e-01
NODATA_VALUE -9.9990000000e+03
[rows 0 to 19 of 100, columns 46 to 91 of 100]
5.4462597656e+02 5.4458599854e+02 5.4453900146e+02 5.4453002930e+02 5.4447497559e+02 5.4429498291e+02 5.4398602295e+02 5.4369201660e+02 5.4318597412e+02 5.4257897949e+02 5.4208599854e+02 5.4182202148e+02 5.4179797363e+02 5.4192199707e+02 5.4204901123e+02 5.4202899170e+02 5.4198297119e+02 5.4196997070e+02 5.4198297119e+02 5.4194598389e+02 5.4202398682e+02 5.4234197998e+02 5.4293402100e+02 5.4357098389e+02 5.4386901855e+02 5.4392999268e+02 5.4386297607e+02 5.4382098389e+02 5.4378399658e+02 5.4376000977e+02 5.4374298096e+02 5.4367797852e+02 5.4361102295e+02 5.4353198242e+02 5.4347802734e+02 5.4343402100e+02 5.4337799072e+02 5.4335900879e+02 5.4336297607e+02 5.4334197998e+02 5.4334600830e+02 5.4334100342e+02 5.4330200195e+02 5.4330798340e+02 5.4328100586e+02 5.4325201416e+02
5.4464697266e+02 5.4460699463e+02 5.4453900146e+02 5.4449200439e+02 5.4441497803e+02 5.4424401855e+02 5.4397100830e+02 5.4365399170e+02 5.4304602051e+02 5.4236798096e+02 5.4195098877e+02 5.4175799561e+02 5.4175097656e+02 5.4183801270e+02 5.4193902588e+02 5.4195898438e+02 5.4195202637e+02 5.4195501709e+02 5.4197100830e+02 5.4193798828e+02 5.4215802002e+02 5.4261401367e+02 5.4322998047e+02 5.4376202393e+02 5.4390301514e+02 5.4388299561e+02 5.4385900879e+02 5.4381097412e+02 5.4377001953e+02 5.4374499512e+02 5.4371801758e+02 5.4364501953e+02 5.4356298828e+02 5.4347802734e+02 5.4342602539e+02 5.4337799072e+02 5.4333697510e+02 5.4334997559e+02 5.4335601807e+02 5.4332299805e+02 5.4334301758e+02 5.4335498047e+02 5.4332202148e+02 5.4330102539e+02 5.4326000977e+02 5.4323699951e+02
5.4466802979e+02 5.4463397217e+02 5.4456097412e+02 5.4447399902e+02 5.4436700439e+02 5.4419299316e+02 5.4395001221e+02 5.4359997559e+02 5.4293402100e+02 5.4222802734e+02 5.4187799072e+02 5.4177197266e+02 5.4177398682e+02 5.4182000732e+02 5.4186602783e+02 5.4192498779e+02 5.4195202637e+02 5.4196301270e+02 5.4196398926e+02 5.4202301025e+02 5.4241400146e+02 5.4300201416e+02 5.4361700439e+02 5.4394299316e+02 5.4395599365e+02 5.4389398193e+02 5.4386297607e+02 5.4382000732e+02 5.4377001953e+02 5.4372399902e+02 5.4367102051e+02 5.4359497070e+02 5.4353399658e+02 5.4346002197e+02 5.4338702393e+02 5.4333398438e+02 5.4332098389e+02 5.4333502197e+02 5.4332501221e+02 5.4328002930e+02 5.4329302979e+02 5.4331799316e+02 5.4330700684e+02 5.4327398682e+02 5.4321301270e+02 5.4317901611e+02
5.4467700195e+02 5.4465899658e+02 5.4458801270e+02 5.4446502686e+02 5.4432501221e+02 5.4413897705e+02 5.4389898682e+02 5.4352502441e+02 5.4284997559e+02 5.4214001465e+02 5.4184002686e+02 5.4181896973e+02 5.4183001709e+02 5.4184301758e+02 5.4184301758e+02 5.4192797852e+02 5.4197601318e+02 5.4198797607e+02 5.4196697998e+02 5.4214099121e+02 5.4270001221e+02 5.4339202881e+02 5.4393902588e+02 5.4404101563e+02 5.4396099854e+02 5.4387402344e+02 5.4384002686e+02 5.4380603027e+02 5.4374902344e+02 5.4368499756e+02 5.4361901855e+02 5.4355401611e+02 5.4351000977e+02 5.4344598389e+02 5.4337097168e+02 5.4330700684e+02 5.4330102539e+02 5.4331500244e+02 5.4329797363e+02 5.4325500488e+02 5.4325701904e+02 5.4327099609e+02 5.4327697754e+02 5.4325598145e+02 5.4319396973e+02 5.4314801025e+02
5.4467901611e+02 5.4466900635e+02 5.4458099365e+02 5.4443200684e+02 5.4426702881e+02 5.4406701660e+02 5.4378900146e+02 5.4339501953e+02 5.4275201416e+02 5.4210699463e+02 5.4184997559e+02 5.4188299561e+02 5.4189202881e+02 5.4187799072e+02 5.4184497070e+02 5.4194500732e+02 5.4200799561e+02 5.4200598145e+02 5.4196398926e+02 5.4220599365e+02 5.4293200684e+02 5.4370800781e+02 5.4404699707e+02 5.4398699951e+02 5.4389501953e+02 5.4380297852e+02 5.4375500488e+02 5.4375897217e+02 5.4369702148e+02 5.4362597656e+02 5.4359002686e+02 5.4354302979e+02 5.4348101807e+02 5.4341101074e+02 5.4333300781e+02 5.4327600098e+02 5.4328399658e+02 5.4328399658e+02 5.4327301025e+02 5.4325201416e+02 5.4325500488e+02 5.4325897217e+02 5.4324798584e+02 5.4323400879e+02 5.4319396973e+02 5.4315802002e+02
5.4465802002e+02 5.4471002197e+02 5.4466302490e+02 5.4438397217e+02 5.4412298584e+02 5.4391302490e+02 5.4364599609e+02 5.4324902344e+02 5.4262701416e+02 5.4201300049e+02 5.4176599121e+02 5.4179797363e+02 5.4181402588e+02 5.4182897949e+02 5.4186199951e+02 5.4193499756e+02 5.4196099854e+02 5.4196600342e+02 5.4194396973e+02 5.4209698486e+02 5.4286700439e+02 5.4369500732e+02 5.4396502686e+02 5.4390802002e+02 5.4384197998e+02 5.4375097656e+02 5.4369201660e+02 5.4368200684e+02 5.4363500977e+02 5.4358801270e+02 5.4357299805e+02 5.4353601074e+02 5.4346398926e+02 5.4338702393e+02 5.4330499268e+02 5.4326599121e+02 5.4326898193e+02 5.4324700928e+02 5.4323199463e+02 5.4318402100e+02 5.4318701172e+02 5.4323400879e+02 5.4324798584e+02 5.4321801758e+02 5.4319500732e+02 5.4317700195e+02
5.4462701416e+02 5.4474102783e+02 5.4472900391e+02 5.4433898926e+02 5.4399798584e+02 5.4379998779e+02 5.4349902344e+02 5.4307598877e+02 5.4249499512e+02 5.4193499756e+02 5.4172198486e+02 5.4175299072e+02 5.4177398682e+02 5.4179998779e+02 5.4184002686e+02 5.4184997559e+02 5.4189697266e+02 5.4198400879e+02 5.4195898438e+02 5.4209497070e+02 5.4283502197e+02 5.4362402344e+02 5.4388800049e+02 5.4384497070e+02 5.4379498291e+02 5.4372302246e+02 5.4366101074e+02 5.4362799072e+02 5.4359197998e+02 5.4356402588e+02 5.4353997803e+02 5.4348199463e+02 5.4341998291e+02 5.4335900879e+02 5.4329199219e+02 5.4326599121e+02 5.4324597168e+02 5.4323400879e+02 5.4322698975e+02 5.4317102051e+02 5.4315600586e+02 5.4319702148e+02 5.4322100830e+02 5.4320599365e+02 5.4319500732e+02 5.4318298340e+02
5.4463000488e+02 5.4472900391e+02 5.4468701172e+02 5.4425701904e+02 5.4388201904e+02 5.4367999268e+02 5.4334899902e+02 5.4289099121e+02 5.4233599854e+02 5.4185400391e+02 5.4172100830e+02 5.4178100586e+02 5.4179699707e+02 5.4180603027e+02 5.4182397461e+02 5.4182501221e+02 5.4188800049e+02 5.4199700928e+02 5.4196997070e+02 5.4218701172e+02 5.4291400146e+02 5.4362200928e+02 5.4383898926e+02 5.4379797363e+02 5.4376098633e+02 5.4371002197e+02 5.4366101074e+02 5.4361102295e+02 5.4356298828e+02 5.4353601074e+02 5.4350402832e+02 5.4345300293e+02 5.4340698242e+02 5.4334997559e+02 5.4327801514e+02 5.4324700928e+02 5.4322698975e+02 5.4322497559e+02 5.4321600342e+02 5.4318701172e+02 5.4316302490e+02 5.4316802979e+02 5.4317498779e+02 5.4318402100e+02 5.4318200684e+02 5.4316601563e+02
5.4470300293e+02 5.4472100830e+02 5.4464898682e+02 5.4423999023e+02 5.4384100342e+02 5.4357098389e+02 5.4325000000e+02 5.4276300049e+02 5.4220397949e+02 5.4178497314e+02 5.4175299072e+02 5.4180700684e+02 5.4180700684e+02 5.4180499268e+02 5.4183599854e+02 5.4188397217e+02 5.4192297363e+02 5.4195898438e+02 5.4195501709e+02 5.4242999268e+02 5.4316198730e+02 5.4372100830e+02 5.4383197021e+02 5.4375701904e+02 5.4372399902e+02 5.4368597412e+02 5.4364001465e+02 5.4357501221e+02 5.4352600098e+02 5.4349401855e+02 5.4346099854e+02 5.4343200684e+02 5.4340698242e+02 5.4334497070e+02 5.4327801514e+02 5.4324401855e+02 5.4321398926e+02 5.4320001221e+02 5.4319598389e+02 5.4319598389e+02 5.4319000244e+02 5.4316699219e+02 5.4313800049e+02 5.4316601563e+02 5.4316998291e+02 5.4314599609e+02
5.4476300049e+02 5.4473498535e+02 5.4460900879e+02 5.4423199463e+02 5.4381097412e+02 5.4345800781e+02 5.4307202148e+02 5.4265301514e+02 5.4217901611e+02 5.4181799316e+02 5.4176501465e+02 5.4178601074e+02 5.4179101563e+02 5.4180102539e+02 5.4184497070e+02 5.4193701172e+02 5.4196997070e+02 5.4190301514e+02 5.4199102783e+02 5.4274298096e+02 5.4345501709e+02 5.4382702637e+02 5.4380200195e+02 5.4372998047e+02 5.4369299316e+02 5.4364801025e+02 5.4357897949e+02 5.4351000977e+02 5.4348498535e+02 5.4345300293e+02 5.4340197754e+02 5.4336700439e+02 5.4335601807e+02 5.4331201172e+02 5.4329101563e+02 5.4323797607e+02 5.4317797852e+02 5.4317199707e+02 5.4318499756e+02 5.4318402100e+02 5.4317102051e+02 5.4314001465e+02 5.4312597656e+02 5.4315002441e+02 5.4316400146e+02 5.4314099121e+02
5.4471899414e+02 5.4466802979e+02 5.4452502441e+02 5.4419598389e+02 5.4379998779e+02 5.4339697266e+02 5.4294299316e+02 5.4254699707e+02 5.4210498047e+02 5.4179498291e+02 5.4173797607e+02 5.4174700928e+02 5.4176300049e+02 5.4177801514e+02 5.4179797363e+02 5.4187200928e+02 5.4191400146e+02 5.4192102051e+02 5.4227301025e+02 5.4311999512e+02 5.4371997070e+02 5.4389599609e+02 5.4376702881e+02 5.4370397949e+02 5.4366497803e+02 5.4361798096e+02 5.4354998779e+02 5.4349200439e+02 5.4345800781e+02 5.4341699219e+02 5.4337200928e+02 5.4332702637e+02 5.4330798340e+02 5.4328100586e+02 5.4327801514e+02 5.4322399902e+02 5.4318298340e+02 5.4317999268e+02 5.4317498779e+02 5.4316198730e+02 5.4312200928e+02 5.4307299805e+02 5.4309600830e+02 5.4311798096e+02 5.4314202881e+02 5.4313500977e+02
5.4465997314e+02 5.4459497070e+02 5.4446002197e+02 5.4416198730e+02 5.4375402832e+02 5.4328601074e+02 5.4278900146e+02 5.4236199951e+02 5.4193200684e+02 5.4170697021e+02 5.4171099854e+02 5.4172802734e+02 5.4174298096e+02 5.4175097656e+02 5.4173699951e+02 5.4179602051e+02 5.4187402344e+02 5.4206201172e+02 5.4261499023e+02 5.4335498047e+02 5.4382397461e+02 5.4386297607e+02 5.4370697021e+02 5.4365802002e+02 5.4363897705e+02 5.4360900879e+02 5.4355499268e+02 5.4350402832e+02 5.4344201660e+02 5.4339001465e+02 5.4337298584e+02 5.4332501221e+02 5.4326800537e+02 5.4325000000e+02 5.4326702881e+02 5.4323699951e+02 5.4321502686e+02 5.4320001221e+02 5.4317797852e+02 5.4316802979e+02 5.4311901855e+02 5.4305902100e+02 5.4308502197e+02 5.4309100342e+02 5.4311499023e+02 5.4312701416e+02
5.4467901611e+02 5.4458801270e+02 5.4443701172e+02 5.4409600830e+02 5.4363201904e+02 5.4311798096e+02 5.4264099121e+02 5.4215301514e+02 5.4178997803e+02 5.4167199707e+02 5.4172497559e+02 5.4173797607e+02 5.4173400879e+02 5.4172698975e+02 5.4176098633e+02 5.4182702637e+02 5.4186999512e+02 5.4206298828e+02 5.4257501221e+02 5.4327301025e+02 5.4366400146e+02 5.4372100830e+02 5.4364801025e+02 5.4360699463e+02 5.4360998535e+02 5.4360498047e+02 5.4355499268e+02 5.4350701904e+02 5.4343798828e+02 5.4338800049e+02 5.4338897705e+02 5.4334197998e+02 5.4324700928e+02 5.4323101807e+02 5.4328198242e+02 5.4325402832e+02 5.4321899414e+02 5.4320300293e+02 5.4320300293e+02 5.4317901611e+02 5.4315197754e+02 5.4311901855e+02 5.4311901855e+02 5.4310498047e+02 5.4310198975e+02 5.4311798096e+02
5.4465301514e+02 5.4454998779e+02 5.4431402588e+02 5.4394702148e+02 5.4349102783e+02 5.4299200439e+02 5.4250299072e+02 5.4198199463e+02 5.4168298340e+02 5.4164697266e+02 5.4170202637e+02 5.4168701172e+02 5.4167401123e+02 5.4169598389e+02 5.4180200195e+02 5.4184698486e+02 5.4180499268e+02 5.4190399170e+02 5.4236602783e+02 5.4304498291e+02 5.4345898438e+02 5.4359802246e+02 5.4360498047e+02 5.4359002686e+02 5.4357598877e+02 5.4357299805e+02 5.4354498291e+02 5.4349700928e+02 5.4344097900e+02 5.4340301514e+02 5.4338598633e+02 5.4332202148e+02 5.4324798584e+02 5.4324798584e+02 5.4327697754e+02 5.4325598145e+02 5.4321002197e+02 5.4319396973e+02 5.4321301270e+02 5.4319097900e+02 5.4317498779e+02 5.4315997314e+02 5.4313897705e+02 5.4310601807e+02 5.4307800293e+02 5.4308599854e+02
5.4460198975e+02 5.4446801758e+02 5.4420098877e+02 5.4383697510e+02 5.4337701416e+02 5.4286999512e+02 5.4234899902e+02 5.4181298828e+02 5.4157598877e+02 5.4160601807e+02 5.4167102051e+02 5.4163299561e+02 5.4163598633e+02 5.4168902588e+02 5.4183001709e+02 5.4187298584e+02 5.4182800293e+02 5.4197900391e+02 5.4249200439e+02 5.4311798096e+02 5.4344598389e+02 5.4354199219e+02 5.4357397461e+02 5.4357000732e+02 5.4354901123e+02 5.4354797363e+02 5.4353802490e+02 5.4348199463e+02 5.4344500732e+02 5.4342602539e+02 5.4337402344e+02 5.4326501465e+02 5.4324102783e+02 5.4328997803e+02 5.4330102539e+02 5.4326898193e+02 5.4319702148e+02 5.4316802979e+02 5.4320397949e+02 5.4319598389e+02 5.4317102051e+02 5.4313702393e+02 5.4311199951e+02 5.4309997559e+02 5.4307501221e+02 5.4307202148e+02
5.4457299805e+02 5.4440100098e+02 5.4411499023e+02 5.4374798584e+02 5.4327398682e+02 5.4274902344e+02 5.4220397949e+02 5.4170697021e+02 5.4152398682e+02 5.4158697510e+02 5.4165698242e+02 5.4163500977e+02 5.4166998291e+02 5.4172900391e+02 5.4184100342e+02 5.4187902832e+02 5.4187799072e+02 5.4217797852e+02 5.4284698486e+02 5.4340502930e+02 5.4357299805e+02 5.4355102539e+02 5.4356402588e+02 5.4356500244e+02 5.4353302002e+02 5.4352600098e+02 5.4352398682e+02 5.4346801758e+02 5.4343402100e+02 5.4342199707e+02 5.4334997559e+02 5.4323101807e+02 5.4324298096e+02 5.4330902100e+02 5.4331298828e+02 5.4325799561e+02 5.4318298340e+02 5.4316198730e+02 5.4317700195e+02 5.4317999268e+02 5.4315997314e+02 5.4311499023e+02 5.4309197998e+02 5.4311401367e+02 5.4309399414e+02 5.4307000732e+02
5.4455902100e+02 5.4435400391e+02 5.4404400635e+02 5.4365002441e+02 5.4315802002e+02 5.4261401367e+02 5.4209100342e+02 5.4170397949e+02 5.4156701660e+02 5.4161102295e+02 5.4164099121e+02 5.4168200684e+02 5.4176800537e+02 5.4181201172e+02 5.4180200195e+02 5.4176800537e+02 5.4177899170e+02 5.4220898438e+02 5.4313897705e+02 5.4364501953e+02 5.4367297363e+02 5.4356799316e+02 5.4357897949e+02 5.4354998779e+02 5.4351599121e+02 5.4349902344e+02 5.4349499512e+02 5.4348699951e+02 5.4344598389e+02 5.4339898682e+02 5.4329797363e+02 5.4325402832e+02 5.4327099609e+02 5.4328497314e+02 5.4325598145e+02 5.4318597412e+02 5.4314898682e+02 5.4314697266e+02 5.4314697266e+02 5.4315197754e+02 5.4314697266e+02 5.4311102295e+02 5.4307800293e+02 5.4309301758e+02 5.4307397461e+02 5.4304797363e+02
5.4453399658e+02 5.4429498291e+02 5.4393597412e+02 5.4353802490e+02 5.4301898193e+02 5.4245501709e+02 5.4195599365e+02 5.4167700195e+02 5.4162597656e+02 5.4169598389e+02 5.4172698975e+02 5.4170397949e+02 5.4178399658e+02 5.4184399414e+02 5.4184698486e+02 5.4182098389e+02 5.4185101318e+02 5.4229998779e+02 5.4323797607e+02 5.4368103027e+02 5.4363000488e+02 5.4353399658e+02 5.4357598877e+02 5.4352600098e+02 5.4350299072e+02 5.4348797607e+02 5.4345599365e+02 5.4346899414e+02 5.4344299316e+02 5.4336602783e+02 5.4327001953e+02 5.4329901123e+02 5.4331402588e+02 5.4329498291e+02 5.4326098633e+02 5.4319097900e+02 5.4314501953e+02 5.4313598633e+02 5.4314697266e+02 5.4315301514e+02 5.4315399170e+02 5.4313098145e+02 5.4309802246e+02 5.4309497070e+02 5.4307202148e+02 5.4304498291e+02
5.4449597168e+02 5.4420599365e+02 5.4381097412e+02 5.4341900635e+02 5.4289501953e+02 5.4234197998e+02 5.4187597656e+02 5.4164697266e+02 5.4164398193e+02 5.4173999023e+02 5.4178399658e+02 5.4171197510e+02 5.4173699951e+02 5.4178302002e+02 5.4181799316e+02 5.4183300781e+02 5.4197497559e+02 5.4250097656e+02 5.4336999512e+02 5.4373101807e+02 5.4364501953e+02 5.4354400635e+02 5.4359497070e+02 5.4355401611e+02 5.4350402832e+02 5.4346099854e+02 5.4341497803e+02 5.4343200684e+02 5.4340802002e+02 5.4332397461e+02 5.4326397705e+02 5.4330798340e+02 5.4331500244e+02 5.4329101563e+02 5.4325402832e+02 5.4318200684e+02 5.4313397217e+02 5.4312701416e+02 5.4314398193e+02 5.4314300537e+02 5.4315002441e+02 5.4314501953e+02 5.4312402344e+02 5.4310699463e+02 5.4307397461e+02 5.4303698730e+02
5.4444299316e+02 5.4410101318e+02 5.4370300293e+02 5.4331500244e+02 5.4278997803e+02 5.4226098633e+02 5.4184997559e+02 5.4163500977e+02 5.4161999512e+02 5.4169097900e+02 5.4172698975e+02 5.4165997314e+02 5.4165698242e+02 5.4168499756e+02 5.4173199463e+02 5.4175897217e+02 5.4200097656e+02 5.4262097168e+02 5.4346301270e+02 5.4378802490e+02 5.4371697998e+02 5.4360498047e+02 5.4360101318e+02 5.4355902100e+02 5.4349902344e+02 5.4344598389e+02 5.4339697266e+02 5.4336798096e+02 5.4331097412e+02 5.4325701904e+02 5.4327099609e+02 5.4328698730e+02 5.4327301025e+02 5.4326397705e+02 5.4323797607e+02 5.4316302490e+02 5.4312799072e+02 5.4313098145e+02 5.4314898682e+02 5.4313897705e+02 5.4315301514e+02 5.4316497803e+02 5.4315502930e+02 5.4310797119e+02 5.4305499268e+02 5.4301397705e+02
