TESTSERVER/5/19.asc
NCOLS 100
NROWS 100
XLLCORNER 7.7497500000e+03
YLLCORNER 2.8900025000e+05
CELLSIZE 5.0000000000e-01
NODATA_VALUE -9.9990000000e+03
[rows 40 to 59 of 100, columns 0 to 45 of 100]
5.4373999023e+02 5.4373498535e+02 5.4372998047e+02 5.4372198486e+02 5.4371697998e+02 5.4372497559e+02 5.4374298096e+02 5.4375201416e+02 5.4374102783e+02 5.4374298096e+02 5.4373901367e+02 5.4373400879e+02 5.4372900391e+02 5.4373297119e+02 5.4373602295e+02 5.4373901367e+02 5.4373602295e+02 5.4374597168e+02 5.4377001953e+02 5.4380499268e+02 5.4382202148e+02 5.4384399414e+02 5.4386798096e+02 5.4389202881e+02 5.4389898682e+02 5.4391400146e+02 5.4394702148e+02 5.4396197510e+02 5.4394598389e+02 5.4397100830e+02 5.4397802734e+02 5.4396997070e+02 5.4397100830e+02 5.4403198242e+02 5.4408001709e+02 5.4410400391e+02 5.4411297607e+02 5.4414599609e+02 5.4415502930e+02 5.4413299561e+02 5.4409698486e+02 5.4402398682e+02 5.4397698975e+02 5.4393200684e+02 5.4386602783e+02 5.4378698730e+02
5.4372900391e+02 5.4371997070e+02 5.4371398926e+02 5.4370898438e+02 5.4370098877e+02 5.4369799805e+02 5.4371398926e+02 5.4372302246e+02 5.4371697998e+02 5.4371801758e+02 5.4372198486e+02 5.4372497559e+02 5.4372198486e+02 5.4372497559e+02 5.4372698975e+02 5.4372998047e+02 5.4373199463e+02 5.4372802734e+02 5.4374597168e+02 5.4378497314e+02 5.4380999756e+02 5.4383398438e+02 5.4385498047e+02 5.4387902832e+02 5.4388397217e+02 5.4387902832e+02 5.4389398193e+02 5.4391998291e+02 5.4392797852e+02 5.4393298340e+02 5.4392797852e+02 5.4391497803e+02 5.4392901611e+02 5.4399401855e+02 5.4406597900e+02 5.4412200928e+02 5.4413000488e+02 5.4412799072e+02 5.4412200928e+02 5.4409997559e+02 5.4406097412e+02 5.4398699951e+02 5.4390399170e+02 5.4381097412e+02 5.4369897461e+02 5.4356799316e+02
5.4371301270e+02 5.4370397949e+02 5.4369897461e+02 5.4369396973e+02 5.4368701172e+02 5.4369097900e+02 5.4370501709e+02 5.4370898438e+02 5.4370300293e+02 5.4370001221e+02 5.4370397949e+02 5.4371197510e+02 5.4371697998e+02 5.4371899414e+02 5.4372100830e+02 5.4372399902e+02 5.4372698975e+02 5.4372100830e+02 5.4373498535e+02 5.4377001953e+02 5.4379797363e+02 5.4382598877e+02 5.4384399414e+02 5.4385900879e+02 5.4386297607e+02 5.4385900879e+02 5.4387200928e+02 5.4391101074e+02 5.4392999268e+02 5.4393103027e+02 5.4392199707e+02 5.4391497803e+02 5.4393499756e+02 5.4399798584e+02 5.4407501221e+02 5.4414001465e+02 5.4415100098e+02 5.4412200928e+02 5.4409899902e+02 5.4407098389e+02 5.4403601074e+02 5.4397100830e+02 5.4385797119e+02 5.4370397949e+02 5.4353802490e+02 5.4339898682e+02
5.4369299316e+02 5.4368902588e+02 5.4368298340e+02 5.4367797852e+02 5.4367297363e+02 5.4368298340e+02 5.4369201660e+02 5.4369000244e+02 5.4369000244e+02 5.4369799805e+02 5.4370001221e+02 5.4370300293e+02 5.4371099854e+02 5.4371301270e+02 5.4371502686e+02 5.4371801758e+02 5.4371899414e+02 5.4371997070e+02 5.4373297119e+02 5.4376000977e+02 5.4378198242e+02 5.4381500244e+02 5.4382702637e+02 5.4382897949e+02 5.4383599854e+02 5.4383398438e+02 5.4384600830e+02 5.4388702393e+02 5.4391601563e+02 5.4392498779e+02 5.4392401123e+02 5.4392797852e+02 5.4395501709e+02 5.4400897217e+02 5.4407202148e+02 5.4412701416e+02 5.4414398193e+02 5.4411798096e+02 5.4409100342e+02 5.4406097412e+02 5.4403399658e+02 5.4396697998e+02 5.4382501221e+02 5.4360900879e+02 5.4338598633e+02 5.4325897217e+02
5.4368298340e+02 5.4367297363e+02 5.4367102051e+02 5.4366900635e+02 5.4367602539e+02 5.4367999268e+02 5.4367297363e+02 5.4365899658e+02 5.4366497803e+02 5.4368902588e+02 5.4369500732e+02 5.4369396973e+02 5.4370098877e+02 5.4370697021e+02 5.4370898438e+02 5.4371197510e+02 5.4371099854e+02 5.4371398926e+02 5.4372100830e+02 5.4373199463e+02 5.4374597168e+02 5.4378100586e+02 5.4379498291e+02 5.4379400635e+02 5.4379998779e+02 5.4379901123e+02 5.4380798340e+02 5.4383898926e+02 5.4388000488e+02 5.4390197754e+02 5.4391101074e+02 5.4392401123e+02 5.4395800781e+02 5.4399798584e+02 5.4403698730e+02 5.4407098389e+02 5.4408898926e+02 5.4410498047e+02 5.4409899902e+02 5.4408300781e+02 5.4405603027e+02 5.4396301270e+02 5.4377801514e+02 5.4351501465e+02 5.4325500488e+02 5.4312097168e+02
5.4366198730e+02 5.4366101074e+02 5.4366198730e+02 5.4365698242e+02 5.4365399170e+02 5.4365899658e+02 5.4364099121e+02 5.4361499023e+02 5.4361102295e+02 5.4364898682e+02 5.4367700195e+02 5.4368597412e+02 5.4368902588e+02 5.4370001221e+02 5.4370001221e+02 5.4370202637e+02 5.4369897461e+02 5.4369897461e+02 5.4370001221e+02 5.4370501709e+02 5.4371600342e+02 5.4374597168e+02 5.4376000977e+02 5.4376000977e+02 5.4376300049e+02 5.4378198242e+02 5.4381896973e+02 5.4386297607e+02 5.4389202881e+02 5.4389898682e+02 5.4390197754e+02 5.4390899658e+02 5.4393499756e+02 5.4396801758e+02 5.4400201416e+02 5.4403399658e+02 5.4405499268e+02 5.4408697510e+02 5.4410400391e+02 5.4408801270e+02 5.4403002930e+02 5.4392102051e+02 5.4370300293e+02 5.4341998291e+02 5.4313800049e+02 5.4299499512e+02
5.4363397217e+02 5.4364099121e+02 5.4364001465e+02 5.4363299561e+02 5.4363397217e+02 5.4364697266e+02 5.4363598633e+02 5.4361199951e+02 5.4360101318e+02 5.4362701416e+02 5.4366198730e+02 5.4367700195e+02 5.4367700195e+02 5.4369000244e+02 5.4369799805e+02 5.4370098877e+02 5.4368902588e+02 5.4369097900e+02 5.4369299316e+02 5.4369396973e+02 5.4370001221e+02 5.4371997070e+02 5.4372698975e+02 5.4372399902e+02 5.4372802734e+02 5.4376000977e+02 5.4380999756e+02 5.4385900879e+02 5.4388397217e+02 5.4388800049e+02 5.4388598633e+02 5.4388598633e+02 5.4390301514e+02 5.4393597412e+02 5.4396600342e+02 5.4399700928e+02 5.4402600098e+02 5.4406701660e+02 5.4407598877e+02 5.4403698730e+02 5.4394799805e+02 5.4381201172e+02 5.4356896973e+02 5.4328198242e+02 5.4301202393e+02 5.4286798096e+02
5.4361297607e+02 5.4361798096e+02 5.4361499023e+02 5.4361297607e+02 5.4362597656e+02 5.4364697266e+02 5.4364898682e+02 5.4363897705e+02 5.4363098145e+02 5.4363000488e+02 5.4364801025e+02 5.4365899658e+02 5.4365997314e+02 5.4367102051e+02 5.4368597412e+02 5.4369201660e+02 5.4367401123e+02 5.4367901611e+02 5.4368200684e+02 5.4368200684e+02 5.4369097900e+02 5.4370501709e+02 5.4370898438e+02 5.4370898438e+02 5.4371801758e+02 5.4373901367e+02 5.4377697754e+02 5.4381500244e+02 5.4384100342e+02 5.4385601807e+02 5.4386199951e+02 5.4386297607e+02 5.4387902832e+02 5.4390600586e+02 5.4393402100e+02 5.4396600342e+02 5.4399902344e+02 5.4402899170e+02 5.4401098633e+02 5.4393402100e+02 5.4380200195e+02 5.4363201904e+02 5.4338397217e+02 5.4311700439e+02 5.4288500977e+02 5.4274902344e+02
5.4360101318e+02 5.4359600830e+02 5.4359197998e+02 5.4359802246e+02 5.4363500977e+02 5.4364599609e+02 5.4365301514e+02 5.4365698242e+02 5.4364801025e+02 5.4364202881e+02 5.4364398193e+02 5.4364697266e+02 5.4364697266e+02 5.4365100098e+02 5.4366699219e+02 5.4367297363e+02 5.4365600586e+02 5.4365600586e+02 5.4365502930e+02 5.4365399170e+02 5.4366497803e+02 5.4369396973e+02 5.4370397949e+02 5.4371997070e+02 5.4375097656e+02 5.4375701904e+02 5.4376300049e+02 5.4376800537e+02 5.4377099609e+02 5.4383099365e+02 5.4385302734e+02 5.4386199951e+02 5.4386499023e+02 5.4389001465e+02 5.4391302490e+02 5.4394299316e+02 5.4397198486e+02 5.4395800781e+02 5.4389501953e+02 5.4377502441e+02 5.4358300781e+02 5.4338299561e+02 5.4315997314e+02 5.4294897461e+02 5.4278302002e+02 5.4265502930e+02
5.4356799316e+02 5.4356597900e+02 5.4356097412e+02 5.4355700684e+02 5.4358502197e+02 5.4360601807e+02 5.4362097168e+02 5.4363500977e+02 5.4364001465e+02 5.4363702393e+02 5.4364300537e+02 5.4364898682e+02 5.4365301514e+02 5.4364398193e+02 5.4364599609e+02 5.4365301514e+02 5.4364398193e+02 5.4364001465e+02 5.4364202881e+02 5.4364801025e+02 5.4366101074e+02 5.4368597412e+02 5.4370300293e+02 5.4372100830e+02 5.4374798584e+02 5.4376000977e+02 5.4376898193e+02 5.4377197266e+02 5.4378198242e+02 5.4384600830e+02 5.4385998535e+02 5.4386297607e+02 5.4388201904e+02 5.4391302490e+02 5.4391400146e+02 5.4390698242e+02 5.4390002441e+02 5.4386297607e+02 5.4375701904e+02 5.4359002686e+02 5.4338800049e+02 5.4318298340e+02 5.4298999023e+02 5.4282098389e+02 5.4268597412e+02 5.4258300781e+02
5.4353900146e+02 5.4353997803e+02 5.4353601074e+02 5.4352899170e+02 5.4354302979e+02 5.4356500244e+02 5.4358801270e+02 5.4360900879e+02 5.4361901855e+02 5.4362597656e+02 5.4363397217e+02 5.4363800049e+02 5.4363897705e+02 5.4363598633e+02 5.4363299561e+02 5.4364398193e+02 5.4363098145e+02 5.4362200928e+02 5.4363098145e+02 5.4364697266e+02 5.4366198730e+02 5.4368200684e+02 5.4369799805e+02 5.4371301270e+02 5.4372900391e+02 5.4374200439e+02 5.4376397705e+02 5.4378100586e+02 5.4379901123e+02 5.4384497070e+02 5.4385302734e+02 5.4386401367e+02 5.4389898682e+02 5.4391802979e+02 5.4389300537e+02 5.4385498047e+02 5.4382000732e+02 5.4376702881e+02 5.4363397217e+02 5.4343499756e+02 5.4321697998e+02 5.4303002930e+02 5.4285498047e+02 5.4271398926e+02 5.4260699463e+02 5.4251898193e+02
5.4351397705e+02 5.4351702881e+02 5.4352001953e+02 5.4352001953e+02 5.4352197266e+02 5.4353698730e+02 5.4356097412e+02 5.4358197021e+02 5.4359497070e+02 5.4361297607e+02 5.4362097168e+02 5.4361999512e+02 5.4361499023e+02 5.4361700439e+02 5.4361297607e+02 5.4361798096e+02 5.4360302734e+02 5.4359997559e+02 5.4361901855e+02 5.4364599609e+02 5.4366400146e+02 5.4367797852e+02 5.4368798828e+02 5.4369897461e+02 5.4370599365e+02 5.4372100830e+02 5.4374700928e+02 5.4376800537e+02 5.4380297852e+02 5.4384802246e+02 5.4386499023e+02 5.4389001465e+02 5.4391400146e+02 5.4389001465e+02 5.4384100342e+02 5.4378601074e+02 5.4374401855e+02 5.4368499756e+02 5.4353497314e+02 5.4332000732e+02 5.4308599854e+02 5.4289801025e+02 5.4273901367e+02 5.4262298584e+02 5.4254400635e+02 5.4247601318e+02
5.4350799561e+02 5.4350402832e+02 5.4350799561e+02 5.4351000977e+02 5.4350201416e+02 5.4352197266e+02 5.4354400635e+02 5.4355700684e+02 5.4357501221e+02 5.4358599854e+02 5.4359399414e+02 5.4359600830e+02 5.4359197998e+02 5.4358001709e+02 5.4358099365e+02 5.4358801270e+02 5.4356597900e+02 5.4357800293e+02 5.4360998535e+02 5.4364898682e+02 5.4366900635e+02 5.4366302490e+02 5.4365997314e+02 5.4366699219e+02 5.4369500732e+02 5.4373400879e+02 5.4373901367e+02 5.4374700928e+02 5.4382000732e+02 5.4385797119e+02 5.4387701416e+02 5.4389599609e+02 5.4388201904e+02 5.4382202148e+02 5.4375799561e+02 5.4370898438e+02 5.4370697021e+02 5.4363800049e+02 5.4348297119e+02 5.4325402832e+02 5.4301098633e+02 5.4278997803e+02 5.4263397217e+02 5.4254498291e+02 5.4251501465e+02 5.4245001221e+02
5.4349597168e+02 5.4349298096e+02 5.4349700928e+02 5.4349499512e+02 5.4348999023e+02 5.4350897217e+02 5.4352001953e+02 5.4352398682e+02 5.4354199219e+02 5.4355401611e+02 5.4355999756e+02 5.4356097412e+02 5.4355700684e+02 5.4354400635e+02 5.4354400635e+02 5.4356298828e+02 5.4354400635e+02 5.4355902100e+02 5.4359600830e+02 5.4364099121e+02 5.4365600586e+02 5.4364398193e+02 5.4364099121e+02 5.4365698242e+02 5.4370300293e+02 5.4377398682e+02 5.4376599121e+02 5.4375097656e+02 5.4381298828e+02 5.4383898926e+02 5.4381701660e+02 5.4379400635e+02 5.4376397705e+02 5.4372100830e+02 5.4367401123e+02 5.4362597656e+02 5.4360101318e+02 5.4355200195e+02 5.4338500977e+02 5.4313500977e+02 5.4286901855e+02 5.4265802002e+02 5.4252398682e+02 5.4247698975e+02 5.4247399902e+02 5.4244097900e+02
5.4347302246e+02 5.4347100830e+02 5.4347497559e+02 5.4348498535e+02 5.4350402832e+02 5.4352301025e+02 5.4354699707e+02 5.4355902100e+02 5.4354901123e+02 5.4353698730e+02 5.4352600098e+02 5.4353497314e+02 5.4353002930e+02 5.4352301025e+02 5.4353497314e+02 5.4357299805e+02 5.4356201172e+02 5.4356201172e+02 5.4358001709e+02 5.4360998535e+02 5.4362298584e+02 5.4362799072e+02 5.4364099121e+02 5.4367102051e+02 5.4371997070e+02 5.4378002930e+02 5.4377001953e+02 5.4374102783e+02 5.4377301025e+02 5.4377697754e+02 5.4370898438e+02 5.4364599609e+02 5.4362298584e+02 5.4361199951e+02 5.4357000732e+02 5.4350000000e+02 5.4343298340e+02 5.4335699463e+02 5.4317797852e+02 5.4293701172e+02 5.4269201660e+02 5.4252502441e+02 5.4244097900e+02 5.4243200684e+02 5.4245001221e+02 5.4243298340e+02
5.4345397949e+02 5.4346301270e+02 5.4348901367e+02 5.4354302979e+02 5.4362500000e+02 5.4367102051e+02 5.4372302246e+02 5.4373797607e+02 5.4365698242e+02 5.4357501221e+02 5.4351702881e+02 5.4354302979e+02 5.4355798340e+02 5.4353698730e+02 5.4353900146e+02 5.4357501221e+02 5.4358197021e+02 5.4356201172e+02 5.4356097412e+02 5.4357598877e+02 5.4358300781e+02 5.4360797119e+02 5.4364398193e+02 5.4368701172e+02 5.4373699951e+02 5.4376501465e+02 5.4375299072e+02 5.4372497559e+02 5.4373498535e+02 5.4372497559e+02 5.4361199951e+02 5.4350402832e+02 5.4347900391e+02 5.4347998047e+02 5.4342700195e+02 5.4332702637e+02 5.4321197510e+02 5.4309802246e+02 5.4292199707e+02 5.4271600342e+02 5.4252398682e+02 5.4242102051e+02 5.4239001465e+02 5.4241101074e+02 5.4243902588e+02 5.4242401123e+02
5.4344897461e+02 5.4353002930e+02 5.4361297607e+02 5.4371697998e+02 5.4383502197e+02 5.4391400146e+02 5.4398101807e+02 5.4401300049e+02 5.4394299316e+02 5.4376300049e+02 5.4361499023e+02 5.4355999756e+02 5.4356597900e+02 5.4354302979e+02 5.4353698730e+02 5.4355200195e+02 5.4357299805e+02 5.4353900146e+02 5.4353900146e+02 5.4354998779e+02 5.4352197266e+02 5.4357397461e+02 5.4363500977e+02 5.4369097900e+02 5.4373199463e+02 5.4373297119e+02 5.4371502686e+02 5.4370501709e+02 5.4373699951e+02 5.4369299316e+02 5.4355200195e+02 5.4341198730e+02 5.4336798096e+02 5.4333898926e+02 5.4326800537e+02 5.4314501953e+02 5.4299597168e+02 5.4284197998e+02 5.4269000244e+02 5.4254302979e+02 5.4240600586e+02 5.4235498047e+02 5.4235400391e+02 5.4238397217e+02 5.4243402100e+02 5.4242297363e+02
5.4355102539e+02 5.4368701172e+02 5.4383502197e+02 5.4396398926e+02 5.4403900146e+02 5.4413897705e+02 5.4426599121e+02 5.4434899902e+02 5.4423901367e+02 5.4401000977e+02 5.4378399658e+02 5.4361798096e+02 5.4353997803e+02 5.4351300049e+02 5.4351898193e+02 5.4352001953e+02 5.4352697754e+02 5.4350201416e+02 5.4351397705e+02 5.4352899170e+02 5.4352600098e+02 5.4355798340e+02 5.4360900879e+02 5.4366400146e+02 5.4370800781e+02 5.4371197510e+02 5.4370300293e+02 5.4370800781e+02 5.4373199463e+02 5.4364099121e+02 5.4346899414e+02 5.4330603027e+02 5.4321301270e+02 5.4316198730e+02 5.4309399414e+02 5.4296997070e+02 5.4280700684e+02 5.4264898682e+02 5.4251800537e+02 5.4241497803e+02 5.4232299805e+02 5.4229400635e+02 5.4231500244e+02 5.4234802246e+02 5.4239801025e+02 5.4242498779e+02
5.4367797852e+02 5.4384497070e+02 5.4404498291e+02 5.4420898438e+02 5.4427001953e+02 5.4432098389e+02 5.4443103027e+02 5.4452899170e+02 5.4441900635e+02 5.4418798828e+02 5.4393597412e+02 5.4371301270e+02 5.4356097412e+02 5.4349700928e+02 5.4349499512e+02 5.4350201416e+02 5.4350299072e+02 5.4349298096e+02 5.4350500488e+02 5.4352001953e+02 5.4353900146e+02 5.4355798340e+02 5.4358697510e+02 5.4362597656e+02 5.4367297363e+02 5.4369799805e+02 5.4370001221e+02 5.4369097900e+02 5.4367102051e+02 5.4352099609e+02 5.4332202148e+02 5.4314099121e+02 5.4302001953e+02 5.4295001221e+02 5.4287500000e+02 5.4275500488e+02 5.4260797119e+02 5.4247698975e+02 5.4237500000e+02 5.4231402588e+02 5.4227697754e+02 5.4227301025e+02 5.4232299805e+02 5.4236602783e+02 5.4238897705e+02 5.4241900635e+02
5.4380902100e+02 5.4400097656e+02 5.4422302246e+02 5.4440802002e+02 5.4449902344e+02 5.4447802734e+02 5.4449798584e+02 5.4455499268e+02 5.4447497559e+02 5.4425799561e+02 5.4400598145e+02 5.4377197266e+02 5.4358898926e+02 5.4349298096e+02 5.4347900391e+02 5.4349200439e+02 5.4349499512e+02 5.4350897217e+02 5.4352801514e+02 5.4353997803e+02 5.4356097412e+02 5.4357397461e+02 5.4358502197e+02 5.4360498047e+02 5.4364202881e+02 5.4367999268e+02 5.4367901611e+02 5.4363397217e+02 5.4354199219e+02 5.4334899902e+02 5.4313800049e+02 5.4294396973e+02 5.4279199219e+02 5.4271398926e+02 5.4264501953e+02 5.4254602051e+02 5.4244000244e+02 5.4236102295e+02 5.4229901123e+02 5.4227099609e+02 5.4227001953e+02 5.4228100586e+02 5.4234301758e+02 5.4240002441e+02 5.4242199707e+02 5.4243499756e+02
