TESTSERVER/5/2.asc
NCOLS 100
NROWS 100
XLLCORNER 7.7497500000e+03
YLLCORNER 2.8985025000e+05
CELLSIZE 5.0000000000e-01
NODATA_VALUE -9.9990000000e+03
[rows 60 to 79 of 100, columns 46 to 91 of 100]
6.4934002686e+02 6.4935601807e+02 6.4936401367e+02 6.4937200928e+02 6.4938397217e+02 6.4937799072e+02 6.4937799072e+02 6.4939697266e+02 6.4938201904e+02 6.4940197754e+02 6.4939300537e+02 6.4939001465e+02 6.4939398193e+02 6.4940899658e+02 6.4942901611e+02 6.4943597412e+02 6.4944000244e+02 6.4946502686e+02 6.4945202637e+02 6.4944299316e+02 6.4945202637e+02 6.4946099854e+02 6.4946697998e+02 6.4946899414e+02 6.4945501709e+02 6.4942498779e+02 6.4939398193e+02 6.4937298584e+02 6.4939300537e+02 6.4935998535e+02 6.4933801270e+02 6.4934100342e+02 6.4935101318e+02 6.4934197998e+02 6.4931097412e+02 6.4929797363e+02 6.4930200195e+02 6.4930200195e+02 6.4929199219e+02 6.4926702881e+02 6.4926800537e+02 6.4927197266e+02 6.4928601074e+02 6.4930200195e+02 6.4931201172e+02 6.4930999756e+02
6.4933697510e+02 6.4935400391e+02 6.4936199951e+02 6.4936199951e+02 6.4936199951e+02 6.4938000488e+02 6.4939501953e+02 6.4940802002e+02 6.4937097168e+02 6.4937500000e+02 6.4936999512e+02 6.4938000488e+02 6.4939099121e+02 6.4939697266e+02 6.4940502930e+02 6.4941998291e+02 6.4943298340e+02 6.4944097900e+02 6.4943103027e+02 6.4942901611e+02 6.4943103027e+02 6.4942199707e+02 6.4942498779e+02 6.4941998291e+02 6.4942297363e+02 6.4939001465e+02 6.4937097168e+02 6.4935498047e+02 6.4937097168e+02 6.4932800293e+02 6.4931896973e+02 6.4932000732e+02 6.4934301758e+02 6.4935302734e+02 6.4930798340e+02 6.4927801514e+02 6.4926702881e+02 6.4926397705e+02 6.4925598145e+02 6.4922302246e+02 6.4921997070e+02 6.4921502686e+02 6.4922698975e+02 6.4923901367e+02 6.4925201416e+02 6.4924499512e+02
6.4933099365e+02 6.4935101318e+02 6.4935699463e+02 6.4936499023e+02 6.4936798096e+02 6.4937799072e+02 6.4938897705e+02 6.4939697266e+02 6.4935998535e+02 6.4936999512e+02 6.4937597656e+02 6.4937799072e+02 6.4938000488e+02 6.4937902832e+02 6.4937799072e+02 6.4938702393e+02 6.4940600586e+02 6.4939501953e+02 6.4938702393e+02 6.4939898682e+02 6.4941101074e+02 6.4939501953e+02 6.4939898682e+02 6.4938897705e+02 6.4938702393e+02 6.4935998535e+02 6.4935601807e+02 6.4933398438e+02 6.4936102295e+02 6.4930798340e+02 6.4929400635e+02 6.4928900146e+02 6.4930499268e+02 6.4931799316e+02 6.4928601074e+02 6.4926898193e+02 6.4924700928e+02 6.4922497559e+02 6.4920800781e+02 6.4917797852e+02 6.4916601563e+02 6.4915002441e+02 6.4916198730e+02 6.4917797852e+02 6.4918402100e+02 6.4916998291e+02
6.4932897949e+02 6.4933599854e+02 6.4933599854e+02 6.4935498047e+02 6.4937701416e+02 6.4937200928e+02 6.4935998535e+02 6.4936401367e+02 6.4934802246e+02 6.4936199951e+02 6.4936297607e+02 6.4936602783e+02 6.4936199951e+02 6.4934899902e+02 6.4934197998e+02 6.4934301758e+02 6.4936999512e+02 6.4937200928e+02 6.4936999512e+02 6.4938098145e+02 6.4938897705e+02 6.4936999512e+02 6.4937402344e+02 6.4935998535e+02 6.4936499023e+02 6.4935302734e+02 6.4935900879e+02 6.4932897949e+02 6.4934197998e+02 6.4926599121e+02 6.4925299072e+02 6.4925701904e+02 6.4926702881e+02 6.4926702881e+02 6.4925799561e+02 6.4926300049e+02 6.4922998047e+02 6.4918798828e+02 6.4915899658e+02 6.4914001465e+02 6.4912701416e+02 6.4909802246e+02 6.4909399414e+02 6.4910498047e+02 6.4911297607e+02 6.4910699463e+02
6.4934802246e+02 6.4933502197e+02 6.4933697510e+02 6.4935198975e+02 6.4936700439e+02 6.4936602783e+02 6.4936499023e+02 6.4937799072e+02 6.4935498047e+02 6.4936901855e+02 6.4934600830e+02 6.4934002686e+02 6.4936700439e+02 6.4934399414e+02 6.4933398438e+02 6.4932702637e+02 6.4934301758e+02 6.4934399414e+02 6.4934301758e+02 6.4935699463e+02 6.4933099365e+02 6.4934899902e+02 6.4935302734e+02 6.4934399414e+02 6.4934802246e+02 6.4931500244e+02 6.4930902100e+02 6.4928399658e+02 6.4927301025e+02 6.4922900391e+02 6.4925500488e+02 6.4927899170e+02 6.4925097656e+02 6.4924499512e+02 6.4923797607e+02 6.4923498535e+02 6.4921801758e+02 6.4917102051e+02 6.4913897705e+02 6.4910998535e+02 6.4908502197e+02 6.4904498291e+02 6.4903198242e+02 6.4905401611e+02 6.4905102539e+02 6.4905297852e+02
6.4934100342e+02 6.4934899902e+02 6.4934497070e+02 6.4934899902e+02 6.4936499023e+02 6.4936401367e+02 6.4935302734e+02 6.4936700439e+02 6.4935198975e+02 6.4936901855e+02 6.4934899902e+02 6.4933398438e+02 6.4935101318e+02 6.4934600830e+02 6.4934399414e+02 6.4933502197e+02 6.4933099365e+02 6.4933398438e+02 6.4932299805e+02 6.4934899902e+02 6.4933300781e+02 6.4934301758e+02 6.4933300781e+02 6.4930102539e+02 6.4929400635e+02 6.4927502441e+02 6.4927197266e+02 6.4925897217e+02 6.4927899170e+02 6.4922998047e+02 6.4922497559e+02 6.4925598145e+02 6.4925799561e+02 6.4923400879e+02 6.4923699951e+02 6.4922998047e+02 6.4918103027e+02 6.4915899658e+02 6.4913201904e+02 6.4909002686e+02 6.4905102539e+02 6.4901898193e+02 6.4899902344e+02 6.4900598145e+02 6.4899499512e+02 6.4897900391e+02
6.4931701660e+02 6.4934301758e+02 6.4933697510e+02 6.4933599854e+02 6.4935498047e+02 6.4936700439e+02 6.4935302734e+02 6.4934899902e+02 6.4934497070e+02 6.4935699463e+02 6.4934002686e+02 6.4933197021e+02 6.4934100342e+02 6.4933300781e+02 6.4933300781e+02 6.4932598877e+02 6.4931097412e+02 6.4930603027e+02 6.4929302979e+02 6.4931799316e+02 6.4931799316e+02 6.4931201172e+02 6.4929302979e+02 6.4927001953e+02 6.4927398682e+02 6.4925897217e+02 6.4926300049e+02 6.4925097656e+02 6.4926300049e+02 6.4921801758e+02 6.4919396973e+02 6.4920898438e+02 6.4921899414e+02 6.4919702148e+02 6.4921197510e+02 6.4920898438e+02 6.4915899658e+02 6.4915197754e+02 6.4911798096e+02 6.4906701660e+02 6.4901702881e+02 6.4898699951e+02 6.4896002197e+02 6.4895001221e+02 6.4894500732e+02 6.4893200684e+02
6.4930999756e+02 6.4933599854e+02 6.4933300781e+02 6.4933697510e+02 6.4935101318e+02 6.4935900879e+02 6.4935699463e+02 6.4933697510e+02 6.4933502197e+02 6.4933697510e+02 6.4932202148e+02 6.4933502197e+02 6.4934698486e+02 6.4933898926e+02 6.4933697510e+02 6.4932000732e+02 6.4931402588e+02 6.4930700684e+02 6.4928399658e+02 6.4929699707e+02 6.4929998779e+02 6.4930102539e+02 6.4927398682e+02 6.4925201416e+02 6.4927197266e+02 6.4924401855e+02 6.4924499512e+02 6.4923699951e+02 6.4923999023e+02 6.4919500732e+02 6.4916802979e+02 6.4917797852e+02 6.4918200684e+02 6.4915698242e+02 6.4917297363e+02 6.4916998291e+02 6.4914599609e+02 6.4915002441e+02 6.4911401367e+02 6.4905999756e+02 6.4900299072e+02 6.4895098877e+02 6.4891400146e+02 6.4890197754e+02 6.4889898682e+02 6.4888800049e+02
6.4931201172e+02 6.4933502197e+02 6.4932897949e+02 6.4932897949e+02 6.4933300781e+02 6.4934197998e+02 6.4935302734e+02 6.4933898926e+02 6.4933502197e+02 6.4933001709e+02 6.4931701660e+02 6.4931402588e+02 6.4934497070e+02 6.4934399414e+02 6.4934997559e+02 6.4932098389e+02 6.4931402588e+02 6.4931701660e+02 6.4928601074e+02 6.4928002930e+02 6.4929400635e+02 6.4929400635e+02 6.4926397705e+02 6.4924200439e+02 6.4925799561e+02 6.4923602295e+02 6.4922399902e+02 6.4921301270e+02 6.4920098877e+02 6.4916900635e+02 6.4915399170e+02 6.4914801025e+02 6.4913000488e+02 6.4913397217e+02 6.4913598633e+02 6.4911700439e+02 6.4911199951e+02 6.4912799072e+02 6.4910797119e+02 6.4905999756e+02 6.4898901367e+02 6.4892901611e+02 6.4889398193e+02 6.4887500000e+02 6.4886499023e+02 6.4885601807e+02
6.4934899902e+02 6.4934197998e+02 6.4932000732e+02 6.4934399414e+02 6.4935498047e+02 6.4933697510e+02 6.4935101318e+02 6.4936102295e+02 6.4935797119e+02 6.4933697510e+02 6.4931500244e+02 6.4931799316e+02 6.4933398438e+02 6.4933697510e+02 6.4935101318e+02 6.4932598877e+02 6.4932000732e+02 6.4930999756e+02 6.4927801514e+02 6.4928100586e+02 6.4929498291e+02 6.4928100586e+02 6.4926098633e+02 6.4924102783e+02 6.4924597168e+02 6.4922900391e+02 6.4920800781e+02 6.4919897461e+02 6.4918499756e+02 6.4916198730e+02 6.4915399170e+02 6.4914398193e+02 6.4911102295e+02 6.4908398438e+02 6.4908697510e+02 6.4909002686e+02 6.4908099365e+02 6.4910198975e+02 6.4909600830e+02 6.4905700684e+02 6.4900701904e+02 6.4892498779e+02 6.4888397217e+02 6.4885198975e+02 6.4882702637e+02 6.4880798340e+02
6.4937500000e+02 6.4935998535e+02 6.4934698486e+02 6.4938098145e+02 6.4937902832e+02 6.4935101318e+02 6.4937097168e+02 6.4937402344e+02 6.4934802246e+02 6.4934100342e+02 6.4932202148e+02 6.4931500244e+02 6.4932501221e+02 6.4932598877e+02 6.4933599854e+02 6.4932202148e+02 6.4932098389e+02 6.4930102539e+02 6.4927502441e+02 6.4928002930e+02 6.4927301025e+02 6.4927197266e+02 6.4927801514e+02 6.4923901367e+02 6.4922998047e+02 6.4922302246e+02 6.4921301270e+02 6.4920202637e+02 6.4918499756e+02 6.4915197754e+02 6.4914398193e+02 6.4913000488e+02 6.4910302734e+02 6.4907702637e+02 6.4905902100e+02 6.4905102539e+02 6.4904797363e+02 6.4906799316e+02 6.4906402588e+02 6.4902502441e+02 6.4898999023e+02 6.4893200684e+02 6.4889099121e+02 6.4884997559e+02 6.4881896973e+02 6.4878497314e+02
6.4938000488e+02 6.4938299561e+02 6.4938500977e+02 6.4940100098e+02 6.4937902832e+02 6.4936499023e+02 6.4937701416e+02 6.4937597656e+02 6.4935400391e+02 6.4936401367e+02 6.4934301758e+02 6.4932501221e+02 6.4934100342e+02 6.4933599854e+02 6.4933898926e+02 6.4932897949e+02 6.4931298828e+02 6.4929302979e+02 6.4927099609e+02 6.4926800537e+02 6.4926000977e+02 6.4926599121e+02 6.4928698730e+02 6.4924499512e+02 6.4921301270e+02 6.4919598389e+02 6.4919396973e+02 6.4919097900e+02 6.4918499756e+02 6.4914300537e+02 6.4913702393e+02 6.4912597656e+02 6.4909899902e+02 6.4908099365e+02 6.4904699707e+02 6.4901800537e+02 6.4901202393e+02 6.4902398682e+02 6.4902001953e+02 6.4898400879e+02 6.4895898438e+02 6.4892999268e+02 6.4888800049e+02 6.4883502197e+02 6.4880297852e+02 6.4876898193e+02
6.4939300537e+02 6.4940301514e+02 6.4939501953e+02 6.4939501953e+02 6.4939697266e+02 6.4939599609e+02 6.4938598633e+02 6.4937597656e+02 6.4937500000e+02 6.4936700439e+02 6.4934899902e+02 6.4934002686e+02 6.4935699463e+02 6.4935699463e+02 6.4935101318e+02 6.4933398438e+02 6.4931500244e+02 6.4930102539e+02 6.4927899170e+02 6.4926898193e+02 6.4925897217e+02 6.4926702881e+02 6.4927301025e+02 6.4924597168e+02 6.4923101807e+02 6.4920501709e+02 6.4918597412e+02 6.4916302490e+02 6.4916198730e+02 6.4913000488e+02 6.4912597656e+02 6.4912298584e+02 6.4910797119e+02 6.4907501221e+02 6.4905200195e+02 6.4902697754e+02 6.4898101807e+02 6.4897998047e+02 6.4897698975e+02 6.4894799805e+02 6.4891802979e+02 6.4891302490e+02 6.4889202881e+02 6.4885302734e+02 6.4879498291e+02 6.4875897217e+02
6.4941400146e+02 6.4940997314e+02 6.4940502930e+02 6.4941101074e+02 6.4941198730e+02 6.4940698242e+02 6.4939697266e+02 6.4938500977e+02 6.4938201904e+02 6.4938500977e+02 6.4936999512e+02 6.4936297607e+02 6.4936199951e+02 6.4935498047e+02 6.4936199951e+02 6.4934301758e+02 6.4932702637e+02 6.4931298828e+02 6.4928198242e+02 6.4927801514e+02 6.4926000977e+02 6.4926800537e+02 6.4927301025e+02 6.4924102783e+02 6.4922100830e+02 6.4920800781e+02 6.4920300293e+02 6.4916802979e+02 6.4915997314e+02 6.4913397217e+02 6.4912200928e+02 6.4910302734e+02 6.4909197998e+02 6.4909002686e+02 6.4905700684e+02 6.4901098633e+02 6.4897497559e+02 6.4897198486e+02 6.4894799805e+02 6.4892199707e+02 6.4890802002e+02 6.4889501953e+02 6.4887500000e+02 6.4884497070e+02 6.4878802490e+02 6.4873999023e+02
6.4944097900e+02 6.4944598389e+02 6.4943200684e+02 6.4943701172e+02 6.4943103027e+02 6.4940600586e+02 6.4940997314e+02 6.4940802002e+02 6.4939202881e+02 6.4940600586e+02 6.4938000488e+02 6.4937097168e+02 6.4937701416e+02 6.4935900879e+02 6.4936901855e+02 6.4935601807e+02 6.4935198975e+02 6.4933001709e+02 6.4928900146e+02 6.4928997803e+02 6.4928100586e+02 6.4926800537e+02 6.4925701904e+02 6.4924597168e+02 6.4922302246e+02 6.4921697998e+02 6.4920501709e+02 6.4916198730e+02 6.4914697266e+02 6.4913201904e+02 6.4911901855e+02 6.4909802246e+02 6.4908398438e+02 6.4908300781e+02 6.4904797363e+02 6.4901098633e+02 6.4898901367e+02 6.4896301270e+02 6.4893597412e+02 6.4891302490e+02 6.4889898682e+02 6.4886901855e+02 6.4884002686e+02 6.4882202148e+02 6.4877697754e+02 6.4872900391e+02
6.4945599365e+02 6.4946899414e+02 6.4944097900e+02 6.4944201660e+02 6.4944598389e+02 6.4942797852e+02 6.4944000244e+02 6.4943298340e+02 6.4940399170e+02 6.4940899658e+02 6.4937597656e+02 6.4936901855e+02 6.4938500977e+02 6.4937500000e+02 6.4937799072e+02 6.4935900879e+02 6.4936199951e+02 6.4934399414e+02 6.4930700684e+02 6.4930902100e+02 6.4929998779e+02 6.4927502441e+02 6.4925500488e+02 6.4925299072e+02 6.4923999023e+02 6.4923498535e+02 6.4921600342e+02 6.4917797852e+02 6.4915197754e+02 6.4914099121e+02 6.4911700439e+02 6.4909698486e+02 6.4909100342e+02 6.4907202148e+02 6.4904101563e+02 6.4902099609e+02 6.4899401855e+02 6.4895397949e+02 6.4892498779e+02 6.4890002441e+02 6.4888299561e+02 6.4885498047e+02 6.4884100342e+02 6.4882501221e+02 6.4876202393e+02 6.4871197510e+02
6.4947302246e+02 6.4947998047e+02 6.4945397949e+02 6.4945898438e+02 6.4947998047e+02 6.4946002197e+02 6.4946301270e+02 6.4944299316e+02 6.4942102051e+02 6.4941400146e+02 6.4938299561e+02 6.4938201904e+02 6.4939599609e+02 6.4940002441e+02 6.4940100098e+02 6.4937402344e+02 6.4937200928e+02 6.4934600830e+02 6.4932501221e+02 6.4932800293e+02 6.4930999756e+02 6.4928698730e+02 6.4927502441e+02 6.4925799561e+02 6.4925201416e+02 6.4922900391e+02 6.4922399902e+02 6.4920599365e+02 6.4915502930e+02 6.4914898682e+02 6.4911999512e+02 6.4910601807e+02 6.4911700439e+02 6.4905401611e+02 6.4902502441e+02 6.4902001953e+02 6.4900897217e+02 6.4898699951e+02 6.4892700195e+02 6.4888299561e+02 6.4887402344e+02 6.4884497070e+02 6.4883099365e+02 6.4880700684e+02 6.4873602295e+02 6.4869396973e+02
6.4948999023e+02 6.4949499512e+02 6.4947802734e+02 6.4948602295e+02 6.4949597168e+02 6.4949102783e+02 6.4949700928e+02 6.4947698975e+02 6.4945697021e+02 6.4944097900e+02 6.4940399170e+02 6.4940002441e+02 6.4942199707e+02 6.4940802002e+02 6.4941101074e+02 6.4939599609e+02 6.4939099121e+02 6.4935302734e+02 6.4933801270e+02 6.4932897949e+02 6.4932202148e+02 6.4931201172e+02 6.4930499268e+02 6.4926800537e+02 6.4926397705e+02 6.4924597168e+02 6.4922802734e+02 6.4921502686e+02 6.4917999268e+02 6.4915502930e+02 6.4911798096e+02 6.4907897949e+02 6.4908502197e+02 6.4906097412e+02 6.4903900146e+02 6.4901702881e+02 6.4898602295e+02 6.4895697021e+02 6.4892199707e+02 6.4889697266e+02 6.4887799072e+02 6.4883801270e+02 6.4882800293e+02 6.4881799316e+02 6.4875402832e+02 6.4870001221e+02
6.4951202393e+02 6.4951202393e+02 6.4949798584e+02 6.4950799561e+02 6.4950701904e+02 6.4949499512e+02 6.4950402832e+02 6.4948498535e+02 6.4946899414e+02 6.4947900391e+02 6.4944201660e+02 6.4942700195e+02 6.4944500732e+02 6.4943597412e+02 6.4944097900e+02 6.4940600586e+02 6.4939398193e+02 6.4937701416e+02 6.4936602783e+02 6.4934497070e+02 6.4933599854e+02 6.4932897949e+02 6.4931402588e+02 6.4928601074e+02 6.4929699707e+02 6.4924700928e+02 6.4922802734e+02 6.4921801758e+02 6.4919000244e+02 6.4915997314e+02 6.4912799072e+02 6.4909899902e+02 6.4910699463e+02 6.4907397461e+02 6.4905999756e+02 6.4903100586e+02 6.4899401855e+02 6.4896502686e+02 6.4892999268e+02 6.4889501953e+02 6.4887500000e+02 6.4884899902e+02 6.4883801270e+02 6.4882098389e+02 6.4876397705e+02 6.4871099854e+02
6.4951202393e+02 6.4952001953e+02 6.4951397705e+02 6.4952697754e+02 6.4952502441e+02 6.4951898193e+02 6.4952502441e+02 6.4950201416e+02 6.4948901367e+02 6.4950000000e+02 6.4946002197e+02 6.4944299316e+02 6.4945800781e+02 6.4945098877e+02 6.4946899414e+02 6.4943597412e+02 6.4942297363e+02 6.4941400146e+02 6.4939398193e+02 6.4938598633e+02 6.4937799072e+02 6.4935498047e+02 6.4932800293e+02 6.4929699707e+02 6.4931201172e+02 6.4927301025e+02 6.4926202393e+02 6.4923602295e+02 6.4920599365e+02 6.4917498779e+02 6.4914697266e+02 6.4912200928e+02 6.4912097168e+02 6.4907702637e+02 6.4907098389e+02 6.4903601074e+02 6.4900201416e+02 6.4897802734e+02 6.4894201660e+02 6.4890997314e+02 6.4888201904e+02 6.4885400391e+02 6.4883599854e+02 6.4880798340e+02 6.4876800537e+02 6.4871197510e+02
