TESTSERVER/5/2.asc
NCOLS 100
NROWS 100
XLLCORNER 7.7497500000e+03
YLLCORNER 2.8985025000e+05
CELLSIZE 5.0000000000e-01
NODATA_VALUE -9.9990000000e+03
[rows 0 to 19 of 100, columns 46 to 91 of 100]
6.5230499268e+02 6.5234100342e+02 6.5236602783e+02 6.5240802002e+02 6.5244000244e+02 6.5246502686e+02 6.5253002930e+02 6.5255603027e+02 6.5258001709e+02 6.5257098389e+02 6.5262298584e+02 6.5265802002e+02 6.5270397949e+02 6.5277197266e+02 6.5280200195e+02 6.5285498047e+02 6.5293597412e+02 6.5294000244e+02 6.5298901367e+02 6.5304498291e+02 6.5307000732e+02 6.5314202881e+02 6.5317797852e+02 6.5322302246e+02 6.5333197021e+02 6.5336602783e+02 6.5340899658e+02 6.5346600342e+02 6.5344500732e+02 6.5349499512e+02 6.5354302979e+02 6.5355297852e+02 6.5356298828e+02 6.5363201904e+02 6.5360900879e+02 6.5358801270e+02 6.5362597656e+02 6.5365399170e+02 6.5364697266e+02 6.5365502930e+02 6.5369396973e+02 6.5371600342e+02 6.5375897217e+02 6.5380902100e+02 6.5384301758e+02 6.5387597656e+02
6.5226599121e+02 6.5230603027e+02 6.5232000732e+02 6.5234997559e+02 6.5239300537e+02 6.5244097900e+02 6.5250701904e+02 6.5252600098e+02 6.5256701660e+02 6.5255200195e+02 6.5258300781e+02 6.5260900879e+02 6.5264697266e+02 6.5271997070e+02 6.5275500488e+02 6.5281298828e+02 6.5287298584e+02 6.5288397217e+02 6.5291400146e+02 6.5296197510e+02 6.5297900391e+02 6.5307000732e+02 6.5311602783e+02 6.5314898682e+02 6.5324499512e+02 6.5330297852e+02 6.5334997559e+02 6.5341101074e+02 6.5340600586e+02 6.5345098877e+02 6.5348797607e+02 6.5350097656e+02 6.5351800537e+02 6.5358398438e+02 6.5356402588e+02 6.5355798340e+02 6.5361401367e+02 6.5362500000e+02 6.5361401367e+02 6.5363299561e+02 6.5367102051e+02 6.5367401123e+02 6.5369396973e+02 6.5375097656e+02 6.5379602051e+02 6.5379797363e+02
6.5222399902e+02 6.5226702881e+02 6.5228198242e+02 6.5232702637e+02 6.5238000488e+02 6.5241998291e+02 6.5248101807e+02 6.5251202393e+02 6.5254901123e+02 6.5253002930e+02 6.5255297852e+02 6.5257800293e+02 6.5261602783e+02 6.5267901611e+02 6.5269598389e+02 6.5274102783e+02 6.5280102539e+02 6.5284100342e+02 6.5286499023e+02 6.5289697266e+02 6.5290399170e+02 6.5298999023e+02 6.5303601074e+02 6.5306799316e+02 6.5315698242e+02 6.5323101807e+02 6.5327600098e+02 6.5333398438e+02 6.5333197021e+02 6.5337402344e+02 6.5342297363e+02 6.5346301270e+02 6.5347399902e+02 6.5352600098e+02 6.5352697754e+02 6.5352801514e+02 6.5357702637e+02 6.5359301758e+02 6.5359698486e+02 6.5361199951e+02 6.5364001465e+02 6.5364398193e+02 6.5367700195e+02 6.5374298096e+02 6.5374902344e+02 6.5373901367e+02
6.5218597412e+02 6.5222497559e+02 6.5224499512e+02 6.5230603027e+02 6.5235498047e+02 6.5239099121e+02 6.5246002197e+02 6.5250402832e+02 6.5251800537e+02 6.5249597168e+02 6.5253100586e+02 6.5256097412e+02 6.5258898926e+02 6.5263598633e+02 6.5265197754e+02 6.5268597412e+02 6.5273101807e+02 6.5277398682e+02 6.5279302979e+02 6.5281701660e+02 6.5283898926e+02 6.5290502930e+02 6.5295397949e+02 6.5299102783e+02 6.5306701660e+02 6.5312701416e+02 6.5315698242e+02 6.5322497559e+02 6.5322399902e+02 6.5328497314e+02 6.5333697510e+02 6.5338800049e+02 6.5341497803e+02 6.5346697998e+02 6.5349200439e+02 6.5349200439e+02 6.5352697754e+02 6.5355401611e+02 6.5356201172e+02 6.5358099365e+02 6.5361901855e+02 6.5361401367e+02 6.5365002441e+02 6.5370098877e+02 6.5366998291e+02 6.5366601563e+02
6.5216302490e+02 6.5219897461e+02 6.5223297119e+02 6.5229199219e+02 6.5232800293e+02 6.5235699463e+02 6.5242401123e+02 6.5246997070e+02 6.5249298096e+02 6.5249401855e+02 6.5251898193e+02 6.5253601074e+02 6.5253802490e+02 6.5259197998e+02 6.5263800049e+02 6.5266699219e+02 6.5268701172e+02 6.5271301270e+02 6.5273699951e+02 6.5276202393e+02 6.5277600098e+02 6.5284802246e+02 6.5289697266e+02 6.5292999268e+02 6.5298999023e+02 6.5302801514e+02 6.5304901123e+02 6.5311401367e+02 6.5309899902e+02 6.5320202637e+02 6.5327301025e+02 6.5331896973e+02 6.5333898926e+02 6.5338598633e+02 6.5343402100e+02 6.5344500732e+02 6.5347998047e+02 6.5351000977e+02 6.5352099609e+02 6.5354199219e+02 6.5357000732e+02 6.5356298828e+02 6.5358502197e+02 6.5361401367e+02 6.5361700439e+02 6.5360601807e+02
6.5212200928e+02 6.5216601563e+02 6.5219396973e+02 6.5224401855e+02 6.5228601074e+02 6.5231298828e+02 6.5238000488e+02 6.5243402100e+02 6.5245697021e+02 6.5245697021e+02 6.5248101807e+02 6.5250402832e+02 6.5252502441e+02 6.5255603027e+02 6.5258398438e+02 6.5261102295e+02 6.5264099121e+02 6.5266998291e+02 6.5270202637e+02 6.5273101807e+02 6.5274700928e+02 6.5280200195e+02 6.5283697510e+02 6.5286199951e+02 6.5290698242e+02 6.5295898438e+02 6.5296801758e+02 6.5303002930e+02 6.5302502441e+02 6.5308502197e+02 6.5315698242e+02 6.5320397949e+02 6.5324597168e+02 6.5329400635e+02 6.5335498047e+02 6.5337097168e+02 6.5342498779e+02 6.5345898438e+02 6.5347100830e+02 6.5349298096e+02 6.5351800537e+02 6.5351599121e+02 6.5353399658e+02 6.5355499268e+02 6.5358197021e+02 6.5356597900e+02
6.5208001709e+02 6.5211297607e+02 6.5212701416e+02 6.5217602539e+02 6.5224102783e+02 6.5227197266e+02 6.5233099365e+02 6.5239300537e+02 6.5242999268e+02 6.5242602539e+02 6.5245697021e+02 6.5250598145e+02 6.5254400635e+02 6.5254699707e+02 6.5253601074e+02 6.5256799316e+02 6.5263500977e+02 6.5266497803e+02 6.5269000244e+02 6.5271398926e+02 6.5272399902e+02 6.5275701904e+02 6.5277398682e+02 6.5278997803e+02 6.5283898926e+02 6.5288201904e+02 6.5289398193e+02 6.5295898438e+02 6.5296997070e+02 6.5300402832e+02 6.5306597900e+02 6.5309997559e+02 6.5313299561e+02 6.5318701172e+02 6.5324798584e+02 6.5326397705e+02 6.5332598877e+02 6.5335998535e+02 6.5338800049e+02 6.5342297363e+02 6.5345501709e+02 6.5345898438e+02 6.5347198486e+02 6.5350299072e+02 6.5352301025e+02 6.5352301025e+02
6.5202301025e+02 6.5206201172e+02 6.5208197021e+02 6.5214001465e+02 6.5221502686e+02 6.5225000000e+02 6.5230401611e+02 6.5236401367e+02 6.5240600586e+02 6.5239801025e+02 6.5242401123e+02 6.5248101807e+02 6.5254400635e+02 6.5255798340e+02 6.5252899170e+02 6.5256597900e+02 6.5267498779e+02 6.5270697021e+02 6.5271398926e+02 6.5272302246e+02 6.5271697998e+02 6.5272302246e+02 6.5272302246e+02 6.5273199463e+02 6.5278399658e+02 6.5281500244e+02 6.5283300781e+02 6.5289398193e+02 6.5290002441e+02 6.5292999268e+02 6.5298901367e+02 6.5302099609e+02 6.5303198242e+02 6.5307800293e+02 6.5312298584e+02 6.5313897705e+02 6.5320898438e+02 6.5324798584e+02 6.5328497314e+02 6.5334002686e+02 6.5337200928e+02 6.5337597656e+02 6.5339001465e+02 6.5343701172e+02 6.5344598389e+02 6.5345599365e+02
6.5196002197e+02 6.5200201416e+02 6.5204302979e+02 6.5211901855e+02 6.5218701172e+02 6.5220800781e+02 6.5226501465e+02 6.5232897949e+02 6.5237701416e+02 6.5235998535e+02 6.5238000488e+02 6.5241302490e+02 6.5246398926e+02 6.5250500488e+02 6.5250402832e+02 6.5255297852e+02 6.5267199707e+02 6.5272802734e+02 6.5271697998e+02 6.5269299316e+02 6.5264398193e+02 6.5268798828e+02 6.5269799805e+02 6.5270300293e+02 6.5271002197e+02 6.5275799561e+02 6.5278497314e+02 6.5284002686e+02 6.5286798096e+02 6.5287902832e+02 6.5290502930e+02 6.5294201660e+02 6.5296801758e+02 6.5299902344e+02 6.5303497314e+02 6.5304498291e+02 6.5307000732e+02 6.5312402344e+02 6.5317297363e+02 6.5323602295e+02 6.5327301025e+02 6.5328997803e+02 6.5330401611e+02 6.5334899902e+02 6.5336602783e+02 6.5339300537e+02
6.5191101074e+02 6.5196301270e+02 6.5200299072e+02 6.5207397461e+02 6.5213702393e+02 6.5217401123e+02 6.5222302246e+02 6.5227197266e+02 6.5231799316e+02 6.5229797363e+02 6.5232800293e+02 6.5235998535e+02 6.5239099121e+02 6.5243701172e+02 6.5246398926e+02 6.5251000977e+02 6.5260198975e+02 6.5265502930e+02 6.5265197754e+02 6.5263098145e+02 6.5260699463e+02 6.5263702393e+02 6.5269097900e+02 6.5271997070e+02 6.5271002197e+02 6.5271002197e+02 6.5273901367e+02 6.5280102539e+02 6.5279699707e+02 6.5281701660e+02 6.5284997559e+02 6.5287597656e+02 6.5288500977e+02 6.5292102051e+02 6.5295501709e+02 6.5295898438e+02 6.5298602295e+02 6.5302697754e+02 6.5304901123e+02 6.5308398438e+02 6.5313201904e+02 6.5317700195e+02 6.5320300293e+02 6.5324597168e+02 6.5327301025e+02 6.5332397461e+02
6.5186602783e+02 6.5192297363e+02 6.5197100830e+02 6.5202899170e+02 6.5208001709e+02 6.5212402344e+02 6.5217797852e+02 6.5222497559e+02 6.5225799561e+02 6.5224700928e+02 6.5227398682e+02 6.5230297852e+02 6.5233197021e+02 6.5238598633e+02 6.5242401123e+02 6.5246002197e+02 6.5251300049e+02 6.5256298828e+02 6.5257598877e+02 6.5258300781e+02 6.5258502197e+02 6.5261297607e+02 6.5267401123e+02 6.5271301270e+02 6.5269201660e+02 6.5265399170e+02 6.5267401123e+02 6.5272698975e+02 6.5272497559e+02 6.5276000977e+02 6.5278497314e+02 6.5280499268e+02 6.5282299805e+02 6.5284600830e+02 6.5286999512e+02 6.5287298584e+02 6.5290600586e+02 6.5294299316e+02 6.5295300293e+02 6.5298498535e+02 6.5302801514e+02 6.5306402588e+02 6.5309997559e+02 6.5314697266e+02 6.5316101074e+02 6.5320300293e+02
6.5181298828e+02 6.5185302734e+02 6.5190002441e+02 6.5196697998e+02 6.5201898193e+02 6.5205200195e+02 6.5211199951e+02 6.5218798828e+02 6.5221697998e+02 6.5220001221e+02 6.5222998047e+02 6.5225701904e+02 6.5228497314e+02 6.5232897949e+02 6.5236798096e+02 6.5240301514e+02 6.5243701172e+02 6.5247601318e+02 6.5250598145e+02 6.5254302979e+02 6.5257598877e+02 6.5259197998e+02 6.5263500977e+02 6.5266699219e+02 6.5265600586e+02 6.5262097168e+02 6.5262902832e+02 6.5266198730e+02 6.5266802979e+02 6.5270800781e+02 6.5273199463e+02 6.5273797607e+02 6.5277001953e+02 6.5278802490e+02 6.5281097412e+02 6.5280499268e+02 6.5282800293e+02 6.5286297607e+02 6.5285900879e+02 6.5289202881e+02 6.5294299316e+02 6.5296997070e+02 6.5299597168e+02 6.5304602051e+02 6.5306201172e+02 6.5309002686e+02
6.5177197266e+02 6.5179797363e+02 6.5182897949e+02 6.5190197754e+02 6.5196197510e+02 6.5201202393e+02 6.5205603027e+02 6.5213299561e+02 6.5217797852e+02 6.5216101074e+02 6.5218402100e+02 6.5220202637e+02 6.5224200439e+02 6.5226702881e+02 6.5229498291e+02 6.5234002686e+02 6.5238598633e+02 6.5241198730e+02 6.5244702148e+02 6.5250598145e+02 6.5260198975e+02 6.5258197021e+02 6.5257897949e+02 6.5258599854e+02 6.5260198975e+02 6.5261798096e+02 6.5262097168e+02 6.5263598633e+02 6.5264801025e+02 6.5267102051e+02 6.5269702148e+02 6.5269598389e+02 6.5273101807e+02 6.5274798584e+02 6.5276202393e+02 6.5274401855e+02 6.5275299072e+02 6.5278002930e+02 6.5277600098e+02 6.5280798340e+02 6.5286102295e+02 6.5288098145e+02 6.5291302490e+02 6.5296197510e+02 6.5295800781e+02 6.5301098633e+02
6.5171997070e+02 6.5175299072e+02 6.5178302002e+02 6.5184802246e+02 6.5190802002e+02 6.5194598389e+02 6.5200500488e+02 6.5205798340e+02 6.5211999512e+02 6.5213897705e+02 6.5216302490e+02 6.5217797852e+02 6.5220202637e+02 6.5222302246e+02 6.5223699951e+02 6.5227301025e+02 6.5232000732e+02 6.5235998535e+02 6.5239501953e+02 6.5243701172e+02 6.5248199463e+02 6.5249902344e+02 6.5251000977e+02 6.5251800537e+02 6.5255297852e+02 6.5258099365e+02 6.5258502197e+02 6.5260699463e+02 6.5261297607e+02 6.5260797119e+02 6.5262902832e+02 6.5263500977e+02 6.5265399170e+02 6.5269097900e+02 6.5271002197e+02 6.5269396973e+02 6.5272802734e+02 6.5273901367e+02 6.5272802734e+02 6.5275402832e+02 6.5278002930e+02 6.5278802490e+02 6.5281701660e+02 6.5286602783e+02 6.5287402344e+02 6.5288500977e+02
6.5164898682e+02 6.5168499756e+02 6.5172497559e+02 6.5178802490e+02 6.5186602783e+02 6.5189697266e+02 6.5196002197e+02 6.5200897217e+02 6.5205102539e+02 6.5208197021e+02 6.5211401367e+02 6.5215002441e+02 6.5216497803e+02 6.5218798828e+02 6.5219702148e+02 6.5222198486e+02 6.5225402832e+02 6.5229199219e+02 6.5232000732e+02 6.5234997559e+02 6.5237597656e+02 6.5240698242e+02 6.5243902588e+02 6.5246099854e+02 6.5249902344e+02 6.5252099609e+02 6.5253198242e+02 6.5256701660e+02 6.5257702637e+02 6.5256896973e+02 6.5258801270e+02 6.5260101318e+02 6.5262402344e+02 6.5265301514e+02 6.5267199707e+02 6.5265899658e+02 6.5267102051e+02 6.5268200684e+02 6.5267700195e+02 6.5268701172e+02 6.5270898438e+02 6.5271301270e+02 6.5274597168e+02 6.5278997803e+02 6.5279699707e+02 6.5279302979e+02
6.5157598877e+02 6.5160699463e+02 6.5165399170e+02 6.5172198486e+02 6.5179498291e+02 6.5182397461e+02 6.5188598633e+02 6.5194000244e+02 6.5199499512e+02 6.5202001953e+02 6.5205297852e+02 6.5209698486e+02 6.5211901855e+02 6.5216101074e+02 6.5217199707e+02 6.5218103027e+02 6.5219598389e+02 6.5223199463e+02 6.5226000977e+02 6.5229199219e+02 6.5232202148e+02 6.5234002686e+02 6.5237200928e+02 6.5239599609e+02 6.5243402100e+02 6.5246002197e+02 6.5247802734e+02 6.5251800537e+02 6.5252600098e+02 6.5252197266e+02 6.5255102539e+02 6.5257800293e+02 6.5260101318e+02 6.5260998535e+02 6.5262799072e+02 6.5262200928e+02 6.5262701416e+02 6.5265698242e+02 6.5262701416e+02 6.5263702393e+02 6.5267102051e+02 6.5267602539e+02 6.5269299316e+02 6.5271899414e+02 6.5272497559e+02 6.5272900391e+02
6.5152600098e+02 6.5153997803e+02 6.5159002686e+02 6.5165301514e+02 6.5169598389e+02 6.5174597168e+02 6.5181896973e+02 6.5187200928e+02 6.5194299316e+02 6.5195397949e+02 6.5197998047e+02 6.5201397705e+02 6.5204602051e+02 6.5210797119e+02 6.5212200928e+02 6.5212597656e+02 6.5215301514e+02 6.5217999268e+02 6.5221099854e+02 6.5224798584e+02 6.5227697754e+02 6.5228100586e+02 6.5230401611e+02 6.5232800293e+02 6.5236199951e+02 6.5239501953e+02 6.5241998291e+02 6.5247998047e+02 6.5249700928e+02 6.5247497559e+02 6.5250299072e+02 6.5253497314e+02 6.5254498291e+02 6.5257598877e+02 6.5259497070e+02 6.5258300781e+02 6.5258599854e+02 6.5259399414e+02 6.5258197021e+02 6.5259600830e+02 6.5261901855e+02 6.5262902832e+02 6.5264001465e+02 6.5264398193e+02 6.5264202881e+02 6.5266198730e+02
6.5146099854e+02 6.5147198486e+02 6.5151397705e+02 6.5159002686e+02 6.5163000488e+02 6.5167102051e+02 6.5176202393e+02 6.5180902100e+02 6.5184997559e+02 6.5187298584e+02 6.5189099121e+02 6.5192700195e+02 6.5197399902e+02 6.5203802490e+02 6.5205798340e+02 6.5207098389e+02 6.5210302734e+02 6.5214099121e+02 6.5217700195e+02 6.5219799805e+02 6.5222497559e+02 6.5224401855e+02 6.5225701904e+02 6.5227398682e+02 6.5230499268e+02 6.5234197998e+02 6.5234899902e+02 6.5241302490e+02 6.5246002197e+02 6.5245098877e+02 6.5247998047e+02 6.5250598145e+02 6.5252600098e+02 6.5254901123e+02 6.5255603027e+02 6.5253601074e+02 6.5253302002e+02 6.5254101563e+02 6.5255798340e+02 6.5256701660e+02 6.5258300781e+02 6.5258001709e+02 6.5259002686e+02 6.5260498047e+02 6.5260498047e+02 6.5260601807e+02
6.5139202881e+02 6.5140997314e+02 6.5144799805e+02 6.5152197266e+02 6.5157501221e+02 6.5160998535e+02 6.5167901611e+02 6.5172802734e+02 6.5178802490e+02 6.5182598877e+02 6.5184197998e+02 6.5187701416e+02 6.5190100098e+02 6.5195397949e+02 6.5198797607e+02 6.5202197266e+02 6.5205700684e+02 6.5210198975e+02 6.5213702393e+02 6.5215600586e+02 6.5218103027e+02 6.5220599365e+02 6.5222900391e+02 6.5223699951e+02 6.5226800537e+02 6.5230499268e+02 6.5229901123e+02 6.5234600830e+02 6.5238299561e+02 6.5237298584e+02 6.5241198730e+02 6.5245800781e+02 6.5248199463e+02 6.5248400879e+02 6.5249401855e+02 6.5248699951e+02 6.5248498535e+02 6.5249298096e+02 6.5250701904e+02 6.5251898193e+02 6.5252801514e+02 6.5252600098e+02 6.5254400635e+02 6.5256500244e+02 6.5255798340e+02 6.5255798340e+02
6.5132098389e+02 6.5135498047e+02 6.5139898682e+02 6.5146502686e+02 6.5151599121e+02 6.5155999756e+02 6.5162097168e+02 6.5166101074e+02 6.5170397949e+02 6.5173999023e+02 6.5176599121e+02 6.5182299805e+02 6.5184301758e+02 6.5189001465e+02 6.5192297363e+02 6.5195697021e+02 6.5199700928e+02 6.5204498291e+02 6.5207897949e+02 6.5209997559e+02 6.5213000488e+02 6.5216699219e+02 6.5220800781e+02 6.5220697021e+02 6.5222198486e+02 6.5224298096e+02 6.5224200439e+02 6.5228399658e+02 6.5228900146e+02 6.5228601074e+02 6.5232299805e+02 6.5236401367e+02 6.5239501953e+02 6.5239599609e+02 6.5241802979e+02 6.5242498779e+02 6.5243200684e+02 6.5243597412e+02 6.5244201660e+02 6.5245898438e+02 6.5247399902e+02 6.5248999023e+02 6.5249700928e+02 6.5250598145e+02 6.5250799561e+02 6.5251300049e+02
