TESTSERVER/5/2.asc
NCOLS 100
NROWS 100
XLLCORNER 7.7497500000e+03
YLLCORNER 2.8985025000e+05
CELLSIZE 5.0000000000e-01
NODATA_VALUE -9.9990000000e+03
[rows 60 to 79 of 100, columns 0 to 45 of 100]
6.4904602051e+02 6.4905102539e+02 6.4903601074e+02 6.4902001953e+02 6.4901599121e+02 6.4902600098e+02 6.4904199219e+02 6.4901898193e+02 6.4903198242e+02 6.4903900146e+02 6.4903601074e+02 6.4905700684e+02 6.4906298828e+02 6.4905200195e+02 6.4905700684e+02 6.4907897949e+02 6.4909002686e+02 6.4910699463e+02 6.4909899902e+02 6.4912097168e+02 6.4913897705e+02 6.4914099121e+02 6.4914801025e+02 6.4916900635e+02 6.4918701172e+02 6.4917297363e+02 6.4916101074e+02 6.4919598389e+02 6.4920697021e+02 6.4920599365e+02 6.4920001221e+02 6.4922497559e+02 6.4923297119e+02 6.4924798584e+02 6.4928900146e+02 6.4932397461e+02 6.4930603027e+02 6.4928198242e+02 6.4925402832e+02 6.4929302979e+02 6.4928198242e+02 6.4928601074e+02 6.4928399658e+02 6.4930401611e+02 6.4932897949e+02 6.4935797119e+02
6.4904998779e+02 6.4904498291e+02 6.4903100586e+02 6.4901702881e+02 6.4901098633e+02 6.4902697754e+02 6.4903302002e+02 6.4903802490e+02 6.4905401611e+02 6.4905700684e+02 6.4904602051e+02 6.4906799316e+02 6.4907299805e+02 6.4907098389e+02 6.4909399414e+02 6.4910998535e+02 6.4910699463e+02 6.4911901855e+02 6.4910302734e+02 6.4911199951e+02 6.4913800049e+02 6.4914099121e+02 6.4915197754e+02 6.4916101074e+02 6.4916302490e+02 6.4916699219e+02 6.4918103027e+02 6.4919897461e+02 6.4920001221e+02 6.4921997070e+02 6.4923602295e+02 6.4924499512e+02 6.4925500488e+02 6.4924798584e+02 6.4927899170e+02 6.4930297852e+02 6.4929199219e+02 6.4928997803e+02 6.4927099609e+02 6.4927801514e+02 6.4928198242e+02 6.4929797363e+02 6.4929302979e+02 6.4930200195e+02 6.4931201172e+02 6.4934600830e+02
6.4904602051e+02 6.4904400635e+02 6.4904302979e+02 6.4904901123e+02 6.4903802490e+02 6.4904498291e+02 6.4904797363e+02 6.4904901123e+02 6.4906799316e+02 6.4907098389e+02 6.4904498291e+02 6.4907202148e+02 6.4909497070e+02 6.4910400391e+02 6.4911798096e+02 6.4912500000e+02 6.4913299561e+02 6.4914898682e+02 6.4913000488e+02 6.4912902832e+02 6.4915502930e+02 6.4915802002e+02 6.4915301514e+02 6.4916497803e+02 6.4917102051e+02 6.4917199707e+02 6.4917602539e+02 6.4921002197e+02 6.4920599365e+02 6.4922100830e+02 6.4924902344e+02 6.4924298096e+02 6.4926397705e+02 6.4924298096e+02 6.4925000000e+02 6.4927697754e+02 6.4927197266e+02 6.4927398682e+02 6.4927899170e+02 6.4928302002e+02 6.4929602051e+02 6.4929498291e+02 6.4928198242e+02 6.4929901123e+02 6.4930297852e+02 6.4932202148e+02
6.4904602051e+02 6.4905401611e+02 6.4905902100e+02 6.4907702637e+02 6.4906201172e+02 6.4906097412e+02 6.4906597900e+02 6.4905798340e+02 6.4907397461e+02 6.4907397461e+02 6.4904797363e+02 6.4907501221e+02 6.4910498047e+02 6.4911901855e+02 6.4912597656e+02 6.4912597656e+02 6.4913800049e+02 6.4916998291e+02 6.4914501953e+02 6.4914202881e+02 6.4916699219e+02 6.4917401123e+02 6.4916699219e+02 6.4919097900e+02 6.4919598389e+02 6.4919097900e+02 6.4918200684e+02 6.4923797607e+02 6.4922100830e+02 6.4920599365e+02 6.4922802734e+02 6.4922198486e+02 6.4925500488e+02 6.4924499512e+02 6.4925201416e+02 6.4927398682e+02 6.4927197266e+02 6.4927502441e+02 6.4928900146e+02 6.4929498291e+02 6.4929498291e+02 6.4928601074e+02 6.4927398682e+02 6.4930200195e+02 6.4930603027e+02 6.4932397461e+02
6.4905700684e+02 6.4906201172e+02 6.4907702637e+02 6.4908001709e+02 6.4906701660e+02 6.4906896973e+02 6.4908502197e+02 6.4909002686e+02 6.4910699463e+02 6.4911199951e+02 6.4909698486e+02 6.4910797119e+02 6.4912097168e+02 6.4913000488e+02 6.4913098145e+02 6.4914398193e+02 6.4914001465e+02 6.4916802979e+02 6.4915698242e+02 6.4915899658e+02 6.4917602539e+02 6.4917901611e+02 6.4917999268e+02 6.4919897461e+02 6.4921502686e+02 6.4922100830e+02 6.4921398926e+02 6.4923999023e+02 6.4922900391e+02 6.4922198486e+02 6.4924597168e+02 6.4924798584e+02 6.4926501465e+02 6.4925402832e+02 6.4927398682e+02 6.4928601074e+02 6.4927001953e+02 6.4926501465e+02 6.4925201416e+02 6.4928100586e+02 6.4927600098e+02 6.4929101563e+02 6.4931896973e+02 6.4929998779e+02 6.4929498291e+02 6.4934002686e+02
6.4908898926e+02 6.4908398438e+02 6.4909698486e+02 6.4907800293e+02 6.4905902100e+02 6.4906597900e+02 6.4909600830e+02 6.4910198975e+02 6.4912298584e+02 6.4912701416e+02 6.4911901855e+02 6.4913000488e+02 6.4914599609e+02 6.4915002441e+02 6.4914202881e+02 6.4915899658e+02 6.4915698242e+02 6.4919201660e+02 6.4919598389e+02 6.4917797852e+02 6.4919097900e+02 6.4919000244e+02 6.4918298340e+02 6.4920599365e+02 6.4922399902e+02 6.4922399902e+02 6.4920800781e+02 6.4923999023e+02 6.4923797607e+02 6.4923901367e+02 6.4926898193e+02 6.4926397705e+02 6.4927801514e+02 6.4926000977e+02 6.4927001953e+02 6.4930499268e+02 6.4928997803e+02 6.4927801514e+02 6.4928601074e+02 6.4929901123e+02 6.4929498291e+02 6.4930297852e+02 6.4931701660e+02 6.4930102539e+02 6.4929400635e+02 6.4932897949e+02
6.4911401367e+02 6.4908801270e+02 6.4909698486e+02 6.4908099365e+02 6.4906500244e+02 6.4908001709e+02 6.4910302734e+02 6.4909600830e+02 6.4912097168e+02 6.4913299561e+02 6.4913397217e+02 6.4913800049e+02 6.4915502930e+02 6.4915899658e+02 6.4915197754e+02 6.4916900635e+02 6.4917700195e+02 6.4921197510e+02 6.4920697021e+02 6.4919598389e+02 6.4920599365e+02 6.4920300293e+02 6.4921197510e+02 6.4923699951e+02 6.4924102783e+02 6.4923999023e+02 6.4921697998e+02 6.4924499512e+02 6.4924298096e+02 6.4925402832e+02 6.4928399658e+02 6.4928698730e+02 6.4929400635e+02 6.4929400635e+02 6.4929998779e+02 6.4931201172e+02 6.4929699707e+02 6.4928601074e+02 6.4929797363e+02 6.4930200195e+02 6.4930798340e+02 6.4930603027e+02 6.4929302979e+02 6.4930999756e+02 6.4930603027e+02 6.4931500244e+02
6.4912200928e+02 6.4910498047e+02 6.4911297607e+02 6.4910101318e+02 6.4908599854e+02 6.4910498047e+02 6.4910998535e+02 6.4909899902e+02 6.4912402344e+02 6.4913000488e+02 6.4913299561e+02 6.4913598633e+02 6.4915301514e+02 6.4915899658e+02 6.4915997314e+02 6.4918499756e+02 6.4918402100e+02 6.4920202637e+02 6.4919598389e+02 6.4920501709e+02 6.4922198486e+02 6.4921899414e+02 6.4923602295e+02 6.4925299072e+02 6.4924798584e+02 6.4925500488e+02 6.4923999023e+02 6.4925097656e+02 6.4925799561e+02 6.4927301025e+02 6.4928302002e+02 6.4928601074e+02 6.4927099609e+02 6.4927899170e+02 6.4930902100e+02 6.4931500244e+02 6.4931799316e+02 6.4930603027e+02 6.4930499268e+02 6.4931402588e+02 6.4932702637e+02 6.4931597900e+02 6.4928601074e+02 6.4930902100e+02 6.4930999756e+02 6.4931402588e+02
6.4912701416e+02 6.4911999512e+02 6.4911700439e+02 6.4912097168e+02 6.4911102295e+02 6.4911297607e+02 6.4911798096e+02 6.4913201904e+02 6.4915002441e+02 6.4914599609e+02 6.4914001465e+02 6.4914898682e+02 6.4916400146e+02 6.4916400146e+02 6.4916302490e+02 6.4919000244e+02 6.4918499756e+02 6.4919799805e+02 6.4919598389e+02 6.4922302246e+02 6.4922698975e+02 6.4922802734e+02 6.4925000000e+02 6.4926202393e+02 6.4928497314e+02 6.4930499268e+02 6.4928698730e+02 6.4927197266e+02 6.4928698730e+02 6.4931298828e+02 6.4930297852e+02 6.4930102539e+02 6.4930297852e+02 6.4930102539e+02 6.4931201172e+02 6.4932202148e+02 6.4933697510e+02 6.4932501221e+02 6.4929699707e+02 6.4932702637e+02 6.4934301758e+02 6.4933599854e+02 6.4930999756e+02 6.4932299805e+02 6.4932299805e+02 6.4933099365e+02
6.4913897705e+02 6.4913800049e+02 6.4913397217e+02 6.4912200928e+02 6.4912200928e+02 6.4912799072e+02 6.4913000488e+02 6.4914697266e+02 6.4917199707e+02 6.4916302490e+02 6.4914599609e+02 6.4916601563e+02 6.4918798828e+02 6.4917700195e+02 6.4917102051e+02 6.4920397949e+02 6.4919799805e+02 6.4920898438e+02 6.4920397949e+02 6.4923498535e+02 6.4924700928e+02 6.4924499512e+02 6.4926397705e+02 6.4925500488e+02 6.4927502441e+02 6.4929101563e+02 6.4927398682e+02 6.4928399658e+02 6.4929101563e+02 6.4932000732e+02 6.4931097412e+02 6.4932397461e+02 6.4933099365e+02 6.4932598877e+02 6.4934100342e+02 6.4934002686e+02 6.4934997559e+02 6.4933697510e+02 6.4932202148e+02 6.4933898926e+02 6.4934301758e+02 6.4934002686e+02 6.4932897949e+02 6.4934399414e+02 6.4934497070e+02 6.4934698486e+02
6.4915698242e+02 6.4915100098e+02 6.4914898682e+02 6.4913598633e+02 6.4913500977e+02 6.4913800049e+02 6.4914801025e+02 6.4916998291e+02 6.4918701172e+02 6.4917102051e+02 6.4916699219e+02 6.4918200684e+02 6.4920098877e+02 6.4918298340e+02 6.4918798828e+02 6.4924200439e+02 6.4922900391e+02 6.4922998047e+02 6.4922698975e+02 6.4924902344e+02 6.4926397705e+02 6.4925897217e+02 6.4928002930e+02 6.4927600098e+02 6.4929400635e+02 6.4931701660e+02 6.4930102539e+02 6.4931799316e+02 6.4931298828e+02 6.4933697510e+02 6.4931896973e+02 6.4934002686e+02 6.4935400391e+02 6.4934698486e+02 6.4936297607e+02 6.4936401367e+02 6.4935998535e+02 6.4933599854e+02 6.4933801270e+02 6.4935101318e+02 6.4934698486e+02 6.4935498047e+02 6.4935498047e+02 6.4936297607e+02 6.4935699463e+02 6.4935998535e+02
6.4917199707e+02 6.4916198730e+02 6.4916802979e+02 6.4915698242e+02 6.4915399170e+02 6.4916101074e+02 6.4917498779e+02 6.4919097900e+02 6.4921301270e+02 6.4920098877e+02 6.4919000244e+02 6.4920001221e+02 6.4921099854e+02 6.4920098877e+02 6.4920697021e+02 6.4924700928e+02 6.4923602295e+02 6.4924200439e+02 6.4924499512e+02 6.4925897217e+02 6.4927801514e+02 6.4927001953e+02 6.4928497314e+02 6.4929498291e+02 6.4930999756e+02 6.4933099365e+02 6.4931298828e+02 6.4934899902e+02 6.4935900879e+02 6.4939898682e+02 6.4935998535e+02 6.4934698486e+02 6.4936297607e+02 6.4935998535e+02 6.4937902832e+02 6.4939300537e+02 6.4939398193e+02 6.4937298584e+02 6.4935998535e+02 6.4936798096e+02 6.4935998535e+02 6.4937097168e+02 6.4937799072e+02 6.4937298584e+02 6.4936602783e+02 6.4937097168e+02
6.4918597412e+02 6.4917797852e+02 6.4915698242e+02 6.4918298340e+02 6.4917102051e+02 6.4917102051e+02 6.4919598389e+02 6.4919897461e+02 6.4921801758e+02 6.4921697998e+02 6.4918597412e+02 6.4921197510e+02 6.4922100830e+02 6.4921899414e+02 6.4922998047e+02 6.4924200439e+02 6.4924700928e+02 6.4927001953e+02 6.4926098633e+02 6.4926800537e+02 6.4928302002e+02 6.4928399658e+02 6.4930700684e+02 6.4931896973e+02 6.4932202148e+02 6.4933099365e+02 6.4932702637e+02 6.4934197998e+02 6.4936199951e+02 6.4939300537e+02 6.4936700439e+02 6.4936297607e+02 6.4936499023e+02 6.4936199951e+02 6.4938897705e+02 6.4940399170e+02 6.4941400146e+02 6.4940301514e+02 6.4938397217e+02 6.4939898682e+02 6.4938598633e+02 6.4938397217e+02 6.4938098145e+02 6.4938598633e+02 6.4939801025e+02 6.4941198730e+02
6.4921002197e+02 6.4920898438e+02 6.4920501709e+02 6.4921002197e+02 6.4919000244e+02 6.4918597412e+02 6.4920098877e+02 6.4920697021e+02 6.4922900391e+02 6.4923199463e+02 6.4920098877e+02 6.4922198486e+02 6.4922900391e+02 6.4922998047e+02 6.4924700928e+02 6.4927398682e+02 6.4927697754e+02 6.4929101563e+02 6.4927801514e+02 6.4928302002e+02 6.4930297852e+02 6.4930499268e+02 6.4931799316e+02 6.4934899902e+02 6.4935101318e+02 6.4934698486e+02 6.4933300781e+02 6.4934002686e+02 6.4935101318e+02 6.4935900879e+02 6.4936199951e+02 6.4939300537e+02 6.4939501953e+02 6.4938500977e+02 6.4938897705e+02 6.4939202881e+02 6.4940600586e+02 6.4938598633e+02 6.4939202881e+02 6.4940600586e+02 6.4939697266e+02 6.4940502930e+02 6.4939501953e+02 6.4939898682e+02 6.4940802002e+02 6.4942401123e+02
6.4922399902e+02 6.4923101807e+02 6.4923297119e+02 6.4922497559e+02 6.4920599365e+02 6.4920098877e+02 6.4920898438e+02 6.4921099854e+02 6.4923999023e+02 6.4924102783e+02 6.4921398926e+02 6.4923297119e+02 6.4924102783e+02 6.4923999023e+02 6.4926397705e+02 6.4928698730e+02 6.4928198242e+02 6.4929199219e+02 6.4928198242e+02 6.4929101563e+02 6.4931298828e+02 6.4931402588e+02 6.4932098389e+02 6.4934399414e+02 6.4935601807e+02 6.4936102295e+02 6.4935302734e+02 6.4936102295e+02 6.4937597656e+02 6.4936700439e+02 6.4936499023e+02 6.4939398193e+02 6.4939801025e+02 6.4939501953e+02 6.4941198730e+02 6.4941900635e+02 6.4944097900e+02 6.4940997314e+02 6.4939599609e+02 6.4941400146e+02 6.4941699219e+02 6.4943298340e+02 6.4941497803e+02 6.4943499756e+02 6.4944897461e+02 6.4945001221e+02
6.4925701904e+02 6.4925799561e+02 6.4924597168e+02 6.4924102783e+02 6.4922998047e+02 6.4922497559e+02 6.4923999023e+02 6.4922198486e+02 6.4923999023e+02 6.4923901367e+02 6.4922198486e+02 6.4924499512e+02 6.4925500488e+02 6.4925598145e+02 6.4927099609e+02 6.4928601074e+02 6.4929400635e+02 6.4930999756e+02 6.4929498291e+02 6.4931201172e+02 6.4933197021e+02 6.4933099365e+02 6.4933502197e+02 6.4934301758e+02 6.4935101318e+02 6.4936297607e+02 6.4938702393e+02 6.4938897705e+02 6.4940002441e+02 6.4939599609e+02 6.4938299561e+02 6.4938201904e+02 6.4939599609e+02 6.4939801025e+02 6.4941198730e+02 6.4942999268e+02 6.4944702148e+02 6.4942401123e+02 6.4939898682e+02 6.4942401123e+02 6.4943798828e+02 6.4944702148e+02 6.4943298340e+02 6.4945800781e+02 6.4946899414e+02 6.4946301270e+02
6.4929797363e+02 6.4929101563e+02 6.4927502441e+02 6.4926098633e+02 6.4924102783e+02 6.4922100830e+02 6.4923400879e+02 6.4923901367e+02 6.4925598145e+02 6.4925701904e+02 6.4923199463e+02 6.4925299072e+02 6.4926202393e+02 6.4926098633e+02 6.4926202393e+02 6.4928497314e+02 6.4929901123e+02 6.4931701660e+02 6.4930297852e+02 6.4931799316e+02 6.4934600830e+02 6.4934399414e+02 6.4933398438e+02 6.4935198975e+02 6.4935900879e+02 6.4936798096e+02 6.4940100098e+02 6.4938702393e+02 6.4939202881e+02 6.4940399170e+02 6.4939001465e+02 6.4938299561e+02 6.4938702393e+02 6.4940100098e+02 6.4941900635e+02 6.4944000244e+02 6.4945202637e+02 6.4942999268e+02 6.4942602539e+02 6.4945098877e+02 6.4946197510e+02 6.4946997070e+02 6.4945800781e+02 6.4946099854e+02 6.4945898438e+02 6.4946899414e+02
6.4931097412e+02 6.4929901123e+02 6.4927801514e+02 6.4929101563e+02 6.4927899170e+02 6.4926800537e+02 6.4928601074e+02 6.4928302002e+02 6.4928100586e+02 6.4927502441e+02 6.4926098633e+02 6.4926702881e+02 6.4927001953e+02 6.4927001953e+02 6.4928698730e+02 6.4930200195e+02 6.4929101563e+02 6.4932000732e+02 6.4933197021e+02 6.4932702637e+02 6.4934497070e+02 6.4935998535e+02 6.4935797119e+02 6.4935400391e+02 6.4937597656e+02 6.4937200928e+02 6.4938000488e+02 6.4937799072e+02 6.4941198730e+02 6.4943298340e+02 6.4940997314e+02 6.4938897705e+02 6.4937701416e+02 6.4940002441e+02 6.4943200684e+02 6.4945098877e+02 6.4946600342e+02 6.4945898438e+02 6.4946600342e+02 6.4947302246e+02 6.4946600342e+02 6.4948199463e+02 6.4947900391e+02 6.4948498535e+02 6.4949200439e+02 6.4948602295e+02
6.4933197021e+02 6.4932501221e+02 6.4929901123e+02 6.4929699707e+02 6.4928302002e+02 6.4929498291e+02 6.4931097412e+02 6.4930102539e+02 6.4929797363e+02 6.4929602051e+02 6.4928497314e+02 6.4928302002e+02 6.4929498291e+02 6.4929699707e+02 6.4930999756e+02 6.4932098389e+02 6.4930499268e+02 6.4933001709e+02 6.4934497070e+02 6.4934301758e+02 6.4935198975e+02 6.4935198975e+02 6.4936499023e+02 6.4936401367e+02 6.4939001465e+02 6.4938000488e+02 6.4938397217e+02 6.4939202881e+02 6.4941699219e+02 6.4944000244e+02 6.4942199707e+02 6.4941400146e+02 6.4940698242e+02 6.4941998291e+02 6.4946099854e+02 6.4946301270e+02 6.4947100830e+02 6.4948101807e+02 6.4948400879e+02 6.4948498535e+02 6.4948199463e+02 6.4950097656e+02 6.4949798584e+02 6.4949798584e+02 6.4950402832e+02 6.4950500488e+02
6.4932897949e+02 6.4932897949e+02 6.4932397461e+02 6.4931597900e+02 6.4930297852e+02 6.4931201172e+02 6.4930999756e+02 6.4930603027e+02 6.4931597900e+02 6.4931701660e+02 6.4930102539e+02 6.4930200195e+02 6.4932501221e+02 6.4932098389e+02 6.4931402588e+02 6.4932299805e+02 6.4931799316e+02 6.4935101318e+02 6.4935198975e+02 6.4935198975e+02 6.4936199951e+02 6.4934802246e+02 6.4936401367e+02 6.4936401367e+02 6.4938800049e+02 6.4938500977e+02 6.4939398193e+02 6.4939697266e+02 6.4941802979e+02 6.4944799805e+02 6.4942102051e+02 6.4942901611e+02 6.4944299316e+02 6.4944000244e+02 6.4947601318e+02 6.4946197510e+02 6.4947399902e+02 6.4948797607e+02 6.4948602295e+02 6.4950201416e+02 6.4950897217e+02 6.4951898193e+02 6.4950799561e+02 6.4950799561e+02 6.4951098633e+02 6.4952001953e+02
