TESTSERVER/5/3.asc
NCOLS 100
NROWS 100
XLLCORNER 7.7497500000e+03
YLLCORNER 2.8980025000e+05
CELLSIZE 5.0000000000e-01
NODATA_VALUE -9.9990000000e+03
[rows 0 to 19 of 100, columns 46 to 91 of 100]
6.4963299561e+02 6.4964398193e+02 6.4965399170e+02 6.4964599609e+02 6.4966802979e+02 6.4967901611e+02 6.4968701172e+02 6.4969299316e+02 6.4969500732e+02 6.4969897461e+02 6.4969299316e+02 6.4971099854e+02 6.4972900391e+02 6.4974700928e+02 6.4974798584e+02 6.4972399902e+02 6.4972802734e+02 6.4970300293e+02 6.4971502686e+02 6.4974401855e+02 6.4971801758e+02 6.4971099854e+02 6.4970397949e+02 6.4969702148e+02 6.4969097900e+02 6.4967297363e+02 6.4965698242e+02 6.4965600586e+02 6.4964501953e+02 6.4959698486e+02 6.4960198975e+02 6.4957098389e+02 6.4953802490e+02 6.4951702881e+02 6.4948699951e+02 6.4944897461e+02 6.4941900635e+02 6.4938897705e+02 6.4936999512e+02 6.4934600830e+02 6.4928302002e+02 6.4923297119e+02 6.4920898438e+02 6.4918200684e+02 6.4914898682e+02 6.4910198975e+02
6.4965399170e+02 6.4964801025e+02 6.4966497803e+02 6.4966198730e+02 6.4967199707e+02 6.4967797852e+02 6.4968499756e+02 6.4968701172e+02 6.4968499756e+02 6.4969201660e+02 6.4969897461e+02 6.4972399902e+02 6.4973400879e+02 6.4973498535e+02 6.4972998047e+02 6.4971997070e+02 6.4973699951e+02 6.4971697998e+02 6.4973101807e+02 6.4974798584e+02 6.4972900391e+02 6.4971600342e+02 6.4971301270e+02 6.4971099854e+02 6.4969097900e+02 6.4967297363e+02 6.4966497803e+02 6.4966101074e+02 6.4964202881e+02 6.4959802246e+02 6.4959301758e+02 6.4956298828e+02 6.4955401611e+02 6.4954101563e+02 6.4949298096e+02 6.4945001221e+02 6.4941601563e+02 6.4938897705e+02 6.4936499023e+02 6.4933502197e+02 6.4929498291e+02 6.4925000000e+02 6.4922399902e+02 6.4920202637e+02 6.4916900635e+02 6.4913397217e+02
6.4964300537e+02 6.4964697266e+02 6.4966497803e+02 6.4966601563e+02 6.4966900635e+02 6.4968103027e+02 6.4969201660e+02 6.4969097900e+02 6.4968798828e+02 6.4970202637e+02 6.4969897461e+02 6.4970697021e+02 6.4972198486e+02 6.4973498535e+02 6.4974499512e+02 6.4975402832e+02 6.4975701904e+02 6.4972698975e+02 6.4973101807e+02 6.4973797607e+02 6.4974298096e+02 6.4973797607e+02 6.4972698975e+02 6.4971899414e+02 6.4969897461e+02 6.4967999268e+02 6.4967199707e+02 6.4966802979e+02 6.4965698242e+02 6.4962298584e+02 6.4960498047e+02 6.4957098389e+02 6.4955700684e+02 6.4953399658e+02 6.4948999023e+02 6.4946697998e+02 6.4943499756e+02 6.4940502930e+02 6.4938000488e+02 6.4935198975e+02 6.4930700684e+02 6.4925799561e+02 6.4923498535e+02 6.4921697998e+02 6.4918902588e+02 6.4915197754e+02
6.4964599609e+02 6.4964599609e+02 6.4966101074e+02 6.4966998291e+02 6.4967199707e+02 6.4968103027e+02 6.4969702148e+02 6.4969897461e+02 6.4968597412e+02 6.4970300293e+02 6.4970001221e+02 6.4971002197e+02 6.4972302246e+02 6.4974200439e+02 6.4975402832e+02 6.4975701904e+02 6.4976202393e+02 6.4972399902e+02 6.4973101807e+02 6.4973400879e+02 6.4973699951e+02 6.4974102783e+02 6.4972399902e+02 6.4971002197e+02 6.4971099854e+02 6.4969201660e+02 6.4967297363e+02 6.4967700195e+02 6.4967999268e+02 6.4963500977e+02 6.4961499023e+02 6.4958599854e+02 6.4956500244e+02 6.4953198242e+02 6.4948297119e+02 6.4947399902e+02 6.4945098877e+02 6.4940899658e+02 6.4939501953e+02 6.4937597656e+02 6.4932202148e+02 6.4928100586e+02 6.4925402832e+02 6.4923602295e+02 6.4921099854e+02 6.4915502930e+02
6.4966497803e+02 6.4963897705e+02 6.4964398193e+02 6.4966302490e+02 6.4966497803e+02 6.4968200684e+02 6.4969598389e+02 6.4969598389e+02 6.4969201660e+02 6.4969598389e+02 6.4969500732e+02 6.4971997070e+02 6.4973101807e+02 6.4973602295e+02 6.4973999023e+02 6.4974200439e+02 6.4976898193e+02 6.4974902344e+02 6.4974597168e+02 6.4973602295e+02 6.4972802734e+02 6.4975897217e+02 6.4974200439e+02 6.4971398926e+02 6.4971801758e+02 6.4970300293e+02 6.4967797852e+02 6.4968103027e+02 6.4968902588e+02 6.4964697266e+02 6.4962701416e+02 6.4959600830e+02 6.4956500244e+02 6.4953997803e+02 6.4950402832e+02 6.4949298096e+02 6.4946600342e+02 6.4942401123e+02 6.4940997314e+02 6.4938201904e+02 6.4932897949e+02 6.4929302979e+02 6.4925701904e+02 6.4923901367e+02 6.4921502686e+02 6.4917199707e+02
6.4965197754e+02 6.4964398193e+02 6.4965197754e+02 6.4965698242e+02 6.4966601563e+02 6.4968798828e+02 6.4969396973e+02 6.4968701172e+02 6.4968402100e+02 6.4969097900e+02 6.4969201660e+02 6.4971600342e+02 6.4972198486e+02 6.4972998047e+02 6.4973999023e+02 6.4974499512e+02 6.4975299072e+02 6.4972900391e+02 6.4973297119e+02 6.4974499512e+02 6.4974200439e+02 6.4975000000e+02 6.4973297119e+02 6.4971398926e+02 6.4972198486e+02 6.4971002197e+02 6.4969097900e+02 6.4969097900e+02 6.4968499756e+02 6.4965600586e+02 6.4963098145e+02 6.4960699463e+02 6.4957501221e+02 6.4953802490e+02 6.4950897217e+02 6.4949401855e+02 6.4945697021e+02 6.4944000244e+02 6.4941699219e+02 6.4937402344e+02 6.4932800293e+02 6.4929998779e+02 6.4926000977e+02 6.4924401855e+02 6.4920898438e+02 6.4917602539e+02
6.4965399170e+02 6.4965502930e+02 6.4965600586e+02 6.4965301514e+02 6.4966802979e+02 6.4967700195e+02 6.4968200684e+02 6.4967602539e+02 6.4967999268e+02 6.4968597412e+02 6.4968902588e+02 6.4970800781e+02 6.4971301270e+02 6.4971997070e+02 6.4972802734e+02 6.4973400879e+02 6.4974102783e+02 6.4971301270e+02 6.4972198486e+02 6.4973797607e+02 6.4973901367e+02 6.4973602295e+02 6.4971899414e+02 6.4971600342e+02 6.4972900391e+02 6.4971398926e+02 6.4969702148e+02 6.4970501709e+02 6.4970501709e+02 6.4967498779e+02 6.4964599609e+02 6.4962902832e+02 6.4959197998e+02 6.4955499268e+02 6.4952301025e+02 6.4948797607e+02 6.4945001221e+02 6.4945202637e+02 6.4943200684e+02 6.4938800049e+02 6.4934100342e+02 6.4930401611e+02 6.4926000977e+02 6.4923901367e+02 6.4920898438e+02 6.4916900635e+02
6.4964202881e+02 6.4964300537e+02 6.4964202881e+02 6.4964697266e+02 6.4966601563e+02 6.4966198730e+02 6.4967498779e+02 6.4967401123e+02 6.4967199707e+02 6.4967700195e+02 6.4968402100e+02 6.4970098877e+02 6.4971301270e+02 6.4971002197e+02 6.4971899414e+02 6.4972698975e+02 6.4973498535e+02 6.4971997070e+02 6.4971899414e+02 6.4971997070e+02 6.4972198486e+02 6.4972100830e+02 6.4971398926e+02 6.4971997070e+02 6.4972698975e+02 6.4971398926e+02 6.4968701172e+02 6.4969299316e+02 6.4969799805e+02 6.4968499756e+02 6.4966101074e+02 6.4963201904e+02 6.4959698486e+02 6.4956597900e+02 6.4953399658e+02 6.4949401855e+02 6.4946398926e+02 6.4945397949e+02 6.4943402100e+02 6.4940002441e+02 6.4935101318e+02 6.4929797363e+02 6.4926501465e+02 6.4924499512e+02 6.4921899414e+02 6.4916900635e+02
6.4965997314e+02 6.4965301514e+02 6.4964001465e+02 6.4964099121e+02 6.4965698242e+02 6.4965301514e+02 6.4967297363e+02 6.4967797852e+02 6.4965600586e+02 6.4965899658e+02 6.4968103027e+02 6.4969897461e+02 6.4971301270e+02 6.4970202637e+02 6.4971899414e+02 6.4972100830e+02 6.4972900391e+02 6.4974798584e+02 6.4973199463e+02 6.4972100830e+02 6.4971697998e+02 6.4971502686e+02 6.4971600342e+02 6.4971697998e+02 6.4970898438e+02 6.4970001221e+02 6.4968200684e+02 6.4969000244e+02 6.4968798828e+02 6.4967199707e+02 6.4965502930e+02 6.4963000488e+02 6.4960400391e+02 6.4957397461e+02 6.4954302979e+02 6.4950299072e+02 6.4947601318e+02 6.4946502686e+02 6.4945300293e+02 6.4940899658e+02 6.4936102295e+02 6.4929998779e+02 6.4927001953e+02 6.4924401855e+02 6.4920898438e+02 6.4917700195e+02
6.4965600586e+02 6.4965802002e+02 6.4964001465e+02 6.4964202881e+02 6.4965502930e+02 6.4966101074e+02 6.4967700195e+02 6.4967602539e+02 6.4965502930e+02 6.4967401123e+02 6.4968798828e+02 6.4967999268e+02 6.4968701172e+02 6.4968597412e+02 6.4971301270e+02 6.4970501709e+02 6.4971099854e+02 6.4972302246e+02 6.4971398926e+02 6.4971899414e+02 6.4971301270e+02 6.4971099854e+02 6.4970001221e+02 6.4969396973e+02 6.4970397949e+02 6.4969799805e+02 6.4969097900e+02 6.4969201660e+02 6.4969598389e+02 6.4967102051e+02 6.4965002441e+02 6.4963098145e+02 6.4959301758e+02 6.4957598877e+02 6.4955297852e+02 6.4951300049e+02 6.4946600342e+02 6.4946697998e+02 6.4945300293e+02 6.4939801025e+02 6.4935198975e+02 6.4929498291e+02 6.4925897217e+02 6.4923297119e+02 6.4921197510e+02 6.4916699219e+02
6.4965197754e+02 6.4963000488e+02 6.4962799072e+02 6.4964898682e+02 6.4965100098e+02 6.4965899658e+02 6.4966900635e+02 6.4965802002e+02 6.4965100098e+02 6.4966101074e+02 6.4966900635e+02 6.4966900635e+02 6.4968402100e+02 6.4967297363e+02 6.4969702148e+02 6.4969799805e+02 6.4971398926e+02 6.4970697021e+02 6.4970300293e+02 6.4971301270e+02 6.4970300293e+02 6.4970098877e+02 6.4969897461e+02 6.4969598389e+02 6.4971301270e+02 6.4970001221e+02 6.4968902588e+02 6.4968701172e+02 6.4968200684e+02 6.4965698242e+02 6.4963897705e+02 6.4961401367e+02 6.4958898926e+02 6.4957299805e+02 6.4954602051e+02 6.4951300049e+02 6.4946600342e+02 6.4946600342e+02 6.4944500732e+02 6.4938800049e+02 6.4933898926e+02 6.4929400635e+02 6.4927001953e+02 6.4923602295e+02 6.4920800781e+02 6.4916900635e+02
6.4964599609e+02 6.4961999512e+02 6.4961199951e+02 6.4963000488e+02 6.4963201904e+02 6.4965002441e+02 6.4965301514e+02 6.4964202881e+02 6.4964099121e+02 6.4963800049e+02 6.4963702393e+02 6.4965802002e+02 6.4969201660e+02 6.4967199707e+02 6.4968200684e+02 6.4967999268e+02 6.4970001221e+02 6.4967297363e+02 6.4967199707e+02 6.4969396973e+02 6.4969598389e+02 6.4970098877e+02 6.4971197510e+02 6.4970397949e+02 6.4970202637e+02 6.4969000244e+02 6.4968798828e+02 6.4967797852e+02 6.4965600586e+02 6.4963500977e+02 6.4962701416e+02 6.4959802246e+02 6.4957702637e+02 6.4955700684e+02 6.4952600098e+02 6.4950500488e+02 6.4946600342e+02 6.4945697021e+02 6.4943798828e+02 6.4939300537e+02 6.4934301758e+02 6.4929101563e+02 6.4927301025e+02 6.4923199463e+02 6.4919097900e+02 6.4915301514e+02
6.4961602783e+02 6.4961602783e+02 6.4961499023e+02 6.4962298584e+02 6.4961199951e+02 6.4963598633e+02 6.4963598633e+02 6.4963098145e+02 6.4962402344e+02 6.4963000488e+02 6.4963000488e+02 6.4964398193e+02 6.4965002441e+02 6.4965997314e+02 6.4966101074e+02 6.4965997314e+02 6.4967700195e+02 6.4966101074e+02 6.4966198730e+02 6.4967700195e+02 6.4966601563e+02 6.4968499756e+02 6.4969396973e+02 6.4968499756e+02 6.4968298340e+02 6.4969500732e+02 6.4968902588e+02 6.4966302490e+02 6.4964801025e+02 6.4961999512e+02 6.4961401367e+02 6.4960198975e+02 6.4957598877e+02 6.4954602051e+02 6.4952697754e+02 6.4949902344e+02 6.4944897461e+02 6.4945800781e+02 6.4943103027e+02 6.4940100098e+02 6.4936499023e+02 6.4929797363e+02 6.4926202393e+02 6.4923602295e+02 6.4920098877e+02 6.4916400146e+02
6.4960699463e+02 6.4961602783e+02 6.4961297607e+02 6.4961102295e+02 6.4961401367e+02 6.4962799072e+02 6.4963000488e+02 6.4962298584e+02 6.4961798096e+02 6.4962799072e+02 6.4962701416e+02 6.4964202881e+02 6.4964898682e+02 6.4964398193e+02 6.4963702393e+02 6.4964501953e+02 6.4967498779e+02 6.4965899658e+02 6.4966302490e+02 6.4967999268e+02 6.4967602539e+02 6.4967999268e+02 6.4967199707e+02 6.4967797852e+02 6.4967999268e+02 6.4966900635e+02 6.4966699219e+02 6.4966400146e+02 6.4965502930e+02 6.4962500000e+02 6.4959002686e+02 6.4956701660e+02 6.4954602051e+02 6.4952697754e+02 6.4951501465e+02 6.4948797607e+02 6.4944201660e+02 6.4944000244e+02 6.4942700195e+02 6.4940197754e+02 6.4934197998e+02 6.4929199219e+02 6.4925402832e+02 6.4921997070e+02 6.4918902588e+02 6.4915197754e+02
6.4961297607e+02 6.4961901855e+02 6.4960302734e+02 6.4961199951e+02 6.4963500977e+02 6.4962799072e+02 6.4963098145e+02 6.4961901855e+02 6.4960498047e+02 6.4962298584e+02 6.4961199951e+02 6.4961297607e+02 6.4963098145e+02 6.4962597656e+02 6.4962402344e+02 6.4963397217e+02 6.4965100098e+02 6.4963500977e+02 6.4964202881e+02 6.4966198730e+02 6.4966802979e+02 6.4966101074e+02 6.4965600586e+02 6.4966900635e+02 6.4967901611e+02 6.4966198730e+02 6.4966302490e+02 6.4966497803e+02 6.4965100098e+02 6.4962402344e+02 6.4959100342e+02 6.4956500244e+02 6.4953900146e+02 6.4951000977e+02 6.4948101807e+02 6.4945898438e+02 6.4943701172e+02 6.4942602539e+02 6.4941900635e+02 6.4938800049e+02 6.4932202148e+02 6.4928002930e+02 6.4924798584e+02 6.4921002197e+02 6.4919299316e+02 6.4915399170e+02
6.4960198975e+02 6.4961499023e+02 6.4960498047e+02 6.4961499023e+02 6.4963500977e+02 6.4962402344e+02 6.4962701416e+02 6.4961102295e+02 6.4959698486e+02 6.4960699463e+02 6.4959600830e+02 6.4960101318e+02 6.4961901855e+02 6.4960699463e+02 6.4960797119e+02 6.4960998535e+02 6.4960998535e+02 6.4960498047e+02 6.4961798096e+02 6.4963598633e+02 6.4965301514e+02 6.4964202881e+02 6.4964099121e+02 6.4965399170e+02 6.4965502930e+02 6.4963702393e+02 6.4963800049e+02 6.4963500977e+02 6.4962200928e+02 6.4959997559e+02 6.4957598877e+02 6.4955200195e+02 6.4952197266e+02 6.4950299072e+02 6.4947198486e+02 6.4944897461e+02 6.4942199707e+02 6.4941497803e+02 6.4939801025e+02 6.4935198975e+02 6.4928601074e+02 6.4925097656e+02 6.4922998047e+02 6.4920098877e+02 6.4918298340e+02 6.4913897705e+02
6.4958599854e+02 6.4961499023e+02 6.4960797119e+02 6.4959399414e+02 6.4958001709e+02 6.4960900879e+02 6.4961901855e+02 6.4960101318e+02 6.4958001709e+02 6.4958697510e+02 6.4957897949e+02 6.4959100342e+02 6.4961602783e+02 6.4961102295e+02 6.4962200928e+02 6.4961602783e+02 6.4960101318e+02 6.4960699463e+02 6.4961602783e+02 6.4961999512e+02 6.4962799072e+02 6.4963201904e+02 6.4962200928e+02 6.4962200928e+02 6.4963201904e+02 6.4960699463e+02 6.4959997559e+02 6.4959600830e+02 6.4958001709e+02 6.4956799316e+02 6.4955102539e+02 6.4953198242e+02 6.4950000000e+02 6.4947601318e+02 6.4946099854e+02 6.4943402100e+02 6.4939202881e+02 6.4939697266e+02 6.4938000488e+02 6.4933502197e+02 6.4928198242e+02 6.4923797607e+02 6.4921398926e+02 6.4918902588e+02 6.4916900635e+02 6.4911700439e+02
6.4959002686e+02 6.4959301758e+02 6.4958697510e+02 6.4959197998e+02 6.4959399414e+02 6.4961499023e+02 6.4961102295e+02 6.4958502197e+02 6.4956597900e+02 6.4957000732e+02 6.4957702637e+02 6.4957000732e+02 6.4958099365e+02 6.4960198975e+02 6.4962097168e+02 6.4959997559e+02 6.4959197998e+02 6.4959698486e+02 6.4960498047e+02 6.4960101318e+02 6.4959002686e+02 6.4961102295e+02 6.4960498047e+02 6.4959997559e+02 6.4961999512e+02 6.4958898926e+02 6.4958001709e+02 6.4958001709e+02 6.4956201172e+02 6.4954302979e+02 6.4952697754e+02 6.4951098633e+02 6.4948498535e+02 6.4946398926e+02 6.4945001221e+02 6.4942797852e+02 6.4938397217e+02 6.4937200928e+02 6.4936499023e+02 6.4932800293e+02 6.4927197266e+02 6.4922198486e+02 6.4920501709e+02 6.4919500732e+02 6.4915997314e+02 6.4911798096e+02
6.4959301758e+02 6.4958898926e+02 6.4958197021e+02 6.4959100342e+02 6.4959997559e+02 6.4959497070e+02 6.4958801270e+02 6.4956500244e+02 6.4955603027e+02 6.4957702637e+02 6.4958599854e+02 6.4957000732e+02 6.4956402588e+02 6.4957598877e+02 6.4958801270e+02 6.4956799316e+02 6.4957501221e+02 6.4957897949e+02 6.4958898926e+02 6.4959301758e+02 6.4956896973e+02 6.4958599854e+02 6.4959002686e+02 6.4958398438e+02 6.4959197998e+02 6.4957202148e+02 6.4956896973e+02 6.4957000732e+02 6.4954498291e+02 6.4951202393e+02 6.4949200439e+02 6.4948699951e+02 6.4947198486e+02 6.4945098877e+02 6.4942700195e+02 6.4940002441e+02 6.4936102295e+02 6.4935101318e+02 6.4935101318e+02 6.4932299805e+02 6.4926300049e+02 6.4920501709e+02 6.4917901611e+02 6.4916601563e+02 6.4913500977e+02 6.4910400391e+02
6.4960198975e+02 6.4960900879e+02 6.4959899902e+02 6.4959497070e+02 6.4960101318e+02 6.4958697510e+02 6.4958001709e+02 6.4956402588e+02 6.4955102539e+02 6.4956896973e+02 6.4956500244e+02 6.4955401611e+02 6.4955700684e+02 6.4956298828e+02 6.4957299805e+02 6.4955401611e+02 6.4955102539e+02 6.4955297852e+02 6.4955297852e+02 6.4955798340e+02 6.4954901123e+02 6.4956298828e+02 6.4956298828e+02 6.4955603027e+02 6.4955999756e+02 6.4955902100e+02 6.4955401611e+02 6.4953601074e+02 6.4951000977e+02 6.4948999023e+02 6.4947802734e+02 6.4946801758e+02 6.4944201660e+02 6.4942297363e+02 6.4940100098e+02 6.4938201904e+02 6.4935498047e+02 6.4934002686e+02 6.4932702637e+02 6.4930102539e+02 6.4924200439e+02 6.4918200684e+02 6.4916101074e+02 6.4914001465e+02 6.4910900879e+02 6.4907098389e+02
