TESTSERVER/5/3.asc
NCOLS 100
NROWS 100
XLLCORNER 7.7497500000e+03
YLLCORNER 2.8980025000e+05
CELLSIZE 5.0000000000e-01
NODATA_VALUE -9.9990000000e+03
[rows 20 to 39 of 100, columns 0 to 45 of 100]
6.5070501709e+02 6.5068103027e+02 6.5066302490e+02 6.5065301514e+02 6.5059899902e+02 6.5057501221e+02 6.5058099365e+02 6.5057702637e+02 6.5055297852e+02 6.5054302979e+02 6.5053497314e+02 6.5053002930e+02 6.5050897217e+02 6.5045800781e+02 6.5043402100e+02 6.5040100098e+02 6.5038397217e+02 6.5036297607e+02 6.5034100342e+02 6.5029602051e+02 6.5025897217e+02 6.5022900391e+02 6.5023199463e+02 6.5016601563e+02 6.5012597656e+02 6.5009698486e+02 6.5006701660e+02 6.5003997803e+02 6.5000598145e+02 6.4996899414e+02 6.4995800781e+02 6.4993597412e+02 6.4990997314e+02 6.4987799072e+02 6.4986199951e+02 6.4983099365e+02 6.4978997803e+02 6.4976202393e+02 6.4975799561e+02 6.4972198486e+02 6.4973797607e+02 6.4971997070e+02 6.4968402100e+02 6.4966400146e+02 6.4964898682e+02 6.4963800049e+02
6.5071099854e+02 6.5069299316e+02 6.5067297363e+02 6.5066998291e+02 6.5062500000e+02 6.5059698486e+02 6.5060998535e+02 6.5060797119e+02 6.5060797119e+02 6.5059100342e+02 6.5054797363e+02 6.5053900146e+02 6.5052801514e+02 6.5049401855e+02 6.5047900391e+02 6.5044201660e+02 6.5042901611e+02 6.5041601563e+02 6.5038598633e+02 6.5035601807e+02 6.5030999756e+02 6.5025598145e+02 6.5022497559e+02 6.5020202637e+02 6.5018402100e+02 6.5014801025e+02 6.5010699463e+02 6.5008502197e+02 6.5005102539e+02 6.5001202393e+02 6.4996697998e+02 6.4993902588e+02 6.4992700195e+02 6.4988897705e+02 6.4988098145e+02 6.4984802246e+02 6.4981201172e+02 6.4979199219e+02 6.4979199219e+02 6.4974499512e+02 6.4973297119e+02 6.4971301270e+02 6.4968499756e+02 6.4966998291e+02 6.4967102051e+02 6.4965899658e+02
6.5072802734e+02 6.5072399902e+02 6.5071301270e+02 6.5069702148e+02 6.5066198730e+02 6.5065002441e+02 6.5065899658e+02 6.5065399170e+02 6.5064697266e+02 6.5061700439e+02 6.5056799316e+02 6.5056896973e+02 6.5055102539e+02 6.5053002930e+02 6.5053399658e+02 6.5048999023e+02 6.5046997070e+02 6.5045001221e+02 6.5041998291e+02 6.5040802002e+02 6.5035699463e+02 6.5028997803e+02 6.5024597168e+02 6.5024298096e+02 6.5021502686e+02 6.5017498779e+02 6.5013897705e+02 6.5011798096e+02 6.5008197021e+02 6.5004797363e+02 6.5001098633e+02 6.4997198486e+02 6.4995697021e+02 6.4992297363e+02 6.4991400146e+02 6.4987097168e+02 6.4984197998e+02 6.4981896973e+02 6.4980401611e+02 6.4976599121e+02 6.4974200439e+02 6.4972601318e+02 6.4970098877e+02 6.4968103027e+02 6.4968103027e+02 6.4966302490e+02
6.5075500488e+02 6.5075201416e+02 6.5074700928e+02 6.5072198486e+02 6.5068499756e+02 6.5068701172e+02 6.5069799805e+02 6.5068798828e+02 6.5067700195e+02 6.5066198730e+02 6.5061602783e+02 6.5060400391e+02 6.5058001709e+02 6.5055999756e+02 6.5055999756e+02 6.5053601074e+02 6.5051300049e+02 6.5048101807e+02 6.5044097900e+02 6.5042498779e+02 6.5039300537e+02 6.5034600830e+02 6.5029101563e+02 6.5027301025e+02 6.5023999023e+02 6.5020202637e+02 6.5017102051e+02 6.5014501953e+02 6.5010198975e+02 6.5006799316e+02 6.5005700684e+02 6.5000500488e+02 6.4999102783e+02 6.4995397949e+02 6.4993200684e+02 6.4988800049e+02 6.4985998535e+02 6.4983599854e+02 6.4980297852e+02 6.4977600098e+02 6.4975201416e+02 6.4973602295e+02 6.4971899414e+02 6.4969097900e+02 6.4968103027e+02 6.4966400146e+02
6.5078198242e+02 6.5076898193e+02 6.5075299072e+02 6.5074200439e+02 6.5071899414e+02 6.5071899414e+02 6.5071502686e+02 6.5070599365e+02 6.5070001221e+02 6.5070001221e+02 6.5064801025e+02 6.5063500977e+02 6.5063598633e+02 6.5060797119e+02 6.5055603027e+02 6.5056298828e+02 6.5054302979e+02 6.5052099609e+02 6.5048901367e+02 6.5044799805e+02 6.5042297363e+02 6.5039697266e+02 6.5035797119e+02 6.5030798340e+02 6.5028497314e+02 6.5025500488e+02 6.5022802734e+02 6.5017700195e+02 6.5012402344e+02 6.5009100342e+02 6.5009698486e+02 6.5003698730e+02 6.5000299072e+02 6.4996801758e+02 6.4995202637e+02 6.4991699219e+02 6.4988598633e+02 6.4986901855e+02 6.4983197021e+02 6.4978497314e+02 6.4976397705e+02 6.4973699951e+02 6.4969000244e+02 6.4968103027e+02 6.4966699219e+02 6.4966198730e+02
6.5079699707e+02 6.5079400635e+02 6.5077801514e+02 6.5077301025e+02 6.5075097656e+02 6.5075201416e+02 6.5074499512e+02 6.5073400879e+02 6.5071899414e+02 6.5070898438e+02 6.5067297363e+02 6.5066601563e+02 6.5065698242e+02 6.5062799072e+02 6.5059698486e+02 6.5059100342e+02 6.5056701660e+02 6.5055102539e+02 6.5053198242e+02 6.5049798584e+02 6.5046301270e+02 6.5042401123e+02 6.5039898682e+02 6.5035998535e+02 6.5032800293e+02 6.5029498291e+02 6.5025598145e+02 6.5020202637e+02 6.5017297363e+02 6.5014099121e+02 6.5010998535e+02 6.5006500244e+02 6.5002697754e+02 6.5000299072e+02 6.4998400879e+02 6.4993200684e+02 6.4989202881e+02 6.4986499023e+02 6.4983801270e+02 6.4979901123e+02 6.4978900146e+02 6.4975799561e+02 6.4971398926e+02 6.4969500732e+02 6.4966400146e+02 6.4964898682e+02
6.5079699707e+02 6.5080798340e+02 6.5080297852e+02 6.5080700684e+02 6.5077502441e+02 6.5077001953e+02 6.5076898193e+02 6.5076800537e+02 6.5075500488e+02 6.5074298096e+02 6.5070697021e+02 6.5070300293e+02 6.5068798828e+02 6.5066601563e+02 6.5065899658e+02 6.5062902832e+02 6.5059301758e+02 6.5057098389e+02 6.5054998779e+02 6.5052398682e+02 6.5048901367e+02 6.5045501709e+02 6.5044598389e+02 6.5040002441e+02 6.5035900879e+02 6.5032000732e+02 6.5027502441e+02 6.5023901367e+02 6.5021301270e+02 6.5017102051e+02 6.5011999512e+02 6.5009002686e+02 6.5005603027e+02 6.5003002930e+02 6.5000500488e+02 6.4995300293e+02 6.4991900635e+02 6.4988702393e+02 6.4985302734e+02 6.4981500244e+02 6.4979498291e+02 6.4976000977e+02 6.4972198486e+02 6.4971197510e+02 6.4968200684e+02 6.4966601563e+02
6.5080798340e+02 6.5082202148e+02 6.5081799316e+02 6.5082598877e+02 6.5079797363e+02 6.5079498291e+02 6.5079797363e+02 6.5079901123e+02 6.5078302002e+02 6.5076599121e+02 6.5074102783e+02 6.5072698975e+02 6.5070697021e+02 6.5068701172e+02 6.5068402100e+02 6.5065100098e+02 6.5061901855e+02 6.5059698486e+02 6.5057098389e+02 6.5055102539e+02 6.5051702881e+02 6.5047698975e+02 6.5046502686e+02 6.5041900635e+02 6.5037701416e+02 6.5034002686e+02 6.5029498291e+02 6.5027502441e+02 6.5024798584e+02 6.5019299316e+02 6.5014501953e+02 6.5011700439e+02 6.5008398438e+02 6.5005902100e+02 6.5003399658e+02 6.4998602295e+02 6.4995599365e+02 6.4991900635e+02 6.4986901855e+02 6.4982800293e+02 6.4980297852e+02 6.4977099609e+02 6.4973901367e+02 6.4971502686e+02 6.4968103027e+02 6.4966101074e+02
6.5083398438e+02 6.5083697510e+02 6.5081799316e+02 6.5081896973e+02 6.5080499268e+02 6.5081402588e+02 6.5082299805e+02 6.5084301758e+02 6.5082598877e+02 6.5079101563e+02 6.5076501465e+02 6.5073498535e+02 6.5072998047e+02 6.5071099854e+02 6.5067797852e+02 6.5068798828e+02 6.5069097900e+02 6.5065002441e+02 6.5060797119e+02 6.5059399414e+02 6.5055401611e+02 6.5050701904e+02 6.5049700928e+02 6.5045599365e+02 6.5042102051e+02 6.5039099121e+02 6.5033502197e+02 6.5029602051e+02 6.5026800537e+02 6.5022497559e+02 6.5020501709e+02 6.5015600586e+02 6.5010498047e+02 6.5006500244e+02 6.5005401611e+02 6.5003002930e+02 6.4999102783e+02 6.4992401123e+02 6.4986798096e+02 6.4985400391e+02 6.4983099365e+02 6.4979400635e+02 6.4974499512e+02 6.4972601318e+02 6.4968701172e+02 6.4965502930e+02
6.5083898926e+02 6.5085101318e+02 6.5083398438e+02 6.5083599854e+02 6.5082598877e+02 6.5082501221e+02 6.5082598877e+02 6.5083898926e+02 6.5084100342e+02 6.5082000732e+02 6.5079498291e+02 6.5076000977e+02 6.5074401855e+02 6.5072698975e+02 6.5070397949e+02 6.5070501709e+02 6.5069598389e+02 6.5066302490e+02 6.5063098145e+02 6.5061199951e+02 6.5057098389e+02 6.5053198242e+02 6.5051800537e+02 6.5048400879e+02 6.5044299316e+02 6.5040100098e+02 6.5034497070e+02 6.5030798340e+02 6.5027899170e+02 6.5024102783e+02 6.5021002197e+02 6.5016998291e+02 6.5014300537e+02 6.5010302734e+02 6.5007202148e+02 6.5003002930e+02 6.4999200439e+02 6.4994097900e+02 6.4990301514e+02 6.4987298584e+02 6.4983898926e+02 6.4980297852e+02 6.4975402832e+02 6.4973101807e+02 6.4970001221e+02 6.4967297363e+02
6.5084100342e+02 6.5084997559e+02 6.5085498047e+02 6.5084698486e+02 6.5083099365e+02 6.5082897949e+02 6.5084197998e+02 6.5084997559e+02 6.5085198975e+02 6.5084002686e+02 6.5081500244e+02 6.5079699707e+02 6.5077502441e+02 6.5074401855e+02 6.5072900391e+02 6.5072802734e+02 6.5071398926e+02 6.5069396973e+02 6.5065301514e+02 6.5063500977e+02 6.5059698486e+02 6.5056097412e+02 6.5052801514e+02 6.5050097656e+02 6.5046697998e+02 6.5041101074e+02 6.5036297607e+02 6.5033898926e+02 6.5030401611e+02 6.5026202393e+02 6.5022198486e+02 6.5018402100e+02 6.5015197754e+02 6.5011999512e+02 6.5010198975e+02 6.5003997803e+02 6.4998101807e+02 6.4993701172e+02 6.4991302490e+02 6.4987097168e+02 6.4983398438e+02 6.4980297852e+02 6.4975402832e+02 6.4972900391e+02 6.4969799805e+02 6.4966998291e+02
6.5085302734e+02 6.5085900879e+02 6.5086999512e+02 6.5085601807e+02 6.5083898926e+02 6.5083898926e+02 6.5085400391e+02 6.5086499023e+02 6.5086102295e+02 6.5084301758e+02 6.5081701660e+02 6.5081597900e+02 6.5079901123e+02 6.5077197266e+02 6.5075598145e+02 6.5074298096e+02 6.5073101807e+02 6.5072698975e+02 6.5067498779e+02 6.5065802002e+02 6.5063098145e+02 6.5059997559e+02 6.5055401611e+02 6.5052899170e+02 6.5050000000e+02 6.5044201660e+02 6.5039501953e+02 6.5037097168e+02 6.5033300781e+02 6.5028497314e+02 6.5024401855e+02 6.5021301270e+02 6.5016802979e+02 6.5012597656e+02 6.5010302734e+02 6.5005297852e+02 6.5001202393e+02 6.4996398926e+02 6.4992297363e+02 6.4988800049e+02 6.4984997559e+02 6.4980798340e+02 6.4975500488e+02 6.4973101807e+02 6.4970300293e+02 6.4966998291e+02
6.5086901855e+02 6.5087701416e+02 6.5087799072e+02 6.5086901855e+02 6.5085699463e+02 6.5085900879e+02 6.5086602783e+02 6.5087402344e+02 6.5086798096e+02 6.5084899902e+02 6.5082501221e+02 6.5082702637e+02 6.5080401611e+02 6.5078100586e+02 6.5076898193e+02 6.5075500488e+02 6.5074700928e+02 6.5075299072e+02 6.5070202637e+02 6.5067401123e+02 6.5064801025e+02 6.5061602783e+02 6.5060198975e+02 6.5054101563e+02 6.5049798584e+02 6.5046099854e+02 6.5042901611e+02 6.5038598633e+02 6.5034399414e+02 6.5029602051e+02 6.5024597168e+02 6.5021002197e+02 6.5018298340e+02 6.5014801025e+02 6.5011798096e+02 6.5005999756e+02 6.5001098633e+02 6.4996801758e+02 6.4994396973e+02 6.4991400146e+02 6.4988000488e+02 6.4982397461e+02 6.4975897217e+02 6.4975500488e+02 6.4972601318e+02 6.4967401123e+02
6.5086901855e+02 6.5088201904e+02 6.5088397217e+02 6.5088500977e+02 6.5086401367e+02 6.5086602783e+02 6.5086199951e+02 6.5087701416e+02 6.5088397217e+02 6.5085998535e+02 6.5083001709e+02 6.5081201172e+02 6.5079998779e+02 6.5079602051e+02 6.5078198242e+02 6.5077099609e+02 6.5075000000e+02 6.5073999023e+02 6.5070697021e+02 6.5067999268e+02 6.5065002441e+02 6.5061700439e+02 6.5059802246e+02 6.5055102539e+02 6.5051501465e+02 6.5048602295e+02 6.5044097900e+02 6.5039300537e+02 6.5034301758e+02 6.5030401611e+02 6.5026300049e+02 6.5023101807e+02 6.5020098877e+02 6.5014801025e+02 6.5011102295e+02 6.5006402588e+02 6.5001599121e+02 6.4997302246e+02 6.4994201660e+02 6.4988500977e+02 6.4984497070e+02 6.4980902100e+02 6.4977697754e+02 6.4973797607e+02 6.4970001221e+02 6.4965997314e+02
6.5087298584e+02 6.5088500977e+02 6.5087200928e+02 6.5087597656e+02 6.5086297607e+02 6.5087597656e+02 6.5087200928e+02 6.5088702393e+02 6.5089599609e+02 6.5087298584e+02 6.5085302734e+02 6.5083099365e+02 6.5081097412e+02 6.5080401611e+02 6.5078399658e+02 6.5077600098e+02 6.5075299072e+02 6.5073602295e+02 6.5071502686e+02 6.5069500732e+02 6.5065802002e+02 6.5062799072e+02 6.5061297607e+02 6.5056896973e+02 6.5052899170e+02 6.5049298096e+02 6.5045599365e+02 6.5042102051e+02 6.5036700439e+02 6.5031701660e+02 6.5026000977e+02 6.5023699951e+02 6.5021600342e+02 6.5015600586e+02 6.5011798096e+02 6.5007000732e+02 6.5002301025e+02 6.4997900391e+02 6.4993902588e+02 6.4988702393e+02 6.4985400391e+02 6.4982000732e+02 6.4977502441e+02 6.4972399902e+02 6.4969799805e+02 6.4966900635e+02
6.5086602783e+02 6.5088299561e+02 6.5087799072e+02 6.5087902832e+02 6.5086102295e+02 6.5088201904e+02 6.5087799072e+02 6.5088299561e+02 6.5089099121e+02 6.5088098145e+02 6.5086102295e+02 6.5084698486e+02 6.5082702637e+02 6.5081500244e+02 6.5079302979e+02 6.5078802490e+02 6.5075897217e+02 6.5073901367e+02 6.5071099854e+02 6.5069897461e+02 6.5066601563e+02 6.5064099121e+02 6.5060797119e+02 6.5057397461e+02 6.5053802490e+02 6.5048602295e+02 6.5046301270e+02 6.5043499756e+02 6.5037902832e+02 6.5032501221e+02 6.5027001953e+02 6.5023400879e+02 6.5020300293e+02 6.5014300537e+02 6.5011102295e+02 6.5007299805e+02 6.5003002930e+02 6.4999401855e+02 6.4995300293e+02 6.4989099121e+02 6.4984802246e+02 6.4980297852e+02 6.4976000977e+02 6.4970800781e+02 6.4969097900e+02 6.4966198730e+02
6.5087701416e+02 6.5087597656e+02 6.5084997559e+02 6.5085797119e+02 6.5084301758e+02 6.5086199951e+02 6.5087597656e+02 6.5088500977e+02 6.5087597656e+02 6.5086401367e+02 6.5084100342e+02 6.5085302734e+02 6.5083300781e+02 6.5081402588e+02 6.5080603027e+02 6.5079498291e+02 6.5077001953e+02 6.5075799561e+02 6.5070098877e+02 6.5068200684e+02 6.5065698242e+02 6.5064898682e+02 6.5059698486e+02 6.5056298828e+02 6.5053698730e+02 6.5047900391e+02 6.5046099854e+02 6.5042102051e+02 6.5035797119e+02 6.5030902100e+02 6.5028399658e+02 6.5024902344e+02 6.5021002197e+02 6.5014697266e+02 6.5011798096e+02 6.5006500244e+02 6.5002600098e+02 6.4998400879e+02 6.4993499756e+02 6.4989501953e+02 6.4984899902e+02 6.4980297852e+02 6.4978100586e+02 6.4971697998e+02 6.4968402100e+02 6.4964697266e+02
6.5085400391e+02 6.5086499023e+02 6.5085400391e+02 6.5086199951e+02 6.5084997559e+02 6.5087200928e+02 6.5088201904e+02 6.5089099121e+02 6.5088000488e+02 6.5086102295e+02 6.5083697510e+02 6.5085198975e+02 6.5083697510e+02 6.5082501221e+02 6.5080603027e+02 6.5080200195e+02 6.5077099609e+02 6.5075500488e+02 6.5070898438e+02 6.5069598389e+02 6.5066198730e+02 6.5062799072e+02 6.5057397461e+02 6.5054797363e+02 6.5053198242e+02 6.5048400879e+02 6.5045202637e+02 6.5041998291e+02 6.5037500000e+02 6.5032501221e+02 6.5028601074e+02 6.5024798584e+02 6.5021502686e+02 6.5017199707e+02 6.5012500000e+02 6.5004699707e+02 6.5002301025e+02 6.4999597168e+02 6.4996197510e+02 6.4991101074e+02 6.4984997559e+02 6.4979602051e+02 6.4976300049e+02 6.4969702148e+02 6.4966497803e+02 6.4964697266e+02
6.5083898926e+02 6.5084899902e+02 6.5084399414e+02 6.5084997559e+02 6.5083697510e+02 6.5086297607e+02 6.5086901855e+02 6.5087701416e+02 6.5087597656e+02 6.5085900879e+02 6.5083001709e+02 6.5083197021e+02 6.5081500244e+02 6.5080499268e+02 6.5079199219e+02 6.5077301025e+02 6.5074499512e+02 6.5073999023e+02 6.5071398926e+02 6.5070300293e+02 6.5066802979e+02 6.5062799072e+02 6.5058801270e+02 6.5057098389e+02 6.5055798340e+02 6.5050897217e+02 6.5045800781e+02 6.5041601563e+02 6.5037500000e+02 6.5033197021e+02 6.5028302002e+02 6.5025201416e+02 6.5021997070e+02 6.5018597412e+02 6.5013800049e+02 6.5006799316e+02 6.5003198242e+02 6.5000097656e+02 6.4996899414e+02 6.4991497803e+02 6.4985900879e+02 6.4980499268e+02 6.4975500488e+02 6.4971002197e+02 6.4966302490e+02 6.4962500000e+02
6.5082000732e+02 6.5082501221e+02 6.5081402588e+02 6.5081799316e+02 6.5081597900e+02 6.5083898926e+02 6.5084100342e+02 6.5084600830e+02 6.5084997559e+02 6.5084698486e+02 6.5082702637e+02 6.5081896973e+02 6.5079699707e+02 6.5078900146e+02 6.5078900146e+02 6.5076599121e+02 6.5073101807e+02 6.5071899414e+02 6.5069702148e+02 6.5068902588e+02 6.5065100098e+02 6.5061199951e+02 6.5059100342e+02 6.5056896973e+02 6.5054302979e+02 6.5050299072e+02 6.5045001221e+02 6.5040002441e+02 6.5035601807e+02 6.5032202148e+02 6.5027600098e+02 6.5023602295e+02 6.5020501709e+02 6.5018902588e+02 6.5013397217e+02 6.5007299805e+02 6.5002197266e+02 6.4998699951e+02 6.4994799805e+02 6.4989898682e+02 6.4985601807e+02 6.4980200195e+02 6.4976000977e+02 6.4972497559e+02 6.4967102051e+02 6.4962500000e+02
