TESTSERVER/5/3.asc
NCOLS 100
NROWS 100
XLLCORNER 7.7497500000e+03
YLLCORNER 2.8980025000e+05
CELLSIZE 5.0000000000e-01
NODATA_VALUE -9.9990000000e+03
[rows 60 to 79 of 100, columns 46 to 91 of 100]
6.4918597412e+02 6.4916497803e+02 6.4913397217e+02 6.4910900879e+02 6.4905603027e+02 6.4903100586e+02 6.4899798584e+02 6.4896600342e+02 6.4892999268e+02 6.4892797852e+02 6.4889398193e+02 6.4885797119e+02 6.4887597656e+02 6.4884497070e+02 6.4876702881e+02 6.4871600342e+02 6.4867401123e+02 6.4863299561e+02 6.4861499023e+02 6.4857702637e+02 6.4854101563e+02 6.4849200439e+02 6.4844598389e+02 6.4840997314e+02 6.4837701416e+02 6.4836798096e+02 6.4832299805e+02 6.4828002930e+02 6.4826501465e+02 6.4821600342e+02 6.4816497803e+02 6.4812902832e+02 6.4809301758e+02 6.4807000732e+02 6.4802502441e+02 6.4798797607e+02 6.4795001221e+02 6.4790100098e+02 6.4786199951e+02 6.4780401611e+02 6.4775402832e+02 6.4768701172e+02 6.4764501953e+02 6.4762200928e+02 6.4758398438e+02 6.4752301025e+02
6.4916900635e+02 6.4915100098e+02 6.4909600830e+02 6.4907098389e+02 6.4904498291e+02 6.4901098633e+02 6.4898797607e+02 6.4895800781e+02 6.4892297363e+02 6.4890002441e+02 6.4886798096e+02 6.4883398438e+02 6.4881597900e+02 6.4879699707e+02 6.4876000977e+02 6.4872601318e+02 6.4868701172e+02 6.4864398193e+02 6.4862799072e+02 6.4859301758e+02 6.4855999756e+02 6.4850799561e+02 6.4845800781e+02 6.4841998291e+02 6.4836401367e+02 6.4834100342e+02 6.4832598877e+02 6.4828497314e+02 6.4825402832e+02 6.4821398926e+02 6.4815802002e+02 6.4813397217e+02 6.4810699463e+02 6.4805401611e+02 6.4802398682e+02 6.4797302246e+02 6.4794799805e+02 6.4789398193e+02 6.4785302734e+02 6.4779901123e+02 6.4772698975e+02 6.4767999268e+02 6.4764801025e+02 6.4761700439e+02 6.4756597900e+02 6.4747601318e+02
6.4914202881e+02 6.4911602783e+02 6.4907299805e+02 6.4905401611e+02 6.4903802490e+02 6.4900500488e+02 6.4898101807e+02 6.4894799805e+02 6.4891998291e+02 6.4889300537e+02 6.4886401367e+02 6.4883300781e+02 6.4882202148e+02 6.4879699707e+02 6.4877801514e+02 6.4875500488e+02 6.4871697998e+02 6.4866998291e+02 6.4864501953e+02 6.4860400391e+02 6.4857000732e+02 6.4852899170e+02 6.4847900391e+02 6.4843798828e+02 6.4838897705e+02 6.4834997559e+02 6.4832098389e+02 6.4828399658e+02 6.4824700928e+02 6.4821801758e+02 6.4816900635e+02 6.4812402344e+02 6.4810198975e+02 6.4805401611e+02 6.4802697754e+02 6.4797302246e+02 6.4795501709e+02 6.4790997314e+02 6.4785400391e+02 6.4780297852e+02 6.4772900391e+02 6.4767498779e+02 6.4765100098e+02 6.4760601807e+02 6.4753802490e+02 6.4746002197e+02
6.4912097168e+02 6.4909301758e+02 6.4906402588e+02 6.4904302979e+02 6.4903100586e+02 6.4901501465e+02 6.4898400879e+02 6.4894097900e+02 6.4891601563e+02 6.4889501953e+02 6.4887200928e+02 6.4883898926e+02 6.4883599854e+02 6.4879498291e+02 6.4876702881e+02 6.4874902344e+02 6.4871801758e+02 6.4866400146e+02 6.4864099121e+02 6.4860400391e+02 6.4857397461e+02 6.4853601074e+02 6.4851000977e+02 6.4846398926e+02 6.4840301514e+02 6.4835400391e+02 6.4832000732e+02 6.4828601074e+02 6.4825201416e+02 6.4821899414e+02 6.4818597412e+02 6.4813201904e+02 6.4811102295e+02 6.4806896973e+02 6.4803399658e+02 6.4796997070e+02 6.4793200684e+02 6.4789300537e+02 6.4785400391e+02 6.4782397461e+02 6.4773498535e+02 6.4765997314e+02 6.4762597656e+02 6.4758898926e+02 6.4752801514e+02 6.4747302246e+02
6.4911297607e+02 6.4908898926e+02 6.4905603027e+02 6.4902801514e+02 6.4900201416e+02 6.4900097656e+02 6.4897802734e+02 6.4893798828e+02 6.4889599609e+02 6.4888201904e+02 6.4888299561e+02 6.4885900879e+02 6.4881402588e+02 6.4879101563e+02 6.4875799561e+02 6.4873400879e+02 6.4869097900e+02 6.4865100098e+02 6.4864300537e+02 6.4861401367e+02 6.4856799316e+02 6.4853100586e+02 6.4852001953e+02 6.4848797607e+02 6.4843402100e+02 6.4838598633e+02 6.4834997559e+02 6.4830401611e+02 6.4826202393e+02 6.4822998047e+02 6.4821002197e+02 6.4815899658e+02 6.4809899902e+02 6.4808300781e+02 6.4805700684e+02 6.4798297119e+02 6.4793499756e+02 6.4788000488e+02 6.4785601807e+02 6.4782098389e+02 6.4772302246e+02 6.4767199707e+02 6.4761102295e+02 6.4757501221e+02 6.4753302002e+02 6.4745800781e+02
6.4908599854e+02 6.4907598877e+02 6.4906097412e+02 6.4903900146e+02 6.4899902344e+02 6.4898699951e+02 6.4896697998e+02 6.4894097900e+02 6.4890802002e+02 6.4887200928e+02 6.4884698486e+02 6.4882800293e+02 6.4880603027e+02 6.4878100586e+02 6.4876202393e+02 6.4874700928e+02 6.4870397949e+02 6.4866900635e+02 6.4865301514e+02 6.4861401367e+02 6.4858697510e+02 6.4853997803e+02 6.4851702881e+02 6.4847900391e+02 6.4842901611e+02 6.4838500977e+02 6.4833801270e+02 6.4828601074e+02 6.4827099609e+02 6.4822802734e+02 6.4819000244e+02 6.4815002441e+02 6.4811901855e+02 6.4808197021e+02 6.4804901123e+02 6.4798999023e+02 6.4796502686e+02 6.4790600586e+02 6.4786199951e+02 6.4779699707e+02 6.4770300293e+02 6.4766497803e+02 6.4761102295e+02 6.4756896973e+02 6.4752099609e+02 6.4745001221e+02
6.4907299805e+02 6.4906201172e+02 6.4905102539e+02 6.4903497314e+02 6.4900598145e+02 6.4898999023e+02 6.4895898438e+02 6.4893902588e+02 6.4891400146e+02 6.4887902832e+02 6.4884802246e+02 6.4882897949e+02 6.4881597900e+02 6.4879797363e+02 6.4877502441e+02 6.4875598145e+02 6.4870898438e+02 6.4866400146e+02 6.4864898682e+02 6.4863000488e+02 6.4861199951e+02 6.4855297852e+02 6.4851800537e+02 6.4846899414e+02 6.4842498779e+02 6.4839300537e+02 6.4834301758e+02 6.4829998779e+02 6.4829400635e+02 6.4823699951e+02 6.4818798828e+02 6.4815002441e+02 6.4813299561e+02 6.4807800293e+02 6.4804901123e+02 6.4800500488e+02 6.4795001221e+02 6.4790899658e+02 6.4786798096e+02 6.4779901123e+02 6.4770001221e+02 6.4764300537e+02 6.4760400391e+02 6.4755499268e+02 6.4748699951e+02 6.4741400146e+02
6.4906597900e+02 6.4903802490e+02 6.4903198242e+02 6.4901898193e+02 6.4900299072e+02 6.4898602295e+02 6.4895898438e+02 6.4894500732e+02 6.4891699219e+02 6.4888098145e+02 6.4886700439e+02 6.4884802246e+02 6.4882098389e+02 6.4880297852e+02 6.4877301025e+02 6.4874597168e+02 6.4870800781e+02 6.4866497803e+02 6.4864202881e+02 6.4862097168e+02 6.4859997559e+02 6.4856701660e+02 6.4853601074e+02 6.4848797607e+02 6.4844396973e+02 6.4840698242e+02 6.4835699463e+02 6.4832598877e+02 6.4831201172e+02 6.4825402832e+02 6.4821099854e+02 6.4815997314e+02 6.4813201904e+02 6.4807800293e+02 6.4805700684e+02 6.4802099609e+02 6.4795599365e+02 6.4790698242e+02 6.4785601807e+02 6.4779400635e+02 6.4770898438e+02 6.4765502930e+02 6.4761999512e+02 6.4755902100e+02 6.4746600342e+02 6.4737402344e+02
6.4907098389e+02 6.4903497314e+02 6.4904400635e+02 6.4903002930e+02 6.4899798584e+02 6.4897900391e+02 6.4896398926e+02 6.4895202637e+02 6.4891900635e+02 6.4890002441e+02 6.4889202881e+02 6.4886401367e+02 6.4882800293e+02 6.4880798340e+02 6.4878997803e+02 6.4876000977e+02 6.4873297119e+02 6.4869299316e+02 6.4865301514e+02 6.4861199951e+02 6.4859997559e+02 6.4856201172e+02 6.4853302002e+02 6.4850598145e+02 6.4846398926e+02 6.4841900635e+02 6.4837298584e+02 6.4834698486e+02 6.4832000732e+02 6.4827697754e+02 6.4823498535e+02 6.4817498779e+02 6.4814398193e+02 6.4809197998e+02 6.4805603027e+02 6.4803399658e+02 6.4799700928e+02 6.4791497803e+02 6.4784002686e+02 6.4778997803e+02 6.4772302246e+02 6.4767602539e+02 6.4763397217e+02 6.4756799316e+02 6.4750299072e+02 6.4739398193e+02
6.4906201172e+02 6.4904199219e+02 6.4903601074e+02 6.4902502441e+02 6.4900201416e+02 6.4898797607e+02 6.4896502686e+02 6.4894500732e+02 6.4892102051e+02 6.4890899658e+02 6.4889099121e+02 6.4887200928e+02 6.4884899902e+02 6.4883898926e+02 6.4881201172e+02 6.4877801514e+02 6.4874499512e+02 6.4870501709e+02 6.4867999268e+02 6.4864001465e+02 6.4862298584e+02 6.4857501221e+02 6.4854302979e+02 6.4852600098e+02 6.4847698975e+02 6.4842901611e+02 6.4839099121e+02 6.4835498047e+02 6.4831402588e+02 6.4828100586e+02 6.4824902344e+02 6.4820300293e+02 6.4816198730e+02 6.4812200928e+02 6.4807598877e+02 6.4803802490e+02 6.4795202637e+02 6.4790698242e+02 6.4786602783e+02 6.4780603027e+02 6.4773602295e+02 6.4767999268e+02 6.4762097168e+02 6.4755603027e+02 6.4749798584e+02 6.4743103027e+02
6.4905297852e+02 6.4904101563e+02 6.4901300049e+02 6.4899700928e+02 6.4899902344e+02 6.4898297119e+02 6.4895800781e+02 6.4895001221e+02 6.4892297363e+02 6.4890899658e+02 6.4889697266e+02 6.4888397217e+02 6.4886102295e+02 6.4885101318e+02 6.4882098389e+02 6.4879901123e+02 6.4875097656e+02 6.4870300293e+02 6.4870001221e+02 6.4866302490e+02 6.4863299561e+02 6.4858801270e+02 6.4855700684e+02 6.4854101563e+02 6.4849700928e+02 6.4845599365e+02 6.4841497803e+02 6.4836602783e+02 6.4832397461e+02 6.4829797363e+02 6.4826000977e+02 6.4821997070e+02 6.4817498779e+02 6.4814001465e+02 6.4809197998e+02 6.4804199219e+02 6.4797399902e+02 6.4792199707e+02 6.4789099121e+02 6.4782702637e+02 6.4773999023e+02 6.4766699219e+02 6.4760400391e+02 6.4756701660e+02 6.4749499512e+02 6.4742999268e+02
6.4904998779e+02 6.4904302979e+02 6.4900097656e+02 6.4897601318e+02 6.4898602295e+02 6.4897100830e+02 6.4894702148e+02 6.4894702148e+02 6.4891699219e+02 6.4889801025e+02 6.4889202881e+02 6.4889001465e+02 6.4886901855e+02 6.4884600830e+02 6.4882501221e+02 6.4882098389e+02 6.4878698730e+02 6.4872998047e+02 6.4872698975e+02 6.4869299316e+02 6.4865899658e+02 6.4861999512e+02 6.4857897949e+02 6.4854998779e+02 6.4851202393e+02 6.4847998047e+02 6.4844396973e+02 6.4839501953e+02 6.4835601807e+02 6.4832098389e+02 6.4826501465e+02 6.4823498535e+02 6.4820300293e+02 6.4815802002e+02 6.4811199951e+02 6.4806298828e+02 6.4802801514e+02 6.4795397949e+02 6.4789697266e+02 6.4783801270e+02 6.4775000000e+02 6.4768298340e+02 6.4761798096e+02 6.4757598877e+02 6.4749200439e+02 6.4740899658e+02
6.4905700684e+02 6.4903900146e+02 6.4900000000e+02 6.4898101807e+02 6.4898797607e+02 6.4898400879e+02 6.4894396973e+02 6.4892797852e+02 6.4892498779e+02 6.4890899658e+02 6.4891101074e+02 6.4890600586e+02 6.4887097168e+02 6.4885198975e+02 6.4883001709e+02 6.4882000732e+02 6.4879998779e+02 6.4875299072e+02 6.4875598145e+02 6.4873999023e+02 6.4870202637e+02 6.4865997314e+02 6.4860498047e+02 6.4855902100e+02 6.4852801514e+02 6.4850201416e+02 6.4847198486e+02 6.4843103027e+02 6.4839001465e+02 6.4835400391e+02 6.4828900146e+02 6.4824902344e+02 6.4823602295e+02 6.4817401123e+02 6.4811700439e+02 6.4806799316e+02 6.4802801514e+02 6.4795800781e+02 6.4790997314e+02 6.4786102295e+02 6.4775897217e+02 6.4770001221e+02 6.4764300537e+02 6.4758398438e+02 6.4750201416e+02 6.4741400146e+02
6.4901898193e+02 6.4899902344e+02 6.4898901367e+02 6.4898999023e+02 6.4898602295e+02 6.4897198486e+02 6.4894097900e+02 6.4893103027e+02 6.4892102051e+02 6.4891802979e+02 6.4891400146e+02 6.4891302490e+02 6.4888000488e+02 6.4887097168e+02 6.4883697510e+02 6.4882299805e+02 6.4880999756e+02 6.4875897217e+02 6.4876397705e+02 6.4873999023e+02 6.4869299316e+02 6.4865899658e+02 6.4862597656e+02 6.4859399414e+02 6.4854199219e+02 6.4851397705e+02 6.4847698975e+02 6.4844299316e+02 6.4840899658e+02 6.4838098145e+02 6.4832397461e+02 6.4826000977e+02 6.4820397949e+02 6.4817401123e+02 6.4814398193e+02 6.4808197021e+02 6.4801898193e+02 6.4797399902e+02 6.4792102051e+02 6.4785797119e+02 6.4776501465e+02 6.4771099854e+02 6.4765002441e+02 6.4759002686e+02 6.4751501465e+02 6.4742999268e+02
6.4901702881e+02 6.4901300049e+02 6.4900701904e+02 6.4899401855e+02 6.4898498535e+02 6.4897698975e+02 6.4896197510e+02 6.4895001221e+02 6.4891900635e+02 6.4891400146e+02 6.4890100098e+02 6.4890197754e+02 6.4889398193e+02 6.4887902832e+02 6.4884698486e+02 6.4883300781e+02 6.4881201172e+02 6.4877398682e+02 6.4878399658e+02 6.4875201416e+02 6.4870300293e+02 6.4866601563e+02 6.4863897705e+02 6.4861798096e+02 6.4856402588e+02 6.4853100586e+02 6.4848999023e+02 6.4845898438e+02 6.4843103027e+02 6.4839099121e+02 6.4833502197e+02 6.4827001953e+02 6.4821502686e+02 6.4819897461e+02 6.4816198730e+02 6.4810302734e+02 6.4804302979e+02 6.4798901367e+02 6.4792102051e+02 6.4786297607e+02 6.4778399658e+02 6.4772802734e+02 6.4767602539e+02 6.4761999512e+02 6.4752197266e+02 6.4743298340e+02
6.4901898193e+02 6.4901898193e+02 6.4901702881e+02 6.4900097656e+02 6.4898999023e+02 6.4898498535e+02 6.4897302246e+02 6.4895898438e+02 6.4893597412e+02 6.4891699219e+02 6.4889501953e+02 6.4889398193e+02 6.4889001465e+02 6.4887500000e+02 6.4885498047e+02 6.4884399414e+02 6.4881500244e+02 6.4878601074e+02 6.4879400635e+02 6.4875799561e+02 6.4872399902e+02 6.4869598389e+02 6.4864398193e+02 6.4860601807e+02 6.4857098389e+02 6.4853399658e+02 6.4849102783e+02 6.4845697021e+02 6.4843798828e+02 6.4838800049e+02 6.4833398438e+02 6.4828601074e+02 6.4823901367e+02 6.4821600342e+02 6.4816900635e+02 6.4811901855e+02 6.4807397461e+02 6.4802502441e+02 6.4795098877e+02 6.4789099121e+02 6.4780603027e+02 6.4773400879e+02 6.4768499756e+02 6.4764001465e+02 6.4754302979e+02 6.4744201660e+02
6.4902301025e+02 6.4903002930e+02 6.4902801514e+02 6.4902001953e+02 6.4902001953e+02 6.4900299072e+02 6.4898602295e+02 6.4896600342e+02 6.4895898438e+02 6.4896398926e+02 6.4894000244e+02 6.4893200684e+02 6.4891400146e+02 6.4889300537e+02 6.4886999512e+02 6.4885198975e+02 6.4883300781e+02 6.4879101563e+02 6.4878698730e+02 6.4876098633e+02 6.4874200439e+02 6.4872900391e+02 6.4868402100e+02 6.4864801025e+02 6.4860198975e+02 6.4855700684e+02 6.4851000977e+02 6.4846997070e+02 6.4844702148e+02 6.4839501953e+02 6.4835498047e+02 6.4831896973e+02 6.4826098633e+02 6.4821600342e+02 6.4816497803e+02 6.4811700439e+02 6.4807501221e+02 6.4804699707e+02 6.4798901367e+02 6.4790802002e+02 6.4782000732e+02 6.4774902344e+02 6.4769799805e+02 6.4764202881e+02 6.4755902100e+02 6.4747601318e+02
6.4903497314e+02 6.4904101563e+02 6.4902398682e+02 6.4901898193e+02 6.4901702881e+02 6.4900897217e+02 6.4900598145e+02 6.4899700928e+02 6.4896099854e+02 6.4895898438e+02 6.4895001221e+02 6.4894598389e+02 6.4892199707e+02 6.4891998291e+02 6.4890002441e+02 6.4887902832e+02 6.4885699463e+02 6.4879901123e+02 6.4879498291e+02 6.4877197266e+02 6.4875000000e+02 6.4872698975e+02 6.4869299316e+02 6.4865698242e+02 6.4861297607e+02 6.4858801270e+02 6.4854400635e+02 6.4849401855e+02 6.4847100830e+02 6.4842700195e+02 6.4838098145e+02 6.4833300781e+02 6.4826599121e+02 6.4821899414e+02 6.4816601563e+02 6.4812500000e+02 6.4809002686e+02 6.4805200195e+02 6.4799499512e+02 6.4792401123e+02 6.4783502197e+02 6.4777001953e+02 6.4771502686e+02 6.4765002441e+02 6.4755700684e+02 6.4747100830e+02
6.4902697754e+02 6.4903302002e+02 6.4902899170e+02 6.4902197266e+02 6.4901599121e+02 6.4901898193e+02 6.4900402832e+02 6.4900598145e+02 6.4898901367e+02 6.4898199463e+02 6.4897302246e+02 6.4895898438e+02 6.4893499756e+02 6.4894897461e+02 6.4892797852e+02 6.4888397217e+02 6.4886102295e+02 6.4882897949e+02 6.4881896973e+02 6.4879101563e+02 6.4876397705e+02 6.4873199463e+02 6.4870697021e+02 6.4868597412e+02 6.4864398193e+02 6.4861401367e+02 6.4857397461e+02 6.4852398682e+02 6.4849597168e+02 6.4845599365e+02 6.4839202881e+02 6.4834399414e+02 6.4829498291e+02 6.4825598145e+02 6.4821502686e+02 6.4815802002e+02 6.4809899902e+02 6.4806402588e+02 6.4801501465e+02 6.4794500732e+02 6.4784899902e+02 6.4778997803e+02 6.4772802734e+02 6.4767401123e+02 6.4757501221e+02 6.4748297119e+02
6.4902301025e+02 6.4902697754e+02 6.4904302979e+02 6.4903601074e+02 6.4902801514e+02 6.4902899170e+02 6.4900598145e+02 6.4900799561e+02 6.4900799561e+02 6.4900201416e+02 6.4899102783e+02 6.4898297119e+02 6.4895898438e+02 6.4896398926e+02 6.4894702148e+02 6.4891198730e+02 6.4889398193e+02 6.4886602783e+02 6.4884997559e+02 6.4882202148e+02 6.4880102539e+02 6.4876800537e+02 6.4874200439e+02 6.4871801758e+02 6.4866998291e+02 6.4864099121e+02 6.4860198975e+02 6.4855700684e+02 6.4851599121e+02 6.4846697998e+02 6.4840301514e+02 6.4836199951e+02 6.4832598877e+02 6.4828900146e+02 6.4824401855e+02 6.4817700195e+02 6.4810900879e+02 6.4807800293e+02 6.4803198242e+02 6.4796398926e+02 6.4786199951e+02 6.4779400635e+02 6.4772998047e+02 6.4767297363e+02 6.4757299805e+02 6.4748999023e+02
