TESTSERVER/5/4.asc
NCOLS 100
NROWS 100
XLLCORNER 7.7497500000e+03
YLLCORNER 2.8975025000e+05
CELLSIZE 5.0000000000e-01
NODATA_VALUE -9.9990000000e+03
[rows 20 to 39 of 100, columns 0 to 45 of 100]
6.4240301514e+02 6.4231298828e+02 6.4225299072e+02 6.4224902344e+02 6.4216900635e+02 6.4204199219e+02 6.4193798828e+02 6.4194097900e+02 6.4199902344e+02 6.4205798340e+02 6.4208300781e+02 6.4227899170e+02 6.4237298584e+02 6.4236700439e+02 6.4236602783e+02 6.4237298584e+02 6.4236901855e+02 6.4238702393e+02 6.4242401123e+02 6.4248602295e+02 6.4250500488e+02 6.4253002930e+02 6.4260601807e+02 6.4273400879e+02 6.4283801270e+02 6.4293200684e+02 6.4301300049e+02 6.4319500732e+02 6.4338598633e+02 6.4350598145e+02 6.4357098389e+02 6.4363598633e+02 6.4373297119e+02 6.4380603027e+02 6.4385498047e+02 6.4389898682e+02 6.4395800781e+02 6.4404101563e+02 6.4414099121e+02 6.4423400879e+02 6.4433300781e+02 6.4440502930e+02 6.4442901611e+02 6.4453302002e+02 6.4489697266e+02 6.4540301514e+02
6.4233398438e+02 6.4226098633e+02 6.4220800781e+02 6.4219598389e+02 6.4212097168e+02 6.4201300049e+02 6.4191400146e+02 6.4183099365e+02 6.4177600098e+02 6.4178900146e+02 6.4180499268e+02 6.4193103027e+02 6.4205297852e+02 6.4215197754e+02 6.4220098877e+02 6.4219500732e+02 6.4218701172e+02 6.4219201660e+02 6.4220001221e+02 6.4224597168e+02 6.4227301025e+02 6.4230297852e+02 6.4236901855e+02 6.4248297119e+02 6.4257800293e+02 6.4266101074e+02 6.4274401855e+02 6.4290899658e+02 6.4309802246e+02 6.4322998047e+02 6.4332202148e+02 6.4339099121e+02 6.4346997070e+02 6.4355700684e+02 6.4363299561e+02 6.4364898682e+02 6.4368499756e+02 6.4377899170e+02 6.4390197754e+02 6.4399700928e+02 6.4408099365e+02 6.4413897705e+02 6.4414599609e+02 6.4419000244e+02 6.4448999023e+02 6.4496099854e+02
6.4234002686e+02 6.4223602295e+02 6.4216601563e+02 6.4212097168e+02 6.4205603027e+02 6.4197399902e+02 6.4188800049e+02 6.4179901123e+02 6.4170001221e+02 6.4164599609e+02 6.4160797119e+02 6.4162799072e+02 6.4170697021e+02 6.4183599854e+02 6.4195599365e+02 6.4199499512e+02 6.4200201416e+02 6.4199902344e+02 6.4200299072e+02 6.4205102539e+02 6.4208801270e+02 6.4212097168e+02 6.4217102051e+02 6.4225897217e+02 6.4234802246e+02 6.4243200684e+02 6.4250799561e+02 6.4261499023e+02 6.4277502441e+02 6.4292199707e+02 6.4304498291e+02 6.4313500977e+02 6.4322802734e+02 6.4333801270e+02 6.4344097900e+02 6.4344396973e+02 6.4346398926e+02 6.4354199219e+02 6.4366198730e+02 6.4376501465e+02 6.4384997559e+02 6.4390002441e+02 6.4390197754e+02 6.4389398193e+02 6.4408502197e+02 6.4446801758e+02
6.4247998047e+02 6.4229400635e+02 6.4214202881e+02 6.4203002930e+02 6.4195800781e+02 6.4188299561e+02 6.4181097412e+02 6.4175201416e+02 6.4166998291e+02 6.4160601807e+02 6.4151702881e+02 6.4144799805e+02 6.4146600342e+02 6.4153497314e+02 6.4165100098e+02 6.4175897217e+02 6.4181298828e+02 6.4182299805e+02 6.4183197021e+02 6.4188098145e+02 6.4192102051e+02 6.4195397949e+02 6.4200000000e+02 6.4207098389e+02 6.4215698242e+02 6.4224401855e+02 6.4231097412e+02 6.4237597656e+02 6.4249902344e+02 6.4264300537e+02 6.4278601074e+02 6.4290002441e+02 6.4300201416e+02 6.4308398438e+02 6.4317498779e+02 6.4322698975e+02 6.4327099609e+02 6.4333300781e+02 6.4342797852e+02 6.4353997803e+02 6.4363500977e+02 6.4369299316e+02 6.4370898438e+02 6.4367999268e+02 6.4376397705e+02 6.4402697754e+02
6.4263201904e+02 6.4243402100e+02 6.4214398193e+02 6.4197601318e+02 6.4188098145e+02 6.4181896973e+02 6.4175000000e+02 6.4166802979e+02 6.4159002686e+02 6.4153002930e+02 6.4144396973e+02 6.4134899902e+02 6.4127600098e+02 6.4124597168e+02 6.4131097412e+02 6.4146197510e+02 6.4158898926e+02 6.4165002441e+02 6.4165301514e+02 6.4169897461e+02 6.4175500488e+02 6.4181298828e+02 6.4186102295e+02 6.4192700195e+02 6.4199401855e+02 6.4205603027e+02 6.4210699463e+02 6.4218103027e+02 6.4227899170e+02 6.4240100098e+02 6.4254400635e+02 6.4266802979e+02 6.4277502441e+02 6.4283697510e+02 6.4286901855e+02 6.4296502686e+02 6.4305499268e+02 6.4312799072e+02 6.4319500732e+02 6.4331896973e+02 6.4342602539e+02 6.4349700928e+02 6.4352099609e+02 6.4353497314e+02 6.4356097412e+02 6.4370599365e+02
6.4243402100e+02 6.4234002686e+02 6.4210101318e+02 6.4195599365e+02 6.4183898926e+02 6.4176098633e+02 6.4170599365e+02 6.4162701416e+02 6.4153497314e+02 6.4145501709e+02 6.4137402344e+02 6.4128698730e+02 6.4118902588e+02 6.4108599854e+02 6.4103802490e+02 6.4108898926e+02 6.4123602295e+02 6.4141497803e+02 6.4150598145e+02 6.4152899170e+02 6.4155902100e+02 6.4159600830e+02 6.4165600586e+02 6.4180297852e+02 6.4183697510e+02 6.4182800293e+02 6.4188702393e+02 6.4197601318e+02 6.4208300781e+02 6.4219799805e+02 6.4232702637e+02 6.4243902588e+02 6.4255102539e+02 6.4265802002e+02 6.4271997070e+02 6.4278900146e+02 6.4287097168e+02 6.4293798828e+02 6.4301599121e+02 6.4314801025e+02 6.4327301025e+02 6.4336102295e+02 6.4341601563e+02 6.4342602539e+02 6.4344396973e+02 6.4353997803e+02
6.4204199219e+02 6.4204998779e+02 6.4197198486e+02 6.4189099121e+02 6.4177001953e+02 6.4167797852e+02 6.4162298584e+02 6.4157800293e+02 6.4150201416e+02 6.4140997314e+02 6.4129699707e+02 6.4121301270e+02 6.4114001465e+02 6.4103002930e+02 6.4091400146e+02 6.4086798096e+02 6.4089398193e+02 6.4103997803e+02 6.4123602295e+02 6.4134100342e+02 6.4137200928e+02 6.4138500977e+02 6.4142700195e+02 6.4151702881e+02 6.4156500244e+02 6.4159002686e+02 6.4166601563e+02 6.4174298096e+02 6.4184899902e+02 6.4198498535e+02 6.4212799072e+02 6.4225097656e+02 6.4236499023e+02 6.4249499512e+02 6.4259802246e+02 6.4266101074e+02 6.4272198486e+02 6.4278198242e+02 6.4288201904e+02 6.4304498291e+02 6.4319500732e+02 6.4329901123e+02 6.4334899902e+02 6.4334497070e+02 6.4333801270e+02 6.4338201904e+02
6.4187200928e+02 6.4194598389e+02 6.4189599609e+02 6.4180297852e+02 6.4166699219e+02 6.4158502197e+02 6.4154199219e+02 6.4148999023e+02 6.4142199707e+02 6.4134497070e+02 6.4122698975e+02 6.4114300537e+02 6.4107702637e+02 6.4098101807e+02 6.4087298584e+02 6.4079998779e+02 6.4071002197e+02 6.4070697021e+02 6.4084997559e+02 6.4103302002e+02 6.4115698242e+02 6.4122497559e+02 6.4125897217e+02 6.4125598145e+02 6.4131597900e+02 6.4139501953e+02 6.4148199463e+02 6.4153497314e+02 6.4161499023e+02 6.4176501465e+02 6.4193103027e+02 6.4205798340e+02 6.4219201660e+02 6.4234698486e+02 6.4246899414e+02 6.4254302979e+02 6.4258697510e+02 6.4264398193e+02 6.4276702881e+02 6.4295800781e+02 6.4313000488e+02 6.4324499512e+02 6.4327899170e+02 6.4325897217e+02 6.4322900391e+02 6.4322198486e+02
6.4173199463e+02 6.4194799805e+02 6.4190002441e+02 6.4171502686e+02 6.4155798340e+02 6.4150402832e+02 6.4150500488e+02 6.4140197754e+02 6.4129498291e+02 6.4124298096e+02 6.4117297363e+02 6.4108197021e+02 6.4099401855e+02 6.4089898682e+02 6.4082098389e+02 6.4075897217e+02 6.4065399170e+02 6.4056201172e+02 6.4052600098e+02 6.4064300537e+02 6.4086102295e+02 6.4104199219e+02 6.4109002686e+02 6.4106402588e+02 6.4111602783e+02 6.4120501709e+02 6.4130102539e+02 6.4136602783e+02 6.4141400146e+02 6.4152899170e+02 6.4167297363e+02 6.4182702637e+02 6.4200402832e+02 6.4219897461e+02 6.4233599854e+02 6.4243200684e+02 6.4247100830e+02 6.4251702881e+02 6.4262799072e+02 6.4281597900e+02 6.4299200439e+02 6.4311499023e+02 6.4314300537e+02 6.4314001465e+02 6.4311102295e+02 6.4307098389e+02
6.4122198486e+02 6.4146301270e+02 6.4152099609e+02 6.4152899170e+02 6.4159497070e+02 6.4166302490e+02 6.4166900635e+02 6.4146600342e+02 6.4130700684e+02 6.4125701904e+02 6.4122302246e+02 6.4103302002e+02 6.4090002441e+02 6.4083801270e+02 6.4076898193e+02 6.4069201660e+02 6.4060400391e+02 6.4053198242e+02 6.4044897461e+02 6.4040997314e+02 6.4048797607e+02 6.4065399170e+02 6.4081500244e+02 6.4086499023e+02 6.4092199707e+02 6.4102197266e+02 6.4116900635e+02 6.4125201416e+02 6.4128997803e+02 6.4136700439e+02 6.4147802734e+02 6.4160400391e+02 6.4177197266e+02 6.4195599365e+02 6.4212597656e+02 6.4225000000e+02 6.4232000732e+02 6.4237500000e+02 6.4245800781e+02 6.4260601807e+02 6.4275097656e+02 6.4286999512e+02 6.4293902588e+02 6.4296600342e+02 6.4295397949e+02 6.4290502930e+02
6.4087298584e+02 6.4097998047e+02 6.4107202148e+02 6.4127001953e+02 6.4147802734e+02 6.4163201904e+02 6.4173797607e+02 6.4162097168e+02 6.4148797607e+02 6.4143103027e+02 6.4138500977e+02 6.4105200195e+02 6.4080297852e+02 6.4073901367e+02 6.4068798828e+02 6.4060400391e+02 6.4053900146e+02 6.4047998047e+02 6.4040100098e+02 6.4032098389e+02 6.4025799561e+02 6.4029699707e+02 6.4046002197e+02 6.4061999512e+02 6.4073901367e+02 6.4083898926e+02 6.4097198486e+02 6.4107897949e+02 6.4115197754e+02 6.4125097656e+02 6.4134399414e+02 6.4144598389e+02 6.4158697510e+02 6.4173901367e+02 6.4188897705e+02 6.4201202393e+02 6.4212402344e+02 6.4222601318e+02 6.4231500244e+02 6.4240899658e+02 6.4251098633e+02 6.4261297607e+02 6.4270098877e+02 6.4275598145e+02 6.4275097656e+02 6.4269799805e+02
6.4062097168e+02 6.4062200928e+02 6.4068798828e+02 6.4085198975e+02 6.4098498535e+02 6.4113299561e+02 6.4143499756e+02 6.4164599609e+02 6.4163397217e+02 6.4153900146e+02 6.4144396973e+02 6.4115600586e+02 6.4088897705e+02 6.4075598145e+02 6.4062402344e+02 6.4052001953e+02 6.4045599365e+02 6.4040197754e+02 6.4034399414e+02 6.4030297852e+02 6.4021301270e+02 6.4015301514e+02 6.4019097900e+02 6.4034100342e+02 6.4050097656e+02 6.4062298584e+02 6.4071899414e+02 6.4080401611e+02 6.4090997314e+02 6.4104101563e+02 6.4115002441e+02 6.4125097656e+02 6.4138800049e+02 6.4153900146e+02 6.4166699219e+02 6.4177001953e+02 6.4190301514e+02 6.4204901123e+02 6.4217401123e+02 6.4222100830e+02 6.4228100586e+02 6.4235797119e+02 6.4245397949e+02 6.4252697754e+02 6.4253002930e+02 6.4247698975e+02
6.4042297363e+02 6.4041601563e+02 6.4044201660e+02 6.4040600586e+02 6.4034802246e+02 6.4040899658e+02 6.4073199463e+02 6.4126599121e+02 6.4151000977e+02 6.4146502686e+02 6.4121398926e+02 6.4089801025e+02 6.4079699707e+02 6.4069396973e+02 6.4051898193e+02 6.4045300293e+02 6.4038500977e+02 6.4033001709e+02 6.4028900146e+02 6.4028002930e+02 6.4024200439e+02 6.4018902588e+02 6.4016699219e+02 6.4010400391e+02 6.4014300537e+02 6.4028100586e+02 6.4046697998e+02 6.4055999756e+02 6.4067999268e+02 6.4079602051e+02 6.4087902832e+02 6.4099798584e+02 6.4115197754e+02 6.4132800293e+02 6.4146197510e+02 6.4156896973e+02 6.4169500732e+02 6.4184197998e+02 6.4198101807e+02 6.4204998779e+02 6.4207897949e+02 6.4213098145e+02 6.4223297119e+02 6.4229101563e+02 6.4229602051e+02 6.4225201416e+02
6.4021600342e+02 6.4021099854e+02 6.4016601563e+02 6.4008697510e+02 6.4002099609e+02 6.4001501465e+02 6.4018298340e+02 6.4060699463e+02 6.4096502686e+02 6.4103399658e+02 6.4074798584e+02 6.4043200684e+02 6.4037701416e+02 6.4040100098e+02 6.4038702393e+02 6.4038897705e+02 6.4033300781e+02 6.4027001953e+02 6.4022900391e+02 6.4021697998e+02 6.4019500732e+02 6.4017102051e+02 6.4013702393e+02 6.4006597900e+02 6.3997900391e+02 6.3998797607e+02 6.4014001465e+02 6.4028198242e+02 6.4043902588e+02 6.4056597900e+02 6.4067102051e+02 6.4079199219e+02 6.4091198730e+02 6.4107098389e+02 6.4123699951e+02 6.4137298584e+02 6.4150000000e+02 6.4163299561e+02 6.4176501465e+02 6.4184802246e+02 6.4188098145e+02 6.4191101074e+02 6.4197100830e+02 6.4201501465e+02 6.4202600098e+02 6.4200701904e+02
6.4002801514e+02 6.4000299072e+02 6.3996002197e+02 6.3990100098e+02 6.3985400391e+02 6.3982202148e+02 6.3984100342e+02 6.4004302979e+02 6.4027502441e+02 6.4034100342e+02 6.4016302490e+02 6.3998999023e+02 6.4000598145e+02 6.4013397217e+02 6.4027899170e+02 6.4032800293e+02 6.4026300049e+02 6.4018200684e+02 6.4015100098e+02 6.4014202881e+02 6.4010797119e+02 6.4006402588e+02 6.4003900146e+02 6.4002697754e+02 6.3996002197e+02 6.3989099121e+02 6.3989898682e+02 6.3994396973e+02 6.4004901123e+02 6.4019097900e+02 6.4039697266e+02 6.4060601807e+02 6.4072802734e+02 6.4085302734e+02 6.4101800537e+02 6.4117498779e+02 6.4130297852e+02 6.4141198730e+02 6.4152502441e+02 6.4161102295e+02 6.4165399170e+02 6.4167199707e+02 6.4169598389e+02 6.4174298096e+02 6.4176397705e+02 6.4176202393e+02
6.3983001709e+02 6.3980700684e+02 6.3979302979e+02 6.3972399902e+02 6.3968200684e+02 6.3965301514e+02 6.3963299561e+02 6.3966198730e+02 6.3972399902e+02 6.3974700928e+02 6.3970300293e+02 6.3970001221e+02 6.3974298096e+02 6.3988098145e+02 6.4012799072e+02 6.4023797607e+02 6.4017498779e+02 6.4008197021e+02 6.4009197998e+02 6.4017297363e+02 6.4010101318e+02 6.3998602295e+02 6.3994000244e+02 6.3994897461e+02 6.3993798828e+02 6.3988598633e+02 6.3982501221e+02 6.3978601074e+02 6.3979199219e+02 6.3987500000e+02 6.4009399414e+02 6.4039099121e+02 6.4054602051e+02 6.4066802979e+02 6.4081799316e+02 6.4098400879e+02 6.4111999512e+02 6.4120800781e+02 6.4128802490e+02 6.4138000488e+02 6.4143798828e+02 6.4145202637e+02 6.4144500732e+02 6.4148797607e+02 6.4151702881e+02 6.4153399658e+02
6.3960900879e+02 6.3958502197e+02 6.3953698730e+02 6.3948498535e+02 6.3944396973e+02 6.3943103027e+02 6.3942797852e+02 6.3943200684e+02 6.3943402100e+02 6.3945001221e+02 6.3951000977e+02 6.3955902100e+02 6.3958300781e+02 6.3965802002e+02 6.3988397217e+02 6.4010400391e+02 6.4010797119e+02 6.4000201416e+02 6.3998101807e+02 6.4009100342e+02 6.4005603027e+02 6.3995898438e+02 6.3989898682e+02 6.3986798096e+02 6.3986798096e+02 6.3986102295e+02 6.3982299805e+02 6.3977697754e+02 6.3975201416e+02 6.3976202393e+02 6.3985302734e+02 6.4005200195e+02 6.4023297119e+02 6.4042999268e+02 6.4063098145e+02 6.4079699707e+02 6.4094500732e+02 6.4102502441e+02 6.4109197998e+02 6.4119097900e+02 6.4126397705e+02 6.4128997803e+02 6.4128601074e+02 6.4127801514e+02 6.4130700684e+02 6.4133599854e+02
6.3938500977e+02 6.3933599854e+02 6.3927099609e+02 6.3923199463e+02 6.3922497559e+02 6.3923901367e+02 6.3925000000e+02 6.3924401855e+02 6.3922497559e+02 6.3921899414e+02 6.3926599121e+02 6.3933099365e+02 6.3934301758e+02 6.3935797119e+02 6.3951898193e+02 6.3981097412e+02 6.3988397217e+02 6.3976202393e+02 6.3961901855e+02 6.3967401123e+02 6.3977301025e+02 6.3984600830e+02 6.3986798096e+02 6.3983502197e+02 6.3980297852e+02 6.3978997803e+02 6.3977600098e+02 6.3975402832e+02 6.3974499512e+02 6.3974597168e+02 6.3974401855e+02 6.3978497314e+02 6.3989099121e+02 6.4005902100e+02 6.4027697754e+02 6.4051800537e+02 6.4070898438e+02 6.4083801270e+02 6.4092999268e+02 6.4101098633e+02 6.4107702637e+02 6.4110998535e+02 6.4110498047e+02 6.4111102295e+02 6.4113897705e+02 6.4117700195e+02
6.3913500977e+02 6.3910101318e+02 6.3905401611e+02 6.3903997803e+02 6.3905297852e+02 6.3906701660e+02 6.3906500244e+02 6.3903698730e+02 6.3899499512e+02 6.3897302246e+02 6.3901202393e+02 6.3907202148e+02 6.3908398438e+02 6.3907897949e+02 6.3917102051e+02 6.3938897705e+02 6.3947198486e+02 6.3939202881e+02 6.3927899170e+02 6.3932501221e+02 6.3945599365e+02 6.3962597656e+02 6.3976000977e+02 6.3980603027e+02 6.3977099609e+02 6.3972998047e+02 6.3970800781e+02 6.3971600342e+02 6.3973699951e+02 6.3974597168e+02 6.3972698975e+02 6.3970501709e+02 6.3972601318e+02 6.3980401611e+02 6.3994799805e+02 6.4017901611e+02 6.4040301514e+02 6.4058398438e+02 6.4071697998e+02 6.4080297852e+02 6.4087097168e+02 6.4090899658e+02 6.4092498779e+02 6.4094897461e+02 6.4098999023e+02 6.4103997803e+02
6.3889898682e+02 6.3888702393e+02 6.3886901855e+02 6.3887902832e+02 6.3890899658e+02 6.3891699219e+02 6.3888000488e+02 6.3880401611e+02 6.3875402832e+02 6.3874597168e+02 6.3878002930e+02 6.3882897949e+02 6.3885302734e+02 6.3886401367e+02 6.3891497803e+02 6.3900598145e+02 6.3907000732e+02 6.3905499268e+02 6.3903002930e+02 6.3907897949e+02 6.3916699219e+02 6.3931201172e+02 6.3949401855e+02 6.3965502930e+02 6.3968200684e+02 6.3967401123e+02 6.3965600586e+02 6.3966198730e+02 6.3969201660e+02 6.3971197510e+02 6.3971801758e+02 6.3971502686e+02 6.3969702148e+02 6.3970202637e+02 6.3973797607e+02 6.3988098145e+02 6.4007202148e+02 6.4025598145e+02 6.4042199707e+02 6.4055999756e+02 6.4065802002e+02 6.4071398926e+02 6.4075402832e+02 6.4080200195e+02 6.4085797119e+02 6.4092102051e+02
