TESTSERVER/5/4.asc
NCOLS 100
NROWS 100
XLLCORNER 7.7497500000e+03
YLLCORNER 2.8975025000e+05
CELLSIZE 5.0000000000e-01
NODATA_VALUE -9.9990000000e+03
[rows 20 to 39 of 100, columns 46 to 91 of 100]
6.4581201172e+02 6.4585797119e+02 6.4584399414e+02 6.4586901855e+02 6.4600000000e+02 6.4619799805e+02 6.4626599121e+02 6.4625000000e+02 6.4617797852e+02 6.4631701660e+02 6.4643402100e+02 6.4645098877e+02 6.4640600586e+02 6.4638098145e+02 6.4636901855e+02 6.4642797852e+02 6.4654797363e+02 6.4665002441e+02 6.4666699219e+02 6.4661700439e+02 6.4656896973e+02 6.4667700195e+02 6.4674102783e+02 6.4678198242e+02 6.4683898926e+02 6.4696801758e+02 6.4698498535e+02 6.4688000488e+02 6.4668402100e+02 6.4655603027e+02 6.4651000977e+02 6.4655401611e+02 6.4669396973e+02 6.4684002686e+02 6.4683197021e+02 6.4681896973e+02 6.4688299561e+02 6.4682800293e+02 6.4677899170e+02 6.4675097656e+02 6.4674102783e+02 6.4674401855e+02 6.4676000977e+02 6.4672900391e+02 6.4663800049e+02 6.4649298096e+02
6.4540002441e+02 6.4554998779e+02 6.4558898926e+02 6.4559197998e+02 6.4564599609e+02 6.4579901123e+02 6.4586901855e+02 6.4586999512e+02 6.4587597656e+02 6.4596398926e+02 6.4605200195e+02 6.4609600830e+02 6.4613397217e+02 6.4613098145e+02 6.4613299561e+02 6.4617297363e+02 6.4626098633e+02 6.4634301758e+02 6.4636401367e+02 6.4634497070e+02 6.4628002930e+02 6.4630700684e+02 6.4635101318e+02 6.4637097168e+02 6.4639697266e+02 6.4644097900e+02 6.4644000244e+02 6.4637402344e+02 6.4624597168e+02 6.4617199707e+02 6.4617498779e+02 6.4622900391e+02 6.4635699463e+02 6.4649798584e+02 6.4650897217e+02 6.4655603027e+02 6.4670800781e+02 6.4673999023e+02 6.4670697021e+02 6.4666601563e+02 6.4661999512e+02 6.4662701416e+02 6.4664001465e+02 6.4660101318e+02 6.4647998047e+02 6.4636102295e+02
6.4492901611e+02 6.4523199463e+02 6.4535302734e+02 6.4537500000e+02 6.4539300537e+02 6.4551202393e+02 6.4555401611e+02 6.4555102539e+02 6.4559399414e+02 6.4569799805e+02 6.4580102539e+02 6.4587701416e+02 6.4590399170e+02 6.4589599609e+02 6.4589898682e+02 6.4590600586e+02 6.4593701172e+02 6.4597900391e+02 6.4598101807e+02 6.4598297119e+02 6.4600701904e+02 6.4608398438e+02 6.4614099121e+02 6.4614001465e+02 6.4608801270e+02 6.4607202148e+02 6.4606097412e+02 6.4601599121e+02 6.4592401123e+02 6.4586102295e+02 6.4586102295e+02 6.4589501953e+02 6.4597900391e+02 6.4608801270e+02 6.4612597656e+02 6.4621801758e+02 6.4640399170e+02 6.4650000000e+02 6.4651202393e+02 6.4647998047e+02 6.4640502930e+02 6.4640502930e+02 6.4642602539e+02 6.4639898682e+02 6.4628997803e+02 6.4619500732e+02
6.4445397949e+02 6.4488201904e+02 6.4509197998e+02 6.4515802002e+02 6.4518597412e+02 6.4529101563e+02 6.4529797363e+02 6.4527001953e+02 6.4530902100e+02 6.4541497803e+02 6.4552502441e+02 6.4561199951e+02 6.4561700439e+02 6.4562097168e+02 6.4562902832e+02 6.4560900879e+02 6.4560797119e+02 6.4562799072e+02 6.4560400391e+02 6.4561297607e+02 6.4571801758e+02 6.4588201904e+02 6.4596899414e+02 6.4596002197e+02 6.4585699463e+02 6.4582000732e+02 6.4580102539e+02 6.4575402832e+02 6.4567401123e+02 6.4560601807e+02 6.4558197021e+02 6.4559301758e+02 6.4565502930e+02 6.4575097656e+02 6.4580902100e+02 6.4590502930e+02 6.4604101563e+02 6.4614697266e+02 6.4619500732e+02 6.4618200684e+02 6.4610400391e+02 6.4611102295e+02 6.4616497803e+02 6.4618200684e+02 6.4611102295e+02 6.4604699707e+02
6.4401702881e+02 6.4449102783e+02 6.4477197266e+02 6.4487597656e+02 6.4490002441e+02 6.4502099609e+02 6.4502301025e+02 6.4498199463e+02 6.4496301270e+02 6.4504901123e+02 6.4514001465e+02 6.4521997070e+02 6.4524102783e+02 6.4531201172e+02 6.4533801270e+02 6.4531701660e+02 6.4531298828e+02 6.4528698730e+02 6.4526702881e+02 6.4530297852e+02 6.4541998291e+02 6.4557000732e+02 6.4565899658e+02 6.4565899658e+02 6.4556701660e+02 6.4556597900e+02 6.4553100586e+02 6.4545800781e+02 6.4532800293e+02 6.4534301758e+02 6.4532598877e+02 6.4533300781e+02 6.4538500977e+02 6.4547100830e+02 6.4554602051e+02 6.4562902832e+02 6.4571997070e+02 6.4581402588e+02 6.4586102295e+02 6.4584197998e+02 6.4581201172e+02 6.4583898926e+02 6.4591699219e+02 6.4597998047e+02 6.4597698975e+02 6.4593701172e+02
6.4378198242e+02 6.4415301514e+02 6.4438702393e+02 6.4448400879e+02 6.4452697754e+02 6.4463598633e+02 6.4466198730e+02 6.4463800049e+02 6.4461999512e+02 6.4471197510e+02 6.4482702637e+02 6.4491699219e+02 6.4496398926e+02 6.4501702881e+02 6.4504699707e+02 6.4505401611e+02 6.4505603027e+02 6.4500299072e+02 6.4498797607e+02 6.4501000977e+02 6.4507800293e+02 6.4519396973e+02 6.4525402832e+02 6.4526300049e+02 6.4523901367e+02 6.4523498535e+02 6.4518597412e+02 6.4509899902e+02 6.4501800537e+02 6.4507299805e+02 6.4504602051e+02 6.4499499512e+02 6.4502502441e+02 6.4510400391e+02 6.4515997314e+02 6.4522497559e+02 6.4533502197e+02 6.4549102783e+02 6.4554901123e+02 6.4554199219e+02 6.4556097412e+02 6.4559197998e+02 6.4565698242e+02 6.4575598145e+02 6.4584698486e+02 6.4583398438e+02
6.4355297852e+02 6.4380200195e+02 6.4397100830e+02 6.4407397461e+02 6.4415997314e+02 6.4425897217e+02 6.4427801514e+02 6.4427697754e+02 6.4433099365e+02 6.4446197510e+02 6.4459002686e+02 6.4467700195e+02 6.4471600342e+02 6.4472900391e+02 6.4473999023e+02 6.4476898193e+02 6.4480798340e+02 6.4478002930e+02 6.4475000000e+02 6.4472998047e+02 6.4475201416e+02 6.4484399414e+02 6.4489501953e+02 6.4491302490e+02 6.4493298340e+02 6.4494396973e+02 6.4488702393e+02 6.4479199219e+02 6.4469396973e+02 6.4474102783e+02 6.4473297119e+02 6.4468200684e+02 6.4470001221e+02 6.4476599121e+02 6.4477801514e+02 6.4479602051e+02 6.4489398193e+02 6.4506097412e+02 6.4513201904e+02 6.4516802979e+02 6.4524102783e+02 6.4526098633e+02 6.4530200195e+02 6.4540802002e+02 6.4558300781e+02 6.4569702148e+02
6.4330700684e+02 6.4343200684e+02 6.4353698730e+02 6.4364697266e+02 6.4378002930e+02 6.4385797119e+02 6.4387701416e+02 6.4392602539e+02 6.4409997559e+02 6.4426202393e+02 6.4435601807e+02 6.4440301514e+02 6.4441302490e+02 6.4440802002e+02 6.4442297363e+02 6.4447399902e+02 6.4453198242e+02 6.4452502441e+02 6.4448498535e+02 6.4444097900e+02 6.4445501709e+02 6.4453302002e+02 6.4457800293e+02 6.4460797119e+02 6.4465899658e+02 6.4468103027e+02 6.4462701416e+02 6.4452899170e+02 6.4441302490e+02 6.4442901611e+02 6.4445800781e+02 6.4444000244e+02 6.4443298340e+02 6.4445898438e+02 6.4442700195e+02 6.4439599609e+02 6.4443798828e+02 6.4453198242e+02 6.4459997559e+02 6.4468402100e+02 6.4481500244e+02 6.4485400391e+02 6.4486401367e+02 6.4493597412e+02 6.4512097168e+02 6.4543597412e+02
6.4304901123e+02 6.4305603027e+02 6.4311700439e+02 6.4322900391e+02 6.4336798096e+02 6.4345800781e+02 6.4352600098e+02 6.4363598633e+02 6.4380999756e+02 6.4397302246e+02 6.4400598145e+02 6.4400598145e+02 6.4398901367e+02 6.4406097412e+02 6.4412799072e+02 6.4419799805e+02 6.4423699951e+02 6.4426898193e+02 6.4423297119e+02 6.4417901611e+02 6.4421197510e+02 6.4426202393e+02 6.4429901123e+02 6.4434497070e+02 6.4442401123e+02 6.4444500732e+02 6.4440502930e+02 6.4430902100e+02 6.4423101807e+02 6.4421099854e+02 6.4423199463e+02 6.4422998047e+02 6.4418902588e+02 6.4412500000e+02 6.4405700684e+02 6.4400701904e+02 6.4396697998e+02 6.4398797607e+02 6.4409399414e+02 6.4425000000e+02 6.4437799072e+02 6.4442901611e+02 6.4444396973e+02 6.4447100830e+02 6.4452301025e+02 6.4501202393e+02
6.4282202148e+02 6.4276898193e+02 6.4280102539e+02 6.4290197754e+02 6.4303497314e+02 6.4311798096e+02 6.4321398926e+02 6.4332299805e+02 6.4345300293e+02 6.4356298828e+02 6.4361999512e+02 6.4366101074e+02 6.4369500732e+02 6.4376898193e+02 6.4387298584e+02 6.4398101807e+02 6.4403002930e+02 6.4403302002e+02 6.4398797607e+02 6.4398101807e+02 6.4402398682e+02 6.4398999023e+02 6.4399200439e+02 6.4403997803e+02 6.4411297607e+02 6.4417199707e+02 6.4415802002e+02 6.4406896973e+02 6.4395202637e+02 6.4393499756e+02 6.4397198486e+02 6.4400000000e+02 6.4396997070e+02 6.4387500000e+02 6.4381597900e+02 6.4378399658e+02 6.4373498535e+02 6.4366400146e+02 6.4373400879e+02 6.4390802002e+02 6.4404302979e+02 6.4405798340e+02 6.4407598877e+02 6.4412097168e+02 6.4418200684e+02 6.4441802979e+02
6.4260900879e+02 6.4254101563e+02 6.4255200195e+02 6.4264202881e+02 6.4277899170e+02 6.4286999512e+02 6.4296099854e+02 6.4305297852e+02 6.4315698242e+02 6.4325897217e+02 6.4333697510e+02 6.4340899658e+02 6.4348400879e+02 6.4356701660e+02 6.4370300293e+02 6.4385601807e+02 6.4391302490e+02 6.4386297607e+02 6.4378100586e+02 6.4377001953e+02 6.4378497314e+02 6.4370800781e+02 6.4368902588e+02 6.4372802734e+02 6.4380200195e+02 6.4387701416e+02 6.4387402344e+02 6.4379101563e+02 6.4366998291e+02 6.4365100098e+02 6.4371099854e+02 6.4377001953e+02 6.4376898193e+02 6.4369299316e+02 6.4364599609e+02 6.4361999512e+02 6.4357800293e+02 6.4343798828e+02 6.4339801025e+02 6.4348999023e+02 6.4364697266e+02 6.4370202637e+02 6.4372100830e+02 6.4376000977e+02 6.4383898926e+02 6.4381799316e+02
6.4239599609e+02 6.4233300781e+02 6.4234002686e+02 6.4242700195e+02 6.4257702637e+02 6.4268103027e+02 6.4275799561e+02 6.4282702637e+02 6.4290399170e+02 6.4300000000e+02 6.4309899902e+02 6.4319799805e+02 6.4332202148e+02 6.4340997314e+02 6.4352801514e+02 6.4366497803e+02 6.4368798828e+02 6.4361999512e+02 6.4354302979e+02 6.4351397705e+02 6.4349798584e+02 6.4344598389e+02 6.4343798828e+02 6.4347900391e+02 6.4354302979e+02 6.4361999512e+02 6.4361999512e+02 6.4354199219e+02 6.4342401123e+02 6.4340100098e+02 6.4346899414e+02 6.4354400635e+02 6.4356597900e+02 6.4350799561e+02 6.4347198486e+02 6.4345599365e+02 6.4342498779e+02 6.4325897217e+02 6.4314001465e+02 6.4313702393e+02 6.4328198242e+02 6.4339898682e+02 6.4341497803e+02 6.4340600586e+02 6.4344500732e+02 6.4335302734e+02
6.4217498779e+02 6.4211102295e+02 6.4212200928e+02 6.4222100830e+02 6.4242102051e+02 6.4252801514e+02 6.4258801270e+02 6.4262402344e+02 6.4265502930e+02 6.4275500488e+02 6.4286700439e+02 6.4298400879e+02 6.4309698486e+02 6.4317700195e+02 6.4322900391e+02 6.4327099609e+02 6.4325097656e+02 6.4327001953e+02 6.4328198242e+02 6.4329699707e+02 6.4328698730e+02 6.4324597168e+02 6.4328100586e+02 6.4333801270e+02 6.4337597656e+02 6.4341198730e+02 6.4342401123e+02 6.4335198975e+02 6.4323101807e+02 6.4322198486e+02 6.4327001953e+02 6.4332501221e+02 6.4332897949e+02 6.4328302002e+02 6.4324102783e+02 6.4322302246e+02 6.4318798828e+02 6.4308001709e+02 6.4297601318e+02 6.4292602539e+02 6.4299597168e+02 6.4315197754e+02 6.4315100098e+02 6.4306799316e+02 6.4297998047e+02 6.4295697021e+02
6.4196099854e+02 6.4189801025e+02 6.4189398193e+02 6.4198297119e+02 6.4217700195e+02 6.4231201172e+02 6.4237799072e+02 6.4240100098e+02 6.4240802002e+02 6.4248400879e+02 6.4258099365e+02 6.4268402100e+02 6.4277099609e+02 6.4282299805e+02 6.4285797119e+02 6.4288702393e+02 6.4292498779e+02 6.4294799805e+02 6.4300201416e+02 6.4308197021e+02 6.4308197021e+02 6.4306799316e+02 6.4312200928e+02 6.4316400146e+02 6.4314202881e+02 6.4314398193e+02 6.4314898682e+02 6.4312597656e+02 6.4306597900e+02 6.4305902100e+02 6.4308697510e+02 6.4310998535e+02 6.4309802246e+02 6.4303100586e+02 6.4297698975e+02 6.4295697021e+02 6.4296398926e+02 6.4293701172e+02 6.4289300537e+02 6.4284301758e+02 6.4284497070e+02 6.4290698242e+02 6.4287200928e+02 6.4278698730e+02 6.4269897461e+02 6.4264898682e+02
6.4174798584e+02 6.4169500732e+02 6.4168103027e+02 6.4175097656e+02 6.4191900635e+02 6.4205999756e+02 6.4214202881e+02 6.4218200684e+02 6.4219097900e+02 6.4222998047e+02 6.4229797363e+02 6.4237902832e+02 6.4244396973e+02 6.4247497559e+02 6.4250598145e+02 6.4255798340e+02 6.4265100098e+02 6.4272900391e+02 6.4279498291e+02 6.4281896973e+02 6.4275500488e+02 6.4276599121e+02 6.4284899902e+02 6.4288800049e+02 6.4287597656e+02 6.4286602783e+02 6.4286602783e+02 6.4287500000e+02 6.4288800049e+02 6.4287902832e+02 6.4288598633e+02 6.4288500977e+02 6.4285302734e+02 6.4277099609e+02 6.4272302246e+02 6.4271899414e+02 6.4273797607e+02 6.4274902344e+02 6.4274298096e+02 6.4271398926e+02 6.4267999268e+02 6.4266400146e+02 6.4259197998e+02 6.4250097656e+02 6.4242901611e+02 6.4238800049e+02
6.4154699707e+02 6.4151702881e+02 6.4150299072e+02 6.4155401611e+02 6.4168103027e+02 6.4181500244e+02 6.4192102051e+02 6.4198797607e+02 6.4201599121e+02 6.4202502441e+02 6.4206402588e+02 6.4212402344e+02 6.4217700195e+02 6.4219897461e+02 6.4221899414e+02 6.4227899170e+02 6.4244396973e+02 6.4262298584e+02 6.4262500000e+02 6.4252301025e+02 6.4242297363e+02 6.4247100830e+02 6.4257000732e+02 6.4262402344e+02 6.4267199707e+02 6.4267999268e+02 6.4267401123e+02 6.4268200684e+02 6.4271002197e+02 6.4268902588e+02 6.4266998291e+02 6.4264202881e+02 6.4259399414e+02 6.4251202393e+02 6.4248498535e+02 6.4250598145e+02 6.4252197266e+02 6.4250299072e+02 6.4250097656e+02 6.4248797607e+02 6.4245697021e+02 6.4240100098e+02 6.4231097412e+02 6.4221997070e+02 6.4214898682e+02 6.4208898926e+02
6.4137597656e+02 6.4138000488e+02 6.4138397217e+02 6.4142297363e+02 6.4149597168e+02 6.4159997559e+02 6.4172698975e+02 6.4183001709e+02 6.4188299561e+02 6.4187200928e+02 6.4189202881e+02 6.4193902588e+02 6.4200799561e+02 6.4203900146e+02 6.4204199219e+02 6.4206097412e+02 6.4220898438e+02 6.4229699707e+02 6.4223901367e+02 6.4216699219e+02 6.4219799805e+02 6.4224597168e+02 6.4233898926e+02 6.4246002197e+02 6.4261999512e+02 6.4259600830e+02 6.4257501221e+02 6.4256402588e+02 6.4255102539e+02 6.4249401855e+02 6.4244396973e+02 6.4239202881e+02 6.4231500244e+02 6.4224902344e+02 6.4225799561e+02 6.4229901123e+02 6.4227899170e+02 6.4222802734e+02 6.4220001221e+02 6.4217797852e+02 6.4215802002e+02 6.4211499023e+02 6.4203900146e+02 6.4196502686e+02 6.4192401123e+02 6.4184802246e+02
6.4121997070e+02 6.4125201416e+02 6.4129302979e+02 6.4135900879e+02 6.4144000244e+02 6.4151300049e+02 6.4161102295e+02 6.4170098877e+02 6.4174902344e+02 6.4174102783e+02 6.4175897217e+02 6.4180798340e+02 6.4188201904e+02 6.4193597412e+02 6.4192700195e+02 6.4189398193e+02 6.4191101074e+02 6.4191699219e+02 6.4190698242e+02 6.4193298340e+02 6.4203997803e+02 6.4210400391e+02 6.4222601318e+02 6.4241900635e+02 6.4256597900e+02 6.4251098633e+02 6.4247698975e+02 6.4247198486e+02 6.4243597412e+02 6.4236602783e+02 6.4228198242e+02 6.4218200684e+02 6.4206597900e+02 6.4198199463e+02 6.4197998047e+02 6.4199902344e+02 6.4197198486e+02 6.4193103027e+02 6.4189898682e+02 6.4184399414e+02 6.4180700684e+02 6.4178601074e+02 6.4175701904e+02 6.4172802734e+02 6.4170501709e+02 6.4165997314e+02
6.4107598877e+02 6.4110797119e+02 6.4117401123e+02 6.4126397705e+02 6.4136602783e+02 6.4143902588e+02 6.4151501465e+02 6.4158502197e+02 6.4163098145e+02 6.4164001465e+02 6.4166601563e+02 6.4171600342e+02 6.4179302979e+02 6.4186700439e+02 6.4185601807e+02 6.4179602051e+02 6.4174200439e+02 6.4173797607e+02 6.4176202393e+02 6.4182800293e+02 6.4196197510e+02 6.4203601074e+02 6.4214801025e+02 6.4231298828e+02 6.4241198730e+02 6.4234002686e+02 6.4233398438e+02 6.4236102295e+02 6.4232800293e+02 6.4224700928e+02 6.4213201904e+02 6.4198901367e+02 6.4184899902e+02 6.4175897217e+02 6.4172601318e+02 6.4171197510e+02 6.4166802979e+02 6.4163702393e+02 6.4160797119e+02 6.4154498291e+02 6.4149102783e+02 6.4149200439e+02 6.4150500488e+02 6.4150402832e+02 6.4147802734e+02 6.4143200684e+02
6.4094799805e+02 6.4096099854e+02 6.4103698730e+02 6.4113897705e+02 6.4125201416e+02 6.4134698486e+02 6.4142401123e+02 6.4148297119e+02 6.4152099609e+02 6.4155700684e+02 6.4159997559e+02 6.4165502930e+02 6.4172497559e+02 6.4180603027e+02 6.4180902100e+02 6.4175402832e+02 6.4169097900e+02 6.4170202637e+02 6.4174401855e+02 6.4181701660e+02 6.4193103027e+02 6.4199902344e+02 6.4207397461e+02 6.4215698242e+02 6.4217199707e+02 6.4208898926e+02 6.4210498047e+02 6.4216497803e+02 6.4217401123e+02 6.4209497070e+02 6.4195800781e+02 6.4179302979e+02 6.4164898682e+02 6.4155798340e+02 6.4149798584e+02 6.4145599365e+02 6.4140002441e+02 6.4136199951e+02 6.4132897949e+02 6.4127301025e+02 6.4122399902e+02 6.4125000000e+02 6.4128698730e+02 6.4129302979e+02 6.4124401855e+02 6.4118499756e+02
