TESTSERVER/5/4.asc
NCOLS 100
NROWS 100
XLLCORNER 7.7497500000e+03
YLLCORNER 2.8975025000e+05
CELLSIZE 5.0000000000e-01
NODATA_VALUE -9.9990000000e+03
[rows 40 to 59 of 100, columns 0 to 45 of 100]
6.3867401123e+02 6.3868298340e+02 6.3869201660e+02 6.3870397949e+02 6.3875201416e+02 6.3877301025e+02 6.3872100830e+02 6.3860797119e+02 6.3853900146e+02 6.3853002930e+02 6.3855700684e+02 6.3859997559e+02 6.3862701416e+02 6.3865802002e+02 6.3871997070e+02 6.3873699951e+02 6.3878601074e+02 6.3883502197e+02 6.3885998535e+02 6.3890600586e+02 6.3896002197e+02 6.3903399658e+02 6.3914898682e+02 6.3934301758e+02 6.3948101807e+02 6.3959002686e+02 6.3966400146e+02 6.3963299561e+02 6.3963500977e+02 6.3963500977e+02 6.3963299561e+02 6.3968200684e+02 6.3969799805e+02 6.3970397949e+02 6.3971801758e+02 6.3973498535e+02 6.3982397461e+02 6.3992999268e+02 6.4002197266e+02 6.4028497314e+02 6.4045397949e+02 6.4054699707e+02 6.4061499023e+02 6.4068499756e+02 6.4075799561e+02 6.4082202148e+02
6.3841101074e+02 6.3843499756e+02 6.3845800781e+02 6.3847497559e+02 6.3852697754e+02 6.3854998779e+02 6.3849597168e+02 6.3840600586e+02 6.3834100342e+02 6.3832702637e+02 6.3834399414e+02 6.3837701416e+02 6.3840100098e+02 6.3842797852e+02 6.3848101807e+02 6.3850897217e+02 6.3857598877e+02 6.3865301514e+02 6.3867700195e+02 6.3870697021e+02 6.3875897217e+02 6.3882800293e+02 6.3890197754e+02 6.3904797363e+02 6.3922198486e+02 6.3940100098e+02 6.3953997803e+02 6.3960198975e+02 6.3963800049e+02 6.3963800049e+02 6.3961401367e+02 6.3963299561e+02 6.3965698242e+02 6.3967999268e+02 6.3968902588e+02 6.3969299316e+02 6.3971697998e+02 6.3975299072e+02 6.3978900146e+02 6.3992498779e+02 6.4009301758e+02 6.4024798584e+02 6.4038800049e+02 6.4051501465e+02 6.4063000488e+02 6.4071600342e+02
6.3813800049e+02 6.3817700195e+02 6.3820501709e+02 6.3822900391e+02 6.3827899170e+02 6.3829699707e+02 6.3825897217e+02 6.3820300293e+02 6.3815301514e+02 6.3813299561e+02 6.3813702393e+02 6.3815802002e+02 6.3818402100e+02 6.3822100830e+02 6.3827099609e+02 6.3829998779e+02 6.3836901855e+02 6.3845202637e+02 6.3848101807e+02 6.3850097656e+02 6.3855102539e+02 6.3862597656e+02 6.3870898438e+02 6.3881298828e+02 6.3896398926e+02 6.3914300537e+02 6.3929699707e+02 6.3943103027e+02 6.3954901123e+02 6.3961297607e+02 6.3959698486e+02 6.3960699463e+02 6.3963702393e+02 6.3965802002e+02 6.3966998291e+02 6.3967199707e+02 6.3967498779e+02 6.3968902588e+02 6.3970599365e+02 6.3972998047e+02 6.3981402588e+02 6.3993597412e+02 6.4010797119e+02 6.4027801514e+02 6.4041699219e+02 6.4053601074e+02
6.3788800049e+02 6.3794396973e+02 6.3797802734e+02 6.3801300049e+02 6.3806201172e+02 6.3807202148e+02 6.3804400635e+02 6.3802001953e+02 6.3798901367e+02 6.3796899414e+02 6.3795599365e+02 6.3795501709e+02 6.3797802734e+02 6.3802502441e+02 6.3808697510e+02 6.3811401367e+02 6.3817498779e+02 6.3825000000e+02 6.3828198242e+02 6.3829602051e+02 6.3834802246e+02 6.3843902588e+02 6.3854199219e+02 6.3860699463e+02 6.3870800781e+02 6.3884399414e+02 6.3897601318e+02 6.3913598633e+02 6.3931597900e+02 6.3945202637e+02 6.3949700928e+02 6.3953802490e+02 6.3959899902e+02 6.3963702393e+02 6.3964801025e+02 6.3965997314e+02 6.3967102051e+02 6.3969097900e+02 6.3973199463e+02 6.3974200439e+02 6.3975299072e+02 6.3978997803e+02 6.3988702393e+02 6.4003698730e+02 6.4017401123e+02 6.4030401611e+02
6.3765002441e+02 6.3771600342e+02 6.3777899170e+02 6.3782598877e+02 6.3786602783e+02 6.3786798096e+02 6.3784497070e+02 6.3784899902e+02 6.3784301758e+02 6.3782598877e+02 6.3780200195e+02 6.3777801514e+02 6.3778698730e+02 6.3783300781e+02 6.3790002441e+02 6.3792901611e+02 6.3797302246e+02 6.3803302002e+02 6.3807501221e+02 6.3809600830e+02 6.3815997314e+02 6.3826397705e+02 6.3835797119e+02 6.3841601563e+02 6.3849102783e+02 6.3858898926e+02 6.3869500732e+02 6.3882501221e+02 6.3899298096e+02 6.3914801025e+02 6.3924200439e+02 6.3936401367e+02 6.3948498535e+02 6.3958502197e+02 6.3965002441e+02 6.3964398193e+02 6.3966302490e+02 6.3969097900e+02 6.3973101807e+02 6.3980603027e+02 6.3982000732e+02 6.3980902100e+02 6.3982501221e+02 6.3985198975e+02 6.3993298340e+02 6.4003198242e+02
6.3740002441e+02 6.3746099854e+02 6.3752301025e+02 6.3757800293e+02 6.3761297607e+02 6.3762799072e+02 6.3763800049e+02 6.3765600586e+02 6.3765899658e+02 6.3764202881e+02 6.3761199951e+02 6.3759301758e+02 6.3759997559e+02 6.3763299561e+02 6.3767999268e+02 6.3772601318e+02 6.3777600098e+02 6.3782800293e+02 6.3787597656e+02 6.3790600586e+02 6.3797698975e+02 6.3807897949e+02 6.3816802979e+02 6.3822399902e+02 6.3829602051e+02 6.3838000488e+02 6.3847698975e+02 6.3860101318e+02 6.3874700928e+02 6.3888299561e+02 6.3898297119e+02 6.3909899902e+02 6.3925097656e+02 6.3941302490e+02 6.3955401611e+02 6.3962597656e+02 6.3967901611e+02 6.3971801758e+02 6.3973901367e+02 6.3976501465e+02 6.3980102539e+02 6.3982202148e+02 6.3983099365e+02 6.3983300781e+02 6.3984899902e+02 6.3987902832e+02
6.3715197754e+02 6.3721197510e+02 6.3727600098e+02 6.3732397461e+02 6.3736297607e+02 6.3739398193e+02 6.3743103027e+02 6.3745697021e+02 6.3746197510e+02 6.3744598389e+02 6.3742297363e+02 6.3741101074e+02 6.3742199707e+02 6.3745300293e+02 6.3749700928e+02 6.3756597900e+02 6.3762298584e+02 6.3766302490e+02 6.3769897461e+02 6.3773498535e+02 6.3780401611e+02 6.3789398193e+02 6.3797399902e+02 6.3804498291e+02 6.3812097168e+02 6.3820001221e+02 6.3829602051e+02 6.3841699219e+02 6.3855297852e+02 6.3868200684e+02 6.3877600098e+02 6.3887500000e+02 6.3902502441e+02 6.3920001221e+02 6.3937902832e+02 6.3951599121e+02 6.3961798096e+02 6.3969299316e+02 6.3974102783e+02 6.3975201416e+02 6.3977899170e+02 6.3980603027e+02 6.3983898926e+02 6.3986401367e+02 6.3987097168e+02 6.3987200928e+02
6.3692602539e+02 6.3699102783e+02 6.3705999756e+02 6.3710797119e+02 6.3714398193e+02 6.3717797852e+02 6.3722399902e+02 6.3725897217e+02 6.3726501465e+02 6.3725201416e+02 6.3724200439e+02 6.3723901367e+02 6.3726300049e+02 6.3730798340e+02 6.3736901855e+02 6.3745001221e+02 6.3750097656e+02 6.3751599121e+02 6.3752697754e+02 6.3755999756e+02 6.3763000488e+02 6.3771398926e+02 6.3778601074e+02 6.3788201904e+02 6.3797601318e+02 6.3805999756e+02 6.3815002441e+02 6.3827001953e+02 6.3840399170e+02 6.3853601074e+02 6.3863897705e+02 6.3871899414e+02 6.3884100342e+02 6.3899200439e+02 6.3915600586e+02 6.3932000732e+02 6.3946002197e+02 6.3957299805e+02 6.3966998291e+02 6.3975897217e+02 6.3981097412e+02 6.3982702637e+02 6.3985699463e+02 6.3990399170e+02 6.3991497803e+02 6.3991601563e+02
6.3671801758e+02 6.3679199219e+02 6.3687701416e+02 6.3693298340e+02 6.3696697998e+02 6.3698901367e+02 6.3701599121e+02 6.3704302979e+02 6.3704901123e+02 6.3704998779e+02 6.3705999756e+02 6.3707098389e+02 6.3710900879e+02 6.3717797852e+02 6.3727899170e+02 6.3736602783e+02 6.3740002441e+02 6.3739099121e+02 6.3736700439e+02 6.3739398193e+02 6.3746997070e+02 6.3755297852e+02 6.3759899902e+02 6.3771899414e+02 6.3783197021e+02 6.3792901611e+02 6.3802801514e+02 6.3814099121e+02 6.3827697754e+02 6.3841900635e+02 6.3855401611e+02 6.3864501953e+02 6.3873199463e+02 6.3882897949e+02 6.3892297363e+02 6.3905999756e+02 6.3920599365e+02 6.3934802246e+02 6.3944500732e+02 6.3968402100e+02 6.3985601807e+02 6.3990600586e+02 6.3991400146e+02 6.3993701172e+02 6.3994000244e+02 6.3993798828e+02
6.3650097656e+02 6.3659899902e+02 6.3667797852e+02 6.3672100830e+02 6.3674597168e+02 6.3675598145e+02 6.3675000000e+02 6.3675299072e+02 6.3676397705e+02 6.3679400635e+02 6.3683801270e+02 6.3687597656e+02 6.3691998291e+02 6.3698797607e+02 6.3709997559e+02 6.3720001221e+02 6.3724298096e+02 6.3724298096e+02 6.3721997070e+02 6.3725000000e+02 6.3730902100e+02 6.3738098145e+02 6.3745098877e+02 6.3755700684e+02 6.3766497803e+02 6.3777801514e+02 6.3789697266e+02 6.3802001953e+02 6.3815899658e+02 6.3830499268e+02 6.3844299316e+02 6.3854699707e+02 6.3862902832e+02 6.3870001221e+02 6.3877001953e+02 6.3884899902e+02 6.3896697998e+02 6.3911199951e+02 6.3925500488e+02 6.3952001953e+02 6.3979797363e+02 6.3993701172e+02 6.3997998047e+02 6.3999401855e+02 6.3998699951e+02 6.3996899414e+02
6.3629302979e+02 6.3641101074e+02 6.3646600342e+02 6.3646502686e+02 6.3646301270e+02 6.3645800781e+02 6.3644897461e+02 6.3644897461e+02 6.3647998047e+02 6.3653497314e+02 6.3660400391e+02 6.3666101074e+02 6.3671899414e+02 6.3679602051e+02 6.3690600586e+02 6.3700897217e+02 6.3706402588e+02 6.3707800293e+02 6.3706799316e+02 6.3709399414e+02 6.3714001465e+02 6.3721600342e+02 6.3732202148e+02 6.3742297363e+02 6.3752600098e+02 6.3764801025e+02 6.3777899170e+02 6.3790399170e+02 6.3804797363e+02 6.3819702148e+02 6.3833898926e+02 6.3844799805e+02 6.3852600098e+02 6.3859002686e+02 6.3865997314e+02 6.3873297119e+02 6.3883398438e+02 6.3896997070e+02 6.3912402344e+02 6.3942199707e+02 6.3976599121e+02 6.3997198486e+02 6.4003100586e+02 6.4004699707e+02 6.4004699707e+02 6.4003198242e+02
6.3606799316e+02 6.3619702148e+02 6.3623400879e+02 6.3620098877e+02 6.3618103027e+02 6.3617297363e+02 6.3617797852e+02 6.3620001221e+02 6.3625000000e+02 6.3631298828e+02 6.3638098145e+02 6.3644897461e+02 6.3652001953e+02 6.3660601807e+02 6.3671002197e+02 6.3681298828e+02 6.3688397217e+02 6.3691998291e+02 6.3693298340e+02 6.3696301270e+02 6.3701397705e+02 6.3710198975e+02 6.3721301270e+02 6.3730700684e+02 6.3740997314e+02 6.3753100586e+02 6.3765899658e+02 6.3778698730e+02 6.3793597412e+02 6.3809002686e+02 6.3823901367e+02 6.3835302734e+02 6.3843103027e+02 6.3849597168e+02 6.3857501221e+02 6.3864599609e+02 6.3872497559e+02 6.3883801270e+02 6.3897900391e+02 6.3929602051e+02 6.3967901611e+02 6.3993701172e+02 6.4002197266e+02 6.4004901123e+02 6.4006701660e+02 6.4007397461e+02
6.3580200195e+02 6.3591601563e+02 6.3597497559e+02 6.3594799805e+02 6.3593402100e+02 6.3594097900e+02 6.3597198486e+02 6.3603302002e+02 6.3609399414e+02 6.3614398193e+02 6.3619201660e+02 6.3625897217e+02 6.3633502197e+02 6.3642297363e+02 6.3651300049e+02 6.3661199951e+02 6.3670300293e+02 6.3677197266e+02 6.3682702637e+02 6.3687200928e+02 6.3693701172e+02 6.3702099609e+02 6.3709997559e+02 6.3719500732e+02 6.3730102539e+02 6.3741802979e+02 6.3753302002e+02 6.3766699219e+02 6.3781799316e+02 6.3797399902e+02 6.3811297607e+02 6.3826098633e+02 6.3834002686e+02 6.3840002441e+02 6.3847601318e+02 6.3856097412e+02 6.3861297607e+02 6.3868200684e+02 6.3878497314e+02 6.3911798096e+02 6.3952600098e+02 6.3983502197e+02 6.3996997070e+02 6.3999200439e+02 6.4001599121e+02 6.4004199219e+02
6.3549902344e+02 6.3558197021e+02 6.3565698242e+02 6.3568103027e+02 6.3570001221e+02 6.3573602295e+02 6.3579199219e+02 6.3585601807e+02 6.3592102051e+02 6.3596997070e+02 6.3601397705e+02 6.3607598877e+02 6.3614300537e+02 6.3622698975e+02 6.3632098389e+02 6.3642102051e+02 6.3652001953e+02 6.3660601807e+02 6.3668402100e+02 6.3675402832e+02 6.3683099365e+02 6.3690399170e+02 6.3697100830e+02 6.3707299805e+02 6.3719000244e+02 6.3731298828e+02 6.3742498779e+02 6.3754797363e+02 6.3768798828e+02 6.3783398438e+02 6.3798602295e+02 6.3813702393e+02 6.3823797607e+02 6.3830102539e+02 6.3839599609e+02 6.3850097656e+02 6.3853198242e+02 6.3855902100e+02 6.3861901855e+02 6.3889300537e+02 6.3934197998e+02 6.3975500488e+02 6.3988897705e+02 6.3989398193e+02 6.3991101074e+02 6.3993597412e+02
6.3522100830e+02 6.3529901123e+02 6.3538500977e+02 6.3544201660e+02 6.3549401855e+02 6.3555999756e+02 6.3563800049e+02 6.3569201660e+02 6.3574798584e+02 6.3579602051e+02 6.3584100342e+02 6.3589398193e+02 6.3595397949e+02 6.3603302002e+02 6.3613201904e+02 6.3624298096e+02 6.3634899902e+02 6.3644000244e+02 6.3652001953e+02 6.3659997559e+02 6.3669396973e+02 6.3677801514e+02 6.3684899902e+02 6.3696002197e+02 6.3708398438e+02 6.3721099854e+02 6.3732202148e+02 6.3743200684e+02 6.3756201172e+02 6.3770202637e+02 6.3784497070e+02 6.3799102783e+02 6.3811602783e+02 6.3820397949e+02 6.3830603027e+02 6.3841601563e+02 6.3844500732e+02 6.3845300293e+02 6.3846600342e+02 6.3858502197e+02 6.3892797852e+02 6.3934802246e+02 6.3957299805e+02 6.3961401367e+02 6.3965802002e+02 6.3971002197e+02
6.3500701904e+02 6.3509698486e+02 6.3519799805e+02 6.3527398682e+02 6.3535302734e+02 6.3543798828e+02 6.3551599121e+02 6.3554901123e+02 6.3558898926e+02 6.3563500977e+02 6.3568103027e+02 6.3572698975e+02 6.3578399658e+02 6.3585601807e+02 6.3595501709e+02 6.3607098389e+02 6.3617700195e+02 6.3627001953e+02 6.3634399414e+02 6.3642401123e+02 6.3653997803e+02 6.3665100098e+02 6.3674298096e+02 6.3685797119e+02 6.3698498535e+02 6.3711199951e+02 6.3722302246e+02 6.3732299805e+02 6.3744396973e+02 6.3757501221e+02 6.3771002197e+02 6.3784698486e+02 6.3798400879e+02 6.3809197998e+02 6.3820001221e+02 6.3830102539e+02 6.3833398438e+02 6.3833898926e+02 6.3834197998e+02 6.3833001709e+02 6.3848797607e+02 6.3878997803e+02 6.3907202148e+02 6.3919000244e+02 6.3927099609e+02 6.3936199951e+02
6.3487097168e+02 6.3498199463e+02 6.3510302734e+02 6.3517297363e+02 6.3527502441e+02 6.3536199951e+02 6.3539599609e+02 6.3540301514e+02 6.3542401123e+02 6.3546899414e+02 6.3553399658e+02 6.3559802246e+02 6.3565698242e+02 6.3571899414e+02 6.3582598877e+02 6.3592102051e+02 6.3601000977e+02 6.3609497070e+02 6.3617700195e+02 6.3626397705e+02 6.3638897705e+02 6.3652502441e+02 6.3664697266e+02 6.3677099609e+02 6.3689398193e+02 6.3701501465e+02 6.3711102295e+02 6.3722198486e+02 6.3734100342e+02 6.3746398926e+02 6.3758398438e+02 6.3772399902e+02 6.3785601807e+02 6.3797198486e+02 6.3809600830e+02 6.3818103027e+02 6.3821600342e+02 6.3822601318e+02 6.3824200439e+02 6.3825598145e+02 6.3828100586e+02 6.3836602783e+02 6.3851501465e+02 6.3872497559e+02 6.3883099365e+02 6.3892700195e+02
6.3477197266e+02 6.3486499023e+02 6.3495202637e+02 6.3502502441e+02 6.3513397217e+02 6.3521301270e+02 6.3522998047e+02 6.3523498535e+02 6.3525500488e+02 6.3530603027e+02 6.3539898682e+02 6.3549102783e+02 6.3555798340e+02 6.3561798096e+02 6.3569396973e+02 6.3577600098e+02 6.3585101318e+02 6.3593200684e+02 6.3602301025e+02 6.3612902832e+02 6.3625701904e+02 6.3639801025e+02 6.3653802490e+02 6.3666699219e+02 6.3678997803e+02 6.3690698242e+02 6.3701000977e+02 6.3712298584e+02 6.3724298096e+02 6.3735900879e+02 6.3747497559e+02 6.3760302734e+02 6.3771697998e+02 6.3782501221e+02 6.3795300293e+02 6.3804797363e+02 6.3808898926e+02 6.3810797119e+02 6.3812799072e+02 6.3817498779e+02 6.3821899414e+02 6.3826397705e+02 6.3833502197e+02 6.3846197510e+02 6.3855401611e+02 6.3862097168e+02
6.3466400146e+02 6.3474401855e+02 6.3481097412e+02 6.3487597656e+02 6.3496197510e+02 6.3503497314e+02 6.3507501221e+02 6.3509301758e+02 6.3512597656e+02 6.3519097900e+02 6.3529302979e+02 6.3539099121e+02 6.3546197510e+02 6.3552001953e+02 6.3557897949e+02 6.3564300537e+02 6.3571301270e+02 6.3579400635e+02 6.3588897705e+02 6.3600097656e+02 6.3613800049e+02 6.3628900146e+02 6.3643701172e+02 6.3656500244e+02 6.3669097900e+02 6.3681097412e+02 6.3692199707e+02 6.3703601074e+02 6.3715197754e+02 6.3726300049e+02 6.3737200928e+02 6.3747998047e+02 6.3758001709e+02 6.3767700195e+02 6.3778399658e+02 6.3786700439e+02 6.3791400146e+02 6.3795098877e+02 6.3798999023e+02 6.3804302979e+02 6.3809399414e+02 6.3813598633e+02 6.3817797852e+02 6.3827301025e+02 6.3835797119e+02 6.3842700195e+02
6.3458001709e+02 6.3464801025e+02 6.3470202637e+02 6.3474200439e+02 6.3478601074e+02 6.3484497070e+02 6.3491998291e+02 6.3496398926e+02 6.3502001953e+02 6.3510400391e+02 6.3520800781e+02 6.3530200195e+02 6.3537701416e+02 6.3543402100e+02 6.3547900391e+02 6.3552899170e+02 6.3559301758e+02 6.3567297363e+02 6.3577001953e+02 6.3588702393e+02 6.3603002930e+02 6.3618597412e+02 6.3634002686e+02 6.3647198486e+02 6.3660198975e+02 6.3672601318e+02 6.3684497070e+02 6.3696398926e+02 6.3707702637e+02 6.3718402100e+02 6.3728497314e+02 6.3736901855e+02 6.3745001221e+02 6.3753399658e+02 6.3761798096e+02 6.3767602539e+02 6.3772100830e+02 6.3777099609e+02 6.3782501221e+02 6.3788000488e+02 6.3793103027e+02 6.3796398926e+02 6.3799298096e+02 6.3808398438e+02 6.3817602539e+02 6.3827197266e+02
