TESTSERVER/5/5.asc
NCOLS 100
NROWS 100
XLLCORNER 7.7497500000e+03
YLLCORNER 2.8970025000e+05
CELLSIZE 5.0000000000e-01
NODATA_VALUE -9.9990000000e+03
[rows 60 to 79 of 100, columns 0 to 45 of 100]
6.2440002441e+02 6.2429699707e+02 6.2427301025e+02 6.2429199219e+02 6.2430297852e+02 6.2430200195e+02 6.2430798340e+02 6.2430401611e+02 6.2428302002e+02 6.2426000977e+02 6.2426098633e+02 6.2426898193e+02 6.2425701904e+02 6.2424499512e+02 6.2423797607e+02 6.2422601318e+02 6.2421002197e+02 6.2421099854e+02 6.2422698975e+02 6.2420898438e+02 6.2417700195e+02 6.2416497803e+02 6.2417401123e+02 6.2417297363e+02 6.2416900635e+02 6.2414898682e+02 6.2413000488e+02 6.2412902832e+02 6.2411999512e+02 6.2411102295e+02 6.2410198975e+02 6.2406597900e+02 6.2405401611e+02 6.2405297852e+02 6.2402099609e+02 6.2399798584e+02 6.2397802734e+02 6.2395501709e+02 6.2392700195e+02 6.2391497803e+02 6.2390197754e+02 6.2387701416e+02 6.2384698486e+02 6.2384100342e+02 6.2384997559e+02 6.2384497070e+02
6.2439001465e+02 6.2428302002e+02 6.2424700928e+02 6.2424499512e+02 6.2425799561e+02 6.2429498291e+02 6.2433898926e+02 6.2433898926e+02 6.2431201172e+02 6.2427697754e+02 6.2425402832e+02 6.2425701904e+02 6.2425598145e+02 6.2425299072e+02 6.2423901367e+02 6.2422802734e+02 6.2422698975e+02 6.2423199463e+02 6.2422302246e+02 6.2419702148e+02 6.2416699219e+02 6.2415399170e+02 6.2415100098e+02 6.2414801025e+02 6.2414599609e+02 6.2414202881e+02 6.2412298584e+02 6.2412799072e+02 6.2412799072e+02 6.2411499023e+02 6.2410400391e+02 6.2406896973e+02 6.2404901123e+02 6.2404302979e+02 6.2401599121e+02 6.2398901367e+02 6.2397802734e+02 6.2396502686e+02 6.2392901611e+02 6.2390997314e+02 6.2389599609e+02 6.2387799072e+02 6.2386700439e+02 6.2385101318e+02 6.2384399414e+02 6.2384002686e+02
6.2437500000e+02 6.2427697754e+02 6.2423797607e+02 6.2422601318e+02 6.2424401855e+02 6.2429400635e+02 6.2434100342e+02 6.2435198975e+02 6.2433599854e+02 6.2429302979e+02 6.2424798584e+02 6.2423498535e+02 6.2424200439e+02 6.2425299072e+02 6.2423699951e+02 6.2422497559e+02 6.2423101807e+02 6.2423101807e+02 6.2420397949e+02 6.2417297363e+02 6.2415301514e+02 6.2414599609e+02 6.2413800049e+02 6.2412799072e+02 6.2412298584e+02 6.2411999512e+02 6.2410900879e+02 6.2411199951e+02 6.2411297607e+02 6.2411102295e+02 6.2411297607e+02 6.2408300781e+02 6.2405102539e+02 6.2402801514e+02 6.2400500488e+02 6.2397198486e+02 6.2395599365e+02 6.2394598389e+02 6.2392199707e+02 6.2390698242e+02 6.2389398193e+02 6.2387799072e+02 6.2387298584e+02 6.2385101318e+02 6.2383197021e+02 6.2382501221e+02
6.2433099365e+02 6.2425500488e+02 6.2422497559e+02 6.2421997070e+02 6.2426202393e+02 6.2432702637e+02 6.2436297607e+02 6.2436999512e+02 6.2435601807e+02 6.2430603027e+02 6.2423797607e+02 6.2420501709e+02 6.2421801758e+02 6.2424200439e+02 6.2422900391e+02 6.2421002197e+02 6.2420599365e+02 6.2419799805e+02 6.2417498779e+02 6.2415100098e+02 6.2413500977e+02 6.2413299561e+02 6.2412799072e+02 6.2411102295e+02 6.2410198975e+02 6.2409802246e+02 6.2409600830e+02 6.2409002686e+02 6.2408197021e+02 6.2409002686e+02 6.2410198975e+02 6.2408599854e+02 6.2405102539e+02 6.2401702881e+02 6.2398999023e+02 6.2396002197e+02 6.2394396973e+02 6.2393499756e+02 6.2391900635e+02 6.2392102051e+02 6.2391302490e+02 6.2388098145e+02 6.2385498047e+02 6.2384002686e+02 6.2381799316e+02 6.2380200195e+02
6.2428399658e+02 6.2422399902e+02 6.2418798828e+02 6.2421099854e+02 6.2429998779e+02 6.2439599609e+02 6.2442297363e+02 6.2441198730e+02 6.2439099121e+02 6.2431799316e+02 6.2421002197e+02 6.2418103027e+02 6.2420001221e+02 6.2422998047e+02 6.2423498535e+02 6.2421099854e+02 6.2418200684e+02 6.2415399170e+02 6.2415100098e+02 6.2414398193e+02 6.2412298584e+02 6.2411102295e+02 6.2410498047e+02 6.2408801270e+02 6.2408502197e+02 6.2408898926e+02 6.2409497070e+02 6.2407897949e+02 6.2406298828e+02 6.2406097412e+02 6.2404998779e+02 6.2405102539e+02 6.2403900146e+02 6.2401098633e+02 6.2397497559e+02 6.2395098877e+02 6.2393798828e+02 6.2392901611e+02 6.2390802002e+02 6.2393499756e+02 6.2393701172e+02 6.2388702393e+02 6.2383502197e+02 6.2382702637e+02 6.2380297852e+02 6.2377801514e+02
6.2425701904e+02 6.2419299316e+02 6.2416699219e+02 6.2419702148e+02 6.2428497314e+02 6.2436602783e+02 6.2436700439e+02 6.2436102295e+02 6.2435498047e+02 6.2427697754e+02 6.2416400146e+02 6.2415197754e+02 6.2418499756e+02 6.2423199463e+02 6.2424499512e+02 6.2422998047e+02 6.2419097900e+02 6.2414501953e+02 6.2415002441e+02 6.2417102051e+02 6.2413201904e+02 6.2409698486e+02 6.2409600830e+02 6.2407702637e+02 6.2406500244e+02 6.2405999756e+02 6.2406097412e+02 6.2405700684e+02 6.2404901123e+02 6.2405401611e+02 6.2404498291e+02 6.2402801514e+02 6.2401397705e+02 6.2399798584e+02 6.2399102783e+02 6.2396002197e+02 6.2393103027e+02 6.2390802002e+02 6.2389202881e+02 6.2389300537e+02 6.2389697266e+02 6.2386401367e+02 6.2382800293e+02 6.2381201172e+02 6.2378997803e+02 6.2375897217e+02
6.2423699951e+02 6.2419000244e+02 6.2415802002e+02 6.2416699219e+02 6.2422100830e+02 6.2426702881e+02 6.2425097656e+02 6.2423797607e+02 6.2423400879e+02 6.2419299316e+02 6.2413897705e+02 6.2413000488e+02 6.2415502930e+02 6.2420001221e+02 6.2422601318e+02 6.2422198486e+02 6.2418103027e+02 6.2413201904e+02 6.2413299561e+02 6.2415502930e+02 6.2412799072e+02 6.2409399414e+02 6.2408502197e+02 6.2407202148e+02 6.2405798340e+02 6.2404602051e+02 6.2404101563e+02 6.2403601074e+02 6.2403399658e+02 6.2404998779e+02 6.2404699707e+02 6.2401000977e+02 6.2398999023e+02 6.2399798584e+02 6.2403601074e+02 6.2400701904e+02 6.2395202637e+02 6.2390600586e+02 6.2388299561e+02 6.2386102295e+02 6.2385699463e+02 6.2384600830e+02 6.2382397461e+02 6.2383099365e+02 6.2382702637e+02 6.2377301025e+02
6.2422302246e+02 6.2418798828e+02 6.2415301514e+02 6.2414599609e+02 6.2416998291e+02 6.2419201660e+02 6.2417999268e+02 6.2415399170e+02 6.2414599609e+02 6.2414501953e+02 6.2415301514e+02 6.2413000488e+02 6.2413201904e+02 6.2416101074e+02 6.2419702148e+02 6.2420001221e+02 6.2416101074e+02 6.2412597656e+02 6.2413598633e+02 6.2415002441e+02 6.2413702393e+02 6.2410302734e+02 6.2407202148e+02 6.2406201172e+02 6.2405102539e+02 6.2404302979e+02 6.2404699707e+02 6.2403601074e+02 6.2402197266e+02 6.2403497314e+02 6.2404199219e+02 6.2399597168e+02 6.2396801758e+02 6.2397900391e+02 6.2402301025e+02 6.2399798584e+02 6.2394897461e+02 6.2390802002e+02 6.2387902832e+02 6.2384301758e+02 6.2382897949e+02 6.2382897949e+02 6.2381701660e+02 6.2384301758e+02 6.2385601807e+02 6.2379498291e+02
6.2420697021e+02 6.2419598389e+02 6.2416302490e+02 6.2415899658e+02 6.2418200684e+02 6.2420697021e+02 6.2422900391e+02 6.2416101074e+02 6.2411999512e+02 6.2413299561e+02 6.2416400146e+02 6.2414099121e+02 6.2412402344e+02 6.2413800049e+02 6.2420098877e+02 6.2419396973e+02 6.2415698242e+02 6.2414898682e+02 6.2420300293e+02 6.2419299316e+02 6.2416802979e+02 6.2412097168e+02 6.2406896973e+02 6.2404901123e+02 6.2403900146e+02 6.2404199219e+02 6.2405999756e+02 6.2405401611e+02 6.2402301025e+02 6.2401501465e+02 6.2402001953e+02 6.2400500488e+02 6.2397497559e+02 6.2395599365e+02 6.2395202637e+02 6.2392901611e+02 6.2391198730e+02 6.2390399170e+02 6.2389099121e+02 6.2384802246e+02 6.2382098389e+02 6.2381201172e+02 6.2380200195e+02 6.2378900146e+02 6.2378601074e+02 6.2376599121e+02
6.2406097412e+02 6.2407098389e+02 6.2406298828e+02 6.2408697510e+02 6.2414001465e+02 6.2419500732e+02 6.2421197510e+02 6.2414599609e+02 6.2410699463e+02 6.2413201904e+02 6.2417797852e+02 6.2415301514e+02 6.2412097168e+02 6.2411700439e+02 6.2415600586e+02 6.2416101074e+02 6.2414202881e+02 6.2417199707e+02 6.2424499512e+02 6.2424102783e+02 6.2418902588e+02 6.2411700439e+02 6.2405999756e+02 6.2403997803e+02 6.2404199219e+02 6.2407299805e+02 6.2408398438e+02 6.2405999756e+02 6.2402001953e+02 6.2399298096e+02 6.2400799561e+02 6.2401300049e+02 6.2398699951e+02 6.2395397949e+02 6.2393103027e+02 6.2391900635e+02 6.2390197754e+02 6.2389099121e+02 6.2389099121e+02 6.2385101318e+02 6.2382397461e+02 6.2381097412e+02 6.2378399658e+02 6.2376300049e+02 6.2375299072e+02 6.2374298096e+02
6.2400799561e+02 6.2397900391e+02 6.2397100830e+02 6.2399200439e+02 6.2404699707e+02 6.2410998535e+02 6.2414801025e+02 6.2411999512e+02 6.2411199951e+02 6.2414398193e+02 6.2418402100e+02 6.2415802002e+02 6.2411999512e+02 6.2410699463e+02 6.2411999512e+02 6.2410998535e+02 6.2410101318e+02 6.2413702393e+02 6.2420397949e+02 6.2422698975e+02 6.2419201660e+02 6.2411700439e+02 6.2405200195e+02 6.2403100586e+02 6.2404797363e+02 6.2410302734e+02 6.2411297607e+02 6.2410400391e+02 6.2407501221e+02 6.2403198242e+02 6.2400799561e+02 6.2399798584e+02 6.2397302246e+02 6.2394201660e+02 6.2391998291e+02 6.2391900635e+02 6.2390002441e+02 6.2389099121e+02 6.2390997314e+02 6.2385601807e+02 6.2381500244e+02 6.2380401611e+02 6.2378302002e+02 6.2375299072e+02 6.2373199463e+02 6.2372100830e+02
6.2407501221e+02 6.2400701904e+02 6.2397302246e+02 6.2397100830e+02 6.2399597168e+02 6.2402899170e+02 6.2405999756e+02 6.2409301758e+02 6.2413299561e+02 6.2416802979e+02 6.2416497803e+02 6.2413397217e+02 6.2411199951e+02 6.2410900879e+02 6.2411798096e+02 6.2409802246e+02 6.2408099365e+02 6.2409899902e+02 6.2414099121e+02 6.2419299316e+02 6.2418402100e+02 6.2411602783e+02 6.2405102539e+02 6.2402001953e+02 6.2403100586e+02 6.2408001709e+02 6.2410400391e+02 6.2412701416e+02 6.2411700439e+02 6.2407098389e+02 6.2400799561e+02 6.2397802734e+02 6.2396197510e+02 6.2394799805e+02 6.2394201660e+02 6.2393798828e+02 6.2390002441e+02 6.2387701416e+02 6.2390502930e+02 6.2385900879e+02 6.2381500244e+02 6.2380603027e+02 6.2379199219e+02 6.2375402832e+02 6.2372399902e+02 6.2370898438e+02
6.2418499756e+02 6.2412902832e+02 6.2411102295e+02 6.2406201172e+02 6.2403601074e+02 6.2399700928e+02 6.2394396973e+02 6.2401702881e+02 6.2410797119e+02 6.2415399170e+02 6.2410498047e+02 6.2406597900e+02 6.2406896973e+02 6.2409497070e+02 6.2414501953e+02 6.2411199951e+02 6.2409197998e+02 6.2409100342e+02 6.2411297607e+02 6.2414697266e+02 6.2413098145e+02 6.2408197021e+02 6.2403802490e+02 6.2400097656e+02 6.2401702881e+02 6.2408300781e+02 6.2412902832e+02 6.2411602783e+02 6.2409301758e+02 6.2405200195e+02 6.2400000000e+02 6.2397399902e+02 6.2398101807e+02 6.2400097656e+02 6.2401800537e+02 6.2398199463e+02 6.2391497803e+02 6.2385601807e+02 6.2384002686e+02 6.2382202148e+02 6.2378997803e+02 6.2377197266e+02 6.2377099609e+02 6.2375500488e+02 6.2372601318e+02 6.2370697021e+02
6.2422497559e+02 6.2418402100e+02 6.2414697266e+02 6.2412597656e+02 6.2410101318e+02 6.2404699707e+02 6.2396697998e+02 6.2397497559e+02 6.2403997803e+02 6.2408001709e+02 6.2404699707e+02 6.2401202393e+02 6.2400799561e+02 6.2401898193e+02 6.2405700684e+02 6.2406201172e+02 6.2406097412e+02 6.2407000732e+02 6.2407598877e+02 6.2407702637e+02 6.2405499268e+02 6.2403198242e+02 6.2401702881e+02 6.2399499512e+02 6.2400897217e+02 6.2407397461e+02 6.2413098145e+02 6.2413598633e+02 6.2408599854e+02 6.2403497314e+02 6.2398901367e+02 6.2398101807e+02 6.2401501465e+02 6.2405297852e+02 6.2405297852e+02 6.2398999023e+02 6.2390899658e+02 6.2385400391e+02 6.2383099365e+02 6.2382501221e+02 6.2380798340e+02 6.2377502441e+02 6.2377001953e+02 6.2376300049e+02 6.2373699951e+02 6.2371502686e+02
6.2425097656e+02 6.2420300293e+02 6.2415802002e+02 6.2414398193e+02 6.2414202881e+02 6.2410498047e+02 6.2403002930e+02 6.2401000977e+02 6.2403002930e+02 6.2403497314e+02 6.2400000000e+02 6.2398199463e+02 6.2395501709e+02 6.2392498779e+02 6.2393798828e+02 6.2395098877e+02 6.2397399902e+02 6.2400799561e+02 6.2403997803e+02 6.2403900146e+02 6.2402697754e+02 6.2402197266e+02 6.2401702881e+02 6.2400097656e+02 6.2400201416e+02 6.2402801514e+02 6.2406597900e+02 6.2408898926e+02 6.2405902100e+02 6.2402502441e+02 6.2398901367e+02 6.2397900391e+02 6.2402301025e+02 6.2406799316e+02 6.2404901123e+02 6.2395800781e+02 6.2387799072e+02 6.2383300781e+02 6.2382000732e+02 6.2382598877e+02 6.2381597900e+02 6.2377899170e+02 6.2376202393e+02 6.2374700928e+02 6.2372900391e+02 6.2371099854e+02
6.2427099609e+02 6.2422802734e+02 6.2418499756e+02 6.2417498779e+02 6.2418298340e+02 6.2415301514e+02 6.2407800293e+02 6.2404998779e+02 6.2404400635e+02 6.2402502441e+02 6.2398901367e+02 6.2398999023e+02 6.2395501709e+02 6.2390002441e+02 6.2388598633e+02 6.2387298584e+02 6.2388702393e+02 6.2391998291e+02 6.2397302246e+02 6.2398999023e+02 6.2400097656e+02 6.2401702881e+02 6.2401202393e+02 6.2399798584e+02 6.2399499512e+02 6.2398797607e+02 6.2399200439e+02 6.2400299072e+02 6.2399597168e+02 6.2399298096e+02 6.2397998047e+02 6.2395898438e+02 6.2399798584e+02 6.2405102539e+02 6.2403198242e+02 6.2395098877e+02 6.2388000488e+02 6.2383300781e+02 6.2381402588e+02 6.2380603027e+02 6.2379400635e+02 6.2378002930e+02 6.2378198242e+02 6.2375500488e+02 6.2372802734e+02 6.2370300293e+02
6.2428002930e+02 6.2426098633e+02 6.2425402832e+02 6.2425000000e+02 6.2423797607e+02 6.2418499756e+02 6.2409600830e+02 6.2405798340e+02 6.2404901123e+02 6.2402197266e+02 6.2398699951e+02 6.2401800537e+02 6.2401202393e+02 6.2396899414e+02 6.2393103027e+02 6.2391802979e+02 6.2391302490e+02 6.2389398193e+02 6.2386401367e+02 6.2388201904e+02 6.2392602539e+02 6.2397802734e+02 6.2400000000e+02 6.2399499512e+02 6.2400799561e+02 6.2399798584e+02 6.2398999023e+02 6.2397802734e+02 6.2396600342e+02 6.2396502686e+02 6.2396301270e+02 6.2393298340e+02 6.2395697021e+02 6.2401599121e+02 6.2402502441e+02 6.2399597168e+02 6.2392901611e+02 6.2385302734e+02 6.2381402588e+02 6.2378302002e+02 6.2378198242e+02 6.2382000732e+02 6.2385900879e+02 6.2381597900e+02 6.2374798584e+02 6.2370098877e+02
6.2428399658e+02 6.2425598145e+02 6.2425701904e+02 6.2426000977e+02 6.2425402832e+02 6.2422302246e+02 6.2416699219e+02 6.2413397217e+02 6.2409698486e+02 6.2403997803e+02 6.2400701904e+02 6.2401599121e+02 6.2401898193e+02 6.2402301025e+02 6.2402301025e+02 6.2402697754e+02 6.2406597900e+02 6.2403198242e+02 6.2388397217e+02 6.2380999756e+02 6.2382098389e+02 6.2387500000e+02 6.2394000244e+02 6.2395800781e+02 6.2400701904e+02 6.2401898193e+02 6.2397802734e+02 6.2396600342e+02 6.2395599365e+02 6.2395001221e+02 6.2393402100e+02 6.2391400146e+02 6.2392498779e+02 6.2396697998e+02 6.2399401855e+02 6.2399597168e+02 6.2392901611e+02 6.2384899902e+02 6.2380902100e+02 6.2376800537e+02 6.2379498291e+02 6.2388598633e+02 6.2392498779e+02 6.2384497070e+02 6.2373999023e+02 6.2368798828e+02
6.2429199219e+02 6.2426098633e+02 6.2425402832e+02 6.2424700928e+02 6.2423901367e+02 6.2422198486e+02 6.2419897461e+02 6.2419598389e+02 6.2417700195e+02 6.2412597656e+02 6.2408398438e+02 6.2405401611e+02 6.2401702881e+02 6.2400500488e+02 6.2403698730e+02 6.2405902100e+02 6.2410498047e+02 6.2409497070e+02 6.2396899414e+02 6.2387402344e+02 6.2382299805e+02 6.2381097412e+02 6.2384997559e+02 6.2388000488e+02 6.2394396973e+02 6.2397698975e+02 6.2395300293e+02 6.2395501709e+02 6.2394396973e+02 6.2393597412e+02 6.2392199707e+02 6.2391400146e+02 6.2391198730e+02 6.2390802002e+02 6.2390802002e+02 6.2390997314e+02 6.2388299561e+02 6.2384600830e+02 6.2380902100e+02 6.2375897217e+02 6.2379901123e+02 6.2391601563e+02 6.2395501709e+02 6.2384698486e+02 6.2373101807e+02 6.2368200684e+02
6.2428900146e+02 6.2427301025e+02 6.2425402832e+02 6.2423498535e+02 6.2421997070e+02 6.2419500732e+02 6.2417498779e+02 6.2417901611e+02 6.2417401123e+02 6.2415002441e+02 6.2413702393e+02 6.2411199951e+02 6.2404998779e+02 6.2398999023e+02 6.2397399902e+02 6.2398797607e+02 6.2402001953e+02 6.2404400635e+02 6.2402001953e+02 6.2397198486e+02 6.2390002441e+02 6.2382897949e+02 6.2380401611e+02 6.2381402588e+02 6.2384802246e+02 6.2387500000e+02 6.2389099121e+02 6.2391998291e+02 6.2393103027e+02 6.2393298340e+02 6.2391900635e+02 6.2391601563e+02 6.2390899658e+02 6.2387902832e+02 6.2385699463e+02 6.2386700439e+02 6.2386401367e+02 6.2384698486e+02 6.2382000732e+02 6.2376300049e+02 6.2379302979e+02 6.2391101074e+02 6.2394396973e+02 6.2382098389e+02 6.2371398926e+02 6.2367700195e+02
