TESTSERVER/5/5.asc
NCOLS 100
NROWS 100
XLLCORNER 7.7497500000e+03
YLLCORNER 2.8970025000e+05
CELLSIZE 5.0000000000e-01
NODATA_VALUE -9.9990000000e+03
[rows 80 to 99 of 100, columns 46 to 91 of 100]
6.2368798828e+02 6.2371997070e+02 6.2374700928e+02 6.2371801758e+02 6.2368499756e+02 6.2365600586e+02 6.2362597656e+02 6.2364398193e+02 6.2370599365e+02 6.2369299316e+02 6.2364099121e+02 6.2359301758e+02 6.2357098389e+02 6.2355902100e+02 6.2357299805e+02 6.2357800293e+02 6.2355401611e+02 6.2355902100e+02 6.2355401611e+02 6.2355499268e+02 6.2353802490e+02 6.2353002930e+02 6.2352899170e+02 6.2352600098e+02 6.2352697754e+02 6.2354101563e+02 6.2354602051e+02 6.2354498291e+02 6.2353601074e+02 6.2353698730e+02 6.2355200195e+02 6.2356402588e+02 6.2356597900e+02 6.2360797119e+02 6.2363098145e+02 6.2363201904e+02 6.2361901855e+02 6.2363201904e+02 6.2364898682e+02 6.2366198730e+02 6.2367297363e+02 6.2370098877e+02 6.2372100830e+02 6.2370800781e+02 6.2368499756e+02 6.2370202637e+02
6.2370800781e+02 6.2381701660e+02 6.2383300781e+02 6.2374298096e+02 6.2369702148e+02 6.2366101074e+02 6.2361602783e+02 6.2368298340e+02 6.2378698730e+02 6.2373400879e+02 6.2364001465e+02 6.2358197021e+02 6.2357501221e+02 6.2359100342e+02 6.2361199951e+02 6.2360498047e+02 6.2356201172e+02 6.2355102539e+02 6.2353900146e+02 6.2353198242e+02 6.2353601074e+02 6.2353601074e+02 6.2352197266e+02 6.2351800537e+02 6.2352502441e+02 6.2353900146e+02 6.2355102539e+02 6.2356201172e+02 6.2353997803e+02 6.2352600098e+02 6.2353497314e+02 6.2354699707e+02 6.2354998779e+02 6.2358099365e+02 6.2360101318e+02 6.2360797119e+02 6.2361499023e+02 6.2363702393e+02 6.2366101074e+02 6.2368200684e+02 6.2369097900e+02 6.2371997070e+02 6.2374298096e+02 6.2373400879e+02 6.2371600342e+02 6.2373101807e+02
6.2370501709e+02 6.2382702637e+02 6.2383599854e+02 6.2373999023e+02 6.2369500732e+02 6.2365100098e+02 6.2361102295e+02 6.2371301270e+02 6.2381298828e+02 6.2371002197e+02 6.2360900879e+02 6.2356097412e+02 6.2357098389e+02 6.2361700439e+02 6.2365600586e+02 6.2364898682e+02 6.2359497070e+02 6.2355499268e+02 6.2353601074e+02 6.2354400635e+02 6.2356402588e+02 6.2354101563e+02 6.2351000977e+02 6.2351202393e+02 6.2353497314e+02 6.2353302002e+02 6.2353399658e+02 6.2354101563e+02 6.2352197266e+02 6.2350897217e+02 6.2351599121e+02 6.2352600098e+02 6.2352801514e+02 6.2355200195e+02 6.2357000732e+02 6.2358502197e+02 6.2360601807e+02 6.2363897705e+02 6.2366900635e+02 6.2369201660e+02 6.2369299316e+02 6.2370697021e+02 6.2373400879e+02 6.2374102783e+02 6.2373999023e+02 6.2375701904e+02
6.2366497803e+02 6.2371197510e+02 6.2370898438e+02 6.2365899658e+02 6.2365502930e+02 6.2362402344e+02 6.2359399414e+02 6.2367999268e+02 6.2374200439e+02 6.2365197754e+02 6.2358099365e+02 6.2355102539e+02 6.2356298828e+02 6.2362701416e+02 6.2368200684e+02 6.2368298340e+02 6.2363098145e+02 6.2356500244e+02 6.2354199219e+02 6.2356799316e+02 6.2359399414e+02 6.2355297852e+02 6.2351800537e+02 6.2353100586e+02 6.2356298828e+02 6.2353002930e+02 6.2350201416e+02 6.2349902344e+02 6.2349798584e+02 6.2349700928e+02 6.2350402832e+02 6.2350897217e+02 6.2350799561e+02 6.2352899170e+02 6.2354699707e+02 6.2356402588e+02 6.2359301758e+02 6.2362799072e+02 6.2366101074e+02 6.2368499756e+02 6.2368200684e+02 6.2368798828e+02 6.2371899414e+02 6.2373999023e+02 6.2375000000e+02 6.2377001953e+02
6.2364099121e+02 6.2364898682e+02 6.2363201904e+02 6.2360998535e+02 6.2362701416e+02 6.2361700439e+02 6.2361297607e+02 6.2365301514e+02 6.2369000244e+02 6.2365399170e+02 6.2359497070e+02 6.2356402588e+02 6.2356402588e+02 6.2363598633e+02 6.2369598389e+02 6.2369500732e+02 6.2365502930e+02 6.2359600830e+02 6.2356201172e+02 6.2357202148e+02 6.2359497070e+02 6.2356500244e+02 6.2353802490e+02 6.2355200195e+02 6.2356896973e+02 6.2353100586e+02 6.2349401855e+02 6.2348498535e+02 6.2348797607e+02 6.2349902344e+02 6.2350201416e+02 6.2349499512e+02 6.2348199463e+02 6.2351599121e+02 6.2353997803e+02 6.2355999756e+02 6.2357397461e+02 6.2359802246e+02 6.2363000488e+02 6.2365802002e+02 6.2366998291e+02 6.2368298340e+02 6.2371697998e+02 6.2374102783e+02 6.2374798584e+02 6.2376599121e+02
6.2367602539e+02 6.2367700195e+02 6.2364398193e+02 6.2361199951e+02 6.2361297607e+02 6.2360601807e+02 6.2362298584e+02 6.2369702148e+02 6.2377197266e+02 6.2371502686e+02 6.2360601807e+02 6.2356701660e+02 6.2357000732e+02 6.2365002441e+02 6.2370202637e+02 6.2367797852e+02 6.2362902832e+02 6.2359301758e+02 6.2357800293e+02 6.2360699463e+02 6.2361999512e+02 6.2356500244e+02 6.2352301025e+02 6.2352001953e+02 6.2352099609e+02 6.2349597168e+02 6.2348999023e+02 6.2348699951e+02 6.2348498535e+02 6.2351397705e+02 6.2352502441e+02 6.2351202393e+02 6.2348297119e+02 6.2349798584e+02 6.2352899170e+02 6.2355798340e+02 6.2357098389e+02 6.2358502197e+02 6.2360601807e+02 6.2363299561e+02 6.2365301514e+02 6.2367999268e+02 6.2371398926e+02 6.2372601318e+02 6.2373297119e+02 6.2374902344e+02
6.2367297363e+02 6.2367401123e+02 6.2364697266e+02 6.2361499023e+02 6.2360498047e+02 6.2359997559e+02 6.2359899902e+02 6.2363702393e+02 6.2369299316e+02 6.2364801025e+02 6.2358599854e+02 6.2357202148e+02 6.2358300781e+02 6.2365899658e+02 6.2367901611e+02 6.2362500000e+02 6.2356799316e+02 6.2354901123e+02 6.2358001709e+02 6.2363000488e+02 6.2361602783e+02 6.2354101563e+02 6.2351800537e+02 6.2354400635e+02 6.2354998779e+02 6.2351898193e+02 6.2350299072e+02 6.2348901367e+02 6.2347900391e+02 6.2352398682e+02 6.2353497314e+02 6.2351300049e+02 6.2347698975e+02 6.2348901367e+02 6.2352801514e+02 6.2356500244e+02 6.2357501221e+02 6.2357299805e+02 6.2358697510e+02 6.2361102295e+02 6.2363598633e+02 6.2366400146e+02 6.2369097900e+02 6.2370397949e+02 6.2372198486e+02 6.2373602295e+02
6.2359997559e+02 6.2362902832e+02 6.2363800049e+02 6.2362799072e+02 6.2360601807e+02 6.2359600830e+02 6.2357299805e+02 6.2356402588e+02 6.2358300781e+02 6.2356799316e+02 6.2357098389e+02 6.2359100342e+02 6.2361199951e+02 6.2367498779e+02 6.2366497803e+02 6.2359197998e+02 6.2353997803e+02 6.2354602051e+02 6.2360699463e+02 6.2364398193e+02 6.2359002686e+02 6.2352398682e+02 6.2354101563e+02 6.2360198975e+02 6.2360900879e+02 6.2356201172e+02 6.2352099609e+02 6.2349700928e+02 6.2348797607e+02 6.2353100586e+02 6.2353302002e+02 6.2349798584e+02 6.2346697998e+02 6.2348797607e+02 6.2353100586e+02 6.2356799316e+02 6.2356701660e+02 6.2355401611e+02 6.2356201172e+02 6.2358599854e+02 6.2361401367e+02 6.2364001465e+02 6.2366302490e+02 6.2368298340e+02 6.2371197510e+02 6.2372698975e+02
6.2347198486e+02 6.2353802490e+02 6.2359997559e+02 6.2363397217e+02 6.2362200928e+02 6.2360900879e+02 6.2359497070e+02 6.2358001709e+02 6.2357000732e+02 6.2356597900e+02 6.2357501221e+02 6.2359802246e+02 6.2363500977e+02 6.2367901611e+02 6.2365301514e+02 6.2358801270e+02 6.2356201172e+02 6.2358801270e+02 6.2365100098e+02 6.2366400146e+02 6.2358697510e+02 6.2353100586e+02 6.2356701660e+02 6.2362799072e+02 6.2361401367e+02 6.2355499268e+02 6.2350000000e+02 6.2348498535e+02 6.2350299072e+02 6.2355798340e+02 6.2354602051e+02 6.2349401855e+02 6.2347399902e+02 6.2348699951e+02 6.2351501465e+02 6.2353698730e+02 6.2353698730e+02 6.2352001953e+02 6.2352301025e+02 6.2355102539e+02 6.2358898926e+02 6.2361798096e+02 6.2364300537e+02 6.2366802979e+02 6.2370501709e+02 6.2371197510e+02
6.2345501709e+02 6.2346301270e+02 6.2349902344e+02 6.2353698730e+02 6.2354797363e+02 6.2356097412e+02 6.2359197998e+02 6.2360797119e+02 6.2359002686e+02 6.2357702637e+02 6.2356402588e+02 6.2356799316e+02 6.2357800293e+02 6.2360198975e+02 6.2359497070e+02 6.2356896973e+02 6.2356799316e+02 6.2358697510e+02 6.2364898682e+02 6.2366998291e+02 6.2359301758e+02 6.2352398682e+02 6.2354400635e+02 6.2360998535e+02 6.2361901855e+02 6.2356597900e+02 6.2350598145e+02 6.2349102783e+02 6.2352301025e+02 6.2360198975e+02 6.2358898926e+02 6.2351300049e+02 6.2347698975e+02 6.2347100830e+02 6.2348297119e+02 6.2349499512e+02 6.2350097656e+02 6.2348999023e+02 6.2349798584e+02 6.2352801514e+02 6.2356201172e+02 6.2358398438e+02 6.2361499023e+02 6.2363598633e+02 6.2366198730e+02 6.2368298340e+02
6.2354699707e+02 6.2350897217e+02 6.2347601318e+02 6.2345800781e+02 6.2345501709e+02 6.2346697998e+02 6.2352099609e+02 6.2356097412e+02 6.2356701660e+02 6.2357202148e+02 6.2356701660e+02 6.2355902100e+02 6.2354199219e+02 6.2356298828e+02 6.2357299805e+02 6.2356402588e+02 6.2355902100e+02 6.2357598877e+02 6.2362097168e+02 6.2362799072e+02 6.2356896973e+02 6.2350500488e+02 6.2351202393e+02 6.2357397461e+02 6.2360302734e+02 6.2356701660e+02 6.2352801514e+02 6.2351098633e+02 6.2353198242e+02 6.2359899902e+02 6.2358502197e+02 6.2351300049e+02 6.2347802734e+02 6.2347198486e+02 6.2347900391e+02 6.2348901367e+02 6.2348999023e+02 6.2348297119e+02 6.2349401855e+02 6.2352197266e+02 6.2354699707e+02 6.2355499268e+02 6.2357897949e+02 6.2359399414e+02 6.2360797119e+02 6.2363598633e+02
6.2366400146e+02 6.2362799072e+02 6.2355999756e+02 6.2349902344e+02 6.2346801758e+02 6.2344500732e+02 6.2345599365e+02 6.2347100830e+02 6.2349798584e+02 6.2353399658e+02 6.2355102539e+02 6.2355401611e+02 6.2353601074e+02 6.2355999756e+02 6.2357501221e+02 6.2355999756e+02 6.2354400635e+02 6.2354797363e+02 6.2355999756e+02 6.2355603027e+02 6.2353497314e+02 6.2350000000e+02 6.2350799561e+02 6.2356799316e+02 6.2360302734e+02 6.2356701660e+02 6.2353497314e+02 6.2351702881e+02 6.2354400635e+02 6.2360302734e+02 6.2359002686e+02 6.2352301025e+02 6.2348101807e+02 6.2348498535e+02 6.2349798584e+02 6.2351000977e+02 6.2350500488e+02 6.2349200439e+02 6.2350201416e+02 6.2352801514e+02 6.2355401611e+02 6.2355102539e+02 6.2355603027e+02 6.2356298828e+02 6.2356701660e+02 6.2358898926e+02
6.2370697021e+02 6.2369201660e+02 6.2364697266e+02 6.2360198975e+02 6.2356896973e+02 6.2352197266e+02 6.2346398926e+02 6.2341497803e+02 6.2341302490e+02 6.2344201660e+02 6.2346801758e+02 6.2351000977e+02 6.2353601074e+02 6.2355200195e+02 6.2356500244e+02 6.2354602051e+02 6.2353100586e+02 6.2353601074e+02 6.2353100586e+02 6.2353302002e+02 6.2354199219e+02 6.2351397705e+02 6.2353100586e+02 6.2359301758e+02 6.2364898682e+02 6.2358502197e+02 6.2352600098e+02 6.2350598145e+02 6.2357202148e+02 6.2364202881e+02 6.2362200928e+02 6.2354699707e+02 6.2348199463e+02 6.2349499512e+02 6.2352502441e+02 6.2354602051e+02 6.2353100586e+02 6.2350402832e+02 6.2351202393e+02 6.2354998779e+02 6.2359002686e+02 6.2357299805e+02 6.2355297852e+02 6.2354699707e+02 6.2355102539e+02 6.2355603027e+02
6.2371899414e+02 6.2371301270e+02 6.2367199707e+02 6.2364099121e+02 6.2362500000e+02 6.2360601807e+02 6.2357598877e+02 6.2353002930e+02 6.2349597168e+02 6.2346600342e+02 6.2345001221e+02 6.2344500732e+02 6.2345599365e+02 6.2349597168e+02 6.2352899170e+02 6.2353802490e+02 6.2355102539e+02 6.2357397461e+02 6.2355902100e+02 6.2353900146e+02 6.2352697754e+02 6.2352697754e+02 6.2355200195e+02 6.2359100342e+02 6.2361499023e+02 6.2356896973e+02 6.2352099609e+02 6.2351599121e+02 6.2359301758e+02 6.2366198730e+02 6.2361999512e+02 6.2353997803e+02 6.2348297119e+02 6.2350701904e+02 6.2356701660e+02 6.2359600830e+02 6.2356097412e+02 6.2350598145e+02 6.2352398682e+02 6.2360302734e+02 6.2364898682e+02 6.2360400391e+02 6.2355102539e+02 6.2352801514e+02 6.2353601074e+02 6.2353900146e+02
6.2372198486e+02 6.2372198486e+02 6.2369000244e+02 6.2367199707e+02 6.2366497803e+02 6.2364599609e+02 6.2363098145e+02 6.2360797119e+02 6.2358801270e+02 6.2355401611e+02 6.2351702881e+02 6.2347900391e+02 6.2344000244e+02 6.2343597412e+02 6.2345098877e+02 6.2346899414e+02 6.2351202393e+02 6.2354101563e+02 6.2355102539e+02 6.2354998779e+02 6.2352899170e+02 6.2353601074e+02 6.2355200195e+02 6.2355999756e+02 6.2355499268e+02 6.2352899170e+02 6.2351300049e+02 6.2353601074e+02 6.2361199951e+02 6.2364898682e+02 6.2359497070e+02 6.2352301025e+02 6.2348498535e+02 6.2352697754e+02 6.2359802246e+02 6.2362500000e+02 6.2357098389e+02 6.2350701904e+02 6.2352697754e+02 6.2361602783e+02 6.2366198730e+02 6.2359802246e+02 6.2353198242e+02 6.2350402832e+02 6.2352001953e+02 6.2352502441e+02
6.2372998047e+02 6.2372100830e+02 6.2369799805e+02 6.2368701172e+02 6.2368499756e+02 6.2366601563e+02 6.2363897705e+02 6.2362097168e+02 6.2363702393e+02 6.2362597656e+02 6.2359497070e+02 6.2355499268e+02 6.2351000977e+02 6.2347198486e+02 6.2343200684e+02 6.2340802002e+02 6.2342401123e+02 6.2342797852e+02 6.2346398926e+02 6.2351000977e+02 6.2352099609e+02 6.2352697754e+02 6.2353198242e+02 6.2352801514e+02 6.2352099609e+02 6.2351202393e+02 6.2351202393e+02 6.2353997803e+02 6.2359497070e+02 6.2360998535e+02 6.2356298828e+02 6.2351000977e+02 6.2348797607e+02 6.2352899170e+02 6.2359197998e+02 6.2360498047e+02 6.2354602051e+02 6.2350000000e+02 6.2352600098e+02 6.2360400391e+02 6.2363702393e+02 6.2357397461e+02 6.2351300049e+02 6.2348999023e+02 6.2351397705e+02 6.2353601074e+02
6.2376898193e+02 6.2372399902e+02 6.2369702148e+02 6.2368499756e+02 6.2369396973e+02 6.2367901611e+02 6.2365301514e+02 6.2363897705e+02 6.2363000488e+02 6.2363000488e+02 6.2361602783e+02 6.2359899902e+02 6.2358099365e+02 6.2357397461e+02 6.2351098633e+02 6.2344396973e+02 6.2341699219e+02 6.2336401367e+02 6.2336798096e+02 6.2341302490e+02 6.2346502686e+02 6.2347698975e+02 6.2348999023e+02 6.2350598145e+02 6.2352502441e+02 6.2351202393e+02 6.2350299072e+02 6.2351898193e+02 6.2354901123e+02 6.2355798340e+02 6.2353302002e+02 6.2349902344e+02 6.2348297119e+02 6.2351702881e+02 6.2355200195e+02 6.2354302979e+02 6.2350097656e+02 6.2348602295e+02 6.2352099609e+02 6.2358697510e+02 6.2362902832e+02 6.2356597900e+02 6.2351098633e+02 6.2349298096e+02 6.2353399658e+02 6.2358099365e+02
6.2380297852e+02 6.2375897217e+02 6.2372399902e+02 6.2372802734e+02 6.2373101807e+02 6.2369799805e+02 6.2368200684e+02 6.2367602539e+02 6.2365301514e+02 6.2363299561e+02 6.2361999512e+02 6.2360498047e+02 6.2359301758e+02 6.2360797119e+02 6.2359100342e+02 6.2354998779e+02 6.2351300049e+02 6.2346398926e+02 6.2342602539e+02 6.2339001465e+02 6.2338201904e+02 6.2338299561e+02 6.2340502930e+02 6.2344702148e+02 6.2349700928e+02 6.2353698730e+02 6.2354400635e+02 6.2355401611e+02 6.2355499268e+02 6.2353802490e+02 6.2351000977e+02 6.2348901367e+02 6.2348199463e+02 6.2350201416e+02 6.2351397705e+02 6.2349597168e+02 6.2347802734e+02 6.2348999023e+02 6.2352398682e+02 6.2358099365e+02 6.2360198975e+02 6.2352301025e+02 6.2347302246e+02 6.2347302246e+02 6.2352301025e+02 6.2357397461e+02
6.2382897949e+02 6.2377001953e+02 6.2374798584e+02 6.2376599121e+02 6.2376397705e+02 6.2372802734e+02 6.2370697021e+02 6.2369500732e+02 6.2366802979e+02 6.2364202881e+02 6.2362402344e+02 6.2360797119e+02 6.2359997559e+02 6.2363098145e+02 6.2361901855e+02 6.2358099365e+02 6.2356298828e+02 6.2356097412e+02 6.2353698730e+02 6.2348101807e+02 6.2342901611e+02 6.2338500977e+02 6.2335198975e+02 6.2334600830e+02 6.2338299561e+02 6.2346502686e+02 6.2352697754e+02 6.2356896973e+02 6.2356201172e+02 6.2352398682e+02 6.2349798584e+02 6.2348901367e+02 6.2348901367e+02 6.2350500488e+02 6.2350500488e+02 6.2348602295e+02 6.2348101807e+02 6.2350299072e+02 6.2352697754e+02 6.2356298828e+02 6.2357299805e+02 6.2349597168e+02 6.2345599365e+02 6.2346197510e+02 6.2350000000e+02 6.2354602051e+02
6.2386401367e+02 6.2381402588e+02 6.2379199219e+02 6.2378698730e+02 6.2377697754e+02 6.2375500488e+02 6.2373498535e+02 6.2371697998e+02 6.2368798828e+02 6.2365197754e+02 6.2362500000e+02 6.2360498047e+02 6.2360198975e+02 6.2363598633e+02 6.2362298584e+02 6.2358001709e+02 6.2356298828e+02 6.2357897949e+02 6.2358599854e+02 6.2356201172e+02 6.2352099609e+02 6.2347698975e+02 6.2340899658e+02 6.2334698486e+02 6.2332397461e+02 6.2334301758e+02 6.2339599609e+02 6.2347100830e+02 6.2351599121e+02 6.2350402832e+02 6.2350402832e+02 6.2350799561e+02 6.2349700928e+02 6.2350500488e+02 6.2349700928e+02 6.2347900391e+02 6.2347998047e+02 6.2349102783e+02 6.2351300049e+02 6.2354797363e+02 6.2355499268e+02 6.2349499512e+02 6.2346697998e+02 6.2347198486e+02 6.2349798584e+02 6.2355401611e+02
