TESTSERVER/5/6.asc
NCOLS 100
NROWS 100
XLLCORNER 7.7497500000e+03
YLLCORNER 2.8965025000e+05
CELLSIZE 5.0000000000e-01
NODATA_VALUE -9.9990000000e+03
[rows 60 to 79 of 100, columns 0 to 45 of 100]
6.2834197998e+02 6.2847198486e+02 6.2857598877e+02 6.2866302490e+02 6.2879498291e+02 6.2894299316e+02 6.2909698486e+02 6.2923400879e+02 6.2930999756e+02 6.2935101318e+02 6.2936499023e+02 6.2946600342e+02 6.2962500000e+02 6.2978198242e+02 6.2991400146e+02 6.3005603027e+02 6.3017401123e+02 6.3029199219e+02 6.3045098877e+02 6.3050299072e+02 6.3052899170e+02 6.3055499268e+02 6.3057702637e+02 6.3061901855e+02 6.3063702393e+02 6.3061401367e+02 6.3063098145e+02 6.3071398926e+02 6.3088500977e+02 6.3101397705e+02 6.3105499268e+02 6.3111901855e+02 6.3121899414e+02 6.3137097168e+02 6.3152697754e+02 6.3160699463e+02 6.3164801025e+02 6.3166400146e+02 6.3163500977e+02 6.3164202881e+02 6.3167102051e+02 6.3169598389e+02 6.3169702148e+02 6.3170397949e+02 6.3175701904e+02 6.3185101318e+02
6.2816900635e+02 6.2830200195e+02 6.2839202881e+02 6.2846801758e+02 6.2858001709e+02 6.2871099854e+02 6.2886401367e+02 6.2900097656e+02 6.2908599854e+02 6.2914001465e+02 6.2917297363e+02 6.2925500488e+02 6.2939099121e+02 6.2953100586e+02 6.2965600586e+02 6.2976000977e+02 6.2985601807e+02 6.3000000000e+02 6.3021197510e+02 6.3034600830e+02 6.3041900635e+02 6.3044201660e+02 6.3041101074e+02 6.3041802979e+02 6.3045800781e+02 6.3047998047e+02 6.3047601318e+02 6.3046502686e+02 6.3058801270e+02 6.3074102783e+02 6.3083898926e+02 6.3092901611e+02 6.3103198242e+02 6.3115899658e+02 6.3131799316e+02 6.3141900635e+02 6.3145397949e+02 6.3147998047e+02 6.3153900146e+02 6.3156201172e+02 6.3156201172e+02 6.3156799316e+02 6.3155798340e+02 6.3159197998e+02 6.3166400146e+02 6.3176000977e+02
6.2797802734e+02 6.2811102295e+02 6.2819097900e+02 6.2824902344e+02 6.2834399414e+02 6.2846099854e+02 6.2860498047e+02 6.2874798584e+02 6.2884899902e+02 6.2892498779e+02 6.2899798584e+02 6.2909301758e+02 6.2919396973e+02 6.2929998779e+02 6.2939898682e+02 6.2946502686e+02 6.2955700684e+02 6.2970001221e+02 6.2989202881e+02 6.3005902100e+02 6.3021899414e+02 6.3032000732e+02 6.3029901123e+02 6.3025000000e+02 6.3024700928e+02 6.3028497314e+02 6.3033599854e+02 6.3032202148e+02 6.3042102051e+02 6.3055999756e+02 6.3067199707e+02 6.3078198242e+02 6.3086901855e+02 6.3096600342e+02 6.3110699463e+02 6.3120501709e+02 6.3126702881e+02 6.3132202148e+02 6.3140301514e+02 6.3143902588e+02 6.3143902588e+02 6.3145098877e+02 6.3145898438e+02 6.3153002930e+02 6.3161700439e+02 6.3170697021e+02
6.2777899170e+02 6.2790197754e+02 6.2797100830e+02 6.2801800537e+02 6.2809301758e+02 6.2819500732e+02 6.2832202148e+02 6.2846099854e+02 6.2858197021e+02 6.2868402100e+02 6.2878601074e+02 6.2888098145e+02 6.2896197510e+02 6.2905401611e+02 6.2915899658e+02 6.2924499512e+02 6.2935302734e+02 6.2947100830e+02 6.2958001709e+02 6.2973297119e+02 6.2997302246e+02 6.3017602539e+02 6.3019799805e+02 6.3013201904e+02 6.3008599854e+02 6.3009197998e+02 6.3015399170e+02 6.3017199707e+02 6.3028900146e+02 6.3043902588e+02 6.3055798340e+02 6.3065399170e+02 6.3071801758e+02 6.3079498291e+02 6.3093103027e+02 6.3101000977e+02 6.3108898926e+02 6.3115100098e+02 6.3119000244e+02 6.3121697998e+02 6.3124597168e+02 6.3129602051e+02 6.3134301758e+02 6.3142401123e+02 6.3151397705e+02 6.3161297607e+02
6.2757598877e+02 6.2767498779e+02 6.2775701904e+02 6.2777801514e+02 6.2783099365e+02 6.2790997314e+02 6.2801702881e+02 6.2815802002e+02 6.2828399658e+02 6.2840002441e+02 6.2848797607e+02 6.2860601807e+02 6.2868499756e+02 6.2877899170e+02 6.2891101074e+02 6.2906597900e+02 6.2921801758e+02 6.2932501221e+02 6.2938702393e+02 6.2951702881e+02 6.2974200439e+02 6.2995098877e+02 6.2997802734e+02 6.2998199463e+02 6.2995599365e+02 6.2992901611e+02 6.2995898438e+02 6.3004302979e+02 6.3016699219e+02 6.3033001709e+02 6.3047998047e+02 6.3057299805e+02 6.3064001465e+02 6.3070599365e+02 6.3082702637e+02 6.3083502197e+02 6.3090197754e+02 6.3096899414e+02 6.3100701904e+02 6.3102801514e+02 6.3108197021e+02 6.3113397217e+02 6.3117401123e+02 6.3129699707e+02 6.3139697266e+02 6.3150500488e+02
6.2729498291e+02 6.2735699463e+02 6.2743402100e+02 6.2749597168e+02 6.2757897949e+02 6.2767901611e+02 6.2778997803e+02 6.2789398193e+02 6.2798901367e+02 6.2808398438e+02 6.2818701172e+02 6.2831701660e+02 6.2841400146e+02 6.2851098633e+02 6.2866101074e+02 6.2887298584e+02 6.2904998779e+02 6.2917297363e+02 6.2921197510e+02 6.2931298828e+02 6.2947497559e+02 6.2963897705e+02 6.2972497559e+02 6.2979901123e+02 6.2982202148e+02 6.2977398682e+02 6.2974401855e+02 6.2988598633e+02 6.3001000977e+02 6.3017901611e+02 6.3036602783e+02 6.3048498535e+02 6.3056701660e+02 6.3061102295e+02 6.3069201660e+02 6.3074902344e+02 6.3081701660e+02 6.3084802246e+02 6.3083599854e+02 6.3090100098e+02 6.3098699951e+02 6.3103497314e+02 6.3106896973e+02 6.3118402100e+02 6.3128601074e+02 6.3139599609e+02
6.2695501709e+02 6.2702197266e+02 6.2712402344e+02 6.2722302246e+02 6.2733398438e+02 6.2745300293e+02 6.2756500244e+02 6.2764501953e+02 6.2772100830e+02 6.2780902100e+02 6.2791497803e+02 6.2804998779e+02 6.2816802979e+02 6.2828100586e+02 6.2843200684e+02 6.2866601563e+02 6.2884802246e+02 6.2897100830e+02 6.2899700928e+02 6.2905102539e+02 6.2918298340e+02 6.2933398438e+02 6.2944897461e+02 6.2957897949e+02 6.2962799072e+02 6.2957299805e+02 6.2950598145e+02 6.2968402100e+02 6.2981201172e+02 6.2995300293e+02 6.3015002441e+02 6.3029302979e+02 6.3039099121e+02 6.3044201660e+02 6.3050897217e+02 6.3064599609e+02 6.3076800537e+02 6.3077899170e+02 6.3071600342e+02 6.3076397705e+02 6.3083599854e+02 6.3089099121e+02 6.3094500732e+02 6.3102197266e+02 6.3112298584e+02 6.3125299072e+02
6.2663098145e+02 6.2673498535e+02 6.2686901855e+02 6.2697399902e+02 6.2709497070e+02 6.2721697998e+02 6.2732299805e+02 6.2739001465e+02 6.2746398926e+02 6.2756298828e+02 6.2769500732e+02 6.2782897949e+02 6.2795001221e+02 6.2806799316e+02 6.2820202637e+02 6.2841998291e+02 6.2859002686e+02 6.2870202637e+02 6.2873400879e+02 6.2876000977e+02 6.2886297607e+02 6.2900000000e+02 6.2914501953e+02 6.2930297852e+02 6.2936901855e+02 6.2933801270e+02 6.2930499268e+02 6.2952301025e+02 6.2960601807e+02 6.2967401123e+02 6.2982702637e+02 6.2997998047e+02 6.3013397217e+02 6.3027801514e+02 6.3039001465e+02 6.3061401367e+02 6.3078698730e+02 6.3075000000e+02 6.3063598633e+02 6.3064398193e+02 6.3066101074e+02 6.3071600342e+02 6.3078100586e+02 6.3081402588e+02 6.3092700195e+02 6.3109899902e+02
6.2634997559e+02 6.2649798584e+02 6.2666601563e+02 6.2674102783e+02 6.2684197998e+02 6.2694500732e+02 6.2703100586e+02 6.2710900879e+02 6.2721099854e+02 6.2734600830e+02 6.2747601318e+02 6.2759197998e+02 6.2768499756e+02 6.2779400635e+02 6.2793402100e+02 6.2811602783e+02 6.2826202393e+02 6.2836901855e+02 6.2840698242e+02 6.2843902588e+02 6.2851098633e+02 6.2862097168e+02 6.2878399658e+02 6.2894396973e+02 6.2903802490e+02 6.2907702637e+02 6.2909399414e+02 6.2924200439e+02 6.2925897217e+02 6.2930999756e+02 6.2950402832e+02 6.2967297363e+02 6.2985998535e+02 6.3009802246e+02 6.3034399414e+02 6.3067401123e+02 6.3087402344e+02 6.3079699707e+02 6.3055700684e+02 6.3047198486e+02 6.3047302246e+02 6.3054901123e+02 6.3060998535e+02 6.3062799072e+02 6.3076098633e+02 6.3095098877e+02
6.2615600586e+02 6.2629602051e+02 6.2645202637e+02 6.2654901123e+02 6.2664398193e+02 6.2672497559e+02 6.2678399658e+02 6.2682397461e+02 6.2693597412e+02 6.2708599854e+02 6.2720697021e+02 6.2727099609e+02 6.2733398438e+02 6.2742401123e+02 6.2758099365e+02 6.2775799561e+02 6.2790600586e+02 6.2803100586e+02 6.2810302734e+02 6.2814202881e+02 6.2821398926e+02 6.2831701660e+02 6.2844500732e+02 6.2854101563e+02 6.2866101074e+02 6.2874499512e+02 6.2878497314e+02 6.2885998535e+02 6.2892498779e+02 6.2909698486e+02 6.2933801270e+02 6.2946197510e+02 6.2963800049e+02 6.2992498779e+02 6.3027697754e+02 6.3061700439e+02 6.3079400635e+02 6.3071002197e+02 6.3040802002e+02 6.3023602295e+02 6.3024200439e+02 6.3037097168e+02 6.3045202637e+02 6.3045697021e+02 6.3058001709e+02 6.3073901367e+02
6.2602697754e+02 6.2616802979e+02 6.2628601074e+02 6.2641900635e+02 6.2653302002e+02 6.2660198975e+02 6.2658697510e+02 6.2656500244e+02 6.2665600586e+02 6.2679602051e+02 6.2692297363e+02 6.2699200439e+02 6.2704498291e+02 6.2711199951e+02 6.2724902344e+02 6.2743200684e+02 6.2758197021e+02 6.2771398926e+02 6.2780401611e+02 6.2786102295e+02 6.2794299316e+02 6.2805401611e+02 6.2819500732e+02 6.2831097412e+02 6.2840899658e+02 6.2847198486e+02 6.2853002930e+02 6.2859600830e+02 6.2864202881e+02 6.2877801514e+02 6.2902697754e+02 6.2916998291e+02 6.2940802002e+02 6.2978002930e+02 6.3018200684e+02 6.3052099609e+02 6.3065802002e+02 6.3054498291e+02 6.3022302246e+02 6.3000299072e+02 6.3000201416e+02 6.3015301514e+02 6.3024499512e+02 6.3024102783e+02 6.3037799072e+02 6.3054699707e+02
6.2586999512e+02 6.2600701904e+02 6.2609899902e+02 6.2627697754e+02 6.2642401123e+02 6.2649401855e+02 6.2642602539e+02 6.2634497070e+02 6.2640197754e+02 6.2651800537e+02 6.2665802002e+02 6.2677301025e+02 6.2684002686e+02 6.2689300537e+02 6.2697802734e+02 6.2713800049e+02 6.2728399658e+02 6.2741699219e+02 6.2752001953e+02 6.2759497070e+02 6.2768597412e+02 6.2780401611e+02 6.2798199463e+02 6.2815197754e+02 6.2822399902e+02 6.2825598145e+02 6.2830999756e+02 6.2839697266e+02 6.2842901611e+02 6.2851000977e+02 6.2873901367e+02 6.2890802002e+02 6.2918402100e+02 6.2959100342e+02 6.2996899414e+02 6.3028900146e+02 6.3039599609e+02 6.3025897217e+02 6.2996697998e+02 6.2975598145e+02 6.2973101807e+02 6.2983801270e+02 6.2991802979e+02 6.2993597412e+02 6.3009399414e+02 6.3028399658e+02
6.2564501953e+02 6.2574798584e+02 6.2581701660e+02 6.2602197266e+02 6.2621997070e+02 6.2632702637e+02 6.2628900146e+02 6.2617401123e+02 6.2617102051e+02 6.2625598145e+02 6.2643298340e+02 6.2657800293e+02 6.2668499756e+02 6.2675799561e+02 6.2681799316e+02 6.2687597656e+02 6.2699798584e+02 6.2713201904e+02 6.2726300049e+02 6.2734399414e+02 6.2744299316e+02 6.2755499268e+02 6.2766802979e+02 6.2785302734e+02 6.2794598389e+02 6.2801898193e+02 6.2813299561e+02 6.2822198486e+02 6.2825799561e+02 6.2833001709e+02 6.2852899170e+02 6.2866699219e+02 6.2890002441e+02 6.2928100586e+02 6.2970898438e+02 6.2997998047e+02 6.3008099365e+02 6.2993200684e+02 6.2967602539e+02 6.2955200195e+02 6.2948901367e+02 6.2950299072e+02 6.2955200195e+02 6.2960101318e+02 6.2971099854e+02 6.2985101318e+02
6.2542199707e+02 6.2548297119e+02 6.2552899170e+02 6.2568103027e+02 6.2591802979e+02 6.2607800293e+02 6.2604699707e+02 6.2597399902e+02 6.2593200684e+02 6.2597802734e+02 6.2615197754e+02 6.2629797363e+02 6.2641699219e+02 6.2651800537e+02 6.2659002686e+02 6.2664898682e+02 6.2674499512e+02 6.2686602783e+02 6.2700201416e+02 6.2709197998e+02 6.2718902588e+02 6.2729302979e+02 6.2739801025e+02 6.2751898193e+02 6.2765899658e+02 6.2783801270e+02 6.2805297852e+02 6.2810699463e+02 6.2805902100e+02 6.2807800293e+02 6.2820800781e+02 6.2829901123e+02 6.2844897461e+02 6.2876397705e+02 6.2919702148e+02 6.2949700928e+02 6.2966400146e+02 6.2959197998e+02 6.2943701172e+02 6.2933099365e+02 6.2923400879e+02 6.2921801758e+02 6.2927600098e+02 6.2932897949e+02 6.2939599609e+02 6.2947900391e+02
6.2526300049e+02 6.2530200195e+02 6.2532202148e+02 6.2543103027e+02 6.2563702393e+02 6.2579797363e+02 6.2579199219e+02 6.2577197266e+02 6.2574200439e+02 6.2575201416e+02 6.2588098145e+02 6.2602001953e+02 6.2613500977e+02 6.2624597168e+02 6.2635198975e+02 6.2643701172e+02 6.2653002930e+02 6.2663598633e+02 6.2675897217e+02 6.2685498047e+02 6.2695397949e+02 6.2705902100e+02 6.2716802979e+02 6.2729699707e+02 6.2746899414e+02 6.2766497803e+02 6.2782800293e+02 6.2783502197e+02 6.2782000732e+02 6.2784997559e+02 6.2790502930e+02 6.2798297119e+02 6.2809600830e+02 6.2830798340e+02 6.2860498047e+02 6.2884197998e+02 6.2903997803e+02 6.2907897949e+02 6.2907098389e+02 6.2900097656e+02 6.2894396973e+02 6.2896899414e+02 6.2904199219e+02 6.2908099365e+02 6.2913598633e+02 6.2919201660e+02
6.2508898926e+02 6.2512097168e+02 6.2513397217e+02 6.2518103027e+02 6.2530902100e+02 6.2544097900e+02 6.2550500488e+02 6.2559399414e+02 6.2560601807e+02 6.2559899902e+02 6.2565502930e+02 6.2575799561e+02 6.2585900879e+02 6.2596997070e+02 6.2610797119e+02 6.2623101807e+02 6.2632702637e+02 6.2642401123e+02 6.2653302002e+02 6.2663500977e+02 6.2673699951e+02 6.2684698486e+02 6.2696002197e+02 6.2708398438e+02 6.2723797607e+02 6.2736798096e+02 6.2740600586e+02 6.2742102051e+02 6.2751800537e+02 6.2762500000e+02 6.2767999268e+02 6.2778198242e+02 6.2789099121e+02 6.2800097656e+02 6.2813397217e+02 6.2828399658e+02 6.2844201660e+02 6.2851501465e+02 6.2858599854e+02 6.2857299805e+02 6.2859899902e+02 6.2869097900e+02 6.2877801514e+02 6.2881298828e+02 6.2888201904e+02 6.2894097900e+02
6.2483197021e+02 6.2486602783e+02 6.2490197754e+02 6.2491302490e+02 6.2494598389e+02 6.2501898193e+02 6.2514001465e+02 6.2541497803e+02 6.2551702881e+02 6.2551098633e+02 6.2546899414e+02 6.2553302002e+02 6.2560498047e+02 6.2570300293e+02 6.2586401367e+02 6.2603601074e+02 6.2614697266e+02 6.2623101807e+02 6.2629302979e+02 6.2641802979e+02 6.2655102539e+02 6.2666601563e+02 6.2673602295e+02 6.2684802246e+02 6.2695202637e+02 6.2699597168e+02 6.2698699951e+02 6.2704199219e+02 6.2714599609e+02 6.2730401611e+02 6.2749597168e+02 6.2762402344e+02 6.2771899414e+02 6.2777600098e+02 6.2784802246e+02 6.2797302246e+02 6.2808001709e+02 6.2812701416e+02 6.2816900635e+02 6.2820800781e+02 6.2827197266e+02 6.2835302734e+02 6.2841699219e+02 6.2850701904e+02 6.2861602783e+02 6.2871099854e+02
6.2462701416e+02 6.2466497803e+02 6.2471002197e+02 6.2475097656e+02 6.2478698730e+02 6.2483300781e+02 6.2491699219e+02 6.2512902832e+02 6.2528302002e+02 6.2529998779e+02 6.2522900391e+02 6.2530499268e+02 6.2539202881e+02 6.2550799561e+02 6.2567901611e+02 6.2585601807e+02 6.2598199463e+02 6.2605297852e+02 6.2608502197e+02 6.2619299316e+02 6.2635302734e+02 6.2646197510e+02 6.2651300049e+02 6.2664599609e+02 6.2668701172e+02 6.2667797852e+02 6.2670001221e+02 6.2677301025e+02 6.2688500977e+02 6.2706500244e+02 6.2728302002e+02 6.2739898682e+02 6.2747698975e+02 6.2755297852e+02 6.2762200928e+02 6.2772497559e+02 6.2782800293e+02 6.2788800049e+02 6.2791601563e+02 6.2797198486e+02 6.2802398682e+02 6.2805700684e+02 6.2808801270e+02 6.2817297363e+02 6.2829699707e+02 6.2844299316e+02
6.2443298340e+02 6.2446801758e+02 6.2449700928e+02 6.2454797363e+02 6.2461602783e+02 6.2468798828e+02 6.2474401855e+02 6.2482299805e+02 6.2494500732e+02 6.2502001953e+02 6.2501599121e+02 6.2510400391e+02 6.2520800781e+02 6.2533398438e+02 6.2548797607e+02 6.2565100098e+02 6.2577899170e+02 6.2585101318e+02 6.2588000488e+02 6.2596600342e+02 6.2610900879e+02 6.2621997070e+02 6.2633300781e+02 6.2646099854e+02 6.2641802979e+02 6.2638598633e+02 6.2648901367e+02 6.2656402588e+02 6.2667700195e+02 6.2682800293e+02 6.2700701904e+02 6.2713800049e+02 6.2724798584e+02 6.2735601807e+02 6.2741802979e+02 6.2747601318e+02 6.2757202148e+02 6.2765802002e+02 6.2769598389e+02 6.2773297119e+02 6.2777099609e+02 6.2779101563e+02 6.2780902100e+02 6.2786700439e+02 6.2796197510e+02 6.2808300781e+02
6.2421002197e+02 6.2423602295e+02 6.2423797607e+02 6.2428802490e+02 6.2439801025e+02 6.2452099609e+02 6.2461901855e+02 6.2462200928e+02 6.2470599365e+02 6.2485699463e+02 6.2491900635e+02 6.2497198486e+02 6.2505401611e+02 6.2514501953e+02 6.2525701904e+02 6.2540100098e+02 6.2552502441e+02 6.2560797119e+02 6.2565600586e+02 6.2573400879e+02 6.2584698486e+02 6.2596899414e+02 6.2619396973e+02 6.2629498291e+02 6.2617498779e+02 6.2614398193e+02 6.2631298828e+02 6.2639001465e+02 6.2649902344e+02 6.2661602783e+02 6.2672802734e+02 6.2683801270e+02 6.2696997070e+02 6.2709997559e+02 6.2716802979e+02 6.2720001221e+02 6.2728900146e+02 6.2738702393e+02 6.2743902588e+02 6.2746899414e+02 6.2751702881e+02 6.2757000732e+02 6.2762701416e+02 6.2769396973e+02 6.2776202393e+02 6.2782501221e+02
