TESTSERVER/5/6.asc
NCOLS 100
NROWS 100
XLLCORNER 7.7497500000e+03
YLLCORNER 2.8965025000e+05
CELLSIZE 5.0000000000e-01
NODATA_VALUE -9.9990000000e+03
[rows 0 to 19 of 100, columns 46 to 91 of 100]
6.2386499023e+02 6.2388201904e+02 6.2386401367e+02 6.2382501221e+02 6.2377197266e+02 6.2373602295e+02 6.2373999023e+02 6.2373901367e+02 6.2372497559e+02 6.2368298340e+02 6.2364202881e+02 6.2361401367e+02 6.2362097168e+02 6.2363000488e+02 6.2362200928e+02 6.2359698486e+02 6.2357202148e+02 6.2357702637e+02 6.2358099365e+02 6.2357299805e+02 6.2355102539e+02 6.2354797363e+02 6.2352398682e+02 6.2347900391e+02 6.2344500732e+02 6.2337597656e+02 6.2333599854e+02 6.2335101318e+02 6.2339697266e+02 6.2344500732e+02 6.2349200439e+02 6.2351800537e+02 6.2351702881e+02 6.2351000977e+02 6.2349298096e+02 6.2347601318e+02 6.2347698975e+02 6.2347601318e+02 6.2348901367e+02 6.2352398682e+02 6.2354602051e+02 6.2350897217e+02 6.2348901367e+02 6.2348699951e+02 6.2351599121e+02 6.2360101318e+02
6.2391601563e+02 6.2389398193e+02 6.2388299561e+02 6.2388000488e+02 6.2385302734e+02 6.2378399658e+02 6.2374298096e+02 6.2371002197e+02 6.2372998047e+02 6.2373901367e+02 6.2369897461e+02 6.2366497803e+02 6.2365502930e+02 6.2364300537e+02 6.2362097168e+02 6.2361102295e+02 6.2359802246e+02 6.2358502197e+02 6.2357800293e+02 6.2357501221e+02 6.2355999756e+02 6.2355499268e+02 6.2354602051e+02 6.2354101563e+02 6.2354699707e+02 6.2350701904e+02 6.2345098877e+02 6.2340399170e+02 6.2338397217e+02 6.2337500000e+02 6.2339300537e+02 6.2342901611e+02 6.2346997070e+02 6.2351397705e+02 6.2352502441e+02 6.2351501465e+02 6.2350000000e+02 6.2348699951e+02 6.2347100830e+02 6.2347100830e+02 6.2349597168e+02 6.2349102783e+02 6.2347802734e+02 6.2347497559e+02 6.2351098633e+02 6.2359002686e+02
6.2395501709e+02 6.2392602539e+02 6.2389697266e+02 6.2389300537e+02 6.2389898682e+02 6.2389099121e+02 6.2385900879e+02 6.2378497314e+02 6.2375799561e+02 6.2375000000e+02 6.2371197510e+02 6.2368902588e+02 6.2368200684e+02 6.2365698242e+02 6.2362597656e+02 6.2361901855e+02 6.2362298584e+02 6.2359802246e+02 6.2358099365e+02 6.2357800293e+02 6.2357800293e+02 6.2356500244e+02 6.2355297852e+02 6.2355499268e+02 6.2357397461e+02 6.2356799316e+02 6.2354699707e+02 6.2351702881e+02 6.2348901367e+02 6.2344299316e+02 6.2338702393e+02 6.2336199951e+02 6.2338397217e+02 6.2342901611e+02 6.2346600342e+02 6.2349298096e+02 6.2350299072e+02 6.2351098633e+02 6.2349798584e+02 6.2348699951e+02 6.2349102783e+02 6.2349102783e+02 6.2348101807e+02 6.2347497559e+02 6.2350500488e+02 6.2355798340e+02
6.2396697998e+02 6.2397302246e+02 6.2394396973e+02 6.2392199707e+02 6.2391198730e+02 6.2392999268e+02 6.2394097900e+02 6.2388702393e+02 6.2383197021e+02 6.2378399658e+02 6.2372698975e+02 6.2369897461e+02 6.2369396973e+02 6.2369097900e+02 6.2366198730e+02 6.2364099121e+02 6.2363500977e+02 6.2360498047e+02 6.2358099365e+02 6.2357800293e+02 6.2359399414e+02 6.2358502197e+02 6.2357299805e+02 6.2356597900e+02 6.2357000732e+02 6.2357702637e+02 6.2358599854e+02 6.2359100342e+02 6.2358197021e+02 6.2355902100e+02 6.2349401855e+02 6.2342901611e+02 6.2339501953e+02 6.2336199951e+02 6.2335998535e+02 6.2339398193e+02 6.2343902588e+02 6.2347100830e+02 6.2348101807e+02 6.2349200439e+02 6.2349798584e+02 6.2349401855e+02 6.2348498535e+02 6.2347601318e+02 6.2349700928e+02 6.2352301025e+02
6.2392602539e+02 6.2396398926e+02 6.2398199463e+02 6.2398699951e+02 6.2396502686e+02 6.2394396973e+02 6.2393798828e+02 6.2391497803e+02 6.2390502930e+02 6.2386199951e+02 6.2378997803e+02 6.2374102783e+02 6.2371899414e+02 6.2371899414e+02 6.2370001221e+02 6.2367102051e+02 6.2366101074e+02 6.2361901855e+02 6.2358502197e+02 6.2357397461e+02 6.2358599854e+02 6.2358599854e+02 6.2357897949e+02 6.2357397461e+02 6.2358502197e+02 6.2357702637e+02 6.2357897949e+02 6.2358801270e+02 6.2357897949e+02 6.2357702637e+02 6.2356597900e+02 6.2354302979e+02 6.2353698730e+02 6.2344097900e+02 6.2336700439e+02 6.2334399414e+02 6.2335498047e+02 6.2336499023e+02 6.2337500000e+02 6.2341601563e+02 6.2346600342e+02 6.2347900391e+02 6.2348297119e+02 6.2348199463e+02 6.2348797607e+02 6.2350799561e+02
6.2396301270e+02 6.2392797852e+02 6.2394702148e+02 6.2400299072e+02 6.2402801514e+02 6.2398199463e+02 6.2395898438e+02 6.2393298340e+02 6.2392498779e+02 6.2390600586e+02 6.2386499023e+02 6.2385101318e+02 6.2382397461e+02 6.2374700928e+02 6.2370397949e+02 6.2369500732e+02 6.2367199707e+02 6.2364001465e+02 6.2362597656e+02 6.2361700439e+02 6.2360400391e+02 6.2359197998e+02 6.2358801270e+02 6.2357598877e+02 6.2358502197e+02 6.2359497070e+02 6.2360101318e+02 6.2360198975e+02 6.2359899902e+02 6.2358898926e+02 6.2357501221e+02 6.2356097412e+02 6.2357000732e+02 6.2353997803e+02 6.2349401855e+02 6.2344897461e+02 6.2340899658e+02 6.2337097168e+02 6.2333001709e+02 6.2333599854e+02 6.2338702393e+02 6.2339599609e+02 6.2342401123e+02 6.2345300293e+02 6.2346600342e+02 6.2349298096e+02
6.2400201416e+02 6.2395800781e+02 6.2394097900e+02 6.2395397949e+02 6.2399401855e+02 6.2398498535e+02 6.2399298096e+02 6.2398602295e+02 6.2396899414e+02 6.2394201660e+02 6.2391400146e+02 6.2392199707e+02 6.2391497803e+02 6.2382800293e+02 6.2378399658e+02 6.2376098633e+02 6.2369201660e+02 6.2366699219e+02 6.2367401123e+02 6.2367797852e+02 6.2365600586e+02 6.2364300537e+02 6.2363098145e+02 6.2359698486e+02 6.2358197021e+02 6.2360498047e+02 6.2361999512e+02 6.2361499023e+02 6.2360400391e+02 6.2359100342e+02 6.2358197021e+02 6.2357299805e+02 6.2357501221e+02 6.2358099365e+02 6.2357501221e+02 6.2354797363e+02 6.2351501465e+02 6.2348498535e+02 6.2341900635e+02 6.2337799072e+02 6.2337701416e+02 6.2335900879e+02 6.2336602783e+02 6.2338598633e+02 6.2340100098e+02 6.2342797852e+02
6.2405999756e+02 6.2403497314e+02 6.2400000000e+02 6.2395501709e+02 6.2395300293e+02 6.2396600342e+02 6.2399902344e+02 6.2402600098e+02 6.2402398682e+02 6.2398797607e+02 6.2395397949e+02 6.2395202637e+02 6.2396398926e+02 6.2391900635e+02 6.2389099121e+02 6.2386700439e+02 6.2379101563e+02 6.2374700928e+02 6.2373602295e+02 6.2373101807e+02 6.2369799805e+02 6.2367999268e+02 6.2366198730e+02 6.2363000488e+02 6.2361499023e+02 6.2362500000e+02 6.2363000488e+02 6.2362097168e+02 6.2360797119e+02 6.2359698486e+02 6.2359802246e+02 6.2359301758e+02 6.2358599854e+02 6.2360101318e+02 6.2361297607e+02 6.2360498047e+02 6.2359698486e+02 6.2356597900e+02 6.2351800537e+02 6.2348602295e+02 6.2345501709e+02 6.2340997314e+02 6.2338500977e+02 6.2336499023e+02 6.2334802246e+02 6.2336199951e+02
6.2418200684e+02 6.2411199951e+02 6.2405297852e+02 6.2399798584e+02 6.2398901367e+02 6.2396002197e+02 6.2396002197e+02 6.2398797607e+02 6.2402099609e+02 6.2403302002e+02 6.2401202393e+02 6.2398199463e+02 6.2395397949e+02 6.2395001221e+02 6.2394598389e+02 6.2396600342e+02 6.2395599365e+02 6.2388000488e+02 6.2384698486e+02 6.2381701660e+02 6.2376397705e+02 6.2370800781e+02 6.2367297363e+02 6.2366601563e+02 6.2369201660e+02 6.2367401123e+02 6.2365100098e+02 6.2363098145e+02 6.2363000488e+02 6.2362799072e+02 6.2363201904e+02 6.2361798096e+02 6.2359802246e+02 6.2361499023e+02 6.2363098145e+02 6.2364300537e+02 6.2365399170e+02 6.2358801270e+02 6.2355700684e+02 6.2357000732e+02 6.2356597900e+02 6.2353100586e+02 6.2349597168e+02 6.2344299316e+02 6.2338800049e+02 6.2336297607e+02
6.2427197266e+02 6.2421099854e+02 6.2410797119e+02 6.2402301025e+02 6.2399499512e+02 6.2397302246e+02 6.2397399902e+02 6.2396801758e+02 6.2397302246e+02 6.2400701904e+02 6.2403198242e+02 6.2403399658e+02 6.2401202393e+02 6.2399298096e+02 6.2396899414e+02 6.2397698975e+02 6.2398602295e+02 6.2396801758e+02 6.2396997070e+02 6.2393499756e+02 6.2388299561e+02 6.2384698486e+02 6.2377398682e+02 6.2371502686e+02 6.2370599365e+02 6.2369500732e+02 6.2367901611e+02 6.2364697266e+02 6.2364398193e+02 6.2365802002e+02 6.2367401123e+02 6.2364697266e+02 6.2360302734e+02 6.2361499023e+02 6.2363702393e+02 6.2365002441e+02 6.2364202881e+02 6.2360900879e+02 6.2358697510e+02 6.2359100342e+02 6.2358898926e+02 6.2356799316e+02 6.2354602051e+02 6.2352301025e+02 6.2348901367e+02 6.2346197510e+02
6.2434497070e+02 6.2428497314e+02 6.2419299316e+02 6.2409301758e+02 6.2402801514e+02 6.2397900391e+02 6.2396801758e+02 6.2396002197e+02 6.2396002197e+02 6.2398699951e+02 6.2400402832e+02 6.2401000977e+02 6.2402301025e+02 6.2403100586e+02 6.2400299072e+02 6.2398999023e+02 6.2398297119e+02 6.2398901367e+02 6.2399902344e+02 6.2397900391e+02 6.2396600342e+02 6.2395800781e+02 6.2389398193e+02 6.2381597900e+02 6.2376202393e+02 6.2373797607e+02 6.2371899414e+02 6.2368103027e+02 6.2368103027e+02 6.2368499756e+02 6.2368402100e+02 6.2365197754e+02 6.2361901855e+02 6.2362097168e+02 6.2363397217e+02 6.2363299561e+02 6.2361602783e+02 6.2361700439e+02 6.2360498047e+02 6.2359301758e+02 6.2358697510e+02 6.2358398438e+02 6.2356597900e+02 6.2355200195e+02 6.2354998779e+02 6.2353698730e+02
6.2442999268e+02 6.2434600830e+02 6.2427697754e+02 6.2417999268e+02 6.2411401367e+02 6.2404302979e+02 6.2400000000e+02 6.2398101807e+02 6.2397302246e+02 6.2399902344e+02 6.2399902344e+02 6.2397998047e+02 6.2400500488e+02 6.2402801514e+02 6.2401702881e+02 6.2401800537e+02 6.2400402832e+02 6.2398901367e+02 6.2398901367e+02 6.2399102783e+02 6.2400299072e+02 6.2401300049e+02 6.2398400879e+02 6.2392700195e+02 6.2386297607e+02 6.2383197021e+02 6.2379797363e+02 6.2374200439e+02 6.2373498535e+02 6.2371099854e+02 6.2368798828e+02 6.2366699219e+02 6.2366198730e+02 6.2363598633e+02 6.2363098145e+02 6.2362500000e+02 6.2361199951e+02 6.2362402344e+02 6.2361700439e+02 6.2359997559e+02 6.2359899902e+02 6.2361999512e+02 6.2361199951e+02 6.2359002686e+02 6.2358099365e+02 6.2357397461e+02
6.2449298096e+02 6.2439801025e+02 6.2433398438e+02 6.2426501465e+02 6.2419201660e+02 6.2413000488e+02 6.2408697510e+02 6.2405499268e+02 6.2401898193e+02 6.2402099609e+02 6.2404498291e+02 6.2403100586e+02 6.2401599121e+02 6.2400799561e+02 6.2399597168e+02 6.2401397705e+02 6.2402197266e+02 6.2400897217e+02 6.2401000977e+02 6.2401397705e+02 6.2400201416e+02 6.2401800537e+02 6.2402398682e+02 6.2401000977e+02 6.2397802734e+02 6.2396600342e+02 6.2392797852e+02 6.2385302734e+02 6.2380499268e+02 6.2375097656e+02 6.2372302246e+02 6.2371899414e+02 6.2372998047e+02 6.2368298340e+02 6.2366302490e+02 6.2366497803e+02 6.2364202881e+02 6.2362701416e+02 6.2361700439e+02 6.2361401367e+02 6.2362799072e+02 6.2364697266e+02 6.2365301514e+02 6.2363598633e+02 6.2359899902e+02 6.2358898926e+02
6.2464202881e+02 6.2452398682e+02 6.2443902588e+02 6.2434802246e+02 6.2425402832e+02 6.2417102051e+02 6.2415301514e+02 6.2413397217e+02 6.2409002686e+02 6.2407202148e+02 6.2409399414e+02 6.2408898926e+02 6.2404199219e+02 6.2401800537e+02 6.2400000000e+02 6.2400097656e+02 6.2401702881e+02 6.2402099609e+02 6.2404101563e+02 6.2405700684e+02 6.2404998779e+02 6.2403900146e+02 6.2403100586e+02 6.2402001953e+02 6.2401800537e+02 6.2403802490e+02 6.2400799561e+02 6.2394396973e+02 6.2392797852e+02 6.2386700439e+02 6.2380297852e+02 6.2374597168e+02 6.2370800781e+02 6.2369598389e+02 6.2371697998e+02 6.2374798584e+02 6.2370898438e+02 6.2368902588e+02 6.2366101074e+02 6.2363598633e+02 6.2364001465e+02 6.2363299561e+02 6.2362799072e+02 6.2363098145e+02 6.2362298584e+02 6.2362097168e+02
6.2478302002e+02 6.2470397949e+02 6.2462500000e+02 6.2450799561e+02 6.2437597656e+02 6.2429797363e+02 6.2426599121e+02 6.2422198486e+02 6.2417602539e+02 6.2415301514e+02 6.2416101074e+02 6.2414202881e+02 6.2407800293e+02 6.2405798340e+02 6.2404400635e+02 6.2403100586e+02 6.2402801514e+02 6.2401599121e+02 6.2403497314e+02 6.2406701660e+02 6.2409002686e+02 6.2408599854e+02 6.2406298828e+02 6.2403698730e+02 6.2402301025e+02 6.2402099609e+02 6.2400097656e+02 6.2398797607e+02 6.2402899170e+02 6.2397998047e+02 6.2390399170e+02 6.2383001709e+02 6.2376501465e+02 6.2373999023e+02 6.2373297119e+02 6.2373199463e+02 6.2371398926e+02 6.2372698975e+02 6.2370300293e+02 6.2367102051e+02 6.2366101074e+02 6.2364001465e+02 6.2363000488e+02 6.2364202881e+02 6.2364801025e+02 6.2364599609e+02
6.2491101074e+02 6.2484002686e+02 6.2476702881e+02 6.2466699219e+02 6.2456799316e+02 6.2450500488e+02 6.2442797852e+02 6.2435302734e+02 6.2430297852e+02 6.2427801514e+02 6.2426501465e+02 6.2422900391e+02 6.2416699219e+02 6.2413500977e+02 6.2410498047e+02 6.2407897949e+02 6.2405297852e+02 6.2401800537e+02 6.2402801514e+02 6.2406097412e+02 6.2409399414e+02 6.2410797119e+02 6.2409802246e+02 6.2407800293e+02 6.2406500244e+02 6.2403802490e+02 6.2401098633e+02 6.2401300049e+02 6.2405297852e+02 6.2403698730e+02 6.2400201416e+02 6.2396002197e+02 6.2389697266e+02 6.2384497070e+02 6.2379101563e+02 6.2374798584e+02 6.2372601318e+02 6.2373602295e+02 6.2372399902e+02 6.2370697021e+02 6.2369201660e+02 6.2367102051e+02 6.2367102051e+02 6.2367498779e+02 6.2366400146e+02 6.2365997314e+02
6.2504400635e+02 6.2494799805e+02 6.2486499023e+02 6.2480200195e+02 6.2472100830e+02 6.2466497803e+02 6.2457098389e+02 6.2450897217e+02 6.2446600342e+02 6.2442999268e+02 6.2437298584e+02 6.2431298828e+02 6.2429101563e+02 6.2420501709e+02 6.2414300537e+02 6.2411199951e+02 6.2407202148e+02 6.2404998779e+02 6.2406298828e+02 6.2407897949e+02 6.2407000732e+02 6.2408099365e+02 6.2409899902e+02 6.2411102295e+02 6.2410498047e+02 6.2408898926e+02 6.2405999756e+02 6.2404101563e+02 6.2401599121e+02 6.2401300049e+02 6.2403302002e+02 6.2403698730e+02 6.2399102783e+02 6.2395697021e+02 6.2390600586e+02 6.2385900879e+02 6.2382897949e+02 6.2378100586e+02 6.2373199463e+02 6.2370098877e+02 6.2369396973e+02 6.2368597412e+02 6.2368798828e+02 6.2367700195e+02 6.2365997314e+02 6.2366302490e+02
6.2525897217e+02 6.2515600586e+02 6.2502801514e+02 6.2493902588e+02 6.2485900879e+02 6.2480700684e+02 6.2473199463e+02 6.2468200684e+02 6.2464697266e+02 6.2460998535e+02 6.2449700928e+02 6.2438702393e+02 6.2435900879e+02 6.2428698730e+02 6.2421197510e+02 6.2417498779e+02 6.2413702393e+02 6.2410601807e+02 6.2412597656e+02 6.2413000488e+02 6.2410498047e+02 6.2409997559e+02 6.2409399414e+02 6.2410198975e+02 6.2411700439e+02 6.2410101318e+02 6.2408697510e+02 6.2408099365e+02 6.2405499268e+02 6.2402398682e+02 6.2402197266e+02 6.2401898193e+02 6.2400799561e+02 6.2401599121e+02 6.2398602295e+02 6.2394702148e+02 6.2392700195e+02 6.2388500977e+02 6.2382397461e+02 6.2375799561e+02 6.2372302246e+02 6.2371502686e+02 6.2372900391e+02 6.2372302246e+02 6.2371099854e+02 6.2371301270e+02
6.2548901367e+02 6.2535699463e+02 6.2519201660e+02 6.2508801270e+02 6.2503002930e+02 6.2498199463e+02 6.2491900635e+02 6.2486199951e+02 6.2479998779e+02 6.2476300049e+02 6.2464300537e+02 6.2451300049e+02 6.2445898438e+02 6.2442498779e+02 6.2435198975e+02 6.2426501465e+02 6.2417901611e+02 6.2415698242e+02 6.2420300293e+02 6.2422497559e+02 6.2420300293e+02 6.2419201660e+02 6.2413299561e+02 6.2409899902e+02 6.2410797119e+02 6.2408197021e+02 6.2406799316e+02 6.2408300781e+02 6.2409002686e+02 6.2407897949e+02 6.2406799316e+02 6.2403900146e+02 6.2400701904e+02 6.2400897217e+02 6.2399298096e+02 6.2398400879e+02 6.2399298096e+02 6.2396801758e+02 6.2392602539e+02 6.2387402344e+02 6.2383502197e+02 6.2382202148e+02 6.2383398438e+02 6.2381597900e+02 6.2379602051e+02 6.2379699707e+02
6.2569500732e+02 6.2553601074e+02 6.2538299561e+02 6.2525799561e+02 6.2518402100e+02 6.2513500977e+02 6.2509197998e+02 6.2501800537e+02 6.2488500977e+02 6.2483197021e+02 6.2475097656e+02 6.2465002441e+02 6.2456201172e+02 6.2449401855e+02 6.2442901611e+02 6.2435101318e+02 6.2425701904e+02 6.2423498535e+02 6.2430499268e+02 6.2435601807e+02 6.2433801270e+02 6.2434100342e+02 6.2427697754e+02 6.2421301270e+02 6.2416601563e+02 6.2409399414e+02 6.2405200195e+02 6.2406097412e+02 6.2408801270e+02 6.2411798096e+02 6.2412298584e+02 6.2409002686e+02 6.2403802490e+02 6.2401898193e+02 6.2400000000e+02 6.2399200439e+02 6.2400402832e+02 6.2400000000e+02 6.2399700928e+02 6.2398498535e+02 6.2396099854e+02 6.2391998291e+02 6.2390997314e+02 6.2388201904e+02 6.2386499023e+02 6.2386901855e+02
