TESTSERVER/5/7.asc
NCOLS 100
NROWS 100
XLLCORNER 7.7497500000e+03
YLLCORNER 2.8960025000e+05
CELLSIZE 5.0000000000e-01
NODATA_VALUE -9.9990000000e+03
[rows 80 to 99 of 100, columns 46 to 91 of 100]
6.0263897705e+02 6.0276501465e+02 6.0290997314e+02 6.0308398438e+02 6.0328601074e+02 6.0347998047e+02 6.0369299316e+02 6.0391497803e+02 6.0412402344e+02 6.0429302979e+02 6.0444598389e+02 6.0458599854e+02 6.0471697998e+02 6.0475299072e+02 6.0479101563e+02 6.0485900879e+02 6.0495001221e+02 6.0509197998e+02 6.0532598877e+02 6.0558898926e+02 6.0584802246e+02 6.0612298584e+02 6.0631201172e+02 6.0638598633e+02 6.0635699463e+02 6.0631597900e+02 6.0629797363e+02 6.0629101563e+02 6.0627600098e+02 6.0625299072e+02 6.0623602295e+02 6.0623101807e+02 6.0622802734e+02 6.0620397949e+02 6.0616998291e+02 6.0614001465e+02 6.0613800049e+02 6.0621002197e+02 6.0637402344e+02 6.0663897705e+02 6.0698602295e+02 6.0728302002e+02 6.0761401367e+02 6.0792999268e+02 6.0819799805e+02 6.0836700439e+02
6.0248602295e+02 6.0260198975e+02 6.0274401855e+02 6.0294299316e+02 6.0316400146e+02 6.0335498047e+02 6.0354199219e+02 6.0373797607e+02 6.0393298340e+02 6.0410101318e+02 6.0425701904e+02 6.0439801025e+02 6.0451501465e+02 6.0458001709e+02 6.0464697266e+02 6.0472900391e+02 6.0483099365e+02 6.0494396973e+02 6.0508398438e+02 6.0525000000e+02 6.0549200439e+02 6.0582202148e+02 6.0608599854e+02 6.0624499512e+02 6.0629602051e+02 6.0627801514e+02 6.0625500488e+02 6.0623999023e+02 6.0622100830e+02 6.0620501709e+02 6.0619299316e+02 6.0617901611e+02 6.0616302490e+02 6.0614501953e+02 6.0612500000e+02 6.0610699463e+02 6.0608898926e+02 6.0608300781e+02 6.0615502930e+02 6.0635601807e+02 6.0667901611e+02 6.0701202393e+02 6.0734497070e+02 6.0766198730e+02 6.0794396973e+02 6.0812298584e+02
6.0232598877e+02 6.0243103027e+02 6.0256597900e+02 6.0277301025e+02 6.0301599121e+02 6.0321899414e+02 6.0340197754e+02 6.0358197021e+02 6.0376202393e+02 6.0392797852e+02 6.0408300781e+02 6.0422399902e+02 6.0434600830e+02 6.0443499756e+02 6.0450598145e+02 6.0458001709e+02 6.0467602539e+02 6.0477197266e+02 6.0486901855e+02 6.0498297119e+02 6.0516101074e+02 6.0546099854e+02 6.0577301025e+02 6.0603302002e+02 6.0620397949e+02 6.0621997070e+02 6.0620001221e+02 6.0617700195e+02 6.0616497803e+02 6.0615301514e+02 6.0613598633e+02 6.0611999512e+02 6.0610498047e+02 6.0608898926e+02 6.0608001709e+02 6.0607299805e+02 6.0605700684e+02 6.0601898193e+02 6.0600799561e+02 6.0610699463e+02 6.0637097168e+02 6.0671099854e+02 6.0704602051e+02 6.0737701416e+02 6.0768200684e+02 6.0789801025e+02
6.0216497803e+02 6.0226501465e+02 6.0238299561e+02 6.0257098389e+02 6.0281701660e+02 6.0304797363e+02 6.0324298096e+02 6.0342199707e+02 6.0359399414e+02 6.0375799561e+02 6.0391101074e+02 6.0405499268e+02 6.0419396973e+02 6.0429602051e+02 6.0434997559e+02 6.0440399170e+02 6.0448797607e+02 6.0457299805e+02 6.0465301514e+02 6.0474798584e+02 6.0488299561e+02 6.0512597656e+02 6.0545202637e+02 6.0579101563e+02 6.0607800293e+02 6.0612597656e+02 6.0612500000e+02 6.0610601807e+02 6.0609698486e+02 6.0609100342e+02 6.0607397461e+02 6.0606500244e+02 6.0605401611e+02 6.0603302002e+02 6.0602398682e+02 6.0602301025e+02 6.0601501465e+02 6.0598498535e+02 6.0593402100e+02 6.0594500732e+02 6.0611499023e+02 6.0641699219e+02 6.0672698975e+02 6.0704901123e+02 6.0736602783e+02 6.0764202881e+02
6.0201000977e+02 6.0211700439e+02 6.0222302246e+02 6.0237500000e+02 6.0259197998e+02 6.0284899902e+02 6.0306500244e+02 6.0324700928e+02 6.0341198730e+02 6.0356298828e+02 6.0371197510e+02 6.0385400391e+02 6.0398901367e+02 6.0409997559e+02 6.0415100098e+02 6.0420397949e+02 6.0429199219e+02 6.0436499023e+02 6.0443902588e+02 6.0453698730e+02 6.0468200684e+02 6.0487500000e+02 6.0518200684e+02 6.0554998779e+02 6.0593499756e+02 6.0601702881e+02 6.0604901123e+02 6.0604602051e+02 6.0602001953e+02 6.0602099609e+02 6.0602001953e+02 6.0601300049e+02 6.0600201416e+02 6.0597399902e+02 6.0595697021e+02 6.0595599365e+02 6.0596197510e+02 6.0593902588e+02 6.0589300537e+02 6.0587200928e+02 6.0594097900e+02 6.0615301514e+02 6.0640100098e+02 6.0668103027e+02 6.0698498535e+02 6.0732000732e+02
6.0185998535e+02 6.0197601318e+02 6.0208502197e+02 6.0222998047e+02 6.0241802979e+02 6.0264202881e+02 6.0284600830e+02 6.0301898193e+02 6.0317700195e+02 6.0333398438e+02 6.0347998047e+02 6.0361297607e+02 6.0373498535e+02 6.0382397461e+02 6.0388702393e+02 6.0395697021e+02 6.0406298828e+02 6.0416497803e+02 6.0425402832e+02 6.0436102295e+02 6.0449401855e+02 6.0469097900e+02 6.0498999023e+02 6.0534899902e+02 6.0575299072e+02 6.0589001465e+02 6.0597198486e+02 6.0599401855e+02 6.0596398926e+02 6.0595501709e+02 6.0595397949e+02 6.0595001221e+02 6.0594396973e+02 6.0592297363e+02 6.0590399170e+02 6.0590002441e+02 6.0590698242e+02 6.0588598633e+02 6.0584600830e+02 6.0582397461e+02 6.0582702637e+02 6.0590301514e+02 6.0604101563e+02 6.0625000000e+02 6.0655200195e+02 6.0690399170e+02
6.0171697998e+02 6.0182800293e+02 6.0193597412e+02 6.0207299805e+02 6.0224401855e+02 6.0243200684e+02 6.0260998535e+02 6.0277398682e+02 6.0294097900e+02 6.0310498047e+02 6.0324499512e+02 6.0336602783e+02 6.0346697998e+02 6.0354699707e+02 6.0360998535e+02 6.0368701172e+02 6.0381701660e+02 6.0394799805e+02 6.0405603027e+02 6.0417700195e+02 6.0431298828e+02 6.0451300049e+02 6.0482202148e+02 6.0518798828e+02 6.0558599854e+02 6.0575799561e+02 6.0587097168e+02 6.0591302490e+02 6.0590399170e+02 6.0589300537e+02 6.0589001465e+02 6.0589099121e+02 6.0588897705e+02 6.0587597656e+02 6.0586102295e+02 6.0585302734e+02 6.0584698486e+02 6.0582702637e+02 6.0578997803e+02 6.0576098633e+02 6.0573199463e+02 6.0570501709e+02 6.0573901367e+02 6.0587597656e+02 6.0614202881e+02 6.0647998047e+02
6.0158398438e+02 6.0168103027e+02 6.0178399658e+02 6.0191198730e+02 6.0206799316e+02 6.0223699951e+02 6.0240100098e+02 6.0255603027e+02 6.0272698975e+02 6.0289202881e+02 6.0302600098e+02 6.0313500977e+02 6.0321801758e+02 6.0328698730e+02 6.0334899902e+02 6.0342700195e+02 6.0356298828e+02 6.0370800781e+02 6.0383398438e+02 6.0397900391e+02 6.0414001465e+02 6.0435998535e+02 6.0468499756e+02 6.0505902100e+02 6.0545300293e+02 6.0562902832e+02 6.0573999023e+02 6.0579101563e+02 6.0582098389e+02 6.0582397461e+02 6.0582501221e+02 6.0583300781e+02 6.0583197021e+02 6.0581799316e+02 6.0580902100e+02 6.0580401611e+02 6.0579302979e+02 6.0577600098e+02 6.0574499512e+02 6.0571099854e+02 6.0566101074e+02 6.0557702637e+02 6.0554400635e+02 6.0562097168e+02 6.0582800293e+02 6.0611901855e+02
6.0146197510e+02 6.0154498291e+02 6.0164300537e+02 6.0176300049e+02 6.0190502930e+02 6.0208300781e+02 6.0225000000e+02 6.0239398193e+02 6.0254998779e+02 6.0270501709e+02 6.0283197021e+02 6.0293298340e+02 6.0300500488e+02 6.0307299805e+02 6.0314099121e+02 6.0321997070e+02 6.0333001709e+02 6.0345300293e+02 6.0360101318e+02 6.0378601074e+02 6.0401898193e+02 6.0425201416e+02 6.0458599854e+02 6.0495898438e+02 6.0536102295e+02 6.0555401611e+02 6.0563201904e+02 6.0567401123e+02 6.0572802734e+02 6.0574902344e+02 6.0575799561e+02 6.0577099609e+02 6.0577301025e+02 6.0575201416e+02 6.0574401855e+02 6.0574401855e+02 6.0573797607e+02 6.0572998047e+02 6.0570599365e+02 6.0566900635e+02 6.0561499023e+02 6.0550897217e+02 6.0546002197e+02 6.0550000000e+02 6.0563897705e+02 6.0585797119e+02
6.0133801270e+02 6.0142901611e+02 6.0152801514e+02 6.0165197754e+02 6.0180798340e+02 6.0201098633e+02 6.0213897705e+02 6.0222198486e+02 6.0234497070e+02 6.0249700928e+02 6.0262701416e+02 6.0273999023e+02 6.0283197021e+02 6.0290399170e+02 6.0297497559e+02 6.0304998779e+02 6.0313397217e+02 6.0324499512e+02 6.0340197754e+02 6.0360699463e+02 6.0384497070e+02 6.0411602783e+02 6.0445501709e+02 6.0483300781e+02 6.0524401855e+02 6.0547100830e+02 6.0555297852e+02 6.0559802246e+02 6.0565899658e+02 6.0568902588e+02 6.0569598389e+02 6.0569799805e+02 6.0569897461e+02 6.0569799805e+02 6.0569396973e+02 6.0569299316e+02 6.0567797852e+02 6.0567102051e+02 6.0566198730e+02 6.0563098145e+02 6.0557800293e+02 6.0550097656e+02 6.0545001221e+02 6.0544799805e+02 6.0550799561e+02 6.0565997314e+02
6.0121099854e+02 6.0131097412e+02 6.0141802979e+02 6.0154797363e+02 6.0172497559e+02 6.0194598389e+02 6.0202502441e+02 6.0206402588e+02 6.0218103027e+02 6.0232702637e+02 6.0246002197e+02 6.0258300781e+02 6.0269097900e+02 6.0277001953e+02 6.0283801270e+02 6.0290399170e+02 6.0297802734e+02 6.0308099365e+02 6.0323400879e+02 6.0343701172e+02 6.0367498779e+02 6.0394000244e+02 6.0427600098e+02 6.0465698242e+02 6.0507098389e+02 6.0533801270e+02 6.0545800781e+02 6.0551702881e+02 6.0557098389e+02 6.0560900879e+02 6.0562701416e+02 6.0562799072e+02 6.0563098145e+02 6.0564001465e+02 6.0564001465e+02 6.0563897705e+02 6.0562200928e+02 6.0561297607e+02 6.0561102295e+02 6.0559002686e+02 6.0554101563e+02 6.0548602295e+02 6.0543499756e+02 6.0540301514e+02 6.0540698242e+02 6.0550799561e+02
6.0107897949e+02 6.0118798828e+02 6.0130102539e+02 6.0143499756e+02 6.0161199951e+02 6.0183099365e+02 6.0189697266e+02 6.0194201660e+02 6.0207501221e+02 6.0221301270e+02 6.0234600830e+02 6.0247399902e+02 6.0258599854e+02 6.0266998291e+02 6.0273602295e+02 6.0279602051e+02 6.0286102295e+02 6.0295300293e+02 6.0309600830e+02 6.0328802490e+02 6.0350799561e+02 6.0374700928e+02 6.0406500244e+02 6.0444000244e+02 6.0485498047e+02 6.0516699219e+02 6.0534301758e+02 6.0542797852e+02 6.0547302246e+02 6.0552502441e+02 6.0555700684e+02 6.0555999756e+02 6.0556500244e+02 6.0557299805e+02 6.0557299805e+02 6.0557397461e+02 6.0556597900e+02 6.0555798340e+02 6.0555297852e+02 6.0553802490e+02 6.0550201416e+02 6.0545098877e+02 6.0540197754e+02 6.0536102295e+02 6.0533801270e+02 6.0539801025e+02
6.0094396973e+02 6.0106201172e+02 6.0117199707e+02 6.0130200195e+02 6.0146099854e+02 6.0165197754e+02 6.0176599121e+02 6.0185699463e+02 6.0198699951e+02 6.0213500977e+02 6.0227099609e+02 6.0240197754e+02 6.0252899170e+02 6.0259899902e+02 6.0265802002e+02 6.0271197510e+02 6.0276898193e+02 6.0285498047e+02 6.0298602295e+02 6.0315301514e+02 6.0332299805e+02 6.0353002930e+02 6.0381298828e+02 6.0418103027e+02 6.0463299561e+02 6.0499298096e+02 6.0522198486e+02 6.0533300781e+02 6.0539001465e+02 6.0545098877e+02 6.0549597168e+02 6.0550097656e+02 6.0549401855e+02 6.0551397705e+02 6.0551000977e+02 6.0550500488e+02 6.0550701904e+02 6.0550402832e+02 6.0549700928e+02 6.0548602295e+02 6.0546197510e+02 6.0542102051e+02 6.0537500000e+02 6.0533502197e+02 6.0530401611e+02 6.0532202148e+02
6.0081201172e+02 6.0092401123e+02 6.0105798340e+02 6.0122802734e+02 6.0142797852e+02 6.0159497070e+02 6.0170599365e+02 6.0178399658e+02 6.0189202881e+02 6.0204302979e+02 6.0220098877e+02 6.0234802246e+02 6.0247399902e+02 6.0253002930e+02 6.0256896973e+02 6.0261102295e+02 6.0266400146e+02 6.0274902344e+02 6.0287500000e+02 6.0303002930e+02 6.0316400146e+02 6.0329797363e+02 6.0355603027e+02 6.0392498779e+02 6.0440197754e+02 6.0481201172e+02 6.0508001709e+02 6.0521899414e+02 6.0530200195e+02 6.0536999512e+02 6.0541802979e+02 6.0542999268e+02 6.0542700195e+02 6.0544299316e+02 6.0544702148e+02 6.0544799805e+02 6.0545300293e+02 6.0545098877e+02 6.0544500732e+02 6.0544201660e+02 6.0542602539e+02 6.0538397217e+02 6.0533697510e+02 6.0528997803e+02 6.0525402832e+02 6.0524902344e+02
6.0070800781e+02 6.0082299805e+02 6.0097399902e+02 6.0116699219e+02 6.0140600586e+02 6.0159997559e+02 6.0168902588e+02 6.0172900391e+02 6.0180700684e+02 6.0197998047e+02 6.0215698242e+02 6.0231402588e+02 6.0243200684e+02 6.0246801758e+02 6.0249298096e+02 6.0252398682e+02 6.0256500244e+02 6.0264398193e+02 6.0276898193e+02 6.0292297363e+02 6.0305200195e+02 6.0316802979e+02 6.0340100098e+02 6.0373498535e+02 6.0417602539e+02 6.0459100342e+02 6.0487701416e+02 6.0505798340e+02 6.0519500732e+02 6.0529101563e+02 6.0535998535e+02 6.0537500000e+02 6.0536297607e+02 6.0536499023e+02 6.0537799072e+02 6.0539001465e+02 6.0539501953e+02 6.0539099121e+02 6.0538800049e+02 6.0539099121e+02 6.0538299561e+02 6.0534002686e+02 6.0529699707e+02 6.0524902344e+02 6.0521801758e+02 6.0520599365e+02
6.0063397217e+02 6.0075500488e+02 6.0090802002e+02 6.0109698486e+02 6.0133099365e+02 6.0154400635e+02 6.0162902832e+02 6.0165197754e+02 6.0172998047e+02 6.0192901611e+02 6.0212200928e+02 6.0228399658e+02 6.0239001465e+02 6.0240698242e+02 6.0242102051e+02 6.0244097900e+02 6.0247497559e+02 6.0255603027e+02 6.0268402100e+02 6.0284002686e+02 6.0299597168e+02 6.0311901855e+02 6.0331298828e+02 6.0359002686e+02 6.0396002197e+02 6.0436700439e+02 6.0466198730e+02 6.0487097168e+02 6.0504901123e+02 6.0518597412e+02 6.0528802490e+02 6.0531402588e+02 6.0529400635e+02 6.0529400635e+02 6.0531500244e+02 6.0533300781e+02 6.0533001709e+02 6.0533197021e+02 6.0533300781e+02 6.0533599854e+02 6.0532897949e+02 6.0528997803e+02 6.0525701904e+02 6.0521502686e+02 6.0518798828e+02 6.0517999268e+02
6.0057800293e+02 6.0071301270e+02 6.0085498047e+02 6.0101702881e+02 6.0119799805e+02 6.0141699219e+02 6.0152001953e+02 6.0156201172e+02 6.0164801025e+02 6.0187500000e+02 6.0209100342e+02 6.0225402832e+02 6.0233898926e+02 6.0234899902e+02 6.0235198975e+02 6.0236401367e+02 6.0240802002e+02 6.0248999023e+02 6.0262200928e+02 6.0278497314e+02 6.0299102783e+02 6.0314099121e+02 6.0328399658e+02 6.0347198486e+02 6.0374597168e+02 6.0413702393e+02 6.0446002197e+02 6.0469000244e+02 6.0486401367e+02 6.0504998779e+02 6.0517602539e+02 6.0522198486e+02 6.0521801758e+02 6.0523101807e+02 6.0525500488e+02 6.0527197266e+02 6.0526599121e+02 6.0527001953e+02 6.0528002930e+02 6.0527899170e+02 6.0527099609e+02 6.0523999023e+02 6.0520697021e+02 6.0517901611e+02 6.0515600586e+02 6.0515197754e+02
6.0051599121e+02 6.0065399170e+02 6.0079400635e+02 6.0095001221e+02 6.0112799072e+02 6.0134197998e+02 6.0142401123e+02 6.0146197510e+02 6.0157202148e+02 6.0179199219e+02 6.0201397705e+02 6.0217602539e+02 6.0223400879e+02 6.0224200439e+02 6.0225299072e+02 6.0227801514e+02 6.0233898926e+02 6.0244299316e+02 6.0258898926e+02 6.0276202393e+02 6.0295300293e+02 6.0311297607e+02 6.0321801758e+02 6.0333099365e+02 6.0350299072e+02 6.0385498047e+02 6.0423999023e+02 6.0449298096e+02 6.0464501953e+02 6.0487701416e+02 6.0505200195e+02 6.0513098145e+02 6.0515600586e+02 6.0517700195e+02 6.0519299316e+02 6.0520501709e+02 6.0520300293e+02 6.0521197510e+02 6.0521801758e+02 6.0521801758e+02 6.0521398926e+02 6.0519201660e+02 6.0515600586e+02 6.0512701416e+02 6.0510601807e+02 6.0509802246e+02
6.0046197510e+02 6.0060101318e+02 6.0074401855e+02 6.0090502930e+02 6.0109600830e+02 6.0128302002e+02 6.0134399414e+02 6.0139697266e+02 6.0152697754e+02 6.0170098877e+02 6.0188098145e+02 6.0201702881e+02 6.0208300781e+02 6.0210699463e+02 6.0212902832e+02 6.0217401123e+02 6.0226300049e+02 6.0238897705e+02 6.0254302979e+02 6.0271197510e+02 6.0288299561e+02 6.0301800537e+02 6.0309399414e+02 6.0316998291e+02 6.0328900146e+02 6.0361199951e+02 6.0401000977e+02 6.0428601074e+02 6.0445599365e+02 6.0471801758e+02 6.0492602539e+02 6.0503497314e+02 6.0508300781e+02 6.0510998535e+02 6.0512500000e+02 6.0513702393e+02 6.0513702393e+02 6.0514697266e+02 6.0515002441e+02 6.0515301514e+02 6.0515502930e+02 6.0514202881e+02 6.0510400391e+02 6.0507299805e+02 6.0505902100e+02 6.0504699707e+02
6.0041802979e+02 6.0055999756e+02 6.0070898438e+02 6.0087701416e+02 6.0108697510e+02 6.0124200439e+02 6.0127502441e+02 6.0133300781e+02 6.0147399902e+02 6.0160699463e+02 6.0174499512e+02 6.0185400391e+02 6.0192999268e+02 6.0196899414e+02 6.0200299072e+02 6.0206500244e+02 6.0218200684e+02 6.0232702637e+02 6.0247998047e+02 6.0263397217e+02 6.0278698730e+02 6.0288897705e+02 6.0295001221e+02 6.0301800537e+02 6.0313598633e+02 6.0343402100e+02 6.0380401611e+02 6.0410101318e+02 6.0433300781e+02 6.0460498047e+02 6.0482098389e+02 6.0494702148e+02 6.0500701904e+02 6.0503900146e+02 6.0506201172e+02 6.0507702637e+02 6.0507702637e+02 6.0508300781e+02 6.0508697510e+02 6.0509399414e+02 6.0509899902e+02 6.0509197998e+02 6.0505499268e+02 6.0502099609e+02 6.0500701904e+02 6.0498901367e+02
