TESTSERVER/5/7.asc
NCOLS 100
NROWS 100
XLLCORNER 7.7497500000e+03
YLLCORNER 2.8960025000e+05
CELLSIZE 5.0000000000e-01
NODATA_VALUE -9.9990000000e+03
[rows 20 to 39 of 100, columns 0 to 45 of 100]
6.1158599854e+02 6.1154901123e+02 6.1151898193e+02 6.1147100830e+02 6.1141601563e+02 6.1137097168e+02 6.1133099365e+02 6.1129101563e+02 6.1125299072e+02 6.1120397949e+02 6.1115301514e+02 6.1111199951e+02 6.1106896973e+02 6.1102398682e+02 6.1097198486e+02 6.1094201660e+02 6.1090399170e+02 6.1085498047e+02 6.1080102539e+02 6.1073602295e+02 6.1069396973e+02 6.1067999268e+02 6.1069702148e+02 6.1072399902e+02 6.1076898193e+02 6.1098602295e+02 6.1137097168e+02 6.1189202881e+02 6.1222302246e+02 6.1249798584e+02 6.1297900391e+02 6.1343298340e+02 6.1384600830e+02 6.1425598145e+02 6.1473602295e+02 6.1518798828e+02 6.1558599854e+02 6.1600201416e+02 6.1645697021e+02 6.1682397461e+02 6.1710498047e+02 6.1731201172e+02 6.1745397949e+02 6.1758599854e+02 6.1771099854e+02 6.1783801270e+02
6.1155102539e+02 6.1149499512e+02 6.1145001221e+02 6.1141802979e+02 6.1137402344e+02 6.1133502197e+02 6.1129901123e+02 6.1125897217e+02 6.1121398926e+02 6.1116400146e+02 6.1112500000e+02 6.1108197021e+02 6.1103601074e+02 6.1098999023e+02 6.1094500732e+02 6.1090997314e+02 6.1086401367e+02 6.1081298828e+02 6.1077697754e+02 6.1072497559e+02 6.1066497803e+02 6.1061700439e+02 6.1055902100e+02 6.1053802490e+02 6.1057702637e+02 6.1070098877e+02 6.1087298584e+02 6.1120300293e+02 6.1141101074e+02 6.1153802490e+02 6.1194000244e+02 6.1254400635e+02 6.1319396973e+02 6.1384698486e+02 6.1436297607e+02 6.1475402832e+02 6.1504797363e+02 6.1537902832e+02 6.1582000732e+02 6.1626501465e+02 6.1664099121e+02 6.1692401123e+02 6.1710302734e+02 6.1727697754e+02 6.1741400146e+02 6.1753302002e+02
6.1153802490e+02 6.1148498535e+02 6.1142199707e+02 6.1137597656e+02 6.1133502197e+02 6.1129602051e+02 6.1125402832e+02 6.1121801758e+02 6.1117602539e+02 6.1113000488e+02 6.1109399414e+02 6.1104901123e+02 6.1100299072e+02 6.1095697021e+02 6.1091601563e+02 6.1087597656e+02 6.1082800293e+02 6.1078002930e+02 6.1074298096e+02 6.1070098877e+02 6.1064801025e+02 6.1059301758e+02 6.1052697754e+02 6.1048602295e+02 6.1047302246e+02 6.1050897217e+02 6.1059399414e+02 6.1079400635e+02 6.1091101074e+02 6.1092102051e+02 6.1106097412e+02 6.1139300537e+02 6.1203302002e+02 6.1292297363e+02 6.1374401855e+02 6.1420001221e+02 6.1449200439e+02 6.1476898193e+02 6.1511999512e+02 6.1556298828e+02 6.1602899170e+02 6.1644201660e+02 6.1674401855e+02 6.1696899414e+02 6.1713201904e+02 6.1725701904e+02
6.1141101074e+02 6.1143200684e+02 6.1140197754e+02 6.1134497070e+02 6.1130603027e+02 6.1126098633e+02 6.1119897461e+02 6.1115997314e+02 6.1112200928e+02 6.1108197021e+02 6.1105102539e+02 6.1100897217e+02 6.1096398926e+02 6.1091802979e+02 6.1087597656e+02 6.1083398438e+02 6.1079101563e+02 6.1074597168e+02 6.1070202637e+02 6.1066601563e+02 6.1062597656e+02 6.1058300781e+02 6.1053100586e+02 6.1047802734e+02 6.1041198730e+02 6.1036602783e+02 6.1038299561e+02 6.1049700928e+02 6.1057897949e+02 6.1057000732e+02 6.1055902100e+02 6.1054998779e+02 6.1088000488e+02 6.1169396973e+02 6.1276300049e+02 6.1347399902e+02 6.1389300537e+02 6.1421398926e+02 6.1450897217e+02 6.1493499756e+02 6.1547601318e+02 6.1599401855e+02 6.1639599609e+02 6.1667199707e+02 6.1686798096e+02 6.1700500488e+02
6.1107598877e+02 6.1123400879e+02 6.1132501221e+02 6.1130297852e+02 6.1127099609e+02 6.1122100830e+02 6.1118298340e+02 6.1112597656e+02 6.1107897949e+02 6.1103002930e+02 6.1099401855e+02 6.1095800781e+02 6.1091900635e+02 6.1087597656e+02 6.1082897949e+02 6.1079199219e+02 6.1075500488e+02 6.1071197510e+02 6.1067102051e+02 6.1063201904e+02 6.1059100342e+02 6.1054602051e+02 6.1050097656e+02 6.1044799805e+02 6.1038800049e+02 6.1032397461e+02 6.1027801514e+02 6.1024798584e+02 6.1028698730e+02 6.1030499268e+02 6.1027899170e+02 6.1021997070e+02 6.1020300293e+02 6.1062902832e+02 6.1148901367e+02 6.1238500977e+02 6.1308697510e+02 6.1366302490e+02 6.1415197754e+02 6.1453900146e+02 6.1508197021e+02 6.1561199951e+02 6.1601800537e+02 6.1638098145e+02 6.1662097168e+02 6.1677197266e+02
6.1062902832e+02 6.1085601807e+02 6.1101098633e+02 6.1110498047e+02 6.1115802002e+02 6.1115899658e+02 6.1114898682e+02 6.1113201904e+02 6.1109802246e+02 6.1102398682e+02 6.1094201660e+02 6.1088397217e+02 6.1084197998e+02 6.1081597900e+02 6.1079101563e+02 6.1075897217e+02 6.1072302246e+02 6.1067700195e+02 6.1063201904e+02 6.1058898926e+02 6.1054199219e+02 6.1049798584e+02 6.1046301270e+02 6.1041601563e+02 6.1036602783e+02 6.1031402588e+02 6.1025500488e+02 6.1016699219e+02 6.1014001465e+02 6.1014202881e+02 6.1010797119e+02 6.1008801270e+02 6.1005700684e+02 6.1017297363e+02 6.1054602051e+02 6.1103802490e+02 6.1166998291e+02 6.1255700684e+02 6.1347802734e+02 6.1403002930e+02 6.1453997803e+02 6.1501501465e+02 6.1546801758e+02 6.1592297363e+02 6.1626202393e+02 6.1648602295e+02
6.1017297363e+02 6.1034399414e+02 6.1050000000e+02 6.1067102051e+02 6.1082098389e+02 6.1089898682e+02 6.1094299316e+02 6.1099200439e+02 6.1103601074e+02 6.1098699951e+02 6.1088598633e+02 6.1083099365e+02 6.1078601074e+02 6.1075897217e+02 6.1074200439e+02 6.1071197510e+02 6.1067297363e+02 6.1062902832e+02 6.1059301758e+02 6.1054797363e+02 6.1050201416e+02 6.1046398926e+02 6.1042602539e+02 6.1038000488e+02 6.1033697510e+02 6.1029302979e+02 6.1024902344e+02 6.1017199707e+02 6.1010400391e+02 6.1005999756e+02 6.1001599121e+02 6.1000799561e+02 6.0999597168e+02 6.1001000977e+02 6.1010498047e+02 6.1024499512e+02 6.1058801270e+02 6.1135601807e+02 6.1244897461e+02 6.1326397705e+02 6.1386602783e+02 6.1437902832e+02 6.1488500977e+02 6.1539202881e+02 6.1580999756e+02 6.1612097168e+02
6.0975897217e+02 6.0983099365e+02 6.0995001221e+02 6.1012701416e+02 6.1030798340e+02 6.1045599365e+02 6.1059399414e+02 6.1071600342e+02 6.1083801270e+02 6.1083197021e+02 6.1075299072e+02 6.1074102783e+02 6.1072998047e+02 6.1071197510e+02 6.1068902588e+02 6.1065997314e+02 6.1061798096e+02 6.1057598877e+02 6.1055297852e+02 6.1051202393e+02 6.1047100830e+02 6.1043597412e+02 6.1038800049e+02 6.1034301758e+02 6.1030297852e+02 6.1026202393e+02 6.1022302246e+02 6.1017797852e+02 6.1011297607e+02 6.1004101563e+02 6.0999102783e+02 6.0996197510e+02 6.0993798828e+02 6.0992498779e+02 6.0997998047e+02 6.1003100586e+02 6.1013500977e+02 6.1056500244e+02 6.1138702393e+02 6.1243298340e+02 6.1317700195e+02 6.1375299072e+02 6.1429199219e+02 6.1482501221e+02 6.1530401611e+02 6.1569897461e+02
6.0947900391e+02 6.0950097656e+02 6.0957299805e+02 6.0968701172e+02 6.0983599854e+02 6.1003698730e+02 6.1029302979e+02 6.1044000244e+02 6.1055902100e+02 6.1058300781e+02 6.1057299805e+02 6.1057598877e+02 6.1061499023e+02 6.1064001465e+02 6.1065197754e+02 6.1061999512e+02 6.1058001709e+02 6.1053198242e+02 6.1049798584e+02 6.1046600342e+02 6.1043298340e+02 6.1039898682e+02 6.1034197998e+02 6.1030603027e+02 6.1026800537e+02 6.1021997070e+02 6.1017401123e+02 6.1013702393e+02 6.1009802246e+02 6.1003802490e+02 6.0997900391e+02 6.0994500732e+02 6.0990002441e+02 6.0986499023e+02 6.0987402344e+02 6.0993902588e+02 6.1003002930e+02 6.1021697998e+02 6.1050701904e+02 6.1157397461e+02 6.1246697998e+02 6.1313201904e+02 6.1365600586e+02 6.1425000000e+02 6.1476702881e+02 6.1522900391e+02
6.0926000977e+02 6.0927899170e+02 6.0931201172e+02 6.0936199951e+02 6.0946899414e+02 6.0966601563e+02 6.0992999268e+02 6.1012500000e+02 6.1024102783e+02 6.1029699707e+02 6.1032299805e+02 6.1037298584e+02 6.1042401123e+02 6.1047100830e+02 6.1052301025e+02 6.1052899170e+02 6.1050402832e+02 6.1046600342e+02 6.1042999268e+02 6.1039501953e+02 6.1036700439e+02 6.1034301758e+02 6.1030200195e+02 6.1027301025e+02 6.1023199463e+02 6.1017999268e+02 6.1013800049e+02 6.1009899902e+02 6.1005999756e+02 6.1001397705e+02 6.0996398926e+02 6.0992700195e+02 6.0988201904e+02 6.0983300781e+02 6.0979699707e+02 6.0979199219e+02 6.0989898682e+02 6.1010302734e+02 6.1020098877e+02 6.1079302979e+02 6.1161602783e+02 6.1236499023e+02 6.1296002197e+02 6.1359399414e+02 6.1413299561e+02 6.1461499023e+02
6.0898999023e+02 6.0905200195e+02 6.0908697510e+02 6.0908502197e+02 6.0913702393e+02 6.0928802490e+02 6.0953002930e+02 6.0973199463e+02 6.0986297607e+02 6.0994500732e+02 6.0999902344e+02 6.1007202148e+02 6.1015197754e+02 6.1023199463e+02 6.1032000732e+02 6.1038000488e+02 6.1040197754e+02 6.1039898682e+02 6.1038800049e+02 6.1035601807e+02 6.1032000732e+02 6.1028698730e+02 6.1025299072e+02 6.1022399902e+02 6.1018902588e+02 6.1014801025e+02 6.1010998535e+02 6.1006402588e+02 6.1001898193e+02 6.0997900391e+02 6.0994000244e+02 6.0990698242e+02 6.0986401367e+02 6.0981402588e+02 6.0976098633e+02 6.0972601318e+02 6.0976202393e+02 6.0988397217e+02 6.0995599365e+02 6.1024798584e+02 6.1084997559e+02 6.1155999756e+02 6.1225097656e+02 6.1290802002e+02 6.1348699951e+02 6.1401300049e+02
6.0863000488e+02 6.0874700928e+02 6.0882299805e+02 6.0881701660e+02 6.0883300781e+02 6.0892700195e+02 6.0911798096e+02 6.0931298828e+02 6.0944500732e+02 6.0953900146e+02 6.0961102295e+02 6.0969799805e+02 6.0980401611e+02 6.0991802979e+02 6.1003802490e+02 6.1016497803e+02 6.1025299072e+02 6.1030297852e+02 6.1033398438e+02 6.1033001709e+02 6.1029101563e+02 6.1024200439e+02 6.1019799805e+02 6.1016497803e+02 6.1013897705e+02 6.1010699463e+02 6.1007000732e+02 6.1002600098e+02 6.0998101807e+02 6.0994598389e+02 6.0990698242e+02 6.0987200928e+02 6.0982897949e+02 6.0978302002e+02 6.0973699951e+02 6.0970397949e+02 6.0968902588e+02 6.0972399902e+02 6.0980297852e+02 6.0990600586e+02 6.1024798584e+02 6.1083197021e+02 6.1156896973e+02 6.1224798584e+02 6.1287500000e+02 6.1346600342e+02
6.0820800781e+02 6.0832397461e+02 6.0839599609e+02 6.0848297119e+02 6.0853601074e+02 6.0861199951e+02 6.0874298096e+02 6.0889898682e+02 6.0901501465e+02 6.0910900879e+02 6.0917498779e+02 6.0928802490e+02 6.0941302490e+02 6.0955401611e+02 6.0970898438e+02 6.0987298584e+02 6.1000799561e+02 6.1010601807e+02 6.1015899658e+02 6.1023498535e+02 6.1023199463e+02 6.1019500732e+02 6.1015997314e+02 6.1011401367e+02 6.1009100342e+02 6.1005999756e+02 6.1001898193e+02 6.0997900391e+02 6.0994299316e+02 6.0990997314e+02 6.0986700439e+02 6.0982897949e+02 6.0978302002e+02 6.0973999023e+02 6.0969500732e+02 6.0966998291e+02 6.0965002441e+02 6.0964697266e+02 6.0966601563e+02 6.0967999268e+02 6.0983099365e+02 6.1025598145e+02 6.1091699219e+02 6.1159899902e+02 6.1227899170e+02 6.1296899414e+02
6.0780902100e+02 6.0789599609e+02 6.0801800537e+02 6.0813500977e+02 6.0822698975e+02 6.0831701660e+02 6.0841400146e+02 6.0853497314e+02 6.0864697266e+02 6.0874902344e+02 6.0884899902e+02 6.0896502686e+02 6.0909197998e+02 6.0922998047e+02 6.0936999512e+02 6.0952001953e+02 6.0966699219e+02 6.0979998779e+02 6.0990502930e+02 6.1000201416e+02 6.1005700684e+02 6.1007897949e+02 6.1008801270e+02 6.1008197021e+02 6.1004901123e+02 6.1000402832e+02 6.0997100830e+02 6.0993402100e+02 6.0990197754e+02 6.0987402344e+02 6.0983502197e+02 6.0979101563e+02 6.0974401855e+02 6.0970397949e+02 6.0966601563e+02 6.0963000488e+02 6.0959399414e+02 6.0955902100e+02 6.0954797363e+02 6.0953698730e+02 6.0959002686e+02 6.0984997559e+02 6.1033197021e+02 6.1087298584e+02 6.1152600098e+02 6.1228399658e+02
6.0745800781e+02 6.0755102539e+02 6.0768499756e+02 6.0780798340e+02 6.0790600586e+02 6.0800201416e+02 6.0809600830e+02 6.0820599365e+02 6.0832000732e+02 6.0842700195e+02 6.0853497314e+02 6.0865600586e+02 6.0878002930e+02 6.0891101074e+02 6.0902600098e+02 6.0915197754e+02 6.0931402588e+02 6.0948199463e+02 6.0962597656e+02 6.0975701904e+02 6.0986700439e+02 6.0994598389e+02 6.1000897217e+02 6.1004199219e+02 6.1001397705e+02 6.0996502686e+02 6.0992901611e+02 6.0989300537e+02 6.0985699463e+02 6.0982702637e+02 6.0979400635e+02 6.0974700928e+02 6.0970501709e+02 6.0966900635e+02 6.0963299561e+02 6.0959698486e+02 6.0955902100e+02 6.0951300049e+02 6.0947900391e+02 6.0944799805e+02 6.0944299316e+02 6.0957098389e+02 6.0988897705e+02 6.1030200195e+02 6.1084497070e+02 6.1155700684e+02
6.0714697266e+02 6.0725598145e+02 6.0738500977e+02 6.0748297119e+02 6.0758099365e+02 6.0767999268e+02 6.0778002930e+02 6.0789099121e+02 6.0800598145e+02 6.0811700439e+02 6.0822698975e+02 6.0834802246e+02 6.0847100830e+02 6.0859399414e+02 6.0869500732e+02 6.0879998779e+02 6.0896398926e+02 6.0915502930e+02 6.0933599854e+02 6.0949597168e+02 6.0964697266e+02 6.0977502441e+02 6.0989599609e+02 6.0995202637e+02 6.0995599365e+02 6.0993402100e+02 6.0989099121e+02 6.0985797119e+02 6.0981701660e+02 6.0977801514e+02 6.0974597168e+02 6.0970397949e+02 6.0966998291e+02 6.0963500977e+02 6.0959497070e+02 6.0955798340e+02 6.0952398682e+02 6.0948199463e+02 6.0944000244e+02 6.0939898682e+02 6.0937402344e+02 6.0942401123e+02 6.0961901855e+02 6.0990600586e+02 6.1028997803e+02 6.1088598633e+02
6.0685302734e+02 6.0695501709e+02 6.0703399658e+02 6.0714202881e+02 6.0723498535e+02 6.0733398438e+02 6.0741497803e+02 6.0754602051e+02 6.0766497803e+02 6.0778698730e+02 6.0791101074e+02 6.0804199219e+02 6.0816601563e+02 6.0828302002e+02 6.0839099121e+02 6.0848797607e+02 6.0863397217e+02 6.0882897949e+02 6.0904101563e+02 6.0923199463e+02 6.0940600586e+02 6.0955499268e+02 6.0968902588e+02 6.0973797607e+02 6.0982000732e+02 6.0986798096e+02 6.0984197998e+02 6.0981701660e+02 6.0978302002e+02 6.0973999023e+02 6.0970397949e+02 6.0966601563e+02 6.0963800049e+02 6.0959899902e+02 6.0955297852e+02 6.0951397705e+02 6.0947998047e+02 6.0944500732e+02 6.0940899658e+02 6.0936102295e+02 6.0932702637e+02 6.0932098389e+02 6.0935699463e+02 6.0953698730e+02 6.0978601074e+02 6.1025299072e+02
6.0654400635e+02 6.0662597656e+02 6.0670300293e+02 6.0678100586e+02 6.0687097168e+02 6.0697100830e+02 6.0707299805e+02 6.0717797852e+02 6.0729797363e+02 6.0742401123e+02 6.0757000732e+02 6.0771801758e+02 6.0785400391e+02 6.0798602295e+02 6.0810601807e+02 6.0819299316e+02 6.0832202148e+02 6.0850897217e+02 6.0874798584e+02 6.0898400879e+02 6.0917297363e+02 6.0931402588e+02 6.0943298340e+02 6.0955798340e+02 6.0974700928e+02 6.0982800293e+02 6.0977899170e+02 6.0978100586e+02 6.0975097656e+02 6.0969500732e+02 6.0964801025e+02 6.0961499023e+02 6.0958099365e+02 6.0954699707e+02 6.0950897217e+02 6.0947198486e+02 6.0943597412e+02 6.0940100098e+02 6.0936602783e+02 6.0932202148e+02 6.0928399658e+02 6.0924298096e+02 6.0920599365e+02 6.0921997070e+02 6.0932397461e+02 6.0963201904e+02
6.0622802734e+02 6.0631298828e+02 6.0638500977e+02 6.0645697021e+02 6.0654302979e+02 6.0664001465e+02 6.0674700928e+02 6.0685601807e+02 6.0697399902e+02 6.0709802246e+02 6.0723797607e+02 6.0739300537e+02 6.0754602051e+02 6.0769702148e+02 6.0784197998e+02 6.0794299316e+02 6.0806896973e+02 6.0824499512e+02 6.0848199463e+02 6.0872698975e+02 6.0891101074e+02 6.0904602051e+02 6.0915301514e+02 6.0933099365e+02 6.0957000732e+02 6.0967602539e+02 6.0963897705e+02 6.0970001221e+02 6.0970202637e+02 6.0964300537e+02 6.0960900879e+02 6.0957897949e+02 6.0953198242e+02 6.0949597168e+02 6.0946398926e+02 6.0942797852e+02 6.0939300537e+02 6.0935797119e+02 6.0932299805e+02 6.0928302002e+02 6.0925201416e+02 6.0920800781e+02 6.0915197754e+02 6.0910699463e+02 6.0909997559e+02 6.0922399902e+02
6.0591400146e+02 6.0600897217e+02 6.0608697510e+02 6.0615600586e+02 6.0623999023e+02 6.0633398438e+02 6.0644201660e+02 6.0655297852e+02 6.0666900635e+02 6.0679302979e+02 6.0692498779e+02 6.0708697510e+02 6.0725701904e+02 6.0742901611e+02 6.0760198975e+02 6.0772998047e+02 6.0785699463e+02 6.0801397705e+02 6.0821899414e+02 6.0844201660e+02 6.0861901855e+02 6.0876202393e+02 6.0887701416e+02 6.0900701904e+02 6.0919000244e+02 6.0930297852e+02 6.0934899902e+02 6.0950097656e+02 6.0958599854e+02 6.0956701660e+02 6.0956500244e+02 6.0955102539e+02 6.0949401855e+02 6.0945001221e+02 6.0942102051e+02 6.0938500977e+02 6.0934899902e+02 6.0931402588e+02 6.0928002930e+02 6.0924499512e+02 6.0921697998e+02 6.0918298340e+02 6.0913598633e+02 6.0908398438e+02 6.0902600098e+02 6.0902099609e+02
