TESTSERVER/5/8.asc
NCOLS 100
NROWS 100
XLLCORNER 7.7497500000e+03
YLLCORNER 2.8955025000e+05
CELLSIZE 5.0000000000e-01
NODATA_VALUE -9.9990000000e+03
[rows 0 to 19 of 100, columns 0 to 45 of 100]
5.9505297852e+02 5.9510900879e+02 5.9517901611e+02 5.9525799561e+02 5.9535198975e+02 5.9543103027e+02 5.9549102783e+02 5.9554602051e+02 5.9556597900e+02 5.9557501221e+02 5.9559899902e+02 5.9567901611e+02 5.9574298096e+02 5.9581402588e+02 5.9588397217e+02 5.9601300049e+02 5.9618298340e+02 5.9639599609e+02 5.9662402344e+02 5.9673999023e+02 5.9685198975e+02 5.9695898438e+02 5.9707397461e+02 5.9718701172e+02 5.9729699707e+02 5.9740698242e+02 5.9751702881e+02 5.9760797119e+02 5.9771997070e+02 5.9785400391e+02 5.9801000977e+02 5.9817700195e+02 5.9833300781e+02 5.9848101807e+02 5.9863098145e+02 5.9877600098e+02 5.9890399170e+02 5.9902600098e+02 5.9913800049e+02 5.9928802490e+02 5.9947100830e+02 5.9966400146e+02 5.9983300781e+02 5.9996899414e+02 6.0010400391e+02 6.0024200439e+02
5.9497900391e+02 5.9502697754e+02 5.9508502197e+02 5.9515997314e+02 5.9524102783e+02 5.9532299805e+02 5.9541699219e+02 5.9546301270e+02 5.9547802734e+02 5.9550799561e+02 5.9558001709e+02 5.9565100098e+02 5.9568200684e+02 5.9573400879e+02 5.9583697510e+02 5.9598199463e+02 5.9610302734e+02 5.9622998047e+02 5.9641302490e+02 5.9658502197e+02 5.9673999023e+02 5.9687597656e+02 5.9699102783e+02 5.9709197998e+02 5.9719702148e+02 5.9730200195e+02 5.9741400146e+02 5.9751898193e+02 5.9763000488e+02 5.9776000977e+02 5.9791900635e+02 5.9808300781e+02 5.9823797607e+02 5.9838800049e+02 5.9853497314e+02 5.9867797852e+02 5.9880798340e+02 5.9893402100e+02 5.9905902100e+02 5.9921398926e+02 5.9939801025e+02 5.9958801270e+02 5.9976397705e+02 5.9991802979e+02 6.0006097412e+02 6.0020697021e+02
5.9490698242e+02 5.9495599365e+02 5.9500897217e+02 5.9508502197e+02 5.9515600586e+02 5.9522900391e+02 5.9532598877e+02 5.9538800049e+02 5.9541998291e+02 5.9546502686e+02 5.9553002930e+02 5.9557000732e+02 5.9560699463e+02 5.9567700195e+02 5.9581201172e+02 5.9595098877e+02 5.9603302002e+02 5.9609698486e+02 5.9623498535e+02 5.9644299316e+02 5.9662402344e+02 5.9678100586e+02 5.9690002441e+02 5.9699499512e+02 5.9709997559e+02 5.9720599365e+02 5.9731799316e+02 5.9743200684e+02 5.9755200195e+02 5.9768902588e+02 5.9784600830e+02 5.9800201416e+02 5.9815502930e+02 5.9830603027e+02 5.9845800781e+02 5.9860601807e+02 5.9874102783e+02 5.9887200928e+02 5.9900299072e+02 5.9915197754e+02 5.9932897949e+02 5.9951599121e+02 5.9970098877e+02 5.9986602783e+02 6.0001599121e+02 6.0016699219e+02
5.9483801270e+02 5.9489001465e+02 5.9494201660e+02 5.9501800537e+02 5.9508197021e+02 5.9514501953e+02 5.9522802734e+02 5.9530102539e+02 5.9535699463e+02 5.9541497803e+02 5.9546697998e+02 5.9551098633e+02 5.9558898926e+02 5.9568597412e+02 5.9579199219e+02 5.9587701416e+02 5.9595001221e+02 5.9602301025e+02 5.9614599609e+02 5.9634002686e+02 5.9651501465e+02 5.9666998291e+02 5.9679400635e+02 5.9689898682e+02 5.9700701904e+02 5.9711798096e+02 5.9723498535e+02 5.9736199951e+02 5.9749401855e+02 5.9763598633e+02 5.9778497314e+02 5.9793499756e+02 5.9808801270e+02 5.9824298096e+02 5.9840100098e+02 5.9855499268e+02 5.9869702148e+02 5.9883502197e+02 5.9896997070e+02 5.9911297607e+02 5.9928399658e+02 5.9946697998e+02 5.9965502930e+02 5.9982397461e+02 5.9997698975e+02 6.0013000488e+02
5.9476098633e+02 5.9481799316e+02 5.9487200928e+02 5.9494396973e+02 5.9501300049e+02 5.9508197021e+02 5.9515301514e+02 5.9520202637e+02 5.9526599121e+02 5.9534100342e+02 5.9541998291e+02 5.9550500488e+02 5.9562500000e+02 5.9572601318e+02 5.9577301025e+02 5.9580999756e+02 5.9589300537e+02 5.9602001953e+02 5.9616900635e+02 5.9627801514e+02 5.9640600586e+02 5.9653601074e+02 5.9669396973e+02 5.9681201172e+02 5.9691998291e+02 5.9703601074e+02 5.9716601563e+02 5.9730401611e+02 5.9744598389e+02 5.9758898926e+02 5.9772601318e+02 5.9787500000e+02 5.9803198242e+02 5.9819201660e+02 5.9835998535e+02 5.9852502441e+02 5.9867797852e+02 5.9882202148e+02 5.9895697021e+02 5.9910198975e+02 5.9927099609e+02 5.9945300293e+02 5.9963897705e+02 5.9979602051e+02 5.9995098877e+02 6.0010400391e+02
5.9467999268e+02 5.9474401855e+02 5.9480401611e+02 5.9487200928e+02 5.9493597412e+02 5.9500201416e+02 5.9506597900e+02 5.9510998535e+02 5.9517199707e+02 5.9525598145e+02 5.9534600830e+02 5.9543200684e+02 5.9554602051e+02 5.9565802002e+02 5.9574102783e+02 5.9579101563e+02 5.9587902832e+02 5.9602502441e+02 5.9618902588e+02 5.9628997803e+02 5.9635998535e+02 5.9643597412e+02 5.9658502197e+02 5.9675097656e+02 5.9686199951e+02 5.9696899414e+02 5.9710498047e+02 5.9723999023e+02 5.9736798096e+02 5.9750299072e+02 5.9765502930e+02 5.9782397461e+02 5.9798999023e+02 5.9815502930e+02 5.9832000732e+02 5.9849200439e+02 5.9865399170e+02 5.9880499268e+02 5.9893798828e+02 5.9909497070e+02 5.9927099609e+02 5.9945202637e+02 5.9962799072e+02 5.9978802490e+02 5.9993798828e+02 6.0008300781e+02
5.9460400391e+02 5.9466601563e+02 5.9472497559e+02 5.9479602051e+02 5.9485101318e+02 5.9490197754e+02 5.9496600342e+02 5.9502600098e+02 5.9508599854e+02 5.9515802002e+02 5.9525402832e+02 5.9535101318e+02 5.9545898438e+02 5.9557202148e+02 5.9566400146e+02 5.9571502686e+02 5.9582897949e+02 5.9601000977e+02 5.9621697998e+02 5.9633697510e+02 5.9638098145e+02 5.9639898682e+02 5.9648199463e+02 5.9667401123e+02 5.9680603027e+02 5.9691900635e+02 5.9705603027e+02 5.9719396973e+02 5.9732299805e+02 5.9745800781e+02 5.9761102295e+02 5.9778399658e+02 5.9795599365e+02 5.9812298584e+02 5.9828802490e+02 5.9846002197e+02 5.9862402344e+02 5.9878002930e+02 5.9892199707e+02 5.9909301758e+02 5.9927502441e+02 5.9945697021e+02 5.9962799072e+02 5.9978100586e+02 5.9991998291e+02 6.0005200195e+02
5.9453302002e+02 5.9458697510e+02 5.9463897705e+02 5.9471398926e+02 5.9477099609e+02 5.9481701660e+02 5.9488000488e+02 5.9495202637e+02 5.9501098633e+02 5.9506799316e+02 5.9515899658e+02 5.9526898193e+02 5.9537799072e+02 5.9548901367e+02 5.9557299805e+02 5.9563500977e+02 5.9578100586e+02 5.9598498535e+02 5.9621099854e+02 5.9635400391e+02 5.9639697266e+02 5.9638800049e+02 5.9640301514e+02 5.9659497070e+02 5.9675201416e+02 5.9688000488e+02 5.9701800537e+02 5.9716998291e+02 5.9730798340e+02 5.9744500732e+02 5.9758801270e+02 5.9775299072e+02 5.9792498779e+02 5.9809399414e+02 5.9826397705e+02 5.9843902588e+02 5.9860198975e+02 5.9875799561e+02 5.9890899658e+02 5.9909802246e+02 5.9928698730e+02 5.9946997070e+02 5.9963299561e+02 5.9977502441e+02 5.9990100098e+02 6.0001599121e+02
5.9447601318e+02 5.9452099609e+02 5.9455999756e+02 5.9462902832e+02 5.9469598389e+02 5.9476000977e+02 5.9482501221e+02 5.9489300537e+02 5.9495300293e+02 5.9500799561e+02 5.9507598877e+02 5.9517602539e+02 5.9527899170e+02 5.9538500977e+02 5.9549499512e+02 5.9561999512e+02 5.9577001953e+02 5.9593798828e+02 5.9612402344e+02 5.9627398682e+02 5.9634301758e+02 5.9636401367e+02 5.9638201904e+02 5.9653802490e+02 5.9671801758e+02 5.9687097168e+02 5.9699700928e+02 5.9713702393e+02 5.9727600098e+02 5.9741699219e+02 5.9757000732e+02 5.9772302246e+02 5.9789599609e+02 5.9807299805e+02 5.9825598145e+02 5.9842797852e+02 5.9858502197e+02 5.9873797607e+02 5.9889898682e+02 5.9910302734e+02 5.9930297852e+02 5.9948901367e+02 5.9965100098e+02 5.9977099609e+02 5.9987597656e+02 5.9996398926e+02
5.9442797852e+02 5.9447100830e+02 5.9450097656e+02 5.9454699707e+02 5.9461297607e+02 5.9469598389e+02 5.9477600098e+02 5.9484698486e+02 5.9490698242e+02 5.9496301270e+02 5.9501599121e+02 5.9508697510e+02 5.9516601563e+02 5.9526898193e+02 5.9543597412e+02 5.9563500977e+02 5.9578900146e+02 5.9590002441e+02 5.9599700928e+02 5.9611499023e+02 5.9622998047e+02 5.9633099365e+02 5.9640100098e+02 5.9652398682e+02 5.9669299316e+02 5.9685699463e+02 5.9696899414e+02 5.9708398438e+02 5.9721697998e+02 5.9736798096e+02 5.9753698730e+02 5.9768499756e+02 5.9787597656e+02 5.9808502197e+02 5.9828601074e+02 5.9844598389e+02 5.9858502197e+02 5.9872802734e+02 5.9890100098e+02 5.9911199951e+02 5.9932098389e+02 5.9951000977e+02 5.9965899658e+02 5.9976800537e+02 5.9985198975e+02 5.9991998291e+02
5.9438897705e+02 5.9443200684e+02 5.9446002197e+02 5.9450402832e+02 5.9455999756e+02 5.9463702393e+02 5.9472100830e+02 5.9479602051e+02 5.9486102295e+02 5.9491998291e+02 5.9497399902e+02 5.9503698730e+02 5.9510198975e+02 5.9519702148e+02 5.9535797119e+02 5.9558099365e+02 5.9575799561e+02 5.9585198975e+02 5.9590197754e+02 5.9603100586e+02 5.9620599365e+02 5.9637200928e+02 5.9645001221e+02 5.9650402832e+02 5.9663598633e+02 5.9679199219e+02 5.9691998291e+02 5.9704901123e+02 5.9719097900e+02 5.9734899902e+02 5.9751898193e+02 5.9767297363e+02 5.9788397217e+02 5.9811798096e+02 5.9832800293e+02 5.9847802734e+02 5.9861102295e+02 5.9875000000e+02 5.9892199707e+02 5.9913598633e+02 5.9934301758e+02 5.9952697754e+02 5.9966601563e+02 5.9975701904e+02 5.9982800293e+02 5.9988897705e+02
5.9435198975e+02 5.9440301514e+02 5.9443499756e+02 5.9448199463e+02 5.9452801514e+02 5.9459197998e+02 5.9467297363e+02 5.9475097656e+02 5.9482098389e+02 5.9488098145e+02 5.9494000244e+02 5.9500500488e+02 5.9507098389e+02 5.9515997314e+02 5.9529699707e+02 5.9550897217e+02 5.9569201660e+02 5.9579901123e+02 5.9587402344e+02 5.9603997803e+02 5.9625402832e+02 5.9643902588e+02 5.9648400879e+02 5.9647198486e+02 5.9656500244e+02 5.9671197510e+02 5.9687500000e+02 5.9703601074e+02 5.9718798828e+02 5.9734802246e+02 5.9751300049e+02 5.9767700195e+02 5.9789599609e+02 5.9813800049e+02 5.9834899902e+02 5.9849700928e+02 5.9863500977e+02 5.9877899170e+02 5.9895300293e+02 5.9916302490e+02 5.9936102295e+02 5.9953601074e+02 5.9966400146e+02 5.9973901367e+02 5.9980102539e+02 5.9985797119e+02
5.9430499268e+02 5.9436999512e+02 5.9441497803e+02 5.9445001221e+02 5.9449200439e+02 5.9455297852e+02 5.9464202881e+02 5.9472100830e+02 5.9478900146e+02 5.9484497070e+02 5.9489697266e+02 5.9496697998e+02 5.9504498291e+02 5.9514599609e+02 5.9528497314e+02 5.9545202637e+02 5.9560900879e+02 5.9575097656e+02 5.9593402100e+02 5.9611999512e+02 5.9630902100e+02 5.9644201660e+02 5.9645697021e+02 5.9646899414e+02 5.9653802490e+02 5.9666497803e+02 5.9684497070e+02 5.9701800537e+02 5.9717199707e+02 5.9733300781e+02 5.9749700928e+02 5.9768200684e+02 5.9788800049e+02 5.9811102295e+02 5.9832000732e+02 5.9846697998e+02 5.9861999512e+02 5.9879101563e+02 5.9898199463e+02 5.9917297363e+02 5.9935797119e+02 5.9952600098e+02 5.9965899658e+02 5.9971801758e+02 5.9977600098e+02 5.9982897949e+02
5.9427899170e+02 5.9434301758e+02 5.9438201904e+02 5.9441699219e+02 5.9446002197e+02 5.9452301025e+02 5.9460998535e+02 5.9468902588e+02 5.9476000977e+02 5.9481701660e+02 5.9486499023e+02 5.9492602539e+02 5.9499902344e+02 5.9509600830e+02 5.9523297119e+02 5.9539001465e+02 5.9554302979e+02 5.9571899414e+02 5.9593902588e+02 5.9615301514e+02 5.9632800293e+02 5.9644299316e+02 5.9646997070e+02 5.9650000000e+02 5.9658001709e+02 5.9669396973e+02 5.9684997559e+02 5.9700201416e+02 5.9715197754e+02 5.9730999756e+02 5.9747900391e+02 5.9767297363e+02 5.9787902832e+02 5.9807397461e+02 5.9824102783e+02 5.9837597656e+02 5.9855499268e+02 5.9877502441e+02 5.9899700928e+02 5.9917602539e+02 5.9933697510e+02 5.9947900391e+02 5.9959698486e+02 5.9967199707e+02 5.9973101807e+02 5.9978601074e+02
5.9425897217e+02 5.9431597900e+02 5.9434698486e+02 5.9439001465e+02 5.9443200684e+02 5.9448602295e+02 5.9456701660e+02 5.9464697266e+02 5.9471899414e+02 5.9477899170e+02 5.9483300781e+02 5.9489898682e+02 5.9496997070e+02 5.9506701660e+02 5.9521301270e+02 5.9536602783e+02 5.9550799561e+02 5.9568200684e+02 5.9590399170e+02 5.9611297607e+02 5.9628601074e+02 5.9641101074e+02 5.9645501709e+02 5.9650000000e+02 5.9659301758e+02 5.9671301270e+02 5.9685601807e+02 5.9699298096e+02 5.9713897705e+02 5.9729699707e+02 5.9746502686e+02 5.9766497803e+02 5.9787298584e+02 5.9805700684e+02 5.9819598389e+02 5.9833300781e+02 5.9851898193e+02 5.9874798584e+02 5.9897698975e+02 5.9915197754e+02 5.9929998779e+02 5.9942498779e+02 5.9953900146e+02 5.9961700439e+02 5.9967700195e+02 5.9973602295e+02
5.9423199463e+02 5.9428900146e+02 5.9431298828e+02 5.9435498047e+02 5.9439697266e+02 5.9444500732e+02 5.9452600098e+02 5.9460699463e+02 5.9467602539e+02 5.9473999023e+02 5.9480499268e+02 5.9487902832e+02 5.9495501709e+02 5.9505603027e+02 5.9521002197e+02 5.9536199951e+02 5.9548901367e+02 5.9564801025e+02 5.9585101318e+02 5.9604101563e+02 5.9621002197e+02 5.9634698486e+02 5.9641998291e+02 5.9648901367e+02 5.9659802246e+02 5.9672302246e+02 5.9685900879e+02 5.9698901367e+02 5.9713299561e+02 5.9728997803e+02 5.9745800781e+02 5.9766198730e+02 5.9786401367e+02 5.9802899170e+02 5.9815197754e+02 5.9830700684e+02 5.9849798584e+02 5.9871899414e+02 5.9893402100e+02 5.9910198975e+02 5.9924798584e+02 5.9937701416e+02 5.9949700928e+02 5.9957299805e+02 5.9963201904e+02 5.9969201660e+02
5.9419396973e+02 5.9425598145e+02 5.9428802490e+02 5.9431597900e+02 5.9435699463e+02 5.9441101074e+02 5.9449200439e+02 5.9456896973e+02 5.9463598633e+02 5.9470501709e+02 5.9477697754e+02 5.9484997559e+02 5.9493298340e+02 5.9503900146e+02 5.9519500732e+02 5.9535101318e+02 5.9547302246e+02 5.9562402344e+02 5.9580200195e+02 5.9596899414e+02 5.9613397217e+02 5.9627899170e+02 5.9638098145e+02 5.9647698975e+02 5.9659698486e+02 5.9672302246e+02 5.9685400391e+02 5.9699200439e+02 5.9713299561e+02 5.9728601074e+02 5.9744702148e+02 5.9765802002e+02 5.9784899902e+02 5.9798101807e+02 5.9808099365e+02 5.9827301025e+02 5.9848101807e+02 5.9869702148e+02 5.9888800049e+02 5.9903802490e+02 5.9919000244e+02 5.9933398438e+02 5.9946899414e+02 5.9954602051e+02 5.9960601807e+02 5.9966400146e+02
5.9415100098e+02 5.9421801758e+02 5.9424700928e+02 5.9428198242e+02 5.9433300781e+02 5.9438897705e+02 5.9445697021e+02 5.9453002930e+02 5.9458898926e+02 5.9465002441e+02 5.9472900391e+02 5.9480798340e+02 5.9489898682e+02 5.9501898193e+02 5.9518298340e+02 5.9534002686e+02 5.9545300293e+02 5.9557299805e+02 5.9570898438e+02 5.9589099121e+02 5.9606500244e+02 5.9622100830e+02 5.9634197998e+02 5.9645397949e+02 5.9658197021e+02 5.9671197510e+02 5.9684899902e+02 5.9698699951e+02 5.9712402344e+02 5.9727099609e+02 5.9742901611e+02 5.9761999512e+02 5.9779302979e+02 5.9791699219e+02 5.9804199219e+02 5.9825598145e+02 5.9846697998e+02 5.9866699219e+02 5.9883001709e+02 5.9896600342e+02 5.9912200928e+02 5.9927398682e+02 5.9941900635e+02 5.9951501465e+02 5.9959100342e+02 5.9965600586e+02
5.9410198975e+02 5.9416601563e+02 5.9420397949e+02 5.9425701904e+02 5.9431597900e+02 5.9437298584e+02 5.9443200684e+02 5.9450000000e+02 5.9455401611e+02 5.9461199951e+02 5.9469299316e+02 5.9477697754e+02 5.9487200928e+02 5.9499401855e+02 5.9514898682e+02 5.9529797363e+02 5.9540698242e+02 5.9551202393e+02 5.9563800049e+02 5.9583001709e+02 5.9600799561e+02 5.9616699219e+02 5.9629400635e+02 5.9641900635e+02 5.9655902100e+02 5.9670098877e+02 5.9684301758e+02 5.9697698975e+02 5.9710998535e+02 5.9725201416e+02 5.9740197754e+02 5.9756896973e+02 5.9772998047e+02 5.9786901855e+02 5.9803002930e+02 5.9825201416e+02 5.9844500732e+02 5.9861499023e+02 5.9875598145e+02 5.9889202881e+02 5.9904699707e+02 5.9920202637e+02 5.9935699463e+02 5.9947302246e+02 5.9956402588e+02 5.9963500977e+02
5.9405798340e+02 5.9411401367e+02 5.9415301514e+02 5.9422100830e+02 5.9429302979e+02 5.9435302734e+02 5.9440997314e+02 5.9447601318e+02 5.9453198242e+02 5.9459600830e+02 5.9466998291e+02 5.9475299072e+02 5.9484802246e+02 5.9496301270e+02 5.9510101318e+02 5.9524798584e+02 5.9536499023e+02 5.9547399902e+02 5.9561102295e+02 5.9580297852e+02 5.9596801758e+02 5.9611602783e+02 5.9623999023e+02 5.9638000488e+02 5.9653399658e+02 5.9668798828e+02 5.9683697510e+02 5.9696801758e+02 5.9709802246e+02 5.9723400879e+02 5.9737799072e+02 5.9752899170e+02 5.9768597412e+02 5.9784197998e+02 5.9802899170e+02 5.9825000000e+02 5.9842297363e+02 5.9856298828e+02 5.9868499756e+02 5.9882000732e+02 5.9897302246e+02 5.9913000488e+02 5.9928997803e+02 5.9941802979e+02 5.9952001953e+02 5.9959399414e+02
