TESTSERVER/5/8.asc
NCOLS 100
NROWS 100
XLLCORNER 7.7497500000e+03
YLLCORNER 2.8955025000e+05
CELLSIZE 5.0000000000e-01
NODATA_VALUE -9.9990000000e+03
[rows 60 to 79 of 100, columns 0 to 45 of 100]
5.9412902832e+02 5.9421801758e+02 5.9429302979e+02 5.9434997559e+02 5.9439202881e+02 5.9444897461e+02 5.9453900146e+02 5.9463098145e+02 5.9473101807e+02 5.9485198975e+02 5.9500402832e+02 5.9507000732e+02 5.9503900146e+02 5.9497601318e+02 5.9495501709e+02 5.9506402588e+02 5.9514898682e+02 5.9521197510e+02 5.9531896973e+02 5.9547100830e+02 5.9550500488e+02 5.9546301270e+02 5.9543701172e+02 5.9545098877e+02 5.9548999023e+02 5.9555700684e+02 5.9565197754e+02 5.9572497559e+02 5.9579199219e+02 5.9588098145e+02 5.9599102783e+02 5.9614697266e+02 5.9632098389e+02 5.9648602295e+02 5.9662402344e+02 5.9677099609e+02 5.9696301270e+02 5.9717102051e+02 5.9739300537e+02 5.9759802246e+02 5.9779199219e+02 5.9803900146e+02 5.9831701660e+02 5.9853497314e+02 5.9874401855e+02 5.9893200684e+02
5.9409497070e+02 5.9418103027e+02 5.9427197266e+02 5.9434802246e+02 5.9441497803e+02 5.9448901367e+02 5.9459802246e+02 5.9471697998e+02 5.9482897949e+02 5.9495098877e+02 5.9510900879e+02 5.9520800781e+02 5.9514801025e+02 5.9504498291e+02 5.9500000000e+02 5.9509002686e+02 5.9517700195e+02 5.9525097656e+02 5.9540100098e+02 5.9558502197e+02 5.9561602783e+02 5.9554498291e+02 5.9548400879e+02 5.9546997070e+02 5.9549597168e+02 5.9555700684e+02 5.9564300537e+02 5.9572399902e+02 5.9580798340e+02 5.9593298340e+02 5.9610198975e+02 5.9628802490e+02 5.9649902344e+02 5.9669000244e+02 5.9682897949e+02 5.9696899414e+02 5.9716302490e+02 5.9737799072e+02 5.9758300781e+02 5.9782202148e+02 5.9803698730e+02 5.9825097656e+02 5.9848602295e+02 5.9869299316e+02 5.9883697510e+02 5.9894000244e+02
5.9410601807e+02 5.9419097900e+02 5.9427899170e+02 5.9436700439e+02 5.9444598389e+02 5.9453100586e+02 5.9464300537e+02 5.9476397705e+02 5.9487298584e+02 5.9498101807e+02 5.9510601807e+02 5.9517401123e+02 5.9512298584e+02 5.9505200195e+02 5.9504302979e+02 5.9514202881e+02 5.9521301270e+02 5.9526000977e+02 5.9537200928e+02 5.9552801514e+02 5.9559600830e+02 5.9558398438e+02 5.9555499268e+02 5.9552301025e+02 5.9552600098e+02 5.9560101318e+02 5.9572399902e+02 5.9583300781e+02 5.9595501709e+02 5.9611297607e+02 5.9630499268e+02 5.9650500488e+02 5.9672497559e+02 5.9692102051e+02 5.9706799316e+02 5.9721997070e+02 5.9742297363e+02 5.9764202881e+02 5.9784100342e+02 5.9808099365e+02 5.9826898193e+02 5.9841699219e+02 5.9855499268e+02 5.9869598389e+02 5.9878399658e+02 5.9884997559e+02
5.9414202881e+02 5.9422900391e+02 5.9431097412e+02 5.9439898682e+02 5.9448498535e+02 5.9457299805e+02 5.9467102051e+02 5.9477801514e+02 5.9487298584e+02 5.9495898438e+02 5.9503302002e+02 5.9504901123e+02 5.9502899170e+02 5.9502600098e+02 5.9508197021e+02 5.9519799805e+02 5.9524401855e+02 5.9524798584e+02 5.9530297852e+02 5.9540100098e+02 5.9548797607e+02 5.9555401611e+02 5.9559600830e+02 5.9556799316e+02 5.9558099365e+02 5.9570098877e+02 5.9587902832e+02 5.9602600098e+02 5.9618402100e+02 5.9636401367e+02 5.9655798340e+02 5.9675402832e+02 5.9696099854e+02 5.9714801025e+02 5.9730102539e+02 5.9747698975e+02 5.9767901611e+02 5.9788397217e+02 5.9807098389e+02 5.9825201416e+02 5.9836901855e+02 5.9844897461e+02 5.9852197266e+02 5.9861401367e+02 5.9868103027e+02 5.9875402832e+02
5.9417901611e+02 5.9427099609e+02 5.9435101318e+02 5.9444097900e+02 5.9453198242e+02 5.9461499023e+02 5.9468798828e+02 5.9476898193e+02 5.9485302734e+02 5.9492102051e+02 5.9495599365e+02 5.9495001221e+02 5.9496697998e+02 5.9502502441e+02 5.9511700439e+02 5.9520098877e+02 5.9524700928e+02 5.9527301025e+02 5.9534197998e+02 5.9538098145e+02 5.9543402100e+02 5.9550299072e+02 5.9558001709e+02 5.9557800293e+02 5.9564001465e+02 5.9581402588e+02 5.9603698730e+02 5.9622302246e+02 5.9640100098e+02 5.9659100342e+02 5.9679101563e+02 5.9699102783e+02 5.9718499756e+02 5.9735797119e+02 5.9750598145e+02 5.9768597412e+02 5.9787298584e+02 5.9803802490e+02 5.9816198730e+02 5.9824401855e+02 5.9830102539e+02 5.9835797119e+02 5.9843499756e+02 5.9853198242e+02 5.9861700439e+02 5.9871301270e+02
5.9420098877e+02 5.9428399658e+02 5.9436499023e+02 5.9447198486e+02 5.9456896973e+02 5.9465002441e+02 5.9470300293e+02 5.9475598145e+02 5.9482299805e+02 5.9487799072e+02 5.9490997314e+02 5.9494396973e+02 5.9499298096e+02 5.9505999756e+02 5.9514001465e+02 5.9521197510e+02 5.9526000977e+02 5.9530700684e+02 5.9538201904e+02 5.9543298340e+02 5.9545599365e+02 5.9547302246e+02 5.9553399658e+02 5.9561602783e+02 5.9575201416e+02 5.9594702148e+02 5.9615100098e+02 5.9632598877e+02 5.9653601074e+02 5.9676000977e+02 5.9698297119e+02 5.9719799805e+02 5.9738800049e+02 5.9754199219e+02 5.9767199707e+02 5.9781402588e+02 5.9793701172e+02 5.9803302002e+02 5.9809301758e+02 5.9816400146e+02 5.9822399902e+02 5.9828997803e+02 5.9837701416e+02 5.9847497559e+02 5.9857000732e+02 5.9867102051e+02
5.9423797607e+02 5.9430999756e+02 5.9438299561e+02 5.9449298096e+02 5.9459301758e+02 5.9467498779e+02 5.9472698975e+02 5.9477197266e+02 5.9482299805e+02 5.9486199951e+02 5.9489001465e+02 5.9494598389e+02 5.9501599121e+02 5.9508697510e+02 5.9515502930e+02 5.9521997070e+02 5.9526501465e+02 5.9531097412e+02 5.9539099121e+02 5.9546899414e+02 5.9549700928e+02 5.9549798584e+02 5.9554699707e+02 5.9571398926e+02 5.9589398193e+02 5.9608398438e+02 5.9626702881e+02 5.9645300293e+02 5.9669299316e+02 5.9692102051e+02 5.9713299561e+02 5.9734301758e+02 5.9750402832e+02 5.9763000488e+02 5.9773901367e+02 5.9783197021e+02 5.9789898682e+02 5.9795599365e+02 5.9800897217e+02 5.9808898926e+02 5.9816699219e+02 5.9824401855e+02 5.9832598877e+02 5.9841497803e+02 5.9851098633e+02 5.9863000488e+02
5.9428497314e+02 5.9435101318e+02 5.9442102051e+02 5.9453002930e+02 5.9462799072e+02 5.9470397949e+02 5.9475897217e+02 5.9480798340e+02 5.9484802246e+02 5.9487597656e+02 5.9489501953e+02 5.9493701172e+02 5.9500299072e+02 5.9507897949e+02 5.9514697266e+02 5.9521301270e+02 5.9525897217e+02 5.9530297852e+02 5.9537500000e+02 5.9548400879e+02 5.9554797363e+02 5.9557299805e+02 5.9562597656e+02 5.9581896973e+02 5.9601098633e+02 5.9620202637e+02 5.9640002441e+02 5.9661499023e+02 5.9686297607e+02 5.9707598877e+02 5.9725299072e+02 5.9741497803e+02 5.9753002930e+02 5.9761798096e+02 5.9770300293e+02 5.9775897217e+02 5.9780603027e+02 5.9786401367e+02 5.9793798828e+02 5.9802502441e+02 5.9811297607e+02 5.9819000244e+02 5.9826898193e+02 5.9836102295e+02 5.9845898438e+02 5.9858502197e+02
5.9433197021e+02 5.9440600586e+02 5.9448199463e+02 5.9459698486e+02 5.9468701172e+02 5.9474700928e+02 5.9479199219e+02 5.9484802246e+02 5.9488702393e+02 5.9490997314e+02 5.9490997314e+02 5.9490698242e+02 5.9494897461e+02 5.9502801514e+02 5.9511499023e+02 5.9520501709e+02 5.9526098633e+02 5.9530700684e+02 5.9538201904e+02 5.9549902344e+02 5.9560400391e+02 5.9568701172e+02 5.9579400635e+02 5.9597100830e+02 5.9617297363e+02 5.9637402344e+02 5.9657702637e+02 5.9677899170e+02 5.9699597168e+02 5.9717602539e+02 5.9733001709e+02 5.9743701172e+02 5.9749200439e+02 5.9753900146e+02 5.9762799072e+02 5.9767797852e+02 5.9773199463e+02 5.9780902100e+02 5.9791699219e+02 5.9798999023e+02 5.9805902100e+02 5.9813299561e+02 5.9823699951e+02 5.9834301758e+02 5.9842797852e+02 5.9850402832e+02
5.9433898926e+02 5.9444598389e+02 5.9457000732e+02 5.9468902588e+02 5.9475897217e+02 5.9478198242e+02 5.9478302002e+02 5.9481402588e+02 5.9485101318e+02 5.9486901855e+02 5.9485699463e+02 5.9483801270e+02 5.9487799072e+02 5.9497302246e+02 5.9508898926e+02 5.9519500732e+02 5.9526202393e+02 5.9532299805e+02 5.9541601563e+02 5.9555603027e+02 5.9570697021e+02 5.9585797119e+02 5.9600897217e+02 5.9617797852e+02 5.9636401367e+02 5.9658001709e+02 5.9679699707e+02 5.9697302246e+02 5.9712500000e+02 5.9721398926e+02 5.9728601074e+02 5.9738201904e+02 5.9741998291e+02 5.9745800781e+02 5.9753997803e+02 5.9761499023e+02 5.9768902588e+02 5.9776800537e+02 5.9784301758e+02 5.9792797852e+02 5.9802301025e+02 5.9811901855e+02 5.9822698975e+02 5.9831701660e+02 5.9834802246e+02 5.9835400391e+02
5.9432897949e+02 5.9446398926e+02 5.9464099121e+02 5.9475897217e+02 5.9480200195e+02 5.9479199219e+02 5.9476000977e+02 5.9476898193e+02 5.9480200195e+02 5.9481799316e+02 5.9480297852e+02 5.9478399658e+02 5.9483398438e+02 5.9494702148e+02 5.9509301758e+02 5.9521398926e+02 5.9529602051e+02 5.9537500000e+02 5.9549200439e+02 5.9564697266e+02 5.9582299805e+02 5.9600000000e+02 5.9616802979e+02 5.9632000732e+02 5.9649298096e+02 5.9669702148e+02 5.9691101074e+02 5.9703399658e+02 5.9711999512e+02 5.9715802002e+02 5.9719201660e+02 5.9726702881e+02 5.9732202148e+02 5.9738702393e+02 5.9747497559e+02 5.9755603027e+02 5.9763098145e+02 5.9770599365e+02 5.9777899170e+02 5.9789697266e+02 5.9801000977e+02 5.9809197998e+02 5.9815899658e+02 5.9820397949e+02 5.9819598389e+02 5.9817199707e+02
5.9432397461e+02 5.9447998047e+02 5.9469201660e+02 5.9479699707e+02 5.9481500244e+02 5.9478002930e+02 5.9473199463e+02 5.9473699951e+02 5.9477197266e+02 5.9479602051e+02 5.9478497314e+02 5.9478698730e+02 5.9486798096e+02 5.9501300049e+02 5.9517901611e+02 5.9530700684e+02 5.9540100098e+02 5.9549298096e+02 5.9562200928e+02 5.9577899170e+02 5.9595098877e+02 5.9612200928e+02 5.9628900146e+02 5.9643798828e+02 5.9658001709e+02 5.9673101807e+02 5.9688397217e+02 5.9693499756e+02 5.9698699951e+02 5.9703497314e+02 5.9709197998e+02 5.9715899658e+02 5.9723602295e+02 5.9732897949e+02 5.9742401123e+02 5.9750701904e+02 5.9759802246e+02 5.9768701172e+02 5.9776300049e+02 5.9786297607e+02 5.9794299316e+02 5.9798400879e+02 5.9801397705e+02 5.9801898193e+02 5.9798602295e+02 5.9795501709e+02
5.9434497070e+02 5.9451599121e+02 5.9474200439e+02 5.9481402588e+02 5.9480902100e+02 5.9475701904e+02 5.9472399902e+02 5.9473297119e+02 5.9477197266e+02 5.9480603027e+02 5.9482000732e+02 5.9486798096e+02 5.9499200439e+02 5.9517102051e+02 5.9535900879e+02 5.9548602295e+02 5.9558099365e+02 5.9567602539e+02 5.9579400635e+02 5.9594201660e+02 5.9609802246e+02 5.9624902344e+02 5.9641400146e+02 5.9651202393e+02 5.9658599854e+02 5.9666601563e+02 5.9677197266e+02 5.9680102539e+02 5.9685601807e+02 5.9693798828e+02 5.9703601074e+02 5.9710601807e+02 5.9718597412e+02 5.9727697754e+02 5.9739099121e+02 5.9747998047e+02 5.9759399414e+02 5.9770501709e+02 5.9777697754e+02 5.9778399658e+02 5.9780102539e+02 5.9781701660e+02 5.9781500244e+02 5.9777301025e+02 5.9770697021e+02 5.9766302490e+02
5.9436999512e+02 5.9453497314e+02 5.9471600342e+02 5.9477899170e+02 5.9475299072e+02 5.9470300293e+02 5.9467797852e+02 5.9471502686e+02 5.9477099609e+02 5.9482897949e+02 5.9487701416e+02 5.9497497559e+02 5.9515197754e+02 5.9537097168e+02 5.9556896973e+02 5.9570300293e+02 5.9584301758e+02 5.9596398926e+02 5.9603900146e+02 5.9613098145e+02 5.9621997070e+02 5.9630200195e+02 5.9640399170e+02 5.9648199463e+02 5.9651702881e+02 5.9656799316e+02 5.9664398193e+02 5.9670599365e+02 5.9679602051e+02 5.9689001465e+02 5.9697198486e+02 5.9705297852e+02 5.9715197754e+02 5.9726599121e+02 5.9740997314e+02 5.9749700928e+02 5.9754602051e+02 5.9759497070e+02 5.9762500000e+02 5.9761700439e+02 5.9759997559e+02 5.9758300781e+02 5.9754797363e+02 5.9748602295e+02 5.9740899658e+02 5.9735498047e+02
5.9434802246e+02 5.9449902344e+02 5.9463098145e+02 5.9466101074e+02 5.9461999512e+02 5.9458502197e+02 5.9460400391e+02 5.9467498779e+02 5.9476202393e+02 5.9485198975e+02 5.9493298340e+02 5.9507501221e+02 5.9529998779e+02 5.9555102539e+02 5.9575598145e+02 5.9591198730e+02 5.9610498047e+02 5.9623999023e+02 5.9623602295e+02 5.9623101807e+02 5.9624298096e+02 5.9626599121e+02 5.9631201172e+02 5.9638000488e+02 5.9643597412e+02 5.9650402832e+02 5.9658599854e+02 5.9666101074e+02 5.9675402832e+02 5.9684197998e+02 5.9691302490e+02 5.9701202393e+02 5.9714398193e+02 5.9727001953e+02 5.9738000488e+02 5.9742297363e+02 5.9741400146e+02 5.9740399170e+02 5.9739398193e+02 5.9734002686e+02 5.9727099609e+02 5.9721997070e+02 5.9721002197e+02 5.9718701172e+02 5.9714202881e+02 5.9709600830e+02
5.9431896973e+02 5.9444500732e+02 5.9453302002e+02 5.9453399658e+02 5.9448602295e+02 5.9447198486e+02 5.9453198242e+02 5.9464001465e+02 5.9475598145e+02 5.9487097168e+02 5.9498101807e+02 5.9515600586e+02 5.9540100098e+02 5.9565802002e+02 5.9586901855e+02 5.9602697754e+02 5.9619000244e+02 5.9628198242e+02 5.9622900391e+02 5.9616802979e+02 5.9615600586e+02 5.9617602539e+02 5.9622198486e+02 5.9630499268e+02 5.9638397217e+02 5.9646997070e+02 5.9655798340e+02 5.9661798096e+02 5.9669500732e+02 5.9679498291e+02 5.9689501953e+02 5.9700799561e+02 5.9712902832e+02 5.9721301270e+02 5.9723901367e+02 5.9722698975e+02 5.9719201660e+02 5.9715399170e+02 5.9711199951e+02 5.9702502441e+02 5.9693701172e+02 5.9688098145e+02 5.9688598633e+02 5.9690197754e+02 5.9689898682e+02 5.9687500000e+02
5.9435101318e+02 5.9443798828e+02 5.9447302246e+02 5.9445800781e+02 5.9442199707e+02 5.9442498779e+02 5.9450000000e+02 5.9463201904e+02 5.9476397705e+02 5.9489398193e+02 5.9502398682e+02 5.9520800781e+02 5.9544000244e+02 5.9567498779e+02 5.9588000488e+02 5.9597900391e+02 5.9603601074e+02 5.9604901123e+02 5.9601202393e+02 5.9600799561e+02 5.9603601074e+02 5.9610302734e+02 5.9618103027e+02 5.9627502441e+02 5.9634997559e+02 5.9642102051e+02 5.9648400879e+02 5.9656402588e+02 5.9666699219e+02 5.9679797363e+02 5.9689898682e+02 5.9697100830e+02 5.9702801514e+02 5.9704400635e+02 5.9699102783e+02 5.9694299316e+02 5.9691400146e+02 5.9688000488e+02 5.9681097412e+02 5.9676702881e+02 5.9670898438e+02 5.9666198730e+02 5.9662902832e+02 5.9664099121e+02 5.9666802979e+02 5.9667102051e+02
5.9437799072e+02 5.9442297363e+02 5.9445001221e+02 5.9444897461e+02 5.9442199707e+02 5.9442999268e+02 5.9452697754e+02 5.9467401123e+02 5.9481298828e+02 5.9495300293e+02 5.9508001709e+02 5.9523901367e+02 5.9543200684e+02 5.9560900879e+02 5.9573199463e+02 5.9577697754e+02 5.9580798340e+02 5.9582702637e+02 5.9585302734e+02 5.9590899658e+02 5.9597998047e+02 5.9607397461e+02 5.9616802979e+02 5.9625201416e+02 5.9630999756e+02 5.9639801025e+02 5.9648498535e+02 5.9654602051e+02 5.9665301514e+02 5.9676800537e+02 5.9682299805e+02 5.9682897949e+02 5.9682501221e+02 5.9680999756e+02 5.9676000977e+02 5.9668499756e+02 5.9664599609e+02 5.9660601807e+02 5.9655603027e+02 5.9653002930e+02 5.9649700928e+02 5.9648699951e+02 5.9649401855e+02 5.9650299072e+02 5.9653698730e+02 5.9656097412e+02
5.9437402344e+02 5.9439599609e+02 5.9443499756e+02 5.9446697998e+02 5.9446398926e+02 5.9448602295e+02 5.9458898926e+02 5.9472998047e+02 5.9486401367e+02 5.9499700928e+02 5.9511798096e+02 5.9524902344e+02 5.9539202881e+02 5.9550701904e+02 5.9555798340e+02 5.9559100342e+02 5.9564300537e+02 5.9570397949e+02 5.9578198242e+02 5.9587200928e+02 5.9595599365e+02 5.9603997803e+02 5.9613299561e+02 5.9621899414e+02 5.9629498291e+02 5.9641601563e+02 5.9650598145e+02 5.9651800537e+02 5.9657702637e+02 5.9665899658e+02 5.9669799805e+02 5.9665899658e+02 5.9660998535e+02 5.9657299805e+02 5.9653802490e+02 5.9646899414e+02 5.9642102051e+02 5.9637701416e+02 5.9634899902e+02 5.9636499023e+02 5.9638000488e+02 5.9640100098e+02 5.9642297363e+02 5.9643798828e+02 5.9647601318e+02 5.9651000977e+02
5.9438397217e+02 5.9441101074e+02 5.9445098877e+02 5.9450897217e+02 5.9453900146e+02 5.9457702637e+02 5.9466802979e+02 5.9478802490e+02 5.9490698242e+02 5.9502099609e+02 5.9512500000e+02 5.9522900391e+02 5.9533300781e+02 5.9540698242e+02 5.9543597412e+02 5.9549200439e+02 5.9557299805e+02 5.9566400146e+02 5.9576098633e+02 5.9585302734e+02 5.9593701172e+02 5.9600897217e+02 5.9610302734e+02 5.9622100830e+02 5.9630700684e+02 5.9640502930e+02 5.9646301270e+02 5.9645599365e+02 5.9647497559e+02 5.9651599121e+02 5.9654199219e+02 5.9649499512e+02 5.9643701172e+02 5.9639300537e+02 5.9636102295e+02 5.9630902100e+02 5.9626800537e+02 5.9623199463e+02 5.9622399902e+02 5.9628100586e+02 5.9633801270e+02 5.9638000488e+02 5.9639697266e+02 5.9641802979e+02 5.9645599365e+02 5.9649102783e+02
