TESTSERVER/5/9.asc
NCOLS 100
NROWS 100
XLLCORNER 7.7497500000e+03
YLLCORNER 2.8950025000e+05
CELLSIZE 5.0000000000e-01
NODATA_VALUE -9.9990000000e+03
[rows 0 to 19 of 100, columns 46 to 91 of 100]
5.9637298584e+02 5.9640197754e+02 5.9643798828e+02 5.9648797607e+02 5.9655102539e+02 5.9664099121e+02 5.9681597900e+02 5.9710198975e+02 5.9746099854e+02 5.9787097168e+02 5.9825097656e+02 5.9861199951e+02 5.9895098877e+02 5.9916998291e+02 5.9922900391e+02 5.9921301270e+02 5.9921002197e+02 5.9920202637e+02 5.9919500732e+02 5.9918902588e+02 5.9917199707e+02 5.9917297363e+02 5.9915802002e+02 5.9902899170e+02 5.9876000977e+02 5.9843499756e+02 5.9812500000e+02 5.9789398193e+02 5.9778802490e+02 5.9781597900e+02 5.9784802246e+02 5.9789202881e+02 5.9793701172e+02 5.9798901367e+02 5.9807702637e+02 5.9817901611e+02 5.9825799561e+02 5.9829699707e+02 5.9833398438e+02 5.9838098145e+02 5.9844799805e+02 5.9852001953e+02 5.9858898926e+02 5.9866198730e+02 5.9874499512e+02 5.9886401367e+02
5.9636199951e+02 5.9638397217e+02 5.9642498779e+02 5.9648199463e+02 5.9654101563e+02 5.9660601807e+02 5.9676098633e+02 5.9701300049e+02 5.9737402344e+02 5.9777301025e+02 5.9816998291e+02 5.9855297852e+02 5.9890802002e+02 5.9912799072e+02 5.9918597412e+02 5.9917498779e+02 5.9917102051e+02 5.9915997314e+02 5.9914801025e+02 5.9913897705e+02 5.9912500000e+02 5.9913299561e+02 5.9909698486e+02 5.9892199707e+02 5.9862701416e+02 5.9833197021e+02 5.9808599854e+02 5.9792901611e+02 5.9788201904e+02 5.9790600586e+02 5.9791101074e+02 5.9792297363e+02 5.9793597412e+02 5.9796600342e+02 5.9804498291e+02 5.9813897705e+02 5.9821301270e+02 5.9824700928e+02 5.9829199219e+02 5.9834997559e+02 5.9842401123e+02 5.9850000000e+02 5.9857098389e+02 5.9865100098e+02 5.9874401855e+02 5.9887298584e+02
5.9635900879e+02 5.9638897705e+02 5.9643200684e+02 5.9649102783e+02 5.9654901123e+02 5.9659802246e+02 5.9673999023e+02 5.9697601318e+02 5.9731701660e+02 5.9771301270e+02 5.9811401367e+02 5.9850000000e+02 5.9885601807e+02 5.9907202148e+02 5.9913201904e+02 5.9912597656e+02 5.9913201904e+02 5.9912701416e+02 5.9911499023e+02 5.9910101318e+02 5.9908502197e+02 5.9908801270e+02 5.9901800537e+02 5.9880499268e+02 5.9850402832e+02 5.9825402832e+02 5.9806799316e+02 5.9797399902e+02 5.9797100830e+02 5.9797802734e+02 5.9796099854e+02 5.9794702148e+02 5.9794000244e+02 5.9796398926e+02 5.9803802490e+02 5.9812597656e+02 5.9819598389e+02 5.9823400879e+02 5.9828302002e+02 5.9833898926e+02 5.9840899658e+02 5.9848699951e+02 5.9856201172e+02 5.9864501953e+02 5.9874401855e+02 5.9888500977e+02
5.9635797119e+02 5.9640100098e+02 5.9644897461e+02 5.9650799561e+02 5.9656298828e+02 5.9660400391e+02 5.9673999023e+02 5.9696801758e+02 5.9730102539e+02 5.9770001221e+02 5.9809997559e+02 5.9848199463e+02 5.9882800293e+02 5.9903399658e+02 5.9909002686e+02 5.9908398438e+02 5.9908898926e+02 5.9908697510e+02 5.9907598877e+02 5.9906201172e+02 5.9904302979e+02 5.9903900146e+02 5.9894897461e+02 5.9872698975e+02 5.9844396973e+02 5.9821899414e+02 5.9807098389e+02 5.9801501465e+02 5.9802801514e+02 5.9802001953e+02 5.9798602295e+02 5.9795501709e+02 5.9794097900e+02 5.9797198486e+02 5.9804797363e+02 5.9813598633e+02 5.9820599365e+02 5.9824798584e+02 5.9829302979e+02 5.9834197998e+02 5.9839398193e+02 5.9846801758e+02 5.9854302979e+02 5.9862799072e+02 5.9872998047e+02 5.9888598633e+02
5.9639398193e+02 5.9642797852e+02 5.9647399902e+02 5.9652398682e+02 5.9655401611e+02 5.9659997559e+02 5.9673999023e+02 5.9697399902e+02 5.9731500244e+02 5.9773297119e+02 5.9814501953e+02 5.9852301025e+02 5.9885302734e+02 5.9902398682e+02 5.9907202148e+02 5.9906201172e+02 5.9905700684e+02 5.9904101563e+02 5.9903100586e+02 5.9901800537e+02 5.9900500488e+02 5.9898699951e+02 5.9889501953e+02 5.9870501709e+02 5.9845001221e+02 5.9820898438e+02 5.9807202148e+02 5.9802502441e+02 5.9803698730e+02 5.9801800537e+02 5.9797900391e+02 5.9794799805e+02 5.9796002197e+02 5.9799102783e+02 5.9806896973e+02 5.9816101074e+02 5.9825000000e+02 5.9828198242e+02 5.9831701660e+02 5.9834698486e+02 5.9837200928e+02 5.9842297363e+02 5.9850000000e+02 5.9859002686e+02 5.9868499756e+02 5.9883697510e+02
5.9636798096e+02 5.9642602539e+02 5.9646697998e+02 5.9649902344e+02 5.9652801514e+02 5.9657000732e+02 5.9671099854e+02 5.9696301270e+02 5.9733001709e+02 5.9776300049e+02 5.9818798828e+02 5.9856097412e+02 5.9885998535e+02 5.9901098633e+02 5.9903900146e+02 5.9902001953e+02 5.9900897217e+02 5.9899798584e+02 5.9899401855e+02 5.9898901367e+02 5.9897198486e+02 5.9895300293e+02 5.9885699463e+02 5.9866400146e+02 5.9839202881e+02 5.9814099121e+02 5.9800799561e+02 5.9796997070e+02 5.9798498535e+02 5.9796002197e+02 5.9792797852e+02 5.9791302490e+02 5.9793200684e+02 5.9798901367e+02 5.9806799316e+02 5.9815899658e+02 5.9823999023e+02 5.9828497314e+02 5.9831701660e+02 5.9833898926e+02 5.9834197998e+02 5.9835601807e+02 5.9842297363e+02 5.9850598145e+02 5.9859197998e+02 5.9873602295e+02
5.9633300781e+02 5.9640002441e+02 5.9644201660e+02 5.9647198486e+02 5.9650201416e+02 5.9655200195e+02 5.9669500732e+02 5.9695001221e+02 5.9733502197e+02 5.9778002930e+02 5.9820001221e+02 5.9856097412e+02 5.9884197998e+02 5.9897601318e+02 5.9899298096e+02 5.9897198486e+02 5.9896697998e+02 5.9896002197e+02 5.9895800781e+02 5.9895098877e+02 5.9893298340e+02 5.9891497803e+02 5.9882598877e+02 5.9863500977e+02 5.9834997559e+02 5.9808099365e+02 5.9793902588e+02 5.9789599609e+02 5.9790997314e+02 5.9788201904e+02 5.9785198975e+02 5.9784497070e+02 5.9788397217e+02 5.9795501709e+02 5.9803802490e+02 5.9812799072e+02 5.9820898438e+02 5.9826000977e+02 5.9829101563e+02 5.9830999756e+02 5.9830401611e+02 5.9831500244e+02 5.9838098145e+02 5.9846099854e+02 5.9853900146e+02 5.9865802002e+02
5.9630798340e+02 5.9637799072e+02 5.9642602539e+02 5.9646099854e+02 5.9649298096e+02 5.9654797363e+02 5.9669201660e+02 5.9694500732e+02 5.9732800293e+02 5.9776898193e+02 5.9818103027e+02 5.9853399658e+02 5.9880200195e+02 5.9892797852e+02 5.9894799805e+02 5.9893200684e+02 5.9892999268e+02 5.9892102051e+02 5.9891601563e+02 5.9890301514e+02 5.9888299561e+02 5.9887701416e+02 5.9880499268e+02 5.9863000488e+02 5.9835400391e+02 5.9808197021e+02 5.9792602539e+02 5.9785900879e+02 5.9784997559e+02 5.9780999756e+02 5.9777301025e+02 5.9777099609e+02 5.9782501221e+02 5.9790899658e+02 5.9799401855e+02 5.9808099365e+02 5.9815600586e+02 5.9821002197e+02 5.9824200439e+02 5.9826202393e+02 5.9825799561e+02 5.9828198242e+02 5.9836102295e+02 5.9844897461e+02 5.9852899170e+02 5.9861602783e+02
5.9629302979e+02 5.9637200928e+02 5.9643402100e+02 5.9647998047e+02 5.9651000977e+02 5.9655999756e+02 5.9669799805e+02 5.9694396973e+02 5.9730603027e+02 5.9772698975e+02 5.9813201904e+02 5.9848602295e+02 5.9876098633e+02 5.9888397217e+02 5.9890899658e+02 5.9890002441e+02 5.9890197754e+02 5.9888000488e+02 5.9887200928e+02 5.9885498047e+02 5.9884197998e+02 5.9883898926e+02 5.9878497314e+02 5.9865100098e+02 5.9844799805e+02 5.9819097900e+02 5.9802502441e+02 5.9791400146e+02 5.9785601807e+02 5.9776702881e+02 5.9771697998e+02 5.9771099854e+02 5.9777099609e+02 5.9785400391e+02 5.9793200684e+02 5.9800701904e+02 5.9805999756e+02 5.9813299561e+02 5.9816802979e+02 5.9818902588e+02 5.9818798828e+02 5.9825000000e+02 5.9834197998e+02 5.9844598389e+02 5.9855603027e+02 5.9860699463e+02
5.9642999268e+02 5.9644799805e+02 5.9647399902e+02 5.9650000000e+02 5.9652801514e+02 5.9657098389e+02 5.9668597412e+02 5.9691101074e+02 5.9725402832e+02 5.9764300537e+02 5.9803601074e+02 5.9838800049e+02 5.9867999268e+02 5.9884899902e+02 5.9887597656e+02 5.9886102295e+02 5.9886602783e+02 5.9884802246e+02 5.9883398438e+02 5.9882202148e+02 5.9881097412e+02 5.9879901123e+02 5.9874298096e+02 5.9863000488e+02 5.9846600342e+02 5.9828302002e+02 5.9812200928e+02 5.9798797607e+02 5.9785998535e+02 5.9774499512e+02 5.9769500732e+02 5.9769598389e+02 5.9774902344e+02 5.9781799316e+02 5.9788397217e+02 5.9794396973e+02 5.9799499512e+02 5.9805102539e+02 5.9810101318e+02 5.9814398193e+02 5.9818103027e+02 5.9823999023e+02 5.9832000732e+02 5.9840899658e+02 5.9850799561e+02 5.9856799316e+02
5.9660101318e+02 5.9657098389e+02 5.9654302979e+02 5.9653002930e+02 5.9655200195e+02 5.9658398438e+02 5.9667297363e+02 5.9686798096e+02 5.9718902588e+02 5.9756097412e+02 5.9793499756e+02 5.9827801514e+02 5.9858001709e+02 5.9878198242e+02 5.9882897949e+02 5.9882000732e+02 5.9882800293e+02 5.9881701660e+02 5.9880499268e+02 5.9879400635e+02 5.9877697754e+02 5.9874902344e+02 5.9869097900e+02 5.9858197021e+02 5.9844799805e+02 5.9829901123e+02 5.9814099121e+02 5.9799798584e+02 5.9784802246e+02 5.9772998047e+02 5.9768402100e+02 5.9769396973e+02 5.9775897217e+02 5.9783001709e+02 5.9789099121e+02 5.9794097900e+02 5.9797399902e+02 5.9801098633e+02 5.9806799316e+02 5.9813598633e+02 5.9820397949e+02 5.9826898193e+02 5.9833801270e+02 5.9840698242e+02 5.9847601318e+02 5.9853802490e+02
5.9675402832e+02 5.9669598389e+02 5.9662597656e+02 5.9657702637e+02 5.9658099365e+02 5.9659997559e+02 5.9666497803e+02 5.9683599854e+02 5.9714398193e+02 5.9750701904e+02 5.9786199951e+02 5.9819396973e+02 5.9849298096e+02 5.9871600342e+02 5.9878698730e+02 5.9878698730e+02 5.9878802490e+02 5.9878100586e+02 5.9877301025e+02 5.9876000977e+02 5.9873602295e+02 5.9870202637e+02 5.9864099121e+02 5.9853399658e+02 5.9840502930e+02 5.9826898193e+02 5.9811602783e+02 5.9796697998e+02 5.9782098389e+02 5.9772698975e+02 5.9769500732e+02 5.9771697998e+02 5.9780297852e+02 5.9788598633e+02 5.9794500732e+02 5.9798901367e+02 5.9800299072e+02 5.9801300049e+02 5.9806799316e+02 5.9815301514e+02 5.9825000000e+02 5.9832299805e+02 5.9838098145e+02 5.9842199707e+02 5.9845001221e+02 5.9850598145e+02
5.9687402344e+02 5.9682299805e+02 5.9672698975e+02 5.9664202881e+02 5.9661602783e+02 5.9661499023e+02 5.9664099121e+02 5.9678399658e+02 5.9707598877e+02 5.9749200439e+02 5.9782202148e+02 5.9814300537e+02 5.9846398926e+02 5.9867602539e+02 5.9876000977e+02 5.9876397705e+02 5.9875402832e+02 5.9874798584e+02 5.9874102783e+02 5.9872698975e+02 5.9870397949e+02 5.9867102051e+02 5.9861401367e+02 5.9850897217e+02 5.9835601807e+02 5.9820599365e+02 5.9804901123e+02 5.9790197754e+02 5.9777502441e+02 5.9772998047e+02 5.9772998047e+02 5.9778302002e+02 5.9790997314e+02 5.9799499512e+02 5.9805798340e+02 5.9808300781e+02 5.9805798340e+02 5.9803601074e+02 5.9808801270e+02 5.9819299316e+02 5.9831201172e+02 5.9837298584e+02 5.9841601563e+02 5.9843200684e+02 5.9841998291e+02 5.9845599365e+02
5.9692297363e+02 5.9694299316e+02 5.9687402344e+02 5.9677899170e+02 5.9674700928e+02 5.9675097656e+02 5.9676098633e+02 5.9689001465e+02 5.9723797607e+02 5.9759600830e+02 5.9786602783e+02 5.9813000488e+02 5.9843902588e+02 5.9865899658e+02 5.9873498535e+02 5.9873199463e+02 5.9872302246e+02 5.9871600342e+02 5.9870599365e+02 5.9869299316e+02 5.9867297363e+02 5.9864801025e+02 5.9860400391e+02 5.9850402832e+02 5.9834698486e+02 5.9818103027e+02 5.9801702881e+02 5.9787597656e+02 5.9778002930e+02 5.9774597168e+02 5.9777099609e+02 5.9784399414e+02 5.9797100830e+02 5.9809600830e+02 5.9815002441e+02 5.9814599609e+02 5.9809600830e+02 5.9805401611e+02 5.9811999512e+02 5.9824401855e+02 5.9834600830e+02 5.9837597656e+02 5.9838598633e+02 5.9837597656e+02 5.9835797119e+02 5.9839398193e+02
5.9695397949e+02 5.9702001953e+02 5.9699499512e+02 5.9693200684e+02 5.9691998291e+02 5.9696099854e+02 5.9699102783e+02 5.9709997559e+02 5.9737298584e+02 5.9767102051e+02 5.9789300537e+02 5.9811798096e+02 5.9840301514e+02 5.9861401367e+02 5.9869702148e+02 5.9870397949e+02 5.9869702148e+02 5.9868402100e+02 5.9867102051e+02 5.9865802002e+02 5.9863702393e+02 5.9861602783e+02 5.9858398438e+02 5.9849700928e+02 5.9834698486e+02 5.9818499756e+02 5.9803497314e+02 5.9790600586e+02 5.9781402588e+02 5.9778302002e+02 5.9780902100e+02 5.9787902832e+02 5.9799401855e+02 5.9809497070e+02 5.9812902832e+02 5.9811798096e+02 5.9808300781e+02 5.9806799316e+02 5.9815600586e+02 5.9828698730e+02 5.9837799072e+02 5.9838800049e+02 5.9837097168e+02 5.9834002686e+02 5.9831701660e+02 5.9835998535e+02
5.9695898438e+02 5.9702697754e+02 5.9703497314e+02 5.9702099609e+02 5.9704998779e+02 5.9711499023e+02 5.9715399170e+02 5.9722601318e+02 5.9740802002e+02 5.9765197754e+02 5.9784899902e+02 5.9807000732e+02 5.9836199951e+02 5.9856402588e+02 5.9865502930e+02 5.9867297363e+02 5.9866900635e+02 5.9865301514e+02 5.9864001465e+02 5.9862701416e+02 5.9860302734e+02 5.9857800293e+02 5.9855200195e+02 5.9847802734e+02 5.9834301758e+02 5.9819897461e+02 5.9807202148e+02 5.9796002197e+02 5.9786798096e+02 5.9783001709e+02 5.9784899902e+02 5.9790600586e+02 5.9799298096e+02 5.9805499268e+02 5.9807397461e+02 5.9806597900e+02 5.9805999756e+02 5.9809497070e+02 5.9821502686e+02 5.9835101318e+02 5.9842700195e+02 5.9841900635e+02 5.9838299561e+02 5.9834002686e+02 5.9831402588e+02 5.9835400391e+02
5.9696197510e+02 5.9699298096e+02 5.9700799561e+02 5.9703698730e+02 5.9709600830e+02 5.9715399170e+02 5.9719500732e+02 5.9724200439e+02 5.9731799316e+02 5.9753497314e+02 5.9774902344e+02 5.9801800537e+02 5.9835498047e+02 5.9853900146e+02 5.9861700439e+02 5.9863897705e+02 5.9864398193e+02 5.9862402344e+02 5.9860998535e+02 5.9859899902e+02 5.9856799316e+02 5.9853497314e+02 5.9851000977e+02 5.9844500732e+02 5.9829998779e+02 5.9820202637e+02 5.9811199951e+02 5.9802197266e+02 5.9791302490e+02 5.9786798096e+02 5.9787402344e+02 5.9792199707e+02 5.9798797607e+02 5.9802801514e+02 5.9803601074e+02 5.9803900146e+02 5.9807098389e+02 5.9817297363e+02 5.9832598877e+02 5.9846002197e+02 5.9851300049e+02 5.9847601318e+02 5.9842700195e+02 5.9838098145e+02 5.9837298584e+02 5.9838201904e+02
5.9692700195e+02 5.9696899414e+02 5.9699700928e+02 5.9703002930e+02 5.9705102539e+02 5.9710302734e+02 5.9717401123e+02 5.9725299072e+02 5.9730603027e+02 5.9743200684e+02 5.9766101074e+02 5.9799298096e+02 5.9835900879e+02 5.9853399658e+02 5.9858502197e+02 5.9860601807e+02 5.9861499023e+02 5.9857299805e+02 5.9855999756e+02 5.9855401611e+02 5.9852398682e+02 5.9849499512e+02 5.9845697021e+02 5.9840197754e+02 5.9830902100e+02 5.9820501709e+02 5.9812701416e+02 5.9805902100e+02 5.9798297119e+02 5.9792700195e+02 5.9792401123e+02 5.9797601318e+02 5.9805200195e+02 5.9809899902e+02 5.9810101318e+02 5.9807897949e+02 5.9810498047e+02 5.9821002197e+02 5.9835601807e+02 5.9848797607e+02 5.9853100586e+02 5.9850402832e+02 5.9846502686e+02 5.9843402100e+02 5.9842700195e+02 5.9843103027e+02
5.9689202881e+02 5.9693798828e+02 5.9695898438e+02 5.9697601318e+02 5.9698199463e+02 5.9704101563e+02 5.9712500000e+02 5.9721600342e+02 5.9728900146e+02 5.9737701416e+02 5.9758300781e+02 5.9791802979e+02 5.9830798340e+02 5.9850799561e+02 5.9855401611e+02 5.9857299805e+02 5.9857397461e+02 5.9852899170e+02 5.9852197266e+02 5.9852398682e+02 5.9849902344e+02 5.9847198486e+02 5.9842401123e+02 5.9837597656e+02 5.9831500244e+02 5.9822601318e+02 5.9817102051e+02 5.9813500977e+02 5.9809100342e+02 5.9804400635e+02 5.9802801514e+02 5.9805499268e+02 5.9811401367e+02 5.9819201660e+02 5.9820800781e+02 5.9817102051e+02 5.9811999512e+02 5.9816601563e+02 5.9827697754e+02 5.9839398193e+02 5.9846002197e+02 5.9846002197e+02 5.9844897461e+02 5.9844897461e+02 5.9846899414e+02 5.9847601318e+02
5.9686297607e+02 5.9690502930e+02 5.9691900635e+02 5.9693701172e+02 5.9695800781e+02 5.9701702881e+02 5.9709698486e+02 5.9718499756e+02 5.9727197266e+02 5.9733197021e+02 5.9748498535e+02 5.9777502441e+02 5.9816198730e+02 5.9843200684e+02 5.9851202393e+02 5.9853497314e+02 5.9853497314e+02 5.9850799561e+02 5.9850201416e+02 5.9850000000e+02 5.9847998047e+02 5.9845202637e+02 5.9839801025e+02 5.9835302734e+02 5.9830499268e+02 5.9824499512e+02 5.9822100830e+02 5.9821502686e+02 5.9818798828e+02 5.9814099121e+02 5.9810998535e+02 5.9809802246e+02 5.9811102295e+02 5.9819299316e+02 5.9822900391e+02 5.9820397949e+02 5.9811700439e+02 5.9811798096e+02 5.9820098877e+02 5.9829602051e+02 5.9836999512e+02 5.9839599609e+02 5.9841198730e+02 5.9844299316e+02 5.9849200439e+02 5.9851098633e+02
