TESTSERVER/5/9.asc
NCOLS 100
NROWS 100
XLLCORNER 7.7497500000e+03
YLLCORNER 2.8950025000e+05
CELLSIZE 5.0000000000e-01
NODATA_VALUE -9.9990000000e+03
[rows 0 to 19 of 100, columns 0 to 45 of 100]
5.9447802734e+02 5.9452001953e+02 5.9453198242e+02 5.9451300049e+02 5.9450897217e+02 5.9454998779e+02 5.9462597656e+02 5.9468701172e+02 5.9474102783e+02 5.9478198242e+02 5.9479302979e+02 5.9480999756e+02 5.9483502197e+02 5.9487298584e+02 5.9491101074e+02 5.9497900391e+02 5.9504400635e+02 5.9511199951e+02 5.9519598389e+02 5.9526098633e+02 5.9532000732e+02 5.9538397217e+02 5.9548400879e+02 5.9568597412e+02 5.9581201172e+02 5.9588702393e+02 5.9597802734e+02 5.9602001953e+02 5.9590802002e+02 5.9578698730e+02 5.9576501465e+02 5.9571398926e+02 5.9571600342e+02 5.9577801514e+02 5.9586700439e+02 5.9590698242e+02 5.9596502686e+02 5.9603302002e+02 5.9608197021e+02 5.9609197998e+02 5.9613201904e+02 5.9617498779e+02 5.9621997070e+02 5.9625799561e+02 5.9629998779e+02 5.9634197998e+02
5.9450402832e+02 5.9453997803e+02 5.9453802490e+02 5.9451098633e+02 5.9448199463e+02 5.9448901367e+02 5.9454400635e+02 5.9461499023e+02 5.9467602539e+02 5.9471997070e+02 5.9474902344e+02 5.9479400635e+02 5.9484497070e+02 5.9490002441e+02 5.9494097900e+02 5.9497802734e+02 5.9502099609e+02 5.9508599854e+02 5.9517297363e+02 5.9525201416e+02 5.9532397461e+02 5.9538098145e+02 5.9545001221e+02 5.9558697510e+02 5.9570300293e+02 5.9581402588e+02 5.9592901611e+02 5.9602697754e+02 5.9597497559e+02 5.9587902832e+02 5.9588098145e+02 5.9584698486e+02 5.9586602783e+02 5.9590100098e+02 5.9589599609e+02 5.9590502930e+02 5.9596002197e+02 5.9603802490e+02 5.9608599854e+02 5.9610101318e+02 5.9613598633e+02 5.9617401123e+02 5.9621197510e+02 5.9624902344e+02 5.9628900146e+02 5.9633099365e+02
5.9445898438e+02 5.9450201416e+02 5.9450897217e+02 5.9446002197e+02 5.9441998291e+02 5.9442401123e+02 5.9449597168e+02 5.9458599854e+02 5.9463897705e+02 5.9467199707e+02 5.9470697021e+02 5.9476898193e+02 5.9483001709e+02 5.9489099121e+02 5.9495001221e+02 5.9498297119e+02 5.9502197266e+02 5.9507800293e+02 5.9514898682e+02 5.9523797607e+02 5.9532000732e+02 5.9538500977e+02 5.9546197510e+02 5.9556097412e+02 5.9564202881e+02 5.9574401855e+02 5.9585699463e+02 5.9596600342e+02 5.9599102783e+02 5.9597900391e+02 5.9603497314e+02 5.9608099365e+02 5.9611999512e+02 5.9609698486e+02 5.9599902344e+02 5.9596697998e+02 5.9597900391e+02 5.9602398682e+02 5.9608001709e+02 5.9610900879e+02 5.9613897705e+02 5.9616900635e+02 5.9620202637e+02 5.9623901367e+02 5.9627801514e+02 5.9632202148e+02
5.9438702393e+02 5.9443402100e+02 5.9444897461e+02 5.9437799072e+02 5.9434997559e+02 5.9438500977e+02 5.9448602295e+02 5.9457598877e+02 5.9460797119e+02 5.9462597656e+02 5.9466699219e+02 5.9472497559e+02 5.9478302002e+02 5.9484997559e+02 5.9492700195e+02 5.9496899414e+02 5.9503399658e+02 5.9509698486e+02 5.9514300537e+02 5.9522998047e+02 5.9531402588e+02 5.9538702393e+02 5.9547998047e+02 5.9557098389e+02 5.9563702393e+02 5.9572497559e+02 5.9582098389e+02 5.9590399170e+02 5.9597802734e+02 5.9603302002e+02 5.9611297607e+02 5.9620599365e+02 5.9627197266e+02 5.9625500488e+02 5.9617297363e+02 5.9611102295e+02 5.9605999756e+02 5.9604797363e+02 5.9608599854e+02 5.9612298584e+02 5.9614599609e+02 5.9616699219e+02 5.9619097900e+02 5.9622601318e+02 5.9626599121e+02 5.9631097412e+02
5.9432098389e+02 5.9435302734e+02 5.9436798096e+02 5.9432897949e+02 5.9433398438e+02 5.9439898682e+02 5.9450402832e+02 5.9455700684e+02 5.9456701660e+02 5.9457702637e+02 5.9462902832e+02 5.9469897461e+02 5.9475701904e+02 5.9482202148e+02 5.9490502930e+02 5.9496697998e+02 5.9505499268e+02 5.9513500977e+02 5.9517102051e+02 5.9523199463e+02 5.9530798340e+02 5.9538598633e+02 5.9548797607e+02 5.9559002686e+02 5.9566900635e+02 5.9575598145e+02 5.9584600830e+02 5.9588201904e+02 5.9597100830e+02 5.9605297852e+02 5.9612200928e+02 5.9619702148e+02 5.9627301025e+02 5.9632299805e+02 5.9635699463e+02 5.9630999756e+02 5.9620599365e+02 5.9614099121e+02 5.9617999268e+02 5.9616198730e+02 5.9614898682e+02 5.9612799072e+02 5.9609899902e+02 5.9618298340e+02 5.9623797607e+02 5.9630499268e+02
5.9428698730e+02 5.9431402588e+02 5.9434600830e+02 5.9434497070e+02 5.9438598633e+02 5.9445098877e+02 5.9452697754e+02 5.9456402588e+02 5.9456597900e+02 5.9457202148e+02 5.9461499023e+02 5.9469396973e+02 5.9476098633e+02 5.9482299805e+02 5.9491699219e+02 5.9501300049e+02 5.9510498047e+02 5.9517999268e+02 5.9521398926e+02 5.9524298096e+02 5.9531201172e+02 5.9539300537e+02 5.9547497559e+02 5.9556799316e+02 5.9564898682e+02 5.9573901367e+02 5.9584100342e+02 5.9588299561e+02 5.9594097900e+02 5.9601702881e+02 5.9612402344e+02 5.9622399902e+02 5.9630297852e+02 5.9635400391e+02 5.9638000488e+02 5.9636199951e+02 5.9630499268e+02 5.9628399658e+02 5.9631201172e+02 5.9627600098e+02 5.9620397949e+02 5.9611499023e+02 5.9609002686e+02 5.9612298584e+02 5.9618103027e+02 5.9626898193e+02
5.9427001953e+02 5.9430102539e+02 5.9434698486e+02 5.9439599609e+02 5.9446600342e+02 5.9452398682e+02 5.9455700684e+02 5.9457397461e+02 5.9458099365e+02 5.9459301758e+02 5.9461401367e+02 5.9467401123e+02 5.9475000000e+02 5.9484197998e+02 5.9497698975e+02 5.9509197998e+02 5.9516699219e+02 5.9520898438e+02 5.9522302246e+02 5.9524499512e+02 5.9532598877e+02 5.9541101074e+02 5.9546997070e+02 5.9555603027e+02 5.9564599609e+02 5.9573101807e+02 5.9581500244e+02 5.9588800049e+02 5.9595202637e+02 5.9602001953e+02 5.9611199951e+02 5.9619897461e+02 5.9628198242e+02 5.9634497070e+02 5.9636602783e+02 5.9638800049e+02 5.9639697266e+02 5.9639202881e+02 5.9639697266e+02 5.9638098145e+02 5.9631896973e+02 5.9622302246e+02 5.9615502930e+02 5.9613897705e+02 5.9616699219e+02 5.9623400879e+02
5.9424401855e+02 5.9428997803e+02 5.9436999512e+02 5.9445001221e+02 5.9452398682e+02 5.9456298828e+02 5.9456402588e+02 5.9457098389e+02 5.9459600830e+02 5.9462701416e+02 5.9463702393e+02 5.9468103027e+02 5.9477398682e+02 5.9490399170e+02 5.9505902100e+02 5.9516302490e+02 5.9519702148e+02 5.9518402100e+02 5.9517498779e+02 5.9522100830e+02 5.9533398438e+02 5.9544299316e+02 5.9550201416e+02 5.9555700684e+02 5.9564099121e+02 5.9572100830e+02 5.9579101563e+02 5.9588500977e+02 5.9597399902e+02 5.9604199219e+02 5.9609600830e+02 5.9615899658e+02 5.9623797607e+02 5.9631896973e+02 5.9635998535e+02 5.9642700195e+02 5.9649499512e+02 5.9649200439e+02 5.9645800781e+02 5.9646398926e+02 5.9644097900e+02 5.9637799072e+02 5.9629901123e+02 5.9623101807e+02 5.9621197510e+02 5.9623699951e+02
5.9419897461e+02 5.9428002930e+02 5.9439801025e+02 5.9447399902e+02 5.9450701904e+02 5.9451501465e+02 5.9452197266e+02 5.9454302979e+02 5.9459600830e+02 5.9465301514e+02 5.9467700195e+02 5.9472900391e+02 5.9484497070e+02 5.9499298096e+02 5.9511798096e+02 5.9518402100e+02 5.9517602539e+02 5.9511401367e+02 5.9510900879e+02 5.9520599365e+02 5.9532501221e+02 5.9546197510e+02 5.9558697510e+02 5.9560302734e+02 5.9564801025e+02 5.9571197510e+02 5.9577600098e+02 5.9587200928e+02 5.9595697021e+02 5.9602197266e+02 5.9609002686e+02 5.9615301514e+02 5.9621398926e+02 5.9630102539e+02 5.9638702393e+02 5.9648400879e+02 5.9655297852e+02 5.9654498291e+02 5.9650799561e+02 5.9649902344e+02 5.9650799561e+02 5.9650799561e+02 5.9648699951e+02 5.9640301514e+02 5.9633599854e+02 5.9629901123e+02
5.9418597412e+02 5.9426800537e+02 5.9437701416e+02 5.9445098877e+02 5.9445800781e+02 5.9445001221e+02 5.9446600342e+02 5.9450598145e+02 5.9457702637e+02 5.9465997314e+02 5.9472497559e+02 5.9479602051e+02 5.9491400146e+02 5.9505102539e+02 5.9513098145e+02 5.9515002441e+02 5.9509399414e+02 5.9501599121e+02 5.9503601074e+02 5.9514202881e+02 5.9527801514e+02 5.9546099854e+02 5.9560601807e+02 5.9564697266e+02 5.9569396973e+02 5.9574200439e+02 5.9577197266e+02 5.9584997559e+02 5.9594000244e+02 5.9602899170e+02 5.9612298584e+02 5.9618798828e+02 5.9622698975e+02 5.9629199219e+02 5.9638299561e+02 5.9647601318e+02 5.9653002930e+02 5.9653698730e+02 5.9653100586e+02 5.9653002930e+02 5.9653601074e+02 5.9655401611e+02 5.9656402588e+02 5.9653698730e+02 5.9649902344e+02 5.9646398926e+02
5.9418798828e+02 5.9424200439e+02 5.9432397461e+02 5.9439501953e+02 5.9440899658e+02 5.9441198730e+02 5.9442999268e+02 5.9446801758e+02 5.9453497314e+02 5.9463800049e+02 5.9476000977e+02 5.9483898926e+02 5.9492700195e+02 5.9502398682e+02 5.9506597900e+02 5.9505798340e+02 5.9501202393e+02 5.9496697998e+02 5.9500299072e+02 5.9508300781e+02 5.9522601318e+02 5.9542797852e+02 5.9559497070e+02 5.9565997314e+02 5.9572900391e+02 5.9578198242e+02 5.9579101563e+02 5.9583599854e+02 5.9591802979e+02 5.9601501465e+02 5.9611700439e+02 5.9619201660e+02 5.9625201416e+02 5.9632702637e+02 5.9639099121e+02 5.9643701172e+02 5.9649597168e+02 5.9653900146e+02 5.9655499268e+02 5.9657202148e+02 5.9658898926e+02 5.9661499023e+02 5.9662902832e+02 5.9663000488e+02 5.9663397217e+02 5.9663000488e+02
5.9417901611e+02 5.9422698975e+02 5.9430798340e+02 5.9436700439e+02 5.9438598633e+02 5.9439801025e+02 5.9441302490e+02 5.9443499756e+02 5.9448797607e+02 5.9459399414e+02 5.9474597168e+02 5.9482098389e+02 5.9486602783e+02 5.9491601563e+02 5.9494500732e+02 5.9495202637e+02 5.9497900391e+02 5.9501000977e+02 5.9505603027e+02 5.9510498047e+02 5.9521997070e+02 5.9541101074e+02 5.9560998535e+02 5.9569799805e+02 5.9577600098e+02 5.9583502197e+02 5.9584399414e+02 5.9586297607e+02 5.9591699219e+02 5.9599401855e+02 5.9608898926e+02 5.9617199707e+02 5.9625598145e+02 5.9634802246e+02 5.9639898682e+02 5.9641601563e+02 5.9648297119e+02 5.9655297852e+02 5.9656896973e+02 5.9659497070e+02 5.9663098145e+02 5.9667102051e+02 5.9669097900e+02 5.9670098877e+02 5.9673199463e+02 5.9676000977e+02
5.9420098877e+02 5.9426300049e+02 5.9435101318e+02 5.9438500977e+02 5.9438897705e+02 5.9439001465e+02 5.9439202881e+02 5.9441601563e+02 5.9446801758e+02 5.9457202148e+02 5.9471801758e+02 5.9477600098e+02 5.9479602051e+02 5.9482098389e+02 5.9485601807e+02 5.9490399170e+02 5.9500500488e+02 5.9509600830e+02 5.9514099121e+02 5.9516601563e+02 5.9525000000e+02 5.9540399170e+02 5.9558697510e+02 5.9568597412e+02 5.9576800537e+02 5.9584997559e+02 5.9590600586e+02 5.9592901611e+02 5.9595898438e+02 5.9600799561e+02 5.9608001709e+02 5.9616998291e+02 5.9624597168e+02 5.9631597900e+02 5.9635601807e+02 5.9640301514e+02 5.9647198486e+02 5.9653802490e+02 5.9655200195e+02 5.9659497070e+02 5.9664697266e+02 5.9670001221e+02 5.9674700928e+02 5.9675201416e+02 5.9677801514e+02 5.9682000732e+02
5.9433398438e+02 5.9441900635e+02 5.9447601318e+02 5.9447302246e+02 5.9444201660e+02 5.9440399170e+02 5.9438598633e+02 5.9440502930e+02 5.9448400879e+02 5.9463000488e+02 5.9478198242e+02 5.9483099365e+02 5.9482000732e+02 5.9481500244e+02 5.9483502197e+02 5.9489599609e+02 5.9500402832e+02 5.9509997559e+02 5.9515197754e+02 5.9516699219e+02 5.9521002197e+02 5.9530401611e+02 5.9544097900e+02 5.9552099609e+02 5.9562597656e+02 5.9577899170e+02 5.9592999268e+02 5.9598699951e+02 5.9600500488e+02 5.9603100586e+02 5.9607397461e+02 5.9615600586e+02 5.9623797607e+02 5.9630999756e+02 5.9635302734e+02 5.9640502930e+02 5.9646899414e+02 5.9651000977e+02 5.9653100586e+02 5.9659002686e+02 5.9663500977e+02 5.9666802979e+02 5.9672100830e+02 5.9676800537e+02 5.9681298828e+02 5.9686297607e+02
5.9440502930e+02 5.9451202393e+02 5.9455798340e+02 5.9453497314e+02 5.9447802734e+02 5.9441302490e+02 5.9437500000e+02 5.9440301514e+02 5.9449902344e+02 5.9464801025e+02 5.9478698730e+02 5.9482397461e+02 5.9479699707e+02 5.9477197266e+02 5.9478002930e+02 5.9485400391e+02 5.9496301270e+02 5.9505999756e+02 5.9512701416e+02 5.9515802002e+02 5.9519299316e+02 5.9524700928e+02 5.9533099365e+02 5.9539202881e+02 5.9551098633e+02 5.9571099854e+02 5.9590997314e+02 5.9599401855e+02 5.9603100586e+02 5.9606201172e+02 5.9608697510e+02 5.9611901855e+02 5.9620001221e+02 5.9630700684e+02 5.9636297607e+02 5.9640899658e+02 5.9646502686e+02 5.9649597168e+02 5.9652502441e+02 5.9658001709e+02 5.9661499023e+02 5.9663702393e+02 5.9667797852e+02 5.9675000000e+02 5.9682501221e+02 5.9689202881e+02
5.9435498047e+02 5.9445800781e+02 5.9451098633e+02 5.9449200439e+02 5.9443798828e+02 5.9438000488e+02 5.9434997559e+02 5.9438500977e+02 5.9448797607e+02 5.9461700439e+02 5.9471600342e+02 5.9473199463e+02 5.9471002197e+02 5.9469500732e+02 5.9470898438e+02 5.9479998779e+02 5.9491900635e+02 5.9502301025e+02 5.9510101318e+02 5.9515502930e+02 5.9520800781e+02 5.9525897217e+02 5.9531097412e+02 5.9535998535e+02 5.9547497559e+02 5.9567498779e+02 5.9586602783e+02 5.9596997070e+02 5.9604302979e+02 5.9610198975e+02 5.9613201904e+02 5.9612597656e+02 5.9617999268e+02 5.9628601074e+02 5.9636297607e+02 5.9641101074e+02 5.9646099854e+02 5.9649102783e+02 5.9652697754e+02 5.9657702637e+02 5.9660998535e+02 5.9663000488e+02 5.9665301514e+02 5.9672399902e+02 5.9681500244e+02 5.9689801025e+02
5.9426202393e+02 5.9432800293e+02 5.9438000488e+02 5.9438897705e+02 5.9435900879e+02 5.9433001709e+02 5.9433599854e+02 5.9437298584e+02 5.9447601318e+02 5.9458502197e+02 5.9465197754e+02 5.9461700439e+02 5.9462097168e+02 5.9464300537e+02 5.9466998291e+02 5.9477197266e+02 5.9490600586e+02 5.9502301025e+02 5.9509497070e+02 5.9512298584e+02 5.9518200684e+02 5.9526098633e+02 5.9533398438e+02 5.9538800049e+02 5.9548797607e+02 5.9566198730e+02 5.9585998535e+02 5.9595098877e+02 5.9604199219e+02 5.9610900879e+02 5.9613598633e+02 5.9615899658e+02 5.9620397949e+02 5.9626702881e+02 5.9634100342e+02 5.9641400146e+02 5.9646398926e+02 5.9649200439e+02 5.9652502441e+02 5.9657702637e+02 5.9662200928e+02 5.9665197754e+02 5.9666900635e+02 5.9670501709e+02 5.9679400635e+02 5.9688702393e+02
5.9420001221e+02 5.9423699951e+02 5.9429199219e+02 5.9433898926e+02 5.9434802246e+02 5.9434802246e+02 5.9435797119e+02 5.9437500000e+02 5.9444598389e+02 5.9453900146e+02 5.9456896973e+02 5.9454602051e+02 5.9460601807e+02 5.9465600586e+02 5.9466302490e+02 5.9474798584e+02 5.9485998535e+02 5.9496197510e+02 5.9502502441e+02 5.9506500244e+02 5.9512097168e+02 5.9519000244e+02 5.9529199219e+02 5.9538897705e+02 5.9548297119e+02 5.9563000488e+02 5.9580401611e+02 5.9591198730e+02 5.9599298096e+02 5.9606201172e+02 5.9611901855e+02 5.9620501709e+02 5.9628802490e+02 5.9632000732e+02 5.9634002686e+02 5.9639501953e+02 5.9644500732e+02 5.9648297119e+02 5.9653002930e+02 5.9657299805e+02 5.9662097168e+02 5.9667297363e+02 5.9669500732e+02 5.9670599365e+02 5.9678198242e+02 5.9687298584e+02
5.9416802979e+02 5.9420001221e+02 5.9424499512e+02 5.9429602051e+02 5.9432598877e+02 5.9434802246e+02 5.9436901855e+02 5.9439501953e+02 5.9444500732e+02 5.9450701904e+02 5.9453802490e+02 5.9456201172e+02 5.9463702393e+02 5.9466601563e+02 5.9465899658e+02 5.9473602295e+02 5.9481298828e+02 5.9488299561e+02 5.9495501709e+02 5.9503100586e+02 5.9508801270e+02 5.9513800049e+02 5.9523901367e+02 5.9533099365e+02 5.9541198730e+02 5.9553399658e+02 5.9570098877e+02 5.9584100342e+02 5.9594598389e+02 5.9603601074e+02 5.9611700439e+02 5.9624798584e+02 5.9635797119e+02 5.9639202881e+02 5.9639202881e+02 5.9642102051e+02 5.9644702148e+02 5.9647998047e+02 5.9653100586e+02 5.9657098389e+02 5.9661700439e+02 5.9667498779e+02 5.9671002197e+02 5.9671801758e+02 5.9677301025e+02 5.9684197998e+02
5.9411499023e+02 5.9416101074e+02 5.9421002197e+02 5.9425500488e+02 5.9430102539e+02 5.9434802246e+02 5.9439898682e+02 5.9444897461e+02 5.9450097656e+02 5.9454101563e+02 5.9455102539e+02 5.9457800293e+02 5.9463201904e+02 5.9464300537e+02 5.9464801025e+02 5.9473297119e+02 5.9479199219e+02 5.9483801270e+02 5.9490899658e+02 5.9500799561e+02 5.9506500244e+02 5.9510699463e+02 5.9520501709e+02 5.9526501465e+02 5.9532202148e+02 5.9541699219e+02 5.9556097412e+02 5.9572100830e+02 5.9586602783e+02 5.9598602295e+02 5.9607702637e+02 5.9620300293e+02 5.9633197021e+02 5.9640301514e+02 5.9643798828e+02 5.9645697021e+02 5.9646600342e+02 5.9649200439e+02 5.9652697754e+02 5.9656701660e+02 5.9661297607e+02 5.9667297363e+02 5.9672100830e+02 5.9674102783e+02 5.9677398682e+02 5.9681500244e+02
