TESTSERVER/9/0.asc
NCOLS 100
NROWS 100
XLLCORNER 7.9497500000e+03
YLLCORNER 2.8995025000e+05
CELLSIZE 5.0000000000e-01
NODATA_VALUE -9.9990000000e+03
[rows 80 to 99 of 100, columns 0 to 45 of 100]
6.4277301025e+02 6.4276098633e+02 6.4277899170e+02 6.4281298828e+02 6.4283001709e+02 6.4292199707e+02 6.4317602539e+02 6.4356201172e+02 6.4378698730e+02 6.4383898926e+02 6.4364300537e+02 6.4339099121e+02 6.4326202393e+02 6.4314599609e+02 6.4301800537e+02 6.4297698975e+02 6.4294702148e+02 6.4294299316e+02 6.4295697021e+02 6.4302502441e+02 6.4308697510e+02 6.4316198730e+02 6.4334197998e+02 6.4332800293e+02 6.4330603027e+02 6.4326202393e+02 6.4324401855e+02 6.4321997070e+02 6.4324401855e+02 6.4327697754e+02 6.4333197021e+02 6.4328198242e+02 6.4326501465e+02 6.4327099609e+02 6.4327001953e+02 6.4323901367e+02 6.4322497559e+02 6.4323101807e+02 6.4325897217e+02 6.4327600098e+02 6.4328198242e+02 6.4327801514e+02 6.4326300049e+02 6.4328302002e+02 6.4329998779e+02 6.4331597900e+02
6.4234698486e+02 6.4236999512e+02 6.4238397217e+02 6.4239099121e+02 6.4238299561e+02 6.4240100098e+02 6.4255798340e+02 6.4285601807e+02 6.4307397461e+02 6.4314599609e+02 6.4300402832e+02 6.4283502197e+02 6.4271801758e+02 6.4261199951e+02 6.4252899170e+02 6.4246997070e+02 6.4244500732e+02 6.4245397949e+02 6.4249401855e+02 6.4254199219e+02 6.4260198975e+02 6.4268103027e+02 6.4279998779e+02 6.4286401367e+02 6.4285302734e+02 6.4282000732e+02 6.4281097412e+02 6.4284399414e+02 6.4287200928e+02 6.4289300537e+02 6.4287701416e+02 6.4283197021e+02 6.4281097412e+02 6.4282098389e+02 6.4282397461e+02 6.4280297852e+02 6.4280297852e+02 6.4282897949e+02 6.4287597656e+02 6.4290399170e+02 6.4291998291e+02 6.4292297363e+02 6.4292602539e+02 6.4296002197e+02 6.4297802734e+02 6.4300201416e+02
6.4196301270e+02 6.4197900391e+02 6.4200201416e+02 6.4198999023e+02 6.4197100830e+02 6.4196099854e+02 6.4201397705e+02 6.4216802979e+02 6.4230798340e+02 6.4237097168e+02 6.4232897949e+02 6.4225097656e+02 6.4217199707e+02 6.4209997559e+02 6.4204699707e+02 6.4200201416e+02 6.4198699951e+02 6.4200299072e+02 6.4204302979e+02 6.4207202148e+02 6.4210601807e+02 6.4215002441e+02 6.4219897461e+02 6.4221801758e+02 6.4221801758e+02 6.4221099854e+02 6.4221600342e+02 6.4222802734e+02 6.4225799561e+02 6.4228601074e+02 6.4228997803e+02 6.4227197266e+02 6.4228002930e+02 6.4232299805e+02 6.4236901855e+02 6.4240399170e+02 6.4244097900e+02 6.4248901367e+02 6.4252502441e+02 6.4255700684e+02 6.4259301758e+02 6.4261199951e+02 6.4261199951e+02 6.4261901855e+02 6.4263598633e+02 6.4267700195e+02
6.4169799805e+02 6.4167199707e+02 6.4166497803e+02 6.4163897705e+02 6.4161602783e+02 6.4159197998e+02 6.4158801270e+02 6.4162701416e+02 6.4168103027e+02 6.4171697998e+02 6.4172399902e+02 6.4170300293e+02 6.4165997314e+02 6.4161901855e+02 6.4159197998e+02 6.4156201172e+02 6.4155499268e+02 6.4157501221e+02 6.4161499023e+02 6.4162097168e+02 6.4162097168e+02 6.4161999512e+02 6.4160101318e+02 6.4157000732e+02 6.4156402588e+02 6.4156597900e+02 6.4156201172e+02 6.4153302002e+02 6.4155499268e+02 6.4158898926e+02 6.4162799072e+02 6.4164898682e+02 6.4169201660e+02 6.4176800537e+02 6.4185998535e+02 6.4196301270e+02 6.4204998779e+02 6.4213299561e+02 6.4217401123e+02 6.4221801758e+02 6.4228100586e+02 6.4232501221e+02 6.4234301758e+02 6.4232800293e+02 6.4233502197e+02 6.4238000488e+02
6.4156896973e+02 6.4150000000e+02 6.4145001221e+02 6.4137902832e+02 6.4133599854e+02 6.4129602051e+02 6.4127301025e+02 6.4125598145e+02 6.4126000977e+02 6.4127001953e+02 6.4125799561e+02 6.4122497559e+02 6.4120300293e+02 6.4119097900e+02 6.4119201660e+02 6.4115997314e+02 6.4115301514e+02 6.4116802979e+02 6.4119201660e+02 6.4120898438e+02 6.4118798828e+02 6.4114099121e+02 6.4107501221e+02 6.4103399658e+02 6.4102801514e+02 6.4102398682e+02 6.4102502441e+02 6.4101000977e+02 6.4098602295e+02 6.4097198486e+02 6.4099298096e+02 6.4104498291e+02 6.4109301758e+02 6.4115802002e+02 6.4122100830e+02 6.4139599609e+02 6.4153900146e+02 6.4167797852e+02 6.4179699707e+02 6.4189398193e+02 6.4199298096e+02 6.4206201172e+02 6.4213201904e+02 6.4209600830e+02 6.4208502197e+02 6.4210699463e+02
6.4153601074e+02 6.4147100830e+02 6.4140600586e+02 6.4133398438e+02 6.4125500488e+02 6.4118597412e+02 6.4113800049e+02 6.4106896973e+02 6.4102197266e+02 6.4099401855e+02 6.4096801758e+02 6.4091900635e+02 6.4086602783e+02 6.4083001709e+02 6.4082000732e+02 6.4079498291e+02 6.4077197266e+02 6.4076397705e+02 6.4076098633e+02 6.4075201416e+02 6.4074597168e+02 6.4072302246e+02 6.4066198730e+02 6.4061700439e+02 6.4060601807e+02 6.4060601807e+02 6.4062200928e+02 6.4066198730e+02 6.4063598633e+02 6.4060998535e+02 6.4062097168e+02 6.4062500000e+02 6.4064501953e+02 6.4068103027e+02 6.4072399902e+02 6.4081896973e+02 6.4095397949e+02 6.4110302734e+02 6.4125000000e+02 6.4140802002e+02 6.4153698730e+02 6.4162200928e+02 6.4166101074e+02 6.4168200684e+02 6.4172998047e+02 6.4177301025e+02
6.4149499512e+02 6.4143499756e+02 6.4136199951e+02 6.4129400635e+02 6.4121997070e+02 6.4116101074e+02 6.4110302734e+02 6.4102502441e+02 6.4095001221e+02 6.4088397217e+02 6.4081896973e+02 6.4075201416e+02 6.4067797852e+02 6.4061297607e+02 6.4057501221e+02 6.4053100586e+02 6.4048498535e+02 6.4044702148e+02 6.4041497803e+02 6.4036602783e+02 6.4034301758e+02 6.4032598877e+02 6.4028698730e+02 6.4024700928e+02 6.4021899414e+02 6.4020397949e+02 6.4021899414e+02 6.4023797607e+02 6.4022900391e+02 6.4022802734e+02 6.4026000977e+02 6.4026599121e+02 6.4025897217e+02 6.4026898193e+02 6.4029699707e+02 6.4034997559e+02 6.4043499756e+02 6.4053399658e+02 6.4063598633e+02 6.4074499512e+02 6.4085101318e+02 6.4094201660e+02 6.4101397705e+02 6.4107501221e+02 6.4118499756e+02 6.4129199219e+02
6.4145898438e+02 6.4140399170e+02 6.4133099365e+02 6.4125500488e+02 6.4118597412e+02 6.4114300537e+02 6.4108599854e+02 6.4102197266e+02 6.4095202637e+02 6.4087799072e+02 6.4079101563e+02 6.4070697021e+02 6.4062799072e+02 6.4055297852e+02 6.4048602295e+02 6.4041900635e+02 6.4035101318e+02 6.4028497314e+02 6.4022900391e+02 6.4015802002e+02 6.4010699463e+02 6.4006597900e+02 6.4001000977e+02 6.3996099854e+02 6.3991699219e+02 6.3988098145e+02 6.3987701416e+02 6.3988800049e+02 6.3988397217e+02 6.3988098145e+02 6.3990002441e+02 6.3990802002e+02 6.3988897705e+02 6.3989001465e+02 6.3994097900e+02 6.3998400879e+02 6.4001098633e+02 6.4003302002e+02 6.4005700684e+02 6.4009997559e+02 6.4016900635e+02 6.4025598145e+02 6.4036199951e+02 6.4044702148e+02 6.4056701660e+02 6.4068902588e+02
6.4144000244e+02 6.4138201904e+02 6.4132702637e+02 6.4122302246e+02 6.4114501953e+02 6.4109802246e+02 6.4104602051e+02 6.4099902344e+02 6.4093798828e+02 6.4087402344e+02 6.4078601074e+02 6.4070202637e+02 6.4062298584e+02 6.4054901123e+02 6.4047601318e+02 6.4040100098e+02 6.4032299805e+02 6.4023901367e+02 6.4016900635e+02 6.4009899902e+02 6.4002099609e+02 6.3994799805e+02 6.3988500977e+02 6.3983398438e+02 6.3977197266e+02 6.3971502686e+02 6.3968701172e+02 6.3965197754e+02 6.3963397217e+02 6.3960198975e+02 6.3956701660e+02 6.3955102539e+02 6.3954498291e+02 6.3955798340e+02 6.3961901855e+02 6.3965502930e+02 6.3965100098e+02 6.3962402344e+02 6.3959698486e+02 6.3960998535e+02 6.3965997314e+02 6.3975299072e+02 6.3988598633e+02 6.3999597168e+02 6.4004400635e+02 6.4006799316e+02
6.4140802002e+02 6.4136901855e+02 6.4132098389e+02 6.4123101807e+02 6.4116497803e+02 6.4109301758e+02 6.4100201416e+02 6.4094598389e+02 6.4088201904e+02 6.4081298828e+02 6.4074102783e+02 6.4066699219e+02 6.4060400391e+02 6.4053399658e+02 6.4045599365e+02 6.4038500977e+02 6.4031298828e+02 6.4023199463e+02 6.4015899658e+02 6.4007202148e+02 6.3996801758e+02 6.3988800049e+02 6.3982800293e+02 6.3977600098e+02 6.3969897461e+02 6.3963598633e+02 6.3959899902e+02 6.3955102539e+02 6.3951000977e+02 6.3946801758e+02 6.3941998291e+02 6.3937298584e+02 6.3933502197e+02 6.3932000732e+02 6.3933801270e+02 6.3931896973e+02 6.3929400635e+02 6.3925299072e+02 6.3920501709e+02 6.3917700195e+02 6.3920001221e+02 6.3930603027e+02 6.3946398926e+02 6.3962200928e+02 6.3967102051e+02 6.3969299316e+02
6.4133099365e+02 6.4131402588e+02 6.4125799561e+02 6.4122802734e+02 6.4116601563e+02 6.4107202148e+02 6.4100402832e+02 6.4093402100e+02 6.4084899902e+02 6.4077099609e+02 6.4070300293e+02 6.4062799072e+02 6.4055603027e+02 6.4048602295e+02 6.4041900635e+02 6.4035601807e+02 6.4029199219e+02 6.4021899414e+02 6.4015197754e+02 6.4006402588e+02 6.3995397949e+02 6.3986602783e+02 6.3979498291e+02 6.3973602295e+02 6.3965301514e+02 6.3959002686e+02 6.3954901123e+02 6.3949200439e+02 6.3944000244e+02 6.3938800049e+02 6.3933197021e+02 6.3929699707e+02 6.3924902344e+02 6.3920397949e+02 6.3917102051e+02 6.3912902832e+02 6.3908300781e+02 6.3902502441e+02 6.3897198486e+02 6.3892498779e+02 6.3890698242e+02 6.3895599365e+02 6.3905902100e+02 6.3916198730e+02 6.3922198486e+02 6.3928900146e+02
6.4108197021e+02 6.4120800781e+02 6.4115899658e+02 6.4118798828e+02 6.4112902832e+02 6.4105700684e+02 6.4099102783e+02 6.4089599609e+02 6.4080999756e+02 6.4074700928e+02 6.4067297363e+02 6.4059899902e+02 6.4052099609e+02 6.4044396973e+02 6.4037200928e+02 6.4030200195e+02 6.4023602295e+02 6.4016101074e+02 6.4008898926e+02 6.4001098633e+02 6.3992401123e+02 6.3985400391e+02 6.3977398682e+02 6.3970300293e+02 6.3963397217e+02 6.3957598877e+02 6.3952899170e+02 6.3947198486e+02 6.3940997314e+02 6.3935101318e+02 6.3929101563e+02 6.3926098633e+02 6.3921600342e+02 6.3915997314e+02 6.3910699463e+02 6.3905700684e+02 6.3900799561e+02 6.3895300293e+02 6.3889898682e+02 6.3885302734e+02 6.3879797363e+02 6.3877099609e+02 6.3877899170e+02 6.3879498291e+02 6.3882202148e+02 6.3888500977e+02
6.4059100342e+02 6.4076202393e+02 6.4087200928e+02 6.4092401123e+02 6.4088500977e+02 6.4085900879e+02 6.4076599121e+02 6.4065997314e+02 6.4064202881e+02 6.4063500977e+02 6.4057299805e+02 6.4051300049e+02 6.4046600342e+02 6.4041601563e+02 6.4032702637e+02 6.4025897217e+02 6.4019702148e+02 6.4010699463e+02 6.4001397705e+02 6.3994702148e+02 6.3987500000e+02 6.3981402588e+02 6.3974401855e+02 6.3967401123e+02 6.3961798096e+02 6.3956201172e+02 6.3950097656e+02 6.3944500732e+02 6.3940399170e+02 6.3935101318e+02 6.3927801514e+02 6.3923498535e+02 6.3918902588e+02 6.3913299561e+02 6.3907598877e+02 6.3900897217e+02 6.3896398926e+02 6.3891601563e+02 6.3886499023e+02 6.3881500244e+02 6.3875500488e+02 6.3870001221e+02 6.3866302490e+02 6.3862500000e+02 6.3860998535e+02 6.3861999512e+02
6.4031097412e+02 6.4027099609e+02 6.4027099609e+02 6.4024499512e+02 6.4027001953e+02 6.4036999512e+02 6.4042102051e+02 6.4041699219e+02 6.4045800781e+02 6.4046002197e+02 6.4039202881e+02 6.4040002441e+02 6.4035101318e+02 6.4026000977e+02 6.4021697998e+02 6.4022497559e+02 6.4016998291e+02 6.4005999756e+02 6.4000402832e+02 6.3997900391e+02 6.3989398193e+02 6.3981298828e+02 6.3973400879e+02 6.3967901611e+02 6.3959899902e+02 6.3952001953e+02 6.3946398926e+02 6.3940399170e+02 6.3934997559e+02 6.3929998779e+02 6.3924798584e+02 6.3921197510e+02 6.3916101074e+02 6.3909997559e+02 6.3903601074e+02 6.3897900391e+02 6.3893402100e+02 6.3886999512e+02 6.3880999756e+02 6.3875402832e+02 6.3868200684e+02 6.3863098145e+02 6.3859100342e+02 6.3853698730e+02 6.3850299072e+02 6.3847198486e+02
6.4003601074e+02 6.4002899170e+02 6.4003302002e+02 6.3998297119e+02 6.3996801758e+02 6.4006896973e+02 6.4013500977e+02 6.4016101074e+02 6.4018402100e+02 6.4021197510e+02 6.4017199707e+02 6.4014599609e+02 6.4010400391e+02 6.4005499268e+02 6.4004699707e+02 6.4004302979e+02 6.3995800781e+02 6.3982299805e+02 6.3982397461e+02 6.3982897949e+02 6.3976300049e+02 6.3970599365e+02 6.3966802979e+02 6.3964099121e+02 6.3958300781e+02 6.3951202393e+02 6.3943200684e+02 6.3938201904e+02 6.3932501221e+02 6.3926501465e+02 6.3920202637e+02 6.3915899658e+02 6.3910302734e+02 6.3904699707e+02 6.3898602295e+02 6.3893902588e+02 6.3890197754e+02 6.3884698486e+02 6.3878497314e+02 6.3873199463e+02 6.3866101074e+02 6.3861102295e+02 6.3855700684e+02 6.3850701904e+02 6.3844799805e+02 6.3838397217e+02
6.3969396973e+02 6.3972100830e+02 6.3976000977e+02 6.3981201172e+02 6.3979699707e+02 6.3979901123e+02 6.3980200195e+02 6.3982897949e+02 6.3982598877e+02 6.3984497070e+02 6.3978601074e+02 6.3972497559e+02 6.3971801758e+02 6.3973498535e+02 6.3971697998e+02 6.3964202881e+02 6.3959100342e+02 6.3952301025e+02 6.3951898193e+02 6.3951098633e+02 6.3948498535e+02 6.3945300293e+02 6.3946600342e+02 6.3947900391e+02 6.3949902344e+02 6.3948999023e+02 6.3940002441e+02 6.3935601807e+02 6.3931597900e+02 6.3925500488e+02 6.3917999268e+02 6.3912500000e+02 6.3905999756e+02 6.3900799561e+02 6.3895397949e+02 6.3890502930e+02 6.3886401367e+02 6.3881500244e+02 6.3875897217e+02 6.3870300293e+02 6.3863702393e+02 6.3859301758e+02 6.3853002930e+02 6.3848199463e+02 6.3842102051e+02 6.3835198975e+02
6.3931799316e+02 6.3932299805e+02 6.3932800293e+02 6.3938598633e+02 6.3942797852e+02 6.3945501709e+02 6.3950701904e+02 6.3946398926e+02 6.3943798828e+02 6.3941900635e+02 6.3934997559e+02 6.3937402344e+02 6.3934899902e+02 6.3931201172e+02 6.3928100586e+02 6.3923199463e+02 6.3926501465e+02 6.3934997559e+02 6.3934899902e+02 6.3935400391e+02 6.3941998291e+02 6.3938098145e+02 6.3933801270e+02 6.3934997559e+02 6.3934100342e+02 6.3932000732e+02 6.3926702881e+02 6.3925402832e+02 6.3921502686e+02 6.3916802979e+02 6.3913201904e+02 6.3907800293e+02 6.3899798584e+02 6.3895800781e+02 6.3893103027e+02 6.3887597656e+02 6.3883197021e+02 6.3878100586e+02 6.3873199463e+02 6.3866900635e+02 6.3858801270e+02 6.3854498291e+02 6.3848400879e+02 6.3843200684e+02 6.3839501953e+02 6.3833001709e+02
6.3881201172e+02 6.3881097412e+02 6.3881402588e+02 6.3883801270e+02 6.3884899902e+02 6.3888500977e+02 6.3892700195e+02 6.3898400879e+02 6.3902099609e+02 6.3904699707e+02 6.3905102539e+02 6.3902001953e+02 6.3898297119e+02 6.3896301270e+02 6.3895697021e+02 6.3892797852e+02 6.3897100830e+02 6.3905798340e+02 6.3903698730e+02 6.3908398438e+02 6.3918902588e+02 6.3920098877e+02 6.3918298340e+02 6.3921197510e+02 6.3917297363e+02 6.3913000488e+02 6.3909997559e+02 6.3908398438e+02 6.3905499268e+02 6.3904199219e+02 6.3903900146e+02 6.3899700928e+02 6.3891302490e+02 6.3886199951e+02 6.3882098389e+02 6.3879498291e+02 6.3877001953e+02 6.3873999023e+02 6.3869000244e+02 6.3864697266e+02 6.3857202148e+02 6.3852398682e+02 6.3846099854e+02 6.3839300537e+02 6.3834301758e+02 6.3828198242e+02
6.3827001953e+02 6.3826702881e+02 6.3826599121e+02 6.3827398682e+02 6.3829302979e+02 6.3836199951e+02 6.3844396973e+02 6.3851898193e+02 6.3853997803e+02 6.3861602783e+02 6.3866601563e+02 6.3864398193e+02 6.3866101074e+02 6.3867498779e+02 6.3865502930e+02 6.3860900879e+02 6.3860900879e+02 6.3868499756e+02 6.3871801758e+02 6.3879797363e+02 6.3888201904e+02 6.3889099121e+02 6.3888397217e+02 6.3890197754e+02 6.3885797119e+02 6.3883197021e+02 6.3883099365e+02 6.3885302734e+02 6.3892700195e+02 6.3894396973e+02 6.3890899658e+02 6.3887902832e+02 6.3881298828e+02 6.3877197266e+02 6.3872802734e+02 6.3869799805e+02 6.3863702393e+02 6.3859698486e+02 6.3859899902e+02 6.3857202148e+02 6.3850897217e+02 6.3847698975e+02 6.3844201660e+02 6.3838000488e+02 6.3831298828e+02 6.3824401855e+02
6.3772998047e+02 6.3772302246e+02 6.3769299316e+02 6.3768103027e+02 6.3774401855e+02 6.3786602783e+02 6.3800299072e+02 6.3800701904e+02 6.3803698730e+02 6.3821099854e+02 6.3826898193e+02 6.3832598877e+02 6.3835101318e+02 6.3834197998e+02 6.3831201172e+02 6.3824401855e+02 6.3818298340e+02 6.3828601074e+02 6.3831799316e+02 6.3838299561e+02 6.3845001221e+02 6.3843200684e+02 6.3844097900e+02 6.3851202393e+02 6.3855200195e+02 6.3854699707e+02 6.3853497314e+02 6.3854901123e+02 6.3865100098e+02 6.3870001221e+02 6.3866601563e+02 6.3869299316e+02 6.3867901611e+02 6.3866198730e+02 6.3864599609e+02 6.3863598633e+02 6.3858898926e+02 6.3854302979e+02 6.3849200439e+02 6.3843298340e+02 6.3837500000e+02 6.3836199951e+02 6.3835699463e+02 6.3830798340e+02 6.3825701904e+02 6.3821197510e+02
