TESTSERVER/9/0.asc
NCOLS 100
NROWS 100
XLLCORNER 7.9497500000e+03
YLLCORNER 2.8995025000e+05
CELLSIZE 5.0000000000e-01
NODATA_VALUE -9.9990000000e+03
[rows 60 to 79 of 100, columns 46 to 91 of 100]
6.5003198242e+02 6.5003997803e+02 6.5003698730e+02 6.5008001709e+02 6.5015002441e+02 6.5018103027e+02 6.5020898438e+02 6.5022302246e+02 6.5021301270e+02 6.5016302490e+02 6.5016699219e+02 6.5022698975e+02 6.5032598877e+02 6.5026202393e+02 6.5029699707e+02 6.5041101074e+02 6.5048101807e+02 6.5048498535e+02 6.5054302979e+02 6.5062799072e+02 6.5063598633e+02 6.5058502197e+02 6.5052899170e+02 6.5052697754e+02 6.5051098633e+02 6.5042602539e+02 6.5041302490e+02 6.5042602539e+02 6.5046502686e+02 6.5047100830e+02 6.5055603027e+02 6.5063397217e+02 6.5057202148e+02 6.5066802979e+02 6.5077099609e+02 6.5077697754e+02 6.5075799561e+02 6.5077899170e+02 6.5083099365e+02 6.5090802002e+02 6.5090698242e+02 6.5102600098e+02 6.5117700195e+02 6.5122497559e+02 6.5120397949e+02 6.5126397705e+02
6.4972900391e+02 6.4971697998e+02 6.4972302246e+02 6.4974902344e+02 6.4977899170e+02 6.4979901123e+02 6.4979302979e+02 6.4979901123e+02 6.4982098389e+02 6.4977600098e+02 6.4976898193e+02 6.4984100342e+02 6.4993499756e+02 6.4991497803e+02 6.4996002197e+02 6.5005798340e+02 6.5010900879e+02 6.5013702393e+02 6.5020501709e+02 6.5024200439e+02 6.5020300293e+02 6.5020397949e+02 6.5020599365e+02 6.5018103027e+02 6.5014398193e+02 6.5012097168e+02 6.5011499023e+02 6.5009497070e+02 6.5014099121e+02 6.5016900635e+02 6.5023602295e+02 6.5031896973e+02 6.5031201172e+02 6.5040197754e+02 6.5047399902e+02 6.5050097656e+02 6.5054101563e+02 6.5053497314e+02 6.5055102539e+02 6.5065802002e+02 6.5070202637e+02 6.5075402832e+02 6.5093200684e+02 6.5103399658e+02 6.5104302979e+02 6.5108398438e+02
6.4940197754e+02 6.4939202881e+02 6.4940002441e+02 6.4942199707e+02 6.4944097900e+02 6.4945300293e+02 6.4942700195e+02 6.4940997314e+02 6.4943298340e+02 6.4940802002e+02 6.4941101074e+02 6.4946600342e+02 6.4951800537e+02 6.4954602051e+02 6.4959802246e+02 6.4969897461e+02 6.4977099609e+02 6.4982202148e+02 6.4985198975e+02 6.4988897705e+02 6.4989501953e+02 6.4987402344e+02 6.4985699463e+02 6.4982598877e+02 6.4978002930e+02 6.4982702637e+02 6.4984497070e+02 6.4980499268e+02 6.4984997559e+02 6.4987298584e+02 6.4989001465e+02 6.4996600342e+02 6.4999401855e+02 6.5006402588e+02 6.5013500977e+02 6.5020300293e+02 6.5025799561e+02 6.5025097656e+02 6.5030603027e+02 6.5045800781e+02 6.5050299072e+02 6.5048498535e+02 6.5063897705e+02 6.5080102539e+02 6.5084698486e+02 6.5087799072e+02
6.4910400391e+02 6.4910601807e+02 6.4910198975e+02 6.4909698486e+02 6.4910101318e+02 6.4913702393e+02 6.4914099121e+02 6.4910699463e+02 6.4907397461e+02 6.4906402588e+02 6.4910101318e+02 6.4917297363e+02 6.4920397949e+02 6.4924298096e+02 6.4928497314e+02 6.4940100098e+02 6.4949401855e+02 6.4953302002e+02 6.4953399658e+02 6.4959002686e+02 6.4963397217e+02 6.4957098389e+02 6.4951702881e+02 6.4948297119e+02 6.4942901611e+02 6.4951098633e+02 6.4956298828e+02 6.4956500244e+02 6.4961999512e+02 6.4958502197e+02 6.4951599121e+02 6.4956298828e+02 6.4962799072e+02 6.4970501709e+02 6.4977398682e+02 6.4985198975e+02 6.4988397217e+02 6.4987597656e+02 6.4992999268e+02 6.5005102539e+02 6.5011401367e+02 6.5014300537e+02 6.5027801514e+02 6.5046099854e+02 6.5056701660e+02 6.5063702393e+02
6.4877001953e+02 6.4878100586e+02 6.4878997803e+02 6.4876501465e+02 6.4874200439e+02 6.4877301025e+02 6.4879302979e+02 6.4875097656e+02 6.4871099854e+02 6.4877502441e+02 6.4882897949e+02 6.4887500000e+02 6.4890002441e+02 6.4893402100e+02 6.4899597168e+02 6.4912200928e+02 6.4919299316e+02 6.4917498779e+02 6.4917999268e+02 6.4922998047e+02 6.4924902344e+02 6.4918200684e+02 6.4914398193e+02 6.4913201904e+02 6.4908001709e+02 6.4917199707e+02 6.4923602295e+02 6.4926599121e+02 6.4934600830e+02 6.4929199219e+02 6.4919799805e+02 6.4924700928e+02 6.4930798340e+02 6.4933001709e+02 6.4937500000e+02 6.4943902588e+02 6.4945898438e+02 6.4947601318e+02 6.4953198242e+02 6.4963201904e+02 6.4974700928e+02 6.4983398438e+02 6.4997998047e+02 6.5015301514e+02 6.5025201416e+02 6.5036499023e+02
6.4847198486e+02 6.4850097656e+02 6.4850701904e+02 6.4844396973e+02 6.4844702148e+02 6.4846398926e+02 6.4843103027e+02 6.4836700439e+02 6.4834399414e+02 6.4840399170e+02 6.4846502686e+02 6.4851501465e+02 6.4854699707e+02 6.4863000488e+02 6.4870898438e+02 6.4879101563e+02 6.4880102539e+02 6.4881402588e+02 6.4886401367e+02 6.4887097168e+02 6.4884600830e+02 6.4884002686e+02 6.4880798340e+02 6.4880297852e+02 6.4879797363e+02 6.4886999512e+02 6.4892999268e+02 6.4890802002e+02 6.4888500977e+02 6.4886102295e+02 6.4885498047e+02 6.4894799805e+02 6.4897900391e+02 6.4899298096e+02 6.4906799316e+02 6.4913201904e+02 6.4913000488e+02 6.4911401367e+02 6.4920202637e+02 6.4932598877e+02 6.4946197510e+02 6.4959197998e+02 6.4972100830e+02 6.4990100098e+02 6.5003601074e+02 6.5016302490e+02
6.4822802734e+02 6.4822698975e+02 6.4819598389e+02 6.4812097168e+02 6.4813201904e+02 6.4815100098e+02 6.4811700439e+02 6.4808801270e+02 6.4807501221e+02 6.4804400635e+02 6.4806500244e+02 6.4813201904e+02 6.4817999268e+02 6.4826800537e+02 6.4831701660e+02 6.4838098145e+02 6.4842102051e+02 6.4848901367e+02 6.4855102539e+02 6.4853601074e+02 6.4850299072e+02 6.4854797363e+02 6.4851800537e+02 6.4850201416e+02 6.4849298096e+02 6.4850897217e+02 6.4853601074e+02 6.4853002930e+02 6.4850500488e+02 6.4850799561e+02 6.4855603027e+02 6.4863702393e+02 6.4866101074e+02 6.4869500732e+02 6.4879602051e+02 6.4887402344e+02 6.4888702393e+02 6.4888201904e+02 6.4892297363e+02 6.4898101807e+02 6.4909197998e+02 6.4927600098e+02 6.4942498779e+02 6.4961297607e+02 6.4975897217e+02 6.4990197754e+02
6.4792102051e+02 6.4787902832e+02 6.4782800293e+02 6.4778302002e+02 6.4780700684e+02 6.4781597900e+02 6.4778802490e+02 6.4779797363e+02 6.4781701660e+02 6.4776300049e+02 6.4776702881e+02 6.4782098389e+02 6.4783398438e+02 6.4788000488e+02 6.4791900635e+02 6.4798901367e+02 6.4804901123e+02 6.4812298584e+02 6.4818103027e+02 6.4818597412e+02 6.4818402100e+02 6.4819396973e+02 6.4819000244e+02 6.4819299316e+02 6.4815100098e+02 6.4815100098e+02 6.4817102051e+02 6.4821997070e+02 6.4825402832e+02 6.4826098633e+02 6.4833898926e+02 6.4840698242e+02 6.4842999268e+02 6.4844702148e+02 6.4847802734e+02 6.4852697754e+02 6.4856097412e+02 6.4859002686e+02 6.4862402344e+02 6.4866101074e+02 6.4876300049e+02 6.4895697021e+02 6.4913702393e+02 6.4935900879e+02 6.4949798584e+02 6.4965399170e+02
6.4764398193e+02 6.4760601807e+02 6.4754101563e+02 6.4750402832e+02 6.4750402832e+02 6.4748400879e+02 6.4745697021e+02 6.4746502686e+02 6.4746997070e+02 6.4746398926e+02 6.4750201416e+02 6.4751800537e+02 6.4752099609e+02 6.4756298828e+02 6.4764898682e+02 6.4773797607e+02 6.4774499512e+02 6.4771502686e+02 6.4776000977e+02 6.4783099365e+02 6.4786602783e+02 6.4782702637e+02 6.4783398438e+02 6.4786798096e+02 6.4784399414e+02 6.4788500977e+02 6.4790802002e+02 6.4796197510e+02 6.4798297119e+02 6.4794702148e+02 6.4801397705e+02 6.4806500244e+02 6.4806298828e+02 6.4813201904e+02 6.4815802002e+02 6.4821600342e+02 6.4828399658e+02 6.4832000732e+02 6.4835101318e+02 6.4840399170e+02 6.4852600098e+02 6.4866601563e+02 6.4880902100e+02 6.4905798340e+02 6.4927099609e+02 6.4943597412e+02
6.4730499268e+02 6.4725897217e+02 6.4721997070e+02 6.4719097900e+02 6.4717999268e+02 6.4718200684e+02 6.4718200684e+02 6.4717700195e+02 6.4716497803e+02 6.4712597656e+02 6.4715502930e+02 6.4717297363e+02 6.4725201416e+02 6.4733697510e+02 6.4740698242e+02 6.4742797852e+02 6.4742199707e+02 6.4739099121e+02 6.4739898682e+02 6.4747302246e+02 6.4747900391e+02 6.4745697021e+02 6.4750799561e+02 6.4754797363e+02 6.4755200195e+02 6.4758300781e+02 6.4759698486e+02 6.4764599609e+02 6.4767199707e+02 6.4764202881e+02 6.4771502686e+02 6.4778002930e+02 6.4783502197e+02 6.4786700439e+02 6.4789398193e+02 6.4792901611e+02 6.4797802734e+02 6.4804101563e+02 6.4803900146e+02 6.4811602783e+02 6.4827001953e+02 6.4841601563e+02 6.4852301025e+02 6.4878601074e+02 6.4906097412e+02 6.4927099609e+02
6.4693902588e+02 6.4693701172e+02 6.4694000244e+02 6.4690399170e+02 6.4685400391e+02 6.4686602783e+02 6.4689300537e+02 6.4689398193e+02 6.4686499023e+02 6.4683599854e+02 6.4684899902e+02 6.4686401367e+02 6.4692498779e+02 6.4698101807e+02 6.4702600098e+02 6.4703900146e+02 6.4708599854e+02 6.4709197998e+02 6.4708502197e+02 6.4709002686e+02 6.4704302979e+02 6.4703302002e+02 6.4710198975e+02 6.4718798828e+02 6.4723999023e+02 6.4729400635e+02 6.4731799316e+02 6.4734399414e+02 6.4736700439e+02 6.4738000488e+02 6.4744799805e+02 6.4750500488e+02 6.4758801270e+02 6.4762701416e+02 6.4765502930e+02 6.4769299316e+02 6.4771301270e+02 6.4775402832e+02 6.4777301025e+02 6.4785101318e+02 6.4798999023e+02 6.4817199707e+02 6.4831799316e+02 6.4859197998e+02 6.4885601807e+02 6.4908898926e+02
6.4657000732e+02 6.4660400391e+02 6.4660302734e+02 6.4657299805e+02 6.4654302979e+02 6.4653698730e+02 6.4655499268e+02 6.4657202148e+02 6.4657098389e+02 6.4657202148e+02 6.4656701660e+02 6.4655401611e+02 6.4659600830e+02 6.4660498047e+02 6.4664599609e+02 6.4670800781e+02 6.4676300049e+02 6.4678497314e+02 6.4677398682e+02 6.4673699951e+02 6.4668701172e+02 6.4665997314e+02 6.4670599365e+02 6.4682800293e+02 6.4691497803e+02 6.4698297119e+02 6.4700299072e+02 6.4700000000e+02 6.4702502441e+02 6.4709197998e+02 6.4717700195e+02 6.4722698975e+02 6.4723498535e+02 6.4723999023e+02 6.4729998779e+02 6.4739300537e+02 6.4747900391e+02 6.4757299805e+02 6.4761499023e+02 6.4765997314e+02 6.4773199463e+02 6.4791802979e+02 6.4808502197e+02 6.4832000732e+02 6.4855102539e+02 6.4882202148e+02
6.4625701904e+02 6.4628198242e+02 6.4623297119e+02 6.4620300293e+02 6.4619500732e+02 6.4618402100e+02 6.4615698242e+02 6.4620001221e+02 6.4630999756e+02 6.4630700684e+02 6.4630499268e+02 6.4631402588e+02 6.4635400391e+02 6.4636102295e+02 6.4638000488e+02 6.4639898682e+02 6.4638201904e+02 6.4642297363e+02 6.4640997314e+02 6.4637298584e+02 6.4635400391e+02 6.4636102295e+02 6.4641900635e+02 6.4650598145e+02 6.4654901123e+02 6.4662799072e+02 6.4667102051e+02 6.4670300293e+02 6.4674499512e+02 6.4676300049e+02 6.4680999756e+02 6.4684899902e+02 6.4682397461e+02 6.4689599609e+02 6.4704199219e+02 6.4712200928e+02 6.4717102051e+02 6.4734497070e+02 6.4745599365e+02 6.4753002930e+02 6.4757299805e+02 6.4766998291e+02 6.4779998779e+02 6.4797100830e+02 6.4817797852e+02 6.4849798584e+02
6.4590002441e+02 6.4594000244e+02 6.4592102051e+02 6.4587402344e+02 6.4586297607e+02 6.4586499023e+02 6.4585900879e+02 6.4591900635e+02 6.4602398682e+02 6.4606201172e+02 6.4607897949e+02 6.4606201172e+02 6.4602899170e+02 6.4603302002e+02 6.4605700684e+02 6.4606097412e+02 6.4604101563e+02 6.4605401611e+02 6.4603997803e+02 6.4601800537e+02 6.4604302979e+02 6.4610998535e+02 6.4616998291e+02 6.4619299316e+02 6.4623999023e+02 6.4629998779e+02 6.4632397461e+02 6.4640197754e+02 6.4646697998e+02 6.4644799805e+02 6.4644299316e+02 6.4650097656e+02 6.4653198242e+02 6.4661901855e+02 6.4675000000e+02 6.4681701660e+02 6.4689398193e+02 6.4701800537e+02 6.4712701416e+02 6.4726300049e+02 6.4732897949e+02 6.4741601563e+02 6.4756298828e+02 6.4777099609e+02 6.4797900391e+02 6.4823901367e+02
6.4553497314e+02 6.4559600830e+02 6.4563500977e+02 6.4558197021e+02 6.4554199219e+02 6.4558001709e+02 6.4559899902e+02 6.4563000488e+02 6.4567297363e+02 6.4571301270e+02 6.4574401855e+02 6.4575897217e+02 6.4573498535e+02 6.4570397949e+02 6.4572198486e+02 6.4571697998e+02 6.4569799805e+02 6.4570098877e+02 6.4569299316e+02 6.4568798828e+02 6.4572698975e+02 6.4579602051e+02 6.4583502197e+02 6.4584301758e+02 6.4587097168e+02 6.4590301514e+02 6.4595697021e+02 6.4607501221e+02 6.4613201904e+02 6.4613500977e+02 6.4617901611e+02 6.4625897217e+02 6.4625701904e+02 6.4626501465e+02 6.4632098389e+02 6.4641601563e+02 6.4657000732e+02 6.4670898438e+02 6.4680102539e+02 6.4692297363e+02 6.4704302979e+02 6.4716601563e+02 6.4731799316e+02 6.4753601074e+02 6.4771398926e+02 6.4794000244e+02
6.4515002441e+02 6.4521002197e+02 6.4527697754e+02 6.4523999023e+02 6.4519201660e+02 6.4526800537e+02 6.4530200195e+02 6.4531201172e+02 6.4533398438e+02 6.4535699463e+02 6.4537701416e+02 6.4542199707e+02 6.4544396973e+02 6.4542401123e+02 6.4544201660e+02 6.4540600586e+02 6.4539202881e+02 6.4540997314e+02 6.4540600586e+02 6.4540502930e+02 6.4542999268e+02 6.4542797852e+02 6.4546398926e+02 6.4551300049e+02 6.4555297852e+02 6.4564398193e+02 6.4569702148e+02 6.4576702881e+02 6.4576702881e+02 6.4579101563e+02 6.4586199951e+02 6.4594396973e+02 6.4596301270e+02 6.4597698975e+02 6.4605200195e+02 6.4616497803e+02 6.4627099609e+02 6.4643298340e+02 6.4654998779e+02 6.4665600586e+02 6.4678002930e+02 6.4694000244e+02 6.4708001709e+02 6.4722198486e+02 6.4737500000e+02 6.4759600830e+02
6.4481097412e+02 6.4481402588e+02 6.4483197021e+02 6.4482598877e+02 6.4482702637e+02 6.4486199951e+02 6.4488800049e+02 6.4492602539e+02 6.4499700928e+02 6.4499902344e+02 6.4500799561e+02 6.4507098389e+02 6.4511199951e+02 6.4513800049e+02 6.4517999268e+02 6.4516699219e+02 6.4517498779e+02 6.4520098877e+02 6.4517797852e+02 6.4513800049e+02 6.4514801025e+02 6.4515399170e+02 6.4518402100e+02 6.4520202637e+02 6.4515899658e+02 6.4521600342e+02 6.4522998047e+02 6.4528198242e+02 6.4540698242e+02 6.4545697021e+02 6.4550097656e+02 6.4558099365e+02 6.4566900635e+02 6.4571398926e+02 6.4580902100e+02 6.4591198730e+02 6.4598297119e+02 6.4615502930e+02 6.4630999756e+02 6.4645300293e+02 6.4658801270e+02 6.4674597168e+02 6.4688800049e+02 6.4698797607e+02 6.4716101074e+02 6.4736602783e+02
6.4445397949e+02 6.4445501709e+02 6.4445800781e+02 6.4448797607e+02 6.4452001953e+02 6.4451599121e+02 6.4451800537e+02 6.4455700684e+02 6.4463897705e+02 6.4467602539e+02 6.4470697021e+02 6.4476898193e+02 6.4479901123e+02 6.4483398438e+02 6.4488500977e+02 6.4487402344e+02 6.4485699463e+02 6.4488000488e+02 6.4489300537e+02 6.4487701416e+02 6.4488299561e+02 6.4491302490e+02 6.4488800049e+02 6.4484698486e+02 6.4479797363e+02 6.4468902588e+02 6.4468402100e+02 6.4481597900e+02 6.4500897217e+02 6.4511700439e+02 6.4519299316e+02 6.4529901123e+02 6.4537701416e+02 6.4550402832e+02 6.4559497070e+02 6.4566101074e+02 6.4579998779e+02 6.4594299316e+02 6.4608398438e+02 6.4623999023e+02 6.4641900635e+02 6.4658697510e+02 6.4671899414e+02 6.4685699463e+02 6.4701000977e+02 6.4718499756e+02
6.4407598877e+02 6.4414300537e+02 6.4416400146e+02 6.4416400146e+02 6.4416998291e+02 6.4417297363e+02 6.4420300293e+02 6.4427600098e+02 6.4436901855e+02 6.4438800049e+02 6.4438397217e+02 6.4441699219e+02 6.4449700928e+02 6.4458697510e+02 6.4463500977e+02 6.4461700439e+02 6.4457598877e+02 6.4455297852e+02 6.4458099365e+02 6.4461102295e+02 6.4461199951e+02 6.4461297607e+02 6.4453100586e+02 6.4442901611e+02 6.4434301758e+02 6.4422998047e+02 6.4424902344e+02 6.4434399414e+02 6.4450500488e+02 6.4466302490e+02 6.4482397461e+02 6.4500598145e+02 6.4511901855e+02 6.4528601074e+02 6.4538500977e+02 6.4549798584e+02 6.4568200684e+02 6.4575701904e+02 6.4586499023e+02 6.4600000000e+02 6.4616198730e+02 6.4634399414e+02 6.4649102783e+02 6.4664801025e+02 6.4678802490e+02 6.4691497803e+02
6.4370001221e+02 6.4379901123e+02 6.4385998535e+02 6.4384899902e+02 6.4382202148e+02 6.4383898926e+02 6.4388397217e+02 6.4396502686e+02 6.4403997803e+02 6.4403302002e+02 6.4404498291e+02 6.4409698486e+02 6.4418798828e+02 6.4430297852e+02 6.4434497070e+02 6.4433398438e+02 6.4430902100e+02 6.4423101807e+02 6.4422900391e+02 6.4426501465e+02 6.4424200439e+02 6.4417797852e+02 6.4409197998e+02 6.4399298096e+02 6.4386297607e+02 6.4389398193e+02 6.4400500488e+02 6.4399902344e+02 6.4401501465e+02 6.4417797852e+02 6.4439398193e+02 6.4465301514e+02 6.4483099365e+02 6.4500201416e+02 6.4515100098e+02 6.4527001953e+02 6.4540399170e+02 6.4552502441e+02 6.4565698242e+02 6.4576501465e+02 6.4589099121e+02 6.4610797119e+02 6.4626098633e+02 6.4641302490e+02 6.4657299805e+02 6.4663897705e+02
