TESTSERVER/9/1.asc
NCOLS 100
NROWS 100
XLLCORNER 7.9497500000e+03
YLLCORNER 2.8990025000e+05
CELLSIZE 5.0000000000e-01
NODATA_VALUE -9.9990000000e+03
[rows 0 to 19 of 100, columns 46 to 91 of 100]
6.3810498047e+02 6.3804699707e+02 6.3799499512e+02 6.3794799805e+02 6.3794702148e+02 6.3785601807e+02 6.3779699707e+02 6.3773901367e+02 6.3768200684e+02 6.3762200928e+02 6.3759399414e+02 6.3754699707e+02 6.3748297119e+02 6.3745098877e+02 6.3740301514e+02 6.3735498047e+02 6.3729602051e+02 6.3726599121e+02 6.3722900391e+02 6.3717999268e+02 6.3712597656e+02 6.3708599854e+02 6.3705603027e+02 6.3704199219e+02 6.3699798584e+02 6.3715899658e+02 6.3732598877e+02 6.3754901123e+02 6.3782598877e+02 6.3804998779e+02 6.3813500977e+02 6.3816497803e+02 6.3825701904e+02 6.3834399414e+02 6.3836999512e+02 6.3846801758e+02 6.3864697266e+02 6.3879400635e+02 6.3895397949e+02 6.3915802002e+02 6.3942999268e+02 6.3985400391e+02 6.4025897217e+02 6.4064202881e+02 6.4097998047e+02 6.4136999512e+02
6.3798797607e+02 6.3797399902e+02 6.3794201660e+02 6.3789398193e+02 6.3786700439e+02 6.3783398438e+02 6.3779199219e+02 6.3772100830e+02 6.3766101074e+02 6.3759802246e+02 6.3754901123e+02 6.3749499512e+02 6.3744396973e+02 6.3741101074e+02 6.3736798096e+02 6.3732702637e+02 6.3726800537e+02 6.3722998047e+02 6.3718597412e+02 6.3712200928e+02 6.3706402588e+02 6.3702600098e+02 6.3699298096e+02 6.3696502686e+02 6.3692401123e+02 6.3690502930e+02 6.3688201904e+02 6.3693902588e+02 6.3727600098e+02 6.3755798340e+02 6.3768597412e+02 6.3782702637e+02 6.3796600342e+02 6.3802398682e+02 6.3807299805e+02 6.3821899414e+02 6.3844000244e+02 6.3859100342e+02 6.3875402832e+02 6.3896197510e+02 6.3923498535e+02 6.3961602783e+02 6.3999902344e+02 6.4035400391e+02 6.4066900635e+02 6.4105401611e+02
6.3778002930e+02 6.3782202148e+02 6.3783599854e+02 6.3782702637e+02 6.3778302002e+02 6.3775500488e+02 6.3772100830e+02 6.3766998291e+02 6.3762902832e+02 6.3758001709e+02 6.3753100586e+02 6.3746502686e+02 6.3740802002e+02 6.3736999512e+02 6.3731298828e+02 6.3727600098e+02 6.3723999023e+02 6.3720098877e+02 6.3716302490e+02 6.3709698486e+02 6.3702899170e+02 6.3698901367e+02 6.3695098877e+02 6.3691198730e+02 6.3687200928e+02 6.3684197998e+02 6.3680499268e+02 6.3677801514e+02 6.3690997314e+02 6.3705401611e+02 6.3723999023e+02 6.3751702881e+02 6.3771697998e+02 6.3775598145e+02 6.3777099609e+02 6.3789001465e+02 6.3813397217e+02 6.3831201172e+02 6.3847601318e+02 6.3869299316e+02 6.3898797607e+02 6.3929199219e+02 6.3960101318e+02 6.4000000000e+02 6.4041699219e+02 6.4085101318e+02
6.3751702881e+02 6.3751898193e+02 6.3754101563e+02 6.3759497070e+02 6.3765197754e+02 6.3766497803e+02 6.3763000488e+02 6.3758697510e+02 6.3756896973e+02 6.3754400635e+02 6.3750897217e+02 6.3745300293e+02 6.3739001465e+02 6.3734301758e+02 6.3727801514e+02 6.3723101807e+02 6.3718499756e+02 6.3714202881e+02 6.3711999512e+02 6.3707000732e+02 6.3700500488e+02 6.3696099854e+02 6.3691601563e+02 6.3686700439e+02 6.3682098389e+02 6.3678399658e+02 6.3677197266e+02 6.3674499512e+02 6.3675598145e+02 6.3677001953e+02 6.3690301514e+02 6.3716101074e+02 6.3732702637e+02 6.3735699463e+02 6.3739001465e+02 6.3750897217e+02 6.3776202393e+02 6.3798797607e+02 6.3816497803e+02 6.3837500000e+02 6.3867602539e+02 6.3898498535e+02 6.3923797607e+02 6.3963397217e+02 6.4016802979e+02 6.4076397705e+02
6.3733502197e+02 6.3727197266e+02 6.3724597168e+02 6.3727301025e+02 6.3734997559e+02 6.3743103027e+02 6.3744097900e+02 6.3744201660e+02 6.3743902588e+02 6.3744299316e+02 6.3742700195e+02 6.3740600586e+02 6.3734399414e+02 6.3729199219e+02 6.3725299072e+02 6.3721099854e+02 6.3716302490e+02 6.3710198975e+02 6.3706597900e+02 6.3702801514e+02 6.3696697998e+02 6.3693499756e+02 6.3689300537e+02 6.3684600830e+02 6.3678997803e+02 6.3674700928e+02 6.3670697021e+02 6.3667797852e+02 6.3665899658e+02 6.3666699219e+02 6.3670599365e+02 6.3680798340e+02 6.3691601563e+02 6.3700299072e+02 6.3709100342e+02 6.3721099854e+02 6.3740399170e+02 6.3768499756e+02 6.3789001465e+02 6.3808599854e+02 6.3835998535e+02 6.3872698975e+02 6.3904998779e+02 6.3943103027e+02 6.3993701172e+02 6.4041802979e+02
6.3706896973e+02 6.3705798340e+02 6.3707299805e+02 6.3709197998e+02 6.3714697266e+02 6.3718402100e+02 6.3716802979e+02 6.3722198486e+02 6.3728601074e+02 6.3728900146e+02 6.3727398682e+02 6.3726501465e+02 6.3727502441e+02 6.3721899414e+02 6.3716900635e+02 6.3714501953e+02 6.3711999512e+02 6.3706597900e+02 6.3702001953e+02 6.3698101807e+02 6.3692602539e+02 6.3689202881e+02 6.3685498047e+02 6.3681298828e+02 6.3676501465e+02 6.3671697998e+02 6.3666497803e+02 6.3663201904e+02 6.3659698486e+02 6.3658599854e+02 6.3658197021e+02 6.3658801270e+02 6.3669299316e+02 6.3676202393e+02 6.3684497070e+02 6.3698297119e+02 6.3713201904e+02 6.3734997559e+02 6.3758502197e+02 6.3786499023e+02 6.3813500977e+02 6.3843298340e+02 6.3885400391e+02 6.3929602051e+02 6.3971398926e+02 6.4003002930e+02
6.3673901367e+02 6.3681298828e+02 6.3685498047e+02 6.3684399414e+02 6.3684301758e+02 6.3684002686e+02 6.3685699463e+02 6.3695501709e+02 6.3704901123e+02 6.3707202148e+02 6.3709002686e+02 6.3712402344e+02 6.3718200684e+02 6.3718200684e+02 6.3715100098e+02 6.3710198975e+02 6.3705798340e+02 6.3701898193e+02 6.3698999023e+02 6.3694702148e+02 6.3689398193e+02 6.3685198975e+02 6.3680700684e+02 6.3676898193e+02 6.3673101807e+02 6.3669500732e+02 6.3664202881e+02 6.3659600830e+02 6.3654998779e+02 6.3653698730e+02 6.3652502441e+02 6.3650299072e+02 6.3655798340e+02 6.3657397461e+02 6.3660900879e+02 6.3673400879e+02 6.3687701416e+02 6.3704400635e+02 6.3727301025e+02 6.3759997559e+02 6.3794299316e+02 6.3827197266e+02 6.3870098877e+02 6.3912097168e+02 6.3956896973e+02 6.3982897949e+02
6.3631896973e+02 6.3644097900e+02 6.3649499512e+02 6.3648400879e+02 6.3648297119e+02 6.3649499512e+02 6.3656896973e+02 6.3667498779e+02 6.3676397705e+02 6.3680999756e+02 6.3686798096e+02 6.3694799805e+02 6.3700000000e+02 6.3706402588e+02 6.3711199951e+02 6.3706701660e+02 6.3701898193e+02 6.3699597168e+02 6.3696600342e+02 6.3691198730e+02 6.3686102295e+02 6.3681298828e+02 6.3676898193e+02 6.3672302246e+02 6.3667297363e+02 6.3664202881e+02 6.3659802246e+02 6.3655297852e+02 6.3651599121e+02 6.3648699951e+02 6.3646801758e+02 6.3644598389e+02 6.3646002197e+02 6.3647198486e+02 6.3646600342e+02 6.3653002930e+02 6.3665802002e+02 6.3686297607e+02 6.3707299805e+02 6.3736798096e+02 6.3772900391e+02 6.3814801025e+02 6.3854797363e+02 6.3892999268e+02 6.3933398438e+02 6.3960699463e+02
6.3585797119e+02 6.3593200684e+02 6.3596600342e+02 6.3604302979e+02 6.3615698242e+02 6.3622802734e+02 6.3630902100e+02 6.3640197754e+02 6.3651397705e+02 6.3656799316e+02 6.3660699463e+02 6.3666601563e+02 6.3675897217e+02 6.3678100586e+02 6.3683001709e+02 6.3687799072e+02 6.3692297363e+02 6.3694000244e+02 6.3693798828e+02 6.3689898682e+02 6.3684497070e+02 6.3678601074e+02 6.3673901367e+02 6.3669097900e+02 6.3663098145e+02 6.3658398438e+02 6.3653399658e+02 6.3649597168e+02 6.3647998047e+02 6.3643902588e+02 6.3641601563e+02 6.3638897705e+02 6.3637701416e+02 6.3639099121e+02 6.3640301514e+02 6.3642797852e+02 6.3647497559e+02 6.3675402832e+02 6.3697198486e+02 6.3719799805e+02 6.3749902344e+02 6.3790002441e+02 6.3827801514e+02 6.3871301270e+02 6.3908099365e+02 6.3939202881e+02
6.3529199219e+02 6.3533398438e+02 6.3545202637e+02 6.3563598633e+02 6.3582397461e+02 6.3597399902e+02 6.3606500244e+02 6.3614398193e+02 6.3622802734e+02 6.3631597900e+02 6.3635797119e+02 6.3638299561e+02 6.3647900391e+02 6.3652001953e+02 6.3657702637e+02 6.3665197754e+02 6.3667602539e+02 6.3673199463e+02 6.3678198242e+02 6.3680902100e+02 6.3681896973e+02 6.3674499512e+02 6.3669598389e+02 6.3664099121e+02 6.3657501221e+02 6.3653002930e+02 6.3648699951e+02 6.3644799805e+02 6.3641699219e+02 6.3640100098e+02 6.3637701416e+02 6.3634301758e+02 6.3633001709e+02 6.3632702637e+02 6.3632098389e+02 6.3632501221e+02 6.3635699463e+02 6.3658599854e+02 6.3682702637e+02 6.3704797363e+02 6.3732897949e+02 6.3767297363e+02 6.3803399658e+02 6.3848199463e+02 6.3890100098e+02 6.3923498535e+02
6.3484802246e+02 6.3496197510e+02 6.3518298340e+02 6.3538897705e+02 6.3554797363e+02 6.3569396973e+02 6.3579302979e+02 6.3587402344e+02 6.3595898438e+02 6.3603900146e+02 6.3609802246e+02 6.3616497803e+02 6.3625299072e+02 6.3631298828e+02 6.3637597656e+02 6.3643902588e+02 6.3646600342e+02 6.3651000977e+02 6.3656097412e+02 6.3664099121e+02 6.3674499512e+02 6.3668103027e+02 6.3664300537e+02 6.3660601807e+02 6.3655297852e+02 6.3649298096e+02 6.3645501709e+02 6.3641802979e+02 6.3636798096e+02 6.3634899902e+02 6.3631896973e+02 6.3627899170e+02 6.3625598145e+02 6.3626898193e+02 6.3626300049e+02 6.3624902344e+02 6.3625701904e+02 6.3636401367e+02 6.3657501221e+02 6.3681701660e+02 6.3709698486e+02 6.3743902588e+02 6.3783599854e+02 6.3825701904e+02 6.3871899414e+02 6.3900097656e+02
6.3453399658e+02 6.3463598633e+02 6.3484698486e+02 6.3506402588e+02 6.3527697754e+02 6.3537597656e+02 6.3546697998e+02 6.3558099365e+02 6.3571600342e+02 6.3583398438e+02 6.3596801758e+02 6.3607000732e+02 6.3608801270e+02 6.3613397217e+02 6.3619702148e+02 6.3626098633e+02 6.3631896973e+02 6.3637200928e+02 6.3640399170e+02 6.3646099854e+02 6.3655700684e+02 6.3656500244e+02 6.3656597900e+02 6.3655200195e+02 6.3653399658e+02 6.3646801758e+02 6.3641400146e+02 6.3637097168e+02 6.3632897949e+02 6.3630200195e+02 6.3626898193e+02 6.3623797607e+02 6.3621002197e+02 6.3621002197e+02 6.3618798828e+02 6.3616400146e+02 6.3615802002e+02 6.3618798828e+02 6.3635601807e+02 6.3660601807e+02 6.3688702393e+02 6.3727502441e+02 6.3768103027e+02 6.3799499512e+02 6.3841198730e+02 6.3876898193e+02
6.3423400879e+02 6.3423297119e+02 6.3438397217e+02 6.3465600586e+02 6.3493103027e+02 6.3500402832e+02 6.3510400391e+02 6.3526599121e+02 6.3542102051e+02 6.3559399414e+02 6.3583898926e+02 6.3595501709e+02 6.3594000244e+02 6.3596899414e+02 6.3601599121e+02 6.3607202148e+02 6.3615502930e+02 6.3624401855e+02 6.3627899170e+02 6.3629400635e+02 6.3632800293e+02 6.3638098145e+02 6.3642602539e+02 6.3644799805e+02 6.3647399902e+02 6.3643902588e+02 6.3637902832e+02 6.3631896973e+02 6.3629302979e+02 6.3625799561e+02 6.3622698975e+02 6.3619897461e+02 6.3618499756e+02 6.3615698242e+02 6.3612597656e+02 6.3611297607e+02 6.3610601807e+02 6.3611499023e+02 6.3623797607e+02 6.3645898438e+02 6.3671301270e+02 6.3716101074e+02 6.3755798340e+02 6.3782202148e+02 6.3809100342e+02 6.3852301025e+02
6.3398901367e+02 6.3398400879e+02 6.3407202148e+02 6.3425701904e+02 6.3442602539e+02 6.3456799316e+02 6.3475000000e+02 6.3495300293e+02 6.3505102539e+02 6.3519201660e+02 6.3546197510e+02 6.3565802002e+02 6.3572198486e+02 6.3576800537e+02 6.3585601807e+02 6.3591998291e+02 6.3595800781e+02 6.3603002930e+02 6.3608502197e+02 6.3612500000e+02 6.3619500732e+02 6.3626800537e+02 6.3632598877e+02 6.3636499023e+02 6.3639300537e+02 6.3637597656e+02 6.3633398438e+02 6.3628802490e+02 6.3625897217e+02 6.3619598389e+02 6.3614898682e+02 6.3612200928e+02 6.3612200928e+02 6.3611199951e+02 6.3608502197e+02 6.3605999756e+02 6.3605798340e+02 6.3606500244e+02 6.3616198730e+02 6.3635101318e+02 6.3656701660e+02 6.3696002197e+02 6.3727301025e+02 6.3760601807e+02 6.3789898682e+02 6.3829602051e+02
6.3374700928e+02 6.3374499512e+02 6.3376702881e+02 6.3389001465e+02 6.3405603027e+02 6.3422900391e+02 6.3436401367e+02 6.3454498291e+02 6.3473699951e+02 6.3491802979e+02 6.3513000488e+02 6.3530297852e+02 6.3540301514e+02 6.3546801758e+02 6.3562097168e+02 6.3575799561e+02 6.3583502197e+02 6.3587902832e+02 6.3589599609e+02 6.3591802979e+02 6.3600299072e+02 6.3609899902e+02 6.3621099854e+02 6.3629302979e+02 6.3631097412e+02 6.3628698730e+02 6.3625299072e+02 6.3621899414e+02 6.3619000244e+02 6.3614202881e+02 6.3609600830e+02 6.3606097412e+02 6.3604901123e+02 6.3605798340e+02 6.3603900146e+02 6.3600799561e+02 6.3599597168e+02 6.3599499512e+02 6.3605700684e+02 6.3619396973e+02 6.3639599609e+02 6.3673602295e+02 6.3704199219e+02 6.3741198730e+02 6.3776599121e+02 6.3811199951e+02
6.3350299072e+02 6.3350897217e+02 6.3352001953e+02 6.3365399170e+02 6.3386102295e+02 6.3402502441e+02 6.3410400391e+02 6.3428100586e+02 6.3459497070e+02 6.3481097412e+02 6.3494799805e+02 6.3503698730e+02 6.3511102295e+02 6.3518402100e+02 6.3534997559e+02 6.3553399658e+02 6.3568103027e+02 6.3575402832e+02 6.3576501465e+02 6.3576202393e+02 6.3581597900e+02 6.3590502930e+02 6.3605999756e+02 6.3617999268e+02 6.3620599365e+02 6.3619799805e+02 6.3618103027e+02 6.3616699219e+02 6.3613000488e+02 6.3608398438e+02 6.3604699707e+02 6.3601000977e+02 6.3598297119e+02 6.3599597168e+02 6.3598797607e+02 6.3596398926e+02 6.3594598389e+02 6.3594702148e+02 6.3596801758e+02 6.3604901123e+02 6.3620098877e+02 6.3647601318e+02 6.3679602051e+02 6.3718701172e+02 6.3759002686e+02 6.3792401123e+02
6.3325799561e+02 6.3328198242e+02 6.3333898926e+02 6.3351300049e+02 6.3375598145e+02 6.3388702393e+02 6.3401300049e+02 6.3422601318e+02 6.3449298096e+02 6.3470300293e+02 6.3483599854e+02 6.3488897705e+02 6.3492797852e+02 6.3495397949e+02 6.3505603027e+02 6.3521502686e+02 6.3536798096e+02 6.3553900146e+02 6.3564001465e+02 6.3567999268e+02 6.3573400879e+02 6.3580999756e+02 6.3594396973e+02 6.3604101563e+02 6.3605700684e+02 6.3608502197e+02 6.3611700439e+02 6.3614001465e+02 6.3611798096e+02 6.3604998779e+02 6.3600500488e+02 6.3595800781e+02 6.3592700195e+02 6.3592700195e+02 6.3592498779e+02 6.3591601563e+02 6.3589398193e+02 6.3588201904e+02 6.3588800049e+02 6.3595098877e+02 6.3604602051e+02 6.3620898438e+02 6.3649700928e+02 6.3692297363e+02 6.3738598633e+02 6.3773199463e+02
6.3306402588e+02 6.3308697510e+02 6.3317498779e+02 6.3336798096e+02 6.3366497803e+02 6.3383300781e+02 6.3398999023e+02 6.3421197510e+02 6.3443200684e+02 6.3460998535e+02 6.3473400879e+02 6.3479199219e+02 6.3481500244e+02 6.3482702637e+02 6.3489898682e+02 6.3502697754e+02 6.3513000488e+02 6.3525897217e+02 6.3540301514e+02 6.3552600098e+02 6.3562402344e+02 6.3570800781e+02 6.3581402588e+02 6.3589898682e+02 6.3594097900e+02 6.3599200439e+02 6.3603698730e+02 6.3606097412e+02 6.3606097412e+02 6.3600598145e+02 6.3596899414e+02 6.3591400146e+02 6.3587200928e+02 6.3585797119e+02 6.3584899902e+02 6.3584997559e+02 6.3582897949e+02 6.3582598877e+02 6.3582397461e+02 6.3585601807e+02 6.3593499756e+02 6.3611401367e+02 6.3634899902e+02 6.3673699951e+02 6.3720501709e+02 6.3750500488e+02
6.3285601807e+02 6.3291802979e+02 6.3303002930e+02 6.3322900391e+02 6.3352001953e+02 6.3373797607e+02 6.3393701172e+02 6.3415997314e+02 6.3434197998e+02 6.3449700928e+02 6.3461700439e+02 6.3469201660e+02 6.3471997070e+02 6.3475701904e+02 6.3482702637e+02 6.3493499756e+02 6.3501202393e+02 6.3507202148e+02 6.3518200684e+02 6.3530499268e+02 6.3543298340e+02 6.3552197266e+02 6.3562402344e+02 6.3573297119e+02 6.3583801270e+02 6.3593499756e+02 6.3598199463e+02 6.3599700928e+02 6.3600897217e+02 6.3597198486e+02 6.3594500732e+02 6.3588000488e+02 6.3582501221e+02 6.3578900146e+02 6.3576702881e+02 6.3577801514e+02 6.3576800537e+02 6.3576898193e+02 6.3576800537e+02 6.3579400635e+02 6.3586798096e+02 6.3604199219e+02 6.3621301270e+02 6.3651300049e+02 6.3693798828e+02 6.3722198486e+02
6.3265002441e+02 6.3276202393e+02 6.3289801025e+02 6.3312597656e+02 6.3340802002e+02 6.3366699219e+02 6.3390698242e+02 6.3412902832e+02 6.3425897217e+02 6.3438201904e+02 6.3450000000e+02 6.3459100342e+02 6.3460998535e+02 6.3466998291e+02 6.3475500488e+02 6.3485699463e+02 6.3496398926e+02 6.3503497314e+02 6.3512701416e+02 6.3521002197e+02 6.3528601074e+02 6.3535498047e+02 6.3544598389e+02 6.3557397461e+02 6.3573797607e+02 6.3588598633e+02 6.3594299316e+02 6.3595098877e+02 6.3595501709e+02 6.3592602539e+02 6.3589697266e+02 6.3583099365e+02 6.3578399658e+02 6.3574102783e+02 6.3570501709e+02 6.3570599365e+02 6.3570898438e+02 6.3571197510e+02 6.3570501709e+02 6.3571899414e+02 6.3577502441e+02 6.3595001221e+02 6.3612500000e+02 6.3635498047e+02 6.3667498779e+02 6.3693402100e+02
