TESTSERVER/9/1.asc
NCOLS 100
NROWS 100
XLLCORNER 7.9497500000e+03
YLLCORNER 2.8990025000e+05
CELLSIZE 5.0000000000e-01
NODATA_VALUE -9.9990000000e+03
[rows 40 to 59 of 100, columns 0 to 45 of 100]
6.2896002197e+02 6.2901000977e+02 6.2906298828e+02 6.2911999512e+02 6.2918298340e+02 6.2925097656e+02 6.2932299805e+02 6.2938500977e+02 6.2943798828e+02 6.2949499512e+02 6.2956298828e+02 6.2961602783e+02 6.2965197754e+02 6.2969201660e+02 6.2973699951e+02 6.2979101563e+02 6.2986602783e+02 6.2993103027e+02 6.2997698975e+02 6.3004199219e+02 6.3010601807e+02 6.3017401123e+02 6.3024298096e+02 6.3030102539e+02 6.3036700439e+02 6.3043200684e+02 6.3049401855e+02 6.3055700684e+02 6.3061798096e+02 6.3067999268e+02 6.3074700928e+02 6.3080297852e+02 6.3085998535e+02 6.3091802979e+02 6.3097497559e+02 6.3104797363e+02 6.3112298584e+02 6.3120098877e+02 6.3126202393e+02 6.3132897949e+02 6.3140997314e+02 6.3147802734e+02 6.3153100586e+02 6.3158599854e+02 6.3165399170e+02 6.3173999023e+02
6.2894799805e+02 6.2900299072e+02 6.2905603027e+02 6.2911999512e+02 6.2919500732e+02 6.2925701904e+02 6.2930999756e+02 6.2937402344e+02 6.2943798828e+02 6.2950299072e+02 6.2956701660e+02 6.2962200928e+02 6.2965100098e+02 6.2968902588e+02 6.2973797607e+02 6.2980700684e+02 6.2987597656e+02 6.2992999268e+02 6.2998901367e+02 6.3004699707e+02 6.3010699463e+02 6.3016802979e+02 6.3023101807e+02 6.3028997803e+02 6.3035900879e+02 6.3043499756e+02 6.3050500488e+02 6.3056701660e+02 6.3062298584e+02 6.3068701172e+02 6.3075201416e+02 6.3081500244e+02 6.3088201904e+02 6.3094500732e+02 6.3100000000e+02 6.3105902100e+02 6.3111798096e+02 6.3118701172e+02 6.3124102783e+02 6.3130902100e+02 6.3137097168e+02 6.3143402100e+02 6.3150897217e+02 6.3158099365e+02 6.3165502930e+02 6.3172900391e+02
6.2893103027e+02 6.2899902344e+02 6.2905603027e+02 6.2911798096e+02 6.2919097900e+02 6.2925000000e+02 6.2929400635e+02 6.2936199951e+02 6.2942901611e+02 6.2949700928e+02 6.2955603027e+02 6.2960998535e+02 6.2964801025e+02 6.2969702148e+02 6.2974298096e+02 6.2980102539e+02 6.2987097168e+02 6.2992102051e+02 6.2998498535e+02 6.3004699707e+02 6.3011901855e+02 6.3017797852e+02 6.3023101807e+02 6.3029699707e+02 6.3036499023e+02 6.3043902588e+02 6.3050598145e+02 6.3056097412e+02 6.3062500000e+02 6.3070001221e+02 6.3075500488e+02 6.3081500244e+02 6.3089001465e+02 6.3095697021e+02 6.3100701904e+02 6.3105700684e+02 6.3111401367e+02 6.3118298340e+02 6.3123498535e+02 6.3129699707e+02 6.3135601807e+02 6.3141400146e+02 6.3148699951e+02 6.3156097412e+02 6.3163598633e+02 6.3170697021e+02
6.2891101074e+02 6.2898400879e+02 6.2904302979e+02 6.2909802246e+02 6.2916802979e+02 6.2922998047e+02 6.2927301025e+02 6.2933898926e+02 6.2941302490e+02 6.2948199463e+02 6.2953302002e+02 6.2958300781e+02 6.2963201904e+02 6.2967700195e+02 6.2973602295e+02 6.2978997803e+02 6.2985797119e+02 6.2990002441e+02 6.2996002197e+02 6.3003802490e+02 6.3010699463e+02 6.3016101074e+02 6.3021697998e+02 6.3028997803e+02 6.3036901855e+02 6.3044299316e+02 6.3050299072e+02 6.3055499268e+02 6.3062402344e+02 6.3069598389e+02 6.3074798584e+02 6.3080700684e+02 6.3088397217e+02 6.3095501709e+02 6.3100799561e+02 6.3105297852e+02 6.3110699463e+02 6.3117401123e+02 6.3123297119e+02 6.3129302979e+02 6.3135198975e+02 6.3140600586e+02 6.3147100830e+02 6.3154602051e+02 6.3162500000e+02 6.3169396973e+02
6.2890899658e+02 6.2897601318e+02 6.2902801514e+02 6.2908898926e+02 6.2915698242e+02 6.2921997070e+02 6.2926599121e+02 6.2932098389e+02 6.2939697266e+02 6.2946801758e+02 6.2952502441e+02 6.2957000732e+02 6.2961700439e+02 6.2966998291e+02 6.2975402832e+02 6.2978002930e+02 6.2982800293e+02 6.2989501953e+02 6.2996502686e+02 6.3004101563e+02 6.3009600830e+02 6.3015600586e+02 6.3021398926e+02 6.3026599121e+02 6.3035498047e+02 6.3043701172e+02 6.3051000977e+02 6.3056500244e+02 6.3062200928e+02 6.3068200684e+02 6.3074401855e+02 6.3079998779e+02 6.3087200928e+02 6.3093798828e+02 6.3098901367e+02 6.3103198242e+02 6.3109197998e+02 6.3116400146e+02 6.3123199463e+02 6.3127697754e+02 6.3133197021e+02 6.3139697266e+02 6.3146697998e+02 6.3153100586e+02 6.3160400391e+02 6.3167602539e+02
6.2890802002e+02 6.2896697998e+02 6.2899902344e+02 6.2905401611e+02 6.2910498047e+02 6.2916302490e+02 6.2923199463e+02 6.2930902100e+02 6.2937200928e+02 6.2944000244e+02 6.2949798584e+02 6.2955401611e+02 6.2962200928e+02 6.2967700195e+02 6.2971899414e+02 6.2976300049e+02 6.2983898926e+02 6.2991497803e+02 6.2996997070e+02 6.3004400635e+02 6.3008300781e+02 6.3014398193e+02 6.3020300293e+02 6.3027697754e+02 6.3035101318e+02 6.3041802979e+02 6.3049200439e+02 6.3055401611e+02 6.3059698486e+02 6.3067602539e+02 6.3075799561e+02 6.3081896973e+02 6.3088598633e+02 6.3093499756e+02 6.3098400879e+02 6.3104199219e+02 6.3109301758e+02 6.3115100098e+02 6.3120800781e+02 6.3127600098e+02 6.3134100342e+02 6.3139001465e+02 6.3145501709e+02 6.3152301025e+02 6.3158398438e+02 6.3165197754e+02
6.2883898926e+02 6.2889898682e+02 6.2892797852e+02 6.2895697021e+02 6.2902197266e+02 6.2910797119e+02 6.2919702148e+02 6.2926599121e+02 6.2932501221e+02 6.2939599609e+02 6.2946801758e+02 6.2954602051e+02 6.2962701416e+02 6.2967602539e+02 6.2969598389e+02 6.2973101807e+02 6.2981201172e+02 6.2988000488e+02 6.2992602539e+02 6.2995898438e+02 6.2996801758e+02 6.3003002930e+02 6.3011199951e+02 6.3019097900e+02 6.3025402832e+02 6.3031896973e+02 6.3040197754e+02 6.3048999023e+02 6.3055603027e+02 6.3061499023e+02 6.3069598389e+02 6.3077600098e+02 6.3085699463e+02 6.3091497803e+02 6.3096002197e+02 6.3101800537e+02 6.3107702637e+02 6.3114599609e+02 6.3119702148e+02 6.3126397705e+02 6.3134600830e+02 6.3140100098e+02 6.3146502686e+02 6.3153100586e+02 6.3158898926e+02 6.3165698242e+02
6.2877600098e+02 6.2883697510e+02 6.2887298584e+02 6.2889501953e+02 6.2897601318e+02 6.2907397461e+02 6.2916302490e+02 6.2921301270e+02 6.2927801514e+02 6.2935198975e+02 6.2943200684e+02 6.2952502441e+02 6.2960601807e+02 6.2965600586e+02 6.2971398926e+02 6.2977502441e+02 6.2980603027e+02 6.2982098389e+02 6.2983697510e+02 6.2983801270e+02 6.2983300781e+02 6.2990399170e+02 6.2999700928e+02 6.3006097412e+02 6.3013000488e+02 6.3022100830e+02 6.3033398438e+02 6.3042700195e+02 6.3050201416e+02 6.3051599121e+02 6.3058398438e+02 6.3068902588e+02 6.3078802490e+02 6.3085998535e+02 6.3089300537e+02 6.3092297363e+02 6.3097497559e+02 6.3104498291e+02 6.3109600830e+02 6.3115600586e+02 6.3125000000e+02 6.3132598877e+02 6.3141198730e+02 6.3148199463e+02 6.3154901123e+02 6.3163201904e+02
6.2872698975e+02 6.2879602051e+02 6.2884497070e+02 6.2888000488e+02 6.2894897461e+02 6.2903302002e+02 6.2913000488e+02 6.2916601563e+02 6.2921398926e+02 6.2928100586e+02 6.2934802246e+02 6.2943402100e+02 6.2948297119e+02 6.2951300049e+02 6.2959899902e+02 6.2976898193e+02 6.2979699707e+02 6.2976702881e+02 6.2973297119e+02 6.2974401855e+02 6.2975701904e+02 6.2982598877e+02 6.2993701172e+02 6.3000201416e+02 6.3010498047e+02 6.3022900391e+02 6.3036102295e+02 6.3040802002e+02 6.3042700195e+02 6.3044097900e+02 6.3053002930e+02 6.3064398193e+02 6.3072399902e+02 6.3075799561e+02 6.3077600098e+02 6.3081201172e+02 6.3085900879e+02 6.3092102051e+02 6.3095599365e+02 6.3104199219e+02 6.3113201904e+02 6.3120697021e+02 6.3130499268e+02 6.3139398193e+02 6.3146197510e+02 6.3153900146e+02
6.2867797852e+02 6.2875097656e+02 6.2881799316e+02 6.2885797119e+02 6.2889898682e+02 6.2895397949e+02 6.2903997803e+02 6.2913000488e+02 6.2914001465e+02 6.2916497803e+02 6.2921697998e+02 6.2927197266e+02 6.2927398682e+02 6.2925897217e+02 6.2929699707e+02 6.2943499756e+02 6.2955102539e+02 6.2959100342e+02 6.2960198975e+02 6.2965002441e+02 6.2965399170e+02 6.2971002197e+02 6.2986102295e+02 6.2995501709e+02 6.3003198242e+02 6.3008398438e+02 6.3015197754e+02 6.3017999268e+02 6.3021197510e+02 6.3032897949e+02 6.3043902588e+02 6.3054901123e+02 6.3061999512e+02 6.3064501953e+02 6.3068402100e+02 6.3077301025e+02 6.3081500244e+02 6.3086901855e+02 6.3089300537e+02 6.3096099854e+02 6.3101898193e+02 6.3106500244e+02 6.3115899658e+02 6.3128100586e+02 6.3137701416e+02 6.3146197510e+02
6.2862701416e+02 6.2870001221e+02 6.2876202393e+02 6.2881701660e+02 6.2885498047e+02 6.2888299561e+02 6.2889202881e+02 6.2899902344e+02 6.2903698730e+02 6.2903302002e+02 6.2908001709e+02 6.2913098145e+02 6.2909997559e+02 6.2906500244e+02 6.2909698486e+02 6.2921197510e+02 6.2936700439e+02 6.2945001221e+02 6.2946301270e+02 6.2950799561e+02 6.2950897217e+02 6.2954998779e+02 6.2966302490e+02 6.2969598389e+02 6.2975299072e+02 6.2980902100e+02 6.2988500977e+02 6.2990301514e+02 6.2998602295e+02 6.3016497803e+02 6.3030999756e+02 6.3039001465e+02 6.3041601563e+02 6.3042401123e+02 6.3053601074e+02 6.3072302246e+02 6.3077301025e+02 6.3082000732e+02 6.3089001465e+02 6.3093200684e+02 6.3092797852e+02 6.3093597412e+02 6.3098797607e+02 6.3110699463e+02 6.3122198486e+02 6.3133001709e+02
6.2849798584e+02 6.2856298828e+02 6.2860699463e+02 6.2868200684e+02 6.2874200439e+02 6.2878302002e+02 6.2874298096e+02 6.2882000732e+02 6.2894097900e+02 6.2898199463e+02 6.2904400635e+02 6.2908599854e+02 6.2904302979e+02 6.2901000977e+02 6.2907501221e+02 6.2918103027e+02 6.2930798340e+02 6.2939898682e+02 6.2939202881e+02 6.2940399170e+02 6.2944299316e+02 6.2950097656e+02 6.2954998779e+02 6.2953399658e+02 6.2957098389e+02 6.2965301514e+02 6.2978900146e+02 6.2988500977e+02 6.2997802734e+02 6.3011602783e+02 6.3023901367e+02 6.3028002930e+02 6.3029699707e+02 6.3029901123e+02 6.3037799072e+02 6.3055297852e+02 6.3066601563e+02 6.3076397705e+02 6.3085699463e+02 6.3086901855e+02 6.3081402588e+02 6.3077099609e+02 6.3077197266e+02 6.3084197998e+02 6.3092102051e+02 6.3103802490e+02
6.2835998535e+02 6.2838702393e+02 6.2835900879e+02 6.2846697998e+02 6.2855401611e+02 6.2863897705e+02 6.2867102051e+02 6.2872302246e+02 6.2885302734e+02 6.2895800781e+02 6.2907397461e+02 6.2911901855e+02 6.2909802246e+02 6.2908001709e+02 6.2914697266e+02 6.2919396973e+02 6.2924499512e+02 6.2932202148e+02 6.2936700439e+02 6.2939398193e+02 6.2947998047e+02 6.2956896973e+02 6.2958801270e+02 6.2958099365e+02 6.2960498047e+02 6.2967901611e+02 6.2979602051e+02 6.2992901611e+02 6.3002899170e+02 6.3012799072e+02 6.3021899414e+02 6.3025799561e+02 6.3028900146e+02 6.3030700684e+02 6.3034997559e+02 6.3044598389e+02 6.3057800293e+02 6.3071600342e+02 6.3085302734e+02 6.3085101318e+02 6.3076599121e+02 6.3066497803e+02 6.3064099121e+02 6.3059002686e+02 6.3058898926e+02 6.3066198730e+02
6.2830102539e+02 6.2831896973e+02 6.2828497314e+02 6.2832800293e+02 6.2839697266e+02 6.2849902344e+02 6.2858898926e+02 6.2867297363e+02 6.2878302002e+02 6.2889398193e+02 6.2901599121e+02 6.2911401367e+02 6.2913299561e+02 6.2914001465e+02 6.2917498779e+02 6.2917297363e+02 6.2917797852e+02 6.2921600342e+02 6.2929797363e+02 6.2940502930e+02 6.2952301025e+02 6.2959899902e+02 6.2958197021e+02 6.2958398438e+02 6.2962701416e+02 6.2970697021e+02 6.2979400635e+02 6.2989501953e+02 6.2998999023e+02 6.3007598877e+02 6.3016601563e+02 6.3022601318e+02 6.3024499512e+02 6.3024298096e+02 6.3027398682e+02 6.3036602783e+02 6.3047998047e+02 6.3059399414e+02 6.3070898438e+02 6.3076702881e+02 6.3071197510e+02 6.3063000488e+02 6.3055603027e+02 6.3046502686e+02 6.3043402100e+02 6.3044500732e+02
6.2825598145e+02 6.2828900146e+02 6.2828601074e+02 6.2830200195e+02 6.2834802246e+02 6.2845202637e+02 6.2856201172e+02 6.2864398193e+02 6.2874798584e+02 6.2884497070e+02 6.2894396973e+02 6.2905200195e+02 6.2909698486e+02 6.2912402344e+02 6.2915997314e+02 6.2914801025e+02 6.2913500977e+02 6.2916302490e+02 6.2925000000e+02 6.2936102295e+02 6.2945898438e+02 6.2952301025e+02 6.2952301025e+02 6.2954699707e+02 6.2959100342e+02 6.2966497803e+02 6.2974700928e+02 6.2982501221e+02 6.2989599609e+02 6.2996197510e+02 6.3004498291e+02 6.3010101318e+02 6.3010498047e+02 6.3009802246e+02 6.3013500977e+02 6.3021600342e+02 6.3031097412e+02 6.3039801025e+02 6.3046301270e+02 6.3050500488e+02 6.3047302246e+02 6.3042602539e+02 6.3036999512e+02 6.3030700684e+02 6.3028997803e+02 6.3029797363e+02
6.2824298096e+02 6.2829101563e+02 6.2830297852e+02 6.2834002686e+02 6.2838598633e+02 6.2846600342e+02 6.2855798340e+02 6.2863500977e+02 6.2872302246e+02 6.2879699707e+02 6.2885699463e+02 6.2893597412e+02 6.2898498535e+02 6.2902398682e+02 6.2907202148e+02 6.2908001709e+02 6.2907702637e+02 6.2910998535e+02 6.2919702148e+02 6.2927099609e+02 6.2933099365e+02 6.2939001465e+02 6.2943200684e+02 6.2946600342e+02 6.2948602295e+02 6.2954199219e+02 6.2963397217e+02 6.2968701172e+02 6.2973498535e+02 6.2978497314e+02 6.2984197998e+02 6.2986102295e+02 6.2984997559e+02 6.2985498047e+02 6.2991497803e+02 6.2997900391e+02 6.3004797363e+02 6.3011401367e+02 6.3015997314e+02 6.3017401123e+02 6.3016400146e+02 6.3015997314e+02 6.3013000488e+02 6.3010699463e+02 6.3012097168e+02 6.3015100098e+02
6.2824102783e+02 6.2830102539e+02 6.2832299805e+02 6.2836901855e+02 6.2841302490e+02 6.2845397949e+02 6.2853198242e+02 6.2861401367e+02 6.2867901611e+02 6.2872497559e+02 6.2876501465e+02 6.2877899170e+02 6.2880700684e+02 6.2884497070e+02 6.2889898682e+02 6.2894097900e+02 6.2896801758e+02 6.2901397705e+02 6.2908697510e+02 6.2915502930e+02 6.2920898438e+02 6.2926501465e+02 6.2931597900e+02 6.2931799316e+02 6.2930798340e+02 6.2933801270e+02 6.2941400146e+02 6.2946502686e+02 6.2948999023e+02 6.2952099609e+02 6.2953399658e+02 6.2951000977e+02 6.2949798584e+02 6.2952697754e+02 6.2959399414e+02 6.2966802979e+02 6.2972698975e+02 6.2978601074e+02 6.2984197998e+02 6.2984600830e+02 6.2988299561e+02 6.2992999268e+02 6.2991497803e+02 6.2988702393e+02 6.2990997314e+02 6.2994799805e+02
6.2820300293e+02 6.2827398682e+02 6.2828802490e+02 6.2832397461e+02 6.2836297607e+02 6.2840399170e+02 6.2845697021e+02 6.2852001953e+02 6.2856298828e+02 6.2858898926e+02 6.2859899902e+02 6.2859399414e+02 6.2860400391e+02 6.2863098145e+02 6.2869097900e+02 6.2875701904e+02 6.2881701660e+02 6.2887701416e+02 6.2893701172e+02 6.2898699951e+02 6.2901702881e+02 6.2903302002e+02 6.2906402588e+02 6.2907000732e+02 6.2904498291e+02 6.2903802490e+02 6.2907800293e+02 6.2913299561e+02 6.2916101074e+02 6.2917102051e+02 6.2915399170e+02 6.2911297607e+02 6.2911199951e+02 6.2915002441e+02 6.2923797607e+02 6.2933197021e+02 6.2940802002e+02 6.2946600342e+02 6.2951202393e+02 6.2952197266e+02 6.2956402588e+02 6.2961602783e+02 6.2962799072e+02 6.2965600586e+02 6.2970202637e+02 6.2973400879e+02
6.2813201904e+02 6.2817498779e+02 6.2817700195e+02 6.2821099854e+02 6.2824597168e+02 6.2827398682e+02 6.2829998779e+02 6.2833898926e+02 6.2836297607e+02 6.2837200928e+02 6.2837200928e+02 6.2836297607e+02 6.2836602783e+02 6.2839398193e+02 6.2846197510e+02 6.2853997803e+02 6.2860998535e+02 6.2867297363e+02 6.2873498535e+02 6.2877697754e+02 6.2878100586e+02 6.2876599121e+02 6.2875897217e+02 6.2873602295e+02 6.2870397949e+02 6.2868902588e+02 6.2872100830e+02 6.2878100586e+02 6.2879498291e+02 6.2878497314e+02 6.2876098633e+02 6.2873101807e+02 6.2872998047e+02 6.2877001953e+02 6.2885900879e+02 6.2895898438e+02 6.2903900146e+02 6.2909802246e+02 6.2915399170e+02 6.2917401123e+02 6.2920397949e+02 6.2925000000e+02 6.2928900146e+02 6.2935998535e+02 6.2943298340e+02 6.2947198486e+02
6.2800201416e+02 6.2800299072e+02 6.2798602295e+02 6.2800701904e+02 6.2803302002e+02 6.2805401611e+02 6.2806896973e+02 6.2809100342e+02 6.2810101318e+02 6.2810101318e+02 6.2810198975e+02 6.2809698486e+02 6.2810198975e+02 6.2814001465e+02 6.2821997070e+02 6.2829498291e+02 6.2835400391e+02 6.2840600586e+02 6.2846398926e+02 6.2850299072e+02 6.2849597168e+02 6.2846197510e+02 6.2842797852e+02 6.2837902832e+02 6.2835400391e+02 6.2835900879e+02 6.2839801025e+02 6.2843701172e+02 6.2842498779e+02 6.2839300537e+02 6.2836999512e+02 6.2835101318e+02 6.2834698486e+02 6.2838201904e+02 6.2845800781e+02 6.2854498291e+02 6.2861999512e+02 6.2868200684e+02 6.2874798584e+02 6.2878802490e+02 6.2882098389e+02 6.2886901855e+02 6.2892797852e+02 6.2900201416e+02 6.2908001709e+02 6.2912902832e+02
