TESTSERVER/9/1.asc
NCOLS 100
NROWS 100
XLLCORNER 7.9497500000e+03
YLLCORNER 2.8990025000e+05
CELLSIZE 5.0000000000e-01
NODATA_VALUE -9.9990000000e+03
[rows 80 to 99 of 100, columns 46 to 91 of 100]
6.2145397949e+02 6.2147802734e+02 6.2142901611e+02 6.2146301270e+02 6.2159802246e+02 6.2141900635e+02 6.2142401123e+02 6.2146099854e+02 6.2151599121e+02 6.2161700439e+02 6.2167700195e+02 6.2170397949e+02 6.2180297852e+02 6.2188702393e+02 6.2198901367e+02 6.2212597656e+02 6.2229498291e+02 6.2236401367e+02 6.2237200928e+02 6.2232202148e+02 6.2230798340e+02 6.2232202148e+02 6.2235302734e+02 6.2240100098e+02 6.2241802979e+02 6.2244500732e+02 6.2261798096e+02 6.2279797363e+02 6.2266900635e+02 6.2241699219e+02 6.2233197021e+02 6.2226000977e+02 6.2221697998e+02 6.2222900391e+02 6.2227600098e+02 6.2230102539e+02 6.2234002686e+02 6.2231896973e+02 6.2246600342e+02 6.2259997559e+02 6.2271697998e+02 6.2286102295e+02 6.2278997803e+02 6.2269299316e+02 6.2270697021e+02 6.2273797607e+02
6.2101800537e+02 6.2100000000e+02 6.2101501465e+02 6.2108099365e+02 6.2123101807e+02 6.2105999756e+02 6.2108398438e+02 6.2117901611e+02 6.2129302979e+02 6.2143499756e+02 6.2149499512e+02 6.2147900391e+02 6.2152301025e+02 6.2158099365e+02 6.2164202881e+02 6.2184197998e+02 6.2208599854e+02 6.2198901367e+02 6.2187597656e+02 6.2185302734e+02 6.2190100098e+02 6.2196801758e+02 6.2202697754e+02 6.2200402832e+02 6.2193499756e+02 6.2193499756e+02 6.2200799561e+02 6.2210900879e+02 6.2201501465e+02 6.2191198730e+02 6.2185498047e+02 6.2172100830e+02 6.2163800049e+02 6.2160699463e+02 6.2169799805e+02 6.2188397217e+02 6.2193402100e+02 6.2182202148e+02 6.2186499023e+02 6.2190698242e+02 6.2210498047e+02 6.2238702393e+02 6.2237298584e+02 6.2229302979e+02 6.2230102539e+02 6.2232598877e+02
6.2060400391e+02 6.2056896973e+02 6.2059100342e+02 6.2060797119e+02 6.2068902588e+02 6.2069201660e+02 6.2079797363e+02 6.2092700195e+02 6.2108502197e+02 6.2128497314e+02 6.2128002930e+02 6.2115301514e+02 6.2113800049e+02 6.2116601563e+02 6.2119396973e+02 6.2135101318e+02 6.2153302002e+02 6.2139501953e+02 6.2134600830e+02 6.2145697021e+02 6.2156597900e+02 6.2160797119e+02 6.2164300537e+02 6.2157202148e+02 6.2146099854e+02 6.2146002197e+02 6.2147998047e+02 6.2149102783e+02 6.2145202637e+02 6.2143103027e+02 6.2138397217e+02 6.2126702881e+02 6.2118298340e+02 6.2115502930e+02 6.2120001221e+02 6.2141198730e+02 6.2146997070e+02 6.2127301025e+02 6.2132800293e+02 6.2134002686e+02 6.2144299316e+02 6.2167797852e+02 6.2178698730e+02 6.2180798340e+02 6.2184301758e+02 6.2185400391e+02
6.2023101807e+02 6.2021697998e+02 6.2026000977e+02 6.2030200195e+02 6.2036602783e+02 6.2044097900e+02 6.2054901123e+02 6.2067199707e+02 6.2079699707e+02 6.2093499756e+02 6.2086999512e+02 6.2072998047e+02 6.2073999023e+02 6.2077502441e+02 6.2079998779e+02 6.2087097168e+02 6.2092602539e+02 6.2090502930e+02 6.2100097656e+02 6.2116998291e+02 6.2119500732e+02 6.2113299561e+02 6.2111901855e+02 6.2108697510e+02 6.2101898193e+02 6.2101397705e+02 6.2101501465e+02 6.2095001221e+02 6.2086901855e+02 6.2083099365e+02 6.2081799316e+02 6.2076501465e+02 6.2068200684e+02 6.2061199951e+02 6.2056597900e+02 6.2066302490e+02 6.2072399902e+02 6.2065899658e+02 6.2080200195e+02 6.2086999512e+02 6.2093499756e+02 6.2110400391e+02 6.2127001953e+02 6.2137902832e+02 6.2141998291e+02 6.2143103027e+02
6.1990399170e+02 6.1990002441e+02 6.1994897461e+02 6.2000402832e+02 6.2004797363e+02 6.2014898682e+02 6.2022998047e+02 6.2028997803e+02 6.2035400391e+02 6.2041101074e+02 6.2039801025e+02 6.2039099121e+02 6.2042901611e+02 6.2045800781e+02 6.2050799561e+02 6.2056298828e+02 6.2056799316e+02 6.2059100342e+02 6.2071398926e+02 6.2081201172e+02 6.2081097412e+02 6.2069299316e+02 6.2060101318e+02 6.2056799316e+02 6.2053601074e+02 6.2049401855e+02 6.2047399902e+02 6.2040399170e+02 6.2034100342e+02 6.2026800537e+02 6.2025500488e+02 6.2020599365e+02 6.2011798096e+02 6.2007800293e+02 6.2006097412e+02 6.2006799316e+02 6.2008801270e+02 6.2015301514e+02 6.2027801514e+02 6.2039300537e+02 6.2048999023e+02 6.2060198975e+02 6.2078198242e+02 6.2095800781e+02 6.2101202393e+02 6.2103100586e+02
6.1958898926e+02 6.1958697510e+02 6.1963598633e+02 6.1969299316e+02 6.1980798340e+02 6.1989300537e+02 6.1990399170e+02 6.1992700195e+02 6.2000000000e+02 6.2006500244e+02 6.2009197998e+02 6.2012200928e+02 6.2014300537e+02 6.2013000488e+02 6.2014001465e+02 6.2016302490e+02 6.2014398193e+02 6.2018798828e+02 6.2028100586e+02 6.2034002686e+02 6.2036199951e+02 6.2021899414e+02 6.2010998535e+02 6.2009802246e+02 6.2007702637e+02 6.2001898193e+02 6.1999102783e+02 6.1994000244e+02 6.1986901855e+02 6.1977197266e+02 6.1969500732e+02 6.1964398193e+02 6.1963000488e+02 6.1957000732e+02 6.1956701660e+02 6.1959997559e+02 6.1960797119e+02 6.1963000488e+02 6.1969299316e+02 6.1976800537e+02 6.1987097168e+02 6.1997198486e+02 6.2013397217e+02 6.2034600830e+02 6.2049597168e+02 6.2057800293e+02
6.1931799316e+02 6.1935101318e+02 6.1939898682e+02 6.1944897461e+02 6.1953302002e+02 6.1954901123e+02 6.1956597900e+02 6.1963299561e+02 6.1970501709e+02 6.1972497559e+02 6.1974298096e+02 6.1977801514e+02 6.1979400635e+02 6.1974798584e+02 6.1974298096e+02 6.1976098633e+02 6.1974700928e+02 6.1979498291e+02 6.1980401611e+02 6.1974298096e+02 6.1971600342e+02 6.1966302490e+02 6.1963299561e+02 6.1963299561e+02 6.1959802246e+02 6.1951702881e+02 6.1945001221e+02 6.1938500977e+02 6.1933099365e+02 6.1931097412e+02 6.1919702148e+02 6.1909301758e+02 6.1908898926e+02 6.1903302002e+02 6.1902899170e+02 6.1907800293e+02 6.1912701416e+02 6.1914202881e+02 6.1913702393e+02 6.1913397217e+02 6.1923797607e+02 6.1934197998e+02 6.1946301270e+02 6.1963000488e+02 6.1981799316e+02 6.1996099854e+02
6.1907202148e+02 6.1912298584e+02 6.1915997314e+02 6.1918701172e+02 6.1921899414e+02 6.1919396973e+02 6.1924597168e+02 6.1935198975e+02 6.1940698242e+02 6.1939398193e+02 6.1939697266e+02 6.1942102051e+02 6.1942999268e+02 6.1938098145e+02 6.1938598633e+02 6.1940899658e+02 6.1939801025e+02 6.1943798828e+02 6.1939398193e+02 6.1925299072e+02 6.1915899658e+02 6.1919000244e+02 6.1919097900e+02 6.1914300537e+02 6.1905798340e+02 6.1893200684e+02 6.1881896973e+02 6.1873999023e+02 6.1872100830e+02 6.1871398926e+02 6.1857397461e+02 6.1847100830e+02 6.1849200439e+02 6.1841900635e+02 6.1838098145e+02 6.1838897705e+02 6.1846899414e+02 6.1852301025e+02 6.1849499512e+02 6.1847198486e+02 6.1859997559e+02 6.1876202393e+02 6.1887902832e+02 6.1897900391e+02 6.1911700439e+02 6.1929602051e+02
6.1877502441e+02 6.1880297852e+02 6.1883898926e+02 6.1887799072e+02 6.1892700195e+02 6.1890997314e+02 6.1895599365e+02 6.1900500488e+02 6.1899499512e+02 6.1904101563e+02 6.1907501221e+02 6.1909802246e+02 6.1907897949e+02 6.1905200195e+02 6.1906201172e+02 6.1907598877e+02 6.1903802490e+02 6.1900598145e+02 6.1894702148e+02 6.1885400391e+02 6.1878198242e+02 6.1877001953e+02 6.1873498535e+02 6.1865600586e+02 6.1854602051e+02 6.1840301514e+02 6.1825402832e+02 6.1813299561e+02 6.1805603027e+02 6.1798101807e+02 6.1787902832e+02 6.1785400391e+02 6.1789501953e+02 6.1787902832e+02 6.1784497070e+02 6.1778302002e+02 6.1779101563e+02 6.1786602783e+02 6.1787298584e+02 6.1792199707e+02 6.1805401611e+02 6.1819000244e+02 6.1833300781e+02 6.1846301270e+02 6.1859997559e+02 6.1876000977e+02
6.1856597900e+02 6.1856298828e+02 6.1859497070e+02 6.1860900879e+02 6.1864099121e+02 6.1859802246e+02 6.1862701416e+02 6.1867999268e+02 6.1868499756e+02 6.1870898438e+02 6.1873901367e+02 6.1875897217e+02 6.1874401855e+02 6.1873101807e+02 6.1874200439e+02 6.1874298096e+02 6.1868499756e+02 6.1860198975e+02 6.1851898193e+02 6.1842999268e+02 6.1832202148e+02 6.1827600098e+02 6.1824798584e+02 6.1819396973e+02 6.1810400391e+02 6.1793499756e+02 6.1772399902e+02 6.1754699707e+02 6.1744598389e+02 6.1735400391e+02 6.1728198242e+02 6.1725201416e+02 6.1725500488e+02 6.1729302979e+02 6.1729302979e+02 6.1727001953e+02 6.1728002930e+02 6.1735302734e+02 6.1737701416e+02 6.1742199707e+02 6.1751599121e+02 6.1766699219e+02 6.1783197021e+02 6.1801800537e+02 6.1821600342e+02 6.1840002441e+02
6.1830798340e+02 6.1830297852e+02 6.1832397461e+02 6.1831402588e+02 6.1830902100e+02 6.1829101563e+02 6.1833801270e+02 6.1837799072e+02 6.1836297607e+02 6.1835498047e+02 6.1838000488e+02 6.1841400146e+02 6.1841802979e+02 6.1840698242e+02 6.1840301514e+02 6.1837701416e+02 6.1829199219e+02 6.1817102051e+02 6.1805700684e+02 6.1795800781e+02 6.1785601807e+02 6.1777502441e+02 6.1772601318e+02 6.1766198730e+02 6.1753802490e+02 6.1734002686e+02 6.1715002441e+02 6.1699902344e+02 6.1691198730e+02 6.1680499268e+02 6.1671301270e+02 6.1667102051e+02 6.1666302490e+02 6.1667498779e+02 6.1663800049e+02 6.1660699463e+02 6.1667498779e+02 6.1675097656e+02 6.1676000977e+02 6.1679602051e+02 6.1690698242e+02 6.1709698486e+02 6.1731097412e+02 6.1753900146e+02 6.1777398682e+02 6.1799102783e+02
6.1800500488e+02 6.1801898193e+02 6.1801000977e+02 6.1798901367e+02 6.1796197510e+02 6.1795098877e+02 6.1799200439e+02 6.1800201416e+02 6.1798901367e+02 6.1798400879e+02 6.1801898193e+02 6.1807098389e+02 6.1808300781e+02 6.1804797363e+02 6.1801202393e+02 6.1794897461e+02 6.1783801270e+02 6.1769897461e+02 6.1758197021e+02 6.1749700928e+02 6.1741998291e+02 6.1730297852e+02 6.1721600342e+02 6.1711102295e+02 6.1692498779e+02 6.1671502686e+02 6.1658001709e+02 6.1646801758e+02 6.1635498047e+02 6.1618902588e+02 6.1608099365e+02 6.1605499268e+02 6.1607897949e+02 6.1609399414e+02 6.1604998779e+02 6.1602099609e+02 6.1610498047e+02 6.1614099121e+02 6.1613299561e+02 6.1621099854e+02 6.1635101318e+02 6.1651501465e+02 6.1671398926e+02 6.1692901611e+02 6.1716400146e+02 6.1741900635e+02
6.1772998047e+02 6.1771301270e+02 6.1766998291e+02 6.1763397217e+02 6.1762097168e+02 6.1758898926e+02 6.1762500000e+02 6.1765802002e+02 6.1765600586e+02 6.1764898682e+02 6.1768200684e+02 6.1772601318e+02 6.1771600342e+02 6.1763702393e+02 6.1756500244e+02 6.1747100830e+02 6.1734997559e+02 6.1721197510e+02 6.1712902832e+02 6.1708001709e+02 6.1703802490e+02 6.1687701416e+02 6.1673901367e+02 6.1659197998e+02 6.1641400146e+02 6.1615399170e+02 6.1600598145e+02 6.1587200928e+02 6.1572497559e+02 6.1557702637e+02 6.1547802734e+02 6.1544201660e+02 6.1545800781e+02 6.1552398682e+02 6.1552099609e+02 6.1553900146e+02 6.1562597656e+02 6.1563702393e+02 6.1565502930e+02 6.1572998047e+02 6.1582897949e+02 6.1591802979e+02 6.1603698730e+02 6.1621801758e+02 6.1646600342e+02 6.1673498535e+02
6.1747198486e+02 6.1746600342e+02 6.1745800781e+02 6.1741998291e+02 6.1739697266e+02 6.1736901855e+02 6.1735900879e+02 6.1736700439e+02 6.1733697510e+02 6.1729699707e+02 6.1729302979e+02 6.1730603027e+02 6.1728302002e+02 6.1720300293e+02 6.1712902832e+02 6.1702502441e+02 6.1689099121e+02 6.1676501465e+02 6.1669299316e+02 6.1665502930e+02 6.1659802246e+02 6.1644598389e+02 6.1625701904e+02 6.1604498291e+02 6.1581896973e+02 6.1563098145e+02 6.1547302246e+02 6.1527600098e+02 6.1505499268e+02 6.1490502930e+02 6.1491699219e+02 6.1498797607e+02 6.1497802734e+02 6.1490802002e+02 6.1485498047e+02 6.1486798096e+02 6.1496697998e+02 6.1505902100e+02 6.1512298584e+02 6.1515698242e+02 6.1518200684e+02 6.1523797607e+02 6.1539099121e+02 6.1564202881e+02 6.1591400146e+02 6.1621600342e+02
6.1719000244e+02 6.1717498779e+02 6.1718402100e+02 6.1716802979e+02 6.1716998291e+02 6.1714300537e+02 6.1707299805e+02 6.1702697754e+02 6.1699902344e+02 6.1692700195e+02 6.1687200928e+02 6.1684002686e+02 6.1681799316e+02 6.1677197266e+02 6.1670001221e+02 6.1658502197e+02 6.1642700195e+02 6.1627301025e+02 6.1616802979e+02 6.1610601807e+02 6.1605102539e+02 6.1593902588e+02 6.1573901367e+02 6.1548602295e+02 6.1525000000e+02 6.1511297607e+02 6.1492199707e+02 6.1464599609e+02 6.1433197021e+02 6.1413598633e+02 6.1424298096e+02 6.1443798828e+02 6.1448297119e+02 6.1433300781e+02 6.1420202637e+02 6.1416900635e+02 6.1422198486e+02 6.1431402588e+02 6.1443103027e+02 6.1451702881e+02 6.1457702637e+02 6.1465698242e+02 6.1479101563e+02 6.1500402832e+02 6.1523602295e+02 6.1552301025e+02
6.1685400391e+02 6.1683001709e+02 6.1686499023e+02 6.1687902832e+02 6.1688500977e+02 6.1686999512e+02 6.1679400635e+02 6.1672601318e+02 6.1668402100e+02 6.1657397461e+02 6.1646099854e+02 6.1637701416e+02 6.1633697510e+02 6.1630200195e+02 6.1622302246e+02 6.1609899902e+02 6.1591699219e+02 6.1572399902e+02 6.1557299805e+02 6.1547198486e+02 6.1540301514e+02 6.1532598877e+02 6.1514599609e+02 6.1489898682e+02 6.1467999268e+02 6.1450402832e+02 6.1424200439e+02 6.1390600586e+02 6.1358398438e+02 6.1338500977e+02 6.1345001221e+02 6.1359497070e+02 6.1366400146e+02 6.1355603027e+02 6.1351202393e+02 6.1354901123e+02 6.1358599854e+02 6.1362701416e+02 6.1374298096e+02 6.1388897705e+02 6.1401000977e+02 6.1409600830e+02 6.1412902832e+02 6.1417401123e+02 6.1431201172e+02 6.1453100586e+02
6.1653302002e+02 6.1654199219e+02 6.1658898926e+02 6.1659100342e+02 6.1657299805e+02 6.1660302734e+02 6.1658099365e+02 6.1650402832e+02 6.1639300537e+02 6.1623498535e+02 6.1607397461e+02 6.1595202637e+02 6.1585400391e+02 6.1575201416e+02 6.1566101074e+02 6.1553802490e+02 6.1542797852e+02 6.1516101074e+02 6.1496099854e+02 6.1482000732e+02 6.1474200439e+02 6.1463598633e+02 6.1445800781e+02 6.1424597168e+02 6.1406799316e+02 6.1381799316e+02 6.1352899170e+02 6.1320300293e+02 6.1289202881e+02 6.1277801514e+02 6.1269500732e+02 6.1262902832e+02 6.1264599609e+02 6.1272698975e+02 6.1280102539e+02 6.1290802002e+02 6.1302099609e+02 6.1307702637e+02 6.1315399170e+02 6.1329998779e+02 6.1346002197e+02 6.1355999756e+02 6.1353997803e+02 6.1344299316e+02 6.1343103027e+02 6.1353002930e+02
6.1629797363e+02 6.1627301025e+02 6.1628100586e+02 6.1630297852e+02 6.1632800293e+02 6.1633697510e+02 6.1629901123e+02 6.1619097900e+02 6.1604400635e+02 6.1586401367e+02 6.1568402100e+02 6.1552502441e+02 6.1534802246e+02 6.1518701172e+02 6.1503002930e+02 6.1485198975e+02 6.1474102783e+02 6.1458697510e+02 6.1438397217e+02 6.1421600342e+02 6.1411199951e+02 6.1403601074e+02 6.1384600830e+02 6.1358697510e+02 6.1338098145e+02 6.1318798828e+02 6.1292901611e+02 6.1261102295e+02 6.1231799316e+02 6.1223297119e+02 6.1210302734e+02 6.1198101807e+02 6.1205798340e+02 6.1217797852e+02 6.1225598145e+02 6.1232897949e+02 6.1241802979e+02 6.1249902344e+02 6.1259899902e+02 6.1274700928e+02 6.1291601563e+02 6.1302398682e+02 6.1302001953e+02 6.1297802734e+02 6.1294396973e+02 6.1301397705e+02
6.1605798340e+02 6.1597900391e+02 6.1594299316e+02 6.1595599365e+02 6.1598699951e+02 6.1595800781e+02 6.1586499023e+02 6.1571002197e+02 6.1555297852e+02 6.1537200928e+02 6.1518597412e+02 6.1499298096e+02 6.1476702881e+02 6.1457598877e+02 6.1433697510e+02 6.1407800293e+02 6.1393798828e+02 6.1385302734e+02 6.1370898438e+02 6.1357299805e+02 6.1349102783e+02 6.1346002197e+02 6.1327697754e+02 6.1296801758e+02 6.1266699219e+02 6.1248199463e+02 6.1225799561e+02 6.1198797607e+02 6.1177197266e+02 6.1167602539e+02 6.1155798340e+02 6.1143701172e+02 6.1146099854e+02 6.1161401367e+02 6.1173699951e+02 6.1181799316e+02 6.1189001465e+02 6.1200701904e+02 6.1213000488e+02 6.1226202393e+02 6.1237500000e+02 6.1243499756e+02 6.1242401123e+02 6.1244500732e+02 6.1252001953e+02 6.1266601563e+02
6.1575402832e+02 6.1563000488e+02 6.1558502197e+02 6.1557800293e+02 6.1559698486e+02 6.1553802490e+02 6.1536999512e+02 6.1514501953e+02 6.1495697021e+02 6.1476599121e+02 6.1456097412e+02 6.1432000732e+02 6.1403997803e+02 6.1379498291e+02 6.1352301025e+02 6.1326397705e+02 6.1313397217e+02 6.1309698486e+02 6.1303198242e+02 6.1296197510e+02 6.1293103027e+02 6.1293200684e+02 6.1276300049e+02 6.1244897461e+02 6.1209899902e+02 6.1187402344e+02 6.1165100098e+02 6.1142602539e+02 6.1127899170e+02 6.1115899658e+02 6.1106298828e+02 6.1097601318e+02 6.1092297363e+02 6.1103497314e+02 6.1115802002e+02 6.1125000000e+02 6.1132800293e+02 6.1145800781e+02 6.1158599854e+02 6.1169799805e+02 6.1178002930e+02 6.1181298828e+02 6.1181799316e+02 6.1189801025e+02 6.1206597900e+02 6.1228399658e+02
