TESTSERVER/9/10.asc
NCOLS 100
NROWS 100
XLLCORNER 7.9497500000e+03
YLLCORNER 2.8945025000e+05
CELLSIZE 5.0000000000e-01
NODATA_VALUE -9.9990000000e+03
[rows 20 to 39 of 100, columns 46 to 91 of 100]
5.8562597656e+02 5.8600701904e+02 5.8638201904e+02 5.8672198486e+02 5.8703900146e+02 5.8740002441e+02 5.8778698730e+02 5.8818103027e+02 5.8857000732e+02 5.8890698242e+02 5.8927099609e+02 5.8976098633e+02 5.9040399170e+02 5.9069598389e+02 5.9092700195e+02 5.9129400635e+02 5.9175897217e+02 5.9232598877e+02 5.9279602051e+02 5.9321801758e+02 5.9360498047e+02 5.9399798584e+02 5.9442297363e+02 5.9489300537e+02 5.9541400146e+02 5.9606402588e+02 5.9629302979e+02 5.9656201172e+02 5.9694702148e+02 5.9736401367e+02 5.9787500000e+02 5.9835998535e+02 5.9868103027e+02 5.9876300049e+02 5.9899298096e+02 5.9921502686e+02 5.9929998779e+02 5.9945697021e+02 5.9957202148e+02 5.9962298584e+02 5.9967401123e+02 5.9968902588e+02 5.9965600586e+02 5.9965698242e+02 5.9967901611e+02 5.9965698242e+02
5.8529498291e+02 5.8567901611e+02 5.8608502197e+02 5.8644201660e+02 5.8675701904e+02 5.8710998535e+02 5.8748400879e+02 5.8785400391e+02 5.8821997070e+02 5.8859698486e+02 5.8897302246e+02 5.8935400391e+02 5.8991400146e+02 5.9032501221e+02 5.9064898682e+02 5.9107598877e+02 5.9149298096e+02 5.9203802490e+02 5.9247698975e+02 5.9284399414e+02 5.9324700928e+02 5.9361901855e+02 5.9412701416e+02 5.9461199951e+02 5.9498999023e+02 5.9546801758e+02 5.9584197998e+02 5.9622302246e+02 5.9660498047e+02 5.9698999023e+02 5.9748199463e+02 5.9822302246e+02 5.9883599854e+02 5.9871697998e+02 5.9871600342e+02 5.9885900879e+02 5.9895501709e+02 5.9914398193e+02 5.9940197754e+02 5.9958898926e+02 5.9967102051e+02 5.9967797852e+02 5.9962402344e+02 5.9958398438e+02 5.9957702637e+02 5.9957702637e+02
5.8499902344e+02 5.8540002441e+02 5.8582598877e+02 5.8618902588e+02 5.8648699951e+02 5.8685498047e+02 5.8723297119e+02 5.8758300781e+02 5.8791101074e+02 5.8832397461e+02 5.8875598145e+02 5.8909002686e+02 5.8953302002e+02 5.9007501221e+02 5.9041900635e+02 5.9080700684e+02 5.9121002197e+02 5.9171301270e+02 5.9212799072e+02 5.9247802734e+02 5.9290802002e+02 5.9327502441e+02 5.9374902344e+02 5.9426397705e+02 5.9469799805e+02 5.9517901611e+02 5.9558697510e+02 5.9592700195e+02 5.9623498535e+02 5.9655700684e+02 5.9696899414e+02 5.9772198486e+02 5.9843798828e+02 5.9836999512e+02 5.9839501953e+02 5.9855999756e+02 5.9869500732e+02 5.9888500977e+02 5.9919097900e+02 5.9944396973e+02 5.9956402588e+02 5.9961901855e+02 5.9960699463e+02 5.9956298828e+02 5.9950701904e+02 5.9948901367e+02
5.8471997070e+02 5.8511700439e+02 5.8554302979e+02 5.8590100098e+02 5.8617498779e+02 5.8658099365e+02 5.8699700928e+02 5.8734997559e+02 5.8764001465e+02 5.8806701660e+02 5.8856298828e+02 5.8891302490e+02 5.8924200439e+02 5.8973901367e+02 5.9011700439e+02 5.9050000000e+02 5.9090399170e+02 5.9135498047e+02 5.9175097656e+02 5.9210302734e+02 5.9251599121e+02 5.9285900879e+02 5.9330200195e+02 5.9383801270e+02 5.9433801270e+02 5.9482000732e+02 5.9531097412e+02 5.9572302246e+02 5.9602600098e+02 5.9625598145e+02 5.9650701904e+02 5.9698101807e+02 5.9748602295e+02 5.9778302002e+02 5.9806097412e+02 5.9828002930e+02 5.9847802734e+02 5.9868298340e+02 5.9895599365e+02 5.9920300293e+02 5.9942102051e+02 5.9955499268e+02 5.9958801270e+02 5.9955499268e+02 5.9947100830e+02 5.9941699219e+02
5.8441497803e+02 5.8477197266e+02 5.8515100098e+02 5.8549597168e+02 5.8579901123e+02 5.8626898193e+02 5.8673602295e+02 5.8713000488e+02 5.8745501709e+02 5.8784802246e+02 5.8831402588e+02 5.8869799805e+02 5.8902001953e+02 5.8942199707e+02 5.8982897949e+02 5.9019799805e+02 5.9056097412e+02 5.9097998047e+02 5.9135797119e+02 5.9171697998e+02 5.9210302734e+02 5.9247302246e+02 5.9288098145e+02 5.9333801270e+02 5.9383197021e+02 5.9424597168e+02 5.9497399902e+02 5.9576397705e+02 5.9620599365e+02 5.9626098633e+02 5.9638702393e+02 5.9659899902e+02 5.9696301270e+02 5.9755297852e+02 5.9789599609e+02 5.9803997803e+02 5.9829498291e+02 5.9851501465e+02 5.9872100830e+02 5.9898400879e+02 5.9935400391e+02 5.9951898193e+02 5.9952099609e+02 5.9946997070e+02 5.9943597412e+02 5.9938500977e+02
5.8406701660e+02 5.8438000488e+02 5.8467498779e+02 5.8500897217e+02 5.8541900635e+02 5.8596099854e+02 5.8648901367e+02 5.8696197510e+02 5.8734100342e+02 5.8770599365e+02 5.8807702637e+02 5.8843798828e+02 5.8878399658e+02 5.8919097900e+02 5.8957598877e+02 5.8990399170e+02 5.9021697998e+02 5.9065301514e+02 5.9104998779e+02 5.9140502930e+02 5.9175000000e+02 5.9218798828e+02 5.9265802002e+02 5.9303698730e+02 5.9345202637e+02 5.9382299805e+02 5.9459100342e+02 5.9566900635e+02 5.9603900146e+02 5.9604199219e+02 5.9616302490e+02 5.9640100098e+02 5.9678698730e+02 5.9735797119e+02 5.9767797852e+02 5.9785101318e+02 5.9813000488e+02 5.9837500000e+02 5.9857501221e+02 5.9886297607e+02 5.9922497559e+02 5.9946801758e+02 5.9950799561e+02 5.9944097900e+02 5.9936700439e+02 5.9933801270e+02
5.8369500732e+02 5.8401397705e+02 5.8428802490e+02 5.8461700439e+02 5.8507000732e+02 5.8564898682e+02 5.8623101807e+02 5.8676501465e+02 5.8720202637e+02 5.8754998779e+02 5.8786901855e+02 5.8819097900e+02 5.8852600098e+02 5.8889398193e+02 5.8927398682e+02 5.8961499023e+02 5.8989697266e+02 5.9027301025e+02 5.9065502930e+02 5.9102099609e+02 5.9139697266e+02 5.9189801025e+02 5.9243200684e+02 5.9282598877e+02 5.9314898682e+02 5.9346899414e+02 5.9404602051e+02 5.9506597900e+02 5.9564398193e+02 5.9562097168e+02 5.9586499023e+02 5.9625701904e+02 5.9662799072e+02 5.9719396973e+02 5.9752801514e+02 5.9763000488e+02 5.9788500977e+02 5.9816601563e+02 5.9840399170e+02 5.9868499756e+02 5.9897399902e+02 5.9928002930e+02 5.9945501709e+02 5.9946398926e+02 5.9935498047e+02 5.9928497314e+02
5.8327600098e+02 5.8365698242e+02 5.8396899414e+02 5.8430798340e+02 5.8475000000e+02 5.8531701660e+02 5.8592602539e+02 5.8650097656e+02 5.8698101807e+02 5.8733197021e+02 5.8762402344e+02 5.8792102051e+02 5.8825897217e+02 5.8860498047e+02 5.8897900391e+02 5.8933502197e+02 5.8959698486e+02 5.8992700195e+02 5.9028900146e+02 5.9066400146e+02 5.9109100342e+02 5.9150598145e+02 5.9197100830e+02 5.9240399170e+02 5.9276202393e+02 5.9315399170e+02 5.9359698486e+02 5.9438800049e+02 5.9528997803e+02 5.9539202881e+02 5.9564599609e+02 5.9608300781e+02 5.9637701416e+02 5.9708398438e+02 5.9759899902e+02 5.9760302734e+02 5.9767401123e+02 5.9790698242e+02 5.9816400146e+02 5.9842297363e+02 5.9864898682e+02 5.9898199463e+02 5.9926800537e+02 5.9940100098e+02 5.9936700439e+02 5.9927301025e+02
5.8282702637e+02 5.8326098633e+02 5.8363299561e+02 5.8400097656e+02 5.8442901611e+02 5.8496801758e+02 5.8557598877e+02 5.8616802979e+02 5.8667401123e+02 5.8701397705e+02 5.8730999756e+02 5.8760400391e+02 5.8793798828e+02 5.8827502441e+02 5.8861999512e+02 5.8896099854e+02 5.8926202393e+02 5.8962902832e+02 5.8993597412e+02 5.9027301025e+02 5.9072698975e+02 5.9108197021e+02 5.9142401123e+02 5.9184698486e+02 5.9228601074e+02 5.9267797852e+02 5.9314501953e+02 5.9375897217e+02 5.9457000732e+02 5.9491302490e+02 5.9524597168e+02 5.9577600098e+02 5.9607098389e+02 5.9644396973e+02 5.9703497314e+02 5.9731402588e+02 5.9746697998e+02 5.9769000244e+02 5.9793902588e+02 5.9818701172e+02 5.9842199707e+02 5.9872998047e+02 5.9905700684e+02 5.9930700684e+02 5.9942700195e+02 5.9936901855e+02
5.8244097900e+02 5.8287200928e+02 5.8322802734e+02 5.8359399414e+02 5.8405798340e+02 5.8460900879e+02 5.8518103027e+02 5.8574499512e+02 5.8625097656e+02 5.8665197754e+02 5.8698901367e+02 5.8730200195e+02 5.8760198975e+02 5.8787597656e+02 5.8818701172e+02 5.8852801514e+02 5.8886602783e+02 5.8915197754e+02 5.8942102051e+02 5.8974499512e+02 5.9019897461e+02 5.9069299316e+02 5.9110101318e+02 5.9144396973e+02 5.9179998779e+02 5.9220202637e+02 5.9273999023e+02 5.9336401367e+02 5.9397998047e+02 5.9430200195e+02 5.9474401855e+02 5.9527697754e+02 5.9554699707e+02 5.9577099609e+02 5.9626300049e+02 5.9672802734e+02 5.9705401611e+02 5.9737298584e+02 5.9771099854e+02 5.9800701904e+02 5.9827600098e+02 5.9856402588e+02 5.9887799072e+02 5.9921099854e+02 5.9942102051e+02 5.9945397949e+02
5.8199298096e+02 5.8244201660e+02 5.8280798340e+02 5.8318298340e+02 5.8367199707e+02 5.8421899414e+02 5.8474298096e+02 5.8526202393e+02 5.8575897217e+02 5.8620800781e+02 5.8659002686e+02 5.8693402100e+02 5.8725201416e+02 5.8753900146e+02 5.8783398438e+02 5.8818200684e+02 5.8856701660e+02 5.8880999756e+02 5.8902099609e+02 5.8930999756e+02 5.8968499756e+02 5.9016601563e+02 5.9063598633e+02 5.9100402832e+02 5.9138800049e+02 5.9186999512e+02 5.9235900879e+02 5.9284802246e+02 5.9339501953e+02 5.9381896973e+02 5.9425299072e+02 5.9473101807e+02 5.9509802246e+02 5.9533197021e+02 5.9576202393e+02 5.9628399658e+02 5.9672100830e+02 5.9708898926e+02 5.9748400879e+02 5.9780798340e+02 5.9806701660e+02 5.9836199951e+02 5.9865197754e+02 5.9901800537e+02 5.9933697510e+02 5.9941198730e+02
5.8149902344e+02 5.8200897217e+02 5.8242102051e+02 5.8282598877e+02 5.8332000732e+02 5.8383300781e+02 5.8429901123e+02 5.8476300049e+02 5.8523602295e+02 5.8569500732e+02 5.8609802246e+02 5.8645397949e+02 5.8678601074e+02 5.8711999512e+02 5.8741699219e+02 5.8774499512e+02 5.8813299561e+02 5.8840698242e+02 5.8860998535e+02 5.8887500000e+02 5.8919799805e+02 5.8960400391e+02 5.9006201172e+02 5.9049401855e+02 5.9100799561e+02 5.9156500244e+02 5.9202099609e+02 5.9243701172e+02 5.9296801758e+02 5.9348101807e+02 5.9395800781e+02 5.9440802002e+02 5.9475897217e+02 5.9496502686e+02 5.9534497070e+02 5.9590301514e+02 5.9642700195e+02 5.9680902100e+02 5.9723297119e+02 5.9758001709e+02 5.9782897949e+02 5.9815100098e+02 5.9843499756e+02 5.9880499268e+02 5.9917602539e+02 5.9926599121e+02
5.8096301270e+02 5.8158398438e+02 5.8206896973e+02 5.8252301025e+02 5.8303601074e+02 5.8349298096e+02 5.8388897705e+02 5.8429400635e+02 5.8474700928e+02 5.8517797852e+02 5.8554400635e+02 5.8585601807e+02 5.8611602783e+02 5.8647802734e+02 5.8678002930e+02 5.8706201172e+02 5.8734600830e+02 5.8774102783e+02 5.8806298828e+02 5.8835198975e+02 5.8865899658e+02 5.8911401367e+02 5.8956097412e+02 5.9002600098e+02 5.9058697510e+02 5.9119702148e+02 5.9166400146e+02 5.9207702637e+02 5.9253997803e+02 5.9302099609e+02 5.9357702637e+02 5.9404302979e+02 5.9435302734e+02 5.9460498047e+02 5.9498400879e+02 5.9554400635e+02 5.9615002441e+02 5.9652801514e+02 5.9693597412e+02 5.9731896973e+02 5.9759600830e+02 5.9790100098e+02 5.9819396973e+02 5.9854901123e+02 5.9894799805e+02 5.9917602539e+02
5.8055603027e+02 5.8116497803e+02 5.8166998291e+02 5.8215100098e+02 5.8268200684e+02 5.8312500000e+02 5.8347900391e+02 5.8385302734e+02 5.8430401611e+02 5.8471502686e+02 5.8499298096e+02 5.8521301270e+02 5.8543701172e+02 5.8575299072e+02 5.8605401611e+02 5.8633697510e+02 5.8664398193e+02 5.8702801514e+02 5.8740502930e+02 5.8773297119e+02 5.8807202148e+02 5.8857702637e+02 5.8907202148e+02 5.8955499268e+02 5.9019201660e+02 5.9110302734e+02 5.9162799072e+02 5.9189501953e+02 5.9215301514e+02 5.9255499268e+02 5.9304797363e+02 5.9353198242e+02 5.9392797852e+02 5.9423999023e+02 5.9458801270e+02 5.9509600830e+02 5.9574700928e+02 5.9624700928e+02 5.9668200684e+02 5.9709997559e+02 5.9738397217e+02 5.9764599609e+02 5.9796197510e+02 5.9830999756e+02 5.9871801758e+02 5.9906201172e+02
5.8031799316e+02 5.8085699463e+02 5.8130297852e+02 5.8174298096e+02 5.8225701904e+02 5.8269897461e+02 5.8304101563e+02 5.8339300537e+02 5.8382800293e+02 5.8419396973e+02 5.8441198730e+02 5.8457000732e+02 5.8474700928e+02 5.8503698730e+02 5.8534600830e+02 5.8565698242e+02 5.8596997070e+02 5.8633099365e+02 5.8669702148e+02 5.8704400635e+02 5.8745098877e+02 5.8799499512e+02 5.8851397705e+02 5.8900500488e+02 5.8960601807e+02 5.9050402832e+02 5.9113098145e+02 5.9145898438e+02 5.9174200439e+02 5.9218298340e+02 5.9261700439e+02 5.9304998779e+02 5.9344000244e+02 5.9384301758e+02 5.9419500732e+02 5.9461798096e+02 5.9522601318e+02 5.9582800293e+02 5.9633599854e+02 5.9681701660e+02 5.9718402100e+02 5.9755902100e+02 5.9796899414e+02 5.9832000732e+02 5.9867901611e+02 5.9898199463e+02
5.8009301758e+02 5.8056701660e+02 5.8090100098e+02 5.8123901367e+02 5.8171398926e+02 5.8220098877e+02 5.8255200195e+02 5.8289001465e+02 5.8327697754e+02 5.8360699463e+02 5.8380603027e+02 5.8392199707e+02 5.8404101563e+02 5.8430499268e+02 5.8463397217e+02 5.8498797607e+02 5.8532598877e+02 5.8568402100e+02 5.8603302002e+02 5.8638897705e+02 5.8684497070e+02 5.8742999268e+02 5.8795397949e+02 5.8843902588e+02 5.8895898438e+02 5.8964697266e+02 5.9032598877e+02 5.9084600830e+02 5.9128302002e+02 5.9173699951e+02 5.9225000000e+02 5.9269598389e+02 5.9302502441e+02 5.9347100830e+02 5.9386499023e+02 5.9426300049e+02 5.9479302979e+02 5.9537500000e+02 5.9589099121e+02 5.9643701172e+02 5.9693798828e+02 5.9757501221e+02 5.9821398926e+02 5.9860198975e+02 5.9884399414e+02 5.9901599121e+02
5.7964898682e+02 5.8014697266e+02 5.8036901855e+02 5.8058599854e+02 5.8101397705e+02 5.8155700684e+02 5.8195697021e+02 5.8230798340e+02 5.8265301514e+02 5.8296697998e+02 5.8319500732e+02 5.8329302979e+02 5.8333099365e+02 5.8358697510e+02 5.8395300293e+02 5.8433801270e+02 5.8465002441e+02 5.8500799561e+02 5.8538299561e+02 5.8576898193e+02 5.8620800781e+02 5.8690802002e+02 5.8745697021e+02 5.8794500732e+02 5.8853997803e+02 5.8901599121e+02 5.8957299805e+02 5.9028802490e+02 5.9112902832e+02 5.9136199951e+02 5.9192700195e+02 5.9246197510e+02 5.9268798828e+02 5.9307501221e+02 5.9349499512e+02 5.9392999268e+02 5.9447198486e+02 5.9500299072e+02 5.9552197266e+02 5.9611999512e+02 5.9673498535e+02 5.9754498291e+02 5.9842102051e+02 5.9885400391e+02 5.9901202393e+02 5.9908801270e+02
5.7891497803e+02 5.7950097656e+02 5.7977398682e+02 5.7996801758e+02 5.8030200195e+02 5.8073901367e+02 5.8113299561e+02 5.8153399658e+02 5.8195098877e+02 5.8225799561e+02 5.8249200439e+02 5.8261999512e+02 5.8269702148e+02 5.8288897705e+02 5.8321899414e+02 5.8362200928e+02 5.8397100830e+02 5.8434497070e+02 5.8487902832e+02 5.8539501953e+02 5.8579101563e+02 5.8632702637e+02 5.8696502686e+02 5.8757299805e+02 5.8807501221e+02 5.8851300049e+02 5.8906201172e+02 5.8987200928e+02 5.9060699463e+02 5.9085797119e+02 5.9170001221e+02 5.9255297852e+02 5.9261700439e+02 5.9274499512e+02 5.9309301758e+02 5.9351397705e+02 5.9411199951e+02 5.9468902588e+02 5.9524298096e+02 5.9582598877e+02 5.9640301514e+02 5.9736901855e+02 5.9855902100e+02 5.9905102539e+02 5.9908001709e+02 5.9914099121e+02
5.7796099854e+02 5.7863000488e+02 5.7905798340e+02 5.7937597656e+02 5.7968200684e+02 5.8002801514e+02 5.8035797119e+02 5.8073101807e+02 5.8115600586e+02 5.8144097900e+02 5.8167797852e+02 5.8186499023e+02 5.8202697754e+02 5.8221099854e+02 5.8253997803e+02 5.8297900391e+02 5.8340002441e+02 5.8388702393e+02 5.8462902832e+02 5.8530499268e+02 5.8562902832e+02 5.8590899658e+02 5.8650799561e+02 5.8715899658e+02 5.8762200928e+02 5.8809301758e+02 5.8859997559e+02 5.8918798828e+02 5.8970300293e+02 5.9010601807e+02 5.9094598389e+02 5.9183801270e+02 5.9205297852e+02 5.9227600098e+02 5.9280297852e+02 5.9334197998e+02 5.9394201660e+02 5.9450299072e+02 5.9504101563e+02 5.9556799316e+02 5.9600598145e+02 5.9700701904e+02 5.9851000977e+02 5.9919598389e+02 5.9915100098e+02 5.9909002686e+02
5.7692901611e+02 5.7763201904e+02 5.7822601318e+02 5.7872302246e+02 5.7909802246e+02 5.7941497803e+02 5.7970202637e+02 5.8002502441e+02 5.8040301514e+02 5.8067901611e+02 5.8091900635e+02 5.8113397217e+02 5.8135699463e+02 5.8164398193e+02 5.8203802490e+02 5.8251202393e+02 5.8295001221e+02 5.8347302246e+02 5.8427502441e+02 5.8501000977e+02 5.8538702393e+02 5.8555603027e+02 5.8607501221e+02 5.8672698975e+02 5.8721099854e+02 5.8771997070e+02 5.8821899414e+02 5.8866802979e+02 5.8914898682e+02 5.8969598389e+02 5.9019598389e+02 5.9073498535e+02 5.9111798096e+02 5.9165301514e+02 5.9249700928e+02 5.9325000000e+02 5.9385302734e+02 5.9437500000e+02 5.9492602539e+02 5.9549499512e+02 5.9586297607e+02 5.9666497803e+02 5.9813397217e+02 5.9892602539e+02 5.9905999756e+02 5.9898400879e+02
