TESTSERVER/9/10.asc
NCOLS 100
NROWS 100
XLLCORNER 7.9497500000e+03
YLLCORNER 2.8945025000e+05
CELLSIZE 5.0000000000e-01
NODATA_VALUE -9.9990000000e+03
[rows 80 to 99 of 100, columns 46 to 91 of 100]
5.7630700684e+02 5.7671899414e+02 5.7718902588e+02 5.7756597900e+02 5.7787902832e+02 5.7830798340e+02 5.7879901123e+02 5.7917999268e+02 5.7949298096e+02 5.7980603027e+02 5.8015197754e+02 5.8058300781e+02 5.8109698486e+02 5.8169799805e+02 5.8229101563e+02 5.8276300049e+02 5.8318298340e+02 5.8362799072e+02 5.8401898193e+02 5.8434997559e+02 5.8474700928e+02 5.8527697754e+02 5.8582800293e+02 5.8633502197e+02 5.8689398193e+02 5.8762597656e+02 5.8826898193e+02 5.8871099854e+02 5.8907000732e+02 5.8950299072e+02 5.8996801758e+02 5.9036102295e+02 5.9073199463e+02 5.9123999023e+02 5.9190600586e+02 5.9251000977e+02 5.9293499756e+02 5.9338397217e+02 5.9401702881e+02 5.9457897949e+02 5.9498602295e+02 5.9557897949e+02 5.9624902344e+02 5.9643298340e+02 5.9648400879e+02 5.9647302246e+02
5.7659197998e+02 5.7704101563e+02 5.7748797607e+02 5.7780499268e+02 5.7813397217e+02 5.7861700439e+02 5.7909802246e+02 5.7947399902e+02 5.7979901123e+02 5.8011499023e+02 5.8040698242e+02 5.8079998779e+02 5.8130297852e+02 5.8185797119e+02 5.8243701172e+02 5.8296197510e+02 5.8346997070e+02 5.8390698242e+02 5.8421997070e+02 5.8451300049e+02 5.8493701172e+02 5.8548602295e+02 5.8602502441e+02 5.8654699707e+02 5.8705102539e+02 5.8763500977e+02 5.8825299072e+02 5.8876202393e+02 5.8916802979e+02 5.8959600830e+02 5.9004199219e+02 5.9043597412e+02 5.9080499268e+02 5.9129199219e+02 5.9200201416e+02 5.9266601563e+02 5.9304101563e+02 5.9341302490e+02 5.9401397705e+02 5.9458898926e+02 5.9499298096e+02 5.9562799072e+02 5.9629498291e+02 5.9645001221e+02 5.9657702637e+02 5.9658801270e+02
5.7704199219e+02 5.7749700928e+02 5.7787799072e+02 5.7813000488e+02 5.7842297363e+02 5.7887701416e+02 5.7934698486e+02 5.7975299072e+02 5.8012902832e+02 5.8045098877e+02 5.8070898438e+02 5.8108001709e+02 5.8154699707e+02 5.8203002930e+02 5.8259802246e+02 5.8318902588e+02 5.8373297119e+02 5.8411700439e+02 5.8438397217e+02 5.8469500732e+02 5.8516900635e+02 5.8573101807e+02 5.8624597168e+02 5.8676202393e+02 5.8721997070e+02 5.8769299316e+02 5.8831201172e+02 5.8888702393e+02 5.8930999756e+02 5.8970599365e+02 5.9011798096e+02 5.9051501465e+02 5.9089697266e+02 5.9139001465e+02 5.9206097412e+02 5.9266900635e+02 5.9303198242e+02 5.9339501953e+02 5.9394598389e+02 5.9451000977e+02 5.9499798584e+02 5.9569000244e+02 5.9628399658e+02 5.9644799805e+02 5.9663800049e+02 5.9668499756e+02
5.7753399658e+02 5.7795397949e+02 5.7827001953e+02 5.7851098633e+02 5.7879998779e+02 5.7918402100e+02 5.7960498047e+02 5.8002600098e+02 5.8045697021e+02 5.8082000732e+02 5.8109497070e+02 5.8145599365e+02 5.8185400391e+02 5.8224401855e+02 5.8277801514e+02 5.8338098145e+02 5.8391101074e+02 5.8430902100e+02 5.8463702393e+02 5.8501501465e+02 5.8551501465e+02 5.8606896973e+02 5.8652899170e+02 5.8698498535e+02 5.8738702393e+02 5.8783599854e+02 5.8849499512e+02 5.8908697510e+02 5.8947399902e+02 5.8982299805e+02 5.9018103027e+02 5.9055798340e+02 5.9096398926e+02 5.9147601318e+02 5.9205603027e+02 5.9258398438e+02 5.9299902344e+02 5.9344097900e+02 5.9400402832e+02 5.9455401611e+02 5.9506402588e+02 5.9575097656e+02 5.9625799561e+02 5.9642901611e+02 5.9663098145e+02 5.9672802734e+02
5.7793402100e+02 5.7834497070e+02 5.7863897705e+02 5.7895300293e+02 5.7929602051e+02 5.7958599854e+02 5.7990899658e+02 5.8028698730e+02 5.8071997070e+02 5.8115600586e+02 5.8150000000e+02 5.8181701660e+02 5.8214099121e+02 5.8249798584e+02 5.8299499512e+02 5.8354901123e+02 5.8406701660e+02 5.8457800293e+02 5.8499597168e+02 5.8539099121e+02 5.8592700195e+02 5.8646398926e+02 5.8686700439e+02 5.8719897461e+02 5.8756701660e+02 5.8804998779e+02 5.8865399170e+02 5.8921997070e+02 5.8960101318e+02 5.8992797852e+02 5.9023699951e+02 5.9060900879e+02 5.9104998779e+02 5.9155798340e+02 5.9206298828e+02 5.9257397461e+02 5.9310101318e+02 5.9365002441e+02 5.9425201416e+02 5.9473797607e+02 5.9516400146e+02 5.9577398682e+02 5.9625000000e+02 5.9643298340e+02 5.9657897949e+02 5.9672998047e+02
5.7833197021e+02 5.7876000977e+02 5.7907397461e+02 5.7934497070e+02 5.7957501221e+02 5.7983099365e+02 5.8018902588e+02 5.8055999756e+02 5.8097802734e+02 5.8146099854e+02 5.8184002686e+02 5.8211999512e+02 5.8240899658e+02 5.8275500488e+02 5.8319897461e+02 5.8370800781e+02 5.8427502441e+02 5.8487402344e+02 5.8532397461e+02 5.8585302734e+02 5.8649597168e+02 5.8689898682e+02 5.8711999512e+02 5.8743798828e+02 5.8786602783e+02 5.8834197998e+02 5.8889099121e+02 5.8937597656e+02 5.8973498535e+02 5.9003802490e+02 5.9035699463e+02 5.9079400635e+02 5.9123498535e+02 5.9169598389e+02 5.9220599365e+02 5.9272497559e+02 5.9325799561e+02 5.9383099365e+02 5.9439801025e+02 5.9484802246e+02 5.9535601807e+02 5.9595397949e+02 5.9629199219e+02 5.9645202637e+02 5.9659100342e+02 5.9674700928e+02
5.7873101807e+02 5.7911999512e+02 5.7942498779e+02 5.7968103027e+02 5.7990997314e+02 5.8021197510e+02 5.8060400391e+02 5.8094396973e+02 5.8128997803e+02 5.8172900391e+02 5.8210797119e+02 5.8240600586e+02 5.8270898438e+02 5.8305200195e+02 5.8345202637e+02 5.8392199707e+02 5.8450799561e+02 5.8514398193e+02 5.8566802979e+02 5.8628002930e+02 5.8682897949e+02 5.8706097412e+02 5.8727801514e+02 5.8763897705e+02 5.8809899902e+02 5.8860797119e+02 5.8922399902e+02 5.8969500732e+02 5.8995001221e+02 5.9022100830e+02 5.9060400391e+02 5.9104797363e+02 5.9144000244e+02 5.9190399170e+02 5.9244598389e+02 5.9293103027e+02 5.9339001465e+02 5.9391998291e+02 5.9447802734e+02 5.9495800781e+02 5.9550897217e+02 5.9602398682e+02 5.9631201172e+02 5.9653698730e+02 5.9672698975e+02 5.9694598389e+02
5.7911102295e+02 5.7945098877e+02 5.7972900391e+02 5.8001501465e+02 5.8029901123e+02 5.8065502930e+02 5.8108697510e+02 5.8146197510e+02 5.8179797363e+02 5.8218798828e+02 5.8250500488e+02 5.8279101563e+02 5.8305999756e+02 5.8336199951e+02 5.8373498535e+02 5.8420098877e+02 5.8479302979e+02 5.8542797852e+02 5.8598797607e+02 5.8653399658e+02 5.8695001221e+02 5.8718597412e+02 5.8747698975e+02 5.8785101318e+02 5.8830902100e+02 5.8885302734e+02 5.8958599854e+02 5.9011700439e+02 5.9026800537e+02 5.9051599121e+02 5.9095697021e+02 5.9134997559e+02 5.9168798828e+02 5.9218103027e+02 5.9273199463e+02 5.9315399170e+02 5.9353399658e+02 5.9400897217e+02 5.9457098389e+02 5.9507299805e+02 5.9557098389e+02 5.9603100586e+02 5.9639801025e+02 5.9670397949e+02 5.9695098877e+02 5.9721997070e+02
5.7951000977e+02 5.7980401611e+02 5.8006201172e+02 5.8035699463e+02 5.8063897705e+02 5.8102801514e+02 5.8149597168e+02 5.8196197510e+02 5.8240899658e+02 5.8284899902e+02 5.8312097168e+02 5.8330798340e+02 5.8353601074e+02 5.8377697754e+02 5.8407897949e+02 5.8455798340e+02 5.8516198730e+02 5.8580200195e+02 5.8638000488e+02 5.8685198975e+02 5.8717602539e+02 5.8743701172e+02 5.8774298096e+02 5.8812402344e+02 5.8856298828e+02 5.8907000732e+02 5.8973602295e+02 5.9031701660e+02 5.9053198242e+02 5.9082897949e+02 5.9125799561e+02 5.9160900879e+02 5.9196600342e+02 5.9244799805e+02 5.9296002197e+02 5.9335302734e+02 5.9370697021e+02 5.9416400146e+02 5.9468499756e+02 5.9516601563e+02 5.9563702393e+02 5.9618902588e+02 5.9664801025e+02 5.9694500732e+02 5.9722100830e+02 5.9748400879e+02
5.7990002441e+02 5.8019000244e+02 5.8046002197e+02 5.8070501709e+02 5.8097900391e+02 5.8135797119e+02 5.8178802490e+02 5.8229602051e+02 5.8283898926e+02 5.8330200195e+02 5.8353802490e+02 5.8373101807e+02 5.8403997803e+02 5.8433001709e+02 5.8458898926e+02 5.8498999023e+02 5.8557299805e+02 5.8614898682e+02 5.8666198730e+02 5.8709698486e+02 5.8739001465e+02 5.8769000244e+02 5.8806597900e+02 5.8842901611e+02 5.8878100586e+02 5.8921899414e+02 5.8984002686e+02 5.9041699219e+02 5.9076898193e+02 5.9115899658e+02 5.9158300781e+02 5.9191601563e+02 5.9225598145e+02 5.9267297363e+02 5.9311602783e+02 5.9349401855e+02 5.9389501953e+02 5.9436102295e+02 5.9487902832e+02 5.9564697266e+02 5.9636798096e+02 5.9675201416e+02 5.9701202393e+02 5.9729302979e+02 5.9753601074e+02 5.9775701904e+02
5.8024499512e+02 5.8057299805e+02 5.8087402344e+02 5.8111297607e+02 5.8137799072e+02 5.8172399902e+02 5.8208502197e+02 5.8261401367e+02 5.8319702148e+02 5.8359802246e+02 5.8386297607e+02 5.8412799072e+02 5.8448101807e+02 5.8483398438e+02 5.8515802002e+02 5.8557800293e+02 5.8610601807e+02 5.8654101563e+02 5.8690301514e+02 5.8729498291e+02 5.8764202881e+02 5.8798797607e+02 5.8836999512e+02 5.8867602539e+02 5.8895599365e+02 5.8936602783e+02 5.8998797607e+02 5.9058300781e+02 5.9101702881e+02 5.9142700195e+02 5.9181500244e+02 5.9215698242e+02 5.9248498535e+02 5.9286499023e+02 5.9326898193e+02 5.9370800781e+02 5.9419702148e+02 5.9468597412e+02 5.9530200195e+02 5.9627099609e+02 5.9697399902e+02 5.9708898926e+02 5.9722802734e+02 5.9753002930e+02 5.9774597168e+02 5.9788702393e+02
5.8047802734e+02 5.8085400391e+02 5.8121099854e+02 5.8149597168e+02 5.8176300049e+02 5.8208898926e+02 5.8242999268e+02 5.8296502686e+02 5.8351397705e+02 5.8383300781e+02 5.8409802246e+02 5.8440899658e+02 5.8479699707e+02 5.8522198486e+02 5.8565502930e+02 5.8614398193e+02 5.8663000488e+02 5.8694598389e+02 5.8717401123e+02 5.8753497314e+02 5.8793499756e+02 5.8828302002e+02 5.8861401367e+02 5.8888598633e+02 5.8915899658e+02 5.8959600830e+02 5.9022497559e+02 5.9078399658e+02 5.9120599365e+02 5.9159002686e+02 5.9197100830e+02 5.9236798096e+02 5.9270001221e+02 5.9307000732e+02 5.9347698975e+02 5.9399798584e+02 5.9456097412e+02 5.9509301758e+02 5.9578802490e+02 5.9661999512e+02 5.9704998779e+02 5.9709698486e+02 5.9732598877e+02 5.9764099121e+02 5.9783697510e+02 5.9789001465e+02
5.8060400391e+02 5.8103100586e+02 5.8142199707e+02 5.8175500488e+02 5.8208898926e+02 5.8242602539e+02 5.8281500244e+02 5.8326898193e+02 5.8368103027e+02 5.8396697998e+02 5.8430102539e+02 5.8467102051e+02 5.8514398193e+02 5.8561798096e+02 5.8604901123e+02 5.8650897217e+02 5.8691699219e+02 5.8721301270e+02 5.8748901367e+02 5.8786199951e+02 5.8826599121e+02 5.8860101318e+02 5.8888500977e+02 5.8914898682e+02 5.8944799805e+02 5.8991998291e+02 5.9050201416e+02 5.9094799805e+02 5.9130798340e+02 5.9167498779e+02 5.9207800293e+02 5.9254699707e+02 5.9293402100e+02 5.9330499268e+02 5.9376702881e+02 5.9430700684e+02 5.9486798096e+02 5.9547698975e+02 5.9615802002e+02 5.9669897461e+02 5.9698602295e+02 5.9715502930e+02 5.9743499756e+02 5.9768499756e+02 5.9785601807e+02 5.9785998535e+02
5.8069702148e+02 5.8117401123e+02 5.8158898926e+02 5.8192999268e+02 5.8233300781e+02 5.8270599365e+02 5.8306298828e+02 5.8344000244e+02 5.8380200195e+02 5.8419702148e+02 5.8467901611e+02 5.8515002441e+02 5.8563500977e+02 5.8614001465e+02 5.8650402832e+02 5.8682000732e+02 5.8716198730e+02 5.8756298828e+02 5.8802697754e+02 5.8842999268e+02 5.8875402832e+02 5.8905297852e+02 5.8931298828e+02 5.8954302979e+02 5.8982299805e+02 5.9026098633e+02 5.9070501709e+02 5.9104302979e+02 5.9143499756e+02 5.9184997559e+02 5.9231402588e+02 5.9296099854e+02 5.9345501709e+02 5.9368597412e+02 5.9408197021e+02 5.9464300537e+02 5.9522198486e+02 5.9583801270e+02 5.9641998291e+02 5.9678802490e+02 5.9704998779e+02 5.9722698975e+02 5.9747601318e+02 5.9773199463e+02 5.9784002686e+02 5.9779302979e+02
5.8079400635e+02 5.8127001953e+02 5.8169598389e+02 5.8206597900e+02 5.8251300049e+02 5.8290802002e+02 5.8327001953e+02 5.8363702393e+02 5.8398602295e+02 5.8443701172e+02 5.8497802734e+02 5.8546899414e+02 5.8591101074e+02 5.8640802002e+02 5.8683697510e+02 5.8717102051e+02 5.8753100586e+02 5.8803100586e+02 5.8854699707e+02 5.8895300293e+02 5.8929302979e+02 5.8960998535e+02 5.8982202148e+02 5.8997100830e+02 5.9019500732e+02 5.9058099365e+02 5.9088598633e+02 5.9119097900e+02 5.9167297363e+02 5.9212597656e+02 5.9260302734e+02 5.9333599854e+02 5.9385400391e+02 5.9401098633e+02 5.9437402344e+02 5.9501397705e+02 5.9563201904e+02 5.9618103027e+02 5.9660797119e+02 5.9683697510e+02 5.9706402588e+02 5.9727197266e+02 5.9754101563e+02 5.9777600098e+02 5.9782702637e+02 5.9775799561e+02
5.8085699463e+02 5.8133502197e+02 5.8177197266e+02 5.8218298340e+02 5.8264599609e+02 5.8303100586e+02 5.8339599609e+02 5.8379101563e+02 5.8416900635e+02 5.8463000488e+02 5.8518902588e+02 5.8569897461e+02 5.8610198975e+02 5.8657299805e+02 5.8709197998e+02 5.8748602295e+02 5.8789599609e+02 5.8845800781e+02 5.8894396973e+02 5.8932800293e+02 5.8970300293e+02 5.9005999756e+02 5.9027398682e+02 5.9039202881e+02 5.9057501221e+02 5.9089898682e+02 5.9112902832e+02 5.9147601318e+02 5.9199798584e+02 5.9242901611e+02 5.9286102295e+02 5.9352600098e+02 5.9400500488e+02 5.9422198486e+02 5.9471398926e+02 5.9546801758e+02 5.9605999756e+02 5.9647100830e+02 5.9675701904e+02 5.9693701172e+02 5.9712902832e+02 5.9737298584e+02 5.9764501953e+02 5.9780999756e+02 5.9782000732e+02 5.9776300049e+02
5.8088299561e+02 5.8138201904e+02 5.8183502197e+02 5.8228002930e+02 5.8271502686e+02 5.8305999756e+02 5.8342797852e+02 5.8387097168e+02 5.8431402588e+02 5.8479797363e+02 5.8535601807e+02 5.8590802002e+02 5.8634301758e+02 5.8680200195e+02 5.8737799072e+02 5.8777899170e+02 5.8819702148e+02 5.8878399658e+02 5.8926397705e+02 5.8961798096e+02 5.8997698975e+02 5.9032299805e+02 5.9061602783e+02 5.9080902100e+02 5.9100598145e+02 5.9125402832e+02 5.9149200439e+02 5.9183099365e+02 5.9226000977e+02 5.9265399170e+02 5.9308801270e+02 5.9361901855e+02 5.9402697754e+02 5.9440600586e+02 5.9513500977e+02 5.9594702148e+02 5.9638702393e+02 5.9663897705e+02 5.9679602051e+02 5.9700701904e+02 5.9724597168e+02 5.9749401855e+02 5.9771697998e+02 5.9781597900e+02 5.9780798340e+02 5.9775097656e+02
5.8086901855e+02 5.8139398193e+02 5.8178900146e+02 5.8224401855e+02 5.8269799805e+02 5.8309802246e+02 5.8353601074e+02 5.8399499512e+02 5.8443798828e+02 5.8488897705e+02 5.8543798828e+02 5.8601501465e+02 5.8650299072e+02 5.8700500488e+02 5.8762200928e+02 5.8807397461e+02 5.8844598389e+02 5.8896301270e+02 5.8942797852e+02 5.8980999756e+02 5.9017297363e+02 5.9055401611e+02 5.9092999268e+02 5.9119299316e+02 5.9142797852e+02 5.9167901611e+02 5.9189001465e+02 5.9213397217e+02 5.9246002197e+02 5.9284600830e+02 5.9335601807e+02 5.9381500244e+02 5.9416900635e+02 5.9467297363e+02 5.9544500732e+02 5.9604901123e+02 5.9638098145e+02 5.9663598633e+02 5.9682202148e+02 5.9711798096e+02 5.9745001221e+02 5.9766802979e+02 5.9777600098e+02 5.9781500244e+02 5.9780700684e+02 5.9776000977e+02
5.8087500000e+02 5.8133502197e+02 5.8171801758e+02 5.8222698975e+02 5.8269702148e+02 5.8314398193e+02 5.8361999512e+02 5.8409301758e+02 5.8454302979e+02 5.8498999023e+02 5.8554302979e+02 5.8612402344e+02 5.8661798096e+02 5.8715600586e+02 5.8778497314e+02 5.8825299072e+02 5.8861700439e+02 5.8905902100e+02 5.8950000000e+02 5.8987799072e+02 5.9026300049e+02 5.9066998291e+02 5.9109301758e+02 5.9144702148e+02 5.9177600098e+02 5.9206097412e+02 5.9228601074e+02 5.9253497314e+02 5.9281701660e+02 5.9316198730e+02 5.9365002441e+02 5.9407098389e+02 5.9446099854e+02 5.9508001709e+02 5.9575701904e+02 5.9614001465e+02 5.9643103027e+02 5.9676202393e+02 5.9704302979e+02 5.9736401367e+02 5.9761401367e+02 5.9772698975e+02 5.9777398682e+02 5.9780102539e+02 5.9780297852e+02 5.9777301025e+02
5.8085900879e+02 5.8121002197e+02 5.8157897949e+02 5.8211602783e+02 5.8257800293e+02 5.8304199219e+02 5.8354199219e+02 5.8405999756e+02 5.8455902100e+02 5.8504302979e+02 5.8561499023e+02 5.8619299316e+02 5.8666198730e+02 5.8721398926e+02 5.8783898926e+02 5.8832800293e+02 5.8872802734e+02 5.8912500000e+02 5.8952899170e+02 5.8991900635e+02 5.9032098389e+02 5.9075201416e+02 5.9123400879e+02 5.9168200684e+02 5.9207702637e+02 5.9236199951e+02 5.9259497070e+02 5.9290399170e+02 5.9321801758e+02 5.9353497314e+02 5.9393103027e+02 5.9432299805e+02 5.9473101807e+02 5.9533697510e+02 5.9596099854e+02 5.9633197021e+02 5.9661999512e+02 5.9695501709e+02 5.9728497314e+02 5.9757598877e+02 5.9767700195e+02 5.9767498779e+02 5.9772100830e+02 5.9776898193e+02 5.9778198242e+02 5.9776098633e+02
