TESTSERVER/9/10.asc
NCOLS 100
NROWS 100
XLLCORNER 7.9497500000e+03
YLLCORNER 2.8945025000e+05
CELLSIZE 5.0000000000e-01
NODATA_VALUE -9.9990000000e+03
[rows 80 to 99 of 100, columns 0 to 45 of 100]
5.5905102539e+02 5.5900897217e+02 5.5892602539e+02 5.5887597656e+02 5.5889801025e+02 5.5900097656e+02 5.5941101074e+02 5.6007202148e+02 5.6087402344e+02 5.6144500732e+02 5.6174499512e+02 5.6191198730e+02 5.6213299561e+02 5.6248199463e+02 5.6289801025e+02 5.6332800293e+02 5.6383099365e+02 5.6430200195e+02 5.6468902588e+02 5.6489398193e+02 5.6516900635e+02 5.6559301758e+02 5.6611999512e+02 5.6666302490e+02 5.6716802979e+02 5.6776702881e+02 5.6852899170e+02 5.6943798828e+02 5.7031097412e+02 5.7106097412e+02 5.7166400146e+02 5.7223400879e+02 5.7270599365e+02 5.7303002930e+02 5.7320397949e+02 5.7326000977e+02 5.7338000488e+02 5.7355902100e+02 5.7373199463e+02 5.7394299316e+02 5.7420300293e+02 5.7451898193e+02 5.7491802979e+02 5.7533099365e+02 5.7567901611e+02 5.7599499512e+02
5.5908001709e+02 5.5903497314e+02 5.5893701172e+02 5.5898602295e+02 5.5913098145e+02 5.5949902344e+02 5.6019396973e+02 5.6100000000e+02 5.6156701660e+02 5.6183599854e+02 5.6194702148e+02 5.6209100342e+02 5.6236602783e+02 5.6272802734e+02 5.6316998291e+02 5.6367901611e+02 5.6421600342e+02 5.6467797852e+02 5.6498297119e+02 5.6517199707e+02 5.6551202393e+02 5.6591198730e+02 5.6634997559e+02 5.6682501221e+02 5.6736798096e+02 5.6803100586e+02 5.6881298828e+02 5.6964300537e+02 5.7041900635e+02 5.7110900879e+02 5.7171697998e+02 5.7225799561e+02 5.7275799561e+02 5.7320599365e+02 5.7351000977e+02 5.7367700195e+02 5.7383599854e+02 5.7398699951e+02 5.7411199951e+02 5.7434301758e+02 5.7464898682e+02 5.7494897461e+02 5.7527398682e+02 5.7561102295e+02 5.7591302490e+02 5.7623297119e+02
5.5908599854e+02 5.5902899170e+02 5.5894799805e+02 5.5905200195e+02 5.5933099365e+02 5.5991900635e+02 5.6076898193e+02 5.6146301270e+02 5.6179498291e+02 5.6196600342e+02 5.6214398193e+02 5.6238598633e+02 5.6267297363e+02 5.6300701904e+02 5.6343597412e+02 5.6396600342e+02 5.6451202393e+02 5.6495599365e+02 5.6527197266e+02 5.6556896973e+02 5.6601098633e+02 5.6644500732e+02 5.6680603027e+02 5.6721801758e+02 5.6774798584e+02 5.6842901611e+02 5.6919799805e+02 5.6996398926e+02 5.7066198730e+02 5.7128802490e+02 5.7184301758e+02 5.7233197021e+02 5.7281402588e+02 5.7331500244e+02 5.7373901367e+02 5.7404901123e+02 5.7427398682e+02 5.7442797852e+02 5.7455902100e+02 5.7482299805e+02 5.7514599609e+02 5.7539599609e+02 5.7563702393e+02 5.7593103027e+02 5.7624200439e+02 5.7661798096e+02
5.5905200195e+02 5.5899298096e+02 5.5893200684e+02 5.5903198242e+02 5.5937298584e+02 5.6008801270e+02 5.6101397705e+02 5.6153497314e+02 5.6170898438e+02 5.6194702148e+02 5.6231597900e+02 5.6268402100e+02 5.6298901367e+02 5.6330499268e+02 5.6372601318e+02 5.6425097656e+02 5.6477398682e+02 5.6519897461e+02 5.6553601074e+02 5.6591998291e+02 5.6646502686e+02 5.6698297119e+02 5.6731500244e+02 5.6770599365e+02 5.6825201416e+02 5.6895098877e+02 5.6968798828e+02 5.7038500977e+02 5.7101599121e+02 5.7156799316e+02 5.7205200195e+02 5.7248297119e+02 5.7293597412e+02 5.7344000244e+02 5.7393298340e+02 5.7436102295e+02 5.7466302490e+02 5.7486999512e+02 5.7507501221e+02 5.7537097168e+02 5.7566302490e+02 5.7585601807e+02 5.7604797363e+02 5.7634197998e+02 5.7667901611e+02 5.7708898926e+02
5.5896801758e+02 5.5892901611e+02 5.5888098145e+02 5.5888897705e+02 5.5902099609e+02 5.5980798340e+02 5.6091699219e+02 5.6146801758e+02 5.6156201172e+02 5.6188800049e+02 5.6238598633e+02 5.6287799072e+02 5.6327001953e+02 5.6362500000e+02 5.6406201172e+02 5.6456597900e+02 5.6508001709e+02 5.6546899414e+02 5.6578100586e+02 5.6617401123e+02 5.6674200439e+02 5.6727600098e+02 5.6764001465e+02 5.6810498047e+02 5.6873199463e+02 5.6945898438e+02 5.7018200684e+02 5.7082702637e+02 5.7140899658e+02 5.7189001465e+02 5.7233300781e+02 5.7273101807e+02 5.7317297363e+02 5.7365197754e+02 5.7417102051e+02 5.7463098145e+02 5.7499798584e+02 5.7530603027e+02 5.7561798096e+02 5.7591400146e+02 5.7615100098e+02 5.7632800293e+02 5.7648498535e+02 5.7675201416e+02 5.7710601807e+02 5.7750598145e+02
5.5890802002e+02 5.5889001465e+02 5.5886297607e+02 5.5879101563e+02 5.5880200195e+02 5.5944799805e+02 5.6076300049e+02 5.6134899902e+02 5.6135699463e+02 5.6150097656e+02 5.6200799561e+02 5.6273602295e+02 5.6334399414e+02 5.6379602051e+02 5.6426098633e+02 5.6478002930e+02 5.6529602051e+02 5.6568298340e+02 5.6599798584e+02 5.6646398926e+02 5.6702301025e+02 5.6746899414e+02 5.6790600586e+02 5.6843902588e+02 5.6907397461e+02 5.6977398682e+02 5.7046997070e+02 5.7109802246e+02 5.7164099121e+02 5.7210900879e+02 5.7254302979e+02 5.7296002197e+02 5.7341497803e+02 5.7391699219e+02 5.7442297363e+02 5.7486798096e+02 5.7527197266e+02 5.7568200684e+02 5.7606402588e+02 5.7636901855e+02 5.7661199951e+02 5.7679699707e+02 5.7692401123e+02 5.7714501953e+02 5.7750701904e+02 5.7790100098e+02
5.5889599609e+02 5.5888702393e+02 5.5890002441e+02 5.5888897705e+02 5.5896697998e+02 5.5954101563e+02 5.6069598389e+02 5.6143902588e+02 5.6179901123e+02 5.6184802246e+02 5.6215002441e+02 5.6288897705e+02 5.6347698975e+02 5.6387500000e+02 5.6429199219e+02 5.6480999756e+02 5.6534802246e+02 5.6576397705e+02 5.6612097168e+02 5.6665301514e+02 5.6726098633e+02 5.6774401855e+02 5.6825701904e+02 5.6880999756e+02 5.6939501953e+02 5.7002899170e+02 5.7066998291e+02 5.7127398682e+02 5.7180798340e+02 5.7228997803e+02 5.7272900391e+02 5.7317999268e+02 5.7366802979e+02 5.7418103027e+02 5.7467297363e+02 5.7510601807e+02 5.7553802490e+02 5.7601702881e+02 5.7645300293e+02 5.7678698730e+02 5.7706097412e+02 5.7728497314e+02 5.7744702148e+02 5.7768597412e+02 5.7802398682e+02 5.7835699463e+02
5.5893597412e+02 5.5893402100e+02 5.5896002197e+02 5.5900402832e+02 5.5917999268e+02 5.5974597168e+02 5.6083898926e+02 5.6209301758e+02 5.6311901855e+02 5.6319897461e+02 5.6310601807e+02 5.6350701904e+02 5.6374200439e+02 5.6391601563e+02 5.6421398926e+02 5.6470697021e+02 5.6527899170e+02 5.6576397705e+02 5.6618798828e+02 5.6675500488e+02 5.6740100098e+02 5.6799200439e+02 5.6860699463e+02 5.6917700195e+02 5.6971099854e+02 5.7025799561e+02 5.7082598877e+02 5.7140002441e+02 5.7193298340e+02 5.7243798828e+02 5.7290600586e+02 5.7340399170e+02 5.7392498779e+02 5.7444097900e+02 5.7491400146e+02 5.7535400391e+02 5.7581500244e+02 5.7631799316e+02 5.7677801514e+02 5.7714398193e+02 5.7746600342e+02 5.7774499512e+02 5.7796301270e+02 5.7823199463e+02 5.7853497314e+02 5.7878997803e+02
5.5900000000e+02 5.5897998047e+02 5.5895202637e+02 5.5897497559e+02 5.5920397949e+02 5.5986798096e+02 5.6103399658e+02 5.6267401123e+02 5.6387597656e+02 5.6405902100e+02 5.6389599609e+02 5.6393902588e+02 5.6391998291e+02 5.6391900635e+02 5.6406896973e+02 5.6452600098e+02 5.6513299561e+02 5.6573498535e+02 5.6627398682e+02 5.6679101563e+02 5.6736999512e+02 5.6806799316e+02 5.6880603027e+02 5.6946002197e+02 5.7000598145e+02 5.7049798584e+02 5.7098199463e+02 5.7149798584e+02 5.7203601074e+02 5.7257098389e+02 5.7311901855e+02 5.7365399170e+02 5.7421502686e+02 5.7469598389e+02 5.7516101074e+02 5.7563098145e+02 5.7611700439e+02 5.7659301758e+02 5.7704199219e+02 5.7743103027e+02 5.7778698730e+02 5.7811700439e+02 5.7841802979e+02 5.7868499756e+02 5.7896697998e+02 5.7921398926e+02
5.5897900391e+02 5.5895397949e+02 5.5892498779e+02 5.5890899658e+02 5.5914697266e+02 5.5984997559e+02 5.6111901855e+02 5.6274102783e+02 5.6382897949e+02 5.6401501465e+02 5.6390600586e+02 5.6389501953e+02 5.6392102051e+02 5.6391802979e+02 5.6401202393e+02 5.6437701416e+02 5.6498101807e+02 5.6565899658e+02 5.6626599121e+02 5.6677197266e+02 5.6730401611e+02 5.6803802490e+02 5.6892602539e+02 5.6968402100e+02 5.7027301025e+02 5.7076800537e+02 5.7118499756e+02 5.7163000488e+02 5.7213598633e+02 5.7270898438e+02 5.7330499268e+02 5.7388098145e+02 5.7440802002e+02 5.7489898682e+02 5.7537500000e+02 5.7587500000e+02 5.7636700439e+02 5.7682299805e+02 5.7722399902e+02 5.7759002686e+02 5.7794097900e+02 5.7830401611e+02 5.7868298340e+02 5.7904998779e+02 5.7935400391e+02 5.7961999512e+02
5.5895800781e+02 5.5893701172e+02 5.5892102051e+02 5.5896002197e+02 5.5922998047e+02 5.5994396973e+02 5.6119299316e+02 5.6270898438e+02 5.6374499512e+02 5.6402600098e+02 5.6395397949e+02 5.6391802979e+02 5.6392498779e+02 5.6391601563e+02 5.6397399902e+02 5.6426501465e+02 5.6483898926e+02 5.6554602051e+02 5.6619702148e+02 5.6670599365e+02 5.6722100830e+02 5.6800799561e+02 5.6902502441e+02 5.6986602783e+02 5.7042401123e+02 5.7087597656e+02 5.7125000000e+02 5.7165997314e+02 5.7215301514e+02 5.7273797607e+02 5.7336199951e+02 5.7395001221e+02 5.7447399902e+02 5.7496997070e+02 5.7547100830e+02 5.7599401855e+02 5.7648699951e+02 5.7691302490e+02 5.7728399658e+02 5.7763897705e+02 5.7798199463e+02 5.7835900879e+02 5.7878997803e+02 5.7923297119e+02 5.7959197998e+02 5.7991601563e+02
5.5894702148e+02 5.5893597412e+02 5.5896099854e+02 5.5910601807e+02 5.5948901367e+02 5.6021099854e+02 5.6129699707e+02 5.6260797119e+02 5.6359197998e+02 5.6395501709e+02 5.6392700195e+02 5.6386999512e+02 5.6386901855e+02 5.6387597656e+02 5.6392797852e+02 5.6417797852e+02 5.6471801758e+02 5.6541302490e+02 5.6606402588e+02 5.6658197021e+02 5.6710900879e+02 5.6790002441e+02 5.6893103027e+02 5.6976501465e+02 5.7027197266e+02 5.7070300293e+02 5.7110101318e+02 5.7152600098e+02 5.7203900146e+02 5.7263800049e+02 5.7328302002e+02 5.7387597656e+02 5.7439898682e+02 5.7490399170e+02 5.7543597412e+02 5.7597601318e+02 5.7646801758e+02 5.7686798096e+02 5.7723602295e+02 5.7760198975e+02 5.7795800781e+02 5.7835302734e+02 5.7881896973e+02 5.7929998779e+02 5.7969799805e+02 5.8008197021e+02
5.5884899902e+02 5.5891900635e+02 5.5910797119e+02 5.5938201904e+02 5.6000799561e+02 5.6067102051e+02 5.6149597168e+02 5.6237902832e+02 5.6307501221e+02 5.6351098633e+02 5.6356500244e+02 5.6363397217e+02 5.6366400146e+02 5.6373901367e+02 5.6384301758e+02 5.6411401367e+02 5.6460101318e+02 5.6523400879e+02 5.6584002686e+02 5.6638897705e+02 5.6695800781e+02 5.6764697266e+02 5.6846600342e+02 5.6918200684e+02 5.6965802002e+02 5.7019097900e+02 5.7063800049e+02 5.7113299561e+02 5.7164099121e+02 5.7237500000e+02 5.7303802490e+02 5.7365698242e+02 5.7416998291e+02 5.7471002197e+02 5.7527197266e+02 5.7584197998e+02 5.7633099365e+02 5.7672900391e+02 5.7711999512e+02 5.7753198242e+02 5.7792102051e+02 5.7837799072e+02 5.7887799072e+02 5.7934399414e+02 5.7974401855e+02 5.8015802002e+02
5.5882897949e+02 5.5890100098e+02 5.5913397217e+02 5.5949499512e+02 5.5999401855e+02 5.6063201904e+02 5.6134002686e+02 5.6202899170e+02 5.6259600830e+02 5.6291900635e+02 5.6313397217e+02 5.6329498291e+02 5.6342999268e+02 5.6355200195e+02 5.6373400879e+02 5.6402398682e+02 5.6446801758e+02 5.6499700928e+02 5.6555700684e+02 5.6609698486e+02 5.6664898682e+02 5.6722100830e+02 5.6780401611e+02 5.6833398438e+02 5.6880999756e+02 5.6938299561e+02 5.6990002441e+02 5.7041699219e+02 5.7114300537e+02 5.7197802734e+02 5.7274102783e+02 5.7337799072e+02 5.7393103027e+02 5.7449102783e+02 5.7508502197e+02 5.7565997314e+02 5.7616198730e+02 5.7659100342e+02 5.7704498291e+02 5.7752001953e+02 5.7799798584e+02 5.7849499512e+02 5.7897100830e+02 5.7938897705e+02 5.7977697754e+02 5.8022100830e+02
5.5882800293e+02 5.5886999512e+02 5.5906500244e+02 5.5940100098e+02 5.5985699463e+02 5.6045001221e+02 5.6110601807e+02 5.6172998047e+02 5.6224200439e+02 5.6256402588e+02 5.6282800293e+02 5.6303802490e+02 5.6321697998e+02 5.6338897705e+02 5.6361199951e+02 5.6390698242e+02 5.6430499268e+02 5.6474798584e+02 5.6523999023e+02 5.6574298096e+02 5.6628497314e+02 5.6681896973e+02 5.6731097412e+02 5.6776300049e+02 5.6823797607e+02 5.6881097412e+02 5.6936297607e+02 5.6998400879e+02 5.7084100342e+02 5.7172900391e+02 5.7251098633e+02 5.7315197754e+02 5.7372900391e+02 5.7432897949e+02 5.7494598389e+02 5.7552197266e+02 5.7602697754e+02 5.7648602295e+02 5.7698400879e+02 5.7750799561e+02 5.7803497314e+02 5.7853302002e+02 5.7897497559e+02 5.7937701416e+02 5.7979498291e+02 5.8029199219e+02
5.5880798340e+02 5.5880700684e+02 5.5895202637e+02 5.5924798584e+02 5.5967199707e+02 5.6023999023e+02 5.6087200928e+02 5.6146398926e+02 5.6194897461e+02 5.6228698730e+02 5.6258502197e+02 5.6281298828e+02 5.6300500488e+02 5.6319897461e+02 5.6345300293e+02 5.6376000977e+02 5.6412402344e+02 5.6449902344e+02 5.6493200684e+02 5.6540100098e+02 5.6593798828e+02 5.6650299072e+02 5.6701300049e+02 5.6747198486e+02 5.6792901611e+02 5.6845697021e+02 5.6901898193e+02 5.6974700928e+02 5.7070001221e+02 5.7159399414e+02 5.7236199951e+02 5.7299298096e+02 5.7359002686e+02 5.7422802734e+02 5.7486499023e+02 5.7544299316e+02 5.7594396973e+02 5.7641302490e+02 5.7692901611e+02 5.7747302246e+02 5.7800402832e+02 5.7847399902e+02 5.7889099121e+02 5.7930798340e+02 5.7977600098e+02 5.8031597900e+02
5.5874102783e+02 5.5868402100e+02 5.5873602295e+02 5.5900598145e+02 5.5939202881e+02 5.6004699707e+02 5.6069598389e+02 5.6128302002e+02 5.6177099609e+02 5.6211602783e+02 5.6240002441e+02 5.6260900879e+02 5.6275799561e+02 5.6294299316e+02 5.6326397705e+02 5.6358801270e+02 5.6393701172e+02 5.6430603027e+02 5.6469799805e+02 5.6513800049e+02 5.6567102051e+02 5.6625500488e+02 5.6678100586e+02 5.6725201416e+02 5.6766302490e+02 5.6814398193e+02 5.6876800537e+02 5.6964099121e+02 5.7069396973e+02 5.7155798340e+02 5.7231500244e+02 5.7292700195e+02 5.7355401611e+02 5.7419500732e+02 5.7484497070e+02 5.7542498779e+02 5.7592401123e+02 5.7636999512e+02 5.7687902832e+02 5.7742797852e+02 5.7793798828e+02 5.7835498047e+02 5.7876300049e+02 5.7924298096e+02 5.7975897217e+02 5.8029797363e+02
5.5871099854e+02 5.5856701660e+02 5.5859899902e+02 5.5881799316e+02 5.5924597168e+02 5.5990698242e+02 5.6056201172e+02 5.6113201904e+02 5.6159100342e+02 5.6195098877e+02 5.6217901611e+02 5.6232202148e+02 5.6243701172e+02 5.6267602539e+02 5.6306896973e+02 5.6345300293e+02 5.6377697754e+02 5.6415899658e+02 5.6458197021e+02 5.6504498291e+02 5.6552801514e+02 5.6602502441e+02 5.6653698730e+02 5.6702099609e+02 5.6742297363e+02 5.6784997559e+02 5.6851000977e+02 5.6944702148e+02 5.7048101807e+02 5.7138201904e+02 5.7217602539e+02 5.7286102295e+02 5.7350799561e+02 5.7417498779e+02 5.7481500244e+02 5.7539599609e+02 5.7589898682e+02 5.7636102295e+02 5.7687097168e+02 5.7739697266e+02 5.7788299561e+02 5.7830999756e+02 5.7875097656e+02 5.7927001953e+02 5.7978497314e+02 5.8027600098e+02
5.5868499756e+02 5.5854901123e+02 5.5858898926e+02 5.5879101563e+02 5.5920599365e+02 5.5984399414e+02 5.6046002197e+02 5.6099401855e+02 5.6143402100e+02 5.6176599121e+02 5.6194201660e+02 5.6203497314e+02 5.6212402344e+02 5.6243902588e+02 5.6291101074e+02 5.6336602783e+02 5.6368402100e+02 5.6405401611e+02 5.6450097656e+02 5.6495697021e+02 5.6537200928e+02 5.6583398438e+02 5.6634197998e+02 5.6681597900e+02 5.6720697021e+02 5.6760400391e+02 5.6822198486e+02 5.6911401367e+02 5.7012500000e+02 5.7105102539e+02 5.7190600586e+02 5.7267401123e+02 5.7337200928e+02 5.7406597900e+02 5.7472399902e+02 5.7531896973e+02 5.7585498047e+02 5.7637298584e+02 5.7689898682e+02 5.7739001465e+02 5.7784600830e+02 5.7830603027e+02 5.7879199219e+02 5.7931402588e+02 5.7980603027e+02 5.8030401611e+02
5.5868103027e+02 5.5858599854e+02 5.5864398193e+02 5.5884600830e+02 5.5924798584e+02 5.5986199951e+02 5.6043499756e+02 5.6092498779e+02 5.6132098389e+02 5.6159899902e+02 5.6171502686e+02 5.6175701904e+02 5.6181896973e+02 5.6221997070e+02 5.6278997803e+02 5.6332501221e+02 5.6364898682e+02 5.6400598145e+02 5.6442602539e+02 5.6482800293e+02 5.6519396973e+02 5.6564697266e+02 5.6614398193e+02 5.6659899902e+02 5.6699401855e+02 5.6738702393e+02 5.6793103027e+02 5.6871502686e+02 5.6965802002e+02 5.7060900879e+02 5.7151501465e+02 5.7236798096e+02 5.7313500977e+02 5.7387799072e+02 5.7457202148e+02 5.7519799805e+02 5.7578900146e+02 5.7638702393e+02 5.7694702148e+02 5.7741802979e+02 5.7784600830e+02 5.7831201172e+02 5.7881500244e+02 5.7932501221e+02 5.7980798340e+02 5.8034002686e+02
