TESTSERVER/9/11.asc
NCOLS 100
NROWS 100
XLLCORNER 7.9497500000e+03
YLLCORNER 2.8940025000e+05
CELLSIZE 5.0000000000e-01
NODATA_VALUE -9.9990000000e+03
[rows 60 to 79 of 100, columns 46 to 91 of 100]
5.8161297607e+02 5.8193200684e+02 5.8221002197e+02 5.8243701172e+02 5.8270001221e+02 5.8297900391e+02 5.8325201416e+02 5.8354498291e+02 5.8383001709e+02 5.8413702393e+02 5.8441101074e+02 5.8464001465e+02 5.8493701172e+02 5.8524499512e+02 5.8549298096e+02 5.8570697021e+02 5.8596801758e+02 5.8623400879e+02 5.8650799561e+02 5.8681298828e+02 5.8703399658e+02 5.8725701904e+02 5.8750799561e+02 5.8781097412e+02 5.8806597900e+02 5.8830999756e+02 5.8856799316e+02 5.8883398438e+02 5.8910498047e+02 5.8938800049e+02 5.8969897461e+02 5.8997100830e+02 5.9025701904e+02 5.9054400635e+02 5.9080902100e+02 5.9106701660e+02 5.9133300781e+02 5.9161297607e+02 5.9187701416e+02 5.9215502930e+02 5.9250598145e+02 5.9286199951e+02 5.9316497803e+02 5.9333099365e+02 5.9353497314e+02 5.9374700928e+02
5.8150201416e+02 5.8177600098e+02 5.8203802490e+02 5.8227801514e+02 5.8254498291e+02 5.8281701660e+02 5.8307397461e+02 5.8337902832e+02 5.8367999268e+02 5.8398797607e+02 5.8421600342e+02 5.8445098877e+02 5.8475598145e+02 5.8508099365e+02 5.8534698486e+02 5.8556500244e+02 5.8579400635e+02 5.8607000732e+02 5.8635998535e+02 5.8664599609e+02 5.8687500000e+02 5.8712402344e+02 5.8737097168e+02 5.8764398193e+02 5.8790502930e+02 5.8815600586e+02 5.8842199707e+02 5.8868402100e+02 5.8895202637e+02 5.8922302246e+02 5.8952001953e+02 5.8977301025e+02 5.9005902100e+02 5.9036297607e+02 5.9063098145e+02 5.9087500000e+02 5.9115002441e+02 5.9144799805e+02 5.9172497559e+02 5.9200097656e+02 5.9232202148e+02 5.9266601563e+02 5.9299200439e+02 5.9316497803e+02 5.9334899902e+02 5.9357501221e+02
5.8137298584e+02 5.8161602783e+02 5.8187902832e+02 5.8213800049e+02 5.8242199707e+02 5.8269396973e+02 5.8293499756e+02 5.8323199463e+02 5.8354699707e+02 5.8383197021e+02 5.8402899170e+02 5.8429199219e+02 5.8460101318e+02 5.8490100098e+02 5.8515802002e+02 5.8540600586e+02 5.8566601563e+02 5.8592700195e+02 5.8619201660e+02 5.8647302246e+02 5.8671997070e+02 5.8698498535e+02 5.8724200439e+02 5.8750097656e+02 5.8775201416e+02 5.8800701904e+02 5.8827197266e+02 5.8853100586e+02 5.8880798340e+02 5.8909197998e+02 5.8938702393e+02 5.8960998535e+02 5.8988397217e+02 5.9020898438e+02 5.9051000977e+02 5.9076300049e+02 5.9103100586e+02 5.9131097412e+02 5.9157800293e+02 5.9187799072e+02 5.9217797852e+02 5.9248199463e+02 5.9278399658e+02 5.9297900391e+02 5.9317602539e+02 5.9340600586e+02
5.8124902344e+02 5.8146997070e+02 5.8173199463e+02 5.8201300049e+02 5.8230102539e+02 5.8256896973e+02 5.8281201172e+02 5.8307098389e+02 5.8336901855e+02 5.8366101074e+02 5.8388201904e+02 5.8414099121e+02 5.8444201660e+02 5.8471398926e+02 5.8497100830e+02 5.8525402832e+02 5.8554199219e+02 5.8578698730e+02 5.8603198242e+02 5.8631597900e+02 5.8657702637e+02 5.8684698486e+02 5.8710601807e+02 5.8737701416e+02 5.8762500000e+02 5.8787597656e+02 5.8814001465e+02 5.8840899658e+02 5.8868902588e+02 5.8898297119e+02 5.8928002930e+02 5.8947399902e+02 5.8973901367e+02 5.9009698486e+02 5.9042797852e+02 5.9069000244e+02 5.9092901611e+02 5.9116497803e+02 5.9140100098e+02 5.9173602295e+02 5.9203198242e+02 5.9229602051e+02 5.9255999756e+02 5.9277697754e+02 5.9299401855e+02 5.9322100830e+02
5.8110998535e+02 5.8131597900e+02 5.8155499268e+02 5.8186199951e+02 5.8216198730e+02 5.8243499756e+02 5.8267602539e+02 5.8289697266e+02 5.8319500732e+02 5.8352099609e+02 5.8376800537e+02 5.8398901367e+02 5.8428399658e+02 5.8456201172e+02 5.8482299805e+02 5.8512402344e+02 5.8538201904e+02 5.8562500000e+02 5.8587097168e+02 5.8615100098e+02 5.8642901611e+02 5.8671002197e+02 5.8697497559e+02 5.8723602295e+02 5.8749401855e+02 5.8774499512e+02 5.8801599121e+02 5.8828698730e+02 5.8855700684e+02 5.8883502197e+02 5.8910101318e+02 5.8933398438e+02 5.8962097168e+02 5.8997900391e+02 5.9025402832e+02 5.9053002930e+02 5.9076898193e+02 5.9098101807e+02 5.9120098877e+02 5.9154602051e+02 5.9184698486e+02 5.9209899902e+02 5.9234802246e+02 5.9257800293e+02 5.9280102539e+02 5.9303601074e+02
5.8092199707e+02 5.8114801025e+02 5.8139599609e+02 5.8166998291e+02 5.8194799805e+02 5.8222399902e+02 5.8249499512e+02 5.8274401855e+02 5.8303198242e+02 5.8332598877e+02 5.8357098389e+02 5.8382202148e+02 5.8413299561e+02 5.8441101074e+02 5.8468798828e+02 5.8497601318e+02 5.8521899414e+02 5.8545202637e+02 5.8570697021e+02 5.8597100830e+02 5.8622998047e+02 5.8650201416e+02 5.8678100586e+02 5.8702502441e+02 5.8730798340e+02 5.8759997559e+02 5.8787701416e+02 5.8815502930e+02 5.8841802979e+02 5.8867602539e+02 5.8893798828e+02 5.8917999268e+02 5.8946502686e+02 5.8975000000e+02 5.9000402832e+02 5.9029699707e+02 5.9057702637e+02 5.9079400635e+02 5.9103100586e+02 5.9136798096e+02 5.9165698242e+02 5.9191198730e+02 5.9217102051e+02 5.9241497803e+02 5.9263201904e+02 5.9286401367e+02
5.8073602295e+02 5.8097900391e+02 5.8122802734e+02 5.8147900391e+02 5.8173999023e+02 5.8202197266e+02 5.8232098389e+02 5.8258801270e+02 5.8286102295e+02 5.8314099121e+02 5.8340399170e+02 5.8368298340e+02 5.8399298096e+02 5.8426599121e+02 5.8454901123e+02 5.8487097168e+02 5.8515002441e+02 5.8539501953e+02 5.8562799072e+02 5.8586102295e+02 5.8609002686e+02 5.8632202148e+02 5.8658398438e+02 5.8685498047e+02 5.8715502930e+02 5.8746502686e+02 5.8772900391e+02 5.8801599121e+02 5.8829498291e+02 5.8856402588e+02 5.8884301758e+02 5.8907299805e+02 5.8933801270e+02 5.8958099365e+02 5.8983197021e+02 5.9013500977e+02 5.9040301514e+02 5.9062097168e+02 5.9087500000e+02 5.9120501709e+02 5.9146197510e+02 5.9169000244e+02 5.9195001221e+02 5.9221502686e+02 5.9246099854e+02 5.9271002197e+02
5.8055700684e+02 5.8080401611e+02 5.8104199219e+02 5.8130499268e+02 5.8156402588e+02 5.8183697510e+02 5.8213201904e+02 5.8241699219e+02 5.8267797852e+02 5.8294799805e+02 5.8323699951e+02 5.8352398682e+02 5.8382800293e+02 5.8409399414e+02 5.8438000488e+02 5.8475097656e+02 5.8510699463e+02 5.8541400146e+02 5.8565802002e+02 5.8583197021e+02 5.8599102783e+02 5.8615899658e+02 5.8639202881e+02 5.8670300293e+02 5.8701000977e+02 5.8733001709e+02 5.8758898926e+02 5.8785400391e+02 5.8813397217e+02 5.8842199707e+02 5.8872601318e+02 5.8894396973e+02 5.8921600342e+02 5.8945697021e+02 5.8969201660e+02 5.8998699951e+02 5.9022900391e+02 5.9043499756e+02 5.9069500732e+02 5.9104302979e+02 5.9129101563e+02 5.9149298096e+02 5.9173498535e+02 5.9200799561e+02 5.9228698730e+02 5.9255603027e+02
5.8035699463e+02 5.8060302734e+02 5.8084802246e+02 5.8112500000e+02 5.8139697266e+02 5.8166400146e+02 5.8194201660e+02 5.8222802734e+02 5.8249102783e+02 5.8275500488e+02 5.8305401611e+02 5.8336602783e+02 5.8364501953e+02 5.8390301514e+02 5.8417602539e+02 5.8457800293e+02 5.8497900391e+02 5.8536602783e+02 5.8570800781e+02 5.8582098389e+02 5.8587298584e+02 5.8599499512e+02 5.8618103027e+02 5.8647399902e+02 5.8678198242e+02 5.8713201904e+02 5.8743597412e+02 5.8767797852e+02 5.8794097900e+02 5.8822802734e+02 5.8853002930e+02 5.8874798584e+02 5.8904101563e+02 5.8931500244e+02 5.8952197266e+02 5.8983599854e+02 5.9008898926e+02 5.9028100586e+02 5.9050299072e+02 5.9085699463e+02 5.9112402344e+02 5.9132800293e+02 5.9154699707e+02 5.9180700684e+02 5.9209399414e+02 5.9236999512e+02
5.8017102051e+02 5.8041101074e+02 5.8064599609e+02 5.8090600586e+02 5.8119702148e+02 5.8150299072e+02 5.8178497314e+02 5.8202301025e+02 5.8230200195e+02 5.8257000732e+02 5.8284197998e+02 5.8316998291e+02 5.8345599365e+02 5.8371697998e+02 5.8399298096e+02 5.8442199707e+02 5.8483599854e+02 5.8527197266e+02 5.8570001221e+02 5.8582501221e+02 5.8582202148e+02 5.8590197754e+02 5.8605297852e+02 5.8631500244e+02 5.8659997559e+02 5.8693200684e+02 5.8724499512e+02 5.8753399658e+02 5.8779901123e+02 5.8804199219e+02 5.8831500244e+02 5.8854998779e+02 5.8883099365e+02 5.8910998535e+02 5.8932598877e+02 5.8964001465e+02 5.8991900635e+02 5.9013000488e+02 5.9034100342e+02 5.9063201904e+02 5.9090002441e+02 5.9112500000e+02 5.9136297607e+02 5.9163702393e+02 5.9192401123e+02 5.9217999268e+02
5.7997998047e+02 5.8022198486e+02 5.8045898438e+02 5.8073101807e+02 5.8101300049e+02 5.8131597900e+02 5.8160498047e+02 5.8183300781e+02 5.8211901855e+02 5.8239801025e+02 5.8265502930e+02 5.8294097900e+02 5.8324200439e+02 5.8354901123e+02 5.8385900879e+02 5.8425402832e+02 5.8468200684e+02 5.8519299316e+02 5.8568902588e+02 5.8581896973e+02 5.8579901123e+02 5.8582299805e+02 5.8593103027e+02 5.8618200684e+02 5.8646997070e+02 5.8679498291e+02 5.8708898926e+02 5.8737799072e+02 5.8764801025e+02 5.8788800049e+02 5.8814801025e+02 5.8838500977e+02 5.8865301514e+02 5.8893597412e+02 5.8917102051e+02 5.8945098877e+02 5.8972399902e+02 5.8996301270e+02 5.9020098877e+02 5.9045098877e+02 5.9070800781e+02 5.9094396973e+02 5.9119201660e+02 5.9148901367e+02 5.9177398682e+02 5.9200097656e+02
5.7979302979e+02 5.8005401611e+02 5.8030603027e+02 5.8057501221e+02 5.8083898926e+02 5.8113098145e+02 5.8142700195e+02 5.8165399170e+02 5.8192602539e+02 5.8221002197e+02 5.8246002197e+02 5.8271697998e+02 5.8302801514e+02 5.8339300537e+02 5.8377197266e+02 5.8410400391e+02 5.8449798584e+02 5.8502697754e+02 5.8551501465e+02 5.8564202881e+02 5.8565698242e+02 5.8568103027e+02 5.8577801514e+02 5.8601702881e+02 5.8630798340e+02 5.8662597656e+02 5.8691699219e+02 5.8717797852e+02 5.8745397949e+02 5.8772698975e+02 5.8800299072e+02 5.8823297119e+02 5.8849298096e+02 5.8878399658e+02 5.8904101563e+02 5.8928900146e+02 5.8954602051e+02 5.8980297852e+02 5.9006402588e+02 5.9030499268e+02 5.9055297852e+02 5.9078997803e+02 5.9103497314e+02 5.9132897949e+02 5.9160101318e+02 5.9182000732e+02
5.7962701416e+02 5.7990002441e+02 5.8017199707e+02 5.8041302490e+02 5.8066699219e+02 5.8096002197e+02 5.8126000977e+02 5.8148602295e+02 5.8175299072e+02 5.8203399658e+02 5.8228100586e+02 5.8252001953e+02 5.8282000732e+02 5.8322302246e+02 5.8374401855e+02 5.8405999756e+02 5.8433001709e+02 5.8475799561e+02 5.8512597656e+02 5.8527502441e+02 5.8534802246e+02 5.8543103027e+02 5.8561798096e+02 5.8586499023e+02 5.8614697266e+02 5.8644097900e+02 5.8671801758e+02 5.8696997070e+02 5.8724597168e+02 5.8754602051e+02 5.8784899902e+02 5.8811102295e+02 5.8835198975e+02 5.8861798096e+02 5.8888201904e+02 5.8916101074e+02 5.8941998291e+02 5.8967102051e+02 5.8990399170e+02 5.9013800049e+02 5.9038800049e+02 5.9063500977e+02 5.9089398193e+02 5.9114697266e+02 5.9139599609e+02 5.9163299561e+02
5.7945098877e+02 5.7969500732e+02 5.7994598389e+02 5.8021899414e+02 5.8049298096e+02 5.8077600098e+02 5.8106201172e+02 5.8130401611e+02 5.8157000732e+02 5.8183099365e+02 5.8208099365e+02 5.8234600830e+02 5.8263397217e+02 5.8300897217e+02 5.8344500732e+02 5.8390502930e+02 5.8420697021e+02 5.8460302734e+02 5.8491802979e+02 5.8503601074e+02 5.8508801270e+02 5.8519598389e+02 5.8544201660e+02 5.8569396973e+02 5.8597198486e+02 5.8626501465e+02 5.8652301025e+02 5.8680499268e+02 5.8708898926e+02 5.8738000488e+02 5.8768103027e+02 5.8796197510e+02 5.8820898438e+02 5.8848101807e+02 5.8876702881e+02 5.8903698730e+02 5.8927099609e+02 5.8949499512e+02 5.8972399902e+02 5.8996600342e+02 5.9021697998e+02 5.9047900391e+02 5.9074700928e+02 5.9097998047e+02 5.9122100830e+02 5.9145599365e+02
5.7925500488e+02 5.7951702881e+02 5.7975598145e+02 5.8003399658e+02 5.8031701660e+02 5.8060101318e+02 5.8088098145e+02 5.8112500000e+02 5.8139697266e+02 5.8165399170e+02 5.8190100098e+02 5.8218597412e+02 5.8247802734e+02 5.8280603027e+02 5.8310797119e+02 5.8352600098e+02 5.8391101074e+02 5.8434100342e+02 5.8467199707e+02 5.8480297852e+02 5.8486700439e+02 5.8499401855e+02 5.8523901367e+02 5.8551300049e+02 5.8579699707e+02 5.8609399414e+02 5.8635900879e+02 5.8665197754e+02 5.8694702148e+02 5.8723901367e+02 5.8753198242e+02 5.8783099365e+02 5.8807202148e+02 5.8832202148e+02 5.8860699463e+02 5.8887402344e+02 5.8909497070e+02 5.8930603027e+02 5.8954699707e+02 5.8980102539e+02 5.9004498291e+02 5.9029797363e+02 5.9056298828e+02 5.9080700684e+02 5.9105401611e+02 5.9128002930e+02
5.7907598877e+02 5.7935400391e+02 5.7959802246e+02 5.7986499023e+02 5.8015002441e+02 5.8044201660e+02 5.8071502686e+02 5.8094396973e+02 5.8122802734e+02 5.8148699951e+02 5.8171997070e+02 5.8200000000e+02 5.8228997803e+02 5.8259301758e+02 5.8288000488e+02 5.8319598389e+02 5.8350402832e+02 5.8386499023e+02 5.8417498779e+02 5.8437097168e+02 5.8456799316e+02 5.8477502441e+02 5.8503601074e+02 5.8532702637e+02 5.8561401367e+02 5.8592199707e+02 5.8621099854e+02 5.8651397705e+02 5.8681402588e+02 5.8709997559e+02 5.8738000488e+02 5.8771600342e+02 5.8795001221e+02 5.8815301514e+02 5.8841302490e+02 5.8868701172e+02 5.8891302490e+02 5.8912701416e+02 5.8938098145e+02 5.8964300537e+02 5.8987902832e+02 5.9011499023e+02 5.9036798096e+02 5.9062902832e+02 5.9087097168e+02 5.9108898926e+02
5.7890197754e+02 5.7917700195e+02 5.7942901611e+02 5.7971099854e+02 5.7999499512e+02 5.8027600098e+02 5.8055603027e+02 5.8077502441e+02 5.8104101563e+02 5.8130200195e+02 5.8154699707e+02 5.8182598877e+02 5.8212402344e+02 5.8241601563e+02 5.8269097900e+02 5.8303302002e+02 5.8327398682e+02 5.8350701904e+02 5.8377600098e+02 5.8405999756e+02 5.8430603027e+02 5.8455200195e+02 5.8485302734e+02 5.8514501953e+02 5.8543200684e+02 5.8572497559e+02 5.8601000977e+02 5.8633300781e+02 5.8662799072e+02 5.8690197754e+02 5.8717901611e+02 5.8751300049e+02 5.8776397705e+02 5.8797802734e+02 5.8824597168e+02 5.8850598145e+02 5.8873199463e+02 5.8894897461e+02 5.8920501709e+02 5.8948498535e+02 5.8972698975e+02 5.8995397949e+02 5.9017700195e+02 5.9045697021e+02 5.9069500732e+02 5.9091400146e+02
5.7872399902e+02 5.7899499512e+02 5.7924700928e+02 5.7956597900e+02 5.7985900879e+02 5.8010699463e+02 5.8036901855e+02 5.8061297607e+02 5.8086297607e+02 5.8111297607e+02 5.8138000488e+02 5.8167797852e+02 5.8195800781e+02 5.8224902344e+02 5.8251599121e+02 5.8281799316e+02 5.8309197998e+02 5.8330603027e+02 5.8353302002e+02 5.8382501221e+02 5.8408398438e+02 5.8434802246e+02 5.8465600586e+02 5.8496899414e+02 5.8529797363e+02 5.8558300781e+02 5.8581097412e+02 5.8611297607e+02 5.8642999268e+02 5.8671899414e+02 5.8699298096e+02 5.8726300049e+02 5.8752001953e+02 5.8777502441e+02 5.8803997803e+02 5.8829602051e+02 5.8854602051e+02 5.8879699707e+02 5.8906896973e+02 5.8931896973e+02 5.8955798340e+02 5.8979498291e+02 5.9001599121e+02 5.9027899170e+02 5.9052197266e+02 5.9075402832e+02
5.7858801270e+02 5.7884899902e+02 5.7911199951e+02 5.7943402100e+02 5.7972497559e+02 5.7996099854e+02 5.8020697021e+02 5.8046801758e+02 5.8072302246e+02 5.8096398926e+02 5.8121502686e+02 5.8150701904e+02 5.8177801514e+02 5.8208898926e+02 5.8235699463e+02 5.8262402344e+02 5.8291699219e+02 5.8314099121e+02 5.8334100342e+02 5.8361700439e+02 5.8389099121e+02 5.8416101074e+02 5.8446002197e+02 5.8479498291e+02 5.8514697266e+02 5.8542602539e+02 5.8562200928e+02 5.8591497803e+02 5.8621197510e+02 5.8648602295e+02 5.8677801514e+02 5.8704199219e+02 5.8730297852e+02 5.8757501221e+02 5.8784100342e+02 5.8808697510e+02 5.8835998535e+02 5.8863201904e+02 5.8890100098e+02 5.8914099121e+02 5.8938000488e+02 5.8963201904e+02 5.8985302734e+02 5.9008197021e+02 5.9033001709e+02 5.9058697510e+02
5.7850299072e+02 5.7875598145e+02 5.7900500488e+02 5.7930499268e+02 5.7958502197e+02 5.7981402588e+02 5.8004101563e+02 5.8033300781e+02 5.8061199951e+02 5.8086401367e+02 5.8111199951e+02 5.8135699463e+02 5.8161401367e+02 5.8193103027e+02 5.8220300293e+02 5.8243298340e+02 5.8271398926e+02 5.8295697021e+02 5.8317602539e+02 5.8345098877e+02 5.8371697998e+02 5.8396002197e+02 5.8425201416e+02 5.8459197998e+02 5.8492602539e+02 5.8520098877e+02 5.8542498779e+02 5.8571502686e+02 5.8597698975e+02 5.8622198486e+02 5.8652899170e+02 5.8682800293e+02 5.8710101318e+02 5.8738000488e+02 5.8765301514e+02 5.8789501953e+02 5.8817297363e+02 5.8844396973e+02 5.8870300293e+02 5.8896099854e+02 5.8919000244e+02 5.8944598389e+02 5.8969097900e+02 5.8990399170e+02 5.9016101074e+02 5.9042401123e+02
