TESTSERVER/9/11.asc
NCOLS 100
NROWS 100
XLLCORNER 7.9497500000e+03
YLLCORNER 2.8940025000e+05
CELLSIZE 5.0000000000e-01
NODATA_VALUE -9.9990000000e+03
[rows 60 to 79 of 100, columns 0 to 45 of 100]
5.6295898438e+02 5.6329498291e+02 5.6352301025e+02 5.6360601807e+02 5.6358599854e+02 5.6357299805e+02 5.6354699707e+02 5.6351898193e+02 5.6359197998e+02 5.6402697754e+02 5.6464001465e+02 5.6526098633e+02 5.6571600342e+02 5.6605902100e+02 5.6640197754e+02 5.6672302246e+02 5.6700500488e+02 5.6722601318e+02 5.6751800537e+02 5.6815997314e+02 5.6921398926e+02 5.7010797119e+02 5.7066699219e+02 5.7108001709e+02 5.7157501221e+02 5.7241198730e+02 5.7314398193e+02 5.7370697021e+02 5.7416802979e+02 5.7463598633e+02 5.7513800049e+02 5.7567999268e+02 5.7614099121e+02 5.7661602783e+02 5.7697399902e+02 5.7723199463e+02 5.7749298096e+02 5.7779498291e+02 5.7833599854e+02 5.7914599609e+02 5.7989099121e+02 5.8004199219e+02 5.8023199463e+02 5.8049798584e+02 5.8083300781e+02 5.8123297119e+02
5.6328198242e+02 5.6355700684e+02 5.6370501709e+02 5.6372198486e+02 5.6370300293e+02 5.6368499756e+02 5.6363397217e+02 5.6364300537e+02 5.6387597656e+02 5.6440600586e+02 5.6499401855e+02 5.6554797363e+02 5.6599798584e+02 5.6632299805e+02 5.6661401367e+02 5.6693499756e+02 5.6725500488e+02 5.6740698242e+02 5.6757000732e+02 5.6800201416e+02 5.6905499268e+02 5.7033898926e+02 5.7110797119e+02 5.7154498291e+02 5.7192700195e+02 5.7273901367e+02 5.7349499512e+02 5.7408099365e+02 5.7455297852e+02 5.7498901367e+02 5.7558099365e+02 5.7621502686e+02 5.7660998535e+02 5.7692199707e+02 5.7726300049e+02 5.7756597900e+02 5.7784197998e+02 5.7819000244e+02 5.7866497803e+02 5.7924298096e+02 5.7965997314e+02 5.7982501221e+02 5.8011999512e+02 5.8045202637e+02 5.8078002930e+02 5.8117199707e+02
5.6360797119e+02 5.6379101563e+02 5.6384497070e+02 5.6382397461e+02 5.6380499268e+02 5.6375201416e+02 5.6371502686e+02 5.6385198975e+02 5.6428802490e+02 5.6487402344e+02 5.6541198730e+02 5.6587597656e+02 5.6626702881e+02 5.6655102539e+02 5.6683099365e+02 5.6717901611e+02 5.6757202148e+02 5.6781500244e+02 5.6801397705e+02 5.6838000488e+02 5.6921600342e+02 5.7042999268e+02 5.7124298096e+02 5.7175598145e+02 5.7223297119e+02 5.7306799316e+02 5.7381799316e+02 5.7442199707e+02 5.7491802979e+02 5.7533300781e+02 5.7596398926e+02 5.7666497803e+02 5.7706402588e+02 5.7727600098e+02 5.7757598877e+02 5.7786999512e+02 5.7815502930e+02 5.7847900391e+02 5.7883300781e+02 5.7921398926e+02 5.7947198486e+02 5.7971801758e+02 5.8004901123e+02 5.8039202881e+02 5.8073498535e+02 5.8109497070e+02
5.6388500977e+02 5.6396600342e+02 5.6395397949e+02 5.6391601563e+02 5.6389001465e+02 5.6380798340e+02 5.6387097168e+02 5.6423199463e+02 5.6485498047e+02 5.6539398193e+02 5.6582299805e+02 5.6616302490e+02 5.6648297119e+02 5.6675299072e+02 5.6705401611e+02 5.6744097900e+02 5.6788000488e+02 5.6824102783e+02 5.6855902100e+02 5.6896099854e+02 5.6959997559e+02 5.7056201172e+02 5.7133502197e+02 5.7193200684e+02 5.7253802490e+02 5.7334399414e+02 5.7406097412e+02 5.7466601563e+02 5.7519897461e+02 5.7565301514e+02 5.7629797363e+02 5.7698400879e+02 5.7735198975e+02 5.7748797607e+02 5.7771801758e+02 5.7796801758e+02 5.7825799561e+02 5.7853198242e+02 5.7878997803e+02 5.7908001709e+02 5.7933502197e+02 5.7964501953e+02 5.7998901367e+02 5.8033502197e+02 5.8067602539e+02 5.8100701904e+02
5.6408801270e+02 5.6407000732e+02 5.6403601074e+02 5.6400500488e+02 5.6396997070e+02 5.6390600586e+02 5.6416601563e+02 5.6478497314e+02 5.6550897217e+02 5.6587799072e+02 5.6617297363e+02 5.6641802979e+02 5.6668402100e+02 5.6697802734e+02 5.6731597900e+02 5.6772100830e+02 5.6814001465e+02 5.6853002930e+02 5.6894500732e+02 5.6939501953e+02 5.6994396973e+02 5.7073400879e+02 5.7148901367e+02 5.7220898438e+02 5.7295501709e+02 5.7353497314e+02 5.7419598389e+02 5.7480902100e+02 5.7533197021e+02 5.7592401123e+02 5.7660101318e+02 5.7718298340e+02 5.7745300293e+02 5.7756298828e+02 5.7771997070e+02 5.7789801025e+02 5.7809802246e+02 5.7838299561e+02 5.7864697266e+02 5.7896600342e+02 5.7928802490e+02 5.7958099365e+02 5.7992498779e+02 5.8025701904e+02 5.8055401611e+02 5.8088000488e+02
5.6419702148e+02 5.6416198730e+02 5.6414801025e+02 5.6412298584e+02 5.6405798340e+02 5.6413201904e+02 5.6462200928e+02 5.6532702637e+02 5.6588897705e+02 5.6613702393e+02 5.6638897705e+02 5.6665197754e+02 5.6691900635e+02 5.6719097900e+02 5.6755499268e+02 5.6797998047e+02 5.6839697266e+02 5.6878601074e+02 5.6918298340e+02 5.6958697510e+02 5.7012597656e+02 5.7084399414e+02 5.7162500000e+02 5.7246002197e+02 5.7327398682e+02 5.7373699951e+02 5.7427600098e+02 5.7485998535e+02 5.7540802002e+02 5.7603198242e+02 5.7669000244e+02 5.7720001221e+02 5.7740301514e+02 5.7754101563e+02 5.7768597412e+02 5.7787799072e+02 5.7804101563e+02 5.7828698730e+02 5.7857800293e+02 5.7890502930e+02 5.7919396973e+02 5.7950097656e+02 5.7983502197e+02 5.8014398193e+02 5.8040399170e+02 5.8069000244e+02
5.6428002930e+02 5.6425299072e+02 5.6423901367e+02 5.6420697021e+02 5.6417297363e+02 5.6448101807e+02 5.6512298584e+02 5.6577099609e+02 5.6616497803e+02 5.6637097168e+02 5.6660400391e+02 5.6687200928e+02 5.6713098145e+02 5.6740899658e+02 5.6784899902e+02 5.6830902100e+02 5.6866998291e+02 5.6904199219e+02 5.6943701172e+02 5.6982598877e+02 5.7028997803e+02 5.7091998291e+02 5.7173901367e+02 5.7263201904e+02 5.7345202637e+02 5.7387701416e+02 5.7435797119e+02 5.7492297363e+02 5.7552301025e+02 5.7611297607e+02 5.7661401367e+02 5.7702197266e+02 5.7722900391e+02 5.7741101074e+02 5.7758801270e+02 5.7781597900e+02 5.7799902344e+02 5.7822399902e+02 5.7850097656e+02 5.7880700684e+02 5.7907299805e+02 5.7938201904e+02 5.7972100830e+02 5.8003302002e+02 5.8029302979e+02 5.8052001953e+02
5.6436602783e+02 5.6435498047e+02 5.6432598877e+02 5.6428601074e+02 5.6433197021e+02 5.6489300537e+02 5.6561401367e+02 5.6613800049e+02 5.6638897705e+02 5.6660699463e+02 5.6684197998e+02 5.6709899902e+02 5.6732202148e+02 5.6768701172e+02 5.6825201416e+02 5.6873999023e+02 5.6896398926e+02 5.6925097656e+02 5.6963897705e+02 5.7003497314e+02 5.7043103027e+02 5.7102197266e+02 5.7190802002e+02 5.7281402588e+02 5.7350897217e+02 5.7395898438e+02 5.7446997070e+02 5.7503997803e+02 5.7561602783e+02 5.7611901855e+02 5.7647497559e+02 5.7678802490e+02 5.7703698730e+02 5.7726300049e+02 5.7744897461e+02 5.7767797852e+02 5.7788702393e+02 5.7811499023e+02 5.7839202881e+02 5.7868798828e+02 5.7894897461e+02 5.7925097656e+02 5.7958197021e+02 5.7989398193e+02 5.8016302490e+02 5.8035498047e+02
5.6446600342e+02 5.6446099854e+02 5.6440399170e+02 5.6435900879e+02 5.6452197266e+02 5.6535998535e+02 5.6606500244e+02 5.6644299316e+02 5.6661401367e+02 5.6681701660e+02 5.6705200195e+02 5.6727801514e+02 5.6745697021e+02 5.6793103027e+02 5.6862500000e+02 5.6912799072e+02 5.6920800781e+02 5.6946502686e+02 5.6981500244e+02 5.7019097900e+02 5.7053198242e+02 5.7135498047e+02 5.7236199951e+02 5.7314300537e+02 5.7349102783e+02 5.7401000977e+02 5.7461999512e+02 5.7522802734e+02 5.7561999512e+02 5.7606799316e+02 5.7641802979e+02 5.7667199707e+02 5.7687902832e+02 5.7708898926e+02 5.7728100586e+02 5.7749700928e+02 5.7770098877e+02 5.7798101807e+02 5.7828497314e+02 5.7855401611e+02 5.7879602051e+02 5.7909802246e+02 5.7939099121e+02 5.7966400146e+02 5.7992999268e+02 5.8015002441e+02
5.6456701660e+02 5.6456097412e+02 5.6448901367e+02 5.6451397705e+02 5.6491497803e+02 5.6583099365e+02 5.6640899658e+02 5.6664501953e+02 5.6679498291e+02 5.6700402832e+02 5.6722399902e+02 5.6744396973e+02 5.6764801025e+02 5.6799499512e+02 5.6860198975e+02 5.6911602783e+02 5.6934399414e+02 5.6969500732e+02 5.6999401855e+02 5.7031298828e+02 5.7078198242e+02 5.7213201904e+02 5.7326599121e+02 5.7378302002e+02 5.7384600830e+02 5.7422198486e+02 5.7481097412e+02 5.7549700928e+02 5.7590197754e+02 5.7609399414e+02 5.7635198975e+02 5.7655700684e+02 5.7670599365e+02 5.7686798096e+02 5.7709802246e+02 5.7735498047e+02 5.7755102539e+02 5.7784002686e+02 5.7816101074e+02 5.7841601563e+02 5.7864898682e+02 5.7891900635e+02 5.7918701172e+02 5.7943298340e+02 5.7968902588e+02 5.7994396973e+02
5.6467297363e+02 5.6461999512e+02 5.6457702637e+02 5.6478601074e+02 5.6545001221e+02 5.6626501465e+02 5.6667297363e+02 5.6680798340e+02 5.6697198486e+02 5.6720098877e+02 5.6738800049e+02 5.6759802246e+02 5.6783697510e+02 5.6808801270e+02 5.6855700684e+02 5.6906597900e+02 5.6946697998e+02 5.6980603027e+02 5.7006597900e+02 5.7046099854e+02 5.7122100830e+02 5.7271398926e+02 5.7375799561e+02 5.7415002441e+02 5.7425000000e+02 5.7461499023e+02 5.7503497314e+02 5.7562701416e+02 5.7608398438e+02 5.7609497070e+02 5.7620501709e+02 5.7638397217e+02 5.7656500244e+02 5.7672802734e+02 5.7695800781e+02 5.7722198486e+02 5.7740502930e+02 5.7767797852e+02 5.7797900391e+02 5.7825799561e+02 5.7851300049e+02 5.7876000977e+02 5.7900598145e+02 5.7923101807e+02 5.7946600342e+02 5.7973602295e+02
5.6477197266e+02 5.6468298340e+02 5.6473901367e+02 5.6516900635e+02 5.6598797607e+02 5.6660498047e+02 5.6686297607e+02 5.6697399902e+02 5.6720098877e+02 5.6745697021e+02 5.6766900635e+02 5.6790802002e+02 5.6814697266e+02 5.6834600830e+02 5.6873498535e+02 5.6923602295e+02 5.6968298340e+02 5.6992297363e+02 5.7021002197e+02 5.7082098389e+02 5.7192700195e+02 5.7312597656e+02 5.7387500000e+02 5.7419897461e+02 5.7445001221e+02 5.7477398682e+02 5.7504101563e+02 5.7546600342e+02 5.7588201904e+02 5.7590600586e+02 5.7602899170e+02 5.7623400879e+02 5.7644500732e+02 5.7660400391e+02 5.7682397461e+02 5.7709002686e+02 5.7730798340e+02 5.7756799316e+02 5.7781500244e+02 5.7810797119e+02 5.7838598633e+02 5.7860400391e+02 5.7882598877e+02 5.7903698730e+02 5.7926702881e+02 5.7953900146e+02
5.6485198975e+02 5.6481402588e+02 5.6506799316e+02 5.6565802002e+02 5.6643402100e+02 5.6680902100e+02 5.6702600098e+02 5.6722601318e+02 5.6751397705e+02 5.6779400635e+02 5.6814801025e+02 5.6850799561e+02 5.6870501709e+02 5.6882501221e+02 5.6917700195e+02 5.6964099121e+02 5.7004498291e+02 5.7016900635e+02 5.7058300781e+02 5.7148797607e+02 5.7294897461e+02 5.7357098389e+02 5.7382897949e+02 5.7413098145e+02 5.7443200684e+02 5.7466699219e+02 5.7491998291e+02 5.7521398926e+02 5.7550000000e+02 5.7569000244e+02 5.7589001465e+02 5.7611499023e+02 5.7631799316e+02 5.7648297119e+02 5.7669097900e+02 5.7695202637e+02 5.7722802734e+02 5.7746197510e+02 5.7768103027e+02 5.7797698975e+02 5.7824902344e+02 5.7844396973e+02 5.7865802002e+02 5.7887902832e+02 5.7910400391e+02 5.7936999512e+02
5.6492401123e+02 5.6495697021e+02 5.6536999512e+02 5.6602197266e+02 5.6668103027e+02 5.6696502686e+02 5.6724597168e+02 5.6754101563e+02 5.6784497070e+02 5.6816900635e+02 5.6860302734e+02 5.6902600098e+02 5.6927099609e+02 5.6948297119e+02 5.6983502197e+02 5.7020599365e+02 5.7048797607e+02 5.7076702881e+02 5.7135998535e+02 5.7222497559e+02 5.7304302979e+02 5.7352899170e+02 5.7373999023e+02 5.7410498047e+02 5.7442401123e+02 5.7459100342e+02 5.7481298828e+02 5.7505401611e+02 5.7530798340e+02 5.7551397705e+02 5.7571002197e+02 5.7593298340e+02 5.7616802979e+02 5.7637200928e+02 5.7658300781e+02 5.7679797363e+02 5.7703900146e+02 5.7727197266e+02 5.7751599121e+02 5.7781402588e+02 5.7805700684e+02 5.7826702881e+02 5.7848498535e+02 5.7871197510e+02 5.7894396973e+02 5.7920501709e+02
5.6501202393e+02 5.6517602539e+02 5.6569396973e+02 5.6635101318e+02 5.6690502930e+02 5.6717401123e+02 5.6750598145e+02 5.6786102295e+02 5.6819201660e+02 5.6853302002e+02 5.6896801758e+02 5.6939001465e+02 5.6970501709e+02 5.7004602051e+02 5.7036199951e+02 5.7061999512e+02 5.7085900879e+02 5.7138897705e+02 5.7214398193e+02 5.7291101074e+02 5.7325402832e+02 5.7345898438e+02 5.7360699463e+02 5.7391198730e+02 5.7424597168e+02 5.7445098877e+02 5.7467999268e+02 5.7496301270e+02 5.7536297607e+02 5.7563500977e+02 5.7573199463e+02 5.7581402588e+02 5.7601098633e+02 5.7623901367e+02 5.7645001221e+02 5.7662701416e+02 5.7684899902e+02 5.7710400391e+02 5.7735699463e+02 5.7764801025e+02 5.7788299561e+02 5.7809399414e+02 5.7829901123e+02 5.7852197266e+02 5.7876300049e+02 5.7900201416e+02
5.6515301514e+02 5.6551202393e+02 5.6609997559e+02 5.6669396973e+02 5.6711499023e+02 5.6739099121e+02 5.6775799561e+02 5.6814202881e+02 5.6847698975e+02 5.6881701660e+02 5.6923498535e+02 5.6965100098e+02 5.7001702881e+02 5.7040802002e+02 5.7068103027e+02 5.7086700439e+02 5.7110302734e+02 5.7172900391e+02 5.7252801514e+02 5.7320599365e+02 5.7339398193e+02 5.7341400146e+02 5.7346600342e+02 5.7369500732e+02 5.7402099609e+02 5.7427801514e+02 5.7456500244e+02 5.7497900391e+02 5.7562701416e+02 5.7600201416e+02 5.7596002197e+02 5.7580499268e+02 5.7586297607e+02 5.7608801270e+02 5.7630798340e+02 5.7649102783e+02 5.7670098877e+02 5.7695202637e+02 5.7721197510e+02 5.7748797607e+02 5.7771697998e+02 5.7792797852e+02 5.7811798096e+02 5.7833197021e+02 5.7858099365e+02 5.7882098389e+02
5.6538702393e+02 5.6593902588e+02 5.6655297852e+02 5.6703601074e+02 5.6730902100e+02 5.6760498047e+02 5.6798199463e+02 5.6834997559e+02 5.6865502930e+02 5.6901300049e+02 5.6944500732e+02 5.6987902832e+02 5.7025299072e+02 5.7059399414e+02 5.7084802246e+02 5.7105401611e+02 5.7128399658e+02 5.7174499512e+02 5.7240698242e+02 5.7300299072e+02 5.7334197998e+02 5.7332800293e+02 5.7338201904e+02 5.7357598877e+02 5.7382702637e+02 5.7413800049e+02 5.7448498535e+02 5.7500799561e+02 5.7561798096e+02 5.7600402832e+02 5.7599700928e+02 5.7582501221e+02 5.7573999023e+02 5.7590502930e+02 5.7613800049e+02 5.7636700439e+02 5.7659600830e+02 5.7682397461e+02 5.7709002686e+02 5.7734497070e+02 5.7755700684e+02 5.7777899170e+02 5.7795898438e+02 5.7815002441e+02 5.7839599609e+02 5.7865002441e+02
5.6562200928e+02 5.6626397705e+02 5.6685797119e+02 5.6726397705e+02 5.6748101807e+02 5.6777899170e+02 5.6813500977e+02 5.6847698975e+02 5.6877899170e+02 5.6917498779e+02 5.6965399170e+02 5.7010601807e+02 5.7044201660e+02 5.7068701172e+02 5.7090997314e+02 5.7115502930e+02 5.7144897461e+02 5.7181799316e+02 5.7226702881e+02 5.7268499756e+02 5.7298101807e+02 5.7310400391e+02 5.7327001953e+02 5.7346002197e+02 5.7371398926e+02 5.7402001953e+02 5.7437298584e+02 5.7494799805e+02 5.7559698486e+02 5.7587500000e+02 5.7597802734e+02 5.7592199707e+02 5.7578399658e+02 5.7576397705e+02 5.7594097900e+02 5.7621301270e+02 5.7647698975e+02 5.7670898438e+02 5.7698101807e+02 5.7722497559e+02 5.7743103027e+02 5.7765002441e+02 5.7782397461e+02 5.7800799561e+02 5.7824902344e+02 5.7848602295e+02
5.6585198975e+02 5.6651397705e+02 5.6705499268e+02 5.6740197754e+02 5.6760998535e+02 5.6789697266e+02 5.6822100830e+02 5.6854901123e+02 5.6886499023e+02 5.6928399658e+02 5.6979699707e+02 5.7025598145e+02 5.7054797363e+02 5.7070898438e+02 5.7091900635e+02 5.7118798828e+02 5.7151800537e+02 5.7185699463e+02 5.7217797852e+02 5.7246502686e+02 5.7270202637e+02 5.7294299316e+02 5.7316302490e+02 5.7335400391e+02 5.7358898926e+02 5.7389398193e+02 5.7431597900e+02 5.7494500732e+02 5.7561401367e+02 5.7590197754e+02 5.7604699707e+02 5.7602600098e+02 5.7585699463e+02 5.7569500732e+02 5.7577899170e+02 5.7604199219e+02 5.7631597900e+02 5.7655999756e+02 5.7684100342e+02 5.7708197021e+02 5.7728399658e+02 5.7749401855e+02 5.7767401123e+02 5.7786499023e+02 5.7809600830e+02 5.7834100342e+02
5.6613800049e+02 5.6676300049e+02 5.6721502686e+02 5.6749700928e+02 5.6770300293e+02 5.6798797607e+02 5.6828997803e+02 5.6860302734e+02 5.6891998291e+02 5.6933801270e+02 5.6985400391e+02 5.7030102539e+02 5.7055200195e+02 5.7068402100e+02 5.7090997314e+02 5.7118701172e+02 5.7149902344e+02 5.7179998779e+02 5.7206500244e+02 5.7230902100e+02 5.7257202148e+02 5.7284600830e+02 5.7306201172e+02 5.7325897217e+02 5.7348101807e+02 5.7378198242e+02 5.7425201416e+02 5.7489001465e+02 5.7553601074e+02 5.7580700684e+02 5.7598400879e+02 5.7598901367e+02 5.7579602051e+02 5.7558099365e+02 5.7562799072e+02 5.7587298584e+02 5.7612597656e+02 5.7639099121e+02 5.7667297363e+02 5.7691900635e+02 5.7712701416e+02 5.7731701660e+02 5.7749902344e+02 5.7769598389e+02 5.7792401123e+02 5.7821398926e+02
