TESTSERVER/9/12.asc
NCOLS 100
NROWS 100
XLLCORNER 7.9497500000e+03
YLLCORNER 2.8935025000e+05
CELLSIZE 5.0000000000e-01
NODATA_VALUE -9.9990000000e+03
[rows 60 to 79 of 100, columns 0 to 45 of 100]
5.6581500244e+02 5.6581896973e+02 5.6582397461e+02 5.6583001709e+02 5.6583502197e+02 5.6584100342e+02 5.6584497070e+02 5.6584997559e+02 5.6585302734e+02 5.6585101318e+02 5.6585198975e+02 5.6585198975e+02 5.6585198975e+02 5.6584197998e+02 5.6583898926e+02 5.6583502197e+02 5.6582897949e+02 5.6582000732e+02 5.6581402588e+02 5.6580902100e+02 5.6580102539e+02 5.6579302979e+02 5.6578698730e+02 5.6578002930e+02 5.6577301025e+02 5.6576300049e+02 5.6575201416e+02 5.6573999023e+02 5.6572802734e+02 5.6570599365e+02 5.6568902588e+02 5.6567602539e+02 5.6566302490e+02 5.6578601074e+02 5.6600000000e+02 5.6624902344e+02 5.6650598145e+02 5.6675500488e+02 5.6702801514e+02 5.6730902100e+02 5.6758300781e+02 5.6791601563e+02 5.6814001465e+02 5.6829400635e+02 5.6850598145e+02 5.6862402344e+02
5.6581402588e+02 5.6581701660e+02 5.6582202148e+02 5.6582800293e+02 5.6583398438e+02 5.6583898926e+02 5.6584399414e+02 5.6584899902e+02 5.6585198975e+02 5.6585101318e+02 5.6585302734e+02 5.6585498047e+02 5.6585198975e+02 5.6584399414e+02 5.6584197998e+02 5.6583898926e+02 5.6583300781e+02 5.6582397461e+02 5.6582000732e+02 5.6581597900e+02 5.6580798340e+02 5.6579901123e+02 5.6579302979e+02 5.6578802490e+02 5.6578198242e+02 5.6577301025e+02 5.6576300049e+02 5.6575299072e+02 5.6574200439e+02 5.6572802734e+02 5.6571301270e+02 5.6569598389e+02 5.6568402100e+02 5.6577398682e+02 5.6596099854e+02 5.6619598389e+02 5.6642297363e+02 5.6665100098e+02 5.6691198730e+02 5.6717297363e+02 5.6741497803e+02 5.6770501709e+02 5.6797998047e+02 5.6817999268e+02 5.6840502930e+02 5.6853802490e+02
5.6581097412e+02 5.6581402588e+02 5.6582000732e+02 5.6582598877e+02 5.6583099365e+02 5.6583599854e+02 5.6584197998e+02 5.6584698486e+02 5.6584997559e+02 5.6584899902e+02 5.6585101318e+02 5.6585302734e+02 5.6585198975e+02 5.6584497070e+02 5.6584301758e+02 5.6584100342e+02 5.6583599854e+02 5.6582897949e+02 5.6582501221e+02 5.6582098389e+02 5.6581402588e+02 5.6580603027e+02 5.6580102539e+02 5.6579602051e+02 5.6579101563e+02 5.6578302002e+02 5.6577398682e+02 5.6576300049e+02 5.6575402832e+02 5.6574200439e+02 5.6572802734e+02 5.6571301270e+02 5.6569799805e+02 5.6575299072e+02 5.6590997314e+02 5.6612402344e+02 5.6634600830e+02 5.6658300781e+02 5.6683300781e+02 5.6707202148e+02 5.6728802490e+02 5.6756097412e+02 5.6786901855e+02 5.6810900879e+02 5.6833300781e+02 5.6846801758e+02
5.6580603027e+02 5.6581097412e+02 5.6581701660e+02 5.6582397461e+02 5.6583001709e+02 5.6583502197e+02 5.6584002686e+02 5.6584497070e+02 5.6584802246e+02 5.6584802246e+02 5.6584997559e+02 5.6585198975e+02 5.6585198975e+02 5.6584698486e+02 5.6584497070e+02 5.6584197998e+02 5.6583898926e+02 5.6583398438e+02 5.6583001709e+02 5.6582598877e+02 5.6582098389e+02 5.6581402588e+02 5.6580902100e+02 5.6580401611e+02 5.6579901123e+02 5.6579302979e+02 5.6578399658e+02 5.6577398682e+02 5.6576501465e+02 5.6575500488e+02 5.6574102783e+02 5.6572698975e+02 5.6570898438e+02 5.6573602295e+02 5.6584497070e+02 5.6599798584e+02 5.6615600586e+02 5.6636199951e+02 5.6664801025e+02 5.6693298340e+02 5.6716198730e+02 5.6742297363e+02 5.6775402832e+02 5.6803497314e+02 5.6827301025e+02 5.6841198730e+02
5.6579498291e+02 5.6580798340e+02 5.6581597900e+02 5.6582397461e+02 5.6582897949e+02 5.6583099365e+02 5.6583697510e+02 5.6584197998e+02 5.6584497070e+02 5.6584600830e+02 5.6584802246e+02 5.6585101318e+02 5.6585198975e+02 5.6584802246e+02 5.6584698486e+02 5.6584399414e+02 5.6584002686e+02 5.6583697510e+02 5.6583502197e+02 5.6583197021e+02 5.6582800293e+02 5.6582098389e+02 5.6581701660e+02 5.6581298828e+02 5.6580902100e+02 5.6580200195e+02 5.6579302979e+02 5.6578302002e+02 5.6577001953e+02 5.6576202393e+02 5.6574902344e+02 5.6573602295e+02 5.6572802734e+02 5.6573400879e+02 5.6576599121e+02 5.6581500244e+02 5.6585601807e+02 5.6602697754e+02 5.6639099121e+02 5.6678601074e+02 5.6704901123e+02 5.6727899170e+02 5.6758898926e+02 5.6789898682e+02 5.6819299316e+02 5.6834399414e+02
5.6579498291e+02 5.6580499268e+02 5.6581402588e+02 5.6582202148e+02 5.6582702637e+02 5.6583001709e+02 5.6583502197e+02 5.6584100342e+02 5.6584497070e+02 5.6584600830e+02 5.6584899902e+02 5.6585198975e+02 5.6585198975e+02 5.6584899902e+02 5.6584802246e+02 5.6584698486e+02 5.6584497070e+02 5.6584301758e+02 5.6584100342e+02 5.6584002686e+02 5.6583599854e+02 5.6582897949e+02 5.6582598877e+02 5.6582299805e+02 5.6581799316e+02 5.6580999756e+02 5.6580102539e+02 5.6578900146e+02 5.6577600098e+02 5.6576300049e+02 5.6574902344e+02 5.6573498535e+02 5.6572302246e+02 5.6571502686e+02 5.6571600342e+02 5.6574102783e+02 5.6579101563e+02 5.6595397949e+02 5.6632397461e+02 5.6673797607e+02 5.6700201416e+02 5.6717602539e+02 5.6744396973e+02 5.6775598145e+02 5.6809197998e+02 5.6828497314e+02
5.6579699707e+02 5.6580499268e+02 5.6581201172e+02 5.6581896973e+02 5.6582501221e+02 5.6582897949e+02 5.6583502197e+02 5.6584002686e+02 5.6584399414e+02 5.6584698486e+02 5.6584899902e+02 5.6585198975e+02 5.6585302734e+02 5.6585101318e+02 5.6585101318e+02 5.6585101318e+02 5.6584997559e+02 5.6584899902e+02 5.6584802246e+02 5.6584698486e+02 5.6584301758e+02 5.6583801270e+02 5.6583502197e+02 5.6583197021e+02 5.6582800293e+02 5.6581896973e+02 5.6580999756e+02 5.6579797363e+02 5.6578399658e+02 5.6576800537e+02 5.6575201416e+02 5.6573602295e+02 5.6572302246e+02 5.6571197510e+02 5.6570202637e+02 5.6571398926e+02 5.6575799561e+02 5.6591302490e+02 5.6625701904e+02 5.6665802002e+02 5.6693402100e+02 5.6708898926e+02 5.6735797119e+02 5.6766802979e+02 5.6798602295e+02 5.6819598389e+02
5.6579998779e+02 5.6580401611e+02 5.6580999756e+02 5.6581701660e+02 5.6582299805e+02 5.6582800293e+02 5.6583398438e+02 5.6583898926e+02 5.6584399414e+02 5.6584698486e+02 5.6584997559e+02 5.6585302734e+02 5.6585400391e+02 5.6585400391e+02 5.6585498047e+02 5.6585601807e+02 5.6585601807e+02 5.6585498047e+02 5.6585400391e+02 5.6585302734e+02 5.6585101318e+02 5.6584698486e+02 5.6584399414e+02 5.6584100342e+02 5.6583801270e+02 5.6583001709e+02 5.6582000732e+02 5.6580798340e+02 5.6579199219e+02 5.6577502441e+02 5.6575701904e+02 5.6573999023e+02 5.6572601318e+02 5.6572198486e+02 5.6571502686e+02 5.6571997070e+02 5.6574700928e+02 5.6586401367e+02 5.6616302490e+02 5.6654998779e+02 5.6686102295e+02 5.6705297852e+02 5.6735498047e+02 5.6764202881e+02 5.6787097168e+02 5.6809698486e+02
5.6580102539e+02 5.6580200195e+02 5.6580798340e+02 5.6581402588e+02 5.6582098389e+02 5.6582702637e+02 5.6583197021e+02 5.6583697510e+02 5.6584002686e+02 5.6584600830e+02 5.6584997559e+02 5.6585400391e+02 5.6585797119e+02 5.6585797119e+02 5.6585797119e+02 5.6585797119e+02 5.6585498047e+02 5.6586102295e+02 5.6586199951e+02 5.6586297607e+02 5.6586401367e+02 5.6585797119e+02 5.6585601807e+02 5.6585498047e+02 5.6585498047e+02 5.6584301758e+02 5.6583197021e+02 5.6581896973e+02 5.6580499268e+02 5.6578601074e+02 5.6576599121e+02 5.6574499512e+02 5.6572399902e+02 5.6573199463e+02 5.6573699951e+02 5.6574298096e+02 5.6574798584e+02 5.6583197021e+02 5.6609399414e+02 5.6646899414e+02 5.6679498291e+02 5.6704797363e+02 5.6737200928e+02 5.6762402344e+02 5.6774597168e+02 5.6800000000e+02
5.6578900146e+02 5.6579699707e+02 5.6580499268e+02 5.6581298828e+02 5.6582000732e+02 5.6582501221e+02 5.6583099365e+02 5.6583599854e+02 5.6584197998e+02 5.6584802246e+02 5.6585400391e+02 5.6585998535e+02 5.6586401367e+02 5.6586401367e+02 5.6586499023e+02 5.6586401367e+02 5.6586401367e+02 5.6586901855e+02 5.6586999512e+02 5.6587200928e+02 5.6587097168e+02 5.6586798096e+02 5.6586798096e+02 5.6586798096e+02 5.6586602783e+02 5.6585601807e+02 5.6584698486e+02 5.6583502197e+02 5.6581896973e+02 5.6580102539e+02 5.6577899170e+02 5.6575598145e+02 5.6573699951e+02 5.6573498535e+02 5.6573602295e+02 5.6574401855e+02 5.6575201416e+02 5.6579498291e+02 5.6603497314e+02 5.6641497803e+02 5.6673498535e+02 5.6696002197e+02 5.6723999023e+02 5.6747497559e+02 5.6762200928e+02 5.6786798096e+02
5.6578302002e+02 5.6579498291e+02 5.6580401611e+02 5.6581201172e+02 5.6581896973e+02 5.6582598877e+02 5.6583300781e+02 5.6583898926e+02 5.6584600830e+02 5.6585198975e+02 5.6585797119e+02 5.6586499023e+02 5.6587097168e+02 5.6587298584e+02 5.6587500000e+02 5.6587500000e+02 5.6587500000e+02 5.6587799072e+02 5.6587799072e+02 5.6587902832e+02 5.6587799072e+02 5.6587701416e+02 5.6587701416e+02 5.6587799072e+02 5.6587597656e+02 5.6586999512e+02 5.6586102295e+02 5.6584997559e+02 5.6583502197e+02 5.6581500244e+02 5.6579498291e+02 5.6577197266e+02 5.6575000000e+02 5.6573699951e+02 5.6573400879e+02 5.6574401855e+02 5.6575500488e+02 5.6577398682e+02 5.6599102783e+02 5.6635498047e+02 5.6664599609e+02 5.6682397461e+02 5.6705798340e+02 5.6728601074e+02 5.6748901367e+02 5.6771697998e+02
5.6578399658e+02 5.6579302979e+02 5.6580401611e+02 5.6581298828e+02 5.6582098389e+02 5.6582800293e+02 5.6583599854e+02 5.6584399414e+02 5.6585101318e+02 5.6585797119e+02 5.6586499023e+02 5.6587097168e+02 5.6587902832e+02 5.6588397217e+02 5.6588702393e+02 5.6588800049e+02 5.6588800049e+02 5.6588800049e+02 5.6588800049e+02 5.6588702393e+02 5.6588598633e+02 5.6588598633e+02 5.6588598633e+02 5.6588702393e+02 5.6588702393e+02 5.6588397217e+02 5.6587701416e+02 5.6586700439e+02 5.6585101318e+02 5.6583197021e+02 5.6581402588e+02 5.6579302979e+02 5.6576702881e+02 5.6573999023e+02 5.6573297119e+02 5.6574401855e+02 5.6575799561e+02 5.6577001953e+02 5.6595898438e+02 5.6628698730e+02 5.6655200195e+02 5.6672399902e+02 5.6693499756e+02 5.6715899658e+02 5.6738098145e+02 5.6759197998e+02
5.6579797363e+02 5.6579400635e+02 5.6580200195e+02 5.6581097412e+02 5.6582098389e+02 5.6583502197e+02 5.6584497070e+02 5.6585498047e+02 5.6586297607e+02 5.6586297607e+02 5.6586999512e+02 5.6587799072e+02 5.6589300537e+02 5.6590100098e+02 5.6590802002e+02 5.6591101074e+02 5.6591400146e+02 5.6590301514e+02 5.6590002441e+02 5.6589697266e+02 5.6589398193e+02 5.6589697266e+02 5.6589898682e+02 5.6590197754e+02 5.6591497803e+02 5.6590899658e+02 5.6590502930e+02 5.6589697266e+02 5.6589501953e+02 5.6586798096e+02 5.6585797119e+02 5.6584698486e+02 5.6584002686e+02 5.6575402832e+02 5.6573101807e+02 5.6574102783e+02 5.6576202393e+02 5.6579302979e+02 5.6595397949e+02 5.6622399902e+02 5.6646801758e+02 5.6666497803e+02 5.6687799072e+02 5.6709600830e+02 5.6730999756e+02 5.6753601074e+02
5.6580102539e+02 5.6579602051e+02 5.6580401611e+02 5.6581402588e+02 5.6582897949e+02 5.6584497070e+02 5.6585699463e+02 5.6586700439e+02 5.6587097168e+02 5.6587298584e+02 5.6588098145e+02 5.6589202881e+02 5.6590997314e+02 5.6592401123e+02 5.6593200684e+02 5.6593798828e+02 5.6593200684e+02 5.6592199707e+02 5.6591699219e+02 5.6591198730e+02 5.6590698242e+02 5.6590698242e+02 5.6590899658e+02 5.6591302490e+02 5.6592797852e+02 5.6594299316e+02 5.6594000244e+02 5.6593298340e+02 5.6591900635e+02 5.6591601563e+02 5.6591699219e+02 5.6590997314e+02 5.6589501953e+02 5.6579602051e+02 5.6572998047e+02 5.6573297119e+02 5.6575897217e+02 5.6578302002e+02 5.6592999268e+02 5.6618402100e+02 5.6641802979e+02 5.6662298584e+02 5.6685302734e+02 5.6707098389e+02 5.6727502441e+02 5.6752099609e+02
5.6579797363e+02 5.6579699707e+02 5.6580798340e+02 5.6582000732e+02 5.6583697510e+02 5.6585302734e+02 5.6586499023e+02 5.6587500000e+02 5.6587902832e+02 5.6588201904e+02 5.6589300537e+02 5.6590698242e+02 5.6592602539e+02 5.6593798828e+02 5.6594799805e+02 5.6595300293e+02 5.6594500732e+02 5.6593402100e+02 5.6592901611e+02 5.6592297363e+02 5.6591699219e+02 5.6591400146e+02 5.6591302490e+02 5.6591302490e+02 5.6592999268e+02 5.6594702148e+02 5.6594299316e+02 5.6593499756e+02 5.6592498779e+02 5.6592999268e+02 5.6593298340e+02 5.6592602539e+02 5.6592199707e+02 5.6581500244e+02 5.6573400879e+02 5.6573199463e+02 5.6575701904e+02 5.6577502441e+02 5.6590600586e+02 5.6614398193e+02 5.6637799072e+02 5.6659698486e+02 5.6683197021e+02 5.6705297852e+02 5.6726501465e+02 5.6749700928e+02
5.6579101563e+02 5.6579901123e+02 5.6581298828e+02 5.6582702637e+02 5.6584497070e+02 5.6586102295e+02 5.6587298584e+02 5.6588299561e+02 5.6588500977e+02 5.6589001465e+02 5.6590399170e+02 5.6592102051e+02 5.6593798828e+02 5.6594702148e+02 5.6595697021e+02 5.6596301270e+02 5.6595300293e+02 5.6594000244e+02 5.6593499756e+02 5.6592901611e+02 5.6592401123e+02 5.6591802979e+02 5.6591198730e+02 5.6590600586e+02 5.6591497803e+02 5.6592297363e+02 5.6591601563e+02 5.6590802002e+02 5.6590399170e+02 5.6591601563e+02 5.6591900635e+02 5.6591198730e+02 5.6590698242e+02 5.6580999756e+02 5.6573699951e+02 5.6573699951e+02 5.6575897217e+02 5.6577899170e+02 5.6589001465e+02 5.6609802246e+02 5.6632702637e+02 5.6654400635e+02 5.6677301025e+02 5.6700000000e+02 5.6723602295e+02 5.6742700195e+02
5.6578399658e+02 5.6580798340e+02 5.6582397461e+02 5.6583502197e+02 5.6584399414e+02 5.6586798096e+02 5.6588098145e+02 5.6589001465e+02 5.6590399170e+02 5.6590399170e+02 5.6591302490e+02 5.6592602539e+02 5.6594396973e+02 5.6597497559e+02 5.6599597168e+02 5.6599902344e+02 5.6600598145e+02 5.6595397949e+02 5.6593798828e+02 5.6593402100e+02 5.6594097900e+02 5.6592602539e+02 5.6591101074e+02 5.6589099121e+02 5.6586499023e+02 5.6586798096e+02 5.6585601807e+02 5.6584301758e+02 5.6583099365e+02 5.6586700439e+02 5.6587902832e+02 5.6587298584e+02 5.6584301758e+02 5.6576800537e+02 5.6572802734e+02 5.6573999023e+02 5.6575402832e+02 5.6579901123e+02 5.6590399170e+02 5.6607501221e+02 5.6628198242e+02 5.6647302246e+02 5.6669097900e+02 5.6692602539e+02 5.6715100098e+02 5.6731500244e+02
5.6578601074e+02 5.6582000732e+02 5.6583697510e+02 5.6584301758e+02 5.6584997559e+02 5.6587200928e+02 5.6588500977e+02 5.6589501953e+02 5.6590899658e+02 5.6591900635e+02 5.6591400146e+02 5.6591101074e+02 5.6592602539e+02 5.6597601318e+02 5.6600299072e+02 5.6600201416e+02 5.6596997070e+02 5.6592498779e+02 5.6589697266e+02 5.6589599609e+02 5.6590698242e+02 5.6591198730e+02 5.6589398193e+02 5.6586297607e+02 5.6583398438e+02 5.6582598877e+02 5.6581201172e+02 5.6580200195e+02 5.6581201172e+02 5.6581402588e+02 5.6580401611e+02 5.6578497314e+02 5.6575799561e+02 5.6573199463e+02 5.6573101807e+02 5.6574499512e+02 5.6575402832e+02 5.6581597900e+02 5.6593200684e+02 5.6609002686e+02 5.6627001953e+02 5.6644598389e+02 5.6665899658e+02 5.6687298584e+02 5.6706402588e+02 5.6720800781e+02
5.6578997803e+02 5.6582702637e+02 5.6584600830e+02 5.6585302734e+02 5.6585699463e+02 5.6587097168e+02 5.6588000488e+02 5.6588897705e+02 5.6590600586e+02 5.6591497803e+02 5.6590600586e+02 5.6589300537e+02 5.6588800049e+02 5.6592102051e+02 5.6594299316e+02 5.6594000244e+02 5.6590899658e+02 5.6586700439e+02 5.6584698486e+02 5.6584899902e+02 5.6586401367e+02 5.6587097168e+02 5.6585797119e+02 5.6583398438e+02 5.6582098389e+02 5.6582098389e+02 5.6580798340e+02 5.6580297852e+02 5.6581799316e+02 5.6580200195e+02 5.6578002930e+02 5.6575897217e+02 5.6573699951e+02 5.6573602295e+02 5.6574700928e+02 5.6575201416e+02 5.6574902344e+02 5.6582000732e+02 5.6594396973e+02 5.6610198975e+02 5.6626300049e+02 5.6644799805e+02 5.6665399170e+02 5.6683801270e+02 5.6698400879e+02 5.6709802246e+02
5.6579101563e+02 5.6583099365e+02 5.6585498047e+02 5.6586499023e+02 5.6586499023e+02 5.6586401367e+02 5.6586700439e+02 5.6587402344e+02 5.6589300537e+02 5.6590100098e+02 5.6588702393e+02 5.6586602783e+02 5.6584301758e+02 5.6585797119e+02 5.6587200928e+02 5.6586999512e+02 5.6584802246e+02 5.6582202148e+02 5.6581298828e+02 5.6581799316e+02 5.6583001709e+02 5.6583398438e+02 5.6582397461e+02 5.6580902100e+02 5.6580999756e+02 5.6581701660e+02 5.6580798340e+02 5.6580798340e+02 5.6582299805e+02 5.6580603027e+02 5.6578802490e+02 5.6576898193e+02 5.6574499512e+02 5.6573901367e+02 5.6574798584e+02 5.6575299072e+02 5.6574597168e+02 5.6581201172e+02 5.6594396973e+02 5.6611199951e+02 5.6627697754e+02 5.6646197510e+02 5.6664398193e+02 5.6679400635e+02 5.6690399170e+02 5.6700799561e+02
