TESTSERVER/9/12.asc
NCOLS 100
NROWS 100
XLLCORNER 7.9497500000e+03
YLLCORNER 2.8935025000e+05
CELLSIZE 5.0000000000e-01
NODATA_VALUE -9.9990000000e+03
[rows 40 to 59 of 100, columns 0 to 45 of 100]
5.6583197021e+02 5.6582598877e+02 5.6582098389e+02 5.6581701660e+02 5.6580798340e+02 5.6580798340e+02 5.6580297852e+02 5.6580401611e+02 5.6581097412e+02 5.6582501221e+02 5.6582800293e+02 5.6582702637e+02 5.6583197021e+02 5.6584399414e+02 5.6585302734e+02 5.6586499023e+02 5.6587799072e+02 5.6587902832e+02 5.6588702393e+02 5.6590197754e+02 5.6592797852e+02 5.6592901611e+02 5.6593701172e+02 5.6596697998e+02 5.6601000977e+02 5.6605603027e+02 5.6607501221e+02 5.6610797119e+02 5.6620898438e+02 5.6637799072e+02 5.6660498047e+02 5.6689801025e+02 5.6726202393e+02 5.6763098145e+02 5.6797900391e+02 5.6834899902e+02 5.6871697998e+02 5.6935498047e+02 5.6978399658e+02 5.6979602051e+02 5.6970098877e+02 5.6974298096e+02 5.6975897217e+02 5.6976898193e+02 5.6977899170e+02 5.6976501465e+02
5.6584002686e+02 5.6584002686e+02 5.6583502197e+02 5.6583001709e+02 5.6582598877e+02 5.6582702637e+02 5.6582800293e+02 5.6583398438e+02 5.6584997559e+02 5.6585797119e+02 5.6585601807e+02 5.6584802246e+02 5.6584802246e+02 5.6585101318e+02 5.6585900879e+02 5.6587500000e+02 5.6589398193e+02 5.6590197754e+02 5.6591497803e+02 5.6593597412e+02 5.6596801758e+02 5.6598602295e+02 5.6599298096e+02 5.6600799561e+02 5.6605999756e+02 5.6612701416e+02 5.6611499023e+02 5.6610601807e+02 5.6616101074e+02 5.6629101563e+02 5.6650897217e+02 5.6678997803e+02 5.6711999512e+02 5.6746801758e+02 5.6782299805e+02 5.6821002197e+02 5.6861901855e+02 5.6913201904e+02 5.6963598633e+02 5.6972900391e+02 5.6964898682e+02 5.6966900635e+02 5.6967700195e+02 5.6967999268e+02 5.6968902588e+02 5.6970397949e+02
5.6585601807e+02 5.6585797119e+02 5.6585498047e+02 5.6585198975e+02 5.6585198975e+02 5.6586602783e+02 5.6587500000e+02 5.6588702393e+02 5.6590197754e+02 5.6590502930e+02 5.6589599609e+02 5.6588098145e+02 5.6586901855e+02 5.6586499023e+02 5.6587097168e+02 5.6588598633e+02 5.6590698242e+02 5.6591900635e+02 5.6593298340e+02 5.6595501709e+02 5.6599102783e+02 5.6601501465e+02 5.6601800537e+02 5.6602301025e+02 5.6605499268e+02 5.6610601807e+02 5.6608300781e+02 5.6605999756e+02 5.6610400391e+02 5.6620800781e+02 5.6640502930e+02 5.6667602539e+02 5.6699499512e+02 5.6734301758e+02 5.6768298340e+02 5.6805902100e+02 5.6849401855e+02 5.6887298584e+02 5.6937902832e+02 5.6961798096e+02 5.6958502197e+02 5.6959002686e+02 5.6959497070e+02 5.6959197998e+02 5.6959698486e+02 5.6962902832e+02
5.6587902832e+02 5.6587799072e+02 5.6587701416e+02 5.6587402344e+02 5.6587701416e+02 5.6590301514e+02 5.6592102051e+02 5.6593597412e+02 5.6594799805e+02 5.6594500732e+02 5.6593200684e+02 5.6590997314e+02 5.6588598633e+02 5.6587597656e+02 5.6588098145e+02 5.6589300537e+02 5.6591198730e+02 5.6592498779e+02 5.6593798828e+02 5.6595898438e+02 5.6599401855e+02 5.6601800537e+02 5.6601898193e+02 5.6601702881e+02 5.6602398682e+02 5.6603997803e+02 5.6600201416e+02 5.6596600342e+02 5.6600701904e+02 5.6610601807e+02 5.6629199219e+02 5.6657000732e+02 5.6689398193e+02 5.6724102783e+02 5.6756799316e+02 5.6791998291e+02 5.6834497070e+02 5.6865802002e+02 5.6912902832e+02 5.6947601318e+02 5.6951000977e+02 5.6950299072e+02 5.6950799561e+02 5.6950799561e+02 5.6951202393e+02 5.6954101563e+02
5.6590899658e+02 5.6589202881e+02 5.6588897705e+02 5.6588598633e+02 5.6590100098e+02 5.6592498779e+02 5.6594097900e+02 5.6595300293e+02 5.6595300293e+02 5.6595501709e+02 5.6594097900e+02 5.6592199707e+02 5.6589697266e+02 5.6588500977e+02 5.6588702393e+02 5.6589300537e+02 5.6589300537e+02 5.6590997314e+02 5.6592199707e+02 5.6593902588e+02 5.6595898438e+02 5.6599298096e+02 5.6600500488e+02 5.6601300049e+02 5.6602801514e+02 5.6601501465e+02 5.6594598389e+02 5.6587402344e+02 5.6586499023e+02 5.6598999023e+02 5.6617498779e+02 5.6644897461e+02 5.6675799561e+02 5.6710797119e+02 5.6744097900e+02 5.6777502441e+02 5.6812402344e+02 5.6845001221e+02 5.6888098145e+02 5.6928399658e+02 5.6947601318e+02 5.6941900635e+02 5.6941302490e+02 5.6942199707e+02 5.6941998291e+02 5.6942401123e+02
5.6591802979e+02 5.6589300537e+02 5.6588800049e+02 5.6588702393e+02 5.6589697266e+02 5.6591198730e+02 5.6591900635e+02 5.6592602539e+02 5.6593200684e+02 5.6592700195e+02 5.6591699219e+02 5.6590502930e+02 5.6588800049e+02 5.6588299561e+02 5.6588299561e+02 5.6588299561e+02 5.6588201904e+02 5.6588800049e+02 5.6589697266e+02 5.6590802002e+02 5.6592199707e+02 5.6593902588e+02 5.6595300293e+02 5.6596502686e+02 5.6597802734e+02 5.6596801758e+02 5.6590002441e+02 5.6582299805e+02 5.6580102539e+02 5.6589001465e+02 5.6604901123e+02 5.6630401611e+02 5.6659802246e+02 5.6691198730e+02 5.6725000000e+02 5.6759698486e+02 5.6794799805e+02 5.6828100586e+02 5.6865600586e+02 5.6903698730e+02 5.6934197998e+02 5.6936199951e+02 5.6933099365e+02 5.6933001709e+02 5.6933599854e+02 5.6933898926e+02
5.6591802979e+02 5.6589398193e+02 5.6589001465e+02 5.6588800049e+02 5.6589202881e+02 5.6589898682e+02 5.6590301514e+02 5.6590802002e+02 5.6591302490e+02 5.6590997314e+02 5.6590100098e+02 5.6589099121e+02 5.6587902832e+02 5.6587500000e+02 5.6587298584e+02 5.6587097168e+02 5.6586999512e+02 5.6587200928e+02 5.6587597656e+02 5.6588098145e+02 5.6588201904e+02 5.6588299561e+02 5.6588800049e+02 5.6589398193e+02 5.6590100098e+02 5.6589599609e+02 5.6583502197e+02 5.6576202393e+02 5.6573699951e+02 5.6579699707e+02 5.6592901611e+02 5.6615698242e+02 5.6642700195e+02 5.6675000000e+02 5.6711901855e+02 5.6750299072e+02 5.6787402344e+02 5.6820001221e+02 5.6851300049e+02 5.6882800293e+02 5.6915399170e+02 5.6928900146e+02 5.6926098633e+02 5.6923797607e+02 5.6925201416e+02 5.6926098633e+02
5.6590997314e+02 5.6589202881e+02 5.6588800049e+02 5.6588598633e+02 5.6588598633e+02 5.6588800049e+02 5.6589001465e+02 5.6589202881e+02 5.6589599609e+02 5.6589300537e+02 5.6588598633e+02 5.6587799072e+02 5.6586901855e+02 5.6586499023e+02 5.6586102295e+02 5.6585797119e+02 5.6585601807e+02 5.6585498047e+02 5.6585498047e+02 5.6585400391e+02 5.6584197998e+02 5.6582598877e+02 5.6582098389e+02 5.6581701660e+02 5.6581298828e+02 5.6580999756e+02 5.6576300049e+02 5.6570501709e+02 5.6568902588e+02 5.6572998047e+02 5.6583300781e+02 5.6603100586e+02 5.6628900146e+02 5.6665997314e+02 5.6705999756e+02 5.6746099854e+02 5.6784301758e+02 5.6817700195e+02 5.6844598389e+02 5.6868701172e+02 5.6897601318e+02 5.6919396973e+02 5.6919799805e+02 5.6915899658e+02 5.6917199707e+02 5.6918402100e+02
5.6589898682e+02 5.6588897705e+02 5.6588299561e+02 5.6588000488e+02 5.6587799072e+02 5.6587902832e+02 5.6587799072e+02 5.6587597656e+02 5.6587200928e+02 5.6587402344e+02 5.6586901855e+02 5.6586401367e+02 5.6585302734e+02 5.6584899902e+02 5.6584600830e+02 5.6584301758e+02 5.6584197998e+02 5.6583801270e+02 5.6583001709e+02 5.6581799316e+02 5.6579199219e+02 5.6577801514e+02 5.6576098633e+02 5.6574499512e+02 5.6571697998e+02 5.6571301270e+02 5.6569500732e+02 5.6567498779e+02 5.6568103027e+02 5.6570001221e+02 5.6577801514e+02 5.6594396973e+02 5.6619299316e+02 5.6660900879e+02 5.6699200439e+02 5.6735601807e+02 5.6775097656e+02 5.6812500000e+02 5.6837701416e+02 5.6857598877e+02 5.6882800293e+02 5.6907598877e+02 5.6914599609e+02 5.6911499023e+02 5.6910900879e+02 5.6910998535e+02
5.6589501953e+02 5.6588598633e+02 5.6588000488e+02 5.6587500000e+02 5.6587402344e+02 5.6587298584e+02 5.6587097168e+02 5.6586700439e+02 5.6586602783e+02 5.6586499023e+02 5.6586102295e+02 5.6585699463e+02 5.6584899902e+02 5.6584301758e+02 5.6584100342e+02 5.6584002686e+02 5.6583801270e+02 5.6583001709e+02 5.6581799316e+02 5.6580200195e+02 5.6577899170e+02 5.6575598145e+02 5.6573699951e+02 5.6571801758e+02 5.6570501709e+02 5.6569799805e+02 5.6569201660e+02 5.6569201660e+02 5.6568701172e+02 5.6568103027e+02 5.6574102783e+02 5.6588598633e+02 5.6612799072e+02 5.6650402832e+02 5.6687097168e+02 5.6722802734e+02 5.6762597656e+02 5.6799902344e+02 5.6826501465e+02 5.6846099854e+02 5.6869097900e+02 5.6896099854e+02 5.6908599854e+02 5.6907000732e+02 5.6904998779e+02 5.6905200195e+02
5.6589300537e+02 5.6588299561e+02 5.6587701416e+02 5.6587298584e+02 5.6586999512e+02 5.6586901855e+02 5.6586602783e+02 5.6586199951e+02 5.6586102295e+02 5.6585998535e+02 5.6585601807e+02 5.6585198975e+02 5.6584497070e+02 5.6584100342e+02 5.6584002686e+02 5.6583801270e+02 5.6583502197e+02 5.6582598877e+02 5.6581500244e+02 5.6579998779e+02 5.6577301025e+02 5.6574401855e+02 5.6572399902e+02 5.6570501709e+02 5.6570098877e+02 5.6570202637e+02 5.6569702148e+02 5.6569799805e+02 5.6569201660e+02 5.6566601563e+02 5.6570501709e+02 5.6583001709e+02 5.6605297852e+02 5.6636700439e+02 5.6671600342e+02 5.6708001709e+02 5.6747399902e+02 5.6784197998e+02 5.6815301514e+02 5.6837701416e+02 5.6858398438e+02 5.6884899902e+02 5.6901501465e+02 5.6903002930e+02 5.6899700928e+02 5.6899902344e+02
5.6589202881e+02 5.6587902832e+02 5.6587402344e+02 5.6586999512e+02 5.6586700439e+02 5.6586499023e+02 5.6586102295e+02 5.6585699463e+02 5.6585601807e+02 5.6585400391e+02 5.6585101318e+02 5.6584600830e+02 5.6584197998e+02 5.6583898926e+02 5.6583801270e+02 5.6583599854e+02 5.6583197021e+02 5.6582299805e+02 5.6581298828e+02 5.6579901123e+02 5.6577197266e+02 5.6574401855e+02 5.6572399902e+02 5.6570599365e+02 5.6570300293e+02 5.6570697021e+02 5.6570202637e+02 5.6570300293e+02 5.6569702148e+02 5.6565802002e+02 5.6567797852e+02 5.6577899170e+02 5.6597698975e+02 5.6625299072e+02 5.6658697510e+02 5.6695001221e+02 5.6733898926e+02 5.6771801758e+02 5.6808502197e+02 5.6833599854e+02 5.6850598145e+02 5.6873797607e+02 5.6892901611e+02 5.6898498535e+02 5.6895001221e+02 5.6894799805e+02
5.6589099121e+02 5.6587597656e+02 5.6587097168e+02 5.6586700439e+02 5.6586199951e+02 5.6586102295e+02 5.6585900879e+02 5.6585601807e+02 5.6585198975e+02 5.6584600830e+02 5.6584301758e+02 5.6583898926e+02 5.6583502197e+02 5.6583398438e+02 5.6583099365e+02 5.6582800293e+02 5.6582000732e+02 5.6581799316e+02 5.6581097412e+02 5.6580102539e+02 5.6579199219e+02 5.6576098633e+02 5.6574401855e+02 5.6572698975e+02 5.6572302246e+02 5.6571398926e+02 5.6570697021e+02 5.6570300293e+02 5.6569097900e+02 5.6567102051e+02 5.6568298340e+02 5.6574700928e+02 5.6586798096e+02 5.6617498779e+02 5.6651599121e+02 5.6687097168e+02 5.6726000977e+02 5.6763397217e+02 5.6802502441e+02 5.6829699707e+02 5.6844500732e+02 5.6862597656e+02 5.6882800293e+02 5.6892797852e+02 5.6890197754e+02 5.6889898682e+02
5.6588598633e+02 5.6587200928e+02 5.6586798096e+02 5.6586401367e+02 5.6585998535e+02 5.6585797119e+02 5.6585699463e+02 5.6585601807e+02 5.6585198975e+02 5.6584497070e+02 5.6584197998e+02 5.6583898926e+02 5.6583599854e+02 5.6583197021e+02 5.6582702637e+02 5.6582299805e+02 5.6582000732e+02 5.6581500244e+02 5.6580902100e+02 5.6580297852e+02 5.6579199219e+02 5.6577301025e+02 5.6575799561e+02 5.6574401855e+02 5.6573101807e+02 5.6572302246e+02 5.6571502686e+02 5.6570697021e+02 5.6568798828e+02 5.6566601563e+02 5.6567999268e+02 5.6572698975e+02 5.6581201172e+02 5.6609100342e+02 5.6645001221e+02 5.6680499268e+02 5.6716400146e+02 5.6750598145e+02 5.6789300537e+02 5.6820300293e+02 5.6836102295e+02 5.6851599121e+02 5.6871197510e+02 5.6885302734e+02 5.6886102295e+02 5.6885498047e+02
5.6587902832e+02 5.6586602783e+02 5.6586401367e+02 5.6586102295e+02 5.6585797119e+02 5.6585601807e+02 5.6585498047e+02 5.6585400391e+02 5.6585101318e+02 5.6584600830e+02 5.6584399414e+02 5.6584100342e+02 5.6583801270e+02 5.6583300781e+02 5.6582800293e+02 5.6582397461e+02 5.6582000732e+02 5.6581500244e+02 5.6580902100e+02 5.6580200195e+02 5.6579199219e+02 5.6577502441e+02 5.6576202393e+02 5.6574902344e+02 5.6573699951e+02 5.6572900391e+02 5.6571997070e+02 5.6571301270e+02 5.6568701172e+02 5.6565301514e+02 5.6566101074e+02 5.6570098877e+02 5.6577301025e+02 5.6601300049e+02 5.6636602783e+02 5.6672100830e+02 5.6706597900e+02 5.6742498779e+02 5.6780798340e+02 5.6811401367e+02 5.6827301025e+02 5.6840997314e+02 5.6859899902e+02 5.6877301025e+02 5.6883001709e+02 5.6880798340e+02
5.6587097168e+02 5.6585998535e+02 5.6585797119e+02 5.6585601807e+02 5.6585400391e+02 5.6585400391e+02 5.6585302734e+02 5.6585198975e+02 5.6585101318e+02 5.6584802246e+02 5.6584497070e+02 5.6584197998e+02 5.6583898926e+02 5.6583398438e+02 5.6582897949e+02 5.6582501221e+02 5.6582000732e+02 5.6581402588e+02 5.6580798340e+02 5.6580200195e+02 5.6579199219e+02 5.6577801514e+02 5.6576599121e+02 5.6575402832e+02 5.6574298096e+02 5.6573498535e+02 5.6572497559e+02 5.6571600342e+02 5.6568902588e+02 5.6564898682e+02 5.6565002441e+02 5.6568298340e+02 5.6575097656e+02 5.6595599365e+02 5.6628399658e+02 5.6662902832e+02 5.6696502686e+02 5.6734100342e+02 5.6771502686e+02 5.6802001953e+02 5.6820898438e+02 5.6833502197e+02 5.6850799561e+02 5.6869702148e+02 5.6880200195e+02 5.6877600098e+02
5.6585797119e+02 5.6584997559e+02 5.6584899902e+02 5.6584899902e+02 5.6584698486e+02 5.6585101318e+02 5.6585198975e+02 5.6585302734e+02 5.6585498047e+02 5.6584802246e+02 5.6584698486e+02 5.6584497070e+02 5.6584197998e+02 5.6583398438e+02 5.6582897949e+02 5.6582397461e+02 5.6581799316e+02 5.6581298828e+02 5.6580700684e+02 5.6579998779e+02 5.6578900146e+02 5.6577899170e+02 5.6577001953e+02 5.6576098633e+02 5.6575201416e+02 5.6573797607e+02 5.6572802734e+02 5.6571801758e+02 5.6570098877e+02 5.6567102051e+02 5.6566802979e+02 5.6568402100e+02 5.6572100830e+02 5.6591400146e+02 5.6621997070e+02 5.6655603027e+02 5.6687402344e+02 5.6721600342e+02 5.6755499268e+02 5.6788500977e+02 5.6817901611e+02 5.6829602051e+02 5.6843701172e+02 5.6861700439e+02 5.6877099609e+02 5.6875799561e+02
5.6584002686e+02 5.6583697510e+02 5.6583898926e+02 5.6584100342e+02 5.6584301758e+02 5.6584698486e+02 5.6585101318e+02 5.6585498047e+02 5.6585400391e+02 5.6584802246e+02 5.6584802246e+02 5.6584698486e+02 5.6584301758e+02 5.6583502197e+02 5.6583001709e+02 5.6582501221e+02 5.6582098389e+02 5.6581402588e+02 5.6580798340e+02 5.6580102539e+02 5.6579199219e+02 5.6578302002e+02 5.6577502441e+02 5.6576702881e+02 5.6575598145e+02 5.6574200439e+02 5.6573199463e+02 5.6571899414e+02 5.6570202637e+02 5.6568597412e+02 5.6567901611e+02 5.6568103027e+02 5.6570300293e+02 5.6586499023e+02 5.6615100098e+02 5.6646502686e+02 5.6676702881e+02 5.6709997559e+02 5.6741400146e+02 5.6775500488e+02 5.6811798096e+02 5.6825299072e+02 5.6838201904e+02 5.6855798340e+02 5.6874102783e+02 5.6874499512e+02
5.6582598877e+02 5.6582800293e+02 5.6583197021e+02 5.6583599854e+02 5.6584002686e+02 5.6584497070e+02 5.6584899902e+02 5.6585302734e+02 5.6585302734e+02 5.6584899902e+02 5.6584802246e+02 5.6584802246e+02 5.6584497070e+02 5.6583801270e+02 5.6583197021e+02 5.6582702637e+02 5.6582299805e+02 5.6581701660e+02 5.6580999756e+02 5.6580297852e+02 5.6579498291e+02 5.6578698730e+02 5.6577899170e+02 5.6577099609e+02 5.6576098633e+02 5.6574798584e+02 5.6573699951e+02 5.6572497559e+02 5.6570599365e+02 5.6568597412e+02 5.6567498779e+02 5.6567297363e+02 5.6568499756e+02 5.6581799316e+02 5.6608197021e+02 5.6638397217e+02 5.6669000244e+02 5.6700799561e+02 5.6729901123e+02 5.6762298584e+02 5.6800000000e+02 5.6818597412e+02 5.6832000732e+02 5.6848602295e+02 5.6869299316e+02 5.6872900391e+02
5.6581597900e+02 5.6582202148e+02 5.6582702637e+02 5.6583197021e+02 5.6583801270e+02 5.6584301758e+02 5.6584698486e+02 5.6585101318e+02 5.6585198975e+02 5.6584899902e+02 5.6584899902e+02 5.6584802246e+02 5.6584600830e+02 5.6584002686e+02 5.6583502197e+02 5.6583001709e+02 5.6582501221e+02 5.6581896973e+02 5.6581201172e+02 5.6580499268e+02 5.6579797363e+02 5.6579101563e+02 5.6578302002e+02 5.6577600098e+02 5.6576599121e+02 5.6575500488e+02 5.6574401855e+02 5.6573101807e+02 5.6571301270e+02 5.6569000244e+02 5.6567602539e+02 5.6566998291e+02 5.6567199707e+02 5.6578601074e+02 5.6603302002e+02 5.6632098389e+02 5.6661102295e+02 5.6690502930e+02 5.6717901611e+02 5.6747497559e+02 5.6782098389e+02 5.6807897949e+02 5.6823999023e+02 5.6838897705e+02 5.6860400391e+02 5.6869097900e+02
