TESTSERVER/9/13.asc
NCOLS 100
NROWS 100
XLLCORNER 7.9497500000e+03
YLLCORNER 2.8930025000e+05
CELLSIZE 5.0000000000e-01
NODATA_VALUE -9.9990000000e+03
[rows 80 to 99 of 100, columns 0 to 45 of 100]
5.6227099609e+02 5.6228100586e+02 5.6227697754e+02 5.6226098633e+02 5.6224102783e+02 5.6219500732e+02 5.6216900635e+02 5.6216497803e+02 5.6217199707e+02 5.6215502930e+02 5.6213500977e+02 5.6210400391e+02 5.6207397461e+02 5.6206701660e+02 5.6207397461e+02 5.6206896973e+02 5.6206097412e+02 5.6208898926e+02 5.6211798096e+02 5.6212799072e+02 5.6211999512e+02 5.6211602783e+02 5.6211700439e+02 5.6211102295e+02 5.6210302734e+02 5.6212200928e+02 5.6216900635e+02 5.6231500244e+02 5.6250097656e+02 5.6258197021e+02 5.6257202148e+02 5.6252801514e+02 5.6252197266e+02 5.6253802490e+02 5.6250897217e+02 5.6247302246e+02 5.6246099854e+02 5.6246502686e+02 5.6249401855e+02 5.6255499268e+02 5.6264501953e+02 5.6276098633e+02 5.6278198242e+02 5.6275701904e+02 5.6271997070e+02 5.6270898438e+02
5.6221197510e+02 5.6222698975e+02 5.6222900391e+02 5.6221801758e+02 5.6220001221e+02 5.6217797852e+02 5.6216998291e+02 5.6217102051e+02 5.6216900635e+02 5.6214599609e+02 5.6211401367e+02 5.6207501221e+02 5.6204901123e+02 5.6204797363e+02 5.6204901123e+02 5.6204101563e+02 5.6202801514e+02 5.6204498291e+02 5.6207598877e+02 5.6209997559e+02 5.6210601807e+02 5.6209301758e+02 5.6208898926e+02 5.6209100342e+02 5.6207598877e+02 5.6207299805e+02 5.6209497070e+02 5.6218597412e+02 5.6234197998e+02 5.6249298096e+02 5.6256097412e+02 5.6252899170e+02 5.6249499512e+02 5.6250701904e+02 5.6249798584e+02 5.6247998047e+02 5.6245300293e+02 5.6243298340e+02 5.6243902588e+02 5.6246801758e+02 5.6252697754e+02 5.6261401367e+02 5.6267901611e+02 5.6270898438e+02 5.6270898438e+02 5.6269799805e+02
5.6216101074e+02 5.6217999268e+02 5.6218902588e+02 5.6218499756e+02 5.6216802979e+02 5.6215899658e+02 5.6216198730e+02 5.6216101074e+02 5.6214801025e+02 5.6212402344e+02 5.6209002686e+02 5.6205102539e+02 5.6202697754e+02 5.6203399658e+02 5.6203601074e+02 5.6202001953e+02 5.6199298096e+02 5.6199298096e+02 5.6201898193e+02 5.6205999756e+02 5.6208502197e+02 5.6207299805e+02 5.6206402588e+02 5.6205999756e+02 5.6204302979e+02 5.6204199219e+02 5.6205499268e+02 5.6210498047e+02 5.6219299316e+02 5.6236499023e+02 5.6251098633e+02 5.6253302002e+02 5.6248699951e+02 5.6247698975e+02 5.6247601318e+02 5.6247100830e+02 5.6244097900e+02 5.6241101074e+02 5.6240899658e+02 5.6244598389e+02 5.6248498535e+02 5.6252899170e+02 5.6259197998e+02 5.6264501953e+02 5.6267901611e+02 5.6266198730e+02
5.6212298584e+02 5.6214001465e+02 5.6215600586e+02 5.6215802002e+02 5.6214801025e+02 5.6213702393e+02 5.6214001465e+02 5.6214001465e+02 5.6212402344e+02 5.6210101318e+02 5.6206799316e+02 5.6203100586e+02 5.6201098633e+02 5.6203002930e+02 5.6203802490e+02 5.6201501465e+02 5.6196301270e+02 5.6194000244e+02 5.6195501709e+02 5.6200500488e+02 5.6204602051e+02 5.6205499268e+02 5.6205401611e+02 5.6203997803e+02 5.6202099609e+02 5.6201501465e+02 5.6201800537e+02 5.6203997803e+02 5.6208197021e+02 5.6222100830e+02 5.6240899658e+02 5.6250799561e+02 5.6249700928e+02 5.6246002197e+02 5.6245001221e+02 5.6245098877e+02 5.6243298340e+02 5.6240399170e+02 5.6238800049e+02 5.6241802979e+02 5.6245800781e+02 5.6246801758e+02 5.6251000977e+02 5.6256799316e+02 5.6263098145e+02 5.6262500000e+02
5.6212402344e+02 5.6211401367e+02 5.6212298584e+02 5.6213000488e+02 5.6213500977e+02 5.6211401367e+02 5.6210797119e+02 5.6211401367e+02 5.6210302734e+02 5.6208599854e+02 5.6205603027e+02 5.6202099609e+02 5.6200201416e+02 5.6202001953e+02 5.6203399658e+02 5.6201000977e+02 5.6195397949e+02 5.6189801025e+02 5.6189898682e+02 5.6194299316e+02 5.6200000000e+02 5.6201098633e+02 5.6203302002e+02 5.6203198242e+02 5.6201800537e+02 5.6200598145e+02 5.6198101807e+02 5.6197698975e+02 5.6200097656e+02 5.6208801270e+02 5.6226397705e+02 5.6242999268e+02 5.6250799561e+02 5.6245599365e+02 5.6242297363e+02 5.6243402100e+02 5.6243499756e+02 5.6240600586e+02 5.6237402344e+02 5.6236199951e+02 5.6239398193e+02 5.6241497803e+02 5.6244201660e+02 5.6249499512e+02 5.6256097412e+02 5.6259002686e+02
5.6215100098e+02 5.6212701416e+02 5.6210400391e+02 5.6209197998e+02 5.6210198975e+02 5.6209002686e+02 5.6208001709e+02 5.6209100342e+02 5.6209301758e+02 5.6206201172e+02 5.6202697754e+02 5.6200299072e+02 5.6198498535e+02 5.6197497559e+02 5.6197601318e+02 5.6196002197e+02 5.6191400146e+02 5.6186700439e+02 5.6185699463e+02 5.6188000488e+02 5.6192498779e+02 5.6193701172e+02 5.6198602295e+02 5.6201000977e+02 5.6198999023e+02 5.6197399902e+02 5.6195300293e+02 5.6194201660e+02 5.6193597412e+02 5.6197198486e+02 5.6209698486e+02 5.6228997803e+02 5.6246002197e+02 5.6249102783e+02 5.6241699219e+02 5.6239398193e+02 5.6239501953e+02 5.6238201904e+02 5.6235699463e+02 5.6233599854e+02 5.6235998535e+02 5.6239398193e+02 5.6242102051e+02 5.6246099854e+02 5.6251397705e+02 5.6253302002e+02
5.6217199707e+02 5.6213598633e+02 5.6209600830e+02 5.6206896973e+02 5.6207098389e+02 5.6206500244e+02 5.6205401611e+02 5.6206097412e+02 5.6206701660e+02 5.6203399658e+02 5.6200299072e+02 5.6198602295e+02 5.6196301270e+02 5.6192297363e+02 5.6190301514e+02 5.6189001465e+02 5.6186999512e+02 5.6184497070e+02 5.6182202148e+02 5.6182000732e+02 5.6184997559e+02 5.6187597656e+02 5.6194097900e+02 5.6198297119e+02 5.6196899414e+02 5.6194598389e+02 5.6193499756e+02 5.6191998291e+02 5.6189599609e+02 5.6189697266e+02 5.6197100830e+02 5.6214001465e+02 5.6234899902e+02 5.6248901367e+02 5.6244201660e+02 5.6238397217e+02 5.6237500000e+02 5.6236798096e+02 5.6234698486e+02 5.6232702637e+02 5.6232800293e+02 5.6235498047e+02 5.6238098145e+02 5.6241601563e+02 5.6245599365e+02 5.6248602295e+02
5.6218200684e+02 5.6214202881e+02 5.6209497070e+02 5.6205999756e+02 5.6205102539e+02 5.6204498291e+02 5.6203198242e+02 5.6203100586e+02 5.6203100586e+02 5.6200799561e+02 5.6199401855e+02 5.6198199463e+02 5.6194299316e+02 5.6188299561e+02 5.6184698486e+02 5.6182897949e+02 5.6182702637e+02 5.6181597900e+02 5.6178198242e+02 5.6176501465e+02 5.6179901123e+02 5.6183502197e+02 5.6188702393e+02 5.6193402100e+02 5.6194500732e+02 5.6192498779e+02 5.6191900635e+02 5.6190698242e+02 5.6188897705e+02 5.6186602783e+02 5.6188500977e+02 5.6199200439e+02 5.6217700195e+02 5.6238201904e+02 5.6242901611e+02 5.6239398193e+02 5.6236901855e+02 5.6235601807e+02 5.6233599854e+02 5.6232098389e+02 5.6230798340e+02 5.6230700684e+02 5.6232397461e+02 5.6235302734e+02 5.6239099121e+02 5.6243103027e+02
5.6215002441e+02 5.6214202881e+02 5.6210699463e+02 5.6207299805e+02 5.6204602051e+02 5.6203802490e+02 5.6202398682e+02 5.6201397705e+02 5.6200097656e+02 5.6198101807e+02 5.6196801758e+02 5.6195001221e+02 5.6191802979e+02 5.6186199951e+02 5.6181500244e+02 5.6178802490e+02 5.6179400635e+02 5.6179797363e+02 5.6177301025e+02 5.6176300049e+02 5.6179699707e+02 5.6181799316e+02 5.6184399414e+02 5.6188299561e+02 5.6192901611e+02 5.6191601563e+02 5.6190002441e+02 5.6189202881e+02 5.6189099121e+02 5.6185498047e+02 5.6184197998e+02 5.6189599609e+02 5.6202502441e+02 5.6220397949e+02 5.6233697510e+02 5.6237902832e+02 5.6235699463e+02 5.6233300781e+02 5.6230902100e+02 5.6230102539e+02 5.6229602051e+02 5.6227001953e+02 5.6227099609e+02 5.6229602051e+02 5.6231799316e+02 5.6235797119e+02
5.6215698242e+02 5.6214501953e+02 5.6211999512e+02 5.6208801270e+02 5.6205200195e+02 5.6202301025e+02 5.6200402832e+02 5.6199401855e+02 5.6198199463e+02 5.6196002197e+02 5.6193597412e+02 5.6191198730e+02 5.6188397217e+02 5.6183099365e+02 5.6178100586e+02 5.6175500488e+02 5.6177801514e+02 5.6181298828e+02 5.6182098389e+02 5.6181500244e+02 5.6181597900e+02 5.6180102539e+02 5.6180603027e+02 5.6183001709e+02 5.6187298584e+02 5.6189501953e+02 5.6189398193e+02 5.6188800049e+02 5.6188201904e+02 5.6185797119e+02 5.6183502197e+02 5.6184600830e+02 5.6188500977e+02 5.6198901367e+02 5.6216998291e+02 5.6232501221e+02 5.6235198975e+02 5.6231799316e+02 5.6227697754e+02 5.6226898193e+02 5.6227801514e+02 5.6224902344e+02 5.6223498535e+02 5.6225201416e+02 5.6227398682e+02 5.6229302979e+02
5.6216302490e+02 5.6215197754e+02 5.6213000488e+02 5.6210101318e+02 5.6206701660e+02 5.6202398682e+02 5.6198602295e+02 5.6196099854e+02 5.6195001221e+02 5.6194000244e+02 5.6190698242e+02 5.6187701416e+02 5.6185302734e+02 5.6180401611e+02 5.6175299072e+02 5.6171697998e+02 5.6173602295e+02 5.6180499268e+02 5.6184899902e+02 5.6184301758e+02 5.6178900146e+02 5.6175799561e+02 5.6176501465e+02 5.6178802490e+02 5.6183099365e+02 5.6185998535e+02 5.6186901855e+02 5.6187500000e+02 5.6187701416e+02 5.6185302734e+02 5.6183300781e+02 5.6181896973e+02 5.6181298828e+02 5.6187097168e+02 5.6198901367e+02 5.6214099121e+02 5.6228698730e+02 5.6231201172e+02 5.6227001953e+02 5.6225000000e+02 5.6226300049e+02 5.6223699951e+02 5.6221099854e+02 5.6221002197e+02 5.6222900391e+02 5.6224401855e+02
5.6217102051e+02 5.6216198730e+02 5.6214300537e+02 5.6211602783e+02 5.6208801270e+02 5.6203399658e+02 5.6196899414e+02 5.6191601563e+02 5.6188800049e+02 5.6189501953e+02 5.6187200928e+02 5.6184301758e+02 5.6182098389e+02 5.6177502441e+02 5.6172302246e+02 5.6167498779e+02 5.6166998291e+02 5.6173199463e+02 5.6179400635e+02 5.6179101563e+02 5.6170697021e+02 5.6171697998e+02 5.6173101807e+02 5.6173498535e+02 5.6176800537e+02 5.6181097412e+02 5.6183898926e+02 5.6187200928e+02 5.6189099121e+02 5.6185601807e+02 5.6183300781e+02 5.6182397461e+02 5.6181597900e+02 5.6180902100e+02 5.6177899170e+02 5.6186602783e+02 5.6217498779e+02 5.6230999756e+02 5.6227301025e+02 5.6222998047e+02 5.6223400879e+02 5.6222302246e+02 5.6219897461e+02 5.6217901611e+02 5.6218597412e+02 5.6220800781e+02
5.6217602539e+02 5.6218298340e+02 5.6216998291e+02 5.6214300537e+02 5.6210797119e+02 5.6204302979e+02 5.6195202637e+02 5.6186700439e+02 5.6180401611e+02 5.6183197021e+02 5.6184002686e+02 5.6182202148e+02 5.6179699707e+02 5.6174298096e+02 5.6169598389e+02 5.6165100098e+02 5.6161499023e+02 5.6161700439e+02 5.6164898682e+02 5.6163397217e+02 5.6154101563e+02 5.6165399170e+02 5.6167999268e+02 5.6165997314e+02 5.6168701172e+02 5.6175000000e+02 5.6179998779e+02 5.6184301758e+02 5.6189099121e+02 5.6187298584e+02 5.6182397461e+02 5.6181097412e+02 5.6181701660e+02 5.6179602051e+02 5.6177197266e+02 5.6190002441e+02 5.6222698975e+02 5.6231097412e+02 5.6227099609e+02 5.6220300293e+02 5.6219299316e+02 5.6219799805e+02 5.6218902588e+02 5.6216101074e+02 5.6214099121e+02 5.6217901611e+02
5.6219299316e+02 5.6220800781e+02 5.6219598389e+02 5.6216802979e+02 5.6211901855e+02 5.6203100586e+02 5.6192999268e+02 5.6184002686e+02 5.6178002930e+02 5.6179199219e+02 5.6180401611e+02 5.6178997803e+02 5.6176300049e+02 5.6171697998e+02 5.6168103027e+02 5.6163598633e+02 5.6158398438e+02 5.6153997803e+02 5.6151599121e+02 5.6147900391e+02 5.6142602539e+02 5.6150097656e+02 5.6153802490e+02 5.6152801514e+02 5.6155200195e+02 5.6165002441e+02 5.6174798584e+02 5.6178601074e+02 5.6182397461e+02 5.6183001709e+02 5.6177600098e+02 5.6176000977e+02 5.6176800537e+02 5.6176800537e+02 5.6179998779e+02 5.6195001221e+02 5.6213500977e+02 5.6224401855e+02 5.6226397705e+02 5.6221002197e+02 5.6216998291e+02 5.6216998291e+02 5.6217498779e+02 5.6216101074e+02 5.6214202881e+02 5.6216302490e+02
5.6221398926e+02 5.6222900391e+02 5.6221997070e+02 5.6219396973e+02 5.6214697266e+02 5.6205297852e+02 5.6194201660e+02 5.6184197998e+02 5.6177801514e+02 5.6176501465e+02 5.6175897217e+02 5.6174200439e+02 5.6171398926e+02 5.6166900635e+02 5.6163897705e+02 5.6159100342e+02 5.6153997803e+02 5.6148699951e+02 5.6144396973e+02 5.6141497803e+02 5.6138897705e+02 5.6140899658e+02 5.6142901611e+02 5.6142797852e+02 5.6145397949e+02 5.6156500244e+02 5.6169500732e+02 5.6174700928e+02 5.6176800537e+02 5.6178302002e+02 5.6174902344e+02 5.6173400879e+02 5.6173498535e+02 5.6172497559e+02 5.6174499512e+02 5.6184600830e+02 5.6197302246e+02 5.6212298584e+02 5.6221502686e+02 5.6221099854e+02 5.6215399170e+02 5.6213299561e+02 5.6214398193e+02 5.6214898682e+02 5.6213500977e+02 5.6214099121e+02
5.6223797607e+02 5.6225402832e+02 5.6224798584e+02 5.6222601318e+02 5.6220001221e+02 5.6212597656e+02 5.6200701904e+02 5.6189202881e+02 5.6181097412e+02 5.6176300049e+02 5.6172698975e+02 5.6170599365e+02 5.6167102051e+02 5.6161901855e+02 5.6159497070e+02 5.6155499268e+02 5.6151098633e+02 5.6146197510e+02 5.6143298340e+02 5.6142498779e+02 5.6140997314e+02 5.6139801025e+02 5.6141101074e+02 5.6142602539e+02 5.6143798828e+02 5.6150500488e+02 5.6161602783e+02 5.6168499756e+02 5.6171502686e+02 5.6173699951e+02 5.6173297119e+02 5.6172198486e+02 5.6171197510e+02 5.6169396973e+02 5.6169097900e+02 5.6174298096e+02 5.6183300781e+02 5.6197601318e+02 5.6211700439e+02 5.6218402100e+02 5.6215002441e+02 5.6210400391e+02 5.6210900879e+02 5.6212402344e+02 5.6211602783e+02 5.6211297607e+02
5.6226501465e+02 5.6228698730e+02 5.6229498291e+02 5.6229400635e+02 5.6233502197e+02 5.6225000000e+02 5.6213397217e+02 5.6200000000e+02 5.6186499023e+02 5.6178100586e+02 5.6171899414e+02 5.6170098877e+02 5.6167102051e+02 5.6161297607e+02 5.6159399414e+02 5.6156500244e+02 5.6152697754e+02 5.6149798584e+02 5.6148797607e+02 5.6148699951e+02 5.6148101807e+02 5.6144097900e+02 5.6143597412e+02 5.6144799805e+02 5.6143402100e+02 5.6144000244e+02 5.6151800537e+02 5.6160797119e+02 5.6166198730e+02 5.6168902588e+02 5.6170599365e+02 5.6170001221e+02 5.6169500732e+02 5.6167498779e+02 5.6165997314e+02 5.6167700195e+02 5.6172698975e+02 5.6183398438e+02 5.6198101807e+02 5.6210302734e+02 5.6214001465e+02 5.6208697510e+02 5.6207598877e+02 5.6209600830e+02 5.6209802246e+02 5.6208099365e+02
5.6229797363e+02 5.6232800293e+02 5.6234802246e+02 5.6236798096e+02 5.6239300537e+02 5.6236297607e+02 5.6227697754e+02 5.6213500977e+02 5.6194897461e+02 5.6180798340e+02 5.6169500732e+02 5.6167498779e+02 5.6166302490e+02 5.6159802246e+02 5.6157098389e+02 5.6155700684e+02 5.6154699707e+02 5.6153601074e+02 5.6152801514e+02 5.6153198242e+02 5.6154901123e+02 5.6150402832e+02 5.6145697021e+02 5.6143701172e+02 5.6141198730e+02 5.6138098145e+02 5.6143103027e+02 5.6152301025e+02 5.6159399414e+02 5.6164801025e+02 5.6166998291e+02 5.6166302490e+02 5.6167199707e+02 5.6164898682e+02 5.6163098145e+02 5.6163598633e+02 5.6165301514e+02 5.6171002197e+02 5.6182598877e+02 5.6195898438e+02 5.6207397461e+02 5.6207598877e+02 5.6205200195e+02 5.6205297852e+02 5.6205798340e+02 5.6206298828e+02
5.6232702637e+02 5.6235601807e+02 5.6237799072e+02 5.6239801025e+02 5.6242498779e+02 5.6243298340e+02 5.6238098145e+02 5.6224902344e+02 5.6202899170e+02 5.6185101318e+02 5.6168499756e+02 5.6164398193e+02 5.6164001465e+02 5.6157501221e+02 5.6157000732e+02 5.6158398438e+02 5.6155902100e+02 5.6153399658e+02 5.6152099609e+02 5.6152301025e+02 5.6155798340e+02 5.6153900146e+02 5.6148101807e+02 5.6144201660e+02 5.6142102051e+02 5.6137200928e+02 5.6136297607e+02 5.6142297363e+02 5.6150897217e+02 5.6159301758e+02 5.6163500977e+02 5.6163598633e+02 5.6165301514e+02 5.6163800049e+02 5.6162097168e+02 5.6161401367e+02 5.6160998535e+02 5.6162298584e+02 5.6169598389e+02 5.6182000732e+02 5.6198699951e+02 5.6207397461e+02 5.6205297852e+02 5.6201800537e+02 5.6202001953e+02 5.6204302979e+02
5.6235302734e+02 5.6237701416e+02 5.6239801025e+02 5.6241699219e+02 5.6243200684e+02 5.6245501709e+02 5.6243499756e+02 5.6232702637e+02 5.6211602783e+02 5.6190502930e+02 5.6168597412e+02 5.6162500000e+02 5.6162298584e+02 5.6156896973e+02 5.6158697510e+02 5.6159899902e+02 5.6153497314e+02 5.6151397705e+02 5.6149700928e+02 5.6148901367e+02 5.6151800537e+02 5.6153399658e+02 5.6149597168e+02 5.6145300293e+02 5.6143298340e+02 5.6138897705e+02 5.6133197021e+02 5.6134002686e+02 5.6140997314e+02 5.6150201416e+02 5.6157397461e+02 5.6159802246e+02 5.6162701416e+02 5.6163000488e+02 5.6161700439e+02 5.6160198975e+02 5.6159002686e+02 5.6157800293e+02 5.6160797119e+02 5.6170397949e+02 5.6188201904e+02 5.6203601074e+02 5.6205102539e+02 5.6200598145e+02 5.6198901367e+02 5.6201300049e+02
