TESTSERVER/9/13.asc
NCOLS 100
NROWS 100
XLLCORNER 7.9497500000e+03
YLLCORNER 2.8930025000e+05
CELLSIZE 5.0000000000e-01
NODATA_VALUE -9.9990000000e+03
[rows 0 to 19 of 100, columns 46 to 91 of 100]
5.6543298340e+02 5.6547100830e+02 5.6550897217e+02 5.6552899170e+02 5.6551599121e+02 5.6549298096e+02 5.6547399902e+02 5.6545001221e+02 5.6545098877e+02 5.6547100830e+02 5.6547698975e+02 5.6545397949e+02 5.6546697998e+02 5.6548602295e+02 5.6550299072e+02 5.6552197266e+02 5.6554901123e+02 5.6579998779e+02 5.6645202637e+02 5.6698297119e+02 5.6728198242e+02 5.6749798584e+02 5.6770898438e+02 5.6789801025e+02 5.6806896973e+02 5.6829901123e+02 5.6853198242e+02 5.6864001465e+02 5.6880700684e+02 5.6903399658e+02 5.6921600342e+02 5.6937097168e+02 5.6954400635e+02 5.6969500732e+02 5.6983099365e+02 5.6995300293e+02 5.7014099121e+02 5.7033099365e+02 5.7051202393e+02 5.7073797607e+02 5.7092199707e+02 5.7105902100e+02 5.7120800781e+02 5.7138201904e+02 5.7157299805e+02 5.7176702881e+02
5.6541998291e+02 5.6545397949e+02 5.6549401855e+02 5.6550598145e+02 5.6550201416e+02 5.6549499512e+02 5.6548297119e+02 5.6547802734e+02 5.6548400879e+02 5.6548901367e+02 5.6549298096e+02 5.6550097656e+02 5.6551702881e+02 5.6551898193e+02 5.6551397705e+02 5.6547802734e+02 5.6547399902e+02 5.6559600830e+02 5.6588598633e+02 5.6672302246e+02 5.6728698730e+02 5.6739300537e+02 5.6754797363e+02 5.6771801758e+02 5.6787298584e+02 5.6808697510e+02 5.6832098389e+02 5.6852197266e+02 5.6869201660e+02 5.6889501953e+02 5.6905999756e+02 5.6917102051e+02 5.6933398438e+02 5.6950598145e+02 5.6970300293e+02 5.6983398438e+02 5.6998901367e+02 5.7015197754e+02 5.7028997803e+02 5.7048602295e+02 5.7069299316e+02 5.7088702393e+02 5.7106402588e+02 5.7125201416e+02 5.7141302490e+02 5.7156298828e+02
5.6540600586e+02 5.6543701172e+02 5.6547198486e+02 5.6548699951e+02 5.6549298096e+02 5.6549700928e+02 5.6549902344e+02 5.6551501465e+02 5.6552502441e+02 5.6551599121e+02 5.6550598145e+02 5.6553002930e+02 5.6555297852e+02 5.6554901123e+02 5.6553601074e+02 5.6552197266e+02 5.6548400879e+02 5.6549597168e+02 5.6558300781e+02 5.6631298828e+02 5.6710797119e+02 5.6730401611e+02 5.6740600586e+02 5.6760498047e+02 5.6776599121e+02 5.6799902344e+02 5.6825701904e+02 5.6850299072e+02 5.6864001465e+02 5.6879797363e+02 5.6895697021e+02 5.6906701660e+02 5.6920898438e+02 5.6936700439e+02 5.6956701660e+02 5.6967401123e+02 5.6978802490e+02 5.6993701172e+02 5.7007897949e+02 5.7021899414e+02 5.7038098145e+02 5.7057299805e+02 5.7077899170e+02 5.7101098633e+02 5.7118499756e+02 5.7130999756e+02
5.6538598633e+02 5.6541601563e+02 5.6544598389e+02 5.6546502686e+02 5.6548101807e+02 5.6550000000e+02 5.6552398682e+02 5.6554998779e+02 5.6555499268e+02 5.6554199219e+02 5.6552801514e+02 5.6554602051e+02 5.6556701660e+02 5.6556402588e+02 5.6555297852e+02 5.6557202148e+02 5.6554797363e+02 5.6551300049e+02 5.6548999023e+02 5.6580401611e+02 5.6667401123e+02 5.6711401367e+02 5.6724499512e+02 5.6748199463e+02 5.6771899414e+02 5.6805700684e+02 5.6833898926e+02 5.6846801758e+02 5.6853302002e+02 5.6865698242e+02 5.6880401611e+02 5.6893103027e+02 5.6907098389e+02 5.6922198486e+02 5.6939501953e+02 5.6946997070e+02 5.6955798340e+02 5.6972998047e+02 5.6994000244e+02 5.7003198242e+02 5.7011602783e+02 5.7026300049e+02 5.7045697021e+02 5.7067700195e+02 5.7086700439e+02 5.7101098633e+02
5.6535998535e+02 5.6538897705e+02 5.6541998291e+02 5.6544598389e+02 5.6547601318e+02 5.6550897217e+02 5.6554400635e+02 5.6556298828e+02 5.6556799316e+02 5.6557098389e+02 5.6558502197e+02 5.6558099365e+02 5.6559301758e+02 5.6559100342e+02 5.6558599854e+02 5.6558898926e+02 5.6558898926e+02 5.6557098389e+02 5.6549798584e+02 5.6560699463e+02 5.6625598145e+02 5.6686901855e+02 5.6715698242e+02 5.6732897949e+02 5.6766198730e+02 5.6813299561e+02 5.6847698975e+02 5.6842602539e+02 5.6842102051e+02 5.6851000977e+02 5.6859002686e+02 5.6870397949e+02 5.6885601807e+02 5.6902001953e+02 5.6916101074e+02 5.6924700928e+02 5.6936297607e+02 5.6957501221e+02 5.6979602051e+02 5.6988598633e+02 5.6992797852e+02 5.7004101563e+02 5.7020898438e+02 5.7036999512e+02 5.7054199219e+02 5.7070800781e+02
5.6533300781e+02 5.6536199951e+02 5.6539398193e+02 5.6542498779e+02 5.6545697021e+02 5.6548999023e+02 5.6553100586e+02 5.6556402588e+02 5.6558599854e+02 5.6560498047e+02 5.6562500000e+02 5.6565301514e+02 5.6566198730e+02 5.6565600586e+02 5.6562097168e+02 5.6559899902e+02 5.6559197998e+02 5.6558502197e+02 5.6554797363e+02 5.6555902100e+02 5.6588098145e+02 5.6642700195e+02 5.6695098877e+02 5.6717102051e+02 5.6746697998e+02 5.6795397949e+02 5.6838702393e+02 5.6833697510e+02 5.6822601318e+02 5.6828002930e+02 5.6841497803e+02 5.6850701904e+02 5.6864202881e+02 5.6881701660e+02 5.6897802734e+02 5.6906201172e+02 5.6918499756e+02 5.6936798096e+02 5.6955603027e+02 5.6963397217e+02 5.6969201660e+02 5.6981701660e+02 5.6997399902e+02 5.7011798096e+02 5.7027600098e+02 5.7042700195e+02
5.6530999756e+02 5.6533697510e+02 5.6536798096e+02 5.6540002441e+02 5.6543200684e+02 5.6546502686e+02 5.6551000977e+02 5.6555603027e+02 5.6558398438e+02 5.6560900879e+02 5.6564202881e+02 5.6568103027e+02 5.6569097900e+02 5.6568200684e+02 5.6563500977e+02 5.6560400391e+02 5.6559497070e+02 5.6558502197e+02 5.6559497070e+02 5.6550000000e+02 5.6562200928e+02 5.6609802246e+02 5.6679797363e+02 5.6704498291e+02 5.6724902344e+02 5.6760400391e+02 5.6798999023e+02 5.6805297852e+02 5.6799298096e+02 5.6806298828e+02 5.6823297119e+02 5.6830902100e+02 5.6843701172e+02 5.6861999512e+02 5.6879199219e+02 5.6887701416e+02 5.6897900391e+02 5.6911199951e+02 5.6923901367e+02 5.6932202148e+02 5.6941601563e+02 5.6956298828e+02 5.6971801758e+02 5.6988098145e+02 5.7003302002e+02 5.7015600586e+02
5.6528601074e+02 5.6531097412e+02 5.6534301758e+02 5.6537500000e+02 5.6540698242e+02 5.6543798828e+02 5.6548400879e+02 5.6553198242e+02 5.6556500244e+02 5.6559497070e+02 5.6563500977e+02 5.6567498779e+02 5.6568402100e+02 5.6567401123e+02 5.6562597656e+02 5.6559497070e+02 5.6558599854e+02 5.6557501221e+02 5.6557598877e+02 5.6546301270e+02 5.6558697510e+02 5.6608502197e+02 5.6677697754e+02 5.6693701172e+02 5.6708398438e+02 5.6730999756e+02 5.6754797363e+02 5.6772302246e+02 5.6780603027e+02 5.6791900635e+02 5.6805499268e+02 5.6811199951e+02 5.6821899414e+02 5.6837597656e+02 5.6854797363e+02 5.6865100098e+02 5.6874902344e+02 5.6884600830e+02 5.6893298340e+02 5.6902001953e+02 5.6912402344e+02 5.6927398682e+02 5.6942498779e+02 5.6960601807e+02 5.6977099609e+02 5.6987799072e+02
5.6526397705e+02 5.6528802490e+02 5.6531701660e+02 5.6534997559e+02 5.6538201904e+02 5.6541400146e+02 5.6544799805e+02 5.6548901367e+02 5.6552398682e+02 5.6555798340e+02 5.6558197021e+02 5.6561700439e+02 5.6562597656e+02 5.6562402344e+02 5.6559002686e+02 5.6556597900e+02 5.6555700684e+02 5.6554797363e+02 5.6541900635e+02 5.6545300293e+02 5.6580102539e+02 5.6637500000e+02 5.6691802979e+02 5.6682501221e+02 5.6695098877e+02 5.6717602539e+02 5.6736602783e+02 5.6751202393e+02 5.6765899658e+02 5.6777899170e+02 5.6786401367e+02 5.6793298340e+02 5.6800097656e+02 5.6810699463e+02 5.6825897217e+02 5.6839801025e+02 5.6851397705e+02 5.6860498047e+02 5.6868200684e+02 5.6875701904e+02 5.6883197021e+02 5.6896099854e+02 5.6910900879e+02 5.6929498291e+02 5.6947399902e+02 5.6959899902e+02
5.6524298096e+02 5.6526501465e+02 5.6529199219e+02 5.6532299805e+02 5.6535198975e+02 5.6538299561e+02 5.6541400146e+02 5.6544500732e+02 5.6547698975e+02 5.6550799561e+02 5.6553399658e+02 5.6554797363e+02 5.6555902100e+02 5.6556500244e+02 5.6555499268e+02 5.6553698730e+02 5.6553302002e+02 5.6552899170e+02 5.6545202637e+02 5.6540100098e+02 5.6559100342e+02 5.6596197510e+02 5.6650402832e+02 5.6672399902e+02 5.6679302979e+02 5.6694500732e+02 5.6715100098e+02 5.6730902100e+02 5.6745397949e+02 5.6756799316e+02 5.6767498779e+02 5.6774902344e+02 5.6781097412e+02 5.6790899658e+02 5.6804302979e+02 5.6819500732e+02 5.6831097412e+02 5.6840197754e+02 5.6848901367e+02 5.6855499268e+02 5.6860900879e+02 5.6872601318e+02 5.6886700439e+02 5.6900201416e+02 5.6918200684e+02 5.6933898926e+02
5.6521997070e+02 5.6523999023e+02 5.6526599121e+02 5.6529302979e+02 5.6532000732e+02 5.6534899902e+02 5.6537799072e+02 5.6540698242e+02 5.6543499756e+02 5.6546099854e+02 5.6548498535e+02 5.6549902344e+02 5.6551000977e+02 5.6551800537e+02 5.6551702881e+02 5.6551202393e+02 5.6551397705e+02 5.6551702881e+02 5.6550701904e+02 5.6544500732e+02 5.6547302246e+02 5.6567102051e+02 5.6609899902e+02 5.6659600830e+02 5.6669000244e+02 5.6676000977e+02 5.6695697021e+02 5.6712402344e+02 5.6728399658e+02 5.6740197754e+02 5.6750799561e+02 5.6758502197e+02 5.6766198730e+02 5.6776800537e+02 5.6787902832e+02 5.6800701904e+02 5.6811401367e+02 5.6820300293e+02 5.6828198242e+02 5.6834899902e+02 5.6842199707e+02 5.6854400635e+02 5.6864898682e+02 5.6875201416e+02 5.6891998291e+02 5.6908599854e+02
5.6519500732e+02 5.6521398926e+02 5.6523699951e+02 5.6526098633e+02 5.6528601074e+02 5.6531201172e+02 5.6533898926e+02 5.6536700439e+02 5.6539001465e+02 5.6541302490e+02 5.6543298340e+02 5.6544897461e+02 5.6546099854e+02 5.6546899414e+02 5.6547399902e+02 5.6548101807e+02 5.6549102783e+02 5.6550201416e+02 5.6555102539e+02 5.6552398682e+02 5.6547198486e+02 5.6557000732e+02 5.6592498779e+02 5.6654602051e+02 5.6662097168e+02 5.6662701416e+02 5.6679400635e+02 5.6695098877e+02 5.6713201904e+02 5.6725701904e+02 5.6734301758e+02 5.6741601563e+02 5.6749700928e+02 5.6760998535e+02 5.6770800781e+02 5.6779302979e+02 5.6789599609e+02 5.6798602295e+02 5.6804998779e+02 5.6811700439e+02 5.6821899414e+02 5.6834802246e+02 5.6843298340e+02 5.6854199219e+02 5.6869097900e+02 5.6884899902e+02
5.6516400146e+02 5.6518200684e+02 5.6520397949e+02 5.6522998047e+02 5.6525299072e+02 5.6527502441e+02 5.6529400635e+02 5.6532098389e+02 5.6534399414e+02 5.6536499023e+02 5.6539001465e+02 5.6539697266e+02 5.6540802002e+02 5.6541998291e+02 5.6543798828e+02 5.6545098877e+02 5.6546899414e+02 5.6548901367e+02 5.6553698730e+02 5.6556097412e+02 5.6552301025e+02 5.6560498047e+02 5.6591699219e+02 5.6639099121e+02 5.6646099854e+02 5.6648699951e+02 5.6664501953e+02 5.6679602051e+02 5.6697698975e+02 5.6710998535e+02 5.6717797852e+02 5.6722497559e+02 5.6727899170e+02 5.6737200928e+02 5.6747302246e+02 5.6751898193e+02 5.6761700439e+02 5.6772198486e+02 5.6780297852e+02 5.6788702393e+02 5.6801098633e+02 5.6814001465e+02 5.6821301270e+02 5.6832202148e+02 5.6847100830e+02 5.6862597656e+02
5.6512597656e+02 5.6514099121e+02 5.6516900635e+02 5.6519702148e+02 5.6521997070e+02 5.6523901367e+02 5.6525402832e+02 5.6527099609e+02 5.6529199219e+02 5.6531201172e+02 5.6533099365e+02 5.6534002686e+02 5.6535101318e+02 5.6536602783e+02 5.6539099121e+02 5.6541998291e+02 5.6544897461e+02 5.6547802734e+02 5.6553198242e+02 5.6556298828e+02 5.6554901123e+02 5.6560302734e+02 5.6582098389e+02 5.6610400391e+02 5.6621002197e+02 5.6632202148e+02 5.6650000000e+02 5.6662402344e+02 5.6677398682e+02 5.6690100098e+02 5.6698498535e+02 5.6705499268e+02 5.6710302734e+02 5.6714801025e+02 5.6724298096e+02 5.6728900146e+02 5.6734497070e+02 5.6743597412e+02 5.6752502441e+02 5.6762298584e+02 5.6776202393e+02 5.6789697266e+02 5.6799401855e+02 5.6811499023e+02 5.6827099609e+02 5.6841302490e+02
5.6508801270e+02 5.6510101318e+02 5.6513000488e+02 5.6515997314e+02 5.6518200684e+02 5.6520098877e+02 5.6521197510e+02 5.6522399902e+02 5.6523999023e+02 5.6525598145e+02 5.6527099609e+02 5.6527899170e+02 5.6528997803e+02 5.6530700684e+02 5.6533502197e+02 5.6537200928e+02 5.6541101074e+02 5.6545300293e+02 5.6550701904e+02 5.6554797363e+02 5.6556597900e+02 5.6561901855e+02 5.6576599121e+02 5.6590997314e+02 5.6601202393e+02 5.6618701172e+02 5.6638000488e+02 5.6647601318e+02 5.6659197998e+02 5.6669396973e+02 5.6677502441e+02 5.6689202881e+02 5.6697698975e+02 5.6700402832e+02 5.6703802490e+02 5.6707299805e+02 5.6710998535e+02 5.6717401123e+02 5.6725500488e+02 5.6738500977e+02 5.6752600098e+02 5.6766101074e+02 5.6777600098e+02 5.6790802002e+02 5.6807202148e+02 5.6821398926e+02
5.6504797363e+02 5.6505798340e+02 5.6508801270e+02 5.6511999512e+02 5.6514001465e+02 5.6515997314e+02 5.6516900635e+02 5.6517498779e+02 5.6518798828e+02 5.6520098877e+02 5.6521002197e+02 5.6521502686e+02 5.6522497559e+02 5.6524200439e+02 5.6527001953e+02 5.6531097412e+02 5.6535797119e+02 5.6540997314e+02 5.6546398926e+02 5.6550500488e+02 5.6555200195e+02 5.6561499023e+02 5.6572198486e+02 5.6578802490e+02 5.6587701416e+02 5.6606896973e+02 5.6627502441e+02 5.6637799072e+02 5.6646502686e+02 5.6651898193e+02 5.6656402588e+02 5.6667498779e+02 5.6678198242e+02 5.6683197021e+02 5.6684600830e+02 5.6686901855e+02 5.6690698242e+02 5.6696801758e+02 5.6703997803e+02 5.6718701172e+02 5.6731201172e+02 5.6744000244e+02 5.6756799316e+02 5.6769097900e+02 5.6785699463e+02 5.6801702881e+02
5.6499298096e+02 5.6500500488e+02 5.6503900146e+02 5.6508197021e+02 5.6510601807e+02 5.6512402344e+02 5.6513397217e+02 5.6511999512e+02 5.6513397217e+02 5.6515100098e+02 5.6516198730e+02 5.6515197754e+02 5.6515600586e+02 5.6516998291e+02 5.6519396973e+02 5.6523699951e+02 5.6528698730e+02 5.6534997559e+02 5.6541101074e+02 5.6545599365e+02 5.6551800537e+02 5.6559698486e+02 5.6568402100e+02 5.6571899414e+02 5.6579602051e+02 5.6594702148e+02 5.6612200928e+02 5.6626501465e+02 5.6635101318e+02 5.6637200928e+02 5.6638897705e+02 5.6645300293e+02 5.6653601074e+02 5.6660998535e+02 5.6664801025e+02 5.6668597412e+02 5.6671398926e+02 5.6676300049e+02 5.6684197998e+02 5.6698797607e+02 5.6710601807e+02 5.6723498535e+02 5.6738000488e+02 5.6749298096e+02 5.6763897705e+02 5.6780798340e+02
5.6494097900e+02 5.6494897461e+02 5.6497900391e+02 5.6502099609e+02 5.6505401611e+02 5.6508099365e+02 5.6511102295e+02 5.6510998535e+02 5.6511798096e+02 5.6513000488e+02 5.6513299561e+02 5.6512902832e+02 5.6513098145e+02 5.6514001465e+02 5.6514801025e+02 5.6516998291e+02 5.6521502686e+02 5.6528198242e+02 5.6534600830e+02 5.6540100098e+02 5.6547601318e+02 5.6556597900e+02 5.6563500977e+02 5.6568701172e+02 5.6576501465e+02 5.6586297607e+02 5.6597998047e+02 5.6610400391e+02 5.6620001221e+02 5.6623999023e+02 5.6628100586e+02 5.6632598877e+02 5.6635699463e+02 5.6639202881e+02 5.6643499756e+02 5.6648699951e+02 5.6654302979e+02 5.6658697510e+02 5.6666802979e+02 5.6679602051e+02 5.6690802002e+02 5.6703399658e+02 5.6717498779e+02 5.6729199219e+02 5.6743798828e+02 5.6759399414e+02
5.6491198730e+02 5.6490899658e+02 5.6492602539e+02 5.6495098877e+02 5.6497900391e+02 5.6500799561e+02 5.6504101563e+02 5.6504302979e+02 5.6504302979e+02 5.6505297852e+02 5.6507598877e+02 5.6508001709e+02 5.6508898926e+02 5.6510400391e+02 5.6511401367e+02 5.6512597656e+02 5.6515899658e+02 5.6521600342e+02 5.6527099609e+02 5.6532000732e+02 5.6539202881e+02 5.6548297119e+02 5.6558099365e+02 5.6566802979e+02 5.6574499512e+02 5.6580999756e+02 5.6589001465e+02 5.6601800537e+02 5.6611297607e+02 5.6615100098e+02 5.6620300293e+02 5.6626000977e+02 5.6625000000e+02 5.6624798584e+02 5.6629101563e+02 5.6632397461e+02 5.6638201904e+02 5.6642498779e+02 5.6651098633e+02 5.6663897705e+02 5.6674700928e+02 5.6685699463e+02 5.6696801758e+02 5.6708801270e+02 5.6723400879e+02 5.6737500000e+02
5.6489300537e+02 5.6487597656e+02 5.6487902832e+02 5.6489398193e+02 5.6491497803e+02 5.6494097900e+02 5.6496301270e+02 5.6496801758e+02 5.6497497559e+02 5.6499700928e+02 5.6503997803e+02 5.6503198242e+02 5.6503900146e+02 5.6505999756e+02 5.6507897949e+02 5.6508898926e+02 5.6510900879e+02 5.6514898682e+02 5.6519702148e+02 5.6524798584e+02 5.6531500244e+02 5.6540502930e+02 5.6553002930e+02 5.6563500977e+02 5.6571398926e+02 5.6576800537e+02 5.6583697510e+02 5.6596502686e+02 5.6605902100e+02 5.6609002686e+02 5.6610998535e+02 5.6616497803e+02 5.6617297363e+02 5.6617297363e+02 5.6621502686e+02 5.6622998047e+02 5.6626000977e+02 5.6630499268e+02 5.6639398193e+02 5.6650000000e+02 5.6659399414e+02 5.6668798828e+02 5.6678100586e+02 5.6689898682e+02 5.6703399658e+02 5.6715002441e+02
