TESTSERVER/9/13.asc
NCOLS 100
NROWS 100
XLLCORNER 7.9497500000e+03
YLLCORNER 2.8930025000e+05
CELLSIZE 5.0000000000e-01
NODATA_VALUE -9.9990000000e+03
[rows 40 to 59 of 100, columns 0 to 45 of 100]
5.6316101074e+02 5.6313897705e+02 5.6310302734e+02 5.6311102295e+02 5.6318499756e+02 5.6326501465e+02 5.6335198975e+02 5.6348297119e+02 5.6364697266e+02 5.6378399658e+02 5.6387500000e+02 5.6395599365e+02 5.6401300049e+02 5.6402301025e+02 5.6403198242e+02 5.6401202393e+02 5.6399200439e+02 5.6400500488e+02 5.6401098633e+02 5.6400299072e+02 5.6397601318e+02 5.6395599365e+02 5.6395898438e+02 5.6400097656e+02 5.6407202148e+02 5.6410900879e+02 5.6411102295e+02 5.6410998535e+02 5.6412902832e+02 5.6418402100e+02 5.6424700928e+02 5.6430200195e+02 5.6435601807e+02 5.6438702393e+02 5.6437902832e+02 5.6442797852e+02 5.6449798584e+02 5.6439599609e+02 5.6431298828e+02 5.6426000977e+02 5.6418597412e+02 5.6416198730e+02 5.6412799072e+02 5.6407501221e+02 5.6410302734e+02 5.6407897949e+02
5.6312902832e+02 5.6311700439e+02 5.6309399414e+02 5.6308398438e+02 5.6310498047e+02 5.6316998291e+02 5.6326098633e+02 5.6338500977e+02 5.6352197266e+02 5.6365100098e+02 5.6376702881e+02 5.6388397217e+02 5.6395599365e+02 5.6396502686e+02 5.6397802734e+02 5.6395800781e+02 5.6394097900e+02 5.6395098877e+02 5.6396002197e+02 5.6395697021e+02 5.6393200684e+02 5.6390997314e+02 5.6391101074e+02 5.6395800781e+02 5.6403900146e+02 5.6408099365e+02 5.6408300781e+02 5.6407800293e+02 5.6409698486e+02 5.6415698242e+02 5.6422100830e+02 5.6427697754e+02 5.6432598877e+02 5.6435400391e+02 5.6434899902e+02 5.6437298584e+02 5.6445599365e+02 5.6444702148e+02 5.6435601807e+02 5.6425402832e+02 5.6418701172e+02 5.6419000244e+02 5.6415997314e+02 5.6410400391e+02 5.6407000732e+02 5.6406201172e+02
5.6310797119e+02 5.6310601807e+02 5.6309002686e+02 5.6306201172e+02 5.6304302979e+02 5.6308001709e+02 5.6315502930e+02 5.6326599121e+02 5.6338598633e+02 5.6350500488e+02 5.6363897705e+02 5.6378900146e+02 5.6387902832e+02 5.6390899658e+02 5.6392999268e+02 5.6391900635e+02 5.6390899658e+02 5.6391400146e+02 5.6392102051e+02 5.6391802979e+02 5.6389697266e+02 5.6387200928e+02 5.6386700439e+02 5.6391101074e+02 5.6399401855e+02 5.6403802490e+02 5.6403900146e+02 5.6403002930e+02 5.6404400635e+02 5.6409497070e+02 5.6416198730e+02 5.6423400879e+02 5.6429797363e+02 5.6433398438e+02 5.6432598877e+02 5.6432800293e+02 5.6438598633e+02 5.6442999268e+02 5.6435198975e+02 5.6424298096e+02 5.6418798828e+02 5.6420800781e+02 5.6418200684e+02 5.6412701416e+02 5.6408099365e+02 5.6405902100e+02
5.6310699463e+02 5.6309002686e+02 5.6307098389e+02 5.6304101563e+02 5.6301501465e+02 5.6301098633e+02 5.6305499268e+02 5.6316101074e+02 5.6328497314e+02 5.6340997314e+02 5.6355102539e+02 5.6370898438e+02 5.6381298828e+02 5.6385699463e+02 5.6389300537e+02 5.6389898682e+02 5.6388000488e+02 5.6387200928e+02 5.6388098145e+02 5.6387902832e+02 5.6386401367e+02 5.6383599854e+02 5.6382397461e+02 5.6385900879e+02 5.6393499756e+02 5.6397900391e+02 5.6398199463e+02 5.6397497559e+02 5.6398297119e+02 5.6401800537e+02 5.6408099365e+02 5.6416699219e+02 5.6424700928e+02 5.6429498291e+02 5.6429302979e+02 5.6428100586e+02 5.6429602051e+02 5.6432000732e+02 5.6427301025e+02 5.6421502686e+02 5.6419000244e+02 5.6421398926e+02 5.6420098877e+02 5.6416998291e+02 5.6413598633e+02 5.6410302734e+02
5.6310101318e+02 5.6308398438e+02 5.6305700684e+02 5.6303302002e+02 5.6299902344e+02 5.6297100830e+02 5.6299298096e+02 5.6308599854e+02 5.6319097900e+02 5.6333697510e+02 5.6347698975e+02 5.6362500000e+02 5.6376300049e+02 5.6382299805e+02 5.6386199951e+02 5.6388000488e+02 5.6385198975e+02 5.6383801270e+02 5.6385101318e+02 5.6384802246e+02 5.6382202148e+02 5.6379797363e+02 5.6378302002e+02 5.6380102539e+02 5.6385302734e+02 5.6391400146e+02 5.6392700195e+02 5.6392901611e+02 5.6393597412e+02 5.6396502686e+02 5.6402502441e+02 5.6411499023e+02 5.6421197510e+02 5.6424499512e+02 5.6425201416e+02 5.6424401855e+02 5.6426501465e+02 5.6423999023e+02 5.6421301270e+02 5.6421002197e+02 5.6419702148e+02 5.6420098877e+02 5.6421002197e+02 5.6421697998e+02 5.6422698975e+02 5.6419201660e+02
5.6305999756e+02 5.6306097412e+02 5.6303802490e+02 5.6302398682e+02 5.6299597168e+02 5.6294000244e+02 5.6294299316e+02 5.6302502441e+02 5.6313098145e+02 5.6324700928e+02 5.6336700439e+02 5.6352197266e+02 5.6370501709e+02 5.6377502441e+02 5.6379699707e+02 5.6381896973e+02 5.6381597900e+02 5.6380102539e+02 5.6380798340e+02 5.6380200195e+02 5.6377697754e+02 5.6376098633e+02 5.6374499512e+02 5.6375299072e+02 5.6380200195e+02 5.6385998535e+02 5.6388800049e+02 5.6390600586e+02 5.6392199707e+02 5.6394299316e+02 5.6398797607e+02 5.6406298828e+02 5.6414697266e+02 5.6418499756e+02 5.6419000244e+02 5.6419097900e+02 5.6419799805e+02 5.6417999268e+02 5.6416400146e+02 5.6416900635e+02 5.6417602539e+02 5.6419897461e+02 5.6422399902e+02 5.6423699951e+02 5.6423699951e+02 5.6422802734e+02
5.6301300049e+02 5.6304101563e+02 5.6302899170e+02 5.6301599121e+02 5.6299200439e+02 5.6292401123e+02 5.6290600586e+02 5.6296197510e+02 5.6305603027e+02 5.6315100098e+02 5.6325799561e+02 5.6341802979e+02 5.6362402344e+02 5.6372900391e+02 5.6375799561e+02 5.6377697754e+02 5.6378997803e+02 5.6377398682e+02 5.6376397705e+02 5.6374700928e+02 5.6373199463e+02 5.6371502686e+02 5.6369799805e+02 5.6370397949e+02 5.6374798584e+02 5.6380603027e+02 5.6384698486e+02 5.6387701416e+02 5.6389398193e+02 5.6389801025e+02 5.6392401123e+02 5.6397802734e+02 5.6404797363e+02 5.6408599854e+02 5.6409997559e+02 5.6411798096e+02 5.6412902832e+02 5.6411401367e+02 5.6411700439e+02 5.6412402344e+02 5.6411798096e+02 5.6412097168e+02 5.6414398193e+02 5.6417999268e+02 5.6419598389e+02 5.6420697021e+02
5.6297399902e+02 5.6301599121e+02 5.6300598145e+02 5.6298297119e+02 5.6296197510e+02 5.6290301514e+02 5.6287097168e+02 5.6289202881e+02 5.6296099854e+02 5.6304998779e+02 5.6315502930e+02 5.6331097412e+02 5.6351898193e+02 5.6367901611e+02 5.6373498535e+02 5.6375201416e+02 5.6376300049e+02 5.6374700928e+02 5.6372900391e+02 5.6371002197e+02 5.6369299316e+02 5.6366900635e+02 5.6364697266e+02 5.6365002441e+02 5.6369396973e+02 5.6375402832e+02 5.6379901123e+02 5.6383300781e+02 5.6384698486e+02 5.6384899902e+02 5.6386901855e+02 5.6390197754e+02 5.6393902588e+02 5.6396197510e+02 5.6398400879e+02 5.6402398682e+02 5.6405700684e+02 5.6405700684e+02 5.6406799316e+02 5.6407202148e+02 5.6404901123e+02 5.6405200195e+02 5.6408599854e+02 5.6414099121e+02 5.6415197754e+02 5.6415802002e+02
5.6294299316e+02 5.6296697998e+02 5.6296398926e+02 5.6294097900e+02 5.6292401123e+02 5.6289501953e+02 5.6285900879e+02 5.6284802246e+02 5.6287799072e+02 5.6296997070e+02 5.6307202148e+02 5.6321398926e+02 5.6339801025e+02 5.6359600830e+02 5.6368103027e+02 5.6370001221e+02 5.6370898438e+02 5.6369702148e+02 5.6369097900e+02 5.6368597412e+02 5.6366198730e+02 5.6361999512e+02 5.6359197998e+02 5.6359600830e+02 5.6364398193e+02 5.6369799805e+02 5.6373797607e+02 5.6377001953e+02 5.6379998779e+02 5.6382598877e+02 5.6385198975e+02 5.6386602783e+02 5.6386401367e+02 5.6385601807e+02 5.6387200928e+02 5.6390802002e+02 5.6394299316e+02 5.6396002197e+02 5.6395001221e+02 5.6394396973e+02 5.6393298340e+02 5.6398699951e+02 5.6404998779e+02 5.6410797119e+02 5.6410101318e+02 5.6411297607e+02
5.6298199463e+02 5.6293402100e+02 5.6292602539e+02 5.6291998291e+02 5.6290997314e+02 5.6289599609e+02 5.6286602783e+02 5.6284997559e+02 5.6285400391e+02 5.6292102051e+02 5.6300500488e+02 5.6312298584e+02 5.6329101563e+02 5.6347802734e+02 5.6357800293e+02 5.6362298584e+02 5.6365802002e+02 5.6364599609e+02 5.6363098145e+02 5.6362200928e+02 5.6359997559e+02 5.6356500244e+02 5.6353497314e+02 5.6354797363e+02 5.6360498047e+02 5.6365002441e+02 5.6368798828e+02 5.6372198486e+02 5.6376599121e+02 5.6380499268e+02 5.6382598877e+02 5.6383099365e+02 5.6382000732e+02 5.6380999756e+02 5.6381701660e+02 5.6383599854e+02 5.6385302734e+02 5.6384301758e+02 5.6382598877e+02 5.6382397461e+02 5.6384600830e+02 5.6387200928e+02 5.6395202637e+02 5.6404797363e+02 5.6406201172e+02 5.6411901855e+02
5.6302600098e+02 5.6291699219e+02 5.6289898682e+02 5.6291400146e+02 5.6290802002e+02 5.6288397217e+02 5.6285198975e+02 5.6284002686e+02 5.6283502197e+02 5.6288299561e+02 5.6294702148e+02 5.6304199219e+02 5.6320001221e+02 5.6337402344e+02 5.6348699951e+02 5.6355200195e+02 5.6360101318e+02 5.6359997559e+02 5.6357702637e+02 5.6355798340e+02 5.6353601074e+02 5.6351202393e+02 5.6348101807e+02 5.6349597168e+02 5.6355902100e+02 5.6360198975e+02 5.6364099121e+02 5.6367700195e+02 5.6372698975e+02 5.6376800537e+02 5.6378497314e+02 5.6378698730e+02 5.6377502441e+02 5.6376397705e+02 5.6376898193e+02 5.6378302002e+02 5.6380401611e+02 5.6383001709e+02 5.6383099365e+02 5.6382897949e+02 5.6382098389e+02 5.6382202148e+02 5.6387902832e+02 5.6395098877e+02 5.6395300293e+02 5.6400897217e+02
5.6307299805e+02 5.6291998291e+02 5.6287298584e+02 5.6289099121e+02 5.6289202881e+02 5.6286199951e+02 5.6283300781e+02 5.6282702637e+02 5.6282299805e+02 5.6285601807e+02 5.6290002441e+02 5.6297399902e+02 5.6311700439e+02 5.6329602051e+02 5.6342700195e+02 5.6349499512e+02 5.6354101563e+02 5.6355603027e+02 5.6354199219e+02 5.6352197266e+02 5.6349200439e+02 5.6346301270e+02 5.6342901611e+02 5.6344000244e+02 5.6350500488e+02 5.6354998779e+02 5.6358898926e+02 5.6362701416e+02 5.6367901611e+02 5.6371801758e+02 5.6373199463e+02 5.6373400879e+02 5.6372399902e+02 5.6371899414e+02 5.6372198486e+02 5.6373297119e+02 5.6376898193e+02 5.6383502197e+02 5.6384100342e+02 5.6382501221e+02 5.6379199219e+02 5.6379498291e+02 5.6381500244e+02 5.6382598877e+02 5.6382098389e+02 5.6387097168e+02
5.6311401367e+02 5.6295098877e+02 5.6284802246e+02 5.6284698486e+02 5.6286999512e+02 5.6284997559e+02 5.6282702637e+02 5.6282202148e+02 5.6281201172e+02 5.6282702637e+02 5.6285101318e+02 5.6291101074e+02 5.6302600098e+02 5.6320599365e+02 5.6336602783e+02 5.6345599365e+02 5.6350402832e+02 5.6351800537e+02 5.6350299072e+02 5.6348699951e+02 5.6346997070e+02 5.6343499756e+02 5.6340197754e+02 5.6340197754e+02 5.6344500732e+02 5.6349298096e+02 5.6353198242e+02 5.6357098389e+02 5.6360797119e+02 5.6364501953e+02 5.6366101074e+02 5.6366802979e+02 5.6365899658e+02 5.6366497803e+02 5.6367199707e+02 5.6368200684e+02 5.6370501709e+02 5.6375201416e+02 5.6376000977e+02 5.6375000000e+02 5.6374102783e+02 5.6377197266e+02 5.6378002930e+02 5.6376702881e+02 5.6378900146e+02 5.6379302979e+02
5.6314697266e+02 5.6301702881e+02 5.6285900879e+02 5.6281500244e+02 5.6285101318e+02 5.6284698486e+02 5.6281402588e+02 5.6279699707e+02 5.6279199219e+02 5.6279302979e+02 5.6279302979e+02 5.6284497070e+02 5.6297399902e+02 5.6312200928e+02 5.6327899170e+02 5.6338397217e+02 5.6344897461e+02 5.6348297119e+02 5.6345697021e+02 5.6343499756e+02 5.6343200684e+02 5.6340301514e+02 5.6337298584e+02 5.6336798096e+02 5.6339898682e+02 5.6343902588e+02 5.6347399902e+02 5.6351202393e+02 5.6354901123e+02 5.6357501221e+02 5.6359399414e+02 5.6360302734e+02 5.6359997559e+02 5.6360101318e+02 5.6360699463e+02 5.6361401367e+02 5.6362701416e+02 5.6365002441e+02 5.6365899658e+02 5.6365997314e+02 5.6366302490e+02 5.6369702148e+02 5.6372198486e+02 5.6374798584e+02 5.6377899170e+02 5.6377099609e+02
5.6317297363e+02 5.6307800293e+02 5.6289599609e+02 5.6279699707e+02 5.6282202148e+02 5.6284497070e+02 5.6281097412e+02 5.6277502441e+02 5.6277398682e+02 5.6277801514e+02 5.6277099609e+02 5.6281402588e+02 5.6294299316e+02 5.6307598877e+02 5.6320397949e+02 5.6329699707e+02 5.6338201904e+02 5.6344799805e+02 5.6342602539e+02 5.6339501953e+02 5.6338702393e+02 5.6336700439e+02 5.6334197998e+02 5.6333300781e+02 5.6335198975e+02 5.6338500977e+02 5.6341802979e+02 5.6345300293e+02 5.6349102783e+02 5.6351800537e+02 5.6353601074e+02 5.6354602051e+02 5.6354302979e+02 5.6354101563e+02 5.6354400635e+02 5.6354797363e+02 5.6355401611e+02 5.6356597900e+02 5.6357299805e+02 5.6357702637e+02 5.6358898926e+02 5.6361499023e+02 5.6364001465e+02 5.6366998291e+02 5.6370001221e+02 5.6370800781e+02
5.6318200684e+02 5.6310998535e+02 5.6294799805e+02 5.6280999756e+02 5.6278698730e+02 5.6282598877e+02 5.6280401611e+02 5.6275897217e+02 5.6275000000e+02 5.6275402832e+02 5.6274798584e+02 5.6277502441e+02 5.6288897705e+02 5.6302099609e+02 5.6311499023e+02 5.6319598389e+02 5.6330999756e+02 5.6340698242e+02 5.6339501953e+02 5.6335198975e+02 5.6334002686e+02 5.6333300781e+02 5.6331097412e+02 5.6329602051e+02 5.6330297852e+02 5.6333300781e+02 5.6336602783e+02 5.6340002441e+02 5.6343701172e+02 5.6346502686e+02 5.6348199463e+02 5.6349102783e+02 5.6348901367e+02 5.6348602295e+02 5.6348699951e+02 5.6348797607e+02 5.6349102783e+02 5.6349597168e+02 5.6350201416e+02 5.6351000977e+02 5.6352801514e+02 5.6353900146e+02 5.6355200195e+02 5.6357299805e+02 5.6359600830e+02 5.6361999512e+02
5.6319299316e+02 5.6313702393e+02 5.6300897217e+02 5.6284899902e+02 5.6274102783e+02 5.6276397705e+02 5.6276202393e+02 5.6273699951e+02 5.6272998047e+02 5.6272998047e+02 5.6272998047e+02 5.6274298096e+02 5.6280700684e+02 5.6294000244e+02 5.6302899170e+02 5.6311297607e+02 5.6322601318e+02 5.6335302734e+02 5.6335797119e+02 5.6331097412e+02 5.6329302979e+02 5.6329699707e+02 5.6327197266e+02 5.6324499512e+02 5.6324798584e+02 5.6328497314e+02 5.6331701660e+02 5.6335101318e+02 5.6339001465e+02 5.6341699219e+02 5.6343298340e+02 5.6344097900e+02 5.6344000244e+02 5.6343701172e+02 5.6343798828e+02 5.6344000244e+02 5.6345202637e+02 5.6345501709e+02 5.6346697998e+02 5.6347802734e+02 5.6348498535e+02 5.6347698975e+02 5.6349298096e+02 5.6352001953e+02 5.6354797363e+02 5.6355200195e+02
5.6320397949e+02 5.6317498779e+02 5.6306201172e+02 5.6290002441e+02 5.6274298096e+02 5.6272100830e+02 5.6272698975e+02 5.6271502686e+02 5.6271099854e+02 5.6271398926e+02 5.6271099854e+02 5.6271002197e+02 5.6274102783e+02 5.6283697510e+02 5.6295001221e+02 5.6304498291e+02 5.6313702393e+02 5.6328399658e+02 5.6332598877e+02 5.6328900146e+02 5.6327600098e+02 5.6327001953e+02 5.6323498535e+02 5.6319702148e+02 5.6320098877e+02 5.6323797607e+02 5.6327001953e+02 5.6330700684e+02 5.6334698486e+02 5.6337402344e+02 5.6339099121e+02 5.6339898682e+02 5.6339697266e+02 5.6339398193e+02 5.6339599609e+02 5.6340002441e+02 5.6341198730e+02 5.6343200684e+02 5.6344396973e+02 5.6345098877e+02 5.6344299316e+02 5.6342401123e+02 5.6343701172e+02 5.6347100830e+02 5.6349200439e+02 5.6349798584e+02
5.6320697021e+02 5.6318200684e+02 5.6308599854e+02 5.6294799805e+02 5.6278198242e+02 5.6270300293e+02 5.6270501709e+02 5.6271002197e+02 5.6268597412e+02 5.6268597412e+02 5.6267999268e+02 5.6267700195e+02 5.6268298340e+02 5.6272601318e+02 5.6284301758e+02 5.6296899414e+02 5.6305902100e+02 5.6321502686e+02 5.6329602051e+02 5.6327502441e+02 5.6325799561e+02 5.6324902344e+02 5.6321398926e+02 5.6317602539e+02 5.6316601563e+02 5.6319396973e+02 5.6322601318e+02 5.6326501465e+02 5.6330700684e+02 5.6333502197e+02 5.6335198975e+02 5.6336102295e+02 5.6335797119e+02 5.6335400391e+02 5.6335498047e+02 5.6335797119e+02 5.6337402344e+02 5.6339501953e+02 5.6340399170e+02 5.6340802002e+02 5.6340002441e+02 5.6337097168e+02 5.6337597656e+02 5.6340802002e+02 5.6343298340e+02 5.6344799805e+02
5.6320501709e+02 5.6317498779e+02 5.6308197021e+02 5.6296801758e+02 5.6283502197e+02 5.6270501709e+02 5.6267297363e+02 5.6269000244e+02 5.6266601563e+02 5.6266400146e+02 5.6265399170e+02 5.6265399170e+02 5.6265997314e+02 5.6264898682e+02 5.6273199463e+02 5.6287597656e+02 5.6298999023e+02 5.6315802002e+02 5.6326702881e+02 5.6325897217e+02 5.6323199463e+02 5.6322698975e+02 5.6319897461e+02 5.6316497803e+02 5.6313598633e+02 5.6315100098e+02 5.6318298340e+02 5.6322302246e+02 5.6326898193e+02 5.6329998779e+02 5.6331701660e+02 5.6332598877e+02 5.6332202148e+02 5.6331701660e+02 5.6331701660e+02 5.6331896973e+02 5.6333502197e+02 5.6335198975e+02 5.6335797119e+02 5.6335699463e+02 5.6334899902e+02 5.6331597900e+02 5.6332000732e+02 5.6335198975e+02 5.6337298584e+02 5.6339001465e+02
