TESTSERVER/9/14.asc
NCOLS 100
NROWS 100
XLLCORNER 7.9497500000e+03
YLLCORNER 2.8925025000e+05
CELLSIZE 5.0000000000e-01
NODATA_VALUE -9.9990000000e+03
[rows 60 to 79 of 100, columns 46 to 91 of 100]
5.5957501221e+02 5.5958502197e+02 5.5957000732e+02 5.5972198486e+02 5.5983599854e+02 5.5978601074e+02 5.5966900635e+02 5.5967199707e+02 5.5968103027e+02 5.5970697021e+02 5.5972302246e+02 5.5975201416e+02 5.5978302002e+02 5.5980902100e+02 5.5983502197e+02 5.5983898926e+02 5.5985900879e+02 5.5992102051e+02 5.5998602295e+02 5.6000299072e+02 5.6001702881e+02 5.6004998779e+02 5.6009301758e+02 5.6011602783e+02 5.6011199951e+02 5.6006298828e+02 5.5998602295e+02 5.5997198486e+02 5.5999499512e+02 5.6001702881e+02 5.6001300049e+02 5.5998999023e+02 5.5996801758e+02 5.5996899414e+02 5.6003601074e+02 5.6015002441e+02 5.6025402832e+02 5.6025799561e+02 5.6017700195e+02 5.6014202881e+02 5.6014599609e+02 5.6015301514e+02 5.6013201904e+02 5.6010302734e+02 5.6008697510e+02 5.6008801270e+02
5.5954400635e+02 5.5956597900e+02 5.5953997803e+02 5.5956201172e+02 5.5961700439e+02 5.5961901855e+02 5.5961401367e+02 5.5964501953e+02 5.5966101074e+02 5.5967700195e+02 5.5969201660e+02 5.5972302246e+02 5.5975201416e+02 5.5977099609e+02 5.5980401611e+02 5.5981597900e+02 5.5983502197e+02 5.5988201904e+02 5.5994598389e+02 5.5996899414e+02 5.5996801758e+02 5.5997601318e+02 5.6001000977e+02 5.6004602051e+02 5.6007702637e+02 5.6007299805e+02 5.6000799561e+02 5.5995800781e+02 5.5996002197e+02 5.5997698975e+02 5.5997998047e+02 5.5996398926e+02 5.5995001221e+02 5.5993402100e+02 5.5995599365e+02 5.6004302979e+02 5.6017602539e+02 5.6024700928e+02 5.6023101807e+02 5.6017199707e+02 5.6012097168e+02 5.6012500000e+02 5.6012500000e+02 5.6010601807e+02 5.6008697510e+02 5.6006896973e+02
5.5950097656e+02 5.5953399658e+02 5.5954199219e+02 5.5951397705e+02 5.5952099609e+02 5.5954699707e+02 5.5959197998e+02 5.5961798096e+02 5.5963000488e+02 5.5964398193e+02 5.5966198730e+02 5.5969299316e+02 5.5971997070e+02 5.5973699951e+02 5.5977197266e+02 5.5978100586e+02 5.5978997803e+02 5.5983398438e+02 5.5991699219e+02 5.5995202637e+02 5.5994299316e+02 5.5993597412e+02 5.5995599365e+02 5.5999401855e+02 5.6002697754e+02 5.6003399658e+02 5.5999597168e+02 5.5994396973e+02 5.5992401123e+02 5.5993798828e+02 5.5995697021e+02 5.5994500732e+02 5.5994299316e+02 5.5992199707e+02 5.5990600586e+02 5.5994799805e+02 5.6007202148e+02 5.6017797852e+02 5.6021398926e+02 5.6018298340e+02 5.6010198975e+02 5.6007598877e+02 5.6009301758e+02 5.6009100342e+02 5.6007397461e+02 5.6005499268e+02
5.5946099854e+02 5.5949102783e+02 5.5951397705e+02 5.5949902344e+02 5.5949499512e+02 5.5951501465e+02 5.5956402588e+02 5.5959002686e+02 5.5960198975e+02 5.5961700439e+02 5.5964300537e+02 5.5966699219e+02 5.5968701172e+02 5.5970397949e+02 5.5974200439e+02 5.5974700928e+02 5.5975402832e+02 5.5981097412e+02 5.5991302490e+02 5.5995001221e+02 5.5993798828e+02 5.5992102051e+02 5.5993200684e+02 5.5996997070e+02 5.5998602295e+02 5.5997698975e+02 5.5994799805e+02 5.5991302490e+02 5.5988800049e+02 5.5990301514e+02 5.5992498779e+02 5.5992797852e+02 5.5993499756e+02 5.5991601563e+02 5.5988201904e+02 5.5988098145e+02 5.5995397949e+02 5.6006298828e+02 5.6015002441e+02 5.6018701172e+02 5.6012097168e+02 5.6005700684e+02 5.6005297852e+02 5.6006298828e+02 5.6005297852e+02 5.6003802490e+02
5.5945697021e+02 5.5946899414e+02 5.5947497559e+02 5.5946997070e+02 5.5946997070e+02 5.5948199463e+02 5.5951898193e+02 5.5955499268e+02 5.5959197998e+02 5.5962701416e+02 5.5964801025e+02 5.5964599609e+02 5.5965002441e+02 5.5967102051e+02 5.5968499756e+02 5.5969702148e+02 5.5973498535e+02 5.5982202148e+02 5.5989898682e+02 5.5992498779e+02 5.5992700195e+02 5.5991998291e+02 5.5992401123e+02 5.5995001221e+02 5.5996301270e+02 5.5994500732e+02 5.5990399170e+02 5.5986798096e+02 5.5984802246e+02 5.5986102295e+02 5.5988201904e+02 5.5990502930e+02 5.5990802002e+02 5.5988299561e+02 5.5986401367e+02 5.5984698486e+02 5.5986798096e+02 5.5995697021e+02 5.6009899902e+02 5.6016601563e+02 5.6014202881e+02 5.6007501221e+02 5.6002502441e+02 5.6002801514e+02 5.6002899170e+02 5.6002301025e+02
5.5945001221e+02 5.5945599365e+02 5.5945300293e+02 5.5945300293e+02 5.5947302246e+02 5.5948602295e+02 5.5950000000e+02 5.5954199219e+02 5.5960699463e+02 5.5965301514e+02 5.5962500000e+02 5.5959197998e+02 5.5963702393e+02 5.5969702148e+02 5.5970697021e+02 5.5966802979e+02 5.5969201660e+02 5.5978100586e+02 5.5987097168e+02 5.5989099121e+02 5.5991101074e+02 5.5992102051e+02 5.5992797852e+02 5.5995300293e+02 5.5996301270e+02 5.5994500732e+02 5.5989697266e+02 5.5983099365e+02 5.5979699707e+02 5.5981500244e+02 5.5984002686e+02 5.5986102295e+02 5.5988397217e+02 5.5986901855e+02 5.5984899902e+02 5.5983599854e+02 5.5982800293e+02 5.5985400391e+02 5.5996197510e+02 5.6007598877e+02 5.6011700439e+02 5.6009100342e+02 5.6001599121e+02 5.5998699951e+02 5.5998901367e+02 5.5999499512e+02
5.5941601563e+02 5.5942102051e+02 5.5942102051e+02 5.5942199707e+02 5.5944299316e+02 5.5945501709e+02 5.5947100830e+02 5.5951202393e+02 5.5955999756e+02 5.5959197998e+02 5.5956799316e+02 5.5960797119e+02 5.5975299072e+02 5.5986999512e+02 5.5984301758e+02 5.5971099854e+02 5.5967602539e+02 5.5973602295e+02 5.5984002686e+02 5.5988201904e+02 5.5990600586e+02 5.5991998291e+02 5.5993499756e+02 5.5995800781e+02 5.5996301270e+02 5.5994396973e+02 5.5990600586e+02 5.5984100342e+02 5.5978002930e+02 5.5977801514e+02 5.5980102539e+02 5.5981298828e+02 5.5984899902e+02 5.5985498047e+02 5.5984100342e+02 5.5983398438e+02 5.5982299805e+02 5.5979699707e+02 5.5982897949e+02 5.5994799805e+02 5.6004302979e+02 5.6007800293e+02 5.6002502441e+02 5.5996502686e+02 5.5994702148e+02 5.5995800781e+02
5.5938000488e+02 5.5938098145e+02 5.5936999512e+02 5.5936297607e+02 5.5938000488e+02 5.5939398193e+02 5.5943200684e+02 5.5946301270e+02 5.5948699951e+02 5.5952099609e+02 5.5956597900e+02 5.5971697998e+02 5.5991601563e+02 5.6003997803e+02 5.6000299072e+02 5.5980700684e+02 5.5970599365e+02 5.5972302246e+02 5.5982598877e+02 5.5988299561e+02 5.5990802002e+02 5.5992199707e+02 5.5993902588e+02 5.5995800781e+02 5.5995800781e+02 5.5993902588e+02 5.5991699219e+02 5.5987402344e+02 5.5980200195e+02 5.5976898193e+02 5.5976501465e+02 5.5977001953e+02 5.5980798340e+02 5.5983001709e+02 5.5983300781e+02 5.5981597900e+02 5.5980499268e+02 5.5977099609e+02 5.5976501465e+02 5.5984002686e+02 5.5994097900e+02 5.6002899170e+02 5.6003997803e+02 5.5996801758e+02 5.5992102051e+02 5.5991998291e+02
5.5934399414e+02 5.5934301758e+02 5.5932098389e+02 5.5932202148e+02 5.5935101318e+02 5.5937402344e+02 5.5940502930e+02 5.5941998291e+02 5.5943701172e+02 5.5951202393e+02 5.5967498779e+02 5.5989398193e+02 5.6001501465e+02 5.6004797363e+02 5.6004199219e+02 5.5993200684e+02 5.5980798340e+02 5.5978698730e+02 5.5987902832e+02 5.5990002441e+02 5.5991998291e+02 5.5993200684e+02 5.5994702148e+02 5.5994799805e+02 5.5994396973e+02 5.5992797852e+02 5.5990698242e+02 5.5988598633e+02 5.5983300781e+02 5.5978698730e+02 5.5976300049e+02 5.5974401855e+02 5.5976202393e+02 5.5978601074e+02 5.5979602051e+02 5.5978497314e+02 5.5976898193e+02 5.5974298096e+02 5.5975097656e+02 5.5976501465e+02 5.5982800293e+02 5.5993402100e+02 5.6001898193e+02 5.5998101807e+02 5.5992199707e+02 5.5989898682e+02
5.5927801514e+02 5.5928698730e+02 5.5929199219e+02 5.5929998779e+02 5.5933398438e+02 5.5935601807e+02 5.5936798096e+02 5.5938500977e+02 5.5941198730e+02 5.5953198242e+02 5.5977697754e+02 5.5999597168e+02 5.6003100586e+02 5.6000402832e+02 5.6002197266e+02 5.5998400879e+02 5.5992797852e+02 5.5991497803e+02 5.5993902588e+02 5.5992999268e+02 5.5992999268e+02 5.5993200684e+02 5.5992797852e+02 5.5992602539e+02 5.5992700195e+02 5.5991900635e+02 5.5990899658e+02 5.5990600586e+02 5.5986199951e+02 5.5980999756e+02 5.5976599121e+02 5.5971002197e+02 5.5970697021e+02 5.5973901367e+02 5.5976202393e+02 5.5976000977e+02 5.5975402832e+02 5.5974102783e+02 5.5975402832e+02 5.5972399902e+02 5.5972802734e+02 5.5982299805e+02 5.5994897461e+02 5.5996600342e+02 5.5992401123e+02 5.5987701416e+02
5.5921502686e+02 5.5923498535e+02 5.5925598145e+02 5.5927001953e+02 5.5930401611e+02 5.5932897949e+02 5.5934698486e+02 5.5936297607e+02 5.5940301514e+02 5.5954699707e+02 5.5981298828e+02 5.6000701904e+02 5.6003399658e+02 5.5999798584e+02 5.6000598145e+02 5.6001397705e+02 5.6000201416e+02 5.5999700928e+02 5.5997601318e+02 5.5993499756e+02 5.5991699219e+02 5.5990899658e+02 5.5990100098e+02 5.5990100098e+02 5.5990698242e+02 5.5990600586e+02 5.5989898682e+02 5.5990100098e+02 5.5987799072e+02 5.5983398438e+02 5.5978100586e+02 5.5971197510e+02 5.5967700195e+02 5.5969396973e+02 5.5972497559e+02 5.5972399902e+02 5.5973101807e+02 5.5972698975e+02 5.5973400879e+02 5.5970098877e+02 5.5967498779e+02 5.5972497559e+02 5.5984197998e+02 5.5992199707e+02 5.5992498779e+02 5.5986700439e+02
5.5916101074e+02 5.5918298340e+02 5.5921801758e+02 5.5924499512e+02 5.5927398682e+02 5.5929797363e+02 5.5933300781e+02 5.5936297607e+02 5.5941497803e+02 5.5954699707e+02 5.5977801514e+02 5.5996997070e+02 5.6004498291e+02 5.6003601074e+02 5.6000897217e+02 5.6001501465e+02 5.6002197266e+02 5.6002001953e+02 5.5997601318e+02 5.5991601563e+02 5.5988500977e+02 5.5986999512e+02 5.5986602783e+02 5.5986999512e+02 5.5988000488e+02 5.5988598633e+02 5.5988000488e+02 5.5987902832e+02 5.5987402344e+02 5.5984600830e+02 5.5980200195e+02 5.5973602295e+02 5.5968402100e+02 5.5966998291e+02 5.5968701172e+02 5.5969799805e+02 5.5971600342e+02 5.5972198486e+02 5.5970501709e+02 5.5967700195e+02 5.5964801025e+02 5.5965698242e+02 5.5972900391e+02 5.5985101318e+02 5.5991497803e+02 5.5987500000e+02
5.5910302734e+02 5.5912597656e+02 5.5918701172e+02 5.5921502686e+02 5.5924401855e+02 5.5927099609e+02 5.5929602051e+02 5.5934997559e+02 5.5944299316e+02 5.5957299805e+02 5.5967199707e+02 5.5979498291e+02 5.5995800781e+02 5.6005102539e+02 5.6002197266e+02 5.6001300049e+02 5.6001501465e+02 5.5999597168e+02 5.5990802002e+02 5.5984997559e+02 5.5981500244e+02 5.5980401611e+02 5.5980700684e+02 5.5982800293e+02 5.5984100342e+02 5.5985498047e+02 5.5986499023e+02 5.5987298584e+02 5.5986798096e+02 5.5984802246e+02 5.5982098389e+02 5.5975097656e+02 5.5970397949e+02 5.5966302490e+02 5.5963000488e+02 5.5966400146e+02 5.5968298340e+02 5.5968902588e+02 5.5966802979e+02 5.5966497803e+02 5.5964202881e+02 5.5962799072e+02 5.5963397217e+02 5.5973999023e+02 5.5985198975e+02 5.5987701416e+02
5.5907800293e+02 5.5909197998e+02 5.5912799072e+02 5.5915600586e+02 5.5920397949e+02 5.5925299072e+02 5.5928002930e+02 5.5931201172e+02 5.5939398193e+02 5.5949597168e+02 5.5946997070e+02 5.5951599121e+02 5.5976300049e+02 5.6000701904e+02 5.6006298828e+02 5.6001000977e+02 5.5992297363e+02 5.5984197998e+02 5.5977502441e+02 5.5975701904e+02 5.5975402832e+02 5.5976397705e+02 5.5978002930e+02 5.5979699707e+02 5.5981402588e+02 5.5983300781e+02 5.5985498047e+02 5.5987500000e+02 5.5987097168e+02 5.5984997559e+02 5.5982598877e+02 5.5977099609e+02 5.5972802734e+02 5.5968200684e+02 5.5964099121e+02 5.5963397217e+02 5.5964801025e+02 5.5965600586e+02 5.5964898682e+02 5.5964300537e+02 5.5962902832e+02 5.5962097168e+02 5.5959899902e+02 5.5964202881e+02 5.5973101807e+02 5.5980999756e+02
5.5908502197e+02 5.5908398438e+02 5.5908197021e+02 5.5910998535e+02 5.5915600586e+02 5.5921002197e+02 5.5924597168e+02 5.5928399658e+02 5.5934899902e+02 5.5941601563e+02 5.5941101074e+02 5.5941101074e+02 5.5958801270e+02 5.5982800293e+02 5.5993701172e+02 5.5981799316e+02 5.5969598389e+02 5.5966302490e+02 5.5968798828e+02 5.5970898438e+02 5.5972698975e+02 5.5974700928e+02 5.5976000977e+02 5.5977398682e+02 5.5979302979e+02 5.5981201172e+02 5.5983599854e+02 5.5985998535e+02 5.5986102295e+02 5.5984497070e+02 5.5982202148e+02 5.5979901123e+02 5.5975299072e+02 5.5969299316e+02 5.5965399170e+02 5.5961700439e+02 5.5961499023e+02 5.5961999512e+02 5.5962298584e+02 5.5962298584e+02 5.5959997559e+02 5.5958898926e+02 5.5957397461e+02 5.5957501221e+02 5.5961602783e+02 5.5970397949e+02
5.5910498047e+02 5.5909399414e+02 5.5906500244e+02 5.5908801270e+02 5.5911798096e+02 5.5915698242e+02 5.5920397949e+02 5.5927398682e+02 5.5935900879e+02 5.5942199707e+02 5.5943402100e+02 5.5939898682e+02 5.5946099854e+02 5.5960198975e+02 5.5967700195e+02 5.5958697510e+02 5.5954602051e+02 5.5960400391e+02 5.5966601563e+02 5.5968402100e+02 5.5971002197e+02 5.5973101807e+02 5.5973999023e+02 5.5975201416e+02 5.5977001953e+02 5.5978802490e+02 5.5980700684e+02 5.5983197021e+02 5.5984002686e+02 5.5983197021e+02 5.5980902100e+02 5.5980499268e+02 5.5976501465e+02 5.5969799805e+02 5.5966302490e+02 5.5960601807e+02 5.5957800293e+02 5.5958099365e+02 5.5959301758e+02 5.5961499023e+02 5.5959497070e+02 5.5956298828e+02 5.5954101563e+02 5.5953302002e+02 5.5953997803e+02 5.5960601807e+02
5.5909301758e+02 5.5908801270e+02 5.5906500244e+02 5.5907501221e+02 5.5909802246e+02 5.5913500977e+02 5.5917999268e+02 5.5925097656e+02 5.5936602783e+02 5.5942498779e+02 5.5939501953e+02 5.5939801025e+02 5.5942700195e+02 5.5948199463e+02 5.5951300049e+02 5.5952697754e+02 5.5957202148e+02 5.5962701416e+02 5.5963897705e+02 5.5966400146e+02 5.5968597412e+02 5.5969897461e+02 5.5971002197e+02 5.5973101807e+02 5.5974298096e+02 5.5975500488e+02 5.5976702881e+02 5.5979602051e+02 5.5981500244e+02 5.5981896973e+02 5.5979901123e+02 5.5979199219e+02 5.5976800537e+02 5.5970697021e+02 5.5966101074e+02 5.5959301758e+02 5.5954400635e+02 5.5954998779e+02 5.5957598877e+02 5.5959399414e+02 5.5960302734e+02 5.5956597900e+02 5.5951599121e+02 5.5951501465e+02 5.5950500488e+02 5.5953100586e+02
5.5905700684e+02 5.5906201172e+02 5.5903497314e+02 5.5904602051e+02 5.5908502197e+02 5.5911999512e+02 5.5914801025e+02 5.5921197510e+02 5.5937200928e+02 5.5940802002e+02 5.5931201172e+02 5.5933001709e+02 5.5938897705e+02 5.5945098877e+02 5.5947698975e+02 5.5952398682e+02 5.5958300781e+02 5.5962402344e+02 5.5962500000e+02 5.5964697266e+02 5.5966998291e+02 5.5968103027e+02 5.5969201660e+02 5.5971002197e+02 5.5971801758e+02 5.5972198486e+02 5.5973699951e+02 5.5976202393e+02 5.5978601074e+02 5.5979699707e+02 5.5978100586e+02 5.5975799561e+02 5.5974102783e+02 5.5969897461e+02 5.5965698242e+02 5.5958398438e+02 5.5952697754e+02 5.5950701904e+02 5.5951501465e+02 5.5953698730e+02 5.5956298828e+02 5.5954998779e+02 5.5950299072e+02 5.5950897217e+02 5.5949798584e+02 5.5949102783e+02
5.5899902344e+02 5.5900897217e+02 5.5899102783e+02 5.5901000977e+02 5.5905798340e+02 5.5909002686e+02 5.5911297607e+02 5.5918103027e+02 5.5933398438e+02 5.5935900879e+02 5.5926397705e+02 5.5927899170e+02 5.5933001709e+02 5.5939202881e+02 5.5942797852e+02 5.5947802734e+02 5.5953802490e+02 5.5959497070e+02 5.5962402344e+02 5.5964599609e+02 5.5966497803e+02 5.5967102051e+02 5.5967602539e+02 5.5969000244e+02 5.5969396973e+02 5.5969299316e+02 5.5970001221e+02 5.5971502686e+02 5.5973699951e+02 5.5975299072e+02 5.5975299072e+02 5.5971502686e+02 5.5968902588e+02 5.5966900635e+02 5.5966198730e+02 5.5959698486e+02 5.5953497314e+02 5.5949597168e+02 5.5948602295e+02 5.5950500488e+02 5.5951800537e+02 5.5951702881e+02 5.5948797607e+02 5.5948999023e+02 5.5947900391e+02 5.5945501709e+02
5.5894500732e+02 5.5895599365e+02 5.5895300293e+02 5.5897100830e+02 5.5901098633e+02 5.5904498291e+02 5.5908300781e+02 5.5914202881e+02 5.5924102783e+02 5.5926300049e+02 5.5923602295e+02 5.5924798584e+02 5.5928302002e+02 5.5933099365e+02 5.5937500000e+02 5.5941900635e+02 5.5947302246e+02 5.5954199219e+02 5.5960101318e+02 5.5961999512e+02 5.5963702393e+02 5.5964599609e+02 5.5965301514e+02 5.5966900635e+02 5.5966998291e+02 5.5966400146e+02 5.5966101074e+02 5.5966497803e+02 5.5968298340e+02 5.5970098877e+02 5.5970898438e+02 5.5967102051e+02 5.5964697266e+02 5.5964501953e+02 5.5966802979e+02 5.5962402344e+02 5.5955700684e+02 5.5950000000e+02 5.5947198486e+02 5.5947998047e+02 5.5947998047e+02 5.5948498535e+02 5.5947998047e+02 5.5946997070e+02 5.5945397949e+02 5.5942901611e+02
