TESTSERVER/9/14.asc
NCOLS 100
NROWS 100
XLLCORNER 7.9497500000e+03
YLLCORNER 2.8925025000e+05
CELLSIZE 5.0000000000e-01
NODATA_VALUE -9.9990000000e+03
[rows 80 to 99 of 100, columns 46 to 91 of 100]
5.5891998291e+02 5.5893298340e+02 5.5894702148e+02 5.5894897461e+02 5.5896197510e+02 5.5899499512e+02 5.5905200195e+02 5.5911102295e+02 5.5917498779e+02 5.5921002197e+02 5.5922497559e+02 5.5923297119e+02 5.5925500488e+02 5.5927398682e+02 5.5930603027e+02 5.5936499023e+02 5.5942602539e+02 5.5950000000e+02 5.5955102539e+02 5.5957000732e+02 5.5958898926e+02 5.5960699463e+02 5.5962298584e+02 5.5964202881e+02 5.5964501953e+02 5.5963201904e+02 5.5961401367e+02 5.5962597656e+02 5.5964099121e+02 5.5965600586e+02 5.5965600586e+02 5.5964599609e+02 5.5963299561e+02 5.5963299561e+02 5.5964398193e+02 5.5964202881e+02 5.5958502197e+02 5.5950402832e+02 5.5943798828e+02 5.5943402100e+02 5.5944500732e+02 5.5945599365e+02 5.5945098877e+02 5.5945001221e+02 5.5943902588e+02 5.5942199707e+02
5.5890002441e+02 5.5892297363e+02 5.5894000244e+02 5.5894299316e+02 5.5895300293e+02 5.5898400879e+02 5.5903100586e+02 5.5908801270e+02 5.5914001465e+02 5.5918597412e+02 5.5920397949e+02 5.5919299316e+02 5.5921197510e+02 5.5924401855e+02 5.5927600098e+02 5.5931298828e+02 5.5935900879e+02 5.5942901611e+02 5.5949499512e+02 5.5952301025e+02 5.5953900146e+02 5.5955700684e+02 5.5958502197e+02 5.5961199951e+02 5.5961700439e+02 5.5960699463e+02 5.5959399414e+02 5.5959497070e+02 5.5962500000e+02 5.5965600586e+02 5.5965502930e+02 5.5964501953e+02 5.5963500977e+02 5.5961901855e+02 5.5961297607e+02 5.5963098145e+02 5.5960302734e+02 5.5952697754e+02 5.5944897461e+02 5.5942199707e+02 5.5942602539e+02 5.5942199707e+02 5.5941998291e+02 5.5942498779e+02 5.5941802979e+02 5.5940197754e+02
5.5887500000e+02 5.5890197754e+02 5.5892297363e+02 5.5893103027e+02 5.5894702148e+02 5.5897399902e+02 5.5900500488e+02 5.5905401611e+02 5.5908697510e+02 5.5912597656e+02 5.5915802002e+02 5.5916198730e+02 5.5919897461e+02 5.5924597168e+02 5.5927099609e+02 5.5928997803e+02 5.5933697510e+02 5.5940100098e+02 5.5945202637e+02 5.5948602295e+02 5.5949798584e+02 5.5951000977e+02 5.5954199219e+02 5.5956597900e+02 5.5956896973e+02 5.5957397461e+02 5.5958398438e+02 5.5957299805e+02 5.5960198975e+02 5.5964202881e+02 5.5963897705e+02 5.5962597656e+02 5.5962402344e+02 5.5960900879e+02 5.5959899902e+02 5.5961999512e+02 5.5961499023e+02 5.5956201172e+02 5.5948602295e+02 5.5944897461e+02 5.5943200684e+02 5.5940600586e+02 5.5938500977e+02 5.5938897705e+02 5.5938500977e+02 5.5938000488e+02
5.5886297607e+02 5.5889202881e+02 5.5891198730e+02 5.5892199707e+02 5.5893499756e+02 5.5895098877e+02 5.5897399902e+02 5.5901300049e+02 5.5903100586e+02 5.5906298828e+02 5.5910797119e+02 5.5913800049e+02 5.5918597412e+02 5.5923199463e+02 5.5924597168e+02 5.5927099609e+02 5.5932800293e+02 5.5938702393e+02 5.5941699219e+02 5.5945001221e+02 5.5946002197e+02 5.5946899414e+02 5.5950402832e+02 5.5952001953e+02 5.5952099609e+02 5.5953399658e+02 5.5956597900e+02 5.5955297852e+02 5.5957202148e+02 5.5960498047e+02 5.5960101318e+02 5.5958801270e+02 5.5959399414e+02 5.5958801270e+02 5.5958300781e+02 5.5958801270e+02 5.5959399414e+02 5.5957299805e+02 5.5951702881e+02 5.5946197510e+02 5.5942999268e+02 5.5939202881e+02 5.5935302734e+02 5.5935998535e+02 5.5936102295e+02 5.5936700439e+02
5.5884899902e+02 5.5888201904e+02 5.5891497803e+02 5.5893200684e+02 5.5894097900e+02 5.5894097900e+02 5.5895501709e+02 5.5898901367e+02 5.5900897217e+02 5.5903900146e+02 5.5909301758e+02 5.5913598633e+02 5.5917401123e+02 5.5921197510e+02 5.5923699951e+02 5.5926300049e+02 5.5932000732e+02 5.5936102295e+02 5.5937701416e+02 5.5940600586e+02 5.5941998291e+02 5.5943298340e+02 5.5946398926e+02 5.5948400879e+02 5.5948797607e+02 5.5950000000e+02 5.5953100586e+02 5.5953002930e+02 5.5954199219e+02 5.5956402588e+02 5.5956597900e+02 5.5955200195e+02 5.5955700684e+02 5.5955902100e+02 5.5954901123e+02 5.5953900146e+02 5.5955401611e+02 5.5956799316e+02 5.5954797363e+02 5.5946099854e+02 5.5939599609e+02 5.5935900879e+02 5.5933801270e+02 5.5933697510e+02 5.5933599854e+02 5.5934002686e+02
5.5882299805e+02 5.5885101318e+02 5.5887799072e+02 5.5890100098e+02 5.5891900635e+02 5.5892797852e+02 5.5893798828e+02 5.5896600342e+02 5.5899902344e+02 5.5902899170e+02 5.5908099365e+02 5.5913299561e+02 5.5916900635e+02 5.5920202637e+02 5.5922198486e+02 5.5926397705e+02 5.5931298828e+02 5.5933300781e+02 5.5934997559e+02 5.5937298584e+02 5.5938397217e+02 5.5939202881e+02 5.5941101074e+02 5.5945001221e+02 5.5947900391e+02 5.5949902344e+02 5.5953100586e+02 5.5952301025e+02 5.5952301025e+02 5.5953497314e+02 5.5953302002e+02 5.5951397705e+02 5.5952398682e+02 5.5954302979e+02 5.5954699707e+02 5.5952697754e+02 5.5951898193e+02 5.5952398682e+02 5.5953698730e+02 5.5947601318e+02 5.5938299561e+02 5.5933697510e+02 5.5930902100e+02 5.5931097412e+02 5.5931896973e+02 5.5931201172e+02
5.5880401611e+02 5.5882098389e+02 5.5883502197e+02 5.5885797119e+02 5.5889398193e+02 5.5891699219e+02 5.5892999268e+02 5.5895397949e+02 5.5898498535e+02 5.5901501465e+02 5.5906500244e+02 5.5911401367e+02 5.5914697266e+02 5.5917901611e+02 5.5920501709e+02 5.5925598145e+02 5.5929699707e+02 5.5930798340e+02 5.5932501221e+02 5.5934100342e+02 5.5934600830e+02 5.5935900879e+02 5.5939398193e+02 5.5944201660e+02 5.5946600342e+02 5.5948101807e+02 5.5951501465e+02 5.5950500488e+02 5.5950299072e+02 5.5951000977e+02 5.5950500488e+02 5.5948901367e+02 5.5950598145e+02 5.5954699707e+02 5.5956201172e+02 5.5952899170e+02 5.5950097656e+02 5.5949401855e+02 5.5952502441e+02 5.5951898193e+02 5.5942602539e+02 5.5934802246e+02 5.5928399658e+02 5.5928198242e+02 5.5929602051e+02 5.5928302002e+02
5.5879101563e+02 5.5880798340e+02 5.5881402588e+02 5.5883300781e+02 5.5887500000e+02 5.5890399170e+02 5.5892102051e+02 5.5893597412e+02 5.5896502686e+02 5.5900097656e+02 5.5904699707e+02 5.5908697510e+02 5.5912298584e+02 5.5916802979e+02 5.5919598389e+02 5.5923797607e+02 5.5926800537e+02 5.5927502441e+02 5.5928497314e+02 5.5930401611e+02 5.5931402588e+02 5.5933697510e+02 5.5939398193e+02 5.5943499756e+02 5.5943103027e+02 5.5944097900e+02 5.5949499512e+02 5.5948498535e+02 5.5947802734e+02 5.5948400879e+02 5.5947802734e+02 5.5946099854e+02 5.5946997070e+02 5.5951098633e+02 5.5953802490e+02 5.5951898193e+02 5.5949499512e+02 5.5948199463e+02 5.5949499512e+02 5.5951800537e+02 5.5946301270e+02 5.5938598633e+02 5.5929602051e+02 5.5928601074e+02 5.5928698730e+02 5.5926000977e+02
5.5877398682e+02 5.5880798340e+02 5.5881799316e+02 5.5883001709e+02 5.5886297607e+02 5.5889001465e+02 5.5890399170e+02 5.5891497803e+02 5.5894598389e+02 5.5898901367e+02 5.5903002930e+02 5.5906097412e+02 5.5909802246e+02 5.5915301514e+02 5.5917700195e+02 5.5919702148e+02 5.5921899414e+02 5.5922998047e+02 5.5923400879e+02 5.5926300049e+02 5.5927899170e+02 5.5930999756e+02 5.5938800049e+02 5.5941900635e+02 5.5939501953e+02 5.5940100098e+02 5.5947698975e+02 5.5946899414e+02 5.5945501709e+02 5.5945800781e+02 5.5945898438e+02 5.5943798828e+02 5.5942797852e+02 5.5944097900e+02 5.5946502686e+02 5.5947698975e+02 5.5948199463e+02 5.5947998047e+02 5.5945300293e+02 5.5946099854e+02 5.5946801758e+02 5.5944097900e+02 5.5935400391e+02 5.5930603027e+02 5.5928302002e+02 5.5923901367e+02
5.5876501465e+02 5.5879400635e+02 5.5881097412e+02 5.5882897949e+02 5.5885699463e+02 5.5888098145e+02 5.5889501953e+02 5.5889898682e+02 5.5892498779e+02 5.5897198486e+02 5.5901501465e+02 5.5904498291e+02 5.5908001709e+02 5.5912799072e+02 5.5914202881e+02 5.5916302490e+02 5.5918402100e+02 5.5919396973e+02 5.5921197510e+02 5.5925701904e+02 5.5927899170e+02 5.5929998779e+02 5.5934698486e+02 5.5938702393e+02 5.5939501953e+02 5.5939398193e+02 5.5942797852e+02 5.5942602539e+02 5.5942199707e+02 5.5943701172e+02 5.5945202637e+02 5.5944299316e+02 5.5942102051e+02 5.5941601563e+02 5.5945001221e+02 5.5945800781e+02 5.5946197510e+02 5.5946997070e+02 5.5945697021e+02 5.5944201660e+02 5.5945300293e+02 5.5945697021e+02 5.5939398193e+02 5.5931201172e+02 5.5927697754e+02 5.5923602295e+02
5.5874401855e+02 5.5877197266e+02 5.5880700684e+02 5.5882897949e+02 5.5885900879e+02 5.5888098145e+02 5.5888897705e+02 5.5888897705e+02 5.5891400146e+02 5.5896301270e+02 5.5900097656e+02 5.5902099609e+02 5.5904797363e+02 5.5908398438e+02 5.5909399414e+02 5.5911901855e+02 5.5914599609e+02 5.5916198730e+02 5.5918701172e+02 5.5923498535e+02 5.5926098633e+02 5.5927600098e+02 5.5930401611e+02 5.5934301758e+02 5.5936297607e+02 5.5936401367e+02 5.5937902832e+02 5.5938000488e+02 5.5937799072e+02 5.5939501953e+02 5.5941802979e+02 5.5943298340e+02 5.5941400146e+02 5.5940002441e+02 5.5943597412e+02 5.5945300293e+02 5.5944299316e+02 5.5944000244e+02 5.5944299316e+02 5.5941400146e+02 5.5940899658e+02 5.5943499756e+02 5.5942999268e+02 5.5933599854e+02 5.5927600098e+02 5.5922698975e+02
5.5874102783e+02 5.5877600098e+02 5.5880798340e+02 5.5882397461e+02 5.5885601807e+02 5.5887701416e+02 5.5887701416e+02 5.5888098145e+02 5.5890899658e+02 5.5896002197e+02 5.5899902344e+02 5.5901800537e+02 5.5902899170e+02 5.5904699707e+02 5.5906201172e+02 5.5908300781e+02 5.5911199951e+02 5.5914398193e+02 5.5917199707e+02 5.5920599365e+02 5.5922698975e+02 5.5924401855e+02 5.5927197266e+02 5.5930200195e+02 5.5931597900e+02 5.5932299805e+02 5.5933502197e+02 5.5933099365e+02 5.5933300781e+02 5.5935302734e+02 5.5938000488e+02 5.5939801025e+02 5.5939001465e+02 5.5938500977e+02 5.5941699219e+02 5.5944201660e+02 5.5942901611e+02 5.5941802979e+02 5.5941998291e+02 5.5939398193e+02 5.5937799072e+02 5.5939898682e+02 5.5943298340e+02 5.5937298584e+02 5.5928802490e+02 5.5920202637e+02
5.5871899414e+02 5.5876000977e+02 5.5878698730e+02 5.5879901123e+02 5.5883398438e+02 5.5885998535e+02 5.5885198975e+02 5.5886499023e+02 5.5890600586e+02 5.5896398926e+02 5.5899298096e+02 5.5902600098e+02 5.5903497314e+02 5.5904101563e+02 5.5905798340e+02 5.5906701660e+02 5.5909002686e+02 5.5912902832e+02 5.5915600586e+02 5.5918200684e+02 5.5920300293e+02 5.5922900391e+02 5.5926098633e+02 5.5927099609e+02 5.5927398682e+02 5.5928002930e+02 5.5928997803e+02 5.5929699707e+02 5.5930798340e+02 5.5933300781e+02 5.5935400391e+02 5.5935198975e+02 5.5934698486e+02 5.5935998535e+02 5.5939099121e+02 5.5941101074e+02 5.5941198730e+02 5.5940899658e+02 5.5939599609e+02 5.5937701416e+02 5.5935900879e+02 5.5935998535e+02 5.5936499023e+02 5.5938800049e+02 5.5931799316e+02 5.5920898438e+02
5.5866497803e+02 5.5870202637e+02 5.5873999023e+02 5.5876202393e+02 5.5880401611e+02 5.5883599854e+02 5.5884197998e+02 5.5885101318e+02 5.5889099121e+02 5.5894799805e+02 5.5898400879e+02 5.5901000977e+02 5.5902197266e+02 5.5903198242e+02 5.5903601074e+02 5.5904400635e+02 5.5907598877e+02 5.5911102295e+02 5.5913800049e+02 5.5916198730e+02 5.5918200684e+02 5.5921002197e+02 5.5923901367e+02 5.5923999023e+02 5.5923797607e+02 5.5923797607e+02 5.5925598145e+02 5.5927801514e+02 5.5929602051e+02 5.5932598877e+02 5.5933599854e+02 5.5933197021e+02 5.5932598877e+02 5.5933502197e+02 5.5935101318e+02 5.5935699463e+02 5.5935797119e+02 5.5936102295e+02 5.5936102295e+02 5.5935601807e+02 5.5933898926e+02 5.5932800293e+02 5.5932897949e+02 5.5938500977e+02 5.5936700439e+02 5.5927099609e+02
5.5862298584e+02 5.5865502930e+02 5.5869097900e+02 5.5872601318e+02 5.5877398682e+02 5.5880902100e+02 5.5882598877e+02 5.5883898926e+02 5.5887500000e+02 5.5892602539e+02 5.5897900391e+02 5.5899902344e+02 5.5902502441e+02 5.5905297852e+02 5.5903802490e+02 5.5904498291e+02 5.5908001709e+02 5.5910601807e+02 5.5912597656e+02 5.5915399170e+02 5.5916998291e+02 5.5919097900e+02 5.5921398926e+02 5.5921697998e+02 5.5921502686e+02 5.5921502686e+02 5.5923101807e+02 5.5925000000e+02 5.5927398682e+02 5.5931201172e+02 5.5932702637e+02 5.5932501221e+02 5.5931799316e+02 5.5931701660e+02 5.5931298828e+02 5.5930798340e+02 5.5931097412e+02 5.5930700684e+02 5.5931097412e+02 5.5933697510e+02 5.5933197021e+02 5.5931097412e+02 5.5928900146e+02 5.5934002686e+02 5.5936401367e+02 5.5930999756e+02
5.5862701416e+02 5.5865802002e+02 5.5866699219e+02 5.5869299316e+02 5.5872900391e+02 5.5876098633e+02 5.5878997803e+02 5.5882598877e+02 5.5887500000e+02 5.5892498779e+02 5.5897399902e+02 5.5899798584e+02 5.5905999756e+02 5.5912402344e+02 5.5907000732e+02 5.5904498291e+02 5.5908099365e+02 5.5910400391e+02 5.5911401367e+02 5.5914501953e+02 5.5916101074e+02 5.5917797852e+02 5.5919299316e+02 5.5919500732e+02 5.5918402100e+02 5.5918200684e+02 5.5920202637e+02 5.5922698975e+02 5.5925799561e+02 5.5929602051e+02 5.5931298828e+02 5.5930999756e+02 5.5930102539e+02 5.5929101563e+02 5.5927801514e+02 5.5928100586e+02 5.5929302979e+02 5.5928198242e+02 5.5927301025e+02 5.5929602051e+02 5.5930401611e+02 5.5929498291e+02 5.5926501465e+02 5.5927801514e+02 5.5931402588e+02 5.5930999756e+02
5.5865997314e+02 5.5867199707e+02 5.5864099121e+02 5.5867498779e+02 5.5869799805e+02 5.5872497559e+02 5.5875897217e+02 5.5882501221e+02 5.5889099121e+02 5.5894201660e+02 5.5896502686e+02 5.5898797607e+02 5.5907098389e+02 5.5915997314e+02 5.5907299805e+02 5.5903698730e+02 5.5906701660e+02 5.5909301758e+02 5.5909497070e+02 5.5911798096e+02 5.5914300537e+02 5.5915997314e+02 5.5915997314e+02 5.5916802979e+02 5.5915100098e+02 5.5915100098e+02 5.5917797852e+02 5.5920202637e+02 5.5923498535e+02 5.5926202393e+02 5.5927502441e+02 5.5928497314e+02 5.5928002930e+02 5.5926501465e+02 5.5926098633e+02 5.5927301025e+02 5.5927600098e+02 5.5926397705e+02 5.5926800537e+02 5.5925402832e+02 5.5926501465e+02 5.5926898193e+02 5.5923999023e+02 5.5922198486e+02 5.5925500488e+02 5.5928601074e+02
5.5866998291e+02 5.5866198730e+02 5.5865002441e+02 5.5868103027e+02 5.5870202637e+02 5.5872100830e+02 5.5874798584e+02 5.5881896973e+02 5.5889202881e+02 5.5894201660e+02 5.5896899414e+02 5.5896899414e+02 5.5898699951e+02 5.5904400635e+02 5.5902801514e+02 5.5902502441e+02 5.5906097412e+02 5.5908697510e+02 5.5908801270e+02 5.5910198975e+02 5.5911901855e+02 5.5913201904e+02 5.5913098145e+02 5.5914202881e+02 5.5913800049e+02 5.5914801025e+02 5.5915502930e+02 5.5916699219e+02 5.5920098877e+02 5.5922998047e+02 5.5923699951e+02 5.5924700928e+02 5.5924102783e+02 5.5923101807e+02 5.5923498535e+02 5.5924700928e+02 5.5924499512e+02 5.5923901367e+02 5.5924902344e+02 5.5923797607e+02 5.5925598145e+02 5.5925897217e+02 5.5922399902e+02 5.5920800781e+02 5.5921899414e+02 5.5923400879e+02
5.5864898682e+02 5.5863800049e+02 5.5865899658e+02 5.5868200684e+02 5.5870898438e+02 5.5874298096e+02 5.5877600098e+02 5.5882299805e+02 5.5888000488e+02 5.5892797852e+02 5.5896398926e+02 5.5896099854e+02 5.5895202637e+02 5.5897900391e+02 5.5899102783e+02 5.5899798584e+02 5.5903198242e+02 5.5905297852e+02 5.5906701660e+02 5.5908398438e+02 5.5908898926e+02 5.5909497070e+02 5.5910101318e+02 5.5910998535e+02 5.5911700439e+02 5.5913201904e+02 5.5913397217e+02 5.5914599609e+02 5.5917700195e+02 5.5920300293e+02 5.5920001221e+02 5.5920397949e+02 5.5920001221e+02 5.5919500732e+02 5.5920898438e+02 5.5922100830e+02 5.5921801758e+02 5.5921697998e+02 5.5923101807e+02 5.5921801758e+02 5.5922998047e+02 5.5924102783e+02 5.5921301270e+02 5.5920098877e+02 5.5918798828e+02 5.5918597412e+02
5.5862500000e+02 5.5863299561e+02 5.5865502930e+02 5.5867401123e+02 5.5870300293e+02 5.5874401855e+02 5.5878997803e+02 5.5881701660e+02 5.5885198975e+02 5.5888897705e+02 5.5892901611e+02 5.5894598389e+02 5.5894799805e+02 5.5896398926e+02 5.5898199463e+02 5.5899102783e+02 5.5901202393e+02 5.5902099609e+02 5.5903002930e+02 5.5905200195e+02 5.5905798340e+02 5.5906402588e+02 5.5907397461e+02 5.5907897949e+02 5.5909399414e+02 5.5911401367e+02 5.5911999512e+02 5.5912799072e+02 5.5914898682e+02 5.5916699219e+02 5.5916601563e+02 5.5917199707e+02 5.5917297363e+02 5.5917401123e+02 5.5919598389e+02 5.5920697021e+02 5.5920202637e+02 5.5919897461e+02 5.5920898438e+02 5.5920599365e+02 5.5921002197e+02 5.5921801758e+02 5.5919598389e+02 5.5918701172e+02 5.5916497803e+02 5.5915100098e+02
