TESTSERVER/9/14.asc
NCOLS 100
NROWS 100
XLLCORNER 7.9497500000e+03
YLLCORNER 2.8925025000e+05
CELLSIZE 5.0000000000e-01
NODATA_VALUE -9.9990000000e+03
[rows 20 to 39 of 100, columns 46 to 91 of 100]
5.6106201172e+02 5.6108001709e+02 5.6106097412e+02 5.6106298828e+02 5.6104797363e+02 5.6108300781e+02 5.6123101807e+02 5.6147302246e+02 5.6157897949e+02 5.6154498291e+02 5.6152099609e+02 5.6150701904e+02 5.6149102783e+02 5.6150097656e+02 5.6152099609e+02 5.6152697754e+02 5.6150897217e+02 5.6153399658e+02 5.6162597656e+02 5.6160302734e+02 5.6161499023e+02 5.6169598389e+02 5.6182800293e+02 5.6191998291e+02 5.6194299316e+02 5.6194000244e+02 5.6191497803e+02 5.6193200684e+02 5.6195501709e+02 5.6198498535e+02 5.6201098633e+02 5.6204602051e+02 5.6203997803e+02 5.6202502441e+02 5.6198999023e+02 5.6193103027e+02 5.6191699219e+02 5.6191302490e+02 5.6192102051e+02 5.6194897461e+02 5.6197198486e+02 5.6196197510e+02 5.6185797119e+02 5.6174102783e+02 5.6164501953e+02 5.6157299805e+02
5.6101898193e+02 5.6105902100e+02 5.6107098389e+02 5.6103997803e+02 5.6101800537e+02 5.6102600098e+02 5.6108898926e+02 5.6125299072e+02 5.6145001221e+02 5.6153497314e+02 5.6151599121e+02 5.6150799561e+02 5.6147900391e+02 5.6147497559e+02 5.6148999023e+02 5.6150500488e+02 5.6148797607e+02 5.6148199463e+02 5.6153601074e+02 5.6154302979e+02 5.6153900146e+02 5.6158197021e+02 5.6174200439e+02 5.6188098145e+02 5.6191198730e+02 5.6190698242e+02 5.6190301514e+02 5.6192199707e+02 5.6191900635e+02 5.6190100098e+02 5.6189697266e+02 5.6194201660e+02 5.6197399902e+02 5.6197198486e+02 5.6194897461e+02 5.6192199707e+02 5.6192700195e+02 5.6194702148e+02 5.6196502686e+02 5.6196697998e+02 5.6196099854e+02 5.6191900635e+02 5.6179101563e+02 5.6164599609e+02 5.6155603027e+02 5.6150000000e+02
5.6097802734e+02 5.6101501465e+02 5.6104998779e+02 5.6101800537e+02 5.6099700928e+02 5.6099200439e+02 5.6100097656e+02 5.6107702637e+02 5.6126599121e+02 5.6145501709e+02 5.6150598145e+02 5.6150799561e+02 5.6146197510e+02 5.6144000244e+02 5.6145300293e+02 5.6147198486e+02 5.6146997070e+02 5.6145202637e+02 5.6146099854e+02 5.6150201416e+02 5.6150897217e+02 5.6153198242e+02 5.6166198730e+02 5.6181500244e+02 5.6187500000e+02 5.6189001465e+02 5.6189898682e+02 5.6193103027e+02 5.6192401123e+02 5.6189001465e+02 5.6187097168e+02 5.6189801025e+02 5.6192498779e+02 5.6193798828e+02 5.6194000244e+02 5.6195300293e+02 5.6198602295e+02 5.6201098633e+02 5.6198797607e+02 5.6193200684e+02 5.6189099121e+02 5.6183001709e+02 5.6170501709e+02 5.6157800293e+02 5.6149700928e+02 5.6145001221e+02
5.6093499756e+02 5.6095697021e+02 5.6098901367e+02 5.6099200439e+02 5.6097802734e+02 5.6096398926e+02 5.6096301270e+02 5.6097900391e+02 5.6109002686e+02 5.6130798340e+02 5.6146997070e+02 5.6150897217e+02 5.6145898438e+02 5.6140698242e+02 5.6141900635e+02 5.6143798828e+02 5.6144097900e+02 5.6143103027e+02 5.6142199707e+02 5.6146697998e+02 5.6148297119e+02 5.6149298096e+02 5.6157397461e+02 5.6172900391e+02 5.6182800293e+02 5.6188098145e+02 5.6190399170e+02 5.6193103027e+02 5.6193499756e+02 5.6191497803e+02 5.6190197754e+02 5.6190802002e+02 5.6191900635e+02 5.6193597412e+02 5.6193902588e+02 5.6196697998e+02 5.6200201416e+02 5.6200500488e+02 5.6192498779e+02 5.6181701660e+02 5.6175701904e+02 5.6169897461e+02 5.6160797119e+02 5.6151300049e+02 5.6144799805e+02 5.6141302490e+02
5.6090197754e+02 5.6092700195e+02 5.6094799805e+02 5.6097100830e+02 5.6096197510e+02 5.6093701172e+02 5.6094897461e+02 5.6093298340e+02 5.6096502686e+02 5.6113500977e+02 5.6134497070e+02 5.6146899414e+02 5.6147399902e+02 5.6140502930e+02 5.6138000488e+02 5.6140197754e+02 5.6141198730e+02 5.6141497803e+02 5.6140197754e+02 5.6141497803e+02 5.6142700195e+02 5.6143597412e+02 5.6147100830e+02 5.6161102295e+02 5.6176300049e+02 5.6188598633e+02 5.6195001221e+02 5.6192602539e+02 5.6192700195e+02 5.6192901611e+02 5.6190997314e+02 5.6191198730e+02 5.6192797852e+02 5.6193902588e+02 5.6189099121e+02 5.6186602783e+02 5.6185998535e+02 5.6181799316e+02 5.6166497803e+02 5.6160797119e+02 5.6156500244e+02 5.6153802490e+02 5.6151300049e+02 5.6145697021e+02 5.6141198730e+02 5.6138800049e+02
5.6084301758e+02 5.6088000488e+02 5.6090399170e+02 5.6092199707e+02 5.6093798828e+02 5.6093298340e+02 5.6092700195e+02 5.6090600586e+02 5.6089697266e+02 5.6100500488e+02 5.6118902588e+02 5.6136700439e+02 5.6145697021e+02 5.6143798828e+02 5.6137500000e+02 5.6135302734e+02 5.6137500000e+02 5.6138800049e+02 5.6137597656e+02 5.6138000488e+02 5.6139697266e+02 5.6142297363e+02 5.6143200684e+02 5.6150097656e+02 5.6165502930e+02 5.6183697510e+02 5.6196301270e+02 5.6196099854e+02 5.6194598389e+02 5.6194000244e+02 5.6192602539e+02 5.6191198730e+02 5.6187500000e+02 5.6180200195e+02 5.6168798828e+02 5.6159802246e+02 5.6153302002e+02 5.6146398926e+02 5.6141699219e+02 5.6140997314e+02 5.6139801025e+02 5.6139898682e+02 5.6141802979e+02 5.6141802979e+02 5.6140100098e+02 5.6138800049e+02
5.6079602051e+02 5.6083300781e+02 5.6086602783e+02 5.6088299561e+02 5.6090197754e+02 5.6091400146e+02 5.6090997314e+02 5.6089697266e+02 5.6087902832e+02 5.6091497803e+02 5.6101702881e+02 5.6118200684e+02 5.6134698486e+02 5.6142999268e+02 5.6138800049e+02 5.6133599854e+02 5.6134600830e+02 5.6136199951e+02 5.6135302734e+02 5.6134899902e+02 5.6135498047e+02 5.6137597656e+02 5.6138397217e+02 5.6140600586e+02 5.6152801514e+02 5.6172100830e+02 5.6192199707e+02 5.6198999023e+02 5.6197802734e+02 5.6194500732e+02 5.6189898682e+02 5.6183197021e+02 5.6173101807e+02 5.6161297607e+02 5.6147302246e+02 5.6138201904e+02 5.6132098389e+02 5.6127899170e+02 5.6127398682e+02 5.6128100586e+02 5.6128802490e+02 5.6130700684e+02 5.6134698486e+02 5.6137402344e+02 5.6137402344e+02 5.6136602783e+02
5.6076202393e+02 5.6079101563e+02 5.6082397461e+02 5.6084600830e+02 5.6086102295e+02 5.6087500000e+02 5.6088897705e+02 5.6088299561e+02 5.6086700439e+02 5.6086199951e+02 5.6089599609e+02 5.6100598145e+02 5.6121197510e+02 5.6139202881e+02 5.6141497803e+02 5.6134399414e+02 5.6131402588e+02 5.6131597900e+02 5.6132897949e+02 5.6132202148e+02 5.6131097412e+02 5.6131597900e+02 5.6133697510e+02 5.6133502197e+02 5.6140997314e+02 5.6157702637e+02 5.6182598877e+02 5.6198699951e+02 5.6198498535e+02 5.6191198730e+02 5.6179302979e+02 5.6165399170e+02 5.6152301025e+02 5.6141497803e+02 5.6131896973e+02 5.6126898193e+02 5.6124298096e+02 5.6123797607e+02 5.6122998047e+02 5.6121600342e+02 5.6123101807e+02 5.6125799561e+02 5.6129901123e+02 5.6132897949e+02 5.6133197021e+02 5.6131896973e+02
5.6074798584e+02 5.6076000977e+02 5.6078302002e+02 5.6081201172e+02 5.6082098389e+02 5.6083697510e+02 5.6087097168e+02 5.6087402344e+02 5.6085498047e+02 5.6084399414e+02 5.6084497070e+02 5.6088397217e+02 5.6105603027e+02 5.6127502441e+02 5.6140301514e+02 5.6136901855e+02 5.6129400635e+02 5.6126702881e+02 5.6131500244e+02 5.6130102539e+02 5.6128002930e+02 5.6127099609e+02 5.6127801514e+02 5.6130902100e+02 5.6134100342e+02 5.6145397949e+02 5.6170202637e+02 5.6188000488e+02 5.6187500000e+02 5.6175299072e+02 5.6154400635e+02 5.6142297363e+02 5.6132202148e+02 5.6127301025e+02 5.6125598145e+02 5.6123901367e+02 5.6122302246e+02 5.6121697998e+02 5.6122302246e+02 5.6120397949e+02 5.6121002197e+02 5.6123199463e+02 5.6127398682e+02 5.6129199219e+02 5.6128601074e+02 5.6125799561e+02
5.6073199463e+02 5.6073602295e+02 5.6073498535e+02 5.6075598145e+02 5.6077600098e+02 5.6079998779e+02 5.6082000732e+02 5.6085302734e+02 5.6084698486e+02 5.6083898926e+02 5.6082397461e+02 5.6080297852e+02 5.6089697266e+02 5.6108099365e+02 5.6126898193e+02 5.6138800049e+02 5.6132501221e+02 5.6122900391e+02 5.6124700928e+02 5.6126800537e+02 5.6125500488e+02 5.6124499512e+02 5.6125897217e+02 5.6128997803e+02 5.6130297852e+02 5.6136199951e+02 5.6150897217e+02 5.6162701416e+02 5.6160699463e+02 5.6149200439e+02 5.6136199951e+02 5.6128497314e+02 5.6124798584e+02 5.6124200439e+02 5.6124401855e+02 5.6123199463e+02 5.6120397949e+02 5.6117401123e+02 5.6117901611e+02 5.6118499756e+02 5.6118798828e+02 5.6119598389e+02 5.6120898438e+02 5.6121197510e+02 5.6119702148e+02 5.6116900635e+02
5.6068798828e+02 5.6070300293e+02 5.6070800781e+02 5.6071099854e+02 5.6070898438e+02 5.6073602295e+02 5.6077301025e+02 5.6080999756e+02 5.6082000732e+02 5.6081701660e+02 5.6080200195e+02 5.6076800537e+02 5.6079797363e+02 5.6090600586e+02 5.6108300781e+02 5.6131799316e+02 5.6135101318e+02 5.6124401855e+02 5.6119799805e+02 5.6123101807e+02 5.6122998047e+02 5.6121801758e+02 5.6122198486e+02 5.6124102783e+02 5.6124700928e+02 5.6127697754e+02 5.6133801270e+02 5.6139001465e+02 5.6137500000e+02 5.6131402588e+02 5.6126397705e+02 5.6123901367e+02 5.6122302246e+02 5.6122302246e+02 5.6121502686e+02 5.6120001221e+02 5.6117797852e+02 5.6115002441e+02 5.6115002441e+02 5.6116198730e+02 5.6116802979e+02 5.6116101074e+02 5.6113702393e+02 5.6111199951e+02 5.6109100342e+02 5.6107800293e+02
5.6063299561e+02 5.6067199707e+02 5.6069702148e+02 5.6069201660e+02 5.6067602539e+02 5.6069897461e+02 5.6073699951e+02 5.6075799561e+02 5.6078002930e+02 5.6078802490e+02 5.6077697754e+02 5.6075598145e+02 5.6075097656e+02 5.6078802490e+02 5.6089801025e+02 5.6115997314e+02 5.6131097412e+02 5.6127600098e+02 5.6119097900e+02 5.6119598389e+02 5.6120001221e+02 5.6119097900e+02 5.6117901611e+02 5.6118298340e+02 5.6118902588e+02 5.6120697021e+02 5.6122399902e+02 5.6123797607e+02 5.6123797607e+02 5.6122998047e+02 5.6123101807e+02 5.6121197510e+02 5.6119201660e+02 5.6118902588e+02 5.6118298340e+02 5.6117498779e+02 5.6116302490e+02 5.6114398193e+02 5.6113500977e+02 5.6114099121e+02 5.6115002441e+02 5.6113800049e+02 5.6108898926e+02 5.6103997803e+02 5.6101397705e+02 5.6101397705e+02
5.6058697510e+02 5.6063800049e+02 5.6066198730e+02 5.6065997314e+02 5.6065197754e+02 5.6067700195e+02 5.6070697021e+02 5.6070098877e+02 5.6073498535e+02 5.6076300049e+02 5.6075097656e+02 5.6075500488e+02 5.6073101807e+02 5.6072302246e+02 5.6076202393e+02 5.6093701172e+02 5.6115502930e+02 5.6125500488e+02 5.6122900391e+02 5.6116998291e+02 5.6115502930e+02 5.6115600586e+02 5.6114300537e+02 5.6114599609e+02 5.6114697266e+02 5.6115197754e+02 5.6115197754e+02 5.6116302490e+02 5.6117700195e+02 5.6119702148e+02 5.6120202637e+02 5.6117999268e+02 5.6116400146e+02 5.6116699219e+02 5.6117102051e+02 5.6116802979e+02 5.6115100098e+02 5.6112902832e+02 5.6111901855e+02 5.6111999512e+02 5.6112402344e+02 5.6111602783e+02 5.6108898926e+02 5.6101599121e+02 5.6098297119e+02 5.6098699951e+02
5.6055603027e+02 5.6060198975e+02 5.6062597656e+02 5.6063897705e+02 5.6062097168e+02 5.6061901855e+02 5.6064801025e+02 5.6066302490e+02 5.6069299316e+02 5.6072497559e+02 5.6073199463e+02 5.6073699951e+02 5.6071697998e+02 5.6069500732e+02 5.6068701172e+02 5.6076599121e+02 5.6094500732e+02 5.6112701416e+02 5.6122399902e+02 5.6117602539e+02 5.6112597656e+02 5.6112298584e+02 5.6113397217e+02 5.6112597656e+02 5.6111199951e+02 5.6109899902e+02 5.6109497070e+02 5.6111602783e+02 5.6113500977e+02 5.6115399170e+02 5.6115600586e+02 5.6115100098e+02 5.6114599609e+02 5.6113500977e+02 5.6112597656e+02 5.6113000488e+02 5.6112402344e+02 5.6110699463e+02 5.6109802246e+02 5.6109399414e+02 5.6108001709e+02 5.6106500244e+02 5.6105798340e+02 5.6101202393e+02 5.6096502686e+02 5.6095098877e+02
5.6050897217e+02 5.6055902100e+02 5.6058898926e+02 5.6061199951e+02 5.6059600830e+02 5.6057501221e+02 5.6059197998e+02 5.6061297607e+02 5.6064001465e+02 5.6066998291e+02 5.6069598389e+02 5.6070098877e+02 5.6068402100e+02 5.6066699219e+02 5.6066900635e+02 5.6068200684e+02 5.6078002930e+02 5.6096997070e+02 5.6116601563e+02 5.6119097900e+02 5.6112097168e+02 5.6107397461e+02 5.6109802246e+02 5.6109600830e+02 5.6107702637e+02 5.6105401611e+02 5.6104400635e+02 5.6106701660e+02 5.6108001709e+02 5.6109497070e+02 5.6111199951e+02 5.6112097168e+02 5.6112097168e+02 5.6110699463e+02 5.6109899902e+02 5.6110601807e+02 5.6110302734e+02 5.6108599854e+02 5.6107702637e+02 5.6105798340e+02 5.6102600098e+02 5.6101000977e+02 5.6101501465e+02 5.6100097656e+02 5.6096002197e+02 5.6092297363e+02
5.6046502686e+02 5.6051599121e+02 5.6054101563e+02 5.6055401611e+02 5.6055499268e+02 5.6054400635e+02 5.6054699707e+02 5.6056701660e+02 5.6059698486e+02 5.6063000488e+02 5.6066302490e+02 5.6068103027e+02 5.6067102051e+02 5.6066601563e+02 5.6067797852e+02 5.6065002441e+02 5.6066699219e+02 5.6079699707e+02 5.6102099609e+02 5.6115802002e+02 5.6113598633e+02 5.6106097412e+02 5.6105700684e+02 5.6105999756e+02 5.6104602051e+02 5.6102697754e+02 5.6101300049e+02 5.6102301025e+02 5.6102001953e+02 5.6103100586e+02 5.6106298828e+02 5.6108502197e+02 5.6109399414e+02 5.6109497070e+02 5.6109399414e+02 5.6108898926e+02 5.6107800293e+02 5.6105499268e+02 5.6103997803e+02 5.6101300049e+02 5.6097802734e+02 5.6097100830e+02 5.6098602295e+02 5.6096899414e+02 5.6092797852e+02 5.6089202881e+02
5.6041900635e+02 5.6046899414e+02 5.6050500488e+02 5.6051800537e+02 5.6053802490e+02 5.6054797363e+02 5.6053302002e+02 5.6054602051e+02 5.6057202148e+02 5.6059399414e+02 5.6062701416e+02 5.6064501953e+02 5.6065698242e+02 5.6065399170e+02 5.6063598633e+02 5.6063800049e+02 5.6062500000e+02 5.6066802979e+02 5.6081896973e+02 5.6103100586e+02 5.6111199951e+02 5.6107098389e+02 5.6102197266e+02 5.6102099609e+02 5.6102099609e+02 5.6101397705e+02 5.6101000977e+02 5.6099401855e+02 5.6097900391e+02 5.6098602295e+02 5.6100201416e+02 5.6103698730e+02 5.6105603027e+02 5.6106896973e+02 5.6106597900e+02 5.6106402588e+02 5.6104498291e+02 5.6100701904e+02 5.6096801758e+02 5.6095098877e+02 5.6094000244e+02 5.6095501709e+02 5.6096099854e+02 5.6087500000e+02 5.6081799316e+02 5.6081500244e+02
5.6036297607e+02 5.6040600586e+02 5.6045397949e+02 5.6048101807e+02 5.6050701904e+02 5.6053100586e+02 5.6052502441e+02 5.6051800537e+02 5.6051800537e+02 5.6053198242e+02 5.6057299805e+02 5.6059600830e+02 5.6061602783e+02 5.6062298584e+02 5.6061602783e+02 5.6061901855e+02 5.6059698486e+02 5.6059802246e+02 5.6070501709e+02 5.6088800049e+02 5.6101397705e+02 5.6104998779e+02 5.6101397705e+02 5.6098199463e+02 5.6098199463e+02 5.6098199463e+02 5.6097601318e+02 5.6095800781e+02 5.6094396973e+02 5.6095397949e+02 5.6095898438e+02 5.6097698975e+02 5.6100598145e+02 5.6103302002e+02 5.6102398682e+02 5.6100897217e+02 5.6097497559e+02 5.6092602539e+02 5.6090997314e+02 5.6092999268e+02 5.6092602539e+02 5.6090802002e+02 5.6084899902e+02 5.6075799561e+02 5.6073498535e+02 5.6075000000e+02
5.6032098389e+02 5.6035198975e+02 5.6039398193e+02 5.6042700195e+02 5.6046502686e+02 5.6050097656e+02 5.6051702881e+02 5.6049298096e+02 5.6047302246e+02 5.6048199463e+02 5.6052099609e+02 5.6055603027e+02 5.6058502197e+02 5.6059997559e+02 5.6060302734e+02 5.6059002686e+02 5.6057098389e+02 5.6055297852e+02 5.6060101318e+02 5.6073297119e+02 5.6087597656e+02 5.6099597168e+02 5.6101300049e+02 5.6096197510e+02 5.6094799805e+02 5.6094799805e+02 5.6094500732e+02 5.6092797852e+02 5.6091302490e+02 5.6091699219e+02 5.6091400146e+02 5.6091101074e+02 5.6094702148e+02 5.6098699951e+02 5.6097100830e+02 5.6093701172e+02 5.6090502930e+02 5.6088098145e+02 5.6089202881e+02 5.6088897705e+02 5.6082897949e+02 5.6076898193e+02 5.6071697998e+02 5.6069702148e+02 5.6071502686e+02 5.6073602295e+02
5.6028399658e+02 5.6030798340e+02 5.6033898926e+02 5.6036401367e+02 5.6041400146e+02 5.6046398926e+02 5.6048999023e+02 5.6047302246e+02 5.6045501709e+02 5.6046301270e+02 5.6048297119e+02 5.6051202393e+02 5.6053802490e+02 5.6054998779e+02 5.6057897949e+02 5.6056701660e+02 5.6055700684e+02 5.6053497314e+02 5.6053198242e+02 5.6060601807e+02 5.6073602295e+02 5.6090698242e+02 5.6099401855e+02 5.6095697021e+02 5.6092401123e+02 5.6091302490e+02 5.6091302490e+02 5.6090002441e+02 5.6087402344e+02 5.6086700439e+02 5.6086102295e+02 5.6085302734e+02 5.6088897705e+02 5.6092999268e+02 5.6091400146e+02 5.6087597656e+02 5.6086199951e+02 5.6085900879e+02 5.6084997559e+02 5.6079699707e+02 5.6071197510e+02 5.6066699219e+02 5.6065899658e+02 5.6068402100e+02 5.6070800781e+02 5.6072302246e+02
