TESTSERVER/9/15.asc
NCOLS 100
NROWS 100
XLLCORNER 7.9497500000e+03
YLLCORNER 2.8920025000e+05
CELLSIZE 5.0000000000e-01
NODATA_VALUE -9.9990000000e+03
[rows 20 to 39 of 100, columns 46 to 91 of 100]
5.5831500244e+02 5.5838598633e+02 5.5842102051e+02 5.5847601318e+02 5.5852099609e+02 5.5856597900e+02 5.5859197998e+02 5.5863299561e+02 5.5866400146e+02 5.5868103027e+02 5.5867498779e+02 5.5866497803e+02 5.5867999268e+02 5.5869299316e+02 5.5866900635e+02 5.5866900635e+02 5.5867498779e+02 5.5867700195e+02 5.5868103027e+02 5.5867797852e+02 5.5866998291e+02 5.5867199707e+02 5.5868298340e+02 5.5866601563e+02 5.5865100098e+02 5.5865997314e+02 5.5869396973e+02 5.5868103027e+02 5.5871600342e+02 5.5876300049e+02 5.5880200195e+02 5.5886602783e+02 5.5887701416e+02 5.5887902832e+02 5.5886798096e+02 5.5885498047e+02 5.5882501221e+02 5.5879101563e+02 5.5876300049e+02 5.5875299072e+02 5.5873797607e+02 5.5873602295e+02 5.5874102783e+02 5.5873901367e+02 5.5872302246e+02 5.5870202637e+02
5.5811798096e+02 5.5817999268e+02 5.5823797607e+02 5.5829400635e+02 5.5837097168e+02 5.5845001221e+02 5.5853698730e+02 5.5862902832e+02 5.5868798828e+02 5.5871398926e+02 5.5870697021e+02 5.5868402100e+02 5.5869000244e+02 5.5869598389e+02 5.5867199707e+02 5.5867498779e+02 5.5867999268e+02 5.5867700195e+02 5.5867797852e+02 5.5867401123e+02 5.5866998291e+02 5.5866998291e+02 5.5867700195e+02 5.5866900635e+02 5.5865899658e+02 5.5865997314e+02 5.5867498779e+02 5.5865802002e+02 5.5865802002e+02 5.5866302490e+02 5.5867199707e+02 5.5870898438e+02 5.5877398682e+02 5.5883502197e+02 5.5886499023e+02 5.5886297607e+02 5.5883697510e+02 5.5880200195e+02 5.5876501465e+02 5.5875701904e+02 5.5875402832e+02 5.5874102783e+02 5.5873101807e+02 5.5872100830e+02 5.5870202637e+02 5.5867700195e+02
5.5796801758e+02 5.5802001953e+02 5.5808099365e+02 5.5815197754e+02 5.5823797607e+02 5.5833197021e+02 5.5844000244e+02 5.5855401611e+02 5.5864398193e+02 5.5870202637e+02 5.5871801758e+02 5.5870397949e+02 5.5869897461e+02 5.5870599365e+02 5.5869299316e+02 5.5868298340e+02 5.5867797852e+02 5.5867199707e+02 5.5867297363e+02 5.5866601563e+02 5.5866601563e+02 5.5866802979e+02 5.5867700195e+02 5.5866900635e+02 5.5865502930e+02 5.5865301514e+02 5.5866198730e+02 5.5865100098e+02 5.5864898682e+02 5.5864898682e+02 5.5863299561e+02 5.5862500000e+02 5.5865100098e+02 5.5869396973e+02 5.5875299072e+02 5.5878198242e+02 5.5880603027e+02 5.5881500244e+02 5.5878399658e+02 5.5877899170e+02 5.5877197266e+02 5.5874700928e+02 5.5872698975e+02 5.5871197510e+02 5.5869598389e+02 5.5866998291e+02
5.5788897705e+02 5.5792297363e+02 5.5797601318e+02 5.5804199219e+02 5.5811602783e+02 5.5820397949e+02 5.5830297852e+02 5.5840600586e+02 5.5851300049e+02 5.5860198975e+02 5.5865197754e+02 5.5865899658e+02 5.5866400146e+02 5.5869299316e+02 5.5872399902e+02 5.5872900391e+02 5.5871301270e+02 5.5868902588e+02 5.5868103027e+02 5.5867901611e+02 5.5867401123e+02 5.5866998291e+02 5.5867102051e+02 5.5866101074e+02 5.5865399170e+02 5.5865600586e+02 5.5865502930e+02 5.5864599609e+02 5.5863897705e+02 5.5864001465e+02 5.5864099121e+02 5.5862799072e+02 5.5861401367e+02 5.5861297607e+02 5.5863800049e+02 5.5865399170e+02 5.5870001221e+02 5.5875000000e+02 5.5875701904e+02 5.5878399658e+02 5.5879400635e+02 5.5877600098e+02 5.5873498535e+02 5.5871301270e+02 5.5870800781e+02 5.5869201660e+02
5.5790899658e+02 5.5791900635e+02 5.5794299316e+02 5.5797802734e+02 5.5802301025e+02 5.5808099365e+02 5.5814202881e+02 5.5823901367e+02 5.5834399414e+02 5.5844598389e+02 5.5852697754e+02 5.5854498291e+02 5.5858398438e+02 5.5864599609e+02 5.5871697998e+02 5.5878302002e+02 5.5876599121e+02 5.5871197510e+02 5.5868902588e+02 5.5867901611e+02 5.5867297363e+02 5.5866699219e+02 5.5866699219e+02 5.5865301514e+02 5.5865301514e+02 5.5865100098e+02 5.5863702393e+02 5.5863702393e+02 5.5863000488e+02 5.5862701416e+02 5.5863702393e+02 5.5863098145e+02 5.5861798096e+02 5.5860900879e+02 5.5860498047e+02 5.5860101318e+02 5.5860699463e+02 5.5862500000e+02 5.5862298584e+02 5.5867102051e+02 5.5872900391e+02 5.5877600098e+02 5.5877502441e+02 5.5873999023e+02 5.5872100830e+02 5.5870898438e+02
5.5794598389e+02 5.5795501709e+02 5.5792901611e+02 5.5792602539e+02 5.5796301270e+02 5.5800897217e+02 5.5805297852e+02 5.5812298584e+02 5.5822198486e+02 5.5831799316e+02 5.5838800049e+02 5.5843499756e+02 5.5850402832e+02 5.5858697510e+02 5.5866802979e+02 5.5875500488e+02 5.5875500488e+02 5.5870001221e+02 5.5866802979e+02 5.5868298340e+02 5.5868902588e+02 5.5867901611e+02 5.5866497803e+02 5.5864599609e+02 5.5863702393e+02 5.5863800049e+02 5.5863500977e+02 5.5862799072e+02 5.5862500000e+02 5.5862500000e+02 5.5863000488e+02 5.5861499023e+02 5.5861401367e+02 5.5861297607e+02 5.5860400391e+02 5.5860101318e+02 5.5858599854e+02 5.5858099365e+02 5.5857299805e+02 5.5856701660e+02 5.5859197998e+02 5.5865002441e+02 5.5869702148e+02 5.5872900391e+02 5.5872998047e+02 5.5873101807e+02
5.5794299316e+02 5.5795397949e+02 5.5791601563e+02 5.5789697266e+02 5.5793103027e+02 5.5797497559e+02 5.5801501465e+02 5.5807202148e+02 5.5816198730e+02 5.5824798584e+02 5.5830798340e+02 5.5834802246e+02 5.5840899658e+02 5.5848602295e+02 5.5856097412e+02 5.5863397217e+02 5.5866302490e+02 5.5864300537e+02 5.5862701416e+02 5.5866601563e+02 5.5869097900e+02 5.5869201660e+02 5.5867297363e+02 5.5865600586e+02 5.5864398193e+02 5.5863897705e+02 5.5863000488e+02 5.5862597656e+02 5.5862402344e+02 5.5861499023e+02 5.5861999512e+02 5.5861102295e+02 5.5860900879e+02 5.5860400391e+02 5.5858801270e+02 5.5858801270e+02 5.5857000732e+02 5.5855999756e+02 5.5855798340e+02 5.5855102539e+02 5.5854199219e+02 5.5853698730e+02 5.5855401611e+02 5.5859399414e+02 5.5863201904e+02 5.5867602539e+02
5.5791101074e+02 5.5792901611e+02 5.5790197754e+02 5.5789099121e+02 5.5792700195e+02 5.5797198486e+02 5.5802301025e+02 5.5808001709e+02 5.5815600586e+02 5.5823498535e+02 5.5829797363e+02 5.5833300781e+02 5.5836602783e+02 5.5841400146e+02 5.5846099854e+02 5.5850000000e+02 5.5854199219e+02 5.5856298828e+02 5.5857501221e+02 5.5861999512e+02 5.5866497803e+02 5.5868701172e+02 5.5867999268e+02 5.5866900635e+02 5.5865997314e+02 5.5865399170e+02 5.5864300537e+02 5.5863397217e+02 5.5862701416e+02 5.5861499023e+02 5.5861499023e+02 5.5860699463e+02 5.5860198975e+02 5.5859600830e+02 5.5857397461e+02 5.5857501221e+02 5.5856201172e+02 5.5855297852e+02 5.5855798340e+02 5.5855401611e+02 5.5853698730e+02 5.5851202393e+02 5.5850299072e+02 5.5850097656e+02 5.5850402832e+02 5.5853198242e+02
5.5783502197e+02 5.5786700439e+02 5.5788598633e+02 5.5790997314e+02 5.5795599365e+02 5.5800897217e+02 5.5809100342e+02 5.5813098145e+02 5.5818798828e+02 5.5825402832e+02 5.5832800293e+02 5.5837200928e+02 5.5839599609e+02 5.5841302490e+02 5.5842199707e+02 5.5843902588e+02 5.5846301270e+02 5.5849597168e+02 5.5852801514e+02 5.5855798340e+02 5.5860498047e+02 5.5865100098e+02 5.5869500732e+02 5.5867199707e+02 5.5865802002e+02 5.5865802002e+02 5.5865802002e+02 5.5864398193e+02 5.5862799072e+02 5.5861602783e+02 5.5860797119e+02 5.5859197998e+02 5.5859197998e+02 5.5859802246e+02 5.5858300781e+02 5.5856896973e+02 5.5855700684e+02 5.5854699707e+02 5.5853802490e+02 5.5853698730e+02 5.5851702881e+02 5.5851202393e+02 5.5851202393e+02 5.5849298096e+02 5.5846697998e+02 5.5846002197e+02
5.5777099609e+02 5.5781799316e+02 5.5786297607e+02 5.5791497803e+02 5.5797497559e+02 5.5803997803e+02 5.5812500000e+02 5.5819500732e+02 5.5824597168e+02 5.5830700684e+02 5.5838397217e+02 5.5843499756e+02 5.5843402100e+02 5.5842700195e+02 5.5842498779e+02 5.5845098877e+02 5.5846600342e+02 5.5848199463e+02 5.5849700928e+02 5.5850097656e+02 5.5852899170e+02 5.5858197021e+02 5.5864898682e+02 5.5865502930e+02 5.5864801025e+02 5.5865301514e+02 5.5866101074e+02 5.5866998291e+02 5.5866302490e+02 5.5864202881e+02 5.5861700439e+02 5.5860400391e+02 5.5859497070e+02 5.5858697510e+02 5.5856799316e+02 5.5856298828e+02 5.5854998779e+02 5.5854101563e+02 5.5853497314e+02 5.5853601074e+02 5.5852398682e+02 5.5850897217e+02 5.5849700928e+02 5.5848400879e+02 5.5846899414e+02 5.5845800781e+02
5.5772900391e+02 5.5778399658e+02 5.5783898926e+02 5.5790502930e+02 5.5797601318e+02 5.5805200195e+02 5.5814300537e+02 5.5821801758e+02 5.5827398682e+02 5.5833599854e+02 5.5842797852e+02 5.5847100830e+02 5.5844598389e+02 5.5843597412e+02 5.5844000244e+02 5.5847399902e+02 5.5849200439e+02 5.5851098633e+02 5.5851501465e+02 5.5849102783e+02 5.5849200439e+02 5.5851098633e+02 5.5855297852e+02 5.5857299805e+02 5.5858898926e+02 5.5861798096e+02 5.5863397217e+02 5.5863201904e+02 5.5863397217e+02 5.5863098145e+02 5.5861297607e+02 5.5861102295e+02 5.5860198975e+02 5.5858300781e+02 5.5856298828e+02 5.5855798340e+02 5.5854400635e+02 5.5853002930e+02 5.5851397705e+02 5.5851000977e+02 5.5851202393e+02 5.5850097656e+02 5.5848797607e+02 5.5847399902e+02 5.5845898438e+02 5.5844702148e+02
5.5768902588e+02 5.5775201416e+02 5.5781701660e+02 5.5789501953e+02 5.5797802734e+02 5.5806402588e+02 5.5814599609e+02 5.5820800781e+02 5.5826898193e+02 5.5833001709e+02 5.5840997314e+02 5.5841101074e+02 5.5839697266e+02 5.5842602539e+02 5.5845501709e+02 5.5848101807e+02 5.5849102783e+02 5.5851000977e+02 5.5852398682e+02 5.5851702881e+02 5.5851098633e+02 5.5848797607e+02 5.5847497559e+02 5.5848602295e+02 5.5850701904e+02 5.5854602051e+02 5.5856500244e+02 5.5855200195e+02 5.5856597900e+02 5.5859301758e+02 5.5861199951e+02 5.5863500977e+02 5.5863397217e+02 5.5860797119e+02 5.5858001709e+02 5.5856201172e+02 5.5854400635e+02 5.5852697754e+02 5.5850201416e+02 5.5849298096e+02 5.5849499512e+02 5.5848602295e+02 5.5847802734e+02 5.5846398926e+02 5.5845397949e+02 5.5844097900e+02
5.5764398193e+02 5.5772198486e+02 5.5782202148e+02 5.5789697266e+02 5.5798297119e+02 5.5806799316e+02 5.5811499023e+02 5.5818402100e+02 5.5824499512e+02 5.5830102539e+02 5.5832800293e+02 5.5831500244e+02 5.5832702637e+02 5.5838000488e+02 5.5844097900e+02 5.5846899414e+02 5.5845898438e+02 5.5845898438e+02 5.5848498535e+02 5.5853900146e+02 5.5854400635e+02 5.5851300049e+02 5.5850500488e+02 5.5846398926e+02 5.5844500732e+02 5.5845800781e+02 5.5846301270e+02 5.5846502686e+02 5.5850201416e+02 5.5855499268e+02 5.5859698486e+02 5.5863098145e+02 5.5862500000e+02 5.5860601807e+02 5.5859698486e+02 5.5856097412e+02 5.5853900146e+02 5.5852197266e+02 5.5849902344e+02 5.5851000977e+02 5.5850402832e+02 5.5848101807e+02 5.5846197510e+02 5.5845202637e+02 5.5844500732e+02 5.5842700195e+02
5.5760302734e+02 5.5769299316e+02 5.5780700684e+02 5.5790997314e+02 5.5800201416e+02 5.5808502197e+02 5.5816400146e+02 5.5823101807e+02 5.5827600098e+02 5.5831201172e+02 5.5832702637e+02 5.5832098389e+02 5.5830902100e+02 5.5831701660e+02 5.5834100342e+02 5.5838201904e+02 5.5838897705e+02 5.5842199707e+02 5.5851501465e+02 5.5856799316e+02 5.5853698730e+02 5.5849798584e+02 5.5852502441e+02 5.5849700928e+02 5.5843597412e+02 5.5841198730e+02 5.5837597656e+02 5.5836499023e+02 5.5839501953e+02 5.5844598389e+02 5.5849798584e+02 5.5851501465e+02 5.5853198242e+02 5.5854797363e+02 5.5856402588e+02 5.5859698486e+02 5.5863397217e+02 5.5863098145e+02 5.5854699707e+02 5.5849700928e+02 5.5848498535e+02 5.5847100830e+02 5.5845098877e+02 5.5844000244e+02 5.5843597412e+02 5.5841802979e+02
5.5757598877e+02 5.5766699219e+02 5.5778997803e+02 5.5790997314e+02 5.5801300049e+02 5.5810797119e+02 5.5820697021e+02 5.5827301025e+02 5.5829901123e+02 5.5831701660e+02 5.5835198975e+02 5.5834197998e+02 5.5829901123e+02 5.5829101563e+02 5.5831097412e+02 5.5836199951e+02 5.5836297607e+02 5.5838201904e+02 5.5845202637e+02 5.5846600342e+02 5.5844598389e+02 5.5842498779e+02 5.5844000244e+02 5.5843402100e+02 5.5842297363e+02 5.5842700195e+02 5.5839001465e+02 5.5836297607e+02 5.5833197021e+02 5.5832397461e+02 5.5835400391e+02 5.5836199951e+02 5.5840100098e+02 5.5845202637e+02 5.5849798584e+02 5.5858697510e+02 5.5868701172e+02 5.5872497559e+02 5.5862200928e+02 5.5851898193e+02 5.5850500488e+02 5.5849700928e+02 5.5845898438e+02 5.5842102051e+02 5.5840997314e+02 5.5839801025e+02
5.5754797363e+02 5.5764001465e+02 5.5776702881e+02 5.5790002441e+02 5.5801397705e+02 5.5811999512e+02 5.5823101807e+02 5.5828900146e+02 5.5829998779e+02 5.5830102539e+02 5.5834600830e+02 5.5830700684e+02 5.5825897217e+02 5.5827801514e+02 5.5832800293e+02 5.5837200928e+02 5.5835302734e+02 5.5833099365e+02 5.5833502197e+02 5.5831500244e+02 5.5832299805e+02 5.5833197021e+02 5.5833898926e+02 5.5835900879e+02 5.5838800049e+02 5.5841400146e+02 5.5840600586e+02 5.5837902832e+02 5.5831097412e+02 5.5825897217e+02 5.5825500488e+02 5.5824700928e+02 5.5828302002e+02 5.5833502197e+02 5.5838299561e+02 5.5848400879e+02 5.5860998535e+02 5.5869201660e+02 5.5864898682e+02 5.5858197021e+02 5.5857897949e+02 5.5857397461e+02 5.5852099609e+02 5.5844897461e+02 5.5841101074e+02 5.5839202881e+02
5.5751098633e+02 5.5760998535e+02 5.5773498535e+02 5.5787402344e+02 5.5800500488e+02 5.5812402344e+02 5.5821899414e+02 5.5825799561e+02 5.5826098633e+02 5.5825799561e+02 5.5827197266e+02 5.5824200439e+02 5.5825097656e+02 5.5831799316e+02 5.5836297607e+02 5.5838397217e+02 5.5837500000e+02 5.5835198975e+02 5.5832000732e+02 5.5826800537e+02 5.5826300049e+02 5.5827197266e+02 5.5829602051e+02 5.5832299805e+02 5.5833001709e+02 5.5832098389e+02 5.5832598877e+02 5.5831201172e+02 5.5827697754e+02 5.5826501465e+02 5.5826501465e+02 5.5821398926e+02 5.5820800781e+02 5.5821197510e+02 5.5821301270e+02 5.5830902100e+02 5.5840502930e+02 5.5852398682e+02 5.5868701172e+02 5.5864898682e+02 5.5862701416e+02 5.5860101318e+02 5.5857800293e+02 5.5853997803e+02 5.5850299072e+02 5.5845397949e+02
5.5743200684e+02 5.5754199219e+02 5.5766998291e+02 5.5780499268e+02 5.5794201660e+02 5.5806298828e+02 5.5814801025e+02 5.5818200684e+02 5.5819201660e+02 5.5819897461e+02 5.5823199463e+02 5.5824700928e+02 5.5828802490e+02 5.5834301758e+02 5.5833300781e+02 5.5836199951e+02 5.5834698486e+02 5.5831896973e+02 5.5830401611e+02 5.5826300049e+02 5.5824798584e+02 5.5824700928e+02 5.5824902344e+02 5.5828302002e+02 5.5828997803e+02 5.5825402832e+02 5.5824597168e+02 5.5826397705e+02 5.5826800537e+02 5.5826800537e+02 5.5825000000e+02 5.5820800781e+02 5.5819598389e+02 5.5819000244e+02 5.5816198730e+02 5.5817999268e+02 5.5820599365e+02 5.5829699707e+02 5.5847998047e+02 5.5854400635e+02 5.5852099609e+02 5.5851000977e+02 5.5852398682e+02 5.5852502441e+02 5.5851800537e+02 5.5849200439e+02
5.5737799072e+02 5.5748999023e+02 5.5761401367e+02 5.5774102783e+02 5.5787799072e+02 5.5800097656e+02 5.5809100342e+02 5.5813500977e+02 5.5815100098e+02 5.5815802002e+02 5.5818597412e+02 5.5820098877e+02 5.5822497559e+02 5.5826000977e+02 5.5825402832e+02 5.5831701660e+02 5.5830102539e+02 5.5827001953e+02 5.5827301025e+02 5.5824401855e+02 5.5823699951e+02 5.5824597168e+02 5.5822497559e+02 5.5823400879e+02 5.5824102783e+02 5.5823199463e+02 5.5821197510e+02 5.5820501709e+02 5.5819702148e+02 5.5818902588e+02 5.5818103027e+02 5.5816198730e+02 5.5816998291e+02 5.5817797852e+02 5.5815698242e+02 5.5814801025e+02 5.5811602783e+02 5.5812902832e+02 5.5822601318e+02 5.5828198242e+02 5.5831597900e+02 5.5836700439e+02 5.5841198730e+02 5.5844598389e+02 5.5847100830e+02 5.5847601318e+02
5.5734301758e+02 5.5745300293e+02 5.5757098389e+02 5.5769396973e+02 5.5783398438e+02 5.5796197510e+02 5.5805999756e+02 5.5811499023e+02 5.5813598633e+02 5.5814099121e+02 5.5814898682e+02 5.5813598633e+02 5.5813702393e+02 5.5816497803e+02 5.5817401123e+02 5.5824798584e+02 5.5826098633e+02 5.5826300049e+02 5.5827398682e+02 5.5822399902e+02 5.5818701172e+02 5.5819598389e+02 5.5820300293e+02 5.5824200439e+02 5.5825897217e+02 5.5827600098e+02 5.5822998047e+02 5.5817498779e+02 5.5814501953e+02 5.5812701416e+02 5.5812701416e+02 5.5812402344e+02 5.5814801025e+02 5.5816497803e+02 5.5814599609e+02 5.5815197754e+02 5.5810900879e+02 5.5807501221e+02 5.5808599854e+02 5.5810998535e+02 5.5815002441e+02 5.5821099854e+02 5.5826898193e+02 5.5832702637e+02 5.5836798096e+02 5.5840002441e+02
