TESTSERVER/9/15.asc
NCOLS 100
NROWS 100
XLLCORNER 7.9497500000e+03
YLLCORNER 2.8920025000e+05
CELLSIZE 5.0000000000e-01
NODATA_VALUE -9.9990000000e+03
[rows 40 to 59 of 100, columns 0 to 45 of 100]
5.5677801514e+02 5.5677502441e+02 5.5676098633e+02 5.5674401855e+02 5.5671997070e+02 5.5670397949e+02 5.5669000244e+02 5.5667700195e+02 5.5668298340e+02 5.5667901611e+02 5.5665301514e+02 5.5660101318e+02 5.5650500488e+02 5.5646002197e+02 5.5646002197e+02 5.5644201660e+02 5.5642199707e+02 5.5664202881e+02 5.5678601074e+02 5.5680902100e+02 5.5682598877e+02 5.5685101318e+02 5.5686199951e+02 5.5687799072e+02 5.5688897705e+02 5.5689898682e+02 5.5690197754e+02 5.5689801025e+02 5.5688098145e+02 5.5685699463e+02 5.5684497070e+02 5.5684497070e+02 5.5687097168e+02 5.5690600586e+02 5.5693402100e+02 5.5696899414e+02 5.5699597168e+02 5.5701501465e+02 5.5703802490e+02 5.5706402588e+02 5.5708898926e+02 5.5711102295e+02 5.5713098145e+02 5.5715600586e+02 5.5718798828e+02 5.5723297119e+02
5.5675000000e+02 5.5674102783e+02 5.5672497559e+02 5.5670599365e+02 5.5667999268e+02 5.5665899658e+02 5.5664398193e+02 5.5663299561e+02 5.5663397217e+02 5.5664398193e+02 5.5662298584e+02 5.5656896973e+02 5.5647497559e+02 5.5643701172e+02 5.5645202637e+02 5.5642602539e+02 5.5646801758e+02 5.5668798828e+02 5.5678399658e+02 5.5679302979e+02 5.5682800293e+02 5.5684802246e+02 5.5685198975e+02 5.5686297607e+02 5.5686999512e+02 5.5685198975e+02 5.5684399414e+02 5.5682397461e+02 5.5682202148e+02 5.5683502197e+02 5.5683300781e+02 5.5683898926e+02 5.5686999512e+02 5.5689099121e+02 5.5690899658e+02 5.5693103027e+02 5.5695098877e+02 5.5696697998e+02 5.5698699951e+02 5.5701202393e+02 5.5703802490e+02 5.5706201172e+02 5.5708300781e+02 5.5711499023e+02 5.5715502930e+02 5.5719799805e+02
5.5672399902e+02 5.5670898438e+02 5.5669097900e+02 5.5666900635e+02 5.5664202881e+02 5.5661798096e+02 5.5660101318e+02 5.5658697510e+02 5.5658197021e+02 5.5658398438e+02 5.5656298828e+02 5.5651702881e+02 5.5644201660e+02 5.5642498779e+02 5.5644598389e+02 5.5643200684e+02 5.5653198242e+02 5.5672698975e+02 5.5677301025e+02 5.5677697754e+02 5.5682397461e+02 5.5684399414e+02 5.5685498047e+02 5.5686798096e+02 5.5686602783e+02 5.5682800293e+02 5.5679699707e+02 5.5674798584e+02 5.5673400879e+02 5.5678198242e+02 5.5682000732e+02 5.5683697510e+02 5.5686798096e+02 5.5687402344e+02 5.5687902832e+02 5.5688800049e+02 5.5690399170e+02 5.5692297363e+02 5.5693902588e+02 5.5695697021e+02 5.5698297119e+02 5.5701098633e+02 5.5703100586e+02 5.5706298828e+02 5.5710699463e+02 5.5714398193e+02
5.5670098877e+02 5.5667797852e+02 5.5665899658e+02 5.5663500977e+02 5.5660601807e+02 5.5658001709e+02 5.5655999756e+02 5.5654302979e+02 5.5653002930e+02 5.5652099609e+02 5.5649902344e+02 5.5646197510e+02 5.5640698242e+02 5.5641497803e+02 5.5643499756e+02 5.5644000244e+02 5.5658099365e+02 5.5673901367e+02 5.5676202393e+02 5.5677398682e+02 5.5682202148e+02 5.5683599854e+02 5.5685400391e+02 5.5686999512e+02 5.5687200928e+02 5.5684802246e+02 5.5682098389e+02 5.5677502441e+02 5.5674902344e+02 5.5677197266e+02 5.5680603027e+02 5.5682397461e+02 5.5684399414e+02 5.5684100342e+02 5.5683801270e+02 5.5684301758e+02 5.5686102295e+02 5.5688500977e+02 5.5689801025e+02 5.5691101074e+02 5.5693298340e+02 5.5696197510e+02 5.5698101807e+02 5.5700598145e+02 5.5704998779e+02 5.5707397461e+02
5.5669598389e+02 5.5664697266e+02 5.5661901855e+02 5.5659301758e+02 5.5656799316e+02 5.5654901123e+02 5.5652801514e+02 5.5650402832e+02 5.5647100830e+02 5.5646801758e+02 5.5644396973e+02 5.5640600586e+02 5.5637500000e+02 5.5640899658e+02 5.5641802979e+02 5.5645800781e+02 5.5663201904e+02 5.5674902344e+02 5.5676898193e+02 5.5678399658e+02 5.5682897949e+02 5.5685101318e+02 5.5685699463e+02 5.5685797119e+02 5.5686297607e+02 5.5686297607e+02 5.5685601807e+02 5.5684802246e+02 5.5684002686e+02 5.5682202148e+02 5.5681402588e+02 5.5681896973e+02 5.5681799316e+02 5.5681701660e+02 5.5680700684e+02 5.5681298828e+02 5.5682598877e+02 5.5684600830e+02 5.5685797119e+02 5.5686999512e+02 5.5688800049e+02 5.5691998291e+02 5.5693798828e+02 5.5695599365e+02 5.5698602295e+02 5.5700097656e+02
5.5666802979e+02 5.5661199951e+02 5.5657897949e+02 5.5655401611e+02 5.5653900146e+02 5.5652600098e+02 5.5650897217e+02 5.5648602295e+02 5.5646801758e+02 5.5646899414e+02 5.5642901611e+02 5.5637097168e+02 5.5635101318e+02 5.5641400146e+02 5.5641400146e+02 5.5648400879e+02 5.5665802002e+02 5.5674200439e+02 5.5676501465e+02 5.5679998779e+02 5.5683398438e+02 5.5684100342e+02 5.5684497070e+02 5.5685101318e+02 5.5685797119e+02 5.5685797119e+02 5.5685900879e+02 5.5686401367e+02 5.5686602783e+02 5.5681402588e+02 5.5679400635e+02 5.5679998779e+02 5.5680401611e+02 5.5679302979e+02 5.5677099609e+02 5.5678698730e+02 5.5679101563e+02 5.5680700684e+02 5.5681896973e+02 5.5682397461e+02 5.5685400391e+02 5.5687799072e+02 5.5688897705e+02 5.5690600586e+02 5.5692700195e+02 5.5696398926e+02
5.5662902832e+02 5.5657397461e+02 5.5654302979e+02 5.5652001953e+02 5.5650701904e+02 5.5649700928e+02 5.5648400879e+02 5.5646801758e+02 5.5645300293e+02 5.5644598389e+02 5.5640197754e+02 5.5635198975e+02 5.5634802246e+02 5.5641802979e+02 5.5641998291e+02 5.5651202393e+02 5.5667102051e+02 5.5672601318e+02 5.5675299072e+02 5.5680603027e+02 5.5683300781e+02 5.5684497070e+02 5.5684600830e+02 5.5685101318e+02 5.5685998535e+02 5.5685302734e+02 5.5684802246e+02 5.5685900879e+02 5.5686297607e+02 5.5680102539e+02 5.5678002930e+02 5.5678497314e+02 5.5679901123e+02 5.5680999756e+02 5.5678802490e+02 5.5679101563e+02 5.5678100586e+02 5.5680297852e+02 5.5683300781e+02 5.5683697510e+02 5.5684899902e+02 5.5685998535e+02 5.5685998535e+02 5.5687200928e+02 5.5689001465e+02 5.5692297363e+02
5.5657800293e+02 5.5652899170e+02 5.5649902344e+02 5.5647998047e+02 5.5647198486e+02 5.5646502686e+02 5.5645697021e+02 5.5644598389e+02 5.5642999268e+02 5.5640600586e+02 5.5636901855e+02 5.5634100342e+02 5.5636602783e+02 5.5642199707e+02 5.5644000244e+02 5.5655999756e+02 5.5668402100e+02 5.5671398926e+02 5.5673901367e+02 5.5679199219e+02 5.5681799316e+02 5.5684497070e+02 5.5685498047e+02 5.5686199951e+02 5.5687402344e+02 5.5685101318e+02 5.5683099365e+02 5.5683599854e+02 5.5683197021e+02 5.5677801514e+02 5.5676800537e+02 5.5677301025e+02 5.5679101563e+02 5.5682098389e+02 5.5680999756e+02 5.5681201172e+02 5.5680102539e+02 5.5680200195e+02 5.5683099365e+02 5.5684600830e+02 5.5685101318e+02 5.5686297607e+02 5.5686401367e+02 5.5687402344e+02 5.5688800049e+02 5.5689501953e+02
5.5650299072e+02 5.5646997070e+02 5.5644500732e+02 5.5643200684e+02 5.5642999268e+02 5.5643103027e+02 5.5642999268e+02 5.5642700195e+02 5.5642797852e+02 5.5638000488e+02 5.5634600830e+02 5.5633697510e+02 5.5638702393e+02 5.5642102051e+02 5.5647900391e+02 5.5661102295e+02 5.5670202637e+02 5.5672497559e+02 5.5674798584e+02 5.5677301025e+02 5.5678601074e+02 5.5681402588e+02 5.5682598877e+02 5.5684002686e+02 5.5685900879e+02 5.5684100342e+02 5.5683001709e+02 5.5683398438e+02 5.5680999756e+02 5.5676300049e+02 5.5675897217e+02 5.5676098633e+02 5.5677697754e+02 5.5680102539e+02 5.5680297852e+02 5.5680700684e+02 5.5680200195e+02 5.5680297852e+02 5.5680902100e+02 5.5683502197e+02 5.5685797119e+02 5.5686199951e+02 5.5687200928e+02 5.5688500977e+02 5.5689398193e+02 5.5689202881e+02
5.5642999268e+02 5.5640899658e+02 5.5639001465e+02 5.5638397217e+02 5.5638702393e+02 5.5638299561e+02 5.5637799072e+02 5.5638000488e+02 5.5639300537e+02 5.5637298584e+02 5.5634802246e+02 5.5634698486e+02 5.5639202881e+02 5.5641601563e+02 5.5650097656e+02 5.5663299561e+02 5.5671997070e+02 5.5676098633e+02 5.5677502441e+02 5.5677600098e+02 5.5677197266e+02 5.5677801514e+02 5.5679797363e+02 5.5680999756e+02 5.5682098389e+02 5.5680401611e+02 5.5680700684e+02 5.5681097412e+02 5.5676898193e+02 5.5673602295e+02 5.5674102783e+02 5.5675097656e+02 5.5678399658e+02 5.5679400635e+02 5.5678002930e+02 5.5678802490e+02 5.5680999756e+02 5.5681402588e+02 5.5681799316e+02 5.5682800293e+02 5.5683300781e+02 5.5683898926e+02 5.5685601807e+02 5.5687799072e+02 5.5689398193e+02 5.5690997314e+02
5.5639801025e+02 5.5637597656e+02 5.5635998535e+02 5.5635601807e+02 5.5635498047e+02 5.5633599854e+02 5.5632202148e+02 5.5632202148e+02 5.5633300781e+02 5.5632897949e+02 5.5632501221e+02 5.5633801270e+02 5.5637298584e+02 5.5640698242e+02 5.5651501465e+02 5.5663897705e+02 5.5671002197e+02 5.5675500488e+02 5.5677801514e+02 5.5678002930e+02 5.5677301025e+02 5.5677600098e+02 5.5679302979e+02 5.5678802490e+02 5.5679400635e+02 5.5678802490e+02 5.5680102539e+02 5.5679498291e+02 5.5673498535e+02 5.5671600342e+02 5.5672497559e+02 5.5674200439e+02 5.5677899170e+02 5.5679199219e+02 5.5678002930e+02 5.5678900146e+02 5.5680102539e+02 5.5680297852e+02 5.5681298828e+02 5.5680603027e+02 5.5678100586e+02 5.5679302979e+02 5.5681701660e+02 5.5684899902e+02 5.5688800049e+02 5.5691699219e+02
5.5638702393e+02 5.5636401367e+02 5.5634899902e+02 5.5634301758e+02 5.5633599854e+02 5.5630603027e+02 5.5628399658e+02 5.5627899170e+02 5.5629302979e+02 5.5630401611e+02 5.5630102539e+02 5.5631097412e+02 5.5635302734e+02 5.5641400146e+02 5.5652099609e+02 5.5662097168e+02 5.5667602539e+02 5.5671197510e+02 5.5673699951e+02 5.5674401855e+02 5.5674102783e+02 5.5678100586e+02 5.5680999756e+02 5.5679699707e+02 5.5679699707e+02 5.5678997803e+02 5.5680798340e+02 5.5678698730e+02 5.5670397949e+02 5.5670898438e+02 5.5672497559e+02 5.5673400879e+02 5.5675897217e+02 5.5677697754e+02 5.5677099609e+02 5.5677600098e+02 5.5677502441e+02 5.5677197266e+02 5.5678399658e+02 5.5678100586e+02 5.5676501465e+02 5.5680603027e+02 5.5681799316e+02 5.5682897949e+02 5.5687500000e+02 5.5691802979e+02
5.5638397217e+02 5.5635601807e+02 5.5634197998e+02 5.5633697510e+02 5.5633001709e+02 5.5629699707e+02 5.5627099609e+02 5.5626501465e+02 5.5628997803e+02 5.5629302979e+02 5.5627899170e+02 5.5627197266e+02 5.5632000732e+02 5.5640301514e+02 5.5648498535e+02 5.5655102539e+02 5.5660400391e+02 5.5663897705e+02 5.5665997314e+02 5.5667498779e+02 5.5667700195e+02 5.5672497559e+02 5.5676599121e+02 5.5677502441e+02 5.5677502441e+02 5.5677301025e+02 5.5679400635e+02 5.5674700928e+02 5.5665197754e+02 5.5669396973e+02 5.5672497559e+02 5.5671502686e+02 5.5671801758e+02 5.5672802734e+02 5.5673699951e+02 5.5675299072e+02 5.5673901367e+02 5.5675299072e+02 5.5676800537e+02 5.5677801514e+02 5.5678100586e+02 5.5681597900e+02 5.5681201172e+02 5.5681799316e+02 5.5685998535e+02 5.5691900635e+02
5.5635699463e+02 5.5633697510e+02 5.5632800293e+02 5.5632800293e+02 5.5632299805e+02 5.5629998779e+02 5.5627398682e+02 5.5626202393e+02 5.5627099609e+02 5.5629998779e+02 5.5630999756e+02 5.5626898193e+02 5.5625097656e+02 5.5633001709e+02 5.5641601563e+02 5.5646002197e+02 5.5648999023e+02 5.5654302979e+02 5.5657397461e+02 5.5660601807e+02 5.5661999512e+02 5.5665197754e+02 5.5668902588e+02 5.5671502686e+02 5.5673400879e+02 5.5673901367e+02 5.5674597168e+02 5.5667602539e+02 5.5661401367e+02 5.5669897461e+02 5.5672998047e+02 5.5671398926e+02 5.5671301270e+02 5.5670697021e+02 5.5671197510e+02 5.5673602295e+02 5.5672900391e+02 5.5674798584e+02 5.5676397705e+02 5.5676702881e+02 5.5676300049e+02 5.5678302002e+02 5.5679498291e+02 5.5683001709e+02 5.5686700439e+02 5.5692102051e+02
5.5634301758e+02 5.5632397461e+02 5.5631500244e+02 5.5631597900e+02 5.5630999756e+02 5.5629302979e+02 5.5627398682e+02 5.5626098633e+02 5.5627099609e+02 5.5633502197e+02 5.5636700439e+02 5.5631799316e+02 5.5625500488e+02 5.5627001953e+02 5.5632598877e+02 5.5637902832e+02 5.5639398193e+02 5.5644097900e+02 5.5646600342e+02 5.5648901367e+02 5.5651702881e+02 5.5654699707e+02 5.5658001709e+02 5.5662097168e+02 5.5665600586e+02 5.5665899658e+02 5.5663800049e+02 5.5657897949e+02 5.5656701660e+02 5.5667401123e+02 5.5672302246e+02 5.5673498535e+02 5.5674499512e+02 5.5672198486e+02 5.5670800781e+02 5.5671997070e+02 5.5672497559e+02 5.5674200439e+02 5.5675402832e+02 5.5676000977e+02 5.5675402832e+02 5.5677899170e+02 5.5680499268e+02 5.5683898926e+02 5.5685400391e+02 5.5690197754e+02
5.5633197021e+02 5.5631500244e+02 5.5630401611e+02 5.5630499268e+02 5.5629797363e+02 5.5628302002e+02 5.5626599121e+02 5.5625402832e+02 5.5627301025e+02 5.5633502197e+02 5.5635699463e+02 5.5633001709e+02 5.5629302979e+02 5.5625701904e+02 5.5626000977e+02 5.5632098389e+02 5.5634698486e+02 5.5638299561e+02 5.5641101074e+02 5.5640899658e+02 5.5641497803e+02 5.5643103027e+02 5.5645800781e+02 5.5649902344e+02 5.5653497314e+02 5.5654498291e+02 5.5652099609e+02 5.5647998047e+02 5.5650000000e+02 5.5659497070e+02 5.5666400146e+02 5.5671398926e+02 5.5674401855e+02 5.5672601318e+02 5.5671697998e+02 5.5671600342e+02 5.5672198486e+02 5.5672802734e+02 5.5672998047e+02 5.5674499512e+02 5.5675598145e+02 5.5678497314e+02 5.5680297852e+02 5.5682202148e+02 5.5683898926e+02 5.5688500977e+02
5.5631597900e+02 5.5630700684e+02 5.5629602051e+02 5.5629101563e+02 5.5627899170e+02 5.5627099609e+02 5.5624499512e+02 5.5622998047e+02 5.5626300049e+02 5.5630902100e+02 5.5630603027e+02 5.5629901123e+02 5.5631799316e+02 5.5628198242e+02 5.5623999023e+02 5.5627801514e+02 5.5635797119e+02 5.5638500977e+02 5.5640899658e+02 5.5639300537e+02 5.5637701416e+02 5.5639501953e+02 5.5640997314e+02 5.5640698242e+02 5.5640002441e+02 5.5642102051e+02 5.5641497803e+02 5.5639599609e+02 5.5643200684e+02 5.5649902344e+02 5.5655999756e+02 5.5661700439e+02 5.5666400146e+02 5.5667498779e+02 5.5669598389e+02 5.5671099854e+02 5.5671697998e+02 5.5673498535e+02 5.5674298096e+02 5.5674798584e+02 5.5676202393e+02 5.5678100586e+02 5.5679101563e+02 5.5681597900e+02 5.5685400391e+02 5.5688299561e+02
5.5630603027e+02 5.5629302979e+02 5.5628802490e+02 5.5628100586e+02 5.5627001953e+02 5.5626000977e+02 5.5623199463e+02 5.5621997070e+02 5.5627301025e+02 5.5633197021e+02 5.5632000732e+02 5.5629602051e+02 5.5631701660e+02 5.5632098389e+02 5.5625701904e+02 5.5623901367e+02 5.5631597900e+02 5.5638500977e+02 5.5641302490e+02 5.5640399170e+02 5.5639202881e+02 5.5640698242e+02 5.5640399170e+02 5.5636102295e+02 5.5635797119e+02 5.5639001465e+02 5.5636199951e+02 5.5634399414e+02 5.5638098145e+02 5.5640197754e+02 5.5642498779e+02 5.5646600342e+02 5.5653601074e+02 5.5656500244e+02 5.5659301758e+02 5.5662097168e+02 5.5664099121e+02 5.5667602539e+02 5.5671697998e+02 5.5674200439e+02 5.5675799561e+02 5.5676397705e+02 5.5676397705e+02 5.5678302002e+02 5.5681597900e+02 5.5685900879e+02
5.5630401611e+02 5.5628302002e+02 5.5627801514e+02 5.5627398682e+02 5.5626898193e+02 5.5625500488e+02 5.5622497559e+02 5.5621801758e+02 5.5628100586e+02 5.5633502197e+02 5.5630499268e+02 5.5625701904e+02 5.5626397705e+02 5.5631402588e+02 5.5627600098e+02 5.5622802734e+02 5.5627600098e+02 5.5635900879e+02 5.5639599609e+02 5.5641302490e+02 5.5640600586e+02 5.5642199707e+02 5.5640802002e+02 5.5632897949e+02 5.5632098389e+02 5.5635198975e+02 5.5632098389e+02 5.5630102539e+02 5.5632098389e+02 5.5630603027e+02 5.5628802490e+02 5.5630499268e+02 5.5636798096e+02 5.5640802002e+02 5.5646099854e+02 5.5650598145e+02 5.5655102539e+02 5.5660198975e+02 5.5664801025e+02 5.5668701172e+02 5.5672100830e+02 5.5672399902e+02 5.5672497559e+02 5.5676000977e+02 5.5680297852e+02 5.5685699463e+02
5.5629302979e+02 5.5627600098e+02 5.5627502441e+02 5.5626898193e+02 5.5626000977e+02 5.5624597168e+02 5.5621099854e+02 5.5620098877e+02 5.5626702881e+02 5.5631298828e+02 5.5627099609e+02 5.5620898438e+02 5.5619598389e+02 5.5627099609e+02 5.5628601074e+02 5.5623999023e+02 5.5625000000e+02 5.5632598877e+02 5.5636700439e+02 5.5640899658e+02 5.5640600586e+02 5.5642199707e+02 5.5639300537e+02 5.5628997803e+02 5.5628399658e+02 5.5629797363e+02 5.5627801514e+02 5.5626898193e+02 5.5627001953e+02 5.5622802734e+02 5.5617999268e+02 5.5617602539e+02 5.5621697998e+02 5.5625299072e+02 5.5631799316e+02 5.5637402344e+02 5.5643200684e+02 5.5649401855e+02 5.5654602051e+02 5.5658801270e+02 5.5662298584e+02 5.5663299561e+02 5.5665100098e+02 5.5671002197e+02 5.5676501465e+02 5.5683898926e+02
