TESTSERVER/9/16.asc
NCOLS 100
NROWS 100
XLLCORNER 7.9497500000e+03
YLLCORNER 2.8915025000e+05
CELLSIZE 5.0000000000e-01
NODATA_VALUE -9.9990000000e+03
[rows 20 to 39 of 100, columns 0 to 45 of 100]
5.5430499268e+02 5.5427502441e+02 5.5428100586e+02 5.5428198242e+02 5.5425701904e+02 5.5425701904e+02 5.5426098633e+02 5.5425500488e+02 5.5423498535e+02 5.5423101807e+02 5.5421002197e+02 5.5418298340e+02 5.5417401123e+02 5.5415197754e+02 5.5414001465e+02 5.5413598633e+02 5.5413702393e+02 5.5413000488e+02 5.5412799072e+02 5.5413598633e+02 5.5412701416e+02 5.5414300537e+02 5.5415802002e+02 5.5417297363e+02 5.5416198730e+02 5.5418103027e+02 5.5419299316e+02 5.5421502686e+02 5.5425000000e+02 5.5426202393e+02 5.5429498291e+02 5.5431402588e+02 5.5434002686e+02 5.5434497070e+02 5.5437402344e+02 5.5439398193e+02 5.5440197754e+02 5.5442297363e+02 5.5444702148e+02 5.5444702148e+02 5.5443499756e+02 5.5440399170e+02 5.5438000488e+02 5.5436499023e+02 5.5440502930e+02 5.5446002197e+02
5.5428198242e+02 5.5426000977e+02 5.5425799561e+02 5.5425897217e+02 5.5423101807e+02 5.5422698975e+02 5.5422399902e+02 5.5421398926e+02 5.5419396973e+02 5.5419299316e+02 5.5418402100e+02 5.5415899658e+02 5.5414001465e+02 5.5413000488e+02 5.5412500000e+02 5.5411999512e+02 5.5411102295e+02 5.5410797119e+02 5.5410900879e+02 5.5410900879e+02 5.5409698486e+02 5.5410302734e+02 5.5411401367e+02 5.5412902832e+02 5.5413500977e+02 5.5415197754e+02 5.5416497803e+02 5.5418597412e+02 5.5422100830e+02 5.5423602295e+02 5.5426300049e+02 5.5427197266e+02 5.5430499268e+02 5.5430603027e+02 5.5433599854e+02 5.5435198975e+02 5.5436798096e+02 5.5438201904e+02 5.5439099121e+02 5.5440002441e+02 5.5438299561e+02 5.5434997559e+02 5.5432897949e+02 5.5433697510e+02 5.5438702393e+02 5.5442700195e+02
5.5424597168e+02 5.5424700928e+02 5.5424200439e+02 5.5423199463e+02 5.5422100830e+02 5.5420599365e+02 5.5418499756e+02 5.5418103027e+02 5.5417797852e+02 5.5415502930e+02 5.5415301514e+02 5.5413897705e+02 5.5410797119e+02 5.5409802246e+02 5.5408697510e+02 5.5408599854e+02 5.5408599854e+02 5.5406097412e+02 5.5405902100e+02 5.5406201172e+02 5.5406298828e+02 5.5406402588e+02 5.5407598877e+02 5.5408801270e+02 5.5410101318e+02 5.5411602783e+02 5.5412701416e+02 5.5414300537e+02 5.5417297363e+02 5.5419598389e+02 5.5421997070e+02 5.5422302246e+02 5.5425701904e+02 5.5427600098e+02 5.5429101563e+02 5.5430401611e+02 5.5433300781e+02 5.5433599854e+02 5.5433197021e+02 5.5433300781e+02 5.5431597900e+02 5.5429797363e+02 5.5430200195e+02 5.5432501221e+02 5.5435601807e+02 5.5439202881e+02
5.5421197510e+02 5.5421301270e+02 5.5421301270e+02 5.5420202637e+02 5.5419598389e+02 5.5417700195e+02 5.5415301514e+02 5.5415301514e+02 5.5415802002e+02 5.5412597656e+02 5.5411401367e+02 5.5410198975e+02 5.5407598877e+02 5.5406701660e+02 5.5405902100e+02 5.5405700684e+02 5.5404699707e+02 5.5401397705e+02 5.5401599121e+02 5.5402801514e+02 5.5402801514e+02 5.5403302002e+02 5.5405297852e+02 5.5406097412e+02 5.5406201172e+02 5.5407397461e+02 5.5409002686e+02 5.5411602783e+02 5.5414202881e+02 5.5415802002e+02 5.5418402100e+02 5.5420098877e+02 5.5422198486e+02 5.5423199463e+02 5.5423797607e+02 5.5425500488e+02 5.5428198242e+02 5.5428100586e+02 5.5427600098e+02 5.5426599121e+02 5.5425097656e+02 5.5424200439e+02 5.5426702881e+02 5.5430499268e+02 5.5433099365e+02 5.5435400391e+02
5.5421197510e+02 5.5419000244e+02 5.5417401123e+02 5.5415399170e+02 5.5413598633e+02 5.5414300537e+02 5.5414202881e+02 5.5413098145e+02 5.5410302734e+02 5.5409301758e+02 5.5408300781e+02 5.5407800293e+02 5.5405700684e+02 5.5403399658e+02 5.5403002930e+02 5.5402099609e+02 5.5400000000e+02 5.5399597168e+02 5.5399700928e+02 5.5400897217e+02 5.5399200439e+02 5.5400000000e+02 5.5401599121e+02 5.5402398682e+02 5.5402502441e+02 5.5403002930e+02 5.5405200195e+02 5.5407202148e+02 5.5409399414e+02 5.5411602783e+02 5.5414202881e+02 5.5415899658e+02 5.5417498779e+02 5.5419097900e+02 5.5420098877e+02 5.5421099854e+02 5.5423297119e+02 5.5422698975e+02 5.5422497559e+02 5.5420501709e+02 5.5418298340e+02 5.5419598389e+02 5.5423498535e+02 5.5427301025e+02 5.5429797363e+02 5.5432000732e+02
5.5418200684e+02 5.5417797852e+02 5.5416497803e+02 5.5414300537e+02 5.5411602783e+02 5.5411700439e+02 5.5410400391e+02 5.5409899902e+02 5.5408502197e+02 5.5406597900e+02 5.5405603027e+02 5.5405401611e+02 5.5403302002e+02 5.5400500488e+02 5.5399102783e+02 5.5397998047e+02 5.5396697998e+02 5.5396398926e+02 5.5395599365e+02 5.5395300293e+02 5.5395098877e+02 5.5396197510e+02 5.5397302246e+02 5.5397302246e+02 5.5398498535e+02 5.5400000000e+02 5.5402197266e+02 5.5403399658e+02 5.5405200195e+02 5.5406402588e+02 5.5408697510e+02 5.5411102295e+02 5.5412200928e+02 5.5414898682e+02 5.5418103027e+02 5.5417999268e+02 5.5419000244e+02 5.5418103027e+02 5.5416601563e+02 5.5415197754e+02 5.5415002441e+02 5.5418402100e+02 5.5422601318e+02 5.5424298096e+02 5.5423797607e+02 5.5425897217e+02
5.5415197754e+02 5.5414300537e+02 5.5413000488e+02 5.5411499023e+02 5.5408898926e+02 5.5408898926e+02 5.5408099365e+02 5.5409197998e+02 5.5408898926e+02 5.5405401611e+02 5.5402801514e+02 5.5400701904e+02 5.5399200439e+02 5.5397998047e+02 5.5396197510e+02 5.5394598389e+02 5.5393402100e+02 5.5392700195e+02 5.5392102051e+02 5.5391998291e+02 5.5392999268e+02 5.5394201660e+02 5.5395098877e+02 5.5395001221e+02 5.5395397949e+02 5.5396600342e+02 5.5397900391e+02 5.5399200439e+02 5.5400799561e+02 5.5401300049e+02 5.5404498291e+02 5.5406701660e+02 5.5407397461e+02 5.5409600830e+02 5.5412799072e+02 5.5413201904e+02 5.5413299561e+02 5.5411798096e+02 5.5410699463e+02 5.5411401367e+02 5.5414202881e+02 5.5417700195e+02 5.5420501709e+02 5.5420202637e+02 5.5418902588e+02 5.5420300293e+02
5.5412799072e+02 5.5410601807e+02 5.5408898926e+02 5.5408300781e+02 5.5406298828e+02 5.5405102539e+02 5.5404699707e+02 5.5405102539e+02 5.5404400635e+02 5.5402001953e+02 5.5400799561e+02 5.5398400879e+02 5.5396600342e+02 5.5395697021e+02 5.5393499756e+02 5.5391198730e+02 5.5389697266e+02 5.5388598633e+02 5.5387500000e+02 5.5387799072e+02 5.5389202881e+02 5.5389001465e+02 5.5390002441e+02 5.5390600586e+02 5.5391101074e+02 5.5391900635e+02 5.5392999268e+02 5.5395202637e+02 5.5396899414e+02 5.5397100830e+02 5.5400402832e+02 5.5401702881e+02 5.5401898193e+02 5.5404797363e+02 5.5407299805e+02 5.5408300781e+02 5.5407299805e+02 5.5406097412e+02 5.5407397461e+02 5.5411499023e+02 5.5416101074e+02 5.5417602539e+02 5.5418499756e+02 5.5417901611e+02 5.5418298340e+02 5.5418597412e+02
5.5410101318e+02 5.5407000732e+02 5.5405200195e+02 5.5405401611e+02 5.5404602051e+02 5.5402398682e+02 5.5402197266e+02 5.5402301025e+02 5.5401000977e+02 5.5398199463e+02 5.5398797607e+02 5.5397100830e+02 5.5392700195e+02 5.5391400146e+02 5.5389697266e+02 5.5388299561e+02 5.5388500977e+02 5.5386700439e+02 5.5383697510e+02 5.5382598877e+02 5.5384600830e+02 5.5384600830e+02 5.5384802246e+02 5.5386700439e+02 5.5389099121e+02 5.5388098145e+02 5.5388800049e+02 5.5390997314e+02 5.5392199707e+02 5.5392999268e+02 5.5395898438e+02 5.5397802734e+02 5.5397497559e+02 5.5401397705e+02 5.5402899170e+02 5.5401898193e+02 5.5400500488e+02 5.5402801514e+02 5.5407702637e+02 5.5414099121e+02 5.5417901611e+02 5.5417999268e+02 5.5417700195e+02 5.5418298340e+02 5.5421398926e+02 5.5420697021e+02
5.5405798340e+02 5.5403198242e+02 5.5402697754e+02 5.5402600098e+02 5.5400299072e+02 5.5400097656e+02 5.5399700928e+02 5.5399200439e+02 5.5397802734e+02 5.5396002197e+02 5.5395397949e+02 5.5392602539e+02 5.5388702393e+02 5.5389001465e+02 5.5387402344e+02 5.5385601807e+02 5.5384802246e+02 5.5382897949e+02 5.5380999756e+02 5.5380401611e+02 5.5382501221e+02 5.5383300781e+02 5.5384002686e+02 5.5384997559e+02 5.5384899902e+02 5.5384100342e+02 5.5384600830e+02 5.5386602783e+02 5.5389697266e+02 5.5390002441e+02 5.5392401123e+02 5.5394897461e+02 5.5394500732e+02 5.5396002197e+02 5.5396600342e+02 5.5396398926e+02 5.5398101807e+02 5.5402899170e+02 5.5407098389e+02 5.5410699463e+02 5.5413397217e+02 5.5415002441e+02 5.5417199707e+02 5.5419500732e+02 5.5422100830e+02 5.5421197510e+02
5.5404797363e+02 5.5402697754e+02 5.5401202393e+02 5.5399902344e+02 5.5397198486e+02 5.5397698975e+02 5.5396301270e+02 5.5395300293e+02 5.5394799805e+02 5.5393902588e+02 5.5392901611e+02 5.5389801025e+02 5.5386798096e+02 5.5387200928e+02 5.5384997559e+02 5.5382702637e+02 5.5380603027e+02 5.5378399658e+02 5.5377301025e+02 5.5377001953e+02 5.5378198242e+02 5.5378802490e+02 5.5380102539e+02 5.5380297852e+02 5.5378997803e+02 5.5379901123e+02 5.5381201172e+02 5.5382397461e+02 5.5384899902e+02 5.5386297607e+02 5.5388702393e+02 5.5390802002e+02 5.5390301514e+02 5.5390002441e+02 5.5389099121e+02 5.5390399170e+02 5.5397998047e+02 5.5404797363e+02 5.5407098389e+02 5.5406597900e+02 5.5407702637e+02 5.5411102295e+02 5.5414898682e+02 5.5418103027e+02 5.5419897461e+02 5.5418200684e+02
5.5402697754e+02 5.5400897217e+02 5.5398498535e+02 5.5396697998e+02 5.5395001221e+02 5.5394702148e+02 5.5392797852e+02 5.5391601563e+02 5.5391101074e+02 5.5389801025e+02 5.5389099121e+02 5.5385797119e+02 5.5383398438e+02 5.5383697510e+02 5.5381097412e+02 5.5379302979e+02 5.5376702881e+02 5.5374597168e+02 5.5373297119e+02 5.5371997070e+02 5.5372399902e+02 5.5372998047e+02 5.5374102783e+02 5.5374798584e+02 5.5374200439e+02 5.5375402832e+02 5.5377801514e+02 5.5378997803e+02 5.5380401611e+02 5.5381896973e+02 5.5383599854e+02 5.5383898926e+02 5.5383697510e+02 5.5383801270e+02 5.5383898926e+02 5.5387799072e+02 5.5398400879e+02 5.5405999756e+02 5.5406799316e+02 5.5404302979e+02 5.5404797363e+02 5.5408801270e+02 5.5412902832e+02 5.5415502930e+02 5.5415100098e+02 5.5412799072e+02
5.5398797607e+02 5.5397998047e+02 5.5395697021e+02 5.5394000244e+02 5.5394097900e+02 5.5392602539e+02 5.5390197754e+02 5.5388702393e+02 5.5388201904e+02 5.5385302734e+02 5.5384197998e+02 5.5380603027e+02 5.5379498291e+02 5.5379302979e+02 5.5376898193e+02 5.5375201416e+02 5.5373699951e+02 5.5371197510e+02 5.5369702148e+02 5.5368597412e+02 5.5368499756e+02 5.5370202637e+02 5.5370202637e+02 5.5371301270e+02 5.5372198486e+02 5.5371398926e+02 5.5372900391e+02 5.5374401855e+02 5.5375897217e+02 5.5376702881e+02 5.5377801514e+02 5.5377099609e+02 5.5374902344e+02 5.5376501465e+02 5.5381402588e+02 5.5390002441e+02 5.5398199463e+02 5.5401300049e+02 5.5402697754e+02 5.5403497314e+02 5.5406500244e+02 5.5408898926e+02 5.5411199951e+02 5.5411499023e+02 5.5408398438e+02 5.5407598877e+02
5.5396002197e+02 5.5395501709e+02 5.5394396973e+02 5.5392199707e+02 5.5390698242e+02 5.5389202881e+02 5.5387799072e+02 5.5385498047e+02 5.5384997559e+02 5.5382598877e+02 5.5381201172e+02 5.5377600098e+02 5.5376202393e+02 5.5375500488e+02 5.5372601318e+02 5.5370501709e+02 5.5369702148e+02 5.5367700195e+02 5.5365802002e+02 5.5365502930e+02 5.5365502930e+02 5.5367297363e+02 5.5366699219e+02 5.5366400146e+02 5.5367199707e+02 5.5368103027e+02 5.5368499756e+02 5.5368902588e+02 5.5368701172e+02 5.5368902588e+02 5.5370800781e+02 5.5372698975e+02 5.5373101807e+02 5.5376300049e+02 5.5383197021e+02 5.5390399170e+02 5.5394897461e+02 5.5395202637e+02 5.5397399902e+02 5.5400299072e+02 5.5403997803e+02 5.5405902100e+02 5.5406097412e+02 5.5405499268e+02 5.5403399658e+02 5.5403900146e+02
5.5393103027e+02 5.5393103027e+02 5.5393499756e+02 5.5391101074e+02 5.5388397217e+02 5.5387200928e+02 5.5385400391e+02 5.5382202148e+02 5.5382098389e+02 5.5378100586e+02 5.5377600098e+02 5.5375500488e+02 5.5373101807e+02 5.5371398926e+02 5.5368402100e+02 5.5365997314e+02 5.5364599609e+02 5.5363800049e+02 5.5362597656e+02 5.5362298584e+02 5.5364599609e+02 5.5365399170e+02 5.5363897705e+02 5.5364300537e+02 5.5364599609e+02 5.5364001465e+02 5.5363702393e+02 5.5364202881e+02 5.5363500977e+02 5.5364202881e+02 5.5367797852e+02 5.5371801758e+02 5.5373999023e+02 5.5378497314e+02 5.5385101318e+02 5.5390600586e+02 5.5391900635e+02 5.5391900635e+02 5.5394201660e+02 5.5396801758e+02 5.5399597168e+02 5.5399597168e+02 5.5399102783e+02 5.5398699951e+02 5.5398699951e+02 5.5401202393e+02
5.5389202881e+02 5.5388702393e+02 5.5389599609e+02 5.5387902832e+02 5.5385900879e+02 5.5385400391e+02 5.5382098389e+02 5.5378497314e+02 5.5379400635e+02 5.5375701904e+02 5.5375500488e+02 5.5372802734e+02 5.5369000244e+02 5.5367102051e+02 5.5364697266e+02 5.5363299561e+02 5.5361602783e+02 5.5361499023e+02 5.5360699463e+02 5.5359301758e+02 5.5360998535e+02 5.5361401367e+02 5.5360601807e+02 5.5360797119e+02 5.5360797119e+02 5.5359301758e+02 5.5357702637e+02 5.5359100342e+02 5.5362701416e+02 5.5364697266e+02 5.5368798828e+02 5.5373199463e+02 5.5375402832e+02 5.5379699707e+02 5.5385302734e+02 5.5388800049e+02 5.5388397217e+02 5.5388897705e+02 5.5390802002e+02 5.5392602539e+02 5.5394097900e+02 5.5393597412e+02 5.5393499756e+02 5.5393798828e+02 5.5395202637e+02 5.5398699951e+02
5.5382000732e+02 5.5383599854e+02 5.5384698486e+02 5.5384301758e+02 5.5381701660e+02 5.5381896973e+02 5.5379302979e+02 5.5376397705e+02 5.5375097656e+02 5.5372900391e+02 5.5371801758e+02 5.5368902588e+02 5.5365802002e+02 5.5363201904e+02 5.5360998535e+02 5.5361199951e+02 5.5359899902e+02 5.5358697510e+02 5.5357897949e+02 5.5356500244e+02 5.5355700684e+02 5.5356701660e+02 5.5357202148e+02 5.5357299805e+02 5.5355200195e+02 5.5353698730e+02 5.5352899170e+02 5.5356298828e+02 5.5363299561e+02 5.5366998291e+02 5.5369897461e+02 5.5372497559e+02 5.5372698975e+02 5.5376501465e+02 5.5379998779e+02 5.5382501221e+02 5.5382598877e+02 5.5385101318e+02 5.5386499023e+02 5.5387402344e+02 5.5388702393e+02 5.5391101074e+02 5.5391900635e+02 5.5392401123e+02 5.5393701172e+02 5.5396398926e+02
5.5379602051e+02 5.5380401611e+02 5.5380200195e+02 5.5377502441e+02 5.5373999023e+02 5.5375701904e+02 5.5374902344e+02 5.5372900391e+02 5.5370501709e+02 5.5367602539e+02 5.5366802979e+02 5.5364898682e+02 5.5363201904e+02 5.5360601807e+02 5.5357897949e+02 5.5357800293e+02 5.5356500244e+02 5.5354901123e+02 5.5354199219e+02 5.5352600098e+02 5.5351202393e+02 5.5351300049e+02 5.5350799561e+02 5.5349798584e+02 5.5348400879e+02 5.5348699951e+02 5.5351599121e+02 5.5357397461e+02 5.5364001465e+02 5.5365399170e+02 5.5367901611e+02 5.5369897461e+02 5.5370300293e+02 5.5371398926e+02 5.5374298096e+02 5.5377197266e+02 5.5379199219e+02 5.5380999756e+02 5.5382397461e+02 5.5383300781e+02 5.5384802246e+02 5.5388897705e+02 5.5390802002e+02 5.5391699219e+02 5.5392797852e+02 5.5394799805e+02
5.5379199219e+02 5.5378601074e+02 5.5375500488e+02 5.5371801758e+02 5.5370697021e+02 5.5369897461e+02 5.5367999268e+02 5.5366699219e+02 5.5365399170e+02 5.5361999512e+02 5.5361798096e+02 5.5360198975e+02 5.5358599854e+02 5.5357202148e+02 5.5354797363e+02 5.5353698730e+02 5.5352001953e+02 5.5349902344e+02 5.5349200439e+02 5.5347399902e+02 5.5346197510e+02 5.5346301270e+02 5.5345202637e+02 5.5344396973e+02 5.5344396973e+02 5.5345898438e+02 5.5349102783e+02 5.5354998779e+02 5.5361499023e+02 5.5363702393e+02 5.5365997314e+02 5.5368103027e+02 5.5368402100e+02 5.5369396973e+02 5.5372100830e+02 5.5374798584e+02 5.5377001953e+02 5.5378601074e+02 5.5379797363e+02 5.5380700684e+02 5.5381799316e+02 5.5385302734e+02 5.5387799072e+02 5.5389300537e+02 5.5390301514e+02 5.5391601563e+02
5.5379797363e+02 5.5378100586e+02 5.5373797607e+02 5.5370397949e+02 5.5370898438e+02 5.5367102051e+02 5.5362902832e+02 5.5360498047e+02 5.5360601807e+02 5.5357897949e+02 5.5356701660e+02 5.5353802490e+02 5.5352099609e+02 5.5352099609e+02 5.5349597168e+02 5.5347302246e+02 5.5346002197e+02 5.5344598389e+02 5.5344299316e+02 5.5342700195e+02 5.5341802979e+02 5.5343402100e+02 5.5342498779e+02 5.5342602539e+02 5.5343499756e+02 5.5344396973e+02 5.5346997070e+02 5.5352801514e+02 5.5358599854e+02 5.5361102295e+02 5.5363500977e+02 5.5365802002e+02 5.5367102051e+02 5.5368499756e+02 5.5371002197e+02 5.5373297119e+02 5.5375299072e+02 5.5376702881e+02 5.5377801514e+02 5.5378900146e+02 5.5379797363e+02 5.5382000732e+02 5.5384197998e+02 5.5385900879e+02 5.5386999512e+02 5.5388500977e+02
