TESTSERVER/9/16.asc
NCOLS 100
NROWS 100
XLLCORNER 7.9497500000e+03
YLLCORNER 2.8915025000e+05
CELLSIZE 5.0000000000e-01
NODATA_VALUE -9.9990000000e+03
[rows 80 to 99 of 100, columns 0 to 45 of 100]
5.5254901123e+02 5.5257202148e+02 5.5256298828e+02 5.5251397705e+02 5.5247900391e+02 5.5249798584e+02 5.5249102783e+02 5.5250500488e+02 5.5249200439e+02 5.5252099609e+02 5.5253497314e+02 5.5252301025e+02 5.5252301025e+02 5.5252197266e+02 5.5250097656e+02 5.5246697998e+02 5.5242602539e+02 5.5238000488e+02 5.5236199951e+02 5.5235498047e+02 5.5233001709e+02 5.5229797363e+02 5.5229101563e+02 5.5229602051e+02 5.5228302002e+02 5.5226202393e+02 5.5227001953e+02 5.5227600098e+02 5.5224597168e+02 5.5225500488e+02 5.5226501465e+02 5.5227001953e+02 5.5227197266e+02 5.5226898193e+02 5.5228900146e+02 5.5231701660e+02 5.5234600830e+02 5.5235797119e+02 5.5236901855e+02 5.5235797119e+02 5.5233599854e+02 5.5236297607e+02 5.5238598633e+02 5.5243701172e+02 5.5249298096e+02 5.5249401855e+02
5.5254101563e+02 5.5256597900e+02 5.5252398682e+02 5.5247198486e+02 5.5246398926e+02 5.5245300293e+02 5.5244799805e+02 5.5247302246e+02 5.5246197510e+02 5.5247100830e+02 5.5247900391e+02 5.5245697021e+02 5.5246197510e+02 5.5245898438e+02 5.5243402100e+02 5.5240698242e+02 5.5237200928e+02 5.5234698486e+02 5.5233099365e+02 5.5231298828e+02 5.5228997803e+02 5.5227600098e+02 5.5227001953e+02 5.5226800537e+02 5.5226501465e+02 5.5224499512e+02 5.5222399902e+02 5.5222100830e+02 5.5220697021e+02 5.5221301270e+02 5.5223498535e+02 5.5223699951e+02 5.5225097656e+02 5.5225701904e+02 5.5225701904e+02 5.5226300049e+02 5.5229498291e+02 5.5229101563e+02 5.5228900146e+02 5.5229302979e+02 5.5229699707e+02 5.5234600830e+02 5.5238201904e+02 5.5242901611e+02 5.5245397949e+02 5.5245800781e+02
5.5252099609e+02 5.5251898193e+02 5.5248699951e+02 5.5246600342e+02 5.5247802734e+02 5.5245001221e+02 5.5242602539e+02 5.5242700195e+02 5.5243701172e+02 5.5244598389e+02 5.5245098877e+02 5.5243103027e+02 5.5242901611e+02 5.5242102051e+02 5.5239202881e+02 5.5237097168e+02 5.5236102295e+02 5.5234698486e+02 5.5232098389e+02 5.5229302979e+02 5.5226599121e+02 5.5226898193e+02 5.5226397705e+02 5.5225500488e+02 5.5224700928e+02 5.5221801758e+02 5.5218298340e+02 5.5217999268e+02 5.5217700195e+02 5.5217401123e+02 5.5219201660e+02 5.5220300293e+02 5.5222302246e+02 5.5223797607e+02 5.5222802734e+02 5.5222601318e+02 5.5224700928e+02 5.5222601318e+02 5.5222497559e+02 5.5225000000e+02 5.5228399658e+02 5.5234301758e+02 5.5237701416e+02 5.5240399170e+02 5.5240600586e+02 5.5241601563e+02
5.5249200439e+02 5.5246398926e+02 5.5244598389e+02 5.5244702148e+02 5.5246398926e+02 5.5248699951e+02 5.5245001221e+02 5.5240301514e+02 5.5241802979e+02 5.5242797852e+02 5.5242498779e+02 5.5240197754e+02 5.5239599609e+02 5.5239398193e+02 5.5236499023e+02 5.5235498047e+02 5.5237701416e+02 5.5234399414e+02 5.5231097412e+02 5.5229199219e+02 5.5226000977e+02 5.5224902344e+02 5.5223901367e+02 5.5222802734e+02 5.5221301270e+02 5.5218902588e+02 5.5216998291e+02 5.5217297363e+02 5.5215301514e+02 5.5214697266e+02 5.5216998291e+02 5.5219097900e+02 5.5219000244e+02 5.5221301270e+02 5.5219500732e+02 5.5217901611e+02 5.5217498779e+02 5.5217700195e+02 5.5220300293e+02 5.5224499512e+02 5.5228997803e+02 5.5233300781e+02 5.5235400391e+02 5.5237298584e+02 5.5236798096e+02 5.5238500977e+02
5.5246801758e+02 5.5241802979e+02 5.5239398193e+02 5.5238500977e+02 5.5237500000e+02 5.5243902588e+02 5.5245898438e+02 5.5240997314e+02 5.5239697266e+02 5.5240802002e+02 5.5240100098e+02 5.5237298584e+02 5.5235498047e+02 5.5237097168e+02 5.5234197998e+02 5.5234100342e+02 5.5237200928e+02 5.5231701660e+02 5.5228100586e+02 5.5228900146e+02 5.5227600098e+02 5.5222399902e+02 5.5219598389e+02 5.5218597412e+02 5.5218103027e+02 5.5215997314e+02 5.5215698242e+02 5.5216101074e+02 5.5215301514e+02 5.5215502930e+02 5.5216998291e+02 5.5218597412e+02 5.5216101074e+02 5.5215502930e+02 5.5214501953e+02 5.5213098145e+02 5.5210900879e+02 5.5213702393e+02 5.5219097900e+02 5.5223999023e+02 5.5228198242e+02 5.5228997803e+02 5.5228997803e+02 5.5231298828e+02 5.5232000732e+02 5.5234698486e+02
5.5240197754e+02 5.5235400391e+02 5.5234197998e+02 5.5234301758e+02 5.5232501221e+02 5.5232501221e+02 5.5233300781e+02 5.5232598877e+02 5.5235400391e+02 5.5236102295e+02 5.5235400391e+02 5.5234197998e+02 5.5233099365e+02 5.5233801270e+02 5.5232800293e+02 5.5233197021e+02 5.5234301758e+02 5.5228900146e+02 5.5225799561e+02 5.5225897217e+02 5.5223199463e+02 5.5219097900e+02 5.5216302490e+02 5.5214801025e+02 5.5213098145e+02 5.5212097168e+02 5.5211199951e+02 5.5211700439e+02 5.5212799072e+02 5.5212097168e+02 5.5211401367e+02 5.5211602783e+02 5.5208300781e+02 5.5206097412e+02 5.5205499268e+02 5.5207098389e+02 5.5210400391e+02 5.5213897705e+02 5.5218103027e+02 5.5221600342e+02 5.5224499512e+02 5.5226300049e+02 5.5225799561e+02 5.5228002930e+02 5.5230700684e+02 5.5233099365e+02
5.5233801270e+02 5.5230499268e+02 5.5229901123e+02 5.5229498291e+02 5.5229797363e+02 5.5230999756e+02 5.5229400635e+02 5.5228698730e+02 5.5233099365e+02 5.5232598877e+02 5.5231298828e+02 5.5230798340e+02 5.5229901123e+02 5.5230603027e+02 5.5230401611e+02 5.5230200195e+02 5.5229302979e+02 5.5225799561e+02 5.5223498535e+02 5.5221502686e+02 5.5218499756e+02 5.5216497803e+02 5.5212701416e+02 5.5210302734e+02 5.5208398438e+02 5.5205200195e+02 5.5204998779e+02 5.5205700684e+02 5.5205999756e+02 5.5204998779e+02 5.5204199219e+02 5.5204101563e+02 5.5202398682e+02 5.5200402832e+02 5.5201300049e+02 5.5204400635e+02 5.5209997559e+02 5.5213201904e+02 5.5216101074e+02 5.5218402100e+02 5.5219799805e+02 5.5223498535e+02 5.5225299072e+02 5.5227899170e+02 5.5229901123e+02 5.5230200195e+02
5.5229797363e+02 5.5228997803e+02 5.5228698730e+02 5.5226898193e+02 5.5226202393e+02 5.5228997803e+02 5.5227301025e+02 5.5226300049e+02 5.5229400635e+02 5.5228997803e+02 5.5228002930e+02 5.5227502441e+02 5.5227398682e+02 5.5227801514e+02 5.5227600098e+02 5.5226800537e+02 5.5225097656e+02 5.5222399902e+02 5.5219897461e+02 5.5216497803e+02 5.5214202881e+02 5.5213800049e+02 5.5209399414e+02 5.5207702637e+02 5.5207299805e+02 5.5201501465e+02 5.5200000000e+02 5.5199401855e+02 5.5197497559e+02 5.5196899414e+02 5.5196801758e+02 5.5197698975e+02 5.5198602295e+02 5.5200097656e+02 5.5202502441e+02 5.5205297852e+02 5.5209399414e+02 5.5211199951e+02 5.5213598633e+02 5.5215802002e+02 5.5216302490e+02 5.5219897461e+02 5.5222900391e+02 5.5225500488e+02 5.5225701904e+02 5.5225799561e+02
5.5226501465e+02 5.5225299072e+02 5.5226202393e+02 5.5225201416e+02 5.5224597168e+02 5.5223498535e+02 5.5221997070e+02 5.5222302246e+02 5.5221997070e+02 5.5224499512e+02 5.5225097656e+02 5.5224700928e+02 5.5225500488e+02 5.5224902344e+02 5.5225598145e+02 5.5225500488e+02 5.5222497559e+02 5.5218499756e+02 5.5216900635e+02 5.5213702393e+02 5.5210699463e+02 5.5208898926e+02 5.5204699707e+02 5.5202600098e+02 5.5200598145e+02 5.5192297363e+02 5.5190197754e+02 5.5189398193e+02 5.5188397217e+02 5.5191900635e+02 5.5195300293e+02 5.5197302246e+02 5.5198400879e+02 5.5201098633e+02 5.5203100586e+02 5.5203601074e+02 5.5204302979e+02 5.5207800293e+02 5.5211297607e+02 5.5214099121e+02 5.5215899658e+02 5.5218200684e+02 5.5220300293e+02 5.5220898438e+02 5.5220098877e+02 5.5223101807e+02
5.5218298340e+02 5.5217700195e+02 5.5220202637e+02 5.5219897461e+02 5.5217700195e+02 5.5219000244e+02 5.5219897461e+02 5.5221899414e+02 5.5219598389e+02 5.5220697021e+02 5.5222601318e+02 5.5221801758e+02 5.5220300293e+02 5.5219799805e+02 5.5221697998e+02 5.5220697021e+02 5.5215197754e+02 5.5210998535e+02 5.5209100342e+02 5.5205798340e+02 5.5202697754e+02 5.5200299072e+02 5.5197399902e+02 5.5195397949e+02 5.5193701172e+02 5.5188598633e+02 5.5186798096e+02 5.5186499023e+02 5.5185699463e+02 5.5187298584e+02 5.5192297363e+02 5.5196002197e+02 5.5195501709e+02 5.5198602295e+02 5.5200799561e+02 5.5200897217e+02 5.5200299072e+02 5.5202502441e+02 5.5205700684e+02 5.5209197998e+02 5.5211901855e+02 5.5214099121e+02 5.5214801025e+02 5.5215698242e+02 5.5216198730e+02 5.5216900635e+02
5.5210498047e+02 5.5210797119e+02 5.5213800049e+02 5.5214398193e+02 5.5212799072e+02 5.5214599609e+02 5.5215698242e+02 5.5216998291e+02 5.5215100098e+02 5.5214202881e+02 5.5215002441e+02 5.5213500977e+02 5.5210400391e+02 5.5209497070e+02 5.5210699463e+02 5.5209698486e+02 5.5206298828e+02 5.5203302002e+02 5.5201098633e+02 5.5198101807e+02 5.5196600342e+02 5.5194396973e+02 5.5193103027e+02 5.5191497803e+02 5.5189697266e+02 5.5188397217e+02 5.5188500977e+02 5.5189202881e+02 5.5187298584e+02 5.5186199951e+02 5.5188800049e+02 5.5191302490e+02 5.5190197754e+02 5.5193701172e+02 5.5195697021e+02 5.5196099854e+02 5.5196301270e+02 5.5198199463e+02 5.5200097656e+02 5.5202801514e+02 5.5205999756e+02 5.5208398438e+02 5.5208697510e+02 5.5210498047e+02 5.5212597656e+02 5.5213299561e+02
5.5205700684e+02 5.5206402588e+02 5.5208599854e+02 5.5209698486e+02 5.5207800293e+02 5.5207202148e+02 5.5206597900e+02 5.5206701660e+02 5.5207000732e+02 5.5205200195e+02 5.5205999756e+02 5.5205603027e+02 5.5203698730e+02 5.5203698730e+02 5.5204400635e+02 5.5204101563e+02 5.5202697754e+02 5.5202099609e+02 5.5201599121e+02 5.5200000000e+02 5.5198797607e+02 5.5195697021e+02 5.5192297363e+02 5.5189501953e+02 5.5188098145e+02 5.5188201904e+02 5.5188000488e+02 5.5188598633e+02 5.5186700439e+02 5.5184399414e+02 5.5185797119e+02 5.5187799072e+02 5.5186401367e+02 5.5188800049e+02 5.5190600586e+02 5.5192901611e+02 5.5194897461e+02 5.5197100830e+02 5.5198498535e+02 5.5200097656e+02 5.5201098633e+02 5.5203997803e+02 5.5205200195e+02 5.5207397461e+02 5.5209399414e+02 5.5209802246e+02
5.5203601074e+02 5.5201898193e+02 5.5201000977e+02 5.5201000977e+02 5.5200201416e+02 5.5200000000e+02 5.5199499512e+02 5.5201000977e+02 5.5202600098e+02 5.5202197266e+02 5.5204498291e+02 5.5206097412e+02 5.5206097412e+02 5.5207000732e+02 5.5208599854e+02 5.5208300781e+02 5.5205700684e+02 5.5204199219e+02 5.5203399658e+02 5.5202001953e+02 5.5199200439e+02 5.5196801758e+02 5.5193103027e+02 5.5190502930e+02 5.5188000488e+02 5.5184997559e+02 5.5184100342e+02 5.5184600830e+02 5.5184698486e+02 5.5181896973e+02 5.5183801270e+02 5.5186602783e+02 5.5187298584e+02 5.5185797119e+02 5.5186401367e+02 5.5191601563e+02 5.5196301270e+02 5.5193902588e+02 5.5195697021e+02 5.5197601318e+02 5.5199798584e+02 5.5203198242e+02 5.5203302002e+02 5.5204998779e+02 5.5206799316e+02 5.5207800293e+02
5.5200402832e+02 5.5196801758e+02 5.5196099854e+02 5.5197497559e+02 5.5200000000e+02 5.5201098633e+02 5.5201898193e+02 5.5203100586e+02 5.5202899170e+02 5.5203802490e+02 5.5207000732e+02 5.5208300781e+02 5.5207702637e+02 5.5209100342e+02 5.5208898926e+02 5.5207202148e+02 5.5205603027e+02 5.5204699707e+02 5.5202502441e+02 5.5199102783e+02 5.5195397949e+02 5.5194396973e+02 5.5191400146e+02 5.5188299561e+02 5.5186499023e+02 5.5182702637e+02 5.5183001709e+02 5.5183001709e+02 5.5182098389e+02 5.5183099365e+02 5.5186700439e+02 5.5186602783e+02 5.5185498047e+02 5.5185900879e+02 5.5185699463e+02 5.5189697266e+02 5.5192199707e+02 5.5188397217e+02 5.5190002441e+02 5.5193298340e+02 5.5197698975e+02 5.5203198242e+02 5.5201300049e+02 5.5201702881e+02 5.5203497314e+02 5.5207501221e+02
5.5197998047e+02 5.5196697998e+02 5.5197802734e+02 5.5199700928e+02 5.5201599121e+02 5.5199597168e+02 5.5199102783e+02 5.5201800537e+02 5.5202600098e+02 5.5202600098e+02 5.5203997803e+02 5.5204302979e+02 5.5204498291e+02 5.5206500244e+02 5.5205798340e+02 5.5203198242e+02 5.5202099609e+02 5.5200897217e+02 5.5200097656e+02 5.5198797607e+02 5.5195800781e+02 5.5194396973e+02 5.5190997314e+02 5.5187597656e+02 5.5186199951e+02 5.5183300781e+02 5.5182702637e+02 5.5181500244e+02 5.5178997803e+02 5.5179998779e+02 5.5184002686e+02 5.5183801270e+02 5.5182598877e+02 5.5184399414e+02 5.5185797119e+02 5.5187597656e+02 5.5186798096e+02 5.5184698486e+02 5.5187298584e+02 5.5190698242e+02 5.5194396973e+02 5.5198297119e+02 5.5197198486e+02 5.5198901367e+02 5.5201501465e+02 5.5204699707e+02
5.5196002197e+02 5.5197497559e+02 5.5198901367e+02 5.5198901367e+02 5.5199102783e+02 5.5196197510e+02 5.5195202637e+02 5.5198699951e+02 5.5200598145e+02 5.5200097656e+02 5.5200402832e+02 5.5200799561e+02 5.5201800537e+02 5.5203399658e+02 5.5202697754e+02 5.5199700928e+02 5.5197601318e+02 5.5194897461e+02 5.5194500732e+02 5.5194097900e+02 5.5193597412e+02 5.5193902588e+02 5.5191302490e+02 5.5188098145e+02 5.5186700439e+02 5.5186602783e+02 5.5183801270e+02 5.5180603027e+02 5.5178198242e+02 5.5177398682e+02 5.5178997803e+02 5.5179797363e+02 5.5179602051e+02 5.5180999756e+02 5.5182897949e+02 5.5183697510e+02 5.5181701660e+02 5.5181597900e+02 5.5184399414e+02 5.5186700439e+02 5.5188897705e+02 5.5191699219e+02 5.5193103027e+02 5.5196600342e+02 5.5199597168e+02 5.5200500488e+02
5.5201800537e+02 5.5199902344e+02 5.5197998047e+02 5.5194396973e+02 5.5193597412e+02 5.5195202637e+02 5.5195697021e+02 5.5196099854e+02 5.5198400879e+02 5.5201501465e+02 5.5202001953e+02 5.5202301025e+02 5.5202899170e+02 5.5202697754e+02 5.5201800537e+02 5.5198901367e+02 5.5197399902e+02 5.5195599365e+02 5.5193701172e+02 5.5190100098e+02 5.5189599609e+02 5.5190997314e+02 5.5190802002e+02 5.5188299561e+02 5.5186297607e+02 5.5192797852e+02 5.5188000488e+02 5.5179901123e+02 5.5177600098e+02 5.5177099609e+02 5.5177099609e+02 5.5176000977e+02 5.5175097656e+02 5.5176000977e+02 5.5177801514e+02 5.5178900146e+02 5.5178497314e+02 5.5178601074e+02 5.5181097412e+02 5.5183599854e+02 5.5185797119e+02 5.5189501953e+02 5.5190899658e+02 5.5190600586e+02 5.5191699219e+02 5.5194299316e+02
5.5197302246e+02 5.5197601318e+02 5.5197399902e+02 5.5195202637e+02 5.5193798828e+02 5.5195599365e+02 5.5196099854e+02 5.5195001221e+02 5.5196502686e+02 5.5198602295e+02 5.5198999023e+02 5.5199798584e+02 5.5204199219e+02 5.5204699707e+02 5.5202502441e+02 5.5198199463e+02 5.5196301270e+02 5.5196099854e+02 5.5194000244e+02 5.5189898682e+02 5.5185797119e+02 5.5185400391e+02 5.5184600830e+02 5.5182098389e+02 5.5181298828e+02 5.5188098145e+02 5.5184197998e+02 5.5175598145e+02 5.5173797607e+02 5.5172900391e+02 5.5172802734e+02 5.5171197510e+02 5.5170599365e+02 5.5172399902e+02 5.5173400879e+02 5.5174298096e+02 5.5174700928e+02 5.5174298096e+02 5.5174597168e+02 5.5176800537e+02 5.5180102539e+02 5.5185302734e+02 5.5184600830e+02 5.5182800293e+02 5.5185998535e+02 5.5187799072e+02
5.5192797852e+02 5.5193499756e+02 5.5194598389e+02 5.5193499756e+02 5.5193298340e+02 5.5194299316e+02 5.5193200684e+02 5.5191900635e+02 5.5192797852e+02 5.5195098877e+02 5.5196600342e+02 5.5198297119e+02 5.5203497314e+02 5.5203100586e+02 5.5199102783e+02 5.5194500732e+02 5.5193298340e+02 5.5194097900e+02 5.5192700195e+02 5.5188201904e+02 5.5182800293e+02 5.5182000732e+02 5.5180102539e+02 5.5176800537e+02 5.5175897217e+02 5.5179699707e+02 5.5177502441e+02 5.5172198486e+02 5.5170202637e+02 5.5168298340e+02 5.5168597412e+02 5.5169897461e+02 5.5170300293e+02 5.5170202637e+02 5.5169598389e+02 5.5169799805e+02 5.5170300293e+02 5.5170800781e+02 5.5169299316e+02 5.5169897461e+02 5.5173797607e+02 5.5178497314e+02 5.5177398682e+02 5.5175598145e+02 5.5179302979e+02 5.5181597900e+02
5.5189599609e+02 5.5189398193e+02 5.5191198730e+02 5.5190997314e+02 5.5191302490e+02 5.5190399170e+02 5.5188897705e+02 5.5188702393e+02 5.5188201904e+02 5.5189697266e+02 5.5191998291e+02 5.5193499756e+02 5.5196600342e+02 5.5195599365e+02 5.5193499756e+02 5.5193298340e+02 5.5194097900e+02 5.5195098877e+02 5.5192602539e+02 5.5187200928e+02 5.5181799316e+02 5.5183398438e+02 5.5183398438e+02 5.5178497314e+02 5.5174700928e+02 5.5173797607e+02 5.5171502686e+02 5.5169396973e+02 5.5166497803e+02 5.5164202881e+02 5.5164801025e+02 5.5166699219e+02 5.5166400146e+02 5.5166699219e+02 5.5165502930e+02 5.5164300537e+02 5.5164001465e+02 5.5167297363e+02 5.5166601563e+02 5.5166497803e+02 5.5169396973e+02 5.5172399902e+02 5.5172698975e+02 5.5172497559e+02 5.5174200439e+02 5.5177301025e+02
