TESTSERVER/9/2.asc
NCOLS 100
NROWS 100
XLLCORNER 7.9497500000e+03
YLLCORNER 2.8985025000e+05
CELLSIZE 5.0000000000e-01
NODATA_VALUE -9.9990000000e+03
[rows 0 to 19 of 100, columns 46 to 91 of 100]
6.1544702148e+02 6.1531402588e+02 6.1525799561e+02 6.1522100830e+02 6.1518103027e+02 6.1503997803e+02 6.1480902100e+02 6.1456500244e+02 6.1437799072e+02 6.1414001465e+02 6.1388800049e+02 6.1357202148e+02 6.1317602539e+02 6.1287500000e+02 6.1267999268e+02 6.1255102539e+02 6.1249798584e+02 6.1247198486e+02 6.1246502686e+02 6.1244201660e+02 6.1241101074e+02 6.1237200928e+02 6.1220898438e+02 6.1195800781e+02 6.1168499756e+02 6.1139898682e+02 6.1114898682e+02 6.1095098877e+02 6.1082098389e+02 6.1067700195e+02 6.1054101563e+02 6.1046697998e+02 6.1045697021e+02 6.1046301270e+02 6.1054400635e+02 6.1064501953e+02 6.1074298096e+02 6.1085601807e+02 6.1095898438e+02 6.1105102539e+02 6.1115002441e+02 6.1124700928e+02 6.1129901123e+02 6.1136102295e+02 6.1145001221e+02 6.1164099121e+02
6.1511297607e+02 6.1492700195e+02 6.1481097412e+02 6.1472802734e+02 6.1463201904e+02 6.1443402100e+02 6.1420697021e+02 6.1397900391e+02 6.1373901367e+02 6.1347601318e+02 6.1324798584e+02 6.1295697021e+02 6.1259301758e+02 6.1229602051e+02 6.1212799072e+02 6.1200000000e+02 6.1193402100e+02 6.1188500977e+02 6.1186499023e+02 6.1185400391e+02 6.1182098389e+02 6.1171997070e+02 6.1158599854e+02 6.1141900635e+02 6.1120300293e+02 6.1098400879e+02 6.1076702881e+02 6.1057098389e+02 6.1041998291e+02 6.1020697021e+02 6.1006201172e+02 6.1004101563e+02 6.1006701660e+02 6.1007000732e+02 6.1012298584e+02 6.1018798828e+02 6.1029101563e+02 6.1036199951e+02 6.1041601563e+02 6.1048297119e+02 6.1058898926e+02 6.1067498779e+02 6.1065100098e+02 6.1059899902e+02 6.1057098389e+02 6.1059899902e+02
6.1471697998e+02 6.1448797607e+02 6.1434197998e+02 6.1421502686e+02 6.1405902100e+02 6.1380902100e+02 6.1356896973e+02 6.1334301758e+02 6.1308898926e+02 6.1286297607e+02 6.1269000244e+02 6.1243298340e+02 6.1208801270e+02 6.1185400391e+02 6.1169897461e+02 6.1154302979e+02 6.1143499756e+02 6.1133197021e+02 6.1126800537e+02 6.1126098633e+02 6.1128497314e+02 6.1119000244e+02 6.1107299805e+02 6.1093701172e+02 6.1078802490e+02 6.1066302490e+02 6.1051501465e+02 6.1036401367e+02 6.1020800781e+02 6.0989398193e+02 6.0973498535e+02 6.0972399902e+02 6.0973199463e+02 6.0971899414e+02 6.0978198242e+02 6.0986199951e+02 6.0987597656e+02 6.0984197998e+02 6.0989001465e+02 6.0998101807e+02 6.1007397461e+02 6.1008197021e+02 6.0996997070e+02 6.0984002686e+02 6.0979602051e+02 6.0978100586e+02
6.1428497314e+02 6.1404901123e+02 6.1388201904e+02 6.1370697021e+02 6.1346502686e+02 6.1317199707e+02 6.1293298340e+02 6.1271697998e+02 6.1249102783e+02 6.1233398438e+02 6.1216601563e+02 6.1189202881e+02 6.1155700684e+02 6.1139001465e+02 6.1127099609e+02 6.1111999512e+02 6.1098400879e+02 6.1084600830e+02 6.1070501709e+02 6.1063000488e+02 6.1066900635e+02 6.1067498779e+02 6.1063201904e+02 6.1053302002e+02 6.1041900635e+02 6.1035998535e+02 6.1030902100e+02 6.1025000000e+02 6.1013201904e+02 6.0980297852e+02 6.0967297363e+02 6.0965600586e+02 6.0956298828e+02 6.0946600342e+02 6.0946600342e+02 6.0950201416e+02 6.0947900391e+02 6.0943103027e+02 6.0951000977e+02 6.0964599609e+02 6.0970800781e+02 6.0965899658e+02 6.0952600098e+02 6.0939001465e+02 6.0937701416e+02 6.0939398193e+02
6.1383898926e+02 6.1359802246e+02 6.1338598633e+02 6.1314001465e+02 6.1277899170e+02 6.1254797363e+02 6.1234997559e+02 6.1213800049e+02 6.1190301514e+02 6.1180999756e+02 6.1156701660e+02 6.1124597168e+02 6.1101599121e+02 6.1093798828e+02 6.1083697510e+02 6.1067700195e+02 6.1047497559e+02 6.1030700684e+02 6.1010797119e+02 6.0997601318e+02 6.0996801758e+02 6.1003002930e+02 6.1014001465e+02 6.1018701172e+02 6.1015698242e+02 6.1014300537e+02 6.1014300537e+02 6.1012799072e+02 6.1000701904e+02 6.0973602295e+02 6.0962500000e+02 6.0960101318e+02 6.0951300049e+02 6.0941101074e+02 6.0932501221e+02 6.0926501465e+02 6.0932299805e+02 6.0932098389e+02 6.0941101074e+02 6.0952600098e+02 6.0959802246e+02 6.0949401855e+02 6.0943298340e+02 6.0938201904e+02 6.0944799805e+02 6.0940698242e+02
6.1328802490e+02 6.1298699951e+02 6.1273400879e+02 6.1246398926e+02 6.1216699219e+02 6.1199200439e+02 6.1182202148e+02 6.1159899902e+02 6.1135302734e+02 6.1116900635e+02 6.1094000244e+02 6.1073297119e+02 6.1065600586e+02 6.1057000732e+02 6.1037200928e+02 6.1013702393e+02 6.0996899414e+02 6.0977502441e+02 6.0963897705e+02 6.0962597656e+02 6.0970098877e+02 6.0965802002e+02 6.0975897217e+02 6.0995501709e+02 6.1000897217e+02 6.0998199463e+02 6.0998199463e+02 6.0997998047e+02 6.0983398438e+02 6.0955999756e+02 6.0944299316e+02 6.0941998291e+02 6.0939697266e+02 6.0934899902e+02 6.0930902100e+02 6.0930603027e+02 6.0934600830e+02 6.0938800049e+02 6.0942999268e+02 6.0947601318e+02 6.0949200439e+02 6.0946099854e+02 6.0944799805e+02 6.0944299316e+02 6.0943701172e+02 6.0942999268e+02
6.1268298340e+02 6.1234802246e+02 6.1208801270e+02 6.1185198975e+02 6.1164001465e+02 6.1151300049e+02 6.1133502197e+02 6.1112097168e+02 6.1090997314e+02 6.1071301270e+02 6.1050701904e+02 6.1034399414e+02 6.1030603027e+02 6.1019500732e+02 6.0994201660e+02 6.0972601318e+02 6.0963201904e+02 6.0945098877e+02 6.0936401367e+02 6.0942797852e+02 6.0959100342e+02 6.0956402588e+02 6.0964801025e+02 6.0989398193e+02 6.0994799805e+02 6.0987298584e+02 6.0985797119e+02 6.0982299805e+02 6.0962200928e+02 6.0940002441e+02 6.0930700684e+02 6.0929498291e+02 6.0929998779e+02 6.0929302979e+02 6.0930102539e+02 6.0933697510e+02 6.0938800049e+02 6.0940502930e+02 6.0941101074e+02 6.0942102051e+02 6.0942700195e+02 6.0943597412e+02 6.0944702148e+02 6.0944799805e+02 6.0943701172e+02 6.0943298340e+02
6.1199200439e+02 6.1169299316e+02 6.1148199463e+02 6.1130902100e+02 6.1116699219e+02 6.1104901123e+02 6.1086102295e+02 6.1067901611e+02 6.1053900146e+02 6.1037902832e+02 6.1016101074e+02 6.0995501709e+02 6.0990301514e+02 6.0986602783e+02 6.0965600586e+02 6.0948602295e+02 6.0943402100e+02 6.0928802490e+02 6.0922198486e+02 6.0928002930e+02 6.0941601563e+02 6.0943298340e+02 6.0953997803e+02 6.0981896973e+02 6.0988098145e+02 6.0979199219e+02 6.0977502441e+02 6.0970300293e+02 6.0947100830e+02 6.0931701660e+02 6.0926501465e+02 6.0926098633e+02 6.0926300049e+02 6.0926898193e+02 6.0931097412e+02 6.0937298584e+02 6.0941900635e+02 6.0940997314e+02 6.0939501953e+02 6.0939398193e+02 6.0940399170e+02 6.0942999268e+02 6.0944702148e+02 6.0944897461e+02 6.0943798828e+02 6.0944097900e+02
6.1122998047e+02 6.1105603027e+02 6.1092401123e+02 6.1079400635e+02 6.1065399170e+02 6.1054797363e+02 6.1035797119e+02 6.1021502686e+02 6.1016400146e+02 6.1009197998e+02 6.0988500977e+02 6.0961999512e+02 6.0949902344e+02 6.0961700439e+02 6.0951098633e+02 6.0933197021e+02 6.0927502441e+02 6.0924102783e+02 6.0919702148e+02 6.0918499756e+02 6.0918499756e+02 6.0919201660e+02 6.0933898926e+02 6.0961700439e+02 6.0974298096e+02 6.0969500732e+02 6.0965997314e+02 6.0954901123e+02 6.0933300781e+02 6.0929498291e+02 6.0928002930e+02 6.0927600098e+02 6.0926702881e+02 6.0926800537e+02 6.0933398438e+02 6.0941302490e+02 6.0936999512e+02 6.0933502197e+02 6.0934002686e+02 6.0938000488e+02 6.0942401123e+02 6.0944000244e+02 6.0944598389e+02 6.0943902588e+02 6.0942498779e+02 6.0944897461e+02
6.1072998047e+02 6.1059899902e+02 6.1045300293e+02 6.1026000977e+02 6.1009997559e+02 6.1000000000e+02 6.0986499023e+02 6.0977502441e+02 6.0977301025e+02 6.0978997803e+02 6.0969702148e+02 6.0947497559e+02 6.0933898926e+02 6.0941400146e+02 6.0940997314e+02 6.0932501221e+02 6.0927899170e+02 6.0922998047e+02 6.0918402100e+02 6.0914202881e+02 6.0910900879e+02 6.0905499268e+02 6.0917102051e+02 6.0941802979e+02 6.0957098389e+02 6.0955700684e+02 6.0951501465e+02 6.0940997314e+02 6.0927801514e+02 6.0928302002e+02 6.0927197266e+02 6.0925701904e+02 6.0925299072e+02 6.0926000977e+02 6.0935400391e+02 6.0945697021e+02 6.0939099121e+02 6.0931500244e+02 6.0934600830e+02 6.0942700195e+02 6.0946099854e+02 6.0943902588e+02 6.0944299316e+02 6.0944799805e+02 6.0945001221e+02 6.0946600342e+02
6.1033300781e+02 6.1022399902e+02 6.1004602051e+02 6.0981500244e+02 6.0963500977e+02 6.0952197266e+02 6.0942999268e+02 6.0939898682e+02 6.0940197754e+02 6.0939202881e+02 6.0941302490e+02 6.0935302734e+02 6.0930902100e+02 6.0933697510e+02 6.0936901855e+02 6.0933898926e+02 6.0924798584e+02 6.0919299316e+02 6.0915698242e+02 6.0911602783e+02 6.0907702637e+02 6.0900598145e+02 6.0905999756e+02 6.0923400879e+02 6.0936401367e+02 6.0936102295e+02 6.0934802246e+02 6.0931799316e+02 6.0929699707e+02 6.0930401611e+02 6.0926800537e+02 6.0924597168e+02 6.0929998779e+02 6.0935302734e+02 6.0940100098e+02 6.0946502686e+02 6.0943597412e+02 6.0940600586e+02 6.0941101074e+02 6.0945202637e+02 6.0948400879e+02 6.0945898438e+02 6.0948602295e+02 6.0951800537e+02 6.0950598145e+02 6.0948699951e+02
6.1005401611e+02 6.0993402100e+02 6.0974102783e+02 6.0951397705e+02 6.0936499023e+02 6.0928802490e+02 6.0921197510e+02 6.0919299316e+02 6.0919598389e+02 6.0915600586e+02 6.0921697998e+02 6.0927697754e+02 6.0932397461e+02 6.0933398438e+02 6.0934197998e+02 6.0929199219e+02 6.0915899658e+02 6.0912200928e+02 6.0910900879e+02 6.0908801270e+02 6.0906201172e+02 6.0901599121e+02 6.0902301025e+02 6.0910400391e+02 6.0917102051e+02 6.0915802002e+02 6.0919799805e+02 6.0927697754e+02 6.0935302734e+02 6.0933197021e+02 6.0927899170e+02 6.0929199219e+02 6.0944097900e+02 6.0954400635e+02 6.0950897217e+02 6.0948999023e+02 6.0948901367e+02 6.0949700928e+02 6.0947900391e+02 6.0947497559e+02 6.0949798584e+02 6.0949700928e+02 6.0954901123e+02 6.0960101318e+02 6.0958398438e+02 6.0954498291e+02
6.0983197021e+02 6.0963702393e+02 6.0942199707e+02 6.0923797607e+02 6.0916101074e+02 6.0916302490e+02 6.0913702393e+02 6.0913397217e+02 6.0916699219e+02 6.0920397949e+02 6.0923602295e+02 6.0926702881e+02 6.0927502441e+02 6.0926397705e+02 6.0921899414e+02 6.0914202881e+02 6.0907501221e+02 6.0906402588e+02 6.0906298828e+02 6.0905700684e+02 6.0904400635e+02 6.0903497314e+02 6.0902697754e+02 6.0903497314e+02 6.0903698730e+02 6.0905499268e+02 6.0915802002e+02 6.0931402588e+02 6.0944201660e+02 6.0932897949e+02 6.0933599854e+02 6.0945501709e+02 6.0958502197e+02 6.0968902588e+02 6.0960601807e+02 6.0954901123e+02 6.0955902100e+02 6.0956097412e+02 6.0954498291e+02 6.0953302002e+02 6.0953900146e+02 6.0956201172e+02 6.0961798096e+02 6.0965301514e+02 6.0969097900e+02 6.0968200684e+02
6.0953002930e+02 6.0926098633e+02 6.0904797363e+02 6.0892602539e+02 6.0891900635e+02 6.0895098877e+02 6.0902899170e+02 6.0911602783e+02 6.0916699219e+02 6.0921002197e+02 6.0922802734e+02 6.0922100830e+02 6.0919799805e+02 6.0918103027e+02 6.0913098145e+02 6.0907000732e+02 6.0904498291e+02 6.0905200195e+02 6.0904602051e+02 6.0904302979e+02 6.0904498291e+02 6.0904602051e+02 6.0903302002e+02 6.0903002930e+02 6.0903302002e+02 6.0903002930e+02 6.0911602783e+02 6.0925598145e+02 6.0930499268e+02 6.0921600342e+02 6.0950201416e+02 6.0980102539e+02 6.0975897217e+02 6.0969201660e+02 6.0962902832e+02 6.0961602783e+02 6.0960101318e+02 6.0958099365e+02 6.0954797363e+02 6.0953900146e+02 6.0958502197e+02 6.0963098145e+02 6.0967102051e+02 6.0974102783e+02 6.0986199951e+02 6.0982501221e+02
6.0917901611e+02 6.0895098877e+02 6.0879998779e+02 6.0874700928e+02 6.0878900146e+02 6.0886102295e+02 6.0903100586e+02 6.0919702148e+02 6.0921697998e+02 6.0919299316e+02 6.0917700195e+02 6.0914001465e+02 6.0909802246e+02 6.0908502197e+02 6.0905798340e+02 6.0903198242e+02 6.0903302002e+02 6.0903399658e+02 6.0902899170e+02 6.0903100586e+02 6.0904199219e+02 6.0905297852e+02 6.0903802490e+02 6.0903100586e+02 6.0904101563e+02 6.0901000977e+02 6.0905603027e+02 6.0919598389e+02 6.0929797363e+02 6.0932202148e+02 6.0969000244e+02 6.0993402100e+02 6.0976098633e+02 6.0967498779e+02 6.0965502930e+02 6.0964300537e+02 6.0959600830e+02 6.0957202148e+02 6.0955200195e+02 6.0956701660e+02 6.0967901611e+02 6.0975201416e+02 6.0978100586e+02 6.0984002686e+02 6.0991497803e+02 6.0990698242e+02
6.0888000488e+02 6.0876202393e+02 6.0869097900e+02 6.0869598389e+02 6.0875598145e+02 6.0882598877e+02 6.0901501465e+02 6.0921600342e+02 6.0925000000e+02 6.0915997314e+02 6.0911199951e+02 6.0906597900e+02 6.0902301025e+02 6.0900598145e+02 6.0900097656e+02 6.0900799561e+02 6.0902697754e+02 6.0902301025e+02 6.0901800537e+02 6.0902099609e+02 6.0903100586e+02 6.0904901123e+02 6.0903698730e+02 6.0903002930e+02 6.0905603027e+02 6.0902600098e+02 6.0904901123e+02 6.0920202637e+02 6.0939398193e+02 6.0943597412e+02 6.0965399170e+02 6.0978399658e+02 6.0967901611e+02 6.0961297607e+02 6.0960400391e+02 6.0961401367e+02 6.0959399414e+02 6.0959197998e+02 6.0962097168e+02 6.0967498779e+02 6.0978399658e+02 6.0984997559e+02 6.0989300537e+02 6.0994299316e+02 6.0994897461e+02 6.1000799561e+02
6.0875897217e+02 6.0874200439e+02 6.0872900391e+02 6.0873101807e+02 6.0874200439e+02 6.0876300049e+02 6.0885302734e+02 6.0900402832e+02 6.0908801270e+02 6.0911901855e+02 6.0908398438e+02 6.0904797363e+02 6.0901000977e+02 6.0898400879e+02 6.0898199463e+02 6.0900402832e+02 6.0904699707e+02 6.0902697754e+02 6.0901702881e+02 6.0901501465e+02 6.0901800537e+02 6.0903698730e+02 6.0902697754e+02 6.0902197266e+02 6.0905297852e+02 6.0904602051e+02 6.0906298828e+02 6.0921600342e+02 6.0938598633e+02 6.0930700684e+02 6.0929797363e+02 6.0942199707e+02 6.0962097168e+02 6.0958398438e+02 6.0955999756e+02 6.0962799072e+02 6.0963201904e+02 6.0962701416e+02 6.0969396973e+02 6.0978302002e+02 6.0986999512e+02 6.0986499023e+02 6.0988500977e+02 6.0996099854e+02 6.1003100586e+02 6.1010699463e+02
6.0875500488e+02 6.0876098633e+02 6.0873999023e+02 6.0871197510e+02 6.0870397949e+02 6.0870599365e+02 6.0873797607e+02 6.0881500244e+02 6.0893902588e+02 6.0901898193e+02 6.0903399658e+02 6.0902001953e+02 6.0900701904e+02 6.0899102783e+02 6.0898602295e+02 6.0900000000e+02 6.0902899170e+02 6.0902001953e+02 6.0901098633e+02 6.0901898193e+02 6.0904199219e+02 6.0904498291e+02 6.0902502441e+02 6.0902398682e+02 6.0907501221e+02 6.0908697510e+02 6.0913299561e+02 6.0926898193e+02 6.0931896973e+02 6.0925402832e+02 6.0922698975e+02 6.0928100586e+02 6.0941302490e+02 6.0946801758e+02 6.0954302979e+02 6.0967797852e+02 6.0970098877e+02 6.0966302490e+02 6.0972100830e+02 6.0981799316e+02 6.0989001465e+02 6.0989801025e+02 6.0993200684e+02 6.1001702881e+02 6.1013800049e+02 6.1027197266e+02
6.0871801758e+02 6.0872802734e+02 6.0870800781e+02 6.0868200684e+02 6.0868902588e+02 6.0871099854e+02 6.0872399902e+02 6.0874200439e+02 6.0879699707e+02 6.0887597656e+02 6.0891400146e+02 6.0894598389e+02 6.0897698975e+02 6.0898498535e+02 6.0898901367e+02 6.0900000000e+02 6.0901501465e+02 6.0901000977e+02 6.0901599121e+02 6.0904998779e+02 6.0910101318e+02 6.0910400391e+02 6.0909600830e+02 6.0911499023e+02 6.0918200684e+02 6.0920397949e+02 6.0923498535e+02 6.0933099365e+02 6.0932897949e+02 6.0926202393e+02 6.0923602295e+02 6.0924499512e+02 6.0930700684e+02 6.0939001465e+02 6.0949102783e+02 6.0961901855e+02 6.0966601563e+02 6.0965502930e+02 6.0972302246e+02 6.0980603027e+02 6.0988397217e+02 6.0994396973e+02 6.1000701904e+02 6.1009899902e+02 6.1023602295e+02 6.1033599854e+02
6.0867401123e+02 6.0869097900e+02 6.0867401123e+02 6.0865802002e+02 6.0868798828e+02 6.0874597168e+02 6.0875299072e+02 6.0872497559e+02 6.0870202637e+02 6.0874902344e+02 6.0879602051e+02 6.0885797119e+02 6.0892999268e+02 6.0897198486e+02 6.0899597168e+02 6.0901397705e+02 6.0902697754e+02 6.0903002930e+02 6.0905603027e+02 6.0911499023e+02 6.0919799805e+02 6.0921197510e+02 6.0922100830e+02 6.0924902344e+02 6.0929400635e+02 6.0930603027e+02 6.0930902100e+02 6.0934698486e+02 6.0933599854e+02 6.0928198242e+02 6.0928399658e+02 6.0931500244e+02 6.0940600586e+02 6.0946099854e+02 6.0949700928e+02 6.0956701660e+02 6.0963800049e+02 6.0967102051e+02 6.0974700928e+02 6.0983001709e+02 6.0993798828e+02 6.1003802490e+02 6.1010601807e+02 6.1017401123e+02 6.1030297852e+02 6.1036700439e+02
