TESTSERVER/9/2.asc
NCOLS 100
NROWS 100
XLLCORNER 7.9497500000e+03
YLLCORNER 2.8985025000e+05
CELLSIZE 5.0000000000e-01
NODATA_VALUE -9.9990000000e+03
[rows 80 to 99 of 100, columns 0 to 45 of 100]
6.1351098633e+02 6.1353497314e+02 6.1358197021e+02 6.1360998535e+02 6.1361602783e+02 6.1361102295e+02 6.1360601807e+02 6.1360198975e+02 6.1362298584e+02 6.1365997314e+02 6.1374798584e+02 6.1386199951e+02 6.1403302002e+02 6.1432397461e+02 6.1480499268e+02 6.1517901611e+02 6.1548901367e+02 6.1573297119e+02 6.1594799805e+02 6.1618200684e+02 6.1639898682e+02 6.1657202148e+02 6.1674401855e+02 6.1692602539e+02 6.1705102539e+02 6.1718200684e+02 6.1739202881e+02 6.1762097168e+02 6.1781201172e+02 6.1805102539e+02 6.1828698730e+02 6.1843402100e+02 6.1857397461e+02 6.1872698975e+02 6.1886798096e+02 6.1877600098e+02 6.1869702148e+02 6.1869097900e+02 6.1875500488e+02 6.1890502930e+02 6.1893402100e+02 6.1883197021e+02 6.1881201172e+02 6.1875701904e+02 6.1866601563e+02 6.1857702637e+02
6.1345697021e+02 6.1348999023e+02 6.1354797363e+02 6.1357202148e+02 6.1359600830e+02 6.1364398193e+02 6.1366900635e+02 6.1372802734e+02 6.1378698730e+02 6.1384899902e+02 6.1393902588e+02 6.1405700684e+02 6.1433697510e+02 6.1472998047e+02 6.1509802246e+02 6.1537200928e+02 6.1568402100e+02 6.1588397217e+02 6.1600201416e+02 6.1622998047e+02 6.1645599365e+02 6.1663800049e+02 6.1684002686e+02 6.1703198242e+02 6.1716699219e+02 6.1729797363e+02 6.1745501709e+02 6.1764801025e+02 6.1785797119e+02 6.1813897705e+02 6.1840197754e+02 6.1853802490e+02 6.1870397949e+02 6.1891802979e+02 6.1910498047e+02 6.1906298828e+02 6.1896502686e+02 6.1895898438e+02 6.1905401611e+02 6.1920202637e+02 6.1928698730e+02 6.1930603027e+02 6.1931097412e+02 6.1924700928e+02 6.1917999268e+02 6.1915301514e+02
6.1340399170e+02 6.1343402100e+02 6.1350897217e+02 6.1357598877e+02 6.1364398193e+02 6.1372601318e+02 6.1380401611e+02 6.1390997314e+02 6.1398901367e+02 6.1408300781e+02 6.1422900391e+02 6.1438897705e+02 6.1469799805e+02 6.1501702881e+02 6.1520800781e+02 6.1554602051e+02 6.1593902588e+02 6.1607800293e+02 6.1614300537e+02 6.1631500244e+02 6.1650799561e+02 6.1669799805e+02 6.1691802979e+02 6.1711700439e+02 6.1726599121e+02 6.1742297363e+02 6.1759899902e+02 6.1775799561e+02 6.1795202637e+02 6.1826202393e+02 6.1857299805e+02 6.1870001221e+02 6.1884899902e+02 6.1906799316e+02 6.1927697754e+02 6.1930102539e+02 6.1925201416e+02 6.1926000977e+02 6.1932897949e+02 6.1943103027e+02 6.1956298828e+02 6.1967999268e+02 6.1976300049e+02 6.1973999023e+02 6.1972601318e+02 6.1971502686e+02
6.1338800049e+02 6.1343499756e+02 6.1352697754e+02 6.1364300537e+02 6.1374298096e+02 6.1383898926e+02 6.1395397949e+02 6.1405200195e+02 6.1417297363e+02 6.1434497070e+02 6.1455401611e+02 6.1471502686e+02 6.1487402344e+02 6.1505603027e+02 6.1521697998e+02 6.1565301514e+02 6.1607299805e+02 6.1615802002e+02 6.1625897217e+02 6.1641400146e+02 6.1658898926e+02 6.1678002930e+02 6.1699798584e+02 6.1720001221e+02 6.1734698486e+02 6.1752197266e+02 6.1776702881e+02 6.1793402100e+02 6.1810601807e+02 6.1841601563e+02 6.1874597168e+02 6.1890399170e+02 6.1903198242e+02 6.1920501709e+02 6.1938201904e+02 6.1945800781e+02 6.1950299072e+02 6.1956500244e+02 6.1964898682e+02 6.1977099609e+02 6.1990502930e+02 6.2004101563e+02 6.2019299316e+02 6.2028100586e+02 6.2034100342e+02 6.2034997559e+02
6.1339898682e+02 6.1348699951e+02 6.1358300781e+02 6.1371997070e+02 6.1381201172e+02 6.1390997314e+02 6.1403399658e+02 6.1414300537e+02 6.1432702637e+02 6.1451300049e+02 6.1465899658e+02 6.1481701660e+02 6.1493499756e+02 6.1506500244e+02 6.1522399902e+02 6.1564599609e+02 6.1601300049e+02 6.1612597656e+02 6.1627099609e+02 6.1647100830e+02 6.1666497803e+02 6.1685400391e+02 6.1704302979e+02 6.1727099609e+02 6.1742498779e+02 6.1760101318e+02 6.1788098145e+02 6.1805401611e+02 6.1823199463e+02 6.1851000977e+02 6.1880499268e+02 6.1905700684e+02 6.1921801758e+02 6.1935400391e+02 6.1948699951e+02 6.1961401367e+02 6.1979699707e+02 6.1993597412e+02 6.2002899170e+02 6.2015100098e+02 6.2028698730e+02 6.2042700195e+02 6.2059197998e+02 6.2069201660e+02 6.2074798584e+02 6.2079101563e+02
6.1343597412e+02 6.1353399658e+02 6.1362500000e+02 6.1375598145e+02 6.1385797119e+02 6.1394097900e+02 6.1406402588e+02 6.1421002197e+02 6.1438897705e+02 6.1452899170e+02 6.1466601563e+02 6.1483398438e+02 6.1499102783e+02 6.1515002441e+02 6.1531097412e+02 6.1562200928e+02 6.1591601563e+02 6.1609802246e+02 6.1628100586e+02 6.1649401855e+02 6.1671801758e+02 6.1691302490e+02 6.1706896973e+02 6.1728997803e+02 6.1750799561e+02 6.1772698975e+02 6.1795501709e+02 6.1814398193e+02 6.1834399414e+02 6.1856597900e+02 6.1880902100e+02 6.1909997559e+02 6.1935400391e+02 6.1954998779e+02 6.1968298340e+02 6.1982897949e+02 6.2006799316e+02 6.2022100830e+02 6.2028900146e+02 6.2043798828e+02 6.2062500000e+02 6.2078302002e+02 6.2089501953e+02 6.2103601074e+02 6.2113500977e+02 6.2119500732e+02
6.1346197510e+02 6.1354699707e+02 6.1364202881e+02 6.1375799561e+02 6.1387402344e+02 6.1397399902e+02 6.1409997559e+02 6.1424200439e+02 6.1439099121e+02 6.1452502441e+02 6.1467901611e+02 6.1485699463e+02 6.1503802490e+02 6.1522198486e+02 6.1537701416e+02 6.1559997559e+02 6.1584002686e+02 6.1604797363e+02 6.1627600098e+02 6.1651898193e+02 6.1674597168e+02 6.1693701172e+02 6.1710797119e+02 6.1733801270e+02 6.1757397461e+02 6.1779797363e+02 6.1801000977e+02 6.1823699951e+02 6.1845697021e+02 6.1865600586e+02 6.1886199951e+02 6.1914099121e+02 6.1941900635e+02 6.1964599609e+02 6.1979498291e+02 6.1995202637e+02 6.2017901611e+02 6.2033502197e+02 6.2046099854e+02 6.2066497803e+02 6.2088299561e+02 6.2106597900e+02 6.2119702148e+02 6.2135400391e+02 6.2146099854e+02 6.2152398682e+02
6.1344897461e+02 6.1353100586e+02 6.1363897705e+02 6.1374700928e+02 6.1386401367e+02 6.1399298096e+02 6.1413098145e+02 6.1427600098e+02 6.1441900635e+02 6.1456298828e+02 6.1471502686e+02 6.1488098145e+02 6.1504797363e+02 6.1522497559e+02 6.1539501953e+02 6.1562298584e+02 6.1585601807e+02 6.1606500244e+02 6.1629901123e+02 6.1658197021e+02 6.1680603027e+02 6.1697698975e+02 6.1717401123e+02 6.1742297363e+02 6.1765399170e+02 6.1786102295e+02 6.1808599854e+02 6.1833300781e+02 6.1855603027e+02 6.1875799561e+02 6.1896502686e+02 6.1920800781e+02 6.1945001221e+02 6.1966601563e+02 6.1984399414e+02 6.2002001953e+02 6.2022198486e+02 6.2039099121e+02 6.2059997559e+02 6.2082897949e+02 6.2105401611e+02 6.2127398682e+02 6.2142401123e+02 6.2155700684e+02 6.2169702148e+02 6.2183197021e+02
6.1342102051e+02 6.1351702881e+02 6.1362902832e+02 6.1374401855e+02 6.1387298584e+02 6.1400799561e+02 6.1414697266e+02 6.1432000732e+02 6.1448797607e+02 6.1465100098e+02 6.1481597900e+02 6.1493902588e+02 6.1510101318e+02 6.1526800537e+02 6.1544097900e+02 6.1570697021e+02 6.1594396973e+02 6.1615100098e+02 6.1640997314e+02 6.1671197510e+02 6.1690197754e+02 6.1706701660e+02 6.1726501465e+02 6.1750097656e+02 6.1773797607e+02 6.1795697021e+02 6.1819799805e+02 6.1842498779e+02 6.1862500000e+02 6.1882598877e+02 6.1904901123e+02 6.1928198242e+02 6.1950299072e+02 6.1971002197e+02 6.1990100098e+02 6.2011199951e+02 6.2028100586e+02 6.2045898438e+02 6.2071197510e+02 6.2096600342e+02 6.2119097900e+02 6.2140100098e+02 6.2153302002e+02 6.2170397949e+02 6.2190502930e+02 6.2209899902e+02
6.1340802002e+02 6.1351098633e+02 6.1365100098e+02 6.1378497314e+02 6.1392797852e+02 6.1408801270e+02 6.1429602051e+02 6.1443499756e+02 6.1460601807e+02 6.1478997803e+02 6.1493499756e+02 6.1505102539e+02 6.1519799805e+02 6.1538098145e+02 6.1560198975e+02 6.1583300781e+02 6.1605401611e+02 6.1628198242e+02 6.1658502197e+02 6.1688098145e+02 6.1705200195e+02 6.1722900391e+02 6.1740899658e+02 6.1759600830e+02 6.1780297852e+02 6.1801599121e+02 6.1826098633e+02 6.1849200439e+02 6.1871801758e+02 6.1894000244e+02 6.1912200928e+02 6.1934301758e+02 6.1960198975e+02 6.1984399414e+02 6.2004699707e+02 6.2025500488e+02 6.2041601563e+02 6.2059899902e+02 6.2085601807e+02 6.2108502197e+02 6.2128900146e+02 6.2147497559e+02 6.2162902832e+02 6.2185400391e+02 6.2209899902e+02 6.2232000732e+02
6.1344396973e+02 6.1356201172e+02 6.1370697021e+02 6.1385900879e+02 6.1400097656e+02 6.1418701172e+02 6.1446502686e+02 6.1460302734e+02 6.1477001953e+02 6.1496502686e+02 6.1508197021e+02 6.1518298340e+02 6.1531500244e+02 6.1549499512e+02 6.1573999023e+02 6.1594500732e+02 6.1617297363e+02 6.1644097900e+02 6.1676702881e+02 6.1704699707e+02 6.1722900391e+02 6.1741101074e+02 6.1756597900e+02 6.1771099854e+02 6.1789202881e+02 6.1809698486e+02 6.1832299805e+02 6.1855200195e+02 6.1879498291e+02 6.1903100586e+02 6.1921697998e+02 6.1945397949e+02 6.1972698975e+02 6.1997900391e+02 6.2019702148e+02 6.2041198730e+02 6.2057000732e+02 6.2075598145e+02 6.2101098633e+02 6.2121697998e+02 6.2140197754e+02 6.2157598877e+02 6.2173699951e+02 6.2197497559e+02 6.2225000000e+02 6.2250799561e+02
6.1351800537e+02 6.1367401123e+02 6.1382000732e+02 6.1400201416e+02 6.1413800049e+02 6.1430200195e+02 6.1458398438e+02 6.1474200439e+02 6.1492498779e+02 6.1514001465e+02 6.1525897217e+02 6.1533300781e+02 6.1543298340e+02 6.1557897949e+02 6.1580200195e+02 6.1600097656e+02 6.1624902344e+02 6.1656402588e+02 6.1688397217e+02 6.1711901855e+02 6.1732501221e+02 6.1752600098e+02 6.1768902588e+02 6.1781597900e+02 6.1798101807e+02 6.1817602539e+02 6.1838000488e+02 6.1861602783e+02 6.1888800049e+02 6.1915002441e+02 6.1935797119e+02 6.1959399414e+02 6.1984197998e+02 6.2006701660e+02 6.2029602051e+02 6.2053002930e+02 6.2071600342e+02 6.2091302490e+02 6.2115197754e+02 6.2134497070e+02 6.2153601074e+02 6.2170599365e+02 6.2185601807e+02 6.2209600830e+02 6.2236499023e+02 6.2262799072e+02
6.1360198975e+02 6.1379602051e+02 6.1397302246e+02 6.1413800049e+02 6.1426098633e+02 6.1440698242e+02 6.1465100098e+02 6.1484802246e+02 6.1509301758e+02 6.1531799316e+02 6.1543902588e+02 6.1551000977e+02 6.1557800293e+02 6.1567498779e+02 6.1582299805e+02 6.1600897217e+02 6.1629302979e+02 6.1666400146e+02 6.1699401855e+02 6.1719799805e+02 6.1740399170e+02 6.1760699463e+02 6.1778002930e+02 6.1790899658e+02 6.1805297852e+02 6.1821600342e+02 6.1838397217e+02 6.1869201660e+02 6.1902099609e+02 6.1931597900e+02 6.1955603027e+02 6.1978198242e+02 6.1998498535e+02 6.2018701172e+02 6.2040002441e+02 6.2060198975e+02 6.2082397461e+02 6.2103601074e+02 6.2127197266e+02 6.2148101807e+02 6.2169097900e+02 6.2185302734e+02 6.2200097656e+02 6.2223297119e+02 6.2247802734e+02 6.2271600342e+02
6.1373101807e+02 6.1390899658e+02 6.1405798340e+02 6.1420898438e+02 6.1432800293e+02 6.1452502441e+02 6.1474798584e+02 6.1497497559e+02 6.1525402832e+02 6.1547900391e+02 6.1559197998e+02 6.1567700195e+02 6.1571398926e+02 6.1578802490e+02 6.1592102051e+02 6.1609997559e+02 6.1635900879e+02 6.1670599365e+02 6.1702099609e+02 6.1732501221e+02 6.1757397461e+02 6.1773400879e+02 6.1786297607e+02 6.1798297119e+02 6.1811798096e+02 6.1826300049e+02 6.1845300293e+02 6.1880999756e+02 6.1915399170e+02 6.1946301270e+02 6.1974102783e+02 6.2002697754e+02 6.2023699951e+02 6.2042297363e+02 6.2059301758e+02 6.2076098633e+02 6.2094299316e+02 6.2114300537e+02 6.2139398193e+02 6.2161199951e+02 6.2183697510e+02 6.2202801514e+02 6.2219702148e+02 6.2238500977e+02 6.2260998535e+02 6.2284197998e+02
6.1384899902e+02 6.1399102783e+02 6.1412701416e+02 6.1428802490e+02 6.1442199707e+02 6.1461102295e+02 6.1482598877e+02 6.1507098389e+02 6.1536901855e+02 6.1559197998e+02 6.1571099854e+02 6.1579101563e+02 6.1581500244e+02 6.1587799072e+02 6.1601300049e+02 6.1621197510e+02 6.1644299316e+02 6.1674401855e+02 6.1706597900e+02 6.1744500732e+02 6.1770599365e+02 6.1783197021e+02 6.1795599365e+02 6.1807897949e+02 6.1819702148e+02 6.1833801270e+02 6.1856500244e+02 6.1895501709e+02 6.1931500244e+02 6.1964001465e+02 6.1994097900e+02 6.2026202393e+02 6.2047802734e+02 6.2063598633e+02 6.2080200195e+02 6.2099700928e+02 6.2115899658e+02 6.2133502197e+02 6.2154302979e+02 6.2174499512e+02 6.2194598389e+02 6.2215600586e+02 6.2237402344e+02 6.2257000732e+02 6.2277600098e+02 6.2298498535e+02
6.1395800781e+02 6.1409802246e+02 6.1424102783e+02 6.1436901855e+02 6.1448797607e+02 6.1464398193e+02 6.1486798096e+02 6.1511901855e+02 6.1541699219e+02 6.1561499023e+02 6.1576397705e+02 6.1588702393e+02 6.1595898438e+02 6.1604901123e+02 6.1617297363e+02 6.1638598633e+02 6.1659997559e+02 6.1685900879e+02 6.1717498779e+02 6.1754498291e+02 6.1777801514e+02 6.1791497803e+02 6.1807897949e+02 6.1821600342e+02 6.1832501221e+02 6.1847698975e+02 6.1876397705e+02 6.1917999268e+02 6.1955499268e+02 6.1988000488e+02 6.2017401123e+02 6.2050500488e+02 6.2069799805e+02 6.2080902100e+02 6.2095697021e+02 6.2116400146e+02 6.2135302734e+02 6.2155700684e+02 6.2177697754e+02 6.2197998047e+02 6.2214398193e+02 6.2232800293e+02 6.2253997803e+02 6.2274902344e+02 6.2294097900e+02 6.2314300537e+02
6.1409600830e+02 6.1422399902e+02 6.1440899658e+02 6.1447100830e+02 6.1452697754e+02 6.1467401123e+02 6.1488598633e+02 6.1520898438e+02 6.1553497314e+02 6.1568902588e+02 6.1584399414e+02 6.1603997803e+02 6.1619201660e+02 6.1630798340e+02 6.1642901611e+02 6.1663800049e+02 6.1683398438e+02 6.1704498291e+02 6.1730603027e+02 6.1759997559e+02 6.1780999756e+02 6.1801300049e+02 6.1823297119e+02 6.1841198730e+02 6.1855798340e+02 6.1874499512e+02 6.1906701660e+02 6.1948797607e+02 6.1985699463e+02 6.2015197754e+02 6.2042700195e+02 6.2073400879e+02 6.2088299561e+02 6.2095098877e+02 6.2108099365e+02 6.2133502197e+02 6.2155999756e+02 6.2176702881e+02 6.2200000000e+02 6.2221600342e+02 6.2238000488e+02 6.2255603027e+02 6.2269396973e+02 6.2288702393e+02 6.2307000732e+02 6.2329302979e+02
6.1424902344e+02 6.1438201904e+02 6.1453698730e+02 6.1457800293e+02 6.1460699463e+02 6.1475799561e+02 6.1503997803e+02 6.1533001709e+02 6.1562298584e+02 6.1576800537e+02 6.1596301270e+02 6.1622100830e+02 6.1642199707e+02 6.1655200195e+02 6.1668402100e+02 6.1689697266e+02 6.1707800293e+02 6.1726300049e+02 6.1747100830e+02 6.1767602539e+02 6.1786798096e+02 6.1813500977e+02 6.1838000488e+02 6.1857800293e+02 6.1879199219e+02 6.1903802490e+02 6.1938201904e+02 6.1979797363e+02 6.2014599609e+02 6.2040502930e+02 6.2062298584e+02 6.2085302734e+02 6.2100799561e+02 6.2114001465e+02 6.2130200195e+02 6.2152801514e+02 6.2173797607e+02 6.2194000244e+02 6.2216699219e+02 6.2240802002e+02 6.2263397217e+02 6.2286901855e+02 6.2297698975e+02 6.2309399414e+02 6.2322198486e+02 6.2341302490e+02
6.1432202148e+02 6.1448498535e+02 6.1458599854e+02 6.1463702393e+02 6.1471801758e+02 6.1490399170e+02 6.1521502686e+02 6.1545599365e+02 6.1568701172e+02 6.1585699463e+02 6.1606402588e+02 6.1632800293e+02 6.1655499268e+02 6.1672100830e+02 6.1689202881e+02 6.1710198975e+02 6.1727398682e+02 6.1745098877e+02 6.1763800049e+02 6.1780499268e+02 6.1800097656e+02 6.1827301025e+02 6.1851300049e+02 6.1874102783e+02 6.1902197266e+02 6.1931799316e+02 6.1966802979e+02 6.2005200195e+02 6.2036499023e+02 6.2060699463e+02 6.2081097412e+02 6.2101000977e+02 6.2118200684e+02 6.2134997559e+02 6.2153601074e+02 6.2171099854e+02 6.2186999512e+02 6.2204901123e+02 6.2231701660e+02 6.2258801270e+02 6.2281201172e+02 6.2306097412e+02 6.2323101807e+02 6.2334301758e+02 6.2344897461e+02 6.2360797119e+02
6.1437597656e+02 6.1454400635e+02 6.1463201904e+02 6.1471801758e+02 6.1486602783e+02 6.1509802246e+02 6.1534997559e+02 6.1557702637e+02 6.1580700684e+02 6.1600799561e+02 6.1618499756e+02 6.1643200684e+02 6.1667102051e+02 6.1686297607e+02 6.1706597900e+02 6.1727301025e+02 6.1743798828e+02 6.1760699463e+02 6.1778002930e+02 6.1796197510e+02 6.1818200684e+02 6.1842498779e+02 6.1865997314e+02 6.1895098877e+02 6.1929498291e+02 6.1962402344e+02 6.1991998291e+02 6.2023400879e+02 6.2052001953e+02 6.2076599121e+02 6.2099700928e+02 6.2121899414e+02 6.2141601563e+02 6.2159100342e+02 6.2175201416e+02 6.2188598633e+02 6.2204797363e+02 6.2224700928e+02 6.2250701904e+02 6.2273498535e+02 6.2292901611e+02 6.2315502930e+02 6.2337500000e+02 6.2354400635e+02 6.2368499756e+02 6.2384002686e+02
