TESTSERVER/9/3.asc
NCOLS 100
NROWS 100
XLLCORNER 7.9497500000e+03
YLLCORNER 2.8980025000e+05
CELLSIZE 5.0000000000e-01
NODATA_VALUE -9.9990000000e+03
[rows 40 to 59 of 100, columns 46 to 91 of 100]
6.3494097900e+02 6.3512701416e+02 6.3534802246e+02 6.3554699707e+02 6.3569201660e+02 6.3586901855e+02 6.3602600098e+02 6.3612500000e+02 6.3617199707e+02 6.3624597168e+02 6.3633599854e+02 6.3643701172e+02 6.3655499268e+02 6.3672802734e+02 6.3690997314e+02 6.3706597900e+02 6.3718798828e+02 6.3728100586e+02 6.3740802002e+02 6.3754901123e+02 6.3765600586e+02 6.3775598145e+02 6.3779498291e+02 6.3790100098e+02 6.3803198242e+02 6.3814202881e+02 6.3826098633e+02 6.3839398193e+02 6.3851800537e+02 6.3863201904e+02 6.3874298096e+02 6.3881298828e+02 6.3885302734e+02 6.3895300293e+02 6.3898999023e+02 6.3908801270e+02 6.3929400635e+02 6.3928601074e+02 6.3938500977e+02 6.3949700928e+02 6.3959497070e+02 6.3962799072e+02 6.3954699707e+02 6.3928997803e+02 6.3902600098e+02 6.3902502441e+02
6.3518103027e+02 6.3534399414e+02 6.3556402588e+02 6.3577502441e+02 6.3593701172e+02 6.3615698242e+02 6.3629901123e+02 6.3636401367e+02 6.3643103027e+02 6.3652697754e+02 6.3659802246e+02 6.3665997314e+02 6.3673999023e+02 6.3688702393e+02 6.3706097412e+02 6.3721801758e+02 6.3734600830e+02 6.3745697021e+02 6.3760699463e+02 6.3776800537e+02 6.3785101318e+02 6.3788702393e+02 6.3794396973e+02 6.3807397461e+02 6.3821002197e+02 6.3832598877e+02 6.3843902588e+02 6.3858300781e+02 6.3871398926e+02 6.3880499268e+02 6.3885797119e+02 6.3890997314e+02 6.3900000000e+02 6.3911901855e+02 6.3923400879e+02 6.3948797607e+02 6.3963299561e+02 6.3953900146e+02 6.3955902100e+02 6.3964202881e+02 6.3972601318e+02 6.3975299072e+02 6.3961798096e+02 6.3934698486e+02 6.3921398926e+02 6.3920599365e+02
6.3533898926e+02 6.3551898193e+02 6.3575201416e+02 6.3598400879e+02 6.3614398193e+02 6.3633398438e+02 6.3646002197e+02 6.3654998779e+02 6.3667498779e+02 6.3678497314e+02 6.3684100342e+02 6.3687200928e+02 6.3691998291e+02 6.3704199219e+02 6.3719299316e+02 6.3733801270e+02 6.3747998047e+02 6.3761297607e+02 6.3777197266e+02 6.3793597412e+02 6.3800799561e+02 6.3801300049e+02 6.3812402344e+02 6.3826300049e+02 6.3838000488e+02 6.3852398682e+02 6.3863702393e+02 6.3875201416e+02 6.3886401367e+02 6.3895397949e+02 6.3898901367e+02 6.3904199219e+02 6.3912799072e+02 6.3930401611e+02 6.3955102539e+02 6.3972497559e+02 6.3968902588e+02 6.3969500732e+02 6.3974902344e+02 6.3978900146e+02 6.3984698486e+02 6.3985101318e+02 6.3968798828e+02 6.3943701172e+02 6.3937402344e+02 6.3933197021e+02
6.3543200684e+02 6.3563800049e+02 6.3588800049e+02 6.3613098145e+02 6.3628399658e+02 6.3642498779e+02 6.3655499268e+02 6.3669500732e+02 6.3687097168e+02 6.3698999023e+02 6.3704302979e+02 6.3706402588e+02 6.3710400391e+02 6.3721502686e+02 6.3733898926e+02 6.3746197510e+02 6.3760101318e+02 6.3775598145e+02 6.3790997314e+02 6.3804797363e+02 6.3810400391e+02 6.3814300537e+02 6.3829998779e+02 6.3844299316e+02 6.3857702637e+02 6.3871301270e+02 6.3882098389e+02 6.3892700195e+02 6.3901202393e+02 6.3907397461e+02 6.3911102295e+02 6.3919702148e+02 6.3928802490e+02 6.3950799561e+02 6.3979199219e+02 6.3982098389e+02 6.3978497314e+02 6.3989300537e+02 6.3994000244e+02 6.3994000244e+02 6.3996697998e+02 6.3994702148e+02 6.3979400635e+02 6.3954498291e+02 6.3946301270e+02 6.3937701416e+02
6.3551202393e+02 6.3574499512e+02 6.3598498535e+02 6.3622802734e+02 6.3638897705e+02 6.3651800537e+02 6.3666302490e+02 6.3682800293e+02 6.3699700928e+02 6.3713299561e+02 6.3719799805e+02 6.3723498535e+02 6.3730200195e+02 6.3742199707e+02 6.3751800537e+02 6.3761199951e+02 6.3774499512e+02 6.3792102051e+02 6.3806402588e+02 6.3816998291e+02 6.3823999023e+02 6.3831701660e+02 6.3843103027e+02 6.3856701660e+02 6.3874298096e+02 6.3883898926e+02 6.3893103027e+02 6.3903497314e+02 6.3912097168e+02 6.3915002441e+02 6.3921099854e+02 6.3933502197e+02 6.3944299316e+02 6.3961102295e+02 6.3981298828e+02 6.3992102051e+02 6.4001702881e+02 6.4008898926e+02 6.4009600830e+02 6.4006298828e+02 6.4008801270e+02 6.4010601807e+02 6.3997100830e+02 6.3970202637e+02 6.3957702637e+02 6.3942602539e+02
6.3562200928e+02 6.3586297607e+02 6.3603698730e+02 6.3627099609e+02 6.3646398926e+02 6.3663598633e+02 6.3680200195e+02 6.3695697021e+02 6.3710797119e+02 6.3723699951e+02 6.3732897949e+02 6.3739898682e+02 6.3748400879e+02 6.3758801270e+02 6.3767797852e+02 6.3777197266e+02 6.3790002441e+02 6.3806402588e+02 6.3818200684e+02 6.3828002930e+02 6.3837799072e+02 6.3847399902e+02 6.3858300781e+02 6.3868597412e+02 6.3880603027e+02 6.3894799805e+02 6.3903900146e+02 6.3911602783e+02 6.3921197510e+02 6.3926599121e+02 6.3934600830e+02 6.3946899414e+02 6.3957000732e+02 6.3975000000e+02 6.3991802979e+02 6.4006201172e+02 6.4016699219e+02 6.4024499512e+02 6.4026898193e+02 6.4023901367e+02 6.4023999023e+02 6.4023901367e+02 6.4011102295e+02 6.3986401367e+02 6.3975097656e+02 6.3964202881e+02
6.3560101318e+02 6.3589398193e+02 6.3605700684e+02 6.3628002930e+02 6.3652899170e+02 6.3675500488e+02 6.3693701172e+02 6.3708398438e+02 6.3722998047e+02 6.3736602783e+02 6.3747900391e+02 6.3757299805e+02 6.3766900635e+02 6.3775201416e+02 6.3785400391e+02 6.3796301270e+02 6.3808197021e+02 6.3821099854e+02 6.3830700684e+02 6.3840197754e+02 6.3851702881e+02 6.3863000488e+02 6.3873901367e+02 6.3882202148e+02 6.3891302490e+02 6.3905499268e+02 6.3915802002e+02 6.3926000977e+02 6.3935400391e+02 6.3940802002e+02 6.3951098633e+02 6.3962597656e+02 6.3971801758e+02 6.3989099121e+02 6.4004498291e+02 6.4019897461e+02 6.4029699707e+02 6.4037500000e+02 6.4039801025e+02 6.4036700439e+02 6.4037701416e+02 6.4043103027e+02 6.4034399414e+02 6.4010498047e+02 6.3998797607e+02 6.3996600342e+02
6.3556701660e+02 6.3584997559e+02 6.3606097412e+02 6.3630999756e+02 6.3658001709e+02 6.3684899902e+02 6.3706597900e+02 6.3724401855e+02 6.3740502930e+02 6.3754901123e+02 6.3767498779e+02 6.3778399658e+02 6.3788702393e+02 6.3796899414e+02 6.3808099365e+02 6.3819598389e+02 6.3828997803e+02 6.3837597656e+02 6.3844299316e+02 6.3852197266e+02 6.3863000488e+02 6.3876501465e+02 6.3888598633e+02 6.3896697998e+02 6.3906799316e+02 6.3919299316e+02 6.3932397461e+02 6.3946899414e+02 6.3953002930e+02 6.3958398438e+02 6.3970202637e+02 6.3981298828e+02 6.3989501953e+02 6.4001202393e+02 6.4014801025e+02 6.4032397461e+02 6.4043499756e+02 6.4048797607e+02 6.4048498535e+02 6.4047698975e+02 6.4054797363e+02 6.4063299561e+02 6.4059002686e+02 6.4038800049e+02 6.4025799561e+02 6.4025000000e+02
6.3556097412e+02 6.3580700684e+02 6.3609197998e+02 6.3639099121e+02 6.3662597656e+02 6.3691699219e+02 6.3718103027e+02 6.3741302490e+02 6.3760400391e+02 6.3776300049e+02 6.3790002441e+02 6.3802197266e+02 6.3812902832e+02 6.3821502686e+02 6.3832702637e+02 6.3843200684e+02 6.3850097656e+02 6.3852600098e+02 6.3856597900e+02 6.3863598633e+02 6.3873498535e+02 6.3888098145e+02 6.3901702881e+02 6.3911602783e+02 6.3923199463e+02 6.3935900879e+02 6.3951300049e+02 6.3965502930e+02 6.3970098877e+02 6.3974102783e+02 6.3986999512e+02 6.3999499512e+02 6.4007501221e+02 6.4014801025e+02 6.4027502441e+02 6.4044702148e+02 6.4053802490e+02 6.4056896973e+02 6.4056896973e+02 6.4061700439e+02 6.4073400879e+02 6.4082800293e+02 6.4082501221e+02 6.4068298340e+02 6.4054400635e+02 6.4046899414e+02
6.3553399658e+02 6.3580603027e+02 6.3610400391e+02 6.3644897461e+02 6.3671301270e+02 6.3700500488e+02 6.3729602051e+02 6.3755603027e+02 6.3778002930e+02 6.3795898438e+02 6.3810699463e+02 6.3822900391e+02 6.3832299805e+02 6.3841302490e+02 6.3852197266e+02 6.3862200928e+02 6.3868298340e+02 6.3870501709e+02 6.3872802734e+02 6.3878302002e+02 6.3887200928e+02 6.3901599121e+02 6.3918200684e+02 6.3932202148e+02 6.3941900635e+02 6.3951202393e+02 6.3963500977e+02 6.3974798584e+02 6.3982299805e+02 6.3992498779e+02 6.4007397461e+02 6.4019299316e+02 6.4025799561e+02 6.4033697510e+02 6.4045697021e+02 6.4059997559e+02 6.4064697266e+02 6.4065002441e+02 6.4069097900e+02 6.4079602051e+02 6.4095800781e+02 6.4107202148e+02 6.4110601807e+02 6.4104797363e+02 6.4089801025e+02 6.4075500488e+02
6.3557800293e+02 6.3589599609e+02 6.3618597412e+02 6.3654602051e+02 6.3684301758e+02 6.3714202881e+02 6.3744702148e+02 6.3772601318e+02 6.3795098877e+02 6.3813000488e+02 6.3828698730e+02 6.3840100098e+02 6.3847198486e+02 6.3854797363e+02 6.3864599609e+02 6.3874200439e+02 6.3881298828e+02 6.3886602783e+02 6.3889697266e+02 6.3894897461e+02 6.3903997803e+02 6.3916699219e+02 6.3931701660e+02 6.3946697998e+02 6.3955999756e+02 6.3963201904e+02 6.3975097656e+02 6.3989001465e+02 6.4000897217e+02 6.4015698242e+02 6.4030499268e+02 6.4041101074e+02 6.4046600342e+02 6.4052197266e+02 6.4062701416e+02 6.4072900391e+02 6.4076800537e+02 6.4080499268e+02 6.4090502930e+02 6.4103399658e+02 6.4120098877e+02 6.4132202148e+02 6.4138500977e+02 6.4138702393e+02 6.4124798584e+02 6.4110900879e+02
6.3568597412e+02 6.3610498047e+02 6.3647497559e+02 6.3681201172e+02 6.3703601074e+02 6.3730499268e+02 6.3757501221e+02 6.3783300781e+02 6.3805200195e+02 6.3824597168e+02 6.3841198730e+02 6.3852001953e+02 6.3857000732e+02 6.3862500000e+02 6.3871398926e+02 6.3881298828e+02 6.3889697266e+02 6.3898602295e+02 6.3905499268e+02 6.3912597656e+02 6.3921697998e+02 6.3935797119e+02 6.3946801758e+02 6.3954998779e+02 6.3962500000e+02 6.3973297119e+02 6.3987200928e+02 6.4003802490e+02 6.4019299316e+02 6.4034600830e+02 6.4048400879e+02 6.4057702637e+02 6.4063299561e+02 6.4071002197e+02 6.4081402588e+02 6.4087799072e+02 6.4092901611e+02 6.4102398682e+02 6.4115502930e+02 6.4129302979e+02 6.4141601563e+02 6.4150000000e+02 6.4158801270e+02 6.4164697266e+02 6.4156500244e+02 6.4146997070e+02
6.3577301025e+02 6.3630999756e+02 6.3680700684e+02 6.3712597656e+02 6.3728002930e+02 6.3745300293e+02 6.3766802979e+02 6.3786499023e+02 6.3805999756e+02 6.3829498291e+02 6.3846997070e+02 6.3857702637e+02 6.3863299561e+02 6.3869598389e+02 6.3878302002e+02 6.3888299561e+02 6.3897302246e+02 6.3905999756e+02 6.3917102051e+02 6.3926397705e+02 6.3932897949e+02 6.3947601318e+02 6.3957098389e+02 6.3962097168e+02 6.3970098877e+02 6.3984698486e+02 6.3998199463e+02 6.4016302490e+02 6.4038598633e+02 6.4051501465e+02 6.4065698242e+02 6.4073602295e+02 6.4076300049e+02 6.4087500000e+02 6.4098498535e+02 6.4104199219e+02 6.4114599609e+02 6.4126300049e+02 6.4137799072e+02 6.4147900391e+02 6.4162298584e+02 6.4169799805e+02 6.4177502441e+02 6.4186401367e+02 6.4188000488e+02 6.4184100342e+02
6.3581799316e+02 6.3639599609e+02 6.3692297363e+02 6.3721002197e+02 6.3737500000e+02 6.3762200928e+02 6.3782202148e+02 6.3797497559e+02 6.3814501953e+02 6.3834301758e+02 6.3850000000e+02 6.3860699463e+02 6.3867999268e+02 6.3875598145e+02 6.3884997559e+02 6.3895300293e+02 6.3904101563e+02 6.3911499023e+02 6.3927001953e+02 6.3940399170e+02 6.3946899414e+02 6.3957501221e+02 6.3963500977e+02 6.3966900635e+02 6.3980603027e+02 6.4001702881e+02 6.4025402832e+02 6.4058099365e+02 6.4088702393e+02 6.4085302734e+02 6.4084399414e+02 6.4087298584e+02 6.4087402344e+02 6.4101000977e+02 6.4114501953e+02 6.4121502686e+02 6.4134497070e+02 6.4148400879e+02 6.4161199951e+02 6.4172698975e+02 6.4181500244e+02 6.4188702393e+02 6.4195501709e+02 6.4204901123e+02 6.4212402344e+02 6.4214501953e+02
6.3582702637e+02 6.3641699219e+02 6.3694299316e+02 6.3723901367e+02 6.3749401855e+02 6.3782000732e+02 6.3800402832e+02 6.3811999512e+02 6.3825097656e+02 6.3839599609e+02 6.3851599121e+02 6.3861602783e+02 6.3870098877e+02 6.3878601074e+02 6.3889501953e+02 6.3901702881e+02 6.3913098145e+02 6.3923901367e+02 6.3941802979e+02 6.3955200195e+02 6.3958300781e+02 6.3965399170e+02 6.3970300293e+02 6.3974902344e+02 6.3993701172e+02 6.4022302246e+02 6.4055102539e+02 6.4091497803e+02 6.4118200684e+02 6.4102502441e+02 6.4088098145e+02 6.4088702393e+02 6.4093597412e+02 6.4109802246e+02 6.4125598145e+02 6.4135101318e+02 6.4151000977e+02 6.4166998291e+02 6.4183001709e+02 6.4193597412e+02 6.4196502686e+02 6.4203302002e+02 6.4211602783e+02 6.4223699951e+02 6.4234600830e+02 6.4241101074e+02
6.3587097168e+02 6.3645397949e+02 6.3698498535e+02 6.3733001709e+02 6.3764300537e+02 6.3797698975e+02 6.3816302490e+02 6.3827697754e+02 6.3836602783e+02 6.3845397949e+02 6.3854199219e+02 6.3862799072e+02 6.3871801758e+02 6.3881896973e+02 6.3894799805e+02 6.3909197998e+02 6.3922802734e+02 6.3936602783e+02 6.3953399658e+02 6.3964398193e+02 6.3966302490e+02 6.3972399902e+02 6.3977899170e+02 6.3983398438e+02 6.4002502441e+02 6.4033300781e+02 6.4067199707e+02 6.4096099854e+02 6.4106201172e+02 6.4092498779e+02 6.4083599854e+02 6.4088098145e+02 6.4097802734e+02 6.4117297363e+02 6.4135101318e+02 6.4147998047e+02 6.4167102051e+02 6.4183697510e+02 6.4199102783e+02 6.4206701660e+02 6.4213897705e+02 6.4222100830e+02 6.4230401611e+02 6.4244299316e+02 6.4257397461e+02 6.4266198730e+02
6.3602301025e+02 6.3652801514e+02 6.3705102539e+02 6.3745697021e+02 6.3776898193e+02 6.3804602051e+02 6.3825598145e+02 6.3840002441e+02 6.3846899414e+02 6.3854400635e+02 6.3861499023e+02 6.3868798828e+02 6.3876501465e+02 6.3889697266e+02 6.3904602051e+02 6.3919799805e+02 6.3933502197e+02 6.3946002197e+02 6.3959997559e+02 6.3971197510e+02 6.3975097656e+02 6.3980297852e+02 6.3984002686e+02 6.3988201904e+02 6.4001000977e+02 6.4031298828e+02 6.4060797119e+02 6.4079199219e+02 6.4079498291e+02 6.4082098389e+02 6.4089001465e+02 6.4098498535e+02 6.4105499268e+02 6.4132299805e+02 6.4152398682e+02 6.4166699219e+02 6.4181597900e+02 6.4197802734e+02 6.4209197998e+02 6.4217401123e+02 6.4228601074e+02 6.4237097168e+02 6.4246099854e+02 6.4261199951e+02 6.4279400635e+02 6.4290002441e+02
6.3604199219e+02 6.3656896973e+02 6.3707501221e+02 6.3748699951e+02 6.3779998779e+02 6.3809698486e+02 6.3831597900e+02 6.3846002197e+02 6.3857000732e+02 6.3866400146e+02 6.3872302246e+02 6.3879699707e+02 6.3889001465e+02 6.3901300049e+02 6.3915502930e+02 6.3930297852e+02 6.3944598389e+02 6.3958801270e+02 6.3971002197e+02 6.3979101563e+02 6.3983197021e+02 6.3989398193e+02 6.3994299316e+02 6.4000097656e+02 6.4012500000e+02 6.4034497070e+02 6.4060198975e+02 6.4074700928e+02 6.4077697754e+02 6.4085101318e+02 6.4096801758e+02 6.4111602783e+02 6.4129998779e+02 6.4150500488e+02 6.4162597656e+02 6.4177801514e+02 6.4191699219e+02 6.4206298828e+02 6.4213500977e+02 6.4223498535e+02 6.4232397461e+02 6.4248101807e+02 6.4259301758e+02 6.4273699951e+02 6.4293798828e+02 6.4305999756e+02
6.3606500244e+02 6.3661401367e+02 6.3709600830e+02 6.3749298096e+02 6.3778997803e+02 6.3810198975e+02 6.3835998535e+02 6.3855902100e+02 6.3871398926e+02 6.3879998779e+02 6.3885198975e+02 6.3893902588e+02 6.3905798340e+02 6.3916497803e+02 6.3928198242e+02 6.3942297363e+02 6.3957598877e+02 6.3975097656e+02 6.3987298584e+02 6.3992498779e+02 6.3996398926e+02 6.4003900146e+02 6.4013201904e+02 6.4021301270e+02 6.4031896973e+02 6.4050701904e+02 6.4073901367e+02 6.4087500000e+02 6.4090997314e+02 6.4099902344e+02 6.4109399414e+02 6.4123602295e+02 6.4142797852e+02 6.4157098389e+02 6.4171197510e+02 6.4185998535e+02 6.4196899414e+02 6.4206500244e+02 6.4212500000e+02 6.4224401855e+02 6.4234600830e+02 6.4250402832e+02 6.4265997314e+02 6.4285699463e+02 6.4307397461e+02 6.4321197510e+02
6.3608398438e+02 6.3667401123e+02 6.3714202881e+02 6.3751202393e+02 6.3777502441e+02 6.3808599854e+02 6.3838201904e+02 6.3865502930e+02 6.3885797119e+02 6.3894396973e+02 6.3900598145e+02 6.3910101318e+02 6.3922698975e+02 6.3930700684e+02 6.3939801025e+02 6.3953497314e+02 6.3970501709e+02 6.3989300537e+02 6.4002099609e+02 6.4007397461e+02 6.4012097168e+02 6.4020800781e+02 6.4033599854e+02 6.4044097900e+02 6.4053997803e+02 6.4070697021e+02 6.4090197754e+02 6.4102600098e+02 6.4108300781e+02 6.4115802002e+02 6.4122302246e+02 6.4135797119e+02 6.4150701904e+02 6.4165698242e+02 6.4182501221e+02 6.4193402100e+02 6.4200097656e+02 6.4206597900e+02 6.4214001465e+02 6.4226800537e+02 6.4239300537e+02 6.4254602051e+02 6.4282897949e+02 6.4307800293e+02 6.4323498535e+02 6.4339300537e+02
