TESTSERVER/9/3.asc
NCOLS 100
NROWS 100
XLLCORNER 7.9497500000e+03
YLLCORNER 2.8980025000e+05
CELLSIZE 5.0000000000e-01
NODATA_VALUE -9.9990000000e+03
[rows 60 to 79 of 100, columns 46 to 91 of 100]
6.3607299805e+02 6.3668597412e+02 6.3718597412e+02 6.3755297852e+02 6.3781402588e+02 6.3808300781e+02 6.3839300537e+02 6.3871697998e+02 6.3897497559e+02 6.3909698486e+02 6.3917297363e+02 6.3926300049e+02 6.3936602783e+02 6.3939599609e+02 6.3948101807e+02 6.3963299561e+02 6.3981597900e+02 6.3996801758e+02 6.4009301758e+02 6.4017199707e+02 6.4024200439e+02 6.4036499023e+02 6.4051000977e+02 6.4062799072e+02 6.4075299072e+02 6.4089501953e+02 6.4103802490e+02 6.4114599609e+02 6.4121600342e+02 6.4127502441e+02 6.4136297607e+02 6.4150897217e+02 6.4160601807e+02 6.4177899170e+02 6.4192297363e+02 6.4201599121e+02 6.4209100342e+02 6.4215502930e+02 6.4222399902e+02 6.4236297607e+02 6.4250799561e+02 6.4277001953e+02 6.4317602539e+02 6.4337701416e+02 6.4341699219e+02 6.4355999756e+02
6.3596997070e+02 6.3652099609e+02 6.3707800293e+02 6.3753997803e+02 6.3785302734e+02 6.3811602783e+02 6.3842700195e+02 6.3877001953e+02 6.3905603027e+02 6.3920202637e+02 6.3928900146e+02 6.3937500000e+02 6.3946099854e+02 6.3949298096e+02 6.3958502197e+02 6.3974200439e+02 6.3990399170e+02 6.4003997803e+02 6.4017700195e+02 6.4027801514e+02 6.4035601807e+02 6.4048699951e+02 6.4066302490e+02 6.4080102539e+02 6.4092401123e+02 6.4108300781e+02 6.4117401123e+02 6.4124902344e+02 6.4134301758e+02 6.4143701172e+02 6.4154199219e+02 6.4166302490e+02 6.4175000000e+02 6.4193200684e+02 6.4205603027e+02 6.4213702393e+02 6.4221899414e+02 6.4227697754e+02 6.4238098145e+02 6.4255700684e+02 6.4273199463e+02 6.4293402100e+02 6.4322198486e+02 6.4344702148e+02 6.4358099365e+02 6.4370300293e+02
6.3578497314e+02 6.3626800537e+02 6.3683898926e+02 6.3738299561e+02 6.3781701660e+02 6.3814001465e+02 6.3844897461e+02 6.3877801514e+02 6.3906201172e+02 6.3921502686e+02 6.3931896973e+02 6.3941802979e+02 6.3952099609e+02 6.3958898926e+02 6.3968402100e+02 6.3982702637e+02 6.3997399902e+02 6.4011602783e+02 6.4027600098e+02 6.4039599609e+02 6.4046997070e+02 6.4058697510e+02 6.4077697754e+02 6.4093798828e+02 6.4108197021e+02 6.4125000000e+02 6.4130401611e+02 6.4137298584e+02 6.4150000000e+02 6.4159399414e+02 6.4169702148e+02 6.4182501221e+02 6.4189898682e+02 6.4207000732e+02 6.4220202637e+02 6.4229797363e+02 6.4240100098e+02 6.4249597168e+02 6.4263500977e+02 6.4281799316e+02 6.4297198486e+02 6.4314697266e+02 6.4334802246e+02 6.4355401611e+02 6.4372100830e+02 6.4384600830e+02
6.3563397217e+02 6.3606298828e+02 6.3659802246e+02 6.3715899658e+02 6.3766497803e+02 6.3806298828e+02 6.3838500977e+02 6.3869201660e+02 6.3897497559e+02 6.3914697266e+02 6.3927697754e+02 6.3940997314e+02 6.3954901123e+02 6.3964501953e+02 6.3975000000e+02 6.3989398193e+02 6.4004498291e+02 6.4020501709e+02 6.4038098145e+02 6.4051098633e+02 6.4060101318e+02 6.4069799805e+02 6.4086499023e+02 6.4104400635e+02 6.4121600342e+02 6.4137097168e+02 6.4142199707e+02 6.4150897217e+02 6.4163500977e+02 6.4171997070e+02 6.4181896973e+02 6.4195697021e+02 6.4204400635e+02 6.4220800781e+02 6.4234399414e+02 6.4246301270e+02 6.4259301758e+02 6.4271002197e+02 6.4284497070e+02 6.4301397705e+02 6.4317199707e+02 6.4336499023e+02 6.4351800537e+02 6.4369097900e+02 6.4386199951e+02 6.4398400879e+02
6.3559002686e+02 6.3598999023e+02 6.3644500732e+02 6.3694201660e+02 6.3744000244e+02 6.3786999512e+02 6.3822198486e+02 6.3852899170e+02 6.3883300781e+02 6.3905200195e+02 6.3921502686e+02 6.3938201904e+02 6.3956597900e+02 6.3969299316e+02 6.3981896973e+02 6.3997100830e+02 6.4013897705e+02 6.4032397461e+02 6.4049102783e+02 6.4062097168e+02 6.4072100830e+02 6.4081701660e+02 6.4095800781e+02 6.4115197754e+02 6.4135699463e+02 6.4144500732e+02 6.4150402832e+02 6.4160900879e+02 6.4173999023e+02 6.4186999512e+02 6.4197601318e+02 6.4211297607e+02 6.4223602295e+02 6.4237298584e+02 6.4249597168e+02 6.4261102295e+02 6.4276898193e+02 6.4289599609e+02 6.4301300049e+02 6.4317498779e+02 6.4331799316e+02 6.4349597168e+02 6.4366900635e+02 6.4385498047e+02 6.4402899170e+02 6.4414898682e+02
6.3560498047e+02 6.3594598389e+02 6.3632000732e+02 6.3676397705e+02 6.3725402832e+02 6.3768701172e+02 6.3807000732e+02 6.3839599609e+02 6.3872601318e+02 6.3897497559e+02 6.3915301514e+02 6.3934100342e+02 6.3957800293e+02 6.3978198242e+02 6.3996002197e+02 6.4013897705e+02 6.4032897949e+02 6.4050500488e+02 6.4064801025e+02 6.4075799561e+02 6.4083697510e+02 6.4092901611e+02 6.4106500244e+02 6.4126202393e+02 6.4146398926e+02 6.4152001953e+02 6.4160400391e+02 6.4175000000e+02 6.4188098145e+02 6.4201000977e+02 6.4210498047e+02 6.4223498535e+02 6.4235601807e+02 6.4250701904e+02 6.4267498779e+02 6.4276599121e+02 6.4290899658e+02 6.4309197998e+02 6.4322100830e+02 6.4334399414e+02 6.4349200439e+02 6.4365100098e+02 6.4383801270e+02 6.4401000977e+02 6.4413299561e+02 6.4426202393e+02
6.3562402344e+02 6.3591998291e+02 6.3624902344e+02 6.3665502930e+02 6.3712500000e+02 6.3758599854e+02 6.3799798584e+02 6.3834600830e+02 6.3867102051e+02 6.3891302490e+02 6.3910101318e+02 6.3931201172e+02 6.3959100342e+02 6.3985998535e+02 6.4009197998e+02 6.4030798340e+02 6.4051898193e+02 6.4069396973e+02 6.4081896973e+02 6.4090698242e+02 6.4096301270e+02 6.4103601074e+02 6.4114801025e+02 6.4132000732e+02 6.4149597168e+02 6.4156201172e+02 6.4169799805e+02 6.4189001465e+02 6.4203997803e+02 6.4214300537e+02 6.4223400879e+02 6.4236700439e+02 6.4249597168e+02 6.4266601563e+02 6.4282702637e+02 6.4291497803e+02 6.4304400635e+02 6.4325000000e+02 6.4342498779e+02 6.4354797363e+02 6.4367901611e+02 6.4379602051e+02 6.4397399902e+02 6.4415002441e+02 6.4424401855e+02 6.4432397461e+02
6.3563702393e+02 6.3594097900e+02 6.3625897217e+02 6.3663201904e+02 6.3706500244e+02 6.3754199219e+02 6.3796997070e+02 6.3832299805e+02 6.3862799072e+02 6.3885601807e+02 6.3905902100e+02 6.3929602051e+02 6.3960699463e+02 6.3992102051e+02 6.4019201660e+02 6.4043499756e+02 6.4066400146e+02 6.4083300781e+02 6.4094598389e+02 6.4103198242e+02 6.4109600830e+02 6.4116497803e+02 6.4126000977e+02 6.4140399170e+02 6.4155999756e+02 6.4168103027e+02 6.4185998535e+02 6.4205102539e+02 6.4219396973e+02 6.4227301025e+02 6.4236901855e+02 6.4251599121e+02 6.4263201904e+02 6.4280999756e+02 6.4296899414e+02 6.4307202148e+02 6.4319000244e+02 6.4337597656e+02 6.4358599854e+02 6.4372998047e+02 6.4385998535e+02 6.4398797607e+02 6.4411499023e+02 6.4426599121e+02 6.4438598633e+02 6.4442102051e+02
6.3561901855e+02 6.3596997070e+02 6.3629199219e+02 6.3661999512e+02 6.3703002930e+02 6.3752398682e+02 6.3792999268e+02 6.3825799561e+02 6.3854498291e+02 6.3879699707e+02 6.3903497314e+02 6.3930401611e+02 6.3963000488e+02 6.3996502686e+02 6.4025500488e+02 6.4051202393e+02 6.4074798584e+02 6.4090802002e+02 6.4103497314e+02 6.4115002441e+02 6.4124700928e+02 6.4133001709e+02 6.4141802979e+02 6.4153698730e+02 6.4165502930e+02 6.4186297607e+02 6.4208300781e+02 6.4221600342e+02 6.4229302979e+02 6.4238897705e+02 6.4251702881e+02 6.4267700195e+02 6.4276599121e+02 6.4291101074e+02 6.4309802246e+02 6.4325201416e+02 6.4341302490e+02 6.4357598877e+02 6.4375500488e+02 6.4388500977e+02 6.4401300049e+02 6.4415899658e+02 6.4426202393e+02 6.4439001465e+02 6.4452301025e+02 6.4452099609e+02
6.3562597656e+02 6.3599700928e+02 6.3628497314e+02 6.3654699707e+02 6.3694396973e+02 6.3747601318e+02 6.3788500977e+02 6.3820098877e+02 6.3850897217e+02 6.3877398682e+02 6.3903497314e+02 6.3931799316e+02 6.3964398193e+02 6.3998400879e+02 6.4028698730e+02 6.4055102539e+02 6.4079699707e+02 6.4099499512e+02 6.4116302490e+02 6.4130499268e+02 6.4142199707e+02 6.4149597168e+02 6.4155999756e+02 6.4165301514e+02 6.4176202393e+02 6.4195697021e+02 6.4216198730e+02 6.4229797363e+02 6.4241400146e+02 6.4251800537e+02 6.4264300537e+02 6.4281500244e+02 6.4293902588e+02 6.4307397461e+02 6.4324700928e+02 6.4338897705e+02 6.4354998779e+02 6.4368902588e+02 6.4385797119e+02 6.4398901367e+02 6.4411700439e+02 6.4424401855e+02 6.4440002441e+02 6.4459301758e+02 6.4465399170e+02 6.4455902100e+02
6.3565197754e+02 6.3601898193e+02 6.3629199219e+02 6.3654498291e+02 6.3692297363e+02 6.3744201660e+02 6.3785101318e+02 6.3818597412e+02 6.3851397705e+02 6.3879101563e+02 6.3906701660e+02 6.3936102295e+02 6.3968701172e+02 6.4003302002e+02 6.4034600830e+02 6.4061199951e+02 6.4084698486e+02 6.4106402588e+02 6.4126000977e+02 6.4143402100e+02 6.4158398438e+02 6.4165698242e+02 6.4170001221e+02 6.4177600098e+02 6.4188897705e+02 6.4206097412e+02 6.4223999023e+02 6.4240002441e+02 6.4256097412e+02 6.4269500732e+02 6.4284600830e+02 6.4299597168e+02 6.4309002686e+02 6.4321197510e+02 6.4337402344e+02 6.4352502441e+02 6.4368499756e+02 6.4380401611e+02 6.4394702148e+02 6.4409002686e+02 6.4422998047e+02 6.4434301758e+02 6.4451000977e+02 6.4472601318e+02 6.4479199219e+02 6.4467901611e+02
6.3568597412e+02 6.3603302002e+02 6.3631201172e+02 6.3659497070e+02 6.3696197510e+02 6.3742199707e+02 6.3780999756e+02 6.3817199707e+02 6.3853900146e+02 6.3883697510e+02 6.3912902832e+02 6.3943200684e+02 6.3975402832e+02 6.4010400391e+02 6.4042297363e+02 6.4068597412e+02 6.4090301514e+02 6.4112298584e+02 6.4133197021e+02 6.4152697754e+02 6.4172198486e+02 6.4182000732e+02 6.4185400391e+02 6.4191198730e+02 6.4202801514e+02 6.4218701172e+02 6.4234997559e+02 6.4253497314e+02 6.4274798584e+02 6.4290997314e+02 6.4307897949e+02 6.4322497559e+02 6.4327899170e+02 6.4337902832e+02 6.4350897217e+02 6.4364697266e+02 6.4379302979e+02 6.4395697021e+02 6.4408197021e+02 6.4422900391e+02 6.4438500977e+02 6.4448199463e+02 6.4461102295e+02 6.4478302002e+02 6.4488397217e+02 6.4483099365e+02
6.3570300293e+02 6.3603100586e+02 6.3632299805e+02 6.3663800049e+02 6.3700701904e+02 6.3738299561e+02 6.3774700928e+02 6.3813897705e+02 6.3856097412e+02 6.3888702393e+02 6.3920001221e+02 6.3951501465e+02 6.3986499023e+02 6.4020001221e+02 6.4050201416e+02 6.4075598145e+02 6.4099298096e+02 6.4120001221e+02 6.4141900635e+02 6.4163702393e+02 6.4186602783e+02 6.4199700928e+02 6.4201702881e+02 6.4206097412e+02 6.4216497803e+02 6.4230102539e+02 6.4247802734e+02 6.4267901611e+02 6.4289697266e+02 6.4308099365e+02 6.4323797607e+02 6.4337500000e+02 6.4346099854e+02 6.4354901123e+02 6.4364898682e+02 6.4377899170e+02 6.4391302490e+02 6.4407202148e+02 6.4418200684e+02 6.4432800293e+02 6.4451397705e+02 6.4462799072e+02 6.4472399902e+02 6.4485198975e+02 6.4497497559e+02 6.4502001953e+02
6.3569396973e+02 6.3603399658e+02 6.3633001709e+02 6.3664202881e+02 6.3699700928e+02 6.3736901855e+02 6.3774102783e+02 6.3814202881e+02 6.3856500244e+02 6.3890100098e+02 6.3922399902e+02 6.3956298828e+02 6.3992901611e+02 6.4027801514e+02 6.4056701660e+02 6.4082702637e+02 6.4109197998e+02 6.4130902100e+02 6.4152099609e+02 6.4176702881e+02 6.4201000977e+02 6.4217401123e+02 6.4216302490e+02 6.4218298340e+02 6.4230297852e+02 6.4244598389e+02 6.4263000488e+02 6.4281799316e+02 6.4302600098e+02 6.4320001221e+02 6.4334600830e+02 6.4348101807e+02 6.4356298828e+02 6.4365502930e+02 6.4375799561e+02 6.4389398193e+02 6.4403601074e+02 6.4419097900e+02 6.4428997803e+02 6.4442602539e+02 6.4458197021e+02 6.4469000244e+02 6.4478497314e+02 6.4490600586e+02 6.4503100586e+02 6.4514801025e+02
6.3567602539e+02 6.3603601074e+02 6.3634899902e+02 6.3667102051e+02 6.3702801514e+02 6.3740997314e+02 6.3778302002e+02 6.3816699219e+02 6.3856799316e+02 6.3889099121e+02 6.3920300293e+02 6.3953997803e+02 6.3991802979e+02 6.4028198242e+02 6.4059802246e+02 6.4088897705e+02 6.4118798828e+02 6.4142901611e+02 6.4163397217e+02 6.4187902832e+02 6.4212902832e+02 6.4230798340e+02 6.4229101563e+02 6.4228997803e+02 6.4241998291e+02 6.4258398438e+02 6.4276501465e+02 6.4292498779e+02 6.4310400391e+02 6.4330999756e+02 6.4345098877e+02 6.4356896973e+02 6.4364697266e+02 6.4377301025e+02 6.4389801025e+02 6.4402099609e+02 6.4417199707e+02 6.4430200195e+02 6.4439398193e+02 6.4449700928e+02 6.4463500977e+02 6.4473901367e+02 6.4485998535e+02 6.4499102783e+02 6.4509301758e+02 6.4518499756e+02
6.3565997314e+02 6.3603802490e+02 6.3637701416e+02 6.3672100830e+02 6.3708801270e+02 6.3746197510e+02 6.3782098389e+02 6.3818402100e+02 6.3856597900e+02 6.3887902832e+02 6.3916900635e+02 6.3948699951e+02 6.3986199951e+02 6.4025402832e+02 6.4061102295e+02 6.4093798828e+02 6.4124700928e+02 6.4151800537e+02 6.4175598145e+02 6.4199902344e+02 6.4223199463e+02 6.4240301514e+02 6.4239697266e+02 6.4239801025e+02 6.4253900146e+02 6.4272198486e+02 6.4289398193e+02 6.4302697754e+02 6.4318499756e+02 6.4339801025e+02 6.4353399658e+02 6.4364801025e+02 6.4374102783e+02 6.4389599609e+02 6.4403100586e+02 6.4415197754e+02 6.4432299805e+02 6.4445202637e+02 6.4452502441e+02 6.4459997559e+02 6.4469097900e+02 6.4481097412e+02 6.4494897461e+02 6.4504797363e+02 6.4514001465e+02 6.4521899414e+02
6.3565002441e+02 6.3604101563e+02 6.3640197754e+02 6.3677600098e+02 6.3717602539e+02 6.3752801514e+02 6.3787500000e+02 6.3822399902e+02 6.3858898926e+02 6.3889501953e+02 6.3917700195e+02 6.3947302246e+02 6.3984301758e+02 6.4024700928e+02 6.4063201904e+02 6.4098602295e+02 6.4128997803e+02 6.4157397461e+02 6.4185998535e+02 6.4209997559e+02 6.4231298828e+02 6.4245397949e+02 6.4249200439e+02 6.4252197266e+02 6.4266400146e+02 6.4283697510e+02 6.4301202393e+02 6.4316998291e+02 6.4332800293e+02 6.4347497559e+02 6.4361297607e+02 6.4375701904e+02 6.4385998535e+02 6.4402697754e+02 6.4416601563e+02 6.4426000977e+02 6.4445599365e+02 6.4461401367e+02 6.4461901855e+02 6.4466900635e+02 6.4473199463e+02 6.4483398438e+02 6.4495501709e+02 6.4505999756e+02 6.4516998291e+02 6.4523699951e+02
6.3565600586e+02 6.3605999756e+02 6.3642999268e+02 6.3681201172e+02 6.3723602295e+02 6.3760198975e+02 6.3793701172e+02 6.3827197266e+02 6.3860498047e+02 6.3893298340e+02 6.3923602295e+02 6.3954498291e+02 6.3989398193e+02 6.4028900146e+02 6.4067401123e+02 6.4104101563e+02 6.4138201904e+02 6.4170300293e+02 6.4198297119e+02 6.4219500732e+02 6.4238000488e+02 6.4249499512e+02 6.4255401611e+02 6.4261499023e+02 6.4272998047e+02 6.4287402344e+02 6.4306201172e+02 6.4326300049e+02 6.4341302490e+02 6.4356701660e+02 6.4373101807e+02 6.4386798096e+02 6.4393298340e+02 6.4411401367e+02 6.4426800537e+02 6.4436297607e+02 6.4453900146e+02 6.4465002441e+02 6.4462200928e+02 6.4468402100e+02 6.4476098633e+02 6.4485900879e+02 6.4496002197e+02 6.4503198242e+02 6.4512902832e+02 6.4518103027e+02
6.3565301514e+02 6.3607299805e+02 6.3645098877e+02 6.3683099365e+02 6.3724700928e+02 6.3760601807e+02 6.3793902588e+02 6.3826898193e+02 6.3860198975e+02 6.3894299316e+02 6.3927099609e+02 6.3960998535e+02 6.3997497559e+02 6.4036297607e+02 6.4074499512e+02 6.4110998535e+02 6.4146197510e+02 6.4179998779e+02 6.4206500244e+02 6.4225598145e+02 6.4242401123e+02 6.4253198242e+02 6.4263098145e+02 6.4274700928e+02 6.4282501221e+02 6.4293402100e+02 6.4312402344e+02 6.4331799316e+02 6.4345697021e+02 6.4363201904e+02 6.4381500244e+02 6.4395800781e+02 6.4403997803e+02 6.4419702148e+02 6.4433099365e+02 6.4442999268e+02 6.4454400635e+02 6.4458697510e+02 6.4460699463e+02 6.4468701172e+02 6.4478497314e+02 6.4488299561e+02 6.4496301270e+02 6.4501898193e+02 6.4508697510e+02 6.4515600586e+02
6.3562500000e+02 6.3605499268e+02 6.3643597412e+02 6.3681201172e+02 6.3720800781e+02 6.3756500244e+02 6.3791998291e+02 6.3827398682e+02 6.3861401367e+02 6.3894299316e+02 6.3929302979e+02 6.3966900635e+02 6.4006402588e+02 6.4044000244e+02 6.4080902100e+02 6.4116198730e+02 6.4150402832e+02 6.4182897949e+02 6.4208001709e+02 6.4226599121e+02 6.4242700195e+02 6.4256097412e+02 6.4271197510e+02 6.4283801270e+02 6.4288702393e+02 6.4301397705e+02 6.4320501709e+02 6.4336499023e+02 6.4349298096e+02 6.4367102051e+02 6.4384698486e+02 6.4398797607e+02 6.4407598877e+02 6.4421600342e+02 6.4435797119e+02 6.4446197510e+02 6.4455102539e+02 6.4458898926e+02 6.4464398193e+02 6.4474102783e+02 6.4485601807e+02 6.4492901611e+02 6.4496997070e+02 6.4503302002e+02 6.4511297607e+02 6.4520001221e+02
