TESTSERVER/9/4.asc
NCOLS 100
NROWS 100
XLLCORNER 7.9497500000e+03
YLLCORNER 2.8975025000e+05
CELLSIZE 5.0000000000e-01
NODATA_VALUE -9.9990000000e+03
[rows 60 to 79 of 100, columns 0 to 45 of 100]
6.1544897461e+02 6.1588098145e+02 6.1632299805e+02 6.1676300049e+02 6.1717901611e+02 6.1757501221e+02 6.1791601563e+02 6.1823797607e+02 6.1859100342e+02 6.1896899414e+02 6.1938299561e+02 6.1979199219e+02 6.2022198486e+02 6.2067700195e+02 6.2117401123e+02 6.2167602539e+02 6.2214202881e+02 6.2259002686e+02 6.2301501465e+02 6.2347302246e+02 6.2395001221e+02 6.2442602539e+02 6.2487200928e+02 6.2530902100e+02 6.2571398926e+02 6.2611999512e+02 6.2653900146e+02 6.2693402100e+02 6.2731402588e+02 6.2771099854e+02 6.2815698242e+02 6.2858099365e+02 6.2897198486e+02 6.2938201904e+02 6.2983001709e+02 6.3031500244e+02 6.3080603027e+02 6.3129199219e+02 6.3180297852e+02 6.3237200928e+02 6.3291198730e+02 6.3340802002e+02 6.3385900879e+02 6.3432598877e+02 6.3478100586e+02 6.3517297363e+02
6.1541998291e+02 6.1586401367e+02 6.1631097412e+02 6.1675598145e+02 6.1717999268e+02 6.1758300781e+02 6.1794598389e+02 6.1826599121e+02 6.1861901855e+02 6.1898999023e+02 6.1936602783e+02 6.1974298096e+02 6.2016802979e+02 6.2062701416e+02 6.2114202881e+02 6.2164001465e+02 6.2209997559e+02 6.2254797363e+02 6.2297698975e+02 6.2341699219e+02 6.2388098145e+02 6.2434899902e+02 6.2481701660e+02 6.2525097656e+02 6.2566998291e+02 6.2608697510e+02 6.2650097656e+02 6.2689001465e+02 6.2728399658e+02 6.2770501709e+02 6.2816497803e+02 6.2858599854e+02 6.2897802734e+02 6.2939001465e+02 6.2983898926e+02 6.3033197021e+02 6.3082501221e+02 6.3129302979e+02 6.3177600098e+02 6.3233099365e+02 6.3285601807e+02 6.3333099365e+02 6.3376300049e+02 6.3423999023e+02 6.3466998291e+02 6.3504400635e+02
6.1541400146e+02 6.1586700439e+02 6.1631896973e+02 6.1676702881e+02 6.1720098877e+02 6.1761602783e+02 6.1800799561e+02 6.1834399414e+02 6.1868701172e+02 6.1904199219e+02 6.1938702393e+02 6.1974798584e+02 6.2016802979e+02 6.2062597656e+02 6.2114501953e+02 6.2164398193e+02 6.2210101318e+02 6.2254302979e+02 6.2297601318e+02 6.2341699219e+02 6.2386901855e+02 6.2432501221e+02 6.2478302002e+02 6.2521997070e+02 6.2564697266e+02 6.2607202148e+02 6.2648400879e+02 6.2687500000e+02 6.2728497314e+02 6.2771697998e+02 6.2816198730e+02 6.2856500244e+02 6.2897802734e+02 6.2941601563e+02 6.2986700439e+02 6.3034399414e+02 6.3083099365e+02 6.3129699707e+02 6.3176702881e+02 6.3229199219e+02 6.3279498291e+02 6.3325799561e+02 6.3368902588e+02 6.3413800049e+02 6.3452398682e+02 6.3488702393e+02
6.1542797852e+02 6.1588598633e+02 6.1634301758e+02 6.1679602051e+02 6.1723999023e+02 6.1766699219e+02 6.1809100342e+02 6.1844396973e+02 6.1877697754e+02 6.1911401367e+02 6.1944702148e+02 6.1981201172e+02 6.2022497559e+02 6.2067498779e+02 6.2118701172e+02 6.2168298340e+02 6.2213500977e+02 6.2257098389e+02 6.2300500488e+02 6.2345098877e+02 6.2389099121e+02 6.2433300781e+02 6.2477099609e+02 6.2520898438e+02 6.2564697266e+02 6.2608197021e+02 6.2649401855e+02 6.2689300537e+02 6.2731896973e+02 6.2775299072e+02 6.2818298340e+02 6.2856701660e+02 6.2898999023e+02 6.2945501709e+02 6.2991900635e+02 6.3036602783e+02 6.3082897949e+02 6.3129199219e+02 6.3176599121e+02 6.3225897217e+02 6.3273101807e+02 6.3318298340e+02 6.3362799072e+02 6.3405499268e+02 6.3442102051e+02 6.3479199219e+02
6.1546801758e+02 6.1592199707e+02 6.1637500000e+02 6.1683599854e+02 6.1728601074e+02 6.1772497559e+02 6.1814801025e+02 6.1853302002e+02 6.1887799072e+02 6.1921600342e+02 6.1958099365e+02 6.1994598389e+02 6.2035302734e+02 6.2078497314e+02 6.2124902344e+02 6.2173901367e+02 6.2219396973e+02 6.2263702393e+02 6.2310498047e+02 6.2351397705e+02 6.2393499756e+02 6.2435699463e+02 6.2478900146e+02 6.2521801758e+02 6.2566699219e+02 6.2611700439e+02 6.2654602051e+02 6.2695697021e+02 6.2739599609e+02 6.2783697510e+02 6.2828399658e+02 6.2863800049e+02 6.2904302979e+02 6.2951202393e+02 6.2999798584e+02 6.3042401123e+02 6.3084600830e+02 6.3128997803e+02 6.3175701904e+02 6.3222998047e+02 6.3266601563e+02 6.3310101318e+02 6.3355902100e+02 6.3399401855e+02 6.3438598633e+02 6.3478497314e+02
6.1551599121e+02 6.1596002197e+02 6.1641198730e+02 6.1687500000e+02 6.1732299805e+02 6.1776501465e+02 6.1819702148e+02 6.1860198975e+02 6.1899499512e+02 6.1937597656e+02 6.1973498535e+02 6.2011499023e+02 6.2052301025e+02 6.2093798828e+02 6.2136999512e+02 6.2182000732e+02 6.2226501465e+02 6.2270898438e+02 6.2315698242e+02 6.2356896973e+02 6.2396801758e+02 6.2437597656e+02 6.2479901123e+02 6.2523699951e+02 6.2569396973e+02 6.2615802002e+02 6.2662200928e+02 6.2705999756e+02 6.2749700928e+02 6.2794000244e+02 6.2837597656e+02 6.2875402832e+02 6.2915301514e+02 6.2960198975e+02 6.3005603027e+02 6.3044500732e+02 6.3086499023e+02 6.3131896973e+02 6.3174597168e+02 6.3217102051e+02 6.3256097412e+02 6.3296801758e+02 6.3344396973e+02 6.3390301514e+02 6.3430603027e+02 6.3474298096e+02
6.1556201172e+02 6.1600402832e+02 6.1646002197e+02 6.1692498779e+02 6.1737402344e+02 6.1781701660e+02 6.1825402832e+02 6.1868499756e+02 6.1910198975e+02 6.1951000977e+02 6.1989300537e+02 6.2028302002e+02 6.2068798828e+02 6.2109399414e+02 6.2149902344e+02 6.2191699219e+02 6.2234197998e+02 6.2277001953e+02 6.2320599365e+02 6.2360699463e+02 6.2399499512e+02 6.2439398193e+02 6.2481500244e+02 6.2526397705e+02 6.2572601318e+02 6.2619396973e+02 6.2667401123e+02 6.2713500977e+02 6.2757702637e+02 6.2801397705e+02 6.2844000244e+02 6.2883697510e+02 6.2923901367e+02 6.2966802979e+02 6.3008502197e+02 6.3045397949e+02 6.3088500977e+02 6.3134301758e+02 6.3173199463e+02 6.3213598633e+02 6.3250299072e+02 6.3289099121e+02 6.3336901855e+02 6.3383502197e+02 6.3421398926e+02 6.3464300537e+02
6.1561602783e+02 6.1605902100e+02 6.1651800537e+02 6.1698602295e+02 6.1743597412e+02 6.1788000488e+02 6.1832098389e+02 6.1877099609e+02 6.1920898438e+02 6.1963897705e+02 6.2004602051e+02 6.2044299316e+02 6.2084698486e+02 6.2124298096e+02 6.2162597656e+02 6.2201202393e+02 6.2241601563e+02 6.2282897949e+02 6.2325097656e+02 6.2364001465e+02 6.2401898193e+02 6.2440997314e+02 6.2483197021e+02 6.2528900146e+02 6.2575097656e+02 6.2621600342e+02 6.2669097900e+02 6.2716400146e+02 6.2761499023e+02 6.2804699707e+02 6.2845898438e+02 6.2886700439e+02 6.2927001953e+02 6.2968701172e+02 6.3008502197e+02 6.3046099854e+02 6.3089202881e+02 6.3132598877e+02 6.3170001221e+02 6.3211199951e+02 6.3248498535e+02 6.3287298584e+02 6.3334497070e+02 6.3379998779e+02 6.3414501953e+02 6.3453601074e+02
6.1565600586e+02 6.1612097168e+02 6.1659802246e+02 6.1705603027e+02 6.1751300049e+02 6.1796197510e+02 6.1841802979e+02 6.1885498047e+02 6.1929901123e+02 6.1974200439e+02 6.2014398193e+02 6.2056896973e+02 6.2097601318e+02 6.2136700439e+02 6.2173199463e+02 6.2210198975e+02 6.2248699951e+02 6.2288299561e+02 6.2329998779e+02 6.2366699219e+02 6.2403802490e+02 6.2442797852e+02 6.2483898926e+02 6.2529101563e+02 6.2574902344e+02 6.2621600342e+02 6.2667999268e+02 6.2715802002e+02 6.2761901855e+02 6.2804400635e+02 6.2843402100e+02 6.2885498047e+02 6.2926898193e+02 6.2968103027e+02 6.3006201172e+02 6.3044299316e+02 6.3086798096e+02 6.3127099609e+02 6.3163897705e+02 6.3206799316e+02 6.3246197510e+02 6.3286199951e+02 6.3332202148e+02 6.3376300049e+02 6.3410198975e+02 6.3447198486e+02
6.1569396973e+02 6.1616400146e+02 6.1666198730e+02 6.1713800049e+02 6.1759497070e+02 6.1804699707e+02 6.1849298096e+02 6.1892901611e+02 6.1936499023e+02 6.1980102539e+02 6.2024102783e+02 6.2066900635e+02 6.2107299805e+02 6.2145898438e+02 6.2180603027e+02 6.2215002441e+02 6.2251702881e+02 6.2289001465e+02 6.2327197266e+02 6.2363000488e+02 6.2400299072e+02 6.2440002441e+02 6.2482098389e+02 6.2526397705e+02 6.2571801758e+02 6.2618798828e+02 6.2666998291e+02 6.2715502930e+02 6.2761102295e+02 6.2803198242e+02 6.2842297363e+02 6.2886297607e+02 6.2926800537e+02 6.2966497803e+02 6.3004498291e+02 6.3042999268e+02 6.3084600830e+02 6.3123297119e+02 6.3159301758e+02 6.3201397705e+02 6.3241900635e+02 6.3282000732e+02 6.3325598145e+02 6.3367401123e+02 6.3405999756e+02 6.3447900391e+02
6.1579699707e+02 6.1624597168e+02 6.1674200439e+02 6.1722900391e+02 6.1768103027e+02 6.1812701416e+02 6.1857202148e+02 6.1901397705e+02 6.1945001221e+02 6.1988500977e+02 6.2033697510e+02 6.2077398682e+02 6.2117297363e+02 6.2155102539e+02 6.2188397217e+02 6.2220599365e+02 6.2255200195e+02 6.2290002441e+02 6.2325201416e+02 6.2360302734e+02 6.2397802734e+02 6.2437799072e+02 6.2480603027e+02 6.2524700928e+02 6.2569897461e+02 6.2616601563e+02 6.2665802002e+02 6.2715002441e+02 6.2759997559e+02 6.2802099609e+02 6.2842602539e+02 6.2886401367e+02 6.2924798584e+02 6.2963897705e+02 6.3003997803e+02 6.3042999268e+02 6.3082501221e+02 6.3119299316e+02 6.3155200195e+02 6.3197998047e+02 6.3239898682e+02 6.3280401611e+02 6.3321301270e+02 6.3361102295e+02 6.3402099609e+02 6.3446697998e+02
6.1594598389e+02 6.1636602783e+02 6.1684497070e+02 6.1733300781e+02 6.1777801514e+02 6.1821801758e+02 6.1866101074e+02 6.1910601807e+02 6.1954302979e+02 6.1997698975e+02 6.2043402100e+02 6.2087597656e+02 6.2126898193e+02 6.2164001465e+02 6.2196600342e+02 6.2227398682e+02 6.2259802246e+02 6.2292297363e+02 6.2325000000e+02 6.2359899902e+02 6.2397399902e+02 6.2437500000e+02 6.2480499268e+02 6.2524102783e+02 6.2569000244e+02 6.2615399170e+02 6.2664898682e+02 6.2714202881e+02 6.2758599854e+02 6.2801000977e+02 6.2843402100e+02 6.2885498047e+02 6.2922497559e+02 6.2962500000e+02 6.3002899170e+02 6.3042297363e+02 6.3081896973e+02 6.3119799805e+02 6.3157397461e+02 6.3198699951e+02 6.3240301514e+02 6.3280401611e+02 6.3319396973e+02 6.3358697510e+02 6.3400201416e+02 6.3445001221e+02
6.1614202881e+02 6.1651898193e+02 6.1694500732e+02 6.1743298340e+02 6.1787701416e+02 6.1832098389e+02 6.1875201416e+02 6.1919299316e+02 6.1963800049e+02 6.2008398438e+02 6.2055102539e+02 6.2097698975e+02 6.2136901855e+02 6.2173101807e+02 6.2205200195e+02 6.2235198975e+02 6.2265301514e+02 6.2295800781e+02 6.2326800537e+02 6.2361602783e+02 6.2399700928e+02 6.2440301514e+02 6.2481298828e+02 6.2524700928e+02 6.2569299316e+02 6.2615100098e+02 6.2662902832e+02 6.2712597656e+02 6.2756597900e+02 6.2799102783e+02 6.2842199707e+02 6.2883801270e+02 6.2919799805e+02 6.2957397461e+02 6.2997802734e+02 6.3038897705e+02 6.3080297852e+02 6.3122302246e+02 6.3162902832e+02 6.3201800537e+02 6.3240100098e+02 6.3278900146e+02 6.3320202637e+02 6.3361102295e+02 6.3402600098e+02 6.3445300293e+02
6.1640002441e+02 6.1673901367e+02 6.1712500000e+02 6.1756298828e+02 6.1799700928e+02 6.1843701172e+02 6.1887902832e+02 6.1932000732e+02 6.1976702881e+02 6.2021801758e+02 6.2066998291e+02 6.2109698486e+02 6.2148999023e+02 6.2184301758e+02 6.2215301514e+02 6.2243798828e+02 6.2272497559e+02 6.2302099609e+02 6.2332702637e+02 6.2365802002e+02 6.2403698730e+02 6.2444799805e+02 6.2486499023e+02 6.2529699707e+02 6.2573797607e+02 6.2618103027e+02 6.2664001465e+02 6.2711499023e+02 6.2754797363e+02 6.2795898438e+02 6.2837701416e+02 6.2878601074e+02 6.2916101074e+02 6.2956402588e+02 6.3000097656e+02 6.3042401123e+02 6.3084197998e+02 6.3126599121e+02 6.3169000244e+02 6.3206500244e+02 6.3241601563e+02 6.3277301025e+02 6.3317999268e+02 6.3361999512e+02 6.3402301025e+02 6.3441198730e+02
6.1664001465e+02 6.1698199463e+02 6.1734399414e+02 6.1775402832e+02 6.1817102051e+02 6.1859301758e+02 6.1902600098e+02 6.1946600342e+02 6.1990100098e+02 6.2033898926e+02 6.2078302002e+02 6.2121398926e+02 6.2160198975e+02 6.2194897461e+02 6.2225000000e+02 6.2253198242e+02 6.2281298828e+02 6.2310400391e+02 6.2340698242e+02 6.2372399902e+02 6.2408898926e+02 6.2449700928e+02 6.2492999268e+02 6.2537500000e+02 6.2580798340e+02 6.2623699951e+02 6.2666802979e+02 6.2711700439e+02 6.2753302002e+02 6.2792700195e+02 6.2832000732e+02 6.2870697021e+02 6.2910198975e+02 6.2953497314e+02 6.3001599121e+02 6.3046997070e+02 6.3089599609e+02 6.3131597900e+02 6.3173400879e+02 6.3209997559e+02 6.3241302490e+02 6.3271997070e+02 6.3308801270e+02 6.3354602051e+02 6.3397399902e+02 6.3437097168e+02
6.1683898926e+02 6.1721301270e+02 6.1758398438e+02 6.1797900391e+02 6.1837902832e+02 6.1878100586e+02 6.1919299316e+02 6.1961700439e+02 6.2003497314e+02 6.2045501709e+02 6.2088702393e+02 6.2131701660e+02 6.2169897461e+02 6.2203802490e+02 6.2233599854e+02 6.2262500000e+02 6.2290997314e+02 6.2320300293e+02 6.2350299072e+02 6.2380102539e+02 6.2415301514e+02 6.2455499268e+02 6.2499499512e+02 6.2544799805e+02 6.2587500000e+02 6.2629400635e+02 6.2671502686e+02 6.2713800049e+02 6.2752899170e+02 6.2790399170e+02 6.2828002930e+02 6.2865600586e+02 6.2907098389e+02 6.2951800537e+02 6.3001300049e+02 6.3049902344e+02 6.3093701172e+02 6.3134802246e+02 6.3174499512e+02 6.3209301758e+02 6.3236999512e+02 6.3262597656e+02 6.3292901611e+02 6.3336798096e+02 6.3383599854e+02 6.3427801514e+02
6.1698199463e+02 6.1739398193e+02 6.1780200195e+02 6.1822497559e+02 6.1861499023e+02 6.1900000000e+02 6.1939300537e+02 6.1977801514e+02 6.2017498779e+02 6.2057098389e+02 6.2097998047e+02 6.2140002441e+02 6.2177001953e+02 6.2209600830e+02 6.2236798096e+02 6.2269799805e+02 6.2301800537e+02 6.2332501221e+02 6.2360900879e+02 6.2387902832e+02 6.2422100830e+02 6.2462200928e+02 6.2506201172e+02 6.2549401855e+02 6.2592297363e+02 6.2634600830e+02 6.2677600098e+02 6.2717297363e+02 6.2753198242e+02 6.2789501953e+02 6.2828100586e+02 6.2865197754e+02 6.2907702637e+02 6.2953601074e+02 6.3000299072e+02 6.3052301025e+02 6.3098498535e+02 6.3139501953e+02 6.3173498535e+02 6.3203601074e+02 6.3229400635e+02 6.3252801514e+02 6.3276397705e+02 6.3316400146e+02 6.3363000488e+02 6.3411102295e+02
6.1710601807e+02 6.1753997803e+02 6.1796600342e+02 6.1839300537e+02 6.1878802490e+02 6.1917102051e+02 6.1955902100e+02 6.1994000244e+02 6.2030999756e+02 6.2067700195e+02 6.2105200195e+02 6.2144097900e+02 6.2179797363e+02 6.2213000488e+02 6.2245001221e+02 6.2280102539e+02 6.2314697266e+02 6.2344396973e+02 6.2366900635e+02 6.2392297363e+02 6.2427600098e+02 6.2469000244e+02 6.2512298584e+02 6.2554602051e+02 6.2596697998e+02 6.2638500977e+02 6.2679998779e+02 6.2718200684e+02 6.2752398682e+02 6.2789801025e+02 6.2831597900e+02 6.2868402100e+02 6.2911199951e+02 6.2958001709e+02 6.3000701904e+02 6.3048101807e+02 6.3097900391e+02 6.3143200684e+02 6.3173498535e+02 6.3196697998e+02 6.3220397949e+02 6.3246301270e+02 6.3276202393e+02 6.3316400146e+02 6.3358099365e+02 6.3401501465e+02
6.1721997070e+02 6.1767401123e+02 6.1807897949e+02 6.1849499512e+02 6.1889501953e+02 6.1928497314e+02 6.1968902588e+02 6.2006402588e+02 6.2041601563e+02 6.2076501465e+02 6.2111102295e+02 6.2147601318e+02 6.2183898926e+02 6.2219500732e+02 6.2254302979e+02 6.2290100098e+02 6.2323797607e+02 6.2351397705e+02 6.2371099854e+02 6.2396301270e+02 6.2432299805e+02 6.2474102783e+02 6.2517602539e+02 6.2559399414e+02 6.2600201416e+02 6.2641302490e+02 6.2681201172e+02 6.2717199707e+02 6.2753302002e+02 6.2792199707e+02 6.2834301758e+02 6.2871002197e+02 6.2914398193e+02 6.2960998535e+02 6.2999902344e+02 6.3042797852e+02 6.3093298340e+02 6.3140399170e+02 6.3171197510e+02 6.3190197754e+02 6.3212597656e+02 6.3241699219e+02 6.3278900146e+02 6.3319396973e+02 6.3356896973e+02 6.3396801758e+02
6.1729199219e+02 6.1776599121e+02 6.1815502930e+02 6.1856097412e+02 6.1896697998e+02 6.1937097168e+02 6.1979101563e+02 6.2016101074e+02 6.2050402832e+02 6.2084197998e+02 6.2117498779e+02 6.2152502441e+02 6.2189202881e+02 6.2226501465e+02 6.2262597656e+02 6.2297100830e+02 6.2329498291e+02 6.2355798340e+02 6.2374499512e+02 6.2400097656e+02 6.2436602783e+02 6.2478601074e+02 6.2521801758e+02 6.2562799072e+02 6.2602197266e+02 6.2642602539e+02 6.2683898926e+02 6.2721099854e+02 6.2757098389e+02 6.2794799805e+02 6.2835998535e+02 6.2872497559e+02 6.2915100098e+02 6.2960601807e+02 6.2999401855e+02 6.3042901611e+02 6.3093499756e+02 6.3139202881e+02 6.3168798828e+02 6.3185900879e+02 6.3208898926e+02 6.3241400146e+02 6.3283697510e+02 6.3321899414e+02 6.3355401611e+02 6.3394897461e+02
