TESTSERVER/9/4.asc
NCOLS 100
NROWS 100
XLLCORNER 7.9497500000e+03
YLLCORNER 2.8975025000e+05
CELLSIZE 5.0000000000e-01
NODATA_VALUE -9.9990000000e+03
[rows 40 to 59 of 100, columns 0 to 45 of 100]
6.1685198975e+02 6.1729797363e+02 6.1773699951e+02 6.1817999268e+02 6.1862799072e+02 6.1906799316e+02 6.1949597168e+02 6.1991802979e+02 6.2034301758e+02 6.2080297852e+02 6.2126202393e+02 6.2167199707e+02 6.2208898926e+02 6.2253100586e+02 6.2292401123e+02 6.2329699707e+02 6.2365802002e+02 6.2404302979e+02 6.2454101563e+02 6.2507897949e+02 6.2553997803e+02 6.2597601318e+02 6.2645501709e+02 6.2688897705e+02 6.2730603027e+02 6.2772601318e+02 6.2813299561e+02 6.2860400391e+02 6.2908502197e+02 6.2953100586e+02 6.2994097900e+02 6.3042602539e+02 6.3096398926e+02 6.3150799561e+02 6.3202600098e+02 6.3243902588e+02 6.3279602051e+02 6.3322802734e+02 6.3370098877e+02 6.3402697754e+02 6.3439099121e+02 6.3479901123e+02 6.3521099854e+02 6.3561102295e+02 6.3605102539e+02 6.3646197510e+02
6.1675402832e+02 6.1719799805e+02 6.1762799072e+02 6.1806500244e+02 6.1850402832e+02 6.1892901611e+02 6.1935198975e+02 6.1976397705e+02 6.2020599365e+02 6.2067401123e+02 6.2114697266e+02 6.2158001709e+02 6.2200000000e+02 6.2241497803e+02 6.2278698730e+02 6.2316998291e+02 6.2355200195e+02 6.2393902588e+02 6.2441198730e+02 6.2495599365e+02 6.2540997314e+02 6.2582098389e+02 6.2628900146e+02 6.2674499512e+02 6.2716900635e+02 6.2761798096e+02 6.2804199219e+02 6.2846697998e+02 6.2894396973e+02 6.2941497803e+02 6.2986199951e+02 6.3032397461e+02 6.3085198975e+02 6.3136700439e+02 6.3185601807e+02 6.3230401611e+02 6.3268499756e+02 6.3309100342e+02 6.3355902100e+02 6.3392901611e+02 6.3431201172e+02 6.3472302246e+02 6.3513598633e+02 6.3555999756e+02 6.3594598389e+02 6.3630798340e+02
6.1664801025e+02 6.1708697510e+02 6.1753002930e+02 6.1797601318e+02 6.1840301514e+02 6.1881201172e+02 6.1921899414e+02 6.1963897705e+02 6.2009802246e+02 6.2057501221e+02 6.2104797363e+02 6.2148498535e+02 6.2189898682e+02 6.2230401611e+02 6.2266601563e+02 6.2305700684e+02 6.2345202637e+02 6.2383697510e+02 6.2426898193e+02 6.2478399658e+02 6.2524200439e+02 6.2565301514e+02 6.2609197998e+02 6.2651898193e+02 6.2697601318e+02 6.2748699951e+02 6.2794000244e+02 6.2834997559e+02 6.2882000732e+02 6.2928497314e+02 6.2975799561e+02 6.3022802734e+02 6.3068499756e+02 6.3114398193e+02 6.3162701416e+02 6.3210601807e+02 6.3253601074e+02 6.3296502686e+02 6.3341900635e+02 6.3380297852e+02 6.3417700195e+02 6.3458300781e+02 6.3503302002e+02 6.3547802734e+02 6.3584497070e+02 6.3619396973e+02
6.1654699707e+02 6.1698498535e+02 6.1744897461e+02 6.1790600586e+02 6.1831701660e+02 6.1870697021e+02 6.1910198975e+02 6.1954498291e+02 6.2002502441e+02 6.2051098633e+02 6.2096899414e+02 6.2138702393e+02 6.2178698730e+02 6.2218798828e+02 6.2256298828e+02 6.2295501709e+02 6.2334997559e+02 6.2372998047e+02 6.2413000488e+02 6.2461401367e+02 6.2508398438e+02 6.2552801514e+02 6.2597497559e+02 6.2635699463e+02 6.2680798340e+02 6.2734698486e+02 6.2782299805e+02 6.2823999023e+02 6.2871697998e+02 6.2917102051e+02 6.2964300537e+02 6.3013000488e+02 6.3052001953e+02 6.3093701172e+02 6.3144702148e+02 6.3194500732e+02 6.3240100098e+02 6.3284197998e+02 6.3329400635e+02 6.3368902588e+02 6.3404199219e+02 6.3444097900e+02 6.3492901611e+02 6.3538702393e+02 6.3575000000e+02 6.3610601807e+02
6.1646899414e+02 6.1692498779e+02 6.1740197754e+02 6.1782202148e+02 6.1821997070e+02 6.1860699463e+02 6.1903302002e+02 6.1948602295e+02 6.1997802734e+02 6.2046301270e+02 6.2091497803e+02 6.2128802490e+02 6.2166699219e+02 6.2205603027e+02 6.2244799805e+02 6.2284600830e+02 6.2323498535e+02 6.2361499023e+02 6.2401098633e+02 6.2448199463e+02 6.2496398926e+02 6.2545098877e+02 6.2593200684e+02 6.2628302002e+02 6.2668298340e+02 6.2720697021e+02 6.2771697998e+02 6.2813800049e+02 6.2860101318e+02 6.2905999756e+02 6.2957800293e+02 6.3007000732e+02 6.3044598389e+02 6.3086297607e+02 6.3138800049e+02 6.3185101318e+02 6.3229901123e+02 6.3272998047e+02 6.3318402100e+02 6.3359899902e+02 6.3395898438e+02 6.3435699463e+02 6.3484899902e+02 6.3532000732e+02 6.3568103027e+02 6.3603100586e+02
6.1639801025e+02 6.1685900879e+02 6.1730102539e+02 6.1770599365e+02 6.1809698486e+02 6.1849401855e+02 6.1893298340e+02 6.1942199707e+02 6.1990502930e+02 6.2037799072e+02 6.2081201172e+02 6.2117999268e+02 6.2155700684e+02 6.2193798828e+02 6.2232598877e+02 6.2272601318e+02 6.2312402344e+02 6.2351501465e+02 6.2392199707e+02 6.2438000488e+02 6.2483502197e+02 6.2529302979e+02 6.2578497314e+02 6.2618902588e+02 6.2656097412e+02 6.2706500244e+02 6.2760400391e+02 6.2801898193e+02 6.2843103027e+02 6.2890100098e+02 6.2948699951e+02 6.3001000977e+02 6.3036297607e+02 6.3077697754e+02 6.3128100586e+02 6.3177301025e+02 6.3225897217e+02 6.3268798828e+02 6.3308099365e+02 6.3345098877e+02 6.3383599854e+02 6.3427398682e+02 6.3478302002e+02 6.3527600098e+02 6.3564697266e+02 6.3599200439e+02
6.1632800293e+02 6.1677899170e+02 6.1721398926e+02 6.1761199951e+02 6.1799401855e+02 6.1839001465e+02 6.1884002686e+02 6.1933300781e+02 6.1981298828e+02 6.2028100586e+02 6.2070001221e+02 6.2106896973e+02 6.2145098877e+02 6.2183502197e+02 6.2222100830e+02 6.2262097168e+02 6.2303002930e+02 6.2343798828e+02 6.2385900879e+02 6.2430700684e+02 6.2474401855e+02 6.2518298340e+02 6.2566802979e+02 6.2612200928e+02 6.2648901367e+02 6.2695599365e+02 6.2746997070e+02 6.2788702393e+02 6.2830102539e+02 6.2878198242e+02 6.2936297607e+02 6.2986102295e+02 6.3022399902e+02 6.3064697266e+02 6.3114501953e+02 6.3166802979e+02 6.3216998291e+02 6.3259899902e+02 6.3297601318e+02 6.3334698486e+02 6.3373999023e+02 6.3419598389e+02 6.3472399902e+02 6.3521099854e+02 6.3559802246e+02 6.3596801758e+02
6.1627697754e+02 6.1672302246e+02 6.1714697266e+02 6.1752899170e+02 6.1790399170e+02 6.1829998779e+02 6.1875500488e+02 6.1924200439e+02 6.1971600342e+02 6.2017602539e+02 6.2058502197e+02 6.2096099854e+02 6.2135198975e+02 6.2174298096e+02 6.2213800049e+02 6.2253698730e+02 6.2295501709e+02 6.2337701416e+02 6.2380902100e+02 6.2425799561e+02 6.2468798828e+02 6.2511499023e+02 6.2558801270e+02 6.2605102539e+02 6.2643103027e+02 6.2687500000e+02 6.2735101318e+02 6.2778997803e+02 6.2822998047e+02 6.2870501709e+02 6.2922698975e+02 6.2969201660e+02 6.3009399414e+02 6.3054998779e+02 6.3104302979e+02 6.3155700684e+02 6.3203497314e+02 6.3245599365e+02 6.3286499023e+02 6.3327398682e+02 6.3368103027e+02 6.3413201904e+02 6.3464801025e+02 6.3512097168e+02 6.3553100586e+02 6.3593298340e+02
6.1624200439e+02 6.1669396973e+02 6.1713800049e+02 6.1746600342e+02 6.1782897949e+02 6.1822100830e+02 6.1866601563e+02 6.1913897705e+02 6.1960198975e+02 6.2005499268e+02 6.2047802734e+02 6.2085498047e+02 6.2124902344e+02 6.2165301514e+02 6.2207098389e+02 6.2248797607e+02 6.2291101074e+02 6.2333502197e+02 6.2376098633e+02 6.2421502686e+02 6.2465002441e+02 6.2507202148e+02 6.2550097656e+02 6.2594598389e+02 6.2636199951e+02 6.2679901123e+02 6.2723699951e+02 6.2769299316e+02 6.2816400146e+02 6.2863800049e+02 6.2908898926e+02 6.2953497314e+02 6.2999401855e+02 6.3048498535e+02 6.3098999023e+02 6.3147698975e+02 6.3192797852e+02 6.3233300781e+02 6.3274700928e+02 6.3319299316e+02 6.3364898682e+02 6.3410400391e+02 6.3454400635e+02 6.3501599121e+02 6.3546502686e+02 6.3589898682e+02
6.1620001221e+02 6.1666198730e+02 6.1710797119e+02 6.1744097900e+02 6.1778100586e+02 6.1814501953e+02 6.1857598877e+02 6.1903601074e+02 6.1948797607e+02 6.1993701172e+02 6.2036700439e+02 6.2074902344e+02 6.2115002441e+02 6.2157098389e+02 6.2202301025e+02 6.2247198486e+02 6.2290301514e+02 6.2331701660e+02 6.2371899414e+02 6.2415502930e+02 6.2459600830e+02 6.2502301025e+02 6.2542700195e+02 6.2584100342e+02 6.2627301025e+02 6.2671099854e+02 6.2715002441e+02 6.2761102295e+02 6.2808197021e+02 6.2854302979e+02 6.2900500488e+02 6.2944097900e+02 6.2990600586e+02 6.3039697266e+02 6.3090698242e+02 6.3136199951e+02 6.3180700684e+02 6.3221002197e+02 6.3261901855e+02 6.3309197998e+02 6.3359899902e+02 6.3407598877e+02 6.3445898438e+02 6.3489697266e+02 6.3538702393e+02 6.3585498047e+02
6.1615600586e+02 6.1661700439e+02 6.1706799316e+02 6.1740301514e+02 6.1773199463e+02 6.1808001709e+02 6.1849597168e+02 6.1895202637e+02 6.1939697266e+02 6.1984100342e+02 6.2026898193e+02 6.2066497803e+02 6.2107800293e+02 6.2151098633e+02 6.2198400879e+02 6.2245599365e+02 6.2289099121e+02 6.2329699707e+02 6.2368103027e+02 6.2410101318e+02 6.2453900146e+02 6.2496801758e+02 6.2536700439e+02 6.2577197266e+02 6.2619598389e+02 6.2663397217e+02 6.2708197021e+02 6.2754400635e+02 6.2800201416e+02 6.2844500732e+02 6.2890197754e+02 6.2934399414e+02 6.2980798340e+02 6.3028198242e+02 6.3077697754e+02 6.3122100830e+02 6.3164300537e+02 6.3203601074e+02 6.3246997070e+02 6.3297100830e+02 6.3349102783e+02 6.3397302246e+02 6.3436102295e+02 6.3478802490e+02 6.3528900146e+02 6.3578399658e+02
6.1610400391e+02 6.1656402588e+02 6.1701202393e+02 6.1735302734e+02 6.1768298340e+02 6.1802502441e+02 6.1842797852e+02 6.1887500000e+02 6.1931500244e+02 6.1975701904e+02 6.2018701172e+02 6.2059802246e+02 6.2102398682e+02 6.2146997070e+02 6.2195098877e+02 6.2242901611e+02 6.2286499023e+02 6.2326501465e+02 6.2363702393e+02 6.2404699707e+02 6.2448498535e+02 6.2492102051e+02 6.2533300781e+02 6.2573602295e+02 6.2614697266e+02 6.2657702637e+02 6.2703002930e+02 6.2747698975e+02 6.2791900635e+02 6.2835101318e+02 6.2879400635e+02 6.2924798584e+02 6.2969799805e+02 6.3013598633e+02 6.3061199951e+02 6.3107098389e+02 6.3148400879e+02 6.3188201904e+02 6.3235601807e+02 6.3286999512e+02 6.3337500000e+02 6.3385400391e+02 6.3427197266e+02 6.3469000244e+02 6.3519500732e+02 6.3571197510e+02
6.1603997803e+02 6.1648400879e+02 6.1690899658e+02 6.1729901123e+02 6.1765197754e+02 6.1799902344e+02 6.1836102295e+02 6.1879498291e+02 6.1923297119e+02 6.1968402100e+02 6.2015197754e+02 6.2056500244e+02 6.2100000000e+02 6.2144799805e+02 6.2192401123e+02 6.2238299561e+02 6.2280999756e+02 6.2320697021e+02 6.2359100342e+02 6.2399102783e+02 6.2442401123e+02 6.2487500000e+02 6.2533898926e+02 6.2571697998e+02 6.2610900879e+02 6.2652899170e+02 6.2698400879e+02 6.2742102051e+02 6.2784399414e+02 6.2827398682e+02 6.2871002197e+02 6.2917700195e+02 6.2962402344e+02 6.3002502441e+02 6.3044702148e+02 6.3090197754e+02 6.3132202148e+02 6.3176898193e+02 6.3231097412e+02 6.3281799316e+02 6.3328802490e+02 6.3375097656e+02 6.3419201660e+02 6.3463598633e+02 6.3515197754e+02 6.3567602539e+02
6.1596197510e+02 6.1639300537e+02 6.1683398438e+02 6.1725201416e+02 6.1763397217e+02 6.1799499512e+02 6.1833197021e+02 6.1871899414e+02 6.1914202881e+02 6.1959301758e+02 6.2007098389e+02 6.2052600098e+02 6.2096997070e+02 6.2141900635e+02 6.2187701416e+02 6.2232202148e+02 6.2275000000e+02 6.2315802002e+02 6.2354101563e+02 6.2392797852e+02 6.2435198975e+02 6.2481597900e+02 6.2529602051e+02 6.2568200684e+02 6.2606799316e+02 6.2647900391e+02 6.2693597412e+02 6.2735900879e+02 6.2777600098e+02 6.2820599365e+02 6.2863702393e+02 6.2909301758e+02 6.2951397705e+02 6.2989202881e+02 6.3030603027e+02 6.3071197510e+02 6.3113299561e+02 6.3163598633e+02 6.3222302246e+02 6.3273797607e+02 6.3320697021e+02 6.3366302490e+02 6.3409997559e+02 6.3455999756e+02 6.3509600830e+02 6.3562200928e+02
6.1588800049e+02 6.1631701660e+02 6.1676000977e+02 6.1719500732e+02 6.1759301758e+02 6.1796697998e+02 6.1830297852e+02 6.1865899658e+02 6.1906201172e+02 6.1949798584e+02 6.1997497559e+02 6.2044500732e+02 6.2089599609e+02 6.2134899902e+02 6.2179699707e+02 6.2224298096e+02 6.2268402100e+02 6.2310601807e+02 6.2349798584e+02 6.2387597656e+02 6.2429302979e+02 6.2475701904e+02 6.2524700928e+02 6.2564697266e+02 6.2602801514e+02 6.2642401123e+02 6.2686700439e+02 6.2728002930e+02 6.2768798828e+02 6.2811297607e+02 6.2855499268e+02 6.2902197266e+02 6.2941101074e+02 6.2977099609e+02 6.3017102051e+02 6.3055700684e+02 6.3099700928e+02 6.3153802490e+02 6.3214099121e+02 6.3266198730e+02 6.3313201904e+02 6.3359197998e+02 6.3403399658e+02 6.3449798584e+02 6.3504797363e+02 6.3557702637e+02
6.1581298828e+02 6.1624200439e+02 6.1668499756e+02 6.1713098145e+02 6.1754101563e+02 6.1792602539e+02 6.1826898193e+02 6.1859899902e+02 6.1897802734e+02 6.1939697266e+02 6.1986297607e+02 6.2033398438e+02 6.2078698730e+02 6.2123797607e+02 6.2168701172e+02 6.2215100098e+02 6.2260998535e+02 6.2305102539e+02 6.2346002197e+02 6.2383697510e+02 6.2424401855e+02 6.2470098877e+02 6.2519000244e+02 6.2560601807e+02 6.2598699951e+02 6.2636798096e+02 6.2678802490e+02 6.2719598389e+02 6.2759997559e+02 6.2801702881e+02 6.2844299316e+02 6.2891497803e+02 6.2927697754e+02 6.2961999512e+02 6.3002502441e+02 6.3046899414e+02 6.3096697998e+02 6.3152301025e+02 6.3208300781e+02 6.3258898926e+02 6.3306402588e+02 6.3354400635e+02 6.3401898193e+02 6.3449597168e+02 6.3504498291e+02 6.3555798340e+02
6.1573297119e+02 6.1616302490e+02 6.1658898926e+02 6.1703997803e+02 6.1745599365e+02 6.1784698486e+02 6.1820501709e+02 6.1852801514e+02 6.1888000488e+02 6.1928198242e+02 6.1972900391e+02 6.2020098877e+02 6.2065399170e+02 6.2110400391e+02 6.2156597900e+02 6.2205102539e+02 6.2252502441e+02 6.2297802734e+02 6.2340802002e+02 6.2380902100e+02 6.2422399902e+02 6.2466699219e+02 6.2512597656e+02 6.2555200195e+02 6.2593597412e+02 6.2630999756e+02 6.2670599365e+02 6.2711798096e+02 6.2752301025e+02 6.2792999268e+02 6.2835302734e+02 6.2878802490e+02 6.2914398193e+02 6.2947399902e+02 6.2986798096e+02 6.3040301514e+02 6.3097998047e+02 6.3154901123e+02 6.3205902100e+02 6.3253302002e+02 6.3301800537e+02 6.3353497314e+02 6.3404699707e+02 6.3452899170e+02 6.3505499268e+02 6.3552502441e+02
6.1564202881e+02 6.1607098389e+02 6.1650598145e+02 6.1694500732e+02 6.1735601807e+02 6.1774798584e+02 6.1811602783e+02 6.1842297363e+02 6.1876300049e+02 6.1915698242e+02 6.1960302734e+02 6.2005902100e+02 6.2051501465e+02 6.2097302246e+02 6.2144799805e+02 6.2195098877e+02 6.2243103027e+02 6.2289001465e+02 6.2332299805e+02 6.2374298096e+02 6.2417999268e+02 6.2462500000e+02 6.2508099365e+02 6.2549798584e+02 6.2587701416e+02 6.2625299072e+02 6.2664898682e+02 6.2705999756e+02 6.2745898438e+02 6.2785699463e+02 6.2827001953e+02 6.2866900635e+02 6.2902398682e+02 6.2938299561e+02 6.2978698730e+02 6.3026898193e+02 6.3085797119e+02 6.3148498535e+02 6.3203601074e+02 6.3248101807e+02 6.3297601318e+02 6.3352099609e+02 6.3404400635e+02 6.3452600098e+02 6.3502801514e+02 6.3546301270e+02
6.1556298828e+02 6.1599298096e+02 6.1642901611e+02 6.1686798096e+02 6.1727899170e+02 6.1767297363e+02 6.1803198242e+02 6.1833300781e+02 6.1867102051e+02 6.1905798340e+02 6.1949499512e+02 6.1994299316e+02 6.2039202881e+02 6.2085101318e+02 6.2133697510e+02 6.2184802246e+02 6.2233001709e+02 6.2278997803e+02 6.2322100830e+02 6.2365600586e+02 6.2410998535e+02 6.2456701660e+02 6.2503100586e+02 6.2544500732e+02 6.2582202148e+02 6.2620098877e+02 6.2660198975e+02 6.2701098633e+02 6.2740100098e+02 6.2779101563e+02 6.2818798828e+02 6.2854901123e+02 6.2892102051e+02 6.2933502197e+02 6.2977502441e+02 6.3022802734e+02 6.3078002930e+02 6.3138897705e+02 6.3195397949e+02 6.3242999268e+02 6.3294897461e+02 6.3349798584e+02 6.3400299072e+02 6.3446697998e+02 6.3495001221e+02 6.3537200928e+02
6.1550000000e+02 6.1592999268e+02 6.1636499023e+02 6.1680200195e+02 6.1721600342e+02 6.1761199951e+02 6.1796801758e+02 6.1826898193e+02 6.1861102295e+02 6.1898999023e+02 6.1941497803e+02 6.1985198975e+02 6.2029302979e+02 6.2075097656e+02 6.2124298096e+02 6.2175402832e+02 6.2223101807e+02 6.2268597412e+02 6.2311401367e+02 6.2356701660e+02 6.2403601074e+02 6.2450500488e+02 6.2497100830e+02 6.2538500977e+02 6.2576800537e+02 6.2615698242e+02 6.2656500244e+02 6.2696997070e+02 6.2735498047e+02 6.2774102783e+02 6.2813800049e+02 6.2851501465e+02 6.2890802002e+02 6.2934997559e+02 6.2980499268e+02 6.3026300049e+02 6.3077398682e+02 6.3131799316e+02 6.3186401367e+02 6.3240100098e+02 6.3294000244e+02 6.3346899414e+02 6.3393701172e+02 6.3439001465e+02 6.3486102295e+02 6.3527502441e+02
