TESTSERVER/9/5.asc
NCOLS 100
NROWS 100
XLLCORNER 7.9497500000e+03
YLLCORNER 2.8970025000e+05
CELLSIZE 5.0000000000e-01
NODATA_VALUE -9.9990000000e+03
[rows 80 to 99 of 100, columns 46 to 91 of 100]
6.3010400391e+02 6.3021997070e+02 6.3033599854e+02 6.3044299316e+02 6.3058697510e+02 6.3078900146e+02 6.3097900391e+02 6.3115502930e+02 6.3126300049e+02 6.3126501465e+02 6.3127197266e+02 6.3127197266e+02 6.3127301025e+02 6.3125799561e+02 6.3124902344e+02 6.3128802490e+02 6.3136401367e+02 6.3161700439e+02 6.3191900635e+02 6.3221899414e+02 6.3252197266e+02 6.3280200195e+02 6.3309399414e+02 6.3331896973e+02 6.3358697510e+02 6.3428900146e+02 6.3481597900e+02 6.3522900391e+02 6.3568701172e+02 6.3612200928e+02 6.3637500000e+02 6.3654699707e+02 6.3682299805e+02 6.3682800293e+02 6.3680700684e+02 6.3680999756e+02 6.3682501221e+02 6.3688000488e+02 6.3688598633e+02 6.3690002441e+02 6.3691900635e+02 6.3692401123e+02 6.3694500732e+02 6.3698797607e+02 6.3704998779e+02 6.3712402344e+02
6.2997399902e+02 6.3009997559e+02 6.3023101807e+02 6.3035900879e+02 6.3052697754e+02 6.3072802734e+02 6.3090802002e+02 6.3106097412e+02 6.3115399170e+02 6.3114202881e+02 6.3114398193e+02 6.3114398193e+02 6.3115197754e+02 6.3114202881e+02 6.3113500977e+02 6.3116302490e+02 6.3124298096e+02 6.3151501465e+02 6.3181298828e+02 6.3211499023e+02 6.3242700195e+02 6.3272497559e+02 6.3299200439e+02 6.3323400879e+02 6.3342901611e+02 6.3384197998e+02 6.3439398193e+02 6.3496197510e+02 6.3550000000e+02 6.3598602295e+02 6.3626898193e+02 6.3637701416e+02 6.3654699707e+02 6.3659802246e+02 6.3669097900e+02 6.3683599854e+02 6.3683001709e+02 6.3683801270e+02 6.3686401367e+02 6.3688800049e+02 6.3690002441e+02 6.3690100098e+02 6.3691400146e+02 6.3693701172e+02 6.3697497559e+02 6.3703900146e+02
6.2982598877e+02 6.2997302246e+02 6.3012298584e+02 6.3026898193e+02 6.3044201660e+02 6.3063897705e+02 6.3080102539e+02 6.3094201660e+02 6.3104199219e+02 6.3102398682e+02 6.3101599121e+02 6.3101800537e+02 6.3103002930e+02 6.3101501465e+02 6.3101800537e+02 6.3103601074e+02 6.3109899902e+02 6.3136901855e+02 6.3169396973e+02 6.3199102783e+02 6.3232598877e+02 6.3264697266e+02 6.3289300537e+02 6.3313500977e+02 6.3337097168e+02 6.3360302734e+02 6.3403997803e+02 6.3474700928e+02 6.3540002441e+02 6.3588397217e+02 6.3608599854e+02 6.3601702881e+02 6.3605401611e+02 6.3618701172e+02 6.3644000244e+02 6.3671801758e+02 6.3678601074e+02 6.3680999756e+02 6.3683300781e+02 6.3684899902e+02 6.3686102295e+02 6.3686700439e+02 6.3688000488e+02 6.3689501953e+02 6.3692401123e+02 6.3697399902e+02
6.2967602539e+02 6.2983099365e+02 6.2998400879e+02 6.3012298584e+02 6.3027301025e+02 6.3046197510e+02 6.3061999512e+02 6.3077502441e+02 6.3091101074e+02 6.3090502930e+02 6.3088897705e+02 6.3088897705e+02 6.3090301514e+02 6.3089398193e+02 6.3089099121e+02 6.3090997314e+02 6.3097497559e+02 6.3121899414e+02 6.3153698730e+02 6.3183697510e+02 6.3217797852e+02 6.3251000977e+02 6.3275097656e+02 6.3299798584e+02 6.3328698730e+02 6.3345300293e+02 6.3379797363e+02 6.3468798828e+02 6.3554199219e+02 6.3599102783e+02 6.3609497070e+02 6.3583801270e+02 6.3573297119e+02 6.3600097656e+02 6.3632202148e+02 6.3661700439e+02 6.3672302246e+02 6.3676898193e+02 6.3678802490e+02 6.3679901123e+02 6.3682000732e+02 6.3683099365e+02 6.3684899902e+02 6.3686401367e+02 6.3688897705e+02 6.3692102051e+02
6.2950897217e+02 6.2964001465e+02 6.2978302002e+02 6.2992102051e+02 6.3005700684e+02 6.3025299072e+02 6.3042498779e+02 6.3060302734e+02 6.3078002930e+02 6.3077899170e+02 6.3076098633e+02 6.3076300049e+02 6.3076599121e+02 6.3076702881e+02 6.3076000977e+02 6.3078100586e+02 6.3086401367e+02 6.3110101318e+02 6.3138598633e+02 6.3169000244e+02 6.3202001953e+02 6.3236199951e+02 6.3261199951e+02 6.3286401367e+02 6.3315100098e+02 6.3331097412e+02 6.3366601563e+02 6.3486602783e+02 6.3595098877e+02 6.3618499756e+02 6.3625598145e+02 6.3591302490e+02 6.3551898193e+02 6.3591400146e+02 6.3630102539e+02 6.3659997559e+02 6.3668499756e+02 6.3671002197e+02 6.3673297119e+02 6.3675299072e+02 6.3679400635e+02 6.3680200195e+02 6.3681799316e+02 6.3683197021e+02 6.3685101318e+02 6.3688598633e+02
6.2931500244e+02 6.2943902588e+02 6.2956896973e+02 6.2972100830e+02 6.2987097168e+02 6.3003698730e+02 6.3022198486e+02 6.3044897461e+02 6.3065997314e+02 6.3065301514e+02 6.3063800049e+02 6.3064801025e+02 6.3064697266e+02 6.3064202881e+02 6.3062701416e+02 6.3065100098e+02 6.3075201416e+02 6.3096398926e+02 6.3126202393e+02 6.3160400391e+02 6.3194097900e+02 6.3225598145e+02 6.3249499512e+02 6.3276501465e+02 6.3305700684e+02 6.3323199463e+02 6.3349102783e+02 6.3477502441e+02 6.3600299072e+02 6.3615002441e+02 6.3617901611e+02 6.3592999268e+02 6.3563098145e+02 6.3587902832e+02 6.3619201660e+02 6.3648498535e+02 6.3657897949e+02 6.3667401123e+02 6.3671697998e+02 6.3673199463e+02 6.3676098633e+02 6.3677899170e+02 6.3679199219e+02 6.3680603027e+02 6.3682397461e+02 6.3685302734e+02
6.2910400391e+02 6.2923297119e+02 6.2936700439e+02 6.2953399658e+02 6.2968701172e+02 6.2982299805e+02 6.3002600098e+02 6.3029699707e+02 6.3051898193e+02 6.3052502441e+02 6.3051501465e+02 6.3052197266e+02 6.3051898193e+02 6.3051599121e+02 6.3050402832e+02 6.3052899170e+02 6.3062701416e+02 6.3086401367e+02 6.3118902588e+02 6.3153100586e+02 6.3183001709e+02 6.3212200928e+02 6.3237597656e+02 6.3262799072e+02 6.3288299561e+02 6.3311102295e+02 6.3324597168e+02 6.3409100342e+02 6.3545300293e+02 6.3595300293e+02 6.3600897217e+02 6.3591101074e+02 6.3586999512e+02 6.3606799316e+02 6.3632702637e+02 6.3650799561e+02 6.3650000000e+02 6.3665997314e+02 6.3672302246e+02 6.3672998047e+02 6.3673699951e+02 6.3675598145e+02 6.3676898193e+02 6.3678198242e+02 6.3679498291e+02 6.3681201172e+02
6.2890399170e+02 6.2903601074e+02 6.2918402100e+02 6.2936199951e+02 6.2949597168e+02 6.2963598633e+02 6.2987200928e+02 6.3016497803e+02 6.3038201904e+02 6.3040100098e+02 6.3040002441e+02 6.3040600586e+02 6.3040301514e+02 6.3038397217e+02 6.3037200928e+02 6.3040502930e+02 6.3049798584e+02 6.3077899170e+02 6.3109497070e+02 6.3142199707e+02 6.3171398926e+02 6.3199298096e+02 6.3224798584e+02 6.3246002197e+02 6.3268798828e+02 6.3300201416e+02 6.3317700195e+02 6.3361999512e+02 6.3479797363e+02 6.3592401123e+02 6.3605401611e+02 6.3590502930e+02 6.3598699951e+02 6.3629699707e+02 6.3654101563e+02 6.3663000488e+02 6.3651898193e+02 6.3665301514e+02 6.3672497559e+02 6.3672998047e+02 6.3671697998e+02 6.3673297119e+02 6.3674499512e+02 6.3675897217e+02 6.3676702881e+02 6.3677398682e+02
6.2873400879e+02 6.2885498047e+02 6.2900299072e+02 6.2917401123e+02 6.2929400635e+02 6.2947198486e+02 6.2973699951e+02 6.3004199219e+02 6.3028900146e+02 6.3028601074e+02 6.3027899170e+02 6.3028302002e+02 6.3028802490e+02 6.3026397705e+02 6.3026397705e+02 6.3030297852e+02 6.3034600830e+02 6.3067297363e+02 6.3097100830e+02 6.3129699707e+02 6.3162799072e+02 6.3189001465e+02 6.3212298584e+02 6.3231298828e+02 6.3254400635e+02 6.3280999756e+02 6.3306701660e+02 6.3328900146e+02 6.3379901123e+02 6.3555603027e+02 6.3604199219e+02 6.3585400391e+02 6.3597900391e+02 6.3623199463e+02 6.3642901611e+02 6.3655200195e+02 6.3661901855e+02 6.3665698242e+02 6.3671099854e+02 6.3671899414e+02 6.3670800781e+02 6.3671197510e+02 6.3672601318e+02 6.3673699951e+02 6.3674700928e+02 6.3676300049e+02
6.2856799316e+02 6.2867498779e+02 6.2881402588e+02 6.2898400879e+02 6.2914398193e+02 6.2935400391e+02 6.2963000488e+02 6.2993103027e+02 6.3015698242e+02 6.3016699219e+02 6.3015502930e+02 6.3015301514e+02 6.3015002441e+02 6.3013598633e+02 6.3013897705e+02 6.3017999268e+02 6.3021502686e+02 6.3052801514e+02 6.3082202148e+02 6.3116198730e+02 6.3151098633e+02 6.3178497314e+02 6.3199700928e+02 6.3217199707e+02 6.3239398193e+02 6.3263000488e+02 6.3291699219e+02 6.3305102539e+02 6.3333898926e+02 6.3500000000e+02 6.3563702393e+02 6.3558398438e+02 6.3604302979e+02 6.3623297119e+02 6.3635400391e+02 6.3645800781e+02 6.3658599854e+02 6.3666900635e+02 6.3670300293e+02 6.3670898438e+02 6.3669097900e+02 6.3668597412e+02 6.3670001221e+02 6.3671801758e+02 6.3673797607e+02 6.3675701904e+02
6.2841497803e+02 6.2850701904e+02 6.2863800049e+02 6.2881896973e+02 6.2902099609e+02 6.2924200439e+02 6.2951501465e+02 6.2981097412e+02 6.3003302002e+02 6.3004302979e+02 6.3003497314e+02 6.3003399658e+02 6.3002899170e+02 6.3001397705e+02 6.3000299072e+02 6.3003802490e+02 6.3006097412e+02 6.3033697510e+02 6.3065802002e+02 6.3103601074e+02 6.3140301514e+02 6.3168701172e+02 6.3190197754e+02 6.3206701660e+02 6.3227001953e+02 6.3248199463e+02 6.3276800537e+02 6.3288702393e+02 6.3321197510e+02 6.3464099121e+02 6.3525402832e+02 6.3542297363e+02 6.3608801270e+02 6.3625097656e+02 6.3635400391e+02 6.3643701172e+02 6.3655999756e+02 6.3664801025e+02 6.3667498779e+02 6.3668103027e+02 6.3666400146e+02 6.3665502930e+02 6.3666802979e+02 6.3669000244e+02 6.3671502686e+02 6.3672998047e+02
6.2826702881e+02 6.2836499023e+02 6.2850201416e+02 6.2868200684e+02 6.2889300537e+02 6.2911602783e+02 6.2938397217e+02 6.2968298340e+02 6.2991400146e+02 6.2992102051e+02 6.2991302490e+02 6.2991198730e+02 6.2990600586e+02 6.2989300537e+02 6.2987701416e+02 6.2990502930e+02 6.2991497803e+02 6.3015698242e+02 6.3049401855e+02 6.3089300537e+02 6.3129400635e+02 6.3160601807e+02 6.3181402588e+02 6.3195501709e+02 6.3213500977e+02 6.3232000732e+02 6.3255297852e+02 6.3270800781e+02 6.3323602295e+02 6.3426898193e+02 6.3492401123e+02 6.3543902588e+02 6.3605603027e+02 6.3626397705e+02 6.3638800049e+02 6.3645599365e+02 6.3652301025e+02 6.3658300781e+02 6.3660900879e+02 6.3662500000e+02 6.3663201904e+02 6.3664001465e+02 6.3664697266e+02 6.3666497803e+02 6.3669598389e+02 6.3670898438e+02
6.2810900879e+02 6.2824200439e+02 6.2838500977e+02 6.2853802490e+02 6.2873797607e+02 6.2899298096e+02 6.2926599121e+02 6.2956201172e+02 6.2978802490e+02 6.2979498291e+02 6.2978302002e+02 6.2977697754e+02 6.2978100586e+02 6.2976800537e+02 6.2975598145e+02 6.2977099609e+02 6.2978601074e+02 6.3003302002e+02 6.3039501953e+02 6.3080401611e+02 6.3117498779e+02 6.3148699951e+02 6.3169396973e+02 6.3183197021e+02 6.3198101807e+02 6.3219299316e+02 6.3239099121e+02 6.3266198730e+02 6.3348101807e+02 6.3428399658e+02 6.3502398682e+02 6.3570898438e+02 6.3603100586e+02 6.3621398926e+02 6.3636401367e+02 6.3642602539e+02 6.3646002197e+02 6.3647302246e+02 6.3648699951e+02 6.3651300049e+02 6.3655999756e+02 6.3662500000e+02 6.3663702393e+02 6.3664202881e+02 6.3667102051e+02 6.3670898438e+02
6.2794897461e+02 6.2809497070e+02 6.2825000000e+02 6.2840997314e+02 6.2862200928e+02 6.2889001465e+02 6.2915899658e+02 6.2944396973e+02 6.2965600586e+02 6.2967297363e+02 6.2965698242e+02 6.2965197754e+02 6.2965301514e+02 6.2964099121e+02 6.2963098145e+02 6.2965698242e+02 6.2966900635e+02 6.2990802002e+02 6.3029602051e+02 6.3071301270e+02 6.3108001709e+02 6.3137799072e+02 6.3160900879e+02 6.3176397705e+02 6.3189202881e+02 6.3210101318e+02 6.3227801514e+02 6.3253997803e+02 6.3336999512e+02 6.3425299072e+02 6.3509301758e+02 6.3568597412e+02 6.3583197021e+02 6.3603198242e+02 6.3618200684e+02 6.3624798584e+02 6.3625598145e+02 6.3628198242e+02 6.3632000732e+02 6.3638098145e+02 6.3648999023e+02 6.3660601807e+02 6.3665502930e+02 6.3664898682e+02 6.3664001465e+02 6.3667901611e+02
6.2781298828e+02 6.2795599365e+02 6.2812500000e+02 6.2831500244e+02 6.2852697754e+02 6.2877197266e+02 6.2903399658e+02 6.2932299805e+02 6.2952899170e+02 6.2954699707e+02 6.2953198242e+02 6.2953002930e+02 6.2953100586e+02 6.2951397705e+02 6.2950201416e+02 6.2952899170e+02 6.2954797363e+02 6.2978997803e+02 6.3018103027e+02 6.3056298828e+02 6.3095300293e+02 6.3127301025e+02 6.3150598145e+02 6.3166699219e+02 6.3180102539e+02 6.3199902344e+02 6.3219201660e+02 6.3234997559e+02 6.3283898926e+02 6.3367901611e+02 6.3452001953e+02 6.3512701416e+02 6.3537402344e+02 6.3568597412e+02 6.3586199951e+02 6.3595397949e+02 6.3596801758e+02 6.3602301025e+02 6.3611199951e+02 6.3622399902e+02 6.3640100098e+02 6.3661700439e+02 6.3671600342e+02 6.3672601318e+02 6.3666699219e+02 6.3665502930e+02
6.2768200684e+02 6.2781500244e+02 6.2799298096e+02 6.2820397949e+02 6.2841198730e+02 6.2863000488e+02 6.2888702393e+02 6.2918798828e+02 6.2939300537e+02 6.2941699219e+02 6.2941101074e+02 6.2940899658e+02 6.2940899658e+02 6.2938500977e+02 6.2937200928e+02 6.2940600586e+02 6.2941601563e+02 6.2963702393e+02 6.3004199219e+02 6.3041198730e+02 6.3080902100e+02 6.3117297363e+02 6.3140301514e+02 6.3155297852e+02 6.3170898438e+02 6.3190197754e+02 6.3212701416e+02 6.3225799561e+02 6.3242498779e+02 6.3307299805e+02 6.3383697510e+02 6.3443597412e+02 6.3480603027e+02 6.3520098877e+02 6.3540600586e+02 6.3553802490e+02 6.3559899902e+02 6.3570800781e+02 6.3585198975e+02 6.3601800537e+02 6.3626098633e+02 6.3656298828e+02 6.3672100830e+02 6.3677502441e+02 6.3676098633e+02 6.3667999268e+02
6.2757202148e+02 6.2769299316e+02 6.2786901855e+02 6.2807202148e+02 6.2826599121e+02 6.2847802734e+02 6.2872802734e+02 6.2903802490e+02 6.2928002930e+02 6.2929498291e+02 6.2929302979e+02 6.2928399658e+02 6.2926898193e+02 6.2925500488e+02 6.2924597168e+02 6.2928497314e+02 6.2929302979e+02 6.2947302246e+02 6.2990698242e+02 6.3032202148e+02 6.3070800781e+02 6.3104998779e+02 6.3128302002e+02 6.3144201660e+02 6.3161401367e+02 6.3179302979e+02 6.3199902344e+02 6.3215301514e+02 6.3226501465e+02 6.3266400146e+02 6.3333398438e+02 6.3395800781e+02 6.3431201172e+02 6.3451898193e+02 6.3475000000e+02 6.3496002197e+02 6.3511798096e+02 6.3531896973e+02 6.3552301025e+02 6.3573797607e+02 6.3600201416e+02 6.3633599854e+02 6.3652502441e+02 6.3665399170e+02 6.3674102783e+02 6.3670397949e+02
6.2745501709e+02 6.2759497070e+02 6.2775598145e+02 6.2794000244e+02 6.2814001465e+02 6.2835198975e+02 6.2858197021e+02 6.2888897705e+02 6.2915399170e+02 6.2917401123e+02 6.2916900635e+02 6.2917297363e+02 6.2915997314e+02 6.2914099121e+02 6.2912402344e+02 6.2915100098e+02 6.2915301514e+02 6.2930603027e+02 6.2976501465e+02 6.3019702148e+02 6.3053900146e+02 6.3087402344e+02 6.3113397217e+02 6.3130401611e+02 6.3149700928e+02 6.3169702148e+02 6.3187500000e+02 6.3203302002e+02 6.3216699219e+02 6.3234301758e+02 6.3277600098e+02 6.3334399414e+02 6.3370501709e+02 6.3384899902e+02 6.3408300781e+02 6.3433697510e+02 6.3463897705e+02 6.3490399170e+02 6.3515002441e+02 6.3539202881e+02 6.3568200684e+02 6.3596801758e+02 6.3616497803e+02 6.3634002686e+02 6.3649401855e+02 6.3659899902e+02
6.2733697510e+02 6.2748602295e+02 6.2763702393e+02 6.2781298828e+02 6.2800402832e+02 6.2822399902e+02 6.2846099854e+02 6.2877099609e+02 6.2902697754e+02 6.2905200195e+02 6.2904699707e+02 6.2904901123e+02 6.2903100586e+02 6.2902197266e+02 6.2901098633e+02 6.2903601074e+02 6.2902697754e+02 6.2913897705e+02 6.2962799072e+02 6.3008001709e+02 6.3037298584e+02 6.3072802734e+02 6.3099798584e+02 6.3118298340e+02 6.3140399170e+02 6.3161199951e+02 6.3177398682e+02 6.3192602539e+02 6.3209002686e+02 6.3221099854e+02 6.3242102051e+02 6.3277001953e+02 6.3314202881e+02 6.3336999512e+02 6.3361199951e+02 6.3387500000e+02 6.3421002197e+02 6.3453100586e+02 6.3480798340e+02 6.3507598877e+02 6.3536401367e+02 6.3564599609e+02 6.3586401367e+02 6.3606201172e+02 6.3625701904e+02 6.3649499512e+02
6.2721099854e+02 6.2735498047e+02 6.2750701904e+02 6.2770202637e+02 6.2788500977e+02 6.2809802246e+02 6.2834497070e+02 6.2865899658e+02 6.2889398193e+02 6.2892602539e+02 6.2891699219e+02 6.2891101074e+02 6.2890301514e+02 6.2889898682e+02 6.2889300537e+02 6.2890100098e+02 6.2887200928e+02 6.2896002197e+02 6.2945397949e+02 6.2995501709e+02 6.3025598145e+02 6.3061297607e+02 6.3088702393e+02 6.3108502197e+02 6.3130999756e+02 6.3151202393e+02 6.3166497803e+02 6.3180499268e+02 6.3196801758e+02 6.3211602783e+02 6.3224700928e+02 6.3245001221e+02 6.3273999023e+02 6.3301098633e+02 6.3326202393e+02 6.3352697754e+02 6.3384899902e+02 6.3418798828e+02 6.3448797607e+02 6.3477398682e+02 6.3505798340e+02 6.3533697510e+02 6.3557299805e+02 6.3579199219e+02 6.3602502441e+02 6.3635797119e+02
