TESTSERVER/9/5.asc
NCOLS 100
NROWS 100
XLLCORNER 7.9497500000e+03
YLLCORNER 2.8970025000e+05
CELLSIZE 5.0000000000e-01
NODATA_VALUE -9.9990000000e+03
[rows 80 to 99 of 100, columns 0 to 45 of 100]
6.2221801758e+02 6.2240002441e+02 6.2260198975e+02 6.2280798340e+02 6.2304400635e+02 6.2325598145e+02 6.2344396973e+02 6.2366699219e+02 6.2388897705e+02 6.2410400391e+02 6.2432098389e+02 6.2451397705e+02 6.2471697998e+02 6.2492999268e+02 6.2513098145e+02 6.2525598145e+02 6.2540899658e+02 6.2559399414e+02 6.2574902344e+02 6.2589001465e+02 6.2603497314e+02 6.2621600342e+02 6.2640899658e+02 6.2658898926e+02 6.2682897949e+02 6.2705902100e+02 6.2724499512e+02 6.2741497803e+02 6.2757800293e+02 6.2768499756e+02 6.2773199463e+02 6.2785101318e+02 6.2793200684e+02 6.2801098633e+02 6.2813702393e+02 6.2832000732e+02 6.2847100830e+02 6.2865997314e+02 6.2887902832e+02 6.2905798340e+02 6.2922198486e+02 6.2939001465e+02 6.2953802490e+02 6.2969897461e+02 6.2983697510e+02 6.2996099854e+02
6.2213500977e+02 6.2231701660e+02 6.2252398682e+02 6.2270800781e+02 6.2292797852e+02 6.2314501953e+02 6.2332897949e+02 6.2354400635e+02 6.2375299072e+02 6.2395599365e+02 6.2417901611e+02 6.2437597656e+02 6.2456799316e+02 6.2477099609e+02 6.2496398926e+02 6.2509698486e+02 6.2526397705e+02 6.2543798828e+02 6.2559301758e+02 6.2574798584e+02 6.2590899658e+02 6.2608801270e+02 6.2627197266e+02 6.2646997070e+02 6.2668200684e+02 6.2690802002e+02 6.2710400391e+02 6.2727600098e+02 6.2746301270e+02 6.2762597656e+02 6.2768499756e+02 6.2776800537e+02 6.2786700439e+02 6.2794702148e+02 6.2803100586e+02 6.2819097900e+02 6.2833801270e+02 6.2850897217e+02 6.2871600342e+02 6.2888299561e+02 6.2905902100e+02 6.2924200439e+02 6.2939099121e+02 6.2955902100e+02 6.2969396973e+02 6.2981799316e+02
6.2206097412e+02 6.2224401855e+02 6.2244097900e+02 6.2262402344e+02 6.2283197021e+02 6.2304199219e+02 6.2322497559e+02 6.2343402100e+02 6.2363098145e+02 6.2382098389e+02 6.2404400635e+02 6.2425299072e+02 6.2444299316e+02 6.2462701416e+02 6.2479602051e+02 6.2495501709e+02 6.2512597656e+02 6.2527801514e+02 6.2542797852e+02 6.2558697510e+02 6.2576501465e+02 6.2595800781e+02 6.2614697266e+02 6.2633398438e+02 6.2652001953e+02 6.2673297119e+02 6.2694598389e+02 6.2711401367e+02 6.2730401611e+02 6.2748999023e+02 6.2758801270e+02 6.2766802979e+02 6.2776202393e+02 6.2784399414e+02 6.2792901611e+02 6.2806097412e+02 6.2820098877e+02 6.2836102295e+02 6.2853100586e+02 6.2869299316e+02 6.2886401367e+02 6.2904797363e+02 6.2921697998e+02 6.2938201904e+02 6.2952502441e+02 6.2966497803e+02
6.2197802734e+02 6.2215899658e+02 6.2233697510e+02 6.2252301025e+02 6.2272698975e+02 6.2292602539e+02 6.2311602783e+02 6.2333697510e+02 6.2352801514e+02 6.2371398926e+02 6.2392602539e+02 6.2411901855e+02 6.2431201172e+02 6.2449902344e+02 6.2466400146e+02 6.2482897949e+02 6.2498999023e+02 6.2513397217e+02 6.2528302002e+02 6.2544702148e+02 6.2562200928e+02 6.2581597900e+02 6.2601599121e+02 6.2618499756e+02 6.2635900879e+02 6.2656201172e+02 6.2678900146e+02 6.2696398926e+02 6.2715399170e+02 6.2733398438e+02 6.2746002197e+02 6.2757202148e+02 6.2765997314e+02 6.2773901367e+02 6.2784399414e+02 6.2795898438e+02 6.2807000732e+02 6.2821997070e+02 6.2836999512e+02 6.2853002930e+02 6.2869000244e+02 6.2886102295e+02 6.2904797363e+02 6.2921398926e+02 6.2936102295e+02 6.2951599121e+02
6.2189001465e+02 6.2208099365e+02 6.2223699951e+02 6.2242901611e+02 6.2263800049e+02 6.2282397461e+02 6.2300701904e+02 6.2323602295e+02 6.2341497803e+02 6.2359997559e+02 6.2381597900e+02 6.2396899414e+02 6.2414801025e+02 6.2433697510e+02 6.2452301025e+02 6.2466699219e+02 6.2483801270e+02 6.2501501465e+02 6.2516699219e+02 6.2533697510e+02 6.2551397705e+02 6.2569000244e+02 6.2588702393e+02 6.2605200195e+02 6.2622399902e+02 6.2641802979e+02 6.2661499023e+02 6.2679302979e+02 6.2699200439e+02 6.2717901611e+02 6.2732897949e+02 6.2746502686e+02 6.2756799316e+02 6.2764898682e+02 6.2777398682e+02 6.2789599609e+02 6.2796899414e+02 6.2809698486e+02 6.2824902344e+02 6.2838397217e+02 6.2852697754e+02 6.2868200684e+02 6.2885198975e+02 6.2903100586e+02 6.2918298340e+02 6.2934497070e+02
6.2179199219e+02 6.2199401855e+02 6.2216400146e+02 6.2235498047e+02 6.2256701660e+02 6.2274401855e+02 6.2290899658e+02 6.2311499023e+02 6.2330200195e+02 6.2348699951e+02 6.2370800781e+02 6.2387902832e+02 6.2403399658e+02 6.2421099854e+02 6.2437597656e+02 6.2453900146e+02 6.2471697998e+02 6.2490002441e+02 6.2505999756e+02 6.2521099854e+02 6.2538897705e+02 6.2556896973e+02 6.2575201416e+02 6.2591998291e+02 6.2608502197e+02 6.2625598145e+02 6.2641998291e+02 6.2658801270e+02 6.2678698730e+02 6.2698901367e+02 6.2715197754e+02 6.2730200195e+02 6.2741998291e+02 6.2751202393e+02 6.2766497803e+02 6.2784197998e+02 6.2792797852e+02 6.2802398682e+02 6.2813702393e+02 6.2826397705e+02 6.2839202881e+02 6.2852697754e+02 6.2868701172e+02 6.2886297607e+02 6.2901098633e+02 6.2915802002e+02
6.2171398926e+02 6.2189697266e+02 6.2207299805e+02 6.2226599121e+02 6.2246899414e+02 6.2264801025e+02 6.2282397461e+02 6.2301599121e+02 6.2320202637e+02 6.2338098145e+02 6.2358099365e+02 6.2377099609e+02 6.2391900635e+02 6.2408300781e+02 6.2423999023e+02 6.2441198730e+02 6.2458697510e+02 6.2476000977e+02 6.2492901611e+02 6.2506896973e+02 6.2523999023e+02 6.2542797852e+02 6.2560998535e+02 6.2577801514e+02 6.2594500732e+02 6.2610900879e+02 6.2626300049e+02 6.2642401123e+02 6.2660998535e+02 6.2680200195e+02 6.2696398926e+02 6.2712200928e+02 6.2725897217e+02 6.2737298584e+02 6.2753198242e+02 6.2771002197e+02 6.2783697510e+02 6.2794000244e+02 6.2802301025e+02 6.2815802002e+02 6.2829302979e+02 6.2841198730e+02 6.2853802490e+02 6.2870202637e+02 6.2883898926e+02 6.2896697998e+02
6.2163500977e+02 6.2180700684e+02 6.2197998047e+02 6.2216699219e+02 6.2235998535e+02 6.2254498291e+02 6.2273400879e+02 6.2292102051e+02 6.2310699463e+02 6.2328302002e+02 6.2345501709e+02 6.2363098145e+02 6.2379302979e+02 6.2396002197e+02 6.2412200928e+02 6.2428198242e+02 6.2444299316e+02 6.2460797119e+02 6.2478997803e+02 6.2494396973e+02 6.2511401367e+02 6.2530297852e+02 6.2547497559e+02 6.2563702393e+02 6.2579699707e+02 6.2594897461e+02 6.2609497070e+02 6.2626202393e+02 6.2644201660e+02 6.2661700439e+02 6.2676599121e+02 6.2692498779e+02 6.2708197021e+02 6.2721899414e+02 6.2738702393e+02 6.2753802490e+02 6.2768200684e+02 6.2781402588e+02 6.2791802979e+02 6.2805700684e+02 6.2818701172e+02 6.2828802490e+02 6.2838800049e+02 6.2853997803e+02 6.2866400146e+02 6.2877697754e+02
6.2153900146e+02 6.2171398926e+02 6.2188702393e+02 6.2207299805e+02 6.2227600098e+02 6.2246899414e+02 6.2265802002e+02 6.2282000732e+02 6.2299200439e+02 6.2316900635e+02 6.2335101318e+02 6.2348498535e+02 6.2365600586e+02 6.2383898926e+02 6.2400097656e+02 6.2416302490e+02 6.2431298828e+02 6.2446997070e+02 6.2465100098e+02 6.2481896973e+02 6.2498999023e+02 6.2517297363e+02 6.2534301758e+02 6.2549798584e+02 6.2564801025e+02 6.2577502441e+02 6.2589898682e+02 6.2609197998e+02 6.2627600098e+02 6.2644799805e+02 6.2659600830e+02 6.2673602295e+02 6.2689801025e+02 6.2705297852e+02 6.2722399902e+02 6.2736798096e+02 6.2748999023e+02 6.2763000488e+02 6.2779101563e+02 6.2792199707e+02 6.2803900146e+02 6.2814099121e+02 6.2825402832e+02 6.2839099121e+02 6.2850000000e+02 6.2860498047e+02
6.2144799805e+02 6.2161999512e+02 6.2179998779e+02 6.2198797607e+02 6.2219396973e+02 6.2237799072e+02 6.2255401611e+02 6.2271997070e+02 6.2288397217e+02 6.2304901123e+02 6.2322998047e+02 6.2336602783e+02 6.2351202393e+02 6.2369000244e+02 6.2386102295e+02 6.2402301025e+02 6.2418798828e+02 6.2435302734e+02 6.2452600098e+02 6.2469897461e+02 6.2485302734e+02 6.2501098633e+02 6.2518701172e+02 6.2536401367e+02 6.2551098633e+02 6.2563500977e+02 6.2577301025e+02 6.2593200684e+02 6.2609100342e+02 6.2625799561e+02 6.2642297363e+02 6.2656896973e+02 6.2672698975e+02 6.2687298584e+02 6.2702697754e+02 6.2718200684e+02 6.2731097412e+02 6.2746301270e+02 6.2763500977e+02 6.2776000977e+02 6.2787902832e+02 6.2800897217e+02 6.2812200928e+02 6.2825799561e+02 6.2836199951e+02 6.2845202637e+02
6.2134802246e+02 6.2151898193e+02 6.2169897461e+02 6.2190600586e+02 6.2210198975e+02 6.2226397705e+02 6.2242999268e+02 6.2261199951e+02 6.2278497314e+02 6.2294598389e+02 6.2310998535e+02 6.2326098633e+02 6.2340600586e+02 6.2357098389e+02 6.2373797607e+02 6.2390002441e+02 6.2407202148e+02 6.2422302246e+02 6.2436999512e+02 6.2455499268e+02 6.2472698975e+02 6.2488500977e+02 6.2505297852e+02 6.2522601318e+02 6.2536499023e+02 6.2548999023e+02 6.2564398193e+02 6.2579699707e+02 6.2594897461e+02 6.2610797119e+02 6.2626300049e+02 6.2640502930e+02 6.2656201172e+02 6.2670001221e+02 6.2683398438e+02 6.2698498535e+02 6.2713000488e+02 6.2728497314e+02 6.2745300293e+02 6.2758300781e+02 6.2770202637e+02 6.2784301758e+02 6.2797399902e+02 6.2812200928e+02 6.2822698975e+02 6.2831201172e+02
6.2126000977e+02 6.2143597412e+02 6.2160699463e+02 6.2181402588e+02 6.2199902344e+02 6.2215197754e+02 6.2230499268e+02 6.2248400879e+02 6.2266699219e+02 6.2283801270e+02 6.2298498535e+02 6.2313897705e+02 6.2330102539e+02 6.2345397949e+02 6.2360699463e+02 6.2376599121e+02 6.2393402100e+02 6.2408099365e+02 6.2422900391e+02 6.2440600586e+02 6.2459399414e+02 6.2476501465e+02 6.2492700195e+02 6.2508099365e+02 6.2522302246e+02 6.2535601807e+02 6.2550799561e+02 6.2565399170e+02 6.2580401611e+02 6.2596301270e+02 6.2610699463e+02 6.2624597168e+02 6.2640899658e+02 6.2654901123e+02 6.2667102051e+02 6.2678900146e+02 6.2693701172e+02 6.2709100342e+02 6.2725402832e+02 6.2738702393e+02 6.2750500488e+02 6.2765301514e+02 6.2781701660e+02 6.2797698975e+02 6.2808099365e+02 6.2816802979e+02
6.2117199707e+02 6.2135699463e+02 6.2153198242e+02 6.2171801758e+02 6.2189001465e+02 6.2205102539e+02 6.2221002197e+02 6.2236700439e+02 6.2253997803e+02 6.2270599365e+02 6.2286401367e+02 6.2301501465e+02 6.2318200684e+02 6.2334197998e+02 6.2349298096e+02 6.2364001465e+02 6.2378399658e+02 6.2393499756e+02 6.2409802246e+02 6.2425299072e+02 6.2444299316e+02 6.2463598633e+02 6.2479101563e+02 6.2493499756e+02 6.2509197998e+02 6.2523297119e+02 6.2538702393e+02 6.2550897217e+02 6.2564300537e+02 6.2580401611e+02 6.2596502686e+02 6.2609899902e+02 6.2624902344e+02 6.2638897705e+02 6.2651800537e+02 6.2663702393e+02 6.2676599121e+02 6.2690600586e+02 6.2705499268e+02 6.2718200684e+02 6.2729998779e+02 6.2746502686e+02 6.2765802002e+02 6.2782098389e+02 6.2792797852e+02 6.2801300049e+02
6.2108502197e+02 6.2127099609e+02 6.2145202637e+02 6.2161999512e+02 6.2178399658e+02 6.2194500732e+02 6.2209997559e+02 6.2225799561e+02 6.2242199707e+02 6.2257702637e+02 6.2274298096e+02 6.2290802002e+02 6.2305999756e+02 6.2321801758e+02 6.2336700439e+02 6.2351702881e+02 6.2366198730e+02 6.2380902100e+02 6.2398297119e+02 6.2413397217e+02 6.2429199219e+02 6.2447698975e+02 6.2464300537e+02 6.2479699707e+02 6.2495300293e+02 6.2510302734e+02 6.2526000977e+02 6.2537597656e+02 6.2550598145e+02 6.2566601563e+02 6.2583001709e+02 6.2596502686e+02 6.2610400391e+02 6.2624102783e+02 6.2638098145e+02 6.2651702881e+02 6.2663897705e+02 6.2675500488e+02 6.2686199951e+02 6.2699102783e+02 6.2712097168e+02 6.2729199219e+02 6.2747302246e+02 6.2763299561e+02 6.2776000977e+02 6.2785601807e+02
6.2099700928e+02 6.2117999268e+02 6.2136602783e+02 6.2152301025e+02 6.2169201660e+02 6.2184698486e+02 6.2198199463e+02 6.2213702393e+02 6.2229400635e+02 6.2245501709e+02 6.2261999512e+02 6.2277801514e+02 6.2291900635e+02 6.2306799316e+02 6.2322601318e+02 6.2337402344e+02 6.2351702881e+02 6.2367199707e+02 6.2385900879e+02 6.2400897217e+02 6.2415301514e+02 6.2431597900e+02 6.2448797607e+02 6.2465502930e+02 6.2481402588e+02 6.2496997070e+02 6.2511901855e+02 6.2524597168e+02 6.2537597656e+02 6.2552502441e+02 6.2569299316e+02 6.2584301758e+02 6.2598602295e+02 6.2613098145e+02 6.2628399658e+02 6.2640802002e+02 6.2651202393e+02 6.2662097168e+02 6.2671197510e+02 6.2683197021e+02 6.2695202637e+02 6.2710400391e+02 6.2726397705e+02 6.2742602539e+02 6.2756201172e+02 6.2768798828e+02
6.2090802002e+02 6.2109002686e+02 6.2127801514e+02 6.2143200684e+02 6.2160797119e+02 6.2175598145e+02 6.2187200928e+02 6.2201501465e+02 6.2215502930e+02 6.2231701660e+02 6.2248901367e+02 6.2264300537e+02 6.2278900146e+02 6.2294201660e+02 6.2309497070e+02 6.2322998047e+02 6.2337902832e+02 6.2354199219e+02 6.2371301270e+02 6.2386102295e+02 6.2401501465e+02 6.2417199707e+02 6.2434197998e+02 6.2450701904e+02 6.2466601563e+02 6.2482202148e+02 6.2496801758e+02 6.2510900879e+02 6.2524597168e+02 6.2539501953e+02 6.2556201172e+02 6.2572100830e+02 6.2587500000e+02 6.2603302002e+02 6.2620800781e+02 6.2632800293e+02 6.2641497803e+02 6.2651300049e+02 6.2659802246e+02 6.2669396973e+02 6.2678399658e+02 6.2691900635e+02 6.2706701660e+02 6.2723101807e+02 6.2736499023e+02 6.2752099609e+02
6.2082702637e+02 6.2101898193e+02 6.2119598389e+02 6.2134399414e+02 6.2150897217e+02 6.2165002441e+02 6.2177398682e+02 6.2190399170e+02 6.2203997803e+02 6.2219897461e+02 6.2237200928e+02 6.2252502441e+02 6.2268103027e+02 6.2283001709e+02 6.2296398926e+02 6.2310699463e+02 6.2325299072e+02 6.2340301514e+02 6.2354998779e+02 6.2372698975e+02 6.2388201904e+02 6.2403802490e+02 6.2421398926e+02 6.2436999512e+02 6.2452502441e+02 6.2468298340e+02 6.2484899902e+02 6.2498199463e+02 6.2511499023e+02 6.2527099609e+02 6.2545800781e+02 6.2561499023e+02 6.2577801514e+02 6.2594799805e+02 6.2612799072e+02 6.2624798584e+02 6.2633697510e+02 6.2641101074e+02 6.2647802734e+02 6.2655603027e+02 6.2663397217e+02 6.2676000977e+02 6.2689599609e+02 6.2706500244e+02 6.2721398926e+02 6.2739001465e+02
6.2071099854e+02 6.2091699219e+02 6.2108398438e+02 6.2124298096e+02 6.2140399170e+02 6.2155102539e+02 6.2168103027e+02 6.2180999756e+02 6.2194500732e+02 6.2210198975e+02 6.2226397705e+02 6.2240100098e+02 6.2255798340e+02 6.2270599365e+02 6.2283898926e+02 6.2299102783e+02 6.2311499023e+02 6.2326599121e+02 6.2342102051e+02 6.2358801270e+02 6.2374902344e+02 6.2390002441e+02 6.2405999756e+02 6.2422198486e+02 6.2437597656e+02 6.2452899170e+02 6.2470599365e+02 6.2485601807e+02 6.2498199463e+02 6.2512799072e+02 6.2531701660e+02 6.2549102783e+02 6.2566900635e+02 6.2584997559e+02 6.2602697754e+02 6.2614300537e+02 6.2624597168e+02 6.2631799316e+02 6.2636798096e+02 6.2644000244e+02 6.2651000977e+02 6.2662902832e+02 6.2676501465e+02 6.2691699219e+02 6.2709301758e+02 6.2727600098e+02
6.2060498047e+02 6.2081201172e+02 6.2098297119e+02 6.2117199707e+02 6.2132202148e+02 6.2144799805e+02 6.2157702637e+02 6.2171697998e+02 6.2185400391e+02 6.2200701904e+02 6.2215899658e+02 6.2229400635e+02 6.2244500732e+02 6.2259802246e+02 6.2273400879e+02 6.2287200928e+02 6.2298699951e+02 6.2313397217e+02 6.2329498291e+02 6.2344097900e+02 6.2360198975e+02 6.2376501465e+02 6.2392199707e+02 6.2408502197e+02 6.2424298096e+02 6.2439398193e+02 6.2454797363e+02 6.2470098877e+02 6.2485498047e+02 6.2500299072e+02 6.2515802002e+02 6.2534301758e+02 6.2555102539e+02 6.2573199463e+02 6.2589697266e+02 6.2602600098e+02 6.2614099121e+02 6.2622497559e+02 6.2627801514e+02 6.2634399414e+02 6.2640197754e+02 6.2650097656e+02 6.2663098145e+02 6.2678302002e+02 6.2697198486e+02 6.2715997314e+02
6.2050701904e+02 6.2070898438e+02 6.2088702393e+02 6.2108099365e+02 6.2123297119e+02 6.2135797119e+02 6.2149597168e+02 6.2163299561e+02 6.2176202393e+02 6.2190301514e+02 6.2205297852e+02 6.2220697021e+02 6.2234899902e+02 6.2249597168e+02 6.2263000488e+02 6.2275000000e+02 6.2287402344e+02 6.2301300049e+02 6.2317498779e+02 6.2331701660e+02 6.2346997070e+02 6.2363800049e+02 6.2378997803e+02 6.2394500732e+02 6.2410797119e+02 6.2427099609e+02 6.2441802979e+02 6.2455603027e+02 6.2471600342e+02 6.2487701416e+02 6.2501599121e+02 6.2519396973e+02 6.2541497803e+02 6.2559899902e+02 6.2575701904e+02 6.2589001465e+02 6.2601202393e+02 6.2611102295e+02 6.2616900635e+02 6.2622302246e+02 6.2628601074e+02 6.2638201904e+02 6.2649499512e+02 6.2664501953e+02 6.2683697510e+02 6.2702801514e+02
