TESTSERVER/9/6.asc
NCOLS 100
NROWS 100
XLLCORNER 7.9497500000e+03
YLLCORNER 2.8965025000e+05
CELLSIZE 5.0000000000e-01
NODATA_VALUE -9.9990000000e+03
[rows 80 to 99 of 100, columns 0 to 45 of 100]
6.1405798340e+02 6.1422900391e+02 6.1444396973e+02 6.1464599609e+02 6.1485101318e+02 6.1503497314e+02 6.1516802979e+02 6.1526599121e+02 6.1538702393e+02 6.1546899414e+02 6.1551000977e+02 6.1555999756e+02 6.1561499023e+02 6.1570300293e+02 6.1582000732e+02 6.1594799805e+02 6.1604998779e+02 6.1610797119e+02 6.1611297607e+02 6.1616900635e+02 6.1622302246e+02 6.1622698975e+02 6.1616900635e+02 6.1613598633e+02 6.1611297607e+02 6.1608801270e+02 6.1608001709e+02 6.1609301758e+02 6.1610797119e+02 6.1610797119e+02 6.1609301758e+02 6.1609197998e+02 6.1607897949e+02 6.1607702637e+02 6.1607702637e+02 6.1605700684e+02 6.1603802490e+02 6.1603497314e+02 6.1604101563e+02 6.1606701660e+02 6.1613397217e+02 6.1622900391e+02 6.1629699707e+02 6.1634997559e+02 6.1642401123e+02 6.1647998047e+02
6.1402197266e+02 6.1417901611e+02 6.1436102295e+02 6.1460699463e+02 6.1485198975e+02 6.1506097412e+02 6.1518798828e+02 6.1526202393e+02 6.1535400391e+02 6.1542297363e+02 6.1546197510e+02 6.1548400879e+02 6.1550799561e+02 6.1556896973e+02 6.1567797852e+02 6.1580200195e+02 6.1592199707e+02 6.1600500488e+02 6.1602197266e+02 6.1608599854e+02 6.1616198730e+02 6.1617199707e+02 6.1609002686e+02 6.1605102539e+02 6.1602001953e+02 6.1598901367e+02 6.1598797607e+02 6.1602301025e+02 6.1606097412e+02 6.1609497070e+02 6.1609399414e+02 6.1609997559e+02 6.1608599854e+02 6.1607202148e+02 6.1605499268e+02 6.1604699707e+02 6.1604699707e+02 6.1603497314e+02 6.1602197266e+02 6.1602398682e+02 6.1605499268e+02 6.1611102295e+02 6.1616699219e+02 6.1623199463e+02 6.1630200195e+02 6.1636499023e+02
6.1393298340e+02 6.1408801270e+02 6.1425000000e+02 6.1451098633e+02 6.1477099609e+02 6.1499499512e+02 6.1514898682e+02 6.1526098633e+02 6.1536199951e+02 6.1542498779e+02 6.1545501709e+02 6.1546002197e+02 6.1546301270e+02 6.1549200439e+02 6.1556298828e+02 6.1566101074e+02 6.1577502441e+02 6.1586901855e+02 6.1589697266e+02 6.1593902588e+02 6.1599597168e+02 6.1600701904e+02 6.1595202637e+02 6.1592498779e+02 6.1590600586e+02 6.1589398193e+02 6.1591302490e+02 6.1595300293e+02 6.1600299072e+02 6.1606097412e+02 6.1607800293e+02 6.1608398438e+02 6.1607299805e+02 6.1605798340e+02 6.1603399658e+02 6.1603497314e+02 6.1603997803e+02 6.1602600098e+02 6.1601202393e+02 6.1600500488e+02 6.1601000977e+02 6.1603198242e+02 6.1606597900e+02 6.1611602783e+02 6.1616601563e+02 6.1623101807e+02
6.1380102539e+02 6.1395800781e+02 6.1412298584e+02 6.1435198975e+02 6.1459497070e+02 6.1482098389e+02 6.1501599121e+02 6.1519201660e+02 6.1533398438e+02 6.1541101074e+02 6.1544097900e+02 6.1546398926e+02 6.1547497559e+02 6.1548699951e+02 6.1551599121e+02 6.1556896973e+02 6.1565301514e+02 6.1573999023e+02 6.1577197266e+02 6.1577600098e+02 6.1579901123e+02 6.1580999756e+02 6.1580102539e+02 6.1578698730e+02 6.1579998779e+02 6.1583697510e+02 6.1589599609e+02 6.1592999268e+02 6.1596099854e+02 6.1601098633e+02 6.1604199219e+02 6.1604998779e+02 6.1605102539e+02 6.1604797363e+02 6.1602801514e+02 6.1602398682e+02 6.1601800537e+02 6.1600701904e+02 6.1600402832e+02 6.1599700928e+02 6.1599298096e+02 6.1599798584e+02 6.1600799561e+02 6.1602697754e+02 6.1605297852e+02 6.1610498047e+02
6.1365502930e+02 6.1382397461e+02 6.1401702881e+02 6.1419598389e+02 6.1440301514e+02 6.1462902832e+02 6.1485699463e+02 6.1506402588e+02 6.1522998047e+02 6.1533099365e+02 6.1538800049e+02 6.1546502686e+02 6.1551599121e+02 6.1553497314e+02 6.1553900146e+02 6.1555700684e+02 6.1560498047e+02 6.1565600586e+02 6.1568103027e+02 6.1566101074e+02 6.1566101074e+02 6.1568200684e+02 6.1571002197e+02 6.1569000244e+02 6.1573199463e+02 6.1582299805e+02 6.1591998291e+02 6.1591900635e+02 6.1591198730e+02 6.1593701172e+02 6.1598797607e+02 6.1600598145e+02 6.1602301025e+02 6.1603302002e+02 6.1601898193e+02 6.1602197266e+02 6.1601501465e+02 6.1600500488e+02 6.1600201416e+02 6.1598797607e+02 6.1598199463e+02 6.1598199463e+02 6.1598297119e+02 6.1598797607e+02 6.1599499512e+02 6.1602001953e+02
6.1357702637e+02 6.1374200439e+02 6.1394702148e+02 6.1410198975e+02 6.1427697754e+02 6.1450799561e+02 6.1473699951e+02 6.1491998291e+02 6.1507397461e+02 6.1519500732e+02 6.1530102539e+02 6.1542401123e+02 6.1550500488e+02 6.1554602051e+02 6.1556597900e+02 6.1559899902e+02 6.1561901855e+02 6.1561700439e+02 6.1559997559e+02 6.1558697510e+02 6.1558599854e+02 6.1561700439e+02 6.1564898682e+02 6.1564398193e+02 6.1568103027e+02 6.1574102783e+02 6.1580499268e+02 6.1583300781e+02 6.1584997559e+02 6.1588201904e+02 6.1593499756e+02 6.1597802734e+02 6.1600201416e+02 6.1600799561e+02 6.1600299072e+02 6.1599700928e+02 6.1599200439e+02 6.1599200439e+02 6.1599200439e+02 6.1598101807e+02 6.1597698975e+02 6.1597601318e+02 6.1597302246e+02 6.1597601318e+02 6.1597198486e+02 6.1597100830e+02
6.1350799561e+02 6.1366198730e+02 6.1386700439e+02 6.1402398682e+02 6.1419897461e+02 6.1442102051e+02 6.1463201904e+02 6.1479302979e+02 6.1494702148e+02 6.1508197021e+02 6.1519598389e+02 6.1532299805e+02 6.1542102051e+02 6.1548797607e+02 6.1553900146e+02 6.1558599854e+02 6.1560198975e+02 6.1558001709e+02 6.1553601074e+02 6.1552600098e+02 6.1552600098e+02 6.1555102539e+02 6.1558898926e+02 6.1563702393e+02 6.1566998291e+02 6.1567401123e+02 6.1568597412e+02 6.1573199463e+02 6.1578399658e+02 6.1583502197e+02 6.1588000488e+02 6.1592797852e+02 6.1595697021e+02 6.1597302246e+02 6.1597998047e+02 6.1597698975e+02 6.1597601318e+02 6.1598101807e+02 6.1597900391e+02 6.1598101807e+02 6.1597802734e+02 6.1597399902e+02 6.1596801758e+02 6.1597399902e+02 6.1596997070e+02 6.1595800781e+02
6.1341601563e+02 6.1355200195e+02 6.1373901367e+02 6.1392700195e+02 6.1413800049e+02 6.1437097168e+02 6.1456298828e+02 6.1471099854e+02 6.1485797119e+02 6.1498400879e+02 6.1507501221e+02 6.1517901611e+02 6.1527600098e+02 6.1535900879e+02 6.1543402100e+02 6.1548901367e+02 6.1552001953e+02 6.1551501465e+02 6.1547802734e+02 6.1547302246e+02 6.1548199463e+02 6.1550701904e+02 6.1555603027e+02 6.1564898682e+02 6.1567498779e+02 6.1563201904e+02 6.1559997559e+02 6.1563897705e+02 6.1569799805e+02 6.1575799561e+02 6.1580603027e+02 6.1583697510e+02 6.1585797119e+02 6.1589001465e+02 6.1593499756e+02 6.1595300293e+02 6.1595898438e+02 6.1596301270e+02 6.1596398926e+02 6.1597198486e+02 6.1597198486e+02 6.1596899414e+02 6.1596002197e+02 6.1596099854e+02 6.1596197510e+02 6.1595800781e+02
6.1334100342e+02 6.1344299316e+02 6.1356896973e+02 6.1378002930e+02 6.1403497314e+02 6.1429699707e+02 6.1449798584e+02 6.1464898682e+02 6.1478100586e+02 6.1488098145e+02 6.1494897461e+02 6.1503900146e+02 6.1511999512e+02 6.1520001221e+02 6.1528698730e+02 6.1536102295e+02 6.1541601563e+02 6.1543597412e+02 6.1542901611e+02 6.1541699219e+02 6.1543798828e+02 6.1548297119e+02 6.1554101563e+02 6.1559899902e+02 6.1560601807e+02 6.1555902100e+02 6.1553198242e+02 6.1554498291e+02 6.1558197021e+02 6.1564501953e+02 6.1571301270e+02 6.1573101807e+02 6.1574700928e+02 6.1580902100e+02 6.1590899658e+02 6.1592999268e+02 6.1593103027e+02 6.1593103027e+02 6.1593200684e+02 6.1594702148e+02 6.1595898438e+02 6.1596099854e+02 6.1594799805e+02 6.1594598389e+02 6.1594500732e+02 6.1595098877e+02
6.1333398438e+02 6.1342102051e+02 6.1350097656e+02 6.1365197754e+02 6.1386999512e+02 6.1412500000e+02 6.1436700439e+02 6.1454797363e+02 6.1469299316e+02 6.1479797363e+02 6.1487799072e+02 6.1495800781e+02 6.1501800537e+02 6.1507897949e+02 6.1515301514e+02 6.1525598145e+02 6.1533697510e+02 6.1535998535e+02 6.1536102295e+02 6.1536297607e+02 6.1540301514e+02 6.1546099854e+02 6.1549902344e+02 6.1551599121e+02 6.1550897217e+02 6.1549499512e+02 6.1548498535e+02 6.1546697998e+02 6.1548602295e+02 6.1553997803e+02 6.1560400391e+02 6.1560699463e+02 6.1561499023e+02 6.1568902588e+02 6.1585998535e+02 6.1589398193e+02 6.1585900879e+02 6.1585699463e+02 6.1587701416e+02 6.1591198730e+02 6.1593902588e+02 6.1595397949e+02 6.1594500732e+02 6.1593103027e+02 6.1592297363e+02 6.1592999268e+02
6.1329699707e+02 6.1341101074e+02 6.1349102783e+02 6.1361401367e+02 6.1378601074e+02 6.1400402832e+02 6.1424902344e+02 6.1445202637e+02 6.1461798096e+02 6.1474102783e+02 6.1483300781e+02 6.1489599609e+02 6.1493103027e+02 6.1497601318e+02 6.1505297852e+02 6.1518499756e+02 6.1526501465e+02 6.1527301025e+02 6.1527801514e+02 6.1531500244e+02 6.1538098145e+02 6.1543597412e+02 6.1544799805e+02 6.1543902588e+02 6.1543200684e+02 6.1544702148e+02 6.1544500732e+02 6.1541101074e+02 6.1541497803e+02 6.1544598389e+02 6.1548602295e+02 6.1547399902e+02 6.1546398926e+02 6.1552197266e+02 6.1568103027e+02 6.1574298096e+02 6.1575799561e+02 6.1577899170e+02 6.1580401611e+02 6.1584997559e+02 6.1588500977e+02 6.1591998291e+02 6.1593597412e+02 6.1593200684e+02 6.1592700195e+02 6.1593200684e+02
6.1323901367e+02 6.1337402344e+02 6.1347198486e+02 6.1360198975e+02 6.1375097656e+02 6.1394097900e+02 6.1416497803e+02 6.1437402344e+02 6.1455902100e+02 6.1469396973e+02 6.1478601074e+02 6.1481896973e+02 6.1483099365e+02 6.1486798096e+02 6.1496002197e+02 6.1510302734e+02 6.1516198730e+02 6.1515399170e+02 6.1517102051e+02 6.1523699951e+02 6.1530499268e+02 6.1534802246e+02 6.1536102295e+02 6.1532501221e+02 6.1531097412e+02 6.1533801270e+02 6.1534802246e+02 6.1533502197e+02 6.1534002686e+02 6.1535198975e+02 6.1536798096e+02 6.1535302734e+02 6.1533300781e+02 6.1536297607e+02 6.1544598389e+02 6.1555200195e+02 6.1565100098e+02 6.1569702148e+02 6.1571197510e+02 6.1575201416e+02 6.1578302002e+02 6.1583197021e+02 6.1587902832e+02 6.1590100098e+02 6.1592102051e+02 6.1593499756e+02
6.1316900635e+02 6.1329998779e+02 6.1338800049e+02 6.1351800537e+02 6.1366198730e+02 6.1385797119e+02 6.1411401367e+02 6.1431097412e+02 6.1449902344e+02 6.1463098145e+02 6.1470001221e+02 6.1471197510e+02 6.1471197510e+02 6.1475598145e+02 6.1485998535e+02 6.1496398926e+02 6.1500598145e+02 6.1500897217e+02 6.1504797363e+02 6.1511602783e+02 6.1517102051e+02 6.1521801758e+02 6.1525097656e+02 6.1518798828e+02 6.1513800049e+02 6.1514398193e+02 6.1515899658e+02 6.1522100830e+02 6.1524902344e+02 6.1525500488e+02 6.1524597168e+02 6.1524798584e+02 6.1524200439e+02 6.1525701904e+02 6.1530700684e+02 6.1541900635e+02 6.1552099609e+02 6.1557098389e+02 6.1559802246e+02 6.1561602783e+02 6.1563800049e+02 6.1569897461e+02 6.1576000977e+02 6.1580902100e+02 6.1586700439e+02 6.1590100098e+02
6.1299499512e+02 6.1315002441e+02 6.1327502441e+02 6.1344097900e+02 6.1359399414e+02 6.1377001953e+02 6.1401397705e+02 6.1425000000e+02 6.1445898438e+02 6.1457501221e+02 6.1460900879e+02 6.1462500000e+02 6.1465600586e+02 6.1472601318e+02 6.1481597900e+02 6.1485601807e+02 6.1488598633e+02 6.1491998291e+02 6.1497802734e+02 6.1501501465e+02 6.1504602051e+02 6.1507800293e+02 6.1510400391e+02 6.1506097412e+02 6.1501702881e+02 6.1502502441e+02 6.1507098389e+02 6.1513000488e+02 6.1515399170e+02 6.1515399170e+02 6.1515802002e+02 6.1515802002e+02 6.1515997314e+02 6.1518597412e+02 6.1524499512e+02 6.1533599854e+02 6.1540600586e+02 6.1543200684e+02 6.1544201660e+02 6.1546002197e+02 6.1548699951e+02 6.1555401611e+02 6.1563299561e+02 6.1569201660e+02 6.1578002930e+02 6.1584600830e+02
6.1277398682e+02 6.1295697021e+02 6.1313500977e+02 6.1334698486e+02 6.1352899170e+02 6.1371002197e+02 6.1392797852e+02 6.1415399170e+02 6.1436700439e+02 6.1450097656e+02 6.1455102539e+02 6.1459497070e+02 6.1464599609e+02 6.1471697998e+02 6.1479302979e+02 6.1482098389e+02 6.1484600830e+02 6.1487799072e+02 6.1493103027e+02 6.1495501709e+02 6.1497100830e+02 6.1498602295e+02 6.1499102783e+02 6.1496301270e+02 6.1492999268e+02 6.1494201660e+02 6.1499401855e+02 6.1505297852e+02 6.1506701660e+02 6.1506500244e+02 6.1508502197e+02 6.1509301758e+02 6.1509698486e+02 6.1512799072e+02 6.1520202637e+02 6.1528802490e+02 6.1534497070e+02 6.1535400391e+02 6.1534802246e+02 6.1536499023e+02 6.1538800049e+02 6.1544799805e+02 6.1552801514e+02 6.1559002686e+02 6.1568298340e+02 6.1576702881e+02
6.1257702637e+02 6.1277099609e+02 6.1298602295e+02 6.1322698975e+02 6.1343499756e+02 6.1364099121e+02 6.1385302734e+02 6.1402600098e+02 6.1421600342e+02 6.1437500000e+02 6.1447698975e+02 6.1455297852e+02 6.1461798096e+02 6.1468701172e+02 6.1475500488e+02 6.1480999756e+02 6.1484698486e+02 6.1486297607e+02 6.1489599609e+02 6.1492401123e+02 6.1493499756e+02 6.1493798828e+02 6.1492901611e+02 6.1490502930e+02 6.1486499023e+02 6.1486999512e+02 6.1492297363e+02 6.1497900391e+02 6.1498797607e+02 6.1498699951e+02 6.1502099609e+02 6.1505102539e+02 6.1506500244e+02 6.1509100342e+02 6.1514599609e+02 6.1521997070e+02 6.1527899170e+02 6.1529498291e+02 6.1529302979e+02 6.1531097412e+02 6.1532897949e+02 6.1538201904e+02 6.1545800781e+02 6.1552001953e+02 6.1560302734e+02 6.1568298340e+02
6.1242498779e+02 6.1261999512e+02 6.1283099365e+02 6.1305102539e+02 6.1327899170e+02 6.1352398682e+02 6.1377398682e+02 6.1393200684e+02 6.1408300781e+02 6.1422601318e+02 6.1435198975e+02 6.1445397949e+02 6.1454797363e+02 6.1463397217e+02 6.1471801758e+02 6.1479699707e+02 6.1485900879e+02 6.1487298584e+02 6.1487701416e+02 6.1488702393e+02 6.1488897705e+02 6.1488800049e+02 6.1493298340e+02 6.1489398193e+02 6.1483300781e+02 6.1482397461e+02 6.1484197998e+02 6.1489099121e+02 6.1490802002e+02 6.1490997314e+02 6.1493902588e+02 6.1501397705e+02 6.1505700684e+02 6.1507501221e+02 6.1508697510e+02 6.1516699219e+02 6.1522900391e+02 6.1524700928e+02 6.1522900391e+02 6.1525500488e+02 6.1527899170e+02 6.1533099365e+02 6.1539001465e+02 6.1545001221e+02 6.1552697754e+02 6.1560498047e+02
6.1224902344e+02 6.1245202637e+02 6.1264501953e+02 6.1284301758e+02 6.1308001709e+02 6.1334802246e+02 6.1363098145e+02 6.1385797119e+02 6.1401098633e+02 6.1411901855e+02 6.1422802734e+02 6.1436102295e+02 6.1447900391e+02 6.1457800293e+02 6.1466802979e+02 6.1478399658e+02 6.1487298584e+02 6.1487799072e+02 6.1484100342e+02 6.1481500244e+02 6.1478802490e+02 6.1478601074e+02 6.1480700684e+02 6.1477502441e+02 6.1475500488e+02 6.1478802490e+02 6.1481402588e+02 6.1483398438e+02 6.1484899902e+02 6.1484399414e+02 6.1485699463e+02 6.1495098877e+02 6.1503100586e+02 6.1507397461e+02 6.1507702637e+02 6.1512701416e+02 6.1518200684e+02 6.1523101807e+02 6.1525097656e+02 6.1523199463e+02 6.1523699951e+02 6.1528399658e+02 6.1533801270e+02 6.1539001465e+02 6.1546301270e+02 6.1554302979e+02
6.1209698486e+02 6.1232000732e+02 6.1251300049e+02 6.1271002197e+02 6.1295098877e+02 6.1321697998e+02 6.1349401855e+02 6.1375598145e+02 6.1391601563e+02 6.1401397705e+02 6.1411901855e+02 6.1425897217e+02 6.1437298584e+02 6.1446997070e+02 6.1456597900e+02 6.1470898438e+02 6.1482897949e+02 6.1484197998e+02 6.1478601074e+02 6.1472497559e+02 6.1467700195e+02 6.1467498779e+02 6.1468298340e+02 6.1466699219e+02 6.1469702148e+02 6.1475097656e+02 6.1475799561e+02 6.1475598145e+02 6.1476702881e+02 6.1477301025e+02 6.1478900146e+02 6.1488397217e+02 6.1498901367e+02 6.1507598877e+02 6.1512500000e+02 6.1515502930e+02 6.1519201660e+02 6.1525799561e+02 6.1529901123e+02 6.1522900391e+02 6.1520300293e+02 6.1524902344e+02 6.1529797363e+02 6.1533898926e+02 6.1540301514e+02 6.1546099854e+02
6.1199499512e+02 6.1223602295e+02 6.1243298340e+02 6.1263598633e+02 6.1287597656e+02 6.1312500000e+02 6.1336297607e+02 6.1360198975e+02 6.1376202393e+02 6.1387597656e+02 6.1400402832e+02 6.1412500000e+02 6.1421997070e+02 6.1430902100e+02 6.1440197754e+02 6.1454400635e+02 6.1469500732e+02 6.1474700928e+02 6.1470098877e+02 6.1461999512e+02 6.1457897949e+02 6.1459600830e+02 6.1460302734e+02 6.1459399414e+02 6.1463299561e+02 6.1467199707e+02 6.1465197754e+02 6.1463201904e+02 6.1466497803e+02 6.1472198486e+02 6.1477502441e+02 6.1485601807e+02 6.1496697998e+02 6.1509899902e+02 6.1522900391e+02 6.1527899170e+02 6.1529101563e+02 6.1531701660e+02 6.1529998779e+02 6.1517901611e+02 6.1514300537e+02 6.1520202637e+02 6.1524499512e+02 6.1526501465e+02 6.1531597900e+02 6.1535400391e+02
