TESTSERVER/9/6.asc
NCOLS 100
NROWS 100
XLLCORNER 7.9497500000e+03
YLLCORNER 2.8965025000e+05
CELLSIZE 5.0000000000e-01
NODATA_VALUE -9.9990000000e+03
[rows 80 to 99 of 100, columns 46 to 91 of 100]
6.1654199219e+02 6.1662799072e+02 6.1670800781e+02 6.1679302979e+02 6.1686700439e+02 6.1697698975e+02 6.1707000732e+02 6.1712597656e+02 6.1714300537e+02 6.1718499756e+02 6.1723901367e+02 6.1729998779e+02 6.1736901855e+02 6.1740502930e+02 6.1747900391e+02 6.1757397461e+02 6.1769201660e+02 6.1782501221e+02 6.1795501709e+02 6.1809002686e+02 6.1823400879e+02 6.1830700684e+02 6.1837097168e+02 6.1846099854e+02 6.1857897949e+02 6.1867797852e+02 6.1882702637e+02 6.1911999512e+02 6.1947802734e+02 6.1953997803e+02 6.1948699951e+02 6.1946600342e+02 6.1946099854e+02 6.1943103027e+02 6.1938098145e+02 6.1934802246e+02 6.1932202148e+02 6.1930902100e+02 6.1934002686e+02 6.1938299561e+02 6.1940997314e+02 6.1941497803e+02 6.1943402100e+02 6.1944799805e+02 6.1944799805e+02 6.1947302246e+02
6.1643798828e+02 6.1650897217e+02 6.1657897949e+02 6.1666601563e+02 6.1674401855e+02 6.1684002686e+02 6.1691497803e+02 6.1698101807e+02 6.1701397705e+02 6.1705999756e+02 6.1709698486e+02 6.1713201904e+02 6.1717602539e+02 6.1721600342e+02 6.1729199219e+02 6.1738897705e+02 6.1751599121e+02 6.1766302490e+02 6.1778802490e+02 6.1790502930e+02 6.1803900146e+02 6.1812200928e+02 6.1819500732e+02 6.1828900146e+02 6.1839501953e+02 6.1849499512e+02 6.1863500977e+02 6.1886602783e+02 6.1923101807e+02 6.1943103027e+02 6.1942102051e+02 6.1937500000e+02 6.1936700439e+02 6.1934002686e+02 6.1929302979e+02 6.1926202393e+02 6.1924298096e+02 6.1921099854e+02 6.1921197510e+02 6.1924401855e+02 6.1928002930e+02 6.1929602051e+02 6.1930798340e+02 6.1931500244e+02 6.1933099365e+02 6.1935699463e+02
6.1632501221e+02 6.1640197754e+02 6.1646301270e+02 6.1654699707e+02 6.1661999512e+02 6.1668701172e+02 6.1674700928e+02 6.1682202148e+02 6.1687097168e+02 6.1692901611e+02 6.1695898438e+02 6.1697998047e+02 6.1700897217e+02 6.1706597900e+02 6.1713897705e+02 6.1722698975e+02 6.1734100342e+02 6.1747302246e+02 6.1760101318e+02 6.1770898438e+02 6.1783197021e+02 6.1793298340e+02 6.1802197266e+02 6.1811901855e+02 6.1820898438e+02 6.1831597900e+02 6.1845098877e+02 6.1863897705e+02 6.1895300293e+02 6.1926000977e+02 6.1933801270e+02 6.1928100586e+02 6.1926800537e+02 6.1925097656e+02 6.1921099854e+02 6.1918402100e+02 6.1915997314e+02 6.1912402344e+02 6.1910101318e+02 6.1911102295e+02 6.1914697266e+02 6.1917602539e+02 6.1918200684e+02 6.1918103027e+02 6.1919897461e+02 6.1921600342e+02
6.1619500732e+02 6.1628198242e+02 6.1634399414e+02 6.1642498779e+02 6.1648498535e+02 6.1653802490e+02 6.1660198975e+02 6.1667102051e+02 6.1672198486e+02 6.1677600098e+02 6.1681597900e+02 6.1685601807e+02 6.1688598633e+02 6.1694500732e+02 6.1701202393e+02 6.1708697510e+02 6.1717401123e+02 6.1727197266e+02 6.1740197754e+02 6.1751397705e+02 6.1762799072e+02 6.1773999023e+02 6.1784002686e+02 6.1794097900e+02 6.1802600098e+02 6.1813201904e+02 6.1826599121e+02 6.1842797852e+02 6.1868402100e+02 6.1905499268e+02 6.1924700928e+02 6.1920800781e+02 6.1916900635e+02 6.1916101074e+02 6.1913299561e+02 6.1910400391e+02 6.1906597900e+02 6.1903802490e+02 6.1901098633e+02 6.1900299072e+02 6.1902502441e+02 6.1905499268e+02 6.1905798340e+02 6.1905297852e+02 6.1905902100e+02 6.1907702637e+02
6.1606799316e+02 6.1614099121e+02 6.1620599365e+02 6.1627197266e+02 6.1633001709e+02 6.1639501953e+02 6.1646398926e+02 6.1652398682e+02 6.1658300781e+02 6.1662701416e+02 6.1666900635e+02 6.1672497559e+02 6.1676000977e+02 6.1680102539e+02 6.1687402344e+02 6.1695397949e+02 6.1701599121e+02 6.1710302734e+02 6.1722302246e+02 6.1733502197e+02 6.1743798828e+02 6.1755999756e+02 6.1766302490e+02 6.1776202393e+02 6.1784301758e+02 6.1796502686e+02 6.1808697510e+02 6.1822601318e+02 6.1842700195e+02 6.1877398682e+02 6.1909002686e+02 6.1913800049e+02 6.1908197021e+02 6.1907299805e+02 6.1904797363e+02 6.1901300049e+02 6.1896899414e+02 6.1895501709e+02 6.1892297363e+02 6.1889099121e+02 6.1890997314e+02 6.1893701172e+02 6.1893402100e+02 6.1892401123e+02 6.1892297363e+02 6.1896099854e+02
6.1598101807e+02 6.1601800537e+02 6.1607000732e+02 6.1613098145e+02 6.1619000244e+02 6.1625000000e+02 6.1632800293e+02 6.1640197754e+02 6.1645300293e+02 6.1649401855e+02 6.1651898193e+02 6.1656597900e+02 6.1662097168e+02 6.1668597412e+02 6.1676300049e+02 6.1683502197e+02 6.1688598633e+02 6.1696099854e+02 6.1704302979e+02 6.1713397217e+02 6.1726702881e+02 6.1738500977e+02 6.1749200439e+02 6.1760101318e+02 6.1769702148e+02 6.1780700684e+02 6.1791497803e+02 6.1803302002e+02 6.1820300293e+02 6.1849798584e+02 6.1887701416e+02 6.1903198242e+02 6.1898400879e+02 6.1897998047e+02 6.1896099854e+02 6.1892102051e+02 6.1887902832e+02 6.1886999512e+02 6.1884802246e+02 6.1880401611e+02 6.1880603027e+02 6.1883697510e+02 6.1883001709e+02 6.1881597900e+02 6.1882897949e+02 6.1885101318e+02
6.1594396973e+02 6.1595501709e+02 6.1597998047e+02 6.1601501465e+02 6.1605700684e+02 6.1610498047e+02 6.1617700195e+02 6.1625897217e+02 6.1632098389e+02 6.1637701416e+02 6.1639697266e+02 6.1642999268e+02 6.1648400879e+02 6.1654302979e+02 6.1662701416e+02 6.1670599365e+02 6.1676599121e+02 6.1684497070e+02 6.1690100098e+02 6.1696398926e+02 6.1710601807e+02 6.1722601318e+02 6.1733599854e+02 6.1745501709e+02 6.1755401611e+02 6.1764001465e+02 6.1773498535e+02 6.1785302734e+02 6.1800500488e+02 6.1823797607e+02 6.1859997559e+02 6.1888299561e+02 6.1890802002e+02 6.1888500977e+02 6.1887097168e+02 6.1884301758e+02 6.1880401611e+02 6.1878002930e+02 6.1875897217e+02 6.1872198486e+02 6.1871398926e+02 6.1872998047e+02 6.1872497559e+02 6.1871398926e+02 6.1870501709e+02 6.1870501709e+02
6.1594396973e+02 6.1593902588e+02 6.1594201660e+02 6.1595300293e+02 6.1597601318e+02 6.1601300049e+02 6.1606097412e+02 6.1612701416e+02 6.1618597412e+02 6.1624700928e+02 6.1627801514e+02 6.1631799316e+02 6.1637200928e+02 6.1641998291e+02 6.1649700928e+02 6.1658001709e+02 6.1665997314e+02 6.1674200439e+02 6.1679199219e+02 6.1685198975e+02 6.1696502686e+02 6.1706896973e+02 6.1717498779e+02 6.1729797363e+02 6.1739898682e+02 6.1747100830e+02 6.1756298828e+02 6.1768798828e+02 6.1783300781e+02 6.1798699951e+02 6.1828002930e+02 6.1866400146e+02 6.1883099365e+02 6.1879699707e+02 6.1877801514e+02 6.1875897217e+02 6.1873101807e+02 6.1869396973e+02 6.1866601563e+02 6.1864099121e+02 6.1863702393e+02 6.1862500000e+02 6.1861700439e+02 6.1861297607e+02 6.1859301758e+02 6.1858197021e+02
6.1595001221e+02 6.1594000244e+02 6.1594201660e+02 6.1594598389e+02 6.1594702148e+02 6.1596899414e+02 6.1599200439e+02 6.1603100586e+02 6.1608001709e+02 6.1611102295e+02 6.1614898682e+02 6.1620098877e+02 6.1625000000e+02 6.1631701660e+02 6.1638500977e+02 6.1645599365e+02 6.1654797363e+02 6.1662500000e+02 6.1668298340e+02 6.1676501465e+02 6.1686602783e+02 6.1695098877e+02 6.1703900146e+02 6.1714801025e+02 6.1723699951e+02 6.1731597900e+02 6.1741101074e+02 6.1752197266e+02 6.1766198730e+02 6.1779199219e+02 6.1802001953e+02 6.1839599609e+02 6.1871899414e+02 6.1871997070e+02 6.1868902588e+02 6.1866998291e+02 6.1865002441e+02 6.1861901855e+02 6.1858197021e+02 6.1856097412e+02 6.1855700684e+02 6.1854101563e+02 6.1851501465e+02 6.1850598145e+02 6.1852099609e+02 6.1849499512e+02
6.1594500732e+02 6.1594000244e+02 6.1594500732e+02 6.1595697021e+02 6.1595001221e+02 6.1595001221e+02 6.1596398926e+02 6.1598699951e+02 6.1601800537e+02 6.1603302002e+02 6.1605999756e+02 6.1609997559e+02 6.1614501953e+02 6.1620697021e+02 6.1626898193e+02 6.1633697510e+02 6.1643701172e+02 6.1651599121e+02 6.1658502197e+02 6.1666998291e+02 6.1676000977e+02 6.1684197998e+02 6.1691601563e+02 6.1701599121e+02 6.1710302734e+02 6.1716302490e+02 6.1725201416e+02 6.1735498047e+02 6.1748901367e+02 6.1761499023e+02 6.1780798340e+02 6.1813299561e+02 6.1853002930e+02 6.1864202881e+02 6.1860101318e+02 6.1857897949e+02 6.1856402588e+02 6.1853302002e+02 6.1849401855e+02 6.1848602295e+02 6.1847601318e+02 6.1846002197e+02 6.1843103027e+02 6.1841302490e+02 6.1842297363e+02 6.1840301514e+02
6.1594000244e+02 6.1593200684e+02 6.1593499756e+02 6.1594702148e+02 6.1594500732e+02 6.1594396973e+02 6.1595001221e+02 6.1596002197e+02 6.1597601318e+02 6.1598999023e+02 6.1601397705e+02 6.1604602051e+02 6.1607800293e+02 6.1612902832e+02 6.1618701172e+02 6.1625000000e+02 6.1633599854e+02 6.1641497803e+02 6.1650097656e+02 6.1658801270e+02 6.1666699219e+02 6.1674597168e+02 6.1681701660e+02 6.1689898682e+02 6.1697100830e+02 6.1701702881e+02 6.1710198975e+02 6.1721398926e+02 6.1734100342e+02 6.1746997070e+02 6.1763000488e+02 6.1789599609e+02 6.1828100586e+02 6.1853100586e+02 6.1852099609e+02 6.1847900391e+02 6.1847100830e+02 6.1844897461e+02 6.1841400146e+02 6.1840301514e+02 6.1838500977e+02 6.1836700439e+02 6.1834600830e+02 6.1832501221e+02 6.1831799316e+02 6.1831201172e+02
6.1593298340e+02 6.1592297363e+02 6.1592297363e+02 6.1593103027e+02 6.1593298340e+02 6.1593902588e+02 6.1595098877e+02 6.1595501709e+02 6.1595697021e+02 6.1596899414e+02 6.1599200439e+02 6.1602001953e+02 6.1604998779e+02 6.1609997559e+02 6.1615698242e+02 6.1620898438e+02 6.1626599121e+02 6.1634002686e+02 6.1643200684e+02 6.1652001953e+02 6.1659301758e+02 6.1667498779e+02 6.1675000000e+02 6.1680798340e+02 6.1686798096e+02 6.1692102051e+02 6.1698699951e+02 6.1708801270e+02 6.1720599365e+02 6.1732598877e+02 6.1745898438e+02 6.1767102051e+02 6.1800701904e+02 6.1836901855e+02 6.1844299316e+02 6.1839202881e+02 6.1838000488e+02 6.1837298584e+02 6.1834197998e+02 6.1832299805e+02 6.1829901123e+02 6.1828302002e+02 6.1826800537e+02 6.1824798584e+02 6.1822998047e+02 6.1823297119e+02
6.1590502930e+02 6.1591400146e+02 6.1591802979e+02 6.1591998291e+02 6.1591101074e+02 6.1592199707e+02 6.1594299316e+02 6.1595501709e+02 6.1594702148e+02 6.1595202637e+02 6.1597302246e+02 6.1600097656e+02 6.1603399658e+02 6.1608300781e+02 6.1613598633e+02 6.1617901611e+02 6.1622900391e+02 6.1628601074e+02 6.1636102295e+02 6.1644000244e+02 6.1651098633e+02 6.1659600830e+02 6.1665997314e+02 6.1670800781e+02 6.1677398682e+02 6.1684100342e+02 6.1690698242e+02 6.1699597168e+02 6.1708099365e+02 6.1717498779e+02 6.1728002930e+02 6.1745898438e+02 6.1776000977e+02 6.1816400146e+02 6.1835101318e+02 6.1831896973e+02 6.1828900146e+02 6.1828100586e+02 6.1825299072e+02 6.1823101807e+02 6.1820599365e+02 6.1819396973e+02 6.1818902588e+02 6.1818103027e+02 6.1818103027e+02 6.1816497803e+02
6.1587701416e+02 6.1590100098e+02 6.1591900635e+02 6.1592602539e+02 6.1591699219e+02 6.1591802979e+02 6.1593200684e+02 6.1594702148e+02 6.1594702148e+02 6.1594097900e+02 6.1595501709e+02 6.1598297119e+02 6.1601702881e+02 6.1606298828e+02 6.1610498047e+02 6.1613397217e+02 6.1617700195e+02 6.1623297119e+02 6.1628997803e+02 6.1634899902e+02 6.1642401123e+02 6.1650299072e+02 6.1655297852e+02 6.1660198975e+02 6.1669000244e+02 6.1677502441e+02 6.1684698486e+02 6.1692999268e+02 6.1700701904e+02 6.1708001709e+02 6.1716699219e+02 6.1731701660e+02 6.1756701660e+02 6.1793902588e+02 6.1822198486e+02 6.1824401855e+02 6.1819598389e+02 6.1819598389e+02 6.1816699219e+02 6.1813397217e+02 6.1811199951e+02 6.1810400391e+02 6.1810302734e+02 6.1809301758e+02 6.1808599854e+02 6.1806500244e+02
6.1582202148e+02 6.1586499023e+02 6.1589898682e+02 6.1592199707e+02 6.1591699219e+02 6.1591497803e+02 6.1592199707e+02 6.1593298340e+02 6.1593798828e+02 6.1593200684e+02 6.1594097900e+02 6.1596002197e+02 6.1598699951e+02 6.1602099609e+02 6.1605902100e+02 6.1608801270e+02 6.1612500000e+02 6.1617498779e+02 6.1622698975e+02 6.1627099609e+02 6.1633099365e+02 6.1640698242e+02 6.1645599365e+02 6.1650299072e+02 6.1659399414e+02 6.1667797852e+02 6.1674298096e+02 6.1683001709e+02 6.1692498779e+02 6.1698999023e+02 6.1708001709e+02 6.1721801758e+02 6.1742102051e+02 6.1772302246e+02 6.1804699707e+02 6.1816302490e+02 6.1811297607e+02 6.1811401367e+02 6.1808599854e+02 6.1805200195e+02 6.1802899170e+02 6.1800897217e+02 6.1801202393e+02 6.1801202393e+02 6.1798901367e+02 6.1796697998e+02
6.1573999023e+02 6.1579199219e+02 6.1584497070e+02 6.1588598633e+02 6.1589697266e+02 6.1590399170e+02 6.1590997314e+02 6.1591601563e+02 6.1592602539e+02 6.1593103027e+02 6.1594000244e+02 6.1594897461e+02 6.1596398926e+02 6.1597998047e+02 6.1601098633e+02 6.1604901123e+02 6.1608197021e+02 6.1611297607e+02 6.1615197754e+02 6.1618402100e+02 6.1622802734e+02 6.1630999756e+02 6.1637597656e+02 6.1642797852e+02 6.1649798584e+02 6.1655999756e+02 6.1662298584e+02 6.1672399902e+02 6.1683300781e+02 6.1690802002e+02 6.1700500488e+02 6.1713702393e+02 6.1730700684e+02 6.1753302002e+02 6.1786199951e+02 6.1806298828e+02 6.1802801514e+02 6.1802001953e+02 6.1799499512e+02 6.1796801758e+02 6.1794201660e+02 6.1791101074e+02 6.1791601563e+02 6.1793103027e+02 6.1790802002e+02 6.1789398193e+02
6.1568103027e+02 6.1572698975e+02 6.1578002930e+02 6.1583197021e+02 6.1586199951e+02 6.1589300537e+02 6.1590502930e+02 6.1590698242e+02 6.1591101074e+02 6.1592797852e+02 6.1594299316e+02 6.1594897461e+02 6.1594897461e+02 6.1595001221e+02 6.1596899414e+02 6.1600097656e+02 6.1602301025e+02 6.1604699707e+02 6.1607702637e+02 6.1610797119e+02 6.1614697266e+02 6.1621502686e+02 6.1628302002e+02 6.1634698486e+02 6.1640997314e+02 6.1646099854e+02 6.1652301025e+02 6.1661798096e+02 6.1673901367e+02 6.1685498047e+02 6.1694702148e+02 6.1705200195e+02 6.1718499756e+02 6.1735797119e+02 6.1766101074e+02 6.1791601563e+02 6.1794299316e+02 6.1791497803e+02 6.1789599609e+02 6.1788598633e+02 6.1787200928e+02 6.1783599854e+02 6.1782299805e+02 6.1783599854e+02 6.1783599854e+02 6.1782501221e+02
6.1562097168e+02 6.1567700195e+02 6.1573999023e+02 6.1581500244e+02 6.1586999512e+02 6.1591101074e+02 6.1591900635e+02 6.1591101074e+02 6.1591497803e+02 6.1592901611e+02 6.1593798828e+02 6.1594396973e+02 6.1594201660e+02 6.1594598389e+02 6.1595697021e+02 6.1596398926e+02 6.1597601318e+02 6.1600402832e+02 6.1602899170e+02 6.1604602051e+02 6.1607098389e+02 6.1611199951e+02 6.1617297363e+02 6.1623797607e+02 6.1628802490e+02 6.1635699463e+02 6.1643298340e+02 6.1652197266e+02 6.1664300537e+02 6.1676702881e+02 6.1686297607e+02 6.1696398926e+02 6.1710601807e+02 6.1724200439e+02 6.1747900391e+02 6.1774401855e+02 6.1786102295e+02 6.1783300781e+02 6.1780798340e+02 6.1780603027e+02 6.1778601074e+02 6.1775000000e+02 6.1773498535e+02 6.1775201416e+02 6.1776202393e+02 6.1774700928e+02
6.1551202393e+02 6.1556097412e+02 6.1564599609e+02 6.1575097656e+02 6.1584197998e+02 6.1590698242e+02 6.1592498779e+02 6.1591601563e+02 6.1591900635e+02 6.1592602539e+02 6.1592999268e+02 6.1593798828e+02 6.1593499756e+02 6.1594500732e+02 6.1595501709e+02 6.1595397949e+02 6.1595599365e+02 6.1597198486e+02 6.1598999023e+02 6.1600299072e+02 6.1602001953e+02 6.1604602051e+02 6.1609899902e+02 6.1615399170e+02 6.1619702148e+02 6.1627197266e+02 6.1634899902e+02 6.1643499756e+02 6.1655200195e+02 6.1667498779e+02 6.1677899170e+02 6.1688201904e+02 6.1701300049e+02 6.1713000488e+02 6.1729797363e+02 6.1754498291e+02 6.1776000977e+02 6.1776202393e+02 6.1772100830e+02 6.1771197510e+02 6.1769299316e+02 6.1765997314e+02 6.1764099121e+02 6.1764898682e+02 6.1766101074e+02 6.1766198730e+02
6.1538098145e+02 6.1544000244e+02 6.1554699707e+02 6.1565899658e+02 6.1576300049e+02 6.1586199951e+02 6.1590600586e+02 6.1591198730e+02 6.1591900635e+02 6.1591497803e+02 6.1592199707e+02 6.1593499756e+02 6.1592901611e+02 6.1593798828e+02 6.1594702148e+02 6.1594897461e+02 6.1595098877e+02 6.1595599365e+02 6.1596502686e+02 6.1597497559e+02 6.1598498535e+02 6.1601501465e+02 6.1605401611e+02 6.1609197998e+02 6.1614202881e+02 6.1620599365e+02 6.1626702881e+02 6.1634497070e+02 6.1644897461e+02 6.1656701660e+02 6.1667797852e+02 6.1677697754e+02 6.1688897705e+02 6.1701501465e+02 6.1714202881e+02 6.1735601807e+02 6.1762799072e+02 6.1768701172e+02 6.1764001465e+02 6.1761602783e+02 6.1759698486e+02 6.1757098389e+02 6.1755200195e+02 6.1755102539e+02 6.1756201172e+02 6.1758697510e+02
