TESTSERVER/9/6.asc
NCOLS 100
NROWS 100
XLLCORNER 7.9497500000e+03
YLLCORNER 2.8965025000e+05
CELLSIZE 5.0000000000e-01
NODATA_VALUE -9.9990000000e+03
[rows 0 to 19 of 100, columns 46 to 91 of 100]
6.2707800293e+02 6.2722100830e+02 6.2735699463e+02 6.2755200195e+02 6.2777600098e+02 6.2800598145e+02 6.2825000000e+02 6.2854998779e+02 6.2879602051e+02 6.2880499268e+02 6.2878698730e+02 6.2878100586e+02 6.2878900146e+02 6.2878601074e+02 6.2877301025e+02 6.2876202393e+02 6.2873199463e+02 6.2881896973e+02 6.2920697021e+02 6.2972698975e+02 6.3013897705e+02 6.3047100830e+02 6.3076599121e+02 6.3099401855e+02 6.3118200684e+02 6.3135699463e+02 6.3151599121e+02 6.3166699219e+02 6.3182202148e+02 6.3200299072e+02 6.3215502930e+02 6.3233398438e+02 6.3255902100e+02 6.3278198242e+02 6.3303002930e+02 6.3328399658e+02 6.3356701660e+02 6.3388098145e+02 6.3417700195e+02 6.3446301270e+02 6.3475500488e+02 6.3503900146e+02 6.3529101563e+02 6.3552899170e+02 6.3577502441e+02 6.3608898926e+02
6.2696099854e+02 6.2713299561e+02 6.2726599121e+02 6.2743597412e+02 6.2766699219e+02 6.2789001465e+02 6.2811700439e+02 6.2841400146e+02 6.2867199707e+02 6.2868701172e+02 6.2866699219e+02 6.2866601563e+02 6.2866802979e+02 6.2865600586e+02 6.2864202881e+02 6.2865002441e+02 6.2863897705e+02 6.2866198730e+02 6.2899200439e+02 6.2954302979e+02 6.2999298096e+02 6.3033197021e+02 6.3065399170e+02 6.3090802002e+02 6.3108300781e+02 6.3124597168e+02 6.3141198730e+02 6.3154797363e+02 6.3167700195e+02 6.3187200928e+02 6.3202398682e+02 6.3220202637e+02 6.3241497803e+02 6.3262500000e+02 6.3284600830e+02 6.3308801270e+02 6.3336199951e+02 6.3364398193e+02 6.3390002441e+02 6.3416601563e+02 6.3448999023e+02 6.3477899170e+02 6.3503698730e+02 6.3528198242e+02 6.3553302002e+02 6.3578497314e+02
6.2680102539e+02 6.2697998047e+02 6.2715197754e+02 6.2734399414e+02 6.2756201172e+02 6.2777301025e+02 6.2799102783e+02 6.2827600098e+02 6.2853100586e+02 6.2856298828e+02 6.2854699707e+02 6.2854498291e+02 6.2854901123e+02 6.2853302002e+02 6.2851599121e+02 6.2852801514e+02 6.2851898193e+02 6.2852398682e+02 6.2884698486e+02 6.2942102051e+02 6.2986798096e+02 6.3022497559e+02 6.3056298828e+02 6.3082702637e+02 6.3099401855e+02 6.3114501953e+02 6.3131298828e+02 6.3144201660e+02 6.3154998779e+02 6.3173602295e+02 6.3188598633e+02 6.3205700684e+02 6.3226599121e+02 6.3246899414e+02 6.3268402100e+02 6.3292102051e+02 6.3318499756e+02 6.3344097900e+02 6.3367797852e+02 6.3393402100e+02 6.3424700928e+02 6.3452801514e+02 6.3478900146e+02 6.3503698730e+02 6.3528302002e+02 6.3552099609e+02
6.2661602783e+02 6.2680297852e+02 6.2700201416e+02 6.2720697021e+02 6.2742498779e+02 6.2766198730e+02 6.2788397217e+02 6.2815002441e+02 6.2839501953e+02 6.2843701172e+02 6.2842602539e+02 6.2842297363e+02 6.2842901611e+02 6.2841400146e+02 6.2839501953e+02 6.2840197754e+02 6.2839099121e+02 6.2839398193e+02 6.2869000244e+02 6.2924597168e+02 6.2968499756e+02 6.3008001709e+02 6.3043701172e+02 6.3070800781e+02 6.3088500977e+02 6.3102001953e+02 6.3118902588e+02 6.3133197021e+02 6.3144299316e+02 6.3160498047e+02 6.3174499512e+02 6.3190502930e+02 6.3211102295e+02 6.3231799316e+02 6.3253100586e+02 6.3275897217e+02 6.3300701904e+02 6.3324499512e+02 6.3346801758e+02 6.3371997070e+02 6.3401202393e+02 6.3427600098e+02 6.3453698730e+02 6.3478698730e+02 6.3502502441e+02 6.3525500488e+02
6.2644702148e+02 6.2665698242e+02 6.2684997559e+02 6.2706097412e+02 6.2729400635e+02 6.2755297852e+02 6.2777600098e+02 6.2804498291e+02 6.2831298828e+02 6.2831799316e+02 6.2830798340e+02 6.2830200195e+02 6.2830200195e+02 6.2829602051e+02 6.2828002930e+02 6.2828399658e+02 6.2826300049e+02 6.2829602051e+02 6.2854199219e+02 6.2900097656e+02 6.2941998291e+02 6.2988000488e+02 6.3028198242e+02 6.3055798340e+02 6.3073999023e+02 6.3090301514e+02 6.3105999756e+02 6.3120397949e+02 6.3135498047e+02 6.3149401855e+02 6.3161700439e+02 6.3175799561e+02 6.3194396973e+02 6.3216601563e+02 6.3238800049e+02 6.3259802246e+02 6.3281402588e+02 6.3303802490e+02 6.3325897217e+02 6.3349798584e+02 6.3373400879e+02 6.3400000000e+02 6.3425097656e+02 6.3450701904e+02 6.3475701904e+02 6.3499401855e+02
6.2633001709e+02 6.2653100586e+02 6.2670898438e+02 6.2692999268e+02 6.2716900635e+02 6.2743701172e+02 6.2765698242e+02 6.2793902588e+02 6.2820501709e+02 6.2819201660e+02 6.2818103027e+02 6.2818402100e+02 6.2819097900e+02 6.2818200684e+02 6.2815399170e+02 6.2815698242e+02 6.2816302490e+02 6.2822100830e+02 6.2843798828e+02 6.2883801270e+02 6.2927801514e+02 6.2974298096e+02 6.3014501953e+02 6.3040698242e+02 6.3059600830e+02 6.3080499268e+02 6.3094299316e+02 6.3107202148e+02 6.3123999023e+02 6.3139300537e+02 6.3152301025e+02 6.3166198730e+02 6.3183599854e+02 6.3203100586e+02 6.3225598145e+02 6.3247497559e+02 6.3268402100e+02 6.3288500977e+02 6.3311297607e+02 6.3332598877e+02 6.3352197266e+02 6.3372601318e+02 6.3394702148e+02 6.3419598389e+02 6.3447399902e+02 6.3472998047e+02
6.2623297119e+02 6.2642401123e+02 6.2663000488e+02 6.2686700439e+02 6.2710198975e+02 6.2735302734e+02 6.2756201172e+02 6.2784802246e+02 6.2809301758e+02 6.2807299805e+02 6.2805999756e+02 6.2806402588e+02 6.2806597900e+02 6.2805999756e+02 6.2803002930e+02 6.2804101563e+02 6.2804998779e+02 6.2810601807e+02 6.2830499268e+02 6.2869000244e+02 6.2915301514e+02 6.2958599854e+02 6.2998699951e+02 6.3028100586e+02 6.3048297119e+02 6.3068103027e+02 6.3081298828e+02 6.3095599365e+02 6.3114001465e+02 6.3130297852e+02 6.3144201660e+02 6.3157098389e+02 6.3171600342e+02 6.3187298584e+02 6.3207800293e+02 6.3231402588e+02 6.3253198242e+02 6.3275299072e+02 6.3299102783e+02 6.3319000244e+02 6.3333898926e+02 6.3348797607e+02 6.3368597412e+02 6.3391802979e+02 6.3419299316e+02 6.3445697021e+02
6.2616900635e+02 6.2634497070e+02 6.2655798340e+02 6.2679901123e+02 6.2703302002e+02 6.2726800537e+02 6.2748199463e+02 6.2775500488e+02 6.2796099854e+02 6.2795098877e+02 6.2793902588e+02 6.2793499756e+02 6.2794000244e+02 6.2793103027e+02 6.2790100098e+02 6.2791900635e+02 6.2792797852e+02 6.2796197510e+02 6.2817797852e+02 6.2858502197e+02 6.2904101563e+02 6.2942498779e+02 6.2982397461e+02 6.3015600586e+02 6.3037902832e+02 6.3057299805e+02 6.3071697998e+02 6.3086102295e+02 6.3103002930e+02 6.3119097900e+02 6.3133398438e+02 6.3146002197e+02 6.3158099365e+02 6.3170001221e+02 6.3188897705e+02 6.3213299561e+02 6.3235998535e+02 6.3260900879e+02 6.3284002686e+02 6.3300500488e+02 6.3313500977e+02 6.3326501465e+02 6.3344097900e+02 6.3365502930e+02 6.3391699219e+02 6.3418103027e+02
6.2611798096e+02 6.2629602051e+02 6.2649499512e+02 6.2671697998e+02 6.2693902588e+02 6.2715899658e+02 6.2736798096e+02 6.2761901855e+02 6.2782598877e+02 6.2784802246e+02 6.2783001709e+02 6.2781500244e+02 6.2782202148e+02 6.2779699707e+02 6.2778497314e+02 6.2780902100e+02 6.2778997803e+02 6.2782501221e+02 6.2807202148e+02 6.2849200439e+02 6.2892700195e+02 6.2932501221e+02 6.2972198486e+02 6.3004101563e+02 6.3025701904e+02 6.3046600342e+02 6.3062902832e+02 6.3075299072e+02 6.3089697266e+02 6.3106097412e+02 6.3120697021e+02 6.3134002686e+02 6.3145800781e+02 6.3156097412e+02 6.3172900391e+02 6.3196697998e+02 6.3220501709e+02 6.3245397949e+02 6.3268298340e+02 6.3282702637e+02 6.3293200684e+02 6.3303997803e+02 6.3320501709e+02 6.3341497803e+02 6.3365899658e+02 6.3390100098e+02
6.2607897949e+02 6.2625402832e+02 6.2644000244e+02 6.2664898682e+02 6.2687200928e+02 6.2707299805e+02 6.2726202393e+02 6.2750402832e+02 6.2769201660e+02 6.2772399902e+02 6.2771600342e+02 6.2770501709e+02 6.2770202637e+02 6.2768597412e+02 6.2767401123e+02 6.2767797852e+02 6.2766900635e+02 6.2768499756e+02 6.2793103027e+02 6.2839099121e+02 6.2883197021e+02 6.2923699951e+02 6.2960900879e+02 6.2992102051e+02 6.3015197754e+02 6.3033599854e+02 6.3050500488e+02 6.3064599609e+02 6.3078900146e+02 6.3096398926e+02 6.3111199951e+02 6.3124902344e+02 6.3135900879e+02 6.3144598389e+02 6.3157897949e+02 6.3178997803e+02 6.3203198242e+02 6.3225000000e+02 6.3248101807e+02 6.3264697266e+02 6.3276202393e+02 6.3286602783e+02 6.3300701904e+02 6.3318499756e+02 6.3339099121e+02 6.3360601807e+02
6.2605200195e+02 6.2621502686e+02 6.2638098145e+02 6.2658099365e+02 6.2681097412e+02 6.2700402832e+02 6.2717602539e+02 6.2741802979e+02 6.2759002686e+02 6.2759899902e+02 6.2759197998e+02 6.2758300781e+02 6.2757397461e+02 6.2756201172e+02 6.2754901123e+02 6.2755102539e+02 6.2754901123e+02 6.2758300781e+02 6.2784100342e+02 6.2830902100e+02 6.2873400879e+02 6.2915600586e+02 6.2953497314e+02 6.2984600830e+02 6.3006298828e+02 6.3022302246e+02 6.3039501953e+02 6.3054998779e+02 6.3069897461e+02 6.3087097168e+02 6.3101501465e+02 6.3114599609e+02 6.3125000000e+02 6.3135699463e+02 6.3148602295e+02 6.3165600586e+02 6.3186199951e+02 6.3206298828e+02 6.3229400635e+02 6.3246899414e+02 6.3259197998e+02 6.3269097900e+02 6.3279699707e+02 6.3294097900e+02 6.3313897705e+02 6.3333898926e+02
6.2602301025e+02 6.2617199707e+02 6.2632397461e+02 6.2652697754e+02 6.2676098633e+02 6.2696099854e+02 6.2713397217e+02 6.2735498047e+02 6.2750097656e+02 6.2748999023e+02 6.2747802734e+02 6.2746697998e+02 6.2745202637e+02 6.2743499756e+02 6.2742498779e+02 6.2743103027e+02 6.2743298340e+02 6.2749798584e+02 6.2778002930e+02 6.2822100830e+02 6.2861401367e+02 6.2904498291e+02 6.2944000244e+02 6.2974200439e+02 6.2994799805e+02 6.3012298584e+02 6.3029498291e+02 6.3044500732e+02 6.3059899902e+02 6.3077600098e+02 6.3090997314e+02 6.3103399658e+02 6.3116601563e+02 6.3131500244e+02 6.3144500732e+02 6.3156799316e+02 6.3170697021e+02 6.3189099121e+02 6.3211901855e+02 6.3230401611e+02 6.3243298340e+02 6.3254199219e+02 6.3264398193e+02 6.3277398682e+02 6.3294598389e+02 6.3311102295e+02
6.2596002197e+02 6.2613000488e+02 6.2628900146e+02 6.2649401855e+02 6.2670599365e+02 6.2690502930e+02 6.2709002686e+02 6.2727600098e+02 6.2737799072e+02 6.2736602783e+02 6.2735900879e+02 6.2735302734e+02 6.2734197998e+02 6.2731298828e+02 6.2730499268e+02 6.2730798340e+02 6.2730401611e+02 6.2737200928e+02 6.2766900635e+02 6.2808001709e+02 6.2849102783e+02 6.2892401123e+02 6.2930102539e+02 6.2961102295e+02 6.2980401611e+02 6.2998999023e+02 6.3016699219e+02 6.3032000732e+02 6.3047198486e+02 6.3064697266e+02 6.3080499268e+02 6.3095098877e+02 6.3109399414e+02 6.3125500488e+02 6.3137799072e+02 6.3147802734e+02 6.3158197021e+02 6.3175000000e+02 6.3195001221e+02 6.3214501953e+02 6.3229699707e+02 6.3242199707e+02 6.3254400635e+02 6.3267102051e+02 6.3279901123e+02 6.3291900635e+02
6.2588000488e+02 6.2605499268e+02 6.2622399902e+02 6.2642102051e+02 6.2660900879e+02 6.2678302002e+02 6.2696099854e+02 6.2715100098e+02 6.2725500488e+02 6.2725000000e+02 6.2724401855e+02 6.2723797607e+02 6.2722399902e+02 6.2719799805e+02 6.2718597412e+02 6.2717901611e+02 6.2720202637e+02 6.2727899170e+02 6.2756597900e+02 6.2796997070e+02 6.2841198730e+02 6.2881298828e+02 6.2917901611e+02 6.2949700928e+02 6.2968200684e+02 6.2986901855e+02 6.3004699707e+02 6.3019799805e+02 6.3033801270e+02 6.3049102783e+02 6.3065997314e+02 6.3081298828e+02 6.3097698975e+02 6.3113702393e+02 6.3124700928e+02 6.3134899902e+02 6.3146502686e+02 6.3162701416e+02 6.3178100586e+02 6.3196899414e+02 6.3216497803e+02 6.3232397461e+02 6.3245898438e+02 6.3258398438e+02 6.3272198486e+02 6.3282000732e+02
6.2581097412e+02 6.2594897461e+02 6.2611700439e+02 6.2630999756e+02 6.2649200439e+02 6.2663098145e+02 6.2678698730e+02 6.2699200439e+02 6.2713800049e+02 6.2714202881e+02 6.2712701416e+02 6.2711901855e+02 6.2711401367e+02 6.2708502197e+02 6.2706896973e+02 6.2706701660e+02 6.2708898926e+02 6.2718298340e+02 6.2747302246e+02 6.2787298584e+02 6.2829101563e+02 6.2863800049e+02 6.2899597168e+02 6.2932202148e+02 6.2953601074e+02 6.2973297119e+02 6.2989001465e+02 6.3002197266e+02 6.3016497803e+02 6.3032800293e+02 6.3051599121e+02 6.3068798828e+02 6.3085699463e+02 6.3100500488e+02 6.3111199951e+02 6.3122399902e+02 6.3135101318e+02 6.3151300049e+02 6.3165197754e+02 6.3182702637e+02 6.3202697754e+02 6.3220697021e+02 6.3237298584e+02 6.3251702881e+02 6.3265100098e+02 6.3273602295e+02
6.2572601318e+02 6.2585302734e+02 6.2602398682e+02 6.2619799805e+02 6.2635400391e+02 6.2647399902e+02 6.2661901855e+02 6.2683398438e+02 6.2701599121e+02 6.2702398682e+02 6.2700201416e+02 6.2699298096e+02 6.2699597168e+02 6.2696398926e+02 6.2694299316e+02 6.2694799805e+02 6.2695898438e+02 6.2705401611e+02 6.2735198975e+02 6.2773999023e+02 6.2813098145e+02 6.2845599365e+02 6.2881201172e+02 6.2914099121e+02 6.2937402344e+02 6.2956896973e+02 6.2971600342e+02 6.2983599854e+02 6.2998199463e+02 6.3017297363e+02 6.3036199951e+02 6.3053497314e+02 6.3070898438e+02 6.3085900879e+02 6.3096997070e+02 6.3109399414e+02 6.3121899414e+02 6.3135998535e+02 6.3150299072e+02 6.3168597412e+02 6.3189099121e+02 6.3208197021e+02 6.3226800537e+02 6.3242602539e+02 6.3255603027e+02 6.3262597656e+02
6.2561798096e+02 6.2575097656e+02 6.2591601563e+02 6.2606799316e+02 6.2621997070e+02 6.2636401367e+02 6.2650598145e+02 6.2670001221e+02 6.2689202881e+02 6.2690600586e+02 6.2688897705e+02 6.2687902832e+02 6.2687597656e+02 6.2684497070e+02 6.2682098389e+02 6.2682598877e+02 6.2683099365e+02 6.2695001221e+02 6.2725201416e+02 6.2760900879e+02 6.2796301270e+02 6.2829400635e+02 6.2864599609e+02 6.2896502686e+02 6.2918798828e+02 6.2937298584e+02 6.2953302002e+02 6.2967602539e+02 6.2981402588e+02 6.3000201416e+02 6.3018701172e+02 6.3035797119e+02 6.3051300049e+02 6.3067498779e+02 6.3079998779e+02 6.3093499756e+02 6.3107897949e+02 6.3118402100e+02 6.3131097412e+02 6.3151000977e+02 6.3176501465e+02 6.3197900391e+02 6.3218103027e+02 6.3234997559e+02 6.3250897217e+02 6.3257202148e+02
6.2550000000e+02 6.2561602783e+02 6.2576501465e+02 6.2594000244e+02 6.2610302734e+02 6.2624401855e+02 6.2637902832e+02 6.2656298828e+02 6.2676098633e+02 6.2678399658e+02 6.2677001953e+02 6.2676300049e+02 6.2675299072e+02 6.2672399902e+02 6.2671099854e+02 6.2672802734e+02 6.2672900391e+02 6.2684301758e+02 6.2715899658e+02 6.2750799561e+02 6.2783599854e+02 6.2813397217e+02 6.2843499756e+02 6.2875299072e+02 6.2900402832e+02 6.2921301270e+02 6.2939001465e+02 6.2953997803e+02 6.2968103027e+02 6.2981799316e+02 6.2999798584e+02 6.3019799805e+02 6.3036102295e+02 6.3048400879e+02 6.3061199951e+02 6.3075000000e+02 6.3089202881e+02 6.3103100586e+02 6.3117199707e+02 6.3137097168e+02 6.3162799072e+02 6.3183300781e+02 6.3206298828e+02 6.3230902100e+02 6.3249798584e+02 6.3253399658e+02
6.2538299561e+02 6.2550299072e+02 6.2564300537e+02 6.2581597900e+02 6.2596899414e+02 6.2610998535e+02 6.2625500488e+02 6.2644000244e+02 6.2663702393e+02 6.2665899658e+02 6.2665802002e+02 6.2665698242e+02 6.2663397217e+02 6.2660198975e+02 6.2659197998e+02 6.2661901855e+02 6.2662500000e+02 6.2672399902e+02 6.2702697754e+02 6.2737097168e+02 6.2767498779e+02 6.2796600342e+02 6.2825701904e+02 6.2857299805e+02 6.2883697510e+02 6.2905297852e+02 6.2923297119e+02 6.2937097168e+02 6.2951599121e+02 6.2963897705e+02 6.2980603027e+02 6.3000402832e+02 6.3020098877e+02 6.3034002686e+02 6.3046099854e+02 6.3059301758e+02 6.3073199463e+02 6.3089398193e+02 6.3105499268e+02 6.3124102783e+02 6.3145599365e+02 6.3163397217e+02 6.3182501221e+02 6.3206896973e+02 6.3229498291e+02 6.3233502197e+02
6.2525598145e+02 6.2538702393e+02 6.2553002930e+02 6.2569000244e+02 6.2584997559e+02 6.2598999023e+02 6.2613299561e+02 6.2632501221e+02 6.2652899170e+02 6.2654602051e+02 6.2654199219e+02 6.2653302002e+02 6.2651599121e+02 6.2648602295e+02 6.2646600342e+02 6.2649298096e+02 6.2653002930e+02 6.2663201904e+02 6.2691101074e+02 6.2724401855e+02 6.2754400635e+02 6.2784197998e+02 6.2813299561e+02 6.2842700195e+02 6.2867401123e+02 6.2886297607e+02 6.2904101563e+02 6.2918798828e+02 6.2933697510e+02 6.2948797607e+02 6.2965899658e+02 6.2983197021e+02 6.3000598145e+02 6.3017999268e+02 6.3029998779e+02 6.3041400146e+02 6.3056597900e+02 6.3072399902e+02 6.3089202881e+02 6.3107702637e+02 6.3126599121e+02 6.3144897461e+02 6.3160498047e+02 6.3180401611e+02 6.3203497314e+02 6.3213000488e+02
