TESTSERVER/9/7.asc
NCOLS 100
NROWS 100
XLLCORNER 7.9497500000e+03
YLLCORNER 2.8960025000e+05
CELLSIZE 5.0000000000e-01
NODATA_VALUE -9.9990000000e+03
[rows 60 to 79 of 100, columns 0 to 45 of 100]
6.0090197754e+02 6.0112200928e+02 6.0135900879e+02 6.0163500977e+02 6.0187200928e+02 6.0207202148e+02 6.0227697754e+02 6.0249798584e+02 6.0274798584e+02 6.0301300049e+02 6.0324200439e+02 6.0342999268e+02 6.0357897949e+02 6.0370300293e+02 6.0384399414e+02 6.0403399658e+02 6.0422198486e+02 6.0436102295e+02 6.0446301270e+02 6.0466699219e+02 6.0482702637e+02 6.0494299316e+02 6.0509600830e+02 6.0561102295e+02 6.0613800049e+02 6.0657299805e+02 6.0686401367e+02 6.0724798584e+02 6.0770202637e+02 6.0810900879e+02 6.0837500000e+02 6.0855102539e+02 6.0872399902e+02 6.0889300537e+02 6.0907598877e+02 6.0925299072e+02 6.0941601563e+02 6.0957702637e+02 6.0976000977e+02 6.1008898926e+02 6.1034802246e+02 6.1053198242e+02 6.1064202881e+02 6.1074298096e+02 6.1086401367e+02 6.1097399902e+02
6.0070898438e+02 6.0093298340e+02 6.0114599609e+02 6.0139501953e+02 6.0161602783e+02 6.0181201172e+02 6.0202398682e+02 6.0224597168e+02 6.0249102783e+02 6.0273901367e+02 6.0296997070e+02 6.0318200684e+02 6.0335302734e+02 6.0348101807e+02 6.0360900879e+02 6.0376898193e+02 6.0393402100e+02 6.0406701660e+02 6.0418103027e+02 6.0438702393e+02 6.0454797363e+02 6.0467102051e+02 6.0480603027e+02 6.0515997314e+02 6.0559802246e+02 6.0605200195e+02 6.0647998047e+02 6.0694799805e+02 6.0741497803e+02 6.0781201172e+02 6.0809197998e+02 6.0829901123e+02 6.0849102783e+02 6.0868103027e+02 6.0888299561e+02 6.0907501221e+02 6.0923999023e+02 6.0942199707e+02 6.0960797119e+02 6.0984802246e+02 6.1011602783e+02 6.1034497070e+02 6.1048999023e+02 6.1057598877e+02 6.1065802002e+02 6.1074499512e+02
6.0041497803e+02 6.0066998291e+02 6.0089202881e+02 6.0112902832e+02 6.0135498047e+02 6.0156402588e+02 6.0177600098e+02 6.0201702881e+02 6.0226202393e+02 6.0249102783e+02 6.0271301270e+02 6.0293902588e+02 6.0310400391e+02 6.0322302246e+02 6.0333502197e+02 6.0347601318e+02 6.0362902832e+02 6.0377301025e+02 6.0391998291e+02 6.0413500977e+02 6.0429302979e+02 6.0441198730e+02 6.0454797363e+02 6.0480603027e+02 6.0517700195e+02 6.0562500000e+02 6.0611798096e+02 6.0662298584e+02 6.0708599854e+02 6.0746398926e+02 6.0773797607e+02 6.0796899414e+02 6.0819299316e+02 6.0842297363e+02 6.0867401123e+02 6.0889398193e+02 6.0907299805e+02 6.0927001953e+02 6.0948101807e+02 6.0968499756e+02 6.0993402100e+02 6.1018200684e+02 6.1035699463e+02 6.1041601563e+02 6.1044799805e+02 6.1050402832e+02
6.0005798340e+02 6.0035302734e+02 6.0059802246e+02 6.0084002686e+02 6.0108502197e+02 6.0130499268e+02 6.0150701904e+02 6.0178399658e+02 6.0204199219e+02 6.0225598145e+02 6.0244702148e+02 6.0264501953e+02 6.0279400635e+02 6.0290698242e+02 6.0301000977e+02 6.0313397217e+02 6.0328802490e+02 6.0346099854e+02 6.0366601563e+02 6.0390698242e+02 6.0406402588e+02 6.0416998291e+02 6.0431097412e+02 6.0450897217e+02 6.0480603027e+02 6.0523400879e+02 6.0578198242e+02 6.0632299805e+02 6.0677502441e+02 6.0712298584e+02 6.0737799072e+02 6.0762298584e+02 6.0787799072e+02 6.0814697266e+02 6.0845098877e+02 6.0871398926e+02 6.0891699219e+02 6.0911999512e+02 6.0933099365e+02 6.0952697754e+02 6.0977301025e+02 6.1002502441e+02 6.1021002197e+02 6.1026501465e+02 6.1029101563e+02 6.1035498047e+02
5.9968103027e+02 6.0001599121e+02 6.0028997803e+02 6.0054797363e+02 6.0079901123e+02 6.0101300049e+02 6.0119097900e+02 6.0152099609e+02 6.0180401611e+02 6.0201000977e+02 6.0215002441e+02 6.0231799316e+02 6.0245697021e+02 6.0259002686e+02 6.0269097900e+02 6.0280700684e+02 6.0296002197e+02 6.0314300537e+02 6.0334301758e+02 6.0361297607e+02 6.0379199219e+02 6.0391198730e+02 6.0405902100e+02 6.0424597168e+02 6.0446997070e+02 6.0486102295e+02 6.0547198486e+02 6.0606701660e+02 6.0651397705e+02 6.0682598877e+02 6.0706701660e+02 6.0731201172e+02 6.0758398438e+02 6.0787500000e+02 6.0819396973e+02 6.0849102783e+02 6.0873498535e+02 6.0895501709e+02 6.0914099121e+02 6.0935101318e+02 6.0959899902e+02 6.0983502197e+02 6.0999499512e+02 6.1007098389e+02 6.1015197754e+02 6.1027697754e+02
5.9938098145e+02 5.9972399902e+02 6.0000000000e+02 6.0025500488e+02 6.0049700928e+02 6.0071398926e+02 6.0091302490e+02 6.0125799561e+02 6.0157299805e+02 6.0179400635e+02 6.0193103027e+02 6.0203100586e+02 6.0213897705e+02 6.0229498291e+02 6.0243798828e+02 6.0255200195e+02 6.0267401123e+02 6.0281701660e+02 6.0302001953e+02 6.0327398682e+02 6.0348101807e+02 6.0362799072e+02 6.0376000977e+02 6.0394702148e+02 6.0415002441e+02 6.0450201416e+02 6.0508502197e+02 6.0569097900e+02 6.0614501953e+02 6.0646002197e+02 6.0672900391e+02 6.0702899170e+02 6.0732098389e+02 6.0760601807e+02 6.0789001465e+02 6.0817102051e+02 6.0844897461e+02 6.0872497559e+02 6.0898400879e+02 6.0919598389e+02 6.0939697266e+02 6.0960302734e+02 6.0976800537e+02 6.0987500000e+02 6.0998797607e+02 6.1013201904e+02
5.9913800049e+02 5.9947198486e+02 5.9973699951e+02 5.9996997070e+02 6.0021502686e+02 6.0044897461e+02 6.0066497803e+02 6.0100799561e+02 6.0133398438e+02 6.0157098389e+02 6.0171697998e+02 6.0179998779e+02 6.0187701416e+02 6.0200799561e+02 6.0215301514e+02 6.0226300049e+02 6.0238800049e+02 6.0254602051e+02 6.0274902344e+02 6.0298797607e+02 6.0318902588e+02 6.0333001709e+02 6.0344396973e+02 6.0362200928e+02 6.0385198975e+02 6.0418798828e+02 6.0468298340e+02 6.0525201416e+02 6.0571801758e+02 6.0606896973e+02 6.0638201904e+02 6.0673797607e+02 6.0706701660e+02 6.0735900879e+02 6.0762402344e+02 6.0788201904e+02 6.0814697266e+02 6.0844299316e+02 6.0876501465e+02 6.0899298096e+02 6.0917401123e+02 6.0937597656e+02 6.0956201172e+02 6.0969097900e+02 6.0981097412e+02 6.0995300293e+02
5.9887200928e+02 5.9919201660e+02 5.9945898438e+02 5.9967999268e+02 5.9993499756e+02 6.0019598389e+02 6.0043701172e+02 6.0075799561e+02 6.0106896973e+02 6.0130700684e+02 6.0147601318e+02 6.0158300781e+02 6.0163299561e+02 6.0171398926e+02 6.0183001709e+02 6.0194396973e+02 6.0210302734e+02 6.0229901123e+02 6.0251202393e+02 6.0273602295e+02 6.0291302490e+02 6.0303698730e+02 6.0314300537e+02 6.0331597900e+02 6.0358001709e+02 6.0392102051e+02 6.0434899902e+02 6.0486999512e+02 6.0533099365e+02 6.0570501709e+02 6.0605102539e+02 6.0645098877e+02 6.0682098389e+02 6.0714001465e+02 6.0740997314e+02 6.0764599609e+02 6.0788000488e+02 6.0815899658e+02 6.0849902344e+02 6.0875500488e+02 6.0894299316e+02 6.0915502930e+02 6.0936102295e+02 6.0948602295e+02 6.0959698486e+02 6.0972601318e+02
5.9854302979e+02 5.9884002686e+02 5.9912500000e+02 5.9938800049e+02 5.9965301514e+02 5.9994000244e+02 6.0022998047e+02 6.0051202393e+02 6.0077697754e+02 6.0099597168e+02 6.0119396973e+02 6.0132299805e+02 6.0136401367e+02 6.0140698242e+02 6.0151397705e+02 6.0161401367e+02 6.0180499268e+02 6.0204302979e+02 6.0228900146e+02 6.0248699951e+02 6.0262799072e+02 6.0273498535e+02 6.0286901855e+02 6.0306097412e+02 6.0334899902e+02 6.0371002197e+02 6.0411700439e+02 6.0457897949e+02 6.0500402832e+02 6.0538098145e+02 6.0576898193e+02 6.0616802979e+02 6.0655999756e+02 6.0691302490e+02 6.0721398926e+02 6.0743402100e+02 6.0764099121e+02 6.0788500977e+02 6.0819000244e+02 6.0849102783e+02 6.0871099854e+02 6.0892999268e+02 6.0916998291e+02 6.0927801514e+02 6.0935797119e+02 6.0945898438e+02
5.9820697021e+02 5.9847900391e+02 5.9879998779e+02 5.9909497070e+02 5.9935601807e+02 5.9962701416e+02 5.9994000244e+02 6.0026800537e+02 6.0054602051e+02 6.0075000000e+02 6.0090100098e+02 6.0099902344e+02 6.0102600098e+02 6.0107501221e+02 6.0121197510e+02 6.0134802246e+02 6.0150799561e+02 6.0171398926e+02 6.0195001221e+02 6.0218200684e+02 6.0231701660e+02 6.0242297363e+02 6.0259002686e+02 6.0279797363e+02 6.0307702637e+02 6.0343298340e+02 6.0382501221e+02 6.0425201416e+02 6.0465502930e+02 6.0505401611e+02 6.0549798584e+02 6.0592199707e+02 6.0629302979e+02 6.0662902832e+02 6.0693701172e+02 6.0719598389e+02 6.0743902588e+02 6.0768798828e+02 6.0796002197e+02 6.0826098633e+02 6.0847698975e+02 6.0865600586e+02 6.0888299561e+02 6.0903997803e+02 6.0912200928e+02 6.0921197510e+02
5.9790100098e+02 5.9816198730e+02 5.9848602295e+02 5.9879901123e+02 5.9904797363e+02 5.9928399658e+02 5.9959002686e+02 5.9996502686e+02 6.0027899170e+02 6.0048400879e+02 6.0057098389e+02 6.0055700684e+02 6.0049401855e+02 6.0052001953e+02 6.0073101807e+02 6.0098400879e+02 6.0116400146e+02 6.0134197998e+02 6.0155902100e+02 6.0181201172e+02 6.0197601318e+02 6.0211798096e+02 6.0232702637e+02 6.0256597900e+02 6.0284301758e+02 6.0318103027e+02 6.0355102539e+02 6.0393103027e+02 6.0431402588e+02 6.0473199463e+02 6.0523400879e+02 6.0568298340e+02 6.0603900146e+02 6.0636700439e+02 6.0670300293e+02 6.0698602295e+02 6.0726098633e+02 6.0751800537e+02 6.0774401855e+02 6.0801397705e+02 6.0823101807e+02 6.0840698242e+02 6.0861199951e+02 6.0879101563e+02 6.0890301514e+02 6.0900299072e+02
5.9760302734e+02 5.9786297607e+02 5.9818402100e+02 5.9851898193e+02 5.9876300049e+02 5.9896502686e+02 5.9922601318e+02 5.9960797119e+02 5.9994500732e+02 6.0014300537e+02 6.0014300537e+02 5.9997302246e+02 5.9980102539e+02 5.9979400635e+02 6.0003997803e+02 6.0040600586e+02 6.0068597412e+02 6.0091601563e+02 6.0116802979e+02 6.0143798828e+02 6.0162799072e+02 6.0180798340e+02 6.0207202148e+02 6.0235498047e+02 6.0263201904e+02 6.0294299316e+02 6.0329400635e+02 6.0364697266e+02 6.0401599121e+02 6.0444000244e+02 6.0495300293e+02 6.0538000488e+02 6.0571600342e+02 6.0606298828e+02 6.0648101807e+02 6.0674902344e+02 6.0700500488e+02 6.0725500488e+02 6.0747100830e+02 6.0769799805e+02 6.0792700195e+02 6.0814300537e+02 6.0836401367e+02 6.0853900146e+02 6.0867102051e+02 6.0878399658e+02
5.9730401611e+02 5.9756701660e+02 5.9787902832e+02 5.9823297119e+02 5.9849700928e+02 5.9870098877e+02 5.9888098145e+02 5.9917999268e+02 5.9949499512e+02 5.9967297363e+02 5.9959301758e+02 5.9927801514e+02 5.9906799316e+02 5.9906896973e+02 5.9928601074e+02 5.9972497559e+02 6.0015301514e+02 6.0050799561e+02 6.0083001709e+02 6.0111401367e+02 6.0130401611e+02 6.0150097656e+02 6.0179998779e+02 6.0212500000e+02 6.0241302490e+02 6.0269897461e+02 6.0299499512e+02 6.0334197998e+02 6.0372802734e+02 6.0415899658e+02 6.0463299561e+02 6.0499200439e+02 6.0531896973e+02 6.0569097900e+02 6.0613098145e+02 6.0642901611e+02 6.0663500977e+02 6.0686499023e+02 6.0711199951e+02 6.0731597900e+02 6.0754101563e+02 6.0780297852e+02 6.0807000732e+02 6.0824597168e+02 6.0837597656e+02 6.0849902344e+02
5.9706402588e+02 5.9730603027e+02 5.9757800293e+02 5.9787799072e+02 5.9814599609e+02 5.9839001465e+02 5.9859197998e+02 5.9882299805e+02 5.9905700684e+02 5.9914501953e+02 5.9895001221e+02 5.9862200928e+02 5.9856597900e+02 5.9871099854e+02 5.9893103027e+02 5.9930499268e+02 5.9983599854e+02 6.0026397705e+02 6.0054699707e+02 6.0080798340e+02 6.0096997070e+02 6.0115197754e+02 6.0148797607e+02 6.0183398438e+02 6.0213000488e+02 6.0240100098e+02 6.0263897705e+02 6.0293402100e+02 6.0331597900e+02 6.0373999023e+02 6.0419201660e+02 6.0458398438e+02 6.0496801758e+02 6.0534002686e+02 6.0572399902e+02 6.0602001953e+02 6.0629199219e+02 6.0656402588e+02 6.0684802246e+02 6.0703997803e+02 6.0720098877e+02 6.0739300537e+02 6.0763201904e+02 6.0784301758e+02 6.0802502441e+02 6.0820898438e+02
5.9685900879e+02 5.9705297852e+02 5.9726599121e+02 5.9751202393e+02 5.9777398682e+02 5.9804101563e+02 5.9828997803e+02 5.9853002930e+02 5.9872100830e+02 5.9873602295e+02 5.9849401855e+02 5.9822900391e+02 5.9823901367e+02 5.9843499756e+02 5.9866998291e+02 5.9904498291e+02 5.9959600830e+02 6.0003497314e+02 6.0027099609e+02 6.0048602295e+02 6.0062701416e+02 6.0080200195e+02 6.0115899658e+02 6.0152801514e+02 6.0183502197e+02 6.0210699463e+02 6.0231597900e+02 6.0255902100e+02 6.0289398193e+02 6.0326501465e+02 6.0367901611e+02 6.0413000488e+02 6.0458801270e+02 6.0501702881e+02 6.0539599609e+02 6.0571997070e+02 6.0603497314e+02 6.0633300781e+02 6.0662902832e+02 6.0683599854e+02 6.0696002197e+02 6.0708300781e+02 6.0725097656e+02 6.0745697021e+02 6.0765997314e+02 6.0787902832e+02
5.9662701416e+02 5.9679901123e+02 5.9698297119e+02 5.9719299316e+02 5.9743103027e+02 5.9768200684e+02 5.9793499756e+02 5.9819000244e+02 5.9837902832e+02 5.9838201904e+02 5.9815399170e+02 5.9791302490e+02 5.9791101074e+02 5.9811499023e+02 5.9838702393e+02 5.9878198242e+02 5.9931896973e+02 5.9974298096e+02 5.9996197510e+02 6.0015802002e+02 6.0028997803e+02 6.0046301270e+02 6.0080902100e+02 6.0120001221e+02 6.0154199219e+02 6.0184002686e+02 6.0206701660e+02 6.0228002930e+02 6.0254699707e+02 6.0282897949e+02 6.0315802002e+02 6.0363598633e+02 6.0416699219e+02 6.0467602539e+02 6.0510797119e+02 6.0546899414e+02 6.0581097412e+02 6.0611499023e+02 6.0638800049e+02 6.0660998535e+02 6.0673699951e+02 6.0683300781e+02 6.0694598389e+02 6.0710998535e+02 6.0728997803e+02 6.0750201416e+02
5.9630902100e+02 5.9653497314e+02 5.9675799561e+02 5.9694000244e+02 5.9714202881e+02 5.9734600830e+02 5.9750299072e+02 5.9771697998e+02 5.9789501953e+02 5.9792401123e+02 5.9777197266e+02 5.9751898193e+02 5.9747302246e+02 5.9768402100e+02 5.9802197266e+02 5.9851397705e+02 5.9902502441e+02 5.9942401123e+02 5.9964898682e+02 5.9981402588e+02 5.9995397949e+02 6.0014001465e+02 6.0045098877e+02 6.0084301758e+02 6.0124102783e+02 6.0160101318e+02 6.0193200684e+02 6.0212701416e+02 6.0230798340e+02 6.0248101807e+02 6.0270599365e+02 6.0315002441e+02 6.0371801758e+02 6.0430603027e+02 6.0479302979e+02 6.0516601563e+02 6.0552099609e+02 6.0581597900e+02 6.0603601074e+02 6.0626300049e+02 6.0643499756e+02 6.0657098389e+02 6.0669799805e+02 6.0680603027e+02 6.0694897461e+02 6.0712902832e+02
5.9594299316e+02 5.9618902588e+02 5.9638897705e+02 5.9656799316e+02 5.9678302002e+02 5.9702301025e+02 5.9718902588e+02 5.9728900146e+02 5.9736999512e+02 5.9737298584e+02 5.9730700684e+02 5.9711102295e+02 5.9706298828e+02 5.9726599121e+02 5.9761199951e+02 5.9805700684e+02 5.9856500244e+02 5.9903399658e+02 5.9932800293e+02 5.9948498535e+02 5.9960498047e+02 5.9975799561e+02 5.9999200439e+02 6.0033697510e+02 6.0075799561e+02 6.0120300293e+02 6.0159997559e+02 6.0186102295e+02 6.0203997803e+02 6.0219201660e+02 6.0235601807e+02 6.0272802734e+02 6.0325097656e+02 6.0381597900e+02 6.0432000732e+02 6.0474902344e+02 6.0515899658e+02 6.0550897217e+02 6.0575402832e+02 6.0590301514e+02 6.0604400635e+02 6.0617700195e+02 6.0633197021e+02 6.0648498535e+02 6.0666101074e+02 6.0684899902e+02
5.9555401611e+02 5.9579400635e+02 5.9596099854e+02 5.9612500000e+02 5.9634100342e+02 5.9659802246e+02 5.9681298828e+02 5.9686901855e+02 5.9689001465e+02 5.9689501953e+02 5.9688702393e+02 5.9677697754e+02 5.9675097656e+02 5.9690301514e+02 5.9718298340e+02 5.9754101563e+02 5.9803100586e+02 5.9856597900e+02 5.9897302246e+02 5.9915698242e+02 5.9925598145e+02 5.9935797119e+02 5.9952502441e+02 5.9978399658e+02 6.0017999268e+02 6.0066400146e+02 6.0113800049e+02 6.0144299316e+02 6.0165301514e+02 6.0183398438e+02 6.0201501465e+02 6.0231097412e+02 6.0274200439e+02 6.0321899414e+02 6.0369396973e+02 6.0416400146e+02 6.0465698242e+02 6.0510699463e+02 6.0543402100e+02 6.0560302734e+02 6.0572998047e+02 6.0583197021e+02 6.0596301270e+02 6.0616601563e+02 6.0637799072e+02 6.0657397461e+02
5.9512200928e+02 5.9536401367e+02 5.9553002930e+02 5.9569702148e+02 5.9590600586e+02 5.9614202881e+02 5.9636602783e+02 5.9639099121e+02 5.9639398193e+02 5.9643597412e+02 5.9648699951e+02 5.9646398926e+02 5.9647900391e+02 5.9659100342e+02 5.9680297852e+02 5.9710101318e+02 5.9756298828e+02 5.9813098145e+02 5.9862500000e+02 5.9884197998e+02 5.9893298340e+02 5.9899700928e+02 5.9911102295e+02 5.9927899170e+02 5.9960900879e+02 6.0007299805e+02 6.0054797363e+02 6.0085998535e+02 6.0110797119e+02 6.0135198975e+02 6.0163098145e+02 6.0187500000e+02 6.0218798828e+02 6.0254901123e+02 6.0294702148e+02 6.0341400146e+02 6.0397100830e+02 6.0451300049e+02 6.0492901611e+02 6.0520202637e+02 6.0540502930e+02 6.0552697754e+02 6.0562097168e+02 6.0584899902e+02 6.0609301758e+02 6.0629998779e+02
