TESTSERVER/9/7.asc
NCOLS 100
NROWS 100
XLLCORNER 7.9497500000e+03
YLLCORNER 2.8960025000e+05
CELLSIZE 5.0000000000e-01
NODATA_VALUE -9.9990000000e+03
[rows 0 to 19 of 100, columns 0 to 45 of 100]
6.1191998291e+02 6.1217498779e+02 6.1238000488e+02 6.1258197021e+02 6.1280999756e+02 6.1303802490e+02 6.1324102783e+02 6.1341802979e+02 6.1357098389e+02 6.1371899414e+02 6.1387701416e+02 6.1396600342e+02 6.1404699707e+02 6.1413500977e+02 6.1421997070e+02 6.1432202148e+02 6.1446997070e+02 6.1456097412e+02 6.1456201172e+02 6.1450402832e+02 6.1449200439e+02 6.1453198242e+02 6.1455102539e+02 6.1455200195e+02 6.1455603027e+02 6.1455200195e+02 6.1453802490e+02 6.1455102539e+02 6.1463201904e+02 6.1475402832e+02 6.1484197998e+02 6.1487500000e+02 6.1497998047e+02 6.1513201904e+02 6.1527001953e+02 6.1535699463e+02 6.1537701416e+02 6.1535198975e+02 6.1524200439e+02 6.1508898926e+02 6.1507299805e+02 6.1514898682e+02 6.1518597412e+02 6.1517700195e+02 6.1521697998e+02 6.1525097656e+02
6.1183898926e+02 6.1210302734e+02 6.1233502197e+02 6.1253698730e+02 6.1274700928e+02 6.1296197510e+02 6.1317199707e+02 6.1332800293e+02 6.1345800781e+02 6.1359100342e+02 6.1372900391e+02 6.1381597900e+02 6.1390100098e+02 6.1399102783e+02 6.1406896973e+02 6.1416497803e+02 6.1429199219e+02 6.1436102295e+02 6.1438598633e+02 6.1438702393e+02 6.1442401123e+02 6.1447998047e+02 6.1451098633e+02 6.1451397705e+02 6.1449597168e+02 6.1446899414e+02 6.1447198486e+02 6.1452197266e+02 6.1463098145e+02 6.1475500488e+02 6.1481201172e+02 6.1486102295e+02 6.1497198486e+02 6.1509698486e+02 6.1519396973e+02 6.1525701904e+02 6.1526397705e+02 6.1521600342e+02 6.1510601807e+02 6.1500402832e+02 6.1502301025e+02 6.1509002686e+02 6.1509899902e+02 6.1509399414e+02 6.1514697266e+02 6.1518402100e+02
6.1176202393e+02 6.1202697754e+02 6.1227398682e+02 6.1248297119e+02 6.1268200684e+02 6.1288201904e+02 6.1308599854e+02 6.1325000000e+02 6.1338098145e+02 6.1350402832e+02 6.1362500000e+02 6.1370202637e+02 6.1377099609e+02 6.1385400391e+02 6.1394702148e+02 6.1405401611e+02 6.1415698242e+02 6.1420501709e+02 6.1422601318e+02 6.1428002930e+02 6.1436102295e+02 6.1444000244e+02 6.1448199463e+02 6.1447698975e+02 6.1445300293e+02 6.1442700195e+02 6.1443402100e+02 6.1451000977e+02 6.1462097168e+02 6.1472100830e+02 6.1475897217e+02 6.1481597900e+02 6.1489898682e+02 6.1498901367e+02 6.1505700684e+02 6.1509002686e+02 6.1505902100e+02 6.1499102783e+02 6.1493402100e+02 6.1491400146e+02 6.1495898438e+02 6.1501202393e+02 6.1500799561e+02 6.1502099609e+02 6.1509002686e+02 6.1513098145e+02
6.1167297363e+02 6.1193298340e+02 6.1218298340e+02 6.1240100098e+02 6.1259600830e+02 6.1278497314e+02 6.1297698975e+02 6.1316198730e+02 6.1332098389e+02 6.1345898438e+02 6.1357897949e+02 6.1364398193e+02 6.1369000244e+02 6.1375701904e+02 6.1385400391e+02 6.1394299316e+02 6.1401098633e+02 6.1405798340e+02 6.1410900879e+02 6.1420300293e+02 6.1430902100e+02 6.1439300537e+02 6.1444000244e+02 6.1443499756e+02 6.1440997314e+02 6.1438702393e+02 6.1440197754e+02 6.1450598145e+02 6.1461999512e+02 6.1469500732e+02 6.1471002197e+02 6.1475000000e+02 6.1478698730e+02 6.1483599854e+02 6.1490100098e+02 6.1493597412e+02 6.1489300537e+02 6.1482202148e+02 6.1480499268e+02 6.1482501221e+02 6.1488000488e+02 6.1493798828e+02 6.1494097900e+02 6.1496002197e+02 6.1502801514e+02 6.1505700684e+02
6.1155700684e+02 6.1181896973e+02 6.1206097412e+02 6.1228802490e+02 6.1248602295e+02 6.1266998291e+02 6.1286199951e+02 6.1306799316e+02 6.1326000977e+02 6.1342700195e+02 6.1356597900e+02 6.1362097168e+02 6.1366699219e+02 6.1371997070e+02 6.1378802490e+02 6.1385400391e+02 6.1389202881e+02 6.1394897461e+02 6.1404797363e+02 6.1416699219e+02 6.1427502441e+02 6.1433898926e+02 6.1438800049e+02 6.1439599609e+02 6.1437500000e+02 6.1434899902e+02 6.1436102295e+02 6.1448400879e+02 6.1461199951e+02 6.1468902588e+02 6.1469097900e+02 6.1466699219e+02 6.1466601563e+02 6.1469097900e+02 6.1474902344e+02 6.1478698730e+02 6.1476800537e+02 6.1472302246e+02 6.1471697998e+02 6.1474298096e+02 6.1479901123e+02 6.1486102295e+02 6.1488000488e+02 6.1488897705e+02 6.1494799805e+02 6.1497497559e+02
6.1140600586e+02 6.1168798828e+02 6.1193798828e+02 6.1216699219e+02 6.1237500000e+02 6.1256701660e+02 6.1276397705e+02 6.1298199463e+02 6.1318701172e+02 6.1336499023e+02 6.1352301025e+02 6.1359600830e+02 6.1366497803e+02 6.1372497559e+02 6.1375097656e+02 6.1379302979e+02 6.1383099365e+02 6.1390600586e+02 6.1402301025e+02 6.1415698242e+02 6.1426800537e+02 6.1429498291e+02 6.1430102539e+02 6.1431402588e+02 6.1430401611e+02 6.1428802490e+02 6.1428997803e+02 6.1438397217e+02 6.1451098633e+02 6.1459802246e+02 6.1459899902e+02 6.1457397461e+02 6.1456500244e+02 6.1458502197e+02 6.1462701416e+02 6.1464697266e+02 6.1465002441e+02 6.1463000488e+02 6.1462097168e+02 6.1465399170e+02 6.1472802734e+02 6.1478100586e+02 6.1477697754e+02 6.1481799316e+02 6.1487799072e+02 6.1489398193e+02
6.1122900391e+02 6.1153302002e+02 6.1179797363e+02 6.1203002930e+02 6.1225097656e+02 6.1245800781e+02 6.1266101074e+02 6.1288098145e+02 6.1308599854e+02 6.1326501465e+02 6.1341998291e+02 6.1352099609e+02 6.1362701416e+02 6.1370202637e+02 6.1371899414e+02 6.1375000000e+02 6.1380401611e+02 6.1390301514e+02 6.1402801514e+02 6.1417102051e+02 6.1425701904e+02 6.1423999023e+02 6.1419097900e+02 6.1418499756e+02 6.1417901611e+02 6.1417901611e+02 6.1419000244e+02 6.1426501465e+02 6.1438000488e+02 6.1447198486e+02 6.1450201416e+02 6.1449902344e+02 6.1448901367e+02 6.1450000000e+02 6.1453900146e+02 6.1455102539e+02 6.1455798340e+02 6.1454699707e+02 6.1453100586e+02 6.1457000732e+02 6.1465002441e+02 6.1469702148e+02 6.1468597412e+02 6.1475000000e+02 6.1480902100e+02 6.1480999756e+02
6.1107299805e+02 6.1139300537e+02 6.1166302490e+02 6.1189202881e+02 6.1212200928e+02 6.1233801270e+02 6.1254302979e+02 6.1275402832e+02 6.1294897461e+02 6.1312097168e+02 6.1326397705e+02 6.1338800049e+02 6.1352099609e+02 6.1361700439e+02 6.1366802979e+02 6.1371301270e+02 6.1379101563e+02 6.1390997314e+02 6.1403497314e+02 6.1416400146e+02 6.1422497559e+02 6.1418298340e+02 6.1409997559e+02 6.1408001709e+02 6.1408001709e+02 6.1410198975e+02 6.1413000488e+02 6.1418298340e+02 6.1427001953e+02 6.1435400391e+02 6.1440899658e+02 6.1443298340e+02 6.1442901611e+02 6.1444097900e+02 6.1448297119e+02 6.1448199463e+02 6.1447198486e+02 6.1445098877e+02 6.1444000244e+02 6.1448999023e+02 6.1455902100e+02 6.1460498047e+02 6.1460900879e+02 6.1469201660e+02 6.1476202393e+02 6.1476702881e+02
6.1096099854e+02 6.1126800537e+02 6.1153399658e+02 6.1176702881e+02 6.1200299072e+02 6.1221697998e+02 6.1240100098e+02 6.1260601807e+02 6.1278900146e+02 6.1295202637e+02 6.1309997559e+02 6.1324597168e+02 6.1337097168e+02 6.1347601318e+02 6.1357897949e+02 6.1365502930e+02 6.1375500488e+02 6.1388800049e+02 6.1401501465e+02 6.1410797119e+02 6.1415301514e+02 6.1411102295e+02 6.1403802490e+02 6.1402600098e+02 6.1404302979e+02 6.1409600830e+02 6.1415301514e+02 6.1416400146e+02 6.1419799805e+02 6.1424902344e+02 6.1432098389e+02 6.1437597656e+02 6.1440197754e+02 6.1442999268e+02 6.1447399902e+02 6.1445800781e+02 6.1442102051e+02 6.1437701416e+02 6.1435900879e+02 6.1439001465e+02 6.1444799805e+02 6.1450299072e+02 6.1454101563e+02 6.1462298584e+02 6.1469201660e+02 6.1471099854e+02
6.1085498047e+02 6.1113299561e+02 6.1140197754e+02 6.1165100098e+02 6.1190698242e+02 6.1212799072e+02 6.1228802490e+02 6.1246697998e+02 6.1264801025e+02 6.1280102539e+02 6.1294799805e+02 6.1310400391e+02 6.1321697998e+02 6.1332598877e+02 6.1346398926e+02 6.1357897949e+02 6.1369000244e+02 6.1381701660e+02 6.1392797852e+02 6.1400402832e+02 6.1403100586e+02 6.1399499512e+02 6.1396697998e+02 6.1397601318e+02 6.1401501465e+02 6.1408801270e+02 6.1414001465e+02 6.1415301514e+02 6.1416998291e+02 6.1421301270e+02 6.1429901123e+02 6.1437500000e+02 6.1442498779e+02 6.1445898438e+02 6.1449102783e+02 6.1446697998e+02 6.1439898682e+02 6.1433502197e+02 6.1428997803e+02 6.1430102539e+02 6.1434899902e+02 6.1440197754e+02 6.1445397949e+02 6.1453997803e+02 6.1459100342e+02 6.1459802246e+02
6.1075000000e+02 6.1099798584e+02 6.1126702881e+02 6.1152697754e+02 6.1178497314e+02 6.1201098633e+02 6.1217498779e+02 6.1234698486e+02 6.1252001953e+02 6.1266101074e+02 6.1279400635e+02 6.1295098877e+02 6.1307098389e+02 6.1319299316e+02 6.1335198975e+02 6.1349102783e+02 6.1361602783e+02 6.1374298096e+02 6.1384600830e+02 6.1391998291e+02 6.1394201660e+02 6.1391101074e+02 6.1390698242e+02 6.1392297363e+02 6.1397100830e+02 6.1405700684e+02 6.1412597656e+02 6.1415899658e+02 6.1418402100e+02 6.1422100830e+02 6.1429498291e+02 6.1437799072e+02 6.1442700195e+02 6.1444097900e+02 6.1442401123e+02 6.1436999512e+02 6.1431402588e+02 6.1426397705e+02 6.1422601318e+02 6.1424597168e+02 6.1428100586e+02 6.1431298828e+02 6.1436297607e+02 6.1445300293e+02 6.1450201416e+02 6.1450799561e+02
6.1064300537e+02 6.1085699463e+02 6.1110998535e+02 6.1137097168e+02 6.1162097168e+02 6.1184802246e+02 6.1203002930e+02 6.1221301270e+02 6.1238897705e+02 6.1252697754e+02 6.1265197754e+02 6.1280499268e+02 6.1293402100e+02 6.1306896973e+02 6.1322601318e+02 6.1337902832e+02 6.1353002930e+02 6.1367297363e+02 6.1378198242e+02 6.1386999512e+02 6.1390698242e+02 6.1388598633e+02 6.1388098145e+02 6.1388098145e+02 6.1391101074e+02 6.1399902344e+02 6.1409802246e+02 6.1416601563e+02 6.1420599365e+02 6.1422802734e+02 6.1426702881e+02 6.1432800293e+02 6.1435998535e+02 6.1435101318e+02 6.1429302979e+02 6.1422900391e+02 6.1421301270e+02 6.1419299316e+02 6.1417602539e+02 6.1420397949e+02 6.1422302246e+02 6.1423400879e+02 6.1427301025e+02 6.1436401367e+02 6.1442401123e+02 6.1444396973e+02
6.1055200195e+02 6.1074102783e+02 6.1095098877e+02 6.1119097900e+02 6.1142602539e+02 6.1164801025e+02 6.1184399414e+02 6.1204901123e+02 6.1224401855e+02 6.1239501953e+02 6.1252899170e+02 6.1266601563e+02 6.1279699707e+02 6.1294201660e+02 6.1308898926e+02 6.1325701904e+02 6.1342901611e+02 6.1359100342e+02 6.1372497559e+02 6.1382202148e+02 6.1389898682e+02 6.1392199707e+02 6.1391497803e+02 6.1386297607e+02 6.1385101318e+02 6.1392999268e+02 6.1405499268e+02 6.1415002441e+02 6.1420599365e+02 6.1421697998e+02 6.1420697021e+02 6.1422198486e+02 6.1423602295e+02 6.1422399902e+02 6.1419396973e+02 6.1415502930e+02 6.1416101074e+02 6.1416101074e+02 6.1412799072e+02 6.1413098145e+02 6.1414501953e+02 6.1416302490e+02 6.1420300293e+02 6.1429199219e+02 6.1435400391e+02 6.1439001465e+02
6.1047601318e+02 6.1066198730e+02 6.1085302734e+02 6.1106799316e+02 6.1127398682e+02 6.1147497559e+02 6.1167901611e+02 6.1188897705e+02 6.1208801270e+02 6.1223901367e+02 6.1238098145e+02 6.1253698730e+02 6.1268798828e+02 6.1284600830e+02 6.1298498535e+02 6.1311602783e+02 6.1328497314e+02 6.1349102783e+02 6.1366998291e+02 6.1376599121e+02 6.1385498047e+02 6.1391101074e+02 6.1391802979e+02 6.1385900879e+02 6.1380102539e+02 6.1383599854e+02 6.1395300293e+02 6.1405999756e+02 6.1414501953e+02 6.1418701172e+02 6.1417602539e+02 6.1414202881e+02 6.1412200928e+02 6.1410699463e+02 6.1410198975e+02 6.1409802246e+02 6.1409802246e+02 6.1410101318e+02 6.1407800293e+02 6.1405297852e+02 6.1405798340e+02 6.1407897949e+02 6.1413201904e+02 6.1422802734e+02 6.1427899170e+02 6.1432000732e+02
6.1034899902e+02 6.1055902100e+02 6.1077899170e+02 6.1099200439e+02 6.1118499756e+02 6.1137701416e+02 6.1158599854e+02 6.1180401611e+02 6.1199499512e+02 6.1213397217e+02 6.1227899170e+02 6.1244799805e+02 6.1260699463e+02 6.1276000977e+02 6.1288098145e+02 6.1297698975e+02 6.1314001465e+02 6.1336401367e+02 6.1356799316e+02 6.1367498779e+02 6.1376202393e+02 6.1382299805e+02 6.1384399414e+02 6.1379602051e+02 6.1373101807e+02 6.1373297119e+02 6.1382800293e+02 6.1394201660e+02 6.1404101563e+02 6.1410302734e+02 6.1410699463e+02 6.1404498291e+02 6.1399597168e+02 6.1397601318e+02 6.1398999023e+02 6.1402099609e+02 6.1402197266e+02 6.1401800537e+02 6.1400299072e+02 6.1399798584e+02 6.1400299072e+02 6.1401599121e+02 6.1406701660e+02 6.1415197754e+02 6.1420397949e+02 6.1425500488e+02
6.1019201660e+02 6.1043499756e+02 6.1070001221e+02 6.1093103027e+02 6.1113702393e+02 6.1134197998e+02 6.1156402588e+02 6.1179901123e+02 6.1197302246e+02 6.1209197998e+02 6.1223901367e+02 6.1241302490e+02 6.1255603027e+02 6.1268597412e+02 6.1279998779e+02 6.1288800049e+02 6.1303002930e+02 6.1321997070e+02 6.1341497803e+02 6.1354602051e+02 6.1363897705e+02 6.1370098877e+02 6.1373699951e+02 6.1371801758e+02 6.1367498779e+02 6.1366998291e+02 6.1373602295e+02 6.1382702637e+02 6.1390997314e+02 6.1396301270e+02 6.1396801758e+02 6.1390502930e+02 6.1385198975e+02 6.1383300781e+02 6.1385699463e+02 6.1390997314e+02 6.1391601563e+02 6.1389501953e+02 6.1387701416e+02 6.1390100098e+02 6.1392602539e+02 6.1394799805e+02 6.1400000000e+02 6.1406896973e+02 6.1412097168e+02 6.1418200684e+02
6.1005603027e+02 6.1031597900e+02 6.1060302734e+02 6.1085400391e+02 6.1108801270e+02 6.1131701660e+02 6.1156097412e+02 6.1180902100e+02 6.1197698975e+02 6.1209100342e+02 6.1225897217e+02 6.1243701172e+02 6.1257000732e+02 6.1267401123e+02 6.1276599121e+02 6.1282702637e+02 6.1294000244e+02 6.1310101318e+02 6.1327301025e+02 6.1342102051e+02 6.1352899170e+02 6.1359497070e+02 6.1363800049e+02 6.1363201904e+02 6.1362799072e+02 6.1365100098e+02 6.1370001221e+02 6.1374200439e+02 6.1378100586e+02 6.1379602051e+02 6.1377301025e+02 6.1375000000e+02 6.1372198486e+02 6.1371301270e+02 6.1373297119e+02 6.1377600098e+02 6.1379498291e+02 6.1377697754e+02 6.1376800537e+02 6.1378802490e+02 6.1381799316e+02 6.1386199951e+02 6.1391900635e+02 6.1396801758e+02 6.1401397705e+02 6.1407702637e+02
6.0997497559e+02 6.1018298340e+02 6.1045697021e+02 6.1073498535e+02 6.1099902344e+02 6.1125598145e+02 6.1150402832e+02 6.1175500488e+02 6.1195098877e+02 6.1210601807e+02 6.1228399658e+02 6.1247601318e+02 6.1259399414e+02 6.1266601563e+02 6.1272802734e+02 6.1277001953e+02 6.1285498047e+02 6.1300201416e+02 6.1316998291e+02 6.1333801270e+02 6.1346600342e+02 6.1353002930e+02 6.1355603027e+02 6.1355798340e+02 6.1357501221e+02 6.1360797119e+02 6.1364501953e+02 6.1367602539e+02 6.1369396973e+02 6.1369500732e+02 6.1367401123e+02 6.1365301514e+02 6.1363800049e+02 6.1363299561e+02 6.1364001465e+02 6.1367498779e+02 6.1369396973e+02 6.1368103027e+02 6.1367199707e+02 6.1369598389e+02 6.1372601318e+02 6.1377697754e+02 6.1382702637e+02 6.1384698486e+02 6.1388897705e+02 6.1396502686e+02
6.0994396973e+02 6.1012902832e+02 6.1036798096e+02 6.1063897705e+02 6.1091497803e+02 6.1118298340e+02 6.1141699219e+02 6.1165600586e+02 6.1187701416e+02 6.1207098389e+02 6.1226501465e+02 6.1244897461e+02 6.1253997803e+02 6.1257501221e+02 6.1261700439e+02 6.1267700195e+02 6.1277697754e+02 6.1292797852e+02 6.1309100342e+02 6.1324700928e+02 6.1337799072e+02 6.1345098877e+02 6.1348699951e+02 6.1351800537e+02 6.1353399658e+02 6.1354699707e+02 6.1358099365e+02 6.1360601807e+02 6.1361999512e+02 6.1363000488e+02 6.1362097168e+02 6.1360699463e+02 6.1359899902e+02 6.1358398438e+02 6.1355902100e+02 6.1356597900e+02 6.1358898926e+02 6.1359600830e+02 6.1359100342e+02 6.1360101318e+02 6.1362799072e+02 6.1367401123e+02 6.1370300293e+02 6.1371099854e+02 6.1375299072e+02 6.1384197998e+02
6.0988000488e+02 6.1008398438e+02 6.1031201172e+02 6.1056500244e+02 6.1084002686e+02 6.1110601807e+02 6.1132000732e+02 6.1153399658e+02 6.1176098633e+02 6.1197198486e+02 6.1216601563e+02 6.1233801270e+02 6.1240802002e+02 6.1242102051e+02 6.1245898438e+02 6.1255902100e+02 6.1270300293e+02 6.1287402344e+02 6.1302697754e+02 6.1315802002e+02 6.1328399658e+02 6.1337597656e+02 6.1343798828e+02 6.1350402832e+02 6.1350701904e+02 6.1348199463e+02 6.1350097656e+02 6.1352197266e+02 6.1353997803e+02 6.1355999756e+02 6.1356597900e+02 6.1356402588e+02 6.1356597900e+02 6.1354302979e+02 6.1347698975e+02 6.1343798828e+02 6.1347100830e+02 6.1351300049e+02 6.1352801514e+02 6.1352801514e+02 6.1354699707e+02 6.1357800293e+02 6.1357800293e+02 6.1358001709e+02 6.1361499023e+02 6.1370397949e+02
