TESTSERVER/9/8.asc
NCOLS 100
NROWS 100
XLLCORNER 7.9497500000e+03
YLLCORNER 2.8955025000e+05
CELLSIZE 5.0000000000e-01
NODATA_VALUE -9.9990000000e+03
[rows 0 to 19 of 100, columns 46 to 91 of 100]
5.9836999512e+02 5.9861999512e+02 5.9885498047e+02 5.9909698486e+02 5.9936297607e+02 5.9958099365e+02 5.9977001953e+02 5.9997601318e+02 6.0017901611e+02 6.0039202881e+02 6.0061297607e+02 6.0082299805e+02 6.0099401855e+02 6.0114599609e+02 6.0132702637e+02 6.0156701660e+02 6.0183898926e+02 6.0205999756e+02 6.0222198486e+02 6.0236700439e+02 6.0253997803e+02 6.0276800537e+02 6.0299102783e+02 6.0319500732e+02 6.0337799072e+02 6.0353198242e+02 6.0367199707e+02 6.0379901123e+02 6.0394799805e+02 6.0417700195e+02 6.0443200684e+02 6.0474700928e+02 6.0510198975e+02 6.0530401611e+02 6.0550097656e+02 6.0568200684e+02 6.0585101318e+02 6.0599499512e+02 6.0615899658e+02 6.0631799316e+02 6.0645098877e+02 6.0657702637e+02 6.0673199463e+02 6.0686700439e+02 6.0696899414e+02 6.0705902100e+02
5.9814898682e+02 5.9842901611e+02 5.9866497803e+02 5.9888098145e+02 5.9911798096e+02 5.9931298828e+02 5.9953198242e+02 5.9976800537e+02 5.9995800781e+02 6.0012200928e+02 6.0030700684e+02 6.0051898193e+02 6.0073400879e+02 6.0091802979e+02 6.0110198975e+02 6.0131799316e+02 6.0155999756e+02 6.0178302002e+02 6.0197302246e+02 6.0214599609e+02 6.0229901123e+02 6.0248999023e+02 6.0269396973e+02 6.0288702393e+02 6.0306500244e+02 6.0324499512e+02 6.0341101074e+02 6.0355200195e+02 6.0370001221e+02 6.0391998291e+02 6.0415698242e+02 6.0444000244e+02 6.0474700928e+02 6.0496801758e+02 6.0521002197e+02 6.0543298340e+02 6.0560797119e+02 6.0573498535e+02 6.0587200928e+02 6.0602398682e+02 6.0615399170e+02 6.0625799561e+02 6.0640100098e+02 6.0655499268e+02 6.0668902588e+02 6.0677600098e+02
5.9794500732e+02 5.9827197266e+02 5.9851800537e+02 5.9870697021e+02 5.9889801025e+02 5.9908599854e+02 5.9931500244e+02 5.9956597900e+02 5.9975097656e+02 5.9987402344e+02 6.0003302002e+02 6.0024102783e+02 6.0046997070e+02 6.0066802979e+02 6.0084100342e+02 6.0102600098e+02 6.0123101807e+02 6.0144799805e+02 6.0167401123e+02 6.0188800049e+02 6.0205603027e+02 6.0222698975e+02 6.0242199707e+02 6.0260699463e+02 6.0275799561e+02 6.0292102051e+02 6.0310302734e+02 6.0327398682e+02 6.0342901611e+02 6.0362097168e+02 6.0382598877e+02 6.0406097412e+02 6.0434100342e+02 6.0460797119e+02 6.0489599609e+02 6.0515002441e+02 6.0533001709e+02 6.0545300293e+02 6.0558398438e+02 6.0573699951e+02 6.0586102295e+02 6.0595300293e+02 6.0607702637e+02 6.0622302246e+02 6.0637902832e+02 6.0648797607e+02
5.9775000000e+02 5.9813000488e+02 5.9839202881e+02 5.9855902100e+02 5.9869500732e+02 5.9887097168e+02 5.9909301758e+02 5.9934399414e+02 5.9954699707e+02 5.9967901611e+02 5.9984002686e+02 6.0004797363e+02 6.0025799561e+02 6.0042700195e+02 6.0057800293e+02 6.0073999023e+02 6.0092498779e+02 6.0114501953e+02 6.0137902832e+02 6.0159997559e+02 6.0179400635e+02 6.0197497559e+02 6.0218200684e+02 6.0237500000e+02 6.0249597168e+02 6.0261602783e+02 6.0279400635e+02 6.0298101807e+02 6.0313702393e+02 6.0333197021e+02 6.0354199219e+02 6.0375299072e+02 6.0399401855e+02 6.0429101563e+02 6.0458898926e+02 6.0483502197e+02 6.0500897217e+02 6.0512200928e+02 6.0523901367e+02 6.0539001465e+02 6.0552899170e+02 6.0564099121e+02 6.0575897217e+02 6.0588598633e+02 6.0604199219e+02 6.0617999268e+02
5.9759399414e+02 5.9792498779e+02 5.9819299316e+02 5.9837402344e+02 5.9849902344e+02 5.9866699219e+02 5.9884997559e+02 5.9906201172e+02 5.9928302002e+02 5.9948797607e+02 5.9965997314e+02 5.9985302734e+02 6.0007202148e+02 6.0021197510e+02 6.0033001709e+02 6.0048400879e+02 6.0070300293e+02 6.0092700195e+02 6.0113201904e+02 6.0131701660e+02 6.0151501465e+02 6.0171600342e+02 6.0195202637e+02 6.0217498779e+02 6.0231799316e+02 6.0237500000e+02 6.0251300049e+02 6.0269299316e+02 6.0286297607e+02 6.0308197021e+02 6.0333398438e+02 6.0354998779e+02 6.0374499512e+02 6.0402899170e+02 6.0428802490e+02 6.0449200439e+02 6.0467700195e+02 6.0475598145e+02 6.0482702637e+02 6.0495001221e+02 6.0512298584e+02 6.0529699707e+02 6.0542401123e+02 6.0554101563e+02 6.0568701172e+02 6.0584002686e+02
5.9714599609e+02 5.9742797852e+02 5.9775799561e+02 5.9808898926e+02 5.9835797119e+02 5.9851898193e+02 5.9864300537e+02 5.9880700684e+02 5.9906500244e+02 5.9926300049e+02 5.9940802002e+02 5.9954699707e+02 5.9973797607e+02 5.9992297363e+02 6.0006298828e+02 6.0021502686e+02 6.0042401123e+02 6.0066101074e+02 6.0086499023e+02 6.0103399658e+02 6.0120599365e+02 6.0141497803e+02 6.0165002441e+02 6.0186901855e+02 6.0200500488e+02 6.0207897949e+02 6.0220001221e+02 6.0236700439e+02 6.0252398682e+02 6.0274700928e+02 6.0304901123e+02 6.0331201172e+02 6.0347399902e+02 6.0369500732e+02 6.0390197754e+02 6.0406701660e+02 6.0424200439e+02 6.0436297607e+02 6.0442602539e+02 6.0454302979e+02 6.0476800537e+02 6.0495098877e+02 6.0507202148e+02 6.0517297363e+02 6.0532501221e+02 6.0548602295e+02
5.9654998779e+02 5.9681701660e+02 5.9720898438e+02 5.9766900635e+02 5.9814300537e+02 5.9842102051e+02 5.9854400635e+02 5.9866900635e+02 5.9888897705e+02 5.9908197021e+02 5.9921197510e+02 5.9931597900e+02 5.9945397949e+02 5.9963299561e+02 5.9977697754e+02 5.9992700195e+02 6.0012799072e+02 6.0034698486e+02 6.0054602051e+02 6.0070800781e+02 6.0085699463e+02 6.0103601074e+02 6.0125500488e+02 6.0147900391e+02 6.0165301514e+02 6.0177697754e+02 6.0191400146e+02 6.0206402588e+02 6.0218902588e+02 6.0235900879e+02 6.0264898682e+02 6.0294598389e+02 6.0313702393e+02 6.0328802490e+02 6.0346899414e+02 6.0362097168e+02 6.0377600098e+02 6.0393701172e+02 6.0404400635e+02 6.0419097900e+02 6.0444897461e+02 6.0467901611e+02 6.0479302979e+02 6.0485498047e+02 6.0496600342e+02 6.0512597656e+02
5.9594702148e+02 5.9620098877e+02 5.9660302734e+02 5.9712799072e+02 5.9776000977e+02 5.9820800781e+02 5.9837500000e+02 5.9847998047e+02 5.9865600586e+02 5.9885900879e+02 5.9899597168e+02 5.9909497070e+02 5.9921099854e+02 5.9937097168e+02 5.9950897217e+02 5.9966101074e+02 5.9985198975e+02 6.0002801514e+02 6.0020001221e+02 6.0035198975e+02 6.0048199463e+02 6.0062799072e+02 6.0083801270e+02 6.0108697510e+02 6.0132098389e+02 6.0150598145e+02 6.0166400146e+02 6.0179797363e+02 6.0189801025e+02 6.0201702881e+02 6.0224298096e+02 6.0252099609e+02 6.0275201416e+02 6.0288397217e+02 6.0305200195e+02 6.0320098877e+02 6.0333801270e+02 6.0352398682e+02 6.0366900635e+02 6.0383001709e+02 6.0408398438e+02 6.0435998535e+02 6.0447802734e+02 6.0451300049e+02 6.0459497070e+02 6.0475799561e+02
5.9552801514e+02 5.9568402100e+02 5.9600598145e+02 5.9647198486e+02 5.9702600098e+02 5.9764202881e+02 5.9789801025e+02 5.9802502441e+02 5.9813897705e+02 5.9846899414e+02 5.9865399170e+02 5.9878698730e+02 5.9891497803e+02 5.9905603027e+02 5.9920300293e+02 5.9938800049e+02 5.9958801270e+02 5.9971801758e+02 5.9985900879e+02 5.9999798584e+02 6.0012097168e+02 6.0026397705e+02 6.0046801758e+02 6.0073199463e+02 6.0100598145e+02 6.0122198486e+02 6.0138000488e+02 6.0150299072e+02 6.0160498047e+02 6.0173797607e+02 6.0191400146e+02 6.0214398193e+02 6.0238098145e+02 6.0255102539e+02 6.0271099854e+02 6.0284197998e+02 6.0294897461e+02 6.0311401367e+02 6.0326000977e+02 6.0339898682e+02 6.0352697754e+02 6.0380999756e+02 6.0396301270e+02 6.0404797363e+02 6.0414898682e+02 6.0434197998e+02
5.9543402100e+02 5.9549798584e+02 5.9565899658e+02 5.9595001221e+02 5.9638598633e+02 5.9687200928e+02 5.9721099854e+02 5.9742199707e+02 5.9762799072e+02 5.9787597656e+02 5.9807397461e+02 5.9823699951e+02 5.9842199707e+02 5.9859899902e+02 5.9878698730e+02 5.9901599121e+02 5.9922399902e+02 5.9934002686e+02 5.9948498535e+02 5.9965100098e+02 5.9981097412e+02 5.9996398926e+02 6.0014801025e+02 6.0037500000e+02 6.0063702393e+02 6.0083697510e+02 6.0099798584e+02 6.0114898682e+02 6.0131500244e+02 6.0146997070e+02 6.0163397217e+02 6.0181896973e+02 6.0203002930e+02 6.0219799805e+02 6.0235998535e+02 6.0248498535e+02 6.0260797119e+02 6.0272698975e+02 6.0285601807e+02 6.0300299072e+02 6.0315899658e+02 6.0332202148e+02 6.0348297119e+02 6.0362597656e+02 6.0378302002e+02 6.0395300293e+02
5.9550500488e+02 5.9554199219e+02 5.9560198975e+02 5.9574798584e+02 5.9600500488e+02 5.9639898682e+02 5.9674798584e+02 5.9702197266e+02 5.9728900146e+02 5.9751397705e+02 5.9770501709e+02 5.9790197754e+02 5.9814398193e+02 5.9834197998e+02 5.9852502441e+02 5.9873602295e+02 5.9894000244e+02 5.9906701660e+02 5.9922601318e+02 5.9940997314e+02 5.9960797119e+02 5.9980401611e+02 5.9998999023e+02 6.0018200684e+02 6.0040100098e+02 6.0058898926e+02 6.0076098633e+02 6.0093597412e+02 6.0112701416e+02 6.0130499268e+02 6.0147100830e+02 6.0163098145e+02 6.0179901123e+02 6.0195800781e+02 6.0212402344e+02 6.0226397705e+02 6.0241497803e+02 6.0256402588e+02 6.0270397949e+02 6.0285302734e+02 6.0300598145e+02 6.0314001465e+02 6.0329101563e+02 6.0344598389e+02 6.0360400391e+02 6.0376300049e+02
5.9563000488e+02 5.9568402100e+02 5.9570202637e+02 5.9575598145e+02 5.9589202881e+02 5.9620898438e+02 5.9654101563e+02 5.9686102295e+02 5.9718103027e+02 5.9740600586e+02 5.9759802246e+02 5.9781701660e+02 5.9808697510e+02 5.9828497314e+02 5.9843798828e+02 5.9861798096e+02 5.9881597900e+02 5.9897497559e+02 5.9915399170e+02 5.9934698486e+02 5.9954602051e+02 5.9977502441e+02 5.9997100830e+02 6.0014300537e+02 6.0032501221e+02 6.0051599121e+02 6.0069897461e+02 6.0088098145e+02 6.0106298828e+02 6.0125097656e+02 6.0142297363e+02 6.0157800293e+02 6.0172698975e+02 6.0187799072e+02 6.0204101563e+02 6.0219702148e+02 6.0235900879e+02 6.0252697754e+02 6.0268402100e+02 6.0283697510e+02 6.0297302246e+02 6.0310400391e+02 6.0325598145e+02 6.0341302490e+02 6.0355902100e+02 6.0371697998e+02
5.9569799805e+02 5.9578698730e+02 5.9582598877e+02 5.9585998535e+02 5.9592297363e+02 5.9614898682e+02 5.9648199463e+02 5.9684997559e+02 5.9718499756e+02 5.9742999268e+02 5.9762597656e+02 5.9784301758e+02 5.9808697510e+02 5.9826898193e+02 5.9841497803e+02 5.9858099365e+02 5.9877697754e+02 5.9898101807e+02 5.9917297363e+02 5.9937200928e+02 5.9956201172e+02 5.9978302002e+02 5.9998101807e+02 6.0014599609e+02 6.0030499268e+02 6.0051202393e+02 6.0070599365e+02 6.0089398193e+02 6.0106799316e+02 6.0123901367e+02 6.0140899658e+02 6.0157202148e+02 6.0172497559e+02 6.0186499023e+02 6.0201599121e+02 6.0216101074e+02 6.0231597900e+02 6.0247100830e+02 6.0262701416e+02 6.0277899170e+02 6.0290301514e+02 6.0305603027e+02 6.0321697998e+02 6.0337500000e+02 6.0352301025e+02 6.0368200684e+02
5.9579797363e+02 5.9584600830e+02 5.9589099121e+02 5.9593701172e+02 5.9597802734e+02 5.9616101074e+02 5.9653399658e+02 5.9694500732e+02 5.9725598145e+02 5.9750799561e+02 5.9770001221e+02 5.9787597656e+02 5.9810101318e+02 5.9828997803e+02 5.9846197510e+02 5.9864599609e+02 5.9887200928e+02 5.9905999756e+02 5.9924700928e+02 5.9945397949e+02 5.9965899658e+02 5.9985498047e+02 6.0004199219e+02 6.0020800781e+02 6.0039202881e+02 6.0057202148e+02 6.0075201416e+02 6.0092700195e+02 6.0108001709e+02 6.0123101807e+02 6.0138201904e+02 6.0152600098e+02 6.0167297363e+02 6.0186102295e+02 6.0202697754e+02 6.0215899658e+02 6.0231500244e+02 6.0246002197e+02 6.0260198975e+02 6.0273699951e+02 6.0290197754e+02 6.0303698730e+02 6.0318701172e+02 6.0334197998e+02 6.0349298096e+02 6.0364099121e+02
5.9590600586e+02 5.9592602539e+02 5.9596301270e+02 5.9600500488e+02 5.9604797363e+02 5.9622399902e+02 5.9660400391e+02 5.9703302002e+02 5.9734197998e+02 5.9761102295e+02 5.9781298828e+02 5.9798199463e+02 5.9819396973e+02 5.9839300537e+02 5.9856597900e+02 5.9876501465e+02 5.9899401855e+02 5.9918103027e+02 5.9937402344e+02 5.9958599854e+02 5.9980401611e+02 6.0001800537e+02 6.0020397949e+02 6.0037298584e+02 6.0054602051e+02 6.0070800781e+02 6.0086102295e+02 6.0099902344e+02 6.0111700439e+02 6.0130200195e+02 6.0145501709e+02 6.0158197021e+02 6.0171502686e+02 6.0194201660e+02 6.0212097168e+02 6.0225799561e+02 6.0240399170e+02 6.0255999756e+02 6.0266802979e+02 6.0275097656e+02 6.0288897705e+02 6.0304602051e+02 6.0321502686e+02 6.0338000488e+02 6.0352301025e+02 6.0368798828e+02
5.9600799561e+02 5.9601300049e+02 5.9603900146e+02 5.9607098389e+02 5.9611602783e+02 5.9627398682e+02 5.9661297607e+02 5.9701599121e+02 5.9731896973e+02 5.9758697510e+02 5.9780999756e+02 5.9799700928e+02 5.9820202637e+02 5.9837701416e+02 5.9851898193e+02 5.9870300293e+02 5.9893597412e+02 5.9914501953e+02 5.9935101318e+02 5.9956799316e+02 5.9979199219e+02 6.0001098633e+02 6.0018701172e+02 6.0034301758e+02 6.0048901367e+02 6.0066601563e+02 6.0083898926e+02 6.0097399902e+02 6.0108300781e+02 6.0128900146e+02 6.0145898438e+02 6.0161401367e+02 6.0176800537e+02 6.0196697998e+02 6.0208502197e+02 6.0218798828e+02 6.0232897949e+02 6.0247497559e+02 6.0252899170e+02 6.0254998779e+02 6.0264501953e+02 6.0284600830e+02 6.0307501221e+02 6.0328302002e+02 6.0344396973e+02 6.0361901855e+02
5.9614801025e+02 5.9613201904e+02 5.9611297607e+02 5.9612097168e+02 5.9615301514e+02 5.9623602295e+02 5.9647302246e+02 5.9678399658e+02 5.9710797119e+02 5.9730999756e+02 5.9751702881e+02 5.9769201660e+02 5.9786999512e+02 5.9806298828e+02 5.9815997314e+02 5.9828399658e+02 5.9844000244e+02 5.9877398682e+02 5.9899200439e+02 5.9919897461e+02 5.9938201904e+02 5.9954797363e+02 5.9966400146e+02 5.9979498291e+02 5.9989099121e+02 6.0018798828e+02 6.0045202637e+02 6.0065698242e+02 6.0071002197e+02 6.0085699463e+02 6.0104498291e+02 6.0131097412e+02 6.0147698975e+02 6.0157397461e+02 6.0156896973e+02 6.0161401367e+02 6.0169097900e+02 6.0184698486e+02 6.0185601807e+02 6.0187902832e+02 6.0194799805e+02 6.0225799561e+02 6.0256597900e+02 6.0285101318e+02 6.0299401855e+02 6.0315802002e+02
5.9603997803e+02 5.9626397705e+02 5.9624700928e+02 5.9618597412e+02 5.9620001221e+02 5.9622998047e+02 5.9628100586e+02 5.9630603027e+02 5.9652099609e+02 5.9677502441e+02 5.9694000244e+02 5.9704302979e+02 5.9717498779e+02 5.9738201904e+02 5.9753302002e+02 5.9767999268e+02 5.9788598633e+02 5.9819799805e+02 5.9842700195e+02 5.9858197021e+02 5.9869799805e+02 5.9878100586e+02 5.9893798828e+02 5.9913299561e+02 5.9934899902e+02 5.9953802490e+02 5.9973797607e+02 5.9991802979e+02 6.0000701904e+02 5.9999597168e+02 6.0012799072e+02 6.0034802246e+02 6.0061999512e+02 6.0075799561e+02 6.0072998047e+02 6.0076098633e+02 6.0091601563e+02 6.0100402832e+02 6.0107202148e+02 6.0116101074e+02 6.0132299805e+02 6.0154400635e+02 6.0179699707e+02 6.0203002930e+02 6.0215899658e+02 6.0224298096e+02
5.9564001465e+02 5.9622998047e+02 5.9634497070e+02 5.9625701904e+02 5.9626300049e+02 5.9631799316e+02 5.9621002197e+02 5.9586999512e+02 5.9580297852e+02 5.9606298828e+02 5.9620001221e+02 5.9628900146e+02 5.9642602539e+02 5.9663397217e+02 5.9685400391e+02 5.9711102295e+02 5.9741998291e+02 5.9773602295e+02 5.9797302246e+02 5.9811401367e+02 5.9820599365e+02 5.9836297607e+02 5.9860601807e+02 5.9884997559e+02 5.9907299805e+02 5.9923199463e+02 5.9935998535e+02 5.9948901367e+02 5.9962298584e+02 5.9969097900e+02 5.9979901123e+02 5.9993701172e+02 6.0010302734e+02 6.0021002197e+02 6.0018200684e+02 6.0021197510e+02 6.0036602783e+02 6.0049902344e+02 6.0066802979e+02 6.0083697510e+02 6.0095397949e+02 6.0103601074e+02 6.0119097900e+02 6.0134301758e+02 6.0139801025e+02 6.0149298096e+02
5.9515301514e+02 5.9614398193e+02 5.9642700195e+02 5.9633898926e+02 5.9631896973e+02 5.9643200684e+02 5.9628002930e+02 5.9566302490e+02 5.9521099854e+02 5.9543701172e+02 5.9559600830e+02 5.9574200439e+02 5.9593402100e+02 5.9615399170e+02 5.9644702148e+02 5.9681402588e+02 5.9722497559e+02 5.9755798340e+02 5.9779797363e+02 5.9792901611e+02 5.9801000977e+02 5.9826202393e+02 5.9858099365e+02 5.9884698486e+02 5.9903002930e+02 5.9923199463e+02 5.9937200928e+02 5.9949902344e+02 5.9966699219e+02 5.9980798340e+02 5.9991302490e+02 5.9999102783e+02 6.0000500488e+02 6.0007397461e+02 6.0005700684e+02 6.0007000732e+02 6.0014300537e+02 6.0031402588e+02 6.0058502197e+02 6.0081896973e+02 6.0086199951e+02 6.0082897949e+02 6.0091400146e+02 6.0100598145e+02 6.0102697754e+02 6.0125402832e+02
