TESTSERVER/9/8.asc
NCOLS 100
NROWS 100
XLLCORNER 7.9497500000e+03
YLLCORNER 2.8955025000e+05
CELLSIZE 5.0000000000e-01
NODATA_VALUE -9.9990000000e+03
[rows 60 to 79 of 100, columns 0 to 45 of 100]
5.7298699951e+02 5.7292901611e+02 5.7304400635e+02 5.7353900146e+02 5.7438800049e+02 5.7541101074e+02 5.7635400391e+02 5.7741699219e+02 5.7845098877e+02 5.7928399658e+02 5.7990502930e+02 5.8061901855e+02 5.8138397217e+02 5.8194598389e+02 5.8229602051e+02 5.8290197754e+02 5.8374102783e+02 5.8461602783e+02 5.8530798340e+02 5.8602600098e+02 5.8739398193e+02 5.8896398926e+02 5.8990899658e+02 5.8994702148e+02 5.9042901611e+02 5.9103802490e+02 5.9140899658e+02 5.9168103027e+02 5.9201202393e+02 5.9241601563e+02 5.9279101563e+02 5.9314300537e+02 5.9354797363e+02 5.9390301514e+02 5.9415197754e+02 5.9435400391e+02 5.9459899902e+02 5.9483197021e+02 5.9503198242e+02 5.9523901367e+02 5.9553198242e+02 5.9590301514e+02 5.9629797363e+02 5.9655700684e+02 5.9671801758e+02 5.9691101074e+02
5.7277001953e+02 5.7274102783e+02 5.7287200928e+02 5.7321002197e+02 5.7383502197e+02 5.7473699951e+02 5.7574102783e+02 5.7700097656e+02 5.7821301270e+02 5.7921197510e+02 5.8003198242e+02 5.8084100342e+02 5.8157897949e+02 5.8215600586e+02 5.8258801270e+02 5.8322497559e+02 5.8401300049e+02 5.8476800537e+02 5.8543798828e+02 5.8611499023e+02 5.8731500244e+02 5.8888098145e+02 5.8993402100e+02 5.9019097900e+02 5.9075598145e+02 5.9125701904e+02 5.9145300293e+02 5.9163702393e+02 5.9202001953e+02 5.9250799561e+02 5.9294000244e+02 5.9338800049e+02 5.9380102539e+02 5.9408300781e+02 5.9425000000e+02 5.9440100098e+02 5.9458398438e+02 5.9478302002e+02 5.9499902344e+02 5.9525701904e+02 5.9558599854e+02 5.9593701172e+02 5.9623101807e+02 5.9641900635e+02 5.9661199951e+02 5.9688702393e+02
5.7271600342e+02 5.7270501709e+02 5.7283599854e+02 5.7307397461e+02 5.7350201416e+02 5.7419396973e+02 5.7513201904e+02 5.7646197510e+02 5.7778497314e+02 5.7898498535e+02 5.8003399658e+02 5.8104797363e+02 5.8188598633e+02 5.8249200439e+02 5.8301202393e+02 5.8369702148e+02 5.8436102295e+02 5.8496600342e+02 5.8555902100e+02 5.8619500732e+02 5.8726702881e+02 5.8871997070e+02 5.8979797363e+02 5.9033197021e+02 5.9104302979e+02 5.9149700928e+02 5.9169396973e+02 5.9185198975e+02 5.9216900635e+02 5.9263098145e+02 5.9309899902e+02 5.9359600830e+02 5.9393902588e+02 5.9412902832e+02 5.9429602051e+02 5.9447900391e+02 5.9465698242e+02 5.9482000732e+02 5.9502099609e+02 5.9530401611e+02 5.9564001465e+02 5.9594799805e+02 5.9614202881e+02 5.9629602051e+02 5.9656097412e+02 5.9691802979e+02
5.7272399902e+02 5.7272198486e+02 5.7284301758e+02 5.7310302734e+02 5.7346502686e+02 5.7400201416e+02 5.7475097656e+02 5.7592700195e+02 5.7719299316e+02 5.7850299072e+02 5.7982202148e+02 5.8123101807e+02 5.8227001953e+02 5.8289801025e+02 5.8343402100e+02 5.8412402344e+02 5.8466400146e+02 5.8514898682e+02 5.8565399170e+02 5.8624298096e+02 5.8719299316e+02 5.8849102783e+02 5.8955798340e+02 5.9020397949e+02 5.9101300049e+02 5.9150701904e+02 5.9182202148e+02 5.9198901367e+02 5.9221099854e+02 5.9260601807e+02 5.9310699463e+02 5.9360198975e+02 5.9390100098e+02 5.9409301758e+02 5.9436102295e+02 5.9460498047e+02 5.9480200195e+02 5.9495697021e+02 5.9512500000e+02 5.9537200928e+02 5.9566497803e+02 5.9591302490e+02 5.9605499268e+02 5.9624499512e+02 5.9656896973e+02 5.9695397949e+02
5.7270098877e+02 5.7269897461e+02 5.7283502197e+02 5.7326898193e+02 5.7372198486e+02 5.7419396973e+02 5.7471301270e+02 5.7549499512e+02 5.7648999023e+02 5.7774597168e+02 5.7925299072e+02 5.8140600586e+02 5.8267297363e+02 5.8327899170e+02 5.8394201660e+02 5.8453399658e+02 5.8491699219e+02 5.8528802490e+02 5.8581799316e+02 5.8648602295e+02 5.8730999756e+02 5.8832897949e+02 5.8932598877e+02 5.9015802002e+02 5.9091497803e+02 5.9142498779e+02 5.9176202393e+02 5.9195599365e+02 5.9216699219e+02 5.9249798584e+02 5.9298498535e+02 5.9347399902e+02 5.9380401611e+02 5.9408898926e+02 5.9448699951e+02 5.9472998047e+02 5.9492797852e+02 5.9510498047e+02 5.9528399658e+02 5.9545202637e+02 5.9565600586e+02 5.9583197021e+02 5.9598602295e+02 5.9628399658e+02 5.9662097168e+02 5.9695397949e+02
5.7261700439e+02 5.7268597412e+02 5.7293902588e+02 5.7339501953e+02 5.7393499756e+02 5.7446801758e+02 5.7494097900e+02 5.7547698975e+02 5.7617498779e+02 5.7728601074e+02 5.7898602295e+02 5.8142297363e+02 5.8290197754e+02 5.8354302979e+02 5.8414398193e+02 5.8473602295e+02 5.8507598877e+02 5.8540600586e+02 5.8609301758e+02 5.8700500488e+02 5.8767102051e+02 5.8836199951e+02 5.8923199463e+02 5.9004998779e+02 5.9070397949e+02 5.9120098877e+02 5.9157299805e+02 5.9196002197e+02 5.9229998779e+02 5.9255603027e+02 5.9293798828e+02 5.9347100830e+02 5.9377099609e+02 5.9400598145e+02 5.9437298584e+02 5.9471600342e+02 5.9497998047e+02 5.9515100098e+02 5.9529602051e+02 5.9544799805e+02 5.9557202148e+02 5.9571002197e+02 5.9593798828e+02 5.9632800293e+02 5.9664599609e+02 5.9690997314e+02
5.7252697754e+02 5.7261297607e+02 5.7288299561e+02 5.7339001465e+02 5.7411602783e+02 5.7486700439e+02 5.7542602539e+02 5.7584899902e+02 5.7643200684e+02 5.7742498779e+02 5.7907299805e+02 5.8145001221e+02 5.8298400879e+02 5.8366198730e+02 5.8414099121e+02 5.8474798584e+02 5.8521997070e+02 5.8569299316e+02 5.8648199463e+02 5.8741802979e+02 5.8799700928e+02 5.8852697754e+02 5.8924597168e+02 5.8994897461e+02 5.9053997803e+02 5.9103497314e+02 5.9147302246e+02 5.9201098633e+02 5.9245300293e+02 5.9269598389e+02 5.9299298096e+02 5.9348101807e+02 5.9370300293e+02 5.9387200928e+02 5.9421600342e+02 5.9463098145e+02 5.9495898438e+02 5.9514202881e+02 5.9527801514e+02 5.9539501953e+02 5.9547100830e+02 5.9561499023e+02 5.9592102051e+02 5.9633398438e+02 5.9661199951e+02 5.9682897949e+02
5.7245098877e+02 5.7247698975e+02 5.7265600586e+02 5.7326000977e+02 5.7425201416e+02 5.7530999756e+02 5.7602398682e+02 5.7648400879e+02 5.7709698486e+02 5.7803100586e+02 5.7956201172e+02 5.8164501953e+02 5.8303997803e+02 5.8370697021e+02 5.8412402344e+02 5.8478900146e+02 5.8549798584e+02 5.8620697021e+02 5.8695697021e+02 5.8768597412e+02 5.8821002197e+02 5.8870800781e+02 5.8936798096e+02 5.8995098877e+02 5.9046301270e+02 5.9093499756e+02 5.9141400146e+02 5.9194799805e+02 5.9238201904e+02 5.9264599609e+02 5.9297100830e+02 5.9340698242e+02 5.9361602783e+02 5.9380499268e+02 5.9415698242e+02 5.9455200195e+02 5.9489300537e+02 5.9509197998e+02 5.9522497559e+02 5.9531298828e+02 5.9539801025e+02 5.9560302734e+02 5.9596099854e+02 5.9633898926e+02 5.9658001709e+02 5.9676599121e+02
5.7240899658e+02 5.7239001465e+02 5.7244598389e+02 5.7311602783e+02 5.7437402344e+02 5.7577801514e+02 5.7698498535e+02 5.7743902588e+02 5.7820800781e+02 5.7908398438e+02 5.8039202881e+02 5.8191198730e+02 5.8300299072e+02 5.8369299316e+02 5.8421697998e+02 5.8491302490e+02 5.8582501221e+02 5.8669897461e+02 5.8740802002e+02 5.8782397461e+02 5.8829699707e+02 5.8882800293e+02 5.8942901611e+02 5.8993499756e+02 5.9036401367e+02 5.9079699707e+02 5.9127899170e+02 5.9169299316e+02 5.9205798340e+02 5.9243103027e+02 5.9284002686e+02 5.9322302246e+02 5.9354400635e+02 5.9386700439e+02 5.9423699951e+02 5.9454797363e+02 5.9484100342e+02 5.9503497314e+02 5.9515002441e+02 5.9521899414e+02 5.9538098145e+02 5.9567700195e+02 5.9604302979e+02 5.9636102295e+02 5.9659197998e+02 5.9676501465e+02
5.7239099121e+02 5.7241900635e+02 5.7249700928e+02 5.7302801514e+02 5.7420397949e+02 5.7567498779e+02 5.7687402344e+02 5.7799102783e+02 5.7916302490e+02 5.8024902344e+02 5.8123901367e+02 5.8228497314e+02 5.8305297852e+02 5.8359899902e+02 5.8411499023e+02 5.8497497559e+02 5.8584399414e+02 5.8662701416e+02 5.8730401611e+02 5.8781298828e+02 5.8832397461e+02 5.8883801270e+02 5.8942901611e+02 5.8994702148e+02 5.9031799316e+02 5.9072399902e+02 5.9129400635e+02 5.9171197510e+02 5.9202899170e+02 5.9246899414e+02 5.9289599609e+02 5.9318402100e+02 5.9353002930e+02 5.9392199707e+02 5.9426599121e+02 5.9455700684e+02 5.9479998779e+02 5.9493499756e+02 5.9502301025e+02 5.9512799072e+02 5.9538000488e+02 5.9574102783e+02 5.9607397461e+02 5.9635900879e+02 5.9657598877e+02 5.9674401855e+02
5.7239501953e+02 5.7243402100e+02 5.7250402832e+02 5.7278698730e+02 5.7362701416e+02 5.7485198975e+02 5.7610601807e+02 5.7755700684e+02 5.7907598877e+02 5.8046997070e+02 5.8164801025e+02 5.8251300049e+02 5.8311700439e+02 5.8355700684e+02 5.8403399658e+02 5.8474401855e+02 5.8543798828e+02 5.8613000488e+02 5.8686798096e+02 5.8761499023e+02 5.8824902344e+02 5.8878802490e+02 5.8938299561e+02 5.8995697021e+02 5.9030999756e+02 5.9065600586e+02 5.9117999268e+02 5.9163598633e+02 5.9196099854e+02 5.9240899658e+02 5.9291302490e+02 5.9322302246e+02 5.9356701660e+02 5.9394799805e+02 5.9422399902e+02 5.9447100830e+02 5.9468499756e+02 5.9480700684e+02 5.9488598633e+02 5.9504998779e+02 5.9536901855e+02 5.9573101807e+02 5.9601800537e+02 5.9627398682e+02 5.9650598145e+02 5.9671398926e+02
5.7241497803e+02 5.7243200684e+02 5.7245898438e+02 5.7253997803e+02 5.7305902100e+02 5.7401397705e+02 5.7526599121e+02 5.7684002686e+02 5.7847998047e+02 5.8002099609e+02 5.8149401855e+02 5.8243798828e+02 5.8303002930e+02 5.8348901367e+02 5.8399902344e+02 5.8459698486e+02 5.8518701172e+02 5.8583099365e+02 5.8653802490e+02 5.8740399170e+02 5.8814801025e+02 5.8872100830e+02 5.8926501465e+02 5.8985797119e+02 5.9022900391e+02 5.9050897217e+02 5.9091699219e+02 5.9139501953e+02 5.9176000977e+02 5.9221600342e+02 5.9278302002e+02 5.9317797852e+02 5.9356701660e+02 5.9394299316e+02 5.9415899658e+02 5.9434997559e+02 5.9453698730e+02 5.9466998291e+02 5.9476501465e+02 5.9501702881e+02 5.9538702393e+02 5.9572198486e+02 5.9596301270e+02 5.9619598389e+02 5.9645697021e+02 5.9672601318e+02
5.7245800781e+02 5.7237902832e+02 5.7232702637e+02 5.7254602051e+02 5.7305499268e+02 5.7395800781e+02 5.7521899414e+02 5.7662200928e+02 5.7811602783e+02 5.7952301025e+02 5.8084899902e+02 5.8210198975e+02 5.8284997559e+02 5.8338897705e+02 5.8399298096e+02 5.8455401611e+02 5.8512200928e+02 5.8578399658e+02 5.8650799561e+02 5.8728900146e+02 5.8805902100e+02 5.8866998291e+02 5.8917602539e+02 5.8970397949e+02 5.9011102295e+02 5.9039099121e+02 5.9071002197e+02 5.9114599609e+02 5.9156799316e+02 5.9203900146e+02 5.9255200195e+02 5.9298199463e+02 5.9342700195e+02 5.9384002686e+02 5.9408099365e+02 5.9424298096e+02 5.9439202881e+02 5.9451300049e+02 5.9468298340e+02 5.9501501465e+02 5.9540600586e+02 5.9573400879e+02 5.9598101807e+02 5.9620898438e+02 5.9649102783e+02 5.9679998779e+02
5.7240100098e+02 5.7229699707e+02 5.7245599365e+02 5.7300299072e+02 5.7392297363e+02 5.7511901855e+02 5.7641101074e+02 5.7767297363e+02 5.7875500488e+02 5.7967901611e+02 5.8068902588e+02 5.8184100342e+02 5.8258599854e+02 5.8316198730e+02 5.8385601807e+02 5.8452502441e+02 5.8508001709e+02 5.8569201660e+02 5.8638500977e+02 5.8712200928e+02 5.8781500244e+02 5.8846099854e+02 5.8901800537e+02 5.8957098389e+02 5.9001397705e+02 5.9032299805e+02 5.9062298584e+02 5.9101300049e+02 5.9147497559e+02 5.9196801758e+02 5.9246398926e+02 5.9277197266e+02 5.9315100098e+02 5.9358099365e+02 5.9390399170e+02 5.9411199951e+02 5.9425201416e+02 5.9435998535e+02 5.9460900879e+02 5.9501501465e+02 5.9541900635e+02 5.9575701904e+02 5.9601397705e+02 5.9627301025e+02 5.9656500244e+02 5.9687200928e+02
5.7225799561e+02 5.7233099365e+02 5.7278601074e+02 5.7366601563e+02 5.7487200928e+02 5.7617700195e+02 5.7739202881e+02 5.7840802002e+02 5.7917602539e+02 5.7980200195e+02 5.8057202148e+02 5.8149298096e+02 5.8215197754e+02 5.8277197266e+02 5.8357800293e+02 5.8438201904e+02 5.8494799805e+02 5.8548999023e+02 5.8609899902e+02 5.8669598389e+02 5.8729498291e+02 5.8798797607e+02 5.8871398926e+02 5.8939001465e+02 5.8993499756e+02 5.9029797363e+02 5.9061499023e+02 5.9107000732e+02 5.9153302002e+02 5.9195800781e+02 5.9238098145e+02 5.9268902588e+02 5.9304998779e+02 5.9342999268e+02 5.9371600342e+02 5.9396997070e+02 5.9412402344e+02 5.9424798584e+02 5.9455902100e+02 5.9500598145e+02 5.9542199707e+02 5.9576599121e+02 5.9604901123e+02 5.9634899902e+02 5.9663702393e+02 5.9690502930e+02
5.7205401611e+02 5.7228900146e+02 5.7301599121e+02 5.7415301514e+02 5.7548498535e+02 5.7671502686e+02 5.7772198486e+02 5.7850097656e+02 5.7908898926e+02 5.7962902832e+02 5.8038800049e+02 5.8110601807e+02 5.8161901855e+02 5.8219396973e+02 5.8305798340e+02 5.8390197754e+02 5.8444299316e+02 5.8494201660e+02 5.8552001953e+02 5.8600897217e+02 5.8656799316e+02 5.8735900879e+02 5.8831201172e+02 5.8915100098e+02 5.8982800293e+02 5.9025402832e+02 5.9061999512e+02 5.9122802734e+02 5.9167797852e+02 5.9198797607e+02 5.9230798340e+02 5.9269097900e+02 5.9306896973e+02 5.9336999512e+02 5.9356597900e+02 5.9381896973e+02 5.9396997070e+02 5.9412402344e+02 5.9451202393e+02 5.9497601318e+02 5.9537097168e+02 5.9571002197e+02 5.9604699707e+02 5.9641101074e+02 5.9670898438e+02 5.9694299316e+02
5.7179797363e+02 5.7196899414e+02 5.7272497559e+02 5.7431402588e+02 5.7557299805e+02 5.7659100342e+02 5.7736401367e+02 5.7796502686e+02 5.7851000977e+02 5.7914599609e+02 5.7994299316e+02 5.8053002930e+02 5.8091101074e+02 5.8140399170e+02 5.8221301270e+02 5.8296301270e+02 5.8346502686e+02 5.8397998047e+02 5.8459497070e+02 5.8519299316e+02 5.8584100342e+02 5.8677197266e+02 5.8794396973e+02 5.8895397949e+02 5.8968597412e+02 5.9006799316e+02 5.9056298828e+02 5.9131500244e+02 5.9166998291e+02 5.9189001465e+02 5.9223101807e+02 5.9267102051e+02 5.9304797363e+02 5.9330297852e+02 5.9348999023e+02 5.9368902588e+02 5.9380297852e+02 5.9400897217e+02 5.9449798584e+02 5.9495001221e+02 5.9529699707e+02 5.9562298584e+02 5.9602502441e+02 5.9643597412e+02 5.9676702881e+02 5.9700402832e+02
5.7163299561e+02 5.7184497070e+02 5.7274401855e+02 5.7424102783e+02 5.7535900879e+02 5.7621697998e+02 5.7689398193e+02 5.7735699463e+02 5.7782598877e+02 5.7839001465e+02 5.7908099365e+02 5.7956701660e+02 5.7985101318e+02 5.8022601318e+02 5.8091601563e+02 5.8165197754e+02 5.8224298096e+02 5.8289501953e+02 5.8371301270e+02 5.8440002441e+02 5.8502099609e+02 5.8584997559e+02 5.8700201416e+02 5.8850402832e+02 5.8946600342e+02 5.8993200684e+02 5.9047399902e+02 5.9126397705e+02 5.9157397461e+02 5.9179400635e+02 5.9214300537e+02 5.9259497070e+02 5.9293402100e+02 5.9316802979e+02 5.9337902832e+02 5.9355798340e+02 5.9366998291e+02 5.9392199707e+02 5.9438598633e+02 5.9484197998e+02 5.9522100830e+02 5.9559100342e+02 5.9598797607e+02 5.9642602539e+02 5.9678900146e+02 5.9701800537e+02
5.7154101563e+02 5.7181500244e+02 5.7264398193e+02 5.7388098145e+02 5.7485797119e+02 5.7560400391e+02 5.7620202637e+02 5.7663598633e+02 5.7704101563e+02 5.7752600098e+02 5.7810998535e+02 5.7852197266e+02 5.7878302002e+02 5.7912902832e+02 5.7977197266e+02 5.8048901367e+02 5.8116497803e+02 5.8198101807e+02 5.8298101807e+02 5.8368402100e+02 5.8419000244e+02 5.8480798340e+02 5.8569000244e+02 5.8707501221e+02 5.8815301514e+02 5.8890301514e+02 5.8976599121e+02 5.9066998291e+02 5.9122497559e+02 5.9170202637e+02 5.9208801270e+02 5.9247998047e+02 5.9279901123e+02 5.9303002930e+02 5.9326397705e+02 5.9342498779e+02 5.9359997559e+02 5.9393103027e+02 5.9432702637e+02 5.9471398926e+02 5.9511798096e+02 5.9553002930e+02 5.9592401123e+02 5.9635797119e+02 5.9673101807e+02 5.9695800781e+02
5.7140100098e+02 5.7162097168e+02 5.7226202393e+02 5.7327398682e+02 5.7411602783e+02 5.7479498291e+02 5.7535302734e+02 5.7581402588e+02 5.7624597168e+02 5.7673199463e+02 5.7726202393e+02 5.7764001465e+02 5.7793597412e+02 5.7832897949e+02 5.7897399902e+02 5.7966400146e+02 5.8037701416e+02 5.8127301025e+02 5.8234301758e+02 5.8309197998e+02 5.8357202148e+02 5.8405200195e+02 5.8466900635e+02 5.8559002686e+02 5.8650500488e+02 5.8740100098e+02 5.8859301758e+02 5.8963702393e+02 5.9055700684e+02 5.9150402832e+02 5.9211499023e+02 5.9241699219e+02 5.9272100830e+02 5.9295599365e+02 5.9316900635e+02 5.9328601074e+02 5.9354199219e+02 5.9398797607e+02 5.9437799072e+02 5.9470501709e+02 5.9509197998e+02 5.9549200439e+02 5.9585998535e+02 5.9625799561e+02 5.9660198975e+02 5.9682598877e+02
