TESTSERVER/9/8.asc
NCOLS 100
NROWS 100
XLLCORNER 7.9497500000e+03
YLLCORNER 2.8955025000e+05
CELLSIZE 5.0000000000e-01
NODATA_VALUE -9.9990000000e+03
[rows 60 to 79 of 100, columns 46 to 91 of 100]
5.9721301270e+02 5.9755499268e+02 5.9794396973e+02 5.9838500977e+02 5.9888500977e+02 5.9921301270e+02 5.9932299805e+02 5.9933502197e+02 5.9936102295e+02 5.9939202881e+02 5.9932202148e+02 5.9945501709e+02 6.0014099121e+02 6.0088598633e+02 6.0144299316e+02 6.0177801514e+02 6.0199102783e+02 6.0219702148e+02 6.0240899658e+02 6.0266497803e+02 6.0307897949e+02 6.0373498535e+02 6.0417901611e+02 6.0436700439e+02 6.0440802002e+02 6.0441699219e+02 6.0442297363e+02 6.0441101074e+02 6.0438397217e+02 6.0441302490e+02 6.0439697266e+02 6.0439697266e+02 6.0468103027e+02 6.0567797852e+02 6.0657397461e+02 6.0713000488e+02 6.0748999023e+02 6.0806896973e+02 6.0859399414e+02 6.0892999268e+02 6.0905700684e+02 6.0926098633e+02 6.0949597168e+02 6.0976202393e+02 6.1005200195e+02 6.1040802002e+02
5.9722802734e+02 5.9753497314e+02 5.9792797852e+02 5.9840002441e+02 5.9886102295e+02 5.9918103027e+02 5.9934197998e+02 5.9938299561e+02 5.9939801025e+02 5.9944201660e+02 5.9939501953e+02 5.9942401123e+02 5.9996398926e+02 6.0069897461e+02 6.0133898926e+02 6.0172802734e+02 6.0194097900e+02 6.0213702393e+02 6.0237298584e+02 6.0265698242e+02 6.0304498291e+02 6.0359802246e+02 6.0404101563e+02 6.0429101563e+02 6.0437097168e+02 6.0438598633e+02 6.0438299561e+02 6.0437500000e+02 6.0436602783e+02 6.0439697266e+02 6.0437298584e+02 6.0435900879e+02 6.0466101074e+02 6.0560302734e+02 6.0648699951e+02 6.0707202148e+02 6.0740502930e+02 6.0786602783e+02 6.0831701660e+02 6.0863702393e+02 6.0885601807e+02 6.0909100342e+02 6.0933502197e+02 6.0960900879e+02 6.0990600586e+02 6.1026098633e+02
5.9728497314e+02 5.9755603027e+02 5.9791198730e+02 5.9836798096e+02 5.9881896973e+02 5.9913702393e+02 5.9934698486e+02 5.9942602539e+02 5.9943103027e+02 5.9947399902e+02 5.9945001221e+02 5.9942797852e+02 5.9973602295e+02 6.0041802979e+02 6.0114001465e+02 6.0163800049e+02 6.0189898682e+02 6.0209698486e+02 6.0232501221e+02 6.0260699463e+02 6.0296197510e+02 6.0343103027e+02 6.0388500977e+02 6.0420898438e+02 6.0433398438e+02 6.0434802246e+02 6.0434301758e+02 6.0434100342e+02 6.0434497070e+02 6.0435797119e+02 6.0434301758e+02 6.0432897949e+02 6.0456402588e+02 6.0537097168e+02 6.0623101807e+02 6.0688098145e+02 6.0729199219e+02 6.0768798828e+02 6.0807000732e+02 6.0839501953e+02 6.0869299316e+02 6.0891601563e+02 6.0915301514e+02 6.0943499756e+02 6.0973999023e+02 6.1009197998e+02
5.9731896973e+02 5.9757800293e+02 5.9788397217e+02 5.9830102539e+02 5.9876702881e+02 5.9909899902e+02 5.9934899902e+02 5.9945697021e+02 5.9946099854e+02 5.9950299072e+02 5.9950701904e+02 5.9947399902e+02 5.9960699463e+02 6.0017700195e+02 6.0088500977e+02 6.0144396973e+02 6.0178802490e+02 6.0203802490e+02 6.0224401855e+02 6.0250897217e+02 6.0287701416e+02 6.0330999756e+02 6.0377398682e+02 6.0414202881e+02 6.0430603027e+02 6.0431298828e+02 6.0430499268e+02 6.0430499268e+02 6.0431097412e+02 6.0430902100e+02 6.0430603027e+02 6.0430603027e+02 6.0442999268e+02 6.0509698486e+02 6.0593402100e+02 6.0663098145e+02 6.0709899902e+02 6.0746301270e+02 6.0782202148e+02 6.0817700195e+02 6.0853497314e+02 6.0872698975e+02 6.0895001221e+02 6.0923199463e+02 6.0953997803e+02 6.0987298584e+02
5.9727502441e+02 5.9754302979e+02 5.9782598877e+02 5.9819702148e+02 5.9865502930e+02 5.9906500244e+02 5.9935797119e+02 5.9949597168e+02 5.9950097656e+02 5.9952398682e+02 5.9954199219e+02 5.9953698730e+02 5.9957800293e+02 5.9997399902e+02 6.0060198975e+02 6.0115698242e+02 6.0151397705e+02 6.0190600586e+02 6.0215197754e+02 6.0241198730e+02 6.0287298584e+02 6.0330200195e+02 6.0370098877e+02 6.0405401611e+02 6.0428900146e+02 6.0427697754e+02 6.0426898193e+02 6.0426702881e+02 6.0427301025e+02 6.0426702881e+02 6.0427600098e+02 6.0428900146e+02 6.0436102295e+02 6.0495397949e+02 6.0574798584e+02 6.0641101074e+02 6.0683197021e+02 6.0718499756e+02 6.0755200195e+02 6.0794000244e+02 6.0829101563e+02 6.0851898193e+02 6.0873602295e+02 6.0901000977e+02 6.0932202148e+02 6.0962500000e+02
5.9720397949e+02 5.9748901367e+02 5.9778100586e+02 5.9812500000e+02 5.9856097412e+02 5.9900701904e+02 5.9934997559e+02 5.9952600098e+02 5.9953698730e+02 5.9955401611e+02 5.9957397461e+02 5.9957800293e+02 5.9959497070e+02 5.9982202148e+02 6.0037799072e+02 6.0097497559e+02 6.0134802246e+02 6.0177502441e+02 6.0212799072e+02 6.0236499023e+02 6.0278100586e+02 6.0327197266e+02 6.0366998291e+02 6.0398602295e+02 6.0421099854e+02 6.0424499512e+02 6.0424102783e+02 6.0423297119e+02 6.0423699951e+02 6.0423797607e+02 6.0422302246e+02 6.0421398926e+02 6.0437402344e+02 6.0498297119e+02 6.0572802734e+02 6.0633398438e+02 6.0671697998e+02 6.0703002930e+02 6.0735198975e+02 6.0770599365e+02 6.0807000732e+02 6.0830999756e+02 6.0851397705e+02 6.0876202393e+02 6.0909197998e+02 6.0945397949e+02
5.9711798096e+02 5.9743298340e+02 5.9772900391e+02 5.9805999756e+02 5.9847900391e+02 5.9892102051e+02 5.9928399658e+02 5.9951898193e+02 5.9957397461e+02 5.9958300781e+02 5.9961199951e+02 5.9962597656e+02 5.9963397217e+02 5.9972601318e+02 6.0014898682e+02 6.0076000977e+02 6.0121697998e+02 6.0167498779e+02 6.0212799072e+02 6.0237500000e+02 6.0265100098e+02 6.0319000244e+02 6.0367602539e+02 6.0399200439e+02 6.0415600586e+02 6.0420001221e+02 6.0420300293e+02 6.0419396973e+02 6.0419396973e+02 6.0420300293e+02 6.0418902588e+02 6.0418402100e+02 6.0440600586e+02 6.0501702881e+02 6.0569000244e+02 6.0624700928e+02 6.0662902832e+02 6.0692297363e+02 6.0721600342e+02 6.0754101563e+02 6.0789501953e+02 6.0813397217e+02 6.0831402588e+02 6.0852801514e+02 6.0883001709e+02 6.0921997070e+02
5.9704498291e+02 5.9740301514e+02 5.9772198486e+02 5.9804498291e+02 5.9842999268e+02 5.9884301758e+02 5.9921301270e+02 5.9950701904e+02 5.9961499023e+02 5.9961401367e+02 5.9964202881e+02 5.9966802979e+02 5.9968499756e+02 5.9971002197e+02 6.0001397705e+02 6.0060498047e+02 6.0113500977e+02 6.0157800293e+02 6.0208099365e+02 6.0237597656e+02 6.0258898926e+02 6.0304602051e+02 6.0353601074e+02 6.0391400146e+02 6.0411901855e+02 6.0416497803e+02 6.0416900635e+02 6.0416198730e+02 6.0415600586e+02 6.0416802979e+02 6.0416497803e+02 6.0415899658e+02 6.0436999512e+02 6.0498199463e+02 6.0560699463e+02 6.0612298584e+02 6.0651397705e+02 6.0682702637e+02 6.0710797119e+02 6.0740997314e+02 6.0773699951e+02 6.0795397949e+02 6.0811901855e+02 6.0830700684e+02 6.0856701660e+02 6.0892797852e+02
5.9699401855e+02 5.9742199707e+02 5.9780102539e+02 5.9810302734e+02 5.9838000488e+02 5.9874401855e+02 5.9912701416e+02 5.9946899414e+02 5.9962902832e+02 5.9965301514e+02 5.9967199707e+02 5.9970800781e+02 5.9972601318e+02 5.9974798584e+02 5.9996697998e+02 6.0049798584e+02 6.0107202148e+02 6.0152301025e+02 6.0200598145e+02 6.0234301758e+02 6.0260302734e+02 6.0292999268e+02 6.0334002686e+02 6.0380200195e+02 6.0409497070e+02 6.0413598633e+02 6.0413299561e+02 6.0413000488e+02 6.0413098145e+02 6.0413397217e+02 6.0412701416e+02 6.0411901855e+02 6.0429199219e+02 6.0484301758e+02 6.0547601318e+02 6.0600097656e+02 6.0636798096e+02 6.0668902588e+02 6.0698498535e+02 6.0727697754e+02 6.0752899170e+02 6.0773498535e+02 6.0792199707e+02 6.0812500000e+02 6.0836102295e+02 6.0864501953e+02
5.9697497559e+02 5.9742602539e+02 5.9784899902e+02 5.9814898682e+02 5.9837402344e+02 5.9869897461e+02 5.9908898926e+02 5.9946002197e+02 5.9967199707e+02 5.9970599365e+02 5.9970202637e+02 5.9974902344e+02 5.9978997803e+02 5.9977600098e+02 5.9989099121e+02 6.0034997559e+02 6.0097900391e+02 6.0147900391e+02 6.0198699951e+02 6.0234399414e+02 6.0258300781e+02 6.0290997314e+02 6.0330902100e+02 6.0376202393e+02 6.0403601074e+02 6.0409497070e+02 6.0409100342e+02 6.0409301758e+02 6.0409899902e+02 6.0410601807e+02 6.0409997559e+02 6.0409100342e+02 6.0421099854e+02 6.0472497559e+02 6.0540301514e+02 6.0596398926e+02 6.0627801514e+02 6.0653601074e+02 6.0680200195e+02 6.0707098389e+02 6.0731500244e+02 6.0753601074e+02 6.0775799561e+02 6.0798199463e+02 6.0821600342e+02 6.0846301270e+02
5.9695697021e+02 5.9735400391e+02 5.9775598145e+02 5.9807098389e+02 5.9832800293e+02 5.9864898682e+02 5.9904199219e+02 5.9943402100e+02 5.9967901611e+02 5.9973498535e+02 5.9972802734e+02 5.9977099609e+02 5.9983099365e+02 5.9982098389e+02 5.9986901855e+02 6.0021697998e+02 6.0084197998e+02 6.0133398438e+02 6.0183801270e+02 6.0225299072e+02 6.0251898193e+02 6.0287902832e+02 6.0329797363e+02 6.0369702148e+02 6.0397802734e+02 6.0406298828e+02 6.0405700684e+02 6.0405700684e+02 6.0406402588e+02 6.0406799316e+02 6.0406701660e+02 6.0405401611e+02 6.0415002441e+02 6.0465301514e+02 6.0534802246e+02 6.0591497803e+02 6.0618798828e+02 6.0639801025e+02 6.0661999512e+02 6.0686297607e+02 6.0712701416e+02 6.0738598633e+02 6.0762799072e+02 6.0785797119e+02 6.0808300781e+02 6.0830798340e+02
5.9698602295e+02 5.9728100586e+02 5.9762097168e+02 5.9794097900e+02 5.9825402832e+02 5.9858300781e+02 5.9898297119e+02 5.9938500977e+02 5.9964501953e+02 5.9976800537e+02 5.9978802490e+02 5.9980798340e+02 5.9986798096e+02 5.9988702393e+02 5.9989001465e+02 6.0010900879e+02 6.0067498779e+02 6.0118701172e+02 6.0167297363e+02 6.0210900879e+02 6.0238098145e+02 6.0277801514e+02 6.0328198242e+02 6.0367102051e+02 6.0392901611e+02 6.0403002930e+02 6.0402398682e+02 6.0402301025e+02 6.0402600098e+02 6.0402600098e+02 6.0402600098e+02 6.0401898193e+02 6.0409997559e+02 6.0456896973e+02 6.0524102783e+02 6.0581097412e+02 6.0609301758e+02 6.0626800537e+02 6.0645800781e+02 6.0668597412e+02 6.0697100830e+02 6.0725701904e+02 6.0750897217e+02 6.0773400879e+02 6.0794000244e+02 6.0815100098e+02
5.9708398438e+02 5.9729998779e+02 5.9757000732e+02 5.9786199951e+02 5.9821002197e+02 5.9854498291e+02 5.9892498779e+02 5.9930798340e+02 5.9959497070e+02 5.9980603027e+02 5.9988000488e+02 5.9987902832e+02 5.9992199707e+02 5.9996398926e+02 5.9995397949e+02 6.0005499268e+02 6.0046002197e+02 6.0109802246e+02 6.0162597656e+02 6.0204400635e+02 6.0228002930e+02 6.0265197754e+02 6.0320501709e+02 6.0361199951e+02 6.0385601807e+02 6.0398199463e+02 6.0399298096e+02 6.0399499512e+02 6.0398797607e+02 6.0398699951e+02 6.0399102783e+02 6.0399902344e+02 6.0405798340e+02 6.0445202637e+02 6.0506097412e+02 6.0564001465e+02 6.0598901367e+02 6.0613800049e+02 6.0631799316e+02 6.0654901123e+02 6.0684197998e+02 6.0710998535e+02 6.0735900879e+02 6.0758099365e+02 6.0777600098e+02 6.0799499512e+02
5.9714697266e+02 5.9734698486e+02 5.9757299805e+02 5.9782098389e+02 5.9814501953e+02 5.9848498535e+02 5.9883697510e+02 5.9920397949e+02 5.9953497314e+02 5.9981896973e+02 5.9994097900e+02 5.9994201660e+02 5.9998498535e+02 6.0003002930e+02 6.0002899170e+02 6.0007897949e+02 6.0037597656e+02 6.0095202637e+02 6.0157800293e+02 6.0206701660e+02 6.0230102539e+02 6.0259197998e+02 6.0303601074e+02 6.0343701172e+02 6.0376300049e+02 6.0394396973e+02 6.0395501709e+02 6.0396398926e+02 6.0397601318e+02 6.0396899414e+02 6.0395800781e+02 6.0395300293e+02 6.0400500488e+02 6.0432598877e+02 6.0485302734e+02 6.0539300537e+02 6.0575097656e+02 6.0594299316e+02 6.0616198730e+02 6.0641802979e+02 6.0670001221e+02 6.0694299316e+02 6.0717999268e+02 6.0739801025e+02 6.0759399414e+02 6.0783197021e+02
5.9716101074e+02 5.9735900879e+02 5.9758697510e+02 5.9782897949e+02 5.9812298584e+02 5.9846801758e+02 5.9882202148e+02 5.9919500732e+02 5.9955200195e+02 5.9984997559e+02 5.9999597168e+02 6.0000097656e+02 6.0002801514e+02 6.0009002686e+02 6.0010498047e+02 6.0012402344e+02 6.0031097412e+02 6.0082299805e+02 6.0149597168e+02 6.0203399658e+02 6.0228601074e+02 6.0256500244e+02 6.0297698975e+02 6.0337799072e+02 6.0371301270e+02 6.0391802979e+02 6.0392602539e+02 6.0392901611e+02 6.0394598389e+02 6.0394396973e+02 6.0393402100e+02 6.0392102051e+02 6.0397601318e+02 6.0425000000e+02 6.0469097900e+02 6.0516198730e+02 6.0551202393e+02 6.0575402832e+02 6.0600701904e+02 6.0627502441e+02 6.0654699707e+02 6.0677502441e+02 6.0699902344e+02 6.0720800781e+02 6.0739898682e+02 6.0763397217e+02
5.9718200684e+02 5.9742102051e+02 5.9767700195e+02 5.9793798828e+02 5.9821301270e+02 5.9854101563e+02 5.9889202881e+02 5.9927001953e+02 5.9963397217e+02 5.9991101074e+02 6.0005902100e+02 6.0006500244e+02 6.0007397461e+02 6.0014202881e+02 6.0017602539e+02 6.0018701172e+02 6.0028497314e+02 6.0070202637e+02 6.0134100342e+02 6.0188500977e+02 6.0216900635e+02 6.0248797607e+02 6.0297497559e+02 6.0342297363e+02 6.0371502686e+02 6.0390301514e+02 6.0390600586e+02 6.0389898682e+02 6.0390698242e+02 6.0391302490e+02 6.0391101074e+02 6.0389801025e+02 6.0394500732e+02 6.0419396973e+02 6.0457800293e+02 6.0500402832e+02 6.0534600830e+02 6.0561499023e+02 6.0588201904e+02 6.0614099121e+02 6.0638598633e+02 6.0659802246e+02 6.0681097412e+02 6.0701300049e+02 6.0720397949e+02 6.0742199707e+02
5.9723101807e+02 5.9749102783e+02 5.9775701904e+02 5.9805401611e+02 5.9838299561e+02 5.9866998291e+02 5.9898602295e+02 5.9934802246e+02 5.9970898438e+02 5.9999401855e+02 6.0013500977e+02 6.0014001465e+02 6.0013500977e+02 6.0019299316e+02 6.0023602295e+02 6.0025402832e+02 6.0029400635e+02 6.0061602783e+02 6.0116302490e+02 6.0168597412e+02 6.0202099609e+02 6.0235302734e+02 6.0289099121e+02 6.0341699219e+02 6.0370397949e+02 6.0385601807e+02 6.0387402344e+02 6.0386798096e+02 6.0387701416e+02 6.0387701416e+02 6.0388000488e+02 6.0387701416e+02 6.0389898682e+02 6.0413500977e+02 6.0450097656e+02 6.0492401123e+02 6.0530499268e+02 6.0556799316e+02 6.0581298828e+02 6.0603002930e+02 6.0621997070e+02 6.0641900635e+02 6.0662500000e+02 6.0682702637e+02 6.0701702881e+02 6.0720697021e+02
5.9718798828e+02 5.9746502686e+02 5.9775598145e+02 5.9806097412e+02 5.9838500977e+02 5.9865301514e+02 5.9893597412e+02 5.9927697754e+02 5.9963098145e+02 5.9995202637e+02 6.0014501953e+02 6.0021301270e+02 6.0020599365e+02 6.0023101807e+02 6.0028100586e+02 6.0030902100e+02 6.0033502197e+02 6.0054602051e+02 6.0103601074e+02 6.0159997559e+02 6.0198498535e+02 6.0230200195e+02 6.0282202148e+02 6.0338598633e+02 6.0370599365e+02 6.0383001709e+02 6.0383697510e+02 6.0383099365e+02 6.0384899902e+02 6.0384899902e+02 6.0385302734e+02 6.0385302734e+02 6.0387298584e+02 6.0407202148e+02 6.0442797852e+02 6.0487097168e+02 6.0525097656e+02 6.0552001953e+02 6.0572698975e+02 6.0589202881e+02 6.0604101563e+02 6.0622900391e+02 6.0642999268e+02 6.0663000488e+02 6.0681701660e+02 6.0699401855e+02
5.9709698486e+02 5.9738500977e+02 5.9769799805e+02 5.9799798584e+02 5.9828698730e+02 5.9854998779e+02 5.9883801270e+02 5.9915698242e+02 5.9948400879e+02 5.9978497314e+02 6.0004199219e+02 6.0021899414e+02 6.0027301025e+02 6.0028198242e+02 6.0033001709e+02 6.0036602783e+02 6.0038397217e+02 6.0047802734e+02 6.0089801025e+02 6.0152600098e+02 6.0203601074e+02 6.0233300781e+02 6.0275097656e+02 6.0325897217e+02 6.0362902832e+02 6.0379498291e+02 6.0381896973e+02 6.0381298828e+02 6.0383001709e+02 6.0383099365e+02 6.0382800293e+02 6.0382598877e+02 6.0384197998e+02 6.0400000000e+02 6.0432598877e+02 6.0476397705e+02 6.0516900635e+02 6.0544000244e+02 6.0562298584e+02 6.0575402832e+02 6.0587799072e+02 6.0606201172e+02 6.0625402832e+02 6.0644598389e+02 6.0662902832e+02 6.0679699707e+02
5.9698101807e+02 5.9725402832e+02 5.9755401611e+02 5.9784698486e+02 5.9816900635e+02 5.9851202393e+02 5.9880999756e+02 5.9907098389e+02 5.9933300781e+02 5.9962298584e+02 5.9993597412e+02 6.0019897461e+02 6.0032800293e+02 6.0034698486e+02 6.0039099121e+02 6.0042901611e+02 6.0044799805e+02 6.0046301270e+02 6.0078601074e+02 6.0142700195e+02 6.0206402588e+02 6.0236999512e+02 6.0266497803e+02 6.0307098389e+02 6.0346899414e+02 6.0373797607e+02 6.0381097412e+02 6.0379199219e+02 6.0379998779e+02 6.0380499268e+02 6.0380297852e+02 6.0380297852e+02 6.0380902100e+02 6.0393402100e+02 6.0423199463e+02 6.0466198730e+02 6.0508398438e+02 6.0535699463e+02 6.0552398682e+02 6.0563299561e+02 6.0574597168e+02 6.0592498779e+02 6.0610498047e+02 6.0628601074e+02 6.0646099854e+02 6.0662298584e+02
