TESTSERVER/9/9.asc
NCOLS 100
NROWS 100
XLLCORNER 7.9497500000e+03
YLLCORNER 2.8950025000e+05
CELLSIZE 5.0000000000e-01
NODATA_VALUE -9.9990000000e+03
[rows 40 to 59 of 100, columns 46 to 91 of 100]
5.9592297363e+02 5.9617498779e+02 5.9649597168e+02 5.9680603027e+02 5.9716998291e+02 5.9756097412e+02 5.9776702881e+02 5.9798199463e+02 5.9828198242e+02 5.9852600098e+02 5.9884497070e+02 5.9923297119e+02 5.9965698242e+02 5.9999798584e+02 6.0041302490e+02 6.0071899414e+02 6.0114398193e+02 6.0166601563e+02 6.0195397949e+02 6.0206201172e+02 6.0212799072e+02 6.0205999756e+02 6.0204199219e+02 6.0203100586e+02 6.0202301025e+02 6.0202600098e+02 6.0201501465e+02 6.0201898193e+02 6.0200799561e+02 6.0196502686e+02 6.0193597412e+02 6.0191601563e+02 6.0189300537e+02 6.0186102295e+02 6.0184197998e+02 6.0182702637e+02 6.0181799316e+02 6.0182397461e+02 6.0180902100e+02 6.0178997803e+02 6.0179199219e+02 6.0177697754e+02 6.0176098633e+02 6.0175598145e+02 6.0178002930e+02 6.0184100342e+02
5.9595501709e+02 5.9621997070e+02 5.9646801758e+02 5.9676000977e+02 5.9721301270e+02 5.9762500000e+02 5.9775500488e+02 5.9793200684e+02 5.9829901123e+02 5.9858801270e+02 5.9890502930e+02 5.9926599121e+02 5.9960797119e+02 5.9999597168e+02 6.0042901611e+02 6.0071997070e+02 6.0112097168e+02 6.0157000732e+02 6.0185699463e+02 6.0204498291e+02 6.0208099365e+02 6.0203997803e+02 6.0203198242e+02 6.0201098633e+02 6.0201000977e+02 6.0199700928e+02 6.0197601318e+02 6.0197601318e+02 6.0195397949e+02 6.0193402100e+02 6.0191497803e+02 6.0188201904e+02 6.0184100342e+02 6.0182000732e+02 6.0180499268e+02 6.0178002930e+02 6.0176000977e+02 6.0176702881e+02 6.0175701904e+02 6.0174597168e+02 6.0173797607e+02 6.0172802734e+02 6.0170898438e+02 6.0169897461e+02 6.0170800781e+02 6.0177801514e+02
5.9595001221e+02 5.9624298096e+02 5.9650799561e+02 5.9676300049e+02 5.9716400146e+02 5.9764001465e+02 5.9782098389e+02 5.9794897461e+02 5.9824798584e+02 5.9855902100e+02 5.9890899658e+02 5.9926397705e+02 5.9955798340e+02 5.9996899414e+02 6.0037500000e+02 6.0068499756e+02 6.0107598877e+02 6.0144598389e+02 6.0174102783e+02 6.0197100830e+02 6.0199200439e+02 6.0201800537e+02 6.0203198242e+02 6.0198797607e+02 6.0197601318e+02 6.0196502686e+02 6.0195001221e+02 6.0194500732e+02 6.0192498779e+02 6.0190802002e+02 6.0188800049e+02 6.0185400391e+02 6.0180902100e+02 6.0178002930e+02 6.0175897217e+02 6.0173498535e+02 6.0170397949e+02 6.0171099854e+02 6.0170397949e+02 6.0169500732e+02 6.0167999268e+02 6.0167602539e+02 6.0166601563e+02 6.0165399170e+02 6.0164501953e+02 6.0170599365e+02
5.9592401123e+02 5.9621697998e+02 5.9653100586e+02 5.9678601074e+02 5.9709301758e+02 5.9766400146e+02 5.9794500732e+02 5.9804998779e+02 5.9823400879e+02 5.9858099365e+02 5.9902600098e+02 5.9935400391e+02 5.9953900146e+02 5.9988397217e+02 6.0027697754e+02 6.0062597656e+02 6.0100402832e+02 6.0129602051e+02 6.0156597900e+02 6.0178698730e+02 6.0186401367e+02 6.0201098633e+02 6.0206896973e+02 6.0200000000e+02 6.0194897461e+02 6.0193597412e+02 6.0191699219e+02 6.0191802979e+02 6.0189599609e+02 6.0186901855e+02 6.0185198975e+02 6.0182397461e+02 6.0177600098e+02 6.0173400879e+02 6.0170697021e+02 6.0168499756e+02 6.0164898682e+02 6.0164898682e+02 6.0164801025e+02 6.0164501953e+02 6.0162902832e+02 6.0162799072e+02 6.0161700439e+02 6.0160302734e+02 6.0158801270e+02 6.0163098145e+02
5.9590399170e+02 5.9621502686e+02 5.9656097412e+02 5.9685302734e+02 5.9701202393e+02 5.9746697998e+02 5.9785699463e+02 5.9810998535e+02 5.9828399658e+02 5.9867498779e+02 5.9922698975e+02 5.9948498535e+02 5.9955499268e+02 5.9985699463e+02 6.0028601074e+02 6.0065100098e+02 6.0095697021e+02 6.0121002197e+02 6.0148498535e+02 6.0170501709e+02 6.0183398438e+02 6.0199902344e+02 6.0206896973e+02 6.0200897217e+02 6.0193200684e+02 6.0190399170e+02 6.0187200928e+02 6.0187200928e+02 6.0184802246e+02 6.0182098389e+02 6.0181097412e+02 6.0178497314e+02 6.0173999023e+02 6.0170599365e+02 6.0166699219e+02 6.0163397217e+02 6.0159997559e+02 6.0158599854e+02 6.0159301758e+02 6.0159600830e+02 6.0157397461e+02 6.0157501221e+02 6.0155700684e+02 6.0154998779e+02 6.0155401611e+02 6.0156402588e+02
5.9590399170e+02 5.9618499756e+02 5.9648797607e+02 5.9680902100e+02 5.9709802246e+02 5.9743402100e+02 5.9776300049e+02 5.9807000732e+02 5.9827899170e+02 5.9863598633e+02 5.9907299805e+02 5.9932397461e+02 5.9954498291e+02 5.9990100098e+02 6.0044702148e+02 6.0076202393e+02 6.0093499756e+02 6.0121697998e+02 6.0148297119e+02 6.0165100098e+02 6.0175500488e+02 6.0194897461e+02 6.0202502441e+02 6.0197698975e+02 6.0191198730e+02 6.0186798096e+02 6.0183898926e+02 6.0184197998e+02 6.0182897949e+02 6.0178497314e+02 6.0175000000e+02 6.0171997070e+02 6.0168597412e+02 6.0166101074e+02 6.0162097168e+02 6.0158898926e+02 6.0156597900e+02 6.0154302979e+02 6.0153802490e+02 6.0153497314e+02 6.0152502441e+02 6.0153302002e+02 6.0151501465e+02 6.0150799561e+02 6.0150701904e+02 6.0149597168e+02
5.9594799805e+02 5.9620697021e+02 5.9649499512e+02 5.9683300781e+02 5.9718200684e+02 5.9740197754e+02 5.9773199463e+02 5.9815197754e+02 5.9837402344e+02 5.9861199951e+02 5.9891400146e+02 5.9918902588e+02 5.9953497314e+02 5.9991998291e+02 6.0042602539e+02 6.0073699951e+02 6.0097399902e+02 6.0124200439e+02 6.0145501709e+02 6.0156402588e+02 6.0166998291e+02 6.0190399170e+02 6.0197698975e+02 6.0192498779e+02 6.0188000488e+02 6.0183697510e+02 6.0181402588e+02 6.0180902100e+02 6.0179101563e+02 6.0174298096e+02 6.0170300293e+02 6.0168103027e+02 6.0164599609e+02 6.0161700439e+02 6.0157598877e+02 6.0154498291e+02 6.0152697754e+02 6.0149597168e+02 6.0148498535e+02 6.0148400879e+02 6.0148101807e+02 6.0148400879e+02 6.0146600342e+02 6.0145599365e+02 6.0144897461e+02 6.0142700195e+02
5.9599298096e+02 5.9626501465e+02 5.9656799316e+02 5.9689898682e+02 5.9718499756e+02 5.9737298584e+02 5.9772802734e+02 5.9821301270e+02 5.9850000000e+02 5.9870898438e+02 5.9894897461e+02 5.9921301270e+02 5.9952899170e+02 5.9994396973e+02 6.0034497070e+02 6.0062799072e+02 6.0098199463e+02 6.0120599365e+02 6.0135601807e+02 6.0143499756e+02 6.0159698486e+02 6.0188800049e+02 6.0195397949e+02 6.0188299561e+02 6.0183898926e+02 6.0180297852e+02 6.0177899170e+02 6.0176397705e+02 6.0174700928e+02 6.0170300293e+02 6.0166802979e+02 6.0164599609e+02 6.0160998535e+02 6.0157702637e+02 6.0153002930e+02 6.0149597168e+02 6.0147900391e+02 6.0145397949e+02 6.0144396973e+02 6.0144396973e+02 6.0143597412e+02 6.0143103027e+02 6.0141601563e+02 6.0140698242e+02 6.0139599609e+02 6.0136999512e+02
5.9600799561e+02 5.9629901123e+02 5.9658599854e+02 5.9689300537e+02 5.9713201904e+02 5.9739001465e+02 5.9771697998e+02 5.9810400391e+02 5.9845898438e+02 5.9867999268e+02 5.9892498779e+02 5.9922900391e+02 5.9959100342e+02 5.9998297119e+02 6.0030798340e+02 6.0063299561e+02 6.0102502441e+02 6.0116900635e+02 6.0125799561e+02 6.0131097412e+02 6.0153601074e+02 6.0185400391e+02 6.0193402100e+02 6.0187200928e+02 6.0182702637e+02 6.0178399658e+02 6.0173602295e+02 6.0171398926e+02 6.0170397949e+02 6.0165600586e+02 6.0161901855e+02 6.0159100342e+02 6.0156201172e+02 6.0152398682e+02 6.0148797607e+02 6.0145800781e+02 6.0142401123e+02 6.0140301514e+02 6.0139898682e+02 6.0139898682e+02 6.0137799072e+02 6.0137298584e+02 6.0135198975e+02 6.0134802246e+02 6.0136499023e+02 6.0132598877e+02
5.9603399658e+02 5.9634399414e+02 5.9653802490e+02 5.9683197021e+02 5.9710198975e+02 5.9744097900e+02 5.9778302002e+02 5.9808197021e+02 5.9840301514e+02 5.9865002441e+02 5.9893402100e+02 5.9931896973e+02 5.9971801758e+02 6.0002801514e+02 6.0027301025e+02 6.0056896973e+02 6.0091601563e+02 6.0110498047e+02 6.0117498779e+02 6.0118597412e+02 6.0143103027e+02 6.0178399658e+02 6.0189801025e+02 6.0185198975e+02 6.0179199219e+02 6.0176501465e+02 6.0172198486e+02 6.0168701172e+02 6.0165899658e+02 6.0162500000e+02 6.0158502197e+02 6.0153900146e+02 6.0152099609e+02 6.0149102783e+02 6.0144396973e+02 6.0141802979e+02 6.0138397217e+02 6.0134197998e+02 6.0133099365e+02 6.0134002686e+02 6.0133197021e+02 6.0133001709e+02 6.0130700684e+02 6.0129199219e+02 6.0129199219e+02 6.0128900146e+02
5.9606597900e+02 5.9638397217e+02 5.9655499268e+02 5.9681701660e+02 5.9708599854e+02 5.9747900391e+02 5.9784997559e+02 5.9813201904e+02 5.9839501953e+02 5.9864801025e+02 5.9895300293e+02 5.9937097168e+02 5.9974200439e+02 5.9998602295e+02 6.0023400879e+02 6.0050000000e+02 6.0079998779e+02 6.0101000977e+02 6.0105999756e+02 6.0109301758e+02 6.0136999512e+02 6.0173797607e+02 6.0186901855e+02 6.0182897949e+02 6.0176202393e+02 6.0172601318e+02 6.0168103027e+02 6.0164398193e+02 6.0161798096e+02 6.0159497070e+02 6.0155297852e+02 6.0150500488e+02 6.0148498535e+02 6.0144299316e+02 6.0139599609e+02 6.0138098145e+02 6.0135302734e+02 6.0130798340e+02 6.0128002930e+02 6.0127801514e+02 6.0128399658e+02 6.0127801514e+02 6.0126098633e+02 6.0124798584e+02 6.0124200439e+02 6.0124902344e+02
5.9609399414e+02 5.9637200928e+02 5.9655297852e+02 5.9683001709e+02 5.9711602783e+02 5.9744299316e+02 5.9781896973e+02 5.9813500977e+02 5.9838598633e+02 5.9864898682e+02 5.9896600342e+02 5.9936901855e+02 5.9970697021e+02 5.9995697021e+02 6.0023999023e+02 6.0047698975e+02 6.0075201416e+02 6.0095599365e+02 6.0097698975e+02 6.0104400635e+02 6.0135601807e+02 6.0171301270e+02 6.0184600830e+02 6.0180902100e+02 6.0173901367e+02 6.0169702148e+02 6.0165002441e+02 6.0161901855e+02 6.0159100342e+02 6.0157098389e+02 6.0152502441e+02 6.0147998047e+02 6.0144299316e+02 6.0139398193e+02 6.0135101318e+02 6.0133599854e+02 6.0131402588e+02 6.0128302002e+02 6.0124798584e+02 6.0122802734e+02 6.0123199463e+02 6.0122601318e+02 6.0121099854e+02 6.0120501709e+02 6.0120599365e+02 6.0120397949e+02
5.9610400391e+02 5.9634197998e+02 5.9651501465e+02 5.9678198242e+02 5.9715502930e+02 5.9745397949e+02 5.9780499268e+02 5.9813201904e+02 5.9837701416e+02 5.9866699219e+02 5.9900000000e+02 5.9937097168e+02 5.9968103027e+02 5.9992999268e+02 6.0021197510e+02 6.0043103027e+02 6.0063000488e+02 6.0084100342e+02 6.0091198730e+02 6.0104498291e+02 6.0135900879e+02 6.0171197510e+02 6.0183697510e+02 6.0179602051e+02 6.0173797607e+02 6.0168103027e+02 6.0163500977e+02 6.0160198975e+02 6.0156298828e+02 6.0153997803e+02 6.0149902344e+02 6.0145697021e+02 6.0140698242e+02 6.0136602783e+02 6.0133099365e+02 6.0130700684e+02 6.0126898193e+02 6.0123699951e+02 6.0120300293e+02 6.0118402100e+02 6.0117797852e+02 6.0117999268e+02 6.0116302490e+02 6.0115002441e+02 6.0115802002e+02 6.0114697266e+02
5.9611602783e+02 5.9639202881e+02 5.9654998779e+02 5.9675701904e+02 5.9713098145e+02 5.9750402832e+02 5.9782397461e+02 5.9810797119e+02 5.9837298584e+02 5.9869897461e+02 5.9906402588e+02 5.9942797852e+02 5.9973999023e+02 5.9991601563e+02 6.0019097900e+02 6.0047601318e+02 6.0067999268e+02 6.0079901123e+02 6.0087500000e+02 6.0103802490e+02 6.0132000732e+02 6.0168902588e+02 6.0181097412e+02 6.0176397705e+02 6.0171398926e+02 6.0167700195e+02 6.0163201904e+02 6.0158599854e+02 6.0153198242e+02 6.0151098633e+02 6.0147100830e+02 6.0142999268e+02 6.0139300537e+02 6.0134698486e+02 6.0130700684e+02 6.0127801514e+02 6.0124298096e+02 6.0119702148e+02 6.0117797852e+02 6.0115802002e+02 6.0112298584e+02 6.0112701416e+02 6.0110998535e+02 6.0109399414e+02 6.0109802246e+02 6.0110400391e+02
5.9614501953e+02 5.9644396973e+02 5.9663702393e+02 5.9683001709e+02 5.9714898682e+02 5.9750000000e+02 5.9781500244e+02 5.9811199951e+02 5.9841699219e+02 5.9878497314e+02 5.9917102051e+02 5.9946899414e+02 5.9971997070e+02 5.9996502686e+02 6.0027899170e+02 6.0055200195e+02 6.0077600098e+02 6.0084600830e+02 6.0088000488e+02 6.0104797363e+02 6.0133502197e+02 6.0173199463e+02 6.0182598877e+02 6.0174597168e+02 6.0169201660e+02 6.0167700195e+02 6.0161297607e+02 6.0155603027e+02 6.0150402832e+02 6.0148498535e+02 6.0144702148e+02 6.0141101074e+02 6.0139398193e+02 6.0134301758e+02 6.0130102539e+02 6.0126898193e+02 6.0123199463e+02 6.0120098877e+02 6.0121801758e+02 6.0118298340e+02 6.0107501221e+02 6.0107098389e+02 6.0106500244e+02 6.0105700684e+02 6.0105200195e+02 6.0104699707e+02
5.9618103027e+02 5.9646801758e+02 5.9671801758e+02 5.9694799805e+02 5.9723297119e+02 5.9753698730e+02 5.9785998535e+02 5.9820599365e+02 5.9851397705e+02 5.9885900879e+02 5.9923101807e+02 5.9948999023e+02 5.9968402100e+02 6.0012799072e+02 6.0051898193e+02 6.0065698242e+02 6.0082702637e+02 6.0084197998e+02 6.0084698486e+02 6.0102801514e+02 6.0138897705e+02 6.0185601807e+02 6.0193402100e+02 6.0183502197e+02 6.0182800293e+02 6.0180603027e+02 6.0164501953e+02 6.0159197998e+02 6.0158197021e+02 6.0152197266e+02 6.0147900391e+02 6.0145397949e+02 6.0142700195e+02 6.0139099121e+02 6.0136999512e+02 6.0133599854e+02 6.0127801514e+02 6.0128100586e+02 6.0129101563e+02 6.0119598389e+02 6.0103497314e+02 6.0102301025e+02 6.0102001953e+02 6.0101300049e+02 6.0099597168e+02 6.0099102783e+02
5.9618798828e+02 5.9647302246e+02 5.9678002930e+02 5.9704699707e+02 5.9732897949e+02 5.9759497070e+02 5.9789501953e+02 5.9825097656e+02 5.9856298828e+02 5.9884100342e+02 5.9918902588e+02 5.9951501465e+02 5.9974798584e+02 6.0036199951e+02 6.0074700928e+02 6.0076000977e+02 6.0085101318e+02 6.0083300781e+02 6.0083801270e+02 6.0099798584e+02 6.0116400146e+02 6.0158398438e+02 6.0166998291e+02 6.0167297363e+02 6.0165997314e+02 6.0157299805e+02 6.0136102295e+02 6.0142700195e+02 6.0152197266e+02 6.0139801025e+02 6.0136700439e+02 6.0140002441e+02 6.0135498047e+02 6.0126202393e+02 6.0125897217e+02 6.0128802490e+02 6.0125500488e+02 6.0122497559e+02 6.0117901611e+02 6.0106201172e+02 6.0097497559e+02 6.0097302246e+02 6.0096398926e+02 6.0095397949e+02 6.0093798828e+02 6.0094396973e+02
5.9618499756e+02 5.9652697754e+02 5.9686297607e+02 5.9707397461e+02 5.9730798340e+02 5.9763800049e+02 5.9798797607e+02 5.9829699707e+02 5.9856597900e+02 5.9883599854e+02 5.9919097900e+02 5.9952502441e+02 5.9976000977e+02 6.0024700928e+02 6.0060498047e+02 6.0072497559e+02 6.0082000732e+02 6.0083502197e+02 6.0087298584e+02 6.0097497559e+02 6.0104797363e+02 6.0113800049e+02 6.0116497803e+02 6.0113702393e+02 6.0108599854e+02 6.0097802734e+02 6.0091699219e+02 6.0098297119e+02 6.0102398682e+02 6.0096197510e+02 6.0099298096e+02 6.0102502441e+02 6.0102197266e+02 6.0094799805e+02 6.0093298340e+02 6.0095501709e+02 6.0096099854e+02 6.0094702148e+02 6.0094396973e+02 6.0091400146e+02 6.0090997314e+02 6.0092797852e+02 6.0090899658e+02 6.0090002441e+02 6.0088897705e+02 6.0089501953e+02
5.9614898682e+02 5.9650000000e+02 5.9688598633e+02 5.9714001465e+02 5.9738897705e+02 5.9774499512e+02 5.9810498047e+02 5.9836297607e+02 5.9858599854e+02 5.9886901855e+02 5.9922900391e+02 5.9957397461e+02 5.9984899902e+02 6.0010302734e+02 6.0037097168e+02 6.0064300537e+02 6.0081597900e+02 6.0082897949e+02 6.0086700439e+02 6.0093597412e+02 6.0096899414e+02 6.0093902588e+02 6.0089398193e+02 6.0084600830e+02 6.0084197998e+02 6.0083001709e+02 6.0083300781e+02 6.0085900879e+02 6.0086401367e+02 6.0088299561e+02 6.0090002441e+02 6.0089300537e+02 6.0090100098e+02 6.0089300537e+02 6.0089099121e+02 6.0089801025e+02 6.0089099121e+02 6.0088897705e+02 6.0088299561e+02 6.0085998535e+02 6.0085900879e+02 6.0088098145e+02 6.0086199951e+02 6.0084899902e+02 6.0084100342e+02 6.0083697510e+02
5.9610900879e+02 5.9646997070e+02 5.9690100098e+02 5.9721099854e+02 5.9749298096e+02 5.9784600830e+02 5.9815899658e+02 5.9839599609e+02 5.9865698242e+02 5.9890698242e+02 5.9921697998e+02 5.9959197998e+02 5.9996801758e+02 6.0011901855e+02 6.0031896973e+02 6.0064202881e+02 6.0082299805e+02 6.0079199219e+02 6.0084002686e+02 6.0091302490e+02 6.0095397949e+02 6.0089599609e+02 6.0083300781e+02 6.0079602051e+02 6.0084301758e+02 6.0086901855e+02 6.0086602783e+02 6.0087402344e+02 6.0086999512e+02 6.0089099121e+02 6.0089599609e+02 6.0089300537e+02 6.0090100098e+02 6.0089398193e+02 6.0089001465e+02 6.0088702393e+02 6.0086999512e+02 6.0086999512e+02 6.0085101318e+02 6.0081701660e+02 6.0080102539e+02 6.0083001709e+02 6.0082098389e+02 6.0080902100e+02 6.0079998779e+02 6.0078497314e+02
