TESTSERVER/9/9.asc
NCOLS 100
NROWS 100
XLLCORNER 7.9497500000e+03
YLLCORNER 2.8950025000e+05
CELLSIZE 5.0000000000e-01
NODATA_VALUE -9.9990000000e+03
[rows 60 to 79 of 100, columns 0 to 45 of 100]
5.7232202148e+02 5.7363500977e+02 5.7622900391e+02 5.7828900146e+02 5.7840002441e+02 5.7866900635e+02 5.7900598145e+02 5.7928198242e+02 5.7967498779e+02 5.8002502441e+02 5.8035498047e+02 5.8067999268e+02 5.8106402588e+02 5.8142797852e+02 5.8191400146e+02 5.8307598877e+02 5.8364099121e+02 5.8391699219e+02 5.8430999756e+02 5.8490502930e+02 5.8550402832e+02 5.8596697998e+02 5.8638800049e+02 5.8666802979e+02 5.8696899414e+02 5.8744702148e+02 5.8810900879e+02 5.8846197510e+02 5.8886199951e+02 5.8930499268e+02 5.8971197510e+02 5.8996997070e+02 5.9036199951e+02 5.9079101563e+02 5.9118499756e+02 5.9164697266e+02 5.9204302979e+02 5.9237500000e+02 5.9270397949e+02 5.9316601563e+02 5.9366302490e+02 5.9410498047e+02 5.9458801270e+02 5.9515100098e+02 5.9560198975e+02 5.9590997314e+02
5.7143402100e+02 5.7247900391e+02 5.7525402832e+02 5.7819702148e+02 5.7811602783e+02 5.7840698242e+02 5.7893499756e+02 5.7918103027e+02 5.7950097656e+02 5.7982000732e+02 5.8015698242e+02 5.8051599121e+02 5.8091302490e+02 5.8127600098e+02 5.8201397705e+02 5.8315502930e+02 5.8343298340e+02 5.8360302734e+02 5.8412500000e+02 5.8490301514e+02 5.8545898438e+02 5.8579199219e+02 5.8615802002e+02 5.8658801270e+02 5.8690399170e+02 5.8742297363e+02 5.8814202881e+02 5.8836700439e+02 5.8872900391e+02 5.8911199951e+02 5.8952899170e+02 5.8991101074e+02 5.9032598877e+02 5.9076800537e+02 5.9119097900e+02 5.9156500244e+02 5.9199298096e+02 5.9240002441e+02 5.9274798584e+02 5.9319500732e+02 5.9364898682e+02 5.9410101318e+02 5.9453997803e+02 5.9505297852e+02 5.9555297852e+02 5.9592199707e+02
5.7100799561e+02 5.7182598877e+02 5.7409899902e+02 5.7716198730e+02 5.7787402344e+02 5.7811297607e+02 5.7874902344e+02 5.7905200195e+02 5.7938000488e+02 5.7971301270e+02 5.8003497314e+02 5.8043298340e+02 5.8079699707e+02 5.8108099365e+02 5.8164501953e+02 5.8230700684e+02 5.8274200439e+02 5.8331500244e+02 5.8396197510e+02 5.8469097900e+02 5.8527197266e+02 5.8561102295e+02 5.8598498535e+02 5.8650897217e+02 5.8684100342e+02 5.8734301758e+02 5.8801098633e+02 5.8827398682e+02 5.8867498779e+02 5.8905200195e+02 5.8945898438e+02 5.8986602783e+02 5.9027301025e+02 5.9071398926e+02 5.9117700195e+02 5.9151397705e+02 5.9193402100e+02 5.9239398193e+02 5.9280902100e+02 5.9324200439e+02 5.9366198730e+02 5.9410998535e+02 5.9454602051e+02 5.9501599121e+02 5.9549700928e+02 5.9589099121e+02
5.7075299072e+02 5.7133197021e+02 5.7280603027e+02 5.7580102539e+02 5.7765502930e+02 5.7786199951e+02 5.7856500244e+02 5.7892102051e+02 5.7924401855e+02 5.7964099121e+02 5.7997900391e+02 5.8041497803e+02 5.8078002930e+02 5.8102001953e+02 5.8134497070e+02 5.8168798828e+02 5.8223797607e+02 5.8305999756e+02 5.8373297119e+02 5.8436199951e+02 5.8505102539e+02 5.8555999756e+02 5.8595800781e+02 5.8644598389e+02 5.8671899414e+02 5.8711499023e+02 5.8769299316e+02 5.8812902832e+02 5.8858599854e+02 5.8892999268e+02 5.8933099365e+02 5.8975701904e+02 5.9019897461e+02 5.9064202881e+02 5.9108099365e+02 5.9146801758e+02 5.9187200928e+02 5.9232800293e+02 5.9275402832e+02 5.9319000244e+02 5.9363397217e+02 5.9409497070e+02 5.9454400635e+02 5.9498602295e+02 5.9544299316e+02 5.9584899902e+02
5.7052301025e+02 5.7104400635e+02 5.7193499756e+02 5.7441400146e+02 5.7704302979e+02 5.7805401611e+02 5.7863598633e+02 5.7884997559e+02 5.7909497070e+02 5.7953198242e+02 5.7994097900e+02 5.8032897949e+02 5.8073797607e+02 5.8113000488e+02 5.8142797852e+02 5.8164300537e+02 5.8218597412e+02 5.8295599365e+02 5.8357598877e+02 5.8408599854e+02 5.8482501221e+02 5.8547802734e+02 5.8602197266e+02 5.8643200684e+02 5.8668499756e+02 5.8712402344e+02 5.8775897217e+02 5.8814300537e+02 5.8845800781e+02 5.8877301025e+02 5.8921002197e+02 5.8965997314e+02 5.9013098145e+02 5.9053198242e+02 5.9091601563e+02 5.9163098145e+02 5.9191998291e+02 5.9229101563e+02 5.9267297363e+02 5.9309100342e+02 5.9358398438e+02 5.9403698730e+02 5.9447399902e+02 5.9493499756e+02 5.9548699951e+02 5.9590600586e+02
5.7031500244e+02 5.7086102295e+02 5.7157397461e+02 5.7391497803e+02 5.7655499268e+02 5.7805700684e+02 5.7857800293e+02 5.7883502197e+02 5.7898498535e+02 5.7932397461e+02 5.7970599365e+02 5.8002600098e+02 5.8054602051e+02 5.8115802002e+02 5.8136401367e+02 5.8158300781e+02 5.8221002197e+02 5.8294500732e+02 5.8343200684e+02 5.8384100342e+02 5.8451898193e+02 5.8520098877e+02 5.8579901123e+02 5.8631500244e+02 5.8671398926e+02 5.8727398682e+02 5.8763201904e+02 5.8802899170e+02 5.8842199707e+02 5.8878900146e+02 5.8917797852e+02 5.8952398682e+02 5.9000500488e+02 5.9043798828e+02 5.9095202637e+02 5.9180499268e+02 5.9194396973e+02 5.9215399170e+02 5.9252301025e+02 5.9298901367e+02 5.9355200195e+02 5.9403601074e+02 5.9442102051e+02 5.9491998291e+02 5.9574102783e+02 5.9619396973e+02
5.7014099121e+02 5.7064300537e+02 5.7140301514e+02 5.7371899414e+02 5.7625701904e+02 5.7778497314e+02 5.7839202881e+02 5.7879699707e+02 5.7887902832e+02 5.7910101318e+02 5.7948101807e+02 5.7981701660e+02 5.8028100586e+02 5.8083697510e+02 5.8120397949e+02 5.8160797119e+02 5.8228100586e+02 5.8295599365e+02 5.8334600830e+02 5.8374499512e+02 5.8438299561e+02 5.8504998779e+02 5.8557397461e+02 5.8615002441e+02 5.8668499756e+02 5.8723699951e+02 5.8748699951e+02 5.8797601318e+02 5.8842297363e+02 5.8875402832e+02 5.8916198730e+02 5.8949499512e+02 5.8991198730e+02 5.9036999512e+02 5.9088500977e+02 5.9153399658e+02 5.9177398682e+02 5.9200897217e+02 5.9239202881e+02 5.9288299561e+02 5.9344702148e+02 5.9400701904e+02 5.9443298340e+02 5.9482800293e+02 5.9554199219e+02 5.9598602295e+02
5.6995800781e+02 5.7042102051e+02 5.7118298340e+02 5.7334497070e+02 5.7566998291e+02 5.7729998779e+02 5.7827502441e+02 5.7886999512e+02 5.7890899658e+02 5.7899298096e+02 5.7928100586e+02 5.7965197754e+02 5.8007299805e+02 5.8054101563e+02 5.8105902100e+02 5.8158801270e+02 5.8221801758e+02 5.8281799316e+02 5.8322100830e+02 5.8367102051e+02 5.8427001953e+02 5.8490502930e+02 5.8541497803e+02 5.8617401123e+02 5.8670202637e+02 5.8708801270e+02 5.8731500244e+02 5.8786499023e+02 5.8840600586e+02 5.8874102783e+02 5.8923797607e+02 5.8965899658e+02 5.8999102783e+02 5.9035998535e+02 5.9078900146e+02 5.9121398926e+02 5.9156799316e+02 5.9188299561e+02 5.9226898193e+02 5.9278997803e+02 5.9334399414e+02 5.9396099854e+02 5.9448498535e+02 5.9479302979e+02 5.9523901367e+02 5.9559802246e+02
5.6975598145e+02 5.7023297119e+02 5.7101599121e+02 5.7297900391e+02 5.7494000244e+02 5.7654199219e+02 5.7811199951e+02 5.7891998291e+02 5.7894299316e+02 5.7894201660e+02 5.7909698486e+02 5.7940002441e+02 5.7988098145e+02 5.8040399170e+02 5.8090197754e+02 5.8137701416e+02 5.8191601563e+02 5.8248101807e+02 5.8295599365e+02 5.8339398193e+02 5.8388299561e+02 5.8444500732e+02 5.8498101807e+02 5.8584399414e+02 5.8651898193e+02 5.8690997314e+02 5.8723101807e+02 5.8767700195e+02 5.8824499512e+02 5.8868499756e+02 5.8921697998e+02 5.8968597412e+02 5.8997198486e+02 5.9024902344e+02 5.9060998535e+02 5.9096801758e+02 5.9135498047e+02 5.9174102783e+02 5.9214801025e+02 5.9268103027e+02 5.9322601318e+02 5.9382202148e+02 5.9440002441e+02 5.9485198975e+02 5.9519000244e+02 5.9545300293e+02
5.6952197266e+02 5.7010498047e+02 5.7087902832e+02 5.7283099365e+02 5.7450598145e+02 5.7572698975e+02 5.7711798096e+02 5.7838897705e+02 5.7862902832e+02 5.7865197754e+02 5.7878900146e+02 5.7901000977e+02 5.7948797607e+02 5.8004199219e+02 5.8063897705e+02 5.8112097168e+02 5.8160498047e+02 5.8215002441e+02 5.8263098145e+02 5.8300299072e+02 5.8341699219e+02 5.8397601318e+02 5.8473400879e+02 5.8566998291e+02 5.8640502930e+02 5.8689300537e+02 5.8722998047e+02 5.8763000488e+02 5.8821899414e+02 5.8879901123e+02 5.8926098633e+02 5.8961700439e+02 5.8984399414e+02 5.9005700684e+02 5.9036401367e+02 5.9075500488e+02 5.9119598389e+02 5.9163000488e+02 5.9204400635e+02 5.9261297607e+02 5.9313702393e+02 5.9365100098e+02 5.9419598389e+02 5.9473999023e+02 5.9526098633e+02 5.9556097412e+02
5.6929797363e+02 5.6996301270e+02 5.7070397949e+02 5.7242901611e+02 5.7395599365e+02 5.7491998291e+02 5.7586602783e+02 5.7740399170e+02 5.7818103027e+02 5.7844897461e+02 5.7863299561e+02 5.7882800293e+02 5.7924298096e+02 5.7979699707e+02 5.8038800049e+02 5.8085998535e+02 5.8133099365e+02 5.8189501953e+02 5.8239300537e+02 5.8274798584e+02 5.8311199951e+02 5.8368798828e+02 5.8463500977e+02 5.8561401367e+02 5.8632501221e+02 5.8687298584e+02 5.8726800537e+02 5.8761102295e+02 5.8815399170e+02 5.8878198242e+02 5.8926501465e+02 5.8952197266e+02 5.8972698975e+02 5.8995300293e+02 5.9020697021e+02 5.9060101318e+02 5.9105999756e+02 5.9149401855e+02 5.9191302490e+02 5.9253002930e+02 5.9304302979e+02 5.9351702881e+02 5.9399700928e+02 5.9461401367e+02 5.9531597900e+02 5.9569897461e+02
5.6912799072e+02 5.6987799072e+02 5.7059301758e+02 5.7217901611e+02 5.7362597656e+02 5.7439801025e+02 5.7491601563e+02 5.7628601074e+02 5.7755200195e+02 5.7835198975e+02 5.7869702148e+02 5.7874401855e+02 5.7900299072e+02 5.7948101807e+02 5.7999798584e+02 5.8051397705e+02 5.8102197266e+02 5.8162500000e+02 5.8218798828e+02 5.8263500977e+02 5.8299401855e+02 5.8360601807e+02 5.8471600342e+02 5.8561199951e+02 5.8624499512e+02 5.8684997559e+02 5.8735302734e+02 5.8762799072e+02 5.8802502441e+02 5.8857000732e+02 5.8907202148e+02 5.8926397705e+02 5.8951800537e+02 5.8984497070e+02 5.9012402344e+02 5.9046801758e+02 5.9091198730e+02 5.9135699463e+02 5.9181896973e+02 5.9242999268e+02 5.9290600586e+02 5.9337200928e+02 5.9382299805e+02 5.9439898682e+02 5.9518103027e+02 5.9566101074e+02
5.6909197998e+02 5.6992602539e+02 5.7068902588e+02 5.7216497803e+02 5.7349499512e+02 5.7417602539e+02 5.7449597168e+02 5.7509002686e+02 5.7619396973e+02 5.7756298828e+02 5.7856201172e+02 5.7854400635e+02 5.7863397217e+02 5.7899700928e+02 5.7957098389e+02 5.8016699219e+02 5.8067700195e+02 5.8125799561e+02 5.8190698242e+02 5.8257397461e+02 5.8299298096e+02 5.8367297363e+02 5.8513897705e+02 5.8577502441e+02 5.8622497559e+02 5.8682501221e+02 5.8737402344e+02 5.8755200195e+02 5.8783697510e+02 5.8830102539e+02 5.8888800049e+02 5.8905798340e+02 5.8934497070e+02 5.8975000000e+02 5.9008898926e+02 5.9038598633e+02 5.9081097412e+02 5.9129400635e+02 5.9178601074e+02 5.9236700439e+02 5.9279602051e+02 5.9322900391e+02 5.9366302490e+02 5.9412402344e+02 5.9485198975e+02 5.9550598145e+02
5.6909002686e+02 5.7000299072e+02 5.7070800781e+02 5.7203497314e+02 5.7322601318e+02 5.7388201904e+02 5.7411401367e+02 5.7441302490e+02 5.7491601563e+02 5.7574200439e+02 5.7684802246e+02 5.7758801270e+02 5.7828002930e+02 5.7877301025e+02 5.7921600342e+02 5.7983001709e+02 5.8037701416e+02 5.8096600342e+02 5.8157702637e+02 5.8222497559e+02 5.8270202637e+02 5.8351501465e+02 5.8529101563e+02 5.8558001709e+02 5.8581597900e+02 5.8652801514e+02 5.8710302734e+02 5.8743499756e+02 5.8782000732e+02 5.8825097656e+02 5.8876300049e+02 5.8891400146e+02 5.8918499756e+02 5.8961199951e+02 5.8995300293e+02 5.9028497314e+02 5.9073400879e+02 5.9124798584e+02 5.9171899414e+02 5.9229101563e+02 5.9272601318e+02 5.9311700439e+02 5.9355102539e+02 5.9400897217e+02 5.9479199219e+02 5.9564202881e+02
5.6884802246e+02 5.6983099365e+02 5.7055798340e+02 5.7160198975e+02 5.7263299561e+02 5.7329302979e+02 5.7368499756e+02 5.7404998779e+02 5.7432800293e+02 5.7468200684e+02 5.7520098877e+02 5.7620300293e+02 5.7752600098e+02 5.7852301025e+02 5.7901800537e+02 5.7953900146e+02 5.8013800049e+02 5.8067102051e+02 5.8111700439e+02 5.8163800049e+02 5.8219799805e+02 5.8321301270e+02 5.8506097412e+02 5.8528997803e+02 5.8542102051e+02 5.8610101318e+02 5.8677801514e+02 5.8722601318e+02 5.8763098145e+02 5.8800402832e+02 5.8842797852e+02 5.8872802734e+02 5.8909802246e+02 5.8951202393e+02 5.8982501221e+02 5.9018499756e+02 5.9068200684e+02 5.9126000977e+02 5.9177801514e+02 5.9239898682e+02 5.9277502441e+02 5.9308502197e+02 5.9353698730e+02 5.9401000977e+02 5.9465100098e+02 5.9535302734e+02
5.6843499756e+02 5.6943499756e+02 5.7026397705e+02 5.7106500244e+02 5.7191101074e+02 5.7257000732e+02 5.7308398438e+02 5.7359197998e+02 5.7395800781e+02 5.7420599365e+02 5.7434997559e+02 5.7499298096e+02 5.7631298828e+02 5.7770599365e+02 5.7873400879e+02 5.7921002197e+02 5.7978698730e+02 5.8027197266e+02 5.8059399414e+02 5.8105200195e+02 5.8173400879e+02 5.8285601807e+02 5.8453198242e+02 5.8521002197e+02 5.8539398193e+02 5.8586798096e+02 5.8650598145e+02 5.8703399658e+02 5.8744000244e+02 5.8778100586e+02 5.8812500000e+02 5.8855999756e+02 5.8899902344e+02 5.8944598389e+02 5.8979602051e+02 5.9016699219e+02 5.9070898438e+02 5.9133801270e+02 5.9190002441e+02 5.9250500488e+02 5.9279699707e+02 5.9305603027e+02 5.9354498291e+02 5.9401501465e+02 5.9446502686e+02 5.9493701172e+02
5.6805700684e+02 5.6902398682e+02 5.6994598389e+02 5.7061401367e+02 5.7129602051e+02 5.7194097900e+02 5.7256896973e+02 5.7308898926e+02 5.7354797363e+02 5.7390301514e+02 5.7418298340e+02 5.7439898682e+02 5.7491802979e+02 5.7601599121e+02 5.7756799316e+02 5.7880297852e+02 5.7935699463e+02 5.7980700684e+02 5.8026397705e+02 5.8081097412e+02 5.8175598145e+02 5.8296502686e+02 5.8416497803e+02 5.8496899414e+02 5.8552398682e+02 5.8588098145e+02 5.8633099365e+02 5.8692602539e+02 5.8735198975e+02 5.8769396973e+02 5.8802697754e+02 5.8841998291e+02 5.8883801270e+02 5.8929699707e+02 5.8975799561e+02 5.9016900635e+02 5.9072698975e+02 5.9135998535e+02 5.9198699951e+02 5.9242102051e+02 5.9269799805e+02 5.9302801514e+02 5.9351397705e+02 5.9395501709e+02 5.9433197021e+02 5.9467999268e+02
5.6785498047e+02 5.6873297119e+02 5.6958697510e+02 5.7023199463e+02 5.7082000732e+02 5.7136999512e+02 5.7204699707e+02 5.7272399902e+02 5.7323297119e+02 5.7359100342e+02 5.7392401123e+02 5.7427099609e+02 5.7456597900e+02 5.7510900879e+02 5.7638098145e+02 5.7803601074e+02 5.7890997314e+02 5.7938500977e+02 5.7996398926e+02 5.8088897705e+02 5.8177197266e+02 5.8301300049e+02 5.8448999023e+02 5.8493499756e+02 5.8534600830e+02 5.8566601563e+02 5.8607702637e+02 5.8663897705e+02 5.8714599609e+02 5.8755999756e+02 5.8793103027e+02 5.8831298828e+02 5.8876702881e+02 5.8919396973e+02 5.8963500977e+02 5.9005798340e+02 5.9051898193e+02 5.9109698486e+02 5.9175897217e+02 5.9222998047e+02 5.9257202148e+02 5.9292102051e+02 5.9330798340e+02 5.9385797119e+02 5.9424902344e+02 5.9447302246e+02
5.6770800781e+02 5.6844702148e+02 5.6921997070e+02 5.6995800781e+02 5.7053900146e+02 5.7094201660e+02 5.7148797607e+02 5.7230499268e+02 5.7297198486e+02 5.7342999268e+02 5.7384301758e+02 5.7431402588e+02 5.7468200684e+02 5.7500097656e+02 5.7578601074e+02 5.7746502686e+02 5.7855200195e+02 5.7913800049e+02 5.7971197510e+02 5.8060699463e+02 5.8145098877e+02 5.8298199463e+02 5.8491198730e+02 5.8501300049e+02 5.8518902588e+02 5.8546099854e+02 5.8586798096e+02 5.8639801025e+02 5.8694000244e+02 5.8738299561e+02 5.8780499268e+02 5.8817602539e+02 5.8862500000e+02 5.8905798340e+02 5.8944500732e+02 5.8983197021e+02 5.9017700195e+02 5.9067199707e+02 5.9139801025e+02 5.9199597168e+02 5.9234301758e+02 5.9262402344e+02 5.9294799805e+02 5.9367102051e+02 5.9414001465e+02 5.9427398682e+02
5.6752801514e+02 5.6811199951e+02 5.6879901123e+02 5.6975799561e+02 5.7046899414e+02 5.7078900146e+02 5.7112902832e+02 5.7202001953e+02 5.7281298828e+02 5.7337799072e+02 5.7386602783e+02 5.7442797852e+02 5.7491699219e+02 5.7523297119e+02 5.7571600342e+02 5.7709802246e+02 5.7829498291e+02 5.7908099365e+02 5.7964501953e+02 5.8023999023e+02 5.8102502441e+02 5.8280798340e+02 5.8506402588e+02 5.8507000732e+02 5.8513702393e+02 5.8539300537e+02 5.8579797363e+02 5.8632598877e+02 5.8685797119e+02 5.8724401855e+02 5.8761199951e+02 5.8790399170e+02 5.8827197266e+02 5.8870397949e+02 5.8910101318e+02 5.8947399902e+02 5.8976599121e+02 5.9020697021e+02 5.9092401123e+02 5.9155102539e+02 5.9190100098e+02 5.9218902588e+02 5.9255200195e+02 5.9336798096e+02 5.9392700195e+02 5.9407098389e+02
