TESTSERVER/17/0.asc
NCOLS 100
NROWS 100
XLLCORNER 8.3497500000e+03
YLLCORNER 2.8995025000e+05
CELLSIZE 5.0000000000e-01
NODATA_VALUE -9.9990000000e+03
[rows 40 to 59 of 100, columns 46 to 91 of 100]
7.3781097412e+02 7.3793597412e+02 7.3813000488e+02 7.3838299561e+02 7.3864001465e+02 7.3882897949e+02 7.3893597412e+02 7.3897100830e+02 7.3907501221e+02 7.3935400391e+02 7.3984197998e+02 7.4055297852e+02 7.4101202393e+02 7.4146398926e+02 7.4200500488e+02 7.4226702881e+02 7.4244702148e+02 7.4268597412e+02 7.4287902832e+02 7.4295898438e+02 7.4309301758e+02 7.4330700684e+02 7.4351202393e+02 7.4367401123e+02 7.4388397217e+02 7.4411798096e+02 7.4436401367e+02 7.4456298828e+02 7.4468597412e+02 7.4482501221e+02 7.4498199463e+02 7.4510998535e+02 7.4529498291e+02 7.4549700928e+02 7.4573199463e+02 7.4599902344e+02 7.4616802979e+02 7.4630102539e+02 7.4641998291e+02 7.4646801758e+02 7.4650701904e+02 7.4645300293e+02 7.4629199219e+02 7.4617901611e+02 7.4616101074e+02 7.4623999023e+02
7.3762597656e+02 7.3773101807e+02 7.3789300537e+02 7.3812701416e+02 7.3839202881e+02 7.3862402344e+02 7.3877301025e+02 7.3883300781e+02 7.3893597412e+02 7.3916900635e+02 7.3962402344e+02 7.4014599609e+02 7.4060601807e+02 7.4114202881e+02 7.4183197021e+02 7.4218902588e+02 7.4232800293e+02 7.4254199219e+02 7.4273400879e+02 7.4285699463e+02 7.4301202393e+02 7.4319396973e+02 7.4337701416e+02 7.4360797119e+02 7.4382299805e+02 7.4400000000e+02 7.4421398926e+02 7.4442498779e+02 7.4458898926e+02 7.4476300049e+02 7.4492199707e+02 7.4500402832e+02 7.4514599609e+02 7.4531799316e+02 7.4553601074e+02 7.4581701660e+02 7.4597399902e+02 7.4607501221e+02 7.4620001221e+02 7.4628497314e+02 7.4630297852e+02 7.4630102539e+02 7.4624902344e+02 7.4614801025e+02 7.4607202148e+02 7.4610198975e+02
7.3740698242e+02 7.3751800537e+02 7.3764801025e+02 7.3784997559e+02 7.3811102295e+02 7.3836798096e+02 7.3857501221e+02 7.3872698975e+02 7.3888299561e+02 7.3912799072e+02 7.3951098633e+02 7.3988098145e+02 7.4027197266e+02 7.4079101563e+02 7.4150402832e+02 7.4201202393e+02 7.4224902344e+02 7.4244396973e+02 7.4257800293e+02 7.4272698975e+02 7.4292797852e+02 7.4313397217e+02 7.4330499268e+02 7.4356402588e+02 7.4379797363e+02 7.4393298340e+02 7.4406097412e+02 7.4426702881e+02 7.4444897461e+02 7.4465600586e+02 7.4483502197e+02 7.4493902588e+02 7.4506097412e+02 7.4518402100e+02 7.4534698486e+02 7.4559301758e+02 7.4575000000e+02 7.4584698486e+02 7.4595898438e+02 7.4609899902e+02 7.4613500977e+02 7.4614398193e+02 7.4615698242e+02 7.4609002686e+02 7.4599499512e+02 7.4595202637e+02
7.3716400146e+02 7.3729400635e+02 7.3740997314e+02 7.3757897949e+02 7.3781896973e+02 7.3808099365e+02 7.3833599854e+02 7.3859002686e+02 7.3881896973e+02 7.3909197998e+02 7.3944000244e+02 7.3972399902e+02 7.4003198242e+02 7.4045501709e+02 7.4102099609e+02 7.4163500977e+02 7.4207000732e+02 7.4233197021e+02 7.4249200439e+02 7.4264398193e+02 7.4287097168e+02 7.4311999512e+02 7.4331896973e+02 7.4354901123e+02 7.4377099609e+02 7.4389697266e+02 7.4397900391e+02 7.4414801025e+02 7.4430603027e+02 7.4452099609e+02 7.4471502686e+02 7.4486297607e+02 7.4497698975e+02 7.4505200195e+02 7.4515002441e+02 7.4534100342e+02 7.4552001953e+02 7.4562799072e+02 7.4571899414e+02 7.4590100098e+02 7.4596600342e+02 7.4597302246e+02 7.4601300049e+02 7.4600701904e+02 7.4592901611e+02 7.4583300781e+02
7.3691998291e+02 7.3707501221e+02 7.3721697998e+02 7.3735699463e+02 7.3755700684e+02 7.3779699707e+02 7.3806097412e+02 7.3835797119e+02 7.3865197754e+02 7.3896997070e+02 7.3931097412e+02 7.3962500000e+02 7.3990399170e+02 7.4021398926e+02 7.4061199951e+02 7.4124298096e+02 7.4180700684e+02 7.4219097900e+02 7.4251000977e+02 7.4263397217e+02 7.4282800293e+02 7.4308398438e+02 7.4335400391e+02 7.4352001953e+02 7.4371301270e+02 7.4386297607e+02 7.4394097900e+02 7.4403002930e+02 7.4414898682e+02 7.4435998535e+02 7.4455798340e+02 7.4470501709e+02 7.4480499268e+02 7.4487500000e+02 7.4497302246e+02 7.4512200928e+02 7.4529797363e+02 7.4540502930e+02 7.4547399902e+02 7.4565997314e+02 7.4578302002e+02 7.4580902100e+02 7.4584497070e+02 7.4590100098e+02 7.4585998535e+02 7.4575299072e+02
7.3665399170e+02 7.3685400391e+02 7.3701898193e+02 7.3716900635e+02 7.3733801270e+02 7.3754302979e+02 7.3779498291e+02 7.3806896973e+02 7.3835797119e+02 7.3867102051e+02 7.3902502441e+02 7.3940502930e+02 7.3974401855e+02 7.4007299805e+02 7.4047900391e+02 7.4112298584e+02 7.4163299561e+02 7.4198400879e+02 7.4234197998e+02 7.4258697510e+02 7.4280700684e+02 7.4303198242e+02 7.4325799561e+02 7.4346997070e+02 7.4367297363e+02 7.4377197266e+02 7.4384899902e+02 7.4394097900e+02 7.4403601074e+02 7.4419396973e+02 7.4434997559e+02 7.4448400879e+02 7.4461499023e+02 7.4470202637e+02 7.4476599121e+02 7.4486602783e+02 7.4503698730e+02 7.4517602539e+02 7.4526397705e+02 7.4544799805e+02 7.4562097168e+02 7.4565100098e+02 7.4565399170e+02 7.4573498535e+02 7.4578802490e+02 7.4571600342e+02
7.3639300537e+02 7.3662097168e+02 7.3679699707e+02 7.3694097900e+02 7.3710198975e+02 7.3728802490e+02 7.3751202393e+02 7.3776300049e+02 7.3802398682e+02 7.3830798340e+02 7.3864099121e+02 7.3907800293e+02 7.3946899414e+02 7.3983300781e+02 7.4032598877e+02 7.4098999023e+02 7.4141198730e+02 7.4168402100e+02 7.4201202393e+02 7.4236499023e+02 7.4269702148e+02 7.4297497559e+02 7.4318298340e+02 7.4342401123e+02 7.4362500000e+02 7.4372399902e+02 7.4380297852e+02 7.4388897705e+02 7.4397601318e+02 7.4407702637e+02 7.4417199707e+02 7.4428802490e+02 7.4442901611e+02 7.4452099609e+02 7.4455999756e+02 7.4461901855e+02 7.4477301025e+02 7.4493402100e+02 7.4504498291e+02 7.4525598145e+02 7.4547601318e+02 7.4553497314e+02 7.4551501465e+02 7.4557598877e+02 7.4567999268e+02 7.4565502930e+02
7.3613201904e+02 7.3635797119e+02 7.3652697754e+02 7.3667797852e+02 7.3684399414e+02 7.3702301025e+02 7.3722198486e+02 7.3744097900e+02 7.3766900635e+02 7.3791601563e+02 7.3821398926e+02 7.3870098877e+02 7.3913500977e+02 7.3952600098e+02 7.4009197998e+02 7.4078399658e+02 7.4116302490e+02 7.4136700439e+02 7.4160198975e+02 7.4191497803e+02 7.4231799316e+02 7.4275500488e+02 7.4312097168e+02 7.4335198975e+02 7.4349798584e+02 7.4359497070e+02 7.4368103027e+02 7.4376800537e+02 7.4389202881e+02 7.4399700928e+02 7.4405297852e+02 7.4414801025e+02 7.4425299072e+02 7.4433599854e+02 7.4438000488e+02 7.4442700195e+02 7.4455200195e+02 7.4470202637e+02 7.4482397461e+02 7.4503997803e+02 7.4529199219e+02 7.4540899658e+02 7.4541497803e+02 7.4546502686e+02 7.4556402588e+02 7.4555102539e+02
7.3583001709e+02 7.3602001953e+02 7.3617999268e+02 7.3638098145e+02 7.3657501221e+02 7.3676300049e+02 7.3692700195e+02 7.3713000488e+02 7.3734497070e+02 7.3754998779e+02 7.3782098389e+02 7.3832897949e+02 7.3879901123e+02 7.3921002197e+02 7.3972698975e+02 7.4042199707e+02 7.4090399170e+02 7.4114001465e+02 7.4128302002e+02 7.4146398926e+02 7.4180603027e+02 7.4241101074e+02 7.4307299805e+02 7.4330603027e+02 7.4334899902e+02 7.4339300537e+02 7.4348297119e+02 7.4357397461e+02 7.4372100830e+02 7.4383502197e+02 7.4385900879e+02 7.4398101807e+02 7.4407702637e+02 7.4417999268e+02 7.4422100830e+02 7.4426202393e+02 7.4437097168e+02 7.4451800537e+02 7.4463299561e+02 7.4480798340e+02 7.4503497314e+02 7.4520397949e+02 7.4529498291e+02 7.4534002686e+02 7.4536297607e+02 7.4535699463e+02
7.3554699707e+02 7.3572497559e+02 7.3590301514e+02 7.3610797119e+02 7.3632702637e+02 7.3653399658e+02 7.3669799805e+02 7.3687402344e+02 7.3707800293e+02 7.3724200439e+02 7.3748901367e+02 7.3794500732e+02 7.3835998535e+02 7.3871801758e+02 7.3913702393e+02 7.3988500977e+02 7.4060699463e+02 7.4098699951e+02 7.4109197998e+02 7.4120599365e+02 7.4148101807e+02 7.4212799072e+02 7.4284802246e+02 7.4316998291e+02 7.4325299072e+02 7.4328002930e+02 7.4332098389e+02 7.4335198975e+02 7.4348602295e+02 7.4363098145e+02 7.4365197754e+02 7.4372601318e+02 7.4383801270e+02 7.4394396973e+02 7.4400201416e+02 7.4404901123e+02 7.4415600586e+02 7.4431298828e+02 7.4442199707e+02 7.4464202881e+02 7.4484399414e+02 7.4500299072e+02 7.4513598633e+02 7.4514202881e+02 7.4514801025e+02 7.4519000244e+02
7.3531597900e+02 7.3550097656e+02 7.3567901611e+02 7.3587597656e+02 7.3609399414e+02 7.3630499268e+02 7.3648602295e+02 7.3666497803e+02 7.3684698486e+02 7.3697198486e+02 7.3713598633e+02 7.3745898438e+02 7.3781597900e+02 7.3813299561e+02 7.3846899414e+02 7.3920300293e+02 7.4003997803e+02 7.4054602051e+02 7.4067901611e+02 7.4082897949e+02 7.4113098145e+02 7.4172601318e+02 7.4241601563e+02 7.4288201904e+02 7.4312597656e+02 7.4320599365e+02 7.4319000244e+02 7.4316198730e+02 7.4326702881e+02 7.4341101074e+02 7.4344799805e+02 7.4352301025e+02 7.4363098145e+02 7.4369702148e+02 7.4379302979e+02 7.4387902832e+02 7.4397900391e+02 7.4412701416e+02 7.4425598145e+02 7.4448602295e+02 7.4471697998e+02 7.4488000488e+02 7.4502197266e+02 7.4502697754e+02 7.4501000977e+02 7.4504400635e+02
7.3509100342e+02 7.3528497314e+02 7.3547302246e+02 7.3565997314e+02 7.3586401367e+02 7.3606896973e+02 7.3626501465e+02 7.3644396973e+02 7.3660699463e+02 7.3671002197e+02 7.3680297852e+02 7.3700897217e+02 7.3731799316e+02 7.3761401367e+02 7.3788000488e+02 7.3846502686e+02 7.3922399902e+02 7.3974798584e+02 7.3997198486e+02 7.4032598877e+02 7.4075701904e+02 7.4124298096e+02 7.4175402832e+02 7.4233300781e+02 7.4275402832e+02 7.4294299316e+02 7.4298602295e+02 7.4296801758e+02 7.4303198242e+02 7.4313397217e+02 7.4319799805e+02 7.4329602051e+02 7.4341601563e+02 7.4350701904e+02 7.4361700439e+02 7.4373199463e+02 7.4383099365e+02 7.4396398926e+02 7.4413702393e+02 7.4430200195e+02 7.4450299072e+02 7.4466101074e+02 7.4481701660e+02 7.4489599609e+02 7.4489001465e+02 7.4489001465e+02
7.3484197998e+02 7.3502197266e+02 7.3521099854e+02 7.3542700195e+02 7.3561999512e+02 7.3581799316e+02 7.3600201416e+02 7.3615600586e+02 7.3629797363e+02 7.3642102051e+02 7.3654602051e+02 7.3670697021e+02 7.3698797607e+02 7.3730700684e+02 7.3760400391e+02 7.3785797119e+02 7.3836700439e+02 7.3883197021e+02 7.3917498779e+02 7.3977600098e+02 7.4034301758e+02 7.4072399902e+02 7.4101501465e+02 7.4167297363e+02 7.4220001221e+02 7.4246301270e+02 7.4259100342e+02 7.4272998047e+02 7.4280603027e+02 7.4287298584e+02 7.4294299316e+02 7.4303698730e+02 7.4317602539e+02 7.4332702637e+02 7.4341497803e+02 7.4358099365e+02 7.4369598389e+02 7.4380603027e+02 7.4397399902e+02 7.4416302490e+02 7.4432598877e+02 7.4443597412e+02 7.4452697754e+02 7.4465997314e+02 7.4474102783e+02 7.4476599121e+02
7.3459600830e+02 7.3474700928e+02 7.3490997314e+02 7.3511700439e+02 7.3533300781e+02 7.3554998779e+02 7.3573901367e+02 7.3588000488e+02 7.3601898193e+02 7.3615600586e+02 7.3630603027e+02 7.3650701904e+02 7.3671997070e+02 7.3701202393e+02 7.3734899902e+02 7.3766900635e+02 7.3814599609e+02 7.3855401611e+02 7.3872900391e+02 7.3914099121e+02 7.3972802734e+02 7.4025000000e+02 7.4061499023e+02 7.4121801758e+02 7.4184802246e+02 7.4221502686e+02 7.4236700439e+02 7.4246697998e+02 7.4255700684e+02 7.4263299561e+02 7.4267199707e+02 7.4280102539e+02 7.4295397949e+02 7.4312597656e+02 7.4325897217e+02 7.4343200684e+02 7.4358099365e+02 7.4368103027e+02 7.4381298828e+02 7.4402099609e+02 7.4422900391e+02 7.4432299805e+02 7.4433398438e+02 7.4439300537e+02 7.4450500488e+02 7.4460797119e+02
7.3434600830e+02 7.3447900391e+02 7.3461297607e+02 7.3481597900e+02 7.3504199219e+02 7.3527197266e+02 7.3548699951e+02 7.3566101074e+02 7.3580700684e+02 7.3593902588e+02 7.3607598877e+02 7.3631402588e+02 7.3649200439e+02 7.3669396973e+02 7.3700500488e+02 7.3733599854e+02 7.3772100830e+02 7.3804101563e+02 7.3818701172e+02 7.3845697021e+02 7.3903601074e+02 7.3974700928e+02 7.4032897949e+02 7.4088098145e+02 7.4150299072e+02 7.4190301514e+02 7.4205297852e+02 7.4207000732e+02 7.4215197754e+02 7.4234197998e+02 7.4246600342e+02 7.4256298828e+02 7.4269201660e+02 7.4289697266e+02 7.4310498047e+02 7.4325000000e+02 7.4337799072e+02 7.4346801758e+02 7.4359301758e+02 7.4379901123e+02 7.4401800537e+02 7.4411700439e+02 7.4413299561e+02 7.4419500732e+02 7.4430297852e+02 7.4442498779e+02
7.3408502197e+02 7.3421099854e+02 7.3432897949e+02 7.3452099609e+02 7.3474597168e+02 7.3497998047e+02 7.3523101807e+02 7.3545397949e+02 7.3561102295e+02 7.3573602295e+02 7.3583300781e+02 7.3607202148e+02 7.3625402832e+02 7.3638702393e+02 7.3659899902e+02 7.3686700439e+02 7.3710601807e+02 7.3735900879e+02 7.3763897705e+02 7.3786199951e+02 7.3834600830e+02 7.3911700439e+02 7.3992199707e+02 7.4055603027e+02 7.4111798096e+02 7.4144702148e+02 7.4159899902e+02 7.4157397461e+02 7.4161901855e+02 7.4198297119e+02 7.4232897949e+02 7.4240100098e+02 7.4246398926e+02 7.4265502930e+02 7.4292102051e+02 7.4307098389e+02 7.4320599365e+02 7.4331500244e+02 7.4339300537e+02 7.4353198242e+02 7.4371398926e+02 7.4382800293e+02 7.4389001465e+02 7.4400598145e+02 7.4412200928e+02 7.4425799561e+02
7.3381701660e+02 7.3394396973e+02 7.3404602051e+02 7.3424298096e+02 7.3445898438e+02 7.3469000244e+02 7.3495300293e+02 7.3521398926e+02 7.3539001465e+02 7.3551300049e+02 7.3559600830e+02 7.3577001953e+02 7.3596502686e+02 7.3612402344e+02 7.3630200195e+02 7.3659002686e+02 7.3681201172e+02 7.3701202393e+02 7.3728698730e+02 7.3746398926e+02 7.3776800537e+02 7.3840301514e+02 7.3926397705e+02 7.3992297363e+02 7.4055700684e+02 7.4091400146e+02 7.4100500488e+02 7.4097900391e+02 7.4104400635e+02 7.4150000000e+02 7.4208398438e+02 7.4233599854e+02 7.4238299561e+02 7.4248498535e+02 7.4272802734e+02 7.4288598633e+02 7.4304302979e+02 7.4319897461e+02 7.4326300049e+02 7.4333197021e+02 7.4343902588e+02 7.4354302979e+02 7.4365301514e+02 7.4380700684e+02 7.4387597656e+02 7.4397998047e+02
7.3350402832e+02 7.3365997314e+02 7.3377899170e+02 7.3397198486e+02 7.3418798828e+02 7.3441198730e+02 7.3465100098e+02 7.3491497803e+02 7.3511901855e+02 7.3526898193e+02 7.3536798096e+02 7.3551000977e+02 7.3567199707e+02 7.3584197998e+02 7.3602398682e+02 7.3629602051e+02 7.3657897949e+02 7.3676501465e+02 7.3697601318e+02 7.3716601563e+02 7.3736401367e+02 7.3773901367e+02 7.3821197510e+02 7.3871301270e+02 7.3952801514e+02 7.4014099121e+02 7.4028802490e+02 7.4029101563e+02 7.4046197510e+02 7.4098797607e+02 7.4181402588e+02 7.4228802490e+02 7.4233697510e+02 7.4234002686e+02 7.4251599121e+02 7.4267999268e+02 7.4282501221e+02 7.4296099854e+02 7.4304302979e+02 7.4313598633e+02 7.4321301270e+02 7.4329699707e+02 7.4342102051e+02 7.4357000732e+02 7.4366802979e+02 7.4375299072e+02
7.3316302490e+02 7.3335302734e+02 7.3351000977e+02 7.3370098877e+02 7.3391198730e+02 7.3412799072e+02 7.3434399414e+02 7.3459600830e+02 7.3481701660e+02 7.3499700928e+02 7.3514501953e+02 7.3529199219e+02 7.3543200684e+02 7.3559899902e+02 7.3578198242e+02 7.3600701904e+02 7.3628601074e+02 7.3645800781e+02 7.3665002441e+02 7.3688397217e+02 7.3708599854e+02 7.3732299805e+02 7.3757598877e+02 7.3790600586e+02 7.3857202148e+02 7.3919500732e+02 7.3956298828e+02 7.3977001953e+02 7.4002697754e+02 7.4058001709e+02 7.4143902588e+02 7.4212500000e+02 7.4229699707e+02 7.4221398926e+02 7.4224798584e+02 7.4241998291e+02 7.4260797119e+02 7.4273797607e+02 7.4282000732e+02 7.4296197510e+02 7.4303900146e+02 7.4308801270e+02 7.4321099854e+02 7.4337298584e+02 7.4348699951e+02 7.4359301758e+02
7.3281799316e+02 7.3304199219e+02 7.3324298096e+02 7.3343597412e+02 7.3364300537e+02 7.3384997559e+02 7.3404302979e+02 7.3427301025e+02 7.3450000000e+02 7.3470397949e+02 7.3489801025e+02 7.3505297852e+02 7.3517602539e+02 7.3534197998e+02 7.3555999756e+02 7.3578802490e+02 7.3602301025e+02 7.3617700195e+02 7.3638000488e+02 7.3663800049e+02 7.3689001465e+02 7.3715100098e+02 7.3743103027e+02 7.3776300049e+02 7.3821697998e+02 7.3864001465e+02 7.3903802490e+02 7.3938201904e+02 7.3967102051e+02 7.4015997314e+02 7.4091198730e+02 7.4175299072e+02 7.4218499756e+02 7.4213702393e+02 7.4203198242e+02 7.4216400146e+02 7.4239697266e+02 7.4254998779e+02 7.4260998535e+02 7.4274102783e+02 7.4281799316e+02 7.4285797119e+02 7.4298498535e+02 7.4317700195e+02 7.4330499268e+02 7.4342102051e+02
