TESTSERVER/17/0.asc
NCOLS 100
NROWS 100
XLLCORNER 8.3497500000e+03
YLLCORNER 2.8995025000e+05
CELLSIZE 5.0000000000e-01
NODATA_VALUE -9.9990000000e+03
[rows 80 to 99 of 100, columns 0 to 45 of 100]
7.1923602295e+02 7.1927502441e+02 7.1932800293e+02 7.1941400146e+02 7.1954498291e+02 7.1958197021e+02 7.1962902832e+02 7.1970098877e+02 7.1979602051e+02 7.1992700195e+02 7.2000000000e+02 7.2004901123e+02 7.2017901611e+02 7.2029101563e+02 7.2040301514e+02 7.2053198242e+02 7.2070800781e+02 7.2089801025e+02 7.2101599121e+02 7.2107897949e+02 7.2112097168e+02 7.2126898193e+02 7.2150799561e+02 7.2169897461e+02 7.2181799316e+02 7.2189501953e+02 7.2205999756e+02 7.2230200195e+02 7.2247802734e+02 7.2277697754e+02 7.2306701660e+02 7.2334399414e+02 7.2357501221e+02 7.2371697998e+02 7.2385900879e+02 7.2397100830e+02 7.2410998535e+02 7.2431597900e+02 7.2457397461e+02 7.2484100342e+02 7.2511401367e+02 7.2526898193e+02 7.2545098877e+02 7.2565100098e+02 7.2578997803e+02 7.2600701904e+02
7.1881201172e+02 7.1890197754e+02 7.1897601318e+02 7.1909899902e+02 7.1928698730e+02 7.1940399170e+02 7.1943701172e+02 7.1945397949e+02 7.1947698975e+02 7.1956402588e+02 7.1971997070e+02 7.1979901123e+02 7.1988098145e+02 7.1998297119e+02 7.2009802246e+02 7.2022698975e+02 7.2038299561e+02 7.2054797363e+02 7.2068298340e+02 7.2079699707e+02 7.2089202881e+02 7.2101300049e+02 7.2118902588e+02 7.2133599854e+02 7.2144201660e+02 7.2157897949e+02 7.2178002930e+02 7.2199902344e+02 7.2216802979e+02 7.2238000488e+02 7.2264501953e+02 7.2295001221e+02 7.2321502686e+02 7.2340100098e+02 7.2355102539e+02 7.2366802979e+02 7.2378997803e+02 7.2394396973e+02 7.2415899658e+02 7.2442199707e+02 7.2469598389e+02 7.2491699219e+02 7.2513299561e+02 7.2536297607e+02 7.2549798584e+02 7.2566198730e+02
7.1843701172e+02 7.1857897949e+02 7.1863397217e+02 7.1871002197e+02 7.1888598633e+02 7.1906298828e+02 7.1919000244e+02 7.1927001953e+02 7.1929199219e+02 7.1934497070e+02 7.1947601318e+02 7.1955102539e+02 7.1959399414e+02 7.1968798828e+02 7.1980798340e+02 7.1994000244e+02 7.2007397461e+02 7.2022100830e+02 7.2036602783e+02 7.2050799561e+02 7.2064697266e+02 7.2076397705e+02 7.2091198730e+02 7.2102099609e+02 7.2109197998e+02 7.2127801514e+02 7.2152301025e+02 7.2174700928e+02 7.2191900635e+02 7.2208197021e+02 7.2228497314e+02 7.2253802490e+02 7.2280297852e+02 7.2301202393e+02 7.2316998291e+02 7.2330297852e+02 7.2343597412e+02 7.2357501221e+02 7.2377600098e+02 7.2403601074e+02 7.2432702637e+02 7.2465802002e+02 7.2485302734e+02 7.2504797363e+02 7.2521398926e+02 7.2533697510e+02
7.1801202393e+02 7.1817199707e+02 7.1825500488e+02 7.1833898926e+02 7.1848199463e+02 7.1860400391e+02 7.1875000000e+02 7.1893499756e+02 7.1909002686e+02 7.1916302490e+02 7.1923797607e+02 7.1929998779e+02 7.1934197998e+02 7.1942797852e+02 7.1954998779e+02 7.1967999268e+02 7.1979101563e+02 7.1991601563e+02 7.2006597900e+02 7.2022802734e+02 7.2039501953e+02 7.2045800781e+02 7.2058099365e+02 7.2071301270e+02 7.2079699707e+02 7.2097698975e+02 7.2124298096e+02 7.2148400879e+02 7.2167999268e+02 7.2183697510e+02 7.2201000977e+02 7.2221301270e+02 7.2242401123e+02 7.2261297607e+02 7.2276501465e+02 7.2290802002e+02 7.2307000732e+02 7.2323498535e+02 7.2344201660e+02 7.2370501709e+02 7.2404797363e+02 7.2451098633e+02 7.2461602783e+02 7.2469799805e+02 7.2491497803e+02 7.2507800293e+02
7.1765802002e+02 7.1773498535e+02 7.1781701660e+02 7.1792498779e+02 7.1808697510e+02 7.1822198486e+02 7.1831500244e+02 7.1849102783e+02 7.1874401855e+02 7.1893298340e+02 7.1899798584e+02 7.1905700684e+02 7.1914300537e+02 7.1919897461e+02 7.1931597900e+02 7.1944299316e+02 7.1952801514e+02 7.1962902832e+02 7.1980102539e+02 7.1999902344e+02 7.2019000244e+02 7.2018499756e+02 7.2027197266e+02 7.2044702148e+02 7.2058001709e+02 7.2069396973e+02 7.2092498779e+02 7.2117797852e+02 7.2140899658e+02 7.2158599854e+02 7.2178399658e+02 7.2200097656e+02 7.2219396973e+02 7.2225897217e+02 7.2238098145e+02 7.2253399658e+02 7.2271801758e+02 7.2292297363e+02 7.2315802002e+02 7.2341101074e+02 7.2375000000e+02 7.2439801025e+02 7.2438702393e+02 7.2431799316e+02 7.2456896973e+02 7.2481896973e+02
7.1736700439e+02 7.1740600586e+02 7.1746899414e+02 7.1758502197e+02 7.1774499512e+02 7.1793200684e+02 7.1806500244e+02 7.1819500732e+02 7.1845599365e+02 7.1866900635e+02 7.1875000000e+02 7.1884399414e+02 7.1896301270e+02 7.1903002930e+02 7.1912500000e+02 7.1921398926e+02 7.1927899170e+02 7.1936199951e+02 7.1952502441e+02 7.1973199463e+02 7.1988897705e+02 7.1996697998e+02 7.2005603027e+02 7.2019396973e+02 7.2032897949e+02 7.2046600342e+02 7.2064599609e+02 7.2087500000e+02 7.2110400391e+02 7.2132299805e+02 7.2156500244e+02 7.2181701660e+02 7.2198400879e+02 7.2203497314e+02 7.2209301758e+02 7.2221502686e+02 7.2237097168e+02 7.2267102051e+02 7.2299499512e+02 7.2318103027e+02 7.2336297607e+02 7.2388098145e+02 7.2397698975e+02 7.2397198486e+02 7.2422802734e+02 7.2447698975e+02
7.1714697266e+02 7.1714599609e+02 7.1720098877e+02 7.1732800293e+02 7.1745397949e+02 7.1764300537e+02 7.1782397461e+02 7.1794598389e+02 7.1817102051e+02 7.1837902832e+02 7.1849200439e+02 7.1857702637e+02 7.1869702148e+02 7.1884899902e+02 7.1897900391e+02 7.1902801514e+02 7.1902600098e+02 7.1912298584e+02 7.1924200439e+02 7.1939099121e+02 7.1954302979e+02 7.1968597412e+02 7.1977398682e+02 7.1987097168e+02 7.2005102539e+02 7.2026202393e+02 7.2045300293e+02 7.2066699219e+02 7.2082598877e+02 7.2105297852e+02 7.2132598877e+02 7.2159002686e+02 7.2171502686e+02 7.2175500488e+02 7.2180102539e+02 7.2189599609e+02 7.2203100586e+02 7.2245202637e+02 7.2288702393e+02 7.2308697510e+02 7.2311602783e+02 7.2335699463e+02 7.2357397461e+02 7.2370397949e+02 7.2390502930e+02 7.2416400146e+02
7.1696197510e+02 7.1691198730e+02 7.1692199707e+02 7.1704400635e+02 7.1718103027e+02 7.1735101318e+02 7.1751599121e+02 7.1762097168e+02 7.1780902100e+02 7.1803601074e+02 7.1822399902e+02 7.1830200195e+02 7.1834899902e+02 7.1855798340e+02 7.1878399658e+02 7.1885198975e+02 7.1878002930e+02 7.1891802979e+02 7.1901098633e+02 7.1909197998e+02 7.1921301270e+02 7.1937298584e+02 7.1945599365e+02 7.1952600098e+02 7.1972198486e+02 7.1996099854e+02 7.2026599121e+02 7.2057897949e+02 7.2065502930e+02 7.2080999756e+02 7.2103002930e+02 7.2125701904e+02 7.2136401367e+02 7.2142999268e+02 7.2151397705e+02 7.2160400391e+02 7.2168200684e+02 7.2205603027e+02 7.2255999756e+02 7.2291699219e+02 7.2302502441e+02 7.2310797119e+02 7.2329400635e+02 7.2340698242e+02 7.2354998779e+02 7.2383697510e+02
7.1677697754e+02 7.1670098877e+02 7.1664300537e+02 7.1670697021e+02 7.1686798096e+02 7.1706896973e+02 7.1719396973e+02 7.1725299072e+02 7.1737097168e+02 7.1762597656e+02 7.1787597656e+02 7.1799700928e+02 7.1799298096e+02 7.1817297363e+02 7.1848498535e+02 7.1861102295e+02 7.1853997803e+02 7.1870697021e+02 7.1882702637e+02 7.1886199951e+02 7.1890100098e+02 7.1905902100e+02 7.1916101074e+02 7.1927099609e+02 7.1947302246e+02 7.1966101074e+02 7.2003900146e+02 7.2045397949e+02 7.2057397461e+02 7.2060400391e+02 7.2071197510e+02 7.2087402344e+02 7.2104199219e+02 7.2115197754e+02 7.2128900146e+02 7.2137597656e+02 7.2138500977e+02 7.2144598389e+02 7.2179602051e+02 7.2238397217e+02 7.2295098877e+02 7.2293701172e+02 7.2298999023e+02 7.2306896973e+02 7.2317498779e+02 7.2343701172e+02
7.1658898926e+02 7.1648400879e+02 7.1640600586e+02 7.1643103027e+02 7.1654901123e+02 7.1674102783e+02 7.1691699219e+02 7.1700897217e+02 7.1708599854e+02 7.1724200439e+02 7.1744201660e+02 7.1760797119e+02 7.1767297363e+02 7.1779998779e+02 7.1804602051e+02 7.1814202881e+02 7.1812597656e+02 7.1828601074e+02 7.1853100586e+02 7.1867102051e+02 7.1869299316e+02 7.1878302002e+02 7.1889001465e+02 7.1903698730e+02 7.1922998047e+02 7.1943499756e+02 7.1972802734e+02 7.2008099365e+02 7.2022998047e+02 7.2028698730e+02 7.2041601563e+02 7.2055401611e+02 7.2069702148e+02 7.2086199951e+02 7.2103601074e+02 7.2115399170e+02 7.2117297363e+02 7.2118402100e+02 7.2125097656e+02 7.2162500000e+02 7.2238000488e+02 7.2277398682e+02 7.2272399902e+02 7.2272497559e+02 7.2284301758e+02 7.2299298096e+02
7.1643103027e+02 7.1627899170e+02 7.1618402100e+02 7.1617901611e+02 7.1625201416e+02 7.1638397217e+02 7.1657299805e+02 7.1672900391e+02 7.1684197998e+02 7.1694702148e+02 7.1708300781e+02 7.1722698975e+02 7.1732598877e+02 7.1738299561e+02 7.1752301025e+02 7.1766101074e+02 7.1778002930e+02 7.1788000488e+02 7.1810900879e+02 7.1831201172e+02 7.1842401123e+02 7.1854101563e+02 7.1869000244e+02 7.1883099365e+02 7.1895599365e+02 7.1911297607e+02 7.1929302979e+02 7.1954699707e+02 7.1977502441e+02 7.1995501709e+02 7.2017401123e+02 7.2033300781e+02 7.2042498779e+02 7.2053997803e+02 7.2069702148e+02 7.2083398438e+02 7.2092297363e+02 7.2093902588e+02 7.2094097900e+02 7.2108099365e+02 7.2161999512e+02 7.2218298340e+02 7.2224298096e+02 7.2230999756e+02 7.2264398193e+02 7.2276098633e+02
7.1615899658e+02 7.1607897949e+02 7.1596697998e+02 7.1591497803e+02 7.1594201660e+02 7.1606597900e+02 7.1625097656e+02 7.1640197754e+02 7.1654998779e+02 7.1669097900e+02 7.1680999756e+02 7.1691699219e+02 7.1700598145e+02 7.1703497314e+02 7.1711102295e+02 7.1727398682e+02 7.1746301270e+02 7.1751898193e+02 7.1766198730e+02 7.1785498047e+02 7.1806097412e+02 7.1825799561e+02 7.1845098877e+02 7.1859100342e+02 7.1871197510e+02 7.1885498047e+02 7.1898602295e+02 7.1916400146e+02 7.1940002441e+02 7.1964501953e+02 7.1990802002e+02 7.2010498047e+02 7.2021002197e+02 7.2027099609e+02 7.2041198730e+02 7.2054199219e+02 7.2065997314e+02 7.2069396973e+02 7.2074200439e+02 7.2082501221e+02 7.2110302734e+02 7.2147802734e+02 7.2163702393e+02 7.2193200684e+02 7.2259197998e+02 7.2265002441e+02
7.1567797852e+02 7.1583697510e+02 7.1574499512e+02 7.1564801025e+02 7.1566101074e+02 7.1581500244e+02 7.1602301025e+02 7.1614501953e+02 7.1624700928e+02 7.1643298340e+02 7.1657501221e+02 7.1667498779e+02 7.1674401855e+02 7.1678900146e+02 7.1684002686e+02 7.1696002197e+02 7.1709002686e+02 7.1717498779e+02 7.1731500244e+02 7.1750097656e+02 7.1768902588e+02 7.1791998291e+02 7.1812799072e+02 7.1829302979e+02 7.1844799805e+02 7.1865399170e+02 7.1882897949e+02 7.1897497559e+02 7.1909600830e+02 7.1926098633e+02 7.1947198486e+02 7.1970098877e+02 7.1992199707e+02 7.1996197510e+02 7.2009899902e+02 7.2022998047e+02 7.2035900879e+02 7.2044897461e+02 7.2053302002e+02 7.2064202881e+02 7.2085797119e+02 7.2105200195e+02 7.2122601318e+02 7.2160400391e+02 7.2226098633e+02 7.2243902588e+02
7.1529302979e+02 7.1550000000e+02 7.1546899414e+02 7.1537799072e+02 7.1532202148e+02 7.1541400146e+02 7.1563397217e+02 7.1581500244e+02 7.1592602539e+02 7.1615502930e+02 7.1628997803e+02 7.1641601563e+02 7.1651599121e+02 7.1657598877e+02 7.1660797119e+02 7.1669201660e+02 7.1682397461e+02 7.1688201904e+02 7.1700897217e+02 7.1718701172e+02 7.1735498047e+02 7.1760101318e+02 7.1783502197e+02 7.1802502441e+02 7.1818701172e+02 7.1840899658e+02 7.1862097168e+02 7.1877899170e+02 7.1888897705e+02 7.1899597168e+02 7.1910998535e+02 7.1928802490e+02 7.1954302979e+02 7.1965899658e+02 7.1980297852e+02 7.1994396973e+02 7.2010198975e+02 7.2020001221e+02 7.2031201172e+02 7.2048199463e+02 7.2067797852e+02 7.2082800293e+02 7.2094097900e+02 7.2111499023e+02 7.2151599121e+02 7.2179302979e+02
7.1484600830e+02 7.1508099365e+02 7.1519201660e+02 7.1517901611e+02 7.1506799316e+02 7.1507702637e+02 7.1519702148e+02 7.1535998535e+02 7.1551397705e+02 7.1579199219e+02 7.1598999023e+02 7.1619299316e+02 7.1634399414e+02 7.1639898682e+02 7.1641601563e+02 7.1646398926e+02 7.1657397461e+02 7.1662097168e+02 7.1673400879e+02 7.1690600586e+02 7.1705603027e+02 7.1727899170e+02 7.1752197266e+02 7.1773901367e+02 7.1793200684e+02 7.1817700195e+02 7.1839697266e+02 7.1855499268e+02 7.1868103027e+02 7.1882702637e+02 7.1892102051e+02 7.1904998779e+02 7.1922802734e+02 7.1933398438e+02 7.1948297119e+02 7.1967297363e+02 7.1989801025e+02 7.2001599121e+02 7.2013897705e+02 7.2030297852e+02 7.2044201660e+02 7.2059997559e+02 7.2076397705e+02 7.2092102051e+02 7.2114001465e+02 7.2142199707e+02
7.1442199707e+02 7.1457800293e+02 7.1480798340e+02 7.1495001221e+02 7.1491198730e+02 7.1488098145e+02 7.1489599609e+02 7.1500299072e+02 7.1517498779e+02 7.1542999268e+02 7.1567102051e+02 7.1593701172e+02 7.1614501953e+02 7.1618103027e+02 7.1619799805e+02 7.1624700928e+02 7.1634002686e+02 7.1638800049e+02 7.1650000000e+02 7.1667700195e+02 7.1681402588e+02 7.1699200439e+02 7.1721398926e+02 7.1743499756e+02 7.1765502930e+02 7.1791497803e+02 7.1812701416e+02 7.1828002930e+02 7.1840698242e+02 7.1861798096e+02 7.1876800537e+02 7.1890301514e+02 7.1903497314e+02 7.1907299805e+02 7.1919299316e+02 7.1939001465e+02 7.1961901855e+02 7.1974700928e+02 7.1990002441e+02 7.2008099365e+02 7.2021801758e+02 7.2038598633e+02 7.2058099365e+02 7.2078002930e+02 7.2097698975e+02 7.2120800781e+02
7.1415197754e+02 7.1422698975e+02 7.1443597412e+02 7.1464501953e+02 7.1473199463e+02 7.1466302490e+02 7.1466101074e+02 7.1474597168e+02 7.1493499756e+02 7.1519500732e+02 7.1540899658e+02 7.1564300537e+02 7.1583197021e+02 7.1587902832e+02 7.1590802002e+02 7.1599798584e+02 7.1613897705e+02 7.1622399902e+02 7.1632897949e+02 7.1647399902e+02 7.1663598633e+02 7.1676397705e+02 7.1692901611e+02 7.1711602783e+02 7.1733801270e+02 7.1758001709e+02 7.1778399658e+02 7.1795300293e+02 7.1812298584e+02 7.1833001709e+02 7.1852001953e+02 7.1867901611e+02 7.1878002930e+02 7.1890502930e+02 7.1902899170e+02 7.1917401123e+02 7.1935699463e+02 7.1944702148e+02 7.1962298584e+02 7.1985601807e+02 7.2007000732e+02 7.2020300293e+02 7.2033197021e+02 7.2051000977e+02 7.2074499512e+02 7.2096697998e+02
7.1392999268e+02 7.1397698975e+02 7.1411999512e+02 7.1431201172e+02 7.1446502686e+02 7.1441802979e+02 7.1441497803e+02 7.1449700928e+02 7.1466400146e+02 7.1493798828e+02 7.1515197754e+02 7.1537799072e+02 7.1552398682e+02 7.1561798096e+02 7.1566497803e+02 7.1575799561e+02 7.1592700195e+02 7.1606500244e+02 7.1616400146e+02 7.1625799561e+02 7.1638201904e+02 7.1651202393e+02 7.1664898682e+02 7.1680499268e+02 7.1700299072e+02 7.1722302246e+02 7.1742797852e+02 7.1761798096e+02 7.1780499268e+02 7.1802001953e+02 7.1821801758e+02 7.1838500977e+02 7.1851702881e+02 7.1870898438e+02 7.1890100098e+02 7.1905798340e+02 7.1918200684e+02 7.1931097412e+02 7.1940301514e+02 7.1953497314e+02 7.1971301270e+02 7.1991198730e+02 7.2001702881e+02 7.2020202637e+02 7.2045098877e+02 7.2070599365e+02
7.1367901611e+02 7.1372998047e+02 7.1383300781e+02 7.1400701904e+02 7.1421899414e+02 7.1420697021e+02 7.1419299316e+02 7.1426098633e+02 7.1441900635e+02 7.1464300537e+02 7.1484197998e+02 7.1505200195e+02 7.1515600586e+02 7.1530902100e+02 7.1538598633e+02 7.1547802734e+02 7.1567199707e+02 7.1586999512e+02 7.1598999023e+02 7.1605499268e+02 7.1612799072e+02 7.1625201416e+02 7.1637597656e+02 7.1651000977e+02 7.1667102051e+02 7.1686798096e+02 7.1706500244e+02 7.1725799561e+02 7.1745800781e+02 7.1768200684e+02 7.1789202881e+02 7.1807299805e+02 7.1821398926e+02 7.1839202881e+02 7.1862298584e+02 7.1879498291e+02 7.1879699707e+02 7.1891198730e+02 7.1911401367e+02 7.1925897217e+02 7.1939202881e+02 7.1957098389e+02 7.1969097900e+02 7.1990100098e+02 7.2008599854e+02 7.2036401367e+02
7.1344897461e+02 7.1352197266e+02 7.1358001709e+02 7.1370098877e+02 7.1393200684e+02 7.1399401855e+02 7.1397198486e+02 7.1399700928e+02 7.1416101074e+02 7.1434600830e+02 7.1454400635e+02 7.1475097656e+02 7.1482501221e+02 7.1498999023e+02 7.1509802246e+02 7.1521197510e+02 7.1541802979e+02 7.1566400146e+02 7.1581298828e+02 7.1586102295e+02 7.1588299561e+02 7.1599597168e+02 7.1610998535e+02 7.1623199463e+02 7.1636798096e+02 7.1653802490e+02 7.1671899414e+02 7.1690802002e+02 7.1711602783e+02 7.1734399414e+02 7.1755902100e+02 7.1774902344e+02 7.1789001465e+02 7.1804101563e+02 7.1832098389e+02 7.1857897949e+02 7.1859600830e+02 7.1865899658e+02 7.1887097168e+02 7.1905902100e+02 7.1920599365e+02 7.1932000732e+02 7.1948400879e+02 7.1982501221e+02 7.1993499756e+02 7.2005798340e+02
