TESTSERVER/17/0.asc
NCOLS 100
NROWS 100
XLLCORNER 8.3497500000e+03
YLLCORNER 2.8995025000e+05
CELLSIZE 5.0000000000e-01
NODATA_VALUE -9.9990000000e+03
[rows 60 to 79 of 100, columns 46 to 91 of 100]
7.3247998047e+02 7.3273101807e+02 7.3300701904e+02 7.3318902588e+02 7.3337097168e+02 7.3355999756e+02 7.3375201416e+02 7.3397100830e+02 7.3418597412e+02 7.3439501953e+02 7.3463299561e+02 7.3477197266e+02 7.3487799072e+02 7.3505200195e+02 7.3529797363e+02 7.3552801514e+02 7.3572802734e+02 7.3590899658e+02 7.3613000488e+02 7.3639501953e+02 7.3667498779e+02 7.3698699951e+02 7.3731298828e+02 7.3771899414e+02 7.3816998291e+02 7.3845300293e+02 7.3876098633e+02 7.3905798340e+02 7.3934100342e+02 7.3980902100e+02 7.4051098633e+02 7.4122198486e+02 7.4180200195e+02 7.4192401123e+02 7.4188000488e+02 7.4195300293e+02 7.4222601318e+02 7.4242199707e+02 7.4245800781e+02 7.4249902344e+02 7.4253997803e+02 7.4260900879e+02 7.4276397705e+02 7.4298699951e+02 7.4313702393e+02 7.4329199219e+02
7.3215502930e+02 7.3240997314e+02 7.3269799805e+02 7.3290997314e+02 7.3308502197e+02 7.3327301025e+02 7.3347302246e+02 7.3368200684e+02 7.3388000488e+02 7.3407897949e+02 7.3431500244e+02 7.3447497559e+02 7.3460400391e+02 7.3480499268e+02 7.3504998779e+02 7.3527099609e+02 7.3545697021e+02 7.3566302490e+02 7.3591802979e+02 7.3616699219e+02 7.3642797852e+02 7.3665002441e+02 7.3686999512e+02 7.3731500244e+02 7.3797998047e+02 7.3832397461e+02 7.3845001221e+02 7.3867602539e+02 7.3901800537e+02 7.3958001709e+02 7.4022100830e+02 7.4078497314e+02 7.4116601563e+02 7.4128497314e+02 7.4139398193e+02 7.4155200195e+02 7.4195501709e+02 7.4226501465e+02 7.4226702881e+02 7.4224597168e+02 7.4226202393e+02 7.4237097168e+02 7.4261199951e+02 7.4289001465e+02 7.4301800537e+02 7.4310498047e+02
7.3183099365e+02 7.3209100342e+02 7.3236700439e+02 7.3258697510e+02 7.3278497314e+02 7.3299102783e+02 7.3319299316e+02 7.3338897705e+02 7.3357702637e+02 7.3377502441e+02 7.3400598145e+02 7.3419598389e+02 7.3436297607e+02 7.3456402588e+02 7.3478198242e+02 7.3504199219e+02 7.3527502441e+02 7.3547998047e+02 7.3571899414e+02 7.3597900391e+02 7.3624401855e+02 7.3644799805e+02 7.3662097168e+02 7.3688702393e+02 7.3737902832e+02 7.3771197510e+02 7.3789898682e+02 7.3819500732e+02 7.3863397217e+02 7.3928002930e+02 7.3998297119e+02 7.4053698730e+02 7.4082702637e+02 7.4086798096e+02 7.4095300293e+02 7.4111102295e+02 7.4160498047e+02 7.4205102539e+02 7.4203198242e+02 7.4201898193e+02 7.4207397461e+02 7.4218200684e+02 7.4236999512e+02 7.4263397217e+02 7.4281799316e+02 7.4294500732e+02
7.3152197266e+02 7.3178302002e+02 7.3203601074e+02 7.3226397705e+02 7.3249102783e+02 7.3271600342e+02 7.3292700195e+02 7.3311499023e+02 7.3329998779e+02 7.3350402832e+02 7.3376898193e+02 7.3400897217e+02 7.3417401123e+02 7.3433801270e+02 7.3452398682e+02 7.3479199219e+02 7.3504901123e+02 7.3523699951e+02 7.3543103027e+02 7.3566198730e+02 7.3595501709e+02 7.3626599121e+02 7.3653399658e+02 7.3673999023e+02 7.3696099854e+02 7.3717901611e+02 7.3740997314e+02 7.3773199463e+02 7.3824401855e+02 7.3894702148e+02 7.3968597412e+02 7.4029602051e+02 7.4065399170e+02 7.4069897461e+02 7.4064898682e+02 7.4069201660e+02 7.4112701416e+02 7.4165802002e+02 7.4173901367e+02 7.4185998535e+02 7.4198297119e+02 7.4202697754e+02 7.4210302734e+02 7.4238897705e+02 7.4262298584e+02 7.4279797363e+02
7.3120697021e+02 7.3148699951e+02 7.3174102783e+02 7.3196899414e+02 7.3223999023e+02 7.3246801758e+02 7.3269799805e+02 7.3290502930e+02 7.3306500244e+02 7.3327697754e+02 7.3358197021e+02 7.3380902100e+02 7.3396697998e+02 7.3410198975e+02 7.3425598145e+02 7.3447698975e+02 7.3470397949e+02 7.3490997314e+02 7.3514697266e+02 7.3535601807e+02 7.3560797119e+02 7.3591998291e+02 7.3624102783e+02 7.3651501465e+02 7.3670300293e+02 7.3690600586e+02 7.3715002441e+02 7.3746697998e+02 7.3803198242e+02 7.3871301270e+02 7.3931896973e+02 7.3984802246e+02 7.4032501221e+02 7.4053497314e+02 7.4050897217e+02 7.4045599365e+02 7.4064501953e+02 7.4098400879e+02 7.4122302246e+02 7.4154699707e+02 7.4170001221e+02 7.4173101807e+02 7.4184997559e+02 7.4222198486e+02 7.4251000977e+02 7.4269702148e+02
7.3092401123e+02 7.3132702637e+02 7.3167700195e+02 7.3179998779e+02 7.3198699951e+02 7.3216400146e+02 7.3241601563e+02 7.3265197754e+02 7.3279699707e+02 7.3301397705e+02 7.3324902344e+02 7.3347601318e+02 7.3368402100e+02 7.3385699463e+02 7.3401800537e+02 7.3419702148e+02 7.3439599609e+02 7.3463500977e+02 7.3493701172e+02 7.3517700195e+02 7.3538098145e+02 7.3563201904e+02 7.3597497559e+02 7.3628497314e+02 7.3643499756e+02 7.3659600830e+02 7.3685601807e+02 7.3724902344e+02 7.3784899902e+02 7.3851501465e+02 7.3909899902e+02 7.3953302002e+02 7.3988897705e+02 7.4010900879e+02 7.4019097900e+02 7.4030200195e+02 7.4039001465e+02 7.4044000244e+02 7.4069396973e+02 7.4100000000e+02 7.4117199707e+02 7.4131500244e+02 7.4159002686e+02 7.4200598145e+02 7.4233697510e+02 7.4258001709e+02
7.3073797607e+02 7.3123498535e+02 7.3166998291e+02 7.3176702881e+02 7.3184301758e+02 7.3190600586e+02 7.3211199951e+02 7.3231597900e+02 7.3248602295e+02 7.3272998047e+02 7.3294299316e+02 7.3316699219e+02 7.3340399170e+02 7.3361798096e+02 7.3380102539e+02 7.3396197510e+02 7.3415698242e+02 7.3441802979e+02 7.3477001953e+02 7.3499700928e+02 7.3517797852e+02 7.3541302490e+02 7.3570501709e+02 7.3596600342e+02 7.3611199951e+02 7.3629199219e+02 7.3659197998e+02 7.3699597168e+02 7.3755200195e+02 7.3818200684e+02 7.3881201172e+02 7.3931097412e+02 7.3957098389e+02 7.3972302246e+02 7.3987701416e+02 7.4024499512e+02 7.4033502197e+02 7.4020800781e+02 7.4041198730e+02 7.4062902832e+02 7.4078997803e+02 7.4094897461e+02 7.4123699951e+02 7.4167901611e+02 7.4205700684e+02 7.4234100342e+02
7.3047399902e+02 7.3098400879e+02 7.3145397949e+02 7.3166998291e+02 7.3177301025e+02 7.3174298096e+02 7.3183398438e+02 7.3202697754e+02 7.3219897461e+02 7.3242498779e+02 7.3266802979e+02 7.3286401367e+02 7.3308398438e+02 7.3331298828e+02 7.3353002930e+02 7.3370001221e+02 7.3390899658e+02 7.3420800781e+02 7.3461798096e+02 7.3485302734e+02 7.3500598145e+02 7.3520202637e+02 7.3541497803e+02 7.3560900879e+02 7.3576202393e+02 7.3598297119e+02 7.3633300781e+02 7.3673498535e+02 7.3720202637e+02 7.3775299072e+02 7.3839801025e+02 7.3902600098e+02 7.3926898193e+02 7.3936798096e+02 7.3953997803e+02 7.4012298584e+02 7.4016802979e+02 7.3989697266e+02 7.4015698242e+02 7.4039300537e+02 7.4053002930e+02 7.4063299561e+02 7.4085797119e+02 7.4132501221e+02 7.4172900391e+02 7.4201000977e+02
7.3002001953e+02 7.3044396973e+02 7.3092199707e+02 7.3134301758e+02 7.3158197021e+02 7.3154199219e+02 7.3155798340e+02 7.3176599121e+02 7.3194299316e+02 7.3208599854e+02 7.3230902100e+02 7.3253900146e+02 7.3270800781e+02 7.3291601563e+02 7.3314801025e+02 7.3336999512e+02 7.3364001465e+02 7.3402001953e+02 7.3448901367e+02 7.3478497314e+02 7.3491400146e+02 7.3501202393e+02 7.3516699219e+02 7.3532397461e+02 7.3547198486e+02 7.3570300293e+02 7.3607000732e+02 7.3648400879e+02 7.3689202881e+02 7.3733197021e+02 7.3782897949e+02 7.3858599854e+02 7.3889801025e+02 7.3900500488e+02 7.3927502441e+02 7.4002899170e+02 7.3997900391e+02 7.3954400635e+02 7.3974798584e+02 7.4012097168e+02 7.4029901123e+02 7.4041699219e+02 7.4061602783e+02 7.4103002930e+02 7.4140002441e+02 7.4165997314e+02
7.2971600342e+02 7.3009698486e+02 7.3047998047e+02 7.3086102295e+02 7.3110699463e+02 7.3111798096e+02 7.3122900391e+02 7.3146197510e+02 7.3166601563e+02 7.3177899170e+02 7.3191802979e+02 7.3209497070e+02 7.3227099609e+02 7.3249798584e+02 7.3277197266e+02 7.3303100586e+02 7.3335699463e+02 7.3375897217e+02 7.3422497559e+02 7.3459698486e+02 7.3473797607e+02 7.3485400391e+02 7.3493798828e+02 7.3504302979e+02 7.3517797852e+02 7.3541900635e+02 7.3578601074e+02 7.3615502930e+02 7.3655401611e+02 7.3698101807e+02 7.3743499756e+02 7.3801202393e+02 7.3837597656e+02 7.3862500000e+02 7.3897497559e+02 7.3964801025e+02 7.3961499023e+02 7.3929400635e+02 7.3947601318e+02 7.3973602295e+02 7.3998901367e+02 7.4025402832e+02 7.4055102539e+02 7.4086199951e+02 7.4115399170e+02 7.4140600586e+02
7.2946197510e+02 7.2979901123e+02 7.3007202148e+02 7.3040197754e+02 7.3072497559e+02 7.3083001709e+02 7.3090002441e+02 7.3111297607e+02 7.3134100342e+02 7.3149798584e+02 7.3162298584e+02 7.3177001953e+02 7.3196997070e+02 7.3223400879e+02 7.3249401855e+02 7.3275500488e+02 7.3306701660e+02 7.3340002441e+02 7.3369799805e+02 7.3391302490e+02 7.3412402344e+02 7.3438299561e+02 7.3455297852e+02 7.3468103027e+02 7.3485699463e+02 7.3513397217e+02 7.3551000977e+02 7.3582397461e+02 7.3617498779e+02 7.3659899902e+02 7.3706896973e+02 7.3748999023e+02 7.3785601807e+02 7.3821697998e+02 7.3858801270e+02 7.3893402100e+02 7.3897900391e+02 7.3895202637e+02 7.3915197754e+02 7.3934899902e+02 7.3971197510e+02 7.4009698486e+02 7.4041699219e+02 7.4062200928e+02 7.4087799072e+02 7.4115698242e+02
7.2916497803e+02 7.2946600342e+02 7.2972601318e+02 7.2998400879e+02 7.3031896973e+02 7.3049298096e+02 7.3057501221e+02 7.3080200195e+02 7.3106500244e+02 7.3130798340e+02 7.3147998047e+02 7.3159497070e+02 7.3181097412e+02 7.3210198975e+02 7.3232397461e+02 7.3254998779e+02 7.3281402588e+02 7.3305297852e+02 7.3315899658e+02 7.3323101807e+02 7.3350299072e+02 7.3386199951e+02 7.3413598633e+02 7.3434497070e+02 7.3457800293e+02 7.3488500977e+02 7.3525500488e+02 7.3553302002e+02 7.3584301758e+02 7.3625598145e+02 7.3674798584e+02 7.3715301514e+02 7.3752301025e+02 7.3788500977e+02 7.3819897461e+02 7.3836102295e+02 7.3852600098e+02 7.3871899414e+02 7.3888598633e+02 7.3905603027e+02 7.3943798828e+02 7.3985900879e+02 7.4017199707e+02 7.4033599854e+02 7.4060797119e+02 7.4092602539e+02
7.2890399170e+02 7.2917999268e+02 7.2945599365e+02 7.2963299561e+02 7.2987902832e+02 7.3009802246e+02 7.3029302979e+02 7.3056298828e+02 7.3087402344e+02 7.3120001221e+02 7.3139300537e+02 7.3141400146e+02 7.3162097168e+02 7.3196997070e+02 7.3219201660e+02 7.3238299561e+02 7.3259899902e+02 7.3277197266e+02 7.3288702393e+02 7.3304199219e+02 7.3331500244e+02 7.3361401367e+02 7.3386102295e+02 7.3412298584e+02 7.3440502930e+02 7.3471997070e+02 7.3505297852e+02 7.3527801514e+02 7.3558898926e+02 7.3605200195e+02 7.3658099365e+02 7.3700299072e+02 7.3736700439e+02 7.3765002441e+02 7.3789202881e+02 7.3806298828e+02 7.3830798340e+02 7.3854901123e+02 7.3866900635e+02 7.3882299805e+02 7.3913500977e+02 7.3952001953e+02 7.3985198975e+02 7.4011602783e+02 7.4047399902e+02 7.4084497070e+02
7.2867602539e+02 7.2889001465e+02 7.2912701416e+02 7.2938299561e+02 7.2959698486e+02 7.2979699707e+02 7.2997900391e+02 7.3030200195e+02 7.3088397217e+02 7.3145599365e+02 7.3153198242e+02 7.3120599365e+02 7.3124700928e+02 7.3165997314e+02 7.3196801758e+02 7.3217199707e+02 7.3235498047e+02 7.3249798584e+02 7.3264398193e+02 7.3287799072e+02 7.3314898682e+02 7.3343798828e+02 7.3370202637e+02 7.3396099854e+02 7.3426098633e+02 7.3458697510e+02 7.3489697266e+02 7.3502899170e+02 7.3539898682e+02 7.3610601807e+02 7.3667102051e+02 7.3703002930e+02 7.3736499023e+02 7.3762701416e+02 7.3783398438e+02 7.3800201416e+02 7.3818499756e+02 7.3835400391e+02 7.3844702148e+02 7.3858197021e+02 7.3887200928e+02 7.3925402832e+02 7.3961102295e+02 7.3990100098e+02 7.4025000000e+02 7.4062902832e+02
7.2848297119e+02 7.2865997314e+02 7.2882897949e+02 7.2911102295e+02 7.2934997559e+02 7.2955999756e+02 7.2972399902e+02 7.3001202393e+02 7.3066198730e+02 7.3133300781e+02 7.3137500000e+02 7.3100402832e+02 7.3096002197e+02 7.3128198242e+02 7.3164697266e+02 7.3191802979e+02 7.3207397461e+02 7.3219598389e+02 7.3238397217e+02 7.3264697266e+02 7.3294201660e+02 7.3325299072e+02 7.3352301025e+02 7.3375701904e+02 7.3404602051e+02 7.3437097168e+02 7.3467797852e+02 7.3477001953e+02 7.3520898438e+02 7.3603802490e+02 7.3665502930e+02 7.3697698975e+02 7.3730297852e+02 7.3757897949e+02 7.3779699707e+02 7.3796997070e+02 7.3811901855e+02 7.3825299072e+02 7.3831701660e+02 7.3838299561e+02 7.3858801270e+02 7.3895501709e+02 7.3936700439e+02 7.3962402344e+02 7.3985101318e+02 7.4012402344e+02
7.2830200195e+02 7.2848199463e+02 7.2861999512e+02 7.2883099365e+02 7.2907202148e+02 7.2931298828e+02 7.2947100830e+02 7.2962902832e+02 7.2994897461e+02 7.3036297607e+02 7.3058197021e+02 7.3060601807e+02 7.3065600586e+02 7.3089398193e+02 7.3129400635e+02 7.3162200928e+02 7.3175799561e+02 7.3187402344e+02 7.3210198975e+02 7.3238500977e+02 7.3270501709e+02 7.3303497314e+02 7.3331201172e+02 7.3348797607e+02 7.3373602295e+02 7.3404498291e+02 7.3434399414e+02 7.3450701904e+02 7.3501898193e+02 7.3581799316e+02 7.3636602783e+02 7.3664898682e+02 7.3697601318e+02 7.3728997803e+02 7.3756201172e+02 7.3775000000e+02 7.3791101074e+02 7.3807800293e+02 7.3819702148e+02 7.3822497559e+02 7.3829400635e+02 7.3858697510e+02 7.3905700684e+02 7.3933599854e+02 7.3949499512e+02 7.3968902588e+02
7.2813098145e+02 7.2832000732e+02 7.2839398193e+02 7.2851702881e+02 7.2873297119e+02 7.2898901367e+02 7.2915698242e+02 7.2932598877e+02 7.2951898193e+02 7.2973602295e+02 7.2996197510e+02 7.3022399902e+02 7.3034802246e+02 7.3051702881e+02 7.3094598389e+02 7.3124700928e+02 7.3139202881e+02 7.3153698730e+02 7.3177398682e+02 7.3209399414e+02 7.3243499756e+02 7.3276702881e+02 7.3302001953e+02 7.3316900635e+02 7.3335302734e+02 7.3363000488e+02 7.3400097656e+02 7.3436102295e+02 7.3491900635e+02 7.3551599121e+02 7.3583300781e+02 7.3605401611e+02 7.3637402344e+02 7.3671002197e+02 7.3694598389e+02 7.3717901611e+02 7.3738397217e+02 7.3761798096e+02 7.3783599854e+02 7.3798901367e+02 7.3799597168e+02 7.3818103027e+02 7.3862200928e+02 7.3901300049e+02 7.3927398682e+02 7.3952301025e+02
7.2790002441e+02 7.2807299805e+02 7.2807702637e+02 7.2818597412e+02 7.2838500977e+02 7.2863000488e+02 7.2886901855e+02 7.2907501221e+02 7.2926599121e+02 7.2945098877e+02 7.2968200684e+02 7.2991497803e+02 7.3003698730e+02 7.3017297363e+02 7.3051000977e+02 7.3076800537e+02 7.3095800781e+02 7.3115802002e+02 7.3143298340e+02 7.3180200195e+02 7.3214801025e+02 7.3245898438e+02 7.3270001221e+02 7.3283898926e+02 7.3301202393e+02 7.3328997803e+02 7.3371398926e+02 7.3416802979e+02 7.3466198730e+02 7.3511297607e+02 7.3537597656e+02 7.3559497070e+02 7.3588397217e+02 7.3616198730e+02 7.3637500000e+02 7.3654797363e+02 7.3676501465e+02 7.3701501465e+02 7.3727502441e+02 7.3753802490e+02 7.3771002197e+02 7.3790600586e+02 7.3828900146e+02 7.3868597412e+02 7.3903802490e+02 7.3936999512e+02
7.2740100098e+02 7.2765100098e+02 7.2774499512e+02 7.2789398193e+02 7.2808599854e+02 7.2833197021e+02 7.2861401367e+02 7.2888098145e+02 7.2906298828e+02 7.2920397949e+02 7.2937902832e+02 7.2956201172e+02 7.2973901367e+02 7.2986798096e+02 7.3008599854e+02 7.3036199951e+02 7.3057897949e+02 7.3080999756e+02 7.3112097168e+02 7.3150402832e+02 7.3184600830e+02 7.3214398193e+02 7.3236901855e+02 7.3251000977e+02 7.3268402100e+02 7.3296197510e+02 7.3339398193e+02 7.3385400391e+02 7.3428802490e+02 7.3467498779e+02 7.3496398926e+02 7.3521997070e+02 7.3548602295e+02 7.3572100830e+02 7.3589398193e+02 7.3604901123e+02 7.3627697754e+02 7.3655499268e+02 7.3682397461e+02 7.3719000244e+02 7.3748297119e+02 7.3770202637e+02 7.3799102783e+02 7.3838397217e+02 7.3878399658e+02 7.3916802979e+02
7.2682098389e+02 7.2716601563e+02 7.2741699219e+02 7.2762097168e+02 7.2782897949e+02 7.2808001709e+02 7.2834600830e+02 7.2860797119e+02 7.2882000732e+02 7.2902099609e+02 7.2914501953e+02 7.2926501465e+02 7.2947601318e+02 7.2960699463e+02 7.2973498535e+02 7.3001000977e+02 7.3025000000e+02 7.3050598145e+02 7.3082702637e+02 7.3119598389e+02 7.3152600098e+02 7.3181500244e+02 7.3203497314e+02 7.3218701172e+02 7.3237200928e+02 7.3265197754e+02 7.3306896973e+02 7.3354101563e+02 7.3396002197e+02 7.3431896973e+02 7.3461901855e+02 7.3490600586e+02 7.3515899658e+02 7.3536297607e+02 7.3550897217e+02 7.3565899658e+02 7.3589898682e+02 7.3620501709e+02 7.3650701904e+02 7.3692297363e+02 7.3725701904e+02 7.3747601318e+02 7.3772198486e+02 7.3810699463e+02 7.3852001953e+02 7.3892498779e+02
