TESTSERVER/17/1.asc
NCOLS 100
NROWS 100
XLLCORNER 8.3497500000e+03
YLLCORNER 2.8990025000e+05
CELLSIZE 5.0000000000e-01
NODATA_VALUE -9.9990000000e+03
[rows 60 to 79 of 100, columns 0 to 45 of 100]
7.0608197021e+02 7.0613299561e+02 7.0619799805e+02 7.0622998047e+02 7.0626098633e+02 7.0631097412e+02 7.0635302734e+02 7.0638500977e+02 7.0641900635e+02 7.0648297119e+02 7.0653997803e+02 7.0653698730e+02 7.0657702637e+02 7.0662902832e+02 7.0667401123e+02 7.0674499512e+02 7.0680401611e+02 7.0691601563e+02 7.0701800537e+02 7.0705401611e+02 7.0706097412e+02 7.0710302734e+02 7.0718200684e+02 7.0724597168e+02 7.0727197266e+02 7.0726702881e+02 7.0727301025e+02 7.0738500977e+02 7.0752398682e+02 7.0765502930e+02 7.0776800537e+02 7.0788598633e+02 7.0795300293e+02 7.0801800537e+02 7.0804400635e+02 7.0808001709e+02 7.0819799805e+02 7.0829101563e+02 7.0832702637e+02 7.0840802002e+02 7.0856402588e+02 7.0867797852e+02 7.0871099854e+02 7.0883398438e+02 7.0893200684e+02 7.0903198242e+02
7.0610302734e+02 7.0613702393e+02 7.0619097900e+02 7.0622198486e+02 7.0626800537e+02 7.0633502197e+02 7.0635601807e+02 7.0637799072e+02 7.0642901611e+02 7.0649298096e+02 7.0653802490e+02 7.0656701660e+02 7.0660699463e+02 7.0663500977e+02 7.0667700195e+02 7.0672497559e+02 7.0679797363e+02 7.0685797119e+02 7.0696099854e+02 7.0705603027e+02 7.0712799072e+02 7.0713000488e+02 7.0715197754e+02 7.0723199463e+02 7.0729400635e+02 7.0732598877e+02 7.0730999756e+02 7.0731896973e+02 7.0740197754e+02 7.0753802490e+02 7.0765100098e+02 7.0775097656e+02 7.0785699463e+02 7.0798400879e+02 7.0805700684e+02 7.0810400391e+02 7.0819000244e+02 7.0825799561e+02 7.0832000732e+02 7.0840802002e+02 7.0854498291e+02 7.0869702148e+02 7.0871398926e+02 7.0881201172e+02 7.0887200928e+02 7.0891497803e+02
7.0613702393e+02 7.0614099121e+02 7.0618597412e+02 7.0622497559e+02 7.0626599121e+02 7.0633898926e+02 7.0635699463e+02 7.0638000488e+02 7.0644000244e+02 7.0649798584e+02 7.0653802490e+02 7.0657501221e+02 7.0661297607e+02 7.0662902832e+02 7.0667297363e+02 7.0671502686e+02 7.0680200195e+02 7.0684100342e+02 7.0691802979e+02 7.0702099609e+02 7.0712597656e+02 7.0717602539e+02 7.0718798828e+02 7.0722399902e+02 7.0728900146e+02 7.0734997559e+02 7.0738500977e+02 7.0738598633e+02 7.0737500000e+02 7.0742199707e+02 7.0753802490e+02 7.0768798828e+02 7.0779302979e+02 7.0790802002e+02 7.0804797363e+02 7.0814501953e+02 7.0818499756e+02 7.0822497559e+02 7.0829998779e+02 7.0839300537e+02 7.0849499512e+02 7.0859997559e+02 7.0868701172e+02 7.0877899170e+02 7.0883599854e+02 7.0888397217e+02
7.0614898682e+02 7.0614801025e+02 7.0617999268e+02 7.0621301270e+02 7.0625897217e+02 7.0634100342e+02 7.0637902832e+02 7.0641497803e+02 7.0646801758e+02 7.0649499512e+02 7.0651800537e+02 7.0655297852e+02 7.0662200928e+02 7.0662097168e+02 7.0665100098e+02 7.0670501709e+02 7.0679797363e+02 7.0685302734e+02 7.0690997314e+02 7.0698498535e+02 7.0708099365e+02 7.0719500732e+02 7.0725799561e+02 7.0726898193e+02 7.0728497314e+02 7.0732202148e+02 7.0739398193e+02 7.0744702148e+02 7.0743200684e+02 7.0739801025e+02 7.0743103027e+02 7.0758697510e+02 7.0774499512e+02 7.0782000732e+02 7.0797302246e+02 7.0812597656e+02 7.0817999268e+02 7.0823602295e+02 7.0829302979e+02 7.0836499023e+02 7.0846600342e+02 7.0852600098e+02 7.0864697266e+02 7.0875500488e+02 7.0881201172e+02 7.0886499023e+02
7.0614599609e+02 7.0614898682e+02 7.0618597412e+02 7.0621398926e+02 7.0627502441e+02 7.0633300781e+02 7.0635198975e+02 7.0640197754e+02 7.0648400879e+02 7.0648101807e+02 7.0651599121e+02 7.0657800293e+02 7.0665100098e+02 7.0664898682e+02 7.0665899658e+02 7.0670599365e+02 7.0676397705e+02 7.0684197998e+02 7.0690997314e+02 7.0697399902e+02 7.0706097412e+02 7.0714697266e+02 7.0724102783e+02 7.0731500244e+02 7.0734698486e+02 7.0732098389e+02 7.0736199951e+02 7.0744702148e+02 7.0748400879e+02 7.0747302246e+02 7.0745300293e+02 7.0750201416e+02 7.0761499023e+02 7.0775000000e+02 7.0787597656e+02 7.0800500488e+02 7.0809100342e+02 7.0825701904e+02 7.0834600830e+02 7.0838098145e+02 7.0843597412e+02 7.0855902100e+02 7.0867901611e+02 7.0876800537e+02 7.0881298828e+02 7.0891900635e+02
7.0615301514e+02 7.0619097900e+02 7.0622399902e+02 7.0622802734e+02 7.0627099609e+02 7.0631201172e+02 7.0636199951e+02 7.0641302490e+02 7.0646398926e+02 7.0645800781e+02 7.0653100586e+02 7.0657800293e+02 7.0662097168e+02 7.0666198730e+02 7.0669702148e+02 7.0674200439e+02 7.0678399658e+02 7.0684100342e+02 7.0690002441e+02 7.0696997070e+02 7.0703601074e+02 7.0711401367e+02 7.0719897461e+02 7.0729400635e+02 7.0736499023e+02 7.0737799072e+02 7.0738299561e+02 7.0741998291e+02 7.0747900391e+02 7.0750500488e+02 7.0752001953e+02 7.0753997803e+02 7.0755603027e+02 7.0764697266e+02 7.0781701660e+02 7.0795501709e+02 7.0807702637e+02 7.0823901367e+02 7.0837902832e+02 7.0844097900e+02 7.0847399902e+02 7.0857598877e+02 7.0865197754e+02 7.0872302246e+02 7.0884399414e+02 7.0897302246e+02
7.0611798096e+02 7.0617797852e+02 7.0621398926e+02 7.0622698975e+02 7.0627801514e+02 7.0632202148e+02 7.0639001465e+02 7.0643200684e+02 7.0645001221e+02 7.0645202637e+02 7.0651599121e+02 7.0657397461e+02 7.0661798096e+02 7.0665502930e+02 7.0670098877e+02 7.0675097656e+02 7.0680603027e+02 7.0684698486e+02 7.0690100098e+02 7.0697698975e+02 7.0702899170e+02 7.0710198975e+02 7.0717199707e+02 7.0724298096e+02 7.0731799316e+02 7.0739898682e+02 7.0745098877e+02 7.0747698975e+02 7.0748901367e+02 7.0752398682e+02 7.0757702637e+02 7.0761798096e+02 7.0761102295e+02 7.0762597656e+02 7.0772900391e+02 7.0785797119e+02 7.0802301025e+02 7.0816400146e+02 7.0832702637e+02 7.0844299316e+02 7.0849902344e+02 7.0857501221e+02 7.0863702393e+02 7.0872198486e+02 7.0885797119e+02 7.0895001221e+02
7.0609100342e+02 7.0612402344e+02 7.0617297363e+02 7.0620898438e+02 7.0626098633e+02 7.0629797363e+02 7.0637402344e+02 7.0642602539e+02 7.0644000244e+02 7.0645898438e+02 7.0649401855e+02 7.0655798340e+02 7.0660302734e+02 7.0664801025e+02 7.0670697021e+02 7.0675598145e+02 7.0681500244e+02 7.0685302734e+02 7.0691198730e+02 7.0699102783e+02 7.0703399658e+02 7.0709002686e+02 7.0714599609e+02 7.0720501709e+02 7.0726702881e+02 7.0735699463e+02 7.0745300293e+02 7.0753997803e+02 7.0754602051e+02 7.0754199219e+02 7.0758197021e+02 7.0764898682e+02 7.0769598389e+02 7.0772100830e+02 7.0773901367e+02 7.0776898193e+02 7.0788800049e+02 7.0804199219e+02 7.0821697998e+02 7.0835601807e+02 7.0847198486e+02 7.0855102539e+02 7.0863397217e+02 7.0873297119e+02 7.0886901855e+02 7.0891900635e+02
7.0613702393e+02 7.0614697266e+02 7.0617297363e+02 7.0622601318e+02 7.0626599121e+02 7.0629199219e+02 7.0634301758e+02 7.0639202881e+02 7.0642102051e+02 7.0646099854e+02 7.0649200439e+02 7.0654199219e+02 7.0657800293e+02 7.0664898682e+02 7.0670599365e+02 7.0675299072e+02 7.0681298828e+02 7.0684802246e+02 7.0691198730e+02 7.0697998047e+02 7.0701098633e+02 7.0707598877e+02 7.0712701416e+02 7.0719000244e+02 7.0724401855e+02 7.0732800293e+02 7.0741802979e+02 7.0752099609e+02 7.0759301758e+02 7.0763500977e+02 7.0760400391e+02 7.0761798096e+02 7.0769097900e+02 7.0778002930e+02 7.0781597900e+02 7.0779498291e+02 7.0779797363e+02 7.0789202881e+02 7.0807397461e+02 7.0820898438e+02 7.0836102295e+02 7.0850000000e+02 7.0862902832e+02 7.0874700928e+02 7.0886999512e+02 7.0890698242e+02
7.0615100098e+02 7.0618798828e+02 7.0619201660e+02 7.0623797607e+02 7.0627197266e+02 7.0629998779e+02 7.0632800293e+02 7.0636401367e+02 7.0639801025e+02 7.0643902588e+02 7.0648699951e+02 7.0654699707e+02 7.0660302734e+02 7.0664099121e+02 7.0669598389e+02 7.0675000000e+02 7.0679998779e+02 7.0684899902e+02 7.0692700195e+02 7.0698498535e+02 7.0702697754e+02 7.0709100342e+02 7.0713500977e+02 7.0719201660e+02 7.0725000000e+02 7.0730700684e+02 7.0738299561e+02 7.0748199463e+02 7.0758697510e+02 7.0766900635e+02 7.0769000244e+02 7.0767700195e+02 7.0767498779e+02 7.0773999023e+02 7.0782800293e+02 7.0787200928e+02 7.0787500000e+02 7.0782202148e+02 7.0792401123e+02 7.0809301758e+02 7.0826501465e+02 7.0843200684e+02 7.0858300781e+02 7.0868902588e+02 7.0879400635e+02 7.0892401123e+02
7.0616101074e+02 7.0617297363e+02 7.0618402100e+02 7.0622100830e+02 7.0625299072e+02 7.0629699707e+02 7.0632000732e+02 7.0634802246e+02 7.0639001465e+02 7.0642797852e+02 7.0649798584e+02 7.0654998779e+02 7.0660101318e+02 7.0663098145e+02 7.0670697021e+02 7.0678601074e+02 7.0684197998e+02 7.0690100098e+02 7.0696899414e+02 7.0699902344e+02 7.0702801514e+02 7.0709197998e+02 7.0714398193e+02 7.0719897461e+02 7.0726599121e+02 7.0733099365e+02 7.0739501953e+02 7.0747601318e+02 7.0756597900e+02 7.0764501953e+02 7.0771197510e+02 7.0775000000e+02 7.0775000000e+02 7.0774499512e+02 7.0780200195e+02 7.0789398193e+02 7.0796997070e+02 7.0793902588e+02 7.0794000244e+02 7.0798297119e+02 7.0809997559e+02 7.0830902100e+02 7.0850799561e+02 7.0864697266e+02 7.0874298096e+02 7.0892602539e+02
7.0616998291e+02 7.0616497803e+02 7.0617999268e+02 7.0620697021e+02 7.0623797607e+02 7.0626898193e+02 7.0630200195e+02 7.0634100342e+02 7.0638397217e+02 7.0642602539e+02 7.0649700928e+02 7.0654101563e+02 7.0659497070e+02 7.0664599609e+02 7.0671301270e+02 7.0678601074e+02 7.0688098145e+02 7.0695800781e+02 7.0701098633e+02 7.0701702881e+02 7.0703100586e+02 7.0708898926e+02 7.0715399170e+02 7.0720800781e+02 7.0727197266e+02 7.0735601807e+02 7.0741900635e+02 7.0748199463e+02 7.0754101563e+02 7.0759197998e+02 7.0766998291e+02 7.0777502441e+02 7.0784301758e+02 7.0785302734e+02 7.0784301758e+02 7.0788397217e+02 7.0798602295e+02 7.0803997803e+02 7.0806701660e+02 7.0803302002e+02 7.0800402832e+02 7.0814001465e+02 7.0835400391e+02 7.0854101563e+02 7.0866601563e+02 7.0884497070e+02
7.0613897705e+02 7.0614697266e+02 7.0618499756e+02 7.0620501709e+02 7.0622802734e+02 7.0628399658e+02 7.0631298828e+02 7.0633197021e+02 7.0635998535e+02 7.0642797852e+02 7.0648400879e+02 7.0653399658e+02 7.0659399414e+02 7.0664801025e+02 7.0666601563e+02 7.0674102783e+02 7.0686199951e+02 7.0690399170e+02 7.0694201660e+02 7.0698199463e+02 7.0702502441e+02 7.0707800293e+02 7.0713201904e+02 7.0716198730e+02 7.0721301270e+02 7.0732299805e+02 7.0738098145e+02 7.0744299316e+02 7.0751702881e+02 7.0755401611e+02 7.0762097168e+02 7.0774499512e+02 7.0783599854e+02 7.0795397949e+02 7.0798101807e+02 7.0794598389e+02 7.0795800781e+02 7.0802600098e+02 7.0811401367e+02 7.0814099121e+02 7.0807397461e+02 7.0806799316e+02 7.0820300293e+02 7.0838201904e+02 7.0850299072e+02 7.0873400879e+02
7.0612701416e+02 7.0616101074e+02 7.0620202637e+02 7.0621899414e+02 7.0625097656e+02 7.0626898193e+02 7.0628399658e+02 7.0631701660e+02 7.0636798096e+02 7.0642999268e+02 7.0648297119e+02 7.0655200195e+02 7.0659997559e+02 7.0662902832e+02 7.0664898682e+02 7.0672198486e+02 7.0678997803e+02 7.0684100342e+02 7.0691802979e+02 7.0699499512e+02 7.0702502441e+02 7.0704498291e+02 7.0708697510e+02 7.0713397217e+02 7.0720202637e+02 7.0727697754e+02 7.0735699463e+02 7.0742199707e+02 7.0747100830e+02 7.0752197266e+02 7.0763098145e+02 7.0774200439e+02 7.0779498291e+02 7.0790399170e+02 7.0801000977e+02 7.0807800293e+02 7.0807800293e+02 7.0802398682e+02 7.0807397461e+02 7.0816998291e+02 7.0818798828e+02 7.0817199707e+02 7.0816101074e+02 7.0824200439e+02 7.0836602783e+02 7.0857702637e+02
7.0612902832e+02 7.0615997314e+02 7.0619201660e+02 7.0621197510e+02 7.0625500488e+02 7.0625598145e+02 7.0629101563e+02 7.0633898926e+02 7.0640197754e+02 7.0644897461e+02 7.0647802734e+02 7.0652502441e+02 7.0657397461e+02 7.0660302734e+02 7.0663598633e+02 7.0669799805e+02 7.0675897217e+02 7.0681097412e+02 7.0689398193e+02 7.0694702148e+02 7.0698901367e+02 7.0703002930e+02 7.0706799316e+02 7.0713201904e+02 7.0721997070e+02 7.0726397705e+02 7.0734399414e+02 7.0740301514e+02 7.0743597412e+02 7.0749700928e+02 7.0760900879e+02 7.0767401123e+02 7.0771899414e+02 7.0780603027e+02 7.0794500732e+02 7.0811102295e+02 7.0816400146e+02 7.0812799072e+02 7.0810601807e+02 7.0814099121e+02 7.0821398926e+02 7.0827801514e+02 7.0825897217e+02 7.0825299072e+02 7.0828601074e+02 7.0842498779e+02
7.0610498047e+02 7.0614202881e+02 7.0618200684e+02 7.0623297119e+02 7.0629199219e+02 7.0628802490e+02 7.0631201172e+02 7.0634197998e+02 7.0639801025e+02 7.0643701172e+02 7.0646801758e+02 7.0649700928e+02 7.0655499268e+02 7.0660498047e+02 7.0663800049e+02 7.0668798828e+02 7.0675299072e+02 7.0678900146e+02 7.0686401367e+02 7.0691400146e+02 7.0696398926e+02 7.0701397705e+02 7.0705902100e+02 7.0713098145e+02 7.0719598389e+02 7.0724102783e+02 7.0731201172e+02 7.0734802246e+02 7.0739801025e+02 7.0747302246e+02 7.0755401611e+02 7.0760302734e+02 7.0768701172e+02 7.0776397705e+02 7.0786102295e+02 7.0802502441e+02 7.0812402344e+02 7.0820202637e+02 7.0820697021e+02 7.0817602539e+02 7.0818402100e+02 7.0826599121e+02 7.0832299805e+02 7.0833398438e+02 7.0829498291e+02 7.0830999756e+02
7.0610198975e+02 7.0615600586e+02 7.0619598389e+02 7.0625500488e+02 7.0630102539e+02 7.0632702637e+02 7.0633697510e+02 7.0635797119e+02 7.0640100098e+02 7.0642297363e+02 7.0645697021e+02 7.0650097656e+02 7.0654602051e+02 7.0659497070e+02 7.0662500000e+02 7.0666699219e+02 7.0674102783e+02 7.0676599121e+02 7.0681201172e+02 7.0689099121e+02 7.0695599365e+02 7.0700299072e+02 7.0706298828e+02 7.0711798096e+02 7.0713397217e+02 7.0720898438e+02 7.0728497314e+02 7.0734301758e+02 7.0737799072e+02 7.0746697998e+02 7.0754602051e+02 7.0761199951e+02 7.0768402100e+02 7.0774499512e+02 7.0778302002e+02 7.0790100098e+02 7.0805102539e+02 7.0816198730e+02 7.0826202393e+02 7.0829602051e+02 7.0823297119e+02 7.0822601318e+02 7.0829602051e+02 7.0836102295e+02 7.0838201904e+02 7.0835400391e+02
7.0609802246e+02 7.0614599609e+02 7.0619897461e+02 7.0625097656e+02 7.0629400635e+02 7.0632098389e+02 7.0636102295e+02 7.0640301514e+02 7.0641998291e+02 7.0644500732e+02 7.0646899414e+02 7.0649102783e+02 7.0652301025e+02 7.0657000732e+02 7.0662402344e+02 7.0666497803e+02 7.0671697998e+02 7.0674798584e+02 7.0683300781e+02 7.0692602539e+02 7.0692199707e+02 7.0698400879e+02 7.0704797363e+02 7.0709301758e+02 7.0713201904e+02 7.0717999268e+02 7.0724499512e+02 7.0734301758e+02 7.0738897705e+02 7.0744702148e+02 7.0752398682e+02 7.0761798096e+02 7.0767999268e+02 7.0776397705e+02 7.0782098389e+02 7.0791998291e+02 7.0805200195e+02 7.0814801025e+02 7.0825201416e+02 7.0833898926e+02 7.0830200195e+02 7.0828002930e+02 7.0827899170e+02 7.0834802246e+02 7.0842498779e+02 7.0845098877e+02
7.0612097168e+02 7.0616998291e+02 7.0621697998e+02 7.0626397705e+02 7.0633300781e+02 7.0635998535e+02 7.0639599609e+02 7.0642700195e+02 7.0643298340e+02 7.0645898438e+02 7.0647100830e+02 7.0647802734e+02 7.0651898193e+02 7.0656896973e+02 7.0671301270e+02 7.0682000732e+02 7.0678601074e+02 7.0676300049e+02 7.0696002197e+02 7.0704400635e+02 7.0695501709e+02 7.0699902344e+02 7.0705700684e+02 7.0710198975e+02 7.0715399170e+02 7.0721099854e+02 7.0729901123e+02 7.0739599609e+02 7.0742199707e+02 7.0744897461e+02 7.0751800537e+02 7.0761700439e+02 7.0768798828e+02 7.0780200195e+02 7.0788299561e+02 7.0797399902e+02 7.0803002930e+02 7.0809997559e+02 7.0824700928e+02 7.0836901855e+02 7.0834399414e+02 7.0836499023e+02 7.0833300781e+02 7.0835302734e+02 7.0841802979e+02 7.0850500488e+02
7.0615899658e+02 7.0619000244e+02 7.0622198486e+02 7.0628399658e+02 7.0636297607e+02 7.0636102295e+02 7.0638598633e+02 7.0641699219e+02 7.0643597412e+02 7.0645898438e+02 7.0646899414e+02 7.0649102783e+02 7.0653002930e+02 7.0658502197e+02 7.0682098389e+02 7.0701501465e+02 7.0693597412e+02 7.0680999756e+02 7.0702301025e+02 7.0716998291e+02 7.0713702393e+02 7.0704901123e+02 7.0704199219e+02 7.0710699463e+02 7.0715698242e+02 7.0725000000e+02 7.0735900879e+02 7.0741198730e+02 7.0742700195e+02 7.0745098877e+02 7.0752099609e+02 7.0760699463e+02 7.0773400879e+02 7.0784899902e+02 7.0789099121e+02 7.0796899414e+02 7.0801501465e+02 7.0808099365e+02 7.0820800781e+02 7.0831402588e+02 7.0830902100e+02 7.0836700439e+02 7.0835198975e+02 7.0838598633e+02 7.0842401123e+02 7.0847302246e+02
