TESTSERVER/17/1.asc
NCOLS 100
NROWS 100
XLLCORNER 8.3497500000e+03
YLLCORNER 2.8990025000e+05
CELLSIZE 5.0000000000e-01
NODATA_VALUE -9.9990000000e+03
[rows 0 to 19 of 100, columns 46 to 91 of 100]
7.1999200439e+02 7.2030999756e+02 7.2040399170e+02 7.2067401123e+02 7.2090899658e+02 7.2114398193e+02 7.2139300537e+02 7.2163897705e+02 7.2190997314e+02 7.2214898682e+02 7.2233300781e+02 7.2252600098e+02 7.2276898193e+02 7.2305102539e+02 7.2328698730e+02 7.2365600586e+02 7.2407702637e+02 7.2440802002e+02 7.2458398438e+02 7.2482800293e+02 7.2504901123e+02 7.2524102783e+02 7.2544000244e+02 7.2564300537e+02 7.2586901855e+02 7.2614300537e+02 7.2647100830e+02 7.2680999756e+02 7.2722698975e+02 7.2759399414e+02 7.2787298584e+02 7.2808502197e+02 7.2831402588e+02 7.2860198975e+02 7.2896697998e+02 7.2930200195e+02 7.2957098389e+02 7.2985198975e+02 7.3015002441e+02 7.3066302490e+02 7.3128900146e+02 7.3190600586e+02 7.3255499268e+02 7.3313800049e+02 7.3363299561e+02 7.3399102783e+02
7.1966497803e+02 7.2003900146e+02 7.2018798828e+02 7.2045397949e+02 7.2067102051e+02 7.2087799072e+02 7.2110998535e+02 7.2134301758e+02 7.2163800049e+02 7.2191302490e+02 7.2210699463e+02 7.2228100586e+02 7.2249597168e+02 7.2273498535e+02 7.2292498779e+02 7.2329302979e+02 7.2379400635e+02 7.2419097900e+02 7.2437597656e+02 7.2456201172e+02 7.2472100830e+02 7.2492602539e+02 7.2518798828e+02 7.2538500977e+02 7.2559197998e+02 7.2590802002e+02 7.2624902344e+02 7.2653302002e+02 7.2692102051e+02 7.2731097412e+02 7.2760797119e+02 7.2780902100e+02 7.2803601074e+02 7.2829498291e+02 7.2858300781e+02 7.2887298584e+02 7.2916998291e+02 7.2947198486e+02 7.2977099609e+02 7.3045300293e+02 7.3123999023e+02 7.3188397217e+02 7.3241302490e+02 7.3284301758e+02 7.3317297363e+02 7.3344897461e+02
7.1939801025e+02 7.1972198486e+02 7.1992297363e+02 7.2024102783e+02 7.2052197266e+02 7.2071099854e+02 7.2087298584e+02 7.2107501221e+02 7.2135400391e+02 7.2164300537e+02 7.2186297607e+02 7.2202301025e+02 7.2220001221e+02 7.2240002441e+02 7.2260900879e+02 7.2298199463e+02 7.2347698975e+02 7.2392901611e+02 7.2417901611e+02 7.2430902100e+02 7.2440301514e+02 7.2458697510e+02 7.2489099121e+02 7.2506701660e+02 7.2521600342e+02 7.2550500488e+02 7.2586798096e+02 7.2613702393e+02 7.2651098633e+02 7.2690997314e+02 7.2724200439e+02 7.2745898438e+02 7.2768798828e+02 7.2793701172e+02 7.2819299316e+02 7.2846099854e+02 7.2874401855e+02 7.2903497314e+02 7.2933502197e+02 7.3015002441e+02 7.3114202881e+02 7.3190002441e+02 7.3236297607e+02 7.3272601318e+02 7.3295800781e+02 7.3312298584e+02
7.1921502686e+02 7.1943701172e+02 7.1964501953e+02 7.2003497314e+02 7.2040301514e+02 7.2060699463e+02 7.2069396973e+02 7.2083697510e+02 7.2105902100e+02 7.2132098389e+02 7.2156799316e+02 7.2172998047e+02 7.2188800049e+02 7.2206298828e+02 7.2229302979e+02 7.2260101318e+02 7.2305102539e+02 7.2357800293e+02 7.2397497559e+02 7.2411401367e+02 7.2416302490e+02 7.2428302002e+02 7.2457202148e+02 7.2473101807e+02 7.2482598877e+02 7.2507202148e+02 7.2544396973e+02 7.2574102783e+02 7.2610797119e+02 7.2647698975e+02 7.2678601074e+02 7.2702398682e+02 7.2728698730e+02 7.2756201172e+02 7.2782202148e+02 7.2807202148e+02 7.2834002686e+02 7.2861602783e+02 7.2888500977e+02 7.2969396973e+02 7.3080102539e+02 7.3169799805e+02 7.3223400879e+02 7.3265997314e+02 7.3287097168e+02 7.3294299316e+02
7.1907299805e+02 7.1918902588e+02 7.1936297607e+02 7.1971398926e+02 7.2007000732e+02 7.2034002686e+02 7.2053100586e+02 7.2062902832e+02 7.2076202393e+02 7.2096899414e+02 7.2125201416e+02 7.2146301270e+02 7.2162799072e+02 7.2178198242e+02 7.2198101807e+02 7.2214501953e+02 7.2251300049e+02 7.2311901855e+02 7.2369702148e+02 7.2391802979e+02 7.2394201660e+02 7.2394299316e+02 7.2412500000e+02 7.2437402344e+02 7.2448101807e+02 7.2473101807e+02 7.2514697266e+02 7.2543902588e+02 7.2576202393e+02 7.2605798340e+02 7.2629998779e+02 7.2654699707e+02 7.2685998535e+02 7.2719799805e+02 7.2752697754e+02 7.2775097656e+02 7.2799798584e+02 7.2825799561e+02 7.2851800537e+02 7.2908898926e+02 7.3013299561e+02 7.3114599609e+02 7.3190698242e+02 7.3251397705e+02 7.3278399658e+02 7.3282800293e+02
7.1896997070e+02 7.1906298828e+02 7.1918798828e+02 7.1946899414e+02 7.1971398926e+02 7.1996801758e+02 7.2027502441e+02 7.2040399170e+02 7.2047497559e+02 7.2065002441e+02 7.2093902588e+02 7.2119598389e+02 7.2134698486e+02 7.2149499512e+02 7.2175500488e+02 7.2189099121e+02 7.2210498047e+02 7.2258898926e+02 7.2317901611e+02 7.2351599121e+02 7.2360797119e+02 7.2359301758e+02 7.2370697021e+02 7.2395898438e+02 7.2410699463e+02 7.2438299561e+02 7.2480401611e+02 7.2506701660e+02 7.2529699707e+02 7.2553399658e+02 7.2580297852e+02 7.2610198975e+02 7.2645599365e+02 7.2682202148e+02 7.2714099121e+02 7.2737799072e+02 7.2762500000e+02 7.2790301514e+02 7.2813500977e+02 7.2859997559e+02 7.2955902100e+02 7.3062402344e+02 7.3150799561e+02 7.3223999023e+02 7.3259698486e+02 7.3267797852e+02
7.1877697754e+02 7.1893200684e+02 7.1901898193e+02 7.1925500488e+02 7.1947100830e+02 7.1971197510e+02 7.1997802734e+02 7.2012097168e+02 7.2022900391e+02 7.2040002441e+02 7.2065600586e+02 7.2094201660e+02 7.2108502197e+02 7.2121002197e+02 7.2148498535e+02 7.2168103027e+02 7.2180401611e+02 7.2209399414e+02 7.2258398438e+02 7.2299597168e+02 7.2317999268e+02 7.2323602295e+02 7.2335101318e+02 7.2357202148e+02 7.2372900391e+02 7.2397698975e+02 7.2436297607e+02 7.2464801025e+02 7.2484301758e+02 7.2504602051e+02 7.2532598877e+02 7.2566802979e+02 7.2603601074e+02 7.2639001465e+02 7.2667401123e+02 7.2686602783e+02 7.2714501953e+02 7.2749200439e+02 7.2781201172e+02 7.2823699951e+02 7.2901898193e+02 7.2998199463e+02 7.3094299316e+02 7.3180798340e+02 7.3233599854e+02 7.3254400635e+02
7.1843902588e+02 7.1870599365e+02 7.1880603027e+02 7.1897802734e+02 7.1920202637e+02 7.1945001221e+02 7.1965002441e+02 7.1982202148e+02 7.2000598145e+02 7.2018499756e+02 7.2039398193e+02 7.2066400146e+02 7.2082000732e+02 7.2096801758e+02 7.2122698975e+02 7.2147601318e+02 7.2157501221e+02 7.2173101807e+02 7.2208898926e+02 7.2247601318e+02 7.2270300293e+02 7.2284301758e+02 7.2301000977e+02 7.2322601318e+02 7.2338702393e+02 7.2359802246e+02 7.2392102051e+02 7.2423400879e+02 7.2443499756e+02 7.2463598633e+02 7.2491998291e+02 7.2527398682e+02 7.2562701416e+02 7.2594299316e+02 7.2617700195e+02 7.2632098389e+02 7.2664099121e+02 7.2708398438e+02 7.2750097656e+02 7.2781597900e+02 7.2834600830e+02 7.2914300537e+02 7.3019702148e+02 7.3123101807e+02 7.3197497559e+02 7.3235302734e+02
7.1810400391e+02 7.1843298340e+02 7.1862500000e+02 7.1870001221e+02 7.1889801025e+02 7.1913598633e+02 7.1931701660e+02 7.1952301025e+02 7.1976599121e+02 7.1996801758e+02 7.2014300537e+02 7.2034100342e+02 7.2051300049e+02 7.2072497559e+02 7.2101898193e+02 7.2122399902e+02 7.2130798340e+02 7.2143798828e+02 7.2174499512e+02 7.2201098633e+02 7.2221600342e+02 7.2241699219e+02 7.2261499023e+02 7.2291400146e+02 7.2310900879e+02 7.2330700684e+02 7.2356402588e+02 7.2381097412e+02 7.2403100586e+02 7.2427301025e+02 7.2459197998e+02 7.2494598389e+02 7.2525097656e+02 7.2551202393e+02 7.2573901367e+02 7.2584600830e+02 7.2620898438e+02 7.2674597168e+02 7.2726898193e+02 7.2751300049e+02 7.2779602051e+02 7.2840100098e+02 7.2942102051e+02 7.3052801514e+02 7.3142700195e+02 7.3192297363e+02
7.1777502441e+02 7.1803198242e+02 7.1819702148e+02 7.1841302490e+02 7.1864697266e+02 7.1884197998e+02 7.1900000000e+02 7.1919799805e+02 7.1942401123e+02 7.1967199707e+02 7.1994500732e+02 7.2016699219e+02 7.2031402588e+02 7.2046899414e+02 7.2073699951e+02 7.2094097900e+02 7.2100897217e+02 7.2113598633e+02 7.2138201904e+02 7.2165100098e+02 7.2187500000e+02 7.2209301758e+02 7.2232598877e+02 7.2264099121e+02 7.2285101318e+02 7.2303497314e+02 7.2325598145e+02 7.2346997070e+02 7.2366302490e+02 7.2390197754e+02 7.2426501465e+02 7.2465197754e+02 7.2493103027e+02 7.2513500977e+02 7.2531097412e+02 7.2539801025e+02 7.2575201416e+02 7.2635400391e+02 7.2697698975e+02 7.2728802490e+02 7.2744598389e+02 7.2785998535e+02 7.2864898682e+02 7.2976202393e+02 7.3076599121e+02 7.3132299805e+02
7.1750402832e+02 7.1772601318e+02 7.1788098145e+02 7.1812402344e+02 7.1838897705e+02 7.1859100342e+02 7.1873999023e+02 7.1890698242e+02 7.1906701660e+02 7.1929101563e+02 7.1964300537e+02 7.1996398926e+02 7.2016400146e+02 7.2028601074e+02 7.2047601318e+02 7.2067102051e+02 7.2074102783e+02 7.2084301758e+02 7.2106201172e+02 7.2135601807e+02 7.2159301758e+02 7.2181201172e+02 7.2204699707e+02 7.2227301025e+02 7.2244897461e+02 7.2262597656e+02 7.2284497070e+02 7.2307202148e+02 7.2329602051e+02 7.2357000732e+02 7.2394396973e+02 7.2434002686e+02 7.2465399170e+02 7.2485601807e+02 7.2496099854e+02 7.2500897217e+02 7.2527600098e+02 7.2585198975e+02 7.2658001709e+02 7.2703802490e+02 7.2719500732e+02 7.2748699951e+02 7.2806402588e+02 7.2908502197e+02 7.3005401611e+02 7.3067297363e+02
7.1734100342e+02 7.1754199219e+02 7.1770501709e+02 7.1787799072e+02 7.1810601807e+02 7.1835198975e+02 7.1855999756e+02 7.1869097900e+02 7.1879199219e+02 7.1896099854e+02 7.1926397705e+02 7.1961999512e+02 7.1992297363e+02 7.2008898926e+02 7.2021502686e+02 7.2038000488e+02 7.2047399902e+02 7.2058898926e+02 7.2079602051e+02 7.2104400635e+02 7.2125701904e+02 7.2146697998e+02 7.2172497559e+02 7.2191400146e+02 7.2207000732e+02 7.2225299072e+02 7.2243701172e+02 7.2263800049e+02 7.2289398193e+02 7.2319500732e+02 7.2355200195e+02 7.2395800781e+02 7.2429302979e+02 7.2449200439e+02 7.2457397461e+02 7.2461401367e+02 7.2477502441e+02 7.2528100586e+02 7.2609698486e+02 7.2673699951e+02 7.2696197510e+02 7.2721002197e+02 7.2767199707e+02 7.2862298584e+02 7.2945202637e+02 7.3004797363e+02
7.1717602539e+02 7.1733300781e+02 7.1747998047e+02 7.1763098145e+02 7.1782397461e+02 7.1808801270e+02 7.1836199951e+02 7.1848699951e+02 7.1857299805e+02 7.1870599365e+02 7.1893402100e+02 7.1923199463e+02 7.1960699463e+02 7.1985998535e+02 7.1998297119e+02 7.2011602783e+02 7.2023699951e+02 7.2039001465e+02 7.2059399414e+02 7.2076202393e+02 7.2093902588e+02 7.2113397217e+02 7.2138897705e+02 7.2161401367e+02 7.2178198242e+02 7.2198498535e+02 7.2215100098e+02 7.2226098633e+02 7.2252001953e+02 7.2278802490e+02 7.2301098633e+02 7.2350299072e+02 7.2384698486e+02 7.2397698975e+02 7.2405700684e+02 7.2420898438e+02 7.2432098389e+02 7.2472998047e+02 7.2549597168e+02 7.2622698975e+02 7.2658300781e+02 7.2692102051e+02 7.2748101807e+02 7.2863702393e+02 7.2930603027e+02 7.2976098633e+02
7.1694702148e+02 7.1717297363e+02 7.1729998779e+02 7.1743200684e+02 7.1765002441e+02 7.1783697510e+02 7.1804998779e+02 7.1824401855e+02 7.1839099121e+02 7.1852502441e+02 7.1867797852e+02 7.1895800781e+02 7.1932098389e+02 7.1958300781e+02 7.1972497559e+02 7.1992901611e+02 7.2004101563e+02 7.2016699219e+02 7.2038201904e+02 7.2052600098e+02 7.2068701172e+02 7.2085601807e+02 7.2103900146e+02 7.2124597168e+02 7.2141601563e+02 7.2163500977e+02 7.2179498291e+02 7.2185101318e+02 7.2207702637e+02 7.2235400391e+02 7.2257598877e+02 7.2310101318e+02 7.2349298096e+02 7.2355700684e+02 7.2362701416e+02 7.2390698242e+02 7.2400500488e+02 7.2412402344e+02 7.2457800293e+02 7.2535198975e+02 7.2633197021e+02 7.2706500244e+02 7.2774700928e+02 7.2893701172e+02 7.2932598877e+02 7.2956097412e+02
7.1673101807e+02 7.1700000000e+02 7.1710601807e+02 7.1722198486e+02 7.1749499512e+02 7.1761798096e+02 7.1771801758e+02 7.1790197754e+02 7.1811999512e+02 7.1834698486e+02 7.1849499512e+02 7.1869299316e+02 7.1900402832e+02 7.1926397705e+02 7.1939801025e+02 7.1962902832e+02 7.1980102539e+02 7.1994000244e+02 7.2015301514e+02 7.2028900146e+02 7.2041601563e+02 7.2059899902e+02 7.2075000000e+02 7.2094897461e+02 7.2111297607e+02 7.2129699707e+02 7.2146899414e+02 7.2149798584e+02 7.2161602783e+02 7.2184997559e+02 7.2212902832e+02 7.2260900879e+02 7.2295001221e+02 7.2301501465e+02 7.2311199951e+02 7.2347497559e+02 7.2366198730e+02 7.2366302490e+02 7.2381201172e+02 7.2464001465e+02 7.2611602783e+02 7.2717999268e+02 7.2791497803e+02 7.2890899658e+02 7.2916900635e+02 7.2928601074e+02
7.1638500977e+02 7.1663800049e+02 7.1679797363e+02 7.1695001221e+02 7.1724597168e+02 7.1734899902e+02 7.1739697266e+02 7.1757397461e+02 7.1779199219e+02 7.1807098389e+02 7.1833599854e+02 7.1847601318e+02 7.1871697998e+02 7.1894598389e+02 7.1907098389e+02 7.1927398682e+02 7.1951898193e+02 7.1972100830e+02 7.1987799072e+02 7.2003302002e+02 7.2014697266e+02 7.2033502197e+02 7.2049200439e+02 7.2070397949e+02 7.2086499023e+02 7.2102899170e+02 7.2121801758e+02 7.2127099609e+02 7.2129400635e+02 7.2143402100e+02 7.2169799805e+02 7.2207299805e+02 7.2234002686e+02 7.2245501709e+02 7.2260699463e+02 7.2291802979e+02 7.2317498779e+02 7.2324597168e+02 7.2329498291e+02 7.2389001465e+02 7.2529602051e+02 7.2653900146e+02 7.2777697754e+02 7.2876300049e+02 7.2902197266e+02 7.2915899658e+02
7.1602398682e+02 7.1625000000e+02 7.1644000244e+02 7.1669097900e+02 7.1693701172e+02 7.1707299805e+02 7.1719299316e+02 7.1738500977e+02 7.1754602051e+02 7.1776702881e+02 7.1809197998e+02 7.1834100342e+02 7.1853698730e+02 7.1868402100e+02 7.1880902100e+02 7.1904400635e+02 7.1934197998e+02 7.1951202393e+02 7.1950299072e+02 7.1976098633e+02 7.1998199463e+02 7.2018798828e+02 7.2030102539e+02 7.2040502930e+02 7.2056799316e+02 7.2078198242e+02 7.2103802490e+02 7.2110699463e+02 7.2109698486e+02 7.2115002441e+02 7.2132098389e+02 7.2162200928e+02 7.2188702393e+02 7.2205902100e+02 7.2221502686e+02 7.2236199951e+02 7.2258001709e+02 7.2279901123e+02 7.2290899658e+02 7.2325598145e+02 7.2420501709e+02 7.2528698730e+02 7.2677899170e+02 7.2800000000e+02 7.2843200684e+02 7.2874597168e+02
7.1580297852e+02 7.1601098633e+02 7.1614099121e+02 7.1628601074e+02 7.1653002930e+02 7.1675000000e+02 7.1688897705e+02 7.1706896973e+02 7.1724401855e+02 7.1747802734e+02 7.1778802490e+02 7.1808398438e+02 7.1840399170e+02 7.1861297607e+02 7.1871801758e+02 7.1887200928e+02 7.1903100586e+02 7.1912298584e+02 7.1919598389e+02 7.1937500000e+02 7.1962200928e+02 7.1990899658e+02 7.2000402832e+02 7.2006097412e+02 7.2022998047e+02 7.2045898438e+02 7.2069897461e+02 7.2085400391e+02 7.2087200928e+02 7.2091198730e+02 7.2109899902e+02 7.2140502930e+02 7.2166198730e+02 7.2179699707e+02 7.2191900635e+02 7.2213598633e+02 7.2234197998e+02 7.2252600098e+02 7.2266802979e+02 7.2277398682e+02 7.2317297363e+02 7.2365002441e+02 7.2442401123e+02 7.2623400879e+02 7.2724700928e+02 7.2792102051e+02
7.1557098389e+02 7.1574597168e+02 7.1588897705e+02 7.1602001953e+02 7.1622802734e+02 7.1641302490e+02 7.1649200439e+02 7.1671197510e+02 7.1698297119e+02 7.1719702148e+02 7.1738500977e+02 7.1760302734e+02 7.1803100586e+02 7.1839099121e+02 7.1851501465e+02 7.1866198730e+02 7.1879797363e+02 7.1886798096e+02 7.1897399902e+02 7.1905902100e+02 7.1922601318e+02 7.1951702881e+02 7.1970800781e+02 7.1982800293e+02 7.1999902344e+02 7.2017199707e+02 7.2032098389e+02 7.2045501709e+02 7.2054602051e+02 7.2061401367e+02 7.2081597900e+02 7.2119299316e+02 7.2150500488e+02 7.2164898682e+02 7.2170697021e+02 7.2192102051e+02 7.2207800293e+02 7.2218798828e+02 7.2242700195e+02 7.2254602051e+02 7.2256402588e+02 7.2262500000e+02 7.2273400879e+02 7.2373101807e+02 7.2503601074e+02 7.2648400879e+02
7.1534899902e+02 7.1551000977e+02 7.1568298340e+02 7.1584100342e+02 7.1598797607e+02 7.1612097168e+02 7.1619598389e+02 7.1646997070e+02 7.1682098389e+02 7.1697802734e+02 7.1700097656e+02 7.1714001465e+02 7.1752600098e+02 7.1792700195e+02 7.1810302734e+02 7.1833398438e+02 7.1864099121e+02 7.1880200195e+02 7.1882800293e+02 7.1883801270e+02 7.1892199707e+02 7.1915899658e+02 7.1938201904e+02 7.1955297852e+02 7.1971502686e+02 7.1985900879e+02 7.1998901367e+02 7.2007202148e+02 7.2019201660e+02 7.2030603027e+02 7.2046801758e+02 7.2082299805e+02 7.2120800781e+02 7.2145098877e+02 7.2149902344e+02 7.2160302734e+02 7.2169500732e+02 7.2177197266e+02 7.2203802490e+02 7.2224597168e+02 7.2230401611e+02 7.2238800049e+02 7.2240802002e+02 7.2262298584e+02 7.2348498535e+02 7.2482800293e+02
