TESTSERVER/17/10.asc
NCOLS 100
NROWS 100
XLLCORNER 8.3497500000e+03
YLLCORNER 2.8945025000e+05
CELLSIZE 5.0000000000e-01
NODATA_VALUE -9.9990000000e+03
[rows 20 to 39 of 100, columns 46 to 91 of 100]
6.3554699707e+02 6.3554302979e+02 6.3556896973e+02 6.3559899902e+02 6.3561401367e+02 6.3562200928e+02 6.3563299561e+02 6.3566198730e+02 6.3567199707e+02 6.3570098877e+02 6.3572998047e+02 6.3575897217e+02 6.3578601074e+02 6.3582000732e+02 6.3586999512e+02 6.3590600586e+02 6.3594598389e+02 6.3601202393e+02 6.3607800293e+02 6.3614501953e+02 6.3621197510e+02 6.3629400635e+02 6.3638299561e+02 6.3642700195e+02 6.3646398926e+02 6.3653601074e+02 6.3656500244e+02 6.3660900879e+02 6.3667797852e+02 6.3675299072e+02 6.3681402588e+02 6.3686700439e+02 6.3691302490e+02 6.3695501709e+02 6.3699200439e+02 6.3703601074e+02 6.3708599854e+02 6.3715002441e+02 6.3720300293e+02 6.3725500488e+02 6.3732000732e+02 6.3738897705e+02 6.3746600342e+02 6.3755200195e+02 6.3760797119e+02 6.3765502930e+02
6.3546801758e+02 6.3547302246e+02 6.3549798584e+02 6.3549298096e+02 6.3551501465e+02 6.3555401611e+02 6.3557897949e+02 6.3561102295e+02 6.3561199951e+02 6.3561901855e+02 6.3566101074e+02 6.3571099854e+02 6.3572900391e+02 6.3575598145e+02 6.3581097412e+02 6.3583398438e+02 6.3588000488e+02 6.3595098877e+02 6.3602502441e+02 6.3608099365e+02 6.3614398193e+02 6.3623999023e+02 6.3631799316e+02 6.3636901855e+02 6.3641400146e+02 6.3647497559e+02 6.3649902344e+02 6.3653997803e+02 6.3660302734e+02 6.3666497803e+02 6.3670001221e+02 6.3674798584e+02 6.3680700684e+02 6.3685797119e+02 6.3694598389e+02 6.3698797607e+02 6.3704101563e+02 6.3709497070e+02 6.3713500977e+02 6.3720001221e+02 6.3728002930e+02 6.3734301758e+02 6.3740100098e+02 6.3748101807e+02 6.3755401611e+02 6.3761297607e+02
6.3539501953e+02 6.3540997314e+02 6.3544299316e+02 6.3544702148e+02 6.3544702148e+02 6.3547198486e+02 6.3550500488e+02 6.3554498291e+02 6.3556097412e+02 6.3556097412e+02 6.3559399414e+02 6.3565698242e+02 6.3568402100e+02 6.3571398926e+02 6.3576000977e+02 6.3578497314e+02 6.3583697510e+02 6.3589398193e+02 6.3596502686e+02 6.3603497314e+02 6.3610302734e+02 6.3618902588e+02 6.3626098633e+02 6.3633300781e+02 6.3638500977e+02 6.3643701172e+02 6.3645397949e+02 6.3648498535e+02 6.3651898193e+02 6.3657598877e+02 6.3661499023e+02 6.3666101074e+02 6.3673101807e+02 6.3679400635e+02 6.3688897705e+02 6.3690997314e+02 6.3695397949e+02 6.3701501465e+02 6.3707202148e+02 6.3714501953e+02 6.3723498535e+02 6.3731298828e+02 6.3735699463e+02 6.3741699219e+02 6.3748901367e+02 6.3755499268e+02
6.3534002686e+02 6.3534997559e+02 6.3536700439e+02 6.3538702393e+02 6.3538500977e+02 6.3540899658e+02 6.3544097900e+02 6.3547100830e+02 6.3550402832e+02 6.3551501465e+02 6.3553997803e+02 6.3560101318e+02 6.3564099121e+02 6.3567999268e+02 6.3571197510e+02 6.3573999023e+02 6.3580499268e+02 6.3585601807e+02 6.3590899658e+02 6.3599298096e+02 6.3607800293e+02 6.3614801025e+02 6.3619299316e+02 6.3627197266e+02 6.3633398438e+02 6.3639001465e+02 6.3640802002e+02 6.3644097900e+02 6.3646697998e+02 6.3651898193e+02 6.3654199219e+02 6.3657897949e+02 6.3665899658e+02 6.3674102783e+02 6.3681597900e+02 6.3684399414e+02 6.3688897705e+02 6.3696002197e+02 6.3702899170e+02 6.3710198975e+02 6.3717797852e+02 6.3725097656e+02 6.3730603027e+02 6.3735601807e+02 6.3742498779e+02 6.3749798584e+02
6.3527600098e+02 6.3529101563e+02 6.3531402588e+02 6.3533197021e+02 6.3535101318e+02 6.3538800049e+02 6.3540399170e+02 6.3541900635e+02 6.3545697021e+02 6.3548297119e+02 6.3551000977e+02 6.3555200195e+02 6.3559899902e+02 6.3564001465e+02 6.3567102051e+02 6.3570898438e+02 6.3577697754e+02 6.3583502197e+02 6.3589599609e+02 6.3595300293e+02 6.3603601074e+02 6.3610498047e+02 6.3616302490e+02 6.3619500732e+02 6.3624597168e+02 6.3631298828e+02 6.3636901855e+02 6.3641101074e+02 6.3643798828e+02 6.3648297119e+02 6.3649401855e+02 6.3653997803e+02 6.3661297607e+02 6.3667498779e+02 6.3672900391e+02 6.3680902100e+02 6.3685302734e+02 6.3689501953e+02 6.3698699951e+02 6.3709197998e+02 6.3715600586e+02 6.3720800781e+02 6.3726098633e+02 6.3730999756e+02 6.3737500000e+02 6.3745501709e+02
6.3519598389e+02 6.3521002197e+02 6.3524902344e+02 6.3527600098e+02 6.3529302979e+02 6.3533197021e+02 6.3537200928e+02 6.3538702393e+02 6.3540100098e+02 6.3543701172e+02 6.3547998047e+02 6.3552899170e+02 6.3558197021e+02 6.3561999512e+02 6.3565502930e+02 6.3570501709e+02 6.3575897217e+02 6.3579998779e+02 6.3585198975e+02 6.3589202881e+02 6.3596502686e+02 6.3603900146e+02 6.3608801270e+02 6.3614697266e+02 6.3619897461e+02 6.3627001953e+02 6.3632702637e+02 6.3635900879e+02 6.3639099121e+02 6.3644097900e+02 6.3647698975e+02 6.3651397705e+02 6.3656597900e+02 6.3662402344e+02 6.3670599365e+02 6.3675402832e+02 6.3682000732e+02 6.3688000488e+02 6.3696099854e+02 6.3703198242e+02 6.3709301758e+02 6.3714099121e+02 6.3721502686e+02 6.3727600098e+02 6.3734100342e+02 6.3740002441e+02
6.3512701416e+02 6.3515197754e+02 6.3519396973e+02 6.3521099854e+02 6.3522900391e+02 6.3526397705e+02 6.3530603027e+02 6.3532598877e+02 6.3534802246e+02 6.3539099121e+02 6.3542797852e+02 6.3546899414e+02 6.3553100586e+02 6.3559197998e+02 6.3563897705e+02 6.3570001221e+02 6.3575299072e+02 6.3579400635e+02 6.3584301758e+02 6.3586901855e+02 6.3592999268e+02 6.3599902344e+02 6.3602099609e+02 6.3609802246e+02 6.3617199707e+02 6.3623699951e+02 6.3627197266e+02 6.3631201172e+02 6.3637402344e+02 6.3642700195e+02 6.3645300293e+02 6.3649401855e+02 6.3653100586e+02 6.3657501221e+02 6.3666101074e+02 6.3671801758e+02 6.3679302979e+02 6.3686297607e+02 6.3693200684e+02 6.3698901367e+02 6.3704498291e+02 6.3708197021e+02 6.3715600586e+02 6.3723297119e+02 6.3729199219e+02 6.3733197021e+02
6.3507800293e+02 6.3509497070e+02 6.3513299561e+02 6.3515600586e+02 6.3518298340e+02 6.3521899414e+02 6.3524700928e+02 6.3527502441e+02 6.3531799316e+02 6.3536602783e+02 6.3540002441e+02 6.3542901611e+02 6.3548901367e+02 6.3556201172e+02 6.3561199951e+02 6.3567797852e+02 6.3572998047e+02 6.3576599121e+02 6.3581896973e+02 6.3585400391e+02 6.3591101074e+02 6.3597601318e+02 6.3599401855e+02 6.3605499268e+02 6.3612902832e+02 6.3619201660e+02 6.3621600342e+02 6.3627099609e+02 6.3634802246e+02 6.3639801025e+02 6.3643200684e+02 6.3647802734e+02 6.3651098633e+02 6.3655603027e+02 6.3663299561e+02 6.3668701172e+02 6.3676599121e+02 6.3683099365e+02 6.3688299561e+02 6.3696697998e+02 6.3701898193e+02 6.3704699707e+02 6.3709899902e+02 6.3716900635e+02 6.3722100830e+02 6.3726599121e+02
6.3503997803e+02 6.3504699707e+02 6.3506896973e+02 6.3511798096e+02 6.3513702393e+02 6.3517401123e+02 6.3520202637e+02 6.3523297119e+02 6.3528698730e+02 6.3533502197e+02 6.3537500000e+02 6.3540899658e+02 6.3547100830e+02 6.3554101563e+02 6.3558398438e+02 6.3564099121e+02 6.3568798828e+02 6.3572601318e+02 6.3578698730e+02 6.3584399414e+02 6.3590802002e+02 6.3596502686e+02 6.3599200439e+02 6.3602899170e+02 6.3607501221e+02 6.3613000488e+02 6.3618798828e+02 6.3624499512e+02 6.3631402588e+02 6.3637200928e+02 6.3642401123e+02 6.3646801758e+02 6.3648498535e+02 6.3652697754e+02 6.3659899902e+02 6.3663800049e+02 6.3671301270e+02 6.3680499268e+02 6.3684899902e+02 6.3691400146e+02 6.3696697998e+02 6.3701397705e+02 6.3705102539e+02 6.3709399414e+02 6.3714697266e+02 6.3721099854e+02
6.3499102783e+02 6.3500500488e+02 6.3504199219e+02 6.3509600830e+02 6.3511499023e+02 6.3515197754e+02 6.3517602539e+02 6.3521801758e+02 6.3525701904e+02 6.3529498291e+02 6.3533502197e+02 6.3537902832e+02 6.3544500732e+02 6.3551000977e+02 6.3555499268e+02 6.3561602783e+02 6.3567700195e+02 6.3571997070e+02 6.3576397705e+02 6.3580798340e+02 6.3588299561e+02 6.3595098877e+02 6.3597100830e+02 6.3600799561e+02 6.3603997803e+02 6.3608697510e+02 6.3614898682e+02 6.3620202637e+02 6.3627398682e+02 6.3633099365e+02 6.3638702393e+02 6.3643298340e+02 6.3646600342e+02 6.3650598145e+02 6.3657000732e+02 6.3662200928e+02 6.3668103027e+02 6.3675201416e+02 6.3680798340e+02 6.3686401367e+02 6.3691802979e+02 6.3695697021e+02 6.3700299072e+02 6.3704901123e+02 6.3710900879e+02 6.3717901611e+02
6.3492102051e+02 6.3495300293e+02 6.3501202393e+02 6.3504797363e+02 6.3508502197e+02 6.3514202881e+02 6.3515502930e+02 6.3519500732e+02 6.3523602295e+02 6.3527801514e+02 6.3532397461e+02 6.3537597656e+02 6.3543298340e+02 6.3549401855e+02 6.3554498291e+02 6.3560400391e+02 6.3566198730e+02 6.3570300293e+02 6.3574200439e+02 6.3577899170e+02 6.3585302734e+02 6.3590997314e+02 6.3592602539e+02 6.3596197510e+02 6.3601300049e+02 6.3607501221e+02 6.3612597656e+02 6.3617401123e+02 6.3624298096e+02 6.3630499268e+02 6.3636999512e+02 6.3642498779e+02 6.3645501709e+02 6.3648101807e+02 6.3653900146e+02 6.3657598877e+02 6.3664599609e+02 6.3670898438e+02 6.3674200439e+02 6.3680401611e+02 6.3687200928e+02 6.3692401123e+02 6.3698400879e+02 6.3703100586e+02 6.3707897949e+02 6.3713500977e+02
6.3486700439e+02 6.3489697266e+02 6.3495697021e+02 6.3499298096e+02 6.3503601074e+02 6.3510101318e+02 6.3513800049e+02 6.3517498779e+02 6.3521197510e+02 6.3525799561e+02 6.3531500244e+02 6.3536999512e+02 6.3542700195e+02 6.3549700928e+02 6.3553100586e+02 6.3557397461e+02 6.3563500977e+02 6.3568499756e+02 6.3573602295e+02 6.3576800537e+02 6.3582202148e+02 6.3584802246e+02 6.3588098145e+02 6.3592700195e+02 6.3599597168e+02 6.3606896973e+02 6.3611401367e+02 6.3616400146e+02 6.3622900391e+02 6.3629302979e+02 6.3634997559e+02 6.3641400146e+02 6.3644299316e+02 6.3646502686e+02 6.3651800537e+02 6.3653302002e+02 6.3660699463e+02 6.3666699219e+02 6.3668902588e+02 6.3676702881e+02 6.3683801270e+02 6.3689099121e+02 6.3695001221e+02 6.3700097656e+02 6.3704302979e+02 6.3708099365e+02
6.3482299805e+02 6.3484899902e+02 6.3489099121e+02 6.3494000244e+02 6.3498699951e+02 6.3503997803e+02 6.3509002686e+02 6.3512902832e+02 6.3516699219e+02 6.3521899414e+02 6.3528802490e+02 6.3533398438e+02 6.3540502930e+02 6.3549597168e+02 6.3553002930e+02 6.3556402588e+02 6.3559899902e+02 6.3563201904e+02 6.3567498779e+02 6.3574200439e+02 6.3579400635e+02 6.3582897949e+02 6.3588897705e+02 6.3591900635e+02 6.3597698975e+02 6.3602899170e+02 6.3608197021e+02 6.3615301514e+02 6.3621697998e+02 6.3627600098e+02 6.3630603027e+02 6.3636798096e+02 6.3641101074e+02 6.3644598389e+02 6.3650701904e+02 6.3653900146e+02 6.3658801270e+02 6.3662701416e+02 6.3667102051e+02 6.3673101807e+02 6.3678399658e+02 6.3683502197e+02 6.3689898682e+02 6.3695098877e+02 6.3700299072e+02 6.3703802490e+02
6.3476397705e+02 6.3479101563e+02 6.3483898926e+02 6.3490399170e+02 6.3496197510e+02 6.3501300049e+02 6.3506402588e+02 6.3511499023e+02 6.3515197754e+02 6.3519897461e+02 6.3526702881e+02 6.3531298828e+02 6.3537597656e+02 6.3545501709e+02 6.3549401855e+02 6.3554699707e+02 6.3557397461e+02 6.3559399414e+02 6.3561999512e+02 6.3567102051e+02 6.3573699951e+02 6.3580297852e+02 6.3588800049e+02 6.3591497803e+02 6.3595697021e+02 6.3600500488e+02 6.3605200195e+02 6.3613299561e+02 6.3619097900e+02 6.3623999023e+02 6.3627801514e+02 6.3633599854e+02 6.3637500000e+02 6.3641400146e+02 6.3646997070e+02 6.3653698730e+02 6.3658898926e+02 6.3659899902e+02 6.3664001465e+02 6.3668597412e+02 6.3672900391e+02 6.3678997803e+02 6.3684301758e+02 6.3688397217e+02 6.3694500732e+02 6.3698901367e+02
6.3473699951e+02 6.3476000977e+02 6.3479400635e+02 6.3486401367e+02 6.3491998291e+02 6.3496997070e+02 6.3503601074e+02 6.3510101318e+02 6.3513897705e+02 6.3517401123e+02 6.3523297119e+02 6.3527899170e+02 6.3533197021e+02 6.3539398193e+02 6.3543902588e+02 6.3549597168e+02 6.3554199219e+02 6.3558099365e+02 6.3560900879e+02 6.3564001465e+02 6.3569097900e+02 6.3576098633e+02 6.3584600830e+02 6.3588201904e+02 6.3593200684e+02 6.3598498535e+02 6.3602001953e+02 6.3608099365e+02 6.3613897705e+02 6.3620300293e+02 6.3625000000e+02 6.3631799316e+02 6.3635900879e+02 6.3639599609e+02 6.3645001221e+02 6.3651599121e+02 6.3655499268e+02 6.3657202148e+02 6.3660797119e+02 6.3663897705e+02 6.3668597412e+02 6.3675097656e+02 6.3679602051e+02 6.3683300781e+02 6.3690002441e+02 6.3694201660e+02
6.3468103027e+02 6.3472302246e+02 6.3476202393e+02 6.3482897949e+02 6.3488800049e+02 6.3494097900e+02 6.3500598145e+02 6.3506097412e+02 6.3510699463e+02 6.3514898682e+02 6.3520898438e+02 6.3525500488e+02 6.3530102539e+02 6.3536297607e+02 6.3540301514e+02 6.3543103027e+02 6.3548999023e+02 6.3555401611e+02 6.3560101318e+02 6.3563800049e+02 6.3566900635e+02 6.3572100830e+02 6.3580102539e+02 6.3584600830e+02 6.3589898682e+02 6.3595501709e+02 6.3599499512e+02 6.3605297852e+02 6.3612298584e+02 6.3618597412e+02 6.3622601318e+02 6.3629101563e+02 6.3633300781e+02 6.3636602783e+02 6.3642297363e+02 6.3647900391e+02 6.3652001953e+02 6.3654400635e+02 6.3657299805e+02 6.3660797119e+02 6.3666400146e+02 6.3671398926e+02 6.3675500488e+02 6.3679498291e+02 6.3686901855e+02 6.3691198730e+02
6.3461798096e+02 6.3467700195e+02 6.3473498535e+02 6.3479400635e+02 6.3485900879e+02 6.3492498779e+02 6.3498297119e+02 6.3502600098e+02 6.3507098389e+02 6.3512200928e+02 6.3519097900e+02 6.3523797607e+02 6.3527398682e+02 6.3532299805e+02 6.3536297607e+02 6.3539599609e+02 6.3543902588e+02 6.3548901367e+02 6.3554101563e+02 6.3560601807e+02 6.3565002441e+02 6.3570300293e+02 6.3578698730e+02 6.3582598877e+02 6.3586798096e+02 6.3593402100e+02 6.3600000000e+02 6.3604302979e+02 6.3610797119e+02 6.3616400146e+02 6.3619897461e+02 6.3625402832e+02 6.3630401611e+02 6.3634698486e+02 6.3640899658e+02 6.3646301270e+02 6.3649798584e+02 6.3653100586e+02 6.3654901123e+02 6.3657702637e+02 6.3663299561e+02 6.3667102051e+02 6.3672198486e+02 6.3676098633e+02 6.3681201172e+02 6.3686199951e+02
6.3458398438e+02 6.3463000488e+02 6.3468200684e+02 6.3475097656e+02 6.3482598877e+02 6.3491400146e+02 6.3497802734e+02 6.3503100586e+02 6.3507098389e+02 6.3509301758e+02 6.3515600586e+02 6.3521502686e+02 6.3526300049e+02 6.3530700684e+02 6.3533697510e+02 6.3537500000e+02 6.3540698242e+02 6.3544598389e+02 6.3549499512e+02 6.3556201172e+02 6.3562402344e+02 6.3567498779e+02 6.3573901367e+02 6.3579101563e+02 6.3584002686e+02 6.3589898682e+02 6.3596002197e+02 6.3602301025e+02 6.3608801270e+02 6.3613598633e+02 6.3617797852e+02 6.3623400879e+02 6.3627001953e+02 6.3631097412e+02 6.3638201904e+02 6.3644396973e+02 6.3647698975e+02 6.3649102783e+02 6.3652697754e+02 6.3655297852e+02 6.3659100342e+02 6.3663397217e+02 6.3667102051e+02 6.3671600342e+02 6.3676202393e+02 6.3681298828e+02
6.3455603027e+02 6.3461700439e+02 6.3466601563e+02 6.3472399902e+02 6.3479101563e+02 6.3487500000e+02 6.3493103027e+02 6.3498498535e+02 6.3503497314e+02 6.3506500244e+02 6.3513299561e+02 6.3518597412e+02 6.3523797607e+02 6.3528601074e+02 6.3531701660e+02 6.3533502197e+02 6.3538500977e+02 6.3543902588e+02 6.3546197510e+02 6.3551397705e+02 6.3558697510e+02 6.3564398193e+02 6.3571398926e+02 6.3575500488e+02 6.3580902100e+02 6.3586401367e+02 6.3590600586e+02 6.3597100830e+02 6.3604199219e+02 6.3609497070e+02 6.3615301514e+02 6.3620898438e+02 6.3624902344e+02 6.3629302979e+02 6.3635198975e+02 6.3641302490e+02 6.3645599365e+02 6.3646899414e+02 6.3649798584e+02 6.3652301025e+02 6.3657098389e+02 6.3661798096e+02 6.3663702393e+02 6.3667401123e+02 6.3672100830e+02 6.3678002930e+02
6.3451501465e+02 6.3458398438e+02 6.3464398193e+02 6.3471002197e+02 6.3477099609e+02 6.3483898926e+02 6.3487701416e+02 6.3492297363e+02 6.3497601318e+02 6.3502502441e+02 6.3510998535e+02 6.3515197754e+02 6.3519396973e+02 6.3523297119e+02 6.3528002930e+02 6.3529901123e+02 6.3536297607e+02 6.3542102051e+02 6.3543298340e+02 6.3548400879e+02 6.3555499268e+02 6.3560699463e+02 6.3569201660e+02 6.3572100830e+02 6.3578900146e+02 6.3585101318e+02 6.3588000488e+02 6.3594097900e+02 6.3600799561e+02 6.3605902100e+02 6.3611999512e+02 6.3617297363e+02 6.3622497559e+02 6.3627398682e+02 6.3631402588e+02 6.3635797119e+02 6.3641998291e+02 6.3645001221e+02 6.3647302246e+02 6.3649798584e+02 6.3654998779e+02 6.3659497070e+02 6.3661199951e+02 6.3664202881e+02 6.3668798828e+02 6.3673602295e+02
