TESTSERVER/17/10.asc
NCOLS 100
NROWS 100
XLLCORNER 8.3497500000e+03
YLLCORNER 2.8945025000e+05
CELLSIZE 5.0000000000e-01
NODATA_VALUE -9.9990000000e+03
[rows 40 to 59 of 100, columns 0 to 45 of 100]
6.3212799072e+02 6.3221099854e+02 6.3228997803e+02 6.3237402344e+02 6.3245501709e+02 6.3252697754e+02 6.3259197998e+02 6.3267700195e+02 6.3277001953e+02 6.3281201172e+02 6.3285900879e+02 6.3289202881e+02 6.3291302490e+02 6.3295397949e+02 6.3300201416e+02 6.3305297852e+02 6.3309497070e+02 6.3312500000e+02 6.3317102051e+02 6.3323602295e+02 6.3327398682e+02 6.3331799316e+02 6.3336499023e+02 6.3339300537e+02 6.3343200684e+02 6.3345202637e+02 6.3347802734e+02 6.3349200439e+02 6.3351501465e+02 6.3355102539e+02 6.3358801270e+02 6.3361401367e+02 6.3365899658e+02 6.3372302246e+02 6.3379199219e+02 6.3384301758e+02 6.3387701416e+02 6.3393200684e+02 6.3396697998e+02 6.3400000000e+02 6.3406896973e+02 6.3413397217e+02 6.3417901611e+02 6.3424298096e+02 6.3432501221e+02 6.3440399170e+02
6.3203802490e+02 6.3211401367e+02 6.3218298340e+02 6.3227398682e+02 6.3236297607e+02 6.3242498779e+02 6.3248400879e+02 6.3257299805e+02 6.3265197754e+02 6.3268597412e+02 6.3273199463e+02 6.3276702881e+02 6.3279901123e+02 6.3285198975e+02 6.3290600586e+02 6.3294097900e+02 6.3297900391e+02 6.3300598145e+02 6.3306201172e+02 6.3312799072e+02 6.3316400146e+02 6.3320098877e+02 6.3323297119e+02 6.3325598145e+02 6.3329498291e+02 6.3332202148e+02 6.3334997559e+02 6.3336901855e+02 6.3338897705e+02 6.3341198730e+02 6.3345501709e+02 6.3350500488e+02 6.3355798340e+02 6.3360498047e+02 6.3367498779e+02 6.3374597168e+02 6.3379699707e+02 6.3384600830e+02 6.3389898682e+02 6.3394702148e+02 6.3401397705e+02 6.3407598877e+02 6.3411700439e+02 6.3418798828e+02 6.3427899170e+02 6.3435900879e+02
6.3192700195e+02 6.3201098633e+02 6.3208001709e+02 6.3216198730e+02 6.3224700928e+02 6.3231896973e+02 6.3238201904e+02 6.3246502686e+02 6.3253399658e+02 6.3258599854e+02 6.3264001465e+02 6.3268200684e+02 6.3270599365e+02 6.3274700928e+02 6.3279797363e+02 6.3283697510e+02 6.3286999512e+02 6.3290002441e+02 6.3295898438e+02 6.3301098633e+02 6.3302001953e+02 6.3305499268e+02 6.3309497070e+02 6.3313098145e+02 6.3316998291e+02 6.3319897461e+02 6.3322698975e+02 6.3324902344e+02 6.3327099609e+02 6.3329498291e+02 6.3333300781e+02 6.3338098145e+02 6.3342901611e+02 6.3347802734e+02 6.3355603027e+02 6.3363598633e+02 6.3369500732e+02 6.3376702881e+02 6.3384197998e+02 6.3389599609e+02 6.3396197510e+02 6.3399798584e+02 6.3403802490e+02 6.3412500000e+02 6.3422802734e+02 6.3430902100e+02
6.3179797363e+02 6.3189099121e+02 6.3196600342e+02 6.3204101563e+02 6.3212298584e+02 6.3221002197e+02 6.3228002930e+02 6.3235998535e+02 6.3242199707e+02 6.3247399902e+02 6.3253002930e+02 6.3257397461e+02 6.3259997559e+02 6.3265802002e+02 6.3270800781e+02 6.3274200439e+02 6.3277301025e+02 6.3280999756e+02 6.3286102295e+02 6.3289697266e+02 6.3288598633e+02 6.3292199707e+02 6.3296899414e+02 6.3301202393e+02 6.3304199219e+02 6.3307598877e+02 6.3311102295e+02 6.3313299561e+02 6.3317401123e+02 6.3321997070e+02 6.3324798584e+02 6.3328802490e+02 6.3332897949e+02 6.3337701416e+02 6.3344201660e+02 6.3352398682e+02 6.3359497070e+02 6.3368103027e+02 6.3376397705e+02 6.3382702637e+02 6.3389300537e+02 6.3393701172e+02 6.3400097656e+02 6.3409301758e+02 6.3417498779e+02 6.3425201416e+02
6.3168597412e+02 6.3178002930e+02 6.3185900879e+02 6.3192797852e+02 6.3200402832e+02 6.3209002686e+02 6.3215997314e+02 6.3224798584e+02 6.3231500244e+02 6.3236798096e+02 6.3241400146e+02 6.3246002197e+02 6.3250201416e+02 6.3256298828e+02 6.3260198975e+02 6.3264001465e+02 6.3267102051e+02 6.3271801758e+02 6.3277502441e+02 6.3281500244e+02 6.3280798340e+02 6.3282800293e+02 6.3285302734e+02 6.3289801025e+02 6.3292102051e+02 6.3294897461e+02 6.3298999023e+02 6.3302801514e+02 6.3308099365e+02 6.3314099121e+02 6.3318499756e+02 6.3320098877e+02 6.3326000977e+02 6.3332098389e+02 6.3335998535e+02 6.3343701172e+02 6.3352697754e+02 6.3360699463e+02 6.3368402100e+02 6.3376300049e+02 6.3383898926e+02 6.3389898682e+02 6.3395800781e+02 6.3405102539e+02 6.3413500977e+02 6.3420300293e+02
6.3158697510e+02 6.3166998291e+02 6.3174298096e+02 6.3181597900e+02 6.3189697266e+02 6.3197302246e+02 6.3203698730e+02 6.3211401367e+02 6.3218200684e+02 6.3224298096e+02 6.3230603027e+02 6.3235797119e+02 6.3240399170e+02 6.3243402100e+02 6.3246398926e+02 6.3252502441e+02 6.3259399414e+02 6.3264599609e+02 6.3269097900e+02 6.3272900391e+02 6.3272698975e+02 6.3273999023e+02 6.3276000977e+02 6.3279699707e+02 6.3281597900e+02 6.3284698486e+02 6.3290002441e+02 6.3295501709e+02 6.3297900391e+02 6.3302099609e+02 6.3308001709e+02 6.3309899902e+02 6.3315698242e+02 6.3323199463e+02 6.3328997803e+02 6.3335998535e+02 6.3344396973e+02 6.3354602051e+02 6.3362701416e+02 6.3369799805e+02 6.3377502441e+02 6.3383398438e+02 6.3389398193e+02 6.3397698975e+02 6.3405700684e+02 6.3413897705e+02
6.3148199463e+02 6.3156298828e+02 6.3163702393e+02 6.3170697021e+02 6.3178698730e+02 6.3186297607e+02 6.3191601563e+02 6.3198400879e+02 6.3205902100e+02 6.3212799072e+02 6.3220001221e+02 6.3224499512e+02 6.3229602051e+02 6.3233099365e+02 6.3236602783e+02 6.3241998291e+02 6.3249700928e+02 6.3255499268e+02 6.3258599854e+02 6.3262701416e+02 6.3265301514e+02 6.3266601563e+02 6.3267901611e+02 6.3270898438e+02 6.3271600342e+02 6.3274499512e+02 6.3278900146e+02 6.3285498047e+02 6.3289697266e+02 6.3294000244e+02 6.3297399902e+02 6.3300500488e+02 6.3308502197e+02 6.3315197754e+02 6.3320800781e+02 6.3327099609e+02 6.3335498047e+02 6.3346697998e+02 6.3354901123e+02 6.3362500000e+02 6.3372497559e+02 6.3377697754e+02 6.3382501221e+02 6.3390002441e+02 6.3399102783e+02 6.3407397461e+02
6.3136999512e+02 6.3145397949e+02 6.3153002930e+02 6.3159802246e+02 6.3167102051e+02 6.3175201416e+02 6.3181799316e+02 6.3188702393e+02 6.3194799805e+02 6.3201599121e+02 6.3209497070e+02 6.3214501953e+02 6.3219897461e+02 6.3225201416e+02 6.3230297852e+02 6.3234399414e+02 6.3239202881e+02 6.3244097900e+02 6.3247802734e+02 6.3251098633e+02 6.3254901123e+02 6.3258001709e+02 6.3258599854e+02 6.3262902832e+02 6.3263397217e+02 6.3264898682e+02 6.3268103027e+02 6.3274700928e+02 6.3280603027e+02 6.3285900879e+02 6.3288000488e+02 6.3291601563e+02 6.3300500488e+02 6.3308099365e+02 6.3313702393e+02 6.3320098877e+02 6.3328002930e+02 6.3338098145e+02 6.3346997070e+02 6.3354901123e+02 6.3365997314e+02 6.3369799805e+02 6.3375598145e+02 6.3384197998e+02 6.3391699219e+02 6.3399102783e+02
6.3124597168e+02 6.3131298828e+02 6.3138397217e+02 6.3147497559e+02 6.3155499268e+02 6.3163299561e+02 6.3170599365e+02 6.3177301025e+02 6.3183599854e+02 6.3190698242e+02 6.3197497559e+02 6.3204901123e+02 6.3209899902e+02 6.3214099121e+02 6.3219396973e+02 6.3226000977e+02 6.3229602051e+02 6.3232800293e+02 6.3237500000e+02 6.3240301514e+02 6.3242102051e+02 6.3246697998e+02 6.3250201416e+02 6.3253302002e+02 6.3254101563e+02 6.3257702637e+02 6.3261602783e+02 6.3265997314e+02 6.3270697021e+02 6.3277600098e+02 6.3282501221e+02 6.3285900879e+02 6.3292700195e+02 6.3302099609e+02 6.3308398438e+02 6.3314801025e+02 6.3322100830e+02 6.3330902100e+02 6.3339898682e+02 6.3347802734e+02 6.3356799316e+02 6.3360601807e+02 6.3368103027e+02 6.3376202393e+02 6.3382098389e+02 6.3391198730e+02
6.3113098145e+02 6.3119396973e+02 6.3126501465e+02 6.3136199951e+02 6.3143200684e+02 6.3152001953e+02 6.3159997559e+02 6.3166699219e+02 6.3173199463e+02 6.3180603027e+02 6.3186499023e+02 6.3193402100e+02 6.3197900391e+02 6.3202697754e+02 6.3209497070e+02 6.3216998291e+02 6.3220202637e+02 6.3222802734e+02 6.3225897217e+02 6.3229901123e+02 6.3232299805e+02 6.3234802246e+02 6.3239501953e+02 6.3243597412e+02 6.3246801758e+02 6.3252099609e+02 6.3256500244e+02 6.3258801270e+02 6.3263397217e+02 6.3269702148e+02 6.3275799561e+02 6.3280200195e+02 6.3289697266e+02 6.3298400879e+02 6.3303002930e+02 6.3310198975e+02 6.3316601563e+02 6.3325201416e+02 6.3332702637e+02 6.3340600586e+02 6.3350201416e+02 6.3355401611e+02 6.3362200928e+02 6.3367602539e+02 6.3373797607e+02 6.3383502197e+02
6.3101501465e+02 6.3108300781e+02 6.3115698242e+02 6.3125799561e+02 6.3132598877e+02 6.3139898682e+02 6.3146697998e+02 6.3154101563e+02 6.3160797119e+02 6.3168597412e+02 6.3176000977e+02 6.3182202148e+02 6.3185498047e+02 6.3190997314e+02 6.3197998047e+02 6.3203900146e+02 6.3207800293e+02 6.3211401367e+02 6.3214398193e+02 6.3218798828e+02 6.3222497559e+02 6.3224902344e+02 6.3229602051e+02 6.3234100342e+02 6.3238000488e+02 6.3243200684e+02 6.3248699951e+02 6.3252301025e+02 6.3257501221e+02 6.3261901855e+02 6.3267401123e+02 6.3273498535e+02 6.3283197021e+02 6.3291400146e+02 6.3297302246e+02 6.3304901123e+02 6.3310900879e+02 6.3318902588e+02 6.3326202393e+02 6.3334197998e+02 6.3343298340e+02 6.3349102783e+02 6.3355700684e+02 6.3360797119e+02 6.3366400146e+02 6.3374401855e+02
6.3089202881e+02 6.3096099854e+02 6.3103698730e+02 6.3113098145e+02 6.3120898438e+02 6.3128100586e+02 6.3134698486e+02 6.3141699219e+02 6.3148797607e+02 6.3156201172e+02 6.3163800049e+02 6.3170697021e+02 6.3174798584e+02 6.3180603027e+02 6.3186102295e+02 6.3190100098e+02 6.3195202637e+02 6.3199902344e+02 6.3203698730e+02 6.3208099365e+02 6.3211999512e+02 6.3216101074e+02 6.3219396973e+02 6.3223101807e+02 6.3227600098e+02 6.3232598877e+02 6.3238800049e+02 6.3245001221e+02 6.3250799561e+02 6.3255798340e+02 6.3262200928e+02 6.3269598389e+02 6.3276300049e+02 6.3281799316e+02 6.3288299561e+02 6.3296398926e+02 6.3304498291e+02 6.3313201904e+02 6.3320697021e+02 6.3328601074e+02 6.3336199951e+02 6.3340997314e+02 6.3346997070e+02 6.3353802490e+02 6.3359899902e+02 6.3365301514e+02
6.3076501465e+02 6.3083599854e+02 6.3092102051e+02 6.3100000000e+02 6.3108502197e+02 6.3115997314e+02 6.3122302246e+02 6.3130200195e+02 6.3138397217e+02 6.3145300293e+02 6.3149597168e+02 6.3156097412e+02 6.3162097168e+02 6.3170098877e+02 6.3174902344e+02 6.3177801514e+02 6.3183898926e+02 6.3189898682e+02 6.3193902588e+02 6.3197698975e+02 6.3201098633e+02 6.3206201172e+02 6.3211102295e+02 6.3215002441e+02 6.3219799805e+02 6.3223400879e+02 6.3230499268e+02 6.3237097168e+02 6.3242602539e+02 6.3249200439e+02 6.3254400635e+02 6.3261798096e+02 6.3266900635e+02 6.3272900391e+02 6.3279699707e+02 6.3288397217e+02 6.3297302246e+02 6.3303997803e+02 6.3312799072e+02 6.3321997070e+02 6.3328302002e+02 6.3331097412e+02 6.3337500000e+02 6.3346398926e+02 6.3353900146e+02 6.3358898926e+02
6.3063397217e+02 6.3071398926e+02 6.3080200195e+02 6.3088201904e+02 6.3095599365e+02 6.3103698730e+02 6.3112298584e+02 6.3118200684e+02 6.3126000977e+02 6.3132598877e+02 6.3136798096e+02 6.3144799805e+02 6.3151098633e+02 6.3159399414e+02 6.3164599609e+02 6.3168103027e+02 6.3172399902e+02 6.3178997803e+02 6.3185400391e+02 6.3187799072e+02 6.3191101074e+02 6.3195599365e+02 6.3202801514e+02 6.3207299805e+02 6.3211999512e+02 6.3214898682e+02 6.3221600342e+02 6.3229199219e+02 6.3233599854e+02 6.3239599609e+02 6.3246002197e+02 6.3253399658e+02 6.3257598877e+02 6.3264898682e+02 6.3271997070e+02 6.3280798340e+02 6.3288598633e+02 6.3295202637e+02 6.3303698730e+02 6.3311401367e+02 6.3318798828e+02 6.3322900391e+02 6.3328802490e+02 6.3337402344e+02 6.3346197510e+02 6.3353399658e+02
6.3051098633e+02 6.3058801270e+02 6.3067901611e+02 6.3075598145e+02 6.3082598877e+02 6.3091497803e+02 6.3099798584e+02 6.3107202148e+02 6.3114398193e+02 6.3118701172e+02 6.3123602295e+02 6.3133300781e+02 6.3139898682e+02 6.3146398926e+02 6.3152001953e+02 6.3158001709e+02 6.3162402344e+02 6.3167700195e+02 6.3174298096e+02 6.3176800537e+02 6.3181201172e+02 6.3186102295e+02 6.3192498779e+02 6.3196099854e+02 6.3202099609e+02 6.3206500244e+02 6.3212402344e+02 6.3219097900e+02 6.3224401855e+02 6.3230102539e+02 6.3236499023e+02 6.3243200684e+02 6.3250000000e+02 6.3257598877e+02 6.3264501953e+02 6.3274200439e+02 6.3279998779e+02 6.3286901855e+02 6.3297100830e+02 6.3303601074e+02 6.3309497070e+02 6.3315600586e+02 6.3323297119e+02 6.3330798340e+02 6.3338702393e+02 6.3347399902e+02
6.3037902832e+02 6.3046099854e+02 6.3055798340e+02 6.3064099121e+02 6.3070898438e+02 6.3078302002e+02 6.3085400391e+02 6.3093902588e+02 6.3100799561e+02 6.3104797363e+02 6.3110998535e+02 6.3120800781e+02 6.3128900146e+02 6.3134497070e+02 6.3139898682e+02 6.3147100830e+02 6.3152697754e+02 6.3157702637e+02 6.3162402344e+02 6.3166198730e+02 6.3172198486e+02 6.3177697754e+02 6.3182299805e+02 6.3184698486e+02 6.3190197754e+02 6.3195898438e+02 6.3202502441e+02 6.3208197021e+02 6.3215197754e+02 6.3220501709e+02 6.3226501465e+02 6.3232897949e+02 6.3242498779e+02 6.3250402832e+02 6.3255902100e+02 6.3265698242e+02 6.3272302246e+02 6.3279199219e+02 6.3288598633e+02 6.3295898438e+02 6.3302001953e+02 6.3308697510e+02 6.3317199707e+02 6.3325201416e+02 6.3332397461e+02 6.3340802002e+02
6.3026599121e+02 6.3034100342e+02 6.3042797852e+02 6.3050598145e+02 6.3058502197e+02 6.3066302490e+02 6.3073602295e+02 6.3080999756e+02 6.3088000488e+02 6.3091198730e+02 6.3098297119e+02 6.3107598877e+02 6.3115899658e+02 6.3121002197e+02 6.3126800537e+02 6.3134301758e+02 6.3140600586e+02 6.3147302246e+02 6.3152099609e+02 6.3155999756e+02 6.3161602783e+02 6.3167401123e+02 6.3173699951e+02 6.3176501465e+02 6.3179498291e+02 6.3186499023e+02 6.3193798828e+02 6.3199298096e+02 6.3206799316e+02 6.3213000488e+02 6.3220202637e+02 6.3225201416e+02 6.3234002686e+02 6.3242199707e+02 6.3247302246e+02 6.3254699707e+02 6.3262701416e+02 6.3269702148e+02 6.3276300049e+02 6.3284399414e+02 6.3293798828e+02 6.3299597168e+02 6.3307000732e+02 6.3316400146e+02 6.3324200439e+02 6.3332800293e+02
6.3011602783e+02 6.3020397949e+02 6.3028198242e+02 6.3036602783e+02 6.3044500732e+02 6.3052600098e+02 6.3060699463e+02 6.3068103027e+02 6.3075299072e+02 6.3080102539e+02 6.3086401367e+02 6.3094799805e+02 6.3102001953e+02 6.3108001709e+02 6.3114501953e+02 6.3121600342e+02 6.3128198242e+02 6.3134197998e+02 6.3139099121e+02 6.3145397949e+02 6.3152899170e+02 6.3158300781e+02 6.3162402344e+02 6.3165997314e+02 6.3172100830e+02 6.3178802490e+02 6.3185400391e+02 6.3190600586e+02 6.3198602295e+02 6.3204797363e+02 6.3211798096e+02 6.3218200684e+02 6.3224597168e+02 6.3229101563e+02 6.3236700439e+02 6.3244799805e+02 6.3252801514e+02 6.3260198975e+02 6.3266900635e+02 6.3273297119e+02 6.3281500244e+02 6.3290698242e+02 6.3299798584e+02 6.3306701660e+02 6.3314599609e+02 6.3325097656e+02
6.2999102783e+02 6.3007299805e+02 6.3014501953e+02 6.3024499512e+02 6.3032800293e+02 6.3039898682e+02 6.3047100830e+02 6.3054498291e+02 6.3061999512e+02 6.3067901611e+02 6.3073999023e+02 6.3082397461e+02 6.3089801025e+02 6.3096600342e+02 6.3102600098e+02 6.3109100342e+02 6.3115100098e+02 6.3120300293e+02 6.3125500488e+02 6.3132897949e+02 6.3141400146e+02 6.3147100830e+02 6.3152197266e+02 6.3157000732e+02 6.3163800049e+02 6.3170202637e+02 6.3177600098e+02 6.3183099365e+02 6.3189801025e+02 6.3195501709e+02 6.3201898193e+02 6.3208801270e+02 6.3214801025e+02 6.3218298340e+02 6.3227301025e+02 6.3235302734e+02 6.3243298340e+02 6.3251202393e+02 6.3257397461e+02 6.3264501953e+02 6.3271899414e+02 6.3280902100e+02 6.3291101074e+02 6.3297497559e+02 6.3305401611e+02 6.3317498779e+02
6.2985498047e+02 6.2992999268e+02 6.3001800537e+02 6.3012799072e+02 6.3021398926e+02 6.3028198242e+02 6.3035400391e+02 6.3042901611e+02 6.3050598145e+02 6.3056201172e+02 6.3061499023e+02 6.3069500732e+02 6.3077600098e+02 6.3085101318e+02 6.3090997314e+02 6.3097497559e+02 6.3102899170e+02 6.3109399414e+02 6.3116497803e+02 6.3123400879e+02 6.3131500244e+02 6.3137298584e+02 6.3143298340e+02 6.3149102783e+02 6.3154302979e+02 6.3161102295e+02 6.3169299316e+02 6.3175500488e+02 6.3182299805e+02 6.3188598633e+02 6.3193798828e+02 6.3198699951e+02 6.3205200195e+02 6.3210198975e+02 6.3218402100e+02 6.3226202393e+02 6.3234197998e+02 6.3242199707e+02 6.3248199463e+02 6.3256298828e+02 6.3263598633e+02 6.3271697998e+02 6.3281799316e+02 6.3289697266e+02 6.3298101807e+02 6.3310101318e+02
