TESTSERVER/17/11.asc
NCOLS 100
NROWS 100
XLLCORNER 8.3497500000e+03
YLLCORNER 2.8940025000e+05
CELLSIZE 5.0000000000e-01
NODATA_VALUE -9.9990000000e+03
[rows 60 to 79 of 100, columns 46 to 91 of 100]
6.3285101318e+02 6.3292401123e+02 6.3299298096e+02 6.3306097412e+02 6.3314398193e+02 6.3319702148e+02 6.3324798584e+02 6.3330297852e+02 6.3336499023e+02 6.3342602539e+02 6.3348699951e+02 6.3354498291e+02 6.3359497070e+02 6.3365002441e+02 6.3371002197e+02 6.3376000977e+02 6.3380200195e+02 6.3385400391e+02 6.3389099121e+02 6.3392602539e+02 6.3398297119e+02 6.3403198242e+02 6.3407098389e+02 6.3411700439e+02 6.3415100098e+02 6.3419201660e+02 6.3423999023e+02 6.3428198242e+02 6.3431597900e+02 6.3434301758e+02 6.3438500977e+02 6.3443701172e+02 6.3448498535e+02 6.3451202393e+02 6.3454101563e+02 6.3457299805e+02 6.3460797119e+02 6.3463000488e+02 6.3466699219e+02 6.3470898438e+02 6.3472802734e+02 6.3475897217e+02 6.3479797363e+02 6.3483398438e+02 6.3485302734e+02 6.3488000488e+02
6.3296600342e+02 6.3303100586e+02 6.3310302734e+02 6.3317199707e+02 6.3324798584e+02 6.3330297852e+02 6.3335400391e+02 6.3340197754e+02 6.3346502686e+02 6.3352502441e+02 6.3358697510e+02 6.3364300537e+02 6.3368200684e+02 6.3373498535e+02 6.3379797363e+02 6.3384899902e+02 6.3389202881e+02 6.3394299316e+02 6.3398400879e+02 6.3401501465e+02 6.3406701660e+02 6.3411602783e+02 6.3415197754e+02 6.3419702148e+02 6.3422900391e+02 6.3427099609e+02 6.3432202148e+02 6.3436700439e+02 6.3440002441e+02 6.3442498779e+02 6.3446697998e+02 6.3452001953e+02 6.3456298828e+02 6.3459899902e+02 6.3463500977e+02 6.3467102051e+02 6.3469897461e+02 6.3471801758e+02 6.3475299072e+02 6.3479797363e+02 6.3481896973e+02 6.3485498047e+02 6.3489300537e+02 6.3492401123e+02 6.3494799805e+02 6.3498101807e+02
6.3307897949e+02 6.3314697266e+02 6.3321697998e+02 6.3328100586e+02 6.3334802246e+02 6.3340100098e+02 6.3345800781e+02 6.3350598145e+02 6.3356799316e+02 6.3362298584e+02 6.3368103027e+02 6.3373602295e+02 6.3377197266e+02 6.3382598877e+02 6.3388598633e+02 6.3393902588e+02 6.3398400879e+02 6.3403198242e+02 6.3407897949e+02 6.3410797119e+02 6.3415100098e+02 6.3420300293e+02 6.3423901367e+02 6.3428399658e+02 6.3431402588e+02 6.3435601807e+02 6.3440399170e+02 6.3444396973e+02 6.3447802734e+02 6.3450799561e+02 6.3454998779e+02 6.3459997559e+02 6.3464398193e+02 6.3468298340e+02 6.3471600342e+02 6.3475402832e+02 6.3478497314e+02 6.3481597900e+02 6.3484899902e+02 6.3488201904e+02 6.3490899658e+02 6.3495599365e+02 6.3498797607e+02 6.3501300049e+02 6.3503900146e+02 6.3507202148e+02
6.3319201660e+02 6.3326397705e+02 6.3333099365e+02 6.3339099121e+02 6.3345001221e+02 6.3350500488e+02 6.3356402588e+02 6.3360797119e+02 6.3366400146e+02 6.3371697998e+02 6.3376800537e+02 6.3381896973e+02 6.3386297607e+02 6.3391802979e+02 6.3397100830e+02 6.3402099609e+02 6.3406701660e+02 6.3411700439e+02 6.3416699219e+02 6.3419702148e+02 6.3423297119e+02 6.3428698730e+02 6.3432598877e+02 6.3436999512e+02 6.3439898682e+02 6.3444396973e+02 6.3448901367e+02 6.3452398682e+02 6.3456097412e+02 6.3459698486e+02 6.3464099121e+02 6.3469000244e+02 6.3473101807e+02 6.3476898193e+02 6.3480200195e+02 6.3484497070e+02 6.3487902832e+02 6.3491900635e+02 6.3495202637e+02 6.3496899414e+02 6.3499298096e+02 6.3504699707e+02 6.3508502197e+02 6.3510601807e+02 6.3512200928e+02 6.3515997314e+02
6.3330700684e+02 6.3337701416e+02 6.3343902588e+02 6.3349401855e+02 6.3355798340e+02 6.3362298584e+02 6.3366998291e+02 6.3370300293e+02 6.3375201416e+02 6.3382098389e+02 6.3387799072e+02 6.3392297363e+02 6.3396600342e+02 6.3401599121e+02 6.3406298828e+02 6.3410998535e+02 6.3415301514e+02 6.3419897461e+02 6.3424499512e+02 6.3428302002e+02 6.3432397461e+02 6.3437200928e+02 6.3441400146e+02 6.3445599365e+02 6.3448297119e+02 6.3452600098e+02 6.3457397461e+02 6.3461602783e+02 6.3465600586e+02 6.3469000244e+02 6.3473400879e+02 6.3478198242e+02 6.3482397461e+02 6.3486102295e+02 6.3489599609e+02 6.3493701172e+02 6.3496600342e+02 6.3500000000e+02 6.3503900146e+02 6.3506597900e+02 6.3507897949e+02 6.3511798096e+02 6.3516198730e+02 6.3519000244e+02 6.3521502686e+02 6.3526000977e+02
6.3342999268e+02 6.3348797607e+02 6.3354400635e+02 6.3359497070e+02 6.3366101074e+02 6.3371801758e+02 6.3376397705e+02 6.3380297852e+02 6.3385302734e+02 6.3391802979e+02 6.3397802734e+02 6.3402099609e+02 6.3406402588e+02 6.3411297607e+02 6.3415899658e+02 6.3420501709e+02 6.3424401855e+02 6.3428399658e+02 6.3433001709e+02 6.3437200928e+02 6.3441400146e+02 6.3445098877e+02 6.3449597168e+02 6.3454302979e+02 6.3457202148e+02 6.3460797119e+02 6.3465502930e+02 6.3470300293e+02 6.3474401855e+02 6.3477600098e+02 6.3482000732e+02 6.3486297607e+02 6.3490600586e+02 6.3495098877e+02 6.3498297119e+02 6.3501702881e+02 6.3506097412e+02 6.3508697510e+02 6.3512402344e+02 6.3516198730e+02 6.3517901611e+02 6.3520800781e+02 6.3524401855e+02 6.3527801514e+02 6.3531402588e+02 6.3535699463e+02
6.3353399658e+02 6.3358801270e+02 6.3364202881e+02 6.3369598389e+02 6.3376702881e+02 6.3381402588e+02 6.3386297607e+02 6.3391101074e+02 6.3396099854e+02 6.3401397705e+02 6.3407000732e+02 6.3411602783e+02 6.3416497803e+02 6.3421301270e+02 6.3425598145e+02 6.3429797363e+02 6.3433502197e+02 6.3437298584e+02 6.3441998291e+02 6.3446398926e+02 6.3450897217e+02 6.3453900146e+02 6.3458502197e+02 6.3463397217e+02 6.3466699219e+02 6.3470098877e+02 6.3474401855e+02 6.3479101563e+02 6.3483502197e+02 6.3486798096e+02 6.3491400146e+02 6.3495202637e+02 6.3498901367e+02 6.3503601074e+02 6.3506799316e+02 6.3509802246e+02 6.3514300537e+02 6.3517102051e+02 6.3521301270e+02 6.3525097656e+02 6.3527398682e+02 6.3530700684e+02 6.3534002686e+02 6.3537402344e+02 6.3541101074e+02 6.3544201660e+02
6.3364099121e+02 6.3369598389e+02 6.3375598145e+02 6.3381201172e+02 6.3388098145e+02 6.3392797852e+02 6.3397802734e+02 6.3402899170e+02 6.3407501221e+02 6.3411102295e+02 6.3416400146e+02 6.3421899414e+02 6.3427301025e+02 6.3432098389e+02 6.3435998535e+02 6.3439801025e+02 6.3443402100e+02 6.3447198486e+02 6.3451397705e+02 6.3455499268e+02 6.3460198975e+02 6.3463000488e+02 6.3467797852e+02 6.3472998047e+02 6.3476599121e+02 6.3480200195e+02 6.3484100342e+02 6.3488800049e+02 6.3493402100e+02 6.3496801758e+02 6.3501202393e+02 6.3504602051e+02 6.3508001709e+02 6.3512200928e+02 6.3515600586e+02 6.3518701172e+02 6.3522698975e+02 6.3526501465e+02 6.3530603027e+02 6.3533697510e+02 6.3535797119e+02 6.3540197754e+02 6.3543902588e+02 6.3547399902e+02 6.3550897217e+02 6.3553497314e+02
6.3376501465e+02 6.3382098389e+02 6.3387500000e+02 6.3392700195e+02 6.3398400879e+02 6.3403698730e+02 6.3408502197e+02 6.3413201904e+02 6.3417602539e+02 6.3421197510e+02 6.3426898193e+02 6.3432702637e+02 6.3437799072e+02 6.3442297363e+02 6.3446197510e+02 6.3450000000e+02 6.3453997803e+02 6.3457598877e+02 6.3460998535e+02 6.3464300537e+02 6.3467999268e+02 6.3472198486e+02 6.3477600098e+02 6.3482897949e+02 6.3485198975e+02 6.3489801025e+02 6.3494299316e+02 6.3498901367e+02 6.3502801514e+02 6.3506298828e+02 6.3510400391e+02 6.3514099121e+02 6.3517498779e+02 6.3521502686e+02 6.3525299072e+02 6.3528497314e+02 6.3532000732e+02 6.3535302734e+02 6.3538500977e+02 6.3541497803e+02 6.3543298340e+02 6.3548602295e+02 6.3553002930e+02 6.3556701660e+02 6.3559899902e+02 6.3563201904e+02
6.3390600586e+02 6.3395599365e+02 6.3400000000e+02 6.3404101563e+02 6.3409399414e+02 6.3414398193e+02 6.3419299316e+02 6.3423400879e+02 6.3427600098e+02 6.3432098389e+02 6.3438201904e+02 6.3443701172e+02 6.3447802734e+02 6.3451898193e+02 6.3455999756e+02 6.3459997559e+02 6.3464398193e+02 6.3467602539e+02 6.3470501709e+02 6.3473699951e+02 6.3477502441e+02 6.3481500244e+02 6.3486602783e+02 6.3492199707e+02 6.3495202637e+02 6.3498999023e+02 6.3503399658e+02 6.3507501221e+02 6.3511602783e+02 6.3515100098e+02 6.3518597412e+02 6.3522497559e+02 6.3526501465e+02 6.3530200195e+02 6.3533599854e+02 6.3536297607e+02 6.3539202881e+02 6.3543103027e+02 6.3547698975e+02 6.3551599121e+02 6.3553497314e+02 6.3557397461e+02 6.3561401367e+02 6.3564801025e+02 6.3568597412e+02 6.3571801758e+02
6.3403802490e+02 6.3408099365e+02 6.3411999512e+02 6.3415802002e+02 6.3421197510e+02 6.3426000977e+02 6.3430499268e+02 6.3434497070e+02 6.3438397217e+02 6.3443103027e+02 6.3449102783e+02 6.3454199219e+02 6.3457702637e+02 6.3461700439e+02 6.3465802002e+02 6.3469799805e+02 6.3473797607e+02 6.3477001953e+02 6.3480499268e+02 6.3484100342e+02 6.3487902832e+02 6.3492102051e+02 6.3496600342e+02 6.3501599121e+02 6.3505401611e+02 6.3508697510e+02 6.3512902832e+02 6.3516998291e+02 6.3520697021e+02 6.3524298096e+02 6.3527600098e+02 6.3531500244e+02 6.3535900879e+02 6.3539099121e+02 6.3542602539e+02 6.3545599365e+02 6.3547998047e+02 6.3552099609e+02 6.3557000732e+02 6.3560699463e+02 6.3562097168e+02 6.3566198730e+02 6.3570098877e+02 6.3572802734e+02 6.3576898193e+02 6.3580999756e+02
6.3415899658e+02 6.3419897461e+02 6.3423901367e+02 6.3427899170e+02 6.3433300781e+02 6.3437298584e+02 6.3440899658e+02 6.3445098877e+02 6.3449798584e+02 6.3454199219e+02 6.3459399414e+02 6.3464001465e+02 6.3467602539e+02 6.3471600342e+02 6.3475598145e+02 6.3479602051e+02 6.3483001709e+02 6.3486602783e+02 6.3490600586e+02 6.3494299316e+02 6.3498101807e+02 6.3502600098e+02 6.3506701660e+02 6.3510699463e+02 6.3514398193e+02 6.3517797852e+02 6.3522100830e+02 6.3526397705e+02 6.3529901123e+02 6.3533300781e+02 6.3536700439e+02 6.3540698242e+02 6.3545300293e+02 6.3547698975e+02 6.3551501465e+02 6.3555401611e+02 6.3558300781e+02 6.3561602783e+02 6.3566198730e+02 6.3569500732e+02 6.3571398926e+02 6.3575897217e+02 6.3580102539e+02 6.3583001709e+02 6.3586901855e+02 6.3590502930e+02
6.3427600098e+02 6.3432000732e+02 6.3436199951e+02 6.3439801025e+02 6.3444799805e+02 6.3448297119e+02 6.3451202393e+02 6.3455902100e+02 6.3462097168e+02 6.3465197754e+02 6.3469097900e+02 6.3473199463e+02 6.3476800537e+02 6.3481597900e+02 6.3485699463e+02 6.3489300537e+02 6.3493402100e+02 6.3497698975e+02 6.3500897217e+02 6.3503100586e+02 6.3507098389e+02 6.3512200928e+02 6.3515698242e+02 6.3519702148e+02 6.3523101807e+02 6.3526702881e+02 6.3531500244e+02 6.3535900879e+02 6.3539001465e+02 6.3541900635e+02 6.3545800781e+02 6.3550299072e+02 6.3554998779e+02 6.3558001709e+02 6.3561199951e+02 6.3564898682e+02 6.3568402100e+02 6.3570501709e+02 6.3575201416e+02 6.3579602051e+02 6.3582098389e+02 6.3586700439e+02 6.3589801025e+02 6.3592999268e+02 6.3597100830e+02 6.3600500488e+02
6.3439898682e+02 6.3444396973e+02 6.3448101807e+02 6.3450897217e+02 6.3455499268e+02 6.3459600830e+02 6.3462902832e+02 6.3467199707e+02 6.3471801758e+02 6.3475402832e+02 6.3479602051e+02 6.3483502197e+02 6.3487097168e+02 6.3491497803e+02 6.3495001221e+02 6.3498498535e+02 6.3503100586e+02 6.3506701660e+02 6.3509802246e+02 6.3512097168e+02 6.3516302490e+02 6.3521502686e+02 6.3524597168e+02 6.3529302979e+02 6.3533300781e+02 6.3536700439e+02 6.3541101074e+02 6.3545098877e+02 6.3548199463e+02 6.3551300049e+02 6.3555297852e+02 6.3560302734e+02 6.3565002441e+02 6.3567401123e+02 6.3570501709e+02 6.3573999023e+02 6.3577001953e+02 6.3579498291e+02 6.3584002686e+02 6.3589099121e+02 6.3592297363e+02 6.3596899414e+02 6.3598999023e+02 6.3601702881e+02 6.3606597900e+02 6.3610998535e+02
6.3450598145e+02 6.3455700684e+02 6.3459600830e+02 6.3461798096e+02 6.3465600586e+02 6.3470800781e+02 6.3474499512e+02 6.3477697754e+02 6.3481097412e+02 6.3485400391e+02 6.3489398193e+02 6.3493103027e+02 6.3496801758e+02 6.3501000977e+02 6.3504400635e+02 6.3508001709e+02 6.3512298584e+02 6.3515301514e+02 6.3518200684e+02 6.3521099854e+02 6.3525299072e+02 6.3530297852e+02 6.3533398438e+02 6.3538098145e+02 6.3542602539e+02 6.3545898438e+02 6.3550000000e+02 6.3554101563e+02 6.3557501221e+02 6.3560601807e+02 6.3564501953e+02 6.3569500732e+02 6.3574597168e+02 6.3577099609e+02 6.3580297852e+02 6.3584100342e+02 6.3586999512e+02 6.3590399170e+02 6.3594598389e+02 6.3598699951e+02 6.3601202393e+02 6.3605798340e+02 6.3608898926e+02 6.3611901855e+02 6.3615899658e+02 6.3620202637e+02
6.3462701416e+02 6.3466900635e+02 6.3470898438e+02 6.3473199463e+02 6.3476800537e+02 6.3481500244e+02 6.3485198975e+02 6.3488299561e+02 6.3491497803e+02 6.3495599365e+02 6.3499102783e+02 6.3502600098e+02 6.3506799316e+02 6.3511199951e+02 6.3514599609e+02 6.3518103027e+02 6.3521997070e+02 6.3525598145e+02 6.3528399658e+02 6.3531201172e+02 6.3534997559e+02 6.3539898682e+02 6.3543103027e+02 6.3547497559e+02 6.3551397705e+02 6.3554699707e+02 6.3558801270e+02 6.3563098145e+02 6.3567297363e+02 6.3570098877e+02 6.3573498535e+02 6.3578100586e+02 6.3583099365e+02 6.3586499023e+02 6.3590002441e+02 6.3594201660e+02 6.3597601318e+02 6.3601098633e+02 6.3604699707e+02 6.3607800293e+02 6.3609802246e+02 6.3614599609e+02 6.3618200684e+02 6.3621197510e+02 6.3625000000e+02 6.3629101563e+02
6.3477398682e+02 6.3479901123e+02 6.3483502197e+02 6.3486602783e+02 6.3490301514e+02 6.3492498779e+02 6.3495202637e+02 6.3499401855e+02 6.3502899170e+02 6.3506500244e+02 6.3510101318e+02 6.3514099121e+02 6.3517700195e+02 6.3522302246e+02 6.3525598145e+02 6.3528698730e+02 6.3531896973e+02 6.3536700439e+02 6.3540100098e+02 6.3542602539e+02 6.3546301270e+02 6.3550097656e+02 6.3553900146e+02 6.3558099365e+02 6.3560900879e+02 6.3564001465e+02 6.3567602539e+02 6.3572100830e+02 6.3577301025e+02 6.3579797363e+02 6.3582501221e+02 6.3586700439e+02 6.3591302490e+02 6.3594799805e+02 6.3598101807e+02 6.3601898193e+02 6.3606201172e+02 6.3610900879e+02 6.3614300537e+02 6.3617297363e+02 6.3619598389e+02 6.3624597168e+02 6.3628002930e+02 6.3631402588e+02 6.3635302734e+02 6.3638897705e+02
6.3489898682e+02 6.3492297363e+02 6.3495697021e+02 6.3498901367e+02 6.3503002930e+02 6.3505798340e+02 6.3508398438e+02 6.3512200928e+02 6.3515399170e+02 6.3519201660e+02 6.3522497559e+02 6.3526000977e+02 6.3529302979e+02 6.3533001709e+02 6.3536199951e+02 6.3539697266e+02 6.3543200684e+02 6.3547802734e+02 6.3551202393e+02 6.3552801514e+02 6.3555999756e+02 6.3559600830e+02 6.3562902832e+02 6.3566802979e+02 6.3570001221e+02 6.3574102783e+02 6.3577899170e+02 6.3581701660e+02 6.3586700439e+02 6.3589202881e+02 6.3591900635e+02 6.3596002197e+02 6.3600299072e+02 6.3604400635e+02 6.3607501221e+02 6.3610797119e+02 6.3615100098e+02 6.3619897461e+02 6.3624499512e+02 6.3627600098e+02 6.3630102539e+02 6.3634399414e+02 6.3638201904e+02 6.3642199707e+02 6.3644897461e+02 6.3647998047e+02
6.3503002930e+02 6.3505603027e+02 6.3508502197e+02 6.3510601807e+02 6.3514801025e+02 6.3518597412e+02 6.3521197510e+02 6.3523901367e+02 6.3526800537e+02 6.3530700684e+02 6.3534100342e+02 6.3537597656e+02 6.3540802002e+02 6.3543798828e+02 6.3547198486e+02 6.3551202393e+02 6.3554699707e+02 6.3558697510e+02 6.3561700439e+02 6.3563702393e+02 6.3566497803e+02 6.3569897461e+02 6.3572802734e+02 6.3576599121e+02 6.3580200195e+02 6.3584600830e+02 6.3588201904e+02 6.3591497803e+02 6.3596197510e+02 6.3599200439e+02 6.3602197266e+02 6.3606097412e+02 6.3609997559e+02 6.3614300537e+02 6.3616900635e+02 6.3620300293e+02 6.3624597168e+02 6.3629699707e+02 6.3634698486e+02 6.3637701416e+02 6.3640100098e+02 6.3643499756e+02 6.3647497559e+02 6.3651300049e+02 6.3653100586e+02 6.3657000732e+02
6.3516998291e+02 6.3519799805e+02 6.3521502686e+02 6.3522198486e+02 6.3526000977e+02 6.3530401611e+02 6.3533099365e+02 6.3535302734e+02 6.3538500977e+02 6.3541400146e+02 6.3545001221e+02 6.3548797607e+02 6.3551800537e+02 6.3554602051e+02 6.3558300781e+02 6.3562500000e+02 6.3565698242e+02 6.3569201660e+02 6.3572100830e+02 6.3574499512e+02 6.3577197266e+02 6.3579699707e+02 6.3582702637e+02 6.3586901855e+02 6.3590997314e+02 6.3595202637e+02 6.3598602295e+02 6.3601599121e+02 6.3605798340e+02 6.3609497070e+02 6.3612701416e+02 6.3616497803e+02 6.3620202637e+02 6.3624298096e+02 6.3627099609e+02 6.3630700684e+02 6.3634698486e+02 6.3640100098e+02 6.3644799805e+02 6.3647198486e+02 6.3649200439e+02 6.3652600098e+02 6.3657000732e+02 6.3660998535e+02 6.3663000488e+02 6.3667199707e+02
