TESTSERVER/17/11.asc
NCOLS 100
NROWS 100
XLLCORNER 8.3497500000e+03
YLLCORNER 2.8940025000e+05
CELLSIZE 5.0000000000e-01
NODATA_VALUE -9.9990000000e+03
[rows 80 to 99 of 100, columns 46 to 91 of 100]
6.3530999756e+02 6.3533502197e+02 6.3533898926e+02 6.3533697510e+02 6.3536700439e+02 6.3541198730e+02 6.3544396973e+02 6.3546801758e+02 6.3550097656e+02 6.3553399658e+02 6.3556701660e+02 6.3560498047e+02 6.3562799072e+02 6.3565399170e+02 6.3569097900e+02 6.3572900391e+02 6.3575598145e+02 6.3578900146e+02 6.3582397461e+02 6.3585400391e+02 6.3587701416e+02 6.3589599609e+02 6.3593200684e+02 6.3598199463e+02 6.3602398682e+02 6.3605798340e+02 6.3609802246e+02 6.3612701416e+02 6.3615698242e+02 6.3619598389e+02 6.3622998047e+02 6.3626898193e+02 6.3630902100e+02 6.3634497070e+02 6.3637298584e+02 6.3640399170e+02 6.3644201660e+02 6.3649700928e+02 6.3653900146e+02 6.3656402588e+02 6.3658300781e+02 6.3662402344e+02 6.3666998291e+02 6.3671502686e+02 6.3674298096e+02 6.3678100586e+02
6.3542602539e+02 6.3546197510e+02 6.3547198486e+02 6.3547302246e+02 6.3550299072e+02 6.3552502441e+02 6.3555700684e+02 6.3558801270e+02 6.3562298584e+02 6.3565698242e+02 6.3568402100e+02 6.3571301270e+02 6.3573797607e+02 6.3576800537e+02 6.3580102539e+02 6.3583398438e+02 6.3586602783e+02 6.3588702393e+02 6.3592297363e+02 6.3595697021e+02 6.3598199463e+02 6.3601202393e+02 6.3605297852e+02 6.3609802246e+02 6.3612500000e+02 6.3615600586e+02 6.3620599365e+02 6.3623498535e+02 6.3625299072e+02 6.3628997803e+02 6.3631799316e+02 6.3635699463e+02 6.3640301514e+02 6.3644299316e+02 6.3648297119e+02 6.3651300049e+02 6.3654797363e+02 6.3659802246e+02 6.3664001465e+02 6.3666802979e+02 6.3669500732e+02 6.3671801758e+02 6.3675701904e+02 6.3680200195e+02 6.3683502197e+02 6.3686901855e+02
6.3555603027e+02 6.3559301758e+02 6.3560302734e+02 6.3560498047e+02 6.3563598633e+02 6.3564697266e+02 6.3567700195e+02 6.3570898438e+02 6.3573699951e+02 6.3576599121e+02 6.3578997803e+02 6.3581896973e+02 6.3584899902e+02 6.3587902832e+02 6.3591198730e+02 6.3594500732e+02 6.3598101807e+02 6.3599798584e+02 6.3602697754e+02 6.3605902100e+02 6.3609301758e+02 6.3613299561e+02 6.3616699219e+02 6.3620098877e+02 6.3622998047e+02 6.3626397705e+02 6.3630603027e+02 6.3633300781e+02 6.3635198975e+02 6.3639697266e+02 6.3642797852e+02 6.3646301270e+02 6.3650299072e+02 6.3654400635e+02 6.3658697510e+02 6.3661700439e+02 6.3665197754e+02 6.3669897461e+02 6.3674102783e+02 6.3677398682e+02 6.3679901123e+02 6.3681402588e+02 6.3684698486e+02 6.3689801025e+02 6.3693798828e+02 6.3696801758e+02
6.3570098877e+02 6.3572601318e+02 6.3573602295e+02 6.3573797607e+02 6.3576702881e+02 6.3577697754e+02 6.3580499268e+02 6.3583099365e+02 6.3584899902e+02 6.3587500000e+02 6.3589697266e+02 6.3592602539e+02 6.3595898438e+02 6.3599102783e+02 6.3602301025e+02 6.3605603027e+02 6.3609100342e+02 6.3611499023e+02 6.3614300537e+02 6.3617199707e+02 6.3620501709e+02 6.3624597168e+02 6.3627099609e+02 6.3629998779e+02 6.3634002686e+02 6.3637402344e+02 6.3640600586e+02 6.3643701172e+02 6.3646398926e+02 6.3651397705e+02 6.3654400635e+02 6.3657501221e+02 6.3661199951e+02 6.3665100098e+02 6.3668798828e+02 6.3671600342e+02 6.3675897217e+02 6.3680200195e+02 6.3684002686e+02 6.3687200928e+02 6.3689300537e+02 6.3692297363e+02 6.3695800781e+02 6.3700500488e+02 6.3705200195e+02 6.3708502197e+02
6.3585101318e+02 6.3586499023e+02 6.3588000488e+02 6.3588397217e+02 6.3589697266e+02 6.3590502930e+02 6.3592700195e+02 6.3595202637e+02 6.3596398926e+02 6.3598602295e+02 6.3601397705e+02 6.3604699707e+02 6.3607501221e+02 6.3609899902e+02 6.3613500977e+02 6.3616802979e+02 6.3619000244e+02 6.3623199463e+02 6.3627301025e+02 6.3629699707e+02 6.3630499268e+02 6.3634497070e+02 6.3637402344e+02 6.3640802002e+02 6.3645202637e+02 6.3648602295e+02 6.3652001953e+02 6.3655297852e+02 6.3657501221e+02 6.3661700439e+02 6.3664898682e+02 6.3668499756e+02 6.3672698975e+02 6.3676098633e+02 6.3679400635e+02 6.3682702637e+02 6.3686798096e+02 6.3691302490e+02 6.3694000244e+02 6.3696398926e+02 6.3698199463e+02 6.3704302979e+02 6.3707299805e+02 6.3710797119e+02 6.3715100098e+02 6.3719799805e+02
6.3601098633e+02 6.3601397705e+02 6.3601800537e+02 6.3601898193e+02 6.3604602051e+02 6.3605102539e+02 6.3605798340e+02 6.3608697510e+02 6.3609497070e+02 6.3611102295e+02 6.3614001465e+02 6.3616998291e+02 6.3619201660e+02 6.3621899414e+02 6.3625299072e+02 6.3627600098e+02 6.3629199219e+02 6.3633697510e+02 6.3638201904e+02 6.3640100098e+02 6.3641802979e+02 6.3645397949e+02 6.3648602295e+02 6.3652697754e+02 6.3656701660e+02 6.3659997559e+02 6.3664001465e+02 6.3667102051e+02 6.3669396973e+02 6.3672802734e+02 6.3676202393e+02 6.3679998779e+02 6.3684802246e+02 6.3688299561e+02 6.3691802979e+02 6.3695202637e+02 6.3698901367e+02 6.3702301025e+02 6.3704998779e+02 6.3708099365e+02 6.3710900879e+02 6.3716900635e+02 6.3720001221e+02 6.3722900391e+02 6.3725799561e+02 6.3730200195e+02
6.3615600586e+02 6.3615197754e+02 6.3615100098e+02 6.3615002441e+02 6.3618701172e+02 6.3619598389e+02 6.3619702148e+02 6.3621197510e+02 6.3622100830e+02 6.3624798584e+02 6.3627398682e+02 6.3629602051e+02 6.3631298828e+02 6.3634301758e+02 6.3637701416e+02 6.3639398193e+02 6.3641101074e+02 6.3645397949e+02 6.3649798584e+02 6.3652502441e+02 6.3654901123e+02 6.3657501221e+02 6.3660302734e+02 6.3664202881e+02 6.3668103027e+02 6.3671899414e+02 6.3676202393e+02 6.3679602051e+02 6.3682598877e+02 6.3685900879e+02 6.3688598633e+02 6.3691900635e+02 6.3697100830e+02 6.3700598145e+02 6.3704101563e+02 6.3707501221e+02 6.3710998535e+02 6.3713598633e+02 6.3717401123e+02 6.3721002197e+02 6.3723901367e+02 6.3729901123e+02 6.3733300781e+02 6.3735900879e+02 6.3738702393e+02 6.3743298340e+02
6.3630499268e+02 6.3630603027e+02 6.3630200195e+02 6.3629199219e+02 6.3631402588e+02 6.3632800293e+02 6.3633300781e+02 6.3633898926e+02 6.3635101318e+02 6.3638702393e+02 6.3640997314e+02 6.3642401123e+02 6.3644097900e+02 6.3647302246e+02 6.3650799561e+02 6.3652697754e+02 6.3654901123e+02 6.3659002686e+02 6.3662597656e+02 6.3665399170e+02 6.3668103027e+02 6.3670300293e+02 6.3672900391e+02 6.3676397705e+02 6.3680102539e+02 6.3684899902e+02 6.3688897705e+02 6.3691998291e+02 6.3695300293e+02 6.3698199463e+02 6.3700402832e+02 6.3703601074e+02 6.3709002686e+02 6.3712902832e+02 6.3716400146e+02 6.3719897461e+02 6.3723101807e+02 6.3725701904e+02 6.3730798340e+02 6.3734698486e+02 6.3736700439e+02 6.3742297363e+02 6.3746301270e+02 6.3749700928e+02 6.3753399658e+02 6.3756799316e+02
6.3646002197e+02 6.3646801758e+02 6.3646801758e+02 6.3644500732e+02 6.3645397949e+02 6.3647302246e+02 6.3648297119e+02 6.3649102783e+02 6.3649102783e+02 6.3652301025e+02 6.3654699707e+02 6.3655999756e+02 6.3657299805e+02 6.3660498047e+02 6.3664300537e+02 6.3666699219e+02 6.3669000244e+02 6.3672802734e+02 6.3674902344e+02 6.3676599121e+02 6.3679699707e+02 6.3683099365e+02 6.3686798096e+02 6.3690100098e+02 6.3693298340e+02 6.3698297119e+02 6.3701702881e+02 6.3704400635e+02 6.3707299805e+02 6.3710198975e+02 6.3713098145e+02 6.3716900635e+02 6.3721197510e+02 6.3725299072e+02 6.3728997803e+02 6.3732098389e+02 6.3735198975e+02 6.3739300537e+02 6.3744299316e+02 6.3748400879e+02 6.3750598145e+02 6.3755700684e+02 6.3759497070e+02 6.3763800049e+02 6.3768298340e+02 6.3770397949e+02
6.3663000488e+02 6.3663201904e+02 6.3663299561e+02 6.3661401367e+02 6.3661700439e+02 6.3660498047e+02 6.3661297607e+02 6.3663098145e+02 6.3663800049e+02 6.3666400146e+02 6.3668200684e+02 6.3669299316e+02 6.3670697021e+02 6.3674597168e+02 6.3677899170e+02 6.3679498291e+02 6.3682098389e+02 6.3686401367e+02 6.3688299561e+02 6.3689202881e+02 6.3691998291e+02 6.3696301270e+02 6.3700598145e+02 6.3704199219e+02 6.3707299805e+02 6.3710498047e+02 6.3714001465e+02 6.3717700195e+02 6.3720397949e+02 6.3723101807e+02 6.3726397705e+02 6.3731298828e+02 6.3735601807e+02 6.3738702393e+02 6.3742797852e+02 6.3746002197e+02 6.3748699951e+02 6.3753002930e+02 6.3758001709e+02 6.3761798096e+02 6.3764898682e+02 6.3770300293e+02 6.3773498535e+02 6.3777398682e+02 6.3781298828e+02 6.3785101318e+02
6.3678997803e+02 6.3678698730e+02 6.3678198242e+02 6.3676501465e+02 6.3676702881e+02 6.3675598145e+02 6.3676702881e+02 6.3678601074e+02 6.3679302979e+02 6.3681896973e+02 6.3683599854e+02 6.3684301758e+02 6.3685797119e+02 6.3689501953e+02 6.3691802979e+02 6.3692901611e+02 6.3695697021e+02 6.3699597168e+02 6.3701898193e+02 6.3703002930e+02 6.3706500244e+02 6.3711102295e+02 6.3714898682e+02 6.3718701172e+02 6.3722100830e+02 6.3723901367e+02 6.3727197266e+02 6.3730798340e+02 6.3733697510e+02 6.3736901855e+02 6.3740502930e+02 6.3746002197e+02 6.3750701904e+02 6.3753601074e+02 6.3757598877e+02 6.3760998535e+02 6.3763397217e+02 6.3767102051e+02 6.3772100830e+02 6.3776202393e+02 6.3779498291e+02 6.3783599854e+02 6.3786999512e+02 6.3791699219e+02 6.3795599365e+02 6.3800299072e+02
6.3694799805e+02 6.3694097900e+02 6.3693103027e+02 6.3691198730e+02 6.3690899658e+02 6.3690698242e+02 6.3692297363e+02 6.3694000244e+02 6.3694598389e+02 6.3697698975e+02 6.3699597168e+02 6.3700000000e+02 6.3701098633e+02 6.3704602051e+02 6.3706799316e+02 6.3708197021e+02 6.3710797119e+02 6.3713598633e+02 6.3715997314e+02 6.3717999268e+02 6.3722100830e+02 6.3726397705e+02 6.3729199219e+02 6.3732897949e+02 6.3737200928e+02 6.3739398193e+02 6.3741900635e+02 6.3744598389e+02 6.3747497559e+02 6.3750799561e+02 6.3754498291e+02 6.3759997559e+02 6.3764898682e+02 6.3768402100e+02 6.3772100830e+02 6.3775402832e+02 6.3778198242e+02 6.3782000732e+02 6.3787097168e+02 6.3791198730e+02 6.3795202637e+02 6.3798699951e+02 6.3801898193e+02 6.3806799316e+02 6.3810198975e+02 6.3814501953e+02
6.3710797119e+02 6.3708801270e+02 6.3708001709e+02 6.3707000732e+02 6.3707098389e+02 6.3706500244e+02 6.3707501221e+02 6.3709997559e+02 6.3710601807e+02 6.3713397217e+02 6.3715301514e+02 6.3715802002e+02 6.3716601563e+02 6.3719897461e+02 6.3722698975e+02 6.3724401855e+02 6.3726599121e+02 6.3728497314e+02 6.3731298828e+02 6.3734399414e+02 6.3737500000e+02 6.3740600586e+02 6.3742901611e+02 6.3746600342e+02 6.3750701904e+02 6.3753601074e+02 6.3756597900e+02 6.3759698486e+02 6.3762597656e+02 6.3765997314e+02 6.3769897461e+02 6.3774401855e+02 6.3778601074e+02 6.3783001709e+02 6.3786798096e+02 6.3790002441e+02 6.3792901611e+02 6.3797601318e+02 6.3802099609e+02 6.3805902100e+02 6.3810400391e+02 6.3815301514e+02 6.3817999268e+02 6.3821801758e+02 6.3825500488e+02 6.3829199219e+02
6.3727502441e+02 6.3726000977e+02 6.3725299072e+02 6.3724597168e+02 6.3724499512e+02 6.3723101807e+02 6.3723602295e+02 6.3726300049e+02 6.3727099609e+02 6.3729602051e+02 6.3731597900e+02 6.3732202148e+02 6.3733099365e+02 6.3735797119e+02 6.3738201904e+02 6.3740197754e+02 6.3742498779e+02 6.3743701172e+02 6.3746398926e+02 6.3749798584e+02 6.3752398682e+02 6.3754400635e+02 6.3757098389e+02 6.3761297607e+02 6.3764202881e+02 6.3766699219e+02 6.3770800781e+02 6.3774700928e+02 6.3777600098e+02 6.3781701660e+02 6.3785797119e+02 6.3790502930e+02 6.3794500732e+02 6.3797998047e+02 6.3802001953e+02 6.3804998779e+02 6.3807702637e+02 6.3812902832e+02 6.3816998291e+02 6.3820300293e+02 6.3824298096e+02 6.3830297852e+02 6.3833300781e+02 6.3836199951e+02 6.3840100098e+02 6.3844097900e+02
6.3745098877e+02 6.3743902588e+02 6.3742498779e+02 6.3741601563e+02 6.3742102051e+02 6.3741101074e+02 6.3741601563e+02 6.3743103027e+02 6.3742901611e+02 6.3745697021e+02 6.3748101807e+02 6.3748797607e+02 6.3750000000e+02 6.3752001953e+02 6.3753497314e+02 6.3755700684e+02 6.3758599854e+02 6.3759997559e+02 6.3762200928e+02 6.3764697266e+02 6.3767102051e+02 6.3769097900e+02 6.3771801758e+02 6.3776300049e+02 6.3779101563e+02 6.3781896973e+02 6.3786297607e+02 6.3790502930e+02 6.3793103027e+02 6.3796502686e+02 6.3800897217e+02 6.3805902100e+02 6.3809997559e+02 6.3813299561e+02 6.3817602539e+02 6.3820697021e+02 6.3823999023e+02 6.3829302979e+02 6.3833398438e+02 6.3836499023e+02 6.3840301514e+02 6.3845501709e+02 6.3848699951e+02 6.3851300049e+02 6.3854699707e+02 6.3858300781e+02
6.3763500977e+02 6.3761901855e+02 6.3760601807e+02 6.3759899902e+02 6.3759899902e+02 6.3759497070e+02 6.3760699463e+02 6.3761602783e+02 6.3760400391e+02 6.3763000488e+02 6.3765197754e+02 6.3765899658e+02 6.3766802979e+02 6.3768902588e+02 6.3770001221e+02 6.3771899414e+02 6.3775000000e+02 6.3776800537e+02 6.3778698730e+02 6.3780798340e+02 6.3782897949e+02 6.3785101318e+02 6.3788201904e+02 6.3792498779e+02 6.3795300293e+02 6.3798602295e+02 6.3802697754e+02 6.3806500244e+02 6.3809197998e+02 6.3812500000e+02 6.3816699219e+02 6.3821398926e+02 6.3826000977e+02 6.3829901123e+02 6.3834002686e+02 6.3836798096e+02 6.3840698242e+02 6.3845599365e+02 6.3850000000e+02 6.3853802490e+02 6.3857202148e+02 6.3860900879e+02 6.3864001465e+02 6.3866998291e+02 6.3870300293e+02 6.3873797607e+02
6.3781097412e+02 6.3779498291e+02 6.3779602051e+02 6.3779199219e+02 6.3778100586e+02 6.3777502441e+02 6.3778399658e+02 6.3778997803e+02 6.3778601074e+02 6.3780999756e+02 6.3783099365e+02 6.3784197998e+02 6.3784899902e+02 6.3786901855e+02 6.3788299561e+02 6.3789599609e+02 6.3791497803e+02 6.3793402100e+02 6.3795397949e+02 6.3798199463e+02 6.3800299072e+02 6.3802301025e+02 6.3805499268e+02 6.3809100342e+02 6.3811602783e+02 6.3815100098e+02 6.3819000244e+02 6.3822497559e+02 6.3825701904e+02 6.3829699707e+02 6.3833099365e+02 6.3837097168e+02 6.3841699219e+02 6.3846301270e+02 6.3850000000e+02 6.3852600098e+02 6.3857098389e+02 6.3861297607e+02 6.3865100098e+02 6.3868798828e+02 6.3871997070e+02 6.3875598145e+02 6.3878198242e+02 6.3880700684e+02 6.3885302734e+02 6.3890698242e+02
6.3797698975e+02 6.3797198486e+02 6.3798498535e+02 6.3797100830e+02 6.3796197510e+02 6.3796197510e+02 6.3796997070e+02 6.3797302246e+02 6.3796197510e+02 6.3798602295e+02 6.3800000000e+02 6.3800402832e+02 6.3801000977e+02 6.3802899170e+02 6.3804400635e+02 6.3806597900e+02 6.3809497070e+02 6.3811102295e+02 6.3812902832e+02 6.3815100098e+02 6.3817199707e+02 6.3819799805e+02 6.3822998047e+02 6.3826501465e+02 6.3828997803e+02 6.3831701660e+02 6.3835400391e+02 6.3838397217e+02 6.3841198730e+02 6.3845001221e+02 6.3848199463e+02 6.3852301025e+02 6.3857098389e+02 6.3862097168e+02 6.3866198730e+02 6.3869598389e+02 6.3873400879e+02 6.3877600098e+02 6.3881597900e+02 6.3885101318e+02 6.3886999512e+02 6.3891601563e+02 6.3894097900e+02 6.3896899414e+02 6.3901702881e+02 6.3906701660e+02
6.3817797852e+02 6.3816900635e+02 6.3816998291e+02 6.3814599609e+02 6.3814300537e+02 6.3814501953e+02 6.3815399170e+02 6.3815301514e+02 6.3814001465e+02 6.3815997314e+02 6.3816400146e+02 6.3816198730e+02 6.3816699219e+02 6.3818499756e+02 6.3820202637e+02 6.3822698975e+02 6.3826202393e+02 6.3828302002e+02 6.3830499268e+02 6.3832897949e+02 6.3834698486e+02 6.3837500000e+02 6.3840698242e+02 6.3844299316e+02 6.3846801758e+02 6.3848602295e+02 6.3852001953e+02 6.3854901123e+02 6.3857702637e+02 6.3861499023e+02 6.3865301514e+02 6.3870001221e+02 6.3874597168e+02 6.3878399658e+02 6.3882397461e+02 6.3886700439e+02 6.3890502930e+02 6.3894299316e+02 6.3898498535e+02 6.3902301025e+02 6.3903399658e+02 6.3908398438e+02 6.3911499023e+02 6.3914398193e+02 6.3918402100e+02 6.3923400879e+02
6.3837402344e+02 6.3835601807e+02 6.3834899902e+02 6.3833300781e+02 6.3833801270e+02 6.3833197021e+02 6.3833898926e+02 6.3833398438e+02 6.3831896973e+02 6.3833599854e+02 6.3833697510e+02 6.3833502197e+02 6.3834197998e+02 6.3835900879e+02 6.3837597656e+02 6.3839898682e+02 6.3842797852e+02 6.3845300293e+02 6.3848199463e+02 6.3850701904e+02 6.3852197266e+02 6.3854901123e+02 6.3857598877e+02 6.3860797119e+02 6.3863598633e+02 6.3865502930e+02 6.3868902588e+02 6.3871997070e+02 6.3875500488e+02 6.3879400635e+02 6.3883001709e+02 6.3887500000e+02 6.3892401123e+02 6.3895800781e+02 6.3898699951e+02 6.3902600098e+02 6.3907202148e+02 6.3911102295e+02 6.3915002441e+02 6.3919000244e+02 6.3920599365e+02 6.3925500488e+02 6.3929498291e+02 6.3932702637e+02 6.3936297607e+02 6.3941302490e+02
