TESTSERVER/17/11.asc
NCOLS 100
NROWS 100
XLLCORNER 8.3497500000e+03
YLLCORNER 2.8940025000e+05
CELLSIZE 5.0000000000e-01
NODATA_VALUE -9.9990000000e+03
[rows 20 to 39 of 100, columns 0 to 45 of 100]
6.2902099609e+02 6.2909399414e+02 6.2915002441e+02 6.2920800781e+02 6.2926898193e+02 6.2932299805e+02 6.2937298584e+02 6.2942102051e+02 6.2948199463e+02 6.2953399658e+02 6.2958898926e+02 6.2964398193e+02 6.2969799805e+02 6.2974298096e+02 6.2978399658e+02 6.2984100342e+02 6.2989599609e+02 6.2995300293e+02 6.3000897217e+02 6.3005603027e+02 6.3010601807e+02 6.3015802002e+02 6.3020599365e+02 6.3026501465e+02 6.3031896973e+02 6.3036901855e+02 6.3042797852e+02 6.3046899414e+02 6.3052197266e+02 6.3057702637e+02 6.3061700439e+02 6.3067901611e+02 6.3073999023e+02 6.3079699707e+02 6.3084997559e+02 6.3089398193e+02 6.3094799805e+02 6.3100000000e+02 6.3104199219e+02 6.3110101318e+02 6.3114898682e+02 6.3120001221e+02 6.3125299072e+02 6.3130297852e+02 6.3134600830e+02 6.3140100098e+02
6.2908502197e+02 6.2914801025e+02 6.2919097900e+02 6.2924200439e+02 6.2929602051e+02 6.2934600830e+02 6.2939599609e+02 6.2943701172e+02 6.2950000000e+02 6.2955798340e+02 6.2960498047e+02 6.2964599609e+02 6.2969702148e+02 6.2975097656e+02 6.2979797363e+02 6.2985699463e+02 6.2990502930e+02 6.2994702148e+02 6.2999401855e+02 6.3005401611e+02 6.3011102295e+02 6.3016302490e+02 6.3020599365e+02 6.3027001953e+02 6.3032702637e+02 6.3038702393e+02 6.3043298340e+02 6.3047497559e+02 6.3053302002e+02 6.3058197021e+02 6.3062902832e+02 6.3069097900e+02 6.3073901367e+02 6.3079699707e+02 6.3085198975e+02 6.3089202881e+02 6.3094897461e+02 6.3100299072e+02 6.3105401611e+02 6.3110699463e+02 6.3115399170e+02 6.3121002197e+02 6.3125299072e+02 6.3130200195e+02 6.3133398438e+02 6.3137500000e+02
6.2910699463e+02 6.2916101074e+02 6.2919897461e+02 6.2924700928e+02 6.2929998779e+02 6.2934997559e+02 6.2940399170e+02 6.2944000244e+02 6.2950701904e+02 6.2956500244e+02 6.2960900879e+02 6.2964898682e+02 6.2970098877e+02 6.2975500488e+02 6.2979901123e+02 6.2985998535e+02 6.2991400146e+02 6.2995800781e+02 6.3000402832e+02 6.3006500244e+02 6.3011798096e+02 6.3016699219e+02 6.3020898438e+02 6.3026898193e+02 6.3032702637e+02 6.3039099121e+02 6.3043499756e+02 6.3048400879e+02 6.3054400635e+02 6.3059100342e+02 6.3063897705e+02 6.3069500732e+02 6.3074499512e+02 6.3080798340e+02 6.3085998535e+02 6.3090100098e+02 6.3096002197e+02 6.3100897217e+02 6.3105700684e+02 6.3110498047e+02 6.3113702393e+02 6.3116400146e+02 6.3117401123e+02 6.3120001221e+02 6.3120202637e+02 6.3121002197e+02
6.2910101318e+02 6.2915802002e+02 6.2919598389e+02 6.2924499512e+02 6.2930102539e+02 6.2935198975e+02 6.2940197754e+02 6.2943798828e+02 6.2951098633e+02 6.2956701660e+02 6.2960900879e+02 6.2965600586e+02 6.2971398926e+02 6.2976898193e+02 6.2980499268e+02 6.2986199951e+02 6.2991998291e+02 6.2996801758e+02 6.3001098633e+02 6.3006896973e+02 6.3011602783e+02 6.3016497803e+02 6.3021099854e+02 6.3027099609e+02 6.3033197021e+02 6.3039202881e+02 6.3043402100e+02 6.3048498535e+02 6.3054602051e+02 6.3059002686e+02 6.3063897705e+02 6.3070001221e+02 6.3075000000e+02 6.3079797363e+02 6.3082501221e+02 6.3084802246e+02 6.3087500000e+02 6.3089099121e+02 6.3090197754e+02 6.3093798828e+02 6.3096002197e+02 6.3095800781e+02 6.3095898438e+02 6.3093701172e+02 6.3090600586e+02 6.3087500000e+02
6.2909600830e+02 6.2915899658e+02 6.2920300293e+02 6.2925402832e+02 6.2931097412e+02 6.2936102295e+02 6.2940502930e+02 6.2944500732e+02 6.2951702881e+02 6.2957000732e+02 6.2960699463e+02 6.2965502930e+02 6.2971600342e+02 6.2977697754e+02 6.2983099365e+02 6.2987298584e+02 6.2993103027e+02 6.2997802734e+02 6.3001702881e+02 6.3007299805e+02 6.3012200928e+02 6.3016998291e+02 6.3021899414e+02 6.3027301025e+02 6.3033502197e+02 6.3038897705e+02 6.3044702148e+02 6.3049798584e+02 6.3054699707e+02 6.3058197021e+02 6.3063702393e+02 6.3064501953e+02 6.3066101074e+02 6.3065997314e+02 6.3066699219e+02 6.3065399170e+02 6.3062298584e+02 6.3057000732e+02 6.3049902344e+02 6.3057598877e+02 6.3059399414e+02 6.3059399414e+02 6.3063299561e+02 6.3058801270e+02 6.3056201172e+02 6.3055999756e+02
6.2909997559e+02 6.2916699219e+02 6.2921197510e+02 6.2925897217e+02 6.2931402588e+02 6.2936700439e+02 6.2941601563e+02 6.2945001221e+02 6.2951501465e+02 6.2956597900e+02 6.2960601807e+02 6.2965802002e+02 6.2971600342e+02 6.2977398682e+02 6.2983502197e+02 6.2987701416e+02 6.2991802979e+02 6.2996502686e+02 6.3000897217e+02 6.3007501221e+02 6.3013397217e+02 6.3018701172e+02 6.3023602295e+02 6.3028497314e+02 6.3033099365e+02 6.3036798096e+02 6.3042199707e+02 6.3043902588e+02 6.3045001221e+02 6.3046502686e+02 6.3044897461e+02 6.3041601563e+02 6.3038500977e+02 6.3033398438e+02 6.3032299805e+02 6.3029699707e+02 6.3025598145e+02 6.3024102783e+02 6.3019799805e+02 6.3020599365e+02 6.3028802490e+02 6.3032800293e+02 6.3028302002e+02 6.3016497803e+02 6.3010302734e+02 6.3011401367e+02
6.2911102295e+02 6.2916998291e+02 6.2921801758e+02 6.2926397705e+02 6.2931799316e+02 6.2936999512e+02 6.2942102051e+02 6.2945898438e+02 6.2951800537e+02 6.2956799316e+02 6.2961901855e+02 6.2966998291e+02 6.2972698975e+02 6.2978198242e+02 6.2984002686e+02 6.2988397217e+02 6.2992700195e+02 6.2998400879e+02 6.3002502441e+02 6.3008398438e+02 6.3012799072e+02 6.3016699219e+02 6.3020501709e+02 6.3023699951e+02 6.3023498535e+02 6.3022399902e+02 6.3025402832e+02 6.3023699951e+02 6.3022802734e+02 6.3018701172e+02 6.3010900879e+02 6.3006298828e+02 6.3001800537e+02 6.2996301270e+02 6.2993902588e+02 6.2990100098e+02 6.2981298828e+02 6.2981896973e+02 6.2984698486e+02 6.2977197266e+02 6.2994000244e+02 6.2997302246e+02 6.2973699951e+02 6.2953302002e+02 6.2947100830e+02 6.2950897217e+02
6.2911798096e+02 6.2916900635e+02 6.2921899414e+02 6.2927099609e+02 6.2932397461e+02 6.2937200928e+02 6.2941802979e+02 6.2945800781e+02 6.2951898193e+02 6.2957098389e+02 6.2962402344e+02 6.2966802979e+02 6.2971997070e+02 6.2976898193e+02 6.2981896973e+02 6.2986901855e+02 6.2991302490e+02 6.2995898438e+02 6.2996899414e+02 6.3000201416e+02 6.3000402832e+02 6.3001202393e+02 6.3003302002e+02 6.3006799316e+02 6.3004199219e+02 6.2999298096e+02 6.2999902344e+02 6.2995501709e+02 6.2993902588e+02 6.2986199951e+02 6.2975000000e+02 6.2968798828e+02 6.2963299561e+02 6.2959600830e+02 6.2953399658e+02 6.2950598145e+02 6.2942700195e+02 6.2943298340e+02 6.2948199463e+02 6.2934899902e+02 6.2950500488e+02 6.2951202393e+02 6.2928802490e+02 6.2917102051e+02 6.2919000244e+02 6.2932000732e+02
6.2912200928e+02 6.2917401123e+02 6.2921600342e+02 6.2928002930e+02 6.2933599854e+02 6.2938098145e+02 6.2942199707e+02 6.2946301270e+02 6.2951599121e+02 6.2957000732e+02 6.2961199951e+02 6.2964202881e+02 6.2968298340e+02 6.2971502686e+02 6.2972698975e+02 6.2975201416e+02 6.2975897217e+02 6.2975897217e+02 6.2974102783e+02 6.2974401855e+02 6.2971997070e+02 6.2972497559e+02 6.2977697754e+02 6.2976800537e+02 6.2972100830e+02 6.2965698242e+02 6.2962500000e+02 6.2952197266e+02 6.2944799805e+02 6.2938800049e+02 6.2935498047e+02 6.2933502197e+02 6.2933197021e+02 6.2934698486e+02 6.2931799316e+02 6.2936798096e+02 6.2935699463e+02 6.2931896973e+02 6.2932299805e+02 6.2924102783e+02 6.2924200439e+02 6.2926300049e+02 6.2926300049e+02 6.2928900146e+02 6.2944396973e+02 6.2965899658e+02
6.2911297607e+02 6.2916101074e+02 6.2920001221e+02 6.2926300049e+02 6.2931402588e+02 6.2935601807e+02 6.2937701416e+02 6.2941998291e+02 6.2947198486e+02 6.2952899170e+02 6.2957000732e+02 6.2956298828e+02 6.2955102539e+02 6.2952398682e+02 6.2946502686e+02 6.2945098877e+02 6.2944097900e+02 6.2942401123e+02 6.2939697266e+02 6.2939801025e+02 6.2939697266e+02 6.2940100098e+02 6.2940002441e+02 6.2937402344e+02 6.2927801514e+02 6.2914501953e+02 6.2907800293e+02 6.2911999512e+02 6.2915197754e+02 6.2914300537e+02 6.2916101074e+02 6.2921398926e+02 6.2922698975e+02 6.2918499756e+02 6.2917102051e+02 6.2925201416e+02 6.2926397705e+02 6.2923797607e+02 6.2928100586e+02 6.2936798096e+02 6.2948901367e+02 6.2958599854e+02 6.2959698486e+02 6.2975701904e+02 6.2998297119e+02 6.3015399170e+02
6.2904901123e+02 6.2910101318e+02 6.2914599609e+02 6.2918902588e+02 6.2922802734e+02 6.2927697754e+02 6.2928601074e+02 6.2933300781e+02 6.2939599609e+02 6.2942297363e+02 6.2938800049e+02 6.2932202148e+02 6.2925701904e+02 6.2918103027e+02 6.2912298584e+02 6.2912597656e+02 6.2911602783e+02 6.2909002686e+02 6.2907501221e+02 6.2909497070e+02 6.2908898926e+02 6.2905102539e+02 6.2898400879e+02 6.2893798828e+02 6.2884997559e+02 6.2878497314e+02 6.2884997559e+02 6.2892297363e+02 6.2900897217e+02 6.2905297852e+02 6.2910302734e+02 6.2912500000e+02 6.2911499023e+02 6.2908300781e+02 6.2919201660e+02 6.2933801270e+02 6.2936297607e+02 6.2940399170e+02 6.2959002686e+02 6.2982598877e+02 6.2998297119e+02 6.3006799316e+02 6.3005603027e+02 6.3019201660e+02 6.3028997803e+02 6.3034997559e+02
6.2898999023e+02 6.2906201172e+02 6.2911297607e+02 6.2914001465e+02 6.2917797852e+02 6.2923602295e+02 6.2919897461e+02 6.2916699219e+02 6.2919598389e+02 6.2915997314e+02 6.2902899170e+02 6.2896099854e+02 6.2892602539e+02 6.2885699463e+02 6.2882397461e+02 6.2884698486e+02 6.2882800293e+02 6.2879302979e+02 6.2880902100e+02 6.2883099365e+02 6.2880200195e+02 6.2874200439e+02 6.2866998291e+02 6.2861297607e+02 6.2860400391e+02 6.2871600342e+02 6.2892602539e+02 6.2892999268e+02 6.2900598145e+02 6.2909197998e+02 6.2916400146e+02 6.2923101807e+02 6.2929901123e+02 6.2932000732e+02 6.2950500488e+02 6.2974401855e+02 6.2979498291e+02 6.2985101318e+02 6.2998999023e+02 6.3011499023e+02 6.3016998291e+02 6.3021502686e+02 6.3024401855e+02 6.3030102539e+02 6.3034100342e+02 6.3039202881e+02
6.2903198242e+02 6.2913098145e+02 6.2917999268e+02 6.2914099121e+02 6.2916302490e+02 6.2915997314e+02 6.2904199219e+02 6.2888598633e+02 6.2885900879e+02 6.2881298828e+02 6.2868902588e+02 6.2866400146e+02 6.2869598389e+02 6.2867999268e+02 6.2865802002e+02 6.2868200684e+02 6.2865002441e+02 6.2860797119e+02 6.2863201904e+02 6.2865802002e+02 6.2862902832e+02 6.2862298584e+02 6.2864801025e+02 6.2868200684e+02 6.2878198242e+02 6.2897998047e+02 6.2915502930e+02 6.2920397949e+02 6.2934399414e+02 6.2947698975e+02 6.2950000000e+02 6.2968902588e+02 6.2982397461e+02 6.2985498047e+02 6.2991998291e+02 6.3000598145e+02 6.3003302002e+02 6.3006500244e+02 6.3010900879e+02 6.3016198730e+02 6.3019799805e+02 6.3025598145e+02 6.3031201172e+02 6.3035302734e+02 6.3042199707e+02 6.3049902344e+02
6.2911798096e+02 6.2914202881e+02 6.2908197021e+02 6.2903399658e+02 6.2896502686e+02 6.2884600830e+02 6.2867999268e+02 6.2857299805e+02 6.2856097412e+02 6.2855603027e+02 6.2852502441e+02 6.2853802490e+02 6.2855798340e+02 6.2854302979e+02 6.2856896973e+02 6.2860302734e+02 6.2858697510e+02 6.2855297852e+02 6.2858697510e+02 6.2867102051e+02 6.2874902344e+02 6.2884600830e+02 6.2896398926e+02 6.2905102539e+02 6.2909399414e+02 6.2920202637e+02 6.2937500000e+02 6.2947698975e+02 6.2959997559e+02 6.2974700928e+02 6.2979199219e+02 6.2985498047e+02 6.2989001465e+02 6.2992797852e+02 6.2998199463e+02 6.3003002930e+02 6.3006402588e+02 6.3010900879e+02 6.3017199707e+02 6.3022698975e+02 6.3027697754e+02 6.3033398438e+02 6.3038702393e+02 6.3043402100e+02 6.3049597168e+02 6.3056402588e+02
6.2895800781e+02 6.2887298584e+02 6.2873297119e+02 6.2861798096e+02 6.2850201416e+02 6.2839697266e+02 6.2832501221e+02 6.2833599854e+02 6.2837097168e+02 6.2838500977e+02 6.2842102051e+02 6.2849401855e+02 6.2856201172e+02 6.2859997559e+02 6.2868103027e+02 6.2872198486e+02 6.2870697021e+02 6.2868298340e+02 6.2878302002e+02 6.2897302246e+02 6.2909899902e+02 6.2919097900e+02 6.2926800537e+02 6.2935101318e+02 6.2938702393e+02 6.2946502686e+02 6.2960101318e+02 6.2968798828e+02 6.2973297119e+02 6.2979101563e+02 6.2983398438e+02 6.2986798096e+02 6.2990899658e+02 6.2995599365e+02 6.3000701904e+02 6.3006402588e+02 6.3010998535e+02 6.3016802979e+02 6.3022900391e+02 6.3028302002e+02 6.3034698486e+02 6.3040899658e+02 6.3045898438e+02 6.3051501465e+02 6.3057598877e+02 6.3064300537e+02
6.2855603027e+02 6.2844897461e+02 6.2832299805e+02 6.2821301270e+02 6.2817102051e+02 6.2818798828e+02 6.2824902344e+02 6.2837500000e+02 6.2845599365e+02 6.2846197510e+02 6.2851800537e+02 6.2865399170e+02 6.2877801514e+02 6.2886700439e+02 6.2896099854e+02 6.2901800537e+02 6.2901898193e+02 6.2900799561e+02 6.2910400391e+02 6.2926702881e+02 6.2934301758e+02 6.2938702393e+02 6.2943597412e+02 6.2951098633e+02 6.2956298828e+02 6.2962200928e+02 6.2967797852e+02 6.2972198486e+02 6.2975897217e+02 6.2980798340e+02 6.2985699463e+02 6.2990698242e+02 6.2995800781e+02 6.3000097656e+02 6.3004199219e+02 6.3011297607e+02 6.3016802979e+02 6.3022497559e+02 6.3028601074e+02 6.3035101318e+02 6.3042401123e+02 6.3048602295e+02 6.3052899170e+02 6.3059301758e+02 6.3065502930e+02 6.3071997070e+02
6.2820300293e+02 6.2815600586e+02 6.2814202881e+02 6.2815502930e+02 6.2823297119e+02 6.2834802246e+02 6.2848901367e+02 6.2866601563e+02 6.2876098633e+02 6.2876397705e+02 6.2880401611e+02 6.2892999268e+02 6.2899298096e+02 6.2902502441e+02 6.2905798340e+02 6.2912799072e+02 6.2916601563e+02 6.2919000244e+02 6.2921997070e+02 6.2929901123e+02 6.2934600830e+02 6.2938897705e+02 6.2945697021e+02 6.2952001953e+02 6.2958197021e+02 6.2963702393e+02 6.2969897461e+02 6.2973797607e+02 6.2978997803e+02 6.2985400391e+02 6.2990899658e+02 6.2995300293e+02 6.2999902344e+02 6.3004498291e+02 6.3009600830e+02 6.3016198730e+02 6.3022100830e+02 6.3027801514e+02 6.3034802246e+02 6.3041802979e+02 6.3047601318e+02 6.3053302002e+02 6.3059002686e+02 6.3065502930e+02 6.3072198486e+02 6.3078198242e+02
6.2809197998e+02 6.2809899902e+02 6.2818103027e+02 6.2834002686e+02 6.2849102783e+02 6.2862298584e+02 6.2874597168e+02 6.2884600830e+02 6.2887500000e+02 6.2889501953e+02 6.2893402100e+02 6.2898297119e+02 6.2899902344e+02 6.2901599121e+02 6.2905902100e+02 6.2910998535e+02 6.2916400146e+02 6.2920300293e+02 6.2924298096e+02 6.2930700684e+02 6.2936297607e+02 6.2940899658e+02 6.2947802734e+02 6.2954199219e+02 6.2960797119e+02 6.2966900635e+02 6.2972497559e+02 6.2977197266e+02 6.2982098389e+02 6.2987799072e+02 6.2992700195e+02 6.2998999023e+02 6.3004998779e+02 6.3009899902e+02 6.3015100098e+02 6.3021398926e+02 6.3027502441e+02 6.3033599854e+02 6.3040502930e+02 6.3046997070e+02 6.3052697754e+02 6.3059002686e+02 6.3065399170e+02 6.3071600342e+02 6.3078497314e+02 6.3084997559e+02
6.2833099365e+02 6.2838702393e+02 6.2844702148e+02 6.2859301758e+02 6.2871600342e+02 6.2880297852e+02 6.2885900879e+02 6.2886798096e+02 6.2885797119e+02 6.2887799072e+02 6.2892901611e+02 6.2895300293e+02 6.2898101807e+02 6.2901800537e+02 6.2906799316e+02 6.2911999512e+02 6.2917901611e+02 6.2922302246e+02 6.2926397705e+02 6.2932501221e+02 6.2938800049e+02 6.2944201660e+02 6.2951000977e+02 6.2956500244e+02 6.2963299561e+02 6.2969897461e+02 6.2975799561e+02 6.2980603027e+02 6.2985400391e+02 6.2990899658e+02 6.2995697021e+02 6.3002697754e+02 6.3008697510e+02 6.3013299561e+02 6.3018701172e+02 6.3026098633e+02 6.3032702637e+02 6.3038702393e+02 6.3045697021e+02 6.3052001953e+02 6.3058300781e+02 6.3065100098e+02 6.3071398926e+02 6.3078100586e+02 6.3085302734e+02 6.3091998291e+02
6.2873602295e+02 6.2881597900e+02 6.2878802490e+02 6.2879101563e+02 6.2880902100e+02 6.2882800293e+02 6.2884100342e+02 6.2884399414e+02 6.2884698486e+02 6.2886499023e+02 6.2890502930e+02 6.2893597412e+02 6.2898297119e+02 6.2903997803e+02 6.2909997559e+02 6.2915197754e+02 6.2920697021e+02 6.2925000000e+02 6.2928601074e+02 6.2934197998e+02 6.2941101074e+02 6.2947198486e+02 6.2953698730e+02 6.2958300781e+02 6.2964898682e+02 6.2971801758e+02 6.2977697754e+02 6.2983197021e+02 6.2988397217e+02 6.2994598389e+02 6.3000097656e+02 6.3005700684e+02 6.3011901855e+02 6.3017199707e+02 6.3023199463e+02 6.3031097412e+02 6.3037500000e+02 6.3043597412e+02 6.3050799561e+02 6.3057397461e+02 6.3064202881e+02 6.3071197510e+02 6.3077001953e+02 6.3083300781e+02 6.3090502930e+02 6.3097399902e+02
