TESTSERVER/17/12.asc
NCOLS 100
NROWS 100
XLLCORNER 8.3497500000e+03
YLLCORNER 2.8935025000e+05
CELLSIZE 5.0000000000e-01
NODATA_VALUE -9.9990000000e+03
[rows 20 to 39 of 100, columns 46 to 91 of 100]
6.4128802490e+02 6.4130297852e+02 6.4132000732e+02 6.4133898926e+02 6.4135699463e+02 6.4136901855e+02 6.4138299561e+02 6.4138500977e+02 6.4139099121e+02 6.4140301514e+02 6.4141601563e+02 6.4143103027e+02 6.4144500732e+02 6.4147698975e+02 6.4149200439e+02 6.4150201416e+02 6.4151300049e+02 6.4153100586e+02 6.4153802490e+02 6.4154602051e+02 6.4156896973e+02 6.4159002686e+02 6.4161102295e+02 6.4164001465e+02 6.4167401123e+02 6.4168597412e+02 6.4170599365e+02 6.4172100830e+02 6.4173999023e+02 6.4176202393e+02 6.4177899170e+02 6.4179699707e+02 6.4183001709e+02 6.4184600830e+02 6.4187701416e+02 6.4190502930e+02 6.4192797852e+02 6.4196600342e+02 6.4199401855e+02 6.4201800537e+02 6.4203802490e+02 6.4205700684e+02 6.4208197021e+02 6.4210302734e+02 6.4212597656e+02 6.4216900635e+02
6.4138800049e+02 6.4140399170e+02 6.4142999268e+02 6.4144799805e+02 6.4146197510e+02 6.4148101807e+02 6.4149499512e+02 6.4150598145e+02 6.4151098633e+02 6.4152801514e+02 6.4154498291e+02 6.4155902100e+02 6.4156701660e+02 6.4159197998e+02 6.4160302734e+02 6.4161102295e+02 6.4162902832e+02 6.4164300537e+02 6.4165802002e+02 6.4167602539e+02 6.4170599365e+02 6.4172601318e+02 6.4174597168e+02 6.4177398682e+02 6.4180102539e+02 6.4180902100e+02 6.4182897949e+02 6.4184698486e+02 6.4186102295e+02 6.4188299561e+02 6.4190600586e+02 6.4192999268e+02 6.4195501709e+02 6.4197900391e+02 6.4200897217e+02 6.4202697754e+02 6.4205200195e+02 6.4209002686e+02 6.4212097168e+02 6.4214501953e+02 6.4217401123e+02 6.4219799805e+02 6.4221697998e+02 6.4223797607e+02 6.4225201416e+02 6.4227697754e+02
6.4148101807e+02 6.4149798584e+02 6.4152801514e+02 6.4154498291e+02 6.4155902100e+02 6.4157598877e+02 6.4159497070e+02 6.4161297607e+02 6.4161999512e+02 6.4163702393e+02 6.4165899658e+02 6.4167199707e+02 6.4167700195e+02 6.4170098877e+02 6.4171801758e+02 6.4173602295e+02 6.4175701904e+02 6.4176397705e+02 6.4178302002e+02 6.4180401611e+02 6.4182598877e+02 6.4185198975e+02 6.4187298584e+02 6.4189099121e+02 6.4190899658e+02 6.4192700195e+02 6.4195697021e+02 6.4198199463e+02 6.4198999023e+02 6.4201501465e+02 6.4204498291e+02 6.4206402588e+02 6.4207202148e+02 6.4209399414e+02 6.4212500000e+02 6.4214697266e+02 6.4217700195e+02 6.4221600342e+02 6.4225201416e+02 6.4227697754e+02 6.4229699707e+02 6.4231500244e+02 6.4233697510e+02 6.4236401367e+02 6.4238000488e+02 6.4239801025e+02
6.4155902100e+02 6.4157702637e+02 6.4161297607e+02 6.4163299561e+02 6.4165002441e+02 6.4166302490e+02 6.4168597412e+02 6.4170898438e+02 6.4172198486e+02 6.4173901367e+02 6.4175799561e+02 6.4176898193e+02 6.4177697754e+02 6.4180499268e+02 6.4182897949e+02 6.4185601807e+02 6.4187402344e+02 6.4188000488e+02 6.4190002441e+02 6.4191998291e+02 6.4193701172e+02 6.4197100830e+02 6.4199298096e+02 6.4200701904e+02 6.4202001953e+02 6.4203997803e+02 6.4207702637e+02 6.4210601807e+02 6.4211700439e+02 6.4214300537e+02 6.4217498779e+02 6.4218902588e+02 6.4218798828e+02 6.4220800781e+02 6.4224200439e+02 6.4228002930e+02 6.4231500244e+02 6.4234301758e+02 6.4238299561e+02 6.4241302490e+02 6.4242498779e+02 6.4243902588e+02 6.4246398926e+02 6.4248602295e+02 6.4250500488e+02 6.4251800537e+02
6.4162298584e+02 6.4164099121e+02 6.4167602539e+02 6.4170599365e+02 6.4173199463e+02 6.4174798584e+02 6.4177001953e+02 6.4179199219e+02 6.4181298828e+02 6.4183599854e+02 6.4185101318e+02 6.4186499023e+02 6.4189202881e+02 6.4191900635e+02 6.4194097900e+02 6.4196502686e+02 6.4198199463e+02 6.4199298096e+02 6.4201000977e+02 6.4202801514e+02 6.4204498291e+02 6.4208502197e+02 6.4211999512e+02 6.4214001465e+02 6.4215802002e+02 6.4217297363e+02 6.4220202637e+02 6.4222497559e+02 6.4224102783e+02 6.4226599121e+02 6.4229901123e+02 6.4231799316e+02 6.4231799316e+02 6.4233801270e+02 6.4237597656e+02 6.4242297363e+02 6.4246899414e+02 6.4248797607e+02 6.4251800537e+02 6.4254998779e+02 6.4255499268e+02 6.4257299805e+02 6.4260498047e+02 6.4262500000e+02 6.4263800049e+02 6.4264898682e+02
6.4167700195e+02 6.4170898438e+02 6.4173999023e+02 6.4176397705e+02 6.4179400635e+02 6.4182202148e+02 6.4184600830e+02 6.4186602783e+02 6.4189001465e+02 6.4192602539e+02 6.4194702148e+02 6.4196899414e+02 6.4199902344e+02 6.4202502441e+02 6.4204498291e+02 6.4206896973e+02 6.4208502197e+02 6.4210699463e+02 6.4212200928e+02 6.4213598633e+02 6.4216302490e+02 6.4219097900e+02 6.4221697998e+02 6.4224499512e+02 6.4227697754e+02 6.4230902100e+02 6.4233801270e+02 6.4235699463e+02 6.4237799072e+02 6.4240600586e+02 6.4242700195e+02 6.4243902588e+02 6.4245098877e+02 6.4246997070e+02 6.4251202393e+02 6.4255401611e+02 6.4259600830e+02 6.4263000488e+02 6.4265698242e+02 6.4268597412e+02 6.4269799805e+02 6.4271697998e+02 6.4274499512e+02 6.4275799561e+02 6.4278302002e+02 6.4279602051e+02
6.4173199463e+02 6.4176501465e+02 6.4179901123e+02 6.4182299805e+02 6.4185601807e+02 6.4189001465e+02 6.4191400146e+02 6.4193298340e+02 6.4195898438e+02 6.4199401855e+02 6.4201898193e+02 6.4205102539e+02 6.4208697510e+02 6.4211401367e+02 6.4213897705e+02 6.4216302490e+02 6.4218103027e+02 6.4220898438e+02 6.4222802734e+02 6.4225000000e+02 6.4228399658e+02 6.4230401611e+02 6.4232202148e+02 6.4235198975e+02 6.4238702393e+02 6.4242401123e+02 6.4245501709e+02 6.4247900391e+02 6.4249902344e+02 6.4253002930e+02 6.4254498291e+02 6.4256201172e+02 6.4259002686e+02 6.4260900879e+02 6.4265002441e+02 6.4268597412e+02 6.4271997070e+02 6.4275799561e+02 6.4279400635e+02 6.4282897949e+02 6.4284997559e+02 6.4287701416e+02 6.4290100098e+02 6.4290899658e+02 6.4294396973e+02 6.4295599365e+02
6.4177899170e+02 6.4180999756e+02 6.4185101318e+02 6.4188000488e+02 6.4190899658e+02 6.4194598389e+02 6.4197198486e+02 6.4199200439e+02 6.4202001953e+02 6.4205603027e+02 6.4208099365e+02 6.4211798096e+02 6.4215698242e+02 6.4218902588e+02 6.4221801758e+02 6.4224200439e+02 6.4227001953e+02 6.4229998779e+02 6.4232299805e+02 6.4235400391e+02 6.4239599609e+02 6.4241802979e+02 6.4243701172e+02 6.4246197510e+02 6.4249298096e+02 6.4253302002e+02 6.4256799316e+02 6.4259399414e+02 6.4260498047e+02 6.4263397217e+02 6.4265502930e+02 6.4268499756e+02 6.4271997070e+02 6.4273699951e+02 6.4277899170e+02 6.4281799316e+02 6.4285498047e+02 6.4289501953e+02 6.4292797852e+02 6.4296197510e+02 6.4298400879e+02 6.4302099609e+02 6.4305401611e+02 6.4307000732e+02 6.4310498047e+02 6.4311401367e+02
6.4181201172e+02 6.4185198975e+02 6.4189202881e+02 6.4192401123e+02 6.4195697021e+02 6.4199499512e+02 6.4202398682e+02 6.4204699707e+02 6.4207299805e+02 6.4211199951e+02 6.4214398193e+02 6.4218402100e+02 6.4222998047e+02 6.4225897217e+02 6.4228601074e+02 6.4231298828e+02 6.4235198975e+02 6.4238098145e+02 6.4240600586e+02 6.4244000244e+02 6.4248101807e+02 6.4250897217e+02 6.4253100586e+02 6.4256298828e+02 6.4260400391e+02 6.4263299561e+02 6.4266699219e+02 6.4269598389e+02 6.4270501709e+02 6.4272698975e+02 6.4275897217e+02 6.4279302979e+02 6.4283001709e+02 6.4286401367e+02 6.4290802002e+02 6.4294299316e+02 6.4297900391e+02 6.4301800537e+02 6.4305700684e+02 6.4309002686e+02 6.4310498047e+02 6.4314300537e+02 6.4317700195e+02 6.4320397949e+02 6.4323498535e+02 6.4325201416e+02
6.4184698486e+02 6.4188299561e+02 6.4192199707e+02 6.4195697021e+02 6.4199200439e+02 6.4203497314e+02 6.4206500244e+02 6.4209002686e+02 6.4212200928e+02 6.4215698242e+02 6.4219201660e+02 6.4223498535e+02 6.4227600098e+02 6.4230902100e+02 6.4234497070e+02 6.4237597656e+02 6.4240802002e+02 6.4244201660e+02 6.4247399902e+02 6.4250500488e+02 6.4253497314e+02 6.4256799316e+02 6.4259497070e+02 6.4263299561e+02 6.4267700195e+02 6.4270800781e+02 6.4274499512e+02 6.4278601074e+02 6.4280902100e+02 6.4283001709e+02 6.4286798096e+02 6.4291101074e+02 6.4294897461e+02 6.4297802734e+02 6.4301599121e+02 6.4304998779e+02 6.4308898926e+02 6.4311798096e+02 6.4315899658e+02 6.4320300293e+02 6.4322698975e+02 6.4326599121e+02 6.4328997803e+02 6.4331799316e+02 6.4335400391e+02 6.4337402344e+02
6.4184899902e+02 6.4189001465e+02 6.4193402100e+02 6.4197100830e+02 6.4200799561e+02 6.4205902100e+02 6.4209497070e+02 6.4212402344e+02 6.4215698242e+02 6.4218902588e+02 6.4222302246e+02 6.4226702881e+02 6.4230603027e+02 6.4234100342e+02 6.4238201904e+02 6.4242102051e+02 6.4246099854e+02 6.4250097656e+02 6.4253399658e+02 6.4256201172e+02 6.4258801270e+02 6.4262902832e+02 6.4265997314e+02 6.4269598389e+02 6.4273797607e+02 6.4277600098e+02 6.4281701660e+02 6.4286199951e+02 6.4289697266e+02 6.4292498779e+02 6.4296502686e+02 6.4300897217e+02 6.4305499268e+02 6.4308398438e+02 6.4311798096e+02 6.4315698242e+02 6.4319299316e+02 6.4322900391e+02 6.4326202393e+02 6.4329602051e+02 6.4332202148e+02 6.4337597656e+02 6.4340002441e+02 6.4342602539e+02 6.4346099854e+02 6.4348699951e+02
6.4184497070e+02 6.4189001465e+02 6.4193103027e+02 6.4196801758e+02 6.4201000977e+02 6.4206500244e+02 6.4210900879e+02 6.4214300537e+02 6.4217401123e+02 6.4220397949e+02 6.4224102783e+02 6.4228399658e+02 6.4232299805e+02 6.4236602783e+02 6.4240899658e+02 6.4245300293e+02 6.4250201416e+02 6.4254400635e+02 6.4257800293e+02 6.4260900879e+02 6.4263500977e+02 6.4268597412e+02 6.4272998047e+02 6.4276599121e+02 6.4279699707e+02 6.4284600830e+02 6.4288897705e+02 6.4292797852e+02 6.4296502686e+02 6.4300201416e+02 6.4303997803e+02 6.4308099365e+02 6.4314099121e+02 6.4317999268e+02 6.4321502686e+02 6.4325598145e+02 6.4328900146e+02 6.4332897949e+02 6.4335699463e+02 6.4338702393e+02 6.4340802002e+02 6.4345599365e+02 6.4348400879e+02 6.4350701904e+02 6.4354498291e+02 6.4357598877e+02
6.4184802246e+02 6.4189202881e+02 6.4192401123e+02 6.4195697021e+02 6.4200097656e+02 6.4205297852e+02 6.4209997559e+02 6.4214300537e+02 6.4217999268e+02 6.4221002197e+02 6.4224798584e+02 6.4228997803e+02 6.4233099365e+02 6.4238500977e+02 6.4243103027e+02 6.4247302246e+02 6.4252301025e+02 6.4257000732e+02 6.4261102295e+02 6.4264599609e+02 6.4266699219e+02 6.4272399902e+02 6.4278399658e+02 6.4282598877e+02 6.4284600830e+02 6.4289099121e+02 6.4293597412e+02 6.4297900391e+02 6.4302502441e+02 6.4305798340e+02 6.4309698486e+02 6.4313897705e+02 6.4319897461e+02 6.4323999023e+02 6.4327502441e+02 6.4331597900e+02 6.4334600830e+02 6.4338598633e+02 6.4342199707e+02 6.4346301270e+02 6.4348999023e+02 6.4352197266e+02 6.4355102539e+02 6.4357598877e+02 6.4362097168e+02 6.4365502930e+02
6.4183001709e+02 6.4188702393e+02 6.4192602539e+02 6.4194897461e+02 6.4198999023e+02 6.4204901123e+02 6.4208898926e+02 6.4212597656e+02 6.4217102051e+02 6.4221502686e+02 6.4225598145e+02 6.4230297852e+02 6.4234698486e+02 6.4239697266e+02 6.4244000244e+02 6.4248498535e+02 6.4254101563e+02 6.4258300781e+02 6.4263500977e+02 6.4267999268e+02 6.4270501709e+02 6.4275598145e+02 6.4280700684e+02 6.4285198975e+02 6.4287902832e+02 6.4292700195e+02 6.4297497559e+02 6.4302001953e+02 6.4305999756e+02 6.4309899902e+02 6.4314202881e+02 6.4318902588e+02 6.4323699951e+02 6.4327301025e+02 6.4331201172e+02 6.4335601807e+02 6.4339898682e+02 6.4343597412e+02 6.4347302246e+02 6.4350799561e+02 6.4353900146e+02 6.4357299805e+02 6.4361297607e+02 6.4364398193e+02 6.4367700195e+02 6.4372100830e+02
6.4180798340e+02 6.4187402344e+02 6.4191802979e+02 6.4194396973e+02 6.4198400879e+02 6.4204498291e+02 6.4208502197e+02 6.4212200928e+02 6.4216998291e+02 6.4221801758e+02 6.4226397705e+02 6.4231402588e+02 6.4235498047e+02 6.4240301514e+02 6.4244897461e+02 6.4250097656e+02 6.4255798340e+02 6.4259698486e+02 6.4265301514e+02 6.4270300293e+02 6.4273297119e+02 6.4277899170e+02 6.4281896973e+02 6.4286297607e+02 6.4290502930e+02 6.4295697021e+02 6.4300201416e+02 6.4304602051e+02 6.4308599854e+02 6.4313000488e+02 6.4317700195e+02 6.4322198486e+02 6.4326397705e+02 6.4330999756e+02 6.4335498047e+02 6.4339300537e+02 6.4343200684e+02 6.4347497559e+02 6.4351202393e+02 6.4354199219e+02 6.4357702637e+02 6.4361199951e+02 6.4365399170e+02 6.4369097900e+02 6.4372302246e+02 6.4376300049e+02
6.4178900146e+02 6.4184197998e+02 6.4188702393e+02 6.4192700195e+02 6.4197198486e+02 6.4203002930e+02 6.4207397461e+02 6.4211499023e+02 6.4216802979e+02 6.4221697998e+02 6.4226898193e+02 6.4232098389e+02 6.4235400391e+02 6.4240399170e+02 6.4245599365e+02 6.4250799561e+02 6.4256201172e+02 6.4259997559e+02 6.4265600586e+02 6.4271099854e+02 6.4274401855e+02 6.4278698730e+02 6.4282598877e+02 6.4287500000e+02 6.4292199707e+02 6.4297399902e+02 6.4301599121e+02 6.4305999756e+02 6.4310699463e+02 6.4315399170e+02 6.4319799805e+02 6.4323602295e+02 6.4327697754e+02 6.4333398438e+02 6.4338000488e+02 6.4340899658e+02 6.4344799805e+02 6.4349597168e+02 6.4353802490e+02 6.4356896973e+02 6.4359997559e+02 6.4363702393e+02 6.4368103027e+02 6.4372302246e+02 6.4375500488e+02 6.4378997803e+02
6.4177197266e+02 6.4180603027e+02 6.4185498047e+02 6.4190997314e+02 6.4195599365e+02 6.4200799561e+02 6.4205700684e+02 6.4210302734e+02 6.4215100098e+02 6.4220898438e+02 6.4226501465e+02 6.4231799316e+02 6.4235101318e+02 6.4240502930e+02 6.4246002197e+02 6.4251098633e+02 6.4256298828e+02 6.4261297607e+02 6.4266900635e+02 6.4271697998e+02 6.4274102783e+02 6.4279302979e+02 6.4284100342e+02 6.4289099121e+02 6.4293499756e+02 6.4297900391e+02 6.4302398682e+02 6.4307000732e+02 6.4311401367e+02 6.4315802002e+02 6.4319897461e+02 6.4323400879e+02 6.4328100586e+02 6.4335302734e+02 6.4339801025e+02 6.4342901611e+02 6.4346899414e+02 6.4351300049e+02 6.4355499268e+02 6.4359197998e+02 6.4361602783e+02 6.4365301514e+02 6.4370001221e+02 6.4374102783e+02 6.4377502441e+02 6.4380902100e+02
6.4173901367e+02 6.4178497314e+02 6.4183898926e+02 6.4189599609e+02 6.4194396973e+02 6.4199102783e+02 6.4204101563e+02 6.4208898926e+02 6.4213299561e+02 6.4217602539e+02 6.4223101807e+02 6.4229199219e+02 6.4233697510e+02 6.4239001465e+02 6.4244500732e+02 6.4249902344e+02 6.4255499268e+02 6.4260601807e+02 6.4265899658e+02 6.4270800781e+02 6.4274499512e+02 6.4280102539e+02 6.4284698486e+02 6.4289202881e+02 6.4293499756e+02 6.4297998047e+02 6.4302697754e+02 6.4307598877e+02 6.4311297607e+02 6.4315399170e+02 6.4320202637e+02 6.4324200439e+02 6.4329199219e+02 6.4335601807e+02 6.4340301514e+02 6.4344201660e+02 6.4348400879e+02 6.4352600098e+02 6.4356500244e+02 6.4360198975e+02 6.4363201904e+02 6.4367498779e+02 6.4371600342e+02 6.4375500488e+02 6.4379199219e+02 6.4382098389e+02
6.4171099854e+02 6.4176098633e+02 6.4181500244e+02 6.4187200928e+02 6.4191900635e+02 6.4197100830e+02 6.4202502441e+02 6.4207397461e+02 6.4212097168e+02 6.4216400146e+02 6.4221502686e+02 6.4227398682e+02 6.4232202148e+02 6.4237597656e+02 6.4242999268e+02 6.4248400879e+02 6.4253900146e+02 6.4258898926e+02 6.4264398193e+02 6.4270001221e+02 6.4274401855e+02 6.4279797363e+02 6.4284301758e+02 6.4288800049e+02 6.4292999268e+02 6.4297698975e+02 6.4302697754e+02 6.4308099365e+02 6.4311499023e+02 6.4315600586e+02 6.4321197510e+02 6.4326098633e+02 6.4330902100e+02 6.4336199951e+02 6.4340698242e+02 6.4345001221e+02 6.4349597168e+02 6.4353302002e+02 6.4357202148e+02 6.4360998535e+02 6.4363897705e+02 6.4367602539e+02 6.4371301270e+02 6.4375598145e+02 6.4379199219e+02 6.4382202148e+02
6.4167797852e+02 6.4172601318e+02 6.4178100586e+02 6.4183599854e+02 6.4188598633e+02 6.4194299316e+02 6.4199700928e+02 6.4204498291e+02 6.4210302734e+02 6.4215899658e+02 6.4220800781e+02 6.4225799561e+02 6.4230603027e+02 6.4236102295e+02 6.4241601563e+02 6.4246997070e+02 6.4252301025e+02 6.4257202148e+02 6.4262597656e+02 6.4268200684e+02 6.4272601318e+02 6.4278002930e+02 6.4283099365e+02 6.4288098145e+02 6.4292297363e+02 6.4296697998e+02 6.4301898193e+02 6.4306896973e+02 6.4310400391e+02 6.4314599609e+02 6.4320300293e+02 6.4325701904e+02 6.4331298828e+02 6.4336401367e+02 6.4340698242e+02 6.4344799805e+02 6.4349401855e+02 6.4353100586e+02 6.4357501221e+02 6.4361199951e+02 6.4363800049e+02 6.4366900635e+02 6.4370898438e+02 6.4375299072e+02 6.4378601074e+02 6.4382397461e+02
