TESTSERVER/17/12.asc
NCOLS 100
NROWS 100
XLLCORNER 8.3497500000e+03
YLLCORNER 2.8935025000e+05
CELLSIZE 5.0000000000e-01
NODATA_VALUE -9.9990000000e+03
[rows 80 to 99 of 100, columns 46 to 91 of 100]
6.3810797119e+02 6.3826599121e+02 6.3837799072e+02 6.3846002197e+02 6.3855999756e+02 6.3869897461e+02 6.3882800293e+02 6.3894500732e+02 6.3903302002e+02 6.3914202881e+02 6.3926702881e+02 6.3939001465e+02 6.3951397705e+02 6.3961102295e+02 6.3968499756e+02 6.3976300049e+02 6.3983801270e+02 6.3992297363e+02 6.4001000977e+02 6.4010101318e+02 6.4018701172e+02 6.4025097656e+02 6.4033898926e+02 6.4042297363e+02 6.4048602295e+02 6.4056402588e+02 6.4063000488e+02 6.4069299316e+02 6.4075897217e+02 6.4083599854e+02 6.4089202881e+02 6.4094598389e+02 6.4102398682e+02 6.4109497070e+02 6.4117297363e+02 6.4124401855e+02 6.4129400635e+02 6.4137097168e+02 6.4144396973e+02 6.4151300049e+02 6.4158099365e+02 6.4163397217e+02 6.4169299316e+02 6.4174401855e+02 6.4178302002e+02 6.4181597900e+02
6.3794702148e+02 6.3808898926e+02 6.3820599365e+02 6.3829699707e+02 6.3840399170e+02 6.3853698730e+02 6.3866601563e+02 6.3879199219e+02 6.3887597656e+02 6.3897601318e+02 6.3909899902e+02 6.3921398926e+02 6.3932800293e+02 6.3944299316e+02 6.3953399658e+02 6.3963299561e+02 6.3971002197e+02 6.3978698730e+02 6.3987097168e+02 6.3996899414e+02 6.4005700684e+02 6.4013000488e+02 6.4021801758e+02 6.4030700684e+02 6.4037597656e+02 6.4045898438e+02 6.4053601074e+02 6.4060302734e+02 6.4066802979e+02 6.4072900391e+02 6.4078698730e+02 6.4085101318e+02 6.4092901611e+02 6.4100299072e+02 6.4108300781e+02 6.4116101074e+02 6.4121697998e+02 6.4129699707e+02 6.4136999512e+02 6.4142498779e+02 6.4148400879e+02 6.4155297852e+02 6.4162298584e+02 6.4168103027e+02 6.4172900391e+02 6.4176800537e+02
6.3775402832e+02 6.3788800049e+02 6.3801501465e+02 6.3812500000e+02 6.3823602295e+02 6.3835998535e+02 6.3848699951e+02 6.3861999512e+02 6.3872198486e+02 6.3883300781e+02 6.3895599365e+02 6.3905700684e+02 6.3913897705e+02 6.3923699951e+02 6.3933197021e+02 6.3945397949e+02 6.3955603027e+02 6.3964300537e+02 6.3973297119e+02 6.3983001709e+02 6.3991497803e+02 6.3999499512e+02 6.4008502197e+02 6.4017901611e+02 6.4025701904e+02 6.4034197998e+02 6.4042498779e+02 6.4049597168e+02 6.4056097412e+02 6.4062701416e+02 6.4069201660e+02 6.4076599121e+02 6.4084497070e+02 6.4091802979e+02 6.4099200439e+02 6.4106701660e+02 6.4111999512e+02 6.4119396973e+02 6.4127099609e+02 6.4133001709e+02 6.4139398193e+02 6.4146301270e+02 6.4153100586e+02 6.4159100342e+02 6.4165600586e+02 6.4171697998e+02
6.3752398682e+02 6.3767401123e+02 6.3780902100e+02 6.3792797852e+02 6.3804901123e+02 6.3817999268e+02 6.3830200195e+02 6.3842999268e+02 6.3854400635e+02 6.3865997314e+02 6.3877301025e+02 6.3887500000e+02 6.3896002197e+02 6.3905603027e+02 6.3914697266e+02 6.3926898193e+02 6.3938500977e+02 6.3947998047e+02 6.3957702637e+02 6.3967700195e+02 6.3976000977e+02 6.3984399414e+02 6.3993701172e+02 6.4003698730e+02 6.4012500000e+02 6.4021801758e+02 6.4030499268e+02 6.4037500000e+02 6.4044598389e+02 6.4052502441e+02 6.4059497070e+02 6.4067102051e+02 6.4075000000e+02 6.4081799316e+02 6.4088800049e+02 6.4096600342e+02 6.4102398682e+02 6.4109002686e+02 6.4116497803e+02 6.4123901367e+02 6.4130700684e+02 6.4137097168e+02 6.4144000244e+02 6.4150402832e+02 6.4157598877e+02 6.4164300537e+02
6.3725500488e+02 6.3742401123e+02 6.3756597900e+02 6.3769702148e+02 6.3786499023e+02 6.3801898193e+02 6.3813201904e+02 6.3823297119e+02 6.3834399414e+02 6.3846600342e+02 6.3858300781e+02 6.3869500732e+02 6.3878900146e+02 6.3888702393e+02 6.3898101807e+02 6.3909399414e+02 6.3920300293e+02 6.3928302002e+02 6.3938201904e+02 6.3948901367e+02 6.3958697510e+02 6.3967901611e+02 6.3977301025e+02 6.3987500000e+02 6.3997802734e+02 6.4008197021e+02 6.4017199707e+02 6.4024401855e+02 6.4032299805e+02 6.4041302490e+02 6.4048400879e+02 6.4055902100e+02 6.4063897705e+02 6.4070697021e+02 6.4078198242e+02 6.4086602783e+02 6.4093701172e+02 6.4100097656e+02 6.4106597900e+02 6.4113598633e+02 6.4119201660e+02 6.4126599121e+02 6.4134698486e+02 6.4141900635e+02 6.4149200439e+02 6.4155297852e+02
6.3703497314e+02 6.3717401123e+02 6.3730499268e+02 6.3745098877e+02 6.3763800049e+02 6.3781701660e+02 6.3794799805e+02 6.3804998779e+02 6.3815399170e+02 6.3826098633e+02 6.3838500977e+02 6.3852001953e+02 6.3863098145e+02 6.3871997070e+02 6.3879699707e+02 6.3888800049e+02 6.3898602295e+02 6.3907397461e+02 6.3917797852e+02 6.3928302002e+02 6.3939300537e+02 6.3949499512e+02 6.3959100342e+02 6.3969299316e+02 6.3978601074e+02 6.3989001465e+02 6.3999597168e+02 6.4009802246e+02 6.4019799805e+02 6.4029400635e+02 6.4036602783e+02 6.4043597412e+02 6.4052099609e+02 6.4060101318e+02 6.4067999268e+02 6.4076098633e+02 6.4083001709e+02 6.4089599609e+02 6.4095898438e+02 6.4102600098e+02 6.4109197998e+02 6.4117199707e+02 6.4125299072e+02 6.4132098389e+02 6.4139202881e+02 6.4145800781e+02
6.3680200195e+02 6.3695397949e+02 6.3709197998e+02 6.3723297119e+02 6.3740502930e+02 6.3758502197e+02 6.3772601318e+02 6.3783502197e+02 6.3795300293e+02 6.3806201172e+02 6.3818701172e+02 6.3833599854e+02 6.3846502686e+02 6.3857202148e+02 6.3864501953e+02 6.3871301270e+02 6.3879400635e+02 6.3889300537e+02 6.3900402832e+02 6.3910101318e+02 6.3919702148e+02 6.3929602051e+02 6.3939099121e+02 6.3949200439e+02 6.3958599854e+02 6.3968798828e+02 6.3979797363e+02 6.3991699219e+02 6.4002899170e+02 6.4013800049e+02 6.4023199463e+02 6.4030999756e+02 6.4039599609e+02 6.4048297119e+02 6.4056799316e+02 6.4065002441e+02 6.4071899414e+02 6.4079998779e+02 6.4086700439e+02 6.4092999268e+02 6.4099798584e+02 6.4108099365e+02 6.4115698242e+02 6.4122399902e+02 6.4128900146e+02 6.4135400391e+02
6.3654302979e+02 6.3670697021e+02 6.3686102295e+02 6.3700097656e+02 6.3716497803e+02 6.3735400391e+02 6.3750598145e+02 6.3762298584e+02 6.3775402832e+02 6.3787200928e+02 6.3799798584e+02 6.3815002441e+02 6.3828900146e+02 6.3843402100e+02 6.3852600098e+02 6.3859002686e+02 6.3864898682e+02 6.3873297119e+02 6.3883300781e+02 6.3891802979e+02 6.3900201416e+02 6.3909698486e+02 6.3918798828e+02 6.3928900146e+02 6.3938897705e+02 6.3949700928e+02 6.3960198975e+02 6.3971600342e+02 6.3983502197e+02 6.3995300293e+02 6.4006799316e+02 6.4016900635e+02 6.4026800537e+02 6.4036199951e+02 6.4045098877e+02 6.4052801514e+02 6.4059301758e+02 6.4068402100e+02 6.4075799561e+02 6.4082202148e+02 6.4089099121e+02 6.4097601318e+02 6.4104797363e+02 6.4111602783e+02 6.4118701172e+02 6.4125799561e+02
6.3628302002e+02 6.3645898438e+02 6.3661102295e+02 6.3675500488e+02 6.3691302490e+02 6.3710998535e+02 6.3728997803e+02 6.3742700195e+02 6.3757202148e+02 6.3768902588e+02 6.3781799316e+02 6.3797198486e+02 6.3810498047e+02 6.3825799561e+02 6.3838500977e+02 6.3847100830e+02 6.3852600098e+02 6.3859301758e+02 6.3865997314e+02 6.3873297119e+02 6.3881799316e+02 6.3890802002e+02 6.3898797607e+02 6.3908599854e+02 6.3917797852e+02 6.3930603027e+02 6.3941601563e+02 6.3952398682e+02 6.3965600586e+02 6.3977600098e+02 6.3988201904e+02 6.3999200439e+02 6.4011297607e+02 6.4022698975e+02 6.4033599854e+02 6.4042199707e+02 6.4048498535e+02 6.4054998779e+02 6.4062902832e+02 6.4071099854e+02 6.4079498291e+02 6.4087701416e+02 6.4095202637e+02 6.4102197266e+02 6.4109002686e+02 6.4115502930e+02
6.3603802490e+02 6.3622497559e+02 6.3640002441e+02 6.3654998779e+02 6.3668902588e+02 6.3684100342e+02 6.3700701904e+02 6.3717199707e+02 6.3735900879e+02 6.3748602295e+02 6.3761602783e+02 6.3776702881e+02 6.3789099121e+02 6.3801501465e+02 6.3814001465e+02 6.3824401855e+02 6.3833697510e+02 6.3844000244e+02 6.3850097656e+02 6.3854699707e+02 6.3861401367e+02 6.3872198486e+02 6.3882202148e+02 6.3892498779e+02 6.3900097656e+02 6.3911999512e+02 6.3924597168e+02 6.3936499023e+02 6.3949401855e+02 6.3960998535e+02 6.3969897461e+02 6.3980401611e+02 6.3993798828e+02 6.4005297852e+02 6.4017102051e+02 6.4027899170e+02 6.4036401367e+02 6.4045501709e+02 6.4052697754e+02 6.4059997559e+02 6.4067102051e+02 6.4075201416e+02 6.4084002686e+02 6.4091497803e+02 6.4097302246e+02 6.4103997803e+02
6.3584497070e+02 6.3601300049e+02 6.3618902588e+02 6.3634497070e+02 6.3648901367e+02 6.3662500000e+02 6.3676898193e+02 6.3692797852e+02 6.3712200928e+02 6.3727301025e+02 6.3742700195e+02 6.3758398438e+02 6.3768701172e+02 6.3778198242e+02 6.3790399170e+02 6.3803100586e+02 6.3815100098e+02 6.3824597168e+02 6.3830297852e+02 6.3835302734e+02 6.3842401123e+02 6.3853802490e+02 6.3865502930e+02 6.3877301025e+02 6.3885900879e+02 6.3896600342e+02 6.3908398438e+02 6.3921801758e+02 6.3935998535e+02 6.3946600342e+02 6.3955102539e+02 6.3965399170e+02 6.3978100586e+02 6.3989599609e+02 6.4001800537e+02 6.4013000488e+02 6.4022399902e+02 6.4033502197e+02 6.4039898682e+02 6.4045599365e+02 6.4053002930e+02 6.4062200928e+02 6.4070599365e+02 6.4077398682e+02 6.4084698486e+02 6.4092498779e+02
6.3564801025e+02 6.3579101563e+02 6.3593798828e+02 6.3608599854e+02 6.3625097656e+02 6.3642102051e+02 6.3657000732e+02 6.3671398926e+02 6.3688702393e+02 6.3704602051e+02 6.3722302246e+02 6.3739898682e+02 6.3749700928e+02 6.3756799316e+02 6.3771197510e+02 6.3788201904e+02 6.3801800537e+02 6.3808398438e+02 6.3812902832e+02 6.3819201660e+02 6.3826501465e+02 6.3835101318e+02 6.3846997070e+02 6.3860101318e+02 6.3870202637e+02 6.3881500244e+02 6.3893298340e+02 6.3907098389e+02 6.3921697998e+02 6.3932702637e+02 6.3941998291e+02 6.3951599121e+02 6.3961700439e+02 6.3972900391e+02 6.3985699463e+02 6.3996697998e+02 6.4004998779e+02 6.4014599609e+02 6.4021002197e+02 6.4027600098e+02 6.4036102295e+02 6.4046099854e+02 6.4055102539e+02 6.4063000488e+02 6.4072399902e+02 6.4080297852e+02
6.3542401123e+02 6.3558502197e+02 6.3571600342e+02 6.3583697510e+02 6.3598297119e+02 6.3615899658e+02 6.3632800293e+02 6.3648101807e+02 6.3664099121e+02 6.3678198242e+02 6.3696002197e+02 6.3715399170e+02 6.3729602051e+02 6.3734497070e+02 6.3751397705e+02 6.3772601318e+02 6.3789001465e+02 6.3790502930e+02 6.3794500732e+02 6.3801599121e+02 6.3809399414e+02 6.3817999268e+02 6.3829199219e+02 6.3841802979e+02 6.3852197266e+02 6.3865899658e+02 6.3879302979e+02 6.3892700195e+02 6.3906097412e+02 6.3918298340e+02 6.3928698730e+02 6.3936297607e+02 6.3944201660e+02 6.3954400635e+02 6.3966802979e+02 6.3977899170e+02 6.3986102295e+02 6.3992102051e+02 6.3999200439e+02 6.4008001709e+02 6.4015698242e+02 6.4025000000e+02 6.4035198975e+02 6.4045800781e+02 6.4058300781e+02 6.4067401123e+02
6.3519097900e+02 6.3535998535e+02 6.3548602295e+02 6.3559802246e+02 6.3574798584e+02 6.3590698242e+02 6.3605798340e+02 6.3621197510e+02 6.3637200928e+02 6.3651300049e+02 6.3669000244e+02 6.3685797119e+02 6.3699102783e+02 6.3709002686e+02 6.3726000977e+02 6.3743103027e+02 6.3753900146e+02 6.3761401367e+02 6.3771600342e+02 6.3782800293e+02 6.3794000244e+02 6.3804901123e+02 6.3815301514e+02 6.3825299072e+02 6.3835302734e+02 6.3850799561e+02 6.3864898682e+02 6.3877801514e+02 6.3890802002e+02 6.3906201172e+02 6.3916998291e+02 6.3922399902e+02 6.3928802490e+02 6.3935101318e+02 6.3945098877e+02 6.3957299805e+02 6.3965899658e+02 6.3972198486e+02 6.3979998779e+02 6.3988897705e+02 6.3996801758e+02 6.4006097412e+02 6.4015197754e+02 6.4024401855e+02 6.4036999512e+02 6.4047802734e+02
6.3491198730e+02 6.3507501221e+02 6.3521899414e+02 6.3536297607e+02 6.3552697754e+02 6.3568499756e+02 6.3582098389e+02 6.3595599365e+02 6.3610198975e+02 6.3624499512e+02 6.3640698242e+02 6.3655297852e+02 6.3667999268e+02 6.3679901123e+02 6.3695800781e+02 6.3710198975e+02 6.3721301270e+02 6.3733197021e+02 6.3747198486e+02 6.3762097168e+02 6.3776898193e+02 6.3790899658e+02 6.3802398682e+02 6.3811401367e+02 6.3820501709e+02 6.3837097168e+02 6.3851501465e+02 6.3863299561e+02 6.3874597168e+02 6.3889898682e+02 6.3901000977e+02 6.3908801270e+02 6.3916400146e+02 6.3918200684e+02 6.3924200439e+02 6.3935198975e+02 6.3944897461e+02 6.3951898193e+02 6.3960699463e+02 6.3970800781e+02 6.3979400635e+02 6.3988201904e+02 6.3997100830e+02 6.4006500244e+02 6.4017297363e+02 6.4026098633e+02
6.3460998535e+02 6.3476098633e+02 6.3494897461e+02 6.3515197754e+02 6.3532702637e+02 6.3548901367e+02 6.3562097168e+02 6.3573602295e+02 6.3586102295e+02 6.3600299072e+02 6.3614398193e+02 6.3627301025e+02 6.3639300537e+02 6.3650097656e+02 6.3664099121e+02 6.3678997803e+02 6.3694201660e+02 6.3706500244e+02 6.3720098877e+02 6.3735797119e+02 6.3753198242e+02 6.3771899414e+02 6.3787200928e+02 6.3797198486e+02 6.3804797363e+02 6.3822100830e+02 6.3837902832e+02 6.3849298096e+02 6.3856402588e+02 6.3866998291e+02 6.3877600098e+02 6.3890100098e+02 6.3903997803e+02 6.3907702637e+02 6.3910400391e+02 6.3917498779e+02 6.3926202393e+02 6.3932501221e+02 6.3940698242e+02 6.3951397705e+02 6.3961102295e+02 6.3970001221e+02 6.3979998779e+02 6.3990899658e+02 6.4000701904e+02 6.4007202148e+02
6.3437500000e+02 6.3450299072e+02 6.3470800781e+02 6.3493298340e+02 6.3510498047e+02 6.3526702881e+02 6.3540698242e+02 6.3552301025e+02 6.3564300537e+02 6.3576800537e+02 6.3590399170e+02 6.3602099609e+02 6.3611901855e+02 6.3625402832e+02 6.3637200928e+02 6.3651599121e+02 6.3670098877e+02 6.3679302979e+02 6.3690502930e+02 6.3704602051e+02 6.3721502686e+02 6.3743597412e+02 6.3762402344e+02 6.3775701904e+02 6.3787500000e+02 6.3802697754e+02 6.3819097900e+02 6.3831500244e+02 6.3838897705e+02 6.3843402100e+02 6.3852600098e+02 6.3865502930e+02 6.3880200195e+02 6.3890802002e+02 6.3896002197e+02 6.3901800537e+02 6.3910400391e+02 6.3914398193e+02 6.3920300293e+02 6.3929602051e+02 6.3939202881e+02 6.3949902344e+02 6.3960900879e+02 6.3972998047e+02 6.3984399414e+02 6.3990899658e+02
6.3423901367e+02 6.3433197021e+02 6.3448498535e+02 6.3468902588e+02 6.3488098145e+02 6.3503497314e+02 6.3515600586e+02 6.3526397705e+02 6.3537500000e+02 6.3549902344e+02 6.3565698242e+02 6.3576800537e+02 6.3585400391e+02 6.3605297852e+02 6.3622302246e+02 6.3637799072e+02 6.3655700684e+02 6.3665301514e+02 6.3673602295e+02 6.3682000732e+02 6.3695599365e+02 6.3713702393e+02 6.3730102539e+02 6.3744897461e+02 6.3758697510e+02 6.3774200439e+02 6.3789898682e+02 6.3804199219e+02 6.3815899658e+02 6.3824298096e+02 6.3833398438e+02 6.3842401123e+02 6.3853302002e+02 6.3864001465e+02 6.3872601318e+02 6.3880798340e+02 6.3889801025e+02 6.3895001221e+02 6.3901202393e+02 6.3910797119e+02 6.3920697021e+02 6.3928399658e+02 6.3939697266e+02 6.3952697754e+02 6.3965399170e+02 6.3974499512e+02
6.3419799805e+02 6.3424597168e+02 6.3431201172e+02 6.3443200684e+02 6.3459899902e+02 6.3476300049e+02 6.3489697266e+02 6.3502099609e+02 6.3514099121e+02 6.3526300049e+02 6.3540997314e+02 6.3551000977e+02 6.3557299805e+02 6.3576599121e+02 6.3598797607e+02 6.3618499756e+02 6.3637701416e+02 6.3652600098e+02 6.3663201904e+02 6.3670001221e+02 6.3677600098e+02 6.3690301514e+02 6.3704101563e+02 6.3718298340e+02 6.3732501221e+02 6.3747998047e+02 6.3764898682e+02 6.3780999756e+02 6.3794500732e+02 6.3805798340e+02 6.3814202881e+02 6.3820898438e+02 6.3829699707e+02 6.3840502930e+02 6.3849700928e+02 6.3858398438e+02 6.3867797852e+02 6.3875500488e+02 6.3883898926e+02 6.3895098877e+02 6.3905999756e+02 6.3911999512e+02 6.3922399902e+02 6.3934399414e+02 6.3946697998e+02 6.3957897949e+02
6.3412097168e+02 6.3420300293e+02 6.3424798584e+02 6.3429101563e+02 6.3436199951e+02 6.3450201416e+02 6.3463897705e+02 6.3476898193e+02 6.3487402344e+02 6.3498400879e+02 6.3512701416e+02 6.3524798584e+02 6.3532702637e+02 6.3547100830e+02 6.3569799805e+02 6.3591998291e+02 6.3611700439e+02 6.3631097412e+02 6.3646600342e+02 6.3656500244e+02 6.3662200928e+02 6.3670697021e+02 6.3682501221e+02 6.3696002197e+02 6.3709698486e+02 6.3725000000e+02 6.3742797852e+02 6.3760198975e+02 6.3775897217e+02 6.3788098145e+02 6.3794396973e+02 6.3799298096e+02 6.3808099365e+02 6.3819000244e+02 6.3828802490e+02 6.3838201904e+02 6.3847998047e+02 6.3857098389e+02 6.3866802979e+02 6.3878399658e+02 6.3890301514e+02 6.3899200439e+02 6.3909301758e+02 6.3920001221e+02 6.3930902100e+02 6.3941400146e+02
