TESTSERVER/17/13.asc
NCOLS 100
NROWS 100
XLLCORNER 8.3497500000e+03
YLLCORNER 2.8930025000e+05
CELLSIZE 5.0000000000e-01
NODATA_VALUE -9.9990000000e+03
[rows 40 to 59 of 100, columns 0 to 45 of 100]
6.1699298096e+02 6.1711199951e+02 6.1725500488e+02 6.1741601563e+02 6.1756896973e+02 6.1770397949e+02 6.1781799316e+02 6.1794097900e+02 6.1806097412e+02 6.1817999268e+02 6.1831500244e+02 6.1843298340e+02 6.1852502441e+02 6.1862402344e+02 6.1875299072e+02 6.1888299561e+02 6.1901599121e+02 6.1915100098e+02 6.1927197266e+02 6.1940399170e+02 6.1952600098e+02 6.1964801025e+02 6.1977600098e+02 6.1991900635e+02 6.2004302979e+02 6.2017498779e+02 6.2032501221e+02 6.2044500732e+02 6.2054498291e+02 6.2066101074e+02 6.2082299805e+02 6.2095202637e+02 6.2106097412e+02 6.2117498779e+02 6.2128802490e+02 6.2141497803e+02 6.2153399658e+02 6.2166601563e+02 6.2178399658e+02 6.2192602539e+02 6.2209197998e+02 6.2225097656e+02 6.2241198730e+02 6.2254602051e+02 6.2269598389e+02 6.2284301758e+02
6.1675097656e+02 6.1687402344e+02 6.1702001953e+02 6.1716101074e+02 6.1729199219e+02 6.1742199707e+02 6.1755297852e+02 6.1769000244e+02 6.1781097412e+02 6.1793103027e+02 6.1806597900e+02 6.1817901611e+02 6.1826898193e+02 6.1836901855e+02 6.1849499512e+02 6.1860998535e+02 6.1872900391e+02 6.1884600830e+02 6.1896502686e+02 6.1911401367e+02 6.1926702881e+02 6.1940997314e+02 6.1953100586e+02 6.1965301514e+02 6.1977600098e+02 6.1990600586e+02 6.2003601074e+02 6.2014898682e+02 6.2027001953e+02 6.2041497803e+02 6.2057501221e+02 6.2069201660e+02 6.2080200195e+02 6.2092901611e+02 6.2103100586e+02 6.2116101074e+02 6.2129302979e+02 6.2140502930e+02 6.2150201416e+02 6.2164398193e+02 6.2180200195e+02 6.2196600342e+02 6.2211401367e+02 6.2225201416e+02 6.2239801025e+02 6.2253900146e+02
6.1651000977e+02 6.1663201904e+02 6.1678302002e+02 6.1690802002e+02 6.1702301025e+02 6.1714300537e+02 6.1727697754e+02 6.1741998291e+02 6.1753698730e+02 6.1765002441e+02 6.1778601074e+02 6.1790997314e+02 6.1801098633e+02 6.1811901855e+02 6.1823498535e+02 6.1834100342e+02 6.1846099854e+02 6.1858001709e+02 6.1869396973e+02 6.1884197998e+02 6.1899499512e+02 6.1914697266e+02 6.1928302002e+02 6.1938598633e+02 6.1951599121e+02 6.1966699219e+02 6.1979101563e+02 6.1989599609e+02 6.2002001953e+02 6.2016497803e+02 6.2029797363e+02 6.2041497803e+02 6.2053900146e+02 6.2067602539e+02 6.2078802490e+02 6.2091101074e+02 6.2104699707e+02 6.2118200684e+02 6.2128802490e+02 6.2141601563e+02 6.2153302002e+02 6.2165997314e+02 6.2180200195e+02 6.2196697998e+02 6.2213000488e+02 6.2227197266e+02
6.1628497314e+02 6.1639599609e+02 6.1654699707e+02 6.1667901611e+02 6.1679699707e+02 6.1690802002e+02 6.1701599121e+02 6.1714801025e+02 6.1726397705e+02 6.1737298584e+02 6.1750000000e+02 6.1763201904e+02 6.1774401855e+02 6.1786102295e+02 6.1797698975e+02 6.1808502197e+02 6.1821197510e+02 6.1833697510e+02 6.1844396973e+02 6.1858502197e+02 6.1872198486e+02 6.1886401367e+02 6.1900799561e+02 6.1912097168e+02 6.1926000977e+02 6.1941601563e+02 6.1954199219e+02 6.1965698242e+02 6.1977801514e+02 6.1990698242e+02 6.2002697754e+02 6.2016601563e+02 6.2028900146e+02 6.2040997314e+02 6.2054400635e+02 6.2066497803e+02 6.2079101563e+02 6.2092999268e+02 6.2105902100e+02 6.2118499756e+02 6.2127600098e+02 6.2138397217e+02 6.2152801514e+02 6.2170300293e+02 6.2188000488e+02 6.2203100586e+02
6.1606500244e+02 6.1615802002e+02 6.1628698730e+02 6.1643701172e+02 6.1656500244e+02 6.1668103027e+02 6.1678802490e+02 6.1688800049e+02 6.1699200439e+02 6.1709997559e+02 6.1722198486e+02 6.1736199951e+02 6.1747497559e+02 6.1759301758e+02 6.1771502686e+02 6.1783197021e+02 6.1796002197e+02 6.1808300781e+02 6.1817999268e+02 6.1832202148e+02 6.1846099854e+02 6.1859002686e+02 6.1871997070e+02 6.1885101318e+02 6.1899798584e+02 6.1914501953e+02 6.1926098633e+02 6.1941601563e+02 6.1955401611e+02 6.1967498779e+02 6.1977502441e+02 6.1992102051e+02 6.2004901123e+02 6.2016601563e+02 6.2030902100e+02 6.2043597412e+02 6.2055499268e+02 6.2066699219e+02 6.2080200195e+02 6.2093103027e+02 6.2103997803e+02 6.2114697266e+02 6.2128698730e+02 6.2142199707e+02 6.2159698486e+02 6.2176000977e+02
6.1583099365e+02 6.1592797852e+02 6.1606896973e+02 6.1619598389e+02 6.1630798340e+02 6.1641400146e+02 6.1651898193e+02 6.1661798096e+02 6.1672399902e+02 6.1684600830e+02 6.1697802734e+02 6.1709600830e+02 6.1720202637e+02 6.1732000732e+02 6.1745098877e+02 6.1755798340e+02 6.1767199707e+02 6.1779602051e+02 6.1791497803e+02 6.1805999756e+02 6.1820599365e+02 6.1834497070e+02 6.1849401855e+02 6.1860900879e+02 6.1872802734e+02 6.1888800049e+02 6.1903302002e+02 6.1915997314e+02 6.1930297852e+02 6.1944299316e+02 6.1955603027e+02 6.1967297363e+02 6.1979602051e+02 6.1991802979e+02 6.2004199219e+02 6.2015698242e+02 6.2030499268e+02 6.2044396973e+02 6.2056701660e+02 6.2069097900e+02 6.2080200195e+02 6.2089801025e+02 6.2102600098e+02 6.2115802002e+02 6.2132000732e+02 6.2147802734e+02
6.1561700439e+02 6.1571600342e+02 6.1584899902e+02 6.1596301270e+02 6.1606799316e+02 6.1617199707e+02 6.1627398682e+02 6.1636297607e+02 6.1646997070e+02 6.1659698486e+02 6.1672698975e+02 6.1683801270e+02 6.1694897461e+02 6.1706896973e+02 6.1720098877e+02 6.1730603027e+02 6.1741400146e+02 6.1753497314e+02 6.1765399170e+02 6.1778900146e+02 6.1793798828e+02 6.1808697510e+02 6.1825000000e+02 6.1837902832e+02 6.1848901367e+02 6.1862799072e+02 6.1876702881e+02 6.1889898682e+02 6.1904699707e+02 6.1919299316e+02 6.1932800293e+02 6.1945098877e+02 6.1956298828e+02 6.1966699219e+02 6.1978997803e+02 6.1990600586e+02 6.2005297852e+02 6.2018103027e+02 6.2028302002e+02 6.2041699219e+02 6.2054602051e+02 6.2065197754e+02 6.2077899170e+02 6.2090899658e+02 6.2105700684e+02 6.2120202637e+02
6.1540802002e+02 6.1550701904e+02 6.1562402344e+02 6.1572998047e+02 6.1583001709e+02 6.1593200684e+02 6.1604101563e+02 6.1612200928e+02 6.1622399902e+02 6.1634301758e+02 6.1645697021e+02 6.1657598877e+02 6.1669500732e+02 6.1681896973e+02 6.1695501709e+02 6.1705798340e+02 6.1716900635e+02 6.1729699707e+02 6.1741497803e+02 6.1753302002e+02 6.1767297363e+02 6.1781896973e+02 6.1798101807e+02 6.1813201904e+02 6.1826202393e+02 6.1838800049e+02 6.1849700928e+02 6.1863299561e+02 6.1878100586e+02 6.1892297363e+02 6.1906402588e+02 6.1920599365e+02 6.1932702637e+02 6.1941802979e+02 6.1953900146e+02 6.1966601563e+02 6.1980200195e+02 6.1990698242e+02 6.1999902344e+02 6.2014801025e+02 6.2029199219e+02 6.2040997314e+02 6.2053198242e+02 6.2065502930e+02 6.2080297852e+02 6.2095397949e+02
6.1518298340e+02 6.1527398682e+02 6.1538299561e+02 6.1550701904e+02 6.1560198975e+02 6.1570098877e+02 6.1580499268e+02 6.1588897705e+02 6.1598400879e+02 6.1609301758e+02 6.1621099854e+02 6.1633197021e+02 6.1644598389e+02 6.1655902100e+02 6.1668103027e+02 6.1679400635e+02 6.1691900635e+02 6.1706500244e+02 6.1720202637e+02 6.1732702637e+02 6.1745300293e+02 6.1758099365e+02 6.1771600342e+02 6.1786700439e+02 6.1801000977e+02 6.1814697266e+02 6.1827697754e+02 6.1839697266e+02 6.1852600098e+02 6.1866302490e+02 6.1881701660e+02 6.1893103027e+02 6.1904797363e+02 6.1916998291e+02 6.1930499268e+02 6.1943798828e+02 6.1956799316e+02 6.1965301514e+02 6.1973901367e+02 6.1987799072e+02 6.2001300049e+02 6.2014300537e+02 6.2027502441e+02 6.2038800049e+02 6.2053198242e+02 6.2070001221e+02
6.1498400879e+02 6.1507598877e+02 6.1518200684e+02 6.1528497314e+02 6.1538299561e+02 6.1548699951e+02 6.1557702637e+02 6.1565698242e+02 6.1575402832e+02 6.1585998535e+02 6.1597802734e+02 6.1609997559e+02 6.1621301270e+02 6.1632000732e+02 6.1642700195e+02 6.1654400635e+02 6.1669000244e+02 6.1684301758e+02 6.1696197510e+02 6.1708898926e+02 6.1721801758e+02 6.1735302734e+02 6.1748400879e+02 6.1760998535e+02 6.1774597168e+02 6.1789202881e+02 6.1802301025e+02 6.1813800049e+02 6.1827398682e+02 6.1840600586e+02 6.1852801514e+02 6.1865997314e+02 6.1879998779e+02 6.1894201660e+02 6.1906896973e+02 6.1917999268e+02 6.1930401611e+02 6.1938598633e+02 6.1947302246e+02 6.1960699463e+02 6.1974499512e+02 6.1988897705e+02 6.2003198242e+02 6.2014202881e+02 6.2027099609e+02 6.2041699219e+02
6.1478399658e+02 6.1487701416e+02 6.1499102783e+02 6.1509002686e+02 6.1518402100e+02 6.1527502441e+02 6.1535601807e+02 6.1544500732e+02 6.1554199219e+02 6.1563598633e+02 6.1574902344e+02 6.1587799072e+02 6.1598699951e+02 6.1608197021e+02 6.1617297363e+02 6.1630200195e+02 6.1644897461e+02 6.1659002686e+02 6.1670599365e+02 6.1683502197e+02 6.1696502686e+02 6.1710601807e+02 6.1724902344e+02 6.1737097168e+02 6.1749200439e+02 6.1762799072e+02 6.1774798584e+02 6.1786602783e+02 6.1801599121e+02 6.1815899658e+02 6.1828198242e+02 6.1841699219e+02 6.1855102539e+02 6.1870098877e+02 6.1882800293e+02 6.1895397949e+02 6.1907702637e+02 6.1915399170e+02 6.1923901367e+02 6.1935498047e+02 6.1948199463e+02 6.1962597656e+02 6.1976599121e+02 6.1988598633e+02 6.2002398682e+02 6.2015698242e+02
6.1458398438e+02 6.1467602539e+02 6.1479199219e+02 6.1489501953e+02 6.1498999023e+02 6.1506799316e+02 6.1513201904e+02 6.1522497559e+02 6.1532501221e+02 6.1541900635e+02 6.1552899170e+02 6.1565997314e+02 6.1575799561e+02 6.1584399414e+02 6.1593499756e+02 6.1606201172e+02 6.1619702148e+02 6.1633001709e+02 6.1646099854e+02 6.1659002686e+02 6.1671600342e+02 6.1685699463e+02 6.1700701904e+02 6.1713702393e+02 6.1725897217e+02 6.1739300537e+02 6.1750701904e+02 6.1762298584e+02 6.1777301025e+02 6.1792602539e+02 6.1804302979e+02 6.1816601563e+02 6.1829901123e+02 6.1844299316e+02 6.1856896973e+02 6.1871197510e+02 6.1884399414e+02 6.1892797852e+02 6.1900701904e+02 6.1911798096e+02 6.1922698975e+02 6.1934497070e+02 6.1947302246e+02 6.1960998535e+02 6.1976599121e+02 6.1990600586e+02
6.1439202881e+02 6.1448101807e+02 6.1458502197e+02 6.1467297363e+02 6.1477398682e+02 6.1485699463e+02 6.1492199707e+02 6.1499597168e+02 6.1511297607e+02 6.1522198486e+02 6.1533197021e+02 6.1542901611e+02 6.1550799561e+02 6.1560198975e+02 6.1572198486e+02 6.1582202148e+02 6.1594500732e+02 6.1608300781e+02 6.1623498535e+02 6.1636102295e+02 6.1648199463e+02 6.1661499023e+02 6.1674700928e+02 6.1687298584e+02 6.1700799561e+02 6.1714801025e+02 6.1727502441e+02 6.1738201904e+02 6.1751098633e+02 6.1767199707e+02 6.1779602051e+02 6.1788598633e+02 6.1804901123e+02 6.1818499756e+02 6.1830700684e+02 6.1844201660e+02 6.1857897949e+02 6.1868499756e+02 6.1877801514e+02 6.1888800049e+02 6.1900201416e+02 6.1909301758e+02 6.1918103027e+02 6.1932501221e+02 6.1948498535e+02 6.1962500000e+02
6.1420202637e+02 6.1428997803e+02 6.1439599609e+02 6.1448400879e+02 6.1456597900e+02 6.1464099121e+02 6.1471502686e+02 6.1479901123e+02 6.1490301514e+02 6.1500701904e+02 6.1511700439e+02 6.1521197510e+02 6.1527398682e+02 6.1535302734e+02 6.1547302246e+02 6.1559899902e+02 6.1572399902e+02 6.1584600830e+02 6.1597900391e+02 6.1611499023e+02 6.1624298096e+02 6.1638000488e+02 6.1651898193e+02 6.1663201904e+02 6.1676202393e+02 6.1688897705e+02 6.1701300049e+02 6.1713598633e+02 6.1726098633e+02 6.1740997314e+02 6.1753399658e+02 6.1764599609e+02 6.1780499268e+02 6.1793103027e+02 6.1807397461e+02 6.1821899414e+02 6.1834802246e+02 6.1844598389e+02 6.1854602051e+02 6.1866900635e+02 6.1876501465e+02 6.1886199951e+02 6.1895800781e+02 6.1907501221e+02 6.1920898438e+02 6.1933898926e+02
6.1402801514e+02 6.1411499023e+02 6.1421398926e+02 6.1430700684e+02 6.1438201904e+02 6.1444598389e+02 6.1452099609e+02 6.1461499023e+02 6.1470697021e+02 6.1479101563e+02 6.1489398193e+02 6.1500000000e+02 6.1506799316e+02 6.1514300537e+02 6.1525201416e+02 6.1538397217e+02 6.1550299072e+02 6.1560797119e+02 6.1572302246e+02 6.1586102295e+02 6.1598797607e+02 6.1612402344e+02 6.1626800537e+02 6.1638299561e+02 6.1650701904e+02 6.1662701416e+02 6.1675097656e+02 6.1689599609e+02 6.1703399658e+02 6.1717297363e+02 6.1727099609e+02 6.1739501953e+02 6.1755798340e+02 6.1768597412e+02 6.1780902100e+02 6.1792498779e+02 6.1806298828e+02 6.1818200684e+02 6.1830999756e+02 6.1845397949e+02 6.1854101563e+02 6.1863897705e+02 6.1875097656e+02 6.1886901855e+02 6.1898602295e+02 6.1909497070e+02
6.1387799072e+02 6.1395898438e+02 6.1403601074e+02 6.1412298584e+02 6.1420501709e+02 6.1426898193e+02 6.1433099365e+02 6.1443200684e+02 6.1453198242e+02 6.1460797119e+02 6.1468597412e+02 6.1478399658e+02 6.1486102295e+02 6.1494500732e+02 6.1504797363e+02 6.1516802979e+02 6.1527301025e+02 6.1536901855e+02 6.1548400879e+02 6.1561602783e+02 6.1573797607e+02 6.1586700439e+02 6.1600598145e+02 6.1612402344e+02 6.1625000000e+02 6.1636700439e+02 6.1650000000e+02 6.1665100098e+02 6.1678302002e+02 6.1691302490e+02 6.1700299072e+02 6.1711602783e+02 6.1727197266e+02 6.1741900635e+02 6.1755902100e+02 6.1766497803e+02 6.1780499268e+02 6.1793499756e+02 6.1806500244e+02 6.1820001221e+02 6.1829699707e+02 6.1840899658e+02 6.1852801514e+02 6.1866497803e+02 6.1878601074e+02 6.1888598633e+02
6.1372900391e+02 6.1380499268e+02 6.1387298584e+02 6.1395202637e+02 6.1403601074e+02 6.1410302734e+02 6.1415301514e+02 6.1423199463e+02 6.1434899902e+02 6.1444500732e+02 6.1451501465e+02 6.1457202148e+02 6.1464599609e+02 6.1473101807e+02 6.1481701660e+02 6.1493298340e+02 6.1503900146e+02 6.1514099121e+02 6.1525897217e+02 6.1537799072e+02 6.1549200439e+02 6.1562200928e+02 6.1575299072e+02 6.1586700439e+02 6.1600299072e+02 6.1612298584e+02 6.1623699951e+02 6.1636401367e+02 6.1647399902e+02 6.1660400391e+02 6.1674798584e+02 6.1685302734e+02 6.1699597168e+02 6.1715502930e+02 6.1730200195e+02 6.1745001221e+02 6.1759301758e+02 6.1771997070e+02 6.1784197998e+02 6.1796398926e+02 6.1806500244e+02 6.1816601563e+02 6.1826397705e+02 6.1842102051e+02 6.1856097412e+02 6.1867999268e+02
6.1359399414e+02 6.1368298340e+02 6.1374700928e+02 6.1381799316e+02 6.1388397217e+02 6.1393798828e+02 6.1397998047e+02 6.1404699707e+02 6.1414697266e+02 6.1423797607e+02 6.1431201172e+02 6.1437597656e+02 6.1445300293e+02 6.1453997803e+02 6.1461999512e+02 6.1471600342e+02 6.1483300781e+02 6.1494097900e+02 6.1504302979e+02 6.1514599609e+02 6.1524597168e+02 6.1537500000e+02 6.1549798584e+02 6.1560900879e+02 6.1574499512e+02 6.1587097168e+02 6.1599597168e+02 6.1611102295e+02 6.1621697998e+02 6.1633898926e+02 6.1649298096e+02 6.1663098145e+02 6.1677197266e+02 6.1691302490e+02 6.1703497314e+02 6.1721002197e+02 6.1736499023e+02 6.1748297119e+02 6.1760498047e+02 6.1774700928e+02 6.1786401367e+02 6.1796801758e+02 6.1805200195e+02 6.1817297363e+02 6.1828601074e+02 6.1840997314e+02
6.1343902588e+02 6.1354101563e+02 6.1361700439e+02 6.1368701172e+02 6.1374902344e+02 6.1380297852e+02 6.1384600830e+02 6.1390802002e+02 6.1397900391e+02 6.1403997803e+02 6.1411102295e+02 6.1417602539e+02 6.1425097656e+02 6.1434100342e+02 6.1442999268e+02 6.1451397705e+02 6.1461401367e+02 6.1471301270e+02 6.1481500244e+02 6.1491497803e+02 6.1500500488e+02 6.1512701416e+02 6.1523400879e+02 6.1534301758e+02 6.1548297119e+02 6.1560400391e+02 6.1572497559e+02 6.1584802246e+02 6.1597399902e+02 6.1610302734e+02 6.1624597168e+02 6.1638500977e+02 6.1653698730e+02 6.1666802979e+02 6.1677301025e+02 6.1693798828e+02 6.1708300781e+02 6.1720501709e+02 6.1734301758e+02 6.1749102783e+02 6.1762200928e+02 6.1774798584e+02 6.1784002686e+02 6.1794000244e+02 6.1804302979e+02 6.1817102051e+02
6.1325598145e+02 6.1337402344e+02 6.1346997070e+02 6.1355297852e+02 6.1362097168e+02 6.1367797852e+02 6.1372399902e+02 6.1378002930e+02 6.1382800293e+02 6.1386102295e+02 6.1392102051e+02 6.1398297119e+02 6.1404498291e+02 6.1412799072e+02 6.1422698975e+02 6.1431298828e+02 6.1439898682e+02 6.1448999023e+02 6.1458697510e+02 6.1469097900e+02 6.1477801514e+02 6.1489501953e+02 6.1499298096e+02 6.1508898926e+02 6.1522601318e+02 6.1534497070e+02 6.1545300293e+02 6.1557897949e+02 6.1571600342e+02 6.1584997559e+02 6.1598498535e+02 6.1610198975e+02 6.1625701904e+02 6.1639501953e+02 6.1651702881e+02 6.1667401123e+02 6.1681799316e+02 6.1695397949e+02 6.1709197998e+02 6.1723199463e+02 6.1736700439e+02 6.1750097656e+02 6.1761602783e+02 6.1772198486e+02 6.1782897949e+02 6.1795397949e+02
