TESTSERVER/17/13.asc
NCOLS 100
NROWS 100
XLLCORNER 8.3497500000e+03
YLLCORNER 2.8930025000e+05
CELLSIZE 5.0000000000e-01
NODATA_VALUE -9.9990000000e+03
[rows 20 to 39 of 100, columns 0 to 45 of 100]
6.2185797119e+02 6.2197601318e+02 6.2211999512e+02 6.2223602295e+02 6.2235797119e+02 6.2249200439e+02 6.2263098145e+02 6.2273999023e+02 6.2286602783e+02 6.2300299072e+02 6.2315100098e+02 6.2330499268e+02 6.2344500732e+02 6.2358599854e+02 6.2372802734e+02 6.2385198975e+02 6.2399597168e+02 6.2416497803e+02 6.2433502197e+02 6.2447802734e+02 6.2463098145e+02 6.2478100586e+02 6.2492999268e+02 6.2509899902e+02 6.2523999023e+02 6.2537902832e+02 6.2553100586e+02 6.2570300293e+02 6.2585498047e+02 6.2599200439e+02 6.2609899902e+02 6.2621099854e+02 6.2636602783e+02 6.2650701904e+02 6.2660400391e+02 6.2675201416e+02 6.2685302734e+02 6.2696502686e+02 6.2705902100e+02 6.2716998291e+02 6.2729400635e+02 6.2741699219e+02 6.2754602051e+02 6.2766998291e+02 6.2782598877e+02 6.2798199463e+02
6.2165197754e+02 6.2175701904e+02 6.2188299561e+02 6.2201501465e+02 6.2213000488e+02 6.2224700928e+02 6.2238397217e+02 6.2250299072e+02 6.2263098145e+02 6.2276300049e+02 6.2289801025e+02 6.2305999756e+02 6.2321398926e+02 6.2335998535e+02 6.2349902344e+02 6.2363598633e+02 6.2378302002e+02 6.2394000244e+02 6.2409497070e+02 6.2424597168e+02 6.2441101074e+02 6.2457397461e+02 6.2471801758e+02 6.2488000488e+02 6.2503497314e+02 6.2517498779e+02 6.2531097412e+02 6.2546997070e+02 6.2562597656e+02 6.2577600098e+02 6.2590100098e+02 6.2600097656e+02 6.2611297607e+02 6.2626898193e+02 6.2640100098e+02 6.2651800537e+02 6.2660998535e+02 6.2672998047e+02 6.2684497070e+02 6.2694201660e+02 6.2702801514e+02 6.2714398193e+02 6.2726000977e+02 6.2738897705e+02 6.2755200195e+02 6.2771002197e+02
6.2142102051e+02 6.2152600098e+02 6.2164599609e+02 6.2177600098e+02 6.2189898682e+02 6.2202801514e+02 6.2216302490e+02 6.2227801514e+02 6.2241302490e+02 6.2254901123e+02 6.2267102051e+02 6.2283001709e+02 6.2298602295e+02 6.2313201904e+02 6.2326898193e+02 6.2341101074e+02 6.2355798340e+02 6.2371002197e+02 6.2385400391e+02 6.2401098633e+02 6.2418597412e+02 6.2435400391e+02 6.2449597168e+02 6.2465002441e+02 6.2481201172e+02 6.2496099854e+02 6.2510198975e+02 6.2524200439e+02 6.2536999512e+02 6.2551599121e+02 6.2565301514e+02 6.2576300049e+02 6.2587200928e+02 6.2602398682e+02 6.2616497803e+02 6.2627099609e+02 6.2636499023e+02 6.2647998047e+02 6.2659899902e+02 6.2670300293e+02 6.2677899170e+02 6.2688702393e+02 6.2700201416e+02 6.2710699463e+02 6.2725201416e+02 6.2740698242e+02
6.2119000244e+02 6.2130603027e+02 6.2143402100e+02 6.2154998779e+02 6.2166198730e+02 6.2179797363e+02 6.2193597412e+02 6.2204302979e+02 6.2217401123e+02 6.2231201172e+02 6.2243597412e+02 6.2259399414e+02 6.2274499512e+02 6.2288897705e+02 6.2302801514e+02 6.2316699219e+02 6.2331701660e+02 6.2347601318e+02 6.2361401367e+02 6.2377197266e+02 6.2395098877e+02 6.2411901855e+02 6.2426898193e+02 6.2441998291e+02 6.2457501221e+02 6.2472497559e+02 6.2487298584e+02 6.2501397705e+02 6.2512799072e+02 6.2526098633e+02 6.2538598633e+02 6.2550598145e+02 6.2562799072e+02 6.2576098633e+02 6.2588598633e+02 6.2601202393e+02 6.2612200928e+02 6.2622698975e+02 6.2632299805e+02 6.2642999268e+02 6.2652301025e+02 6.2664099121e+02 6.2675799561e+02 6.2685601807e+02 6.2698297119e+02 6.2713201904e+02
6.2095697021e+02 6.2108398438e+02 6.2121002197e+02 6.2132501221e+02 6.2143200684e+02 6.2155700684e+02 6.2169396973e+02 6.2182098389e+02 6.2195001221e+02 6.2206701660e+02 6.2218103027e+02 6.2235601807e+02 6.2251501465e+02 6.2265002441e+02 6.2278198242e+02 6.2291101074e+02 6.2306500244e+02 6.2323101807e+02 6.2337200928e+02 6.2353698730e+02 6.2371002197e+02 6.2386901855e+02 6.2403399658e+02 6.2419201660e+02 6.2434301758e+02 6.2447998047e+02 6.2460699463e+02 6.2476702881e+02 6.2489300537e+02 6.2502502441e+02 6.2516400146e+02 6.2526000977e+02 6.2537597656e+02 6.2550000000e+02 6.2561297607e+02 6.2573699951e+02 6.2585400391e+02 6.2596197510e+02 6.2606201172e+02 6.2616101074e+02 6.2626501465e+02 6.2638702393e+02 6.2649200439e+02 6.2660498047e+02 6.2673797607e+02 6.2687500000e+02
6.2071997070e+02 6.2084802246e+02 6.2096301270e+02 6.2107098389e+02 6.2118402100e+02 6.2131097412e+02 6.2144396973e+02 6.2158801270e+02 6.2173901367e+02 6.2185498047e+02 6.2195098877e+02 6.2211297607e+02 6.2227099609e+02 6.2240600586e+02 6.2255603027e+02 6.2267901611e+02 6.2281896973e+02 6.2298999023e+02 6.2313897705e+02 6.2330499268e+02 6.2345898438e+02 6.2359899902e+02 6.2377801514e+02 6.2393701172e+02 6.2410198975e+02 6.2424798584e+02 6.2436102295e+02 6.2449798584e+02 6.2463098145e+02 6.2477197266e+02 6.2490197754e+02 6.2503698730e+02 6.2514001465e+02 6.2524499512e+02 6.2536401367e+02 6.2547900391e+02 6.2558099365e+02 6.2568701172e+02 6.2578997803e+02 6.2590100098e+02 6.2597998047e+02 6.2609497070e+02 6.2623297119e+02 6.2635498047e+02 6.2649597168e+02 6.2662701416e+02
6.2046398926e+02 6.2059399414e+02 6.2070898438e+02 6.2083099365e+02 6.2095300293e+02 6.2107800293e+02 6.2119500732e+02 6.2132800293e+02 6.2148602295e+02 6.2160998535e+02 6.2170202637e+02 6.2185302734e+02 6.2200402832e+02 6.2214898682e+02 6.2232598877e+02 6.2245397949e+02 6.2257800293e+02 6.2274102783e+02 6.2289202881e+02 6.2305999756e+02 6.2321600342e+02 6.2335797119e+02 6.2353100586e+02 6.2367102051e+02 6.2382501221e+02 6.2397802734e+02 6.2410699463e+02 6.2423101807e+02 6.2435699463e+02 6.2449499512e+02 6.2462597656e+02 6.2477899170e+02 6.2488500977e+02 6.2498400879e+02 6.2510998535e+02 6.2522998047e+02 6.2532598877e+02 6.2542797852e+02 6.2552801514e+02 6.2562902832e+02 6.2571099854e+02 6.2583300781e+02 6.2597302246e+02 6.2610302734e+02 6.2625097656e+02 6.2638598633e+02
6.2020300293e+02 6.2033898926e+02 6.2046197510e+02 6.2060198975e+02 6.2072698975e+02 6.2085400391e+02 6.2096899414e+02 6.2108398438e+02 6.2123498535e+02 6.2135498047e+02 6.2145001221e+02 6.2158801270e+02 6.2173400879e+02 6.2188299561e+02 6.2205999756e+02 6.2220202637e+02 6.2232702637e+02 6.2248602295e+02 6.2263897705e+02 6.2281201172e+02 6.2298602295e+02 6.2313098145e+02 6.2327301025e+02 6.2340197754e+02 6.2354602051e+02 6.2369396973e+02 6.2384197998e+02 6.2397399902e+02 6.2409899902e+02 6.2423602295e+02 6.2435797119e+02 6.2448199463e+02 6.2460400391e+02 6.2473699951e+02 6.2487799072e+02 6.2497198486e+02 6.2506896973e+02 6.2517401123e+02 6.2527502441e+02 6.2538299561e+02 6.2547302246e+02 6.2558801270e+02 6.2571197510e+02 6.2584399414e+02 6.2599200439e+02 6.2613299561e+02
6.1995898438e+02 6.2009899902e+02 6.2022698975e+02 6.2037500000e+02 6.2049798584e+02 6.2063000488e+02 6.2076599121e+02 6.2087902832e+02 6.2101702881e+02 6.2113098145e+02 6.2122998047e+02 6.2134301758e+02 6.2147998047e+02 6.2163000488e+02 6.2179101563e+02 6.2194799805e+02 6.2209399414e+02 6.2226098633e+02 6.2242602539e+02 6.2258697510e+02 6.2276202393e+02 6.2290502930e+02 6.2303601074e+02 6.2315899658e+02 6.2329101563e+02 6.2342102051e+02 6.2357098389e+02 6.2372100830e+02 6.2384002686e+02 6.2396997070e+02 6.2410601807e+02 6.2422198486e+02 6.2433801270e+02 6.2446697998e+02 6.2460101318e+02 6.2469598389e+02 6.2481097412e+02 6.2491400146e+02 6.2499902344e+02 6.2513397217e+02 6.2523901367e+02 6.2534301758e+02 6.2546002197e+02 6.2558398438e+02 6.2572399902e+02 6.2585998535e+02
6.1973999023e+02 6.1986700439e+02 6.1999597168e+02 6.2014300537e+02 6.2026397705e+02 6.2039898682e+02 6.2053302002e+02 6.2064398193e+02 6.2078802490e+02 6.2090100098e+02 6.2100299072e+02 6.2112597656e+02 6.2125201416e+02 6.2139398193e+02 6.2155401611e+02 6.2170898438e+02 6.2186401367e+02 6.2203802490e+02 6.2220001221e+02 6.2235498047e+02 6.2251800537e+02 6.2265997314e+02 6.2279400635e+02 6.2290502930e+02 6.2303100586e+02 6.2316802979e+02 6.2331402588e+02 6.2345697021e+02 6.2356896973e+02 6.2368402100e+02 6.2382702637e+02 6.2396099854e+02 6.2407501221e+02 6.2419897461e+02 6.2432501221e+02 6.2444000244e+02 6.2456402588e+02 6.2467797852e+02 6.2476397705e+02 6.2487902832e+02 6.2497900391e+02 6.2508398438e+02 6.2519000244e+02 6.2531896973e+02 6.2546801758e+02 6.2560198975e+02
6.1947900391e+02 6.1961297607e+02 6.1977301025e+02 6.1991302490e+02 6.2002600098e+02 6.2016497803e+02 6.2030401611e+02 6.2041198730e+02 6.2054998779e+02 6.2065698242e+02 6.2076800537e+02 6.2090899658e+02 6.2103698730e+02 6.2116900635e+02 6.2132202148e+02 6.2147100830e+02 6.2162701416e+02 6.2179302979e+02 6.2193200684e+02 6.2209002686e+02 6.2224700928e+02 6.2238702393e+02 6.2252801514e+02 6.2264801025e+02 6.2278601074e+02 6.2292700195e+02 6.2305902100e+02 6.2318798828e+02 6.2330700684e+02 6.2343298340e+02 6.2355999756e+02 6.2367999268e+02 6.2379498291e+02 6.2392999268e+02 6.2406597900e+02 6.2418402100e+02 6.2429400635e+02 6.2441900635e+02 6.2453198242e+02 6.2464599609e+02 6.2473400879e+02 6.2482897949e+02 6.2494097900e+02 6.2506201172e+02 6.2521099854e+02 6.2535601807e+02
6.1920697021e+02 6.1935400391e+02 6.1953997803e+02 6.1968298340e+02 6.1979400635e+02 6.1993103027e+02 6.2007202148e+02 6.2018402100e+02 6.2031500244e+02 6.2042498779e+02 6.2054498291e+02 6.2069097900e+02 6.2081701660e+02 6.2093798828e+02 6.2107098389e+02 6.2120599365e+02 6.2135900879e+02 6.2151800537e+02 6.2164599609e+02 6.2180102539e+02 6.2196301270e+02 6.2210900879e+02 6.2225897217e+02 6.2239202881e+02 6.2253698730e+02 6.2266802979e+02 6.2279498291e+02 6.2290698242e+02 6.2303100586e+02 6.2318103027e+02 6.2331298828e+02 6.2341802979e+02 6.2352099609e+02 6.2365197754e+02 6.2380401611e+02 6.2392999268e+02 6.2402801514e+02 6.2414599609e+02 6.2426702881e+02 6.2439697266e+02 6.2448901367e+02 6.2457501221e+02 6.2469000244e+02 6.2480999756e+02 6.2494702148e+02 6.2509197998e+02
6.1896398926e+02 6.1910699463e+02 6.1925701904e+02 6.1942199707e+02 6.1955999756e+02 6.1969500732e+02 6.1980297852e+02 6.1992797852e+02 6.2006201172e+02 6.2019500732e+02 6.2033001709e+02 6.2047497559e+02 6.2059497070e+02 6.2070501709e+02 6.2082702637e+02 6.2092700195e+02 6.2107598877e+02 6.2124298096e+02 6.2138000488e+02 6.2151599121e+02 6.2167102051e+02 6.2182202148e+02 6.2198498535e+02 6.2212298584e+02 6.2226397705e+02 6.2239001465e+02 6.2251599121e+02 6.2263598633e+02 6.2275402832e+02 6.2290698242e+02 6.2307397461e+02 6.2317700195e+02 6.2326599121e+02 6.2337799072e+02 6.2352301025e+02 6.2366900635e+02 6.2379302979e+02 6.2390301514e+02 6.2398901367e+02 6.2411499023e+02 6.2423901367e+02 6.2434802246e+02 6.2443402100e+02 6.2456500244e+02 6.2470397949e+02 6.2485101318e+02
6.1873498535e+02 6.1887799072e+02 6.1900701904e+02 6.1915002441e+02 6.1929797363e+02 6.1944396973e+02 6.1956701660e+02 6.1969299316e+02 6.1982202148e+02 6.1994799805e+02 6.2008300781e+02 6.2022802734e+02 6.2035101318e+02 6.2046502686e+02 6.2057702637e+02 6.2068103027e+02 6.2082598877e+02 6.2098199463e+02 6.2110302734e+02 6.2123699951e+02 6.2139300537e+02 6.2154901123e+02 6.2171801758e+02 6.2184002686e+02 6.2197399902e+02 6.2210101318e+02 6.2223602295e+02 6.2236602783e+02 6.2249298096e+02 6.2263702393e+02 6.2278997803e+02 6.2288598633e+02 6.2297399902e+02 6.2309802246e+02 6.2325402832e+02 6.2339697266e+02 6.2353601074e+02 6.2366302490e+02 6.2374798584e+02 6.2387701416e+02 6.2399597168e+02 6.2411798096e+02 6.2422198486e+02 6.2433099365e+02 6.2446301270e+02 6.2459399414e+02
6.1850097656e+02 6.1864801025e+02 6.1879302979e+02 6.1893499756e+02 6.1907098389e+02 6.1921301270e+02 6.1933599854e+02 6.1946398926e+02 6.1958599854e+02 6.1969702148e+02 6.1982397461e+02 6.1996502686e+02 6.2008502197e+02 6.2020300293e+02 6.2032098389e+02 6.2043200684e+02 6.2058001709e+02 6.2072802734e+02 6.2082897949e+02 6.2095800781e+02 6.2112402344e+02 6.2128601074e+02 6.2144097900e+02 6.2155297852e+02 6.2167999268e+02 6.2181298828e+02 6.2195599365e+02 6.2208502197e+02 6.2221502686e+02 6.2234497070e+02 6.2248101807e+02 6.2259100342e+02 6.2270202637e+02 6.2282800293e+02 6.2295397949e+02 6.2310198975e+02 6.2324597168e+02 6.2338201904e+02 6.2347900391e+02 6.2361102295e+02 6.2373602295e+02 6.2386602783e+02 6.2398999023e+02 6.2409301758e+02 6.2422900391e+02 6.2436700439e+02
6.1826397705e+02 6.1841101074e+02 6.1856597900e+02 6.1871600342e+02 6.1885198975e+02 6.1899902344e+02 6.1912500000e+02 6.1924102783e+02 6.1934997559e+02 6.1944799805e+02 6.1957501221e+02 6.1971002197e+02 6.1982397461e+02 6.1994097900e+02 6.2006799316e+02 6.2018597412e+02 6.2033001709e+02 6.2047601318e+02 6.2057598877e+02 6.2069897461e+02 6.2085101318e+02 6.2100097656e+02 6.2114599609e+02 6.2126202393e+02 6.2138098145e+02 6.2150799561e+02 6.2165002441e+02 6.2178997803e+02 6.2193499756e+02 6.2206097412e+02 6.2218499756e+02 6.2230999756e+02 6.2242498779e+02 6.2254699707e+02 6.2265997314e+02 6.2280102539e+02 6.2295001221e+02 6.2309399414e+02 6.2319598389e+02 6.2333599854e+02 6.2347399902e+02 6.2360998535e+02 6.2373999023e+02 6.2383898926e+02 6.2398999023e+02 6.2415399170e+02
6.1801599121e+02 6.1815197754e+02 6.1828900146e+02 6.1843701172e+02 6.1859197998e+02 6.1875701904e+02 6.1890600586e+02 6.1901599121e+02 6.1911102295e+02 6.1921197510e+02 6.1935797119e+02 6.1946997070e+02 6.1956597900e+02 6.1966699219e+02 6.1979498291e+02 6.1992602539e+02 6.2006201172e+02 6.2020300293e+02 6.2033697510e+02 6.2045001221e+02 6.2057702637e+02 6.2071398926e+02 6.2086199951e+02 6.2098901367e+02 6.2110302734e+02 6.2121801758e+02 6.2134600830e+02 6.2150097656e+02 6.2167401123e+02 6.2180700684e+02 6.2192401123e+02 6.2203698730e+02 6.2214801025e+02 6.2228002930e+02 6.2241497803e+02 6.2251000977e+02 6.2264398193e+02 6.2279101563e+02 6.2290899658e+02 6.2307800293e+02 6.2322100830e+02 6.2334600830e+02 6.2350402832e+02 6.2360601807e+02 6.2374597168e+02 6.2391302490e+02
6.1774298096e+02 6.1787701416e+02 6.1802801514e+02 6.1818298340e+02 6.1833599854e+02 6.1848699951e+02 6.1862902832e+02 6.1875598145e+02 6.1885498047e+02 6.1894897461e+02 6.1908697510e+02 6.1922900391e+02 6.1932800293e+02 6.1941497803e+02 6.1953698730e+02 6.1966699219e+02 6.1979602051e+02 6.1992700195e+02 6.2006500244e+02 6.2019799805e+02 6.2032000732e+02 6.2044897461e+02 6.2059100342e+02 6.2072100830e+02 6.2083398438e+02 6.2094702148e+02 6.2106799316e+02 6.2120800781e+02 6.2137402344e+02 6.2150598145e+02 6.2161602783e+02 6.2173297119e+02 6.2185400391e+02 6.2197900391e+02 6.2210797119e+02 6.2224597168e+02 6.2239300537e+02 6.2252801514e+02 6.2264599609e+02 6.2281799316e+02 6.2296600342e+02 6.2306097412e+02 6.2320001221e+02 6.2334301758e+02 6.2350000000e+02 6.2366601563e+02
6.1748797607e+02 6.1761999512e+02 6.1777301025e+02 6.1793499756e+02 6.1808197021e+02 6.1821899414e+02 6.1835900879e+02 6.1849902344e+02 6.1861199951e+02 6.1870397949e+02 6.1881896973e+02 6.1896899414e+02 6.1907202148e+02 6.1915502930e+02 6.1927899170e+02 6.1941497803e+02 6.1954400635e+02 6.1967901611e+02 6.1981097412e+02 6.1993499756e+02 6.2005200195e+02 6.2017999268e+02 6.2032000732e+02 6.2044799805e+02 6.2056201172e+02 6.2067401123e+02 6.2080102539e+02 6.2092602539e+02 6.2107098389e+02 6.2119799805e+02 6.2132202148e+02 6.2144598389e+02 6.2156298828e+02 6.2169702148e+02 6.2185302734e+02 6.2199902344e+02 6.2214099121e+02 6.2227099609e+02 6.2238500977e+02 6.2253601074e+02 6.2267498779e+02 6.2278100586e+02 6.2293499756e+02 6.2308898926e+02 6.2324798584e+02 6.2340100098e+02
6.1724499512e+02 6.1736999512e+02 6.1751599121e+02 6.1768200684e+02 6.1782702637e+02 6.1795800781e+02 6.1808898926e+02 6.1822399902e+02 6.1834301758e+02 6.1844702148e+02 6.1856298828e+02 6.1869702148e+02 6.1879797363e+02 6.1888800049e+02 6.1901702881e+02 6.1915600586e+02 6.1928900146e+02 6.1943200684e+02 6.1956597900e+02 6.1968103027e+02 6.1978497314e+02 6.1990698242e+02 6.2004302979e+02 6.2017401123e+02 6.2030102539e+02 6.2043200684e+02 6.2057598877e+02 6.2068798828e+02 6.2081097412e+02 6.2092700195e+02 6.2105700684e+02 6.2119000244e+02 6.2130603027e+02 6.2144396973e+02 6.2161401367e+02 6.2172998047e+02 6.2184802246e+02 6.2197998047e+02 6.2209100342e+02 6.2223400879e+02 6.2238098145e+02 6.2250897217e+02 6.2267602539e+02 6.2282897949e+02 6.2297802734e+02 6.2311499023e+02
