TESTSERVER/17/14.asc
NCOLS 100
NROWS 100
XLLCORNER 8.3497500000e+03
YLLCORNER 2.8925025000e+05
CELLSIZE 5.0000000000e-01
NODATA_VALUE -9.9990000000e+03
[rows 80 to 99 of 100, columns 46 to 91 of 100]
5.9480999756e+02 5.9482202148e+02 5.9481097412e+02 5.9480401611e+02 5.9479498291e+02 5.9482000732e+02 5.9483300781e+02 5.9483502197e+02 5.9483001709e+02 5.9485601807e+02 5.9485400391e+02 5.9484497070e+02 5.9484802246e+02 5.9485498047e+02 5.9486901855e+02 5.9487902832e+02 5.9487902832e+02 5.9489398193e+02 5.9491497803e+02 5.9493798828e+02 5.9495501709e+02 5.9495697021e+02 5.9495300293e+02 5.9496099854e+02 5.9499200439e+02 5.9501702881e+02 5.9503302002e+02 5.9504998779e+02 5.9507397461e+02 5.9508599854e+02 5.9511199951e+02 5.9513598633e+02 5.9515399170e+02 5.9516998291e+02 5.9519897461e+02 5.9523297119e+02 5.9526202393e+02 5.9530603027e+02 5.9534497070e+02 5.9540002441e+02 5.9548400879e+02 5.9556201172e+02 5.9565002441e+02 5.9574298096e+02 5.9586297607e+02 5.9594702148e+02
5.9476202393e+02 5.9476800537e+02 5.9476000977e+02 5.9476098633e+02 5.9476397705e+02 5.9476397705e+02 5.9477001953e+02 5.9477301025e+02 5.9477398682e+02 5.9479400635e+02 5.9478802490e+02 5.9477697754e+02 5.9478100586e+02 5.9478698730e+02 5.9479199219e+02 5.9479699707e+02 5.9480603027e+02 5.9482501221e+02 5.9484399414e+02 5.9485998535e+02 5.9486798096e+02 5.9487402344e+02 5.9487799072e+02 5.9489001465e+02 5.9491198730e+02 5.9492401123e+02 5.9493499756e+02 5.9495098877e+02 5.9496997070e+02 5.9498999023e+02 5.9502099609e+02 5.9504602051e+02 5.9505902100e+02 5.9506097412e+02 5.9508197021e+02 5.9512298584e+02 5.9515600586e+02 5.9519299316e+02 5.9523199463e+02 5.9528497314e+02 5.9534698486e+02 5.9541101074e+02 5.9550201416e+02 5.9559899902e+02 5.9571697998e+02 5.9578601074e+02
5.9471502686e+02 5.9471398926e+02 5.9470599365e+02 5.9471099854e+02 5.9472198486e+02 5.9471398926e+02 5.9471502686e+02 5.9471899414e+02 5.9472497559e+02 5.9473999023e+02 5.9473400879e+02 5.9472698975e+02 5.9472698975e+02 5.9472998047e+02 5.9473199463e+02 5.9473297119e+02 5.9474298096e+02 5.9476397705e+02 5.9477899170e+02 5.9478399658e+02 5.9478497314e+02 5.9479400635e+02 5.9480499268e+02 5.9482098389e+02 5.9483197021e+02 5.9483599854e+02 5.9484301758e+02 5.9485797119e+02 5.9487902832e+02 5.9490100098e+02 5.9492297363e+02 5.9494097900e+02 5.9495501709e+02 5.9495202637e+02 5.9497601318e+02 5.9501898193e+02 5.9504498291e+02 5.9507897949e+02 5.9511999512e+02 5.9517297363e+02 5.9522302246e+02 5.9528497314e+02 5.9535797119e+02 5.9544201660e+02 5.9555102539e+02 5.9559899902e+02
5.9467401123e+02 5.9466802979e+02 5.9465502930e+02 5.9465301514e+02 5.9466900635e+02 5.9466998291e+02 5.9466601563e+02 5.9466802979e+02 5.9467901611e+02 5.9469299316e+02 5.9469097900e+02 5.9468701172e+02 5.9467700195e+02 5.9467700195e+02 5.9467999268e+02 5.9468298340e+02 5.9469201660e+02 5.9471301270e+02 5.9472198486e+02 5.9471697998e+02 5.9470697021e+02 5.9471197510e+02 5.9472100830e+02 5.9473901367e+02 5.9475000000e+02 5.9475598145e+02 5.9476300049e+02 5.9477398682e+02 5.9479101563e+02 5.9481097412e+02 5.9482598877e+02 5.9484100342e+02 5.9485900879e+02 5.9485400391e+02 5.9488098145e+02 5.9491699219e+02 5.9493298340e+02 5.9496801758e+02 5.9500299072e+02 5.9505102539e+02 5.9509997559e+02 5.9515899658e+02 5.9521697998e+02 5.9528802490e+02 5.9539300537e+02 5.9542999268e+02
5.9462799072e+02 5.9461999512e+02 5.9461602783e+02 5.9461901855e+02 5.9463000488e+02 5.9462402344e+02 5.9461401367e+02 5.9461297607e+02 5.9462097168e+02 5.9463299561e+02 5.9464099121e+02 5.9464099121e+02 5.9462200928e+02 5.9462097168e+02 5.9463098145e+02 5.9464099121e+02 5.9465002441e+02 5.9465997314e+02 5.9465802002e+02 5.9464697266e+02 5.9463397217e+02 5.9464099121e+02 5.9464398193e+02 5.9465399170e+02 5.9466302490e+02 5.9468902588e+02 5.9469702148e+02 5.9469897461e+02 5.9471002197e+02 5.9471697998e+02 5.9473297119e+02 5.9475299072e+02 5.9477502441e+02 5.9476702881e+02 5.9478302002e+02 5.9480798340e+02 5.9481402588e+02 5.9485900879e+02 5.9488897705e+02 5.9492797852e+02 5.9498297119e+02 5.9504901123e+02 5.9510302734e+02 5.9515802002e+02 5.9525097656e+02 5.9532299805e+02
5.9458099365e+02 5.9458001709e+02 5.9458197021e+02 5.9458300781e+02 5.9458697510e+02 5.9457397461e+02 5.9456402588e+02 5.9456701660e+02 5.9456896973e+02 5.9457098389e+02 5.9457702637e+02 5.9457800293e+02 5.9456896973e+02 5.9456799316e+02 5.9457702637e+02 5.9458300781e+02 5.9458300781e+02 5.9458898926e+02 5.9458599854e+02 5.9457800293e+02 5.9457202148e+02 5.9458697510e+02 5.9459100342e+02 5.9458898926e+02 5.9459497070e+02 5.9461999512e+02 5.9462402344e+02 5.9462500000e+02 5.9463897705e+02 5.9464801025e+02 5.9465502930e+02 5.9466497803e+02 5.9467401123e+02 5.9467999268e+02 5.9468701172e+02 5.9469799805e+02 5.9471398926e+02 5.9475402832e+02 5.9478698730e+02 5.9482000732e+02 5.9486700439e+02 5.9492901611e+02 5.9497998047e+02 5.9502502441e+02 5.9510302734e+02 5.9516101074e+02
5.9453302002e+02 5.9453698730e+02 5.9453698730e+02 5.9453601074e+02 5.9454199219e+02 5.9452899170e+02 5.9451702881e+02 5.9451898193e+02 5.9452001953e+02 5.9452197266e+02 5.9452301025e+02 5.9452502441e+02 5.9452001953e+02 5.9451702881e+02 5.9452099609e+02 5.9452398682e+02 5.9452099609e+02 5.9452301025e+02 5.9451599121e+02 5.9451098633e+02 5.9451000977e+02 5.9452899170e+02 5.9453100586e+02 5.9451898193e+02 5.9452398682e+02 5.9454302979e+02 5.9454302979e+02 5.9454498291e+02 5.9456402588e+02 5.9457098389e+02 5.9457598877e+02 5.9458099365e+02 5.9458300781e+02 5.9460699463e+02 5.9461700439e+02 5.9461798096e+02 5.9463000488e+02 5.9465997314e+02 5.9468597412e+02 5.9471600342e+02 5.9475897217e+02 5.9481097412e+02 5.9484698486e+02 5.9488800049e+02 5.9496801758e+02 5.9501800537e+02
5.9448101807e+02 5.9448901367e+02 5.9448797607e+02 5.9449102783e+02 5.9450097656e+02 5.9448199463e+02 5.9446801758e+02 5.9446502686e+02 5.9446502686e+02 5.9447100830e+02 5.9446899414e+02 5.9446899414e+02 5.9446600342e+02 5.9446398926e+02 5.9446398926e+02 5.9446301270e+02 5.9446301270e+02 5.9446301270e+02 5.9445300293e+02 5.9444702148e+02 5.9444299316e+02 5.9446502686e+02 5.9447100830e+02 5.9445898438e+02 5.9445898438e+02 5.9446997070e+02 5.9446502686e+02 5.9446697998e+02 5.9448400879e+02 5.9448297119e+02 5.9448901367e+02 5.9449700928e+02 5.9449597168e+02 5.9450201416e+02 5.9451397705e+02 5.9452001953e+02 5.9453802490e+02 5.9456799316e+02 5.9459100342e+02 5.9462200928e+02 5.9465899658e+02 5.9469702148e+02 5.9472698975e+02 5.9476501465e+02 5.9484997559e+02 5.9489697266e+02
5.9444000244e+02 5.9444500732e+02 5.9444500732e+02 5.9445001221e+02 5.9445501709e+02 5.9443298340e+02 5.9441802979e+02 5.9441101074e+02 5.9440997314e+02 5.9441302490e+02 5.9441302490e+02 5.9440899658e+02 5.9440802002e+02 5.9441699219e+02 5.9440899658e+02 5.9440100098e+02 5.9440600586e+02 5.9440600586e+02 5.9439599609e+02 5.9438299561e+02 5.9436700439e+02 5.9439801025e+02 5.9441400146e+02 5.9441400146e+02 5.9440502930e+02 5.9440100098e+02 5.9439599609e+02 5.9439697266e+02 5.9440802002e+02 5.9440802002e+02 5.9441198730e+02 5.9441998291e+02 5.9440899658e+02 5.9440600586e+02 5.9442700195e+02 5.9443701172e+02 5.9443798828e+02 5.9446197510e+02 5.9449401855e+02 5.9452697754e+02 5.9456201172e+02 5.9459698486e+02 5.9462500000e+02 5.9466302490e+02 5.9472198486e+02 5.9476501465e+02
5.9439801025e+02 5.9440698242e+02 5.9440502930e+02 5.9440197754e+02 5.9440997314e+02 5.9439898682e+02 5.9438702393e+02 5.9437200928e+02 5.9435797119e+02 5.9436199951e+02 5.9437200928e+02 5.9436901855e+02 5.9435797119e+02 5.9436199951e+02 5.9435699463e+02 5.9434997559e+02 5.9434997559e+02 5.9435101318e+02 5.9434301758e+02 5.9433099365e+02 5.9432702637e+02 5.9434399414e+02 5.9434301758e+02 5.9434301758e+02 5.9434600830e+02 5.9434100342e+02 5.9433697510e+02 5.9433599854e+02 5.9434100342e+02 5.9433697510e+02 5.9433697510e+02 5.9434197998e+02 5.9432598877e+02 5.9432800293e+02 5.9434197998e+02 5.9433502197e+02 5.9433599854e+02 5.9437402344e+02 5.9440301514e+02 5.9441998291e+02 5.9444201660e+02 5.9448101807e+02 5.9450500488e+02 5.9453802490e+02 5.9459301758e+02 5.9463000488e+02
5.9434802246e+02 5.9435601807e+02 5.9436102295e+02 5.9435998535e+02 5.9436199951e+02 5.9435601807e+02 5.9434497070e+02 5.9432702637e+02 5.9431298828e+02 5.9431597900e+02 5.9432501221e+02 5.9432501221e+02 5.9431097412e+02 5.9430603027e+02 5.9430102539e+02 5.9429901123e+02 5.9430102539e+02 5.9430102539e+02 5.9429302979e+02 5.9428399658e+02 5.9428198242e+02 5.9428698730e+02 5.9428601074e+02 5.9429101563e+02 5.9429400635e+02 5.9428698730e+02 5.9428198242e+02 5.9428002930e+02 5.9427899170e+02 5.9427001953e+02 5.9427001953e+02 5.9427697754e+02 5.9425402832e+02 5.9424700928e+02 5.9425897217e+02 5.9425402832e+02 5.9424597168e+02 5.9428497314e+02 5.9431201172e+02 5.9432598877e+02 5.9434399414e+02 5.9438702393e+02 5.9441198730e+02 5.9443499756e+02 5.9448297119e+02 5.9451800537e+02
5.9429998779e+02 5.9430102539e+02 5.9430200195e+02 5.9430297852e+02 5.9430999756e+02 5.9430499268e+02 5.9429797363e+02 5.9428802490e+02 5.9428302002e+02 5.9426800537e+02 5.9426501465e+02 5.9426702881e+02 5.9426501465e+02 5.9426000977e+02 5.9425201416e+02 5.9424700928e+02 5.9424798584e+02 5.9424499512e+02 5.9423602295e+02 5.9422900391e+02 5.9422698975e+02 5.9423199463e+02 5.9423498535e+02 5.9424298096e+02 5.9424102783e+02 5.9423101807e+02 5.9422900391e+02 5.9422802734e+02 5.9421899414e+02 5.9420098877e+02 5.9420202637e+02 5.9421002197e+02 5.9418298340e+02 5.9416601563e+02 5.9417700195e+02 5.9417700195e+02 5.9416802979e+02 5.9419897461e+02 5.9422100830e+02 5.9423101807e+02 5.9423901367e+02 5.9427502441e+02 5.9430499268e+02 5.9433099365e+02 5.9438000488e+02 5.9441998291e+02
5.9424597168e+02 5.9425097656e+02 5.9424401855e+02 5.9424298096e+02 5.9424401855e+02 5.9424700928e+02 5.9424902344e+02 5.9425299072e+02 5.9426000977e+02 5.9422998047e+02 5.9421099854e+02 5.9420697021e+02 5.9420300293e+02 5.9421697998e+02 5.9421197510e+02 5.9419799805e+02 5.9418597412e+02 5.9418499756e+02 5.9417999268e+02 5.9417401123e+02 5.9416900635e+02 5.9417401123e+02 5.9417901611e+02 5.9418701172e+02 5.9417498779e+02 5.9416601563e+02 5.9416601563e+02 5.9416302490e+02 5.9415100098e+02 5.9413098145e+02 5.9413098145e+02 5.9413598633e+02 5.9412298584e+02 5.9410900879e+02 5.9410699463e+02 5.9409802246e+02 5.9408197021e+02 5.9410699463e+02 5.9411199951e+02 5.9411297607e+02 5.9411102295e+02 5.9414697266e+02 5.9418200684e+02 5.9421801758e+02 5.9426800537e+02 5.9431701660e+02
5.9421398926e+02 5.9421398926e+02 5.9420599365e+02 5.9420098877e+02 5.9419500732e+02 5.9419598389e+02 5.9420098877e+02 5.9419897461e+02 5.9419702148e+02 5.9418402100e+02 5.9417297363e+02 5.9417199707e+02 5.9416802979e+02 5.9416802979e+02 5.9416101074e+02 5.9414697266e+02 5.9413500977e+02 5.9413897705e+02 5.9413897705e+02 5.9413201904e+02 5.9412500000e+02 5.9411999512e+02 5.9411901855e+02 5.9411901855e+02 5.9410400391e+02 5.9409997559e+02 5.9409997559e+02 5.9409301758e+02 5.9408300781e+02 5.9407299805e+02 5.9406896973e+02 5.9407397461e+02 5.9407000732e+02 5.9405401611e+02 5.9403802490e+02 5.9402801514e+02 5.9401098633e+02 5.9401202393e+02 5.9400897217e+02 5.9401800537e+02 5.9403002930e+02 5.9405499268e+02 5.9409301758e+02 5.9413201904e+02 5.9416699219e+02 5.9420001221e+02
5.9417901611e+02 5.9417199707e+02 5.9416601563e+02 5.9415899658e+02 5.9414398193e+02 5.9414501953e+02 5.9415002441e+02 5.9414099121e+02 5.9413397217e+02 5.9414099121e+02 5.9414099121e+02 5.9413897705e+02 5.9412799072e+02 5.9411999512e+02 5.9411102295e+02 5.9409399414e+02 5.9408197021e+02 5.9409100342e+02 5.9409100342e+02 5.9408599854e+02 5.9408001709e+02 5.9407000732e+02 5.9406201172e+02 5.9405700684e+02 5.9404699707e+02 5.9404199219e+02 5.9404101563e+02 5.9403497314e+02 5.9402899170e+02 5.9401898193e+02 5.9400701904e+02 5.9400299072e+02 5.9399597168e+02 5.9398199463e+02 5.9396398926e+02 5.9395098877e+02 5.9393402100e+02 5.9392297363e+02 5.9391900635e+02 5.9393499756e+02 5.9395599365e+02 5.9397399902e+02 5.9399902344e+02 5.9403497314e+02 5.9408099365e+02 5.9410101318e+02
5.9413500977e+02 5.9412799072e+02 5.9412701416e+02 5.9412200928e+02 5.9410101318e+02 5.9409997559e+02 5.9410101318e+02 5.9409002686e+02 5.9408398438e+02 5.9409997559e+02 5.9409997559e+02 5.9409002686e+02 5.9407702637e+02 5.9407299805e+02 5.9406500244e+02 5.9404602051e+02 5.9403100586e+02 5.9403497314e+02 5.9403002930e+02 5.9402600098e+02 5.9402600098e+02 5.9402301025e+02 5.9401397705e+02 5.9400799561e+02 5.9400000000e+02 5.9398999023e+02 5.9398602295e+02 5.9398297119e+02 5.9397698975e+02 5.9395800781e+02 5.9394598389e+02 5.9393798828e+02 5.9392102051e+02 5.9390399170e+02 5.9388598633e+02 5.9386999512e+02 5.9385998535e+02 5.9384497070e+02 5.9383801270e+02 5.9384997559e+02 5.9386798096e+02 5.9388800049e+02 5.9390002441e+02 5.9392700195e+02 5.9399200439e+02 5.9400000000e+02
5.9409497070e+02 5.9408801270e+02 5.9408697510e+02 5.9407598877e+02 5.9404998779e+02 5.9405798340e+02 5.9406298828e+02 5.9405700684e+02 5.9405603027e+02 5.9405401611e+02 5.9403802490e+02 5.9402099609e+02 5.9401898193e+02 5.9402099609e+02 5.9401599121e+02 5.9399902344e+02 5.9397998047e+02 5.9397698975e+02 5.9396697998e+02 5.9396600342e+02 5.9397399902e+02 5.9397399902e+02 5.9396600342e+02 5.9395501709e+02 5.9394000244e+02 5.9393597412e+02 5.9393103027e+02 5.9392498779e+02 5.9391400146e+02 5.9389501953e+02 5.9389202881e+02 5.9388897705e+02 5.9387500000e+02 5.9384997559e+02 5.9382098389e+02 5.9380401611e+02 5.9380603027e+02 5.9377697754e+02 5.9376397705e+02 5.9377801514e+02 5.9379498291e+02 5.9380902100e+02 5.9381701660e+02 5.9383599854e+02 5.9389801025e+02 5.9389599609e+02
5.9404699707e+02 5.9404998779e+02 5.9405603027e+02 5.9404101563e+02 5.9401501465e+02 5.9402001953e+02 5.9402697754e+02 5.9402398682e+02 5.9402001953e+02 5.9400897217e+02 5.9398699951e+02 5.9397198486e+02 5.9397900391e+02 5.9397198486e+02 5.9396801758e+02 5.9396398926e+02 5.9394799805e+02 5.9393701172e+02 5.9392901611e+02 5.9392700195e+02 5.9392102051e+02 5.9391998291e+02 5.9391302490e+02 5.9390100098e+02 5.9388800049e+02 5.9388702393e+02 5.9388000488e+02 5.9386901855e+02 5.9386401367e+02 5.9384997559e+02 5.9384197998e+02 5.9383001709e+02 5.9380902100e+02 5.9379498291e+02 5.9376300049e+02 5.9373400879e+02 5.9371899414e+02 5.9370397949e+02 5.9369201660e+02 5.9369799805e+02 5.9370697021e+02 5.9372698975e+02 5.9373101807e+02 5.9374902344e+02 5.9380297852e+02 5.9381701660e+02
5.9399401855e+02 5.9399902344e+02 5.9400402832e+02 5.9398999023e+02 5.9397497559e+02 5.9397698975e+02 5.9397601318e+02 5.9397302246e+02 5.9397302246e+02 5.9396301270e+02 5.9394500732e+02 5.9393298340e+02 5.9393298340e+02 5.9392199707e+02 5.9391497803e+02 5.9391400146e+02 5.9390100098e+02 5.9389501953e+02 5.9390002441e+02 5.9390002441e+02 5.9387597656e+02 5.9386798096e+02 5.9386102295e+02 5.9384997559e+02 5.9384497070e+02 5.9384698486e+02 5.9383300781e+02 5.9381799316e+02 5.9381500244e+02 5.9379699707e+02 5.9378302002e+02 5.9376702881e+02 5.9374102783e+02 5.9372198486e+02 5.9369000244e+02 5.9365600586e+02 5.9364099121e+02 5.9364697266e+02 5.9363800049e+02 5.9362500000e+02 5.9361901855e+02 5.9364001465e+02 5.9365301514e+02 5.9367498779e+02 5.9370800781e+02 5.9372497559e+02
5.9394000244e+02 5.9394000244e+02 5.9394500732e+02 5.9393798828e+02 5.9393402100e+02 5.9393200684e+02 5.9392498779e+02 5.9391802979e+02 5.9391601563e+02 5.9390502930e+02 5.9389099121e+02 5.9388299561e+02 5.9387597656e+02 5.9387097168e+02 5.9386102295e+02 5.9385302734e+02 5.9383898926e+02 5.9383599854e+02 5.9384997559e+02 5.9385699463e+02 5.9383398438e+02 5.9382299805e+02 5.9380999756e+02 5.9379998779e+02 5.9380499268e+02 5.9380401611e+02 5.9378601074e+02 5.9376800537e+02 5.9375897217e+02 5.9374200439e+02 5.9372601318e+02 5.9370697021e+02 5.9367901611e+02 5.9365399170e+02 5.9362200928e+02 5.9359002686e+02 5.9357202148e+02 5.9357598877e+02 5.9357598877e+02 5.9356500244e+02 5.9354602051e+02 5.9355603027e+02 5.9357098389e+02 5.9359002686e+02 5.9360998535e+02 5.9362500000e+02
