TESTSERVER/17/14.asc
NCOLS 100
NROWS 100
XLLCORNER 8.3497500000e+03
YLLCORNER 2.8925025000e+05
CELLSIZE 5.0000000000e-01
NODATA_VALUE -9.9990000000e+03
[rows 40 to 59 of 100, columns 0 to 45 of 100]
5.9747497559e+02 5.9751202393e+02 5.9753198242e+02 5.9754199219e+02 5.9757202148e+02 5.9759399414e+02 5.9759100342e+02 5.9759802246e+02 5.9761999512e+02 5.9764099121e+02 5.9765502930e+02 5.9767297363e+02 5.9768499756e+02 5.9771002197e+02 5.9772497559e+02 5.9771801758e+02 5.9773101807e+02 5.9774298096e+02 5.9776800537e+02 5.9781298828e+02 5.9782098389e+02 5.9782000732e+02 5.9784899902e+02 5.9786401367e+02 5.9786999512e+02 5.9788299561e+02 5.9790802002e+02 5.9796099854e+02 5.9799902344e+02 5.9802197266e+02 5.9805700684e+02 5.9808099365e+02 5.9811602783e+02 5.9815600586e+02 5.9820202637e+02 5.9820800781e+02 5.9826202393e+02 5.9833801270e+02 5.9840698242e+02 5.9846099854e+02 5.9848699951e+02 5.9856402588e+02 5.9863500977e+02 5.9869799805e+02 5.9878302002e+02 5.9887500000e+02
5.9739599609e+02 5.9742999268e+02 5.9746197510e+02 5.9747998047e+02 5.9749597168e+02 5.9752197266e+02 5.9753100586e+02 5.9753601074e+02 5.9756201172e+02 5.9758801270e+02 5.9758898926e+02 5.9759301758e+02 5.9759698486e+02 5.9761901855e+02 5.9763201904e+02 5.9763897705e+02 5.9765100098e+02 5.9765502930e+02 5.9766699219e+02 5.9771197510e+02 5.9772802734e+02 5.9772302246e+02 5.9774499512e+02 5.9776599121e+02 5.9778002930e+02 5.9779797363e+02 5.9782000732e+02 5.9785498047e+02 5.9787902832e+02 5.9789501953e+02 5.9794799805e+02 5.9797601318e+02 5.9800299072e+02 5.9803002930e+02 5.9807800293e+02 5.9809399414e+02 5.9814001465e+02 5.9820397949e+02 5.9828100586e+02 5.9833099365e+02 5.9836199951e+02 5.9841998291e+02 5.9846697998e+02 5.9853900146e+02 5.9862902832e+02 5.9871502686e+02
5.9731799316e+02 5.9735198975e+02 5.9737597656e+02 5.9740197754e+02 5.9742199707e+02 5.9745501709e+02 5.9746697998e+02 5.9746502686e+02 5.9748602295e+02 5.9750897217e+02 5.9750897217e+02 5.9751300049e+02 5.9751898193e+02 5.9753802490e+02 5.9754699707e+02 5.9755700684e+02 5.9757098389e+02 5.9757501221e+02 5.9757800293e+02 5.9760101318e+02 5.9761901855e+02 5.9763299561e+02 5.9765399170e+02 5.9766601563e+02 5.9766699219e+02 5.9768798828e+02 5.9772399902e+02 5.9775299072e+02 5.9776898193e+02 5.9778698730e+02 5.9784100342e+02 5.9786602783e+02 5.9789001465e+02 5.9791699219e+02 5.9795800781e+02 5.9798602295e+02 5.9802301025e+02 5.9807202148e+02 5.9815301514e+02 5.9821301270e+02 5.9825000000e+02 5.9829797363e+02 5.9832501221e+02 5.9840100098e+02 5.9847399902e+02 5.9854602051e+02
5.9723999023e+02 5.9727600098e+02 5.9728900146e+02 5.9731298828e+02 5.9733697510e+02 5.9736798096e+02 5.9737902832e+02 5.9738598633e+02 5.9740399170e+02 5.9742199707e+02 5.9742602539e+02 5.9744000244e+02 5.9745098877e+02 5.9746801758e+02 5.9747497559e+02 5.9747601318e+02 5.9749102783e+02 5.9750402832e+02 5.9751202393e+02 5.9751800537e+02 5.9753100586e+02 5.9755200195e+02 5.9757098389e+02 5.9757501221e+02 5.9756201172e+02 5.9758001709e+02 5.9762298584e+02 5.9764801025e+02 5.9766699219e+02 5.9768200684e+02 5.9772698975e+02 5.9775299072e+02 5.9778601074e+02 5.9781500244e+02 5.9784802246e+02 5.9788800049e+02 5.9792297363e+02 5.9796002197e+02 5.9802697754e+02 5.9807501221e+02 5.9810900879e+02 5.9815997314e+02 5.9819000244e+02 5.9826397705e+02 5.9832397461e+02 5.9838800049e+02
5.9716198730e+02 5.9720697021e+02 5.9722497559e+02 5.9722998047e+02 5.9725201416e+02 5.9727197266e+02 5.9728302002e+02 5.9730200195e+02 5.9732702637e+02 5.9734301758e+02 5.9734698486e+02 5.9736700439e+02 5.9737402344e+02 5.9738598633e+02 5.9740502930e+02 5.9740002441e+02 5.9741101074e+02 5.9743402100e+02 5.9745202637e+02 5.9745898438e+02 5.9746697998e+02 5.9747601318e+02 5.9747399902e+02 5.9748498535e+02 5.9747802734e+02 5.9749700928e+02 5.9751000977e+02 5.9754101563e+02 5.9758099365e+02 5.9759997559e+02 5.9761999512e+02 5.9763800049e+02 5.9766802979e+02 5.9770001221e+02 5.9773602295e+02 5.9777099609e+02 5.9779199219e+02 5.9782202148e+02 5.9788098145e+02 5.9796502686e+02 5.9800000000e+02 5.9803601074e+02 5.9806701660e+02 5.9811798096e+02 5.9817999268e+02 5.9824499512e+02
5.9708398438e+02 5.9710198975e+02 5.9710797119e+02 5.9713897705e+02 5.9716802979e+02 5.9718902588e+02 5.9720001221e+02 5.9721099854e+02 5.9723602295e+02 5.9726202393e+02 5.9726800537e+02 5.9728100586e+02 5.9729199219e+02 5.9730700684e+02 5.9732000732e+02 5.9733197021e+02 5.9735498047e+02 5.9737200928e+02 5.9737200928e+02 5.9736700439e+02 5.9737597656e+02 5.9739202881e+02 5.9739697266e+02 5.9740698242e+02 5.9739801025e+02 5.9741198730e+02 5.9743902588e+02 5.9746197510e+02 5.9748797607e+02 5.9750799561e+02 5.9750701904e+02 5.9753002930e+02 5.9755603027e+02 5.9757702637e+02 5.9759301758e+02 5.9763397217e+02 5.9766198730e+02 5.9770501709e+02 5.9775701904e+02 5.9782299805e+02 5.9785998535e+02 5.9790002441e+02 5.9793298340e+02 5.9798699951e+02 5.9804998779e+02 5.9811602783e+02
5.9700201416e+02 5.9701898193e+02 5.9702301025e+02 5.9705902100e+02 5.9709100342e+02 5.9710998535e+02 5.9711199951e+02 5.9711499023e+02 5.9714501953e+02 5.9717498779e+02 5.9718200684e+02 5.9719702148e+02 5.9721197510e+02 5.9722900391e+02 5.9724102783e+02 5.9725701904e+02 5.9728002930e+02 5.9728900146e+02 5.9728802490e+02 5.9728698730e+02 5.9728900146e+02 5.9729998779e+02 5.9730700684e+02 5.9732299805e+02 5.9731201172e+02 5.9731701660e+02 5.9734600830e+02 5.9736297607e+02 5.9738000488e+02 5.9739898682e+02 5.9741302490e+02 5.9744000244e+02 5.9745697021e+02 5.9746801758e+02 5.9746899414e+02 5.9750897217e+02 5.9753698730e+02 5.9758502197e+02 5.9764001465e+02 5.9768499756e+02 5.9771801758e+02 5.9776800537e+02 5.9780200195e+02 5.9784698486e+02 5.9790399170e+02 5.9796502686e+02
5.9691900635e+02 5.9695599365e+02 5.9696502686e+02 5.9698797607e+02 5.9701599121e+02 5.9703100586e+02 5.9702801514e+02 5.9703497314e+02 5.9707098389e+02 5.9709802246e+02 5.9709997559e+02 5.9711199951e+02 5.9712597656e+02 5.9714898682e+02 5.9716699219e+02 5.9717797852e+02 5.9719702148e+02 5.9719897461e+02 5.9719702148e+02 5.9720501709e+02 5.9720599365e+02 5.9721197510e+02 5.9721301270e+02 5.9723199463e+02 5.9722601318e+02 5.9723101807e+02 5.9726397705e+02 5.9727301025e+02 5.9728698730e+02 5.9729498291e+02 5.9730401611e+02 5.9733001709e+02 5.9734698486e+02 5.9735699463e+02 5.9736798096e+02 5.9740802002e+02 5.9743103027e+02 5.9747100830e+02 5.9751800537e+02 5.9755102539e+02 5.9758502197e+02 5.9763702393e+02 5.9767498779e+02 5.9771099854e+02 5.9776397705e+02 5.9782098389e+02
5.9683599854e+02 5.9688299561e+02 5.9691497803e+02 5.9692700195e+02 5.9694097900e+02 5.9695202637e+02 5.9695501709e+02 5.9697302246e+02 5.9700897217e+02 5.9703002930e+02 5.9702197266e+02 5.9702197266e+02 5.9703997803e+02 5.9706896973e+02 5.9708502197e+02 5.9708801270e+02 5.9710900879e+02 5.9711901855e+02 5.9711798096e+02 5.9711499023e+02 5.9712402344e+02 5.9713800049e+02 5.9713500977e+02 5.9714599609e+02 5.9715002441e+02 5.9716302490e+02 5.9719000244e+02 5.9717498779e+02 5.9719097900e+02 5.9720501709e+02 5.9720397949e+02 5.9722698975e+02 5.9725201416e+02 5.9726098633e+02 5.9727600098e+02 5.9731701660e+02 5.9732299805e+02 5.9734497070e+02 5.9737597656e+02 5.9740802002e+02 5.9745001221e+02 5.9750000000e+02 5.9753698730e+02 5.9758001709e+02 5.9764001465e+02 5.9769897461e+02
5.9676599121e+02 5.9680902100e+02 5.9683300781e+02 5.9684497070e+02 5.9686297607e+02 5.9688201904e+02 5.9688598633e+02 5.9689599609e+02 5.9692102051e+02 5.9694598389e+02 5.9695202637e+02 5.9695599365e+02 5.9697497559e+02 5.9700000000e+02 5.9701501465e+02 5.9700799561e+02 5.9702099609e+02 5.9703198242e+02 5.9703100586e+02 5.9703002930e+02 5.9703698730e+02 5.9704797363e+02 5.9703900146e+02 5.9705700684e+02 5.9706799316e+02 5.9708197021e+02 5.9709899902e+02 5.9709100342e+02 5.9710302734e+02 5.9712597656e+02 5.9712097168e+02 5.9713500977e+02 5.9716699219e+02 5.9717901611e+02 5.9717700195e+02 5.9720501709e+02 5.9721600342e+02 5.9723901367e+02 5.9727001953e+02 5.9730102539e+02 5.9733197021e+02 5.9737097168e+02 5.9740100098e+02 5.9744897461e+02 5.9751501465e+02 5.9756597900e+02
5.9670300293e+02 5.9673901367e+02 5.9675701904e+02 5.9677502441e+02 5.9679998779e+02 5.9682501221e+02 5.9682501221e+02 5.9681896973e+02 5.9683599854e+02 5.9686199951e+02 5.9687200928e+02 5.9688800049e+02 5.9690197754e+02 5.9691998291e+02 5.9693798828e+02 5.9692999268e+02 5.9693902588e+02 5.9694396973e+02 5.9693798828e+02 5.9694702148e+02 5.9695300293e+02 5.9695397949e+02 5.9694897461e+02 5.9697100830e+02 5.9698101807e+02 5.9699298096e+02 5.9700897217e+02 5.9701599121e+02 5.9701397705e+02 5.9702801514e+02 5.9703497314e+02 5.9703497314e+02 5.9706799316e+02 5.9709002686e+02 5.9709100342e+02 5.9711199951e+02 5.9712298584e+02 5.9714099121e+02 5.9716699219e+02 5.9720599365e+02 5.9722399902e+02 5.9724902344e+02 5.9727600098e+02 5.9731799316e+02 5.9738098145e+02 5.9743103027e+02
5.9662902832e+02 5.9665899658e+02 5.9667999268e+02 5.9669799805e+02 5.9672399902e+02 5.9675201416e+02 5.9675500488e+02 5.9674401855e+02 5.9676098633e+02 5.9678497314e+02 5.9678997803e+02 5.9680999756e+02 5.9682598877e+02 5.9684301758e+02 5.9686499023e+02 5.9686401367e+02 5.9687097168e+02 5.9686999512e+02 5.9685998535e+02 5.9687097168e+02 5.9687597656e+02 5.9687402344e+02 5.9687500000e+02 5.9689202881e+02 5.9689501953e+02 5.9690197754e+02 5.9691601563e+02 5.9692700195e+02 5.9691998291e+02 5.9693402100e+02 5.9694799805e+02 5.9693798828e+02 5.9696502686e+02 5.9699298096e+02 5.9700598145e+02 5.9702899170e+02 5.9703497314e+02 5.9704101563e+02 5.9706097412e+02 5.9709399414e+02 5.9711297607e+02 5.9713598633e+02 5.9716400146e+02 5.9719000244e+02 5.9724102783e+02 5.9729400635e+02
5.9654901123e+02 5.9657501221e+02 5.9660101318e+02 5.9661602783e+02 5.9663299561e+02 5.9665698242e+02 5.9666802979e+02 5.9666699219e+02 5.9668499756e+02 5.9670697021e+02 5.9671899414e+02 5.9673797607e+02 5.9675500488e+02 5.9677301025e+02 5.9679998779e+02 5.9679998779e+02 5.9679998779e+02 5.9679797363e+02 5.9679400635e+02 5.9679498291e+02 5.9679602051e+02 5.9680102539e+02 5.9680297852e+02 5.9681201172e+02 5.9681500244e+02 5.9681597900e+02 5.9684002686e+02 5.9683001709e+02 5.9683099365e+02 5.9685101318e+02 5.9686798096e+02 5.9686297607e+02 5.9686999512e+02 5.9688500977e+02 5.9690100098e+02 5.9693298340e+02 5.9693103027e+02 5.9692901611e+02 5.9694799805e+02 5.9697802734e+02 5.9700799561e+02 5.9703997803e+02 5.9706799316e+02 5.9707397461e+02 5.9711102295e+02 5.9715600586e+02
5.9648297119e+02 5.9650799561e+02 5.9653002930e+02 5.9654699707e+02 5.9655700684e+02 5.9657397461e+02 5.9658697510e+02 5.9660302734e+02 5.9662097168e+02 5.9663500977e+02 5.9664001465e+02 5.9665997314e+02 5.9667297363e+02 5.9668597412e+02 5.9671002197e+02 5.9671697998e+02 5.9671997070e+02 5.9672100830e+02 5.9672399902e+02 5.9672998047e+02 5.9672497559e+02 5.9672601318e+02 5.9672900391e+02 5.9672900391e+02 5.9673199463e+02 5.9673999023e+02 5.9676098633e+02 5.9675402832e+02 5.9675701904e+02 5.9676599121e+02 5.9677600098e+02 5.9679101563e+02 5.9679199219e+02 5.9678601074e+02 5.9679498291e+02 5.9683398438e+02 5.9684002686e+02 5.9683197021e+02 5.9683099365e+02 5.9686798096e+02 5.9690502930e+02 5.9693902588e+02 5.9695800781e+02 5.9696697998e+02 5.9699597168e+02 5.9703601074e+02
5.9641400146e+02 5.9644000244e+02 5.9646197510e+02 5.9648101807e+02 5.9648999023e+02 5.9650500488e+02 5.9651702881e+02 5.9653601074e+02 5.9654901123e+02 5.9656097412e+02 5.9656597900e+02 5.9658398438e+02 5.9659600830e+02 5.9660797119e+02 5.9661602783e+02 5.9662097168e+02 5.9663500977e+02 5.9664599609e+02 5.9664398193e+02 5.9664501953e+02 5.9664697266e+02 5.9665301514e+02 5.9665502930e+02 5.9664898682e+02 5.9665399170e+02 5.9667700195e+02 5.9668902588e+02 5.9667602539e+02 5.9668798828e+02 5.9669702148e+02 5.9669396973e+02 5.9671398926e+02 5.9670800781e+02 5.9669702148e+02 5.9670001221e+02 5.9673400879e+02 5.9674401855e+02 5.9674102783e+02 5.9673101807e+02 5.9676501465e+02 5.9679699707e+02 5.9682598877e+02 5.9684497070e+02 5.9686297607e+02 5.9688500977e+02 5.9691900635e+02
5.9634698486e+02 5.9636999512e+02 5.9638800049e+02 5.9640698242e+02 5.9641998291e+02 5.9643798828e+02 5.9645397949e+02 5.9646600342e+02 5.9647198486e+02 5.9648498535e+02 5.9649902344e+02 5.9650897217e+02 5.9652001953e+02 5.9653302002e+02 5.9653002930e+02 5.9652697754e+02 5.9654302979e+02 5.9656097412e+02 5.9655999756e+02 5.9655603027e+02 5.9657000732e+02 5.9658502197e+02 5.9658197021e+02 5.9657299805e+02 5.9657897949e+02 5.9660198975e+02 5.9660302734e+02 5.9658801270e+02 5.9660498047e+02 5.9661700439e+02 5.9660998535e+02 5.9662902832e+02 5.9661602783e+02 5.9661102295e+02 5.9662597656e+02 5.9664398193e+02 5.9665002441e+02 5.9665600586e+02 5.9664599609e+02 5.9666802979e+02 5.9669500732e+02 5.9672198486e+02 5.9672698975e+02 5.9674298096e+02 5.9677001953e+02 5.9680499268e+02
5.9628997803e+02 5.9630297852e+02 5.9630999756e+02 5.9633502197e+02 5.9635198975e+02 5.9637402344e+02 5.9638800049e+02 5.9639801025e+02 5.9639898682e+02 5.9641302490e+02 5.9642498779e+02 5.9642797852e+02 5.9644396973e+02 5.9646002197e+02 5.9646197510e+02 5.9646301270e+02 5.9647198486e+02 5.9648999023e+02 5.9648400879e+02 5.9647698975e+02 5.9648999023e+02 5.9650598145e+02 5.9651098633e+02 5.9651300049e+02 5.9651000977e+02 5.9651000977e+02 5.9651702881e+02 5.9652001953e+02 5.9652697754e+02 5.9652899170e+02 5.9652301025e+02 5.9653100586e+02 5.9651397705e+02 5.9651300049e+02 5.9653399658e+02 5.9656201172e+02 5.9657098389e+02 5.9657598877e+02 5.9657000732e+02 5.9658099365e+02 5.9660699463e+02 5.9663098145e+02 5.9662298584e+02 5.9661999512e+02 5.9665502930e+02 5.9670001221e+02
5.9623101807e+02 5.9624597168e+02 5.9625500488e+02 5.9628198242e+02 5.9629602051e+02 5.9631500244e+02 5.9632397461e+02 5.9633099365e+02 5.9633398438e+02 5.9633898926e+02 5.9634600830e+02 5.9635699463e+02 5.9637402344e+02 5.9638201904e+02 5.9638500977e+02 5.9640802002e+02 5.9640802002e+02 5.9641699219e+02 5.9641699219e+02 5.9640802002e+02 5.9640698242e+02 5.9642401123e+02 5.9643298340e+02 5.9644897461e+02 5.9644299316e+02 5.9644396973e+02 5.9644897461e+02 5.9643402100e+02 5.9642797852e+02 5.9644396973e+02 5.9647198486e+02 5.9646697998e+02 5.9644299316e+02 5.9644897461e+02 5.9645898438e+02 5.9646398926e+02 5.9646697998e+02 5.9647399902e+02 5.9647497559e+02 5.9650299072e+02 5.9652099609e+02 5.9654302979e+02 5.9653802490e+02 5.9653198242e+02 5.9654302979e+02 5.9657299805e+02
5.9615802002e+02 5.9618298340e+02 5.9619702148e+02 5.9621801758e+02 5.9622698975e+02 5.9624200439e+02 5.9625201416e+02 5.9626000977e+02 5.9627001953e+02 5.9627600098e+02 5.9628002930e+02 5.9628399658e+02 5.9629400635e+02 5.9629797363e+02 5.9629998779e+02 5.9632800293e+02 5.9632897949e+02 5.9632800293e+02 5.9633898926e+02 5.9633898926e+02 5.9633898926e+02 5.9635302734e+02 5.9634997559e+02 5.9634899902e+02 5.9634899902e+02 5.9635900879e+02 5.9635900879e+02 5.9634802246e+02 5.9634899902e+02 5.9636700439e+02 5.9639599609e+02 5.9639801025e+02 5.9637097168e+02 5.9637799072e+02 5.9637402344e+02 5.9636102295e+02 5.9636602783e+02 5.9638800049e+02 5.9639099121e+02 5.9641101074e+02 5.9641900635e+02 5.9643200684e+02 5.9642797852e+02 5.9643298340e+02 5.9645397949e+02 5.9647998047e+02
5.9609301758e+02 5.9612200928e+02 5.9614202881e+02 5.9615802002e+02 5.9616497803e+02 5.9617401123e+02 5.9617999268e+02 5.9618798828e+02 5.9619799805e+02 5.9621099854e+02 5.9622399902e+02 5.9622302246e+02 5.9622198486e+02 5.9622399902e+02 5.9623101807e+02 5.9625201416e+02 5.9625701904e+02 5.9625097656e+02 5.9625701904e+02 5.9626202393e+02 5.9626397705e+02 5.9627502441e+02 5.9626800537e+02 5.9625799561e+02 5.9626098633e+02 5.9627197266e+02 5.9626898193e+02 5.9627001953e+02 5.9628399658e+02 5.9629400635e+02 5.9630200195e+02 5.9629797363e+02 5.9627697754e+02 5.9629199219e+02 5.9628900146e+02 5.9628302002e+02 5.9629901123e+02 5.9632598877e+02 5.9632000732e+02 5.9632098389e+02 5.9632800293e+02 5.9634600830e+02 5.9634399414e+02 5.9634497070e+02 5.9637097168e+02 5.9640100098e+02
