TESTSERVER/17/15.asc
NCOLS 100
NROWS 100
XLLCORNER 8.3497500000e+03
YLLCORNER 2.8920025000e+05
CELLSIZE 5.0000000000e-01
NODATA_VALUE -9.9990000000e+03
[rows 0 to 19 of 100, columns 46 to 91 of 100]
5.9389697266e+02 5.9389202881e+02 5.9389697266e+02 5.9389898682e+02 5.9389599609e+02 5.9388299561e+02 5.9387402344e+02 5.9386602783e+02 5.9385400391e+02 5.9384802246e+02 5.9383801270e+02 5.9382897949e+02 5.9382397461e+02 5.9382501221e+02 5.9381597900e+02 5.9380200195e+02 5.9378601074e+02 5.9377697754e+02 5.9378399658e+02 5.9379602051e+02 5.9378698730e+02 5.9377301025e+02 5.9375598145e+02 5.9375097656e+02 5.9376300049e+02 5.9374499512e+02 5.9372900391e+02 5.9371899414e+02 5.9370202637e+02 5.9369598389e+02 5.9368701172e+02 5.9365997314e+02 5.9362298584e+02 5.9359899902e+02 5.9356597900e+02 5.9353302002e+02 5.9351000977e+02 5.9350299072e+02 5.9351702881e+02 5.9351599121e+02 5.9348498535e+02 5.9348901367e+02 5.9350097656e+02 5.9350000000e+02 5.9350000000e+02 5.9352197266e+02
5.9385601807e+02 5.9384100342e+02 5.9383801270e+02 5.9383801270e+02 5.9383300781e+02 5.9382397461e+02 5.9381597900e+02 5.9380700684e+02 5.9380102539e+02 5.9379498291e+02 5.9378997803e+02 5.9378198242e+02 5.9377001953e+02 5.9376800537e+02 5.9375897217e+02 5.9374499512e+02 5.9373199463e+02 5.9372802734e+02 5.9373297119e+02 5.9374102783e+02 5.9371697998e+02 5.9370397949e+02 5.9369897461e+02 5.9370001221e+02 5.9369598389e+02 5.9367999268e+02 5.9367498779e+02 5.9367498779e+02 5.9365002441e+02 5.9362402344e+02 5.9361700439e+02 5.9360498047e+02 5.9357598877e+02 5.9354199219e+02 5.9350897217e+02 5.9348297119e+02 5.9346398926e+02 5.9345397949e+02 5.9344598389e+02 5.9343499756e+02 5.9342297363e+02 5.9341302490e+02 5.9341900635e+02 5.9343200684e+02 5.9344500732e+02 5.9344299316e+02
5.9381298828e+02 5.9379199219e+02 5.9378302002e+02 5.9378100586e+02 5.9377301025e+02 5.9376397705e+02 5.9375799561e+02 5.9375402832e+02 5.9375402832e+02 5.9374700928e+02 5.9373999023e+02 5.9373101807e+02 5.9371197510e+02 5.9371099854e+02 5.9370098877e+02 5.9368298340e+02 5.9367297363e+02 5.9367401123e+02 5.9367498779e+02 5.9366900635e+02 5.9364398193e+02 5.9364697266e+02 5.9364599609e+02 5.9364202881e+02 5.9362902832e+02 5.9361901855e+02 5.9361700439e+02 5.9361602783e+02 5.9359100342e+02 5.9355999756e+02 5.9354199219e+02 5.9353198242e+02 5.9351397705e+02 5.9348498535e+02 5.9345397949e+02 5.9343103027e+02 5.9340997314e+02 5.9339599609e+02 5.9337902832e+02 5.9336798096e+02 5.9336297607e+02 5.9333599854e+02 5.9333099365e+02 5.9335101318e+02 5.9337097168e+02 5.9335998535e+02
5.9376098633e+02 5.9374102783e+02 5.9373297119e+02 5.9373199463e+02 5.9372399902e+02 5.9370898438e+02 5.9370098877e+02 5.9369702148e+02 5.9370098877e+02 5.9369097900e+02 5.9367901611e+02 5.9366998291e+02 5.9365997314e+02 5.9366302490e+02 5.9364801025e+02 5.9362500000e+02 5.9361102295e+02 5.9361199951e+02 5.9360797119e+02 5.9359399414e+02 5.9357501221e+02 5.9358398438e+02 5.9358099365e+02 5.9357397461e+02 5.9357000732e+02 5.9355798340e+02 5.9354699707e+02 5.9354400635e+02 5.9352697754e+02 5.9349902344e+02 5.9348101807e+02 5.9346899414e+02 5.9344799805e+02 5.9342297363e+02 5.9339501953e+02 5.9337097168e+02 5.9334600830e+02 5.9333300781e+02 5.9332397461e+02 5.9331097412e+02 5.9329602051e+02 5.9326702881e+02 5.9326000977e+02 5.9327600098e+02 5.9328497314e+02 5.9327697754e+02
5.9371002197e+02 5.9369299316e+02 5.9368701172e+02 5.9368499756e+02 5.9368103027e+02 5.9365899658e+02 5.9364398193e+02 5.9363598633e+02 5.9362701416e+02 5.9362402344e+02 5.9360699463e+02 5.9360400391e+02 5.9360998535e+02 5.9360498047e+02 5.9358300781e+02 5.9355902100e+02 5.9354699707e+02 5.9354901123e+02 5.9354400635e+02 5.9353002930e+02 5.9351501465e+02 5.9351702881e+02 5.9350799561e+02 5.9350299072e+02 5.9350897217e+02 5.9349499512e+02 5.9347698975e+02 5.9347198486e+02 5.9346398926e+02 5.9343298340e+02 5.9340997314e+02 5.9340002441e+02 5.9339099121e+02 5.9336297607e+02 5.9333398438e+02 5.9330603027e+02 5.9328302002e+02 5.9327600098e+02 5.9326702881e+02 5.9324200439e+02 5.9322900391e+02 5.9320697021e+02 5.9320397949e+02 5.9320300293e+02 5.9320300293e+02 5.9321002197e+02
5.9365399170e+02 5.9364599609e+02 5.9364599609e+02 5.9363598633e+02 5.9362701416e+02 5.9360998535e+02 5.9359899902e+02 5.9359301758e+02 5.9358398438e+02 5.9357299805e+02 5.9354699707e+02 5.9353900146e+02 5.9354101563e+02 5.9353802490e+02 5.9352099609e+02 5.9350201416e+02 5.9350000000e+02 5.9350598145e+02 5.9349200439e+02 5.9347198486e+02 5.9345397949e+02 5.9345098877e+02 5.9343597412e+02 5.9342700195e+02 5.9342797852e+02 5.9341900635e+02 5.9340899658e+02 5.9340600586e+02 5.9339501953e+02 5.9336401367e+02 5.9335302734e+02 5.9334399414e+02 5.9332598877e+02 5.9328601074e+02 5.9325299072e+02 5.9323602295e+02 5.9322100830e+02 5.9321099854e+02 5.9319598389e+02 5.9317199707e+02 5.9315502930e+02 5.9314001465e+02 5.9313201904e+02 5.9312799072e+02 5.9313299561e+02 5.9312902832e+02
5.9361199951e+02 5.9359899902e+02 5.9359899902e+02 5.9358697510e+02 5.9357299805e+02 5.9355999756e+02 5.9354797363e+02 5.9353698730e+02 5.9352801514e+02 5.9351300049e+02 5.9349298096e+02 5.9348602295e+02 5.9348101807e+02 5.9347698975e+02 5.9346197510e+02 5.9344097900e+02 5.9343701172e+02 5.9344097900e+02 5.9342797852e+02 5.9340997314e+02 5.9339898682e+02 5.9339398193e+02 5.9337402344e+02 5.9335797119e+02 5.9334899902e+02 5.9334002686e+02 5.9333801270e+02 5.9333697510e+02 5.9331896973e+02 5.9329998779e+02 5.9329602051e+02 5.9327899170e+02 5.9325201416e+02 5.9322100830e+02 5.9319097900e+02 5.9317401123e+02 5.9315197754e+02 5.9313702393e+02 5.9312097168e+02 5.9310601807e+02 5.9308898926e+02 5.9307202148e+02 5.9305700684e+02 5.9305401611e+02 5.9306201172e+02 5.9304602051e+02
5.9357800293e+02 5.9355499268e+02 5.9355200195e+02 5.9353698730e+02 5.9351898193e+02 5.9351300049e+02 5.9349798584e+02 5.9347998047e+02 5.9346899414e+02 5.9345001221e+02 5.9344000244e+02 5.9343902588e+02 5.9342999268e+02 5.9341900635e+02 5.9340399170e+02 5.9338201904e+02 5.9337097168e+02 5.9337402344e+02 5.9336602783e+02 5.9335699463e+02 5.9335101318e+02 5.9334600830e+02 5.9332501221e+02 5.9330200195e+02 5.9327899170e+02 5.9326501465e+02 5.9326599121e+02 5.9326397705e+02 5.9324499512e+02 5.9324102783e+02 5.9323699951e+02 5.9320898438e+02 5.9317297363e+02 5.9315899658e+02 5.9314001465e+02 5.9311901855e+02 5.9308898926e+02 5.9307299805e+02 5.9305401611e+02 5.9304699707e+02 5.9302801514e+02 5.9300097656e+02 5.9298699951e+02 5.9298699951e+02 5.9298901367e+02 5.9296697998e+02
5.9353399658e+02 5.9351000977e+02 5.9350701904e+02 5.9349298096e+02 5.9347998047e+02 5.9347198486e+02 5.9345300293e+02 5.9342999268e+02 5.9341802979e+02 5.9339697266e+02 5.9338500977e+02 5.9338299561e+02 5.9337597656e+02 5.9336199951e+02 5.9334600830e+02 5.9332800293e+02 5.9331500244e+02 5.9331896973e+02 5.9331500244e+02 5.9330603027e+02 5.9328900146e+02 5.9329199219e+02 5.9327197266e+02 5.9324102783e+02 5.9320800781e+02 5.9318902588e+02 5.9318798828e+02 5.9318902588e+02 5.9316900635e+02 5.9315802002e+02 5.9314599609e+02 5.9312097168e+02 5.9310400391e+02 5.9308502197e+02 5.9307000732e+02 5.9304901123e+02 5.9302600098e+02 5.9299700928e+02 5.9297399902e+02 5.9296502686e+02 5.9296099854e+02 5.9293499756e+02 5.9292498779e+02 5.9292797852e+02 5.9292199707e+02 5.9290600586e+02
5.9347698975e+02 5.9346002197e+02 5.9345697021e+02 5.9344500732e+02 5.9342999268e+02 5.9341699219e+02 5.9340002441e+02 5.9338598633e+02 5.9338098145e+02 5.9335101318e+02 5.9332897949e+02 5.9332397461e+02 5.9332098389e+02 5.9330603027e+02 5.9328002930e+02 5.9325701904e+02 5.9325598145e+02 5.9325799561e+02 5.9325097656e+02 5.9324401855e+02 5.9323498535e+02 5.9322399902e+02 5.9319598389e+02 5.9316601563e+02 5.9314202881e+02 5.9311798096e+02 5.9310900879e+02 5.9310699463e+02 5.9309600830e+02 5.9308697510e+02 5.9307202148e+02 5.9305798340e+02 5.9305297852e+02 5.9302197266e+02 5.9299902344e+02 5.9298101807e+02 5.9297802734e+02 5.9295501709e+02 5.9292102051e+02 5.9289202881e+02 5.9288397217e+02 5.9287200928e+02 5.9287298584e+02 5.9287799072e+02 5.9285101318e+02 5.9284100342e+02
5.9341998291e+02 5.9341302490e+02 5.9341101074e+02 5.9339599609e+02 5.9337799072e+02 5.9336401367e+02 5.9334899902e+02 5.9333502197e+02 5.9332897949e+02 5.9329602051e+02 5.9327502441e+02 5.9327099609e+02 5.9326397705e+02 5.9324298096e+02 5.9320501709e+02 5.9317700195e+02 5.9317999268e+02 5.9317901611e+02 5.9316998291e+02 5.9317102051e+02 5.9317297363e+02 5.9314898682e+02 5.9311700439e+02 5.9309600830e+02 5.9308099365e+02 5.9305499268e+02 5.9303497314e+02 5.9302099609e+02 5.9301098633e+02 5.9300000000e+02 5.9298602295e+02 5.9297698975e+02 5.9297698975e+02 5.9295001221e+02 5.9292700195e+02 5.9291302490e+02 5.9291497803e+02 5.9289801025e+02 5.9287097168e+02 5.9284100342e+02 5.9282598877e+02 5.9280700684e+02 5.9279998779e+02 5.9279901123e+02 5.9277600098e+02 5.9277600098e+02
5.9336401367e+02 5.9336602783e+02 5.9336401367e+02 5.9334399414e+02 5.9331896973e+02 5.9330603027e+02 5.9328802490e+02 5.9327099609e+02 5.9326300049e+02 5.9323901367e+02 5.9321997070e+02 5.9321002197e+02 5.9319500732e+02 5.9317700195e+02 5.9313598633e+02 5.9310302734e+02 5.9309997559e+02 5.9309600830e+02 5.9308697510e+02 5.9308697510e+02 5.9309002686e+02 5.9306701660e+02 5.9304199219e+02 5.9302600098e+02 5.9300799561e+02 5.9298498535e+02 5.9296301270e+02 5.9294299316e+02 5.9292797852e+02 5.9291900635e+02 5.9290802002e+02 5.9289697266e+02 5.9289501953e+02 5.9287701416e+02 5.9286102295e+02 5.9284600830e+02 5.9283599854e+02 5.9281201172e+02 5.9280102539e+02 5.9278900146e+02 5.9276702881e+02 5.9273602295e+02 5.9271801758e+02 5.9270898438e+02 5.9270098877e+02 5.9270397949e+02
5.9328601074e+02 5.9329602051e+02 5.9329699707e+02 5.9328198242e+02 5.9325500488e+02 5.9324102783e+02 5.9321801758e+02 5.9319000244e+02 5.9316998291e+02 5.9316699219e+02 5.9315698242e+02 5.9313800049e+02 5.9310498047e+02 5.9310797119e+02 5.9307501221e+02 5.9304199219e+02 5.9302899170e+02 5.9303198242e+02 5.9302398682e+02 5.9300799561e+02 5.9299499512e+02 5.9299200439e+02 5.9297497559e+02 5.9295501709e+02 5.9293499756e+02 5.9290301514e+02 5.9288598633e+02 5.9287097168e+02 5.9285302734e+02 5.9284600830e+02 5.9283898926e+02 5.9282397461e+02 5.9281298828e+02 5.9279901123e+02 5.9278802490e+02 5.9277197266e+02 5.9275201416e+02 5.9272998047e+02 5.9272900391e+02 5.9271997070e+02 5.9268798828e+02 5.9266802979e+02 5.9265002441e+02 5.9263800049e+02 5.9263299561e+02 5.9262298584e+02
5.9322198486e+02 5.9322302246e+02 5.9322100830e+02 5.9320898438e+02 5.9318701172e+02 5.9317602539e+02 5.9315197754e+02 5.9312500000e+02 5.9310699463e+02 5.9309197998e+02 5.9308099365e+02 5.9306597900e+02 5.9303399658e+02 5.9303302002e+02 5.9300598145e+02 5.9298297119e+02 5.9298101807e+02 5.9298602295e+02 5.9297100830e+02 5.9293902588e+02 5.9291497803e+02 5.9291198730e+02 5.9289501953e+02 5.9287701416e+02 5.9285699463e+02 5.9282598877e+02 5.9280798340e+02 5.9279602051e+02 5.9277197266e+02 5.9276702881e+02 5.9275598145e+02 5.9273602295e+02 5.9271801758e+02 5.9270501709e+02 5.9269598389e+02 5.9268902588e+02 5.9267199707e+02 5.9265600586e+02 5.9264001465e+02 5.9262500000e+02 5.9260699463e+02 5.9260302734e+02 5.9259497070e+02 5.9258300781e+02 5.9256799316e+02 5.9255603027e+02
5.9315600586e+02 5.9315100098e+02 5.9314300537e+02 5.9312701416e+02 5.9309997559e+02 5.9308898926e+02 5.9306799316e+02 5.9304400635e+02 5.9303198242e+02 5.9301501465e+02 5.9299700928e+02 5.9298297119e+02 5.9295599365e+02 5.9294897461e+02 5.9292401123e+02 5.9291198730e+02 5.9291699219e+02 5.9291198730e+02 5.9289398193e+02 5.9286102295e+02 5.9284100342e+02 5.9284197998e+02 5.9282000732e+02 5.9279400635e+02 5.9277099609e+02 5.9275000000e+02 5.9272900391e+02 5.9271197510e+02 5.9268701172e+02 5.9268103027e+02 5.9266802979e+02 5.9264202881e+02 5.9262402344e+02 5.9261602783e+02 5.9260601807e+02 5.9260400391e+02 5.9259802246e+02 5.9257800293e+02 5.9255102539e+02 5.9254199219e+02 5.9254199219e+02 5.9252502441e+02 5.9250799561e+02 5.9250000000e+02 5.9249401855e+02 5.9247998047e+02
5.9307897949e+02 5.9305999756e+02 5.9305102539e+02 5.9303802490e+02 5.9300598145e+02 5.9298999023e+02 5.9297100830e+02 5.9295098877e+02 5.9293499756e+02 5.9292297363e+02 5.9290600586e+02 5.9289099121e+02 5.9286798096e+02 5.9285998535e+02 5.9284100342e+02 5.9283197021e+02 5.9283197021e+02 5.9282000732e+02 5.9280798340e+02 5.9277801514e+02 5.9274700928e+02 5.9275201416e+02 5.9273999023e+02 5.9271301270e+02 5.9268902588e+02 5.9267297363e+02 5.9264898682e+02 5.9262701416e+02 5.9260400391e+02 5.9259197998e+02 5.9257501221e+02 5.9255102539e+02 5.9254400635e+02 5.9253302002e+02 5.9251098633e+02 5.9250000000e+02 5.9249798584e+02 5.9248699951e+02 5.9246398926e+02 5.9246197510e+02 5.9246502686e+02 5.9244097900e+02 5.9242199707e+02 5.9241601563e+02 5.9242199707e+02 5.9240997314e+02
5.9298297119e+02 5.9295898438e+02 5.9295800781e+02 5.9296301270e+02 5.9294000244e+02 5.9289300537e+02 5.9287298584e+02 5.9286297607e+02 5.9285601807e+02 5.9283599854e+02 5.9282299805e+02 5.9280200195e+02 5.9277801514e+02 5.9278302002e+02 5.9277398682e+02 5.9276397705e+02 5.9274700928e+02 5.9273101807e+02 5.9272399902e+02 5.9269396973e+02 5.9264898682e+02 5.9264801025e+02 5.9265002441e+02 5.9262799072e+02 5.9261401367e+02 5.9259600830e+02 5.9257000732e+02 5.9254101563e+02 5.9251202393e+02 5.9249200439e+02 5.9247302246e+02 5.9246002197e+02 5.9245202637e+02 5.9243103027e+02 5.9240899658e+02 5.9239501953e+02 5.9239398193e+02 5.9239398193e+02 5.9238000488e+02 5.9237701416e+02 5.9237298584e+02 5.9237597656e+02 5.9236199951e+02 5.9234197998e+02 5.9234100342e+02 5.9234301758e+02
5.9288397217e+02 5.9285797119e+02 5.9284997559e+02 5.9285302734e+02 5.9284100342e+02 5.9281402588e+02 5.9279199219e+02 5.9277801514e+02 5.9277099609e+02 5.9275799561e+02 5.9274597168e+02 5.9272900391e+02 5.9270098877e+02 5.9269702148e+02 5.9268298340e+02 5.9266802979e+02 5.9265399170e+02 5.9263702393e+02 5.9262902832e+02 5.9261102295e+02 5.9257800293e+02 5.9256701660e+02 5.9255401611e+02 5.9252301025e+02 5.9250799561e+02 5.9249298096e+02 5.9246997070e+02 5.9244396973e+02 5.9241601563e+02 5.9239398193e+02 5.9237500000e+02 5.9235699463e+02 5.9234997559e+02 5.9233300781e+02 5.9231500244e+02 5.9229998779e+02 5.9229101563e+02 5.9229699707e+02 5.9228997803e+02 5.9228497314e+02 5.9227899170e+02 5.9228399658e+02 5.9227301025e+02 5.9226202393e+02 5.9225097656e+02 5.9224298096e+02
5.9278198242e+02 5.9276800537e+02 5.9276202393e+02 5.9275897217e+02 5.9274200439e+02 5.9272900391e+02 5.9271099854e+02 5.9269201660e+02 5.9267999268e+02 5.9266101074e+02 5.9264801025e+02 5.9263500977e+02 5.9260498047e+02 5.9259497070e+02 5.9258398438e+02 5.9257000732e+02 5.9255700684e+02 5.9254101563e+02 5.9253002930e+02 5.9251599121e+02 5.9249401855e+02 5.9247698975e+02 5.9245898438e+02 5.9242700195e+02 5.9240399170e+02 5.9238299561e+02 5.9236401367e+02 5.9234002686e+02 5.9230798340e+02 5.9229302979e+02 5.9228302002e+02 5.9226202393e+02 5.9225000000e+02 5.9223901367e+02 5.9222198486e+02 5.9220697021e+02 5.9219897461e+02 5.9220300293e+02 5.9219799805e+02 5.9219299316e+02 5.9218597412e+02 5.9218103027e+02 5.9216601563e+02 5.9217401123e+02 5.9217797852e+02 5.9215698242e+02
5.9267498779e+02 5.9267700195e+02 5.9267602539e+02 5.9266998291e+02 5.9264300537e+02 5.9263598633e+02 5.9262298584e+02 5.9260198975e+02 5.9258300781e+02 5.9256500244e+02 5.9255102539e+02 5.9253399658e+02 5.9250201416e+02 5.9249200439e+02 5.9248602295e+02 5.9247399902e+02 5.9245501709e+02 5.9243902588e+02 5.9242102051e+02 5.9240502930e+02 5.9239300537e+02 5.9237402344e+02 5.9235998535e+02 5.9233502197e+02 5.9230798340e+02 5.9228198242e+02 5.9226202393e+02 5.9223400879e+02 5.9219299316e+02 5.9218798828e+02 5.9218902588e+02 5.9216400146e+02 5.9214398193e+02 5.9214001465e+02 5.9212902832e+02 5.9211700439e+02 5.9211602783e+02 5.9211700439e+02 5.9210797119e+02 5.9209899902e+02 5.9209301758e+02 5.9209002686e+02 5.9207299805e+02 5.9208300781e+02 5.9209600830e+02 5.9207299805e+02
