TESTSERVER/17/15.asc
NCOLS 100
NROWS 100
XLLCORNER 8.3497500000e+03
YLLCORNER 2.8920025000e+05
CELLSIZE 5.0000000000e-01
NODATA_VALUE -9.9990000000e+03
[rows 0 to 19 of 100, columns 0 to 45 of 100]
5.9386999512e+02 5.9387500000e+02 5.9386700439e+02 5.9389099121e+02 5.9390301514e+02 5.9389898682e+02 5.9390002441e+02 5.9390698242e+02 5.9390301514e+02 5.9390197754e+02 5.9390997314e+02 5.9389801025e+02 5.9390100098e+02 5.9391601563e+02 5.9392498779e+02 5.9392297363e+02 5.9391302490e+02 5.9390899658e+02 5.9392401123e+02 5.9393902588e+02 5.9393597412e+02 5.9392199707e+02 5.9392498779e+02 5.9393798828e+02 5.9392102051e+02 5.9391802979e+02 5.9391302490e+02 5.9392498779e+02 5.9396502686e+02 5.9397900391e+02 5.9394799805e+02 5.9395202637e+02 5.9393298340e+02 5.9393103027e+02 5.9394598389e+02 5.9392102051e+02 5.9390899658e+02 5.9391601563e+02 5.9392401123e+02 5.9392602539e+02 5.9392700195e+02 5.9391601563e+02 5.9389801025e+02 5.9391497803e+02 5.9391400146e+02 5.9390002441e+02
5.9382299805e+02 5.9382800293e+02 5.9382598877e+02 5.9383697510e+02 5.9384399414e+02 5.9384301758e+02 5.9384600830e+02 5.9384997559e+02 5.9384002686e+02 5.9383697510e+02 5.9385101318e+02 5.9385699463e+02 5.9386102295e+02 5.9387701416e+02 5.9387701416e+02 5.9387298584e+02 5.9386602783e+02 5.9386901855e+02 5.9388201904e+02 5.9388897705e+02 5.9389001465e+02 5.9388201904e+02 5.9389202881e+02 5.9389001465e+02 5.9388000488e+02 5.9388201904e+02 5.9387902832e+02 5.9388897705e+02 5.9390899658e+02 5.9391900635e+02 5.9391198730e+02 5.9391802979e+02 5.9391101074e+02 5.9390600586e+02 5.9391699219e+02 5.9390197754e+02 5.9388702393e+02 5.9388702393e+02 5.9388098145e+02 5.9387701416e+02 5.9387097168e+02 5.9386798096e+02 5.9385998535e+02 5.9387200928e+02 5.9386798096e+02 5.9385699463e+02
5.9376702881e+02 5.9377398682e+02 5.9377899170e+02 5.9377502441e+02 5.9377899170e+02 5.9377801514e+02 5.9377502441e+02 5.9377899170e+02 5.9378100586e+02 5.9378601074e+02 5.9379901123e+02 5.9380603027e+02 5.9380798340e+02 5.9382598877e+02 5.9382897949e+02 5.9382098389e+02 5.9381896973e+02 5.9382202148e+02 5.9383099365e+02 5.9383398438e+02 5.9383898926e+02 5.9384100342e+02 5.9385998535e+02 5.9385101318e+02 5.9384100342e+02 5.9384698486e+02 5.9384698486e+02 5.9385699463e+02 5.9386499023e+02 5.9387902832e+02 5.9388299561e+02 5.9387701416e+02 5.9388000488e+02 5.9387298584e+02 5.9387597656e+02 5.9387298584e+02 5.9386297607e+02 5.9385400391e+02 5.9382800293e+02 5.9382202148e+02 5.9382098389e+02 5.9382397461e+02 5.9382397461e+02 5.9383197021e+02 5.9382000732e+02 5.9380999756e+02
5.9370599365e+02 5.9371398926e+02 5.9372601318e+02 5.9372802734e+02 5.9373797607e+02 5.9373901367e+02 5.9371600342e+02 5.9371398926e+02 5.9372399902e+02 5.9373699951e+02 5.9374597168e+02 5.9374700928e+02 5.9374597168e+02 5.9376702881e+02 5.9377801514e+02 5.9376898193e+02 5.9377502441e+02 5.9378198242e+02 5.9378900146e+02 5.9379302979e+02 5.9379400635e+02 5.9379101563e+02 5.9380200195e+02 5.9379998779e+02 5.9379901123e+02 5.9380902100e+02 5.9380798340e+02 5.9381402588e+02 5.9382098389e+02 5.9384197998e+02 5.9385101318e+02 5.9385198975e+02 5.9386297607e+02 5.9385198975e+02 5.9384698486e+02 5.9384100342e+02 5.9382702637e+02 5.9380700684e+02 5.9378198242e+02 5.9377801514e+02 5.9378100586e+02 5.9378698730e+02 5.9378399658e+02 5.9378601074e+02 5.9376898193e+02 5.9375897217e+02
5.9365502930e+02 5.9365600586e+02 5.9365002441e+02 5.9367297363e+02 5.9369299316e+02 5.9370001221e+02 5.9367901611e+02 5.9366601563e+02 5.9366802979e+02 5.9367797852e+02 5.9369000244e+02 5.9368701172e+02 5.9368597412e+02 5.9370697021e+02 5.9372302246e+02 5.9370898438e+02 5.9372100830e+02 5.9373797607e+02 5.9375299072e+02 5.9375402832e+02 5.9374597168e+02 5.9373101807e+02 5.9372802734e+02 5.9375299072e+02 5.9377099609e+02 5.9377502441e+02 5.9375402832e+02 5.9376098633e+02 5.9376898193e+02 5.9379199219e+02 5.9381402588e+02 5.9381097412e+02 5.9381799316e+02 5.9380700684e+02 5.9381097412e+02 5.9380798340e+02 5.9378002930e+02 5.9375299072e+02 5.9375500488e+02 5.9375000000e+02 5.9374700928e+02 5.9374700928e+02 5.9374102783e+02 5.9373999023e+02 5.9371301270e+02 5.9370300293e+02
5.9361102295e+02 5.9361602783e+02 5.9361602783e+02 5.9361499023e+02 5.9361602783e+02 5.9361499023e+02 5.9361102295e+02 5.9361401367e+02 5.9360699463e+02 5.9360601807e+02 5.9361999512e+02 5.9362298584e+02 5.9362701416e+02 5.9364801025e+02 5.9366302490e+02 5.9365399170e+02 5.9366497803e+02 5.9367700195e+02 5.9369396973e+02 5.9370397949e+02 5.9369598389e+02 5.9368798828e+02 5.9369097900e+02 5.9369201660e+02 5.9370300293e+02 5.9370697021e+02 5.9369500732e+02 5.9370697021e+02 5.9372100830e+02 5.9374200439e+02 5.9375598145e+02 5.9376202393e+02 5.9378002930e+02 5.9377001953e+02 5.9376000977e+02 5.9375897217e+02 5.9373199463e+02 5.9370898438e+02 5.9370800781e+02 5.9371697998e+02 5.9371398926e+02 5.9369598389e+02 5.9368902588e+02 5.9369897461e+02 5.9367297363e+02 5.9365502930e+02
5.9355798340e+02 5.9356597900e+02 5.9357000732e+02 5.9356298828e+02 5.9356097412e+02 5.9355902100e+02 5.9355700684e+02 5.9356597900e+02 5.9356402588e+02 5.9356097412e+02 5.9357000732e+02 5.9357397461e+02 5.9357800293e+02 5.9359899902e+02 5.9360797119e+02 5.9360699463e+02 5.9361798096e+02 5.9362298584e+02 5.9363598633e+02 5.9364697266e+02 5.9364099121e+02 5.9363897705e+02 5.9365100098e+02 5.9364099121e+02 5.9364300537e+02 5.9365100098e+02 5.9364898682e+02 5.9366601563e+02 5.9368298340e+02 5.9370599365e+02 5.9371301270e+02 5.9371197510e+02 5.9373400879e+02 5.9373498535e+02 5.9371301270e+02 5.9371697998e+02 5.9370202637e+02 5.9367602539e+02 5.9365301514e+02 5.9366998291e+02 5.9366699219e+02 5.9365100098e+02 5.9364898682e+02 5.9364898682e+02 5.9363098145e+02 5.9361700439e+02
5.9350097656e+02 5.9351300049e+02 5.9351397705e+02 5.9350799561e+02 5.9351599121e+02 5.9351898193e+02 5.9351098633e+02 5.9352301025e+02 5.9352801514e+02 5.9352899170e+02 5.9353497314e+02 5.9353802490e+02 5.9353900146e+02 5.9355499268e+02 5.9355902100e+02 5.9356097412e+02 5.9357598877e+02 5.9358197021e+02 5.9359100342e+02 5.9359698486e+02 5.9359497070e+02 5.9359600830e+02 5.9361199951e+02 5.9360198975e+02 5.9360400391e+02 5.9361401367e+02 5.9360797119e+02 5.9362200928e+02 5.9363598633e+02 5.9365698242e+02 5.9366302490e+02 5.9366101074e+02 5.9367901611e+02 5.9367999268e+02 5.9365399170e+02 5.9365899658e+02 5.9365301514e+02 5.9363098145e+02 5.9361401367e+02 5.9362500000e+02 5.9361798096e+02 5.9361798096e+02 5.9362402344e+02 5.9360498047e+02 5.9359197998e+02 5.9358300781e+02
5.9344299316e+02 5.9346398926e+02 5.9347302246e+02 5.9345501709e+02 5.9346502686e+02 5.9346997070e+02 5.9346600342e+02 5.9347900391e+02 5.9348199463e+02 5.9348400879e+02 5.9348901367e+02 5.9349700928e+02 5.9350097656e+02 5.9351800537e+02 5.9352197266e+02 5.9351397705e+02 5.9352600098e+02 5.9353601074e+02 5.9355798340e+02 5.9355700684e+02 5.9355200195e+02 5.9355200195e+02 5.9356097412e+02 5.9354901123e+02 5.9355200195e+02 5.9356701660e+02 5.9356097412e+02 5.9357202148e+02 5.9357598877e+02 5.9358801270e+02 5.9360400391e+02 5.9361401367e+02 5.9362298584e+02 5.9361102295e+02 5.9358599854e+02 5.9358300781e+02 5.9358300781e+02 5.9358001709e+02 5.9359600830e+02 5.9359197998e+02 5.9357800293e+02 5.9357202148e+02 5.9356799316e+02 5.9355798340e+02 5.9355798340e+02 5.9354302979e+02
5.9339801025e+02 5.9340399170e+02 5.9340899658e+02 5.9340698242e+02 5.9341900635e+02 5.9342297363e+02 5.9341802979e+02 5.9343597412e+02 5.9343402100e+02 5.9343200684e+02 5.9343902588e+02 5.9344299316e+02 5.9344702148e+02 5.9346398926e+02 5.9346600342e+02 5.9346600342e+02 5.9347100830e+02 5.9347497559e+02 5.9348699951e+02 5.9350097656e+02 5.9350000000e+02 5.9349700928e+02 5.9350299072e+02 5.9349499512e+02 5.9349102783e+02 5.9350201416e+02 5.9349902344e+02 5.9351300049e+02 5.9352197266e+02 5.9352801514e+02 5.9353601074e+02 5.9354901123e+02 5.9355499268e+02 5.9354302979e+02 5.9352398682e+02 5.9352502441e+02 5.9352398682e+02 5.9352398682e+02 5.9353601074e+02 5.9354498291e+02 5.9353698730e+02 5.9351898193e+02 5.9349401855e+02 5.9349798584e+02 5.9351702881e+02 5.9350000000e+02
5.9335400391e+02 5.9335400391e+02 5.9335198975e+02 5.9335101318e+02 5.9336499023e+02 5.9337298584e+02 5.9336499023e+02 5.9337701416e+02 5.9337902832e+02 5.9338201904e+02 5.9338598633e+02 5.9339398193e+02 5.9339801025e+02 5.9340600586e+02 5.9340301514e+02 5.9340802002e+02 5.9341101074e+02 5.9341101074e+02 5.9342102051e+02 5.9344097900e+02 5.9345001221e+02 5.9344799805e+02 5.9344702148e+02 5.9344000244e+02 5.9343298340e+02 5.9344000244e+02 5.9343798828e+02 5.9345397949e+02 5.9345898438e+02 5.9346398926e+02 5.9346697998e+02 5.9347698975e+02 5.9349102783e+02 5.9349298096e+02 5.9347900391e+02 5.9348101807e+02 5.9348101807e+02 5.9347399902e+02 5.9347100830e+02 5.9347900391e+02 5.9347998047e+02 5.9346801758e+02 5.9343902588e+02 5.9344097900e+02 5.9345098877e+02 5.9343902588e+02
5.9328900146e+02 5.9329400635e+02 5.9329797363e+02 5.9329498291e+02 5.9330798340e+02 5.9332000732e+02 5.9331298828e+02 5.9331500244e+02 5.9331799316e+02 5.9332397461e+02 5.9333099365e+02 5.9334197998e+02 5.9334301758e+02 5.9334497070e+02 5.9334698486e+02 5.9335302734e+02 5.9335498047e+02 5.9335601807e+02 5.9336199951e+02 5.9337402344e+02 5.9339001465e+02 5.9339099121e+02 5.9338800049e+02 5.9338299561e+02 5.9337902832e+02 5.9338500977e+02 5.9337902832e+02 5.9340100098e+02 5.9340100098e+02 5.9340100098e+02 5.9340600586e+02 5.9340100098e+02 5.9341601563e+02 5.9342401123e+02 5.9341400146e+02 5.9342199707e+02 5.9342401123e+02 5.9341802979e+02 5.9341101074e+02 5.9341400146e+02 5.9341302490e+02 5.9340301514e+02 5.9338800049e+02 5.9339398193e+02 5.9339001465e+02 5.9337402344e+02
5.9320501709e+02 5.9321697998e+02 5.9323199463e+02 5.9323901367e+02 5.9325402832e+02 5.9326000977e+02 5.9324499512e+02 5.9325799561e+02 5.9325500488e+02 5.9325897217e+02 5.9327197266e+02 5.9328002930e+02 5.9328198242e+02 5.9328802490e+02 5.9329498291e+02 5.9330102539e+02 5.9329901123e+02 5.9330102539e+02 5.9330902100e+02 5.9330999756e+02 5.9332299805e+02 5.9332501221e+02 5.9333099365e+02 5.9333197021e+02 5.9333197021e+02 5.9333197021e+02 5.9332598877e+02 5.9333801270e+02 5.9333599854e+02 5.9333099365e+02 5.9332897949e+02 5.9334002686e+02 5.9334197998e+02 5.9334002686e+02 5.9334100342e+02 5.9334899902e+02 5.9335101318e+02 5.9335198975e+02 5.9334802246e+02 5.9334698486e+02 5.9334802246e+02 5.9334002686e+02 5.9332702637e+02 5.9333697510e+02 5.9332299805e+02 5.9329602051e+02
5.9314398193e+02 5.9316101074e+02 5.9316802979e+02 5.9317901611e+02 5.9319396973e+02 5.9319097900e+02 5.9318103027e+02 5.9319799805e+02 5.9320098877e+02 5.9320599365e+02 5.9321398926e+02 5.9321600342e+02 5.9321997070e+02 5.9322900391e+02 5.9323297119e+02 5.9323797607e+02 5.9324499512e+02 5.9324700928e+02 5.9325000000e+02 5.9325598145e+02 5.9326800537e+02 5.9327099609e+02 5.9328100586e+02 5.9327697754e+02 5.9327398682e+02 5.9328100586e+02 5.9327001953e+02 5.9327099609e+02 5.9327001953e+02 5.9325299072e+02 5.9324902344e+02 5.9328100586e+02 5.9327600098e+02 5.9327001953e+02 5.9327398682e+02 5.9328302002e+02 5.9328002930e+02 5.9327398682e+02 5.9327502441e+02 5.9328100586e+02 5.9327600098e+02 5.9326397705e+02 5.9324902344e+02 5.9325701904e+02 5.9325299072e+02 5.9323101807e+02
5.9308099365e+02 5.9310101318e+02 5.9309997559e+02 5.9311798096e+02 5.9313397217e+02 5.9312902832e+02 5.9312298584e+02 5.9314501953e+02 5.9315002441e+02 5.9315399170e+02 5.9315802002e+02 5.9315997314e+02 5.9316497803e+02 5.9317401123e+02 5.9317498779e+02 5.9317999268e+02 5.9319097900e+02 5.9319500732e+02 5.9319799805e+02 5.9320501709e+02 5.9321301270e+02 5.9321697998e+02 5.9322698975e+02 5.9322497559e+02 5.9321899414e+02 5.9322302246e+02 5.9320397949e+02 5.9319000244e+02 5.9318597412e+02 5.9317297363e+02 5.9317401123e+02 5.9320397949e+02 5.9320001221e+02 5.9319500732e+02 5.9319598389e+02 5.9322198486e+02 5.9322302246e+02 5.9321301270e+02 5.9320898438e+02 5.9320397949e+02 5.9319000244e+02 5.9317999268e+02 5.9316802979e+02 5.9317401123e+02 5.9317401123e+02 5.9315698242e+02
5.9300201416e+02 5.9302001953e+02 5.9301800537e+02 5.9303997803e+02 5.9305999756e+02 5.9305999756e+02 5.9306298828e+02 5.9307800293e+02 5.9308599854e+02 5.9309497070e+02 5.9310601807e+02 5.9310601807e+02 5.9310498047e+02 5.9311401367e+02 5.9311602783e+02 5.9311798096e+02 5.9312097168e+02 5.9312298584e+02 5.9313598633e+02 5.9314398193e+02 5.9314599609e+02 5.9314697266e+02 5.9315502930e+02 5.9316802979e+02 5.9315997314e+02 5.9315399170e+02 5.9313598633e+02 5.9312500000e+02 5.9311499023e+02 5.9311102295e+02 5.9311401367e+02 5.9313000488e+02 5.9313201904e+02 5.9312701416e+02 5.9311999512e+02 5.9315100098e+02 5.9314697266e+02 5.9313098145e+02 5.9312902832e+02 5.9312200928e+02 5.9310998535e+02 5.9310498047e+02 5.9309301758e+02 5.9309301758e+02 5.9309197998e+02 5.9308001709e+02
5.9293402100e+02 5.9295098877e+02 5.9296197510e+02 5.9296899414e+02 5.9298199463e+02 5.9298797607e+02 5.9300000000e+02 5.9300897217e+02 5.9301000977e+02 5.9301599121e+02 5.9302801514e+02 5.9303601074e+02 5.9303198242e+02 5.9304498291e+02 5.9305200195e+02 5.9304998779e+02 5.9304498291e+02 5.9303997803e+02 5.9305499268e+02 5.9308197021e+02 5.9308697510e+02 5.9308599854e+02 5.9308599854e+02 5.9308599854e+02 5.9307897949e+02 5.9307501221e+02 5.9307000732e+02 5.9306896973e+02 5.9306298828e+02 5.9306402588e+02 5.9306701660e+02 5.9306402588e+02 5.9307000732e+02 5.9305999756e+02 5.9303100586e+02 5.9305700684e+02 5.9305499268e+02 5.9303997803e+02 5.9304101563e+02 5.9304302979e+02 5.9302801514e+02 5.9301702881e+02 5.9300897217e+02 5.9301000977e+02 5.9300598145e+02 5.9299200439e+02
5.9287200928e+02 5.9288098145e+02 5.9288702393e+02 5.9290100098e+02 5.9290600586e+02 5.9291198730e+02 5.9292602539e+02 5.9293200684e+02 5.9292797852e+02 5.9292901611e+02 5.9294299316e+02 5.9295300293e+02 5.9295599365e+02 5.9297601318e+02 5.9298498535e+02 5.9296899414e+02 5.9296099854e+02 5.9296301270e+02 5.9298199463e+02 5.9301397705e+02 5.9302197266e+02 5.9301898193e+02 5.9301397705e+02 5.9300402832e+02 5.9300000000e+02 5.9300598145e+02 5.9300097656e+02 5.9300000000e+02 5.9300897217e+02 5.9300402832e+02 5.9299401855e+02 5.9298498535e+02 5.9299298096e+02 5.9299200439e+02 5.9296600342e+02 5.9296997070e+02 5.9296697998e+02 5.9295098877e+02 5.9294000244e+02 5.9295697021e+02 5.9294500732e+02 5.9293298340e+02 5.9291998291e+02 5.9291400146e+02 5.9291302490e+02 5.9289300537e+02
5.9279498291e+02 5.9280902100e+02 5.9281298828e+02 5.9281896973e+02 5.9282897949e+02 5.9284100342e+02 5.9284899902e+02 5.9284899902e+02 5.9284497070e+02 5.9284698486e+02 5.9286602783e+02 5.9288201904e+02 5.9288500977e+02 5.9290301514e+02 5.9290600586e+02 5.9288702393e+02 5.9288702393e+02 5.9289697266e+02 5.9290600586e+02 5.9292901611e+02 5.9293597412e+02 5.9293701172e+02 5.9293701172e+02 5.9292498779e+02 5.9291998291e+02 5.9292999268e+02 5.9292602539e+02 5.9292199707e+02 5.9293402100e+02 5.9292901611e+02 5.9292297363e+02 5.9290997314e+02 5.9290899658e+02 5.9290899658e+02 5.9289001465e+02 5.9288098145e+02 5.9285601807e+02 5.9283898926e+02 5.9284197998e+02 5.9285900879e+02 5.9284497070e+02 5.9283502197e+02 5.9282299805e+02 5.9281799316e+02 5.9282299805e+02 5.9279998779e+02
5.9271099854e+02 5.9273101807e+02 5.9273400879e+02 5.9273199463e+02 5.9274700928e+02 5.9276501465e+02 5.9277001953e+02 5.9277099609e+02 5.9277099609e+02 5.9277398682e+02 5.9278802490e+02 5.9279901123e+02 5.9280102539e+02 5.9281500244e+02 5.9281402588e+02 5.9279699707e+02 5.9280700684e+02 5.9283398438e+02 5.9283599854e+02 5.9284197998e+02 5.9284497070e+02 5.9284600830e+02 5.9285498047e+02 5.9284600830e+02 5.9283197021e+02 5.9283801270e+02 5.9284399414e+02 5.9284698486e+02 5.9285400391e+02 5.9284002686e+02 5.9284197998e+02 5.9283697510e+02 5.9283099365e+02 5.9282202148e+02 5.9279602051e+02 5.9278900146e+02 5.9276098633e+02 5.9275000000e+02 5.9275799561e+02 5.9276000977e+02 5.9274798584e+02 5.9274499512e+02 5.9273602295e+02 5.9272900391e+02 5.9272601318e+02 5.9269702148e+02
