TESTSERVER/17/15.asc
NCOLS 100
NROWS 100
XLLCORNER 8.3497500000e+03
YLLCORNER 2.8920025000e+05
CELLSIZE 5.0000000000e-01
NODATA_VALUE -9.9990000000e+03
[rows 40 to 59 of 100, columns 46 to 91 of 100]
5.9049200439e+02 5.9045898438e+02 5.9044598389e+02 5.9044299316e+02 5.9043103027e+02 5.9041802979e+02 5.9039898682e+02 5.9038098145e+02 5.9037298584e+02 5.9036700439e+02 5.9036102295e+02 5.9033502197e+02 5.9030999756e+02 5.9032098389e+02 5.9030401611e+02 5.9027502441e+02 5.9025598145e+02 5.9023999023e+02 5.9022998047e+02 5.9021899414e+02 5.9020800781e+02 5.9020202637e+02 5.9019897461e+02 5.9020599365e+02 5.9019299316e+02 5.9019702148e+02 5.9019201660e+02 5.9018402100e+02 5.9018103027e+02 5.9018103027e+02 5.9019299316e+02 5.9021099854e+02 5.9020397949e+02 5.9020300293e+02 5.9020397949e+02 5.9020898438e+02 5.9022302246e+02 5.9021801758e+02 5.9020800781e+02 5.9021600342e+02 5.9025299072e+02 5.9026098633e+02 5.9027801514e+02 5.9028601074e+02 5.9028997803e+02 5.9030102539e+02
5.9038500977e+02 5.9035400391e+02 5.9034197998e+02 5.9033599854e+02 5.9031500244e+02 5.9029797363e+02 5.9028802490e+02 5.9028198242e+02 5.9027099609e+02 5.9025799561e+02 5.9025201416e+02 5.9023699951e+02 5.9021801758e+02 5.9021600342e+02 5.9019396973e+02 5.9017199707e+02 5.9015399170e+02 5.9013000488e+02 5.9012097168e+02 5.9011798096e+02 5.9011602783e+02 5.9009997559e+02 5.9009600830e+02 5.9010601807e+02 5.9010400391e+02 5.9010400391e+02 5.9009899902e+02 5.9009600830e+02 5.9009100342e+02 5.9008001709e+02 5.9008001709e+02 5.9009698486e+02 5.9009997559e+02 5.9011401367e+02 5.9012500000e+02 5.9013397217e+02 5.9014398193e+02 5.9014202881e+02 5.9013500977e+02 5.9014697266e+02 5.9017602539e+02 5.9017602539e+02 5.9018499756e+02 5.9019598389e+02 5.9020397949e+02 5.9023101807e+02
5.9026599121e+02 5.9024700928e+02 5.9023999023e+02 5.9023101807e+02 5.9020800781e+02 5.9019702148e+02 5.9018597412e+02 5.9017797852e+02 5.9016497803e+02 5.9014898682e+02 5.9014202881e+02 5.9013098145e+02 5.9011602783e+02 5.9010101318e+02 5.9007299805e+02 5.9005297852e+02 5.9003997803e+02 5.9001300049e+02 5.9000598145e+02 5.9000799561e+02 5.9001397705e+02 5.8999700928e+02 5.8998699951e+02 5.8999798584e+02 5.9000799561e+02 5.9001202393e+02 5.9001202393e+02 5.9000897217e+02 5.8999798584e+02 5.8998797607e+02 5.8998699951e+02 5.9000598145e+02 5.9001000977e+02 5.9002697754e+02 5.9004498291e+02 5.9005102539e+02 5.9004901123e+02 5.9005200195e+02 5.9005700684e+02 5.9007098389e+02 5.9008801270e+02 5.9009497070e+02 5.9009997559e+02 5.9011401367e+02 5.9012799072e+02 5.9015197754e+02
5.9015600586e+02 5.9014001465e+02 5.9013201904e+02 5.9011700439e+02 5.9009899902e+02 5.9009698486e+02 5.9008398438e+02 5.9006799316e+02 5.9005798340e+02 5.9004199219e+02 5.9003002930e+02 5.9001898193e+02 5.9000701904e+02 5.8998797607e+02 5.8995397949e+02 5.8992901611e+02 5.8991497803e+02 5.8989801025e+02 5.8989202881e+02 5.8989099121e+02 5.8989898682e+02 5.8989398193e+02 5.8988800049e+02 5.8990301514e+02 5.8991699219e+02 5.8991998291e+02 5.8991998291e+02 5.8991198730e+02 5.8989501953e+02 5.8988800049e+02 5.8989099121e+02 5.8991302490e+02 5.8992797852e+02 5.8994201660e+02 5.8996398926e+02 5.8996899414e+02 5.8996002197e+02 5.8996600342e+02 5.8997601318e+02 5.8998498535e+02 5.8998999023e+02 5.9000701904e+02 5.9001599121e+02 5.9002697754e+02 5.9004400635e+02 5.9005999756e+02
5.9003997803e+02 5.9002301025e+02 5.9000701904e+02 5.8999298096e+02 5.8998797607e+02 5.8999298096e+02 5.8997900391e+02 5.8996197510e+02 5.8995599365e+02 5.8994500732e+02 5.8992297363e+02 5.8990802002e+02 5.8990399170e+02 5.8988098145e+02 5.8984997559e+02 5.8982397461e+02 5.8980999756e+02 5.8980297852e+02 5.8979302979e+02 5.8978002930e+02 5.8979498291e+02 5.8979101563e+02 5.8978997803e+02 5.8980603027e+02 5.8982000732e+02 5.8983001709e+02 5.8982397461e+02 5.8981201172e+02 5.8979699707e+02 5.8979101563e+02 5.8979400635e+02 5.8981701660e+02 5.8985198975e+02 5.8985498047e+02 5.8986901855e+02 5.8988299561e+02 5.8988397217e+02 5.8988000488e+02 5.8989099121e+02 5.8990301514e+02 5.8990698242e+02 5.8991900635e+02 5.8993103027e+02 5.8993499756e+02 5.8995898438e+02 5.8997698975e+02
5.8993902588e+02 5.8992102051e+02 5.8989697266e+02 5.8987902832e+02 5.8987701416e+02 5.8987902832e+02 5.8987097168e+02 5.8985797119e+02 5.8985601807e+02 5.8984002686e+02 5.8981402588e+02 5.8980200195e+02 5.8979998779e+02 5.8977099609e+02 5.8974499512e+02 5.8973199463e+02 5.8971697998e+02 5.8970501709e+02 5.8968902588e+02 5.8967401123e+02 5.8967999268e+02 5.8968798828e+02 5.8969097900e+02 5.8969396973e+02 5.8970397949e+02 5.8972497559e+02 5.8972100830e+02 5.8971600342e+02 5.8970697021e+02 5.8970501709e+02 5.8971099854e+02 5.8972497559e+02 5.8975201416e+02 5.8976397705e+02 5.8977197266e+02 5.8978302002e+02 5.8979699707e+02 5.8980700684e+02 5.8981201172e+02 5.8981701660e+02 5.8982299805e+02 5.8983300781e+02 5.8984802246e+02 5.8985900879e+02 5.8987402344e+02 5.8988800049e+02
5.8983502197e+02 5.8981097412e+02 5.8978399658e+02 5.8976702881e+02 5.8976800537e+02 5.8977398682e+02 5.8976800537e+02 5.8975299072e+02 5.8974700928e+02 5.8973400879e+02 5.8970800781e+02 5.8969396973e+02 5.8969097900e+02 5.8966198730e+02 5.8963000488e+02 5.8961401367e+02 5.8960498047e+02 5.8959698486e+02 5.8958398438e+02 5.8957501221e+02 5.8958001709e+02 5.8959301758e+02 5.8959899902e+02 5.8959497070e+02 5.8959497070e+02 5.8961297607e+02 5.8961602783e+02 5.8961999512e+02 5.8961798096e+02 5.8961901855e+02 5.8962200928e+02 5.8963201904e+02 5.8964599609e+02 5.8965802002e+02 5.8966998291e+02 5.8968103027e+02 5.8969799805e+02 5.8971801758e+02 5.8972198486e+02 5.8973400879e+02 5.8974798584e+02 5.8975500488e+02 5.8976898193e+02 5.8978399658e+02 5.8979901123e+02 5.8982098389e+02
5.8973297119e+02 5.8971398926e+02 5.8968798828e+02 5.8966601563e+02 5.8966198730e+02 5.8966998291e+02 5.8966998291e+02 5.8965002441e+02 5.8962701416e+02 5.8961999512e+02 5.8960101318e+02 5.8958502197e+02 5.8957598877e+02 5.8955200195e+02 5.8952099609e+02 5.8950097656e+02 5.8949597168e+02 5.8949200439e+02 5.8948297119e+02 5.8947998047e+02 5.8948602295e+02 5.8949298096e+02 5.8949902344e+02 5.8949902344e+02 5.8949597168e+02 5.8950701904e+02 5.8952001953e+02 5.8953100586e+02 5.8951898193e+02 5.8951702881e+02 5.8952697754e+02 5.8953802490e+02 5.8954498291e+02 5.8956097412e+02 5.8957299805e+02 5.8958300781e+02 5.8959899902e+02 5.8961798096e+02 5.8963000488e+02 5.8965399170e+02 5.8967401123e+02 5.8967999268e+02 5.8969799805e+02 5.8971502686e+02 5.8972900391e+02 5.8976397705e+02
5.8962597656e+02 5.8962500000e+02 5.8960302734e+02 5.8957202148e+02 5.8954901123e+02 5.8956097412e+02 5.8956298828e+02 5.8953997803e+02 5.8951501465e+02 5.8951202393e+02 5.8949700928e+02 5.8948199463e+02 5.8946398926e+02 5.8943701172e+02 5.8942102051e+02 5.8940899658e+02 5.8940100098e+02 5.8939697266e+02 5.8939001465e+02 5.8939001465e+02 5.8939697266e+02 5.8939300537e+02 5.8939801025e+02 5.8940502930e+02 5.8940997314e+02 5.8940698242e+02 5.8942999268e+02 5.8944000244e+02 5.8942602539e+02 5.8942401123e+02 5.8944097900e+02 5.8945501709e+02 5.8945001221e+02 5.8946899414e+02 5.8948199463e+02 5.8950000000e+02 5.8951898193e+02 5.8953698730e+02 5.8955798340e+02 5.8958099365e+02 5.8959399414e+02 5.8958697510e+02 5.8960302734e+02 5.8961999512e+02 5.8963598633e+02 5.8967901611e+02
5.8952398682e+02 5.8952001953e+02 5.8950402832e+02 5.8947302246e+02 5.8945501709e+02 5.8946197510e+02 5.8944799805e+02 5.8942797852e+02 5.8941198730e+02 5.8940698242e+02 5.8938397217e+02 5.8936199951e+02 5.8933697510e+02 5.8932098389e+02 5.8932202148e+02 5.8931701660e+02 5.8929797363e+02 5.8929602051e+02 5.8929602051e+02 5.8929699707e+02 5.8930200195e+02 5.8930200195e+02 5.8930102539e+02 5.8930603027e+02 5.8932000732e+02 5.8932098389e+02 5.8933898926e+02 5.8934100342e+02 5.8932800293e+02 5.8933197021e+02 5.8933197021e+02 5.8934399414e+02 5.8935601807e+02 5.8937701416e+02 5.8939398193e+02 5.8940802002e+02 5.8941802979e+02 5.8943499756e+02 5.8946197510e+02 5.8948199463e+02 5.8949700928e+02 5.8950598145e+02 5.8951599121e+02 5.8952697754e+02 5.8954302979e+02 5.8957397461e+02
5.8942401123e+02 5.8941400146e+02 5.8940197754e+02 5.8938098145e+02 5.8936798096e+02 5.8936499023e+02 5.8934301758e+02 5.8932397461e+02 5.8930499268e+02 5.8928997803e+02 5.8927001953e+02 5.8925201416e+02 5.8922900391e+02 5.8921801758e+02 5.8922198486e+02 5.8921502686e+02 5.8919201660e+02 5.8919097900e+02 5.8919500732e+02 5.8920300293e+02 5.8921197510e+02 5.8921600342e+02 5.8921099854e+02 5.8920898438e+02 5.8921398926e+02 5.8921398926e+02 5.8922998047e+02 5.8923901367e+02 5.8924298096e+02 5.8925402832e+02 5.8924597168e+02 5.8925402832e+02 5.8926702881e+02 5.8927899170e+02 5.8930297852e+02 5.8932098389e+02 5.8932501221e+02 5.8934399414e+02 5.8937402344e+02 5.8938702393e+02 5.8939801025e+02 5.8941998291e+02 5.8943402100e+02 5.8944799805e+02 5.8946002197e+02 5.8948199463e+02
5.8932598877e+02 5.8930798340e+02 5.8929400635e+02 5.8928497314e+02 5.8927697754e+02 5.8926599121e+02 5.8924700928e+02 5.8922998047e+02 5.8920001221e+02 5.8917602539e+02 5.8915502930e+02 5.8913800049e+02 5.8912298584e+02 5.8911401367e+02 5.8911602783e+02 5.8910998535e+02 5.8909600830e+02 5.8909497070e+02 5.8909698486e+02 5.8910498047e+02 5.8911199951e+02 5.8911602783e+02 5.8911999512e+02 5.8911999512e+02 5.8911798096e+02 5.8911499023e+02 5.8912902832e+02 5.8914300537e+02 5.8915600586e+02 5.8916601563e+02 5.8915301514e+02 5.8915698242e+02 5.8917498779e+02 5.8918402100e+02 5.8921099854e+02 5.8923602295e+02 5.8924798584e+02 5.8926898193e+02 5.8929400635e+02 5.8930200195e+02 5.8930200195e+02 5.8931201172e+02 5.8933300781e+02 5.8935900879e+02 5.8937500000e+02 5.8939801025e+02
5.8923901367e+02 5.8921002197e+02 5.8919299316e+02 5.8918402100e+02 5.8917999268e+02 5.8916998291e+02 5.8915197754e+02 5.8913299561e+02 5.8911602783e+02 5.8908599854e+02 5.8905200195e+02 5.8902600098e+02 5.8902197266e+02 5.8900799561e+02 5.8900500488e+02 5.8900299072e+02 5.8900897217e+02 5.8901501465e+02 5.8900897217e+02 5.8901098633e+02 5.8902398682e+02 5.8901599121e+02 5.8902197266e+02 5.8903100586e+02 5.8903698730e+02 5.8903997803e+02 5.8904699707e+02 5.8904901123e+02 5.8906097412e+02 5.8907501221e+02 5.8906597900e+02 5.8906597900e+02 5.8908599854e+02 5.8910900879e+02 5.8912200928e+02 5.8913702393e+02 5.8915802002e+02 5.8916998291e+02 5.8918402100e+02 5.8920501709e+02 5.8921502686e+02 5.8922399902e+02 5.8925299072e+02 5.8927600098e+02 5.8928997803e+02 5.8931896973e+02
5.8914202881e+02 5.8912799072e+02 5.8911499023e+02 5.8909899902e+02 5.8908099365e+02 5.8907397461e+02 5.8905603027e+02 5.8903997803e+02 5.8902697754e+02 5.8899597168e+02 5.8895898438e+02 5.8893499756e+02 5.8892999268e+02 5.8891400146e+02 5.8889898682e+02 5.8889697266e+02 5.8891900635e+02 5.8893402100e+02 5.8892102051e+02 5.8891802979e+02 5.8892901611e+02 5.8892401123e+02 5.8892498779e+02 5.8893597412e+02 5.8895001221e+02 5.8896398926e+02 5.8897100830e+02 5.8896997070e+02 5.8897900391e+02 5.8899700928e+02 5.8899700928e+02 5.8900097656e+02 5.8901098633e+02 5.8902899170e+02 5.8904101563e+02 5.8904498291e+02 5.8905999756e+02 5.8908197021e+02 5.8909997559e+02 5.8911700439e+02 5.8912200928e+02 5.8913897705e+02 5.8916198730e+02 5.8919000244e+02 5.8921002197e+02 5.8922698975e+02
5.8904901123e+02 5.8903601074e+02 5.8902697754e+02 5.8901300049e+02 5.8898901367e+02 5.8897698975e+02 5.8895300293e+02 5.8892999268e+02 5.8891699219e+02 5.8889599609e+02 5.8886102295e+02 5.8883599854e+02 5.8883599854e+02 5.8882202148e+02 5.8880603027e+02 5.8880700684e+02 5.8882397461e+02 5.8882598877e+02 5.8881701660e+02 5.8882000732e+02 5.8882598877e+02 5.8882897949e+02 5.8883398438e+02 5.8884497070e+02 5.8885601807e+02 5.8886999512e+02 5.8888000488e+02 5.8888201904e+02 5.8889099121e+02 5.8890997314e+02 5.8892199707e+02 5.8893402100e+02 5.8893597412e+02 5.8893701172e+02 5.8895300293e+02 5.8896997070e+02 5.8899200439e+02 5.8901098633e+02 5.8901800537e+02 5.8903100586e+02 5.8904400635e+02 5.8905902100e+02 5.8907800293e+02 5.8910198975e+02 5.8911999512e+02 5.8913800049e+02
5.8897100830e+02 5.8895599365e+02 5.8894598389e+02 5.8893200684e+02 5.8890399170e+02 5.8887902832e+02 5.8884899902e+02 5.8882098389e+02 5.8880603027e+02 5.8879901123e+02 5.8876800537e+02 5.8874200439e+02 5.8874298096e+02 5.8873602295e+02 5.8872698975e+02 5.8872900391e+02 5.8873297119e+02 5.8872198486e+02 5.8871801758e+02 5.8872802734e+02 5.8872900391e+02 5.8873901367e+02 5.8875000000e+02 5.8875799561e+02 5.8876300049e+02 5.8877899170e+02 5.8879199219e+02 5.8880102539e+02 5.8881597900e+02 5.8883099365e+02 5.8884399414e+02 5.8885601807e+02 5.8885198975e+02 5.8884802246e+02 5.8886798096e+02 5.8889202881e+02 5.8891699219e+02 5.8893499756e+02 5.8894299316e+02 5.8895599365e+02 5.8897497559e+02 5.8898297119e+02 5.8899102783e+02 5.8900897217e+02 5.8903198242e+02 5.8904797363e+02
5.8887200928e+02 5.8886401367e+02 5.8885797119e+02 5.8884899902e+02 5.8881701660e+02 5.8878802490e+02 5.8875799561e+02 5.8872802734e+02 5.8871398926e+02 5.8870898438e+02 5.8868103027e+02 5.8865502930e+02 5.8864202881e+02 5.8864300537e+02 5.8864599609e+02 5.8865002441e+02 5.8865197754e+02 5.8864001465e+02 5.8863397217e+02 5.8864099121e+02 5.8864099121e+02 5.8865399170e+02 5.8867297363e+02 5.8868103027e+02 5.8868103027e+02 5.8870098877e+02 5.8871600342e+02 5.8873400879e+02 5.8875799561e+02 5.8876300049e+02 5.8876800537e+02 5.8877099609e+02 5.8878302002e+02 5.8877301025e+02 5.8878399658e+02 5.8879901123e+02 5.8882202148e+02 5.8884698486e+02 5.8885601807e+02 5.8886102295e+02 5.8888201904e+02 5.8889697266e+02 5.8890100098e+02 5.8891802979e+02 5.8895202637e+02 5.8897399902e+02
5.8877801514e+02 5.8876599121e+02 5.8875897217e+02 5.8874700928e+02 5.8871600342e+02 5.8870098877e+02 5.8867102051e+02 5.8863800049e+02 5.8861798096e+02 5.8860302734e+02 5.8858300781e+02 5.8857000732e+02 5.8856201172e+02 5.8855902100e+02 5.8855902100e+02 5.8855798340e+02 5.8855902100e+02 5.8856500244e+02 5.8855499268e+02 5.8855102539e+02 5.8855902100e+02 5.8856799316e+02 5.8858801270e+02 5.8860302734e+02 5.8859997559e+02 5.8861700439e+02 5.8863098145e+02 5.8864801025e+02 5.8866900635e+02 5.8867102051e+02 5.8867102051e+02 5.8868499756e+02 5.8870202637e+02 5.8870001221e+02 5.8870800781e+02 5.8871600342e+02 5.8872998047e+02 5.8875097656e+02 5.8876202393e+02 5.8876898193e+02 5.8878601074e+02 5.8880798340e+02 5.8881799316e+02 5.8882501221e+02 5.8883599854e+02 5.8886401367e+02
5.8868701172e+02 5.8866998291e+02 5.8865301514e+02 5.8863500977e+02 5.8860797119e+02 5.8860101318e+02 5.8857800293e+02 5.8854797363e+02 5.8852600098e+02 5.8850402832e+02 5.8849102783e+02 5.8848797607e+02 5.8848400879e+02 5.8848797607e+02 5.8848999023e+02 5.8848699951e+02 5.8848901367e+02 5.8850000000e+02 5.8848498535e+02 5.8847399902e+02 5.8848699951e+02 5.8849102783e+02 5.8850201416e+02 5.8851501465e+02 5.8851599121e+02 5.8853399658e+02 5.8854302979e+02 5.8855297852e+02 5.8856799316e+02 5.8857501221e+02 5.8858099365e+02 5.8859899902e+02 5.8860900879e+02 5.8862200928e+02 5.8863800049e+02 5.8864202881e+02 5.8864599609e+02 5.8865698242e+02 5.8867700195e+02 5.8869000244e+02 5.8869897461e+02 5.8870599365e+02 5.8871899414e+02 5.8873400879e+02 5.8874298096e+02 5.8876702881e+02
5.8860101318e+02 5.8858398438e+02 5.8856597900e+02 5.8854602051e+02 5.8851098633e+02 5.8850000000e+02 5.8848199463e+02 5.8845599365e+02 5.8843701172e+02 5.8841497803e+02 5.8840600586e+02 5.8840802002e+02 5.8840600586e+02 5.8840997314e+02 5.8841302490e+02 5.8841198730e+02 5.8842199707e+02 5.8843798828e+02 5.8842102051e+02 5.8840502930e+02 5.8841998291e+02 5.8842401123e+02 5.8842602539e+02 5.8843298340e+02 5.8843701172e+02 5.8845202637e+02 5.8845697021e+02 5.8846301270e+02 5.8847497559e+02 5.8848199463e+02 5.8848797607e+02 5.8850201416e+02 5.8850500488e+02 5.8852502441e+02 5.8854699707e+02 5.8855297852e+02 5.8855798340e+02 5.8857202148e+02 5.8859600830e+02 5.8861199951e+02 5.8862402344e+02 5.8861602783e+02 5.8862902832e+02 5.8865197754e+02 5.8866302490e+02 5.8868103027e+02
