TESTSERVER/17/16.asc
NCOLS 100
NROWS 100
XLLCORNER 8.3497500000e+03
YLLCORNER 2.8915025000e+05
CELLSIZE 5.0000000000e-01
NODATA_VALUE -9.9990000000e+03
[rows 40 to 59 of 100, columns 46 to 91 of 100]
5.8089801025e+02 5.8084600830e+02 5.8081201172e+02 5.8083898926e+02 5.8090301514e+02 5.8092498779e+02 5.8096801758e+02 5.8098602295e+02 5.8103802490e+02 5.8111401367e+02 5.8119000244e+02 5.8125000000e+02 5.8129998779e+02 5.8138000488e+02 5.8150598145e+02 5.8161901855e+02 5.8167901611e+02 5.8160198975e+02 5.8160699463e+02 5.8166998291e+02 5.8174298096e+02 5.8182098389e+02 5.8189202881e+02 5.8195397949e+02 5.8201898193e+02 5.8207501221e+02 5.8212097168e+02 5.8215997314e+02 5.8221197510e+02 5.8227001953e+02 5.8230902100e+02 5.8234899902e+02 5.8241198730e+02 5.8246801758e+02 5.8249499512e+02 5.8252301025e+02 5.8254498291e+02 5.8258801270e+02 5.8263000488e+02 5.8266497803e+02 5.8271002197e+02 5.8275000000e+02 5.8277600098e+02 5.8280499268e+02 5.8285601807e+02 5.8287200928e+02
5.8070697021e+02 5.8070001221e+02 5.8067498779e+02 5.8067401123e+02 5.8073797607e+02 5.8075500488e+02 5.8078002930e+02 5.8082202148e+02 5.8090197754e+02 5.8097998047e+02 5.8103997803e+02 5.8110699463e+02 5.8117700195e+02 5.8124298096e+02 5.8134997559e+02 5.8149401855e+02 5.8162298584e+02 5.8161798096e+02 5.8158197021e+02 5.8158502197e+02 5.8162799072e+02 5.8171398926e+02 5.8179699707e+02 5.8186602783e+02 5.8194097900e+02 5.8199597168e+02 5.8203802490e+02 5.8208001709e+02 5.8213800049e+02 5.8219299316e+02 5.8222802734e+02 5.8227197266e+02 5.8232702637e+02 5.8237902832e+02 5.8241302490e+02 5.8244799805e+02 5.8247601318e+02 5.8250598145e+02 5.8254699707e+02 5.8259197998e+02 5.8262500000e+02 5.8265502930e+02 5.8268298340e+02 5.8270202637e+02 5.8273797607e+02 5.8277600098e+02
5.8053900146e+02 5.8055297852e+02 5.8055499268e+02 5.8055401611e+02 5.8058801270e+02 5.8062097168e+02 5.8064898682e+02 5.8069598389e+02 5.8078002930e+02 5.8084997559e+02 5.8090502930e+02 5.8097601318e+02 5.8105102539e+02 5.8112298584e+02 5.8122497559e+02 5.8134802246e+02 5.8146801758e+02 5.8156097412e+02 5.8158197021e+02 5.8155499268e+02 5.8154602051e+02 5.8160101318e+02 5.8167999268e+02 5.8177001953e+02 5.8185198975e+02 5.8190100098e+02 5.8195599365e+02 5.8201000977e+02 5.8206097412e+02 5.8210302734e+02 5.8214099121e+02 5.8218798828e+02 5.8224102783e+02 5.8228698730e+02 5.8232000732e+02 5.8235998535e+02 5.8238702393e+02 5.8241497803e+02 5.8244702148e+02 5.8249102783e+02 5.8252197266e+02 5.8253900146e+02 5.8256701660e+02 5.8260101318e+02 5.8263897705e+02 5.8268200684e+02
5.8034698486e+02 5.8034997559e+02 5.8039398193e+02 5.8044396973e+02 5.8046801758e+02 5.8049902344e+02 5.8052197266e+02 5.8054998779e+02 5.8062097168e+02 5.8069897461e+02 5.8077600098e+02 5.8086999512e+02 5.8094097900e+02 5.8101702881e+02 5.8111999512e+02 5.8121697998e+02 5.8129699707e+02 5.8141998291e+02 5.8152099609e+02 5.8154699707e+02 5.8153302002e+02 5.8152502441e+02 5.8157397461e+02 5.8166400146e+02 5.8174798584e+02 5.8180499268e+02 5.8187298584e+02 5.8193402100e+02 5.8198797607e+02 5.8202600098e+02 5.8205999756e+02 5.8209698486e+02 5.8213702393e+02 5.8217999268e+02 5.8221697998e+02 5.8226599121e+02 5.8228698730e+02 5.8232000732e+02 5.8235302734e+02 5.8238500977e+02 5.8241497803e+02 5.8242602539e+02 5.8245202637e+02 5.8249902344e+02 5.8254400635e+02 5.8258398438e+02
5.8015301514e+02 5.8012902832e+02 5.8020098877e+02 5.8031201172e+02 5.8035498047e+02 5.8036901855e+02 5.8039099121e+02 5.8041497803e+02 5.8047601318e+02 5.8057098389e+02 5.8066302490e+02 5.8076501465e+02 5.8083398438e+02 5.8091802979e+02 5.8102502441e+02 5.8110998535e+02 5.8119500732e+02 5.8130700684e+02 5.8139898682e+02 5.8150000000e+02 5.8161499023e+02 5.8153601074e+02 5.8152801514e+02 5.8157702637e+02 5.8165698242e+02 5.8172100830e+02 5.8178302002e+02 5.8183898926e+02 5.8189501953e+02 5.8193798828e+02 5.8196502686e+02 5.8199798584e+02 5.8204400635e+02 5.8207800293e+02 5.8211499023e+02 5.8216198730e+02 5.8220397949e+02 5.8224401855e+02 5.8226397705e+02 5.8228100586e+02 5.8231402588e+02 5.8233697510e+02 5.8236297607e+02 5.8240899658e+02 5.8243902588e+02 5.8248297119e+02
5.8004797363e+02 5.8011297607e+02 5.8022497559e+02 5.8035498047e+02 5.8039599609e+02 5.8028601074e+02 5.8021899414e+02 5.8026397705e+02 5.8036297607e+02 5.8047198486e+02 5.8055999756e+02 5.8064099121e+02 5.8072802734e+02 5.8080999756e+02 5.8091802979e+02 5.8100897217e+02 5.8109997559e+02 5.8120599365e+02 5.8128900146e+02 5.8140698242e+02 5.8154901123e+02 5.8155902100e+02 5.8153198242e+02 5.8152099609e+02 5.8157098389e+02 5.8163098145e+02 5.8169598389e+02 5.8175799561e+02 5.8181201172e+02 5.8184802246e+02 5.8187902832e+02 5.8190899658e+02 5.8195599365e+02 5.8200000000e+02 5.8202697754e+02 5.8206298828e+02 5.8210900879e+02 5.8214801025e+02 5.8217297363e+02 5.8219500732e+02 5.8222802734e+02 5.8224700928e+02 5.8226098633e+02 5.8230700684e+02 5.8234197998e+02 5.8239099121e+02
5.7999200439e+02 5.8017602539e+02 5.8028601074e+02 5.8037200928e+02 5.8043298340e+02 5.8031402588e+02 5.8014398193e+02 5.8014202881e+02 5.8024798584e+02 5.8035699463e+02 5.8044500732e+02 5.8052502441e+02 5.8061798096e+02 5.8069097900e+02 5.8079602051e+02 5.8090002441e+02 5.8100000000e+02 5.8111199951e+02 5.8122100830e+02 5.8135302734e+02 5.8145800781e+02 5.8149798584e+02 5.8150897217e+02 5.8149700928e+02 5.8151000977e+02 5.8155297852e+02 5.8160699463e+02 5.8166400146e+02 5.8172198486e+02 5.8176000977e+02 5.8180102539e+02 5.8183197021e+02 5.8186798096e+02 5.8190502930e+02 5.8194000244e+02 5.8198199463e+02 5.8201202393e+02 5.8204797363e+02 5.8207299805e+02 5.8209899902e+02 5.8213800049e+02 5.8216400146e+02 5.8217498779e+02 5.8220599365e+02 5.8224597168e+02 5.8229699707e+02
5.7991900635e+02 5.8016601563e+02 5.8028198242e+02 5.8026898193e+02 5.8028100586e+02 5.8027197266e+02 5.8015399170e+02 5.8009600830e+02 5.8013098145e+02 5.8022100830e+02 5.8034002686e+02 5.8044897461e+02 5.8052301025e+02 5.8059301758e+02 5.8069396973e+02 5.8080102539e+02 5.8090399170e+02 5.8102502441e+02 5.8115002441e+02 5.8127899170e+02 5.8135101318e+02 5.8138098145e+02 5.8143701172e+02 5.8147900391e+02 5.8149597168e+02 5.8150000000e+02 5.8151898193e+02 5.8155603027e+02 5.8161401367e+02 5.8166101074e+02 5.8171697998e+02 5.8175402832e+02 5.8177801514e+02 5.8180902100e+02 5.8185400391e+02 5.8189697266e+02 5.8191302490e+02 5.8194799805e+02 5.8197100830e+02 5.8199798584e+02 5.8203802490e+02 5.8207501221e+02 5.8208801270e+02 5.8211901855e+02 5.8216497803e+02 5.8220001221e+02
5.7988598633e+02 5.8017498779e+02 5.8032702637e+02 5.8023901367e+02 5.8011199951e+02 5.8015100098e+02 5.8012799072e+02 5.8003997803e+02 5.7999597168e+02 5.8006201172e+02 5.8019396973e+02 5.8033001709e+02 5.8041601563e+02 5.8054699707e+02 5.8063897705e+02 5.8072698975e+02 5.8081896973e+02 5.8093902588e+02 5.8105700684e+02 5.8116302490e+02 5.8122497559e+02 5.8128900146e+02 5.8135498047e+02 5.8142401123e+02 5.8149298096e+02 5.8149700928e+02 5.8147601318e+02 5.8147802734e+02 5.8151000977e+02 5.8156597900e+02 5.8163299561e+02 5.8167297363e+02 5.8168798828e+02 5.8172802734e+02 5.8176501465e+02 5.8179400635e+02 5.8180999756e+02 5.8183099365e+02 5.8186297607e+02 5.8190100098e+02 5.8194598389e+02 5.8196398926e+02 5.8198101807e+02 5.8202398682e+02 5.8207098389e+02 5.8209899902e+02
5.7947198486e+02 5.8007501221e+02 5.8038299561e+02 5.8032800293e+02 5.8011798096e+02 5.8008398438e+02 5.8000598145e+02 5.7988000488e+02 5.7980200195e+02 5.7988500977e+02 5.8002398682e+02 5.8016802979e+02 5.8033099365e+02 5.8047497559e+02 5.8054400635e+02 5.8063500977e+02 5.8073797607e+02 5.8085198975e+02 5.8096197510e+02 5.8106201172e+02 5.8113000488e+02 5.8119598389e+02 5.8125799561e+02 5.8130798340e+02 5.8139599609e+02 5.8146197510e+02 5.8146600342e+02 5.8144396973e+02 5.8143298340e+02 5.8146002197e+02 5.8150500488e+02 5.8154602051e+02 5.8158599854e+02 5.8162902832e+02 5.8166302490e+02 5.8169000244e+02 5.8169799805e+02 5.8173498535e+02 5.8176397705e+02 5.8178698730e+02 5.8182702637e+02 5.8184698486e+02 5.8186798096e+02 5.8191101074e+02 5.8195898438e+02 5.8199102783e+02
5.7862402344e+02 5.7940399170e+02 5.7989599609e+02 5.8000299072e+02 5.7991198730e+02 5.7986798096e+02 5.7971099854e+02 5.7959997559e+02 5.7963299561e+02 5.7975701904e+02 5.7987500000e+02 5.8000897217e+02 5.8021002197e+02 5.8035900879e+02 5.8044598389e+02 5.8055798340e+02 5.8066497803e+02 5.8077197266e+02 5.8086999512e+02 5.8097198486e+02 5.8105499268e+02 5.8110699463e+02 5.8116198730e+02 5.8122100830e+02 5.8130603027e+02 5.8136700439e+02 5.8140600586e+02 5.8142102051e+02 5.8141198730e+02 5.8139501953e+02 5.8139398193e+02 5.8142602539e+02 5.8147601318e+02 5.8151702881e+02 5.8155200195e+02 5.8158898926e+02 5.8160101318e+02 5.8162799072e+02 5.8164501953e+02 5.8166601563e+02 5.8171301270e+02 5.8173797607e+02 5.8175897217e+02 5.8180102539e+02 5.8184802246e+02 5.8188397217e+02
5.7778802490e+02 5.7839697266e+02 5.7889898682e+02 5.7916198730e+02 5.7925897217e+02 5.7926300049e+02 5.7924298096e+02 5.7929797363e+02 5.7950299072e+02 5.7970202637e+02 5.7980499268e+02 5.7990802002e+02 5.8007501221e+02 5.8023400879e+02 5.8035498047e+02 5.8046899414e+02 5.8056799316e+02 5.8067999268e+02 5.8077099609e+02 5.8087298584e+02 5.8096502686e+02 5.8101501465e+02 5.8107098389e+02 5.8114501953e+02 5.8123498535e+02 5.8126300049e+02 5.8131597900e+02 5.8137097168e+02 5.8139501953e+02 5.8138800049e+02 5.8134802246e+02 5.8132897949e+02 5.8135302734e+02 5.8138702393e+02 5.8141802979e+02 5.8146502686e+02 5.8149401855e+02 5.8152099609e+02 5.8154101563e+02 5.8156298828e+02 5.8160498047e+02 5.8163000488e+02 5.8164398193e+02 5.8168200684e+02 5.8173199463e+02 5.8177398682e+02
5.7742102051e+02 5.7772497559e+02 5.7803002930e+02 5.7828698730e+02 5.7849499512e+02 5.7857501221e+02 5.7882598877e+02 5.7905700684e+02 5.7929901123e+02 5.7957702637e+02 5.7971697998e+02 5.7985797119e+02 5.7998797607e+02 5.8011901855e+02 5.8026000977e+02 5.8036901855e+02 5.8046002197e+02 5.8058801270e+02 5.8068701172e+02 5.8077899170e+02 5.8084899902e+02 5.8090802002e+02 5.8096899414e+02 5.8104901123e+02 5.8115399170e+02 5.8117199707e+02 5.8122198486e+02 5.8127697754e+02 5.8129400635e+02 5.8135198975e+02 5.8135797119e+02 5.8130499268e+02 5.8127197266e+02 5.8128399658e+02 5.8129602051e+02 5.8133197021e+02 5.8136602783e+02 5.8140600586e+02 5.8144000244e+02 5.8146301270e+02 5.8148999023e+02 5.8151300049e+02 5.8152600098e+02 5.8156097412e+02 5.8161798096e+02 5.8166998291e+02
5.7705999756e+02 5.7753399658e+02 5.7787799072e+02 5.7801397705e+02 5.7813897705e+02 5.7826300049e+02 5.7861602783e+02 5.7890301514e+02 5.7916198730e+02 5.7943103027e+02 5.7959802246e+02 5.7981500244e+02 5.7996398926e+02 5.8007501221e+02 5.8021197510e+02 5.8032598877e+02 5.8040502930e+02 5.8050500488e+02 5.8059197998e+02 5.8068103027e+02 5.8076000977e+02 5.8082702637e+02 5.8087902832e+02 5.8094299316e+02 5.8104498291e+02 5.8106097412e+02 5.8109497070e+02 5.8114898682e+02 5.8117498779e+02 5.8121697998e+02 5.8126000977e+02 5.8127301025e+02 5.8127099609e+02 5.8123602295e+02 5.8120098877e+02 5.8121002197e+02 5.8123199463e+02 5.8126098633e+02 5.8129699707e+02 5.8133197021e+02 5.8137097168e+02 5.8140002441e+02 5.8141998291e+02 5.8145202637e+02 5.8151501465e+02 5.8154998779e+02
5.7672302246e+02 5.7736901855e+02 5.7782800293e+02 5.7792498779e+02 5.7799200439e+02 5.7814801025e+02 5.7846600342e+02 5.7877502441e+02 5.7907299805e+02 5.7929998779e+02 5.7953900146e+02 5.7979797363e+02 5.7994000244e+02 5.8002099609e+02 5.8014001465e+02 5.8027398682e+02 5.8036901855e+02 5.8044396973e+02 5.8050000000e+02 5.8056799316e+02 5.8065502930e+02 5.8072302246e+02 5.8077899170e+02 5.8083801270e+02 5.8091998291e+02 5.8096002197e+02 5.8099401855e+02 5.8104699707e+02 5.8106500244e+02 5.8107202148e+02 5.8109399414e+02 5.8111798096e+02 5.8116900635e+02 5.8119000244e+02 5.8117901611e+02 5.8117401123e+02 5.8116101074e+02 5.8115600586e+02 5.8116998291e+02 5.8120001221e+02 5.8124298096e+02 5.8128100586e+02 5.8131201172e+02 5.8134997559e+02 5.8141699219e+02 5.8145001221e+02
5.7653497314e+02 5.7729199219e+02 5.7780603027e+02 5.7793499756e+02 5.7805401611e+02 5.7818200684e+02 5.7837200928e+02 5.7866497803e+02 5.7903900146e+02 5.7926501465e+02 5.7949902344e+02 5.7971697998e+02 5.7986297607e+02 5.7993499756e+02 5.8002600098e+02 5.8017700195e+02 5.8031201172e+02 5.8038000488e+02 5.8042498779e+02 5.8047601318e+02 5.8054602051e+02 5.8060601807e+02 5.8066198730e+02 5.8072100830e+02 5.8078601074e+02 5.8083502197e+02 5.8086999512e+02 5.8091802979e+02 5.8092602539e+02 5.8091699219e+02 5.8092199707e+02 5.8092102051e+02 5.8094897461e+02 5.8099902344e+02 5.8107202148e+02 5.8113299561e+02 5.8113098145e+02 5.8111700439e+02 5.8109301758e+02 5.8109600830e+02 5.8112799072e+02 5.8115502930e+02 5.8118597412e+02 5.8123297119e+02 5.8129998779e+02 5.8135400391e+02
5.7635699463e+02 5.7704901123e+02 5.7760198975e+02 5.7789202881e+02 5.7809802246e+02 5.7823699951e+02 5.7836401367e+02 5.7858001709e+02 5.7895397949e+02 5.7919201660e+02 5.7938500977e+02 5.7956097412e+02 5.7974102783e+02 5.7982299805e+02 5.7990399170e+02 5.8005102539e+02 5.8021997070e+02 5.8029199219e+02 5.8034698486e+02 5.8041101074e+02 5.8045898438e+02 5.8050701904e+02 5.8055700684e+02 5.8060797119e+02 5.8066998291e+02 5.8070001221e+02 5.8072998047e+02 5.8076800537e+02 5.8076898193e+02 5.8077197266e+02 5.8078900146e+02 5.8078802490e+02 5.8079302979e+02 5.8077697754e+02 5.8081597900e+02 5.8090100098e+02 5.8097198486e+02 5.8106097412e+02 5.8107000732e+02 5.8104302979e+02 5.8104498291e+02 5.8105200195e+02 5.8107598877e+02 5.8112597656e+02 5.8117797852e+02 5.8122998047e+02
5.7614202881e+02 5.7662200928e+02 5.7712097168e+02 5.7762902832e+02 5.7804699707e+02 5.7823400879e+02 5.7836102295e+02 5.7847998047e+02 5.7872900391e+02 5.7903302002e+02 5.7927502441e+02 5.7942700195e+02 5.7957397461e+02 5.7969500732e+02 5.7981597900e+02 5.7996997070e+02 5.8013702393e+02 5.8020599365e+02 5.8025097656e+02 5.8032598877e+02 5.8038702393e+02 5.8040802002e+02 5.8044897461e+02 5.8050299072e+02 5.8056597900e+02 5.8058697510e+02 5.8060302734e+02 5.8063397217e+02 5.8062298584e+02 5.8063000488e+02 5.8064300537e+02 5.8064398193e+02 5.8066101074e+02 5.8065100098e+02 5.8067199707e+02 5.8073400879e+02 5.8078002930e+02 5.8085998535e+02 5.8094897461e+02 5.8098797607e+02 5.8099902344e+02 5.8099597168e+02 5.8100097656e+02 5.8102697754e+02 5.8106896973e+02 5.8111401367e+02
5.7608599854e+02 5.7634197998e+02 5.7666802979e+02 5.7723999023e+02 5.7781402588e+02 5.7807897949e+02 5.7826300049e+02 5.7842199707e+02 5.7858697510e+02 5.7884802246e+02 5.7911499023e+02 5.7927697754e+02 5.7942102051e+02 5.7958502197e+02 5.7974298096e+02 5.7991302490e+02 5.8004901123e+02 5.8009002686e+02 5.8012902832e+02 5.8021502686e+02 5.8028399658e+02 5.8029797363e+02 5.8033697510e+02 5.8040002441e+02 5.8044097900e+02 5.8046301270e+02 5.8046697998e+02 5.8049401855e+02 5.8049298096e+02 5.8050701904e+02 5.8052301025e+02 5.8052801514e+02 5.8054602051e+02 5.8054101563e+02 5.8055297852e+02 5.8059399414e+02 5.8061499023e+02 5.8062597656e+02 5.8070202637e+02 5.8079199219e+02 5.8087200928e+02 5.8093701172e+02 5.8095599365e+02 5.8094500732e+02 5.8095300293e+02 5.8097998047e+02
5.7604400635e+02 5.7623101807e+02 5.7654998779e+02 5.7709997559e+02 5.7755401611e+02 5.7783300781e+02 5.7807098389e+02 5.7829302979e+02 5.7844201660e+02 5.7862097168e+02 5.7889001465e+02 5.7910900879e+02 5.7931799316e+02 5.7951300049e+02 5.7966802979e+02 5.7982202148e+02 5.7991998291e+02 5.7995098877e+02 5.7998999023e+02 5.8007299805e+02 5.8012799072e+02 5.8015899658e+02 5.8020898438e+02 5.8027001953e+02 5.8029498291e+02 5.8031500244e+02 5.8032598877e+02 5.8036602783e+02 5.8038000488e+02 5.8038598633e+02 5.8040197754e+02 5.8040301514e+02 5.8040997314e+02 5.8040600586e+02 5.8042297363e+02 5.8045300293e+02 5.8046997070e+02 5.8047698975e+02 5.8051202393e+02 5.8056597900e+02 5.8063897705e+02 5.8073297119e+02 5.8082702637e+02 5.8086999512e+02 5.8088098145e+02 5.8087500000e+02
