TESTSERVER/17/16.asc
NCOLS 100
NROWS 100
XLLCORNER 8.3497500000e+03
YLLCORNER 2.8915025000e+05
CELLSIZE 5.0000000000e-01
NODATA_VALUE -9.9990000000e+03
[rows 0 to 19 of 100, columns 46 to 91 of 100]
5.8520001221e+02 5.8520397949e+02 5.8520001221e+02 5.8520898438e+02 5.8523999023e+02 5.8523797607e+02 5.8524102783e+02 5.8525500488e+02 5.8527001953e+02 5.8528399658e+02 5.8529602051e+02 5.8530902100e+02 5.8531701660e+02 5.8530798340e+02 5.8531402588e+02 5.8532202148e+02 5.8533398438e+02 5.8534197998e+02 5.8534802246e+02 5.8535400391e+02 5.8536602783e+02 5.8537200928e+02 5.8538598633e+02 5.8540197754e+02 5.8541302490e+02 5.8541900635e+02 5.8541802979e+02 5.8541699219e+02 5.8543402100e+02 5.8543701172e+02 5.8545001221e+02 5.8544799805e+02 5.8545202637e+02 5.8547601318e+02 5.8547601318e+02 5.8548901367e+02 5.8551898193e+02 5.8551702881e+02 5.8552697754e+02 5.8554302979e+02 5.8555603027e+02 5.8557897949e+02 5.8559301758e+02 5.8560601807e+02 5.8561700439e+02 5.8561798096e+02
5.8513500977e+02 5.8513098145e+02 5.8511602783e+02 5.8511901855e+02 5.8515100098e+02 5.8515698242e+02 5.8516400146e+02 5.8518200684e+02 5.8519500732e+02 5.8520697021e+02 5.8521197510e+02 5.8521899414e+02 5.8523101807e+02 5.8523699951e+02 5.8524298096e+02 5.8524902344e+02 5.8525701904e+02 5.8526501465e+02 5.8527899170e+02 5.8529602051e+02 5.8530700684e+02 5.8531701660e+02 5.8532501221e+02 5.8533398438e+02 5.8534002686e+02 5.8535601807e+02 5.8535900879e+02 5.8536297607e+02 5.8537701416e+02 5.8537799072e+02 5.8538000488e+02 5.8537500000e+02 5.8537902832e+02 5.8540802002e+02 5.8541400146e+02 5.8542901611e+02 5.8545599365e+02 5.8546099854e+02 5.8546899414e+02 5.8548199463e+02 5.8549401855e+02 5.8551702881e+02 5.8552197266e+02 5.8552899170e+02 5.8555297852e+02 5.8556201172e+02
5.8506597900e+02 5.8506402588e+02 5.8504400635e+02 5.8503802490e+02 5.8505798340e+02 5.8506097412e+02 5.8506597900e+02 5.8508502197e+02 5.8510601807e+02 5.8511901855e+02 5.8512701416e+02 5.8513598633e+02 5.8514801025e+02 5.8516400146e+02 5.8517700195e+02 5.8518402100e+02 5.8518701172e+02 5.8519201660e+02 5.8520898438e+02 5.8523400879e+02 5.8524700928e+02 5.8525701904e+02 5.8526098633e+02 5.8526300049e+02 5.8526599121e+02 5.8528399658e+02 5.8529101563e+02 5.8529400635e+02 5.8530499268e+02 5.8531201172e+02 5.8531701660e+02 5.8531701660e+02 5.8531799316e+02 5.8534497070e+02 5.8535699463e+02 5.8537097168e+02 5.8538800049e+02 5.8538897705e+02 5.8539202881e+02 5.8540197754e+02 5.8541601563e+02 5.8543798828e+02 5.8545300293e+02 5.8546502686e+02 5.8548297119e+02 5.8549597168e+02
5.8497998047e+02 5.8498101807e+02 5.8496301270e+02 5.8495098877e+02 5.8495599365e+02 5.8495001221e+02 5.8495397949e+02 5.8497698975e+02 5.8501202393e+02 5.8502600098e+02 5.8503900146e+02 5.8505499268e+02 5.8506597900e+02 5.8508502197e+02 5.8510302734e+02 5.8511297607e+02 5.8511700439e+02 5.8511499023e+02 5.8512799072e+02 5.8515502930e+02 5.8517401123e+02 5.8517797852e+02 5.8518298340e+02 5.8519097900e+02 5.8520202637e+02 5.8521997070e+02 5.8522601318e+02 5.8522998047e+02 5.8523699951e+02 5.8523999023e+02 5.8524200439e+02 5.8524401855e+02 5.8526000977e+02 5.8527600098e+02 5.8528997803e+02 5.8530297852e+02 5.8531799316e+02 5.8531896973e+02 5.8532098389e+02 5.8533001709e+02 5.8534600830e+02 5.8536297607e+02 5.8538098145e+02 5.8540002441e+02 5.8541998291e+02 5.8542901611e+02
5.8487799072e+02 5.8487097168e+02 5.8486102295e+02 5.8485900879e+02 5.8485601807e+02 5.8484100342e+02 5.8484600830e+02 5.8487799072e+02 5.8492102051e+02 5.8492999268e+02 5.8494500732e+02 5.8496398926e+02 5.8498297119e+02 5.8499798584e+02 5.8501000977e+02 5.8502697754e+02 5.8505200195e+02 5.8504302979e+02 5.8504797363e+02 5.8506597900e+02 5.8508801270e+02 5.8509698486e+02 5.8510198975e+02 5.8511798096e+02 5.8514599609e+02 5.8515100098e+02 5.8515502930e+02 5.8517102051e+02 5.8520599365e+02 5.8518103027e+02 5.8515899658e+02 5.8516699219e+02 5.8521697998e+02 5.8520202637e+02 5.8521099854e+02 5.8523400879e+02 5.8525000000e+02 5.8526397705e+02 5.8527197266e+02 5.8527398682e+02 5.8528601074e+02 5.8529797363e+02 5.8530999756e+02 5.8533001709e+02 5.8536499023e+02 5.8537298584e+02
5.8477899170e+02 5.8476599121e+02 5.8476599121e+02 5.8477001953e+02 5.8476300049e+02 5.8475402832e+02 5.8475500488e+02 5.8477398682e+02 5.8480798340e+02 5.8482501221e+02 5.8484301758e+02 5.8486401367e+02 5.8488598633e+02 5.8490600586e+02 5.8491101074e+02 5.8492401123e+02 5.8495800781e+02 5.8496600342e+02 5.8496997070e+02 5.8498602295e+02 5.8501000977e+02 5.8503002930e+02 5.8503497314e+02 5.8504302979e+02 5.8506201172e+02 5.8507897949e+02 5.8507897949e+02 5.8508599854e+02 5.8511297607e+02 5.8509301758e+02 5.8508697510e+02 5.8510302734e+02 5.8513598633e+02 5.8513702393e+02 5.8515197754e+02 5.8517700195e+02 5.8518499756e+02 5.8520300293e+02 5.8521997070e+02 5.8521899414e+02 5.8521997070e+02 5.8522802734e+02 5.8524298096e+02 5.8526501465e+02 5.8529199219e+02 5.8530700684e+02
5.8466998291e+02 5.8466802979e+02 5.8467602539e+02 5.8467199707e+02 5.8466601563e+02 5.8466198730e+02 5.8466302490e+02 5.8467297363e+02 5.8469201660e+02 5.8471197510e+02 5.8473297119e+02 5.8475402832e+02 5.8477398682e+02 5.8480102539e+02 5.8480999756e+02 5.8482299805e+02 5.8485400391e+02 5.8486499023e+02 5.8487597656e+02 5.8489300537e+02 5.8491900635e+02 5.8494702148e+02 5.8495501709e+02 5.8496197510e+02 5.8497900391e+02 5.8500598145e+02 5.8500097656e+02 5.8499499512e+02 5.8502197266e+02 5.8501599121e+02 5.8502697754e+02 5.8503997803e+02 5.8506201172e+02 5.8508001709e+02 5.8508502197e+02 5.8509899902e+02 5.8510797119e+02 5.8512701416e+02 5.8515301514e+02 5.8516601563e+02 5.8516497803e+02 5.8517401123e+02 5.8519097900e+02 5.8521002197e+02 5.8522601318e+02 5.8523199463e+02
5.8453698730e+02 5.8454602051e+02 5.8456201172e+02 5.8456500244e+02 5.8456500244e+02 5.8456402588e+02 5.8456701660e+02 5.8457501221e+02 5.8458300781e+02 5.8459802246e+02 5.8462097168e+02 5.8464202881e+02 5.8465698242e+02 5.8469396973e+02 5.8471099854e+02 5.8472698975e+02 5.8475402832e+02 5.8476599121e+02 5.8478302002e+02 5.8480102539e+02 5.8482397461e+02 5.8484997559e+02 5.8485998535e+02 5.8486999512e+02 5.8489202881e+02 5.8493200684e+02 5.8492999268e+02 5.8492199707e+02 5.8495300293e+02 5.8495098877e+02 5.8496600342e+02 5.8497698975e+02 5.8498797607e+02 5.8501300049e+02 5.8501098633e+02 5.8501501465e+02 5.8503198242e+02 5.8504602051e+02 5.8507098389e+02 5.8509301758e+02 5.8509197998e+02 5.8511700439e+02 5.8513397217e+02 5.8514001465e+02 5.8515502930e+02 5.8516101074e+02
5.8440399170e+02 5.8440899658e+02 5.8442700195e+02 5.8444396973e+02 5.8444097900e+02 5.8445202637e+02 5.8446600342e+02 5.8448199463e+02 5.8449499512e+02 5.8450598145e+02 5.8452697754e+02 5.8454699707e+02 5.8455401611e+02 5.8459002686e+02 5.8461602783e+02 5.8463299561e+02 5.8465502930e+02 5.8467498779e+02 5.8469500732e+02 5.8472399902e+02 5.8475500488e+02 5.8476397705e+02 5.8477001953e+02 5.8478002930e+02 5.8479699707e+02 5.8483502197e+02 5.8484301758e+02 5.8484497070e+02 5.8487500000e+02 5.8486901855e+02 5.8488598633e+02 5.8489398193e+02 5.8489697266e+02 5.8491101074e+02 5.8492602539e+02 5.8494000244e+02 5.8497998047e+02 5.8498699951e+02 5.8500402832e+02 5.8502001953e+02 5.8501898193e+02 5.8504797363e+02 5.8505603027e+02 5.8506402588e+02 5.8509497070e+02 5.8510998535e+02
5.8427899170e+02 5.8427600098e+02 5.8428302002e+02 5.8430603027e+02 5.8431402588e+02 5.8433300781e+02 5.8437298584e+02 5.8439398193e+02 5.8438897705e+02 5.8440802002e+02 5.8441802979e+02 5.8444598389e+02 5.8446502686e+02 5.8448297119e+02 5.8450097656e+02 5.8452197266e+02 5.8454797363e+02 5.8457000732e+02 5.8459002686e+02 5.8462402344e+02 5.8465600586e+02 5.8466802979e+02 5.8468103027e+02 5.8470098877e+02 5.8471697998e+02 5.8473699951e+02 5.8475299072e+02 5.8477099609e+02 5.8480200195e+02 5.8478997803e+02 5.8481896973e+02 5.8484399414e+02 5.8484997559e+02 5.8483599854e+02 5.8485900879e+02 5.8488000488e+02 5.8491400146e+02 5.8494000244e+02 5.8494097900e+02 5.8494396973e+02 5.8494702148e+02 5.8496997070e+02 5.8498101807e+02 5.8500299072e+02 5.8502197266e+02 5.8503802490e+02
5.8414697266e+02 5.8414398193e+02 5.8414697266e+02 5.8416400146e+02 5.8417797852e+02 5.8420599365e+02 5.8424102783e+02 5.8424798584e+02 5.8426702881e+02 5.8431500244e+02 5.8432202148e+02 5.8434802246e+02 5.8437597656e+02 5.8438598633e+02 5.8439599609e+02 5.8441900635e+02 5.8445098877e+02 5.8447998047e+02 5.8449798584e+02 5.8452899170e+02 5.8455798340e+02 5.8457397461e+02 5.8459100342e+02 5.8461297607e+02 5.8463397217e+02 5.8465002441e+02 5.8467297363e+02 5.8469299316e+02 5.8471997070e+02 5.8471997070e+02 5.8473400879e+02 5.8476000977e+02 5.8478100586e+02 5.8476501465e+02 5.8478497314e+02 5.8480798340e+02 5.8484399414e+02 5.8487402344e+02 5.8487097168e+02 5.8487701416e+02 5.8490301514e+02 5.8490502930e+02 5.8491802979e+02 5.8495501709e+02 5.8496697998e+02 5.8497399902e+02
5.8399298096e+02 5.8400000000e+02 5.8400701904e+02 5.8401599121e+02 5.8403198242e+02 5.8407897949e+02 5.8410699463e+02 5.8410601807e+02 5.8414801025e+02 5.8420001221e+02 5.8421502686e+02 5.8424700928e+02 5.8427600098e+02 5.8429302979e+02 5.8430499268e+02 5.8432897949e+02 5.8436199951e+02 5.8439202881e+02 5.8440502930e+02 5.8443499756e+02 5.8445898438e+02 5.8448297119e+02 5.8450402832e+02 5.8452301025e+02 5.8454302979e+02 5.8456896973e+02 5.8459497070e+02 5.8460797119e+02 5.8463098145e+02 5.8464697266e+02 5.8465301514e+02 5.8466601563e+02 5.8468798828e+02 5.8469000244e+02 5.8471301270e+02 5.8474499512e+02 5.8478302002e+02 5.8479797363e+02 5.8479199219e+02 5.8480297852e+02 5.8483502197e+02 5.8484002686e+02 5.8485400391e+02 5.8489099121e+02 5.8491198730e+02 5.8492199707e+02
5.8383398438e+02 5.8386102295e+02 5.8387902832e+02 5.8388897705e+02 5.8389898682e+02 5.8394500732e+02 5.8398199463e+02 5.8400000000e+02 5.8402899170e+02 5.8407501221e+02 5.8410998535e+02 5.8413800049e+02 5.8415399170e+02 5.8419299316e+02 5.8422100830e+02 5.8425000000e+02 5.8428302002e+02 5.8428802490e+02 5.8430297852e+02 5.8433801270e+02 5.8436602783e+02 5.8439099121e+02 5.8441497803e+02 5.8442999268e+02 5.8445300293e+02 5.8448999023e+02 5.8451397705e+02 5.8452697754e+02 5.8454901123e+02 5.8456896973e+02 5.8458099365e+02 5.8459197998e+02 5.8461199951e+02 5.8463800049e+02 5.8464202881e+02 5.8465899658e+02 5.8468298340e+02 5.8472198486e+02 5.8473297119e+02 5.8472802734e+02 5.8474700928e+02 5.8480297852e+02 5.8481402588e+02 5.8481896973e+02 5.8483099365e+02 5.8485198975e+02
5.8368200684e+02 5.8371301270e+02 5.8373602295e+02 5.8375598145e+02 5.8377600098e+02 5.8381201172e+02 5.8385601807e+02 5.8388500977e+02 5.8389898682e+02 5.8395800781e+02 5.8400000000e+02 5.8403002930e+02 5.8405499268e+02 5.8409100342e+02 5.8412597656e+02 5.8415899658e+02 5.8419702148e+02 5.8420300293e+02 5.8421099854e+02 5.8424200439e+02 5.8427899170e+02 5.8430401611e+02 5.8432299805e+02 5.8434100342e+02 5.8437200928e+02 5.8440698242e+02 5.8442297363e+02 5.8443597412e+02 5.8446301270e+02 5.8448699951e+02 5.8450598145e+02 5.8453601074e+02 5.8454901123e+02 5.8457397461e+02 5.8458599854e+02 5.8460101318e+02 5.8461401367e+02 5.8463702393e+02 5.8465197754e+02 5.8466101074e+02 5.8469396973e+02 5.8473297119e+02 5.8473999023e+02 5.8476202393e+02 5.8477600098e+02 5.8478900146e+02
5.8353302002e+02 5.8355200195e+02 5.8358300781e+02 5.8361999512e+02 5.8365100098e+02 5.8368402100e+02 5.8373199463e+02 5.8376000977e+02 5.8376501465e+02 5.8382202148e+02 5.8387500000e+02 5.8390997314e+02 5.8394000244e+02 5.8398699951e+02 5.8403302002e+02 5.8406597900e+02 5.8409997559e+02 5.8411602783e+02 5.8412200928e+02 5.8414801025e+02 5.8417901611e+02 5.8419500732e+02 5.8421502686e+02 5.8424798584e+02 5.8428399658e+02 5.8431500244e+02 5.8433398438e+02 5.8435601807e+02 5.8438598633e+02 5.8441601563e+02 5.8443402100e+02 5.8445397949e+02 5.8447698975e+02 5.8449902344e+02 5.8451202393e+02 5.8454101563e+02 5.8455798340e+02 5.8458099365e+02 5.8460101318e+02 5.8460797119e+02 5.8462500000e+02 5.8464801025e+02 5.8466998291e+02 5.8470001221e+02 5.8471801758e+02 5.8473400879e+02
5.8338702393e+02 5.8340600586e+02 5.8344299316e+02 5.8348199463e+02 5.8350701904e+02 5.8353802490e+02 5.8358502197e+02 5.8361901855e+02 5.8364099121e+02 5.8369702148e+02 5.8375402832e+02 5.8379400635e+02 5.8382202148e+02 5.8387701416e+02 5.8392901611e+02 5.8396301270e+02 5.8400000000e+02 5.8403198242e+02 5.8404400635e+02 5.8406701660e+02 5.8409002686e+02 5.8410101318e+02 5.8412097168e+02 5.8415802002e+02 5.8419299316e+02 5.8422198486e+02 5.8424499512e+02 5.8427697754e+02 5.8430999756e+02 5.8434698486e+02 5.8436499023e+02 5.8438098145e+02 5.8440997314e+02 5.8441998291e+02 5.8442602539e+02 5.8446002197e+02 5.8447998047e+02 5.8450402832e+02 5.8453399658e+02 5.8453900146e+02 5.8455200195e+02 5.8457897949e+02 5.8459802246e+02 5.8462701416e+02 5.8465698242e+02 5.8467602539e+02
5.8326501465e+02 5.8328497314e+02 5.8330902100e+02 5.8333599854e+02 5.8336102295e+02 5.8340002441e+02 5.8342498779e+02 5.8346099854e+02 5.8351800537e+02 5.8358001709e+02 5.8363397217e+02 5.8367999268e+02 5.8373199463e+02 5.8376702881e+02 5.8380700684e+02 5.8384600830e+02 5.8387701416e+02 5.8392700195e+02 5.8395300293e+02 5.8398297119e+02 5.8402099609e+02 5.8402697754e+02 5.8404602051e+02 5.8407800293e+02 5.8410699463e+02 5.8413299561e+02 5.8415197754e+02 5.8418402100e+02 5.8422100830e+02 5.8425701904e+02 5.8427398682e+02 5.8429901123e+02 5.8433300781e+02 5.8433001709e+02 5.8434698486e+02 5.8438500977e+02 5.8440301514e+02 5.8440802002e+02 5.8444500732e+02 5.8446697998e+02 5.8448297119e+02 5.8452197266e+02 5.8453302002e+02 5.8456201172e+02 5.8458898926e+02 5.8459399414e+02
5.8314501953e+02 5.8316198730e+02 5.8319299316e+02 5.8322802734e+02 5.8325097656e+02 5.8327801514e+02 5.8330700684e+02 5.8333697510e+02 5.8339099121e+02 5.8346398926e+02 5.8351098633e+02 5.8356201172e+02 5.8361798096e+02 5.8364898682e+02 5.8369598389e+02 5.8374200439e+02 5.8377197266e+02 5.8381402588e+02 5.8384197998e+02 5.8388598633e+02 5.8392797852e+02 5.8393597412e+02 5.8396801758e+02 5.8400402832e+02 5.8403002930e+02 5.8405297852e+02 5.8407501221e+02 5.8410400391e+02 5.8413397217e+02 5.8416900635e+02 5.8418902588e+02 5.8420800781e+02 5.8424200439e+02 5.8426000977e+02 5.8427301025e+02 5.8429302979e+02 5.8432000732e+02 5.8433801270e+02 5.8437097168e+02 5.8440301514e+02 5.8441998291e+02 5.8445599365e+02 5.8446398926e+02 5.8449298096e+02 5.8451202393e+02 5.8453002930e+02
5.8303497314e+02 5.8304602051e+02 5.8307000732e+02 5.8310498047e+02 5.8314898682e+02 5.8318902588e+02 5.8322998047e+02 5.8325000000e+02 5.8328900146e+02 5.8336401367e+02 5.8340600586e+02 5.8344897461e+02 5.8349700928e+02 5.8353601074e+02 5.8359399414e+02 5.8364801025e+02 5.8368298340e+02 5.8371801758e+02 5.8374401855e+02 5.8379602051e+02 5.8383398438e+02 5.8384997559e+02 5.8389099121e+02 5.8392797852e+02 5.8395202637e+02 5.8398199463e+02 5.8401397705e+02 5.8403997803e+02 5.8405297852e+02 5.8407397461e+02 5.8410498047e+02 5.8412902832e+02 5.8415997314e+02 5.8418701172e+02 5.8419598389e+02 5.8421197510e+02 5.8424798584e+02 5.8426800537e+02 5.8429998779e+02 5.8433599854e+02 5.8435302734e+02 5.8437500000e+02 5.8438598633e+02 5.8441699219e+02 5.8444299316e+02 5.8447698975e+02
5.8293103027e+02 5.8294897461e+02 5.8295300293e+02 5.8297802734e+02 5.8303198242e+02 5.8308300781e+02 5.8314001465e+02 5.8316601563e+02 5.8320397949e+02 5.8327600098e+02 5.8331097412e+02 5.8334698486e+02 5.8338800049e+02 5.8342797852e+02 5.8347998047e+02 5.8353302002e+02 5.8358502197e+02 5.8363000488e+02 5.8365698242e+02 5.8370599365e+02 5.8374499512e+02 5.8376397705e+02 5.8380603027e+02 5.8384399414e+02 5.8387097168e+02 5.8390502930e+02 5.8393798828e+02 5.8396099854e+02 5.8397802734e+02 5.8399102783e+02 5.8402600098e+02 5.8405499268e+02 5.8409002686e+02 5.8411901855e+02 5.8412799072e+02 5.8414801025e+02 5.8418298340e+02 5.8420501709e+02 5.8423297119e+02 5.8426397705e+02 5.8428698730e+02 5.8430700684e+02 5.8432702637e+02 5.8435998535e+02 5.8438201904e+02 5.8441497803e+02
