TESTSERVER/17/16.asc
NCOLS 100
NROWS 100
XLLCORNER 8.3497500000e+03
YLLCORNER 2.8915025000e+05
CELLSIZE 5.0000000000e-01
NODATA_VALUE -9.9990000000e+03
[rows 80 to 99 of 100, columns 46 to 91 of 100]
5.7189599609e+02 5.7202301025e+02 5.7215698242e+02 5.7229101563e+02 5.7242797852e+02 5.7256500244e+02 5.7269299316e+02 5.7281597900e+02 5.7292700195e+02 5.7302001953e+02 5.7311401367e+02 5.7320501709e+02 5.7331298828e+02 5.7339001465e+02 5.7347802734e+02 5.7355798340e+02 5.7363000488e+02 5.7367602539e+02 5.7372998047e+02 5.7380401611e+02 5.7391497803e+02 5.7401202393e+02 5.7407800293e+02 5.7416400146e+02 5.7427697754e+02 5.7435198975e+02 5.7444000244e+02 5.7455700684e+02 5.7465802002e+02 5.7473901367e+02 5.7482501221e+02 5.7486499023e+02 5.7485797119e+02 5.7484002686e+02 5.7479998779e+02 5.7479400635e+02 5.7485998535e+02 5.7506799316e+02 5.7524499512e+02 5.7532397461e+02 5.7531298828e+02 5.7538800049e+02 5.7543701172e+02 5.7549902344e+02 5.7558599854e+02 5.7565600586e+02
5.7168902588e+02 5.7180499268e+02 5.7193298340e+02 5.7205999756e+02 5.7218798828e+02 5.7231597900e+02 5.7244000244e+02 5.7255999756e+02 5.7267602539e+02 5.7278002930e+02 5.7288098145e+02 5.7297998047e+02 5.7307098389e+02 5.7315997314e+02 5.7324401855e+02 5.7331597900e+02 5.7338098145e+02 5.7342901611e+02 5.7348101807e+02 5.7354400635e+02 5.7361102295e+02 5.7366198730e+02 5.7372802734e+02 5.7383099365e+02 5.7398498535e+02 5.7407800293e+02 5.7415301514e+02 5.7421697998e+02 5.7426800537e+02 5.7431597900e+02 5.7438702393e+02 5.7441998291e+02 5.7441400146e+02 5.7439599609e+02 5.7436199951e+02 5.7437298584e+02 5.7447698975e+02 5.7460198975e+02 5.7477099609e+02 5.7494000244e+02 5.7502301025e+02 5.7505603027e+02 5.7507501221e+02 5.7511199951e+02 5.7521600342e+02 5.7529901123e+02
5.7147900391e+02 5.7158099365e+02 5.7170098877e+02 5.7182098389e+02 5.7194598389e+02 5.7207202148e+02 5.7219097900e+02 5.7230700684e+02 5.7241998291e+02 5.7252697754e+02 5.7262902832e+02 5.7272698975e+02 5.7281799316e+02 5.7290502930e+02 5.7298400879e+02 5.7305200195e+02 5.7311297607e+02 5.7316101074e+02 5.7321099854e+02 5.7327099609e+02 5.7335198975e+02 5.7343200684e+02 5.7350402832e+02 5.7359997559e+02 5.7372900391e+02 5.7382897949e+02 5.7390698242e+02 5.7393798828e+02 5.7394396973e+02 5.7397601318e+02 5.7401599121e+02 5.7401800537e+02 5.7399597168e+02 5.7397198486e+02 5.7396502686e+02 5.7403198242e+02 5.7417901611e+02 5.7424700928e+02 5.7435797119e+02 5.7455902100e+02 5.7473297119e+02 5.7479101563e+02 5.7482598877e+02 5.7486199951e+02 5.7493902588e+02 5.7500897217e+02
5.7126300049e+02 5.7135498047e+02 5.7146801758e+02 5.7158197021e+02 5.7170300293e+02 5.7182501221e+02 5.7193902588e+02 5.7204998779e+02 5.7215698242e+02 5.7226202393e+02 5.7236297607e+02 5.7246099854e+02 5.7254901123e+02 5.7263098145e+02 5.7270697021e+02 5.7277001953e+02 5.7282501221e+02 5.7287097168e+02 5.7292401123e+02 5.7298602295e+02 5.7308697510e+02 5.7321398926e+02 5.7329699707e+02 5.7337500000e+02 5.7346697998e+02 5.7358300781e+02 5.7370697021e+02 5.7375201416e+02 5.7371099854e+02 5.7370898438e+02 5.7370697021e+02 5.7367498779e+02 5.7365502930e+02 5.7363397217e+02 5.7363201904e+02 5.7371398926e+02 5.7385699463e+02 5.7390399170e+02 5.7398498535e+02 5.7416400146e+02 5.7433599854e+02 5.7440802002e+02 5.7447399902e+02 5.7454498291e+02 5.7465698242e+02 5.7476202393e+02
5.7102197266e+02 5.7112500000e+02 5.7123199463e+02 5.7133898926e+02 5.7144500732e+02 5.7156896973e+02 5.7167999268e+02 5.7178601074e+02 5.7188598633e+02 5.7198297119e+02 5.7207598877e+02 5.7216601563e+02 5.7224798584e+02 5.7234301758e+02 5.7241400146e+02 5.7246801758e+02 5.7249597168e+02 5.7255700684e+02 5.7261798096e+02 5.7269000244e+02 5.7277398682e+02 5.7288897705e+02 5.7298498535e+02 5.7306298828e+02 5.7313299561e+02 5.7323297119e+02 5.7336798096e+02 5.7345001221e+02 5.7343298340e+02 5.7341101074e+02 5.7339001465e+02 5.7336499023e+02 5.7339202881e+02 5.7334899902e+02 5.7333001709e+02 5.7339099121e+02 5.7348400879e+02 5.7353002930e+02 5.7359301758e+02 5.7368298340e+02 5.7381500244e+02 5.7399902344e+02 5.7411297607e+02 5.7421697998e+02 5.7437500000e+02 5.7449902344e+02
5.7079400635e+02 5.7089898682e+02 5.7100299072e+02 5.7110601807e+02 5.7121197510e+02 5.7132397461e+02 5.7142999268e+02 5.7153002930e+02 5.7162402344e+02 5.7170697021e+02 5.7178497314e+02 5.7186297607e+02 5.7195098877e+02 5.7204498291e+02 5.7210998535e+02 5.7215502930e+02 5.7219500732e+02 5.7224902344e+02 5.7230603027e+02 5.7237402344e+02 5.7245898438e+02 5.7253698730e+02 5.7260400391e+02 5.7267401123e+02 5.7275097656e+02 5.7281298828e+02 5.7290899658e+02 5.7300000000e+02 5.7304699707e+02 5.7305603027e+02 5.7303198242e+02 5.7300500488e+02 5.7301202393e+02 5.7296697998e+02 5.7296899414e+02 5.7304797363e+02 5.7316497803e+02 5.7323999023e+02 5.7330102539e+02 5.7335797119e+02 5.7346600342e+02 5.7365997314e+02 5.7382702637e+02 5.7395202637e+02 5.7404699707e+02 5.7413201904e+02
5.7056896973e+02 5.7067700195e+02 5.7077801514e+02 5.7087799072e+02 5.7098101807e+02 5.7108801270e+02 5.7118701172e+02 5.7127801514e+02 5.7135900879e+02 5.7143200684e+02 5.7150598145e+02 5.7158099365e+02 5.7166802979e+02 5.7176098633e+02 5.7182299805e+02 5.7186401367e+02 5.7190100098e+02 5.7194897461e+02 5.7200000000e+02 5.7206298828e+02 5.7214697266e+02 5.7220697021e+02 5.7225097656e+02 5.7230603027e+02 5.7238598633e+02 5.7244500732e+02 5.7251501465e+02 5.7258197021e+02 5.7261999512e+02 5.7262097168e+02 5.7258697510e+02 5.7256500244e+02 5.7259197998e+02 5.7259497070e+02 5.7262597656e+02 5.7270001221e+02 5.7279797363e+02 5.7286700439e+02 5.7293200684e+02 5.7302301025e+02 5.7318298340e+02 5.7335198975e+02 5.7350000000e+02 5.7363598633e+02 5.7372698975e+02 5.7379302979e+02
5.7034802246e+02 5.7045501709e+02 5.7055401611e+02 5.7065002441e+02 5.7075000000e+02 5.7085198975e+02 5.7094201660e+02 5.7102398682e+02 5.7109399414e+02 5.7116497803e+02 5.7124200439e+02 5.7132299805e+02 5.7141101074e+02 5.7150201416e+02 5.7156097412e+02 5.7159497070e+02 5.7161901855e+02 5.7165301514e+02 5.7169799805e+02 5.7175598145e+02 5.7183599854e+02 5.7188598633e+02 5.7191802979e+02 5.7196502686e+02 5.7203497314e+02 5.7208697510e+02 5.7214099121e+02 5.7217797852e+02 5.7217700195e+02 5.7214898682e+02 5.7210699463e+02 5.7209997559e+02 5.7216699219e+02 5.7222802734e+02 5.7227099609e+02 5.7231201172e+02 5.7236199951e+02 5.7243298340e+02 5.7250500488e+02 5.7263299561e+02 5.7286102295e+02 5.7305499268e+02 5.7319500732e+02 5.7333398438e+02 5.7346398926e+02 5.7353997803e+02
5.7015899658e+02 5.7023699951e+02 5.7032800293e+02 5.7041900635e+02 5.7051202393e+02 5.7060601807e+02 5.7068597412e+02 5.7076000977e+02 5.7082598877e+02 5.7091302490e+02 5.7100701904e+02 5.7110498047e+02 5.7121398926e+02 5.7129498291e+02 5.7135302734e+02 5.7136602783e+02 5.7133502197e+02 5.7134197998e+02 5.7138702393e+02 5.7145397949e+02 5.7154699707e+02 5.7157598877e+02 5.7160400391e+02 5.7164801025e+02 5.7169500732e+02 5.7171600342e+02 5.7177801514e+02 5.7180499268e+02 5.7176599121e+02 5.7172198486e+02 5.7169201660e+02 5.7169299316e+02 5.7173498535e+02 5.7181500244e+02 5.7183197021e+02 5.7181597900e+02 5.7184802246e+02 5.7202301025e+02 5.7215502930e+02 5.7231896973e+02 5.7253399658e+02 5.7276898193e+02 5.7294702148e+02 5.7307501221e+02 5.7317999268e+02 5.7327301025e+02
5.6993298340e+02 5.7001202393e+02 5.7009997559e+02 5.7018798828e+02 5.7027697754e+02 5.7035699463e+02 5.7043298340e+02 5.7050402832e+02 5.7057501221e+02 5.7066900635e+02 5.7076898193e+02 5.7087298584e+02 5.7097998047e+02 5.7110601807e+02 5.7115899658e+02 5.7114398193e+02 5.7107598877e+02 5.7104199219e+02 5.7107202148e+02 5.7113000488e+02 5.7119097900e+02 5.7122998047e+02 5.7126397705e+02 5.7130999756e+02 5.7138000488e+02 5.7141101074e+02 5.7145098877e+02 5.7145898438e+02 5.7140399170e+02 5.7135900879e+02 5.7134301758e+02 5.7136199951e+02 5.7138598633e+02 5.7141400146e+02 5.7141998291e+02 5.7139398193e+02 5.7143103027e+02 5.7158801270e+02 5.7178900146e+02 5.7203900146e+02 5.7226898193e+02 5.7247601318e+02 5.7264801025e+02 5.7277697754e+02 5.7287500000e+02 5.7297497559e+02
5.6969500732e+02 5.6977398682e+02 5.6986199951e+02 5.6995001221e+02 5.7003601074e+02 5.7011401367e+02 5.7018798828e+02 5.7025799561e+02 5.7032299805e+02 5.7040899658e+02 5.7050598145e+02 5.7060699463e+02 5.7070898438e+02 5.7082299805e+02 5.7087701416e+02 5.7086602783e+02 5.7079797363e+02 5.7076098633e+02 5.7077600098e+02 5.7081298828e+02 5.7084698486e+02 5.7087200928e+02 5.7090002441e+02 5.7093597412e+02 5.7100598145e+02 5.7103698730e+02 5.7106298828e+02 5.7107397461e+02 5.7102801514e+02 5.7098602295e+02 5.7096997070e+02 5.7100000000e+02 5.7104699707e+02 5.7108398438e+02 5.7109002686e+02 5.7106097412e+02 5.7108801270e+02 5.7122802734e+02 5.7146301270e+02 5.7172998047e+02 5.7196099854e+02 5.7217602539e+02 5.7235302734e+02 5.7250897217e+02 5.7261102295e+02 5.7269897461e+02
5.6944598389e+02 5.6952899170e+02 5.6961798096e+02 5.6970599365e+02 5.6978900146e+02 5.6986401367e+02 5.6993798828e+02 5.7000799561e+02 5.7006799316e+02 5.7014300537e+02 5.7023498535e+02 5.7032897949e+02 5.7040698242e+02 5.7048901367e+02 5.7054602051e+02 5.7054998779e+02 5.7050598145e+02 5.7048498535e+02 5.7050000000e+02 5.7052697754e+02 5.7054199219e+02 5.7054101563e+02 5.7054602051e+02 5.7055603027e+02 5.7058099365e+02 5.7057397461e+02 5.7061297607e+02 5.7066198730e+02 5.7066198730e+02 5.7062701416e+02 5.7059197998e+02 5.7060101318e+02 5.7064501953e+02 5.7067901611e+02 5.7071099854e+02 5.7073602295e+02 5.7080102539e+02 5.7092199707e+02 5.7116802979e+02 5.7144201660e+02 5.7165802002e+02 5.7187902832e+02 5.7204797363e+02 5.7221301270e+02 5.7234002686e+02 5.7242797852e+02
5.6917199707e+02 5.6928497314e+02 5.6937298584e+02 5.6945599365e+02 5.6953198242e+02 5.6960601807e+02 5.6967797852e+02 5.6974700928e+02 5.6981298828e+02 5.6988897705e+02 5.6997399902e+02 5.7005603027e+02 5.7011199951e+02 5.7015802002e+02 5.7021002197e+02 5.7023400879e+02 5.7023199463e+02 5.7021099854e+02 5.7023602295e+02 5.7026800537e+02 5.7030499268e+02 5.7027398682e+02 5.7026000977e+02 5.7024200439e+02 5.7020697021e+02 5.7015899658e+02 5.7021197510e+02 5.7030200195e+02 5.7038397217e+02 5.7035101318e+02 5.7028601074e+02 5.7023901367e+02 5.7024902344e+02 5.7027398682e+02 5.7035101318e+02 5.7047497559e+02 5.7059399414e+02 5.7063299561e+02 5.7083801270e+02 5.7114099121e+02 5.7137701416e+02 5.7160198975e+02 5.7174798584e+02 5.7188702393e+02 5.7204302979e+02 5.7214202881e+02
5.6894000244e+02 5.6904797363e+02 5.6913201904e+02 5.6920501709e+02 5.6927001953e+02 5.6933697510e+02 5.6940802002e+02 5.6948101807e+02 5.6956201172e+02 5.6965698242e+02 5.6974597168e+02 5.6982397461e+02 5.6987701416e+02 5.6995098877e+02 5.7002301025e+02 5.7008001709e+02 5.7010198975e+02 5.7008001709e+02 5.7007501221e+02 5.7006500244e+02 5.7007299805e+02 5.7008801270e+02 5.7007897949e+02 5.7005499268e+02 5.7004797363e+02 5.6999102783e+02 5.6995697021e+02 5.6997399902e+02 5.7004101563e+02 5.7003399658e+02 5.6995098877e+02 5.6990502930e+02 5.6997900391e+02 5.7004602051e+02 5.7012500000e+02 5.7023101807e+02 5.7031402588e+02 5.7038000488e+02 5.7055902100e+02 5.7081097412e+02 5.7103997803e+02 5.7132299805e+02 5.7147900391e+02 5.7159197998e+02 5.7173297119e+02 5.7186102295e+02
5.6870300293e+02 5.6879400635e+02 5.6887701416e+02 5.6894500732e+02 5.6899700928e+02 5.6905700684e+02 5.6912701416e+02 5.6920397949e+02 5.6929602051e+02 5.6940100098e+02 5.6949597168e+02 5.6957702637e+02 5.6963702393e+02 5.6971099854e+02 5.6978900146e+02 5.6986401367e+02 5.6993200684e+02 5.6994500732e+02 5.6990399170e+02 5.6982800293e+02 5.6976202393e+02 5.6974102783e+02 5.6970697021e+02 5.6967602539e+02 5.6972302246e+02 5.6975799561e+02 5.6973199463e+02 5.6969500732e+02 5.6968402100e+02 5.6967199707e+02 5.6961901855e+02 5.6959997559e+02 5.6971997070e+02 5.6985498047e+02 5.6994500732e+02 5.7001202393e+02 5.7007501221e+02 5.7017901611e+02 5.7035998535e+02 5.7056402588e+02 5.7076098633e+02 5.7105102539e+02 5.7121997070e+02 5.7134997559e+02 5.7148999023e+02 5.7160998535e+02
5.6843298340e+02 5.6852099609e+02 5.6860400391e+02 5.6866900635e+02 5.6871197510e+02 5.6876202393e+02 5.6883001709e+02 5.6890899658e+02 5.6901098633e+02 5.6912701416e+02 5.6922900391e+02 5.6931402588e+02 5.6937902832e+02 5.6942498779e+02 5.6947802734e+02 5.6954302979e+02 5.6962500000e+02 5.6964898682e+02 5.6958001709e+02 5.6946301270e+02 5.6936499023e+02 5.6930499268e+02 5.6923797607e+02 5.6919799805e+02 5.6926702881e+02 5.6940899658e+02 5.6945501709e+02 5.6942297363e+02 5.6938500977e+02 5.6942602539e+02 5.6944702148e+02 5.6945202637e+02 5.6953302002e+02 5.6969299316e+02 5.6979901123e+02 5.6984600830e+02 5.6988897705e+02 5.6995501709e+02 5.7010601807e+02 5.7029602051e+02 5.7049798584e+02 5.7074102783e+02 5.7091101074e+02 5.7107000732e+02 5.7122698975e+02 5.7134698486e+02
5.6809399414e+02 5.6822802734e+02 5.6832598877e+02 5.6839801025e+02 5.6843499756e+02 5.6845397949e+02 5.6851202393e+02 5.6858599854e+02 5.6867700195e+02 5.6882501221e+02 5.6894201660e+02 5.6903698730e+02 5.6908300781e+02 5.6909497070e+02 5.6910797119e+02 5.6913397217e+02 5.6915197754e+02 5.6915002441e+02 5.6906402588e+02 5.6895599365e+02 5.6888897705e+02 5.6890802002e+02 5.6885601807e+02 5.6883197021e+02 5.6891101074e+02 5.6900299072e+02 5.6904498291e+02 5.6903399658e+02 5.6906402588e+02 5.6917401123e+02 5.6928302002e+02 5.6935601807e+02 5.6939300537e+02 5.6948199463e+02 5.6957702637e+02 5.6963000488e+02 5.6966699219e+02 5.6973999023e+02 5.6983502197e+02 5.7000201416e+02 5.7023400879e+02 5.7045697021e+02 5.7065002441e+02 5.7082000732e+02 5.7094000244e+02 5.7107897949e+02
5.6781597900e+02 5.6791302490e+02 5.6800701904e+02 5.6807800293e+02 5.6809002686e+02 5.6810699463e+02 5.6815502930e+02 5.6822399902e+02 5.6833300781e+02 5.6847497559e+02 5.6859997559e+02 5.6869500732e+02 5.6873901367e+02 5.6875000000e+02 5.6876000977e+02 5.6875299072e+02 5.6870898438e+02 5.6865997314e+02 5.6861401367e+02 5.6857098389e+02 5.6857202148e+02 5.6856701660e+02 5.6853997803e+02 5.6858697510e+02 5.6866497803e+02 5.6868200684e+02 5.6870202637e+02 5.6873400879e+02 5.6880401611e+02 5.6888397217e+02 5.6901800537e+02 5.6915899658e+02 5.6921899414e+02 5.6922497559e+02 5.6927502441e+02 5.6933502197e+02 5.6940002441e+02 5.6949597168e+02 5.6961401367e+02 5.6978997803e+02 5.7002001953e+02 5.7023199463e+02 5.7040100098e+02 5.7055798340e+02 5.7067901611e+02 5.7079998779e+02
5.6759197998e+02 5.6762701416e+02 5.6769396973e+02 5.6774902344e+02 5.6775897217e+02 5.6777899170e+02 5.6782098389e+02 5.6788702393e+02 5.6800097656e+02 5.6814099121e+02 5.6825799561e+02 5.6834899902e+02 5.6839001465e+02 5.6841699219e+02 5.6844299316e+02 5.6843701172e+02 5.6837902832e+02 5.6835400391e+02 5.6836602783e+02 5.6838299561e+02 5.6842401123e+02 5.6836102295e+02 5.6826702881e+02 5.6830999756e+02 5.6837500000e+02 5.6837597656e+02 5.6843103027e+02 5.6852099609e+02 5.6860900879e+02 5.6865899658e+02 5.6876800537e+02 5.6890600586e+02 5.6900299072e+02 5.6900500488e+02 5.6903399658e+02 5.6907800293e+02 5.6912701416e+02 5.6919500732e+02 5.6934497070e+02 5.6955902100e+02 5.6979498291e+02 5.6998602295e+02 5.7013098145e+02 5.7027801514e+02 5.7039801025e+02 5.7049597168e+02
5.6733001709e+02 5.6735400391e+02 5.6740802002e+02 5.6745800781e+02 5.6747698975e+02 5.6749902344e+02 5.6753497314e+02 5.6759399414e+02 5.6770397949e+02 5.6783801270e+02 5.6794598389e+02 5.6803100586e+02 5.6806298828e+02 5.6809600830e+02 5.6814099121e+02 5.6815502930e+02 5.6812500000e+02 5.6812701416e+02 5.6814099121e+02 5.6815502930e+02 5.6816900635e+02 5.6808300781e+02 5.6798699951e+02 5.6800500488e+02 5.6804199219e+02 5.6808898926e+02 5.6819799805e+02 5.6832397461e+02 5.6842401123e+02 5.6848101807e+02 5.6855297852e+02 5.6865698242e+02 5.6878100586e+02 5.6885601807e+02 5.6892199707e+02 5.6897998047e+02 5.6898498535e+02 5.6900097656e+02 5.6914099121e+02 5.6935400391e+02 5.6957897949e+02 5.6974102783e+02 5.6986999512e+02 5.7001397705e+02 5.7013201904e+02 5.7022802734e+02
