TESTSERVER/17/17.asc
NCOLS 100
NROWS 100
XLLCORNER 8.3497500000e+03
YLLCORNER 2.8910025000e+05
CELLSIZE 5.0000000000e-01
NODATA_VALUE -9.9990000000e+03
[rows 0 to 19 of 100, columns 46 to 91 of 100]
5.6693798828e+02 5.6708398438e+02 5.6717797852e+02 5.6724597168e+02 5.6727099609e+02 5.6727697754e+02 5.6729998779e+02 5.6733398438e+02 5.6735101318e+02 5.6753198242e+02 5.6763800049e+02 5.6773297119e+02 5.6778601074e+02 5.6779400635e+02 5.6783398438e+02 5.6785601807e+02 5.6783099365e+02 5.6781500244e+02 5.6776397705e+02 5.6771600342e+02 5.6769000244e+02 5.6778997803e+02 5.6782598877e+02 5.6783197021e+02 5.6782897949e+02 5.6791601563e+02 5.6807702637e+02 5.6821502686e+02 5.6829699707e+02 5.6833599854e+02 5.6837701416e+02 5.6842700195e+02 5.6850000000e+02 5.6859197998e+02 5.6870300293e+02 5.6882702637e+02 5.6890100098e+02 5.6892700195e+02 5.6903002930e+02 5.6917102051e+02 5.6935601807e+02 5.6950402832e+02 5.6962500000e+02 5.6975598145e+02 5.6985498047e+02 5.6996099854e+02
5.6662097168e+02 5.6682098389e+02 5.6702099609e+02 5.6717199707e+02 5.6721197510e+02 5.6720501709e+02 5.6723400879e+02 5.6727899170e+02 5.6731298828e+02 5.6738098145e+02 5.6744299316e+02 5.6751300049e+02 5.6758599854e+02 5.6763500977e+02 5.6767401123e+02 5.6765997314e+02 5.6758001709e+02 5.6752697754e+02 5.6750799561e+02 5.6746301270e+02 5.6747900391e+02 5.6755999756e+02 5.6760797119e+02 5.6765100098e+02 5.6766699219e+02 5.6772698975e+02 5.6788702393e+02 5.6805603027e+02 5.6814001465e+02 5.6816198730e+02 5.6814697266e+02 5.6815698242e+02 5.6823498535e+02 5.6830999756e+02 5.6841699219e+02 5.6856097412e+02 5.6868499756e+02 5.6877099609e+02 5.6888000488e+02 5.6899700928e+02 5.6913397217e+02 5.6927502441e+02 5.6940301514e+02 5.6950799561e+02 5.6958898926e+02 5.6970098877e+02
5.6630798340e+02 5.6651202393e+02 5.6675598145e+02 5.6697302246e+02 5.6707702637e+02 5.6711999512e+02 5.6721600342e+02 5.6733099365e+02 5.6735900879e+02 5.6733801270e+02 5.6733898926e+02 5.6734600830e+02 5.6738500977e+02 5.6746600342e+02 5.6751702881e+02 5.6749102783e+02 5.6739599609e+02 5.6742401123e+02 5.6745202637e+02 5.6736199951e+02 5.6724200439e+02 5.6719799805e+02 5.6724798584e+02 5.6737298584e+02 5.6747100830e+02 5.6753002930e+02 5.6763000488e+02 5.6775598145e+02 5.6785101318e+02 5.6789300537e+02 5.6788201904e+02 5.6791900635e+02 5.6803601074e+02 5.6810302734e+02 5.6817602539e+02 5.6829498291e+02 5.6842498779e+02 5.6855102539e+02 5.6869702148e+02 5.6885498047e+02 5.6897802734e+02 5.6907598877e+02 5.6917401123e+02 5.6925299072e+02 5.6934002686e+02 5.6945501709e+02
5.6595501709e+02 5.6614398193e+02 5.6637402344e+02 5.6660101318e+02 5.6675000000e+02 5.6684802246e+02 5.6701898193e+02 5.6721801758e+02 5.6730200195e+02 5.6723400879e+02 5.6718597412e+02 5.6713598633e+02 5.6711199951e+02 5.6715698242e+02 5.6720800781e+02 5.6721197510e+02 5.6718701172e+02 5.6728802490e+02 5.6730297852e+02 5.6716198730e+02 5.6700598145e+02 5.6692901611e+02 5.6697198486e+02 5.6711102295e+02 5.6722601318e+02 5.6732000732e+02 5.6738500977e+02 5.6745501709e+02 5.6752398682e+02 5.6759899902e+02 5.6764001465e+02 5.6770300293e+02 5.6780798340e+02 5.6787902832e+02 5.6795202637e+02 5.6805102539e+02 5.6816900635e+02 5.6833300781e+02 5.6849499512e+02 5.6866699219e+02 5.6880401611e+02 5.6887402344e+02 5.6895501709e+02 5.6903002930e+02 5.6911700439e+02 5.6920300293e+02
5.6555603027e+02 5.6576702881e+02 5.6595098877e+02 5.6612200928e+02 5.6625701904e+02 5.6638098145e+02 5.6655297852e+02 5.6678100586e+02 5.6697302246e+02 5.6698498535e+02 5.6690502930e+02 5.6679998779e+02 5.6669396973e+02 5.6676098633e+02 5.6681097412e+02 5.6686999512e+02 5.6695098877e+02 5.6702600098e+02 5.6696197510e+02 5.6682000732e+02 5.6680200195e+02 5.6682800293e+02 5.6684197998e+02 5.6686798096e+02 5.6685498047e+02 5.6695098877e+02 5.6705700684e+02 5.6713098145e+02 5.6719598389e+02 5.6729400635e+02 5.6738299561e+02 5.6745300293e+02 5.6747399902e+02 5.6758697510e+02 5.6771301270e+02 5.6783300781e+02 5.6792999268e+02 5.6810400391e+02 5.6825299072e+02 5.6839099121e+02 5.6850500488e+02 5.6861798096e+02 5.6872198486e+02 5.6880902100e+02 5.6888098145e+02 5.6894396973e+02
5.6525201416e+02 5.6539697266e+02 5.6552600098e+02 5.6565698242e+02 5.6581402588e+02 5.6596899414e+02 5.6612902832e+02 5.6630401611e+02 5.6644500732e+02 5.6650500488e+02 5.6649298096e+02 5.6644097900e+02 5.6639202881e+02 5.6644799805e+02 5.6650402832e+02 5.6655603027e+02 5.6662402344e+02 5.6667797852e+02 5.6660900879e+02 5.6652099609e+02 5.6659100342e+02 5.6670697021e+02 5.6672601318e+02 5.6669500732e+02 5.6663397217e+02 5.6665600586e+02 5.6673400879e+02 5.6677502441e+02 5.6687200928e+02 5.6700500488e+02 5.6712402344e+02 5.6722601318e+02 5.6725201416e+02 5.6730200195e+02 5.6744598389e+02 5.6764202881e+02 5.6778497314e+02 5.6789398193e+02 5.6803002930e+02 5.6817199707e+02 5.6829101563e+02 5.6836999512e+02 5.6846600342e+02 5.6855499268e+02 5.6861401367e+02 5.6870397949e+02
5.6500097656e+02 5.6508398438e+02 5.6514599609e+02 5.6522698975e+02 5.6536102295e+02 5.6550598145e+02 5.6566699219e+02 5.6582202148e+02 5.6592700195e+02 5.6601599121e+02 5.6607299805e+02 5.6609197998e+02 5.6608697510e+02 5.6612799072e+02 5.6615600586e+02 5.6618597412e+02 5.6624597168e+02 5.6627398682e+02 5.6624102783e+02 5.6621801758e+02 5.6630902100e+02 5.6642297363e+02 5.6645898438e+02 5.6646002197e+02 5.6645599365e+02 5.6649499512e+02 5.6654901123e+02 5.6656896973e+02 5.6662902832e+02 5.6673498535e+02 5.6687902832e+02 5.6703698730e+02 5.6711700439e+02 5.6714202881e+02 5.6723602295e+02 5.6742901611e+02 5.6760101318e+02 5.6769201660e+02 5.6782501221e+02 5.6796801758e+02 5.6808502197e+02 5.6814001465e+02 5.6821600342e+02 5.6829998779e+02 5.6836199951e+02 5.6845202637e+02
5.6479101563e+02 5.6484997559e+02 5.6487200928e+02 5.6490100098e+02 5.6496600342e+02 5.6505102539e+02 5.6518200684e+02 5.6531896973e+02 5.6542498779e+02 5.6552301025e+02 5.6561999512e+02 5.6569396973e+02 5.6573602295e+02 5.6579400635e+02 5.6582299805e+02 5.6585198975e+02 5.6589697266e+02 5.6590002441e+02 5.6588800049e+02 5.6588897705e+02 5.6595397949e+02 5.6603802490e+02 5.6608300781e+02 5.6612902832e+02 5.6620098877e+02 5.6627197266e+02 5.6633099365e+02 5.6637701416e+02 5.6644500732e+02 5.6651202393e+02 5.6663299561e+02 5.6680200195e+02 5.6693103027e+02 5.6698199463e+02 5.6703997803e+02 5.6719500732e+02 5.6736499023e+02 5.6746600342e+02 5.6761199951e+02 5.6774700928e+02 5.6783001709e+02 5.6787402344e+02 5.6794897461e+02 5.6803302002e+02 5.6811102295e+02 5.6818597412e+02
5.6454199219e+02 5.6458197021e+02 5.6459899902e+02 5.6462097168e+02 5.6463897705e+02 5.6469598389e+02 5.6478900146e+02 5.6488598633e+02 5.6498297119e+02 5.6504998779e+02 5.6514898682e+02 5.6527001953e+02 5.6535699463e+02 5.6543200684e+02 5.6549499512e+02 5.6553900146e+02 5.6556201172e+02 5.6557397461e+02 5.6558697510e+02 5.6559002686e+02 5.6560302734e+02 5.6568200684e+02 5.6573797607e+02 5.6579302979e+02 5.6586999512e+02 5.6595599365e+02 5.6600402832e+02 5.6607000732e+02 5.6620501709e+02 5.6634802246e+02 5.6643597412e+02 5.6655902100e+02 5.6671197510e+02 5.6682299805e+02 5.6688098145e+02 5.6700097656e+02 5.6715100098e+02 5.6724298096e+02 5.6737097168e+02 5.6748400879e+02 5.6756097412e+02 5.6758300781e+02 5.6766998291e+02 5.6775799561e+02 5.6782501221e+02 5.6788201904e+02
5.6417901611e+02 5.6423797607e+02 5.6426202393e+02 5.6428497314e+02 5.6429998779e+02 5.6434899902e+02 5.6442498779e+02 5.6450201416e+02 5.6461102295e+02 5.6467999268e+02 5.6476300049e+02 5.6488201904e+02 5.6495098877e+02 5.6506701660e+02 5.6516198730e+02 5.6519897461e+02 5.6521398926e+02 5.6525598145e+02 5.6528698730e+02 5.6530200195e+02 5.6531701660e+02 5.6538201904e+02 5.6544500732e+02 5.6551599121e+02 5.6559197998e+02 5.6567199707e+02 5.6573699951e+02 5.6582397461e+02 5.6599597168e+02 5.6617999268e+02 5.6628002930e+02 5.6634802246e+02 5.6646502686e+02 5.6663500977e+02 5.6669299316e+02 5.6676202393e+02 5.6688299561e+02 5.6699798584e+02 5.6710601807e+02 5.6717797852e+02 5.6724200439e+02 5.6730401611e+02 5.6739501953e+02 5.6748699951e+02 5.6755297852e+02 5.6758398438e+02
5.6384002686e+02 5.6392700195e+02 5.6396099854e+02 5.6397802734e+02 5.6400598145e+02 5.6407202148e+02 5.6412799072e+02 5.6417401123e+02 5.6429498291e+02 5.6438897705e+02 5.6446099854e+02 5.6454602051e+02 5.6458300781e+02 5.6471301270e+02 5.6481701660e+02 5.6486102295e+02 5.6487902832e+02 5.6491802979e+02 5.6495599365e+02 5.6499597168e+02 5.6504498291e+02 5.6511102295e+02 5.6517797852e+02 5.6526501465e+02 5.6535400391e+02 5.6544000244e+02 5.6552697754e+02 5.6563098145e+02 5.6578002930e+02 5.6596301270e+02 5.6610198975e+02 5.6616900635e+02 5.6621600342e+02 5.6632800293e+02 5.6641601563e+02 5.6651000977e+02 5.6661499023e+02 5.6672100830e+02 5.6681097412e+02 5.6686199951e+02 5.6692797852e+02 5.6700097656e+02 5.6708001709e+02 5.6715698242e+02 5.6722802734e+02 5.6729901123e+02
5.6361401367e+02 5.6366101074e+02 5.6369299316e+02 5.6371997070e+02 5.6375897217e+02 5.6383898926e+02 5.6388098145e+02 5.6389801025e+02 5.6398498535e+02 5.6403497314e+02 5.6409301758e+02 5.6417401123e+02 5.6422802734e+02 5.6434301758e+02 5.6443298340e+02 5.6448901367e+02 5.6453497314e+02 5.6457000732e+02 5.6461700439e+02 5.6468200684e+02 5.6475097656e+02 5.6482897949e+02 5.6490997314e+02 5.6501098633e+02 5.6510400391e+02 5.6519201660e+02 5.6529400635e+02 5.6540899658e+02 5.6555297852e+02 5.6574298096e+02 5.6590899658e+02 5.6599597168e+02 5.6603601074e+02 5.6607501221e+02 5.6614599609e+02 5.6624902344e+02 5.6635302734e+02 5.6644000244e+02 5.6651202393e+02 5.6656402588e+02 5.6663598633e+02 5.6669000244e+02 5.6676501465e+02 5.6682897949e+02 5.6689001465e+02 5.6697998047e+02
5.6336700439e+02 5.6337200928e+02 5.6340301514e+02 5.6345599365e+02 5.6352197266e+02 5.6358398438e+02 5.6361999512e+02 5.6363800049e+02 5.6367498779e+02 5.6370501709e+02 5.6377801514e+02 5.6387500000e+02 5.6394299316e+02 5.6402398682e+02 5.6409100342e+02 5.6413598633e+02 5.6416802979e+02 5.6423297119e+02 5.6430102539e+02 5.6436700439e+02 5.6442401123e+02 5.6452801514e+02 5.6462701416e+02 5.6472998047e+02 5.6481500244e+02 5.6489398193e+02 5.6500799561e+02 5.6514099121e+02 5.6528100586e+02 5.6548999023e+02 5.6565100098e+02 5.6572802734e+02 5.6577398682e+02 5.6587500000e+02 5.6592797852e+02 5.6598797607e+02 5.6605603027e+02 5.6612701416e+02 5.6617700195e+02 5.6624298096e+02 5.6631597900e+02 5.6638000488e+02 5.6648101807e+02 5.6656097412e+02 5.6661297607e+02 5.6668298340e+02
5.6302600098e+02 5.6307000732e+02 5.6311199951e+02 5.6315698242e+02 5.6323400879e+02 5.6328002930e+02 5.6332800293e+02 5.6337597656e+02 5.6340802002e+02 5.6343402100e+02 5.6349298096e+02 5.6356402588e+02 5.6364697266e+02 5.6375097656e+02 5.6382299805e+02 5.6385998535e+02 5.6389801025e+02 5.6396502686e+02 5.6403997803e+02 5.6409802246e+02 5.6415600586e+02 5.6425097656e+02 5.6434497070e+02 5.6442700195e+02 5.6451098633e+02 5.6461602783e+02 5.6473901367e+02 5.6488000488e+02 5.6501702881e+02 5.6517102051e+02 5.6530401611e+02 5.6536700439e+02 5.6542999268e+02 5.6556701660e+02 5.6565502930e+02 5.6571502686e+02 5.6576397705e+02 5.6580798340e+02 5.6585101318e+02 5.6591497803e+02 5.6597900391e+02 5.6605603027e+02 5.6614398193e+02 5.6623498535e+02 5.6632800293e+02 5.6641400146e+02
5.6270697021e+02 5.6277001953e+02 5.6281896973e+02 5.6287402344e+02 5.6297497559e+02 5.6303100586e+02 5.6306298828e+02 5.6309802246e+02 5.6312799072e+02 5.6315802002e+02 5.6320300293e+02 5.6324401855e+02 5.6331896973e+02 5.6347802734e+02 5.6358898926e+02 5.6364398193e+02 5.6368597412e+02 5.6373199463e+02 5.6377502441e+02 5.6381896973e+02 5.6389300537e+02 5.6400097656e+02 5.6409497070e+02 5.6416400146e+02 5.6424102783e+02 5.6434197998e+02 5.6445800781e+02 5.6459997559e+02 5.6475500488e+02 5.6488201904e+02 5.6498602295e+02 5.6505700684e+02 5.6513201904e+02 5.6525299072e+02 5.6534100342e+02 5.6540399170e+02 5.6545599365e+02 5.6550402832e+02 5.6554199219e+02 5.6559698486e+02 5.6567602539e+02 5.6576898193e+02 5.6582702637e+02 5.6589599609e+02 5.6599499512e+02 5.6608898926e+02
5.6239801025e+02 5.6245098877e+02 5.6251000977e+02 5.6259698486e+02 5.6270898438e+02 5.6278302002e+02 5.6280297852e+02 5.6281298828e+02 5.6284197998e+02 5.6289202881e+02 5.6294799805e+02 5.6297497559e+02 5.6300701904e+02 5.6319097900e+02 5.6333697510e+02 5.6341900635e+02 5.6347302246e+02 5.6348101807e+02 5.6349200439e+02 5.6352801514e+02 5.6361401367e+02 5.6372497559e+02 5.6382000732e+02 5.6390502930e+02 5.6402001953e+02 5.6410498047e+02 5.6419799805e+02 5.6432800293e+02 5.6448498535e+02 5.6460198975e+02 5.6469000244e+02 5.6476702881e+02 5.6484698486e+02 5.6495098877e+02 5.6503802490e+02 5.6508801270e+02 5.6512298584e+02 5.6517102051e+02 5.6521997070e+02 5.6528100586e+02 5.6536602783e+02 5.6546002197e+02 5.6552899170e+02 5.6561401367e+02 5.6572399902e+02 5.6582098389e+02
5.6206799316e+02 5.6209997559e+02 5.6218402100e+02 5.6231201172e+02 5.6240899658e+02 5.6249597168e+02 5.6253698730e+02 5.6253802490e+02 5.6257000732e+02 5.6259002686e+02 5.6265100098e+02 5.6270599365e+02 5.6274298096e+02 5.6286901855e+02 5.6299200439e+02 5.6309497070e+02 5.6316699219e+02 5.6317602539e+02 5.6319799805e+02 5.6324200439e+02 5.6333197021e+02 5.6342602539e+02 5.6350201416e+02 5.6360797119e+02 5.6378399658e+02 5.6385601807e+02 5.6393200684e+02 5.6404199219e+02 5.6415899658e+02 5.6426098633e+02 5.6436901855e+02 5.6447302246e+02 5.6457000732e+02 5.6466101074e+02 5.6473199463e+02 5.6477398682e+02 5.6478302002e+02 5.6481701660e+02 5.6490002441e+02 5.6497698975e+02 5.6504901123e+02 5.6513397217e+02 5.6524102783e+02 5.6537402344e+02 5.6549597168e+02 5.6561499023e+02
5.6177301025e+02 5.6176397705e+02 5.6185998535e+02 5.6202398682e+02 5.6214099121e+02 5.6221899414e+02 5.6226098633e+02 5.6226898193e+02 5.6230902100e+02 5.6230999756e+02 5.6235797119e+02 5.6242401123e+02 5.6247198486e+02 5.6254797363e+02 5.6264001465e+02 5.6273199463e+02 5.6278399658e+02 5.6284100342e+02 5.6290997314e+02 5.6297198486e+02 5.6305798340e+02 5.6315600586e+02 5.6324200439e+02 5.6332299805e+02 5.6342297363e+02 5.6352600098e+02 5.6362402344e+02 5.6374401855e+02 5.6386901855e+02 5.6396301270e+02 5.6407702637e+02 5.6416998291e+02 5.6424798584e+02 5.6432800293e+02 5.6436199951e+02 5.6439001465e+02 5.6444201660e+02 5.6449597168e+02 5.6458197021e+02 5.6466601563e+02 5.6476098633e+02 5.6485498047e+02 5.6496301270e+02 5.6509600830e+02 5.6520898438e+02 5.6537500000e+02
5.6153100586e+02 5.6151702881e+02 5.6158697510e+02 5.6172601318e+02 5.6185101318e+02 5.6192700195e+02 5.6195501709e+02 5.6195898438e+02 5.6201800537e+02 5.6203198242e+02 5.6207897949e+02 5.6214099121e+02 5.6219299316e+02 5.6223602295e+02 5.6231500244e+02 5.6241601563e+02 5.6247302246e+02 5.6254602051e+02 5.6263500977e+02 5.6271502686e+02 5.6280603027e+02 5.6290802002e+02 5.6300000000e+02 5.6307501221e+02 5.6316302490e+02 5.6329302979e+02 5.6336297607e+02 5.6344097900e+02 5.6354101563e+02 5.6362200928e+02 5.6373797607e+02 5.6384399414e+02 5.6392602539e+02 5.6397900391e+02 5.6399597168e+02 5.6402600098e+02 5.6409899902e+02 5.6419500732e+02 5.6428302002e+02 5.6436297607e+02 5.6447100830e+02 5.6458197021e+02 5.6468298340e+02 5.6480200195e+02 5.6490899658e+02 5.6505999756e+02
5.6128100586e+02 5.6130700684e+02 5.6136901855e+02 5.6146697998e+02 5.6158001709e+02 5.6165197754e+02 5.6167999268e+02 5.6168402100e+02 5.6174902344e+02 5.6177600098e+02 5.6181298828e+02 5.6185302734e+02 5.6190899658e+02 5.6196801758e+02 5.6204901123e+02 5.6215301514e+02 5.6222198486e+02 5.6229101563e+02 5.6236602783e+02 5.6243902588e+02 5.6253601074e+02 5.6264501953e+02 5.6273699951e+02 5.6282098389e+02 5.6292901611e+02 5.6303802490e+02 5.6307397461e+02 5.6311798096e+02 5.6320202637e+02 5.6327197266e+02 5.6337500000e+02 5.6347601318e+02 5.6355102539e+02 5.6359698486e+02 5.6362902832e+02 5.6367901611e+02 5.6376397705e+02 5.6387402344e+02 5.6396899414e+02 5.6405902100e+02 5.6417401123e+02 5.6428497314e+02 5.6439001465e+02 5.6451098633e+02 5.6463598633e+02 5.6477697754e+02
