TESTSERVER/17/17.asc
NCOLS 100
NROWS 100
XLLCORNER 8.3497500000e+03
YLLCORNER 2.8910025000e+05
CELLSIZE 5.0000000000e-01
NODATA_VALUE -9.9990000000e+03
[rows 40 to 59 of 100, columns 46 to 91 of 100]
5.5701501465e+02 5.5706402588e+02 5.5707501221e+02 5.5706201172e+02 5.5708197021e+02 5.5711102295e+02 5.5707702637e+02 5.5704400635e+02 5.5707000732e+02 5.5712701416e+02 5.5719897461e+02 5.5726599121e+02 5.5730297852e+02 5.5735498047e+02 5.5740002441e+02 5.5745001221e+02 5.5748101807e+02 5.5751599121e+02 5.5758197021e+02 5.5762701416e+02 5.5763000488e+02 5.5765301514e+02 5.5767199707e+02 5.5774200439e+02 5.5781597900e+02 5.5789801025e+02 5.5799798584e+02 5.5807897949e+02 5.5810601807e+02 5.5815899658e+02 5.5821099854e+02 5.5819598389e+02 5.5810900879e+02 5.5821099854e+02 5.5835601807e+02 5.5845098877e+02 5.5849499512e+02 5.5856701660e+02 5.5865899658e+02 5.5874902344e+02 5.5880499268e+02 5.5887402344e+02 5.5897302246e+02 5.5906896973e+02 5.5914898682e+02 5.5926098633e+02
5.5687402344e+02 5.5693200684e+02 5.5697399902e+02 5.5698297119e+02 5.5696801758e+02 5.5693298340e+02 5.5686499023e+02 5.5683197021e+02 5.5690197754e+02 5.5695001221e+02 5.5700897217e+02 5.5707000732e+02 5.5711901855e+02 5.5715899658e+02 5.5720599365e+02 5.5726202393e+02 5.5729901123e+02 5.5731701660e+02 5.5740002441e+02 5.5745397949e+02 5.5745501709e+02 5.5747399902e+02 5.5747198486e+02 5.5749401855e+02 5.5756298828e+02 5.5764501953e+02 5.5772100830e+02 5.5780798340e+02 5.5788299561e+02 5.5797601318e+02 5.5802301025e+02 5.5796502686e+02 5.5796899414e+02 5.5810797119e+02 5.5819598389e+02 5.5823797607e+02 5.5828002930e+02 5.5833697510e+02 5.5842498779e+02 5.5851800537e+02 5.5858599854e+02 5.5866400146e+02 5.5875500488e+02 5.5886700439e+02 5.5895098877e+02 5.5904302979e+02
5.5667297363e+02 5.5671697998e+02 5.5678497314e+02 5.5681896973e+02 5.5678997803e+02 5.5672497559e+02 5.5666101074e+02 5.5667102051e+02 5.5677398682e+02 5.5678002930e+02 5.5681402588e+02 5.5687298584e+02 5.5692401123e+02 5.5693701172e+02 5.5695397949e+02 5.5700299072e+02 5.5708099365e+02 5.5711297607e+02 5.5718701172e+02 5.5724298096e+02 5.5726300049e+02 5.5731298828e+02 5.5731799316e+02 5.5729901123e+02 5.5734301758e+02 5.5739300537e+02 5.5744598389e+02 5.5754400635e+02 5.5763397217e+02 5.5773199463e+02 5.5782702637e+02 5.5781597900e+02 5.5784399414e+02 5.5795599365e+02 5.5801300049e+02 5.5803399658e+02 5.5807897949e+02 5.5812902832e+02 5.5821600342e+02 5.5831701660e+02 5.5837799072e+02 5.5844299316e+02 5.5853302002e+02 5.5864697266e+02 5.5874499512e+02 5.5883398438e+02
5.5646099854e+02 5.5645800781e+02 5.5655102539e+02 5.5662402344e+02 5.5656799316e+02 5.5647998047e+02 5.5643701172e+02 5.5649499512e+02 5.5662500000e+02 5.5658099365e+02 5.5658697510e+02 5.5664398193e+02 5.5670800781e+02 5.5672900391e+02 5.5673101807e+02 5.5676599121e+02 5.5686102295e+02 5.5688500977e+02 5.5695501709e+02 5.5702001953e+02 5.5703802490e+02 5.5708697510e+02 5.5712200928e+02 5.5711798096e+02 5.5715899658e+02 5.5717999268e+02 5.5721697998e+02 5.5731402588e+02 5.5740399170e+02 5.5748101807e+02 5.5759497070e+02 5.5765002441e+02 5.5769897461e+02 5.5776800537e+02 5.5780902100e+02 5.5781799316e+02 5.5786700439e+02 5.5792602539e+02 5.5800402832e+02 5.5809497070e+02 5.5815502930e+02 5.5822497559e+02 5.5833697510e+02 5.5843200684e+02 5.5851599121e+02 5.5862597656e+02
5.5628100586e+02 5.5623797607e+02 5.5627099609e+02 5.5635101318e+02 5.5633801270e+02 5.5621600342e+02 5.5617602539e+02 5.5624597168e+02 5.5637200928e+02 5.5633099365e+02 5.5631402588e+02 5.5637402344e+02 5.5646197510e+02 5.5654602051e+02 5.5657702637e+02 5.5661901855e+02 5.5669097900e+02 5.5667498779e+02 5.5671697998e+02 5.5678198242e+02 5.5682598877e+02 5.5687597656e+02 5.5692102051e+02 5.5694702148e+02 5.5699597168e+02 5.5703601074e+02 5.5704901123e+02 5.5711199951e+02 5.5721301270e+02 5.5726397705e+02 5.5734002686e+02 5.5744201660e+02 5.5753497314e+02 5.5759997559e+02 5.5764599609e+02 5.5764599609e+02 5.5764099121e+02 5.5770599365e+02 5.5775897217e+02 5.5784497070e+02 5.5795397949e+02 5.5802600098e+02 5.5815197754e+02 5.5823699951e+02 5.5830798340e+02 5.5841497803e+02
5.5601800537e+02 5.5608599854e+02 5.5604498291e+02 5.5602801514e+02 5.5602697754e+02 5.5596398926e+02 5.5596398926e+02 5.5609802246e+02 5.5619201660e+02 5.5613397217e+02 5.5608502197e+02 5.5609399414e+02 5.5616400146e+02 5.5624298096e+02 5.5632501221e+02 5.5640600586e+02 5.5646099854e+02 5.5647497559e+02 5.5650897217e+02 5.5656701660e+02 5.5663299561e+02 5.5668597412e+02 5.5672698975e+02 5.5675598145e+02 5.5678698730e+02 5.5684002686e+02 5.5686798096e+02 5.5691400146e+02 5.5698797607e+02 5.5703002930e+02 5.5709497070e+02 5.5719500732e+02 5.5726599121e+02 5.5732000732e+02 5.5740802002e+02 5.5746398926e+02 5.5748498535e+02 5.5752301025e+02 5.5755798340e+02 5.5762799072e+02 5.5771502686e+02 5.5778698730e+02 5.5788299561e+02 5.5796398926e+02 5.5805999756e+02 5.5821899414e+02
5.5572100830e+02 5.5583398438e+02 5.5583898926e+02 5.5578802490e+02 5.5576397705e+02 5.5573699951e+02 5.5571002197e+02 5.5584197998e+02 5.5598400879e+02 5.5601599121e+02 5.5598901367e+02 5.5595300293e+02 5.5595300293e+02 5.5597302246e+02 5.5604901123e+02 5.5615899658e+02 5.5625500488e+02 5.5630798340e+02 5.5635900879e+02 5.5640997314e+02 5.5647198486e+02 5.5651800537e+02 5.5654998779e+02 5.5658001709e+02 5.5661102295e+02 5.5666198730e+02 5.5671002197e+02 5.5676599121e+02 5.5680798340e+02 5.5684399414e+02 5.5688702393e+02 5.5694000244e+02 5.5699700928e+02 5.5704101563e+02 5.5713000488e+02 5.5720397949e+02 5.5725299072e+02 5.5733502197e+02 5.5739300537e+02 5.5743499756e+02 5.5751098633e+02 5.5759802246e+02 5.5767999268e+02 5.5775201416e+02 5.5782800293e+02 5.5798999023e+02
5.5545501709e+02 5.5557202148e+02 5.5563299561e+02 5.5562500000e+02 5.5559002686e+02 5.5560699463e+02 5.5550097656e+02 5.5545300293e+02 5.5559600830e+02 5.5578698730e+02 5.5587500000e+02 5.5587402344e+02 5.5584600830e+02 5.5581298828e+02 5.5583001709e+02 5.5593402100e+02 5.5607202148e+02 5.5613201904e+02 5.5621301270e+02 5.5628601074e+02 5.5635601807e+02 5.5640002441e+02 5.5640399170e+02 5.5642602539e+02 5.5646398926e+02 5.5648999023e+02 5.5652502441e+02 5.5659399414e+02 5.5663800049e+02 5.5667401123e+02 5.5669396973e+02 5.5670397949e+02 5.5676800537e+02 5.5682397461e+02 5.5689599609e+02 5.5696502686e+02 5.5702398682e+02 5.5714001465e+02 5.5723498535e+02 5.5727899170e+02 5.5734698486e+02 5.5740399170e+02 5.5748297119e+02 5.5756799316e+02 5.5762097168e+02 5.5773602295e+02
5.5516198730e+02 5.5527502441e+02 5.5533398438e+02 5.5538098145e+02 5.5543902588e+02 5.5552099609e+02 5.5546197510e+02 5.5532098389e+02 5.5525701904e+02 5.5539697266e+02 5.5563897705e+02 5.5579699707e+02 5.5580200195e+02 5.5569702148e+02 5.5564801025e+02 5.5571600342e+02 5.5587402344e+02 5.5593200684e+02 5.5604302979e+02 5.5615698242e+02 5.5624200439e+02 5.5625897217e+02 5.5622998047e+02 5.5624401855e+02 5.5629901123e+02 5.5632098389e+02 5.5632000732e+02 5.5636499023e+02 5.5643499756e+02 5.5647399902e+02 5.5650299072e+02 5.5650500488e+02 5.5654302979e+02 5.5660998535e+02 5.5668103027e+02 5.5676800537e+02 5.5685900879e+02 5.5692199707e+02 5.5700500488e+02 5.5707098389e+02 5.5715899658e+02 5.5721502686e+02 5.5726300049e+02 5.5733898926e+02 5.5740997314e+02 5.5749499512e+02
5.5482299805e+02 5.5492700195e+02 5.5500299072e+02 5.5511102295e+02 5.5521600342e+02 5.5525201416e+02 5.5524700928e+02 5.5521502686e+02 5.5515197754e+02 5.5515100098e+02 5.5528002930e+02 5.5550500488e+02 5.5568103027e+02 5.5567602539e+02 5.5557299805e+02 5.5553002930e+02 5.5561499023e+02 5.5570001221e+02 5.5584497070e+02 5.5597399902e+02 5.5603002930e+02 5.5607000732e+02 5.5606896973e+02 5.5608398438e+02 5.5614300537e+02 5.5615899658e+02 5.5617401123e+02 5.5618402100e+02 5.5621301270e+02 5.5626898193e+02 5.5633099365e+02 5.5635699463e+02 5.5637402344e+02 5.5642199707e+02 5.5647198486e+02 5.5649401855e+02 5.5652801514e+02 5.5663897705e+02 5.5676300049e+02 5.5686901855e+02 5.5696997070e+02 5.5702301025e+02 5.5707299805e+02 5.5713500977e+02 5.5721899414e+02 5.5730200195e+02
5.5457897949e+02 5.5467700195e+02 5.5478497314e+02 5.5494000244e+02 5.5505999756e+02 5.5510699463e+02 5.5510400391e+02 5.5509002686e+02 5.5506500244e+02 5.5502197266e+02 5.5499597168e+02 5.5507702637e+02 5.5529199219e+02 5.5549298096e+02 5.5553302002e+02 5.5547698975e+02 5.5544097900e+02 5.5546801758e+02 5.5556799316e+02 5.5570300293e+02 5.5580798340e+02 5.5591400146e+02 5.5594299316e+02 5.5595001221e+02 5.5600201416e+02 5.5601599121e+02 5.5602899170e+02 5.5602600098e+02 5.5603198242e+02 5.5607202148e+02 5.5611901855e+02 5.5613500977e+02 5.5616497803e+02 5.5623199463e+02 5.5627502441e+02 5.5627301025e+02 5.5629797363e+02 5.5639099121e+02 5.5648999023e+02 5.5660699463e+02 5.5672802734e+02 5.5679602051e+02 5.5687799072e+02 5.5694799805e+02 5.5702697754e+02 5.5712597656e+02
5.5433197021e+02 5.5442102051e+02 5.5458197021e+02 5.5484301758e+02 5.5501300049e+02 5.5507598877e+02 5.5505297852e+02 5.5500799561e+02 5.5497198486e+02 5.5494500732e+02 5.5488000488e+02 5.5483801270e+02 5.5490997314e+02 5.5512402344e+02 5.5533300781e+02 5.5540802002e+02 5.5535101318e+02 5.5532000732e+02 5.5532702637e+02 5.5540600586e+02 5.5553802490e+02 5.5568103027e+02 5.5573101807e+02 5.5575201416e+02 5.5581402588e+02 5.5583898926e+02 5.5585900879e+02 5.5586297607e+02 5.5586999512e+02 5.5590399170e+02 5.5592797852e+02 5.5592901611e+02 5.5597302246e+02 5.5604498291e+02 5.5608898926e+02 5.5611102295e+02 5.5613800049e+02 5.5618798828e+02 5.5625799561e+02 5.5635302734e+02 5.5645800781e+02 5.5653802490e+02 5.5664501953e+02 5.5672900391e+02 5.5680200195e+02 5.5696600342e+02
5.5410900879e+02 5.5415997314e+02 5.5432098389e+02 5.5464398193e+02 5.5496099854e+02 5.5502600098e+02 5.5501202393e+02 5.5494396973e+02 5.5488000488e+02 5.5486199951e+02 5.5481701660e+02 5.5477197266e+02 5.5475402832e+02 5.5478100586e+02 5.5498999023e+02 5.5522900391e+02 5.5529998779e+02 5.5530297852e+02 5.5525799561e+02 5.5523602295e+02 5.5526501465e+02 5.5535797119e+02 5.5541998291e+02 5.5547399902e+02 5.5559497070e+02 5.5564898682e+02 5.5571398926e+02 5.5575299072e+02 5.5574597168e+02 5.5575201416e+02 5.5575897217e+02 5.5577099609e+02 5.5582501221e+02 5.5586700439e+02 5.5590698242e+02 5.5594897461e+02 5.5595800781e+02 5.5600598145e+02 5.5606799316e+02 5.5613500977e+02 5.5620898438e+02 5.5628802490e+02 5.5640197754e+02 5.5650598145e+02 5.5657598877e+02 5.5675299072e+02
5.5383898926e+02 5.5393298340e+02 5.5402502441e+02 5.5418103027e+02 5.5441400146e+02 5.5488000488e+02 5.5517797852e+02 5.5509002686e+02 5.5484899902e+02 5.5475598145e+02 5.5469000244e+02 5.5467700195e+02 5.5467498779e+02 5.5464099121e+02 5.5469299316e+02 5.5484301758e+02 5.5504998779e+02 5.5523901367e+02 5.5527099609e+02 5.5521997070e+02 5.5514801025e+02 5.5514001465e+02 5.5512597656e+02 5.5510198975e+02 5.5524902344e+02 5.5541998291e+02 5.5550500488e+02 5.5556896973e+02 5.5558099365e+02 5.5558099365e+02 5.5557098389e+02 5.5557397461e+02 5.5563201904e+02 5.5568200684e+02 5.5573498535e+02 5.5578497314e+02 5.5579901123e+02 5.5582702637e+02 5.5587200928e+02 5.5591802979e+02 5.5599200439e+02 5.5606597900e+02 5.5616101074e+02 5.5626800537e+02 5.5636199951e+02 5.5647198486e+02
5.5360900879e+02 5.5374597168e+02 5.5383898926e+02 5.5392901611e+02 5.5405798340e+02 5.5454901123e+02 5.5495800781e+02 5.5496801758e+02 5.5479998779e+02 5.5469799805e+02 5.5461602783e+02 5.5460302734e+02 5.5459600830e+02 5.5454199219e+02 5.5451800537e+02 5.5453100586e+02 5.5467999268e+02 5.5496997070e+02 5.5513299561e+02 5.5513299561e+02 5.5502899170e+02 5.5499902344e+02 5.5493499756e+02 5.5483398438e+02 5.5493298340e+02 5.5511700439e+02 5.5521099854e+02 5.5531402588e+02 5.5537799072e+02 5.5539697266e+02 5.5540802002e+02 5.5541497803e+02 5.5546997070e+02 5.5551397705e+02 5.5555798340e+02 5.5560998535e+02 5.5564599609e+02 5.5566802979e+02 5.5570800781e+02 5.5575598145e+02 5.5582202148e+02 5.5588201904e+02 5.5595697021e+02 5.5603497314e+02 5.5612097168e+02 5.5622497559e+02
5.5342999268e+02 5.5357702637e+02 5.5369702148e+02 5.5378997803e+02 5.5387097168e+02 5.5407299805e+02 5.5432000732e+02 5.5446502686e+02 5.5459002686e+02 5.5460797119e+02 5.5454602051e+02 5.5450201416e+02 5.5447601318e+02 5.5442602539e+02 5.5441497803e+02 5.5438098145e+02 5.5439001465e+02 5.5457800293e+02 5.5479602051e+02 5.5493701172e+02 5.5492797852e+02 5.5485998535e+02 5.5479602051e+02 5.5470501709e+02 5.5474798584e+02 5.5481097412e+02 5.5488598633e+02 5.5502502441e+02 5.5511602783e+02 5.5517297363e+02 5.5523199463e+02 5.5526501465e+02 5.5531298828e+02 5.5534802246e+02 5.5537200928e+02 5.5541802979e+02 5.5546899414e+02 5.5551800537e+02 5.5557397461e+02 5.5562097168e+02 5.5566900635e+02 5.5572497559e+02 5.5579901123e+02 5.5585998535e+02 5.5592999268e+02 5.5601000977e+02
5.5324902344e+02 5.5337402344e+02 5.5350000000e+02 5.5358898926e+02 5.5367297363e+02 5.5378198242e+02 5.5390399170e+02 5.5406799316e+02 5.5420800781e+02 5.5439697266e+02 5.5444500732e+02 5.5439898682e+02 5.5436401367e+02 5.5434497070e+02 5.5432501221e+02 5.5429602051e+02 5.5429797363e+02 5.5428698730e+02 5.5435699463e+02 5.5457897949e+02 5.5482598877e+02 5.5472601318e+02 5.5464398193e+02 5.5461499023e+02 5.5462799072e+02 5.5463500977e+02 5.5468103027e+02 5.5478399658e+02 5.5482897949e+02 5.5491302490e+02 5.5502697754e+02 5.5510400391e+02 5.5515197754e+02 5.5517700195e+02 5.5517700195e+02 5.5521002197e+02 5.5525402832e+02 5.5534399414e+02 5.5541699219e+02 5.5545697021e+02 5.5551501465e+02 5.5555603027e+02 5.5561297607e+02 5.5568402100e+02 5.5578601074e+02 5.5583398438e+02
5.5304302979e+02 5.5309802246e+02 5.5319799805e+02 5.5329498291e+02 5.5341400146e+02 5.5353601074e+02 5.5366198730e+02 5.5377502441e+02 5.5379901123e+02 5.5398400879e+02 5.5417199707e+02 5.5429101563e+02 5.5433099365e+02 5.5431896973e+02 5.5428997803e+02 5.5421502686e+02 5.5416900635e+02 5.5418402100e+02 5.5417102051e+02 5.5420098877e+02 5.5436602783e+02 5.5445202637e+02 5.5448602295e+02 5.5452697754e+02 5.5448999023e+02 5.5448101807e+02 5.5451501465e+02 5.5459899902e+02 5.5467297363e+02 5.5470098877e+02 5.5477099609e+02 5.5486602783e+02 5.5494702148e+02 5.5497698975e+02 5.5498901367e+02 5.5505200195e+02 5.5511901855e+02 5.5517102051e+02 5.5521997070e+02 5.5527600098e+02 5.5536102295e+02 5.5539501953e+02 5.5543200684e+02 5.5549700928e+02 5.5560699463e+02 5.5569201660e+02
5.5277502441e+02 5.5284600830e+02 5.5296002197e+02 5.5306201172e+02 5.5317498779e+02 5.5329498291e+02 5.5341601563e+02 5.5353100586e+02 5.5356597900e+02 5.5368200684e+02 5.5384802246e+02 5.5404101563e+02 5.5419799805e+02 5.5424700928e+02 5.5423602295e+02 5.5414599609e+02 5.5409197998e+02 5.5410998535e+02 5.5409997559e+02 5.5406896973e+02 5.5407098389e+02 5.5413299561e+02 5.5425500488e+02 5.5439898682e+02 5.5442199707e+02 5.5437701416e+02 5.5435998535e+02 5.5440301514e+02 5.5448297119e+02 5.5450799561e+02 5.5454901123e+02 5.5463897705e+02 5.5473999023e+02 5.5479699707e+02 5.5483300781e+02 5.5489001465e+02 5.5495898438e+02 5.5500500488e+02 5.5503497314e+02 5.5508502197e+02 5.5517498779e+02 5.5523901367e+02 5.5528997803e+02 5.5532702637e+02 5.5539801025e+02 5.5549298096e+02
5.5251501465e+02 5.5258898926e+02 5.5272399902e+02 5.5282897949e+02 5.5293103027e+02 5.5305798340e+02 5.5316302490e+02 5.5329101563e+02 5.5341400146e+02 5.5352197266e+02 5.5361199951e+02 5.5374902344e+02 5.5391900635e+02 5.5404602051e+02 5.5411297607e+02 5.5407397461e+02 5.5404699707e+02 5.5404302979e+02 5.5400598145e+02 5.5397302246e+02 5.5395800781e+02 5.5393902588e+02 5.5398901367e+02 5.5415997314e+02 5.5435198975e+02 5.5430902100e+02 5.5424798584e+02 5.5424401855e+02 5.5430798340e+02 5.5434802246e+02 5.5437597656e+02 5.5444000244e+02 5.5453100586e+02 5.5460101318e+02 5.5466198730e+02 5.5471899414e+02 5.5476800537e+02 5.5484002686e+02 5.5488598633e+02 5.5492901611e+02 5.5499102783e+02 5.5507098389e+02 5.5516198730e+02 5.5520300293e+02 5.5522998047e+02 5.5528900146e+02
