TESTSERVER/17/17.asc
NCOLS 100
NROWS 100
XLLCORNER 8.3497500000e+03
YLLCORNER 2.8910025000e+05
CELLSIZE 5.0000000000e-01
NODATA_VALUE -9.9990000000e+03
[rows 20 to 39 of 100, columns 0 to 45 of 100]
5.6001702881e+02 5.6002099609e+02 5.6003900146e+02 5.6014898682e+02 5.6025299072e+02 5.6032000732e+02 5.6028399658e+02 5.6025402832e+02 5.6021502686e+02 5.6018103027e+02 5.6015698242e+02 5.6015100098e+02 5.6015399170e+02 5.6016302490e+02 5.6016302490e+02 5.6019201660e+02 5.6027301025e+02 5.6039001465e+02 5.6052301025e+02 5.6062298584e+02 5.6070800781e+02 5.6074700928e+02 5.6079302979e+02 5.6089697266e+02 5.6097802734e+02 5.6106097412e+02 5.6117401123e+02 5.6129498291e+02 5.6130902100e+02 5.6132897949e+02 5.6136798096e+02 5.6141802979e+02 5.6141198730e+02 5.6142102051e+02 5.6140197754e+02 5.6136297607e+02 5.6129498291e+02 5.6118200684e+02 5.6109899902e+02 5.6106500244e+02 5.6104797363e+02 5.6103497314e+02 5.6103002930e+02 5.6104302979e+02 5.6105499268e+02 5.6105297852e+02
5.5978698730e+02 5.5981298828e+02 5.5986901855e+02 5.6000598145e+02 5.6010101318e+02 5.6013000488e+02 5.6007098389e+02 5.6002899170e+02 5.6000402832e+02 5.5997900391e+02 5.5995800781e+02 5.5995800781e+02 5.5996301270e+02 5.5997302246e+02 5.5997601318e+02 5.5999499512e+02 5.6005700684e+02 5.6015301514e+02 5.6027001953e+02 5.6036297607e+02 5.6044897461e+02 5.6051599121e+02 5.6059399414e+02 5.6070300293e+02 5.6078399658e+02 5.6083300781e+02 5.6091198730e+02 5.6101599121e+02 5.6110302734e+02 5.6115399170e+02 5.6118103027e+02 5.6119897461e+02 5.6118701172e+02 5.6119000244e+02 5.6115899658e+02 5.6112597656e+02 5.6106701660e+02 5.6096801758e+02 5.6090399170e+02 5.6086798096e+02 5.6085498047e+02 5.6084002686e+02 5.6084002686e+02 5.6088397217e+02 5.6089099121e+02 5.6084899902e+02
5.5947601318e+02 5.5953399658e+02 5.5962402344e+02 5.5978100586e+02 5.5987500000e+02 5.5989801025e+02 5.5983898926e+02 5.5980499268e+02 5.5978601074e+02 5.5976800537e+02 5.5975402832e+02 5.5975500488e+02 5.5976202393e+02 5.5977502441e+02 5.5979302979e+02 5.5982702637e+02 5.5988000488e+02 5.5995697021e+02 5.6005999756e+02 5.6016101074e+02 5.6023602295e+02 5.6030401611e+02 5.6037799072e+02 5.6047100830e+02 5.6056597900e+02 5.6063201904e+02 5.6071697998e+02 5.6079400635e+02 5.6089898682e+02 5.6096197510e+02 5.6100598145e+02 5.6103997803e+02 5.6103399658e+02 5.6103601074e+02 5.6100299072e+02 5.6096301270e+02 5.6090197754e+02 5.6081597900e+02 5.6074200439e+02 5.6068902588e+02 5.6066400146e+02 5.6063897705e+02 5.6064599609e+02 5.6069097900e+02 5.6068103027e+02 5.6062200928e+02
5.5911700439e+02 5.5919396973e+02 5.5928997803e+02 5.5943902588e+02 5.5953900146e+02 5.5958099365e+02 5.5956896973e+02 5.5955700684e+02 5.5954998779e+02 5.5954400635e+02 5.5954199219e+02 5.5954400635e+02 5.5955102539e+02 5.5956701660e+02 5.5959698486e+02 5.5965002441e+02 5.5970202637e+02 5.5976702881e+02 5.5985498047e+02 5.5996002197e+02 5.6003601074e+02 5.6010601807e+02 5.6016998291e+02 5.6026000977e+02 5.6034600830e+02 5.6041400146e+02 5.6051800537e+02 5.6058300781e+02 5.6067797852e+02 5.6077001953e+02 5.6084497070e+02 5.6087701416e+02 5.6088397217e+02 5.6089398193e+02 5.6086602783e+02 5.6080798340e+02 5.6074200439e+02 5.6066998291e+02 5.6059301758e+02 5.6053302002e+02 5.6047900391e+02 5.6042498779e+02 5.6043499756e+02 5.6045397949e+02 5.6043402100e+02 5.6038897705e+02
5.5879498291e+02 5.5886401367e+02 5.5892297363e+02 5.5902001953e+02 5.5910699463e+02 5.5916998291e+02 5.5918798828e+02 5.5927899170e+02 5.5930297852e+02 5.5931500244e+02 5.5932000732e+02 5.5932397461e+02 5.5932897949e+02 5.5934197998e+02 5.5936297607e+02 5.5944396973e+02 5.5950500488e+02 5.5957098389e+02 5.5965997314e+02 5.5978302002e+02 5.5985998535e+02 5.5992700195e+02 5.6001300049e+02 5.6010998535e+02 5.6016198730e+02 5.6021398926e+02 5.6033300781e+02 5.6040002441e+02 5.6047900391e+02 5.6057897949e+02 5.6063897705e+02 5.6067199707e+02 5.6068499756e+02 5.6070800781e+02 5.6071197510e+02 5.6065997314e+02 5.6059100342e+02 5.6051300049e+02 5.6044097900e+02 5.6036401367e+02 5.6030200195e+02 5.6024499512e+02 5.6024102783e+02 5.6020202637e+02 5.6016900635e+02 5.6016198730e+02
5.5849102783e+02 5.5856701660e+02 5.5863000488e+02 5.5868798828e+02 5.5874298096e+02 5.5879797363e+02 5.5889599609e+02 5.5901000977e+02 5.5905700684e+02 5.5907897949e+02 5.5907897949e+02 5.5908697510e+02 5.5910302734e+02 5.5912701416e+02 5.5916302490e+02 5.5922900391e+02 5.5929498291e+02 5.5937799072e+02 5.5949499512e+02 5.5960900879e+02 5.5967901611e+02 5.5973901367e+02 5.5979998779e+02 5.5989099121e+02 5.5995300293e+02 5.6000701904e+02 5.6010198975e+02 5.6019897461e+02 5.6030499268e+02 5.6042297363e+02 5.6046197510e+02 5.6046002197e+02 5.6044702148e+02 5.6045800781e+02 5.6049798584e+02 5.6050598145e+02 5.6044396973e+02 5.6034002686e+02 5.6027801514e+02 5.6018200684e+02 5.6013800049e+02 5.6008801270e+02 5.6003100586e+02 5.5996600342e+02 5.5994097900e+02 5.5997802734e+02
5.5814801025e+02 5.5824902344e+02 5.5835699463e+02 5.5841601563e+02 5.5847900391e+02 5.5855297852e+02 5.5866400146e+02 5.5876898193e+02 5.5881701660e+02 5.5884002686e+02 5.5883502197e+02 5.5884399414e+02 5.5887500000e+02 5.5891699219e+02 5.5896899414e+02 5.5902899170e+02 5.5909698486e+02 5.5919500732e+02 5.5932000732e+02 5.5938201904e+02 5.5943597412e+02 5.5950299072e+02 5.5957098389e+02 5.5966900635e+02 5.5972998047e+02 5.5978601074e+02 5.5989398193e+02 5.6003399658e+02 5.6015399170e+02 5.6027099609e+02 5.6033398438e+02 5.6031201172e+02 5.6023901367e+02 5.6021099854e+02 5.6026300049e+02 5.6032897949e+02 5.6028802490e+02 5.6018402100e+02 5.6014501953e+02 5.6004400635e+02 5.5996099854e+02 5.5990698242e+02 5.5984802246e+02 5.5978698730e+02 5.5975000000e+02 5.5975500488e+02
5.5779199219e+02 5.5790997314e+02 5.5806201172e+02 5.5815502930e+02 5.5824700928e+02 5.5835498047e+02 5.5846099854e+02 5.5852899170e+02 5.5857299805e+02 5.5859399414e+02 5.5858398438e+02 5.5859399414e+02 5.5864001465e+02 5.5869799805e+02 5.5876898193e+02 5.5882800293e+02 5.5889501953e+02 5.5899700928e+02 5.5913397217e+02 5.5919201660e+02 5.5924700928e+02 5.5932000732e+02 5.5938098145e+02 5.5945202637e+02 5.5949798584e+02 5.5956597900e+02 5.5968798828e+02 5.5983197021e+02 5.5996801758e+02 5.6008099365e+02 5.6015100098e+02 5.6013299561e+02 5.6003698730e+02 5.5998999023e+02 5.6002197266e+02 5.6011901855e+02 5.6011499023e+02 5.6002899170e+02 5.6000000000e+02 5.5991601563e+02 5.5978100586e+02 5.5969598389e+02 5.5966497803e+02 5.5960998535e+02 5.5958801270e+02 5.5958502197e+02
5.5746099854e+02 5.5755700684e+02 5.5771301270e+02 5.5783599854e+02 5.5797100830e+02 5.5812298584e+02 5.5825097656e+02 5.5826702881e+02 5.5830200195e+02 5.5831799316e+02 5.5832000732e+02 5.5834100342e+02 5.5839599609e+02 5.5846697998e+02 5.5854101563e+02 5.5860400391e+02 5.5867102051e+02 5.5876800537e+02 5.5888397217e+02 5.5900598145e+02 5.5910797119e+02 5.5919500732e+02 5.5923699951e+02 5.5926300049e+02 5.5930102539e+02 5.5936602783e+02 5.5947698975e+02 5.5959100342e+02 5.5976800537e+02 5.5989300537e+02 5.5992602539e+02 5.5986798096e+02 5.5979101563e+02 5.5975701904e+02 5.5973498535e+02 5.5984301758e+02 5.5988098145e+02 5.5980700684e+02 5.5976397705e+02 5.5973199463e+02 5.5961700439e+02 5.5950097656e+02 5.5945697021e+02 5.5942999268e+02 5.5946099854e+02 5.5946997070e+02
5.5735699463e+02 5.5737402344e+02 5.5739501953e+02 5.5747900391e+02 5.5759997559e+02 5.5774200439e+02 5.5786999512e+02 5.5792102051e+02 5.5796997070e+02 5.5800299072e+02 5.5802600098e+02 5.5807702637e+02 5.5815301514e+02 5.5823699951e+02 5.5832299805e+02 5.5840100098e+02 5.5848101807e+02 5.5857501221e+02 5.5869396973e+02 5.5882000732e+02 5.5892199707e+02 5.5898901367e+02 5.5903198242e+02 5.5910302734e+02 5.5915301514e+02 5.5919897461e+02 5.5928002930e+02 5.5937902832e+02 5.5954302979e+02 5.5966998291e+02 5.5970800781e+02 5.5966998291e+02 5.5956799316e+02 5.5951098633e+02 5.5951599121e+02 5.5960101318e+02 5.5961798096e+02 5.5952600098e+02 5.5947399902e+02 5.5943798828e+02 5.5936602783e+02 5.5929998779e+02 5.5927197266e+02 5.5926300049e+02 5.5932000732e+02 5.5934899902e+02
5.5712799072e+02 5.5711999512e+02 5.5704602051e+02 5.5709899902e+02 5.5718402100e+02 5.5728399658e+02 5.5742401123e+02 5.5753302002e+02 5.5760400391e+02 5.5766101074e+02 5.5771301270e+02 5.5779498291e+02 5.5789599609e+02 5.5800000000e+02 5.5810498047e+02 5.5821301270e+02 5.5830297852e+02 5.5839398193e+02 5.5850201416e+02 5.5862597656e+02 5.5873400879e+02 5.5880499268e+02 5.5886297607e+02 5.5894000244e+02 5.5897302246e+02 5.5902899170e+02 5.5911602783e+02 5.5918798828e+02 5.5930102539e+02 5.5941998291e+02 5.5950799561e+02 5.5949499512e+02 5.5937902832e+02 5.5930902100e+02 5.5932897949e+02 5.5939697266e+02 5.5938098145e+02 5.5929498291e+02 5.5923699951e+02 5.5919598389e+02 5.5912597656e+02 5.5909600830e+02 5.5912902832e+02 5.5915698242e+02 5.5922900391e+02 5.5927697754e+02
5.5670098877e+02 5.5675097656e+02 5.5671197510e+02 5.5678302002e+02 5.5684399414e+02 5.5689801025e+02 5.5701000977e+02 5.5715100098e+02 5.5724200439e+02 5.5732397461e+02 5.5739801025e+02 5.5750500488e+02 5.5763098145e+02 5.5775500488e+02 5.5787500000e+02 5.5800097656e+02 5.5809899902e+02 5.5818902588e+02 5.5828698730e+02 5.5841101074e+02 5.5852899170e+02 5.5860198975e+02 5.5866802979e+02 5.5875897217e+02 5.5878900146e+02 5.5884698486e+02 5.5893902588e+02 5.5898297119e+02 5.5903399658e+02 5.5914801025e+02 5.5927301025e+02 5.5928497314e+02 5.5917797852e+02 5.5910302734e+02 5.5908599854e+02 5.5914697266e+02 5.5914801025e+02 5.5908001709e+02 5.5900598145e+02 5.5896398926e+02 5.5891198730e+02 5.5890100098e+02 5.5896197510e+02 5.5902197266e+02 5.5910198975e+02 5.5916101074e+02
5.5625799561e+02 5.5638299561e+02 5.5645800781e+02 5.5658398438e+02 5.5665802002e+02 5.5668701172e+02 5.5673602295e+02 5.5682299805e+02 5.5691400146e+02 5.5699798584e+02 5.5707202148e+02 5.5721398926e+02 5.5735699463e+02 5.5749798584e+02 5.5763500977e+02 5.5775598145e+02 5.5786102295e+02 5.5796002197e+02 5.5807202148e+02 5.5819097900e+02 5.5829797363e+02 5.5836499023e+02 5.5844396973e+02 5.5853698730e+02 5.5859301758e+02 5.5862701416e+02 5.5871002197e+02 5.5877099609e+02 5.5879101563e+02 5.5888000488e+02 5.5897698975e+02 5.5903497314e+02 5.5896099854e+02 5.5887902832e+02 5.5882098389e+02 5.5887799072e+02 5.5892102051e+02 5.5887701416e+02 5.5879998779e+02 5.5871899414e+02 5.5868499756e+02 5.5868499756e+02 5.5872399902e+02 5.5878198242e+02 5.5883099365e+02 5.5887799072e+02
5.5603802490e+02 5.5612597656e+02 5.5618701172e+02 5.5628601074e+02 5.5638201904e+02 5.5646600342e+02 5.5652502441e+02 5.5659100342e+02 5.5665899658e+02 5.5672497559e+02 5.5681402588e+02 5.5694500732e+02 5.5708099365e+02 5.5721600342e+02 5.5735498047e+02 5.5748602295e+02 5.5758801270e+02 5.5769201660e+02 5.5781799316e+02 5.5794396973e+02 5.5805700684e+02 5.5814202881e+02 5.5822998047e+02 5.5833697510e+02 5.5840600586e+02 5.5843499756e+02 5.5848901367e+02 5.5853802490e+02 5.5854602051e+02 5.5860797119e+02 5.5867999268e+02 5.5874401855e+02 5.5868902588e+02 5.5860699463e+02 5.5854901123e+02 5.5859399414e+02 5.5865600586e+02 5.5861602783e+02 5.5855102539e+02 5.5850201416e+02 5.5846099854e+02 5.5843798828e+02 5.5846697998e+02 5.5852301025e+02 5.5855297852e+02 5.5856298828e+02
5.5584301758e+02 5.5592797852e+02 5.5595001221e+02 5.5598999023e+02 5.5608197021e+02 5.5619799805e+02 5.5629400635e+02 5.5634802246e+02 5.5640197754e+02 5.5646697998e+02 5.5655902100e+02 5.5668298340e+02 5.5681201172e+02 5.5694299316e+02 5.5707397461e+02 5.5720898438e+02 5.5732000732e+02 5.5743298340e+02 5.5756701660e+02 5.5769598389e+02 5.5781896973e+02 5.5789697266e+02 5.5797302246e+02 5.5808398438e+02 5.5815899658e+02 5.5822302246e+02 5.5832702637e+02 5.5834802246e+02 5.5829199219e+02 5.5832800293e+02 5.5840197754e+02 5.5844799805e+02 5.5840802002e+02 5.5832000732e+02 5.5825097656e+02 5.5830401611e+02 5.5838500977e+02 5.5837097168e+02 5.5829901123e+02 5.5826501465e+02 5.5823400879e+02 5.5821398926e+02 5.5822900391e+02 5.5828399658e+02 5.5831097412e+02 5.5831701660e+02
5.5569598389e+02 5.5583197021e+02 5.5582202148e+02 5.5579400635e+02 5.5584600830e+02 5.5593798828e+02 5.5602600098e+02 5.5606597900e+02 5.5610900879e+02 5.5617700195e+02 5.5628198242e+02 5.5640399170e+02 5.5653198242e+02 5.5666601563e+02 5.5680401611e+02 5.5693200684e+02 5.5704498291e+02 5.5717498779e+02 5.5732501221e+02 5.5744598389e+02 5.5755200195e+02 5.5761102295e+02 5.5767901611e+02 5.5779302979e+02 5.5787402344e+02 5.5796301270e+02 5.5812597656e+02 5.5811901855e+02 5.5802697754e+02 5.5805499268e+02 5.5815399170e+02 5.5820599365e+02 5.5816302490e+02 5.5806500244e+02 5.5796899414e+02 5.5798199463e+02 5.5803802490e+02 5.5805603027e+02 5.5800897217e+02 5.5797802734e+02 5.5796801758e+02 5.5796697998e+02 5.5798602295e+02 5.5804101563e+02 5.5807000732e+02 5.5810998535e+02
5.5565002441e+02 5.5582000732e+02 5.5583801270e+02 5.5574298096e+02 5.5569702148e+02 5.5569897461e+02 5.5574902344e+02 5.5575201416e+02 5.5579101563e+02 5.5586602783e+02 5.5597601318e+02 5.5610302734e+02 5.5623101807e+02 5.5637701416e+02 5.5655700684e+02 5.5665399170e+02 5.5675799561e+02 5.5690802002e+02 5.5708099365e+02 5.5718103027e+02 5.5726397705e+02 5.5733197021e+02 5.5740698242e+02 5.5750097656e+02 5.5759399414e+02 5.5768701172e+02 5.5781201172e+02 5.5782397461e+02 5.5778601074e+02 5.5782202148e+02 5.5784802246e+02 5.5782202148e+02 5.5777099609e+02 5.5774499512e+02 5.5772302246e+02 5.5770898438e+02 5.5770898438e+02 5.5774902344e+02 5.5776898193e+02 5.5771801758e+02 5.5773400879e+02 5.5776000977e+02 5.5776501465e+02 5.5777600098e+02 5.5777801514e+02 5.5783801270e+02
5.5557299805e+02 5.5570397949e+02 5.5568103027e+02 5.5561700439e+02 5.5551000977e+02 5.5544201660e+02 5.5548101807e+02 5.5550500488e+02 5.5553997803e+02 5.5560400391e+02 5.5570397949e+02 5.5582501221e+02 5.5594097900e+02 5.5607702637e+02 5.5625500488e+02 5.5638098145e+02 5.5648999023e+02 5.5662902832e+02 5.5677099609e+02 5.5689001465e+02 5.5701098633e+02 5.5711199951e+02 5.5720898438e+02 5.5727801514e+02 5.5735302734e+02 5.5743701172e+02 5.5751800537e+02 5.5752899170e+02 5.5747497559e+02 5.5745098877e+02 5.5737402344e+02 5.5730700684e+02 5.5727697754e+02 5.5727301025e+02 5.5729302979e+02 5.5735900879e+02 5.5740802002e+02 5.5748699951e+02 5.5750598145e+02 5.5748901367e+02 5.5753002930e+02 5.5754199219e+02 5.5753497314e+02 5.5757000732e+02 5.5756402588e+02 5.5757800293e+02
5.5514501953e+02 5.5525701904e+02 5.5530297852e+02 5.5532702637e+02 5.5526397705e+02 5.5520501709e+02 5.5522998047e+02 5.5526397705e+02 5.5530603027e+02 5.5537500000e+02 5.5547302246e+02 5.5557702637e+02 5.5567700195e+02 5.5579699707e+02 5.5596600342e+02 5.5612200928e+02 5.5624798584e+02 5.5639599609e+02 5.5651397705e+02 5.5665802002e+02 5.5679901123e+02 5.5689801025e+02 5.5702301025e+02 5.5710198975e+02 5.5714801025e+02 5.5720300293e+02 5.5722998047e+02 5.5718597412e+02 5.5709497070e+02 5.5706298828e+02 5.5704797363e+02 5.5706701660e+02 5.5704901123e+02 5.5698498535e+02 5.5692401123e+02 5.5699200439e+02 5.5706298828e+02 5.5714801025e+02 5.5719201660e+02 5.5723797607e+02 5.5729302979e+02 5.5728802490e+02 5.5730999756e+02 5.5738098145e+02 5.5738897705e+02 5.5735998535e+02
5.5463500977e+02 5.5469799805e+02 5.5480200195e+02 5.5493701172e+02 5.5497998047e+02 5.5498602295e+02 5.5500299072e+02 5.5502301025e+02 5.5507598877e+02 5.5515899658e+02 5.5525000000e+02 5.5533099365e+02 5.5542297363e+02 5.5553198242e+02 5.5567901611e+02 5.5583300781e+02 5.5597399902e+02 5.5613800049e+02 5.5626702881e+02 5.5642102051e+02 5.5652600098e+02 5.5656097412e+02 5.5667999268e+02 5.5675701904e+02 5.5678198242e+02 5.5683599854e+02 5.5685900879e+02 5.5681597900e+02 5.5678601074e+02 5.5680200195e+02 5.5681597900e+02 5.5684899902e+02 5.5682397461e+02 5.5673199463e+02 5.5663098145e+02 5.5668103027e+02 5.5674798584e+02 5.5684002686e+02 5.5691802979e+02 5.5698901367e+02 5.5705102539e+02 5.5705798340e+02 5.5710601807e+02 5.5716302490e+02 5.5716198730e+02 5.5712902832e+02
