TESTSERVER/17/18.asc
NCOLS 100
NROWS 100
XLLCORNER 8.3497500000e+03
YLLCORNER 2.8905025000e+05
CELLSIZE 5.0000000000e-01
NODATA_VALUE -9.9990000000e+03
[rows 40 to 59 of 100, columns 46 to 91 of 100]
5.4038598633e+02 5.4040301514e+02 5.4041497803e+02 5.4042602539e+02 5.4043798828e+02 5.4045501709e+02 5.4046502686e+02 5.4047698975e+02 5.4047998047e+02 5.4049499512e+02 5.4051501465e+02 5.4053002930e+02 5.4054797363e+02 5.4057098389e+02 5.4057897949e+02 5.4059002686e+02 5.4060699463e+02 5.4063500977e+02 5.4064801025e+02 5.4065600586e+02 5.4066998291e+02 5.4067797852e+02 5.4069201660e+02 5.4071502686e+02 5.4072601318e+02 5.4075201416e+02 5.4079901123e+02 5.4086499023e+02 5.4094897461e+02 5.4104101563e+02 5.4113397217e+02 5.4123297119e+02 5.4134399414e+02 5.4146997070e+02 5.4156597900e+02 5.4165600586e+02 5.4173101807e+02 5.4180603027e+02 5.4186700439e+02 5.4192199707e+02 5.4197802734e+02 5.4202398682e+02 5.4205603027e+02 5.4208398438e+02 5.4208697510e+02 5.4214300537e+02
5.4036602783e+02 5.4037902832e+02 5.4039398193e+02 5.4040399170e+02 5.4041998291e+02 5.4042297363e+02 5.4042797852e+02 5.4044702148e+02 5.4045599365e+02 5.4047399902e+02 5.4049200439e+02 5.4050299072e+02 5.4052099609e+02 5.4054199219e+02 5.4055603027e+02 5.4056896973e+02 5.4058697510e+02 5.4061199951e+02 5.4062597656e+02 5.4063299561e+02 5.4064398193e+02 5.4065899658e+02 5.4067401123e+02 5.4069201660e+02 5.4071002197e+02 5.4074102783e+02 5.4079302979e+02 5.4085797119e+02 5.4094598389e+02 5.4103900146e+02 5.4112200928e+02 5.4120599365e+02 5.4130603027e+02 5.4140899658e+02 5.4148901367e+02 5.4156298828e+02 5.4163299561e+02 5.4168902588e+02 5.4173699951e+02 5.4178100586e+02 5.4183697510e+02 5.4187799072e+02 5.4189501953e+02 5.4190502930e+02 5.4191601563e+02 5.4193200684e+02
5.4035101318e+02 5.4036798096e+02 5.4037799072e+02 5.4038702393e+02 5.4041400146e+02 5.4041601563e+02 5.4041802979e+02 5.4043798828e+02 5.4044799805e+02 5.4045202637e+02 5.4046197510e+02 5.4047399902e+02 5.4049499512e+02 5.4051800537e+02 5.4053198242e+02 5.4054602051e+02 5.4055999756e+02 5.4058300781e+02 5.4059698486e+02 5.4060302734e+02 5.4060998535e+02 5.4063201904e+02 5.4065301514e+02 5.4067401123e+02 5.4069598389e+02 5.4073199463e+02 5.4078302002e+02 5.4084802246e+02 5.4093597412e+02 5.4102301025e+02 5.4109899902e+02 5.4117797852e+02 5.4126202393e+02 5.4134399414e+02 5.4141400146e+02 5.4147802734e+02 5.4153302002e+02 5.4157598877e+02 5.4161798096e+02 5.4165600586e+02 5.4169799805e+02 5.4172998047e+02 5.4174902344e+02 5.4176000977e+02 5.4175500488e+02 5.4173699951e+02
5.4032897949e+02 5.4034497070e+02 5.4034997559e+02 5.4035601807e+02 5.4037902832e+02 5.4038800049e+02 5.4040197754e+02 5.4043499756e+02 5.4044702148e+02 5.4043200684e+02 5.4043798828e+02 5.4045202637e+02 5.4047100830e+02 5.4049102783e+02 5.4050299072e+02 5.4051702881e+02 5.4053002930e+02 5.4055200195e+02 5.4056896973e+02 5.4057702637e+02 5.4058099365e+02 5.4060601807e+02 5.4063299561e+02 5.4065997314e+02 5.4068597412e+02 5.4072100830e+02 5.4077099609e+02 5.4083502197e+02 5.4091900635e+02 5.4099700928e+02 5.4106799316e+02 5.4113897705e+02 5.4121002197e+02 5.4127600098e+02 5.4133599854e+02 5.4139001465e+02 5.4143103027e+02 5.4146398926e+02 5.4149798584e+02 5.4153002930e+02 5.4156097412e+02 5.4158898926e+02 5.4160797119e+02 5.4162097168e+02 5.4160400391e+02 5.4155700684e+02
5.4028802490e+02 5.4030102539e+02 5.4031097412e+02 5.4032299805e+02 5.4033599854e+02 5.4034100342e+02 5.4035900879e+02 5.4038897705e+02 5.4040399170e+02 5.4040600586e+02 5.4042901611e+02 5.4045501709e+02 5.4047802734e+02 5.4046801758e+02 5.4047100830e+02 5.4048602295e+02 5.4050701904e+02 5.4052801514e+02 5.4055200195e+02 5.4056402588e+02 5.4057501221e+02 5.4059399414e+02 5.4062200928e+02 5.4065197754e+02 5.4068200684e+02 5.4072100830e+02 5.4077099609e+02 5.4082897949e+02 5.4089099121e+02 5.4095599365e+02 5.4101800537e+02 5.4108001709e+02 5.4114599609e+02 5.4120300293e+02 5.4124401855e+02 5.4127899170e+02 5.4129498291e+02 5.4134399414e+02 5.4136700439e+02 5.4138897705e+02 5.4140002441e+02 5.4144299316e+02 5.4146099854e+02 5.4146899414e+02 5.4145800781e+02 5.4140399170e+02
5.4026599121e+02 5.4027502441e+02 5.4028198242e+02 5.4029498291e+02 5.4030401611e+02 5.4030902100e+02 5.4032397461e+02 5.4034301758e+02 5.4035699463e+02 5.4038098145e+02 5.4041198730e+02 5.4043103027e+02 5.4044598389e+02 5.4046099854e+02 5.4047100830e+02 5.4047900391e+02 5.4047601318e+02 5.4049401855e+02 5.4052697754e+02 5.4055200195e+02 5.4057299805e+02 5.4059002686e+02 5.4061102295e+02 5.4063800049e+02 5.4067297363e+02 5.4072100830e+02 5.4076702881e+02 5.4081500244e+02 5.4086199951e+02 5.4090997314e+02 5.4096301270e+02 5.4101800537e+02 5.4108099365e+02 5.4112597656e+02 5.4115698242e+02 5.4118103027e+02 5.4120397949e+02 5.4122998047e+02 5.4124798584e+02 5.4126501465e+02 5.4128698730e+02 5.4131201172e+02 5.4132397461e+02 5.4132501221e+02 5.4132098389e+02 5.4126702881e+02
5.4023901367e+02 5.4024902344e+02 5.4025201416e+02 5.4026098633e+02 5.4027099609e+02 5.4027099609e+02 5.4028802490e+02 5.4030999756e+02 5.4032598877e+02 5.4034600830e+02 5.4036999512e+02 5.4038299561e+02 5.4039697266e+02 5.4042498779e+02 5.4044799805e+02 5.4045098877e+02 5.4042700195e+02 5.4042797852e+02 5.4046502686e+02 5.4050799561e+02 5.4054797363e+02 5.4056799316e+02 5.4058898926e+02 5.4061901855e+02 5.4066400146e+02 5.4070599365e+02 5.4074499512e+02 5.4078601074e+02 5.4082598877e+02 5.4086700439e+02 5.4091198730e+02 5.4096099854e+02 5.4101300049e+02 5.4105200195e+02 5.4108300781e+02 5.4110601807e+02 5.4111999512e+02 5.4113702393e+02 5.4115301514e+02 5.4116998291e+02 5.4118701172e+02 5.4120697021e+02 5.4121697998e+02 5.4121697998e+02 5.4120300293e+02 5.4115197754e+02
5.4020697021e+02 5.4022497559e+02 5.4023400879e+02 5.4024597168e+02 5.4025598145e+02 5.4025598145e+02 5.4026501465e+02 5.4028601074e+02 5.4031097412e+02 5.4032098389e+02 5.4033502197e+02 5.4034802246e+02 5.4036102295e+02 5.4038598633e+02 5.4041101074e+02 5.4041802979e+02 5.4039697266e+02 5.4040301514e+02 5.4043298340e+02 5.4046801758e+02 5.4050701904e+02 5.4053601074e+02 5.4056298828e+02 5.4059997559e+02 5.4065197754e+02 5.4068298340e+02 5.4071398926e+02 5.4074597168e+02 5.4078302002e+02 5.4082000732e+02 5.4085797119e+02 5.4089898682e+02 5.4094396973e+02 5.4098101807e+02 5.4101098633e+02 5.4103302002e+02 5.4104302979e+02 5.4105603027e+02 5.4107202148e+02 5.4108801270e+02 5.4110302734e+02 5.4111901855e+02 5.4112799072e+02 5.4112597656e+02 5.4110900879e+02 5.4106701660e+02
5.4017797852e+02 5.4020501709e+02 5.4021997070e+02 5.4023400879e+02 5.4023901367e+02 5.4024298096e+02 5.4025201416e+02 5.4026702881e+02 5.4027600098e+02 5.4029797363e+02 5.4030798340e+02 5.4032702637e+02 5.4035601807e+02 5.4036199951e+02 5.4038098145e+02 5.4039300537e+02 5.4038500977e+02 5.4042401123e+02 5.4045098877e+02 5.4046099854e+02 5.4047900391e+02 5.4051098633e+02 5.4054199219e+02 5.4058300781e+02 5.4063098145e+02 5.4065100098e+02 5.4067199707e+02 5.4069097900e+02 5.4070898438e+02 5.4076000977e+02 5.4079101563e+02 5.4082397461e+02 5.4085699463e+02 5.4090698242e+02 5.4094000244e+02 5.4096997070e+02 5.4099798584e+02 5.4098999023e+02 5.4100299072e+02 5.4101397705e+02 5.4102899170e+02 5.4105102539e+02 5.4105999756e+02 5.4106201172e+02 5.4105200195e+02 5.4100701904e+02
5.4016101074e+02 5.4017901611e+02 5.4019299316e+02 5.4021002197e+02 5.4021502686e+02 5.4022302246e+02 5.4023699951e+02 5.4024597168e+02 5.4025500488e+02 5.4027899170e+02 5.4028698730e+02 5.4029602051e+02 5.4032501221e+02 5.4033697510e+02 5.4035498047e+02 5.4037701416e+02 5.4037500000e+02 5.4041998291e+02 5.4044799805e+02 5.4044799805e+02 5.4046801758e+02 5.4049700928e+02 5.4051898193e+02 5.4055102539e+02 5.4059301758e+02 5.4061499023e+02 5.4063000488e+02 5.4064398193e+02 5.4066302490e+02 5.4069500732e+02 5.4072100830e+02 5.4074902344e+02 5.4078698730e+02 5.4083001709e+02 5.4086602783e+02 5.4090197754e+02 5.4093200684e+02 5.4094702148e+02 5.4096099854e+02 5.4097399902e+02 5.4098699951e+02 5.4100201416e+02 5.4101202393e+02 5.4102001953e+02 5.4101898193e+02 5.4098999023e+02
5.4014898682e+02 5.4015997314e+02 5.4016998291e+02 5.4018597412e+02 5.4019000244e+02 5.4021301270e+02 5.4023297119e+02 5.4024597168e+02 5.4025897217e+02 5.4027099609e+02 5.4028100586e+02 5.4028601074e+02 5.4030200195e+02 5.4030902100e+02 5.4032897949e+02 5.4035998535e+02 5.4036602783e+02 5.4040399170e+02 5.4042700195e+02 5.4042700195e+02 5.4044897461e+02 5.4047100830e+02 5.4049102783e+02 5.4052001953e+02 5.4055401611e+02 5.4057702637e+02 5.4059497070e+02 5.4061199951e+02 5.4062902832e+02 5.4065100098e+02 5.4067199707e+02 5.4069299316e+02 5.4072497559e+02 5.4076501465e+02 5.4079797363e+02 5.4083197021e+02 5.4086901855e+02 5.4089697266e+02 5.4091699219e+02 5.4093402100e+02 5.4094702148e+02 5.4095898438e+02 5.4097198486e+02 5.4098199463e+02 5.4098901367e+02 5.4097302246e+02
5.4014001465e+02 5.4014697266e+02 5.4015399170e+02 5.4016998291e+02 5.4018103027e+02 5.4020397949e+02 5.4022399902e+02 5.4024102783e+02 5.4025299072e+02 5.4025097656e+02 5.4026397705e+02 5.4027301025e+02 5.4029302979e+02 5.4030102539e+02 5.4032397461e+02 5.4035699463e+02 5.4035699463e+02 5.4038098145e+02 5.4040002441e+02 5.4040002441e+02 5.4042102051e+02 5.4044396973e+02 5.4046197510e+02 5.4048602295e+02 5.4051098633e+02 5.4053802490e+02 5.4056500244e+02 5.4058898926e+02 5.4060601807e+02 5.4062097168e+02 5.4063500977e+02 5.4065002441e+02 5.4067199707e+02 5.4070599365e+02 5.4073699951e+02 5.4076800537e+02 5.4080700684e+02 5.4084399414e+02 5.4086901855e+02 5.4089001465e+02 5.4090502930e+02 5.4092199707e+02 5.4093798828e+02 5.4095098877e+02 5.4096002197e+02 5.4095800781e+02
5.4010797119e+02 5.4012902832e+02 5.4013897705e+02 5.4015502930e+02 5.4016601563e+02 5.4018597412e+02 5.4021002197e+02 5.4022900391e+02 5.4022900391e+02 5.4023400879e+02 5.4024798584e+02 5.4026098633e+02 5.4028399658e+02 5.4030499268e+02 5.4033001709e+02 5.4035198975e+02 5.4035101318e+02 5.4036199951e+02 5.4038397217e+02 5.4039202881e+02 5.4040399170e+02 5.4042199707e+02 5.4044000244e+02 5.4045599365e+02 5.4046099854e+02 5.4049499512e+02 5.4053698730e+02 5.4057501221e+02 5.4059802246e+02 5.4060601807e+02 5.4061602783e+02 5.4062298584e+02 5.4062701416e+02 5.4065197754e+02 5.4067797852e+02 5.4070300293e+02 5.4073199463e+02 5.4078100586e+02 5.4080700684e+02 5.4083099365e+02 5.4084600830e+02 5.4088500977e+02 5.4091101074e+02 5.4093103027e+02 5.4092401123e+02 5.4092999268e+02
5.4008502197e+02 5.4010900879e+02 5.4012097168e+02 5.4013098145e+02 5.4014300537e+02 5.4016101074e+02 5.4018701172e+02 5.4020599365e+02 5.4021697998e+02 5.4022802734e+02 5.4023602295e+02 5.4024798584e+02 5.4026898193e+02 5.4028997803e+02 5.4031402588e+02 5.4033197021e+02 5.4033898926e+02 5.4035101318e+02 5.4037298584e+02 5.4038397217e+02 5.4039398193e+02 5.4041101074e+02 5.4042498779e+02 5.4043902588e+02 5.4044799805e+02 5.4046997070e+02 5.4050799561e+02 5.4054400635e+02 5.4056597900e+02 5.4059100342e+02 5.4061401367e+02 5.4062799072e+02 5.4063098145e+02 5.4064099121e+02 5.4065100098e+02 5.4065600586e+02 5.4067297363e+02 5.4070599365e+02 5.4072900391e+02 5.4075402832e+02 5.4078698730e+02 5.4084002686e+02 5.4088800049e+02 5.4092199707e+02 5.4092199707e+02 5.4091998291e+02
5.4006896973e+02 5.4009802246e+02 5.4011401367e+02 5.4012200928e+02 5.4013500977e+02 5.4015100098e+02 5.4017102051e+02 5.4018701172e+02 5.4020202637e+02 5.4021197510e+02 5.4022302246e+02 5.4023797607e+02 5.4026000977e+02 5.4028100586e+02 5.4030401611e+02 5.4032299805e+02 5.4033502197e+02 5.4034600830e+02 5.4036297607e+02 5.4036901855e+02 5.4037799072e+02 5.4039898682e+02 5.4041198730e+02 5.4042401123e+02 5.4044097900e+02 5.4045697021e+02 5.4047900391e+02 5.4050299072e+02 5.4052600098e+02 5.4056201172e+02 5.4059399414e+02 5.4061901855e+02 5.4063397217e+02 5.4064801025e+02 5.4065100098e+02 5.4064501953e+02 5.4064202881e+02 5.4065802002e+02 5.4067797852e+02 5.4070098877e+02 5.4073498535e+02 5.4079498291e+02 5.4085198975e+02 5.4089599609e+02 5.4091302490e+02 5.4092602539e+02
5.4005603027e+02 5.4008300781e+02 5.4010198975e+02 5.4011199951e+02 5.4012402344e+02 5.4014099121e+02 5.4015399170e+02 5.4016601563e+02 5.4018402100e+02 5.4019598389e+02 5.4021197510e+02 5.4023101807e+02 5.4025299072e+02 5.4027197266e+02 5.4029199219e+02 5.4031097412e+02 5.4032800293e+02 5.4033898926e+02 5.4035198975e+02 5.4035302734e+02 5.4036199951e+02 5.4038897705e+02 5.4040399170e+02 5.4041601563e+02 5.4043298340e+02 5.4044299316e+02 5.4045599365e+02 5.4047302246e+02 5.4049499512e+02 5.4053198242e+02 5.4056500244e+02 5.4059197998e+02 5.4061798096e+02 5.4064501953e+02 5.4065197754e+02 5.4064801025e+02 5.4063598633e+02 5.4064300537e+02 5.4065802002e+02 5.4067297363e+02 5.4069897461e+02 5.4074597168e+02 5.4079901123e+02 5.4084600830e+02 5.4087597656e+02 5.4091497803e+02
5.4007202148e+02 5.4007501221e+02 5.4008599854e+02 5.4009497070e+02 5.4010198975e+02 5.4012701416e+02 5.4014202881e+02 5.4015301514e+02 5.4016497803e+02 5.4018298340e+02 5.4020202637e+02 5.4022302246e+02 5.4024102783e+02 5.4025598145e+02 5.4027197266e+02 5.4029101563e+02 5.4030902100e+02 5.4032501221e+02 5.4033801270e+02 5.4034399414e+02 5.4035601807e+02 5.4037500000e+02 5.4039001465e+02 5.4040100098e+02 5.4041302490e+02 5.4042401123e+02 5.4044396973e+02 5.4046697998e+02 5.4048797607e+02 5.4051098633e+02 5.4053302002e+02 5.4055102539e+02 5.4057098389e+02 5.4060998535e+02 5.4062799072e+02 5.4063702393e+02 5.4064697266e+02 5.4066601563e+02 5.4067199707e+02 5.4067797852e+02 5.4069000244e+02 5.4069500732e+02 5.4072198486e+02 5.4075799561e+02 5.4080297852e+02 5.4087799072e+02
5.4011602783e+02 5.4012500000e+02 5.4012701416e+02 5.4012402344e+02 5.4012200928e+02 5.4013598633e+02 5.4014501953e+02 5.4015100098e+02 5.4015899658e+02 5.4016802979e+02 5.4018103027e+02 5.4020001221e+02 5.4021997070e+02 5.4023400879e+02 5.4025201416e+02 5.4027301025e+02 5.4029602051e+02 5.4031402588e+02 5.4032800293e+02 5.4034002686e+02 5.4035601807e+02 5.4037200928e+02 5.4038098145e+02 5.4039099121e+02 5.4040502930e+02 5.4042199707e+02 5.4044500732e+02 5.4046600342e+02 5.4047998047e+02 5.4048999023e+02 5.4050701904e+02 5.4053198242e+02 5.4054901123e+02 5.4056896973e+02 5.4058599854e+02 5.4060797119e+02 5.4062902832e+02 5.4066101074e+02 5.4068499756e+02 5.4070202637e+02 5.4070898438e+02 5.4070898438e+02 5.4072399902e+02 5.4075000000e+02 5.4079400635e+02 5.4086602783e+02
5.4014099121e+02 5.4015600586e+02 5.4015899658e+02 5.4015502930e+02 5.4014697266e+02 5.4015600586e+02 5.4016302490e+02 5.4016699219e+02 5.4016900635e+02 5.4016302490e+02 5.4016802979e+02 5.4017999268e+02 5.4020300293e+02 5.4022198486e+02 5.4024102783e+02 5.4026000977e+02 5.4028302002e+02 5.4029998779e+02 5.4031402588e+02 5.4032800293e+02 5.4034899902e+02 5.4036499023e+02 5.4037402344e+02 5.4038500977e+02 5.4040301514e+02 5.4042297363e+02 5.4044000244e+02 5.4045300293e+02 5.4046197510e+02 5.4046301270e+02 5.4047998047e+02 5.4051300049e+02 5.4053900146e+02 5.4055297852e+02 5.4056097412e+02 5.4057800293e+02 5.4059600830e+02 5.4061901855e+02 5.4065399170e+02 5.4068402100e+02 5.4069702148e+02 5.4071099854e+02 5.4073999023e+02 5.4077301025e+02 5.4080297852e+02 5.4084497070e+02
5.4015100098e+02 5.4017102051e+02 5.4017901611e+02 5.4018103027e+02 5.4018200684e+02 5.4019500732e+02 5.4019897461e+02 5.4020098877e+02 5.4019799805e+02 5.4017797852e+02 5.4017199707e+02 5.4017602539e+02 5.4019500732e+02 5.4021502686e+02 5.4023101807e+02 5.4024798584e+02 5.4026800537e+02 5.4028302002e+02 5.4029699707e+02 5.4031298828e+02 5.4033398438e+02 5.4035198975e+02 5.4036602783e+02 5.4038098145e+02 5.4040002441e+02 5.4041101074e+02 5.4042401123e+02 5.4043597412e+02 5.4044897461e+02 5.4045599365e+02 5.4047100830e+02 5.4049700928e+02 5.4051702881e+02 5.4053900146e+02 5.4055200195e+02 5.4056597900e+02 5.4057000732e+02 5.4058502197e+02 5.4062200928e+02 5.4065002441e+02 5.4065698242e+02 5.4068298340e+02 5.4072302246e+02 5.4076599121e+02 5.4079498291e+02 5.4081500244e+02
