TESTSERVER/17/19.asc
NCOLS 100
NROWS 100
XLLCORNER 8.3497500000e+03
YLLCORNER 2.8900025000e+05
CELLSIZE 5.0000000000e-01
NODATA_VALUE -9.9990000000e+03
[rows 0 to 19 of 100, columns 46 to 91 of 100]
5.4037200928e+02 5.4040802002e+02 5.4043103027e+02 5.4044897461e+02 5.4046398926e+02 5.4047998047e+02 5.4049200439e+02 5.4050299072e+02 5.4051000977e+02 5.4051800537e+02 5.4052502441e+02 5.4053198242e+02 5.4053698730e+02 5.4053497314e+02 5.4053497314e+02 5.4053601074e+02 5.4053497314e+02 5.4053399658e+02 5.4053100586e+02 5.4052801514e+02 5.4052801514e+02 5.4052697754e+02 5.4052600098e+02 5.4052398682e+02 5.4052801514e+02 5.4053698730e+02 5.4054400635e+02 5.4055102539e+02 5.4056201172e+02 5.4058300781e+02 5.4059899902e+02 5.4061700439e+02 5.4063702393e+02 5.4064599609e+02 5.4064898682e+02 5.4064697266e+02 5.4063702393e+02 5.4061798096e+02 5.4059997559e+02 5.4058099365e+02 5.4055603027e+02 5.4053698730e+02 5.4052197266e+02 5.4051000977e+02 5.4050299072e+02 5.4050598145e+02
5.4040997314e+02 5.4043798828e+02 5.4045800781e+02 5.4047302246e+02 5.4048602295e+02 5.4049902344e+02 5.4050897217e+02 5.4051702881e+02 5.4052398682e+02 5.4053002930e+02 5.4053497314e+02 5.4053900146e+02 5.4054302979e+02 5.4054199219e+02 5.4053997803e+02 5.4053698730e+02 5.4053698730e+02 5.4053601074e+02 5.4053100586e+02 5.4052600098e+02 5.4052502441e+02 5.4052301025e+02 5.4051898193e+02 5.4051599121e+02 5.4052099609e+02 5.4053302002e+02 5.4053601074e+02 5.4053997803e+02 5.4055102539e+02 5.4057202148e+02 5.4058697510e+02 5.4060198975e+02 5.4061999512e+02 5.4062902832e+02 5.4063098145e+02 5.4062799072e+02 5.4061798096e+02 5.4059802246e+02 5.4058099365e+02 5.4056201172e+02 5.4054101563e+02 5.4052398682e+02 5.4051000977e+02 5.4049902344e+02 5.4049200439e+02 5.4049401855e+02
5.4045098877e+02 5.4046899414e+02 5.4048699951e+02 5.4049902344e+02 5.4051000977e+02 5.4052001953e+02 5.4052801514e+02 5.4053399658e+02 5.4053900146e+02 5.4054199219e+02 5.4054498291e+02 5.4054699707e+02 5.4054901123e+02 5.4054699707e+02 5.4054400635e+02 5.4054199219e+02 5.4053900146e+02 5.4053497314e+02 5.4052899170e+02 5.4052398682e+02 5.4052001953e+02 5.4051800537e+02 5.4051397705e+02 5.4051000977e+02 5.4051300049e+02 5.4052301025e+02 5.4052697754e+02 5.4053002930e+02 5.4053997803e+02 5.4055798340e+02 5.4057098389e+02 5.4058502197e+02 5.4060101318e+02 5.4060998535e+02 5.4061102295e+02 5.4060797119e+02 5.4059698486e+02 5.4057897949e+02 5.4056298828e+02 5.4054602051e+02 5.4052600098e+02 5.4051000977e+02 5.4049700928e+02 5.4048699951e+02 5.4048101807e+02 5.4048297119e+02
5.4049700928e+02 5.4050402832e+02 5.4051800537e+02 5.4052801514e+02 5.4053497314e+02 5.4054302979e+02 5.4054901123e+02 5.4055200195e+02 5.4055401611e+02 5.4055499268e+02 5.4055603027e+02 5.4055603027e+02 5.4055499268e+02 5.4055200195e+02 5.4054901123e+02 5.4054699707e+02 5.4054302979e+02 5.4053497314e+02 5.4052801514e+02 5.4052197266e+02 5.4051599121e+02 5.4051202393e+02 5.4050897217e+02 5.4050500488e+02 5.4050500488e+02 5.4051300049e+02 5.4051702881e+02 5.4052099609e+02 5.4052801514e+02 5.4054302979e+02 5.4055401611e+02 5.4056500244e+02 5.4058001709e+02 5.4058898926e+02 5.4059002686e+02 5.4058599854e+02 5.4057501221e+02 5.4055902100e+02 5.4054498291e+02 5.4052899170e+02 5.4051098633e+02 5.4049597168e+02 5.4048498535e+02 5.4047601318e+02 5.4046997070e+02 5.4047100830e+02
5.4057000732e+02 5.4055297852e+02 5.4055603027e+02 5.4055902100e+02 5.4056597900e+02 5.4057202148e+02 5.4057397461e+02 5.4057397461e+02 5.4057299805e+02 5.4056896973e+02 5.4056701660e+02 5.4056500244e+02 5.4056298828e+02 5.4055798340e+02 5.4055401611e+02 5.4054998779e+02 5.4054302979e+02 5.4053497314e+02 5.4052697754e+02 5.4051898193e+02 5.4050897217e+02 5.4050598145e+02 5.4050201416e+02 5.4049902344e+02 5.4049798584e+02 5.4050201416e+02 5.4050500488e+02 5.4050799561e+02 5.4051300049e+02 5.4052502441e+02 5.4053302002e+02 5.4054101563e+02 5.4055401611e+02 5.4056500244e+02 5.4056597900e+02 5.4056298828e+02 5.4055102539e+02 5.4053698730e+02 5.4052600098e+02 5.4051397705e+02 5.4049798584e+02 5.4048199463e+02 5.4047302246e+02 5.4046600342e+02 5.4046197510e+02 5.4046002197e+02
5.4060797119e+02 5.4059600830e+02 5.4058898926e+02 5.4058599854e+02 5.4059497070e+02 5.4060400391e+02 5.4060400391e+02 5.4059997559e+02 5.4059100342e+02 5.4058398438e+02 5.4058001709e+02 5.4057598877e+02 5.4057000732e+02 5.4056298828e+02 5.4055798340e+02 5.4055102539e+02 5.4054498291e+02 5.4053601074e+02 5.4052600098e+02 5.4051397705e+02 5.4050500488e+02 5.4050000000e+02 5.4049401855e+02 5.4048999023e+02 5.4048901367e+02 5.4049102783e+02 5.4049200439e+02 5.4049401855e+02 5.4050000000e+02 5.4050897217e+02 5.4051501465e+02 5.4052197266e+02 5.4053399658e+02 5.4053997803e+02 5.4053997803e+02 5.4053802490e+02 5.4052899170e+02 5.4051702881e+02 5.4050701904e+02 5.4049597168e+02 5.4048101807e+02 5.4046801758e+02 5.4046002197e+02 5.4045397949e+02 5.4044799805e+02 5.4044897461e+02
5.4062597656e+02 5.4060900879e+02 5.4060302734e+02 5.4060400391e+02 5.4061700439e+02 5.4062597656e+02 5.4062402344e+02 5.4061798096e+02 5.4060498047e+02 5.4059497070e+02 5.4059002686e+02 5.4058398438e+02 5.4057598877e+02 5.4056701660e+02 5.4056097412e+02 5.4055499268e+02 5.4054797363e+02 5.4053601074e+02 5.4052502441e+02 5.4051300049e+02 5.4050097656e+02 5.4049298096e+02 5.4048498535e+02 5.4047900391e+02 5.4047802734e+02 5.4047900391e+02 5.4047900391e+02 5.4047998047e+02 5.4048498535e+02 5.4049200439e+02 5.4049798584e+02 5.4050402832e+02 5.4051300049e+02 5.4051800537e+02 5.4051800537e+02 5.4051599121e+02 5.4050897217e+02 5.4049798584e+02 5.4048797607e+02 5.4047698975e+02 5.4046398926e+02 5.4045202637e+02 5.4044396973e+02 5.4043798828e+02 5.4043402100e+02 5.4043499756e+02
5.4062097168e+02 5.4060498047e+02 5.4060601807e+02 5.4061401367e+02 5.4063299561e+02 5.4064001465e+02 5.4063702393e+02 5.4063000488e+02 5.4061499023e+02 5.4060302734e+02 5.4059600830e+02 5.4059002686e+02 5.4058001709e+02 5.4057000732e+02 5.4056500244e+02 5.4055902100e+02 5.4055102539e+02 5.4053802490e+02 5.4052502441e+02 5.4051202393e+02 5.4049700928e+02 5.4048498535e+02 5.4047497559e+02 5.4046801758e+02 5.4046398926e+02 5.4046502686e+02 5.4046398926e+02 5.4046398926e+02 5.4046697998e+02 5.4047302246e+02 5.4047802734e+02 5.4048498535e+02 5.4049200439e+02 5.4049597168e+02 5.4049700928e+02 5.4049401855e+02 5.4048797607e+02 5.4047802734e+02 5.4046899414e+02 5.4045800781e+02 5.4044598389e+02 5.4043499756e+02 5.4042797852e+02 5.4042199707e+02 5.4041802979e+02 5.4041900635e+02
5.4060198975e+02 5.4059497070e+02 5.4059497070e+02 5.4061999512e+02 5.4067401123e+02 5.4065197754e+02 5.4064398193e+02 5.4063299561e+02 5.4061700439e+02 5.4060601807e+02 5.4059802246e+02 5.4059100342e+02 5.4058398438e+02 5.4057702637e+02 5.4057000732e+02 5.4056298828e+02 5.4055401611e+02 5.4054101563e+02 5.4052600098e+02 5.4050897217e+02 5.4048699951e+02 5.4047601318e+02 5.4046502686e+02 5.4045800781e+02 5.4045599365e+02 5.4045001221e+02 5.4045001221e+02 5.4045098877e+02 5.4045501709e+02 5.4045001221e+02 5.4045397949e+02 5.4046099854e+02 5.4047399902e+02 5.4047802734e+02 5.4047900391e+02 5.4047802734e+02 5.4047399902e+02 5.4045800781e+02 5.4044598389e+02 5.4043499756e+02 5.4042199707e+02 5.4041699219e+02 5.4040899658e+02 5.4040399170e+02 5.4039898682e+02 5.4040197754e+02
5.4060198975e+02 5.4060400391e+02 5.4058898926e+02 5.4059497070e+02 5.4062799072e+02 5.4063500977e+02 5.4063397217e+02 5.4062902832e+02 5.4061798096e+02 5.4060400391e+02 5.4059600830e+02 5.4059002686e+02 5.4058398438e+02 5.4058001709e+02 5.4057397461e+02 5.4056597900e+02 5.4055603027e+02 5.4054199219e+02 5.4052398682e+02 5.4050299072e+02 5.4047998047e+02 5.4046502686e+02 5.4045098877e+02 5.4044097900e+02 5.4043499756e+02 5.4043200684e+02 5.4042999268e+02 5.4043103027e+02 5.4042700195e+02 5.4042102051e+02 5.4042602539e+02 5.4043499756e+02 5.4044897461e+02 5.4045599365e+02 5.4045898438e+02 5.4045898438e+02 5.4045001221e+02 5.4043499756e+02 5.4042401123e+02 5.4041400146e+02 5.4040399170e+02 5.4039697266e+02 5.4039001465e+02 5.4038500977e+02 5.4038201904e+02 5.4038500977e+02
5.4061401367e+02 5.4062402344e+02 5.4060699463e+02 5.4059399414e+02 5.4059899902e+02 5.4060900879e+02 5.4061297607e+02 5.4061499023e+02 5.4061199951e+02 5.4060198975e+02 5.4059497070e+02 5.4058898926e+02 5.4058502197e+02 5.4058099365e+02 5.4057598877e+02 5.4056896973e+02 5.4055999756e+02 5.4054199219e+02 5.4052301025e+02 5.4049902344e+02 5.4047198486e+02 5.4045098877e+02 5.4043298340e+02 5.4041802979e+02 5.4040997314e+02 5.4040600586e+02 5.4040100098e+02 5.4039898682e+02 5.4039398193e+02 5.4039001465e+02 5.4039599609e+02 5.4040502930e+02 5.4042102051e+02 5.4042901611e+02 5.4043200684e+02 5.4043298340e+02 5.4042602539e+02 5.4041400146e+02 5.4040502930e+02 5.4039697266e+02 5.4038702393e+02 5.4037799072e+02 5.4037200928e+02 5.4036798096e+02 5.4036499023e+02 5.4036901855e+02
5.4063000488e+02 5.4063098145e+02 5.4061798096e+02 5.4060400391e+02 5.4059100342e+02 5.4059301758e+02 5.4059600830e+02 5.4059997559e+02 5.4060498047e+02 5.4059997559e+02 5.4059497070e+02 5.4059002686e+02 5.4058502197e+02 5.4058300781e+02 5.4057897949e+02 5.4057299805e+02 5.4056500244e+02 5.4054498291e+02 5.4052301025e+02 5.4049700928e+02 5.4046398926e+02 5.4043298340e+02 5.4040997314e+02 5.4039099121e+02 5.4038000488e+02 5.4037402344e+02 5.4036602783e+02 5.4036102295e+02 5.4035601807e+02 5.4035699463e+02 5.4036297607e+02 5.4037298584e+02 5.4039001465e+02 5.4039898682e+02 5.4040301514e+02 5.4040399170e+02 5.4040002441e+02 5.4039202881e+02 5.4038702393e+02 5.4038098145e+02 5.4037200928e+02 5.4036199951e+02 5.4035601807e+02 5.4035198975e+02 5.4034997559e+02 5.4035498047e+02
5.4060302734e+02 5.4060400391e+02 5.4061102295e+02 5.4061798096e+02 5.4061499023e+02 5.4059100342e+02 5.4058502197e+02 5.4058697510e+02 5.4059301758e+02 5.4059497070e+02 5.4059197998e+02 5.4059002686e+02 5.4058898926e+02 5.4058697510e+02 5.4058502197e+02 5.4058197021e+02 5.4058099365e+02 5.4055499268e+02 5.4052899170e+02 5.4049499512e+02 5.4045697021e+02 5.4041998291e+02 5.4038897705e+02 5.4036499023e+02 5.4035601807e+02 5.4033398438e+02 5.4032098389e+02 5.4031201172e+02 5.4030999756e+02 5.4032000732e+02 5.4032702637e+02 5.4033801270e+02 5.4034802246e+02 5.4036401367e+02 5.4037298584e+02 5.4038000488e+02 5.4038800049e+02 5.4037597656e+02 5.4037402344e+02 5.4036901855e+02 5.4035699463e+02 5.4034600830e+02 5.4034301758e+02 5.4034100342e+02 5.4034399414e+02 5.4034197998e+02
5.4037402344e+02 5.4042102051e+02 5.4051397705e+02 5.4061798096e+02 5.4063201904e+02 5.4059997559e+02 5.4058599854e+02 5.4057299805e+02 5.4057800293e+02 5.4058898926e+02 5.4059002686e+02 5.4058898926e+02 5.4059100342e+02 5.4059399414e+02 5.4059497070e+02 5.4059497070e+02 5.4059002686e+02 5.4056896973e+02 5.4054199219e+02 5.4050097656e+02 5.4045202637e+02 5.4040600586e+02 5.4036297607e+02 5.4033300781e+02 5.4030798340e+02 5.4028302002e+02 5.4027099609e+02 5.4026501465e+02 5.4026702881e+02 5.4027697754e+02 5.4028698730e+02 5.4029797363e+02 5.4031298828e+02 5.4032897949e+02 5.4034197998e+02 5.4035400391e+02 5.4036199951e+02 5.4036102295e+02 5.4035998535e+02 5.4035601807e+02 5.4034301758e+02 5.4033398438e+02 5.4033300781e+02 5.4033300781e+02 5.4033099365e+02 5.4033099365e+02
5.4012902832e+02 5.4016497803e+02 5.4030798340e+02 5.4048999023e+02 5.4058001709e+02 5.4059698486e+02 5.4060198975e+02 5.4058801270e+02 5.4058001709e+02 5.4059100342e+02 5.4059197998e+02 5.4059002686e+02 5.4059100342e+02 5.4059600830e+02 5.4059698486e+02 5.4059899902e+02 5.4059497070e+02 5.4057702637e+02 5.4054998779e+02 5.4050799561e+02 5.4044097900e+02 5.4036999512e+02 5.4032000732e+02 5.4028302002e+02 5.4025097656e+02 5.4022900391e+02 5.4022100830e+02 5.4021899414e+02 5.4022399902e+02 5.4023498535e+02 5.4024700928e+02 5.4026202393e+02 5.4027899170e+02 5.4029699707e+02 5.4030999756e+02 5.4032397461e+02 5.4033502197e+02 5.4034002686e+02 5.4034100342e+02 5.4033898926e+02 5.4032702637e+02 5.4032000732e+02 5.4031701660e+02 5.4031799316e+02 5.4031799316e+02 5.4032000732e+02
5.4001898193e+02 5.4001599121e+02 5.4013500977e+02 5.4030999756e+02 5.4043200684e+02 5.4051898193e+02 5.4057397461e+02 5.4059301758e+02 5.4058599854e+02 5.4059301758e+02 5.4059698486e+02 5.4059301758e+02 5.4059002686e+02 5.4059197998e+02 5.4059399414e+02 5.4059600830e+02 5.4059698486e+02 5.4058502197e+02 5.4055902100e+02 5.4051599121e+02 5.4042102051e+02 5.4031701660e+02 5.4025897217e+02 5.4021600342e+02 5.4018298340e+02 5.4017102051e+02 5.4016802979e+02 5.4017102051e+02 5.4018103027e+02 5.4019500732e+02 5.4021002197e+02 5.4022698975e+02 5.4024597168e+02 5.4026501465e+02 5.4028002930e+02 5.4029400635e+02 5.4030902100e+02 5.4031701660e+02 5.4032000732e+02 5.4031896973e+02 5.4030999756e+02 5.4030297852e+02 5.4030200195e+02 5.4030200195e+02 5.4030499268e+02 5.4030902100e+02
5.4005499268e+02 5.4003002930e+02 5.4005798340e+02 5.4012500000e+02 5.4016802979e+02 5.4032598877e+02 5.4047302246e+02 5.4059100342e+02 5.4067199707e+02 5.4060400391e+02 5.4059197998e+02 5.4058697510e+02 5.4058697510e+02 5.4058197021e+02 5.4058001709e+02 5.4058001709e+02 5.4057202148e+02 5.4059301758e+02 5.4059600830e+02 5.4057000732e+02 5.4050500488e+02 5.4026202393e+02 5.4016302490e+02 5.4010601807e+02 5.4008300781e+02 5.4010302734e+02 5.4010797119e+02 5.4011798096e+02 5.4013397217e+02 5.4015899658e+02 5.4017999268e+02 5.4019897461e+02 5.4021997070e+02 5.4023400879e+02 5.4025097656e+02 5.4026702881e+02 5.4028198242e+02 5.4029101563e+02 5.4029699707e+02 5.4029998779e+02 5.4029699707e+02 5.4028497314e+02 5.4028302002e+02 5.4028399658e+02 5.4029101563e+02 5.4030200195e+02
5.3997998047e+02 5.4003997803e+02 5.4005798340e+02 5.4003497314e+02 5.4000500488e+02 5.4006896973e+02 5.4023297119e+02 5.4043103027e+02 5.4057897949e+02 5.4061999512e+02 5.4061499023e+02 5.4059802246e+02 5.4058599854e+02 5.4058300781e+02 5.4057702637e+02 5.4057202148e+02 5.4057299805e+02 5.4060900879e+02 5.4063500977e+02 5.4060302734e+02 5.4043200684e+02 5.4016601563e+02 5.4002502441e+02 5.3996502686e+02 5.3999200439e+02 5.4002600098e+02 5.4004400635e+02 5.4006597900e+02 5.4009802246e+02 5.4013201904e+02 5.4015502930e+02 5.4017602539e+02 5.4018798828e+02 5.4020001221e+02 5.4021697998e+02 5.4023400879e+02 5.4025000000e+02 5.4026202393e+02 5.4027099609e+02 5.4027502441e+02 5.4027001953e+02 5.4026202393e+02 5.4026300049e+02 5.4026800537e+02 5.4028002930e+02 5.4029699707e+02
5.3977301025e+02 5.3989697266e+02 5.4000701904e+02 5.4004400635e+02 5.4002398682e+02 5.4000897217e+02 5.4004101563e+02 5.4014202881e+02 5.4031701660e+02 5.4048101807e+02 5.4057098389e+02 5.4060699463e+02 5.4059600830e+02 5.4059802246e+02 5.4060101318e+02 5.4059497070e+02 5.4058300781e+02 5.4062097168e+02 5.4063201904e+02 5.4056298828e+02 5.4033300781e+02 5.4005102539e+02 5.3990997314e+02 5.3985998535e+02 5.3990802002e+02 5.3995898438e+02 5.3998901367e+02 5.4002099609e+02 5.4006298828e+02 5.4009899902e+02 5.4012298584e+02 5.4014398193e+02 5.4015502930e+02 5.4016497803e+02 5.4018200684e+02 5.4019897461e+02 5.4021697998e+02 5.4023297119e+02 5.4024200439e+02 5.4024798584e+02 5.4024401855e+02 5.4023999023e+02 5.4024499512e+02 5.4025402832e+02 5.4027001953e+02 5.4028601074e+02
5.3962200928e+02 5.3971099854e+02 5.3985900879e+02 5.3996801758e+02 5.4002697754e+02 5.4004602051e+02 5.4000701904e+02 5.3998999023e+02 5.4006298828e+02 5.4023999023e+02 5.4040100098e+02 5.4051702881e+02 5.4056701660e+02 5.4059698486e+02 5.4062701416e+02 5.4062902832e+02 5.4060400391e+02 5.4063201904e+02 5.4061798096e+02 5.4050402832e+02 5.4021801758e+02 5.3993902588e+02 5.3980700684e+02 5.3977301025e+02 5.3983599854e+02 5.3989697266e+02 5.3993902588e+02 5.3998199463e+02 5.4002899170e+02 5.4006298828e+02 5.4008697510e+02 5.4010797119e+02 5.4012097168e+02 5.4013098145e+02 5.4014801025e+02 5.4016400146e+02 5.4018499756e+02 5.4020300293e+02 5.4021398926e+02 5.4022100830e+02 5.4021899414e+02 5.4021899414e+02 5.4022802734e+02 5.4024102783e+02 5.4025897217e+02 5.4027197266e+02
