TESTSERVER/17/19.asc
NCOLS 100
NROWS 100
XLLCORNER 8.3497500000e+03
YLLCORNER 2.8900025000e+05
CELLSIZE 5.0000000000e-01
NODATA_VALUE -9.9990000000e+03
[rows 20 to 39 of 100, columns 0 to 45 of 100]
5.3946997070e+02 5.3941198730e+02 5.3933300781e+02 5.3925299072e+02 5.3921899414e+02 5.3920599365e+02 5.3918597412e+02 5.3916497803e+02 5.3915802002e+02 5.3915502930e+02 5.3915197754e+02 5.3916198730e+02 5.3915997314e+02 5.3909997559e+02 5.3901397705e+02 5.3903497314e+02 5.3910900879e+02 5.3917401123e+02 5.3918902588e+02 5.3922198486e+02 5.3927697754e+02 5.3935400391e+02 5.3943499756e+02 5.3946801758e+02 5.3945800781e+02 5.3943298340e+02 5.3943200684e+02 5.3942797852e+02 5.3942401123e+02 5.3942797852e+02 5.3944201660e+02 5.3946197510e+02 5.3946502686e+02 5.3946099854e+02 5.3946801758e+02 5.3949700928e+02 5.3952099609e+02 5.3953100586e+02 5.3952197266e+02 5.3953802490e+02 5.3956201172e+02 5.3956597900e+02 5.3954797363e+02 5.3957098389e+02 5.3959197998e+02 5.3960797119e+02
5.3953302002e+02 5.3948797607e+02 5.3940600586e+02 5.3929199219e+02 5.3921997070e+02 5.3919500732e+02 5.3918200684e+02 5.3915197754e+02 5.3914300537e+02 5.3914001465e+02 5.3914202881e+02 5.3914099121e+02 5.3915399170e+02 5.3911999512e+02 5.3901300049e+02 5.3901501465e+02 5.3907702637e+02 5.3911999512e+02 5.3911901855e+02 5.3915802002e+02 5.3922900391e+02 5.3932501221e+02 5.3942700195e+02 5.3947601318e+02 5.3945800781e+02 5.3942999268e+02 5.3942999268e+02 5.3942901611e+02 5.3942498779e+02 5.3943103027e+02 5.3943902588e+02 5.3945001221e+02 5.3945800781e+02 5.3945501709e+02 5.3945202637e+02 5.3946197510e+02 5.3949798584e+02 5.3952301025e+02 5.3952600098e+02 5.3953100586e+02 5.3954400635e+02 5.3955297852e+02 5.3954998779e+02 5.3957098389e+02 5.3958599854e+02 5.3959100342e+02
5.3957299805e+02 5.3954199219e+02 5.3947399902e+02 5.3934698486e+02 5.3923901367e+02 5.3918597412e+02 5.3917700195e+02 5.3914697266e+02 5.3913299561e+02 5.3913000488e+02 5.3913500977e+02 5.3912902832e+02 5.3914697266e+02 5.3914001465e+02 5.3904797363e+02 5.3900598145e+02 5.3902600098e+02 5.3905297852e+02 5.3905102539e+02 5.3909399414e+02 5.3916699219e+02 5.3926202393e+02 5.3937902832e+02 5.3945300293e+02 5.3945800781e+02 5.3944097900e+02 5.3943597412e+02 5.3943402100e+02 5.3942797852e+02 5.3943200684e+02 5.3943902588e+02 5.3944897461e+02 5.3946197510e+02 5.3946801758e+02 5.3946600342e+02 5.3947302246e+02 5.3949902344e+02 5.3952001953e+02 5.3952600098e+02 5.3953100586e+02 5.3953900146e+02 5.3954901123e+02 5.3955700684e+02 5.3957897949e+02 5.3959301758e+02 5.3958898926e+02
5.3959997559e+02 5.3958197021e+02 5.3953698730e+02 5.3942498779e+02 5.3928100586e+02 5.3918499756e+02 5.3916601563e+02 5.3914898682e+02 5.3913500977e+02 5.3912597656e+02 5.3912597656e+02 5.3912402344e+02 5.3913800049e+02 5.3914898682e+02 5.3909899902e+02 5.3900598145e+02 5.3898797607e+02 5.3901800537e+02 5.3902801514e+02 5.3906799316e+02 5.3912402344e+02 5.3918298340e+02 5.3927600098e+02 5.3938397217e+02 5.3943402100e+02 5.3944799805e+02 5.3944897461e+02 5.3944299316e+02 5.3943298340e+02 5.3943103027e+02 5.3943902588e+02 5.3944097900e+02 5.3945397949e+02 5.3946899414e+02 5.3947601318e+02 5.3948602295e+02 5.3949499512e+02 5.3950500488e+02 5.3951702881e+02 5.3952697754e+02 5.3953601074e+02 5.3953802490e+02 5.3954699707e+02 5.3956500244e+02 5.3958099365e+02 5.3958398438e+02
5.3959600830e+02 5.3959802246e+02 5.3961901855e+02 5.3952502441e+02 5.3934698486e+02 5.3919897461e+02 5.3915002441e+02 5.3913897705e+02 5.3913397217e+02 5.3912402344e+02 5.3911602783e+02 5.3912500000e+02 5.3912097168e+02 5.3912200928e+02 5.3911901855e+02 5.3902398682e+02 5.3897399902e+02 5.3902197266e+02 5.3904901123e+02 5.3908300781e+02 5.3910699463e+02 5.3911102295e+02 5.3914697266e+02 5.3929101563e+02 5.3939697266e+02 5.3945098877e+02 5.3946502686e+02 5.3946099854e+02 5.3944500732e+02 5.3943798828e+02 5.3943597412e+02 5.3942498779e+02 5.3942901611e+02 5.3944598389e+02 5.3946002197e+02 5.3946600342e+02 5.3947198486e+02 5.3949102783e+02 5.3951202393e+02 5.3952398682e+02 5.3952600098e+02 5.3952197266e+02 5.3952899170e+02 5.3953198242e+02 5.3954901123e+02 5.3956201172e+02
5.3959301758e+02 5.3961499023e+02 5.3965600586e+02 5.3957702637e+02 5.3940301514e+02 5.3926599121e+02 5.3923101807e+02 5.3915002441e+02 5.3911297607e+02 5.3911999512e+02 5.3911602783e+02 5.3911401367e+02 5.3910601807e+02 5.3910498047e+02 5.3910900879e+02 5.3906500244e+02 5.3899102783e+02 5.3901800537e+02 5.3904101563e+02 5.3908697510e+02 5.3911798096e+02 5.3910498047e+02 5.3909802246e+02 5.3920898438e+02 5.3934301758e+02 5.3943499756e+02 5.3946002197e+02 5.3945300293e+02 5.3943499756e+02 5.3944000244e+02 5.3946600342e+02 5.3946197510e+02 5.3944598389e+02 5.3944097900e+02 5.3945098877e+02 5.3944897461e+02 5.3945397949e+02 5.3947497559e+02 5.3950000000e+02 5.3951599121e+02 5.3952197266e+02 5.3951898193e+02 5.3951501465e+02 5.3951501465e+02 5.3952099609e+02 5.3952301025e+02
5.3957501221e+02 5.3959600830e+02 5.3962200928e+02 5.3955102539e+02 5.3941802979e+02 5.3932501221e+02 5.3932397461e+02 5.3920800781e+02 5.3911199951e+02 5.3910797119e+02 5.3911297607e+02 5.3909997559e+02 5.3909698486e+02 5.3909997559e+02 5.3909197998e+02 5.3908001709e+02 5.3900402832e+02 5.3898199463e+02 5.3899700928e+02 5.3905902100e+02 5.3910302734e+02 5.3909600830e+02 5.3907098389e+02 5.3913702393e+02 5.3927197266e+02 5.3940100098e+02 5.3945397949e+02 5.3944702148e+02 5.3943200684e+02 5.3944299316e+02 5.3948101807e+02 5.3947802734e+02 5.3946301270e+02 5.3945501709e+02 5.3945599365e+02 5.3945300293e+02 5.3944500732e+02 5.3945397949e+02 5.3948400879e+02 5.3949597168e+02 5.3950201416e+02 5.3949798584e+02 5.3949700928e+02 5.3950402832e+02 5.3950097656e+02 5.3949401855e+02
5.3953399658e+02 5.3954400635e+02 5.3953802490e+02 5.3947198486e+02 5.3938598633e+02 5.3933898926e+02 5.3935400391e+02 5.3926800537e+02 5.3913598633e+02 5.3909600830e+02 5.3910198975e+02 5.3909002686e+02 5.3909002686e+02 5.3908898926e+02 5.3907299805e+02 5.3907702637e+02 5.3902099609e+02 5.3896301270e+02 5.3895202637e+02 5.3901702881e+02 5.3906701660e+02 5.3907897949e+02 5.3907202148e+02 5.3909997559e+02 5.3921398926e+02 5.3936297607e+02 5.3945098877e+02 5.3946197510e+02 5.3945098877e+02 5.3945001221e+02 5.3946997070e+02 5.3946697998e+02 5.3946801758e+02 5.3946502686e+02 5.3945001221e+02 5.3943701172e+02 5.3942498779e+02 5.3943798828e+02 5.3947698975e+02 5.3947900391e+02 5.3947998047e+02 5.3947198486e+02 5.3947802734e+02 5.3949200439e+02 5.3948199463e+02 5.3947198486e+02
5.3950097656e+02 5.3950097656e+02 5.3948901367e+02 5.3940899658e+02 5.3935601807e+02 5.3932202148e+02 5.3930499268e+02 5.3927801514e+02 5.3917797852e+02 5.3910400391e+02 5.3908697510e+02 5.3907501221e+02 5.3907000732e+02 5.3906799316e+02 5.3905902100e+02 5.3905999756e+02 5.3905102539e+02 5.3901800537e+02 5.3898602295e+02 5.3900299072e+02 5.3903497314e+02 5.3906402588e+02 5.3908502197e+02 5.3910198975e+02 5.3917999268e+02 5.3929998779e+02 5.3941302490e+02 5.3947399902e+02 5.3946600342e+02 5.3944799805e+02 5.3944897461e+02 5.3945001221e+02 5.3945697021e+02 5.3945202637e+02 5.3942199707e+02 5.3941101074e+02 5.3941101074e+02 5.3942901611e+02 5.3946398926e+02 5.3946997070e+02 5.3946502686e+02 5.3945898438e+02 5.3946398926e+02 5.3946502686e+02 5.3945898438e+02 5.3945397949e+02
5.3948901367e+02 5.3948498535e+02 5.3947100830e+02 5.3942700195e+02 5.3938201904e+02 5.3933398438e+02 5.3929498291e+02 5.3924597168e+02 5.3915997314e+02 5.3909100342e+02 5.3907098389e+02 5.3905700684e+02 5.3905798340e+02 5.3905700684e+02 5.3904901123e+02 5.3904400635e+02 5.3903997803e+02 5.3903802490e+02 5.3904602051e+02 5.3905999756e+02 5.3906097412e+02 5.3906896973e+02 5.3907702637e+02 5.3908801270e+02 5.3914099121e+02 5.3922601318e+02 5.3934301758e+02 5.3943701172e+02 5.3947601318e+02 5.3947802734e+02 5.3945098877e+02 5.3941998291e+02 5.3941802979e+02 5.3941699219e+02 5.3940399170e+02 5.3940698242e+02 5.3941101074e+02 5.3941900635e+02 5.3944702148e+02 5.3944702148e+02 5.3944396973e+02 5.3944702148e+02 5.3945001221e+02 5.3944702148e+02 5.3944598389e+02 5.3944396973e+02
5.3947302246e+02 5.3946502686e+02 5.3945800781e+02 5.3944396973e+02 5.3941302490e+02 5.3936700439e+02 5.3931402588e+02 5.3924597168e+02 5.3915100098e+02 5.3908099365e+02 5.3905902100e+02 5.3904400635e+02 5.3904302979e+02 5.3903900146e+02 5.3903198242e+02 5.3903100586e+02 5.3902600098e+02 5.3902801514e+02 5.3904998779e+02 5.3906298828e+02 5.3905603027e+02 5.3905603027e+02 5.3907299805e+02 5.3908300781e+02 5.3911297607e+02 5.3917498779e+02 5.3927697754e+02 5.3939398193e+02 5.3945697021e+02 5.3945697021e+02 5.3940600586e+02 5.3936798096e+02 5.3936901855e+02 5.3938000488e+02 5.3938897705e+02 5.3940399170e+02 5.3940802002e+02 5.3940899658e+02 5.3942498779e+02 5.3942602539e+02 5.3943103027e+02 5.3943798828e+02 5.3944000244e+02 5.3944500732e+02 5.3945001221e+02 5.3945202637e+02
5.3945001221e+02 5.3944201660e+02 5.3944598389e+02 5.3945898438e+02 5.3944396973e+02 5.3940100098e+02 5.3933898926e+02 5.3925000000e+02 5.3914202881e+02 5.3906701660e+02 5.3905297852e+02 5.3904302979e+02 5.3903497314e+02 5.3902502441e+02 5.3901800537e+02 5.3901702881e+02 5.3901397705e+02 5.3901397705e+02 5.3902697754e+02 5.3903601074e+02 5.3903100586e+02 5.3903497314e+02 5.3907000732e+02 5.3908099365e+02 5.3908898926e+02 5.3912799072e+02 5.3922302246e+02 5.3935498047e+02 5.3941802979e+02 5.3940502930e+02 5.3934497070e+02 5.3932299805e+02 5.3933197021e+02 5.3935498047e+02 5.3938000488e+02 5.3939697266e+02 5.3939697266e+02 5.3939300537e+02 5.3940002441e+02 5.3941101074e+02 5.3942401123e+02 5.3942901611e+02 5.3942999268e+02 5.3944097900e+02 5.3945001221e+02 5.3945300293e+02
5.3943200684e+02 5.3943402100e+02 5.3945300293e+02 5.3945898438e+02 5.3944702148e+02 5.3939801025e+02 5.3930603027e+02 5.3924597168e+02 5.3913397217e+02 5.3904998779e+02 5.3903997803e+02 5.3903100586e+02 5.3901898193e+02 5.3901000977e+02 5.3900201416e+02 5.3899798584e+02 5.3899902344e+02 5.3900299072e+02 5.3901000977e+02 5.3901202393e+02 5.3901599121e+02 5.3902301025e+02 5.3906097412e+02 5.3907202148e+02 5.3906298828e+02 5.3908398438e+02 5.3918499756e+02 5.3931799316e+02 5.3938201904e+02 5.3937298584e+02 5.3933099365e+02 5.3931597900e+02 5.3932299805e+02 5.3934600830e+02 5.3936798096e+02 5.3937597656e+02 5.3937200928e+02 5.3936798096e+02 5.3936798096e+02 5.3939001465e+02 5.3940899658e+02 5.3941900635e+02 5.3943200684e+02 5.3944097900e+02 5.3944000244e+02 5.3943402100e+02
5.3942999268e+02 5.3942700195e+02 5.3943597412e+02 5.3944396973e+02 5.3942297363e+02 5.3936700439e+02 5.3927001953e+02 5.3926702881e+02 5.3920697021e+02 5.3908502197e+02 5.3902801514e+02 5.3901702881e+02 5.3900201416e+02 5.3898901367e+02 5.3897497559e+02 5.3896697998e+02 5.3897302246e+02 5.3898101807e+02 5.3898400879e+02 5.3899200439e+02 5.3900097656e+02 5.3901000977e+02 5.3902099609e+02 5.3903601074e+02 5.3905297852e+02 5.3906500244e+02 5.3913897705e+02 5.3925701904e+02 5.3933300781e+02 5.3935699463e+02 5.3933898926e+02 5.3932800293e+02 5.3932598877e+02 5.3933599854e+02 5.3934997559e+02 5.3934997559e+02 5.3934899902e+02 5.3935198975e+02 5.3935900879e+02 5.3937902832e+02 5.3940502930e+02 5.3941900635e+02 5.3942797852e+02 5.3942901611e+02 5.3941601563e+02 5.3941101074e+02
5.3942602539e+02 5.3941802979e+02 5.3942102051e+02 5.3942797852e+02 5.3940502930e+02 5.3934698486e+02 5.3924700928e+02 5.3926202393e+02 5.3922998047e+02 5.3910900879e+02 5.3902301025e+02 5.3900799561e+02 5.3899102783e+02 5.3897601318e+02 5.3895697021e+02 5.3894702148e+02 5.3895098877e+02 5.3895800781e+02 5.3895697021e+02 5.3896099854e+02 5.3896899414e+02 5.3897698975e+02 5.3897698975e+02 5.3901898193e+02 5.3908599854e+02 5.3909301758e+02 5.3909197998e+02 5.3916802979e+02 5.3925299072e+02 5.3931896973e+02 5.3934600830e+02 5.3934301758e+02 5.3933599854e+02 5.3933197021e+02 5.3933197021e+02 5.3933197021e+02 5.3933099365e+02 5.3933398438e+02 5.3934197998e+02 5.3935302734e+02 5.3938098145e+02 5.3939300537e+02 5.3939898682e+02 5.3940301514e+02 5.3939898682e+02 5.3940197754e+02
5.3941198730e+02 5.3940899658e+02 5.3941601563e+02 5.3941699219e+02 5.3939202881e+02 5.3933197021e+02 5.3922900391e+02 5.3917901611e+02 5.3912597656e+02 5.3904699707e+02 5.3900500488e+02 5.3898999023e+02 5.3897399902e+02 5.3895898438e+02 5.3894201660e+02 5.3892999268e+02 5.3892901611e+02 5.3893200684e+02 5.3892700195e+02 5.3892602539e+02 5.3893103027e+02 5.3893597412e+02 5.3893597412e+02 5.3901000977e+02 5.3911499023e+02 5.3911999512e+02 5.3903802490e+02 5.3905297852e+02 5.3914001465e+02 5.3925097656e+02 5.3933898926e+02 5.3935400391e+02 5.3934698486e+02 5.3933001709e+02 5.3931597900e+02 5.3931597900e+02 5.3931402588e+02 5.3931597900e+02 5.3932299805e+02 5.3933099365e+02 5.3936102295e+02 5.3936602783e+02 5.3936700439e+02 5.3938201904e+02 5.3939001465e+02 5.3939300537e+02
5.3938897705e+02 5.3939202881e+02 5.3940502930e+02 5.3940997314e+02 5.3939001465e+02 5.3933099365e+02 5.3921301270e+02 5.3908001709e+02 5.3900402832e+02 5.3897601318e+02 5.3897302246e+02 5.3895599365e+02 5.3894299316e+02 5.3893402100e+02 5.3892297363e+02 5.3890301514e+02 5.3889501953e+02 5.3889398193e+02 5.3889398193e+02 5.3889001465e+02 5.3889001465e+02 5.3889300537e+02 5.3889599609e+02 5.3895898438e+02 5.3903802490e+02 5.3903601074e+02 5.3895501709e+02 5.3896899414e+02 5.3905902100e+02 5.3919396973e+02 5.3931799316e+02 5.3935998535e+02 5.3936297607e+02 5.3933697510e+02 5.3930603027e+02 5.3929498291e+02 5.3929400635e+02 5.3929699707e+02 5.3930603027e+02 5.3932897949e+02 5.3935400391e+02 5.3935699463e+02 5.3935498047e+02 5.3936602783e+02 5.3937298584e+02 5.3937200928e+02
5.3936999512e+02 5.3937097168e+02 5.3938201904e+02 5.3940802002e+02 5.3940502930e+02 5.3934802246e+02 5.3920397949e+02 5.3904400635e+02 5.3896600342e+02 5.3894396973e+02 5.3893597412e+02 5.3891302490e+02 5.3889099121e+02 5.3887799072e+02 5.3886700439e+02 5.3884600830e+02 5.3884100342e+02 5.3884197998e+02 5.3884997559e+02 5.3884600830e+02 5.3883898926e+02 5.3883697510e+02 5.3883197021e+02 5.3884698486e+02 5.3888000488e+02 5.3889697266e+02 5.3889599609e+02 5.3894598389e+02 5.3904199219e+02 5.3916900635e+02 5.3928601074e+02 5.3935302734e+02 5.3937597656e+02 5.3936102295e+02 5.3930499268e+02 5.3927600098e+02 5.3927301025e+02 5.3927899170e+02 5.3928100586e+02 5.3929699707e+02 5.3931597900e+02 5.3932299805e+02 5.3933502197e+02 5.3934899902e+02 5.3935797119e+02 5.3936199951e+02
5.3936401367e+02 5.3936401367e+02 5.3936999512e+02 5.3940698242e+02 5.3941101074e+02 5.3934899902e+02 5.3917901611e+02 5.3899298096e+02 5.3890899658e+02 5.3889001465e+02 5.3889001465e+02 5.3886102295e+02 5.3881896973e+02 5.3879199219e+02 5.3878497314e+02 5.3877099609e+02 5.3877099609e+02 5.3877801514e+02 5.3879199219e+02 5.3879101563e+02 5.3878302002e+02 5.3877899170e+02 5.3877899170e+02 5.3877502441e+02 5.3878802490e+02 5.3882299805e+02 5.3886297607e+02 5.3890002441e+02 5.3898101807e+02 5.3909600830e+02 5.3922302246e+02 5.3931597900e+02 5.3936102295e+02 5.3936602783e+02 5.3930902100e+02 5.3926501465e+02 5.3926098633e+02 5.3926397705e+02 5.3926702881e+02 5.3928698730e+02 5.3929901123e+02 5.3930200195e+02 5.3932098389e+02 5.3934100342e+02 5.3935101318e+02 5.3935699463e+02
5.3935699463e+02 5.3935601807e+02 5.3936102295e+02 5.3940197754e+02 5.3940197754e+02 5.3932897949e+02 5.3913702393e+02 5.3893298340e+02 5.3884399414e+02 5.3882897949e+02 5.3884399414e+02 5.3880102539e+02 5.3873199463e+02 5.3868798828e+02 5.3868402100e+02 5.3868200684e+02 5.3868902588e+02 5.3870300293e+02 5.3872198486e+02 5.3872601318e+02 5.3872198486e+02 5.3872198486e+02 5.3873199463e+02 5.3873498535e+02 5.3874700928e+02 5.3879400635e+02 5.3883697510e+02 5.3883599854e+02 5.3889099121e+02 5.3898498535e+02 5.3911499023e+02 5.3923602295e+02 5.3930999756e+02 5.3934399414e+02 5.3930297852e+02 5.3925402832e+02 5.3924902344e+02 5.3924902344e+02 5.3925598145e+02 5.3928002930e+02 5.3928601074e+02 5.3928601074e+02 5.3930999756e+02 5.3933300781e+02 5.3934002686e+02 5.3934399414e+02
