TESTSERVER/17/2.asc
NCOLS 100
NROWS 100
XLLCORNER 8.3497500000e+03
YLLCORNER 2.8985025000e+05
CELLSIZE 5.0000000000e-01
NODATA_VALUE -9.9990000000e+03
[rows 20 to 39 of 100, columns 46 to 91 of 100]
7.0806799316e+02 7.0805700684e+02 7.0816900635e+02 7.0834002686e+02 7.0842797852e+02 7.0848400879e+02 7.0854699707e+02 7.0871301270e+02 7.0890002441e+02 7.0891302490e+02 7.0878802490e+02 7.0876000977e+02 7.0878997803e+02 7.0884399414e+02 7.0886798096e+02 7.0889697266e+02 7.0892401123e+02 7.0894702148e+02 7.0898101807e+02 7.0889697266e+02 7.0884002686e+02 7.0888397217e+02 7.0893200684e+02 7.0897302246e+02 7.0906597900e+02 7.0920501709e+02 7.0932299805e+02 7.0941998291e+02 7.0947900391e+02 7.0954199219e+02 7.0961602783e+02 7.0963500977e+02 7.0967102051e+02 7.0973101807e+02 7.0980102539e+02 7.0987200928e+02 7.0997198486e+02 7.1007598877e+02 7.1017498779e+02 7.1023400879e+02 7.1030902100e+02 7.1039300537e+02 7.1042498779e+02 7.1049102783e+02 7.1054199219e+02 7.1049902344e+02
7.0803399658e+02 7.0803302002e+02 7.0816101074e+02 7.0829602051e+02 7.0840197754e+02 7.0848901367e+02 7.0853497314e+02 7.0866400146e+02 7.0881799316e+02 7.0889001465e+02 7.0889099121e+02 7.0884301758e+02 7.0881201172e+02 7.0884399414e+02 7.0888397217e+02 7.0891101074e+02 7.0893701172e+02 7.0897100830e+02 7.0901000977e+02 7.0896997070e+02 7.0892700195e+02 7.0893499756e+02 7.0898498535e+02 7.0905102539e+02 7.0908502197e+02 7.0915002441e+02 7.0927899170e+02 7.0941699219e+02 7.0946997070e+02 7.0951898193e+02 7.0957598877e+02 7.0958697510e+02 7.0962701416e+02 7.0968798828e+02 7.0974597168e+02 7.0983197021e+02 7.0996099854e+02 7.1008801270e+02 7.1018200684e+02 7.1020397949e+02 7.1025097656e+02 7.1029400635e+02 7.1032299805e+02 7.1035302734e+02 7.1040899658e+02 7.1046997070e+02
7.0800598145e+02 7.0802099609e+02 7.0815301514e+02 7.0825097656e+02 7.0832598877e+02 7.0846002197e+02 7.0854302979e+02 7.0862701416e+02 7.0868597412e+02 7.0876000977e+02 7.0892797852e+02 7.0897698975e+02 7.0893798828e+02 7.0888000488e+02 7.0884899902e+02 7.0888598633e+02 7.0894299316e+02 7.0899902344e+02 7.0901702881e+02 7.0901300049e+02 7.0901397705e+02 7.0898797607e+02 7.0901397705e+02 7.0912799072e+02 7.0913299561e+02 7.0910797119e+02 7.0922100830e+02 7.0940899658e+02 7.0947100830e+02 7.0950402832e+02 7.0955102539e+02 7.0958001709e+02 7.0966101074e+02 7.0971801758e+02 7.0973699951e+02 7.0984301758e+02 7.1000000000e+02 7.1011401367e+02 7.1017199707e+02 7.1020001221e+02 7.1025799561e+02 7.1033398438e+02 7.1038201904e+02 7.1044201660e+02 7.1051397705e+02 7.1060302734e+02
7.0798699951e+02 7.0802301025e+02 7.0815197754e+02 7.0826898193e+02 7.0833197021e+02 7.0844799805e+02 7.0851000977e+02 7.0853002930e+02 7.0859899902e+02 7.0866101074e+02 7.0880798340e+02 7.0895397949e+02 7.0902099609e+02 7.0899200439e+02 7.0891101074e+02 7.0891601563e+02 7.0896899414e+02 7.0901800537e+02 7.0902801514e+02 7.0903997803e+02 7.0906201172e+02 7.0904400635e+02 7.0904498291e+02 7.0913897705e+02 7.0917700195e+02 7.0915502930e+02 7.0921099854e+02 7.0938897705e+02 7.0947900391e+02 7.0952197266e+02 7.0956201172e+02 7.0960198975e+02 7.0968597412e+02 7.0973101807e+02 7.0975701904e+02 7.0987701416e+02 7.1002001953e+02 7.1008898926e+02 7.1012597656e+02 7.1016198730e+02 7.1023699951e+02 7.1035498047e+02 7.1039898682e+02 7.1045098877e+02 7.1051397705e+02 7.1057397461e+02
7.0793701172e+02 7.0800201416e+02 7.0811602783e+02 7.0830603027e+02 7.0843798828e+02 7.0848199463e+02 7.0846697998e+02 7.0840600586e+02 7.0856097412e+02 7.0866302490e+02 7.0871301270e+02 7.0878900146e+02 7.0892498779e+02 7.0903698730e+02 7.0909100342e+02 7.0902600098e+02 7.0900000000e+02 7.0903198242e+02 7.0905297852e+02 7.0907098389e+02 7.0910498047e+02 7.0912701416e+02 7.0910498047e+02 7.0914001465e+02 7.0920800781e+02 7.0924200439e+02 7.0925402832e+02 7.0933197021e+02 7.0942401123e+02 7.0948602295e+02 7.0953399658e+02 7.0959997559e+02 7.0966900635e+02 7.0971301270e+02 7.0977197266e+02 7.0989099121e+02 7.0996502686e+02 7.1001599121e+02 7.1007299805e+02 7.1009997559e+02 7.1018597412e+02 7.1034997559e+02 7.1040997314e+02 7.1040899658e+02 7.1047399902e+02 7.1051702881e+02
7.0791802979e+02 7.0798400879e+02 7.0809802246e+02 7.0838598633e+02 7.0864001465e+02 7.0859802246e+02 7.0843298340e+02 7.0842797852e+02 7.0872198486e+02 7.0883001709e+02 7.0867602539e+02 7.0867102051e+02 7.0878198242e+02 7.0890002441e+02 7.0901702881e+02 7.0904998779e+02 7.0906597900e+02 7.0908099365e+02 7.0909698486e+02 7.0912200928e+02 7.0914599609e+02 7.0917700195e+02 7.0917602539e+02 7.0915997314e+02 7.0922198486e+02 7.0928100586e+02 7.0926800537e+02 7.0928100586e+02 7.0933599854e+02 7.0943103027e+02 7.0951800537e+02 7.0958099365e+02 7.0966802979e+02 7.0974700928e+02 7.0979901123e+02 7.0989898682e+02 7.0996398926e+02 7.0999102783e+02 7.1000402832e+02 7.1007897949e+02 7.1033099365e+02 7.1068701172e+02 7.1063598633e+02 7.1043200684e+02 7.1043701172e+02 7.1051098633e+02
7.0784497070e+02 7.0794000244e+02 7.0806201172e+02 7.0829199219e+02 7.0857397461e+02 7.0858697510e+02 7.0840301514e+02 7.0849700928e+02 7.0873999023e+02 7.0885101318e+02 7.0866601563e+02 7.0861297607e+02 7.0866198730e+02 7.0873400879e+02 7.0885797119e+02 7.0899401855e+02 7.0910400391e+02 7.0914801025e+02 7.0912799072e+02 7.0915002441e+02 7.0916900635e+02 7.0919396973e+02 7.0923602295e+02 7.0920898438e+02 7.0923498535e+02 7.0928399658e+02 7.0929602051e+02 7.0928698730e+02 7.0932299805e+02 7.0942999268e+02 7.0952502441e+02 7.0958099365e+02 7.0967102051e+02 7.0976397705e+02 7.0978002930e+02 7.0986499023e+02 7.0994201660e+02 7.0994201660e+02 7.0996301270e+02 7.1004797363e+02 7.1021502686e+02 7.1049298096e+02 7.1052197266e+02 7.1035101318e+02 7.1036798096e+02 7.1046899414e+02
7.0780200195e+02 7.0790698242e+02 7.0803698730e+02 7.0819396973e+02 7.0840802002e+02 7.0851098633e+02 7.0841101074e+02 7.0844396973e+02 7.0856201172e+02 7.0873297119e+02 7.0871899414e+02 7.0863299561e+02 7.0863000488e+02 7.0866998291e+02 7.0873498535e+02 7.0886401367e+02 7.0899298096e+02 7.0909002686e+02 7.0913800049e+02 7.0922802734e+02 7.0923699951e+02 7.0924401855e+02 7.0927001953e+02 7.0925897217e+02 7.0925201416e+02 7.0926300049e+02 7.0930102539e+02 7.0931701660e+02 7.0937200928e+02 7.0947497559e+02 7.0953802490e+02 7.0959497070e+02 7.0968798828e+02 7.0981597900e+02 7.0985101318e+02 7.0989599609e+02 7.0993402100e+02 7.0992901611e+02 7.0998498535e+02 7.1005102539e+02 7.1006500244e+02 7.1014898682e+02 7.1023498535e+02 7.1023901367e+02 7.1034802246e+02 7.1044702148e+02
7.0784997559e+02 7.0789801025e+02 7.0802301025e+02 7.0812200928e+02 7.0826501465e+02 7.0834100342e+02 7.0827001953e+02 7.0833197021e+02 7.0845800781e+02 7.0862597656e+02 7.0863201904e+02 7.0857897949e+02 7.0861798096e+02 7.0868798828e+02 7.0871697998e+02 7.0877398682e+02 7.0882000732e+02 7.0890600586e+02 7.0902697754e+02 7.0916998291e+02 7.0923101807e+02 7.0929101563e+02 7.0929602051e+02 7.0927801514e+02 7.0926098633e+02 7.0924700928e+02 7.0929199219e+02 7.0933599854e+02 7.0937902832e+02 7.0945098877e+02 7.0948400879e+02 7.0956298828e+02 7.0966101074e+02 7.0979699707e+02 7.0989001465e+02 7.0993902588e+02 7.0995001221e+02 7.0995800781e+02 7.0996997070e+02 7.1004901123e+02 7.1012500000e+02 7.1019702148e+02 7.1025799561e+02 7.1033300781e+02 7.1042102051e+02 7.1042999268e+02
7.0790802002e+02 7.0792199707e+02 7.0799798584e+02 7.0805700684e+02 7.0816802979e+02 7.0820202637e+02 7.0823498535e+02 7.0829199219e+02 7.0835498047e+02 7.0844000244e+02 7.0848699951e+02 7.0852502441e+02 7.0858898926e+02 7.0863397217e+02 7.0864300537e+02 7.0866998291e+02 7.0876800537e+02 7.0893103027e+02 7.0899200439e+02 7.0906896973e+02 7.0914202881e+02 7.0923199463e+02 7.0925897217e+02 7.0924902344e+02 7.0924200439e+02 7.0921099854e+02 7.0923602295e+02 7.0928802490e+02 7.0929998779e+02 7.0933398438e+02 7.0939697266e+02 7.0948199463e+02 7.0958697510e+02 7.0968798828e+02 7.0978002930e+02 7.0984899902e+02 7.0985498047e+02 7.0988098145e+02 7.0989001465e+02 7.0993402100e+02 7.1002099609e+02 7.1012500000e+02 7.1022497559e+02 7.1030603027e+02 7.1039599609e+02 7.1040997314e+02
7.0792797852e+02 7.0792602539e+02 7.0799401855e+02 7.0809301758e+02 7.0815100098e+02 7.0816998291e+02 7.0823901367e+02 7.0828399658e+02 7.0830700684e+02 7.0835998535e+02 7.0843103027e+02 7.0849902344e+02 7.0856597900e+02 7.0857202148e+02 7.0857800293e+02 7.0863000488e+02 7.0882800293e+02 7.0904797363e+02 7.0902801514e+02 7.0905700684e+02 7.0910498047e+02 7.0916802979e+02 7.0918597412e+02 7.0915802002e+02 7.0918597412e+02 7.0918298340e+02 7.0917700195e+02 7.0921502686e+02 7.0923498535e+02 7.0925201416e+02 7.0933801270e+02 7.0942498779e+02 7.0950201416e+02 7.0957800293e+02 7.0970001221e+02 7.0979101563e+02 7.0979998779e+02 7.0980999756e+02 7.0982702637e+02 7.0988800049e+02 7.0992797852e+02 7.0996398926e+02 7.1010400391e+02 7.1019097900e+02 7.1022998047e+02 7.1024700928e+02
7.0794396973e+02 7.0792602539e+02 7.0798400879e+02 7.0811401367e+02 7.0816699219e+02 7.0818902588e+02 7.0823999023e+02 7.0828601074e+02 7.0829302979e+02 7.0834698486e+02 7.0842102051e+02 7.0846997070e+02 7.0851599121e+02 7.0852899170e+02 7.0858099365e+02 7.0868298340e+02 7.0890997314e+02 7.0908697510e+02 7.0905297852e+02 7.0909100342e+02 7.0913201904e+02 7.0915197754e+02 7.0913897705e+02 7.0911999512e+02 7.0915502930e+02 7.0915399170e+02 7.0914001465e+02 7.0917199707e+02 7.0920697021e+02 7.0922302246e+02 7.0931500244e+02 7.0939300537e+02 7.0946002197e+02 7.0955200195e+02 7.0970300293e+02 7.0980798340e+02 7.0979199219e+02 7.0975500488e+02 7.0975598145e+02 7.0984600830e+02 7.0990197754e+02 7.0992498779e+02 7.1009100342e+02 7.1025500488e+02 7.1021099854e+02 7.1015698242e+02
7.0795898438e+02 7.0795501709e+02 7.0797998047e+02 7.0805999756e+02 7.0814599609e+02 7.0820001221e+02 7.0826300049e+02 7.0829498291e+02 7.0829302979e+02 7.0835302734e+02 7.0843402100e+02 7.0845697021e+02 7.0849298096e+02 7.0854400635e+02 7.0861999512e+02 7.0870300293e+02 7.0890100098e+02 7.0900500488e+02 7.0901397705e+02 7.0913299561e+02 7.0924401855e+02 7.0925897217e+02 7.0916802979e+02 7.0909802246e+02 7.0909600830e+02 7.0909899902e+02 7.0909600830e+02 7.0913000488e+02 7.0916497803e+02 7.0918402100e+02 7.0927001953e+02 7.0935498047e+02 7.0944299316e+02 7.0955102539e+02 7.0966198730e+02 7.0976000977e+02 7.0977600098e+02 7.0976501465e+02 7.0978900146e+02 7.0981799316e+02 7.0986901855e+02 7.0990997314e+02 7.0998199463e+02 7.1020697021e+02 7.1019598389e+02 7.1012402344e+02
7.0799499512e+02 7.0800097656e+02 7.0801098633e+02 7.0803198242e+02 7.0809698486e+02 7.0816998291e+02 7.0823199463e+02 7.0826501465e+02 7.0828100586e+02 7.0832397461e+02 7.0837902832e+02 7.0839801025e+02 7.0844500732e+02 7.0850598145e+02 7.0858599854e+02 7.0866998291e+02 7.0880200195e+02 7.0887902832e+02 7.0896801758e+02 7.0912701416e+02 7.0929101563e+02 7.0933801270e+02 7.0921197510e+02 7.0909002686e+02 7.0904602051e+02 7.0906799316e+02 7.0905297852e+02 7.0905499268e+02 7.0909802246e+02 7.0912500000e+02 7.0919500732e+02 7.0928997803e+02 7.0938598633e+02 7.0948901367e+02 7.0958502197e+02 7.0966497803e+02 7.0970898438e+02 7.0973101807e+02 7.0977001953e+02 7.0980499268e+02 7.0985400391e+02 7.0988598633e+02 7.0986199951e+02 7.0994702148e+02 7.1005902100e+02 7.1014801025e+02
7.0805401611e+02 7.0805700684e+02 7.0804797363e+02 7.0804699707e+02 7.0808001709e+02 7.0813800049e+02 7.0818103027e+02 7.0821502686e+02 7.0824298096e+02 7.0827197266e+02 7.0831298828e+02 7.0833398438e+02 7.0837597656e+02 7.0844097900e+02 7.0853002930e+02 7.0862701416e+02 7.0871197510e+02 7.0879998779e+02 7.0892401123e+02 7.0904699707e+02 7.0917602539e+02 7.0923199463e+02 7.0915600586e+02 7.0903802490e+02 7.0897198486e+02 7.0899700928e+02 7.0899597168e+02 7.0899401855e+02 7.0905200195e+02 7.0910699463e+02 7.0914099121e+02 7.0920501709e+02 7.0929199219e+02 7.0938897705e+02 7.0947698975e+02 7.0955102539e+02 7.0960498047e+02 7.0964697266e+02 7.0969299316e+02 7.0972399902e+02 7.0977502441e+02 7.0981402588e+02 7.0979699707e+02 7.0985400391e+02 7.0996997070e+02 7.1009997559e+02
7.0810699463e+02 7.0811700439e+02 7.0810101318e+02 7.0809997559e+02 7.0810998535e+02 7.0814801025e+02 7.0817999268e+02 7.0820599365e+02 7.0822302246e+02 7.0825299072e+02 7.0829101563e+02 7.0832098389e+02 7.0832800293e+02 7.0837200928e+02 7.0844097900e+02 7.0851800537e+02 7.0858099365e+02 7.0865197754e+02 7.0877001953e+02 7.0891998291e+02 7.0903302002e+02 7.0908697510e+02 7.0906799316e+02 7.0897497559e+02 7.0890802002e+02 7.0893298340e+02 7.0897497559e+02 7.0898498535e+02 7.0901599121e+02 7.0907000732e+02 7.0909698486e+02 7.0913000488e+02 7.0920898438e+02 7.0930999756e+02 7.0938098145e+02 7.0942901611e+02 7.0947802734e+02 7.0952398682e+02 7.0956500244e+02 7.0959100342e+02 7.0964801025e+02 7.0971099854e+02 7.0975402832e+02 7.0978802490e+02 7.0983599854e+02 7.0991699219e+02
7.0812799072e+02 7.0814300537e+02 7.0811499023e+02 7.0812500000e+02 7.0813702393e+02 7.0816400146e+02 7.0818200684e+02 7.0821197510e+02 7.0822802734e+02 7.0827197266e+02 7.0830902100e+02 7.0834600830e+02 7.0834197998e+02 7.0837701416e+02 7.0843701172e+02 7.0846899414e+02 7.0850299072e+02 7.0853100586e+02 7.0859301758e+02 7.0873400879e+02 7.0883197021e+02 7.0889001465e+02 7.0892797852e+02 7.0885498047e+02 7.0883099365e+02 7.0888098145e+02 7.0892401123e+02 7.0895599365e+02 7.0897698975e+02 7.0903399658e+02 7.0907397461e+02 7.0909497070e+02 7.0916699219e+02 7.0926800537e+02 7.0932598877e+02 7.0934399414e+02 7.0938000488e+02 7.0941802979e+02 7.0942901611e+02 7.0946697998e+02 7.0952600098e+02 7.0959899902e+02 7.0966900635e+02 7.0972802734e+02 7.0976300049e+02 7.0981201172e+02
7.0815100098e+02 7.0817199707e+02 7.0814697266e+02 7.0815802002e+02 7.0816302490e+02 7.0817199707e+02 7.0817901611e+02 7.0821301270e+02 7.0823699951e+02 7.0826202393e+02 7.0828900146e+02 7.0833300781e+02 7.0835101318e+02 7.0841101074e+02 7.0846697998e+02 7.0847698975e+02 7.0848602295e+02 7.0850598145e+02 7.0856298828e+02 7.0864898682e+02 7.0869000244e+02 7.0870800781e+02 7.0876702881e+02 7.0880999756e+02 7.0882397461e+02 7.0885797119e+02 7.0892199707e+02 7.0895001221e+02 7.0897399902e+02 7.0901702881e+02 7.0905700684e+02 7.0908898926e+02 7.0914099121e+02 7.0921099854e+02 7.0925799561e+02 7.0928698730e+02 7.0932299805e+02 7.0935699463e+02 7.0937200928e+02 7.0940600586e+02 7.0945800781e+02 7.0952099609e+02 7.0959698486e+02 7.0967401123e+02 7.0972998047e+02 7.0978698730e+02
7.0816400146e+02 7.0816900635e+02 7.0816302490e+02 7.0817401123e+02 7.0818597412e+02 7.0820098877e+02 7.0820697021e+02 7.0821600342e+02 7.0823498535e+02 7.0825799561e+02 7.0829101563e+02 7.0832598877e+02 7.0834997559e+02 7.0840399170e+02 7.0844000244e+02 7.0843902588e+02 7.0845697021e+02 7.0849902344e+02 7.0855798340e+02 7.0859399414e+02 7.0862097168e+02 7.0865197754e+02 7.0869201660e+02 7.0876501465e+02 7.0878802490e+02 7.0880902100e+02 7.0887402344e+02 7.0890301514e+02 7.0893597412e+02 7.0896899414e+02 7.0902099609e+02 7.0905297852e+02 7.0909399414e+02 7.0914300537e+02 7.0918701172e+02 7.0922802734e+02 7.0926898193e+02 7.0930603027e+02 7.0933197021e+02 7.0935900879e+02 7.0940301514e+02 7.0946099854e+02 7.0953497314e+02 7.0960601807e+02 7.0966198730e+02 7.0972100830e+02
7.0814697266e+02 7.0816302490e+02 7.0817102051e+02 7.0818298340e+02 7.0819500732e+02 7.0821099854e+02 7.0822399902e+02 7.0821697998e+02 7.0822198486e+02 7.0825097656e+02 7.0828198242e+02 7.0830798340e+02 7.0833697510e+02 7.0838500977e+02 7.0841699219e+02 7.0842901611e+02 7.0844799805e+02 7.0849200439e+02 7.0854901123e+02 7.0856701660e+02 7.0858898926e+02 7.0863299561e+02 7.0867498779e+02 7.0873101807e+02 7.0875097656e+02 7.0876800537e+02 7.0881402588e+02 7.0886499023e+02 7.0888598633e+02 7.0889501953e+02 7.0896301270e+02 7.0899401855e+02 7.0903002930e+02 7.0907897949e+02 7.0912500000e+02 7.0916802979e+02 7.0921197510e+02 7.0925598145e+02 7.0928802490e+02 7.0930902100e+02 7.0935101318e+02 7.0940802002e+02 7.0947497559e+02 7.0952600098e+02 7.0956701660e+02 7.0961499023e+02
