TESTSERVER/17/2.asc
NCOLS 100
NROWS 100
XLLCORNER 8.3497500000e+03
YLLCORNER 2.8985025000e+05
CELLSIZE 5.0000000000e-01
NODATA_VALUE -9.9990000000e+03
[rows 60 to 79 of 100, columns 0 to 45 of 100]
7.0338397217e+02 7.0347302246e+02 7.0354498291e+02 7.0363702393e+02 7.0374902344e+02 7.0382202148e+02 7.0390899658e+02 7.0402001953e+02 7.0414801025e+02 7.0425299072e+02 7.0440100098e+02 7.0451702881e+02 7.0460699463e+02 7.0469000244e+02 7.0480401611e+02 7.0490399170e+02 7.0498199463e+02 7.0509002686e+02 7.0517199707e+02 7.0529101563e+02 7.0541101074e+02 7.0552398682e+02 7.0561901855e+02 7.0574401855e+02 7.0588397217e+02 7.0601397705e+02 7.0614398193e+02 7.0627697754e+02 7.0639898682e+02 7.0651599121e+02 7.0661798096e+02 7.0669000244e+02 7.0675701904e+02 7.0683300781e+02 7.0690100098e+02 7.0697601318e+02 7.0707202148e+02 7.0715100098e+02 7.0722900391e+02 7.0732397461e+02 7.0741601563e+02 7.0751300049e+02 7.0759399414e+02 7.0769396973e+02 7.0779797363e+02 7.0786499023e+02
7.0326800537e+02 7.0334997559e+02 7.0341900635e+02 7.0351397705e+02 7.0361499023e+02 7.0368499756e+02 7.0379199219e+02 7.0389398193e+02 7.0399102783e+02 7.0411901855e+02 7.0426397705e+02 7.0437701416e+02 7.0450897217e+02 7.0458898926e+02 7.0467999268e+02 7.0476098633e+02 7.0487500000e+02 7.0498699951e+02 7.0507501221e+02 7.0516699219e+02 7.0527398682e+02 7.0539801025e+02 7.0547998047e+02 7.0560302734e+02 7.0575799561e+02 7.0587402344e+02 7.0600000000e+02 7.0613800049e+02 7.0627502441e+02 7.0639202881e+02 7.0650598145e+02 7.0659002686e+02 7.0667797852e+02 7.0675799561e+02 7.0680798340e+02 7.0688397217e+02 7.0698297119e+02 7.0704998779e+02 7.0714099121e+02 7.0724902344e+02 7.0735101318e+02 7.0745202637e+02 7.0755902100e+02 7.0765197754e+02 7.0774298096e+02 7.0782702637e+02
7.0314202881e+02 7.0321600342e+02 7.0328302002e+02 7.0338299561e+02 7.0348199463e+02 7.0354199219e+02 7.0365899658e+02 7.0376501465e+02 7.0385601807e+02 7.0397900391e+02 7.0411297607e+02 7.0423498535e+02 7.0435900879e+02 7.0446600342e+02 7.0455902100e+02 7.0465301514e+02 7.0475799561e+02 7.0484600830e+02 7.0496398926e+02 7.0506298828e+02 7.0515997314e+02 7.0527099609e+02 7.0535302734e+02 7.0547802734e+02 7.0562799072e+02 7.0573699951e+02 7.0586798096e+02 7.0601098633e+02 7.0613098145e+02 7.0626098633e+02 7.0639099121e+02 7.0648602295e+02 7.0657897949e+02 7.0666400146e+02 7.0672100830e+02 7.0680902100e+02 7.0689501953e+02 7.0696099854e+02 7.0706402588e+02 7.0717102051e+02 7.0727099609e+02 7.0737597656e+02 7.0749298096e+02 7.0759100342e+02 7.0769299316e+02 7.0780200195e+02
7.0301702881e+02 7.0307800293e+02 7.0313500977e+02 7.0322900391e+02 7.0332501221e+02 7.0339202881e+02 7.0350500488e+02 7.0361102295e+02 7.0371600342e+02 7.0383099365e+02 7.0395397949e+02 7.0406402588e+02 7.0416900635e+02 7.0430700684e+02 7.0440698242e+02 7.0451898193e+02 7.0463897705e+02 7.0473498535e+02 7.0484197998e+02 7.0495001221e+02 7.0504302979e+02 7.0515997314e+02 7.0525897217e+02 7.0536999512e+02 7.0549798584e+02 7.0561700439e+02 7.0576501465e+02 7.0590698242e+02 7.0600299072e+02 7.0615197754e+02 7.0629199219e+02 7.0638000488e+02 7.0648199463e+02 7.0656597900e+02 7.0663397217e+02 7.0672302246e+02 7.0680798340e+02 7.0687500000e+02 7.0698498535e+02 7.0709497070e+02 7.0719097900e+02 7.0730999756e+02 7.0743298340e+02 7.0753802490e+02 7.0763500977e+02 7.0775097656e+02
7.0288000488e+02 7.0294598389e+02 7.0301202393e+02 7.0310302734e+02 7.0321398926e+02 7.0328802490e+02 7.0338098145e+02 7.0346002197e+02 7.0354699707e+02 7.0368298340e+02 7.0380102539e+02 7.0391302490e+02 7.0406097412e+02 7.0416802979e+02 7.0428497314e+02 7.0440600586e+02 7.0451800537e+02 7.0463500977e+02 7.0471099854e+02 7.0482299805e+02 7.0493597412e+02 7.0505603027e+02 7.0515197754e+02 7.0524700928e+02 7.0537799072e+02 7.0549700928e+02 7.0563098145e+02 7.0577001953e+02 7.0590698242e+02 7.0602899170e+02 7.0615399170e+02 7.0625897217e+02 7.0635400391e+02 7.0644201660e+02 7.0651898193e+02 7.0660498047e+02 7.0670898438e+02 7.0678100586e+02 7.0689202881e+02 7.0701397705e+02 7.0710400391e+02 7.0723101807e+02 7.0735900879e+02 7.0747399902e+02 7.0756701660e+02 7.0764599609e+02
7.0280102539e+02 7.0286700439e+02 7.0292797852e+02 7.0300402832e+02 7.0307202148e+02 7.0314501953e+02 7.0323498535e+02 7.0332000732e+02 7.0342700195e+02 7.0351300049e+02 7.0363800049e+02 7.0376898193e+02 7.0389001465e+02 7.0400000000e+02 7.0411999512e+02 7.0423602295e+02 7.0437902832e+02 7.0450299072e+02 7.0459399414e+02 7.0471099854e+02 7.0480902100e+02 7.0493298340e+02 7.0503100586e+02 7.0512902832e+02 7.0525097656e+02 7.0536700439e+02 7.0548999023e+02 7.0561102295e+02 7.0573901367e+02 7.0589099121e+02 7.0603002930e+02 7.0614099121e+02 7.0622698975e+02 7.0632800293e+02 7.0642199707e+02 7.0651000977e+02 7.0658801270e+02 7.0667797852e+02 7.0679302979e+02 7.0691497803e+02 7.0701501465e+02 7.0713299561e+02 7.0723901367e+02 7.0734600830e+02 7.0744097900e+02 7.0755499268e+02
7.0271398926e+02 7.0278002930e+02 7.0283697510e+02 7.0289697266e+02 7.0295001221e+02 7.0301599121e+02 7.0309802246e+02 7.0318597412e+02 7.0328399658e+02 7.0335601807e+02 7.0346899414e+02 7.0360998535e+02 7.0373699951e+02 7.0383099365e+02 7.0393902588e+02 7.0406298828e+02 7.0422802734e+02 7.0433099365e+02 7.0446301270e+02 7.0458300781e+02 7.0467700195e+02 7.0480603027e+02 7.0491900635e+02 7.0501702881e+02 7.0512402344e+02 7.0524597168e+02 7.0535699463e+02 7.0546997070e+02 7.0559600830e+02 7.0572998047e+02 7.0586798096e+02 7.0599200439e+02 7.0607000732e+02 7.0619799805e+02 7.0629998779e+02 7.0638702393e+02 7.0646502686e+02 7.0654901123e+02 7.0665698242e+02 7.0677099609e+02 7.0689099121e+02 7.0700097656e+02 7.0711602783e+02 7.0723400879e+02 7.0731402588e+02 7.0743402100e+02
7.0264001465e+02 7.0270098877e+02 7.0275097656e+02 7.0278802490e+02 7.0284698486e+02 7.0290997314e+02 7.0299499512e+02 7.0308502197e+02 7.0315197754e+02 7.0322399902e+02 7.0332800293e+02 7.0346502686e+02 7.0357800293e+02 7.0368103027e+02 7.0378900146e+02 7.0392401123e+02 7.0407702637e+02 7.0416699219e+02 7.0431799316e+02 7.0444097900e+02 7.0452398682e+02 7.0466497803e+02 7.0479400635e+02 7.0489697266e+02 7.0500000000e+02 7.0512799072e+02 7.0522302246e+02 7.0533398438e+02 7.0546697998e+02 7.0557598877e+02 7.0570098877e+02 7.0582299805e+02 7.0592700195e+02 7.0604699707e+02 7.0614202881e+02 7.0623901367e+02 7.0634301758e+02 7.0642297363e+02 7.0653601074e+02 7.0665399170e+02 7.0676599121e+02 7.0686798096e+02 7.0697601318e+02 7.0708801270e+02 7.0716601563e+02 7.0727801514e+02
7.0256701660e+02 7.0261798096e+02 7.0266400146e+02 7.0270202637e+02 7.0276098633e+02 7.0282598877e+02 7.0288299561e+02 7.0295397949e+02 7.0304199219e+02 7.0311602783e+02 7.0319799805e+02 7.0330499268e+02 7.0340600586e+02 7.0353002930e+02 7.0363299561e+02 7.0375500488e+02 7.0390002441e+02 7.0400201416e+02 7.0415899658e+02 7.0429400635e+02 7.0436999512e+02 7.0451000977e+02 7.0463897705e+02 7.0475701904e+02 7.0488299561e+02 7.0501599121e+02 7.0509899902e+02 7.0518298340e+02 7.0532501221e+02 7.0545697021e+02 7.0557702637e+02 7.0567401123e+02 7.0580200195e+02 7.0589300537e+02 7.0598602295e+02 7.0608898926e+02 7.0619897461e+02 7.0626397705e+02 7.0638702393e+02 7.0651300049e+02 7.0657598877e+02 7.0670001221e+02 7.0681799316e+02 7.0692199707e+02 7.0701000977e+02 7.0712298584e+02
7.0250097656e+02 7.0254101563e+02 7.0258099365e+02 7.0261798096e+02 7.0266699219e+02 7.0271600342e+02 7.0277398682e+02 7.0285198975e+02 7.0292700195e+02 7.0300000000e+02 7.0308099365e+02 7.0317199707e+02 7.0327697754e+02 7.0338800049e+02 7.0346899414e+02 7.0358898926e+02 7.0374499512e+02 7.0385400391e+02 7.0399102783e+02 7.0412902832e+02 7.0422998047e+02 7.0437701416e+02 7.0451202393e+02 7.0461602783e+02 7.0474499512e+02 7.0486999512e+02 7.0497302246e+02 7.0505798340e+02 7.0518402100e+02 7.0531500244e+02 7.0543701172e+02 7.0551000977e+02 7.0562799072e+02 7.0574798584e+02 7.0583398438e+02 7.0591802979e+02 7.0602301025e+02 7.0612402344e+02 7.0624597168e+02 7.0636999512e+02 7.0644097900e+02 7.0654302979e+02 7.0665802002e+02 7.0675799561e+02 7.0684698486e+02 7.0695300293e+02
7.0244897461e+02 7.0247497559e+02 7.0250598145e+02 7.0253002930e+02 7.0256201172e+02 7.0261102295e+02 7.0267602539e+02 7.0275097656e+02 7.0281298828e+02 7.0287298584e+02 7.0296899414e+02 7.0305200195e+02 7.0314099121e+02 7.0325000000e+02 7.0332800293e+02 7.0344799805e+02 7.0359497070e+02 7.0370300293e+02 7.0382598877e+02 7.0396697998e+02 7.0407800293e+02 7.0423297119e+02 7.0437097168e+02 7.0448901367e+02 7.0461999512e+02 7.0474200439e+02 7.0484197998e+02 7.0494396973e+02 7.0505200195e+02 7.0517401123e+02 7.0529199219e+02 7.0537200928e+02 7.0547698975e+02 7.0557800293e+02 7.0566900635e+02 7.0576397705e+02 7.0584497070e+02 7.0594097900e+02 7.0606402588e+02 7.0619000244e+02 7.0628399658e+02 7.0638299561e+02 7.0648901367e+02 7.0658502197e+02 7.0667999268e+02 7.0677899170e+02
7.0238598633e+02 7.0240197754e+02 7.0243298340e+02 7.0245898438e+02 7.0248400879e+02 7.0253399658e+02 7.0259100342e+02 7.0265997314e+02 7.0272698975e+02 7.0278601074e+02 7.0286798096e+02 7.0293597412e+02 7.0301599121e+02 7.0310797119e+02 7.0319396973e+02 7.0331799316e+02 7.0344097900e+02 7.0354101563e+02 7.0365002441e+02 7.0379400635e+02 7.0392297363e+02 7.0407702637e+02 7.0421301270e+02 7.0434997559e+02 7.0447998047e+02 7.0459497070e+02 7.0470098877e+02 7.0483197021e+02 7.0492999268e+02 7.0504302979e+02 7.0516101074e+02 7.0525500488e+02 7.0532897949e+02 7.0542602539e+02 7.0552301025e+02 7.0561798096e+02 7.0568902588e+02 7.0575299072e+02 7.0585797119e+02 7.0598901367e+02 7.0607501221e+02 7.0619702148e+02 7.0630902100e+02 7.0640100098e+02 7.0650500488e+02 7.0659698486e+02
7.0230902100e+02 7.0234802246e+02 7.0238000488e+02 7.0240802002e+02 7.0243200684e+02 7.0245697021e+02 7.0250701904e+02 7.0257800293e+02 7.0264599609e+02 7.0269598389e+02 7.0275598145e+02 7.0283398438e+02 7.0292901611e+02 7.0298602295e+02 7.0307202148e+02 7.0319598389e+02 7.0330102539e+02 7.0339599609e+02 7.0351300049e+02 7.0360601807e+02 7.0372497559e+02 7.0391998291e+02 7.0407000732e+02 7.0419897461e+02 7.0431896973e+02 7.0442297363e+02 7.0453698730e+02 7.0467498779e+02 7.0480200195e+02 7.0490502930e+02 7.0500598145e+02 7.0510400391e+02 7.0517797852e+02 7.0528802490e+02 7.0536999512e+02 7.0544396973e+02 7.0552301025e+02 7.0558801270e+02 7.0568597412e+02 7.0579400635e+02 7.0587597656e+02 7.0601202393e+02 7.0611602783e+02 7.0620001221e+02 7.0629400635e+02 7.0638500977e+02
7.0225000000e+02 7.0228900146e+02 7.0231896973e+02 7.0234698486e+02 7.0238000488e+02 7.0239501953e+02 7.0242602539e+02 7.0248297119e+02 7.0254699707e+02 7.0259301758e+02 7.0264898682e+02 7.0271099854e+02 7.0279302979e+02 7.0285400391e+02 7.0293298340e+02 7.0302801514e+02 7.0313098145e+02 7.0323498535e+02 7.0335900879e+02 7.0346301270e+02 7.0356500244e+02 7.0373498535e+02 7.0388897705e+02 7.0401702881e+02 7.0414898682e+02 7.0429199219e+02 7.0439501953e+02 7.0450799561e+02 7.0463299561e+02 7.0478497314e+02 7.0488897705e+02 7.0496600342e+02 7.0503601074e+02 7.0513598633e+02 7.0520800781e+02 7.0529101563e+02 7.0537097168e+02 7.0543701172e+02 7.0552001953e+02 7.0560900879e+02 7.0567199707e+02 7.0581097412e+02 7.0591302490e+02 7.0601202393e+02 7.0612902832e+02 7.0622998047e+02
7.0220098877e+02 7.0221899414e+02 7.0224597168e+02 7.0227899170e+02 7.0230700684e+02 7.0232598877e+02 7.0234997559e+02 7.0239801025e+02 7.0245898438e+02 7.0250097656e+02 7.0255700684e+02 7.0261798096e+02 7.0269097900e+02 7.0275799561e+02 7.0284002686e+02 7.0291302490e+02 7.0299401855e+02 7.0308801270e+02 7.0319799805e+02 7.0332202148e+02 7.0342901611e+02 7.0357299805e+02 7.0371301270e+02 7.0384002686e+02 7.0396997070e+02 7.0411901855e+02 7.0422900391e+02 7.0435101318e+02 7.0447900391e+02 7.0462701416e+02 7.0472100830e+02 7.0479602051e+02 7.0489398193e+02 7.0498101807e+02 7.0504602051e+02 7.0513098145e+02 7.0521099854e+02 7.0526702881e+02 7.0535699463e+02 7.0544598389e+02 7.0550799561e+02 7.0564501953e+02 7.0576898193e+02 7.0587097168e+02 7.0597100830e+02 7.0608001709e+02
7.0213598633e+02 7.0216302490e+02 7.0219000244e+02 7.0221899414e+02 7.0222497559e+02 7.0225598145e+02 7.0228497314e+02 7.0233001709e+02 7.0238201904e+02 7.0242999268e+02 7.0247601318e+02 7.0252801514e+02 7.0258898926e+02 7.0266198730e+02 7.0272198486e+02 7.0278002930e+02 7.0286499023e+02 7.0295898438e+02 7.0305700684e+02 7.0317297363e+02 7.0326800537e+02 7.0340600586e+02 7.0353698730e+02 7.0366198730e+02 7.0379498291e+02 7.0393200684e+02 7.0405999756e+02 7.0418701172e+02 7.0432397461e+02 7.0447601318e+02 7.0456597900e+02 7.0464001465e+02 7.0475201416e+02 7.0482598877e+02 7.0488702393e+02 7.0497399902e+02 7.0505499268e+02 7.0510900879e+02 7.0520202637e+02 7.0528997803e+02 7.0537200928e+02 7.0548797607e+02 7.0560998535e+02 7.0571099854e+02 7.0581097412e+02 7.0592297363e+02
7.0205603027e+02 7.0208801270e+02 7.0212298584e+02 7.0215600586e+02 7.0215899658e+02 7.0220697021e+02 7.0222497559e+02 7.0226098633e+02 7.0231298828e+02 7.0236102295e+02 7.0239898682e+02 7.0243597412e+02 7.0247900391e+02 7.0254797363e+02 7.0259802246e+02 7.0266998291e+02 7.0272998047e+02 7.0281500244e+02 7.0290997314e+02 7.0301397705e+02 7.0309698486e+02 7.0323297119e+02 7.0337701416e+02 7.0350201416e+02 7.0360900879e+02 7.0375000000e+02 7.0389898682e+02 7.0402398682e+02 7.0413800049e+02 7.0431201172e+02 7.0441101074e+02 7.0447302246e+02 7.0457501221e+02 7.0465100098e+02 7.0473101807e+02 7.0482897949e+02 7.0491998291e+02 7.0496997070e+02 7.0506097412e+02 7.0515698242e+02 7.0524298096e+02 7.0532598877e+02 7.0543902588e+02 7.0554400635e+02 7.0568200684e+02 7.0576800537e+02
7.0201098633e+02 7.0203497314e+02 7.0207702637e+02 7.0210900879e+02 7.0213397217e+02 7.0216900635e+02 7.0217999268e+02 7.0220599365e+02 7.0224200439e+02 7.0228497314e+02 7.0231097412e+02 7.0235601807e+02 7.0240002441e+02 7.0246398926e+02 7.0251702881e+02 7.0257598877e+02 7.0261798096e+02 7.0270397949e+02 7.0277197266e+02 7.0285198975e+02 7.0297302246e+02 7.0309100342e+02 7.0320599365e+02 7.0333697510e+02 7.0346899414e+02 7.0357000732e+02 7.0370098877e+02 7.0384399414e+02 7.0398400879e+02 7.0411999512e+02 7.0422198486e+02 7.0429400635e+02 7.0439599609e+02 7.0450201416e+02 7.0457897949e+02 7.0467602539e+02 7.0476300049e+02 7.0483300781e+02 7.0491497803e+02 7.0500097656e+02 7.0509197998e+02 7.0518298340e+02 7.0529699707e+02 7.0539801025e+02 7.0550500488e+02 7.0560797119e+02
7.0196398926e+02 7.0197497559e+02 7.0201098633e+02 7.0204400635e+02 7.0208300781e+02 7.0210400391e+02 7.0211499023e+02 7.0214801025e+02 7.0218298340e+02 7.0221197510e+02 7.0223199463e+02 7.0228302002e+02 7.0232598877e+02 7.0237902832e+02 7.0241601563e+02 7.0247198486e+02 7.0251300049e+02 7.0256896973e+02 7.0264501953e+02 7.0272601318e+02 7.0282501221e+02 7.0292498779e+02 7.0303497314e+02 7.0315899658e+02 7.0328100586e+02 7.0340600586e+02 7.0351702881e+02 7.0364398193e+02 7.0378698730e+02 7.0390899658e+02 7.0402301025e+02 7.0411401367e+02 7.0421899414e+02 7.0432800293e+02 7.0440997314e+02 7.0450701904e+02 7.0460900879e+02 7.0468402100e+02 7.0477398682e+02 7.0486798096e+02 7.0494799805e+02 7.0504699707e+02 7.0516699219e+02 7.0526800537e+02 7.0536297607e+02 7.0546502686e+02
7.0191302490e+02 7.0193701172e+02 7.0196002197e+02 7.0199298096e+02 7.0200897217e+02 7.0203497314e+02 7.0205798340e+02 7.0209497070e+02 7.0212597656e+02 7.0215100098e+02 7.0217102051e+02 7.0221899414e+02 7.0225201416e+02 7.0229498291e+02 7.0231597900e+02 7.0237200928e+02 7.0242297363e+02 7.0246099854e+02 7.0253802490e+02 7.0261297607e+02 7.0267297363e+02 7.0277099609e+02 7.0287701416e+02 7.0297802734e+02 7.0308898926e+02 7.0323901367e+02 7.0333697510e+02 7.0345898438e+02 7.0359399414e+02 7.0370001221e+02 7.0381402588e+02 7.0392102051e+02 7.0402099609e+02 7.0413397217e+02 7.0424798584e+02 7.0434698486e+02 7.0444598389e+02 7.0453002930e+02 7.0461999512e+02 7.0471899414e+02 7.0481402588e+02 7.0489801025e+02 7.0501599121e+02 7.0512799072e+02 7.0522601318e+02 7.0532397461e+02
