TESTSERVER/17/2.asc
NCOLS 100
NROWS 100
XLLCORNER 8.3497500000e+03
YLLCORNER 2.8985025000e+05
CELLSIZE 5.0000000000e-01
NODATA_VALUE -9.9990000000e+03
[rows 60 to 79 of 100, columns 46 to 91 of 100]
7.0791400146e+02 7.0798199463e+02 7.0804498291e+02 7.0807098389e+02 7.0807299805e+02 7.0808599854e+02 7.0810998535e+02 7.0812902832e+02 7.0814398193e+02 7.0814001465e+02 7.0814801025e+02 7.0815301514e+02 7.0815997314e+02 7.0817498779e+02 7.0817199707e+02 7.0816302490e+02 7.0819396973e+02 7.0821301270e+02 7.0821600342e+02 7.0822998047e+02 7.0825799561e+02 7.0828002930e+02 7.0830700684e+02 7.0830700684e+02 7.0832897949e+02 7.0834399414e+02 7.0835699463e+02 7.0840002441e+02 7.0841699219e+02 7.0844500732e+02 7.0847601318e+02 7.0851599121e+02 7.0853698730e+02 7.0854901123e+02 7.0858599854e+02 7.0859399414e+02 7.0859802246e+02 7.0863800049e+02 7.0865600586e+02 7.0867102051e+02 7.0869702148e+02 7.0873901367e+02 7.0877899170e+02 7.0878100586e+02 7.0882098389e+02 7.0883197021e+02
7.0788000488e+02 7.0796099854e+02 7.0800500488e+02 7.0803601074e+02 7.0805200195e+02 7.0807202148e+02 7.0809197998e+02 7.0811602783e+02 7.0812701416e+02 7.0811999512e+02 7.0812298584e+02 7.0814697266e+02 7.0814898682e+02 7.0815502930e+02 7.0814300537e+02 7.0814001465e+02 7.0817199707e+02 7.0820300293e+02 7.0821502686e+02 7.0821002197e+02 7.0824499512e+02 7.0826000977e+02 7.0826397705e+02 7.0828802490e+02 7.0830902100e+02 7.0833001709e+02 7.0835101318e+02 7.0838201904e+02 7.0839599609e+02 7.0843103027e+02 7.0846697998e+02 7.0849200439e+02 7.0850799561e+02 7.0853198242e+02 7.0855700684e+02 7.0858398438e+02 7.0859802246e+02 7.0863500977e+02 7.0865600586e+02 7.0865502930e+02 7.0868402100e+02 7.0871801758e+02 7.0876000977e+02 7.0877099609e+02 7.0880200195e+02 7.0880902100e+02
7.0786199951e+02 7.0794097900e+02 7.0798297119e+02 7.0800500488e+02 7.0802697754e+02 7.0804199219e+02 7.0806597900e+02 7.0808197021e+02 7.0808898926e+02 7.0809301758e+02 7.0808801270e+02 7.0810998535e+02 7.0811602783e+02 7.0812902832e+02 7.0813098145e+02 7.0813201904e+02 7.0815100098e+02 7.0817700195e+02 7.0819299316e+02 7.0818902588e+02 7.0822100830e+02 7.0823297119e+02 7.0824102783e+02 7.0827001953e+02 7.0828601074e+02 7.0830700684e+02 7.0832299805e+02 7.0835498047e+02 7.0838201904e+02 7.0841400146e+02 7.0845098877e+02 7.0847900391e+02 7.0849700928e+02 7.0852197266e+02 7.0853601074e+02 7.0857397461e+02 7.0859698486e+02 7.0862902832e+02 7.0863897705e+02 7.0863800049e+02 7.0866802979e+02 7.0869702148e+02 7.0873498535e+02 7.0874499512e+02 7.0877001953e+02 7.0878198242e+02
7.0782299805e+02 7.0789001465e+02 7.0793499756e+02 7.0795800781e+02 7.0798498535e+02 7.0800299072e+02 7.0803302002e+02 7.0803900146e+02 7.0804901123e+02 7.0806402588e+02 7.0805999756e+02 7.0807702637e+02 7.0807501221e+02 7.0808697510e+02 7.0810498047e+02 7.0811297607e+02 7.0812500000e+02 7.0813702393e+02 7.0815002441e+02 7.0816497803e+02 7.0819201660e+02 7.0820098877e+02 7.0821801758e+02 7.0823901367e+02 7.0825598145e+02 7.0828601074e+02 7.0831402588e+02 7.0834197998e+02 7.0837402344e+02 7.0839599609e+02 7.0842199707e+02 7.0846197510e+02 7.0848297119e+02 7.0850799561e+02 7.0852899170e+02 7.0855902100e+02 7.0858197021e+02 7.0860998535e+02 7.0862298584e+02 7.0862902832e+02 7.0865698242e+02 7.0868200684e+02 7.0870898438e+02 7.0872100830e+02 7.0874298096e+02 7.0876800537e+02
7.0773101807e+02 7.0780200195e+02 7.0785198975e+02 7.0788897705e+02 7.0792602539e+02 7.0794396973e+02 7.0796697998e+02 7.0799499512e+02 7.0801702881e+02 7.0803399658e+02 7.0804699707e+02 7.0805200195e+02 7.0803399658e+02 7.0803601074e+02 7.0805499268e+02 7.0806500244e+02 7.0809100342e+02 7.0810797119e+02 7.0810699463e+02 7.0812799072e+02 7.0816302490e+02 7.0818402100e+02 7.0817901611e+02 7.0822802734e+02 7.0824298096e+02 7.0826898193e+02 7.0829797363e+02 7.0833001709e+02 7.0835498047e+02 7.0838201904e+02 7.0840899658e+02 7.0844396973e+02 7.0847399902e+02 7.0849798584e+02 7.0851599121e+02 7.0855499268e+02 7.0857702637e+02 7.0859301758e+02 7.0860699463e+02 7.0860400391e+02 7.0863299561e+02 7.0867102051e+02 7.0869702148e+02 7.0870501709e+02 7.0872399902e+02 7.0875299072e+02
7.0764898682e+02 7.0771997070e+02 7.0778302002e+02 7.0782598877e+02 7.0783300781e+02 7.0785400391e+02 7.0788800049e+02 7.0791900635e+02 7.0794500732e+02 7.0795599365e+02 7.0797198486e+02 7.0800500488e+02 7.0800598145e+02 7.0801098633e+02 7.0801898193e+02 7.0802697754e+02 7.0805200195e+02 7.0807397461e+02 7.0809301758e+02 7.0810101318e+02 7.0814202881e+02 7.0816601563e+02 7.0817901611e+02 7.0822198486e+02 7.0823400879e+02 7.0826300049e+02 7.0827899170e+02 7.0831799316e+02 7.0833398438e+02 7.0836700439e+02 7.0840197754e+02 7.0843402100e+02 7.0845599365e+02 7.0847900391e+02 7.0850097656e+02 7.0853497314e+02 7.0856402588e+02 7.0858502197e+02 7.0859899902e+02 7.0859197998e+02 7.0862298584e+02 7.0865502930e+02 7.0867401123e+02 7.0867901611e+02 7.0871899414e+02 7.0874499512e+02
7.0754101563e+02 7.0760998535e+02 7.0765301514e+02 7.0771899414e+02 7.0774798584e+02 7.0776599121e+02 7.0779699707e+02 7.0783099365e+02 7.0786401367e+02 7.0788702393e+02 7.0790502930e+02 7.0793499756e+02 7.0794799805e+02 7.0796197510e+02 7.0797698975e+02 7.0799102783e+02 7.0801300049e+02 7.0803698730e+02 7.0806701660e+02 7.0807397461e+02 7.0811102295e+02 7.0812500000e+02 7.0814898682e+02 7.0818499756e+02 7.0820300293e+02 7.0823297119e+02 7.0825299072e+02 7.0830200195e+02 7.0831097412e+02 7.0834301758e+02 7.0837402344e+02 7.0841802979e+02 7.0844702148e+02 7.0846801758e+02 7.0848602295e+02 7.0852697754e+02 7.0855798340e+02 7.0858300781e+02 7.0860101318e+02 7.0859997559e+02 7.0861602783e+02 7.0864300537e+02 7.0866998291e+02 7.0868103027e+02 7.0872198486e+02 7.0874102783e+02
7.0738598633e+02 7.0746099854e+02 7.0750897217e+02 7.0759802246e+02 7.0764898682e+02 7.0765698242e+02 7.0767797852e+02 7.0772698975e+02 7.0776898193e+02 7.0780700684e+02 7.0783697510e+02 7.0786602783e+02 7.0788098145e+02 7.0790698242e+02 7.0794097900e+02 7.0796197510e+02 7.0798297119e+02 7.0800402832e+02 7.0803002930e+02 7.0803698730e+02 7.0806896973e+02 7.0808801270e+02 7.0811401367e+02 7.0814801025e+02 7.0816802979e+02 7.0819598389e+02 7.0822497559e+02 7.0827697754e+02 7.0829101563e+02 7.0832598877e+02 7.0835302734e+02 7.0838702393e+02 7.0842401123e+02 7.0845300293e+02 7.0846801758e+02 7.0852301025e+02 7.0854797363e+02 7.0857202148e+02 7.0859497070e+02 7.0859399414e+02 7.0861102295e+02 7.0864099121e+02 7.0867199707e+02 7.0868798828e+02 7.0871801758e+02 7.0873101807e+02
7.0722802734e+02 7.0730401611e+02 7.0736297607e+02 7.0741699219e+02 7.0748498535e+02 7.0751800537e+02 7.0753900146e+02 7.0760998535e+02 7.0766998291e+02 7.0770202637e+02 7.0773602295e+02 7.0777801514e+02 7.0780902100e+02 7.0784899902e+02 7.0789398193e+02 7.0790600586e+02 7.0793298340e+02 7.0797100830e+02 7.0799700928e+02 7.0799902344e+02 7.0803302002e+02 7.0806298828e+02 7.0807897949e+02 7.0810198975e+02 7.0813201904e+02 7.0816699219e+02 7.0820599365e+02 7.0824298096e+02 7.0826599121e+02 7.0830102539e+02 7.0833801270e+02 7.0837799072e+02 7.0840899658e+02 7.0843402100e+02 7.0844799805e+02 7.0849597168e+02 7.0852099609e+02 7.0854797363e+02 7.0856799316e+02 7.0857501221e+02 7.0860101318e+02 7.0863500977e+02 7.0867297363e+02 7.0869000244e+02 7.0870300293e+02 7.0870501709e+02
7.0704101563e+02 7.0712097168e+02 7.0718701172e+02 7.0726098633e+02 7.0733697510e+02 7.0737298584e+02 7.0742700195e+02 7.0750000000e+02 7.0755297852e+02 7.0758502197e+02 7.0763702393e+02 7.0770501709e+02 7.0772802734e+02 7.0776800537e+02 7.0782000732e+02 7.0784698486e+02 7.0789300537e+02 7.0792901611e+02 7.0794201660e+02 7.0795300293e+02 7.0799200439e+02 7.0802099609e+02 7.0804199219e+02 7.0807598877e+02 7.0809497070e+02 7.0812200928e+02 7.0815802002e+02 7.0820599365e+02 7.0823699951e+02 7.0828900146e+02 7.0833197021e+02 7.0835498047e+02 7.0837799072e+02 7.0841101074e+02 7.0844097900e+02 7.0847399902e+02 7.0850000000e+02 7.0854101563e+02 7.0857000732e+02 7.0856597900e+02 7.0859399414e+02 7.0862597656e+02 7.0865802002e+02 7.0866998291e+02 7.0869702148e+02 7.0870599365e+02
7.0686199951e+02 7.0694396973e+02 7.0699597168e+02 7.0707800293e+02 7.0716998291e+02 7.0723101807e+02 7.0729302979e+02 7.0735400391e+02 7.0740899658e+02 7.0745300293e+02 7.0751599121e+02 7.0760601807e+02 7.0763897705e+02 7.0769000244e+02 7.0774798584e+02 7.0777899170e+02 7.0782397461e+02 7.0786798096e+02 7.0788598633e+02 7.0790197754e+02 7.0795001221e+02 7.0798602295e+02 7.0801300049e+02 7.0802899170e+02 7.0804901123e+02 7.0809197998e+02 7.0813201904e+02 7.0818701172e+02 7.0821398926e+02 7.0825500488e+02 7.0829797363e+02 7.0833001709e+02 7.0834802246e+02 7.0838000488e+02 7.0841400146e+02 7.0845697021e+02 7.0848699951e+02 7.0852001953e+02 7.0855102539e+02 7.0854901123e+02 7.0858697510e+02 7.0863000488e+02 7.0865698242e+02 7.0865502930e+02 7.0869396973e+02 7.0870599365e+02
7.0666699219e+02 7.0674700928e+02 7.0682202148e+02 7.0690100098e+02 7.0698602295e+02 7.0707202148e+02 7.0716198730e+02 7.0722399902e+02 7.0727398682e+02 7.0732397461e+02 7.0740399170e+02 7.0749200439e+02 7.0754901123e+02 7.0761199951e+02 7.0767401123e+02 7.0771600342e+02 7.0775799561e+02 7.0779901123e+02 7.0783398438e+02 7.0786499023e+02 7.0791998291e+02 7.0795202637e+02 7.0797601318e+02 7.0798602295e+02 7.0801599121e+02 7.0804797363e+02 7.0807702637e+02 7.0813500977e+02 7.0817602539e+02 7.0821002197e+02 7.0825897217e+02 7.0828802490e+02 7.0831298828e+02 7.0834497070e+02 7.0837200928e+02 7.0842999268e+02 7.0846502686e+02 7.0850701904e+02 7.0853302002e+02 7.0853198242e+02 7.0856597900e+02 7.0861297607e+02 7.0865600586e+02 7.0865197754e+02 7.0868103027e+02 7.0869299316e+02
7.0647802734e+02 7.0657800293e+02 7.0666497803e+02 7.0675000000e+02 7.0683398438e+02 7.0691998291e+02 7.0698699951e+02 7.0707897949e+02 7.0714300537e+02 7.0721099854e+02 7.0730603027e+02 7.0738500977e+02 7.0745800781e+02 7.0753399658e+02 7.0760498047e+02 7.0764801025e+02 7.0769299316e+02 7.0773999023e+02 7.0780297852e+02 7.0782800293e+02 7.0787402344e+02 7.0791101074e+02 7.0792700195e+02 7.0796099854e+02 7.0798999023e+02 7.0799499512e+02 7.0803198242e+02 7.0808300781e+02 7.0811999512e+02 7.0815301514e+02 7.0820697021e+02 7.0823999023e+02 7.0827099609e+02 7.0831298828e+02 7.0834600830e+02 7.0838397217e+02 7.0842498779e+02 7.0848199463e+02 7.0850201416e+02 7.0850701904e+02 7.0855200195e+02 7.0859497070e+02 7.0862701416e+02 7.0864801025e+02 7.0868298340e+02 7.0869702148e+02
7.0632397461e+02 7.0642498779e+02 7.0651098633e+02 7.0660400391e+02 7.0669000244e+02 7.0678198242e+02 7.0687298584e+02 7.0695501709e+02 7.0702502441e+02 7.0710198975e+02 7.0718402100e+02 7.0727697754e+02 7.0734997559e+02 7.0743499756e+02 7.0751300049e+02 7.0756500244e+02 7.0761999512e+02 7.0768798828e+02 7.0774102783e+02 7.0777001953e+02 7.0782000732e+02 7.0786798096e+02 7.0789599609e+02 7.0792797852e+02 7.0794299316e+02 7.0795697021e+02 7.0798699951e+02 7.0803198242e+02 7.0806597900e+02 7.0812402344e+02 7.0816998291e+02 7.0819799805e+02 7.0823602295e+02 7.0828302002e+02 7.0831597900e+02 7.0836602783e+02 7.0840502930e+02 7.0844500732e+02 7.0845697021e+02 7.0847399902e+02 7.0852600098e+02 7.0858001709e+02 7.0860302734e+02 7.0861901855e+02 7.0866302490e+02 7.0869201660e+02
7.0617602539e+02 7.0626599121e+02 7.0633801270e+02 7.0643902588e+02 7.0654101563e+02 7.0664599609e+02 7.0674700928e+02 7.0682000732e+02 7.0689801025e+02 7.0699298096e+02 7.0707299805e+02 7.0717102051e+02 7.0723999023e+02 7.0732702637e+02 7.0740301514e+02 7.0746997070e+02 7.0753900146e+02 7.0761602783e+02 7.0766998291e+02 7.0772100830e+02 7.0776800537e+02 7.0780401611e+02 7.0784100342e+02 7.0787402344e+02 7.0789599609e+02 7.0791802979e+02 7.0795098877e+02 7.0799597168e+02 7.0801599121e+02 7.0807202148e+02 7.0811798096e+02 7.0815399170e+02 7.0819897461e+02 7.0824597168e+02 7.0827301025e+02 7.0832702637e+02 7.0836297607e+02 7.0840399170e+02 7.0841699219e+02 7.0843798828e+02 7.0848999023e+02 7.0854901123e+02 7.0858898926e+02 7.0859899902e+02 7.0864300537e+02 7.0870202637e+02
7.0602801514e+02 7.0611901855e+02 7.0618798828e+02 7.0629602051e+02 7.0641802979e+02 7.0652697754e+02 7.0662799072e+02 7.0671301270e+02 7.0678900146e+02 7.0688598633e+02 7.0696301270e+02 7.0706402588e+02 7.0714099121e+02 7.0723797607e+02 7.0731896973e+02 7.0738397217e+02 7.0745898438e+02 7.0754101563e+02 7.0759600830e+02 7.0765997314e+02 7.0771502686e+02 7.0774499512e+02 7.0778198242e+02 7.0782800293e+02 7.0785601807e+02 7.0788201904e+02 7.0792102051e+02 7.0797100830e+02 7.0798498535e+02 7.0803100586e+02 7.0807800293e+02 7.0810900879e+02 7.0814300537e+02 7.0819000244e+02 7.0822698975e+02 7.0827899170e+02 7.0831701660e+02 7.0835900879e+02 7.0837402344e+02 7.0839801025e+02 7.0844897461e+02 7.0850799561e+02 7.0855603027e+02 7.0858300781e+02 7.0862500000e+02 7.0868701172e+02
7.0587402344e+02 7.0598498535e+02 7.0606799316e+02 7.0617498779e+02 7.0629699707e+02 7.0640698242e+02 7.0650500488e+02 7.0660797119e+02 7.0668298340e+02 7.0676800537e+02 7.0684002686e+02 7.0696899414e+02 7.0706799316e+02 7.0716101074e+02 7.0723797607e+02 7.0731500244e+02 7.0738299561e+02 7.0746502686e+02 7.0752398682e+02 7.0759497070e+02 7.0765600586e+02 7.0769500732e+02 7.0771600342e+02 7.0777801514e+02 7.0779901123e+02 7.0784002686e+02 7.0788397217e+02 7.0791400146e+02 7.0795300293e+02 7.0799102783e+02 7.0802899170e+02 7.0806500244e+02 7.0808898926e+02 7.0814001465e+02 7.0818298340e+02 7.0823297119e+02 7.0826202393e+02 7.0829797363e+02 7.0833801270e+02 7.0835498047e+02 7.0841699219e+02 7.0848297119e+02 7.0853399658e+02 7.0856896973e+02 7.0862597656e+02 7.0866900635e+02
7.0572601318e+02 7.0583398438e+02 7.0590698242e+02 7.0604498291e+02 7.0616998291e+02 7.0628100586e+02 7.0638500977e+02 7.0647601318e+02 7.0657397461e+02 7.0667797852e+02 7.0675897217e+02 7.0687402344e+02 7.0697198486e+02 7.0705798340e+02 7.0714001465e+02 7.0722802734e+02 7.0729797363e+02 7.0737298584e+02 7.0743200684e+02 7.0750299072e+02 7.0757800293e+02 7.0763098145e+02 7.0767602539e+02 7.0771600342e+02 7.0773101807e+02 7.0777801514e+02 7.0781201172e+02 7.0786901855e+02 7.0790997314e+02 7.0794500732e+02 7.0798400879e+02 7.0803100586e+02 7.0804901123e+02 7.0808300781e+02 7.0812799072e+02 7.0817401123e+02 7.0820599365e+02 7.0823901367e+02 7.0828698730e+02 7.0830401611e+02 7.0836297607e+02 7.0843200684e+02 7.0848498535e+02 7.0853100586e+02 7.0858398438e+02 7.0864202881e+02
7.0556402588e+02 7.0567999268e+02 7.0577099609e+02 7.0589501953e+02 7.0603802490e+02 7.0615600586e+02 7.0626501465e+02 7.0636499023e+02 7.0646099854e+02 7.0655798340e+02 7.0664898682e+02 7.0677197266e+02 7.0686199951e+02 7.0695898438e+02 7.0705297852e+02 7.0712799072e+02 7.0721398926e+02 7.0730297852e+02 7.0736297607e+02 7.0741400146e+02 7.0748901367e+02 7.0755297852e+02 7.0759600830e+02 7.0766198730e+02 7.0770098877e+02 7.0773602295e+02 7.0776202393e+02 7.0781799316e+02 7.0784497070e+02 7.0787902832e+02 7.0792498779e+02 7.0797198486e+02 7.0799902344e+02 7.0802801514e+02 7.0806402588e+02 7.0811499023e+02 7.0815600586e+02 7.0819201660e+02 7.0822302246e+02 7.0825000000e+02 7.0831500244e+02 7.0838098145e+02 7.0843597412e+02 7.0848498535e+02 7.0853601074e+02 7.0859497070e+02
7.0540502930e+02 7.0552899170e+02 7.0564398193e+02 7.0573797607e+02 7.0587402344e+02 7.0600897217e+02 7.0611999512e+02 7.0622601318e+02 7.0634399414e+02 7.0645501709e+02 7.0655499268e+02 7.0668298340e+02 7.0676800537e+02 7.0686901855e+02 7.0696801758e+02 7.0703601074e+02 7.0713299561e+02 7.0722198486e+02 7.0728497314e+02 7.0732897949e+02 7.0741198730e+02 7.0748498535e+02 7.0751702881e+02 7.0759899902e+02 7.0763702393e+02 7.0766900635e+02 7.0771301270e+02 7.0776397705e+02 7.0778698730e+02 7.0782299805e+02 7.0787799072e+02 7.0790698242e+02 7.0794396973e+02 7.0797698975e+02 7.0800000000e+02 7.0804998779e+02 7.0809197998e+02 7.0814300537e+02 7.0816802979e+02 7.0819702148e+02 7.0825897217e+02 7.0832702637e+02 7.0838299561e+02 7.0841400146e+02 7.0847100830e+02 7.0854400635e+02
