TESTSERVER/17/3.asc
NCOLS 100
NROWS 100
XLLCORNER 8.3497500000e+03
YLLCORNER 2.8980025000e+05
CELLSIZE 5.0000000000e-01
NODATA_VALUE -9.9990000000e+03
[rows 0 to 19 of 100, columns 46 to 91 of 100]
7.0261602783e+02 7.0266802979e+02 7.0272497559e+02 7.0278399658e+02 7.0286401367e+02 7.0293200684e+02 7.0299298096e+02 7.0310101318e+02 7.0321502686e+02 7.0333099365e+02 7.0341699219e+02 7.0353601074e+02 7.0366101074e+02 7.0379101563e+02 7.0386999512e+02 7.0400097656e+02 7.0413800049e+02 7.0426098633e+02 7.0434002686e+02 7.0448199463e+02 7.0461199951e+02 7.0469396973e+02 7.0480200195e+02 7.0490600586e+02 7.0496697998e+02 7.0503497314e+02 7.0512402344e+02 7.0518701172e+02 7.0524102783e+02 7.0529998779e+02 7.0535797119e+02 7.0540997314e+02 7.0545800781e+02 7.0550299072e+02 7.0556701660e+02 7.0559997559e+02 7.0563299561e+02 7.0567700195e+02 7.0572198486e+02 7.0578601074e+02 7.0584399414e+02 7.0591198730e+02 7.0597998047e+02 7.0603100586e+02 7.0610302734e+02 7.0616497803e+02
7.0257598877e+02 7.0262500000e+02 7.0265899658e+02 7.0272601318e+02 7.0279302979e+02 7.0286499023e+02 7.0293902588e+02 7.0302301025e+02 7.0310998535e+02 7.0319201660e+02 7.0329797363e+02 7.0341198730e+02 7.0348999023e+02 7.0359802246e+02 7.0370397949e+02 7.0384899902e+02 7.0396600342e+02 7.0408099365e+02 7.0418701172e+02 7.0429901123e+02 7.0444299316e+02 7.0454302979e+02 7.0463000488e+02 7.0469897461e+02 7.0478601074e+02 7.0486199951e+02 7.0494201660e+02 7.0501098633e+02 7.0506597900e+02 7.0513800049e+02 7.0520397949e+02 7.0524401855e+02 7.0527899170e+02 7.0534002686e+02 7.0539398193e+02 7.0544201660e+02 7.0549499512e+02 7.0555401611e+02 7.0558801270e+02 7.0563397217e+02 7.0568597412e+02 7.0575701904e+02 7.0583001709e+02 7.0588098145e+02 7.0594799805e+02 7.0601000977e+02
7.0253698730e+02 7.0258398438e+02 7.0261499023e+02 7.0266998291e+02 7.0272198486e+02 7.0278900146e+02 7.0285101318e+02 7.0292999268e+02 7.0300701904e+02 7.0306896973e+02 7.0317401123e+02 7.0328698730e+02 7.0335400391e+02 7.0344897461e+02 7.0355200195e+02 7.0368103027e+02 7.0378198242e+02 7.0389898682e+02 7.0402398682e+02 7.0411499023e+02 7.0424401855e+02 7.0435601807e+02 7.0444897461e+02 7.0451702881e+02 7.0459600830e+02 7.0467602539e+02 7.0476300049e+02 7.0484600830e+02 7.0490301514e+02 7.0496899414e+02 7.0503698730e+02 7.0508502197e+02 7.0513397217e+02 7.0519897461e+02 7.0524700928e+02 7.0529101563e+02 7.0534600830e+02 7.0540197754e+02 7.0543103027e+02 7.0547802734e+02 7.0554199219e+02 7.0561798096e+02 7.0568200684e+02 7.0574200439e+02 7.0580798340e+02 7.0586602783e+02
7.0249700928e+02 7.0254699707e+02 7.0258099365e+02 7.0260797119e+02 7.0266601563e+02 7.0273101807e+02 7.0277099609e+02 7.0284100342e+02 7.0291101074e+02 7.0297998047e+02 7.0307702637e+02 7.0317602539e+02 7.0323297119e+02 7.0332501221e+02 7.0342999268e+02 7.0353601074e+02 7.0362597656e+02 7.0373199463e+02 7.0384197998e+02 7.0393298340e+02 7.0406201172e+02 7.0417901611e+02 7.0425897217e+02 7.0433197021e+02 7.0442797852e+02 7.0451300049e+02 7.0458599854e+02 7.0466101074e+02 7.0472601318e+02 7.0479797363e+02 7.0487500000e+02 7.0494000244e+02 7.0499597168e+02 7.0504199219e+02 7.0508898926e+02 7.0513201904e+02 7.0519396973e+02 7.0525000000e+02 7.0528002930e+02 7.0533697510e+02 7.0540002441e+02 7.0547399902e+02 7.0554901123e+02 7.0560302734e+02 7.0566900635e+02 7.0572399902e+02
7.0245898438e+02 7.0250201416e+02 7.0253698730e+02 7.0257000732e+02 7.0262701416e+02 7.0267797852e+02 7.0271502686e+02 7.0277801514e+02 7.0283599854e+02 7.0289697266e+02 7.0297302246e+02 7.0305297852e+02 7.0311401367e+02 7.0320800781e+02 7.0330999756e+02 7.0340399170e+02 7.0350201416e+02 7.0359899902e+02 7.0368200684e+02 7.0379302979e+02 7.0391101074e+02 7.0401202393e+02 7.0409399414e+02 7.0414599609e+02 7.0427099609e+02 7.0434698486e+02 7.0438800049e+02 7.0449597168e+02 7.0456500244e+02 7.0461901855e+02 7.0468597412e+02 7.0476501465e+02 7.0482202148e+02 7.0486499023e+02 7.0491101074e+02 7.0497100830e+02 7.0505102539e+02 7.0511901855e+02 7.0515502930e+02 7.0519799805e+02 7.0525000000e+02 7.0533898926e+02 7.0542498779e+02 7.0546099854e+02 7.0552398682e+02 7.0557098389e+02
7.0242297363e+02 7.0246398926e+02 7.0251098633e+02 7.0253802490e+02 7.0259301758e+02 7.0263299561e+02 7.0266699219e+02 7.0273602295e+02 7.0279302979e+02 7.0285101318e+02 7.0291699219e+02 7.0299298096e+02 7.0303302002e+02 7.0310400391e+02 7.0318103027e+02 7.0324700928e+02 7.0334600830e+02 7.0345501709e+02 7.0352502441e+02 7.0361602783e+02 7.0373797607e+02 7.0382299805e+02 7.0391400146e+02 7.0397100830e+02 7.0405200195e+02 7.0411999512e+02 7.0422198486e+02 7.0432299805e+02 7.0438897705e+02 7.0445202637e+02 7.0453198242e+02 7.0458898926e+02 7.0464099121e+02 7.0470501709e+02 7.0476300049e+02 7.0482000732e+02 7.0489001465e+02 7.0496002197e+02 7.0500097656e+02 7.0506201172e+02 7.0513098145e+02 7.0521002197e+02 7.0526800537e+02 7.0531298828e+02 7.0540301514e+02 7.0545697021e+02
7.0238201904e+02 7.0241601563e+02 7.0246600342e+02 7.0249700928e+02 7.0255200195e+02 7.0259301758e+02 7.0263702393e+02 7.0270697021e+02 7.0275799561e+02 7.0280200195e+02 7.0286199951e+02 7.0292297363e+02 7.0296899414e+02 7.0303302002e+02 7.0308599854e+02 7.0315600586e+02 7.0324200439e+02 7.0332397461e+02 7.0338800049e+02 7.0347497559e+02 7.0358599854e+02 7.0366699219e+02 7.0375299072e+02 7.0381402588e+02 7.0388598633e+02 7.0396502686e+02 7.0406500244e+02 7.0415002441e+02 7.0422698975e+02 7.0429498291e+02 7.0437097168e+02 7.0441900635e+02 7.0446697998e+02 7.0454199219e+02 7.0460900879e+02 7.0467999268e+02 7.0473901367e+02 7.0480999756e+02 7.0485900879e+02 7.0491497803e+02 7.0500598145e+02 7.0508099365e+02 7.0513702393e+02 7.0518499756e+02 7.0526898193e+02 7.0532299805e+02
7.0235797119e+02 7.0239300537e+02 7.0242498779e+02 7.0246899414e+02 7.0251702881e+02 7.0255902100e+02 7.0260998535e+02 7.0267199707e+02 7.0272601318e+02 7.0276397705e+02 7.0280902100e+02 7.0285797119e+02 7.0291198730e+02 7.0297601318e+02 7.0302001953e+02 7.0308300781e+02 7.0315399170e+02 7.0321697998e+02 7.0328601074e+02 7.0336199951e+02 7.0344500732e+02 7.0351501465e+02 7.0361297607e+02 7.0368499756e+02 7.0374700928e+02 7.0381097412e+02 7.0390997314e+02 7.0399700928e+02 7.0404797363e+02 7.0410400391e+02 7.0419500732e+02 7.0425000000e+02 7.0430902100e+02 7.0438098145e+02 7.0444799805e+02 7.0452502441e+02 7.0458398438e+02 7.0466601563e+02 7.0471301270e+02 7.0476300049e+02 7.0486297607e+02 7.0494097900e+02 7.0500897217e+02 7.0505297852e+02 7.0512200928e+02 7.0516302490e+02
7.0231298828e+02 7.0235101318e+02 7.0238897705e+02 7.0241400146e+02 7.0246801758e+02 7.0252697754e+02 7.0256799316e+02 7.0262500000e+02 7.0267199707e+02 7.0271002197e+02 7.0276202393e+02 7.0281896973e+02 7.0287097168e+02 7.0291900635e+02 7.0297302246e+02 7.0301702881e+02 7.0307202148e+02 7.0312902832e+02 7.0317297363e+02 7.0327099609e+02 7.0334997559e+02 7.0339398193e+02 7.0348297119e+02 7.0354998779e+02 7.0360797119e+02 7.0366101074e+02 7.0376898193e+02 7.0384802246e+02 7.0389300537e+02 7.0396502686e+02 7.0404901123e+02 7.0410400391e+02 7.0417797852e+02 7.0423901367e+02 7.0428802490e+02 7.0436401367e+02 7.0442498779e+02 7.0449700928e+02 7.0453601074e+02 7.0462597656e+02 7.0472698975e+02 7.0478698730e+02 7.0484497070e+02 7.0490399170e+02 7.0498199463e+02 7.0504901123e+02
7.0228002930e+02 7.0231597900e+02 7.0233697510e+02 7.0237500000e+02 7.0243200684e+02 7.0248101807e+02 7.0252001953e+02 7.0258502197e+02 7.0263397217e+02 7.0266497803e+02 7.0272698975e+02 7.0277899170e+02 7.0281799316e+02 7.0287298584e+02 7.0291998291e+02 7.0296002197e+02 7.0300500488e+02 7.0306097412e+02 7.0312500000e+02 7.0318103027e+02 7.0325097656e+02 7.0330798340e+02 7.0338000488e+02 7.0342901611e+02 7.0348797607e+02 7.0354998779e+02 7.0363800049e+02 7.0371398926e+02 7.0376702881e+02 7.0383697510e+02 7.0389599609e+02 7.0394897461e+02 7.0401501465e+02 7.0407702637e+02 7.0413800049e+02 7.0420501709e+02 7.0428002930e+02 7.0435900879e+02 7.0441101074e+02 7.0447198486e+02 7.0455200195e+02 7.0462097168e+02 7.0471099854e+02 7.0476702881e+02 7.0483599854e+02 7.0490301514e+02
7.0223699951e+02 7.0227502441e+02 7.0230102539e+02 7.0234600830e+02 7.0239300537e+02 7.0244097900e+02 7.0248101807e+02 7.0254302979e+02 7.0258502197e+02 7.0262200928e+02 7.0268200684e+02 7.0273297119e+02 7.0277197266e+02 7.0282397461e+02 7.0285998535e+02 7.0291497803e+02 7.0295098877e+02 7.0300598145e+02 7.0306097412e+02 7.0309100342e+02 7.0315502930e+02 7.0322302246e+02 7.0328399658e+02 7.0332598877e+02 7.0338598633e+02 7.0342999268e+02 7.0351202393e+02 7.0356799316e+02 7.0361297607e+02 7.0368798828e+02 7.0375598145e+02 7.0381402588e+02 7.0387902832e+02 7.0394097900e+02 7.0399102783e+02 7.0404101563e+02 7.0411602783e+02 7.0420397949e+02 7.0425402832e+02 7.0432202148e+02 7.0440002441e+02 7.0446801758e+02 7.0456201172e+02 7.0460601807e+02 7.0467999268e+02 7.0473999023e+02
7.0220501709e+02 7.0224798584e+02 7.0227099609e+02 7.0231701660e+02 7.0235998535e+02 7.0240997314e+02 7.0245300293e+02 7.0250500488e+02 7.0254101563e+02 7.0257897949e+02 7.0263500977e+02 7.0268298340e+02 7.0272100830e+02 7.0278302002e+02 7.0281500244e+02 7.0287097168e+02 7.0290600586e+02 7.0296600342e+02 7.0300097656e+02 7.0303802490e+02 7.0309997559e+02 7.0315600586e+02 7.0320800781e+02 7.0325000000e+02 7.0330798340e+02 7.0334698486e+02 7.0341302490e+02 7.0346398926e+02 7.0350799561e+02 7.0357702637e+02 7.0362097168e+02 7.0367602539e+02 7.0375097656e+02 7.0382098389e+02 7.0387298584e+02 7.0391101074e+02 7.0396997070e+02 7.0405102539e+02 7.0408502197e+02 7.0415997314e+02 7.0425097656e+02 7.0432598877e+02 7.0439898682e+02 7.0445800781e+02 7.0455603027e+02 7.0462298584e+02
7.0216601563e+02 7.0221002197e+02 7.0222802734e+02 7.0227801514e+02 7.0231799316e+02 7.0235900879e+02 7.0240600586e+02 7.0246502686e+02 7.0250598145e+02 7.0252899170e+02 7.0257098389e+02 7.0263098145e+02 7.0266400146e+02 7.0273498535e+02 7.0279602051e+02 7.0282598877e+02 7.0286199951e+02 7.0291497803e+02 7.0294897461e+02 7.0298797607e+02 7.0304101563e+02 7.0309002686e+02 7.0314697266e+02 7.0318499756e+02 7.0323101807e+02 7.0326397705e+02 7.0330102539e+02 7.0338800049e+02 7.0343298340e+02 7.0347698975e+02 7.0352301025e+02 7.0358697510e+02 7.0363702393e+02 7.0367401123e+02 7.0373101807e+02 7.0379797363e+02 7.0385699463e+02 7.0393298340e+02 7.0396099854e+02 7.0400701904e+02 7.0408599854e+02 7.0417199707e+02 7.0421801758e+02 7.0431201172e+02 7.0440399170e+02 7.0448101807e+02
7.0214001465e+02 7.0218402100e+02 7.0219702148e+02 7.0223699951e+02 7.0228997803e+02 7.0234100342e+02 7.0238800049e+02 7.0242901611e+02 7.0247399902e+02 7.0250402832e+02 7.0253698730e+02 7.0258898926e+02 7.0261999512e+02 7.0268200684e+02 7.0271697998e+02 7.0277301025e+02 7.0283697510e+02 7.0288299561e+02 7.0290301514e+02 7.0293200684e+02 7.0298797607e+02 7.0302899170e+02 7.0306896973e+02 7.0311401367e+02 7.0317297363e+02 7.0321002197e+02 7.0324499512e+02 7.0330902100e+02 7.0333898926e+02 7.0337500000e+02 7.0343798828e+02 7.0350201416e+02 7.0353399658e+02 7.0357397461e+02 7.0363897705e+02 7.0368701172e+02 7.0373400879e+02 7.0380798340e+02 7.0384399414e+02 7.0388500977e+02 7.0395501709e+02 7.0403997803e+02 7.0409399414e+02 7.0415698242e+02 7.0423699951e+02 7.0430902100e+02
7.0210498047e+02 7.0214801025e+02 7.0217401123e+02 7.0220202637e+02 7.0226000977e+02 7.0231402588e+02 7.0234497070e+02 7.0238800049e+02 7.0243103027e+02 7.0245800781e+02 7.0251000977e+02 7.0254998779e+02 7.0257397461e+02 7.0262799072e+02 7.0266998291e+02 7.0272497559e+02 7.0278302002e+02 7.0282598877e+02 7.0284497070e+02 7.0288299561e+02 7.0294097900e+02 7.0298101807e+02 7.0302697754e+02 7.0306799316e+02 7.0312402344e+02 7.0315899658e+02 7.0319799805e+02 7.0325097656e+02 7.0327197266e+02 7.0330999756e+02 7.0336901855e+02 7.0340899658e+02 7.0343298340e+02 7.0348999023e+02 7.0355401611e+02 7.0359600830e+02 7.0364300537e+02 7.0370599365e+02 7.0373199463e+02 7.0377099609e+02 7.0384399414e+02 7.0390899658e+02 7.0397100830e+02 7.0403497314e+02 7.0411700439e+02 7.0417602539e+02
7.0208599854e+02 7.0212799072e+02 7.0215399170e+02 7.0217700195e+02 7.0222497559e+02 7.0227502441e+02 7.0231097412e+02 7.0237402344e+02 7.0240997314e+02 7.0242602539e+02 7.0246398926e+02 7.0250500488e+02 7.0253497314e+02 7.0258300781e+02 7.0263299561e+02 7.0267700195e+02 7.0271600342e+02 7.0276202393e+02 7.0278802490e+02 7.0283502197e+02 7.0289697266e+02 7.0294500732e+02 7.0299798584e+02 7.0301300049e+02 7.0305401611e+02 7.0310101318e+02 7.0314801025e+02 7.0319396973e+02 7.0320599365e+02 7.0324401855e+02 7.0330499268e+02 7.0333300781e+02 7.0336297607e+02 7.0341601563e+02 7.0345800781e+02 7.0350000000e+02 7.0354901123e+02 7.0360601807e+02 7.0363201904e+02 7.0367401123e+02 7.0373797607e+02 7.0378100586e+02 7.0383599854e+02 7.0390502930e+02 7.0398199463e+02 7.0403601074e+02
7.0206799316e+02 7.0209899902e+02 7.0212097168e+02 7.0214697266e+02 7.0220098877e+02 7.0224200439e+02 7.0226800537e+02 7.0234399414e+02 7.0237597656e+02 7.0240301514e+02 7.0241302490e+02 7.0246099854e+02 7.0250402832e+02 7.0254602051e+02 7.0256701660e+02 7.0262500000e+02 7.0266699219e+02 7.0271301270e+02 7.0275000000e+02 7.0280102539e+02 7.0284600830e+02 7.0288500977e+02 7.0293597412e+02 7.0295300293e+02 7.0300799561e+02 7.0304699707e+02 7.0307800293e+02 7.0313201904e+02 7.0315002441e+02 7.0318597412e+02 7.0324798584e+02 7.0327197266e+02 7.0331097412e+02 7.0335900879e+02 7.0339898682e+02 7.0343597412e+02 7.0347698975e+02 7.0352600098e+02 7.0353002930e+02 7.0358099365e+02 7.0364697266e+02 7.0369396973e+02 7.0375201416e+02 7.0380401611e+02 7.0385699463e+02 7.0391699219e+02
7.0204998779e+02 7.0208599854e+02 7.0210900879e+02 7.0212902832e+02 7.0216900635e+02 7.0221997070e+02 7.0223699951e+02 7.0229901123e+02 7.0233099365e+02 7.0235699463e+02 7.0240002441e+02 7.0243701172e+02 7.0245501709e+02 7.0250402832e+02 7.0255603027e+02 7.0258697510e+02 7.0261297607e+02 7.0265301514e+02 7.0269598389e+02 7.0274597168e+02 7.0279302979e+02 7.0284399414e+02 7.0289001465e+02 7.0290399170e+02 7.0295098877e+02 7.0299798584e+02 7.0304498291e+02 7.0308801270e+02 7.0311102295e+02 7.0314801025e+02 7.0320001221e+02 7.0323602295e+02 7.0326501465e+02 7.0330902100e+02 7.0333697510e+02 7.0336999512e+02 7.0341497803e+02 7.0346600342e+02 7.0347497559e+02 7.0350897217e+02 7.0357800293e+02 7.0362902832e+02 7.0366400146e+02 7.0371600342e+02 7.0377801514e+02 7.0384399414e+02
7.0203198242e+02 7.0207397461e+02 7.0210302734e+02 7.0212200928e+02 7.0215802002e+02 7.0219500732e+02 7.0221600342e+02 7.0227398682e+02 7.0230297852e+02 7.0232397461e+02 7.0236999512e+02 7.0240197754e+02 7.0241101074e+02 7.0246398926e+02 7.0252001953e+02 7.0254602051e+02 7.0257702637e+02 7.0262097168e+02 7.0265698242e+02 7.0270397949e+02 7.0274902344e+02 7.0279602051e+02 7.0284497070e+02 7.0287701416e+02 7.0291400146e+02 7.0295599365e+02 7.0300000000e+02 7.0303497314e+02 7.0306097412e+02 7.0310101318e+02 7.0314099121e+02 7.0318298340e+02 7.0321398926e+02 7.0326000977e+02 7.0329797363e+02 7.0332501221e+02 7.0336401367e+02 7.0340802002e+02 7.0340899658e+02 7.0343402100e+02 7.0350000000e+02 7.0355902100e+02 7.0358801270e+02 7.0364398193e+02 7.0370599365e+02 7.0375701904e+02
7.0201501465e+02 7.0205297852e+02 7.0209197998e+02 7.0211401367e+02 7.0215502930e+02 7.0218402100e+02 7.0219897461e+02 7.0225000000e+02 7.0227899170e+02 7.0229400635e+02 7.0233001709e+02 7.0237097168e+02 7.0238897705e+02 7.0243798828e+02 7.0248602295e+02 7.0251898193e+02 7.0255700684e+02 7.0260302734e+02 7.0262298584e+02 7.0266699219e+02 7.0270800781e+02 7.0274700928e+02 7.0279400635e+02 7.0283801270e+02 7.0287500000e+02 7.0290997314e+02 7.0294396973e+02 7.0298999023e+02 7.0301898193e+02 7.0305798340e+02 7.0309197998e+02 7.0313299561e+02 7.0316699219e+02 7.0321002197e+02 7.0325299072e+02 7.0327502441e+02 7.0331097412e+02 7.0335198975e+02 7.0335400391e+02 7.0337701416e+02 7.0343499756e+02 7.0350097656e+02 7.0353900146e+02 7.0358502197e+02 7.0364501953e+02 7.0367999268e+02
