TESTSERVER/17/3.asc
NCOLS 100
NROWS 100
XLLCORNER 8.3497500000e+03
YLLCORNER 2.8980025000e+05
CELLSIZE 5.0000000000e-01
NODATA_VALUE -9.9990000000e+03
[rows 60 to 79 of 100, columns 0 to 45 of 100]
6.9994598389e+02 7.0000598145e+02 7.0006701660e+02 7.0013397217e+02 7.0020800781e+02 7.0026800537e+02 7.0033099365e+02 7.0039099121e+02 7.0044897461e+02 7.0051501465e+02 7.0058099365e+02 7.0064398193e+02 7.0071697998e+02 7.0077697754e+02 7.0084497070e+02 7.0090002441e+02 7.0097100830e+02 7.0103198242e+02 7.0108398438e+02 7.0115197754e+02 7.0123901367e+02 7.0130902100e+02 7.0139001465e+02 7.0146099854e+02 7.0152502441e+02 7.0158898926e+02 7.0165399170e+02 7.0171600342e+02 7.0176202393e+02 7.0182000732e+02 7.0188098145e+02 7.0192602539e+02 7.0195300293e+02 7.0197302246e+02 7.0197198486e+02 7.0199102783e+02 7.0201702881e+02 7.0204101563e+02 7.0207098389e+02 7.0208599854e+02 7.0210198975e+02 7.0212097168e+02 7.0211700439e+02 7.0213397217e+02 7.0215502930e+02 7.0217602539e+02
6.9992999268e+02 6.9999499512e+02 7.0005297852e+02 7.0010797119e+02 7.0017498779e+02 7.0023699951e+02 7.0029699707e+02 7.0034698486e+02 7.0041699219e+02 7.0048602295e+02 7.0055401611e+02 7.0062200928e+02 7.0069201660e+02 7.0075500488e+02 7.0082897949e+02 7.0088702393e+02 7.0094396973e+02 7.0100402832e+02 7.0106500244e+02 7.0112902832e+02 7.0120098877e+02 7.0127600098e+02 7.0134600830e+02 7.0140997314e+02 7.0148400879e+02 7.0155499268e+02 7.0161401367e+02 7.0166900635e+02 7.0173699951e+02 7.0179400635e+02 7.0185900879e+02 7.0190600586e+02 7.0194299316e+02 7.0196899414e+02 7.0198400879e+02 7.0201397705e+02 7.0203100586e+02 7.0205200195e+02 7.0206701660e+02 7.0207702637e+02 7.0209399414e+02 7.0211602783e+02 7.0212597656e+02 7.0214697266e+02 7.0215100098e+02 7.0217102051e+02
6.9991998291e+02 6.9998101807e+02 7.0002502441e+02 7.0008001709e+02 7.0014599609e+02 7.0020300293e+02 7.0026098633e+02 7.0031500244e+02 7.0039099121e+02 7.0045898438e+02 7.0052697754e+02 7.0059497070e+02 7.0066802979e+02 7.0073199463e+02 7.0080700684e+02 7.0087298584e+02 7.0092797852e+02 7.0098400879e+02 7.0104998779e+02 7.0111199951e+02 7.0116802979e+02 7.0123901367e+02 7.0131402588e+02 7.0138201904e+02 7.0145697021e+02 7.0152502441e+02 7.0158099365e+02 7.0163397217e+02 7.0171197510e+02 7.0176800537e+02 7.0182702637e+02 7.0187701416e+02 7.0192199707e+02 7.0195098877e+02 7.0197900391e+02 7.0200000000e+02 7.0202001953e+02 7.0204101563e+02 7.0205798340e+02 7.0207501221e+02 7.0209698486e+02 7.0211401367e+02 7.0212799072e+02 7.0214898682e+02 7.0214697266e+02 7.0217297363e+02
6.9988500977e+02 6.9995397949e+02 6.9999401855e+02 7.0005401611e+02 7.0012097168e+02 7.0017797852e+02 7.0023297119e+02 7.0029699707e+02 7.0036602783e+02 7.0043200684e+02 7.0050000000e+02 7.0056799316e+02 7.0064099121e+02 7.0070397949e+02 7.0077697754e+02 7.0084497070e+02 7.0090899658e+02 7.0096697998e+02 7.0103497314e+02 7.0109899902e+02 7.0115197754e+02 7.0121002197e+02 7.0128100586e+02 7.0134600830e+02 7.0141900635e+02 7.0148797607e+02 7.0154901123e+02 7.0159899902e+02 7.0166998291e+02 7.0172802734e+02 7.0179302979e+02 7.0184600830e+02 7.0188702393e+02 7.0193200684e+02 7.0197100830e+02 7.0198400879e+02 7.0201202393e+02 7.0203002930e+02 7.0205401611e+02 7.0207397461e+02 7.0209600830e+02 7.0211199951e+02 7.0212597656e+02 7.0215002441e+02 7.0215100098e+02 7.0216601563e+02
6.9984600830e+02 6.9990698242e+02 6.9996899414e+02 7.0003698730e+02 7.0009600830e+02 7.0015502930e+02 7.0020800781e+02 7.0027801514e+02 7.0034100342e+02 7.0040399170e+02 7.0047198486e+02 7.0053997803e+02 7.0061401367e+02 7.0067999268e+02 7.0074798584e+02 7.0081201172e+02 7.0087200928e+02 7.0094598389e+02 7.0101702881e+02 7.0108300781e+02 7.0113897705e+02 7.0118798828e+02 7.0124401855e+02 7.0131402588e+02 7.0139697266e+02 7.0146398926e+02 7.0151202393e+02 7.0156500244e+02 7.0164202881e+02 7.0170397949e+02 7.0175799561e+02 7.0180798340e+02 7.0185302734e+02 7.0189697266e+02 7.0194897461e+02 7.0196600342e+02 7.0200000000e+02 7.0201702881e+02 7.0202600098e+02 7.0205603027e+02 7.0209698486e+02 7.0211999512e+02 7.0212799072e+02 7.0213897705e+02 7.0214697266e+02 7.0217199707e+02
6.9981597900e+02 6.9987200928e+02 6.9993103027e+02 6.9999597168e+02 7.0006500244e+02 7.0011901855e+02 7.0017199707e+02 7.0024902344e+02 7.0032202148e+02 7.0037500000e+02 7.0043597412e+02 7.0050402832e+02 7.0058300781e+02 7.0064599609e+02 7.0071899414e+02 7.0078802490e+02 7.0084997559e+02 7.0092797852e+02 7.0099700928e+02 7.0105499268e+02 7.0111297607e+02 7.0117602539e+02 7.0123400879e+02 7.0129901123e+02 7.0136401367e+02 7.0143597412e+02 7.0148199463e+02 7.0154302979e+02 7.0160400391e+02 7.0166601563e+02 7.0172399902e+02 7.0176501465e+02 7.0181097412e+02 7.0184899902e+02 7.0189697266e+02 7.0192901611e+02 7.0197100830e+02 7.0201202393e+02 7.0202899170e+02 7.0204602051e+02 7.0207000732e+02 7.0209600830e+02 7.0211798096e+02 7.0214001465e+02 7.0215997314e+02 7.0217700195e+02
6.9978399658e+02 6.9983801270e+02 6.9989898682e+02 6.9996697998e+02 7.0003198242e+02 7.0008599854e+02 7.0014001465e+02 7.0021502686e+02 7.0028900146e+02 7.0034698486e+02 7.0040997314e+02 7.0047601318e+02 7.0056097412e+02 7.0062597656e+02 7.0069396973e+02 7.0075701904e+02 7.0082397461e+02 7.0089697266e+02 7.0095501709e+02 7.0101397705e+02 7.0108197021e+02 7.0114898682e+02 7.0121502686e+02 7.0128497314e+02 7.0134802246e+02 7.0140899658e+02 7.0146002197e+02 7.0152301025e+02 7.0157299805e+02 7.0162402344e+02 7.0168701172e+02 7.0173699951e+02 7.0177801514e+02 7.0181402588e+02 7.0185601807e+02 7.0188897705e+02 7.0193798828e+02 7.0197698975e+02 7.0200799561e+02 7.0203002930e+02 7.0204901123e+02 7.0207897949e+02 7.0210198975e+02 7.0213299561e+02 7.0215002441e+02 7.0216198730e+02
6.9975299072e+02 6.9980700684e+02 6.9986999512e+02 6.9993902588e+02 6.9999401855e+02 7.0005999756e+02 7.0012097168e+02 7.0018402100e+02 7.0024700928e+02 7.0031298828e+02 7.0038500977e+02 7.0045599365e+02 7.0053497314e+02 7.0060101318e+02 7.0066998291e+02 7.0073101807e+02 7.0079797363e+02 7.0086102295e+02 7.0092199707e+02 7.0099200439e+02 7.0106500244e+02 7.0112799072e+02 7.0119201660e+02 7.0126300049e+02 7.0133099365e+02 7.0138201904e+02 7.0143798828e+02 7.0150000000e+02 7.0154699707e+02 7.0159899902e+02 7.0166101074e+02 7.0171002197e+02 7.0174902344e+02 7.0178698730e+02 7.0182897949e+02 7.0185797119e+02 7.0190600586e+02 7.0194000244e+02 7.0197302246e+02 7.0200402832e+02 7.0203802490e+02 7.0206799316e+02 7.0208898926e+02 7.0212097168e+02 7.0213598633e+02 7.0216302490e+02
6.9973199463e+02 6.9978997803e+02 6.9984698486e+02 6.9991101074e+02 6.9996502686e+02 7.0003399658e+02 7.0010101318e+02 7.0016302490e+02 7.0022399902e+02 7.0028997803e+02 7.0035900879e+02 7.0042999268e+02 7.0050299072e+02 7.0057598877e+02 7.0064099121e+02 7.0070599365e+02 7.0078399658e+02 7.0083898926e+02 7.0090197754e+02 7.0096997070e+02 7.0103698730e+02 7.0111199951e+02 7.0117602539e+02 7.0125000000e+02 7.0131402588e+02 7.0135797119e+02 7.0140802002e+02 7.0147100830e+02 7.0152099609e+02 7.0157397461e+02 7.0163800049e+02 7.0168499756e+02 7.0172601318e+02 7.0175701904e+02 7.0180499268e+02 7.0185400391e+02 7.0189501953e+02 7.0191802979e+02 7.0194299316e+02 7.0197802734e+02 7.0201397705e+02 7.0204998779e+02 7.0207702637e+02 7.0211297607e+02 7.0213201904e+02 7.0216400146e+02
6.9971002197e+02 6.9976702881e+02 6.9981597900e+02 6.9987902832e+02 6.9994097900e+02 7.0001098633e+02 7.0007598877e+02 7.0013897705e+02 7.0019799805e+02 7.0026501465e+02 7.0033300781e+02 7.0040197754e+02 7.0047302246e+02 7.0054498291e+02 7.0061798096e+02 7.0069000244e+02 7.0076202393e+02 7.0081402588e+02 7.0087597656e+02 7.0094201660e+02 7.0101702881e+02 7.0109399414e+02 7.0116101074e+02 7.0123400879e+02 7.0129101563e+02 7.0134802246e+02 7.0139898682e+02 7.0145501709e+02 7.0150097656e+02 7.0154901123e+02 7.0160400391e+02 7.0165301514e+02 7.0169396973e+02 7.0173999023e+02 7.0178198242e+02 7.0181701660e+02 7.0186199951e+02 7.0190399170e+02 7.0192797852e+02 7.0195098877e+02 7.0199200439e+02 7.0203802490e+02 7.0205401611e+02 7.0208300781e+02 7.0210101318e+02 7.0213500977e+02
6.9965899658e+02 6.9971801758e+02 6.9977899170e+02 6.9984802246e+02 6.9991497803e+02 6.9998498535e+02 7.0004998779e+02 7.0011798096e+02 7.0017401123e+02 7.0023699951e+02 7.0030603027e+02 7.0037500000e+02 7.0044299316e+02 7.0051300049e+02 7.0058801270e+02 7.0066400146e+02 7.0073498535e+02 7.0078802490e+02 7.0085302734e+02 7.0092102051e+02 7.0100000000e+02 7.0107098389e+02 7.0113299561e+02 7.0119500732e+02 7.0125500488e+02 7.0132397461e+02 7.0138299561e+02 7.0144201660e+02 7.0148901367e+02 7.0154400635e+02 7.0158898926e+02 7.0163098145e+02 7.0167297363e+02 7.0172998047e+02 7.0176800537e+02 7.0179699707e+02 7.0184399414e+02 7.0188800049e+02 7.0191699219e+02 7.0193902588e+02 7.0198101807e+02 7.0202001953e+02 7.0203302002e+02 7.0206298828e+02 7.0208398438e+02 7.0210998535e+02
6.9959802246e+02 6.9966998291e+02 6.9974499512e+02 6.9981799316e+02 6.9987902832e+02 6.9994702148e+02 7.0002099609e+02 7.0009301758e+02 7.0014599609e+02 7.0021002197e+02 7.0027801514e+02 7.0034698486e+02 7.0041400146e+02 7.0048400879e+02 7.0055700684e+02 7.0062597656e+02 7.0070300293e+02 7.0076202393e+02 7.0082897949e+02 7.0089898682e+02 7.0097900391e+02 7.0104998779e+02 7.0110699463e+02 7.0116497803e+02 7.0122998047e+02 7.0128900146e+02 7.0134399414e+02 7.0140698242e+02 7.0147399902e+02 7.0153198242e+02 7.0157598877e+02 7.0161602783e+02 7.0166497803e+02 7.0172399902e+02 7.0175701904e+02 7.0178802490e+02 7.0183398438e+02 7.0187097168e+02 7.0190600586e+02 7.0193200684e+02 7.0197198486e+02 7.0200799561e+02 7.0201898193e+02 7.0204498291e+02 7.0206500244e+02 7.0209399414e+02
6.9953698730e+02 6.9961499023e+02 6.9969702148e+02 6.9978302002e+02 6.9984399414e+02 6.9990698242e+02 6.9998797607e+02 7.0005700684e+02 7.0011297607e+02 7.0018298340e+02 7.0025598145e+02 7.0032098389e+02 7.0038098145e+02 7.0045098877e+02 7.0052398682e+02 7.0058898926e+02 7.0066101074e+02 7.0073297119e+02 7.0079901123e+02 7.0086297607e+02 7.0093798828e+02 7.0101202393e+02 7.0107702637e+02 7.0114099121e+02 7.0120697021e+02 7.0126800537e+02 7.0132702637e+02 7.0138098145e+02 7.0144598389e+02 7.0150097656e+02 7.0155798340e+02 7.0160101318e+02 7.0164697266e+02 7.0170098877e+02 7.0174200439e+02 7.0177398682e+02 7.0181701660e+02 7.0185498047e+02 7.0189599609e+02 7.0192602539e+02 7.0196002197e+02 7.0200701904e+02 7.0201898193e+02 7.0203198242e+02 7.0205200195e+02 7.0207800293e+02
6.9947100830e+02 6.9954199219e+02 6.9963098145e+02 6.9972399902e+02 6.9979998779e+02 6.9987298584e+02 6.9994897461e+02 7.0002301025e+02 7.0009399414e+02 7.0015997314e+02 7.0022497559e+02 7.0028302002e+02 7.0036102295e+02 7.0044201660e+02 7.0050402832e+02 7.0055999756e+02 7.0062597656e+02 7.0070300293e+02 7.0077197266e+02 7.0083599854e+02 7.0090899658e+02 7.0097698975e+02 7.0104400635e+02 7.0111499023e+02 7.0117999268e+02 7.0122900391e+02 7.0129199219e+02 7.0135601807e+02 7.0142602539e+02 7.0148297119e+02 7.0154101563e+02 7.0159301758e+02 7.0164099121e+02 7.0168701172e+02 7.0172998047e+02 7.0176599121e+02 7.0181298828e+02 7.0184899902e+02 7.0187799072e+02 7.0190698242e+02 7.0194799805e+02 7.0198498535e+02 7.0200402832e+02 7.0202001953e+02 7.0204199219e+02 7.0206201172e+02
6.9937701416e+02 6.9945397949e+02 6.9956597900e+02 6.9966198730e+02 6.9975598145e+02 6.9984399414e+02 6.9991101074e+02 6.9998797607e+02 7.0006799316e+02 7.0012402344e+02 7.0019097900e+02 7.0025701904e+02 7.0034002686e+02 7.0041601563e+02 7.0047698975e+02 7.0054101563e+02 7.0060302734e+02 7.0067401123e+02 7.0073400879e+02 7.0079998779e+02 7.0087597656e+02 7.0093902588e+02 7.0101098633e+02 7.0108099365e+02 7.0114801025e+02 7.0120300293e+02 7.0127197266e+02 7.0133099365e+02 7.0139398193e+02 7.0146301270e+02 7.0152301025e+02 7.0157299805e+02 7.0161999512e+02 7.0167102051e+02 7.0171099854e+02 7.0174597168e+02 7.0179699707e+02 7.0184002686e+02 7.0186798096e+02 7.0189501953e+02 7.0193402100e+02 7.0195898438e+02 7.0198297119e+02 7.0200097656e+02 7.0202197266e+02 7.0204699707e+02
6.9925299072e+02 6.9934600830e+02 6.9947302246e+02 6.9957501221e+02 6.9967297363e+02 6.9977801514e+02 6.9985498047e+02 6.9993902588e+02 7.0002398682e+02 7.0008502197e+02 7.0016198730e+02 7.0023400879e+02 7.0031597900e+02 7.0037597656e+02 7.0044299316e+02 7.0052001953e+02 7.0058197021e+02 7.0065002441e+02 7.0070898438e+02 7.0077697754e+02 7.0085101318e+02 7.0090997314e+02 7.0097802734e+02 7.0104400635e+02 7.0111901855e+02 7.0117797852e+02 7.0124902344e+02 7.0131597900e+02 7.0137597656e+02 7.0144799805e+02 7.0150897217e+02 7.0156097412e+02 7.0159698486e+02 7.0164801025e+02 7.0170001221e+02 7.0173602295e+02 7.0177502441e+02 7.0181896973e+02 7.0184802246e+02 7.0188098145e+02 7.0192297363e+02 7.0194897461e+02 7.0197399902e+02 7.0199499512e+02 7.0201202393e+02 7.0204101563e+02
6.9913897705e+02 6.9923498535e+02 6.9935101318e+02 6.9946997070e+02 6.9958197021e+02 6.9968103027e+02 6.9978100586e+02 6.9987799072e+02 6.9996502686e+02 7.0003601074e+02 7.0012097168e+02 7.0020501709e+02 7.0029101563e+02 7.0034698486e+02 7.0041998291e+02 7.0049597168e+02 7.0055401611e+02 7.0062500000e+02 7.0069299316e+02 7.0076098633e+02 7.0081701660e+02 7.0088201904e+02 7.0095300293e+02 7.0101800537e+02 7.0108502197e+02 7.0114501953e+02 7.0121600342e+02 7.0130200195e+02 7.0137200928e+02 7.0141900635e+02 7.0148199463e+02 7.0154602051e+02 7.0158300781e+02 7.0162500000e+02 7.0168402100e+02 7.0172399902e+02 7.0175701904e+02 7.0179901123e+02 7.0183001709e+02 7.0186999512e+02 7.0192297363e+02 7.0194598389e+02 7.0197601318e+02 7.0200097656e+02 7.0200201416e+02 7.0203601074e+02
6.9905603027e+02 6.9913702393e+02 6.9922601318e+02 6.9933502197e+02 6.9946197510e+02 6.9957098389e+02 6.9968402100e+02 6.9980102539e+02 6.9989398193e+02 6.9998797607e+02 7.0008398438e+02 7.0018200684e+02 7.0027398682e+02 7.0034802246e+02 7.0041497803e+02 7.0047100830e+02 7.0052600098e+02 7.0060101318e+02 7.0066998291e+02 7.0073797607e+02 7.0080297852e+02 7.0086199951e+02 7.0092700195e+02 7.0099597168e+02 7.0107000732e+02 7.0112597656e+02 7.0118701172e+02 7.0126898193e+02 7.0134497070e+02 7.0140301514e+02 7.0147100830e+02 7.0153302002e+02 7.0158197021e+02 7.0163201904e+02 7.0168103027e+02 7.0172198486e+02 7.0175402832e+02 7.0178802490e+02 7.0182098389e+02 7.0186602783e+02 7.0190899658e+02 7.0192901611e+02 7.0195800781e+02 7.0198699951e+02 7.0199102783e+02 7.0202001953e+02
6.9897802734e+02 6.9905401611e+02 6.9913299561e+02 6.9922698975e+02 6.9933898926e+02 6.9944097900e+02 6.9956097412e+02 6.9969897461e+02 6.9981298828e+02 6.9992297363e+02 7.0003302002e+02 7.0013800049e+02 7.0023297119e+02 7.0031896973e+02 7.0039599609e+02 7.0045300293e+02 7.0050500488e+02 7.0057702637e+02 7.0064501953e+02 7.0071398926e+02 7.0078302002e+02 7.0083398438e+02 7.0089801025e+02 7.0096997070e+02 7.0104101563e+02 7.0109899902e+02 7.0116699219e+02 7.0124200439e+02 7.0131500244e+02 7.0138098145e+02 7.0145501709e+02 7.0152398682e+02 7.0157397461e+02 7.0162402344e+02 7.0167297363e+02 7.0171600342e+02 7.0174200439e+02 7.0177398682e+02 7.0181298828e+02 7.0186297607e+02 7.0190399170e+02 7.0191699219e+02 7.0193701172e+02 7.0196502686e+02 7.0198101807e+02 7.0200500488e+02
6.9889801025e+02 6.9897198486e+02 6.9905603027e+02 6.9914599609e+02 6.9923498535e+02 6.9933801270e+02 6.9945599365e+02 6.9959197998e+02 6.9972399902e+02 6.9984600830e+02 6.9997399902e+02 7.0008599854e+02 7.0018200684e+02 7.0027099609e+02 7.0035797119e+02 7.0042999268e+02 7.0048699951e+02 7.0055297852e+02 7.0062097168e+02 7.0068902588e+02 7.0075598145e+02 7.0080798340e+02 7.0087402344e+02 7.0094000244e+02 7.0100598145e+02 7.0108001709e+02 7.0115399170e+02 7.0121899414e+02 7.0128497314e+02 7.0134600830e+02 7.0142401123e+02 7.0150201416e+02 7.0155401611e+02 7.0160498047e+02 7.0165997314e+02 7.0170001221e+02 7.0172399902e+02 7.0175799561e+02 7.0179901123e+02 7.0183898926e+02 7.0188397217e+02 7.0190698242e+02 7.0192498779e+02 7.0195001221e+02 7.0198297119e+02 7.0200598145e+02
