TESTSERVER/17/4.asc
NCOLS 100
NROWS 100
XLLCORNER 8.3497500000e+03
YLLCORNER 2.8975025000e+05
CELLSIZE 5.0000000000e-01
NODATA_VALUE -9.9990000000e+03
[rows 20 to 39 of 100, columns 0 to 45 of 100]
6.9316400146e+02 6.9330200195e+02 6.9346002197e+02 6.9361297607e+02 6.9376397705e+02 6.9394799805e+02 6.9409197998e+02 6.9421997070e+02 6.9436199951e+02 6.9449401855e+02 6.9467297363e+02 6.9483099365e+02 6.9497802734e+02 6.9514202881e+02 6.9528100586e+02 6.9542797852e+02 6.9558801270e+02 6.9575897217e+02 6.9592297363e+02 6.9608300781e+02 6.9622998047e+02 6.9638702393e+02 6.9653198242e+02 6.9665997314e+02 6.9681298828e+02 6.9695599365e+02 6.9709197998e+02 6.9722198486e+02 6.9735498047e+02 6.9747998047e+02 6.9760699463e+02 6.9775097656e+02 6.9788201904e+02 6.9799700928e+02 6.9810998535e+02 6.9822302246e+02 6.9833099365e+02 6.9843298340e+02 6.9856701660e+02 6.9871099854e+02 6.9882598877e+02 6.9894799805e+02 6.9907202148e+02 6.9918200684e+02 6.9927398682e+02 6.9936102295e+02
6.9303802490e+02 6.9317797852e+02 6.9333502197e+02 6.9347900391e+02 6.9362799072e+02 6.9378497314e+02 6.9394201660e+02 6.9409698486e+02 6.9423101807e+02 6.9436901855e+02 6.9453302002e+02 6.9466900635e+02 6.9484698486e+02 6.9500097656e+02 6.9515301514e+02 6.9530603027e+02 6.9547601318e+02 6.9562597656e+02 6.9578802490e+02 6.9595202637e+02 6.9610101318e+02 6.9626202393e+02 6.9641802979e+02 6.9654199219e+02 6.9668103027e+02 6.9682702637e+02 6.9695697021e+02 6.9709600830e+02 6.9725500488e+02 6.9738201904e+02 6.9749902344e+02 6.9762799072e+02 6.9774499512e+02 6.9785900879e+02 6.9798400879e+02 6.9811602783e+02 6.9821502686e+02 6.9833898926e+02 6.9846899414e+02 6.9859997559e+02 6.9871801758e+02 6.9883898926e+02 6.9896697998e+02 6.9908502197e+02 6.9917700195e+02 6.9927197266e+02
6.9290301514e+02 6.9304101563e+02 6.9320300293e+02 6.9335101318e+02 6.9350598145e+02 6.9365600586e+02 6.9380700684e+02 6.9396197510e+02 6.9409600830e+02 6.9426702881e+02 6.9441198730e+02 6.9453900146e+02 6.9471301270e+02 6.9486901855e+02 6.9504602051e+02 6.9521099854e+02 6.9536999512e+02 6.9551098633e+02 6.9566198730e+02 6.9581500244e+02 6.9597302246e+02 6.9612298584e+02 6.9628100586e+02 6.9642102051e+02 6.9657598877e+02 6.9671697998e+02 6.9684497070e+02 6.9698699951e+02 6.9714202881e+02 6.9725897217e+02 6.9737701416e+02 6.9751702881e+02 6.9764501953e+02 6.9774200439e+02 6.9785998535e+02 6.9800000000e+02 6.9811102295e+02 6.9824298096e+02 6.9836901855e+02 6.9848199463e+02 6.9859301758e+02 6.9871801758e+02 6.9886102295e+02 6.9898400879e+02 6.9908300781e+02 6.9919396973e+02
6.9277899170e+02 6.9290100098e+02 6.9307897949e+02 6.9324499512e+02 6.9339501953e+02 6.9353100586e+02 6.9366802979e+02 6.9381402588e+02 6.9395599365e+02 6.9413598633e+02 6.9427697754e+02 6.9442602539e+02 6.9459100342e+02 6.9474798584e+02 6.9491900635e+02 6.9508502197e+02 6.9524200439e+02 6.9540197754e+02 6.9554797363e+02 6.9568798828e+02 6.9585699463e+02 6.9600000000e+02 6.9615197754e+02 6.9629998779e+02 6.9645898438e+02 6.9658099365e+02 6.9673498535e+02 6.9689001465e+02 6.9703002930e+02 6.9715502930e+02 6.9727301025e+02 6.9740997314e+02 6.9753497314e+02 6.9763397217e+02 6.9774902344e+02 6.9787298584e+02 6.9800299072e+02 6.9812500000e+02 6.9825598145e+02 6.9836602783e+02 6.9848602295e+02 6.9861700439e+02 6.9875598145e+02 6.9887597656e+02 6.9898602295e+02 6.9910400391e+02
6.9267602539e+02 6.9278497314e+02 6.9294799805e+02 6.9310797119e+02 6.9324798584e+02 6.9339398193e+02 6.9354302979e+02 6.9368798828e+02 6.9383001709e+02 6.9398602295e+02 6.9414398193e+02 6.9430102539e+02 6.9443298340e+02 6.9463299561e+02 6.9481097412e+02 6.9496502686e+02 6.9511798096e+02 6.9527600098e+02 6.9543402100e+02 6.9558001709e+02 6.9573901367e+02 6.9586499023e+02 6.9603698730e+02 6.9619299316e+02 6.9632098389e+02 6.9646502686e+02 6.9662701416e+02 6.9676599121e+02 6.9690600586e+02 6.9705798340e+02 6.9717797852e+02 6.9730700684e+02 6.9742297363e+02 6.9753802490e+02 6.9765197754e+02 6.9776397705e+02 6.9789202881e+02 6.9799401855e+02 6.9813000488e+02 6.9825097656e+02 6.9839898682e+02 6.9851898193e+02 6.9864001465e+02 6.9875299072e+02 6.9885797119e+02 6.9899700928e+02
6.9253698730e+02 6.9267102051e+02 6.9281701660e+02 6.9297198486e+02 6.9313000488e+02 6.9327697754e+02 6.9340899658e+02 6.9354998779e+02 6.9371697998e+02 6.9386700439e+02 6.9403997803e+02 6.9417901611e+02 6.9430700684e+02 6.9448297119e+02 6.9466601563e+02 6.9481500244e+02 6.9498797607e+02 6.9514599609e+02 6.9530700684e+02 6.9545697021e+02 6.9561499023e+02 6.9575299072e+02 6.9592602539e+02 6.9607299805e+02 6.9621899414e+02 6.9636199951e+02 6.9651800537e+02 6.9665399170e+02 6.9678002930e+02 6.9691497803e+02 6.9704699707e+02 6.9719000244e+02 6.9731597900e+02 6.9744500732e+02 6.9755798340e+02 6.9766400146e+02 6.9778100586e+02 6.9789202881e+02 6.9801898193e+02 6.9811798096e+02 6.9825500488e+02 6.9838702393e+02 6.9850799561e+02 6.9864099121e+02 6.9875402832e+02 6.9887500000e+02
6.9241198730e+02 6.9255603027e+02 6.9269702148e+02 6.9284698486e+02 6.9299597168e+02 6.9314697266e+02 6.9328399658e+02 6.9343499756e+02 6.9360498047e+02 6.9374499512e+02 6.9390802002e+02 6.9406402588e+02 6.9421502686e+02 6.9436700439e+02 6.9453497314e+02 6.9468103027e+02 6.9486798096e+02 6.9502301025e+02 6.9518402100e+02 6.9533300781e+02 6.9547900391e+02 6.9563000488e+02 6.9579699707e+02 6.9593701172e+02 6.9609399414e+02 6.9623999023e+02 6.9640002441e+02 6.9654998779e+02 6.9667199707e+02 6.9680401611e+02 6.9694396973e+02 6.9708898926e+02 6.9721502686e+02 6.9733502197e+02 6.9746099854e+02 6.9756597900e+02 6.9765802002e+02 6.9778198242e+02 6.9790002441e+02 6.9800701904e+02 6.9812701416e+02 6.9825097656e+02 6.9836999512e+02 6.9851300049e+02 6.9863397217e+02 6.9875201416e+02
6.9228802490e+02 6.9241900635e+02 6.9255700684e+02 6.9271502686e+02 6.9287500000e+02 6.9302600098e+02 6.9316497803e+02 6.9330902100e+02 6.9348101807e+02 6.9361798096e+02 6.9377697754e+02 6.9394201660e+02 6.9409899902e+02 6.9424798584e+02 6.9440802002e+02 6.9454797363e+02 6.9473498535e+02 6.9488598633e+02 6.9506597900e+02 6.9522802734e+02 6.9535302734e+02 6.9550799561e+02 6.9568798828e+02 6.9583001709e+02 6.9596697998e+02 6.9611401367e+02 6.9628002930e+02 6.9643902588e+02 6.9656799316e+02 6.9670599365e+02 6.9683697510e+02 6.9696801758e+02 6.9709100342e+02 6.9720800781e+02 6.9734002686e+02 6.9745202637e+02 6.9755200195e+02 6.9765399170e+02 6.9777301025e+02 6.9790399170e+02 6.9799902344e+02 6.9811901855e+02 6.9824200439e+02 6.9838500977e+02 6.9851000977e+02 6.9863800049e+02
6.9216302490e+02 6.9230200195e+02 6.9244201660e+02 6.9259698486e+02 6.9274798584e+02 6.9289801025e+02 6.9303698730e+02 6.9316699219e+02 6.9335198975e+02 6.9349902344e+02 6.9366497803e+02 6.9382202148e+02 6.9399798584e+02 6.9414599609e+02 6.9430200195e+02 6.9445599365e+02 6.9460797119e+02 6.9473901367e+02 6.9491900635e+02 6.9509301758e+02 6.9522802734e+02 6.9537500000e+02 6.9555700684e+02 6.9572601318e+02 6.9586199951e+02 6.9600097656e+02 6.9615802002e+02 6.9630499268e+02 6.9644500732e+02 6.9659997559e+02 6.9671997070e+02 6.9684197998e+02 6.9698400879e+02 6.9708502197e+02 6.9721600342e+02 6.9734600830e+02 6.9747497559e+02 6.9754797363e+02 6.9764898682e+02 6.9777398682e+02 6.9788098145e+02 6.9800097656e+02 6.9811901855e+02 6.9825097656e+02 6.9837500000e+02 6.9849102783e+02
6.9204498291e+02 6.9219598389e+02 6.9234197998e+02 6.9248999023e+02 6.9262597656e+02 6.9277398682e+02 6.9292102051e+02 6.9306402588e+02 6.9323400879e+02 6.9337902832e+02 6.9354797363e+02 6.9369598389e+02 6.9386499023e+02 6.9401702881e+02 6.9417401123e+02 6.9434301758e+02 6.9449499512e+02 6.9464300537e+02 6.9480297852e+02 6.9495697021e+02 6.9511199951e+02 6.9526800537e+02 6.9542498779e+02 6.9558398438e+02 6.9572900391e+02 6.9587402344e+02 6.9602801514e+02 6.9616802979e+02 6.9631500244e+02 6.9646801758e+02 6.9659399414e+02 6.9672802734e+02 6.9686700439e+02 6.9696502686e+02 6.9710101318e+02 6.9723400879e+02 6.9734997559e+02 6.9745001221e+02 6.9755902100e+02 6.9765301514e+02 6.9776702881e+02 6.9788098145e+02 6.9799499512e+02 6.9811199951e+02 6.9822802734e+02 6.9835198975e+02
6.9191400146e+02 6.9207598877e+02 6.9222998047e+02 6.9236901855e+02 6.9250000000e+02 6.9264898682e+02 6.9279699707e+02 6.9296502686e+02 6.9313500977e+02 6.9327600098e+02 6.9343103027e+02 6.9359002686e+02 6.9375097656e+02 6.9390399170e+02 6.9405102539e+02 6.9421301270e+02 6.9438201904e+02 6.9453601074e+02 6.9468798828e+02 6.9482000732e+02 6.9498797607e+02 6.9515698242e+02 6.9530603027e+02 6.9545898438e+02 6.9559698486e+02 6.9573797607e+02 6.9589801025e+02 6.9605102539e+02 6.9619799805e+02 6.9635198975e+02 6.9647698975e+02 6.9661401367e+02 6.9675500488e+02 6.9687097168e+02 6.9699102783e+02 6.9712597656e+02 6.9722802734e+02 6.9734497070e+02 6.9745800781e+02 6.9753900146e+02 6.9764599609e+02 6.9776898193e+02 6.9788500977e+02 6.9798602295e+02 6.9809802246e+02 6.9820202637e+02
6.9178997803e+02 6.9196099854e+02 6.9211102295e+02 6.9224200439e+02 6.9237902832e+02 6.9253399658e+02 6.9268902588e+02 6.9285797119e+02 6.9301800537e+02 6.9316802979e+02 6.9332000732e+02 6.9348498535e+02 6.9362097168e+02 6.9378997803e+02 6.9394201660e+02 6.9409698486e+02 6.9427502441e+02 6.9442297363e+02 6.9458001709e+02 6.9471697998e+02 6.9487902832e+02 6.9503198242e+02 6.9518597412e+02 6.9534197998e+02 6.9547698975e+02 6.9561798096e+02 6.9576702881e+02 6.9592102051e+02 6.9606500244e+02 6.9622698975e+02 6.9636199951e+02 6.9649597168e+02 6.9662701416e+02 6.9675897217e+02 6.9687799072e+02 6.9701501465e+02 6.9711499023e+02 6.9724597168e+02 6.9734698486e+02 6.9743402100e+02 6.9753302002e+02 6.9765002441e+02 6.9776702881e+02 6.9786798096e+02 6.9796600342e+02 6.9804998779e+02
6.9168200684e+02 6.9184899902e+02 6.9200701904e+02 6.9213500977e+02 6.9226702881e+02 6.9242401123e+02 6.9259802246e+02 6.9276000977e+02 6.9290802002e+02 6.9305297852e+02 6.9321099854e+02 6.9337902832e+02 6.9351202393e+02 6.9367602539e+02 6.9383502197e+02 6.9398199463e+02 6.9414501953e+02 6.9428802490e+02 6.9445202637e+02 6.9462597656e+02 6.9478198242e+02 6.9491302490e+02 6.9507702637e+02 6.9522497559e+02 6.9536499023e+02 6.9551000977e+02 6.9564099121e+02 6.9579302979e+02 6.9594702148e+02 6.9610797119e+02 6.9624902344e+02 6.9637799072e+02 6.9651898193e+02 6.9664300537e+02 6.9677301025e+02 6.9690802002e+02 6.9699597168e+02 6.9714001465e+02 6.9724200439e+02 6.9733697510e+02 6.9744000244e+02 6.9754699707e+02 6.9764898682e+02 6.9775000000e+02 6.9783898926e+02 6.9793499756e+02
6.9157702637e+02 6.9171899414e+02 6.9187500000e+02 6.9201898193e+02 6.9215301514e+02 6.9230902100e+02 6.9248999023e+02 6.9263800049e+02 6.9279400635e+02 6.9295098877e+02 6.9310400391e+02 6.9327197266e+02 6.9342199707e+02 6.9356500244e+02 6.9372698975e+02 6.9389202881e+02 6.9405999756e+02 6.9419201660e+02 6.9434002686e+02 6.9451397705e+02 6.9466900635e+02 6.9480499268e+02 6.9496697998e+02 6.9511297607e+02 6.9526202393e+02 6.9540301514e+02 6.9551702881e+02 6.9567602539e+02 6.9582702637e+02 6.9597998047e+02 6.9611499023e+02 6.9624200439e+02 6.9638201904e+02 6.9652099609e+02 6.9664599609e+02 6.9678802490e+02 6.9688702393e+02 6.9702600098e+02 6.9713702393e+02 6.9723101807e+02 6.9734100342e+02 6.9744000244e+02 6.9753601074e+02 6.9763897705e+02 6.9772497559e+02 6.9781701660e+02
6.9147100830e+02 6.9160699463e+02 6.9175701904e+02 6.9190301514e+02 6.9204302979e+02 6.9219598389e+02 6.9237298584e+02 6.9252398682e+02 6.9267700195e+02 6.9283697510e+02 6.9300097656e+02 6.9316198730e+02 6.9330102539e+02 6.9345800781e+02 6.9362597656e+02 6.9378900146e+02 6.9394799805e+02 6.9408801270e+02 6.9423400879e+02 6.9440698242e+02 6.9456597900e+02 6.9470098877e+02 6.9485101318e+02 6.9500500488e+02 6.9515502930e+02 6.9528399658e+02 6.9540899658e+02 6.9556298828e+02 6.9571197510e+02 6.9587701416e+02 6.9600500488e+02 6.9613500977e+02 6.9626501465e+02 6.9640899658e+02 6.9653198242e+02 6.9667700195e+02 6.9679199219e+02 6.9691198730e+02 6.9701202393e+02 6.9710797119e+02 6.9723101807e+02 6.9733099365e+02 6.9743597412e+02 6.9753302002e+02 6.9762402344e+02 6.9771099854e+02
6.9137298584e+02 6.9150402832e+02 6.9165197754e+02 6.9179602051e+02 6.9194799805e+02 6.9209100342e+02 6.9225598145e+02 6.9241497803e+02 6.9257098389e+02 6.9272802734e+02 6.9290002441e+02 6.9305700684e+02 6.9317602539e+02 6.9334399414e+02 6.9351501465e+02 6.9367602539e+02 6.9383801270e+02 6.9399102783e+02 6.9412799072e+02 6.9428698730e+02 6.9444897461e+02 6.9459497070e+02 6.9474401855e+02 6.9490301514e+02 6.9506097412e+02 6.9518798828e+02 6.9531896973e+02 6.9546002197e+02 6.9559802246e+02 6.9577502441e+02 6.9590698242e+02 6.9603601074e+02 6.9615698242e+02 6.9629998779e+02 6.9642401123e+02 6.9655902100e+02 6.9666302490e+02 6.9678601074e+02 6.9690002441e+02 6.9699700928e+02 6.9711901855e+02 6.9721301270e+02 6.9732397461e+02 6.9742401123e+02 6.9752301025e+02 6.9760198975e+02
6.9128100586e+02 6.9140301514e+02 6.9155798340e+02 6.9169702148e+02 6.9188397217e+02 6.9199597168e+02 6.9215399170e+02 6.9232202148e+02 6.9248101807e+02 6.9262799072e+02 6.9278399658e+02 6.9294299316e+02 6.9309497070e+02 6.9324700928e+02 6.9341400146e+02 6.9357000732e+02 6.9372399902e+02 6.9387402344e+02 6.9402600098e+02 6.9419299316e+02 6.9434997559e+02 6.9448699951e+02 6.9464202881e+02 6.9480102539e+02 6.9495098877e+02 6.9507800293e+02 6.9522198486e+02 6.9535400391e+02 6.9547601318e+02 6.9565197754e+02 6.9578997803e+02 6.9590002441e+02 6.9603399658e+02 6.9617797852e+02 6.9631500244e+02 6.9645397949e+02 6.9657897949e+02 6.9668200684e+02 6.9678900146e+02 6.9689898682e+02 6.9701800537e+02 6.9710797119e+02 6.9721600342e+02 6.9731500244e+02 6.9740997314e+02 6.9749200439e+02
6.9116900635e+02 6.9129400635e+02 6.9145397949e+02 6.9158898926e+02 6.9175799561e+02 6.9189599609e+02 6.9205401611e+02 6.9220800781e+02 6.9235601807e+02 6.9251501465e+02 6.9267602539e+02 6.9283502197e+02 6.9300000000e+02 6.9314398193e+02 6.9329199219e+02 6.9344702148e+02 6.9361401367e+02 6.9376000977e+02 6.9389599609e+02 6.9407598877e+02 6.9423602295e+02 6.9436700439e+02 6.9453900146e+02 6.9469201660e+02 6.9484197998e+02 6.9498699951e+02 6.9512799072e+02 6.9526599121e+02 6.9539202881e+02 6.9552899170e+02 6.9565802002e+02 6.9579302979e+02 6.9593902588e+02 6.9606597900e+02 6.9619897461e+02 6.9632702637e+02 6.9644396973e+02 6.9656402588e+02 6.9668200684e+02 6.9678802490e+02 6.9690399170e+02 6.9701501465e+02 6.9711297607e+02 6.9719897461e+02 6.9728698730e+02 6.9737597656e+02
6.9106500244e+02 6.9117602539e+02 6.9132897949e+02 6.9148199463e+02 6.9165002441e+02 6.9179101563e+02 6.9193798828e+02 6.9209600830e+02 6.9226898193e+02 6.9242102051e+02 6.9257397461e+02 6.9272998047e+02 6.9289001465e+02 6.9304199219e+02 6.9320202637e+02 6.9335900879e+02 6.9351702881e+02 6.9366802979e+02 6.9380200195e+02 6.9397399902e+02 6.9412597656e+02 6.9426501465e+02 6.9444299316e+02 6.9458398438e+02 6.9472302246e+02 6.9488500977e+02 6.9502697754e+02 6.9516998291e+02 6.9530102539e+02 6.9542602539e+02 6.9554199219e+02 6.9568103027e+02 6.9581701660e+02 6.9594598389e+02 6.9608001709e+02 6.9620001221e+02 6.9631402588e+02 6.9643402100e+02 6.9656097412e+02 6.9668597412e+02 6.9680102539e+02 6.9691198730e+02 6.9701000977e+02 6.9709399414e+02 6.9717797852e+02 6.9726702881e+02
6.9095898438e+02 6.9107299805e+02 6.9121600342e+02 6.9137097168e+02 6.9154199219e+02 6.9169000244e+02 6.9182598877e+02 6.9198400879e+02 6.9217602539e+02 6.9231597900e+02 6.9246398926e+02 6.9262097168e+02 6.9278399658e+02 6.9295001221e+02 6.9311798096e+02 6.9326898193e+02 6.9341302490e+02 6.9357202148e+02 6.9371600342e+02 6.9387097168e+02 6.9401098633e+02 6.9416101074e+02 6.9433599854e+02 6.9447399902e+02 6.9461999512e+02 6.9478997803e+02 6.9492700195e+02 6.9506201172e+02 6.9519097900e+02 6.9533300781e+02 6.9545098877e+02 6.9557000732e+02 6.9568499756e+02 6.9582897949e+02 6.9596697998e+02 6.9608599854e+02 6.9619396973e+02 6.9632501221e+02 6.9644299316e+02 6.9657000732e+02 6.9668298340e+02 6.9681097412e+02 6.9691302490e+02 6.9698498535e+02 6.9707598877e+02 6.9715698242e+02
