TESTSERVER/17/4.asc
NCOLS 100
NROWS 100
XLLCORNER 8.3497500000e+03
YLLCORNER 2.8975025000e+05
CELLSIZE 5.0000000000e-01
NODATA_VALUE -9.9990000000e+03
[rows 60 to 79 of 100, columns 46 to 91 of 100]
6.9455798340e+02 6.9463397217e+02 6.9472802734e+02 6.9479400635e+02 6.9486999512e+02 6.9494396973e+02 6.9501397705e+02 6.9509802246e+02 6.9517901611e+02 6.9526397705e+02 6.9535900879e+02 6.9543402100e+02 6.9551898193e+02 6.9560601807e+02 6.9570001221e+02 6.9578399658e+02 6.9585998535e+02 6.9594299316e+02 6.9603698730e+02 6.9609301758e+02 6.9615100098e+02 6.9620202637e+02 6.9624700928e+02 6.9630999756e+02 6.9636901855e+02 6.9645599365e+02 6.9657000732e+02 6.9669396973e+02 6.9682397461e+02 6.9695397949e+02 6.9705401611e+02 6.9704199219e+02 6.9705700684e+02 6.9708898926e+02 6.9712097168e+02 6.9709600830e+02 6.9700799561e+02 6.9684399414e+02 6.9665600586e+02 6.9651898193e+02 6.9651397705e+02 6.9658697510e+02 6.9666601563e+02 6.9673901367e+02 6.9679199219e+02 6.9683001709e+02
6.9444396973e+02 6.9451800537e+02 6.9460900879e+02 6.9468402100e+02 6.9474902344e+02 6.9482800293e+02 6.9490600586e+02 6.9498699951e+02 6.9507202148e+02 6.9514898682e+02 6.9523400879e+02 6.9532098389e+02 6.9540399170e+02 6.9550402832e+02 6.9560400391e+02 6.9567401123e+02 6.9575097656e+02 6.9584301758e+02 6.9592700195e+02 6.9599597168e+02 6.9605902100e+02 6.9610699463e+02 6.9615301514e+02 6.9620800781e+02 6.9625598145e+02 6.9634399414e+02 6.9646301270e+02 6.9659100342e+02 6.9673400879e+02 6.9688299561e+02 6.9694299316e+02 6.9690600586e+02 6.9692199707e+02 6.9695898438e+02 6.9699102783e+02 6.9699499512e+02 6.9693103027e+02 6.9677001953e+02 6.9657501221e+02 6.9643402100e+02 6.9642102051e+02 6.9649401855e+02 6.9657800293e+02 6.9663897705e+02 6.9669000244e+02 6.9672998047e+02
6.9433801270e+02 6.9441802979e+02 6.9451202393e+02 6.9457202148e+02 6.9463299561e+02 6.9471502686e+02 6.9479797363e+02 6.9486999512e+02 6.9494799805e+02 6.9502502441e+02 6.9511199951e+02 6.9521600342e+02 6.9530102539e+02 6.9539801025e+02 6.9548699951e+02 6.9555999756e+02 6.9563897705e+02 6.9572900391e+02 6.9581402588e+02 6.9590100098e+02 6.9596899414e+02 6.9601599121e+02 6.9605902100e+02 6.9610998535e+02 6.9615600586e+02 6.9623999023e+02 6.9635998535e+02 6.9649597168e+02 6.9664099121e+02 6.9678802490e+02 6.9681597900e+02 6.9677697754e+02 6.9679901123e+02 6.9683398438e+02 6.9687402344e+02 6.9690002441e+02 6.9685302734e+02 6.9669799805e+02 6.9650598145e+02 6.9634600830e+02 6.9631799316e+02 6.9638702393e+02 6.9647497559e+02 6.9654498291e+02 6.9658599854e+02 6.9662597656e+02
6.9424700928e+02 6.9432299805e+02 6.9440301514e+02 6.9445800781e+02 6.9453302002e+02 6.9461499023e+02 6.9468701172e+02 6.9475402832e+02 6.9483099365e+02 6.9490698242e+02 6.9499102783e+02 6.9509399414e+02 6.9517999268e+02 6.9526800537e+02 6.9535498047e+02 6.9545800781e+02 6.9554302979e+02 6.9562402344e+02 6.9571197510e+02 6.9580700684e+02 6.9588000488e+02 6.9593200684e+02 6.9597900391e+02 6.9602398682e+02 6.9606896973e+02 6.9615502930e+02 6.9626702881e+02 6.9638800049e+02 6.9652001953e+02 6.9663897705e+02 6.9665997314e+02 6.9663702393e+02 6.9668298340e+02 6.9673498535e+02 6.9677899170e+02 6.9682299805e+02 6.9680297852e+02 6.9665197754e+02 6.9644396973e+02 6.9625799561e+02 6.9620599365e+02 6.9627697754e+02 6.9636798096e+02 6.9643902588e+02 6.9647601318e+02 6.9652600098e+02
6.9414801025e+02 6.9423101807e+02 6.9429998779e+02 6.9435400391e+02 6.9442999268e+02 6.9450500488e+02 6.9457598877e+02 6.9464001465e+02 6.9472302246e+02 6.9480999756e+02 6.9489099121e+02 6.9497601318e+02 6.9505297852e+02 6.9513897705e+02 6.9523699951e+02 6.9534600830e+02 6.9543200684e+02 6.9551300049e+02 6.9561602783e+02 6.9570300293e+02 6.9578399658e+02 6.9585998535e+02 6.9592797852e+02 6.9596197510e+02 6.9600701904e+02 6.9609399414e+02 6.9620202637e+02 6.9629400635e+02 6.9639599609e+02 6.9646600342e+02 6.9650299072e+02 6.9652398682e+02 6.9658502197e+02 6.9664599609e+02 6.9668499756e+02 6.9673699951e+02 6.9673602295e+02 6.9659399414e+02 6.9637298584e+02 6.9617102051e+02 6.9610400391e+02 6.9617602539e+02 6.9626898193e+02 6.9633898926e+02 6.9639599609e+02 6.9645599365e+02
6.9404699707e+02 6.9412097168e+02 6.9418499756e+02 6.9425598145e+02 6.9432098389e+02 6.9438397217e+02 6.9446801758e+02 6.9453802490e+02 6.9461102295e+02 6.9469000244e+02 6.9477099609e+02 6.9485900879e+02 6.9494396973e+02 6.9502600098e+02 6.9512402344e+02 6.9521801758e+02 6.9530401611e+02 6.9540197754e+02 6.9550598145e+02 6.9559899902e+02 6.9569799805e+02 6.9578997803e+02 6.9586499023e+02 6.9590698242e+02 6.9594396973e+02 6.9601702881e+02 6.9611297607e+02 6.9619897461e+02 6.9626599121e+02 6.9631097412e+02 6.9636297607e+02 6.9641900635e+02 6.9649700928e+02 6.9655603027e+02 6.9658898926e+02 6.9663800049e+02 6.9661401367e+02 6.9649200439e+02 6.9632000732e+02 6.9609899902e+02 6.9602502441e+02 6.9608599854e+02 6.9616699219e+02 6.9623999023e+02 6.9631201172e+02 6.9637500000e+02
6.9393402100e+02 6.9400701904e+02 6.9407598877e+02 6.9415197754e+02 6.9421899414e+02 6.9427600098e+02 6.9434997559e+02 6.9442602539e+02 6.9450201416e+02 6.9458001709e+02 6.9466802979e+02 6.9474798584e+02 6.9483099365e+02 6.9492102051e+02 6.9502099609e+02 6.9509899902e+02 6.9518597412e+02 6.9529400635e+02 6.9540197754e+02 6.9550402832e+02 6.9561401367e+02 6.9570800781e+02 6.9578698730e+02 6.9584600830e+02 6.9588598633e+02 6.9593902588e+02 6.9600500488e+02 6.9608099365e+02 6.9613702393e+02 6.9618597412e+02 6.9624200439e+02 6.9630603027e+02 6.9638702393e+02 6.9645098877e+02 6.9648297119e+02 6.9650598145e+02 6.9648297119e+02 6.9639599609e+02 6.9623101807e+02 6.9602600098e+02 6.9594396973e+02 6.9599200439e+02 6.9607098389e+02 6.9614898682e+02 6.9622497559e+02 6.9629498291e+02
6.9383001709e+02 6.9390502930e+02 6.9397698975e+02 6.9405401611e+02 6.9411999512e+02 6.9417901611e+02 6.9425097656e+02 6.9433697510e+02 6.9441302490e+02 6.9448400879e+02 6.9457397461e+02 6.9464697266e+02 6.9471398926e+02 6.9479699707e+02 6.9489300537e+02 6.9497399902e+02 6.9507598877e+02 6.9519201660e+02 6.9529101563e+02 6.9540802002e+02 6.9552801514e+02 6.9561499023e+02 6.9569299316e+02 6.9576202393e+02 6.9581097412e+02 6.9585498047e+02 6.9589898682e+02 6.9597900391e+02 6.9603900146e+02 6.9609301758e+02 6.9615197754e+02 6.9621301270e+02 6.9627697754e+02 6.9633001709e+02 6.9635998535e+02 6.9635400391e+02 6.9634002686e+02 6.9626599121e+02 6.9609399414e+02 6.9591601563e+02 6.9584802246e+02 6.9589398193e+02 6.9597900391e+02 6.9606201172e+02 6.9613500977e+02 6.9621600342e+02
6.9373699951e+02 6.9380603027e+02 6.9388897705e+02 6.9396398926e+02 6.9401800537e+02 6.9407800293e+02 6.9415100098e+02 6.9423602295e+02 6.9430902100e+02 6.9437902832e+02 6.9445800781e+02 6.9454199219e+02 6.9460302734e+02 6.9467700195e+02 6.9476898193e+02 6.9485797119e+02 6.9496301270e+02 6.9507098389e+02 6.9517901611e+02 6.9529998779e+02 6.9543298340e+02 6.9552502441e+02 6.9560101318e+02 6.9566101074e+02 6.9572198486e+02 6.9578100586e+02 6.9584002686e+02 6.9592297363e+02 6.9597998047e+02 6.9602801514e+02 6.9609301758e+02 6.9615399170e+02 6.9619500732e+02 6.9622100830e+02 6.9622601318e+02 6.9621899414e+02 6.9619396973e+02 6.9613702393e+02 6.9601000977e+02 6.9580999756e+02 6.9575799561e+02 6.9580200195e+02 6.9589300537e+02 6.9598297119e+02 6.9605401611e+02 6.9614099121e+02
6.9362902832e+02 6.9370397949e+02 6.9377697754e+02 6.9384997559e+02 6.9392797852e+02 6.9400299072e+02 6.9405499268e+02 6.9413098145e+02 6.9420800781e+02 6.9427600098e+02 6.9434802246e+02 6.9442602539e+02 6.9450500488e+02 6.9458502197e+02 6.9464697266e+02 6.9472198486e+02 6.9482000732e+02 6.9493298340e+02 6.9505700684e+02 6.9517199707e+02 6.9530700684e+02 6.9542102051e+02 6.9551098633e+02 6.9556402588e+02 6.9561401367e+02 6.9570599365e+02 6.9579901123e+02 6.9590100098e+02 6.9596997070e+02 6.9601501465e+02 6.9606597900e+02 6.9609100342e+02 6.9610302734e+02 6.9612500000e+02 6.9613000488e+02 6.9610198975e+02 6.9606896973e+02 6.9601898193e+02 6.9589501953e+02 6.9572100830e+02 6.9567797852e+02 6.9571801758e+02 6.9580499268e+02 6.9589501953e+02 6.9596697998e+02 6.9605999756e+02
6.9350799561e+02 6.9358898926e+02 6.9366802979e+02 6.9374401855e+02 6.9382397461e+02 6.9389801025e+02 6.9396301270e+02 6.9404199219e+02 6.9412200928e+02 6.9419000244e+02 6.9426098633e+02 6.9433502197e+02 6.9441302490e+02 6.9448498535e+02 6.9453900146e+02 6.9460797119e+02 6.9469500732e+02 6.9479602051e+02 6.9490502930e+02 6.9503302002e+02 6.9516998291e+02 6.9528698730e+02 6.9539001465e+02 6.9546697998e+02 6.9551599121e+02 6.9561199951e+02 6.9572698975e+02 6.9586401367e+02 6.9595599365e+02 6.9599401855e+02 6.9602600098e+02 6.9602899170e+02 6.9602197266e+02 6.9603100586e+02 6.9604101563e+02 6.9602099609e+02 6.9600299072e+02 6.9596697998e+02 6.9582397461e+02 6.9562500000e+02 6.9557702637e+02 6.9562799072e+02 6.9571197510e+02 6.9580102539e+02 6.9588897705e+02 6.9598101807e+02
6.9338500977e+02 6.9346801758e+02 6.9355902100e+02 6.9364599609e+02 6.9371197510e+02 6.9378198242e+02 6.9386901855e+02 6.9395501709e+02 6.9402697754e+02 6.9409802246e+02 6.9417498779e+02 6.9424102783e+02 6.9431201172e+02 6.9437402344e+02 6.9444598389e+02 6.9451800537e+02 6.9459802246e+02 6.9468902588e+02 6.9478302002e+02 6.9491101074e+02 6.9502899170e+02 6.9512799072e+02 6.9524401855e+02 6.9534600830e+02 6.9541497803e+02 6.9551898193e+02 6.9564501953e+02 6.9580401611e+02 6.9590399170e+02 6.9592401123e+02 6.9593200684e+02 6.9593597412e+02 6.9593103027e+02 6.9592999268e+02 6.9594000244e+02 6.9594702148e+02 6.9595800781e+02 6.9592999268e+02 6.9575299072e+02 6.9552197266e+02 6.9548199463e+02 6.9555200195e+02 6.9563201904e+02 6.9571197510e+02 6.9581799316e+02 6.9591497803e+02
6.9327099609e+02 6.9335400391e+02 6.9343200684e+02 6.9351800537e+02 6.9360400391e+02 6.9368902588e+02 6.9376702881e+02 6.9384997559e+02 6.9392102051e+02 6.9398901367e+02 6.9407299805e+02 6.9413098145e+02 6.9420397949e+02 6.9427301025e+02 6.9436401367e+02 6.9442797852e+02 6.9450201416e+02 6.9459100342e+02 6.9469097900e+02 6.9481097412e+02 6.9491198730e+02 6.9499798584e+02 6.9511297607e+02 6.9520898438e+02 6.9528900146e+02 6.9540698242e+02 6.9554498291e+02 6.9570898438e+02 6.9582000732e+02 6.9583398438e+02 6.9581298828e+02 6.9582098389e+02 6.9582098389e+02 6.9582202148e+02 6.9585101318e+02 6.9588500977e+02 6.9590301514e+02 6.9585998535e+02 6.9567602539e+02 6.9543298340e+02 6.9538201904e+02 6.9545898438e+02 6.9555603027e+02 6.9563299561e+02 6.9574401855e+02 6.9584002686e+02
6.9315399170e+02 6.9323901367e+02 6.9331799316e+02 6.9340502930e+02 6.9348999023e+02 6.9357501221e+02 6.9366101074e+02 6.9373797607e+02 6.9382000732e+02 6.9387701416e+02 6.9395001221e+02 6.9403002930e+02 6.9410998535e+02 6.9418402100e+02 6.9425897217e+02 6.9433001709e+02 6.9441900635e+02 6.9449499512e+02 6.9459002686e+02 6.9469897461e+02 6.9479998779e+02 6.9489001465e+02 6.9499102783e+02 6.9508898926e+02 6.9519396973e+02 6.9533197021e+02 6.9545397949e+02 6.9558099365e+02 6.9568597412e+02 6.9572698975e+02 6.9571002197e+02 6.9570098877e+02 6.9570300293e+02 6.9571801758e+02 6.9575299072e+02 6.9581701660e+02 6.9583599854e+02 6.9580200195e+02 6.9562298584e+02 6.9533001709e+02 6.9526098633e+02 6.9535498047e+02 6.9547698975e+02 6.9555603027e+02 6.9566101074e+02 6.9576501465e+02
6.9304400635e+02 6.9312402344e+02 6.9320501709e+02 6.9329302979e+02 6.9336297607e+02 6.9344598389e+02 6.9354302979e+02 6.9361700439e+02 6.9371099854e+02 6.9377398682e+02 6.9383801270e+02 6.9392901611e+02 6.9401501465e+02 6.9409899902e+02 6.9416900635e+02 6.9424102783e+02 6.9432800293e+02 6.9440399170e+02 6.9449902344e+02 6.9460601807e+02 6.9470697021e+02 6.9479998779e+02 6.9489300537e+02 6.9499597168e+02 6.9510198975e+02 6.9522198486e+02 6.9532397461e+02 6.9541802979e+02 6.9551501465e+02 6.9558300781e+02 6.9558801270e+02 6.9556799316e+02 6.9556799316e+02 6.9559497070e+02 6.9563201904e+02 6.9569702148e+02 6.9572601318e+02 6.9567102051e+02 6.9547100830e+02 6.9519500732e+02 6.9512902832e+02 6.9522399902e+02 6.9536199951e+02 6.9546197510e+02 6.9557202148e+02 6.9567602539e+02
6.9292199707e+02 6.9299902344e+02 6.9308599854e+02 6.9317797852e+02 6.9325598145e+02 6.9333599854e+02 6.9342401123e+02 6.9349499512e+02 6.9359100342e+02 6.9366302490e+02 6.9373498535e+02 6.9382800293e+02 6.9391699219e+02 6.9400402832e+02 6.9408300781e+02 6.9415997314e+02 6.9423901367e+02 6.9432598877e+02 6.9443200684e+02 6.9452801514e+02 6.9463598633e+02 6.9473797607e+02 6.9483697510e+02 6.9493298340e+02 6.9502001953e+02 6.9513299561e+02 6.9521801758e+02 6.9529302979e+02 6.9537597656e+02 6.9543902588e+02 6.9544799805e+02 6.9543402100e+02 6.9544000244e+02 6.9546899414e+02 6.9549902344e+02 6.9554998779e+02 6.9559197998e+02 6.9552099609e+02 6.9532800293e+02 6.9510101318e+02 6.9498999023e+02 6.9506597900e+02 6.9522198486e+02 6.9533801270e+02 6.9546301270e+02 6.9556896973e+02
6.9279400635e+02 6.9286798096e+02 6.9294598389e+02 6.9305499268e+02 6.9314599609e+02 6.9321600342e+02 6.9329699707e+02 6.9338397217e+02 6.9346801758e+02 6.9354602051e+02 6.9363800049e+02 6.9371697998e+02 6.9380902100e+02 6.9389898682e+02 6.9398101807e+02 6.9409301758e+02 6.9417498779e+02 6.9426898193e+02 6.9438702393e+02 6.9445800781e+02 6.9457702637e+02 6.9470599365e+02 6.9481298828e+02 6.9487701416e+02 6.9494299316e+02 6.9502899170e+02 6.9510302734e+02 6.9517102051e+02 6.9523602295e+02 6.9528698730e+02 6.9531201172e+02 6.9532501221e+02 6.9533599854e+02 6.9535101318e+02 6.9536401367e+02 6.9542498779e+02 6.9544500732e+02 6.9532897949e+02 6.9515197754e+02 6.9495898438e+02 6.9484002686e+02 6.9490802002e+02 6.9508099365e+02 6.9522198486e+02 6.9534802246e+02 6.9545300293e+02
6.9267498779e+02 6.9276501465e+02 6.9285302734e+02 6.9294396973e+02 6.9303002930e+02 6.9310400391e+02 6.9318902588e+02 6.9326000977e+02 6.9333697510e+02 6.9341900635e+02 6.9350897217e+02 6.9358697510e+02 6.9369702148e+02 6.9380401611e+02 6.9388299561e+02 6.9399401855e+02 6.9409899902e+02 6.9421301270e+02 6.9432702637e+02 6.9440197754e+02 6.9453100586e+02 6.9468103027e+02 6.9477001953e+02 6.9479602051e+02 6.9483099365e+02 6.9487200928e+02 6.9492199707e+02 6.9502801514e+02 6.9510797119e+02 6.9516101074e+02 6.9518597412e+02 6.9520501709e+02 6.9521099854e+02 6.9521899414e+02 6.9522497559e+02 6.9528997803e+02 6.9530700684e+02 6.9519201660e+02 6.9499401855e+02 6.9480499268e+02 6.9470300293e+02 6.9479302979e+02 6.9497399902e+02 6.9511602783e+02 6.9525799561e+02 6.9536102295e+02
6.9254498291e+02 6.9264300537e+02 6.9273498535e+02 6.9281597900e+02 6.9290197754e+02 6.9298901367e+02 6.9307202148e+02 6.9312597656e+02 6.9320599365e+02 6.9329199219e+02 6.9338897705e+02 6.9347900391e+02 6.9358599854e+02 6.9369299316e+02 6.9379101563e+02 6.9389599609e+02 6.9401599121e+02 6.9412902832e+02 6.9422698975e+02 6.9432897949e+02 6.9445202637e+02 6.9458697510e+02 6.9466302490e+02 6.9467999268e+02 6.9467999268e+02 6.9469500732e+02 6.9472900391e+02 6.9482299805e+02 6.9489801025e+02 6.9498400879e+02 6.9505499268e+02 6.9508300781e+02 6.9508197021e+02 6.9509100342e+02 6.9510400391e+02 6.9515301514e+02 6.9517297363e+02 6.9508599854e+02 6.9485400391e+02 6.9465997314e+02 6.9457299805e+02 6.9467700195e+02 6.9485797119e+02 6.9502600098e+02 6.9518499756e+02 6.9528198242e+02
6.9242901611e+02 6.9252301025e+02 6.9260900879e+02 6.9268798828e+02 6.9277099609e+02 6.9286199951e+02 6.9294097900e+02 6.9300799561e+02 6.9308898926e+02 6.9316497803e+02 6.9327099609e+02 6.9336102295e+02 6.9345202637e+02 6.9355297852e+02 6.9367401123e+02 6.9379400635e+02 6.9392602539e+02 6.9403002930e+02 6.9411602783e+02 6.9422802734e+02 6.9433898926e+02 6.9445098877e+02 6.9450402832e+02 6.9451098633e+02 6.9450097656e+02 6.9452697754e+02 6.9456097412e+02 6.9461999512e+02 6.9470202637e+02 6.9480603027e+02 6.9491101074e+02 6.9496899414e+02 6.9496697998e+02 6.9496801758e+02 6.9498699951e+02 6.9501800537e+02 6.9502697754e+02 6.9496801758e+02 6.9475097656e+02 6.9456597900e+02 6.9447302246e+02 6.9458197021e+02 6.9477099609e+02 6.9495800781e+02 6.9511999512e+02 6.9520202637e+02
