TESTSERVER/17/4.asc
NCOLS 100
NROWS 100
XLLCORNER 8.3497500000e+03
YLLCORNER 2.8975025000e+05
CELLSIZE 5.0000000000e-01
NODATA_VALUE -9.9990000000e+03
[rows 80 to 99 of 100, columns 0 to 45 of 100]
6.8679101563e+02 6.8695300293e+02 6.8711102295e+02 6.8726501465e+02 6.8740197754e+02 6.8755499268e+02 6.8767797852e+02 6.8781799316e+02 6.8797399902e+02 6.8810797119e+02 6.8823797607e+02 6.8836602783e+02 6.8853002930e+02 6.8867199707e+02 6.8882098389e+02 6.8897100830e+02 6.8910900879e+02 6.8921099854e+02 6.8934002686e+02 6.8946697998e+02 6.8957397461e+02 6.8971002197e+02 6.8982800293e+02 6.8994201660e+02 6.9007000732e+02 6.9020001221e+02 6.9032098389e+02 6.9043200684e+02 6.9053802490e+02 6.9065802002e+02 6.9076800537e+02 6.9087200928e+02 6.9097198486e+02 6.9106097412e+02 6.9116302490e+02 6.9127301025e+02 6.9137298584e+02 6.9146600342e+02 6.9156402588e+02 6.9165899658e+02 6.9176800537e+02 6.9186297607e+02 6.9196899414e+02 6.9205297852e+02 6.9214898682e+02 6.9222198486e+02
6.8664697266e+02 6.8679699707e+02 6.8695397949e+02 6.8711199951e+02 6.8725299072e+02 6.8738800049e+02 6.8751202393e+02 6.8765600586e+02 6.8780499268e+02 6.8793597412e+02 6.8807800293e+02 6.8821002197e+02 6.8836700439e+02 6.8850799561e+02 6.8867199707e+02 6.8881201172e+02 6.8894396973e+02 6.8908300781e+02 6.8921002197e+02 6.8934399414e+02 6.8945397949e+02 6.8956701660e+02 6.8967602539e+02 6.8979498291e+02 6.8992401123e+02 6.9005603027e+02 6.9019000244e+02 6.9029101563e+02 6.9040002441e+02 6.9050799561e+02 6.9061499023e+02 6.9071197510e+02 6.9082800293e+02 6.9092297363e+02 6.9102502441e+02 6.9112597656e+02 6.9123498535e+02 6.9133099365e+02 6.9142498779e+02 6.9151397705e+02 6.9161798096e+02 6.9173199463e+02 6.9182397461e+02 6.9189898682e+02 6.9198901367e+02 6.9209802246e+02
6.8648797607e+02 6.8663897705e+02 6.8679101563e+02 6.8693701172e+02 6.8708300781e+02 6.8721801758e+02 6.8735900879e+02 6.8750897217e+02 6.8763299561e+02 6.8778100586e+02 6.8792297363e+02 6.8805999756e+02 6.8821801758e+02 6.8836499023e+02 6.8852301025e+02 6.8865197754e+02 6.8877899170e+02 6.8893597412e+02 6.8906201172e+02 6.8919799805e+02 6.8933502197e+02 6.8943798828e+02 6.8952801514e+02 6.8963897705e+02 6.8977197266e+02 6.8989398193e+02 6.9003100586e+02 6.9013702393e+02 6.9026702881e+02 6.9035900879e+02 6.9047900391e+02 6.9057598877e+02 6.9068701172e+02 6.9078302002e+02 6.9089599609e+02 6.9098602295e+02 6.9108398438e+02 6.9118902588e+02 6.9128302002e+02 6.9136297607e+02 6.9146502686e+02 6.9157501221e+02 6.9165997314e+02 6.9174902344e+02 6.9184497070e+02 6.9196099854e+02
6.8631799316e+02 6.8647399902e+02 6.8663397217e+02 6.8677697754e+02 6.8692102051e+02 6.8706597900e+02 6.8721099854e+02 6.8735900879e+02 6.8748101807e+02 6.8763702393e+02 6.8777697754e+02 6.8791302490e+02 6.8807702637e+02 6.8821899414e+02 6.8835998535e+02 6.8849902344e+02 6.8862500000e+02 6.8877398682e+02 6.8890197754e+02 6.8903698730e+02 6.8918298340e+02 6.8930297852e+02 6.8939599609e+02 6.8949499512e+02 6.8961297607e+02 6.8972399902e+02 6.8985797119e+02 6.8997302246e+02 6.9012200928e+02 6.9023999023e+02 6.9035101318e+02 6.9044500732e+02 6.9054901123e+02 6.9063897705e+02 6.9074902344e+02 6.9083398438e+02 6.9092199707e+02 6.9103002930e+02 6.9112701416e+02 6.9121099854e+02 6.9131799316e+02 6.9140502930e+02 6.9149700928e+02 6.9159497070e+02 6.9169500732e+02 6.9180102539e+02
6.8613397217e+02 6.8630603027e+02 6.8646502686e+02 6.8661199951e+02 6.8675402832e+02 6.8690997314e+02 6.8704699707e+02 6.8719097900e+02 6.8734698486e+02 6.8746301270e+02 6.8760699463e+02 6.8776501465e+02 6.8792999268e+02 6.8804998779e+02 6.8819299316e+02 6.8835400391e+02 6.8848602295e+02 6.8862500000e+02 6.8875897217e+02 6.8888201904e+02 6.8899401855e+02 6.8914801025e+02 6.8926800537e+02 6.8936401367e+02 6.8948101807e+02 6.8958099365e+02 6.8969201660e+02 6.8979302979e+02 6.8994299316e+02 6.9009301758e+02 6.9020098877e+02 6.9030499268e+02 6.9041601563e+02 6.9050097656e+02 6.9058697510e+02 6.9067999268e+02 6.9077801514e+02 6.9087701416e+02 6.9096398926e+02 6.9105401611e+02 6.9115301514e+02 6.9125701904e+02 6.9136700439e+02 6.9144598389e+02 6.9152301025e+02 6.9163201904e+02
6.8600097656e+02 6.8616699219e+02 6.8630297852e+02 6.8643701172e+02 6.8657702637e+02 6.8674102783e+02 6.8688800049e+02 6.8703399658e+02 6.8718499756e+02 6.8732397461e+02 6.8747497559e+02 6.8761401367e+02 6.8776800537e+02 6.8789501953e+02 6.8804199219e+02 6.8818402100e+02 6.8832299805e+02 6.8848199463e+02 6.8861102295e+02 6.8872900391e+02 6.8883502197e+02 6.8899700928e+02 6.8911602783e+02 6.8920397949e+02 6.8931097412e+02 6.8942797852e+02 6.8954797363e+02 6.8964599609e+02 6.8977502441e+02 6.8990899658e+02 6.9002697754e+02 6.9014398193e+02 6.9026501465e+02 6.9035400391e+02 6.9043597412e+02 6.9052502441e+02 6.9062402344e+02 6.9072900391e+02 6.9080401611e+02 6.9088201904e+02 6.9099200439e+02 6.9110101318e+02 6.9119598389e+02 6.9126898193e+02 6.9135101318e+02 6.9146301270e+02
6.8585101318e+02 6.8600097656e+02 6.8614599609e+02 6.8627600098e+02 6.8641601563e+02 6.8657397461e+02 6.8672601318e+02 6.8687799072e+02 6.8702301025e+02 6.8717999268e+02 6.8732702637e+02 6.8746002197e+02 6.8761102295e+02 6.8773999023e+02 6.8788299561e+02 6.8802001953e+02 6.8816101074e+02 6.8830700684e+02 6.8843701172e+02 6.8857202148e+02 6.8868902588e+02 6.8884100342e+02 6.8895202637e+02 6.8905200195e+02 6.8915197754e+02 6.8926300049e+02 6.8938098145e+02 6.8948999023e+02 6.8961401367e+02 6.8974499512e+02 6.8986401367e+02 6.8997698975e+02 6.9010198975e+02 6.9019500732e+02 6.9028900146e+02 6.9038201904e+02 6.9047900391e+02 6.9056896973e+02 6.9065100098e+02 6.9073400879e+02 6.9084002686e+02 6.9092999268e+02 6.9102697754e+02 6.9112200928e+02 6.9120202637e+02 6.9129199219e+02
6.8570697021e+02 6.8583697510e+02 6.8598797607e+02 6.8612500000e+02 6.8627502441e+02 6.8642498779e+02 6.8657000732e+02 6.8671997070e+02 6.8686401367e+02 6.8702099609e+02 6.8717199707e+02 6.8730902100e+02 6.8744897461e+02 6.8757702637e+02 6.8772100830e+02 6.8786901855e+02 6.8801300049e+02 6.8813397217e+02 6.8826300049e+02 6.8840802002e+02 6.8852801514e+02 6.8866302490e+02 6.8877697754e+02 6.8889300537e+02 6.8899700928e+02 6.8911700439e+02 6.8923297119e+02 6.8933599854e+02 6.8945202637e+02 6.8957202148e+02 6.8969799805e+02 6.8981701660e+02 6.8992797852e+02 6.9002502441e+02 6.9013702393e+02 6.9023699951e+02 6.9031701660e+02 6.9039300537e+02 6.9049401855e+02 6.9058398438e+02 6.9068798828e+02 6.9076702881e+02 6.9086700439e+02 6.9096600342e+02 6.9104797363e+02 6.9111901855e+02
6.8556097412e+02 6.8568902588e+02 6.8582598877e+02 6.8596502686e+02 6.8609100342e+02 6.8626098633e+02 6.8641101074e+02 6.8655102539e+02 6.8669500732e+02 6.8684100342e+02 6.8699597168e+02 6.8714599609e+02 6.8730700684e+02 6.8742102051e+02 6.8755603027e+02 6.8769299316e+02 6.8783197021e+02 6.8795202637e+02 6.8808099365e+02 6.8822601318e+02 6.8835797119e+02 6.8848797607e+02 6.8861102295e+02 6.8872601318e+02 6.8883099365e+02 6.8896398926e+02 6.8909497070e+02 6.8919299316e+02 6.8930902100e+02 6.8940802002e+02 6.8953302002e+02 6.8965997314e+02 6.8974499512e+02 6.8984399414e+02 6.8996600342e+02 6.9006799316e+02 6.9016699219e+02 6.9025500488e+02 6.9034301758e+02 6.9041998291e+02 6.9051702881e+02 6.9061401367e+02 6.9070697021e+02 6.9079998779e+02 6.9089599609e+02 6.9096600342e+02
6.8541302490e+02 6.8553399658e+02 6.8566497803e+02 6.8580999756e+02 6.8594702148e+02 6.8610797119e+02 6.8624102783e+02 6.8638500977e+02 6.8656201172e+02 6.8667602539e+02 6.8681597900e+02 6.8696697998e+02 6.8713000488e+02 6.8724902344e+02 6.8738800049e+02 6.8751702881e+02 6.8766302490e+02 6.8779302979e+02 6.8791497803e+02 6.8804699707e+02 6.8816900635e+02 6.8830297852e+02 6.8842797852e+02 6.8855603027e+02 6.8867602539e+02 6.8879101563e+02 6.8892297363e+02 6.8902301025e+02 6.8913598633e+02 6.8925000000e+02 6.8936199951e+02 6.8947698975e+02 6.8958697510e+02 6.8967700195e+02 6.8978601074e+02 6.8989300537e+02 6.8999700928e+02 6.9011102295e+02 6.9019299316e+02 6.9025299072e+02 6.9035101318e+02 6.9044598389e+02 6.9052502441e+02 6.9061798096e+02 6.9070800781e+02 6.9079901123e+02
6.8523999023e+02 6.8537701416e+02 6.8550701904e+02 6.8564501953e+02 6.8579302979e+02 6.8595898438e+02 6.8609100342e+02 6.8623699951e+02 6.8639898682e+02 6.8651702881e+02 6.8664202881e+02 6.8678900146e+02 6.8696099854e+02 6.8709301758e+02 6.8722900391e+02 6.8734802246e+02 6.8748400879e+02 6.8761199951e+02 6.8774102783e+02 6.8787200928e+02 6.8799298096e+02 6.8813098145e+02 6.8825598145e+02 6.8838500977e+02 6.8851501465e+02 6.8863098145e+02 6.8875799561e+02 6.8886199951e+02 6.8896197510e+02 6.8907897949e+02 6.8919000244e+02 6.8931298828e+02 6.8944000244e+02 6.8952502441e+02 6.8962200928e+02 6.8971801758e+02 6.8981896973e+02 6.8992700195e+02 6.9002697754e+02 6.9009399414e+02 6.9019299316e+02 6.9028802490e+02 6.9035198975e+02 6.9044396973e+02 6.9053900146e+02 6.9064099121e+02
6.8509497070e+02 6.8523901367e+02 6.8536901855e+02 6.8550097656e+02 6.8563598633e+02 6.8578399658e+02 6.8593103027e+02 6.8609100342e+02 6.8622900391e+02 6.8635498047e+02 6.8649102783e+02 6.8663299561e+02 6.8678900146e+02 6.8694201660e+02 6.8707397461e+02 6.8718103027e+02 6.8731298828e+02 6.8742901611e+02 6.8756500244e+02 6.8770001221e+02 6.8781896973e+02 6.8795800781e+02 6.8808502197e+02 6.8821398926e+02 6.8834698486e+02 6.8846899414e+02 6.8858300781e+02 6.8870098877e+02 6.8880401611e+02 6.8892700195e+02 6.8904101563e+02 6.8915600586e+02 6.8926300049e+02 6.8936199951e+02 6.8946899414e+02 6.8956097412e+02 6.8966198730e+02 6.8976397705e+02 6.8986999512e+02 6.8995800781e+02 6.9004101563e+02 6.9012097168e+02 6.9019598389e+02 6.9029498291e+02 6.9039202881e+02 6.9048901367e+02
6.8497399902e+02 6.8508502197e+02 6.8522900391e+02 6.8536999512e+02 6.8549298096e+02 6.8560699463e+02 6.8575299072e+02 6.8594000244e+02 6.8609399414e+02 6.8619500732e+02 6.8634802246e+02 6.8647698975e+02 6.8659197998e+02 6.8675000000e+02 6.8688201904e+02 6.8700701904e+02 6.8713500977e+02 6.8724902344e+02 6.8737902832e+02 6.8751202393e+02 6.8763800049e+02 6.8778601074e+02 6.8790502930e+02 6.8803198242e+02 6.8816900635e+02 6.8829602051e+02 6.8840399170e+02 6.8852600098e+02 6.8863800049e+02 6.8876501465e+02 6.8888098145e+02 6.8897998047e+02 6.8907897949e+02 6.8920098877e+02 6.8932299805e+02 6.8941601563e+02 6.8952001953e+02 6.8960699463e+02 6.8969500732e+02 6.8979699707e+02 6.8989501953e+02 6.8996600342e+02 6.9005603027e+02 6.9015002441e+02 6.9022698975e+02 6.9033099365e+02
6.8483599854e+02 6.8494598389e+02 6.8508001709e+02 6.8520697021e+02 6.8532598877e+02 6.8546197510e+02 6.8560101318e+02 6.8575897217e+02 6.8590100098e+02 6.8602502441e+02 6.8617700195e+02 6.8630999756e+02 6.8645599365e+02 6.8658502197e+02 6.8669702148e+02 6.8682897949e+02 6.8695800781e+02 6.8708197021e+02 6.8720898438e+02 6.8733898926e+02 6.8747601318e+02 6.8761798096e+02 6.8774102783e+02 6.8784899902e+02 6.8796697998e+02 6.8812200928e+02 6.8823498535e+02 6.8834497070e+02 6.8845202637e+02 6.8859802246e+02 6.8871502686e+02 6.8882397461e+02 6.8894299316e+02 6.8904699707e+02 6.8916601563e+02 6.8926202393e+02 6.8936401367e+02 6.8945202637e+02 6.8954400635e+02 6.8965600586e+02 6.8974902344e+02 6.8982702637e+02 6.8991497803e+02 6.9000701904e+02 6.9008502197e+02 6.9017102051e+02
6.8467901611e+02 6.8480902100e+02 6.8493902588e+02 6.8505700684e+02 6.8517901611e+02 6.8531597900e+02 6.8544799805e+02 6.8558300781e+02 6.8573400879e+02 6.8586700439e+02 6.8601397705e+02 6.8614099121e+02 6.8628802490e+02 6.8641900635e+02 6.8652600098e+02 6.8664501953e+02 6.8677398682e+02 6.8690899658e+02 6.8703997803e+02 6.8717102051e+02 6.8730499268e+02 6.8743200684e+02 6.8755700684e+02 6.8767700195e+02 6.8779797363e+02 6.8793499756e+02 6.8806402588e+02 6.8818798828e+02 6.8829498291e+02 6.8843200684e+02 6.8854602051e+02 6.8866497803e+02 6.8878802490e+02 6.8887701416e+02 6.8899200439e+02 6.8909197998e+02 6.8921801758e+02 6.8930700684e+02 6.8939300537e+02 6.8950000000e+02 6.8959698486e+02 6.8968402100e+02 6.8976300049e+02 6.8984399414e+02 6.8991900635e+02 6.9000799561e+02
6.8452899170e+02 6.8468298340e+02 6.8481402588e+02 6.8491900635e+02 6.8503002930e+02 6.8515899658e+02 6.8529199219e+02 6.8543200684e+02 6.8558398438e+02 6.8571301270e+02 6.8584997559e+02 6.8596801758e+02 6.8609899902e+02 6.8623400879e+02 6.8635699463e+02 6.8647302246e+02 6.8659497070e+02 6.8671997070e+02 6.8686102295e+02 6.8700799561e+02 6.8713201904e+02 6.8725799561e+02 6.8738397217e+02 6.8751501465e+02 6.8764398193e+02 6.8776202393e+02 6.8789202881e+02 6.8801800537e+02 6.8812902832e+02 6.8826501465e+02 6.8837500000e+02 6.8849902344e+02 6.8862097168e+02 6.8871502686e+02 6.8883502197e+02 6.8892999268e+02 6.8905798340e+02 6.8915698242e+02 6.8925299072e+02 6.8935400391e+02 6.8944799805e+02 6.8953601074e+02 6.8961102295e+02 6.8969000244e+02 6.8976800537e+02 6.8985998535e+02
6.8437902832e+02 6.8452301025e+02 6.8466198730e+02 6.8478399658e+02 6.8490698242e+02 6.8502600098e+02 6.8515197754e+02 6.8527502441e+02 6.8541302490e+02 6.8557098389e+02 6.8569702148e+02 6.8581402588e+02 6.8594897461e+02 6.8606201172e+02 6.8618298340e+02 6.8631701660e+02 6.8643103027e+02 6.8652697754e+02 6.8666699219e+02 6.8682702637e+02 6.8694897461e+02 6.8709399414e+02 6.8722497559e+02 6.8732897949e+02 6.8744500732e+02 6.8759002686e+02 6.8771002197e+02 6.8783898926e+02 6.8793499756e+02 6.8809197998e+02 6.8821099854e+02 6.8832702637e+02 6.8841302490e+02 6.8854400635e+02 6.8866699219e+02 6.8875701904e+02 6.8890100098e+02 6.8901000977e+02 6.8911700439e+02 6.8921002197e+02 6.8929498291e+02 6.8937500000e+02 6.8945001221e+02 6.8953997803e+02 6.8963299561e+02 6.8971697998e+02
6.8425799561e+02 6.8439099121e+02 6.8451800537e+02 6.8464202881e+02 6.8477001953e+02 6.8490899658e+02 6.8502697754e+02 6.8513201904e+02 6.8527398682e+02 6.8540899658e+02 6.8553302002e+02 6.8565002441e+02 6.8577697754e+02 6.8589398193e+02 6.8600500488e+02 6.8614599609e+02 6.8627502441e+02 6.8640100098e+02 6.8653002930e+02 6.8665197754e+02 6.8677801514e+02 6.8691497803e+02 6.8704498291e+02 6.8715502930e+02 6.8728997803e+02 6.8741302490e+02 6.8752398682e+02 6.8765100098e+02 6.8777001953e+02 6.8791497803e+02 6.8802301025e+02 6.8814501953e+02 6.8826300049e+02 6.8840301514e+02 6.8850598145e+02 6.8859100342e+02 6.8873101807e+02 6.8884600830e+02 6.8895697021e+02 6.8905999756e+02 6.8914501953e+02 6.8923797607e+02 6.8932397461e+02 6.8940899658e+02 6.8949401855e+02 6.8957299805e+02
6.8411199951e+02 6.8425000000e+02 6.8438800049e+02 6.8451898193e+02 6.8463500977e+02 6.8476599121e+02 6.8488500977e+02 6.8499200439e+02 6.8512701416e+02 6.8525201416e+02 6.8538098145e+02 6.8549200439e+02 6.8560998535e+02 6.8571899414e+02 6.8584197998e+02 6.8598101807e+02 6.8610101318e+02 6.8624902344e+02 6.8637701416e+02 6.8649298096e+02 6.8661700439e+02 6.8673901367e+02 6.8685699463e+02 6.8697399902e+02 6.8711297607e+02 6.8722998047e+02 6.8733197021e+02 6.8746398926e+02 6.8760400391e+02 6.8773797607e+02 6.8784197998e+02 6.8797302246e+02 6.8809899902e+02 6.8821600342e+02 6.8834197998e+02 6.8845501709e+02 6.8856402588e+02 6.8868200684e+02 6.8878997803e+02 6.8890197754e+02 6.8898498535e+02 6.8908001709e+02 6.8916601563e+02 6.8925402832e+02 6.8935101318e+02 6.8942700195e+02
6.8396502686e+02 6.8409698486e+02 6.8423699951e+02 6.8436999512e+02 6.8448901367e+02 6.8460998535e+02 6.8472698975e+02 6.8484197998e+02 6.8496301270e+02 6.8509497070e+02 6.8523999023e+02 6.8534698486e+02 6.8545202637e+02 6.8554498291e+02 6.8569097900e+02 6.8583697510e+02 6.8595001221e+02 6.8609197998e+02 6.8621099854e+02 6.8633801270e+02 6.8644799805e+02 6.8656201172e+02 6.8668103027e+02 6.8680200195e+02 6.8692297363e+02 6.8705798340e+02 6.8717901611e+02 6.8730401611e+02 6.8741198730e+02 6.8755499268e+02 6.8767498779e+02 6.8780297852e+02 6.8791900635e+02 6.8801702881e+02 6.8815802002e+02 6.8827502441e+02 6.8838201904e+02 6.8851000977e+02 6.8860900879e+02 6.8871997070e+02 6.8881500244e+02 6.8892199707e+02 6.8900701904e+02 6.8909600830e+02 6.8919598389e+02 6.8927001953e+02
