TESTSERVER/17/5.asc
NCOLS 100
NROWS 100
XLLCORNER 8.3497500000e+03
YLLCORNER 2.8970025000e+05
CELLSIZE 5.0000000000e-01
NODATA_VALUE -9.9990000000e+03
[rows 60 to 79 of 100, columns 0 to 45 of 100]
6.7628601074e+02 6.7636499023e+02 6.7646801758e+02 6.7658001709e+02 6.7664898682e+02 6.7673901367e+02 6.7682000732e+02 6.7690197754e+02 6.7700201416e+02 6.7706402588e+02 6.7713800049e+02 6.7722802734e+02 6.7729199219e+02 6.7738702393e+02 6.7747497559e+02 6.7754498291e+02 6.7763800049e+02 6.7771002197e+02 6.7778601074e+02 6.7786401367e+02 6.7793902588e+02 6.7802301025e+02 6.7808801270e+02 6.7816900635e+02 6.7825097656e+02 6.7833300781e+02 6.7841198730e+02 6.7849798584e+02 6.7859997559e+02 6.7868902588e+02 6.7876300049e+02 6.7883502197e+02 6.7890502930e+02 6.7897497559e+02 6.7903302002e+02 6.7911798096e+02 6.7920800781e+02 6.7929797363e+02 6.7946099854e+02 6.7961700439e+02 6.7973999023e+02 6.7984698486e+02 6.7993701172e+02 6.8001898193e+02 6.8011102295e+02 6.8027600098e+02
6.7618902588e+02 6.7627697754e+02 6.7636401367e+02 6.7645397949e+02 6.7653997803e+02 6.7663702393e+02 6.7671002197e+02 6.7679699707e+02 6.7688702393e+02 6.7695397949e+02 6.7703198242e+02 6.7711102295e+02 6.7718902588e+02 6.7728198242e+02 6.7735900879e+02 6.7743402100e+02 6.7752001953e+02 6.7760699463e+02 6.7769097900e+02 6.7775201416e+02 6.7781799316e+02 6.7790899658e+02 6.7797802734e+02 6.7804998779e+02 6.7813201904e+02 6.7820098877e+02 6.7829199219e+02 6.7839398193e+02 6.7848999023e+02 6.7855798340e+02 6.7863500977e+02 6.7870898438e+02 6.7877099609e+02 6.7883197021e+02 6.7888598633e+02 6.7896502686e+02 6.7904101563e+02 6.7916601563e+02 6.7930902100e+02 6.7945501709e+02 6.7960101318e+02 6.7969799805e+02 6.7979699707e+02 6.7987799072e+02 6.7996197510e+02 6.8012500000e+02
6.7608801270e+02 6.7617297363e+02 6.7626202393e+02 6.7634600830e+02 6.7643103027e+02 6.7651898193e+02 6.7660601807e+02 6.7669799805e+02 6.7677502441e+02 6.7686102295e+02 6.7693402100e+02 6.7699597168e+02 6.7708197021e+02 6.7717297363e+02 6.7724700928e+02 6.7732202148e+02 6.7739801025e+02 6.7749298096e+02 6.7757702637e+02 6.7763500977e+02 6.7771099854e+02 6.7779602051e+02 6.7786901855e+02 6.7793499756e+02 6.7802301025e+02 6.7808502197e+02 6.7816998291e+02 6.7827301025e+02 6.7835900879e+02 6.7842901611e+02 6.7851202393e+02 6.7859002686e+02 6.7865002441e+02 6.7870800781e+02 6.7875598145e+02 6.7881799316e+02 6.7890399170e+02 6.7904797363e+02 6.7917797852e+02 6.7929901123e+02 6.7944000244e+02 6.7953302002e+02 6.7963800049e+02 6.7972399902e+02 6.7981097412e+02 6.7997601318e+02
6.7599401855e+02 6.7608001709e+02 6.7616497803e+02 6.7624499512e+02 6.7632299805e+02 6.7640301514e+02 6.7649902344e+02 6.7659197998e+02 6.7666302490e+02 6.7676098633e+02 6.7684197998e+02 6.7690600586e+02 6.7698199463e+02 6.7705902100e+02 6.7713702393e+02 6.7721502686e+02 6.7728698730e+02 6.7737200928e+02 6.7745202637e+02 6.7753002930e+02 6.7761798096e+02 6.7768298340e+02 6.7775701904e+02 6.7782299805e+02 6.7790100098e+02 6.7796801758e+02 6.7804998779e+02 6.7814898682e+02 6.7823199463e+02 6.7830700684e+02 6.7839001465e+02 6.7846398926e+02 6.7852801514e+02 6.7857702637e+02 6.7862298584e+02 6.7868298340e+02 6.7877801514e+02 6.7888702393e+02 6.7903002930e+02 6.7916601563e+02 6.7928399658e+02 6.7936999512e+02 6.7947100830e+02 6.7955603027e+02 6.7964099121e+02 6.7981500244e+02
6.7589202881e+02 6.7598797607e+02 6.7605700684e+02 6.7613500977e+02 6.7622900391e+02 6.7630603027e+02 6.7638598633e+02 6.7647698975e+02 6.7656097412e+02 6.7664099121e+02 6.7673101807e+02 6.7681597900e+02 6.7688702393e+02 6.7696502686e+02 6.7704199219e+02 6.7710900879e+02 6.7719299316e+02 6.7727801514e+02 6.7734197998e+02 6.7741802979e+02 6.7751202393e+02 6.7757800293e+02 6.7763800049e+02 6.7770300293e+02 6.7779199219e+02 6.7786199951e+02 6.7793798828e+02 6.7802398682e+02 6.7810699463e+02 6.7820098877e+02 6.7827502441e+02 6.7833801270e+02 6.7839398193e+02 6.7845098877e+02 6.7850201416e+02 6.7855798340e+02 6.7863800049e+02 6.7871600342e+02 6.7885198975e+02 6.7899902344e+02 6.7911602783e+02 6.7922900391e+02 6.7933300781e+02 6.7941302490e+02 6.7947802734e+02 6.7965197754e+02
6.7577600098e+02 6.7586297607e+02 6.7594702148e+02 6.7603698730e+02 6.7611901855e+02 6.7621197510e+02 6.7629699707e+02 6.7638500977e+02 6.7645501709e+02 6.7653601074e+02 6.7662701416e+02 6.7670697021e+02 6.7679199219e+02 6.7688098145e+02 6.7695397949e+02 6.7701397705e+02 6.7710400391e+02 6.7719702148e+02 6.7725402832e+02 6.7730499268e+02 6.7738098145e+02 6.7746997070e+02 6.7753997803e+02 6.7760900879e+02 6.7768103027e+02 6.7774499512e+02 6.7782299805e+02 6.7790899658e+02 6.7799298096e+02 6.7806799316e+02 6.7814599609e+02 6.7822399902e+02 6.7827899170e+02 6.7833599854e+02 6.7838000488e+02 6.7842797852e+02 6.7849298096e+02 6.7860601807e+02 6.7872100830e+02 6.7882897949e+02 6.7895599365e+02 6.7908502197e+02 6.7918200684e+02 6.7926501465e+02 6.7935498047e+02 6.7952099609e+02
6.7567901611e+02 6.7576397705e+02 6.7584301758e+02 6.7593200684e+02 6.7601800537e+02 6.7610498047e+02 6.7618701172e+02 6.7627502441e+02 6.7634899902e+02 6.7643701172e+02 6.7653100586e+02 6.7660498047e+02 6.7669799805e+02 6.7678698730e+02 6.7684997559e+02 6.7690899658e+02 6.7699298096e+02 6.7707897949e+02 6.7714599609e+02 6.7720397949e+02 6.7727398682e+02 6.7735198975e+02 6.7741998291e+02 6.7749798584e+02 6.7756896973e+02 6.7763397217e+02 6.7770300293e+02 6.7778601074e+02 6.7788000488e+02 6.7795001221e+02 6.7802600098e+02 6.7810101318e+02 6.7815802002e+02 6.7821600342e+02 6.7826098633e+02 6.7831298828e+02 6.7837097168e+02 6.7848400879e+02 6.7858599854e+02 6.7869396973e+02 6.7882000732e+02 6.7895397949e+02 6.7904101563e+02 6.7912097168e+02 6.7921301270e+02 6.7937902832e+02
6.7557501221e+02 6.7567901611e+02 6.7575500488e+02 6.7583697510e+02 6.7592797852e+02 6.7600598145e+02 6.7607598877e+02 6.7616198730e+02 6.7624499512e+02 6.7634899902e+02 6.7643701172e+02 6.7650799561e+02 6.7660302734e+02 6.7667102051e+02 6.7673602295e+02 6.7681500244e+02 6.7689697266e+02 6.7697698975e+02 6.7704699707e+02 6.7711297607e+02 6.7718103027e+02 6.7725201416e+02 6.7731201172e+02 6.7738702393e+02 6.7746301270e+02 6.7753900146e+02 6.7759997559e+02 6.7767199707e+02 6.7776702881e+02 6.7784899902e+02 6.7792297363e+02 6.7798400879e+02 6.7803601074e+02 6.7809802246e+02 6.7814300537e+02 6.7819396973e+02 6.7825299072e+02 6.7833898926e+02 6.7844201660e+02 6.7857098389e+02 6.7869500732e+02 6.7880798340e+02 6.7887597656e+02 6.7894799805e+02 6.7905102539e+02 6.7921398926e+02
6.7545898438e+02 6.7556500244e+02 6.7565301514e+02 6.7573602295e+02 6.7582098389e+02 6.7591101074e+02 6.7599200439e+02 6.7607299805e+02 6.7615802002e+02 6.7626599121e+02 6.7633502197e+02 6.7639300537e+02 6.7648797607e+02 6.7656896973e+02 6.7663897705e+02 6.7672698975e+02 6.7680603027e+02 6.7687799072e+02 6.7695300293e+02 6.7702099609e+02 6.7708801270e+02 6.7715301514e+02 6.7721899414e+02 6.7729199219e+02 6.7736901855e+02 6.7743200684e+02 6.7749401855e+02 6.7755902100e+02 6.7764300537e+02 6.7773602295e+02 6.7781298828e+02 6.7787597656e+02 6.7792700195e+02 6.7798498535e+02 6.7802801514e+02 6.7807800293e+02 6.7815600586e+02 6.7821398926e+02 6.7830297852e+02 6.7841802979e+02 6.7854199219e+02 6.7866400146e+02 6.7873498535e+02 6.7880499268e+02 6.7891802979e+02 6.7904797363e+02
6.7536199951e+02 6.7545501709e+02 6.7554602051e+02 6.7564599609e+02 6.7573297119e+02 6.7582397461e+02 6.7590899658e+02 6.7598400879e+02 6.7605999756e+02 6.7614001465e+02 6.7621899414e+02 6.7629101563e+02 6.7637500000e+02 6.7645501709e+02 6.7654498291e+02 6.7662097168e+02 6.7669500732e+02 6.7677099609e+02 6.7684600830e+02 6.7691497803e+02 6.7698400879e+02 6.7705102539e+02 6.7713098145e+02 6.7721301270e+02 6.7727899170e+02 6.7733099365e+02 6.7739398193e+02 6.7746502686e+02 6.7754901123e+02 6.7762597656e+02 6.7769299316e+02 6.7775897217e+02 6.7781097412e+02 6.7787500000e+02 6.7792401123e+02 6.7796899414e+02 6.7801898193e+02 6.7808502197e+02 6.7818103027e+02 6.7829101563e+02 6.7840502930e+02 6.7851702881e+02 6.7860498047e+02 6.7868798828e+02 6.7879498291e+02 6.7889300537e+02
6.7526098633e+02 6.7535302734e+02 6.7544396973e+02 6.7553997803e+02 6.7561798096e+02 6.7572100830e+02 6.7581097412e+02 6.7589801025e+02 6.7598199463e+02 6.7604699707e+02 6.7611700439e+02 6.7619299316e+02 6.7628399658e+02 6.7636798096e+02 6.7644201660e+02 6.7651202393e+02 6.7660302734e+02 6.7666900635e+02 6.7674401855e+02 6.7681701660e+02 6.7687902832e+02 6.7694500732e+02 6.7702899170e+02 6.7711602783e+02 6.7717700195e+02 6.7723999023e+02 6.7730798340e+02 6.7737402344e+02 6.7745501709e+02 6.7752502441e+02 6.7759698486e+02 6.7766497803e+02 6.7770800781e+02 6.7776898193e+02 6.7781896973e+02 6.7786901855e+02 6.7791198730e+02 6.7796899414e+02 6.7805999756e+02 6.7816497803e+02 6.7827001953e+02 6.7837902832e+02 6.7846502686e+02 6.7855200195e+02 6.7866198730e+02 6.7876202393e+02
6.7515698242e+02 6.7525897217e+02 6.7534698486e+02 6.7542999268e+02 6.7550299072e+02 6.7560699463e+02 6.7569799805e+02 6.7579498291e+02 6.7588897705e+02 6.7595397949e+02 6.7602301025e+02 6.7609600830e+02 6.7618200684e+02 6.7627197266e+02 6.7634301758e+02 6.7641101074e+02 6.7650500488e+02 6.7657000732e+02 6.7665002441e+02 6.7672302246e+02 6.7678198242e+02 6.7685198975e+02 6.7693499756e+02 6.7702099609e+02 6.7707299805e+02 6.7713598633e+02 6.7720599365e+02 6.7727301025e+02 6.7735302734e+02 6.7741802979e+02 6.7748999023e+02 6.7755401611e+02 6.7760900879e+02 6.7766802979e+02 6.7771801758e+02 6.7777001953e+02 6.7780798340e+02 6.7785797119e+02 6.7794299316e+02 6.7804199219e+02 6.7815002441e+02 6.7826300049e+02 6.7834399414e+02 6.7842700195e+02 6.7853002930e+02 6.7861499023e+02
6.7503601074e+02 6.7515301514e+02 6.7524902344e+02 6.7533801270e+02 6.7542498779e+02 6.7551202393e+02 6.7559802246e+02 6.7570001221e+02 6.7579400635e+02 6.7587097168e+02 6.7594000244e+02 6.7600897217e+02 6.7608398438e+02 6.7616998291e+02 6.7625201416e+02 6.7630700684e+02 6.7639599609e+02 6.7648199463e+02 6.7655499268e+02 6.7662402344e+02 6.7668499756e+02 6.7676501465e+02 6.7685101318e+02 6.7692797852e+02 6.7697198486e+02 6.7703399658e+02 6.7710400391e+02 6.7717498779e+02 6.7725201416e+02 6.7731500244e+02 6.7738397217e+02 6.7744201660e+02 6.7751000977e+02 6.7757501221e+02 6.7761999512e+02 6.7766699219e+02 6.7769799805e+02 6.7775097656e+02 6.7782897949e+02 6.7793200684e+02 6.7803698730e+02 6.7814398193e+02 6.7823101807e+02 6.7830798340e+02 6.7840399170e+02 6.7849200439e+02
6.7491998291e+02 6.7504498291e+02 6.7513299561e+02 6.7522399902e+02 6.7531500244e+02 6.7539398193e+02 6.7548699951e+02 6.7559002686e+02 6.7567901611e+02 6.7577600098e+02 6.7584802246e+02 6.7591601563e+02 6.7600000000e+02 6.7608300781e+02 6.7615301514e+02 6.7621600342e+02 6.7629302979e+02 6.7636499023e+02 6.7643701172e+02 6.7652301025e+02 6.7659802246e+02 6.7665301514e+02 6.7673199463e+02 6.7680999756e+02 6.7687402344e+02 6.7693798828e+02 6.7700701904e+02 6.7707000732e+02 6.7714001465e+02 6.7721502686e+02 6.7728997803e+02 6.7734197998e+02 6.7740100098e+02 6.7746099854e+02 6.7750799561e+02 6.7755798340e+02 6.7759698486e+02 6.7765197754e+02 6.7770697021e+02 6.7779699707e+02 6.7790600586e+02 6.7802502441e+02 6.7810998535e+02 6.7817700195e+02 6.7826702881e+02 6.7837500000e+02
6.7477502441e+02 6.7490301514e+02 6.7500500488e+02 6.7510998535e+02 6.7520697021e+02 6.7529901123e+02 6.7539398193e+02 6.7547900391e+02 6.7557000732e+02 6.7567901611e+02 6.7575500488e+02 6.7582702637e+02 6.7589697266e+02 6.7598699951e+02 6.7605999756e+02 6.7612902832e+02 6.7620300293e+02 6.7627600098e+02 6.7634002686e+02 6.7641802979e+02 6.7649200439e+02 6.7655798340e+02 6.7664001465e+02 6.7671301270e+02 6.7678698730e+02 6.7684100342e+02 6.7691699219e+02 6.7698602295e+02 6.7704400635e+02 6.7710998535e+02 6.7718499756e+02 6.7725097656e+02 6.7731402588e+02 6.7736999512e+02 6.7742199707e+02 6.7747302246e+02 6.7750500488e+02 6.7754998779e+02 6.7760101318e+02 6.7767498779e+02 6.7778002930e+02 6.7790698242e+02 6.7800201416e+02 6.7807202148e+02 6.7813299561e+02 6.7823901367e+02
6.7463598633e+02 6.7476202393e+02 6.7487097168e+02 6.7498101807e+02 6.7508502197e+02 6.7519897461e+02 6.7528497314e+02 6.7538000488e+02 6.7547998047e+02 6.7558599854e+02 6.7566601563e+02 6.7574902344e+02 6.7580798340e+02 6.7589202881e+02 6.7596600342e+02 6.7603497314e+02 6.7610699463e+02 6.7618402100e+02 6.7624298096e+02 6.7630297852e+02 6.7636798096e+02 6.7646197510e+02 6.7654797363e+02 6.7661297607e+02 6.7669299316e+02 6.7674700928e+02 6.7681896973e+02 6.7688897705e+02 6.7696099854e+02 6.7701501465e+02 6.7707702637e+02 6.7714202881e+02 6.7721697998e+02 6.7727899170e+02 6.7733099365e+02 6.7737597656e+02 6.7740899658e+02 6.7744702148e+02 6.7750500488e+02 6.7757897949e+02 6.7767700195e+02 6.7778601074e+02 6.7789099121e+02 6.7796801758e+02 6.7801898193e+02 6.7810302734e+02
6.7451202393e+02 6.7463098145e+02 6.7473797607e+02 6.7484497070e+02 6.7494799805e+02 6.7507299805e+02 6.7517797852e+02 6.7528302002e+02 6.7539099121e+02 6.7547601318e+02 6.7555798340e+02 6.7564501953e+02 6.7571997070e+02 6.7579101563e+02 6.7586199951e+02 6.7594000244e+02 6.7601300049e+02 6.7609002686e+02 6.7615899658e+02 6.7621502686e+02 6.7628601074e+02 6.7636901855e+02 6.7644598389e+02 6.7651098633e+02 6.7657800293e+02 6.7665502930e+02 6.7671899414e+02 6.7678802490e+02 6.7686199951e+02 6.7692199707e+02 6.7698199463e+02 6.7703802490e+02 6.7711602783e+02 6.7718597412e+02 6.7723901367e+02 6.7727899170e+02 6.7732098389e+02 6.7734802246e+02 6.7740002441e+02 6.7747601318e+02 6.7756896973e+02 6.7767700195e+02 6.7777301025e+02 6.7784301758e+02 6.7789599609e+02 6.7796301270e+02
6.7439501953e+02 6.7450799561e+02 6.7461901855e+02 6.7472399902e+02 6.7482702637e+02 6.7494897461e+02 6.7506097412e+02 6.7517602539e+02 6.7529797363e+02 6.7537597656e+02 6.7545697021e+02 6.7553497314e+02 6.7562298584e+02 6.7569598389e+02 6.7576800537e+02 6.7584802246e+02 6.7591302490e+02 6.7600000000e+02 6.7607800293e+02 6.7613897705e+02 6.7620697021e+02 6.7627801514e+02 6.7635498047e+02 6.7642102051e+02 6.7647900391e+02 6.7656896973e+02 6.7663397217e+02 6.7669799805e+02 6.7677502441e+02 6.7683599854e+02 6.7690100098e+02 6.7696002197e+02 6.7701898193e+02 6.7708099365e+02 6.7714599609e+02 6.7719897461e+02 6.7723199463e+02 6.7726000977e+02 6.7731298828e+02 6.7738897705e+02 6.7747900391e+02 6.7757800293e+02 6.7765802002e+02 6.7773199463e+02 6.7778399658e+02 6.7786798096e+02
6.7426000977e+02 6.7438000488e+02 6.7449798584e+02 6.7460302734e+02 6.7470501709e+02 6.7482299805e+02 6.7494201660e+02 6.7505902100e+02 6.7517401123e+02 6.7527001953e+02 6.7535797119e+02 6.7544000244e+02 6.7553802490e+02 6.7561700439e+02 6.7568103027e+02 6.7575402832e+02 6.7582397461e+02 6.7590002441e+02 6.7597900391e+02 6.7604901123e+02 6.7612298584e+02 6.7618701172e+02 6.7626000977e+02 6.7632202148e+02 6.7638201904e+02 6.7647100830e+02 6.7653601074e+02 6.7659899902e+02 6.7668597412e+02 6.7674200439e+02 6.7681402588e+02 6.7688500977e+02 6.7693701172e+02 6.7698400879e+02 6.7705200195e+02 6.7711700439e+02 6.7714202881e+02 6.7717297363e+02 6.7722302246e+02 6.7729602051e+02 6.7738000488e+02 6.7747302246e+02 6.7755999756e+02 6.7763397217e+02 6.7768499756e+02 6.7776202393e+02
6.7412298584e+02 6.7425701904e+02 6.7437701416e+02 6.7449200439e+02 6.7459497070e+02 6.7470800781e+02 6.7482098389e+02 6.7492797852e+02 6.7504498291e+02 6.7516302490e+02 6.7525799561e+02 6.7534698486e+02 6.7544097900e+02 6.7551702881e+02 6.7558502197e+02 6.7565399170e+02 6.7573901367e+02 6.7580902100e+02 6.7588702393e+02 6.7595898438e+02 6.7603302002e+02 6.7609399414e+02 6.7616497803e+02 6.7622497559e+02 6.7628698730e+02 6.7636199951e+02 6.7643298340e+02 6.7649798584e+02 6.7659899902e+02 6.7665502930e+02 6.7671600342e+02 6.7678698730e+02 6.7685101318e+02 6.7690197754e+02 6.7696099854e+02 6.7701702881e+02 6.7704602051e+02 6.7708898926e+02 6.7713897705e+02 6.7721398926e+02 6.7729400635e+02 6.7737097168e+02 6.7745098877e+02 6.7752697754e+02 6.7758898926e+02 6.7766101074e+02
