TESTSERVER/17/5.asc
NCOLS 100
NROWS 100
XLLCORNER 8.3497500000e+03
YLLCORNER 2.8970025000e+05
CELLSIZE 5.0000000000e-01
NODATA_VALUE -9.9990000000e+03
[rows 0 to 19 of 100, columns 0 to 45 of 100]
6.8383300781e+02 6.8396002197e+02 6.8409002686e+02 6.8421600342e+02 6.8434497070e+02 6.8445898438e+02 6.8457702637e+02 6.8470202637e+02 6.8481500244e+02 6.8494201660e+02 6.8508599854e+02 6.8520202637e+02 6.8530102539e+02 6.8538800049e+02 6.8552697754e+02 6.8565802002e+02 6.8577301025e+02 6.8591400146e+02 6.8603399658e+02 6.8616699219e+02 6.8626800537e+02 6.8640301514e+02 6.8652899170e+02 6.8664697266e+02 6.8677502441e+02 6.8689300537e+02 6.8701202393e+02 6.8713098145e+02 6.8725402832e+02 6.8738201904e+02 6.8750299072e+02 6.8762298584e+02 6.8773297119e+02 6.8786499023e+02 6.8800000000e+02 6.8809197998e+02 6.8821002197e+02 6.8834100342e+02 6.8845300293e+02 6.8856799316e+02 6.8868103027e+02 6.8876800537e+02 6.8886401367e+02 6.8895300293e+02 6.8904199219e+02 6.8911102295e+02
6.8369000244e+02 6.8381402588e+02 6.8393902588e+02 6.8406402588e+02 6.8419396973e+02 6.8428302002e+02 6.8440997314e+02 6.8454901123e+02 6.8467401123e+02 6.8480499268e+02 6.8493798828e+02 6.8505401611e+02 6.8514202881e+02 6.8523901367e+02 6.8537500000e+02 6.8551098633e+02 6.8563500977e+02 6.8574902344e+02 6.8586999512e+02 6.8598297119e+02 6.8610900879e+02 6.8624401855e+02 6.8636901855e+02 6.8648199463e+02 6.8659997559e+02 6.8672900391e+02 6.8683697510e+02 6.8695800781e+02 6.8708197021e+02 6.8722399902e+02 6.8734197998e+02 6.8744897461e+02 6.8754602051e+02 6.8769201660e+02 6.8783502197e+02 6.8791998291e+02 6.8805499268e+02 6.8815502930e+02 6.8826397705e+02 6.8838897705e+02 6.8849700928e+02 6.8859100342e+02 6.8869702148e+02 6.8879199219e+02 6.8888299561e+02 6.8896997070e+02
6.8355200195e+02 6.8365997314e+02 6.8378997803e+02 6.8392102051e+02 6.8404498291e+02 6.8413397217e+02 6.8425402832e+02 6.8439202881e+02 6.8452502441e+02 6.8466601563e+02 6.8479998779e+02 6.8491302490e+02 6.8500701904e+02 6.8512799072e+02 6.8525201416e+02 6.8537902832e+02 6.8548797607e+02 6.8559002686e+02 6.8571600342e+02 6.8583398438e+02 6.8596398926e+02 6.8608001709e+02 6.8619500732e+02 6.8630700684e+02 6.8641900635e+02 6.8654699707e+02 6.8665997314e+02 6.8679400635e+02 6.8690899658e+02 6.8704602051e+02 6.8717102051e+02 6.8727801514e+02 6.8737500000e+02 6.8750402832e+02 6.8763500977e+02 6.8773199463e+02 6.8786901855e+02 6.8796600342e+02 6.8808001709e+02 6.8820001221e+02 6.8830499268e+02 6.8842297363e+02 6.8853601074e+02 6.8863598633e+02 6.8872698975e+02 6.8882897949e+02
6.8341198730e+02 6.8351501465e+02 6.8364697266e+02 6.8377899170e+02 6.8388897705e+02 6.8400500488e+02 6.8412298584e+02 6.8424798584e+02 6.8438000488e+02 6.8452001953e+02 6.8464898682e+02 6.8476000977e+02 6.8486999512e+02 6.8499298096e+02 6.8511798096e+02 6.8523498535e+02 6.8532598877e+02 6.8544000244e+02 6.8556201172e+02 6.8568597412e+02 6.8579797363e+02 6.8592102051e+02 6.8603601074e+02 6.8615197754e+02 6.8627301025e+02 6.8639202881e+02 6.8650097656e+02 6.8663500977e+02 6.8673498535e+02 6.8686499023e+02 6.8698901367e+02 6.8709899902e+02 6.8721002197e+02 6.8733898926e+02 6.8746801758e+02 6.8757897949e+02 6.8769299316e+02 6.8779498291e+02 6.8791198730e+02 6.8803100586e+02 6.8812200928e+02 6.8825097656e+02 6.8837298584e+02 6.8847900391e+02 6.8856896973e+02 6.8866497803e+02
6.8328997803e+02 6.8339398193e+02 6.8350897217e+02 6.8363000488e+02 6.8374200439e+02 6.8386798096e+02 6.8398699951e+02 6.8409600830e+02 6.8422698975e+02 6.8437200928e+02 6.8448699951e+02 6.8459497070e+02 6.8472302246e+02 6.8482299805e+02 6.8495898438e+02 6.8508599854e+02 6.8518402100e+02 6.8531097412e+02 6.8542901611e+02 6.8553002930e+02 6.8561901855e+02 6.8576202393e+02 6.8588299561e+02 6.8599798584e+02 6.8610699463e+02 6.8622900391e+02 6.8634698486e+02 6.8648602295e+02 6.8659002686e+02 6.8669299316e+02 6.8680499268e+02 6.8693597412e+02 6.8705603027e+02 6.8716998291e+02 6.8730999756e+02 6.8742999268e+02 6.8752801514e+02 6.8764202881e+02 6.8776098633e+02 6.8787402344e+02 6.8795898438e+02 6.8807702637e+02 6.8818298340e+02 6.8827899170e+02 6.8839300537e+02 6.8848498535e+02
6.8315301514e+02 6.8326898193e+02 6.8337701416e+02 6.8348999023e+02 6.8362200928e+02 6.8372998047e+02 6.8385302734e+02 6.8397698975e+02 6.8409100342e+02 6.8422399902e+02 6.8433801270e+02 6.8445397949e+02 6.8458502197e+02 6.8468902588e+02 6.8482501221e+02 6.8493798828e+02 6.8503497314e+02 6.8515502930e+02 6.8527398682e+02 6.8537097168e+02 6.8547198486e+02 6.8560900879e+02 6.8572302246e+02 6.8584100342e+02 6.8595697021e+02 6.8607098389e+02 6.8618103027e+02 6.8631298828e+02 6.8642297363e+02 6.8653997803e+02 6.8664898682e+02 6.8677099609e+02 6.8689099121e+02 6.8701898193e+02 6.8713299561e+02 6.8722900391e+02 6.8736102295e+02 6.8747698975e+02 6.8759497070e+02 6.8771398926e+02 6.8780999756e+02 6.8792297363e+02 6.8802398682e+02 6.8813299561e+02 6.8823901367e+02 6.8832598877e+02
6.8302197266e+02 6.8313598633e+02 6.8324597168e+02 6.8335998535e+02 6.8349597168e+02 6.8359698486e+02 6.8371502686e+02 6.8384301758e+02 6.8395800781e+02 6.8408599854e+02 6.8420098877e+02 6.8431500244e+02 6.8443499756e+02 6.8455999756e+02 6.8467999268e+02 6.8478399658e+02 6.8488897705e+02 6.8500598145e+02 6.8512701416e+02 6.8522601318e+02 6.8533398438e+02 6.8545898438e+02 6.8557299805e+02 6.8569201660e+02 6.8579901123e+02 6.8591699219e+02 6.8601898193e+02 6.8613500977e+02 6.8624597168e+02 6.8638000488e+02 6.8649102783e+02 6.8660101318e+02 6.8670300293e+02 6.8682897949e+02 6.8695397949e+02 6.8707202148e+02 6.8720300293e+02 6.8731097412e+02 6.8743103027e+02 6.8755200195e+02 6.8765698242e+02 6.8776098633e+02 6.8784997559e+02 6.8796600342e+02 6.8805902100e+02 6.8815502930e+02
6.8289202881e+02 6.8300799561e+02 6.8312402344e+02 6.8323699951e+02 6.8335101318e+02 6.8346301270e+02 6.8357299805e+02 6.8369097900e+02 6.8381597900e+02 6.8394000244e+02 6.8405999756e+02 6.8417700195e+02 6.8429101563e+02 6.8442498779e+02 6.8453100586e+02 6.8464300537e+02 6.8475000000e+02 6.8485302734e+02 6.8496899414e+02 6.8507897949e+02 6.8518798828e+02 6.8530499268e+02 6.8541998291e+02 6.8553997803e+02 6.8565100098e+02 6.8576501465e+02 6.8586901855e+02 6.8597900391e+02 6.8609197998e+02 6.8622698975e+02 6.8634100342e+02 6.8645001221e+02 6.8653997803e+02 6.8664801025e+02 6.8677899170e+02 6.8691900635e+02 6.8703497314e+02 6.8715100098e+02 6.8727099609e+02 6.8738201904e+02 6.8747900391e+02 6.8758898926e+02 6.8769299316e+02 6.8780700684e+02 6.8787701416e+02 6.8798400879e+02
6.8275500488e+02 6.8288098145e+02 6.8300000000e+02 6.8311798096e+02 6.8323297119e+02 6.8334497070e+02 6.8345300293e+02 6.8355700684e+02 6.8367401123e+02 6.8380401611e+02 6.8393200684e+02 6.8404998779e+02 6.8415997314e+02 6.8427398682e+02 6.8438702393e+02 6.8449798584e+02 6.8459997559e+02 6.8471997070e+02 6.8482501221e+02 6.8493200684e+02 6.8504101563e+02 6.8515399170e+02 6.8526501465e+02 6.8538201904e+02 6.8551000977e+02 6.8562298584e+02 6.8572198486e+02 6.8583898926e+02 6.8595098877e+02 6.8606701660e+02 6.8618402100e+02 6.8629302979e+02 6.8637799072e+02 6.8649102783e+02 6.8660498047e+02 6.8672100830e+02 6.8685400391e+02 6.8697900391e+02 6.8709002686e+02 6.8719897461e+02 6.8730603027e+02 6.8742401123e+02 6.8754302979e+02 6.8765197754e+02 6.8775000000e+02 6.8786297607e+02
6.8263500977e+02 6.8275701904e+02 6.8286297607e+02 6.8297497559e+02 6.8309899902e+02 6.8321600342e+02 6.8332702637e+02 6.8343200684e+02 6.8354199219e+02 6.8366699219e+02 6.8378698730e+02 6.8390698242e+02 6.8402197266e+02 6.8413201904e+02 6.8425097656e+02 6.8435998535e+02 6.8447900391e+02 6.8458099365e+02 6.8467602539e+02 6.8478399658e+02 6.8489202881e+02 6.8501300049e+02 6.8512799072e+02 6.8524401855e+02 6.8536401367e+02 6.8548199463e+02 6.8559100342e+02 6.8570397949e+02 6.8581097412e+02 6.8591900635e+02 6.8602600098e+02 6.8614001465e+02 6.8623602295e+02 6.8634997559e+02 6.8645098877e+02 6.8655499268e+02 6.8669500732e+02 6.8680499268e+02 6.8691101074e+02 6.8703900146e+02 6.8716302490e+02 6.8725799561e+02 6.8736798096e+02 6.8747998047e+02 6.8760498047e+02 6.8770300293e+02
6.8249499512e+02 6.8262097168e+02 6.8272998047e+02 6.8284197998e+02 6.8296301270e+02 6.8308197021e+02 6.8320300293e+02 6.8330297852e+02 6.8340698242e+02 6.8352398682e+02 6.8363800049e+02 6.8375701904e+02 6.8387799072e+02 6.8397998047e+02 6.8409997559e+02 6.8421600342e+02 6.8434002686e+02 6.8443798828e+02 6.8453997803e+02 6.8463702393e+02 6.8472698975e+02 6.8484497070e+02 6.8497302246e+02 6.8510797119e+02 6.8522497559e+02 6.8533398438e+02 6.8543298340e+02 6.8554699707e+02 6.8566802979e+02 6.8577301025e+02 6.8586499023e+02 6.8598400879e+02 6.8608599854e+02 6.8619299316e+02 6.8628601074e+02 6.8639099121e+02 6.8652502441e+02 6.8663000488e+02 6.8673199463e+02 6.8685198975e+02 6.8697601318e+02 6.8709100342e+02 6.8721197510e+02 6.8733197021e+02 6.8745599365e+02 6.8754998779e+02
6.8234899902e+02 6.8247497559e+02 6.8260101318e+02 6.8272399902e+02 6.8284197998e+02 6.8295697021e+02 6.8307397461e+02 6.8317297363e+02 6.8329101563e+02 6.8340899658e+02 6.8352197266e+02 6.8363000488e+02 6.8373901367e+02 6.8383697510e+02 6.8394799805e+02 6.8407299805e+02 6.8419097900e+02 6.8429901123e+02 6.8441497803e+02 6.8450897217e+02 6.8459899902e+02 6.8470599365e+02 6.8482000732e+02 6.8494396973e+02 6.8505999756e+02 6.8518298340e+02 6.8528198242e+02 6.8540197754e+02 6.8552301025e+02 6.8562597656e+02 6.8571997070e+02 6.8583502197e+02 6.8592901611e+02 6.8603497314e+02 6.8613500977e+02 6.8624200439e+02 6.8635601807e+02 6.8645599365e+02 6.8657299805e+02 6.8671002197e+02 6.8681799316e+02 6.8692999268e+02 6.8704797363e+02 6.8716900635e+02 6.8727600098e+02 6.8737902832e+02
6.8222998047e+02 6.8233599854e+02 6.8246997070e+02 6.8260797119e+02 6.8271899414e+02 6.8283300781e+02 6.8292901611e+02 6.8303399658e+02 6.8316302490e+02 6.8329199219e+02 6.8340997314e+02 6.8351098633e+02 6.8360302734e+02 6.8370397949e+02 6.8381097412e+02 6.8393298340e+02 6.8405102539e+02 6.8417999268e+02 6.8429199219e+02 6.8438397217e+02 6.8448297119e+02 6.8456500244e+02 6.8467199707e+02 6.8479998779e+02 6.8490600586e+02 6.8502600098e+02 6.8513598633e+02 6.8526397705e+02 6.8538500977e+02 6.8547802734e+02 6.8558502197e+02 6.8568798828e+02 6.8577398682e+02 6.8586999512e+02 6.8598699951e+02 6.8609802246e+02 6.8619299316e+02 6.8628997803e+02 6.8641101074e+02 6.8655401611e+02 6.8664300537e+02 6.8674902344e+02 6.8687597656e+02 6.8700598145e+02 6.8711901855e+02 6.8721997070e+02
6.8210302734e+02 6.8221801758e+02 6.8233697510e+02 6.8245800781e+02 6.8257202148e+02 6.8269598389e+02 6.8278900146e+02 6.8290502930e+02 6.8302398682e+02 6.8314801025e+02 6.8326300049e+02 6.8336199951e+02 6.8347601318e+02 6.8358502197e+02 6.8369702148e+02 6.8380401611e+02 6.8390698242e+02 6.8403802490e+02 6.8415502930e+02 6.8425097656e+02 6.8435601807e+02 6.8443902588e+02 6.8453900146e+02 6.8465997314e+02 6.8477197266e+02 6.8487298584e+02 6.8497900391e+02 6.8511102295e+02 6.8523797607e+02 6.8532501221e+02 6.8543902588e+02 6.8555102539e+02 6.8563299561e+02 6.8573297119e+02 6.8584002686e+02 6.8594201660e+02 6.8605297852e+02 6.8614501953e+02 6.8624798584e+02 6.8639001465e+02 6.8648602295e+02 6.8658801270e+02 6.8670800781e+02 6.8682397461e+02 6.8694702148e+02 6.8706201172e+02
6.8196899414e+02 6.8209997559e+02 6.8221600342e+02 6.8232501221e+02 6.8244201660e+02 6.8255700684e+02 6.8266802979e+02 6.8278399658e+02 6.8288098145e+02 6.8301000977e+02 6.8312597656e+02 6.8323297119e+02 6.8334497070e+02 6.8344500732e+02 6.8356201172e+02 6.8368200684e+02 6.8378601074e+02 6.8390301514e+02 6.8402899170e+02 6.8413201904e+02 6.8423297119e+02 6.8433001709e+02 6.8441900635e+02 6.8452697754e+02 6.8463201904e+02 6.8472802734e+02 6.8484600830e+02 6.8496697998e+02 6.8507000732e+02 6.8517498779e+02 6.8528900146e+02 6.8539202881e+02 6.8548797607e+02 6.8558697510e+02 6.8569097900e+02 6.8578900146e+02 6.8590600586e+02 6.8601300049e+02 6.8609899902e+02 6.8622198486e+02 6.8632800293e+02 6.8644396973e+02 6.8655798340e+02 6.8666601563e+02 6.8679602051e+02 6.8690899658e+02
6.8183599854e+02 6.8197302246e+02 6.8208898926e+02 6.8219897461e+02 6.8230700684e+02 6.8241400146e+02 6.8253698730e+02 6.8264801025e+02 6.8275000000e+02 6.8288000488e+02 6.8299499512e+02 6.8311102295e+02 6.8321502686e+02 6.8330902100e+02 6.8342199707e+02 6.8355102539e+02 6.8366900635e+02 6.8377099609e+02 6.8388800049e+02 6.8399597168e+02 6.8410302734e+02 6.8421002197e+02 6.8429400635e+02 6.8440600586e+02 6.8450299072e+02 6.8458599854e+02 6.8470599365e+02 6.8481597900e+02 6.8490600586e+02 6.8503698730e+02 6.8514898682e+02 6.8524298096e+02 6.8535797119e+02 6.8544799805e+02 6.8554699707e+02 6.8564501953e+02 6.8575701904e+02 6.8587402344e+02 6.8596997070e+02 6.8607800293e+02 6.8617199707e+02 6.8629498291e+02 6.8640197754e+02 6.8650500488e+02 6.8664300537e+02 6.8675201416e+02
6.8170898438e+02 6.8185699463e+02 6.8195800781e+02 6.8206402588e+02 6.8215899658e+02 6.8227398682e+02 6.8239202881e+02 6.8250897217e+02 6.8263598633e+02 6.8275701904e+02 6.8286297607e+02 6.8297497559e+02 6.8309002686e+02 6.8319000244e+02 6.8329797363e+02 6.8342102051e+02 6.8355297852e+02 6.8365197754e+02 6.8374798584e+02 6.8384997559e+02 6.8395202637e+02 6.8406597900e+02 6.8415899658e+02 6.8427502441e+02 6.8438598633e+02 6.8447497559e+02 6.8457501221e+02 6.8467797852e+02 6.8476501465e+02 6.8489501953e+02 6.8500402832e+02 6.8509100342e+02 6.8521502686e+02 6.8530798340e+02 6.8539202881e+02 6.8549102783e+02 6.8560302734e+02 6.8571301270e+02 6.8581799316e+02 6.8594396973e+02 6.8603497314e+02 6.8613598633e+02 6.8625201416e+02 6.8635699463e+02 6.8645898438e+02 6.8657598877e+02
6.8158502197e+02 6.8171301270e+02 6.8181896973e+02 6.8193798828e+02 6.8202899170e+02 6.8213800049e+02 6.8226202393e+02 6.8238201904e+02 6.8250201416e+02 6.8262902832e+02 6.8275201416e+02 6.8286102295e+02 6.8297302246e+02 6.8306097412e+02 6.8315997314e+02 6.8326800537e+02 6.8340197754e+02 6.8351898193e+02 6.8362402344e+02 6.8373101807e+02 6.8383599854e+02 6.8393902588e+02 6.8403802490e+02 6.8413598633e+02 6.8424798584e+02 6.8436102295e+02 6.8445697021e+02 6.8455999756e+02 6.8464300537e+02 6.8476098633e+02 6.8486602783e+02 6.8495397949e+02 6.8506402588e+02 6.8515997314e+02 6.8524798584e+02 6.8534899902e+02 6.8547100830e+02 6.8557598877e+02 6.8566998291e+02 6.8578497314e+02 6.8587799072e+02 6.8598199463e+02 6.8609197998e+02 6.8620397949e+02 6.8631201172e+02 6.8641699219e+02
6.8145800781e+02 6.8157800293e+02 6.8169396973e+02 6.8180401611e+02 6.8190301514e+02 6.8201300049e+02 6.8213299561e+02 6.8225201416e+02 6.8236901855e+02 6.8249700928e+02 6.8260699463e+02 6.8271197510e+02 6.8284497070e+02 6.8293597412e+02 6.8303601074e+02 6.8314099121e+02 6.8325500488e+02 6.8336602783e+02 6.8348602295e+02 6.8360797119e+02 6.8371398926e+02 6.8380603027e+02 6.8391302490e+02 6.8400201416e+02 6.8411602783e+02 6.8423400879e+02 6.8433697510e+02 6.8444000244e+02 6.8452600098e+02 6.8463299561e+02 6.8472698975e+02 6.8482202148e+02 6.8492498779e+02 6.8503198242e+02 6.8512097168e+02 6.8520898438e+02 6.8532702637e+02 6.8543103027e+02 6.8552301025e+02 6.8563397217e+02 6.8574798584e+02 6.8585601807e+02 6.8595397949e+02 6.8605700684e+02 6.8616802979e+02 6.8627099609e+02
6.8133001709e+02 6.8144500732e+02 6.8156097412e+02 6.8165802002e+02 6.8177600098e+02 6.8188201904e+02 6.8199102783e+02 6.8210601807e+02 6.8221398926e+02 6.8234002686e+02 6.8244897461e+02 6.8257098389e+02 6.8270001221e+02 6.8280798340e+02 6.8290698242e+02 6.8300097656e+02 6.8310900879e+02 6.8322497559e+02 6.8335601807e+02 6.8347302246e+02 6.8357800293e+02 6.8367602539e+02 6.8378900146e+02 6.8388000488e+02 6.8397998047e+02 6.8409301758e+02 6.8420001221e+02 6.8429797363e+02 6.8439501953e+02 6.8450500488e+02 6.8459399414e+02 6.8468701172e+02 6.8478302002e+02 6.8489501953e+02 6.8498199463e+02 6.8507000732e+02 6.8517602539e+02 6.8527697754e+02 6.8537597656e+02 6.8548400879e+02 6.8560797119e+02 6.8571398926e+02 6.8580297852e+02 6.8590002441e+02 6.8601397705e+02 6.8611499023e+02
