TESTSERVER/17/6.asc
NCOLS 100
NROWS 100
XLLCORNER 8.3497500000e+03
YLLCORNER 2.8965025000e+05
CELLSIZE 5.0000000000e-01
NODATA_VALUE -9.9990000000e+03
[rows 80 to 99 of 100, columns 46 to 91 of 100]
6.6729901123e+02 6.6740301514e+02 6.6755499268e+02 6.6765502930e+02 6.6781097412e+02 6.6796801758e+02 6.6808197021e+02 6.6821398926e+02 6.6831402588e+02 6.6840600586e+02 6.6846697998e+02 6.6848400879e+02 6.6851098633e+02 6.6857000732e+02 6.6861401367e+02 6.6854901123e+02 6.6856896973e+02 6.6869201660e+02 6.6888598633e+02 6.6923498535e+02 6.6948199463e+02 6.6974700928e+02 6.7009197998e+02 6.7036199951e+02 6.7064501953e+02 6.7094396973e+02 6.7120898438e+02 6.7137597656e+02 6.7150402832e+02 6.7165802002e+02 6.7180603027e+02 6.7193200684e+02 6.7204901123e+02 6.7215301514e+02 6.7223297119e+02 6.7231799316e+02 6.7238598633e+02 6.7245001221e+02 6.7251702881e+02 6.7256701660e+02 6.7263098145e+02 6.7270800781e+02 6.7277001953e+02 6.7282000732e+02 6.7289099121e+02 6.7296398926e+02
6.6722802734e+02 6.6733001709e+02 6.6745599365e+02 6.6757598877e+02 6.6773999023e+02 6.6788000488e+02 6.6797698975e+02 6.6810198975e+02 6.6821197510e+02 6.6830603027e+02 6.6834497070e+02 6.6835601807e+02 6.6838299561e+02 6.6841998291e+02 6.6843402100e+02 6.6838000488e+02 6.6842401123e+02 6.6858697510e+02 6.6883898926e+02 6.6917700195e+02 6.6945001221e+02 6.6972399902e+02 6.7002197266e+02 6.7031799316e+02 6.7059399414e+02 6.7086199951e+02 6.7110900879e+02 6.7125701904e+02 6.7139599609e+02 6.7154797363e+02 6.7170098877e+02 6.7183099365e+02 6.7194000244e+02 6.7204901123e+02 6.7213098145e+02 6.7222198486e+02 6.7229101563e+02 6.7234997559e+02 6.7241497803e+02 6.7246502686e+02 6.7253802490e+02 6.7262500000e+02 6.7266699219e+02 6.7271398926e+02 6.7278601074e+02 6.7286199951e+02
6.6712799072e+02 6.6724298096e+02 6.6736499023e+02 6.6749700928e+02 6.6766101074e+02 6.6778900146e+02 6.6789001465e+02 6.6800201416e+02 6.6809802246e+02 6.6818597412e+02 6.6822100830e+02 6.6823901367e+02 6.6826202393e+02 6.6826000977e+02 6.6824902344e+02 6.6825097656e+02 6.6832397461e+02 6.6851702881e+02 6.6880603027e+02 6.6910400391e+02 6.6938897705e+02 6.6969000244e+02 6.6994702148e+02 6.7021600342e+02 6.7050500488e+02 6.7076300049e+02 6.7098400879e+02 6.7112097168e+02 6.7128399658e+02 6.7145001221e+02 6.7159301758e+02 6.7170599365e+02 6.7182397461e+02 6.7194598389e+02 6.7203198242e+02 6.7212500000e+02 6.7219897461e+02 6.7226000977e+02 6.7232598877e+02 6.7237701416e+02 6.7244000244e+02 6.7251800537e+02 6.7257202148e+02 6.7262701416e+02 6.7268798828e+02 6.7275897217e+02
6.6702398682e+02 6.6714501953e+02 6.6727899170e+02 6.6741601563e+02 6.6756799316e+02 6.6769500732e+02 6.6780902100e+02 6.6790100098e+02 6.6798498535e+02 6.6805499268e+02 6.6807501221e+02 6.6807598877e+02 6.6806896973e+02 6.6804901123e+02 6.6808099365e+02 6.6815502930e+02 6.6826000977e+02 6.6848498535e+02 6.6878900146e+02 6.6905200195e+02 6.6931896973e+02 6.6963000488e+02 6.6990399170e+02 6.7013897705e+02 6.7041998291e+02 6.7067498779e+02 6.7086999512e+02 6.7102398682e+02 6.7118701172e+02 6.7134997559e+02 6.7147802734e+02 6.7158801270e+02 6.7172198486e+02 6.7183898926e+02 6.7191998291e+02 6.7202099609e+02 6.7210101318e+02 6.7215802002e+02 6.7221697998e+02 6.7228497314e+02 6.7234301758e+02 6.7240502930e+02 6.7247100830e+02 6.7253997803e+02 6.7259301758e+02 6.7265997314e+02
6.6695300293e+02 6.6706500244e+02 6.6719799805e+02 6.6731500244e+02 6.6746502686e+02 6.6760601807e+02 6.6773602295e+02 6.6782299805e+02 6.6788897705e+02 6.6792602539e+02 6.6791198730e+02 6.6787701416e+02 6.6784698486e+02 6.6784899902e+02 6.6793597412e+02 6.6803497314e+02 6.6818103027e+02 6.6843402100e+02 6.6876202393e+02 6.6899597168e+02 6.6922698975e+02 6.6949798584e+02 6.6981402588e+02 6.7006402588e+02 6.7031896973e+02 6.7056896973e+02 6.7074499512e+02 6.7092297363e+02 6.7109399414e+02 6.7125500488e+02 6.7137200928e+02 6.7148699951e+02 6.7161102295e+02 6.7172100830e+02 6.7180200195e+02 6.7191497803e+02 6.7199798584e+02 6.7205297852e+02 6.7211199951e+02 6.7218200684e+02 6.7225000000e+02 6.7231298828e+02 6.7236102295e+02 6.7242999268e+02 6.7248400879e+02 6.7255603027e+02
6.6683801270e+02 6.6696801758e+02 6.6710198975e+02 6.6723101807e+02 6.6738500977e+02 6.6751300049e+02 6.6762402344e+02 6.6771099854e+02 6.6775201416e+02 6.6777001953e+02 6.6774102783e+02 6.6769897461e+02 6.6767700195e+02 6.6767797852e+02 6.6778497314e+02 6.6790997314e+02 6.6813299561e+02 6.6840997314e+02 6.6868499756e+02 6.6897900391e+02 6.6922802734e+02 6.6943200684e+02 6.6971899414e+02 6.6998101807e+02 6.7024798584e+02 6.7047100830e+02 6.7061999512e+02 6.7079998779e+02 6.7096899414e+02 6.7112701416e+02 6.7126098633e+02 6.7138897705e+02 6.7150000000e+02 6.7161102295e+02 6.7168103027e+02 6.7180499268e+02 6.7189001465e+02 6.7195599365e+02 6.7202600098e+02 6.7207800293e+02 6.7214202881e+02 6.7221502686e+02 6.7228302002e+02 6.7234399414e+02 6.7240002441e+02 6.7246502686e+02
6.6672802734e+02 6.6686798096e+02 6.6700897217e+02 6.6714300537e+02 6.6728198242e+02 6.6740100098e+02 6.6750201416e+02 6.6756402588e+02 6.6759002686e+02 6.6759698486e+02 6.6757897949e+02 6.6754199219e+02 6.6752697754e+02 6.6755401611e+02 6.6768701172e+02 6.6783099365e+02 6.6809100342e+02 6.6834899902e+02 6.6858599854e+02 6.6890399170e+02 6.6915997314e+02 6.6935797119e+02 6.6960198975e+02 6.6988000488e+02 6.7014599609e+02 6.7034002686e+02 6.7048699951e+02 6.7068103027e+02 6.7084497070e+02 6.7098901367e+02 6.7114398193e+02 6.7127801514e+02 6.7138897705e+02 6.7149597168e+02 6.7157000732e+02 6.7168402100e+02 6.7177801514e+02 6.7186401367e+02 6.7193298340e+02 6.7198797607e+02 6.7204498291e+02 6.7210797119e+02 6.7218902588e+02 6.7224902344e+02 6.7230902100e+02 6.7237500000e+02
6.6663397217e+02 6.6677099609e+02 6.6690301514e+02 6.6704797363e+02 6.6719201660e+02 6.6730700684e+02 6.6739599609e+02 6.6745098877e+02 6.6747399902e+02 6.6744201660e+02 6.6740100098e+02 6.6739300537e+02 6.6739099121e+02 6.6743798828e+02 6.6760797119e+02 6.6778802490e+02 6.6805603027e+02 6.6830700684e+02 6.6855297852e+02 6.6882397461e+02 6.6907501221e+02 6.6930603027e+02 6.6951098633e+02 6.6979602051e+02 6.7003802490e+02 6.7021301270e+02 6.7036499023e+02 6.7056597900e+02 6.7072900391e+02 6.7086297607e+02 6.7102099609e+02 6.7114697266e+02 6.7127697754e+02 6.7139300537e+02 6.7146197510e+02 6.7155798340e+02 6.7165698242e+02 6.7174798584e+02 6.7181500244e+02 6.7188500977e+02 6.7195300293e+02 6.7201202393e+02 6.7208697510e+02 6.7214202881e+02 6.7220599365e+02 6.7228802490e+02
6.6654797363e+02 6.6666699219e+02 6.6677899170e+02 6.6692602539e+02 6.6708502197e+02 6.6719500732e+02 6.6727801514e+02 6.6733502197e+02 6.6734497070e+02 6.6725799561e+02 6.6717602539e+02 6.6724401855e+02 6.6729699707e+02 6.6734899902e+02 6.6752001953e+02 6.6775799561e+02 6.6798797607e+02 6.6826202393e+02 6.6854498291e+02 6.6875701904e+02 6.6900097656e+02 6.6924700928e+02 6.6944201660e+02 6.6973199463e+02 6.6994799805e+02 6.7010699463e+02 6.7024597168e+02 6.7043597412e+02 6.7059600830e+02 6.7074102783e+02 6.7090197754e+02 6.7102502441e+02 6.7115997314e+02 6.7128002930e+02 6.7134698486e+02 6.7144000244e+02 6.7154199219e+02 6.7163702393e+02 6.7171502686e+02 6.7178302002e+02 6.7186297607e+02 6.7192199707e+02 6.7199102783e+02 6.7206201172e+02 6.7211297607e+02 6.7218902588e+02
6.6643200684e+02 6.6656201172e+02 6.6669097900e+02 6.6683502197e+02 6.6697698975e+02 6.6707501221e+02 6.6713098145e+02 6.6716998291e+02 6.6716699219e+02 6.6708502197e+02 6.6705798340e+02 6.6716998291e+02 6.6721697998e+02 6.6722399902e+02 6.6744799805e+02 6.6774298096e+02 6.6793499756e+02 6.6820397949e+02 6.6845898438e+02 6.6870397949e+02 6.6892602539e+02 6.6916601563e+02 6.6937799072e+02 6.6961602783e+02 6.6982098389e+02 6.6997399902e+02 6.7012097168e+02 6.7029302979e+02 6.7043597412e+02 6.7059600830e+02 6.7076702881e+02 6.7091497803e+02 6.7104101563e+02 6.7115502930e+02 6.7123297119e+02 6.7133001709e+02 6.7142999268e+02 6.7151702881e+02 6.7159698486e+02 6.7168298340e+02 6.7176599121e+02 6.7182098389e+02 6.7189099121e+02 6.7197198486e+02 6.7202502441e+02 6.7208898926e+02
6.6630603027e+02 6.6645098877e+02 6.6659997559e+02 6.6676000977e+02 6.6688702393e+02 6.6696697998e+02 6.6700402832e+02 6.6701397705e+02 6.6698498535e+02 6.6691802979e+02 6.6694299316e+02 6.6704400635e+02 6.6705798340e+02 6.6711901855e+02 6.6737500000e+02 6.6766302490e+02 6.6787597656e+02 6.6813000488e+02 6.6833697510e+02 6.6860498047e+02 6.6884100342e+02 6.6909002686e+02 6.6933099365e+02 6.6951800537e+02 6.6970800781e+02 6.6985699463e+02 6.7001599121e+02 6.7017700195e+02 6.7030700684e+02 6.7046002197e+02 6.7062298584e+02 6.7076800537e+02 6.7089801025e+02 6.7101898193e+02 6.7110302734e+02 6.7120501709e+02 6.7131201172e+02 6.7139801025e+02 6.7147302246e+02 6.7156896973e+02 6.7164697266e+02 6.7170898438e+02 6.7179901123e+02 6.7186901855e+02 6.7192999268e+02 6.7199798584e+02
6.6620397949e+02 6.6635198975e+02 6.6647497559e+02 6.6663201904e+02 6.6677099609e+02 6.6685302734e+02 6.6687200928e+02 6.6686401367e+02 6.6682501221e+02 6.6678100586e+02 6.6681500244e+02 6.6687402344e+02 6.6690899658e+02 6.6706500244e+02 6.6727398682e+02 6.6753802490e+02 6.6781201172e+02 6.6807800293e+02 6.6828802490e+02 6.6852301025e+02 6.6877197266e+02 6.6900897217e+02 6.6924200439e+02 6.6941400146e+02 6.6958197021e+02 6.6975299072e+02 6.6990600586e+02 6.7005401611e+02 6.7019000244e+02 6.7033197021e+02 6.7047698975e+02 6.7062097168e+02 6.7075598145e+02 6.7088397217e+02 6.7096398926e+02 6.7107202148e+02 6.7118298340e+02 6.7127197266e+02 6.7134899902e+02 6.7144500732e+02 6.7152398682e+02 6.7160400391e+02 6.7169598389e+02 6.7176000977e+02 6.7184399414e+02 6.7192102051e+02
6.6610601807e+02 6.6623602295e+02 6.6635797119e+02 6.6649200439e+02 6.6663299561e+02 6.6671002197e+02 6.6670300293e+02 6.6668902588e+02 6.6665100098e+02 6.6663800049e+02 6.6665899658e+02 6.6673297119e+02 6.6686602783e+02 6.6704901123e+02 6.6718200684e+02 6.6745501709e+02 6.6774401855e+02 6.6797698975e+02 6.6822100830e+02 6.6845098877e+02 6.6870300293e+02 6.6893402100e+02 6.6911700439e+02 6.6930798340e+02 6.6946997070e+02 6.6963598633e+02 6.6976599121e+02 6.6990899658e+02 6.7006097412e+02 6.7020300293e+02 6.7034600830e+02 6.7048699951e+02 6.7060998535e+02 6.7073400879e+02 6.7082299805e+02 6.7094097900e+02 6.7105700684e+02 6.7114898682e+02 6.7122998047e+02 6.7132098389e+02 6.7140100098e+02 6.7148699951e+02 6.7157000732e+02 6.7166400146e+02 6.7176397705e+02 6.7183898926e+02
6.6602398682e+02 6.6614898682e+02 6.6626898193e+02 6.6638897705e+02 6.6650201416e+02 6.6656097412e+02 6.6655798340e+02 6.6652899170e+02 6.6650299072e+02 6.6649499512e+02 6.6652197266e+02 6.6660198975e+02 6.6671099854e+02 6.6690399170e+02 6.6713201904e+02 6.6738800049e+02 6.6766400146e+02 6.6789398193e+02 6.6810797119e+02 6.6835302734e+02 6.6862799072e+02 6.6885797119e+02 6.6901800537e+02 6.6920001221e+02 6.6938397217e+02 6.6952502441e+02 6.6962597656e+02 6.6977398682e+02 6.6992199707e+02 6.7005700684e+02 6.7019299316e+02 6.7032098389e+02 6.7044299316e+02 6.7056201172e+02 6.7066998291e+02 6.7080902100e+02 6.7091900635e+02 6.7100799561e+02 6.7109100342e+02 6.7119000244e+02 6.7127197266e+02 6.7135797119e+02 6.7144897461e+02 6.7155102539e+02 6.7164501953e+02 6.7173797607e+02
6.6595300293e+02 6.6607897949e+02 6.6617102051e+02 6.6626501465e+02 6.6635198975e+02 6.6636901855e+02 6.6635900879e+02 6.6634197998e+02 6.6634899902e+02 6.6637500000e+02 6.6640997314e+02 6.6648199463e+02 6.6656896973e+02 6.6676397705e+02 6.6707800293e+02 6.6729199219e+02 6.6753399658e+02 6.6781799316e+02 6.6805902100e+02 6.6830798340e+02 6.6854998779e+02 6.6873901367e+02 6.6891101074e+02 6.6908599854e+02 6.6925701904e+02 6.6940100098e+02 6.6950500488e+02 6.6963500977e+02 6.6977502441e+02 6.6991198730e+02 6.7004101563e+02 6.7017102051e+02 6.7028802490e+02 6.7039599609e+02 6.7052502441e+02 6.7064801025e+02 6.7075701904e+02 6.7086499023e+02 6.7096002197e+02 6.7106298828e+02 6.7115399170e+02 6.7123101807e+02 6.7132598877e+02 6.7142797852e+02 6.7152502441e+02 6.7163000488e+02
6.6585101318e+02 6.6598101807e+02 6.6607501221e+02 6.6616101074e+02 6.6621801758e+02 6.6619897461e+02 6.6619000244e+02 6.6617700195e+02 6.6619097900e+02 6.6625500488e+02 6.6630999756e+02 6.6638897705e+02 6.6650201416e+02 6.6670098877e+02 6.6702398682e+02 6.6723400879e+02 6.6745501709e+02 6.6775299072e+02 6.6800097656e+02 6.6824798584e+02 6.6846600342e+02 6.6862902832e+02 6.6881097412e+02 6.6898901367e+02 6.6911798096e+02 6.6924298096e+02 6.6937200928e+02 6.6948699951e+02 6.6961798096e+02 6.6975402832e+02 6.6987500000e+02 6.7000799561e+02 6.7013299561e+02 6.7023602295e+02 6.7035900879e+02 6.7047802734e+02 6.7060400391e+02 6.7071398926e+02 6.7079901123e+02 6.7090502930e+02 6.7100598145e+02 6.7108502197e+02 6.7118798828e+02 6.7128802490e+02 6.7139099121e+02 6.7150701904e+02
6.6574597168e+02 6.6586798096e+02 6.6596301270e+02 6.6606500244e+02 6.6608801270e+02 6.6604998779e+02 6.6606402588e+02 6.6605499268e+02 6.6605999756e+02 6.6612799072e+02 6.6618499756e+02 6.6629901123e+02 6.6643902588e+02 6.6664599609e+02 6.6690899658e+02 6.6715698242e+02 6.6741302490e+02 6.6768798828e+02 6.6792700195e+02 6.6816302490e+02 6.6837200928e+02 6.6853198242e+02 6.6869702148e+02 6.6887597656e+02 6.6900897217e+02 6.6912298584e+02 6.6926202393e+02 6.6936499023e+02 6.6948297119e+02 6.6961401367e+02 6.6971197510e+02 6.6983502197e+02 6.6997100830e+02 6.7007702637e+02 6.7019396973e+02 6.7030999756e+02 6.7044598389e+02 6.7054602051e+02 6.7063800049e+02 6.7074102783e+02 6.7085101318e+02 6.7095501709e+02 6.7106201172e+02 6.7113598633e+02 6.7123797607e+02 6.7136700439e+02
6.6564697266e+02 6.6575201416e+02 6.6583697510e+02 6.6592602539e+02 6.6593902588e+02 6.6589801025e+02 6.6589202881e+02 6.6590698242e+02 6.6595001221e+02 6.6603997803e+02 6.6613000488e+02 6.6620300293e+02 6.6635797119e+02 6.6660900879e+02 6.6687500000e+02 6.6713800049e+02 6.6739898682e+02 6.6764898682e+02 6.6787500000e+02 6.6808099365e+02 6.6826202393e+02 6.6843402100e+02 6.6858001709e+02 6.6872399902e+02 6.6885998535e+02 6.6899102783e+02 6.6912298584e+02 6.6923297119e+02 6.6935797119e+02 6.6948602295e+02 6.6957000732e+02 6.6967401123e+02 6.6979498291e+02 6.6990698242e+02 6.7002502441e+02 6.7014099121e+02 6.7026098633e+02 6.7037597656e+02 6.7047302246e+02 6.7059002686e+02 6.7069799805e+02 6.7080798340e+02 6.7091198730e+02 6.7099902344e+02 6.7111499023e+02 6.7123699951e+02
6.6554498291e+02 6.6563702393e+02 6.6575097656e+02 6.6581896973e+02 6.6581201172e+02 6.6578698730e+02 6.6577099609e+02 6.6579498291e+02 6.6585101318e+02 6.6593298340e+02 6.6604302979e+02 6.6613397217e+02 6.6630401611e+02 6.6655700684e+02 6.6682000732e+02 6.6711102295e+02 6.6737298584e+02 6.6761602783e+02 6.6784497070e+02 6.6803997803e+02 6.6817797852e+02 6.6834497070e+02 6.6847399902e+02 6.6859197998e+02 6.6873199463e+02 6.6884997559e+02 6.6896899414e+02 6.6908099365e+02 6.6920697021e+02 6.6934497070e+02 6.6943103027e+02 6.6952301025e+02 6.6963897705e+02 6.6974700928e+02 6.6985699463e+02 6.6997998047e+02 6.7007501221e+02 6.7018701172e+02 6.7029797363e+02 6.7042700195e+02 6.7053302002e+02 6.7065100098e+02 6.7076501465e+02 6.7086297607e+02 6.7097998047e+02 6.7109698486e+02
6.6545202637e+02 6.6554602051e+02 6.6569396973e+02 6.6574102783e+02 6.6569201660e+02 6.6565802002e+02 6.6563800049e+02 6.6564501953e+02 6.6572497559e+02 6.6583898926e+02 6.6592602539e+02 6.6602398682e+02 6.6622100830e+02 6.6648400879e+02 6.6675000000e+02 6.6702502441e+02 6.6730200195e+02 6.6756298828e+02 6.6778900146e+02 6.6797100830e+02 6.6809002686e+02 6.6824401855e+02 6.6836297607e+02 6.6848101807e+02 6.6862097168e+02 6.6871398926e+02 6.6882501221e+02 6.6894299316e+02 6.6905798340e+02 6.6918902588e+02 6.6927697754e+02 6.6937298584e+02 6.6948297119e+02 6.6958398438e+02 6.6968701172e+02 6.6980700684e+02 6.6991400146e+02 6.7004602051e+02 6.7015600586e+02 6.7025897217e+02 6.7037097168e+02 6.7049499512e+02 6.7060699463e+02 6.7071801758e+02 6.7083197021e+02 6.7094500732e+02
