TESTSERVER/17/6.asc
NCOLS 100
NROWS 100
XLLCORNER 8.3497500000e+03
YLLCORNER 2.8965025000e+05
CELLSIZE 5.0000000000e-01
NODATA_VALUE -9.9990000000e+03
[rows 80 to 99 of 100, columns 0 to 45 of 100]
6.6159497070e+02 6.6173901367e+02 6.6186102295e+02 6.6202001953e+02 6.6217999268e+02 6.6237799072e+02 6.6253497314e+02 6.6269500732e+02 6.6283300781e+02 6.6295202637e+02 6.6307299805e+02 6.6320697021e+02 6.6339501953e+02 6.6355401611e+02 6.6365502930e+02 6.6374798584e+02 6.6385400391e+02 6.6397198486e+02 6.6404797363e+02 6.6413397217e+02 6.6424499512e+02 6.6434600830e+02 6.6446502686e+02 6.6456701660e+02 6.6465399170e+02 6.6476501465e+02 6.6488800049e+02 6.6498400879e+02 6.6507598877e+02 6.6518499756e+02 6.6530401611e+02 6.6540802002e+02 6.6551397705e+02 6.6564398193e+02 6.6575897217e+02 6.6590698242e+02 6.6606500244e+02 6.6623199463e+02 6.6637597656e+02 6.6649700928e+02 6.6661199951e+02 6.6670098877e+02 6.6683001709e+02 6.6695599365e+02 6.6705798340e+02 6.6718499756e+02
6.6150701904e+02 6.6161102295e+02 6.6174499512e+02 6.6191900635e+02 6.6206597900e+02 6.6222497559e+02 6.6239202881e+02 6.6258001709e+02 6.6273101807e+02 6.6284899902e+02 6.6297399902e+02 6.6311798096e+02 6.6327600098e+02 6.6342102051e+02 6.6355902100e+02 6.6367498779e+02 6.6378601074e+02 6.6389300537e+02 6.6400000000e+02 6.6409301758e+02 6.6419299316e+02 6.6429199219e+02 6.6439001465e+02 6.6448699951e+02 6.6459399414e+02 6.6470098877e+02 6.6480999756e+02 6.6488598633e+02 6.6498101807e+02 6.6508898926e+02 6.6519799805e+02 6.6531298828e+02 6.6542401123e+02 6.6554699707e+02 6.6567797852e+02 6.6582800293e+02 6.6598999023e+02 6.6614697266e+02 6.6628802490e+02 6.6639697266e+02 6.6651000977e+02 6.6659997559e+02 6.6673901367e+02 6.6687597656e+02 6.6697698975e+02 6.6710302734e+02
6.6138702393e+02 6.6143701172e+02 6.6160998535e+02 6.6181597900e+02 6.6196301270e+02 6.6209600830e+02 6.6226098633e+02 6.6245202637e+02 6.6261499023e+02 6.6274200439e+02 6.6287097168e+02 6.6302197266e+02 6.6315002441e+02 6.6328497314e+02 6.6342999268e+02 6.6355603027e+02 6.6368499756e+02 6.6379498291e+02 6.6391802979e+02 6.6402301025e+02 6.6413299561e+02 6.6423101807e+02 6.6432598877e+02 6.6441699219e+02 6.6451202393e+02 6.6461901855e+02 6.6471801758e+02 6.6480297852e+02 6.6489898682e+02 6.6499798584e+02 6.6509698486e+02 6.6519500732e+02 6.6532202148e+02 6.6545397949e+02 6.6558801270e+02 6.6573602295e+02 6.6591198730e+02 6.6605499268e+02 6.6619299316e+02 6.6629498291e+02 6.6640698242e+02 6.6650201416e+02 6.6664501953e+02 6.6677301025e+02 6.6689099121e+02 6.6701098633e+02
6.6130999756e+02 6.6136499023e+02 6.6153302002e+02 6.6172100830e+02 6.6184600830e+02 6.6198498535e+02 6.6214697266e+02 6.6230999756e+02 6.6247497559e+02 6.6261700439e+02 6.6275799561e+02 6.6290002441e+02 6.6300701904e+02 6.6314801025e+02 6.6328100586e+02 6.6341198730e+02 6.6354797363e+02 6.6367401123e+02 6.6380798340e+02 6.6392797852e+02 6.6405102539e+02 6.6414801025e+02 6.6425402832e+02 6.6434698486e+02 6.6443402100e+02 6.6454400635e+02 6.6463397217e+02 6.6471997070e+02 6.6481597900e+02 6.6490802002e+02 6.6500299072e+02 6.6510498047e+02 6.6522497559e+02 6.6536602783e+02 6.6551501465e+02 6.6566601563e+02 6.6584301758e+02 6.6597100830e+02 6.6608697510e+02 6.6619201660e+02 6.6632098389e+02 6.6642602539e+02 6.6654797363e+02 6.6665997314e+02 6.6679400635e+02 6.6692102051e+02
6.6131298828e+02 6.6139599609e+02 6.6153302002e+02 6.6166497803e+02 6.6174401855e+02 6.6188800049e+02 6.6204699707e+02 6.6218798828e+02 6.6235302734e+02 6.6250500488e+02 6.6265301514e+02 6.6278601074e+02 6.6289001465e+02 6.6302801514e+02 6.6315502930e+02 6.6328302002e+02 6.6340802002e+02 6.6355200195e+02 6.6368798828e+02 6.6382098389e+02 6.6395397949e+02 6.6408599854e+02 6.6419299316e+02 6.6428002930e+02 6.6437902832e+02 6.6446899414e+02 6.6454602051e+02 6.6463299561e+02 6.6473199463e+02 6.6480401611e+02 6.6489300537e+02 6.6501599121e+02 6.6513397217e+02 6.6527502441e+02 6.6542901611e+02 6.6559301758e+02 6.6574902344e+02 6.6589398193e+02 6.6602001953e+02 6.6609997559e+02 6.6621398926e+02 6.6634698486e+02 6.6647497559e+02 6.6658099365e+02 6.6670202637e+02 6.6684399414e+02
6.6127801514e+02 6.6137200928e+02 6.6147900391e+02 6.6158398438e+02 6.6167498779e+02 6.6179998779e+02 6.6194702148e+02 6.6208300781e+02 6.6222100830e+02 6.6235699463e+02 6.6249597168e+02 6.6263800049e+02 6.6278802490e+02 6.6291302490e+02 6.6302600098e+02 6.6316601563e+02 6.6329602051e+02 6.6342102051e+02 6.6355401611e+02 6.6369000244e+02 6.6383801270e+02 6.6399700928e+02 6.6412500000e+02 6.6422302246e+02 6.6433300781e+02 6.6441101074e+02 6.6448797607e+02 6.6457800293e+02 6.6465100098e+02 6.6472802734e+02 6.6481201172e+02 6.6491998291e+02 6.6504901123e+02 6.6520599365e+02 6.6535198975e+02 6.6550201416e+02 6.6567401123e+02 6.6579797363e+02 6.6590899658e+02 6.6598901367e+02 6.6612701416e+02 6.6623400879e+02 6.6637902832e+02 6.6651702881e+02 6.6661999512e+02 6.6673797607e+02
6.6122601318e+02 6.6134197998e+02 6.6141302490e+02 6.6148797607e+02 6.6158898926e+02 6.6170098877e+02 6.6183697510e+02 6.6196301270e+02 6.6208898926e+02 6.6224102783e+02 6.6237799072e+02 6.6252001953e+02 6.6267901611e+02 6.6278900146e+02 6.6290802002e+02 6.6306500244e+02 6.6318701172e+02 6.6329797363e+02 6.6342999268e+02 6.6356500244e+02 6.6372802734e+02 6.6389801025e+02 6.6402398682e+02 6.6414501953e+02 6.6428302002e+02 6.6437500000e+02 6.6444000244e+02 6.6451702881e+02 6.6458898926e+02 6.6466497803e+02 6.6473797607e+02 6.6483300781e+02 6.6496899414e+02 6.6512701416e+02 6.6528100586e+02 6.6543298340e+02 6.6560101318e+02 6.6569299316e+02 6.6578900146e+02 6.6589099121e+02 6.6604901123e+02 6.6614501953e+02 6.6629498291e+02 6.6642797852e+02 6.6651599121e+02 6.6662902832e+02
6.6115502930e+02 6.6128601074e+02 6.6134002686e+02 6.6140399170e+02 6.6151501465e+02 6.6162597656e+02 6.6175097656e+02 6.6186297607e+02 6.6199200439e+02 6.6214801025e+02 6.6227398682e+02 6.6240399170e+02 6.6254498291e+02 6.6266400146e+02 6.6279699707e+02 6.6295202637e+02 6.6307702637e+02 6.6319097900e+02 6.6331799316e+02 6.6345001221e+02 6.6362097168e+02 6.6378497314e+02 6.6390002441e+02 6.6404101563e+02 6.6419799805e+02 6.6431201172e+02 6.6439898682e+02 6.6446099854e+02 6.6452600098e+02 6.6459997559e+02 6.6466802979e+02 6.6475299072e+02 6.6489099121e+02 6.6503900146e+02 6.6517797852e+02 6.6532702637e+02 6.6547802734e+02 6.6556500244e+02 6.6567498779e+02 6.6579699707e+02 6.6594000244e+02 6.6605102539e+02 6.6620098877e+02 6.6632098389e+02 6.6642199707e+02 6.6653601074e+02
6.6106402588e+02 6.6119097900e+02 6.6128601074e+02 6.6135498047e+02 6.6143902588e+02 6.6157202148e+02 6.6169000244e+02 6.6179199219e+02 6.6191198730e+02 6.6203497314e+02 6.6214599609e+02 6.6226300049e+02 6.6240301514e+02 6.6255401611e+02 6.6268798828e+02 6.6281799316e+02 6.6291998291e+02 6.6309399414e+02 6.6322399902e+02 6.6335900879e+02 6.6351702881e+02 6.6363897705e+02 6.6377398682e+02 6.6393597412e+02 6.6407501221e+02 6.6418499756e+02 6.6429998779e+02 6.6436401367e+02 6.6442498779e+02 6.6453198242e+02 6.6460302734e+02 6.6468597412e+02 6.6481500244e+02 6.6496398926e+02 6.6509399414e+02 6.6522497559e+02 6.6534899902e+02 6.6544097900e+02 6.6556500244e+02 6.6570697021e+02 6.6582702637e+02 6.6597399902e+02 6.6612597656e+02 6.6622198486e+02 6.6632598877e+02 6.6644299316e+02
6.6101898193e+02 6.6112200928e+02 6.6120697021e+02 6.6130798340e+02 6.6139001465e+02 6.6151000977e+02 6.6162500000e+02 6.6172802734e+02 6.6183502197e+02 6.6192797852e+02 6.6203497314e+02 6.6214697266e+02 6.6229602051e+02 6.6244299316e+02 6.6258001709e+02 6.6270599365e+02 6.6281799316e+02 6.6297497559e+02 6.6309899902e+02 6.6323297119e+02 6.6340002441e+02 6.6352502441e+02 6.6365997314e+02 6.6381298828e+02 6.6394702148e+02 6.6408898926e+02 6.6423999023e+02 6.6432000732e+02 6.6436798096e+02 6.6445800781e+02 6.6452398682e+02 6.6460198975e+02 6.6473602295e+02 6.6487902832e+02 6.6500799561e+02 6.6512597656e+02 6.6523498535e+02 6.6532202148e+02 6.6546002197e+02 6.6560198975e+02 6.6573400879e+02 6.6587402344e+02 6.6602502441e+02 6.6613897705e+02 6.6623602295e+02 6.6632897949e+02
6.6095202637e+02 6.6105902100e+02 6.6115301514e+02 6.6125500488e+02 6.6133502197e+02 6.6145202637e+02 6.6155200195e+02 6.6164300537e+02 6.6174298096e+02 6.6183697510e+02 6.6192999268e+02 6.6203698730e+02 6.6217602539e+02 6.6231298828e+02 6.6245300293e+02 6.6258001709e+02 6.6269500732e+02 6.6282299805e+02 6.6295697021e+02 6.6310498047e+02 6.6326098633e+02 6.6340197754e+02 6.6353399658e+02 6.6368103027e+02 6.6382702637e+02 6.6396398926e+02 6.6411102295e+02 6.6423901367e+02 6.6432000732e+02 6.6437500000e+02 6.6443902588e+02 6.6451202393e+02 6.6464001465e+02 6.6476898193e+02 6.6489898682e+02 6.6501098633e+02 6.6510699463e+02 6.6522998047e+02 6.6538299561e+02 6.6551000977e+02 6.6563598633e+02 6.6578601074e+02 6.6592901611e+02 6.6603601074e+02 6.6612402344e+02 6.6621099854e+02
6.6087799072e+02 6.6097100830e+02 6.6108001709e+02 6.6119299316e+02 6.6129797363e+02 6.6141900635e+02 6.6149902344e+02 6.6156298828e+02 6.6164898682e+02 6.6176599121e+02 6.6186401367e+02 6.6196301270e+02 6.6207598877e+02 6.6220501709e+02 6.6232598877e+02 6.6245697021e+02 6.6259997559e+02 6.6271197510e+02 6.6283502197e+02 6.6296899414e+02 6.6310601807e+02 6.6325701904e+02 6.6339300537e+02 6.6353399658e+02 6.6370001221e+02 6.6382098389e+02 6.6393701172e+02 6.6408300781e+02 6.6419702148e+02 6.6427899170e+02 6.6436102295e+02 6.6443902588e+02 6.6455499268e+02 6.6468298340e+02 6.6479699707e+02 6.6490502930e+02 6.6500201416e+02 6.6514300537e+02 6.6528900146e+02 6.6541101074e+02 6.6555999756e+02 6.6571099854e+02 6.6584899902e+02 6.6594702148e+02 6.6603601074e+02 6.6610699463e+02
6.6080102539e+02 6.6089202881e+02 6.6100598145e+02 6.6112298584e+02 6.6126098633e+02 6.6136700439e+02 6.6144702148e+02 6.6150598145e+02 6.6158300781e+02 6.6169201660e+02 6.6179699707e+02 6.6189202881e+02 6.6198602295e+02 6.6210302734e+02 6.6220697021e+02 6.6235101318e+02 6.6248999023e+02 6.6260900879e+02 6.6272198486e+02 6.6282702637e+02 6.6296197510e+02 6.6310400391e+02 6.6323999023e+02 6.6338702393e+02 6.6355200195e+02 6.6369598389e+02 6.6383801270e+02 6.6396502686e+02 6.6404498291e+02 6.6415899658e+02 6.6424902344e+02 6.6433502197e+02 6.6446002197e+02 6.6459802246e+02 6.6467700195e+02 6.6476300049e+02 6.6490399170e+02 6.6503802490e+02 6.6516497803e+02 6.6529400635e+02 6.6545800781e+02 6.6559600830e+02 6.6575097656e+02 6.6585998535e+02 6.6595001221e+02 6.6601800537e+02
6.6074200439e+02 6.6084002686e+02 6.6094299316e+02 6.6106097412e+02 6.6120397949e+02 6.6129302979e+02 6.6136901855e+02 6.6144500732e+02 6.6153198242e+02 6.6162701416e+02 6.6172601318e+02 6.6182202148e+02 6.6191400146e+02 6.6201898193e+02 6.6211798096e+02 6.6224700928e+02 6.6236199951e+02 6.6249102783e+02 6.6262097168e+02 6.6272698975e+02 6.6283502197e+02 6.6296801758e+02 6.6310699463e+02 6.6325299072e+02 6.6338201904e+02 6.6353002930e+02 6.6369500732e+02 6.6384399414e+02 6.6395098877e+02 6.6404901123e+02 6.6415502930e+02 6.6425402832e+02 6.6437298584e+02 6.6449102783e+02 6.6454998779e+02 6.6463702393e+02 6.6481201172e+02 6.6493200684e+02 6.6506799316e+02 6.6522698975e+02 6.6538897705e+02 6.6552502441e+02 6.6565802002e+02 6.6576501465e+02 6.6584002686e+02 6.6592297363e+02
6.6070300293e+02 6.6080902100e+02 6.6089099121e+02 6.6098901367e+02 6.6112500000e+02 6.6120300293e+02 6.6127600098e+02 6.6137200928e+02 6.6147198486e+02 6.6157299805e+02 6.6165997314e+02 6.6174401855e+02 6.6184100342e+02 6.6193597412e+02 6.6203497314e+02 6.6214599609e+02 6.6225598145e+02 6.6239001465e+02 6.6252001953e+02 6.6263000488e+02 6.6272900391e+02 6.6285699463e+02 6.6297998047e+02 6.6310900879e+02 6.6321801758e+02 6.6336700439e+02 6.6353802490e+02 6.6369799805e+02 6.6384100342e+02 6.6394299316e+02 6.6406402588e+02 6.6417498779e+02 6.6428100586e+02 6.6435998535e+02 6.6440197754e+02 6.6451800537e+02 6.6470202637e+02 6.6482800293e+02 6.6497698975e+02 6.6513397217e+02 6.6527801514e+02 6.6541802979e+02 6.6554498291e+02 6.6565301514e+02 6.6573101807e+02 6.6582800293e+02
6.6064501953e+02 6.6076397705e+02 6.6085400391e+02 6.6093200684e+02 6.6103198242e+02 6.6112298584e+02 6.6121301270e+02 6.6131597900e+02 6.6140698242e+02 6.6151098633e+02 6.6159301758e+02 6.6166998291e+02 6.6177697754e+02 6.6186102295e+02 6.6196002197e+02 6.6207702637e+02 6.6220300293e+02 6.6229998779e+02 6.6240197754e+02 6.6250402832e+02 6.6262701416e+02 6.6275201416e+02 6.6287298584e+02 6.6299700928e+02 6.6309301758e+02 6.6323498535e+02 6.6340002441e+02 6.6355798340e+02 6.6370898438e+02 6.6382897949e+02 6.6396301270e+02 6.6408300781e+02 6.6417498779e+02 6.6424798584e+02 6.6430102539e+02 6.6443103027e+02 6.6458502197e+02 6.6472802734e+02 6.6487097168e+02 6.6501501465e+02 6.6515502930e+02 6.6528601074e+02 6.6541900635e+02 6.6552600098e+02 6.6562097168e+02 6.6572497559e+02
6.6059600830e+02 6.6069598389e+02 6.6078302002e+02 6.6085998535e+02 6.6094500732e+02 6.6105297852e+02 6.6115100098e+02 6.6123797607e+02 6.6132800293e+02 6.6142199707e+02 6.6151599121e+02 6.6160797119e+02 6.6170898438e+02 6.6181097412e+02 6.6190802002e+02 6.6202398682e+02 6.6214801025e+02 6.6223699951e+02 6.6232202148e+02 6.6240502930e+02 6.6253002930e+02 6.6263397217e+02 6.6275402832e+02 6.6289202881e+02 6.6301098633e+02 6.6310101318e+02 6.6324102783e+02 6.6339202881e+02 6.6354498291e+02 6.6370697021e+02 6.6384802246e+02 6.6396600342e+02 6.6404797363e+02 6.6411700439e+02 6.6420001221e+02 6.6432501221e+02 6.6445599365e+02 6.6462200928e+02 6.6476000977e+02 6.6489801025e+02 6.6504400635e+02 6.6516400146e+02 6.6529602051e+02 6.6539501953e+02 6.6550897217e+02 6.6562200928e+02
6.6054101563e+02 6.6064099121e+02 6.6072802734e+02 6.6080700684e+02 6.6088201904e+02 6.6097497559e+02 6.6106402588e+02 6.6114398193e+02 6.6124597168e+02 6.6136102295e+02 6.6146002197e+02 6.6155499268e+02 6.6164599609e+02 6.6175402832e+02 6.6184899902e+02 6.6195300293e+02 6.6205798340e+02 6.6216497803e+02 6.6226098633e+02 6.6233099365e+02 6.6243298340e+02 6.6253802490e+02 6.6264898682e+02 6.6277801514e+02 6.6289801025e+02 6.6299700928e+02 6.6313800049e+02 6.6328302002e+02 6.6342602539e+02 6.6358001709e+02 6.6373297119e+02 6.6384197998e+02 6.6391900635e+02 6.6397900391e+02 6.6408502197e+02 6.6422497559e+02 6.6437200928e+02 6.6452899170e+02 6.6466998291e+02 6.6480200195e+02 6.6489697266e+02 6.6501000977e+02 6.6515100098e+02 6.6527801514e+02 6.6540698242e+02 6.6552197266e+02
6.6049700928e+02 6.6057702637e+02 6.6065600586e+02 6.6073999023e+02 6.6082000732e+02 6.6090698242e+02 6.6100402832e+02 6.6109698486e+02 6.6118902588e+02 6.6130401611e+02 6.6140100098e+02 6.6149200439e+02 6.6159100342e+02 6.6168298340e+02 6.6177301025e+02 6.6188201904e+02 6.6198498535e+02 6.6207598877e+02 6.6216497803e+02 6.6223699951e+02 6.6234100342e+02 6.6245300293e+02 6.6256799316e+02 6.6267999268e+02 6.6278497314e+02 6.6289501953e+02 6.6302398682e+02 6.6315802002e+02 6.6331402588e+02 6.6347698975e+02 6.6361901855e+02 6.6371099854e+02 6.6378497314e+02 6.6386999512e+02 6.6400299072e+02 6.6414099121e+02 6.6427502441e+02 6.6441900635e+02 6.6458398438e+02 6.6472698975e+02 6.6479101563e+02 6.6489398193e+02 6.6503100586e+02 6.6518200684e+02 6.6532202148e+02 6.6544396973e+02
6.6042700195e+02 6.6049597168e+02 6.6057897949e+02 6.6066900635e+02 6.6076000977e+02 6.6084197998e+02 6.6094299316e+02 6.6103802490e+02 6.6111499023e+02 6.6122998047e+02 6.6133001709e+02 6.6141802979e+02 6.6152001953e+02 6.6158599854e+02 6.6169201660e+02 6.6181402588e+02 6.6191601563e+02 6.6200201416e+02 6.6209197998e+02 6.6217102051e+02 6.6225799561e+02 6.6235900879e+02 6.6247601318e+02 6.6258801270e+02 6.6269201660e+02 6.6281597900e+02 6.6292602539e+02 6.6305499268e+02 6.6322100830e+02 6.6338598633e+02 6.6351000977e+02 6.6358502197e+02 6.6366699219e+02 6.6376501465e+02 6.6390997314e+02 6.6405102539e+02 6.6416998291e+02 6.6433001709e+02 6.6448199463e+02 6.6460900879e+02 6.6469201660e+02 6.6479498291e+02 6.6492700195e+02 6.6507397461e+02 6.6521398926e+02 6.6535797119e+02
