TESTSERVER/17/7.asc
NCOLS 100
NROWS 100
XLLCORNER 8.3497500000e+03
YLLCORNER 2.8960025000e+05
CELLSIZE 5.0000000000e-01
NODATA_VALUE -9.9990000000e+03
[rows 20 to 39 of 100, columns 46 to 91 of 100]
6.6021398926e+02 6.6036798096e+02 6.6039697266e+02 6.6061401367e+02 6.6080603027e+02 6.6101098633e+02 6.6131799316e+02 6.6156500244e+02 6.6175701904e+02 6.6195697021e+02 6.6222198486e+02 6.6254101563e+02 6.6290100098e+02 6.6323999023e+02 6.6353302002e+02 6.6395599365e+02 6.6432397461e+02 6.6463397217e+02 6.6497601318e+02 6.6523602295e+02 6.6544097900e+02 6.6565698242e+02 6.6594396973e+02 6.6622100830e+02 6.6642297363e+02 6.6644702148e+02 6.6645397949e+02 6.6644201660e+02 6.6648699951e+02 6.6653997803e+02 6.6657397461e+02 6.6664099121e+02 6.6670599365e+02 6.6676000977e+02 6.6685498047e+02 6.6694598389e+02 6.6702197266e+02 6.6711102295e+02 6.6721197510e+02 6.6730798340e+02 6.6740301514e+02 6.6748999023e+02 6.6759399414e+02 6.6771197510e+02 6.6782397461e+02 6.6792901611e+02
6.5985198975e+02 6.5990698242e+02 6.6001898193e+02 6.6013201904e+02 6.6023297119e+02 6.6038299561e+02 6.6062701416e+02 6.6086602783e+02 6.6111999512e+02 6.6138800049e+02 6.6168902588e+02 6.6200402832e+02 6.6235900879e+02 6.6270697021e+02 6.6304498291e+02 6.6354998779e+02 6.6396301270e+02 6.6423199463e+02 6.6451501465e+02 6.6475097656e+02 6.6494299316e+02 6.6512097168e+02 6.6538201904e+02 6.6579699707e+02 6.6617700195e+02 6.6632897949e+02 6.6641802979e+02 6.6642297363e+02 6.6642199707e+02 6.6645300293e+02 6.6649401855e+02 6.6655401611e+02 6.6661401367e+02 6.6666900635e+02 6.6675701904e+02 6.6683300781e+02 6.6691198730e+02 6.6700598145e+02 6.6711602783e+02 6.6720300293e+02 6.6728997803e+02 6.6736401367e+02 6.6746398926e+02 6.6758300781e+02 6.6770697021e+02 6.6782098389e+02
6.5960699463e+02 6.5963897705e+02 6.5974298096e+02 6.5977099609e+02 6.5982098389e+02 6.5991497803e+02 6.6005603027e+02 6.6028002930e+02 6.6054400635e+02 6.6083099365e+02 6.6117999268e+02 6.6151098633e+02 6.6184899902e+02 6.6218798828e+02 6.6253002930e+02 6.6303900146e+02 6.6347802734e+02 6.6376702881e+02 6.6401898193e+02 6.6427398682e+02 6.6452801514e+02 6.6472900391e+02 6.6493798828e+02 6.6535998535e+02 6.6578802490e+02 6.6603399658e+02 6.6625799561e+02 6.6638897705e+02 6.6639398193e+02 6.6639202881e+02 6.6641802979e+02 6.6646600342e+02 6.6651800537e+02 6.6657702637e+02 6.6665802002e+02 6.6672497559e+02 6.6681097412e+02 6.6690002441e+02 6.6699499512e+02 6.6708300781e+02 6.6717999268e+02 6.6725897217e+02 6.6736102295e+02 6.6745599365e+02 6.6757501221e+02 6.6770898438e+02
6.5941101074e+02 6.5946997070e+02 6.5951599121e+02 6.5950799561e+02 6.5954901123e+02 6.5964001465e+02 6.5976898193e+02 6.5997100830e+02 6.6015002441e+02 6.6035101318e+02 6.6065100098e+02 6.6100402832e+02 6.6135302734e+02 6.6169799805e+02 6.6203601074e+02 6.6248400879e+02 6.6289398193e+02 6.6320501709e+02 6.6346002197e+02 6.6374298096e+02 6.6410900879e+02 6.6440100098e+02 6.6460198975e+02 6.6492498779e+02 6.6529998779e+02 6.6558300781e+02 6.6591601563e+02 6.6623199463e+02 6.6634197998e+02 6.6634802246e+02 6.6635998535e+02 6.6639300537e+02 6.6643701172e+02 6.6648797607e+02 6.6654998779e+02 6.6661297607e+02 6.6670697021e+02 6.6678900146e+02 6.6687097168e+02 6.6695300293e+02 6.6706298828e+02 6.6715502930e+02 6.6726300049e+02 6.6735302734e+02 6.6745397949e+02 6.6757897949e+02
6.5928100586e+02 6.5931500244e+02 6.5932800293e+02 6.5933001709e+02 6.5938397217e+02 6.5948699951e+02 6.5961297607e+02 6.5976397705e+02 6.5990301514e+02 6.6001599121e+02 6.6007800293e+02 6.6038500977e+02 6.6078601074e+02 6.6120202637e+02 6.6157800293e+02 6.6191400146e+02 6.6224597168e+02 6.6256097412e+02 6.6287200928e+02 6.6320098877e+02 6.6361401367e+02 6.6397998047e+02 6.6420098877e+02 6.6448400879e+02 6.6483001709e+02 6.6515002441e+02 6.6552398682e+02 6.6594702148e+02 6.6621398926e+02 6.6630700684e+02 6.6633197021e+02 6.6631201172e+02 6.6634899902e+02 6.6640802002e+02 6.6646398926e+02 6.6651000977e+02 6.6659002686e+02 6.6668103027e+02 6.6678100586e+02 6.6684997559e+02 6.6694396973e+02 6.6703601074e+02 6.6714099121e+02 6.6725598145e+02 6.6734600830e+02 6.6743597412e+02
6.5919000244e+02 6.5921398926e+02 6.5920300293e+02 6.5921398926e+02 6.5925701904e+02 6.5933001709e+02 6.5945202637e+02 6.5957702637e+02 6.5965100098e+02 6.5972601318e+02 6.5976300049e+02 6.5985699463e+02 6.6011798096e+02 6.6050500488e+02 6.6092797852e+02 6.6126000977e+02 6.6159698486e+02 6.6193103027e+02 6.6226898193e+02 6.6265899658e+02 6.6311700439e+02 6.6350897217e+02 6.6373297119e+02 6.6408197021e+02 6.6449902344e+02 6.6484802246e+02 6.6516400146e+02 6.6558197021e+02 6.6596600342e+02 6.6618402100e+02 6.6626800537e+02 6.6629101563e+02 6.6629602051e+02 6.6632397461e+02 6.6637200928e+02 6.6643499756e+02 6.6650598145e+02 6.6657702637e+02 6.6665197754e+02 6.6673999023e+02 6.6682897949e+02 6.6693402100e+02 6.6703302002e+02 6.6713000488e+02 6.6722900391e+02 6.6732598877e+02
6.5912701416e+02 6.5914599609e+02 6.5914801025e+02 6.5917999268e+02 6.5922100830e+02 6.5927099609e+02 6.5934197998e+02 6.5942297363e+02 6.5947198486e+02 6.5952099609e+02 6.5956799316e+02 6.5959600830e+02 6.5969500732e+02 6.5989697266e+02 6.6020001221e+02 6.6049401855e+02 6.6086102295e+02 6.6124200439e+02 6.6162902832e+02 6.6206298828e+02 6.6255102539e+02 6.6297100830e+02 6.6325402832e+02 6.6369500732e+02 6.6413299561e+02 6.6448999023e+02 6.6479998779e+02 6.6512902832e+02 6.6549499512e+02 6.6579901123e+02 6.6604998779e+02 6.6623400879e+02 6.6626702881e+02 6.6626397705e+02 6.6628100586e+02 6.6635101318e+02 6.6642602539e+02 6.6648199463e+02 6.6654699707e+02 6.6663897705e+02 6.6672900391e+02 6.6684100342e+02 6.6693298340e+02 6.6702001953e+02 6.6712402344e+02 6.6722698975e+02
6.5909497070e+02 6.5909997559e+02 6.5913500977e+02 6.5916699219e+02 6.5920800781e+02 6.5927001953e+02 6.5927697754e+02 6.5928302002e+02 6.5934100342e+02 6.5939801025e+02 6.5946801758e+02 6.5949499512e+02 6.5954302979e+02 6.5962500000e+02 6.5976599121e+02 6.5998999023e+02 6.6029797363e+02 6.6064001465e+02 6.6104400635e+02 6.6150299072e+02 6.6195501709e+02 6.6237097168e+02 6.6274298096e+02 6.6321502686e+02 6.6361602783e+02 6.6398797607e+02 6.6438800049e+02 6.6465197754e+02 6.6495202637e+02 6.6529998779e+02 6.6571899414e+02 6.6607098389e+02 6.6619396973e+02 6.6624298096e+02 6.6625598145e+02 6.6627001953e+02 6.6634002686e+02 6.6639202881e+02 6.6646600342e+02 6.6654400635e+02 6.6663201904e+02 6.6672900391e+02 6.6682501221e+02 6.6692102051e+02 6.6702001953e+02 6.6711499023e+02
6.5910101318e+02 6.5909997559e+02 6.5912597656e+02 6.5912799072e+02 6.5915502930e+02 6.5923101807e+02 6.5924298096e+02 6.5921600342e+02 6.5927001953e+02 6.5932098389e+02 6.5937200928e+02 6.5940502930e+02 6.5945300293e+02 6.5954498291e+02 6.5966400146e+02 6.5984997559e+02 6.6004199219e+02 6.6025000000e+02 6.6058502197e+02 6.6100799561e+02 6.6144702148e+02 6.6189202881e+02 6.6232098389e+02 6.6270599365e+02 6.6306799316e+02 6.6349401855e+02 6.6398199463e+02 6.6426098633e+02 6.6455700684e+02 6.6493298340e+02 6.6537500000e+02 6.6581799316e+02 6.6605200195e+02 6.6618200684e+02 6.6621002197e+02 6.6620599365e+02 6.6624298096e+02 6.6629498291e+02 6.6638598633e+02 6.6645098877e+02 6.6653900146e+02 6.6662799072e+02 6.6671301270e+02 6.6679998779e+02 6.6690502930e+02 6.6701702881e+02
6.5910101318e+02 6.5911499023e+02 6.5912402344e+02 6.5909802246e+02 6.5909802246e+02 6.5913897705e+02 6.5916497803e+02 6.5916497803e+02 6.5919702148e+02 6.5924102783e+02 6.5925799561e+02 6.5930700684e+02 6.5934399414e+02 6.5940802002e+02 6.5952899170e+02 6.5975000000e+02 6.5995300293e+02 6.6006500244e+02 6.6021002197e+02 6.6044201660e+02 6.6092797852e+02 6.6150201416e+02 6.6188702393e+02 6.6217999268e+02 6.6254699707e+02 6.6302099609e+02 6.6349798584e+02 6.6387097168e+02 6.6418298340e+02 6.6451501465e+02 6.6492401123e+02 6.6536401367e+02 6.6564501953e+02 6.6590997314e+02 6.6610797119e+02 6.6619396973e+02 6.6620599365e+02 6.6621398926e+02 6.6629101563e+02 6.6635900879e+02 6.6642901611e+02 6.6650897217e+02 6.6660498047e+02 6.6669897461e+02 6.6679998779e+02 6.6691400146e+02
6.5913299561e+02 6.5913500977e+02 6.5912701416e+02 6.5911700439e+02 6.5911199951e+02 6.5912200928e+02 6.5913299561e+02 6.5913201904e+02 6.5914398193e+02 6.5917102051e+02 6.5918103027e+02 6.5923297119e+02 6.5927801514e+02 6.5932000732e+02 6.5941900635e+02 6.5959399414e+02 6.5977899170e+02 6.5990399170e+02 6.5999102783e+02 6.6002899170e+02 6.6034497070e+02 6.6080902100e+02 6.6116699219e+02 6.6153601074e+02 6.6195697021e+02 6.6246801758e+02 6.6299902344e+02 6.6346801758e+02 6.6379101563e+02 6.6407098389e+02 6.6439801025e+02 6.6476300049e+02 6.6510101318e+02 6.6549700928e+02 6.6585302734e+02 6.6611901855e+02 6.6620202637e+02 6.6618200684e+02 6.6621301270e+02 6.6628399658e+02 6.6634899902e+02 6.6642498779e+02 6.6652197266e+02 6.6660699463e+02 6.6669799805e+02 6.6680700684e+02
6.5918798828e+02 6.5916601563e+02 6.5913397217e+02 6.5913897705e+02 6.5913800049e+02 6.5911700439e+02 6.5912402344e+02 6.5913201904e+02 6.5914501953e+02 6.5914898682e+02 6.5914898682e+02 6.5919000244e+02 6.5922100830e+02 6.5927099609e+02 6.5938500977e+02 6.5949200439e+02 6.5959698486e+02 6.5969598389e+02 6.5978198242e+02 6.5977502441e+02 6.5989202881e+02 6.6013000488e+02 6.6041601563e+02 6.6087799072e+02 6.6135400391e+02 6.6187902832e+02 6.6245202637e+02 6.6296301270e+02 6.6333898926e+02 6.6366302490e+02 6.6395300293e+02 6.6428900146e+02 6.6466998291e+02 6.6507897949e+02 6.6545098877e+02 6.6585601807e+02 6.6608502197e+02 6.6615399170e+02 6.6618597412e+02 6.6622198486e+02 6.6627001953e+02 6.6634600830e+02 6.6644097900e+02 6.6652197266e+02 6.6660900879e+02 6.6671099854e+02
6.5920599365e+02 6.5918701172e+02 6.5916497803e+02 6.5915502930e+02 6.5915197754e+02 6.5914001465e+02 6.5913702393e+02 6.5914099121e+02 6.5915100098e+02 6.5915301514e+02 6.5915002441e+02 6.5919396973e+02 6.5921697998e+02 6.5926898193e+02 6.5936199951e+02 6.5941998291e+02 6.5946899414e+02 6.5952600098e+02 6.5953497314e+02 6.5964001465e+02 6.5971002197e+02 6.5981097412e+02 6.5996197510e+02 6.6030297852e+02 6.6075402832e+02 6.6125097656e+02 6.6181597900e+02 6.6225000000e+02 6.6269799805e+02 6.6315997314e+02 6.6353802490e+02 6.6390997314e+02 6.6429901123e+02 6.6468200684e+02 6.6505999756e+02 6.6539898682e+02 6.6573901367e+02 6.6600000000e+02 6.6617999268e+02 6.6617199707e+02 6.6618701172e+02 6.6626000977e+02 6.6634997559e+02 6.6643200684e+02 6.6651599121e+02 6.6660198975e+02
6.5921002197e+02 6.5920300293e+02 6.5919201660e+02 6.5918902588e+02 6.5918499756e+02 6.5917401123e+02 6.5915100098e+02 6.5914300537e+02 6.5915197754e+02 6.5915197754e+02 6.5914202881e+02 6.5915301514e+02 6.5918597412e+02 6.5923901367e+02 6.5929699707e+02 6.5933300781e+02 6.5937902832e+02 6.5942797852e+02 6.5946301270e+02 6.5952801514e+02 6.5957702637e+02 6.5965399170e+02 6.5974102783e+02 6.5994000244e+02 6.6019897461e+02 6.6060797119e+02 6.6118200684e+02 6.6154400635e+02 6.6198797607e+02 6.6246600342e+02 6.6291497803e+02 6.6339697266e+02 6.6378900146e+02 6.6419299316e+02 6.6461602783e+02 6.6492797852e+02 6.6526000977e+02 6.6561999512e+02 6.6596801758e+02 6.6615100098e+02 6.6615698242e+02 6.6618499756e+02 6.6627001953e+02 6.6634802246e+02 6.6643103027e+02 6.6650299072e+02
6.5921301270e+02 6.5921099854e+02 6.5920202637e+02 6.5920202637e+02 6.5920001221e+02 6.5918499756e+02 6.5915502930e+02 6.5912902832e+02 6.5912799072e+02 6.5913598633e+02 6.5914697266e+02 6.5914501953e+02 6.5917102051e+02 6.5921801758e+02 6.5926098633e+02 6.5927001953e+02 6.5929400635e+02 6.5935302734e+02 6.5945397949e+02 6.5946197510e+02 6.5950000000e+02 6.5958898926e+02 6.5962902832e+02 6.5974499512e+02 6.5986602783e+02 6.6011499023e+02 6.6054199219e+02 6.6088299561e+02 6.6133398438e+02 6.6182098389e+02 6.6225598145e+02 6.6274597168e+02 6.6321502686e+02 6.6368798828e+02 6.6414300537e+02 6.6446899414e+02 6.6478399658e+02 6.6514501953e+02 6.6560900879e+02 6.6601702881e+02 6.6610900879e+02 6.6609997559e+02 6.6618402100e+02 6.6625799561e+02 6.6634002686e+02 6.6642797852e+02
6.5921002197e+02 6.5921197510e+02 6.5920001221e+02 6.5919598389e+02 6.5919799805e+02 6.5918298340e+02 6.5914697266e+02 6.5911102295e+02 6.5910601807e+02 6.5912402344e+02 6.5914300537e+02 6.5913897705e+02 6.5915698242e+02 6.5919396973e+02 6.5921801758e+02 6.5922900391e+02 6.5924200439e+02 6.5926397705e+02 6.5934399414e+02 6.5936700439e+02 6.5943103027e+02 6.5952001953e+02 6.5954302979e+02 6.5960101318e+02 6.5964898682e+02 6.5978302002e+02 6.6003698730e+02 6.6030603027e+02 6.6071197510e+02 6.6117401123e+02 6.6157800293e+02 6.6204797363e+02 6.6259802246e+02 6.6315399170e+02 6.6361297607e+02 6.6404199219e+02 6.6444897461e+02 6.6482897949e+02 6.6530700684e+02 6.6583099365e+02 6.6604998779e+02 6.6603802490e+02 6.6610998535e+02 6.6617602539e+02 6.6624401855e+02 6.6634002686e+02
6.5919897461e+02 6.5920397949e+02 6.5920397949e+02 6.5919500732e+02 6.5919500732e+02 6.5918597412e+02 6.5917401123e+02 6.5913897705e+02 6.5912799072e+02 6.5912597656e+02 6.5910900879e+02 6.5911901855e+02 6.5913702393e+02 6.5915997314e+02 6.5916497803e+02 6.5920697021e+02 6.5922399902e+02 6.5921197510e+02 6.5925500488e+02 6.5931701660e+02 6.5937097168e+02 6.5942602539e+02 6.5946502686e+02 6.5949700928e+02 6.5957800293e+02 6.5970800781e+02 6.5984698486e+02 6.6002600098e+02 6.6034100342e+02 6.6072198486e+02 6.6108197021e+02 6.6147100830e+02 6.6202197266e+02 6.6259698486e+02 6.6302301025e+02 6.6362298584e+02 6.6420098877e+02 6.6468402100e+02 6.6521301270e+02 6.6570300293e+02 6.6598101807e+02 6.6599499512e+02 6.6604998779e+02 6.6611297607e+02 6.6618103027e+02 6.6626202393e+02
6.5919201660e+02 6.5920001221e+02 6.5921002197e+02 6.5921398926e+02 6.5921398926e+02 6.5921301270e+02 6.5921002197e+02 6.5919000244e+02 6.5917797852e+02 6.5916497803e+02 6.5914099121e+02 6.5913201904e+02 6.5914898682e+02 6.5916302490e+02 6.5915698242e+02 6.5917199707e+02 6.5918103027e+02 6.5917901611e+02 6.5920397949e+02 6.5926702881e+02 6.5930798340e+02 6.5937597656e+02 6.5943200684e+02 6.5945001221e+02 6.5949902344e+02 6.5958898926e+02 6.5971099854e+02 6.5990301514e+02 6.6017999268e+02 6.6049200439e+02 6.6083001709e+02 6.6109002686e+02 6.6153302002e+02 6.6208502197e+02 6.6254199219e+02 6.6328399658e+02 6.6399798584e+02 6.6456201172e+02 6.6516497803e+02 6.6566302490e+02 6.6591802979e+02 6.6593499756e+02 6.6597998047e+02 6.6603002930e+02 6.6610400391e+02 6.6617401123e+02
6.5919299316e+02 6.5920098877e+02 6.5921502686e+02 6.5922497559e+02 6.5922998047e+02 6.5923498535e+02 6.5924597168e+02 6.5925000000e+02 6.5924798584e+02 6.5923498535e+02 6.5919897461e+02 6.5914801025e+02 6.5916198730e+02 6.5917700195e+02 6.5916497803e+02 6.5915698242e+02 6.5916101074e+02 6.5917401123e+02 6.5919897461e+02 6.5920599365e+02 6.5921398926e+02 6.5928198242e+02 6.5933599854e+02 6.5939398193e+02 6.5944799805e+02 6.5950598145e+02 6.5960900879e+02 6.5978302002e+02 6.6003698730e+02 6.6029400635e+02 6.6059100342e+02 6.6079901123e+02 6.6116699219e+02 6.6175000000e+02 6.6232098389e+02 6.6317901611e+02 6.6400500488e+02 6.6465802002e+02 6.6531298828e+02 6.6572802734e+02 6.6584698486e+02 6.6585900879e+02 6.6590802002e+02 6.6595898438e+02 6.6603198242e+02 6.6610400391e+02
6.5919500732e+02 6.5920397949e+02 6.5921801758e+02 6.5923199463e+02 6.5924102783e+02 6.5925201416e+02 6.5927301025e+02 6.5929998779e+02 6.5930999756e+02 6.5930200195e+02 6.5927600098e+02 6.5916802979e+02 6.5915100098e+02 6.5916699219e+02 6.5914898682e+02 6.5913702393e+02 6.5915197754e+02 6.5917297363e+02 6.5919897461e+02 6.5916699219e+02 6.5915997314e+02 6.5920001221e+02 6.5922497559e+02 6.5930499268e+02 6.5938000488e+02 6.5944299316e+02 6.5955603027e+02 6.5969598389e+02 6.5991101074e+02 6.6013000488e+02 6.6036499023e+02 6.6056701660e+02 6.6098199463e+02 6.6172998047e+02 6.6252001953e+02 6.6337200928e+02 6.6416900635e+02 6.6481896973e+02 6.6543298340e+02 6.6576000977e+02 6.6578698730e+02 6.6579699707e+02 6.6585900879e+02 6.6591101074e+02 6.6597198486e+02 6.6604199219e+02
