TESTSERVER/17/7.asc
NCOLS 100
NROWS 100
XLLCORNER 8.3497500000e+03
YLLCORNER 2.8960025000e+05
CELLSIZE 5.0000000000e-01
NODATA_VALUE -9.9990000000e+03
[rows 40 to 59 of 100, columns 46 to 91 of 100]
6.5920202637e+02 6.5921002197e+02 6.5921899414e+02 6.5923400879e+02 6.5924499512e+02 6.5925799561e+02 6.5927398682e+02 6.5930902100e+02 6.5932098389e+02 6.5931799316e+02 6.5926702881e+02 6.5920501709e+02 6.5915698242e+02 6.5914300537e+02 6.5911199951e+02 6.5912200928e+02 6.5913702393e+02 6.5914898682e+02 6.5916302490e+02 6.5915002441e+02 6.5916998291e+02 6.5921002197e+02 6.5925097656e+02 6.5928601074e+02 6.5931701660e+02 6.5936401367e+02 6.5948797607e+02 6.5961401367e+02 6.5978399658e+02 6.5998498535e+02 6.6021697998e+02 6.6046398926e+02 6.6103100586e+02 6.6204901123e+02 6.6306201172e+02 6.6374700928e+02 6.6440600586e+02 6.6498699951e+02 6.6541998291e+02 6.6566802979e+02 6.6570697021e+02 6.6573498535e+02 6.6580902100e+02 6.6586102295e+02 6.6590997314e+02 6.6596899414e+02
6.5920599365e+02 6.5921301270e+02 6.5922198486e+02 6.5923498535e+02 6.5924401855e+02 6.5925201416e+02 6.5926898193e+02 6.5928802490e+02 6.5929302979e+02 6.5929199219e+02 6.5926702881e+02 6.5922497559e+02 6.5919897461e+02 6.5917700195e+02 6.5915399170e+02 6.5914697266e+02 6.5913897705e+02 6.5913000488e+02 6.5914202881e+02 6.5916198730e+02 6.5917901611e+02 6.5920898438e+02 6.5924597168e+02 6.5927600098e+02 6.5924298096e+02 6.5928497314e+02 6.5940802002e+02 6.5950299072e+02 6.5965399170e+02 6.5984399414e+02 6.6009802246e+02 6.6025000000e+02 6.6097497559e+02 6.6229199219e+02 6.6341302490e+02 6.6399597168e+02 6.6455297852e+02 6.6513098145e+02 6.6549597168e+02 6.6561999512e+02 6.6564697266e+02 6.6569000244e+02 6.6576098633e+02 6.6581500244e+02 6.6586401367e+02 6.6591699219e+02
6.5920898438e+02 6.5921398926e+02 6.5922399902e+02 6.5923498535e+02 6.5924298096e+02 6.5924902344e+02 6.5926202393e+02 6.5927801514e+02 6.5928302002e+02 6.5928399658e+02 6.5926800537e+02 6.5924499512e+02 6.5923101807e+02 6.5921899414e+02 6.5923400879e+02 6.5925598145e+02 6.5922399902e+02 6.5917498779e+02 6.5914300537e+02 6.5914697266e+02 6.5915997314e+02 6.5918200684e+02 6.5920501709e+02 6.5920898438e+02 6.5922198486e+02 6.5929199219e+02 6.5937097168e+02 6.5946398926e+02 6.5956201172e+02 6.5968298340e+02 6.5989099121e+02 6.6010699463e+02 6.6116699219e+02 6.6263098145e+02 6.6355700684e+02 6.6413702393e+02 6.6472998047e+02 6.6523797607e+02 6.6546997070e+02 6.6554797363e+02 6.6559600830e+02 6.6565502930e+02 6.6571502686e+02 6.6575701904e+02 6.6580798340e+02 6.6586401367e+02
6.5921099854e+02 6.5921697998e+02 6.5922497559e+02 6.5923400879e+02 6.5923999023e+02 6.5924499512e+02 6.5925299072e+02 6.5926599121e+02 6.5927301025e+02 6.5927502441e+02 6.5927001953e+02 6.5926397705e+02 6.5926202393e+02 6.5925897217e+02 6.5932000732e+02 6.5939001465e+02 6.5934399414e+02 6.5926000977e+02 6.5917797852e+02 6.5915698242e+02 6.5916601563e+02 6.5918902588e+02 6.5920501709e+02 6.5918298340e+02 6.5920898438e+02 6.5928302002e+02 6.5931500244e+02 6.5941400146e+02 6.5948699951e+02 6.5958197021e+02 6.5977099609e+02 6.6027301025e+02 6.6170300293e+02 6.6311798096e+02 6.6370098877e+02 6.6431402588e+02 6.6492199707e+02 6.6528302002e+02 6.6537799072e+02 6.6545697021e+02 6.6552899170e+02 6.6559698486e+02 6.6565899658e+02 6.6570202637e+02 6.6575500488e+02 6.6580798340e+02
6.5921002197e+02 6.5921398926e+02 6.5921899414e+02 6.5922998047e+02 6.5923400879e+02 6.5923602295e+02 6.5923699951e+02 6.5925097656e+02 6.5925897217e+02 6.5926702881e+02 6.5927001953e+02 6.5927398682e+02 6.5927801514e+02 6.5928100586e+02 6.5932000732e+02 6.5940997314e+02 6.5937799072e+02 6.5931701660e+02 6.5926098633e+02 6.5921899414e+02 6.5920300293e+02 6.5919598389e+02 6.5919000244e+02 6.5918402100e+02 6.5919396973e+02 6.5924700928e+02 6.5926898193e+02 6.5932897949e+02 6.5944396973e+02 6.5956597900e+02 6.5970898438e+02 6.6047900391e+02 6.6204602051e+02 6.6334997559e+02 6.6392102051e+02 6.6450799561e+02 6.6500000000e+02 6.6519799805e+02 6.6525402832e+02 6.6535302734e+02 6.6544299316e+02 6.6552301025e+02 6.6560400391e+02 6.6565802002e+02 6.6570800781e+02 6.6575500488e+02
6.5920800781e+02 6.5920898438e+02 6.5921697998e+02 6.5922601318e+02 6.5922698975e+02 6.5922900391e+02 6.5923199463e+02 6.5924102783e+02 6.5925000000e+02 6.5926000977e+02 6.5927001953e+02 6.5927697754e+02 6.5928100586e+02 6.5928198242e+02 6.5930297852e+02 6.5931402588e+02 6.5929498291e+02 6.5927197266e+02 6.5925000000e+02 6.5923400879e+02 6.5922302246e+02 6.5921398926e+02 6.5919299316e+02 6.5917999268e+02 6.5922100830e+02 6.5927197266e+02 6.5927301025e+02 6.5933398438e+02 6.5947399902e+02 6.5953198242e+02 6.5972802734e+02 6.6072900391e+02 6.6236798096e+02 6.6356701660e+02 6.6414202881e+02 6.6465301514e+02 6.6495800781e+02 6.6505902100e+02 6.6514300537e+02 6.6525799561e+02 6.6534698486e+02 6.6543103027e+02 6.6552899170e+02 6.6560699463e+02 6.6566699219e+02 6.6571899414e+02
6.5920800781e+02 6.5920898438e+02 6.5921502686e+02 6.5922198486e+02 6.5922399902e+02 6.5922497559e+02 6.5922698975e+02 6.5923400879e+02 6.5924298096e+02 6.5925097656e+02 6.5926599121e+02 6.5927697754e+02 6.5928002930e+02 6.5928100586e+02 6.5928399658e+02 6.5927899170e+02 6.5926501465e+02 6.5925000000e+02 6.5923901367e+02 6.5923901367e+02 6.5923498535e+02 6.5923199463e+02 6.5922601318e+02 6.5922497559e+02 6.5924298096e+02 6.5927600098e+02 6.5929101563e+02 6.5939001465e+02 6.5949499512e+02 6.5952697754e+02 6.5995898438e+02 6.6132800293e+02 6.6291998291e+02 6.6386401367e+02 6.6432000732e+02 6.6465301514e+02 6.6481298828e+02 6.6489599609e+02 6.6500299072e+02 6.6512298584e+02 6.6523297119e+02 6.6533898926e+02 6.6544299316e+02 6.6553698730e+02 6.6561401367e+02 6.6567901611e+02
6.5920898438e+02 6.5921002197e+02 6.5921301270e+02 6.5921697998e+02 6.5921899414e+02 6.5922100830e+02 6.5922302246e+02 6.5922900391e+02 6.5923602295e+02 6.5924401855e+02 6.5925897217e+02 6.5927001953e+02 6.5927197266e+02 6.5927197266e+02 6.5926300049e+02 6.5925000000e+02 6.5924102783e+02 6.5923101807e+02 6.5922900391e+02 6.5923699951e+02 6.5923901367e+02 6.5923999023e+02 6.5926800537e+02 6.5927398682e+02 6.5924798584e+02 6.5926800537e+02 6.5931402588e+02 6.5940698242e+02 6.5950201416e+02 6.5967797852e+02 6.6047100830e+02 6.6208398438e+02 6.6343499756e+02 6.6406298828e+02 6.6435699463e+02 6.6453900146e+02 6.6463000488e+02 6.6471502686e+02 6.6482897949e+02 6.6495898438e+02 6.6508300781e+02 6.6521899414e+02 6.6534197998e+02 6.6544500732e+02 6.6553698730e+02 6.6561401367e+02
6.5920898438e+02 6.5920898438e+02 6.5920898438e+02 6.5921197510e+02 6.5921398926e+02 6.5921502686e+02 6.5921801758e+02 6.5922698975e+02 6.5923297119e+02 6.5923901367e+02 6.5924298096e+02 6.5924798584e+02 6.5924700928e+02 6.5924499512e+02 6.5922198486e+02 6.5922100830e+02 6.5921801758e+02 6.5921502686e+02 6.5921398926e+02 6.5922302246e+02 6.5922601318e+02 6.5923199463e+02 6.5925299072e+02 6.5927099609e+02 6.5924597168e+02 6.5926397705e+02 6.5932897949e+02 6.5942297363e+02 6.5956597900e+02 6.6012097168e+02 6.6148602295e+02 6.6280603027e+02 6.6367901611e+02 6.6405798340e+02 6.6428900146e+02 6.6439001465e+02 6.6446899414e+02 6.6455798340e+02 6.6467498779e+02 6.6479498291e+02 6.6492797852e+02 6.6508697510e+02 6.6521301270e+02 6.6533898926e+02 6.6544702148e+02 6.6553399658e+02
6.5920800781e+02 6.5920800781e+02 6.5920898438e+02 6.5921099854e+02 6.5921197510e+02 6.5921301270e+02 6.5921600342e+02 6.5922399902e+02 6.5922900391e+02 6.5923400879e+02 6.5923400879e+02 6.5922900391e+02 6.5922601318e+02 6.5922302246e+02 6.5921600342e+02 6.5921197510e+02 6.5921099854e+02 6.5920898438e+02 6.5920599365e+02 6.5920501709e+02 6.5920599365e+02 6.5921099854e+02 6.5922698975e+02 6.5922497559e+02 6.5921997070e+02 6.5925201416e+02 6.5934600830e+02 6.5945001221e+02 6.5990100098e+02 6.6102697754e+02 6.6235998535e+02 6.6320397949e+02 6.6366802979e+02 6.6391198730e+02 6.6410302734e+02 6.6419201660e+02 6.6429498291e+02 6.6441998291e+02 6.6453997803e+02 6.6464898682e+02 6.6478900146e+02 6.6494702148e+02 6.6505401611e+02 6.6518798828e+02 6.6532000732e+02 6.6544598389e+02
6.5920800781e+02 6.5920697021e+02 6.5920800781e+02 6.5921099854e+02 6.5921197510e+02 6.5921301270e+02 6.5921502686e+02 6.5921997070e+02 6.5922302246e+02 6.5922601318e+02 6.5922497559e+02 6.5921997070e+02 6.5921801758e+02 6.5921502686e+02 6.5921099854e+02 6.5920898438e+02 6.5920697021e+02 6.5920300293e+02 6.5919799805e+02 6.5919299316e+02 6.5919097900e+02 6.5919299316e+02 6.5919702148e+02 6.5918402100e+02 6.5919201660e+02 6.5925000000e+02 6.5934698486e+02 6.5956201172e+02 6.6040502930e+02 6.6171997070e+02 6.6281097412e+02 6.6334100342e+02 6.6360498047e+02 6.6376898193e+02 6.6393103027e+02 6.6403100586e+02 6.6415197754e+02 6.6427697754e+02 6.6440100098e+02 6.6451397705e+02 6.6464599609e+02 6.6478802490e+02 6.6489501953e+02 6.6502502441e+02 6.6516900635e+02 6.6532702637e+02
6.5920697021e+02 6.5920697021e+02 6.5920800781e+02 6.5921099854e+02 6.5921197510e+02 6.5921301270e+02 6.5921301270e+02 6.5921600342e+02 6.5921801758e+02 6.5921899414e+02 6.5921697998e+02 6.5921301270e+02 6.5921099854e+02 6.5920800781e+02 6.5920599365e+02 6.5920501709e+02 6.5920300293e+02 6.5919799805e+02 6.5919000244e+02 6.5918200684e+02 6.5917797852e+02 6.5917700195e+02 6.5916601563e+02 6.5914501953e+02 6.5917401123e+02 6.5926300049e+02 6.5939300537e+02 6.5991198730e+02 6.6098101807e+02 6.6212200928e+02 6.6291900635e+02 6.6334802246e+02 6.6352502441e+02 6.6364898682e+02 6.6379602051e+02 6.6391198730e+02 6.6403002930e+02 6.6413897705e+02 6.6426098633e+02 6.6438800049e+02 6.6451599121e+02 6.6463702393e+02 6.6475000000e+02 6.6488897705e+02 6.6503900146e+02 6.6520098877e+02
6.5920800781e+02 6.5920800781e+02 6.5920800781e+02 6.5920800781e+02 6.5920898438e+02 6.5920898438e+02 6.5920898438e+02 6.5921197510e+02 6.5921197510e+02 6.5921197510e+02 6.5920898438e+02 6.5920599365e+02 6.5920300293e+02 6.5920098877e+02 6.5920001221e+02 6.5920098877e+02 6.5919598389e+02 6.5919000244e+02 6.5916900635e+02 6.5915399170e+02 6.5914300537e+02 6.5913800049e+02 6.5918902588e+02 6.5914801025e+02 6.5913702393e+02 6.5925402832e+02 6.5957397461e+02 6.6048699951e+02 6.6157397461e+02 6.6235101318e+02 6.6290899658e+02 6.6323999023e+02 6.6338702393e+02 6.6352001953e+02 6.6365997314e+02 6.6378002930e+02 6.6390100098e+02 6.6402197266e+02 6.6415399170e+02 6.6427301025e+02 6.6439099121e+02 6.6451501465e+02 6.6464001465e+02 6.6477697754e+02 6.6492297363e+02 6.6506402588e+02
6.5920800781e+02 6.5920898438e+02 6.5920800781e+02 6.5920697021e+02 6.5920697021e+02 6.5920800781e+02 6.5920898438e+02 6.5920898438e+02 6.5920898438e+02 6.5920800781e+02 6.5920599365e+02 6.5920202637e+02 6.5919897461e+02 6.5919702148e+02 6.5919702148e+02 6.5919702148e+02 6.5919201660e+02 6.5918597412e+02 6.5915399170e+02 6.5910601807e+02 6.5909301758e+02 6.5909600830e+02 6.5915002441e+02 6.5909301758e+02 6.5912200928e+02 6.5945098877e+02 6.6013098145e+02 6.6117401123e+02 6.6190002441e+02 6.6236401367e+02 6.6281201172e+02 6.6305700684e+02 6.6320001221e+02 6.6338397217e+02 6.6353002930e+02 6.6365197754e+02 6.6377899170e+02 6.6391101074e+02 6.6404400635e+02 6.6416802979e+02 6.6427899170e+02 6.6440698242e+02 6.6452801514e+02 6.6465698242e+02 6.6478900146e+02 6.6491302490e+02
6.5920800781e+02 6.5920898438e+02 6.5920898438e+02 6.5920800781e+02 6.5920898438e+02 6.5920898438e+02 6.5920898438e+02 6.5920800781e+02 6.5920697021e+02 6.5920501709e+02 6.5920397949e+02 6.5920098877e+02 6.5919799805e+02 6.5919500732e+02 6.5919500732e+02 6.5919500732e+02 6.5919097900e+02 6.5918597412e+02 6.5914599609e+02 6.5909497070e+02 6.5909301758e+02 6.5910900879e+02 6.5913098145e+02 6.5907000732e+02 6.5924401855e+02 6.5978399658e+02 6.6080700684e+02 6.6184802246e+02 6.6219598389e+02 6.6237298584e+02 6.6263000488e+02 6.6278601074e+02 6.6295397949e+02 6.6320098877e+02 6.6337200928e+02 6.6351599121e+02 6.6365899658e+02 6.6379498291e+02 6.6393298340e+02 6.6405798340e+02 6.6415899658e+02 6.6428302002e+02 6.6440802002e+02 6.6453302002e+02 6.6467102051e+02 6.6479797363e+02
6.5920800781e+02 6.5920800781e+02 6.5920898438e+02 6.5921002197e+02 6.5921002197e+02 6.5921002197e+02 6.5921002197e+02 6.5920697021e+02 6.5920501709e+02 6.5920300293e+02 6.5920202637e+02 6.5919897461e+02 6.5919702148e+02 6.5919396973e+02 6.5919299316e+02 6.5919396973e+02 6.5919201660e+02 6.5918798828e+02 6.5914801025e+02 6.5911102295e+02 6.5912500000e+02 6.5916101074e+02 6.5917999268e+02 6.5919299316e+02 6.5951599121e+02 6.6020001221e+02 6.6133099365e+02 6.6226599121e+02 6.6244799805e+02 6.6244500732e+02 6.6249200439e+02 6.6254199219e+02 6.6266998291e+02 6.6289099121e+02 6.6310601807e+02 6.6334698486e+02 6.6354602051e+02 6.6368902588e+02 6.6380902100e+02 6.6393103027e+02 6.6403802490e+02 6.6417297363e+02 6.6429998779e+02 6.6441198730e+02 6.6454498291e+02 6.6466900635e+02
6.5920898438e+02 6.5921099854e+02 6.5921301270e+02 6.5921099854e+02 6.5921197510e+02 6.5921197510e+02 6.5921099854e+02 6.5920599365e+02 6.5920397949e+02 6.5920098877e+02 6.5920001221e+02 6.5919897461e+02 6.5919598389e+02 6.5919299316e+02 6.5918798828e+02 6.5918902588e+02 6.5919000244e+02 6.5919299316e+02 6.5916601563e+02 6.5912298584e+02 6.5915600586e+02 6.5924700928e+02 6.5937701416e+02 6.5955999756e+02 6.6003601074e+02 6.6071197510e+02 6.6165100098e+02 6.6232299805e+02 6.6249102783e+02 6.6248699951e+02 6.6247900391e+02 6.6249102783e+02 6.6253997803e+02 6.6263397217e+02 6.6277801514e+02 6.6304998779e+02 6.6334399414e+02 6.6356701660e+02 6.6367797852e+02 6.6380700684e+02 6.6391998291e+02 6.6405401611e+02 6.6418298340e+02 6.6429199219e+02 6.6442401123e+02 6.6454602051e+02
6.5920898438e+02 6.5921197510e+02 6.5921197510e+02 6.5921099854e+02 6.5921197510e+02 6.5921301270e+02 6.5921197510e+02 6.5920697021e+02 6.5920300293e+02 6.5920098877e+02 6.5920001221e+02 6.5919897461e+02 6.5919598389e+02 6.5919299316e+02 6.5918798828e+02 6.5918597412e+02 6.5919000244e+02 6.5920001221e+02 6.5917797852e+02 6.5914099121e+02 6.5922198486e+02 6.5940502930e+02 6.5969097900e+02 6.6009600830e+02 6.6064398193e+02 6.6126000977e+02 6.6199902344e+02 6.6242901611e+02 6.6252600098e+02 6.6250201416e+02 6.6246002197e+02 6.6247302246e+02 6.6250402832e+02 6.6255401611e+02 6.6262298584e+02 6.6273400879e+02 6.6296697998e+02 6.6328198242e+02 6.6354699707e+02 6.6369897461e+02 6.6379901123e+02 6.6390899658e+02 6.6403100586e+02 6.6416497803e+02 6.6428698730e+02 6.6439697266e+02
6.5920800781e+02 6.5921099854e+02 6.5921197510e+02 6.5921197510e+02 6.5921301270e+02 6.5921398926e+02 6.5921301270e+02 6.5920697021e+02 6.5920397949e+02 6.5920098877e+02 6.5920001221e+02 6.5919897461e+02 6.5919598389e+02 6.5919299316e+02 6.5918701172e+02 6.5918597412e+02 6.5919201660e+02 6.5920300293e+02 6.5918402100e+02 6.5919500732e+02 6.5933502197e+02 6.5958599854e+02 6.5999298096e+02 6.6051800537e+02 6.6109197998e+02 6.6168200684e+02 6.6225701904e+02 6.6251000977e+02 6.6254101563e+02 6.6248602295e+02 6.6245501709e+02 6.6248199463e+02 6.6251202393e+02 6.6254302979e+02 6.6258502197e+02 6.6261602783e+02 6.6272698975e+02 6.6297497559e+02 6.6328302002e+02 6.6352600098e+02 6.6368701172e+02 6.6379901123e+02 6.6390899658e+02 6.6403802490e+02 6.6414801025e+02 6.6425799561e+02
6.5920599365e+02 6.5920898438e+02 6.5921197510e+02 6.5921197510e+02 6.5921301270e+02 6.5921398926e+02 6.5921301270e+02 6.5920800781e+02 6.5920501709e+02 6.5920202637e+02 6.5920001221e+02 6.5919897461e+02 6.5919500732e+02 6.5919299316e+02 6.5918597412e+02 6.5918499756e+02 6.5919201660e+02 6.5920397949e+02 6.5918701172e+02 6.5925097656e+02 6.5945300293e+02 6.5977197266e+02 6.6027502441e+02 6.6086999512e+02 6.6144396973e+02 6.6198797607e+02 6.6241802979e+02 6.6254302979e+02 6.6253601074e+02 6.6247497559e+02 6.6246398926e+02 6.6250299072e+02 6.6253997803e+02 6.6257299805e+02 6.6260101318e+02 6.6263800049e+02 6.6268798828e+02 6.6279998779e+02 6.6296997070e+02 6.6323400879e+02 6.6351898193e+02 6.6370300293e+02 6.6380102539e+02 6.6390600586e+02 6.6401501465e+02 6.6413598633e+02
