TESTSERVER/17/8.asc
NCOLS 100
NROWS 100
XLLCORNER 8.3497500000e+03
YLLCORNER 2.8955025000e+05
CELLSIZE 5.0000000000e-01
NODATA_VALUE -9.9990000000e+03
[rows 40 to 59 of 100, columns 46 to 91 of 100]
6.5751800537e+02 6.5752398682e+02 6.5753997803e+02 6.5753997803e+02 6.5754302979e+02 6.5755603027e+02 6.5758599854e+02 6.5760302734e+02 6.5760498047e+02 6.5760699463e+02 6.5762902832e+02 6.5766998291e+02 6.5771600342e+02 6.5777197266e+02 6.5781896973e+02 6.5786102295e+02 6.5793200684e+02 6.5800897217e+02 6.5806799316e+02 6.5814599609e+02 6.5822399902e+02 6.5829901123e+02 6.5837402344e+02 6.5843200684e+02 6.5849401855e+02 6.5857598877e+02 6.5865899658e+02 6.5870501709e+02 6.5875701904e+02 6.5880200195e+02 6.5884197998e+02 6.5888000488e+02 6.5892102051e+02 6.5895697021e+02 6.5898999023e+02 6.5904199219e+02 6.5910601807e+02 6.5916400146e+02 6.5919598389e+02 6.5924401855e+02 6.5929400635e+02 6.5931298828e+02 6.5934399414e+02 6.5936999512e+02 6.5939501953e+02 6.5942797852e+02
6.5745300293e+02 6.5746197510e+02 6.5746301270e+02 6.5746502686e+02 6.5747399902e+02 6.5749499512e+02 6.5752301025e+02 6.5754302979e+02 6.5755401611e+02 6.5755798340e+02 6.5757000732e+02 6.5760699463e+02 6.5766198730e+02 6.5772900391e+02 6.5778601074e+02 6.5783197021e+02 6.5790502930e+02 6.5797198486e+02 6.5802697754e+02 6.5809301758e+02 6.5817700195e+02 6.5825799561e+02 6.5831799316e+02 6.5836297607e+02 6.5843200684e+02 6.5851599121e+02 6.5859600830e+02 6.5866998291e+02 6.5873602295e+02 6.5877899170e+02 6.5881701660e+02 6.5886199951e+02 6.5891900635e+02 6.5895001221e+02 6.5895001221e+02 6.5899401855e+02 6.5906701660e+02 6.5912701416e+02 6.5917199707e+02 6.5921697998e+02 6.5925897217e+02 6.5928802490e+02 6.5932202148e+02 6.5935198975e+02 6.5938598633e+02 6.5942498779e+02
6.5740002441e+02 6.5740301514e+02 6.5739300537e+02 6.5739398193e+02 6.5740301514e+02 6.5742199707e+02 6.5744799805e+02 6.5747399902e+02 6.5749298096e+02 6.5750897217e+02 6.5752600098e+02 6.5755297852e+02 6.5760797119e+02 6.5768200684e+02 6.5774700928e+02 6.5780200195e+02 6.5787402344e+02 6.5792498779e+02 6.5797802734e+02 6.5805200195e+02 6.5813598633e+02 6.5820501709e+02 6.5824200439e+02 6.5827899170e+02 6.5835797119e+02 6.5845599365e+02 6.5854400635e+02 6.5864202881e+02 6.5870697021e+02 6.5873699951e+02 6.5878497314e+02 6.5884002686e+02 6.5888897705e+02 6.5892901611e+02 6.5894799805e+02 6.5897998047e+02 6.5902600098e+02 6.5907202148e+02 6.5913800049e+02 6.5919500732e+02 6.5923602295e+02 6.5927099609e+02 6.5930401611e+02 6.5933300781e+02 6.5936901855e+02 6.5941198730e+02
6.5732299805e+02 6.5733300781e+02 6.5733502197e+02 6.5732897949e+02 6.5733300781e+02 6.5734497070e+02 6.5737097168e+02 6.5740502930e+02 6.5742797852e+02 6.5745397949e+02 6.5748699951e+02 6.5750402832e+02 6.5755102539e+02 6.5762799072e+02 6.5769396973e+02 6.5775402832e+02 6.5782800293e+02 6.5787402344e+02 6.5792401123e+02 6.5801000977e+02 6.5808898926e+02 6.5814599609e+02 6.5817401123e+02 6.5821099854e+02 6.5828802490e+02 6.5839001465e+02 6.5848699951e+02 6.5859600830e+02 6.5866900635e+02 6.5870098877e+02 6.5875799561e+02 6.5881799316e+02 6.5885400391e+02 6.5889801025e+02 6.5894500732e+02 6.5897497559e+02 6.5900299072e+02 6.5904199219e+02 6.5910498047e+02 6.5915301514e+02 6.5919799805e+02 6.5924499512e+02 6.5928302002e+02 6.5931298828e+02 6.5934899902e+02 6.5939202881e+02
6.5724200439e+02 6.5726202393e+02 6.5728601074e+02 6.5727398682e+02 6.5727301025e+02 6.5727398682e+02 6.5729101563e+02 6.5734399414e+02 6.5737200928e+02 6.5740002441e+02 6.5742901611e+02 6.5744799805e+02 6.5749298096e+02 6.5757202148e+02 6.5763201904e+02 6.5768798828e+02 6.5777001953e+02 6.5783001709e+02 6.5788397217e+02 6.5796899414e+02 6.5803497314e+02 6.5808801270e+02 6.5813299561e+02 6.5817602539e+02 6.5824499512e+02 6.5833599854e+02 6.5843597412e+02 6.5853198242e+02 6.5862097168e+02 6.5867901611e+02 6.5873199463e+02 6.5877600098e+02 6.5881500244e+02 6.5885699463e+02 6.5890802002e+02 6.5894897461e+02 6.5898602295e+02 6.5903497314e+02 6.5909197998e+02 6.5912902832e+02 6.5916101074e+02 6.5921002197e+02 6.5926702881e+02 6.5929302979e+02 6.5932800293e+02 6.5936901855e+02
6.5717999268e+02 6.5719702148e+02 6.5721801758e+02 6.5721697998e+02 6.5721099854e+02 6.5721301270e+02 6.5722900391e+02 6.5727600098e+02 6.5731500244e+02 6.5734698486e+02 6.5736798096e+02 6.5740002441e+02 6.5743902588e+02 6.5750299072e+02 6.5757098389e+02 6.5763201904e+02 6.5770501709e+02 6.5776898193e+02 6.5784301758e+02 6.5792401123e+02 6.5798699951e+02 6.5804199219e+02 6.5808801270e+02 6.5813098145e+02 6.5820397949e+02 6.5830200195e+02 6.5839599609e+02 6.5846600342e+02 6.5855200195e+02 6.5863299561e+02 6.5869000244e+02 6.5871997070e+02 6.5876599121e+02 6.5882501221e+02 6.5888000488e+02 6.5893701172e+02 6.5898199463e+02 6.5903399658e+02 6.5908001709e+02 6.5911199951e+02 6.5913702393e+02 6.5917498779e+02 6.5923400879e+02 6.5927398682e+02 6.5931201172e+02 6.5935900879e+02
6.5709002686e+02 6.5710900879e+02 6.5713000488e+02 6.5713397217e+02 6.5713098145e+02 6.5714398193e+02 6.5716601563e+02 6.5721600342e+02 6.5726397705e+02 6.5729998779e+02 6.5732202148e+02 6.5735601807e+02 6.5738702393e+02 6.5744299316e+02 6.5752502441e+02 6.5758001709e+02 6.5764801025e+02 6.5771502686e+02 6.5779699707e+02 6.5787500000e+02 6.5793798828e+02 6.5799298096e+02 6.5803698730e+02 6.5808398438e+02 6.5815802002e+02 6.5825201416e+02 6.5833801270e+02 6.5840100098e+02 6.5848498535e+02 6.5857202148e+02 6.5863897705e+02 6.5867602539e+02 6.5872698975e+02 6.5879101563e+02 6.5883697510e+02 6.5889398193e+02 6.5895300293e+02 6.5901800537e+02 6.5906201172e+02 6.5909497070e+02 6.5912298584e+02 6.5915100098e+02 6.5919598389e+02 6.5923901367e+02 6.5928302002e+02 6.5933801270e+02
6.5698901367e+02 6.5701501465e+02 6.5703497314e+02 6.5704498291e+02 6.5705297852e+02 6.5707897949e+02 6.5711102295e+02 6.5715997314e+02 6.5720397949e+02 6.5724102783e+02 6.5727301025e+02 6.5729797363e+02 6.5732202148e+02 6.5737902832e+02 6.5746600342e+02 6.5751702881e+02 6.5758697510e+02 6.5765997314e+02 6.5774102783e+02 6.5781500244e+02 6.5787701416e+02 6.5793499756e+02 6.5798602295e+02 6.5804199219e+02 6.5811199951e+02 6.5819000244e+02 6.5826300049e+02 6.5833898926e+02 6.5842498779e+02 6.5850402832e+02 6.5857800293e+02 6.5862701416e+02 6.5868103027e+02 6.5874902344e+02 6.5879797363e+02 6.5884600830e+02 6.5890997314e+02 6.5897698975e+02 6.5901800537e+02 6.5906298828e+02 6.5910601807e+02 6.5913397217e+02 6.5917401123e+02 6.5921398926e+02 6.5925097656e+02 6.5930798340e+02
6.5689801025e+02 6.5692797852e+02 6.5694702148e+02 6.5695898438e+02 6.5697802734e+02 6.5700701904e+02 6.5705603027e+02 6.5710198975e+02 6.5713098145e+02 6.5715698242e+02 6.5719500732e+02 6.5723498535e+02 6.5726599121e+02 6.5732202148e+02 6.5739501953e+02 6.5745599365e+02 6.5752899170e+02 6.5760101318e+02 6.5767401123e+02 6.5775201416e+02 6.5781701660e+02 6.5788098145e+02 6.5794799805e+02 6.5799401855e+02 6.5805902100e+02 6.5812200928e+02 6.5817999268e+02 6.5827899170e+02 6.5836901855e+02 6.5844097900e+02 6.5851800537e+02 6.5856298828e+02 6.5861700439e+02 6.5869598389e+02 6.5878698730e+02 6.5883300781e+02 6.5888800049e+02 6.5893499756e+02 6.5897399902e+02 6.5902197266e+02 6.5907000732e+02 6.5910302734e+02 6.5915802002e+02 6.5919598389e+02 6.5921600342e+02 6.5926397705e+02
6.5682702637e+02 6.5686499023e+02 6.5687799072e+02 6.5688500977e+02 6.5690600586e+02 6.5693798828e+02 6.5699102783e+02 6.5704302979e+02 6.5707299805e+02 6.5708898926e+02 6.5711199951e+02 6.5715100098e+02 6.5720098877e+02 6.5727600098e+02 6.5734399414e+02 6.5739898682e+02 6.5746697998e+02 6.5752398682e+02 6.5759399414e+02 6.5767102051e+02 6.5773498535e+02 6.5780603027e+02 6.5787701416e+02 6.5791900635e+02 6.5798297119e+02 6.5804797363e+02 6.5811602783e+02 6.5821697998e+02 6.5829498291e+02 6.5836297607e+02 6.5844598389e+02 6.5851300049e+02 6.5857299805e+02 6.5864300537e+02 6.5872802734e+02 6.5879998779e+02 6.5885302734e+02 6.5889599609e+02 6.5895001221e+02 6.5898797607e+02 6.5902502441e+02 6.5905999756e+02 6.5911401367e+02 6.5914898682e+02 6.5917297363e+02 6.5921997070e+02
6.5675701904e+02 6.5679101563e+02 6.5679901123e+02 6.5680102539e+02 6.5682800293e+02 6.5687097168e+02 6.5692401123e+02 6.5697399902e+02 6.5699700928e+02 6.5701501465e+02 6.5704602051e+02 6.5707897949e+02 6.5712200928e+02 6.5719396973e+02 6.5726397705e+02 6.5730902100e+02 6.5737298584e+02 6.5743402100e+02 6.5750799561e+02 6.5758502197e+02 6.5765100098e+02 6.5772302246e+02 6.5779602051e+02 6.5784997559e+02 6.5791198730e+02 6.5796899414e+02 6.5803399658e+02 6.5814501953e+02 6.5823901367e+02 6.5831597900e+02 6.5838897705e+02 6.5845898438e+02 6.5852301025e+02 6.5859301758e+02 6.5867199707e+02 6.5874499512e+02 6.5879901123e+02 6.5883697510e+02 6.5890301514e+02 6.5895397949e+02 6.5898797607e+02 6.5902301025e+02 6.5906799316e+02 6.5909802246e+02 6.5912597656e+02 6.5917498779e+02
6.5667199707e+02 6.5669598389e+02 6.5670697021e+02 6.5671899414e+02 6.5675701904e+02 6.5680102539e+02 6.5684600830e+02 6.5689099121e+02 6.5691302490e+02 6.5693701172e+02 6.5697698975e+02 6.5700799561e+02 6.5704302979e+02 6.5710699463e+02 6.5717700195e+02 6.5722100830e+02 6.5728997803e+02 6.5736199951e+02 6.5743200684e+02 6.5750598145e+02 6.5757702637e+02 6.5764099121e+02 6.5770697021e+02 6.5776599121e+02 6.5782501221e+02 6.5787799072e+02 6.5793103027e+02 6.5803302002e+02 6.5816302490e+02 6.5828399658e+02 6.5835498047e+02 6.5840997314e+02 6.5847100830e+02 6.5853900146e+02 6.5861401367e+02 6.5868701172e+02 6.5874499512e+02 6.5878399658e+02 6.5884497070e+02 6.5890502930e+02 6.5894702148e+02 6.5898400879e+02 6.5902301025e+02 6.5904699707e+02 6.5907000732e+02 6.5912298584e+02
6.5658599854e+02 6.5660400391e+02 6.5661602783e+02 6.5664801025e+02 6.5670202637e+02 6.5674200439e+02 6.5677502441e+02 6.5681402588e+02 6.5684497070e+02 6.5687298584e+02 6.5690100098e+02 6.5693902588e+02 6.5698199463e+02 6.5704101563e+02 6.5709899902e+02 6.5714398193e+02 6.5721197510e+02 6.5728399658e+02 6.5734497070e+02 6.5741699219e+02 6.5749200439e+02 6.5756298828e+02 6.5761999512e+02 6.5765802002e+02 6.5771697998e+02 6.5778601074e+02 6.5784301758e+02 6.5788702393e+02 6.5800201416e+02 6.5817401123e+02 6.5831799316e+02 6.5836999512e+02 6.5842401123e+02 6.5847698975e+02 6.5854699707e+02 6.5863702393e+02 6.5870098877e+02 6.5874499512e+02 6.5879901123e+02 6.5885900879e+02 6.5890301514e+02 6.5892901611e+02 6.5897399902e+02 6.5899499512e+02 6.5901098633e+02 6.5907299805e+02
6.5651702881e+02 6.5653100586e+02 6.5654602051e+02 6.5657800293e+02 6.5663397217e+02 6.5667602539e+02 6.5671502686e+02 6.5675897217e+02 6.5678198242e+02 6.5680200195e+02 6.5683099365e+02 6.5688000488e+02 6.5692297363e+02 6.5697399902e+02 6.5702398682e+02 6.5707000732e+02 6.5713098145e+02 6.5719598389e+02 6.5725500488e+02 6.5732202148e+02 6.5738800049e+02 6.5746398926e+02 6.5751702881e+02 6.5752600098e+02 6.5757702637e+02 6.5764898682e+02 6.5772198486e+02 6.5779998779e+02 6.5791302490e+02 6.5805603027e+02 6.5821099854e+02 6.5831500244e+02 6.5837200928e+02 6.5842297363e+02 6.5848999023e+02 6.5856799316e+02 6.5864300537e+02 6.5869000244e+02 6.5873498535e+02 6.5879901123e+02 6.5885498047e+02 6.5888500977e+02 6.5893103027e+02 6.5896398926e+02 6.5898498535e+02 6.5903399658e+02
6.5642999268e+02 6.5644799805e+02 6.5647198486e+02 6.5649902344e+02 6.5654602051e+02 6.5659002686e+02 6.5663201904e+02 6.5668298340e+02 6.5670800781e+02 6.5672900391e+02 6.5676300049e+02 6.5681298828e+02 6.5685498047e+02 6.5690997314e+02 6.5697100830e+02 6.5701599121e+02 6.5707000732e+02 6.5712298584e+02 6.5717700195e+02 6.5725299072e+02 6.5730999756e+02 6.5735699463e+02 6.5738702393e+02 6.5739501953e+02 6.5741497803e+02 6.5744702148e+02 6.5754797363e+02 6.5771301270e+02 6.5789099121e+02 6.5799798584e+02 6.5810101318e+02 6.5822601318e+02 6.5830200195e+02 6.5837097168e+02 6.5844000244e+02 6.5849902344e+02 6.5856701660e+02 6.5860699463e+02 6.5865698242e+02 6.5872601318e+02 6.5877801514e+02 6.5881500244e+02 6.5886700439e+02 6.5890301514e+02 6.5893902588e+02 6.5898999023e+02
6.5632702637e+02 6.5635601807e+02 6.5639898682e+02 6.5642498779e+02 6.5646697998e+02 6.5651098633e+02 6.5655200195e+02 6.5659698486e+02 6.5662402344e+02 6.5665100098e+02 6.5669396973e+02 6.5673901367e+02 6.5677697754e+02 6.5683099365e+02 6.5690502930e+02 6.5696600342e+02 6.5702600098e+02 6.5707897949e+02 6.5712402344e+02 6.5719201660e+02 6.5723199463e+02 6.5725500488e+02 6.5727502441e+02 6.5729400635e+02 6.5724798584e+02 6.5719299316e+02 6.5730902100e+02 6.5755700684e+02 6.5782897949e+02 6.5794598389e+02 6.5800000000e+02 6.5812298584e+02 6.5821697998e+02 6.5829901123e+02 6.5837097168e+02 6.5843103027e+02 6.5849298096e+02 6.5852600098e+02 6.5857897949e+02 6.5864300537e+02 6.5869201660e+02 6.5873498535e+02 6.5878198242e+02 6.5881896973e+02 6.5886700439e+02 6.5892999268e+02
6.5623901367e+02 6.5627502441e+02 6.5631799316e+02 6.5634899902e+02 6.5640002441e+02 6.5645001221e+02 6.5648999023e+02 6.5652301025e+02 6.5654699707e+02 6.5657702637e+02 6.5661901855e+02 6.5665399170e+02 6.5669500732e+02 6.5675097656e+02 6.5683001709e+02 6.5690301514e+02 6.5696899414e+02 6.5703100586e+02 6.5709399414e+02 6.5714398193e+02 6.5717498779e+02 6.5720300293e+02 6.5720898438e+02 6.5721697998e+02 6.5711602783e+02 6.5698498535e+02 6.5701702881e+02 6.5729199219e+02 6.5764001465e+02 6.5786199951e+02 6.5791497803e+02 6.5798999023e+02 6.5810498047e+02 6.5819799805e+02 6.5827502441e+02 6.5835797119e+02 6.5842199707e+02 6.5845098877e+02 6.5851702881e+02 6.5856402588e+02 6.5860198975e+02 6.5864599609e+02 6.5869897461e+02 6.5873999023e+02 6.5879602051e+02 6.5887200928e+02
6.5618798828e+02 6.5621099854e+02 6.5623199463e+02 6.5625897217e+02 6.5630700684e+02 6.5635998535e+02 6.5641302490e+02 6.5644500732e+02 6.5646301270e+02 6.5648901367e+02 6.5653497314e+02 6.5657098389e+02 6.5662200928e+02 6.5668298340e+02 6.5675500488e+02 6.5683099365e+02 6.5690301514e+02 6.5697302246e+02 6.5704302979e+02 6.5708197021e+02 6.5711499023e+02 6.5715502930e+02 6.5714202881e+02 6.5708398438e+02 6.5695501709e+02 6.5683398438e+02 6.5681500244e+02 6.5697497559e+02 6.5735302734e+02 6.5771997070e+02 6.5783801270e+02 6.5787597656e+02 6.5795599365e+02 6.5803601074e+02 6.5814099121e+02 6.5826300049e+02 6.5834497070e+02 6.5838800049e+02 6.5845898438e+02 6.5850500488e+02 6.5851898193e+02 6.5853997803e+02 6.5861102295e+02 6.5865502930e+02 6.5871600342e+02 6.5879498291e+02
6.5612597656e+02 6.5613500977e+02 6.5615600586e+02 6.5619000244e+02 6.5622698975e+02 6.5627099609e+02 6.5632397461e+02 6.5636199951e+02 6.5638000488e+02 6.5640399170e+02 6.5644500732e+02 6.5647497559e+02 6.5652502441e+02 6.5659002686e+02 6.5666998291e+02 6.5676000977e+02 6.5684600830e+02 6.5691302490e+02 6.5696997070e+02 6.5699902344e+02 6.5704498291e+02 6.5709899902e+02 6.5703302002e+02 6.5690502930e+02 6.5679101563e+02 6.5671398926e+02 6.5668499756e+02 6.5672100830e+02 6.5706097412e+02 6.5750201416e+02 6.5772698975e+02 6.5778100586e+02 6.5784802246e+02 6.5790600586e+02 6.5798901367e+02 6.5810302734e+02 6.5820501709e+02 6.5828497314e+02 6.5836700439e+02 6.5843499756e+02 6.5845001221e+02 6.5845697021e+02 6.5851898193e+02 6.5855999756e+02 6.5862200928e+02 6.5869396973e+02
6.5605499268e+02 6.5606402588e+02 6.5607897949e+02 6.5612500000e+02 6.5616802979e+02 6.5620098877e+02 6.5622900391e+02 6.5626202393e+02 6.5628302002e+02 6.5631201172e+02 6.5634899902e+02 6.5637402344e+02 6.5642297363e+02 6.5648901367e+02 6.5657702637e+02 6.5667999268e+02 6.5678997803e+02 6.5686901855e+02 6.5691699219e+02 6.5695098877e+02 6.5701501465e+02 6.5707800293e+02 6.5694598389e+02 6.5676599121e+02 6.5668402100e+02 6.5664501953e+02 6.5661602783e+02 6.5656799316e+02 6.5682397461e+02 6.5727197266e+02 6.5759301758e+02 6.5768402100e+02 6.5775402832e+02 6.5780499268e+02 6.5785498047e+02 6.5791601563e+02 6.5801300049e+02 6.5812298584e+02 6.5822302246e+02 6.5833300781e+02 6.5838500977e+02 6.5840399170e+02 6.5844201660e+02 6.5847399902e+02 6.5852502441e+02 6.5858697510e+02
