TESTSERVER/17/8.asc
NCOLS 100
NROWS 100
XLLCORNER 8.3497500000e+03
YLLCORNER 2.8955025000e+05
CELLSIZE 5.0000000000e-01
NODATA_VALUE -9.9990000000e+03
[rows 0 to 19 of 100, columns 0 to 45 of 100]
6.5890899658e+02 6.5890899658e+02 6.5890997314e+02 6.5891601563e+02 6.5893499756e+02 6.5895001221e+02 6.5895898438e+02 6.5896899414e+02 6.5898297119e+02 6.5897601318e+02 6.5897302246e+02 6.5898199463e+02 6.5899700928e+02 6.5903601074e+02 6.5904498291e+02 6.5905200195e+02 6.5907702637e+02 6.5908502197e+02 6.5912402344e+02 6.5917797852e+02 6.5921502686e+02 6.5920800781e+02 6.5922302246e+02 6.5928601074e+02 6.5932598877e+02 6.5932800293e+02 6.5932702637e+02 6.5934600830e+02 6.5936700439e+02 6.5940802002e+02 6.5943103027e+02 6.5944299316e+02 6.5946301270e+02 6.5948797607e+02 6.5950799561e+02 6.5952099609e+02 6.5955102539e+02 6.5958801270e+02 6.5962500000e+02 6.5966900635e+02 6.5971301270e+02 6.5975598145e+02 6.5978997803e+02 6.5981298828e+02 6.5983898926e+02 6.5985900879e+02
6.5891400146e+02 6.5890399170e+02 6.5890399170e+02 6.5890100098e+02 6.5891198730e+02 6.5893597412e+02 6.5894201660e+02 6.5894799805e+02 6.5895001221e+02 6.5891998291e+02 6.5891497803e+02 6.5894097900e+02 6.5896301270e+02 6.5897497559e+02 6.5897998047e+02 6.5899902344e+02 6.5902301025e+02 6.5904797363e+02 6.5907501221e+02 6.5909899902e+02 6.5913201904e+02 6.5915100098e+02 6.5919201660e+02 6.5925897217e+02 6.5930200195e+02 6.5930499268e+02 6.5929400635e+02 6.5931402588e+02 6.5933697510e+02 6.5936102295e+02 6.5938098145e+02 6.5940301514e+02 6.5943103027e+02 6.5944000244e+02 6.5944500732e+02 6.5949298096e+02 6.5955200195e+02 6.5958502197e+02 6.5960601807e+02 6.5965002441e+02 6.5968402100e+02 6.5970800781e+02 6.5972998047e+02 6.5974597168e+02 6.5977001953e+02 6.5977801514e+02
6.5889300537e+02 6.5887402344e+02 6.5887701416e+02 6.5887500000e+02 6.5889300537e+02 6.5891699219e+02 6.5892102051e+02 6.5892297363e+02 6.5891497803e+02 6.5888702393e+02 6.5887799072e+02 6.5889697266e+02 6.5891998291e+02 6.5892199707e+02 6.5892297363e+02 6.5894897461e+02 6.5898101807e+02 6.5902301025e+02 6.5904400635e+02 6.5905700684e+02 6.5908801270e+02 6.5911499023e+02 6.5916302490e+02 6.5922900391e+02 6.5926397705e+02 6.5926000977e+02 6.5926098633e+02 6.5928002930e+02 6.5930297852e+02 6.5931896973e+02 6.5933697510e+02 6.5935400391e+02 6.5937597656e+02 6.5938098145e+02 6.5941198730e+02 6.5950897217e+02 6.5955200195e+02 6.5956500244e+02 6.5957397461e+02 6.5959997559e+02 6.5962298584e+02 6.5965002441e+02 6.5967401123e+02 6.5968200684e+02 6.5970300293e+02 6.5972100830e+02
6.5884698486e+02 6.5884497070e+02 6.5886499023e+02 6.5887402344e+02 6.5887701416e+02 6.5888299561e+02 6.5888299561e+02 6.5888702393e+02 6.5888098145e+02 6.5887902832e+02 6.5886999512e+02 6.5887402344e+02 6.5888397217e+02 6.5888500977e+02 6.5889300537e+02 6.5891998291e+02 6.5895599365e+02 6.5899499512e+02 6.5901300049e+02 6.5903198242e+02 6.5906896973e+02 6.5909002686e+02 6.5913299561e+02 6.5918597412e+02 6.5919897461e+02 6.5920397949e+02 6.5922399902e+02 6.5924102783e+02 6.5926098633e+02 6.5927600098e+02 6.5929498291e+02 6.5931500244e+02 6.5932299805e+02 6.5931701660e+02 6.5935601807e+02 6.5945300293e+02 6.5947601318e+02 6.5949102783e+02 6.5951300049e+02 6.5953601074e+02 6.5955700684e+02 6.5958898926e+02 6.5961901855e+02 6.5963299561e+02 6.5965197754e+02 6.5967700195e+02
6.5880798340e+02 6.5882598877e+02 6.5884698486e+02 6.5885198975e+02 6.5884899902e+02 6.5884197998e+02 6.5884600830e+02 6.5885498047e+02 6.5884002686e+02 6.5884497070e+02 6.5884100342e+02 6.5884802246e+02 6.5885699463e+02 6.5886102295e+02 6.5886999512e+02 6.5889501953e+02 6.5893701172e+02 6.5896099854e+02 6.5897601318e+02 6.5899499512e+02 6.5902697754e+02 6.5906201172e+02 6.5911700439e+02 6.5913397217e+02 6.5912200928e+02 6.5915002441e+02 6.5917901611e+02 6.5919500732e+02 6.5921099854e+02 6.5923199463e+02 6.5924597168e+02 6.5926000977e+02 6.5926098633e+02 6.5927697754e+02 6.5930700684e+02 6.5935797119e+02 6.5939599609e+02 6.5942401123e+02 6.5945599365e+02 6.5948797607e+02 6.5951599121e+02 6.5954400635e+02 6.5956097412e+02 6.5958001709e+02 6.5961297607e+02 6.5964001465e+02
6.5878997803e+02 6.5880603027e+02 6.5881298828e+02 6.5880603027e+02 6.5881402588e+02 6.5880401611e+02 6.5880401611e+02 6.5880401611e+02 6.5879498291e+02 6.5879901123e+02 6.5879400635e+02 6.5880499268e+02 6.5881402588e+02 6.5882202148e+02 6.5883599854e+02 6.5885198975e+02 6.5888201904e+02 6.5891198730e+02 6.5893200684e+02 6.5895098877e+02 6.5897698975e+02 6.5902099609e+02 6.5908197021e+02 6.5908502197e+02 6.5907897949e+02 6.5910498047e+02 6.5912799072e+02 6.5914599609e+02 6.5916601563e+02 6.5917999268e+02 6.5919299316e+02 6.5920501709e+02 6.5921502686e+02 6.5922802734e+02 6.5926098633e+02 6.5930499268e+02 6.5936297607e+02 6.5939099121e+02 6.5942401123e+02 6.5947497559e+02 6.5949200439e+02 6.5948498535e+02 6.5949102783e+02 6.5950299072e+02 6.5953497314e+02 6.5957098389e+02
6.5878100586e+02 6.5877600098e+02 6.5877197266e+02 6.5876599121e+02 6.5878100586e+02 6.5877697754e+02 6.5877197266e+02 6.5875598145e+02 6.5875701904e+02 6.5876300049e+02 6.5876202393e+02 6.5877001953e+02 6.5878198242e+02 6.5878399658e+02 6.5878802490e+02 6.5879699707e+02 6.5882000732e+02 6.5885998535e+02 6.5888702393e+02 6.5891400146e+02 6.5894799805e+02 6.5899102783e+02 6.5901501465e+02 6.5902301025e+02 6.5903399658e+02 6.5906097412e+02 6.5908001709e+02 6.5909997559e+02 6.5912799072e+02 6.5913500977e+02 6.5914001465e+02 6.5914300537e+02 6.5914801025e+02 6.5916601563e+02 6.5920501709e+02 6.5925299072e+02 6.5930603027e+02 6.5933801270e+02 6.5937402344e+02 6.5942401123e+02 6.5944201660e+02 6.5943298340e+02 6.5943499756e+02 6.5944299316e+02 6.5945898438e+02 6.5949902344e+02
6.5874499512e+02 6.5873699951e+02 6.5873400879e+02 6.5872601318e+02 6.5873199463e+02 6.5873297119e+02 6.5873400879e+02 6.5872302246e+02 6.5872302246e+02 6.5871801758e+02 6.5873297119e+02 6.5874597168e+02 6.5874499512e+02 6.5874298096e+02 6.5874798584e+02 6.5876202393e+02 6.5878399658e+02 6.5881298828e+02 6.5884100342e+02 6.5888702393e+02 6.5894201660e+02 6.5896099854e+02 6.5895898438e+02 6.5897497559e+02 6.5897998047e+02 6.5900701904e+02 6.5903100586e+02 6.5905401611e+02 6.5907000732e+02 6.5905499268e+02 6.5907098389e+02 6.5908300781e+02 6.5908502197e+02 6.5910601807e+02 6.5914099121e+02 6.5918298340e+02 6.5922900391e+02 6.5927697754e+02 6.5931097412e+02 6.5933398438e+02 6.5935198975e+02 6.5935998535e+02 6.5937500000e+02 6.5940802002e+02 6.5943701172e+02 6.5946502686e+02
6.5869799805e+02 6.5870501709e+02 6.5870697021e+02 6.5869000244e+02 6.5868298340e+02 6.5869097900e+02 6.5869396973e+02 6.5869702148e+02 6.5869201660e+02 6.5868298340e+02 6.5869799805e+02 6.5871502686e+02 6.5870800781e+02 6.5868402100e+02 6.5869897461e+02 6.5872998047e+02 6.5877001953e+02 6.5877697754e+02 6.5880700684e+02 6.5886401367e+02 6.5888201904e+02 6.5889099121e+02 6.5889898682e+02 6.5892901611e+02 6.5894299316e+02 6.5895599365e+02 6.5897601318e+02 6.5899102783e+02 6.5898400879e+02 6.5898901367e+02 6.5901098633e+02 6.5901800537e+02 6.5901098633e+02 6.5905499268e+02 6.5907702637e+02 6.5911102295e+02 6.5917700195e+02 6.5922399902e+02 6.5925799561e+02 6.5927001953e+02 6.5928399658e+02 6.5929699707e+02 6.5932397461e+02 6.5936999512e+02 6.5940899658e+02 6.5945001221e+02
6.5868902588e+02 6.5869097900e+02 6.5868902588e+02 6.5865899658e+02 6.5863201904e+02 6.5863397217e+02 6.5863201904e+02 6.5862597656e+02 6.5863397217e+02 6.5864697266e+02 6.5865100098e+02 6.5865802002e+02 6.5864099121e+02 6.5863098145e+02 6.5865502930e+02 6.5869299316e+02 6.5872399902e+02 6.5873901367e+02 6.5878198242e+02 6.5882299805e+02 6.5882897949e+02 6.5883398438e+02 6.5884399414e+02 6.5887500000e+02 6.5889099121e+02 6.5890197754e+02 6.5892297363e+02 6.5893402100e+02 6.5893200684e+02 6.5892297363e+02 6.5893402100e+02 6.5894500732e+02 6.5894897461e+02 6.5898101807e+02 6.5901599121e+02 6.5905999756e+02 6.5910699463e+02 6.5914898682e+02 6.5919598389e+02 6.5921697998e+02 6.5925500488e+02 6.5926599121e+02 6.5929400635e+02 6.5932897949e+02 6.5937097168e+02 6.5942401123e+02
6.5865802002e+02 6.5865502930e+02 6.5865399170e+02 6.5862200928e+02 6.5858502197e+02 6.5857800293e+02 6.5856896973e+02 6.5855200195e+02 6.5855999756e+02 6.5859002686e+02 6.5859399414e+02 6.5859497070e+02 6.5858197021e+02 6.5858898926e+02 6.5862200928e+02 6.5865899658e+02 6.5866998291e+02 6.5871197510e+02 6.5874700928e+02 6.5875897217e+02 6.5877801514e+02 6.5879101563e+02 6.5880603027e+02 6.5882598877e+02 6.5883697510e+02 6.5885400391e+02 6.5887200928e+02 6.5887597656e+02 6.5887402344e+02 6.5885302734e+02 6.5885998535e+02 6.5887097168e+02 6.5888201904e+02 6.5891302490e+02 6.5896697998e+02 6.5900897217e+02 6.5903802490e+02 6.5907897949e+02 6.5912902832e+02 6.5915802002e+02 6.5920501709e+02 6.5921697998e+02 6.5924798584e+02 6.5929101563e+02 6.5933898926e+02 6.5939300537e+02
6.5861199951e+02 6.5860601807e+02 6.5860601807e+02 6.5858197021e+02 6.5854797363e+02 6.5853997803e+02 6.5852899170e+02 6.5851000977e+02 6.5851000977e+02 6.5852697754e+02 6.5853002930e+02 6.5853399658e+02 6.5854699707e+02 6.5857098389e+02 6.5860302734e+02 6.5862902832e+02 6.5864801025e+02 6.5869201660e+02 6.5869500732e+02 6.5869598389e+02 6.5871801758e+02 6.5873400879e+02 6.5875097656e+02 6.5876300049e+02 6.5877697754e+02 6.5880700684e+02 6.5882202148e+02 6.5882202148e+02 6.5881799316e+02 6.5880902100e+02 6.5881097412e+02 6.5880999756e+02 6.5881298828e+02 6.5883697510e+02 6.5889001465e+02 6.5892602539e+02 6.5896600342e+02 6.5901000977e+02 6.5905999756e+02 6.5909399414e+02 6.5913397217e+02 6.5915698242e+02 6.5918798828e+02 6.5923199463e+02 6.5928198242e+02 6.5932702637e+02
6.5859197998e+02 6.5858099365e+02 6.5857598877e+02 6.5854797363e+02 6.5850799561e+02 6.5849401855e+02 6.5848199463e+02 6.5846697998e+02 6.5846301270e+02 6.5847302246e+02 6.5847497559e+02 6.5847998047e+02 6.5850799561e+02 6.5854101563e+02 6.5856500244e+02 6.5859197998e+02 6.5864599609e+02 6.5862902832e+02 6.5862402344e+02 6.5865100098e+02 6.5866998291e+02 6.5867999268e+02 6.5869799805e+02 6.5871697998e+02 6.5873797607e+02 6.5876202393e+02 6.5877697754e+02 6.5877899170e+02 6.5878399658e+02 6.5878601074e+02 6.5878802490e+02 6.5878497314e+02 6.5878601074e+02 6.5878399658e+02 6.5880200195e+02 6.5883197021e+02 6.5888598633e+02 6.5895300293e+02 6.5900097656e+02 6.5903198242e+02 6.5906896973e+02 6.5909899902e+02 6.5911999512e+02 6.5915100098e+02 6.5918902588e+02 6.5923797607e+02
6.5856799316e+02 6.5856201172e+02 6.5855499268e+02 6.5850799561e+02 6.5847399902e+02 6.5846697998e+02 6.5844396973e+02 6.5843902588e+02 6.5844097900e+02 6.5843798828e+02 6.5843798828e+02 6.5845001221e+02 6.5847100830e+02 6.5849499512e+02 6.5852899170e+02 6.5855700684e+02 6.5855902100e+02 6.5855401611e+02 6.5857501221e+02 6.5860198975e+02 6.5862500000e+02 6.5863397217e+02 6.5865197754e+02 6.5867901611e+02 6.5870300293e+02 6.5870800781e+02 6.5871997070e+02 6.5873999023e+02 6.5876098633e+02 6.5876300049e+02 6.5877502441e+02 6.5878399658e+02 6.5877001953e+02 6.5875299072e+02 6.5874798584e+02 6.5876599121e+02 6.5880200195e+02 6.5887097168e+02 6.5894299316e+02 6.5896997070e+02 6.5901397705e+02 6.5904901123e+02 6.5905499268e+02 6.5908099365e+02 6.5913000488e+02 6.5916101074e+02
6.5853497314e+02 6.5852197266e+02 6.5851202393e+02 6.5847998047e+02 6.5846697998e+02 6.5846697998e+02 6.5843798828e+02 6.5841699219e+02 6.5841699219e+02 6.5841400146e+02 6.5841497803e+02 6.5842498779e+02 6.5843499756e+02 6.5846002197e+02 6.5848199463e+02 6.5849499512e+02 6.5848999023e+02 6.5851098633e+02 6.5853698730e+02 6.5855297852e+02 6.5856701660e+02 6.5857702637e+02 6.5859698486e+02 6.5862902832e+02 6.5865301514e+02 6.5866198730e+02 6.5868103027e+02 6.5871197510e+02 6.5874102783e+02 6.5875701904e+02 6.5877502441e+02 6.5878002930e+02 6.5876599121e+02 6.5875598145e+02 6.5875000000e+02 6.5875402832e+02 6.5876300049e+02 6.5881402588e+02 6.5888299561e+02 6.5891198730e+02 6.5896398926e+02 6.5899902344e+02 6.5901202393e+02 6.5903302002e+02 6.5906402588e+02 6.5907702637e+02
6.5851000977e+02 6.5849200439e+02 6.5847198486e+02 6.5845599365e+02 6.5844500732e+02 6.5843597412e+02 6.5840997314e+02 6.5838500977e+02 6.5838500977e+02 6.5838299561e+02 6.5839599609e+02 6.5841400146e+02 6.5842199707e+02 6.5843298340e+02 6.5842297363e+02 6.5842901611e+02 6.5844897461e+02 6.5846801758e+02 6.5848498535e+02 6.5850201416e+02 6.5851800537e+02 6.5852398682e+02 6.5854699707e+02 6.5858300781e+02 6.5859997559e+02 6.5860900879e+02 6.5862597656e+02 6.5865802002e+02 6.5870001221e+02 6.5874499512e+02 6.5877197266e+02 6.5877197266e+02 6.5876300049e+02 6.5876702881e+02 6.5876702881e+02 6.5876397705e+02 6.5875799561e+02 6.5879302979e+02 6.5884002686e+02 6.5887402344e+02 6.5892102051e+02 6.5893701172e+02 6.5895800781e+02 6.5898101807e+02 6.5899700928e+02 6.5900201416e+02
6.5848901367e+02 6.5846301270e+02 6.5843701172e+02 6.5843200684e+02 6.5841198730e+02 6.5839202881e+02 6.5836602783e+02 6.5835498047e+02 6.5836602783e+02 6.5836499023e+02 6.5838598633e+02 6.5839099121e+02 6.5836700439e+02 6.5835797119e+02 6.5836401367e+02 6.5838500977e+02 6.5841998291e+02 6.5843200684e+02 6.5843499756e+02 6.5844500732e+02 6.5845599365e+02 6.5846398926e+02 6.5849700928e+02 6.5853601074e+02 6.5854602051e+02 6.5856201172e+02 6.5858001709e+02 6.5860900879e+02 6.5865399170e+02 6.5870697021e+02 6.5874499512e+02 6.5875402832e+02 6.5875201416e+02 6.5876098633e+02 6.5876202393e+02 6.5875299072e+02 6.5874401855e+02 6.5876800537e+02 6.5879400635e+02 6.5882397461e+02 6.5886901855e+02 6.5888397217e+02 6.5890600586e+02 6.5893499756e+02 6.5896398926e+02 6.5896801758e+02
6.5844000244e+02 6.5843499756e+02 6.5841900635e+02 6.5840802002e+02 6.5837701416e+02 6.5836602783e+02 6.5834698486e+02 6.5834301758e+02 6.5832897949e+02 6.5831597900e+02 6.5832202148e+02 6.5831298828e+02 6.5831597900e+02 6.5830603027e+02 6.5832098389e+02 6.5834002686e+02 6.5836102295e+02 6.5837097168e+02 6.5838702393e+02 6.5840502930e+02 6.5840997314e+02 6.5843103027e+02 6.5846301270e+02 6.5848699951e+02 6.5848400879e+02 6.5850201416e+02 6.5851599121e+02 6.5854101563e+02 6.5859002686e+02 6.5864202881e+02 6.5869299316e+02 6.5872399902e+02 6.5873400879e+02 6.5874798584e+02 6.5874102783e+02 6.5872497559e+02 6.5871697998e+02 6.5873699951e+02 6.5876000977e+02 6.5878302002e+02 6.5883197021e+02 6.5884497070e+02 6.5887200928e+02 6.5889599609e+02 6.5892700195e+02 6.5894000244e+02
6.5836602783e+02 6.5836798096e+02 6.5836199951e+02 6.5834399414e+02 6.5832800293e+02 6.5832098389e+02 6.5829199219e+02 6.5827197266e+02 6.5825402832e+02 6.5825402832e+02 6.5826397705e+02 6.5826702881e+02 6.5827398682e+02 6.5827697754e+02 6.5828698730e+02 6.5830102539e+02 6.5831097412e+02 6.5832098389e+02 6.5833300781e+02 6.5834899902e+02 6.5836297607e+02 6.5838397217e+02 6.5840301514e+02 6.5841802979e+02 6.5842102051e+02 6.5843499756e+02 6.5844396973e+02 6.5846002197e+02 6.5849902344e+02 6.5855401611e+02 6.5862097168e+02 6.5867498779e+02 6.5870202637e+02 6.5872198486e+02 6.5871899414e+02 6.5870501709e+02 6.5870202637e+02 6.5872601318e+02 6.5874102783e+02 6.5875500488e+02 6.5878802490e+02 6.5879797363e+02 6.5882397461e+02 6.5885797119e+02 6.5889099121e+02 6.5890399170e+02
6.5832800293e+02 6.5832598877e+02 6.5830999756e+02 6.5828399658e+02 6.5828302002e+02 6.5827301025e+02 6.5825000000e+02 6.5823602295e+02 6.5821997070e+02 6.5822900391e+02 6.5822698975e+02 6.5823101807e+02 6.5823101807e+02 6.5823699951e+02 6.5823699951e+02 6.5824700928e+02 6.5826000977e+02 6.5827301025e+02 6.5828198242e+02 6.5829602051e+02 6.5832000732e+02 6.5833099365e+02 6.5834100342e+02 6.5835498047e+02 6.5836798096e+02 6.5836499023e+02 6.5835998535e+02 6.5838800049e+02 6.5842498779e+02 6.5847302246e+02 6.5853802490e+02 6.5859997559e+02 6.5863897705e+02 6.5867199707e+02 6.5867999268e+02 6.5867199707e+02 6.5866900635e+02 6.5869097900e+02 6.5869799805e+02 6.5870800781e+02 6.5874298096e+02 6.5874499512e+02 6.5875201416e+02 6.5882202148e+02 6.5886798096e+02 6.5886499023e+02
