TESTSERVER/17/9.asc
NCOLS 100
NROWS 100
XLLCORNER 8.3497500000e+03
YLLCORNER 2.8950025000e+05
CELLSIZE 5.0000000000e-01
NODATA_VALUE -9.9990000000e+03
[rows 80 to 99 of 100, columns 0 to 45 of 100]
6.3682897949e+02 6.3690301514e+02 6.3696899414e+02 6.3701098633e+02 6.3708001709e+02 6.3716101074e+02 6.3722198486e+02 6.3727600098e+02 6.3734197998e+02 6.3740301514e+02 6.3745697021e+02 6.3752502441e+02 6.3758599854e+02 6.3764001465e+02 6.3768298340e+02 6.3773797607e+02 6.3780700684e+02 6.3786102295e+02 6.3791802979e+02 6.3796301270e+02 6.3802600098e+02 6.3807598877e+02 6.3813000488e+02 6.3816900635e+02 6.3822698975e+02 6.3826000977e+02 6.3832299805e+02 6.3838299561e+02 6.3842797852e+02 6.3847802734e+02 6.3853997803e+02 6.3862701416e+02 6.3867999268e+02 6.3873901367e+02 6.3881298828e+02 6.3886901855e+02 6.3891900635e+02 6.3896099854e+02 6.3898999023e+02 6.3905401611e+02 6.3913299561e+02 6.3917999268e+02 6.3924298096e+02 6.3929602051e+02 6.3936499023e+02 6.3941497803e+02
6.3673297119e+02 6.3681097412e+02 6.3688201904e+02 6.3693200684e+02 6.3700299072e+02 6.3705603027e+02 6.3710601807e+02 6.3716400146e+02 6.3724401855e+02 6.3730798340e+02 6.3736602783e+02 6.3743402100e+02 6.3749597168e+02 6.3755603027e+02 6.3759802246e+02 6.3764001465e+02 6.3769799805e+02 6.3773999023e+02 6.3780200195e+02 6.3785498047e+02 6.3790502930e+02 6.3794500732e+02 6.3799499512e+02 6.3805200195e+02 6.3813299561e+02 6.3816601563e+02 6.3820898438e+02 6.3826599121e+02 6.3834399414e+02 6.3839099121e+02 6.3843902588e+02 6.3852197266e+02 6.3858001709e+02 6.3863098145e+02 6.3869702148e+02 6.3874200439e+02 6.3878399658e+02 6.3886602783e+02 6.3889801025e+02 6.3894299316e+02 6.3901000977e+02 6.3906597900e+02 6.3912200928e+02 6.3915502930e+02 6.3921801758e+02 6.3928100586e+02
6.3666302490e+02 6.3673797607e+02 6.3680700684e+02 6.3686499023e+02 6.3692901611e+02 6.3697900391e+02 6.3702697754e+02 6.3708697510e+02 6.3716101074e+02 6.3720898438e+02 6.3727001953e+02 6.3734301758e+02 6.3740698242e+02 6.3746997070e+02 6.3752099609e+02 6.3756500244e+02 6.3761700439e+02 6.3765502930e+02 6.3770501709e+02 6.3775598145e+02 6.3781201172e+02 6.3785498047e+02 6.3789801025e+02 6.3794299316e+02 6.3801501465e+02 6.3806500244e+02 6.3810797119e+02 6.3815997314e+02 6.3823901367e+02 6.3829998779e+02 6.3834399414e+02 6.3840899658e+02 6.3846197510e+02 6.3850799561e+02 6.3856500244e+02 6.3861102295e+02 6.3865802002e+02 6.3873797607e+02 6.3878198242e+02 6.3884197998e+02 6.3889300537e+02 6.3895098877e+02 6.3899200439e+02 6.3904101563e+02 6.3911102295e+02 6.3916699219e+02
6.3658599854e+02 6.3664398193e+02 6.3670397949e+02 6.3676702881e+02 6.3683398438e+02 6.3689501953e+02 6.3694500732e+02 6.3700097656e+02 6.3707299805e+02 6.3711602783e+02 6.3717297363e+02 6.3723999023e+02 6.3730902100e+02 6.3737402344e+02 6.3742901611e+02 6.3747698975e+02 6.3752502441e+02 6.3756500244e+02 6.3760699463e+02 6.3765002441e+02 6.3770898438e+02 6.3776898193e+02 6.3780798340e+02 6.3783398438e+02 6.3788201904e+02 6.3794702148e+02 6.3801000977e+02 6.3806402588e+02 6.3813098145e+02 6.3818902588e+02 6.3823901367e+02 6.3830200195e+02 6.3833697510e+02 6.3839697266e+02 6.3845397949e+02 6.3851300049e+02 6.3856701660e+02 6.3862799072e+02 6.3867102051e+02 6.3873699951e+02 6.3877398682e+02 6.3883697510e+02 6.3886901855e+02 6.3892700195e+02 6.3899700928e+02 6.3903900146e+02
6.3649200439e+02 6.3656402588e+02 6.3662902832e+02 6.3668402100e+02 6.3673901367e+02 6.3680401611e+02 6.3685601807e+02 6.3690502930e+02 6.3696099854e+02 6.3703100586e+02 6.3708197021e+02 6.3713500977e+02 6.3719097900e+02 6.3725000000e+02 6.3730700684e+02 6.3735601807e+02 6.3740399170e+02 6.3745300293e+02 6.3751202393e+02 6.3756402588e+02 6.3762402344e+02 6.3767498779e+02 6.3771197510e+02 6.3774902344e+02 6.3780401611e+02 6.3786602783e+02 6.3792700195e+02 6.3798297119e+02 6.3804901123e+02 6.3810101318e+02 6.3815399170e+02 6.3821502686e+02 6.3824200439e+02 6.3828900146e+02 6.3834698486e+02 6.3841198730e+02 6.3845300293e+02 6.3853698730e+02 6.3857098389e+02 6.3861798096e+02 6.3866900635e+02 6.3871398926e+02 6.3876098633e+02 6.3881701660e+02 6.3888098145e+02 6.3891302490e+02
6.3640197754e+02 6.3647802734e+02 6.3654199219e+02 6.3660797119e+02 6.3667297363e+02 6.3673901367e+02 6.3679400635e+02 6.3684497070e+02 6.3689398193e+02 6.3694500732e+02 6.3700000000e+02 6.3705999756e+02 6.3711999512e+02 6.3716900635e+02 6.3720898438e+02 6.3725598145e+02 6.3731597900e+02 6.3736199951e+02 6.3741699219e+02 6.3747497559e+02 6.3752697754e+02 6.3759100342e+02 6.3763500977e+02 6.3767199707e+02 6.3771502686e+02 6.3775500488e+02 6.3781799316e+02 6.3787902832e+02 6.3792401123e+02 6.3797497559e+02 6.3804199219e+02 6.3810797119e+02 6.3814202881e+02 6.3818402100e+02 6.3823797607e+02 6.3829901123e+02 6.3836798096e+02 6.3843103027e+02 6.3846301270e+02 6.3851300049e+02 6.3857098389e+02 6.3859997559e+02 6.3865100098e+02 6.3871801758e+02 6.3877398682e+02 6.3881201172e+02
6.3632202148e+02 6.3640100098e+02 6.3646600342e+02 6.3652801514e+02 6.3659600830e+02 6.3665899658e+02 6.3671301270e+02 6.3676702881e+02 6.3681500244e+02 6.3686199951e+02 6.3691497803e+02 6.3696801758e+02 6.3701702881e+02 6.3707299805e+02 6.3711901855e+02 6.3716601563e+02 6.3722900391e+02 6.3726800537e+02 6.3731701660e+02 6.3737701416e+02 6.3742297363e+02 6.3748999023e+02 6.3754699707e+02 6.3758599854e+02 6.3762799072e+02 6.3766302490e+02 6.3772100830e+02 6.3778497314e+02 6.3782598877e+02 6.3787097168e+02 6.3792797852e+02 6.3798999023e+02 6.3804199219e+02 6.3809100342e+02 6.3813201904e+02 6.3817498779e+02 6.3825201416e+02 6.3829602051e+02 6.3835601807e+02 6.3841900635e+02 6.3845697021e+02 6.3847802734e+02 6.3853399658e+02 6.3859899902e+02 6.3865600586e+02 6.3870599365e+02
6.3623999023e+02 6.3632000732e+02 6.3638598633e+02 6.3644097900e+02 6.3651202393e+02 6.3657598877e+02 6.3662500000e+02 6.3667700195e+02 6.3672698975e+02 6.3677398682e+02 6.3683001709e+02 6.3687597656e+02 6.3691900635e+02 6.3698699951e+02 6.3703900146e+02 6.3708398438e+02 6.3714398193e+02 6.3718402100e+02 6.3723297119e+02 6.3729199219e+02 6.3733697510e+02 6.3739001465e+02 6.3744598389e+02 6.3748101807e+02 6.3752398682e+02 6.3757000732e+02 6.3762701416e+02 6.3768798828e+02 6.3772497559e+02 6.3776800537e+02 6.3782098389e+02 6.3788000488e+02 6.3793200684e+02 6.3798400879e+02 6.3803100586e+02 6.3807702637e+02 6.3814599609e+02 6.3817102051e+02 6.3820898438e+02 6.3828198242e+02 6.3833099365e+02 6.3837597656e+02 6.3843902588e+02 6.3848999023e+02 6.3854498291e+02 6.3858898926e+02
6.3614300537e+02 6.3622497559e+02 6.3629998779e+02 6.3635101318e+02 6.3642602539e+02 6.3649902344e+02 6.3654699707e+02 6.3659497070e+02 6.3664398193e+02 6.3669097900e+02 6.3675598145e+02 6.3680102539e+02 6.3684497070e+02 6.3690600586e+02 6.3695202637e+02 6.3700000000e+02 6.3706201172e+02 6.3710498047e+02 6.3714599609e+02 6.3720098877e+02 6.3725500488e+02 6.3728100586e+02 6.3733502197e+02 6.3738598633e+02 6.3743701172e+02 6.3747497559e+02 6.3752801514e+02 6.3758398438e+02 6.3763397217e+02 6.3768298340e+02 6.3773699951e+02 6.3777697754e+02 6.3780499268e+02 6.3787799072e+02 6.3792999268e+02 6.3798602295e+02 6.3801800537e+02 6.3807397461e+02 6.3809802246e+02 6.3815002441e+02 6.3821197510e+02 6.3827600098e+02 6.3833898926e+02 6.3839001465e+02 6.3844000244e+02 6.3847601318e+02
6.3608197021e+02 6.3614001465e+02 6.3621398926e+02 6.3626702881e+02 6.3633001709e+02 6.3640698242e+02 6.3646002197e+02 6.3651000977e+02 6.3656896973e+02 6.3660900879e+02 6.3667297363e+02 6.3672302246e+02 6.3675799561e+02 6.3681500244e+02 6.3686602783e+02 6.3691198730e+02 6.3696197510e+02 6.3699700928e+02 6.3705297852e+02 6.3711499023e+02 6.3716400146e+02 6.3720397949e+02 6.3725500488e+02 6.3729498291e+02 6.3734600830e+02 6.3738897705e+02 6.3744000244e+02 6.3748498535e+02 6.3753601074e+02 6.3758001709e+02 6.3763702393e+02 6.3768597412e+02 6.3770800781e+02 6.3777600098e+02 6.3781298828e+02 6.3786297607e+02 6.3791497803e+02 6.3795697021e+02 6.3799798584e+02 6.3805102539e+02 6.3808599854e+02 6.3815100098e+02 6.3821502686e+02 6.3826800537e+02 6.3832501221e+02 6.3836199951e+02
6.3601397705e+02 6.3605902100e+02 6.3612200928e+02 6.3618499756e+02 6.3623999023e+02 6.3631298828e+02 6.3636999512e+02 6.3642297363e+02 6.3648297119e+02 6.3652697754e+02 6.3659399414e+02 6.3664501953e+02 6.3667102051e+02 6.3673297119e+02 6.3678698730e+02 6.3682897949e+02 6.3686999512e+02 6.3692102051e+02 6.3697302246e+02 6.3701599121e+02 6.3705902100e+02 6.3710302734e+02 6.3716400146e+02 6.3720300293e+02 6.3724200439e+02 6.3727600098e+02 6.3734399414e+02 6.3739202881e+02 6.3742797852e+02 6.3747100830e+02 6.3752502441e+02 6.3757501221e+02 6.3760797119e+02 6.3767999268e+02 6.3771398926e+02 6.3775500488e+02 6.3782397461e+02 6.3785302734e+02 6.3790002441e+02 6.3796502686e+02 6.3800500488e+02 6.3803302002e+02 6.3809002686e+02 6.3814202881e+02 6.3819799805e+02 6.3825500488e+02
6.3593499756e+02 6.3599102783e+02 6.3604400635e+02 6.3610900879e+02 6.3617700195e+02 6.3623901367e+02 6.3629101563e+02 6.3634399414e+02 6.3638500977e+02 6.3644299316e+02 6.3651702881e+02 6.3656298828e+02 6.3659698486e+02 6.3666699219e+02 6.3671398926e+02 6.3675097656e+02 6.3679498291e+02 6.3685797119e+02 6.3690100098e+02 6.3693103027e+02 6.3696099854e+02 6.3700598145e+02 6.3706799316e+02 6.3711798096e+02 6.3716101074e+02 6.3718200684e+02 6.3724102783e+02 6.3729199219e+02 6.3733300781e+02 6.3737701416e+02 6.3743701172e+02 6.3748901367e+02 6.3752301025e+02 6.3758502197e+02 6.3761999512e+02 6.3765600586e+02 6.3772399902e+02 6.3775500488e+02 6.3779302979e+02 6.3784698486e+02 6.3790600586e+02 6.3792498779e+02 6.3797100830e+02 6.3802197266e+02 6.3808398438e+02 6.3813598633e+02
6.3584899902e+02 6.3591699219e+02 6.3597998047e+02 6.3603601074e+02 6.3610797119e+02 6.3615301514e+02 6.3619702148e+02 6.3625201416e+02 6.3629998779e+02 6.3635797119e+02 6.3641998291e+02 6.3646697998e+02 6.3651800537e+02 6.3658801270e+02 6.3663500977e+02 6.3667602539e+02 6.3671301270e+02 6.3675897217e+02 6.3681201172e+02 6.3685900879e+02 6.3688000488e+02 6.3694299316e+02 6.3698101807e+02 6.3701501465e+02 6.3707000732e+02 6.3711102295e+02 6.3714099121e+02 6.3718402100e+02 6.3724700928e+02 6.3727600098e+02 6.3733502197e+02 6.3739001465e+02 6.3742297363e+02 6.3746801758e+02 6.3751202393e+02 6.3755798340e+02 6.3761102295e+02 6.3766802979e+02 6.3769598389e+02 6.3773297119e+02 6.3778997803e+02 6.3782702637e+02 6.3786401367e+02 6.3791699219e+02 6.3798297119e+02 6.3800701904e+02
6.3576800537e+02 6.3583801270e+02 6.3590600586e+02 6.3596197510e+02 6.3602301025e+02 6.3607702637e+02 6.3613098145e+02 6.3618499756e+02 6.3623101807e+02 6.3628900146e+02 6.3634197998e+02 6.3637799072e+02 6.3641802979e+02 6.3648400879e+02 6.3653100586e+02 6.3657501221e+02 6.3662701416e+02 6.3667999268e+02 6.3672698975e+02 6.3676702881e+02 6.3679797363e+02 6.3686297607e+02 6.3689501953e+02 6.3692602539e+02 6.3697900391e+02 6.3702398682e+02 6.3706500244e+02 6.3710498047e+02 6.3714599609e+02 6.3718103027e+02 6.3724499512e+02 6.3728900146e+02 6.3733099365e+02 6.3738702393e+02 6.3742297363e+02 6.3746502686e+02 6.3750097656e+02 6.3755200195e+02 6.3759698486e+02 6.3764801025e+02 6.3768798828e+02 6.3772399902e+02 6.3776599121e+02 6.3781500244e+02 6.3786602783e+02 6.3790002441e+02
6.3570202637e+02 6.3576098633e+02 6.3581896973e+02 6.3587799072e+02 6.3594598389e+02 6.3600201416e+02 6.3605401611e+02 6.3610400391e+02 6.3615197754e+02 6.3621398926e+02 6.3626300049e+02 6.3630102539e+02 6.3634197998e+02 6.3640997314e+02 6.3645898438e+02 6.3649200439e+02 6.3653497314e+02 6.3659197998e+02 6.3664001465e+02 6.3668103027e+02 6.3671801758e+02 6.3678302002e+02 6.3680902100e+02 6.3684100342e+02 6.3690100098e+02 6.3693298340e+02 6.3698101807e+02 6.3702099609e+02 6.3705401611e+02 6.3709997559e+02 6.3716302490e+02 6.3720098877e+02 6.3725000000e+02 6.3729901123e+02 6.3733197021e+02 6.3736901855e+02 6.3740399170e+02 6.3744299316e+02 6.3747497559e+02 6.3753198242e+02 6.3757098389e+02 6.3762597656e+02 6.3765600586e+02 6.3770001221e+02 6.3774700928e+02 6.3778302002e+02
6.3564501953e+02 6.3569799805e+02 6.3575201416e+02 6.3581402588e+02 6.3587799072e+02 6.3592498779e+02 6.3597497559e+02 6.3602600098e+02 6.3607702637e+02 6.3612902832e+02 6.3617498779e+02 6.3621801758e+02 6.3626397705e+02 6.3632598877e+02 6.3638201904e+02 6.3641400146e+02 6.3645001221e+02 6.3650500488e+02 6.3655700684e+02 6.3660302734e+02 6.3662701416e+02 6.3668597412e+02 6.3672100830e+02 6.3677197266e+02 6.3684497070e+02 6.3685797119e+02 6.3690002441e+02 6.3694702148e+02 6.3697497559e+02 6.3701202393e+02 6.3708197021e+02 6.3712500000e+02 6.3715002441e+02 6.3719396973e+02 6.3723297119e+02 6.3726898193e+02 6.3730297852e+02 6.3733801270e+02 6.3737500000e+02 6.3742700195e+02 6.3746301270e+02 6.3753002930e+02 6.3754998779e+02 6.3759802246e+02 6.3764001465e+02 6.3766802979e+02
6.3557702637e+02 6.3562500000e+02 6.3568402100e+02 6.3575299072e+02 6.3581097412e+02 6.3584997559e+02 6.3589501953e+02 6.3595001221e+02 6.3600598145e+02 6.3604998779e+02 6.3609802246e+02 6.3614599609e+02 6.3618902588e+02 6.3623101807e+02 6.3628802490e+02 6.3633300781e+02 6.3637902832e+02 6.3644097900e+02 6.3648901367e+02 6.3653002930e+02 6.3654400635e+02 6.3659899902e+02 6.3663397217e+02 6.3667999268e+02 6.3673901367e+02 6.3675598145e+02 6.3679901123e+02 6.3685302734e+02 6.3690802002e+02 6.3692401123e+02 6.3696801758e+02 6.3700402832e+02 6.3704302979e+02 6.3709497070e+02 6.3712597656e+02 6.3715301514e+02 6.3717498779e+02 6.3723498535e+02 6.3728002930e+02 6.3731701660e+02 6.3736602783e+02 6.3740997314e+02 6.3742797852e+02 6.3747900391e+02 6.3753802490e+02 6.3757098389e+02
6.3549102783e+02 6.3555297852e+02 6.3562298584e+02 6.3568597412e+02 6.3573602295e+02 6.3577899170e+02 6.3582299805e+02 6.3587298584e+02 6.3593200684e+02 6.3598101807e+02 6.3603100586e+02 6.3607598877e+02 6.3612200928e+02 6.3616900635e+02 6.3621398926e+02 6.3625299072e+02 6.3629699707e+02 6.3634698486e+02 6.3639300537e+02 6.3644000244e+02 6.3647900391e+02 6.3652099609e+02 6.3653997803e+02 6.3657501221e+02 6.3663598633e+02 6.3667199707e+02 6.3670898438e+02 6.3674102783e+02 6.3679199219e+02 6.3682702637e+02 6.3687097168e+02 6.3690802002e+02 6.3694897461e+02 6.3701599121e+02 6.3703302002e+02 6.3706701660e+02 6.3711401367e+02 6.3715997314e+02 6.3719702148e+02 6.3722698975e+02 6.3726202393e+02 6.3729302979e+02 6.3732897949e+02 6.3738397217e+02 6.3743103027e+02 6.3747601318e+02
6.3543298340e+02 6.3548797607e+02 6.3555401611e+02 6.3560699463e+02 6.3566601563e+02 6.3571600342e+02 6.3576000977e+02 6.3580798340e+02 6.3585601807e+02 6.3590197754e+02 6.3595800781e+02 6.3600402832e+02 6.3605401611e+02 6.3610601807e+02 6.3614398193e+02 6.3618200684e+02 6.3621899414e+02 6.3626300049e+02 6.3631097412e+02 6.3635699463e+02 6.3640600586e+02 6.3645098877e+02 6.3646398926e+02 6.3649499512e+02 6.3655200195e+02 6.3658898926e+02 6.3662097168e+02 6.3665899658e+02 6.3671398926e+02 6.3673999023e+02 6.3678802490e+02 6.3683001709e+02 6.3686199951e+02 6.3692401123e+02 6.3695300293e+02 6.3698999023e+02 6.3703100586e+02 6.3705200195e+02 6.3708099365e+02 6.3712597656e+02 6.3717901611e+02 6.3720001221e+02 6.3724298096e+02 6.3729797363e+02 6.3733300781e+02 6.3738397217e+02
6.3538897705e+02 6.3543298340e+02 6.3549298096e+02 6.3554199219e+02 6.3560302734e+02 6.3565502930e+02 6.3569598389e+02 6.3573901367e+02 6.3579101563e+02 6.3583697510e+02 6.3589001465e+02 6.3593499756e+02 6.3598602295e+02 6.3603198242e+02 6.3607299805e+02 6.3611102295e+02 6.3614398193e+02 6.3618902588e+02 6.3623699951e+02 6.3627697754e+02 6.3630798340e+02 6.3636297607e+02 6.3638800049e+02 6.3643103027e+02 6.3647399902e+02 6.3650598145e+02 6.3654302979e+02 6.3658898926e+02 6.3664801025e+02 6.3667602539e+02 6.3670800781e+02 6.3673101807e+02 6.3677301025e+02 6.3682098389e+02 6.3685101318e+02 6.3689099121e+02 6.3694097900e+02 6.3696099854e+02 6.3697601318e+02 6.3702301025e+02 6.3708801270e+02 6.3710101318e+02 6.3714398193e+02 6.3719702148e+02 6.3723602295e+02 6.3727197266e+02
