TESTSERVER/17/9.asc
NCOLS 100
NROWS 100
XLLCORNER 8.3497500000e+03
YLLCORNER 2.8950025000e+05
CELLSIZE 5.0000000000e-01
NODATA_VALUE -9.9990000000e+03
[rows 20 to 39 of 100, columns 0 to 45 of 100]
6.4510498047e+02 6.4517999268e+02 6.4527197266e+02 6.4535998535e+02 6.4544598389e+02 6.4551898193e+02 6.4561901855e+02 6.4572802734e+02 6.4581500244e+02 6.4589099121e+02 6.4599401855e+02 6.4610699463e+02 6.4622497559e+02 6.4632800293e+02 6.4643200684e+02 6.4653601074e+02 6.4665698242e+02 6.4675201416e+02 6.4686297607e+02 6.4696398926e+02 6.4705401611e+02 6.4715997314e+02 6.4725701904e+02 6.4735400391e+02 6.4744897461e+02 6.4749902344e+02 6.4756896973e+02 6.4762200928e+02 6.4767401123e+02 6.4769000244e+02 6.4773498535e+02 6.4780200195e+02 6.4785797119e+02 6.4791198730e+02 6.4796801758e+02 6.4803198242e+02 6.4808001709e+02 6.4821002197e+02 6.4834802246e+02 6.4845098877e+02 6.4852600098e+02 6.4866900635e+02 6.4880798340e+02 6.4893701172e+02 6.4905102539e+02 6.4918499756e+02
6.4492797852e+02 6.4499902344e+02 6.4507800293e+02 6.4517199707e+02 6.4526000977e+02 6.4533300781e+02 6.4542797852e+02 6.4552697754e+02 6.4562097168e+02 6.4571099854e+02 6.4581799316e+02 6.4592901611e+02 6.4603198242e+02 6.4613500977e+02 6.4624102783e+02 6.4634600830e+02 6.4645599365e+02 6.4656500244e+02 6.4667602539e+02 6.4676800537e+02 6.4686297607e+02 6.4697302246e+02 6.4707202148e+02 6.4716198730e+02 6.4725500488e+02 6.4730798340e+02 6.4737097168e+02 6.4741900635e+02 6.4747302246e+02 6.4750598145e+02 6.4755999756e+02 6.4761199951e+02 6.4765399170e+02 6.4772399902e+02 6.4779199219e+02 6.4786901855e+02 6.4792199707e+02 6.4802697754e+02 6.4814599609e+02 6.4824102783e+02 6.4835998535e+02 6.4847302246e+02 6.4859997559e+02 6.4872399902e+02 6.4883801270e+02 6.4895501709e+02
6.4474798584e+02 6.4482299805e+02 6.4489599609e+02 6.4498101807e+02 6.4506799316e+02 6.4515698242e+02 6.4525097656e+02 6.4533801270e+02 6.4542901611e+02 6.4552600098e+02 6.4563500977e+02 6.4573999023e+02 6.4583697510e+02 6.4594598389e+02 6.4605499268e+02 6.4615802002e+02 6.4625799561e+02 6.4637701416e+02 6.4648901367e+02 6.4657800293e+02 6.4667199707e+02 6.4678497314e+02 6.4688201904e+02 6.4696801758e+02 6.4705401611e+02 6.4710797119e+02 6.4716497803e+02 6.4720599365e+02 6.4726599121e+02 6.4731500244e+02 6.4738000488e+02 6.4743798828e+02 6.4749200439e+02 6.4755700684e+02 6.4761602783e+02 6.4768701172e+02 6.4774298096e+02 6.4784100342e+02 6.4795300293e+02 6.4803302002e+02 6.4814501953e+02 6.4825000000e+02 6.4837701416e+02 6.4849902344e+02 6.4861297607e+02 6.4872802734e+02
6.4456597900e+02 6.4464501953e+02 6.4472100830e+02 6.4478698730e+02 6.4487200928e+02 6.4497497559e+02 6.4506701660e+02 6.4515100098e+02 6.4523797607e+02 6.4533197021e+02 6.4544000244e+02 6.4554199219e+02 6.4564001465e+02 6.4575299072e+02 6.4586199951e+02 6.4596502686e+02 6.4606201172e+02 6.4617797852e+02 6.4629699707e+02 6.4639501953e+02 6.4649401855e+02 6.4658300781e+02 6.4667901611e+02 6.4677600098e+02 6.4685998535e+02 6.4691699219e+02 6.4695800781e+02 6.4699597168e+02 6.4707598877e+02 6.4712701416e+02 6.4720001221e+02 6.4726898193e+02 6.4734002686e+02 6.4737902832e+02 6.4743798828e+02 6.4750500488e+02 6.4753900146e+02 6.4763702393e+02 6.4775402832e+02 6.4783197021e+02 6.4792901611e+02 6.4802502441e+02 6.4815502930e+02 6.4827697754e+02 6.4839501953e+02 6.4851702881e+02
6.4438299561e+02 6.4447601318e+02 6.4455999756e+02 6.4461700439e+02 6.4470202637e+02 6.4478497314e+02 6.4486901855e+02 6.4496197510e+02 6.4506500244e+02 6.4514697266e+02 6.4524499512e+02 6.4533502197e+02 6.4543298340e+02 6.4554797363e+02 6.4567102051e+02 6.4578100586e+02 6.4586798096e+02 6.4597198486e+02 6.4609698486e+02 6.4621398926e+02 6.4631298828e+02 6.4639801025e+02 6.4649597168e+02 6.4660302734e+02 6.4668402100e+02 6.4672698975e+02 6.4677697754e+02 6.4683099365e+02 6.4692901611e+02 6.4697302246e+02 6.4703698730e+02 6.4710198975e+02 6.4715997314e+02 6.4719799805e+02 6.4725897217e+02 6.4732702637e+02 6.4736999512e+02 6.4745599365e+02 6.4755700684e+02 6.4763201904e+02 6.4774401855e+02 6.4783099365e+02 6.4794598389e+02 6.4805200195e+02 6.4816302490e+02 6.4829901123e+02
6.4423400879e+02 6.4432501221e+02 6.4439697266e+02 6.4444598389e+02 6.4452099609e+02 6.4459497070e+02 6.4467297363e+02 6.4477197266e+02 6.4487799072e+02 6.4496099854e+02 6.4505700684e+02 6.4515899658e+02 6.4526599121e+02 6.4537097168e+02 6.4547601318e+02 6.4558197021e+02 6.4569396973e+02 6.4578497314e+02 6.4589801025e+02 6.4601300049e+02 6.4612799072e+02 6.4622802734e+02 6.4631597900e+02 6.4640600586e+02 6.4648901367e+02 6.4655200195e+02 6.4660797119e+02 6.4666101074e+02 6.4673999023e+02 6.4679699707e+02 6.4686401367e+02 6.4693298340e+02 6.4698901367e+02 6.4702600098e+02 6.4708697510e+02 6.4716101074e+02 6.4721801758e+02 6.4729302979e+02 6.4737701416e+02 6.4743298340e+02 6.4753997803e+02 6.4763201904e+02 6.4773999023e+02 6.4784802246e+02 6.4795599365e+02 6.4807800293e+02
6.4409899902e+02 6.4417102051e+02 6.4422998047e+02 6.4428399658e+02 6.4436499023e+02 6.4443499756e+02 6.4450598145e+02 6.4458697510e+02 6.4466900635e+02 6.4475500488e+02 6.4485498047e+02 6.4496398926e+02 6.4507202148e+02 6.4518499756e+02 6.4529101563e+02 6.4539202881e+02 6.4550097656e+02 6.4558801270e+02 6.4570599365e+02 6.4582098389e+02 6.4592199707e+02 6.4603002930e+02 6.4612597656e+02 6.4622198486e+02 6.4630999756e+02 6.4638098145e+02 6.4644201660e+02 6.4649499512e+02 6.4657397461e+02 6.4664202881e+02 6.4670697021e+02 6.4677801514e+02 6.4683898926e+02 6.4688299561e+02 6.4694000244e+02 6.4700799561e+02 6.4704797363e+02 6.4709997559e+02 6.4718597412e+02 6.4724401855e+02 6.4733898926e+02 6.4743402100e+02 6.4752398682e+02 6.4762298584e+02 6.4774499512e+02 6.4786499023e+02
6.4395202637e+02 6.4401098633e+02 6.4406402588e+02 6.4412799072e+02 6.4421801758e+02 6.4428698730e+02 6.4434600830e+02 6.4440698242e+02 6.4446899414e+02 6.4455401611e+02 6.4464898682e+02 6.4475299072e+02 6.4485302734e+02 6.4496197510e+02 6.4508001709e+02 6.4519201660e+02 6.4529199219e+02 6.4538702393e+02 6.4550701904e+02 6.4561297607e+02 6.4571002197e+02 6.4582501221e+02 6.4593499756e+02 6.4603802490e+02 6.4612500000e+02 6.4619799805e+02 6.4626202393e+02 6.4632098389e+02 6.4640197754e+02 6.4647802734e+02 6.4653802490e+02 6.4659899902e+02 6.4665899658e+02 6.4671801758e+02 6.4677801514e+02 6.4684002686e+02 6.4688299561e+02 6.4693597412e+02 6.4702099609e+02 6.4707501221e+02 6.4715399170e+02 6.4725000000e+02 6.4733001709e+02 6.4741802979e+02 6.4754101563e+02 6.4766400146e+02
6.4378900146e+02 6.4384698486e+02 6.4390301514e+02 6.4397698975e+02 6.4406500244e+02 6.4412500000e+02 6.4418798828e+02 6.4425097656e+02 6.4430902100e+02 6.4438098145e+02 6.4446398926e+02 6.4455999756e+02 6.4465600586e+02 6.4474597168e+02 6.4486499023e+02 6.4498498535e+02 6.4507598877e+02 6.4519500732e+02 6.4530200195e+02 6.4540100098e+02 6.4552600098e+02 6.4562902832e+02 6.4574798584e+02 6.4585198975e+02 6.4593103027e+02 6.4599298096e+02 6.4606298828e+02 6.4613397217e+02 6.4621697998e+02 6.4631201172e+02 6.4636901855e+02 6.4640502930e+02 6.4645599365e+02 6.4653302002e+02 6.4659899902e+02 6.4665600586e+02 6.4672302246e+02 6.4677099609e+02 6.4683099365e+02 6.4688397217e+02 6.4698101807e+02 6.4706597900e+02 6.4715100098e+02 6.4722998047e+02 6.4732299805e+02 6.4743200684e+02
6.4362298584e+02 6.4369000244e+02 6.4375299072e+02 6.4382800293e+02 6.4389697266e+02 6.4395697021e+02 6.4403198242e+02 6.4409399414e+02 6.4414801025e+02 6.4421002197e+02 6.4428601074e+02 6.4437597656e+02 6.4446600342e+02 6.4455798340e+02 6.4466497803e+02 6.4476599121e+02 6.4485498047e+02 6.4497601318e+02 6.4508697510e+02 6.4518200684e+02 6.4529498291e+02 6.4540100098e+02 6.4552197266e+02 6.4564501953e+02 6.4574902344e+02 6.4581201172e+02 6.4588500977e+02 6.4594299316e+02 6.4602899170e+02 6.4610699463e+02 6.4617602539e+02 6.4623199463e+02 6.4630297852e+02 6.4635302734e+02 6.4641101074e+02 6.4646099854e+02 6.4650701904e+02 6.4657501221e+02 6.4663800049e+02 6.4670397949e+02 6.4680401611e+02 6.4686499023e+02 6.4694702148e+02 6.4703399658e+02 6.4711401367e+02 6.4723297119e+02
6.4345001221e+02 6.4352697754e+02 6.4360400391e+02 6.4367297363e+02 6.4373400879e+02 6.4380297852e+02 6.4386901855e+02 6.4392102051e+02 6.4398699951e+02 6.4404699707e+02 6.4411999512e+02 6.4420501709e+02 6.4429498291e+02 6.4438201904e+02 6.4447198486e+02 6.4456298828e+02 6.4464898682e+02 6.4476098633e+02 6.4486798096e+02 6.4496502686e+02 6.4507702637e+02 6.4517999268e+02 6.4529998779e+02 6.4542199707e+02 6.4551397705e+02 6.4558898926e+02 6.4567102051e+02 6.4574597168e+02 6.4585601807e+02 6.4592199707e+02 6.4599298096e+02 6.4604998779e+02 6.4610900879e+02 6.4615399170e+02 6.4621899414e+02 6.4627502441e+02 6.4631298828e+02 6.4637902832e+02 6.4644396973e+02 6.4651300049e+02 6.4661102295e+02 6.4666699219e+02 6.4675201416e+02 6.4685101318e+02 6.4693103027e+02 6.4704699707e+02
6.4327398682e+02 6.4335797119e+02 6.4343798828e+02 6.4350598145e+02 6.4357000732e+02 6.4364801025e+02 6.4371002197e+02 6.4376098633e+02 6.4383300781e+02 6.4388098145e+02 6.4394799805e+02 6.4402899170e+02 6.4411999512e+02 6.4420098877e+02 6.4428100586e+02 6.4436999512e+02 6.4445098877e+02 6.4454901123e+02 6.4464898682e+02 6.4475201416e+02 6.4486602783e+02 6.4496301270e+02 6.4507598877e+02 6.4518499756e+02 6.4526898193e+02 6.4536700439e+02 6.4545697021e+02 6.4554797363e+02 6.4566998291e+02 6.4573498535e+02 6.4580297852e+02 6.4585400391e+02 6.4590600586e+02 6.4594702148e+02 6.4602001953e+02 6.4609197998e+02 6.4613299561e+02 6.4618798828e+02 6.4624700928e+02 6.4631097412e+02 6.4640698242e+02 6.4647198486e+02 6.4656201172e+02 6.4666998291e+02 6.4676300049e+02 6.4685797119e+02
6.4311901855e+02 6.4319702148e+02 6.4326800537e+02 6.4334197998e+02 6.4340899658e+02 6.4348400879e+02 6.4354498291e+02 6.4360101318e+02 6.4367797852e+02 6.4372100830e+02 6.4378497314e+02 6.4385699463e+02 6.4392999268e+02 6.4401202393e+02 6.4409497070e+02 6.4417901611e+02 6.4426202393e+02 6.4435998535e+02 6.4445098877e+02 6.4454602051e+02 6.4465399170e+02 6.4475000000e+02 6.4485198975e+02 6.4495800781e+02 6.4507598877e+02 6.4516497803e+02 6.4525201416e+02 6.4534399414e+02 6.4547100830e+02 6.4553601074e+02 6.4559002686e+02 6.4564099121e+02 6.4571997070e+02 6.4576202393e+02 6.4582501221e+02 6.4589202881e+02 6.4591497803e+02 6.4598498535e+02 6.4604199219e+02 6.4611199951e+02 6.4621398926e+02 6.4628399658e+02 6.4638897705e+02 6.4648999023e+02 6.4657397461e+02 6.4665802002e+02
6.4296099854e+02 6.4303198242e+02 6.4311199951e+02 6.4318402100e+02 6.4324200439e+02 6.4332000732e+02 6.4337298584e+02 6.4342999268e+02 6.4351202393e+02 6.4356799316e+02 6.4363201904e+02 6.4369702148e+02 6.4377197266e+02 6.4384399414e+02 6.4391699219e+02 6.4399102783e+02 6.4407299805e+02 6.4417102051e+02 6.4426000977e+02 6.4434802246e+02 6.4445300293e+02 6.4454998779e+02 6.4464697266e+02 6.4473101807e+02 6.4482299805e+02 6.4492700195e+02 6.4501599121e+02 6.4508801270e+02 6.4521002197e+02 6.4529498291e+02 6.4536901855e+02 6.4544299316e+02 6.4552001953e+02 6.4555798340e+02 6.4562597656e+02 6.4569299316e+02 6.4573400879e+02 6.4580499268e+02 6.4585198975e+02 6.4592297363e+02 6.4602398682e+02 6.4609002686e+02 6.4620300293e+02 6.4631097412e+02 6.4639099121e+02 6.4646997070e+02
6.4280603027e+02 6.4286999512e+02 6.4294897461e+02 6.4302197266e+02 6.4307897949e+02 6.4315600586e+02 6.4321301270e+02 6.4327398682e+02 6.4334399414e+02 6.4340100098e+02 6.4347198486e+02 6.4353698730e+02 6.4360900879e+02 6.4368103027e+02 6.4375500488e+02 6.4382800293e+02 6.4389501953e+02 6.4397302246e+02 6.4405999756e+02 6.4415698242e+02 6.4426300049e+02 6.4434997559e+02 6.4445001221e+02 6.4453601074e+02 6.4461297607e+02 6.4472399902e+02 6.4482000732e+02 6.4489801025e+02 6.4500500488e+02 6.4508099365e+02 6.4516802979e+02 6.4524798584e+02 6.4531500244e+02 6.4536700439e+02 6.4544000244e+02 6.4550402832e+02 6.4555499268e+02 6.4562298584e+02 6.4566198730e+02 6.4572601318e+02 6.4581799316e+02 6.4588397217e+02 6.4600097656e+02 6.4611798096e+02 6.4619299316e+02 6.4626898193e+02
6.4265100098e+02 6.4271002197e+02 6.4278002930e+02 6.4285601807e+02 6.4292102051e+02 6.4299597168e+02 6.4305700684e+02 6.4312402344e+02 6.4318701172e+02 6.4323901367e+02 6.4331097412e+02 6.4337200928e+02 6.4343200684e+02 6.4350897217e+02 6.4358801270e+02 6.4366198730e+02 6.4372802734e+02 6.4379400635e+02 6.4387701416e+02 6.4397198486e+02 6.4407098389e+02 6.4415997314e+02 6.4425897217e+02 6.4435900879e+02 6.4443597412e+02 6.4452502441e+02 6.4461999512e+02 6.4471502686e+02 6.4480999756e+02 6.4487799072e+02 6.4497198486e+02 6.4504101563e+02 6.4509197998e+02 6.4516998291e+02 6.4524597168e+02 6.4530902100e+02 6.4536401367e+02 6.4543103027e+02 6.4548297119e+02 6.4555102539e+02 6.4563702393e+02 6.4570697021e+02 6.4580902100e+02 6.4591601563e+02 6.4598901367e+02 6.4606799316e+02
6.4248400879e+02 6.4256701660e+02 6.4263897705e+02 6.4270202637e+02 6.4276599121e+02 6.4284197998e+02 6.4291101074e+02 6.4297100830e+02 6.4302099609e+02 6.4309301758e+02 6.4316198730e+02 6.4321301270e+02 6.4326300049e+02 6.4334301758e+02 6.4342602539e+02 6.4349597168e+02 6.4355999756e+02 6.4362298584e+02 6.4370697021e+02 6.4379602051e+02 6.4388299561e+02 6.4396997070e+02 6.4404797363e+02 6.4414599609e+02 6.4424499512e+02 6.4431298828e+02 6.4440502930e+02 6.4450598145e+02 6.4460998535e+02 6.4467700195e+02 6.4477301025e+02 6.4484698486e+02 6.4489501953e+02 6.4498297119e+02 6.4504400635e+02 6.4509301758e+02 6.4515698242e+02 6.4524102783e+02 6.4530999756e+02 6.4539300537e+02 6.4545397949e+02 6.4553997803e+02 6.4563397217e+02 6.4571997070e+02 6.4580102539e+02 6.4589697266e+02
6.4233300781e+02 6.4240698242e+02 6.4249200439e+02 6.4255798340e+02 6.4261102295e+02 6.4269000244e+02 6.4275701904e+02 6.4280200195e+02 6.4286102295e+02 6.4292797852e+02 6.4298797607e+02 6.4303900146e+02 6.4310998535e+02 6.4319702148e+02 6.4327197266e+02 6.4333099365e+02 6.4338702393e+02 6.4345098877e+02 6.4353900146e+02 6.4362799072e+02 6.4371197510e+02 6.4378698730e+02 6.4387701416e+02 6.4397100830e+02 6.4405499268e+02 6.4413598633e+02 6.4423101807e+02 6.4430902100e+02 6.4439697266e+02 6.4448297119e+02 6.4457299805e+02 6.4464697266e+02 6.4470501709e+02 6.4480401611e+02 6.4486401367e+02 6.4490802002e+02 6.4497601318e+02 6.4505798340e+02 6.4513098145e+02 6.4521398926e+02 6.4528302002e+02 6.4535699463e+02 6.4544897461e+02 6.4552502441e+02 6.4559899902e+02 6.4569396973e+02
6.4218402100e+02 6.4225299072e+02 6.4234002686e+02 6.4240899658e+02 6.4246502686e+02 6.4254498291e+02 6.4260601807e+02 6.4264398193e+02 6.4271197510e+02 6.4277801514e+02 6.4283398438e+02 6.4288299561e+02 6.4295898438e+02 6.4304101563e+02 6.4311102295e+02 6.4316998291e+02 6.4323101807e+02 6.4330102539e+02 6.4337597656e+02 6.4344702148e+02 6.4352697754e+02 6.4359399414e+02 6.4369500732e+02 6.4379400635e+02 6.4386700439e+02 6.4395098877e+02 6.4404199219e+02 6.4411798096e+02 6.4421502686e+02 6.4429302979e+02 6.4436999512e+02 6.4445202637e+02 6.4452301025e+02 6.4461401367e+02 6.4468597412e+02 6.4473901367e+02 6.4479699707e+02 6.4487701416e+02 6.4495300293e+02 6.4504101563e+02 6.4511700439e+02 6.4517297363e+02 6.4526501465e+02 6.4534399414e+02 6.4542199707e+02 6.4550701904e+02
6.4203497314e+02 6.4211901855e+02 6.4219799805e+02 6.4225799561e+02 6.4231201172e+02 6.4239300537e+02 6.4245599365e+02 6.4249401855e+02 6.4256097412e+02 6.4262097168e+02 6.4268103027e+02 6.4273699951e+02 6.4280798340e+02 6.4287298584e+02 6.4294097900e+02 6.4300402832e+02 6.4307800293e+02 6.4314801025e+02 6.4321697998e+02 6.4328302002e+02 6.4336199951e+02 6.4342498779e+02 6.4351702881e+02 6.4361401367e+02 6.4369201660e+02 6.4377398682e+02 6.4385400391e+02 6.4392999268e+02 6.4403302002e+02 6.4409698486e+02 6.4417797852e+02 6.4427301025e+02 6.4434698486e+02 6.4442901611e+02 6.4451000977e+02 6.4457397461e+02 6.4462597656e+02 6.4471197510e+02 6.4478900146e+02 6.4486798096e+02 6.4494396973e+02 6.4500402832e+02 6.4509197998e+02 6.4516101074e+02 6.4524102783e+02 6.4532598877e+02
