TESTSERVER/17/9.asc
NCOLS 100
NROWS 100
XLLCORNER 8.3497500000e+03
YLLCORNER 2.8950025000e+05
CELLSIZE 5.0000000000e-01
NODATA_VALUE -9.9990000000e+03
[rows 20 to 39 of 100, columns 46 to 91 of 100]
6.4931298828e+02 6.4944299316e+02 6.4955297852e+02 6.4963500977e+02 6.4975799561e+02 6.4986999512e+02 6.4994897461e+02 6.4995800781e+02 6.4990002441e+02 6.4982501221e+02 6.4975598145e+02 6.4969000244e+02 6.4962597656e+02 6.4955902100e+02 6.4949902344e+02 6.4944201660e+02 6.4937500000e+02 6.4930902100e+02 6.4923101807e+02 6.4913702393e+02 6.4908300781e+02 6.4907501221e+02 6.4908502197e+02 6.4907702637e+02 6.4906701660e+02 6.4905603027e+02 6.4905499268e+02 6.4909002686e+02 6.4916400146e+02 6.4924102783e+02 6.4930603027e+02 6.4936602783e+02 6.4941302490e+02 6.4944299316e+02 6.4948199463e+02 6.4952801514e+02 6.4957299805e+02 6.4961297607e+02 6.4966198730e+02 6.4971197510e+02 6.4975402832e+02 6.4977899170e+02 6.4976702881e+02 6.4974401855e+02 6.4971002197e+02 6.4967901611e+02
6.4908502197e+02 6.4922100830e+02 6.4932598877e+02 6.4941198730e+02 6.4954797363e+02 6.4967602539e+02 6.4978302002e+02 6.4984301758e+02 6.4983001709e+02 6.4977502441e+02 6.4970300293e+02 6.4964099121e+02 6.4958502197e+02 6.4952697754e+02 6.4946002197e+02 6.4939501953e+02 6.4933197021e+02 6.4927502441e+02 6.4920599365e+02 6.4910302734e+02 6.4901397705e+02 6.4897399902e+02 6.4897998047e+02 6.4898699951e+02 6.4898400879e+02 6.4897198486e+02 6.4895599365e+02 6.4895898438e+02 6.4898101807e+02 6.4905401611e+02 6.4914501953e+02 6.4920300293e+02 6.4924798584e+02 6.4929101563e+02 6.4934802246e+02 6.4939501953e+02 6.4944000244e+02 6.4947198486e+02 6.4954199219e+02 6.4959100342e+02 6.4962097168e+02 6.4966497803e+02 6.4966900635e+02 6.4964898682e+02 6.4961999512e+02 6.4958197021e+02
6.4885400391e+02 6.4898199463e+02 6.4909002686e+02 6.4919396973e+02 6.4932501221e+02 6.4944500732e+02 6.4954901123e+02 6.4964398193e+02 6.4970501709e+02 6.4972100830e+02 6.4967199707e+02 6.4960302734e+02 6.4954400635e+02 6.4948699951e+02 6.4941900635e+02 6.4934698486e+02 6.4927899170e+02 6.4921997070e+02 6.4916497803e+02 6.4907800293e+02 6.4896697998e+02 6.4887902832e+02 6.4885400391e+02 6.4886602783e+02 6.4887500000e+02 6.4887597656e+02 6.4886199951e+02 6.4883599854e+02 6.4882501221e+02 6.4886999512e+02 6.4896398926e+02 6.4902899170e+02 6.4908001709e+02 6.4914202881e+02 6.4919897461e+02 6.4924200439e+02 6.4927697754e+02 6.4931402588e+02 6.4940399170e+02 6.4945202637e+02 6.4947998047e+02 6.4953198242e+02 6.4956701660e+02 6.4956298828e+02 6.4953802490e+02 6.4949902344e+02
6.4863397217e+02 6.4874499512e+02 6.4885601807e+02 6.4898101807e+02 6.4910601807e+02 6.4921398926e+02 6.4931298828e+02 6.4942797852e+02 6.4952801514e+02 6.4960400391e+02 6.4961499023e+02 6.4956201172e+02 6.4950299072e+02 6.4943902588e+02 6.4936901855e+02 6.4929797363e+02 6.4922497559e+02 6.4916302490e+02 6.4911401367e+02 6.4904901123e+02 6.4895800781e+02 6.4885797119e+02 6.4877398682e+02 6.4874700928e+02 6.4875897217e+02 6.4878002930e+02 6.4878002930e+02 6.4874700928e+02 6.4872198486e+02 6.4874597168e+02 6.4880297852e+02 6.4886798096e+02 6.4892102051e+02 6.4898901367e+02 6.4903399658e+02 6.4906500244e+02 6.4910498047e+02 6.4915399170e+02 6.4926098633e+02 6.4933001709e+02 6.4937097168e+02 6.4941400146e+02 6.4944598389e+02 6.4944897461e+02 6.4942700195e+02 6.4940100098e+02
6.4841101074e+02 6.4852697754e+02 6.4865399170e+02 6.4877099609e+02 6.4889099121e+02 6.4899798584e+02 6.4911401367e+02 6.4921997070e+02 6.4932299805e+02 6.4942901611e+02 6.4951000977e+02 6.4949798584e+02 6.4945599365e+02 6.4938598633e+02 6.4931097412e+02 6.4925097656e+02 6.4918103027e+02 6.4911901855e+02 6.4905999756e+02 6.4900598145e+02 6.4895599365e+02 6.4887799072e+02 6.4877001953e+02 6.4868200684e+02 6.4866601563e+02 6.4868103027e+02 6.4866900635e+02 6.4865399170e+02 6.4862200928e+02 6.4864001465e+02 6.4868701172e+02 6.4872698975e+02 6.4878002930e+02 6.4885601807e+02 6.4890002441e+02 6.4892901611e+02 6.4897302246e+02 6.4902301025e+02 6.4911401367e+02 6.4919000244e+02 6.4924401855e+02 6.4927801514e+02 6.4931701660e+02 6.4933197021e+02 6.4932897949e+02 6.4932598877e+02
6.4820098877e+02 6.4831500244e+02 6.4843798828e+02 6.4856701660e+02 6.4868701172e+02 6.4878399658e+02 6.4888299561e+02 6.4898999023e+02 6.4911102295e+02 6.4924298096e+02 6.4934698486e+02 6.4939801025e+02 6.4940100098e+02 6.4934997559e+02 6.4927801514e+02 6.4921502686e+02 6.4914501953e+02 6.4908300781e+02 6.4901702881e+02 6.4895202637e+02 6.4890100098e+02 6.4882800293e+02 6.4876300049e+02 6.4868200684e+02 6.4858898926e+02 6.4855200195e+02 6.4854101563e+02 6.4852502441e+02 6.4851202393e+02 6.4851300049e+02 6.4851599121e+02 6.4855499268e+02 6.4863201904e+02 6.4870697021e+02 6.4873400879e+02 6.4876898193e+02 6.4882098389e+02 6.4888299561e+02 6.4897497559e+02 6.4904101563e+02 6.4910699463e+02 6.4914599609e+02 6.4917401123e+02 6.4920697021e+02 6.4922998047e+02 6.4922998047e+02
6.4799700928e+02 6.4811199951e+02 6.4822802734e+02 6.4835302734e+02 6.4847302246e+02 6.4857702637e+02 6.4868597412e+02 6.4878601074e+02 6.4890899658e+02 6.4905200195e+02 6.4915600586e+02 6.4923699951e+02 6.4929498291e+02 6.4929400635e+02 6.4923901367e+02 6.4917297363e+02 6.4910601807e+02 6.4904498291e+02 6.4897802734e+02 6.4890502930e+02 6.4884600830e+02 6.4878302002e+02 6.4872998047e+02 6.4866400146e+02 6.4855401611e+02 6.4845800781e+02 6.4840997314e+02 6.4837500000e+02 6.4838201904e+02 6.4839501953e+02 6.4840197754e+02 6.4844097900e+02 6.4850402832e+02 6.4855603027e+02 6.4858300781e+02 6.4862701416e+02 6.4868200684e+02 6.4875402832e+02 6.4885101318e+02 6.4889599609e+02 6.4895800781e+02 6.4900799561e+02 6.4903601074e+02 6.4907098389e+02 6.4910699463e+02 6.4912097168e+02
6.4779101563e+02 6.4790100098e+02 6.4801300049e+02 6.4813598633e+02 6.4825500488e+02 6.4836798096e+02 6.4848498535e+02 6.4858300781e+02 6.4870397949e+02 6.4884002686e+02 6.4893499756e+02 6.4902801514e+02 6.4913098145e+02 6.4918499756e+02 6.4918200684e+02 6.4912200928e+02 6.4905700684e+02 6.4900000000e+02 6.4893597412e+02 6.4886199951e+02 6.4880603027e+02 6.4874499512e+02 6.4867901611e+02 6.4862402344e+02 6.4855499268e+02 6.4844500732e+02 6.4833398438e+02 6.4824102783e+02 6.4823297119e+02 6.4826599121e+02 6.4830200195e+02 6.4833502197e+02 6.4835797119e+02 6.4839398193e+02 6.4845898438e+02 6.4850799561e+02 6.4854699707e+02 6.4860900879e+02 6.4871301270e+02 6.4875598145e+02 6.4880401611e+02 6.4885400391e+02 6.4888897705e+02 6.4892297363e+02 6.4896899414e+02 6.4899401855e+02
6.4754498291e+02 6.4766101074e+02 6.4780603027e+02 6.4794201660e+02 6.4805200195e+02 6.4815100098e+02 6.4825701904e+02 6.4836102295e+02 6.4849298096e+02 6.4861999512e+02 6.4871197510e+02 6.4882000732e+02 6.4894598389e+02 6.4904302979e+02 6.4909399414e+02 6.4906896973e+02 6.4900701904e+02 6.4894500732e+02 6.4889099121e+02 6.4882501221e+02 6.4876098633e+02 6.4870098877e+02 6.4863800049e+02 6.4857800293e+02 6.4851599121e+02 6.4844299316e+02 6.4833099365e+02 6.4818499756e+02 6.4813201904e+02 6.4815899658e+02 6.4819299316e+02 6.4823101807e+02 6.4825097656e+02 6.4829302979e+02 6.4835400391e+02 6.4837500000e+02 6.4841101074e+02 6.4846899414e+02 6.4855102539e+02 6.4861798096e+02 6.4865802002e+02 6.4869799805e+02 6.4874298096e+02 6.4878802490e+02 6.4884497070e+02 6.4887200928e+02
6.4733300781e+02 6.4743701172e+02 6.4757897949e+02 6.4771801758e+02 6.4782897949e+02 6.4793597412e+02 6.4804498291e+02 6.4814202881e+02 6.4826898193e+02 6.4840002441e+02 6.4851000977e+02 6.4863098145e+02 6.4874902344e+02 6.4885302734e+02 6.4893798828e+02 6.4897900391e+02 6.4896197510e+02 6.4890802002e+02 6.4884997559e+02 6.4878399658e+02 6.4871600342e+02 6.4865802002e+02 6.4859100342e+02 6.4853302002e+02 6.4846398926e+02 6.4839501953e+02 6.4830902100e+02 6.4817901611e+02 6.4806799316e+02 6.4801800537e+02 6.4802801514e+02 6.4808599854e+02 6.4813598633e+02 6.4818103027e+02 6.4821197510e+02 6.4823699951e+02 6.4828100586e+02 6.4833398438e+02 6.4841601563e+02 6.4847198486e+02 6.4851300049e+02 6.4855603027e+02 6.4860797119e+02 6.4866998291e+02 6.4872802734e+02 6.4875299072e+02
6.4713800049e+02 6.4722998047e+02 6.4736199951e+02 6.4748797607e+02 6.4759997559e+02 6.4771899414e+02 6.4783001709e+02 6.4792401123e+02 6.4805102539e+02 6.4818499756e+02 6.4829699707e+02 6.4842199707e+02 6.4853302002e+02 6.4863598633e+02 6.4873901367e+02 6.4882702637e+02 6.4886700439e+02 6.4885998535e+02 6.4881298828e+02 6.4874401855e+02 6.4867999268e+02 6.4861401367e+02 6.4854199219e+02 6.4848400879e+02 6.4841601563e+02 6.4835601807e+02 6.4829101563e+02 6.4819000244e+02 6.4806097412e+02 6.4795098877e+02 6.4791198730e+02 6.4793597412e+02 6.4796002197e+02 6.4802099609e+02 6.4807397461e+02 6.4810400391e+02 6.4814001465e+02 6.4818200684e+02 6.4825598145e+02 6.4831799316e+02 6.4836499023e+02 6.4841302490e+02 6.4846697998e+02 6.4854302979e+02 6.4861102295e+02 6.4864398193e+02
6.4694000244e+02 6.4703002930e+02 6.4715301514e+02 6.4726397705e+02 6.4737701416e+02 6.4749902344e+02 6.4760601807e+02 6.4770300293e+02 6.4782598877e+02 6.4795697021e+02 6.4807397461e+02 6.4820300293e+02 6.4831597900e+02 6.4841802979e+02 6.4851800537e+02 6.4863201904e+02 6.4871997070e+02 6.4876702881e+02 6.4876599121e+02 6.4870599365e+02 6.4863702393e+02 6.4856799316e+02 6.4850097656e+02 6.4843701172e+02 6.4836602783e+02 6.4830700684e+02 6.4824401855e+02 6.4817199707e+02 6.4806896973e+02 6.4795599365e+02 6.4786798096e+02 6.4782299805e+02 6.4779498291e+02 6.4784899902e+02 6.4793902588e+02 6.4796801758e+02 6.4799401855e+02 6.4802899170e+02 6.4809497070e+02 6.4815600586e+02 6.4820202637e+02 6.4825402832e+02 6.4832098389e+02 6.4841900635e+02 6.4850097656e+02 6.4854699707e+02
6.4673797607e+02 6.4683398438e+02 6.4694702148e+02 6.4705297852e+02 6.4717297363e+02 6.4729498291e+02 6.4740197754e+02 6.4749597168e+02 6.4759997559e+02 6.4772198486e+02 6.4785101318e+02 6.4796398926e+02 6.4808801270e+02 6.4819702148e+02 6.4829101563e+02 6.4843402100e+02 6.4854498291e+02 6.4862097168e+02 6.4866400146e+02 6.4865802002e+02 6.4859301758e+02 6.4851898193e+02 6.4844702148e+02 6.4839099121e+02 6.4832598877e+02 6.4825500488e+02 6.4817797852e+02 6.4814599609e+02 6.4806097412e+02 6.4795697021e+02 6.4784600830e+02 6.4772698975e+02 6.4768499756e+02 6.4771697998e+02 6.4775201416e+02 6.4780499268e+02 6.4783502197e+02 6.4788000488e+02 6.4796502686e+02 6.4799902344e+02 6.4804302979e+02 6.4810699463e+02 6.4818499756e+02 6.4829602051e+02 6.4838098145e+02 6.4844097900e+02
6.4655499268e+02 6.4664202881e+02 6.4673199463e+02 6.4683300781e+02 6.4696398926e+02 6.4708599854e+02 6.4719598389e+02 6.4730200195e+02 6.4739599609e+02 6.4751098633e+02 6.4764099121e+02 6.4775402832e+02 6.4787097168e+02 6.4797399902e+02 6.4808898926e+02 6.4823101807e+02 6.4835400391e+02 6.4846099854e+02 6.4851898193e+02 6.4856500244e+02 6.4855499268e+02 6.4849401855e+02 6.4842297363e+02 6.4834802246e+02 6.4828399658e+02 6.4821502686e+02 6.4814898682e+02 6.4810601807e+02 6.4803497314e+02 6.4795300293e+02 6.4785101318e+02 6.4770599365e+02 6.4761297607e+02 6.4760400391e+02 6.4761798096e+02 6.4768200684e+02 6.4773199463e+02 6.4775299072e+02 6.4780798340e+02 6.4784301758e+02 6.4789300537e+02 6.4797802734e+02 6.4808001709e+02 6.4817797852e+02 6.4825299072e+02 6.4830700684e+02
6.4634899902e+02 6.4643701172e+02 6.4653198242e+02 6.4663098145e+02 6.4675299072e+02 6.4686700439e+02 6.4698101807e+02 6.4709399414e+02 6.4718902588e+02 6.4730603027e+02 6.4743298340e+02 6.4754699707e+02 6.4766302490e+02 6.4777301025e+02 6.4789801025e+02 6.4802099609e+02 6.4813299561e+02 6.4825402832e+02 6.4834301758e+02 6.4842498779e+02 6.4847497559e+02 6.4845098877e+02 6.4838500977e+02 6.4829998779e+02 6.4824298096e+02 6.4818402100e+02 6.4812402344e+02 6.4805297852e+02 6.4798999023e+02 6.4792797852e+02 6.4784301758e+02 6.4771600342e+02 6.4757202148e+02 6.4749499512e+02 6.4747900391e+02 6.4752197266e+02 6.4760101318e+02 6.4761700439e+02 6.4764001465e+02 6.4768298340e+02 6.4774700928e+02 6.4783197021e+02 6.4793798828e+02 6.4803802490e+02 6.4812200928e+02 6.4818798828e+02
6.4614599609e+02 6.4623901367e+02 6.4633197021e+02 6.4642602539e+02 6.4654302979e+02 6.4665100098e+02 6.4676599121e+02 6.4688299561e+02 6.4698498535e+02 6.4710797119e+02 6.4722302246e+02 6.4733697510e+02 6.4745001221e+02 6.4756298828e+02 6.4771002197e+02 6.4782702637e+02 6.4791900635e+02 6.4803100586e+02 6.4814501953e+02 6.4824499512e+02 6.4833398438e+02 6.4836102295e+02 6.4833599854e+02 6.4826098633e+02 6.4820501709e+02 6.4814099121e+02 6.4807800293e+02 6.4799902344e+02 6.4793798828e+02 6.4787500000e+02 6.4780401611e+02 6.4772497559e+02 6.4758001709e+02 6.4744598389e+02 6.4737902832e+02 6.4737402344e+02 6.4742602539e+02 6.4745300293e+02 6.4748498535e+02 6.4752398682e+02 6.4759802246e+02 6.4768103027e+02 6.4777697754e+02 6.4788598633e+02 6.4798699951e+02 6.4807501221e+02
6.4596502686e+02 6.4603900146e+02 6.4611401367e+02 6.4621502686e+02 6.4633197021e+02 6.4643402100e+02 6.4652398682e+02 6.4665899658e+02 6.4677099609e+02 6.4689099121e+02 6.4699298096e+02 6.4711499023e+02 6.4723199463e+02 6.4734899902e+02 6.4748901367e+02 6.4761798096e+02 6.4771502686e+02 6.4782598877e+02 6.4795697021e+02 6.4807000732e+02 6.4817401123e+02 6.4823101807e+02 6.4827001953e+02 6.4822302246e+02 6.4816101074e+02 6.4809399414e+02 6.4803198242e+02 6.4795501709e+02 6.4789300537e+02 6.4782299805e+02 6.4775000000e+02 6.4770800781e+02 6.4762097168e+02 6.4747698975e+02 6.4731799316e+02 6.4726501465e+02 6.4725799561e+02 6.4727697754e+02 6.4732897949e+02 6.4736499023e+02 6.4743298340e+02 6.4752502441e+02 6.4764099121e+02 6.4774700928e+02 6.4784301758e+02 6.4794702148e+02
6.4576397705e+02 6.4584497070e+02 6.4591998291e+02 6.4601599121e+02 6.4613397217e+02 6.4624102783e+02 6.4633099365e+02 6.4644299316e+02 6.4655200195e+02 6.4666802979e+02 6.4676800537e+02 6.4688397217e+02 6.4700402832e+02 6.4712500000e+02 6.4725402832e+02 6.4739099121e+02 6.4749902344e+02 6.4761401367e+02 6.4775299072e+02 6.4788098145e+02 6.4800097656e+02 6.4806402588e+02 6.4810400391e+02 6.4814398193e+02 6.4812597656e+02 6.4805902100e+02 6.4797900391e+02 6.4791400146e+02 6.4785797119e+02 6.4779400635e+02 6.4771002197e+02 6.4765698242e+02 6.4760198975e+02 6.4749798584e+02 6.4734002686e+02 6.4721002197e+02 6.4716198730e+02 6.4714599609e+02 6.4716400146e+02 6.4722100830e+02 6.4728100586e+02 6.4734399414e+02 6.4745501709e+02 6.4757501221e+02 6.4767102051e+02 6.4778302002e+02
6.4557202148e+02 6.4565399170e+02 6.4574102783e+02 6.4584197998e+02 6.4594897461e+02 6.4605499268e+02 6.4615698242e+02 6.4626397705e+02 6.4636297607e+02 6.4646697998e+02 6.4657202148e+02 6.4668200684e+02 6.4679101563e+02 6.4690399170e+02 6.4701800537e+02 6.4714300537e+02 6.4726098633e+02 6.4739697266e+02 6.4754302979e+02 6.4767102051e+02 6.4778399658e+02 6.4788702393e+02 6.4796002197e+02 6.4801397705e+02 6.4804400635e+02 6.4801898193e+02 6.4794097900e+02 6.4787298584e+02 6.4780798340e+02 6.4774798584e+02 6.4768103027e+02 6.4761401367e+02 6.4756097412e+02 6.4749102783e+02 6.4739001465e+02 6.4723901367e+02 6.4712500000e+02 6.4705999756e+02 6.4704400635e+02 6.4707000732e+02 6.4713702393e+02 6.4719000244e+02 6.4725097656e+02 6.4736199951e+02 6.4747497559e+02 6.4761401367e+02
6.4539599609e+02 6.4547497559e+02 6.4556799316e+02 6.4567102051e+02 6.4575799561e+02 6.4585198975e+02 6.4596801758e+02 6.4608197021e+02 6.4616998291e+02 6.4625897217e+02 6.4636297607e+02 6.4647698975e+02 6.4658001709e+02 6.4668402100e+02 6.4679199219e+02 6.4691400146e+02 6.4703302002e+02 6.4718200684e+02 6.4733502197e+02 6.4746197510e+02 6.4756701660e+02 6.4769702148e+02 6.4779699707e+02 6.4785601807e+02 6.4792199707e+02 6.4795098877e+02 6.4790002441e+02 6.4782897949e+02 6.4775402832e+02 6.4769702148e+02 6.4764801025e+02 6.4757000732e+02 6.4750500488e+02 6.4744702148e+02 6.4739300537e+02 6.4727899170e+02 6.4711999512e+02 6.4698699951e+02 6.4695001221e+02 6.4692498779e+02 6.4698699951e+02 6.4706402588e+02 6.4709100342e+02 6.4716998291e+02 6.4727301025e+02 6.4741699219e+02
