TESTSERVER/24/0.asc
NCOLS 100
NROWS 100
XLLCORNER 8.6997500000e+03
YLLCORNER 2.8995025000e+05
CELLSIZE 5.0000000000e-01
NODATA_VALUE -9.9990000000e+03
[rows 80 to 99 of 100, columns 0 to 45 of 100]
8.5844000244e+02 8.5852398682e+02 8.5863500977e+02 8.5877502441e+02 8.5895397949e+02 8.5915802002e+02 8.5928601074e+02 8.5938000488e+02 8.5945098877e+02 8.5956298828e+02 8.5970697021e+02 8.5987097168e+02 8.6003100586e+02 8.6020800781e+02 8.6034100342e+02 8.6046997070e+02 8.6061102295e+02 8.6072497559e+02 8.6086401367e+02 8.6103399658e+02 8.6122302246e+02 8.6141900635e+02 8.6160498047e+02 8.6177801514e+02 8.6193597412e+02 8.6211199951e+02 8.6230102539e+02 8.6247698975e+02 8.6264001465e+02 8.6273602295e+02 8.6281799316e+02 8.6291101074e+02 8.6303100586e+02 8.6321002197e+02 8.6338500977e+02 8.6355798340e+02 8.6373199463e+02 8.6385601807e+02 8.6399798584e+02 8.6415002441e+02 8.6429998779e+02 8.6448498535e+02 8.6464099121e+02 8.6479901123e+02 8.6497698975e+02 8.6515600586e+02
8.5815698242e+02 8.5825402832e+02 8.5837402344e+02 8.5851300049e+02 8.5870800781e+02 8.5890698242e+02 8.5901800537e+02 8.5909600830e+02 8.5917401123e+02 8.5930102539e+02 8.5945397949e+02 8.5960900879e+02 8.5975799561e+02 8.5991302490e+02 8.6005401611e+02 8.6019097900e+02 8.6032702637e+02 8.6044799805e+02 8.6057897949e+02 8.6073999023e+02 8.6093701172e+02 8.6113299561e+02 8.6131097412e+02 8.6147198486e+02 8.6162902832e+02 8.6181799316e+02 8.6200701904e+02 8.6218902588e+02 8.6236798096e+02 8.6249902344e+02 8.6258697510e+02 8.6267102051e+02 8.6277502441e+02 8.6293701172e+02 8.6313299561e+02 8.6333898926e+02 8.6351202393e+02 8.6362701416e+02 8.6373797607e+02 8.6385900879e+02 8.6402001953e+02 8.6421197510e+02 8.6438299561e+02 8.6455102539e+02 8.6471301270e+02 8.6486798096e+02
8.5785400391e+02 8.5796502686e+02 8.5809997559e+02 8.5825402832e+02 8.5845098877e+02 8.5862597656e+02 8.5872100830e+02 8.5879400635e+02 8.5888299561e+02 8.5903100586e+02 8.5919299316e+02 8.5935601807e+02 8.5950701904e+02 8.5964300537e+02 8.5977001953e+02 8.5989697266e+02 8.6003002930e+02 8.6014898682e+02 8.6027697754e+02 8.6043298340e+02 8.6063598633e+02 8.6083502197e+02 8.6100701904e+02 8.6116101074e+02 8.6131799316e+02 8.6151098633e+02 8.6170001221e+02 8.6188098145e+02 8.6206201172e+02 8.6221301270e+02 8.6232000732e+02 8.6241699219e+02 8.6251599121e+02 8.6266802979e+02 8.6287200928e+02 8.6309197998e+02 8.6327197266e+02 8.6337701416e+02 8.6348400879e+02 8.6360198975e+02 8.6376397705e+02 8.6395397949e+02 8.6412200928e+02 8.6428497314e+02 8.6444097900e+02 8.6459197998e+02
8.5753900146e+02 8.5767199707e+02 8.5782098389e+02 8.5798699951e+02 8.5818200684e+02 8.5833300781e+02 8.5841802979e+02 8.5848901367e+02 8.5859399414e+02 8.5875897217e+02 8.5892797852e+02 8.5909899902e+02 8.5926898193e+02 8.5939202881e+02 8.5950000000e+02 8.5960998535e+02 8.5973101807e+02 8.5984899902e+02 8.5997198486e+02 8.6012402344e+02 8.6032397461e+02 8.6052600098e+02 8.6069702148e+02 8.6085198975e+02 8.6100897217e+02 8.6119598389e+02 8.6138000488e+02 8.6155700684e+02 8.6173101807e+02 8.6189099121e+02 8.6202001953e+02 8.6213897705e+02 8.6225201416e+02 8.6239501953e+02 8.6259497070e+02 8.6281597900e+02 8.6300201416e+02 8.6311602783e+02 8.6323498535e+02 8.6336602783e+02 8.6353399658e+02 8.6370898438e+02 8.6386602783e+02 8.6401599121e+02 8.6416400146e+02 8.6431701660e+02
8.5722399902e+02 8.5738299561e+02 8.5754199219e+02 8.5771600342e+02 8.5792602539e+02 8.5804699707e+02 8.5812701416e+02 8.5820501709e+02 8.5833197021e+02 8.5848797607e+02 8.5865002441e+02 8.5882800293e+02 8.5903399658e+02 8.5916101074e+02 8.5926202393e+02 8.5935400391e+02 8.5944097900e+02 8.5955401611e+02 8.5968103027e+02 8.5983099365e+02 8.6001000977e+02 8.6020202637e+02 8.6038201904e+02 8.6055102539e+02 8.6072802734e+02 8.6088800049e+02 8.6105798340e+02 8.6122302246e+02 8.6138500977e+02 8.6154400635e+02 8.6169598389e+02 8.6184399414e+02 8.6198797607e+02 8.6211499023e+02 8.6229699707e+02 8.6250897217e+02 8.6269299316e+02 8.6283099365e+02 8.6297497559e+02 8.6314001465e+02 8.6335797119e+02 8.6349902344e+02 8.6361999512e+02 8.6374200439e+02 8.6388397217e+02 8.6403997803e+02
8.5695397949e+02 8.5712500000e+02 8.5726800537e+02 8.5741699219e+02 8.5762298584e+02 8.5777801514e+02 8.5786999512e+02 8.5795599365e+02 8.5807702637e+02 8.5822802734e+02 8.5840899658e+02 8.5861401367e+02 8.5882598877e+02 8.5895800781e+02 8.5905297852e+02 8.5912799072e+02 8.5919201660e+02 8.5929101563e+02 8.5942602539e+02 8.5958197021e+02 8.5974499512e+02 8.5990600586e+02 8.6007702637e+02 8.6024499512e+02 8.6041601563e+02 8.6057501221e+02 8.6072802734e+02 8.6088098145e+02 8.6103698730e+02 8.6119702148e+02 8.6135998535e+02 8.6152301025e+02 8.6169201660e+02 8.6184698486e+02 8.6201501465e+02 8.6219500732e+02 8.6237298584e+02 8.6253900146e+02 8.6272100830e+02 8.6292199707e+02 8.6313702393e+02 8.6328399658e+02 8.6335900879e+02 8.6344000244e+02 8.6357202148e+02 8.6373199463e+02
8.5667401123e+02 8.5684997559e+02 8.5698699951e+02 8.5711798096e+02 8.5730999756e+02 8.5748602295e+02 8.5759698486e+02 8.5769702148e+02 8.5782098389e+02 8.5797900391e+02 8.5816998291e+02 8.5838098145e+02 8.5858599854e+02 8.5870800781e+02 8.5879400635e+02 8.5886102295e+02 8.5892401123e+02 8.5902697754e+02 8.5916601563e+02 8.5932501221e+02 8.5948699951e+02 8.5962902832e+02 8.5978399658e+02 8.5993902588e+02 8.6009698486e+02 8.6024700928e+02 8.6039501953e+02 8.6054302979e+02 8.6068597412e+02 8.6084100342e+02 8.6101098633e+02 8.6118597412e+02 8.6137402344e+02 8.6156896973e+02 8.6175201416e+02 8.6192602539e+02 8.6209399414e+02 8.6229602051e+02 8.6250799561e+02 8.6271301270e+02 8.6289898682e+02 8.6303802490e+02 8.6310601807e+02 8.6316601563e+02 8.6326098633e+02 8.6339599609e+02
8.5636999512e+02 8.5654498291e+02 8.5667797852e+02 8.5680401611e+02 8.5698297119e+02 8.5716497803e+02 8.5729699707e+02 8.5741699219e+02 8.5755200195e+02 8.5771301270e+02 8.5790301514e+02 8.5810699463e+02 8.5829302979e+02 8.5840600586e+02 8.5848699951e+02 8.5855200195e+02 8.5862799072e+02 8.5874597168e+02 8.5889001465e+02 8.5905401611e+02 8.5922399902e+02 8.5935302734e+02 8.5948999023e+02 8.5963000488e+02 8.5977301025e+02 8.5992199707e+02 8.6007098389e+02 8.6021801758e+02 8.6034600830e+02 8.6049700928e+02 8.6067297363e+02 8.6085797119e+02 8.6105102539e+02 8.6127502441e+02 8.6148797607e+02 8.6168298340e+02 8.6185900879e+02 8.6208099365e+02 8.6230200195e+02 8.6248797607e+02 8.6263500977e+02 8.6278399658e+02 8.6286297607e+02 8.6291400146e+02 8.6297100830e+02 8.6308099365e+02
8.5602899170e+02 8.5621697998e+02 8.5635601807e+02 8.5648602295e+02 8.5663500977e+02 8.5680603027e+02 8.5696099854e+02 8.5711199951e+02 8.5726397705e+02 8.5742102051e+02 8.5759600830e+02 8.5777697754e+02 8.5792297363e+02 8.5804302979e+02 8.5812200928e+02 8.5819201660e+02 8.5827398682e+02 8.5843200684e+02 8.5859197998e+02 8.5877001953e+02 8.5896099854e+02 8.5907000732e+02 8.5918798828e+02 8.5931201172e+02 8.5944201660e+02 8.5960699463e+02 8.5975897217e+02 8.5990802002e+02 8.6005999756e+02 8.6020697021e+02 8.6038098145e+02 8.6056597900e+02 8.6076000977e+02 8.6098297119e+02 8.6122302246e+02 8.6145098877e+02 8.6164898682e+02 8.6186102295e+02 8.6208001709e+02 8.6223602295e+02 8.6235699463e+02 8.6247601318e+02 8.6256500244e+02 8.6262298584e+02 8.6269702148e+02 8.6280902100e+02
8.5574200439e+02 8.5592901611e+02 8.5605700684e+02 8.5615698242e+02 8.5628997803e+02 8.5647399902e+02 8.5664099121e+02 8.5680700684e+02 8.5696997070e+02 8.5712200928e+02 8.5727899170e+02 8.5743798828e+02 8.5757897949e+02 8.5768298340e+02 8.5776599121e+02 8.5783801270e+02 8.5792602539e+02 8.5805798340e+02 8.5822497559e+02 8.5841302490e+02 8.5860198975e+02 8.5873797607e+02 8.5888299561e+02 8.5903100586e+02 8.5917297363e+02 8.5932702637e+02 8.5948699951e+02 8.5965301514e+02 8.5982598877e+02 8.5998400879e+02 8.6014697266e+02 8.6032299805e+02 8.6051501465e+02 8.6075201416e+02 8.6098999023e+02 8.6121697998e+02 8.6139697266e+02 8.6155200195e+02 8.6170898438e+02 8.6182299805e+02 8.6192901611e+02 8.6203002930e+02 8.6214099121e+02 8.6223101807e+02 8.6233197021e+02 8.6245599365e+02
8.5545397949e+02 8.5564801025e+02 8.5577099609e+02 8.5585699463e+02 8.5597601318e+02 8.5616699219e+02 8.5634002686e+02 8.5650701904e+02 8.5666998291e+02 8.5682397461e+02 8.5697900391e+02 8.5713500977e+02 8.5727600098e+02 8.5739001465e+02 8.5747601318e+02 8.5754797363e+02 8.5761999512e+02 8.5772998047e+02 8.5789099121e+02 8.5807598877e+02 8.5826898193e+02 8.5843298340e+02 8.5860998535e+02 8.5878698730e+02 8.5893902588e+02 8.5908599854e+02 8.5924798584e+02 8.5942199707e+02 8.5960998535e+02 8.5977398682e+02 8.5993298340e+02 8.6010302734e+02 8.6028698730e+02 8.6051300049e+02 8.6071899414e+02 8.6092401123e+02 8.6113098145e+02 8.6128497314e+02 8.6139898682e+02 8.6148602295e+02 8.6159997559e+02 8.6172601318e+02 8.6184997559e+02 8.6194396973e+02 8.6202600098e+02 8.6212902832e+02
8.5514099121e+02 8.5535198975e+02 8.5548602295e+02 8.5558300781e+02 8.5569299316e+02 8.5587402344e+02 8.5604602051e+02 8.5621002197e+02 8.5636798096e+02 8.5652697754e+02 8.5669000244e+02 8.5685498047e+02 8.5701098633e+02 8.5714099121e+02 8.5723400879e+02 8.5730700684e+02 8.5737298584e+02 8.5746997070e+02 8.5762097168e+02 8.5779998779e+02 8.5798699951e+02 8.5817297363e+02 8.5837597656e+02 8.5857397461e+02 8.5873498535e+02 8.5887402344e+02 8.5903198242e+02 8.5920300293e+02 8.5940100098e+02 8.5957299805e+02 8.5972698975e+02 8.5988702393e+02 8.6005798340e+02 8.6025201416e+02 8.6041400146e+02 8.6059301758e+02 8.6082598877e+02 8.6099902344e+02 8.6112298584e+02 8.6120898438e+02 8.6130401611e+02 8.6145397949e+02 8.6159399414e+02 8.6168402100e+02 8.6174200439e+02 8.6182897949e+02
8.5484399414e+02 8.5501898193e+02 8.5516601563e+02 8.5529901123e+02 8.5544500732e+02 8.5559899902e+02 8.5576098633e+02 8.5591400146e+02 8.5606097412e+02 8.5622399902e+02 8.5640100098e+02 8.5657897949e+02 8.5675897217e+02 8.5692102051e+02 8.5703002930e+02 8.5710900879e+02 8.5718103027e+02 8.5727197266e+02 8.5741302490e+02 8.5758099365e+02 8.5775299072e+02 8.5795800781e+02 8.5817901611e+02 8.5838897705e+02 8.5856597900e+02 8.5869396973e+02 8.5884301758e+02 8.5900897217e+02 8.5920697021e+02 8.5936901855e+02 8.5952001953e+02 8.5966802979e+02 8.5982397461e+02 8.6001702881e+02 8.6018597412e+02 8.6034301758e+02 8.6048101807e+02 8.6064501953e+02 8.6079199219e+02 8.6089801025e+02 8.6096899414e+02 8.6111901855e+02 8.6126501465e+02 8.6136499023e+02 8.6142297363e+02 8.6152197266e+02
8.5451397705e+02 8.5469097900e+02 8.5483599854e+02 8.5498901367e+02 8.5515100098e+02 8.5531097412e+02 8.5546899414e+02 8.5561999512e+02 8.5576599121e+02 8.5593298340e+02 8.5611297607e+02 8.5629101563e+02 8.5647802734e+02 8.5667199707e+02 8.5681201172e+02 8.5691497803e+02 8.5698199463e+02 8.5705798340e+02 8.5717700195e+02 8.5733300781e+02 8.5750799561e+02 8.5772802734e+02 8.5796398926e+02 8.5818798828e+02 8.5837200928e+02 8.5852001953e+02 8.5865502930e+02 8.5879699707e+02 8.5895697021e+02 8.5912597656e+02 8.5929699707e+02 8.5945898438e+02 8.5963098145e+02 8.5986499023e+02 8.6005499268e+02 8.6018499756e+02 8.6025402832e+02 8.6035101318e+02 8.6047601318e+02 8.6057202148e+02 8.6067999268e+02 8.6082397461e+02 8.6093597412e+02 8.6101800537e+02 8.6107501221e+02 8.6117297363e+02
8.5420898438e+02 8.5436999512e+02 8.5451599121e+02 8.5467700195e+02 8.5485601807e+02 8.5502398682e+02 8.5518902588e+02 8.5534600830e+02 8.5549700928e+02 8.5566497803e+02 8.5584399414e+02 8.5601501465e+02 8.5619097900e+02 8.5639001465e+02 8.5655102539e+02 8.5667700195e+02 8.5676501465e+02 8.5683801270e+02 8.5693798828e+02 8.5708599854e+02 8.5727099609e+02 8.5749499512e+02 8.5774200439e+02 8.5798199463e+02 8.5818298340e+02 8.5833898926e+02 8.5845898438e+02 8.5857202148e+02 8.5869799805e+02 8.5885498047e+02 8.5903698730e+02 8.5921899414e+02 8.5940802002e+02 8.5965502930e+02 8.5984197998e+02 8.5995697021e+02 8.6001000977e+02 8.6010198975e+02 8.6021801758e+02 8.6030902100e+02 8.6043701172e+02 8.6058001709e+02 8.6066699219e+02 8.6073101807e+02 8.6079302979e+02 8.6087402344e+02
8.5392297363e+02 8.5406597900e+02 8.5421002197e+02 8.5437298584e+02 8.5456500244e+02 8.5474798584e+02 8.5492297363e+02 8.5509002686e+02 8.5524902344e+02 8.5541802979e+02 8.5558898926e+02 8.5575000000e+02 8.5590197754e+02 8.5608801270e+02 8.5626000977e+02 8.5640399170e+02 8.5651702881e+02 8.5659698486e+02 8.5668402100e+02 8.5683001709e+02 8.5702899170e+02 8.5725500488e+02 8.5751397705e+02 8.5777099609e+02 8.5799102783e+02 8.5815002441e+02 8.5826098633e+02 8.5835101318e+02 8.5844702148e+02 8.5858398438e+02 8.5876397705e+02 8.5895300293e+02 8.5914801025e+02 8.5938500977e+02 8.5956799316e+02 8.5969000244e+02 8.5976202393e+02 8.5986199951e+02 8.5997998047e+02 8.6007397461e+02 8.6021002197e+02 8.6035797119e+02 8.6043597412e+02 8.6049298096e+02 8.6055499268e+02 8.6061798096e+02
8.5364898682e+02 8.5378802490e+02 8.5391900635e+02 8.5407000732e+02 8.5426300049e+02 8.5448797607e+02 8.5467401123e+02 8.5484600830e+02 8.5501702881e+02 8.5518701172e+02 8.5535198975e+02 8.5549200439e+02 8.5556201172e+02 8.5576300049e+02 8.5594201660e+02 8.5610400391e+02 8.5623602295e+02 8.5633001709e+02 8.5641900635e+02 8.5655902100e+02 8.5675299072e+02 8.5701000977e+02 8.5728399658e+02 8.5755499268e+02 8.5778802490e+02 8.5794799805e+02 8.5805603027e+02 8.5813897705e+02 8.5824102783e+02 8.5835101318e+02 8.5850000000e+02 8.5867199707e+02 8.5885601807e+02 8.5908300781e+02 8.5927099609e+02 8.5942602539e+02 8.5956500244e+02 8.5964898682e+02 8.5973797607e+02 8.5983001709e+02 8.5995300293e+02 8.6008001709e+02 8.6017297363e+02 8.6023797607e+02 8.6026599121e+02 8.6030798340e+02
8.5339202881e+02 8.5352001953e+02 8.5363299561e+02 8.5377600098e+02 8.5398498535e+02 8.5420599365e+02 8.5440698242e+02 8.5459399414e+02 8.5475701904e+02 8.5491101074e+02 8.5510900879e+02 8.5529302979e+02 8.5537500000e+02 8.5549102783e+02 8.5562402344e+02 8.5576501465e+02 8.5590698242e+02 8.5603601074e+02 8.5615802002e+02 8.5630902100e+02 8.5652600098e+02 8.5679901123e+02 8.5708300781e+02 8.5735601807e+02 8.5758398438e+02 8.5773699951e+02 8.5783898926e+02 8.5792297363e+02 8.5802801514e+02 8.5815301514e+02 8.5828601074e+02 8.5843597412e+02 8.5860198975e+02 8.5878802490e+02 8.5896997070e+02 8.5913500977e+02 8.5927301025e+02 8.5936602783e+02 8.5946697998e+02 8.5957897949e+02 8.5970800781e+02 8.5982098389e+02 8.5989801025e+02 8.5995697021e+02 8.5998999023e+02 8.6001501465e+02
8.5315802002e+02 8.5327398682e+02 8.5338000488e+02 8.5352301025e+02 8.5373101807e+02 8.5394097900e+02 8.5415100098e+02 8.5434698486e+02 8.5450299072e+02 8.5464099121e+02 8.5485699463e+02 8.5509698486e+02 8.5521002197e+02 8.5527099609e+02 8.5535797119e+02 8.5546502686e+02 8.5560601807e+02 8.5577502441e+02 8.5593597412e+02 8.5610998535e+02 8.5633300781e+02 8.5661297607e+02 8.5689898682e+02 8.5716699219e+02 8.5737902832e+02 8.5751702881e+02 8.5761401367e+02 8.5769799805e+02 8.5780999756e+02 8.5795397949e+02 8.5809197998e+02 8.5823101807e+02 8.5837298584e+02 8.5853198242e+02 8.5868902588e+02 8.5883801270e+02 8.5897399902e+02 8.5908599854e+02 8.5920202637e+02 8.5932397461e+02 8.5946099854e+02 8.5958099365e+02 8.5964801025e+02 8.5970300293e+02 8.5973797607e+02 8.5976599121e+02
8.5294201660e+02 8.5306097412e+02 8.5316601563e+02 8.5330700684e+02 8.5351098633e+02 8.5373400879e+02 8.5395300293e+02 8.5414398193e+02 8.5428601074e+02 8.5439501953e+02 8.5457202148e+02 8.5480902100e+02 8.5495397949e+02 8.5501702881e+02 8.5510699463e+02 8.5521398926e+02 8.5534899902e+02 8.5553900146e+02 8.5573101807e+02 8.5592602539e+02 8.5614801025e+02 8.5642797852e+02 8.5671398926e+02 8.5697399902e+02 8.5716802979e+02 8.5729199219e+02 8.5738397217e+02 8.5746899414e+02 8.5758898926e+02 8.5775000000e+02 8.5789599609e+02 8.5802697754e+02 8.5814202881e+02 8.5828497314e+02 8.5843402100e+02 8.5857702637e+02 8.5870397949e+02 8.5882501221e+02 8.5895001221e+02 8.5907598877e+02 8.5921301270e+02 8.5933099365e+02 8.5938897705e+02 8.5943798828e+02 8.5948199463e+02 8.5953302002e+02
