TESTSERVER/24/0.asc
NCOLS 100
NROWS 100
XLLCORNER 8.6997500000e+03
YLLCORNER 2.8995025000e+05
CELLSIZE 5.0000000000e-01
NODATA_VALUE -9.9990000000e+03
[rows 0 to 19 of 100, columns 0 to 45 of 100]
8.8263201904e+02 8.8280902100e+02 8.8303900146e+02 8.8329302979e+02 8.8350201416e+02 8.8361401367e+02 8.8371899414e+02 8.8383599854e+02 8.8394097900e+02 8.8407299805e+02 8.8420202637e+02 8.8432702637e+02 8.8445697021e+02 8.8458801270e+02 8.8471197510e+02 8.8484698486e+02 8.8500500488e+02 8.8516198730e+02 8.8530999756e+02 8.8545501709e+02 8.8561602783e+02 8.8578100586e+02 8.8590399170e+02 8.8601000977e+02 8.8615002441e+02 8.8630700684e+02 8.8646197510e+02 8.8661700439e+02 8.8680297852e+02 8.8699798584e+02 8.8720397949e+02 8.8741900635e+02 8.8765600586e+02 8.8782098389e+02 8.8795098877e+02 8.8805700684e+02 8.8816900635e+02 8.8833502197e+02 8.8843499756e+02 8.8847601318e+02 8.8862200928e+02 8.8870501709e+02 8.8877600098e+02 8.8884997559e+02 8.8895697021e+02 8.8914001465e+02
8.8235998535e+02 8.8260498047e+02 8.8285900879e+02 8.8308697510e+02 8.8325598145e+02 8.8337097168e+02 8.8349401855e+02 8.8360998535e+02 8.8371600342e+02 8.8384899902e+02 8.8398400879e+02 8.8411102295e+02 8.8420697021e+02 8.8430499268e+02 8.8441802979e+02 8.8454699707e+02 8.8470202637e+02 8.8485198975e+02 8.8498498535e+02 8.8510998535e+02 8.8523797607e+02 8.8537902832e+02 8.8552600098e+02 8.8567102051e+02 8.8581097412e+02 8.8595898438e+02 8.8611798096e+02 8.8629199219e+02 8.8649902344e+02 8.8672601318e+02 8.8693298340e+02 8.8712701416e+02 8.8731201172e+02 8.8742498779e+02 8.8753698730e+02 8.8768597412e+02 8.8782897949e+02 8.8796697998e+02 8.8809600830e+02 8.8821899414e+02 8.8843200684e+02 8.8848602295e+02 8.8855700684e+02 8.8863500977e+02 8.8872802734e+02 8.8886901855e+02
8.8214898682e+02 8.8243298340e+02 8.8269201660e+02 8.8288800049e+02 8.8301702881e+02 8.8314898682e+02 8.8326599121e+02 8.8336700439e+02 8.8347100830e+02 8.8359600830e+02 8.8372497559e+02 8.8384698486e+02 8.8393798828e+02 8.8402398682e+02 8.8413098145e+02 8.8425097656e+02 8.8438800049e+02 8.8452301025e+02 8.8464697266e+02 8.8476300049e+02 8.8487097168e+02 8.8499401855e+02 8.8514501953e+02 8.8530401611e+02 8.8546002197e+02 8.8561102295e+02 8.8577801514e+02 8.8596301270e+02 8.8618798828e+02 8.8642297363e+02 8.8662500000e+02 8.8680902100e+02 8.8696697998e+02 8.8705401611e+02 8.8718499756e+02 8.8738397217e+02 8.8757397461e+02 8.8769702148e+02 8.8780700684e+02 8.8795599365e+02 8.8819702148e+02 8.8826898193e+02 8.8834997559e+02 8.8843103027e+02 8.8851397705e+02 8.8861102295e+02
8.8195898438e+02 8.8223101807e+02 8.8247802734e+02 8.8265899658e+02 8.8278302002e+02 8.8292700195e+02 8.8303002930e+02 8.8310900879e+02 8.8319702148e+02 8.8329901123e+02 8.8341400146e+02 8.8353100586e+02 8.8363397217e+02 8.8372698975e+02 8.8383001709e+02 8.8394201660e+02 8.8406097412e+02 8.8418701172e+02 8.8431201172e+02 8.8443103027e+02 8.8454498291e+02 8.8465802002e+02 8.8479699707e+02 8.8494702148e+02 8.8510302734e+02 8.8526300049e+02 8.8543902588e+02 8.8563500977e+02 8.8587402344e+02 8.8611199951e+02 8.8631201172e+02 8.8648999023e+02 8.8663201904e+02 8.8671997070e+02 8.8687597656e+02 8.8710900879e+02 8.8734802246e+02 8.8747497559e+02 8.8755603027e+02 8.8767901611e+02 8.8789898682e+02 8.8802502441e+02 8.8812799072e+02 8.8821697998e+02 8.8828997803e+02 8.8834899902e+02
8.8172998047e+02 8.8198297119e+02 8.8220599365e+02 8.8238598633e+02 8.8253198242e+02 8.8266998291e+02 8.8277099609e+02 8.8284301758e+02 8.8290502930e+02 8.8297100830e+02 8.8305999756e+02 8.8316497803e+02 8.8327600098e+02 8.8340301514e+02 8.8350799561e+02 8.8360797119e+02 8.8370300293e+02 8.8385400391e+02 8.8399798584e+02 8.8414501953e+02 8.8429699707e+02 8.8440997314e+02 8.8451800537e+02 8.8462799072e+02 8.8474798584e+02 8.8490600586e+02 8.8509197998e+02 8.8530700684e+02 8.8554302979e+02 8.8578497314e+02 8.8599102783e+02 8.8617602539e+02 8.8631597900e+02 8.8642199707e+02 8.8658197021e+02 8.8679699707e+02 8.8702398682e+02 8.8718103027e+02 8.8731097412e+02 8.8743103027e+02 8.8759100342e+02 8.8775201416e+02 8.8787298584e+02 8.8796398926e+02 8.8800500488e+02 8.8807800293e+02
8.8145098877e+02 8.8171502686e+02 8.8191497803e+02 8.8205700684e+02 8.8217700195e+02 8.8231799316e+02 8.8245501709e+02 8.8255999756e+02 8.8261297607e+02 8.8265802002e+02 8.8272399902e+02 8.8281097412e+02 8.8292199707e+02 8.8304699707e+02 8.8316302490e+02 8.8327099609e+02 8.8336999512e+02 8.8351098633e+02 8.8368597412e+02 8.8387701416e+02 8.8406701660e+02 8.8421002197e+02 8.8428601074e+02 8.8434997559e+02 8.8443597412e+02 8.8457897949e+02 8.8476599121e+02 8.8498602295e+02 8.8523101807e+02 8.8546398926e+02 8.8567602539e+02 8.8587097168e+02 8.8604101563e+02 8.8617999268e+02 8.8632000732e+02 8.8648199463e+02 8.8669598389e+02 8.8687200928e+02 8.8704699707e+02 8.8721301270e+02 8.8736199951e+02 8.8749401855e+02 8.8760101318e+02 8.8767797852e+02 8.8773400879e+02 8.8781701660e+02
8.8114898682e+02 8.8140399170e+02 8.8159997559e+02 8.8173297119e+02 8.8183898926e+02 8.8196002197e+02 8.8210302734e+02 8.8223297119e+02 8.8229998779e+02 8.8233697510e+02 8.8239801025e+02 8.8247900391e+02 8.8258502197e+02 8.8271002197e+02 8.8283502197e+02 8.8295898438e+02 8.8306799316e+02 8.8320599365e+02 8.8339001465e+02 8.8359399414e+02 8.8379901123e+02 8.8394396973e+02 8.8401702881e+02 8.8407501221e+02 8.8415100098e+02 8.8428497314e+02 8.8446502686e+02 8.8467901611e+02 8.8491998291e+02 8.8515502930e+02 8.8537097168e+02 8.8557202148e+02 8.8575598145e+02 8.8591601563e+02 8.8605603027e+02 8.8620599365e+02 8.8641302490e+02 8.8661297607e+02 8.8679699707e+02 8.8695898438e+02 8.8708801270e+02 8.8719702148e+02 8.8729998779e+02 8.8738299561e+02 8.8745397949e+02 8.8754400635e+02
8.8082598877e+02 8.8106597900e+02 8.8126898193e+02 8.8141699219e+02 8.8152801514e+02 8.8161401367e+02 8.8174200439e+02 8.8188098145e+02 8.8196899414e+02 8.8201300049e+02 8.8208001709e+02 8.8216400146e+02 8.8227099609e+02 8.8240002441e+02 8.8253601074e+02 8.8267602539e+02 8.8280297852e+02 8.8293597412e+02 8.8310797119e+02 8.8329699707e+02 8.8347802734e+02 8.8361499023e+02 8.8370001221e+02 8.8377600098e+02 8.8387097168e+02 8.8400299072e+02 8.8417297363e+02 8.8437402344e+02 8.8460601807e+02 8.8484002686e+02 8.8505999756e+02 8.8526898193e+02 8.8546099854e+02 8.8562799072e+02 8.8578100586e+02 8.8594702148e+02 8.8616601563e+02 8.8635198975e+02 8.8651397705e+02 8.8665002441e+02 8.8675799561e+02 8.8686401367e+02 8.8697100830e+02 8.8706896973e+02 8.8715997314e+02 8.8725799561e+02
8.8051898193e+02 8.8072399902e+02 8.8092602539e+02 8.8109698486e+02 8.8122900391e+02 8.8128399658e+02 8.8138299561e+02 8.8150000000e+02 8.8157397461e+02 8.8167401123e+02 8.8176501465e+02 8.8186499023e+02 8.8199102783e+02 8.8211901855e+02 8.8226300049e+02 8.8241400146e+02 8.8256597900e+02 8.8269799805e+02 8.8284002686e+02 8.8298297119e+02 8.8313702393e+02 8.8323901367e+02 8.8333599854e+02 8.8345697021e+02 8.8362902832e+02 8.8373498535e+02 8.8388098145e+02 8.8405603027e+02 8.8425799561e+02 8.8450897217e+02 8.8473901367e+02 8.8495599365e+02 8.8514898682e+02 8.8534497070e+02 8.8551800537e+02 8.8571197510e+02 8.8589099121e+02 8.8604699707e+02 8.8616998291e+02 8.8628198242e+02 8.8640197754e+02 8.8652099609e+02 8.8663299561e+02 8.8674200439e+02 8.8687200928e+02 8.8698199463e+02
8.8017102051e+02 8.8036901855e+02 8.8054101563e+02 8.8068499756e+02 8.8079998779e+02 8.8089099121e+02 8.8099401855e+02 8.8110601807e+02 8.8122497559e+02 8.8132598877e+02 8.8143200684e+02 8.8154901123e+02 8.8168499756e+02 8.8183398438e+02 8.8198101807e+02 8.8213299561e+02 8.8229498291e+02 8.8244598389e+02 8.8256701660e+02 8.8266998291e+02 8.8276599121e+02 8.8287298584e+02 8.8302600098e+02 8.8321197510e+02 8.8335797119e+02 8.8345800781e+02 8.8358197021e+02 8.8373498535e+02 8.8392797852e+02 8.8416198730e+02 8.8440997314e+02 8.8464501953e+02 8.8484899902e+02 8.8500799561e+02 8.8518597412e+02 8.8541198730e+02 8.8560400391e+02 8.8571502686e+02 8.8581500244e+02 8.8592297363e+02 8.8606298828e+02 8.8619702148e+02 8.8630700684e+02 8.8640899658e+02 8.8653601074e+02 8.8668200684e+02
8.7980401611e+02 8.7999401855e+02 8.8014501953e+02 8.8027099609e+02 8.8038500977e+02 8.8049401855e+02 8.8060998535e+02 8.8073498535e+02 8.8087298584e+02 8.8098400879e+02 8.8109899902e+02 8.8122698975e+02 8.8137799072e+02 8.8153601074e+02 8.8169000244e+02 8.8184497070e+02 8.8201098633e+02 8.8216302490e+02 8.8227301025e+02 8.8235400391e+02 8.8240399170e+02 8.8249298096e+02 8.8267797852e+02 8.8289300537e+02 8.8304901123e+02 8.8315600586e+02 8.8327502441e+02 8.8341998291e+02 8.8360302734e+02 8.8383197021e+02 8.8408599854e+02 8.8433502197e+02 8.8455798340e+02 8.8469299316e+02 8.8488299561e+02 8.8513500977e+02 8.8530603027e+02 8.8536499023e+02 8.8544897461e+02 8.8556201172e+02 8.8572399902e+02 8.8586700439e+02 8.8597802734e+02 8.8607598877e+02 8.8618200684e+02 8.8631701660e+02
8.7942797852e+02 8.7960601807e+02 8.7974902344e+02 8.7987597656e+02 8.8000097656e+02 8.8011901855e+02 8.8024200439e+02 8.8037701416e+02 8.8052301025e+02 8.8064001465e+02 8.8076702881e+02 8.8090899658e+02 8.8107598877e+02 8.8124102783e+02 8.8139898682e+02 8.8155499268e+02 8.8171398926e+02 8.8186102295e+02 8.8196697998e+02 8.8204101563e+02 8.8208099365e+02 8.8215100098e+02 8.8233001709e+02 8.8255700684e+02 8.8273199463e+02 8.8284600830e+02 8.8296801758e+02 8.8311297607e+02 8.8329101563e+02 8.8350598145e+02 8.8375299072e+02 8.8400000000e+02 8.8423199463e+02 8.8436199951e+02 8.8455297852e+02 8.8480200195e+02 8.8494702148e+02 8.8497497559e+02 8.8505700684e+02 8.8518597412e+02 8.8538098145e+02 8.8553900146e+02 8.8565197754e+02 8.8574597168e+02 8.8582800293e+02 8.8595300293e+02
8.7905603027e+02 8.7921197510e+02 8.7935400391e+02 8.7950000000e+02 8.7965600586e+02 8.7976599121e+02 8.7988500977e+02 8.8001898193e+02 8.8015600586e+02 8.8029797363e+02 8.8044097900e+02 8.8060198975e+02 8.8079498291e+02 8.8097100830e+02 8.8112902832e+02 8.8127398682e+02 8.8139001465e+02 8.8152801514e+02 8.8163897705e+02 8.8172802734e+02 8.8181298828e+02 8.8189697266e+02 8.8204901123e+02 8.8226702881e+02 8.8243200684e+02 8.8254302979e+02 8.8268499756e+02 8.8283898926e+02 8.8301000977e+02 8.8318298340e+02 8.8339501953e+02 8.8362097168e+02 8.8383697510e+02 8.8398297119e+02 8.8413201904e+02 8.8430700684e+02 8.8445501709e+02 8.8453002930e+02 8.8462902832e+02 8.8478302002e+02 8.8501000977e+02 8.8521997070e+02 8.8533502197e+02 8.8541400146e+02 8.8547601318e+02 8.8562500000e+02
8.7874700928e+02 8.7889501953e+02 8.7902301025e+02 8.7916302490e+02 8.7933502197e+02 8.7946301270e+02 8.7957897949e+02 8.7971301270e+02 8.7986499023e+02 8.7998901367e+02 8.8013598633e+02 8.8030902100e+02 8.8052001953e+02 8.8072302246e+02 8.8088397217e+02 8.8102001953e+02 8.8110699463e+02 8.8118798828e+02 8.8129797363e+02 8.8140399170e+02 8.8150299072e+02 8.8163500977e+02 8.8178997803e+02 8.8197302246e+02 8.8211602783e+02 8.8224902344e+02 8.8240802002e+02 8.8257800293e+02 8.8273297119e+02 8.8289001465e+02 8.8305999756e+02 8.8324902344e+02 8.8346899414e+02 8.8365301514e+02 8.8375500488e+02 8.8385101318e+02 8.8401599121e+02 8.8413000488e+02 8.8425701904e+02 8.8443402100e+02 8.8466998291e+02 8.8489300537e+02 8.8502502441e+02 8.8509802246e+02 8.8516998291e+02 8.8531201172e+02
8.7847698975e+02 8.7861602783e+02 8.7872698975e+02 8.7884802246e+02 8.7902099609e+02 8.7915997314e+02 8.7927502441e+02 8.7940899658e+02 8.7957299805e+02 8.7969799805e+02 8.7984802246e+02 8.8003198242e+02 8.8025701904e+02 8.8046697998e+02 8.8063098145e+02 8.8076300049e+02 8.8083197021e+02 8.8088299561e+02 8.8098901367e+02 8.8110498047e+02 8.8120898438e+02 8.8134497070e+02 8.8150500488e+02 8.8166998291e+02 8.8180102539e+02 8.8193798828e+02 8.8210302734e+02 8.8228302002e+02 8.8244097900e+02 8.8258801270e+02 8.8273199463e+02 8.8289300537e+02 8.8310601807e+02 8.8330999756e+02 8.8342297363e+02 8.8353002930e+02 8.8369299316e+02 8.8382299805e+02 8.8396997070e+02 8.8415899658e+02 8.8439501953e+02 8.8461499023e+02 8.8474401855e+02 8.8480902100e+02 8.8486700439e+02 8.8498400879e+02
8.7821600342e+02 8.7833197021e+02 8.7842401123e+02 8.7853198242e+02 8.7870001221e+02 8.7884399414e+02 8.7895800781e+02 8.7909698486e+02 8.7927899170e+02 8.7940600586e+02 8.7956097412e+02 8.7975598145e+02 8.7998999023e+02 8.8020202637e+02 8.8036901855e+02 8.8049597168e+02 8.8056597900e+02 8.8060797119e+02 8.8070800781e+02 8.8082800293e+02 8.8093402100e+02 8.8106201172e+02 8.8121099854e+02 8.8136102295e+02 8.8149200439e+02 8.8161798096e+02 8.8177899170e+02 8.8195800781e+02 8.8211700439e+02 8.8227001953e+02 8.8241400146e+02 8.8257299805e+02 8.8277600098e+02 8.8297198486e+02 8.8310699463e+02 8.8325799561e+02 8.8343798828e+02 8.8357098389e+02 8.8372998047e+02 8.8391802979e+02 8.8414501953e+02 8.8434899902e+02 8.8446301270e+02 8.8451898193e+02 8.8456799316e+02 8.8466497803e+02
8.7789099121e+02 8.7801501465e+02 8.7810699463e+02 8.7821899414e+02 8.7838098145e+02 8.7851599121e+02 8.7863397217e+02 8.7878497314e+02 8.7897998047e+02 8.7910302734e+02 8.7925701904e+02 8.7944897461e+02 8.7968103027e+02 8.7991601563e+02 8.8008197021e+02 8.8020599365e+02 8.8029699707e+02 8.8036199951e+02 8.8044897461e+02 8.8055499268e+02 8.8065600586e+02 8.8078100586e+02 8.8091101074e+02 8.8103698730e+02 8.8116101074e+02 8.8129498291e+02 8.8143701172e+02 8.8159698486e+02 8.8174298096e+02 8.8194897461e+02 8.8213397217e+02 8.8231201172e+02 8.8248498535e+02 8.8265301514e+02 8.8281597900e+02 8.8299700928e+02 8.8317401123e+02 8.8332598877e+02 8.8346697998e+02 8.8363397217e+02 8.8380102539e+02 8.8402502441e+02 8.8414697266e+02 8.8421899414e+02 8.8428002930e+02 8.8436700439e+02
8.7759698486e+02 8.7768402100e+02 8.7779101563e+02 8.7792797852e+02 8.7809802246e+02 8.7824298096e+02 8.7838702393e+02 8.7852899170e+02 8.7865997314e+02 8.7877697754e+02 8.7892401123e+02 8.7909899902e+02 8.7932598877e+02 8.7956097412e+02 8.7973602295e+02 8.7987597656e+02 8.7998199463e+02 8.8006500244e+02 8.8016601563e+02 8.8026702881e+02 8.8036297607e+02 8.8048797607e+02 8.8062597656e+02 8.8076202393e+02 8.8089001465e+02 8.8101000977e+02 8.8113397217e+02 8.8127301025e+02 8.8143798828e+02 8.8164300537e+02 8.8183599854e+02 8.8200201416e+02 8.8217901611e+02 8.8237402344e+02 8.8255401611e+02 8.8273297119e+02 8.8290502930e+02 8.8303900146e+02 8.8316900635e+02 8.8332598877e+02 8.8350000000e+02 8.8365997314e+02 8.8379699707e+02 8.8389801025e+02 8.8399200439e+02 8.8409002686e+02
8.7738000488e+02 8.7742700195e+02 8.7751000977e+02 8.7763500977e+02 8.7779101563e+02 8.7793798828e+02 8.7810198975e+02 8.7823297119e+02 8.7833197021e+02 8.7846502686e+02 8.7861297607e+02 8.7878198242e+02 8.7898901367e+02 8.7921197510e+02 8.7939300537e+02 8.7954602051e+02 8.7965698242e+02 8.7976000977e+02 8.7988098145e+02 8.7998400879e+02 8.8006201172e+02 8.8018200684e+02 8.8033099365e+02 8.8048699951e+02 8.8063000488e+02 8.8074798584e+02 8.8086499023e+02 8.8099700928e+02 8.8116400146e+02 8.8137298584e+02 8.8157397461e+02 8.8174200439e+02 8.8191400146e+02 8.8211700439e+02 8.8229699707e+02 8.8247198486e+02 8.8263098145e+02 8.8276098633e+02 8.8290399170e+02 8.8306298828e+02 8.8322198486e+02 8.8337200928e+02 8.8352600098e+02 8.8365100098e+02 8.8374200439e+02 8.8382598877e+02
8.7720599365e+02 8.7721099854e+02 8.7725000000e+02 8.7733599854e+02 8.7746197510e+02 8.7760302734e+02 8.7777099609e+02 8.7790802002e+02 8.7801800537e+02 8.7816601563e+02 8.7831896973e+02 8.7848699951e+02 8.7867297363e+02 8.7887597656e+02 8.7905902100e+02 8.7922100830e+02 8.7933099365e+02 8.7945697021e+02 8.7960601807e+02 8.7971899414e+02 8.7977502441e+02 8.7988397217e+02 8.8004498291e+02 8.8021099854e+02 8.8036700439e+02 8.8049902344e+02 8.8062200928e+02 8.8075598145e+02 8.8092102051e+02 8.8113500977e+02 8.8135498047e+02 8.8153399658e+02 8.8168499756e+02 8.8186798096e+02 8.8204199219e+02 8.8220898438e+02 8.8235699463e+02 8.8249200439e+02 8.8264697266e+02 8.8280999756e+02 8.8296197510e+02 8.8311700439e+02 8.8328399658e+02 8.8342602539e+02 8.8349798584e+02 8.8356298828e+02
