TESTSERVER/24/1.asc
NCOLS 100
NROWS 100
XLLCORNER 8.6997500000e+03
YLLCORNER 2.8990025000e+05
CELLSIZE 5.0000000000e-01
NODATA_VALUE -9.9990000000e+03
[rows 20 to 39 of 100, columns 46 to 91 of 100]
8.5445202637e+02 8.5458300781e+02 8.5461999512e+02 8.5465502930e+02 8.5473199463e+02 8.5473999023e+02 8.5471997070e+02 8.5478997803e+02 8.5488800049e+02 8.5497698975e+02 8.5499597168e+02 8.5500299072e+02 8.5513500977e+02 8.5533001709e+02 8.5540899658e+02 8.5539801025e+02 8.5548498535e+02 8.5558599854e+02 8.5566601563e+02 8.5569097900e+02 8.5567901611e+02 8.5563098145e+02 8.5558300781e+02 8.5556201172e+02 8.5552502441e+02 8.5561999512e+02 8.5570898438e+02 8.5569702148e+02 8.5569000244e+02 8.5569097900e+02 8.5577600098e+02 8.5594500732e+02 8.5613598633e+02 8.5631298828e+02 8.5640698242e+02 8.5638500977e+02 8.5638000488e+02 8.5643597412e+02 8.5645697021e+02 8.5648400879e+02 8.5654199219e+02 8.5657800293e+02 8.5661798096e+02 8.5666601563e+02 8.5669201660e+02 8.5669097900e+02
8.5422802734e+02 8.5431500244e+02 8.5433398438e+02 8.5433898926e+02 8.5438201904e+02 8.5443597412e+02 8.5456500244e+02 8.5472399902e+02 8.5481597900e+02 8.5485998535e+02 8.5482702637e+02 8.5478900146e+02 8.5486297607e+02 8.5499200439e+02 8.5504901123e+02 8.5513299561e+02 8.5530798340e+02 8.5542199707e+02 8.5544702148e+02 8.5548297119e+02 8.5545800781e+02 8.5533599854e+02 8.5524298096e+02 8.5519702148e+02 8.5517297363e+02 8.5528399658e+02 8.5546697998e+02 8.5552099609e+02 8.5556500244e+02 8.5557800293e+02 8.5564300537e+02 8.5575097656e+02 8.5587799072e+02 8.5602001953e+02 8.5611798096e+02 8.5612500000e+02 8.5611700439e+02 8.5615100098e+02 8.5616601563e+02 8.5622399902e+02 8.5636102295e+02 8.5644897461e+02 8.5650701904e+02 8.5655902100e+02 8.5654699707e+02 8.5650201416e+02
8.5394500732e+02 8.5404400635e+02 8.5406799316e+02 8.5406298828e+02 8.5408898926e+02 8.5418103027e+02 8.5439001465e+02 8.5456896973e+02 8.5462597656e+02 8.5461901855e+02 8.5456799316e+02 8.5450000000e+02 8.5450598145e+02 8.5458300781e+02 8.5464898682e+02 8.5479797363e+02 8.5501702881e+02 8.5514001465e+02 8.5514099121e+02 8.5517102051e+02 8.5515600586e+02 8.5504400635e+02 8.5493103027e+02 8.5487500000e+02 8.5490899658e+02 8.5504602051e+02 8.5524499512e+02 8.5536199951e+02 8.5545202637e+02 8.5553802490e+02 8.5557098389e+02 8.5559802246e+02 8.5566400146e+02 8.5574798584e+02 8.5580401611e+02 8.5580999756e+02 8.5582397461e+02 8.5585797119e+02 8.5590698242e+02 8.5600897217e+02 8.5615301514e+02 8.5622900391e+02 8.5628100586e+02 8.5631500244e+02 8.5626599121e+02 8.5627398682e+02
8.5362902832e+02 8.5374298096e+02 8.5380102539e+02 8.5383801270e+02 8.5386297607e+02 8.5393200684e+02 8.5412902832e+02 8.5426702881e+02 8.5427301025e+02 8.5424401855e+02 8.5423901367e+02 8.5419598389e+02 8.5418499756e+02 8.5425000000e+02 8.5434197998e+02 8.5450201416e+02 8.5469799805e+02 8.5480499268e+02 8.5480499268e+02 8.5476800537e+02 8.5471697998e+02 8.5461999512e+02 8.5456701660e+02 8.5458502197e+02 8.5470098877e+02 8.5487097168e+02 8.5506597900e+02 8.5518902588e+02 8.5528698730e+02 8.5540197754e+02 8.5541802979e+02 8.5538897705e+02 8.5542999268e+02 8.5548901367e+02 8.5551702881e+02 8.5551501465e+02 8.5555401611e+02 8.5560198975e+02 8.5567602539e+02 8.5576599121e+02 8.5583599854e+02 8.5589697266e+02 8.5597998047e+02 8.5601397705e+02 8.5594201660e+02 8.5597900391e+02
8.5335498047e+02 8.5346697998e+02 8.5355798340e+02 8.5362701416e+02 8.5368200684e+02 8.5374499512e+02 8.5391302490e+02 8.5394598389e+02 8.5391802979e+02 8.5390502930e+02 8.5393798828e+02 8.5393701172e+02 8.5396600342e+02 8.5405798340e+02 8.5423498535e+02 8.5436199951e+02 8.5447601318e+02 8.5452899170e+02 8.5454498291e+02 8.5447302246e+02 8.5436102295e+02 8.5427099609e+02 8.5428997803e+02 8.5439099121e+02 8.5455902100e+02 8.5472998047e+02 8.5490802002e+02 8.5499902344e+02 8.5506500244e+02 8.5512597656e+02 8.5504901123e+02 8.5508300781e+02 8.5515197754e+02 8.5523999023e+02 8.5528399658e+02 8.5529199219e+02 8.5528698730e+02 8.5527301025e+02 8.5532501221e+02 8.5541400146e+02 8.5546997070e+02 8.5551702881e+02 8.5554998779e+02 8.5560101318e+02 8.5559600830e+02 8.5565899658e+02
8.5314001465e+02 8.5323602295e+02 8.5332098389e+02 8.5337097168e+02 8.5347698975e+02 8.5360699463e+02 8.5373199463e+02 8.5369598389e+02 8.5364697266e+02 8.5363800049e+02 8.5367199707e+02 8.5369598389e+02 8.5374798584e+02 8.5384698486e+02 8.5401599121e+02 8.5418298340e+02 8.5427801514e+02 8.5431201172e+02 8.5429901123e+02 8.5428002930e+02 8.5421398926e+02 8.5416699219e+02 8.5419799805e+02 8.5428100586e+02 8.5440301514e+02 8.5452099609e+02 8.5466802979e+02 8.5472399902e+02 8.5471099854e+02 8.5468298340e+02 8.5465802002e+02 8.5472497559e+02 8.5484698486e+02 8.5498101807e+02 8.5505401611e+02 8.5504699707e+02 8.5497900391e+02 8.5490100098e+02 8.5494000244e+02 8.5504699707e+02 8.5512701416e+02 8.5516400146e+02 8.5517602539e+02 8.5522698975e+02 8.5528997803e+02 8.5534399414e+02
8.5294799805e+02 8.5301000977e+02 8.5307897949e+02 8.5313299561e+02 8.5324700928e+02 8.5337200928e+02 8.5344598389e+02 8.5341101074e+02 8.5336700439e+02 8.5336499023e+02 8.5341198730e+02 8.5345599365e+02 8.5351898193e+02 8.5361999512e+02 8.5376397705e+02 8.5391497803e+02 8.5402301025e+02 8.5408001709e+02 8.5408801270e+02 8.5410400391e+02 8.5411401367e+02 8.5411798096e+02 8.5413299561e+02 8.5416101074e+02 8.5419702148e+02 8.5424902344e+02 8.5433001709e+02 8.5433801270e+02 8.5429699707e+02 8.5427398682e+02 8.5429498291e+02 8.5440002441e+02 8.5454199219e+02 8.5467999268e+02 8.5476000977e+02 8.5474798584e+02 8.5468701172e+02 8.5461102295e+02 8.5463500977e+02 8.5471697998e+02 8.5479602051e+02 8.5484802246e+02 8.5489202881e+02 8.5496600342e+02 8.5503100586e+02 8.5504400635e+02
8.5274597168e+02 8.5278198242e+02 8.5283801270e+02 8.5288897705e+02 8.5294299316e+02 8.5300799561e+02 8.5307702637e+02 8.5309301758e+02 8.5309399414e+02 8.5312298584e+02 8.5317102051e+02 8.5321398926e+02 8.5328399658e+02 8.5339202881e+02 8.5352697754e+02 8.5366900635e+02 8.5379602051e+02 8.5388500977e+02 8.5392700195e+02 8.5393103027e+02 8.5397998047e+02 8.5401599121e+02 8.5400799561e+02 8.5399798584e+02 8.5396997070e+02 8.5396600342e+02 8.5401702881e+02 8.5402697754e+02 8.5403002930e+02 8.5403399658e+02 8.5405200195e+02 8.5413098145e+02 8.5424102783e+02 8.5434100342e+02 8.5440502930e+02 8.5440698242e+02 8.5438299561e+02 8.5434899902e+02 8.5434698486e+02 8.5437701416e+02 8.5444598389e+02 8.5454400635e+02 8.5464202881e+02 8.5472900391e+02 8.5478399658e+02 8.5479699707e+02
8.5249700928e+02 8.5256097412e+02 8.5260498047e+02 8.5263800049e+02 8.5266198730e+02 8.5267700195e+02 8.5272198486e+02 8.5276800537e+02 8.5283001709e+02 8.5290899658e+02 8.5296697998e+02 8.5296600342e+02 8.5302899170e+02 8.5314898682e+02 8.5333001709e+02 8.5352197266e+02 8.5365997314e+02 8.5375097656e+02 8.5378302002e+02 8.5367199707e+02 8.5373999023e+02 8.5382702637e+02 8.5380999756e+02 8.5380700684e+02 8.5376898193e+02 8.5376202393e+02 8.5383599854e+02 8.5384197998e+02 8.5383197021e+02 8.5384100342e+02 8.5385101318e+02 8.5387097168e+02 8.5392297363e+02 8.5397198486e+02 8.5400201416e+02 8.5402001953e+02 8.5403399658e+02 8.5403900146e+02 8.5403900146e+02 8.5406597900e+02 8.5413000488e+02 8.5424499512e+02 8.5436999512e+02 8.5446301270e+02 8.5453802490e+02 8.5458502197e+02
8.5215997314e+02 8.5231597900e+02 8.5242401123e+02 8.5241601563e+02 8.5239801025e+02 8.5238598633e+02 8.5241497803e+02 8.5245501709e+02 8.5253900146e+02 8.5262402344e+02 8.5267999268e+02 8.5268597412e+02 8.5271301270e+02 8.5280798340e+02 8.5298498535e+02 8.5327099609e+02 8.5349200439e+02 8.5359197998e+02 8.5359698486e+02 8.5344702148e+02 8.5347198486e+02 8.5360998535e+02 8.5365899658e+02 8.5364099121e+02 8.5357800293e+02 8.5354302979e+02 8.5359497070e+02 8.5362701416e+02 8.5360101318e+02 8.5358001709e+02 8.5355902100e+02 8.5355700684e+02 8.5357202148e+02 8.5358898926e+02 8.5359600830e+02 8.5360998535e+02 8.5364501953e+02 8.5369396973e+02 8.5375701904e+02 8.5381597900e+02 8.5387200928e+02 8.5394396973e+02 8.5403497314e+02 8.5414697266e+02 8.5426898193e+02 8.5431799316e+02
8.5191699219e+02 8.5210601807e+02 8.5224798584e+02 8.5215802002e+02 8.5209197998e+02 8.5208398438e+02 8.5210198975e+02 8.5214599609e+02 8.5222900391e+02 8.5229699707e+02 8.5233801270e+02 8.5234197998e+02 8.5235601807e+02 8.5243499756e+02 8.5257299805e+02 8.5286499023e+02 8.5318701172e+02 8.5335101318e+02 8.5336297607e+02 8.5326898193e+02 8.5323699951e+02 8.5334197998e+02 8.5341302490e+02 8.5340502930e+02 8.5333898926e+02 8.5328198242e+02 8.5329998779e+02 8.5334899902e+02 8.5334802246e+02 8.5332098389e+02 8.5327398682e+02 8.5323297119e+02 8.5321697998e+02 8.5322698975e+02 8.5323400879e+02 8.5325299072e+02 8.5329400635e+02 8.5336999512e+02 8.5347900391e+02 8.5358001709e+02 8.5362799072e+02 8.5365698242e+02 8.5370098877e+02 8.5379302979e+02 8.5390899658e+02 8.5396997070e+02
8.5169201660e+02 8.5183197021e+02 8.5193298340e+02 8.5180603027e+02 8.5176000977e+02 8.5178302002e+02 8.5178802490e+02 8.5183801270e+02 8.5190899658e+02 8.5195202637e+02 8.5196997070e+02 8.5197399902e+02 8.5198797607e+02 8.5205297852e+02 8.5216497803e+02 8.5244702148e+02 8.5288299561e+02 8.5315802002e+02 8.5317901611e+02 8.5307702637e+02 8.5297802734e+02 8.5302001953e+02 8.5305200195e+02 8.5309301758e+02 8.5310101318e+02 8.5306097412e+02 8.5305999756e+02 8.5309197998e+02 8.5309497070e+02 8.5307299805e+02 8.5301501465e+02 8.5294097900e+02 8.5290197754e+02 8.5290698242e+02 8.5294299316e+02 8.5297601318e+02 8.5300500488e+02 8.5305200195e+02 8.5315301514e+02 8.5330401611e+02 8.5340399170e+02 8.5344702148e+02 8.5345300293e+02 8.5347998047e+02 8.5355499268e+02 8.5363299561e+02
8.5142700195e+02 8.5147998047e+02 8.5154602051e+02 8.5150097656e+02 8.5146301270e+02 8.5143902588e+02 8.5145300293e+02 8.5154498291e+02 8.5160900879e+02 8.5162402344e+02 8.5158898926e+02 8.5158697510e+02 8.5160900879e+02 8.5166802979e+02 8.5172698975e+02 8.5200201416e+02 8.5258099365e+02 8.5304998779e+02 8.5315899658e+02 8.5282202148e+02 8.5265301514e+02 8.5267797852e+02 8.5271197510e+02 8.5280798340e+02 8.5290502930e+02 8.5289099121e+02 8.5290399170e+02 8.5288098145e+02 8.5282800293e+02 8.5279302979e+02 8.5274902344e+02 8.5266601563e+02 8.5262500000e+02 8.5264202881e+02 8.5270898438e+02 8.5274499512e+02 8.5274401855e+02 8.5273901367e+02 8.5279602051e+02 8.5297998047e+02 8.5316998291e+02 8.5327502441e+02 8.5326397705e+02 8.5325000000e+02 8.5327301025e+02 8.5334301758e+02
8.5105200195e+02 8.5107897949e+02 8.5113397217e+02 8.5114898682e+02 8.5115502930e+02 8.5114300537e+02 8.5116601563e+02 8.5123602295e+02 8.5128997803e+02 8.5129998779e+02 8.5127398682e+02 8.5126098633e+02 8.5126898193e+02 8.5130700684e+02 8.5135302734e+02 8.5153497314e+02 8.5201501465e+02 8.5251599121e+02 8.5273999023e+02 8.5254699707e+02 8.5239599609e+02 8.5238000488e+02 8.5244500732e+02 8.5253002930e+02 8.5260699463e+02 8.5265100098e+02 8.5276300049e+02 8.5269702148e+02 8.5256097412e+02 8.5250097656e+02 8.5245300293e+02 8.5238201904e+02 8.5234997559e+02 8.5237097168e+02 8.5242901611e+02 8.5247198486e+02 8.5247302246e+02 8.5247399902e+02 8.5253002930e+02 8.5268402100e+02 8.5293597412e+02 8.5310797119e+02 8.5307397461e+02 8.5304797363e+02 8.5307800293e+02 8.5312500000e+02
8.5075299072e+02 8.5076000977e+02 8.5078302002e+02 8.5078802490e+02 8.5081500244e+02 8.5082800293e+02 8.5083398438e+02 8.5087902832e+02 8.5092901611e+02 8.5096197510e+02 8.5098699951e+02 8.5101202393e+02 8.5103302002e+02 8.5106701660e+02 8.5111901855e+02 8.5114398193e+02 8.5133300781e+02 8.5165301514e+02 8.5195300293e+02 8.5208197021e+02 8.5213000488e+02 8.5213598633e+02 8.5221197510e+02 8.5223498535e+02 8.5227502441e+02 8.5246301270e+02 8.5267602539e+02 8.5252502441e+02 8.5230902100e+02 8.5220898438e+02 8.5215802002e+02 8.5208502197e+02 8.5204901123e+02 8.5205401611e+02 8.5209100342e+02 8.5212402344e+02 8.5214300537e+02 8.5218902588e+02 8.5226702881e+02 8.5239300537e+02 8.5265002441e+02 8.5282800293e+02 8.5280102539e+02 8.5280798340e+02 8.5290802002e+02 8.5294201660e+02
8.5051898193e+02 8.5053601074e+02 8.5052899170e+02 8.5047601318e+02 8.5047198486e+02 8.5047698975e+02 8.5046301270e+02 8.5049700928e+02 8.5056298828e+02 8.5063702393e+02 8.5071997070e+02 8.5078002930e+02 8.5083197021e+02 8.5088897705e+02 8.5096697998e+02 8.5093902588e+02 8.5094201660e+02 8.5109497070e+02 8.5139099121e+02 8.5165600586e+02 8.5176098633e+02 8.5178900146e+02 8.5188299561e+02 8.5191101074e+02 8.5204699707e+02 8.5242901611e+02 8.5261297607e+02 8.5222198486e+02 8.5187799072e+02 8.5183197021e+02 8.5184899902e+02 8.5178601074e+02 8.5173498535e+02 8.5171801758e+02 8.5172900391e+02 8.5174700928e+02 8.5177600098e+02 8.5184497070e+02 8.5196899414e+02 8.5207397461e+02 8.5222399902e+02 8.5236401367e+02 8.5242700195e+02 8.5251300049e+02 8.5264898682e+02 8.5271502686e+02
8.5013098145e+02 8.5017401123e+02 8.5019702148e+02 8.5017602539e+02 8.5014398193e+02 8.5013000488e+02 8.5007397461e+02 8.5013397217e+02 8.5024298096e+02 8.5037200928e+02 8.5049700928e+02 8.5052600098e+02 8.5059197998e+02 8.5068298340e+02 8.5073699951e+02 8.5076300049e+02 8.5082098389e+02 8.5096002197e+02 8.5119897461e+02 8.5136999512e+02 8.5145898438e+02 8.5150598145e+02 8.5153997803e+02 8.5158599854e+02 8.5183697510e+02 8.5235302734e+02 8.5251397705e+02 8.5183801270e+02 8.5144299316e+02 8.5151098633e+02 8.5158398438e+02 8.5149499512e+02 8.5142498779e+02 8.5138299561e+02 8.5136297607e+02 8.5138000488e+02 8.5140100098e+02 8.5148602295e+02 8.5167102051e+02 8.5183001709e+02 8.5189801025e+02 8.5198101807e+02 8.5208300781e+02 8.5218798828e+02 8.5231298828e+02 8.5240997314e+02
8.4979797363e+02 8.4984899902e+02 8.4993200684e+02 8.4988702393e+02 8.4978198242e+02 8.4977899170e+02 8.4981500244e+02 8.4987200928e+02 8.5001000977e+02 8.5018798828e+02 8.5032501221e+02 8.5032501221e+02 8.5033398438e+02 8.5041198730e+02 8.5049102783e+02 8.5053900146e+02 8.5064099121e+02 8.5078900146e+02 8.5097198486e+02 8.5111999512e+02 8.5121997070e+02 8.5125701904e+02 8.5122399902e+02 8.5118200684e+02 8.5130200195e+02 8.5168200684e+02 8.5185498047e+02 8.5136499023e+02 8.5115301514e+02 8.5127398682e+02 8.5129901123e+02 8.5121197510e+02 8.5113299561e+02 8.5109100342e+02 8.5108197021e+02 8.5107702637e+02 8.5108099365e+02 8.5115698242e+02 8.5136297607e+02 8.5156896973e+02 8.5162597656e+02 8.5166400146e+02 8.5173199463e+02 8.5182897949e+02 8.5193902588e+02 8.5205902100e+02
8.4953802490e+02 8.4963702393e+02 8.4970300293e+02 8.4955401611e+02 8.4943902588e+02 8.4947100830e+02 8.4957800293e+02 8.4962799072e+02 8.4973602295e+02 8.4990600586e+02 8.5005603027e+02 8.5006799316e+02 8.5006298828e+02 8.5012298584e+02 8.5023699951e+02 8.5032897949e+02 8.5044000244e+02 8.5057501221e+02 8.5073199463e+02 8.5086297607e+02 8.5096099854e+02 8.5100000000e+02 8.5095800781e+02 8.5085101318e+02 8.5079998779e+02 8.5086901855e+02 8.5089501953e+02 8.5074102783e+02 8.5078302002e+02 8.5091900635e+02 8.5097399902e+02 8.5091302490e+02 8.5085198975e+02 8.5084301758e+02 8.5084802246e+02 8.5084100342e+02 8.5083599854e+02 8.5087902832e+02 8.5102301025e+02 8.5118402100e+02 8.5122802734e+02 8.5132000732e+02 8.5140002441e+02 8.5147998047e+02 8.5158502197e+02 8.5171197510e+02
8.4916497803e+02 8.4923400879e+02 8.4931097412e+02 8.4919201660e+02 8.4914599609e+02 8.4920397949e+02 8.4933697510e+02 8.4937799072e+02 8.4942498779e+02 8.4954699707e+02 8.4969897461e+02 8.4977001953e+02 8.4979400635e+02 8.4985198975e+02 8.4998297119e+02 8.5010699463e+02 8.5022198486e+02 8.5033898926e+02 8.5046398926e+02 8.5056896973e+02 8.5067901611e+02 8.5075097656e+02 8.5075402832e+02 8.5065899658e+02 8.5053601074e+02 8.5044500732e+02 8.5037500000e+02 8.5039501953e+02 8.5048901367e+02 8.5059197998e+02 8.5065698242e+02 8.5061199951e+02 8.5057702637e+02 8.5059100342e+02 8.5060302734e+02 8.5061602783e+02 8.5064599609e+02 8.5067401123e+02 8.5074102783e+02 8.5085400391e+02 8.5092498779e+02 8.5099798584e+02 8.5109997559e+02 8.5118298340e+02 8.5128399658e+02 8.5141302490e+02
