TESTSERVER/24/1.asc
NCOLS 100
NROWS 100
XLLCORNER 8.6997500000e+03
YLLCORNER 2.8990025000e+05
CELLSIZE 5.0000000000e-01
NODATA_VALUE -9.9990000000e+03
[rows 20 to 39 of 100, columns 0 to 45 of 100]
8.4848999023e+02 8.4861199951e+02 8.4869299316e+02 8.4884197998e+02 8.4901800537e+02 8.4908197021e+02 8.4919299316e+02 8.4936401367e+02 8.4951202393e+02 8.4957299805e+02 8.4979901123e+02 8.5014099121e+02 8.5042401123e+02 8.5054797363e+02 8.5069396973e+02 8.5080902100e+02 8.5088299561e+02 8.5092401123e+02 8.5095697021e+02 8.5103302002e+02 8.5116900635e+02 8.5133502197e+02 8.5148101807e+02 8.5161999512e+02 8.5172198486e+02 8.5185101318e+02 8.5203698730e+02 8.5226501465e+02 8.5253601074e+02 8.5267102051e+02 8.5281097412e+02 8.5297601318e+02 8.5317700195e+02 8.5338897705e+02 8.5356402588e+02 8.5370098877e+02 8.5380102539e+02 8.5384301758e+02 8.5384899902e+02 8.5384100342e+02 8.5386999512e+02 8.5390301514e+02 8.5399102783e+02 8.5415997314e+02 8.5431298828e+02 8.5434899902e+02
8.4829901123e+02 8.4846801758e+02 8.4854998779e+02 8.4867102051e+02 8.4886199951e+02 8.4892102051e+02 8.4899102783e+02 8.4913702393e+02 8.4929901123e+02 8.4935699463e+02 8.4952197266e+02 8.4987097168e+02 8.5016101074e+02 8.5029901123e+02 8.5043701172e+02 8.5053997803e+02 8.5061199951e+02 8.5064697266e+02 8.5069097900e+02 8.5078802490e+02 8.5093200684e+02 8.5108099365e+02 8.5122100830e+02 8.5134802246e+02 8.5145599365e+02 8.5158697510e+02 8.5179498291e+02 8.5205102539e+02 8.5234301758e+02 8.5248199463e+02 8.5257299805e+02 8.5272698975e+02 8.5294000244e+02 8.5313299561e+02 8.5329498291e+02 8.5341802979e+02 8.5350701904e+02 8.5354302979e+02 8.5353497314e+02 8.5352899170e+02 8.5356402588e+02 8.5359497070e+02 8.5369598389e+02 8.5388500977e+02 8.5405297852e+02 8.5413500977e+02
8.4809899902e+02 8.4829602051e+02 8.4841802979e+02 8.4850097656e+02 8.4865399170e+02 8.4876300049e+02 8.4888000488e+02 8.4902301025e+02 8.4914599609e+02 8.4922998047e+02 8.4935699463e+02 8.4963598633e+02 8.4990698242e+02 8.5007598877e+02 8.5022802734e+02 8.5032897949e+02 8.5037902832e+02 8.5040399170e+02 8.5046002197e+02 8.5057299805e+02 8.5072497559e+02 8.5087402344e+02 8.5100402832e+02 8.5111297607e+02 8.5121899414e+02 8.5135797119e+02 8.5156097412e+02 8.5181298828e+02 8.5210998535e+02 8.5225299072e+02 8.5233099365e+02 8.5249102783e+02 8.5272198486e+02 8.5291101074e+02 8.5306097412e+02 8.5316400146e+02 8.5322497559e+02 8.5324798584e+02 8.5324597168e+02 8.5325701904e+02 8.5330700684e+02 8.5332598877e+02 8.5340698242e+02 8.5355700684e+02 8.5369702148e+02 8.5381701660e+02
8.4798999023e+02 8.4820697021e+02 8.4835400391e+02 8.4838500977e+02 8.4844598389e+02 8.4857702637e+02 8.4872802734e+02 8.4887402344e+02 8.4896099854e+02 8.4906896973e+02 8.4918298340e+02 8.4939398193e+02 8.4965197754e+02 8.4984600830e+02 8.5001397705e+02 8.5012200928e+02 8.5016101074e+02 8.5018499756e+02 8.5026098633e+02 8.5039099121e+02 8.5055603027e+02 8.5071697998e+02 8.5083099365e+02 8.5091601563e+02 8.5100097656e+02 8.5113397217e+02 8.5132000732e+02 8.5155401611e+02 8.5182000732e+02 8.5197998047e+02 8.5208502197e+02 8.5226397705e+02 8.5250799561e+02 8.5269897461e+02 8.5283801270e+02 8.5292401123e+02 8.5296002197e+02 8.5297100830e+02 8.5298199463e+02 8.5301702881e+02 8.5308898926e+02 8.5310400391e+02 8.5316998291e+02 8.5328698730e+02 8.5339300537e+02 8.5349798584e+02
8.4791400146e+02 8.4812799072e+02 8.4827099609e+02 8.4830200195e+02 8.4833801270e+02 8.4840899658e+02 8.4850500488e+02 8.4861901855e+02 8.4871502686e+02 8.4880401611e+02 8.4894702148e+02 8.4915100098e+02 8.4938702393e+02 8.4958502197e+02 8.4974902344e+02 8.4987200928e+02 8.4993902588e+02 8.4998901367e+02 8.5008898926e+02 8.5023101807e+02 8.5042102051e+02 8.5058801270e+02 8.5067700195e+02 8.5071997070e+02 8.5078698730e+02 8.5090399170e+02 8.5106896973e+02 8.5127600098e+02 8.5149902344e+02 8.5168597412e+02 8.5183398438e+02 8.5202001953e+02 8.5226000977e+02 8.5243902588e+02 8.5256896973e+02 8.5264599609e+02 8.5265899658e+02 8.5269500732e+02 8.5272100830e+02 8.5278198242e+02 8.5287597656e+02 8.5292401123e+02 8.5300201416e+02 8.5312500000e+02 8.5323101807e+02 8.5327099609e+02
8.4783197021e+02 8.4803198242e+02 8.4819201660e+02 8.4828802490e+02 8.4826202393e+02 8.4828900146e+02 8.4833801270e+02 8.4841601563e+02 8.4849597168e+02 8.4858300781e+02 8.4875701904e+02 8.4896398926e+02 8.4916400146e+02 8.4933801270e+02 8.4948297119e+02 8.4960601807e+02 8.4971997070e+02 8.4981597900e+02 8.4991601563e+02 8.5003900146e+02 8.5019799805e+02 8.5032501221e+02 8.5038897705e+02 8.5043701172e+02 8.5053100586e+02 8.5067999268e+02 8.5086401367e+02 8.5105700684e+02 8.5128399658e+02 8.5146997070e+02 8.5160900879e+02 8.5177801514e+02 8.5199798584e+02 8.5215802002e+02 8.5225598145e+02 8.5231597900e+02 8.5235198975e+02 8.5240002441e+02 8.5245800781e+02 8.5253100586e+02 8.5263201904e+02 8.5275000000e+02 8.5285797119e+02 8.5298999023e+02 8.5308398438e+02 8.5309899902e+02
8.4781402588e+02 8.4804901123e+02 8.4816497803e+02 8.4824597168e+02 8.4816400146e+02 8.4811901855e+02 8.4809899902e+02 8.4812500000e+02 8.4821398926e+02 8.4836700439e+02 8.4857501221e+02 8.4878900146e+02 8.4895300293e+02 8.4909802246e+02 8.4923901367e+02 8.4936700439e+02 8.4950299072e+02 8.4962701416e+02 8.4973297119e+02 8.4984899902e+02 8.4997302246e+02 8.5003002930e+02 8.5008001709e+02 8.5015197754e+02 8.5026000977e+02 8.5043597412e+02 8.5065197754e+02 8.5085101318e+02 8.5104797363e+02 8.5121197510e+02 8.5137402344e+02 8.5158697510e+02 8.5176501465e+02 8.5187402344e+02 8.5195300293e+02 8.5200201416e+02 8.5205102539e+02 8.5214099121e+02 8.5225097656e+02 8.5235198975e+02 8.5241998291e+02 8.5254302979e+02 8.5266900635e+02 8.5279699707e+02 8.5289599609e+02 8.5292297363e+02
8.4765100098e+02 8.4788598633e+02 8.4799798584e+02 8.4807897949e+02 8.4801000977e+02 8.4791802979e+02 8.4786102295e+02 8.4785699463e+02 8.4792700195e+02 8.4813299561e+02 8.4836999512e+02 8.4858898926e+02 8.4872998047e+02 8.4885400391e+02 8.4899597168e+02 8.4913201904e+02 8.4928302002e+02 8.4942401123e+02 8.4953698730e+02 8.4965002441e+02 8.4976800537e+02 8.4981896973e+02 8.4986700439e+02 8.4994097900e+02 8.5002899170e+02 8.5018798828e+02 8.5040698242e+02 8.5060900879e+02 8.5078100586e+02 8.5091601563e+02 8.5106799316e+02 8.5128698730e+02 8.5147399902e+02 8.5158300781e+02 8.5166601563e+02 8.5171801758e+02 8.5177697754e+02 8.5189599609e+02 8.5204901123e+02 8.5218298340e+02 8.5222497559e+02 8.5230999756e+02 8.5241699219e+02 8.5252398682e+02 8.5263800049e+02 8.5271197510e+02
8.4736401367e+02 8.4756402588e+02 8.4773400879e+02 8.4785699463e+02 8.4780102539e+02 8.4770501709e+02 8.4767602539e+02 8.4767999268e+02 8.4773101807e+02 8.4785797119e+02 8.4807897949e+02 8.4829901123e+02 8.4846099854e+02 8.4860601807e+02 8.4875500488e+02 8.4890399170e+02 8.4906402588e+02 8.4920202637e+02 8.4931896973e+02 8.4943701172e+02 8.4956597900e+02 8.4965301514e+02 8.4972302246e+02 8.4979199219e+02 8.4982897949e+02 8.4994500732e+02 8.5014001465e+02 8.5033599854e+02 8.5053002930e+02 8.5063201904e+02 8.5072698975e+02 8.5086999512e+02 8.5107000732e+02 8.5127197266e+02 8.5138598633e+02 8.5146301270e+02 8.5153302002e+02 8.5165502930e+02 8.5180401611e+02 8.5193103027e+02 8.5198699951e+02 8.5205603027e+02 8.5215802002e+02 8.5226202393e+02 8.5236901855e+02 8.5244097900e+02
8.4717102051e+02 8.4734399414e+02 8.4747100830e+02 8.4752801514e+02 8.4749401855e+02 8.4745300293e+02 8.4747100830e+02 8.4749401855e+02 8.4749499512e+02 8.4758300781e+02 8.4774401855e+02 8.4795202637e+02 8.4816699219e+02 8.4834100342e+02 8.4850500488e+02 8.4866400146e+02 8.4883300781e+02 8.4897998047e+02 8.4909802246e+02 8.4921398926e+02 8.4934002686e+02 8.4944396973e+02 8.4954797363e+02 8.4963800049e+02 8.4969299316e+02 8.4972998047e+02 8.4984899902e+02 8.5003900146e+02 8.5024499512e+02 8.5034698486e+02 8.5047302246e+02 8.5060900879e+02 8.5082000732e+02 8.5100500488e+02 8.5113897705e+02 8.5123901367e+02 8.5131701660e+02 8.5142602539e+02 8.5154302979e+02 8.5164099121e+02 8.5169897461e+02 8.5177197266e+02 8.5190997314e+02 8.5201098633e+02 8.5202697754e+02 8.5206799316e+02
8.4696997070e+02 8.4713598633e+02 8.4721600342e+02 8.4722998047e+02 8.4719799805e+02 8.4717700195e+02 8.4722302246e+02 8.4726898193e+02 8.4725799561e+02 8.4731402588e+02 8.4744299316e+02 8.4763598633e+02 8.4786199951e+02 8.4805700684e+02 8.4823400879e+02 8.4840502930e+02 8.4858697510e+02 8.4875299072e+02 8.4889099121e+02 8.4902001953e+02 8.4915100098e+02 8.4927001953e+02 8.4939599609e+02 8.4950799561e+02 8.4957598877e+02 8.4958398438e+02 8.4966400146e+02 8.4983001709e+02 8.5000701904e+02 8.5009497070e+02 8.5024298096e+02 8.5039599609e+02 8.5057897949e+02 8.5073901367e+02 8.5088598633e+02 8.5100402832e+02 8.5109497070e+02 8.5119598389e+02 8.5129498291e+02 8.5137902832e+02 8.5144097900e+02 8.5149902344e+02 8.5159399414e+02 8.5167700195e+02 8.5172497559e+02 8.5180297852e+02
8.4674902344e+02 8.4689801025e+02 8.4693701172e+02 8.4692401123e+02 8.4690100098e+02 8.4689398193e+02 8.4697100830e+02 8.4704302979e+02 8.4703900146e+02 8.4706896973e+02 8.4716699219e+02 8.4733697510e+02 8.4755700684e+02 8.4776599121e+02 8.4795501709e+02 8.4813800049e+02 8.4832397461e+02 8.4851202393e+02 8.4868103027e+02 8.4883599854e+02 8.4897802734e+02 8.4910998535e+02 8.4925299072e+02 8.4938702393e+02 8.4947198486e+02 8.4950799561e+02 8.4958801270e+02 8.4967602539e+02 8.4977502441e+02 8.4986401367e+02 8.4999102783e+02 8.5014300537e+02 8.5030200195e+02 8.5046801758e+02 8.5062500000e+02 8.5075598145e+02 8.5085998535e+02 8.5096099854e+02 8.5104602051e+02 8.5111901855e+02 8.5119396973e+02 8.5126202393e+02 8.5130798340e+02 8.5137799072e+02 8.5148498535e+02 8.5160198975e+02
8.4645697021e+02 8.4660699463e+02 8.4660498047e+02 8.4657598877e+02 8.4657598877e+02 8.4667199707e+02 8.4677502441e+02 8.4684399414e+02 8.4682800293e+02 8.4686297607e+02 8.4693597412e+02 8.4706597900e+02 8.4725799561e+02 8.4748101807e+02 8.4767700195e+02 8.4785198975e+02 8.4801300049e+02 8.4825402832e+02 8.4846099854e+02 8.4864398193e+02 8.4880401611e+02 8.4893402100e+02 8.4908801270e+02 8.4923797607e+02 8.4936499023e+02 8.4941400146e+02 8.4944799805e+02 8.4945599365e+02 8.4949597168e+02 8.4961602783e+02 8.4973297119e+02 8.4986999512e+02 8.5003497314e+02 8.5021301270e+02 8.5038201904e+02 8.5051702881e+02 8.5062402344e+02 8.5071197510e+02 8.5078698730e+02 8.5085198975e+02 8.5090301514e+02 8.5097698975e+02 8.5105401611e+02 8.5114599609e+02 8.5123699951e+02 8.5136199951e+02
8.4609497070e+02 8.4625500488e+02 8.4626702881e+02 8.4625897217e+02 8.4632299805e+02 8.4645397949e+02 8.4657000732e+02 8.4664697266e+02 8.4666101074e+02 8.4671002197e+02 8.4677197266e+02 8.4687500000e+02 8.4704101563e+02 8.4726501465e+02 8.4746502686e+02 8.4762799072e+02 8.4779699707e+02 8.4800897217e+02 8.4821502686e+02 8.4839801025e+02 8.4856402588e+02 8.4872698975e+02 8.4888098145e+02 8.4902099609e+02 8.4916198730e+02 8.4921801758e+02 8.4920697021e+02 8.4922900391e+02 8.4932098389e+02 8.4943597412e+02 8.4957202148e+02 8.4968402100e+02 8.4983099365e+02 8.5003302002e+02 8.5021099854e+02 8.5033099365e+02 8.5040399170e+02 8.5048602295e+02 8.5055798340e+02 8.5061999512e+02 8.5065899658e+02 8.5070800781e+02 8.5081896973e+02 8.5095599365e+02 8.5100097656e+02 8.5101898193e+02
8.4575000000e+02 8.4592602539e+02 8.4598999023e+02 8.4603997803e+02 8.4612701416e+02 8.4625799561e+02 8.4641400146e+02 8.4650500488e+02 8.4650897217e+02 8.4656701660e+02 8.4664599609e+02 8.4675299072e+02 8.4690399170e+02 8.4710797119e+02 8.4729901123e+02 8.4745697021e+02 8.4760601807e+02 8.4778100586e+02 8.4797302246e+02 8.4814697266e+02 8.4830102539e+02 8.4846197510e+02 8.4862500000e+02 8.4876599121e+02 8.4889697266e+02 8.4897497559e+02 8.4897900391e+02 8.4901800537e+02 8.4913299561e+02 8.4930603027e+02 8.4948797607e+02 8.4955700684e+02 8.4965301514e+02 8.4985998535e+02 8.5003302002e+02 8.5013500977e+02 8.5017999268e+02 8.5025201416e+02 8.5031597900e+02 8.5036499023e+02 8.5038598633e+02 8.5040802002e+02 8.5051800537e+02 8.5067498779e+02 8.5074401855e+02 8.5074401855e+02
8.4544799805e+02 8.4564501953e+02 8.4577197266e+02 8.4588598633e+02 8.4599200439e+02 8.4610998535e+02 8.4629498291e+02 8.4639398193e+02 8.4639398193e+02 8.4647497559e+02 8.4656799316e+02 8.4666497803e+02 8.4679699707e+02 8.4696899414e+02 8.4713800049e+02 8.4729602051e+02 8.4744201660e+02 8.4759600830e+02 8.4777600098e+02 8.4793200684e+02 8.4805603027e+02 8.4819097900e+02 8.4835198975e+02 8.4849902344e+02 8.4863098145e+02 8.4874700928e+02 8.4879901123e+02 8.4886798096e+02 8.4895501709e+02 8.4911901855e+02 8.4932000732e+02 8.4938800049e+02 8.4945800781e+02 8.4965399170e+02 8.4981298828e+02 8.4990002441e+02 8.4992999268e+02 8.4998999023e+02 8.5003997803e+02 8.5007202148e+02 8.5007098389e+02 8.5007897949e+02 8.5017700195e+02 8.5032202148e+02 8.5040899658e+02 8.5047998047e+02
8.4518298340e+02 8.4540301514e+02 8.4559399414e+02 8.4576000977e+02 8.4589300537e+02 8.4600598145e+02 8.4619396973e+02 8.4631402588e+02 8.4633801270e+02 8.4639801025e+02 8.4649401855e+02 8.4658502197e+02 8.4669299316e+02 8.4679797363e+02 8.4694201660e+02 8.4711602783e+02 8.4730102539e+02 8.4743402100e+02 8.4758801270e+02 8.4772399902e+02 8.4784399414e+02 8.4795202637e+02 8.4809301758e+02 8.4825201416e+02 8.4842102051e+02 8.4850097656e+02 8.4857299805e+02 8.4869897461e+02 8.4881799316e+02 8.4885699463e+02 8.4901000977e+02 8.4913897705e+02 8.4920898438e+02 8.4936999512e+02 8.4952099609e+02 8.4961602783e+02 8.4964599609e+02 8.4969000244e+02 8.4972900391e+02 8.4974200439e+02 8.4972900391e+02 8.4977001953e+02 8.4985601807e+02 8.4994598389e+02 8.4998297119e+02 8.5004998779e+02
8.4499298096e+02 8.4521099854e+02 8.4542602539e+02 8.4561102295e+02 8.4576202393e+02 8.4587200928e+02 8.4608001709e+02 8.4622802734e+02 8.4620697021e+02 8.4621600342e+02 8.4630102539e+02 8.4641601563e+02 8.4652600098e+02 8.4661297607e+02 8.4675299072e+02 8.4694299316e+02 8.4713299561e+02 8.4723699951e+02 8.4736901855e+02 8.4750897217e+02 8.4762402344e+02 8.4771997070e+02 8.4789398193e+02 8.4807702637e+02 8.4822900391e+02 8.4830102539e+02 8.4833502197e+02 8.4845397949e+02 8.4857702637e+02 8.4863397217e+02 8.4877197266e+02 8.4889398193e+02 8.4895001221e+02 8.4906097412e+02 8.4918103027e+02 8.4927801514e+02 8.4934002686e+02 8.4941302490e+02 8.4942797852e+02 8.4939202881e+02 8.4937902832e+02 8.4943701172e+02 8.4952600098e+02 8.4958599854e+02 8.4963098145e+02 8.4970898438e+02
8.4485400391e+02 8.4506201172e+02 8.4528302002e+02 8.4547698975e+02 8.4564501953e+02 8.4580401611e+02 8.4594799805e+02 8.4603399658e+02 8.4606298828e+02 8.4605999756e+02 8.4612902832e+02 8.4624102783e+02 8.4635198975e+02 8.4642700195e+02 8.4654998779e+02 8.4672900391e+02 8.4692498779e+02 8.4704302979e+02 8.4717498779e+02 8.4731298828e+02 8.4745300293e+02 8.4757501221e+02 8.4769598389e+02 8.4780798340e+02 8.4794000244e+02 8.4808197021e+02 8.4814001465e+02 8.4822100830e+02 8.4832897949e+02 8.4842901611e+02 8.4859301758e+02 8.4873101807e+02 8.4874102783e+02 8.4877697754e+02 8.4885101318e+02 8.4894000244e+02 8.4904199219e+02 8.4915399170e+02 8.4915698242e+02 8.4909899902e+02 8.4908099365e+02 8.4912701416e+02 8.4920800781e+02 8.4926397705e+02 8.4933898926e+02 8.4944702148e+02
8.4475402832e+02 8.4494799805e+02 8.4517102051e+02 8.4536901855e+02 8.4552398682e+02 8.4573999023e+02 8.4586401367e+02 8.4587200928e+02 8.4591302490e+02 8.4591900635e+02 8.4597100830e+02 8.4605798340e+02 8.4615698242e+02 8.4623101807e+02 8.4633599854e+02 8.4649597168e+02 8.4668902588e+02 8.4683099365e+02 8.4696600342e+02 8.4709399414e+02 8.4723297119e+02 8.4736499023e+02 8.4744799805e+02 8.4751702881e+02 8.4763201904e+02 8.4783099365e+02 8.4795098877e+02 8.4803698730e+02 8.4814501953e+02 8.4824798584e+02 8.4842199707e+02 8.4858599854e+02 8.4854699707e+02 8.4851098633e+02 8.4855401611e+02 8.4864099121e+02 8.4875799561e+02 8.4887597656e+02 8.4888500977e+02 8.4884197998e+02 8.4884698486e+02 8.4889001465e+02 8.4894799805e+02 8.4898901367e+02 8.4907501221e+02 8.4915600586e+02
