TESTSERVER/24/1.asc
NCOLS 100
NROWS 100
XLLCORNER 8.6997500000e+03
YLLCORNER 2.8990025000e+05
CELLSIZE 5.0000000000e-01
NODATA_VALUE -9.9990000000e+03
[rows 40 to 59 of 100, columns 0 to 45 of 100]
8.4463397217e+02 8.4486199951e+02 8.4513598633e+02 8.4534802246e+02 8.4545501709e+02 8.4553997803e+02 8.4567700195e+02 8.4571600342e+02 8.4574200439e+02 8.4576599121e+02 8.4581097412e+02 8.4586297607e+02 8.4593499756e+02 8.4602001953e+02 8.4612097168e+02 8.4626300049e+02 8.4643402100e+02 8.4659899902e+02 8.4673699951e+02 8.4684399414e+02 8.4692199707e+02 8.4706201172e+02 8.4717498779e+02 8.4728802490e+02 8.4740997314e+02 8.4755603027e+02 8.4772601318e+02 8.4788201904e+02 8.4802301025e+02 8.4809301758e+02 8.4815399170e+02 8.4825500488e+02 8.4829498291e+02 8.4825598145e+02 8.4829400635e+02 8.4838201904e+02 8.4849200439e+02 8.4856201172e+02 8.4858300781e+02 8.4858099365e+02 8.4861700439e+02 8.4864697266e+02 8.4869097900e+02 8.4872601318e+02 8.4880499268e+02 8.4888397217e+02
8.4451000977e+02 8.4476300049e+02 8.4511602783e+02 8.4536499023e+02 8.4534997559e+02 8.4532598877e+02 8.4547998047e+02 8.4551702881e+02 8.4553997803e+02 8.4556201172e+02 8.4559497070e+02 8.4563397217e+02 8.4569097900e+02 8.4576397705e+02 8.4587097168e+02 8.4601000977e+02 8.4616802979e+02 8.4635400391e+02 8.4651397705e+02 8.4663500977e+02 8.4673199463e+02 8.4681896973e+02 8.4692700195e+02 8.4705700684e+02 8.4718103027e+02 8.4732397461e+02 8.4749200439e+02 8.4767999268e+02 8.4784698486e+02 8.4800000000e+02 8.4797399902e+02 8.4790399170e+02 8.4797802734e+02 8.4801599121e+02 8.4808001709e+02 8.4816101074e+02 8.4823797607e+02 8.4826501465e+02 8.4825701904e+02 8.4824597168e+02 8.4827899170e+02 8.4836901855e+02 8.4843402100e+02 8.4842797852e+02 8.4841802979e+02 8.4844500732e+02
8.4435797119e+02 8.4458300781e+02 8.4489501953e+02 8.4514202881e+02 8.4521099854e+02 8.4520501709e+02 8.4525701904e+02 8.4526397705e+02 8.4531201172e+02 8.4534802246e+02 8.4534497070e+02 8.4538098145e+02 8.4544299316e+02 8.4552502441e+02 8.4563897705e+02 8.4576501465e+02 8.4590197754e+02 8.4609600830e+02 8.4627197266e+02 8.4641198730e+02 8.4651800537e+02 8.4660699463e+02 8.4669897461e+02 8.4679302979e+02 8.4692498779e+02 8.4709600830e+02 8.4725299072e+02 8.4741802979e+02 8.4761102295e+02 8.4783697510e+02 8.4784497070e+02 8.4771197510e+02 8.4773797607e+02 8.4781402588e+02 8.4788098145e+02 8.4793298340e+02 8.4796099854e+02 8.4795599365e+02 8.4795098877e+02 8.4793798828e+02 8.4794702148e+02 8.4805401611e+02 8.4815100098e+02 8.4814501953e+02 8.4807897949e+02 8.4805297852e+02
8.4419201660e+02 8.4434802246e+02 8.4454998779e+02 8.4474902344e+02 8.4491198730e+02 8.4501702881e+02 8.4499200439e+02 8.4498901367e+02 8.4507000732e+02 8.4510302734e+02 8.4507702637e+02 8.4512799072e+02 8.4521997070e+02 8.4534002686e+02 8.4546301270e+02 8.4556597900e+02 8.4566101074e+02 8.4584301758e+02 8.4601898193e+02 8.4616101074e+02 8.4626202393e+02 8.4640502930e+02 8.4650701904e+02 8.4657299805e+02 8.4672601318e+02 8.4691601563e+02 8.4705297852e+02 8.4717199707e+02 8.4739202881e+02 8.4759802246e+02 8.4758801270e+02 8.4748498535e+02 8.4752899170e+02 8.4761602783e+02 8.4767700195e+02 8.4770300293e+02 8.4769097900e+02 8.4768701172e+02 8.4771197510e+02 8.4771600342e+02 8.4770098877e+02 8.4772100830e+02 8.4782098389e+02 8.4786602783e+02 8.4784100342e+02 8.4786297607e+02
8.4403802490e+02 8.4414398193e+02 8.4423498535e+02 8.4434997559e+02 8.4451000977e+02 8.4470001221e+02 8.4470697021e+02 8.4471197510e+02 8.4484100342e+02 8.4488598633e+02 8.4484497070e+02 8.4489202881e+02 8.4503198242e+02 8.4521002197e+02 8.4532202148e+02 8.4537298584e+02 8.4542901611e+02 8.4560699463e+02 8.4576599121e+02 8.4589501953e+02 8.4599700928e+02 8.4618701172e+02 8.4633197021e+02 8.4642199707e+02 8.4657800293e+02 8.4673400879e+02 8.4684100342e+02 8.4694299316e+02 8.4702899170e+02 8.4718798828e+02 8.4717498779e+02 8.4718200684e+02 8.4729199219e+02 8.4736999512e+02 8.4743200684e+02 8.4746301270e+02 8.4747399902e+02 8.4747497559e+02 8.4747302246e+02 8.4747399902e+02 8.4749798584e+02 8.4743902588e+02 8.4748699951e+02 8.4758599854e+02 8.4767401123e+02 8.4774499512e+02
8.4387200928e+02 8.4397998047e+02 8.4404400635e+02 8.4411199951e+02 8.4421301270e+02 8.4439898682e+02 8.4447399902e+02 8.4447698975e+02 8.4456799316e+02 8.4464001465e+02 8.4461700439e+02 8.4466699219e+02 8.4482598877e+02 8.4500000000e+02 8.4509497070e+02 8.4513500977e+02 8.4521899414e+02 8.4537402344e+02 8.4552099609e+02 8.4565100098e+02 8.4576202393e+02 8.4589801025e+02 8.4603302002e+02 8.4620001221e+02 8.4643298340e+02 8.4653497314e+02 8.4657501221e+02 8.4669598389e+02 8.4677502441e+02 8.4684100342e+02 8.4690600586e+02 8.4695001221e+02 8.4699902344e+02 8.4705902100e+02 8.4713702393e+02 8.4722198486e+02 8.4730902100e+02 8.4734997559e+02 8.4728601074e+02 8.4719799805e+02 8.4717700195e+02 8.4716497803e+02 8.4719201660e+02 8.4726300049e+02 8.4738800049e+02 8.4754498291e+02
8.4369097900e+02 8.4379797363e+02 8.4385101318e+02 8.4389501953e+02 8.4396197510e+02 8.4411700439e+02 8.4422302246e+02 8.4425299072e+02 8.4430102539e+02 8.4438897705e+02 8.4442602539e+02 8.4449401855e+02 8.4462298584e+02 8.4476501465e+02 8.4487701416e+02 8.4495599365e+02 8.4504901123e+02 8.4516900635e+02 8.4528997803e+02 8.4539801025e+02 8.4551000977e+02 8.4565802002e+02 8.4577001953e+02 8.4594500732e+02 8.4621301270e+02 8.4627600098e+02 8.4628601074e+02 8.4641601563e+02 8.4655798340e+02 8.4662500000e+02 8.4668701172e+02 8.4672302246e+02 8.4674499512e+02 8.4679998779e+02 8.4687500000e+02 8.4697601318e+02 8.4711401367e+02 8.4720501709e+02 8.4713299561e+02 8.4700701904e+02 8.4694799805e+02 8.4696502686e+02 8.4698901367e+02 8.4700097656e+02 8.4706298828e+02 8.4723602295e+02
8.4345599365e+02 8.4356799316e+02 8.4362902832e+02 8.4367602539e+02 8.4374401855e+02 8.4386499023e+02 8.4396899414e+02 8.4404400635e+02 8.4412200928e+02 8.4422302246e+02 8.4427899170e+02 8.4435302734e+02 8.4444097900e+02 8.4456097412e+02 8.4468597412e+02 8.4479101563e+02 8.4488500977e+02 8.4499597168e+02 8.4510400391e+02 8.4519396973e+02 8.4529998779e+02 8.4542999268e+02 8.4554797363e+02 8.4569201660e+02 8.4588598633e+02 8.4598199463e+02 8.4604302979e+02 8.4616198730e+02 8.4629602051e+02 8.4638098145e+02 8.4645501709e+02 8.4650701904e+02 8.4655700684e+02 8.4661700439e+02 8.4667102051e+02 8.4674700928e+02 8.4687200928e+02 8.4695898438e+02 8.4690002441e+02 8.4679199219e+02 8.4673797607e+02 8.4676397705e+02 8.4678198242e+02 8.4676397705e+02 8.4677502441e+02 8.4686401367e+02
8.4317797852e+02 8.4329400635e+02 8.4337597656e+02 8.4344201660e+02 8.4351898193e+02 8.4361602783e+02 8.4374798584e+02 8.4389300537e+02 8.4401898193e+02 8.4407800293e+02 8.4410699463e+02 8.4417102051e+02 8.4427001953e+02 8.4440002441e+02 8.4452001953e+02 8.4461798096e+02 8.4469299316e+02 8.4481402588e+02 8.4494299316e+02 8.4505401611e+02 8.4517401123e+02 8.4527301025e+02 8.4542401123e+02 8.4552197266e+02 8.4560900879e+02 8.4571398926e+02 8.4581201172e+02 8.4593402100e+02 8.4606701660e+02 8.4616601563e+02 8.4627301025e+02 8.4635797119e+02 8.4643103027e+02 8.4648101807e+02 8.4651501465e+02 8.4655603027e+02 8.4661798096e+02 8.4666400146e+02 8.4662298584e+02 8.4656500244e+02 8.4656298828e+02 8.4655902100e+02 8.4654498291e+02 8.4651397705e+02 8.4652398682e+02 8.4657397461e+02
8.4292901611e+02 8.4305200195e+02 8.4314398193e+02 8.4323498535e+02 8.4337500000e+02 8.4352697754e+02 8.4370202637e+02 8.4384497070e+02 8.4391802979e+02 8.4393499756e+02 8.4392602539e+02 8.4397497559e+02 8.4410601807e+02 8.4423999023e+02 8.4434002686e+02 8.4442901611e+02 8.4451898193e+02 8.4463500977e+02 8.4473999023e+02 8.4482501221e+02 8.4494000244e+02 8.4511499023e+02 8.4526599121e+02 8.4534997559e+02 8.4544201660e+02 8.4551898193e+02 8.4561499023e+02 8.4574700928e+02 8.4586401367e+02 8.4595397949e+02 8.4608697510e+02 8.4620898438e+02 8.4630102539e+02 8.4634600830e+02 8.4634600830e+02 8.4636499023e+02 8.4640698242e+02 8.4643103027e+02 8.4638299561e+02 8.4632598877e+02 8.4632299805e+02 8.4636401367e+02 8.4634997559e+02 8.4630200195e+02 8.4627697754e+02 8.4628302002e+02
8.4280297852e+02 8.4291497803e+02 8.4301599121e+02 8.4311999512e+02 8.4331097412e+02 8.4356298828e+02 8.4370501709e+02 8.4375097656e+02 8.4376000977e+02 8.4376098633e+02 8.4375201416e+02 8.4380999756e+02 8.4395599365e+02 8.4407800293e+02 8.4416497803e+02 8.4424902344e+02 8.4435699463e+02 8.4447698975e+02 8.4456298828e+02 8.4466101074e+02 8.4482202148e+02 8.4501599121e+02 8.4509399414e+02 8.4515502930e+02 8.4528997803e+02 8.4538201904e+02 8.4549597168e+02 8.4562097168e+02 8.4568499756e+02 8.4574700928e+02 8.4587701416e+02 8.4601202393e+02 8.4610101318e+02 8.4612597656e+02 8.4613201904e+02 8.4616699219e+02 8.4623400879e+02 8.4625201416e+02 8.4617700195e+02 8.4610900879e+02 8.4611999512e+02 8.4616802979e+02 8.4613800049e+02 8.4611602783e+02 8.4611499023e+02 8.4612799072e+02
8.4271997070e+02 8.4283300781e+02 8.4294097900e+02 8.4303302002e+02 8.4318701172e+02 8.4342498779e+02 8.4352001953e+02 8.4352197266e+02 8.4355700684e+02 8.4358398438e+02 8.4360797119e+02 8.4368597412e+02 8.4382702637e+02 8.4393298340e+02 8.4401300049e+02 8.4409301758e+02 8.4419500732e+02 8.4428802490e+02 8.4437402344e+02 8.4452197266e+02 8.4478601074e+02 8.4501898193e+02 8.4500500488e+02 8.4501098633e+02 8.4517498779e+02 8.4528302002e+02 8.4538299561e+02 8.4547497559e+02 8.4550500488e+02 8.4554699707e+02 8.4565002441e+02 8.4576599121e+02 8.4584698486e+02 8.4587902832e+02 8.4591699219e+02 8.4598999023e+02 8.4608599854e+02 8.4611602783e+02 8.4602801514e+02 8.4594799805e+02 8.4596197510e+02 8.4596600342e+02 8.4595898438e+02 8.4600000000e+02 8.4600000000e+02 8.4603302002e+02
8.4259100342e+02 8.4273400879e+02 8.4286700439e+02 8.4295501709e+02 8.4302099609e+02 8.4314501953e+02 8.4325799561e+02 8.4332202148e+02 8.4337500000e+02 8.4343499756e+02 8.4351501465e+02 8.4360797119e+02 8.4371398926e+02 8.4380902100e+02 8.4389697266e+02 8.4397100830e+02 8.4402899170e+02 8.4407702637e+02 8.4417498779e+02 8.4435601807e+02 8.4464202881e+02 8.4481701660e+02 8.4483801270e+02 8.4490002441e+02 8.4506597900e+02 8.4515399170e+02 8.4521197510e+02 8.4526202393e+02 8.4530200195e+02 8.4536199951e+02 8.4543597412e+02 8.4551501465e+02 8.4560101318e+02 8.4566998291e+02 8.4573400879e+02 8.4581298828e+02 8.4591802979e+02 8.4598400879e+02 8.4591198730e+02 8.4582299805e+02 8.4579699707e+02 8.4576702881e+02 8.4580798340e+02 8.4587701416e+02 8.4589202881e+02 8.4594396973e+02
8.4247100830e+02 8.4260998535e+02 8.4274700928e+02 8.4284802246e+02 8.4287799072e+02 8.4297900391e+02 8.4311401367e+02 8.4320501709e+02 8.4325897217e+02 8.4333197021e+02 8.4340802002e+02 8.4348101807e+02 8.4356701660e+02 8.4368701172e+02 8.4378100586e+02 8.4383099365e+02 8.4384002686e+02 8.4385101318e+02 8.4391601563e+02 8.4405902100e+02 8.4427801514e+02 8.4446801758e+02 8.4459997559e+02 8.4473498535e+02 8.4488201904e+02 8.4495697021e+02 8.4501800537e+02 8.4506500244e+02 8.4510400391e+02 8.4515600586e+02 8.4522100830e+02 8.4529400635e+02 8.4537902832e+02 8.4546600342e+02 8.4552099609e+02 8.4555297852e+02 8.4563299561e+02 8.4574499512e+02 8.4571002197e+02 8.4563598633e+02 8.4561999512e+02 8.4563800049e+02 8.4567901611e+02 8.4573602295e+02 8.4580603027e+02 8.4585101318e+02
8.4231701660e+02 8.4243798828e+02 8.4257098389e+02 8.4267199707e+02 8.4270202637e+02 8.4280102539e+02 8.4294702148e+02 8.4305798340e+02 8.4312402344e+02 8.4319598389e+02 8.4326397705e+02 8.4332299805e+02 8.4339599609e+02 8.4350701904e+02 8.4359899902e+02 8.4365002441e+02 8.4365502930e+02 8.4368701172e+02 8.4374401855e+02 8.4383300781e+02 8.4398101807e+02 8.4419702148e+02 8.4437500000e+02 8.4453002930e+02 8.4465399170e+02 8.4472900391e+02 8.4479498291e+02 8.4484600830e+02 8.4488702393e+02 8.4492901611e+02 8.4498699951e+02 8.4505999756e+02 8.4515197754e+02 8.4525897217e+02 8.4531896973e+02 8.4533398438e+02 8.4536999512e+02 8.4546197510e+02 8.4547198486e+02 8.4545202637e+02 8.4545202637e+02 8.4549298096e+02 8.4553900146e+02 8.4559002686e+02 8.4568798828e+02 8.4570599365e+02
8.4213201904e+02 8.4223297119e+02 8.4238299561e+02 8.4250701904e+02 8.4254998779e+02 8.4262097168e+02 8.4275000000e+02 8.4286499023e+02 8.4295202637e+02 8.4303497314e+02 8.4310601807e+02 8.4315802002e+02 8.4321197510e+02 8.4330603027e+02 8.4340502930e+02 8.4348297119e+02 8.4354602051e+02 8.4365600586e+02 8.4367498779e+02 8.4370098877e+02 8.4377301025e+02 8.4396997070e+02 8.4414501953e+02 8.4428698730e+02 8.4439300537e+02 8.4447497559e+02 8.4454699707e+02 8.4460498047e+02 8.4465002441e+02 8.4468597412e+02 8.4474200439e+02 8.4482098389e+02 8.4492498779e+02 8.4505499268e+02 8.4513702393e+02 8.4516400146e+02 8.4519097900e+02 8.4525299072e+02 8.4528399658e+02 8.4530499268e+02 8.4531201172e+02 8.4532702637e+02 8.4538397217e+02 8.4545800781e+02 8.4554498291e+02 8.4551599121e+02
8.4189398193e+02 8.4201000977e+02 8.4218798828e+02 8.4234899902e+02 8.4242901611e+02 8.4247802734e+02 8.4256597900e+02 8.4266198730e+02 8.4274298096e+02 8.4286297607e+02 8.4293499756e+02 8.4298498535e+02 8.4304199219e+02 8.4312799072e+02 8.4323901367e+02 8.4334197998e+02 8.4346099854e+02 8.4363098145e+02 8.4357897949e+02 8.4359002686e+02 8.4360797119e+02 8.4376202393e+02 8.4393298340e+02 8.4404998779e+02 8.4411901855e+02 8.4421099854e+02 8.4429901123e+02 8.4437902832e+02 8.4444598389e+02 8.4444000244e+02 8.4448297119e+02 8.4456402588e+02 8.4469201660e+02 8.4484399414e+02 8.4495202637e+02 8.4502197266e+02 8.4508001709e+02 8.4512500000e+02 8.4513702393e+02 8.4516101074e+02 8.4519097900e+02 8.4514801025e+02 8.4520599365e+02 8.4530902100e+02 8.4538299561e+02 8.4536297607e+02
8.4168902588e+02 8.4179699707e+02 8.4196197510e+02 8.4211499023e+02 8.4221899414e+02 8.4230297852e+02 8.4242102051e+02 8.4252801514e+02 8.4263000488e+02 8.4270800781e+02 8.4272100830e+02 8.4275201416e+02 8.4283099365e+02 8.4295697021e+02 8.4311999512e+02 8.4324499512e+02 8.4335900879e+02 8.4341900635e+02 8.4345599365e+02 8.4364599609e+02 8.4361499023e+02 8.4363897705e+02 8.4378601074e+02 8.4384698486e+02 8.4386999512e+02 8.4394702148e+02 8.4403802490e+02 8.4412500000e+02 8.4416699219e+02 8.4419097900e+02 8.4424700928e+02 8.4434100342e+02 8.4447399902e+02 8.4463201904e+02 8.4478302002e+02 8.4489001465e+02 8.4492297363e+02 8.4496398926e+02 8.4496197510e+02 8.4497802734e+02 8.4503601074e+02 8.4504302979e+02 8.4506500244e+02 8.4512097168e+02 8.4522998047e+02 8.4526202393e+02
8.4158300781e+02 8.4170001221e+02 8.4182702637e+02 8.4194299316e+02 8.4203601074e+02 8.4214801025e+02 8.4227801514e+02 8.4237902832e+02 8.4246801758e+02 8.4253497314e+02 8.4257202148e+02 8.4260101318e+02 8.4262200928e+02 8.4276501465e+02 8.4299298096e+02 8.4323297119e+02 8.4340997314e+02 8.4333898926e+02 8.4334100342e+02 8.4355297852e+02 8.4354998779e+02 8.4350402832e+02 8.4359899902e+02 8.4362597656e+02 8.4363299561e+02 8.4368798828e+02 8.4376098633e+02 8.4383001709e+02 8.4386901855e+02 8.4392901611e+02 8.4402697754e+02 8.4415899658e+02 8.4429199219e+02 8.4445800781e+02 8.4462500000e+02 8.4472900391e+02 8.4474200439e+02 8.4474401855e+02 8.4478100586e+02 8.4484899902e+02 8.4488500977e+02 8.4492102051e+02 8.4496398926e+02 8.4503302002e+02 8.4515502930e+02 8.4517401123e+02
8.4151599121e+02 8.4163098145e+02 8.4173797607e+02 8.4183197021e+02 8.4191900635e+02 8.4204199219e+02 8.4215197754e+02 8.4223199463e+02 8.4229901123e+02 8.4236602783e+02 8.4244702148e+02 8.4249902344e+02 8.4250402832e+02 8.4270397949e+02 8.4293798828e+02 8.4318902588e+02 8.4338500977e+02 8.4329498291e+02 8.4316302490e+02 8.4322100830e+02 8.4329498291e+02 8.4329400635e+02 8.4334600830e+02 8.4334698486e+02 8.4338098145e+02 8.4342700195e+02 8.4348498535e+02 8.4354302979e+02 8.4357501221e+02 8.4363702393e+02 8.4375897217e+02 8.4394097900e+02 8.4414398193e+02 8.4433099365e+02 8.4446002197e+02 8.4452801514e+02 8.4456298828e+02 8.4455200195e+02 8.4459698486e+02 8.4471398926e+02 8.4472802734e+02 8.4476800537e+02 8.4484399414e+02 8.4494897461e+02 8.4509301758e+02 8.4509497070e+02
