TESTSERVER/24/10.asc
NCOLS 100
NROWS 100
XLLCORNER 8.6997500000e+03
YLLCORNER 2.8945025000e+05
CELLSIZE 5.0000000000e-01
NODATA_VALUE -9.9990000000e+03
[rows 0 to 19 of 100, columns 46 to 91 of 100]
6.9240301514e+02 6.9248297119e+02 6.9255902100e+02 6.9266198730e+02 6.9277899170e+02 6.9291400146e+02 6.9305798340e+02 6.9317401123e+02 6.9329498291e+02 6.9341802979e+02 6.9354302979e+02 6.9370098877e+02 6.9384899902e+02 6.9396899414e+02 6.9408099365e+02 6.9422399902e+02 6.9435400391e+02 6.9444000244e+02 6.9454101563e+02 6.9473199463e+02 6.9488299561e+02 6.9501800537e+02 6.9515197754e+02 6.9527697754e+02 6.9539202881e+02 6.9550799561e+02 6.9565502930e+02 6.9578601074e+02 6.9589697266e+02 6.9605297852e+02 6.9622698975e+02 6.9632702637e+02 6.9644000244e+02 6.9659100342e+02 6.9674200439e+02 6.9683398438e+02 6.9692999268e+02 6.9705902100e+02 6.9718701172e+02 6.9731298828e+02 6.9743902588e+02 6.9758801270e+02 6.9772601318e+02 6.9785302734e+02 6.9799298096e+02 6.9813702393e+02
6.9221899414e+02 6.9229998779e+02 6.9238397217e+02 6.9250097656e+02 6.9263598633e+02 6.9277899170e+02 6.9289697266e+02 6.9300500488e+02 6.9311901855e+02 6.9323498535e+02 6.9335797119e+02 6.9351501465e+02 6.9366699219e+02 6.9378399658e+02 6.9389697266e+02 6.9403100586e+02 6.9417199707e+02 6.9428802490e+02 6.9440301514e+02 6.9455902100e+02 6.9469598389e+02 6.9482501221e+02 6.9495697021e+02 6.9508300781e+02 6.9522497559e+02 6.9534600830e+02 6.9546197510e+02 6.9558697510e+02 6.9570599365e+02 6.9584698486e+02 6.9600000000e+02 6.9610699463e+02 6.9622100830e+02 6.9638000488e+02 6.9655297852e+02 6.9664501953e+02 6.9673297119e+02 6.9686199951e+02 6.9700097656e+02 6.9713201904e+02 6.9725201416e+02 6.9739801025e+02 6.9754302979e+02 6.9767602539e+02 6.9781701660e+02 6.9796502686e+02
6.9202001953e+02 6.9211798096e+02 6.9221801758e+02 6.9233599854e+02 6.9245898438e+02 6.9259399414e+02 6.9272399902e+02 6.9284698486e+02 6.9296600342e+02 6.9308197021e+02 6.9320001221e+02 6.9335302734e+02 6.9349700928e+02 6.9361199951e+02 6.9373199463e+02 6.9385400391e+02 6.9398901367e+02 6.9412298584e+02 6.9424499512e+02 6.9438000488e+02 6.9450598145e+02 6.9463500977e+02 6.9477697754e+02 6.9490399170e+02 6.9505102539e+02 6.9519097900e+02 6.9530102539e+02 6.9540399170e+02 6.9552600098e+02 6.9566900635e+02 6.9580902100e+02 6.9592401123e+02 6.9603997803e+02 6.9617498779e+02 6.9634100342e+02 6.9644598389e+02 6.9654699707e+02 6.9667498779e+02 6.9680798340e+02 6.9692901611e+02 6.9704998779e+02 6.9719299316e+02 6.9734698486e+02 6.9749401855e+02 6.9764001465e+02 6.9779199219e+02
6.9184399414e+02 6.9195501709e+02 6.9207000732e+02 6.9218298340e+02 6.9228302002e+02 6.9240698242e+02 6.9255798340e+02 6.9269500732e+02 6.9282598877e+02 6.9294897461e+02 6.9305401611e+02 6.9315899658e+02 6.9328302002e+02 6.9340399170e+02 6.9354602051e+02 6.9365899658e+02 6.9378698730e+02 6.9393103027e+02 6.9405798340e+02 6.9419097900e+02 6.9431896973e+02 6.9445501709e+02 6.9460400391e+02 6.9472998047e+02 6.9486499023e+02 6.9500701904e+02 6.9514300537e+02 6.9524200439e+02 6.9533697510e+02 6.9546997070e+02 6.9562799072e+02 6.9577301025e+02 6.9589001465e+02 6.9601098633e+02 6.9615399170e+02 6.9626397705e+02 6.9637500000e+02 6.9650598145e+02 6.9663000488e+02 6.9674499512e+02 6.9685900879e+02 6.9700097656e+02 6.9715997314e+02 6.9731597900e+02 6.9746398926e+02 6.9761499023e+02
6.9167999268e+02 6.9179302979e+02 6.9190698242e+02 6.9201202393e+02 6.9212097168e+02 6.9225897217e+02 6.9242602539e+02 6.9254101563e+02 6.9266699219e+02 6.9279699707e+02 6.9291802979e+02 6.9297399902e+02 6.9306799316e+02 6.9318798828e+02 6.9333001709e+02 6.9345001221e+02 6.9359197998e+02 6.9375000000e+02 6.9388500977e+02 6.9401300049e+02 6.9414001465e+02 6.9427697754e+02 6.9440802002e+02 6.9453698730e+02 6.9465899658e+02 6.9478997803e+02 6.9495800781e+02 6.9508898926e+02 6.9519201660e+02 6.9529797363e+02 6.9544097900e+02 6.9559002686e+02 6.9571301270e+02 6.9584399414e+02 6.9597802734e+02 6.9609197998e+02 6.9621002197e+02 6.9633697510e+02 6.9646197510e+02 6.9657501221e+02 6.9668499756e+02 6.9682501221e+02 6.9698602295e+02 6.9714001465e+02 6.9728399658e+02 6.9742498779e+02
6.9146600342e+02 6.9158697510e+02 6.9171301270e+02 6.9184301758e+02 6.9195397949e+02 6.9206799316e+02 6.9221197510e+02 6.9233197021e+02 6.9244299316e+02 6.9256500244e+02 6.9269702148e+02 6.9280102539e+02 6.9291699219e+02 6.9302502441e+02 6.9314898682e+02 6.9327398682e+02 6.9341900635e+02 6.9358801270e+02 6.9377398682e+02 6.9390502930e+02 6.9398797607e+02 6.9408502197e+02 6.9420001221e+02 6.9434497070e+02 6.9446899414e+02 6.9458300781e+02 6.9476098633e+02 6.9492102051e+02 6.9503497314e+02 6.9513201904e+02 6.9526098633e+02 6.9538201904e+02 6.9550299072e+02 6.9564801025e+02 6.9578900146e+02 6.9591400146e+02 6.9603997803e+02 6.9616400146e+02 6.9628802490e+02 6.9640399170e+02 6.9651599121e+02 6.9665698242e+02 6.9681298828e+02 6.9695800781e+02 6.9708502197e+02 6.9721197510e+02
6.9130499268e+02 6.9141802979e+02 6.9152899170e+02 6.9170501709e+02 6.9183001709e+02 6.9191802979e+02 6.9201800537e+02 6.9211700439e+02 6.9222497559e+02 6.9234197998e+02 6.9247497559e+02 6.9260302734e+02 6.9272802734e+02 6.9283898926e+02 6.9297302246e+02 6.9309497070e+02 6.9322998047e+02 6.9339697266e+02 6.9361102295e+02 6.9378698730e+02 6.9386401367e+02 6.9391699219e+02 6.9399798584e+02 6.9415100098e+02 6.9429199219e+02 6.9439202881e+02 6.9455102539e+02 6.9471899414e+02 6.9484997559e+02 6.9496398926e+02 6.9508697510e+02 6.9518597412e+02 6.9529699707e+02 6.9544702148e+02 6.9559698486e+02 6.9573297119e+02 6.9586102295e+02 6.9598199463e+02 6.9609997559e+02 6.9622302246e+02 6.9634997559e+02 6.9649102783e+02 6.9664001465e+02 6.9676702881e+02 6.9687500000e+02 6.9699700928e+02
6.9116601563e+02 6.9128002930e+02 6.9136700439e+02 6.9153601074e+02 6.9166497803e+02 6.9175500488e+02 6.9183898926e+02 6.9192901611e+02 6.9204101563e+02 6.9216601563e+02 6.9228997803e+02 6.9240899658e+02 6.9252899170e+02 6.9264801025e+02 6.9279302979e+02 6.9291302490e+02 6.9304302979e+02 6.9318597412e+02 6.9336700439e+02 6.9358801270e+02 6.9370397949e+02 6.9376098633e+02 6.9382501221e+02 6.9395800781e+02 6.9409802246e+02 6.9421502686e+02 6.9435302734e+02 6.9449798584e+02 6.9464501953e+02 6.9478100586e+02 6.9490802002e+02 6.9501599121e+02 6.9512701416e+02 6.9526702881e+02 6.9541101074e+02 6.9554901123e+02 6.9567602539e+02 6.9579302979e+02 6.9591101074e+02 6.9604101563e+02 6.9617700195e+02 6.9632202148e+02 6.9646502686e+02 6.9658300781e+02 6.9668298340e+02 6.9680401611e+02
6.9098901367e+02 6.9112402344e+02 6.9123602295e+02 6.9134301758e+02 6.9145800781e+02 6.9156500244e+02 6.9165997314e+02 6.9175701904e+02 6.9186999512e+02 6.9199902344e+02 6.9211602783e+02 6.9222698975e+02 6.9234197998e+02 6.9246099854e+02 6.9259698486e+02 6.9272900391e+02 6.9287097168e+02 6.9299401855e+02 6.9309698486e+02 6.9328198242e+02 6.9343701172e+02 6.9354998779e+02 6.9365502930e+02 6.9378002930e+02 6.9389697266e+02 6.9402899170e+02 6.9416998291e+02 6.9428997803e+02 6.9442901611e+02 6.9457702637e+02 6.9471600342e+02 6.9485101318e+02 6.9497302246e+02 6.9509997559e+02 6.9523199463e+02 6.9536199951e+02 6.9548797607e+02 6.9560900879e+02 6.9573797607e+02 6.9586499023e+02 6.9600299072e+02 6.9614697266e+02 6.9628601074e+02 6.9640100098e+02 6.9650598145e+02 6.9663000488e+02
6.9083697510e+02 6.9096301270e+02 6.9108099365e+02 6.9118499756e+02 6.9130499268e+02 6.9140997314e+02 6.9149298096e+02 6.9161199951e+02 6.9172698975e+02 6.9183300781e+02 6.9192700195e+02 6.9205297852e+02 6.9217999268e+02 6.9230798340e+02 6.9246197510e+02 6.9257202148e+02 6.9269702148e+02 6.9281799316e+02 6.9293200684e+02 6.9304602051e+02 6.9315997314e+02 6.9329400635e+02 6.9343798828e+02 6.9357202148e+02 6.9369799805e+02 6.9383599854e+02 6.9397802734e+02 6.9410302734e+02 6.9422497559e+02 6.9436401367e+02 6.9451000977e+02 6.9465502930e+02 6.9478997803e+02 6.9491699219e+02 6.9504699707e+02 6.9517498779e+02 6.9530102539e+02 6.9542700195e+02 6.9555700684e+02 6.9568798828e+02 6.9582299805e+02 6.9596301270e+02 6.9610198975e+02 6.9621899414e+02 6.9633502197e+02 6.9645800781e+02
6.9067901611e+02 6.9079498291e+02 6.9090600586e+02 6.9101599121e+02 6.9113500977e+02 6.9123797607e+02 6.9131597900e+02 6.9143499756e+02 6.9156402588e+02 6.9167199707e+02 6.9176397705e+02 6.9188897705e+02 6.9201397705e+02 6.9215802002e+02 6.9233099365e+02 6.9244500732e+02 6.9255603027e+02 6.9267297363e+02 6.9279602051e+02 6.9289398193e+02 6.9298199463e+02 6.9310498047e+02 6.9324902344e+02 6.9337597656e+02 6.9350799561e+02 6.9364099121e+02 6.9377697754e+02 6.9391101074e+02 6.9404302979e+02 6.9416998291e+02 6.9430401611e+02 6.9443798828e+02 6.9457702637e+02 6.9471600342e+02 6.9485400391e+02 6.9498498535e+02 6.9511602783e+02 6.9524700928e+02 6.9538000488e+02 6.9551098633e+02 6.9564501953e+02 6.9578002930e+02 6.9591601563e+02 6.9604101563e+02 6.9616900635e+02 6.9629199219e+02
6.9053497314e+02 6.9064001465e+02 6.9073199463e+02 6.9084100342e+02 6.9095697021e+02 6.9107299805e+02 6.9118200684e+02 6.9129498291e+02 6.9142199707e+02 6.9154901123e+02 6.9164300537e+02 6.9172698975e+02 6.9182800293e+02 6.9195800781e+02 6.9212200928e+02 6.9225299072e+02 6.9238000488e+02 6.9251000977e+02 6.9263598633e+02 6.9273797607e+02 6.9283697510e+02 6.9295599365e+02 6.9308801270e+02 6.9321801758e+02 6.9334399414e+02 6.9346899414e+02 6.9359899902e+02 6.9373602295e+02 6.9388000488e+02 6.9401098633e+02 6.9412597656e+02 6.9423999023e+02 6.9437200928e+02 6.9451501465e+02 6.9465802002e+02 6.9479302979e+02 6.9492901611e+02 6.9506597900e+02 6.9520001221e+02 6.9532897949e+02 6.9545898438e+02 6.9559600830e+02 6.9573498535e+02 6.9587402344e+02 6.9601898193e+02 6.9615899658e+02
6.9039398193e+02 6.9050500488e+02 6.9059997559e+02 6.9069897461e+02 6.9080102539e+02 6.9092297363e+02 6.9104602051e+02 6.9115002441e+02 6.9125201416e+02 6.9140600586e+02 6.9152801514e+02 6.9159600830e+02 6.9166699219e+02 6.9177301025e+02 6.9190997314e+02 6.9203399658e+02 6.9216802979e+02 6.9230401611e+02 6.9241699219e+02 6.9253900146e+02 6.9266302490e+02 6.9277697754e+02 6.9290502930e+02 6.9305200195e+02 6.9318499756e+02 6.9330999756e+02 6.9343200684e+02 6.9356298828e+02 6.9369897461e+02 6.9383001709e+02 6.9395300293e+02 6.9406402588e+02 6.9418701172e+02 6.9432299805e+02 6.9445898438e+02 6.9459497070e+02 6.9473797607e+02 6.9487799072e+02 6.9501501465e+02 6.9514300537e+02 6.9527197266e+02 6.9540899658e+02 6.9555499268e+02 6.9570397949e+02 6.9586102295e+02 6.9602899170e+02
6.9022399902e+02 6.9034197998e+02 6.9044702148e+02 6.9056799316e+02 6.9067999268e+02 6.9079101563e+02 6.9088201904e+02 6.9098699951e+02 6.9110400391e+02 6.9123400879e+02 6.9133898926e+02 6.9141302490e+02 6.9150500488e+02 6.9161602783e+02 6.9173901367e+02 6.9185998535e+02 6.9199401855e+02 6.9212799072e+02 6.9224700928e+02 6.9238500977e+02 6.9249902344e+02 6.9260400391e+02 6.9273498535e+02 6.9287799072e+02 6.9300897217e+02 6.9311901855e+02 6.9322399902e+02 6.9335198975e+02 6.9348602295e+02 6.9362597656e+02 6.9377099609e+02 6.9389300537e+02 6.9401300049e+02 6.9413598633e+02 6.9425598145e+02 6.9438800049e+02 6.9453302002e+02 6.9467901611e+02 6.9482000732e+02 6.9495202637e+02 6.9507800293e+02 6.9521398926e+02 6.9536102295e+02 6.9551397705e+02 6.9567401123e+02 6.9586700439e+02
6.9005798340e+02 6.9018200684e+02 6.9029699707e+02 6.9042498779e+02 6.9055200195e+02 6.9066198730e+02 6.9074902344e+02 6.9084002686e+02 6.9094702148e+02 6.9105603027e+02 6.9116198730e+02 6.9122900391e+02 6.9133898926e+02 6.9144598389e+02 6.9154699707e+02 6.9167999268e+02 6.9182702637e+02 6.9197100830e+02 6.9209301758e+02 6.9224499512e+02 6.9234997559e+02 6.9244299316e+02 6.9255603027e+02 6.9268701172e+02 6.9281896973e+02 6.9293298340e+02 6.9303399658e+02 6.9316198730e+02 6.9329901123e+02 6.9344598389e+02 6.9359698486e+02 6.9371899414e+02 6.9384002686e+02 6.9395501709e+02 6.9405700684e+02 6.9417797852e+02 6.9432397461e+02 6.9447302246e+02 6.9461901855e+02 6.9475402832e+02 6.9488201904e+02 6.9501098633e+02 6.9515502930e+02 6.9530999756e+02 6.9547497559e+02 6.9567199707e+02
6.8988800049e+02 6.9003198242e+02 6.9016400146e+02 6.9028997803e+02 6.9040997314e+02 6.9052001953e+02 6.9062402344e+02 6.9072698975e+02 6.9083197021e+02 6.9092297363e+02 6.9101599121e+02 6.9109399414e+02 6.9121801758e+02 6.9129699707e+02 6.9136199951e+02 6.9150402832e+02 6.9164300537e+02 6.9178100586e+02 6.9192297363e+02 6.9209600830e+02 6.9220898438e+02 6.9228802490e+02 6.9238201904e+02 6.9249798584e+02 6.9262500000e+02 6.9274597168e+02 6.9285998535e+02 6.9298400879e+02 6.9310998535e+02 6.9325299072e+02 6.9340600586e+02 6.9353698730e+02 6.9366302490e+02 6.9378198242e+02 6.9387402344e+02 6.9397998047e+02 6.9412298584e+02 6.9427099609e+02 6.9441699219e+02 6.9455401611e+02 6.9468103027e+02 6.9480902100e+02 6.9494897461e+02 6.9510400391e+02 6.9527301025e+02 6.9546002197e+02
6.8974200439e+02 6.8987799072e+02 6.8999700928e+02 6.9012902832e+02 6.9023699951e+02 6.9034600830e+02 6.9047302246e+02 6.9060998535e+02 6.9073699951e+02 6.9081298828e+02 6.9087799072e+02 6.9098999023e+02 6.9112500000e+02 6.9119000244e+02 6.9121398926e+02 6.9134100342e+02 6.9145599365e+02 6.9157702637e+02 6.9171502686e+02 6.9190002441e+02 6.9204400635e+02 6.9213897705e+02 6.9221697998e+02 6.9233099365e+02 6.9245001221e+02 6.9257000732e+02 6.9269396973e+02 6.9281097412e+02 6.9291699219e+02 6.9304400635e+02 6.9319299316e+02 6.9334997559e+02 6.9349200439e+02 6.9361798096e+02 6.9371502686e+02 6.9380700684e+02 6.9393499756e+02 6.9407800293e+02 6.9421997070e+02 6.9435699463e+02 6.9448602295e+02 6.9461798096e+02 6.9476000977e+02 6.9491900635e+02 6.9508599854e+02 6.9525799561e+02
6.8957000732e+02 6.8969500732e+02 6.8982000732e+02 6.8996197510e+02 6.9008697510e+02 6.9018902588e+02 6.9031799316e+02 6.9053997803e+02 6.9068902588e+02 6.9070800781e+02 6.9073901367e+02 6.9084399414e+02 6.9096899414e+02 6.9106201172e+02 6.9112597656e+02 6.9121600342e+02 6.9129602051e+02 6.9140002441e+02 6.9151397705e+02 6.9164300537e+02 6.9181701660e+02 6.9197302246e+02 6.9205798340e+02 6.9214599609e+02 6.9226300049e+02 6.9239001465e+02 6.9252899170e+02 6.9264898682e+02 6.9275299072e+02 6.9286901855e+02 6.9301098633e+02 6.9316400146e+02 6.9331402588e+02 6.9344500732e+02 6.9354302979e+02 6.9363201904e+02 6.9374700928e+02 6.9389202881e+02 6.9403802490e+02 6.9417199707e+02 6.9430200195e+02 6.9443902588e+02 6.9458697510e+02 6.9474798584e+02 6.9491497803e+02 6.9508099365e+02
6.8940600586e+02 6.8952697754e+02 6.8967199707e+02 6.8980102539e+02 6.8993402100e+02 6.9004699707e+02 6.9016802979e+02 6.9041900635e+02 6.9057501221e+02 6.9058697510e+02 6.9062799072e+02 6.9073901367e+02 6.9084100342e+02 6.9094000244e+02 6.9103399658e+02 6.9109197998e+02 6.9115899658e+02 6.9123999023e+02 6.9132598877e+02 6.9141497803e+02 6.9156097412e+02 6.9173400879e+02 6.9187097168e+02 6.9195898438e+02 6.9207299805e+02 6.9221197510e+02 6.9236401367e+02 6.9249102783e+02 6.9259497070e+02 6.9269799805e+02 6.9282800293e+02 6.9297497559e+02 6.9312298584e+02 6.9326000977e+02 6.9336401367e+02 6.9345501709e+02 6.9356500244e+02 6.9370300293e+02 6.9385498047e+02 6.9399401855e+02 6.9413098145e+02 6.9427301025e+02 6.9442401123e+02 6.9458398438e+02 6.9475000000e+02 6.9491900635e+02
6.8923498535e+02 6.8935797119e+02 6.8952600098e+02 6.8964398193e+02 6.8976702881e+02 6.8988800049e+02 6.9001202393e+02 6.9021099854e+02 6.9035699463e+02 6.9041497803e+02 6.9049401855e+02 6.9060998535e+02 6.9070800781e+02 6.9081896973e+02 6.9091900635e+02 6.9096899414e+02 6.9106896973e+02 6.9115100098e+02 6.9121197510e+02 6.9128997803e+02 6.9139599609e+02 6.9153997803e+02 6.9169299316e+02 6.9178698730e+02 6.9190399170e+02 6.9204602051e+02 6.9220202637e+02 6.9233001709e+02 6.9242797852e+02 6.9252301025e+02 6.9264300537e+02 6.9278698730e+02 6.9293499756e+02 6.9306896973e+02 6.9318499756e+02 6.9328802490e+02 6.9339501953e+02 6.9352398682e+02 6.9367102051e+02 6.9381500244e+02 6.9395800781e+02 6.9410198975e+02 6.9425500488e+02 6.9441601563e+02 6.9457800293e+02 6.9474499512e+02
