TESTSERVER/24/10.asc
NCOLS 100
NROWS 100
XLLCORNER 8.6997500000e+03
YLLCORNER 2.8945025000e+05
CELLSIZE 5.0000000000e-01
NODATA_VALUE -9.9990000000e+03
[rows 80 to 99 of 100, columns 0 to 45 of 100]
6.7648400879e+02 6.7655297852e+02 6.7660498047e+02 6.7666601563e+02 6.7675701904e+02 6.7682598877e+02 6.7686700439e+02 6.7694097900e+02 6.7699499512e+02 6.7705401611e+02 6.7712799072e+02 6.7719702148e+02 6.7725799561e+02 6.7732000732e+02 6.7739300537e+02 6.7746301270e+02 6.7753698730e+02 6.7761199951e+02 6.7766998291e+02 6.7773901367e+02 6.7782299805e+02 6.7789697266e+02 6.7796398926e+02 6.7804699707e+02 6.7814202881e+02 6.7823199463e+02 6.7829797363e+02 6.7836499023e+02 6.7842901611e+02 6.7849200439e+02 6.7857000732e+02 6.7864599609e+02 6.7872399902e+02 6.7880902100e+02 6.7887097168e+02 6.7896197510e+02 6.7903497314e+02 6.7910400391e+02 6.7918200684e+02 6.7925201416e+02 6.7932800293e+02 6.7939300537e+02 6.7945599365e+02 6.7953698730e+02 6.7960900879e+02 6.7969097900e+02
6.7637597656e+02 6.7643798828e+02 6.7648901367e+02 6.7655102539e+02 6.7663299561e+02 6.7669201660e+02 6.7672601318e+02 6.7679699707e+02 6.7684997559e+02 6.7690600586e+02 6.7698901367e+02 6.7708099365e+02 6.7714697266e+02 6.7719799805e+02 6.7726599121e+02 6.7733300781e+02 6.7741101074e+02 6.7749798584e+02 6.7755902100e+02 6.7761798096e+02 6.7768298340e+02 6.7775701904e+02 6.7783502197e+02 6.7791198730e+02 6.7800000000e+02 6.7808001709e+02 6.7814599609e+02 6.7822998047e+02 6.7830603027e+02 6.7836901855e+02 6.7843798828e+02 6.7851202393e+02 6.7859899902e+02 6.7869299316e+02 6.7874700928e+02 6.7882501221e+02 6.7889202881e+02 6.7896197510e+02 6.7904498291e+02 6.7910400391e+02 6.7917102051e+02 6.7924597168e+02 6.7931201172e+02 6.7939202881e+02 6.7946697998e+02 6.7953997803e+02
6.7627697754e+02 6.7634497070e+02 6.7639898682e+02 6.7644799805e+02 6.7651501465e+02 6.7656500244e+02 6.7660699463e+02 6.7667297363e+02 6.7672497559e+02 6.7678601074e+02 6.7686499023e+02 6.7694598389e+02 6.7701800537e+02 6.7707897949e+02 6.7714599609e+02 6.7721002197e+02 6.7728399658e+02 6.7736901855e+02 6.7742797852e+02 6.7748498535e+02 6.7755700684e+02 6.7763098145e+02 6.7770202637e+02 6.7776800537e+02 6.7784100342e+02 6.7791900635e+02 6.7800701904e+02 6.7809698486e+02 6.7817700195e+02 6.7825000000e+02 6.7831701660e+02 6.7838800049e+02 6.7847497559e+02 6.7855798340e+02 6.7861700439e+02 6.7869000244e+02 6.7875500488e+02 6.7882702637e+02 6.7890698242e+02 6.7896697998e+02 6.7903002930e+02 6.7910101318e+02 6.7917102051e+02 6.7925299072e+02 6.7933898926e+02 6.7941699219e+02
6.7616998291e+02 6.7624200439e+02 6.7629498291e+02 6.7634399414e+02 6.7640600586e+02 6.7645599365e+02 6.7650201416e+02 6.7657000732e+02 6.7662500000e+02 6.7669500732e+02 6.7677197266e+02 6.7682299805e+02 6.7688702393e+02 6.7695800781e+02 6.7702398682e+02 6.7708801270e+02 6.7715399170e+02 6.7723602295e+02 6.7730200195e+02 6.7736499023e+02 6.7742700195e+02 6.7748699951e+02 6.7756201172e+02 6.7763800049e+02 6.7770397949e+02 6.7777801514e+02 6.7786901855e+02 6.7794702148e+02 6.7802398682e+02 6.7810601807e+02 6.7818298340e+02 6.7825897217e+02 6.7834802246e+02 6.7841802979e+02 6.7847698975e+02 6.7855902100e+02 6.7863000488e+02 6.7869598389e+02 6.7876098633e+02 6.7883599854e+02 6.7890698242e+02 6.7897399902e+02 6.7905401611e+02 6.7913000488e+02 6.7921002197e+02 6.7928997803e+02
6.7603997803e+02 6.7610601807e+02 6.7615802002e+02 6.7620599365e+02 6.7628100586e+02 6.7634997559e+02 6.7641198730e+02 6.7648101807e+02 6.7653100586e+02 6.7659100342e+02 6.7666400146e+02 6.7672198486e+02 6.7678698730e+02 6.7684802246e+02 6.7690197754e+02 6.7696099854e+02 6.7701599121e+02 6.7709002686e+02 6.7715802002e+02 6.7724597168e+02 6.7731402588e+02 6.7736901855e+02 6.7743402100e+02 6.7751202393e+02 6.7758898926e+02 6.7766802979e+02 6.7774102783e+02 6.7780700684e+02 6.7787902832e+02 6.7796801758e+02 6.7805499268e+02 6.7812402344e+02 6.7821002197e+02 6.7827801514e+02 6.7832598877e+02 6.7841101074e+02 6.7849102783e+02 6.7855798340e+02 6.7861401367e+02 6.7869598389e+02 6.7877001953e+02 6.7883502197e+02 6.7891601563e+02 6.7898699951e+02 6.7907098389e+02 6.7915301514e+02
6.7591400146e+02 6.7597399902e+02 6.7602697754e+02 6.7608001709e+02 6.7614599609e+02 6.7621801758e+02 6.7628997803e+02 6.7636199951e+02 6.7641699219e+02 6.7648297119e+02 6.7654901123e+02 6.7661700439e+02 6.7667901611e+02 6.7673602295e+02 6.7680102539e+02 6.7685302734e+02 6.7690197754e+02 6.7697601318e+02 6.7704400635e+02 6.7711602783e+02 6.7717999268e+02 6.7723699951e+02 6.7730401611e+02 6.7738299561e+02 6.7745697021e+02 6.7754498291e+02 6.7762298584e+02 6.7769702148e+02 6.7776202393e+02 6.7784698486e+02 6.7792700195e+02 6.7798400879e+02 6.7806500244e+02 6.7814398193e+02 6.7820202637e+02 6.7827099609e+02 6.7835400391e+02 6.7842700195e+02 6.7848901367e+02 6.7855999756e+02 6.7862402344e+02 6.7868701172e+02 6.7877197266e+02 6.7884197998e+02 6.7892797852e+02 6.7900799561e+02
6.7580200195e+02 6.7585400391e+02 6.7590502930e+02 6.7596099854e+02 6.7602899170e+02 6.7609399414e+02 6.7615399170e+02 6.7622998047e+02 6.7628900146e+02 6.7636700439e+02 6.7643200684e+02 6.7648999023e+02 6.7654998779e+02 6.7660998535e+02 6.7667297363e+02 6.7673400879e+02 6.7679901123e+02 6.7687799072e+02 6.7693597412e+02 6.7700097656e+02 6.7706097412e+02 6.7711401367e+02 6.7717797852e+02 6.7726397705e+02 6.7733398438e+02 6.7741400146e+02 6.7748297119e+02 6.7755902100e+02 6.7763500977e+02 6.7772100830e+02 6.7779498291e+02 6.7785998535e+02 6.7793402100e+02 6.7800500488e+02 6.7806298828e+02 6.7813800049e+02 6.7821600342e+02 6.7829101563e+02 6.7836602783e+02 6.7843798828e+02 6.7849798584e+02 6.7856201172e+02 6.7863397217e+02 6.7871099854e+02 6.7879400635e+02 6.7886901855e+02
6.7567602539e+02 6.7573400879e+02 6.7579400635e+02 6.7585198975e+02 6.7591802979e+02 6.7597601318e+02 6.7604101563e+02 6.7611999512e+02 6.7617297363e+02 6.7624700928e+02 6.7631097412e+02 6.7635998535e+02 6.7642297363e+02 6.7648498535e+02 6.7653900146e+02 6.7660498047e+02 6.7666998291e+02 6.7674298096e+02 6.7680700684e+02 6.7688098145e+02 6.7693597412e+02 6.7699499512e+02 6.7707397461e+02 6.7716101074e+02 6.7722399902e+02 6.7728900146e+02 6.7734899902e+02 6.7742199707e+02 6.7750500488e+02 6.7759100342e+02 6.7765899658e+02 6.7773400879e+02 6.7781097412e+02 6.7787799072e+02 6.7792797852e+02 6.7800701904e+02 6.7807702637e+02 6.7814202881e+02 6.7821899414e+02 6.7829101563e+02 6.7836401367e+02 6.7844598389e+02 6.7850598145e+02 6.7857897949e+02 6.7866101074e+02 6.7873797607e+02
6.7554901123e+02 6.7560900879e+02 6.7566998291e+02 6.7574401855e+02 6.7581201172e+02 6.7586401367e+02 6.7592602539e+02 6.7600201416e+02 6.7606500244e+02 6.7613397217e+02 6.7619000244e+02 6.7624102783e+02 6.7630902100e+02 6.7637200928e+02 6.7642700195e+02 6.7648101807e+02 6.7654998779e+02 6.7662799072e+02 6.7668902588e+02 6.7675897217e+02 6.7681701660e+02 6.7688800049e+02 6.7696002197e+02 6.7703399658e+02 6.7709497070e+02 6.7715100098e+02 6.7722100830e+02 6.7729901123e+02 6.7737298584e+02 6.7745001221e+02 6.7752801514e+02 6.7760302734e+02 6.7767498779e+02 6.7774700928e+02 6.7779199219e+02 6.7787597656e+02 6.7795202637e+02 6.7801501465e+02 6.7809100342e+02 6.7815100098e+02 6.7821697998e+02 6.7829602051e+02 6.7837799072e+02 6.7845202637e+02 6.7852398682e+02 6.7860198975e+02
6.7542401123e+02 6.7549298096e+02 6.7555401611e+02 6.7561499023e+02 6.7568200684e+02 6.7573999023e+02 6.7579797363e+02 6.7587200928e+02 6.7594000244e+02 6.7600799561e+02 6.7605499268e+02 6.7613000488e+02 6.7620800781e+02 6.7625897217e+02 6.7631097412e+02 6.7636297607e+02 6.7643402100e+02 6.7651397705e+02 6.7656201172e+02 6.7663201904e+02 6.7670300293e+02 6.7677801514e+02 6.7684197998e+02 6.7690899658e+02 6.7698101807e+02 6.7703900146e+02 6.7709698486e+02 6.7716900635e+02 6.7725500488e+02 6.7733898926e+02 6.7740002441e+02 6.7746600342e+02 6.7753802490e+02 6.7760900879e+02 6.7764898682e+02 6.7772900391e+02 6.7780999756e+02 6.7787500000e+02 6.7793902588e+02 6.7801397705e+02 6.7809197998e+02 6.7816998291e+02 6.7823297119e+02 6.7830603027e+02 6.7837902832e+02 6.7845697021e+02
6.7529901123e+02 6.7536401367e+02 6.7541802979e+02 6.7548797607e+02 6.7555798340e+02 6.7561602783e+02 6.7566900635e+02 6.7574200439e+02 6.7580200195e+02 6.7586499023e+02 6.7591900635e+02 6.7600097656e+02 6.7608099365e+02 6.7613098145e+02 6.7619201660e+02 6.7625402832e+02 6.7631701660e+02 6.7638800049e+02 6.7643902588e+02 6.7651397705e+02 6.7658300781e+02 6.7664801025e+02 6.7671801758e+02 6.7678601074e+02 6.7685601807e+02 6.7691900635e+02 6.7697497559e+02 6.7704498291e+02 6.7712799072e+02 6.7721099854e+02 6.7726800537e+02 6.7733599854e+02 6.7740399170e+02 6.7747802734e+02 6.7752899170e+02 6.7760601807e+02 6.7768103027e+02 6.7774499512e+02 6.7779998779e+02 6.7787097168e+02 6.7795202637e+02 6.7802697754e+02 6.7808801270e+02 6.7815997314e+02 6.7823602295e+02 6.7831402588e+02
6.7517401123e+02 6.7523797607e+02 6.7529302979e+02 6.7535998535e+02 6.7541802979e+02 6.7547601318e+02 6.7554302979e+02 6.7561700439e+02 6.7567297363e+02 6.7573101807e+02 6.7579101563e+02 6.7586499023e+02 6.7594000244e+02 6.7600000000e+02 6.7606402588e+02 6.7613299561e+02 6.7619500732e+02 6.7626397705e+02 6.7632501221e+02 6.7640197754e+02 6.7647100830e+02 6.7653100586e+02 6.7659100342e+02 6.7665899658e+02 6.7672302246e+02 6.7678900146e+02 6.7685797119e+02 6.7692199707e+02 6.7699102783e+02 6.7707000732e+02 6.7713098145e+02 6.7719897461e+02 6.7727099609e+02 6.7733801270e+02 6.7739001465e+02 6.7747302246e+02 6.7754498291e+02 6.7760998535e+02 6.7768103027e+02 6.7775097656e+02 6.7781799316e+02 6.7787902832e+02 6.7794396973e+02 6.7801000977e+02 6.7808697510e+02 6.7816400146e+02
6.7503698730e+02 6.7510101318e+02 6.7518103027e+02 6.7524200439e+02 6.7528002930e+02 6.7533502197e+02 6.7541802979e+02 6.7548901367e+02 6.7554400635e+02 6.7560400391e+02 6.7566900635e+02 6.7573297119e+02 6.7580700684e+02 6.7588000488e+02 6.7594598389e+02 6.7600097656e+02 6.7606500244e+02 6.7613201904e+02 6.7619799805e+02 6.7627398682e+02 6.7634600830e+02 6.7641699219e+02 6.7647601318e+02 6.7654498291e+02 6.7661102295e+02 6.7666998291e+02 6.7673400879e+02 6.7678601074e+02 6.7684100342e+02 6.7692498779e+02 6.7699200439e+02 6.7705200195e+02 6.7712902832e+02 6.7720300293e+02 6.7726202393e+02 6.7734002686e+02 6.7740301514e+02 6.7746801758e+02 6.7755798340e+02 6.7763500977e+02 6.7770001221e+02 6.7776000977e+02 6.7782702637e+02 6.7787298584e+02 6.7793402100e+02 6.7801000977e+02
6.7490002441e+02 6.7495501709e+02 6.7502801514e+02 6.7509802246e+02 6.7515698242e+02 6.7522198486e+02 6.7529400635e+02 6.7535101318e+02 6.7540399170e+02 6.7547497559e+02 6.7554602051e+02 6.7561499023e+02 6.7568597412e+02 6.7575701904e+02 6.7581896973e+02 6.7586700439e+02 6.7593798828e+02 6.7600500488e+02 6.7605902100e+02 6.7613000488e+02 6.7620001221e+02 6.7627697754e+02 6.7633898926e+02 6.7641101074e+02 6.7648797607e+02 6.7655902100e+02 6.7662298584e+02 6.7666998291e+02 6.7672302246e+02 6.7680102539e+02 6.7686700439e+02 6.7692700195e+02 6.7699499512e+02 6.7706298828e+02 6.7713000488e+02 6.7721502686e+02 6.7728100586e+02 6.7734197998e+02 6.7741802979e+02 6.7749102783e+02 6.7756298828e+02 6.7761999512e+02 6.7768200684e+02 6.7774700928e+02 6.7780902100e+02 6.7788598633e+02
6.7476702881e+02 6.7482000732e+02 6.7489398193e+02 6.7496801758e+02 6.7503198242e+02 6.7509399414e+02 6.7515698242e+02 6.7521502686e+02 6.7527801514e+02 6.7535900879e+02 6.7542297363e+02 6.7548999023e+02 6.7555297852e+02 6.7561401367e+02 6.7567602539e+02 6.7573901367e+02 6.7580798340e+02 6.7587402344e+02 6.7592700195e+02 6.7599102783e+02 6.7606201172e+02 6.7613299561e+02 6.7619598389e+02 6.7627899170e+02 6.7636297607e+02 6.7644097900e+02 6.7651098633e+02 6.7656701660e+02 6.7661901855e+02 6.7668298340e+02 6.7674298096e+02 6.7680499268e+02 6.7686901855e+02 6.7693402100e+02 6.7700097656e+02 6.7708300781e+02 6.7715502930e+02 6.7722802734e+02 6.7729498291e+02 6.7734698486e+02 6.7740802002e+02 6.7746398926e+02 6.7752398682e+02 6.7759600830e+02 6.7766497803e+02 6.7773999023e+02
6.7463897705e+02 6.7469396973e+02 6.7476702881e+02 6.7484197998e+02 6.7490802002e+02 6.7496600342e+02 6.7502502441e+02 6.7508300781e+02 6.7515002441e+02 6.7523297119e+02 6.7529797363e+02 6.7536199951e+02 6.7542199707e+02 6.7548199463e+02 6.7553900146e+02 6.7560498047e+02 6.7566802979e+02 6.7573901367e+02 6.7580102539e+02 6.7586297607e+02 6.7593798828e+02 6.7600402832e+02 6.7606500244e+02 6.7614898682e+02 6.7621899414e+02 6.7628601074e+02 6.7635998535e+02 6.7643103027e+02 6.7649499512e+02 6.7655798340e+02 6.7660900879e+02 6.7666802979e+02 6.7673400879e+02 6.7680499268e+02 6.7686199951e+02 6.7693200684e+02 6.7700799561e+02 6.7708697510e+02 6.7715502930e+02 6.7720202637e+02 6.7726098633e+02 6.7732397461e+02 6.7738299561e+02 6.7745697021e+02 6.7752899170e+02 6.7759301758e+02
6.7450799561e+02 6.7456597900e+02 6.7463299561e+02 6.7470898438e+02 6.7477301025e+02 6.7483502197e+02 6.7489898682e+02 6.7496099854e+02 6.7503002930e+02 6.7509997559e+02 6.7516101074e+02 6.7522802734e+02 6.7528302002e+02 6.7534497070e+02 6.7540399170e+02 6.7545697021e+02 6.7551202393e+02 6.7558898926e+02 6.7567199707e+02 6.7572900391e+02 6.7580499268e+02 6.7587097168e+02 6.7593298340e+02 6.7601397705e+02 6.7608398438e+02 6.7614300537e+02 6.7621502686e+02 6.7627001953e+02 6.7633197021e+02 6.7640197754e+02 6.7646099854e+02 6.7652899170e+02 6.7659301758e+02 6.7666802979e+02 6.7671697998e+02 6.7677899170e+02 6.7685302734e+02 6.7692901611e+02 6.7700598145e+02 6.7706701660e+02 6.7712701416e+02 6.7718597412e+02 6.7724798584e+02 6.7732000732e+02 6.7739501953e+02 6.7746801758e+02
6.7437298584e+02 6.7442901611e+02 6.7449902344e+02 6.7457202148e+02 6.7464300537e+02 6.7472100830e+02 6.7478997803e+02 6.7484100342e+02 6.7489898682e+02 6.7496697998e+02 6.7503002930e+02 6.7509997559e+02 6.7515997314e+02 6.7521197510e+02 6.7526898193e+02 6.7532800293e+02 6.7538598633e+02 6.7545501709e+02 6.7553002930e+02 6.7559497070e+02 6.7566900635e+02 6.7572998047e+02 6.7580102539e+02 6.7587597656e+02 6.7594598389e+02 6.7601599121e+02 6.7609100342e+02 6.7614801025e+02 6.7619799805e+02 6.7625897217e+02 6.7632501221e+02 6.7639202881e+02 6.7645501709e+02 6.7652197266e+02 6.7657202148e+02 6.7663598633e+02 6.7671398926e+02 6.7679400635e+02 6.7685900879e+02 6.7691802979e+02 6.7698400879e+02 6.7704699707e+02 6.7711199951e+02 6.7718200684e+02 6.7725598145e+02 6.7732598877e+02
6.7423797607e+02 6.7430297852e+02 6.7437500000e+02 6.7442901611e+02 6.7450201416e+02 6.7458502197e+02 6.7465399170e+02 6.7470898438e+02 6.7476800537e+02 6.7483697510e+02 6.7490002441e+02 6.7497802734e+02 6.7503497314e+02 6.7507299805e+02 6.7512902832e+02 6.7520098877e+02 6.7526800537e+02 6.7533300781e+02 6.7539599609e+02 6.7546502686e+02 6.7552801514e+02 6.7558599854e+02 6.7566400146e+02 6.7573699951e+02 6.7580798340e+02 6.7588500977e+02 6.7595697021e+02 6.7602197266e+02 6.7607598877e+02 6.7613598633e+02 6.7619299316e+02 6.7625500488e+02 6.7631597900e+02 6.7638201904e+02 6.7644299316e+02 6.7650500488e+02 6.7658001709e+02 6.7665802002e+02 6.7671398926e+02 6.7677099609e+02 6.7683398438e+02 6.7689599609e+02 6.7696002197e+02 6.7703698730e+02 6.7710998535e+02 6.7717498779e+02
6.7409997559e+02 6.7417498779e+02 6.7424798584e+02 6.7430401611e+02 6.7437701416e+02 6.7444799805e+02 6.7451000977e+02 6.7457202148e+02 6.7463800049e+02 6.7470800781e+02 6.7476898193e+02 6.7484399414e+02 6.7489898682e+02 6.7494097900e+02 6.7499700928e+02 6.7506597900e+02 6.7513897705e+02 6.7520697021e+02 6.7527001953e+02 6.7534301758e+02 6.7539697266e+02 6.7545697021e+02 6.7553601074e+02 6.7559600830e+02 6.7566101074e+02 6.7573602295e+02 6.7580499268e+02 6.7587097168e+02 6.7593402100e+02 6.7600000000e+02 6.7605401611e+02 6.7611199951e+02 6.7617401123e+02 6.7624700928e+02 6.7631896973e+02 6.7637200928e+02 6.7643597412e+02 6.7651000977e+02 6.7657202148e+02 6.7663201904e+02 6.7669201660e+02 6.7675598145e+02 6.7681896973e+02 6.7689202881e+02 6.7695501709e+02 6.7702001953e+02
