TESTSERVER/24/11.asc
NCOLS 100
NROWS 100
XLLCORNER 8.6997500000e+03
YLLCORNER 2.8940025000e+05
CELLSIZE 5.0000000000e-01
NODATA_VALUE -9.9990000000e+03
[rows 40 to 59 of 100, columns 0 to 45 of 100]
6.6804302979e+02 6.6810302734e+02 6.6815100098e+02 6.6820599365e+02 6.6827600098e+02 6.6834197998e+02 6.6840399170e+02 6.6844000244e+02 6.6843200684e+02 6.6839001465e+02 6.6834899902e+02 6.6837298584e+02 6.6841998291e+02 6.6848699951e+02 6.6855700684e+02 6.6863500977e+02 6.6872302246e+02 6.6880798340e+02 6.6890301514e+02 6.6897802734e+02 6.6909197998e+02 6.6921697998e+02 6.6933599854e+02 6.6940997314e+02 6.6947998047e+02 6.6954699707e+02 6.6960998535e+02 6.6966998291e+02 6.6972900391e+02 6.6978802490e+02 6.6983898926e+02 6.6989801025e+02 6.6995300293e+02 6.7000000000e+02 6.7004101563e+02 6.7009197998e+02 6.7016302490e+02 6.7022302246e+02 6.7028100586e+02 6.7033300781e+02 6.7037500000e+02 6.7043103027e+02 6.7050097656e+02 6.7054602051e+02 6.7059802246e+02 6.7065301514e+02
6.6793298340e+02 6.6799200439e+02 6.6804101563e+02 6.6809497070e+02 6.6815698242e+02 6.6821197510e+02 6.6825500488e+02 6.6827398682e+02 6.6824902344e+02 6.6820800781e+02 6.6817199707e+02 6.6819299316e+02 6.6824902344e+02 6.6831298828e+02 6.6837701416e+02 6.6845501709e+02 6.6853100586e+02 6.6861199951e+02 6.6870599365e+02 6.6879998779e+02 6.6894097900e+02 6.6908099365e+02 6.6919299316e+02 6.6926202393e+02 6.6932800293e+02 6.6939398193e+02 6.6946197510e+02 6.6952502441e+02 6.6958599854e+02 6.6963598633e+02 6.6968402100e+02 6.6973999023e+02 6.6979699707e+02 6.6984899902e+02 6.6989300537e+02 6.6994598389e+02 6.7001000977e+02 6.7005902100e+02 6.7011401367e+02 6.7017401123e+02 6.7021398926e+02 6.7026300049e+02 6.7033502197e+02 6.7038397217e+02 6.7043701172e+02 6.7048699951e+02
6.6783001709e+02 6.6787597656e+02 6.6792602539e+02 6.6798498535e+02 6.6804302979e+02 6.6809899902e+02 6.6813598633e+02 6.6814099121e+02 6.6809197998e+02 6.6803399658e+02 6.6800000000e+02 6.6802600098e+02 6.6808502197e+02 6.6815197754e+02 6.6821502686e+02 6.6829302979e+02 6.6836199951e+02 6.6843402100e+02 6.6851702881e+02 6.6862701416e+02 6.6878802490e+02 6.6894598389e+02 6.6905401611e+02 6.6911499023e+02 6.6918200684e+02 6.6924798584e+02 6.6931298828e+02 6.6938000488e+02 6.6944097900e+02 6.6948498535e+02 6.6953497314e+02 6.6958599854e+02 6.6964398193e+02 6.6969897461e+02 6.6974700928e+02 6.6980603027e+02 6.6986199951e+02 6.6990301514e+02 6.6995098877e+02 6.7001202393e+02 6.7006701660e+02 6.7011602783e+02 6.7016998291e+02 6.7021600342e+02 6.7027502441e+02 6.7032702637e+02
6.6772900391e+02 6.6777001953e+02 6.6781201172e+02 6.6786798096e+02 6.6791998291e+02 6.6797900391e+02 6.6800897217e+02 6.6799700928e+02 6.6791998291e+02 6.6784301758e+02 6.6782202148e+02 6.6786297607e+02 6.6792102051e+02 6.6798797607e+02 6.6805102539e+02 6.6811602783e+02 6.6818597412e+02 6.6825799561e+02 6.6833599854e+02 6.6845397949e+02 6.6862097168e+02 6.6878399658e+02 6.6890399170e+02 6.6896899414e+02 6.6903497314e+02 6.6910198975e+02 6.6916400146e+02 6.6923101807e+02 6.6929400635e+02 6.6933898926e+02 6.6939599609e+02 6.6945397949e+02 6.6950598145e+02 6.6955798340e+02 6.6960400391e+02 6.6965698242e+02 6.6971301270e+02 6.6976397705e+02 6.6980700684e+02 6.6985302734e+02 6.6991900635e+02 6.6997497559e+02 6.7002001953e+02 6.7006298828e+02 6.7012298584e+02 6.7017297363e+02
6.6761297607e+02 6.6765997314e+02 6.6770697021e+02 6.6775701904e+02 6.6779901123e+02 6.6785699463e+02 6.6789300537e+02 6.6786199951e+02 6.6776800537e+02 6.6767297363e+02 6.6765698242e+02 6.6770697021e+02 6.6776397705e+02 6.6783001709e+02 6.6789001465e+02 6.6793499756e+02 6.6800097656e+02 6.6807098389e+02 6.6816400146e+02 6.6830102539e+02 6.6846002197e+02 6.6861602783e+02 6.6873797607e+02 6.6882702637e+02 6.6889501953e+02 6.6895397949e+02 6.6901702881e+02 6.6908001709e+02 6.6914202881e+02 6.6919299316e+02 6.6924401855e+02 6.6931500244e+02 6.6936102295e+02 6.6940802002e+02 6.6946197510e+02 6.6951000977e+02 6.6956298828e+02 6.6962097168e+02 6.6966101074e+02 6.6971002197e+02 6.6977398682e+02 6.6982800293e+02 6.6988598633e+02 6.6992602539e+02 6.6996801758e+02 6.7001898193e+02
6.6747399902e+02 6.6752398682e+02 6.6757702637e+02 6.6763598633e+02 6.6768499756e+02 6.6773498535e+02 6.6774200439e+02 6.6771301270e+02 6.6759899902e+02 6.6750402832e+02 6.6749499512e+02 6.6754199219e+02 6.6761999512e+02 6.6769299316e+02 6.6773101807e+02 6.6777801514e+02 6.6785797119e+02 6.6792297363e+02 6.6801300049e+02 6.6813800049e+02 6.6831701660e+02 6.6848498535e+02 6.6859997559e+02 6.6868597412e+02 6.6875799561e+02 6.6881701660e+02 6.6888397217e+02 6.6894598389e+02 6.6900097656e+02 6.6905401611e+02 6.6909899902e+02 6.6915197754e+02 6.6920800781e+02 6.6926397705e+02 6.6932098389e+02 6.6936798096e+02 6.6941699219e+02 6.6947302246e+02 6.6952099609e+02 6.6956500244e+02 6.6961901855e+02 6.6966400146e+02 6.6972399902e+02 6.6977301025e+02 6.6980999756e+02 6.6985498047e+02
6.6733599854e+02 6.6738800049e+02 6.6744000244e+02 6.6751098633e+02 6.6757501221e+02 6.6761602783e+02 6.6758801270e+02 6.6753698730e+02 6.6741198730e+02 6.6733001709e+02 6.6732501221e+02 6.6736700439e+02 6.6745397949e+02 6.6752801514e+02 6.6755999756e+02 6.6765197754e+02 6.6772802734e+02 6.6775500488e+02 6.6786401367e+02 6.6798999023e+02 6.6817901611e+02 6.6836798096e+02 6.6849102783e+02 6.6855401611e+02 6.6861199951e+02 6.6867199707e+02 6.6873400879e+02 6.6879699707e+02 6.6885998535e+02 6.6891900635e+02 6.6896002197e+02 6.6901300049e+02 6.6906500244e+02 6.6910797119e+02 6.6916101074e+02 6.6921801758e+02 6.6927502441e+02 6.6933197021e+02 6.6938098145e+02 6.6942700195e+02 6.6947302246e+02 6.6951202393e+02 6.6956896973e+02 6.6961999512e+02 6.6966302490e+02 6.6970599365e+02
6.6713299561e+02 6.6720397949e+02 6.6725299072e+02 6.6733398438e+02 6.6741900635e+02 6.6746600342e+02 6.6741198730e+02 6.6733502197e+02 6.6721197510e+02 6.6714501953e+02 6.6714801025e+02 6.6718798828e+02 6.6725402832e+02 6.6732598877e+02 6.6739801025e+02 6.6750500488e+02 6.6755999756e+02 6.6758001709e+02 6.6776599121e+02 6.6796697998e+02 6.6813000488e+02 6.6827099609e+02 6.6837597656e+02 6.6843499756e+02 6.6848297119e+02 6.6853002930e+02 6.6857800293e+02 6.6863500977e+02 6.6870098877e+02 6.6876300049e+02 6.6881201172e+02 6.6887701416e+02 6.6892602539e+02 6.6896099854e+02 6.6901501465e+02 6.6907598877e+02 6.6913500977e+02 6.6918902588e+02 6.6924200439e+02 6.6929998779e+02 6.6934197998e+02 6.6937402344e+02 6.6942498779e+02 6.6947900391e+02 6.6952697754e+02 6.6957501221e+02
6.6681799316e+02 6.6690899658e+02 6.6699597168e+02 6.6708197021e+02 6.6714398193e+02 6.6720202637e+02 6.6716400146e+02 6.6707397461e+02 6.6698797607e+02 6.6694500732e+02 6.6696997070e+02 6.6702197266e+02 6.6706298828e+02 6.6714202881e+02 6.6724298096e+02 6.6728601074e+02 6.6734997559e+02 6.6746398926e+02 6.6768402100e+02 6.6793103027e+02 6.6808502197e+02 6.6816601563e+02 6.6824200439e+02 6.6831097412e+02 6.6836602783e+02 6.6840698242e+02 6.6845300293e+02 6.6851202393e+02 6.6857202148e+02 6.6862799072e+02 6.6867901611e+02 6.6871899414e+02 6.6877502441e+02 6.6882000732e+02 6.6886700439e+02 6.6892401123e+02 6.6897802734e+02 6.6903601074e+02 6.6908898926e+02 6.6914501953e+02 6.6918298340e+02 6.6922198486e+02 6.6928302002e+02 6.6933502197e+02 6.6938500977e+02 6.6943298340e+02
6.6656097412e+02 6.6664398193e+02 6.6672601318e+02 6.6682397461e+02 6.6685900879e+02 6.6690301514e+02 6.6689001465e+02 6.6682098389e+02 6.6677001953e+02 6.6675598145e+02 6.6678802490e+02 6.6685797119e+02 6.6691601563e+02 6.6699499512e+02 6.6707800293e+02 6.6711901855e+02 6.6721197510e+02 6.6737597656e+02 6.6760198975e+02 6.6784497070e+02 6.6799401855e+02 6.6805200195e+02 6.6812500000e+02 6.6818499756e+02 6.6823498535e+02 6.6828601074e+02 6.6834497070e+02 6.6839202881e+02 6.6844598389e+02 6.6849597168e+02 6.6853802490e+02 6.6857501221e+02 6.6864099121e+02 6.6870001221e+02 6.6873199463e+02 6.6878198242e+02 6.6883300781e+02 6.6888598633e+02 6.6894396973e+02 6.6898901367e+02 6.6903002930e+02 6.6907598877e+02 6.6912097168e+02 6.6918200684e+02 6.6922998047e+02 6.6928002930e+02
6.6622900391e+02 6.6629400635e+02 6.6636999512e+02 6.6650701904e+02 6.6655999756e+02 6.6659899902e+02 6.6662701416e+02 6.6656799316e+02 6.6653698730e+02 6.6655401611e+02 6.6659802246e+02 6.6668902588e+02 6.6676599121e+02 6.6682800293e+02 6.6690301514e+02 6.6697900391e+02 6.6709399414e+02 6.6727301025e+02 6.6752398682e+02 6.6778997803e+02 6.6792199707e+02 6.6797198486e+02 6.6803002930e+02 6.6807501221e+02 6.6812500000e+02 6.6817797852e+02 6.6822698975e+02 6.6826397705e+02 6.6830499268e+02 6.6834399414e+02 6.6839099121e+02 6.6844500732e+02 6.6852099609e+02 6.6858001709e+02 6.6860998535e+02 6.6866601563e+02 6.6871899414e+02 6.6875799561e+02 6.6880798340e+02 6.6884802246e+02 6.6889501953e+02 6.6894897461e+02 6.6898797607e+02 6.6905102539e+02 6.6909399414e+02 6.6913598633e+02
6.6580499268e+02 6.6587902832e+02 6.6597497559e+02 6.6613397217e+02 6.6624200439e+02 6.6629101563e+02 6.6633697510e+02 6.6631298828e+02 6.6631298828e+02 6.6635198975e+02 6.6640399170e+02 6.6651098633e+02 6.6659698486e+02 6.6664898682e+02 6.6672302246e+02 6.6680297852e+02 6.6695098877e+02 6.6717602539e+02 6.6744000244e+02 6.6767401123e+02 6.6779199219e+02 6.6786901855e+02 6.6793701172e+02 6.6796997070e+02 6.6802301025e+02 6.6807397461e+02 6.6811199951e+02 6.6814599609e+02 6.6817797852e+02 6.6821002197e+02 6.6825799561e+02 6.6832598877e+02 6.6839599609e+02 6.6843902588e+02 6.6847100830e+02 6.6852001953e+02 6.6857800293e+02 6.6862500000e+02 6.6867199707e+02 6.6870098877e+02 6.6873999023e+02 6.6880200195e+02 6.6885601807e+02 6.6890502930e+02 6.6894897461e+02 6.6898498535e+02
6.6542700195e+02 6.6554199219e+02 6.6565600586e+02 6.6579699707e+02 6.6594299316e+02 6.6600897217e+02 6.6603002930e+02 6.6604699707e+02 6.6608398438e+02 6.6614801025e+02 6.6622399902e+02 6.6633099365e+02 6.6641497803e+02 6.6648101807e+02 6.6654498291e+02 6.6659100342e+02 6.6676397705e+02 6.6704699707e+02 6.6734002686e+02 6.6748199463e+02 6.6758502197e+02 6.6768103027e+02 6.6775799561e+02 6.6780798340e+02 6.6788098145e+02 6.6794897461e+02 6.6800097656e+02 6.6802697754e+02 6.6804699707e+02 6.6809100342e+02 6.6814001465e+02 6.6818200684e+02 6.6823498535e+02 6.6828601074e+02 6.6832800293e+02 6.6836401367e+02 6.6841998291e+02 6.6847900391e+02 6.6852099609e+02 6.6856402588e+02 6.6861102295e+02 6.6866101074e+02 6.6870800781e+02 6.6873498535e+02 6.6880102539e+02 6.6885302734e+02
6.6511999512e+02 6.6525000000e+02 6.6538500977e+02 6.6552398682e+02 6.6566900635e+02 6.6576599121e+02 6.6579101563e+02 6.6578802490e+02 6.6583197021e+02 6.6591900635e+02 6.6601300049e+02 6.6611499023e+02 6.6619299316e+02 6.6626800537e+02 6.6632299805e+02 6.6637597656e+02 6.6656201172e+02 6.6685797119e+02 6.6716302490e+02 6.6730999756e+02 6.6741400146e+02 6.6751501465e+02 6.6760900879e+02 6.6770098877e+02 6.6782000732e+02 6.6787097168e+02 6.6788397217e+02 6.6792999268e+02 6.6796398926e+02 6.6799700928e+02 6.6803100586e+02 6.6807202148e+02 6.6810198975e+02 6.6814898682e+02 6.6820001221e+02 6.6823199463e+02 6.6827697754e+02 6.6833197021e+02 6.6837500000e+02 6.6841900635e+02 6.6845898438e+02 6.6850201416e+02 6.6855499268e+02 6.6859899902e+02 6.6866497803e+02 6.6872497559e+02
6.6484399414e+02 6.6496899414e+02 6.6512298584e+02 6.6527697754e+02 6.6540802002e+02 6.6549700928e+02 6.6552301025e+02 6.6554699707e+02 6.6561901855e+02 6.6571801758e+02 6.6580798340e+02 6.6587402344e+02 6.6594097900e+02 6.6604199219e+02 6.6612701416e+02 6.6620098877e+02 6.6640698242e+02 6.6668597412e+02 6.6694396973e+02 6.6710302734e+02 6.6721301270e+02 6.6734301758e+02 6.6746197510e+02 6.6755999756e+02 6.6769897461e+02 6.6776800537e+02 6.6777801514e+02 6.6782202148e+02 6.6786102295e+02 6.6789501953e+02 6.6792199707e+02 6.6795898438e+02 6.6798498535e+02 6.6802899170e+02 6.6807598877e+02 6.6810797119e+02 6.6814398193e+02 6.6818597412e+02 6.6823901367e+02 6.6828399658e+02 6.6831097412e+02 6.6834100342e+02 6.6840002441e+02 6.6845898438e+02 6.6851599121e+02 6.6857098389e+02
6.6460998535e+02 6.6473699951e+02 6.6489300537e+02 6.6506500244e+02 6.6517498779e+02 6.6524102783e+02 6.6528002930e+02 6.6533197021e+02 6.6540600586e+02 6.6549597168e+02 6.6557800293e+02 6.6564398193e+02 6.6572100830e+02 6.6583398438e+02 6.6592401123e+02 6.6605401611e+02 6.6630999756e+02 6.6651501465e+02 6.6664001465e+02 6.6681896973e+02 6.6695697021e+02 6.6708502197e+02 6.6720898438e+02 6.6729498291e+02 6.6743798828e+02 6.6756701660e+02 6.6765301514e+02 6.6769000244e+02 6.6772601318e+02 6.6777398682e+02 6.6779699707e+02 6.6783502197e+02 6.6787097168e+02 6.6790899658e+02 6.6795397949e+02 6.6799298096e+02 6.6803198242e+02 6.6807000732e+02 6.6811798096e+02 6.6814898682e+02 6.6816900635e+02 6.6820202637e+02 6.6825897217e+02 6.6831097412e+02 6.6836798096e+02 6.6842102051e+02
6.6439501953e+02 6.6454400635e+02 6.6470697021e+02 6.6485797119e+02 6.6495300293e+02 6.6500897217e+02 6.6508398438e+02 6.6510498047e+02 6.6515502930e+02 6.6523400879e+02 6.6532299805e+02 6.6541400146e+02 6.6551202393e+02 6.6560498047e+02 6.6569598389e+02 6.6587902832e+02 6.6613500977e+02 6.6629498291e+02 6.6635601807e+02 6.6651300049e+02 6.6663897705e+02 6.6673101807e+02 6.6686999512e+02 6.6699200439e+02 6.6715899658e+02 6.6733697510e+02 6.6743798828e+02 6.6749597168e+02 6.6757000732e+02 6.6762902832e+02 6.6762097168e+02 6.6769299316e+02 6.6775000000e+02 6.6777600098e+02 6.6781597900e+02 6.6787902832e+02 6.6791900635e+02 6.6794702148e+02 6.6797601318e+02 6.6801300049e+02 6.6803900146e+02 6.6807800293e+02 6.6812799072e+02 6.6816497803e+02 6.6821697998e+02 6.6827001953e+02
6.6420098877e+02 6.6434002686e+02 6.6450097656e+02 6.6464599609e+02 6.6472802734e+02 6.6476501465e+02 6.6483697510e+02 6.6488397217e+02 6.6495001221e+02 6.6503698730e+02 6.6514801025e+02 6.6523699951e+02 6.6531201172e+02 6.6538000488e+02 6.6548699951e+02 6.6564001465e+02 6.6583801270e+02 6.6598699951e+02 6.6607098389e+02 6.6621502686e+02 6.6632098389e+02 6.6640399170e+02 6.6657299805e+02 6.6667700195e+02 6.6688500977e+02 6.6710900879e+02 6.6718298340e+02 6.6726300049e+02 6.6735400391e+02 6.6741302490e+02 6.6745599365e+02 6.6754199219e+02 6.6760998535e+02 6.6763897705e+02 6.6768798828e+02 6.6775201416e+02 6.6779797363e+02 6.6784497070e+02 6.6786901855e+02 6.6789801025e+02 6.6792700195e+02 6.6795300293e+02 6.6799597168e+02 6.6803698730e+02 6.6808801270e+02 6.6814202881e+02
6.6400201416e+02 6.6414501953e+02 6.6429901123e+02 6.6441601563e+02 6.6448199463e+02 6.6451702881e+02 6.6459497070e+02 6.6465899658e+02 6.6472998047e+02 6.6481298828e+02 6.6494897461e+02 6.6506701660e+02 6.6513000488e+02 6.6517401123e+02 6.6527301025e+02 6.6543103027e+02 6.6560998535e+02 6.6574200439e+02 6.6582000732e+02 6.6595300293e+02 6.6608099365e+02 6.6618200684e+02 6.6631500244e+02 6.6640100098e+02 6.6658599854e+02 6.6677801514e+02 6.6688397217e+02 6.6707598877e+02 6.6716497803e+02 6.6720599365e+02 6.6727697754e+02 6.6737200928e+02 6.6745300293e+02 6.6750201416e+02 6.6757098389e+02 6.6762500000e+02 6.6766302490e+02 6.6772802734e+02 6.6776300049e+02 6.6778497314e+02 6.6781896973e+02 6.6784197998e+02 6.6788299561e+02 6.6792602539e+02 6.6797497559e+02 6.6802398682e+02
6.6377001953e+02 6.6390899658e+02 6.6406097412e+02 6.6417199707e+02 6.6423602295e+02 6.6428399658e+02 6.6437298584e+02 6.6444097900e+02 6.6450201416e+02 6.6456597900e+02 6.6468298340e+02 6.6479101563e+02 6.6487298584e+02 6.6495001221e+02 6.6509002686e+02 6.6526501465e+02 6.6542401123e+02 6.6553900146e+02 6.6560900879e+02 6.6571899414e+02 6.6586199951e+02 6.6599298096e+02 6.6609698486e+02 6.6617102051e+02 6.6630603027e+02 6.6642700195e+02 6.6654699707e+02 6.6676300049e+02 6.6684497070e+02 6.6689697266e+02 6.6701898193e+02 6.6714898682e+02 6.6724401855e+02 6.6731597900e+02 6.6740600586e+02 6.6747601318e+02 6.6751300049e+02 6.6758300781e+02 6.6762799072e+02 6.6766101074e+02 6.6771398926e+02 6.6774499512e+02 6.6778601074e+02 6.6782299805e+02 6.6786999512e+02 6.6791998291e+02
