TESTSERVER/24/11.asc
NCOLS 100
NROWS 100
XLLCORNER 8.6997500000e+03
YLLCORNER 2.8940025000e+05
CELLSIZE 5.0000000000e-01
NODATA_VALUE -9.9990000000e+03
[rows 20 to 39 of 100, columns 0 to 45 of 100]
6.7107299805e+02 6.7113897705e+02 6.7118597412e+02 6.7126300049e+02 6.7132897949e+02 6.7140600586e+02 6.7146899414e+02 6.7153399658e+02 6.7159002686e+02 6.7164801025e+02 6.7171600342e+02 6.7180401611e+02 6.7187701416e+02 6.7194897461e+02 6.7201898193e+02 6.7207897949e+02 6.7212799072e+02 6.7218298340e+02 6.7224798584e+02 6.7231298828e+02 6.7237500000e+02 6.7244500732e+02 6.7252099609e+02 6.7256597900e+02 6.7261901855e+02 6.7265899658e+02 6.7269598389e+02 6.7278302002e+02 6.7285101318e+02 6.7290600586e+02 6.7295898438e+02 6.7302301025e+02 6.7308398438e+02 6.7314898682e+02 6.7321502686e+02 6.7327197266e+02 6.7332800293e+02 6.7338201904e+02 6.7344000244e+02 6.7349499512e+02 6.7353997803e+02 6.7359197998e+02 6.7365002441e+02 6.7370599365e+02 6.7375701904e+02 6.7380798340e+02
6.7090698242e+02 6.7097802734e+02 6.7104699707e+02 6.7111602783e+02 6.7117602539e+02 6.7125097656e+02 6.7131896973e+02 6.7137902832e+02 6.7144201660e+02 6.7150000000e+02 6.7157098389e+02 6.7166101074e+02 6.7172998047e+02 6.7179602051e+02 6.7185797119e+02 6.7191900635e+02 6.7197497559e+02 6.7203302002e+02 6.7210101318e+02 6.7215997314e+02 6.7222198486e+02 6.7227398682e+02 6.7234301758e+02 6.7240899658e+02 6.7247198486e+02 6.7251702881e+02 6.7255297852e+02 6.7263500977e+02 6.7270098877e+02 6.7275402832e+02 6.7282299805e+02 6.7288000488e+02 6.7292797852e+02 6.7298199463e+02 6.7304901123e+02 6.7311798096e+02 6.7317602539e+02 6.7322998047e+02 6.7328100586e+02 6.7333001709e+02 6.7337200928e+02 6.7342498779e+02 6.7348297119e+02 6.7353997803e+02 6.7360400391e+02 6.7365802002e+02
6.7075402832e+02 6.7082397461e+02 6.7090197754e+02 6.7096997070e+02 6.7102801514e+02 6.7110302734e+02 6.7116900635e+02 6.7123199463e+02 6.7129998779e+02 6.7136401367e+02 6.7143298340e+02 6.7150897217e+02 6.7156896973e+02 6.7163098145e+02 6.7169500732e+02 6.7176702881e+02 6.7182397461e+02 6.7188397217e+02 6.7195800781e+02 6.7201098633e+02 6.7207598877e+02 6.7212701416e+02 6.7218701172e+02 6.7225299072e+02 6.7231402588e+02 6.7236901855e+02 6.7241497803e+02 6.7248797607e+02 6.7254699707e+02 6.7259899902e+02 6.7267297363e+02 6.7272601318e+02 6.7277801514e+02 6.7284301758e+02 6.7290600586e+02 6.7295898438e+02 6.7301300049e+02 6.7307800293e+02 6.7313500977e+02 6.7318499756e+02 6.7323297119e+02 6.7327697754e+02 6.7332501221e+02 6.7337902832e+02 6.7344500732e+02 6.7350299072e+02
6.7059802246e+02 6.7065802002e+02 6.7072601318e+02 6.7079602051e+02 6.7086798096e+02 6.7094702148e+02 6.7100402832e+02 6.7107397461e+02 6.7114801025e+02 6.7121899414e+02 6.7128698730e+02 6.7135198975e+02 6.7141400146e+02 6.7147399902e+02 6.7153802490e+02 6.7161901855e+02 6.7166900635e+02 6.7172497559e+02 6.7180401611e+02 6.7185900879e+02 6.7192700195e+02 6.7198297119e+02 6.7204199219e+02 6.7209497070e+02 6.7215197754e+02 6.7220898438e+02 6.7226397705e+02 6.7233502197e+02 6.7239001465e+02 6.7244000244e+02 6.7251000977e+02 6.7256402588e+02 6.7261999512e+02 6.7268798828e+02 6.7276300049e+02 6.7281896973e+02 6.7287097168e+02 6.7293701172e+02 6.7298999023e+02 6.7304101563e+02 6.7309497070e+02 6.7313702393e+02 6.7317700195e+02 6.7322198486e+02 6.7328399658e+02 6.7334301758e+02
6.7044799805e+02 6.7049499512e+02 6.7055499268e+02 6.7063000488e+02 6.7070202637e+02 6.7078002930e+02 6.7082897949e+02 6.7090197754e+02 6.7098699951e+02 6.7105999756e+02 6.7111798096e+02 6.7119201660e+02 6.7126098633e+02 6.7132397461e+02 6.7139300537e+02 6.7145501709e+02 6.7150897217e+02 6.7157501221e+02 6.7164697266e+02 6.7170898438e+02 6.7177197266e+02 6.7181500244e+02 6.7186401367e+02 6.7193298340e+02 6.7200299072e+02 6.7206799316e+02 6.7212298584e+02 6.7217901611e+02 6.7223101807e+02 6.7227899170e+02 6.7233398438e+02 6.7239202881e+02 6.7245001221e+02 6.7251300049e+02 6.7258898926e+02 6.7266198730e+02 6.7271899414e+02 6.7277899170e+02 6.7283599854e+02 6.7288897705e+02 6.7293103027e+02 6.7297302246e+02 6.7302801514e+02 6.7307397461e+02 6.7312701416e+02 6.7318597412e+02
6.7027600098e+02 6.7034100342e+02 6.7041101074e+02 6.7047198486e+02 6.7053601074e+02 6.7061700439e+02 6.7066998291e+02 6.7074700928e+02 6.7083398438e+02 6.7090802002e+02 6.7097399902e+02 6.7104797363e+02 6.7110797119e+02 6.7116802979e+02 6.7124298096e+02 6.7130401611e+02 6.7135699463e+02 6.7142401123e+02 6.7148602295e+02 6.7154901123e+02 6.7161199951e+02 6.7165600586e+02 6.7170800781e+02 6.7176300049e+02 6.7183502197e+02 6.7190600586e+02 6.7196398926e+02 6.7202301025e+02 6.7208197021e+02 6.7213397217e+02 6.7217797852e+02 6.7222900391e+02 6.7229101563e+02 6.7236499023e+02 6.7243298340e+02 6.7249700928e+02 6.7255603027e+02 6.7262402344e+02 6.7268298340e+02 6.7273901367e+02 6.7278399658e+02 6.7282800293e+02 6.7288000488e+02 6.7292700195e+02 6.7297998047e+02 6.7303002930e+02
6.7011499023e+02 6.7017999268e+02 6.7024401855e+02 6.7029998779e+02 6.7036798096e+02 6.7044897461e+02 6.7050598145e+02 6.7058300781e+02 6.7066101074e+02 6.7073699951e+02 6.7081402588e+02 6.7089202881e+02 6.7095098877e+02 6.7101098633e+02 6.7108801270e+02 6.7115698242e+02 6.7121301270e+02 6.7127301025e+02 6.7132702637e+02 6.7139001465e+02 6.7144500732e+02 6.7149597168e+02 6.7155999756e+02 6.7161199951e+02 6.7167602539e+02 6.7174298096e+02 6.7180700684e+02 6.7186700439e+02 6.7192199707e+02 6.7198199463e+02 6.7203399658e+02 6.7208697510e+02 6.7214099121e+02 6.7220800781e+02 6.7227001953e+02 6.7233001709e+02 6.7239099121e+02 6.7246398926e+02 6.7251702881e+02 6.7257501221e+02 6.7262597656e+02 6.7267797852e+02 6.7272998047e+02 6.7277099609e+02 6.7282501221e+02 6.7288000488e+02
6.6995800781e+02 6.7002398682e+02 6.7008300781e+02 6.7014099121e+02 6.7021197510e+02 6.7028399658e+02 6.7033697510e+02 6.7041601563e+02 6.7049102783e+02 6.7056701660e+02 6.7064300537e+02 6.7071899414e+02 6.7078601074e+02 6.7085198975e+02 6.7092401123e+02 6.7100000000e+02 6.7106201172e+02 6.7112200928e+02 6.7117199707e+02 6.7123797607e+02 6.7128802490e+02 6.7133898926e+02 6.7140301514e+02 6.7146997070e+02 6.7153698730e+02 6.7159301758e+02 6.7165100098e+02 6.7171502686e+02 6.7176098633e+02 6.7182000732e+02 6.7188201904e+02 6.7194396973e+02 6.7199401855e+02 6.7205297852e+02 6.7211798096e+02 6.7216601563e+02 6.7222198486e+02 6.7228900146e+02 6.7233697510e+02 6.7240899658e+02 6.7246697998e+02 6.7251898193e+02 6.7257702637e+02 6.7262097168e+02 6.7267498779e+02 6.7273297119e+02
6.6978601074e+02 6.6986401367e+02 6.6993402100e+02 6.6999798584e+02 6.7006500244e+02 6.7012298584e+02 6.7018402100e+02 6.7026000977e+02 6.7033099365e+02 6.7040600586e+02 6.7047802734e+02 6.7055200195e+02 6.7061999512e+02 6.7068798828e+02 6.7074499512e+02 6.7082000732e+02 6.7089099121e+02 6.7095800781e+02 6.7101702881e+02 6.7108599854e+02 6.7115100098e+02 6.7120300293e+02 6.7126300049e+02 6.7133599854e+02 6.7140197754e+02 6.7145202637e+02 6.7150897217e+02 6.7157299805e+02 6.7161700439e+02 6.7166101074e+02 6.7170300293e+02 6.7178002930e+02 6.7183398438e+02 6.7188800049e+02 6.7195599365e+02 6.7200799561e+02 6.7207000732e+02 6.7213201904e+02 6.7217199707e+02 6.7224401855e+02 6.7230798340e+02 6.7237097168e+02 6.7243798828e+02 6.7248297119e+02 6.7253198242e+02 6.7258197021e+02
6.6963000488e+02 6.6970898438e+02 6.6977801514e+02 6.6984002686e+02 6.6990197754e+02 6.6996398926e+02 6.7002502441e+02 6.7009899902e+02 6.7017700195e+02 6.7025598145e+02 6.7031799316e+02 6.7039398193e+02 6.7046099854e+02 6.7053100586e+02 6.7059002686e+02 6.7066802979e+02 6.7073797607e+02 6.7079901123e+02 6.7085699463e+02 6.7091998291e+02 6.7098797607e+02 6.7104302979e+02 6.7109899902e+02 6.7117999268e+02 6.7125701904e+02 6.7130999756e+02 6.7135400391e+02 6.7140997314e+02 6.7146398926e+02 6.7151300049e+02 6.7156298828e+02 6.7162902832e+02 6.7168701172e+02 6.7173901367e+02 6.7179400635e+02 6.7185101318e+02 6.7191601563e+02 6.7197900391e+02 6.7202697754e+02 6.7209197998e+02 6.7215002441e+02 6.7221099854e+02 6.7227197266e+02 6.7232598877e+02 6.7237799072e+02 6.7242901611e+02
6.6947100830e+02 6.6954998779e+02 6.6962597656e+02 6.6969201660e+02 6.6975500488e+02 6.6981097412e+02 6.6986102295e+02 6.6993103027e+02 6.7001501465e+02 6.7010198975e+02 6.7016198730e+02 6.7023498535e+02 6.7030603027e+02 6.7037701416e+02 6.7043499756e+02 6.7050897217e+02 6.7057800293e+02 6.7063299561e+02 6.7069201660e+02 6.7075598145e+02 6.7082800293e+02 6.7089099121e+02 6.7094201660e+02 6.7100799561e+02 6.7109002686e+02 6.7115600586e+02 6.7121301270e+02 6.7126501465e+02 6.7131500244e+02 6.7135797119e+02 6.7141302490e+02 6.7147497559e+02 6.7153399658e+02 6.7158502197e+02 6.7163800049e+02 6.7170001221e+02 6.7176098633e+02 6.7182501221e+02 6.7188000488e+02 6.7194201660e+02 6.7199597168e+02 6.7205200195e+02 6.7211297607e+02 6.7216802979e+02 6.7222100830e+02 6.7227899170e+02
6.6932098389e+02 6.6939202881e+02 6.6947198486e+02 6.6954797363e+02 6.6961199951e+02 6.6966400146e+02 6.6970898438e+02 6.6977899170e+02 6.6985900879e+02 6.6994000244e+02 6.6999597168e+02 6.7006799316e+02 6.7013500977e+02 6.7019799805e+02 6.7026599121e+02 6.7033099365e+02 6.7039898682e+02 6.7046301270e+02 6.7052801514e+02 6.7058801270e+02 6.7066302490e+02 6.7073297119e+02 6.7079699707e+02 6.7084301758e+02 6.7091998291e+02 6.7099597168e+02 6.7106500244e+02 6.7110699463e+02 6.7115899658e+02 6.7121301270e+02 6.7127001953e+02 6.7133001709e+02 6.7138897705e+02 6.7144201660e+02 6.7149700928e+02 6.7155700684e+02 6.7161999512e+02 6.7168200684e+02 6.7172998047e+02 6.7179302979e+02 6.7184997559e+02 6.7190301514e+02 6.7196502686e+02 6.7201702881e+02 6.7206896973e+02 6.7212902832e+02
6.6916497803e+02 6.6923602295e+02 6.6931201172e+02 6.6937902832e+02 6.6944598389e+02 6.6950598145e+02 6.6955499268e+02 6.6964099121e+02 6.6971801758e+02 6.6978302002e+02 6.6984497070e+02 6.6991400146e+02 6.6996899414e+02 6.7002801514e+02 6.7010601807e+02 6.7017498779e+02 6.7024200439e+02 6.7030200195e+02 6.7036199951e+02 6.7042498779e+02 6.7049401855e+02 6.7055200195e+02 6.7062298584e+02 6.7067401123e+02 6.7074298096e+02 6.7083197021e+02 6.7091302490e+02 6.7094598389e+02 6.7099597168e+02 6.7106201172e+02 6.7112701416e+02 6.7119000244e+02 6.7124902344e+02 6.7129998779e+02 6.7134497070e+02 6.7141400146e+02 6.7147198486e+02 6.7152197266e+02 6.7156597900e+02 6.7164099121e+02 6.7170501709e+02 6.7175201416e+02 6.7180401611e+02 6.7185198975e+02 6.7190399170e+02 6.7196398926e+02
6.6901098633e+02 6.6908197021e+02 6.6915698242e+02 6.6920697021e+02 6.6926098633e+02 6.6933197021e+02 6.6939501953e+02 6.6947698975e+02 6.6955297852e+02 6.6960900879e+02 6.6966400146e+02 6.6972601318e+02 6.6978302002e+02 6.6985498047e+02 6.6994000244e+02 6.7001397705e+02 6.7008300781e+02 6.7014898682e+02 6.7021697998e+02 6.7027301025e+02 6.7033099365e+02 6.7038800049e+02 6.7045697021e+02 6.7052001953e+02 6.7058599854e+02 6.7065698242e+02 6.7071997070e+02 6.7078198242e+02 6.7084301758e+02 6.7090899658e+02 6.7097601318e+02 6.7103601074e+02 6.7109497070e+02 6.7114501953e+02 6.7119000244e+02 6.7125402832e+02 6.7131896973e+02 6.7137799072e+02 6.7141998291e+02 6.7148199463e+02 6.7154101563e+02 6.7159100342e+02 6.7163897705e+02 6.7168402100e+02 6.7174200439e+02 6.7180999756e+02
6.6886901855e+02 6.6893701172e+02 6.6900299072e+02 6.6905999756e+02 6.6910797119e+02 6.6917602539e+02 6.6924200439e+02 6.6931597900e+02 6.6939001465e+02 6.6944500732e+02 6.6949401855e+02 6.6954998779e+02 6.6960198975e+02 6.6966998291e+02 6.6975201416e+02 6.6982598877e+02 6.6989801025e+02 6.6997497559e+02 6.7005200195e+02 6.7010998535e+02 6.7016699219e+02 6.7022601318e+02 6.7029400635e+02 6.7036401367e+02 6.7042700195e+02 6.7049102783e+02 6.7054998779e+02 6.7061499023e+02 6.7068499756e+02 6.7074798584e+02 6.7081500244e+02 6.7087402344e+02 6.7092999268e+02 6.7098400879e+02 6.7103802490e+02 6.7109802246e+02 6.7116302490e+02 6.7122399902e+02 6.7126501465e+02 6.7131097412e+02 6.7136102295e+02 6.7141601563e+02 6.7146997070e+02 6.7151599121e+02 6.7157897949e+02 6.7164898682e+02
6.6872198486e+02 6.6878997803e+02 6.6884497070e+02 6.6891400146e+02 6.6896899414e+02 6.6903997803e+02 6.6910101318e+02 6.6916198730e+02 6.6923199463e+02 6.6928802490e+02 6.6932702637e+02 6.6937402344e+02 6.6941802979e+02 6.6947497559e+02 6.6955102539e+02 6.6963299561e+02 6.6970098877e+02 6.6976898193e+02 6.6985400391e+02 6.6992297363e+02 6.6998602295e+02 6.7004998779e+02 6.7013000488e+02 6.7020697021e+02 6.7026300049e+02 6.7033001709e+02 6.7039300537e+02 6.7044299316e+02 6.7051098633e+02 6.7056799316e+02 6.7063299561e+02 6.7071099854e+02 6.7076702881e+02 6.7081799316e+02 6.7087597656e+02 6.7093701172e+02 6.7099798584e+02 6.7105798340e+02 6.7109899902e+02 6.7114501953e+02 6.7119500732e+02 6.7125598145e+02 6.7132299805e+02 6.7137298584e+02 6.7142602539e+02 6.7148400879e+02
6.6857299805e+02 6.6864697266e+02 6.6870397949e+02 6.6877502441e+02 6.6882702637e+02 6.6889898682e+02 6.6896600342e+02 6.6901702881e+02 6.6908697510e+02 6.6914099121e+02 6.6915899658e+02 6.6917901611e+02 6.6921197510e+02 6.6926898193e+02 6.6934600830e+02 6.6942297363e+02 6.6949499512e+02 6.6957202148e+02 6.6966302490e+02 6.6972900391e+02 6.6979199219e+02 6.6986798096e+02 6.6996600342e+02 6.7003802490e+02 6.7009100342e+02 6.7015899658e+02 6.7022900391e+02 6.7027398682e+02 6.7034002686e+02 6.7039398193e+02 6.7044897461e+02 6.7053900146e+02 6.7059899902e+02 6.7064898682e+02 6.7070501709e+02 6.7075799561e+02 6.7082299805e+02 6.7089501953e+02 6.7095202637e+02 6.7099597168e+02 6.7104797363e+02 6.7110797119e+02 6.7117102051e+02 6.7121600342e+02 6.7125799561e+02 6.7130499268e+02
6.6842401123e+02 6.6849902344e+02 6.6856597900e+02 6.6863397217e+02 6.6867999268e+02 6.6874798584e+02 6.6881896973e+02 6.6888800049e+02 6.6894799805e+02 6.6897900391e+02 6.6896197510e+02 6.6896697998e+02 6.6900598145e+02 6.6907202148e+02 6.6913500977e+02 6.6920202637e+02 6.6929199219e+02 6.6937200928e+02 6.6946099854e+02 6.6953302002e+02 6.6960797119e+02 6.6968701172e+02 6.6978698730e+02 6.6987200928e+02 6.6995001221e+02 6.7001599121e+02 6.7006896973e+02 6.7012597656e+02 6.7018298340e+02 6.7023999023e+02 6.7029699707e+02 6.7036798096e+02 6.7042901611e+02 6.7048199463e+02 6.7053497314e+02 6.7059002686e+02 6.7064599609e+02 6.7071002197e+02 6.7077502441e+02 6.7081201172e+02 6.7085601807e+02 6.7092199707e+02 6.7098699951e+02 6.7103302002e+02 6.7109100342e+02 6.7113800049e+02
6.6828900146e+02 6.6835699463e+02 6.6841998291e+02 6.6847802734e+02 6.6853399658e+02 6.6860797119e+02 6.6866900635e+02 6.6873602295e+02 6.6878997803e+02 6.6880297852e+02 6.6877502441e+02 6.6877801514e+02 6.6881402588e+02 6.6888299561e+02 6.6894500732e+02 6.6901397705e+02 6.6910198975e+02 6.6917297363e+02 6.6925701904e+02 6.6933898926e+02 6.6942797852e+02 6.6952001953e+02 6.6961999512e+02 6.6970898438e+02 6.6979699707e+02 6.6986297607e+02 6.6991302490e+02 6.6997399902e+02 6.7003100586e+02 6.7008801270e+02 6.7014300537e+02 6.7019897461e+02 6.7026000977e+02 6.7031298828e+02 6.7035797119e+02 6.7041998291e+02 6.7048999023e+02 6.7053900146e+02 6.7059497070e+02 6.7063702393e+02 6.7067797852e+02 6.7074401855e+02 6.7081896973e+02 6.7087298584e+02 6.7093597412e+02 6.7098498535e+02
6.6817297363e+02 6.6823498535e+02 6.6828601074e+02 6.6833599854e+02 6.6840100098e+02 6.6847601318e+02 6.6852502441e+02 6.6858099365e+02 6.6861700439e+02 6.6860797119e+02 6.6857501221e+02 6.6858300781e+02 6.6861999512e+02 6.6868902588e+02 6.6875701904e+02 6.6883197021e+02 6.6891802979e+02 6.6898699951e+02 6.6906896973e+02 6.6915197754e+02 6.6925402832e+02 6.6936401367e+02 6.6947302246e+02 6.6956201172e+02 6.6964001465e+02 6.6970697021e+02 6.6976300049e+02 6.6982299805e+02 6.6988000488e+02 6.6993701172e+02 6.6999200439e+02 6.7004602051e+02 6.7010198975e+02 6.7015002441e+02 6.7018701172e+02 6.7024499512e+02 6.7032897949e+02 6.7038201904e+02 6.7042999268e+02 6.7048297119e+02 6.7052899170e+02 6.7059497070e+02 6.7066802979e+02 6.7071600342e+02 6.7077099609e+02 6.7082299805e+02
