TESTSERVER/24/12.asc
NCOLS 100
NROWS 100
XLLCORNER 8.6997500000e+03
YLLCORNER 2.8935025000e+05
CELLSIZE 5.0000000000e-01
NODATA_VALUE -9.9990000000e+03
[rows 0 to 19 of 100, columns 46 to 91 of 100]
6.5433197021e+02 6.5444500732e+02 6.5456799316e+02 6.5471002197e+02 6.5483599854e+02 6.5492498779e+02 6.5498602295e+02 6.5510900879e+02 6.5528802490e+02 6.5538702393e+02 6.5555798340e+02 6.5574597168e+02 6.5584600830e+02 6.5599401855e+02 6.5615802002e+02 6.5634497070e+02 6.5653900146e+02 6.5667700195e+02 6.5664898682e+02 6.5674499512e+02 6.5693701172e+02 6.5708300781e+02 6.5718200684e+02 6.5737597656e+02 6.5761798096e+02 6.5774798584e+02 6.5784802246e+02 6.5790802002e+02 6.5798297119e+02 6.5808502197e+02 6.5819500732e+02 6.5832897949e+02 6.5845202637e+02 6.5857702637e+02 6.5861901855e+02 6.5869702148e+02 6.5879998779e+02 6.5888397217e+02 6.5898199463e+02 6.5912200928e+02 6.5927301025e+02 6.5936901855e+02 6.5945001221e+02 6.5960797119e+02 6.5979199219e+02 6.5990997314e+02
6.5402099609e+02 6.5412500000e+02 6.5421997070e+02 6.5433398438e+02 6.5445098877e+02 6.5458300781e+02 6.5470898438e+02 6.5483300781e+02 6.5493902588e+02 6.5505700684e+02 6.5522399902e+02 6.5537701416e+02 6.5543298340e+02 6.5561602783e+02 6.5580401611e+02 6.5590197754e+02 6.5594799805e+02 6.5613500977e+02 6.5623199463e+02 6.5635498047e+02 6.5651898193e+02 6.5662902832e+02 6.5675500488e+02 6.5694097900e+02 6.5710198975e+02 6.5723602295e+02 6.5740399170e+02 6.5752801514e+02 6.5758697510e+02 6.5770898438e+02 6.5781597900e+02 6.5789898682e+02 6.5800201416e+02 6.5815600586e+02 6.5823699951e+02 6.5831500244e+02 6.5841400146e+02 6.5851702881e+02 6.5865399170e+02 6.5882299805e+02 6.5894702148e+02 6.5901300049e+02 6.5907098389e+02 6.5921398926e+02 6.5938397217e+02 6.5947601318e+02
6.5371197510e+02 6.5379797363e+02 6.5389898682e+02 6.5403002930e+02 6.5413702393e+02 6.5427099609e+02 6.5442199707e+02 6.5451898193e+02 6.5455401611e+02 6.5465197754e+02 6.5481201172e+02 6.5497302246e+02 6.5509899902e+02 6.5523797607e+02 6.5535198975e+02 6.5545202637e+02 6.5554101563e+02 6.5569396973e+02 6.5579602051e+02 6.5591400146e+02 6.5607202148e+02 6.5628002930e+02 6.5647698975e+02 6.5663000488e+02 6.5668902588e+02 6.5680902100e+02 6.5697399902e+02 6.5710699463e+02 6.5717700195e+02 6.5729498291e+02 6.5739001465e+02 6.5746697998e+02 6.5759100342e+02 6.5773101807e+02 6.5783099365e+02 6.5793499756e+02 6.5809497070e+02 6.5822601318e+02 6.5833599854e+02 6.5845800781e+02 6.5853497314e+02 6.5860998535e+02 6.5869201660e+02 6.5881500244e+02 6.5894201660e+02 6.5903399658e+02
6.5337402344e+02 6.5344702148e+02 6.5355499268e+02 6.5371301270e+02 6.5381701660e+02 6.5388702393e+02 6.5402899170e+02 6.5414202881e+02 6.5419299316e+02 6.5430499268e+02 6.5445599365e+02 6.5462500000e+02 6.5482501221e+02 6.5489801025e+02 6.5494201660e+02 6.5507098389e+02 6.5522497559e+02 6.5535998535e+02 6.5544799805e+02 6.5554199219e+02 6.5568597412e+02 6.5595697021e+02 6.5616998291e+02 6.5632598877e+02 6.5636199951e+02 6.5644897461e+02 6.5658001709e+02 6.5669897461e+02 6.5678302002e+02 6.5686499023e+02 6.5693798828e+02 6.5704101563e+02 6.5719097900e+02 6.5732702637e+02 6.5748199463e+02 6.5762298584e+02 6.5777697754e+02 6.5790899658e+02 6.5798498535e+02 6.5805102539e+02 6.5810900879e+02 6.5820501709e+02 6.5833801270e+02 6.5846600342e+02 6.5853002930e+02 6.5861700439e+02
6.5296502686e+02 6.5310699463e+02 6.5319598389e+02 6.5333898926e+02 6.5347900391e+02 6.5350500488e+02 6.5363299561e+02 6.5378302002e+02 6.5387298584e+02 6.5398297119e+02 6.5410198975e+02 6.5428198242e+02 6.5452600098e+02 6.5459698486e+02 6.5464001465e+02 6.5473297119e+02 6.5487597656e+02 6.5504602051e+02 6.5515399170e+02 6.5524700928e+02 6.5538000488e+02 6.5553997803e+02 6.5571301270e+02 6.5590802002e+02 6.5599401855e+02 6.5608398438e+02 6.5620501709e+02 6.5630798340e+02 6.5640802002e+02 6.5647998047e+02 6.5657702637e+02 6.5669702148e+02 6.5682299805e+02 6.5698602295e+02 6.5718103027e+02 6.5730902100e+02 6.5739202881e+02 6.5754400635e+02 6.5762200928e+02 6.5768701172e+02 6.5777697754e+02 6.5787402344e+02 6.5804400635e+02 6.5819799805e+02 6.5823199463e+02 6.5827301025e+02
6.5273101807e+02 6.5285302734e+02 6.5288897705e+02 6.5295599365e+02 6.5310101318e+02 6.5317602539e+02 6.5326898193e+02 6.5340197754e+02 6.5351300049e+02 6.5367797852e+02 6.5378802490e+02 6.5390997314e+02 6.5406701660e+02 6.5420397949e+02 6.5432800293e+02 6.5443103027e+02 6.5454797363e+02 6.5469500732e+02 6.5481500244e+02 6.5491400146e+02 6.5498602295e+02 6.5510101318e+02 6.5526300049e+02 6.5545397949e+02 6.5559899902e+02 6.5583502197e+02 6.5601098633e+02 6.5609100342e+02 6.5612402344e+02 6.5615399170e+02 6.5623699951e+02 6.5632897949e+02 6.5641101074e+02 6.5654199219e+02 6.5671099854e+02 6.5685797119e+02 6.5695098877e+02 6.5706896973e+02 6.5715100098e+02 6.5726300049e+02 6.5741802979e+02 6.5750701904e+02 6.5766900635e+02 6.5782501221e+02 6.5782501221e+02 6.5785498047e+02
6.5239001465e+02 6.5248999023e+02 6.5253997803e+02 6.5259197998e+02 6.5271697998e+02 6.5281799316e+02 6.5292498779e+02 6.5305798340e+02 6.5317102051e+02 6.5334899902e+02 6.5348101807e+02 6.5360400391e+02 6.5372497559e+02 6.5388800049e+02 6.5402099609e+02 6.5412402344e+02 6.5423400879e+02 6.5434802246e+02 6.5447900391e+02 6.5457897949e+02 6.5460900879e+02 6.5471801758e+02 6.5486499023e+02 6.5503302002e+02 6.5518200684e+02 6.5540197754e+02 6.5556701660e+02 6.5567999268e+02 6.5577899170e+02 6.5578900146e+02 6.5583001709e+02 6.5591302490e+02 6.5602398682e+02 6.5612597656e+02 6.5625000000e+02 6.5640197754e+02 6.5650402832e+02 6.5659399414e+02 6.5669702148e+02 6.5684197998e+02 6.5701898193e+02 6.5706799316e+02 6.5723199463e+02 6.5739300537e+02 6.5740197754e+02 6.5744097900e+02
6.5199499512e+02 6.5207800293e+02 6.5217102051e+02 6.5225598145e+02 6.5237500000e+02 6.5249102783e+02 6.5262902832e+02 6.5278802490e+02 6.5290100098e+02 6.5300299072e+02 6.5312799072e+02 6.5330902100e+02 6.5344799805e+02 6.5357897949e+02 6.5368902588e+02 6.5379797363e+02 6.5390502930e+02 6.5398101807e+02 6.5410900879e+02 6.5422198486e+02 6.5425897217e+02 6.5437298584e+02 6.5450097656e+02 6.5463098145e+02 6.5473699951e+02 6.5482098389e+02 6.5492297363e+02 6.5508197021e+02 6.5529302979e+02 6.5536901855e+02 6.5544396973e+02 6.5554797363e+02 6.5567297363e+02 6.5578497314e+02 6.5589001465e+02 6.5603100586e+02 6.5611199951e+02 6.5620501709e+02 6.5632598877e+02 6.5645098877e+02 6.5659197998e+02 6.5665002441e+02 6.5680200195e+02 6.5696697998e+02 6.5699298096e+02 6.5703399658e+02
6.5167999268e+02 6.5176098633e+02 6.5185699463e+02 6.5196899414e+02 6.5210498047e+02 6.5220098877e+02 6.5232897949e+02 6.5252801514e+02 6.5270800781e+02 6.5273400879e+02 6.5279101563e+02 6.5296197510e+02 6.5310998535e+02 6.5321600342e+02 6.5332202148e+02 6.5344299316e+02 6.5353302002e+02 6.5361798096e+02 6.5373797607e+02 6.5387097168e+02 6.5396301270e+02 6.5405200195e+02 6.5415301514e+02 6.5424597168e+02 6.5431298828e+02 6.5434497070e+02 6.5441900635e+02 6.5456799316e+02 6.5475897217e+02 6.5491802979e+02 6.5504498291e+02 6.5516101074e+02 6.5526000977e+02 6.5538201904e+02 6.5550701904e+02 6.5566699219e+02 6.5577801514e+02 6.5587200928e+02 6.5598999023e+02 6.5607000732e+02 6.5612097168e+02 6.5627001953e+02 6.5636401367e+02 6.5646301270e+02 6.5654101563e+02 6.5657202148e+02
6.5140899658e+02 6.5150500488e+02 6.5158099365e+02 6.5168902588e+02 6.5183697510e+02 6.5192797852e+02 6.5204498291e+02 6.5226800537e+02 6.5249700928e+02 6.5251501465e+02 6.5251800537e+02 6.5261901855e+02 6.5272698975e+02 6.5283398438e+02 6.5294799805e+02 6.5308599854e+02 6.5321899414e+02 6.5331896973e+02 6.5343597412e+02 6.5358001709e+02 6.5367401123e+02 6.5374401855e+02 6.5383197021e+02 6.5390997314e+02 6.5394897461e+02 6.5399597168e+02 6.5407501221e+02 6.5418402100e+02 6.5432800293e+02 6.5447100830e+02 6.5461102295e+02 6.5475799561e+02 6.5490600586e+02 6.5500402832e+02 6.5511700439e+02 6.5527801514e+02 6.5542700195e+02 6.5550201416e+02 6.5559899902e+02 6.5569000244e+02 6.5572198486e+02 6.5582598877e+02 6.5589697266e+02 6.5594799805e+02 6.5604699707e+02 6.5614599609e+02
6.5121099854e+02 6.5131298828e+02 6.5138500977e+02 6.5147399902e+02 6.5161499023e+02 6.5170098877e+02 6.5179998779e+02 6.5196099854e+02 6.5214202881e+02 6.5219299316e+02 6.5224200439e+02 6.5235198975e+02 6.5245898438e+02 6.5255999756e+02 6.5266400146e+02 6.5280499268e+02 6.5294097900e+02 6.5301300049e+02 6.5309802246e+02 6.5323602295e+02 6.5334197998e+02 6.5340502930e+02 6.5351300049e+02 6.5361798096e+02 6.5366699219e+02 6.5371801758e+02 6.5378497314e+02 6.5387298584e+02 6.5399401855e+02 6.5412701416e+02 6.5425500488e+02 6.5439300537e+02 6.5453497314e+02 6.5462200928e+02 6.5473199463e+02 6.5487500000e+02 6.5505603027e+02 6.5511401367e+02 6.5518200684e+02 6.5527001953e+02 6.5531597900e+02 6.5540002441e+02 6.5548199463e+02 6.5554101563e+02 6.5563800049e+02 6.5577697754e+02
6.5100097656e+02 6.5112799072e+02 6.5122497559e+02 6.5127697754e+02 6.5138000488e+02 6.5147198486e+02 6.5157501221e+02 6.5169000244e+02 6.5179400635e+02 6.5190698242e+02 6.5203100586e+02 6.5215100098e+02 6.5223699951e+02 6.5233599854e+02 6.5240698242e+02 6.5251300049e+02 6.5263098145e+02 6.5270098877e+02 6.5277398682e+02 6.5288598633e+02 6.5298699951e+02 6.5305401611e+02 6.5318298340e+02 6.5332397461e+02 6.5341198730e+02 6.5346997070e+02 6.5352502441e+02 6.5360101318e+02 6.5371197510e+02 6.5382897949e+02 6.5392401123e+02 6.5402001953e+02 6.5414001465e+02 6.5425701904e+02 6.5436499023e+02 6.5448101807e+02 6.5464300537e+02 6.5470697021e+02 6.5480499268e+02 6.5491497803e+02 6.5496801758e+02 6.5502398682e+02 6.5511700439e+02 6.5519097900e+02 6.5527301025e+02 6.5540802002e+02
6.5072998047e+02 6.5086297607e+02 6.5097998047e+02 6.5101898193e+02 6.5107202148e+02 6.5118200684e+02 6.5131701660e+02 6.5146002197e+02 6.5154602051e+02 6.5165802002e+02 6.5185198975e+02 6.5198199463e+02 6.5198498535e+02 6.5206500244e+02 6.5211798096e+02 6.5217700195e+02 6.5226202393e+02 6.5237402344e+02 6.5247601318e+02 6.5257000732e+02 6.5266101074e+02 6.5275402832e+02 6.5287097168e+02 6.5299401855e+02 6.5308697510e+02 6.5318103027e+02 6.5325299072e+02 6.5333300781e+02 6.5339398193e+02 6.5346600342e+02 6.5356201172e+02 6.5364599609e+02 6.5375299072e+02 6.5388201904e+02 6.5397998047e+02 6.5407501221e+02 6.5418103027e+02 6.5429602051e+02 6.5439300537e+02 6.5451501465e+02 6.5462799072e+02 6.5465197754e+02 6.5472698975e+02 6.5482397461e+02 6.5492999268e+02 6.5502001953e+02
6.5049798584e+02 6.5057598877e+02 6.5071801758e+02 6.5086401367e+02 6.5096099854e+02 6.5099902344e+02 6.5109600830e+02 6.5125097656e+02 6.5133099365e+02 6.5144097900e+02 6.5160400391e+02 6.5172399902e+02 6.5173400879e+02 6.5180401611e+02 6.5185198975e+02 6.5190600586e+02 6.5200000000e+02 6.5209698486e+02 6.5217901611e+02 6.5227600098e+02 6.5238702393e+02 6.5250299072e+02 6.5260198975e+02 6.5268902588e+02 6.5278900146e+02 6.5287298584e+02 6.5295202637e+02 6.5302600098e+02 6.5307800293e+02 6.5312799072e+02 6.5321600342e+02 6.5330999756e+02 6.5341198730e+02 6.5349298096e+02 6.5357299805e+02 6.5368200684e+02 6.5377697754e+02 6.5384600830e+02 6.5394201660e+02 6.5406298828e+02 6.5419500732e+02 6.5429797363e+02 6.5438702393e+02 6.5446099854e+02 6.5457299805e+02 6.5464599609e+02
6.5024597168e+02 6.5028997803e+02 6.5043902588e+02 6.5063598633e+02 6.5075402832e+02 6.5078002930e+02 6.5088098145e+02 6.5104101563e+02 6.5112500000e+02 6.5124200439e+02 6.5135498047e+02 6.5144897461e+02 6.5148901367e+02 6.5155297852e+02 6.5161401367e+02 6.5169097900e+02 6.5178900146e+02 6.5187298584e+02 6.5192297363e+02 6.5199902344e+02 6.5210601807e+02 6.5221502686e+02 6.5230200195e+02 6.5239001465e+02 6.5250201416e+02 6.5258502197e+02 6.5266998291e+02 6.5274700928e+02 6.5281896973e+02 6.5287402344e+02 6.5294000244e+02 6.5298797607e+02 6.5306597900e+02 6.5313800049e+02 6.5320001221e+02 6.5329797363e+02 6.5338299561e+02 6.5346502686e+02 6.5358697510e+02 6.5369598389e+02 6.5379498291e+02 6.5392901611e+02 6.5402697754e+02 6.5408502197e+02 6.5416601563e+02 6.5425299072e+02
6.4995300293e+02 6.5002197266e+02 6.5014898682e+02 6.5029699707e+02 6.5040502930e+02 6.5047198486e+02 6.5061297607e+02 6.5077600098e+02 6.5084997559e+02 6.5096197510e+02 6.5106701660e+02 6.5116400146e+02 6.5122998047e+02 6.5127697754e+02 6.5134802246e+02 6.5145300293e+02 6.5157598877e+02 6.5165197754e+02 6.5169598389e+02 6.5175799561e+02 6.5184002686e+02 6.5191198730e+02 6.5199499512e+02 6.5210601807e+02 6.5223797607e+02 6.5232800293e+02 6.5242199707e+02 6.5249902344e+02 6.5256896973e+02 6.5261798096e+02 6.5269201660e+02 6.5272698975e+02 6.5278497314e+02 6.5284899902e+02 6.5288897705e+02 6.5295501709e+02 6.5301300049e+02 6.5310900879e+02 6.5323199463e+02 6.5332702637e+02 6.5340698242e+02 6.5353497314e+02 6.5363098145e+02 6.5370202637e+02 6.5379498291e+02 6.5389300537e+02
6.4967297363e+02 6.4978198242e+02 6.4990502930e+02 6.4999902344e+02 6.5008001709e+02 6.5015399170e+02 6.5028497314e+02 6.5044702148e+02 6.5054101563e+02 6.5063897705e+02 6.5074597168e+02 6.5084100342e+02 6.5091497803e+02 6.5098901367e+02 6.5108697510e+02 6.5119097900e+02 6.5129797363e+02 6.5137701416e+02 6.5143701172e+02 6.5150897217e+02 6.5161401367e+02 6.5165502930e+02 6.5172698975e+02 6.5184100342e+02 6.5195001221e+02 6.5202697754e+02 6.5211901855e+02 6.5218798828e+02 6.5226202393e+02 6.5231201172e+02 6.5238598633e+02 6.5245397949e+02 6.5253698730e+02 6.5263000488e+02 6.5265399170e+02 6.5268298340e+02 6.5273400879e+02 6.5282800293e+02 6.5289202881e+02 6.5294500732e+02 6.5300000000e+02 6.5311199951e+02 6.5322802734e+02 6.5334197998e+02 6.5347998047e+02 6.5356097412e+02
6.4954199219e+02 6.4956298828e+02 6.4963897705e+02 6.4975402832e+02 6.4988897705e+02 6.4995001221e+02 6.5002899170e+02 6.5015802002e+02 6.5023101807e+02 6.5032098389e+02 6.5043798828e+02 6.5053997803e+02 6.5064398193e+02 6.5074298096e+02 6.5083898926e+02 6.5092199707e+02 6.5100701904e+02 6.5108502197e+02 6.5115100098e+02 6.5123699951e+02 6.5136798096e+02 6.5143499756e+02 6.5149798584e+02 6.5160101318e+02 6.5169299316e+02 6.5175701904e+02 6.5187298584e+02 6.5195397949e+02 6.5203802490e+02 6.5212701416e+02 6.5220898438e+02 6.5226397705e+02 6.5230798340e+02 6.5242700195e+02 6.5248699951e+02 6.5256298828e+02 6.5263702393e+02 6.5268200684e+02 6.5273199463e+02 6.5277301025e+02 6.5278900146e+02 6.5285998535e+02 6.5296502686e+02 6.5307299805e+02 6.5317498779e+02 6.5322601318e+02
6.4958502197e+02 6.4957897949e+02 6.4957501221e+02 6.4964398193e+02 6.4974401855e+02 6.4978002930e+02 6.4983099365e+02 6.4992297363e+02 6.4997302246e+02 6.5008502197e+02 6.5019097900e+02 6.5025799561e+02 6.5034100342e+02 6.5042797852e+02 6.5053802490e+02 6.5062298584e+02 6.5070300293e+02 6.5080401611e+02 6.5088397217e+02 6.5097302246e+02 6.5110699463e+02 6.5120397949e+02 6.5129699707e+02 6.5141601563e+02 6.5146697998e+02 6.5149499512e+02 6.5160699463e+02 6.5169799805e+02 6.5179101563e+02 6.5191900635e+02 6.5203997803e+02 6.5209997559e+02 6.5214599609e+02 6.5228497314e+02 6.5233898926e+02 6.5240399170e+02 6.5246899414e+02 6.5247900391e+02 6.5253900146e+02 6.5257000732e+02 6.5255902100e+02 6.5261499023e+02 6.5271398926e+02 6.5281500244e+02 6.5287500000e+02 6.5291101074e+02
6.4953399658e+02 6.4953802490e+02 6.4951202393e+02 6.4954400635e+02 6.4960101318e+02 6.4963299561e+02 6.4968402100e+02 6.4976599121e+02 6.4983197021e+02 6.4996197510e+02 6.5004101563e+02 6.5007098389e+02 6.5012597656e+02 6.5021301270e+02 6.5030999756e+02 6.5037298584e+02 6.5046697998e+02 6.5060198975e+02 6.5065399170e+02 6.5070898438e+02 6.5082501221e+02 6.5091900635e+02 6.5104901123e+02 6.5119000244e+02 6.5121398926e+02 6.5126000977e+02 6.5136499023e+02 6.5142797852e+02 6.5150000000e+02 6.5164001465e+02 6.5177899170e+02 6.5185601807e+02 6.5194897461e+02 6.5211401367e+02 6.5216101074e+02 6.5218200684e+02 6.5224902344e+02 6.5228100586e+02 6.5233599854e+02 6.5235198975e+02 6.5233898926e+02 6.5237799072e+02 6.5244299316e+02 6.5251800537e+02 6.5258599854e+02 6.5263000488e+02
