TESTSERVER/24/12.asc
NCOLS 100
NROWS 100
XLLCORNER 8.6997500000e+03
YLLCORNER 2.8935025000e+05
CELLSIZE 5.0000000000e-01
NODATA_VALUE -9.9990000000e+03
[rows 40 to 59 of 100, columns 0 to 45 of 100]
6.4496997070e+02 6.4497900391e+02 6.4504998779e+02 6.4518200684e+02 6.4538598633e+02 6.4551300049e+02 6.4554602051e+02 6.4556896973e+02 6.4543902588e+02 6.4517797852e+02 6.4498400879e+02 6.4495397949e+02 6.4496197510e+02 6.4495599365e+02 6.4494598389e+02 6.4495001221e+02 6.4511297607e+02 6.4547900391e+02 6.4590600586e+02 6.4615301514e+02 6.4629602051e+02 6.4635900879e+02 6.4641302490e+02 6.4640698242e+02 6.4643402100e+02 6.4643798828e+02 6.4641400146e+02 6.4639001465e+02 6.4634802246e+02 6.4636297607e+02 6.4635198975e+02 6.4633697510e+02 6.4636401367e+02 6.4638397217e+02 6.4639300537e+02 6.4640698242e+02 6.4641699219e+02 6.4638598633e+02 6.4635900879e+02 6.4646801758e+02 6.4648498535e+02 6.4641101074e+02 6.4639898682e+02 6.4649200439e+02 6.4643402100e+02 6.4632897949e+02
6.4494598389e+02 6.4496997070e+02 6.4505102539e+02 6.4516400146e+02 6.4532800293e+02 6.4545599365e+02 6.4547100830e+02 6.4546600342e+02 6.4535900879e+02 6.4519201660e+02 6.4502301025e+02 6.4496002197e+02 6.4496502686e+02 6.4496197510e+02 6.4495501709e+02 6.4496600342e+02 6.4509197998e+02 6.4542999268e+02 6.4585998535e+02 6.4626000977e+02 6.4644097900e+02 6.4644000244e+02 6.4642199707e+02 6.4639501953e+02 6.4640698242e+02 6.4641497803e+02 6.4639697266e+02 6.4638201904e+02 6.4637701416e+02 6.4646002197e+02 6.4651300049e+02 6.4642498779e+02 6.4637298584e+02 6.4637298584e+02 6.4639099121e+02 6.4636499023e+02 6.4637200928e+02 6.4640002441e+02 6.4640997314e+02 6.4647698975e+02 6.4648498535e+02 6.4635601807e+02 6.4626000977e+02 6.4632397461e+02 6.4633398438e+02 6.4624902344e+02
6.4493701172e+02 6.4496099854e+02 6.4501898193e+02 6.4507397461e+02 6.4516802979e+02 6.4525598145e+02 6.4528698730e+02 6.4530499268e+02 6.4525897217e+02 6.4513897705e+02 6.4499102783e+02 6.4495800781e+02 6.4496002197e+02 6.4496002197e+02 6.4496398926e+02 6.4495697021e+02 6.4505499268e+02 6.4537402344e+02 6.4580603027e+02 6.4620397949e+02 6.4639501953e+02 6.4646997070e+02 6.4649102783e+02 6.4645599365e+02 6.4642297363e+02 6.4639300537e+02 6.4638702393e+02 6.4640600586e+02 6.4641302490e+02 6.4649499512e+02 6.4655200195e+02 6.4645300293e+02 6.4638201904e+02 6.4636199951e+02 6.4637799072e+02 6.4637298584e+02 6.4640197754e+02 6.4644396973e+02 6.4643200684e+02 6.4646301270e+02 6.4652502441e+02 6.4643597412e+02 6.4623297119e+02 6.4614501953e+02 6.4616900635e+02 6.4614300537e+02
6.4493402100e+02 6.4495001221e+02 6.4497100830e+02 6.4497802734e+02 6.4501000977e+02 6.4504699707e+02 6.4508001709e+02 6.4511401367e+02 6.4510900879e+02 6.4504602051e+02 6.4496502686e+02 6.4496997070e+02 6.4496801758e+02 6.4496301270e+02 6.4496697998e+02 6.4496002197e+02 6.4501898193e+02 6.4529602051e+02 6.4571002197e+02 6.4609100342e+02 6.4627301025e+02 6.4642498779e+02 6.4654901123e+02 6.4653997803e+02 6.4645599365e+02 6.4638897705e+02 6.4642498779e+02 6.4648699951e+02 6.4647802734e+02 6.4649499512e+02 6.4651000977e+02 6.4643298340e+02 6.4641601563e+02 6.4642999268e+02 6.4642199707e+02 6.4642498779e+02 6.4646197510e+02 6.4647900391e+02 6.4645202637e+02 6.4644299316e+02 6.4653802490e+02 6.4652600098e+02 6.4631701660e+02 6.4609802246e+02 6.4607598877e+02 6.4607501221e+02
6.4493597412e+02 6.4494500732e+02 6.4495098877e+02 6.4493597412e+02 6.4494799805e+02 6.4496697998e+02 6.4498101807e+02 6.4499499512e+02 6.4498602295e+02 6.4495501709e+02 6.4493402100e+02 6.4497100830e+02 6.4498400879e+02 6.4498400879e+02 6.4496801758e+02 6.4497497559e+02 6.4499200439e+02 6.4518902588e+02 6.4563299561e+02 6.4607202148e+02 6.4625799561e+02 6.4634497070e+02 6.4646502686e+02 6.4646899414e+02 6.4642498779e+02 6.4644799805e+02 6.4654602051e+02 6.4657702637e+02 6.4654901123e+02 6.4652600098e+02 6.4652801514e+02 6.4642999268e+02 6.4643103027e+02 6.4648400879e+02 6.4648999023e+02 6.4645800781e+02 6.4646600342e+02 6.4646099854e+02 6.4646502686e+02 6.4640399170e+02 6.4645898438e+02 6.4649700928e+02 6.4639398193e+02 6.4621899414e+02 6.4616198730e+02 6.4615002441e+02
6.4495202637e+02 6.4495397949e+02 6.4495001221e+02 6.4494201660e+02 6.4495501709e+02 6.4497100830e+02 6.4496600342e+02 6.4496099854e+02 6.4496899414e+02 6.4495599365e+02 6.4495300293e+02 6.4495898438e+02 6.4496600342e+02 6.4496997070e+02 6.4495098877e+02 6.4495599365e+02 6.4497100830e+02 6.4518402100e+02 6.4566101074e+02 6.4604101563e+02 6.4624401855e+02 6.4630297852e+02 6.4636297607e+02 6.4641601563e+02 6.4643103027e+02 6.4645800781e+02 6.4649499512e+02 6.4653198242e+02 6.4652197266e+02 6.4650299072e+02 6.4649102783e+02 6.4643798828e+02 6.4646099854e+02 6.4649102783e+02 6.4648498535e+02 6.4646600342e+02 6.4647198486e+02 6.4646301270e+02 6.4644799805e+02 6.4643499756e+02 6.4647802734e+02 6.4648901367e+02 6.4636499023e+02 6.4623297119e+02 6.4618701172e+02 6.4620501709e+02
6.4492999268e+02 6.4494000244e+02 6.4493701172e+02 6.4492797852e+02 6.4496002197e+02 6.4499597168e+02 6.4498901367e+02 6.4496398926e+02 6.4496398926e+02 6.4497198486e+02 6.4497601318e+02 6.4495697021e+02 6.4495098877e+02 6.4494598389e+02 6.4495001221e+02 6.4502197266e+02 6.4508898926e+02 6.4531097412e+02 6.4575701904e+02 6.4602697754e+02 6.4621002197e+02 6.4629998779e+02 6.4634100342e+02 6.4639099121e+02 6.4642797852e+02 6.4642297363e+02 6.4642199707e+02 6.4646502686e+02 6.4647998047e+02 6.4647399902e+02 6.4646099854e+02 6.4644000244e+02 6.4647998047e+02 6.4651599121e+02 6.4648797607e+02 6.4646899414e+02 6.4648797607e+02 6.4648400879e+02 6.4646697998e+02 6.4648699951e+02 6.4653900146e+02 6.4655499268e+02 6.4637701416e+02 6.4620202637e+02 6.4620202637e+02 6.4630401611e+02
6.4503698730e+02 6.4498901367e+02 6.4497100830e+02 6.4493402100e+02 6.4497302246e+02 6.4503302002e+02 6.4502099609e+02 6.4497198486e+02 6.4496398926e+02 6.4496899414e+02 6.4497900391e+02 6.4498901367e+02 6.4499298096e+02 6.4501202393e+02 6.4507800293e+02 6.4520397949e+02 6.4532800293e+02 6.4554602051e+02 6.4594897461e+02 6.4614898682e+02 6.4624902344e+02 6.4631201172e+02 6.4635198975e+02 6.4639801025e+02 6.4645098877e+02 6.4642797852e+02 6.4641699219e+02 6.4644097900e+02 6.4642102051e+02 6.4639599609e+02 6.4640802002e+02 6.4642901611e+02 6.4646002197e+02 6.4650799561e+02 6.4651300049e+02 6.4648797607e+02 6.4648699951e+02 6.4647399902e+02 6.4646997070e+02 6.4648901367e+02 6.4653698730e+02 6.4658697510e+02 6.4644396973e+02 6.4628100586e+02 6.4633697510e+02 6.4649902344e+02
6.4546002197e+02 6.4532501221e+02 6.4525201416e+02 6.4510900879e+02 6.4509698486e+02 6.4513800049e+02 6.4511901855e+02 6.4504602051e+02 6.4504797363e+02 6.4503601074e+02 6.4505798340e+02 6.4504901123e+02 6.4505297852e+02 6.4509899902e+02 6.4517602539e+02 6.4524499512e+02 6.4542102051e+02 6.4571600342e+02 6.4612097168e+02 6.4628900146e+02 6.4632098389e+02 6.4633398438e+02 6.4638098145e+02 6.4642602539e+02 6.4644897461e+02 6.4643798828e+02 6.4644702148e+02 6.4642901611e+02 6.4639801025e+02 6.4637799072e+02 6.4637298584e+02 6.4644000244e+02 6.4646002197e+02 6.4647698975e+02 6.4651800537e+02 6.4650201416e+02 6.4646997070e+02 6.4644500732e+02 6.4644299316e+02 6.4646099854e+02 6.4653399658e+02 6.4662402344e+02 6.4651000977e+02 6.4646502686e+02 6.4655297852e+02 6.4669201660e+02
6.4578399658e+02 6.4573999023e+02 6.4570001221e+02 6.4552197266e+02 6.4543200684e+02 6.4540100098e+02 6.4539001465e+02 6.4535699463e+02 6.4529498291e+02 6.4527099609e+02 6.4532299805e+02 6.4524902344e+02 6.4516900635e+02 6.4515197754e+02 6.4521301270e+02 6.4526599121e+02 6.4552697754e+02 6.4589898682e+02 6.4622998047e+02 6.4633898926e+02 6.4638000488e+02 6.4638598633e+02 6.4642999268e+02 6.4649200439e+02 6.4648602295e+02 6.4645001221e+02 6.4644299316e+02 6.4641998291e+02 6.4641302490e+02 6.4641101074e+02 6.4641497803e+02 6.4648199463e+02 6.4650000000e+02 6.4649200439e+02 6.4653002930e+02 6.4651599121e+02 6.4647302246e+02 6.4647399902e+02 6.4650000000e+02 6.4649401855e+02 6.4656201172e+02 6.4666400146e+02 6.4657098389e+02 6.4648297119e+02 6.4656597900e+02 6.4671997070e+02
6.4605401611e+02 6.4595697021e+02 6.4589501953e+02 6.4580999756e+02 6.4576599121e+02 6.4571600342e+02 6.4569097900e+02 6.4570300293e+02 6.4559997559e+02 6.4555102539e+02 6.4561401367e+02 6.4553900146e+02 6.4550897217e+02 6.4549902344e+02 6.4549597168e+02 6.4551501465e+02 6.4577697754e+02 6.4608697510e+02 6.4624200439e+02 6.4634997559e+02 6.4643597412e+02 6.4641497803e+02 6.4641900635e+02 6.4650701904e+02 6.4652502441e+02 6.4646197510e+02 6.4643597412e+02 6.4647497559e+02 6.4649298096e+02 6.4646899414e+02 6.4646197510e+02 6.4650402832e+02 6.4652001953e+02 6.4651800537e+02 6.4653698730e+02 6.4651702881e+02 6.4650799561e+02 6.4653198242e+02 6.4656097412e+02 6.4659197998e+02 6.4662097168e+02 6.4664001465e+02 6.4655700684e+02 6.4648101807e+02 6.4657202148e+02 6.4674798584e+02
6.4629901123e+02 6.4613500977e+02 6.4601501465e+02 6.4596899414e+02 6.4596099854e+02 6.4592901611e+02 6.4593499756e+02 6.4599499512e+02 6.4592401123e+02 6.4586499023e+02 6.4588702393e+02 6.4581896973e+02 6.4584802246e+02 6.4587097168e+02 6.4582598877e+02 6.4581298828e+02 6.4602099609e+02 6.4622302246e+02 6.4626202393e+02 6.4641998291e+02 6.4648498535e+02 6.4641699219e+02 6.4639898682e+02 6.4647399902e+02 6.4649499512e+02 6.4645599365e+02 6.4646301270e+02 6.4649597168e+02 6.4650097656e+02 6.4646697998e+02 6.4646997070e+02 6.4652502441e+02 6.4653399658e+02 6.4653900146e+02 6.4657098389e+02 6.4655798340e+02 6.4657397461e+02 6.4659197998e+02 6.4659600830e+02 6.4666497803e+02 6.4665997314e+02 6.4660998535e+02 6.4655603027e+02 6.4653497314e+02 6.4662902832e+02 6.4679400635e+02
6.4634899902e+02 6.4620898438e+02 6.4613897705e+02 6.4614501953e+02 6.4613201904e+02 6.4610498047e+02 6.4615197754e+02 6.4621002197e+02 6.4617700195e+02 6.4616802979e+02 6.4616400146e+02 6.4613800049e+02 6.4617797852e+02 6.4619500732e+02 6.4614697266e+02 6.4617700195e+02 6.4628302002e+02 6.4634899902e+02 6.4633599854e+02 6.4644799805e+02 6.4642901611e+02 6.4637799072e+02 6.4640899658e+02 6.4646502686e+02 6.4649200439e+02 6.4650000000e+02 6.4653601074e+02 6.4650701904e+02 6.4648602295e+02 6.4647198486e+02 6.4648602295e+02 6.4655603027e+02 6.4656597900e+02 6.4657098389e+02 6.4664202881e+02 6.4657397461e+02 6.4657501221e+02 6.4659399414e+02 6.4659802246e+02 6.4663397217e+02 6.4662701416e+02 6.4661901855e+02 6.4663397217e+02 6.4664801025e+02 6.4670800781e+02 6.4681097412e+02
6.4628601074e+02 6.4625000000e+02 6.4624700928e+02 6.4626202393e+02 6.4628002930e+02 6.4627600098e+02 6.4628900146e+02 6.4633898926e+02 6.4632000732e+02 6.4634301758e+02 6.4632598877e+02 6.4634698486e+02 6.4636602783e+02 6.4636102295e+02 6.4633300781e+02 6.4633599854e+02 6.4639898682e+02 6.4644799805e+02 6.4643200684e+02 6.4644799805e+02 6.4641101074e+02 6.4644299316e+02 6.4655200195e+02 6.4661297607e+02 6.4663800049e+02 6.4661297607e+02 6.4658300781e+02 6.4651599121e+02 6.4650201416e+02 6.4650897217e+02 6.4652899170e+02 6.4657299805e+02 6.4660900879e+02 6.4665100098e+02 6.4676202393e+02 6.4668402100e+02 6.4663702393e+02 6.4662799072e+02 6.4662597656e+02 6.4664697266e+02 6.4664099121e+02 6.4663800049e+02 6.4664202881e+02 6.4665301514e+02 6.4668597412e+02 6.4675897217e+02
6.4626000977e+02 6.4628497314e+02 6.4630798340e+02 6.4631896973e+02 6.4633697510e+02 6.4634497070e+02 6.4637200928e+02 6.4640301514e+02 6.4640399170e+02 6.4645001221e+02 6.4643701172e+02 6.4644500732e+02 6.4641699219e+02 6.4639898682e+02 6.4641900635e+02 6.4642401123e+02 6.4644702148e+02 6.4645202637e+02 6.4645697021e+02 6.4647497559e+02 6.4646002197e+02 6.4653399658e+02 6.4664501953e+02 6.4668402100e+02 6.4667700195e+02 6.4665301514e+02 6.4664898682e+02 6.4657897949e+02 6.4654901123e+02 6.4655700684e+02 6.4659600830e+02 6.4662902832e+02 6.4666198730e+02 6.4667602539e+02 6.4672399902e+02 6.4671899414e+02 6.4671398926e+02 6.4668499756e+02 6.4666900635e+02 6.4668798828e+02 6.4668200684e+02 6.4667401123e+02 6.4664697266e+02 6.4663897705e+02 6.4667498779e+02 6.4675598145e+02
6.4631597900e+02 6.4632202148e+02 6.4633599854e+02 6.4637500000e+02 6.4640197754e+02 6.4640997314e+02 6.4644500732e+02 6.4648199463e+02 6.4649597168e+02 6.4655102539e+02 6.4653399658e+02 6.4654602051e+02 6.4652099609e+02 6.4649499512e+02 6.4651098633e+02 6.4652398682e+02 6.4652001953e+02 6.4649401855e+02 6.4649700928e+02 6.4651202393e+02 6.4652697754e+02 6.4660400391e+02 6.4665399170e+02 6.4669201660e+02 6.4670202637e+02 6.4666998291e+02 6.4670098877e+02 6.4667401123e+02 6.4663098145e+02 6.4662701416e+02 6.4667199707e+02 6.4671301270e+02 6.4672399902e+02 6.4668902588e+02 6.4669201660e+02 6.4673101807e+02 6.4675000000e+02 6.4671398926e+02 6.4669500732e+02 6.4670697021e+02 6.4670599365e+02 6.4670501709e+02 6.4667199707e+02 6.4666497803e+02 6.4672497559e+02 6.4682397461e+02
6.4632501221e+02 6.4633300781e+02 6.4635900879e+02 6.4642700195e+02 6.4647900391e+02 6.4648400879e+02 6.4647998047e+02 6.4652600098e+02 6.4654699707e+02 6.4658398438e+02 6.4658001709e+02 6.4659100342e+02 6.4660601807e+02 6.4660198975e+02 6.4660302734e+02 6.4660498047e+02 6.4659002686e+02 6.4658099365e+02 6.4659497070e+02 6.4656896973e+02 6.4660998535e+02 6.4669396973e+02 6.4670001221e+02 6.4667602539e+02 6.4673297119e+02 6.4671398926e+02 6.4671502686e+02 6.4671801758e+02 6.4668701172e+02 6.4668298340e+02 6.4673199463e+02 6.4676898193e+02 6.4677099609e+02 6.4676300049e+02 6.4679199219e+02 6.4679101563e+02 6.4676800537e+02 6.4675299072e+02 6.4675402832e+02 6.4674200439e+02 6.4673999023e+02 6.4675201416e+02 6.4673999023e+02 6.4673797607e+02 6.4682202148e+02 6.4693298340e+02
6.4634899902e+02 6.4638702393e+02 6.4642602539e+02 6.4647802734e+02 6.4652398682e+02 6.4652600098e+02 6.4653399658e+02 6.4656597900e+02 6.4658697510e+02 6.4661901855e+02 6.4662200928e+02 6.4662097168e+02 6.4665197754e+02 6.4666101074e+02 6.4665899658e+02 6.4668597412e+02 6.4668499756e+02 6.4666699219e+02 6.4665399170e+02 6.4663702393e+02 6.4666998291e+02 6.4672601318e+02 6.4673699951e+02 6.4671697998e+02 6.4674298096e+02 6.4674700928e+02 6.4678900146e+02 6.4681896973e+02 6.4675500488e+02 6.4672698975e+02 6.4677197266e+02 6.4680297852e+02 6.4678497314e+02 6.4677801514e+02 6.4680700684e+02 6.4682098389e+02 6.4680700684e+02 6.4681201172e+02 6.4678997803e+02 6.4679602051e+02 6.4680499268e+02 6.4681298828e+02 6.4680902100e+02 6.4680499268e+02 6.4685400391e+02 6.4694500732e+02
6.4643701172e+02 6.4648199463e+02 6.4652502441e+02 6.4657800293e+02 6.4661602783e+02 6.4661700439e+02 6.4663598633e+02 6.4665100098e+02 6.4665997314e+02 6.4666998291e+02 6.4667401123e+02 6.4666400146e+02 6.4669598389e+02 6.4671197510e+02 6.4670800781e+02 6.4673400879e+02 6.4674597168e+02 6.4674798584e+02 6.4674102783e+02 6.4672998047e+02 6.4674298096e+02 6.4676300049e+02 6.4676800537e+02 6.4675897217e+02 6.4675701904e+02 6.4674700928e+02 6.4679302979e+02 6.4682000732e+02 6.4678997803e+02 6.4678002930e+02 6.4680902100e+02 6.4683898926e+02 6.4681896973e+02 6.4678497314e+02 6.4680499268e+02 6.4683502197e+02 6.4684197998e+02 6.4684002686e+02 6.4681097412e+02 6.4683398438e+02 6.4685998535e+02 6.4687500000e+02 6.4689099121e+02 6.4686901855e+02 6.4688098145e+02 6.4694500732e+02
6.4654302979e+02 6.4658801270e+02 6.4663800049e+02 6.4669799805e+02 6.4673602295e+02 6.4673797607e+02 6.4675097656e+02 6.4676202393e+02 6.4676702881e+02 6.4676599121e+02 6.4677099609e+02 6.4676000977e+02 6.4678302002e+02 6.4680102539e+02 6.4679602051e+02 6.4680102539e+02 6.4680603027e+02 6.4682598877e+02 6.4683697510e+02 6.4684100342e+02 6.4685101318e+02 6.4685900879e+02 6.4685601807e+02 6.4685302734e+02 6.4684899902e+02 6.4683300781e+02 6.4685400391e+02 6.4685998535e+02 6.4686602783e+02 6.4689801025e+02 6.4692797852e+02 6.4693103027e+02 6.4689501953e+02 6.4684399414e+02 6.4685198975e+02 6.4687500000e+02 6.4688598633e+02 6.4688000488e+02 6.4685900879e+02 6.4688299561e+02 6.4690600586e+02 6.4692102051e+02 6.4695202637e+02 6.4695599365e+02 6.4697302246e+02 6.4701501465e+02
