TESTSERVER/24/13.asc
NCOLS 100
NROWS 100
XLLCORNER 8.6997500000e+03
YLLCORNER 2.8930025000e+05
CELLSIZE 5.0000000000e-01
NODATA_VALUE -9.9990000000e+03
[rows 20 to 39 of 100, columns 0 to 45 of 100]
6.4730603027e+02 6.4734997559e+02 6.4739697266e+02 6.4746002197e+02 6.4750201416e+02 6.4754602051e+02 6.4759002686e+02 6.4763299561e+02 6.4767199707e+02 6.4771899414e+02 6.4777099609e+02 6.4783502197e+02 6.4788397217e+02 6.4791699219e+02 6.4795001221e+02 6.4800299072e+02 6.4807598877e+02 6.4813299561e+02 6.4817602539e+02 6.4822601318e+02 6.4829302979e+02 6.4835900879e+02 6.4840502930e+02 6.4845501709e+02 6.4850097656e+02 6.4855200195e+02 6.4860101318e+02 6.4865100098e+02 6.4870599365e+02 6.4876098633e+02 6.4881201172e+02 6.4887597656e+02 6.4893597412e+02 6.4898602295e+02 6.4903100586e+02 6.4910400391e+02 6.4916699219e+02 6.4922399902e+02 6.4927600098e+02 6.4933398438e+02 6.4939001465e+02 6.4946398926e+02 6.4954699707e+02 6.4959698486e+02 6.4964898682e+02 6.4970599365e+02
6.4726397705e+02 6.4730603027e+02 6.4734399414e+02 6.4739599609e+02 6.4744299316e+02 6.4749499512e+02 6.4753900146e+02 6.4758300781e+02 6.4762597656e+02 6.4766998291e+02 6.4771997070e+02 6.4778802490e+02 6.4783300781e+02 6.4786297607e+02 6.4790399170e+02 6.4795098877e+02 6.4801000977e+02 6.4805999756e+02 6.4810400391e+02 6.4814697266e+02 6.4821502686e+02 6.4827899170e+02 6.4832897949e+02 6.4838299561e+02 6.4843103027e+02 6.4847998047e+02 6.4852801514e+02 6.4857000732e+02 6.4861297607e+02 6.4866601563e+02 6.4872497559e+02 6.4879199219e+02 6.4885101318e+02 6.4890301514e+02 6.4896600342e+02 6.4902099609e+02 6.4907098389e+02 6.4913397217e+02 6.4920001221e+02 6.4926702881e+02 6.4932397461e+02 6.4938800049e+02 6.4945898438e+02 6.4951300049e+02 6.4958099365e+02 6.4964398193e+02
6.4721899414e+02 6.4725897217e+02 6.4729602051e+02 6.4734301758e+02 6.4739398193e+02 6.4744799805e+02 6.4749597168e+02 6.4753900146e+02 6.4757098389e+02 6.4760797119e+02 6.4765600586e+02 6.4771997070e+02 6.4776397705e+02 6.4779699707e+02 6.4783801270e+02 6.4788201904e+02 6.4793798828e+02 6.4799102783e+02 6.4803997803e+02 6.4808502197e+02 6.4815197754e+02 6.4821398926e+02 6.4826300049e+02 6.4831201172e+02 6.4836102295e+02 6.4840899658e+02 6.4845599365e+02 6.4849298096e+02 6.4852600098e+02 6.4858099365e+02 6.4865002441e+02 6.4871899414e+02 6.4877899170e+02 6.4883099365e+02 6.4889202881e+02 6.4894000244e+02 6.4898999023e+02 6.4905603027e+02 6.4912097168e+02 6.4919000244e+02 6.4924597168e+02 6.4930603027e+02 6.4937298584e+02 6.4943200684e+02 6.4949700928e+02 6.4956597900e+02
6.4719000244e+02 6.4722698975e+02 6.4726098633e+02 6.4730798340e+02 6.4734997559e+02 6.4739898682e+02 6.4744201660e+02 6.4747900391e+02 6.4750000000e+02 6.4753900146e+02 6.4758898926e+02 6.4764300537e+02 6.4769097900e+02 6.4772900391e+02 6.4777801514e+02 6.4782000732e+02 6.4787298584e+02 6.4792498779e+02 6.4797601318e+02 6.4802197266e+02 6.4807501221e+02 6.4813500977e+02 6.4819299316e+02 6.4824102783e+02 6.4828997803e+02 6.4833898926e+02 6.4838397217e+02 6.4841998291e+02 6.4845300293e+02 6.4850701904e+02 6.4857598877e+02 6.4864599609e+02 6.4871197510e+02 6.4876300049e+02 6.4881201172e+02 6.4885998535e+02 6.4891601563e+02 6.4897698975e+02 6.4903198242e+02 6.4910797119e+02 6.4916998291e+02 6.4923199463e+02 6.4929602051e+02 6.4934997559e+02 6.4940899658e+02 6.4947399902e+02
6.4714599609e+02 6.4718499756e+02 6.4722399902e+02 6.4726098633e+02 6.4729498291e+02 6.4733300781e+02 6.4737097168e+02 6.4741601563e+02 6.4744598389e+02 6.4748699951e+02 6.4753997803e+02 6.4758898926e+02 6.4763397217e+02 6.4767700195e+02 6.4772601318e+02 6.4777301025e+02 6.4782501221e+02 6.4786700439e+02 6.4789501953e+02 6.4795697021e+02 6.4801800537e+02 6.4807598877e+02 6.4811999512e+02 6.4816998291e+02 6.4821997070e+02 6.4827099609e+02 6.4832299805e+02 6.4835797119e+02 6.4839697266e+02 6.4844897461e+02 6.4850799561e+02 6.4855999756e+02 6.4862597656e+02 6.4867999268e+02 6.4872802734e+02 6.4879699707e+02 6.4885198975e+02 6.4890197754e+02 6.4894201660e+02 6.4902899170e+02 6.4909899902e+02 6.4915301514e+02 6.4921301270e+02 6.4926800537e+02 6.4933599854e+02 6.4939202881e+02
6.4710900879e+02 6.4714801025e+02 6.4719201660e+02 6.4722601318e+02 6.4725897217e+02 6.4729302979e+02 6.4732501221e+02 6.4736401367e+02 6.4740502930e+02 6.4745202637e+02 6.4750000000e+02 6.4754602051e+02 6.4758801270e+02 6.4763098145e+02 6.4766497803e+02 6.4770599365e+02 6.4775799561e+02 6.4780603027e+02 6.4783801270e+02 6.4789099121e+02 6.4795098877e+02 6.4800500488e+02 6.4805102539e+02 6.4810101318e+02 6.4815301514e+02 6.4820501709e+02 6.4825500488e+02 6.4830603027e+02 6.4835601807e+02 6.4840399170e+02 6.4844897461e+02 6.4849102783e+02 6.4854602051e+02 6.4859802246e+02 6.4865197754e+02 6.4872100830e+02 6.4878198242e+02 6.4883099365e+02 6.4887799072e+02 6.4895098877e+02 6.4901202393e+02 6.4907501221e+02 6.4914099121e+02 6.4918701172e+02 6.4925000000e+02 6.4930999756e+02
6.4709100342e+02 6.4712799072e+02 6.4716302490e+02 6.4719097900e+02 6.4722497559e+02 6.4725897217e+02 6.4729199219e+02 6.4733300781e+02 6.4737500000e+02 6.4741601563e+02 6.4745501709e+02 6.4749499512e+02 6.4753302002e+02 6.4757299805e+02 6.4760400391e+02 6.4764398193e+02 6.4769396973e+02 6.4774298096e+02 6.4778302002e+02 6.4783599854e+02 6.4787902832e+02 6.4792602539e+02 6.4798101807e+02 6.4803198242e+02 6.4808398438e+02 6.4813500977e+02 6.4818402100e+02 6.4824102783e+02 6.4829101563e+02 6.4833697510e+02 6.4837799072e+02 6.4842498779e+02 6.4847900391e+02 6.4852001953e+02 6.4856097412e+02 6.4863000488e+02 6.4870098877e+02 6.4875299072e+02 6.4881201172e+02 6.4888500977e+02 6.4893798828e+02 6.4900500488e+02 6.4906701660e+02 6.4911102295e+02 6.4916601563e+02 6.4923400879e+02
6.4705999756e+02 6.4709301758e+02 6.4712597656e+02 6.4715698242e+02 6.4719000244e+02 6.4722399902e+02 6.4726000977e+02 6.4730102539e+02 6.4733697510e+02 6.4736999512e+02 6.4739801025e+02 6.4743597412e+02 6.4747802734e+02 6.4751898193e+02 6.4755297852e+02 6.4759698486e+02 6.4764501953e+02 6.4768701172e+02 6.4772302246e+02 6.4777600098e+02 6.4782098389e+02 6.4786602783e+02 6.4791400146e+02 6.4796301270e+02 6.4801501465e+02 6.4806597900e+02 6.4811602783e+02 6.4817401123e+02 6.4821997070e+02 6.4826702881e+02 6.4831402588e+02 6.4836199951e+02 6.4841699219e+02 6.4845697021e+02 6.4848999023e+02 6.4855603027e+02 6.4862402344e+02 6.4867199707e+02 6.4873400879e+02 6.4881097412e+02 6.4886401367e+02 6.4892797852e+02 6.4899499512e+02 6.4904101563e+02 6.4909399414e+02 6.4915802002e+02
6.4702697754e+02 6.4705700684e+02 6.4709301758e+02 6.4712500000e+02 6.4715600586e+02 6.4718701172e+02 6.4722100830e+02 6.4725897217e+02 6.4728399658e+02 6.4730499268e+02 6.4733099365e+02 6.4737701416e+02 6.4742401123e+02 6.4746899414e+02 6.4750201416e+02 6.4754797363e+02 6.4759197998e+02 6.4763201904e+02 6.4766900635e+02 6.4770898438e+02 6.4775701904e+02 6.4780401611e+02 6.4784600830e+02 6.4789697266e+02 6.4794396973e+02 6.4799700928e+02 6.4805798340e+02 6.4811602783e+02 6.4816198730e+02 6.4820397949e+02 6.4825299072e+02 6.4829400635e+02 6.4833697510e+02 6.4839099121e+02 6.4843298340e+02 6.4848297119e+02 6.4854400635e+02 6.4859802246e+02 6.4866400146e+02 6.4872998047e+02 6.4877697754e+02 6.4884802246e+02 6.4892999268e+02 6.4899200439e+02 6.4905798340e+02 6.4909698486e+02
6.4700097656e+02 6.4703100586e+02 6.4706201172e+02 6.4709497070e+02 6.4712298584e+02 6.4715100098e+02 6.4717901611e+02 6.4721801758e+02 6.4724200439e+02 6.4725897217e+02 6.4729498291e+02 6.4733801270e+02 6.4738098145e+02 6.4742199707e+02 6.4745697021e+02 6.4750000000e+02 6.4753802490e+02 6.4758300781e+02 6.4761901855e+02 6.4765399170e+02 6.4769598389e+02 6.4774102783e+02 6.4778002930e+02 6.4783300781e+02 6.4788201904e+02 6.4794396973e+02 6.4799902344e+02 6.4805297852e+02 6.4810302734e+02 6.4815002441e+02 6.4819897461e+02 6.4823999023e+02 6.4827801514e+02 6.4832897949e+02 6.4837500000e+02 6.4842797852e+02 6.4848797607e+02 6.4854199219e+02 6.4859100342e+02 6.4865301514e+02 6.4870599365e+02 6.4878900146e+02 6.4886602783e+02 6.4891497803e+02 6.4897998047e+02 6.4903002930e+02
6.4698199463e+02 6.4700299072e+02 6.4702899170e+02 6.4705999756e+02 6.4708801270e+02 6.4711602783e+02 6.4714202881e+02 6.4717498779e+02 6.4720001221e+02 6.4722198486e+02 6.4726300049e+02 6.4730401611e+02 6.4734197998e+02 6.4737701416e+02 6.4741400146e+02 6.4745898438e+02 6.4749298096e+02 6.4753002930e+02 6.4756201172e+02 6.4759600830e+02 6.4764501953e+02 6.4769799805e+02 6.4773699951e+02 6.4778399658e+02 6.4782598877e+02 6.4787799072e+02 6.4793597412e+02 6.4799298096e+02 6.4804101563e+02 6.4809197998e+02 6.4813800049e+02 6.4817602539e+02 6.4821002197e+02 6.4825799561e+02 6.4831402588e+02 6.4835797119e+02 6.4842401123e+02 6.4848999023e+02 6.4852899170e+02 6.4858898926e+02 6.4864599609e+02 6.4871899414e+02 6.4878497314e+02 6.4883001709e+02 6.4889300537e+02 6.4895898438e+02
6.4697198486e+02 6.4698297119e+02 6.4699798584e+02 6.4702600098e+02 6.4705401611e+02 6.4708197021e+02 6.4710998535e+02 6.4713397217e+02 6.4715698242e+02 6.4718298340e+02 6.4722302246e+02 6.4726397705e+02 6.4730200195e+02 6.4733599854e+02 6.4736700439e+02 6.4741400146e+02 6.4745300293e+02 6.4748297119e+02 6.4751202393e+02 6.4755102539e+02 6.4759698486e+02 6.4764898682e+02 6.4768902588e+02 6.4773498535e+02 6.4776898193e+02 6.4780401611e+02 6.4786798096e+02 6.4793499756e+02 6.4797900391e+02 6.4803002930e+02 6.4807897949e+02 6.4811602783e+02 6.4814099121e+02 6.4818402100e+02 6.4824499512e+02 6.4828302002e+02 6.4835601807e+02 6.4843499756e+02 6.4846899414e+02 6.4851599121e+02 6.4857800293e+02 6.4864398193e+02 6.4870300293e+02 6.4876300049e+02 6.4881701660e+02 6.4887902832e+02
6.4695697021e+02 6.4697100830e+02 6.4698797607e+02 6.4699597168e+02 6.4701898193e+02 6.4704498291e+02 6.4707397461e+02 6.4709698486e+02 6.4711901855e+02 6.4714099121e+02 6.4717102051e+02 6.4721502686e+02 6.4725799561e+02 6.4729998779e+02 6.4733599854e+02 6.4737097168e+02 6.4741198730e+02 6.4743701172e+02 6.4746002197e+02 6.4750000000e+02 6.4754400635e+02 6.4758898926e+02 6.4763800049e+02 6.4767901611e+02 6.4772100830e+02 6.4775799561e+02 6.4780902100e+02 6.4786499023e+02 6.4790997314e+02 6.4796398926e+02 6.4801800537e+02 6.4804901123e+02 6.4808197021e+02 6.4812799072e+02 6.4819500732e+02 6.4823297119e+02 6.4829797363e+02 6.4836499023e+02 6.4840002441e+02 6.4844897461e+02 6.4851501465e+02 6.4857598877e+02 6.4863000488e+02 6.4870202637e+02 6.4875500488e+02 6.4880902100e+02
6.4691601563e+02 6.4694299316e+02 6.4697100830e+02 6.4698797607e+02 6.4700500488e+02 6.4702600098e+02 6.4704901123e+02 6.4706298828e+02 6.4708300781e+02 6.4710498047e+02 6.4713702393e+02 6.4717297363e+02 6.4721301270e+02 6.4725299072e+02 6.4729498291e+02 6.4732397461e+02 6.4735400391e+02 6.4738201904e+02 6.4741699219e+02 6.4745202637e+02 6.4750201416e+02 6.4753900146e+02 6.4757897949e+02 6.4762701416e+02 6.4767700195e+02 6.4771398926e+02 6.4775598145e+02 6.4780297852e+02 6.4784698486e+02 6.4790100098e+02 6.4795202637e+02 6.4798602295e+02 6.4802899170e+02 6.4806799316e+02 6.4811999512e+02 6.4817700195e+02 6.4823400879e+02 6.4829101563e+02 6.4834002686e+02 6.4839599609e+02 6.4845202637e+02 6.4850598145e+02 6.4857800293e+02 6.4862701416e+02 6.4867401123e+02 6.4874499512e+02
6.4688598633e+02 6.4691101074e+02 6.4693902588e+02 6.4696398926e+02 6.4698797607e+02 6.4701898193e+02 6.4703997803e+02 6.4704901123e+02 6.4706097412e+02 6.4707397461e+02 6.4710601807e+02 6.4714501953e+02 6.4718597412e+02 6.4721801758e+02 6.4725000000e+02 6.4728399658e+02 6.4731097412e+02 6.4734100342e+02 6.4737902832e+02 6.4740997314e+02 6.4745397949e+02 6.4749200439e+02 6.4752502441e+02 6.4756597900e+02 6.4761102295e+02 6.4765197754e+02 6.4770001221e+02 6.4775097656e+02 6.4779302979e+02 6.4784100342e+02 6.4788201904e+02 6.4792102051e+02 6.4796301270e+02 6.4800201416e+02 6.4806201172e+02 6.4812097168e+02 6.4817102051e+02 6.4821997070e+02 6.4827001953e+02 6.4833197021e+02 6.4838702393e+02 6.4843902588e+02 6.4850201416e+02 6.4855798340e+02 6.4860699463e+02 6.4867102051e+02
6.4686102295e+02 6.4688098145e+02 6.4690301514e+02 6.4692401123e+02 6.4694799805e+02 6.4698901367e+02 6.4701898193e+02 6.4704101563e+02 6.4705603027e+02 6.4706701660e+02 6.4708300781e+02 6.4710900879e+02 6.4715399170e+02 6.4718902588e+02 6.4721697998e+02 6.4725402832e+02 6.4727899170e+02 6.4730297852e+02 6.4733502197e+02 6.4736297607e+02 6.4739801025e+02 6.4744000244e+02 6.4748297119e+02 6.4751300049e+02 6.4755102539e+02 6.4759197998e+02 6.4763702393e+02 6.4768798828e+02 6.4773101807e+02 6.4777801514e+02 6.4782202148e+02 6.4786999512e+02 6.4790997314e+02 6.4794598389e+02 6.4801000977e+02 6.4806201172e+02 6.4810400391e+02 6.4815197754e+02 6.4820599365e+02 6.4827001953e+02 6.4832702637e+02 6.4838000488e+02 6.4842700195e+02 6.4848999023e+02 6.4855401611e+02 6.4861700439e+02
6.4684197998e+02 6.4685998535e+02 6.4687902832e+02 6.4688299561e+02 6.4689801025e+02 6.4693200684e+02 6.4697302246e+02 6.4700598145e+02 6.4703198242e+02 6.4705297852e+02 6.4707299805e+02 6.4709100342e+02 6.4712298584e+02 6.4715802002e+02 6.4719299316e+02 6.4722198486e+02 6.4724200439e+02 6.4725598145e+02 6.4727697754e+02 6.4730999756e+02 6.4734197998e+02 6.4738299561e+02 6.4743103027e+02 6.4746197510e+02 6.4750097656e+02 6.4753900146e+02 6.4757299805e+02 6.4763000488e+02 6.4767797852e+02 6.4772802734e+02 6.4777502441e+02 6.4782397461e+02 6.4787402344e+02 6.4791302490e+02 6.4795800781e+02 6.4800000000e+02 6.4803802490e+02 6.4809002686e+02 6.4815502930e+02 6.4821301270e+02 6.4826501465e+02 6.4832202148e+02 6.4836901855e+02 6.4841998291e+02 6.4847802734e+02 6.4854699707e+02
6.4683099365e+02 6.4683599854e+02 6.4684600830e+02 6.4685699463e+02 6.4687097168e+02 6.4688500977e+02 6.4691400146e+02 6.4695098877e+02 6.4697399902e+02 6.4701098633e+02 6.4705700684e+02 6.4707800293e+02 6.4710198975e+02 6.4713201904e+02 6.4715899658e+02 6.4718499756e+02 6.4720300293e+02 6.4721099854e+02 6.4723101807e+02 6.4726599121e+02 6.4729998779e+02 6.4733898926e+02 6.4738098145e+02 6.4740600586e+02 6.4744500732e+02 6.4749200439e+02 6.4753100586e+02 6.4756799316e+02 6.4761102295e+02 6.4766699219e+02 6.4771801758e+02 6.4775500488e+02 6.4780902100e+02 6.4786102295e+02 6.4790600586e+02 6.4795001221e+02 6.4799298096e+02 6.4803497314e+02 6.4807800293e+02 6.4813800049e+02 6.4818902588e+02 6.4824401855e+02 6.4829901123e+02 6.4836199951e+02 6.4841998291e+02 6.4847698975e+02
6.4682800293e+02 6.4681896973e+02 6.4682702637e+02 6.4683398438e+02 6.4684002686e+02 6.4684899902e+02 6.4687701416e+02 6.4691400146e+02 6.4692901611e+02 6.4695697021e+02 6.4700701904e+02 6.4704101563e+02 6.4707397461e+02 6.4710601807e+02 6.4712799072e+02 6.4715301514e+02 6.4716400146e+02 6.4715802002e+02 6.4717700195e+02 6.4722302246e+02 6.4725897217e+02 6.4728900146e+02 6.4732397461e+02 6.4735699463e+02 6.4739697266e+02 6.4745202637e+02 6.4749597168e+02 6.4752600098e+02 6.4756097412e+02 6.4760900879e+02 6.4765997314e+02 6.4769299316e+02 6.4773602295e+02 6.4778302002e+02 6.4783697510e+02 6.4789300537e+02 6.4794396973e+02 6.4798400879e+02 6.4801800537e+02 6.4808001709e+02 6.4813299561e+02 6.4818597412e+02 6.4824102783e+02 6.4829901123e+02 6.4836102295e+02 6.4841601563e+02
6.4682397461e+02 6.4681500244e+02 6.4682702637e+02 6.4682800293e+02 6.4682598877e+02 6.4683300781e+02 6.4686602783e+02 6.4689202881e+02 6.4690698242e+02 6.4692999268e+02 6.4695898438e+02 6.4699298096e+02 6.4703100586e+02 6.4707000732e+02 6.4709802246e+02 6.4713000488e+02 6.4714599609e+02 6.4713598633e+02 6.4714398193e+02 6.4717999268e+02 6.4721502686e+02 6.4724102783e+02 6.4726098633e+02 6.4729998779e+02 6.4734497070e+02 6.4740197754e+02 6.4744897461e+02 6.4748901367e+02 6.4752502441e+02 6.4756298828e+02 6.4760601807e+02 6.4764202881e+02 6.4767999268e+02 6.4772399902e+02 6.4777398682e+02 6.4783001709e+02 6.4787902832e+02 6.4792901611e+02 6.4797198486e+02 6.4803302002e+02 6.4808197021e+02 6.4812500000e+02 6.4817700195e+02 6.4822601318e+02 6.4828698730e+02 6.4834600830e+02
