TESTSERVER/24/13.asc
NCOLS 100
NROWS 100
XLLCORNER 8.6997500000e+03
YLLCORNER 2.8930025000e+05
CELLSIZE 5.0000000000e-01
NODATA_VALUE -9.9990000000e+03
[rows 80 to 99 of 100, columns 0 to 45 of 100]
6.4685400391e+02 6.4684997559e+02 6.4683197021e+02 6.4682299805e+02 6.4681500244e+02 6.4680902100e+02 6.4680798340e+02 6.4682000732e+02 6.4683001709e+02 6.4683300781e+02 6.4683801270e+02 6.4684802246e+02 6.4685699463e+02 6.4686199951e+02 6.4686798096e+02 6.4686602783e+02 6.4686401367e+02 6.4685998535e+02 6.4686199951e+02 6.4688098145e+02 6.4691601563e+02 6.4693298340e+02 6.4694299316e+02 6.4695098877e+02 6.4695697021e+02 6.4695697021e+02 6.4695501709e+02 6.4697100830e+02 6.4699102783e+02 6.4701202393e+02 6.4702301025e+02 6.4700897217e+02 6.4700500488e+02 6.4702697754e+02 6.4705401611e+02 6.4706097412e+02 6.4707000732e+02 6.4707000732e+02 6.4707397461e+02 6.4705603027e+02 6.4702398682e+02 6.4698797607e+02 6.4695300293e+02 6.4694000244e+02 6.4690502930e+02 6.4686999512e+02
6.4686602783e+02 6.4686297607e+02 6.4684698486e+02 6.4683502197e+02 6.4682800293e+02 6.4682202148e+02 6.4681500244e+02 6.4682202148e+02 6.4683398438e+02 6.4683398438e+02 6.4683599854e+02 6.4684899902e+02 6.4685198975e+02 6.4685498047e+02 6.4686401367e+02 6.4686401367e+02 6.4685601807e+02 6.4685601807e+02 6.4686602783e+02 6.4689300537e+02 6.4692700195e+02 6.4694500732e+02 6.4695599365e+02 6.4696398926e+02 6.4696301270e+02 6.4696002197e+02 6.4695300293e+02 6.4695697021e+02 6.4698101807e+02 6.4700500488e+02 6.4700500488e+02 6.4699597168e+02 6.4698797607e+02 6.4700299072e+02 6.4702502441e+02 6.4703802490e+02 6.4705499268e+02 6.4705902100e+02 6.4705102539e+02 6.4703997803e+02 6.4701202393e+02 6.4698699951e+02 6.4696002197e+02 6.4693701172e+02 6.4691400146e+02 6.4689501953e+02
6.4687200928e+02 6.4687597656e+02 6.4686297607e+02 6.4684301758e+02 6.4683398438e+02 6.4682800293e+02 6.4682098389e+02 6.4683099365e+02 6.4684600830e+02 6.4684802246e+02 6.4684399414e+02 6.4684698486e+02 6.4685101318e+02 6.4685400391e+02 6.4685601807e+02 6.4684698486e+02 6.4683898926e+02 6.4684399414e+02 6.4686700439e+02 6.4691302490e+02 6.4694201660e+02 6.4695202637e+02 6.4696301270e+02 6.4697198486e+02 6.4696502686e+02 6.4695098877e+02 6.4693597412e+02 6.4693701172e+02 6.4696099854e+02 6.4698797607e+02 6.4698602295e+02 6.4697399902e+02 6.4695898438e+02 6.4696301270e+02 6.4698297119e+02 6.4700598145e+02 6.4702697754e+02 6.4702899170e+02 6.4701098633e+02 6.4699401855e+02 6.4695898438e+02 6.4693200684e+02 6.4691900635e+02 6.4689599609e+02 6.4690399170e+02 6.4692199707e+02
6.4686499023e+02 6.4687402344e+02 6.4687200928e+02 6.4684802246e+02 6.4683801270e+02 6.4683599854e+02 6.4683599854e+02 6.4684301758e+02 6.4685498047e+02 6.4685498047e+02 6.4684600830e+02 6.4684600830e+02 6.4684899902e+02 6.4685198975e+02 6.4684600830e+02 6.4682501221e+02 6.4682299805e+02 6.4683801270e+02 6.4687097168e+02 6.4691998291e+02 6.4695001221e+02 6.4695800781e+02 6.4696502686e+02 6.4697100830e+02 6.4696002197e+02 6.4693597412e+02 6.4691497803e+02 6.4692102051e+02 6.4694500732e+02 6.4697100830e+02 6.4696502686e+02 6.4694396973e+02 6.4692602539e+02 6.4692901611e+02 6.4694897461e+02 6.4698602295e+02 6.4701000977e+02 6.4701300049e+02 6.4699102783e+02 6.4696801758e+02 6.4692199707e+02 6.4688500977e+02 6.4688201904e+02 6.4687902832e+02 6.4690899658e+02 6.4693798828e+02
6.4685400391e+02 6.4686297607e+02 6.4687097168e+02 6.4685101318e+02 6.4684399414e+02 6.4684899902e+02 6.4685302734e+02 6.4686199951e+02 6.4686199951e+02 6.4685400391e+02 6.4684497070e+02 6.4684301758e+02 6.4684600830e+02 6.4684899902e+02 6.4683398438e+02 6.4681799316e+02 6.4682202148e+02 6.4684802246e+02 6.4689202881e+02 6.4691998291e+02 6.4694299316e+02 6.4695800781e+02 6.4696197510e+02 6.4695800781e+02 6.4694598389e+02 6.4692700195e+02 6.4691497803e+02 6.4692602539e+02 6.4694500732e+02 6.4696002197e+02 6.4694500732e+02 6.4693103027e+02 6.4691900635e+02 6.4692602539e+02 6.4694396973e+02 6.4698400879e+02 6.4702099609e+02 6.4702801514e+02 6.4702398682e+02 6.4699597168e+02 6.4694299316e+02 6.4689801025e+02 6.4688897705e+02 6.4690802002e+02 6.4693798828e+02 6.4694396973e+02
6.4684997559e+02 6.4684997559e+02 6.4684997559e+02 6.4684301758e+02 6.4684899902e+02 6.4685797119e+02 6.4685900879e+02 6.4686901855e+02 6.4687298584e+02 6.4686102295e+02 6.4684997559e+02 6.4683801270e+02 6.4684002686e+02 6.4684600830e+02 6.4682598877e+02 6.4681701660e+02 6.4683197021e+02 6.4686102295e+02 6.4689697266e+02 6.4691900635e+02 6.4693597412e+02 6.4695202637e+02 6.4696002197e+02 6.4696301270e+02 6.4695098877e+02 6.4693701172e+02 6.4692401123e+02 6.4692901611e+02 6.4694799805e+02 6.4696197510e+02 6.4695800781e+02 6.4694000244e+02 6.4692199707e+02 6.4693597412e+02 6.4696600342e+02 6.4700500488e+02 6.4704199219e+02 6.4705200195e+02 6.4705700684e+02 6.4703802490e+02 6.4698999023e+02 6.4694799805e+02 6.4691802979e+02 6.4692297363e+02 6.4695397949e+02 6.4695202637e+02
6.4685101318e+02 6.4684698486e+02 6.4683599854e+02 6.4683197021e+02 6.4684301758e+02 6.4685498047e+02 6.4685900879e+02 6.4687597656e+02 6.4688397217e+02 6.4687402344e+02 6.4686700439e+02 6.4685101318e+02 6.4684497070e+02 6.4684301758e+02 6.4682202148e+02 6.4682501221e+02 6.4684899902e+02 6.4687500000e+02 6.4690002441e+02 6.4691802979e+02 6.4693298340e+02 6.4695098877e+02 6.4696301270e+02 6.4697100830e+02 6.4696801758e+02 6.4696099854e+02 6.4694299316e+02 6.4692700195e+02 6.4693701172e+02 6.4695697021e+02 6.4696600342e+02 6.4694097900e+02 6.4693200684e+02 6.4695898438e+02 6.4699902344e+02 6.4703198242e+02 6.4705902100e+02 6.4706298828e+02 6.4705999756e+02 6.4704199219e+02 6.4700201416e+02 6.4696502686e+02 6.4694598389e+02 6.4694598389e+02 6.4696899414e+02 6.4697100830e+02
6.4684600830e+02 6.4684497070e+02 6.4683801270e+02 6.4683300781e+02 6.4683801270e+02 6.4684802246e+02 6.4686199951e+02 6.4688897705e+02 6.4690002441e+02 6.4689300537e+02 6.4688598633e+02 6.4687402344e+02 6.4685797119e+02 6.4684698486e+02 6.4683099365e+02 6.4684002686e+02 6.4686102295e+02 6.4687799072e+02 6.4689501953e+02 6.4690698242e+02 6.4692199707e+02 6.4694396973e+02 6.4696002197e+02 6.4696600342e+02 6.4696600342e+02 6.4696600342e+02 6.4695098877e+02 6.4692297363e+02 6.4692700195e+02 6.4695098877e+02 6.4696697998e+02 6.4695098877e+02 6.4696398926e+02 6.4699798584e+02 6.4703100586e+02 6.4705499268e+02 6.4708099365e+02 6.4708197021e+02 6.4706298828e+02 6.4704101563e+02 6.4699597168e+02 6.4696002197e+02 6.4696301270e+02 6.4696697998e+02 6.4698602295e+02 6.4699902344e+02
6.4683398438e+02 6.4683898926e+02 6.4684100342e+02 6.4683801270e+02 6.4683898926e+02 6.4684600830e+02 6.4686297607e+02 6.4689001465e+02 6.4689599609e+02 6.4688897705e+02 6.4688800049e+02 6.4688299561e+02 6.4686102295e+02 6.4683801270e+02 6.4684002686e+02 6.4685498047e+02 6.4686499023e+02 6.4687500000e+02 6.4688598633e+02 6.4689697266e+02 6.4690698242e+02 6.4692498779e+02 6.4693701172e+02 6.4694299316e+02 6.4695001221e+02 6.4695800781e+02 6.4695397949e+02 6.4693902588e+02 6.4693902588e+02 6.4695397949e+02 6.4696301270e+02 6.4696801758e+02 6.4699401855e+02 6.4702600098e+02 6.4704901123e+02 6.4707397461e+02 6.4710101318e+02 6.4709802246e+02 6.4706500244e+02 6.4704101563e+02 6.4698999023e+02 6.4696600342e+02 6.4697998047e+02 6.4698699951e+02 6.4700500488e+02 6.4703002930e+02
6.4682598877e+02 6.4683398438e+02 6.4683502197e+02 6.4683398438e+02 6.4684301758e+02 6.4685302734e+02 6.4686297607e+02 6.4688397217e+02 6.4688598633e+02 6.4687799072e+02 6.4687902832e+02 6.4688098145e+02 6.4685601807e+02 6.4683001709e+02 6.4684399414e+02 6.4685900879e+02 6.4686401367e+02 6.4687097168e+02 6.4688800049e+02 6.4690002441e+02 6.4689697266e+02 6.4690600586e+02 6.4692199707e+02 6.4692297363e+02 6.4693499756e+02 6.4694702148e+02 6.4695697021e+02 6.4696002197e+02 6.4694799805e+02 6.4694598389e+02 6.4695697021e+02 6.4698199463e+02 6.4701000977e+02 6.4703698730e+02 6.4705999756e+02 6.4708502197e+02 6.4710400391e+02 6.4708801270e+02 6.4705297852e+02 6.4701898193e+02 6.4697302246e+02 6.4697302246e+02 6.4700799561e+02 6.4702001953e+02 6.4703698730e+02 6.4706402588e+02
6.4683599854e+02 6.4684301758e+02 6.4683801270e+02 6.4683398438e+02 6.4684600830e+02 6.4686102295e+02 6.4686602783e+02 6.4688000488e+02 6.4687799072e+02 6.4686798096e+02 6.4687200928e+02 6.4688397217e+02 6.4686700439e+02 6.4684802246e+02 6.4685699463e+02 6.4687097168e+02 6.4687500000e+02 6.4687902832e+02 6.4689697266e+02 6.4690802002e+02 6.4689398193e+02 6.4689697266e+02 6.4691802979e+02 6.4692700195e+02 6.4694097900e+02 6.4694897461e+02 6.4695898438e+02 6.4696600342e+02 6.4695300293e+02 6.4694702148e+02 6.4695599365e+02 6.4698101807e+02 6.4700598145e+02 6.4703497314e+02 6.4705798340e+02 6.4707501221e+02 6.4709197998e+02 6.4708300781e+02 6.4704699707e+02 6.4699902344e+02 6.4696502686e+02 6.4698400879e+02 6.4702801514e+02 6.4704602051e+02 6.4706402588e+02 6.4709197998e+02
6.4686102295e+02 6.4686297607e+02 6.4684497070e+02 6.4683300781e+02 6.4684100342e+02 6.4685400391e+02 6.4685900879e+02 6.4686999512e+02 6.4687298584e+02 6.4686901855e+02 6.4687097168e+02 6.4688201904e+02 6.4687298584e+02 6.4686499023e+02 6.4687200928e+02 6.4688598633e+02 6.4689099121e+02 6.4689501953e+02 6.4690698242e+02 6.4691198730e+02 6.4689898682e+02 6.4690399170e+02 6.4692700195e+02 6.4693402100e+02 6.4694299316e+02 6.4694897461e+02 6.4695697021e+02 6.4695898438e+02 6.4695397949e+02 6.4695800781e+02 6.4696502686e+02 6.4697900391e+02 6.4700097656e+02 6.4703399658e+02 6.4705297852e+02 6.4706402588e+02 6.4707598877e+02 6.4706402588e+02 6.4703002930e+02 6.4699102783e+02 6.4697100830e+02 6.4699499512e+02 6.4703100586e+02 6.4706298828e+02 6.4708502197e+02 6.4710699463e+02
6.4687701416e+02 6.4686999512e+02 6.4684698486e+02 6.4683300781e+02 6.4683502197e+02 6.4684301758e+02 6.4685101318e+02 6.4686102295e+02 6.4687500000e+02 6.4688000488e+02 6.4687597656e+02 6.4687799072e+02 6.4686901855e+02 6.4686999512e+02 6.4688098145e+02 6.4689398193e+02 6.4690100098e+02 6.4690600586e+02 6.4691400146e+02 6.4691699219e+02 6.4691101074e+02 6.4690802002e+02 6.4691601563e+02 6.4691802979e+02 6.4692602539e+02 6.4694097900e+02 6.4695599365e+02 6.4694897461e+02 6.4695001221e+02 6.4696301270e+02 6.4697900391e+02 6.4699401855e+02 6.4701202393e+02 6.4703802490e+02 6.4705603027e+02 6.4706597900e+02 6.4707202148e+02 6.4704998779e+02 6.4700598145e+02 6.4698297119e+02 6.4697601318e+02 6.4699700928e+02 6.4702398682e+02 6.4706500244e+02 6.4709698486e+02 6.4711102295e+02
6.4686401367e+02 6.4687298584e+02 6.4685797119e+02 6.4684899902e+02 6.4684802246e+02 6.4685198975e+02 6.4685699463e+02 6.4686499023e+02 6.4688000488e+02 6.4688800049e+02 6.4688500977e+02 6.4688800049e+02 6.4688000488e+02 6.4688702393e+02 6.4689697266e+02 6.4690997314e+02 6.4691802979e+02 6.4691998291e+02 6.4692199707e+02 6.4691900635e+02 6.4690997314e+02 6.4689599609e+02 6.4689001465e+02 6.4688800049e+02 6.4690399170e+02 6.4692999268e+02 6.4694897461e+02 6.4692999268e+02 6.4694201660e+02 6.4697302246e+02 6.4698999023e+02 6.4700097656e+02 6.4701800537e+02 6.4704101563e+02 6.4704699707e+02 6.4704602051e+02 6.4704699707e+02 6.4703497314e+02 6.4700097656e+02 6.4696697998e+02 6.4696398926e+02 6.4699200439e+02 6.4701702881e+02 6.4706597900e+02 6.4710699463e+02 6.4711798096e+02
6.4684301758e+02 6.4685998535e+02 6.4686199951e+02 6.4686602783e+02 6.4686297607e+02 6.4686102295e+02 6.4685699463e+02 6.4686499023e+02 6.4688000488e+02 6.4688800049e+02 6.4688500977e+02 6.4689202881e+02 6.4689697266e+02 6.4691198730e+02 6.4691900635e+02 6.4692901611e+02 6.4693402100e+02 6.4693402100e+02 6.4693103027e+02 6.4692700195e+02 6.4691601563e+02 6.4690301514e+02 6.4689697266e+02 6.4688800049e+02 6.4689697266e+02 6.4691400146e+02 6.4693298340e+02 6.4693298340e+02 6.4695501709e+02 6.4698602295e+02 6.4699700928e+02 6.4700097656e+02 6.4701397705e+02 6.4702899170e+02 6.4702899170e+02 6.4703399658e+02 6.4703399658e+02 6.4701702881e+02 6.4698400879e+02 6.4694201660e+02 6.4694000244e+02 6.4697198486e+02 6.4700701904e+02 6.4705902100e+02 6.4709497070e+02 6.4710900879e+02
6.4682501221e+02 6.4683398438e+02 6.4684600830e+02 6.4685998535e+02 6.4686102295e+02 6.4685699463e+02 6.4684997559e+02 6.4685699463e+02 6.4686901855e+02 6.4687402344e+02 6.4686999512e+02 6.4689202881e+02 6.4691900635e+02 6.4694201660e+02 6.4694201660e+02 6.4694598389e+02 6.4694396973e+02 6.4694000244e+02 6.4693597412e+02 6.4692901611e+02 6.4692401123e+02 6.4692102051e+02 6.4692602539e+02 6.4691497803e+02 6.4691302490e+02 6.4691198730e+02 6.4691998291e+02 6.4694500732e+02 6.4696801758e+02 6.4698699951e+02 6.4699298096e+02 6.4698999023e+02 6.4699700928e+02 6.4700701904e+02 6.4701800537e+02 6.4703399658e+02 6.4703302002e+02 6.4700701904e+02 6.4697198486e+02 6.4691900635e+02 6.4691497803e+02 6.4694799805e+02 6.4698999023e+02 6.4704101563e+02 6.4707098389e+02 6.4708697510e+02
6.4683502197e+02 6.4683197021e+02 6.4683099365e+02 6.4683398438e+02 6.4684100342e+02 6.4684301758e+02 6.4683801270e+02 6.4683898926e+02 6.4684399414e+02 6.4684002686e+02 6.4683099365e+02 6.4688397217e+02 6.4693103027e+02 6.4695898438e+02 6.4695898438e+02 6.4695898438e+02 6.4695098877e+02 6.4694000244e+02 6.4693701172e+02 6.4692797852e+02 6.4692498779e+02 6.4692700195e+02 6.4693798828e+02 6.4693798828e+02 6.4694000244e+02 6.4693103027e+02 6.4693499756e+02 6.4695202637e+02 6.4696502686e+02 6.4697399902e+02 6.4698602295e+02 6.4698199463e+02 6.4698797607e+02 6.4700402832e+02 6.4702099609e+02 6.4701898193e+02 6.4701202393e+02 6.4699499512e+02 6.4696502686e+02 6.4691400146e+02 6.4690502930e+02 6.4693499756e+02 6.4698297119e+02 6.4701599121e+02 6.4704602051e+02 6.4706402588e+02
6.4685198975e+02 6.4685198975e+02 6.4685101318e+02 6.4684698486e+02 6.4684197998e+02 6.4683502197e+02 6.4682598877e+02 6.4682000732e+02 6.4682501221e+02 6.4681799316e+02 6.4680798340e+02 6.4686798096e+02 6.4691400146e+02 6.4693597412e+02 6.4694500732e+02 6.4696002197e+02 6.4695397949e+02 6.4693701172e+02 6.4692797852e+02 6.4691998291e+02 6.4692401123e+02 6.4692901611e+02 6.4693902588e+02 6.4693902588e+02 6.4693798828e+02 6.4693402100e+02 6.4694897461e+02 6.4695300293e+02 6.4694598389e+02 6.4694702148e+02 6.4696899414e+02 6.4698602295e+02 6.4700097656e+02 6.4702099609e+02 6.4702899170e+02 6.4701702881e+02 6.4699700928e+02 6.4697802734e+02 6.4695800781e+02 6.4693298340e+02 6.4692297363e+02 6.4694299316e+02 6.4697601318e+02 6.4699700928e+02 6.4702001953e+02 6.4703601074e+02
6.4686499023e+02 6.4686798096e+02 6.4687097168e+02 6.4686499023e+02 6.4685400391e+02 6.4683898926e+02 6.4682501221e+02 6.4681201172e+02 6.4680798340e+02 6.4679602051e+02 6.4679302979e+02 6.4684802246e+02 6.4688397217e+02 6.4690399170e+02 6.4692401123e+02 6.4695098877e+02 6.4695202637e+02 6.4693402100e+02 6.4692401123e+02 6.4691400146e+02 6.4691998291e+02 6.4693103027e+02 6.4694201660e+02 6.4693701172e+02 6.4693499756e+02 6.4693798828e+02 6.4695202637e+02 6.4695397949e+02 6.4694702148e+02 6.4694897461e+02 6.4696502686e+02 6.4699499512e+02 6.4701397705e+02 6.4702801514e+02 6.4702899170e+02 6.4702099609e+02 6.4699597168e+02 6.4696801758e+02 6.4694897461e+02 6.4693597412e+02 6.4693597412e+02 6.4695202637e+02 6.4696099854e+02 6.4696801758e+02 6.4698999023e+02 6.4700799561e+02
6.4687402344e+02 6.4688000488e+02 6.4688397217e+02 6.4687500000e+02 6.4686999512e+02 6.4686297607e+02 6.4684997559e+02 6.4682800293e+02 6.4680798340e+02 6.4679302979e+02 6.4680603027e+02 6.4684600830e+02 6.4685998535e+02 6.4687799072e+02 6.4690899658e+02 6.4694299316e+02 6.4694799805e+02 6.4692901611e+02 6.4691302490e+02 6.4690100098e+02 6.4691400146e+02 6.4692901611e+02 6.4693798828e+02 6.4693402100e+02 6.4693298340e+02 6.4694500732e+02 6.4695098877e+02 6.4695898438e+02 6.4696398926e+02 6.4696997070e+02 6.4697802734e+02 6.4700500488e+02 6.4701501465e+02 6.4701898193e+02 6.4701898193e+02 6.4702301025e+02 6.4700500488e+02 6.4697497559e+02 6.4695001221e+02 6.4693597412e+02 6.4693798828e+02 6.4695300293e+02 6.4695800781e+02 6.4695599365e+02 6.4697601318e+02 6.4699700928e+02
