TESTSERVER/24/14.asc
NCOLS 100
NROWS 100
XLLCORNER 8.6997500000e+03
YLLCORNER 2.8925025000e+05
CELLSIZE 5.0000000000e-01
NODATA_VALUE -9.9990000000e+03
[rows 20 to 39 of 100, columns 0 to 45 of 100]
6.4708599854e+02 6.4709301758e+02 6.4710400391e+02 6.4710400391e+02 6.4712200928e+02 6.4713897705e+02 6.4714599609e+02 6.4716101074e+02 6.4717602539e+02 6.4717901611e+02 6.4717797852e+02 6.4719299316e+02 6.4720202637e+02 6.4718701172e+02 6.4716101074e+02 6.4714801025e+02 6.4714001465e+02 6.4714001465e+02 6.4715002441e+02 6.4715399170e+02 6.4716302490e+02 6.4717498779e+02 6.4718402100e+02 6.4718402100e+02 6.4718499756e+02 6.4717999268e+02 6.4717102051e+02 6.4715301514e+02 6.4714398193e+02 6.4713800049e+02 6.4714099121e+02 6.4715100098e+02 6.4714398193e+02 6.4713897705e+02 6.4715899658e+02 6.4717199707e+02 6.4717297363e+02 6.4717498779e+02 6.4717999268e+02 6.4716998291e+02 6.4715399170e+02 6.4715100098e+02 6.4716900635e+02 6.4718499756e+02 6.4718597412e+02 6.4718298340e+02
6.4711602783e+02 6.4711602783e+02 6.4712500000e+02 6.4712701416e+02 6.4713397217e+02 6.4714599609e+02 6.4715600586e+02 6.4716900635e+02 6.4718402100e+02 6.4719201660e+02 6.4719097900e+02 6.4719702148e+02 6.4721502686e+02 6.4721697998e+02 6.4719396973e+02 6.4719598389e+02 6.4719299316e+02 6.4717901611e+02 6.4716900635e+02 6.4716699219e+02 6.4716601563e+02 6.4717401123e+02 6.4718902588e+02 6.4719897461e+02 6.4720001221e+02 6.4719299316e+02 6.4718902588e+02 6.4717602539e+02 6.4717297363e+02 6.4717297363e+02 6.4716900635e+02 6.4716601563e+02 6.4715802002e+02 6.4715802002e+02 6.4717602539e+02 6.4719000244e+02 6.4720697021e+02 6.4721301270e+02 6.4720697021e+02 6.4720300293e+02 6.4719201660e+02 6.4718597412e+02 6.4720697021e+02 6.4721099854e+02 6.4719897461e+02 6.4719000244e+02
6.4715002441e+02 6.4714697266e+02 6.4715197754e+02 6.4714697266e+02 6.4714898682e+02 6.4715698242e+02 6.4716198730e+02 6.4717199707e+02 6.4717999268e+02 6.4718701172e+02 6.4719897461e+02 6.4720501709e+02 6.4722100830e+02 6.4722698975e+02 6.4721099854e+02 6.4722698975e+02 6.4723297119e+02 6.4721899414e+02 6.4719500732e+02 6.4717700195e+02 6.4715100098e+02 6.4715100098e+02 6.4718200684e+02 6.4719799805e+02 6.4720599365e+02 6.4719799805e+02 6.4719299316e+02 6.4718902588e+02 6.4719000244e+02 6.4719097900e+02 6.4720098877e+02 6.4720001221e+02 6.4718902588e+02 6.4719201660e+02 6.4720800781e+02 6.4722900391e+02 6.4725201416e+02 6.4725799561e+02 6.4724102783e+02 6.4722998047e+02 6.4722302246e+02 6.4722100830e+02 6.4724200439e+02 6.4723498535e+02 6.4721398926e+02 6.4720098877e+02
6.4717797852e+02 6.4717498779e+02 6.4717498779e+02 6.4716497803e+02 6.4716302490e+02 6.4716400146e+02 6.4716198730e+02 6.4717602539e+02 6.4718499756e+02 6.4719500732e+02 6.4721301270e+02 6.4721301270e+02 6.4721801758e+02 6.4722497559e+02 6.4722302246e+02 6.4724298096e+02 6.4725097656e+02 6.4723999023e+02 6.4721899414e+02 6.4720001221e+02 6.4716601563e+02 6.4715698242e+02 6.4717700195e+02 6.4718701172e+02 6.4719500732e+02 6.4719299316e+02 6.4718902588e+02 6.4719702148e+02 6.4720501709e+02 6.4721099854e+02 6.4722900391e+02 6.4722900391e+02 6.4722100830e+02 6.4722698975e+02 6.4724902344e+02 6.4726898193e+02 6.4728399658e+02 6.4728601074e+02 6.4727301025e+02 6.4726202393e+02 6.4725897217e+02 6.4725799561e+02 6.4726898193e+02 6.4725598145e+02 6.4723602295e+02 6.4722100830e+02
6.4719897461e+02 6.4719396973e+02 6.4718798828e+02 6.4718402100e+02 6.4717700195e+02 6.4716400146e+02 6.4715100098e+02 6.4717401123e+02 6.4718798828e+02 6.4720202637e+02 6.4721099854e+02 6.4721801758e+02 6.4721997070e+02 6.4722802734e+02 6.4723602295e+02 6.4724200439e+02 6.4724200439e+02 6.4723797607e+02 6.4723498535e+02 6.4722497559e+02 6.4721099854e+02 6.4720697021e+02 6.4719702148e+02 6.4719000244e+02 6.4718902588e+02 6.4718902588e+02 6.4719299316e+02 6.4720599365e+02 6.4721997070e+02 6.4723602295e+02 6.4725097656e+02 6.4725000000e+02 6.4725500488e+02 6.4727197266e+02 6.4729998779e+02 6.4731201172e+02 6.4731298828e+02 6.4730902100e+02 6.4730499268e+02 6.4729602051e+02 6.4729699707e+02 6.4729699707e+02 6.4730102539e+02 6.4728497314e+02 6.4726599121e+02 6.4724700928e+02
6.4720501709e+02 6.4720098877e+02 6.4720001221e+02 6.4718798828e+02 6.4717797852e+02 6.4716802979e+02 6.4716302490e+02 6.4717700195e+02 6.4719201660e+02 6.4720599365e+02 6.4721899414e+02 6.4722399902e+02 6.4723101807e+02 6.4723797607e+02 6.4724401855e+02 6.4724401855e+02 6.4724298096e+02 6.4724401855e+02 6.4725598145e+02 6.4725500488e+02 6.4724902344e+02 6.4725201416e+02 6.4724597168e+02 6.4724200439e+02 6.4723199463e+02 6.4721600342e+02 6.4721197510e+02 6.4721899414e+02 6.4723101807e+02 6.4724798584e+02 6.4726000977e+02 6.4726800537e+02 6.4728601074e+02 6.4730700684e+02 6.4733398438e+02 6.4735302734e+02 6.4734997559e+02 6.4733697510e+02 6.4732702637e+02 6.4733502197e+02 6.4734600830e+02 6.4734100342e+02 6.4733099365e+02 6.4731097412e+02 6.4728100586e+02 6.4725500488e+02
6.4720501709e+02 6.4720001221e+02 6.4720001221e+02 6.4717901611e+02 6.4716998291e+02 6.4716802979e+02 6.4717102051e+02 6.4718402100e+02 6.4719897461e+02 6.4721301270e+02 6.4722698975e+02 6.4723297119e+02 6.4723999023e+02 6.4724700928e+02 6.4725500488e+02 6.4725701904e+02 6.4725097656e+02 6.4724700928e+02 6.4725598145e+02 6.4726599121e+02 6.4726898193e+02 6.4727801514e+02 6.4727899170e+02 6.4728302002e+02 6.4728002930e+02 6.4726000977e+02 6.4724499512e+02 6.4724298096e+02 6.4724700928e+02 6.4726000977e+02 6.4727600098e+02 6.4728698730e+02 6.4730999756e+02 6.4733599854e+02 6.4736499023e+02 6.4738098145e+02 6.4737902832e+02 6.4736499023e+02 6.4735101318e+02 6.4736798096e+02 6.4738397217e+02 6.4737402344e+02 6.4735601807e+02 6.4733197021e+02 6.4729602051e+02 6.4726800537e+02
6.4721002197e+02 6.4720202637e+02 6.4720001221e+02 6.4717700195e+02 6.4716998291e+02 6.4716802979e+02 6.4717602539e+02 6.4719201660e+02 6.4720599365e+02 6.4721997070e+02 6.4723498535e+02 6.4724200439e+02 6.4724902344e+02 6.4725598145e+02 6.4726501465e+02 6.4727301025e+02 6.4726397705e+02 6.4725000000e+02 6.4725201416e+02 6.4726501465e+02 6.4727697754e+02 6.4729101563e+02 6.4729602051e+02 6.4730499268e+02 6.4731201172e+02 6.4730200195e+02 6.4728497314e+02 6.4728399658e+02 6.4728399658e+02 6.4728399658e+02 6.4729302979e+02 6.4730902100e+02 6.4733599854e+02 6.4735998535e+02 6.4738098145e+02 6.4739697266e+02 6.4739898682e+02 6.4738702393e+02 6.4737799072e+02 6.4739001465e+02 6.4740002441e+02 6.4739202881e+02 6.4737402344e+02 6.4734997559e+02 6.4731597900e+02 6.4728497314e+02
6.4722302246e+02 6.4721997070e+02 6.4720697021e+02 6.4718499756e+02 6.4717199707e+02 6.4716302490e+02 6.4717401123e+02 6.4719598389e+02 6.4721301270e+02 6.4723101807e+02 6.4725097656e+02 6.4725097656e+02 6.4726000977e+02 6.4726800537e+02 6.4727301025e+02 6.4728601074e+02 6.4727899170e+02 6.4726501465e+02 6.4726397705e+02 6.4726800537e+02 6.4728100586e+02 6.4729699707e+02 6.4731097412e+02 6.4731597900e+02 6.4732800293e+02 6.4733099365e+02 6.4732598877e+02 6.4732800293e+02 6.4733099365e+02 6.4731896973e+02 6.4730902100e+02 6.4733898926e+02 6.4736602783e+02 6.4737902832e+02 6.4738201904e+02 6.4741302490e+02 6.4741802979e+02 6.4740802002e+02 6.4741302490e+02 6.4742199707e+02 6.4741497803e+02 6.4740301514e+02 6.4739501953e+02 6.4737701416e+02 6.4735400391e+02 6.4732598877e+02
6.4722601318e+02 6.4722302246e+02 6.4721600342e+02 6.4720202637e+02 6.4719702148e+02 6.4718298340e+02 6.4718902588e+02 6.4720300293e+02 6.4722601318e+02 6.4724298096e+02 6.4725097656e+02 6.4725701904e+02 6.4727001953e+02 6.4728002930e+02 6.4728497314e+02 6.4729602051e+02 6.4728802490e+02 6.4727697754e+02 6.4727398682e+02 6.4728002930e+02 6.4728698730e+02 6.4729998779e+02 6.4732000732e+02 6.4732702637e+02 6.4734497070e+02 6.4735400391e+02 6.4735302734e+02 6.4737298584e+02 6.4738201904e+02 6.4736901855e+02 6.4735601807e+02 6.4736999512e+02 6.4738000488e+02 6.4738702393e+02 6.4739501953e+02 6.4743499756e+02 6.4744702148e+02 6.4743798828e+02 6.4743902588e+02 6.4744500732e+02 6.4743902588e+02 6.4743402100e+02 6.4743200684e+02 6.4740301514e+02 6.4737298584e+02 6.4734899902e+02
6.4723400879e+02 6.4723297119e+02 6.4722497559e+02 6.4721801758e+02 6.4722497559e+02 6.4721600342e+02 6.4721697998e+02 6.4722399902e+02 6.4723999023e+02 6.4725097656e+02 6.4725201416e+02 6.4725701904e+02 6.4727001953e+02 6.4728302002e+02 6.4729498291e+02 6.4730999756e+02 6.4730603027e+02 6.4729699707e+02 6.4729302979e+02 6.4729199219e+02 6.4729199219e+02 6.4730700684e+02 6.4732800293e+02 6.4733398438e+02 6.4735101318e+02 6.4736499023e+02 6.4737597656e+02 6.4740802002e+02 6.4742297363e+02 6.4741302490e+02 6.4740002441e+02 6.4739001465e+02 6.4738800049e+02 6.4739001465e+02 6.4740002441e+02 6.4744000244e+02 6.4746197510e+02 6.4746301270e+02 6.4746398926e+02 6.4747698975e+02 6.4747100830e+02 6.4745800781e+02 6.4744799805e+02 6.4741497803e+02 6.4739001465e+02 6.4737097168e+02
6.4724298096e+02 6.4724700928e+02 6.4724597168e+02 6.4723901367e+02 6.4725097656e+02 6.4724700928e+02 6.4725000000e+02 6.4725000000e+02 6.4725897217e+02 6.4726599121e+02 6.4726599121e+02 6.4726501465e+02 6.4727197266e+02 6.4728399658e+02 6.4729998779e+02 6.4732000732e+02 6.4732098389e+02 6.4731597900e+02 6.4731298828e+02 6.4731500244e+02 6.4731500244e+02 6.4732800293e+02 6.4733697510e+02 6.4734399414e+02 6.4735900879e+02 6.4737701416e+02 6.4739501953e+02 6.4742297363e+02 6.4743902588e+02 6.4743597412e+02 6.4743499756e+02 6.4741998291e+02 6.4741302490e+02 6.4740698242e+02 6.4740899658e+02 6.4743499756e+02 6.4746197510e+02 6.4747601318e+02 6.4748199463e+02 6.4749902344e+02 6.4749499512e+02 6.4747100830e+02 6.4744396973e+02 6.4741400146e+02 6.4740100098e+02 6.4739300537e+02
6.4725701904e+02 6.4726098633e+02 6.4726300049e+02 6.4725402832e+02 6.4726300049e+02 6.4726501465e+02 6.4727301025e+02 6.4728100586e+02 6.4728601074e+02 6.4729101563e+02 6.4729302979e+02 6.4728198242e+02 6.4728399658e+02 6.4729400635e+02 6.4730798340e+02 6.4732800293e+02 6.4733001709e+02 6.4732598877e+02 6.4732202148e+02 6.4733300781e+02 6.4733697510e+02 6.4734698486e+02 6.4734899902e+02 6.4735498047e+02 6.4736999512e+02 6.4739001465e+02 6.4741601563e+02 6.4743103027e+02 6.4744299316e+02 6.4744897461e+02 6.4745898438e+02 6.4744201660e+02 6.4743597412e+02 6.4742797852e+02 6.4742901611e+02 6.4743701172e+02 6.4745501709e+02 6.4747198486e+02 6.4748699951e+02 6.4749700928e+02 6.4749401855e+02 6.4747302246e+02 6.4744097900e+02 6.4742901611e+02 6.4743200684e+02 6.4743200684e+02
6.4727001953e+02 6.4727197266e+02 6.4728002930e+02 6.4728399658e+02 6.4729797363e+02 6.4729797363e+02 6.4730102539e+02 6.4731097412e+02 6.4731402588e+02 6.4731402588e+02 6.4731201172e+02 6.4730603027e+02 6.4731201172e+02 6.4732202148e+02 6.4732501221e+02 6.4732702637e+02 6.4732501221e+02 6.4732598877e+02 6.4732501221e+02 6.4733398438e+02 6.4734497070e+02 6.4734997559e+02 6.4735400391e+02 6.4736602783e+02 6.4738098145e+02 6.4740100098e+02 6.4741900635e+02 6.4742999268e+02 6.4743902588e+02 6.4744799805e+02 6.4746099854e+02 6.4745599365e+02 6.4744799805e+02 6.4743499756e+02 6.4743103027e+02 6.4744500732e+02 6.4746002197e+02 6.4746997070e+02 6.4748602295e+02 6.4748101807e+02 6.4747100830e+02 6.4746099854e+02 6.4745098877e+02 6.4744799805e+02 6.4745697021e+02 6.4746502686e+02
6.4728497314e+02 6.4728302002e+02 6.4729101563e+02 6.4730401611e+02 6.4732397461e+02 6.4732897949e+02 6.4733001709e+02 6.4733599854e+02 6.4733502197e+02 6.4733197021e+02 6.4732800293e+02 6.4732299805e+02 6.4732800293e+02 6.4733599854e+02 6.4733697510e+02 6.4733197021e+02 6.4732598877e+02 6.4732897949e+02 6.4733398438e+02 6.4734197998e+02 6.4734802246e+02 6.4735101318e+02 6.4736102295e+02 6.4737097168e+02 6.4738800049e+02 6.4740802002e+02 6.4741998291e+02 6.4742797852e+02 6.4743701172e+02 6.4744598389e+02 6.4746002197e+02 6.4745898438e+02 6.4745397949e+02 6.4744000244e+02 6.4743402100e+02 6.4745300293e+02 6.4746801758e+02 6.4747802734e+02 6.4749401855e+02 6.4748297119e+02 6.4746997070e+02 6.4746398926e+02 6.4746600342e+02 6.4747100830e+02 6.4748400879e+02 6.4749298096e+02
6.4730297852e+02 6.4730499268e+02 6.4731201172e+02 6.4732202148e+02 6.4733599854e+02 6.4734301758e+02 6.4734600830e+02 6.4734399414e+02 6.4733697510e+02 6.4733197021e+02 6.4733001709e+02 6.4733001709e+02 6.4733300781e+02 6.4734002686e+02 6.4734497070e+02 6.4734497070e+02 6.4733697510e+02 6.4733697510e+02 6.4734197998e+02 6.4735198975e+02 6.4735601807e+02 6.4735699463e+02 6.4737402344e+02 6.4738000488e+02 6.4739300537e+02 6.4740502930e+02 6.4741497803e+02 6.4742700195e+02 6.4743499756e+02 6.4744500732e+02 6.4745397949e+02 6.4744500732e+02 6.4745001221e+02 6.4744799805e+02 6.4744500732e+02 6.4746398926e+02 6.4747698975e+02 6.4748602295e+02 6.4750402832e+02 6.4750097656e+02 6.4748797607e+02 6.4747900391e+02 6.4747900391e+02 6.4747802734e+02 6.4748498535e+02 6.4749499512e+02
6.4731896973e+02 6.4732299805e+02 6.4733599854e+02 6.4734002686e+02 6.4734399414e+02 6.4734899902e+02 6.4734997559e+02 6.4734600830e+02 6.4734600830e+02 6.4734002686e+02 6.4733898926e+02 6.4734399414e+02 6.4735101318e+02 6.4735699463e+02 6.4736199951e+02 6.4737097168e+02 6.4735998535e+02 6.4735101318e+02 6.4735498047e+02 6.4736999512e+02 6.4737597656e+02 6.4736401367e+02 6.4735900879e+02 6.4738500977e+02 6.4740399170e+02 6.4740899658e+02 6.4740698242e+02 6.4742401123e+02 6.4743200684e+02 6.4744097900e+02 6.4744500732e+02 6.4742901611e+02 6.4743902588e+02 6.4745001221e+02 6.4746002197e+02 6.4747198486e+02 6.4748101807e+02 6.4748901367e+02 6.4750097656e+02 6.4751098633e+02 6.4750097656e+02 6.4748901367e+02 6.4748797607e+02 6.4748498535e+02 6.4748199463e+02 6.4748797607e+02
6.4733599854e+02 6.4733398438e+02 6.4734497070e+02 6.4735198975e+02 6.4735998535e+02 6.4736401367e+02 6.4736297607e+02 6.4736297607e+02 6.4736102295e+02 6.4735498047e+02 6.4735400391e+02 6.4735400391e+02 6.4736401367e+02 6.4737097168e+02 6.4736798096e+02 6.4737500000e+02 6.4736798096e+02 6.4736499023e+02 6.4737402344e+02 6.4738397217e+02 6.4738897705e+02 6.4738598633e+02 6.4737799072e+02 6.4738500977e+02 6.4739898682e+02 6.4740698242e+02 6.4740997314e+02 6.4741998291e+02 6.4742901611e+02 6.4743701172e+02 6.4744702148e+02 6.4743499756e+02 6.4744097900e+02 6.4745001221e+02 6.4745300293e+02 6.4747100830e+02 6.4748602295e+02 6.4749102783e+02 6.4749597168e+02 6.4751397705e+02 6.4751300049e+02 6.4750799561e+02 6.4749700928e+02 6.4748699951e+02 6.4748101807e+02 6.4747998047e+02
6.4736297607e+02 6.4735900879e+02 6.4736401367e+02 6.4737701416e+02 6.4738897705e+02 6.4739099121e+02 6.4738201904e+02 6.4738000488e+02 6.4737799072e+02 6.4737701416e+02 6.4736901855e+02 6.4736199951e+02 6.4737500000e+02 6.4738397217e+02 6.4737597656e+02 6.4738397217e+02 6.4738201904e+02 6.4738201904e+02 6.4739001465e+02 6.4739599609e+02 6.4739697266e+02 6.4740100098e+02 6.4739898682e+02 6.4740100098e+02 6.4739801025e+02 6.4739697266e+02 6.4740802002e+02 6.4741802979e+02 6.4742700195e+02 6.4743499756e+02 6.4744396973e+02 6.4743902588e+02 6.4744799805e+02 6.4745098877e+02 6.4744201660e+02 6.4746801758e+02 6.4749102783e+02 6.4750000000e+02 6.4750000000e+02 6.4750799561e+02 6.4750799561e+02 6.4751300049e+02 6.4750598145e+02 6.4749798584e+02 6.4749298096e+02 6.4748999023e+02
6.4738299561e+02 6.4738000488e+02 6.4738000488e+02 6.4739099121e+02 6.4740197754e+02 6.4740399170e+02 6.4739697266e+02 6.4739300537e+02 6.4738800049e+02 6.4738800049e+02 6.4737799072e+02 6.4737097168e+02 6.4738897705e+02 6.4739898682e+02 6.4738800049e+02 6.4739202881e+02 6.4739398193e+02 6.4739501953e+02 6.4740301514e+02 6.4740698242e+02 6.4740997314e+02 6.4741601563e+02 6.4741198730e+02 6.4741699219e+02 6.4740899658e+02 6.4740100098e+02 6.4740600586e+02 6.4741601563e+02 6.4742401123e+02 6.4743298340e+02 6.4743902588e+02 6.4743402100e+02 6.4744500732e+02 6.4744799805e+02 6.4744097900e+02 6.4746801758e+02 6.4748797607e+02 6.4749597168e+02 6.4749499512e+02 6.4749200439e+02 6.4748699951e+02 6.4749902344e+02 6.4750701904e+02 6.4751000977e+02 6.4750598145e+02 6.4750097656e+02
