TESTSERVER/24/14.asc
NCOLS 100
NROWS 100
XLLCORNER 8.6997500000e+03
YLLCORNER 2.8925025000e+05
CELLSIZE 5.0000000000e-01
NODATA_VALUE -9.9990000000e+03
[rows 60 to 79 of 100, columns 0 to 45 of 100]
6.4792700195e+02 6.4791497803e+02 6.4790100098e+02 6.4788098145e+02 6.4787200928e+02 6.4786102295e+02 6.4784698486e+02 6.4783801270e+02 6.4783099365e+02 6.4782299805e+02 6.4781402588e+02 6.4779199219e+02 6.4778997803e+02 6.4779302979e+02 6.4778997803e+02 6.4778698730e+02 6.4777899170e+02 6.4777697754e+02 6.4777301025e+02 6.4776898193e+02 6.4776800537e+02 6.4776898193e+02 6.4776898193e+02 6.4777600098e+02 6.4777398682e+02 6.4777001953e+02 6.4777001953e+02 6.4778198242e+02 6.4778100586e+02 6.4777600098e+02 6.4778198242e+02 6.4777502441e+02 6.4777801514e+02 6.4777398682e+02 6.4777502441e+02 6.4777197266e+02 6.4777099609e+02 6.4777001953e+02 6.4776397705e+02 6.4777301025e+02 6.4776898193e+02 6.4776000977e+02 6.4775000000e+02 6.4775799561e+02 6.4777001953e+02 6.4778100586e+02
6.4792999268e+02 6.4792498779e+02 6.4792102051e+02 6.4790301514e+02 6.4789202881e+02 6.4788201904e+02 6.4786700439e+02 6.4785998535e+02 6.4785198975e+02 6.4784399414e+02 6.4783801270e+02 6.4781597900e+02 6.4780798340e+02 6.4780700684e+02 6.4780102539e+02 6.4780999756e+02 6.4779602051e+02 6.4779101563e+02 6.4779101563e+02 6.4778900146e+02 6.4778900146e+02 6.4778900146e+02 6.4778698730e+02 6.4779400635e+02 6.4779302979e+02 6.4778997803e+02 6.4778900146e+02 6.4779699707e+02 6.4779901123e+02 6.4779602051e+02 6.4779498291e+02 6.4779199219e+02 6.4779199219e+02 6.4779101563e+02 6.4779400635e+02 6.4779998779e+02 6.4779400635e+02 6.4778497314e+02 6.4778497314e+02 6.4779101563e+02 6.4778302002e+02 6.4777697754e+02 6.4777600098e+02 6.4777697754e+02 6.4778399658e+02 6.4779998779e+02
6.4794598389e+02 6.4794201660e+02 6.4793902588e+02 6.4792602539e+02 6.4791802979e+02 6.4791101074e+02 6.4789099121e+02 6.4788000488e+02 6.4787097168e+02 6.4786297607e+02 6.4785302734e+02 6.4783300781e+02 6.4782800293e+02 6.4782598877e+02 6.4782098389e+02 6.4783197021e+02 6.4781298828e+02 6.4780499268e+02 6.4780999756e+02 6.4780700684e+02 6.4780603027e+02 6.4780603027e+02 6.4780700684e+02 6.4781298828e+02 6.4780798340e+02 6.4779998779e+02 6.4780499268e+02 6.4780902100e+02 6.4781201172e+02 6.4781298828e+02 6.4780798340e+02 6.4780798340e+02 6.4780798340e+02 6.4780798340e+02 6.4781097412e+02 6.4781896973e+02 6.4781500244e+02 6.4780798340e+02 6.4781097412e+02 6.4781097412e+02 6.4780499268e+02 6.4780200195e+02 6.4780700684e+02 6.4780499268e+02 6.4780401611e+02 6.4781701660e+02
6.4796600342e+02 6.4795697021e+02 6.4795202637e+02 6.4794799805e+02 6.4794299316e+02 6.4793402100e+02 6.4791101074e+02 6.4789898682e+02 6.4789099121e+02 6.4788299561e+02 6.4786999512e+02 6.4784899902e+02 6.4784600830e+02 6.4784698486e+02 6.4783898926e+02 6.4784698486e+02 6.4782501221e+02 6.4781201172e+02 6.4782397461e+02 6.4782397461e+02 6.4782397461e+02 6.4782397461e+02 6.4782397461e+02 6.4782897949e+02 6.4782702637e+02 6.4781701660e+02 6.4782000732e+02 6.4782202148e+02 6.4782501221e+02 6.4783099365e+02 6.4782598877e+02 6.4782501221e+02 6.4782397461e+02 6.4782397461e+02 6.4782501221e+02 6.4782702637e+02 6.4782897949e+02 6.4783197021e+02 6.4784100342e+02 6.4783599854e+02 6.4783197021e+02 6.4783300781e+02 6.4783898926e+02 6.4783898926e+02 6.4783001709e+02 6.4783801270e+02
6.4798101807e+02 6.4796997070e+02 6.4796197510e+02 6.4796600342e+02 6.4795599365e+02 6.4794000244e+02 6.4792797852e+02 6.4791601563e+02 6.4790899658e+02 6.4790301514e+02 6.4789398193e+02 6.4787097168e+02 6.4786199951e+02 6.4785601807e+02 6.4784997559e+02 6.4785797119e+02 6.4784301758e+02 6.4782598877e+02 6.4783398438e+02 6.4784100342e+02 6.4784100342e+02 6.4784100342e+02 6.4784197998e+02 6.4784002686e+02 6.4783801270e+02 6.4783197021e+02 6.4783099365e+02 6.4783001709e+02 6.4783099365e+02 6.4783599854e+02 6.4783599854e+02 6.4784100342e+02 6.4784197998e+02 6.4784301758e+02 6.4784600830e+02 6.4783398438e+02 6.4784002686e+02 6.4785400391e+02 6.4786199951e+02 6.4785198975e+02 6.4785797119e+02 6.4786199951e+02 6.4785699463e+02 6.4785998535e+02 6.4785601807e+02 6.4786401367e+02
6.4800097656e+02 6.4799401855e+02 6.4798101807e+02 6.4797399902e+02 6.4796002197e+02 6.4795098877e+02 6.4794500732e+02 6.4793200684e+02 6.4792901611e+02 6.4792297363e+02 6.4790899658e+02 6.4789300537e+02 6.4788299561e+02 6.4786700439e+02 6.4786297607e+02 6.4787298584e+02 6.4786199951e+02 6.4785198975e+02 6.4785198975e+02 6.4785101318e+02 6.4785198975e+02 6.4785198975e+02 6.4785400391e+02 6.4785101318e+02 6.4784698486e+02 6.4784301758e+02 6.4783801270e+02 6.4783300781e+02 6.4784197998e+02 6.4785198975e+02 6.4785198975e+02 6.4784899902e+02 6.4785101318e+02 6.4785797119e+02 6.4786199951e+02 6.4785101318e+02 6.4784997559e+02 6.4786102295e+02 6.4787298584e+02 6.4786499023e+02 6.4787200928e+02 6.4788201904e+02 6.4788299561e+02 6.4789001465e+02 6.4789099121e+02 6.4789599609e+02
6.4802899170e+02 6.4801702881e+02 6.4799798584e+02 6.4799102783e+02 6.4797497559e+02 6.4796301270e+02 6.4795501709e+02 6.4794702148e+02 6.4794799805e+02 6.4794201660e+02 6.4792700195e+02 6.4791400146e+02 6.4790399170e+02 6.4789001465e+02 6.4788500977e+02 6.4788702393e+02 6.4786999512e+02 6.4786102295e+02 6.4786499023e+02 6.4786401367e+02 6.4786401367e+02 6.4786499023e+02 6.4786499023e+02 6.4786102295e+02 6.4785699463e+02 6.4785400391e+02 6.4784899902e+02 6.4783801270e+02 6.4784197998e+02 6.4785302734e+02 6.4785601807e+02 6.4784997559e+02 6.4785198975e+02 6.4786297607e+02 6.4787200928e+02 6.4786297607e+02 6.4785998535e+02 6.4787200928e+02 6.4788800049e+02 6.4788897705e+02 6.4788897705e+02 6.4789501953e+02 6.4790002441e+02 6.4791400146e+02 6.4791802979e+02 6.4791998291e+02
6.4805297852e+02 6.4803698730e+02 6.4801702881e+02 6.4801397705e+02 6.4800000000e+02 6.4798297119e+02 6.4796997070e+02 6.4796398926e+02 6.4796398926e+02 6.4796002197e+02 6.4794799805e+02 6.4793499756e+02 6.4792700195e+02 6.4791802979e+02 6.4790600586e+02 6.4789599609e+02 6.4787597656e+02 6.4786901855e+02 6.4787597656e+02 6.4787500000e+02 6.4787597656e+02 6.4787701416e+02 6.4787597656e+02 6.4787200928e+02 6.4786798096e+02 6.4786401367e+02 6.4785900879e+02 6.4784600830e+02 6.4784197998e+02 6.4784997559e+02 6.4785699463e+02 6.4785998535e+02 6.4786499023e+02 6.4787298584e+02 6.4787701416e+02 6.4786999512e+02 6.4787097168e+02 6.4788098145e+02 6.4789202881e+02 6.4790301514e+02 6.4790100098e+02 6.4790100098e+02 6.4790698242e+02 6.4792602539e+02 6.4793499756e+02 6.4793597412e+02
6.4806896973e+02 6.4805700684e+02 6.4804199219e+02 6.4803002930e+02 6.4802001953e+02 6.4800897217e+02 6.4799798584e+02 6.4798297119e+02 6.4797698975e+02 6.4797198486e+02 6.4795697021e+02 6.4795397949e+02 6.4795098877e+02 6.4794598389e+02 6.4793499756e+02 6.4792999268e+02 6.4791198730e+02 6.4789697266e+02 6.4789599609e+02 6.4789202881e+02 6.4789099121e+02 6.4788702393e+02 6.4788800049e+02 6.4788299561e+02 6.4787799072e+02 6.4787200928e+02 6.4786297607e+02 6.4785998535e+02 6.4786102295e+02 6.4786798096e+02 6.4787701416e+02 6.4788299561e+02 6.4788598633e+02 6.4789300537e+02 6.4789099121e+02 6.4787701416e+02 6.4787500000e+02 6.4788702393e+02 6.4789898682e+02 6.4790802002e+02 6.4791302490e+02 6.4791497803e+02 6.4791699219e+02 6.4792797852e+02 6.4794097900e+02 6.4794799805e+02
6.4809100342e+02 6.4807800293e+02 6.4805798340e+02 6.4804901123e+02 6.4804101563e+02 6.4803198242e+02 6.4802398682e+02 6.4801098633e+02 6.4799597168e+02 6.4798297119e+02 6.4796997070e+02 6.4796997070e+02 6.4796997070e+02 6.4796899414e+02 6.4796002197e+02 6.4796502686e+02 6.4794299316e+02 6.4791699219e+02 6.4790899658e+02 6.4790197754e+02 6.4790100098e+02 6.4790197754e+02 6.4790997314e+02 6.4790002441e+02 6.4789202881e+02 6.4788397217e+02 6.4787500000e+02 6.4787597656e+02 6.4787799072e+02 6.4788397217e+02 6.4788897705e+02 6.4789501953e+02 6.4789898682e+02 6.4791101074e+02 6.4791400146e+02 6.4789801025e+02 6.4789202881e+02 6.4790698242e+02 6.4791900635e+02 6.4792199707e+02 6.4792602539e+02 6.4792797852e+02 6.4792797852e+02 6.4794201660e+02 6.4795599365e+02 6.4796502686e+02
6.4811602783e+02 6.4809997559e+02 6.4807702637e+02 6.4807098389e+02 6.4806298828e+02 6.4805401611e+02 6.4804602051e+02 6.4803497314e+02 6.4801800537e+02 6.4800097656e+02 6.4798797607e+02 6.4799102783e+02 6.4798400879e+02 6.4797497559e+02 6.4796398926e+02 6.4797497559e+02 6.4796398926e+02 6.4794598389e+02 6.4794097900e+02 6.4792401123e+02 6.4791497803e+02 6.4791400146e+02 6.4792401123e+02 6.4791497803e+02 6.4790698242e+02 6.4789898682e+02 6.4789001465e+02 6.4789599609e+02 6.4789599609e+02 6.4789599609e+02 6.4790100098e+02 6.4791601563e+02 6.4791998291e+02 6.4793200684e+02 6.4792999268e+02 6.4792199707e+02 6.4792199707e+02 6.4793298340e+02 6.4793499756e+02 6.4793902588e+02 6.4794799805e+02 6.4795098877e+02 6.4794500732e+02 6.4795898438e+02 6.4797802734e+02 6.4798999023e+02
6.4814099121e+02 6.4812597656e+02 6.4810101318e+02 6.4809301758e+02 6.4808502197e+02 6.4807598877e+02 6.4806402588e+02 6.4805200195e+02 6.4803698730e+02 6.4802099609e+02 6.4800897217e+02 6.4801300049e+02 6.4800701904e+02 6.4799499512e+02 6.4798101807e+02 6.4798901367e+02 6.4798297119e+02 6.4797601318e+02 6.4797399902e+02 6.4795599365e+02 6.4794702148e+02 6.4794097900e+02 6.4793902588e+02 6.4792901611e+02 6.4792199707e+02 6.4791400146e+02 6.4790301514e+02 6.4791601563e+02 6.4791900635e+02 6.4791400146e+02 6.4791101074e+02 6.4792797852e+02 6.4793798828e+02 6.4794799805e+02 6.4793798828e+02 6.4793597412e+02 6.4794201660e+02 6.4795098877e+02 6.4794702148e+02 6.4795397949e+02 6.4796600342e+02 6.4796997070e+02 6.4796301270e+02 6.4797698975e+02 6.4800500488e+02 6.4802197266e+02
6.4815600586e+02 6.4814898682e+02 6.4813800049e+02 6.4811798096e+02 6.4810797119e+02 6.4809698486e+02 6.4807800293e+02 6.4806597900e+02 6.4805700684e+02 6.4804797363e+02 6.4803900146e+02 6.4803399658e+02 6.4803198242e+02 6.4802600098e+02 6.4802001953e+02 6.4800500488e+02 6.4798901367e+02 6.4797998047e+02 6.4798101807e+02 6.4797198486e+02 6.4797302246e+02 6.4796997070e+02 6.4795599365e+02 6.4794598389e+02 6.4793902588e+02 6.4793200684e+02 6.4792602539e+02 6.4793499756e+02 6.4793701172e+02 6.4792700195e+02 6.4792901611e+02 6.4794097900e+02 6.4795397949e+02 6.4795599365e+02 6.4794702148e+02 6.4795202637e+02 6.4795300293e+02 6.4796099854e+02 6.4796398926e+02 6.4797198486e+02 6.4797998047e+02 6.4798602295e+02 6.4799401855e+02 6.4800299072e+02 6.4802502441e+02 6.4804199219e+02
6.4818402100e+02 6.4817199707e+02 6.4815802002e+02 6.4814202881e+02 6.4812902832e+02 6.4811602783e+02 6.4809899902e+02 6.4808697510e+02 6.4807598877e+02 6.4807397461e+02 6.4807000732e+02 6.4805700684e+02 6.4804797363e+02 6.4803497314e+02 6.4802801514e+02 6.4801702881e+02 6.4800201416e+02 6.4799298096e+02 6.4799102783e+02 6.4798297119e+02 6.4798400879e+02 6.4797802734e+02 6.4797198486e+02 6.4796697998e+02 6.4796099854e+02 6.4795501709e+02 6.4794598389e+02 6.4794897461e+02 6.4795001221e+02 6.4794097900e+02 6.4794500732e+02 6.4794500732e+02 6.4795202637e+02 6.4796002197e+02 6.4795501709e+02 6.4796502686e+02 6.4796600342e+02 6.4797302246e+02 6.4797698975e+02 6.4798498535e+02 6.4799298096e+02 6.4800201416e+02 6.4800897217e+02 6.4802398682e+02 6.4804101563e+02 6.4805603027e+02
6.4821002197e+02 6.4819299316e+02 6.4817401123e+02 6.4816302490e+02 6.4814898682e+02 6.4813702393e+02 6.4812402344e+02 6.4811700439e+02 6.4810198975e+02 6.4809600830e+02 6.4809002686e+02 6.4808001709e+02 6.4807299805e+02 6.4805999756e+02 6.4804901123e+02 6.4803997803e+02 6.4802600098e+02 6.4801599121e+02 6.4801000977e+02 6.4800500488e+02 6.4800402832e+02 6.4799499512e+02 6.4798901367e+02 6.4798602295e+02 6.4797998047e+02 6.4797399902e+02 6.4796801758e+02 6.4796997070e+02 6.4796697998e+02 6.4795800781e+02 6.4795599365e+02 6.4795599365e+02 6.4795697021e+02 6.4796099854e+02 6.4796197510e+02 6.4797601318e+02 6.4797497559e+02 6.4797900391e+02 6.4798797607e+02 6.4800000000e+02 6.4800897217e+02 6.4801702881e+02 6.4802502441e+02 6.4803997803e+02 6.4805603027e+02 6.4807202148e+02
6.4822497559e+02 6.4820898438e+02 6.4819201660e+02 6.4818298340e+02 6.4816998291e+02 6.4815698242e+02 6.4814599609e+02 6.4814300537e+02 6.4812701416e+02 6.4811602783e+02 6.4810498047e+02 6.4809899902e+02 6.4809802246e+02 6.4808502197e+02 6.4807000732e+02 6.4806896973e+02 6.4805499268e+02 6.4804101563e+02 6.4803302002e+02 6.4802398682e+02 6.4802099609e+02 6.4801098633e+02 6.4800701904e+02 6.4800598145e+02 6.4800000000e+02 6.4799298096e+02 6.4798999023e+02 6.4799102783e+02 6.4798400879e+02 6.4797601318e+02 6.4796801758e+02 6.4797198486e+02 6.4797302246e+02 6.4796997070e+02 6.4797399902e+02 6.4799499512e+02 6.4799700928e+02 6.4799902344e+02 6.4800598145e+02 6.4801501465e+02 6.4802398682e+02 6.4803198242e+02 6.4803997803e+02 6.4805603027e+02 6.4807202148e+02 6.4808801270e+02
6.4823199463e+02 6.4822198486e+02 6.4821600342e+02 6.4820501709e+02 6.4819097900e+02 6.4817901611e+02 6.4816699219e+02 6.4815802002e+02 6.4814801025e+02 6.4813897705e+02 6.4812200928e+02 6.4811798096e+02 6.4811499023e+02 6.4810101318e+02 6.4808801270e+02 6.4808502197e+02 6.4807202148e+02 6.4805700684e+02 6.4805102539e+02 6.4804400635e+02 6.4803302002e+02 6.4802398682e+02 6.4802502441e+02 6.4802398682e+02 6.4801800537e+02 6.4801300049e+02 6.4800701904e+02 6.4800500488e+02 6.4799798584e+02 6.4799401855e+02 6.4798901367e+02 6.4799200439e+02 6.4799298096e+02 6.4799102783e+02 6.4800402832e+02 6.4801397705e+02 6.4801300049e+02 6.4801300049e+02 6.4802001953e+02 6.4803002930e+02 6.4803399658e+02 6.4804302979e+02 6.4806201172e+02 6.4807098389e+02 6.4808502197e+02 6.4809899902e+02
6.4824401855e+02 6.4823602295e+02 6.4823297119e+02 6.4823498535e+02 6.4821899414e+02 6.4819598389e+02 6.4818103027e+02 6.4817602539e+02 6.4816802979e+02 6.4815899658e+02 6.4814898682e+02 6.4814801025e+02 6.4813800049e+02 6.4811901855e+02 6.4811199951e+02 6.4809698486e+02 6.4808300781e+02 6.4807598877e+02 6.4806701660e+02 6.4806500244e+02 6.4805999756e+02 6.4805297852e+02 6.4804699707e+02 6.4804101563e+02 6.4803698730e+02 6.4803198242e+02 6.4802398682e+02 6.4801599121e+02 6.4801300049e+02 6.4801000977e+02 6.4801300049e+02 6.4801300049e+02 6.4801397705e+02 6.4801702881e+02 6.4802001953e+02 6.4802398682e+02 6.4802697754e+02 6.4803002930e+02 6.4803601074e+02 6.4804602051e+02 6.4804901123e+02 6.4806298828e+02 6.4808099365e+02 6.4809002686e+02 6.4810101318e+02 6.4811297607e+02
6.4826000977e+02 6.4825201416e+02 6.4824499512e+02 6.4825000000e+02 6.4823901367e+02 6.4821600342e+02 6.4819897461e+02 6.4819702148e+02 6.4818798828e+02 6.4817901611e+02 6.4816802979e+02 6.4816497803e+02 6.4815997314e+02 6.4814099121e+02 6.4813397217e+02 6.4811798096e+02 6.4810498047e+02 6.4810101318e+02 6.4809002686e+02 6.4808599854e+02 6.4808300781e+02 6.4808099365e+02 6.4807000732e+02 6.4806097412e+02 6.4805603027e+02 6.4805102539e+02 6.4804400635e+02 6.4803302002e+02 6.4802899170e+02 6.4802398682e+02 6.4802697754e+02 6.4802398682e+02 6.4802502441e+02 6.4803497314e+02 6.4803497314e+02 6.4803997803e+02 6.4804302979e+02 6.4804602051e+02 6.4805297852e+02 6.4806097412e+02 6.4807202148e+02 6.4808801270e+02 6.4809802246e+02 6.4810797119e+02 6.4811999512e+02 6.4813098145e+02
6.4827600098e+02 6.4826800537e+02 6.4825500488e+02 6.4825402832e+02 6.4825201416e+02 6.4823797607e+02 6.4822302246e+02 6.4821600342e+02 6.4820697021e+02 6.4819897461e+02 6.4818499756e+02 6.4818200684e+02 6.4818499756e+02 6.4816699219e+02 6.4814697266e+02 6.4812799072e+02 6.4811798096e+02 6.4811999512e+02 6.4811499023e+02 6.4810400391e+02 6.4809802246e+02 6.4809600830e+02 6.4808697510e+02 6.4808001709e+02 6.4807598877e+02 6.4807098389e+02 6.4806298828e+02 6.4805603027e+02 6.4805102539e+02 6.4804101563e+02 6.4803997803e+02 6.4803997803e+02 6.4804400635e+02 6.4805798340e+02 6.4805603027e+02 6.4805603027e+02 6.4805902100e+02 6.4806201172e+02 6.4807098389e+02 6.4807702637e+02 6.4809100342e+02 6.4810998535e+02 6.4811499023e+02 6.4812701416e+02 6.4813800049e+02 6.4815002441e+02
