TESTSERVER/24/15.asc
NCOLS 100
NROWS 100
XLLCORNER 8.6997500000e+03
YLLCORNER 2.8920025000e+05
CELLSIZE 5.0000000000e-01
NODATA_VALUE -9.9990000000e+03
[rows 40 to 59 of 100, columns 0 to 45 of 100]
6.4682800293e+02 6.4688098145e+02 6.4691900635e+02 6.4696099854e+02 6.4698602295e+02 6.4702001953e+02 6.4705798340e+02 6.4708001709e+02 6.4709301758e+02 6.4711999512e+02 6.4715698242e+02 6.4721099854e+02 6.4725897217e+02 6.4729901123e+02 6.4733001709e+02 6.4734002686e+02 6.4735900879e+02 6.4737701416e+02 6.4739697266e+02 6.4743798828e+02 6.4747399902e+02 6.4749401855e+02 6.4750097656e+02 6.4753900146e+02 6.4758197021e+02 6.4761999512e+02 6.4765600586e+02 6.4771801758e+02 6.4776300049e+02 6.4779400635e+02 6.4781701660e+02 6.4782202148e+02 6.4781500244e+02 6.4780798340e+02 6.4780902100e+02 6.4784802246e+02 6.4788098145e+02 6.4790100098e+02 6.4788897705e+02 6.4782702637e+02 6.4773797607e+02 6.4764599609e+02 6.4755200195e+02 6.4743499756e+02 6.4730999756e+02 6.4719000244e+02
6.4669097900e+02 6.4674700928e+02 6.4679602051e+02 6.4685400391e+02 6.4688299561e+02 6.4691400146e+02 6.4695098877e+02 6.4699401855e+02 6.4702398682e+02 6.4704901123e+02 6.4707800293e+02 6.4711798096e+02 6.4716302490e+02 6.4720202637e+02 6.4723498535e+02 6.4726000977e+02 6.4728997803e+02 6.4731799316e+02 6.4735101318e+02 6.4738000488e+02 6.4740502930e+02 6.4742999268e+02 6.4745098877e+02 6.4747802734e+02 6.4752197266e+02 6.4756201172e+02 6.4760101318e+02 6.4765698242e+02 6.4769702148e+02 6.4772100830e+02 6.4773602295e+02 6.4773901367e+02 6.4773101807e+02 6.4772497559e+02 6.4774102783e+02 6.4779400635e+02 6.4784497070e+02 6.4786901855e+02 6.4782598877e+02 6.4772998047e+02 6.4764300537e+02 6.4755401611e+02 6.4745501709e+02 6.4733502197e+02 6.4721600342e+02 6.4710302734e+02
6.4655401611e+02 6.4660998535e+02 6.4666400146e+02 6.4673498535e+02 6.4677197266e+02 6.4680499268e+02 6.4684497070e+02 6.4690100098e+02 6.4694897461e+02 6.4697802734e+02 6.4699902344e+02 6.4703198242e+02 6.4707202148e+02 6.4710400391e+02 6.4713299561e+02 6.4716998291e+02 6.4720898438e+02 6.4724102783e+02 6.4727502441e+02 6.4730798340e+02 6.4733502197e+02 6.4735900879e+02 6.4738702393e+02 6.4741101074e+02 6.4745800781e+02 6.4749499512e+02 6.4752697754e+02 6.4758398438e+02 6.4762298584e+02 6.4764202881e+02 6.4765698242e+02 6.4765997314e+02 6.4765600586e+02 6.4765502930e+02 6.4767797852e+02 6.4773602295e+02 6.4778698730e+02 6.4780297852e+02 6.4774798584e+02 6.4763800049e+02 6.4753997803e+02 6.4744500732e+02 6.4734899902e+02 6.4722998047e+02 6.4711401367e+02 6.4700402832e+02
6.4641101074e+02 6.4646801758e+02 6.4652099609e+02 6.4659997559e+02 6.4665197754e+02 6.4669500732e+02 6.4674401855e+02 6.4679699707e+02 6.4685400391e+02 6.4689398193e+02 6.4691198730e+02 6.4694097900e+02 6.4697601318e+02 6.4701202393e+02 6.4704498291e+02 6.4707800293e+02 6.4711499023e+02 6.4714202881e+02 6.4717401123e+02 6.4721801758e+02 6.4725299072e+02 6.4727197266e+02 6.4729797363e+02 6.4732702637e+02 6.4737298584e+02 6.4741302490e+02 6.4744500732e+02 6.4750000000e+02 6.4753698730e+02 6.4755401611e+02 6.4757000732e+02 6.4757397461e+02 6.4757598877e+02 6.4758099365e+02 6.4760498047e+02 6.4765899658e+02 6.4770202637e+02 6.4770800781e+02 6.4765002441e+02 6.4753302002e+02 6.4742401123e+02 6.4732299805e+02 6.4722900391e+02 6.4711401367e+02 6.4700097656e+02 6.4689801025e+02
6.4625897217e+02 6.4631896973e+02 6.4636499023e+02 6.4644000244e+02 6.4650000000e+02 6.4655102539e+02 6.4661102295e+02 6.4667498779e+02 6.4673199463e+02 6.4678399658e+02 6.4681298828e+02 6.4684698486e+02 6.4689202881e+02 6.4694000244e+02 6.4697399902e+02 6.4699499512e+02 6.4702502441e+02 6.4704699707e+02 6.4708099365e+02 6.4713201904e+02 6.4716302490e+02 6.4717498779e+02 6.4720098877e+02 6.4724200439e+02 6.4728302002e+02 6.4732299805e+02 6.4736102295e+02 6.4741802979e+02 6.4745202637e+02 6.4746502686e+02 6.4747198486e+02 6.4747900391e+02 6.4748498535e+02 6.4748999023e+02 6.4751202393e+02 6.4754998779e+02 6.4757000732e+02 6.4756097412e+02 6.4749401855e+02 6.4741302490e+02 6.4729901123e+02 6.4718499756e+02 6.4706597900e+02 6.4697198486e+02 6.4686700439e+02 6.4677697754e+02
6.4610101318e+02 6.4617102051e+02 6.4622601318e+02 6.4629498291e+02 6.4634997559e+02 6.4639501953e+02 6.4645098877e+02 6.4652398682e+02 6.4658801270e+02 6.4665997314e+02 6.4671398926e+02 6.4674200439e+02 6.4679400635e+02 6.4684600830e+02 6.4688397217e+02 6.4690399170e+02 6.4692797852e+02 6.4693798828e+02 6.4697601318e+02 6.4702099609e+02 6.4705700684e+02 6.4708502197e+02 6.4711602783e+02 6.4716198730e+02 6.4720898438e+02 6.4724499512e+02 6.4726898193e+02 6.4732501221e+02 6.4735101318e+02 6.4735797119e+02 6.4736700439e+02 6.4738299561e+02 6.4739202881e+02 6.4739202881e+02 6.4740399170e+02 6.4743200684e+02 6.4743499756e+02 6.4741802979e+02 6.4737597656e+02 6.4729199219e+02 6.4717199707e+02 6.4703997803e+02 6.4691497803e+02 6.4681298828e+02 6.4672698975e+02 6.4666198730e+02
6.4593597412e+02 6.4601202393e+02 6.4607299805e+02 6.4614801025e+02 6.4620697021e+02 6.4625000000e+02 6.4630200195e+02 6.4636798096e+02 6.4642999268e+02 6.4651202393e+02 6.4659197998e+02 6.4663397217e+02 6.4669500732e+02 6.4674700928e+02 6.4678302002e+02 6.4680700684e+02 6.4683001709e+02 6.4684002686e+02 6.4687701416e+02 6.4691497803e+02 6.4695202637e+02 6.4698602295e+02 6.4701898193e+02 6.4705798340e+02 6.4710998535e+02 6.4714501953e+02 6.4717102051e+02 6.4722399902e+02 6.4724298096e+02 6.4723797607e+02 6.4726599121e+02 6.4728601074e+02 6.4729101563e+02 6.4728497314e+02 6.4728698730e+02 6.4730603027e+02 6.4730499268e+02 6.4728497314e+02 6.4724597168e+02 6.4716302490e+02 6.4703997803e+02 6.4690502930e+02 6.4678100586e+02 6.4669000244e+02 6.4661999512e+02 6.4656896973e+02
6.4577899170e+02 6.4585101318e+02 6.4591400146e+02 6.4599499512e+02 6.4606701660e+02 6.4611700439e+02 6.4615899658e+02 6.4621697998e+02 6.4627697754e+02 6.4635498047e+02 6.4642602539e+02 6.4648602295e+02 6.4658300781e+02 6.4665002441e+02 6.4667498779e+02 6.4669598389e+02 6.4672497559e+02 6.4675097656e+02 6.4678997803e+02 6.4681896973e+02 6.4685400391e+02 6.4688201904e+02 6.4692401123e+02 6.4696002197e+02 6.4700799561e+02 6.4704901123e+02 6.4708099365e+02 6.4713201904e+02 6.4715002441e+02 6.4713598633e+02 6.4718200684e+02 6.4719897461e+02 6.4719500732e+02 6.4717901611e+02 6.4716699219e+02 6.4717602539e+02 6.4716802979e+02 6.4714501953e+02 6.4710900879e+02 6.4702899170e+02 6.4690899658e+02 6.4678002930e+02 6.4666497803e+02 6.4659100342e+02 6.4653399658e+02 6.4648999023e+02
6.4562200928e+02 6.4570300293e+02 6.4575799561e+02 6.4584002686e+02 6.4592401123e+02 6.4598797607e+02 6.4601501465e+02 6.4607000732e+02 6.4613098145e+02 6.4620098877e+02 6.4625799561e+02 6.4632098389e+02 6.4643298340e+02 6.4651702881e+02 6.4656402588e+02 6.4659002686e+02 6.4661401367e+02 6.4664697266e+02 6.4669097900e+02 6.4672497559e+02 6.4675799561e+02 6.4678601074e+02 6.4682598877e+02 6.4685498047e+02 6.4689697266e+02 6.4694396973e+02 6.4698498535e+02 6.4702001953e+02 6.4703399658e+02 6.4703698730e+02 6.4711102295e+02 6.4712701416e+02 6.4710699463e+02 6.4707397461e+02 6.4703900146e+02 6.4704199219e+02 6.4703100586e+02 6.4700701904e+02 6.4696600342e+02 6.4688201904e+02 6.4677001953e+02 6.4665698242e+02 6.4656701660e+02 6.4650701904e+02 6.4645800781e+02 6.4641601563e+02
6.4543798828e+02 6.4553601074e+02 6.4560900879e+02 6.4568798828e+02 6.4576898193e+02 6.4585400391e+02 6.4590698242e+02 6.4595098877e+02 6.4600000000e+02 6.4605999756e+02 6.4612097168e+02 6.4617498779e+02 6.4625402832e+02 6.4632897949e+02 6.4641101074e+02 6.4645501709e+02 6.4648498535e+02 6.4652600098e+02 6.4659002686e+02 6.4662097168e+02 6.4664501953e+02 6.4666998291e+02 6.4671197510e+02 6.4673901367e+02 6.4677697754e+02 6.4682202148e+02 6.4686297607e+02 6.4688299561e+02 6.4690698242e+02 6.4696197510e+02 6.4705200195e+02 6.4705401611e+02 6.4702001953e+02 6.4697198486e+02 6.4693103027e+02 6.4692102051e+02 6.4690502930e+02 6.4687597656e+02 6.4682098389e+02 6.4672698975e+02 6.4662597656e+02 6.4653399658e+02 6.4646398926e+02 6.4640802002e+02 6.4636499023e+02 6.4633197021e+02
6.4524499512e+02 6.4534600830e+02 6.4544396973e+02 6.4553100586e+02 6.4561102295e+02 6.4570001221e+02 6.4577001953e+02 6.4581402588e+02 6.4586499023e+02 6.4592498779e+02 6.4598602295e+02 6.4603900146e+02 6.4609997559e+02 6.4616302490e+02 6.4624401855e+02 6.4629302979e+02 6.4633599854e+02 6.4639300537e+02 6.4647198486e+02 6.4650500488e+02 6.4653399658e+02 6.4655902100e+02 6.4660101318e+02 6.4663299561e+02 6.4666802979e+02 6.4669897461e+02 6.4673400879e+02 6.4675701904e+02 6.4679699707e+02 6.4687701416e+02 6.4696600342e+02 6.4694799805e+02 6.4690802002e+02 6.4685900879e+02 6.4682000732e+02 6.4680401611e+02 6.4678100586e+02 6.4674499512e+02 6.4668103027e+02 6.4658599854e+02 6.4649499512e+02 6.4641998291e+02 6.4636700439e+02 6.4631701660e+02 6.4627801514e+02 6.4624798584e+02
6.4505499268e+02 6.4516400146e+02 6.4527301025e+02 6.4536700439e+02 6.4544702148e+02 6.4553002930e+02 6.4560498047e+02 6.4565899658e+02 6.4571697998e+02 6.4577697754e+02 6.4583300781e+02 6.4588800049e+02 6.4595599365e+02 6.4601501465e+02 6.4608001709e+02 6.4612701416e+02 6.4617797852e+02 6.4624200439e+02 6.4633197021e+02 6.4638000488e+02 6.4642401123e+02 6.4645098877e+02 6.4648797607e+02 6.4652197266e+02 6.4655297852e+02 6.4657702637e+02 6.4661199951e+02 6.4663201904e+02 6.4667797852e+02 6.4676000977e+02 6.4683502197e+02 6.4681201172e+02 6.4677502441e+02 6.4673297119e+02 6.4670599365e+02 6.4668902588e+02 6.4665997314e+02 6.4661901855e+02 6.4655200195e+02 6.4645599365e+02 6.4637097168e+02 6.4630902100e+02 6.4627301025e+02 6.4623602295e+02 6.4620001221e+02 6.4616699219e+02
6.4487200928e+02 6.4498400879e+02 6.4508898926e+02 6.4518200684e+02 6.4526898193e+02 6.4535400391e+02 6.4542199707e+02 6.4549200439e+02 6.4554901123e+02 6.4561102295e+02 6.4566900635e+02 6.4571801758e+02 6.4579101563e+02 6.4584997559e+02 6.4590899658e+02 6.4596398926e+02 6.4602502441e+02 6.4609399414e+02 6.4617700195e+02 6.4622698975e+02 6.4628002930e+02 6.4631500244e+02 6.4635400391e+02 6.4639501953e+02 6.4644598389e+02 6.4648400879e+02 6.4651098633e+02 6.4651397705e+02 6.4654797363e+02 6.4660198975e+02 6.4661700439e+02 6.4664599609e+02 6.4662902832e+02 6.4660699463e+02 6.4659600830e+02 6.4658099365e+02 6.4655200195e+02 6.4650402832e+02 6.4644000244e+02 6.4633197021e+02 6.4625000000e+02 6.4620202637e+02 6.4618402100e+02 6.4615997314e+02 6.4612597656e+02 6.4609600830e+02
6.4468597412e+02 6.4479901123e+02 6.4489898682e+02 6.4500000000e+02 6.4508898926e+02 6.4518298340e+02 6.4525097656e+02 6.4532897949e+02 6.4539202881e+02 6.4545599365e+02 6.4552301025e+02 6.4557598877e+02 6.4563397217e+02 6.4568298340e+02 6.4574902344e+02 6.4579602051e+02 6.4585198975e+02 6.4592901611e+02 6.4602600098e+02 6.4607800293e+02 6.4612799072e+02 6.4616497803e+02 6.4622198486e+02 6.4627301025e+02 6.4632501221e+02 6.4635101318e+02 6.4635699463e+02 6.4636602783e+02 6.4642700195e+02 6.4648498535e+02 6.4650097656e+02 6.4652197266e+02 6.4652801514e+02 6.4651898193e+02 6.4649798584e+02 6.4647601318e+02 6.4644097900e+02 6.4638702393e+02 6.4631097412e+02 6.4621301270e+02 6.4615502930e+02 6.4612799072e+02 6.4611297607e+02 6.4609100342e+02 6.4606402588e+02 6.4603497314e+02
6.4448699951e+02 6.4461602783e+02 6.4472198486e+02 6.4482299805e+02 6.4491198730e+02 6.4500701904e+02 6.4507800293e+02 6.4515600586e+02 6.4522698975e+02 6.4529498291e+02 6.4535797119e+02 6.4541400146e+02 6.4547198486e+02 6.4551898193e+02 6.4560198975e+02 6.4565197754e+02 6.4569897461e+02 6.4576898193e+02 6.4585900879e+02 6.4591699219e+02 6.4597399902e+02 6.4601599121e+02 6.4607598877e+02 6.4613299561e+02 6.4618798828e+02 6.4621600342e+02 6.4622100830e+02 6.4626599121e+02 6.4636401367e+02 6.4642797852e+02 6.4641998291e+02 6.4644097900e+02 6.4645098877e+02 6.4643798828e+02 6.4640100098e+02 6.4636499023e+02 6.4632299805e+02 6.4626702881e+02 6.4619097900e+02 6.4611401367e+02 6.4608001709e+02 6.4606500244e+02 6.4604498291e+02 6.4602398682e+02 6.4600598145e+02 6.4598199463e+02
6.4426397705e+02 6.4442297363e+02 6.4454998779e+02 6.4464599609e+02 6.4473400879e+02 6.4482397461e+02 6.4490197754e+02 6.4497399902e+02 6.4505297852e+02 6.4513000488e+02 6.4519396973e+02 6.4524597168e+02 6.4530999756e+02 6.4536297607e+02 6.4544897461e+02 6.4550897217e+02 6.4555603027e+02 6.4561102295e+02 6.4569097900e+02 6.4575402832e+02 6.4582000732e+02 6.4586798096e+02 6.4592297363e+02 6.4597497559e+02 6.4602899170e+02 6.4606201172e+02 6.4608001709e+02 6.4616400146e+02 6.4628802490e+02 6.4634997559e+02 6.4633502197e+02 6.4636297607e+02 6.4637097168e+02 6.4634802246e+02 6.4629498291e+02 6.4625000000e+02 6.4620501709e+02 6.4615002441e+02 6.4607800293e+02 6.4602197266e+02 6.4600201416e+02 6.4599298096e+02 6.4597399902e+02 6.4596398926e+02 6.4595501709e+02 6.4593200684e+02
6.4404797363e+02 6.4423602295e+02 6.4439398193e+02 6.4447802734e+02 6.4456298828e+02 6.4464599609e+02 6.4470800781e+02 6.4478497314e+02 6.4487500000e+02 6.4497198486e+02 6.4503198242e+02 6.4507702637e+02 6.4515002441e+02 6.4521801758e+02 6.4528497314e+02 6.4534698486e+02 6.4540197754e+02 6.4545697021e+02 6.4554498291e+02 6.4559698486e+02 6.4565698242e+02 6.4571099854e+02 6.4578002930e+02 6.4582299805e+02 6.4586499023e+02 6.4590100098e+02 6.4592199707e+02 6.4602398682e+02 6.4615002441e+02 6.4621002197e+02 6.4622399902e+02 6.4626397705e+02 6.4626898193e+02 6.4623797607e+02 6.4617901611e+02 6.4613098145e+02 6.4608197021e+02 6.4602801514e+02 6.4597100830e+02 6.4592999268e+02 6.4591302490e+02 6.4590502930e+02 6.4589599609e+02 6.4590899658e+02 6.4590600586e+02 6.4588201904e+02
6.4378497314e+02 6.4397900391e+02 6.4414398193e+02 6.4425799561e+02 6.4437097168e+02 6.4447198486e+02 6.4454699707e+02 6.4463098145e+02 6.4471801758e+02 6.4480902100e+02 6.4485998535e+02 6.4490197754e+02 6.4498400879e+02 6.4506597900e+02 6.4513598633e+02 6.4518103027e+02 6.4522998047e+02 6.4529400635e+02 6.4538500977e+02 6.4544000244e+02 6.4550000000e+02 6.4554901123e+02 6.4561798096e+02 6.4566998291e+02 6.4571002197e+02 6.4574902344e+02 6.4577502441e+02 6.4585400391e+02 6.4598498535e+02 6.4608398438e+02 6.4613702393e+02 6.4614001465e+02 6.4611999512e+02 6.4608697510e+02 6.4603601074e+02 6.4598602295e+02 6.4593701172e+02 6.4589300537e+02 6.4586401367e+02 6.4583502197e+02 6.4581298828e+02 6.4580700684e+02 6.4581799316e+02 6.4584100342e+02 6.4584100342e+02 6.4582397461e+02
6.4349902344e+02 6.4368499756e+02 6.4385601807e+02 6.4401501465e+02 6.4415899658e+02 6.4427697754e+02 6.4436999512e+02 6.4446997070e+02 6.4455902100e+02 6.4463702393e+02 6.4467999268e+02 6.4473199463e+02 6.4481298828e+02 6.4489001465e+02 6.4496502686e+02 6.4501501465e+02 6.4506597900e+02 6.4513397217e+02 6.4522497559e+02 6.4528698730e+02 6.4534997559e+02 6.4539599609e+02 6.4546697998e+02 6.4552099609e+02 6.4554901123e+02 6.4558099365e+02 6.4563000488e+02 6.4570800781e+02 6.4584802246e+02 6.4596301270e+02 6.4600897217e+02 6.4595800781e+02 6.4592602539e+02 6.4591699219e+02 6.4590502930e+02 6.4584600830e+02 6.4579699707e+02 6.4576202393e+02 6.4575097656e+02 6.4573400879e+02 6.4571301270e+02 6.4571099854e+02 6.4573199463e+02 6.4575799561e+02 6.4576702881e+02 6.4576599121e+02
6.4320800781e+02 6.4337799072e+02 6.4355297852e+02 6.4374401855e+02 6.4391198730e+02 6.4404400635e+02 6.4417602539e+02 6.4427801514e+02 6.4436602783e+02 6.4444201660e+02 6.4448400879e+02 6.4455102539e+02 6.4464001465e+02 6.4471197510e+02 6.4478497314e+02 6.4484301758e+02 6.4490600586e+02 6.4497900391e+02 6.4506500244e+02 6.4513897705e+02 6.4520300293e+02 6.4524798584e+02 6.4532098389e+02 6.4537402344e+02 6.4540600586e+02 6.4543402100e+02 6.4547998047e+02 6.4556201172e+02 6.4571301270e+02 6.4584100342e+02 6.4587298584e+02 6.4578198242e+02 6.4575402832e+02 6.4578002930e+02 6.4580603027e+02 6.4573498535e+02 6.4567901611e+02 6.4564697266e+02 6.4564202881e+02 6.4563702393e+02 6.4562902832e+02 6.4563397217e+02 6.4565698242e+02 6.4567700195e+02 6.4569000244e+02 6.4569500732e+02
