TESTSERVER/24/15.asc
NCOLS 100
NROWS 100
XLLCORNER 8.6997500000e+03
YLLCORNER 2.8920025000e+05
CELLSIZE 5.0000000000e-01
NODATA_VALUE -9.9990000000e+03
[rows 80 to 99 of 100, columns 0 to 45 of 100]
6.3780603027e+02 6.3793298340e+02 6.3806201172e+02 6.3823999023e+02 6.3836901855e+02 6.3849902344e+02 6.3865197754e+02 6.3879498291e+02 6.3892999268e+02 6.3906701660e+02 6.3921502686e+02 6.3936700439e+02 6.3953802490e+02 6.3973797607e+02 6.3995697021e+02 6.4008801270e+02 6.4022100830e+02 6.4037701416e+02 6.4054901123e+02 6.4065100098e+02 6.4076800537e+02 6.4088897705e+02 6.4101501465e+02 6.4124597168e+02 6.4143902588e+02 6.4159997559e+02 6.4173199463e+02 6.4186901855e+02 6.4200500488e+02 6.4216802979e+02 6.4235498047e+02 6.4249798584e+02 6.4260998535e+02 6.4273297119e+02 6.4282897949e+02 6.4291302490e+02 6.4296002197e+02 6.4299798584e+02 6.4305798340e+02 6.4309301758e+02 6.4312597656e+02 6.4315197754e+02 6.4319500732e+02 6.4324902344e+02 6.4327600098e+02 6.4329699707e+02
6.3757397461e+02 6.3769299316e+02 6.3784497070e+02 6.3802099609e+02 6.3813800049e+02 6.3825799561e+02 6.3841802979e+02 6.3856402588e+02 6.3869097900e+02 6.3881097412e+02 6.3892700195e+02 6.3908197021e+02 6.3926397705e+02 6.3946899414e+02 6.3967602539e+02 6.3983398438e+02 6.4000500488e+02 6.4017297363e+02 6.4030999756e+02 6.4039398193e+02 6.4049102783e+02 6.4060101318e+02 6.4074499512e+02 6.4097198486e+02 6.4115698242e+02 6.4129901123e+02 6.4142901611e+02 6.4159100342e+02 6.4174700928e+02 6.4188397217e+02 6.4202600098e+02 6.4218701172e+02 6.4234600830e+02 6.4247399902e+02 6.4257098389e+02 6.4268701172e+02 6.4274902344e+02 6.4277001953e+02 6.4281500244e+02 6.4285302734e+02 6.4289801025e+02 6.4294897461e+02 6.4299597168e+02 6.4304998779e+02 6.4307897949e+02 6.4310498047e+02
6.3733801270e+02 6.3745800781e+02 6.3761401367e+02 6.3777301025e+02 6.3788201904e+02 6.3800000000e+02 6.3815600586e+02 6.3830798340e+02 6.3843798828e+02 6.3855297852e+02 6.3866198730e+02 6.3881597900e+02 6.3898602295e+02 6.3918200684e+02 6.3939599609e+02 6.3957098389e+02 6.3976000977e+02 6.3992602539e+02 6.4004602051e+02 6.4012799072e+02 6.4022100830e+02 6.4031896973e+02 6.4046197510e+02 6.4068597412e+02 6.4088000488e+02 6.4103399658e+02 6.4116601563e+02 6.4133197021e+02 6.4150299072e+02 6.4164398193e+02 6.4174298096e+02 6.4187799072e+02 6.4206500244e+02 6.4221301270e+02 6.4230798340e+02 6.4243701172e+02 6.4251898193e+02 6.4255200195e+02 6.4259100342e+02 6.4261999512e+02 6.4268200684e+02 6.4275000000e+02 6.4279302979e+02 6.4284497070e+02 6.4287902832e+02 6.4291497803e+02
6.3709899902e+02 6.3722198486e+02 6.3737097168e+02 6.3750299072e+02 6.3761602783e+02 6.3775201416e+02 6.3790600586e+02 6.3805297852e+02 6.3817999268e+02 6.3829699707e+02 6.3842602539e+02 6.3858599854e+02 6.3874597168e+02 6.3893499756e+02 6.3915502930e+02 6.3932501221e+02 6.3949597168e+02 6.3964501953e+02 6.3977197266e+02 6.3986401367e+02 6.3995501709e+02 6.4003997803e+02 6.4017401123e+02 6.4038000488e+02 6.4058398438e+02 6.4076300049e+02 6.4089898682e+02 6.4106799316e+02 6.4124298096e+02 6.4139398193e+02 6.4149200439e+02 6.4159997559e+02 6.4177001953e+02 6.4191302490e+02 6.4202197266e+02 6.4214001465e+02 6.4223297119e+02 6.4229400635e+02 6.4235400391e+02 6.4239501953e+02 6.4246801758e+02 6.4253302002e+02 6.4257000732e+02 6.4262402344e+02 6.4267297363e+02 6.4272399902e+02
6.3683599854e+02 6.3697302246e+02 6.3713500977e+02 6.3726098633e+02 6.3738299561e+02 6.3753100586e+02 6.3768200684e+02 6.3782299805e+02 6.3794500732e+02 6.3806597900e+02 6.3820800781e+02 6.3837500000e+02 6.3854199219e+02 6.3872998047e+02 6.3894299316e+02 6.3909997559e+02 6.3925897217e+02 6.3939001465e+02 6.3951000977e+02 6.3960198975e+02 6.3969799805e+02 6.3978900146e+02 6.3991601563e+02 6.4010101318e+02 6.4029302979e+02 6.4047100830e+02 6.4059802246e+02 6.4075897217e+02 6.4093798828e+02 6.4110400391e+02 6.4122698975e+02 6.4131201172e+02 6.4143597412e+02 6.4157397461e+02 6.4173101807e+02 6.4184197998e+02 6.4192498779e+02 6.4199902344e+02 6.4210101318e+02 6.4215802002e+02 6.4222497559e+02 6.4228100586e+02 6.4232397461e+02 6.4237500000e+02 6.4244000244e+02 6.4250799561e+02
6.3661401367e+02 6.3675000000e+02 6.3690301514e+02 6.3704498291e+02 6.3716497803e+02 6.3729699707e+02 6.3743597412e+02 6.3757202148e+02 6.3770098877e+02 6.3783801270e+02 6.3798901367e+02 6.3815301514e+02 6.3831701660e+02 6.3850799561e+02 6.3870300293e+02 6.3884698486e+02 6.3899902344e+02 6.3912200928e+02 6.3924401855e+02 6.3933099365e+02 6.3943597412e+02 6.3952899170e+02 6.3965502930e+02 6.3983197021e+02 6.4001599121e+02 6.4019201660e+02 6.4032397461e+02 6.4047900391e+02 6.4064599609e+02 6.4080902100e+02 6.4093103027e+02 6.4103302002e+02 6.4114898682e+02 6.4128399658e+02 6.4142199707e+02 6.4154498291e+02 6.4163299561e+02 6.4171398926e+02 6.4182202148e+02 6.4189801025e+02 6.4196301270e+02 6.4202197266e+02 6.4207598877e+02 6.4212701416e+02 6.4219396973e+02 6.4226702881e+02
6.3638598633e+02 6.3650201416e+02 6.3664898682e+02 6.3678802490e+02 6.3691101074e+02 6.3705603027e+02 6.3721099854e+02 6.3735302734e+02 6.3748699951e+02 6.3762902832e+02 6.3778198242e+02 6.3792199707e+02 6.3806701660e+02 6.3826300049e+02 6.3846697998e+02 6.3859997559e+02 6.3874401855e+02 6.3887097168e+02 6.3899401855e+02 6.3908197021e+02 6.3918298340e+02 6.3926800537e+02 6.3939001465e+02 6.3955200195e+02 6.3974200439e+02 6.3992901611e+02 6.4006402588e+02 6.4020501709e+02 6.4034802246e+02 6.4049102783e+02 6.4061102295e+02 6.4072998047e+02 6.4086700439e+02 6.4101000977e+02 6.4111798096e+02 6.4121600342e+02 6.4131298828e+02 6.4142602539e+02 6.4153802490e+02 6.4161499023e+02 6.4168798828e+02 6.4175201416e+02 6.4181402588e+02 6.4187799072e+02 6.4194799805e+02 6.4201898193e+02
6.3613702393e+02 6.3623901367e+02 6.3638598633e+02 6.3652197266e+02 6.3664501953e+02 6.3680297852e+02 6.3697998047e+02 6.3713000488e+02 6.3726599121e+02 6.3741101074e+02 6.3756402588e+02 6.3769097900e+02 6.3783300781e+02 6.3803100586e+02 6.3822802734e+02 6.3835797119e+02 6.3850598145e+02 6.3863598633e+02 6.3874902344e+02 6.3884698486e+02 6.3894598389e+02 6.3901702881e+02 6.3913397217e+02 6.3929199219e+02 6.3948400879e+02 6.3966400146e+02 6.3978698730e+02 6.3991802979e+02 6.4004101563e+02 6.4016699219e+02 6.4028997803e+02 6.4040502930e+02 6.4055798340e+02 6.4071301270e+02 6.4082897949e+02 6.4090600586e+02 6.4099200439e+02 6.4111901855e+02 6.4123602295e+02 6.4131201172e+02 6.4140399170e+02 6.4148498535e+02 6.4153997803e+02 6.4160101318e+02 6.4167602539e+02 6.4174597168e+02
6.3589697266e+02 6.3599902344e+02 6.3612402344e+02 6.3627600098e+02 6.3639501953e+02 6.3653997803e+02 6.3672802734e+02 6.3686401367e+02 6.3701397705e+02 6.3717602539e+02 6.3732897949e+02 6.3747601318e+02 6.3762298584e+02 6.3780401611e+02 6.3798901367e+02 6.3811297607e+02 6.3825000000e+02 6.3837597656e+02 6.3849499512e+02 6.3861499023e+02 6.3872302246e+02 6.3879101563e+02 6.3887097168e+02 6.3905798340e+02 6.3925000000e+02 6.3940301514e+02 6.3951599121e+02 6.3963897705e+02 6.3975402832e+02 6.3987097168e+02 6.4000201416e+02 6.4009399414e+02 6.4022802734e+02 6.4036700439e+02 6.4050201416e+02 6.4060498047e+02 6.4068902588e+02 6.4080200195e+02 6.4091699219e+02 6.4096301270e+02 6.4106597900e+02 6.4117498779e+02 6.4123699951e+02 6.4132598877e+02 6.4140997314e+02 6.4148199463e+02
6.3566101074e+02 6.3575701904e+02 6.3588201904e+02 6.3603601074e+02 6.3614801025e+02 6.3627801514e+02 6.3644500732e+02 6.3658001709e+02 6.3674298096e+02 6.3692102051e+02 6.3710101318e+02 6.3724902344e+02 6.3739599609e+02 6.3757397461e+02 6.3774200439e+02 6.3785400391e+02 6.3798797607e+02 6.3812097168e+02 6.3824902344e+02 6.3835900879e+02 6.3845898438e+02 6.3853802490e+02 6.3864099121e+02 6.3883300781e+02 6.3902001953e+02 6.3915100098e+02 6.3923999023e+02 6.3935998535e+02 6.3946801758e+02 6.3958599854e+02 6.3970397949e+02 6.3980902100e+02 6.3994000244e+02 6.4007702637e+02 6.4021801758e+02 6.4034600830e+02 6.4043200684e+02 6.4051599121e+02 6.4062200928e+02 6.4068200684e+02 6.4077197266e+02 6.4086901855e+02 6.4095501709e+02 6.4105798340e+02 6.4115502930e+02 6.4123602295e+02
6.3541400146e+02 6.3551300049e+02 6.3564398193e+02 6.3578399658e+02 6.3589099121e+02 6.3601800537e+02 6.3618499756e+02 6.3631402588e+02 6.3647497559e+02 6.3666101074e+02 6.3685601807e+02 6.3700701904e+02 6.3716601563e+02 6.3734698486e+02 6.3750402832e+02 6.3760302734e+02 6.3771899414e+02 6.3785101318e+02 6.3799798584e+02 6.3810400391e+02 6.3819702148e+02 6.3829400635e+02 6.3842102051e+02 6.3860797119e+02 6.3877301025e+02 6.3888702393e+02 6.3896502686e+02 6.3907897949e+02 6.3918499756e+02 6.3929998779e+02 6.3939898682e+02 6.3951000977e+02 6.3964099121e+02 6.3977600098e+02 6.3991302490e+02 6.4002697754e+02 6.4011297607e+02 6.4019500732e+02 6.4031402588e+02 6.4039898682e+02 6.4048101807e+02 6.4056500244e+02 6.4066198730e+02 6.4076898193e+02 6.4088299561e+02 6.4097497559e+02
6.3517498779e+02 6.3526702881e+02 6.3539801025e+02 6.3552899170e+02 6.3564001465e+02 6.3577398682e+02 6.3593798828e+02 6.3605297852e+02 6.3620397949e+02 6.3638800049e+02 6.3658502197e+02 6.3675201416e+02 6.3692401123e+02 6.3709899902e+02 6.3725201416e+02 6.3735797119e+02 6.3746502686e+02 6.3759197998e+02 6.3774102783e+02 6.3783197021e+02 6.3792498779e+02 6.3804400635e+02 6.3817401123e+02 6.3833398438e+02 6.3847900391e+02 6.3858599854e+02 6.3866400146e+02 6.3878601074e+02 6.3889001465e+02 6.3900402832e+02 6.3910601807e+02 6.3920397949e+02 6.3933599854e+02 6.3946801758e+02 6.3959197998e+02 6.3969097900e+02 6.3978497314e+02 6.3987902832e+02 6.4000897217e+02 6.4010400391e+02 6.4018499756e+02 6.4026800537e+02 6.4037597656e+02 6.4047198486e+02 6.4058502197e+02 6.4068597412e+02
6.3495501709e+02 6.3503997803e+02 6.3516198730e+02 6.3528698730e+02 6.3540399170e+02 6.3553497314e+02 6.3568103027e+02 6.3579998779e+02 6.3594299316e+02 6.3611102295e+02 6.3630297852e+02 6.3650097656e+02 6.3668103027e+02 6.3684497070e+02 6.3697900391e+02 6.3709698486e+02 6.3721197510e+02 6.3733099365e+02 6.3747900391e+02 6.3756701660e+02 6.3765600586e+02 6.3776599121e+02 6.3788800049e+02 6.3801800537e+02 6.3817498779e+02 6.3829699707e+02 6.3838299561e+02 6.3850500488e+02 6.3860998535e+02 6.3872198486e+02 6.3883599854e+02 6.3891900635e+02 6.3903900146e+02 6.3915997314e+02 6.3927197266e+02 6.3939001465e+02 6.3950500488e+02 6.3959997559e+02 6.3970202637e+02 6.3979602051e+02 6.3989202881e+02 6.3999597168e+02 6.4011499023e+02 6.4018597412e+02 6.4027099609e+02 6.4036499023e+02
6.3473602295e+02 6.3481896973e+02 6.3493200684e+02 6.3506701660e+02 6.3517797852e+02 6.3529602051e+02 6.3544702148e+02 6.3556896973e+02 6.3570697021e+02 6.3585998535e+02 6.3606201172e+02 6.3624700928e+02 6.3642102051e+02 6.3659698486e+02 6.3671301270e+02 6.3683099365e+02 6.3696099854e+02 6.3707397461e+02 6.3720599365e+02 6.3732202148e+02 6.3740899658e+02 6.3748400879e+02 6.3758398438e+02 6.3770300293e+02 6.3786700439e+02 6.3801300049e+02 6.3810601807e+02 6.3819897461e+02 6.3829302979e+02 6.3840600586e+02 6.3850897217e+02 6.3861297607e+02 6.3874798584e+02 6.3888201904e+02 6.3900000000e+02 6.3911102295e+02 6.3921502686e+02 6.3931597900e+02 6.3943499756e+02 6.3950402832e+02 6.3960797119e+02 6.3971997070e+02 6.3981896973e+02 6.3989001465e+02 6.3996600342e+02 6.4004901123e+02
6.3451898193e+02 6.3460498047e+02 6.3470501709e+02 6.3482702637e+02 6.3494201660e+02 6.3506799316e+02 6.3521899414e+02 6.3533300781e+02 6.3546997070e+02 6.3562200928e+02 6.3580401611e+02 6.3598400879e+02 6.3616101074e+02 6.3633599854e+02 6.3643402100e+02 6.3653698730e+02 6.3666601563e+02 6.3678900146e+02 6.3693499756e+02 6.3706500244e+02 6.3714599609e+02 6.3719598389e+02 6.3727502441e+02 6.3739300537e+02 6.3754602051e+02 6.3770001221e+02 6.3781201172e+02 6.3789898682e+02 6.3799700928e+02 6.3810498047e+02 6.3819097900e+02 6.3832000732e+02 6.3847698975e+02 6.3861798096e+02 6.3872601318e+02 6.3883001709e+02 6.3892401123e+02 6.3901800537e+02 6.3914398193e+02 6.3920800781e+02 6.3931201172e+02 6.3942401123e+02 6.3952301025e+02 6.3960797119e+02 6.3969299316e+02 6.3977001953e+02
6.3431402588e+02 6.3440600586e+02 6.3450000000e+02 6.3459497070e+02 6.3470202637e+02 6.3483099365e+02 6.3497802734e+02 6.3508502197e+02 6.3522698975e+02 6.3538098145e+02 6.3553997803e+02 6.3571099854e+02 6.3587298584e+02 6.3603198242e+02 6.3613897705e+02 6.3623199463e+02 6.3634399414e+02 6.3647302246e+02 6.3664001465e+02 6.3676599121e+02 6.3685400391e+02 6.3691101074e+02 6.3698400879e+02 6.3710699463e+02 6.3724798584e+02 6.3738299561e+02 6.3748602295e+02 6.3759399414e+02 6.3771697998e+02 6.3783001709e+02 6.3791900635e+02 6.3806097412e+02 6.3821398926e+02 6.3833599854e+02 6.3843597412e+02 6.3855200195e+02 6.3865698242e+02 6.3874902344e+02 6.3885699463e+02 6.3893103027e+02 6.3903302002e+02 6.3913098145e+02 6.3922998047e+02 6.3932397461e+02 6.3941699219e+02 6.3948797607e+02
6.3409399414e+02 6.3419396973e+02 6.3431298828e+02 6.3439202881e+02 6.3447900391e+02 6.3459399414e+02 6.3473999023e+02 6.3485498047e+02 6.3498999023e+02 6.3513702393e+02 6.3529302979e+02 6.3545397949e+02 6.3559497070e+02 6.3573199463e+02 6.3584802246e+02 6.3595001221e+02 6.3605499268e+02 6.3617901611e+02 6.3633300781e+02 6.3645397949e+02 6.3655102539e+02 6.3662799072e+02 6.3671398926e+02 6.3683697510e+02 6.3697802734e+02 6.3709197998e+02 6.3718103027e+02 6.3729400635e+02 6.3740899658e+02 6.3752600098e+02 6.3767700195e+02 6.3777502441e+02 6.3791302490e+02 6.3804602051e+02 6.3816497803e+02 6.3826000977e+02 6.3835797119e+02 6.3845599365e+02 6.3856701660e+02 6.3867602539e+02 6.3877697754e+02 6.3885400391e+02 6.3893597412e+02 6.3901397705e+02 6.3910400391e+02 6.3918402100e+02
6.3389398193e+02 6.3398498535e+02 6.3409100342e+02 6.3419000244e+02 6.3427600098e+02 6.3437701416e+02 6.3452099609e+02 6.3463800049e+02 6.3476098633e+02 6.3489202881e+02 6.3502697754e+02 6.3516400146e+02 6.3530603027e+02 6.3545898438e+02 6.3558001709e+02 6.3568200684e+02 6.3578900146e+02 6.3589501953e+02 6.3602398682e+02 6.3615899658e+02 6.3627001953e+02 6.3634002686e+02 6.3644396973e+02 6.3656298828e+02 6.3670001221e+02 6.3681402588e+02 6.3690399170e+02 6.3702899170e+02 6.3713000488e+02 6.3723498535e+02 6.3738299561e+02 6.3748101807e+02 6.3761798096e+02 6.3774700928e+02 6.3786901855e+02 6.3796502686e+02 6.3806298828e+02 6.3817199707e+02 6.3828698730e+02 6.3838299561e+02 6.3848602295e+02 6.3856500244e+02 6.3863098145e+02 6.3872100830e+02 6.3882501221e+02 6.3891101074e+02
6.3370202637e+02 6.3378900146e+02 6.3387597656e+02 6.3397698975e+02 6.3405798340e+02 6.3415100098e+02 6.3428997803e+02 6.3440600586e+02 6.3453198242e+02 6.3465899658e+02 6.3478302002e+02 6.3490100098e+02 6.3503302002e+02 6.3519097900e+02 6.3530499268e+02 6.3540301514e+02 6.3550799561e+02 6.3561499023e+02 6.3574597168e+02 6.3588598633e+02 6.3601397705e+02 6.3609197998e+02 6.3619500732e+02 6.3629998779e+02 6.3642297363e+02 6.3653900146e+02 6.3663598633e+02 6.3674200439e+02 6.3684002686e+02 6.3694598389e+02 6.3707702637e+02 6.3718902588e+02 6.3732397461e+02 6.3744299316e+02 6.3756097412e+02 6.3766302490e+02 6.3777301025e+02 6.3789697266e+02 6.3802502441e+02 6.3810198975e+02 6.3820098877e+02 6.3828900146e+02 6.3835601807e+02 6.3845098877e+02 6.3854797363e+02 6.3861999512e+02
6.3349401855e+02 6.3358801270e+02 6.3367401123e+02 6.3376300049e+02 6.3383300781e+02 6.3391802979e+02 6.3404901123e+02 6.3416302490e+02 6.3429498291e+02 6.3442999268e+02 6.3454901123e+02 6.3465399170e+02 6.3477301025e+02 6.3491900635e+02 6.3502697754e+02 6.3512200928e+02 6.3522198486e+02 6.3533898926e+02 6.3548498535e+02 6.3561297607e+02 6.3574499512e+02 6.3583801270e+02 6.3594299316e+02 6.3603302002e+02 6.3614501953e+02 6.3625402832e+02 6.3635302734e+02 6.3646697998e+02 6.3656799316e+02 6.3668103027e+02 6.3679302979e+02 6.3690100098e+02 6.3703198242e+02 6.3714202881e+02 6.3726202393e+02 6.3736700439e+02 6.3746997070e+02 6.3759899902e+02 6.3774597168e+02 6.3781701660e+02 6.3790997314e+02 6.3800701904e+02 6.3808398438e+02 6.3817102051e+02 6.3825299072e+02 6.3831097412e+02
