TESTSERVER/24/15.asc
NCOLS 100
NROWS 100
XLLCORNER 8.6997500000e+03
YLLCORNER 2.8920025000e+05
CELLSIZE 5.0000000000e-01
NODATA_VALUE -9.9990000000e+03
[rows 20 to 39 of 100, columns 46 to 91 of 100]
6.4844598389e+02 6.4839501953e+02 6.4834399414e+02 6.4830297852e+02 6.4829302979e+02 6.4826898193e+02 6.4821997070e+02 6.4815600586e+02 6.4807897949e+02 6.4800097656e+02 6.4793499756e+02 6.4788000488e+02 6.4783599854e+02 6.4779498291e+02 6.4775799561e+02 6.4772802734e+02 6.4769702148e+02 6.4767602539e+02 6.4765698242e+02 6.4765197754e+02 6.4762701416e+02 6.4758599854e+02 6.4757501221e+02 6.4755102539e+02 6.4750701904e+02 6.4750402832e+02 6.4748999023e+02 6.4746997070e+02 6.4744897461e+02 6.4741198730e+02 6.4738702393e+02 6.4737298584e+02 6.4734301758e+02 6.4732800293e+02 6.4730902100e+02 6.4727899170e+02 6.4725299072e+02 6.4724401855e+02 6.4722198486e+02 6.4719897461e+02 6.4717901611e+02 6.4717199707e+02 6.4715100098e+02 6.4713098145e+02 6.4712298584e+02 6.4710998535e+02
6.4840899658e+02 6.4834497070e+02 6.4829400635e+02 6.4826098633e+02 6.4823901367e+02 6.4820898438e+02 6.4815600586e+02 6.4808697510e+02 6.4800701904e+02 6.4792199707e+02 6.4785400391e+02 6.4780401611e+02 6.4776702881e+02 6.4773699951e+02 6.4769799805e+02 6.4766998291e+02 6.4764398193e+02 6.4761602783e+02 6.4759301758e+02 6.4758898926e+02 6.4755200195e+02 6.4752697754e+02 6.4753198242e+02 6.4750598145e+02 6.4745800781e+02 6.4744097900e+02 6.4740997314e+02 6.4738598633e+02 6.4737597656e+02 6.4734997559e+02 6.4732299805e+02 6.4730798340e+02 6.4727600098e+02 6.4726098633e+02 6.4724298096e+02 6.4720697021e+02 6.4719000244e+02 6.4717700195e+02 6.4715100098e+02 6.4713098145e+02 6.4712701416e+02 6.4710998535e+02 6.4708898926e+02 6.4707098389e+02 6.4706201172e+02 6.4704901123e+02
6.4839599609e+02 6.4830401611e+02 6.4823699951e+02 6.4819299316e+02 6.4816601563e+02 6.4812799072e+02 6.4807098389e+02 6.4800299072e+02 6.4792901611e+02 6.4784698486e+02 6.4778100586e+02 6.4773297119e+02 6.4769799805e+02 6.4766998291e+02 6.4763598633e+02 6.4760797119e+02 6.4757299805e+02 6.4754602051e+02 6.4753100586e+02 6.4752197266e+02 6.4746997070e+02 6.4746801758e+02 6.4748101807e+02 6.4744598389e+02 6.4739398193e+02 6.4737597656e+02 6.4734497070e+02 6.4732202148e+02 6.4730798340e+02 6.4728002930e+02 6.4725000000e+02 6.4722302246e+02 6.4719500732e+02 6.4719299316e+02 6.4716802979e+02 6.4713098145e+02 6.4711901855e+02 6.4710400391e+02 6.4708197021e+02 6.4707098389e+02 6.4707202148e+02 6.4705401611e+02 6.4703601074e+02 6.4701800537e+02 6.4700299072e+02 6.4698999023e+02
6.4840399170e+02 6.4827697754e+02 6.4818798828e+02 6.4812500000e+02 6.4808300781e+02 6.4803399658e+02 6.4797100830e+02 6.4790600586e+02 6.4784399414e+02 6.4777301025e+02 6.4771600342e+02 6.4766900635e+02 6.4763299561e+02 6.4760302734e+02 6.4757397461e+02 6.4755200195e+02 6.4751397705e+02 6.4749798584e+02 6.4747100830e+02 6.4744799805e+02 6.4740301514e+02 6.4740399170e+02 6.4740502930e+02 6.4736401367e+02 6.4732202148e+02 6.4731500244e+02 6.4727899170e+02 6.4724597168e+02 6.4723297119e+02 6.4720599365e+02 6.4716802979e+02 6.4713500977e+02 6.4711700439e+02 6.4710797119e+02 6.4707800293e+02 6.4704901123e+02 6.4704400635e+02 6.4702600098e+02 6.4700799561e+02 6.4700000000e+02 6.4699102783e+02 6.4698297119e+02 6.4697802734e+02 6.4696899414e+02 6.4694897461e+02 6.4693402100e+02
6.4842297363e+02 6.4828198242e+02 6.4816900635e+02 6.4807598877e+02 6.4801098633e+02 6.4794097900e+02 6.4786297607e+02 6.4780603027e+02 6.4777197266e+02 6.4769897461e+02 6.4765399170e+02 6.4761102295e+02 6.4756402588e+02 6.4753802490e+02 6.4751000977e+02 6.4748498535e+02 6.4747802734e+02 6.4746502686e+02 6.4741302490e+02 6.4738299561e+02 6.4737200928e+02 6.4735302734e+02 6.4732800293e+02 6.4728497314e+02 6.4725201416e+02 6.4724102783e+02 6.4720599365e+02 6.4717102051e+02 6.4715997314e+02 6.4714801025e+02 6.4709698486e+02 6.4707000732e+02 6.4706701660e+02 6.4704199219e+02 6.4700897217e+02 6.4699102783e+02 6.4697802734e+02 6.4695501709e+02 6.4694299316e+02 6.4693499756e+02 6.4691998291e+02 6.4691699219e+02 6.4691802979e+02 6.4690698242e+02 6.4688397217e+02 6.4687701416e+02
6.4839202881e+02 6.4828698730e+02 6.4817401123e+02 6.4807202148e+02 6.4798400879e+02 6.4787402344e+02 6.4777697754e+02 6.4772802734e+02 6.4770098877e+02 6.4762097168e+02 6.4757501221e+02 6.4753497314e+02 6.4749200439e+02 6.4746301270e+02 6.4742999268e+02 6.4741400146e+02 6.4741601563e+02 6.4739202881e+02 6.4734497070e+02 6.4732501221e+02 6.4730999756e+02 6.4727600098e+02 6.4723498535e+02 6.4720202637e+02 6.4718200684e+02 6.4715802002e+02 6.4712701416e+02 6.4709600830e+02 6.4707800293e+02 6.4707098389e+02 6.4703100586e+02 6.4700701904e+02 6.4698602295e+02 6.4695300293e+02 6.4693402100e+02 6.4692999268e+02 6.4691802979e+02 6.4689898682e+02 6.4688702393e+02 6.4687701416e+02 6.4685998535e+02 6.4686102295e+02 6.4686297607e+02 6.4684399414e+02 6.4681799316e+02 6.4680700684e+02
6.4833502197e+02 6.4823699951e+02 6.4812500000e+02 6.4802197266e+02 6.4792797852e+02 6.4780700684e+02 6.4770599365e+02 6.4765002441e+02 6.4761798096e+02 6.4755499268e+02 6.4750299072e+02 6.4745501709e+02 6.4742401123e+02 6.4739001465e+02 6.4734600830e+02 6.4732397461e+02 6.4732897949e+02 6.4730102539e+02 6.4726098633e+02 6.4724902344e+02 6.4723901367e+02 6.4720599365e+02 6.4715997314e+02 6.4712402344e+02 6.4710198975e+02 6.4707702637e+02 6.4705798340e+02 6.4703198242e+02 6.4700000000e+02 6.4698297119e+02 6.4694396973e+02 6.4693103027e+02 6.4690600586e+02 6.4686999512e+02 6.4685601807e+02 6.4685400391e+02 6.4684600830e+02 6.4682501221e+02 6.4681298828e+02 6.4680401611e+02 6.4678997803e+02 6.4679101563e+02 6.4679498291e+02 6.4678198242e+02 6.4676098633e+02 6.4674200439e+02
6.4825299072e+02 6.4815399170e+02 6.4804400635e+02 6.4793902588e+02 6.4784497070e+02 6.4773602295e+02 6.4764501953e+02 6.4758197021e+02 6.4753198242e+02 6.4748602295e+02 6.4743499756e+02 6.4738702393e+02 6.4736798096e+02 6.4733099365e+02 6.4728198242e+02 6.4726300049e+02 6.4725201416e+02 6.4721301270e+02 6.4718298340e+02 6.4717999268e+02 6.4716101074e+02 6.4714099121e+02 6.4710797119e+02 6.4707000732e+02 6.4703100586e+02 6.4700000000e+02 6.4697900391e+02 6.4695397949e+02 6.4691699219e+02 6.4688800049e+02 6.4685198975e+02 6.4685400391e+02 6.4683001709e+02 6.4679998779e+02 6.4678302002e+02 6.4677398682e+02 6.4676898193e+02 6.4675201416e+02 6.4673999023e+02 6.4672698975e+02 6.4671899414e+02 6.4672601318e+02 6.4672601318e+02 6.4671002197e+02 6.4669000244e+02 6.4666802979e+02
6.4816101074e+02 6.4804797363e+02 6.4794000244e+02 6.4783300781e+02 6.4771002197e+02 6.4764501953e+02 6.4758197021e+02 6.4752197266e+02 6.4745501709e+02 6.4741101074e+02 6.4736798096e+02 6.4732299805e+02 6.4728601074e+02 6.4725000000e+02 6.4722698975e+02 6.4722399902e+02 6.4717999268e+02 6.4714099121e+02 6.4711401367e+02 6.4710400391e+02 6.4709399414e+02 6.4707800293e+02 6.4704998779e+02 6.4701202393e+02 6.4696502686e+02 6.4693902588e+02 6.4690802002e+02 6.4687200928e+02 6.4683801270e+02 6.4682299805e+02 6.4679400635e+02 6.4677001953e+02 6.4673297119e+02 6.4672302246e+02 6.4671997070e+02 6.4670800781e+02 6.4668798828e+02 6.4668200684e+02 6.4667602539e+02 6.4665997314e+02 6.4665600586e+02 6.4665899658e+02 6.4665399170e+02 6.4664001465e+02 6.4661401367e+02 6.4659399414e+02
6.4809497070e+02 6.4796997070e+02 6.4785101318e+02 6.4774102783e+02 6.4764300537e+02 6.4756097412e+02 6.4749902344e+02 6.4744396973e+02 6.4737500000e+02 6.4733599854e+02 6.4728900146e+02 6.4724401855e+02 6.4720898438e+02 6.4717199707e+02 6.4716400146e+02 6.4714801025e+02 6.4710797119e+02 6.4708001709e+02 6.4705102539e+02 6.4703900146e+02 6.4702697754e+02 6.4698602295e+02 6.4695202637e+02 6.4692700195e+02 6.4689300537e+02 6.4688000488e+02 6.4685101318e+02 6.4679998779e+02 6.4675097656e+02 6.4672302246e+02 6.4671301270e+02 6.4669201660e+02 6.4665600586e+02 6.4665100098e+02 6.4663800049e+02 6.4662500000e+02 6.4661401367e+02 6.4660302734e+02 6.4658697510e+02 6.4657800293e+02 6.4658599854e+02 6.4657897949e+02 6.4657098389e+02 6.4656402588e+02 6.4654199219e+02 6.4653100586e+02
6.4802001953e+02 6.4788397217e+02 6.4776000977e+02 6.4765502930e+02 6.4757598877e+02 6.4749200439e+02 6.4741998291e+02 6.4736199951e+02 6.4729998779e+02 6.4726300049e+02 6.4721002197e+02 6.4716998291e+02 6.4714697266e+02 6.4711401367e+02 6.4710198975e+02 6.4707000732e+02 6.4703601074e+02 6.4700701904e+02 6.4698101807e+02 6.4696801758e+02 6.4693701172e+02 6.4690100098e+02 6.4687701416e+02 6.4685400391e+02 6.4682202148e+02 6.4680401611e+02 6.4677502441e+02 6.4673498535e+02 6.4669396973e+02 6.4665100098e+02 6.4663500977e+02 6.4661297607e+02 6.4658300781e+02 6.4657501221e+02 6.4654998779e+02 6.4653601074e+02 6.4653399658e+02 6.4652697754e+02 6.4650701904e+02 6.4649401855e+02 6.4650201416e+02 6.4649401855e+02 6.4648498535e+02 6.4647900391e+02 6.4646899414e+02 6.4647399902e+02
6.4793402100e+02 6.4778698730e+02 6.4766302490e+02 6.4756597900e+02 6.4749798584e+02 6.4742199707e+02 6.4736297607e+02 6.4731097412e+02 6.4724597168e+02 6.4719097900e+02 6.4714001465e+02 6.4710797119e+02 6.4708697510e+02 6.4704901123e+02 6.4702600098e+02 6.4698199463e+02 6.4695898438e+02 6.4693499756e+02 6.4691400146e+02 6.4689697266e+02 6.4685101318e+02 6.4683697510e+02 6.4682000732e+02 6.4678997803e+02 6.4675500488e+02 6.4672302246e+02 6.4668798828e+02 6.4666101074e+02 6.4663800049e+02 6.4659497070e+02 6.4656500244e+02 6.4653802490e+02 6.4650598145e+02 6.4649798584e+02 6.4647399902e+02 6.4645501709e+02 6.4645001221e+02 6.4644897461e+02 6.4643902588e+02 6.4642498779e+02 6.4641601563e+02 6.4640899658e+02 6.4640698242e+02 6.4641101074e+02 6.4640899658e+02 6.4641101074e+02
6.4783099365e+02 6.4768597412e+02 6.4756799316e+02 6.4747900391e+02 6.4741400146e+02 6.4736401367e+02 6.4730603027e+02 6.4724902344e+02 6.4719500732e+02 6.4712902832e+02 6.4708502197e+02 6.4705102539e+02 6.4702697754e+02 6.4698498535e+02 6.4696197510e+02 6.4691998291e+02 6.4688598633e+02 6.4687597656e+02 6.4685302734e+02 6.4683197021e+02 6.4678997803e+02 6.4677001953e+02 6.4674597168e+02 6.4671197510e+02 6.4668103027e+02 6.4665600586e+02 6.4661999512e+02 6.4659301758e+02 6.4655499268e+02 6.4652301025e+02 6.4649700928e+02 6.4647100830e+02 6.4644000244e+02 6.4642700195e+02 6.4640502930e+02 6.4638500977e+02 6.4637701416e+02 6.4636700439e+02 6.4636999512e+02 6.4635797119e+02 6.4634301758e+02 6.4634002686e+02 6.4633599854e+02 6.4634197998e+02 6.4635498047e+02 6.4634497070e+02
6.4772802734e+02 6.4758898926e+02 6.4747900391e+02 6.4739898682e+02 6.4733801270e+02 6.4727697754e+02 6.4721600342e+02 6.4717297363e+02 6.4712402344e+02 6.4706896973e+02 6.4701702881e+02 6.4698199463e+02 6.4696899414e+02 6.4691998291e+02 6.4689501953e+02 6.4685998535e+02 6.4680798340e+02 6.4678997803e+02 6.4677801514e+02 6.4675897217e+02 6.4671899414e+02 6.4670599365e+02 6.4667700195e+02 6.4663000488e+02 6.4659301758e+02 6.4658099365e+02 6.4655798340e+02 6.4652398682e+02 6.4648297119e+02 6.4644702148e+02 6.4642797852e+02 6.4640600586e+02 6.4637701416e+02 6.4634802246e+02 6.4632800293e+02 6.4632299805e+02 6.4630499268e+02 6.4629498291e+02 6.4629797363e+02 6.4628100586e+02 6.4627099609e+02 6.4626898193e+02 6.4626300049e+02 6.4626599121e+02 6.4628302002e+02 6.4627801514e+02
6.4763000488e+02 6.4749597168e+02 6.4739300537e+02 6.4731597900e+02 6.4725402832e+02 6.4719598389e+02 6.4715502930e+02 6.4710797119e+02 6.4704199219e+02 6.4699700928e+02 6.4694201660e+02 6.4690802002e+02 6.4689300537e+02 6.4685101318e+02 6.4682098389e+02 6.4679199219e+02 6.4675299072e+02 6.4673297119e+02 6.4670800781e+02 6.4668701172e+02 6.4664801025e+02 6.4662500000e+02 6.4659497070e+02 6.4655401611e+02 6.4652001953e+02 6.4650097656e+02 6.4647802734e+02 6.4645697021e+02 6.4641802979e+02 6.4639001465e+02 6.4636499023e+02 6.4633599854e+02 6.4631402588e+02 6.4626800537e+02 6.4624200439e+02 6.4623999023e+02 6.4621899414e+02 6.4620501709e+02 6.4620397949e+02 6.4619396973e+02 6.4619201660e+02 6.4618103027e+02 6.4617199707e+02 6.4617602539e+02 6.4619299316e+02 6.4619097900e+02
6.4753601074e+02 6.4740997314e+02 6.4730999756e+02 6.4723400879e+02 6.4717199707e+02 6.4713897705e+02 6.4710601807e+02 6.4704602051e+02 6.4698101807e+02 6.4693298340e+02 6.4687200928e+02 6.4683300781e+02 6.4681201172e+02 6.4678698730e+02 6.4675402832e+02 6.4672497559e+02 6.4669396973e+02 6.4667797852e+02 6.4662597656e+02 6.4659600830e+02 6.4657501221e+02 6.4654101563e+02 6.4651599121e+02 6.4648999023e+02 6.4645501709e+02 6.4642498779e+02 6.4639300537e+02 6.4637597656e+02 6.4633697510e+02 6.4632598877e+02 6.4629302979e+02 6.4625402832e+02 6.4624102783e+02 6.4619500732e+02 6.4616302490e+02 6.4615399170e+02 6.4614099121e+02 6.4612799072e+02 6.4611999512e+02 6.4611798096e+02 6.4611798096e+02 6.4610198975e+02 6.4609197998e+02 6.4609600830e+02 6.4610400391e+02 6.4609600830e+02
6.4744799805e+02 6.4732501221e+02 6.4723101807e+02 6.4715600586e+02 6.4709600830e+02 6.4706500244e+02 6.4702801514e+02 6.4697100830e+02 6.4692901611e+02 6.4688000488e+02 6.4681799316e+02 6.4676098633e+02 6.4671697998e+02 6.4670800781e+02 6.4667498779e+02 6.4663598633e+02 6.4661401367e+02 6.4661602783e+02 6.4655401611e+02 6.4651098633e+02 6.4649298096e+02 6.4645397949e+02 6.4643402100e+02 6.4641302490e+02 6.4637597656e+02 6.4636199951e+02 6.4630603027e+02 6.4626501465e+02 6.4624102783e+02 6.4624200439e+02 6.4622198486e+02 6.4618402100e+02 6.4615997314e+02 6.4612402344e+02 6.4610302734e+02 6.4609002686e+02 6.4606201172e+02 6.4605200195e+02 6.4604199219e+02 6.4603900146e+02 6.4603002930e+02 6.4601898193e+02 6.4600897217e+02 6.4601599121e+02 6.4601800537e+02 6.4601202393e+02
6.4734698486e+02 6.4723101807e+02 6.4714801025e+02 6.4708300781e+02 6.4702301025e+02 6.4697802734e+02 6.4692102051e+02 6.4687402344e+02 6.4682397461e+02 6.4678302002e+02 6.4673699951e+02 6.4669000244e+02 6.4665802002e+02 6.4664501953e+02 6.4661700439e+02 6.4657598877e+02 6.4653997803e+02 6.4651800537e+02 6.4647601318e+02 6.4643902588e+02 6.4641198730e+02 6.4639398193e+02 6.4637200928e+02 6.4634002686e+02 6.4629302979e+02 6.4626702881e+02 6.4623797607e+02 6.4620697021e+02 6.4615698242e+02 6.4614398193e+02 6.4612701416e+02 6.4610198975e+02 6.4608001709e+02 6.4604602051e+02 6.4603997803e+02 6.4603198242e+02 6.4599200439e+02 6.4596600342e+02 6.4595800781e+02 6.4595397949e+02 6.4594897461e+02 6.4593298340e+02 6.4591601563e+02 6.4591497803e+02 6.4590600586e+02 6.4590502930e+02
6.4724597168e+02 6.4714099121e+02 6.4706402588e+02 6.4700598145e+02 6.4695300293e+02 6.4689697266e+02 6.4683599854e+02 6.4680102539e+02 6.4674200439e+02 6.4670501709e+02 6.4666497803e+02 6.4662097168e+02 6.4659399414e+02 6.4656701660e+02 6.4653997803e+02 6.4650402832e+02 6.4646697998e+02 6.4643402100e+02 6.4640502930e+02 6.4638000488e+02 6.4634100342e+02 6.4632098389e+02 6.4629199219e+02 6.4626202393e+02 6.4622100830e+02 6.4618902588e+02 6.4616802979e+02 6.4614001465e+02 6.4609899902e+02 6.4609497070e+02 6.4606701660e+02 6.4603100586e+02 6.4600897217e+02 6.4597497559e+02 6.4595697021e+02 6.4594299316e+02 6.4591802979e+02 6.4589001465e+02 6.4587701416e+02 6.4587402344e+02 6.4586602783e+02 6.4584899902e+02 6.4583898926e+02 6.4582897949e+02 6.4580700684e+02 6.4580999756e+02
6.4715301514e+02 6.4705999756e+02 6.4698999023e+02 6.4693402100e+02 6.4687799072e+02 6.4681298828e+02 6.4675402832e+02 6.4671997070e+02 6.4665997314e+02 6.4662597656e+02 6.4659002686e+02 6.4654901123e+02 6.4653399658e+02 6.4649499512e+02 6.4646697998e+02 6.4643103027e+02 6.4639099121e+02 6.4634802246e+02 6.4632598877e+02 6.4630902100e+02 6.4627099609e+02 6.4623400879e+02 6.4620202637e+02 6.4617797852e+02 6.4614001465e+02 6.4610400391e+02 6.4608001709e+02 6.4605700684e+02 6.4603302002e+02 6.4602801514e+02 6.4599499512e+02 6.4594299316e+02 6.4592498779e+02 6.4590698242e+02 6.4587597656e+02 6.4585400391e+02 6.4584197998e+02 6.4582000732e+02 6.4580102539e+02 6.4579302979e+02 6.4578399658e+02 6.4576898193e+02 6.4576702881e+02 6.4575701904e+02 6.4573400879e+02 6.4573602295e+02
