TESTSERVER/24/16.asc
NCOLS 100
NROWS 100
XLLCORNER 8.6997500000e+03
YLLCORNER 2.8915025000e+05
CELLSIZE 5.0000000000e-01
NODATA_VALUE -9.9990000000e+03
[rows 0 to 19 of 100, columns 46 to 91 of 100]
6.3809899902e+02 6.3816198730e+02 6.3824298096e+02 6.3828900146e+02 6.3831402588e+02 6.3839300537e+02 6.3845800781e+02 6.3852001953e+02 6.3859100342e+02 6.3866998291e+02 6.3875201416e+02 6.3881597900e+02 6.3885998535e+02 6.3894000244e+02 6.3900201416e+02 6.3906298828e+02 6.3914898682e+02 6.3918798828e+02 6.3921197510e+02 6.3927398682e+02 6.3934497070e+02 6.3939001465e+02 6.3943499756e+02 6.3946301270e+02 6.3948101807e+02 6.3947802734e+02 6.3943402100e+02 6.3940301514e+02 6.3942498779e+02 6.3938098145e+02 6.3933300781e+02 6.3931500244e+02 6.3931597900e+02 6.3927600098e+02 6.3923101807e+02 6.3920800781e+02 6.3919799805e+02 6.3914801025e+02 6.3911798096e+02 6.3910498047e+02 6.3908099365e+02 6.3904901123e+02 6.3903198242e+02 6.3897497559e+02 6.3889599609e+02 6.3882397461e+02
6.3781597900e+02 6.3787799072e+02 6.3795800781e+02 6.3800500488e+02 6.3803601074e+02 6.3809301758e+02 6.3814697266e+02 6.3820501709e+02 6.3829101563e+02 6.3837200928e+02 6.3843798828e+02 6.3849700928e+02 6.3855401611e+02 6.3863598633e+02 6.3869598389e+02 6.3875701904e+02 6.3885302734e+02 6.3889501953e+02 6.3891302490e+02 6.3897198486e+02 6.3902801514e+02 6.3905700684e+02 6.3910198975e+02 6.3913598633e+02 6.3914300537e+02 6.3914001465e+02 6.3911102295e+02 6.3908502197e+02 6.3908398438e+02 6.3904400635e+02 6.3901202393e+02 6.3899401855e+02 6.3897302246e+02 6.3895800781e+02 6.3892700195e+02 6.3889697266e+02 6.3885400391e+02 6.3881201172e+02 6.3878997803e+02 6.3876397705e+02 6.3872698975e+02 6.3868103027e+02 6.3865600586e+02 6.3859497070e+02 6.3851898193e+02 6.3845800781e+02
6.3750799561e+02 6.3757000732e+02 6.3764599609e+02 6.3769598389e+02 6.3774102783e+02 6.3778698730e+02 6.3783898926e+02 6.3790698242e+02 6.3800598145e+02 6.3806896973e+02 6.3812200928e+02 6.3818298340e+02 6.3824499512e+02 6.3832202148e+02 6.3837902832e+02 6.3844702148e+02 6.3853900146e+02 6.3859301758e+02 6.3862500000e+02 6.3867102051e+02 6.3870300293e+02 6.3871600342e+02 6.3875500488e+02 6.3878601074e+02 6.3879101563e+02 6.3880200195e+02 6.3879302979e+02 6.3877197266e+02 6.3875701904e+02 6.3871502686e+02 6.3869598389e+02 6.3868902588e+02 6.3865997314e+02 6.3865301514e+02 6.3861999512e+02 6.3857299805e+02 6.3852502441e+02 6.3849902344e+02 6.3847302246e+02 6.3843701172e+02 6.3839398193e+02 6.3833502197e+02 6.3828802490e+02 6.3822900391e+02 6.3816198730e+02 6.3809698486e+02
6.3719201660e+02 6.3725201416e+02 6.3732501221e+02 6.3738000488e+02 6.3744201660e+02 6.3749700928e+02 6.3755499268e+02 6.3762097168e+02 6.3771398926e+02 6.3777398682e+02 6.3782299805e+02 6.3788299561e+02 6.3794201660e+02 6.3802301025e+02 6.3808300781e+02 6.3814300537e+02 6.3820898438e+02 6.3826800537e+02 6.3830999756e+02 6.3834100342e+02 6.3836700439e+02 6.3838000488e+02 6.3840899658e+02 6.3843103027e+02 6.3843701172e+02 6.3844799805e+02 6.3843902588e+02 6.3841802979e+02 6.3841101074e+02 6.3838800049e+02 6.3837799072e+02 6.3838598633e+02 6.3836798096e+02 6.3834600830e+02 6.3828997803e+02 6.3824102783e+02 6.3821899414e+02 6.3819799805e+02 6.3815698242e+02 6.3811297607e+02 6.3807897949e+02 6.3802197266e+02 6.3795300293e+02 6.3788000488e+02 6.3780999756e+02 6.3773498535e+02
6.3690698242e+02 6.3696099854e+02 6.3703399658e+02 6.3709399414e+02 6.3714398193e+02 6.3720599365e+02 6.3725799561e+02 6.3732299805e+02 6.3740502930e+02 6.3747900391e+02 6.3753100586e+02 6.3758502197e+02 6.3764001465e+02 6.3773797607e+02 6.3779901123e+02 6.3784698486e+02 6.3790197754e+02 6.3794598389e+02 6.3797802734e+02 6.3800097656e+02 6.3803002930e+02 6.3804199219e+02 6.3806597900e+02 6.3808197021e+02 6.3808697510e+02 6.3809100342e+02 6.3808599854e+02 6.3807897949e+02 6.3808697510e+02 6.3808697510e+02 6.3806201172e+02 6.3804400635e+02 6.3802801514e+02 6.3801098633e+02 6.3796801758e+02 6.3793902588e+02 6.3792901611e+02 6.3789801025e+02 6.3785198975e+02 6.3781701660e+02 6.3779797363e+02 6.3772998047e+02 6.3765002441e+02 6.3757098389e+02 6.3748999023e+02 6.3741802979e+02
6.3660699463e+02 6.3667797852e+02 6.3675201416e+02 6.3680902100e+02 6.3685900879e+02 6.3690997314e+02 6.3695001221e+02 6.3702001953e+02 6.3709600830e+02 6.3716802979e+02 6.3723797607e+02 6.3731402588e+02 6.3738201904e+02 6.3745898438e+02 6.3750000000e+02 6.3753302002e+02 6.3758599854e+02 6.3762597656e+02 6.3765899658e+02 6.3768597412e+02 6.3770697021e+02 6.3770697021e+02 6.3773297119e+02 6.3775897217e+02 6.3777398682e+02 6.3778497314e+02 6.3778497314e+02 6.3778198242e+02 6.3779699707e+02 6.3779602051e+02 6.3775799561e+02 6.3772302246e+02 6.3771398926e+02 6.3770202637e+02 6.3767102051e+02 6.3764599609e+02 6.3762500000e+02 6.3759100342e+02 6.3754302979e+02 6.3752697754e+02 6.3751501465e+02 6.3743701172e+02 6.3736798096e+02 6.3731896973e+02 6.3724102783e+02 6.3714599609e+02
6.3631201172e+02 6.3639300537e+02 6.3646801758e+02 6.3652099609e+02 6.3657397461e+02 6.3662298584e+02 6.3665899658e+02 6.3672497559e+02 6.3680499268e+02 6.3686999512e+02 6.3694201660e+02 6.3702197266e+02 6.3709100342e+02 6.3715698242e+02 6.3719097900e+02 6.3722302246e+02 6.3726898193e+02 6.3730999756e+02 6.3734600830e+02 6.3736700439e+02 6.3738000488e+02 6.3737597656e+02 6.3738598633e+02 6.3740997314e+02 6.3743798828e+02 6.3745001221e+02 6.3744396973e+02 6.3743701172e+02 6.3746697998e+02 6.3746801758e+02 6.3743798828e+02 6.3741101074e+02 6.3740197754e+02 6.3739898682e+02 6.3737402344e+02 6.3734301758e+02 6.3731402588e+02 6.3728698730e+02 6.3724798584e+02 6.3722698975e+02 6.3719799805e+02 6.3712597656e+02 6.3706799316e+02 6.3703002930e+02 6.3695800781e+02 6.3685498047e+02
6.3601898193e+02 6.3610400391e+02 6.3617700195e+02 6.3622698975e+02 6.3627398682e+02 6.3633099365e+02 6.3637597656e+02 6.3643701172e+02 6.3653100586e+02 6.3660101318e+02 6.3666699219e+02 6.3673101807e+02 6.3678002930e+02 6.3683197021e+02 6.3686602783e+02 6.3690197754e+02 6.3694702148e+02 6.3698199463e+02 6.3701501465e+02 6.3703601074e+02 6.3705700684e+02 6.3705603027e+02 6.3705499268e+02 6.3707702637e+02 6.3710198975e+02 6.3711602783e+02 6.3710699463e+02 6.3709698486e+02 6.3712200928e+02 6.3711499023e+02 6.3710198975e+02 6.3708898926e+02 6.3707897949e+02 6.3707702637e+02 6.3705902100e+02 6.3702697754e+02 6.3699298096e+02 6.3696301270e+02 6.3694299316e+02 6.3691699219e+02 6.3686401367e+02 6.3680102539e+02 6.3675201416e+02 6.3669396973e+02 6.3659600830e+02 6.3649102783e+02
6.3572100830e+02 6.3580102539e+02 6.3588201904e+02 6.3594500732e+02 6.3598400879e+02 6.3607397461e+02 6.3611999512e+02 6.3616601563e+02 6.3625500488e+02 6.3633300781e+02 6.3639001465e+02 6.3643103027e+02 6.3645800781e+02 6.3652301025e+02 6.3657598877e+02 6.3661499023e+02 6.3664202881e+02 6.3665100098e+02 6.3667199707e+02 6.3670599365e+02 6.3674401855e+02 6.3672100830e+02 6.3672601318e+02 6.3675799561e+02 6.3676898193e+02 6.3678100586e+02 6.3678601074e+02 6.3678399658e+02 6.3679602051e+02 6.3678497314e+02 6.3678198242e+02 6.3677301025e+02 6.3676397705e+02 6.3675500488e+02 6.3673797607e+02 6.3670898438e+02 6.3668597412e+02 6.3665197754e+02 6.3663201904e+02 6.3660400391e+02 6.3653997803e+02 6.3647900391e+02 6.3642901611e+02 6.3633801270e+02 6.3619799805e+02 6.3608502197e+02
6.3544201660e+02 6.3551501465e+02 6.3559698486e+02 6.3566101074e+02 6.3571899414e+02 6.3579699707e+02 6.3584002686e+02 6.3588598633e+02 6.3596801758e+02 6.3603997803e+02 6.3609301758e+02 6.3613702393e+02 6.3616101074e+02 6.3620501709e+02 6.3625402832e+02 6.3629400635e+02 6.3632098389e+02 6.3632800293e+02 6.3634197998e+02 6.3636901855e+02 6.3639202881e+02 6.3637500000e+02 6.3636798096e+02 6.3639202881e+02 6.3642797852e+02 6.3644299316e+02 6.3644097900e+02 6.3644201660e+02 6.3646600342e+02 6.3646197510e+02 6.3646899414e+02 6.3647302246e+02 6.3646502686e+02 6.3645697021e+02 6.3644500732e+02 6.3641998291e+02 6.3639697266e+02 6.3637402344e+02 6.3633300781e+02 6.3628302002e+02 6.3622100830e+02 6.3616998291e+02 6.3612500000e+02 6.3603698730e+02 6.3591198730e+02 6.3579602051e+02
6.3516900635e+02 6.3522601318e+02 6.3529199219e+02 6.3535797119e+02 6.3544000244e+02 6.3550701904e+02 6.3555999756e+02 6.3561901855e+02 6.3568298340e+02 6.3574499512e+02 6.3579602051e+02 6.3584197998e+02 6.3587200928e+02 6.3589599609e+02 6.3592498779e+02 6.3596398926e+02 6.3600097656e+02 6.3600402832e+02 6.3601397705e+02 6.3603198242e+02 6.3604400635e+02 6.3603997803e+02 6.3602398682e+02 6.3603900146e+02 6.3609301758e+02 6.3611602783e+02 6.3611297607e+02 6.3612200928e+02 6.3615399170e+02 6.3614599609e+02 6.3614801025e+02 6.3615002441e+02 6.3614697266e+02 6.3613897705e+02 6.3612298584e+02 6.3610998535e+02 6.3609698486e+02 6.3607202148e+02 6.3601599121e+02 6.3596398926e+02 6.3591497803e+02 6.3585797119e+02 6.3580401611e+02 6.3572601318e+02 6.3564202881e+02 6.3555297852e+02
6.3488397217e+02 6.3492297363e+02 6.3497900391e+02 6.3504400635e+02 6.3513598633e+02 6.3520599365e+02 6.3527697754e+02 6.3533398438e+02 6.3537500000e+02 6.3542797852e+02 6.3547900391e+02 6.3552801514e+02 6.3557397461e+02 6.3560900879e+02 6.3562701416e+02 6.3565802002e+02 6.3568597412e+02 6.3568103027e+02 6.3569000244e+02 6.3570202637e+02 6.3569799805e+02 6.3570001221e+02 6.3569097900e+02 6.3570397949e+02 6.3577197266e+02 6.3580401611e+02 6.3579797363e+02 6.3580401611e+02 6.3582897949e+02 6.3582598877e+02 6.3582897949e+02 6.3582202148e+02 6.3581201172e+02 6.3580401611e+02 6.3579498291e+02 6.3578698730e+02 6.3577001953e+02 6.3574102783e+02 6.3568402100e+02 6.3564099121e+02 6.3560601807e+02 6.3553698730e+02 6.3547399902e+02 6.3539599609e+02 6.3532397461e+02 6.3524798584e+02
6.3458697510e+02 6.3463897705e+02 6.3469897461e+02 6.3476098633e+02 6.3483599854e+02 6.3490197754e+02 6.3498498535e+02 6.3502697754e+02 6.3505401611e+02 6.3512097168e+02 6.3517401123e+02 6.3521697998e+02 6.3525201416e+02 6.3529498291e+02 6.3530401611e+02 6.3531402588e+02 6.3531799316e+02 6.3533099365e+02 6.3535302734e+02 6.3536401367e+02 6.3535998535e+02 6.3536297607e+02 6.3537200928e+02 6.3538098145e+02 6.3542199707e+02 6.3546600342e+02 6.3546398926e+02 6.3546899414e+02 6.3548699951e+02 6.3549200439e+02 6.3550402832e+02 6.3549700928e+02 6.3549200439e+02 6.3548199463e+02 6.3548699951e+02 6.3547698975e+02 6.3543499756e+02 6.3540197754e+02 6.3535498047e+02 6.3531597900e+02 6.3526800537e+02 6.3520397949e+02 6.3514599609e+02 6.3507000732e+02 6.3498297119e+02 6.3489697266e+02
6.3428002930e+02 6.3433697510e+02 6.3440502930e+02 6.3446502686e+02 6.3452398682e+02 6.3459802246e+02 6.3467297363e+02 6.3472302246e+02 6.3477600098e+02 6.3482501221e+02 6.3485900879e+02 6.3489599609e+02 6.3493597412e+02 6.3496502686e+02 6.3496002197e+02 6.3496099854e+02 6.3497698975e+02 6.3499700928e+02 6.3502301025e+02 6.3503198242e+02 6.3503399658e+02 6.3505102539e+02 6.3505401611e+02 6.3504998779e+02 6.3507501221e+02 6.3511798096e+02 6.3512402344e+02 6.3513500977e+02 6.3516302490e+02 6.3517602539e+02 6.3519598389e+02 6.3519097900e+02 6.3518298340e+02 6.3517700195e+02 6.3517901611e+02 6.3515997314e+02 6.3510998535e+02 6.3507501221e+02 6.3502801514e+02 6.3499597168e+02 6.3494500732e+02 6.3487902832e+02 6.3482598877e+02 6.3474902344e+02 6.3464501953e+02 6.3455401611e+02
6.3395898438e+02 6.3403399658e+02 6.3412500000e+02 6.3419500732e+02 6.3423602295e+02 6.3428900146e+02 6.3435198975e+02 6.3442700195e+02 6.3450201416e+02 6.3452301025e+02 6.3454199219e+02 6.3457598877e+02 6.3460498047e+02 6.3463598633e+02 6.3463299561e+02 6.3463201904e+02 6.3464202881e+02 6.3466101074e+02 6.3468103027e+02 6.3468701172e+02 6.3469097900e+02 6.3470501709e+02 6.3471099854e+02 6.3471899414e+02 6.3475299072e+02 6.3478997803e+02 6.3479400635e+02 6.3480200195e+02 6.3482000732e+02 6.3484301758e+02 6.3487500000e+02 6.3487597656e+02 6.3486700439e+02 6.3485302734e+02 6.3484600830e+02 6.3482397461e+02 6.3478399658e+02 6.3476098633e+02 6.3472302246e+02 6.3469201660e+02 6.3462701416e+02 6.3455499268e+02 6.3449700928e+02 6.3442297363e+02 6.3432800293e+02 6.3424700928e+02
6.3364501953e+02 6.3372399902e+02 6.3381597900e+02 6.3388397217e+02 6.3393402100e+02 6.3398699951e+02 6.3403399658e+02 6.3410400391e+02 6.3419000244e+02 6.3420300293e+02 6.3422100830e+02 6.3426202393e+02 6.3428497314e+02 6.3431402588e+02 6.3430902100e+02 6.3430297852e+02 6.3430700684e+02 6.3432299805e+02 6.3433502197e+02 6.3434100342e+02 6.3435400391e+02 6.3435601807e+02 6.3436700439e+02 6.3439202881e+02 6.3442498779e+02 6.3444000244e+02 6.3444897461e+02 6.3447198486e+02 6.3448699951e+02 6.3449401855e+02 6.3453100586e+02 6.3453997803e+02 6.3452899170e+02 6.3452099609e+02 6.3451898193e+02 6.3449700928e+02 6.3445599365e+02 6.3443902588e+02 6.3441101074e+02 6.3437097168e+02 6.3429498291e+02 6.3421697998e+02 6.3414801025e+02 6.3407397461e+02 6.3399200439e+02 6.3391998291e+02
6.3334497070e+02 6.3342297363e+02 6.3348901367e+02 6.3354602051e+02 6.3362298584e+02 6.3367297363e+02 6.3371398926e+02 6.3376397705e+02 6.3384100342e+02 6.3385699463e+02 6.3388299561e+02 6.3393200684e+02 6.3396899414e+02 6.3398797607e+02 6.3398199463e+02 6.3397698975e+02 6.3397900391e+02 6.3399200439e+02 6.3399700928e+02 6.3400701904e+02 6.3402502441e+02 6.3400799561e+02 6.3402001953e+02 6.3405499268e+02 6.3408001709e+02 6.3407800293e+02 6.3408697510e+02 6.3413000488e+02 6.3417102051e+02 6.3416101074e+02 6.3419396973e+02 6.3420300293e+02 6.3418402100e+02 6.3420001221e+02 6.3419799805e+02 6.3417102051e+02 6.3412200928e+02 6.3410498047e+02 6.3407702637e+02 6.3402697754e+02 6.3395697021e+02 6.3388299561e+02 6.3381298828e+02 6.3373901367e+02 6.3365698242e+02 6.3358502197e+02
6.3304498291e+02 6.3309899902e+02 6.3314202881e+02 6.3319299316e+02 6.3328997803e+02 6.3335699463e+02 6.3339202881e+02 6.3342498779e+02 6.3348498535e+02 6.3352099609e+02 6.3355102539e+02 6.3358599854e+02 6.3360998535e+02 6.3363702393e+02 6.3364697266e+02 6.3365100098e+02 6.3365698242e+02 6.3366900635e+02 6.3366900635e+02 6.3367401123e+02 6.3370001221e+02 6.3368902588e+02 6.3368103027e+02 6.3370001221e+02 6.3373400879e+02 6.3374798584e+02 6.3374902344e+02 6.3376702881e+02 6.3380401611e+02 6.3382702637e+02 6.3386102295e+02 6.3387402344e+02 6.3385797119e+02 6.3386401367e+02 6.3386199951e+02 6.3383398438e+02 6.3378601074e+02 6.3377502441e+02 6.3375000000e+02 6.3370599365e+02 6.3363500977e+02 6.3353601074e+02 6.3346997070e+02 6.3340899658e+02 6.3333898926e+02 6.3326501465e+02
6.3273797607e+02 6.3278198242e+02 6.3281896973e+02 6.3286297607e+02 6.3294598389e+02 6.3301098633e+02 6.3305603027e+02 6.3309100342e+02 6.3313000488e+02 6.3317602539e+02 6.3321600342e+02 6.3324700928e+02 6.3326397705e+02 6.3329302979e+02 6.3329998779e+02 6.3330902100e+02 6.3333502197e+02 6.3335400391e+02 6.3335699463e+02 6.3335699463e+02 6.3337597656e+02 6.3337200928e+02 6.3336102295e+02 6.3337701416e+02 6.3341198730e+02 6.3343701172e+02 6.3344799805e+02 6.3346301270e+02 6.3347802734e+02 6.3348999023e+02 6.3350598145e+02 6.3352099609e+02 6.3352398682e+02 6.3352197266e+02 6.3352001953e+02 6.3349401855e+02 6.3345098877e+02 6.3343597412e+02 6.3341400146e+02 6.3338000488e+02 6.3331402588e+02 6.3320800781e+02 6.3315100098e+02 6.3309698486e+02 6.3302899170e+02 6.3296801758e+02
6.3240502930e+02 6.3246502686e+02 6.3251300049e+02 6.3255200195e+02 6.3260797119e+02 6.3266699219e+02 6.3271697998e+02 6.3275402832e+02 6.3278900146e+02 6.3284197998e+02 6.3288702393e+02 6.3291802979e+02 6.3293597412e+02 6.3297100830e+02 6.3297497559e+02 6.3297698975e+02 6.3301202393e+02 6.3303997803e+02 6.3304602051e+02 6.3304302979e+02 6.3304602051e+02 6.3304400635e+02 6.3304998779e+02 6.3308099365e+02 6.3310900879e+02 6.3313000488e+02 6.3314801025e+02 6.3317401123e+02 6.3317700195e+02 6.3316101074e+02 6.3316497803e+02 6.3318701172e+02 6.3320501709e+02 6.3318902588e+02 6.3318902588e+02 6.3317297363e+02 6.3313702393e+02 6.3310699463e+02 6.3307702637e+02 6.3304998779e+02 6.3299499512e+02 6.3290399170e+02 6.3284899902e+02 6.3278900146e+02 6.3271002197e+02 6.3265399170e+02
