TESTSERVER/24/16.asc
NCOLS 100
NROWS 100
XLLCORNER 8.6997500000e+03
YLLCORNER 2.8915025000e+05
CELLSIZE 5.0000000000e-01
NODATA_VALUE -9.9990000000e+03
[rows 80 to 99 of 100, columns 0 to 45 of 100]
6.2120300293e+02 6.2124102783e+02 6.2127099609e+02 6.2127502441e+02 6.2129797363e+02 6.2132202148e+02 6.2132897949e+02 6.2133599854e+02 6.2134002686e+02 6.2133599854e+02 6.2136102295e+02 6.2135998535e+02 6.2138299561e+02 6.2137902832e+02 6.2133197021e+02 6.2131298828e+02 6.2132000732e+02 6.2131500244e+02 6.2132299805e+02 6.2130700684e+02 6.2128601074e+02 6.2128997803e+02 6.2128601074e+02 6.2126300049e+02 6.2124798584e+02 6.2124902344e+02 6.2124597168e+02 6.2124499512e+02 6.2124102783e+02 6.2123400879e+02 6.2122998047e+02 6.2124298096e+02 6.2123400879e+02 6.2123400879e+02 6.2122802734e+02 6.2119799805e+02 6.2119299316e+02 6.2120501709e+02 6.2120098877e+02 6.2119799805e+02 6.2120300293e+02 6.2120098877e+02 6.2117999268e+02 6.2118103027e+02 6.2118499756e+02 6.2116998291e+02
6.2111602783e+02 6.2115802002e+02 6.2120098877e+02 6.2121197510e+02 6.2121997070e+02 6.2122802734e+02 6.2125201416e+02 6.2128497314e+02 6.2129199219e+02 6.2129602051e+02 6.2131201172e+02 6.2130499268e+02 6.2132702637e+02 6.2133300781e+02 6.2132501221e+02 6.2132501221e+02 6.2132000732e+02 6.2128900146e+02 6.2128900146e+02 6.2129302979e+02 6.2127197266e+02 6.2127099609e+02 6.2126800537e+02 6.2126898193e+02 6.2126202393e+02 6.2125701904e+02 6.2123602295e+02 6.2122802734e+02 6.2122399902e+02 6.2121801758e+02 6.2121502686e+02 6.2122302246e+02 6.2121197510e+02 6.2121099854e+02 6.2120098877e+02 6.2118902588e+02 6.2118902588e+02 6.2119598389e+02 6.2118701172e+02 6.2117700195e+02 6.2117797852e+02 6.2117700195e+02 6.2115997314e+02 6.2116497803e+02 6.2116900635e+02 6.2115997314e+02
6.2103100586e+02 6.2106896973e+02 6.2109899902e+02 6.2112097168e+02 6.2113299561e+02 6.2113299561e+02 6.2116601563e+02 6.2118902588e+02 6.2119097900e+02 6.2120599365e+02 6.2121801758e+02 6.2122302246e+02 6.2124597168e+02 6.2126397705e+02 6.2127502441e+02 6.2128497314e+02 6.2128698730e+02 6.2126800537e+02 6.2125500488e+02 6.2128002930e+02 6.2126800537e+02 6.2125500488e+02 6.2124597168e+02 6.2125000000e+02 6.2124902344e+02 6.2124597168e+02 6.2122900391e+02 6.2122100830e+02 6.2121801758e+02 6.2121002197e+02 6.2120501709e+02 6.2121099854e+02 6.2119396973e+02 6.2119000244e+02 6.2118499756e+02 6.2118499756e+02 6.2117797852e+02 6.2117401123e+02 6.2116900635e+02 6.2115399170e+02 6.2115197754e+02 6.2115002441e+02 6.2114501953e+02 6.2114801025e+02 6.2114801025e+02 6.2114001465e+02
6.2095599365e+02 6.2099298096e+02 6.2099700928e+02 6.2102001953e+02 6.2104302979e+02 6.2104998779e+02 6.2108502197e+02 6.2109497070e+02 6.2109399414e+02 6.2110998535e+02 6.2113000488e+02 6.2114599609e+02 6.2116601563e+02 6.2118298340e+02 6.2118298340e+02 6.2119702148e+02 6.2121697998e+02 6.2123400879e+02 6.2122399902e+02 6.2123498535e+02 6.2121697998e+02 6.2121899414e+02 6.2122497559e+02 6.2123400879e+02 6.2123901367e+02 6.2123901367e+02 6.2122399902e+02 6.2121899414e+02 6.2122198486e+02 6.2121600342e+02 6.2120300293e+02 6.2121099854e+02 6.2118701172e+02 6.2117602539e+02 6.2117401123e+02 6.2117700195e+02 6.2116497803e+02 6.2115301514e+02 6.2115002441e+02 6.2114099121e+02 6.2114001465e+02 6.2113299561e+02 6.2114300537e+02 6.2113500977e+02 6.2112799072e+02 6.2111700439e+02
6.2087500000e+02 6.2090899658e+02 6.2090997314e+02 6.2091302490e+02 6.2093798828e+02 6.2096600342e+02 6.2099200439e+02 6.2100799561e+02 6.2102301025e+02 6.2103497314e+02 6.2105102539e+02 6.2106298828e+02 6.2108599854e+02 6.2110998535e+02 6.2110900879e+02 6.2111901855e+02 6.2113000488e+02 6.2115997314e+02 6.2116802979e+02 6.2118402100e+02 6.2115600586e+02 6.2115399170e+02 6.2119299316e+02 6.2119097900e+02 6.2120300293e+02 6.2121197510e+02 6.2119799805e+02 6.2121197510e+02 6.2121398926e+02 6.2120599365e+02 6.2119702148e+02 6.2120300293e+02 6.2118597412e+02 6.2117297363e+02 6.2115399170e+02 6.2115899658e+02 6.2115899658e+02 6.2114001465e+02 6.2112500000e+02 6.2112701416e+02 6.2113800049e+02 6.2112597656e+02 6.2112902832e+02 6.2113299561e+02 6.2112799072e+02 6.2111602783e+02
6.2078002930e+02 6.2080999756e+02 6.2080499268e+02 6.2082202148e+02 6.2085101318e+02 6.2087200928e+02 6.2089501953e+02 6.2091400146e+02 6.2093499756e+02 6.2093701172e+02 6.2096197510e+02 6.2098699951e+02 6.2101599121e+02 6.2102697754e+02 6.2104699707e+02 6.2105798340e+02 6.2105603027e+02 6.2106799316e+02 6.2107800293e+02 6.2110302734e+02 6.2108502197e+02 6.2108197021e+02 6.2111297607e+02 6.2110101318e+02 6.2112500000e+02 6.2114001465e+02 6.2112701416e+02 6.2114300537e+02 6.2114599609e+02 6.2114099121e+02 6.2113702393e+02 6.2115502930e+02 6.2115197754e+02 6.2114300537e+02 6.2112902832e+02 6.2111901855e+02 6.2113000488e+02 6.2112500000e+02 6.2110498047e+02 6.2111499023e+02 6.2113000488e+02 6.2110601807e+02 6.2110498047e+02 6.2112799072e+02 6.2112097168e+02 6.2112500000e+02
6.2068200684e+02 6.2071899414e+02 6.2073699951e+02 6.2076397705e+02 6.2077398682e+02 6.2078399658e+02 6.2081500244e+02 6.2083398438e+02 6.2084997559e+02 6.2084698486e+02 6.2087799072e+02 6.2090301514e+02 6.2093902588e+02 6.2095001221e+02 6.2095800781e+02 6.2096301270e+02 6.2096697998e+02 6.2098101807e+02 6.2098797607e+02 6.2100799561e+02 6.2099798584e+02 6.2100897217e+02 6.2102801514e+02 6.2103002930e+02 6.2104199219e+02 6.2104901123e+02 6.2105700684e+02 6.2107501221e+02 6.2107202148e+02 6.2106402588e+02 6.2106799316e+02 6.2109399414e+02 6.2109997559e+02 6.2109600830e+02 6.2109100342e+02 6.2107299805e+02 6.2107598877e+02 6.2108197021e+02 6.2106701660e+02 6.2107501221e+02 6.2108502197e+02 6.2107098389e+02 6.2108197021e+02 6.2109497070e+02 6.2108599854e+02 6.2109600830e+02
6.2058697510e+02 6.2062402344e+02 6.2065600586e+02 6.2067602539e+02 6.2068298340e+02 6.2069396973e+02 6.2072802734e+02 6.2074700928e+02 6.2076397705e+02 6.2076599121e+02 6.2080200195e+02 6.2080499268e+02 6.2082897949e+02 6.2084301758e+02 6.2084497070e+02 6.2084899902e+02 6.2086199951e+02 6.2088500977e+02 6.2090002441e+02 6.2090997314e+02 6.2090399170e+02 6.2091998291e+02 6.2092602539e+02 6.2094702148e+02 6.2095098877e+02 6.2095001221e+02 6.2097399902e+02 6.2098999023e+02 6.2098999023e+02 6.2098999023e+02 6.2098901367e+02 6.2101000977e+02 6.2101898193e+02 6.2102197266e+02 6.2101898193e+02 6.2100897217e+02 6.2100799561e+02 6.2101000977e+02 6.2099200439e+02 6.2099902344e+02 6.2100598145e+02 6.2100799561e+02 6.2102502441e+02 6.2101898193e+02 6.2102197266e+02 6.2103198242e+02
6.2049200439e+02 6.2053497314e+02 6.2055499268e+02 6.2056500244e+02 6.2058398438e+02 6.2060101318e+02 6.2064501953e+02 6.2065698242e+02 6.2066497803e+02 6.2067199707e+02 6.2070697021e+02 6.2072998047e+02 6.2072497559e+02 6.2073699951e+02 6.2076300049e+02 6.2077099609e+02 6.2077697754e+02 6.2079699707e+02 6.2081298828e+02 6.2083599854e+02 6.2084100342e+02 6.2084802246e+02 6.2083099365e+02 6.2085699463e+02 6.2087200928e+02 6.2087298584e+02 6.2087701416e+02 6.2089501953e+02 6.2090002441e+02 6.2089001465e+02 6.2088000488e+02 6.2090197754e+02 6.2090899658e+02 6.2090802002e+02 6.2090502930e+02 6.2090802002e+02 6.2091400146e+02 6.2090802002e+02 6.2089099121e+02 6.2090502930e+02 6.2091998291e+02 6.2093103027e+02 6.2091699219e+02 6.2094000244e+02 6.2095202637e+02 6.2095098877e+02
6.2038500977e+02 6.2042498779e+02 6.2043200684e+02 6.2046600342e+02 6.2049102783e+02 6.2050299072e+02 6.2054797363e+02 6.2057397461e+02 6.2057501221e+02 6.2057800293e+02 6.2060900879e+02 6.2063800049e+02 6.2063897705e+02 6.2065002441e+02 6.2067102051e+02 6.2066998291e+02 6.2068103027e+02 6.2070501709e+02 6.2069897461e+02 6.2071301270e+02 6.2072302246e+02 6.2073498535e+02 6.2073699951e+02 6.2075897217e+02 6.2078399658e+02 6.2078497314e+02 6.2078698730e+02 6.2080798340e+02 6.2081201172e+02 6.2079302979e+02 6.2076898193e+02 6.2079797363e+02 6.2081298828e+02 6.2082000732e+02 6.2080499268e+02 6.2079498291e+02 6.2080499268e+02 6.2080798340e+02 6.2080200195e+02 6.2082800293e+02 6.2083001709e+02 6.2082000732e+02 6.2081402588e+02 6.2084100342e+02 6.2085400391e+02 6.2086401367e+02
6.2027301025e+02 6.2032098389e+02 6.2034802246e+02 6.2038897705e+02 6.2040997314e+02 6.2041400146e+02 6.2044799805e+02 6.2047802734e+02 6.2048901367e+02 6.2049798584e+02 6.2052600098e+02 6.2054998779e+02 6.2055102539e+02 6.2055200195e+02 6.2055401611e+02 6.2057501221e+02 6.2059301758e+02 6.2059100342e+02 6.2057702637e+02 6.2059899902e+02 6.2061999512e+02 6.2063897705e+02 6.2065002441e+02 6.2066601563e+02 6.2068902588e+02 6.2068701172e+02 6.2069598389e+02 6.2071600342e+02 6.2071301270e+02 6.2069299316e+02 6.2066802979e+02 6.2069702148e+02 6.2071197510e+02 6.2071502686e+02 6.2070697021e+02 6.2069598389e+02 6.2069500732e+02 6.2069500732e+02 6.2068499756e+02 6.2070001221e+02 6.2070098877e+02 6.2071099854e+02 6.2073400879e+02 6.2073999023e+02 6.2074902344e+02 6.2076702881e+02
6.2015802002e+02 6.2020599365e+02 6.2025201416e+02 6.2029101563e+02 6.2031201172e+02 6.2032299805e+02 6.2034802246e+02 6.2036102295e+02 6.2037402344e+02 6.2039300537e+02 6.2042700195e+02 6.2044598389e+02 6.2043597412e+02 6.2042999268e+02 6.2044000244e+02 6.2047998047e+02 6.2049700928e+02 6.2048199463e+02 6.2048602295e+02 6.2050402832e+02 6.2052398682e+02 6.2053997803e+02 6.2054901123e+02 6.2056402588e+02 6.2058197021e+02 6.2058898926e+02 6.2059399414e+02 6.2059600830e+02 6.2059899902e+02 6.2059600830e+02 6.2057299805e+02 6.2057598877e+02 6.2059100342e+02 6.2059899902e+02 6.2058898926e+02 6.2057501221e+02 6.2058502197e+02 6.2059100342e+02 6.2056701660e+02 6.2059497070e+02 6.2059399414e+02 6.2060498047e+02 6.2063397217e+02 6.2061602783e+02 6.2061901855e+02 6.2063897705e+02
6.2005999756e+02 6.2009497070e+02 6.2013299561e+02 6.2016400146e+02 6.2018103027e+02 6.2020001221e+02 6.2023797607e+02 6.2025500488e+02 6.2026098633e+02 6.2026599121e+02 6.2029602051e+02 6.2033300781e+02 6.2032397461e+02 6.2031896973e+02 6.2032501221e+02 6.2035797119e+02 6.2039099121e+02 6.2040399170e+02 6.2042901611e+02 6.2041101074e+02 6.2041601563e+02 6.2043402100e+02 6.2044897461e+02 6.2046502686e+02 6.2047198486e+02 6.2048498535e+02 6.2047497559e+02 6.2047100830e+02 6.2049499512e+02 6.2050598145e+02 6.2049200439e+02 6.2045397949e+02 6.2047302246e+02 6.2049401855e+02 6.2047998047e+02 6.2045098877e+02 6.2047497559e+02 6.2048797607e+02 6.2046099854e+02 6.2048400879e+02 6.2048999023e+02 6.2048999023e+02 6.2050299072e+02 6.2051397705e+02 6.2053399658e+02 6.2054901123e+02
6.1995202637e+02 6.1998999023e+02 6.2002099609e+02 6.2005297852e+02 6.2008099365e+02 6.2010601807e+02 6.2014099121e+02 6.2014697266e+02 6.2014898682e+02 6.2014001465e+02 6.2017901611e+02 6.2020697021e+02 6.2020001221e+02 6.2022100830e+02 6.2023699951e+02 6.2024499512e+02 6.2026702881e+02 6.2027697754e+02 6.2029998779e+02 6.2031402588e+02 6.2030902100e+02 6.2032702637e+02 6.2035797119e+02 6.2038702393e+02 6.2038598633e+02 6.2039898682e+02 6.2039001465e+02 6.2038897705e+02 6.2039099121e+02 6.2037500000e+02 6.2036798096e+02 6.2035498047e+02 6.2036199951e+02 6.2037402344e+02 6.2036297607e+02 6.2034600830e+02 6.2035601807e+02 6.2035797119e+02 6.2033697510e+02 6.2035400391e+02 6.2036499023e+02 6.2038000488e+02 6.2039398193e+02 6.2041998291e+02 6.2043597412e+02 6.2044000244e+02
6.1983300781e+02 6.1987500000e+02 6.1992401123e+02 6.1994897461e+02 6.1995800781e+02 6.1998101807e+02 6.2002099609e+02 6.2002697754e+02 6.2003900146e+02 6.2003698730e+02 6.2007702637e+02 6.2008599854e+02 6.2008300781e+02 6.2011901855e+02 6.2013897705e+02 6.2014001465e+02 6.2016198730e+02 6.2017297363e+02 6.2019396973e+02 6.2021197510e+02 6.2020001221e+02 6.2021398926e+02 6.2024298096e+02 6.2026098633e+02 6.2026098633e+02 6.2027801514e+02 6.2027697754e+02 6.2028497314e+02 6.2027697754e+02 6.2026501465e+02 6.2023901367e+02 6.2023699951e+02 6.2023297119e+02 6.2023901367e+02 6.2023901367e+02 6.2022802734e+02 6.2024200439e+02 6.2024700928e+02 6.2022998047e+02 6.2024298096e+02 6.2026000977e+02 6.2027502441e+02 6.2028497314e+02 6.2031298828e+02 6.2031701660e+02 6.2031597900e+02
6.1973199463e+02 6.1977301025e+02 6.1982098389e+02 6.1984197998e+02 6.1983599854e+02 6.1985400391e+02 6.1990197754e+02 6.1992199707e+02 6.1994299316e+02 6.1994396973e+02 6.1997900391e+02 6.1997802734e+02 6.1997198486e+02 6.2000500488e+02 6.2002099609e+02 6.2003198242e+02 6.2006701660e+02 6.2008398438e+02 6.2009002686e+02 6.2009600830e+02 6.2010101318e+02 6.2011401367e+02 6.2011999512e+02 6.2014099121e+02 6.2015600586e+02 6.2017797852e+02 6.2015802002e+02 6.2014898682e+02 6.2015899658e+02 6.2016601563e+02 6.2013500977e+02 6.2013800049e+02 6.2012200928e+02 6.2011297607e+02 6.2011297607e+02 6.2010601807e+02 6.2013598633e+02 6.2014099121e+02 6.2011499023e+02 6.2012701416e+02 6.2014898682e+02 6.2016400146e+02 6.2016699219e+02 6.2019097900e+02 6.2020697021e+02 6.2021197510e+02
6.1965600586e+02 6.1969396973e+02 6.1972100830e+02 6.1974401855e+02 6.1974798584e+02 6.1975897217e+02 6.1978698730e+02 6.1982397461e+02 6.1983599854e+02 6.1983300781e+02 6.1985198975e+02 6.1987902832e+02 6.1987597656e+02 6.1987701416e+02 6.1986199951e+02 6.1991601563e+02 6.1996099854e+02 6.1996801758e+02 6.1995599365e+02 6.1996502686e+02 6.1999401855e+02 6.2001397705e+02 6.2001098633e+02 6.2004998779e+02 6.2007702637e+02 6.2009002686e+02 6.2006701660e+02 6.2003802490e+02 6.2002899170e+02 6.2003997803e+02 6.2003497314e+02 6.2003100586e+02 6.2000500488e+02 6.1999102783e+02 6.1997601318e+02 6.2000000000e+02 6.2005297852e+02 6.2005999756e+02 6.2001501465e+02 6.2003802490e+02 6.2005798340e+02 6.2006298828e+02 6.2004998779e+02 6.2008300781e+02 6.2010601807e+02 6.2011401367e+02
6.1954901123e+02 6.1957800293e+02 6.1958502197e+02 6.1962097168e+02 6.1964398193e+02 6.1966101074e+02 6.1968298340e+02 6.1972399902e+02 6.1973199463e+02 6.1973602295e+02 6.1975701904e+02 6.1978198242e+02 6.1980401611e+02 6.1979797363e+02 6.1977600098e+02 6.1980603027e+02 6.1984197998e+02 6.1985699463e+02 6.1987200928e+02 6.1988897705e+02 6.1990502930e+02 6.1991699219e+02 6.1991400146e+02 6.1992401123e+02 6.1995501709e+02 6.1997497559e+02 6.1996697998e+02 6.1995098877e+02 6.1993597412e+02 6.1992999268e+02 6.1992602539e+02 6.1990698242e+02 6.1989202881e+02 6.1989697266e+02 6.1986798096e+02 6.1988702393e+02 6.1992602539e+02 6.1993597412e+02 6.1991699219e+02 6.1993597412e+02 6.1995800781e+02 6.1996502686e+02 6.1994598389e+02 6.1997497559e+02 6.1998999023e+02 6.2000897217e+02
6.1944201660e+02 6.1946301270e+02 6.1947198486e+02 6.1950402832e+02 6.1953198242e+02 6.1956201172e+02 6.1959399414e+02 6.1962402344e+02 6.1961901855e+02 6.1962500000e+02 6.1965100098e+02 6.1966497803e+02 6.1969799805e+02 6.1970599365e+02 6.1970098877e+02 6.1971197510e+02 6.1972802734e+02 6.1974798584e+02 6.1978198242e+02 6.1979101563e+02 6.1979199219e+02 6.1981097412e+02 6.1981097412e+02 6.1981500244e+02 6.1985400391e+02 6.1986102295e+02 6.1985101318e+02 6.1984002686e+02 6.1982897949e+02 6.1981701660e+02 6.1979998779e+02 6.1976300049e+02 6.1974798584e+02 6.1976898193e+02 6.1977099609e+02 6.1978802490e+02 6.1981298828e+02 6.1982202148e+02 6.1980700684e+02 6.1980902100e+02 6.1982800293e+02 6.1985101318e+02 6.1984497070e+02 6.1985998535e+02 6.1987701416e+02 6.1990301514e+02
6.1934600830e+02 6.1937097168e+02 6.1938098145e+02 6.1938897705e+02 6.1940698242e+02 6.1943499756e+02 6.1946398926e+02 6.1949902344e+02 6.1949298096e+02 6.1949798584e+02 6.1952899170e+02 6.1953302002e+02 6.1957098389e+02 6.1960498047e+02 6.1961798096e+02 6.1961199951e+02 6.1961798096e+02 6.1963000488e+02 6.1966198730e+02 6.1966998291e+02 6.1966900635e+02 6.1970397949e+02 6.1971502686e+02 6.1971697998e+02 6.1974902344e+02 6.1974102783e+02 6.1973699951e+02 6.1971899414e+02 6.1970697021e+02 6.1970300293e+02 6.1967901611e+02 6.1965698242e+02 6.1963800049e+02 6.1965600586e+02 6.1968200684e+02 6.1968298340e+02 6.1969201660e+02 6.1970800781e+02 6.1969897461e+02 6.1970599365e+02 6.1971697998e+02 6.1974298096e+02 6.1975500488e+02 6.1975598145e+02 6.1977197266e+02 6.1978900146e+02
