TESTSERVER/24/17.asc
NCOLS 100
NROWS 100
XLLCORNER 8.6997500000e+03
YLLCORNER 2.8910025000e+05
CELLSIZE 5.0000000000e-01
NODATA_VALUE -9.9990000000e+03
[rows 40 to 59 of 100, columns 0 to 45 of 100]
6.1777099609e+02 6.1768798828e+02 6.1760998535e+02 6.1756298828e+02 6.1751098633e+02 6.1747399902e+02 6.1748199463e+02 6.1753399658e+02 6.1755401611e+02 6.1758697510e+02 6.1762200928e+02 6.1762902832e+02 6.1763702393e+02 6.1765197754e+02 6.1767102051e+02 6.1769799805e+02 6.1772998047e+02 6.1776000977e+02 6.1777197266e+02 6.1777801514e+02 6.1779101563e+02 6.1778997803e+02 6.1778601074e+02 6.1778802490e+02 6.1781201172e+02 6.1782202148e+02 6.1780902100e+02 6.1782702637e+02 6.1783697510e+02 6.1785400391e+02 6.1787799072e+02 6.1787500000e+02 6.1788000488e+02 6.1787701416e+02 6.1787402344e+02 6.1792498779e+02 6.1798400879e+02 6.1800402832e+02 6.1801800537e+02 6.1805700684e+02 6.1808001709e+02 6.1811102295e+02 6.1815600586e+02 6.1819500732e+02 6.1821600342e+02 6.1821801758e+02
6.1774597168e+02 6.1765002441e+02 6.1757202148e+02 6.1753302002e+02 6.1747698975e+02 6.1743701172e+02 6.1745300293e+02 6.1750500488e+02 6.1752197266e+02 6.1755102539e+02 6.1758099365e+02 6.1759698486e+02 6.1760498047e+02 6.1761602783e+02 6.1764001465e+02 6.1765301514e+02 6.1768103027e+02 6.1770397949e+02 6.1771997070e+02 6.1774200439e+02 6.1776098633e+02 6.1778399658e+02 6.1778900146e+02 6.1778802490e+02 6.1779699707e+02 6.1780102539e+02 6.1778900146e+02 6.1779602051e+02 6.1780798340e+02 6.1781701660e+02 6.1782202148e+02 6.1782397461e+02 6.1782702637e+02 6.1783398438e+02 6.1784899902e+02 6.1789398193e+02 6.1792602539e+02 6.1793902588e+02 6.1796002197e+02 6.1799499512e+02 6.1802899170e+02 6.1804699707e+02 6.1807202148e+02 6.1809802246e+02 6.1811798096e+02 6.1812402344e+02
6.1773199463e+02 6.1762701416e+02 6.1753900146e+02 6.1748400879e+02 6.1742199707e+02 6.1740100098e+02 6.1741802979e+02 6.1744201660e+02 6.1745397949e+02 6.1748602295e+02 6.1752301025e+02 6.1755499268e+02 6.1757202148e+02 6.1758801270e+02 6.1760101318e+02 6.1760900879e+02 6.1764300537e+02 6.1766699219e+02 6.1768200684e+02 6.1769097900e+02 6.1770800781e+02 6.1774200439e+02 6.1775402832e+02 6.1774700928e+02 6.1774499512e+02 6.1775500488e+02 6.1776098633e+02 6.1775402832e+02 6.1776300049e+02 6.1777001953e+02 6.1776599121e+02 6.1778002930e+02 6.1778302002e+02 6.1778601074e+02 6.1779101563e+02 6.1781097412e+02 6.1783801270e+02 6.1786602783e+02 6.1790301514e+02 6.1792602539e+02 6.1796002197e+02 6.1797900391e+02 6.1799700928e+02 6.1802001953e+02 6.1803997803e+02 6.1804602051e+02
6.1771801758e+02 6.1761199951e+02 6.1750799561e+02 6.1742999268e+02 6.1736901855e+02 6.1736602783e+02 6.1736401367e+02 6.1736499023e+02 6.1737701416e+02 6.1742199707e+02 6.1746099854e+02 6.1749298096e+02 6.1751202393e+02 6.1752398682e+02 6.1755102539e+02 6.1755999756e+02 6.1759301758e+02 6.1761499023e+02 6.1764599609e+02 6.1766302490e+02 6.1767297363e+02 6.1768701172e+02 6.1768798828e+02 6.1768597412e+02 6.1768701172e+02 6.1769799805e+02 6.1770599365e+02 6.1769000244e+02 6.1769500732e+02 6.1770599365e+02 6.1770501709e+02 6.1772302246e+02 6.1773297119e+02 6.1773602295e+02 6.1774298096e+02 6.1775299072e+02 6.1777600098e+02 6.1780401611e+02 6.1784002686e+02 6.1786999512e+02 6.1789202881e+02 6.1791198730e+02 6.1793499756e+02 6.1795202637e+02 6.1796301270e+02 6.1796301270e+02
6.1766802979e+02 6.1757202148e+02 6.1747198486e+02 6.1736199951e+02 6.1732598877e+02 6.1733001709e+02 6.1729901123e+02 6.1729498291e+02 6.1732702637e+02 6.1738500977e+02 6.1741101074e+02 6.1744201660e+02 6.1744500732e+02 6.1744000244e+02 6.1748498535e+02 6.1751202393e+02 6.1752600098e+02 6.1753601074e+02 6.1756701660e+02 6.1759100342e+02 6.1759600830e+02 6.1760797119e+02 6.1761999512e+02 6.1762902832e+02 6.1763500977e+02 6.1763598633e+02 6.1763598633e+02 6.1763598633e+02 6.1763598633e+02 6.1763702393e+02 6.1763201904e+02 6.1762799072e+02 6.1762701416e+02 6.1764300537e+02 6.1766998291e+02 6.1770898438e+02 6.1774499512e+02 6.1776800537e+02 6.1776501465e+02 6.1779797363e+02 6.1781500244e+02 6.1783502197e+02 6.1785498047e+02 6.1784301758e+02 6.1784997559e+02 6.1786297607e+02
6.1763201904e+02 6.1754199219e+02 6.1742999268e+02 6.1729901123e+02 6.1726800537e+02 6.1726898193e+02 6.1724102783e+02 6.1724401855e+02 6.1727099609e+02 6.1730401611e+02 6.1733502197e+02 6.1739099121e+02 6.1740301514e+02 6.1739501953e+02 6.1742401123e+02 6.1744396973e+02 6.1746002197e+02 6.1747100830e+02 6.1749401855e+02 6.1751599121e+02 6.1752600098e+02 6.1754498291e+02 6.1754797363e+02 6.1754699707e+02 6.1755798340e+02 6.1756500244e+02 6.1756500244e+02 6.1757098389e+02 6.1758001709e+02 6.1755999756e+02 6.1754998779e+02 6.1756597900e+02 6.1755200195e+02 6.1755499268e+02 6.1756298828e+02 6.1760601807e+02 6.1763098145e+02 6.1764898682e+02 6.1765899658e+02 6.1770001221e+02 6.1771899414e+02 6.1772900391e+02 6.1773400879e+02 6.1773999023e+02 6.1775598145e+02 6.1776300049e+02
6.1759002686e+02 6.1749700928e+02 6.1738702393e+02 6.1726000977e+02 6.1721301270e+02 6.1720599365e+02 6.1719396973e+02 6.1721099854e+02 6.1722497559e+02 6.1724700928e+02 6.1728198242e+02 6.1732598877e+02 6.1734600830e+02 6.1735302734e+02 6.1737597656e+02 6.1740802002e+02 6.1742498779e+02 6.1742297363e+02 6.1743701172e+02 6.1745397949e+02 6.1746600342e+02 6.1748602295e+02 6.1748901367e+02 6.1748498535e+02 6.1749597168e+02 6.1750799561e+02 6.1750402832e+02 6.1750201416e+02 6.1750097656e+02 6.1747601318e+02 6.1747198486e+02 6.1747399902e+02 6.1746600342e+02 6.1747601318e+02 6.1747198486e+02 6.1750299072e+02 6.1752600098e+02 6.1754302979e+02 6.1757098389e+02 6.1760302734e+02 6.1761401367e+02 6.1761602783e+02 6.1763098145e+02 6.1764599609e+02 6.1766101074e+02 6.1765502930e+02
6.1752301025e+02 6.1742401123e+02 6.1733697510e+02 6.1723400879e+02 6.1715997314e+02 6.1713897705e+02 6.1713397217e+02 6.1714501953e+02 6.1715802002e+02 6.1718298340e+02 6.1720800781e+02 6.1723199463e+02 6.1726800537e+02 6.1729797363e+02 6.1731500244e+02 6.1734698486e+02 6.1735998535e+02 6.1735998535e+02 6.1738000488e+02 6.1738500977e+02 6.1739300537e+02 6.1741400146e+02 6.1742700195e+02 6.1742297363e+02 6.1742700195e+02 6.1743701172e+02 6.1742999268e+02 6.1741400146e+02 6.1740502930e+02 6.1739501953e+02 6.1740997314e+02 6.1738500977e+02 6.1736798096e+02 6.1737701416e+02 6.1737298584e+02 6.1738897705e+02 6.1742102051e+02 6.1744799805e+02 6.1746997070e+02 6.1748498535e+02 6.1749200439e+02 6.1749200439e+02 6.1751800537e+02 6.1752301025e+02 6.1754699707e+02 6.1755499268e+02
6.1746002197e+02 6.1735601807e+02 6.1729400635e+02 6.1720098877e+02 6.1710900879e+02 6.1708197021e+02 6.1708801270e+02 6.1708197021e+02 6.1709002686e+02 6.1711499023e+02 6.1713897705e+02 6.1715997314e+02 6.1719299316e+02 6.1722802734e+02 6.1724200439e+02 6.1725000000e+02 6.1726800537e+02 6.1729602051e+02 6.1732098389e+02 6.1731402588e+02 6.1730798340e+02 6.1730902100e+02 6.1732202148e+02 6.1732702637e+02 6.1732000732e+02 6.1731799316e+02 6.1730798340e+02 6.1730902100e+02 6.1731500244e+02 6.1731701660e+02 6.1731701660e+02 6.1729699707e+02 6.1728198242e+02 6.1728497314e+02 6.1727801514e+02 6.1728997803e+02 6.1731402588e+02 6.1732702637e+02 6.1732299805e+02 6.1734600830e+02 6.1735797119e+02 6.1735498047e+02 6.1738000488e+02 6.1738897705e+02 6.1741101074e+02 6.1743701172e+02
6.1741101074e+02 6.1730999756e+02 6.1721697998e+02 6.1713201904e+02 6.1704101563e+02 6.1702197266e+02 6.1703802490e+02 6.1700897217e+02 6.1700897217e+02 6.1703601074e+02 6.1707000732e+02 6.1710797119e+02 6.1713598633e+02 6.1715899658e+02 6.1716900635e+02 6.1718200684e+02 6.1719000244e+02 6.1719702148e+02 6.1722100830e+02 6.1722802734e+02 6.1722399902e+02 6.1722302246e+02 6.1724200439e+02 6.1724401855e+02 6.1723199463e+02 6.1722601318e+02 6.1722302246e+02 6.1722198486e+02 6.1721197510e+02 6.1718499756e+02 6.1717297363e+02 6.1716101074e+02 6.1716101074e+02 6.1718200684e+02 6.1719097900e+02 6.1717999268e+02 6.1719702148e+02 6.1720202637e+02 6.1718597412e+02 6.1720098877e+02 6.1720898438e+02 6.1721801758e+02 6.1725500488e+02 6.1724798584e+02 6.1725897217e+02 6.1728900146e+02
6.1733300781e+02 6.1722802734e+02 6.1712200928e+02 6.1704101563e+02 6.1695697021e+02 6.1693200684e+02 6.1695397949e+02 6.1692401123e+02 6.1692999268e+02 6.1695501709e+02 6.1697802734e+02 6.1702099609e+02 6.1705401611e+02 6.1707098389e+02 6.1708099365e+02 6.1710601807e+02 6.1711499023e+02 6.1711297607e+02 6.1713500977e+02 6.1714697266e+02 6.1714599609e+02 6.1714599609e+02 6.1716497803e+02 6.1715502930e+02 6.1713299561e+02 6.1712500000e+02 6.1711798096e+02 6.1710101318e+02 6.1707800293e+02 6.1705102539e+02 6.1704901123e+02 6.1703399658e+02 6.1703198242e+02 6.1705902100e+02 6.1708697510e+02 6.1707000732e+02 6.1708001709e+02 6.1706896973e+02 6.1704901123e+02 6.1706402588e+02 6.1707000732e+02 6.1707702637e+02 6.1710998535e+02 6.1711297607e+02 6.1711999512e+02 6.1715002441e+02
6.1726000977e+02 6.1715600586e+02 6.1705902100e+02 6.1696801758e+02 6.1688098145e+02 6.1683398438e+02 6.1684197998e+02 6.1682897949e+02 6.1683599854e+02 6.1685699463e+02 6.1688598633e+02 6.1692498779e+02 6.1697100830e+02 6.1699700928e+02 6.1700201416e+02 6.1702600098e+02 6.1703302002e+02 6.1703002930e+02 6.1705200195e+02 6.1705401611e+02 6.1704901123e+02 6.1704199219e+02 6.1706298828e+02 6.1704998779e+02 6.1702600098e+02 6.1701898193e+02 6.1700201416e+02 6.1696697998e+02 6.1694702148e+02 6.1694000244e+02 6.1695501709e+02 6.1691198730e+02 6.1690002441e+02 6.1692199707e+02 6.1694396973e+02 6.1693103027e+02 6.1692901611e+02 6.1691998291e+02 6.1692700195e+02 6.1693701172e+02 6.1694500732e+02 6.1695098877e+02 6.1697198486e+02 6.1700000000e+02 6.1701397705e+02 6.1702301025e+02
6.1717199707e+02 6.1707897949e+02 6.1700299072e+02 6.1689202881e+02 6.1680902100e+02 6.1674902344e+02 6.1671997070e+02 6.1671697998e+02 6.1672497559e+02 6.1674902344e+02 6.1679602051e+02 6.1681701660e+02 6.1686700439e+02 6.1690002441e+02 6.1689697266e+02 6.1693902588e+02 6.1694500732e+02 6.1693402100e+02 6.1694897461e+02 6.1696099854e+02 6.1696398926e+02 6.1696002197e+02 6.1698602295e+02 6.1694396973e+02 6.1692602539e+02 6.1692700195e+02 6.1692401123e+02 6.1688201904e+02 6.1685400391e+02 6.1682800293e+02 6.1682000732e+02 6.1678002930e+02 6.1676599121e+02 6.1678198242e+02 6.1678698730e+02 6.1678497314e+02 6.1676501465e+02 6.1676397705e+02 6.1678198242e+02 6.1679302979e+02 6.1681597900e+02 6.1682702637e+02 6.1684997559e+02 6.1686199951e+02 6.1687799072e+02 6.1686401367e+02
6.1708001709e+02 6.1696697998e+02 6.1687500000e+02 6.1678698730e+02 6.1671002197e+02 6.1665600586e+02 6.1663098145e+02 6.1661700439e+02 6.1663201904e+02 6.1666802979e+02 6.1671002197e+02 6.1672802734e+02 6.1676702881e+02 6.1677801514e+02 6.1676898193e+02 6.1680700684e+02 6.1683099365e+02 6.1683697510e+02 6.1684698486e+02 6.1684497070e+02 6.1684698486e+02 6.1685498047e+02 6.1685998535e+02 6.1682501221e+02 6.1681701660e+02 6.1681896973e+02 6.1678997803e+02 6.1676202393e+02 6.1674597168e+02 6.1671801758e+02 6.1669702148e+02 6.1667401123e+02 6.1666802979e+02 6.1667199707e+02 6.1665997314e+02 6.1665899658e+02 6.1664001465e+02 6.1662799072e+02 6.1663098145e+02 6.1664697266e+02 6.1666302490e+02 6.1667401123e+02 6.1671197510e+02 6.1671398926e+02 6.1672198486e+02 6.1671197510e+02
6.1699298096e+02 6.1687701416e+02 6.1676501465e+02 6.1667401123e+02 6.1658502197e+02 6.1654101563e+02 6.1653900146e+02 6.1651300049e+02 6.1652502441e+02 6.1656097412e+02 6.1660900879e+02 6.1665301514e+02 6.1668200684e+02 6.1668798828e+02 6.1668298340e+02 6.1671002197e+02 6.1672998047e+02 6.1673602295e+02 6.1675500488e+02 6.1675299072e+02 6.1675598145e+02 6.1676000977e+02 6.1672900391e+02 6.1670001221e+02 6.1669799805e+02 6.1669299316e+02 6.1667199707e+02 6.1666699219e+02 6.1664898682e+02 6.1662097168e+02 6.1659197998e+02 6.1658099365e+02 6.1657202148e+02 6.1655603027e+02 6.1653100586e+02 6.1654199219e+02 6.1653002930e+02 6.1650701904e+02 6.1649298096e+02 6.1649798584e+02 6.1650000000e+02 6.1651000977e+02 6.1656402588e+02 6.1657702637e+02 6.1659100342e+02 6.1659399414e+02
6.1688299561e+02 6.1677301025e+02 6.1665997314e+02 6.1656896973e+02 6.1648101807e+02 6.1644097900e+02 6.1643597412e+02 6.1640698242e+02 6.1640997314e+02 6.1644000244e+02 6.1648498535e+02 6.1651702881e+02 6.1654602051e+02 6.1657202148e+02 6.1659600830e+02 6.1663098145e+02 6.1663702393e+02 6.1664099121e+02 6.1666699219e+02 6.1666101074e+02 6.1665899658e+02 6.1665301514e+02 6.1661499023e+02 6.1659100342e+02 6.1659399414e+02 6.1659002686e+02 6.1657202148e+02 6.1654901123e+02 6.1651898193e+02 6.1649597168e+02 6.1647399902e+02 6.1645697021e+02 6.1644396973e+02 6.1641802979e+02 6.1639001465e+02 6.1640301514e+02 6.1639898682e+02 6.1638098145e+02 6.1637097168e+02 6.1636700439e+02 6.1636297607e+02 6.1636199951e+02 6.1641400146e+02 6.1642797852e+02 6.1643402100e+02 6.1644299316e+02
6.1675598145e+02 6.1665802002e+02 6.1656597900e+02 6.1646301270e+02 6.1638397217e+02 6.1634497070e+02 6.1632897949e+02 6.1631896973e+02 6.1632202148e+02 6.1635302734e+02 6.1638500977e+02 6.1639099121e+02 6.1641699219e+02 6.1643798828e+02 6.1644897461e+02 6.1647198486e+02 6.1649102783e+02 6.1650897217e+02 6.1652197266e+02 6.1653497314e+02 6.1653900146e+02 6.1653100586e+02 6.1651397705e+02 6.1649798584e+02 6.1650000000e+02 6.1648999023e+02 6.1644201660e+02 6.1640301514e+02 6.1638897705e+02 6.1639001465e+02 6.1638800049e+02 6.1633300781e+02 6.1631896973e+02 6.1629797363e+02 6.1626898193e+02 6.1626599121e+02 6.1626300049e+02 6.1625701904e+02 6.1625000000e+02 6.1625897217e+02 6.1626800537e+02 6.1627099609e+02 6.1628997803e+02 6.1627600098e+02 6.1626202393e+02 6.1626202393e+02
6.1660400391e+02 6.1652502441e+02 6.1644702148e+02 6.1634698486e+02 6.1626898193e+02 6.1624499512e+02 6.1623498535e+02 6.1620898438e+02 6.1621697998e+02 6.1626397705e+02 6.1629498291e+02 6.1629797363e+02 6.1630798340e+02 6.1630999756e+02 6.1631799316e+02 6.1634399414e+02 6.1636901855e+02 6.1637298584e+02 6.1638897705e+02 6.1641198730e+02 6.1642297363e+02 6.1641601563e+02 6.1642498779e+02 6.1641497803e+02 6.1639599609e+02 6.1637500000e+02 6.1634698486e+02 6.1632501221e+02 6.1630902100e+02 6.1629797363e+02 6.1628002930e+02 6.1622198486e+02 6.1621099854e+02 6.1619299316e+02 6.1616601563e+02 6.1616198730e+02 6.1615399170e+02 6.1614398193e+02 6.1613800049e+02 6.1613201904e+02 6.1612200928e+02 6.1611401367e+02 6.1614001465e+02 6.1613500977e+02 6.1613201904e+02 6.1611999512e+02
6.1644799805e+02 6.1637402344e+02 6.1629797363e+02 6.1620501709e+02 6.1614501953e+02 6.1614300537e+02 6.1613702393e+02 6.1610699463e+02 6.1610498047e+02 6.1614398193e+02 6.1617602539e+02 6.1617401123e+02 6.1618902588e+02 6.1620800781e+02 6.1621502686e+02 6.1624401855e+02 6.1627801514e+02 6.1627502441e+02 6.1628997803e+02 6.1633099365e+02 6.1633197021e+02 6.1632800293e+02 6.1634600830e+02 6.1633001709e+02 6.1631201172e+02 6.1628997803e+02 6.1626098633e+02 6.1624298096e+02 6.1622802734e+02 6.1620697021e+02 6.1617901611e+02 6.1613598633e+02 6.1611297607e+02 6.1608300781e+02 6.1605999756e+02 6.1604901123e+02 6.1603497314e+02 6.1601898193e+02 6.1601599121e+02 6.1600701904e+02 6.1598199463e+02 6.1596099854e+02 6.1598101807e+02 6.1597601318e+02 6.1598498535e+02 6.1598400879e+02
6.1628900146e+02 6.1622497559e+02 6.1615698242e+02 6.1606597900e+02 6.1600799561e+02 6.1601202393e+02 6.1601599121e+02 6.1599499512e+02 6.1599597168e+02 6.1602899170e+02 6.1605999756e+02 6.1606298828e+02 6.1609002686e+02 6.1611401367e+02 6.1611499023e+02 6.1614202881e+02 6.1618298340e+02 6.1618499756e+02 6.1620202637e+02 6.1624200439e+02 6.1623797607e+02 6.1624200439e+02 6.1626800537e+02 6.1624499512e+02 6.1623498535e+02 6.1622100830e+02 6.1618200684e+02 6.1615100098e+02 6.1613500977e+02 6.1611700439e+02 6.1609002686e+02 6.1605700684e+02 6.1602001953e+02 6.1597698975e+02 6.1596398926e+02 6.1593902588e+02 6.1591998291e+02 6.1590399170e+02 6.1589398193e+02 6.1588201904e+02 6.1584899902e+02 6.1582098389e+02 6.1583801270e+02 6.1582000732e+02 6.1581402588e+02 6.1581597900e+02
