TESTSERVER/24/17.asc
NCOLS 100
NROWS 100
XLLCORNER 8.6997500000e+03
YLLCORNER 2.8910025000e+05
CELLSIZE 5.0000000000e-01
NODATA_VALUE -9.9990000000e+03
[rows 40 to 59 of 100, columns 46 to 91 of 100]
6.1819799805e+02 6.1820397949e+02 6.1821697998e+02 6.1822802734e+02 6.1824298096e+02 6.1827001953e+02 6.1826000977e+02 6.1827001953e+02 6.1829602051e+02 6.1828997803e+02 6.1827099609e+02 6.1826098633e+02 6.1824298096e+02 6.1823999023e+02 6.1825799561e+02 6.1823498535e+02 6.1821600342e+02 6.1820800781e+02 6.1820001221e+02 6.1819500732e+02 6.1818597412e+02 6.1818597412e+02 6.1820001221e+02 6.1818103027e+02 6.1814202881e+02 6.1811999512e+02 6.1809100342e+02 6.1807598877e+02 6.1806298828e+02 6.1804199219e+02 6.1801599121e+02 6.1799499512e+02 6.1799102783e+02 6.1796801758e+02 6.1790600586e+02 6.1786199951e+02 6.1783898926e+02 6.1778601074e+02 6.1774902344e+02 6.1770397949e+02 6.1765399170e+02 6.1760302734e+02 6.1753601074e+02 6.1747399902e+02 6.1743402100e+02 6.1736798096e+02
6.1812402344e+02 6.1814398193e+02 6.1816699219e+02 6.1816998291e+02 6.1817498779e+02 6.1818499756e+02 6.1817297363e+02 6.1818499756e+02 6.1819799805e+02 6.1819097900e+02 6.1817700195e+02 6.1816699219e+02 6.1815698242e+02 6.1816400146e+02 6.1816802979e+02 6.1815002441e+02 6.1813897705e+02 6.1814898682e+02 6.1813897705e+02 6.1812799072e+02 6.1810601807e+02 6.1810198975e+02 6.1809899902e+02 6.1807202148e+02 6.1804400635e+02 6.1802398682e+02 6.1799597168e+02 6.1796697998e+02 6.1794598389e+02 6.1792797852e+02 6.1791802979e+02 6.1789801025e+02 6.1787500000e+02 6.1785498047e+02 6.1781896973e+02 6.1778900146e+02 6.1774499512e+02 6.1768902588e+02 6.1764202881e+02 6.1757897949e+02 6.1751501465e+02 6.1747802734e+02 6.1743499756e+02 6.1736102295e+02 6.1730499268e+02 6.1723797607e+02
6.1804699707e+02 6.1807098389e+02 6.1807800293e+02 6.1807000732e+02 6.1808001709e+02 6.1808599854e+02 6.1808197021e+02 6.1808697510e+02 6.1808398438e+02 6.1809197998e+02 6.1809698486e+02 6.1810101318e+02 6.1807397461e+02 6.1806597900e+02 6.1805902100e+02 6.1805499268e+02 6.1805902100e+02 6.1806097412e+02 6.1805499268e+02 6.1804602051e+02 6.1802301025e+02 6.1800799561e+02 6.1801000977e+02 6.1799102783e+02 6.1794897461e+02 6.1791302490e+02 6.1789398193e+02 6.1787500000e+02 6.1784600830e+02 6.1780798340e+02 6.1779901123e+02 6.1779498291e+02 6.1775897217e+02 6.1772998047e+02 6.1771301270e+02 6.1768298340e+02 6.1760797119e+02 6.1756402588e+02 6.1752801514e+02 6.1746002197e+02 6.1738702393e+02 6.1734197998e+02 6.1730999756e+02 6.1724499512e+02 6.1717901611e+02 6.1710998535e+02
6.1795202637e+02 6.1797802734e+02 6.1798400879e+02 6.1798199463e+02 6.1798901367e+02 6.1799401855e+02 6.1799700928e+02 6.1799902344e+02 6.1798498535e+02 6.1798602295e+02 6.1799499512e+02 6.1800500488e+02 6.1797399902e+02 6.1796398926e+02 6.1796398926e+02 6.1796502686e+02 6.1797302246e+02 6.1795599365e+02 6.1794897461e+02 6.1794201660e+02 6.1792401123e+02 6.1791198730e+02 6.1791302490e+02 6.1789202881e+02 6.1783300781e+02 6.1780999756e+02 6.1779901123e+02 6.1777801514e+02 6.1775201416e+02 6.1769897461e+02 6.1767498779e+02 6.1766601563e+02 6.1762701416e+02 6.1761199951e+02 6.1758697510e+02 6.1753399658e+02 6.1747100830e+02 6.1744201660e+02 6.1740899658e+02 6.1734899902e+02 6.1727801514e+02 6.1720300293e+02 6.1715899658e+02 6.1710797119e+02 6.1704998779e+02 6.1698999023e+02
6.1786199951e+02 6.1787500000e+02 6.1788500977e+02 6.1787799072e+02 6.1787902832e+02 6.1788000488e+02 6.1787902832e+02 6.1788897705e+02 6.1788397217e+02 6.1786999512e+02 6.1785797119e+02 6.1786102295e+02 6.1786700439e+02 6.1786798096e+02 6.1788201904e+02 6.1786102295e+02 6.1784002686e+02 6.1783001709e+02 6.1782800293e+02 6.1782800293e+02 6.1781097412e+02 6.1779901123e+02 6.1778198242e+02 6.1776397705e+02 6.1772601318e+02 6.1770599365e+02 6.1768402100e+02 6.1765600586e+02 6.1764300537e+02 6.1760400391e+02 6.1757501221e+02 6.1754699707e+02 6.1750701904e+02 6.1749200439e+02 6.1746301270e+02 6.1740802002e+02 6.1736798096e+02 6.1732702637e+02 6.1727197266e+02 6.1721801758e+02 6.1716601563e+02 6.1707501221e+02 6.1702301025e+02 6.1697802734e+02 6.1692199707e+02 6.1686297607e+02
6.1776202393e+02 6.1777197266e+02 6.1777697754e+02 6.1775201416e+02 6.1775500488e+02 6.1777301025e+02 6.1777001953e+02 6.1776397705e+02 6.1776098633e+02 6.1776599121e+02 6.1776397705e+02 6.1775500488e+02 6.1775097656e+02 6.1775000000e+02 6.1774700928e+02 6.1771600342e+02 6.1770697021e+02 6.1771099854e+02 6.1771002197e+02 6.1770898438e+02 6.1768798828e+02 6.1766699219e+02 6.1763800049e+02 6.1761901855e+02 6.1761102295e+02 6.1760998535e+02 6.1757897949e+02 6.1754400635e+02 6.1750701904e+02 6.1748199463e+02 6.1745397949e+02 6.1743402100e+02 6.1740802002e+02 6.1736297607e+02 6.1733300781e+02 6.1728302002e+02 6.1723400879e+02 6.1720001221e+02 6.1716101074e+02 6.1710900879e+02 6.1704602051e+02 6.1696997070e+02 6.1690301514e+02 6.1682897949e+02 6.1676702881e+02 6.1673199463e+02
6.1764697266e+02 6.1766400146e+02 6.1767401123e+02 6.1765600586e+02 6.1765399170e+02 6.1767999268e+02 6.1767297363e+02 6.1765301514e+02 6.1765301514e+02 6.1765301514e+02 6.1765002441e+02 6.1763598633e+02 6.1762799072e+02 6.1761901855e+02 6.1761199951e+02 6.1759600830e+02 6.1759002686e+02 6.1759600830e+02 6.1757598877e+02 6.1756597900e+02 6.1755603027e+02 6.1752899170e+02 6.1750500488e+02 6.1749401855e+02 6.1748999023e+02 6.1747900391e+02 6.1746002197e+02 6.1741497803e+02 6.1734497070e+02 6.1732800293e+02 6.1731298828e+02 6.1728601074e+02 6.1726898193e+02 6.1722399902e+02 6.1717602539e+02 6.1711499023e+02 6.1708599854e+02 6.1706298828e+02 6.1703802490e+02 6.1698699951e+02 6.1690802002e+02 6.1683599854e+02 6.1677697754e+02 6.1669396973e+02 6.1662799072e+02 6.1659698486e+02
6.1753997803e+02 6.1754602051e+02 6.1754998779e+02 6.1753601074e+02 6.1752301025e+02 6.1754199219e+02 6.1753497314e+02 6.1752301025e+02 6.1753900146e+02 6.1752801514e+02 6.1751300049e+02 6.1750500488e+02 6.1751702881e+02 6.1750097656e+02 6.1747802734e+02 6.1746801758e+02 6.1745501709e+02 6.1745800781e+02 6.1743298340e+02 6.1740997314e+02 6.1739599609e+02 6.1738000488e+02 6.1737902832e+02 6.1738000488e+02 6.1735302734e+02 6.1732598877e+02 6.1731500244e+02 6.1727697754e+02 6.1720300293e+02 6.1718701172e+02 6.1717797852e+02 6.1715002441e+02 6.1712701416e+02 6.1710101318e+02 6.1704998779e+02 6.1697100830e+02 6.1692901611e+02 6.1689300537e+02 6.1686798096e+02 6.1683300781e+02 6.1676898193e+02 6.1668902588e+02 6.1664099121e+02 6.1656402588e+02 6.1648699951e+02 6.1642901611e+02
6.1742401123e+02 6.1741101074e+02 6.1740698242e+02 6.1740197754e+02 6.1739697266e+02 6.1739898682e+02 6.1740100098e+02 6.1739898682e+02 6.1740802002e+02 6.1740100098e+02 6.1738000488e+02 6.1737200928e+02 6.1737097168e+02 6.1734399414e+02 6.1731597900e+02 6.1731402588e+02 6.1731097412e+02 6.1729400635e+02 6.1728497314e+02 6.1727301025e+02 6.1724902344e+02 6.1722998047e+02 6.1723101807e+02 6.1723797607e+02 6.1721301270e+02 6.1719897461e+02 6.1717102051e+02 6.1714001465e+02 6.1710998535e+02 6.1710797119e+02 6.1706097412e+02 6.1699700928e+02 6.1695898438e+02 6.1695001221e+02 6.1691900635e+02 6.1686401367e+02 6.1682800293e+02 6.1674700928e+02 6.1669097900e+02 6.1665899658e+02 6.1662597656e+02 6.1654699707e+02 6.1647698975e+02 6.1640899658e+02 6.1634600830e+02 6.1628100586e+02
6.1728900146e+02 6.1728698730e+02 6.1728601074e+02 6.1727697754e+02 6.1728198242e+02 6.1727801514e+02 6.1726000977e+02 6.1725897217e+02 6.1725799561e+02 6.1725299072e+02 6.1723901367e+02 6.1722900391e+02 6.1721398926e+02 6.1720001221e+02 6.1718103027e+02 6.1717102051e+02 6.1715698242e+02 6.1715600586e+02 6.1715301514e+02 6.1713897705e+02 6.1711499023e+02 6.1708697510e+02 6.1706896973e+02 6.1706298828e+02 6.1704498291e+02 6.1704199219e+02 6.1699102783e+02 6.1695501709e+02 6.1695397949e+02 6.1694097900e+02 6.1689202881e+02 6.1684600830e+02 6.1680200195e+02 6.1676800537e+02 6.1672698975e+02 6.1669000244e+02 6.1668103027e+02 6.1661199951e+02 6.1654998779e+02 6.1650598145e+02 6.1646197510e+02 6.1640899658e+02 6.1635998535e+02 6.1629400635e+02 6.1622100830e+02 6.1615698242e+02
6.1716699219e+02 6.1716302490e+02 6.1715802002e+02 6.1715399170e+02 6.1715502930e+02 6.1713800049e+02 6.1710498047e+02 6.1709600830e+02 6.1709301758e+02 6.1708502197e+02 6.1708502197e+02 6.1709600830e+02 6.1707598877e+02 6.1706597900e+02 6.1705297852e+02 6.1704302979e+02 6.1701000977e+02 6.1698999023e+02 6.1698699951e+02 6.1697698975e+02 6.1695001221e+02 6.1692797852e+02 6.1691198730e+02 6.1689202881e+02 6.1686901855e+02 6.1686401367e+02 6.1683099365e+02 6.1678302002e+02 6.1677801514e+02 6.1676000977e+02 6.1672100830e+02 6.1669201660e+02 6.1666400146e+02 6.1661700439e+02 6.1656896973e+02 6.1652502441e+02 6.1650799561e+02 6.1646997070e+02 6.1641802979e+02 6.1636602783e+02 6.1629602051e+02 6.1623797607e+02 6.1620300293e+02 6.1614398193e+02 6.1607501221e+02 6.1599902344e+02
6.1703497314e+02 6.1703302002e+02 6.1702099609e+02 6.1700402832e+02 6.1698699951e+02 6.1697399902e+02 6.1695397949e+02 6.1694299316e+02 6.1693798828e+02 6.1692199707e+02 6.1692401123e+02 6.1693902588e+02 6.1690899658e+02 6.1690502930e+02 6.1690502930e+02 6.1690399170e+02 6.1686999512e+02 6.1682702637e+02 6.1680603027e+02 6.1679101563e+02 6.1677502441e+02 6.1675500488e+02 6.1673699951e+02 6.1671801758e+02 6.1668298340e+02 6.1667102051e+02 6.1665899658e+02 6.1661901855e+02 6.1661199951e+02 6.1659600830e+02 6.1655401611e+02 6.1653198242e+02 6.1652099609e+02 6.1647998047e+02 6.1644201660e+02 6.1638800049e+02 6.1632702637e+02 6.1629498291e+02 6.1625201416e+02 6.1620800781e+02 6.1614501953e+02 6.1606597900e+02 6.1601599121e+02 6.1595599365e+02 6.1589898682e+02 6.1583502197e+02
6.1684899902e+02 6.1687500000e+02 6.1686901855e+02 6.1683898926e+02 6.1680200195e+02 6.1678198242e+02 6.1678002930e+02 6.1678198242e+02 6.1677301025e+02 6.1675201416e+02 6.1673498535e+02 6.1673199463e+02 6.1673400879e+02 6.1671697998e+02 6.1673400879e+02 6.1674798584e+02 6.1671301270e+02 6.1666497803e+02 6.1663098145e+02 6.1661297607e+02 6.1659802246e+02 6.1659002686e+02 6.1657299805e+02 6.1655401611e+02 6.1651898193e+02 6.1649798584e+02 6.1648101807e+02 6.1645098877e+02 6.1641900635e+02 6.1641198730e+02 6.1636999512e+02 6.1634600830e+02 6.1632702637e+02 6.1628802490e+02 6.1625299072e+02 6.1621002197e+02 6.1615301514e+02 6.1610302734e+02 6.1606597900e+02 6.1602899170e+02 6.1596398926e+02 6.1591302490e+02 6.1585198975e+02 6.1578698730e+02 6.1572399902e+02 6.1567102051e+02
6.1669500732e+02 6.1669000244e+02 6.1670001221e+02 6.1670697021e+02 6.1666900635e+02 6.1663299561e+02 6.1661602783e+02 6.1662200928e+02 6.1660998535e+02 6.1658300781e+02 6.1657702637e+02 6.1655999756e+02 6.1654302979e+02 6.1652502441e+02 6.1653100586e+02 6.1653900146e+02 6.1652099609e+02 6.1648199463e+02 6.1645098877e+02 6.1643499756e+02 6.1641400146e+02 6.1640899658e+02 6.1639501953e+02 6.1637298584e+02 6.1633197021e+02 6.1631201172e+02 6.1630700684e+02 6.1627600098e+02 6.1623699951e+02 6.1622802734e+02 6.1618902588e+02 6.1616802979e+02 6.1613800049e+02 6.1609497070e+02 6.1607598877e+02 6.1604498291e+02 6.1598999023e+02 6.1595001221e+02 6.1591699219e+02 6.1586999512e+02 6.1580102539e+02 6.1574499512e+02 6.1568402100e+02 6.1561798096e+02 6.1556298828e+02 6.1551000977e+02
6.1658099365e+02 6.1652301025e+02 6.1650500488e+02 6.1653601074e+02 6.1653002930e+02 6.1648999023e+02 6.1645800781e+02 6.1643798828e+02 6.1642199707e+02 6.1641302490e+02 6.1641900635e+02 6.1640301514e+02 6.1636700439e+02 6.1634497070e+02 6.1633099365e+02 6.1633697510e+02 6.1633697510e+02 6.1631701660e+02 6.1628802490e+02 6.1626202393e+02 6.1623699951e+02 6.1622100830e+02 6.1619897461e+02 6.1617700195e+02 6.1613397217e+02 6.1611401367e+02 6.1610400391e+02 6.1607702637e+02 6.1605102539e+02 6.1603198242e+02 6.1599102783e+02 6.1598400879e+02 6.1596099854e+02 6.1591497803e+02 6.1588598633e+02 6.1584997559e+02 6.1580798340e+02 6.1577001953e+02 6.1573797607e+02 6.1568103027e+02 6.1562097168e+02 6.1556597900e+02 6.1551000977e+02 6.1545501709e+02 6.1541302490e+02 6.1535699463e+02
6.1645697021e+02 6.1640399170e+02 6.1633300781e+02 6.1632501221e+02 6.1634197998e+02 6.1634002686e+02 6.1631701660e+02 6.1628002930e+02 6.1625299072e+02 6.1624298096e+02 6.1623400879e+02 6.1621697998e+02 6.1618597412e+02 6.1614697266e+02 6.1611901855e+02 6.1612402344e+02 6.1612097168e+02 6.1611499023e+02 6.1609301758e+02 6.1606799316e+02 6.1605200195e+02 6.1603302002e+02 6.1600299072e+02 6.1597900391e+02 6.1594396973e+02 6.1592401123e+02 6.1589801025e+02 6.1587500000e+02 6.1585900879e+02 6.1583502197e+02 6.1579797363e+02 6.1579101563e+02 6.1577801514e+02 6.1574200439e+02 6.1569702148e+02 6.1565002441e+02 6.1561401367e+02 6.1557299805e+02 6.1554797363e+02 6.1548999023e+02 6.1543902588e+02 6.1539898682e+02 6.1535498047e+02 6.1530102539e+02 6.1525097656e+02 6.1520697021e+02
6.1627001953e+02 6.1625598145e+02 6.1620800781e+02 6.1616198730e+02 6.1612902832e+02 6.1615100098e+02 6.1614398193e+02 6.1611700439e+02 6.1609497070e+02 6.1607299805e+02 6.1604998779e+02 6.1602502441e+02 6.1599102783e+02 6.1596899414e+02 6.1594396973e+02 6.1593499756e+02 6.1590399170e+02 6.1589697266e+02 6.1588702393e+02 6.1586901855e+02 6.1585900879e+02 6.1584197998e+02 6.1581500244e+02 6.1578497314e+02 6.1576098633e+02 6.1573999023e+02 6.1571697998e+02 6.1567999268e+02 6.1564501953e+02 6.1563800049e+02 6.1560900879e+02 6.1558398438e+02 6.1555102539e+02 6.1553100586e+02 6.1549700928e+02 6.1545202637e+02 6.1542401123e+02 6.1540899658e+02 6.1538397217e+02 6.1532098389e+02 6.1527697754e+02 6.1523400879e+02 6.1518402100e+02 6.1512597656e+02 6.1507098389e+02 6.1503698730e+02
6.1608502197e+02 6.1607202148e+02 6.1607702637e+02 6.1606500244e+02 6.1599902344e+02 6.1596099854e+02 6.1592602539e+02 6.1590399170e+02 6.1592498779e+02 6.1590600586e+02 6.1587402344e+02 6.1584497070e+02 6.1581402588e+02 6.1578399658e+02 6.1576702881e+02 6.1575500488e+02 6.1571801758e+02 6.1569598389e+02 6.1568499756e+02 6.1566998291e+02 6.1565002441e+02 6.1564501953e+02 6.1563201904e+02 6.1559802246e+02 6.1556500244e+02 6.1553698730e+02 6.1552001953e+02 6.1548297119e+02 6.1545098877e+02 6.1542999268e+02 6.1540502930e+02 6.1538702393e+02 6.1535498047e+02 6.1532000732e+02 6.1530700684e+02 6.1527099609e+02 6.1523101807e+02 6.1520501709e+02 6.1517199707e+02 6.1513000488e+02 6.1509600830e+02 6.1505700684e+02 6.1502899170e+02 6.1496801758e+02 6.1488800049e+02 6.1483801270e+02
6.1593902588e+02 6.1589801025e+02 6.1588000488e+02 6.1588897705e+02 6.1585998535e+02 6.1581097412e+02 6.1575701904e+02 6.1571801758e+02 6.1572900391e+02 6.1572198486e+02 6.1569897461e+02 6.1566302490e+02 6.1562701416e+02 6.1558599854e+02 6.1556597900e+02 6.1556298828e+02 6.1553302002e+02 6.1550000000e+02 6.1548498535e+02 6.1546997070e+02 6.1544396973e+02 6.1542999268e+02 6.1541699219e+02 6.1539801025e+02 6.1536499023e+02 6.1532202148e+02 6.1530297852e+02 6.1527899170e+02 6.1525097656e+02 6.1522399902e+02 6.1519097900e+02 6.1517498779e+02 6.1516198730e+02 6.1513299561e+02 6.1511999512e+02 6.1507702637e+02 6.1502801514e+02 6.1499798584e+02 6.1497601318e+02 6.1495300293e+02 6.1490002441e+02 6.1486199951e+02 6.1485198975e+02 6.1478497314e+02 6.1470397949e+02 6.1466900635e+02
6.1578900146e+02 6.1573602295e+02 6.1568200684e+02 6.1566497803e+02 6.1564898682e+02 6.1562701416e+02 6.1559899902e+02 6.1554797363e+02 6.1551599121e+02 6.1550299072e+02 6.1549298096e+02 6.1546398926e+02 6.1543597412e+02 6.1540502930e+02 6.1538000488e+02 6.1536798096e+02 6.1533300781e+02 6.1530499268e+02 6.1530200195e+02 6.1528802490e+02 6.1525299072e+02 6.1521997070e+02 6.1520098877e+02 6.1519299316e+02 6.1516400146e+02 6.1511901855e+02 6.1510198975e+02 6.1508898926e+02 6.1505297852e+02 6.1503399658e+02 6.1500000000e+02 6.1497100830e+02 6.1495898438e+02 6.1494097900e+02 6.1491400146e+02 6.1486700439e+02 6.1482299805e+02 6.1480297852e+02 6.1478802490e+02 6.1476599121e+02 6.1470599365e+02 6.1467297363e+02 6.1466198730e+02 6.1460699463e+02 6.1453802490e+02 6.1451599121e+02
