TESTSERVER/24/18.asc
NCOLS 100
NROWS 100
XLLCORNER 8.6997500000e+03
YLLCORNER 2.8905025000e+05
CELLSIZE 5.0000000000e-01
NODATA_VALUE -9.9990000000e+03
[rows 60 to 79 of 100, columns 46 to 91 of 100]
5.9707598877e+02 5.9703997803e+02 5.9699298096e+02 5.9695697021e+02 5.9694598389e+02 5.9697998047e+02 5.9700799561e+02 5.9700500488e+02 5.9701098633e+02 5.9710101318e+02 5.9722998047e+02 5.9733898926e+02 5.9742401123e+02 5.9750897217e+02 5.9760198975e+02 5.9769500732e+02 5.9778997803e+02 5.9788000488e+02 5.9796997070e+02 5.9805603027e+02 5.9813897705e+02 5.9826000977e+02 5.9841101074e+02 5.9855700684e+02 5.9861700439e+02 5.9857299805e+02 5.9862298584e+02 5.9869299316e+02 5.9877001953e+02 5.9888201904e+02 5.9896801758e+02 5.9909600830e+02 5.9931201172e+02 5.9963702393e+02 5.9983898926e+02 5.9993701172e+02 5.9995599365e+02 6.0000000000e+02 6.0005999756e+02 6.0006597900e+02 6.0003198242e+02 5.9998498535e+02 5.9997698975e+02 5.9999401855e+02 5.9998797607e+02 5.9982702637e+02
5.9681097412e+02 5.9681597900e+02 5.9681896973e+02 5.9680297852e+02 5.9679901123e+02 5.9683398438e+02 5.9684997559e+02 5.9686102295e+02 5.9689300537e+02 5.9695202637e+02 5.9708001709e+02 5.9720001221e+02 5.9729602051e+02 5.9739099121e+02 5.9747998047e+02 5.9756298828e+02 5.9767901611e+02 5.9778802490e+02 5.9787402344e+02 5.9794598389e+02 5.9803100586e+02 5.9811999512e+02 5.9827001953e+02 5.9844799805e+02 5.9851098633e+02 5.9850799561e+02 5.9855700684e+02 5.9862097168e+02 5.9871398926e+02 5.9881298828e+02 5.9885498047e+02 5.9890802002e+02 5.9903900146e+02 5.9924798584e+02 5.9939501953e+02 5.9951000977e+02 5.9961499023e+02 5.9971099854e+02 5.9980798340e+02 5.9987200928e+02 5.9991302490e+02 5.9992797852e+02 5.9991400146e+02 5.9992297363e+02 5.9992102051e+02 5.9985302734e+02
5.9658099365e+02 5.9661901855e+02 5.9665002441e+02 5.9665399170e+02 5.9666101074e+02 5.9669396973e+02 5.9671002197e+02 5.9674597168e+02 5.9681201172e+02 5.9686499023e+02 5.9697998047e+02 5.9708697510e+02 5.9717297363e+02 5.9727801514e+02 5.9736199951e+02 5.9743402100e+02 5.9754101563e+02 5.9765698242e+02 5.9776300049e+02 5.9785101318e+02 5.9793902588e+02 5.9799499512e+02 5.9808398438e+02 5.9820898438e+02 5.9830102539e+02 5.9836798096e+02 5.9845001221e+02 5.9853302002e+02 5.9863397217e+02 5.9871398926e+02 5.9875299072e+02 5.9879602051e+02 5.9887597656e+02 5.9899902344e+02 5.9908398438e+02 5.9918103027e+02 5.9932800293e+02 5.9949499512e+02 5.9963397217e+02 5.9972302246e+02 5.9979699707e+02 5.9987597656e+02 5.9986401367e+02 5.9986102295e+02 5.9984698486e+02 5.9984698486e+02
5.9640002441e+02 5.9644097900e+02 5.9648199463e+02 5.9651300049e+02 5.9654498291e+02 5.9656799316e+02 5.9659399414e+02 5.9664599609e+02 5.9672399902e+02 5.9678997803e+02 5.9689398193e+02 5.9698498535e+02 5.9705999756e+02 5.9715698242e+02 5.9723699951e+02 5.9730700684e+02 5.9739697266e+02 5.9750097656e+02 5.9762097168e+02 5.9772900391e+02 5.9783099365e+02 5.9789300537e+02 5.9793902588e+02 5.9801397705e+02 5.9811499023e+02 5.9821002197e+02 5.9830603027e+02 5.9840002441e+02 5.9850402832e+02 5.9859100342e+02 5.9866101074e+02 5.9873101807e+02 5.9880401611e+02 5.9888500977e+02 5.9892999268e+02 5.9900402832e+02 5.9915197754e+02 5.9936297607e+02 5.9953198242e+02 5.9963397217e+02 5.9970202637e+02 5.9979400635e+02 5.9978198242e+02 5.9976800537e+02 5.9975701904e+02 5.9977801514e+02
5.9623797607e+02 5.9627697754e+02 5.9632598877e+02 5.9637597656e+02 5.9642498779e+02 5.9644201660e+02 5.9647497559e+02 5.9653100586e+02 5.9660400391e+02 5.9667102051e+02 5.9675799561e+02 5.9684497070e+02 5.9693499756e+02 5.9702600098e+02 5.9711199951e+02 5.9719598389e+02 5.9728997803e+02 5.9739001465e+02 5.9749798584e+02 5.9759301758e+02 5.9767999268e+02 5.9777600098e+02 5.9783898926e+02 5.9792700195e+02 5.9804602051e+02 5.9809002686e+02 5.9815802002e+02 5.9824200439e+02 5.9833001709e+02 5.9844897461e+02 5.9855200195e+02 5.9865502930e+02 5.9873101807e+02 5.9883898926e+02 5.9889599609e+02 5.9895697021e+02 5.9903802490e+02 5.9925201416e+02 5.9945202637e+02 5.9957000732e+02 5.9959997559e+02 5.9966400146e+02 5.9969299316e+02 5.9968597412e+02 5.9967999268e+02 5.9969000244e+02
5.9606597900e+02 5.9611901855e+02 5.9617102051e+02 5.9622198486e+02 5.9628100586e+02 5.9631201172e+02 5.9636102295e+02 5.9641497803e+02 5.9647900391e+02 5.9655499268e+02 5.9663897705e+02 5.9672399902e+02 5.9680902100e+02 5.9689300537e+02 5.9698602295e+02 5.9708502197e+02 5.9718701172e+02 5.9727899170e+02 5.9737902832e+02 5.9747302246e+02 5.9755902100e+02 5.9763201904e+02 5.9770697021e+02 5.9781298828e+02 5.9793499756e+02 5.9797900391e+02 5.9802801514e+02 5.9810198975e+02 5.9819396973e+02 5.9827398682e+02 5.9839001465e+02 5.9855700684e+02 5.9866400146e+02 5.9876000977e+02 5.9883197021e+02 5.9889599609e+02 5.9895501709e+02 5.9909002686e+02 5.9928497314e+02 5.9941998291e+02 5.9945501709e+02 5.9953900146e+02 5.9963000488e+02 5.9964898682e+02 5.9963299561e+02 5.9960699463e+02
5.9588598633e+02 5.9595397949e+02 5.9602099609e+02 5.9607897949e+02 5.9613397217e+02 5.9617901611e+02 5.9625201416e+02 5.9630902100e+02 5.9635498047e+02 5.9641497803e+02 5.9649902344e+02 5.9659100342e+02 5.9667401123e+02 5.9676397705e+02 5.9686999512e+02 5.9697900391e+02 5.9707702637e+02 5.9716198730e+02 5.9726300049e+02 5.9736297607e+02 5.9745800781e+02 5.9753302002e+02 5.9760601807e+02 5.9769500732e+02 5.9780603027e+02 5.9788397217e+02 5.9793798828e+02 5.9800500488e+02 5.9809802246e+02 5.9814501953e+02 5.9825201416e+02 5.9843701172e+02 5.9858898926e+02 5.9868798828e+02 5.9874798584e+02 5.9880200195e+02 5.9886798096e+02 5.9897198486e+02 5.9914599609e+02 5.9930902100e+02 5.9941601563e+02 5.9949102783e+02 5.9956298828e+02 5.9958398438e+02 5.9954901123e+02 5.9949597168e+02
5.9571997070e+02 5.9578698730e+02 5.9585998535e+02 5.9592102051e+02 5.9597198486e+02 5.9603601074e+02 5.9612298584e+02 5.9618402100e+02 5.9622900391e+02 5.9628002930e+02 5.9635699463e+02 5.9644702148e+02 5.9653497314e+02 5.9663299561e+02 5.9674102783e+02 5.9684997559e+02 5.9695202637e+02 5.9703802490e+02 5.9714501953e+02 5.9725299072e+02 5.9735400391e+02 5.9744201660e+02 5.9751702881e+02 5.9759497070e+02 5.9769299316e+02 5.9778002930e+02 5.9783697510e+02 5.9790502930e+02 5.9799700928e+02 5.9806701660e+02 5.9815997314e+02 5.9829797363e+02 5.9848498535e+02 5.9861297607e+02 5.9867602539e+02 5.9872698975e+02 5.9879602051e+02 5.9888098145e+02 5.9902197266e+02 5.9920098877e+02 5.9939801025e+02 5.9946398926e+02 5.9948901367e+02 5.9950897217e+02 5.9946997070e+02 5.9941802979e+02
5.9558197021e+02 5.9562799072e+02 5.9569000244e+02 5.9574902344e+02 5.9580999756e+02 5.9589801025e+02 5.9598498535e+02 5.9604901123e+02 5.9610400391e+02 5.9616900635e+02 5.9624298096e+02 5.9632202148e+02 5.9640899658e+02 5.9650799561e+02 5.9661602783e+02 5.9672399902e+02 5.9683599854e+02 5.9692602539e+02 5.9703399658e+02 5.9713299561e+02 5.9721899414e+02 5.9733001709e+02 5.9742102051e+02 5.9750701904e+02 5.9759600830e+02 5.9766400146e+02 5.9771697998e+02 5.9779199219e+02 5.9788397217e+02 5.9799700928e+02 5.9808898926e+02 5.9817999268e+02 5.9834197998e+02 5.9848901367e+02 5.9859100342e+02 5.9867602539e+02 5.9875897217e+02 5.9878997803e+02 5.9888000488e+02 5.9902697754e+02 5.9924798584e+02 5.9936602783e+02 5.9939398193e+02 5.9942700195e+02 5.9941400146e+02 5.9936700439e+02
5.9544702148e+02 5.9549499512e+02 5.9554498291e+02 5.9559899902e+02 5.9567498779e+02 5.9577697754e+02 5.9586199951e+02 5.9593200684e+02 5.9599102783e+02 5.9605700684e+02 5.9613500977e+02 5.9620800781e+02 5.9630200195e+02 5.9640399170e+02 5.9650097656e+02 5.9660601807e+02 5.9673199463e+02 5.9683599854e+02 5.9694500732e+02 5.9703302002e+02 5.9710400391e+02 5.9719000244e+02 5.9729699707e+02 5.9741302490e+02 5.9750897217e+02 5.9757397461e+02 5.9763201904e+02 5.9771697998e+02 5.9780401611e+02 5.9790502930e+02 5.9798602295e+02 5.9807598877e+02 5.9820001221e+02 5.9831597900e+02 5.9844598389e+02 5.9857299805e+02 5.9867999268e+02 5.9873999023e+02 5.9881402588e+02 5.9891699219e+02 5.9907598877e+02 5.9920599365e+02 5.9930102539e+02 5.9935699463e+02 5.9933398438e+02 5.9927899170e+02
5.9530401611e+02 5.9535797119e+02 5.9540600586e+02 5.9546301270e+02 5.9554302979e+02 5.9564501953e+02 5.9572698975e+02 5.9580297852e+02 5.9588000488e+02 5.9595202637e+02 5.9603802490e+02 5.9610797119e+02 5.9619897461e+02 5.9629998779e+02 5.9639202881e+02 5.9649798584e+02 5.9663098145e+02 5.9673999023e+02 5.9684899902e+02 5.9694598389e+02 5.9702600098e+02 5.9710198975e+02 5.9720202637e+02 5.9730700684e+02 5.9740301514e+02 5.9749200439e+02 5.9756701660e+02 5.9764898682e+02 5.9773400879e+02 5.9782702637e+02 5.9789599609e+02 5.9797302246e+02 5.9806799316e+02 5.9817797852e+02 5.9833300781e+02 5.9849499512e+02 5.9861297607e+02 5.9868499756e+02 5.9877398682e+02 5.9889898682e+02 5.9905603027e+02 5.9915197754e+02 5.9924798584e+02 5.9933001709e+02 5.9929998779e+02 5.9923602295e+02
5.9517102051e+02 5.9522802734e+02 5.9528497314e+02 5.9535101318e+02 5.9542199707e+02 5.9550701904e+02 5.9558001709e+02 5.9566900635e+02 5.9577197266e+02 5.9583898926e+02 5.9593103027e+02 5.9600799561e+02 5.9610998535e+02 5.9620800781e+02 5.9629901123e+02 5.9641101074e+02 5.9654199219e+02 5.9665698242e+02 5.9675201416e+02 5.9684899902e+02 5.9695098877e+02 5.9704498291e+02 5.9713800049e+02 5.9721301270e+02 5.9729699707e+02 5.9740502930e+02 5.9750201416e+02 5.9757702637e+02 5.9765399170e+02 5.9774200439e+02 5.9780902100e+02 5.9788201904e+02 5.9796197510e+02 5.9807598877e+02 5.9825897217e+02 5.9844799805e+02 5.9856799316e+02 5.9863201904e+02 5.9871899414e+02 5.9886401367e+02 5.9904901123e+02 5.9916497803e+02 5.9924700928e+02 5.9933300781e+02 5.9929797363e+02 5.9918798828e+02
5.9506402588e+02 5.9511602783e+02 5.9518499756e+02 5.9526000977e+02 5.9532501221e+02 5.9538500977e+02 5.9545001221e+02 5.9554699707e+02 5.9566802979e+02 5.9573699951e+02 5.9583001709e+02 5.9591699219e+02 5.9602600098e+02 5.9612500000e+02 5.9620800781e+02 5.9632598877e+02 5.9645098877e+02 5.9657800293e+02 5.9667199707e+02 5.9675097656e+02 5.9685101318e+02 5.9697100830e+02 5.9707098389e+02 5.9714398193e+02 5.9721502686e+02 5.9730499268e+02 5.9741101074e+02 5.9748901367e+02 5.9755902100e+02 5.9765002441e+02 5.9773602295e+02 5.9782598877e+02 5.9790100098e+02 5.9799902344e+02 5.9821600342e+02 5.9840600586e+02 5.9847802734e+02 5.9854302979e+02 5.9860699463e+02 5.9870501709e+02 5.9880200195e+02 5.9903497314e+02 5.9913800049e+02 5.9922399902e+02 5.9930798340e+02 5.9918798828e+02
5.9494201660e+02 5.9500701904e+02 5.9508300781e+02 5.9515997314e+02 5.9522601318e+02 5.9528601074e+02 5.9536602783e+02 5.9545800781e+02 5.9555999756e+02 5.9564202881e+02 5.9574401855e+02 5.9583398438e+02 5.9593402100e+02 5.9603900146e+02 5.9612597656e+02 5.9624902344e+02 5.9636999512e+02 5.9647698975e+02 5.9658001709e+02 5.9667797852e+02 5.9678900146e+02 5.9688500977e+02 5.9696502686e+02 5.9704199219e+02 5.9713598633e+02 5.9723498535e+02 5.9732702637e+02 5.9739099121e+02 5.9746801758e+02 5.9756896973e+02 5.9766198730e+02 5.9774700928e+02 5.9780999756e+02 5.9789099121e+02 5.9805499268e+02 5.9819799805e+02 5.9831097412e+02 5.9839398193e+02 5.9849298096e+02 5.9859802246e+02 5.9864599609e+02 5.9889898682e+02 5.9901501465e+02 5.9909002686e+02 5.9926501465e+02 5.9921002197e+02
5.9481402588e+02 5.9489398193e+02 5.9497802734e+02 5.9505499268e+02 5.9511901855e+02 5.9518402100e+02 5.9528198242e+02 5.9537597656e+02 5.9547198486e+02 5.9554302979e+02 5.9563897705e+02 5.9574298096e+02 5.9584899902e+02 5.9595501709e+02 5.9605200195e+02 5.9617498779e+02 5.9629602051e+02 5.9639398193e+02 5.9650201416e+02 5.9660998535e+02 5.9671697998e+02 5.9680200195e+02 5.9688201904e+02 5.9697100830e+02 5.9707299805e+02 5.9716400146e+02 5.9724597168e+02 5.9730499268e+02 5.9738201904e+02 5.9747601318e+02 5.9757897949e+02 5.9766699219e+02 5.9772100830e+02 5.9777801514e+02 5.9785900879e+02 5.9799298096e+02 5.9819598389e+02 5.9832397461e+02 5.9844201660e+02 5.9854901123e+02 5.9857000732e+02 5.9878198242e+02 5.9901098633e+02 5.9908300781e+02 5.9915600586e+02 5.9911401367e+02
5.9470697021e+02 5.9479400635e+02 5.9488000488e+02 5.9495300293e+02 5.9501898193e+02 5.9509802246e+02 5.9519299316e+02 5.9528002930e+02 5.9538897705e+02 5.9545800781e+02 5.9554998779e+02 5.9565600586e+02 5.9576800537e+02 5.9587500000e+02 5.9598199463e+02 5.9609997559e+02 5.9621697998e+02 5.9631597900e+02 5.9642797852e+02 5.9653601074e+02 5.9663000488e+02 5.9671697998e+02 5.9680798340e+02 5.9690899658e+02 5.9700701904e+02 5.9707897949e+02 5.9714801025e+02 5.9721301270e+02 5.9729998779e+02 5.9740197754e+02 5.9749902344e+02 5.9758898926e+02 5.9765100098e+02 5.9770697021e+02 5.9776098633e+02 5.9789697266e+02 5.9811401367e+02 5.9826202393e+02 5.9838201904e+02 5.9846697998e+02 5.9847698975e+02 5.9865698242e+02 5.9895800781e+02 5.9902697754e+02 5.9901800537e+02 5.9899200439e+02
5.9461297607e+02 5.9468902588e+02 5.9477398682e+02 5.9485101318e+02 5.9492901611e+02 5.9501300049e+02 5.9509899902e+02 5.9517901611e+02 5.9528497314e+02 5.9537200928e+02 5.9546197510e+02 5.9556799316e+02 5.9569598389e+02 5.9580200195e+02 5.9591497803e+02 5.9602197266e+02 5.9613000488e+02 5.9623400879e+02 5.9634399414e+02 5.9644799805e+02 5.9654101563e+02 5.9663500977e+02 5.9671899414e+02 5.9680999756e+02 5.9690997314e+02 5.9699200439e+02 5.9705297852e+02 5.9711700439e+02 5.9719897461e+02 5.9731298828e+02 5.9739697266e+02 5.9748297119e+02 5.9755798340e+02 5.9762298584e+02 5.9769598389e+02 5.9781799316e+02 5.9798199463e+02 5.9817602539e+02 5.9830297852e+02 5.9836102295e+02 5.9836798096e+02 5.9844598389e+02 5.9865802002e+02 5.9880401611e+02 5.9888299561e+02 5.9889501953e+02
5.9451000977e+02 5.9458697510e+02 5.9467401123e+02 5.9475299072e+02 5.9483697510e+02 5.9492797852e+02 5.9501599121e+02 5.9509497070e+02 5.9519299316e+02 5.9527801514e+02 5.9537597656e+02 5.9547802734e+02 5.9559899902e+02 5.9571502686e+02 5.9583398438e+02 5.9594396973e+02 5.9605603027e+02 5.9615197754e+02 5.9625299072e+02 5.9635302734e+02 5.9645202637e+02 5.9655297852e+02 5.9663000488e+02 5.9670397949e+02 5.9679699707e+02 5.9688598633e+02 5.9696197510e+02 5.9703302002e+02 5.9710198975e+02 5.9720599365e+02 5.9729699707e+02 5.9739001465e+02 5.9747601318e+02 5.9753601074e+02 5.9759197998e+02 5.9769000244e+02 5.9786499023e+02 5.9805798340e+02 5.9820001221e+02 5.9827197266e+02 5.9828900146e+02 5.9833502197e+02 5.9846502686e+02 5.9861199951e+02 5.9872302246e+02 5.9878802490e+02
5.9439001465e+02 5.9447900391e+02 5.9457098389e+02 5.9465197754e+02 5.9473699951e+02 5.9482897949e+02 5.9491900635e+02 5.9500598145e+02 5.9510601807e+02 5.9518701172e+02 5.9528601074e+02 5.9538397217e+02 5.9549597168e+02 5.9561401367e+02 5.9573901367e+02 5.9586499023e+02 5.9598498535e+02 5.9607098389e+02 5.9616101074e+02 5.9625402832e+02 5.9635498047e+02 5.9645397949e+02 5.9653002930e+02 5.9660101318e+02 5.9668402100e+02 5.9676397705e+02 5.9684899902e+02 5.9693798828e+02 5.9701599121e+02 5.9711499023e+02 5.9720202637e+02 5.9729199219e+02 5.9737402344e+02 5.9744500732e+02 5.9750701904e+02 5.9759802246e+02 5.9776098633e+02 5.9793298340e+02 5.9808099365e+02 5.9817700195e+02 5.9822302246e+02 5.9828302002e+02 5.9836798096e+02 5.9847399902e+02 5.9858502197e+02 5.9875598145e+02
5.9428302002e+02 5.9437402344e+02 5.9446899414e+02 5.9455401611e+02 5.9463702393e+02 5.9471997070e+02 5.9480297852e+02 5.9489202881e+02 5.9499597168e+02 5.9509197998e+02 5.9519396973e+02 5.9529302979e+02 5.9540002441e+02 5.9552099609e+02 5.9564697266e+02 5.9577398682e+02 5.9589099121e+02 5.9597399902e+02 5.9606097412e+02 5.9615399170e+02 5.9625799561e+02 5.9634698486e+02 5.9642102051e+02 5.9649597168e+02 5.9657000732e+02 5.9663598633e+02 5.9672497559e+02 5.9682501221e+02 5.9691101074e+02 5.9699499512e+02 5.9708502197e+02 5.9718798828e+02 5.9727099609e+02 5.9735797119e+02 5.9744000244e+02 5.9751800537e+02 5.9763500977e+02 5.9778601074e+02 5.9794097900e+02 5.9806500244e+02 5.9814501953e+02 5.9820001221e+02 5.9826202393e+02 5.9834899902e+02 5.9846002197e+02 5.9869000244e+02
