TESTSERVER/24/18.asc
NCOLS 100
NROWS 100
XLLCORNER 8.6997500000e+03
YLLCORNER 2.8905025000e+05
CELLSIZE 5.0000000000e-01
NODATA_VALUE -9.9990000000e+03
[rows 0 to 19 of 100, columns 46 to 91 of 100]
6.0665399170e+02 6.0658599854e+02 6.0649298096e+02 6.0638598633e+02 6.0629199219e+02 6.0621502686e+02 6.0612402344e+02 6.0602801514e+02 6.0591400146e+02 6.0569598389e+02 6.0550897217e+02 6.0561499023e+02 6.0596398926e+02 6.0617102051e+02 6.0636602783e+02 6.0652398682e+02 6.0661901855e+02 6.0663897705e+02 6.0664398193e+02 6.0668597412e+02 6.0675897217e+02 6.0684399414e+02 6.0692498779e+02 6.0700097656e+02 6.0708398438e+02 6.0716699219e+02 6.0722497559e+02 6.0727099609e+02 6.0730902100e+02 6.0733697510e+02 6.0736297607e+02 6.0738098145e+02 6.0739202881e+02 6.0740002441e+02 6.0739599609e+02 6.0740002441e+02 6.0740997314e+02 6.0740002441e+02 6.0742999268e+02 6.0743402100e+02 6.0739099121e+02 6.0743499756e+02 6.0745599365e+02 6.0744799805e+02 6.0745202637e+02 6.0747698975e+02
6.0645397949e+02 6.0640997314e+02 6.0633801270e+02 6.0626800537e+02 6.0619598389e+02 6.0611199951e+02 6.0601098633e+02 6.0593200684e+02 6.0588000488e+02 6.0573101807e+02 6.0547900391e+02 6.0533697510e+02 6.0547302246e+02 6.0568200684e+02 6.0596801758e+02 6.0623101807e+02 6.0637597656e+02 6.0636602783e+02 6.0633599854e+02 6.0638098145e+02 6.0647399902e+02 6.0655401611e+02 6.0663897705e+02 6.0673602295e+02 6.0683099365e+02 6.0691699219e+02 6.0697497559e+02 6.0702099609e+02 6.0705603027e+02 6.0710498047e+02 6.0715502930e+02 6.0717700195e+02 6.0719201660e+02 6.0721801758e+02 6.0721600342e+02 6.0721197510e+02 6.0722497559e+02 6.0721502686e+02 6.0724200439e+02 6.0726000977e+02 6.0723699951e+02 6.0727301025e+02 6.0730200195e+02 6.0729901123e+02 6.0730401611e+02 6.0731896973e+02
6.0630798340e+02 6.0623602295e+02 6.0616198730e+02 6.0611102295e+02 6.0605499268e+02 6.0599401855e+02 6.0591802979e+02 6.0584197998e+02 6.0578997803e+02 6.0572198486e+02 6.0553302002e+02 6.0529602051e+02 6.0517199707e+02 6.0527697754e+02 6.0553497314e+02 6.0583599854e+02 6.0605798340e+02 6.0609399414e+02 6.0607397461e+02 6.0611401367e+02 6.0620697021e+02 6.0627801514e+02 6.0636798096e+02 6.0647998047e+02 6.0657000732e+02 6.0665100098e+02 6.0671002197e+02 6.0675299072e+02 6.0679901123e+02 6.0687200928e+02 6.0693798828e+02 6.0696099854e+02 6.0697198486e+02 6.0700000000e+02 6.0699798584e+02 6.0700097656e+02 6.0702301025e+02 6.0701501465e+02 6.0702899170e+02 6.0704998779e+02 6.0705999756e+02 6.0708300781e+02 6.0711999512e+02 6.0714202881e+02 6.0716198730e+02 6.0717602539e+02
6.0622100830e+02 6.0609600830e+02 6.0600598145e+02 6.0595001221e+02 6.0586700439e+02 6.0582000732e+02 6.0578601074e+02 6.0573602295e+02 6.0567297363e+02 6.0562298584e+02 6.0554602051e+02 6.0539300537e+02 6.0515600586e+02 6.0506097412e+02 6.0517602539e+02 6.0541101074e+02 6.0567401123e+02 6.0583697510e+02 6.0586901855e+02 6.0588800049e+02 6.0594598389e+02 6.0601397705e+02 6.0610797119e+02 6.0621600342e+02 6.0629498291e+02 6.0636700439e+02 6.0642797852e+02 6.0648101807e+02 6.0653399658e+02 6.0661499023e+02 6.0667999268e+02 6.0670397949e+02 6.0672100830e+02 6.0674597168e+02 6.0674700928e+02 6.0676300049e+02 6.0679699707e+02 6.0680401611e+02 6.0682800293e+02 6.0685198975e+02 6.0686999512e+02 6.0689599609e+02 6.0693902588e+02 6.0697198486e+02 6.0700799561e+02 6.0704199219e+02
6.0588397217e+02 6.0574597168e+02 6.0571600342e+02 6.0571697998e+02 6.0560601807e+02 6.0559197998e+02 6.0559899902e+02 6.0560302734e+02 6.0558099365e+02 6.0550000000e+02 6.0545898438e+02 6.0542401123e+02 6.0529699707e+02 6.0504998779e+02 6.0495800781e+02 6.0501800537e+02 6.0524200439e+02 6.0559899902e+02 6.0572497559e+02 6.0571301270e+02 6.0570300293e+02 6.0576098633e+02 6.0584698486e+02 6.0594097900e+02 6.0600799561e+02 6.0608599854e+02 6.0615197754e+02 6.0621502686e+02 6.0626300049e+02 6.0632397461e+02 6.0638800049e+02 6.0643200684e+02 6.0647497559e+02 6.0649798584e+02 6.0650500488e+02 6.0651898193e+02 6.0654400635e+02 6.0656799316e+02 6.0660101318e+02 6.0661901855e+02 6.0666497803e+02 6.0672900391e+02 6.0677197266e+02 6.0679602051e+02 6.0685101318e+02 6.0689501953e+02
6.0532702637e+02 6.0527197266e+02 6.0533801270e+02 6.0540899658e+02 6.0538897705e+02 6.0541802979e+02 6.0544396973e+02 6.0545898438e+02 6.0544598389e+02 6.0540399170e+02 6.0537701416e+02 6.0535498047e+02 6.0528698730e+02 6.0512701416e+02 6.0495599365e+02 6.0482098389e+02 6.0486499023e+02 6.0521002197e+02 6.0548199463e+02 6.0555297852e+02 6.0553601074e+02 6.0554400635e+02 6.0559997559e+02 6.0568298340e+02 6.0574298096e+02 6.0581097412e+02 6.0588598633e+02 6.0595599365e+02 6.0600598145e+02 6.0606402588e+02 6.0613201904e+02 6.0616601563e+02 6.0618902588e+02 6.0622998047e+02 6.0623400879e+02 6.0624298096e+02 6.0627398682e+02 6.0630102539e+02 6.0634497070e+02 6.0638800049e+02 6.0642700195e+02 6.0649200439e+02 6.0656298828e+02 6.0660900879e+02 6.0667199707e+02 6.0673101807e+02
6.0494897461e+02 6.0496899414e+02 6.0507202148e+02 6.0517498779e+02 6.0522302246e+02 6.0530700684e+02 6.0534100342e+02 6.0532397461e+02 6.0529101563e+02 6.0529302979e+02 6.0529302979e+02 6.0527197266e+02 6.0523498535e+02 6.0516802979e+02 6.0502301025e+02 6.0481500244e+02 6.0467297363e+02 6.0485498047e+02 6.0516497803e+02 6.0534802246e+02 6.0537402344e+02 6.0534899902e+02 6.0536798096e+02 6.0542700195e+02 6.0548797607e+02 6.0555102539e+02 6.0562402344e+02 6.0568902588e+02 6.0574102783e+02 6.0579498291e+02 6.0585498047e+02 6.0588000488e+02 6.0589599609e+02 6.0594097900e+02 6.0595697021e+02 6.0597302246e+02 6.0600201416e+02 6.0602001953e+02 6.0606500244e+02 6.0611901855e+02 6.0617498779e+02 6.0623400879e+02 6.0631896973e+02 6.0640600586e+02 6.0648498535e+02 6.0653900146e+02
6.0469097900e+02 6.0471997070e+02 6.0480902100e+02 6.0491601563e+02 6.0502099609e+02 6.0518798828e+02 6.0524499512e+02 6.0521197510e+02 6.0516497803e+02 6.0517297363e+02 6.0517999268e+02 6.0516302490e+02 6.0514300537e+02 6.0513201904e+02 6.0506402588e+02 6.0489501953e+02 6.0468902588e+02 6.0465197754e+02 6.0485101318e+02 6.0506402588e+02 6.0515997314e+02 6.0517602539e+02 6.0518103027e+02 6.0519702148e+02 6.0524700928e+02 6.0531896973e+02 6.0538201904e+02 6.0542999268e+02 6.0547399902e+02 6.0552801514e+02 6.0558300781e+02 6.0561102295e+02 6.0562701416e+02 6.0566101074e+02 6.0568499756e+02 6.0570697021e+02 6.0572998047e+02 6.0576000977e+02 6.0580700684e+02 6.0585400391e+02 6.0592401123e+02 6.0598602295e+02 6.0608197021e+02 6.0618701172e+02 6.0627801514e+02 6.0633801270e+02
6.0441101074e+02 6.0445501709e+02 6.0454498291e+02 6.0463897705e+02 6.0470898438e+02 6.0486798096e+02 6.0497802734e+02 6.0503601074e+02 6.0508502197e+02 6.0506597900e+02 6.0503900146e+02 6.0502398682e+02 6.0504101563e+02 6.0503601074e+02 6.0501599121e+02 6.0494097900e+02 6.0482299805e+02 6.0460998535e+02 6.0457800293e+02 6.0468701172e+02 6.0479498291e+02 6.0491198730e+02 6.0501202393e+02 6.0501202393e+02 6.0502301025e+02 6.0509002686e+02 6.0515899658e+02 6.0519500732e+02 6.0520202637e+02 6.0525598145e+02 6.0530999756e+02 6.0534497070e+02 6.0536499023e+02 6.0540698242e+02 6.0542401123e+02 6.0544396973e+02 6.0547601318e+02 6.0553002930e+02 6.0557702637e+02 6.0561798096e+02 6.0568499756e+02 6.0573999023e+02 6.0582800293e+02 6.0593402100e+02 6.0604498291e+02 6.0610900879e+02
6.0413598633e+02 6.0423199463e+02 6.0437701416e+02 6.0450299072e+02 6.0451000977e+02 6.0453198242e+02 6.0460797119e+02 6.0472998047e+02 6.0487799072e+02 6.0494897461e+02 6.0494000244e+02 6.0490002441e+02 6.0488500977e+02 6.0490997314e+02 6.0490997314e+02 6.0487402344e+02 6.0481402588e+02 6.0467602539e+02 6.0449499512e+02 6.0434399414e+02 6.0428802490e+02 6.0447802734e+02 6.0478698730e+02 6.0487402344e+02 6.0483599854e+02 6.0488098145e+02 6.0493902588e+02 6.0496301270e+02 6.0496600342e+02 6.0500299072e+02 6.0504699707e+02 6.0507702637e+02 6.0512402344e+02 6.0517602539e+02 6.0520599365e+02 6.0524401855e+02 6.0528802490e+02 6.0532702637e+02 6.0537298584e+02 6.0541601563e+02 6.0546099854e+02 6.0551898193e+02 6.0559197998e+02 6.0569702148e+02 6.0582000732e+02 6.0586700439e+02
6.0386999512e+02 6.0397399902e+02 6.0411901855e+02 6.0425201416e+02 6.0428497314e+02 6.0425402832e+02 6.0428100586e+02 6.0441198730e+02 6.0460797119e+02 6.0475500488e+02 6.0481402588e+02 6.0478698730e+02 6.0473699951e+02 6.0475897217e+02 6.0479302979e+02 6.0478900146e+02 6.0474499512e+02 6.0468103027e+02 6.0452801514e+02 6.0426501465e+02 6.0402801514e+02 6.0412097168e+02 6.0451800537e+02 6.0473498535e+02 6.0469500732e+02 6.0471801758e+02 6.0475000000e+02 6.0476098633e+02 6.0475897217e+02 6.0478497314e+02 6.0482598877e+02 6.0485998535e+02 6.0491400146e+02 6.0496099854e+02 6.0501501465e+02 6.0507702637e+02 6.0512298584e+02 6.0515399170e+02 6.0520098877e+02 6.0525402832e+02 6.0528802490e+02 6.0534301758e+02 6.0540997314e+02 6.0546697998e+02 6.0555401611e+02 6.0563000488e+02
6.0366699219e+02 6.0376702881e+02 6.0386798096e+02 6.0394500732e+02 6.0400097656e+02 6.0400402832e+02 6.0401898193e+02 6.0413800049e+02 6.0432800293e+02 6.0449499512e+02 6.0460302734e+02 6.0461798096e+02 6.0458599854e+02 6.0461700439e+02 6.0467297363e+02 6.0468103027e+02 6.0465002441e+02 6.0462500000e+02 6.0456597900e+02 6.0439697266e+02 6.0413098145e+02 6.0399102783e+02 6.0424902344e+02 6.0452801514e+02 6.0456298828e+02 6.0456597900e+02 6.0457501221e+02 6.0457702637e+02 6.0457299805e+02 6.0459399414e+02 6.0464202881e+02 6.0468902588e+02 6.0474902344e+02 6.0479602051e+02 6.0485101318e+02 6.0491900635e+02 6.0497302246e+02 6.0499902344e+02 6.0503802490e+02 6.0509301758e+02 6.0512701416e+02 6.0516302490e+02 6.0521502686e+02 6.0525000000e+02 6.0533801270e+02 6.0543902588e+02
6.0344702148e+02 6.0360101318e+02 6.0370599365e+02 6.0371697998e+02 6.0368597412e+02 6.0373400879e+02 6.0379199219e+02 6.0390100098e+02 6.0405499268e+02 6.0421801758e+02 6.0432299805e+02 6.0438098145e+02 6.0442102051e+02 6.0450701904e+02 6.0458099365e+02 6.0458197021e+02 6.0454602051e+02 6.0452099609e+02 6.0448797607e+02 6.0443597412e+02 6.0431097412e+02 6.0400598145e+02 6.0398101807e+02 6.0421697998e+02 6.0442199707e+02 6.0442901611e+02 6.0442102051e+02 6.0441601563e+02 6.0442901611e+02 6.0443701172e+02 6.0447399902e+02 6.0452398682e+02 6.0459399414e+02 6.0465997314e+02 6.0470697021e+02 6.0475897217e+02 6.0481896973e+02 6.0484899902e+02 6.0487597656e+02 6.0491400146e+02 6.0494500732e+02 6.0497698975e+02 6.0502001953e+02 6.0506701660e+02 6.0516900635e+02 6.0524597168e+02
6.0316699219e+02 6.0329998779e+02 6.0341699219e+02 6.0345098877e+02 6.0343499756e+02 6.0348101807e+02 6.0355700684e+02 6.0365997314e+02 6.0378900146e+02 6.0396099854e+02 6.0410198975e+02 6.0416497803e+02 6.0418597412e+02 6.0430102539e+02 6.0442999268e+02 6.0448400879e+02 6.0445599365e+02 6.0440502930e+02 6.0437298584e+02 6.0434399414e+02 6.0428900146e+02 6.0409497070e+02 6.0389801025e+02 6.0386199951e+02 6.0405798340e+02 6.0427197266e+02 6.0432897949e+02 6.0427801514e+02 6.0427197266e+02 6.0429797363e+02 6.0434197998e+02 6.0438702393e+02 6.0444396973e+02 6.0449902344e+02 6.0454699707e+02 6.0459301758e+02 6.0463598633e+02 6.0466802979e+02 6.0470300293e+02 6.0473297119e+02 6.0476300049e+02 6.0480499268e+02 6.0486199951e+02 6.0490802002e+02 6.0496899414e+02 6.0503900146e+02
6.0295300293e+02 6.0305102539e+02 6.0314001465e+02 6.0317999268e+02 6.0319500732e+02 6.0324401855e+02 6.0330798340e+02 6.0339898682e+02 6.0351501465e+02 6.0370599365e+02 6.0389898682e+02 6.0400201416e+02 6.0399798584e+02 6.0408001709e+02 6.0422601318e+02 6.0435198975e+02 6.0438897705e+02 6.0434197998e+02 6.0430102539e+02 6.0426000977e+02 6.0420202637e+02 6.0414697266e+02 6.0397302246e+02 6.0374102783e+02 6.0372698975e+02 6.0399401855e+02 6.0418597412e+02 6.0417999268e+02 6.0414099121e+02 6.0417401123e+02 6.0421197510e+02 6.0424298096e+02 6.0429602051e+02 6.0434497070e+02 6.0438897705e+02 6.0442999268e+02 6.0446697998e+02 6.0450299072e+02 6.0453601074e+02 6.0456402588e+02 6.0459100342e+02 6.0463201904e+02 6.0469799805e+02 6.0475500488e+02 6.0480200195e+02 6.0485302734e+02
6.0280297852e+02 6.0289398193e+02 6.0295202637e+02 6.0297802734e+02 6.0299499512e+02 6.0302600098e+02 6.0306799316e+02 6.0314202881e+02 6.0326000977e+02 6.0344299316e+02 6.0364001465e+02 6.0377099609e+02 6.0379400635e+02 6.0386401367e+02 6.0401300049e+02 6.0417102051e+02 6.0420397949e+02 6.0419201660e+02 6.0419897461e+02 6.0417199707e+02 6.0410302734e+02 6.0406896973e+02 6.0400897217e+02 6.0383398438e+02 6.0366400146e+02 6.0368402100e+02 6.0391699219e+02 6.0406402588e+02 6.0403900146e+02 6.0404998779e+02 6.0407397461e+02 6.0409399414e+02 6.0413702393e+02 6.0418298340e+02 6.0421997070e+02 6.0426000977e+02 6.0429901123e+02 6.0433099365e+02 6.0436499023e+02 6.0440197754e+02 6.0443701172e+02 6.0447198486e+02 6.0452600098e+02 6.0458398438e+02 6.0463800049e+02 6.0467700195e+02
6.0270898438e+02 6.0275500488e+02 6.0280902100e+02 6.0283697510e+02 6.0285198975e+02 6.0285797119e+02 6.0288299561e+02 6.0293499756e+02 6.0304797363e+02 6.0316497803e+02 6.0327197266e+02 6.0336499023e+02 6.0340802002e+02 6.0346997070e+02 6.0362500000e+02 6.0378601074e+02 6.0382098389e+02 6.0390301514e+02 6.0400701904e+02 6.0404602051e+02 6.0401800537e+02 6.0394897461e+02 6.0389202881e+02 6.0383801270e+02 6.0372100830e+02 6.0344598389e+02 6.0354699707e+02 6.0386401367e+02 6.0397998047e+02 6.0393402100e+02 6.0394396973e+02 6.0396502686e+02 6.0398602295e+02 6.0402197266e+02 6.0405700684e+02 6.0409899902e+02 6.0413702393e+02 6.0415997314e+02 6.0419500732e+02 6.0423602295e+02 6.0428100586e+02 6.0432897949e+02 6.0436999512e+02 6.0441101074e+02 6.0446301270e+02 6.0450598145e+02
6.0255700684e+02 6.0256097412e+02 6.0261901855e+02 6.0268701172e+02 6.0273199463e+02 6.0276098633e+02 6.0278802490e+02 6.0281402588e+02 6.0284399414e+02 6.0290802002e+02 6.0299499512e+02 6.0308697510e+02 6.0315600586e+02 6.0316601563e+02 6.0326300049e+02 6.0338299561e+02 6.0349298096e+02 6.0364801025e+02 6.0379400635e+02 6.0388897705e+02 6.0392199707e+02 6.0386798096e+02 6.0380102539e+02 6.0377301025e+02 6.0373602295e+02 6.0349597168e+02 6.0335797119e+02 6.0353302002e+02 6.0378198242e+02 6.0384002686e+02 6.0382800293e+02 6.0383300781e+02 6.0384997559e+02 6.0386999512e+02 6.0390502930e+02 6.0395501709e+02 6.0399102783e+02 6.0400799561e+02 6.0405200195e+02 6.0409197998e+02 6.0413000488e+02 6.0418103027e+02 6.0423297119e+02 6.0427600098e+02 6.0432299805e+02 6.0433697510e+02
6.0234002686e+02 6.0236499023e+02 6.0242401123e+02 6.0250402832e+02 6.0258001709e+02 6.0264398193e+02 6.0268499756e+02 6.0270202637e+02 6.0268499756e+02 6.0271600342e+02 6.0279101563e+02 6.0287597656e+02 6.0295800781e+02 6.0300000000e+02 6.0305200195e+02 6.0311401367e+02 6.0320898438e+02 6.0337701416e+02 6.0356500244e+02 6.0372497559e+02 6.0382098389e+02 6.0378802490e+02 6.0371398926e+02 6.0367999268e+02 6.0367199707e+02 6.0357800293e+02 6.0335101318e+02 6.0327001953e+02 6.0350201416e+02 6.0370300293e+02 6.0372698975e+02 6.0371398926e+02 6.0372900391e+02 6.0374499512e+02 6.0378100586e+02 6.0382702637e+02 6.0385699463e+02 6.0388500977e+02 6.0392999268e+02 6.0396600342e+02 6.0400097656e+02 6.0405200195e+02 6.0409600830e+02 6.0412500000e+02 6.0417199707e+02 6.0419799805e+02
6.0216497803e+02 6.0219799805e+02 6.0224700928e+02 6.0231298828e+02 6.0238299561e+02 6.0246997070e+02 6.0252899170e+02 6.0255401611e+02 6.0253302002e+02 6.0256201172e+02 6.0262500000e+02 6.0269201660e+02 6.0275500488e+02 6.0282202148e+02 6.0286798096e+02 6.0290002441e+02 6.0296697998e+02 6.0313098145e+02 6.0332702637e+02 6.0350799561e+02 6.0362402344e+02 6.0366802979e+02 6.0363397217e+02 6.0358197021e+02 6.0355200195e+02 6.0354101563e+02 6.0340600586e+02 6.0320599365e+02 6.0325799561e+02 6.0352899170e+02 6.0361999512e+02 6.0361297607e+02 6.0361901855e+02 6.0363897705e+02 6.0367102051e+02 6.0371002197e+02 6.0374499512e+02 6.0377600098e+02 6.0380902100e+02 6.0384100342e+02 6.0387902832e+02 6.0391400146e+02 6.0395599365e+02 6.0397698975e+02 6.0402398682e+02 6.0406201172e+02
