TESTSERVER/24/19.asc
NCOLS 100
NROWS 100
XLLCORNER 8.6997500000e+03
YLLCORNER 2.8900025000e+05
CELLSIZE 5.0000000000e-01
NODATA_VALUE -9.9990000000e+03
[rows 20 to 39 of 100, columns 46 to 91 of 100]
5.9044702148e+02 5.9050897217e+02 5.9056201172e+02 5.9060198975e+02 5.9062902832e+02 5.9064898682e+02 5.9068597412e+02 5.9072198486e+02 5.9073699951e+02 5.9074902344e+02 5.9075299072e+02 5.9075799561e+02 5.9075299072e+02 5.9074298096e+02 5.9075701904e+02 5.9076800537e+02 5.9077301025e+02 5.9076800537e+02 5.9078302002e+02 5.9082202148e+02 5.9085601807e+02 5.9088800049e+02 5.9091699219e+02 5.9097802734e+02 5.9108697510e+02 5.9119097900e+02 5.9130700684e+02 5.9144201660e+02 5.9156896973e+02 5.9168798828e+02 5.9178997803e+02 5.9188098145e+02 5.9197698975e+02 5.9203997803e+02 5.9213598633e+02 5.9225402832e+02 5.9235601807e+02 5.9246600342e+02 5.9258099365e+02 5.9270098877e+02 5.9279797363e+02 5.9288800049e+02 5.9299597168e+02 5.9308697510e+02 5.9317602539e+02 5.9329602051e+02
5.9033197021e+02 5.9039398193e+02 5.9045599365e+02 5.9050097656e+02 5.9053497314e+02 5.9057501221e+02 5.9060302734e+02 5.9061999512e+02 5.9063897705e+02 5.9065997314e+02 5.9066400146e+02 5.9066302490e+02 5.9066302490e+02 5.9066400146e+02 5.9066900635e+02 5.9066998291e+02 5.9067297363e+02 5.9067999268e+02 5.9067199707e+02 5.9069799805e+02 5.9074597168e+02 5.9078198242e+02 5.9083300781e+02 5.9089099121e+02 5.9097302246e+02 5.9108398438e+02 5.9120202637e+02 5.9131402588e+02 5.9143798828e+02 5.9156896973e+02 5.9167401123e+02 5.9176501465e+02 5.9186401367e+02 5.9192999268e+02 5.9202398682e+02 5.9214300537e+02 5.9224200439e+02 5.9235797119e+02 5.9247399902e+02 5.9257897949e+02 5.9267797852e+02 5.9278399658e+02 5.9289697266e+02 5.9299902344e+02 5.9308599854e+02 5.9318902588e+02
5.9023999023e+02 5.9029498291e+02 5.9034802246e+02 5.9039501953e+02 5.9044299316e+02 5.9049102783e+02 5.9051098633e+02 5.9052502441e+02 5.9054797363e+02 5.9057299805e+02 5.9058300781e+02 5.9058099365e+02 5.9057299805e+02 5.9056896973e+02 5.9056500244e+02 5.9056298828e+02 5.9057299805e+02 5.9058599854e+02 5.9057098389e+02 5.9058502197e+02 5.9063098145e+02 5.9066601563e+02 5.9071801758e+02 5.9077697754e+02 5.9086700439e+02 5.9098498535e+02 5.9109301758e+02 5.9118499756e+02 5.9130798340e+02 5.9144299316e+02 5.9155297852e+02 5.9164398193e+02 5.9174298096e+02 5.9182598877e+02 5.9192401123e+02 5.9203198242e+02 5.9211999512e+02 5.9223498535e+02 5.9235601807e+02 5.9246301270e+02 5.9257000732e+02 5.9267602539e+02 5.9278497314e+02 5.9289801025e+02 5.9300097656e+02 5.9309899902e+02
5.9015100098e+02 5.9020599365e+02 5.9024798584e+02 5.9029602051e+02 5.9034698486e+02 5.9039599609e+02 5.9041198730e+02 5.9042700195e+02 5.9045202637e+02 5.9046997070e+02 5.9048602295e+02 5.9048999023e+02 5.9047900391e+02 5.9047100830e+02 5.9046697998e+02 5.9046197510e+02 5.9047100830e+02 5.9048400879e+02 5.9047399902e+02 5.9048797607e+02 5.9053399658e+02 5.9058099365e+02 5.9063098145e+02 5.9068902588e+02 5.9078100586e+02 5.9088800049e+02 5.9098699951e+02 5.9108300781e+02 5.9120800781e+02 5.9132598877e+02 5.9143200684e+02 5.9152801514e+02 5.9162597656e+02 5.9172497559e+02 5.9183197021e+02 5.9192999268e+02 5.9201000977e+02 5.9211199951e+02 5.9223602295e+02 5.9235198975e+02 5.9246099854e+02 5.9256799316e+02 5.9268499756e+02 5.9279602051e+02 5.9290197754e+02 5.9300299072e+02
5.9002197266e+02 5.9009899902e+02 5.9015002441e+02 5.9020098877e+02 5.9024798584e+02 5.9029302979e+02 5.9031097412e+02 5.9031402588e+02 5.9032098389e+02 5.9034497070e+02 5.9037597656e+02 5.9039398193e+02 5.9038201904e+02 5.9037597656e+02 5.9037402344e+02 5.9036401367e+02 5.9035601807e+02 5.9038000488e+02 5.9038598633e+02 5.9040502930e+02 5.9045202637e+02 5.9049298096e+02 5.9054498291e+02 5.9061102295e+02 5.9069598389e+02 5.9079302979e+02 5.9090301514e+02 5.9101300049e+02 5.9112402344e+02 5.9123699951e+02 5.9133898926e+02 5.9143499756e+02 5.9153198242e+02 5.9162200928e+02 5.9173699951e+02 5.9184698486e+02 5.9193402100e+02 5.9201000977e+02 5.9212097168e+02 5.9223999023e+02 5.9234600830e+02 5.9246099854e+02 5.9258697510e+02 5.9270001221e+02 5.9280499268e+02 5.9289001465e+02
5.8991998291e+02 5.8999200439e+02 5.9004699707e+02 5.9010302734e+02 5.9015399170e+02 5.9019000244e+02 5.9021600342e+02 5.9022698975e+02 5.9022900391e+02 5.9024700928e+02 5.9026800537e+02 5.9028601074e+02 5.9028802490e+02 5.9027600098e+02 5.9027099609e+02 5.9027197266e+02 5.9026397705e+02 5.9028302002e+02 5.9030401611e+02 5.9033398438e+02 5.9038500977e+02 5.9042999268e+02 5.9046997070e+02 5.9053399658e+02 5.9062799072e+02 5.9072198486e+02 5.9081799316e+02 5.9091497803e+02 5.9102197266e+02 5.9114501953e+02 5.9125500488e+02 5.9134802246e+02 5.9143902588e+02 5.9152099609e+02 5.9162701416e+02 5.9173901367e+02 5.9183300781e+02 5.9193103027e+02 5.9204101563e+02 5.9215399170e+02 5.9225701904e+02 5.9236901855e+02 5.9248699951e+02 5.9260198975e+02 5.9269897461e+02 5.9278900146e+02
5.8982397461e+02 5.8989300537e+02 5.8994396973e+02 5.8999700928e+02 5.9005902100e+02 5.9009698486e+02 5.9012200928e+02 5.9013201904e+02 5.9013397217e+02 5.9014898682e+02 5.9016998291e+02 5.9018499756e+02 5.9019000244e+02 5.9018402100e+02 5.9017602539e+02 5.9017999268e+02 5.9017199707e+02 5.9018902588e+02 5.9021697998e+02 5.9025500488e+02 5.9030902100e+02 5.9035198975e+02 5.9039501953e+02 5.9046801758e+02 5.9055798340e+02 5.9064099121e+02 5.9072998047e+02 5.9083099365e+02 5.9094396973e+02 5.9106500244e+02 5.9117602539e+02 5.9126202393e+02 5.9134899902e+02 5.9143298340e+02 5.9153002930e+02 5.9163800049e+02 5.9173999023e+02 5.9185601807e+02 5.9196697998e+02 5.9206701660e+02 5.9216802979e+02 5.9227099609e+02 5.9238702393e+02 5.9250299072e+02 5.9260302734e+02 5.9270501709e+02
5.8972698975e+02 5.8979699707e+02 5.8984997559e+02 5.8990002441e+02 5.8996002197e+02 5.9000097656e+02 5.9002697754e+02 5.9003997803e+02 5.9005102539e+02 5.9006402588e+02 5.9008300781e+02 5.9009301758e+02 5.9009100342e+02 5.9009100342e+02 5.9008197021e+02 5.9008197021e+02 5.9008898926e+02 5.9010900879e+02 5.9013800049e+02 5.9018499756e+02 5.9024401855e+02 5.9028302002e+02 5.9033398438e+02 5.9041497803e+02 5.9050000000e+02 5.9057598877e+02 5.9066400146e+02 5.9076397705e+02 5.9087500000e+02 5.9098498535e+02 5.9109301758e+02 5.9117297363e+02 5.9126501465e+02 5.9135797119e+02 5.9144500732e+02 5.9154498291e+02 5.9165301514e+02 5.9177697754e+02 5.9188299561e+02 5.9197601318e+02 5.9207702637e+02 5.9218402100e+02 5.9229602051e+02 5.9240698242e+02 5.9251501465e+02 5.9262402344e+02
5.8963201904e+02 5.8970300293e+02 5.8976397705e+02 5.8981896973e+02 5.8985699463e+02 5.8989300537e+02 5.8992602539e+02 5.8995202637e+02 5.8996801758e+02 5.8997802734e+02 5.8999401855e+02 5.9000500488e+02 5.8999700928e+02 5.8999499512e+02 5.8999597168e+02 5.9000000000e+02 5.9003002930e+02 5.9003997803e+02 5.9006097412e+02 5.9011700439e+02 5.9018103027e+02 5.9022302246e+02 5.9027600098e+02 5.9035302734e+02 5.9043798828e+02 5.9051397705e+02 5.9060699463e+02 5.9070397949e+02 5.9080499268e+02 5.9090899658e+02 5.9101098633e+02 5.9109002686e+02 5.9118499756e+02 5.9129400635e+02 5.9137597656e+02 5.9147100830e+02 5.9157000732e+02 5.9168798828e+02 5.9179302979e+02 5.9188598633e+02 5.9198199463e+02 5.9209100342e+02 5.9221197510e+02 5.9231597900e+02 5.9241400146e+02 5.9252697754e+02
5.8955102539e+02 5.8961700439e+02 5.8967797852e+02 5.8973101807e+02 5.8976202393e+02 5.8979998779e+02 5.8983099365e+02 5.8985601807e+02 5.8988000488e+02 5.8988000488e+02 5.8990502930e+02 5.8992999268e+02 5.8992498779e+02 5.8991998291e+02 5.8992797852e+02 5.8994000244e+02 5.8996197510e+02 5.8997900391e+02 5.9000500488e+02 5.9004901123e+02 5.9010400391e+02 5.9016101074e+02 5.9022399902e+02 5.9029101563e+02 5.9037200928e+02 5.9046502686e+02 5.9055798340e+02 5.9064801025e+02 5.9074298096e+02 5.9083599854e+02 5.9092498779e+02 5.9100598145e+02 5.9110699463e+02 5.9120898438e+02 5.9129998779e+02 5.9139599609e+02 5.9148901367e+02 5.9159802246e+02 5.9170098877e+02 5.9180297852e+02 5.9190502930e+02 5.9201702881e+02 5.9213800049e+02 5.9223400879e+02 5.9233300781e+02 5.9243499756e+02
5.8947399902e+02 5.8953601074e+02 5.8959497070e+02 5.8964300537e+02 5.8967901611e+02 5.8971502686e+02 5.8973999023e+02 5.8976501465e+02 5.8979998779e+02 5.8979797363e+02 5.8982098389e+02 5.8984497070e+02 5.8984497070e+02 5.8984997559e+02 5.8985699463e+02 5.8986798096e+02 5.8989501953e+02 5.8992498779e+02 5.8996398926e+02 5.9001202393e+02 5.9005999756e+02 5.9010797119e+02 5.9017999268e+02 5.9024700928e+02 5.9032501221e+02 5.9042602539e+02 5.9051000977e+02 5.9058300781e+02 5.9067498779e+02 5.9075402832e+02 5.9083697510e+02 5.9092700195e+02 5.9103198242e+02 5.9112902832e+02 5.9122302246e+02 5.9132202148e+02 5.9141802979e+02 5.9152301025e+02 5.9162402344e+02 5.9171899414e+02 5.9181201172e+02 5.9191802979e+02 5.9204602051e+02 5.9214898682e+02 5.9223602295e+02 5.9234399414e+02
5.8938897705e+02 5.8945001221e+02 5.8950598145e+02 5.8954797363e+02 5.8959002686e+02 5.8962701416e+02 5.8965197754e+02 5.8967401123e+02 5.8970800781e+02 5.8971502686e+02 5.8973400879e+02 5.8975701904e+02 5.8976000977e+02 5.8977600098e+02 5.8978302002e+02 5.8979302979e+02 5.8983099365e+02 5.8986401367e+02 5.8990399170e+02 5.8996697998e+02 5.9002502441e+02 5.9006597900e+02 5.9013897705e+02 5.9021197510e+02 5.9029101563e+02 5.9037298584e+02 5.9044799805e+02 5.9052001953e+02 5.9061499023e+02 5.9069097900e+02 5.9077099609e+02 5.9086297607e+02 5.9097100830e+02 5.9106701660e+02 5.9115100098e+02 5.9124902344e+02 5.9135101318e+02 5.9145001221e+02 5.9154901123e+02 5.9164099121e+02 5.9172900391e+02 5.9182897949e+02 5.9194799805e+02 5.9205902100e+02 5.9214001465e+02 5.9225299072e+02
5.8929602051e+02 5.8936297607e+02 5.8941302490e+02 5.8945397949e+02 5.8949700928e+02 5.8954498291e+02 5.8957299805e+02 5.8958898926e+02 5.8960498047e+02 5.8962902832e+02 5.8965802002e+02 5.8967700195e+02 5.8968701172e+02 5.8970501709e+02 5.8971899414e+02 5.8973297119e+02 5.8976501465e+02 5.8980297852e+02 5.8986102295e+02 5.8992901611e+02 5.8998400879e+02 5.9003497314e+02 5.9009802246e+02 5.9017999268e+02 5.9026599121e+02 5.9033197021e+02 5.9040600586e+02 5.9048101807e+02 5.9055798340e+02 5.9064099121e+02 5.9071697998e+02 5.9079302979e+02 5.9089697266e+02 5.9099798584e+02 5.9108300781e+02 5.9117498779e+02 5.9126898193e+02 5.9136901855e+02 5.9146301270e+02 5.9156201172e+02 5.9166497803e+02 5.9176202393e+02 5.9186901855e+02 5.9197900391e+02 5.9207202148e+02 5.9216497803e+02
5.8919897461e+02 5.8926397705e+02 5.8930999756e+02 5.8935400391e+02 5.8939398193e+02 5.8944299316e+02 5.8947998047e+02 5.8950201416e+02 5.8952398682e+02 5.8955401611e+02 5.8958801270e+02 5.8959899902e+02 5.8961602783e+02 5.8961798096e+02 5.8964099121e+02 5.8967700195e+02 5.8971899414e+02 5.8974902344e+02 5.8980200195e+02 5.8986499023e+02 5.8992797852e+02 5.8999902344e+02 5.9007000732e+02 5.9014801025e+02 5.9022198486e+02 5.9030200195e+02 5.9037597656e+02 5.9043103027e+02 5.9050799561e+02 5.9060302734e+02 5.9068200684e+02 5.9075000000e+02 5.9083697510e+02 5.9092199707e+02 5.9100897217e+02 5.9110498047e+02 5.9120300293e+02 5.9130297852e+02 5.9139001465e+02 5.9149200439e+02 5.9160900879e+02 5.9170501709e+02 5.9180499268e+02 5.9190399170e+02 5.9199798584e+02 5.9209002686e+02
5.8909301758e+02 5.8916900635e+02 5.8922302246e+02 5.8927398682e+02 5.8931402588e+02 5.8935198975e+02 5.8938800049e+02 5.8941497803e+02 5.8944396973e+02 5.8947399902e+02 5.8950799561e+02 5.8952301025e+02 5.8953802490e+02 5.8953497314e+02 5.8956097412e+02 5.8961102295e+02 5.8965600586e+02 5.8969299316e+02 5.8975299072e+02 5.8982397461e+02 5.8990002441e+02 5.8997802734e+02 5.9005200195e+02 5.9012200928e+02 5.9018499756e+02 5.9025299072e+02 5.9031597900e+02 5.9037402344e+02 5.9046002197e+02 5.9054699707e+02 5.9062701416e+02 5.9070202637e+02 5.9078698730e+02 5.9086602783e+02 5.9095001221e+02 5.9104199219e+02 5.9113000488e+02 5.9123400879e+02 5.9132202148e+02 5.9141900635e+02 5.9153802490e+02 5.9164300537e+02 5.9174499512e+02 5.9183300781e+02 5.9191400146e+02 5.9200701904e+02
5.8898400879e+02 5.8906500244e+02 5.8913098145e+02 5.8919299316e+02 5.8923901367e+02 5.8927099609e+02 5.8930603027e+02 5.8933801270e+02 5.8936700439e+02 5.8939501953e+02 5.8942602539e+02 5.8944201660e+02 5.8945202637e+02 5.8946197510e+02 5.8948999023e+02 5.8954400635e+02 5.8959100342e+02 5.8964697266e+02 5.8972601318e+02 5.8980401611e+02 5.8988000488e+02 5.8995202637e+02 5.9001898193e+02 5.9008398438e+02 5.9015002441e+02 5.9021600342e+02 5.9026501465e+02 5.9033099365e+02 5.9041101074e+02 5.9047900391e+02 5.9056402588e+02 5.9064801025e+02 5.9073699951e+02 5.9081896973e+02 5.9090197754e+02 5.9098699951e+02 5.9106402588e+02 5.9117297363e+02 5.9126300049e+02 5.9135198975e+02 5.9145800781e+02 5.9156402588e+02 5.9167102051e+02 5.9176599121e+02 5.9183697510e+02 5.9192700195e+02
5.8888598633e+02 5.8896398926e+02 5.8903900146e+02 5.8910198975e+02 5.8914801025e+02 5.8917901611e+02 5.8921997070e+02 5.8925701904e+02 5.8928601074e+02 5.8930700684e+02 5.8933898926e+02 5.8936401367e+02 5.8936901855e+02 5.8939001465e+02 5.8942199707e+02 5.8947698975e+02 5.8953399658e+02 5.8960302734e+02 5.8969598389e+02 5.8977398682e+02 5.8983300781e+02 5.8990698242e+02 5.8997601318e+02 5.9004498291e+02 5.9011798096e+02 5.9017401123e+02 5.9022100830e+02 5.9028002930e+02 5.9035101318e+02 5.9042797852e+02 5.9050897217e+02 5.9059301758e+02 5.9069097900e+02 5.9077099609e+02 5.9085797119e+02 5.9094299316e+02 5.9101800537e+02 5.9111199951e+02 5.9120697021e+02 5.9129699707e+02 5.9138500977e+02 5.9148199463e+02 5.9158197021e+02 5.9168298340e+02 5.9176599121e+02 5.9185998535e+02
5.8875500488e+02 5.8884698486e+02 5.8892999268e+02 5.8899401855e+02 5.8904901123e+02 5.8909497070e+02 5.8913098145e+02 5.8915399170e+02 5.8918798828e+02 5.8921197510e+02 5.8924200439e+02 5.8927099609e+02 5.8928302002e+02 5.8931298828e+02 5.8935302734e+02 5.8941198730e+02 5.8947698975e+02 5.8955401611e+02 5.8964300537e+02 5.8971899414e+02 5.8979199219e+02 5.8987298584e+02 5.8994702148e+02 5.9001000977e+02 5.9007000732e+02 5.9012200928e+02 5.9017498779e+02 5.9022900391e+02 5.9030297852e+02 5.9037799072e+02 5.9046099854e+02 5.9054797363e+02 5.9064202881e+02 5.9071398926e+02 5.9079302979e+02 5.9088098145e+02 5.9096801758e+02 5.9106298828e+02 5.9115002441e+02 5.9123797607e+02 5.9132299805e+02 5.9141497803e+02 5.9150701904e+02 5.9159802246e+02 5.9167797852e+02 5.9178302002e+02
5.8861700439e+02 5.8870697021e+02 5.8879797363e+02 5.8887500000e+02 5.8893298340e+02 5.8898400879e+02 5.8902099609e+02 5.8903900146e+02 5.8907202148e+02 5.8910601807e+02 5.8913500977e+02 5.8916400146e+02 5.8917901611e+02 5.8922198486e+02 5.8927801514e+02 5.8934600830e+02 5.8942199707e+02 5.8950299072e+02 5.8959100342e+02 5.8966601563e+02 5.8974298096e+02 5.8982098389e+02 5.8989898682e+02 5.8996697998e+02 5.9002899170e+02 5.9009002686e+02 5.9014398193e+02 5.9018902588e+02 5.9025701904e+02 5.9033502197e+02 5.9041699219e+02 5.9049401855e+02 5.9057098389e+02 5.9065002441e+02 5.9073602295e+02 5.9082000732e+02 5.9090197754e+02 5.9100598145e+02 5.9109399414e+02 5.9117901611e+02 5.9126098633e+02 5.9134301758e+02 5.9143597412e+02 5.9152600098e+02 5.9160302734e+02 5.9170501709e+02
5.8846697998e+02 5.8855999756e+02 5.8865802002e+02 5.8873297119e+02 5.8878601074e+02 5.8883801270e+02 5.8888000488e+02 5.8891198730e+02 5.8895800781e+02 5.8899597168e+02 5.8902697754e+02 5.8905798340e+02 5.8908197021e+02 5.8913397217e+02 5.8919799805e+02 5.8926599121e+02 5.8935198975e+02 5.8943902588e+02 5.8952502441e+02 5.8959698486e+02 5.8967999268e+02 5.8975598145e+02 5.8983599854e+02 5.8991101074e+02 5.8998297119e+02 5.9004199219e+02 5.9010101318e+02 5.9014001465e+02 5.9020202637e+02 5.9029498291e+02 5.9036999512e+02 5.9043200684e+02 5.9049902344e+02 5.9058697510e+02 5.9067797852e+02 5.9075897217e+02 5.9083398438e+02 5.9093499756e+02 5.9102600098e+02 5.9111199951e+02 5.9118499756e+02 5.9125897217e+02 5.9136102295e+02 5.9146099854e+02 5.9153399658e+02 5.9163000488e+02
