TESTSERVER/24/19.asc
NCOLS 100
NROWS 100
XLLCORNER 8.6997500000e+03
YLLCORNER 2.8900025000e+05
CELLSIZE 5.0000000000e-01
NODATA_VALUE -9.9990000000e+03
[rows 80 to 99 of 100, columns 46 to 91 of 100]
5.8125097656e+02 5.8137597656e+02 5.8149700928e+02 5.8162701416e+02 5.8175201416e+02 5.8188598633e+02 5.8201898193e+02 5.8213702393e+02 5.8224700928e+02 5.8237200928e+02 5.8249597168e+02 5.8259997559e+02 5.8270098877e+02 5.8282098389e+02 5.8294702148e+02 5.8306896973e+02 5.8318902588e+02 5.8329101563e+02 5.8340301514e+02 5.8352001953e+02 5.8364697266e+02 5.8373602295e+02 5.8384100342e+02 5.8395501709e+02 5.8405401611e+02 5.8417797852e+02 5.8428100586e+02 5.8439001465e+02 5.8451898193e+02 5.8461401367e+02 5.8472198486e+02 5.8483099365e+02 5.8494299316e+02 5.8504797363e+02 5.8517199707e+02 5.8530401611e+02 5.8545001221e+02 5.8560797119e+02 5.8575598145e+02 5.8589202881e+02 5.8600402832e+02 5.8616699219e+02 5.8631896973e+02 5.8647302246e+02 5.8660900879e+02 5.8674298096e+02
5.8110998535e+02 5.8124102783e+02 5.8136700439e+02 5.8149102783e+02 5.8162200928e+02 5.8175598145e+02 5.8188397217e+02 5.8200598145e+02 5.8211602783e+02 5.8222802734e+02 5.8235198975e+02 5.8247698975e+02 5.8259100342e+02 5.8270098877e+02 5.8281097412e+02 5.8292401123e+02 5.8304699707e+02 5.8314398193e+02 5.8325500488e+02 5.8337500000e+02 5.8350897217e+02 5.8359899902e+02 5.8369702148e+02 5.8381500244e+02 5.8391497803e+02 5.8403997803e+02 5.8414501953e+02 5.8425799561e+02 5.8437298584e+02 5.8447698975e+02 5.8458398438e+02 5.8469598389e+02 5.8480603027e+02 5.8491101074e+02 5.8505200195e+02 5.8518701172e+02 5.8531701660e+02 5.8545300293e+02 5.8558197021e+02 5.8572998047e+02 5.8586798096e+02 5.8601300049e+02 5.8615502930e+02 5.8629797363e+02 5.8643499756e+02 5.8658801270e+02
5.8098297119e+02 5.8111602783e+02 5.8124102783e+02 5.8136199951e+02 5.8149902344e+02 5.8163500977e+02 5.8175201416e+02 5.8186999512e+02 5.8198901367e+02 5.8211102295e+02 5.8224102783e+02 5.8237298584e+02 5.8247698975e+02 5.8257299805e+02 5.8267297363e+02 5.8277899170e+02 5.8289599609e+02 5.8299298096e+02 5.8311102295e+02 5.8322998047e+02 5.8335400391e+02 5.8345501709e+02 5.8355499268e+02 5.8366601563e+02 5.8376397705e+02 5.8388598633e+02 5.8398901367e+02 5.8409997559e+02 5.8421099854e+02 5.8432501221e+02 5.8443701172e+02 5.8454901123e+02 5.8465997314e+02 5.8477001953e+02 5.8491198730e+02 5.8504199219e+02 5.8516802979e+02 5.8530499268e+02 5.8541601563e+02 5.8555297852e+02 5.8569799805e+02 5.8583697510e+02 5.8598498535e+02 5.8613598633e+02 5.8626800537e+02 5.8641802979e+02
5.8086602783e+02 5.8098297119e+02 5.8110998535e+02 5.8124798584e+02 5.8138000488e+02 5.8150598145e+02 5.8161798096e+02 5.8173797607e+02 5.8185998535e+02 5.8198602295e+02 5.8211401367e+02 5.8224200439e+02 5.8234100342e+02 5.8244097900e+02 5.8254602051e+02 5.8265002441e+02 5.8275598145e+02 5.8284698486e+02 5.8296997070e+02 5.8308599854e+02 5.8320001221e+02 5.8330603027e+02 5.8341198730e+02 5.8351898193e+02 5.8361499023e+02 5.8373797607e+02 5.8384399414e+02 5.8395397949e+02 5.8406097412e+02 5.8417901611e+02 5.8428497314e+02 5.8439300537e+02 5.8451098633e+02 5.8463098145e+02 5.8477099609e+02 5.8489202881e+02 5.8501300049e+02 5.8515002441e+02 5.8526501465e+02 5.8540002441e+02 5.8552197266e+02 5.8565002441e+02 5.8580102539e+02 5.8596600342e+02 5.8609997559e+02 5.8624102783e+02
5.8076000977e+02 5.8086700439e+02 5.8098498535e+02 5.8113800049e+02 5.8127899170e+02 5.8137097168e+02 5.8148699951e+02 5.8161297607e+02 5.8172601318e+02 5.8184899902e+02 5.8197302246e+02 5.8209600830e+02 5.8220001221e+02 5.8230499268e+02 5.8241998291e+02 5.8252697754e+02 5.8263299561e+02 5.8273101807e+02 5.8283898926e+02 5.8293902588e+02 5.8304998779e+02 5.8316900635e+02 5.8328002930e+02 5.8338000488e+02 5.8347302246e+02 5.8359197998e+02 5.8370501709e+02 5.8382098389e+02 5.8393402100e+02 5.8405297852e+02 5.8415997314e+02 5.8426202393e+02 5.8437500000e+02 5.8449597168e+02 5.8462402344e+02 5.8473297119e+02 5.8484997559e+02 5.8498797607e+02 5.8511297607e+02 5.8525598145e+02 5.8536401367e+02 5.8547900391e+02 5.8563201904e+02 5.8578900146e+02 5.8592102051e+02 5.8606402588e+02
5.8064300537e+02 5.8076599121e+02 5.8088397217e+02 5.8101397705e+02 5.8114300537e+02 5.8126098633e+02 5.8138201904e+02 5.8149499512e+02 5.8160198975e+02 5.8172802734e+02 5.8184698486e+02 5.8197302246e+02 5.8207000732e+02 5.8217401123e+02 5.8228802490e+02 5.8239001465e+02 5.8248797607e+02 5.8259802246e+02 5.8271899414e+02 5.8280902100e+02 5.8290997314e+02 5.8302398682e+02 5.8313702393e+02 5.8324298096e+02 5.8334899902e+02 5.8345697021e+02 5.8356597900e+02 5.8368103027e+02 5.8378002930e+02 5.8390197754e+02 5.8401800537e+02 5.8411700439e+02 5.8423199463e+02 5.8434002686e+02 5.8446301270e+02 5.8457598877e+02 5.8469097900e+02 5.8483099365e+02 5.8495397949e+02 5.8509301758e+02 5.8521600342e+02 5.8533300781e+02 5.8545697021e+02 5.8559802246e+02 5.8575500488e+02 5.8588702393e+02
5.8053002930e+02 5.8065197754e+02 5.8077398682e+02 5.8090301514e+02 5.8102600098e+02 5.8114801025e+02 5.8126098633e+02 5.8136999512e+02 5.8148297119e+02 5.8160302734e+02 5.8171398926e+02 5.8183502197e+02 5.8194201660e+02 5.8204602051e+02 5.8215600586e+02 5.8226202393e+02 5.8236499023e+02 5.8247601318e+02 5.8259802246e+02 5.8269000244e+02 5.8278698730e+02 5.8289202881e+02 5.8300000000e+02 5.8310302734e+02 5.8321997070e+02 5.8332702637e+02 5.8343798828e+02 5.8355102539e+02 5.8364398193e+02 5.8375701904e+02 5.8387402344e+02 5.8398199463e+02 5.8410699463e+02 5.8421002197e+02 5.8431799316e+02 5.8443200684e+02 5.8455700684e+02 5.8468499756e+02 5.8479998779e+02 5.8492297363e+02 5.8503399658e+02 5.8517199707e+02 5.8529400635e+02 5.8542401123e+02 5.8558300781e+02 5.8571099854e+02
5.8042602539e+02 5.8054498291e+02 5.8065698242e+02 5.8079199219e+02 5.8091601563e+02 5.8102697754e+02 5.8112902832e+02 5.8123901367e+02 5.8135400391e+02 5.8146899414e+02 5.8158599854e+02 5.8170202637e+02 5.8180999756e+02 5.8192199707e+02 5.8203601074e+02 5.8214398193e+02 5.8224700928e+02 5.8235699463e+02 5.8247302246e+02 5.8256701660e+02 5.8266400146e+02 5.8277502441e+02 5.8288397217e+02 5.8297998047e+02 5.8309100342e+02 5.8320697021e+02 5.8331402588e+02 5.8342401123e+02 5.8352600098e+02 5.8362597656e+02 5.8373797607e+02 5.8384698486e+02 5.8396697998e+02 5.8407702637e+02 5.8417602539e+02 5.8428198242e+02 5.8441198730e+02 5.8452801514e+02 5.8464202881e+02 5.8476300049e+02 5.8486798096e+02 5.8498901367e+02 5.8512097168e+02 5.8525201416e+02 5.8539801025e+02 5.8552697754e+02
5.8031402588e+02 5.8044598389e+02 5.8054699707e+02 5.8067297363e+02 5.8080102539e+02 5.8091400146e+02 5.8101098633e+02 5.8111602783e+02 5.8121801758e+02 5.8133502197e+02 5.8146697998e+02 5.8159100342e+02 5.8168798828e+02 5.8179400635e+02 5.8191601563e+02 5.8202099609e+02 5.8211700439e+02 5.8222900391e+02 5.8234802246e+02 5.8245001221e+02 5.8254302979e+02 5.8265502930e+02 5.8276202393e+02 5.8286102295e+02 5.8297100830e+02 5.8308801270e+02 5.8318402100e+02 5.8328601074e+02 5.8340002441e+02 5.8350500488e+02 5.8360998535e+02 5.8370397949e+02 5.8380798340e+02 5.8392797852e+02 5.8402197266e+02 5.8413000488e+02 5.8425701904e+02 5.8437402344e+02 5.8449499512e+02 5.8461700439e+02 5.8472802734e+02 5.8483099365e+02 5.8495599365e+02 5.8509197998e+02 5.8523199463e+02 5.8534802246e+02
5.8021997070e+02 5.8035400391e+02 5.8045800781e+02 5.8056402588e+02 5.8068798828e+02 5.8080499268e+02 5.8090197754e+02 5.8101098633e+02 5.8110302734e+02 5.8121002197e+02 5.8133898926e+02 5.8146301270e+02 5.8156298828e+02 5.8166998291e+02 5.8178601074e+02 5.8188800049e+02 5.8198999023e+02 5.8210101318e+02 5.8221099854e+02 5.8230902100e+02 5.8241497803e+02 5.8252001953e+02 5.8262500000e+02 5.8273199463e+02 5.8283898926e+02 5.8294799805e+02 5.8303802490e+02 5.8314099121e+02 5.8325299072e+02 5.8337097168e+02 5.8347900391e+02 5.8356500244e+02 5.8365698242e+02 5.8377197266e+02 5.8386700439e+02 5.8397198486e+02 5.8409497070e+02 5.8422802734e+02 5.8435101318e+02 5.8447399902e+02 5.8457800293e+02 5.8468402100e+02 5.8479400635e+02 5.8492102051e+02 5.8506701660e+02 5.8517297363e+02
5.8013098145e+02 5.8025402832e+02 5.8035900879e+02 5.8046099854e+02 5.8057397461e+02 5.8067901611e+02 5.8077801514e+02 5.8089898682e+02 5.8099700928e+02 5.8109899902e+02 5.8121997070e+02 5.8133801270e+02 5.8144000244e+02 5.8154699707e+02 5.8165600586e+02 5.8175897217e+02 5.8186700439e+02 5.8197900391e+02 5.8209197998e+02 5.8218200684e+02 5.8228698730e+02 5.8239300537e+02 5.8250097656e+02 5.8260900879e+02 5.8271002197e+02 5.8281896973e+02 5.8291601563e+02 5.8302801514e+02 5.8311700439e+02 5.8321697998e+02 5.8332098389e+02 5.8341900635e+02 5.8352099609e+02 5.8362402344e+02 5.8372100830e+02 5.8382397461e+02 5.8394598389e+02 5.8408599854e+02 5.8419500732e+02 5.8431097412e+02 5.8441198730e+02 5.8452398682e+02 5.8463897705e+02 5.8474401855e+02 5.8487701416e+02 5.8500598145e+02
5.8003997803e+02 5.8014599609e+02 5.8025598145e+02 5.8036602783e+02 5.8046801758e+02 5.8056701660e+02 5.8066497803e+02 5.8077697754e+02 5.8087799072e+02 5.8098297119e+02 5.8110198975e+02 5.8121801758e+02 5.8131896973e+02 5.8142401123e+02 5.8153002930e+02 5.8163500977e+02 5.8173797607e+02 5.8185998535e+02 5.8198797607e+02 5.8207702637e+02 5.8216900635e+02 5.8227001953e+02 5.8237097168e+02 5.8246997070e+02 5.8256597900e+02 5.8267901611e+02 5.8277301025e+02 5.8288500977e+02 5.8297601318e+02 5.8307800293e+02 5.8318597412e+02 5.8328802490e+02 5.8338897705e+02 5.8348400879e+02 5.8358599854e+02 5.8368902588e+02 5.8380798340e+02 5.8393200684e+02 5.8402099609e+02 5.8413000488e+02 5.8423901367e+02 5.8435900879e+02 5.8448797607e+02 5.8458898926e+02 5.8471301270e+02 5.8484002686e+02
5.7993402100e+02 5.8003997803e+02 5.8015002441e+02 5.8026397705e+02 5.8036401367e+02 5.8046697998e+02 5.8057000732e+02 5.8066198730e+02 5.8075201416e+02 5.8085900879e+02 5.8098999023e+02 5.8110498047e+02 5.8119201660e+02 5.8130798340e+02 5.8141998291e+02 5.8152301025e+02 5.8161798096e+02 5.8173602295e+02 5.8185900879e+02 5.8195397949e+02 5.8205102539e+02 5.8214898682e+02 5.8224200439e+02 5.8233398438e+02 5.8243402100e+02 5.8254797363e+02 5.8262597656e+02 5.8273101807e+02 5.8283898926e+02 5.8294299316e+02 5.8305102539e+02 5.8315197754e+02 5.8324700928e+02 5.8334100342e+02 5.8344201660e+02 5.8355401611e+02 5.8367199707e+02 5.8377197266e+02 5.8385699463e+02 5.8396697998e+02 5.8408697510e+02 5.8419702148e+02 5.8431097412e+02 5.8440997314e+02 5.8455200195e+02 5.8466802979e+02
5.7985198975e+02 5.7995001221e+02 5.8003698730e+02 5.8014398193e+02 5.8025402832e+02 5.8036297607e+02 5.8046899414e+02 5.8055603027e+02 5.8064300537e+02 5.8075799561e+02 5.8088299561e+02 5.8099102783e+02 5.8107397461e+02 5.8117700195e+02 5.8128198242e+02 5.8139099121e+02 5.8149700928e+02 5.8159600830e+02 5.8170098877e+02 5.8179901123e+02 5.8191101074e+02 5.8202099609e+02 5.8210998535e+02 5.8220501709e+02 5.8230798340e+02 5.8241198730e+02 5.8248797607e+02 5.8259600830e+02 5.8270098877e+02 5.8279901123e+02 5.8290698242e+02 5.8301501465e+02 5.8311499023e+02 5.8321600342e+02 5.8330401611e+02 5.8339697266e+02 5.8350500488e+02 5.8361401367e+02 5.8371301270e+02 5.8382000732e+02 5.8392602539e+02 5.8403900146e+02 5.8414801025e+02 5.8425097656e+02 5.8437597656e+02 5.8450598145e+02
5.7975299072e+02 5.7985101318e+02 5.7994097900e+02 5.8004797363e+02 5.8015600586e+02 5.8025799561e+02 5.8035797119e+02 5.8045202637e+02 5.8055401611e+02 5.8066998291e+02 5.8077301025e+02 5.8086999512e+02 5.8096197510e+02 5.8105798340e+02 5.8115502930e+02 5.8126098633e+02 5.8136999512e+02 5.8145697021e+02 5.8155700684e+02 5.8165502930e+02 5.8175799561e+02 5.8187701416e+02 5.8196899414e+02 5.8205798340e+02 5.8216497803e+02 5.8226501465e+02 5.8234698486e+02 5.8245300293e+02 5.8255401611e+02 5.8265899658e+02 5.8277398682e+02 5.8288500977e+02 5.8297601318e+02 5.8307501221e+02 5.8318103027e+02 5.8327398682e+02 5.8336199951e+02 5.8346197510e+02 5.8356500244e+02 5.8366998291e+02 5.8377197266e+02 5.8388702393e+02 5.8400299072e+02 5.8411499023e+02 5.8421002197e+02 5.8432397461e+02
5.7964001465e+02 5.7975000000e+02 5.7985498047e+02 5.7996398926e+02 5.8006500244e+02 5.8015899658e+02 5.8024700928e+02 5.8034197998e+02 5.8045599365e+02 5.8056701660e+02 5.8066601563e+02 5.8075799561e+02 5.8084698486e+02 5.8094201660e+02 5.8102899170e+02 5.8112200928e+02 5.8122998047e+02 5.8132299805e+02 5.8142498779e+02 5.8152398682e+02 5.8161499023e+02 5.8171899414e+02 5.8181799316e+02 5.8191302490e+02 5.8203198242e+02 5.8213397217e+02 5.8221398926e+02 5.8231500244e+02 5.8241198730e+02 5.8252600098e+02 5.8264300537e+02 5.8275598145e+02 5.8284497070e+02 5.8292901611e+02 5.8303997803e+02 5.8314001465e+02 5.8323297119e+02 5.8332598877e+02 5.8342102051e+02 5.8352301025e+02 5.8361999512e+02 5.8372802734e+02 5.8383099365e+02 5.8393798828e+02 5.8405297852e+02 5.8415997314e+02
5.7953601074e+02 5.7965399170e+02 5.7976501465e+02 5.7986602783e+02 5.7996301270e+02 5.8007299805e+02 5.8015600586e+02 5.8023602295e+02 5.8032397461e+02 5.8043499756e+02 5.8054797363e+02 5.8063397217e+02 5.8071697998e+02 5.8082800293e+02 5.8091400146e+02 5.8099298096e+02 5.8108801270e+02 5.8119299316e+02 5.8128900146e+02 5.8138598633e+02 5.8149200439e+02 5.8158197021e+02 5.8168298340e+02 5.8178497314e+02 5.8189099121e+02 5.8200299072e+02 5.8209002686e+02 5.8219201660e+02 5.8227502441e+02 5.8238299561e+02 5.8248498535e+02 5.8259899902e+02 5.8270800781e+02 5.8280297852e+02 5.8289501953e+02 5.8297698975e+02 5.8307702637e+02 5.8319702148e+02 5.8329101563e+02 5.8338000488e+02 5.8347302246e+02 5.8357397461e+02 5.8365802002e+02 5.8375598145e+02 5.8389099121e+02 5.8400500488e+02
5.7942999268e+02 5.7953900146e+02 5.7965197754e+02 5.7976000977e+02 5.7986499023e+02 5.7996002197e+02 5.8004797363e+02 5.8014398193e+02 5.8022302246e+02 5.8031201172e+02 5.8041497803e+02 5.8050598145e+02 5.8059301758e+02 5.8069299316e+02 5.8079101563e+02 5.8087701416e+02 5.8095697021e+02 5.8105297852e+02 5.8115002441e+02 5.8125097656e+02 5.8135699463e+02 5.8145001221e+02 5.8154901123e+02 5.8164697266e+02 5.8174401855e+02 5.8184698486e+02 5.8194897461e+02 5.8207098389e+02 5.8214801025e+02 5.8224102783e+02 5.8233502197e+02 5.8244097900e+02 5.8255999756e+02 5.8266101074e+02 5.8275299072e+02 5.8283801270e+02 5.8293499756e+02 5.8304498291e+02 5.8314801025e+02 5.8324298096e+02 5.8332598877e+02 5.8342297363e+02 5.8351397705e+02 5.8361297607e+02 5.8372998047e+02 5.8384301758e+02
5.7934002686e+02 5.7943701172e+02 5.7953698730e+02 5.7964398193e+02 5.7974798584e+02 5.7984100342e+02 5.7993499756e+02 5.8003198242e+02 5.8011199951e+02 5.8019500732e+02 5.8028497314e+02 5.8038000488e+02 5.8047198486e+02 5.8056701660e+02 5.8066497803e+02 5.8074902344e+02 5.8082397461e+02 5.8091302490e+02 5.8101300049e+02 5.8111199951e+02 5.8121002197e+02 5.8129998779e+02 5.8139398193e+02 5.8149401855e+02 5.8160198975e+02 5.8170202637e+02 5.8180200195e+02 5.8191802979e+02 5.8200500488e+02 5.8210101318e+02 5.8219799805e+02 5.8229302979e+02 5.8240502930e+02 5.8250500488e+02 5.8260198975e+02 5.8269799805e+02 5.8278997803e+02 5.8289599609e+02 5.8300097656e+02 5.8310198975e+02 5.8317700195e+02 5.8327600098e+02 5.8337298584e+02 5.8347399902e+02 5.8359399414e+02 5.8370697021e+02
5.7925299072e+02 5.7935101318e+02 5.7944201660e+02 5.7953601074e+02 5.7962298584e+02 5.7971899414e+02 5.7982299805e+02 5.7991900635e+02 5.7999401855e+02 5.8006799316e+02 5.8016400146e+02 5.8027099609e+02 5.8036102295e+02 5.8044396973e+02 5.8053997803e+02 5.8062701416e+02 5.8070202637e+02 5.8078900146e+02 5.8089099121e+02 5.8097900391e+02 5.8106298828e+02 5.8114801025e+02 5.8123999023e+02 5.8134399414e+02 5.8145098877e+02 5.8155603027e+02 5.8165997314e+02 5.8176599121e+02 5.8185101318e+02 5.8194000244e+02 5.8204797363e+02 5.8214599609e+02 5.8224798584e+02 5.8234497070e+02 5.8245001221e+02 5.8255102539e+02 5.8264001465e+02 5.8273999023e+02 5.8284600830e+02 5.8295501709e+02 5.8303399658e+02 5.8313500977e+02 5.8322399902e+02 5.8332000732e+02 5.8343798828e+02 5.8354199219e+02
