TESTSERVER/24/2.asc
NCOLS 100
NROWS 100
XLLCORNER 8.6997500000e+03
YLLCORNER 2.8985025000e+05
CELLSIZE 5.0000000000e-01
NODATA_VALUE -9.9990000000e+03
[rows 0 to 19 of 100, columns 46 to 91 of 100]
8.3589300537e+02 8.3592797852e+02 8.3600799561e+02 8.3607598877e+02 8.3607598877e+02 8.3607397461e+02 8.3618597412e+02 8.3616497803e+02 8.3615698242e+02 8.3616601563e+02 8.3618103027e+02 8.3614599609e+02 8.3609698486e+02 8.3604101563e+02 8.3601000977e+02 8.3594598389e+02 8.3586499023e+02 8.3580603027e+02 8.3581402588e+02 8.3590698242e+02 8.3598999023e+02 8.3602899170e+02 8.3603900146e+02 8.3598699951e+02 8.3596899414e+02 8.3603198242e+02 8.3610302734e+02 8.3617797852e+02 8.3625897217e+02 8.3620599365e+02 8.3610302734e+02 8.3609802246e+02 8.3611499023e+02 8.3614697266e+02 8.3617999268e+02 8.3619799805e+02 8.3626000977e+02 8.3636401367e+02 8.3642797852e+02 8.3637097168e+02 8.3632000732e+02 8.3633599854e+02 8.3637097168e+02 8.3637701416e+02 8.3632800293e+02 8.3628100586e+02
8.3569702148e+02 8.3570599365e+02 8.3573199463e+02 8.3576702881e+02 8.3580401611e+02 8.3579998779e+02 8.3582299805e+02 8.3582897949e+02 8.3586700439e+02 8.3589697266e+02 8.3590301514e+02 8.3587298584e+02 8.3582800293e+02 8.3577697754e+02 8.3573400879e+02 8.3564898682e+02 8.3558398438e+02 8.3556097412e+02 8.3554602051e+02 8.3559100342e+02 8.3566400146e+02 8.3570697021e+02 8.3571099854e+02 8.3565600586e+02 8.3566998291e+02 8.3574700928e+02 8.3585101318e+02 8.3591601563e+02 8.3595800781e+02 8.3592999268e+02 8.3586499023e+02 8.3582000732e+02 8.3576898193e+02 8.3578497314e+02 8.3583599854e+02 8.3589001465e+02 8.3593597412e+02 8.3595001221e+02 8.3599597168e+02 8.3598400879e+02 8.3597698975e+02 8.3603698730e+02 8.3610797119e+02 8.3611499023e+02 8.3609698486e+02 8.3608197021e+02
8.3547302246e+02 8.3548999023e+02 8.3555200195e+02 8.3555603027e+02 8.3556701660e+02 8.3557098389e+02 8.3554901123e+02 8.3554602051e+02 8.3555603027e+02 8.3556896973e+02 8.3557299805e+02 8.3554901123e+02 8.3552697754e+02 8.3550097656e+02 8.3546502686e+02 8.3538500977e+02 8.3533599854e+02 8.3532397461e+02 8.3530902100e+02 8.3531799316e+02 8.3535198975e+02 8.3537597656e+02 8.3538299561e+02 8.3539202881e+02 8.3545898438e+02 8.3552899170e+02 8.3560198975e+02 8.3564801025e+02 8.3567297363e+02 8.3564801025e+02 8.3561401367e+02 8.3556298828e+02 8.3549499512e+02 8.3547497559e+02 8.3554400635e+02 8.3563500977e+02 8.3564001465e+02 8.3563299561e+02 8.3565600586e+02 8.3567901611e+02 8.3573797607e+02 8.3580401611e+02 8.3585498047e+02 8.3585400391e+02 8.3585699463e+02 8.3586700439e+02
8.3524499512e+02 8.3529101563e+02 8.3537701416e+02 8.3535101318e+02 8.3533898926e+02 8.3534997559e+02 8.3535498047e+02 8.3532800293e+02 8.3529901123e+02 8.3528900146e+02 8.3526898193e+02 8.3523999023e+02 8.3524798584e+02 8.3526098633e+02 8.3525500488e+02 8.3521697998e+02 8.3517498779e+02 8.3514697266e+02 8.3511999512e+02 8.3509802246e+02 8.3509002686e+02 8.3508697510e+02 8.3510101318e+02 8.3516400146e+02 8.3523498535e+02 8.3525598145e+02 8.3526599121e+02 8.3530499268e+02 8.3532397461e+02 8.3530902100e+02 8.3528002930e+02 8.3526000977e+02 8.3525097656e+02 8.3526397705e+02 8.3530200195e+02 8.3533001709e+02 8.3532098389e+02 8.3534698486e+02 8.3539300537e+02 8.3544000244e+02 8.3549597168e+02 8.3554400635e+02 8.3558898926e+02 8.3559600830e+02 8.3559301758e+02 8.3559899902e+02
8.3504498291e+02 8.3511102295e+02 8.3507000732e+02 8.3508300781e+02 8.3508099365e+02 8.3504302979e+02 8.3503900146e+02 8.3506402588e+02 8.3507000732e+02 8.3505499268e+02 8.3500897217e+02 8.3497900391e+02 8.3501501465e+02 8.3505798340e+02 8.3505798340e+02 8.3508099365e+02 8.3505401611e+02 8.3500097656e+02 8.3494598389e+02 8.3492199707e+02 8.3489001465e+02 8.3486798096e+02 8.3489202881e+02 8.3495599365e+02 8.3498101807e+02 8.3495098877e+02 8.3491302490e+02 8.3492797852e+02 8.3494799805e+02 8.3494500732e+02 8.3494299316e+02 8.3495800781e+02 8.3498901367e+02 8.3501800537e+02 8.3499700928e+02 8.3500500488e+02 8.3505798340e+02 8.3516400146e+02 8.3522998047e+02 8.3526599121e+02 8.3527001953e+02 8.3528399658e+02 8.3534802246e+02 8.3537500000e+02 8.3535101318e+02 8.3534399414e+02
8.3489099121e+02 8.3494799805e+02 8.3484802246e+02 8.3480297852e+02 8.3480798340e+02 8.3478900146e+02 8.3479400635e+02 8.3483300781e+02 8.3482800293e+02 8.3478698730e+02 8.3475799561e+02 8.3478002930e+02 8.3484197998e+02 8.3486102295e+02 8.3481298828e+02 8.3484197998e+02 8.3481402588e+02 8.3474298096e+02 8.3469702148e+02 8.3472601318e+02 8.3473101807e+02 8.3469500732e+02 8.3468701172e+02 8.3472100830e+02 8.3471899414e+02 8.3467102051e+02 8.3460998535e+02 8.3459497070e+02 8.3461499023e+02 8.3462200928e+02 8.3462298584e+02 8.3468902588e+02 8.3474902344e+02 8.3477600098e+02 8.3473797607e+02 8.3474700928e+02 8.3486401367e+02 8.3502001953e+02 8.3508502197e+02 8.3509100342e+02 8.3505798340e+02 8.3507098389e+02 8.3514801025e+02 8.3518402100e+02 8.3512500000e+02 8.3508001709e+02
8.3466101074e+02 8.3475402832e+02 8.3469702148e+02 8.3458197021e+02 8.3454302979e+02 8.3453698730e+02 8.3454302979e+02 8.3455200195e+02 8.3454302979e+02 8.3452001953e+02 8.3450500488e+02 8.3451702881e+02 8.3456799316e+02 8.3459002686e+02 8.3454998779e+02 8.3454602051e+02 8.3450500488e+02 8.3443798828e+02 8.3441998291e+02 8.3452301025e+02 8.3459600830e+02 8.3457702637e+02 8.3452001953e+02 8.3450701904e+02 8.3448400879e+02 8.3442102051e+02 8.3434100342e+02 8.3430902100e+02 8.3432897949e+02 8.3433300781e+02 8.3432397461e+02 8.3437298584e+02 8.3445397949e+02 8.3453198242e+02 8.3452697754e+02 8.3455999756e+02 8.3468701172e+02 8.3479699707e+02 8.3485101318e+02 8.3484802246e+02 8.3478497314e+02 8.3477001953e+02 8.3481597900e+02 8.3485101318e+02 8.3483099365e+02 8.3477301025e+02
8.3433697510e+02 8.3445800781e+02 8.3443298340e+02 8.3431701660e+02 8.3430700684e+02 8.3432800293e+02 8.3432897949e+02 8.3433502197e+02 8.3432202148e+02 8.3430102539e+02 8.3426098633e+02 8.3419500732e+02 8.3420800781e+02 8.3426000977e+02 8.3428100586e+02 8.3426000977e+02 8.3421697998e+02 8.3417199707e+02 8.3418103027e+02 8.3429602051e+02 8.3439599609e+02 8.3439697266e+02 8.3432397461e+02 8.3429101563e+02 8.3426898193e+02 8.3419799805e+02 8.3408502197e+02 8.3402697754e+02 8.3403802490e+02 8.3404998779e+02 8.3404199219e+02 8.3408398438e+02 8.3421197510e+02 8.3434399414e+02 8.3433099365e+02 8.3437799072e+02 8.3445697021e+02 8.3445202637e+02 8.3447497559e+02 8.3450000000e+02 8.3443798828e+02 8.3438702393e+02 8.3439801025e+02 8.3441400146e+02 8.3441699219e+02 8.3440100098e+02
8.3394500732e+02 8.3395300293e+02 8.3374902344e+02 8.3386602783e+02 8.3399499512e+02 8.3405798340e+02 8.3408398438e+02 8.3415002441e+02 8.3413897705e+02 8.3410302734e+02 8.3409197998e+02 8.3393902588e+02 8.3392901611e+02 8.3401599121e+02 8.3403802490e+02 8.3400299072e+02 8.3397698975e+02 8.3397302246e+02 8.3396899414e+02 8.3399102783e+02 8.3404400635e+02 8.3406201172e+02 8.3402001953e+02 8.3403997803e+02 8.3403997803e+02 8.3396899414e+02 8.3380798340e+02 8.3373602295e+02 8.3374298096e+02 8.3377502441e+02 8.3380102539e+02 8.3384698486e+02 8.3395501709e+02 8.3406701660e+02 8.3408197021e+02 8.3411102295e+02 8.3413000488e+02 8.3408801270e+02 8.3408398438e+02 8.3411602783e+02 8.3407598877e+02 8.3402899170e+02 8.3403497314e+02 8.3401898193e+02 8.3400897217e+02 8.3402697754e+02
8.3353198242e+02 8.3349597168e+02 8.3345501709e+02 8.3359899902e+02 8.3371002197e+02 8.3375097656e+02 8.3371398926e+02 8.3378497314e+02 8.3386102295e+02 8.3383801270e+02 8.3377001953e+02 8.3367700195e+02 8.3368103027e+02 8.3376397705e+02 8.3376202393e+02 8.3371697998e+02 8.3370001221e+02 8.3371502686e+02 8.3372399902e+02 8.3371600342e+02 8.3372302246e+02 8.3372601318e+02 8.3372698975e+02 8.3376000977e+02 8.3376000977e+02 8.3367901611e+02 8.3352502441e+02 8.3345397949e+02 8.3346197510e+02 8.3352001953e+02 8.3360302734e+02 8.3363800049e+02 8.3362097168e+02 8.3363800049e+02 8.3374798584e+02 8.3381201172e+02 8.3382000732e+02 8.3382397461e+02 8.3382000732e+02 8.3380401611e+02 8.3375799561e+02 8.3372302246e+02 8.3370697021e+02 8.3368499756e+02 8.3365698242e+02 8.3367401123e+02
8.3315100098e+02 8.3314202881e+02 8.3314300537e+02 8.3324102783e+02 8.3333001709e+02 8.3339001465e+02 8.3335498047e+02 8.3337402344e+02 8.3344500732e+02 8.3340600586e+02 8.3328601074e+02 8.3326898193e+02 8.3333697510e+02 8.3343298340e+02 8.3346197510e+02 8.3343499756e+02 8.3343597412e+02 8.3345800781e+02 8.3348498535e+02 8.3349798584e+02 8.3348999023e+02 8.3346697998e+02 8.3346502686e+02 8.3349102783e+02 8.3346899414e+02 8.3338201904e+02 8.3327001953e+02 8.3322900391e+02 8.3322497559e+02 8.3324499512e+02 8.3331298828e+02 8.3340100098e+02 8.3342102051e+02 8.3341900635e+02 8.3347802734e+02 8.3350201416e+02 8.3350000000e+02 8.3351702881e+02 8.3350799561e+02 8.3347802734e+02 8.3345397949e+02 8.3343902588e+02 8.3339898682e+02 8.3338397217e+02 8.3337402344e+02 8.3336499023e+02
8.3277899170e+02 8.3274102783e+02 8.3270300293e+02 8.3268597412e+02 8.3272497559e+02 8.3282299805e+02 8.3292297363e+02 8.3289300537e+02 8.3286798096e+02 8.3282501221e+02 8.3281896973e+02 8.3290600586e+02 8.3302197266e+02 8.3310998535e+02 8.3315002441e+02 8.3318200684e+02 8.3321997070e+02 8.3324200439e+02 8.3325701904e+02 8.3328002930e+02 8.3326599121e+02 8.3323602295e+02 8.3322399902e+02 8.3322998047e+02 8.3319097900e+02 8.3310797119e+02 8.3303399658e+02 8.3302502441e+02 8.3301599121e+02 8.3297698975e+02 8.3297802734e+02 8.3309197998e+02 8.3314697266e+02 8.3315698242e+02 8.3316900635e+02 8.3315197754e+02 8.3314801025e+02 8.3315197754e+02 8.3314099121e+02 8.3312902832e+02 8.3313299561e+02 8.3314099121e+02 8.3309802246e+02 8.3308502197e+02 8.3308300781e+02 8.3307299805e+02
8.3246600342e+02 8.3242999268e+02 8.3242199707e+02 8.3238000488e+02 8.3236499023e+02 8.3240197754e+02 8.3243402100e+02 8.3241802979e+02 8.3243298340e+02 8.3248400879e+02 8.3254699707e+02 8.3263299561e+02 8.3272302246e+02 8.3278497314e+02 8.3284100342e+02 8.3296099854e+02 8.3302502441e+02 8.3303497314e+02 8.3302001953e+02 8.3300598145e+02 8.3299401855e+02 8.3297900391e+02 8.3296899414e+02 8.3295202637e+02 8.3290301514e+02 8.3283300781e+02 8.3278198242e+02 8.3278198242e+02 8.3278497314e+02 8.3274200439e+02 8.3271801758e+02 8.3277600098e+02 8.3282202148e+02 8.3285498047e+02 8.3287500000e+02 8.3283197021e+02 8.3282397461e+02 8.3283001709e+02 8.3283001709e+02 8.3283697510e+02 8.3285302734e+02 8.3285498047e+02 8.3279199219e+02 8.3274200439e+02 8.3274798584e+02 8.3275500488e+02
8.3220300293e+02 8.3216601563e+02 8.3219598389e+02 8.3224102783e+02 8.3224798584e+02 8.3232501221e+02 8.3230297852e+02 8.3229699707e+02 8.3233898926e+02 8.3232800293e+02 8.3230700684e+02 8.3236102295e+02 8.3243298340e+02 8.3252099609e+02 8.3265301514e+02 8.3274798584e+02 8.3274499512e+02 8.3274200439e+02 8.3275201416e+02 8.3272998047e+02 8.3271099854e+02 8.3270397949e+02 8.3269500732e+02 8.3266699219e+02 8.3262799072e+02 8.3257598877e+02 8.3253802490e+02 8.3251397705e+02 8.3248699951e+02 8.3247698975e+02 8.3247497559e+02 8.3249298096e+02 8.3251098633e+02 8.3254302979e+02 8.3255499268e+02 8.3251098633e+02 8.3250000000e+02 8.3250897217e+02 8.3251898193e+02 8.3251202393e+02 8.3248199463e+02 8.3245599365e+02 8.3243597412e+02 8.3241802979e+02 8.3241699219e+02 8.3242797852e+02
8.3203002930e+02 8.3200299072e+02 8.3210400391e+02 8.3223297119e+02 8.3216400146e+02 8.3211401367e+02 8.3207098389e+02 8.3212701416e+02 8.3213299561e+02 8.3207501221e+02 8.3206799316e+02 8.3210601807e+02 8.3215301514e+02 8.3223400879e+02 8.3238500977e+02 8.3242401123e+02 8.3238397217e+02 8.3240698242e+02 8.3246997070e+02 8.3245599365e+02 8.3242498779e+02 8.3240997314e+02 8.3240301514e+02 8.3238702393e+02 8.3238098145e+02 8.3234197998e+02 8.3227301025e+02 8.3220397949e+02 8.3215301514e+02 8.3216699219e+02 8.3219897461e+02 8.3219299316e+02 8.3219000244e+02 8.3222100830e+02 8.3224401855e+02 8.3221801758e+02 8.3219299316e+02 8.3217498779e+02 8.3216998291e+02 8.3216198730e+02 8.3211999512e+02 8.3208898926e+02 8.3208697510e+02 8.3208398438e+02 8.3204699707e+02 8.3205200195e+02
8.3192102051e+02 8.3192401123e+02 8.3210101318e+02 8.3225000000e+02 8.3207397461e+02 8.3193103027e+02 8.3187902832e+02 8.3188500977e+02 8.3184399414e+02 8.3179302979e+02 8.3182000732e+02 8.3186499023e+02 8.3189898682e+02 8.3194702148e+02 8.3204498291e+02 8.3207000732e+02 8.3204498291e+02 8.3207897949e+02 8.3214599609e+02 8.3213098145e+02 8.3209899902e+02 8.3208697510e+02 8.3208697510e+02 8.3210699463e+02 8.3216198730e+02 8.3216601563e+02 8.3206402588e+02 8.3195697021e+02 8.3190100098e+02 8.3189099121e+02 8.3190100098e+02 8.3190100098e+02 8.3191802979e+02 8.3199102783e+02 8.3203302002e+02 8.3197399902e+02 8.3188000488e+02 8.3184301758e+02 8.3181701660e+02 8.3176300049e+02 8.3174597168e+02 8.3173901367e+02 8.3174200439e+02 8.3177899170e+02 8.3179602051e+02 8.3174902344e+02
8.3189202881e+02 8.3187402344e+02 8.3191900635e+02 8.3198498535e+02 8.3186102295e+02 8.3175897217e+02 8.3169897461e+02 8.3165502930e+02 8.3159497070e+02 8.3155902100e+02 8.3155700684e+02 8.3158197021e+02 8.3161999512e+02 8.3163800049e+02 8.3163098145e+02 8.3167797852e+02 8.3171801758e+02 8.3173699951e+02 8.3173797607e+02 8.3173699951e+02 8.3173602295e+02 8.3175299072e+02 8.3176599121e+02 8.3181097412e+02 8.3190802002e+02 8.3196600342e+02 8.3189801025e+02 8.3174597168e+02 8.3164801025e+02 8.3159100342e+02 8.3155902100e+02 8.3158801270e+02 8.3162902832e+02 8.3168597412e+02 8.3168499756e+02 8.3164501953e+02 8.3158398438e+02 8.3158898926e+02 8.3157299805e+02 8.3144702148e+02 8.3140197754e+02 8.3140197754e+02 8.3141601563e+02 8.3148797607e+02 8.3152801514e+02 8.3142401123e+02
8.3184197998e+02 8.3178497314e+02 8.3177801514e+02 8.3174298096e+02 8.3166198730e+02 8.3157299805e+02 8.3146899414e+02 8.3143499756e+02 8.3139001465e+02 8.3134997559e+02 8.3130401611e+02 8.3127801514e+02 8.3130102539e+02 8.3133300781e+02 8.3133300781e+02 8.3134997559e+02 8.3138299561e+02 8.3140002441e+02 8.3140899658e+02 8.3141601563e+02 8.3142297363e+02 8.3143298340e+02 8.3142797852e+02 8.3145202637e+02 8.3152099609e+02 8.3158502197e+02 8.3155999756e+02 8.3146002197e+02 8.3136999512e+02 8.3130499268e+02 8.3123602295e+02 8.3123199463e+02 8.3124102783e+02 8.3124298096e+02 8.3124200439e+02 8.3123699951e+02 8.3121197510e+02 8.3117199707e+02 8.3117401123e+02 8.3115802002e+02 8.3113098145e+02 8.3111602783e+02 8.3111999512e+02 8.3115502930e+02 8.3113201904e+02 8.3103399658e+02
8.3169201660e+02 8.3161798096e+02 8.3164599609e+02 8.3157800293e+02 8.3146197510e+02 8.3137597656e+02 8.3128198242e+02 8.3121099854e+02 8.3115600586e+02 8.3110400391e+02 8.3103900146e+02 8.3100402832e+02 8.3101202393e+02 8.3103198242e+02 8.3102600098e+02 8.3101501465e+02 8.3103100586e+02 8.3108502197e+02 8.3113000488e+02 8.3113702393e+02 8.3113702393e+02 8.3111999512e+02 8.3108099365e+02 8.3106799316e+02 8.3109600830e+02 8.3113397217e+02 8.3113397217e+02 8.3109899902e+02 8.3105999756e+02 8.3103002930e+02 8.3097100830e+02 8.3092999268e+02 8.3088598633e+02 8.3085900879e+02 8.3084997559e+02 8.3085302734e+02 8.3083697510e+02 8.3081896973e+02 8.3085601807e+02 8.3091900635e+02 8.3090600586e+02 8.3085198975e+02 8.3083502197e+02 8.3082897949e+02 8.3077801514e+02 8.3074902344e+02
8.3139300537e+02 8.3134100342e+02 8.3150701904e+02 8.3148699951e+02 8.3127801514e+02 8.3118499756e+02 8.3112902832e+02 8.3099902344e+02 8.3091302490e+02 8.3084600830e+02 8.3077899170e+02 8.3074700928e+02 8.3072998047e+02 8.3072497559e+02 8.3071600342e+02 8.3069799805e+02 8.3069897461e+02 8.3075598145e+02 8.3081701660e+02 8.3082800293e+02 8.3082397461e+02 8.3079302979e+02 8.3074200439e+02 8.3071301270e+02 8.3070501709e+02 8.3070898438e+02 8.3071002197e+02 8.3071398926e+02 8.3072900391e+02 8.3074102783e+02 8.3071002197e+02 8.3065698242e+02 8.3060900879e+02 8.3057299805e+02 8.3053399658e+02 8.3051300049e+02 8.3050598145e+02 8.3052398682e+02 8.3056896973e+02 8.3064001465e+02 8.3062597656e+02 8.3057098389e+02 8.3054901123e+02 8.3053698730e+02 8.3051898193e+02 8.3054498291e+02
