TESTSERVER/24/2.asc
NCOLS 100
NROWS 100
XLLCORNER 8.6997500000e+03
YLLCORNER 2.8985025000e+05
CELLSIZE 5.0000000000e-01
NODATA_VALUE -9.9990000000e+03
[rows 80 to 99 of 100, columns 46 to 91 of 100]
8.1519299316e+02 8.1535101318e+02 8.1549902344e+02 8.1556896973e+02 8.1556298828e+02 8.1552099609e+02 8.1545098877e+02 8.1537097168e+02 8.1527600098e+02 8.1519702148e+02 8.1514099121e+02 8.1507202148e+02 8.1505297852e+02 8.1507000732e+02 8.1511499023e+02 8.1511199951e+02 8.1508197021e+02 8.1506201172e+02 8.1508197021e+02 8.1511297607e+02 8.1513299561e+02 8.1512500000e+02 8.1512500000e+02 8.1516802979e+02 8.1520397949e+02 8.1522601318e+02 8.1523400879e+02 8.1522497559e+02 8.1522100830e+02 8.1522100830e+02 8.1522198486e+02 8.1522100830e+02 8.1521002197e+02 8.1518597412e+02 8.1513397217e+02 8.1510101318e+02 8.1505401611e+02 8.1499700928e+02 8.1497100830e+02 8.1496502686e+02 8.1494500732e+02 8.1489001465e+02 8.1482397461e+02 8.1478002930e+02 8.1472302246e+02 8.1462701416e+02
8.1493902588e+02 8.1510699463e+02 8.1525299072e+02 8.1533197021e+02 8.1532897949e+02 8.1526300049e+02 8.1516802979e+02 8.1506500244e+02 8.1495501709e+02 8.1486999512e+02 8.1482202148e+02 8.1478399658e+02 8.1476898193e+02 8.1478601074e+02 8.1481896973e+02 8.1482598877e+02 8.1480102539e+02 8.1477801514e+02 8.1478601074e+02 8.1481201172e+02 8.1481896973e+02 8.1481597900e+02 8.1483801270e+02 8.1490997314e+02 8.1496099854e+02 8.1499102783e+02 8.1500000000e+02 8.1499298096e+02 8.1497900391e+02 8.1497100830e+02 8.1497399902e+02 8.1497802734e+02 8.1496600342e+02 8.1493200684e+02 8.1486901855e+02 8.1481896973e+02 8.1477600098e+02 8.1472698975e+02 8.1471197510e+02 8.1472302246e+02 8.1472497559e+02 8.1470300293e+02 8.1464300537e+02 8.1455700684e+02 8.1444299316e+02 8.1432598877e+02
8.1466302490e+02 8.1484002686e+02 8.1497998047e+02 8.1507202148e+02 8.1507397461e+02 8.1500402832e+02 8.1489898682e+02 8.1479498291e+02 8.1467498779e+02 8.1457397461e+02 8.1451397705e+02 8.1448901367e+02 8.1447198486e+02 8.1447198486e+02 8.1449499512e+02 8.1451098633e+02 8.1449298096e+02 8.1447497559e+02 8.1448498535e+02 8.1450598145e+02 8.1451501465e+02 8.1452001953e+02 8.1456097412e+02 8.1464801025e+02 8.1470898438e+02 8.1474597168e+02 8.1475799561e+02 8.1474401855e+02 8.1472302246e+02 8.1470697021e+02 8.1470397949e+02 8.1470501709e+02 8.1469097900e+02 8.1464599609e+02 8.1457202148e+02 8.1451898193e+02 8.1448699951e+02 8.1446002197e+02 8.1444598389e+02 8.1446600342e+02 8.1449700928e+02 8.1447497559e+02 8.1438500977e+02 8.1424798584e+02 8.1413500977e+02 8.1402301025e+02
8.1433801270e+02 8.1451397705e+02 8.1464501953e+02 8.1474102783e+02 8.1475097656e+02 8.1469299316e+02 8.1459802246e+02 8.1449902344e+02 8.1438098145e+02 8.1427899170e+02 8.1421398926e+02 8.1419799805e+02 8.1417498779e+02 8.1415399170e+02 8.1415399170e+02 8.1417602539e+02 8.1417102051e+02 8.1416601563e+02 8.1418298340e+02 8.1420397949e+02 8.1422302246e+02 8.1424499512e+02 8.1429498291e+02 8.1438299561e+02 8.1444799805e+02 8.1448699951e+02 8.1449798584e+02 8.1447698975e+02 8.1445001221e+02 8.1442700195e+02 8.1441302490e+02 8.1440399170e+02 8.1438299561e+02 8.1433398438e+02 8.1426098633e+02 8.1421398926e+02 8.1418402100e+02 8.1416601563e+02 8.1415301514e+02 8.1413201904e+02 8.1410302734e+02 8.1406701660e+02 8.1401300049e+02 8.1392797852e+02 8.1383300781e+02 8.1368499756e+02
8.1394500732e+02 8.1411602783e+02 8.1422497559e+02 8.1430499268e+02 8.1432397461e+02 8.1429498291e+02 8.1420800781e+02 8.1414599609e+02 8.1405999756e+02 8.1398297119e+02 8.1392700195e+02 8.1391601563e+02 8.1389898682e+02 8.1384802246e+02 8.1381402588e+02 8.1382202148e+02 8.1384301758e+02 8.1386401367e+02 8.1388397217e+02 8.1391198730e+02 8.1395202637e+02 8.1400000000e+02 8.1406201172e+02 8.1411199951e+02 8.1416699219e+02 8.1420300293e+02 8.1420202637e+02 8.1418499756e+02 8.1415301514e+02 8.1412298584e+02 8.1409197998e+02 8.1407800293e+02 8.1404602051e+02 8.1399798584e+02 8.1394000244e+02 8.1390802002e+02 8.1387597656e+02 8.1385302734e+02 8.1383398438e+02 8.1380603027e+02 8.1375701904e+02 8.1369702148e+02 8.1364099121e+02 8.1356896973e+02 8.1345202637e+02 8.1332897949e+02
8.1358502197e+02 8.1374798584e+02 8.1384301758e+02 8.1387402344e+02 8.1389501953e+02 8.1388000488e+02 8.1384197998e+02 8.1379400635e+02 8.1374298096e+02 8.1369702148e+02 8.1366101074e+02 8.1367700195e+02 8.1365899658e+02 8.1355798340e+02 8.1349902344e+02 8.1349597168e+02 8.1353900146e+02 8.1358502197e+02 8.1360699463e+02 8.1364001465e+02 8.1369396973e+02 8.1375299072e+02 8.1378497314e+02 8.1381701660e+02 8.1385998535e+02 8.1388897705e+02 8.1389599609e+02 8.1387597656e+02 8.1384197998e+02 8.1380999756e+02 8.1378002930e+02 8.1374700928e+02 8.1370898438e+02 8.1367102051e+02 8.1363598633e+02 8.1361102295e+02 8.1356500244e+02 8.1352899170e+02 8.1350897217e+02 8.1348498535e+02 8.1345800781e+02 8.1339398193e+02 8.1330499268e+02 8.1321899414e+02 8.1312097168e+02 8.1306896973e+02
8.1326898193e+02 8.1341198730e+02 8.1348602295e+02 8.1351000977e+02 8.1353002930e+02 8.1352197266e+02 8.1349499512e+02 8.1346502686e+02 8.1343298340e+02 8.1340899658e+02 8.1339599609e+02 8.1343402100e+02 8.1340301514e+02 8.1327801514e+02 8.1321502686e+02 8.1322399902e+02 8.1327398682e+02 8.1331896973e+02 8.1332702637e+02 8.1335198975e+02 8.1340802002e+02 8.1346301270e+02 8.1349298096e+02 8.1352301025e+02 8.1354998779e+02 8.1357000732e+02 8.1357098389e+02 8.1355499268e+02 8.1353100586e+02 8.1350000000e+02 8.1346600342e+02 8.1342602539e+02 8.1339099121e+02 8.1336102295e+02 8.1335198975e+02 8.1334600830e+02 8.1328198242e+02 8.1324401855e+02 8.1321899414e+02 8.1317999268e+02 8.1313598633e+02 8.1308197021e+02 8.1300097656e+02 8.1294097900e+02 8.1288201904e+02 8.1281097412e+02
8.1297399902e+02 8.1309497070e+02 8.1315600586e+02 8.1317999268e+02 8.1319897461e+02 8.1319396973e+02 8.1317102051e+02 8.1315002441e+02 8.1313201904e+02 8.1312500000e+02 8.1312799072e+02 8.1312298584e+02 8.1307800293e+02 8.1299499512e+02 8.1297998047e+02 8.1299597168e+02 8.1302899170e+02 8.1304400635e+02 8.1302801514e+02 8.1304602051e+02 8.1309899902e+02 8.1315600586e+02 8.1320898438e+02 8.1324700928e+02 8.1325799561e+02 8.1325201416e+02 8.1323699951e+02 8.1322497559e+02 8.1321099854e+02 8.1319201660e+02 8.1316302490e+02 8.1312500000e+02 8.1309100342e+02 8.1306896973e+02 8.1307098389e+02 8.1306500244e+02 8.1301397705e+02 8.1298602295e+02 8.1292797852e+02 8.1286999512e+02 8.1284197998e+02 8.1282397461e+02 8.1277301025e+02 8.1272100830e+02 8.1265002441e+02 8.1253399658e+02
8.1268902588e+02 8.1278601074e+02 8.1284600830e+02 8.1288201904e+02 8.1290002441e+02 8.1289801025e+02 8.1286901855e+02 8.1283801270e+02 8.1282897949e+02 8.1283197021e+02 8.1284802246e+02 8.1279998779e+02 8.1274401855e+02 8.1274597168e+02 8.1278302002e+02 8.1277197266e+02 8.1274798584e+02 8.1272100830e+02 8.1271398926e+02 8.1274401855e+02 8.1280902100e+02 8.1288897705e+02 8.1297802734e+02 8.1298199463e+02 8.1296502686e+02 8.1293200684e+02 8.1289202881e+02 8.1287799072e+02 8.1287597656e+02 8.1287200928e+02 8.1285998535e+02 8.1282800293e+02 8.1280102539e+02 8.1278302002e+02 8.1275500488e+02 8.1273999023e+02 8.1271899414e+02 8.1267797852e+02 8.1259002686e+02 8.1258801270e+02 8.1263897705e+02 8.1266101074e+02 8.1258898926e+02 8.1244000244e+02 8.1230297852e+02 8.1216601563e+02
8.1237701416e+02 8.1248699951e+02 8.1255999756e+02 8.1259600830e+02 8.1261602783e+02 8.1261901855e+02 8.1259002686e+02 8.1256201172e+02 8.1255798340e+02 8.1255902100e+02 8.1255700684e+02 8.1253698730e+02 8.1252301025e+02 8.1253997803e+02 8.1254199219e+02 8.1252001953e+02 8.1245898438e+02 8.1241101074e+02 8.1244396973e+02 8.1249298096e+02 8.1256500244e+02 8.1265399170e+02 8.1270397949e+02 8.1267498779e+02 8.1264001465e+02 8.1259002686e+02 8.1254101563e+02 8.1252001953e+02 8.1252398682e+02 8.1252600098e+02 8.1250799561e+02 8.1247998047e+02 8.1246801758e+02 8.1246502686e+02 8.1243298340e+02 8.1241802979e+02 8.1240301514e+02 8.1234399414e+02 8.1230200195e+02 8.1233599854e+02 8.1239398193e+02 8.1241400146e+02 8.1229901123e+02 8.1207000732e+02 8.1186700439e+02 8.1171899414e+02
8.1207501221e+02 8.1220202637e+02 8.1227899170e+02 8.1231097412e+02 8.1233502197e+02 8.1234100342e+02 8.1232702637e+02 8.1232501221e+02 8.1232702637e+02 8.1232202148e+02 8.1229699707e+02 8.1227001953e+02 8.1224499512e+02 8.1224200439e+02 8.1224499512e+02 8.1224798584e+02 8.1220300293e+02 8.1217999268e+02 8.1222497559e+02 8.1225201416e+02 8.1230297852e+02 8.1236901855e+02 8.1239898682e+02 8.1235699463e+02 8.1230200195e+02 8.1224298096e+02 8.1218298340e+02 8.1215997314e+02 8.1216198730e+02 8.1216400146e+02 8.1214599609e+02 8.1213000488e+02 8.1213397217e+02 8.1214398193e+02 8.1214099121e+02 8.1212701416e+02 8.1206799316e+02 8.1202899170e+02 8.1203100586e+02 8.1200500488e+02 8.1195898438e+02 8.1196997070e+02 8.1189099121e+02 8.1169799805e+02 8.1150299072e+02 8.1137500000e+02
8.1178399658e+02 8.1192199707e+02 8.1200097656e+02 8.1203100586e+02 8.1205902100e+02 8.1206896973e+02 8.1207501221e+02 8.1209997559e+02 8.1210302734e+02 8.1208801270e+02 8.1206701660e+02 8.1202301025e+02 8.1194598389e+02 8.1189898682e+02 8.1190100098e+02 8.1192401123e+02 8.1193298340e+02 8.1196099854e+02 8.1201202393e+02 8.1201098633e+02 8.1202600098e+02 8.1205401611e+02 8.1206896973e+02 8.1203100586e+02 8.1196997070e+02 8.1190301514e+02 8.1183898926e+02 8.1181201172e+02 8.1180999756e+02 8.1181097412e+02 8.1180798340e+02 8.1182702637e+02 8.1185400391e+02 8.1185699463e+02 8.1184002686e+02 8.1181500244e+02 8.1176800537e+02 8.1176599121e+02 8.1176702881e+02 8.1167498779e+02 8.1156701660e+02 8.1152301025e+02 8.1146301270e+02 8.1132598877e+02 8.1117199707e+02 8.1107897949e+02
8.1150000000e+02 8.1164599609e+02 8.1173101807e+02 8.1176202393e+02 8.1180200195e+02 8.1182598877e+02 8.1186102295e+02 8.1186602783e+02 8.1186297607e+02 8.1183300781e+02 8.1178497314e+02 8.1171899414e+02 8.1163500977e+02 8.1158001709e+02 8.1157397461e+02 8.1162701416e+02 8.1167297363e+02 8.1170098877e+02 8.1175299072e+02 8.1175701904e+02 8.1173498535e+02 8.1172802734e+02 8.1172399902e+02 8.1171099854e+02 8.1165301514e+02 8.1158599854e+02 8.1151898193e+02 8.1149102783e+02 8.1147698975e+02 8.1147302246e+02 8.1147601318e+02 8.1151702881e+02 8.1154901123e+02 8.1154998779e+02 8.1154400635e+02 8.1152899170e+02 8.1153002930e+02 8.1156402588e+02 8.1154602051e+02 8.1142498779e+02 8.1127502441e+02 8.1116601563e+02 8.1106597900e+02 8.1094598389e+02 8.1082702637e+02 8.1075701904e+02
8.1122698975e+02 8.1137200928e+02 8.1146600342e+02 8.1150799561e+02 8.1154699707e+02 8.1156597900e+02 8.1156597900e+02 8.1156097412e+02 8.1153399658e+02 8.1147900391e+02 8.1138397217e+02 8.1127801514e+02 8.1121997070e+02 8.1120098877e+02 8.1123699951e+02 8.1133599854e+02 8.1140600586e+02 8.1146801758e+02 8.1153198242e+02 8.1149499512e+02 8.1146099854e+02 8.1145397949e+02 8.1145501709e+02 8.1143200684e+02 8.1138800049e+02 8.1133300781e+02 8.1127099609e+02 8.1122198486e+02 8.1118798828e+02 8.1117199707e+02 8.1117199707e+02 8.1119702148e+02 8.1121398926e+02 8.1121997070e+02 8.1124102783e+02 8.1125097656e+02 8.1125201416e+02 8.1126599121e+02 8.1122998047e+02 8.1112902832e+02 8.1099401855e+02 8.1085998535e+02 8.1072802734e+02 8.1060302734e+02 8.1050598145e+02 8.1045800781e+02
8.1097998047e+02 8.1112097168e+02 8.1121502686e+02 8.1125402832e+02 8.1127899170e+02 8.1127899170e+02 8.1126202393e+02 8.1123797607e+02 8.1118701172e+02 8.1111102295e+02 8.1100000000e+02 8.1090100098e+02 8.1085101318e+02 8.1084197998e+02 8.1089300537e+02 8.1099401855e+02 8.1109197998e+02 8.1121099854e+02 8.1127398682e+02 8.1121099854e+02 8.1119299316e+02 8.1120501709e+02 8.1121099854e+02 8.1119500732e+02 8.1117199707e+02 8.1112402344e+02 8.1106298828e+02 8.1099798584e+02 8.1095098877e+02 8.1092602539e+02 8.1092297363e+02 8.1093200684e+02 8.1093499756e+02 8.1092901611e+02 8.1093701172e+02 8.1092901611e+02 8.1089099121e+02 8.1084997559e+02 8.1080603027e+02 8.1075201416e+02 8.1067797852e+02 8.1056701660e+02 8.1044201660e+02 8.1033197021e+02 8.1024700928e+02 8.1017199707e+02
8.1074499512e+02 8.1088098145e+02 8.1097100830e+02 8.1100299072e+02 8.1101202393e+02 8.1099102783e+02 8.1095202637e+02 8.1090997314e+02 8.1084002686e+02 8.1075000000e+02 8.1063598633e+02 8.1055401611e+02 8.1050799561e+02 8.1050598145e+02 8.1054699707e+02 8.1064501953e+02 8.1077899170e+02 8.1087402344e+02 8.1090600586e+02 8.1088201904e+02 8.1089398193e+02 8.1093103027e+02 8.1095300293e+02 8.1095501709e+02 8.1094897461e+02 8.1091998291e+02 8.1086798096e+02 8.1080297852e+02 8.1075598145e+02 8.1073400879e+02 8.1072601318e+02 8.1070898438e+02 8.1069097900e+02 8.1067602539e+02 8.1065802002e+02 8.1061499023e+02 8.1055603027e+02 8.1048797607e+02 8.1044201660e+02 8.1040502930e+02 8.1035101318e+02 8.1026202393e+02 8.1015399170e+02 8.1006500244e+02 8.0999200439e+02 8.0989801025e+02
8.1051898193e+02 8.1065002441e+02 8.1075402832e+02 8.1076501465e+02 8.1075097656e+02 8.1070501709e+02 8.1062500000e+02 8.1057299805e+02 8.1049298096e+02 8.1039697266e+02 8.1027301025e+02 8.1021002197e+02 8.1018798828e+02 8.1020599365e+02 8.1023901367e+02 8.1038500977e+02 8.1053198242e+02 8.1054901123e+02 8.1051098633e+02 8.1053100586e+02 8.1056500244e+02 8.1060900879e+02 8.1064001465e+02 8.1068402100e+02 8.1070001221e+02 8.1068701172e+02 8.1065100098e+02 8.1060101318e+02 8.1056896973e+02 8.1055603027e+02 8.1054400635e+02 8.1047497559e+02 8.1044299316e+02 8.1044000244e+02 8.1042498779e+02 8.1035699463e+02 8.1029699707e+02 8.1024200439e+02 8.1020300293e+02 8.1011297607e+02 8.1001599121e+02 8.0991198730e+02 8.0980297852e+02 8.0973602295e+02 8.0967797852e+02 8.0957897949e+02
8.1029302979e+02 8.1042199707e+02 8.1050701904e+02 8.1051800537e+02 8.1049298096e+02 8.1043902588e+02 8.1035101318e+02 8.1027502441e+02 8.1019396973e+02 8.1009497070e+02 8.0998901367e+02 8.0992401123e+02 8.0991400146e+02 8.0994000244e+02 8.0996301270e+02 8.1008398438e+02 8.1022698975e+02 8.1025097656e+02 8.1021197510e+02 8.1021899414e+02 8.1024298096e+02 8.1027301025e+02 8.1031500244e+02 8.1037097168e+02 8.1040502930e+02 8.1040399170e+02 8.1037799072e+02 8.1034899902e+02 8.1032598877e+02 8.1030700684e+02 8.1026898193e+02 8.1019500732e+02 8.1015698242e+02 8.1015197754e+02 8.1011999512e+02 8.1006896973e+02 8.1003497314e+02 8.1000500488e+02 8.0992602539e+02 8.0979797363e+02 8.0965399170e+02 8.0953302002e+02 8.0944299316e+02 8.0938702393e+02 8.0934002686e+02 8.0924298096e+02
8.1004602051e+02 8.1017297363e+02 8.1024499512e+02 8.1024499512e+02 8.1021997070e+02 8.1016998291e+02 8.1009497070e+02 8.1003002930e+02 8.0995098877e+02 8.0985101318e+02 8.0973199463e+02 8.0966101074e+02 8.0964801025e+02 8.0967102051e+02 8.0969097900e+02 8.0975701904e+02 8.0986602783e+02 8.0991302490e+02 8.0992901611e+02 8.0994201660e+02 8.0995501709e+02 8.0996997070e+02 8.0999401855e+02 8.1004302979e+02 8.1007299805e+02 8.1008197021e+02 8.1006298828e+02 8.1003900146e+02 8.1000500488e+02 8.0997998047e+02 8.0992602539e+02 8.0986297607e+02 8.0980603027e+02 8.0975097656e+02 8.0970098877e+02 8.0965502930e+02 8.0962902832e+02 8.0961499023e+02 8.0953002930e+02 8.0939501953e+02 8.0924700928e+02 8.0916198730e+02 8.0910101318e+02 8.0906500244e+02 8.0902502441e+02 8.0892102051e+02
8.0978100586e+02 8.0990399170e+02 8.0996600342e+02 8.0996301270e+02 8.0994396973e+02 8.0990301514e+02 8.0984698486e+02 8.0979901123e+02 8.0972998047e+02 8.0963299561e+02 8.0950598145e+02 8.0943402100e+02 8.0941601563e+02 8.0943103027e+02 8.0944897461e+02 8.0947900391e+02 8.0956201172e+02 8.0963000488e+02 8.0967700195e+02 8.0968200684e+02 8.0967901611e+02 8.0967602539e+02 8.0967700195e+02 8.0970397949e+02 8.0972698975e+02 8.0973400879e+02 8.0972198486e+02 8.0970300293e+02 8.0967199707e+02 8.0963598633e+02 8.0957897949e+02 8.0952697754e+02 8.0945501709e+02 8.0935797119e+02 8.0928100586e+02 8.0920898438e+02 8.0915197754e+02 8.0910400391e+02 8.0904400635e+02 8.0896697998e+02 8.0888800049e+02 8.0883099365e+02 8.0879901123e+02 8.0877001953e+02 8.0870800781e+02 8.0859698486e+02
