TESTSERVER/24/2.asc
NCOLS 100
NROWS 100
XLLCORNER 8.6997500000e+03
YLLCORNER 2.8985025000e+05
CELLSIZE 5.0000000000e-01
NODATA_VALUE -9.9990000000e+03
[rows 80 to 99 of 100, columns 0 to 45 of 100]
8.1477801514e+02 8.1488098145e+02 8.1496502686e+02 8.1503601074e+02 8.1511602783e+02 8.1518597412e+02 8.1526098633e+02 8.1533300781e+02 8.1540997314e+02 8.1547601318e+02 8.1554302979e+02 8.1560998535e+02 8.1570397949e+02 8.1574700928e+02 8.1576501465e+02 8.1574798584e+02 8.1571697998e+02 8.1569000244e+02 8.1570397949e+02 8.1572302246e+02 8.1570001221e+02 8.1565600586e+02 8.1561297607e+02 8.1559301758e+02 8.1558502197e+02 8.1559301758e+02 8.1557501221e+02 8.1554400635e+02 8.1551300049e+02 8.1545001221e+02 8.1538397217e+02 8.1532800293e+02 8.1530700684e+02 8.1531201172e+02 8.1532598877e+02 8.1534997559e+02 8.1536102295e+02 8.1539801025e+02 8.1540899658e+02 8.1539697266e+02 8.1535797119e+02 8.1523400879e+02 8.1507000732e+02 8.1495898438e+02 8.1496801758e+02 8.1505603027e+02
8.1466699219e+02 8.1477502441e+02 8.1483801270e+02 8.1488800049e+02 8.1493902588e+02 8.1500500488e+02 8.1506402588e+02 8.1511999512e+02 8.1516998291e+02 8.1521301270e+02 8.1526000977e+02 8.1531701660e+02 8.1539202881e+02 8.1545397949e+02 8.1548699951e+02 8.1549902344e+02 8.1547601318e+02 8.1541198730e+02 8.1537500000e+02 8.1536700439e+02 8.1538000488e+02 8.1537402344e+02 8.1535198975e+02 8.1532501221e+02 8.1530401611e+02 8.1528698730e+02 8.1525799561e+02 8.1522100830e+02 8.1517102051e+02 8.1509899902e+02 8.1503198242e+02 8.1498199463e+02 8.1495697021e+02 8.1496899414e+02 8.1499298096e+02 8.1502801514e+02 8.1506500244e+02 8.1511199951e+02 8.1513702393e+02 8.1512200928e+02 8.1506298828e+02 8.1490502930e+02 8.1473901367e+02 8.1463299561e+02 8.1464801025e+02 8.1477197266e+02
8.1454901123e+02 8.1462701416e+02 8.1466900635e+02 8.1469598389e+02 8.1473199463e+02 8.1478802490e+02 8.1482702637e+02 8.1486102295e+02 8.1489801025e+02 8.1492498779e+02 8.1495001221e+02 8.1498999023e+02 8.1504602051e+02 8.1509002686e+02 8.1513000488e+02 8.1515899658e+02 8.1518200684e+02 8.1515002441e+02 8.1511401367e+02 8.1509698486e+02 8.1510900879e+02 8.1510998535e+02 8.1509100342e+02 8.1505999756e+02 8.1502099609e+02 8.1498199463e+02 8.1493597412e+02 8.1488598633e+02 8.1482501221e+02 8.1474902344e+02 8.1468701172e+02 8.1464501953e+02 8.1462902832e+02 8.1464697266e+02 8.1468402100e+02 8.1473400879e+02 8.1478997803e+02 8.1485101318e+02 8.1487902832e+02 8.1485601807e+02 8.1477398682e+02 8.1459698486e+02 8.1441699219e+02 8.1430297852e+02 8.1431500244e+02 8.1447302246e+02
8.1438201904e+02 8.1441802979e+02 8.1444000244e+02 8.1445001221e+02 8.1447802734e+02 8.1452197266e+02 8.1453997803e+02 8.1455200195e+02 8.1457702637e+02 8.1459197998e+02 8.1460699463e+02 8.1464202881e+02 8.1469598389e+02 8.1474200439e+02 8.1479199219e+02 8.1482000732e+02 8.1485101318e+02 8.1487097168e+02 8.1488500977e+02 8.1489398193e+02 8.1488098145e+02 8.1485797119e+02 8.1483398438e+02 8.1479400635e+02 8.1473400879e+02 8.1467297363e+02 8.1461199951e+02 8.1455102539e+02 8.1448297119e+02 8.1441302490e+02 8.1435998535e+02 8.1433001709e+02 8.1432800293e+02 8.1435900879e+02 8.1440802002e+02 8.1446801758e+02 8.1453601074e+02 8.1460797119e+02 8.1463702393e+02 8.1460400391e+02 8.1449700928e+02 8.1430102539e+02 8.1410699463e+02 8.1397802734e+02 8.1397100830e+02 8.1414001465e+02
8.1414300537e+02 8.1413598633e+02 8.1413897705e+02 8.1414202881e+02 8.1416497803e+02 8.1420898438e+02 8.1421801758e+02 8.1421801758e+02 8.1420001221e+02 8.1422198486e+02 8.1425201416e+02 8.1429797363e+02 8.1435998535e+02 8.1440997314e+02 8.1446197510e+02 8.1448797607e+02 8.1450402832e+02 8.1455200195e+02 8.1461700439e+02 8.1467498779e+02 8.1469201660e+02 8.1462701416e+02 8.1458398438e+02 8.1452099609e+02 8.1443597412e+02 8.1435797119e+02 8.1428802490e+02 8.1422399902e+02 8.1417401123e+02 8.1409997559e+02 8.1405798340e+02 8.1404302979e+02 8.1406402588e+02 8.1410302734e+02 8.1416198730e+02 8.1422900391e+02 8.1431097412e+02 8.1438598633e+02 8.1441601563e+02 8.1437701416e+02 8.1425897217e+02 8.1404498291e+02 8.1385101318e+02 8.1369702148e+02 8.1361297607e+02 8.1376397705e+02
8.1385601807e+02 8.1383599854e+02 8.1383300781e+02 8.1383697510e+02 8.1386602783e+02 8.1390600586e+02 8.1391302490e+02 8.1389801025e+02 8.1385400391e+02 8.1386798096e+02 8.1391302490e+02 8.1395898438e+02 8.1401599121e+02 8.1409399414e+02 8.1415399170e+02 8.1417297363e+02 8.1417700195e+02 8.1421899414e+02 8.1427801514e+02 8.1434899902e+02 8.1437902832e+02 8.1435498047e+02 8.1431097412e+02 8.1424102783e+02 8.1413702393e+02 8.1404498291e+02 8.1397802734e+02 8.1391601563e+02 8.1385498047e+02 8.1378601074e+02 8.1375402832e+02 8.1375799561e+02 8.1380200195e+02 8.1385699463e+02 8.1392199707e+02 8.1399298096e+02 8.1407098389e+02 8.1415997314e+02 8.1418701172e+02 8.1413897705e+02 8.1399499512e+02 8.1379901123e+02 8.1361297607e+02 8.1344702148e+02 8.1332202148e+02 8.1342401123e+02
8.1350701904e+02 8.1350402832e+02 8.1351300049e+02 8.1353302002e+02 8.1357299805e+02 8.1360601807e+02 8.1359698486e+02 8.1355999756e+02 8.1350000000e+02 8.1350097656e+02 8.1355297852e+02 8.1360498047e+02 8.1364599609e+02 8.1372698975e+02 8.1379400635e+02 8.1382098389e+02 8.1382598877e+02 8.1385699463e+02 8.1390399170e+02 8.1396997070e+02 8.1402600098e+02 8.1402899170e+02 8.1399700928e+02 8.1393798828e+02 8.1384002686e+02 8.1375402832e+02 8.1369097900e+02 8.1362799072e+02 8.1355401611e+02 8.1348797607e+02 8.1346801758e+02 8.1348498535e+02 8.1355200195e+02 8.1361401367e+02 8.1367102051e+02 8.1373297119e+02 8.1381298828e+02 8.1390197754e+02 8.1391802979e+02 8.1385900879e+02 8.1370599365e+02 8.1351000977e+02 8.1332397461e+02 8.1316101074e+02 8.1303997803e+02 8.1312799072e+02
8.1310198975e+02 8.1313201904e+02 8.1316601563e+02 8.1321099854e+02 8.1326800537e+02 8.1328802490e+02 8.1326501465e+02 8.1320898438e+02 8.1313397217e+02 8.1312799072e+02 8.1319897461e+02 8.1326702881e+02 8.1329699707e+02 8.1334600830e+02 8.1339202881e+02 8.1342901611e+02 8.1345599365e+02 8.1349401855e+02 8.1353802490e+02 8.1359899902e+02 8.1366400146e+02 8.1368701172e+02 8.1366998291e+02 8.1362701416e+02 8.1354901123e+02 8.1347900391e+02 8.1341998291e+02 8.1335601807e+02 8.1327099609e+02 8.1320800781e+02 8.1319702148e+02 8.1322399902e+02 8.1330603027e+02 8.1336901855e+02 8.1341101074e+02 8.1345800781e+02 8.1353302002e+02 8.1360498047e+02 8.1360400391e+02 8.1353399658e+02 8.1337597656e+02 8.1318597412e+02 8.1300598145e+02 8.1285198975e+02 8.1275500488e+02 8.1284997559e+02
8.1269000244e+02 8.1274298096e+02 8.1280499268e+02 8.1286700439e+02 8.1289697266e+02 8.1293103027e+02 8.1290301514e+02 8.1284802246e+02 8.1277899170e+02 8.1280700684e+02 8.1289599609e+02 8.1297698975e+02 8.1301898193e+02 8.1299200439e+02 8.1299298096e+02 8.1303601074e+02 8.1310400391e+02 8.1316699219e+02 8.1323297119e+02 8.1328900146e+02 8.1335101318e+02 8.1334802246e+02 8.1333099365e+02 8.1329901123e+02 8.1325299072e+02 8.1321697998e+02 8.1316400146e+02 8.1309399414e+02 8.1300097656e+02 8.1294396973e+02 8.1294396973e+02 8.1298699951e+02 8.1309197998e+02 8.1312402344e+02 8.1314398193e+02 8.1317700195e+02 8.1323699951e+02 8.1326300049e+02 8.1323797607e+02 8.1315002441e+02 8.1297399902e+02 8.1278698730e+02 8.1261901855e+02 8.1250201416e+02 8.1249700928e+02 8.1258599854e+02
8.1234802246e+02 8.1239398193e+02 8.1244799805e+02 8.1248901367e+02 8.1251300049e+02 8.1252197266e+02 8.1250500488e+02 8.1248400879e+02 8.1248199463e+02 8.1252899170e+02 8.1257000732e+02 8.1260900879e+02 8.1259997559e+02 8.1260101318e+02 8.1264501953e+02 8.1271099854e+02 8.1279199219e+02 8.1290002441e+02 8.1299401855e+02 8.1304797363e+02 8.1306298828e+02 8.1304901123e+02 8.1302197266e+02 8.1299499512e+02 8.1297601318e+02 8.1295898438e+02 8.1291400146e+02 8.1284197998e+02 8.1273797607e+02 8.1267602539e+02 8.1268597412e+02 8.1274298096e+02 8.1284002686e+02 8.1288897705e+02 8.1287701416e+02 8.1286901855e+02 8.1287799072e+02 8.1287097168e+02 8.1282202148e+02 8.1271697998e+02 8.1255200195e+02 8.1235302734e+02 8.1219500732e+02 8.1210900879e+02 8.1213299561e+02 8.1225701904e+02
8.1205297852e+02 8.1208697510e+02 8.1212200928e+02 8.1214202881e+02 8.1215600586e+02 8.1215698242e+02 8.1214099121e+02 8.1213000488e+02 8.1214501953e+02 8.1216497803e+02 8.1218701172e+02 8.1222698975e+02 8.1224798584e+02 8.1230999756e+02 8.1237701416e+02 8.1243200684e+02 8.1247802734e+02 8.1258197021e+02 8.1266998291e+02 8.1271899414e+02 8.1272900391e+02 8.1271301270e+02 8.1269897461e+02 8.1269299316e+02 8.1269396973e+02 8.1267700195e+02 8.1263201904e+02 8.1256597900e+02 8.1247698975e+02 8.1241699219e+02 8.1241497803e+02 8.1245300293e+02 8.1253302002e+02 8.1258697510e+02 8.1257501221e+02 8.1254797363e+02 8.1252301025e+02 8.1249102783e+02 8.1242498779e+02 8.1231402588e+02 8.1215802002e+02 8.1197900391e+02 8.1183197021e+02 8.1175299072e+02 8.1178900146e+02 8.1193499756e+02
8.1177197266e+02 8.1180102539e+02 8.1181799316e+02 8.1182202148e+02 8.1183197021e+02 8.1183502197e+02 8.1181896973e+02 8.1180499268e+02 8.1179400635e+02 8.1179602051e+02 8.1183001709e+02 8.1188800049e+02 8.1193798828e+02 8.1198699951e+02 8.1204199219e+02 8.1209698486e+02 8.1213201904e+02 8.1220898438e+02 8.1227502441e+02 8.1231896973e+02 8.1234698486e+02 8.1234600830e+02 8.1235797119e+02 8.1238299561e+02 8.1240301514e+02 8.1236401367e+02 8.1231097412e+02 8.1225402832e+02 8.1219897461e+02 8.1214501953e+02 8.1211901855e+02 8.1212701416e+02 8.1217102051e+02 8.1222100830e+02 8.1222900391e+02 8.1221600342e+02 8.1219000244e+02 8.1214599609e+02 8.1207299805e+02 8.1196398926e+02 8.1182299805e+02 8.1166400146e+02 8.1152600098e+02 8.1145098877e+02 8.1147802734e+02 8.1163098145e+02
8.1147998047e+02 8.1152502441e+02 8.1152697754e+02 8.1151098633e+02 8.1151202393e+02 8.1151800537e+02 8.1149902344e+02 8.1148400879e+02 8.1148101807e+02 8.1151098633e+02 8.1154602051e+02 8.1158398438e+02 8.1159100342e+02 8.1158697510e+02 8.1163098145e+02 8.1171197510e+02 8.1177899170e+02 8.1182000732e+02 8.1186999512e+02 8.1192297363e+02 8.1196502686e+02 8.1198199463e+02 8.1203302002e+02 8.1208502197e+02 8.1208898926e+02 8.1200402832e+02 8.1194299316e+02 8.1191601563e+02 8.1191802979e+02 8.1187097168e+02 8.1181799316e+02 8.1178302002e+02 8.1179199219e+02 8.1183197021e+02 8.1185998535e+02 8.1187500000e+02 8.1187500000e+02 8.1184698486e+02 8.1178399658e+02 8.1169201660e+02 8.1158197021e+02 8.1141998291e+02 8.1129101563e+02 8.1120898438e+02 8.1121301270e+02 8.1134802246e+02
8.1110198975e+02 8.1117999268e+02 8.1118103027e+02 8.1113702393e+02 8.1111199951e+02 8.1111999512e+02 8.1114300537e+02 8.1117498779e+02 8.1120697021e+02 8.1124102783e+02 8.1124200439e+02 8.1123699951e+02 8.1124902344e+02 8.1125097656e+02 8.1128302002e+02 8.1134100342e+02 8.1140002441e+02 8.1146997070e+02 8.1151800537e+02 8.1157598877e+02 8.1164398193e+02 8.1165502930e+02 8.1170300293e+02 8.1175097656e+02 8.1176000977e+02 8.1167498779e+02 8.1163000488e+02 8.1161798096e+02 8.1160900879e+02 8.1158697510e+02 8.1153698730e+02 8.1148797607e+02 8.1147900391e+02 8.1150701904e+02 8.1153698730e+02 8.1155999756e+02 8.1157299805e+02 8.1156097412e+02 8.1151898193e+02 8.1144598389e+02 8.1134497070e+02 8.1120800781e+02 8.1107299805e+02 8.1098199463e+02 8.1097198486e+02 8.1108697510e+02
8.1068298340e+02 8.1074499512e+02 8.1075500488e+02 8.1074401855e+02 8.1076898193e+02 8.1081896973e+02 8.1086102295e+02 8.1089898682e+02 8.1092297363e+02 8.1091699219e+02 8.1090899658e+02 8.1090301514e+02 8.1090600586e+02 8.1089898682e+02 8.1092199707e+02 8.1097302246e+02 8.1104199219e+02 8.1113500977e+02 8.1118902588e+02 8.1124597168e+02 8.1133801270e+02 8.1136401367e+02 8.1142199707e+02 8.1148101807e+02 8.1148999023e+02 8.1141198730e+02 8.1134899902e+02 8.1129199219e+02 8.1124401855e+02 8.1121600342e+02 8.1119097900e+02 8.1117401123e+02 8.1117700195e+02 8.1120098877e+02 8.1122802734e+02 8.1125402832e+02 8.1127001953e+02 8.1126599121e+02 8.1123297119e+02 8.1116802979e+02 8.1108599854e+02 8.1096197510e+02 8.1083099365e+02 8.1074499512e+02 8.1073699951e+02 8.1084197998e+02
8.1027099609e+02 8.1030999756e+02 8.1032501221e+02 8.1037298584e+02 8.1048901367e+02 8.1057702637e+02 8.1060699463e+02 8.1062597656e+02 8.1063702393e+02 8.1057897949e+02 8.1055297852e+02 8.1055499268e+02 8.1056500244e+02 8.1055297852e+02 8.1057702637e+02 8.1063500977e+02 8.1070800781e+02 8.1080297852e+02 8.1086798096e+02 8.1093103027e+02 8.1103698730e+02 8.1108398438e+02 8.1114898682e+02 8.1119598389e+02 8.1116802979e+02 8.1109301758e+02 8.1103002930e+02 8.1095300293e+02 8.1088598633e+02 8.1085198975e+02 8.1084399414e+02 8.1086199951e+02 8.1088598633e+02 8.1090502930e+02 8.1092401123e+02 8.1094396973e+02 8.1095898438e+02 8.1095697021e+02 8.1092797852e+02 8.1086798096e+02 8.1078900146e+02 8.1067102051e+02 8.1055297852e+02 8.1048297119e+02 8.1049597168e+02 8.1060900879e+02
8.0989801025e+02 8.0991802979e+02 8.0994097900e+02 8.1003900146e+02 8.1019897461e+02 8.1027099609e+02 8.1027600098e+02 8.1026898193e+02 8.1027697754e+02 8.1024902344e+02 8.1021099854e+02 8.1019799805e+02 8.1021002197e+02 8.1021697998e+02 8.1023400879e+02 8.1029498291e+02 8.1039300537e+02 8.1052398682e+02 8.1061297607e+02 8.1066400146e+02 8.1070300293e+02 8.1076898193e+02 8.1080603027e+02 8.1080603027e+02 8.1074401855e+02 8.1070898438e+02 8.1068298340e+02 8.1063500977e+02 8.1057299805e+02 8.1055102539e+02 8.1056402588e+02 8.1059899902e+02 8.1061901855e+02 8.1060900879e+02 8.1060998535e+02 8.1061297607e+02 8.1061499023e+02 8.1061602783e+02 8.1057702637e+02 8.1051702881e+02 8.1040301514e+02 8.1031201172e+02 8.1023297119e+02 8.1020697021e+02 8.1026501465e+02 8.1038098145e+02
8.0950598145e+02 8.0952502441e+02 8.0957397461e+02 8.0966601563e+02 8.0976599121e+02 8.0986199951e+02 8.0990997314e+02 8.0992297363e+02 8.0993103027e+02 8.0992700195e+02 8.0990698242e+02 8.0987902832e+02 8.0987500000e+02 8.0987597656e+02 8.0990002441e+02 8.0999597168e+02 8.1015197754e+02 8.1028802490e+02 8.1038397217e+02 8.1043701172e+02 8.1046502686e+02 8.1048400879e+02 8.1047399902e+02 8.1043597412e+02 8.1039398193e+02 8.1039099121e+02 8.1037298584e+02 8.1032800293e+02 8.1026202393e+02 8.1026599121e+02 8.1029998779e+02 8.1034002686e+02 8.1032501221e+02 8.1029498291e+02 8.1028497314e+02 8.1027398682e+02 8.1027099609e+02 8.1025201416e+02 8.1020501709e+02 8.1014697266e+02 8.1005999756e+02 8.0995898438e+02 8.0991802979e+02 8.0992797852e+02 8.1000500488e+02 8.1014801025e+02
8.0914599609e+02 8.0916802979e+02 8.0923400879e+02 8.0930700684e+02 8.0934899902e+02 8.0944396973e+02 8.0951098633e+02 8.0954602051e+02 8.0957501221e+02 8.0958502197e+02 8.0957202148e+02 8.0956799316e+02 8.0958697510e+02 8.0962097168e+02 8.0967199707e+02 8.0977801514e+02 8.0992498779e+02 8.1004101563e+02 8.1013800049e+02 8.1020697021e+02 8.1020697021e+02 8.1017102051e+02 8.1013299561e+02 8.1008300781e+02 8.1004901123e+02 8.1006799316e+02 8.1007000732e+02 8.1003900146e+02 8.0996899414e+02 8.0994598389e+02 8.0996502686e+02 8.0999700928e+02 8.0999499512e+02 8.0997302246e+02 8.0995800781e+02 8.0993902588e+02 8.0992297363e+02 8.0989599609e+02 8.0985101318e+02 8.0979797363e+02 8.0971502686e+02 8.0963098145e+02 8.0961199951e+02 8.0964300537e+02 8.0974298096e+02 8.0989801025e+02
8.0883099365e+02 8.0886297607e+02 8.0891900635e+02 8.0897497559e+02 8.0900701904e+02 8.0908197021e+02 8.0912701416e+02 8.0916101074e+02 8.0920898438e+02 8.0922601318e+02 8.0923400879e+02 8.0928601074e+02 8.0935797119e+02 8.0941198730e+02 8.0945599365e+02 8.0953497314e+02 8.0964599609e+02 8.0973797607e+02 8.0980902100e+02 8.0985498047e+02 8.0983599854e+02 8.0979302979e+02 8.0975500488e+02 8.0971899414e+02 8.0970599365e+02 8.0973797607e+02 8.0975299072e+02 8.0973797607e+02 8.0967199707e+02 8.0960699463e+02 8.0959899902e+02 8.0961999512e+02 8.0964697266e+02 8.0964202881e+02 8.0962298584e+02 8.0959899902e+02 8.0957202148e+02 8.0953900146e+02 8.0949499512e+02 8.0944702148e+02 8.0936798096e+02 8.0930401611e+02 8.0930700684e+02 8.0935900879e+02 8.0947497559e+02 8.0963397217e+02
