TESTSERVER/24/3.asc
NCOLS 100
NROWS 100
XLLCORNER 8.6997500000e+03
YLLCORNER 2.8980025000e+05
CELLSIZE 5.0000000000e-01
NODATA_VALUE -9.9990000000e+03
[rows 0 to 19 of 100, columns 46 to 91 of 100]
8.0950897217e+02 8.0962298584e+02 8.0969702148e+02 8.0968798828e+02 8.0966900635e+02 8.0963000488e+02 8.0958197021e+02 8.0956097412e+02 8.0950500488e+02 8.0941601563e+02 8.0930902100e+02 8.0925299072e+02 8.0922998047e+02 8.0922900391e+02 8.0923297119e+02 8.0928002930e+02 8.0935101318e+02 8.0941302490e+02 8.0943499756e+02 8.0940600586e+02 8.0938299561e+02 8.0936499023e+02 8.0935198975e+02 8.0935998535e+02 8.0937200928e+02 8.0938000488e+02 8.0937298584e+02 8.0935797119e+02 8.0933398438e+02 8.0930102539e+02 8.0926898193e+02 8.0921801758e+02 8.0914398193e+02 8.0904400635e+02 8.0895501709e+02 8.0884100342e+02 8.0874700928e+02 8.0868103027e+02 8.0864398193e+02 8.0861999512e+02 8.0859100342e+02 8.0854901123e+02 8.0850799561e+02 8.0846398926e+02 8.0838702393e+02 8.0828002930e+02
8.0921600342e+02 8.0930700684e+02 8.0938397217e+02 8.0942199707e+02 8.0940197754e+02 8.0935699463e+02 8.0931201172e+02 8.0929199219e+02 8.0925402832e+02 8.0918402100e+02 8.0911401367e+02 8.0908001709e+02 8.0906097412e+02 8.0906097412e+02 8.0908300781e+02 8.0912799072e+02 8.0916802979e+02 8.0919097900e+02 8.0916601563e+02 8.0910998535e+02 8.0907299805e+02 8.0904602051e+02 8.0903100586e+02 8.0902801514e+02 8.0903302002e+02 8.0904101563e+02 8.0903997803e+02 8.0902899170e+02 8.0901300049e+02 8.0898901367e+02 8.0895800781e+02 8.0890698242e+02 8.0882501221e+02 8.0872998047e+02 8.0863500977e+02 8.0852301025e+02 8.0844201660e+02 8.0840997314e+02 8.0839898682e+02 8.0840502930e+02 8.0838000488e+02 8.0829498291e+02 8.0820202637e+02 8.0811700439e+02 8.0803698730e+02 8.0796002197e+02
8.0889501953e+02 8.0896899414e+02 8.0903698730e+02 8.0908898926e+02 8.0908898926e+02 8.0906402588e+02 8.0902502441e+02 8.0900701904e+02 8.0897900391e+02 8.0892901611e+02 8.0888800049e+02 8.0888201904e+02 8.0889202881e+02 8.0891198730e+02 8.0894000244e+02 8.0896301270e+02 8.0896697998e+02 8.0894897461e+02 8.0889599609e+02 8.0883398438e+02 8.0878399658e+02 8.0874700928e+02 8.0872302246e+02 8.0871301270e+02 8.0871301270e+02 8.0871600342e+02 8.0871697998e+02 8.0871197510e+02 8.0870098877e+02 8.0868298340e+02 8.0865698242e+02 8.0860601807e+02 8.0851800537e+02 8.0841497803e+02 8.0833300781e+02 8.0825500488e+02 8.0819897461e+02 8.0817901611e+02 8.0818499756e+02 8.0821502686e+02 8.0818103027e+02 8.0802301025e+02 8.0785302734e+02 8.0772399902e+02 8.0762902832e+02 8.0759301758e+02
8.0857501221e+02 8.0863500977e+02 8.0867498779e+02 8.0871801758e+02 8.0874102783e+02 8.0874401855e+02 8.0872998047e+02 8.0872601318e+02 8.0870501709e+02 8.0866400146e+02 8.0864099121e+02 8.0866302490e+02 8.0869897461e+02 8.0873101807e+02 8.0875402832e+02 8.0875500488e+02 8.0873400879e+02 8.0869299316e+02 8.0863098145e+02 8.0856799316e+02 8.0851000977e+02 8.0846600342e+02 8.0843402100e+02 8.0841601563e+02 8.0840899658e+02 8.0840600586e+02 8.0840698242e+02 8.0840502930e+02 8.0839697266e+02 8.0837902832e+02 8.0835400391e+02 8.0830102539e+02 8.0821398926e+02 8.0810998535e+02 8.0803601074e+02 8.0799298096e+02 8.0794201660e+02 8.0788201904e+02 8.0787298584e+02 8.0790899658e+02 8.0786102295e+02 8.0769702148e+02 8.0749499512e+02 8.0734100342e+02 8.0725299072e+02 8.0721997070e+02
8.0827801514e+02 8.0832397461e+02 8.0833502197e+02 8.0835302734e+02 8.0838800049e+02 8.0841601563e+02 8.0844000244e+02 8.0845300293e+02 8.0843701172e+02 8.0839398193e+02 8.0837597656e+02 8.0841699219e+02 8.0844799805e+02 8.0846502686e+02 8.0847698975e+02 8.0850299072e+02 8.0848101807e+02 8.0843298340e+02 8.0836798096e+02 8.0830499268e+02 8.0824298096e+02 8.0819500732e+02 8.0816998291e+02 8.0813598633e+02 8.0811798096e+02 8.0810699463e+02 8.0811102295e+02 8.0810797119e+02 8.0809802246e+02 8.0807702637e+02 8.0804400635e+02 8.0798602295e+02 8.0789898682e+02 8.0780297852e+02 8.0775097656e+02 8.0772100830e+02 8.0765100098e+02 8.0754498291e+02 8.0752197266e+02 8.0753302002e+02 8.0746899414e+02 8.0732598877e+02 8.0716302490e+02 8.0702697754e+02 8.0693402100e+02 8.0690997314e+02
8.0799700928e+02 8.0803698730e+02 8.0805200195e+02 8.0807501221e+02 8.0810699463e+02 8.0814801025e+02 8.0821899414e+02 8.0828100586e+02 8.0823999023e+02 8.0816198730e+02 8.0811602783e+02 8.0814398193e+02 8.0816998291e+02 8.0818298340e+02 8.0819500732e+02 8.0822302246e+02 8.0822698975e+02 8.0819299316e+02 8.0810699463e+02 8.0803900146e+02 8.0797302246e+02 8.0791699219e+02 8.0787902832e+02 8.0784899902e+02 8.0782397461e+02 8.0780999756e+02 8.0780999756e+02 8.0780999756e+02 8.0779901123e+02 8.0777197266e+02 8.0773199463e+02 8.0766802979e+02 8.0758300781e+02 8.0750000000e+02 8.0745300293e+02 8.0741497803e+02 8.0732397461e+02 8.0722497559e+02 8.0718103027e+02 8.0713598633e+02 8.0703997803e+02 8.0691699219e+02 8.0681402588e+02 8.0674200439e+02 8.0666497803e+02 8.0662097168e+02
8.0768902588e+02 8.0772399902e+02 8.0774700928e+02 8.0777899170e+02 8.0781298828e+02 8.0784802246e+02 8.0790997314e+02 8.0798699951e+02 8.0795300293e+02 8.0788800049e+02 8.0785601807e+02 8.0788800049e+02 8.0792401123e+02 8.0794500732e+02 8.0794500732e+02 8.0795098877e+02 8.0795001221e+02 8.0790997314e+02 8.0781402588e+02 8.0775000000e+02 8.0768200684e+02 8.0761901855e+02 8.0757299805e+02 8.0753900146e+02 8.0751599121e+02 8.0750500488e+02 8.0750701904e+02 8.0750500488e+02 8.0749102783e+02 8.0746398926e+02 8.0742102051e+02 8.0735498047e+02 8.0727099609e+02 8.0718701172e+02 8.0712097168e+02 8.0704199219e+02 8.0693103027e+02 8.0685601807e+02 8.0680902100e+02 8.0672497559e+02 8.0661199951e+02 8.0652301025e+02 8.0646301270e+02 8.0642401123e+02 8.0636401367e+02 8.0630700684e+02
8.0736499023e+02 8.0739501953e+02 8.0742700195e+02 8.0745599365e+02 8.0747198486e+02 8.0747399902e+02 8.0747601318e+02 8.0752197266e+02 8.0753698730e+02 8.0753601074e+02 8.0755401611e+02 8.0760498047e+02 8.0764898682e+02 8.0767199707e+02 8.0766601563e+02 8.0764697266e+02 8.0762298584e+02 8.0757202148e+02 8.0750097656e+02 8.0744500732e+02 8.0737298584e+02 8.0730700684e+02 8.0725402832e+02 8.0722100830e+02 8.0720098877e+02 8.0719396973e+02 8.0719702148e+02 8.0719299316e+02 8.0717901611e+02 8.0715002441e+02 8.0710797119e+02 8.0703900146e+02 8.0695300293e+02 8.0686199951e+02 8.0677197266e+02 8.0666302490e+02 8.0655102539e+02 8.0648199463e+02 8.0644396973e+02 8.0636798096e+02 8.0627899170e+02 8.0621002197e+02 8.0615997314e+02 8.0610797119e+02 8.0602899170e+02 8.0593798828e+02
8.0705102539e+02 8.0707397461e+02 8.0709002686e+02 8.0709899902e+02 8.0707702637e+02 8.0704797363e+02 8.0702197266e+02 8.0707202148e+02 8.0714202881e+02 8.0718798828e+02 8.0720397949e+02 8.0727398682e+02 8.0731701660e+02 8.0733001709e+02 8.0732299805e+02 8.0730102539e+02 8.0727099609e+02 8.0723297119e+02 8.0721197510e+02 8.0714398193e+02 8.0705902100e+02 8.0697900391e+02 8.0692498779e+02 8.0690802002e+02 8.0688897705e+02 8.0688000488e+02 8.0687902832e+02 8.0687597656e+02 8.0685998535e+02 8.0683197021e+02 8.0679101563e+02 8.0671502686e+02 8.0662902832e+02 8.0653100586e+02 8.0642797852e+02 8.0633099365e+02 8.0623797607e+02 8.0617999268e+02 8.0616400146e+02 8.0610699463e+02 8.0602697754e+02 8.0596600342e+02 8.0592401123e+02 8.0584899902e+02 8.0571997070e+02 8.0559497070e+02
8.0672900391e+02 8.0671997070e+02 8.0670697021e+02 8.0669897461e+02 8.0667297363e+02 8.0665502930e+02 8.0665197754e+02 8.0670501709e+02 8.0679302979e+02 8.0685400391e+02 8.0689599609e+02 8.0694897461e+02 8.0697998047e+02 8.0698797607e+02 8.0698297119e+02 8.0698901367e+02 8.0698297119e+02 8.0695001221e+02 8.0691601563e+02 8.0686401367e+02 8.0677600098e+02 8.0668701172e+02 8.0663000488e+02 8.0660699463e+02 8.0658197021e+02 8.0656402588e+02 8.0655401611e+02 8.0654797363e+02 8.0652697754e+02 8.0649401855e+02 8.0644702148e+02 8.0637902832e+02 8.0629901123e+02 8.0621002197e+02 8.0611199951e+02 8.0603900146e+02 8.0597198486e+02 8.0590899658e+02 8.0587597656e+02 8.0583801270e+02 8.0576599121e+02 8.0572100830e+02 8.0568298340e+02 8.0559600830e+02 8.0544799805e+02 8.0532800293e+02
8.0638598633e+02 8.0634997559e+02 8.0630798340e+02 8.0628601074e+02 8.0626702881e+02 8.0626599121e+02 8.0628497314e+02 8.0636602783e+02 8.0646600342e+02 8.0652697754e+02 8.0657501221e+02 8.0661700439e+02 8.0664898682e+02 8.0667102051e+02 8.0666497803e+02 8.0667498779e+02 8.0666998291e+02 8.0663299561e+02 8.0658801270e+02 8.0653997803e+02 8.0646301270e+02 8.0638098145e+02 8.0632299805e+02 8.0629199219e+02 8.0625897217e+02 8.0623498535e+02 8.0621801758e+02 8.0620397949e+02 8.0617700195e+02 8.0614599609e+02 8.0609497070e+02 8.0603002930e+02 8.0595001221e+02 8.0587097168e+02 8.0577502441e+02 8.0569598389e+02 8.0564202881e+02 8.0557702637e+02 8.0551098633e+02 8.0547100830e+02 8.0541400146e+02 8.0538702393e+02 8.0534698486e+02 8.0525598145e+02 8.0512597656e+02 8.0503900146e+02
8.0603100586e+02 8.0597100830e+02 8.0590600586e+02 8.0587402344e+02 8.0586199951e+02 8.0587902832e+02 8.0594000244e+02 8.0606799316e+02 8.0616302490e+02 8.0619799805e+02 8.0621801758e+02 8.0626000977e+02 8.0631701660e+02 8.0635900879e+02 8.0633898926e+02 8.0632800293e+02 8.0631701660e+02 8.0628997803e+02 8.0624298096e+02 8.0619598389e+02 8.0612902832e+02 8.0605798340e+02 8.0600598145e+02 8.0597302246e+02 8.0593597412e+02 8.0590301514e+02 8.0588000488e+02 8.0585900879e+02 8.0582897949e+02 8.0579199219e+02 8.0573901367e+02 8.0567700195e+02 8.0560198975e+02 8.0552301025e+02 8.0543103027e+02 8.0533898926e+02 8.0528302002e+02 8.0521502686e+02 8.0514099121e+02 8.0510400391e+02 8.0505999756e+02 8.0501397705e+02 8.0495098877e+02 8.0485498047e+02 8.0474902344e+02 8.0468103027e+02
8.0565197754e+02 8.0557702637e+02 8.0549401855e+02 8.0546301270e+02 8.0546398926e+02 8.0550299072e+02 8.0559100342e+02 8.0574700928e+02 8.0583398438e+02 8.0586199951e+02 8.0588000488e+02 8.0591802979e+02 8.0597998047e+02 8.0601397705e+02 8.0595800781e+02 8.0593402100e+02 8.0593298340e+02 8.0593798828e+02 8.0590899658e+02 8.0585699463e+02 8.0580297852e+02 8.0574298096e+02 8.0570202637e+02 8.0565197754e+02 8.0561199951e+02 8.0557397461e+02 8.0553997803e+02 8.0550701904e+02 8.0547198486e+02 8.0543701172e+02 8.0540399170e+02 8.0532598877e+02 8.0524102783e+02 8.0515600586e+02 8.0508099365e+02 8.0499200439e+02 8.0492401123e+02 8.0486499023e+02 8.0482897949e+02 8.0479699707e+02 8.0474499512e+02 8.0467901611e+02 8.0459698486e+02 8.0449298096e+02 8.0440502930e+02 8.0434100342e+02
8.0528100586e+02 8.0520001221e+02 8.0512097168e+02 8.0507397461e+02 8.0509399414e+02 8.0514801025e+02 8.0522802734e+02 8.0536602783e+02 8.0548400879e+02 8.0555999756e+02 8.0560498047e+02 8.0560198975e+02 8.0560797119e+02 8.0561401367e+02 8.0558898926e+02 8.0558398438e+02 8.0559497070e+02 8.0560601807e+02 8.0559600830e+02 8.0555798340e+02 8.0550097656e+02 8.0543499756e+02 8.0537799072e+02 8.0533398438e+02 8.0529101563e+02 8.0525000000e+02 8.0520202637e+02 8.0515399170e+02 8.0511499023e+02 8.0508300781e+02 8.0504901123e+02 8.0497698975e+02 8.0487298584e+02 8.0477398682e+02 8.0470501709e+02 8.0463397217e+02 8.0457098389e+02 8.0451702881e+02 8.0451300049e+02 8.0448901367e+02 8.0443902588e+02 8.0436798096e+02 8.0427697754e+02 8.0418499756e+02 8.0411297607e+02 8.0404998779e+02
8.0494799805e+02 8.0486499023e+02 8.0478900146e+02 8.0475897217e+02 8.0478900146e+02 8.0484497070e+02 8.0490100098e+02 8.0499798584e+02 8.0511798096e+02 8.0521301270e+02 8.0528601074e+02 8.0528997803e+02 8.0528601074e+02 8.0528002930e+02 8.0525299072e+02 8.0525799561e+02 8.0528198242e+02 8.0529699707e+02 8.0527899170e+02 8.0523400879e+02 8.0516998291e+02 8.0509899902e+02 8.0504199219e+02 8.0500201416e+02 8.0496099854e+02 8.0491198730e+02 8.0485601807e+02 8.0479998779e+02 8.0475500488e+02 8.0471801758e+02 8.0468200684e+02 8.0460998535e+02 8.0450598145e+02 8.0440399170e+02 8.0434802246e+02 8.0430798340e+02 8.0426800537e+02 8.0423797607e+02 8.0423199463e+02 8.0419897461e+02 8.0414898682e+02 8.0406402588e+02 8.0396398926e+02 8.0387597656e+02 8.0382702637e+02 8.0376501465e+02
8.0463397217e+02 8.0455999756e+02 8.0450500488e+02 8.0449798584e+02 8.0453302002e+02 8.0458300781e+02 8.0462799072e+02 8.0468902588e+02 8.0477697754e+02 8.0485400391e+02 8.0492102051e+02 8.0492700195e+02 8.0491601563e+02 8.0490997314e+02 8.0490301514e+02 8.0492901611e+02 8.0496301270e+02 8.0497497559e+02 8.0494299316e+02 8.0489001465e+02 8.0482299805e+02 8.0475097656e+02 8.0469500732e+02 8.0465600586e+02 8.0461102295e+02 8.0455902100e+02 8.0449597168e+02 8.0443402100e+02 8.0438500977e+02 8.0434600830e+02 8.0431097412e+02 8.0424700928e+02 8.0415997314e+02 8.0408001709e+02 8.0404101563e+02 8.0401599121e+02 8.0397698975e+02 8.0395800781e+02 8.0394299316e+02 8.0389398193e+02 8.0382202148e+02 8.0374401855e+02 8.0364599609e+02 8.0354101563e+02 8.0347900391e+02 8.0340600586e+02
8.0432897949e+02 8.0426397705e+02 8.0426599121e+02 8.0430102539e+02 8.0433599854e+02 8.0436499023e+02 8.0438598633e+02 8.0441900635e+02 8.0447198486e+02 8.0452197266e+02 8.0454602051e+02 8.0455102539e+02 8.0453802490e+02 8.0453698730e+02 8.0456597900e+02 8.0459399414e+02 8.0461602783e+02 8.0461199951e+02 8.0455401611e+02 8.0451397705e+02 8.0445501709e+02 8.0439398193e+02 8.0433599854e+02 8.0429101563e+02 8.0424200439e+02 8.0418402100e+02 8.0411798096e+02 8.0405102539e+02 8.0400000000e+02 8.0396099854e+02 8.0392199707e+02 8.0388299561e+02 8.0382702637e+02 8.0378002930e+02 8.0376202393e+02 8.0373498535e+02 8.0367797852e+02 8.0363702393e+02 8.0359802246e+02 8.0353497314e+02 8.0345501709e+02 8.0340100098e+02 8.0332501221e+02 8.0319799805e+02 8.0309698486e+02 8.0301202393e+02
8.0403802490e+02 8.0399499512e+02 8.0403698730e+02 8.0410198975e+02 8.0413500977e+02 8.0414300537e+02 8.0411901855e+02 8.0411700439e+02 8.0415600586e+02 8.0420202637e+02 8.0422399902e+02 8.0422698975e+02 8.0423699951e+02 8.0425500488e+02 8.0427600098e+02 8.0427600098e+02 8.0426898193e+02 8.0424700928e+02 8.0419500732e+02 8.0414001465e+02 8.0409399414e+02 8.0404199219e+02 8.0398602295e+02 8.0391699219e+02 8.0384497070e+02 8.0377301025e+02 8.0370300293e+02 8.0364099121e+02 8.0359997559e+02 8.0357501221e+02 8.0355499268e+02 8.0352600098e+02 8.0349200439e+02 8.0346801758e+02 8.0345501709e+02 8.0342700195e+02 8.0336999512e+02 8.0333099365e+02 8.0329797363e+02 8.0322802734e+02 8.0313800049e+02 8.0308099365e+02 8.0300402832e+02 8.0287701416e+02 8.0276202393e+02 8.0267700195e+02
8.0375701904e+02 8.0373498535e+02 8.0377398682e+02 8.0382897949e+02 8.0385699463e+02 8.0385699463e+02 8.0383001709e+02 8.0383197021e+02 8.0387500000e+02 8.0391998291e+02 8.0394396973e+02 8.0396600342e+02 8.0397900391e+02 8.0399102783e+02 8.0397698975e+02 8.0394500732e+02 8.0392700195e+02 8.0390100098e+02 8.0385900879e+02 8.0382299805e+02 8.0378100586e+02 8.0372100830e+02 8.0364898682e+02 8.0355499268e+02 8.0345397949e+02 8.0336798096e+02 8.0329400635e+02 8.0324401855e+02 8.0321600342e+02 8.0320300293e+02 8.0319201660e+02 8.0317498779e+02 8.0315802002e+02 8.0313598633e+02 8.0311798096e+02 8.0309399414e+02 8.0305798340e+02 8.0303997803e+02 8.0302899170e+02 8.0297198486e+02 8.0287799072e+02 8.0278601074e+02 8.0269396973e+02 8.0258502197e+02 8.0248999023e+02 8.0239300537e+02
8.0347198486e+02 8.0345397949e+02 8.0347198486e+02 8.0350897217e+02 8.0353002930e+02 8.0353002930e+02 8.0351599121e+02 8.0354998779e+02 8.0361602783e+02 8.0366900635e+02 8.0368103027e+02 8.0368902588e+02 8.0367199707e+02 8.0366302490e+02 8.0363598633e+02 8.0360101318e+02 8.0358300781e+02 8.0356402588e+02 8.0354797363e+02 8.0353698730e+02 8.0349597168e+02 8.0342401123e+02 8.0332501221e+02 8.0320800781e+02 8.0309301758e+02 8.0299200439e+02 8.0291601563e+02 8.0287597656e+02 8.0285797119e+02 8.0284899902e+02 8.0284197998e+02 8.0283599854e+02 8.0283001709e+02 8.0281201172e+02 8.0277801514e+02 8.0274597168e+02 8.0273400879e+02 8.0273999023e+02 8.0273400879e+02 8.0267498779e+02 8.0255700684e+02 8.0245001221e+02 8.0236297607e+02 8.0228100586e+02 8.0219201660e+02 8.0208697510e+02
