TESTSERVER/24/3.asc
NCOLS 100
NROWS 100
XLLCORNER 8.6997500000e+03
YLLCORNER 2.8980025000e+05
CELLSIZE 5.0000000000e-01
NODATA_VALUE -9.9990000000e+03
[rows 40 to 59 of 100, columns 46 to 91 of 100]
7.9719500732e+02 7.9724401855e+02 7.9737902832e+02 7.9753002930e+02 7.9765997314e+02 7.9772601318e+02 7.9770800781e+02 7.9777502441e+02 7.9784002686e+02 7.9778497314e+02 7.9771002197e+02 7.9771099854e+02 7.9772198486e+02 7.9774200439e+02 7.9775500488e+02 7.9775201416e+02 7.9776898193e+02 7.9778698730e+02 7.9779400635e+02 7.9779699707e+02 7.9780700684e+02 7.9781799316e+02 7.9785198975e+02 7.9781799316e+02 7.9771697998e+02 7.9759301758e+02 7.9749902344e+02 7.9743701172e+02 7.9736602783e+02 7.9725402832e+02 7.9713500977e+02 7.9699798584e+02 7.9688098145e+02 7.9683197021e+02 7.9677398682e+02 7.9665802002e+02 7.9653900146e+02 7.9645898438e+02 7.9639501953e+02 7.9627697754e+02 7.9617401123e+02 7.9606896973e+02 7.9595001221e+02 7.9583801270e+02 7.9573797607e+02 7.9563000488e+02
7.9703302002e+02 7.9711401367e+02 7.9725097656e+02 7.9738201904e+02 7.9746899414e+02 7.9748901367e+02 7.9748400879e+02 7.9750299072e+02 7.9755102539e+02 7.9754602051e+02 7.9749102783e+02 7.9748101807e+02 7.9748999023e+02 7.9748101807e+02 7.9746801758e+02 7.9747497559e+02 7.9749597168e+02 7.9751898193e+02 7.9752697754e+02 7.9752697754e+02 7.9751800537e+02 7.9751202393e+02 7.9750701904e+02 7.9747198486e+02 7.9738897705e+02 7.9729699707e+02 7.9722601318e+02 7.9714501953e+02 7.9704498291e+02 7.9691699219e+02 7.9681097412e+02 7.9672998047e+02 7.9664697266e+02 7.9661297607e+02 7.9651000977e+02 7.9632897949e+02 7.9618701172e+02 7.9611700439e+02 7.9606799316e+02 7.9598901367e+02 7.9591302490e+02 7.9581896973e+02 7.9569201660e+02 7.9555798340e+02 7.9543798828e+02 7.9531799316e+02
7.9689697266e+02 7.9696600342e+02 7.9707598877e+02 7.9719299316e+02 7.9727899170e+02 7.9729901123e+02 7.9729199219e+02 7.9727600098e+02 7.9728601074e+02 7.9729101563e+02 7.9724597168e+02 7.9721899414e+02 7.9722998047e+02 7.9722998047e+02 7.9720501709e+02 7.9721398926e+02 7.9723199463e+02 7.9724700928e+02 7.9723999023e+02 7.9722497559e+02 7.9720501709e+02 7.9718103027e+02 7.9714599609e+02 7.9710699463e+02 7.9705401611e+02 7.9699401855e+02 7.9691601563e+02 7.9678698730e+02 7.9669299316e+02 7.9661199951e+02 7.9655999756e+02 7.9649102783e+02 7.9639501953e+02 7.9632598877e+02 7.9618701172e+02 7.9602801514e+02 7.9593701172e+02 7.9583898926e+02 7.9574102783e+02 7.9566998291e+02 7.9560400391e+02 7.9551599121e+02 7.9539300537e+02 7.9526501465e+02 7.9515002441e+02 7.9503302002e+02
7.9674401855e+02 7.9678497314e+02 7.9685699463e+02 7.9694500732e+02 7.9702398682e+02 7.9705798340e+02 7.9706298828e+02 7.9703900146e+02 7.9701702881e+02 7.9700799561e+02 7.9698602295e+02 7.9695898438e+02 7.9694897461e+02 7.9695697021e+02 7.9693200684e+02 7.9692199707e+02 7.9693402100e+02 7.9694299316e+02 7.9692901611e+02 7.9690600586e+02 7.9688500977e+02 7.9685302734e+02 7.9680499268e+02 7.9676702881e+02 7.9673199463e+02 7.9667498779e+02 7.9658801270e+02 7.9647601318e+02 7.9643597412e+02 7.9638800049e+02 7.9629400635e+02 7.9615997314e+02 7.9603302002e+02 7.9594097900e+02 7.9579797363e+02 7.9567401123e+02 7.9562200928e+02 7.9554797363e+02 7.9544702148e+02 7.9534802246e+02 7.9524902344e+02 7.9513897705e+02 7.9502801514e+02 7.9493798828e+02 7.9485699463e+02 7.9474902344e+02
7.9655999756e+02 7.9659802246e+02 7.9665002441e+02 7.9670001221e+02 7.9674798584e+02 7.9677801514e+02 7.9681097412e+02 7.9681402588e+02 7.9678497314e+02 7.9674902344e+02 7.9671099854e+02 7.9666998291e+02 7.9661499023e+02 7.9659497070e+02 7.9659698486e+02 7.9658502197e+02 7.9658001709e+02 7.9658099365e+02 7.9657702637e+02 7.9657897949e+02 7.9656799316e+02 7.9654400635e+02 7.9651300049e+02 7.9647900391e+02 7.9643902588e+02 7.9636102295e+02 7.9627398682e+02 7.9619598389e+02 7.9615802002e+02 7.9606097412e+02 7.9592602539e+02 7.9584301758e+02 7.9572399902e+02 7.9559997559e+02 7.9546099854e+02 7.9536499023e+02 7.9532098389e+02 7.9526202393e+02 7.9515698242e+02 7.9505200195e+02 7.9493200684e+02 7.9481097412e+02 7.9470397949e+02 7.9463000488e+02 7.9456201172e+02 7.9446398926e+02
7.9633001709e+02 7.9636999512e+02 7.9645001221e+02 7.9650500488e+02 7.9655798340e+02 7.9660198975e+02 7.9663098145e+02 7.9661999512e+02 7.9658001709e+02 7.9652001953e+02 7.9644396973e+02 7.9635797119e+02 7.9629302979e+02 7.9627600098e+02 7.9629302979e+02 7.9627398682e+02 7.9624700928e+02 7.9623400879e+02 7.9624902344e+02 7.9625701904e+02 7.9624798584e+02 7.9622998047e+02 7.9621301270e+02 7.9620501709e+02 7.9614697266e+02 7.9605200195e+02 7.9597802734e+02 7.9591400146e+02 7.9584802246e+02 7.9575097656e+02 7.9567297363e+02 7.9563500977e+02 7.9555401611e+02 7.9542199707e+02 7.9525897217e+02 7.9513598633e+02 7.9510302734e+02 7.9504400635e+02 7.9488299561e+02 7.9475097656e+02 7.9462799072e+02 7.9452801514e+02 7.9446899414e+02 7.9440002441e+02 7.9430999756e+02 7.9417602539e+02
7.9616601563e+02 7.9621002197e+02 7.9627899170e+02 7.9632202148e+02 7.9635797119e+02 7.9638800049e+02 7.9639898682e+02 7.9640802002e+02 7.9635601807e+02 7.9625598145e+02 7.9617102051e+02 7.9608697510e+02 7.9602801514e+02 7.9601702881e+02 7.9602197266e+02 7.9598999023e+02 7.9596099854e+02 7.9595001221e+02 7.9596197510e+02 7.9596301270e+02 7.9594598389e+02 7.9591998291e+02 7.9589599609e+02 7.9587200928e+02 7.9580200195e+02 7.9574597168e+02 7.9571398926e+02 7.9561901855e+02 7.9551098633e+02 7.9544097900e+02 7.9537200928e+02 7.9533599854e+02 7.9530102539e+02 7.9520098877e+02 7.9505102539e+02 7.9492199707e+02 7.9487402344e+02 7.9478399658e+02 7.9459399414e+02 7.9445800781e+02 7.9436999512e+02 7.9431201172e+02 7.9427899170e+02 7.9420202637e+02 7.9406500244e+02 7.9385400391e+02
7.9603997803e+02 7.9609600830e+02 7.9611798096e+02 7.9612597656e+02 7.9611999512e+02 7.9610900879e+02 7.9609301758e+02 7.9614202881e+02 7.9610699463e+02 7.9598999023e+02 7.9590197754e+02 7.9583197021e+02 7.9577697754e+02 7.9576000977e+02 7.9574700928e+02 7.9571099854e+02 7.9569201660e+02 7.9569299316e+02 7.9570697021e+02 7.9570098877e+02 7.9567999268e+02 7.9564202881e+02 7.9559698486e+02 7.9554602051e+02 7.9548498535e+02 7.9545501709e+02 7.9541400146e+02 7.9529797363e+02 7.9519201660e+02 7.9509802246e+02 7.9498297119e+02 7.9492297363e+02 7.9489099121e+02 7.9481097412e+02 7.9472100830e+02 7.9463397217e+02 7.9454901123e+02 7.9444897461e+02 7.9433197021e+02 7.9427099609e+02 7.9423999023e+02 7.9416601563e+02 7.9403698730e+02 7.9387799072e+02 7.9367602539e+02 7.9339099121e+02
7.9588098145e+02 7.9595800781e+02 7.9594598389e+02 7.9589801025e+02 7.9585400391e+02 7.9581402588e+02 7.9578997803e+02 7.9584301758e+02 7.9582702637e+02 7.9576397705e+02 7.9568200684e+02 7.9558197021e+02 7.9551702881e+02 7.9546899414e+02 7.9543798828e+02 7.9542999268e+02 7.9542401123e+02 7.9544097900e+02 7.9547399902e+02 7.9547399902e+02 7.9544799805e+02 7.9539697266e+02 7.9534399414e+02 7.9528497314e+02 7.9522100830e+02 7.9515802002e+02 7.9506298828e+02 7.9496697998e+02 7.9488800049e+02 7.9478002930e+02 7.9465301514e+02 7.9457598877e+02 7.9449700928e+02 7.9441601563e+02 7.9438201904e+02 7.9433099365e+02 7.9423498535e+02 7.9416900635e+02 7.9413500977e+02 7.9411102295e+02 7.9401898193e+02 7.9381201172e+02 7.9357202148e+02 7.9336602783e+02 7.9314697266e+02 7.9285498047e+02
7.9568798828e+02 7.9575897217e+02 7.9569897461e+02 7.9560998535e+02 7.9555297852e+02 7.9553198242e+02 7.9552899170e+02 7.9553399658e+02 7.9545697021e+02 7.9543298340e+02 7.9539001465e+02 7.9532897949e+02 7.9527197266e+02 7.9521099854e+02 7.9516802979e+02 7.9515997314e+02 7.9516400146e+02 7.9519000244e+02 7.9522497559e+02 7.9524597168e+02 7.9523297119e+02 7.9518298340e+02 7.9510998535e+02 7.9504602051e+02 7.9496899414e+02 7.9486798096e+02 7.9475897217e+02 7.9463800049e+02 7.9453997803e+02 7.9442602539e+02 7.9433300781e+02 7.9426202393e+02 7.9418798828e+02 7.9414001465e+02 7.9409600830e+02 7.9406500244e+02 7.9399298096e+02 7.9394500732e+02 7.9390100098e+02 7.9380603027e+02 7.9356896973e+02 7.9322900391e+02 7.9295098877e+02 7.9275402832e+02 7.9259698486e+02 7.9238897705e+02
7.9539001465e+02 7.9541497803e+02 7.9534997559e+02 7.9525701904e+02 7.9520098877e+02 7.9519799805e+02 7.9522198486e+02 7.9520800781e+02 7.9515399170e+02 7.9513800049e+02 7.9507202148e+02 7.9502197266e+02 7.9498797607e+02 7.9494897461e+02 7.9491302490e+02 7.9490197754e+02 7.9490600586e+02 7.9492797852e+02 7.9495800781e+02 7.9498498535e+02 7.9498297119e+02 7.9494598389e+02 7.9486999512e+02 7.9481500244e+02 7.9474798584e+02 7.9463397217e+02 7.9450701904e+02 7.9438098145e+02 7.9427899170e+02 7.9416400146e+02 7.9406896973e+02 7.9400000000e+02 7.9395800781e+02 7.9392602539e+02 7.9385797119e+02 7.9382702637e+02 7.9378100586e+02 7.9372399902e+02 7.9360198975e+02 7.9338598633e+02 7.9305200195e+02 7.9265399170e+02 7.9237799072e+02 7.9225402832e+02 7.9220397949e+02 7.9210302734e+02
7.9500701904e+02 7.9497802734e+02 7.9494396973e+02 7.9490197754e+02 7.9487097168e+02 7.9486901855e+02 7.9488000488e+02 7.9485101318e+02 7.9485302734e+02 7.9485601807e+02 7.9475500488e+02 7.9470800781e+02 7.9469799805e+02 7.9468798828e+02 7.9467401123e+02 7.9466101074e+02 7.9465600586e+02 7.9466601563e+02 7.9468499756e+02 7.9470300293e+02 7.9469598389e+02 7.9466497803e+02 7.9461401367e+02 7.9454400635e+02 7.9443701172e+02 7.9430297852e+02 7.9418902588e+02 7.9408502197e+02 7.9399902344e+02 7.9391900635e+02 7.9383300781e+02 7.9377600098e+02 7.9373400879e+02 7.9369897461e+02 7.9366302490e+02 7.9361798096e+02 7.9352197266e+02 7.9341400146e+02 7.9319897461e+02 7.9288397217e+02 7.9251599121e+02 7.9218103027e+02 7.9197100830e+02 7.9190698242e+02 7.9192102051e+02 7.9192199707e+02
7.9468298340e+02 7.9462097168e+02 7.9459100342e+02 7.9458398438e+02 7.9458898926e+02 7.9458099365e+02 7.9454699707e+02 7.9449200439e+02 7.9451702881e+02 7.9451898193e+02 7.9447302246e+02 7.9445898438e+02 7.9446301270e+02 7.9446600342e+02 7.9444299316e+02 7.9443701172e+02 7.9443298340e+02 7.9443200684e+02 7.9443499756e+02 7.9441198730e+02 7.9438201904e+02 7.9434399414e+02 7.9429602051e+02 7.9420898438e+02 7.9406402588e+02 7.9392102051e+02 7.9382598877e+02 7.9377697754e+02 7.9372497559e+02 7.9366900635e+02 7.9359899902e+02 7.9356500244e+02 7.9352801514e+02 7.9347998047e+02 7.9343402100e+02 7.9334802246e+02 7.9318499756e+02 7.9295697021e+02 7.9267700195e+02 7.9232800293e+02 7.9203002930e+02 7.9182702637e+02 7.9172900391e+02 7.9171197510e+02 7.9174597168e+02 7.9179699707e+02
7.9442901611e+02 7.9438098145e+02 7.9434399414e+02 7.9433697510e+02 7.9431799316e+02 7.9428900146e+02 7.9424401855e+02 7.9424298096e+02 7.9429699707e+02 7.9428601074e+02 7.9423498535e+02 7.9422198486e+02 7.9420098877e+02 7.9419097900e+02 7.9416198730e+02 7.9417297363e+02 7.9420202637e+02 7.9422302246e+02 7.9421301270e+02 7.9417102051e+02 7.9411499023e+02 7.9404998779e+02 7.9398498535e+02 7.9388000488e+02 7.9376599121e+02 7.9366497803e+02 7.9360198975e+02 7.9355499268e+02 7.9348797607e+02 7.9344201660e+02 7.9339099121e+02 7.9335302734e+02 7.9331097412e+02 7.9319396973e+02 7.9302502441e+02 7.9289801025e+02 7.9270098877e+02 7.9241198730e+02 7.9210601807e+02 7.9183001709e+02 7.9167102051e+02 7.9160101318e+02 7.9158398438e+02 7.9160400391e+02 7.9164001465e+02 7.9170300293e+02
7.9413000488e+02 7.9410797119e+02 7.9407897949e+02 7.9407397461e+02 7.9404998779e+02 7.9400897217e+02 7.9396502686e+02 7.9394500732e+02 7.9396301270e+02 7.9396600342e+02 7.9398498535e+02 7.9399401855e+02 7.9394598389e+02 7.9390802002e+02 7.9388397217e+02 7.9390502930e+02 7.9394097900e+02 7.9397100830e+02 7.9397302246e+02 7.9394097900e+02 7.9388702393e+02 7.9381500244e+02 7.9373797607e+02 7.9365399170e+02 7.9356896973e+02 7.9348699951e+02 7.9340399170e+02 7.9332897949e+02 7.9328302002e+02 7.9326800537e+02 7.9321002197e+02 7.9313598633e+02 7.9303900146e+02 7.9285198975e+02 7.9260101318e+02 7.9239599609e+02 7.9214599609e+02 7.9188098145e+02 7.9163800049e+02 7.9147802734e+02 7.9143103027e+02 7.9145501709e+02 7.9148498535e+02 7.9151098633e+02 7.9154498291e+02 7.9161901855e+02
7.9379901123e+02 7.9378399658e+02 7.9376800537e+02 7.9376300049e+02 7.9377301025e+02 7.9376599121e+02 7.9372998047e+02 7.9364501953e+02 7.9359802246e+02 7.9360101318e+02 7.9369799805e+02 7.9376599121e+02 7.9375299072e+02 7.9373199463e+02 7.9368597412e+02 7.9367602539e+02 7.9369702148e+02 7.9372302246e+02 7.9373101807e+02 7.9371099854e+02 7.9366699219e+02 7.9360198975e+02 7.9352502441e+02 7.9344396973e+02 7.9336602783e+02 7.9329797363e+02 7.9322302246e+02 7.9315502930e+02 7.9311700439e+02 7.9306799316e+02 7.9294201660e+02 7.9281500244e+02 7.9267297363e+02 7.9249902344e+02 7.9225097656e+02 7.9197998047e+02 7.9166699219e+02 7.9143402100e+02 7.9130999756e+02 7.9126800537e+02 7.9129199219e+02 7.9133898926e+02 7.9138299561e+02 7.9142498779e+02 7.9147302246e+02 7.9155499268e+02
7.9347601318e+02 7.9344702148e+02 7.9346099854e+02 7.9347698975e+02 7.9351300049e+02 7.9351501465e+02 7.9347698975e+02 7.9341900635e+02 7.9337701416e+02 7.9334497070e+02 7.9333099365e+02 7.9338897705e+02 7.9347698975e+02 7.9353802490e+02 7.9350701904e+02 7.9347698975e+02 7.9347802734e+02 7.9350000000e+02 7.9351300049e+02 7.9348999023e+02 7.9345397949e+02 7.9340100098e+02 7.9333099365e+02 7.9324401855e+02 7.9317199707e+02 7.9311297607e+02 7.9304498291e+02 7.9296301270e+02 7.9289398193e+02 7.9275500488e+02 7.9251702881e+02 7.9234197998e+02 7.9220300293e+02 7.9206201172e+02 7.9183197021e+02 7.9154901123e+02 7.9127001953e+02 7.9111798096e+02 7.9110101318e+02 7.9115002441e+02 7.9119897461e+02 7.9123797607e+02 7.9129498291e+02 7.9136499023e+02 7.9143298340e+02 7.9151098633e+02
7.9316302490e+02 7.9315698242e+02 7.9322198486e+02 7.9328399658e+02 7.9327697754e+02 7.9322601318e+02 7.9317199707e+02 7.9314202881e+02 7.9315899658e+02 7.9316998291e+02 7.9316198730e+02 7.9314599609e+02 7.9321600342e+02 7.9326300049e+02 7.9325201416e+02 7.9325701904e+02 7.9327502441e+02 7.9330297852e+02 7.9331896973e+02 7.9330401611e+02 7.9327801514e+02 7.9323297119e+02 7.9315399170e+02 7.9306500244e+02 7.9300000000e+02 7.9293902588e+02 7.9284600830e+02 7.9270800781e+02 7.9251702881e+02 7.9228900146e+02 7.9207598877e+02 7.9192901611e+02 7.9177801514e+02 7.9156896973e+02 7.9133099365e+02 7.9112097168e+02 7.9096398926e+02 7.9090399170e+02 7.9096002197e+02 7.9104602051e+02 7.9111297607e+02 7.9117102051e+02 7.9124102783e+02 7.9131597900e+02 7.9136401367e+02 7.9139202881e+02
7.9287097168e+02 7.9291497803e+02 7.9296099854e+02 7.9297698975e+02 7.9295098877e+02 7.9294799805e+02 7.9297900391e+02 7.9304400635e+02 7.9305798340e+02 7.9299798584e+02 7.9296997070e+02 7.9293298340e+02 7.9296002197e+02 7.9299499512e+02 7.9302801514e+02 7.9307299805e+02 7.9310601807e+02 7.9312701416e+02 7.9313702393e+02 7.9313897705e+02 7.9312402344e+02 7.9307501221e+02 7.9298602295e+02 7.9287902832e+02 7.9280499268e+02 7.9275097656e+02 7.9264001465e+02 7.9243798828e+02 7.9210699463e+02 7.9178900146e+02 7.9160400391e+02 7.9148901367e+02 7.9135601807e+02 7.9116497803e+02 7.9098901367e+02 7.9086401367e+02 7.9079101563e+02 7.9078302002e+02 7.9085498047e+02 7.9094799805e+02 7.9103601074e+02 7.9113397217e+02 7.9123199463e+02 7.9129797363e+02 7.9127099609e+02 7.9117401123e+02
7.9263500977e+02 7.9267999268e+02 7.9266302490e+02 7.9263598633e+02 7.9263500977e+02 7.9269598389e+02 7.9281701660e+02 7.9296502686e+02 7.9296002197e+02 7.9280499268e+02 7.9272601318e+02 7.9272399902e+02 7.9275402832e+02 7.9279699707e+02 7.9286499023e+02 7.9292797852e+02 7.9296600342e+02 7.9297100830e+02 7.9296398926e+02 7.9296502686e+02 7.9294097900e+02 7.9288299561e+02 7.9279101563e+02 7.9265997314e+02 7.9255798340e+02 7.9247802734e+02 7.9235101318e+02 7.9213702393e+02 7.9175598145e+02 7.9141497803e+02 7.9120300293e+02 7.9106402588e+02 7.9096997070e+02 7.9086102295e+02 7.9079797363e+02 7.9075897217e+02 7.9071197510e+02 7.9070300293e+02 7.9076898193e+02 7.9087402344e+02 7.9098999023e+02 7.9111199951e+02 7.9121398926e+02 7.9123297119e+02 7.9110198975e+02 7.9088000488e+02
