TESTSERVER/24/3.asc
NCOLS 100
NROWS 100
XLLCORNER 8.6997500000e+03
YLLCORNER 2.8980025000e+05
CELLSIZE 5.0000000000e-01
NODATA_VALUE -9.9990000000e+03
[rows 20 to 39 of 100, columns 0 to 45 of 100]
8.0232897949e+02 8.0243103027e+02 8.0252502441e+02 8.0263800049e+02 8.0273297119e+02 8.0284497070e+02 8.0292297363e+02 8.0293499756e+02 8.0293798828e+02 8.0294201660e+02 8.0291900635e+02 8.0290997314e+02 8.0293200684e+02 8.0297698975e+02 8.0299798584e+02 8.0298901367e+02 8.0292999268e+02 8.0284600830e+02 8.0281799316e+02 8.0281402588e+02 8.0285900879e+02 8.0289697266e+02 8.0293103027e+02 8.0296099854e+02 8.0298901367e+02 8.0303002930e+02 8.0307501221e+02 8.0311901855e+02 8.0314898682e+02 8.0316802979e+02 8.0317999268e+02 8.0318499756e+02 8.0320697021e+02 8.0317797852e+02 8.0313897705e+02 8.0312097168e+02 8.0313702393e+02 8.0320697021e+02 8.0322198486e+02 8.0318200684e+02 8.0309301758e+02 8.0297198486e+02 8.0293499756e+02 8.0299700928e+02 8.0316101074e+02 8.0322802734e+02
8.0208197021e+02 8.0223498535e+02 8.0230499268e+02 8.0235601807e+02 8.0240997314e+02 8.0247900391e+02 8.0254400635e+02 8.0257202148e+02 8.0257598877e+02 8.0257598877e+02 8.0258801270e+02 8.0260998535e+02 8.0261297607e+02 8.0261901855e+02 8.0263098145e+02 8.0262902832e+02 8.0259301758e+02 8.0254699707e+02 8.0252697754e+02 8.0253302002e+02 8.0258300781e+02 8.0264398193e+02 8.0267700195e+02 8.0269897461e+02 8.0272399902e+02 8.0275701904e+02 8.0280200195e+02 8.0284802246e+02 8.0286901855e+02 8.0285699463e+02 8.0282598877e+02 8.0278399658e+02 8.0273999023e+02 8.0266601563e+02 8.0262701416e+02 8.0263299561e+02 8.0269097900e+02 8.0278900146e+02 8.0283697510e+02 8.0281402588e+02 8.0272900391e+02 8.0260101318e+02 8.0252801514e+02 8.0257501221e+02 8.0277301025e+02 8.0295001221e+02
8.0181097412e+02 8.0194799805e+02 8.0203100586e+02 8.0207598877e+02 8.0215100098e+02 8.0220501709e+02 8.0222601318e+02 8.0222399902e+02 8.0220397949e+02 8.0221301270e+02 8.0225897217e+02 8.0230297852e+02 8.0227502441e+02 8.0224902344e+02 8.0225000000e+02 8.0225000000e+02 8.0224102783e+02 8.0223101807e+02 8.0223297119e+02 8.0225402832e+02 8.0230798340e+02 8.0236901855e+02 8.0240399170e+02 8.0242602539e+02 8.0244598389e+02 8.0247802734e+02 8.0253198242e+02 8.0258599854e+02 8.0260601807e+02 8.0255902100e+02 8.0247497559e+02 8.0237500000e+02 8.0226000977e+02 8.0214697266e+02 8.0210900879e+02 8.0214099121e+02 8.0224200439e+02 8.0237701416e+02 8.0245001221e+02 8.0244201660e+02 8.0236199951e+02 8.0225299072e+02 8.0218200684e+02 8.0220300293e+02 8.0236602783e+02 8.0254498291e+02
8.0159301758e+02 8.0167999268e+02 8.0176098633e+02 8.0181701660e+02 8.0186199951e+02 8.0188500977e+02 8.0189202881e+02 8.0188500977e+02 8.0186901855e+02 8.0188397217e+02 8.0191601563e+02 8.0193701172e+02 8.0189801025e+02 8.0187298584e+02 8.0186901855e+02 8.0187402344e+02 8.0188800049e+02 8.0191601563e+02 8.0194299316e+02 8.0197998047e+02 8.0203198242e+02 8.0208898926e+02 8.0212402344e+02 8.0214801025e+02 8.0215301514e+02 8.0217797852e+02 8.0224902344e+02 8.0232098389e+02 8.0235302734e+02 8.0227801514e+02 8.0214697266e+02 8.0199102783e+02 8.0182000732e+02 8.0167901611e+02 8.0163897705e+02 8.0168701172e+02 8.0182397461e+02 8.0198602295e+02 8.0207299805e+02 8.0207299805e+02 8.0200299072e+02 8.0192401123e+02 8.0186602783e+02 8.0186499023e+02 8.0196197510e+02 8.0209301758e+02
8.0136602783e+02 8.0140899658e+02 8.0143298340e+02 8.0147497559e+02 8.0148797607e+02 8.0152502441e+02 8.0159698486e+02 8.0163201904e+02 8.0160601807e+02 8.0157202148e+02 8.0152301025e+02 8.0147601318e+02 8.0146099854e+02 8.0152600098e+02 8.0152301025e+02 8.0150097656e+02 8.0150500488e+02 8.0160601807e+02 8.0165997314e+02 8.0170001221e+02 8.0172900391e+02 8.0179199219e+02 8.0182702637e+02 8.0184997559e+02 8.0183697510e+02 8.0184997559e+02 8.0192901611e+02 8.0203100586e+02 8.0211602783e+02 8.0204302979e+02 8.0189599609e+02 8.0169500732e+02 8.0148602295e+02 8.0131799316e+02 8.0127197266e+02 8.0132299805e+02 8.0145501709e+02 8.0162799072e+02 8.0171997070e+02 8.0171899414e+02 8.0165698242e+02 8.0159600830e+02 8.0153198242e+02 8.0151599121e+02 8.0157397461e+02 8.0169201660e+02
8.0096801758e+02 8.0100799561e+02 8.0103997803e+02 8.0107800293e+02 8.0115197754e+02 8.0126300049e+02 8.0131701660e+02 8.0129498291e+02 8.0123999023e+02 8.0120300293e+02 8.0113201904e+02 8.0105499268e+02 8.0106799316e+02 8.0116198730e+02 8.0117102051e+02 8.0116497803e+02 8.0121197510e+02 8.0131097412e+02 8.0137597656e+02 8.0142999268e+02 8.0149597168e+02 8.0156201172e+02 8.0159802246e+02 8.0160601807e+02 8.0159100342e+02 8.0155700684e+02 8.0158300781e+02 8.0167199707e+02 8.0177099609e+02 8.0174401855e+02 8.0161700439e+02 8.0140997314e+02 8.0115698242e+02 8.0098999023e+02 8.0096398926e+02 8.0105200195e+02 8.0120001221e+02 8.0133801270e+02 8.0140100098e+02 8.0139501953e+02 8.0134802246e+02 8.0127301025e+02 8.0118798828e+02 8.0114599609e+02 8.0119598389e+02 8.0133197021e+02
8.0058898926e+02 8.0065301514e+02 8.0070202637e+02 8.0074798584e+02 8.0082397461e+02 8.0088598633e+02 8.0087799072e+02 8.0083300781e+02 8.0081298828e+02 8.0082202148e+02 8.0077301025e+02 8.0070300293e+02 8.0069396973e+02 8.0073400879e+02 8.0078802490e+02 8.0085900879e+02 8.0094799805e+02 8.0103698730e+02 8.0109997559e+02 8.0116101074e+02 8.0126000977e+02 8.0136297607e+02 8.0141198730e+02 8.0141101074e+02 8.0136297607e+02 8.0129101563e+02 8.0128302002e+02 8.0134002686e+02 8.0141198730e+02 8.0138098145e+02 8.0125097656e+02 8.0104602051e+02 8.0079400635e+02 8.0063702393e+02 8.0064801025e+02 8.0077600098e+02 8.0096002197e+02 8.0109100342e+02 8.0111602783e+02 8.0109802246e+02 8.0108099365e+02 8.0098400879e+02 8.0089300537e+02 8.0083099365e+02 8.0082702637e+02 8.0093402100e+02
8.0024902344e+02 8.0034100342e+02 8.0039599609e+02 8.0042901611e+02 8.0046301270e+02 8.0047601318e+02 8.0048101807e+02 8.0046301270e+02 8.0043103027e+02 8.0045501709e+02 8.0043902588e+02 8.0039697266e+02 8.0038299561e+02 8.0041302490e+02 8.0050201416e+02 8.0060998535e+02 8.0069702148e+02 8.0077301025e+02 8.0082202148e+02 8.0086901855e+02 8.0096502686e+02 8.0109600830e+02 8.0116400146e+02 8.0116998291e+02 8.0111102295e+02 8.0102398682e+02 8.0100598145e+02 8.0103997803e+02 8.0106402588e+02 8.0100598145e+02 8.0086700439e+02 8.0066699219e+02 8.0042602539e+02 8.0030999756e+02 8.0036199951e+02 8.0051098633e+02 8.0069702148e+02 8.0081402588e+02 8.0081298828e+02 8.0077801514e+02 8.0076800537e+02 8.0064697266e+02 8.0057000732e+02 8.0052301025e+02 8.0049902344e+02 8.0057598877e+02
7.9993200684e+02 8.0002398682e+02 8.0005798340e+02 8.0005902100e+02 8.0007299805e+02 8.0014099121e+02 8.0019500732e+02 8.0019500732e+02 8.0016900635e+02 8.0016400146e+02 8.0016601563e+02 8.0015197754e+02 8.0016198730e+02 8.0025201416e+02 8.0033697510e+02 8.0038897705e+02 8.0041900635e+02 8.0050299072e+02 8.0053997803e+02 8.0054998779e+02 8.0058502197e+02 8.0069299316e+02 8.0078002930e+02 8.0082702637e+02 8.0078497314e+02 8.0074902344e+02 8.0073999023e+02 8.0074102783e+02 8.0070001221e+02 8.0062701416e+02 8.0047399902e+02 8.0028601074e+02 8.0009600830e+02 8.0006298828e+02 8.0015197754e+02 8.0029199219e+02 8.0039898682e+02 8.0045001221e+02 8.0045800781e+02 8.0042401123e+02 8.0031701660e+02 8.0023699951e+02 8.0020202637e+02 8.0016497803e+02 8.0015399170e+02 8.0024700928e+02
7.9958099365e+02 7.9963397217e+02 7.9963397217e+02 7.9962597656e+02 7.9967297363e+02 7.9975500488e+02 7.9979699707e+02 7.9981402588e+02 7.9984497070e+02 7.9990600586e+02 7.9992999268e+02 7.9992901611e+02 7.9992901611e+02 8.0002001953e+02 8.0009997559e+02 8.0013397217e+02 8.0016699219e+02 8.0026800537e+02 8.0029699707e+02 8.0025097656e+02 8.0020800781e+02 8.0023797607e+02 8.0030999756e+02 8.0039898682e+02 8.0043701172e+02 8.0044201660e+02 8.0044299316e+02 8.0041699219e+02 8.0037200928e+02 8.0028802490e+02 8.0014898682e+02 7.9999700928e+02 7.9987402344e+02 7.9988201904e+02 7.9997100830e+02 8.0008898926e+02 8.0015002441e+02 8.0009301758e+02 8.0009002686e+02 8.0009002686e+02 7.9998797607e+02 7.9989801025e+02 7.9985998535e+02 7.9984100342e+02 7.9985400391e+02 7.9990002441e+02
7.9924298096e+02 7.9926098633e+02 7.9926702881e+02 7.9927801514e+02 7.9933398438e+02 7.9938098145e+02 7.9940197754e+02 7.9942700195e+02 7.9950701904e+02 7.9961499023e+02 7.9966101074e+02 7.9966302490e+02 7.9963098145e+02 7.9966497803e+02 7.9974401855e+02 7.9981097412e+02 7.9987799072e+02 7.9996697998e+02 7.9998602295e+02 7.9993701172e+02 7.9987298584e+02 7.9986199951e+02 7.9990698242e+02 8.0000097656e+02 8.0009399414e+02 8.0013500977e+02 8.0014501953e+02 8.0011798096e+02 8.0006701660e+02 7.9999700928e+02 7.9989697266e+02 7.9978900146e+02 7.9970397949e+02 7.9970599365e+02 7.9976397705e+02 7.9984002686e+02 7.9987701416e+02 7.9978698730e+02 7.9974597168e+02 7.9973101807e+02 7.9965502930e+02 7.9960900879e+02 7.9956097412e+02 7.9952697754e+02 7.9953100586e+02 7.9957598877e+02
7.9895697021e+02 7.9897998047e+02 7.9900799561e+02 7.9903399658e+02 7.9905798340e+02 7.9904797363e+02 7.9904302979e+02 7.9906896973e+02 7.9917297363e+02 7.9931097412e+02 7.9937097168e+02 7.9936401367e+02 7.9929998779e+02 7.9928802490e+02 7.9935797119e+02 7.9944702148e+02 7.9952502441e+02 7.9957800293e+02 7.9960699463e+02 7.9960699463e+02 7.9959301758e+02 7.9957501221e+02 7.9960400391e+02 7.9968103027e+02 7.9978002930e+02 7.9984497070e+02 7.9985900879e+02 7.9983099365e+02 7.9977301025e+02 7.9971697998e+02 7.9965802002e+02 7.9959497070e+02 7.9953198242e+02 7.9950598145e+02 7.9951397705e+02 7.9953601074e+02 7.9954400635e+02 7.9946099854e+02 7.9941802979e+02 7.9939898682e+02 7.9935198975e+02 7.9932598877e+02 7.9926202393e+02 7.9918798828e+02 7.9918499756e+02 7.9927801514e+02
7.9870599365e+02 7.9876098633e+02 7.9879797363e+02 7.9881402588e+02 7.9878698730e+02 7.9875000000e+02 7.9873699951e+02 7.9877301025e+02 7.9889599609e+02 7.9901898193e+02 7.9908300781e+02 7.9907202148e+02 7.9901202393e+02 7.9897900391e+02 7.9902600098e+02 7.9909997559e+02 7.9916400146e+02 7.9920300293e+02 7.9925000000e+02 7.9930297852e+02 7.9931597900e+02 7.9934399414e+02 7.9938000488e+02 7.9943103027e+02 7.9950402832e+02 7.9956701660e+02 7.9957598877e+02 7.9954699707e+02 7.9949401855e+02 7.9943902588e+02 7.9940197754e+02 7.9936199951e+02 7.9929602051e+02 7.9925201416e+02 7.9921997070e+02 7.9920397949e+02 7.9919201660e+02 7.9916198730e+02 7.9915301514e+02 7.9913000488e+02 7.9904699707e+02 7.9898400879e+02 7.9895300293e+02 7.9891400146e+02 7.9890002441e+02 7.9900201416e+02
7.9848797607e+02 7.9852600098e+02 7.9854602051e+02 7.9853802490e+02 7.9849597168e+02 7.9845397949e+02 7.9845300293e+02 7.9850000000e+02 7.9859802246e+02 7.9869702148e+02 7.9875000000e+02 7.9875201416e+02 7.9870501709e+02 7.9867102051e+02 7.9870599365e+02 7.9878497314e+02 7.9885900879e+02 7.9888201904e+02 7.9892999268e+02 7.9900097656e+02 7.9905499268e+02 7.9908697510e+02 7.9913098145e+02 7.9917901611e+02 7.9923797607e+02 7.9927899170e+02 7.9928002930e+02 7.9925201416e+02 7.9920300293e+02 7.9916400146e+02 7.9913098145e+02 7.9909997559e+02 7.9905700684e+02 7.9901300049e+02 7.9897302246e+02 7.9892901611e+02 7.9889202881e+02 7.9883801270e+02 7.9880401611e+02 7.9875097656e+02 7.9869702148e+02 7.9863800049e+02 7.9861700439e+02 7.9860900879e+02 7.9864398193e+02 7.9874102783e+02
7.9828997803e+02 7.9829699707e+02 7.9829400635e+02 7.9826501465e+02 7.9821801758e+02 7.9818902588e+02 7.9818798828e+02 7.9821801758e+02 7.9827801514e+02 7.9834802246e+02 7.9839801025e+02 7.9841302490e+02 7.9838098145e+02 7.9834802246e+02 7.9838500977e+02 7.9847100830e+02 7.9855700684e+02 7.9857702637e+02 7.9863598633e+02 7.9872698975e+02 7.9880798340e+02 7.9884997559e+02 7.9889099121e+02 7.9893103027e+02 7.9897100830e+02 7.9899298096e+02 7.9898498535e+02 7.9895397949e+02 7.9890802002e+02 7.9887402344e+02 7.9885198975e+02 7.9883599854e+02 7.9881201172e+02 7.9879602051e+02 7.9875500488e+02 7.9868298340e+02 7.9860900879e+02 7.9852600098e+02 7.9846197510e+02 7.9840997314e+02 7.9837799072e+02 7.9834802246e+02 7.9833801270e+02 7.9836297607e+02 7.9842901611e+02 7.9847198486e+02
7.9809002686e+02 7.9807800293e+02 7.9805499268e+02 7.9801202393e+02 7.9796997070e+02 7.9795697021e+02 7.9794702148e+02 7.9794799805e+02 7.9795098877e+02 7.9799298096e+02 7.9804302979e+02 7.9807501221e+02 7.9806097412e+02 7.9804699707e+02 7.9809197998e+02 7.9817999268e+02 7.9827398682e+02 7.9832000732e+02 7.9840002441e+02 7.9850201416e+02 7.9858398438e+02 7.9862597656e+02 7.9865997314e+02 7.9868597412e+02 7.9870697021e+02 7.9870898438e+02 7.9869097900e+02 7.9865600586e+02 7.9861199951e+02 7.9858197021e+02 7.9857098389e+02 7.9856799316e+02 7.9855999756e+02 7.9854199219e+02 7.9847601318e+02 7.9837402344e+02 7.9829400635e+02 7.9825897217e+02 7.9819702148e+02 7.9813201904e+02 7.9807000732e+02 7.9807098389e+02 7.9809899902e+02 7.9814501953e+02 7.9820501709e+02 7.9821099854e+02
7.9784802246e+02 7.9785998535e+02 7.9783398438e+02 7.9779199219e+02 7.9775897217e+02 7.9774902344e+02 7.9772399902e+02 7.9769500732e+02 7.9766101074e+02 7.9764599609e+02 7.9769201660e+02 7.9774401855e+02 7.9777398682e+02 7.9780798340e+02 7.9785797119e+02 7.9792700195e+02 7.9801098633e+02 7.9810699463e+02 7.9821398926e+02 7.9831597900e+02 7.9838201904e+02 7.9841497803e+02 7.9844000244e+02 7.9844702148e+02 7.9843103027e+02 7.9842602539e+02 7.9840002441e+02 7.9836401367e+02 7.9830902100e+02 7.9827899170e+02 7.9828002930e+02 7.9829498291e+02 7.9829400635e+02 7.9822998047e+02 7.9810302734e+02 7.9797302246e+02 7.9790399170e+02 7.9790997314e+02 7.9790502930e+02 7.9787597656e+02 7.9782000732e+02 7.9783697510e+02 7.9789300537e+02 7.9792797852e+02 7.9796099854e+02 7.9797900391e+02
7.9754699707e+02 7.9756896973e+02 7.9757000732e+02 7.9756402588e+02 7.9756500244e+02 7.9754699707e+02 7.9750598145e+02 7.9746502686e+02 7.9743298340e+02 7.9740899658e+02 7.9744299316e+02 7.9749200439e+02 7.9754797363e+02 7.9758197021e+02 7.9761499023e+02 7.9767901611e+02 7.9778802490e+02 7.9790600586e+02 7.9802099609e+02 7.9811499023e+02 7.9816900635e+02 7.9820397949e+02 7.9822302246e+02 7.9821899414e+02 7.9818798828e+02 7.9815899658e+02 7.9813000488e+02 7.9809802246e+02 7.9805102539e+02 7.9802301025e+02 7.9803802490e+02 7.9805902100e+02 7.9805297852e+02 7.9795800781e+02 7.9780102539e+02 7.9767401123e+02 7.9762402344e+02 7.9757098389e+02 7.9753802490e+02 7.9753497314e+02 7.9756402588e+02 7.9763800049e+02 7.9771002197e+02 7.9772601318e+02 7.9772198486e+02 7.9774298096e+02
7.9727801514e+02 7.9730700684e+02 7.9732299805e+02 7.9733801270e+02 7.9735601807e+02 7.9734600830e+02 7.9731097412e+02 7.9727801514e+02 7.9726599121e+02 7.9726202393e+02 7.9729199219e+02 7.9732202148e+02 7.9734399414e+02 7.9734002686e+02 7.9736999512e+02 7.9745001221e+02 7.9758898926e+02 7.9771697998e+02 7.9782800293e+02 7.9791601563e+02 7.9796697998e+02 7.9800000000e+02 7.9801202393e+02 7.9800097656e+02 7.9796099854e+02 7.9792199707e+02 7.9788702393e+02 7.9785101318e+02 7.9781298828e+02 7.9781097412e+02 7.9783599854e+02 7.9785198975e+02 7.9783898926e+02 7.9774102783e+02 7.9758197021e+02 7.9744799805e+02 7.9736602783e+02 7.9729400635e+02 7.9723699951e+02 7.9723797607e+02 7.9731799316e+02 7.9741400146e+02 7.9751202393e+02 7.9753497314e+02 7.9751599121e+02 7.9754199219e+02
7.9703497314e+02 7.9707598877e+02 7.9709197998e+02 7.9710302734e+02 7.9711602783e+02 7.9712298584e+02 7.9711401367e+02 7.9710900879e+02 7.9713201904e+02 7.9715399170e+02 7.9718499756e+02 7.9720599365e+02 7.9720300293e+02 7.9718103027e+02 7.9720800781e+02 7.9729400635e+02 7.9742999268e+02 7.9754101563e+02 7.9764202881e+02 7.9772198486e+02 7.9777697754e+02 7.9780700684e+02 7.9781298828e+02 7.9779602051e+02 7.9775000000e+02 7.9770202637e+02 7.9765899658e+02 7.9761798096e+02 7.9758197021e+02 7.9759698486e+02 7.9762799072e+02 7.9764099121e+02 7.9761102295e+02 7.9751098633e+02 7.9736602783e+02 7.9722198486e+02 7.9710101318e+02 7.9703399658e+02 7.9699102783e+02 7.9700000000e+02 7.9708398438e+02 7.9716998291e+02 7.9727899170e+02 7.9732800293e+02 7.9733398438e+02 7.9736901855e+02
