TESTSERVER/24/4.asc
NCOLS 100
NROWS 100
XLLCORNER 8.6997500000e+03
YLLCORNER 2.8975025000e+05
CELLSIZE 5.0000000000e-01
NODATA_VALUE -9.9990000000e+03
[rows 0 to 19 of 100, columns 0 to 45 of 100]
7.8167602539e+02 7.8177398682e+02 7.8186999512e+02 7.8194702148e+02 7.8200402832e+02 7.8199902344e+02 7.8196997070e+02 7.8192700195e+02 7.8188000488e+02 7.8185699463e+02 7.8186499023e+02 7.8187701416e+02 7.8189099121e+02 7.8190197754e+02 7.8190698242e+02 7.8187402344e+02 7.8181298828e+02 7.8179901123e+02 7.8175402832e+02 7.8164501953e+02 7.8155200195e+02 7.8160400391e+02 7.8162500000e+02 7.8157702637e+02 7.8146697998e+02 7.8131500244e+02 7.8120501709e+02 7.8106201172e+02 7.8082397461e+02 7.8058398438e+02 7.8043499756e+02 7.8037701416e+02 7.8044201660e+02 7.8045599365e+02 7.8046197510e+02 7.8050897217e+02 7.8062799072e+02 7.8074298096e+02 7.8083502197e+02 7.8096502686e+02 7.8109802246e+02 7.8124102783e+02 7.8139202881e+02 7.8150897217e+02 7.8161999512e+02 7.8169702148e+02
7.8144500732e+02 7.8153198242e+02 7.8161297607e+02 7.8167297363e+02 7.8169396973e+02 7.8167602539e+02 7.8164801025e+02 7.8161499023e+02 7.8158599854e+02 7.8158801270e+02 7.8159698486e+02 7.8160302734e+02 7.8161700439e+02 7.8164398193e+02 7.8164898682e+02 7.8162200928e+02 7.8156097412e+02 7.8150097656e+02 7.8144598389e+02 7.8138397217e+02 7.8134301758e+02 7.8137200928e+02 7.8136901855e+02 7.8128399658e+02 7.8113299561e+02 7.8098999023e+02 7.8089001465e+02 7.8076800537e+02 7.8057598877e+02 7.8036901855e+02 7.8021697998e+02 7.8016601563e+02 7.8024200439e+02 7.8030499268e+02 7.8033801270e+02 7.8039801025e+02 7.8050299072e+02 7.8060302734e+02 7.8069000244e+02 7.8081799316e+02 7.8096002197e+02 7.8111999512e+02 7.8125402832e+02 7.8136499023e+02 7.8146697998e+02 7.8147302246e+02
7.8121099854e+02 7.8127697754e+02 7.8133502197e+02 7.8137902832e+02 7.8139099121e+02 7.8138397217e+02 7.8136602783e+02 7.8134197998e+02 7.8132598877e+02 7.8133697510e+02 7.8134002686e+02 7.8133001709e+02 7.8132000732e+02 7.8132800293e+02 7.8133697510e+02 7.8132897949e+02 7.8129400635e+02 7.8124401855e+02 7.8120800781e+02 7.8117700195e+02 7.8114697266e+02 7.8114599609e+02 7.8109100342e+02 7.8095501709e+02 7.8079302979e+02 7.8067199707e+02 7.8057897949e+02 7.8046997070e+02 7.8028601074e+02 7.8006799316e+02 7.7995098877e+02 7.7995599365e+02 7.8004901123e+02 7.8013397217e+02 7.8021002197e+02 7.8029498291e+02 7.8038897705e+02 7.8048901367e+02 7.8058398438e+02 7.8070697021e+02 7.8083801270e+02 7.8098999023e+02 7.8110400391e+02 7.8118499756e+02 7.8126397705e+02 7.8129400635e+02
7.8098699951e+02 7.8102899170e+02 7.8106298828e+02 7.8109301758e+02 7.8111199951e+02 7.8112799072e+02 7.8112298584e+02 7.8110699463e+02 7.8109997559e+02 7.8111401367e+02 7.8110302734e+02 7.8106500244e+02 7.8102197266e+02 7.8099499512e+02 7.8099102783e+02 7.8099102783e+02 7.8098297119e+02 7.8097497559e+02 7.8097399902e+02 7.8096301270e+02 7.8093103027e+02 7.8090399170e+02 7.8080499268e+02 7.8063098145e+02 7.8045501709e+02 7.8033398438e+02 7.8025299072e+02 7.8015399170e+02 7.7996002197e+02 7.7975799561e+02 7.7971801758e+02 7.7980798340e+02 7.7990600586e+02 7.7998602295e+02 7.8008197021e+02 7.8017700195e+02 7.8026702881e+02 7.8038702393e+02 7.8049499512e+02 7.8060302734e+02 7.8071002197e+02 7.8082598877e+02 7.8090100098e+02 7.8090502930e+02 7.8089099121e+02 7.8095300293e+02
7.8079998779e+02 7.8080401611e+02 7.8080700684e+02 7.8082299805e+02 7.8086602783e+02 7.8090899658e+02 7.8091699219e+02 7.8090997314e+02 7.8090502930e+02 7.8091497803e+02 7.8089300537e+02 7.8083099365e+02 7.8076599121e+02 7.8068902588e+02 7.8064501953e+02 7.8063299561e+02 7.8066302490e+02 7.8070599365e+02 7.8073400879e+02 7.8071801758e+02 7.8066699219e+02 7.8062402344e+02 7.8050201416e+02 7.8032702637e+02 7.8015197754e+02 7.8003002930e+02 7.7996600342e+02 7.7988397217e+02 7.7970898438e+02 7.7953198242e+02 7.7954699707e+02 7.7965802002e+02 7.7976300049e+02 7.7986700439e+02 7.7996502686e+02 7.8004699707e+02 7.8014202881e+02 7.8028399658e+02 7.8039001465e+02 7.8047497559e+02 7.8053601074e+02 7.8060302734e+02 7.8062500000e+02 7.8056597900e+02 7.8050097656e+02 7.8050897217e+02
7.8063800049e+02 7.8061602783e+02 7.8059997559e+02 7.8060699463e+02 7.8064599609e+02 7.8068798828e+02 7.8070098877e+02 7.8069702148e+02 7.8069299316e+02 7.8070898438e+02 7.8066400146e+02 7.8057397461e+02 7.8046997070e+02 7.8037097168e+02 7.8030200195e+02 7.8030200195e+02 7.8037799072e+02 7.8045501709e+02 7.8047998047e+02 7.8044396973e+02 7.8039599609e+02 7.8033197021e+02 7.8020397949e+02 7.8003399658e+02 7.7987097168e+02 7.7977099609e+02 7.7970599365e+02 7.7961401367e+02 7.7948199463e+02 7.7936102295e+02 7.7937597656e+02 7.7948797607e+02 7.7964001465e+02 7.7973999023e+02 7.7983599854e+02 7.7992797852e+02 7.8005102539e+02 7.8019799805e+02 7.8028302002e+02 7.8034899902e+02 7.8038098145e+02 7.8038897705e+02 7.8035998535e+02 7.8027301025e+02 7.8020098877e+02 7.8023400879e+02
7.8043298340e+02 7.8042102051e+02 7.8040698242e+02 7.8041198730e+02 7.8043902588e+02 7.8047698975e+02 7.8048901367e+02 7.8047802734e+02 7.8047100830e+02 7.8046301270e+02 7.8038299561e+02 7.8026800537e+02 7.8015301514e+02 7.8005200195e+02 7.7998199463e+02 7.7999798584e+02 7.8012200928e+02 7.8022698975e+02 7.8024902344e+02 7.8020697021e+02 7.8015698242e+02 7.8004901123e+02 7.7989300537e+02 7.7973101807e+02 7.7959197998e+02 7.7949798584e+02 7.7943597412e+02 7.7936102295e+02 7.7926501465e+02 7.7919702148e+02 7.7922698975e+02 7.7934600830e+02 7.7951599121e+02 7.7960900879e+02 7.7970397949e+02 7.7983801270e+02 7.8001501465e+02 7.8012500000e+02 7.8015399170e+02 7.8017602539e+02 7.8019097900e+02 7.8014001465e+02 7.8003100586e+02 7.7994201660e+02 7.7992602539e+02 7.7998901367e+02
7.8019500732e+02 7.8020898438e+02 7.8020800781e+02 7.8021997070e+02 7.8024200439e+02 7.8027697754e+02 7.8028601074e+02 7.8026599121e+02 7.8023901367e+02 7.8018103027e+02 7.8006597900e+02 7.7993902588e+02 7.7983599854e+02 7.7977801514e+02 7.7973101807e+02 7.7976202393e+02 7.7991601563e+02 7.8004901123e+02 7.8006799316e+02 7.8001702881e+02 7.7995800781e+02 7.7978100586e+02 7.7958398438e+02 7.7942700195e+02 7.7932299805e+02 7.7924102783e+02 7.7919396973e+02 7.7914898682e+02 7.7907598877e+02 7.7904998779e+02 7.7909997559e+02 7.7921197510e+02 7.7937597656e+02 7.7948400879e+02 7.7960601807e+02 7.7979699707e+02 7.8001098633e+02 7.8003802490e+02 7.7996398926e+02 7.7989099121e+02 7.7985900879e+02 7.7979998779e+02 7.7968499756e+02 7.7963800049e+02 7.7968798828e+02 7.7975201416e+02
7.7997198486e+02 7.7997802734e+02 7.7999298096e+02 7.8001397705e+02 7.8004797363e+02 7.8008398438e+02 7.8009497070e+02 7.8006799316e+02 7.8000097656e+02 7.7987597656e+02 7.7971600342e+02 7.7958398438e+02 7.7952502441e+02 7.7956097412e+02 7.7957202148e+02 7.7962402344e+02 7.7976397705e+02 7.7987500000e+02 7.7988000488e+02 7.7981597900e+02 7.7973602295e+02 7.7951702881e+02 7.7929302979e+02 7.7914001465e+02 7.7906896973e+02 7.7902801514e+02 7.7899700928e+02 7.7896997070e+02 7.7893798828e+02 7.7893597412e+02 7.7898699951e+02 7.7908398438e+02 7.7922399902e+02 7.7936499023e+02 7.7954699707e+02 7.7977697754e+02 7.7992797852e+02 7.7984002686e+02 7.7967199707e+02 7.7954699707e+02 7.7947399902e+02 7.7939001465e+02 7.7934497070e+02 7.7936700439e+02 7.7944500732e+02 7.7948498535e+02
7.7973901367e+02 7.7975299072e+02 7.7977398682e+02 7.7980102539e+02 7.7983898926e+02 7.7987402344e+02 7.7989300537e+02 7.7987597656e+02 7.7980999756e+02 7.7963702393e+02 7.7940301514e+02 7.7924200439e+02 7.7927398682e+02 7.7939300537e+02 7.7946697998e+02 7.7953698730e+02 7.7961602783e+02 7.7963897705e+02 7.7957202148e+02 7.7945501709e+02 7.7932598877e+02 7.7915600586e+02 7.7899102783e+02 7.7887799072e+02 7.7882800293e+02 7.7880700684e+02 7.7881701660e+02 7.7883697510e+02 7.7884002686e+02 7.7882501221e+02 7.7886499023e+02 7.7897302246e+02 7.7910797119e+02 7.7932299805e+02 7.7958001709e+02 7.7977099609e+02 7.7978997803e+02 7.7958398438e+02 7.7937298584e+02 7.7926898193e+02 7.7918298340e+02 7.7909100342e+02 7.7904101563e+02 7.7903997803e+02 7.7910900879e+02 7.7914697266e+02
7.7947900391e+02 7.7951098633e+02 7.7953802490e+02 7.7957202148e+02 7.7961401367e+02 7.7965399170e+02 7.7968103027e+02 7.7967401123e+02 7.7962799072e+02 7.7948400879e+02 7.7927099609e+02 7.7913299561e+02 7.7919000244e+02 7.7934399414e+02 7.7943402100e+02 7.7947302246e+02 7.7946600342e+02 7.7938598633e+02 7.7924401855e+02 7.7908300781e+02 7.7893798828e+02 7.7882000732e+02 7.7871801758e+02 7.7865301514e+02 7.7861700439e+02 7.7861401367e+02 7.7866802979e+02 7.7871197510e+02 7.7870300293e+02 7.7868499756e+02 7.7874597168e+02 7.7887097168e+02 7.7902697754e+02 7.7926300049e+02 7.7948199463e+02 7.7958300781e+02 7.7950897217e+02 7.7927197266e+02 7.7906097412e+02 7.7895202637e+02 7.7885198975e+02 7.7878497314e+02 7.7874200439e+02 7.7871801758e+02 7.7875000000e+02 7.7877697754e+02
7.7921301270e+02 7.7923999023e+02 7.7926898193e+02 7.7930798340e+02 7.7937597656e+02 7.7944897461e+02 7.7948699951e+02 7.7948101807e+02 7.7944396973e+02 7.7936999512e+02 7.7924902344e+02 7.7918597412e+02 7.7923797607e+02 7.7936901855e+02 7.7943701172e+02 7.7941699219e+02 7.7930603027e+02 7.7914300537e+02 7.7896002197e+02 7.7878002930e+02 7.7863897705e+02 7.7855700684e+02 7.7849102783e+02 7.7845300293e+02 7.7842401123e+02 7.7844201660e+02 7.7852001953e+02 7.7856896973e+02 7.7855499268e+02 7.7854998779e+02 7.7862298584e+02 7.7876397705e+02 7.7895599365e+02 7.7909497070e+02 7.7915698242e+02 7.7914801025e+02 7.7905700684e+02 7.7888299561e+02 7.7872198486e+02 7.7862097168e+02 7.7851397705e+02 7.7846997070e+02 7.7843499756e+02 7.7839501953e+02 7.7839599609e+02 7.7841900635e+02
7.7892602539e+02 7.7893701172e+02 7.7896002197e+02 7.7900897217e+02 7.7912200928e+02 7.7928497314e+02 7.7933502197e+02 7.7930603027e+02 7.7924700928e+02 7.7920898438e+02 7.7917401123e+02 7.7919897461e+02 7.7929901123e+02 7.7936999512e+02 7.7939501953e+02 7.7932098389e+02 7.7911999512e+02 7.7890899658e+02 7.7872601318e+02 7.7855999756e+02 7.7844598389e+02 7.7835198975e+02 7.7829101563e+02 7.7825201416e+02 7.7822698975e+02 7.7828302002e+02 7.7835498047e+02 7.7840301514e+02 7.7843402100e+02 7.7846099854e+02 7.7852197266e+02 7.7866601563e+02 7.7883697510e+02 7.7883398438e+02 7.7875897217e+02 7.7866900635e+02 7.7858300781e+02 7.7851397705e+02 7.7841601563e+02 7.7831402588e+02 7.7823297119e+02 7.7818103027e+02 7.7814202881e+02 7.7809197998e+02 7.7806896973e+02 7.7808197021e+02
7.7856701660e+02 7.7863098145e+02 7.7869598389e+02 7.7876800537e+02 7.7887902832e+02 7.7906500244e+02 7.7911297607e+02 7.7907098389e+02 7.7902502441e+02 7.7898699951e+02 7.7895697021e+02 7.7899200439e+02 7.7911602783e+02 7.7923101807e+02 7.7925299072e+02 7.7916400146e+02 7.7892901611e+02 7.7867999268e+02 7.7847399902e+02 7.7830603027e+02 7.7820001221e+02 7.7813000488e+02 7.7808197021e+02 7.7804498291e+02 7.7803601074e+02 7.7811798096e+02 7.7818798828e+02 7.7826300049e+02 7.7834197998e+02 7.7837597656e+02 7.7841601563e+02 7.7852600098e+02 7.7859698486e+02 7.7852398682e+02 7.7842297363e+02 7.7832202148e+02 7.7825097656e+02 7.7818597412e+02 7.7809002686e+02 7.7799401855e+02 7.7792297363e+02 7.7786901855e+02 7.7782598877e+02 7.7777801514e+02 7.7773101807e+02 7.7771600342e+02
7.7825000000e+02 7.7834899902e+02 7.7846697998e+02 7.7855700684e+02 7.7862701416e+02 7.7876202393e+02 7.7880603027e+02 7.7879199219e+02 7.7877600098e+02 7.7875097656e+02 7.7873797607e+02 7.7877801514e+02 7.7889501953e+02 7.7902398682e+02 7.7905401611e+02 7.7896301270e+02 7.7872900391e+02 7.7845599365e+02 7.7822302246e+02 7.7804901123e+02 7.7795098877e+02 7.7790002441e+02 7.7786798096e+02 7.7784497070e+02 7.7784497070e+02 7.7792199707e+02 7.7801599121e+02 7.7813897705e+02 7.7825201416e+02 7.7827197266e+02 7.7826599121e+02 7.7828302002e+02 7.7827099609e+02 7.7819702148e+02 7.7810302734e+02 7.7801300049e+02 7.7792999268e+02 7.7782501221e+02 7.7773498535e+02 7.7766400146e+02 7.7760498047e+02 7.7755798340e+02 7.7748999023e+02 7.7740802002e+02 7.7735198975e+02 7.7734002686e+02
7.7799597168e+02 7.7811901855e+02 7.7825701904e+02 7.7835302734e+02 7.7840100098e+02 7.7847698975e+02 7.7851702881e+02 7.7853399658e+02 7.7853997803e+02 7.7852502441e+02 7.7852899170e+02 7.7857098389e+02 7.7865802002e+02 7.7878100586e+02 7.7881799316e+02 7.7873602295e+02 7.7851800537e+02 7.7823101807e+02 7.7797998047e+02 7.7780297852e+02 7.7771301270e+02 7.7767602539e+02 7.7765899658e+02 7.7765600586e+02 7.7767797852e+02 7.7775701904e+02 7.7786901855e+02 7.7801202393e+02 7.7811999512e+02 7.7812701416e+02 7.7807098389e+02 7.7798602295e+02 7.7789898682e+02 7.7784997559e+02 7.7778198242e+02 7.7770098877e+02 7.7760101318e+02 7.7747302246e+02 7.7739300537e+02 7.7733502197e+02 7.7726898193e+02 7.7721502686e+02 7.7712597656e+02 7.7702398682e+02 7.7698297119e+02 7.7699102783e+02
7.7779901123e+02 7.7791699219e+02 7.7803302002e+02 7.7813397217e+02 7.7822100830e+02 7.7825299072e+02 7.7827301025e+02 7.7830102539e+02 7.7834899902e+02 7.7833099365e+02 7.7833502197e+02 7.7836798096e+02 7.7842901611e+02 7.7852899170e+02 7.7857702637e+02 7.7851599121e+02 7.7833898926e+02 7.7801300049e+02 7.7774798584e+02 7.7756799316e+02 7.7750299072e+02 7.7747100830e+02 7.7746099854e+02 7.7747998047e+02 7.7754199219e+02 7.7763800049e+02 7.7775000000e+02 7.7787200928e+02 7.7794500732e+02 7.7793200684e+02 7.7787902832e+02 7.7775097656e+02 7.7757598877e+02 7.7749499512e+02 7.7744299316e+02 7.7736499023e+02 7.7727099609e+02 7.7717797852e+02 7.7709899902e+02 7.7702398682e+02 7.7692999268e+02 7.7686901855e+02 7.7677697754e+02 7.7669799805e+02 7.7669897461e+02 7.7668798828e+02
7.7763800049e+02 7.7775299072e+02 7.7783898926e+02 7.7792102051e+02 7.7798101807e+02 7.7801098633e+02 7.7803601074e+02 7.7807397461e+02 7.7812298584e+02 7.7812200928e+02 7.7813702393e+02 7.7818200684e+02 7.7826300049e+02 7.7832397461e+02 7.7833697510e+02 7.7825500488e+02 7.7805102539e+02 7.7775701904e+02 7.7750201416e+02 7.7733801270e+02 7.7728198242e+02 7.7727099609e+02 7.7728802490e+02 7.7733001709e+02 7.7740600586e+02 7.7752001953e+02 7.7766699219e+02 7.7775701904e+02 7.7774102783e+02 7.7769097900e+02 7.7765301514e+02 7.7753997803e+02 7.7734600830e+02 7.7720098877e+02 7.7710302734e+02 7.7701898193e+02 7.7695300293e+02 7.7688098145e+02 7.7680700684e+02 7.7672302246e+02 7.7663397217e+02 7.7657000732e+02 7.7648297119e+02 7.7644598389e+02 7.7645599365e+02 7.7640301514e+02
7.7743902588e+02 7.7754699707e+02 7.7761602783e+02 7.7767498779e+02 7.7772100830e+02 7.7776800537e+02 7.7781201172e+02 7.7786798096e+02 7.7792602539e+02 7.7794500732e+02 7.7796899414e+02 7.7800402832e+02 7.7806799316e+02 7.7805499268e+02 7.7798999023e+02 7.7786297607e+02 7.7766400146e+02 7.7741601563e+02 7.7721502686e+02 7.7709899902e+02 7.7706701660e+02 7.7708099365e+02 7.7712200928e+02 7.7718597412e+02 7.7728002930e+02 7.7744201660e+02 7.7764898682e+02 7.7767199707e+02 7.7757299805e+02 7.7751702881e+02 7.7745599365e+02 7.7734698486e+02 7.7717297363e+02 7.7699200439e+02 7.7684997559e+02 7.7673602295e+02 7.7665399170e+02 7.7659899902e+02 7.7654797363e+02 7.7647399902e+02 7.7638598633e+02 7.7630999756e+02 7.7623797607e+02 7.7621801758e+02 7.7618798828e+02 7.7610797119e+02
7.7722802734e+02 7.7730499268e+02 7.7733898926e+02 7.7739300537e+02 7.7746600342e+02 7.7753100586e+02 7.7759497070e+02 7.7767602539e+02 7.7775799561e+02 7.7778698730e+02 7.7779901123e+02 7.7777899170e+02 7.7776702881e+02 7.7767602539e+02 7.7754199219e+02 7.7739202881e+02 7.7722900391e+02 7.7705700684e+02 7.7693499756e+02 7.7687799072e+02 7.7687597656e+02 7.7691101074e+02 7.7697100830e+02 7.7705999756e+02 7.7717901611e+02 7.7736297607e+02 7.7761199951e+02 7.7761199951e+02 7.7746697998e+02 7.7741998291e+02 7.7731500244e+02 7.7716198730e+02 7.7697302246e+02 7.7678698730e+02 7.7663397217e+02 7.7650402832e+02 7.7639801025e+02 7.7634997559e+02 7.7632000732e+02 7.7626300049e+02 7.7617700195e+02 7.7607000732e+02 7.7600799561e+02 7.7599298096e+02 7.7592199707e+02 7.7583898926e+02
