TESTSERVER/24/4.asc
NCOLS 100
NROWS 100
XLLCORNER 8.6997500000e+03
YLLCORNER 2.8975025000e+05
CELLSIZE 5.0000000000e-01
NODATA_VALUE -9.9990000000e+03
[rows 80 to 99 of 100, columns 46 to 91 of 100]
7.6075299072e+02 7.6066601563e+02 7.6060302734e+02 7.6057098389e+02 7.6052001953e+02 7.6043103027e+02 7.6028900146e+02 7.6021301270e+02 7.6014099121e+02 7.6005401611e+02 7.5993597412e+02 7.5983599854e+02 7.5972698975e+02 7.5963098145e+02 7.5955603027e+02 7.5952899170e+02 7.5952197266e+02 7.5953399658e+02 7.5957299805e+02 7.5955603027e+02 7.5953002930e+02 7.5950897217e+02 7.5949401855e+02 7.5947698975e+02 7.5943798828e+02 7.5938000488e+02 7.5933001709e+02 7.5933197021e+02 7.5932800293e+02 7.5929998779e+02 7.5925299072e+02 7.5917700195e+02 7.5904699707e+02 7.5893701172e+02 7.5886602783e+02 7.5882598877e+02 7.5879998779e+02 7.5878698730e+02 7.5878997803e+02 7.5879602051e+02 7.5880902100e+02 7.5882202148e+02 7.5881896973e+02 7.5881298828e+02 7.5879302979e+02 7.5878198242e+02
7.6054797363e+02 7.6048199463e+02 7.6043499756e+02 7.6040100098e+02 7.6035198975e+02 7.6024401855e+02 7.6007000732e+02 7.5993798828e+02 7.5987799072e+02 7.5981500244e+02 7.5971099854e+02 7.5958898926e+02 7.5947100830e+02 7.5938598633e+02 7.5933898926e+02 7.5932299805e+02 7.5933697510e+02 7.5936499023e+02 7.5939001465e+02 7.5935198975e+02 7.5930700684e+02 7.5928802490e+02 7.5927502441e+02 7.5925897217e+02 7.5922802734e+02 7.5918103027e+02 7.5913201904e+02 7.5913397217e+02 7.5911999512e+02 7.5907299805e+02 7.5898199463e+02 7.5887500000e+02 7.5876000977e+02 7.5865698242e+02 7.5857000732e+02 7.5852197266e+02 7.5850799561e+02 7.5851000977e+02 7.5852697754e+02 7.5854498291e+02 7.5856201172e+02 7.5857501221e+02 7.5857098389e+02 7.5856298828e+02 7.5854302979e+02 7.5851898193e+02
7.6035699463e+02 7.6030401611e+02 7.6027099609e+02 7.6025299072e+02 7.6020001221e+02 7.6007702637e+02 7.5987799072e+02 7.5969500732e+02 7.5961199951e+02 7.5955603027e+02 7.5946997070e+02 7.5934997559e+02 7.5924902344e+02 7.5919097900e+02 7.5916601563e+02 7.5915600586e+02 7.5916998291e+02 7.5918499756e+02 7.5917700195e+02 7.5911999512e+02 7.5908398438e+02 7.5907501221e+02 7.5905401611e+02 7.5901300049e+02 7.5897198486e+02 7.5893902588e+02 7.5890899658e+02 7.5890698242e+02 7.5887298584e+02 7.5881298828e+02 7.5870898438e+02 7.5858599854e+02 7.5846197510e+02 7.5836499023e+02 7.5827899170e+02 7.5823498535e+02 7.5822601318e+02 7.5825500488e+02 7.5828399658e+02 7.5830798340e+02 7.5832397461e+02 7.5832598877e+02 7.5832299805e+02 7.5831097412e+02 7.5827600098e+02 7.5822100830e+02
7.6017602539e+02 7.6012597656e+02 7.6009600830e+02 7.6007897949e+02 7.6001202393e+02 7.5986901855e+02 7.5966900635e+02 7.5945599365e+02 7.5934301758e+02 7.5928302002e+02 7.5921301270e+02 7.5911901855e+02 7.5905603027e+02 7.5903497314e+02 7.5903698730e+02 7.5903002930e+02 7.5902301025e+02 7.5900097656e+02 7.5895098877e+02 7.5889202881e+02 7.5886901855e+02 7.5886798096e+02 7.5883398438e+02 7.5877197266e+02 7.5872399902e+02 7.5869799805e+02 7.5869000244e+02 7.5869598389e+02 7.5866998291e+02 7.5859197998e+02 7.5847900391e+02 7.5834399414e+02 7.5820300293e+02 7.5809997559e+02 7.5803198242e+02 7.5800201416e+02 7.5801000977e+02 7.5803399658e+02 7.5805999756e+02 7.5807897949e+02 7.5808898926e+02 7.5809002686e+02 7.5807897949e+02 7.5804602051e+02 7.5797302246e+02 7.5787200928e+02
7.6000299072e+02 7.5994097900e+02 7.5988201904e+02 7.5984399414e+02 7.5973901367e+02 7.5955401611e+02 7.5933099365e+02 7.5919097900e+02 7.5907202148e+02 7.5901000977e+02 7.5894799805e+02 7.5890002441e+02 7.5888598633e+02 7.5890301514e+02 7.5894799805e+02 7.5893402100e+02 7.5888897705e+02 7.5882598877e+02 7.5875701904e+02 7.5869702148e+02 7.5866601563e+02 7.5864801025e+02 7.5860699463e+02 7.5854901123e+02 7.5850299072e+02 7.5848297119e+02 7.5848297119e+02 7.5850299072e+02 7.5849597168e+02 7.5841198730e+02 7.5826702881e+02 7.5811499023e+02 7.5796697998e+02 7.5787902832e+02 7.5785498047e+02 7.5784100342e+02 7.5783697510e+02 7.5783599854e+02 7.5784100342e+02 7.5784899902e+02 7.5785998535e+02 7.5786102295e+02 7.5783398438e+02 7.5775500488e+02 7.5763800049e+02 7.5747399902e+02
7.5978198242e+02 7.5969299316e+02 7.5959301758e+02 7.5949200439e+02 7.5935302734e+02 7.5915197754e+02 7.5898602295e+02 7.5885498047e+02 7.5877398682e+02 7.5874902344e+02 7.5873999023e+02 7.5873999023e+02 7.5878302002e+02 7.5884899902e+02 7.5889099121e+02 7.5883300781e+02 7.5876098633e+02 7.5867999268e+02 7.5858502197e+02 7.5850897217e+02 7.5846099854e+02 7.5842498779e+02 7.5838702393e+02 7.5833398438e+02 7.5830102539e+02 7.5828900146e+02 7.5829602051e+02 7.5832098389e+02 7.5830499268e+02 7.5819897461e+02 7.5803002930e+02 7.5788702393e+02 7.5777899170e+02 7.5771697998e+02 7.5770501709e+02 7.5768902588e+02 7.5766400146e+02 7.5764398193e+02 7.5763000488e+02 7.5762402344e+02 7.5762799072e+02 7.5761602783e+02 7.5754901123e+02 7.5743402100e+02 7.5726202393e+02 7.5703997803e+02
7.5951702881e+02 7.5943200684e+02 7.5933697510e+02 7.5922900391e+02 7.5908099365e+02 7.5888702393e+02 7.5871899414e+02 7.5856799316e+02 7.5848797607e+02 7.5849401855e+02 7.5853900146e+02 7.5861199951e+02 7.5873699951e+02 7.5885302734e+02 7.5885101318e+02 7.5873101807e+02 7.5863201904e+02 7.5852899170e+02 7.5841400146e+02 7.5832202148e+02 7.5826300049e+02 7.5821801758e+02 7.5817602539e+02 7.5813098145e+02 7.5810900879e+02 7.5810101318e+02 7.5810797119e+02 7.5810797119e+02 7.5806298828e+02 7.5795397949e+02 7.5781298828e+02 7.5771600342e+02 7.5765502930e+02 7.5758898926e+02 7.5754199219e+02 7.5749902344e+02 7.5746099854e+02 7.5744299316e+02 7.5741802979e+02 7.5739697266e+02 7.5736602783e+02 7.5731298828e+02 7.5721697998e+02 7.5706701660e+02 7.5685699463e+02 7.5660302734e+02
7.5924298096e+02 7.5917199707e+02 7.5908697510e+02 7.5898400879e+02 7.5883898926e+02 7.5865399170e+02 7.5847497559e+02 7.5830499268e+02 7.5823199463e+02 7.5827001953e+02 7.5835998535e+02 7.5850299072e+02 7.5869396973e+02 7.5884002686e+02 7.5878497314e+02 7.5861102295e+02 7.5848901367e+02 7.5836700439e+02 7.5824200439e+02 7.5814001465e+02 7.5807098389e+02 7.5802001953e+02 7.5797698975e+02 7.5793701172e+02 7.5791900635e+02 7.5791497803e+02 7.5791400146e+02 7.5788598633e+02 7.5782598877e+02 7.5774401855e+02 7.5765600586e+02 7.5756896973e+02 7.5749200439e+02 7.5741101074e+02 7.5734698486e+02 7.5730700684e+02 7.5727398682e+02 7.5724298096e+02 7.5720898438e+02 7.5717401123e+02 7.5709497070e+02 7.5697802734e+02 7.5683300781e+02 7.5665002441e+02 7.5643298340e+02 7.5621301270e+02
7.5896197510e+02 7.5889697266e+02 7.5881500244e+02 7.5870599365e+02 7.5857397461e+02 7.5840100098e+02 7.5821502686e+02 7.5805200195e+02 7.5801501465e+02 7.5808898926e+02 7.5818597412e+02 7.5839398193e+02 7.5860198975e+02 7.5872198486e+02 7.5861901855e+02 7.5845397949e+02 7.5831799316e+02 7.5818597412e+02 7.5806701660e+02 7.5796997070e+02 7.5789300537e+02 7.5783398438e+02 7.5779602051e+02 7.5775097656e+02 7.5773199463e+02 7.5772900391e+02 7.5772802734e+02 7.5769201660e+02 7.5763500977e+02 7.5755700684e+02 7.5746197510e+02 7.5735400391e+02 7.5728302002e+02 7.5720098877e+02 7.5713299561e+02 7.5711700439e+02 7.5708001709e+02 7.5702502441e+02 7.5697802734e+02 7.5692102051e+02 7.5679998779e+02 7.5661401367e+02 7.5639501953e+02 7.5621002197e+02 7.5602001953e+02 7.5586297607e+02
7.5864801025e+02 7.5859497070e+02 7.5853601074e+02 7.5847302246e+02 7.5837500000e+02 7.5819299316e+02 7.5796801758e+02 7.5782598877e+02 7.5780999756e+02 7.5788598633e+02 7.5800299072e+02 7.5822998047e+02 7.5841802979e+02 7.5849902344e+02 7.5841302490e+02 7.5827697754e+02 7.5815600586e+02 7.5802899170e+02 7.5790802002e+02 7.5780499268e+02 7.5771899414e+02 7.5765100098e+02 7.5760198975e+02 7.5756402588e+02 7.5754302979e+02 7.5754302979e+02 7.5754797363e+02 7.5754901123e+02 7.5747802734e+02 7.5732598877e+02 7.5719201660e+02 7.5707800293e+02 7.5702099609e+02 7.5697998047e+02 7.5695898438e+02 7.5695697021e+02 7.5686999512e+02 7.5677697754e+02 7.5672302246e+02 7.5662701416e+02 7.5647399902e+02 7.5624597168e+02 7.5599700928e+02 7.5580700684e+02 7.5566998291e+02 7.5557299805e+02
7.5831597900e+02 7.5826898193e+02 7.5821899414e+02 7.5818902588e+02 7.5811999512e+02 7.5794201660e+02 7.5772802734e+02 7.5762597656e+02 7.5759600830e+02 7.5765502930e+02 7.5780700684e+02 7.5801800537e+02 7.5817999268e+02 7.5824798584e+02 7.5819299316e+02 7.5809899902e+02 7.5799298096e+02 7.5786999512e+02 7.5773797607e+02 7.5762200928e+02 7.5752801514e+02 7.5745697021e+02 7.5740399170e+02 7.5737200928e+02 7.5735302734e+02 7.5735400391e+02 7.5737200928e+02 7.5740600586e+02 7.5732000732e+02 7.5711700439e+02 7.5696197510e+02 7.5684899902e+02 7.5677899170e+02 7.5677301025e+02 7.5678997803e+02 7.5676501465e+02 7.5661102295e+02 7.5648199463e+02 7.5641400146e+02 7.5629498291e+02 7.5612298584e+02 7.5589801025e+02 7.5567199707e+02 7.5552301025e+02 7.5543402100e+02 7.5535601807e+02
7.5800500488e+02 7.5795697021e+02 7.5790997314e+02 7.5789300537e+02 7.5783801270e+02 7.5768499756e+02 7.5751702881e+02 7.5740698242e+02 7.5734497070e+02 7.5740997314e+02 7.5760400391e+02 7.5777801514e+02 7.5790802002e+02 7.5796899414e+02 7.5795800781e+02 7.5789599609e+02 7.5780297852e+02 7.5768499756e+02 7.5754699707e+02 7.5742297363e+02 7.5732397461e+02 7.5725201416e+02 7.5720098877e+02 7.5718298340e+02 7.5717498779e+02 7.5716900635e+02 7.5715502930e+02 7.5712902832e+02 7.5702697754e+02 7.5684802246e+02 7.5671502686e+02 7.5663500977e+02 7.5658001709e+02 7.5655603027e+02 7.5653802490e+02 7.5647100830e+02 7.5629998779e+02 7.5616601563e+02 7.5606799316e+02 7.5591400146e+02 7.5573699951e+02 7.5558001709e+02 7.5544897461e+02 7.5535998535e+02 7.5527899170e+02 7.5520898438e+02
7.5773699951e+02 7.5769897461e+02 7.5767102051e+02 7.5765899658e+02 7.5759497070e+02 7.5748297119e+02 7.5734997559e+02 7.5714599609e+02 7.5708697510e+02 7.5719097900e+02 7.5738800049e+02 7.5752502441e+02 7.5762200928e+02 7.5766699219e+02 7.5769396973e+02 7.5766497803e+02 7.5757897949e+02 7.5746600342e+02 7.5735101318e+02 7.5720800781e+02 7.5710302734e+02 7.5703399658e+02 7.5699499512e+02 7.5700201416e+02 7.5700299072e+02 7.5697497559e+02 7.5687200928e+02 7.5678802490e+02 7.5668200684e+02 7.5655200195e+02 7.5646697998e+02 7.5644201660e+02 7.5640002441e+02 7.5632299805e+02 7.5625000000e+02 7.5614099121e+02 7.5598199463e+02 7.5584399414e+02 7.5571099854e+02 7.5551898193e+02 7.5537500000e+02 7.5531500244e+02 7.5529602051e+02 7.5522100830e+02 7.5513098145e+02 7.5506201172e+02
7.5760198975e+02 7.5762402344e+02 7.5761297607e+02 7.5753601074e+02 7.5742498779e+02 7.5731402588e+02 7.5713201904e+02 7.5691101074e+02 7.5687902832e+02 7.5699200439e+02 7.5712097168e+02 7.5726501465e+02 7.5739099121e+02 7.5741699219e+02 7.5742700195e+02 7.5740100098e+02 7.5730700684e+02 7.5718402100e+02 7.5705902100e+02 7.5695098877e+02 7.5688000488e+02 7.5685198975e+02 7.5684301758e+02 7.5684997559e+02 7.5682397461e+02 7.5674102783e+02 7.5659899902e+02 7.5651501465e+02 7.5643298340e+02 7.5632000732e+02 7.5625000000e+02 7.5623602295e+02 7.5619097900e+02 7.5609802246e+02 7.5599298096e+02 7.5587097168e+02 7.5569201660e+02 7.5549700928e+02 7.5534301758e+02 7.5517498779e+02 7.5508398438e+02 7.5506597900e+02 7.5505700684e+02 7.5501702881e+02 7.5491900635e+02 7.5484698486e+02
7.5752502441e+02 7.5758300781e+02 7.5755603027e+02 7.5740698242e+02 7.5724902344e+02 7.5710797119e+02 7.5690301514e+02 7.5673699951e+02 7.5671502686e+02 7.5676800537e+02 7.5685900879e+02 7.5704699707e+02 7.5719299316e+02 7.5720599365e+02 7.5715100098e+02 7.5709698486e+02 7.5699798584e+02 7.5687701416e+02 7.5675598145e+02 7.5668200684e+02 7.5665502930e+02 7.5666198730e+02 7.5666601563e+02 7.5664099121e+02 7.5658398438e+02 7.5648999023e+02 7.5636999512e+02 7.5628399658e+02 7.5619598389e+02 7.5609802246e+02 7.5604400635e+02 7.5602301025e+02 7.5595898438e+02 7.5584600830e+02 7.5571801758e+02 7.5559899902e+02 7.5539801025e+02 7.5513299561e+02 7.5497802734e+02 7.5489898682e+02 7.5486499023e+02 7.5484197998e+02 7.5478399658e+02 7.5475701904e+02 7.5469500732e+02 7.5465301514e+02
7.5736700439e+02 7.5742797852e+02 7.5737200928e+02 7.5720397949e+02 7.5704101563e+02 7.5689300537e+02 7.5671997070e+02 7.5658898926e+02 7.5652899170e+02 7.5653497314e+02 7.5663098145e+02 7.5679998779e+02 7.5691802979e+02 7.5690802002e+02 7.5683099365e+02 7.5677197266e+02 7.5668200684e+02 7.5657897949e+02 7.5648101807e+02 7.5644299316e+02 7.5644598389e+02 7.5645898438e+02 7.5644299316e+02 7.5640802002e+02 7.5636297607e+02 7.5627197266e+02 7.5615899658e+02 7.5606097412e+02 7.5594897461e+02 7.5586999512e+02 7.5582800293e+02 7.5579901123e+02 7.5572198486e+02 7.5554498291e+02 7.5534802246e+02 7.5518499756e+02 7.5497698975e+02 7.5474298096e+02 7.5466601563e+02 7.5472497559e+02 7.5474597168e+02 7.5463598633e+02 7.5449597168e+02 7.5453802490e+02 7.5464001465e+02 7.5464501953e+02
7.5710198975e+02 7.5713500977e+02 7.5709802246e+02 7.5697698975e+02 7.5682202148e+02 7.5668298340e+02 7.5657702637e+02 7.5640399170e+02 7.5629901123e+02 7.5629101563e+02 7.5639300537e+02 7.5648400879e+02 7.5653198242e+02 7.5650598145e+02 7.5645501709e+02 7.5642999268e+02 7.5636499023e+02 7.5629602051e+02 7.5624499512e+02 7.5624200439e+02 7.5624597168e+02 7.5623101807e+02 7.5618597412e+02 7.5617401123e+02 7.5613397217e+02 7.5602502441e+02 7.5588800049e+02 7.5579797363e+02 7.5569097900e+02 7.5563702393e+02 7.5560699463e+02 7.5553100586e+02 7.5540197754e+02 7.5516198730e+02 7.5489300537e+02 7.5468798828e+02 7.5454602051e+02 7.5443402100e+02 7.5442199707e+02 7.5455999756e+02 7.5460699463e+02 7.5444702148e+02 7.5432397461e+02 7.5447900391e+02 7.5469396973e+02 7.5478002930e+02
7.5682098389e+02 7.5681597900e+02 7.5679498291e+02 7.5671398926e+02 7.5657702637e+02 7.5646899414e+02 7.5637200928e+02 7.5619097900e+02 7.5609899902e+02 7.5609698486e+02 7.5616101074e+02 7.5619097900e+02 7.5620697021e+02 7.5620001221e+02 7.5619396973e+02 7.5616198730e+02 7.5610302734e+02 7.5604602051e+02 7.5602502441e+02 7.5603002930e+02 7.5601599121e+02 7.5598400879e+02 7.5592999268e+02 7.5591497803e+02 7.5588500977e+02 7.5579699707e+02 7.5566302490e+02 7.5556799316e+02 7.5547198486e+02 7.5538201904e+02 7.5528198242e+02 7.5514801025e+02 7.5494000244e+02 7.5467901611e+02 7.5444500732e+02 7.5431896973e+02 7.5427600098e+02 7.5424102783e+02 7.5424401855e+02 7.5434399414e+02 7.5432897949e+02 7.5418200684e+02 7.5422802734e+02 7.5448400879e+02 7.5467901611e+02 7.5476202393e+02
7.5659301758e+02 7.5655902100e+02 7.5652899170e+02 7.5646899414e+02 7.5635302734e+02 7.5625598145e+02 7.5614501953e+02 7.5597100830e+02 7.5589099121e+02 7.5588800049e+02 7.5591998291e+02 7.5594097900e+02 7.5594702148e+02 7.5594097900e+02 7.5592700195e+02 7.5589599609e+02 7.5585400391e+02 7.5581201172e+02 7.5580200195e+02 7.5579699707e+02 7.5576501465e+02 7.5572302246e+02 7.5567297363e+02 7.5565600586e+02 7.5564898682e+02 7.5559997559e+02 7.5546502686e+02 7.5535900879e+02 7.5524597168e+02 7.5507000732e+02 7.5485400391e+02 7.5465502930e+02 7.5442102051e+02 7.5420300293e+02 7.5406799316e+02 7.5402801514e+02 7.5403900146e+02 7.5406896973e+02 7.5409301758e+02 7.5409698486e+02 7.5395300293e+02 7.5384600830e+02 7.5404302979e+02 7.5435498047e+02 7.5450799561e+02 7.5459002686e+02
7.5641497803e+02 7.5635998535e+02 7.5628601074e+02 7.5620501709e+02 7.5610601807e+02 7.5605102539e+02 7.5597198486e+02 7.5579498291e+02 7.5570697021e+02 7.5569598389e+02 7.5569201660e+02 7.5570397949e+02 7.5570098877e+02 7.5567901611e+02 7.5565301514e+02 7.5564801025e+02 7.5562799072e+02 7.5559899902e+02 7.5558197021e+02 7.5555401611e+02 7.5550500488e+02 7.5545599365e+02 7.5541601563e+02 7.5540197754e+02 7.5538397217e+02 7.5531896973e+02 7.5520098877e+02 7.5513000488e+02 7.5498101807e+02 7.5473999023e+02 7.5447698975e+02 7.5427600098e+02 7.5408197021e+02 7.5392602539e+02 7.5384802246e+02 7.5381402588e+02 7.5384100342e+02 7.5388000488e+02 7.5387402344e+02 7.5380297852e+02 7.5372302246e+02 7.5374401855e+02 7.5393902588e+02 7.5420599365e+02 7.5436499023e+02 7.5446997070e+02
