TESTSERVER/24/4.asc
NCOLS 100
NROWS 100
XLLCORNER 8.6997500000e+03
YLLCORNER 2.8975025000e+05
CELLSIZE 5.0000000000e-01
NODATA_VALUE -9.9990000000e+03
[rows 20 to 39 of 100, columns 46 to 91 of 100]
7.7558697510e+02 7.7555700684e+02 7.7555102539e+02 7.7552502441e+02 7.7548901367e+02 7.7545300293e+02 7.7540399170e+02 7.7540899658e+02 7.7542102051e+02 7.7544097900e+02 7.7556298828e+02 7.7553302002e+02 7.7543902588e+02 7.7537799072e+02 7.7536700439e+02 7.7532702637e+02 7.7525402832e+02 7.7517297363e+02 7.7509899902e+02 7.7498199463e+02 7.7487402344e+02 7.7476599121e+02 7.7467901611e+02 7.7460797119e+02 7.7452600098e+02 7.7443200684e+02 7.7433801270e+02 7.7422900391e+02 7.7411499023e+02 7.7400701904e+02 7.7389001465e+02 7.7379302979e+02 7.7370599365e+02 7.7361901855e+02 7.7354302979e+02 7.7343902588e+02 7.7331298828e+02 7.7317498779e+02 7.7303198242e+02 7.7289599609e+02 7.7275000000e+02 7.7260101318e+02 7.7247802734e+02 7.7239801025e+02 7.7236199951e+02 7.7235400391e+02
7.7540698242e+02 7.7536499023e+02 7.7532598877e+02 7.7523101807e+02 7.7513800049e+02 7.7509600830e+02 7.7507501221e+02 7.7508001709e+02 7.7511901855e+02 7.7511700439e+02 7.7512298584e+02 7.7509997559e+02 7.7507299805e+02 7.7507202148e+02 7.7505700684e+02 7.7500097656e+02 7.7495001221e+02 7.7488098145e+02 7.7480401611e+02 7.7471002197e+02 7.7459802246e+02 7.7448797607e+02 7.7440502930e+02 7.7435101318e+02 7.7429400635e+02 7.7423199463e+02 7.7415899658e+02 7.7405297852e+02 7.7388897705e+02 7.7375299072e+02 7.7363299561e+02 7.7354101563e+02 7.7346197510e+02 7.7338800049e+02 7.7330902100e+02 7.7319000244e+02 7.7303900146e+02 7.7287500000e+02 7.7271099854e+02 7.7254400635e+02 7.7239001465e+02 7.7225598145e+02 7.7216302490e+02 7.7211297607e+02 7.7209802246e+02 7.7209997559e+02
7.7525799561e+02 7.7519702148e+02 7.7513098145e+02 7.7500299072e+02 7.7488500977e+02 7.7483697510e+02 7.7482897949e+02 7.7483001709e+02 7.7482299805e+02 7.7478198242e+02 7.7473999023e+02 7.7474401855e+02 7.7476300049e+02 7.7475201416e+02 7.7469396973e+02 7.7465100098e+02 7.7461401367e+02 7.7455999756e+02 7.7449298096e+02 7.7440502930e+02 7.7430297852e+02 7.7420397949e+02 7.7412500000e+02 7.7407501221e+02 7.7402600098e+02 7.7397100830e+02 7.7388598633e+02 7.7375097656e+02 7.7359002686e+02 7.7348297119e+02 7.7340802002e+02 7.7334100342e+02 7.7327197266e+02 7.7319299316e+02 7.7310797119e+02 7.7298498535e+02 7.7282598877e+02 7.7263098145e+02 7.7244299316e+02 7.7226202393e+02 7.7210400391e+02 7.7197998047e+02 7.7190802002e+02 7.7188098145e+02 7.7187799072e+02 7.7187701416e+02
7.7510302734e+02 7.7503198242e+02 7.7493701172e+02 7.7480700684e+02 7.7469299316e+02 7.7463000488e+02 7.7458502197e+02 7.7459497070e+02 7.7459301758e+02 7.7455999756e+02 7.7449700928e+02 7.7449298096e+02 7.7446197510e+02 7.7438098145e+02 7.7429901123e+02 7.7429101563e+02 7.7426501465e+02 7.7422399902e+02 7.7416497803e+02 7.7408801270e+02 7.7400000000e+02 7.7391400146e+02 7.7383898926e+02 7.7378802490e+02 7.7373797607e+02 7.7367297363e+02 7.7355902100e+02 7.7340100098e+02 7.7327502441e+02 7.7321301270e+02 7.7318597412e+02 7.7314099121e+02 7.7307098389e+02 7.7298901367e+02 7.7290698242e+02 7.7279400635e+02 7.7263098145e+02 7.7242602539e+02 7.7222802734e+02 7.7205401611e+02 7.7190502930e+02 7.7178100586e+02 7.7171002197e+02 7.7169097900e+02 7.7169396973e+02 7.7169201660e+02
7.7487902832e+02 7.7481799316e+02 7.7472100830e+02 7.7461999512e+02 7.7452197266e+02 7.7441900635e+02 7.7430902100e+02 7.7438299561e+02 7.7448400879e+02 7.7446899414e+02 7.7428997803e+02 7.7419299316e+02 7.7411199951e+02 7.7402502441e+02 7.7395202637e+02 7.7392999268e+02 7.7390100098e+02 7.7386297607e+02 7.7381298828e+02 7.7376800537e+02 7.7369897461e+02 7.7362701416e+02 7.7356597900e+02 7.7351300049e+02 7.7345599365e+02 7.7337902832e+02 7.7326098633e+02 7.7312298584e+02 7.7301800537e+02 7.7297100830e+02 7.7295098877e+02 7.7290899658e+02 7.7283502197e+02 7.7275000000e+02 7.7266699219e+02 7.7256701660e+02 7.7241101074e+02 7.7221398926e+02 7.7202600098e+02 7.7189001465e+02 7.7176202393e+02 7.7164001465e+02 7.7155401611e+02 7.7153497314e+02 7.7153698730e+02 7.7154101563e+02
7.7465600586e+02 7.7460900879e+02 7.7450598145e+02 7.7442401123e+02 7.7430798340e+02 7.7415997314e+02 7.7408099365e+02 7.7411798096e+02 7.7414898682e+02 7.7407702637e+02 7.7389300537e+02 7.7378002930e+02 7.7371502686e+02 7.7367797852e+02 7.7361901855e+02 7.7357202148e+02 7.7354602051e+02 7.7352197266e+02 7.7350299072e+02 7.7347399902e+02 7.7342297363e+02 7.7336102295e+02 7.7329998779e+02 7.7325799561e+02 7.7320501709e+02 7.7313299561e+02 7.7303198242e+02 7.7290301514e+02 7.7278302002e+02 7.7270800781e+02 7.7266900635e+02 7.7261798096e+02 7.7254101563e+02 7.7245898438e+02 7.7237902832e+02 7.7227801514e+02 7.7212902832e+02 7.7195697021e+02 7.7181597900e+02 7.7172998047e+02 7.7163702393e+02 7.7152001953e+02 7.7142999268e+02 7.7139501953e+02 7.7138397217e+02 7.7140100098e+02
7.7442999268e+02 7.7434802246e+02 7.7424902344e+02 7.7420001221e+02 7.7408099365e+02 7.7392102051e+02 7.7384497070e+02 7.7379400635e+02 7.7373297119e+02 7.7364398193e+02 7.7351000977e+02 7.7340600586e+02 7.7334997559e+02 7.7332598877e+02 7.7325500488e+02 7.7321002197e+02 7.7319000244e+02 7.7318402100e+02 7.7319500732e+02 7.7319396973e+02 7.7316601563e+02 7.7311700439e+02 7.7305401611e+02 7.7300299072e+02 7.7295300293e+02 7.7289001465e+02 7.7280999756e+02 7.7269500732e+02 7.7256701660e+02 7.7245800781e+02 7.7237200928e+02 7.7228900146e+02 7.7221899414e+02 7.7214501953e+02 7.7207397461e+02 7.7196899414e+02 7.7182000732e+02 7.7167901611e+02 7.7159100342e+02 7.7155603027e+02 7.7149298096e+02 7.7139001465e+02 7.7130700684e+02 7.7126098633e+02 7.7123101807e+02 7.7123999023e+02
7.7416900635e+02 7.7406201172e+02 7.7398602295e+02 7.7394897461e+02 7.7384600830e+02 7.7370397949e+02 7.7361700439e+02 7.7349597168e+02 7.7338800049e+02 7.7328900146e+02 7.7318701172e+02 7.7309399414e+02 7.7301800537e+02 7.7296600342e+02 7.7288299561e+02 7.7285302734e+02 7.7283300781e+02 7.7283801270e+02 7.7287701416e+02 7.7290899658e+02 7.7290698242e+02 7.7287902832e+02 7.7281097412e+02 7.7274102783e+02 7.7268298340e+02 7.7262298584e+02 7.7255499268e+02 7.7246197510e+02 7.7234802246e+02 7.7223797607e+02 7.7212597656e+02 7.7201800537e+02 7.7194201660e+02 7.7187701416e+02 7.7180902100e+02 7.7169799805e+02 7.7155401611e+02 7.7142797852e+02 7.7136700439e+02 7.7135998535e+02 7.7131298828e+02 7.7122998047e+02 7.7117498779e+02 7.7113500977e+02 7.7108398438e+02 7.7105999756e+02
7.7385498047e+02 7.7378601074e+02 7.7371997070e+02 7.7366601563e+02 7.7359399414e+02 7.7349700928e+02 7.7342602539e+02 7.7328698730e+02 7.7314300537e+02 7.7299700928e+02 7.7288098145e+02 7.7279101563e+02 7.7268798828e+02 7.7261999512e+02 7.7257202148e+02 7.7251702881e+02 7.7248901367e+02 7.7249700928e+02 7.7253900146e+02 7.7259698486e+02 7.7263000488e+02 7.7261700439e+02 7.7254602051e+02 7.7245599365e+02 7.7237500000e+02 7.7230499268e+02 7.7222900391e+02 7.7216699219e+02 7.7209197998e+02 7.7201501465e+02 7.7193103027e+02 7.7182299805e+02 7.7173297119e+02 7.7165600586e+02 7.7158599854e+02 7.7146801758e+02 7.7132098389e+02 7.7119299316e+02 7.7112799072e+02 7.7111499023e+02 7.7108502197e+02 7.7104302979e+02 7.7102301025e+02 7.7101202393e+02 7.7096197510e+02 7.7091198730e+02
7.7356701660e+02 7.7351098633e+02 7.7342700195e+02 7.7334002686e+02 7.7326800537e+02 7.7317498779e+02 7.7309698486e+02 7.7299298096e+02 7.7287402344e+02 7.7275500488e+02 7.7265600586e+02 7.7256201172e+02 7.7245300293e+02 7.7236602783e+02 7.7230999756e+02 7.7221899414e+02 7.7215100098e+02 7.7212597656e+02 7.7215997314e+02 7.7223602295e+02 7.7228198242e+02 7.7227600098e+02 7.7219396973e+02 7.7209997559e+02 7.7201300049e+02 7.7194201660e+02 7.7188800049e+02 7.7184301758e+02 7.7179199219e+02 7.7173400879e+02 7.7166998291e+02 7.7159899902e+02 7.7151000977e+02 7.7140997314e+02 7.7131896973e+02 7.7121197510e+02 7.7107299805e+02 7.7093701172e+02 7.7086102295e+02 7.7083697510e+02 7.7082897949e+02 7.7083697510e+02 7.7085797119e+02 7.7087097168e+02 7.7084997559e+02 7.7081402588e+02
7.7325201416e+02 7.7318499756e+02 7.7311297607e+02 7.7301397705e+02 7.7292401123e+02 7.7281597900e+02 7.7274499512e+02 7.7266497803e+02 7.7257202148e+02 7.7248999023e+02 7.7239898682e+02 7.7231799316e+02 7.7222302246e+02 7.7212500000e+02 7.7203601074e+02 7.7192498779e+02 7.7183197021e+02 7.7177899170e+02 7.7178198242e+02 7.7182800293e+02 7.7185900879e+02 7.7185699463e+02 7.7179602051e+02 7.7171997070e+02 7.7164697266e+02 7.7158801270e+02 7.7154602051e+02 7.7152099609e+02 7.7148797607e+02 7.7143902588e+02 7.7138000488e+02 7.7132598877e+02 7.7125500488e+02 7.7115002441e+02 7.7105200195e+02 7.7095397949e+02 7.7082897949e+02 7.7069702148e+02 7.7060797119e+02 7.7057598877e+02 7.7059301758e+02 7.7063299561e+02 7.7067901611e+02 7.7071099854e+02 7.7071099854e+02 7.7069299316e+02
7.7294897461e+02 7.7285198975e+02 7.7277899170e+02 7.7271002197e+02 7.7261798096e+02 7.7250097656e+02 7.7243402100e+02 7.7235797119e+02 7.7227099609e+02 7.7219598389e+02 7.7209997559e+02 7.7203002930e+02 7.7194201660e+02 7.7183398438e+02 7.7171801758e+02 7.7160900879e+02 7.7151898193e+02 7.7145898438e+02 7.7142297363e+02 7.7141497803e+02 7.7142199707e+02 7.7141900635e+02 7.7139099121e+02 7.7134802246e+02 7.7129498291e+02 7.7125201416e+02 7.7122100830e+02 7.7120599365e+02 7.7118798828e+02 7.7115100098e+02 7.7109399414e+02 7.7104498291e+02 7.7098999023e+02 7.7090698242e+02 7.7082202148e+02 7.7072497559e+02 7.7060699463e+02 7.7047998047e+02 7.7039099121e+02 7.7036199951e+02 7.7039300537e+02 7.7045098877e+02 7.7050201416e+02 7.7052600098e+02 7.7052502441e+02 7.7050500488e+02
7.7271801758e+02 7.7258001709e+02 7.7244897461e+02 7.7236901855e+02 7.7227301025e+02 7.7217700195e+02 7.7210302734e+02 7.7201397705e+02 7.7194500732e+02 7.7187701416e+02 7.7179302979e+02 7.7169500732e+02 7.7159399414e+02 7.7148498535e+02 7.7136199951e+02 7.7125799561e+02 7.7119598389e+02 7.7115197754e+02 7.7109698486e+02 7.7103698730e+02 7.7102001953e+02 7.7102001953e+02 7.7102801514e+02 7.7100799561e+02 7.7097802734e+02 7.7094500732e+02 7.7092199707e+02 7.7089501953e+02 7.7087902832e+02 7.7085101318e+02 7.7080603027e+02 7.7076599121e+02 7.7072698975e+02 7.7066998291e+02 7.7059600830e+02 7.7049401855e+02 7.7037402344e+02 7.7025701904e+02 7.7017797852e+02 7.7017401123e+02 7.7021697998e+02 7.7027697754e+02 7.7032098389e+02 7.7032897949e+02 7.7030200195e+02 7.7026397705e+02
7.7245800781e+02 7.7230999756e+02 7.7215502930e+02 7.7202697754e+02 7.7196197510e+02 7.7191998291e+02 7.7180902100e+02 7.7168798828e+02 7.7160998535e+02 7.7153997803e+02 7.7145898438e+02 7.7134399414e+02 7.7124298096e+02 7.7114801025e+02 7.7103302002e+02 7.7093103027e+02 7.7087200928e+02 7.7083197021e+02 7.7076702881e+02 7.7070098877e+02 7.7067297363e+02 7.7067297363e+02 7.7069396973e+02 7.7069897461e+02 7.7067797852e+02 7.7064398193e+02 7.7060400391e+02 7.7057897949e+02 7.7056097412e+02 7.7053698730e+02 7.7050299072e+02 7.7047900391e+02 7.7045202637e+02 7.7040997314e+02 7.7034197998e+02 7.7024102783e+02 7.7012200928e+02 7.7001898193e+02 7.6996600342e+02 7.6998699951e+02 7.7003900146e+02 7.7009497070e+02 7.7013397217e+02 7.7013000488e+02 7.7008398438e+02 7.7003302002e+02
7.7214398193e+02 7.7199102783e+02 7.7184197998e+02 7.7171197510e+02 7.7164398193e+02 7.7158300781e+02 7.7149200439e+02 7.7140600586e+02 7.7132000732e+02 7.7124499512e+02 7.7115600586e+02 7.7103802490e+02 7.7094201660e+02 7.7085101318e+02 7.7073498535e+02 7.7062597656e+02 7.7055999756e+02 7.7051397705e+02 7.7045300293e+02 7.7038897705e+02 7.7035302734e+02 7.7034802246e+02 7.7036999512e+02 7.7038397217e+02 7.7036901855e+02 7.7033197021e+02 7.7028802490e+02 7.7026300049e+02 7.7024102783e+02 7.7022198486e+02 7.7019598389e+02 7.7017901611e+02 7.7016101074e+02 7.7012298584e+02 7.7005999756e+02 7.6996697998e+02 7.6985998535e+02 7.6978601074e+02 7.6975701904e+02 7.6978997803e+02 7.6984698486e+02 7.6989697266e+02 7.6992602539e+02 7.6992102051e+02 7.6989398193e+02 7.6984600830e+02
7.7185400391e+02 7.7169500732e+02 7.7154901123e+02 7.7141802979e+02 7.7131701660e+02 7.7122100830e+02 7.7114697266e+02 7.7108099365e+02 7.7101501465e+02 7.7095800781e+02 7.7088201904e+02 7.7076599121e+02 7.7066998291e+02 7.7057598877e+02 7.7045300293e+02 7.7033398438e+02 7.7026098633e+02 7.7020898438e+02 7.7015399170e+02 7.7009197998e+02 7.7005102539e+02 7.7003900146e+02 7.7005401611e+02 7.7006896973e+02 7.7005499268e+02 7.7002099609e+02 7.6997802734e+02 7.6995599365e+02 7.6993499756e+02 7.6991400146e+02 7.6988800049e+02 7.6986999512e+02 7.6985302734e+02 7.6982299805e+02 7.6976800537e+02 7.6969299316e+02 7.6961401367e+02 7.6956201172e+02 7.6954797363e+02 7.6957897949e+02 7.6963299561e+02 7.6967700195e+02 7.6970001221e+02 7.6970501709e+02 7.6970300293e+02 7.6968902588e+02
7.7162298584e+02 7.7145697021e+02 7.7128698730e+02 7.7115100098e+02 7.7103802490e+02 7.7093701172e+02 7.7086901855e+02 7.7080902100e+02 7.7076702881e+02 7.7071002197e+02 7.7060699463e+02 7.7048999023e+02 7.7038299561e+02 7.7027398682e+02 7.7014898682e+02 7.7004302979e+02 7.6996301270e+02 7.6991101074e+02 7.6986700439e+02 7.6981500244e+02 7.6977600098e+02 7.6976098633e+02 7.6977801514e+02 7.6976397705e+02 7.6974700928e+02 7.6971697998e+02 7.6969000244e+02 7.6965600586e+02 7.6963299561e+02 7.6961199951e+02 7.6958898926e+02 7.6955798340e+02 7.6954101563e+02 7.6951898193e+02 7.6947698975e+02 7.6941900635e+02 7.6936401367e+02 7.6933001709e+02 7.6932397461e+02 7.6935302734e+02 7.6939202881e+02 7.6942498779e+02 7.6944396973e+02 7.6946997070e+02 7.6949597168e+02 7.6952301025e+02
7.7131597900e+02 7.7112799072e+02 7.7096398926e+02 7.7084899902e+02 7.7073602295e+02 7.7063000488e+02 7.7056402588e+02 7.7050201416e+02 7.7046197510e+02 7.7038500977e+02 7.7025500488e+02 7.7014099121e+02 7.7003698730e+02 7.6993103027e+02 7.6982800293e+02 7.6972900391e+02 7.6965301514e+02 7.6961199951e+02 7.6959197998e+02 7.6955499268e+02 7.6952301025e+02 7.6950201416e+02 7.6948297119e+02 7.6945098877e+02 7.6942901611e+02 7.6940399170e+02 7.6937902832e+02 7.6935101318e+02 7.6932397461e+02 7.6929699707e+02 7.6926702881e+02 7.6923901367e+02 7.6922497559e+02 7.6921301270e+02 7.6918798828e+02 7.6914697266e+02 7.6910699463e+02 7.6908502197e+02 7.6908398438e+02 7.6910302734e+02 7.6912402344e+02 7.6914501953e+02 7.6917102051e+02 7.6921002197e+02 7.6925598145e+02 7.6930401611e+02
7.7101098633e+02 7.7081298828e+02 7.7066101074e+02 7.7052697754e+02 7.7039501953e+02 7.7030798340e+02 7.7026397705e+02 7.7017901611e+02 7.7012200928e+02 7.7002398682e+02 7.6989599609e+02 7.6979998779e+02 7.6971099854e+02 7.6962402344e+02 7.6952801514e+02 7.6943499756e+02 7.6937200928e+02 7.6934301758e+02 7.6933599854e+02 7.6930200195e+02 7.6926202393e+02 7.6922198486e+02 7.6917401123e+02 7.6912500000e+02 7.6908697510e+02 7.6905798340e+02 7.6903399658e+02 7.6900799561e+02 7.6897900391e+02 7.6895300293e+02 7.6892199707e+02 7.6889898682e+02 7.6889300537e+02 7.6889300537e+02 7.6888201904e+02 7.6885797119e+02 7.6883197021e+02 7.6882501221e+02 7.6882897949e+02 7.6883801270e+02 7.6883801270e+02 7.6884997559e+02 7.6888000488e+02 7.6893701172e+02 7.6899902344e+02 7.6905401611e+02
7.7072100830e+02 7.7052899170e+02 7.7038897705e+02 7.7022100830e+02 7.7009197998e+02 7.7004302979e+02 7.7000402832e+02 7.6991998291e+02 7.6983599854e+02 7.6970001221e+02 7.6955999756e+02 7.6948101807e+02 7.6941302490e+02 7.6934600830e+02 7.6925799561e+02 7.6917498779e+02 7.6912799072e+02 7.6910797119e+02 7.6910198975e+02 7.6905603027e+02 7.6899597168e+02 7.6892901611e+02 7.6885601807e+02 7.6878997803e+02 7.6873699951e+02 7.6869500732e+02 7.6865997314e+02 7.6863098145e+02 7.6860797119e+02 7.6858300781e+02 7.6855999756e+02 7.6854797363e+02 7.6855401611e+02 7.6856500244e+02 7.6856701660e+02 7.6855999756e+02 7.6855603027e+02 7.6855999756e+02 7.6856298828e+02 7.6856402588e+02 7.6856201172e+02 7.6856201172e+02 7.6859497070e+02 7.6866497803e+02 7.6874102783e+02 7.6879901123e+02
