TESTSERVER/24/5.asc
NCOLS 100
NROWS 100
XLLCORNER 8.6997500000e+03
YLLCORNER 2.8970025000e+05
CELLSIZE 5.0000000000e-01
NODATA_VALUE -9.9990000000e+03
[rows 40 to 59 of 100, columns 0 to 45 of 100]
7.5015100098e+02 7.5019500732e+02 7.5019897461e+02 7.5025097656e+02 7.5024401855e+02 7.5015100098e+02 7.5007397461e+02 7.5000500488e+02 7.4993902588e+02 7.4991198730e+02 7.4997399902e+02 7.5003198242e+02 7.4983001709e+02 7.4955999756e+02 7.4943902588e+02 7.4938702393e+02 7.4937902832e+02 7.4932000732e+02 7.4926098633e+02 7.4919000244e+02 7.4908697510e+02 7.4902697754e+02 7.4894396973e+02 7.4884600830e+02 7.4875799561e+02 7.4868200684e+02 7.4866497803e+02 7.4864697266e+02 7.4859399414e+02 7.4845300293e+02 7.4839697266e+02 7.4834497070e+02 7.4833898926e+02 7.4835302734e+02 7.4832397461e+02 7.4818499756e+02 7.4803002930e+02 7.4789501953e+02 7.4780297852e+02 7.4767498779e+02 7.4760198975e+02 7.4755798340e+02 7.4748797607e+02 7.4741998291e+02 7.4730603027e+02 7.4706402588e+02
7.4989801025e+02 7.4991601563e+02 7.4991699219e+02 7.4995202637e+02 7.4995599365e+02 7.4987298584e+02 7.4982702637e+02 7.4977899170e+02 7.4970202637e+02 7.4968103027e+02 7.4975799561e+02 7.4977899170e+02 7.4959100342e+02 7.4935900879e+02 7.4922399902e+02 7.4914599609e+02 7.4909698486e+02 7.4908001709e+02 7.4907098389e+02 7.4897802734e+02 7.4887097168e+02 7.4883398438e+02 7.4875000000e+02 7.4865100098e+02 7.4855401611e+02 7.4847998047e+02 7.4845397949e+02 7.4838500977e+02 7.4832299805e+02 7.4825299072e+02 7.4823400879e+02 7.4819702148e+02 7.4817199707e+02 7.4819097900e+02 7.4815197754e+02 7.4795397949e+02 7.4772802734e+02 7.4760101318e+02 7.4753900146e+02 7.4742700195e+02 7.4734899902e+02 7.4730700684e+02 7.4726800537e+02 7.4718402100e+02 7.4700701904e+02 7.4675799561e+02
7.4962597656e+02 7.4965301514e+02 7.4965100098e+02 7.4966601563e+02 7.4965698242e+02 7.4961102295e+02 7.4959899902e+02 7.4956500244e+02 7.4949499512e+02 7.4945697021e+02 7.4944598389e+02 7.4941400146e+02 7.4928100586e+02 7.4910498047e+02 7.4902197266e+02 7.4897802734e+02 7.4891101074e+02 7.4886499023e+02 7.4885198975e+02 7.4876000977e+02 7.4864801025e+02 7.4863098145e+02 7.4855999756e+02 7.4845599365e+02 7.4837298584e+02 7.4833001709e+02 7.4828997803e+02 7.4816302490e+02 7.4805102539e+02 7.4796899414e+02 7.4798498535e+02 7.4801202393e+02 7.4799102783e+02 7.4797100830e+02 7.4792401123e+02 7.4770202637e+02 7.4746600342e+02 7.4734997559e+02 7.4728198242e+02 7.4720501709e+02 7.4716802979e+02 7.4713598633e+02 7.4704699707e+02 7.4689398193e+02 7.4669396973e+02 7.4652899170e+02
7.4938500977e+02 7.4938500977e+02 7.4936499023e+02 7.4936999512e+02 7.4935400391e+02 7.4932202148e+02 7.4933898926e+02 7.4932702637e+02 7.4929101563e+02 7.4926898193e+02 7.4923901367e+02 7.4919702148e+02 7.4910797119e+02 7.4895599365e+02 7.4883697510e+02 7.4878002930e+02 7.4875500488e+02 7.4868701172e+02 7.4860699463e+02 7.4853900146e+02 7.4845397949e+02 7.4840899658e+02 7.4834600830e+02 7.4823400879e+02 7.4816101074e+02 7.4812200928e+02 7.4808801270e+02 7.4796398926e+02 7.4785400391e+02 7.4775701904e+02 7.4778302002e+02 7.4782800293e+02 7.4778802490e+02 7.4773699951e+02 7.4770599365e+02 7.4747302246e+02 7.4723699951e+02 7.4714099121e+02 7.4707897949e+02 7.4702301025e+02 7.4697399902e+02 7.4689501953e+02 7.4673498535e+02 7.4656701660e+02 7.4644799805e+02 7.4642999268e+02
7.4914697266e+02 7.4913500977e+02 7.4908697510e+02 7.4909497070e+02 7.4908300781e+02 7.4901898193e+02 7.4902600098e+02 7.4904302979e+02 7.4906799316e+02 7.4906799316e+02 7.4908300781e+02 7.4909100342e+02 7.4906402588e+02 7.4883502197e+02 7.4865698242e+02 7.4859197998e+02 7.4852301025e+02 7.4848101807e+02 7.4841601563e+02 7.4838800049e+02 7.4835400391e+02 7.4818103027e+02 7.4810302734e+02 7.4802099609e+02 7.4796997070e+02 7.4787200928e+02 7.4782299805e+02 7.4772998047e+02 7.4761401367e+02 7.4758398438e+02 7.4756500244e+02 7.4755999756e+02 7.4752301025e+02 7.4748901367e+02 7.4743499756e+02 7.4720001221e+02 7.4700897217e+02 7.4694799805e+02 7.4691699219e+02 7.4687097168e+02 7.4678802490e+02 7.4666900635e+02 7.4650097656e+02 7.4635101318e+02 7.4626300049e+02 7.4627899170e+02
7.4889801025e+02 7.4890002441e+02 7.4884399414e+02 7.4882000732e+02 7.4878497314e+02 7.4877099609e+02 7.4878698730e+02 7.4881298828e+02 7.4884301758e+02 7.4885498047e+02 7.4885400391e+02 7.4880603027e+02 7.4871099854e+02 7.4853198242e+02 7.4844598389e+02 7.4841101074e+02 7.4833001709e+02 7.4827697754e+02 7.4820300293e+02 7.4812500000e+02 7.4807202148e+02 7.4799298096e+02 7.4791802979e+02 7.4784399414e+02 7.4777697754e+02 7.4766302490e+02 7.4759497070e+02 7.4752502441e+02 7.4744897461e+02 7.4743499756e+02 7.4734802246e+02 7.4726397705e+02 7.4724902344e+02 7.4719000244e+02 7.4706298828e+02 7.4688098145e+02 7.4679199219e+02 7.4677197266e+02 7.4675402832e+02 7.4671398926e+02 7.4658197021e+02 7.4646502686e+02 7.4631896973e+02 7.4613201904e+02 7.4601000977e+02 7.4597198486e+02
7.4864898682e+02 7.4863397217e+02 7.4858502197e+02 7.4853900146e+02 7.4850598145e+02 7.4852899170e+02 7.4855102539e+02 7.4858197021e+02 7.4861999512e+02 7.4861901855e+02 7.4860498047e+02 7.4854199219e+02 7.4841101074e+02 7.4828900146e+02 7.4824298096e+02 7.4818798828e+02 7.4813201904e+02 7.4806701660e+02 7.4801000977e+02 7.4796600342e+02 7.4790502930e+02 7.4787200928e+02 7.4777197266e+02 7.4766400146e+02 7.4757702637e+02 7.4747601318e+02 7.4738098145e+02 7.4730102539e+02 7.4726599121e+02 7.4723901367e+02 7.4714801025e+02 7.4705200195e+02 7.4700000000e+02 7.4691998291e+02 7.4679602051e+02 7.4668402100e+02 7.4663800049e+02 7.4661700439e+02 7.4658300781e+02 7.4652099609e+02 7.4630102539e+02 7.4617199707e+02 7.4604302979e+02 7.4586297607e+02 7.4575897217e+02 7.4573199463e+02
7.4839599609e+02 7.4839801025e+02 7.4834997559e+02 7.4829199219e+02 7.4828198242e+02 7.4831298828e+02 7.4834399414e+02 7.4838500977e+02 7.4841998291e+02 7.4840802002e+02 7.4837902832e+02 7.4831500244e+02 7.4821502686e+02 7.4812402344e+02 7.4805200195e+02 7.4796899414e+02 7.4792297363e+02 7.4786798096e+02 7.4784899902e+02 7.4785601807e+02 7.4779998779e+02 7.4768701172e+02 7.4758300781e+02 7.4752099609e+02 7.4743701172e+02 7.4730902100e+02 7.4720001221e+02 7.4712298584e+02 7.4708001709e+02 7.4704101563e+02 7.4694897461e+02 7.4686798096e+02 7.4678802490e+02 7.4671301270e+02 7.4662500000e+02 7.4654901123e+02 7.4647100830e+02 7.4637500000e+02 7.4628601074e+02 7.4620098877e+02 7.4599401855e+02 7.4588500977e+02 7.4573797607e+02 7.4561901855e+02 7.4556597900e+02 7.4548498535e+02
7.4811999512e+02 7.4810498047e+02 7.4808801270e+02 7.4805401611e+02 7.4807000732e+02 7.4812799072e+02 7.4818298340e+02 7.4820001221e+02 7.4821398926e+02 7.4826300049e+02 7.4823297119e+02 7.4815100098e+02 7.4805200195e+02 7.4795397949e+02 7.4787597656e+02 7.4780798340e+02 7.4771600342e+02 7.4766601563e+02 7.4761798096e+02 7.4758300781e+02 7.4753399658e+02 7.4738897705e+02 7.4734497070e+02 7.4735101318e+02 7.4725897217e+02 7.4711297607e+02 7.4702301025e+02 7.4695501709e+02 7.4688800049e+02 7.4683502197e+02 7.4674200439e+02 7.4668103027e+02 7.4658398438e+02 7.4655603027e+02 7.4647900391e+02 7.4639599609e+02 7.4628601074e+02 7.4614599609e+02 7.4599597168e+02 7.4584497070e+02 7.4569897461e+02 7.4559899902e+02 7.4544598389e+02 7.4538397217e+02 7.4533197021e+02 7.4519500732e+02
7.4776898193e+02 7.4779699707e+02 7.4781799316e+02 7.4782299805e+02 7.4786700439e+02 7.4796398926e+02 7.4803002930e+02 7.4802301025e+02 7.4805499268e+02 7.4810699463e+02 7.4805102539e+02 7.4795898438e+02 7.4784600830e+02 7.4777001953e+02 7.4767102051e+02 7.4760101318e+02 7.4751898193e+02 7.4744396973e+02 7.4736602783e+02 7.4731799316e+02 7.4730297852e+02 7.4722698975e+02 7.4718402100e+02 7.4716802979e+02 7.4707098389e+02 7.4695501709e+02 7.4684997559e+02 7.4671899414e+02 7.4666400146e+02 7.4661297607e+02 7.4651501465e+02 7.4648797607e+02 7.4640002441e+02 7.4638098145e+02 7.4634301758e+02 7.4624700928e+02 7.4610400391e+02 7.4594097900e+02 7.4578900146e+02 7.4563299561e+02 7.4544702148e+02 7.4529699707e+02 7.4514697266e+02 7.4509802246e+02 7.4503399658e+02 7.4495800781e+02
7.4745001221e+02 7.4750500488e+02 7.4751202393e+02 7.4756097412e+02 7.4771197510e+02 7.4782397461e+02 7.4783599854e+02 7.4779101563e+02 7.4783001709e+02 7.4783697510e+02 7.4777697754e+02 7.4772998047e+02 7.4767700195e+02 7.4760998535e+02 7.4748297119e+02 7.4739599609e+02 7.4729199219e+02 7.4720599365e+02 7.4717297363e+02 7.4716101074e+02 7.4712200928e+02 7.4708502197e+02 7.4700799561e+02 7.4694500732e+02 7.4687799072e+02 7.4679302979e+02 7.4666101074e+02 7.4649700928e+02 7.4644299316e+02 7.4637500000e+02 7.4628601074e+02 7.4627398682e+02 7.4623797607e+02 7.4617102051e+02 7.4613897705e+02 7.4603900146e+02 7.4589501953e+02 7.4573498535e+02 7.4555499268e+02 7.4541198730e+02 7.4519396973e+02 7.4499902344e+02 7.4487097168e+02 7.4480200195e+02 7.4471398926e+02 7.4478997803e+02
7.4710400391e+02 7.4716400146e+02 7.4719799805e+02 7.4729797363e+02 7.4751202393e+02 7.4764099121e+02 7.4759399414e+02 7.4749597168e+02 7.4751300049e+02 7.4752398682e+02 7.4750299072e+02 7.4750500488e+02 7.4748400879e+02 7.4740399170e+02 7.4729498291e+02 7.4718902588e+02 7.4705200195e+02 7.4703399658e+02 7.4704199219e+02 7.4700201416e+02 7.4694396973e+02 7.4692401123e+02 7.4683801270e+02 7.4675097656e+02 7.4667999268e+02 7.4658801270e+02 7.4641900635e+02 7.4625799561e+02 7.4619396973e+02 7.4612597656e+02 7.4608300781e+02 7.4608001709e+02 7.4609600830e+02 7.4594598389e+02 7.4585998535e+02 7.4574200439e+02 7.4558300781e+02 7.4540899658e+02 7.4518701172e+02 7.4505297852e+02 7.4489501953e+02 7.4476599121e+02 7.4470300293e+02 7.4462402344e+02 7.4452301025e+02 7.4465698242e+02
7.4672802734e+02 7.4682501221e+02 7.4696002197e+02 7.4704199219e+02 7.4711297607e+02 7.4727899170e+02 7.4729797363e+02 7.4725000000e+02 7.4722698975e+02 7.4723101807e+02 7.4725897217e+02 7.4728698730e+02 7.4723498535e+02 7.4716198730e+02 7.4708099365e+02 7.4694897461e+02 7.4681500244e+02 7.4684100342e+02 7.4687298584e+02 7.4684399414e+02 7.4677697754e+02 7.4670300293e+02 7.4664202881e+02 7.4656201172e+02 7.4645397949e+02 7.4634301758e+02 7.4615997314e+02 7.4601702881e+02 7.4597100830e+02 7.4594702148e+02 7.4593902588e+02 7.4593597412e+02 7.4591198730e+02 7.4565698242e+02 7.4546398926e+02 7.4541998291e+02 7.4536499023e+02 7.4514501953e+02 7.4491101074e+02 7.4471099854e+02 7.4455499268e+02 7.4454199219e+02 7.4458502197e+02 7.4456597900e+02 7.4454101563e+02 7.4460998535e+02
7.4648699951e+02 7.4657098389e+02 7.4668103027e+02 7.4673901367e+02 7.4677899170e+02 7.4687500000e+02 7.4693701172e+02 7.4700701904e+02 7.4702197266e+02 7.4700097656e+02 7.4703698730e+02 7.4706298828e+02 7.4703198242e+02 7.4697998047e+02 7.4683697510e+02 7.4669299316e+02 7.4663201904e+02 7.4662799072e+02 7.4657000732e+02 7.4654602051e+02 7.4648602295e+02 7.4640502930e+02 7.4638299561e+02 7.4632501221e+02 7.4620397949e+02 7.4610797119e+02 7.4594299316e+02 7.4580999756e+02 7.4577099609e+02 7.4576898193e+02 7.4578100586e+02 7.4563000488e+02 7.4536999512e+02 7.4514398193e+02 7.4501599121e+02 7.4502697754e+02 7.4501397705e+02 7.4484899902e+02 7.4464099121e+02 7.4450097656e+02 7.4444500732e+02 7.4442999268e+02 7.4447198486e+02 7.4453198242e+02 7.4457800293e+02 7.4456799316e+02
7.4614898682e+02 7.4628302002e+02 7.4639300537e+02 7.4645697021e+02 7.4649597168e+02 7.4655297852e+02 7.4660797119e+02 7.4671502686e+02 7.4679302979e+02 7.4684002686e+02 7.4684600830e+02 7.4680603027e+02 7.4675799561e+02 7.4668499756e+02 7.4655200195e+02 7.4645300293e+02 7.4642999268e+02 7.4639801025e+02 7.4627301025e+02 7.4620001221e+02 7.4615802002e+02 7.4612799072e+02 7.4614801025e+02 7.4611901855e+02 7.4600201416e+02 7.4586798096e+02 7.4570001221e+02 7.4561102295e+02 7.4560601807e+02 7.4562097168e+02 7.4554998779e+02 7.4523498535e+02 7.4491998291e+02 7.4474700928e+02 7.4472100830e+02 7.4478198242e+02 7.4474298096e+02 7.4453601074e+02 7.4434002686e+02 7.4433099365e+02 7.4437097168e+02 7.4431799316e+02 7.4423602295e+02 7.4427502441e+02 7.4437500000e+02 7.4448797607e+02
7.4579602051e+02 7.4592901611e+02 7.4603198242e+02 7.4612500000e+02 7.4621197510e+02 7.4631500244e+02 7.4642199707e+02 7.4654797363e+02 7.4662597656e+02 7.4671600342e+02 7.4666900635e+02 7.4653900146e+02 7.4647900391e+02 7.4639697266e+02 7.4629901123e+02 7.4622802734e+02 7.4617700195e+02 7.4612402344e+02 7.4602398682e+02 7.4593798828e+02 7.4590002441e+02 7.4593597412e+02 7.4597399902e+02 7.4592102051e+02 7.4577301025e+02 7.4559197998e+02 7.4545001221e+02 7.4543103027e+02 7.4545697021e+02 7.4547198486e+02 7.4528802490e+02 7.4491900635e+02 7.4466802979e+02 7.4450000000e+02 7.4453997803e+02 7.4465100098e+02 7.4462402344e+02 7.4438397217e+02 7.4416101074e+02 7.4418402100e+02 7.4420501709e+02 7.4413598633e+02 7.4402001953e+02 7.4406597900e+02 7.4425500488e+02 7.4444702148e+02
7.4552197266e+02 7.4559899902e+02 7.4571099854e+02 7.4584698486e+02 7.4596899414e+02 7.4604797363e+02 7.4620098877e+02 7.4637402344e+02 7.4645202637e+02 7.4646502686e+02 7.4640301514e+02 7.4629199219e+02 7.4621600342e+02 7.4612200928e+02 7.4603900146e+02 7.4597497559e+02 7.4592999268e+02 7.4587298584e+02 7.4580902100e+02 7.4573400879e+02 7.4570501709e+02 7.4571997070e+02 7.4570898438e+02 7.4560699463e+02 7.4547302246e+02 7.4536499023e+02 7.4529199219e+02 7.4530102539e+02 7.4532501221e+02 7.4530102539e+02 7.4503100586e+02 7.4468103027e+02 7.4447399902e+02 7.4434698486e+02 7.4440502930e+02 7.4451599121e+02 7.4450500488e+02 7.4421697998e+02 7.4402001953e+02 7.4400402832e+02 7.4391601563e+02 7.4392999268e+02 7.4394201660e+02 7.4396099854e+02 7.4422998047e+02 7.4450097656e+02
7.4523797607e+02 7.4534399414e+02 7.4546899414e+02 7.4560198975e+02 7.4570202637e+02 7.4571697998e+02 7.4581402588e+02 7.4598901367e+02 7.4610601807e+02 7.4610198975e+02 7.4606298828e+02 7.4604797363e+02 7.4598400879e+02 7.4585101318e+02 7.4577001953e+02 7.4571002197e+02 7.4567498779e+02 7.4564001465e+02 7.4560198975e+02 7.4552099609e+02 7.4549102783e+02 7.4548901367e+02 7.4543103027e+02 7.4532202148e+02 7.4522302246e+02 7.4517797852e+02 7.4516998291e+02 7.4517297363e+02 7.4517297363e+02 7.4509899902e+02 7.4479699707e+02 7.4446197510e+02 7.4429797363e+02 7.4428302002e+02 7.4442498779e+02 7.4462097168e+02 7.4450402832e+02 7.4402398682e+02 7.4392297363e+02 7.4393103027e+02 7.4389697266e+02 7.4397399902e+02 7.4391900635e+02 7.4386602783e+02 7.4399798584e+02 7.4433001709e+02
7.4499499512e+02 7.4512298584e+02 7.4523901367e+02 7.4532598877e+02 7.4541101074e+02 7.4542999268e+02 7.4549700928e+02 7.4563098145e+02 7.4574597168e+02 7.4578802490e+02 7.4578302002e+02 7.4578497314e+02 7.4573901367e+02 7.4564099121e+02 7.4555499268e+02 7.4548101807e+02 7.4542901611e+02 7.4542401123e+02 7.4540399170e+02 7.4531896973e+02 7.4525799561e+02 7.4524401855e+02 7.4516802979e+02 7.4508197021e+02 7.4501898193e+02 7.4500799561e+02 7.4503100586e+02 7.4503698730e+02 7.4502099609e+02 7.4487402344e+02 7.4461499023e+02 7.4439300537e+02 7.4421697998e+02 7.4428802490e+02 7.4446801758e+02 7.4454498291e+02 7.4419396973e+02 7.4375097656e+02 7.4380700684e+02 7.4386798096e+02 7.4385998535e+02 7.4392700195e+02 7.4389801025e+02 7.4391497803e+02 7.4403100586e+02 7.4435101318e+02
7.4472497559e+02 7.4485498047e+02 7.4496899414e+02 7.4503698730e+02 7.4511102295e+02 7.4515997314e+02 7.4520697021e+02 7.4528399658e+02 7.4537402344e+02 7.4546899414e+02 7.4548101807e+02 7.4545001221e+02 7.4541601563e+02 7.4539697266e+02 7.4535101318e+02 7.4528802490e+02 7.4521899414e+02 7.4520001221e+02 7.4517797852e+02 7.4511499023e+02 7.4503900146e+02 7.4500201416e+02 7.4492102051e+02 7.4487597656e+02 7.4485400391e+02 7.4485101318e+02 7.4488299561e+02 7.4489801025e+02 7.4486798096e+02 7.4473797607e+02 7.4452899170e+02 7.4434197998e+02 7.4409698486e+02 7.4408398438e+02 7.4404901123e+02 7.4386297607e+02 7.4352099609e+02 7.4341900635e+02 7.4361602783e+02 7.4368902588e+02 7.4367999268e+02 7.4377301025e+02 7.4392498779e+02 7.4406896973e+02 7.4419897461e+02 7.4437097168e+02
