TESTSERVER/24/5.asc
NCOLS 100
NROWS 100
XLLCORNER 8.6997500000e+03
YLLCORNER 2.8970025000e+05
CELLSIZE 5.0000000000e-01
NODATA_VALUE -9.9990000000e+03
[rows 0 to 19 of 100, columns 46 to 91 of 100]
7.5626202393e+02 7.5618200684e+02 7.5604400635e+02 7.5594598389e+02 7.5588000488e+02 7.5589697266e+02 7.5585400391e+02 7.5561401367e+02 7.5551397705e+02 7.5551397705e+02 7.5551000977e+02 7.5548297119e+02 7.5545501709e+02 7.5542199707e+02 7.5544299316e+02 7.5545202637e+02 7.5544097900e+02 7.5540899658e+02 7.5536901855e+02 7.5530798340e+02 7.5524499512e+02 7.5519396973e+02 7.5517199707e+02 7.5514202881e+02 7.5507702637e+02 7.5498400879e+02 7.5493298340e+02 7.5485198975e+02 7.5465002441e+02 7.5439099121e+02 7.5414001465e+02 7.5395202637e+02 7.5380297852e+02 7.5371600342e+02 7.5366699219e+02 7.5364599609e+02 7.5365698242e+02 7.5367700195e+02 7.5365698242e+02 7.5359301758e+02 7.5363201904e+02 7.5377899170e+02 7.5391699219e+02 7.5406597900e+02 7.5419799805e+02 7.5431201172e+02
7.5601599121e+02 7.5590399170e+02 7.5578698730e+02 7.5571697998e+02 7.5567297363e+02 7.5561798096e+02 7.5549597168e+02 7.5532800293e+02 7.5527899170e+02 7.5529302979e+02 7.5530200195e+02 7.5528100586e+02 7.5526000977e+02 7.5524798584e+02 7.5527197266e+02 7.5528601074e+02 7.5526000977e+02 7.5521600342e+02 7.5515002441e+02 7.5506896973e+02 7.5500701904e+02 7.5495202637e+02 7.5491699219e+02 7.5486999512e+02 7.5479199219e+02 7.5471502686e+02 7.5466497803e+02 7.5454498291e+02 7.5429901123e+02 7.5404602051e+02 7.5381298828e+02 7.5366601563e+02 7.5356701660e+02 7.5353302002e+02 7.5353302002e+02 7.5351397705e+02 7.5348297119e+02 7.5347998047e+02 7.5352197266e+02 7.5353399658e+02 7.5360699463e+02 7.5377899170e+02 7.5391497803e+02 7.5398400879e+02 7.5407000732e+02 7.5419299316e+02
7.5573999023e+02 7.5561199951e+02 7.5552801514e+02 7.5545898438e+02 7.5540100098e+02 7.5527398682e+02 7.5513500977e+02 7.5505200195e+02 7.5506201172e+02 7.5509399414e+02 7.5511102295e+02 7.5510498047e+02 7.5509802246e+02 7.5509698486e+02 7.5510900879e+02 7.5510198975e+02 7.5507000732e+02 7.5502099609e+02 7.5494500732e+02 7.5486602783e+02 7.5479998779e+02 7.5473199463e+02 7.5466900635e+02 7.5460400391e+02 7.5452697754e+02 7.5444299316e+02 7.5435797119e+02 7.5420300293e+02 7.5395397949e+02 7.5373101807e+02 7.5351000977e+02 7.5342401123e+02 7.5340600586e+02 7.5340698242e+02 7.5340301514e+02 7.5336297607e+02 7.5329602051e+02 7.5331896973e+02 7.5342199707e+02 7.5348602295e+02 7.5360998535e+02 7.5378399658e+02 7.5389801025e+02 7.5393103027e+02 7.5396099854e+02 7.5406298828e+02
7.5547802734e+02 7.5535699463e+02 7.5529498291e+02 7.5521502686e+02 7.5510699463e+02 7.5495202637e+02 7.5484899902e+02 7.5482202148e+02 7.5485699463e+02 7.5488000488e+02 7.5490301514e+02 7.5491900635e+02 7.5492498779e+02 7.5493200684e+02 7.5492602539e+02 7.5489697266e+02 7.5486297607e+02 7.5481500244e+02 7.5474798584e+02 7.5468499756e+02 7.5461499023e+02 7.5452801514e+02 7.5443402100e+02 7.5435797119e+02 7.5426702881e+02 7.5413702393e+02 7.5397399902e+02 7.5376599121e+02 7.5353601074e+02 7.5337701416e+02 7.5325000000e+02 7.5323602295e+02 7.5326599121e+02 7.5324902344e+02 7.5320300293e+02 7.5320001221e+02 7.5322399902e+02 7.5327001953e+02 7.5331402588e+02 7.5337500000e+02 7.5357598877e+02 7.5375299072e+02 7.5382202148e+02 7.5381201172e+02 7.5382501221e+02 7.5390997314e+02
7.5516198730e+02 7.5506896973e+02 7.5503497314e+02 7.5496301270e+02 7.5481896973e+02 7.5467700195e+02 7.5459997559e+02 7.5461901855e+02 7.5465002441e+02 7.5465899658e+02 7.5469897461e+02 7.5470800781e+02 7.5471697998e+02 7.5472601318e+02 7.5470800781e+02 7.5466101074e+02 7.5462701416e+02 7.5459100342e+02 7.5456298828e+02 7.5450701904e+02 7.5443298340e+02 7.5433599854e+02 7.5421697998e+02 7.5412200928e+02 7.5401397705e+02 7.5381597900e+02 7.5359301758e+02 7.5340502930e+02 7.5320202637e+02 7.5307800293e+02 7.5306097412e+02 7.5309997559e+02 7.5310797119e+02 7.5304797363e+02 7.5302697754e+02 7.5314898682e+02 7.5323901367e+02 7.5323400879e+02 7.5319299316e+02 7.5330200195e+02 7.5356402588e+02 7.5369598389e+02 7.5373199463e+02 7.5366400146e+02 7.5369598389e+02 7.5383502197e+02
7.5486102295e+02 7.5475897217e+02 7.5470800781e+02 7.5463702393e+02 7.5451599121e+02 7.5442700195e+02 7.5441400146e+02 7.5444000244e+02 7.5446398926e+02 7.5446398926e+02 7.5444702148e+02 7.5444396973e+02 7.5444500732e+02 7.5444299316e+02 7.5441400146e+02 7.5437799072e+02 7.5435900879e+02 7.5434899902e+02 7.5432800293e+02 7.5427301025e+02 7.5420300293e+02 7.5410797119e+02 7.5400299072e+02 7.5392602539e+02 7.5377398682e+02 7.5351202393e+02 7.5326000977e+02 7.5303802490e+02 7.5288000488e+02 7.5283599854e+02 7.5285498047e+02 7.5291302490e+02 7.5295501709e+02 7.5292700195e+02 7.5297100830e+02 7.5311401367e+02 7.5317602539e+02 7.5313897705e+02 7.5308599854e+02 7.5317297363e+02 7.5343298340e+02 7.5352801514e+02 7.5350097656e+02 7.5344201660e+02 7.5358898926e+02 7.5378601074e+02
7.5454498291e+02 7.5445300293e+02 7.5442199707e+02 7.5436901855e+02 7.5425897217e+02 7.5421301270e+02 7.5422802734e+02 7.5422399902e+02 7.5420599365e+02 7.5416101074e+02 7.5411401367e+02 7.5409698486e+02 7.5409002686e+02 7.5408502197e+02 7.5406402588e+02 7.5404400635e+02 7.5404199219e+02 7.5404901123e+02 7.5404199219e+02 7.5399298096e+02 7.5392199707e+02 7.5382501221e+02 7.5374298096e+02 7.5367700195e+02 7.5346197510e+02 7.5315802002e+02 7.5290100098e+02 7.5270599365e+02 7.5264099121e+02 7.5263000488e+02 7.5261798096e+02 7.5269702148e+02 7.5281799316e+02 7.5285699463e+02 7.5292199707e+02 7.5298901367e+02 7.5299102783e+02 7.5300201416e+02 7.5297802734e+02 7.5306201172e+02 7.5324902344e+02 7.5334899902e+02 7.5335302734e+02 7.5341101074e+02 7.5363800049e+02 7.5376898193e+02
7.5426397705e+02 7.5418499756e+02 7.5417199707e+02 7.5411798096e+02 7.5402099609e+02 7.5398602295e+02 7.5397198486e+02 7.5392102051e+02 7.5385699463e+02 7.5378100586e+02 7.5373101807e+02 7.5371697998e+02 7.5370697021e+02 7.5370202637e+02 7.5369799805e+02 7.5369598389e+02 7.5370202637e+02 7.5371502686e+02 7.5371600342e+02 7.5367199707e+02 7.5359600830e+02 7.5349700928e+02 7.5341601563e+02 7.5332598877e+02 7.5307702637e+02 7.5279302979e+02 7.5259197998e+02 7.5247802734e+02 7.5246801758e+02 7.5250402832e+02 7.5254101563e+02 7.5257800293e+02 7.5260601807e+02 7.5266198730e+02 7.5277899170e+02 7.5284899902e+02 7.5286199951e+02 7.5283099365e+02 7.5283197021e+02 7.5299700928e+02 7.5311901855e+02 7.5320697021e+02 7.5330200195e+02 7.5338397217e+02 7.5359497070e+02 7.5362701416e+02
7.5401202393e+02 7.5394299316e+02 7.5394897461e+02 7.5388598633e+02 7.5380603027e+02 7.5372998047e+02 7.5362701416e+02 7.5356298828e+02 7.5350097656e+02 7.5343200684e+02 7.5338397217e+02 7.5336901855e+02 7.5335101318e+02 7.5334197998e+02 7.5334600830e+02 7.5338000488e+02 7.5339099121e+02 7.5338897705e+02 7.5335998535e+02 7.5333099365e+02 7.5325201416e+02 7.5315002441e+02 7.5304498291e+02 7.5291101074e+02 7.5265802002e+02 7.5243499756e+02 7.5232702637e+02 7.5228698730e+02 7.5230798340e+02 7.5242797852e+02 7.5245800781e+02 7.5240899658e+02 7.5243701172e+02 7.5251702881e+02 7.5263598633e+02 7.5272998047e+02 7.5278302002e+02 7.5267797852e+02 7.5269598389e+02 7.5289898682e+02 7.5300097656e+02 7.5311199951e+02 7.5325897217e+02 7.5328802490e+02 7.5343499756e+02 7.5343701172e+02
7.5376000977e+02 7.5376202393e+02 7.5377801514e+02 7.5367297363e+02 7.5357000732e+02 7.5344799805e+02 7.5333801270e+02 7.5325701904e+02 7.5322198486e+02 7.5319097900e+02 7.5316101074e+02 7.5314501953e+02 7.5313397217e+02 7.5314398193e+02 7.5316601563e+02 7.5318103027e+02 7.5318298340e+02 7.5315600586e+02 7.5309497070e+02 7.5302697754e+02 7.5294396973e+02 7.5282098389e+02 7.5266998291e+02 7.5249102783e+02 7.5226800537e+02 7.5213800049e+02 7.5212701416e+02 7.5212097168e+02 7.5213500977e+02 7.5219000244e+02 7.5210797119e+02 7.5207501221e+02 7.5225500488e+02 7.5240002441e+02 7.5250097656e+02 7.5254602051e+02 7.5259899902e+02 7.5252099609e+02 7.5261297607e+02 7.5275500488e+02 7.5285198975e+02 7.5302801514e+02 7.5319500732e+02 7.5321002197e+02 7.5329101563e+02 7.5329901123e+02
7.5359497070e+02 7.5359698486e+02 7.5354699707e+02 7.5344799805e+02 7.5335797119e+02 7.5321697998e+02 7.5310101318e+02 7.5302398682e+02 7.5302099609e+02 7.5301702881e+02 7.5296997070e+02 7.5293902588e+02 7.5294897461e+02 7.5298901367e+02 7.5301800537e+02 7.5300299072e+02 7.5296398926e+02 7.5289300537e+02 7.5280999756e+02 7.5273498535e+02 7.5264202881e+02 7.5248999023e+02 7.5230200195e+02 7.5212402344e+02 7.5201300049e+02 7.5197497559e+02 7.5196801758e+02 7.5196099854e+02 7.5197198486e+02 7.5196398926e+02 7.5189202881e+02 7.5189501953e+02 7.5205999756e+02 7.5218200684e+02 7.5233398438e+02 7.5244000244e+02 7.5243298340e+02 7.5240502930e+02 7.5245599365e+02 7.5250500488e+02 7.5266601563e+02 7.5286901855e+02 7.5304101563e+02 7.5314898682e+02 7.5319598389e+02 7.5316497803e+02
7.5342401123e+02 7.5339398193e+02 7.5330102539e+02 7.5322998047e+02 7.5313598633e+02 7.5299200439e+02 7.5288397217e+02 7.5283898926e+02 7.5286401367e+02 7.5285101318e+02 7.5274499512e+02 7.5269000244e+02 7.5270898438e+02 7.5277001953e+02 7.5281701660e+02 7.5278002930e+02 7.5269799805e+02 7.5258502197e+02 7.5247497559e+02 7.5239202881e+02 7.5229400635e+02 7.5214501953e+02 7.5198297119e+02 7.5187402344e+02 7.5183300781e+02 7.5182397461e+02 7.5183599854e+02 7.5185601807e+02 7.5185797119e+02 7.5182000732e+02 7.5173602295e+02 7.5178601074e+02 7.5197698975e+02 7.5208898926e+02 7.5223101807e+02 7.5241497803e+02 7.5237200928e+02 7.5229699707e+02 7.5235998535e+02 7.5248400879e+02 7.5261297607e+02 7.5270300293e+02 7.5282598877e+02 7.5299902344e+02 7.5305603027e+02 7.5304498291e+02
7.5319598389e+02 7.5316302490e+02 7.5308599854e+02 7.5302301025e+02 7.5289898682e+02 7.5274200439e+02 7.5264898682e+02 7.5264599609e+02 7.5267498779e+02 7.5260998535e+02 7.5238897705e+02 7.5233197021e+02 7.5235302734e+02 7.5243298340e+02 7.5250201416e+02 7.5249298096e+02 7.5238299561e+02 7.5224700928e+02 7.5211999512e+02 7.5203497314e+02 7.5194702148e+02 7.5183300781e+02 7.5171997070e+02 7.5167901611e+02 7.5167102051e+02 7.5167102051e+02 7.5171099854e+02 7.5173602295e+02 7.5170599365e+02 7.5160998535e+02 7.5153497314e+02 7.5168298340e+02 7.5196099854e+02 7.5207800293e+02 7.5214001465e+02 7.5228198242e+02 7.5224597168e+02 7.5217401123e+02 7.5221997070e+02 7.5238098145e+02 7.5246697998e+02 7.5249298096e+02 7.5261499023e+02 7.5275097656e+02 7.5282702637e+02 7.5292297363e+02
7.5297601318e+02 7.5296899414e+02 7.5291601563e+02 7.5280902100e+02 7.5272100830e+02 7.5254400635e+02 7.5240502930e+02 7.5243200684e+02 7.5249401855e+02 7.5238897705e+02 7.5211999512e+02 7.5202600098e+02 7.5204101563e+02 7.5212799072e+02 7.5221197510e+02 7.5219897461e+02 7.5210998535e+02 7.5199298096e+02 7.5188201904e+02 7.5178002930e+02 7.5170098877e+02 7.5162298584e+02 7.5155999756e+02 7.5154901123e+02 7.5154101563e+02 7.5156896973e+02 7.5161901855e+02 7.5156799316e+02 7.5150097656e+02 7.5145599365e+02 7.5147100830e+02 7.5161102295e+02 7.5186297607e+02 7.5197100830e+02 7.5202801514e+02 7.5213000488e+02 7.5208599854e+02 7.5202899170e+02 7.5206799316e+02 7.5218597412e+02 7.5227801514e+02 7.5235101318e+02 7.5248797607e+02 7.5257000732e+02 7.5259802246e+02 7.5274597168e+02
7.5277600098e+02 7.5276702881e+02 7.5268402100e+02 7.5249798584e+02 7.5241302490e+02 7.5227600098e+02 7.5218402100e+02 7.5223297119e+02 7.5236199951e+02 7.5233001709e+02 7.5202197266e+02 7.5186901855e+02 7.5184002686e+02 7.5188702393e+02 7.5196600342e+02 7.5197998047e+02 7.5191802979e+02 7.5181402588e+02 7.5168798828e+02 7.5157000732e+02 7.5150201416e+02 7.5144702148e+02 7.5140399170e+02 7.5138897705e+02 7.5135797119e+02 7.5141802979e+02 7.5148199463e+02 7.5136602783e+02 7.5130401611e+02 7.5135601807e+02 7.5143902588e+02 7.5158099365e+02 7.5171197510e+02 7.5174401855e+02 7.5182501221e+02 7.5190301514e+02 7.5180401611e+02 7.5178497314e+02 7.5189202881e+02 7.5202697754e+02 7.5215197754e+02 7.5225500488e+02 7.5238201904e+02 7.5246899414e+02 7.5247900391e+02 7.5261602783e+02
7.5249200439e+02 7.5242901611e+02 7.5228900146e+02 7.5210302734e+02 7.5200299072e+02 7.5192602539e+02 7.5197601318e+02 7.5201202393e+02 7.5215600586e+02 7.5222601318e+02 7.5198297119e+02 7.5176397705e+02 7.5167602539e+02 7.5166497803e+02 7.5171801758e+02 7.5176599121e+02 7.5173999023e+02 7.5164501953e+02 7.5149902344e+02 7.5137597656e+02 7.5131701660e+02 7.5127197266e+02 7.5122399902e+02 7.5119598389e+02 7.5116998291e+02 7.5122399902e+02 7.5126599121e+02 7.5115002441e+02 7.5111499023e+02 7.5120001221e+02 7.5138500977e+02 7.5153900146e+02 7.5157702637e+02 7.5155499268e+02 7.5170300293e+02 7.5181597900e+02 7.5165399170e+02 7.5157202148e+02 7.5170898438e+02 7.5190997314e+02 7.5210302734e+02 7.5217602539e+02 7.5224298096e+02 7.5234100342e+02 7.5238500977e+02 7.5257098389e+02
7.5215802002e+02 7.5203900146e+02 7.5189501953e+02 7.5179498291e+02 7.5169598389e+02 7.5166302490e+02 7.5176098633e+02 7.5175598145e+02 7.5178302002e+02 7.5188397217e+02 7.5190802002e+02 7.5162298584e+02 7.5149401855e+02 7.5141497803e+02 7.5138800049e+02 7.5150299072e+02 7.5152502441e+02 7.5143499756e+02 7.5129302979e+02 7.5118200684e+02 7.5112500000e+02 7.5109002686e+02 7.5105499268e+02 7.5104498291e+02 7.5105102539e+02 7.5105999756e+02 7.5104797363e+02 7.5104199219e+02 7.5109197998e+02 7.5114001465e+02 7.5128198242e+02 7.5139001465e+02 7.5139801025e+02 7.5140600586e+02 7.5154101563e+02 7.5150402832e+02 7.5144299316e+02 7.5153997803e+02 7.5165301514e+02 7.5181799316e+02 7.5205297852e+02 7.5213800049e+02 7.5217700195e+02 7.5225701904e+02 7.5234399414e+02 7.5259399414e+02
7.5183898926e+02 7.5169500732e+02 7.5158398438e+02 7.5150500488e+02 7.5143298340e+02 7.5147497559e+02 7.5156298828e+02 7.5158502197e+02 7.5147100830e+02 7.5143701172e+02 7.5151397705e+02 7.5135498047e+02 7.5125598145e+02 7.5112500000e+02 7.5104998779e+02 7.5115002441e+02 7.5119702148e+02 7.5114202881e+02 7.5103698730e+02 7.5097100830e+02 7.5095202637e+02 7.5094201660e+02 7.5092602539e+02 7.5091497803e+02 7.5093499756e+02 7.5091198730e+02 7.5089801025e+02 7.5095397949e+02 7.5113598633e+02 7.5106298828e+02 7.5105603027e+02 7.5115002441e+02 7.5116101074e+02 7.5116101074e+02 7.5116900635e+02 7.5109997559e+02 7.5123498535e+02 7.5159002686e+02 7.5170800781e+02 7.5174597168e+02 7.5193597412e+02 7.5207000732e+02 7.5210797119e+02 7.5221502686e+02 7.5235302734e+02 7.5262500000e+02
7.5153698730e+02 7.5140600586e+02 7.5128698730e+02 7.5121600342e+02 7.5119396973e+02 7.5133898926e+02 7.5154901123e+02 7.5151300049e+02 7.5126098633e+02 7.5109899902e+02 7.5111798096e+02 7.5104699707e+02 7.5098699951e+02 7.5086199951e+02 7.5076098633e+02 7.5079998779e+02 7.5084399414e+02 7.5084399414e+02 7.5081597900e+02 7.5079699707e+02 7.5081500244e+02 7.5082598877e+02 7.5079699707e+02 7.5077301025e+02 7.5084197998e+02 7.5086297607e+02 7.5085198975e+02 7.5089099121e+02 7.5107800293e+02 7.5096502686e+02 7.5090600586e+02 7.5094897461e+02 7.5094396973e+02 7.5098400879e+02 7.5101599121e+02 7.5103399658e+02 7.5111401367e+02 7.5151000977e+02 7.5176599121e+02 7.5173602295e+02 7.5182702637e+02 7.5197100830e+02 7.5200897217e+02 7.5209497070e+02 7.5223999023e+02 7.5255798340e+02
7.5125201416e+02 7.5114001465e+02 7.5103900146e+02 7.5099700928e+02 7.5099298096e+02 7.5120697021e+02 7.5141699219e+02 7.5111798096e+02 7.5093200684e+02 7.5086297607e+02 7.5082299805e+02 7.5078399658e+02 7.5073602295e+02 7.5064501953e+02 7.5057501221e+02 7.5057800293e+02 7.5059802246e+02 7.5062500000e+02 7.5066101074e+02 7.5066998291e+02 7.5070501709e+02 7.5072802734e+02 7.5070800781e+02 7.5070898438e+02 7.5080102539e+02 7.5082501221e+02 7.5084100342e+02 7.5079699707e+02 7.5077899170e+02 7.5074597168e+02 7.5078399658e+02 7.5079699707e+02 7.5081701660e+02 7.5092498779e+02 7.5103601074e+02 7.5112500000e+02 7.5109698486e+02 7.5132800293e+02 7.5168902588e+02 7.5174597168e+02 7.5177502441e+02 7.5184301758e+02 7.5194201660e+02 7.5205499268e+02 7.5213800049e+02 7.5241802979e+02
