TESTSERVER/24/6.asc
NCOLS 100
NROWS 100
XLLCORNER 8.6997500000e+03
YLLCORNER 2.8965025000e+05
CELLSIZE 5.0000000000e-01
NODATA_VALUE -9.9990000000e+03
[rows 80 to 99 of 100, columns 0 to 45 of 100]
7.3817901611e+02 7.3852899170e+02 7.3887799072e+02 7.3921099854e+02 7.3959698486e+02 7.3985101318e+02 7.4018200684e+02 7.4054302979e+02 7.4088000488e+02 7.4096301270e+02 7.4097998047e+02 7.4101098633e+02 7.4105102539e+02 7.4127600098e+02 7.4176501465e+02 7.4232000732e+02 7.4270898438e+02 7.4309698486e+02 7.4354302979e+02 7.4392797852e+02 7.4429602051e+02 7.4480499268e+02 7.4523297119e+02 7.4557501221e+02 7.4586401367e+02 7.4619201660e+02 7.4650799561e+02 7.4679498291e+02 7.4708398438e+02 7.4745202637e+02 7.4784197998e+02 7.4808001709e+02 7.4823400879e+02 7.4846099854e+02 7.4878002930e+02 7.4909197998e+02 7.4928997803e+02 7.4945898438e+02 7.4971002197e+02 7.5000402832e+02 7.5022601318e+02 7.5037200928e+02 7.5063800049e+02 7.5099298096e+02 7.5129400635e+02 7.5157800293e+02
7.3828997803e+02 7.3865802002e+02 7.3896997070e+02 7.3925500488e+02 7.3954901123e+02 7.3982397461e+02 7.4015002441e+02 7.4052001953e+02 7.4082702637e+02 7.4089202881e+02 7.4090301514e+02 7.4094396973e+02 7.4100500488e+02 7.4133898926e+02 7.4193701172e+02 7.4248602295e+02 7.4274902344e+02 7.4310699463e+02 7.4355499268e+02 7.4400299072e+02 7.4444000244e+02 7.4490197754e+02 7.4526702881e+02 7.4556097412e+02 7.4583599854e+02 7.4614300537e+02 7.4648297119e+02 7.4681201172e+02 7.4718402100e+02 7.4756799316e+02 7.4792602539e+02 7.4813702393e+02 7.4824200439e+02 7.4844897461e+02 7.4871697998e+02 7.4901098633e+02 7.4925201416e+02 7.4943902588e+02 7.4962298584e+02 7.4986102295e+02 7.5011199951e+02 7.5038000488e+02 7.5073498535e+02 7.5107598877e+02 7.5134197998e+02 7.5162200928e+02
7.3829901123e+02 7.3861102295e+02 7.3889300537e+02 7.3916302490e+02 7.3943902588e+02 7.3973602295e+02 7.4010699463e+02 7.4047900391e+02 7.4073400879e+02 7.4080700684e+02 7.4083697510e+02 7.4090502930e+02 7.4097302246e+02 7.4132397461e+02 7.4190502930e+02 7.4241998291e+02 7.4271099854e+02 7.4306201172e+02 7.4352197266e+02 7.4400701904e+02 7.4442901611e+02 7.4487701416e+02 7.4527099609e+02 7.4553302002e+02 7.4579400635e+02 7.4609100342e+02 7.4639099121e+02 7.4671502686e+02 7.4710400391e+02 7.4745098877e+02 7.4775598145e+02 7.4797998047e+02 7.4815100098e+02 7.4835900879e+02 7.4860900879e+02 7.4890698242e+02 7.4920202637e+02 7.4941497803e+02 7.4958300781e+02 7.4982098389e+02 7.5010797119e+02 7.5049102783e+02 7.5088702393e+02 7.5118902588e+02 7.5143597412e+02 7.5172399902e+02
7.3818103027e+02 7.3845898438e+02 7.3873297119e+02 7.3901397705e+02 7.3931097412e+02 7.3966998291e+02 7.4009197998e+02 7.4045397949e+02 7.4064300537e+02 7.4072100830e+02 7.4077600098e+02 7.4086700439e+02 7.4097198486e+02 7.4135198975e+02 7.4186499023e+02 7.4232000732e+02 7.4265502930e+02 7.4300097656e+02 7.4340899658e+02 7.4383898926e+02 7.4422601318e+02 7.4469299316e+02 7.4515997314e+02 7.4545501709e+02 7.4572698975e+02 7.4603302002e+02 7.4628997803e+02 7.4657202148e+02 7.4691101074e+02 7.4720800781e+02 7.4748199463e+02 7.4776202393e+02 7.4804797363e+02 7.4828100586e+02 7.4853802490e+02 7.4884399414e+02 7.4917199707e+02 7.4940600586e+02 7.4958697510e+02 7.4983801270e+02 7.5013098145e+02 7.5053497314e+02 7.5093798828e+02 7.5124700928e+02 7.5148699951e+02 7.5172900391e+02
7.3796002197e+02 7.3824700928e+02 7.3853698730e+02 7.3886499023e+02 7.3924700928e+02 7.3966900635e+02 7.4014398193e+02 7.4049401855e+02 7.4060998535e+02 7.4066400146e+02 7.4072302246e+02 7.4080499268e+02 7.4106500244e+02 7.4150299072e+02 7.4193499756e+02 7.4231500244e+02 7.4265399170e+02 7.4298297119e+02 7.4334899902e+02 7.4373297119e+02 7.4412902832e+02 7.4458300781e+02 7.4504797363e+02 7.4538299561e+02 7.4567498779e+02 7.4599499512e+02 7.4626898193e+02 7.4655499268e+02 7.4686102295e+02 7.4713500977e+02 7.4740600586e+02 7.4770501709e+02 7.4803900146e+02 7.4828802490e+02 7.4854901123e+02 7.4883898926e+02 7.4915802002e+02 7.4943597412e+02 7.4964300537e+02 7.4987500000e+02 7.5009301758e+02 7.5044702148e+02 7.5083099365e+02 7.5117297363e+02 7.5143103027e+02 7.5167102051e+02
7.3780401611e+02 7.3808398438e+02 7.3840600586e+02 7.3878399658e+02 7.3920898438e+02 7.3965997314e+02 7.4018402100e+02 7.4052001953e+02 7.4055102539e+02 7.4059197998e+02 7.4064599609e+02 7.4075897217e+02 7.4117297363e+02 7.4167498779e+02 7.4205603027e+02 7.4237799072e+02 7.4269500732e+02 7.4304602051e+02 7.4341699219e+02 7.4381201172e+02 7.4423297119e+02 7.4465997314e+02 7.4503698730e+02 7.4533099365e+02 7.4562701416e+02 7.4596899414e+02 7.4629901123e+02 7.4660998535e+02 7.4688897705e+02 7.4718103027e+02 7.4744097900e+02 7.4770098877e+02 7.4799298096e+02 7.4827697754e+02 7.4855798340e+02 7.4887200928e+02 7.4923901367e+02 7.4953997803e+02 7.4970800781e+02 7.4990502930e+02 7.5008197021e+02 7.5041900635e+02 7.5080902100e+02 7.5115899658e+02 7.5137799072e+02 7.5161499023e+02
7.3769201660e+02 7.3798400879e+02 7.3831500244e+02 7.3869598389e+02 7.3913201904e+02 7.3961499023e+02 7.4015399170e+02 7.4046502686e+02 7.4046697998e+02 7.4050299072e+02 7.4054400635e+02 7.4068902588e+02 7.4121099854e+02 7.4173797607e+02 7.4209399414e+02 7.4238800049e+02 7.4272302246e+02 7.4310797119e+02 7.4350299072e+02 7.4391497803e+02 7.4433398438e+02 7.4468701172e+02 7.4499102783e+02 7.4524798584e+02 7.4554498291e+02 7.4590399170e+02 7.4626300049e+02 7.4658398438e+02 7.4686901855e+02 7.4716802979e+02 7.4741998291e+02 7.4764599609e+02 7.4790698242e+02 7.4821600342e+02 7.4853198242e+02 7.4888299561e+02 7.4928198242e+02 7.4955999756e+02 7.4967901611e+02 7.4984301758e+02 7.5005102539e+02 7.5036199951e+02 7.5069897461e+02 7.5102001953e+02 7.5123101807e+02 7.5149597168e+02
7.3760998535e+02 7.3789898682e+02 7.3823400879e+02 7.3861999512e+02 7.3906896973e+02 7.3957397461e+02 7.4008599854e+02 7.4035900879e+02 7.4037097168e+02 7.4040399170e+02 7.4044097900e+02 7.4062799072e+02 7.4123602295e+02 7.4175897217e+02 7.4208099365e+02 7.4235998535e+02 7.4271398926e+02 7.4310302734e+02 7.4352099609e+02 7.4396301270e+02 7.4438800049e+02 7.4470001221e+02 7.4495800781e+02 7.4516900635e+02 7.4545300293e+02 7.4583001709e+02 7.4616198730e+02 7.4646502686e+02 7.4678198242e+02 7.4711199951e+02 7.4737902832e+02 7.4758398438e+02 7.4780700684e+02 7.4813201904e+02 7.4847399902e+02 7.4884899902e+02 7.4925598145e+02 7.4954998779e+02 7.4964202881e+02 7.4976800537e+02 7.5001800537e+02 7.5028802490e+02 7.5054199219e+02 7.5081500244e+02 7.5106701660e+02 7.5137298584e+02
7.3750402832e+02 7.3779998779e+02 7.3814099121e+02 7.3855499268e+02 7.3901702881e+02 7.3954797363e+02 7.4002801514e+02 7.4023699951e+02 7.4024499512e+02 7.4027697754e+02 7.4031896973e+02 7.4058197021e+02 7.4124798584e+02 7.4178601074e+02 7.4205798340e+02 7.4231799316e+02 7.4270001221e+02 7.4305297852e+02 7.4348602295e+02 7.4395001221e+02 7.4438598633e+02 7.4473498535e+02 7.4497900391e+02 7.4515002441e+02 7.4537597656e+02 7.4577001953e+02 7.4607000732e+02 7.4634698486e+02 7.4664398193e+02 7.4704199219e+02 7.4734698486e+02 7.4754901123e+02 7.4773797607e+02 7.4807299805e+02 7.4842901611e+02 7.4879498291e+02 7.4915899658e+02 7.4949102783e+02 7.4963098145e+02 7.4974798584e+02 7.4997802734e+02 7.5023199463e+02 7.5045397949e+02 7.5071600342e+02 7.5102502441e+02 7.5130102539e+02
7.3738000488e+02 7.3767498779e+02 7.3805798340e+02 7.3852197266e+02 7.3897497559e+02 7.3950000000e+02 7.3999902344e+02 7.4015899658e+02 7.4013702393e+02 7.4015899658e+02 7.4017297363e+02 7.4043701172e+02 7.4106597900e+02 7.4167999268e+02 7.4203002930e+02 7.4228900146e+02 7.4263000488e+02 7.4301702881e+02 7.4349298096e+02 7.4397198486e+02 7.4434197998e+02 7.4470898438e+02 7.4499200439e+02 7.4519702148e+02 7.4538800049e+02 7.4565197754e+02 7.4598699951e+02 7.4632098389e+02 7.4660797119e+02 7.4696002197e+02 7.4726800537e+02 7.4748498535e+02 7.4771099854e+02 7.4807299805e+02 7.4844299316e+02 7.4879400635e+02 7.4912402344e+02 7.4942102051e+02 7.4957299805e+02 7.4970898438e+02 7.4994396973e+02 7.5020599365e+02 7.5044702148e+02 7.5071301270e+02 7.5102301025e+02 7.5126599121e+02
7.3725000000e+02 7.3759002686e+02 7.3800897217e+02 7.3850201416e+02 7.3896502686e+02 7.3946600342e+02 7.3988098145e+02 7.4000701904e+02 7.4001501465e+02 7.4003302002e+02 7.4005902100e+02 7.4035601807e+02 7.4096502686e+02 7.4154400635e+02 7.4198602295e+02 7.4231097412e+02 7.4259301758e+02 7.4295300293e+02 7.4344396973e+02 7.4393499756e+02 7.4428100586e+02 7.4464801025e+02 7.4497100830e+02 7.4522399902e+02 7.4542297363e+02 7.4561297607e+02 7.4593499756e+02 7.4628198242e+02 7.4657702637e+02 7.4687799072e+02 7.4716400146e+02 7.4740997314e+02 7.4768200684e+02 7.4805401611e+02 7.4843701172e+02 7.4878601074e+02 7.4908801270e+02 7.4934002686e+02 7.4948797607e+02 7.4965600586e+02 7.4992602539e+02 7.5022302246e+02 7.5046398926e+02 7.5069799805e+02 7.5098901367e+02 7.5121997070e+02
7.3718402100e+02 7.3757702637e+02 7.3799298096e+02 7.3847302246e+02 7.3895898438e+02 7.3945599365e+02 7.3976000977e+02 7.3983898926e+02 7.3988000488e+02 7.3989099121e+02 7.3995001221e+02 7.4033001709e+02 7.4096502686e+02 7.4142901611e+02 7.4191302490e+02 7.4232702637e+02 7.4259002686e+02 7.4291601563e+02 7.4339501953e+02 7.4389001465e+02 7.4423999023e+02 7.4458099365e+02 7.4491101074e+02 7.4519897461e+02 7.4542700195e+02 7.4563299561e+02 7.4591802979e+02 7.4622399902e+02 7.4653002930e+02 7.4679998779e+02 7.4707202148e+02 7.4735101318e+02 7.4764599609e+02 7.4800500488e+02 7.4838702393e+02 7.4873498535e+02 7.4901800537e+02 7.4921801758e+02 7.4937200928e+02 7.4958801270e+02 7.4990997314e+02 7.5024499512e+02 7.5047601318e+02 7.5066400146e+02 7.5093103027e+02 7.5118798828e+02
7.3720599365e+02 7.3760699463e+02 7.3797399902e+02 7.3840100098e+02 7.3894396973e+02 7.3944097900e+02 7.3968902588e+02 7.3972802734e+02 7.3976501465e+02 7.3974597168e+02 7.3983502197e+02 7.4027600098e+02 7.4095001221e+02 7.4138897705e+02 7.4183599854e+02 7.4226501465e+02 7.4258300781e+02 7.4294097900e+02 7.4338702393e+02 7.4384698486e+02 7.4424700928e+02 7.4451800537e+02 7.4480603027e+02 7.4509301758e+02 7.4536602783e+02 7.4565899658e+02 7.4593597412e+02 7.4619799805e+02 7.4646197510e+02 7.4672399902e+02 7.4700201416e+02 7.4731799316e+02 7.4763201904e+02 7.4794097900e+02 7.4829901123e+02 7.4863702393e+02 7.4890899658e+02 7.4905297852e+02 7.4922198486e+02 7.4950097656e+02 7.4989801025e+02 7.5020001221e+02 7.5042797852e+02 7.5060498047e+02 7.5084997559e+02 7.5111401367e+02
7.3718701172e+02 7.3758197021e+02 7.3796301270e+02 7.3833398438e+02 7.3880798340e+02 7.3939099121e+02 7.3964599609e+02 7.3961798096e+02 7.3963000488e+02 7.3962500000e+02 7.3969799805e+02 7.4011102295e+02 7.4077600098e+02 7.4128302002e+02 7.4175097656e+02 7.4216601563e+02 7.4251501465e+02 7.4291699219e+02 7.4333599854e+02 7.4373602295e+02 7.4409899902e+02 7.4438098145e+02 7.4465399170e+02 7.4494500732e+02 7.4529199219e+02 7.4568200684e+02 7.4600201416e+02 7.4626202393e+02 7.4646502686e+02 7.4665698242e+02 7.4691400146e+02 7.4723699951e+02 7.4756402588e+02 7.4787500000e+02 7.4821899414e+02 7.4854400635e+02 7.4879199219e+02 7.4892498779e+02 7.4909100342e+02 7.4937402344e+02 7.4972302246e+02 7.5001599121e+02 7.5026300049e+02 7.5048297119e+02 7.5073699951e+02 7.5098101807e+02
7.3719000244e+02 7.3754101563e+02 7.3795697021e+02 7.3832800293e+02 7.3866699219e+02 7.3921002197e+02 7.3949401855e+02 7.3947601318e+02 7.3947698975e+02 7.3946997070e+02 7.3952398682e+02 7.3988598633e+02 7.4051898193e+02 7.4109002686e+02 7.4160498047e+02 7.4204699707e+02 7.4240802002e+02 7.4280603027e+02 7.4320501709e+02 7.4357897949e+02 7.4390100098e+02 7.4417797852e+02 7.4445697021e+02 7.4476599121e+02 7.4515100098e+02 7.4558801270e+02 7.4596801758e+02 7.4626898193e+02 7.4646002197e+02 7.4661401367e+02 7.4684399414e+02 7.4714501953e+02 7.4746502686e+02 7.4776702881e+02 7.4810101318e+02 7.4841900635e+02 7.4866699219e+02 7.4880603027e+02 7.4899499512e+02 7.4925701904e+02 7.4953997803e+02 7.4980798340e+02 7.5005102539e+02 7.5029400635e+02 7.5056799316e+02 7.5082000732e+02
7.3715698242e+02 7.3744000244e+02 7.3789300537e+02 7.3834100342e+02 7.3860601807e+02 7.3900500488e+02 7.3928601074e+02 7.3930999756e+02 7.3933300781e+02 7.3932800293e+02 7.3936999512e+02 7.3968298340e+02 7.4026800537e+02 7.4088598633e+02 7.4143499756e+02 7.4190100098e+02 7.4227801514e+02 7.4266400146e+02 7.4304199219e+02 7.4339398193e+02 7.4369598389e+02 7.4397198486e+02 7.4425097656e+02 7.4457000732e+02 7.4496197510e+02 7.4538598633e+02 7.4580297852e+02 7.4616400146e+02 7.4640899658e+02 7.4657702637e+02 7.4680798340e+02 7.4708697510e+02 7.4736798096e+02 7.4763897705e+02 7.4795001221e+02 7.4825701904e+02 7.4850799561e+02 7.4867102051e+02 7.4889801025e+02 7.4915600586e+02 7.4939801025e+02 7.4964801025e+02 7.4988500977e+02 7.5013500977e+02 7.5041302490e+02 7.5068200684e+02
7.3705700684e+02 7.3728698730e+02 7.3772198486e+02 7.3824298096e+02 7.3860797119e+02 7.3892999268e+02 7.3914099121e+02 7.3916198730e+02 7.3920501709e+02 7.3920001221e+02 7.3925500488e+02 7.3954101563e+02 7.4009301758e+02 7.4070202637e+02 7.4125500488e+02 7.4173699951e+02 7.4213598633e+02 7.4251702881e+02 7.4287701416e+02 7.4321502686e+02 7.4353601074e+02 7.4379498291e+02 7.4407501221e+02 7.4439898682e+02 7.4478100586e+02 7.4514300537e+02 7.4554901123e+02 7.4595300293e+02 7.4627600098e+02 7.4650598145e+02 7.4677801514e+02 7.4706597900e+02 7.4729998779e+02 7.4752600098e+02 7.4780401611e+02 7.4808398438e+02 7.4831097412e+02 7.4851397705e+02 7.4877697754e+02 7.4904602051e+02 7.4928100586e+02 7.4954302979e+02 7.4980200195e+02 7.5007202148e+02 7.5034100342e+02 7.5061199951e+02
7.3693701172e+02 7.3717700195e+02 7.3752001953e+02 7.3798101807e+02 7.3843701172e+02 7.3890100098e+02 7.3904602051e+02 7.3899902344e+02 7.3908001709e+02 7.3906201172e+02 7.3911401367e+02 7.3942999268e+02 7.4000201416e+02 7.4056500244e+02 7.4109698486e+02 7.4157397461e+02 7.4198400879e+02 7.4236297607e+02 7.4272198486e+02 7.4305401611e+02 7.4335699463e+02 7.4360900879e+02 7.4390698242e+02 7.4426098633e+02 7.4464898682e+02 7.4503399658e+02 7.4543597412e+02 7.4582098389e+02 7.4613800049e+02 7.4640899658e+02 7.4671398926e+02 7.4703100586e+02 7.4724902344e+02 7.4746502686e+02 7.4774597168e+02 7.4799499512e+02 7.4818701172e+02 7.4839300537e+02 7.4865100098e+02 7.4890698242e+02 7.4913299561e+02 7.4939501953e+02 7.4972100830e+02 7.5007702637e+02 7.5035998535e+02 7.5059802246e+02
7.3677197266e+02 7.3710797119e+02 7.3742199707e+02 7.3777801514e+02 7.3820697021e+02 7.3874499512e+02 7.3891497803e+02 7.3889300537e+02 7.3897302246e+02 7.3893499756e+02 7.3901800537e+02 7.3939202881e+02 7.3998199463e+02 7.4048797607e+02 7.4096801758e+02 7.4141302490e+02 7.4181201172e+02 7.4219097900e+02 7.4255499268e+02 7.4289501953e+02 7.4319201660e+02 7.4343798828e+02 7.4375500488e+02 7.4413800049e+02 7.4454602051e+02 7.4496099854e+02 7.4538397217e+02 7.4575701904e+02 7.4604602051e+02 7.4634997559e+02 7.4666101074e+02 7.4696301270e+02 7.4716101074e+02 7.4737701416e+02 7.4765899658e+02 7.4790698242e+02 7.4809802246e+02 7.4832397461e+02 7.4858300781e+02 7.4881500244e+02 7.4902197266e+02 7.4928100586e+02 7.4962298584e+02 7.5000000000e+02 7.5027801514e+02 7.5053601074e+02
7.3655902100e+02 7.3702301025e+02 7.3738897705e+02 7.3769299316e+02 7.3804998779e+02 7.3861199951e+02 7.3879400635e+02 7.3878302002e+02 7.3884698486e+02 7.3881298828e+02 7.3895202637e+02 7.3940399170e+02 7.4000201416e+02 7.4042700195e+02 7.4084301758e+02 7.4124700928e+02 7.4162799072e+02 7.4200201416e+02 7.4237701416e+02 7.4273797607e+02 7.4304602051e+02 7.4329400635e+02 7.4363598633e+02 7.4404797363e+02 7.4448297119e+02 7.4489898682e+02 7.4529400635e+02 7.4563800049e+02 7.4592401123e+02 7.4623400879e+02 7.4655297852e+02 7.4685699463e+02 7.4706298828e+02 7.4725598145e+02 7.4751300049e+02 7.4777001953e+02 7.4802001953e+02 7.4830499268e+02 7.4856597900e+02 7.4876397705e+02 7.4894396973e+02 7.4918402100e+02 7.4947698975e+02 7.4979797363e+02 7.5009497070e+02 7.5042797852e+02
