TESTSERVER/24/6.asc
NCOLS 100
NROWS 100
XLLCORNER 8.6997500000e+03
YLLCORNER 2.8965025000e+05
CELLSIZE 5.0000000000e-01
NODATA_VALUE -9.9990000000e+03
[rows 80 to 99 of 100, columns 46 to 91 of 100]
7.5196502686e+02 7.5234600830e+02 7.5269799805e+02 7.5306896973e+02 7.5346002197e+02 7.5385900879e+02 7.5425299072e+02 7.5458099365e+02 7.5492901611e+02 7.5526599121e+02 7.5559600830e+02 7.5588800049e+02 7.5609301758e+02 7.5624401855e+02 7.5638702393e+02 7.5660699463e+02 7.5693597412e+02 7.5727600098e+02 7.5754302979e+02 7.5776599121e+02 7.5801300049e+02 7.5826501465e+02 7.5850500488e+02 7.5873297119e+02 7.5900897217e+02 7.5931201172e+02 7.5960998535e+02 7.5984899902e+02 7.6007098389e+02 7.6029699707e+02 7.6050500488e+02 7.6073101807e+02 7.6100799561e+02 7.6133801270e+02 7.6165301514e+02 7.6192999268e+02 7.6224597168e+02 7.6259600830e+02 7.6294702148e+02 7.6328997803e+02 7.6362799072e+02 7.6394097900e+02 7.6422302246e+02 7.6450000000e+02 7.6483599854e+02 7.6526202393e+02
7.5196600342e+02 7.5233197021e+02 7.5270098877e+02 7.5305700684e+02 7.5343402100e+02 7.5383898926e+02 7.5421099854e+02 7.5454901123e+02 7.5488397217e+02 7.5520300293e+02 7.5552001953e+02 7.5580700684e+02 7.5601000977e+02 7.5617102051e+02 7.5632299805e+02 7.5656298828e+02 7.5688598633e+02 7.5722601318e+02 7.5750701904e+02 7.5775701904e+02 7.5800201416e+02 7.5822698975e+02 7.5841497803e+02 7.5862799072e+02 7.5891101074e+02 7.5923999023e+02 7.5958599854e+02 7.5987200928e+02 7.6004302979e+02 7.6020202637e+02 7.6040802002e+02 7.6067401123e+02 7.6096099854e+02 7.6124902344e+02 7.6153698730e+02 7.6179699707e+02 7.6211901855e+02 7.6248901367e+02 7.6284301758e+02 7.6316900635e+02 7.6347998047e+02 7.6378100586e+02 7.6408398438e+02 7.6440899658e+02 7.6477899170e+02 7.6518499756e+02
7.5202398682e+02 7.5233599854e+02 7.5265698242e+02 7.5297601318e+02 7.5334197998e+02 7.5374798584e+02 7.5412902832e+02 7.5446899414e+02 7.5479101563e+02 7.5509197998e+02 7.5537902832e+02 7.5564898682e+02 7.5585601807e+02 7.5603002930e+02 7.5620202637e+02 7.5644598389e+02 7.5676300049e+02 7.5709997559e+02 7.5739001465e+02 7.5765600586e+02 7.5790197754e+02 7.5811602783e+02 7.5829101563e+02 7.5850500488e+02 7.5879602051e+02 7.5913897705e+02 7.5951202393e+02 7.5981701660e+02 7.5998297119e+02 7.6011199951e+02 7.6031701660e+02 7.6063897705e+02 7.6095800781e+02 7.6120599365e+02 7.6145397949e+02 7.6170697021e+02 7.6205102539e+02 7.6243200684e+02 7.6276397705e+02 7.6305102539e+02 7.6333300781e+02 7.6363800049e+02 7.6395800781e+02 7.6432397461e+02 7.6471997070e+02 7.6506597900e+02
7.5201300049e+02 7.5228601074e+02 7.5257598877e+02 7.5288299561e+02 7.5324200439e+02 7.5364001465e+02 7.5402398682e+02 7.5436297607e+02 7.5466699219e+02 7.5494702148e+02 7.5520098877e+02 7.5544897461e+02 7.5566101074e+02 7.5584802246e+02 7.5603997803e+02 7.5628802490e+02 7.5659698486e+02 7.5692102051e+02 7.5720800781e+02 7.5748101807e+02 7.5773199463e+02 7.5794897461e+02 7.5813598633e+02 7.5836901855e+02 7.5866900635e+02 7.5901098633e+02 7.5936102295e+02 7.5964898682e+02 7.5983801270e+02 7.6000598145e+02 7.6023602295e+02 7.6057098389e+02 7.6088201904e+02 7.6112500000e+02 7.6137902832e+02 7.6166302490e+02 7.6202801514e+02 7.6241497803e+02 7.6271697998e+02 7.6296099854e+02 7.6322302246e+02 7.6352697754e+02 7.6386602783e+02 7.6425201416e+02 7.6464501953e+02 7.6496502686e+02
7.5194000244e+02 7.5217797852e+02 7.5248101807e+02 7.5285400391e+02 7.5321301270e+02 7.5356500244e+02 7.5388397217e+02 7.5422900391e+02 7.5451599121e+02 7.5478497314e+02 7.5504302979e+02 7.5526397705e+02 7.5547698975e+02 7.5567102051e+02 7.5586499023e+02 7.5612902832e+02 7.5642401123e+02 7.5672100830e+02 7.5699401855e+02 7.5727398682e+02 7.5752502441e+02 7.5775799561e+02 7.5798297119e+02 7.5823498535e+02 7.5854199219e+02 7.5887097168e+02 7.5918902588e+02 7.5945697021e+02 7.5968499756e+02 7.5991101074e+02 7.6018298340e+02 7.6047497559e+02 7.6072998047e+02 7.6099102783e+02 7.6129797363e+02 7.6162402344e+02 7.6197698975e+02 7.6233398438e+02 7.6261297607e+02 7.6285699463e+02 7.6311499023e+02 7.6343298340e+02 7.6380499268e+02 7.6417700195e+02 7.6453601074e+02 7.6483898926e+02
7.5189202881e+02 7.5210302734e+02 7.5237500000e+02 7.5281201172e+02 7.5321099854e+02 7.5355297852e+02 7.5382397461e+02 7.5410302734e+02 7.5437597656e+02 7.5464398193e+02 7.5490997314e+02 7.5516900635e+02 7.5539697266e+02 7.5559497070e+02 7.5577197266e+02 7.5600201416e+02 7.5626800537e+02 7.5654199219e+02 7.5681298828e+02 7.5707598877e+02 7.5732598877e+02 7.5757299805e+02 7.5783599854e+02 7.5811999512e+02 7.5841998291e+02 7.5873400879e+02 7.5905102539e+02 7.5933898926e+02 7.5956896973e+02 7.5977801514e+02 7.6004998779e+02 7.6034301758e+02 7.6058502197e+02 7.6087902832e+02 7.6121502686e+02 7.6154302979e+02 7.6185302734e+02 7.6217498779e+02 7.6246398926e+02 7.6272998047e+02 7.6301898193e+02 7.6336901855e+02 7.6373699951e+02 7.6408502197e+02 7.6439599609e+02 7.6468798828e+02
7.5183801270e+02 7.5209002686e+02 7.5231402588e+02 7.5276000977e+02 7.5316497803e+02 7.5350799561e+02 7.5375097656e+02 7.5400000000e+02 7.5426000977e+02 7.5452099609e+02 7.5479199219e+02 7.5507702637e+02 7.5532098389e+02 7.5552600098e+02 7.5569201660e+02 7.5589001465e+02 7.5612902832e+02 7.5638397217e+02 7.5664300537e+02 7.5689898682e+02 7.5715197754e+02 7.5741101074e+02 7.5770001221e+02 7.5799798584e+02 7.5830200195e+02 7.5861700439e+02 7.5894702148e+02 7.5926397705e+02 7.5949102783e+02 7.5965002441e+02 7.5988800049e+02 7.6017498779e+02 7.6044201660e+02 7.6075897217e+02 7.6110400391e+02 7.6141302490e+02 7.6169897461e+02 7.6199102783e+02 7.6227600098e+02 7.6257299805e+02 7.6290899658e+02 7.6327502441e+02 7.6363800049e+02 7.6395599365e+02 7.6423400879e+02 7.6452197266e+02
7.5180102539e+02 7.5215600586e+02 7.5233697510e+02 7.5272399902e+02 7.5310498047e+02 7.5343200684e+02 7.5366198730e+02 7.5389801025e+02 7.5414801025e+02 7.5440502930e+02 7.5468298340e+02 7.5497998047e+02 7.5523199463e+02 7.5544097900e+02 7.5560998535e+02 7.5579101563e+02 7.5600701904e+02 7.5624298096e+02 7.5649298096e+02 7.5674401855e+02 7.5700097656e+02 7.5727099609e+02 7.5757000732e+02 7.5787200928e+02 7.5817498779e+02 7.5849902344e+02 7.5884802246e+02 7.5920202637e+02 7.5944702148e+02 7.5958801270e+02 7.5976898193e+02 7.6000000000e+02 7.6024798584e+02 7.6057501221e+02 7.6095098877e+02 7.6128900146e+02 7.6157397461e+02 7.6183697510e+02 7.6210797119e+02 7.6240802002e+02 7.6275500488e+02 7.6312298584e+02 7.6346801758e+02 7.6376898193e+02 7.6404602051e+02 7.6434698486e+02
7.5172497559e+02 7.5216198730e+02 7.5239697266e+02 7.5270001221e+02 7.5303198242e+02 7.5333898926e+02 7.5356402588e+02 7.5376898193e+02 7.5402099609e+02 7.5429797363e+02 7.5460302734e+02 7.5486102295e+02 7.5509997559e+02 7.5532202148e+02 7.5554699707e+02 7.5571099854e+02 7.5590698242e+02 7.5612200928e+02 7.5635998535e+02 7.5661798096e+02 7.5687799072e+02 7.5715100098e+02 7.5743200684e+02 7.5773699951e+02 7.5804901123e+02 7.5837597656e+02 7.5871997070e+02 7.5910601807e+02 7.5939398193e+02 7.5955200195e+02 7.5968597412e+02 7.5984399414e+02 7.6005102539e+02 7.6036199951e+02 7.6075299072e+02 7.6113000488e+02 7.6143798828e+02 7.6169299316e+02 7.6196502686e+02 7.6224902344e+02 7.6257702637e+02 7.6291601563e+02 7.6322900391e+02 7.6353601074e+02 7.6382299805e+02 7.6414202881e+02
7.5160601807e+02 7.5204602051e+02 7.5236700439e+02 7.5263800049e+02 7.5292700195e+02 7.5321502686e+02 7.5344000244e+02 7.5362402344e+02 7.5387902832e+02 7.5417401123e+02 7.5447998047e+02 7.5473797607e+02 7.5497302246e+02 7.5520898438e+02 7.5544500732e+02 7.5564099121e+02 7.5584002686e+02 7.5604400635e+02 7.5626397705e+02 7.5650701904e+02 7.5676397705e+02 7.5703601074e+02 7.5732098389e+02 7.5762097168e+02 7.5793298340e+02 7.5824798584e+02 7.5856896973e+02 7.5895001221e+02 7.5925201416e+02 7.5942401123e+02 7.5956298828e+02 7.5971002197e+02 7.5990197754e+02 7.6017999268e+02 7.6054901123e+02 7.6094000244e+02 7.6126800537e+02 7.6153100586e+02 7.6179498291e+02 7.6208099365e+02 7.6239300537e+02 7.6270800781e+02 7.6301000977e+02 7.6329797363e+02 7.6359497070e+02 7.6392700195e+02
7.5147900391e+02 7.5188299561e+02 7.5227502441e+02 7.5253802490e+02 7.5280603027e+02 7.5308197021e+02 7.5333001709e+02 7.5352001953e+02 7.5376300049e+02 7.5404400635e+02 7.5433697510e+02 7.5459802246e+02 7.5483898926e+02 7.5507501221e+02 7.5532098389e+02 7.5556799316e+02 7.5578997803e+02 7.5599902344e+02 7.5619702148e+02 7.5641601563e+02 7.5666497803e+02 7.5693200684e+02 7.5722100830e+02 7.5752398682e+02 7.5784002686e+02 7.5814099121e+02 7.5843701172e+02 7.5877398682e+02 7.5904998779e+02 7.5923297119e+02 7.5942498779e+02 7.5961199951e+02 7.5982000732e+02 7.6007299805e+02 7.6038299561e+02 7.6075402832e+02 7.6108599854e+02 7.6135198975e+02 7.6161901855e+02 7.6190502930e+02 7.6220397949e+02 7.6250799561e+02 7.6279699707e+02 7.6307702637e+02 7.6338702393e+02 7.6373498535e+02
7.5140399170e+02 7.5175097656e+02 7.5213702393e+02 7.5241601563e+02 7.5269299316e+02 7.5298199463e+02 7.5325500488e+02 7.5343701172e+02 7.5365899658e+02 7.5391400146e+02 7.5418200684e+02 7.5444299316e+02 7.5468701172e+02 7.5491699219e+02 7.5517602539e+02 7.5548400879e+02 7.5573297119e+02 7.5594897461e+02 7.5613702393e+02 7.5633801270e+02 7.5657501221e+02 7.5683502197e+02 7.5712298584e+02 7.5742999268e+02 7.5774902344e+02 7.5805603027e+02 7.5833898926e+02 7.5862200928e+02 7.5885699463e+02 7.5903198242e+02 7.5926202393e+02 7.5951702881e+02 7.5976000977e+02 7.6000897217e+02 7.6028302002e+02 7.6062799072e+02 7.6094201660e+02 7.6120300293e+02 7.6146197510e+02 7.6173999023e+02 7.6202899170e+02 7.6232397461e+02 7.6260998535e+02 7.6289099121e+02 7.6320501709e+02 7.6355297852e+02
7.5133197021e+02 7.5161499023e+02 7.5196398926e+02 7.5229101563e+02 7.5260998535e+02 7.5292498779e+02 7.5320098877e+02 7.5338000488e+02 7.5357501221e+02 7.5379302979e+02 7.5404400635e+02 7.5428601074e+02 7.5452001953e+02 7.5475299072e+02 7.5504998779e+02 7.5537799072e+02 7.5565002441e+02 7.5586999512e+02 7.5604998779e+02 7.5625097656e+02 7.5648400879e+02 7.5673901367e+02 7.5701000977e+02 7.5731799316e+02 7.5764801025e+02 7.5796099854e+02 7.5822802734e+02 7.5851702881e+02 7.5873901367e+02 7.5891400146e+02 7.5913500977e+02 7.5939501953e+02 7.5965698242e+02 7.5992901611e+02 7.6020599365e+02 7.6053002930e+02 7.6082299805e+02 7.6107897949e+02 7.6133300781e+02 7.6158599854e+02 7.6186602783e+02 7.6215301514e+02 7.6244702148e+02 7.6273901367e+02 7.6304797363e+02 7.6338299561e+02
7.5121398926e+02 7.5148101807e+02 7.5183898926e+02 7.5219396973e+02 7.5251599121e+02 7.5282397461e+02 7.5308697510e+02 7.5327801514e+02 7.5346398926e+02 7.5365899658e+02 7.5389001465e+02 7.5412298584e+02 7.5433801270e+02 7.5457501221e+02 7.5486999512e+02 7.5521997070e+02 7.5549798584e+02 7.5572302246e+02 7.5590002441e+02 7.5610797119e+02 7.5635998535e+02 7.5662597656e+02 7.5689001465e+02 7.5717498779e+02 7.5750000000e+02 7.5781701660e+02 7.5809002686e+02 7.5840698242e+02 7.5862902832e+02 7.5881097412e+02 7.5904699707e+02 7.5929797363e+02 7.5953997803e+02 7.5981298828e+02 7.6006597900e+02 7.6036102295e+02 7.6066400146e+02 7.6092901611e+02 7.6117102051e+02 7.6142199707e+02 7.6170098877e+02 7.6199401855e+02 7.6229998779e+02 7.6260900879e+02 7.6292297363e+02 7.6324700928e+02
7.5108599854e+02 7.5135302734e+02 7.5169396973e+02 7.5205102539e+02 7.5237298584e+02 7.5267498779e+02 7.5294598389e+02 7.5315802002e+02 7.5334399414e+02 7.5353002930e+02 7.5374902344e+02 7.5396398926e+02 7.5415399170e+02 7.5436901855e+02 7.5465502930e+02 7.5500701904e+02 7.5528802490e+02 7.5552600098e+02 7.5572497559e+02 7.5595501709e+02 7.5622302246e+02 7.5649902344e+02 7.5676898193e+02 7.5704602051e+02 7.5735699463e+02 7.5767102051e+02 7.5796197510e+02 7.5828100586e+02 7.5849102783e+02 7.5865301514e+02 7.5892901611e+02 7.5922802734e+02 7.5948101807e+02 7.5971099854e+02 7.5991802979e+02 7.6017297363e+02 7.6047198486e+02 7.6074298096e+02 7.6098901367e+02 7.6124102783e+02 7.6151599121e+02 7.6183398438e+02 7.6216198730e+02 7.6249102783e+02 7.6282598877e+02 7.6315502930e+02
7.5096697998e+02 7.5123901367e+02 7.5155999756e+02 7.5190600586e+02 7.5223101807e+02 7.5253100586e+02 7.5280499268e+02 7.5303900146e+02 7.5323400879e+02 7.5341998291e+02 7.5362701416e+02 7.5381799316e+02 7.5398101807e+02 7.5416802979e+02 7.5442700195e+02 7.5476800537e+02 7.5505603027e+02 7.5531402588e+02 7.5554797363e+02 7.5580700684e+02 7.5609197998e+02 7.5637902832e+02 7.5666101074e+02 7.5694000244e+02 7.5723602295e+02 7.5755102539e+02 7.5785302734e+02 7.5813500977e+02 7.5833001709e+02 7.5851300049e+02 7.5882202148e+02 7.5914398193e+02 7.5939501953e+02 7.5960601807e+02 7.5978997803e+02 7.6000701904e+02 7.6028601074e+02 7.6056597900e+02 7.6082202148e+02 7.6107598877e+02 7.6136297607e+02 7.6168701172e+02 7.6203497314e+02 7.6238299561e+02 7.6271801758e+02 7.6305297852e+02
7.5087799072e+02 7.5115002441e+02 7.5144598389e+02 7.5179302979e+02 7.5213800049e+02 7.5244097900e+02 7.5268499756e+02 7.5290899658e+02 7.5311999512e+02 7.5332299805e+02 7.5353900146e+02 7.5371398926e+02 7.5385699463e+02 7.5401599121e+02 7.5421899414e+02 7.5452600098e+02 7.5482501221e+02 7.5511199951e+02 7.5541198730e+02 7.5569396973e+02 7.5598199463e+02 7.5627502441e+02 7.5659899902e+02 7.5684497070e+02 7.5711901855e+02 7.5744000244e+02 7.5775299072e+02 7.5797100830e+02 7.5815600586e+02 7.5838800049e+02 7.5872802734e+02 7.5904602051e+02 7.5928198242e+02 7.5948602295e+02 7.5968902588e+02 7.5988897705e+02 7.6014898682e+02 7.6043499756e+02 7.6070599365e+02 7.6096099854e+02 7.6124102783e+02 7.6156500244e+02 7.6191101074e+02 7.6226202393e+02 7.6259698486e+02 7.6292797852e+02
7.5079699707e+02 7.5104998779e+02 7.5136700439e+02 7.5172698975e+02 7.5207897949e+02 7.5237799072e+02 7.5261199951e+02 7.5282800293e+02 7.5305798340e+02 7.5328100586e+02 7.5349798584e+02 7.5366198730e+02 7.5379699707e+02 7.5394799805e+02 7.5413598633e+02 7.5440399170e+02 7.5468499756e+02 7.5497601318e+02 7.5529699707e+02 7.5561798096e+02 7.5591497803e+02 7.5621697998e+02 7.5653100586e+02 7.5676098633e+02 7.5700897217e+02 7.5731597900e+02 7.5761602783e+02 7.5777801514e+02 7.5796301270e+02 7.5823400879e+02 7.5859197998e+02 7.5892401123e+02 7.5914099121e+02 7.5932501221e+02 7.5954498291e+02 7.5977600098e+02 7.6004998779e+02 7.6035797119e+02 7.6064599609e+02 7.6089898682e+02 7.6116101074e+02 7.6146600342e+02 7.6180700684e+02 7.6214898682e+02 7.6247998047e+02 7.6280200195e+02
7.5074200439e+02 7.5101702881e+02 7.5136700439e+02 7.5171197510e+02 7.5202600098e+02 7.5230102539e+02 7.5254998779e+02 7.5279998779e+02 7.5304901123e+02 7.5328100586e+02 7.5348101807e+02 7.5363000488e+02 7.5376898193e+02 7.5392797852e+02 7.5412200928e+02 7.5436700439e+02 7.5462597656e+02 7.5490301514e+02 7.5522302246e+02 7.5554699707e+02 7.5585198975e+02 7.5616302490e+02 7.5646502686e+02 7.5669702148e+02 7.5693902588e+02 7.5721398926e+02 7.5750500488e+02 7.5766400146e+02 7.5783197021e+02 7.5808898926e+02 7.5841802979e+02 7.5872198486e+02 7.5892297363e+02 7.5911798096e+02 7.5937902832e+02 7.5965197754e+02 7.5994897461e+02 7.6027899170e+02 7.6058502197e+02 7.6083801270e+02 7.6108398438e+02 7.6136499023e+02 7.6169097900e+02 7.6203002930e+02 7.6236401367e+02 7.6267901611e+02
7.5069396973e+02 7.5102197266e+02 7.5138500977e+02 7.5168298340e+02 7.5194702148e+02 7.5219396973e+02 7.5246697998e+02 7.5275500488e+02 7.5302197266e+02 7.5325897217e+02 7.5344897461e+02 7.5359698486e+02 7.5375299072e+02 7.5393103027e+02 7.5414398193e+02 7.5437597656e+02 7.5461499023e+02 7.5487500000e+02 7.5517199707e+02 7.5546197510e+02 7.5575500488e+02 7.5607000732e+02 7.5637597656e+02 7.5663702393e+02 7.5689300537e+02 7.5714801025e+02 7.5741900635e+02 7.5758001709e+02 7.5773999023e+02 7.5796002197e+02 7.5824298096e+02 7.5853302002e+02 7.5876000977e+02 7.5897698975e+02 7.5924401855e+02 7.5951599121e+02 7.5980999756e+02 7.6014697266e+02 7.6046398926e+02 7.6072601318e+02 7.6096899414e+02 7.6123602295e+02 7.6154901123e+02 7.6188000488e+02 7.6220300293e+02 7.6251599121e+02
