TESTSERVER/24/7.asc
NCOLS 100
NROWS 100
XLLCORNER 8.6997500000e+03
YLLCORNER 2.8960025000e+05
CELLSIZE 5.0000000000e-01
NODATA_VALUE -9.9990000000e+03
[rows 0 to 19 of 100, columns 0 to 45 of 100]
7.3636901855e+02 7.3682501221e+02 7.3727502441e+02 7.3762597656e+02 7.3801000977e+02 7.3850097656e+02 7.3866198730e+02 7.3865197754e+02 7.3870501709e+02 7.3867999268e+02 7.3888299561e+02 7.3941998291e+02 7.4000598145e+02 7.4036199951e+02 7.4071197510e+02 7.4107098389e+02 7.4143798828e+02 7.4180700684e+02 7.4219201660e+02 7.4257702637e+02 7.4289599609e+02 7.4318701172e+02 7.4355401611e+02 7.4396997070e+02 7.4439300537e+02 7.4481097412e+02 7.4515802002e+02 7.4548400879e+02 7.4580401611e+02 7.4608502197e+02 7.4639801025e+02 7.4672399902e+02 7.4699298096e+02 7.4716101074e+02 7.4736401367e+02 7.4763000488e+02 7.4794897461e+02 7.4824499512e+02 7.4850000000e+02 7.4870098877e+02 7.4890502930e+02 7.4915899658e+02 7.4940002441e+02 7.4967498779e+02 7.5005798340e+02 7.5037701416e+02
7.3630999756e+02 7.3672601318e+02 7.3714099121e+02 7.3749200439e+02 7.3791497803e+02 7.3838201904e+02 7.3852301025e+02 7.3852099609e+02 7.3857397461e+02 7.3855200195e+02 7.3876501465e+02 7.3933697510e+02 7.3991198730e+02 7.4025897217e+02 7.4057598877e+02 7.4089599609e+02 7.4126000977e+02 7.4164801025e+02 7.4204400635e+02 7.4243798828e+02 7.4281201172e+02 7.4313000488e+02 7.4347698975e+02 7.4385998535e+02 7.4427502441e+02 7.4466497803e+02 7.4501898193e+02 7.4534497070e+02 7.4567401123e+02 7.4595599365e+02 7.4624298096e+02 7.4657897949e+02 7.4688000488e+02 7.4703802490e+02 7.4718701172e+02 7.4742602539e+02 7.4775500488e+02 7.4808197021e+02 7.4835699463e+02 7.4859698486e+02 7.4883398438e+02 7.4914300537e+02 7.4941601563e+02 7.4970001221e+02 7.5004699707e+02 7.5034197998e+02
7.3622900391e+02 7.3668298340e+02 7.3703497314e+02 7.3734399414e+02 7.3781402588e+02 7.3829101563e+02 7.3839599609e+02 7.3838702393e+02 7.3843902588e+02 7.3844299316e+02 7.3864202881e+02 7.3917297363e+02 7.3976599121e+02 7.4013500977e+02 7.4044598389e+02 7.4075000000e+02 7.4111102295e+02 7.4152697754e+02 7.4194000244e+02 7.4234899902e+02 7.4275598145e+02 7.4308599854e+02 7.4341302490e+02 7.4377001953e+02 7.4415502930e+02 7.4452301025e+02 7.4486499023e+02 7.4518298340e+02 7.4550299072e+02 7.4575897217e+02 7.4601501465e+02 7.4633599854e+02 7.4665100098e+02 7.4682299805e+02 7.4696899414e+02 7.4721197510e+02 7.4757098389e+02 7.4792498779e+02 7.4823400879e+02 7.4851000977e+02 7.4876300049e+02 7.4905603027e+02 7.4934100342e+02 7.4963098145e+02 7.4995202637e+02 7.5027398682e+02
7.3612298584e+02 7.3657000732e+02 7.3690399170e+02 7.3722399902e+02 7.3771398926e+02 7.3821502686e+02 7.3828601074e+02 7.3826501465e+02 7.3830499268e+02 7.3832598877e+02 7.3849798584e+02 7.3896697998e+02 7.3957299805e+02 7.3998901367e+02 7.4031500244e+02 7.4062200928e+02 7.4098901367e+02 7.4142999268e+02 7.4185797119e+02 7.4228100586e+02 7.4270501709e+02 7.4303601074e+02 7.4334497070e+02 7.4367401123e+02 7.4402801514e+02 7.4437597656e+02 7.4470599365e+02 7.4501397705e+02 7.4529498291e+02 7.4551397705e+02 7.4574902344e+02 7.4604797363e+02 7.4636798096e+02 7.4659399414e+02 7.4677697754e+02 7.4704199219e+02 7.4741497803e+02 7.4778698730e+02 7.4812799072e+02 7.4843701172e+02 7.4871398926e+02 7.4896398926e+02 7.4924102783e+02 7.4953601074e+02 7.4982897949e+02 7.5020300293e+02
7.3608398438e+02 7.3644299316e+02 7.3677398682e+02 7.3718298340e+02 7.3764697266e+02 7.3805102539e+02 7.3815301514e+02 7.3815698242e+02 7.3816998291e+02 7.3819396973e+02 7.3834899902e+02 7.3876800537e+02 7.3938800049e+02 7.3981701660e+02 7.4015600586e+02 7.4048297119e+02 7.4087597656e+02 7.4132000732e+02 7.4176000977e+02 7.4220300293e+02 7.4260900879e+02 7.4294702148e+02 7.4326397705e+02 7.4357501221e+02 7.4389099121e+02 7.4422998047e+02 7.4455401611e+02 7.4484301758e+02 7.4505200195e+02 7.4528302002e+02 7.4552697754e+02 7.4581402588e+02 7.4613299561e+02 7.4639697266e+02 7.4663299561e+02 7.4691497803e+02 7.4727301025e+02 7.4764300537e+02 7.4800799561e+02 7.4834899902e+02 7.4865698242e+02 7.4886297607e+02 7.4913201904e+02 7.4945202637e+02 7.4973999023e+02 7.5011602783e+02
7.3603997803e+02 7.3635601807e+02 7.3665899658e+02 7.3712902832e+02 7.3761999512e+02 7.3794598389e+02 7.3797302246e+02 7.3796801758e+02 7.3803399658e+02 7.3803002930e+02 7.3821697998e+02 7.3870800781e+02 7.3930401611e+02 7.3970202637e+02 7.4001702881e+02 7.4034600830e+02 7.4076702881e+02 7.4119702148e+02 7.4162298584e+02 7.4205200195e+02 7.4245501709e+02 7.4280999756e+02 7.4314398193e+02 7.4345898438e+02 7.4375701904e+02 7.4411798096e+02 7.4446502686e+02 7.4475402832e+02 7.4495599365e+02 7.4512200928e+02 7.4535302734e+02 7.4564501953e+02 7.4595001221e+02 7.4620697021e+02 7.4646197510e+02 7.4675598145e+02 7.4710498047e+02 7.4746899414e+02 7.4784698486e+02 7.4820501709e+02 7.4851202393e+02 7.4871301270e+02 7.4896002197e+02 7.4929901123e+02 7.4962500000e+02 7.4992498779e+02
7.3592498779e+02 7.3622601318e+02 7.3655700684e+02 7.3705499268e+02 7.3758801270e+02 7.3784698486e+02 7.3779998779e+02 7.3780297852e+02 7.3789001465e+02 7.3785900879e+02 7.3810400391e+02 7.3868701172e+02 7.3927398682e+02 7.3961199951e+02 7.3990301514e+02 7.4022302246e+02 7.4063800049e+02 7.4106402588e+02 7.4147100830e+02 7.4187097168e+02 7.4226800537e+02 7.4263897705e+02 7.4297698975e+02 7.4329797363e+02 7.4361102295e+02 7.4399798584e+02 7.4436901855e+02 7.4467999268e+02 7.4489501953e+02 7.4499700928e+02 7.4518103027e+02 7.4545202637e+02 7.4574798584e+02 7.4601300049e+02 7.4628601074e+02 7.4658599854e+02 7.4692498779e+02 7.4728497314e+02 7.4766900635e+02 7.4803100586e+02 7.4833599854e+02 7.4855499268e+02 7.4880200195e+02 7.4913201904e+02 7.4947698975e+02 7.4973498535e+02
7.3575097656e+02 7.3610797119e+02 7.3651300049e+02 7.3700000000e+02 7.3749298096e+02 7.3770599365e+02 7.3763500977e+02 7.3765197754e+02 7.3771697998e+02 7.3766101074e+02 7.3795898438e+02 7.3861602783e+02 7.3921002197e+02 7.3949700928e+02 7.3976202393e+02 7.4006799316e+02 7.4047198486e+02 7.4090502930e+02 7.4130401611e+02 7.4168597412e+02 7.4207098389e+02 7.4244598389e+02 7.4278698730e+02 7.4311297607e+02 7.4344000244e+02 7.4383697510e+02 7.4422198486e+02 7.4455603027e+02 7.4481201172e+02 7.4488299561e+02 7.4502301025e+02 7.4526300049e+02 7.4555200195e+02 7.4582800293e+02 7.4610998535e+02 7.4641101074e+02 7.4673699951e+02 7.4709399414e+02 7.4747998047e+02 7.4784100342e+02 7.4813598633e+02 7.4839202881e+02 7.4865997314e+02 7.4896997070e+02 7.4930200195e+02 7.4956201172e+02
7.3560198975e+02 7.3599798584e+02 7.3645501709e+02 7.3688098145e+02 7.3722998047e+02 7.3746398926e+02 7.3744897461e+02 7.3746697998e+02 7.3749902344e+02 7.3748199463e+02 7.3778002930e+02 7.3846697998e+02 7.3906799316e+02 7.3932202148e+02 7.3956799316e+02 7.3986798096e+02 7.4023901367e+02 7.4070898438e+02 7.4112298584e+02 7.4150402832e+02 7.4188897705e+02 7.4226397705e+02 7.4260998535e+02 7.4292797852e+02 7.4322399902e+02 7.4358898926e+02 7.4395697021e+02 7.4431701660e+02 7.4464501953e+02 7.4475402832e+02 7.4487701416e+02 7.4508697510e+02 7.4537500000e+02 7.4567602539e+02 7.4595800781e+02 7.4624298096e+02 7.4654199219e+02 7.4690197754e+02 7.4729101563e+02 7.4764599609e+02 7.4792199707e+02 7.4822100830e+02 7.4853198242e+02 7.4882202148e+02 7.4908898926e+02 7.4938800049e+02
7.3550897217e+02 7.3588800049e+02 7.3627502441e+02 7.3661901855e+02 7.3693499756e+02 7.3727398682e+02 7.3729699707e+02 7.3729699707e+02 7.3734997559e+02 7.3733599854e+02 7.3756298828e+02 7.3825598145e+02 7.3888500977e+02 7.3915399170e+02 7.3936102295e+02 7.3962902832e+02 7.4001898193e+02 7.4049102783e+02 7.4092199707e+02 7.4131896973e+02 7.4170300293e+02 7.4209802246e+02 7.4245300293e+02 7.4276599121e+02 7.4303497314e+02 7.4329498291e+02 7.4360400391e+02 7.4396099854e+02 7.4434399414e+02 7.4456500244e+02 7.4474902344e+02 7.4496502686e+02 7.4523699951e+02 7.4553302002e+02 7.4580102539e+02 7.4606896973e+02 7.4635797119e+02 7.4671099854e+02 7.4708300781e+02 7.4741497803e+02 7.4770001221e+02 7.4804498291e+02 7.4838800049e+02 7.4869201660e+02 7.4895599365e+02 7.4925701904e+02
7.3542102051e+02 7.3579302979e+02 7.3610699463e+02 7.3640197754e+02 7.3676599121e+02 7.3714398193e+02 7.3717102051e+02 7.3715100098e+02 7.3719097900e+02 7.3714801025e+02 7.3732299805e+02 7.3799597168e+02 7.3872198486e+02 7.3904901123e+02 7.3922302246e+02 7.3944299316e+02 7.3981701660e+02 7.4027899170e+02 7.4071002197e+02 7.4111999512e+02 7.4151800537e+02 7.4190802002e+02 7.4225701904e+02 7.4256298828e+02 7.4282299805e+02 7.4304101563e+02 7.4331201172e+02 7.4365100098e+02 7.4403399658e+02 7.4433300781e+02 7.4459002686e+02 7.4483801270e+02 7.4508898926e+02 7.4535900879e+02 7.4561999512e+02 7.4588702393e+02 7.4616900635e+02 7.4648699951e+02 7.4682000732e+02 7.4714202881e+02 7.4746997070e+02 7.4784698486e+02 7.4821502686e+02 7.4853802490e+02 7.4880798340e+02 7.4910699463e+02
7.3528802490e+02 7.3567901611e+02 7.3596197510e+02 7.3624902344e+02 7.3665698242e+02 7.3700201416e+02 7.3700598145e+02 7.3697302246e+02 7.3701898193e+02 7.3698602295e+02 7.3718298340e+02 7.3787799072e+02 7.3861999512e+02 7.3896997070e+02 7.3912500000e+02 7.3929498291e+02 7.3963598633e+02 7.4008398438e+02 7.4050799561e+02 7.4092401123e+02 7.4133502197e+02 7.4170800781e+02 7.4203802490e+02 7.4232702637e+02 7.4258001709e+02 7.4280401611e+02 7.4306799316e+02 7.4339697266e+02 7.4376098633e+02 7.4407897949e+02 7.4437799072e+02 7.4465802002e+02 7.4491302490e+02 7.4517297363e+02 7.4544000244e+02 7.4571697998e+02 7.4601300049e+02 7.4629400635e+02 7.4656097412e+02 7.4685601807e+02 7.4722998047e+02 7.4763500977e+02 7.4801800537e+02 7.4835601807e+02 7.4864099121e+02 7.4893701172e+02
7.3507202148e+02 7.3546600342e+02 7.3578997803e+02 7.3613098145e+02 7.3659301758e+02 7.3689599609e+02 7.3686297607e+02 7.3681500244e+02 7.3684899902e+02 7.3681500244e+02 7.3709002686e+02 7.3779602051e+02 7.3845599365e+02 7.3880798340e+02 7.3899597168e+02 7.3915997314e+02 7.3946801758e+02 7.3990100098e+02 7.4032702637e+02 7.4075299072e+02 7.4114697266e+02 7.4148699951e+02 7.4177801514e+02 7.4203900146e+02 7.4227801514e+02 7.4259497070e+02 7.4289801025e+02 7.4320599365e+02 7.4351599121e+02 7.4386199951e+02 7.4416802979e+02 7.4446197510e+02 7.4473797607e+02 7.4499401855e+02 7.4527301025e+02 7.4557202148e+02 7.4591302490e+02 7.4619299316e+02 7.4641101074e+02 7.4666497803e+02 7.4704199219e+02 7.4742700195e+02 7.4780499268e+02 7.4814898682e+02 7.4845599365e+02 7.4876501465e+02
7.3492102051e+02 7.3524597168e+02 7.3553997803e+02 7.3587799072e+02 7.3636401367e+02 7.3671697998e+02 7.3672698975e+02 7.3668200684e+02 7.3670800781e+02 7.3664398193e+02 7.3693103027e+02 7.3762597656e+02 7.3824401855e+02 7.3857501221e+02 7.3880200195e+02 7.3900000000e+02 7.3931500244e+02 7.3974401855e+02 7.4017602539e+02 7.4060601807e+02 7.4099597168e+02 7.4129699707e+02 7.4153601074e+02 7.4176000977e+02 7.4204498291e+02 7.4241699219e+02 7.4275598145e+02 7.4304602051e+02 7.4335797119e+02 7.4369897461e+02 7.4401800537e+02 7.4432800293e+02 7.4461102295e+02 7.4486700439e+02 7.4513702393e+02 7.4542901611e+02 7.4575897217e+02 7.4604901123e+02 7.4630603027e+02 7.4657397461e+02 7.4688098145e+02 7.4725799561e+02 7.4762500000e+02 7.4797198486e+02 7.4829498291e+02 7.4860400391e+02
7.3478802490e+02 7.3509301758e+02 7.3536798096e+02 7.3568402100e+02 7.3610198975e+02 7.3644201660e+02 7.3654498291e+02 7.3653497314e+02 7.3656597900e+02 7.3649200439e+02 7.3676599121e+02 7.3745001221e+02 7.3805200195e+02 7.3837402344e+02 7.3862402344e+02 7.3885302734e+02 7.3917401123e+02 7.3959497070e+02 7.4002502441e+02 7.4045098877e+02 7.4085400391e+02 7.4115600586e+02 7.4137799072e+02 7.4159802246e+02 7.4189898682e+02 7.4229998779e+02 7.4264300537e+02 7.4291900635e+02 7.4322302246e+02 7.4356701660e+02 7.4389599609e+02 7.4421600342e+02 7.4451098633e+02 7.4476300049e+02 7.4501501465e+02 7.4527899170e+02 7.4558001709e+02 7.4587902832e+02 7.4614898682e+02 7.4642602539e+02 7.4672802734e+02 7.4708599854e+02 7.4743597412e+02 7.4777697754e+02 7.4810900879e+02 7.4843200684e+02
7.3463897705e+02 7.3498199463e+02 7.3528100586e+02 7.3559301758e+02 7.3598101807e+02 7.3632098389e+02 7.3644299316e+02 7.3641302490e+02 7.3643701172e+02 7.3637402344e+02 7.3661499023e+02 7.3726800537e+02 7.3786199951e+02 7.3817498779e+02 7.3845599365e+02 7.3872100830e+02 7.3903802490e+02 7.3944299316e+02 7.3986798096e+02 7.4028802490e+02 7.4069500732e+02 7.4100500488e+02 7.4123498535e+02 7.4147302246e+02 7.4179901123e+02 7.4220397949e+02 7.4253497314e+02 7.4279498291e+02 7.4309399414e+02 7.4344500732e+02 7.4377502441e+02 7.4409899902e+02 7.4440600586e+02 7.4466101074e+02 7.4489398193e+02 7.4512902832e+02 7.4538800049e+02 7.4567498779e+02 7.4595800781e+02 7.4625000000e+02 7.4656402588e+02 7.4690899658e+02 7.4723400879e+02 7.4755603027e+02 7.4789697266e+02 7.4823999023e+02
7.3445501709e+02 7.3486297607e+02 7.3519598389e+02 7.3550097656e+02 7.3583197021e+02 7.3619396973e+02 7.3633398438e+02 7.3629699707e+02 7.3629101563e+02 7.3625000000e+02 7.3642297363e+02 7.3703002930e+02 7.3762097168e+02 7.3796997070e+02 7.3828601074e+02 7.3858599854e+02 7.3891198730e+02 7.3928198242e+02 7.3968499756e+02 7.4008898926e+02 7.4045501709e+02 7.4079901123e+02 7.4107202148e+02 7.4135400391e+02 7.4169897461e+02 7.4208398438e+02 7.4239599609e+02 7.4265997314e+02 7.4295501709e+02 7.4331701660e+02 7.4364001465e+02 7.4394500732e+02 7.4423999023e+02 7.4452398682e+02 7.4476202393e+02 7.4498199463e+02 7.4518902588e+02 7.4545098877e+02 7.4573602295e+02 7.4604699707e+02 7.4639398193e+02 7.4677197266e+02 7.4707598877e+02 7.4735601807e+02 7.4767999268e+02 7.4805401611e+02
7.3423400879e+02 7.3465197754e+02 7.3500799561e+02 7.3532800293e+02 7.3569598389e+02 7.3605603027e+02 7.3619598389e+02 7.3614099121e+02 7.3614398193e+02 7.3612298584e+02 7.3626098633e+02 7.3688201904e+02 7.3743902588e+02 7.3778900146e+02 7.3811199951e+02 7.3840802002e+02 7.3872998047e+02 7.3909899902e+02 7.3948297119e+02 7.3987402344e+02 7.4025500488e+02 7.4058898926e+02 7.4089599609e+02 7.4120501709e+02 7.4154602051e+02 7.4191998291e+02 7.4222802734e+02 7.4251000977e+02 7.4282800293e+02 7.4319897461e+02 7.4350299072e+02 7.4376501465e+02 7.4404998779e+02 7.4435302734e+02 7.4462298584e+02 7.4485198975e+02 7.4503698730e+02 7.4525402832e+02 7.4551800537e+02 7.4583099365e+02 7.4617797852e+02 7.4659002686e+02 7.4691198730e+02 7.4716302490e+02 7.4746398926e+02 7.4785101318e+02
7.3403997803e+02 7.3442700195e+02 7.3475097656e+02 7.3509399414e+02 7.3557702637e+02 7.3596197510e+02 7.3607202148e+02 7.3599597168e+02 7.3601000977e+02 7.3601898193e+02 7.3612298584e+02 7.3666998291e+02 7.3725799561e+02 7.3761297607e+02 7.3793902588e+02 7.3822601318e+02 7.3854400635e+02 7.3892297363e+02 7.3930902100e+02 7.3969897461e+02 7.4007501221e+02 7.4041101074e+02 7.4072802734e+02 7.4104699707e+02 7.4139001465e+02 7.4175097656e+02 7.4206500244e+02 7.4235998535e+02 7.4269897461e+02 7.4306201172e+02 7.4334197998e+02 7.4357897949e+02 7.4384100342e+02 7.4415698242e+02 7.4445098877e+02 7.4470501709e+02 7.4489898682e+02 7.4508599854e+02 7.4532000732e+02 7.4561199951e+02 7.4594097900e+02 7.4631701660e+02 7.4665100098e+02 7.4693499756e+02 7.4724401855e+02 7.4757897949e+02
7.3388598633e+02 7.3425701904e+02 7.3452398682e+02 7.3484100342e+02 7.3537799072e+02 7.3582598877e+02 7.3594897461e+02 7.3586602783e+02 7.3586798096e+02 7.3589099121e+02 7.3590997314e+02 7.3632397461e+02 7.3702899170e+02 7.3744000244e+02 7.3776898193e+02 7.3805102539e+02 7.3837200928e+02 7.3876898193e+02 7.3916198730e+02 7.3955499268e+02 7.3992602539e+02 7.4025598145e+02 7.4057702637e+02 7.4090002441e+02 7.4124298096e+02 7.4159698486e+02 7.4191101074e+02 7.4220697021e+02 7.4254199219e+02 7.4288098145e+02 7.4313800049e+02 7.4335498047e+02 7.4359698486e+02 7.4390997314e+02 7.4421997070e+02 7.4450799561e+02 7.4474200439e+02 7.4492199707e+02 7.4513299561e+02 7.4540301514e+02 7.4571899414e+02 7.4603997803e+02 7.4636297607e+02 7.4669097900e+02 7.4704400635e+02 7.4733300781e+02
