TESTSERVER/24/7.asc
NCOLS 100
NROWS 100
XLLCORNER 8.6997500000e+03
YLLCORNER 2.8960025000e+05
CELLSIZE 5.0000000000e-01
NODATA_VALUE -9.9990000000e+03
[rows 20 to 39 of 100, columns 46 to 91 of 100]
7.4742901611e+02 7.4771997070e+02 7.4795501709e+02 7.4817401123e+02 7.4841699219e+02 7.4869097900e+02 7.4898297119e+02 7.4925598145e+02 7.4953100586e+02 7.4980700684e+02 7.5009600830e+02 7.5037799072e+02 7.5067199707e+02 7.5096502686e+02 7.5126300049e+02 7.5153399658e+02 7.5177099609e+02 7.5199298096e+02 7.5219396973e+02 7.5246398926e+02 7.5275000000e+02 7.5303497314e+02 7.5330297852e+02 7.5355499268e+02 7.5381701660e+02 7.5409301758e+02 7.5441699219e+02 7.5469201660e+02 7.5490399170e+02 7.5506402588e+02 7.5517199707e+02 7.5537097168e+02 7.5565502930e+02 7.5594097900e+02 7.5623199463e+02 7.5654498291e+02 7.5678002930e+02 7.5691802979e+02 7.5707897949e+02 7.5734197998e+02 7.5760302734e+02 7.5785797119e+02 7.5815399170e+02 7.5845898438e+02 7.5876202393e+02 7.5900598145e+02
7.4712597656e+02 7.4740899658e+02 7.4769097900e+02 7.4793597412e+02 7.4819201660e+02 7.4847399902e+02 7.4877600098e+02 7.4906597900e+02 7.4934698486e+02 7.4962701416e+02 7.4990502930e+02 7.5019000244e+02 7.5047998047e+02 7.5077099609e+02 7.5107397461e+02 7.5135198975e+02 7.5159002686e+02 7.5181201172e+02 7.5201800537e+02 7.5228302002e+02 7.5258801270e+02 7.5288000488e+02 7.5310998535e+02 7.5333398438e+02 7.5359997559e+02 7.5390997314e+02 7.5424401855e+02 7.5452697754e+02 7.5472998047e+02 7.5490301514e+02 7.5503302002e+02 7.5522601318e+02 7.5549597168e+02 7.5578002930e+02 7.5606597900e+02 7.5637200928e+02 7.5661700439e+02 7.5674597168e+02 7.5687097168e+02 7.5710900879e+02 7.5738000488e+02 7.5764697266e+02 7.5793902588e+02 7.5824102783e+02 7.5853198242e+02 7.5878601074e+02
7.4681201172e+02 7.4710797119e+02 7.4741302490e+02 7.4767700195e+02 7.4794702148e+02 7.4824499512e+02 7.4856597900e+02 7.4886297607e+02 7.4914697266e+02 7.4942999268e+02 7.4970397949e+02 7.4998699951e+02 7.5028100586e+02 7.5057501221e+02 7.5088000488e+02 7.5116601563e+02 7.5141400146e+02 7.5164599609e+02 7.5185900879e+02 7.5211999512e+02 7.5242602539e+02 7.5271398926e+02 7.5293298340e+02 7.5313000488e+02 7.5337402344e+02 7.5367999268e+02 7.5400097656e+02 7.5427697754e+02 7.5450701904e+02 7.5469598389e+02 7.5484399414e+02 7.5500897217e+02 7.5524700928e+02 7.5555700684e+02 7.5584802246e+02 7.5615600586e+02 7.5642797852e+02 7.5659802246e+02 7.5671997070e+02 7.5693298340e+02 7.5719500732e+02 7.5746899414e+02 7.5774902344e+02 7.5802801514e+02 7.5828900146e+02 7.5854797363e+02
7.4653198242e+02 7.4683801270e+02 7.4714099121e+02 7.4740600586e+02 7.4768798828e+02 7.4800299072e+02 7.4834997559e+02 7.4865399170e+02 7.4893701172e+02 7.4921801758e+02 7.4949102783e+02 7.4977801514e+02 7.5007598877e+02 7.5037298584e+02 7.5068103027e+02 7.5097900391e+02 7.5124102783e+02 7.5148699951e+02 7.5171398926e+02 7.5196301270e+02 7.5224902344e+02 7.5252099609e+02 7.5273602295e+02 7.5291802979e+02 7.5313598633e+02 7.5341699219e+02 7.5372302246e+02 7.5399798584e+02 7.5426702881e+02 7.5448602295e+02 7.5464801025e+02 7.5480499268e+02 7.5504498291e+02 7.5532702637e+02 7.5559802246e+02 7.5589398193e+02 7.5619897461e+02 7.5642797852e+02 7.5657501221e+02 7.5677697754e+02 7.5703900146e+02 7.5731097412e+02 7.5757702637e+02 7.5783197021e+02 7.5807501221e+02 7.5831201172e+02
7.4632000732e+02 7.4660900879e+02 7.4685498047e+02 7.4712799072e+02 7.4742498779e+02 7.4775500488e+02 7.4809197998e+02 7.4841302490e+02 7.4870202637e+02 7.4898602295e+02 7.4926702881e+02 7.4956201172e+02 7.4986199951e+02 7.5016302490e+02 7.5047497559e+02 7.5079101563e+02 7.5107501221e+02 7.5133697510e+02 7.5158300781e+02 7.5179602051e+02 7.5203198242e+02 7.5227001953e+02 7.5248901367e+02 7.5269799805e+02 7.5291802979e+02 7.5319396973e+02 7.5349902344e+02 7.5377001953e+02 7.5402398682e+02 7.5423498535e+02 7.5440899658e+02 7.5461999512e+02 7.5486999512e+02 7.5513201904e+02 7.5539398193e+02 7.5566198730e+02 7.5596801758e+02 7.5623297119e+02 7.5641497803e+02 7.5662298584e+02 7.5689001465e+02 7.5716699219e+02 7.5742602539e+02 7.5766198730e+02 7.5788201904e+02 7.5809698486e+02
7.4615399170e+02 7.4642297363e+02 7.4663500977e+02 7.4687200928e+02 7.4716601563e+02 7.4749902344e+02 7.4784899902e+02 7.4815100098e+02 7.4844897461e+02 7.4874298096e+02 7.4903802490e+02 7.4934002686e+02 7.4964501953e+02 7.4995501709e+02 7.5027301025e+02 7.5059301758e+02 7.5088500977e+02 7.5114898682e+02 7.5139801025e+02 7.5161499023e+02 7.5181799316e+02 7.5203198242e+02 7.5225897217e+02 7.5247698975e+02 7.5271997070e+02 7.5301202393e+02 7.5331097412e+02 7.5357098389e+02 7.5378399658e+02 7.5395300293e+02 7.5414099121e+02 7.5438702393e+02 7.5465997314e+02 7.5493402100e+02 7.5519702148e+02 7.5547802734e+02 7.5578302002e+02 7.5605798340e+02 7.5627001953e+02 7.5648602295e+02 7.5675500488e+02 7.5703497314e+02 7.5728900146e+02 7.5752001953e+02 7.5772302246e+02 7.5791198730e+02
7.4593597412e+02 7.4621099854e+02 7.4643298340e+02 7.4665802002e+02 7.4693798828e+02 7.4725897217e+02 7.4760998535e+02 7.4791802979e+02 7.4821697998e+02 7.4851202393e+02 7.4881097412e+02 7.4911901855e+02 7.4943200684e+02 7.4974902344e+02 7.5007000732e+02 7.5039001465e+02 7.5068298340e+02 7.5094702148e+02 7.5119799805e+02 7.5142102051e+02 7.5162097168e+02 7.5182897949e+02 7.5204998779e+02 7.5226898193e+02 7.5250500488e+02 7.5279101563e+02 7.5309100342e+02 7.5336102295e+02 7.5356097412e+02 7.5370300293e+02 7.5387097168e+02 7.5413397217e+02 7.5442297363e+02 7.5471197510e+02 7.5499200439e+02 7.5529498291e+02 7.5560699463e+02 7.5589501953e+02 7.5613201904e+02 7.5636401367e+02 7.5662597656e+02 7.5689099121e+02 7.5714697266e+02 7.5737902832e+02 7.5759002686e+02 7.5774102783e+02
7.4569598389e+02 7.4598797607e+02 7.4624902344e+02 7.4647802734e+02 7.4674200439e+02 7.4704699707e+02 7.4738702393e+02 7.4769500732e+02 7.4799298096e+02 7.4828997803e+02 7.4858898926e+02 7.4890100098e+02 7.4922100830e+02 7.4954400635e+02 7.4986901855e+02 7.5018597412e+02 7.5047802734e+02 7.5074102783e+02 7.5098797607e+02 7.5122100830e+02 7.5143499756e+02 7.5165197754e+02 7.5187701416e+02 7.5207397461e+02 7.5227899170e+02 7.5252899170e+02 7.5282397461e+02 7.5313598633e+02 7.5336700439e+02 7.5350701904e+02 7.5365399170e+02 7.5391198730e+02 7.5421301270e+02 7.5450201416e+02 7.5478399658e+02 7.5509497070e+02 7.5541198730e+02 7.5570300293e+02 7.5595300293e+02 7.5619000244e+02 7.5644201660e+02 7.5670599365e+02 7.5696002197e+02 7.5718701172e+02 7.5737402344e+02 7.5752001953e+02
7.4548699951e+02 7.4578399658e+02 7.4607800293e+02 7.4632299805e+02 7.4657598877e+02 7.4686199951e+02 7.4718103027e+02 7.4748400879e+02 7.4778100586e+02 7.4807800293e+02 7.4837902832e+02 7.4868701172e+02 7.4901202393e+02 7.4934197998e+02 7.4967901611e+02 7.4997900391e+02 7.5026000977e+02 7.5051397705e+02 7.5074700928e+02 7.5100701904e+02 7.5125000000e+02 7.5148999023e+02 7.5172100830e+02 7.5188702393e+02 7.5205297852e+02 7.5226800537e+02 7.5254699707e+02 7.5289099121e+02 7.5317199707e+02 7.5334100342e+02 7.5349200439e+02 7.5375097656e+02 7.5403997803e+02 7.5431597900e+02 7.5458898926e+02 7.5488598633e+02 7.5519702148e+02 7.5548797607e+02 7.5573602295e+02 7.5597998047e+02 7.5621997070e+02 7.5646502686e+02 7.5669799805e+02 7.5691802979e+02 7.5708398438e+02 7.5721099854e+02
7.4530200195e+02 7.4558898926e+02 7.4588500977e+02 7.4615197754e+02 7.4640899658e+02 7.4667999268e+02 7.4698199463e+02 7.4729199219e+02 7.4758898926e+02 7.4788201904e+02 7.4817297363e+02 7.4847998047e+02 7.4880603027e+02 7.4914501953e+02 7.4949700928e+02 7.4980499268e+02 7.5007598877e+02 7.5031597900e+02 7.5053997803e+02 7.5077899170e+02 7.5104199219e+02 7.5130401611e+02 7.5152899170e+02 7.5168499756e+02 7.5185498047e+02 7.5206799316e+02 7.5232501221e+02 7.5262799072e+02 7.5292700195e+02 7.5315802002e+02 7.5334698486e+02 7.5360998535e+02 7.5388702393e+02 7.5414697266e+02 7.5440502930e+02 7.5468701172e+02 7.5498699951e+02 7.5527600098e+02 7.5552899170e+02 7.5576397705e+02 7.5598400879e+02 7.5619500732e+02 7.5639501953e+02 7.5657202148e+02 7.5670697021e+02 7.5682800293e+02
7.4508801270e+02 7.4536999512e+02 7.4567700195e+02 7.4596398926e+02 7.4622802734e+02 7.4649401855e+02 7.4678497314e+02 7.4710400391e+02 7.4740197754e+02 7.4769000244e+02 7.4796801758e+02 7.4826702881e+02 7.4859301758e+02 7.4893597412e+02 7.4929699707e+02 7.4961602783e+02 7.4989501953e+02 7.5013800049e+02 7.5034600830e+02 7.5056097412e+02 7.5081896973e+02 7.5108599854e+02 7.5131500244e+02 7.5148999023e+02 7.5168103027e+02 7.5189898682e+02 7.5212402344e+02 7.5236602783e+02 7.5263702393e+02 7.5290301514e+02 7.5316302490e+02 7.5345501709e+02 7.5373602295e+02 7.5398101807e+02 7.5422198486e+02 7.5448699951e+02 7.5477301025e+02 7.5505700684e+02 7.5531402588e+02 7.5553997803e+02 7.5573199463e+02 7.5590997314e+02 7.5607800293e+02 7.5621502686e+02 7.5633099365e+02 7.5646398926e+02
7.4485699463e+02 7.4514001465e+02 7.4546502686e+02 7.4577099609e+02 7.4603997803e+02 7.4629998779e+02 7.4657897949e+02 7.4690802002e+02 7.4720697021e+02 7.4748999023e+02 7.4775799561e+02 7.4804797363e+02 7.4837200928e+02 7.4871600342e+02 7.4906896973e+02 7.4938000488e+02 7.4967199707e+02 7.4993200684e+02 7.5015399170e+02 7.5035797119e+02 7.5060699463e+02 7.5087097168e+02 7.5110302734e+02 7.5130999756e+02 7.5153002930e+02 7.5174700928e+02 7.5194598389e+02 7.5214300537e+02 7.5238000488e+02 7.5263598633e+02 7.5293798828e+02 7.5326501465e+02 7.5356097412e+02 7.5380700684e+02 7.5403002930e+02 7.5427600098e+02 7.5454400635e+02 7.5482702637e+02 7.5509100342e+02 7.5530102539e+02 7.5546502686e+02 7.5560797119e+02 7.5575201416e+02 7.5588201904e+02 7.5600897217e+02 7.5617498779e+02
7.4465997314e+02 7.4494500732e+02 7.4527001953e+02 7.4558398438e+02 7.4585198975e+02 7.4610400391e+02 7.4636199951e+02 7.4667401123e+02 7.4697601318e+02 7.4727001953e+02 7.4753802490e+02 7.4782397461e+02 7.4814202881e+02 7.4847698975e+02 7.4878399658e+02 7.4908300781e+02 7.4938000488e+02 7.4966699219e+02 7.4991400146e+02 7.5017102051e+02 7.5042797852e+02 7.5068298340e+02 7.5091601563e+02 7.5114501953e+02 7.5139697266e+02 7.5161700439e+02 7.5179998779e+02 7.5199200439e+02 7.5220098877e+02 7.5242797852e+02 7.5270098877e+02 7.5303802490e+02 7.5334997559e+02 7.5360198975e+02 7.5381500244e+02 7.5403900146e+02 7.5428601074e+02 7.5456500244e+02 7.5483898926e+02 7.5503399658e+02 7.5516302490e+02 7.5526800537e+02 7.5540002441e+02 7.5554602051e+02 7.5570202637e+02 7.5590399170e+02
7.4451397705e+02 7.4481500244e+02 7.4513000488e+02 7.4540997314e+02 7.4565301514e+02 7.4588800049e+02 7.4613598633e+02 7.4642797852e+02 7.4672698975e+02 7.4702697754e+02 7.4731201172e+02 7.4759698486e+02 7.4790301514e+02 7.4822100830e+02 7.4852899170e+02 7.4880999756e+02 7.4909301758e+02 7.4938201904e+02 7.4968798828e+02 7.4999298096e+02 7.5026098633e+02 7.5050299072e+02 7.5073199463e+02 7.5098797607e+02 7.5125799561e+02 7.5148400879e+02 7.5165301514e+02 7.5185998535e+02 7.5207000732e+02 7.5227001953e+02 7.5250201416e+02 7.5279199219e+02 7.5309399414e+02 7.5334899902e+02 7.5355999756e+02 7.5377301025e+02 7.5399902344e+02 7.5426599121e+02 7.5453497314e+02 7.5473901367e+02 7.5484997559e+02 7.5493298340e+02 7.5507098389e+02 7.5522497559e+02 7.5538702393e+02 7.5559600830e+02
7.4437701416e+02 7.4468798828e+02 7.4499700928e+02 7.4524499512e+02 7.4546600342e+02 7.4568103027e+02 7.4592401123e+02 7.4621697998e+02 7.4651202393e+02 7.4680798340e+02 7.4709802246e+02 7.4737597656e+02 7.4766601563e+02 7.4797302246e+02 7.4829199219e+02 7.4859301758e+02 7.4887799072e+02 7.4916198730e+02 7.4946502686e+02 7.4977197266e+02 7.5004101563e+02 7.5028302002e+02 7.5052099609e+02 7.5078198242e+02 7.5104302979e+02 7.5128100586e+02 7.5148199463e+02 7.5171398926e+02 7.5193499756e+02 7.5211602783e+02 7.5230200195e+02 7.5253900146e+02 7.5280499268e+02 7.5305700684e+02 7.5327600098e+02 7.5348199463e+02 7.5369897461e+02 7.5395697021e+02 7.5421301270e+02 7.5443103027e+02 7.5457897949e+02 7.5466400146e+02 7.5480102539e+02 7.5497399902e+02 7.5516101074e+02 7.5536199951e+02
7.4424401855e+02 7.4454998779e+02 7.4485101318e+02 7.4508099365e+02 7.4528497314e+02 7.4548699951e+02 7.4572601318e+02 7.4602099609e+02 7.4631201172e+02 7.4660400391e+02 7.4689398193e+02 7.4715997314e+02 7.4742999268e+02 7.4772198486e+02 7.4805200195e+02 7.4838598633e+02 7.4867797852e+02 7.4895898438e+02 7.4923498535e+02 7.4951898193e+02 7.4978997803e+02 7.5003601074e+02 7.5028100586e+02 7.5052600098e+02 7.5076599121e+02 7.5101599121e+02 7.5128399658e+02 7.5155200195e+02 7.5178497314e+02 7.5195599365e+02 7.5210797119e+02 7.5229901123e+02 7.5251898193e+02 7.5274200439e+02 7.5296600342e+02 7.5318902588e+02 7.5342602539e+02 7.5367199707e+02 7.5392102051e+02 7.5415197754e+02 7.5433001709e+02 7.5444396973e+02 7.5459698486e+02 7.5479901123e+02 7.5499401855e+02 7.5518298340e+02
7.4408697510e+02 7.4437500000e+02 7.4467602539e+02 7.4490301514e+02 7.4510101318e+02 7.4530297852e+02 7.4554998779e+02 7.4584197998e+02 7.4613397217e+02 7.4642498779e+02 7.4671398926e+02 7.4694396973e+02 7.4719097900e+02 7.4746002197e+02 7.4778198242e+02 7.4814398193e+02 7.4844799805e+02 7.4873699951e+02 7.4901098633e+02 7.4926898193e+02 7.4953698730e+02 7.4979302979e+02 7.5004498291e+02 7.5026599121e+02 7.5050000000e+02 7.5077301025e+02 7.5109002686e+02 7.5137500000e+02 7.5162200928e+02 7.5180999756e+02 7.5196301270e+02 7.5209399414e+02 7.5228601074e+02 7.5247698975e+02 7.5268402100e+02 7.5292401123e+02 7.5318298340e+02 7.5343798828e+02 7.5368499756e+02 7.5391198730e+02 7.5410302734e+02 7.5425201416e+02 7.5441998291e+02 7.5462097168e+02 7.5480902100e+02 7.5497802734e+02
7.4392999268e+02 7.4418798828e+02 7.4446899414e+02 7.4470599365e+02 7.4491699219e+02 7.4513000488e+02 7.4537799072e+02 7.4566900635e+02 7.4595501709e+02 7.4623797607e+02 7.4650201416e+02 7.4673199463e+02 7.4697601318e+02 7.4723999023e+02 7.4755603027e+02 7.4790002441e+02 7.4820898438e+02 7.4850598145e+02 7.4878100586e+02 7.4903900146e+02 7.4929901123e+02 7.4955401611e+02 7.4980401611e+02 7.5004199219e+02 7.5028900146e+02 7.5055902100e+02 7.5087597656e+02 7.5118597412e+02 7.5144799805e+02 7.5164501953e+02 7.5177899170e+02 7.5193597412e+02 7.5214300537e+02 7.5232501221e+02 7.5250097656e+02 7.5272497559e+02 7.5298297119e+02 7.5324102783e+02 7.5348498535e+02 7.5370098877e+02 7.5387097168e+02 7.5403198242e+02 7.5422100830e+02 7.5443902588e+02 7.5464501953e+02 7.5481896973e+02
7.4377899170e+02 7.4402197266e+02 7.4427301025e+02 7.4451000977e+02 7.4473199463e+02 7.4495501709e+02 7.4520098877e+02 7.4547802734e+02 7.4575500488e+02 7.4602801514e+02 7.4628497314e+02 7.4651800537e+02 7.4676397705e+02 7.4702899170e+02 7.4733502197e+02 7.4767102051e+02 7.4798297119e+02 7.4828002930e+02 7.4855401611e+02 7.4880700684e+02 7.4905902100e+02 7.4930798340e+02 7.4955499268e+02 7.4980297852e+02 7.5005499268e+02 7.5031896973e+02 7.5060601807e+02 7.5092401123e+02 7.5122900391e+02 7.5144598389e+02 7.5157098389e+02 7.5176397705e+02 7.5203497314e+02 7.5221197510e+02 7.5236297607e+02 7.5255902100e+02 7.5280603027e+02 7.5304302979e+02 7.5327197266e+02 7.5347399902e+02 7.5364398193e+02 7.5381201172e+02 7.5402801514e+02 7.5427502441e+02 7.5450402832e+02 7.5469396973e+02
7.4359899902e+02 7.4384100342e+02 7.4406597900e+02 7.4429602051e+02 7.4452801514e+02 7.4476300049e+02 7.4501000977e+02 7.4527301025e+02 7.4554199219e+02 7.4580700684e+02 7.4606097412e+02 7.4629901123e+02 7.4654699707e+02 7.4681298828e+02 7.4711401367e+02 7.4744598389e+02 7.4775701904e+02 7.4805200195e+02 7.4832501221e+02 7.4857598877e+02 7.4882000732e+02 7.4905798340e+02 7.4929797363e+02 7.4955200195e+02 7.4981201172e+02 7.5006597900e+02 7.5031597900e+02 7.5061798096e+02 7.5094897461e+02 7.5120800781e+02 7.5132501221e+02 7.5150897217e+02 7.5178601074e+02 7.5198498535e+02 7.5215002441e+02 7.5234997559e+02 7.5258898926e+02 7.5281097412e+02 7.5302697754e+02 7.5322399902e+02 7.5340802002e+02 7.5359997559e+02 7.5382501221e+02 7.5407098389e+02 7.5429602051e+02 7.5448602295e+02
