TESTSERVER/24/8.asc
NCOLS 100
NROWS 100
XLLCORNER 8.6997500000e+03
YLLCORNER 2.8955025000e+05
CELLSIZE 5.0000000000e-01
NODATA_VALUE -9.9990000000e+03
[rows 0 to 19 of 100, columns 0 to 45 of 100]
7.1789501953e+02 7.1810601807e+02 7.1833197021e+02 7.1859698486e+02 7.1888397217e+02 7.1918499756e+02 7.1945697021e+02 7.1971997070e+02 7.1996099854e+02 7.2019897461e+02 7.2042999268e+02 7.2065698242e+02 7.2086798096e+02 7.2109301758e+02 7.2133801270e+02 7.2160797119e+02 7.2189398193e+02 7.2217700195e+02 7.2247198486e+02 7.2275097656e+02 7.2299200439e+02 7.2326300049e+02 7.2359002686e+02 7.2387701416e+02 7.2403900146e+02 7.2394396973e+02 7.2385302734e+02 7.2380798340e+02 7.2382501221e+02 7.2402502441e+02 7.2431298828e+02 7.2469799805e+02 7.2515399170e+02 7.2559301758e+02 7.2593103027e+02 7.2619702148e+02 7.2640600586e+02 7.2663598633e+02 7.2693902588e+02 7.2728802490e+02 7.2762200928e+02 7.2789898682e+02 7.2815502930e+02 7.2840997314e+02 7.2867901611e+02 7.2897198486e+02
7.1764599609e+02 7.1783300781e+02 7.1807000732e+02 7.1834002686e+02 7.1862500000e+02 7.1888702393e+02 7.1915698242e+02 7.1942199707e+02 7.1968701172e+02 7.1993402100e+02 7.2017498779e+02 7.2040997314e+02 7.2062701416e+02 7.2081896973e+02 7.2105603027e+02 7.2133697510e+02 7.2165301514e+02 7.2196899414e+02 7.2226501465e+02 7.2253100586e+02 7.2275299072e+02 7.2300701904e+02 7.2333502197e+02 7.2364202881e+02 7.2384997559e+02 7.2379998779e+02 7.2370001221e+02 7.2362500000e+02 7.2360601807e+02 7.2368902588e+02 7.2393701172e+02 7.2433001709e+02 7.2483502197e+02 7.2528601074e+02 7.2564697266e+02 7.2594201660e+02 7.2619598389e+02 7.2644097900e+02 7.2673797607e+02 7.2708001709e+02 7.2742498779e+02 7.2772399902e+02 7.2797802734e+02 7.2820599365e+02 7.2844799805e+02 7.2872497559e+02
7.1740399170e+02 7.1759002686e+02 7.1782098389e+02 7.1808599854e+02 7.1836499023e+02 7.1862097168e+02 7.1888598633e+02 7.1914697266e+02 7.1940698242e+02 7.1965997314e+02 7.1990899658e+02 7.2015399170e+02 7.2037902832e+02 7.2056701660e+02 7.2080200195e+02 7.2108398438e+02 7.2141101074e+02 7.2173199463e+02 7.2202197266e+02 7.2227801514e+02 7.2249401855e+02 7.2272998047e+02 7.2304602051e+02 7.2337200928e+02 7.2364001465e+02 7.2363702393e+02 7.2355297852e+02 7.2347601318e+02 7.2343499756e+02 7.2346600342e+02 7.2368103027e+02 7.2405798340e+02 7.2455798340e+02 7.2502001953e+02 7.2540301514e+02 7.2571697998e+02 7.2598400879e+02 7.2621997070e+02 7.2650799561e+02 7.2684802246e+02 7.2720501709e+02 7.2752899170e+02 7.2780200195e+02 7.2803198242e+02 7.2823699951e+02 7.2847399902e+02
7.1717102051e+02 7.1735498047e+02 7.1757897949e+02 7.1783599854e+02 7.1810998535e+02 7.1836297607e+02 7.1862097168e+02 7.1887597656e+02 7.1912597656e+02 7.1937902832e+02 7.1963598633e+02 7.1988897705e+02 7.2012597656e+02 7.2032202148e+02 7.2055902100e+02 7.2084002686e+02 7.2117199707e+02 7.2149102783e+02 7.2177001953e+02 7.2202001953e+02 7.2223901367e+02 7.2245501709e+02 7.2274401855e+02 7.2307299805e+02 7.2338702393e+02 7.2342602539e+02 7.2337097168e+02 7.2330700684e+02 7.2326800537e+02 7.2327697754e+02 7.2346600342e+02 7.2382501221e+02 7.2431201172e+02 7.2477801514e+02 7.2517102051e+02 7.2549597168e+02 7.2576300049e+02 7.2598901367e+02 7.2626898193e+02 7.2660101318e+02 7.2695697021e+02 7.2729302979e+02 7.2760198975e+02 7.2786102295e+02 7.2805200195e+02 7.2823699951e+02
7.1696502686e+02 7.1714202881e+02 7.1735498047e+02 7.1759399414e+02 7.1785998535e+02 7.1811700439e+02 7.1836499023e+02 7.1861102295e+02 7.1885198975e+02 7.1910101318e+02 7.1935699463e+02 7.1961401367e+02 7.1986999512e+02 7.2010198975e+02 7.2032897949e+02 7.2059997559e+02 7.2095501709e+02 7.2126000977e+02 7.2152899170e+02 7.2177197266e+02 7.2200299072e+02 7.2221502686e+02 7.2245599365e+02 7.2275000000e+02 7.2306402588e+02 7.2316900635e+02 7.2314801025e+02 7.2310198975e+02 7.2309399414e+02 7.2308398438e+02 7.2324401855e+02 7.2359600830e+02 7.2409301758e+02 7.2453698730e+02 7.2492901611e+02 7.2526702881e+02 7.2553399658e+02 7.2576397705e+02 7.2604199219e+02 7.2635400391e+02 7.2668103027e+02 7.2702001953e+02 7.2735302734e+02 7.2765002441e+02 7.2788397217e+02 7.2803601074e+02
7.1674298096e+02 7.1692797852e+02 7.1713598633e+02 7.1736401367e+02 7.1762097168e+02 7.1787597656e+02 7.1811901855e+02 7.1836297607e+02 7.1860302734e+02 7.1884698486e+02 7.1909600830e+02 7.1934600830e+02 7.1962298584e+02 7.1990197754e+02 7.2010101318e+02 7.2033697510e+02 7.2066900635e+02 7.2096801758e+02 7.2123602295e+02 7.2148999023e+02 7.2175500488e+02 7.2200799561e+02 7.2220599365e+02 7.2242999268e+02 7.2271197510e+02 7.2289099121e+02 7.2293597412e+02 7.2291601563e+02 7.2291497803e+02 7.2285998535e+02 7.2297198486e+02 7.2333502197e+02 7.2386199951e+02 7.2427398682e+02 7.2465802002e+02 7.2499902344e+02 7.2527301025e+02 7.2553698730e+02 7.2582299805e+02 7.2612200928e+02 7.2642999268e+02 7.2675201416e+02 7.2707501221e+02 7.2737500000e+02 7.2764099121e+02 7.2782501221e+02
7.1652001953e+02 7.1669702148e+02 7.1690197754e+02 7.1712701416e+02 7.1738000488e+02 7.1763299561e+02 7.1787597656e+02 7.1811901855e+02 7.1835900879e+02 7.1859997559e+02 7.1884497070e+02 7.1909100342e+02 7.1937500000e+02 7.1968499756e+02 7.1985900879e+02 7.2004797363e+02 7.2033898926e+02 7.2062200928e+02 7.2089697266e+02 7.2116900635e+02 7.2146997070e+02 7.2176000977e+02 7.2196197510e+02 7.2216802979e+02 7.2243200684e+02 7.2266302490e+02 7.2275500488e+02 7.2274401855e+02 7.2273498535e+02 7.2266101074e+02 7.2273999023e+02 7.2309002686e+02 7.2362200928e+02 7.2401098633e+02 7.2438702393e+02 7.2472601318e+02 7.2501599121e+02 7.2529797363e+02 7.2558300781e+02 7.2587200928e+02 7.2616302490e+02 7.2646398926e+02 7.2677697754e+02 7.2708300781e+02 7.2737097168e+02 7.2759197998e+02
7.1629699707e+02 7.1646502686e+02 7.1666400146e+02 7.1688702393e+02 7.1713800049e+02 7.1739001465e+02 7.1763397217e+02 7.1787597656e+02 7.1811700439e+02 7.1835601807e+02 7.1859497070e+02 7.1883599854e+02 7.1910900879e+02 7.1941998291e+02 7.1957598877e+02 7.1972497559e+02 7.1998699951e+02 7.2028198242e+02 7.2057202148e+02 7.2086499023e+02 7.2117901611e+02 7.2150402832e+02 7.2174902344e+02 7.2197802734e+02 7.2224499512e+02 7.2249102783e+02 7.2259399414e+02 7.2257299805e+02 7.2255102539e+02 7.2246899414e+02 7.2251397705e+02 7.2283099365e+02 7.2336199951e+02 7.2374902344e+02 7.2411999512e+02 7.2446398926e+02 7.2477600098e+02 7.2506896973e+02 7.2534399414e+02 7.2561602783e+02 7.2588397217e+02 7.2616400146e+02 7.2646502686e+02 7.2677099609e+02 7.2707202148e+02 7.2733300781e+02
7.1605999756e+02 7.1622198486e+02 7.1641802979e+02 7.1664300537e+02 7.1689801025e+02 7.1714599609e+02 7.1739001465e+02 7.1763299561e+02 7.1787597656e+02 7.1811401367e+02 7.1834698486e+02 7.1857702637e+02 7.1880603027e+02 7.1909802246e+02 7.1925097656e+02 7.1936700439e+02 7.1960400391e+02 7.1999597168e+02 7.2033300781e+02 7.2061798096e+02 7.2088000488e+02 7.2128198242e+02 7.2158502197e+02 7.2184002686e+02 7.2211602783e+02 7.2234399414e+02 7.2243200684e+02 7.2239801025e+02 7.2236297607e+02 7.2228302002e+02 7.2230200195e+02 7.2255499268e+02 7.2303900146e+02 7.2348901367e+02 7.2386700439e+02 7.2421997070e+02 7.2456402588e+02 7.2487097168e+02 7.2512200928e+02 7.2535601807e+02 7.2559301758e+02 7.2586798096e+02 7.2614697266e+02 7.2643701172e+02 7.2674798584e+02 7.2704101563e+02
7.1584100342e+02 7.1597698975e+02 7.1616302490e+02 7.1638702393e+02 7.1664801025e+02 7.1689398193e+02 7.1713201904e+02 7.1737097168e+02 7.1761602783e+02 7.1785302734e+02 7.1807598877e+02 7.1829199219e+02 7.1851098633e+02 7.1879998779e+02 7.1902398682e+02 7.1914898682e+02 7.1934997559e+02 7.1974700928e+02 7.2014099121e+02 7.2040899658e+02 7.2066497803e+02 7.2108001709e+02 7.2145001221e+02 7.2176800537e+02 7.2205401611e+02 7.2225402832e+02 7.2228302002e+02 7.2220397949e+02 7.2217297363e+02 7.2211499023e+02 7.2209600830e+02 7.2227099609e+02 7.2272100830e+02 7.2320501709e+02 7.2363702393e+02 7.2403302002e+02 7.2439202881e+02 7.2469299316e+02 7.2492102051e+02 7.2512701416e+02 7.2535601807e+02 7.2560998535e+02 7.2586401367e+02 7.2612500000e+02 7.2641998291e+02 7.2671697998e+02
7.1562799072e+02 7.1574902344e+02 7.1592199707e+02 7.1613897705e+02 7.1640197754e+02 7.1664398193e+02 7.1687597656e+02 7.1711199951e+02 7.1735797119e+02 7.1759698486e+02 7.1782299805e+02 7.1804199219e+02 7.1824902344e+02 7.1854101563e+02 7.1884802246e+02 7.1902899170e+02 7.1918200684e+02 7.1955200195e+02 7.1994201660e+02 7.2021600342e+02 7.2047998047e+02 7.2086297607e+02 7.2126397705e+02 7.2162799072e+02 7.2190002441e+02 7.2208300781e+02 7.2212500000e+02 7.2203802490e+02 7.2197497559e+02 7.2195098877e+02 7.2192102051e+02 7.2204602051e+02 7.2243499756e+02 7.2294500732e+02 7.2342498779e+02 7.2386401367e+02 7.2423297119e+02 7.2450701904e+02 7.2471502686e+02 7.2490399170e+02 7.2512701416e+02 7.2537701416e+02 7.2562200928e+02 7.2586499023e+02 7.2611901855e+02 7.2639099121e+02
7.1542297363e+02 7.1553601074e+02 7.1570098877e+02 7.1591101074e+02 7.1616802979e+02 7.1640197754e+02 7.1662902832e+02 7.1686297607e+02 7.1711102295e+02 7.1736199951e+02 7.1760198975e+02 7.1783502197e+02 7.1805499268e+02 7.1833001709e+02 7.1865802002e+02 7.1888500977e+02 7.1905102539e+02 7.1940197754e+02 7.1977001953e+02 7.2004797363e+02 7.2032098389e+02 7.2065197754e+02 7.2103100586e+02 7.2137902832e+02 7.2160400391e+02 7.2176202393e+02 7.2187902832e+02 7.2185498047e+02 7.2178198242e+02 7.2178100586e+02 7.2174798584e+02 7.2182702637e+02 7.2215600586e+02 7.2269000244e+02 7.2320697021e+02 7.2368298340e+02 7.2406701660e+02 7.2431402588e+02 7.2450000000e+02 7.2466998291e+02 7.2488702393e+02 7.2515197754e+02 7.2539898682e+02 7.2563500977e+02 7.2585400391e+02 7.2608398438e+02
7.1524401855e+02 7.1535101318e+02 7.1549902344e+02 7.1569799805e+02 7.1595397949e+02 7.1617401123e+02 7.1638897705e+02 7.1661297607e+02 7.1686102295e+02 7.1715301514e+02 7.1741601563e+02 7.1766601563e+02 7.1790698242e+02 7.1818499756e+02 7.1846697998e+02 7.1871002197e+02 7.1893701172e+02 7.1925897217e+02 7.1960498047e+02 7.1990600586e+02 7.2016900635e+02 7.2046997070e+02 7.2080902100e+02 7.2110601807e+02 7.2127899170e+02 7.2139300537e+02 7.2155798340e+02 7.2162902832e+02 7.2159899902e+02 7.2160601807e+02 7.2158300781e+02 7.2161700439e+02 7.2180499268e+02 7.2239398193e+02 7.2294897461e+02 7.2346301270e+02 7.2388500977e+02 7.2411602783e+02 7.2426599121e+02 7.2439898682e+02 7.2459497070e+02 7.2491302490e+02 7.2520001221e+02 7.2545300293e+02 7.2568298340e+02 7.2583300781e+02
7.1507000732e+02 7.1517401123e+02 7.1528601074e+02 7.1545501709e+02 7.1570501709e+02 7.1594598389e+02 7.1617199707e+02 7.1639898682e+02 7.1665399170e+02 7.1694396973e+02 7.1722198486e+02 7.1748498535e+02 7.1772497559e+02 7.1801702881e+02 7.1831298828e+02 7.1855999756e+02 7.1878802490e+02 7.1907800293e+02 7.1943298340e+02 7.1975402832e+02 7.2000701904e+02 7.2027398682e+02 7.2053997803e+02 7.2079998779e+02 7.2101300049e+02 7.2117401123e+02 7.2136499023e+02 7.2145800781e+02 7.2142498779e+02 7.2142901611e+02 7.2142401123e+02 7.2144897461e+02 7.2156799316e+02 7.2203399658e+02 7.2259497070e+02 7.2313500977e+02 7.2356701660e+02 7.2385601807e+02 7.2401202393e+02 7.2410699463e+02 7.2428100586e+02 7.2460797119e+02 7.2493499756e+02 7.2522100830e+02 7.2543902588e+02 7.2562597656e+02
7.1486901855e+02 7.1497302246e+02 7.1508099365e+02 7.1523901367e+02 7.1547601318e+02 7.1573400879e+02 7.1597698975e+02 7.1621600342e+02 7.1646801758e+02 7.1675201416e+02 7.1703802490e+02 7.1731896973e+02 7.1758801270e+02 7.1786901855e+02 7.1814898682e+02 7.1838702393e+02 7.1859600830e+02 7.1886199951e+02 7.1921197510e+02 7.1953399658e+02 7.1979699707e+02 7.2003002930e+02 7.2025500488e+02 7.2050299072e+02 7.2074401855e+02 7.2092297363e+02 7.2114801025e+02 7.2127502441e+02 7.2124798584e+02 7.2125000000e+02 7.2124200439e+02 7.2125598145e+02 7.2133697510e+02 7.2173297119e+02 7.2226202393e+02 7.2278900146e+02 7.2322399902e+02 7.2355999756e+02 7.2374597168e+02 7.2384197998e+02 7.2399700928e+02 7.2431201172e+02 7.2463897705e+02 7.2493499756e+02 7.2516497803e+02 7.2540600586e+02
7.1466601563e+02 7.1478802490e+02 7.1491101074e+02 7.1507098389e+02 7.1529199219e+02 7.1555603027e+02 7.1580999756e+02 7.1605401611e+02 7.1630102539e+02 7.1657702637e+02 7.1685998535e+02 7.1714697266e+02 7.1744598389e+02 7.1771997070e+02 7.1798699951e+02 7.1820800781e+02 7.1840502930e+02 7.1867102051e+02 7.1900000000e+02 7.1930700684e+02 7.1957702637e+02 7.1978399658e+02 7.1998901367e+02 7.2024298096e+02 7.2051702881e+02 7.2072399902e+02 7.2097900391e+02 7.2112902832e+02 7.2109197998e+02 7.2108001709e+02 7.2106298828e+02 7.2105902100e+02 7.2111499023e+02 7.2148400879e+02 7.2198699951e+02 7.2249902344e+02 7.2292297363e+02 7.2327197266e+02 7.2349102783e+02 7.2361798096e+02 7.2377899170e+02 7.2406500244e+02 7.2437200928e+02 7.2465802002e+02 7.2489898682e+02 7.2522698975e+02
7.1449102783e+02 7.1464697266e+02 7.1479199219e+02 7.1495300293e+02 7.1516198730e+02 7.1540997314e+02 7.1566400146e+02 7.1590997314e+02 7.1614697266e+02 7.1640002441e+02 7.1666601563e+02 7.1694598389e+02 7.1723199463e+02 7.1751702881e+02 7.1779400635e+02 7.1803100586e+02 7.1825402832e+02 7.1852197266e+02 7.1882000732e+02 7.1910998535e+02 7.1936102295e+02 7.1954998779e+02 7.1973400879e+02 7.1999200439e+02 7.2031201172e+02 7.2059197998e+02 7.2085400391e+02 7.2100598145e+02 7.2096899414e+02 7.2092401123e+02 7.2090399170e+02 7.2088500977e+02 7.2088098145e+02 7.2124902344e+02 7.2176800537e+02 7.2229602051e+02 7.2275402832e+02 7.2302899170e+02 7.2325299072e+02 7.2343902588e+02 7.2364300537e+02 7.2388598633e+02 7.2415399170e+02 7.2439898682e+02 7.2463598633e+02 7.2497998047e+02
7.1435998535e+02 7.1454699707e+02 7.1470300293e+02 7.1485601807e+02 7.1505200195e+02 7.1528399658e+02 7.1552697754e+02 7.1576898193e+02 7.1599401855e+02 7.1621197510e+02 7.1645800781e+02 7.1672497559e+02 7.1701702881e+02 7.1732702637e+02 7.1761199951e+02 7.1786199951e+02 7.1809497070e+02 7.1836700439e+02 7.1864501953e+02 7.1891302490e+02 7.1914202881e+02 7.1932897949e+02 7.1949798584e+02 7.1974902344e+02 7.2011499023e+02 7.2046197510e+02 7.2073999023e+02 7.2088702393e+02 7.2083398438e+02 7.2076397705e+02 7.2073999023e+02 7.2071899414e+02 7.2068402100e+02 7.2093597412e+02 7.2144097900e+02 7.2201702881e+02 7.2249499512e+02 7.2281298828e+02 7.2300402832e+02 7.2317901611e+02 7.2341699219e+02 7.2368103027e+02 7.2389398193e+02 7.2409997559e+02 7.2434802246e+02 7.2463800049e+02
7.1425097656e+02 7.1444897461e+02 7.1461401367e+02 7.1476501465e+02 7.1495001221e+02 7.1517297363e+02 7.1540399170e+02 7.1563299561e+02 7.1585498047e+02 7.1606896973e+02 7.1630499268e+02 7.1655999756e+02 7.1683697510e+02 7.1714300537e+02 7.1743902588e+02 7.1770001221e+02 7.1793402100e+02 7.1819000244e+02 7.1845098877e+02 7.1871197510e+02 7.1893499756e+02 7.1911700439e+02 7.1927099609e+02 7.1951300049e+02 7.1987799072e+02 7.2024700928e+02 7.2055499268e+02 7.2073602295e+02 7.2069799805e+02 7.2060101318e+02 7.2056799316e+02 7.2055200195e+02 7.2051300049e+02 7.2064501953e+02 7.2105999756e+02 7.2160498047e+02 7.2209802246e+02 7.2250299072e+02 7.2275701904e+02 7.2294396973e+02 7.2316802979e+02 7.2342901611e+02 7.2363098145e+02 7.2383599854e+02 7.2410797119e+02 7.2437597656e+02
7.1416302490e+02 7.1435998535e+02 7.1452697754e+02 7.1467700195e+02 7.1485400391e+02 7.1507202148e+02 7.1528900146e+02 7.1550598145e+02 7.1572698975e+02 7.1595202637e+02 7.1618902588e+02 7.1643902588e+02 7.1669396973e+02 7.1697302246e+02 7.1726300049e+02 7.1752398682e+02 7.1774700928e+02 7.1796997070e+02 7.1820898438e+02 7.1846197510e+02 7.1868402100e+02 7.1886499023e+02 7.1902398682e+02 7.1926000977e+02 7.1960797119e+02 7.1995098877e+02 7.2024902344e+02 7.2048199463e+02 7.2053601074e+02 7.2043200684e+02 7.2039202881e+02 7.2038000488e+02 7.2033898926e+02 7.2040600586e+02 7.2074597168e+02 7.2123999023e+02 7.2169702148e+02 7.2214099121e+02 7.2246697998e+02 7.2269000244e+02 7.2290197754e+02 7.2317401123e+02 7.2338500977e+02 7.2359100342e+02 7.2384698486e+02 7.2409497070e+02
