TESTSERVER/24/8.asc
NCOLS 100
NROWS 100
XLLCORNER 8.6997500000e+03
YLLCORNER 2.8955025000e+05
CELLSIZE 5.0000000000e-01
NODATA_VALUE -9.9990000000e+03
[rows 40 to 59 of 100, columns 46 to 91 of 100]
7.1914501953e+02 7.1930999756e+02 7.1951098633e+02 7.1976397705e+02 7.2005200195e+02 7.2035998535e+02 7.2067401123e+02 7.2099902344e+02 7.2130700684e+02 7.2159197998e+02 7.2189398193e+02 7.2212597656e+02 7.2230297852e+02 7.2249597168e+02 7.2275799561e+02 7.2302001953e+02 7.2328198242e+02 7.2354498291e+02 7.2379901123e+02 7.2402099609e+02 7.2422802734e+02 7.2446002197e+02 7.2473101807e+02 7.2504797363e+02 7.2533001709e+02 7.2556500244e+02 7.2571899414e+02 7.2580700684e+02 7.2592297363e+02 7.2609899902e+02 7.2631500244e+02 7.2653601074e+02 7.2678399658e+02 7.2705798340e+02 7.2735998535e+02 7.2764697266e+02 7.2794000244e+02 7.2823400879e+02 7.2853399658e+02 7.2880700684e+02 7.2901098633e+02 7.2922100830e+02 7.2948901367e+02 7.2970300293e+02 7.2989099121e+02 7.3006097412e+02
7.1894799805e+02 7.1912298584e+02 7.1933898926e+02 7.1959399414e+02 7.1987701416e+02 7.2017901611e+02 7.2048602295e+02 7.2080102539e+02 7.2106500244e+02 7.2130401611e+02 7.2159600830e+02 7.2184399414e+02 7.2205499268e+02 7.2226702881e+02 7.2250897217e+02 7.2275598145e+02 7.2302001953e+02 7.2329699707e+02 7.2356896973e+02 7.2377398682e+02 7.2394897461e+02 7.2414697266e+02 7.2441900635e+02 7.2474200439e+02 7.2503198242e+02 7.2527001953e+02 7.2544000244e+02 7.2557598877e+02 7.2572998047e+02 7.2590301514e+02 7.2610101318e+02 7.2632598877e+02 7.2657598877e+02 7.2685198975e+02 7.2715502930e+02 7.2744897461e+02 7.2772998047e+02 7.2798901367e+02 7.2825799561e+02 7.2854498291e+02 7.2878497314e+02 7.2900299072e+02 7.2925299072e+02 7.2945098877e+02 7.2963299561e+02 7.2980700684e+02
7.1871099854e+02 7.1890899658e+02 7.1914898682e+02 7.1941198730e+02 7.1969396973e+02 7.1998797607e+02 7.2028698730e+02 7.2057702637e+02 7.2080700684e+02 7.2102801514e+02 7.2131201172e+02 7.2155902100e+02 7.2179498291e+02 7.2203997803e+02 7.2228601074e+02 7.2252899170e+02 7.2280102539e+02 7.2309197998e+02 7.2337597656e+02 7.2358001709e+02 7.2372802734e+02 7.2388201904e+02 7.2412097168e+02 7.2444097900e+02 7.2473797607e+02 7.2497100830e+02 7.2514801025e+02 7.2533300781e+02 7.2554797363e+02 7.2573699951e+02 7.2591802979e+02 7.2613098145e+02 7.2636199951e+02 7.2661499023e+02 7.2690399170e+02 7.2720300293e+02 7.2748602295e+02 7.2774499512e+02 7.2799597168e+02 7.2827697754e+02 7.2854498291e+02 7.2877899170e+02 7.2899401855e+02 7.2918298340e+02 7.2937298584e+02 7.2955401611e+02
7.1845202637e+02 7.1867401123e+02 7.1893798828e+02 7.1921899414e+02 7.1950701904e+02 7.1979901123e+02 7.2009600830e+02 7.2036602783e+02 7.2059399414e+02 7.2082897949e+02 7.2110198975e+02 7.2132702637e+02 7.2156597900e+02 7.2182397461e+02 7.2207397461e+02 7.2231201172e+02 7.2259002686e+02 7.2289202881e+02 7.2319500732e+02 7.2340802002e+02 7.2353399658e+02 7.2365301514e+02 7.2385400391e+02 7.2416198730e+02 7.2445800781e+02 7.2469897461e+02 7.2489001465e+02 7.2511602783e+02 7.2538299561e+02 7.2559899902e+02 7.2578399658e+02 7.2598400879e+02 7.2617999268e+02 7.2638897705e+02 7.2664501953e+02 7.2693701172e+02 7.2722802734e+02 7.2751098633e+02 7.2779302979e+02 7.2805999756e+02 7.2830297852e+02 7.2850897217e+02 7.2869396973e+02 7.2887902832e+02 7.2907598877e+02 7.2926599121e+02
7.1821099854e+02 7.1844097900e+02 7.1871997070e+02 7.1902801514e+02 7.1933099365e+02 7.1961999512e+02 7.1988702393e+02 7.2015197754e+02 7.2038598633e+02 7.2066198730e+02 7.2095202637e+02 7.2116101074e+02 7.2138598633e+02 7.2162402344e+02 7.2186798096e+02 7.2208801270e+02 7.2235302734e+02 7.2266601563e+02 7.2304797363e+02 7.2325897217e+02 7.2336199951e+02 7.2344598389e+02 7.2361901855e+02 7.2392700195e+02 7.2421301270e+02 7.2446502686e+02 7.2469897461e+02 7.2495800781e+02 7.2523797607e+02 7.2547497559e+02 7.2567901611e+02 7.2585198975e+02 7.2601501465e+02 7.2619396973e+02 7.2642498779e+02 7.2669500732e+02 7.2698999023e+02 7.2729901123e+02 7.2760498047e+02 7.2786499023e+02 7.2806896973e+02 7.2823297119e+02 7.2839099121e+02 7.2856500244e+02 7.2875500488e+02 7.2894598389e+02
7.1801397705e+02 7.1825500488e+02 7.1853900146e+02 7.1884301758e+02 7.1913800049e+02 7.1942199707e+02 7.1968402100e+02 7.1992999268e+02 7.2016302490e+02 7.2046002197e+02 7.2076898193e+02 7.2098699951e+02 7.2122497559e+02 7.2145300293e+02 7.2166998291e+02 7.2186602783e+02 7.2208099365e+02 7.2236499023e+02 7.2272802734e+02 7.2296997070e+02 7.2310101318e+02 7.2323101807e+02 7.2344702148e+02 7.2373602295e+02 7.2402001953e+02 7.2428997803e+02 7.2455102539e+02 7.2482897949e+02 7.2509301758e+02 7.2533001709e+02 7.2552502441e+02 7.2568597412e+02 7.2583801270e+02 7.2602099609e+02 7.2624298096e+02 7.2649902344e+02 7.2677801514e+02 7.2707702637e+02 7.2736999512e+02 7.2762799072e+02 7.2782702637e+02 7.2797802734e+02 7.2811700439e+02 7.2826599121e+02 7.2843103027e+02 7.2860797119e+02
7.1779998779e+02 7.1807000732e+02 7.1836102295e+02 7.1865502930e+02 7.1894299316e+02 7.1923498535e+02 7.1951702881e+02 7.1976501465e+02 7.1998797607e+02 7.2025299072e+02 7.2055798340e+02 7.2079199219e+02 7.2104400635e+02 7.2128002930e+02 7.2148901367e+02 7.2166998291e+02 7.2185198975e+02 7.2209802246e+02 7.2241497803e+02 7.2264501953e+02 7.2282501221e+02 7.2301898193e+02 7.2327600098e+02 7.2357000732e+02 7.2386499023e+02 7.2414202881e+02 7.2440502930e+02 7.2466998291e+02 7.2492199707e+02 7.2514599609e+02 7.2533502197e+02 7.2549902344e+02 7.2565997314e+02 7.2584698486e+02 7.2607000732e+02 7.2631402588e+02 7.2657397461e+02 7.2683898926e+02 7.2709899902e+02 7.2734002686e+02 7.2754101563e+02 7.2770599365e+02 7.2784197998e+02 7.2796502686e+02 7.2809002686e+02 7.2826800537e+02
7.1756298828e+02 7.1786700439e+02 7.1818103027e+02 7.1848498535e+02 7.1877697754e+02 7.1907202148e+02 7.1935699463e+02 7.1960400391e+02 7.1981799316e+02 7.2003997803e+02 7.2031500244e+02 7.2055297852e+02 7.2081701660e+02 7.2107800293e+02 7.2130902100e+02 7.2148999023e+02 7.2165502930e+02 7.2186901855e+02 7.2215600586e+02 7.2239501953e+02 7.2260699463e+02 7.2283398438e+02 7.2310302734e+02 7.2340301514e+02 7.2370098877e+02 7.2397302246e+02 7.2421801758e+02 7.2446997070e+02 7.2471600342e+02 7.2494000244e+02 7.2513000488e+02 7.2530401611e+02 7.2547497559e+02 7.2566497803e+02 7.2588800049e+02 7.2611999512e+02 7.2635302734e+02 7.2658599854e+02 7.2681896973e+02 7.2703802490e+02 7.2723297119e+02 7.2739599609e+02 7.2753302002e+02 7.2765100098e+02 7.2777398682e+02 7.2796301270e+02
7.1733300781e+02 7.1765997314e+02 7.1800299072e+02 7.1833697510e+02 7.1863702393e+02 7.1890698242e+02 7.1915802002e+02 7.1939099121e+02 7.1961700439e+02 7.1983697510e+02 7.2006500244e+02 7.2029699707e+02 7.2056402588e+02 7.2085101318e+02 7.2112298584e+02 7.2132202148e+02 7.2148400879e+02 7.2167700195e+02 7.2192999268e+02 7.2218597412e+02 7.2242297363e+02 7.2266302490e+02 7.2292901611e+02 7.2321301270e+02 7.2349102783e+02 7.2375000000e+02 7.2399298096e+02 7.2424200439e+02 7.2448498535e+02 7.2471600342e+02 7.2491601563e+02 7.2509399414e+02 7.2527001953e+02 7.2546099854e+02 7.2567102051e+02 7.2589898682e+02 7.2611602783e+02 7.2632501221e+02 7.2653900146e+02 7.2673400879e+02 7.2691302490e+02 7.2706298828e+02 7.2720098877e+02 7.2734197998e+02 7.2749102783e+02 7.2770001221e+02
7.1715600586e+02 7.1747399902e+02 7.1779699707e+02 7.1814501953e+02 7.1844897461e+02 7.1871002197e+02 7.1896301270e+02 7.1919702148e+02 7.1941998291e+02 7.1964099121e+02 7.1985900879e+02 7.2009698486e+02 7.2035302734e+02 7.2062902832e+02 7.2091699219e+02 7.2111700439e+02 7.2126397705e+02 7.2145098877e+02 7.2171502686e+02 7.2197698975e+02 7.2222601318e+02 7.2247198486e+02 7.2273297119e+02 7.2300299072e+02 7.2325799561e+02 7.2350799561e+02 7.2375402832e+02 7.2400299072e+02 7.2424902344e+02 7.2448101807e+02 7.2468701172e+02 7.2486901855e+02 7.2504699707e+02 7.2523297119e+02 7.2543701172e+02 7.2565301514e+02 7.2585797119e+02 7.2605102539e+02 7.2623602295e+02 7.2640997314e+02 7.2657299805e+02 7.2671600342e+02 7.2687200928e+02 7.2705297852e+02 7.2725097656e+02 7.2748297119e+02
7.1702600098e+02 7.1737902832e+02 7.1765301514e+02 7.1797399902e+02 7.1825799561e+02 7.1850000000e+02 7.1876202393e+02 7.1902001953e+02 7.1923901367e+02 7.1944000244e+02 7.1963897705e+02 7.1988000488e+02 7.2012298584e+02 7.2037902832e+02 7.2066601563e+02 7.2087402344e+02 7.2103302002e+02 7.2123101807e+02 7.2151098633e+02 7.2177899170e+02 7.2202801514e+02 7.2227099609e+02 7.2252301025e+02 7.2277697754e+02 7.2301800537e+02 7.2326098633e+02 7.2350201416e+02 7.2375897217e+02 7.2401702881e+02 7.2423797607e+02 7.2443798828e+02 7.2462298584e+02 7.2479699707e+02 7.2498199463e+02 7.2517700195e+02 7.2538098145e+02 7.2558697510e+02 7.2576300049e+02 7.2591699219e+02 7.2606097412e+02 7.2620697021e+02 7.2636798096e+02 7.2655603027e+02 7.2678900146e+02 7.2703497314e+02 7.2729699707e+02
7.1686499023e+02 7.1727398682e+02 7.1750598145e+02 7.1780499268e+02 7.1807598877e+02 7.1829302979e+02 7.1853698730e+02 7.1880499268e+02 7.1903198242e+02 7.1922601318e+02 7.1939898682e+02 7.1963397217e+02 7.1986297607e+02 7.2010498047e+02 7.2039599609e+02 7.2063000488e+02 7.2081896973e+02 7.2103698730e+02 7.2131597900e+02 7.2157800293e+02 7.2182299805e+02 7.2206097412e+02 7.2229901123e+02 7.2253802490e+02 7.2277197266e+02 7.2300598145e+02 7.2324102783e+02 7.2349597168e+02 7.2375402832e+02 7.2397900391e+02 7.2417498779e+02 7.2435998535e+02 7.2453698730e+02 7.2471997070e+02 7.2490600586e+02 7.2509802246e+02 7.2528100586e+02 7.2544299316e+02 7.2556896973e+02 7.2569799805e+02 7.2585302734e+02 7.2604199219e+02 7.2628100586e+02 7.2656402588e+02 7.2685797119e+02 7.2713598633e+02
7.1653997803e+02 7.1693402100e+02 7.1724298096e+02 7.1758197021e+02 7.1786901855e+02 7.1807098389e+02 7.1823400879e+02 7.1850500488e+02 7.1877398682e+02 7.1899902344e+02 7.1915197754e+02 7.1937200928e+02 7.1960198975e+02 7.1985198975e+02 7.2015399170e+02 7.2042498779e+02 7.2065197754e+02 7.2087701416e+02 7.2112402344e+02 7.2136999512e+02 7.2160400391e+02 7.2183599854e+02 7.2206799316e+02 7.2229498291e+02 7.2252301025e+02 7.2275097656e+02 7.2297302246e+02 7.2321801758e+02 7.2346801758e+02 7.2370001221e+02 7.2391101074e+02 7.2409301758e+02 7.2426898193e+02 7.2444702148e+02 7.2464001465e+02 7.2479998779e+02 7.2494799805e+02 7.2508001709e+02 7.2519396973e+02 7.2534997559e+02 7.2553601074e+02 7.2577001953e+02 7.2605401611e+02 7.2638800049e+02 7.2671398926e+02 7.2698699951e+02
7.1616497803e+02 7.1653698730e+02 7.1690698242e+02 7.1734698486e+02 7.1769396973e+02 7.1790002441e+02 7.1802502441e+02 7.1821099854e+02 7.1848699951e+02 7.1875500488e+02 7.1894000244e+02 7.1914099121e+02 7.1936798096e+02 7.1963397217e+02 7.1995098877e+02 7.2022900391e+02 7.2045800781e+02 7.2067297363e+02 7.2090502930e+02 7.2114300537e+02 7.2137097168e+02 7.2159997559e+02 7.2182800293e+02 7.2205603027e+02 7.2228698730e+02 7.2251300049e+02 7.2273400879e+02 7.2296002197e+02 7.2319000244e+02 7.2341802979e+02 7.2363800049e+02 7.2383197021e+02 7.2400799561e+02 7.2417498779e+02 7.2434197998e+02 7.2447698975e+02 7.2458898926e+02 7.2471099854e+02 7.2485498047e+02 7.2504797363e+02 7.2528399658e+02 7.2556402588e+02 7.2588800049e+02 7.2624700928e+02 7.2657501221e+02 7.2682897949e+02
7.1588897705e+02 7.1626098633e+02 7.1664202881e+02 7.1711499023e+02 7.1750299072e+02 7.1774499512e+02 7.1790100098e+02 7.1804199219e+02 7.1826202393e+02 7.1852197266e+02 7.1873101807e+02 7.1892901611e+02 7.1915600586e+02 7.1943200684e+02 7.1975402832e+02 7.2001501465e+02 7.2023602295e+02 7.2044396973e+02 7.2066900635e+02 7.2090100098e+02 7.2112799072e+02 7.2135601807e+02 7.2158300781e+02 7.2181701660e+02 7.2205297852e+02 7.2228497314e+02 7.2250500488e+02 7.2271502686e+02 7.2292999268e+02 7.2314898682e+02 7.2336798096e+02 7.2357098389e+02 7.2374798584e+02 7.2389599609e+02 7.2402301025e+02 7.2412597656e+02 7.2421197510e+02 7.2436499023e+02 7.2455401611e+02 7.2480297852e+02 7.2509997559e+02 7.2540899658e+02 7.2574700928e+02 7.2609497070e+02 7.2640002441e+02 7.2664599609e+02
7.1569097900e+02 7.1606500244e+02 7.1645001221e+02 7.1688500977e+02 7.1727301025e+02 7.1755603027e+02 7.1777697754e+02 7.1791900635e+02 7.1809301758e+02 7.1833001709e+02 7.1853997803e+02 7.1873797607e+02 7.1896197510e+02 7.1922900391e+02 7.1953802490e+02 7.1978002930e+02 7.1998901367e+02 7.2019097900e+02 7.2041601563e+02 7.2064801025e+02 7.2087701416e+02 7.2110498047e+02 7.2133502197e+02 7.2157299805e+02 7.2181298828e+02 7.2205200195e+02 7.2227697754e+02 7.2247900391e+02 7.2267999268e+02 7.2288800049e+02 7.2310302734e+02 7.2330499268e+02 7.2346997070e+02 7.2359899902e+02 7.2369396973e+02 7.2378198242e+02 7.2390399170e+02 7.2408197021e+02 7.2431402588e+02 7.2460302734e+02 7.2492602539e+02 7.2525799561e+02 7.2558398438e+02 7.2590197754e+02 7.2619201660e+02 7.2643298340e+02
7.1552899170e+02 7.1590698242e+02 7.1630401611e+02 7.1667700195e+02 7.1702398682e+02 7.1731597900e+02 7.1756402588e+02 7.1774700928e+02 7.1792297363e+02 7.1815002441e+02 7.1835998535e+02 7.1855297852e+02 7.1877099609e+02 7.1901599121e+02 7.1928002930e+02 7.1951501465e+02 7.1971899414e+02 7.1992401123e+02 7.2015100098e+02 7.2038800049e+02 7.2062097168e+02 7.2085198975e+02 7.2108001709e+02 7.2131402588e+02 7.2155700684e+02 7.2180499268e+02 7.2204602051e+02 7.2223699951e+02 7.2242999268e+02 7.2263201904e+02 7.2284100342e+02 7.2301501465e+02 7.2315899658e+02 7.2327899170e+02 7.2337402344e+02 7.2347900391e+02 7.2363598633e+02 7.2385101318e+02 7.2413397217e+02 7.2444097900e+02 7.2477301025e+02 7.2509997559e+02 7.2540301514e+02 7.2570098877e+02 7.2597399902e+02 7.2621301270e+02
7.1534399414e+02 7.1571801758e+02 7.1609399414e+02 7.1642797852e+02 7.1677899170e+02 7.1707800293e+02 7.1733697510e+02 7.1755999756e+02 7.1775701904e+02 7.1799200439e+02 7.1819500732e+02 7.1836401367e+02 7.1857501221e+02 7.1880102539e+02 7.1903002930e+02 7.1924102783e+02 7.1944097900e+02 7.1964801025e+02 7.1988201904e+02 7.2012402344e+02 7.2035601807e+02 7.2058697510e+02 7.2081701660e+02 7.2105200195e+02 7.2129602051e+02 7.2155200195e+02 7.2179901123e+02 7.2198901367e+02 7.2217297363e+02 7.2236700439e+02 7.2255700684e+02 7.2269500732e+02 7.2281896973e+02 7.2294500732e+02 7.2307800293e+02 7.2322900391e+02 7.2343597412e+02 7.2368200684e+02 7.2397802734e+02 7.2429498291e+02 7.2462298584e+02 7.2493701172e+02 7.2523101807e+02 7.2551000977e+02 7.2577001953e+02 7.2601098633e+02
7.1517199707e+02 7.1554400635e+02 7.1591302490e+02 7.1622601318e+02 7.1656298828e+02 7.1686999512e+02 7.1713500977e+02 7.1739300537e+02 7.1762701416e+02 7.1786401367e+02 7.1804699707e+02 7.1821002197e+02 7.1842401123e+02 7.1863201904e+02 7.1881896973e+02 7.1900201416e+02 7.1917999268e+02 7.1937200928e+02 7.1960498047e+02 7.1985198975e+02 7.2008599854e+02 7.2031597900e+02 7.2055102539e+02 7.2078997803e+02 7.2103302002e+02 7.2129101563e+02 7.2154699707e+02 7.2173498535e+02 7.2189398193e+02 7.2208398438e+02 7.2225598145e+02 7.2237701416e+02 7.2249102783e+02 7.2263702393e+02 7.2281298828e+02 7.2302600098e+02 7.2327801514e+02 7.2355499268e+02 7.2385498047e+02 7.2416699219e+02 7.2448498535e+02 7.2479199219e+02 7.2507800293e+02 7.2534600830e+02 7.2559600830e+02 7.2583300781e+02
7.1502099609e+02 7.1539300537e+02 7.1576800537e+02 7.1609497070e+02 7.1641497803e+02 7.1671502686e+02 7.1698699951e+02 7.1727099609e+02 7.1752197266e+02 7.1773400879e+02 7.1788702393e+02 7.1806701660e+02 7.1829498291e+02 7.1850299072e+02 7.1865502930e+02 7.1879498291e+02 7.1894000244e+02 7.1910699463e+02 7.1932501221e+02 7.1957299805e+02 7.1980798340e+02 7.2004302979e+02 7.2028198242e+02 7.2052398682e+02 7.2076397705e+02 7.2102301025e+02 7.2128802490e+02 7.2147399902e+02 7.2161602783e+02 7.2177697754e+02 7.2192297363e+02 7.2203601074e+02 7.2216101074e+02 7.2234698486e+02 7.2260198975e+02 7.2289801025e+02 7.2318597412e+02 7.2346197510e+02 7.2374700928e+02 7.2404699707e+02 7.2435601807e+02 7.2465698242e+02 7.2493902588e+02 7.2520001221e+02 7.2544299316e+02 7.2568200684e+02
