TESTSERVER/24/8.asc
NCOLS 100
NROWS 100
XLLCORNER 8.6997500000e+03
YLLCORNER 2.8955025000e+05
CELLSIZE 5.0000000000e-01
NODATA_VALUE -9.9990000000e+03
[rows 20 to 39 of 100, columns 0 to 45 of 100]
7.1408599854e+02 7.1426702881e+02 7.1443402100e+02 7.1459399414e+02 7.1477398682e+02 7.1497198486e+02 7.1517700195e+02 7.1538702393e+02 7.1561102295e+02 7.1584497070e+02 7.1609497070e+02 7.1634497070e+02 7.1658099365e+02 7.1681500244e+02 7.1707800293e+02 7.1732702637e+02 7.1754797363e+02 7.1774102783e+02 7.1793902588e+02 7.1815002441e+02 7.1835699463e+02 7.1857501221e+02 7.1877899170e+02 7.1901599121e+02 7.1929602051e+02 7.1963299561e+02 7.1990197754e+02 7.2014898682e+02 7.2030401611e+02 7.2027099609e+02 7.2021600342e+02 7.2019598389e+02 7.2014099121e+02 7.2018402100e+02 7.2049597168e+02 7.2098297119e+02 7.2146801758e+02 7.2183898926e+02 7.2216497803e+02 7.2241101074e+02 7.2259899902e+02 7.2290002441e+02 7.2314599609e+02 7.2335101318e+02 7.2357800293e+02 7.2382598877e+02
7.1396997070e+02 7.1415698242e+02 7.1433300781e+02 7.1450299072e+02 7.1467498779e+02 7.1486199951e+02 7.1505798340e+02 7.1526098633e+02 7.1548297119e+02 7.1573101807e+02 7.1598498535e+02 7.1622802734e+02 7.1643499756e+02 7.1663299561e+02 7.1686798096e+02 7.1711401367e+02 7.1733697510e+02 7.1751800537e+02 7.1768902588e+02 7.1787597656e+02 7.1809698486e+02 7.1832702637e+02 7.1854699707e+02 7.1877301025e+02 7.1901098633e+02 7.1930297852e+02 7.1958398438e+02 7.1986199951e+02 7.2009197998e+02 7.2011901855e+02 7.2005200195e+02 7.2003302002e+02 7.1998199463e+02 7.1996801758e+02 7.2023602295e+02 7.2070800781e+02 7.2113299561e+02 7.2147900391e+02 7.2182800293e+02 7.2214599609e+02 7.2235998535e+02 7.2260198975e+02 7.2286401367e+02 7.2306402588e+02 7.2327398682e+02 7.2359899902e+02
7.1383099365e+02 7.1402899170e+02 7.1421002197e+02 7.1438201904e+02 7.1455200195e+02 7.1473101807e+02 7.1491601563e+02 7.1510900879e+02 7.1532397461e+02 7.1557098389e+02 7.1581896973e+02 7.1605200195e+02 7.1624401855e+02 7.1641802979e+02 7.1663702393e+02 7.1688098145e+02 7.1711798096e+02 7.1729797363e+02 7.1745800781e+02 7.1763299561e+02 7.1785198975e+02 7.1808898926e+02 7.1830999756e+02 7.1853698730e+02 7.1877301025e+02 7.1902398682e+02 7.1929699707e+02 7.1962597656e+02 7.1993597412e+02 7.1997802734e+02 7.1988299561e+02 7.1984600830e+02 7.1980603027e+02 7.1978002930e+02 7.2000097656e+02 7.2041998291e+02 7.2080603027e+02 7.2116101074e+02 7.2153900146e+02 7.2188500977e+02 7.2214099121e+02 7.2236297607e+02 7.2259399414e+02 7.2280102539e+02 7.2301098633e+02 7.2335101318e+02
7.1366101074e+02 7.1386798096e+02 7.1405200195e+02 7.1422399902e+02 7.1439202881e+02 7.1456402588e+02 7.1473797607e+02 7.1491998291e+02 7.1512402344e+02 7.1536102295e+02 7.1559899902e+02 7.1582000732e+02 7.1599798584e+02 7.1617199707e+02 7.1639398193e+02 7.1664001465e+02 7.1689099121e+02 7.1708599854e+02 7.1724298096e+02 7.1740802002e+02 7.1761297607e+02 7.1784698486e+02 7.1807202148e+02 7.1830297852e+02 7.1854699707e+02 7.1879901123e+02 7.1906402588e+02 7.1941302490e+02 7.1977600098e+02 7.1984997559e+02 7.1973297119e+02 7.1966601563e+02 7.1962500000e+02 7.1957202148e+02 7.1974401855e+02 7.2014398193e+02 7.2056597900e+02 7.2098101807e+02 7.2137597656e+02 7.2169500732e+02 7.2194702148e+02 7.2216497803e+02 7.2238098145e+02 7.2262799072e+02 7.2282702637e+02 7.2308099365e+02
7.1345599365e+02 7.1366101074e+02 7.1384600830e+02 7.1401800537e+02 7.1418200684e+02 7.1435198975e+02 7.1451702881e+02 7.1468902588e+02 7.1487701416e+02 7.1509497070e+02 7.1531097412e+02 7.1552398682e+02 7.1570800781e+02 7.1591998291e+02 7.1616198730e+02 7.1640997314e+02 7.1665899658e+02 7.1687402344e+02 7.1703900146e+02 7.1719500732e+02 7.1736297607e+02 7.1759899902e+02 7.1784600830e+02 7.1807897949e+02 7.1828698730e+02 7.1855200195e+02 7.1883502197e+02 7.1915802002e+02 7.1952600098e+02 7.1967602539e+02 7.1956701660e+02 7.1949798584e+02 7.1948199463e+02 7.1937701416e+02 7.1947900391e+02 7.1986102295e+02 7.2034197998e+02 7.2082000732e+02 7.2122802734e+02 7.2153698730e+02 7.2177502441e+02 7.2195202637e+02 7.2214599609e+02 7.2242102051e+02 7.2268701172e+02 7.2290802002e+02
7.1324102783e+02 7.1343298340e+02 7.1361700439e+02 7.1378698730e+02 7.1394799805e+02 7.1410699463e+02 7.1427099609e+02 7.1444000244e+02 7.1462799072e+02 7.1482598877e+02 7.1502899170e+02 7.1524401855e+02 7.1546099854e+02 7.1569201660e+02 7.1594097900e+02 7.1619000244e+02 7.1644396973e+02 7.1666900635e+02 7.1683599854e+02 7.1698400879e+02 7.1713098145e+02 7.1734899902e+02 7.1760198975e+02 7.1783801270e+02 7.1802801514e+02 7.1828997803e+02 7.1859002686e+02 7.1890197754e+02 7.1924298096e+02 7.1944097900e+02 7.1933300781e+02 7.1926501465e+02 7.1928302002e+02 7.1917602539e+02 7.1923498535e+02 7.1960498047e+02 7.2008001709e+02 7.2055603027e+02 7.2101000977e+02 7.2136999512e+02 7.2161102295e+02 7.2176202393e+02 7.2188201904e+02 7.2205798340e+02 7.2230798340e+02 7.2261102295e+02
7.1300701904e+02 7.1319396973e+02 7.1337298584e+02 7.1353997803e+02 7.1369299316e+02 7.1385198975e+02 7.1402001953e+02 7.1419299316e+02 7.1437799072e+02 7.1456896973e+02 7.1477099609e+02 7.1498901367e+02 7.1521997070e+02 7.1546301270e+02 7.1571197510e+02 7.1596002197e+02 7.1621099854e+02 7.1643902588e+02 7.1660797119e+02 7.1675299072e+02 7.1689202881e+02 7.1708801270e+02 7.1733099365e+02 7.1757202148e+02 7.1778601074e+02 7.1805200195e+02 7.1833398438e+02 7.1862298584e+02 7.1893499756e+02 7.1917999268e+02 7.1914099121e+02 7.1905603027e+02 7.1907000732e+02 7.1898498535e+02 7.1901000977e+02 7.1932897949e+02 7.1976300049e+02 7.2021997070e+02 7.2073199463e+02 7.2117297363e+02 7.2144299316e+02 7.2160699463e+02 7.2169299316e+02 7.2181201172e+02 7.2200701904e+02 7.2225500488e+02
7.1275598145e+02 7.1293701172e+02 7.1311102295e+02 7.1327301025e+02 7.1342498779e+02 7.1359802246e+02 7.1377697754e+02 7.1395898438e+02 7.1414501953e+02 7.1433001709e+02 7.1453198242e+02 7.1475201416e+02 7.1499401855e+02 7.1524102783e+02 7.1548602295e+02 7.1572802734e+02 7.1596301270e+02 7.1618402100e+02 7.1636199951e+02 7.1651501465e+02 7.1665600586e+02 7.1683300781e+02 7.1706402588e+02 7.1730999756e+02 7.1756799316e+02 7.1786297607e+02 7.1813000488e+02 7.1840399170e+02 7.1869799805e+02 7.1897698975e+02 7.1898699951e+02 7.1888098145e+02 7.1887799072e+02 7.1880902100e+02 7.1880102539e+02 7.1907098389e+02 7.1947399902e+02 7.1987097168e+02 7.2035101318e+02 7.2079400635e+02 7.2112597656e+02 7.2137097168e+02 7.2148400879e+02 7.2159197998e+02 7.2176599121e+02 7.2194201660e+02
7.1247698975e+02 7.1266497803e+02 7.1283599854e+02 7.1299902344e+02 7.1316802979e+02 7.1337097168e+02 7.1357397461e+02 7.1377099609e+02 7.1396002197e+02 7.1412298584e+02 7.1432299805e+02 7.1454498291e+02 7.1479797363e+02 7.1503497314e+02 7.1526898193e+02 7.1549597168e+02 7.1569799805e+02 7.1592199707e+02 7.1611602783e+02 7.1628002930e+02 7.1641802979e+02 7.1661700439e+02 7.1683697510e+02 7.1706701660e+02 7.1731097412e+02 7.1765301514e+02 7.1795599365e+02 7.1826397705e+02 7.1862500000e+02 7.1885101318e+02 7.1883502197e+02 7.1871398926e+02 7.1868103027e+02 7.1861999512e+02 7.1859997559e+02 7.1884100342e+02 7.1928198242e+02 7.1963201904e+02 7.1998797607e+02 7.2033502197e+02 7.2071398926e+02 7.2106097412e+02 7.2125402832e+02 7.2139300537e+02 7.2156298828e+02 7.2171801758e+02
7.1220697021e+02 7.1238598633e+02 7.1256799316e+02 7.1275299072e+02 7.1295697021e+02 7.1319201660e+02 7.1340301514e+02 7.1360101318e+02 7.1377697754e+02 7.1395001221e+02 7.1414202881e+02 7.1435601807e+02 7.1460101318e+02 7.1484100342e+02 7.1506402588e+02 7.1527899170e+02 7.1547100830e+02 7.1569201660e+02 7.1589300537e+02 7.1605200195e+02 7.1618298340e+02 7.1641601563e+02 7.1665197754e+02 7.1686700439e+02 7.1708898926e+02 7.1739099121e+02 7.1769897461e+02 7.1801599121e+02 7.1837500000e+02 7.1866198730e+02 7.1865600586e+02 7.1853601074e+02 7.1850201416e+02 7.1845001221e+02 7.1841699219e+02 7.1859600830e+02 7.1902801514e+02 7.1942700195e+02 7.1982397461e+02 7.2021002197e+02 7.2055499268e+02 7.2084002686e+02 7.2106201172e+02 7.2122802734e+02 7.2138000488e+02 7.2153302002e+02
7.1193597412e+02 7.1211602783e+02 7.1231298828e+02 7.1251898193e+02 7.1275897217e+02 7.1301501465e+02 7.1323297119e+02 7.1343200684e+02 7.1360998535e+02 7.1378399658e+02 7.1397302246e+02 7.1417999268e+02 7.1441802979e+02 7.1465197754e+02 7.1486499023e+02 7.1507098389e+02 7.1525799561e+02 7.1548199463e+02 7.1569000244e+02 7.1585400391e+02 7.1597998047e+02 7.1622601318e+02 7.1647802734e+02 7.1669702148e+02 7.1690301514e+02 7.1717797852e+02 7.1747198486e+02 7.1777301025e+02 7.1811102295e+02 7.1844000244e+02 7.1845800781e+02 7.1832702637e+02 7.1829901123e+02 7.1828698730e+02 7.1825201416e+02 7.1837701416e+02 7.1877502441e+02 7.1919396973e+02 7.1961999512e+02 7.2002001953e+02 7.2034399414e+02 7.2062097168e+02 7.2084899902e+02 7.2101800537e+02 7.2116101074e+02 7.2130603027e+02
7.1166998291e+02 7.1185998535e+02 7.1207501221e+02 7.1230401611e+02 7.1256597900e+02 7.1283398438e+02 7.1306097412e+02 7.1326702881e+02 7.1344799805e+02 7.1362500000e+02 7.1381402588e+02 7.1401702881e+02 7.1424700928e+02 7.1447198486e+02 7.1467602539e+02 7.1487298584e+02 7.1505200195e+02 7.1527600098e+02 7.1549401855e+02 7.1567102051e+02 7.1580499268e+02 7.1603997803e+02 7.1629302979e+02 7.1651800537e+02 7.1671801758e+02 7.1698498535e+02 7.1728100586e+02 7.1756896973e+02 7.1787597656e+02 7.1823602295e+02 7.1829602051e+02 7.1815002441e+02 7.1808801270e+02 7.1810400391e+02 7.1804602051e+02 7.1811602783e+02 7.1849700928e+02 7.1896398926e+02 7.1940997314e+02 7.1979101563e+02 7.2008801270e+02 7.2037500000e+02 7.2060900879e+02 7.2077899170e+02 7.2090301514e+02 7.2103802490e+02
7.1141601563e+02 7.1163299561e+02 7.1186499023e+02 7.1210601807e+02 7.1234899902e+02 7.1261602783e+02 7.1284997559e+02 7.1307299805e+02 7.1327099609e+02 7.1345800781e+02 7.1365600586e+02 7.1386297607e+02 7.1409600830e+02 7.1429797363e+02 7.1448999023e+02 7.1467401123e+02 7.1484399414e+02 7.1506298828e+02 7.1528497314e+02 7.1547998047e+02 7.1564501953e+02 7.1584197998e+02 7.1607000732e+02 7.1630200195e+02 7.1652801514e+02 7.1676397705e+02 7.1706298828e+02 7.1735699463e+02 7.1761199951e+02 7.1795300293e+02 7.1810498047e+02 7.1801501465e+02 7.1788500977e+02 7.1789697266e+02 7.1781597900e+02 7.1782702637e+02 7.1816900635e+02 7.1873297119e+02 7.1922497559e+02 7.1959802246e+02 7.1987097168e+02 7.2010797119e+02 7.2033801270e+02 7.2051898193e+02 7.2066302490e+02 7.2076898193e+02
7.1117297363e+02 7.1141497803e+02 7.1166400146e+02 7.1190997314e+02 7.1215502930e+02 7.1239801025e+02 7.1263098145e+02 7.1286199951e+02 7.1308197021e+02 7.1327099609e+02 7.1347802734e+02 7.1369598389e+02 7.1392797852e+02 7.1413897705e+02 7.1433099365e+02 7.1451300049e+02 7.1468701172e+02 7.1489501953e+02 7.1510198975e+02 7.1528900146e+02 7.1544598389e+02 7.1563299561e+02 7.1584802246e+02 7.1608502197e+02 7.1633300781e+02 7.1652502441e+02 7.1678302002e+02 7.1709802246e+02 7.1740600586e+02 7.1772698975e+02 7.1791802979e+02 7.1783697510e+02 7.1768902588e+02 7.1769897461e+02 7.1763098145e+02 7.1759301758e+02 7.1786999512e+02 7.1840197754e+02 7.1890002441e+02 7.1930499268e+02 7.1960998535e+02 7.1988000488e+02 7.2010900879e+02 7.2028997803e+02 7.2043103027e+02 7.2052899170e+02
7.1093902588e+02 7.1119500732e+02 7.1145397949e+02 7.1170800781e+02 7.1194598389e+02 7.1217999268e+02 7.1241699219e+02 7.1265301514e+02 7.1288201904e+02 7.1307598877e+02 7.1328302002e+02 7.1350299072e+02 7.1373999023e+02 7.1395697021e+02 7.1415399170e+02 7.1434002686e+02 7.1451300049e+02 7.1470898438e+02 7.1490502930e+02 7.1508697510e+02 7.1524700928e+02 7.1543298340e+02 7.1563800049e+02 7.1586700439e+02 7.1612402344e+02 7.1633502197e+02 7.1660498047e+02 7.1692602539e+02 7.1723699951e+02 7.1757501221e+02 7.1778198242e+02 7.1767999268e+02 7.1749200439e+02 7.1749902344e+02 7.1744799805e+02 7.1738500977e+02 7.1757000732e+02 7.1803497314e+02 7.1849597168e+02 7.1890899658e+02 7.1926501465e+02 7.1959100342e+02 7.1983898926e+02 7.2002099609e+02 7.2016802979e+02 7.2028698730e+02
7.1070898438e+02 7.1097399902e+02 7.1123699951e+02 7.1149200439e+02 7.1171899414e+02 7.1194598389e+02 7.1219000244e+02 7.1243402100e+02 7.1267498779e+02 7.1286999512e+02 7.1307397461e+02 7.1329101563e+02 7.1352697754e+02 7.1375000000e+02 7.1395300293e+02 7.1414398193e+02 7.1431701660e+02 7.1450201416e+02 7.1469299316e+02 7.1487402344e+02 7.1504400635e+02 7.1523297119e+02 7.1542498779e+02 7.1563702393e+02 7.1588000488e+02 7.1612402344e+02 7.1642199707e+02 7.1673999023e+02 7.1701397705e+02 7.1735699463e+02 7.1759698486e+02 7.1751300049e+02 7.1730200195e+02 7.1730700684e+02 7.1727001953e+02 7.1720599365e+02 7.1731597900e+02 7.1769598389e+02 7.1810400391e+02 7.1850598145e+02 7.1889300537e+02 7.1927301025e+02 7.1954901123e+02 7.1973699951e+02 7.1988897705e+02 7.2004400635e+02
7.1047100830e+02 7.1073797607e+02 7.1099401855e+02 7.1124401855e+02 7.1146398926e+02 7.1169897461e+02 7.1195202637e+02 7.1220800781e+02 7.1246099854e+02 7.1266601563e+02 7.1286297607e+02 7.1306597900e+02 7.1328399658e+02 7.1351702881e+02 7.1372100830e+02 7.1391400146e+02 7.1408197021e+02 7.1428198242e+02 7.1446997070e+02 7.1465100098e+02 7.1483197021e+02 7.1501898193e+02 7.1519500732e+02 7.1538897705e+02 7.1561401367e+02 7.1585998535e+02 7.1614599609e+02 7.1644702148e+02 7.1672802734e+02 7.1702301025e+02 7.1727099609e+02 7.1729602051e+02 7.1713897705e+02 7.1709997559e+02 7.1708099365e+02 7.1703198242e+02 7.1709002686e+02 7.1743103027e+02 7.1783099365e+02 7.1822399902e+02 7.1862298584e+02 7.1899102783e+02 7.1928698730e+02 7.1948400879e+02 7.1963397217e+02 7.1980499268e+02
7.1025598145e+02 7.1050000000e+02 7.1073602295e+02 7.1097198486e+02 7.1120300293e+02 7.1144000244e+02 7.1169500732e+02 7.1195300293e+02 7.1220599365e+02 7.1242999268e+02 7.1263702393e+02 7.1283801270e+02 7.1304998779e+02 7.1327398682e+02 7.1348400879e+02 7.1368402100e+02 7.1387799072e+02 7.1407800293e+02 7.1426397705e+02 7.1443902588e+02 7.1461901855e+02 7.1479101563e+02 7.1495697021e+02 7.1514599609e+02 7.1537298584e+02 7.1562701416e+02 7.1588702393e+02 7.1616101074e+02 7.1645001221e+02 7.1676300049e+02 7.1702099609e+02 7.1709698486e+02 7.1695098877e+02 7.1689202881e+02 7.1691699219e+02 7.1685400391e+02 7.1682800293e+02 7.1714801025e+02 7.1758197021e+02 7.1799902344e+02 7.1836401367e+02 7.1875799561e+02 7.1907702637e+02 7.1928900146e+02 7.1942700195e+02 7.1957397461e+02
7.1004901123e+02 7.1027801514e+02 7.1050097656e+02 7.1072497559e+02 7.1095098877e+02 7.1118499756e+02 7.1143103027e+02 7.1168200684e+02 7.1193103027e+02 7.1216601563e+02 7.1238397217e+02 7.1259497070e+02 7.1280902100e+02 7.1303601074e+02 7.1325799561e+02 7.1347302246e+02 7.1368499756e+02 7.1389501953e+02 7.1408502197e+02 7.1426000977e+02 7.1442498779e+02 7.1458099365e+02 7.1473901367e+02 7.1491601563e+02 7.1513598633e+02 7.1538299561e+02 7.1562701416e+02 7.1588897705e+02 7.1618103027e+02 7.1652001953e+02 7.1681201172e+02 7.1692797852e+02 7.1681097412e+02 7.1670202637e+02 7.1671697998e+02 7.1665997314e+02 7.1659802246e+02 7.1686798096e+02 7.1727697754e+02 7.1769299316e+02 7.1806799316e+02 7.1849298096e+02 7.1884997559e+02 7.1909301758e+02 7.1924401855e+02 7.1937097168e+02
7.0985400391e+02 7.1006896973e+02 7.1028002930e+02 7.1049499512e+02 7.1071502686e+02 7.1094000244e+02 7.1117199707e+02 7.1140997314e+02 7.1164898682e+02 7.1189001465e+02 7.1211700439e+02 7.1233697510e+02 7.1255999756e+02 7.1279602051e+02 7.1303100586e+02 7.1326300049e+02 7.1349499512e+02 7.1372100830e+02 7.1391699219e+02 7.1409301758e+02 7.1425402832e+02 7.1440301514e+02 7.1455200195e+02 7.1471600342e+02 7.1491601563e+02 7.1513299561e+02 7.1536297607e+02 7.1562200928e+02 7.1590899658e+02 7.1623797607e+02 7.1655902100e+02 7.1673498535e+02 7.1667602539e+02 7.1653100586e+02 7.1650402832e+02 7.1646398926e+02 7.1641400146e+02 7.1661297607e+02 7.1696197510e+02 7.1735198975e+02 7.1773400879e+02 7.1820001221e+02 7.1859899902e+02 7.1887597656e+02 7.1905102539e+02 7.1917999268e+02
