TESTSERVER/24/9.asc
NCOLS 100
NROWS 100
XLLCORNER 8.6997500000e+03
YLLCORNER 2.8950025000e+05
CELLSIZE 5.0000000000e-01
NODATA_VALUE -9.9990000000e+03
[rows 60 to 79 of 100, columns 0 to 45 of 100]
6.9256097412e+02 6.9269897461e+02 6.9285302734e+02 6.9298199463e+02 6.9310699463e+02 6.9324401855e+02 6.9339001465e+02 6.9353698730e+02 6.9369702148e+02 6.9381701660e+02 6.9395800781e+02 6.9410101318e+02 6.9421899414e+02 6.9436602783e+02 6.9450500488e+02 6.9463397217e+02 6.9476202393e+02 6.9492901611e+02 6.9509698486e+02 6.9523901367e+02 6.9534497070e+02 6.9543597412e+02 6.9554302979e+02 6.9568402100e+02 6.9584802246e+02 6.9599102783e+02 6.9615399170e+02 6.9630999756e+02 6.9643902588e+02 6.9655902100e+02 6.9667901611e+02 6.9683001709e+02 6.9699798584e+02 6.9712500000e+02 6.9725097656e+02 6.9740802002e+02 6.9758197021e+02 6.9768798828e+02 6.9781799316e+02 6.9796801758e+02 6.9811499023e+02 6.9827801514e+02 6.9846697998e+02 6.9866998291e+02 6.9884802246e+02 6.9899902344e+02
6.9240899658e+02 6.9256097412e+02 6.9271002197e+02 6.9283099365e+02 6.9295202637e+02 6.9307897949e+02 6.9321197510e+02 6.9336199951e+02 6.9353399658e+02 6.9365997314e+02 6.9378698730e+02 6.9394201660e+02 6.9408300781e+02 6.9423901367e+02 6.9438397217e+02 6.9450897217e+02 6.9463098145e+02 6.9482000732e+02 6.9499902344e+02 6.9512597656e+02 6.9521197510e+02 6.9531201172e+02 6.9541302490e+02 6.9554199219e+02 6.9571398926e+02 6.9589001465e+02 6.9606201172e+02 6.9620397949e+02 6.9630902100e+02 6.9643298340e+02 6.9655297852e+02 6.9669598389e+02 6.9684997559e+02 6.9698999023e+02 6.9712298584e+02 6.9727801514e+02 6.9742297363e+02 6.9753997803e+02 6.9768701172e+02 6.9783599854e+02 6.9796997070e+02 6.9813000488e+02 6.9830902100e+02 6.9849401855e+02 6.9866497803e+02 6.9881896973e+02
6.9225402832e+02 6.9241400146e+02 6.9255297852e+02 6.9266900635e+02 6.9278900146e+02 6.9292999268e+02 6.9306799316e+02 6.9321398926e+02 6.9337597656e+02 6.9351898193e+02 6.9364099121e+02 6.9378802490e+02 6.9393499756e+02 6.9410198975e+02 6.9425500488e+02 6.9438299561e+02 6.9449401855e+02 6.9467797852e+02 6.9485302734e+02 6.9498498535e+02 6.9507897949e+02 6.9518597412e+02 6.9529101563e+02 6.9541198730e+02 6.9557299805e+02 6.9575500488e+02 6.9593103027e+02 6.9607598877e+02 6.9619000244e+02 6.9632098389e+02 6.9643701172e+02 6.9655200195e+02 6.9667102051e+02 6.9683398438e+02 6.9699902344e+02 6.9713201904e+02 6.9725701904e+02 6.9739801025e+02 6.9755700684e+02 6.9769598389e+02 6.9782598877e+02 6.9798699951e+02 6.9815802002e+02 6.9833197021e+02 6.9849401855e+02 6.9865197754e+02
6.9209197998e+02 6.9223999023e+02 6.9238000488e+02 6.9250799561e+02 6.9263598633e+02 6.9279400635e+02 6.9293200684e+02 6.9306201172e+02 6.9321197510e+02 6.9335797119e+02 6.9348297119e+02 6.9362799072e+02 6.9377197266e+02 6.9393701172e+02 6.9409197998e+02 6.9423297119e+02 6.9435601807e+02 6.9450897217e+02 6.9466101074e+02 6.9480999756e+02 6.9494702148e+02 6.9506097412e+02 6.9517199707e+02 6.9528601074e+02 6.9542901611e+02 6.9560900879e+02 6.9578302002e+02 6.9592999268e+02 6.9606597900e+02 6.9621099854e+02 6.9632800293e+02 6.9643402100e+02 6.9653900146e+02 6.9669500732e+02 6.9688098145e+02 6.9698797607e+02 6.9709997559e+02 6.9725500488e+02 6.9741302490e+02 6.9754602051e+02 6.9768798828e+02 6.9784899902e+02 6.9801300049e+02 6.9817999268e+02 6.9833898926e+02 6.9849798584e+02
6.9193597412e+02 6.9207000732e+02 6.9220599365e+02 6.9234802246e+02 6.9247497559e+02 6.9263598633e+02 6.9277099609e+02 6.9289202881e+02 6.9303802490e+02 6.9317102051e+02 6.9331298828e+02 6.9348101807e+02 6.9363500977e+02 6.9376397705e+02 6.9390698242e+02 6.9406298828e+02 6.9421002197e+02 6.9434698486e+02 6.9446899414e+02 6.9462402344e+02 6.9479302979e+02 6.9490997314e+02 6.9503497314e+02 6.9515502930e+02 6.9529699707e+02 6.9548199463e+02 6.9564001465e+02 6.9576800537e+02 6.9589202881e+02 6.9603698730e+02 6.9616802979e+02 6.9629498291e+02 6.9643701172e+02 6.9654699707e+02 6.9672698975e+02 6.9684600830e+02 6.9694396973e+02 6.9709899902e+02 6.9725500488e+02 6.9740197754e+02 6.9755297852e+02 6.9771697998e+02 6.9787298584e+02 6.9802899170e+02 6.9818597412e+02 6.9834802246e+02
6.9181298828e+02 6.9194598389e+02 6.9206097412e+02 6.9218499756e+02 6.9233300781e+02 6.9246997070e+02 6.9259698486e+02 6.9273602295e+02 6.9288000488e+02 6.9302697754e+02 6.9317797852e+02 6.9333599854e+02 6.9348400879e+02 6.9362799072e+02 6.9376098633e+02 6.9391302490e+02 6.9405798340e+02 6.9419000244e+02 6.9432800293e+02 6.9448797607e+02 6.9464099121e+02 6.9476800537e+02 6.9490100098e+02 6.9503497314e+02 6.9518902588e+02 6.9533099365e+02 6.9547100830e+02 6.9561401367e+02 6.9575097656e+02 6.9586499023e+02 6.9600097656e+02 6.9615002441e+02 6.9628198242e+02 6.9638500977e+02 6.9654797363e+02 6.9669299316e+02 6.9682299805e+02 6.9695397949e+02 6.9710797119e+02 6.9726898193e+02 6.9742602539e+02 6.9758502197e+02 6.9773602295e+02 6.9788000488e+02 6.9802398682e+02 6.9817999268e+02
6.9167498779e+02 6.9180102539e+02 6.9191601563e+02 6.9203100586e+02 6.9218902588e+02 6.9231597900e+02 6.9242901611e+02 6.9256799316e+02 6.9271301270e+02 6.9286401367e+02 6.9301300049e+02 6.9315899658e+02 6.9330603027e+02 6.9346301270e+02 6.9360601807e+02 6.9376000977e+02 6.9390600586e+02 6.9402600098e+02 6.9417602539e+02 6.9434301758e+02 6.9448297119e+02 6.9462597656e+02 6.9476397705e+02 6.9490802002e+02 6.9507501221e+02 6.9519598389e+02 6.9532098389e+02 6.9547198486e+02 6.9562097168e+02 6.9573101807e+02 6.9586901855e+02 6.9603601074e+02 6.9616900635e+02 6.9628900146e+02 6.9642700195e+02 6.9656896973e+02 6.9671002197e+02 6.9683197021e+02 6.9697802734e+02 6.9713397217e+02 6.9729199219e+02 6.9744702148e+02 6.9759399414e+02 6.9773699951e+02 6.9787597656e+02 6.9802099609e+02
6.9150701904e+02 6.9163201904e+02 6.9176098633e+02 6.9187799072e+02 6.9202600098e+02 6.9216400146e+02 6.9228100586e+02 6.9241400146e+02 6.9256097412e+02 6.9270898438e+02 6.9284698486e+02 6.9299200439e+02 6.9314099121e+02 6.9329101563e+02 6.9344598389e+02 6.9360699463e+02 6.9375402832e+02 6.9389202881e+02 6.9405499268e+02 6.9420898438e+02 6.9433099365e+02 6.9449499512e+02 6.9463500977e+02 6.9478997803e+02 6.9498498535e+02 6.9510699463e+02 6.9520599365e+02 6.9533197021e+02 6.9548400879e+02 6.9561700439e+02 6.9576098633e+02 6.9593298340e+02 6.9606500244e+02 6.9616198730e+02 6.9628399658e+02 6.9642999268e+02 6.9658502197e+02 6.9671398926e+02 6.9685498047e+02 6.9700299072e+02 6.9715600586e+02 6.9730798340e+02 6.9745697021e+02 6.9760302734e+02 6.9774401855e+02 6.9788000488e+02
6.9133001709e+02 6.9147100830e+02 6.9161602783e+02 6.9174798584e+02 6.9189099121e+02 6.9201702881e+02 6.9213500977e+02 6.9227099609e+02 6.9241802979e+02 6.9257098389e+02 6.9271002197e+02 6.9285400391e+02 6.9299499512e+02 6.9314501953e+02 6.9330401611e+02 6.9346197510e+02 6.9360498047e+02 6.9376898193e+02 6.9395599365e+02 6.9410498047e+02 6.9420697021e+02 6.9434899902e+02 6.9447198486e+02 6.9463500977e+02 6.9483001709e+02 6.9498498535e+02 6.9508398438e+02 6.9519299316e+02 6.9532702637e+02 6.9544897461e+02 6.9559997559e+02 6.9576202393e+02 6.9590399170e+02 6.9601397705e+02 6.9614300537e+02 6.9631097412e+02 6.9647497559e+02 6.9659301758e+02 6.9672497559e+02 6.9686999512e+02 6.9702197266e+02 6.9716900635e+02 6.9732299805e+02 6.9747497559e+02 6.9762200928e+02 6.9775897217e+02
6.9119201660e+02 6.9130902100e+02 6.9145300293e+02 6.9160198975e+02 6.9174298096e+02 6.9186798096e+02 6.9197998047e+02 6.9212097168e+02 6.9226800537e+02 6.9241302490e+02 6.9256201172e+02 6.9270697021e+02 6.9284301758e+02 6.9298297119e+02 6.9313702393e+02 6.9329998779e+02 6.9344702148e+02 6.9360498047e+02 6.9377197266e+02 6.9393701172e+02 6.9408398438e+02 6.9421801758e+02 6.9432000732e+02 6.9447900391e+02 6.9466101074e+02 6.9482299805e+02 6.9496002197e+02 6.9507299805e+02 6.9518499756e+02 6.9530401611e+02 6.9545599365e+02 6.9560198975e+02 6.9574499512e+02 6.9587799072e+02 6.9602801514e+02 6.9619598389e+02 6.9634698486e+02 6.9646899414e+02 6.9658898926e+02 6.9672100830e+02 6.9687200928e+02 6.9702697754e+02 6.9718402100e+02 6.9733801270e+02 6.9748400879e+02 6.9761499023e+02
6.9105603027e+02 6.9116900635e+02 6.9129901123e+02 6.9144201660e+02 6.9159100342e+02 6.9172601318e+02 6.9184399414e+02 6.9198297119e+02 6.9212298584e+02 6.9225500488e+02 6.9240502930e+02 6.9255798340e+02 6.9270098877e+02 6.9284698486e+02 6.9298999023e+02 6.9313897705e+02 6.9328802490e+02 6.9344897461e+02 6.9360101318e+02 6.9376098633e+02 6.9393200684e+02 6.9407098389e+02 6.9417602539e+02 6.9433300781e+02 6.9449798584e+02 6.9464300537e+02 6.9481201172e+02 6.9495202637e+02 6.9506402588e+02 6.9519500732e+02 6.9534002686e+02 6.9547497559e+02 6.9561700439e+02 6.9575701904e+02 6.9590899658e+02 6.9606402588e+02 6.9621398926e+02 6.9634197998e+02 6.9645501709e+02 6.9657702637e+02 6.9672198486e+02 6.9687597656e+02 6.9703002930e+02 6.9718200684e+02 6.9732897949e+02 6.9745599365e+02
6.9090502930e+02 6.9102801514e+02 6.9114801025e+02 6.9126202393e+02 6.9142498779e+02 6.9157501221e+02 6.9170202637e+02 6.9183300781e+02 6.9196697998e+02 6.9209698486e+02 6.9224401855e+02 6.9239801025e+02 6.9254699707e+02 6.9270501709e+02 6.9284899902e+02 6.9298699951e+02 6.9313897705e+02 6.9329998779e+02 6.9344702148e+02 6.9359802246e+02 6.9376397705e+02 6.9390100098e+02 6.9402502441e+02 6.9419201660e+02 6.9434997559e+02 6.9448101807e+02 6.9464202881e+02 6.9479101563e+02 6.9492498779e+02 6.9505700684e+02 6.9519500732e+02 6.9533502197e+02 6.9549200439e+02 6.9563201904e+02 6.9576702881e+02 6.9589697266e+02 6.9605700684e+02 6.9619897461e+02 6.9631500244e+02 6.9643298340e+02 6.9657000732e+02 6.9671697998e+02 6.9686499023e+02 6.9701300049e+02 6.9715802002e+02 6.9728601074e+02
6.9076898193e+02 6.9089697266e+02 6.9101397705e+02 6.9112402344e+02 6.9127697754e+02 6.9141699219e+02 6.9154797363e+02 6.9167797852e+02 6.9181500244e+02 6.9195098877e+02 6.9209002686e+02 6.9223400879e+02 6.9237500000e+02 6.9253002930e+02 6.9267297363e+02 6.9282202148e+02 6.9298901367e+02 6.9314599609e+02 6.9329998779e+02 6.9345898438e+02 6.9362097168e+02 6.9372802734e+02 6.9387597656e+02 6.9405902100e+02 6.9420697021e+02 6.9434399414e+02 6.9447497559e+02 6.9461999512e+02 6.9477398682e+02 6.9491302490e+02 6.9503399658e+02 6.9517700195e+02 6.9532397461e+02 6.9546697998e+02 6.9560900879e+02 6.9573901367e+02 6.9587799072e+02 6.9603497314e+02 6.9616198730e+02 6.9628302002e+02 6.9641400146e+02 6.9655499268e+02 6.9669396973e+02 6.9683502197e+02 6.9696899414e+02 6.9710699463e+02
6.9062402344e+02 6.9076098633e+02 6.9088098145e+02 6.9100897217e+02 6.9114300537e+02 6.9125897217e+02 6.9139001465e+02 6.9152697754e+02 6.9167901611e+02 6.9182501221e+02 6.9195697021e+02 6.9209802246e+02 6.9223199463e+02 6.9240100098e+02 6.9255700684e+02 6.9269500732e+02 6.9283599854e+02 6.9300201416e+02 6.9316198730e+02 6.9332299805e+02 6.9348901367e+02 6.9357598877e+02 6.9372998047e+02 6.9392401123e+02 6.9406500244e+02 6.9419799805e+02 6.9433197021e+02 6.9445397949e+02 6.9461199951e+02 6.9475598145e+02 6.9487902832e+02 6.9504699707e+02 6.9519500732e+02 6.9532598877e+02 6.9546197510e+02 6.9559002686e+02 6.9572698975e+02 6.9587701416e+02 6.9601800537e+02 6.9614099121e+02 6.9626300049e+02 6.9639697266e+02 6.9653302002e+02 6.9666998291e+02 6.9680200195e+02 6.9693499756e+02
6.9048602295e+02 6.9060797119e+02 6.9072198486e+02 6.9086602783e+02 6.9101202393e+02 6.9112402344e+02 6.9124499512e+02 6.9137597656e+02 6.9153399658e+02 6.9169500732e+02 6.9183697510e+02 6.9198297119e+02 6.9209399414e+02 6.9224102783e+02 6.9240698242e+02 6.9255401611e+02 6.9268298340e+02 6.9284899902e+02 6.9299902344e+02 6.9315100098e+02 6.9332000732e+02 6.9343200684e+02 6.9358099365e+02 6.9378198242e+02 6.9395397949e+02 6.9407702637e+02 6.9419500732e+02 6.9430700684e+02 6.9445898438e+02 6.9459997559e+02 6.9471801758e+02 6.9488098145e+02 6.9504400635e+02 6.9518701172e+02 6.9531097412e+02 6.9541900635e+02 6.9556597900e+02 6.9571002197e+02 6.9586499023e+02 6.9600097656e+02 6.9611798096e+02 6.9624700928e+02 6.9638000488e+02 6.9651501465e+02 6.9664398193e+02 6.9677600098e+02
6.9034997559e+02 6.9047198486e+02 6.9058197021e+02 6.9071197510e+02 6.9086499023e+02 6.9098498535e+02 6.9109899902e+02 6.9122998047e+02 6.9139300537e+02 6.9155700684e+02 6.9169702148e+02 6.9183502197e+02 6.9195098877e+02 6.9209002686e+02 6.9225402832e+02 6.9240502930e+02 6.9252301025e+02 6.9268798828e+02 6.9283697510e+02 6.9297497559e+02 6.9313500977e+02 6.9327899170e+02 6.9342401123e+02 6.9360900879e+02 6.9378497314e+02 6.9390301514e+02 6.9402099609e+02 6.9415399170e+02 6.9429400635e+02 6.9444598389e+02 6.9458801270e+02 6.9474401855e+02 6.9491497803e+02 6.9504302979e+02 6.9515100098e+02 6.9526098633e+02 6.9541198730e+02 6.9554101563e+02 6.9569897461e+02 6.9584600830e+02 6.9597100830e+02 6.9609997559e+02 6.9623199463e+02 6.9636401367e+02 6.9649298096e+02 6.9662298584e+02
6.9021301270e+02 6.9034899902e+02 6.9046697998e+02 6.9057800293e+02 6.9073101807e+02 6.9085302734e+02 6.9097198486e+02 6.9110900879e+02 6.9124298096e+02 6.9140100098e+02 6.9153399658e+02 6.9166101074e+02 6.9180401611e+02 6.9194702148e+02 6.9209899902e+02 6.9224401855e+02 6.9237200928e+02 6.9253302002e+02 6.9269201660e+02 6.9283502197e+02 6.9297900391e+02 6.9311700439e+02 6.9325799561e+02 6.9341998291e+02 6.9355603027e+02 6.9370300293e+02 6.9385198975e+02 6.9399597168e+02 6.9413800049e+02 6.9430200195e+02 6.9444598389e+02 6.9461297607e+02 6.9483001709e+02 6.9490002441e+02 6.9499798584e+02 6.9512701416e+02 6.9526501465e+02 6.9539801025e+02 6.9554199219e+02 6.9568200684e+02 6.9581500244e+02 6.9595300293e+02 6.9608599854e+02 6.9621801758e+02 6.9634899902e+02 6.9647698975e+02
6.9007299805e+02 6.9021099854e+02 6.9031701660e+02 6.9044500732e+02 6.9059197998e+02 6.9070397949e+02 6.9083300781e+02 6.9098101807e+02 6.9110797119e+02 6.9123400879e+02 6.9136499023e+02 6.9150897217e+02 6.9165301514e+02 6.9179699707e+02 6.9194897461e+02 6.9209100342e+02 6.9222698975e+02 6.9239501953e+02 6.9254199219e+02 6.9267700195e+02 6.9282598877e+02 6.9296697998e+02 6.9310498047e+02 6.9325701904e+02 6.9338800049e+02 6.9353900146e+02 6.9368798828e+02 6.9383001709e+02 6.9397399902e+02 6.9413299561e+02 6.9425402832e+02 6.9439300537e+02 6.9458599854e+02 6.9468499756e+02 6.9481896973e+02 6.9496997070e+02 6.9511602783e+02 6.9527502441e+02 6.9542199707e+02 6.9555297852e+02 6.9566802979e+02 6.9580200195e+02 6.9593597412e+02 6.9606500244e+02 6.9619097900e+02 6.9632397461e+02
6.8994396973e+02 6.9008001709e+02 6.9018103027e+02 6.9030999756e+02 6.9044598389e+02 6.9056597900e+02 6.9070397949e+02 6.9084600830e+02 6.9096697998e+02 6.9108599854e+02 6.9120501709e+02 6.9134802246e+02 6.9150299072e+02 6.9164898682e+02 6.9179400635e+02 6.9193798828e+02 6.9207702637e+02 6.9223999023e+02 6.9238397217e+02 6.9252099609e+02 6.9266302490e+02 6.9280200195e+02 6.9294897461e+02 6.9310400391e+02 6.9323297119e+02 6.9337200928e+02 6.9351501465e+02 6.9366302490e+02 6.9382098389e+02 6.9398199463e+02 6.9409002686e+02 6.9422100830e+02 6.9440301514e+02 6.9452301025e+02 6.9466400146e+02 6.9481597900e+02 6.9495300293e+02 6.9510797119e+02 6.9525598145e+02 6.9538897705e+02 6.9550299072e+02 6.9563702393e+02 6.9577099609e+02 6.9589898682e+02 6.9602697754e+02 6.9616101074e+02
6.8982702637e+02 6.8995397949e+02 6.9005297852e+02 6.9016998291e+02 6.9029602051e+02 6.9043103027e+02 6.9057397461e+02 6.9070800781e+02 6.9081896973e+02 6.9094598389e+02 6.9106896973e+02 6.9120898438e+02 6.9135797119e+02 6.9150000000e+02 6.9163897705e+02 6.9178802490e+02 6.9193402100e+02 6.9208801270e+02 6.9222900391e+02 6.9236602783e+02 6.9250201416e+02 6.9263897705e+02 6.9278198242e+02 6.9293597412e+02 6.9308398438e+02 6.9322802734e+02 6.9336102295e+02 6.9350897217e+02 6.9367401123e+02 6.9381799316e+02 6.9393499756e+02 6.9408001709e+02 6.9425097656e+02 6.9438598633e+02 6.9452197266e+02 6.9466802979e+02 6.9479797363e+02 6.9493200684e+02 6.9507397461e+02 6.9520300293e+02 6.9532098389e+02 6.9546197510e+02 6.9559600830e+02 6.9572601318e+02 6.9585601807e+02 6.9599298096e+02
