TESTSERVER/24/9.asc
NCOLS 100
NROWS 100
XLLCORNER 8.6997500000e+03
YLLCORNER 2.8950025000e+05
CELLSIZE 5.0000000000e-01
NODATA_VALUE -9.9990000000e+03
[rows 60 to 79 of 100, columns 46 to 91 of 100]
6.9912799072e+02 6.9927301025e+02 6.9944299316e+02 6.9961798096e+02 6.9978399658e+02 6.9993200684e+02 7.0007098389e+02 7.0018701172e+02 7.0033502197e+02 7.0050897217e+02 7.0067102051e+02 7.0082702637e+02 7.0097302246e+02 7.0110400391e+02 7.0124200439e+02 7.0139398193e+02 7.0153601074e+02 7.0170202637e+02 7.0186999512e+02 7.0202899170e+02 7.0219897461e+02 7.0234197998e+02 7.0245697021e+02 7.0259997559e+02 7.0276098633e+02 7.0295098877e+02 7.0308898926e+02 7.0320599365e+02 7.0333099365e+02 7.0346398926e+02 7.0359997559e+02 7.0375402832e+02 7.0389898682e+02 7.0404101563e+02 7.0420599365e+02 7.0435797119e+02 7.0447698975e+02 7.0463897705e+02 7.0479998779e+02 7.0494799805e+02 7.0516400146e+02 7.0538098145e+02 7.0554602051e+02 7.0566699219e+02 7.0578198242e+02 7.0590600586e+02
6.9896997070e+02 6.9912597656e+02 6.9929498291e+02 6.9947497559e+02 6.9966699219e+02 6.9983398438e+02 6.9995501709e+02 7.0005999756e+02 7.0019201660e+02 7.0034399414e+02 7.0050598145e+02 7.0065600586e+02 7.0080798340e+02 7.0094799805e+02 7.0107897949e+02 7.0124298096e+02 7.0139801025e+02 7.0153302002e+02 7.0166900635e+02 7.0181896973e+02 7.0198602295e+02 7.0212799072e+02 7.0226300049e+02 7.0240301514e+02 7.0256402588e+02 7.0275897217e+02 7.0290899658e+02 7.0303497314e+02 7.0317401123e+02 7.0331201172e+02 7.0343200684e+02 7.0354901123e+02 7.0367199707e+02 7.0380902100e+02 7.0397497559e+02 7.0415301514e+02 7.0428802490e+02 7.0443499756e+02 7.0458801270e+02 7.0475799561e+02 7.0500598145e+02 7.0527801514e+02 7.0547198486e+02 7.0558398438e+02 7.0565002441e+02 7.0574798584e+02
6.9881402588e+02 6.9897900391e+02 6.9915100098e+02 6.9934002686e+02 6.9954101563e+02 6.9970898438e+02 6.9982397461e+02 6.9994702148e+02 7.0008001709e+02 7.0020898438e+02 7.0034899902e+02 7.0049200439e+02 7.0064001465e+02 7.0078601074e+02 7.0091998291e+02 7.0107702637e+02 7.0123400879e+02 7.0136901855e+02 7.0149597168e+02 7.0164697266e+02 7.0180902100e+02 7.0194702148e+02 7.0208197021e+02 7.0221502686e+02 7.0239099121e+02 7.0257800293e+02 7.0272302246e+02 7.0285797119e+02 7.0300097656e+02 7.0313800049e+02 7.0326300049e+02 7.0337097168e+02 7.0348498535e+02 7.0361199951e+02 7.0375299072e+02 7.0392498779e+02 7.0410198975e+02 7.0425299072e+02 7.0439202881e+02 7.0456402588e+02 7.0483197021e+02 7.0512597656e+02 7.0534100342e+02 7.0544500732e+02 7.0547302246e+02 7.0555999756e+02
6.9866302490e+02 6.9882897949e+02 6.9899902344e+02 6.9919799805e+02 6.9940100098e+02 6.9956500244e+02 6.9968298340e+02 6.9984698486e+02 6.9998999023e+02 7.0009698486e+02 7.0020501709e+02 7.0035101318e+02 7.0048999023e+02 7.0063299561e+02 7.0077099609e+02 7.0090997314e+02 7.0106500244e+02 7.0121697998e+02 7.0135797119e+02 7.0149401855e+02 7.0163598633e+02 7.0176501465e+02 7.0190698242e+02 7.0205798340e+02 7.0223797607e+02 7.0241497803e+02 7.0255499268e+02 7.0269097900e+02 7.0282897949e+02 7.0296197510e+02 7.0309997559e+02 7.0322998047e+02 7.0333599854e+02 7.0345001221e+02 7.0358099365e+02 7.0373498535e+02 7.0390600586e+02 7.0407000732e+02 7.0420202637e+02 7.0434600830e+02 7.0458300781e+02 7.0485101318e+02 7.0506500244e+02 7.0517797852e+02 7.0522302246e+02 7.0531597900e+02
6.9850701904e+02 6.9866302490e+02 6.9882702637e+02 6.9903601074e+02 6.9923797607e+02 6.9939501953e+02 6.9952398682e+02 6.9971301270e+02 6.9985302734e+02 6.9994500732e+02 7.0003002930e+02 7.0019299316e+02 7.0034301758e+02 7.0047698975e+02 7.0061798096e+02 7.0074200439e+02 7.0089398193e+02 7.0106799316e+02 7.0120501709e+02 7.0130999756e+02 7.0143499756e+02 7.0157800293e+02 7.0173999023e+02 7.0189501953e+02 7.0207800293e+02 7.0225402832e+02 7.0240802002e+02 7.0254199219e+02 7.0266998291e+02 7.0280102539e+02 7.0294702148e+02 7.0307397461e+02 7.0317901611e+02 7.0329699707e+02 7.0341198730e+02 7.0355102539e+02 7.0371398926e+02 7.0388201904e+02 7.0401300049e+02 7.0412799072e+02 7.0429498291e+02 7.0449798584e+02 7.0467401123e+02 7.0484100342e+02 7.0495098877e+02 7.0507800293e+02
6.9833300781e+02 6.9848498535e+02 6.9865002441e+02 6.9884698486e+02 6.9904302979e+02 6.9920501709e+02 6.9933898926e+02 6.9951098633e+02 6.9965100098e+02 6.9976501465e+02 6.9987097168e+02 7.0003497314e+02 7.0019097900e+02 7.0032202148e+02 7.0045202637e+02 7.0057800293e+02 7.0073400879e+02 7.0089898682e+02 7.0100897217e+02 7.0111700439e+02 7.0126702881e+02 7.0142297363e+02 7.0158300781e+02 7.0171801758e+02 7.0188098145e+02 7.0206597900e+02 7.0225402832e+02 7.0241101074e+02 7.0253698730e+02 7.0267102051e+02 7.0281701660e+02 7.0293798828e+02 7.0303698730e+02 7.0316601563e+02 7.0328900146e+02 7.0341998291e+02 7.0355999756e+02 7.0371197510e+02 7.0383801270e+02 7.0394799805e+02 7.0407202148e+02 7.0421301270e+02 7.0437402344e+02 7.0454199219e+02 7.0470098877e+02 7.0487402344e+02
6.9816699219e+02 6.9831500244e+02 6.9847900391e+02 6.9865899658e+02 6.9884197998e+02 6.9900402832e+02 6.9915100098e+02 6.9931896973e+02 6.9946997070e+02 6.9960498047e+02 6.9972998047e+02 6.9989398193e+02 7.0005200195e+02 7.0018298340e+02 7.0029699707e+02 7.0043103027e+02 7.0058801270e+02 7.0073699951e+02 7.0084002686e+02 7.0097497559e+02 7.0114099121e+02 7.0128900146e+02 7.0142901611e+02 7.0156298828e+02 7.0171600342e+02 7.0190399170e+02 7.0210101318e+02 7.0225799561e+02 7.0237799072e+02 7.0250701904e+02 7.0266101074e+02 7.0280200195e+02 7.0291400146e+02 7.0304101563e+02 7.0317498779e+02 7.0329901123e+02 7.0342102051e+02 7.0355200195e+02 7.0367199707e+02 7.0379797363e+02 7.0391998291e+02 7.0404901123e+02 7.0418298340e+02 7.0433300781e+02 7.0449902344e+02 7.0469097900e+02
6.9802099609e+02 6.9816900635e+02 6.9833099365e+02 6.9849102783e+02 6.9865399170e+02 6.9880902100e+02 6.9896398926e+02 6.9914001465e+02 6.9930102539e+02 6.9944897461e+02 6.9958398438e+02 6.9975000000e+02 6.9991601563e+02 7.0004901123e+02 7.0015301514e+02 7.0028698730e+02 7.0043902588e+02 7.0057800293e+02 7.0068902588e+02 7.0084802246e+02 7.0101098633e+02 7.0113800049e+02 7.0126000977e+02 7.0140197754e+02 7.0156597900e+02 7.0176098633e+02 7.0194201660e+02 7.0209100342e+02 7.0221502686e+02 7.0235302734e+02 7.0250500488e+02 7.0264300537e+02 7.0276098633e+02 7.0288299561e+02 7.0302697754e+02 7.0316998291e+02 7.0329602051e+02 7.0342401123e+02 7.0354498291e+02 7.0367199707e+02 7.0379699707e+02 7.0392199707e+02 7.0403997803e+02 7.0417199707e+02 7.0432800293e+02 7.0450201416e+02
6.9790002441e+02 6.9804998779e+02 6.9820599365e+02 6.9834497070e+02 6.9848498535e+02 6.9862701416e+02 6.9878497314e+02 6.9895202637e+02 6.9911401367e+02 6.9927398682e+02 6.9944799805e+02 6.9960998535e+02 6.9978100586e+02 6.9991998291e+02 7.0002197266e+02 7.0013702393e+02 7.0027600098e+02 7.0040600586e+02 7.0053100586e+02 7.0068798828e+02 7.0083300781e+02 7.0095800781e+02 7.0108300781e+02 7.0121502686e+02 7.0138098145e+02 7.0158801270e+02 7.0176000977e+02 7.0193701172e+02 7.0206597900e+02 7.0220202637e+02 7.0234600830e+02 7.0248901367e+02 7.0262902832e+02 7.0274499512e+02 7.0288397217e+02 7.0304400635e+02 7.0319201660e+02 7.0334100342e+02 7.0348199463e+02 7.0359802246e+02 7.0370697021e+02 7.0380297852e+02 7.0389801025e+02 7.0403302002e+02 7.0418402100e+02 7.0434600830e+02
6.9774597168e+02 6.9788702393e+02 6.9803100586e+02 6.9816699219e+02 6.9831701660e+02 6.9846899414e+02 6.9861999512e+02 6.9876300049e+02 6.9891802979e+02 6.9908300781e+02 6.9926800537e+02 6.9945697021e+02 6.9962597656e+02 6.9975402832e+02 6.9985699463e+02 6.9998901367e+02 7.0012902832e+02 7.0025897217e+02 7.0037298584e+02 7.0049798584e+02 7.0063201904e+02 7.0076702881e+02 7.0090197754e+02 7.0103997803e+02 7.0122302246e+02 7.0143103027e+02 7.0157397461e+02 7.0175402832e+02 7.0188897705e+02 7.0203198242e+02 7.0217700195e+02 7.0233697510e+02 7.0249499512e+02 7.0261999512e+02 7.0276300049e+02 7.0292199707e+02 7.0308599854e+02 7.0325201416e+02 7.0339599609e+02 7.0353601074e+02 7.0364099121e+02 7.0369897461e+02 7.0376898193e+02 7.0389501953e+02 7.0405999756e+02 7.0423400879e+02
6.9758300781e+02 6.9771997070e+02 6.9786199951e+02 6.9800701904e+02 6.9816400146e+02 6.9831896973e+02 6.9845800781e+02 6.9858502197e+02 6.9872698975e+02 6.9888098145e+02 6.9905902100e+02 6.9925402832e+02 6.9943103027e+02 6.9956298828e+02 6.9966497803e+02 6.9979699707e+02 6.9994396973e+02 7.0008197021e+02 7.0020001221e+02 7.0031500244e+02 7.0044396973e+02 7.0057897949e+02 7.0071899414e+02 7.0086602783e+02 7.0105200195e+02 7.0123797607e+02 7.0137200928e+02 7.0152801514e+02 7.0164801025e+02 7.0180200195e+02 7.0197302246e+02 7.0213897705e+02 7.0232397461e+02 7.0250598145e+02 7.0267901611e+02 7.0282397461e+02 7.0296997070e+02 7.0311798096e+02 7.0324401855e+02 7.0339398193e+02 7.0352001953e+02 7.0357800293e+02 7.0364801025e+02 7.0377301025e+02 7.0394702148e+02 7.0413800049e+02
6.9741400146e+02 6.9755102539e+02 6.9770001221e+02 6.9784997559e+02 6.9800000000e+02 6.9814898682e+02 6.9828601074e+02 6.9840502930e+02 6.9853198242e+02 6.9867102051e+02 6.9883099365e+02 6.9901599121e+02 6.9920697021e+02 6.9935400391e+02 6.9946197510e+02 6.9958599854e+02 6.9973699951e+02 6.9988598633e+02 7.0001702881e+02 7.0013201904e+02 7.0025799561e+02 7.0039001465e+02 7.0052197266e+02 7.0066601563e+02 7.0082702637e+02 7.0098297119e+02 7.0113000488e+02 7.0128497314e+02 7.0142102051e+02 7.0158197021e+02 7.0178002930e+02 7.0195599365e+02 7.0215502930e+02 7.0235400391e+02 7.0254602051e+02 7.0271197510e+02 7.0286700439e+02 7.0299102783e+02 7.0308197021e+02 7.0320397949e+02 7.0333300781e+02 7.0342700195e+02 7.0354302979e+02 7.0367498779e+02 7.0384997559e+02 7.0403802490e+02
6.9724499512e+02 6.9738702393e+02 6.9754998779e+02 6.9770098877e+02 6.9783398438e+02 6.9796697998e+02 6.9809698486e+02 6.9822302246e+02 6.9833697510e+02 6.9846197510e+02 6.9860601807e+02 6.9878497314e+02 6.9897497559e+02 6.9913397217e+02 6.9925201416e+02 6.9939599609e+02 6.9954699707e+02 6.9970098877e+02 6.9984497070e+02 6.9995098877e+02 7.0007202148e+02 7.0020202637e+02 7.0032397461e+02 7.0046899414e+02 7.0061401367e+02 7.0074499512e+02 7.0090002441e+02 7.0108099365e+02 7.0128601074e+02 7.0145697021e+02 7.0163598633e+02 7.0181097412e+02 7.0200097656e+02 7.0217602539e+02 7.0237200928e+02 7.0258300781e+02 7.0276202393e+02 7.0289398193e+02 7.0299200439e+02 7.0308599854e+02 7.0318298340e+02 7.0328997803e+02 7.0342700195e+02 7.0354998779e+02 7.0370697021e+02 7.0388897705e+02
6.9707702637e+02 6.9722100830e+02 6.9736999512e+02 6.9751397705e+02 6.9764801025e+02 6.9778002930e+02 6.9791101074e+02 6.9803198242e+02 6.9814697266e+02 6.9826800537e+02 6.9840502930e+02 6.9858197021e+02 6.9875701904e+02 6.9891198730e+02 6.9904901123e+02 6.9920397949e+02 6.9935998535e+02 6.9951599121e+02 6.9965802002e+02 6.9977197266e+02 6.9990002441e+02 7.0004400635e+02 7.0017999268e+02 7.0034002686e+02 7.0048901367e+02 7.0059600830e+02 7.0072998047e+02 7.0091998291e+02 7.0114300537e+02 7.0131799316e+02 7.0146997070e+02 7.0162298584e+02 7.0182800293e+02 7.0200598145e+02 7.0219799805e+02 7.0238397217e+02 7.0254901123e+02 7.0270202637e+02 7.0284301758e+02 7.0296398926e+02 7.0302801514e+02 7.0312799072e+02 7.0326397705e+02 7.0337597656e+02 7.0351501465e+02 7.0369598389e+02
6.9691497803e+02 6.9705499268e+02 6.9719299316e+02 6.9732598877e+02 6.9745800781e+02 6.9759100342e+02 6.9772399902e+02 6.9784899902e+02 6.9796600342e+02 6.9808599854e+02 6.9822497559e+02 6.9839300537e+02 6.9855999756e+02 6.9871600342e+02 6.9886199951e+02 6.9901397705e+02 6.9916802979e+02 6.9932397461e+02 6.9946398926e+02 6.9958599854e+02 6.9972399902e+02 6.9987402344e+02 7.0003002930e+02 7.0020599365e+02 7.0034802246e+02 7.0041497803e+02 7.0051000977e+02 7.0069097900e+02 7.0089099121e+02 7.0108697510e+02 7.0126202393e+02 7.0141400146e+02 7.0160900879e+02 7.0178900146e+02 7.0197497559e+02 7.0212097168e+02 7.0225201416e+02 7.0240399170e+02 7.0257000732e+02 7.0270098877e+02 7.0274401855e+02 7.0285699463e+02 7.0301800537e+02 7.0318402100e+02 7.0335101318e+02 7.0349700928e+02
6.9675799561e+02 6.9689398193e+02 6.9702697754e+02 6.9715197754e+02 6.9727899170e+02 6.9740997314e+02 6.9754400635e+02 6.9767297363e+02 6.9779302979e+02 6.9791400146e+02 6.9805999756e+02 6.9822497559e+02 6.9838500977e+02 6.9853900146e+02 6.9868298340e+02 6.9882598877e+02 6.9897399902e+02 6.9912500000e+02 6.9926202393e+02 6.9938397217e+02 6.9952001953e+02 6.9968200684e+02 6.9984802246e+02 7.0000897217e+02 7.0016101074e+02 7.0024902344e+02 7.0033300781e+02 7.0048297119e+02 7.0065002441e+02 7.0084899902e+02 7.0104101563e+02 7.0118402100e+02 7.0135498047e+02 7.0150701904e+02 7.0168499756e+02 7.0183599854e+02 7.0195599365e+02 7.0209399414e+02 7.0224798584e+02 7.0237799072e+02 7.0245898438e+02 7.0258599854e+02 7.0277197266e+02 7.0298498535e+02 7.0316400146e+02 7.0330999756e+02
6.9660998535e+02 6.9674200439e+02 6.9687500000e+02 6.9699798584e+02 6.9712298584e+02 6.9724902344e+02 6.9738598633e+02 6.9750097656e+02 6.9762097168e+02 6.9774700928e+02 6.9789202881e+02 6.9805798340e+02 6.9821301270e+02 6.9836499023e+02 6.9850097656e+02 6.9862701416e+02 6.9876898193e+02 6.9891900635e+02 6.9907202148e+02 6.9919500732e+02 6.9932397461e+02 6.9947998047e+02 6.9962500000e+02 6.9979998779e+02 6.9997802734e+02 7.0011901855e+02 7.0023602295e+02 7.0031896973e+02 7.0043200684e+02 7.0061999512e+02 7.0081500244e+02 7.0097399902e+02 7.0113397217e+02 7.0126098633e+02 7.0138000488e+02 7.0151898193e+02 7.0163299561e+02 7.0176202393e+02 7.0192498779e+02 7.0210101318e+02 7.0223602295e+02 7.0236798096e+02 7.0255200195e+02 7.0276501465e+02 7.0292797852e+02 7.0307598877e+02
6.9645697021e+02 6.9658898926e+02 6.9672100830e+02 6.9684600830e+02 6.9696600342e+02 6.9708398438e+02 6.9720599365e+02 6.9731896973e+02 6.9743597412e+02 6.9756597900e+02 6.9771301270e+02 6.9786901855e+02 6.9802001953e+02 6.9816802979e+02 6.9830297852e+02 6.9842401123e+02 6.9856201172e+02 6.9871099854e+02 6.9888000488e+02 6.9902301025e+02 6.9913702393e+02 6.9925402832e+02 6.9938598633e+02 6.9958801270e+02 6.9978100586e+02 6.9992700195e+02 7.0004998779e+02 7.0016699219e+02 7.0025799561e+02 7.0041198730e+02 7.0059399414e+02 7.0074700928e+02 7.0089398193e+02 7.0103302002e+02 7.0114501953e+02 7.0126202393e+02 7.0138201904e+02 7.0151397705e+02 7.0165399170e+02 7.0183502197e+02 7.0198901367e+02 7.0211602783e+02 7.0230700684e+02 7.0254199219e+02 7.0269799805e+02 7.0281896973e+02
6.9629498291e+02 6.9642700195e+02 6.9655902100e+02 6.9668402100e+02 6.9679901123e+02 6.9691101074e+02 6.9702398682e+02 6.9713702393e+02 6.9725598145e+02 6.9738500977e+02 6.9752899170e+02 6.9767797852e+02 6.9782299805e+02 6.9796600342e+02 6.9810101318e+02 6.9822100830e+02 6.9835302734e+02 6.9849700928e+02 6.9866802979e+02 6.9881896973e+02 6.9892797852e+02 6.9903399658e+02 6.9915502930e+02 6.9933697510e+02 6.9951702881e+02 6.9966998291e+02 6.9980902100e+02 6.9996801758e+02 7.0010302734e+02 7.0023699951e+02 7.0038201904e+02 7.0050201416e+02 7.0062799072e+02 7.0078497314e+02 7.0091198730e+02 7.0102600098e+02 7.0115301514e+02 7.0127398682e+02 7.0137402344e+02 7.0152697754e+02 7.0168701172e+02 7.0185498047e+02 7.0209197998e+02 7.0236798096e+02 7.0253399658e+02 7.0262200928e+02
6.9612701416e+02 6.9625799561e+02 6.9639001465e+02 6.9651501465e+02 6.9662701416e+02 6.9673602295e+02 6.9684497070e+02 6.9695697021e+02 6.9707800293e+02 6.9720501709e+02 6.9734301758e+02 6.9748297119e+02 6.9762298584e+02 6.9776202393e+02 6.9789801025e+02 6.9801800537e+02 6.9814398193e+02 6.9827801514e+02 6.9842901611e+02 6.9857000732e+02 6.9869097900e+02 6.9881097412e+02 6.9893597412e+02 6.9906896973e+02 6.9923199463e+02 6.9941699219e+02 6.9959002686e+02 6.9976202393e+02 6.9990502930e+02 7.0003399658e+02 7.0017602539e+02 7.0029699707e+02 7.0040399170e+02 7.0053198242e+02 7.0064898682e+02 7.0076501465e+02 7.0089300537e+02 7.0099798584e+02 7.0108898926e+02 7.0123699951e+02 7.0141998291e+02 7.0162701416e+02 7.0190502930e+02 7.0221301270e+02 7.0238299561e+02 7.0246099854e+02
