TESTSERVER/24/9.asc
NCOLS 100
NROWS 100
XLLCORNER 8.6997500000e+03
YLLCORNER 2.8950025000e+05
CELLSIZE 5.0000000000e-01
NODATA_VALUE -9.9990000000e+03
[rows 40 to 59 of 100, columns 0 to 45 of 100]
6.9546801758e+02 6.9559197998e+02 6.9569702148e+02 6.9580297852e+02 6.9592401123e+02 6.9608001709e+02 6.9623199463e+02 6.9638098145e+02 6.9651702881e+02 6.9663299561e+02 6.9676800537e+02 6.9690502930e+02 6.9704498291e+02 6.9719000244e+02 6.9735900879e+02 6.9752899170e+02 6.9769500732e+02 6.9783099365e+02 6.9795001221e+02 6.9807299805e+02 6.9822601318e+02 6.9838098145e+02 6.9854199219e+02 6.9868902588e+02 6.9881597900e+02 6.9894897461e+02 6.9907598877e+02 6.9919097900e+02 6.9932897949e+02 6.9944201660e+02 6.9955102539e+02 6.9969201660e+02 6.9985900879e+02 6.9999200439e+02 7.0014801025e+02 7.0028399658e+02 7.0037097168e+02 7.0049700928e+02 7.0063000488e+02 7.0077801514e+02 7.0091198730e+02 7.0111499023e+02 7.0128997803e+02 7.0142999268e+02 7.0158398438e+02 7.0174499512e+02
6.9531097412e+02 6.9543902588e+02 6.9554400635e+02 6.9564801025e+02 6.9577697754e+02 6.9594396973e+02 6.9611401367e+02 6.9627301025e+02 6.9639300537e+02 6.9650097656e+02 6.9662597656e+02 6.9675799561e+02 6.9690100098e+02 6.9705603027e+02 6.9721697998e+02 6.9738000488e+02 6.9754400635e+02 6.9768200684e+02 6.9780902100e+02 6.9794000244e+02 6.9808300781e+02 6.9823498535e+02 6.9838397217e+02 6.9852301025e+02 6.9865698242e+02 6.9880297852e+02 6.9893701172e+02 6.9904901123e+02 6.9918103027e+02 6.9930401611e+02 6.9941998291e+02 6.9957299805e+02 6.9972698975e+02 6.9984002686e+02 6.9999102783e+02 7.0010900879e+02 7.0020501709e+02 7.0034997559e+02 7.0049401855e+02 7.0064398193e+02 7.0077697754e+02 7.0095098877e+02 7.0112902832e+02 7.0128399658e+02 7.0142999268e+02 7.0159497070e+02
6.9516998291e+02 6.9529797363e+02 6.9540100098e+02 6.9550500488e+02 6.9563702393e+02 6.9581201172e+02 6.9598699951e+02 6.9614398193e+02 6.9625701904e+02 6.9636297607e+02 6.9648602295e+02 6.9661499023e+02 6.9676000977e+02 6.9691302490e+02 6.9706896973e+02 6.9722698975e+02 6.9738299561e+02 6.9752001953e+02 6.9764898682e+02 6.9778601074e+02 6.9793298340e+02 6.9807598877e+02 6.9821801758e+02 6.9835998535e+02 6.9850799561e+02 6.9866497803e+02 6.9879602051e+02 6.9890899658e+02 6.9904302979e+02 6.9918597412e+02 6.9931201172e+02 6.9944500732e+02 6.9957598877e+02 6.9968798828e+02 6.9983801270e+02 6.9997198486e+02 7.0008197021e+02 7.0022100830e+02 7.0036999512e+02 7.0051800537e+02 7.0064801025e+02 7.0079901123e+02 7.0095697021e+02 7.0111297607e+02 7.0126702881e+02 7.0143597412e+02
6.9504302979e+02 6.9516900635e+02 6.9527099609e+02 6.9537500000e+02 6.9551000977e+02 6.9567999268e+02 6.9584600830e+02 6.9599200439e+02 6.9610601807e+02 6.9622302246e+02 6.9634600830e+02 6.9647399902e+02 6.9661700439e+02 6.9676599121e+02 6.9691699219e+02 6.9707000732e+02 6.9721899414e+02 6.9734997559e+02 6.9748297119e+02 6.9762298584e+02 6.9777697754e+02 6.9791302490e+02 6.9804797363e+02 6.9819201660e+02 6.9835601807e+02 6.9853002930e+02 6.9865899658e+02 6.9876898193e+02 6.9890197754e+02 6.9906896973e+02 6.9921600342e+02 6.9933001709e+02 6.9944299316e+02 6.9954797363e+02 6.9969000244e+02 6.9984997559e+02 6.9998400879e+02 7.0012500000e+02 7.0025500488e+02 7.0038000488e+02 7.0051397705e+02 7.0065698242e+02 7.0080798340e+02 7.0096801758e+02 7.0112402344e+02 7.0127301025e+02
6.9491998291e+02 6.9504602051e+02 6.9514398193e+02 6.9525201416e+02 6.9540399170e+02 6.9555499268e+02 6.9569500732e+02 6.9582098389e+02 6.9593597412e+02 6.9607598877e+02 6.9620697021e+02 6.9633898926e+02 6.9647802734e+02 6.9661700439e+02 6.9676501465e+02 6.9691601563e+02 6.9706597900e+02 6.9719500732e+02 6.9733001709e+02 6.9746899414e+02 6.9762200928e+02 6.9776000977e+02 6.9788598633e+02 6.9802197266e+02 6.9820098877e+02 6.9837500000e+02 6.9851098633e+02 6.9862902832e+02 6.9875701904e+02 6.9893701172e+02 6.9910900879e+02 6.9923602295e+02 6.9934997559e+02 6.9943902588e+02 6.9956201172e+02 6.9970397949e+02 6.9983898926e+02 6.9998699951e+02 7.0011297607e+02 7.0025598145e+02 7.0043200684e+02 7.0053198242e+02 7.0066998291e+02 7.0081799316e+02 7.0096600342e+02 7.0111602783e+02
6.9480297852e+02 6.9493103027e+02 6.9502697754e+02 6.9513000488e+02 6.9527197266e+02 6.9541198730e+02 6.9553497314e+02 6.9565002441e+02 6.9578002930e+02 6.9592797852e+02 6.9606201172e+02 6.9619299316e+02 6.9632397461e+02 6.9646502686e+02 6.9661102295e+02 6.9676000977e+02 6.9690802002e+02 6.9704699707e+02 6.9718499756e+02 6.9732501221e+02 6.9747698975e+02 6.9761901855e+02 6.9774499512e+02 6.9787097168e+02 6.9801599121e+02 6.9818597412e+02 6.9834399414e+02 6.9849200439e+02 6.9863201904e+02 6.9877197266e+02 6.9894799805e+02 6.9909802246e+02 6.9921197510e+02 6.9929199219e+02 6.9940997314e+02 6.9953497314e+02 6.9967401123e+02 6.9983398438e+02 6.9996997070e+02 7.0012097168e+02 7.0030401611e+02 7.0041302490e+02 7.0055200195e+02 7.0067901611e+02 7.0081896973e+02 7.0097399902e+02
6.9467797852e+02 6.9480798340e+02 6.9490997314e+02 6.9501300049e+02 6.9513800049e+02 6.9526599121e+02 6.9538500977e+02 6.9549902344e+02 6.9563500977e+02 6.9578497314e+02 6.9591699219e+02 6.9604302979e+02 6.9617297363e+02 6.9631201172e+02 6.9645501709e+02 6.9660302734e+02 6.9675097656e+02 6.9689202881e+02 6.9703198242e+02 6.9717401123e+02 6.9732702637e+02 6.9747998047e+02 6.9760998535e+02 6.9773297119e+02 6.9785699463e+02 6.9800201416e+02 6.9816101074e+02 6.9832299805e+02 6.9847802734e+02 6.9862402344e+02 6.9878900146e+02 6.9892797852e+02 6.9903698730e+02 6.9914801025e+02 6.9928900146e+02 6.9941900635e+02 6.9954602051e+02 6.9968200684e+02 6.9982397461e+02 6.9997601318e+02 7.0012597656e+02 7.0027099609e+02 7.0043298340e+02 7.0055102539e+02 7.0067199707e+02 7.0082397461e+02
6.9452600098e+02 6.9465899658e+02 6.9477099609e+02 6.9488000488e+02 6.9499499512e+02 6.9511901855e+02 6.9524102783e+02 6.9536297607e+02 6.9550402832e+02 6.9565100098e+02 6.9577899170e+02 6.9590197754e+02 6.9602801514e+02 6.9616400146e+02 6.9630297852e+02 6.9644897461e+02 6.9659698486e+02 6.9673797607e+02 6.9687799072e+02 6.9702001953e+02 6.9716998291e+02 6.9733001709e+02 6.9746899414e+02 6.9759399414e+02 6.9771600342e+02 6.9783801270e+02 6.9798297119e+02 6.9814697266e+02 6.9832000732e+02 6.9849401855e+02 6.9864202881e+02 6.9876000977e+02 6.9887200928e+02 6.9900299072e+02 6.9915301514e+02 6.9929400635e+02 6.9943298340e+02 6.9954602051e+02 6.9969000244e+02 6.9984002686e+02 6.9995898438e+02 7.0010797119e+02 7.0028698730e+02 7.0041900635e+02 7.0053198242e+02 7.0068200684e+02
6.9433801270e+02 6.9447399902e+02 6.9459899902e+02 6.9471899414e+02 6.9483099365e+02 6.9496899414e+02 6.9510198975e+02 6.9523797607e+02 6.9539001465e+02 6.9553601074e+02 6.9566802979e+02 6.9578698730e+02 6.9590197754e+02 6.9602301025e+02 6.9615899658e+02 6.9630297852e+02 6.9645800781e+02 6.9659100342e+02 6.9672698975e+02 6.9686499023e+02 6.9700299072e+02 6.9716198730e+02 6.9731097412e+02 6.9744598389e+02 6.9757098389e+02 6.9767797852e+02 6.9780902100e+02 6.9797198486e+02 6.9814898682e+02 6.9833599854e+02 6.9849798584e+02 6.9862902832e+02 6.9876300049e+02 6.9885900879e+02 6.9899401855e+02 6.9915997314e+02 6.9931500244e+02 6.9944299316e+02 6.9957202148e+02 6.9971099854e+02 6.9985699463e+02 6.9999298096e+02 7.0016302490e+02 7.0030798340e+02 7.0040100098e+02 7.0054602051e+02
6.9418701172e+02 6.9431402588e+02 6.9444598389e+02 6.9458099365e+02 6.9471099854e+02 6.9484399414e+02 6.9497802734e+02 6.9511999512e+02 6.9527899170e+02 6.9543902588e+02 6.9557598877e+02 6.9569396973e+02 6.9578900146e+02 6.9590002441e+02 6.9602899170e+02 6.9616699219e+02 6.9631097412e+02 6.9644201660e+02 6.9657501221e+02 6.9671099854e+02 6.9685198975e+02 6.9700598145e+02 6.9715502930e+02 6.9729602051e+02 6.9742700195e+02 6.9753100586e+02 6.9765100098e+02 6.9780200195e+02 6.9797497559e+02 6.9816699219e+02 6.9835198975e+02 6.9851702881e+02 6.9868103027e+02 6.9877697754e+02 6.9886297607e+02 6.9899700928e+02 6.9914697266e+02 6.9928601074e+02 6.9939801025e+02 6.9955700684e+02 6.9975598145e+02 6.9990502930e+02 7.0004101563e+02 7.0017199707e+02 7.0028002930e+02 7.0042401123e+02
6.9405102539e+02 6.9418402100e+02 6.9432202148e+02 6.9446398926e+02 6.9459899902e+02 6.9472900391e+02 6.9486102295e+02 6.9500402832e+02 6.9516302490e+02 6.9532897949e+02 6.9547100830e+02 6.9559002686e+02 6.9567999268e+02 6.9578399658e+02 6.9590698242e+02 6.9603802490e+02 6.9617199707e+02 6.9629901123e+02 6.9643103027e+02 6.9656701660e+02 6.9670800781e+02 6.9685699463e+02 6.9700299072e+02 6.9714300537e+02 6.9727899170e+02 6.9738897705e+02 6.9750701904e+02 6.9765100098e+02 6.9782098389e+02 6.9802398682e+02 6.9822100830e+02 6.9840600586e+02 6.9857598877e+02 6.9865600586e+02 6.9873400879e+02 6.9887097168e+02 6.9903002930e+02 6.9917102051e+02 6.9928399658e+02 6.9944299316e+02 6.9962097168e+02 6.9977899170e+02 6.9992401123e+02 7.0006402588e+02 7.0019000244e+02 7.0031097412e+02
6.9392102051e+02 6.9405603027e+02 6.9419702148e+02 6.9433801270e+02 6.9447399902e+02 6.9460400391e+02 6.9473498535e+02 6.9487597656e+02 6.9503198242e+02 6.9520300293e+02 6.9535302734e+02 6.9547698975e+02 6.9556799316e+02 6.9566900635e+02 6.9578802490e+02 6.9591497803e+02 6.9603997803e+02 6.9616497803e+02 6.9629699707e+02 6.9643200684e+02 6.9657000732e+02 6.9671301270e+02 6.9685400391e+02 6.9699102783e+02 6.9712500000e+02 6.9723999023e+02 6.9736297607e+02 6.9750701904e+02 6.9766900635e+02 6.9785699463e+02 6.9805603027e+02 6.9825201416e+02 6.9843200684e+02 6.9851800537e+02 6.9862097168e+02 6.9877801514e+02 6.9892700195e+02 6.9907501221e+02 6.9918902588e+02 6.9932702637e+02 6.9945697021e+02 6.9960900879e+02 6.9978100586e+02 6.9993597412e+02 7.0007397461e+02 7.0019299316e+02
6.9376800537e+02 6.9391302490e+02 6.9404699707e+02 6.9418103027e+02 6.9431597900e+02 6.9446099854e+02 6.9459301758e+02 6.9473101807e+02 6.9488299561e+02 6.9505798340e+02 6.9521502686e+02 6.9534399414e+02 6.9544299316e+02 6.9555499268e+02 6.9567199707e+02 6.9579400635e+02 6.9591802979e+02 6.9604199219e+02 6.9617297363e+02 6.9630401611e+02 6.9643902588e+02 6.9657598877e+02 6.9671197510e+02 6.9684497070e+02 6.9697399902e+02 6.9708898926e+02 6.9721899414e+02 6.9735998535e+02 6.9750201416e+02 6.9767102051e+02 6.9785400391e+02 6.9803698730e+02 6.9818597412e+02 6.9833197021e+02 6.9847399902e+02 6.9862200928e+02 6.9875402832e+02 6.9895697021e+02 6.9908001709e+02 6.9919897461e+02 6.9934002686e+02 6.9948498535e+02 6.9963500977e+02 6.9976000977e+02 6.9990399170e+02 7.0005401611e+02
6.9361999512e+02 6.9376599121e+02 6.9389398193e+02 6.9402099609e+02 6.9416601563e+02 6.9431701660e+02 6.9445300293e+02 6.9458898926e+02 6.9472900391e+02 6.9488800049e+02 6.9504302979e+02 6.9517602539e+02 6.9529602051e+02 6.9542297363e+02 6.9554602051e+02 6.9566802979e+02 6.9578900146e+02 6.9590997314e+02 6.9603601074e+02 6.9616302490e+02 6.9629699707e+02 6.9643701172e+02 6.9657299805e+02 6.9670697021e+02 6.9683599854e+02 6.9696002197e+02 6.9709399414e+02 6.9723602295e+02 6.9737298584e+02 6.9752001953e+02 6.9767901611e+02 6.9783197021e+02 6.9797302246e+02 6.9816699219e+02 6.9834899902e+02 6.9848297119e+02 6.9860302734e+02 6.9878399658e+02 6.9894500732e+02 6.9908001709e+02 6.9920599365e+02 6.9934997559e+02 6.9949798584e+02 6.9962701416e+02 6.9976098633e+02 6.9992797852e+02
6.9348699951e+02 6.9363598633e+02 6.9376300049e+02 6.9388800049e+02 6.9403198242e+02 6.9418499756e+02 6.9432202148e+02 6.9445599365e+02 6.9458898926e+02 6.9472998047e+02 6.9487298584e+02 6.9500799561e+02 6.9514001465e+02 6.9527301025e+02 6.9539898682e+02 6.9552600098e+02 6.9565002441e+02 6.9576800537e+02 6.9589398193e+02 6.9602197266e+02 6.9615502930e+02 6.9628997803e+02 6.9642498779e+02 6.9655999756e+02 6.9669702148e+02 6.9683001709e+02 6.9696600342e+02 6.9710900879e+02 6.9724597168e+02 6.9738598633e+02 6.9752899170e+02 6.9766198730e+02 6.9778997803e+02 6.9798999023e+02 6.9817999268e+02 6.9830902100e+02 6.9842102051e+02 6.9858502197e+02 6.9877001953e+02 6.9893298340e+02 6.9907397461e+02 6.9921997070e+02 6.9935601807e+02 6.9948498535e+02 6.9962701416e+02 6.9979901123e+02
6.9335101318e+02 6.9349700928e+02 6.9362799072e+02 6.9375897217e+02 6.9390301514e+02 6.9405200195e+02 6.9419000244e+02 6.9432299805e+02 6.9445397949e+02 6.9458197021e+02 6.9471398926e+02 6.9484600830e+02 6.9498199463e+02 6.9511297607e+02 6.9524200439e+02 6.9537402344e+02 6.9550598145e+02 6.9562701416e+02 6.9575402832e+02 6.9588500977e+02 6.9601501465e+02 6.9614300537e+02 6.9627502441e+02 6.9640997314e+02 6.9654797363e+02 6.9667901611e+02 6.9681500244e+02 6.9696099854e+02 6.9710797119e+02 6.9725500488e+02 6.9739300537e+02 6.9751702881e+02 6.9763897705e+02 6.9780297852e+02 6.9796899414e+02 6.9811297607e+02 6.9825097656e+02 6.9840301514e+02 6.9858599854e+02 6.9876397705e+02 6.9892401123e+02 6.9907202148e+02 6.9920599365e+02 6.9934497070e+02 6.9949401855e+02 6.9965399170e+02
6.9319201660e+02 6.9332598877e+02 6.9346899414e+02 6.9361798096e+02 6.9376397705e+02 6.9391198730e+02 6.9405200195e+02 6.9418798828e+02 6.9431597900e+02 6.9443597412e+02 6.9456500244e+02 6.9469897461e+02 6.9483398438e+02 6.9495501709e+02 6.9508398438e+02 6.9522100830e+02 6.9536297607e+02 6.9549298096e+02 6.9562799072e+02 6.9576300049e+02 6.9589398193e+02 6.9600097656e+02 6.9612200928e+02 6.9625000000e+02 6.9637500000e+02 6.9649700928e+02 6.9663299561e+02 6.9678900146e+02 6.9695397949e+02 6.9711798096e+02 6.9726000977e+02 6.9739099121e+02 6.9751898193e+02 6.9763897705e+02 6.9777001953e+02 6.9792797852e+02 6.9810302734e+02 6.9824597168e+02 6.9842102051e+02 6.9860400391e+02 6.9876000977e+02 6.9890899658e+02 6.9905798340e+02 6.9921398926e+02 6.9936999512e+02 6.9951599121e+02
6.9303802490e+02 6.9315997314e+02 6.9329901123e+02 6.9345300293e+02 6.9360101318e+02 6.9374902344e+02 6.9389801025e+02 6.9404699707e+02 6.9418597412e+02 6.9430499268e+02 6.9442498779e+02 6.9454400635e+02 6.9466198730e+02 6.9479699707e+02 6.9494000244e+02 6.9509100342e+02 6.9523400879e+02 6.9536700439e+02 6.9551000977e+02 6.9564801025e+02 6.9576702881e+02 6.9585900879e+02 6.9595397949e+02 6.9606500244e+02 6.9619702148e+02 6.9632800293e+02 6.9647802734e+02 6.9665002441e+02 6.9682202148e+02 6.9697302246e+02 6.9712097168e+02 6.9726800537e+02 6.9741302490e+02 6.9753900146e+02 6.9765197754e+02 6.9778002930e+02 6.9794000244e+02 6.9808001709e+02 6.9825598145e+02 6.9844598389e+02 6.9859301758e+02 6.9874298096e+02 6.9891302490e+02 6.9909301758e+02 6.9926300049e+02 6.9940502930e+02
6.9286999512e+02 6.9298699951e+02 6.9313098145e+02 6.9328399658e+02 6.9343499756e+02 6.9358001709e+02 6.9372399902e+02 6.9387200928e+02 6.9402398682e+02 6.9415502930e+02 6.9427697754e+02 6.9439202881e+02 6.9450299072e+02 6.9464398193e+02 6.9479400635e+02 6.9494500732e+02 6.9508502197e+02 6.9522302246e+02 6.9537200928e+02 6.9551202393e+02 6.9562701416e+02 6.9570599365e+02 6.9579498291e+02 6.9590802002e+02 6.9604699707e+02 6.9618597412e+02 6.9634600830e+02 6.9652301025e+02 6.9669201660e+02 6.9683197021e+02 6.9697198486e+02 6.9712200928e+02 6.9727197266e+02 6.9741802979e+02 6.9755297852e+02 6.9767999268e+02 6.9782397461e+02 6.9796697998e+02 6.9811700439e+02 6.9828002930e+02 6.9842498779e+02 6.9858300781e+02 6.9877001953e+02 6.9897198486e+02 6.9915600586e+02 6.9929400635e+02
6.9270599365e+02 6.9283300781e+02 6.9298498535e+02 6.9312799072e+02 6.9326702881e+02 6.9341101074e+02 6.9354901123e+02 6.9369097900e+02 6.9384698486e+02 6.9398797607e+02 6.9412097168e+02 6.9424597168e+02 6.9435998535e+02 6.9450000000e+02 6.9464599609e+02 6.9478802490e+02 6.9492297363e+02 6.9507098389e+02 6.9522698975e+02 6.9537097168e+02 6.9548400879e+02 6.9556298828e+02 6.9565802002e+02 6.9578497314e+02 6.9593298340e+02 6.9607501221e+02 6.9623999023e+02 6.9641101074e+02 6.9656500244e+02 6.9669000244e+02 6.9682000732e+02 6.9696899414e+02 6.9711499023e+02 6.9727801514e+02 6.9742700195e+02 6.9755999756e+02 6.9770397949e+02 6.9784802246e+02 6.9797900391e+02 6.9812097168e+02 6.9826702881e+02 6.9842901611e+02 6.9862298584e+02 6.9883502197e+02 6.9902801514e+02 6.9916601563e+02
