TESTSERVER/19/0.asc
NCOLS 100
NROWS 100
XLLCORNER 8.4497500000e+03
YLLCORNER 2.8995025000e+05
CELLSIZE 5.0000000000e-01
NODATA_VALUE -9.9990000000e+03
[rows 20 to 39 of 100, columns 0 to 45 of 100]
7.6907897949e+02 7.6919500732e+02 7.6929797363e+02 7.6953302002e+02 7.6978399658e+02 7.6990899658e+02 7.7000201416e+02 7.7006701660e+02 7.7012200928e+02 7.7014001465e+02 7.7015197754e+02 7.7020098877e+02 7.7024102783e+02 7.7031597900e+02 7.7037799072e+02 7.7042700195e+02 7.7049200439e+02 7.7058099365e+02 7.7071301270e+02 7.7081597900e+02 7.7090899658e+02 7.7102099609e+02 7.7117999268e+02 7.7134197998e+02 7.7152801514e+02 7.7162500000e+02 7.7172802734e+02 7.7182098389e+02 7.7189697266e+02 7.7200097656e+02 7.7215502930e+02 7.7224902344e+02 7.7235400391e+02 7.7254400635e+02 7.7265002441e+02 7.7270898438e+02 7.7282202148e+02 7.7291802979e+02 7.7300000000e+02 7.7311901855e+02 7.7328302002e+02 7.7341601563e+02 7.7347802734e+02 7.7352697754e+02 7.7360400391e+02 7.7368298340e+02
7.6878198242e+02 7.6891601563e+02 7.6905999756e+02 7.6934600830e+02 7.6965197754e+02 7.6978900146e+02 7.6991802979e+02 7.7005200195e+02 7.7013299561e+02 7.7015600586e+02 7.7017700195e+02 7.7021600342e+02 7.7020202637e+02 7.7024902344e+02 7.7030999756e+02 7.7037298584e+02 7.7044702148e+02 7.7048498535e+02 7.7056799316e+02 7.7069000244e+02 7.7081896973e+02 7.7092498779e+02 7.7108697510e+02 7.7125402832e+02 7.7140698242e+02 7.7154199219e+02 7.7167797852e+02 7.7174597168e+02 7.7181597900e+02 7.7191699219e+02 7.7202301025e+02 7.7211102295e+02 7.7224700928e+02 7.7239599609e+02 7.7248101807e+02 7.7256799316e+02 7.7266601563e+02 7.7276599121e+02 7.7290100098e+02 7.7304699707e+02 7.7319000244e+02 7.7326800537e+02 7.7334399414e+02 7.7341302490e+02 7.7348901367e+02 7.7358898926e+02
7.6857800293e+02 7.6876898193e+02 7.6895800781e+02 7.6920898438e+02 7.6948101807e+02 7.6961297607e+02 7.6974902344e+02 7.6989697266e+02 7.6997698975e+02 7.7008801270e+02 7.7017199707e+02 7.7021801758e+02 7.7020098877e+02 7.7022399902e+02 7.7028497314e+02 7.7036199951e+02 7.7044396973e+02 7.7049298096e+02 7.7057397461e+02 7.7067401123e+02 7.7075201416e+02 7.7081201172e+02 7.7093701172e+02 7.7105999756e+02 7.7117199707e+02 7.7133197021e+02 7.7149700928e+02 7.7160498047e+02 7.7171301270e+02 7.7180798340e+02 7.7189501953e+02 7.7200500488e+02 7.7214599609e+02 7.7226501465e+02 7.7237902832e+02 7.7248602295e+02 7.7255798340e+02 7.7265899658e+02 7.7279400635e+02 7.7292401123e+02 7.7303698730e+02 7.7311102295e+02 7.7320800781e+02 7.7329602051e+02 7.7335101318e+02 7.7346197510e+02
7.6846002197e+02 7.6866699219e+02 7.6885601807e+02 7.6904101563e+02 7.6927197266e+02 7.6944097900e+02 7.6958502197e+02 7.6971502686e+02 7.6978900146e+02 7.7001098633e+02 7.7014001465e+02 7.7019299316e+02 7.7027197266e+02 7.7033599854e+02 7.7037902832e+02 7.7041802979e+02 7.7047802734e+02 7.7053002930e+02 7.7061901855e+02 7.7071997070e+02 7.7080499268e+02 7.7090399170e+02 7.7101000977e+02 7.7108801270e+02 7.7112097168e+02 7.7120202637e+02 7.7131799316e+02 7.7145697021e+02 7.7159301758e+02 7.7168298340e+02 7.7175402832e+02 7.7185900879e+02 7.7199700928e+02 7.7210998535e+02 7.7225897217e+02 7.7240399170e+02 7.7250097656e+02 7.7260601807e+02 7.7271099854e+02 7.7280798340e+02 7.7291198730e+02 7.7299102783e+02 7.7307000732e+02 7.7317297363e+02 7.7325201416e+02 7.7337402344e+02
7.6839599609e+02 7.6852697754e+02 7.6868701172e+02 7.6888098145e+02 7.6910302734e+02 7.6929199219e+02 7.6947802734e+02 7.6961798096e+02 7.6970697021e+02 7.6993298340e+02 7.7007299805e+02 7.7016998291e+02 7.7034698486e+02 7.7044702148e+02 7.7048297119e+02 7.7049499512e+02 7.7054400635e+02 7.7058197021e+02 7.7064599609e+02 7.7071301270e+02 7.7082702637e+02 7.7093298340e+02 7.7103601074e+02 7.7116198730e+02 7.7122198486e+02 7.7131597900e+02 7.7138500977e+02 7.7145397949e+02 7.7150799561e+02 7.7162097168e+02 7.7169396973e+02 7.7177600098e+02 7.7185699463e+02 7.7196002197e+02 7.7207897949e+02 7.7221600342e+02 7.7234497070e+02 7.7249499512e+02 7.7260998535e+02 7.7271600342e+02 7.7284301758e+02 7.7295098877e+02 7.7303302002e+02 7.7313800049e+02 7.7323602295e+02 7.7330999756e+02
7.6827398682e+02 7.6842297363e+02 7.6854302979e+02 7.6874902344e+02 7.6898199463e+02 7.6918298340e+02 7.6936798096e+02 7.6951800537e+02 7.6961901855e+02 7.6979602051e+02 7.6998400879e+02 7.7015301514e+02 7.7029699707e+02 7.7037701416e+02 7.7044500732e+02 7.7049401855e+02 7.7053900146e+02 7.7058099365e+02 7.7065399170e+02 7.7072497559e+02 7.7084698486e+02 7.7094598389e+02 7.7106402588e+02 7.7119598389e+02 7.7129797363e+02 7.7137097168e+02 7.7143103027e+02 7.7149401855e+02 7.7157800293e+02 7.7166497803e+02 7.7170898438e+02 7.7174902344e+02 7.7182702637e+02 7.7192102051e+02 7.7200402832e+02 7.7209698486e+02 7.7219702148e+02 7.7233300781e+02 7.7246099854e+02 7.7258398438e+02 7.7272302246e+02 7.7284899902e+02 7.7297698975e+02 7.7309899902e+02 7.7320098877e+02 7.7324200439e+02
7.6816198730e+02 7.6832000732e+02 7.6844299316e+02 7.6867999268e+02 7.6893597412e+02 7.6912200928e+02 7.6925500488e+02 7.6938299561e+02 7.6949700928e+02 7.6965002441e+02 7.6989898682e+02 7.7007501221e+02 7.7015002441e+02 7.7024902344e+02 7.7034497070e+02 7.7040600586e+02 7.7045397949e+02 7.7047998047e+02 7.7055700684e+02 7.7065399170e+02 7.7078100586e+02 7.7092199707e+02 7.7111499023e+02 7.7125799561e+02 7.7132897949e+02 7.7138897705e+02 7.7145898438e+02 7.7153497314e+02 7.7162097168e+02 7.7169097900e+02 7.7174102783e+02 7.7180102539e+02 7.7187799072e+02 7.7195599365e+02 7.7200799561e+02 7.7206701660e+02 7.7214099121e+02 7.7227502441e+02 7.7240802002e+02 7.7252899170e+02 7.7265502930e+02 7.7275598145e+02 7.7287902832e+02 7.7301397705e+02 7.7313897705e+02 7.7320202637e+02
7.6803100586e+02 7.6822399902e+02 7.6836700439e+02 7.6857098389e+02 7.6880700684e+02 7.6896301270e+02 7.6907397461e+02 7.6919396973e+02 7.6932501221e+02 7.6947698975e+02 7.6969702148e+02 7.6985601807e+02 7.6998199463e+02 7.7017297363e+02 7.7027398682e+02 7.7029498291e+02 7.7033300781e+02 7.7036499023e+02 7.7042297363e+02 7.7052099609e+02 7.7063098145e+02 7.7080603027e+02 7.7108300781e+02 7.7126702881e+02 7.7134497070e+02 7.7140100098e+02 7.7147698975e+02 7.7157299805e+02 7.7164300537e+02 7.7170898438e+02 7.7177600098e+02 7.7185998535e+02 7.7195001221e+02 7.7201300049e+02 7.7205297852e+02 7.7211199951e+02 7.7220098877e+02 7.7231597900e+02 7.7243597412e+02 7.7253900146e+02 7.7264398193e+02 7.7273699951e+02 7.7284301758e+02 7.7295898438e+02 7.7305999756e+02 7.7313299561e+02
7.6783197021e+02 7.6804302979e+02 7.6819500732e+02 7.6836901855e+02 7.6859802246e+02 7.6877899170e+02 7.6892602539e+02 7.6904699707e+02 7.6915502930e+02 7.6926702881e+02 7.6941601563e+02 7.6959197998e+02 7.6982202148e+02 7.7005297852e+02 7.7014300537e+02 7.7014001465e+02 7.7019201660e+02 7.7027001953e+02 7.7034100342e+02 7.7042797852e+02 7.7049700928e+02 7.7067102051e+02 7.7090698242e+02 7.7110400391e+02 7.7126501465e+02 7.7134002686e+02 7.7140997314e+02 7.7152801514e+02 7.7164501953e+02 7.7173901367e+02 7.7182702637e+02 7.7189202881e+02 7.7196697998e+02 7.7204101563e+02 7.7210797119e+02 7.7218902588e+02 7.7229699707e+02 7.7238000488e+02 7.7246002197e+02 7.7254302979e+02 7.7263500977e+02 7.7272998047e+02 7.7285198975e+02 7.7295898438e+02 7.7302398682e+02 7.7310900879e+02
7.6753399658e+02 7.6777099609e+02 7.6801000977e+02 7.6827502441e+02 7.6848199463e+02 7.6865698242e+02 7.6880999756e+02 7.6889300537e+02 7.6894396973e+02 7.6907299805e+02 7.6924401855e+02 7.6938397217e+02 7.6954901123e+02 7.6978302002e+02 7.6988201904e+02 7.6991302490e+02 7.6998400879e+02 7.7009698486e+02 7.7023602295e+02 7.7034399414e+02 7.7043499756e+02 7.7050000000e+02 7.7064697266e+02 7.7084600830e+02 7.7108801270e+02 7.7121301270e+02 7.7131701660e+02 7.7141302490e+02 7.7153002930e+02 7.7165997314e+02 7.7175701904e+02 7.7184497070e+02 7.7197998047e+02 7.7210699463e+02 7.7221997070e+02 7.7232202148e+02 7.7243701172e+02 7.7251000977e+02 7.7255401611e+02 7.7260198975e+02 7.7265502930e+02 7.7272900391e+02 7.7284301758e+02 7.7296502686e+02 7.7304797363e+02 7.7313800049e+02
7.6727697754e+02 7.6756597900e+02 7.6781402588e+02 7.6808801270e+02 7.6834698486e+02 7.6855999756e+02 7.6870300293e+02 7.6875000000e+02 7.6876202393e+02 7.6885400391e+02 7.6903997803e+02 7.6918701172e+02 7.6934100342e+02 7.6956298828e+02 7.6967401123e+02 7.6974597168e+02 7.6982897949e+02 7.6994897461e+02 7.7009399414e+02 7.7020599365e+02 7.7033801270e+02 7.7037402344e+02 7.7050097656e+02 7.7071301270e+02 7.7100402832e+02 7.7119598389e+02 7.7131402588e+02 7.7138800049e+02 7.7150201416e+02 7.7157202148e+02 7.7163897705e+02 7.7177801514e+02 7.7195898438e+02 7.7213098145e+02 7.7227301025e+02 7.7238397217e+02 7.7251000977e+02 7.7259899902e+02 7.7262902832e+02 7.7264898682e+02 7.7268499756e+02 7.7275701904e+02 7.7287298584e+02 7.7300097656e+02 7.7309197998e+02 7.7314599609e+02
7.6706298828e+02 7.6737902832e+02 7.6760498047e+02 7.6782000732e+02 7.6812597656e+02 7.6836199951e+02 7.6852899170e+02 7.6859399414e+02 7.6860900879e+02 7.6864501953e+02 7.6879199219e+02 7.6893597412e+02 7.6909600830e+02 7.6930499268e+02 7.6946801758e+02 7.6957501221e+02 7.6965502930e+02 7.6976702881e+02 7.6989202881e+02 7.7000500488e+02 7.7015399170e+02 7.7022302246e+02 7.7035699463e+02 7.7052001953e+02 7.7079302979e+02 7.7109997559e+02 7.7128198242e+02 7.7135900879e+02 7.7147198486e+02 7.7146301270e+02 7.7149401855e+02 7.7165600586e+02 7.7184997559e+02 7.7204400635e+02 7.7219000244e+02 7.7229498291e+02 7.7243499756e+02 7.7255798340e+02 7.7262097168e+02 7.7265899658e+02 7.7271002197e+02 7.7280102539e+02 7.7292498779e+02 7.7304498291e+02 7.7312298584e+02 7.7315197754e+02
7.6675402832e+02 7.6702197266e+02 7.6725701904e+02 7.6753900146e+02 7.6783801270e+02 7.6806298828e+02 7.6826898193e+02 7.6838702393e+02 7.6842901611e+02 7.6846002197e+02 7.6856597900e+02 7.6871600342e+02 7.6886901855e+02 7.6904101563e+02 7.6924499512e+02 7.6936602783e+02 7.6939697266e+02 7.6946899414e+02 7.6959497070e+02 7.6975897217e+02 7.6993499756e+02 7.7010601807e+02 7.7020501709e+02 7.7026800537e+02 7.7045001221e+02 7.7085900879e+02 7.7106597900e+02 7.7111700439e+02 7.7121197510e+02 7.7131500244e+02 7.7134899902e+02 7.7147900391e+02 7.7166497803e+02 7.7187597656e+02 7.7202301025e+02 7.7215301514e+02 7.7231701660e+02 7.7244201660e+02 7.7257702637e+02 7.7267797852e+02 7.7275500488e+02 7.7284002686e+02 7.7296197510e+02 7.7306402588e+02 7.7311102295e+02 7.7313500977e+02
7.6658502197e+02 7.6677600098e+02 7.6695300293e+02 7.6719702148e+02 7.6741101074e+02 7.6764202881e+02 7.6788800049e+02 7.6806097412e+02 7.6814697266e+02 7.6823999023e+02 7.6832598877e+02 7.6850897217e+02 7.6872100830e+02 7.6886798096e+02 7.6899499512e+02 7.6906701660e+02 7.6910601807e+02 7.6914801025e+02 7.6932800293e+02 7.6958697510e+02 7.6973901367e+02 7.6988000488e+02 7.6999700928e+02 7.7008801270e+02 7.7023101807e+02 7.7052301025e+02 7.7072198486e+02 7.7083001709e+02 7.7098498535e+02 7.7111798096e+02 7.7121398926e+02 7.7134301758e+02 7.7153399658e+02 7.7170501709e+02 7.7185699463e+02 7.7203997803e+02 7.7223101807e+02 7.7237402344e+02 7.7255499268e+02 7.7270098877e+02 7.7277099609e+02 7.7283502197e+02 7.7293902588e+02 7.7303497314e+02 7.7307598877e+02 7.7311401367e+02
7.6639398193e+02 7.6653698730e+02 7.6664300537e+02 7.6679400635e+02 7.6696997070e+02 7.6721398926e+02 7.6751800537e+02 7.6774902344e+02 7.6789801025e+02 7.6805603027e+02 7.6813397217e+02 7.6828302002e+02 7.6850000000e+02 7.6867901611e+02 7.6878997803e+02 7.6883502197e+02 7.6888299561e+02 7.6890698242e+02 7.6909399414e+02 7.6939697266e+02 7.6958398438e+02 7.6969201660e+02 7.6981701660e+02 7.6996697998e+02 7.7009100342e+02 7.7024102783e+02 7.7042602539e+02 7.7058697510e+02 7.7076397705e+02 7.7096002197e+02 7.7110699463e+02 7.7121600342e+02 7.7136700439e+02 7.7151702881e+02 7.7171398926e+02 7.7192602539e+02 7.7213598633e+02 7.7231500244e+02 7.7249401855e+02 7.7263299561e+02 7.7269702148e+02 7.7275799561e+02 7.7286602783e+02 7.7297198486e+02 7.7303002930e+02 7.7308898926e+02
7.6616998291e+02 7.6627600098e+02 7.6634899902e+02 7.6649902344e+02 7.6674298096e+02 7.6698297119e+02 7.6727398682e+02 7.6750000000e+02 7.6767199707e+02 7.6787402344e+02 7.6797601318e+02 7.6817297363e+02 7.6838299561e+02 7.6855200195e+02 7.6866497803e+02 7.6868902588e+02 7.6871600342e+02 7.6875000000e+02 7.6889599609e+02 7.6914398193e+02 7.6937402344e+02 7.6952502441e+02 7.6964801025e+02 7.6981298828e+02 7.6994097900e+02 7.7007397461e+02 7.7024499512e+02 7.7036499023e+02 7.7052801514e+02 7.7078198242e+02 7.7096600342e+02 7.7104199219e+02 7.7112902832e+02 7.7132202148e+02 7.7161700439e+02 7.7185400391e+02 7.7204998779e+02 7.7224200439e+02 7.7240100098e+02 7.7251501465e+02 7.7255902100e+02 7.7264099121e+02 7.7277301025e+02 7.7290197754e+02 7.7298297119e+02 7.7305798340e+02
7.6584197998e+02 7.6602001953e+02 7.6611199951e+02 7.6628399658e+02 7.6658398438e+02 7.6676800537e+02 7.6698999023e+02 7.6721398926e+02 7.6741802979e+02 7.6763098145e+02 7.6773901367e+02 7.6796600342e+02 7.6824798584e+02 7.6840197754e+02 7.6850000000e+02 7.6854699707e+02 7.6859997559e+02 7.6864801025e+02 7.6877001953e+02 7.6894500732e+02 7.6911297607e+02 7.6923297119e+02 7.6935900879e+02 7.6952502441e+02 7.6969299316e+02 7.6990197754e+02 7.7011199951e+02 7.7022399902e+02 7.7035302734e+02 7.7058001709e+02 7.7077099609e+02 7.7083599854e+02 7.7091198730e+02 7.7116802979e+02 7.7154602051e+02 7.7182397461e+02 7.7200299072e+02 7.7214697266e+02 7.7228302002e+02 7.7238397217e+02 7.7243200684e+02 7.7253997803e+02 7.7268298340e+02 7.7281701660e+02 7.7291900635e+02 7.7301300049e+02
7.6548498535e+02 7.6571600342e+02 7.6588800049e+02 7.6605603027e+02 7.6630499268e+02 7.6647998047e+02 7.6670898438e+02 7.6697998047e+02 7.6724298096e+02 7.6742602539e+02 7.6751397705e+02 7.6770599365e+02 7.6797399902e+02 7.6811499023e+02 7.6827697754e+02 7.6844000244e+02 7.6854199219e+02 7.6858599854e+02 7.6866900635e+02 7.6879901123e+02 7.6893798828e+02 7.6905999756e+02 7.6917401123e+02 7.6933001709e+02 7.6955200195e+02 7.6971600342e+02 7.6990100098e+02 7.7007202148e+02 7.7021801758e+02 7.7042401123e+02 7.7057800293e+02 7.7062799072e+02 7.7075097656e+02 7.7105603027e+02 7.7145898438e+02 7.7176202393e+02 7.7191699219e+02 7.7199401855e+02 7.7211999512e+02 7.7224102783e+02 7.7230798340e+02 7.7243298340e+02 7.7257299805e+02 7.7270697021e+02 7.7282702637e+02 7.7293103027e+02
7.6541101074e+02 7.6556597900e+02 7.6571801758e+02 7.6587902832e+02 7.6610699463e+02 7.6630200195e+02 7.6649200439e+02 7.6672497559e+02 7.6701000977e+02 7.6719201660e+02 7.6727398682e+02 7.6746600342e+02 7.6772100830e+02 7.6787298584e+02 7.6807098389e+02 7.6829699707e+02 7.6845697021e+02 7.6852301025e+02 7.6859197998e+02 7.6867999268e+02 7.6878601074e+02 7.6887597656e+02 7.6891302490e+02 7.6900799561e+02 7.6927301025e+02 7.6948797607e+02 7.6968499756e+02 7.6986297607e+02 7.7002398682e+02 7.7015100098e+02 7.7027197266e+02 7.7037200928e+02 7.7056896973e+02 7.7088000488e+02 7.7125299072e+02 7.7156896973e+02 7.7174902344e+02 7.7181201172e+02 7.7195800781e+02 7.7211499023e+02 7.7219396973e+02 7.7230102539e+02 7.7245001221e+02 7.7261102295e+02 7.7274401855e+02 7.7283801270e+02
7.6537500000e+02 7.6550897217e+02 7.6558502197e+02 7.6570300293e+02 7.6592498779e+02 7.6609802246e+02 7.6624200439e+02 7.6641601563e+02 7.6665502930e+02 7.6683898926e+02 7.6694702148e+02 7.6716601563e+02 7.6744897461e+02 7.6763800049e+02 7.6785101318e+02 7.6810198975e+02 7.6831298828e+02 7.6840399170e+02 7.6846301270e+02 7.6852099609e+02 7.6859301758e+02 7.6863897705e+02 7.6864001465e+02 7.6870001221e+02 7.6895501709e+02 7.6920501709e+02 7.6942700195e+02 7.6962097168e+02 7.6978997803e+02 7.6986102295e+02 7.7001702881e+02 7.7020300293e+02 7.7042797852e+02 7.7066998291e+02 7.7098297119e+02 7.7131799316e+02 7.7152801514e+02 7.7158502197e+02 7.7173101807e+02 7.7192297363e+02 7.7207702637e+02 7.7218499756e+02 7.7234997559e+02 7.7253900146e+02 7.7267797852e+02 7.7276000977e+02
