TESTSERVER/19/0.asc
NCOLS 100
NROWS 100
XLLCORNER 8.4497500000e+03
YLLCORNER 2.8995025000e+05
CELLSIZE 5.0000000000e-01
NODATA_VALUE -9.9990000000e+03
[rows 80 to 99 of 100, columns 0 to 45 of 100]
7.5307000732e+02 7.5334399414e+02 7.5365997314e+02 7.5401000977e+02 7.5434100342e+02 7.5458898926e+02 7.5484698486e+02 7.5515997314e+02 7.5552899170e+02 7.5584997559e+02 7.5610601807e+02 7.5634002686e+02 7.5660198975e+02 7.5681298828e+02 7.5699298096e+02 7.5717901611e+02 7.5743103027e+02 7.5773498535e+02 7.5807397461e+02 7.5841900635e+02 7.5869897461e+02 7.5897601318e+02 7.5926397705e+02 7.5956597900e+02 7.5986798096e+02 7.6018402100e+02 7.6049597168e+02 7.6080200195e+02 7.6107000732e+02 7.6129797363e+02 7.6156896973e+02 7.6185498047e+02 7.6212799072e+02 7.6234899902e+02 7.6258898926e+02 7.6283398438e+02 7.6313098145e+02 7.6333099365e+02 7.6353399658e+02 7.6371899414e+02 7.6388702393e+02 7.6406201172e+02 7.6425000000e+02 7.6447100830e+02 7.6476397705e+02 7.6511199951e+02
7.5292401123e+02 7.5325598145e+02 7.5355102539e+02 7.5386199951e+02 7.5415502930e+02 7.5443902588e+02 7.5470800781e+02 7.5500000000e+02 7.5534301758e+02 7.5566302490e+02 7.5592602539e+02 7.5617999268e+02 7.5644598389e+02 7.5664398193e+02 7.5682702637e+02 7.5701501465e+02 7.5723400879e+02 7.5749700928e+02 7.5779602051e+02 7.5810797119e+02 7.5841400146e+02 7.5869799805e+02 7.5899597168e+02 7.5929998779e+02 7.5960498047e+02 7.5992498779e+02 7.6023999023e+02 7.6054199219e+02 7.6080700684e+02 7.6103900146e+02 7.6130499268e+02 7.6159997559e+02 7.6187701416e+02 7.6210699463e+02 7.6233502197e+02 7.6255200195e+02 7.6277301025e+02 7.6295800781e+02 7.6313299561e+02 7.6332800293e+02 7.6354101563e+02 7.6377502441e+02 7.6403399658e+02 7.6431896973e+02 7.6464398193e+02 7.6499401855e+02
7.5271099854e+02 7.5307299805e+02 7.5337597656e+02 7.5366400146e+02 7.5396301270e+02 7.5429400635e+02 7.5457299805e+02 7.5483801270e+02 7.5513397217e+02 7.5543200684e+02 7.5570800781e+02 7.5598199463e+02 7.5625701904e+02 7.5648602295e+02 7.5668701172e+02 7.5688299561e+02 7.5708502197e+02 7.5733099365e+02 7.5760797119e+02 7.5788500977e+02 7.5817700195e+02 7.5846899414e+02 7.5876202393e+02 7.5905902100e+02 7.5935699463e+02 7.5967797852e+02 7.5999102783e+02 7.6028497314e+02 7.6054797363e+02 7.6078698730e+02 7.6105401611e+02 7.6134002686e+02 7.6159100342e+02 7.6179602051e+02 7.6199298096e+02 7.6217700195e+02 7.6235498047e+02 7.6252001953e+02 7.6271398926e+02 7.6295800781e+02 7.6323498535e+02 7.6353198242e+02 7.6384698486e+02 7.6417297363e+02 7.6452398682e+02 7.6486798096e+02
7.5250299072e+02 7.5286401367e+02 7.5319299316e+02 7.5348199463e+02 7.5381097412e+02 7.5417498779e+02 7.5444598389e+02 7.5467102051e+02 7.5490100098e+02 7.5516198730e+02 7.5544097900e+02 7.5573199463e+02 7.5601501465e+02 7.5626397705e+02 7.5648901367e+02 7.5670800781e+02 7.5693103027e+02 7.5721197510e+02 7.5750097656e+02 7.5775799561e+02 7.5800299072e+02 7.5827697754e+02 7.5855603027e+02 7.5883697510e+02 7.5911700439e+02 7.5943103027e+02 7.5973699951e+02 7.6002301025e+02 7.6027197266e+02 7.6050799561e+02 7.6078198242e+02 7.6106201172e+02 7.6127502441e+02 7.6144000244e+02 7.6160797119e+02 7.6176501465e+02 7.6191699219e+02 7.6209997559e+02 7.6234698486e+02 7.6265698242e+02 7.6300097656e+02 7.6333898926e+02 7.6367700195e+02 7.6401202393e+02 7.6435601807e+02 7.6468798828e+02
7.5231896973e+02 7.5266900635e+02 7.5306201172e+02 7.5338800049e+02 7.5371398926e+02 7.5405798340e+02 7.5429998779e+02 7.5448101807e+02 7.5465899658e+02 7.5489697266e+02 7.5516900635e+02 7.5545501709e+02 7.5570599365e+02 7.5595001221e+02 7.5619097900e+02 7.5644598389e+02 7.5673199463e+02 7.5710900879e+02 7.5744097900e+02 7.5770800781e+02 7.5790600586e+02 7.5809802246e+02 7.5835699463e+02 7.5862799072e+02 7.5888201904e+02 7.5917199707e+02 7.5946801758e+02 7.5974902344e+02 7.5996398926e+02 7.6017199707e+02 7.6045599365e+02 7.6073297119e+02 7.6093402100e+02 7.6105798340e+02 7.6120202637e+02 7.6135198975e+02 7.6150799561e+02 7.6177099609e+02 7.6208697510e+02 7.6246002197e+02 7.6286199951e+02 7.6319201660e+02 7.6350500488e+02 7.6380603027e+02 7.6410101318e+02 7.6441998291e+02
7.5212097168e+02 7.5249401855e+02 7.5292297363e+02 7.5327801514e+02 7.5359997559e+02 7.5389300537e+02 7.5409899902e+02 7.5426098633e+02 7.5444097900e+02 7.5467401123e+02 7.5492602539e+02 7.5517901611e+02 7.5541198730e+02 7.5562402344e+02 7.5587402344e+02 7.5617199707e+02 7.5649700928e+02 7.5689501953e+02 7.5726300049e+02 7.5756701660e+02 7.5778198242e+02 7.5794897461e+02 7.5817498779e+02 7.5843701172e+02 7.5866601563e+02 7.5890802002e+02 7.5916802979e+02 7.5942999268e+02 7.5965002441e+02 7.5985900879e+02 7.6011602783e+02 7.6036401367e+02 7.6055902100e+02 7.6067102051e+02 7.6082000732e+02 7.6102502441e+02 7.6127197266e+02 7.6156597900e+02 7.6190002441e+02 7.6228802490e+02 7.6270898438e+02 7.6303198242e+02 7.6330297852e+02 7.6356402588e+02 7.6384301758e+02 7.6415100098e+02
7.5203198242e+02 7.5243597412e+02 7.5283001709e+02 7.5315997314e+02 7.5345800781e+02 7.5369598389e+02 7.5387200928e+02 7.5403302002e+02 7.5422698975e+02 7.5445397949e+02 7.5469097900e+02 7.5492901611e+02 7.5514300537e+02 7.5533099365e+02 7.5557501221e+02 7.5588500977e+02 7.5622497559e+02 7.5662902832e+02 7.5702502441e+02 7.5736499023e+02 7.5761297607e+02 7.5778302002e+02 7.5798797607e+02 7.5822998047e+02 7.5845098877e+02 7.5865502930e+02 7.5887701416e+02 7.5910998535e+02 7.5934497070e+02 7.5955401611e+02 7.5977398682e+02 7.5999499512e+02 7.6017797852e+02 7.6030798340e+02 7.6051300049e+02 7.6080902100e+02 7.6115698242e+02 7.6144799805e+02 7.6176098633e+02 7.6211700439e+02 7.6251397705e+02 7.6281896973e+02 7.6307501221e+02 7.6332897949e+02 7.6360900879e+02 7.6392498779e+02
7.5198699951e+02 7.5239001465e+02 7.5273602295e+02 7.5303900146e+02 7.5328399658e+02 7.5347100830e+02 7.5363299561e+02 7.5381097412e+02 7.5401800537e+02 7.5423199463e+02 7.5446197510e+02 7.5469000244e+02 7.5490197754e+02 7.5507098389e+02 7.5529498291e+02 7.5559399414e+02 7.5592901611e+02 7.5633898926e+02 7.5675500488e+02 7.5712597656e+02 7.5741601563e+02 7.5762402344e+02 7.5782702637e+02 7.5804901123e+02 7.5825701904e+02 7.5842498779e+02 7.5860998535e+02 7.5881597900e+02 7.5905798340e+02 7.5924902344e+02 7.5942901611e+02 7.5963000488e+02 7.5982897949e+02 7.6002398682e+02 7.6030401611e+02 7.6068402100e+02 7.6110797119e+02 7.6138800049e+02 7.6165600586e+02 7.6195098877e+02 7.6229101563e+02 7.6257501221e+02 7.6282702637e+02 7.6309002686e+02 7.6339001465e+02 7.6371398926e+02
7.5192297363e+02 7.5229998779e+02 7.5262597656e+02 7.5288098145e+02 7.5307000732e+02 7.5323999023e+02 7.5340802002e+02 7.5359698486e+02 7.5378399658e+02 7.5399597168e+02 7.5422900391e+02 7.5446099854e+02 7.5468298340e+02 7.5484002686e+02 7.5503497314e+02 7.5530401611e+02 7.5565197754e+02 7.5605200195e+02 7.5647698975e+02 7.5686999512e+02 7.5721301270e+02 7.5747601318e+02 7.5769201660e+02 7.5790600586e+02 7.5811798096e+02 7.5823400879e+02 7.5838897705e+02 7.5856201172e+02 7.5881896973e+02 7.5897100830e+02 7.5910498047e+02 7.5929699707e+02 7.5959399414e+02 7.5986499023e+02 7.6018499756e+02 7.6058697510e+02 7.6102502441e+02 7.6129498291e+02 7.6152398682e+02 7.6176702881e+02 7.6205102539e+02 7.6231298828e+02 7.6256701660e+02 7.6284399414e+02 7.6314599609e+02 7.6348901367e+02
7.5181500244e+02 7.5219201660e+02 7.5250000000e+02 7.5268200684e+02 7.5283697510e+02 7.5302099609e+02 7.5316900635e+02 7.5332000732e+02 7.5350097656e+02 7.5372601318e+02 7.5397399902e+02 7.5422601318e+02 7.5446600342e+02 7.5463201904e+02 7.5481097412e+02 7.5507202148e+02 7.5543902588e+02 7.5583697510e+02 7.5624200439e+02 7.5662902832e+02 7.5699401855e+02 7.5726501465e+02 7.5746697998e+02 7.5766400146e+02 7.5785400391e+02 7.5798602295e+02 7.5813397217e+02 7.5830200195e+02 7.5851702881e+02 7.5868402100e+02 7.5886499023e+02 7.5912402344e+02 7.5946697998e+02 7.5977899170e+02 7.6007202148e+02 7.6041302490e+02 7.6078900146e+02 7.6106701660e+02 7.6131097412e+02 7.6155603027e+02 7.6180700684e+02 7.6205499268e+02 7.6232800293e+02 7.6261102295e+02 7.6291497803e+02 7.6325897217e+02
7.5162200928e+02 7.5194396973e+02 7.5222198486e+02 7.5239898682e+02 7.5254302979e+02 7.5273602295e+02 7.5287701416e+02 7.5301800537e+02 7.5321002197e+02 7.5345599365e+02 7.5371600342e+02 7.5398199463e+02 7.5423999023e+02 7.5442498779e+02 7.5461401367e+02 7.5488299561e+02 7.5527099609e+02 7.5568298340e+02 7.5606201172e+02 7.5641900635e+02 7.5677301025e+02 7.5703399658e+02 7.5721197510e+02 7.5737298584e+02 7.5753698730e+02 7.5766802979e+02 7.5783300781e+02 7.5803198242e+02 7.5825897217e+02 7.5846301270e+02 7.5870098877e+02 7.5900402832e+02 7.5936700439e+02 7.5968402100e+02 7.5994299316e+02 7.6020599365e+02 7.6051800537e+02 7.6081201172e+02 7.6106896973e+02 7.6132202148e+02 7.6156597900e+02 7.6183099365e+02 7.6213201904e+02 7.6243298340e+02 7.6273400879e+02 7.6306201172e+02
7.5135998535e+02 7.5161700439e+02 7.5186700439e+02 7.5206500244e+02 7.5221801758e+02 7.5242700195e+02 7.5258801270e+02 7.5274401855e+02 7.5295098877e+02 7.5320697021e+02 7.5346697998e+02 7.5373400879e+02 7.5399401855e+02 7.5420001221e+02 7.5440899658e+02 7.5469396973e+02 7.5509899902e+02 7.5552600098e+02 7.5588598633e+02 7.5621502686e+02 7.5656298828e+02 7.5683502197e+02 7.5699401855e+02 7.5711297607e+02 7.5722100830e+02 7.5735400391e+02 7.5755798340e+02 7.5780798340e+02 7.5807702637e+02 7.5831402588e+02 7.5857897949e+02 7.5889697266e+02 7.5926202393e+02 7.5958502197e+02 7.5982000732e+02 7.6002697754e+02 7.6028997803e+02 7.6057501221e+02 7.6084100342e+02 7.6110797119e+02 7.6136102295e+02 7.6163702393e+02 7.6195202637e+02 7.6227197266e+02 7.6258398438e+02 7.6289697266e+02
7.5110998535e+02 7.5136499023e+02 7.5159899902e+02 7.5178997803e+02 7.5194702148e+02 7.5215600586e+02 7.5234600830e+02 7.5253100586e+02 7.5274597168e+02 7.5297900391e+02 7.5321801758e+02 7.5346197510e+02 7.5370697021e+02 7.5393200684e+02 7.5416802979e+02 7.5447998047e+02 7.5487902832e+02 7.5529901123e+02 7.5566400146e+02 7.5598797607e+02 7.5631597900e+02 7.5660498047e+02 7.5676898193e+02 7.5686700439e+02 7.5695202637e+02 7.5709600830e+02 7.5735998535e+02 7.5768798828e+02 7.5803802490e+02 7.5821600342e+02 7.5845501709e+02 7.5876397705e+02 7.5912200928e+02 7.5944097900e+02 7.5968103027e+02 7.5989398193e+02 7.6013702393e+02 7.6037500000e+02 7.6064300537e+02 7.6092797852e+02 7.6121997070e+02 7.6147802734e+02 7.6176898193e+02 7.6207702637e+02 7.6239599609e+02 7.6273999023e+02
7.5083300781e+02 7.5111602783e+02 7.5144097900e+02 7.5165802002e+02 7.5176501465e+02 7.5193402100e+02 7.5209997559e+02 7.5230902100e+02 7.5257202148e+02 7.5280700684e+02 7.5301702881e+02 7.5322399902e+02 7.5344299316e+02 7.5364001465e+02 7.5389398193e+02 7.5422198486e+02 7.5459997559e+02 7.5500201416e+02 7.5537402344e+02 7.5568597412e+02 7.5595098877e+02 7.5617999268e+02 7.5636297607e+02 7.5653601074e+02 7.5670697021e+02 7.5691101074e+02 7.5723400879e+02 7.5762097168e+02 7.5798101807e+02 7.5817401123e+02 7.5836297607e+02 7.5862200928e+02 7.5890899658e+02 7.5919897461e+02 7.5946197510e+02 7.5972601318e+02 7.5999700928e+02 7.6021301270e+02 7.6044702148e+02 7.6071398926e+02 7.6101300049e+02 7.6131500244e+02 7.6160101318e+02 7.6188702393e+02 7.6221002197e+02 7.6257702637e+02
7.5055102539e+02 7.5080798340e+02 7.5115698242e+02 7.5142297363e+02 7.5157800293e+02 7.5170898438e+02 7.5184600830e+02 7.5206500244e+02 7.5237200928e+02 7.5262097168e+02 7.5282501221e+02 7.5301300049e+02 7.5319702148e+02 7.5339599609e+02 7.5366601563e+02 7.5398901367e+02 7.5432800293e+02 7.5468798828e+02 7.5502801514e+02 7.5530798340e+02 7.5552001953e+02 7.5569598389e+02 7.5589501953e+02 7.5615502930e+02 7.5646099854e+02 7.5675500488e+02 7.5708801270e+02 7.5746002197e+02 7.5782299805e+02 7.5807598877e+02 7.5830499268e+02 7.5854998779e+02 7.5875000000e+02 7.5897198486e+02 7.5924700928e+02 7.5955401611e+02 7.5983697510e+02 7.6003002930e+02 7.6024401855e+02 7.6049902344e+02 7.6080902100e+02 7.6115002441e+02 7.6145898438e+02 7.6174902344e+02 7.6205700684e+02 7.6241101074e+02
7.5034399414e+02 7.5052197266e+02 7.5079901123e+02 7.5112402344e+02 7.5141400146e+02 7.5154498291e+02 7.5163702393e+02 7.5181201172e+02 7.5212200928e+02 7.5239202881e+02 7.5260900879e+02 7.5279302979e+02 7.5295397949e+02 7.5316802979e+02 7.5346899414e+02 7.5379602051e+02 7.5409100342e+02 7.5437799072e+02 7.5465997314e+02 7.5489801025e+02 7.5507897949e+02 7.5523797607e+02 7.5546697998e+02 7.5580603027e+02 7.5622998047e+02 7.5658599854e+02 7.5688702393e+02 7.5719897461e+02 7.5754302979e+02 7.5787902832e+02 7.5819000244e+02 7.5847399902e+02 7.5865600586e+02 7.5880297852e+02 7.5904699707e+02 7.5935601807e+02 7.5963897705e+02 7.5982397461e+02 7.6003497314e+02 7.6029302979e+02 7.6061499023e+02 7.6098199463e+02 7.6130999756e+02 7.6161102295e+02 7.6190802002e+02 7.6223498535e+02
7.5020202637e+02 7.5028302002e+02 7.5046697998e+02 7.5083697510e+02 7.5125701904e+02 7.5142199707e+02 7.5147100830e+02 7.5157397461e+02 7.5183599854e+02 7.5212097168e+02 7.5235699463e+02 7.5256701660e+02 7.5271301270e+02 7.5296197510e+02 7.5329498291e+02 7.5362701416e+02 7.5389300537e+02 7.5410400391e+02 7.5432202148e+02 7.5453497314e+02 7.5472900391e+02 7.5489300537e+02 7.5517797852e+02 7.5555902100e+02 7.5601000977e+02 7.5639202881e+02 7.5666699219e+02 7.5692999268e+02 7.5726202393e+02 7.5764501953e+02 7.5799298096e+02 7.5830798340e+02 7.5856201172e+02 7.5872100830e+02 7.5890197754e+02 7.5913702393e+02 7.5937799072e+02 7.5961199951e+02 7.5984600830e+02 7.6012200928e+02 7.6045202637e+02 7.6080499268e+02 7.6113598633e+02 7.6144201660e+02 7.6171697998e+02 7.6202301025e+02
7.4994598389e+02 7.5006298828e+02 7.5021197510e+02 7.5054400635e+02 7.5099401855e+02 7.5123797607e+02 7.5129602051e+02 7.5137799072e+02 7.5163201904e+02 7.5186499023e+02 7.5206896973e+02 7.5229498291e+02 7.5249298096e+02 7.5278002930e+02 7.5308398438e+02 7.5336999512e+02 7.5361602783e+02 7.5380499268e+02 7.5400299072e+02 7.5422399902e+02 7.5443798828e+02 7.5466497803e+02 7.5498602295e+02 7.5537097168e+02 7.5580401611e+02 7.5618798828e+02 7.5648699951e+02 7.5676397705e+02 7.5708099365e+02 7.5744598389e+02 7.5777001953e+02 7.5803997803e+02 7.5830297852e+02 7.5857702637e+02 7.5878399658e+02 7.5897399902e+02 7.5921398926e+02 7.5946801758e+02 7.5971997070e+02 7.5999597168e+02 7.6032000732e+02 7.6065197754e+02 7.6096997070e+02 7.6127398682e+02 7.6154602051e+02 7.6182800293e+02
7.4969799805e+02 7.4988500977e+02 7.5004101563e+02 7.5026702881e+02 7.5061401367e+02 7.5092700195e+02 7.5107897949e+02 7.5118798828e+02 7.5140600586e+02 7.5161401367e+02 7.5179998779e+02 7.5202099609e+02 7.5226300049e+02 7.5254797363e+02 7.5282598877e+02 7.5307800293e+02 7.5329901123e+02 7.5350598145e+02 7.5373602295e+02 7.5399200439e+02 7.5425097656e+02 7.5451000977e+02 7.5482897949e+02 7.5519702148e+02 7.5560101318e+02 7.5597302246e+02 7.5628399658e+02 7.5658300781e+02 7.5690100098e+02 7.5720800781e+02 7.5751501465e+02 7.5777398682e+02 7.5807299805e+02 7.5843298340e+02 7.5867901611e+02 7.5887902832e+02 7.5912902832e+02 7.5940899658e+02 7.5966802979e+02 7.5992602539e+02 7.6021002197e+02 7.6051300049e+02 7.6081799316e+02 7.6112402344e+02 7.6141497803e+02 7.6169097900e+02
7.4947900391e+02 7.4969799805e+02 7.4987799072e+02 7.5004998779e+02 7.5029699707e+02 7.5064801025e+02 7.5084399414e+02 7.5096697998e+02 7.5116802979e+02 7.5136999512e+02 7.5154699707e+02 7.5175000000e+02 7.5200299072e+02 7.5228302002e+02 7.5254199219e+02 7.5277398682e+02 7.5299102783e+02 7.5325000000e+02 7.5354302979e+02 7.5385302734e+02 7.5414801025e+02 7.5440997314e+02 7.5470697021e+02 7.5504101563e+02 7.5539898682e+02 7.5574298096e+02 7.5605603027e+02 7.5637902832e+02 7.5671899414e+02 7.5697900391e+02 7.5727801514e+02 7.5754699707e+02 7.5787902832e+02 7.5826702881e+02 7.5854302979e+02 7.5878399658e+02 7.5907501221e+02 7.5937597656e+02 7.5964398193e+02 7.5987902832e+02 7.6011401367e+02 7.6037902832e+02 7.6067297363e+02 7.6098901367e+02 7.6131701660e+02 7.6161199951e+02
