TESTSERVER/19/1.asc
NCOLS 100
NROWS 100
XLLCORNER 8.4497500000e+03
YLLCORNER 2.8990025000e+05
CELLSIZE 5.0000000000e-01
NODATA_VALUE -9.9990000000e+03
[rows 20 to 39 of 100, columns 0 to 45 of 100]
7.4490997314e+02 7.4522497559e+02 7.4547497559e+02 7.4564202881e+02 7.4578997803e+02 7.4601300049e+02 7.4621197510e+02 7.4638397217e+02 7.4652197266e+02 7.4667602539e+02 7.4686199951e+02 7.4705798340e+02 7.4723797607e+02 7.4742797852e+02 7.4770599365e+02 7.4805902100e+02 7.4843200684e+02 7.4869201660e+02 7.4903497314e+02 7.4943402100e+02 7.4980297852e+02 7.5007000732e+02 7.5033300781e+02 7.5059997559e+02 7.5087402344e+02 7.5116699219e+02 7.5152099609e+02 7.5190100098e+02 7.5224200439e+02 7.5255603027e+02 7.5281298828e+02 7.5308001709e+02 7.5338098145e+02 7.5366699219e+02 7.5396801758e+02 7.5430200195e+02 7.5465600586e+02 7.5492199707e+02 7.5516802979e+02 7.5546899414e+02 7.5585198975e+02 7.5621398926e+02 7.5650299072e+02 7.5676202393e+02 7.5706402588e+02 7.5733197021e+02
7.4465997314e+02 7.4496502686e+02 7.4521801758e+02 7.4540502930e+02 7.4555200195e+02 7.4575000000e+02 7.4595001221e+02 7.4612799072e+02 7.4627099609e+02 7.4642498779e+02 7.4661602783e+02 7.4681597900e+02 7.4697998047e+02 7.4717999268e+02 7.4753997803e+02 7.4798199463e+02 7.4839202881e+02 7.4865997314e+02 7.4892999268e+02 7.4924499512e+02 7.4958801270e+02 7.4986297607e+02 7.5013201904e+02 7.5040100098e+02 7.5066101074e+02 7.5095098877e+02 7.5129101563e+02 7.5164398193e+02 7.5198199463e+02 7.5227899170e+02 7.5253997803e+02 7.5281701660e+02 7.5313598633e+02 7.5341601563e+02 7.5371502686e+02 7.5404797363e+02 7.5439501953e+02 7.5468597412e+02 7.5496502686e+02 7.5529400635e+02 7.5568298340e+02 7.5601098633e+02 7.5627502441e+02 7.5651599121e+02 7.5680297852e+02 7.5703997803e+02
7.4445800781e+02 7.4475701904e+02 7.4501300049e+02 7.4521002197e+02 7.4535699463e+02 7.4551000977e+02 7.4568402100e+02 7.4585302734e+02 7.4599902344e+02 7.4615502930e+02 7.4634802246e+02 7.4656402588e+02 7.4675500488e+02 7.4699597168e+02 7.4738897705e+02 7.4785101318e+02 7.4827398682e+02 7.4857299805e+02 7.4883398438e+02 7.4910699463e+02 7.4939801025e+02 7.4966998291e+02 7.4992999268e+02 7.5018701172e+02 7.5044799805e+02 7.5074597168e+02 7.5108300781e+02 7.5142797852e+02 7.5175701904e+02 7.5204797363e+02 7.5231500244e+02 7.5259899902e+02 7.5293200684e+02 7.5323199463e+02 7.5352197266e+02 7.5383898926e+02 7.5419097900e+02 7.5451098633e+02 7.5478698730e+02 7.5511297607e+02 7.5551800537e+02 7.5579901123e+02 7.5604998779e+02 7.5628399658e+02 7.5654699707e+02 7.5679199219e+02
7.4431298828e+02 7.4460198975e+02 7.4485601807e+02 7.4504998779e+02 7.4518298340e+02 7.4528997803e+02 7.4542700195e+02 7.4557501221e+02 7.4571002197e+02 7.4585400391e+02 7.4605200195e+02 7.4629400635e+02 7.4654998779e+02 7.4684301758e+02 7.4722302246e+02 7.4765100098e+02 7.4803698730e+02 7.4835601807e+02 7.4863800049e+02 7.4891900635e+02 7.4920397949e+02 7.4947198486e+02 7.4972198486e+02 7.4997100830e+02 7.5024200439e+02 7.5056097412e+02 7.5090002441e+02 7.5123999023e+02 7.5156298828e+02 7.5183898926e+02 7.5209899902e+02 7.5238598633e+02 7.5272698975e+02 7.5307098389e+02 7.5337799072e+02 7.5369000244e+02 7.5403100586e+02 7.5433197021e+02 7.5457397461e+02 7.5488598633e+02 7.5533898926e+02 7.5557800293e+02 7.5581201172e+02 7.5603601074e+02 7.5626501465e+02 7.5653997803e+02
7.4418798828e+02 7.4444799805e+02 7.4469000244e+02 7.4487097168e+02 7.4497601318e+02 7.4506896973e+02 7.4518499756e+02 7.4531597900e+02 7.4542602539e+02 7.4552600098e+02 7.4571697998e+02 7.4598199463e+02 7.4628802490e+02 7.4663500977e+02 7.4699102783e+02 7.4735998535e+02 7.4765997314e+02 7.4800000000e+02 7.4832098389e+02 7.4864801025e+02 7.4898101807e+02 7.4925701904e+02 7.4951202393e+02 7.4976800537e+02 7.5005798340e+02 7.5040698242e+02 7.5075402832e+02 7.5108697510e+02 7.5138201904e+02 7.5161602783e+02 7.5186199951e+02 7.5214300537e+02 7.5245800781e+02 7.5286602783e+02 7.5321997070e+02 7.5354498291e+02 7.5389202881e+02 7.5412097168e+02 7.5432202148e+02 7.5463500977e+02 7.5513500977e+02 7.5527899170e+02 7.5549298096e+02 7.5569000244e+02 7.5587200928e+02 7.5619299316e+02
7.4400097656e+02 7.4422998047e+02 7.4445800781e+02 7.4463500977e+02 7.4473199463e+02 7.4482598877e+02 7.4496099854e+02 7.4509100342e+02 7.4516802979e+02 7.4522998047e+02 7.4537799072e+02 7.4562097168e+02 7.4593798828e+02 7.4628302002e+02 7.4664398193e+02 7.4700000000e+02 7.4731097412e+02 7.4763897705e+02 7.4799200439e+02 7.4835498047e+02 7.4872302246e+02 7.4902001953e+02 7.4930200195e+02 7.4958697510e+02 7.4989300537e+02 7.5026098633e+02 7.5060998535e+02 7.5092297363e+02 7.5118402100e+02 7.5139001465e+02 7.5161602783e+02 7.5187597656e+02 7.5215698242e+02 7.5256597900e+02 7.5295898438e+02 7.5331799316e+02 7.5363299561e+02 7.5386901855e+02 7.5407897949e+02 7.5437902832e+02 7.5476501465e+02 7.5493200684e+02 7.5522302246e+02 7.5542700195e+02 7.5557897949e+02 7.5586602783e+02
7.4379998779e+02 7.4400097656e+02 7.4422198486e+02 7.4441198730e+02 7.4451397705e+02 7.4461297607e+02 7.4476202393e+02 7.4489001465e+02 7.4494396973e+02 7.4498498535e+02 7.4510400391e+02 7.4531799316e+02 7.4562298584e+02 7.4596801758e+02 7.4633099365e+02 7.4668701172e+02 7.4701098633e+02 7.4735498047e+02 7.4771502686e+02 7.4808599854e+02 7.4846398926e+02 7.4877801514e+02 7.4908398438e+02 7.4940002441e+02 7.4973901367e+02 7.5010797119e+02 7.5044396973e+02 7.5072998047e+02 7.5096301270e+02 7.5114801025e+02 7.5135699463e+02 7.5160400391e+02 7.5186999512e+02 7.5225201416e+02 7.5263299561e+02 7.5299902344e+02 7.5330902100e+02 7.5356402588e+02 7.5382098389e+02 7.5409600830e+02 7.5439898682e+02 7.5466497803e+02 7.5501800537e+02 7.5525701904e+02 7.5545397949e+02 7.5572998047e+02
7.4360998535e+02 7.4376898193e+02 7.4398199463e+02 7.4419201660e+02 7.4430798340e+02 7.4440399170e+02 7.4456097412e+02 7.4469299316e+02 7.4474597168e+02 7.4479400635e+02 7.4490197754e+02 7.4510198975e+02 7.4539599609e+02 7.4575402832e+02 7.4613000488e+02 7.4649298096e+02 7.4681500244e+02 7.4715399170e+02 7.4750402832e+02 7.4785900879e+02 7.4821697998e+02 7.4853802490e+02 7.4886401367e+02 7.4921197510e+02 7.4958599854e+02 7.4995098877e+02 7.5026501465e+02 7.5052197266e+02 7.5071697998e+02 7.5087097168e+02 7.5106701660e+02 7.5130798340e+02 7.5157000732e+02 7.5190002441e+02 7.5225598145e+02 7.5264099121e+02 7.5296801758e+02 7.5322998047e+02 7.5353497314e+02 7.5381799316e+02 7.5408398438e+02 7.5440100098e+02 7.5477600098e+02 7.5503601074e+02 7.5525402832e+02 7.5551501465e+02
7.4336199951e+02 7.4350500488e+02 7.4370300293e+02 7.4392199707e+02 7.4405499268e+02 7.4416699219e+02 7.4432598877e+02 7.4447198486e+02 7.4454699707e+02 7.4462701416e+02 7.4474298096e+02 7.4494702148e+02 7.4526501465e+02 7.4562597656e+02 7.4603900146e+02 7.4642199707e+02 7.4670098877e+02 7.4701599121e+02 7.4734997559e+02 7.4766900635e+02 7.4793798828e+02 7.4827502441e+02 7.4863299561e+02 7.4902801514e+02 7.4946502686e+02 7.4978002930e+02 7.5006896973e+02 7.5031298828e+02 7.5048901367e+02 7.5054901123e+02 7.5074798584e+02 7.5100402832e+02 7.5121600342e+02 7.5150402832e+02 7.5182202148e+02 7.5224597168e+02 7.5271600342e+02 7.5289898682e+02 7.5319598389e+02 7.5351501465e+02 7.5379400635e+02 7.5407702637e+02 7.5441198730e+02 7.5467999268e+02 7.5488500977e+02 7.5517602539e+02
7.4315802002e+02 7.4327197266e+02 7.4342602539e+02 7.4364300537e+02 7.4382897949e+02 7.4394702148e+02 7.4409197998e+02 7.4425000000e+02 7.4439599609e+02 7.4450097656e+02 7.4459301758e+02 7.4476800537e+02 7.4507397461e+02 7.4545300293e+02 7.4591998291e+02 7.4635400391e+02 7.4662799072e+02 7.4691198730e+02 7.4727801514e+02 7.4759997559e+02 7.4780499268e+02 7.4805499268e+02 7.4841699219e+02 7.4883099365e+02 7.4922497559e+02 7.4951702881e+02 7.4980902100e+02 7.5007299805e+02 7.5023602295e+02 7.5027801514e+02 7.5045800781e+02 7.5074499512e+02 7.5096197510e+02 7.5122399902e+02 7.5144598389e+02 7.5175299072e+02 7.5225897217e+02 7.5255999756e+02 7.5286102295e+02 7.5318200684e+02 7.5347399902e+02 7.5372399902e+02 7.5403601074e+02 7.5434399414e+02 7.5463702393e+02 7.5498101807e+02
7.4296002197e+02 7.4307000732e+02 7.4320098877e+02 7.4341802979e+02 7.4361798096e+02 7.4374200439e+02 7.4387298584e+02 7.4403399658e+02 7.4422998047e+02 7.4437097168e+02 7.4447497559e+02 7.4464001465e+02 7.4492498779e+02 7.4532000732e+02 7.4581402588e+02 7.4627697754e+02 7.4657202148e+02 7.4682897949e+02 7.4717700195e+02 7.4750799561e+02 7.4770800781e+02 7.4792401123e+02 7.4825299072e+02 7.4862902832e+02 7.4897399902e+02 7.4924700928e+02 7.4953698730e+02 7.4979498291e+02 7.4997198486e+02 7.5006097412e+02 7.5015399170e+02 7.5036999512e+02 7.5062298584e+02 7.5089300537e+02 7.5114898682e+02 7.5144897461e+02 7.5189501953e+02 7.5223400879e+02 7.5256799316e+02 7.5291101074e+02 7.5325000000e+02 7.5351397705e+02 7.5384497070e+02 7.5419897461e+02 7.5454400635e+02 7.5490600586e+02
7.4277502441e+02 7.4290802002e+02 7.4305499268e+02 7.4324700928e+02 7.4339801025e+02 7.4352502441e+02 7.4365399170e+02 7.4381201172e+02 7.4402001953e+02 7.4421398926e+02 7.4437902832e+02 7.4456896973e+02 7.4483599854e+02 7.4526000977e+02 7.4576300049e+02 7.4621697998e+02 7.4650500488e+02 7.4672601318e+02 7.4702801514e+02 7.4735900879e+02 7.4760797119e+02 7.4782702637e+02 7.4812097168e+02 7.4845001221e+02 7.4875500488e+02 7.4903399658e+02 7.4931402588e+02 7.4953698730e+02 7.4968499756e+02 7.4978497314e+02 7.4985900879e+02 7.5004901123e+02 7.5031799316e+02 7.5059100342e+02 7.5089300537e+02 7.5127099609e+02 7.5169500732e+02 7.5202001953e+02 7.5236297607e+02 7.5272497559e+02 7.5311999512e+02 7.5344000244e+02 7.5379302979e+02 7.5416900635e+02 7.5451702881e+02 7.5484600830e+02
7.4255700684e+02 7.4273901367e+02 7.4291998291e+02 7.4305499268e+02 7.4314801025e+02 7.4330297852e+02 7.4344299316e+02 7.4359002686e+02 7.4376702881e+02 7.4401702881e+02 7.4427899170e+02 7.4451501465e+02 7.4475097656e+02 7.4523602295e+02 7.4573498535e+02 7.4613000488e+02 7.4638702393e+02 7.4662097168e+02 7.4688098145e+02 7.4719799805e+02 7.4748901367e+02 7.4773602295e+02 7.4800500488e+02 7.4829101563e+02 7.4853399658e+02 7.4882501221e+02 7.4910101318e+02 7.4927899170e+02 7.4941400146e+02 7.4955102539e+02 7.4964898682e+02 7.4984698486e+02 7.5015698242e+02 7.5044897461e+02 7.5074798584e+02 7.5112500000e+02 7.5152398682e+02 7.5187902832e+02 7.5223297119e+02 7.5260498047e+02 7.5300799561e+02 7.5333099365e+02 7.5366601563e+02 7.5401702881e+02 7.5431402588e+02 7.5463598633e+02
7.4231896973e+02 7.4252099609e+02 7.4272100830e+02 7.4286199951e+02 7.4298297119e+02 7.4312200928e+02 7.4324597168e+02 7.4337097168e+02 7.4353198242e+02 7.4382501221e+02 7.4415997314e+02 7.4443200684e+02 7.4471197510e+02 7.4520898438e+02 7.4567901611e+02 7.4602099609e+02 7.4627099609e+02 7.4652899170e+02 7.4677301025e+02 7.4705499268e+02 7.4730499268e+02 7.4755297852e+02 7.4780401611e+02 7.4806201172e+02 7.4828698730e+02 7.4853802490e+02 7.4880999756e+02 7.4899499512e+02 7.4915502930e+02 7.4933398438e+02 7.4947399902e+02 7.4968298340e+02 7.5003601074e+02 7.5038800049e+02 7.5071600342e+02 7.5106298828e+02 7.5144799805e+02 7.5179400635e+02 7.5214202881e+02 7.5247198486e+02 7.5280297852e+02 7.5308001709e+02 7.5338000488e+02 7.5368298340e+02 7.5399102783e+02 7.5431500244e+02
7.4213800049e+02 7.4228900146e+02 7.4248498535e+02 7.4265100098e+02 7.4279498291e+02 7.4292901611e+02 7.4305102539e+02 7.4317401123e+02 7.4334399414e+02 7.4367498779e+02 7.4404998779e+02 7.4435699463e+02 7.4469299316e+02 7.4515100098e+02 7.4552099609e+02 7.4582299805e+02 7.4610699463e+02 7.4637500000e+02 7.4659301758e+02 7.4683599854e+02 7.4709399414e+02 7.4733502197e+02 7.4757098389e+02 7.4782598877e+02 7.4807000732e+02 7.4830603027e+02 7.4855999756e+02 7.4875402832e+02 7.4893798828e+02 7.4915197754e+02 7.4936401367e+02 7.4960498047e+02 7.4996801758e+02 7.5036798096e+02 7.5071997070e+02 7.5104797363e+02 7.5139001465e+02 7.5171197510e+02 7.5205200195e+02 7.5235900879e+02 7.5262097168e+02 7.5286401367e+02 7.5313299561e+02 7.5340100098e+02 7.5367999268e+02 7.5401800537e+02
7.4200598145e+02 7.4212799072e+02 7.4229998779e+02 7.4247100830e+02 7.4263201904e+02 7.4279302979e+02 7.4293701172e+02 7.4308001709e+02 7.4327001953e+02 7.4360900879e+02 7.4398400879e+02 7.4430401611e+02 7.4465399170e+02 7.4505902100e+02 7.4537298584e+02 7.4565100098e+02 7.4593402100e+02 7.4617498779e+02 7.4640197754e+02 7.4666699219e+02 7.4694299316e+02 7.4717602539e+02 7.4740301514e+02 7.4765698242e+02 7.4790301514e+02 7.4814501953e+02 7.4841400146e+02 7.4862902832e+02 7.4882501221e+02 7.4906597900e+02 7.4934301758e+02 7.4962200928e+02 7.4993597412e+02 7.5030798340e+02 7.5065399170e+02 7.5096301270e+02 7.5128198242e+02 7.5163201904e+02 7.5197497559e+02 7.5226000977e+02 7.5245697021e+02 7.5266601563e+02 7.5291699219e+02 7.5316998291e+02 7.5343298340e+02 7.5378497314e+02
7.4179302979e+02 7.4198602295e+02 7.4213500977e+02 7.4230603027e+02 7.4253497314e+02 7.4271197510e+02 7.4289398193e+02 7.4307702637e+02 7.4328198242e+02 7.4362298584e+02 7.4396697998e+02 7.4427697754e+02 7.4458300781e+02 7.4498297119e+02 7.4532897949e+02 7.4559100342e+02 7.4580200195e+02 7.4601800537e+02 7.4626702881e+02 7.4654797363e+02 7.4678399658e+02 7.4703698730e+02 7.4727502441e+02 7.4753302002e+02 7.4778100586e+02 7.4806701660e+02 7.4838598633e+02 7.4863897705e+02 7.4883197021e+02 7.4905999756e+02 7.4932800293e+02 7.4958197021e+02 7.4984802246e+02 7.5015899658e+02 7.5047698975e+02 7.5078698730e+02 7.5111700439e+02 7.5151599121e+02 7.5185498047e+02 7.5208801270e+02 7.5224700928e+02 7.5248297119e+02 7.5273797607e+02 7.5299798584e+02 7.5328002930e+02 7.5366699219e+02
7.4155297852e+02 7.4177301025e+02 7.4193597412e+02 7.4211798096e+02 7.4234899902e+02 7.4255700684e+02 7.4284002686e+02 7.4313702393e+02 7.4337701416e+02 7.4367199707e+02 7.4397497559e+02 7.4425598145e+02 7.4453900146e+02 7.4489300537e+02 7.4521002197e+02 7.4543200684e+02 7.4563397217e+02 7.4586499023e+02 7.4613098145e+02 7.4641302490e+02 7.4666900635e+02 7.4691198730e+02 7.4714501953e+02 7.4739300537e+02 7.4764001465e+02 7.4796398926e+02 7.4831298828e+02 7.4859002686e+02 7.4879101563e+02 7.4903100586e+02 7.4926599121e+02 7.4946600342e+02 7.4967700195e+02 7.4995001221e+02 7.5025097656e+02 7.5055999756e+02 7.5088702393e+02 7.5130902100e+02 7.5165600586e+02 7.5187402344e+02 7.5207397461e+02 7.5234399414e+02 7.5261901855e+02 7.5290899658e+02 7.5323901367e+02 7.5363800049e+02
7.4133099365e+02 7.4154400635e+02 7.4171099854e+02 7.4194598389e+02 7.4222698975e+02 7.4246600342e+02 7.4282397461e+02 7.4318103027e+02 7.4342700195e+02 7.4368701172e+02 7.4395202637e+02 7.4421398926e+02 7.4449902344e+02 7.4480401611e+02 7.4506597900e+02 7.4527099609e+02 7.4548101807e+02 7.4572601318e+02 7.4600000000e+02 7.4627099609e+02 7.4652801514e+02 7.4673901367e+02 7.4694799805e+02 7.4720001221e+02 7.4748498535e+02 7.4779998779e+02 7.4812200928e+02 7.4839801025e+02 7.4862402344e+02 7.4886102295e+02 7.4907501221e+02 7.4925701904e+02 7.4946398926e+02 7.4972601318e+02 7.5002697754e+02 7.5034399414e+02 7.5067498779e+02 7.5108398438e+02 7.5143597412e+02 7.5168200684e+02 7.5196502686e+02 7.5229302979e+02 7.5260101318e+02 7.5291400146e+02 7.5327001953e+02 7.5368200684e+02
7.4115399170e+02 7.4135900879e+02 7.4154602051e+02 7.4184497070e+02 7.4217602539e+02 7.4242999268e+02 7.4279199219e+02 7.4313897705e+02 7.4340502930e+02 7.4365502930e+02 7.4389801025e+02 7.4415197754e+02 7.4443902588e+02 7.4469799805e+02 7.4492901611e+02 7.4514300537e+02 7.4536199951e+02 7.4562500000e+02 7.4588098145e+02 7.4609899902e+02 7.4632598877e+02 7.4652801514e+02 7.4673797607e+02 7.4701000977e+02 7.4733898926e+02 7.4762402344e+02 7.4790002441e+02 7.4816699219e+02 7.4840802002e+02 7.4864898682e+02 7.4884698486e+02 7.4901800537e+02 7.4925097656e+02 7.4953802490e+02 7.4985498047e+02 7.5018798828e+02 7.5053100586e+02 7.5092401123e+02 7.5127600098e+02 7.5156799316e+02 7.5193402100e+02 7.5232000732e+02 7.5265802002e+02 7.5297802734e+02 7.5334002686e+02 7.5376300049e+02
