TESTSERVER/19/1.asc
NCOLS 100
NROWS 100
XLLCORNER 8.4497500000e+03
YLLCORNER 2.8990025000e+05
CELLSIZE 5.0000000000e-01
NODATA_VALUE -9.9990000000e+03
[rows 0 to 19 of 100, columns 0 to 45 of 100]
7.4929199219e+02 7.4951202393e+02 7.4971398926e+02 7.4990301514e+02 7.5009997559e+02 7.5040600586e+02 7.5057598877e+02 7.5070300293e+02 7.5091497803e+02 7.5110797119e+02 7.5128002930e+02 7.5147399902e+02 7.5170898438e+02 7.5200299072e+02 7.5226000977e+02 7.5249700928e+02 7.5274597168e+02 7.5305499268e+02 7.5341497803e+02 7.5377398682e+02 7.5408697510e+02 7.5432299805e+02 7.5459100342e+02 7.5489099121e+02 7.5521600342e+02 7.5553002930e+02 7.5584899902e+02 7.5618402100e+02 7.5652197266e+02 7.5682897949e+02 7.5712298584e+02 7.5738897705e+02 7.5768200684e+02 7.5802301025e+02 7.5833001709e+02 7.5863702393e+02 7.5899597168e+02 7.5933197021e+02 7.5959802246e+02 7.5980700684e+02 7.6000000000e+02 7.6024597168e+02 7.6052697754e+02 7.6085900879e+02 7.6122998047e+02 7.6153302002e+02
7.4906201172e+02 7.4932598877e+02 7.4954901123e+02 7.4978002930e+02 7.4996502686e+02 7.5018103027e+02 7.5034899902e+02 7.5050500488e+02 7.5070397949e+02 7.5087902832e+02 7.5104797363e+02 7.5123602295e+02 7.5146899414e+02 7.5174798584e+02 7.5200799561e+02 7.5226501465e+02 7.5253497314e+02 7.5289202881e+02 7.5330499268e+02 7.5368298340e+02 7.5396801758e+02 7.5419097900e+02 7.5443798828e+02 7.5471899414e+02 7.5502697754e+02 7.5533801270e+02 7.5565502930e+02 7.5598101807e+02 7.5633197021e+02 7.5669500732e+02 7.5698699951e+02 7.5723699951e+02 7.5749499512e+02 7.5786297607e+02 7.5821899414e+02 7.5852899170e+02 7.5884100342e+02 7.5920898438e+02 7.5950897217e+02 7.5973199463e+02 7.5991497803e+02 7.6013800049e+02 7.6042498779e+02 7.6077502441e+02 7.6115002441e+02 7.6142700195e+02
7.4885498047e+02 7.4913500977e+02 7.4936401367e+02 7.4961297607e+02 7.4982897949e+02 7.5001397705e+02 7.5018499756e+02 7.5035699463e+02 7.5052899170e+02 7.5069799805e+02 7.5086602783e+02 7.5104602051e+02 7.5126501465e+02 7.5152502441e+02 7.5178698730e+02 7.5206402588e+02 7.5235699463e+02 7.5273297119e+02 7.5315600586e+02 7.5352197266e+02 7.5377899170e+02 7.5400598145e+02 7.5424902344e+02 7.5452099609e+02 7.5482202148e+02 7.5512701416e+02 7.5543798828e+02 7.5576599121e+02 7.5612200928e+02 7.5649597168e+02 7.5680603027e+02 7.5706500244e+02 7.5732202148e+02 7.5770599365e+02 7.5808099365e+02 7.5839300537e+02 7.5867797852e+02 7.5904699707e+02 7.5936999512e+02 7.5961602783e+02 7.5980999756e+02 7.6003997803e+02 7.6034100342e+02 7.6069897461e+02 7.6106298828e+02 7.6132098389e+02
7.4867199707e+02 7.4894000244e+02 7.4916497803e+02 7.4941802979e+02 7.4968103027e+02 7.4987500000e+02 7.5004400635e+02 7.5021398926e+02 7.5036700439e+02 7.5054101563e+02 7.5071502686e+02 7.5089001465e+02 7.5108801270e+02 7.5132598877e+02 7.5158801270e+02 7.5188299561e+02 7.5220800781e+02 7.5258001709e+02 7.5297100830e+02 7.5329797363e+02 7.5352801514e+02 7.5377697754e+02 7.5403302002e+02 7.5430798340e+02 7.5460400391e+02 7.5490100098e+02 7.5520898438e+02 7.5554199219e+02 7.5589599609e+02 7.5626300049e+02 7.5660302734e+02 7.5689300537e+02 7.5716400146e+02 7.5751800537e+02 7.5788702393e+02 7.5821398926e+02 7.5851599121e+02 7.5886297607e+02 7.5917602539e+02 7.5943798828e+02 7.5966699219e+02 7.5992199707e+02 7.6024102783e+02 7.6060198975e+02 7.6094799805e+02 7.6120800781e+02
7.4847302246e+02 7.4876702881e+02 7.4901501465e+02 7.4925701904e+02 7.4951300049e+02 7.4974902344e+02 7.4992102051e+02 7.5007000732e+02 7.5021502686e+02 7.5038299561e+02 7.5056201172e+02 7.5074401855e+02 7.5091802979e+02 7.5112298584e+02 7.5139001465e+02 7.5171197510e+02 7.5207501221e+02 7.5245001221e+02 7.5278100586e+02 7.5304901123e+02 7.5326898193e+02 7.5354101563e+02 7.5381896973e+02 7.5410101318e+02 7.5439697266e+02 7.5467401123e+02 7.5497698975e+02 7.5531298828e+02 7.5566998291e+02 7.5602801514e+02 7.5639801025e+02 7.5674298096e+02 7.5708398438e+02 7.5734600830e+02 7.5767401123e+02 7.5802801514e+02 7.5839501953e+02 7.5866101074e+02 7.5893798828e+02 7.5922100830e+02 7.5948400879e+02 7.5977099609e+02 7.6010601807e+02 7.6046502686e+02 7.6078399658e+02 7.6105401611e+02
7.4826000977e+02 7.4856701660e+02 7.4885699463e+02 7.4910900879e+02 7.4937200928e+02 7.4961999512e+02 7.4979901123e+02 7.4992797852e+02 7.5004699707e+02 7.5018402100e+02 7.5035998535e+02 7.5057598877e+02 7.5077099609e+02 7.5094299316e+02 7.5119396973e+02 7.5152899170e+02 7.5191998291e+02 7.5228302002e+02 7.5256597900e+02 7.5278497314e+02 7.5299499512e+02 7.5330499268e+02 7.5360797119e+02 7.5390399170e+02 7.5418902588e+02 7.5447497559e+02 7.5478497314e+02 7.5511401367e+02 7.5545397949e+02 7.5579101563e+02 7.5616198730e+02 7.5655401611e+02 7.5694097900e+02 7.5725097656e+02 7.5755999756e+02 7.5789697266e+02 7.5826098633e+02 7.5848999023e+02 7.5873602295e+02 7.5903601074e+02 7.5932098389e+02 7.5963500977e+02 7.5996997070e+02 7.6029602051e+02 7.6059002686e+02 7.6087500000e+02
7.4805700684e+02 7.4837500000e+02 7.4870599365e+02 7.4896099854e+02 7.4920599365e+02 7.4944702148e+02 7.4961401367e+02 7.4973602295e+02 7.4985400391e+02 7.4997601318e+02 7.5015997314e+02 7.5040502930e+02 7.5062097168e+02 7.5077899170e+02 7.5099902344e+02 7.5130102539e+02 7.5168798828e+02 7.5203198242e+02 7.5227502441e+02 7.5246801758e+02 7.5269097900e+02 7.5303497314e+02 7.5336102295e+02 7.5367797852e+02 7.5398101807e+02 7.5429199219e+02 7.5461199951e+02 7.5493902588e+02 7.5525500488e+02 7.5556097412e+02 7.5592199707e+02 7.5632800293e+02 7.5674902344e+02 7.5711999512e+02 7.5743103027e+02 7.5773797607e+02 7.5808197021e+02 7.5833801270e+02 7.5857702637e+02 7.5886602783e+02 7.5916699219e+02 7.5948901367e+02 7.5979901123e+02 7.6008697510e+02 7.6037298584e+02 7.6070098877e+02
7.4788897705e+02 7.4822497559e+02 7.4857098389e+02 7.4879797363e+02 7.4899200439e+02 7.4920300293e+02 7.4935498047e+02 7.4949499512e+02 7.4966497803e+02 7.4980902100e+02 7.4999597168e+02 7.5024200439e+02 7.5045800781e+02 7.5061102295e+02 7.5079699707e+02 7.5104400635e+02 7.5138598633e+02 7.5171997070e+02 7.5195300293e+02 7.5214898682e+02 7.5239202881e+02 7.5275000000e+02 7.5309698486e+02 7.5343499756e+02 7.5376098633e+02 7.5410101318e+02 7.5443597412e+02 7.5476202393e+02 7.5506701660e+02 7.5535400391e+02 7.5569799805e+02 7.5609399414e+02 7.5650799561e+02 7.5690802002e+02 7.5722302246e+02 7.5751397705e+02 7.5785498047e+02 7.5818200684e+02 7.5842498779e+02 7.5869201660e+02 7.5900299072e+02 7.5930700684e+02 7.5957897949e+02 7.5984399414e+02 7.6015100098e+02 7.6052197266e+02
7.4770599365e+02 7.4802398682e+02 7.4835498047e+02 7.4857397461e+02 7.4872698975e+02 7.4890899658e+02 7.4905902100e+02 7.4924499512e+02 7.4952600098e+02 7.4968798828e+02 7.4984698486e+02 7.5006298828e+02 7.5027398682e+02 7.5044396973e+02 7.5061199951e+02 7.5080499268e+02 7.5102197266e+02 7.5136499023e+02 7.5164697266e+02 7.5190502930e+02 7.5218798828e+02 7.5247601318e+02 7.5282598877e+02 7.5318200684e+02 7.5353497314e+02 7.5388000488e+02 7.5422998047e+02 7.5456500244e+02 7.5486499023e+02 7.5516101074e+02 7.5551202393e+02 7.5587701416e+02 7.5624200439e+02 7.5663800049e+02 7.5696197510e+02 7.5727001953e+02 7.5760400391e+02 7.5800598145e+02 7.5824597168e+02 7.5850402832e+02 7.5884698486e+02 7.5909197998e+02 7.5933801270e+02 7.5960900879e+02 7.5994598389e+02 7.6033801270e+02
7.4753399658e+02 7.4771697998e+02 7.4794299316e+02 7.4815600586e+02 7.4835302734e+02 7.4852398682e+02 7.4867700195e+02 7.4892602539e+02 7.4930603027e+02 7.4956597900e+02 7.4974597168e+02 7.4992602539e+02 7.5010699463e+02 7.5026898193e+02 7.5042602539e+02 7.5059698486e+02 7.5079797363e+02 7.5109301758e+02 7.5137902832e+02 7.5164898682e+02 7.5192498779e+02 7.5224298096e+02 7.5259197998e+02 7.5295697021e+02 7.5333099365e+02 7.5366198730e+02 7.5398999023e+02 7.5430902100e+02 7.5458898926e+02 7.5495697021e+02 7.5540100098e+02 7.5574499512e+02 7.5601702881e+02 7.5637097168e+02 7.5671502686e+02 7.5703997803e+02 7.5733502197e+02 7.5774597168e+02 7.5802197266e+02 7.5829498291e+02 7.5862200928e+02 7.5885601807e+02 7.5908599854e+02 7.5935797119e+02 7.5972100830e+02 7.6008697510e+02
7.4734997559e+02 7.4746099854e+02 7.4757501221e+02 7.4773999023e+02 7.4795898438e+02 7.4821099854e+02 7.4843499756e+02 7.4869097900e+02 7.4903802490e+02 7.4935198975e+02 7.4958300781e+02 7.4973498535e+02 7.4985302734e+02 7.5004498291e+02 7.5023297119e+02 7.5041699219e+02 7.5060797119e+02 7.5086700439e+02 7.5113000488e+02 7.5139599609e+02 7.5169000244e+02 7.5202600098e+02 7.5237902832e+02 7.5274298096e+02 7.5311499023e+02 7.5342102051e+02 7.5373199463e+02 7.5404602051e+02 7.5432098389e+02 7.5470697021e+02 7.5519396973e+02 7.5556201172e+02 7.5580999756e+02 7.5613897705e+02 7.5648199463e+02 7.5679302979e+02 7.5706896973e+02 7.5741302490e+02 7.5770501709e+02 7.5802301025e+02 7.5837597656e+02 7.5862701416e+02 7.5883197021e+02 7.5907501221e+02 7.5943402100e+02 7.5977502441e+02
7.4704101563e+02 7.4714398193e+02 7.4721502686e+02 7.4735302734e+02 7.4758599854e+02 7.4797302246e+02 7.4828601074e+02 7.4850598145e+02 7.4873101807e+02 7.4897698975e+02 7.4921099854e+02 7.4938201904e+02 7.4950201416e+02 7.4973297119e+02 7.4998901367e+02 7.5023199463e+02 7.5041497803e+02 7.5062200928e+02 7.5086999512e+02 7.5115100098e+02 7.5147399902e+02 7.5181597900e+02 7.5216802979e+02 7.5252398682e+02 7.5287402344e+02 7.5315399170e+02 7.5346697998e+02 7.5380499268e+02 7.5410797119e+02 7.5442401123e+02 7.5487902832e+02 7.5528100586e+02 7.5558502197e+02 7.5592498779e+02 7.5625701904e+02 7.5653900146e+02 7.5679400635e+02 7.5708099365e+02 7.5735601807e+02 7.5768701172e+02 7.5808801270e+02 7.5839398193e+02 7.5860498047e+02 7.5883099365e+02 7.5917999268e+02 7.5949597168e+02
7.4654998779e+02 7.4673797607e+02 7.4686401367e+02 7.4702502441e+02 7.4728399658e+02 7.4772302246e+02 7.4809301758e+02 7.4831298828e+02 7.4849798584e+02 7.4864398193e+02 7.4883502197e+02 7.4902899170e+02 7.4916497803e+02 7.4936499023e+02 7.4962902832e+02 7.4992999268e+02 7.5016998291e+02 7.5034997559e+02 7.5058697510e+02 7.5089599609e+02 7.5127801514e+02 7.5163000488e+02 7.5197802734e+02 7.5230700684e+02 7.5259497070e+02 7.5285998535e+02 7.5321197510e+02 7.5361700439e+02 7.5397399902e+02 7.5423498535e+02 7.5460797119e+02 7.5499798584e+02 7.5534600830e+02 7.5570898438e+02 7.5602899170e+02 7.5628100586e+02 7.5649700928e+02 7.5684600830e+02 7.5710699463e+02 7.5736499023e+02 7.5771697998e+02 7.5812402344e+02 7.5839398193e+02 7.5864202881e+02 7.5898297119e+02 7.5931402588e+02
7.4618597412e+02 7.4640899658e+02 7.4661901855e+02 7.4679699707e+02 7.4710998535e+02 7.4753002930e+02 7.4782800293e+02 7.4802398682e+02 7.4824798584e+02 7.4848999023e+02 7.4868103027e+02 7.4886700439e+02 7.4899298096e+02 7.4909100342e+02 7.4925799561e+02 7.4953002930e+02 7.4984802246e+02 7.5009600830e+02 7.5034600830e+02 7.5065698242e+02 7.5104602051e+02 7.5143103027e+02 7.5178198242e+02 7.5209899902e+02 7.5235198975e+02 7.5258099365e+02 7.5297198486e+02 7.5343798828e+02 7.5379498291e+02 7.5406097412e+02 7.5442102051e+02 7.5480401611e+02 7.5512902832e+02 7.5545397949e+02 7.5576599121e+02 7.5604498291e+02 7.5630603027e+02 7.5662298584e+02 7.5687200928e+02 7.5710797119e+02 7.5744201660e+02 7.5786102295e+02 7.5815100098e+02 7.5840997314e+02 7.5875799561e+02 7.5913500977e+02
7.4589300537e+02 7.4617297363e+02 7.4648400879e+02 7.4667700195e+02 7.4697497559e+02 7.4733300781e+02 7.4755603027e+02 7.4771398926e+02 7.4795898438e+02 7.4824597168e+02 7.4846099854e+02 7.4867999268e+02 7.4883697510e+02 7.4886499023e+02 7.4894000244e+02 7.4914099121e+02 7.4946899414e+02 7.4977502441e+02 7.5007598877e+02 7.5041900635e+02 7.5080700684e+02 7.5118902588e+02 7.5154699707e+02 7.5187799072e+02 7.5215802002e+02 7.5237500000e+02 7.5274401855e+02 7.5320697021e+02 7.5357501221e+02 7.5384600830e+02 7.5417797852e+02 7.5453601074e+02 7.5486297607e+02 7.5516497803e+02 7.5547698975e+02 7.5578601074e+02 7.5610601807e+02 7.5641302490e+02 7.5665301514e+02 7.5689300537e+02 7.5719598389e+02 7.5758197021e+02 7.5787200928e+02 7.5813702393e+02 7.5847998047e+02 7.5887500000e+02
7.4557897949e+02 7.4590002441e+02 7.4632598877e+02 7.4656701660e+02 7.4682897949e+02 7.4712402344e+02 7.4730401611e+02 7.4745501709e+02 7.4771398926e+02 7.4796600342e+02 7.4815002441e+02 7.4837597656e+02 7.4858599854e+02 7.4861999512e+02 7.4866400146e+02 7.4881799316e+02 7.4911499023e+02 7.4944897461e+02 7.4979699707e+02 7.5017797852e+02 7.5056298828e+02 7.5093597412e+02 7.5130798340e+02 7.5165899658e+02 7.5197998047e+02 7.5218701172e+02 7.5250897217e+02 7.5294396973e+02 7.5333898926e+02 7.5362597656e+02 7.5391998291e+02 7.5423602295e+02 7.5456597900e+02 7.5486798096e+02 7.5517999268e+02 7.5550701904e+02 7.5585601807e+02 7.5613500977e+02 7.5636499023e+02 7.5661999512e+02 7.5692999268e+02 7.5728601074e+02 7.5757897949e+02 7.5785797119e+02 7.5819598389e+02 7.5858001709e+02
7.4532897949e+02 7.4568798828e+02 7.4613500977e+02 7.4641198730e+02 7.4664099121e+02 7.4688397217e+02 7.4705200195e+02 7.4722802734e+02 7.4748400879e+02 7.4768798828e+02 7.4782897949e+02 7.4799700928e+02 7.4816302490e+02 7.4832000732e+02 7.4844097900e+02 7.4861901855e+02 7.4887701416e+02 7.4917401123e+02 7.4954498291e+02 7.4995397949e+02 7.5034497070e+02 7.5069500732e+02 7.5107202148e+02 7.5144299316e+02 7.5176800537e+02 7.5200299072e+02 7.5230297852e+02 7.5268902588e+02 7.5306896973e+02 7.5340100098e+02 7.5366601563e+02 7.5393200684e+02 7.5422802734e+02 7.5456701660e+02 7.5487799072e+02 7.5520599365e+02 7.5554302979e+02 7.5582299805e+02 7.5605798340e+02 7.5632397461e+02 7.5665197754e+02 7.5700500488e+02 7.5730401611e+02 7.5760400391e+02 7.5794702148e+02 7.5829797363e+02
7.4523901367e+02 7.4563299561e+02 7.4603497314e+02 7.4628399658e+02 7.4647399902e+02 7.4666802979e+02 7.4681500244e+02 7.4697802734e+02 7.4719598389e+02 7.4737799072e+02 7.4753698730e+02 7.4770397949e+02 7.4789202881e+02 7.4806402588e+02 7.4824597168e+02 7.4846801758e+02 7.4871697998e+02 7.4899200439e+02 7.4939202881e+02 7.4984301758e+02 7.5021997070e+02 7.5053698730e+02 7.5088000488e+02 7.5122698975e+02 7.5155798340e+02 7.5183300781e+02 7.5215802002e+02 7.5253198242e+02 7.5290802002e+02 7.5321099854e+02 7.5346801758e+02 7.5371301270e+02 7.5398297119e+02 7.5426800537e+02 7.5456201172e+02 7.5489001465e+02 7.5525799561e+02 7.5556701660e+02 7.5583502197e+02 7.5612701416e+02 7.5646002197e+02 7.5678997803e+02 7.5707897949e+02 7.5736199951e+02 7.5769799805e+02 7.5804797363e+02
7.4517498779e+02 7.4553900146e+02 7.4587402344e+02 7.4608502197e+02 7.4627301025e+02 7.4646502686e+02 7.4661297607e+02 7.4676599121e+02 7.4695098877e+02 7.4712200928e+02 7.4728399658e+02 7.4746099854e+02 7.4766198730e+02 7.4784997559e+02 7.4806298828e+02 7.4831896973e+02 7.4858300781e+02 7.4886499023e+02 7.4928601074e+02 7.4975799561e+02 7.5012200928e+02 7.5039501953e+02 7.5070501709e+02 7.5102001953e+02 7.5133001709e+02 7.5162500000e+02 7.5197698975e+02 7.5236798096e+02 7.5274102783e+02 7.5303497314e+02 7.5328997803e+02 7.5353399658e+02 7.5378601074e+02 7.5403198242e+02 7.5431201172e+02 7.5463702393e+02 7.5499902344e+02 7.5530297852e+02 7.5558099365e+02 7.5588500977e+02 7.5624401855e+02 7.5659399414e+02 7.5688201904e+02 7.5714697266e+02 7.5747100830e+02 7.5782202148e+02
7.4508300781e+02 7.4540301514e+02 7.4567700195e+02 7.4585302734e+02 7.4603601074e+02 7.4625201416e+02 7.4642297363e+02 7.4658300781e+02 7.4673797607e+02 7.4689898682e+02 7.4707000732e+02 7.4725897217e+02 7.4745898438e+02 7.4764697266e+02 7.4788500977e+02 7.4817700195e+02 7.4847900391e+02 7.4877099609e+02 7.4918402100e+02 7.4964300537e+02 7.5000000000e+02 7.5025000000e+02 7.5052697754e+02 7.5081097412e+02 7.5109197998e+02 7.5139300537e+02 7.5175897217e+02 7.5215997314e+02 7.5253698730e+02 7.5282702637e+02 7.5308398438e+02 7.5333898926e+02 7.5360400391e+02 7.5385400391e+02 7.5413299561e+02 7.5445599365e+02 7.5480902100e+02 7.5508697510e+02 7.5534899902e+02 7.5564898682e+02 7.5602197266e+02 7.5640301514e+02 7.5669500732e+02 7.5695202637e+02 7.5726000977e+02 7.5759399414e+02
