TESTSERVER/19/10.asc
NCOLS 100
NROWS 100
XLLCORNER 8.4497500000e+03
YLLCORNER 2.8945025000e+05
CELLSIZE 5.0000000000e-01
NODATA_VALUE -9.9990000000e+03
[rows 60 to 79 of 100, columns 46 to 91 of 100]
6.4560797119e+02 6.4603100586e+02 6.4615197754e+02 6.4627001953e+02 6.4635900879e+02 6.4656500244e+02 6.4690600586e+02 6.4709002686e+02 6.4736297607e+02 6.4763500977e+02 6.4787097168e+02 6.4796801758e+02 6.4809997559e+02 6.4827600098e+02 6.4841699219e+02 6.4853497314e+02 6.4862500000e+02 6.4867797852e+02 6.4868798828e+02 6.4861602783e+02 6.4851898193e+02 6.4839398193e+02 6.4828698730e+02 6.4817999268e+02 6.4811798096e+02 6.4806201172e+02 6.4804901123e+02 6.4807800293e+02 6.4810900879e+02 6.4815301514e+02 6.4820001221e+02 6.4822998047e+02 6.4828198242e+02 6.4830798340e+02 6.4835400391e+02 6.4841699219e+02 6.4849401855e+02 6.4856298828e+02 6.4866302490e+02 6.4875598145e+02 6.4885198975e+02 6.4894396973e+02 6.4903100586e+02 6.4910498047e+02 6.4915197754e+02 6.4918103027e+02
6.4580499268e+02 6.4611297607e+02 6.4611297607e+02 6.4621197510e+02 6.4628198242e+02 6.4637799072e+02 6.4667297363e+02 6.4694201660e+02 6.4721801758e+02 6.4736199951e+02 6.4753497314e+02 6.4765399170e+02 6.4783898926e+02 6.4804901123e+02 6.4823199463e+02 6.4838000488e+02 6.4847900391e+02 6.4852600098e+02 6.4850799561e+02 6.4842297363e+02 6.4831402588e+02 6.4820202637e+02 6.4809698486e+02 6.4800897217e+02 6.4795202637e+02 6.4791497803e+02 6.4791497803e+02 6.4794097900e+02 6.4796997070e+02 6.4801599121e+02 6.4805999756e+02 6.4810302734e+02 6.4815997314e+02 6.4821099854e+02 6.4826702881e+02 6.4833801270e+02 6.4841302490e+02 6.4849200439e+02 6.4859002686e+02 6.4869000244e+02 6.4878900146e+02 6.4888397217e+02 6.4897100830e+02 6.4903698730e+02 6.4908599854e+02 6.4911102295e+02
6.4603497314e+02 6.4614398193e+02 6.4608300781e+02 6.4615197754e+02 6.4619396973e+02 6.4622198486e+02 6.4642199707e+02 6.4676300049e+02 6.4706402588e+02 6.4711199951e+02 6.4722601318e+02 6.4739398193e+02 6.4761102295e+02 6.4782202148e+02 6.4800201416e+02 6.4814801025e+02 6.4822900391e+02 6.4825000000e+02 6.4820898438e+02 6.4811901855e+02 6.4802697754e+02 6.4794000244e+02 6.4786102295e+02 6.4779901123e+02 6.4776702881e+02 6.4775097656e+02 6.4775701904e+02 6.4778399658e+02 6.4781298828e+02 6.4785601807e+02 6.4790698242e+02 6.4796002197e+02 6.4803002930e+02 6.4809698486e+02 6.4816497803e+02 6.4824298096e+02 6.4832299805e+02 6.4840899658e+02 6.4851397705e+02 6.4862298584e+02 6.4872802734e+02 6.4882501221e+02 6.4891601563e+02 6.4898297119e+02 6.4903302002e+02 6.4905902100e+02
6.4613098145e+02 6.4606201172e+02 6.4603497314e+02 6.4610400391e+02 6.4614202881e+02 6.4616302490e+02 6.4625402832e+02 6.4646099854e+02 6.4671002197e+02 6.4685998535e+02 6.4697497559e+02 6.4714300537e+02 6.4734899902e+02 6.4754901123e+02 6.4770800781e+02 6.4783599854e+02 6.4789001465e+02 6.4787799072e+02 6.4781298828e+02 6.4772302246e+02 6.4767199707e+02 6.4763299561e+02 6.4759197998e+02 6.4756500244e+02 6.4755902100e+02 6.4756402588e+02 6.4758099365e+02 6.4760998535e+02 6.4764202881e+02 6.4768701172e+02 6.4774401855e+02 6.4780798340e+02 6.4789001465e+02 6.4797198486e+02 6.4805102539e+02 6.4813800049e+02 6.4822497559e+02 6.4832000732e+02 6.4843597412e+02 6.4855798340e+02 6.4867297363e+02 6.4877502441e+02 6.4886901855e+02 6.4893701172e+02 6.4898699951e+02 6.4901501465e+02
6.4620800781e+02 6.4601800537e+02 6.4603900146e+02 6.4608099365e+02 6.4610797119e+02 6.4612701416e+02 6.4617797852e+02 6.4628601074e+02 6.4643298340e+02 6.4658697510e+02 6.4674401855e+02 6.4691497803e+02 6.4710601807e+02 6.4722998047e+02 6.4735198975e+02 6.4748101807e+02 6.4750897217e+02 6.4741400146e+02 6.4725299072e+02 6.4719702148e+02 6.4714801025e+02 6.4722802734e+02 6.4724798584e+02 6.4728100586e+02 6.4730603027e+02 6.4734002686e+02 6.4736700439e+02 6.4741302490e+02 6.4745001221e+02 6.4751501465e+02 6.4758300781e+02 6.4765600586e+02 6.4774298096e+02 6.4783099365e+02 6.4792199707e+02 6.4802697754e+02 6.4813897705e+02 6.4823901367e+02 6.4837799072e+02 6.4849597168e+02 6.4862701416e+02 6.4874597168e+02 6.4884899902e+02 6.4891699219e+02 6.4896697998e+02 6.4898101807e+02
6.4611401367e+02 6.4600701904e+02 6.4608099365e+02 6.4610699463e+02 6.4611102295e+02 6.4609899902e+02 6.4611102295e+02 6.4616497803e+02 6.4626397705e+02 6.4636401367e+02 6.4645898438e+02 6.4658197021e+02 6.4673901367e+02 6.4687402344e+02 6.4706597900e+02 6.4723400879e+02 6.4720501709e+02 6.4700097656e+02 6.4680499268e+02 6.4670397949e+02 6.4671997070e+02 6.4678900146e+02 6.4686602783e+02 6.4693499756e+02 6.4701800537e+02 6.4707702637e+02 6.4712701416e+02 6.4718701172e+02 6.4724798584e+02 6.4732897949e+02 6.4740600586e+02 6.4749102783e+02 6.4758197021e+02 6.4767602539e+02 6.4777899170e+02 6.4789898682e+02 6.4802197266e+02 6.4815301514e+02 6.4830297852e+02 6.4844598389e+02 6.4859197998e+02 6.4872900391e+02 6.4883001709e+02 6.4889898682e+02 6.4893499756e+02 6.4895001221e+02
6.4609002686e+02 6.4603497314e+02 6.4607299805e+02 6.4606799316e+02 6.4608801270e+02 6.4607897949e+02 6.4608502197e+02 6.4608398438e+02 6.4611602783e+02 6.4619396973e+02 6.4627099609e+02 6.4636999512e+02 6.4648400879e+02 6.4662799072e+02 6.4686401367e+02 6.4703100586e+02 6.4694799805e+02 6.4670397949e+02 6.4649401855e+02 6.4638800049e+02 6.4640997314e+02 6.4648797607e+02 6.4657299805e+02 6.4665899658e+02 6.4676202393e+02 6.4684399414e+02 6.4690600586e+02 6.4697497559e+02 6.4704998779e+02 6.4714099121e+02 6.4722601318e+02 6.4731896973e+02 6.4741900635e+02 6.4752197266e+02 6.4763098145e+02 6.4776000977e+02 6.4789697266e+02 6.4805297852e+02 6.4822601318e+02 6.4839099121e+02 6.4855401611e+02 6.4869702148e+02 6.4879901123e+02 6.4886700439e+02 6.4890301514e+02 6.4892297363e+02
6.4607897949e+02 6.4605798340e+02 6.4604302979e+02 6.4603100586e+02 6.4606298828e+02 6.4608001709e+02 6.4609802246e+02 6.4607598877e+02 6.4606201172e+02 6.4609399414e+02 6.4612097168e+02 6.4620501709e+02 6.4631597900e+02 6.4644097900e+02 6.4666900635e+02 6.4681500244e+02 6.4670800781e+02 6.4647302246e+02 6.4627899170e+02 6.4617602539e+02 6.4619201660e+02 6.4626000977e+02 6.4633801270e+02 6.4642602539e+02 6.4653302002e+02 6.4662701416e+02 6.4669799805e+02 6.4677398682e+02 6.4685998535e+02 6.4695800781e+02 6.4704998779e+02 6.4714801025e+02 6.4725402832e+02 6.4736199951e+02 6.4747601318e+02 6.4761297607e+02 6.4776599121e+02 6.4795098877e+02 6.4814801025e+02 6.4833697510e+02 6.4851501465e+02 6.4866302490e+02 6.4876898193e+02 6.4883599854e+02 6.4887597656e+02 6.4890399170e+02
6.4610498047e+02 6.4607897949e+02 6.4606298828e+02 6.4604901123e+02 6.4604101563e+02 6.4607098389e+02 6.4610198975e+02 6.4609698486e+02 6.4609600830e+02 6.4612902832e+02 6.4609100342e+02 6.4606896973e+02 6.4612701416e+02 6.4622900391e+02 6.4639398193e+02 6.4649298096e+02 6.4636798096e+02 6.4628997803e+02 6.4616497803e+02 6.4606298828e+02 6.4606201172e+02 6.4610998535e+02 6.4618200684e+02 6.4625402832e+02 6.4632897949e+02 6.4641302490e+02 6.4649798584e+02 6.4658197021e+02 6.4668701172e+02 6.4678002930e+02 6.4687799072e+02 6.4697601318e+02 6.4706201172e+02 6.4719500732e+02 6.4732897949e+02 6.4749902344e+02 6.4772601318e+02 6.4788500977e+02 6.4815100098e+02 6.4834802246e+02 6.4858197021e+02 6.4866802979e+02 6.4874700928e+02 6.4878399658e+02 6.4881500244e+02 6.4889501953e+02
6.4606201172e+02 6.4607501221e+02 6.4607598877e+02 6.4606500244e+02 6.4604498291e+02 6.4603802490e+02 6.4605499268e+02 6.4607397461e+02 6.4609698486e+02 6.4614001465e+02 6.4611602783e+02 6.4605798340e+02 6.4603601074e+02 6.4604901123e+02 6.4612200928e+02 6.4613702393e+02 6.4608898926e+02 6.4610498047e+02 6.4604400635e+02 6.4596997070e+02 6.4596099854e+02 6.4600000000e+02 6.4603601074e+02 6.4607897949e+02 6.4613897705e+02 6.4621600342e+02 6.4630200195e+02 6.4639202881e+02 6.4650701904e+02 6.4661999512e+02 6.4672302246e+02 6.4681500244e+02 6.4689398193e+02 6.4700000000e+02 6.4713897705e+02 6.4733197021e+02 6.4755200195e+02 6.4778100586e+02 6.4806402588e+02 6.4833697510e+02 6.4858300781e+02 6.4872399902e+02 6.4875701904e+02 6.4875299072e+02 6.4877697754e+02 6.4885797119e+02
6.4607098389e+02 6.4608502197e+02 6.4609100342e+02 6.4608001709e+02 6.4605902100e+02 6.4604101563e+02 6.4604199219e+02 6.4605200195e+02 6.4606500244e+02 6.4609301758e+02 6.4609497070e+02 6.4607202148e+02 6.4604101563e+02 6.4602001953e+02 6.4604302979e+02 6.4601898193e+02 6.4596398926e+02 6.4595898438e+02 6.4592901611e+02 6.4590197754e+02 6.4590197754e+02 6.4591101074e+02 6.4591302490e+02 6.4592999268e+02 6.4598297119e+02 6.4605499268e+02 6.4612902832e+02 6.4621301270e+02 6.4633099365e+02 6.4645397949e+02 6.4655798340e+02 6.4664801025e+02 6.4671301270e+02 6.4679498291e+02 6.4692199707e+02 6.4709899902e+02 6.4731896973e+02 6.4756201172e+02 6.4784899902e+02 6.4814398193e+02 6.4846197510e+02 6.4867797852e+02 6.4873999023e+02 6.4874700928e+02 6.4875097656e+02 6.4880603027e+02
6.4614697266e+02 6.4612597656e+02 6.4611901855e+02 6.4609497070e+02 6.4606896973e+02 6.4606799316e+02 6.4606799316e+02 6.4605200195e+02 6.4603900146e+02 6.4604199219e+02 6.4604602051e+02 6.4606298828e+02 6.4607202148e+02 6.4607397461e+02 6.4611700439e+02 6.4609197998e+02 6.4597802734e+02 6.4591400146e+02 6.4589398193e+02 6.4589001465e+02 6.4587799072e+02 6.4585302734e+02 6.4583197021e+02 6.4583099365e+02 6.4586798096e+02 6.4592297363e+02 6.4597900391e+02 6.4604901123e+02 6.4615802002e+02 6.4628302002e+02 6.4638598633e+02 6.4647302246e+02 6.4652301025e+02 6.4657897949e+02 6.4668798828e+02 6.4684301758e+02 6.4703900146e+02 6.4726300049e+02 6.4753399658e+02 6.4783099365e+02 6.4821099854e+02 6.4852502441e+02 6.4865600586e+02 6.4871398926e+02 6.4872698975e+02 6.4875097656e+02
6.4623602295e+02 6.4620001221e+02 6.4614898682e+02 6.4609399414e+02 6.4605798340e+02 6.4607702637e+02 6.4608801270e+02 6.4606799316e+02 6.4603698730e+02 6.4603802490e+02 6.4603100586e+02 6.4604101563e+02 6.4607000732e+02 6.4612097168e+02 6.4617102051e+02 6.4614001465e+02 6.4597601318e+02 6.4590802002e+02 6.4589398193e+02 6.4589202881e+02 6.4585998535e+02 6.4580102539e+02 6.4578002930e+02 6.4578198242e+02 6.4578497314e+02 6.4581097412e+02 6.4585198975e+02 6.4590100098e+02 6.4595098877e+02 6.4607800293e+02 6.4617797852e+02 6.4627600098e+02 6.4632501221e+02 6.4634997559e+02 6.4638201904e+02 6.4647399902e+02 6.4647497559e+02 6.4678802490e+02 6.4705297852e+02 6.4744000244e+02 6.4797302246e+02 6.4834197998e+02 6.4855200195e+02 6.4862298584e+02 6.4869897461e+02 6.4871600342e+02
6.4636401367e+02 6.4628198242e+02 6.4618103027e+02 6.4610699463e+02 6.4608197021e+02 6.4611499023e+02 6.4612097168e+02 6.4608502197e+02 6.4604400635e+02 6.4604101563e+02 6.4604797363e+02 6.4605297852e+02 6.4613500977e+02 6.4623199463e+02 6.4617797852e+02 6.4608898926e+02 6.4598297119e+02 6.4592901611e+02 6.4590502930e+02 6.4586901855e+02 6.4580999756e+02 6.4577197266e+02 6.4578100586e+02 6.4578997803e+02 6.4578002930e+02 6.4577899170e+02 6.4579400635e+02 6.4580902100e+02 6.4583197021e+02 6.4590399170e+02 6.4598999023e+02 6.4607397461e+02 6.4612799072e+02 6.4613897705e+02 6.4613397217e+02 6.4612097168e+02 6.4611297607e+02 6.4624298096e+02 6.4648297119e+02 6.4687597656e+02 6.4741900635e+02 6.4810998535e+02 6.4844201660e+02 6.4851599121e+02 6.4859497070e+02 6.4870697021e+02
6.4643200684e+02 6.4626300049e+02 6.4617102051e+02 6.4610699463e+02 6.4609100342e+02 6.4613598633e+02 6.4612200928e+02 6.4607397461e+02 6.4603997803e+02 6.4604400635e+02 6.4605499268e+02 6.4605401611e+02 6.4610900879e+02 6.4616601563e+02 6.4610101318e+02 6.4604302979e+02 6.4600402832e+02 6.4596899414e+02 6.4592700195e+02 6.4585900879e+02 6.4578900146e+02 6.4577899170e+02 6.4578997803e+02 6.4578997803e+02 6.4578601074e+02 6.4578802490e+02 6.4578997803e+02 6.4578802490e+02 6.4578399658e+02 6.4581799316e+02 6.4587298584e+02 6.4592901611e+02 6.4596997070e+02 6.4597900391e+02 6.4596801758e+02 6.4594201660e+02 6.4588702393e+02 6.4592102051e+02 6.4606701660e+02 6.4634698486e+02 6.4675799561e+02 6.4755603027e+02 6.4812701416e+02 6.4831799316e+02 6.4841101074e+02 6.4861499023e+02
6.4630902100e+02 6.4619000244e+02 6.4613800049e+02 6.4609899902e+02 6.4608398438e+02 6.4611401367e+02 6.4608502197e+02 6.4604797363e+02 6.4603002930e+02 6.4603997803e+02 6.4604498291e+02 6.4603497314e+02 6.4604101563e+02 6.4603997803e+02 6.4602197266e+02 6.4601501465e+02 6.4601898193e+02 6.4599798584e+02 6.4594396973e+02 6.4586401367e+02 6.4580401611e+02 6.4579199219e+02 6.4578997803e+02 6.4578497314e+02 6.4578900146e+02 6.4579901123e+02 6.4580297852e+02 6.4579998779e+02 6.4578399658e+02 6.4578698730e+02 6.4581201172e+02 6.4583801270e+02 6.4586199951e+02 6.4587500000e+02 6.4586798096e+02 6.4584399414e+02 6.4578002930e+02 6.4574700928e+02 6.4580700684e+02 6.4596301270e+02 6.4617797852e+02 6.4692700195e+02 6.4770898438e+02 6.4807897949e+02 6.4821801758e+02 6.4848199463e+02
6.4624499512e+02 6.4625598145e+02 6.4621398926e+02 6.4611297607e+02 6.4606701660e+02 6.4608599854e+02 6.4606500244e+02 6.4606097412e+02 6.4603900146e+02 6.4604400635e+02 6.4604602051e+02 6.4605798340e+02 6.4605102539e+02 6.4602697754e+02 6.4602301025e+02 6.4602001953e+02 6.4601599121e+02 6.4599401855e+02 6.4593499756e+02 6.4587200928e+02 6.4584197998e+02 6.4580603027e+02 6.4577502441e+02 6.4576702881e+02 6.4577099609e+02 6.4578497314e+02 6.4579400635e+02 6.4580200195e+02 6.4580798340e+02 6.4580102539e+02 6.4579797363e+02 6.4579797363e+02 6.4580999756e+02 6.4582299805e+02 6.4582800293e+02 6.4582202148e+02 6.4582000732e+02 6.4577001953e+02 6.4578002930e+02 6.4579498291e+02 6.4566101074e+02 6.4627502441e+02 6.4732598877e+02 6.4793200684e+02 6.4805902100e+02 6.4833398438e+02
6.4521600342e+02 6.4566802979e+02 6.4585699463e+02 6.4609698486e+02 6.4613598633e+02 6.4607202148e+02 6.4600201416e+02 6.4603198242e+02 6.4605297852e+02 6.4604998779e+02 6.4603997803e+02 6.4603198242e+02 6.4603698730e+02 6.4604602051e+02 6.4603497314e+02 6.4602197266e+02 6.4601501465e+02 6.4595898438e+02 6.4590197754e+02 6.4586199951e+02 6.4582397461e+02 6.4578900146e+02 6.4576800537e+02 6.4576397705e+02 6.4576702881e+02 6.4577099609e+02 6.4578002930e+02 6.4578698730e+02 6.4579797363e+02 6.4580200195e+02 6.4579699707e+02 6.4579699707e+02 6.4581500244e+02 6.4582702637e+02 6.4583599854e+02 6.4584002686e+02 6.4583697510e+02 6.4583697510e+02 6.4584399414e+02 6.4583801270e+02 6.4572302246e+02 6.4598999023e+02 6.4710498047e+02 6.4780401611e+02 6.4791302490e+02 6.4819702148e+02
6.4386901855e+02 6.4434600830e+02 6.4463897705e+02 6.4531799316e+02 6.4594500732e+02 6.4625402832e+02 6.4612902832e+02 6.4600201416e+02 6.4601000977e+02 6.4603900146e+02 6.4603601074e+02 6.4604302979e+02 6.4605499268e+02 6.4606402588e+02 6.4604400635e+02 6.4602600098e+02 6.4600500488e+02 6.4591302490e+02 6.4584600830e+02 6.4581298828e+02 6.4578601074e+02 6.4576898193e+02 6.4576202393e+02 6.4576000977e+02 6.4575897217e+02 6.4576501465e+02 6.4577697754e+02 6.4578497314e+02 6.4579101563e+02 6.4579302979e+02 6.4579302979e+02 6.4579797363e+02 6.4581896973e+02 6.4582800293e+02 6.4583398438e+02 6.4584002686e+02 6.4584301758e+02 6.4584997559e+02 6.4585302734e+02 6.4584100342e+02 6.4576800537e+02 6.4600402832e+02 6.4701800537e+02 6.4769598389e+02 6.4783898926e+02 6.4816400146e+02
6.4298602295e+02 6.4345501709e+02 6.4364801025e+02 6.4435900879e+02 6.4516699219e+02 6.4579797363e+02 6.4609802246e+02 6.4618597412e+02 6.4602801514e+02 6.4605798340e+02 6.4605700684e+02 6.4607000732e+02 6.4607800293e+02 6.4606402588e+02 6.4605603027e+02 6.4604901123e+02 6.4598699951e+02 6.4587902832e+02 6.4580603027e+02 6.4577398682e+02 6.4575897217e+02 6.4576098633e+02 6.4576202393e+02 6.4576000977e+02 6.4575000000e+02 6.4576202393e+02 6.4577899170e+02 6.4578997803e+02 6.4578997803e+02 6.4578997803e+02 6.4579498291e+02 6.4580603027e+02 6.4582299805e+02 6.4582000732e+02 6.4582202148e+02 6.4582598877e+02 6.4583502197e+02 6.4585101318e+02 6.4585601807e+02 6.4584399414e+02 6.4578100586e+02 6.4615698242e+02 6.4711297607e+02 6.4767498779e+02 6.4781298828e+02 6.4819201660e+02
