TESTSERVER/19/10.asc
NCOLS 100
NROWS 100
XLLCORNER 8.4497500000e+03
YLLCORNER 2.8945025000e+05
CELLSIZE 5.0000000000e-01
NODATA_VALUE -9.9990000000e+03
[rows 60 to 79 of 100, columns 0 to 45 of 100]
6.4144396973e+02 6.4151599121e+02 6.4158697510e+02 6.4165802002e+02 6.4172302246e+02 6.4178302002e+02 6.4183697510e+02 6.4188800049e+02 6.4194299316e+02 6.4199401855e+02 6.4203802490e+02 6.4208197021e+02 6.4211700439e+02 6.4217297363e+02 6.4219500732e+02 6.4222198486e+02 6.4223602295e+02 6.4225201416e+02 6.4222198486e+02 6.4236401367e+02 6.4235400391e+02 6.4251702881e+02 6.4248797607e+02 6.4240100098e+02 6.4236999512e+02 6.4344299316e+02 6.4464697266e+02 6.4471398926e+02 6.4449200439e+02 6.4454199219e+02 6.4456597900e+02 6.4454797363e+02 6.4456500244e+02 6.4456500244e+02 6.4455798340e+02 6.4453900146e+02 6.4458099365e+02 6.4468200684e+02 6.4487597656e+02 6.4501098633e+02 6.4521600342e+02 6.4533502197e+02 6.4545599365e+02 6.4541400146e+02 6.4538800049e+02 6.4534802246e+02
6.4142901611e+02 6.4149102783e+02 6.4155798340e+02 6.4162200928e+02 6.4168298340e+02 6.4173901367e+02 6.4179101563e+02 6.4183898926e+02 6.4188598633e+02 6.4192498779e+02 6.4196197510e+02 6.4199200439e+02 6.4201599121e+02 6.4203900146e+02 6.4205200195e+02 6.4205798340e+02 6.4205401611e+02 6.4202801514e+02 6.4197497559e+02 6.4195098877e+02 6.4195501709e+02 6.4204302979e+02 6.4205200195e+02 6.4185400391e+02 6.4190698242e+02 6.4268499756e+02 6.4389898682e+02 6.4466400146e+02 6.4468499756e+02 6.4457397461e+02 6.4452001953e+02 6.4451800537e+02 6.4457000732e+02 6.4456597900e+02 6.4450402832e+02 6.4443798828e+02 6.4442297363e+02 6.4445397949e+02 6.4450598145e+02 6.4459600830e+02 6.4478302002e+02 6.4502697754e+02 6.4531097412e+02 6.4549401855e+02 6.4546301270e+02 6.4541900635e+02
6.4142102051e+02 6.4147399902e+02 6.4153302002e+02 6.4158898926e+02 6.4164599609e+02 6.4169598389e+02 6.4174401855e+02 6.4178802490e+02 6.4183001709e+02 6.4186401367e+02 6.4189300537e+02 6.4191497803e+02 6.4192901611e+02 6.4194097900e+02 6.4194299316e+02 6.4194000244e+02 6.4192297363e+02 6.4188800049e+02 6.4182397461e+02 6.4176300049e+02 6.4172601318e+02 6.4174798584e+02 6.4174700928e+02 6.4162200928e+02 6.4158398438e+02 6.4180999756e+02 6.4247198486e+02 6.4357000732e+02 6.4444702148e+02 6.4471801758e+02 6.4460400391e+02 6.4457202148e+02 6.4456500244e+02 6.4450701904e+02 6.4437597656e+02 6.4424798584e+02 6.4416101074e+02 6.4411999512e+02 6.4407202148e+02 6.4407501221e+02 6.4417297363e+02 6.4438201904e+02 6.4475701904e+02 6.4514300537e+02 6.4539898682e+02 6.4564398193e+02
6.4141302490e+02 6.4145800781e+02 6.4150897217e+02 6.4155902100e+02 6.4160900879e+02 6.4165399170e+02 6.4169799805e+02 6.4173602295e+02 6.4177197266e+02 6.4180102539e+02 6.4182501221e+02 6.4184197998e+02 6.4184997559e+02 6.4185498047e+02 6.4185302734e+02 6.4184497070e+02 6.4182501221e+02 6.4178997803e+02 6.4173297119e+02 6.4166302490e+02 6.4160998535e+02 6.4159399414e+02 6.4159997559e+02 6.4157202148e+02 6.4153302002e+02 6.4147497559e+02 6.4156402588e+02 6.4216198730e+02 6.4340997314e+02 6.4452600098e+02 6.4470501709e+02 6.4460998535e+02 6.4446801758e+02 6.4433398438e+02 6.4415399170e+02 6.4399102783e+02 6.4384997559e+02 6.4374401855e+02 6.4359399414e+02 6.4349401855e+02 6.4348297119e+02 6.4360797119e+02 6.4389099121e+02 6.4430102539e+02 6.4488800049e+02 6.4568298340e+02
6.4140197754e+02 6.4143902588e+02 6.4148498535e+02 6.4153198242e+02 6.4157598877e+02 6.4161602783e+02 6.4165002441e+02 6.4167999268e+02 6.4170300293e+02 6.4173101807e+02 6.4175201416e+02 6.4177099609e+02 6.4178497314e+02 6.4178698730e+02 6.4179101563e+02 6.4178302002e+02 6.4177001953e+02 6.4173699951e+02 6.4171002197e+02 6.4165899658e+02 6.4163098145e+02 6.4159899902e+02 6.4162597656e+02 6.4165997314e+02 6.4165698242e+02 6.4164801025e+02 6.4160797119e+02 6.4153497314e+02 6.4211602783e+02 6.4359802246e+02 6.4432598877e+02 6.4436999512e+02 6.4415399170e+02 6.4397601318e+02 6.4378399658e+02 6.4364697266e+02 6.4346502686e+02 6.4330700684e+02 6.4307897949e+02 6.4290100098e+02 6.4283398438e+02 6.4285198975e+02 6.4293298340e+02 6.4315802002e+02 6.4406701660e+02 6.4559698486e+02
6.4138598633e+02 6.4141302490e+02 6.4145501709e+02 6.4149902344e+02 6.4153997803e+02 6.4157598877e+02 6.4159997559e+02 6.4161901855e+02 6.4163800049e+02 6.4165802002e+02 6.4168103027e+02 6.4170202637e+02 6.4172399902e+02 6.4173699951e+02 6.4174499512e+02 6.4174401855e+02 6.4172998047e+02 6.4170599365e+02 6.4167700195e+02 6.4165100098e+02 6.4163800049e+02 6.4163598633e+02 6.4165100098e+02 6.4166101074e+02 6.4163800049e+02 6.4163897705e+02 6.4162701416e+02 6.4154400635e+02 6.4184002686e+02 6.4280401611e+02 6.4345599365e+02 6.4361602783e+02 6.4354101563e+02 6.4347497559e+02 6.4340899658e+02 6.4330102539e+02 6.4316699219e+02 6.4300897217e+02 6.4284600830e+02 6.4272302246e+02 6.4274700928e+02 6.4277600098e+02 6.4266802979e+02 6.4268902588e+02 6.4388897705e+02 6.4559899902e+02
6.4138201904e+02 6.4139697266e+02 6.4143103027e+02 6.4147399902e+02 6.4151098633e+02 6.4153997803e+02 6.4155603027e+02 6.4156799316e+02 6.4158197021e+02 6.4159997559e+02 6.4162097168e+02 6.4164501953e+02 6.4167102051e+02 6.4169097900e+02 6.4170300293e+02 6.4170599365e+02 6.4169598389e+02 6.4167700195e+02 6.4165197754e+02 6.4163598633e+02 6.4163500977e+02 6.4164001465e+02 6.4165399170e+02 6.4165502930e+02 6.4163598633e+02 6.4164801025e+02 6.4163800049e+02 6.4156201172e+02 6.4183801270e+02 6.4247302246e+02 6.4282202148e+02 6.4295501709e+02 6.4297900391e+02 6.4303601074e+02 6.4308001709e+02 6.4304498291e+02 6.4296301270e+02 6.4285998535e+02 6.4277398682e+02 6.4274200439e+02 6.4279602051e+02 6.4282202148e+02 6.4273101807e+02 6.4300500488e+02 6.4428399658e+02 6.4574700928e+02
6.4138598633e+02 6.4139099121e+02 6.4141900635e+02 6.4145697021e+02 6.4148901367e+02 6.4151098633e+02 6.4151898193e+02 6.4152600098e+02 6.4153601074e+02 6.4155200195e+02 6.4157202148e+02 6.4159899902e+02 6.4162902832e+02 6.4165600586e+02 6.4167199707e+02 6.4167700195e+02 6.4167102051e+02 6.4165802002e+02 6.4164001465e+02 6.4163299561e+02 6.4163702393e+02 6.4164300537e+02 6.4165100098e+02 6.4164398193e+02 6.4163500977e+02 6.4164501953e+02 6.4161798096e+02 6.4161199951e+02 6.4205499268e+02 6.4253997803e+02 6.4259399414e+02 6.4261602783e+02 6.4265100098e+02 6.4274597168e+02 6.4283697510e+02 6.4285601807e+02 6.4282000732e+02 6.4277197266e+02 6.4274499512e+02 6.4277301025e+02 6.4279901123e+02 6.4278802490e+02 6.4289697266e+02 6.4360400391e+02 6.4477099609e+02 6.4584802246e+02
6.4139300537e+02 6.4139501953e+02 6.4140502930e+02 6.4144598389e+02 6.4148400879e+02 6.4148699951e+02 6.4148699951e+02 6.4149200439e+02 6.4150500488e+02 6.4151000977e+02 6.4152301025e+02 6.4156097412e+02 6.4159802246e+02 6.4163098145e+02 6.4165301514e+02 6.4165899658e+02 6.4165899658e+02 6.4164898682e+02 6.4163500977e+02 6.4163702393e+02 6.4163800049e+02 6.4163702393e+02 6.4165002441e+02 6.4165600586e+02 6.4166601563e+02 6.4164697266e+02 6.4158898926e+02 6.4174798584e+02 6.4232598877e+02 6.4260601807e+02 6.4253100586e+02 6.4256597900e+02 6.4260101318e+02 6.4263500977e+02 6.4268402100e+02 6.4271398926e+02 6.4270898438e+02 6.4270898438e+02 6.4273297119e+02 6.4279901123e+02 6.4274902344e+02 6.4278900146e+02 6.4381097412e+02 6.4497802734e+02 6.4572302246e+02 6.4601800537e+02
6.4134997559e+02 6.4142901611e+02 6.4144598389e+02 6.4145001221e+02 6.4145800781e+02 6.4146099854e+02 6.4146697998e+02 6.4147802734e+02 6.4149200439e+02 6.4149700928e+02 6.4151000977e+02 6.4154400635e+02 6.4158197021e+02 6.4161499023e+02 6.4163598633e+02 6.4165100098e+02 6.4165802002e+02 6.4165698242e+02 6.4164801025e+02 6.4163702393e+02 6.4162402344e+02 6.4161798096e+02 6.4163500977e+02 6.4163800049e+02 6.4164001465e+02 6.4162200928e+02 6.4167602539e+02 6.4215698242e+02 6.4257202148e+02 6.4249298096e+02 6.4244201660e+02 6.4252697754e+02 6.4258099365e+02 6.4261102295e+02 6.4263299561e+02 6.4265600586e+02 6.4267901611e+02 6.4270501709e+02 6.4275897217e+02 6.4276702881e+02 6.4263500977e+02 6.4313500977e+02 6.4482098389e+02 6.4604699707e+02 6.4613702393e+02 6.4605200195e+02
6.4132098389e+02 6.4146099854e+02 6.4151599121e+02 6.4149298096e+02 6.4146801758e+02 6.4146002197e+02 6.4146502686e+02 6.4147698975e+02 6.4148999023e+02 6.4150000000e+02 6.4151599121e+02 6.4154901123e+02 6.4158300781e+02 6.4161199951e+02 6.4163098145e+02 6.4164697266e+02 6.4165899658e+02 6.4166400146e+02 6.4165399170e+02 6.4163500977e+02 6.4161700439e+02 6.4160101318e+02 6.4162597656e+02 6.4162902832e+02 6.4162298584e+02 6.4167401123e+02 6.4185302734e+02 6.4223699951e+02 6.4239202881e+02 6.4235797119e+02 6.4243402100e+02 6.4250701904e+02 6.4255200195e+02 6.4259497070e+02 6.4262902832e+02 6.4265600586e+02 6.4267401123e+02 6.4270202637e+02 6.4276300049e+02 6.4267199707e+02 6.4267700195e+02 6.4361700439e+02 6.4540997314e+02 6.4615399170e+02 6.4608197021e+02 6.4603698730e+02
6.4126898193e+02 6.4142602539e+02 6.4154101563e+02 6.4153002930e+02 6.4150402832e+02 6.4149200439e+02 6.4148400879e+02 6.4148400879e+02 6.4149298096e+02 6.4150701904e+02 6.4153002930e+02 6.4156298828e+02 6.4159497070e+02 6.4161901855e+02 6.4163299561e+02 6.4164501953e+02 6.4165502930e+02 6.4166101074e+02 6.4164697266e+02 6.4162799072e+02 6.4162200928e+02 6.4160699463e+02 6.4163201904e+02 6.4163201904e+02 6.4165802002e+02 6.4183801270e+02 6.4210498047e+02 6.4225701904e+02 6.4227697754e+02 6.4234698486e+02 6.4242700195e+02 6.4247302246e+02 6.4252301025e+02 6.4257397461e+02 6.4260400391e+02 6.4263598633e+02 6.4265802002e+02 6.4268902588e+02 6.4273999023e+02 6.4264599609e+02 6.4301501465e+02 6.4438299561e+02 6.4588800049e+02 6.4609899902e+02 6.4604699707e+02 6.4612902832e+02
6.4121197510e+02 6.4130401611e+02 6.4144897461e+02 6.4150897217e+02 6.4152899170e+02 6.4154302979e+02 6.4151800537e+02 6.4149798584e+02 6.4149597168e+02 6.4151202393e+02 6.4153601074e+02 6.4158001709e+02 6.4161297607e+02 6.4163098145e+02 6.4163397217e+02 6.4163299561e+02 6.4163500977e+02 6.4164501953e+02 6.4164501953e+02 6.4162597656e+02 6.4162500000e+02 6.4162402344e+02 6.4162902832e+02 6.4163702393e+02 6.4176098633e+02 6.4197802734e+02 6.4215002441e+02 6.4221398926e+02 6.4227398682e+02 6.4233197021e+02 6.4237500000e+02 6.4243701172e+02 6.4249298096e+02 6.4253802490e+02 6.4256402588e+02 6.4260198975e+02 6.4264599609e+02 6.4267199707e+02 6.4269201660e+02 6.4271600342e+02 6.4352001953e+02 6.4502197266e+02 6.4614599609e+02 6.4604400635e+02 6.4607000732e+02 6.4622802734e+02
6.4122698975e+02 6.4125097656e+02 6.4130603027e+02 6.4137500000e+02 6.4144396973e+02 6.4152001953e+02 6.4153900146e+02 6.4151202393e+02 6.4149902344e+02 6.4151702881e+02 6.4154998779e+02 6.4159002686e+02 6.4161297607e+02 6.4161999512e+02 6.4161798096e+02 6.4161700439e+02 6.4161700439e+02 6.4162298584e+02 6.4162097168e+02 6.4161199951e+02 6.4160900879e+02 6.4159100342e+02 6.4159997559e+02 6.4175000000e+02 6.4196002197e+02 6.4205297852e+02 6.4207598877e+02 6.4214697266e+02 6.4222198486e+02 6.4228900146e+02 6.4234802246e+02 6.4240301514e+02 6.4245599365e+02 6.4251000977e+02 6.4254699707e+02 6.4259698486e+02 6.4263598633e+02 6.4266601563e+02 6.4271301270e+02 6.4274200439e+02 6.4346002197e+02 6.4492498779e+02 6.4619000244e+02 6.4621398926e+02 6.4628002930e+02 6.4641998291e+02
6.4123101807e+02 6.4124102783e+02 6.4124499512e+02 6.4127398682e+02 6.4132202148e+02 6.4141802979e+02 6.4150201416e+02 6.4151800537e+02 6.4152001953e+02 6.4154199219e+02 6.4157202148e+02 6.4159399414e+02 6.4160198975e+02 6.4159997559e+02 6.4160101318e+02 6.4161102295e+02 6.4161297607e+02 6.4161499023e+02 6.4160900879e+02 6.4161297607e+02 6.4162097168e+02 6.4160998535e+02 6.4166802979e+02 6.4184497070e+02 6.4196197510e+02 6.4197497559e+02 6.4202001953e+02 6.4211499023e+02 6.4217401123e+02 6.4224401855e+02 6.4231097412e+02 6.4236700439e+02 6.4243103027e+02 6.4249597168e+02 6.4252697754e+02 6.4257397461e+02 6.4260498047e+02 6.4264398193e+02 6.4269702148e+02 6.4265301514e+02 6.4319897461e+02 6.4452899170e+02 6.4584301758e+02 6.4621197510e+02 6.4646997070e+02 6.4663299561e+02
6.4122802734e+02 6.4124102783e+02 6.4124597168e+02 6.4124200439e+02 6.4124597168e+02 6.4131201172e+02 6.4140997314e+02 6.4148999023e+02 6.4153497314e+02 6.4156701660e+02 6.4158801270e+02 6.4159399414e+02 6.4159399414e+02 6.4159301758e+02 6.4159698486e+02 6.4161102295e+02 6.4161401367e+02 6.4161199951e+02 6.4159899902e+02 6.4163702393e+02 6.4169201660e+02 6.4169799805e+02 6.4175598145e+02 6.4182397461e+02 6.4184497070e+02 6.4188397217e+02 6.4197601318e+02 6.4206597900e+02 6.4213000488e+02 6.4221099854e+02 6.4228302002e+02 6.4233599854e+02 6.4240899658e+02 6.4246899414e+02 6.4250897217e+02 6.4256201172e+02 6.4259100342e+02 6.4262799072e+02 6.4266802979e+02 6.4259600830e+02 6.4299298096e+02 6.4400000000e+02 6.4477398682e+02 6.4515100098e+02 6.4579699707e+02 6.4629199219e+02
6.4123602295e+02 6.4124298096e+02 6.4125701904e+02 6.4125500488e+02 6.4123199463e+02 6.4123901367e+02 6.4129998779e+02 6.4145001221e+02 6.4153698730e+02 6.4157501221e+02 6.4160601807e+02 6.4159899902e+02 6.4161297607e+02 6.4162701416e+02 6.4162298584e+02 6.4163598633e+02 6.4163397217e+02 6.4163000488e+02 6.4162902832e+02 6.4165100098e+02 6.4176397705e+02 6.4180902100e+02 6.4179400635e+02 6.4175000000e+02 6.4177099609e+02 6.4185400391e+02 6.4193103027e+02 6.4200701904e+02 6.4208697510e+02 6.4217901611e+02 6.4225000000e+02 6.4230499268e+02 6.4237902832e+02 6.4243298340e+02 6.4248498535e+02 6.4254400635e+02 6.4258300781e+02 6.4263000488e+02 6.4265301514e+02 6.4265100098e+02 6.4300299072e+02 6.4348699951e+02 6.4298699951e+02 6.4339801025e+02 6.4445898438e+02 6.4549200439e+02
6.4122100830e+02 6.4123199463e+02 6.4126000977e+02 6.4125701904e+02 6.4126300049e+02 6.4132202148e+02 6.4143402100e+02 6.4151501465e+02 6.4154302979e+02 6.4159197998e+02 6.4167199707e+02 6.4171697998e+02 6.4177502441e+02 6.4180902100e+02 6.4179602051e+02 6.4177502441e+02 6.4176702881e+02 6.4180700684e+02 6.4180603027e+02 6.4175897217e+02 6.4178399658e+02 6.4179998779e+02 6.4179498291e+02 6.4179101563e+02 6.4180200195e+02 6.4183398438e+02 6.4189300537e+02 6.4196697998e+02 6.4204400635e+02 6.4214001465e+02 6.4221600342e+02 6.4226800537e+02 6.4234399414e+02 6.4240997314e+02 6.4246502686e+02 6.4253100586e+02 6.4257598877e+02 6.4262200928e+02 6.4266497803e+02 6.4265100098e+02 6.4279302979e+02 6.4298999023e+02 6.4278497314e+02 6.4301800537e+02 6.4369000244e+02 6.4435101318e+02
6.4123999023e+02 6.4126898193e+02 6.4130798340e+02 6.4133197021e+02 6.4137402344e+02 6.4141998291e+02 6.4145397949e+02 6.4148199463e+02 6.4148797607e+02 6.4153002930e+02 6.4160900879e+02 6.4169500732e+02 6.4177099609e+02 6.4180499268e+02 6.4179699707e+02 6.4173999023e+02 6.4174499512e+02 6.4182299805e+02 6.4183099365e+02 6.4177697754e+02 6.4174700928e+02 6.4173199463e+02 6.4177600098e+02 6.4181597900e+02 6.4183599854e+02 6.4184802246e+02 6.4189001465e+02 6.4194598389e+02 6.4200799561e+02 6.4209997559e+02 6.4217401123e+02 6.4222802734e+02 6.4229699707e+02 6.4237500000e+02 6.4244097900e+02 6.4250000000e+02 6.4254998779e+02 6.4259698486e+02 6.4265002441e+02 6.4267700195e+02 6.4268499756e+02 6.4271398926e+02 6.4275201416e+02 6.4290002441e+02 6.4310601807e+02 6.4329498291e+02
6.4128302002e+02 6.4131097412e+02 6.4130902100e+02 6.4128802490e+02 6.4130200195e+02 6.4129602051e+02 6.4125500488e+02 6.4128302002e+02 6.4130700684e+02 6.4133398438e+02 6.4138098145e+02 6.4146197510e+02 6.4152398682e+02 6.4155499268e+02 6.4158001709e+02 6.4154400635e+02 6.4156896973e+02 6.4164697266e+02 6.4167102051e+02 6.4167498779e+02 6.4169702148e+02 6.4171301270e+02 6.4176501465e+02 6.4181597900e+02 6.4186700439e+02 6.4188897705e+02 6.4192102051e+02 6.4195202637e+02 6.4198400879e+02 6.4205700684e+02 6.4213299561e+02 6.4220697021e+02 6.4227099609e+02 6.4233599854e+02 6.4240698242e+02 6.4246099854e+02 6.4251300049e+02 6.4256500244e+02 6.4262402344e+02 6.4267797852e+02 6.4269799805e+02 6.4270501709e+02 6.4274902344e+02 6.4277899170e+02 6.4276397705e+02 6.4267401123e+02
