TESTSERVER/19/10.asc
NCOLS 100
NROWS 100
XLLCORNER 8.4497500000e+03
YLLCORNER 2.8945025000e+05
CELLSIZE 5.0000000000e-01
NODATA_VALUE -9.9990000000e+03
[rows 40 to 59 of 100, columns 0 to 45 of 100]
6.4261602783e+02 6.4265997314e+02 6.4263098145e+02 6.4259497070e+02 6.4258697510e+02 6.4258398438e+02 6.4259197998e+02 6.4260101318e+02 6.4261401367e+02 6.4263897705e+02 6.4265698242e+02 6.4269396973e+02 6.4267797852e+02 6.4272302246e+02 6.4279998779e+02 6.4289300537e+02 6.4321899414e+02 6.4369799805e+02 6.4408801270e+02 6.4407000732e+02 6.4393402100e+02 6.4429101563e+02 6.4438500977e+02 6.4431701660e+02 6.4429199219e+02 6.4429998779e+02 6.4430700684e+02 6.4433300781e+02 6.4436499023e+02 6.4443798828e+02 6.4453497314e+02 6.4472900391e+02 6.4495501709e+02 6.4511102295e+02 6.4518597412e+02 6.4524597168e+02 6.4533300781e+02 6.4544396973e+02 6.4564801025e+02 6.4591699219e+02 6.4616699219e+02 6.4633001709e+02 6.4647198486e+02 6.4654400635e+02 6.4656201172e+02 6.4654602051e+02
6.4257299805e+02 6.4259698486e+02 6.4259997559e+02 6.4258801270e+02 6.4257397461e+02 6.4257299805e+02 6.4258197021e+02 6.4259698486e+02 6.4261602783e+02 6.4263702393e+02 6.4265698242e+02 6.4268499756e+02 6.4273101807e+02 6.4280999756e+02 6.4290899658e+02 6.4303601074e+02 6.4327301025e+02 6.4356799316e+02 6.4375897217e+02 6.4380603027e+02 6.4389898682e+02 6.4425097656e+02 6.4437200928e+02 6.4432098389e+02 6.4432202148e+02 6.4432501221e+02 6.4432598877e+02 6.4433099365e+02 6.4433300781e+02 6.4432501221e+02 6.4436798096e+02 6.4452001953e+02 6.4477001953e+02 6.4502099609e+02 6.4515899658e+02 6.4522601318e+02 6.4531701660e+02 6.4542602539e+02 6.4564202881e+02 6.4597698975e+02 6.4627899170e+02 6.4642797852e+02 6.4651898193e+02 6.4655999756e+02 6.4655499268e+02 6.4653302002e+02
6.4251898193e+02 6.4254797363e+02 6.4255700684e+02 6.4255499268e+02 6.4254797363e+02 6.4255297852e+02 6.4256896973e+02 6.4259301758e+02 6.4262200928e+02 6.4265399170e+02 6.4269097900e+02 6.4273498535e+02 6.4280102539e+02 6.4289501953e+02 6.4300897217e+02 6.4314001465e+02 6.4331896973e+02 6.4353997803e+02 6.4370397949e+02 6.4380499268e+02 6.4400000000e+02 6.4428399658e+02 6.4435601807e+02 6.4432397461e+02 6.4433599854e+02 6.4434301758e+02 6.4434497070e+02 6.4433599854e+02 6.4431799316e+02 6.4429302979e+02 6.4433697510e+02 6.4449200439e+02 6.4475500488e+02 6.4503497314e+02 6.4517901611e+02 6.4522900391e+02 6.4530401611e+02 6.4539599609e+02 6.4558300781e+02 6.4594000244e+02 6.4630297852e+02 6.4644702148e+02 6.4648797607e+02 6.4652099609e+02 6.4653997803e+02 6.4654400635e+02
6.4244500732e+02 6.4248400879e+02 6.4250097656e+02 6.4251000977e+02 6.4251300049e+02 6.4252899170e+02 6.4255401611e+02 6.4258801270e+02 6.4262701416e+02 6.4267297363e+02 6.4272698975e+02 6.4278698730e+02 6.4286798096e+02 6.4297399902e+02 6.4310400391e+02 6.4324102783e+02 6.4339801025e+02 6.4359497070e+02 6.4379498291e+02 6.4398101807e+02 6.4420697021e+02 6.4435498047e+02 6.4435498047e+02 6.4433502197e+02 6.4434600830e+02 6.4434997559e+02 6.4435302734e+02 6.4434197998e+02 6.4432098389e+02 6.4432397461e+02 6.4443499756e+02 6.4464801025e+02 6.4491802979e+02 6.4514300537e+02 6.4521997070e+02 6.4523901367e+02 6.4530200195e+02 6.4536798096e+02 6.4548901367e+02 6.4579699707e+02 6.4616998291e+02 6.4634899902e+02 6.4641198730e+02 6.4646502686e+02 6.4652502441e+02 6.4655401611e+02
6.4232897949e+02 6.4238800049e+02 6.4241900635e+02 6.4245001221e+02 6.4247399902e+02 6.4250201416e+02 6.4254602051e+02 6.4259002686e+02 6.4264697266e+02 6.4270300293e+02 6.4278302002e+02 6.4286102295e+02 6.4295898438e+02 6.4306097412e+02 6.4322302246e+02 6.4336999512e+02 6.4358502197e+02 6.4376300049e+02 6.4404199219e+02 6.4424298096e+02 6.4437701416e+02 6.4437298584e+02 6.4434802246e+02 6.4434802246e+02 6.4435198975e+02 6.4435601807e+02 6.4435601807e+02 6.4435302734e+02 6.4434002686e+02 6.4438500977e+02 6.4463098145e+02 6.4494097900e+02 6.4516601563e+02 6.4523901367e+02 6.4523797607e+02 6.4524102783e+02 6.4529998779e+02 6.4535302734e+02 6.4540100098e+02 6.4556500244e+02 6.4585699463e+02 6.4617700195e+02 6.4634802246e+02 6.4640997314e+02 6.4649499512e+02 6.4650701904e+02
6.4223400879e+02 6.4228802490e+02 6.4233801270e+02 6.4238098145e+02 6.4242199707e+02 6.4246600342e+02 6.4251898193e+02 6.4257702637e+02 6.4264001465e+02 6.4271600342e+02 6.4280200195e+02 6.4290002441e+02 6.4300000000e+02 6.4311901855e+02 6.4327600098e+02 6.4346099854e+02 6.4367297363e+02 6.4389697266e+02 6.4413000488e+02 6.4430700684e+02 6.4439599609e+02 6.4438500977e+02 6.4436297607e+02 6.4435101318e+02 6.4436102295e+02 6.4437097168e+02 6.4436401367e+02 6.4435101318e+02 6.4433502197e+02 6.4445501709e+02 6.4481799316e+02 6.4511901855e+02 6.4521398926e+02 6.4523199463e+02 6.4522302246e+02 6.4523400879e+02 6.4527099609e+02 6.4533398438e+02 6.4539099121e+02 6.4544500732e+02 6.4560400391e+02 6.4588598633e+02 6.4615600586e+02 6.4633801270e+02 6.4643701172e+02 6.4639697266e+02
6.4216302490e+02 6.4221801758e+02 6.4227398682e+02 6.4232397461e+02 6.4237298584e+02 6.4242700195e+02 6.4248602295e+02 6.4255102539e+02 6.4262200928e+02 6.4270397949e+02 6.4279400635e+02 6.4289599609e+02 6.4300201416e+02 6.4312799072e+02 6.4328802490e+02 6.4347497559e+02 6.4368902588e+02 6.4391302490e+02 6.4412799072e+02 6.4428997803e+02 6.4438000488e+02 6.4439099121e+02 6.4438098145e+02 6.4436901855e+02 6.4437200928e+02 6.4437097168e+02 6.4435400391e+02 6.4434802246e+02 6.4438098145e+02 6.4455700684e+02 6.4490197754e+02 6.4514099121e+02 6.4521899414e+02 6.4523999023e+02 6.4521301270e+02 6.4522100830e+02 6.4526098633e+02 6.4532000732e+02 6.4537701416e+02 6.4542199707e+02 6.4548602295e+02 6.4562902832e+02 6.4591198730e+02 6.4619897461e+02 6.4628399658e+02 6.4619500732e+02
6.4210101318e+02 6.4215802002e+02 6.4221697998e+02 6.4227301025e+02 6.4232702637e+02 6.4238800049e+02 6.4245098877e+02 6.4252099609e+02 6.4259698486e+02 6.4268103027e+02 6.4277099609e+02 6.4287200928e+02 6.4297998047e+02 6.4310900879e+02 6.4326501465e+02 6.4344799805e+02 6.4365698242e+02 6.4387097168e+02 6.4406799316e+02 6.4421502686e+02 6.4431597900e+02 6.4436602783e+02 6.4439501953e+02 6.4439501953e+02 6.4438897705e+02 6.4437097168e+02 6.4435998535e+02 6.4440502930e+02 6.4450598145e+02 6.4465301514e+02 6.4488000488e+02 6.4508099365e+02 6.4519598389e+02 6.4523999023e+02 6.4522198486e+02 6.4522302246e+02 6.4525897217e+02 6.4529998779e+02 6.4533599854e+02 6.4540100098e+02 6.4546197510e+02 6.4550097656e+02 6.4569299316e+02 6.4597998047e+02 6.4606500244e+02 6.4601098633e+02
6.4205902100e+02 6.4211401367e+02 6.4217498779e+02 6.4222698975e+02 6.4228399658e+02 6.4234600830e+02 6.4241101074e+02 6.4248400879e+02 6.4255798340e+02 6.4264202881e+02 6.4271899414e+02 6.4281896973e+02 6.4291900635e+02 6.4304797363e+02 6.4317498779e+02 6.4335699463e+02 6.4352398682e+02 6.4373699951e+02 6.4388897705e+02 6.4405902100e+02 6.4416302490e+02 6.4426898193e+02 6.4433697510e+02 6.4439801025e+02 6.4440899658e+02 6.4439898682e+02 6.4441699219e+02 6.4450799561e+02 6.4461798096e+02 6.4467199707e+02 6.4472802734e+02 6.4489202881e+02 6.4507501221e+02 6.4519702148e+02 6.4523199463e+02 6.4523699951e+02 6.4525500488e+02 6.4528601074e+02 6.4530700684e+02 6.4536901855e+02 6.4543597412e+02 6.4548199463e+02 6.4559600830e+02 6.4577001953e+02 6.4584497070e+02 6.4597900391e+02
6.4201800537e+02 6.4207800293e+02 6.4213397217e+02 6.4218701172e+02 6.4224298096e+02 6.4230401611e+02 6.4236999512e+02 6.4244000244e+02 6.4250897217e+02 6.4258099365e+02 6.4265600586e+02 6.4274298096e+02 6.4283898926e+02 6.4295397949e+02 6.4308398438e+02 6.4323602295e+02 6.4340301514e+02 6.4358502197e+02 6.4375000000e+02 6.4389898682e+02 6.4402398682e+02 6.4413299561e+02 6.4424700928e+02 6.4433898926e+02 6.4440899658e+02 6.4445098877e+02 6.4447900391e+02 6.4454498291e+02 6.4460302734e+02 6.4463098145e+02 6.4464697266e+02 6.4469500732e+02 6.4484002686e+02 6.4504998779e+02 6.4518701172e+02 6.4523901367e+02 6.4526898193e+02 6.4528802490e+02 6.4529302979e+02 6.4534802246e+02 6.4541998291e+02 6.4553198242e+02 6.4567498779e+02 6.4575799561e+02 6.4586401367e+02 6.4615997314e+02
6.4197302246e+02 6.4203198242e+02 6.4208898926e+02 6.4214501953e+02 6.4220202637e+02 6.4226397705e+02 6.4232800293e+02 6.4239501953e+02 6.4245898438e+02 6.4252600098e+02 6.4259802246e+02 6.4267999268e+02 6.4277099609e+02 6.4287902832e+02 6.4300299072e+02 6.4314501953e+02 6.4330200195e+02 6.4347399902e+02 6.4362799072e+02 6.4377697754e+02 6.4391101074e+02 6.4403900146e+02 6.4417700195e+02 6.4429797363e+02 6.4439697266e+02 6.4447100830e+02 6.4452398682e+02 6.4456896973e+02 6.4458300781e+02 6.4459100342e+02 6.4460998535e+02 6.4460900879e+02 6.4465399170e+02 6.4481896973e+02 6.4501098633e+02 6.4515100098e+02 6.4524902344e+02 6.4528997803e+02 6.4528399658e+02 6.4532299805e+02 6.4543200684e+02 6.4557702637e+02 6.4569000244e+02 6.4578497314e+02 6.4598297119e+02 6.4638702393e+02
6.4192700195e+02 6.4198498535e+02 6.4204400635e+02 6.4210101318e+02 6.4215997314e+02 6.4222100830e+02 6.4228399658e+02 6.4234899902e+02 6.4240899658e+02 6.4247198486e+02 6.4254101563e+02 6.4261901855e+02 6.4270501709e+02 6.4280700684e+02 6.4292602539e+02 6.4305798340e+02 6.4320098877e+02 6.4336102295e+02 6.4350701904e+02 6.4365997314e+02 6.4380603027e+02 6.4395501709e+02 6.4411102295e+02 6.4425598145e+02 6.4437597656e+02 6.4447601318e+02 6.4454901123e+02 6.4457098389e+02 6.4455700684e+02 6.4455102539e+02 6.4457702637e+02 6.4459399414e+02 6.4459698486e+02 6.4465002441e+02 6.4477697754e+02 6.4495898438e+02 6.4515502930e+02 6.4527099609e+02 6.4530297852e+02 6.4535601807e+02 6.4547900391e+02 6.4556701660e+02 6.4563299561e+02 6.4584197998e+02 6.4615899658e+02 6.4657702637e+02
6.4188000488e+02 6.4193701172e+02 6.4199597168e+02 6.4205603027e+02 6.4211602783e+02 6.4217700195e+02 6.4223999023e+02 6.4229998779e+02 6.4235699463e+02 6.4241802979e+02 6.4248400879e+02 6.4255700684e+02 6.4264398193e+02 6.4274798584e+02 6.4285302734e+02 6.4296600342e+02 6.4307202148e+02 6.4323297119e+02 6.4338397217e+02 6.4354498291e+02 6.4372698975e+02 6.4388897705e+02 6.4406896973e+02 6.4421600342e+02 6.4433099365e+02 6.4445501709e+02 6.4452301025e+02 6.4455200195e+02 6.4453900146e+02 6.4453399658e+02 6.4454101563e+02 6.4456097412e+02 6.4459802246e+02 6.4461102295e+02 6.4462799072e+02 6.4473602295e+02 6.4492901611e+02 6.4515600586e+02 6.4529101563e+02 6.4539001465e+02 6.4546099854e+02 6.4550000000e+02 6.4564599609e+02 6.4594299316e+02 6.4636199951e+02 6.4667102051e+02
6.4183001709e+02 6.4188800049e+02 6.4194799805e+02 6.4200799561e+02 6.4206896973e+02 6.4213000488e+02 6.4219097900e+02 6.4225097656e+02 6.4230798340e+02 6.4236798096e+02 6.4243597412e+02 6.4251501465e+02 6.4260699463e+02 6.4270697021e+02 6.4279699707e+02 6.4289202881e+02 6.4300201416e+02 6.4314697266e+02 6.4330200195e+02 6.4347601318e+02 6.4366998291e+02 6.4386199951e+02 6.4404699707e+02 6.4420098877e+02 6.4432202148e+02 6.4442797852e+02 6.4449700928e+02 6.4452600098e+02 6.4452398682e+02 6.4453302002e+02 6.4453997803e+02 6.4454199219e+02 6.4456298828e+02 6.4459100342e+02 6.4464001465e+02 6.4466900635e+02 6.4476501465e+02 6.4498199463e+02 6.4518200684e+02 6.4531298828e+02 6.4539697266e+02 6.4547998047e+02 6.4567102051e+02 6.4599902344e+02 6.4635699463e+02 6.4658697510e+02
6.4177801514e+02 6.4183697510e+02 6.4189801025e+02 6.4195800781e+02 6.4202001953e+02 6.4208197021e+02 6.4214300537e+02 6.4220202637e+02 6.4225897217e+02 6.4232000732e+02 6.4239202881e+02 6.4247497559e+02 6.4256500244e+02 6.4265698242e+02 6.4273999023e+02 6.4282897949e+02 6.4293402100e+02 6.4307397461e+02 6.4322698975e+02 6.4340502930e+02 6.4361102295e+02 6.4383099365e+02 6.4403698730e+02 6.4421197510e+02 6.4433697510e+02 6.4443200684e+02 6.4449401855e+02 6.4451800537e+02 6.4451800537e+02 6.4453302002e+02 6.4454199219e+02 6.4453698730e+02 6.4453698730e+02 6.4454998779e+02 6.4463299561e+02 6.4466302490e+02 6.4469000244e+02 6.4489501953e+02 6.4513299561e+02 6.4528601074e+02 6.4537597656e+02 6.4546697998e+02 6.4565399170e+02 6.4593200684e+02 6.4620202637e+02 6.4639001465e+02
6.4172399902e+02 6.4178497314e+02 6.4184698486e+02 6.4190802002e+02 6.4196997070e+02 6.4203198242e+02 6.4209301758e+02 6.4215197754e+02 6.4220898438e+02 6.4227197266e+02 6.4234698486e+02 6.4243402100e+02 6.4252001953e+02 6.4260302734e+02 6.4268103027e+02 6.4276501465e+02 6.4286499023e+02 6.4299798584e+02 6.4314599609e+02 6.4332397461e+02 6.4354101563e+02 6.4379199219e+02 6.4403198242e+02 6.4424102783e+02 6.4437402344e+02 6.4445800781e+02 6.4451000977e+02 6.4452502441e+02 6.4452398682e+02 6.4453399658e+02 6.4454101563e+02 6.4453997803e+02 6.4453698730e+02 6.4451800537e+02 6.4456201172e+02 6.4460400391e+02 6.4465002441e+02 6.4486999512e+02 6.4513201904e+02 6.4529101563e+02 6.4537298584e+02 6.4545300293e+02 6.4560797119e+02 6.4581201172e+02 6.4599298096e+02 6.4615197754e+02
6.4166601563e+02 6.4172802734e+02 6.4179199219e+02 6.4185498047e+02 6.4191497803e+02 6.4197802734e+02 6.4203601074e+02 6.4210101318e+02 6.4216802979e+02 6.4223400879e+02 6.4231097412e+02 6.4238897705e+02 6.4246899414e+02 6.4256402588e+02 6.4265802002e+02 6.4271899414e+02 6.4281097412e+02 6.4291302490e+02 6.4304400635e+02 6.4323400879e+02 6.4349499512e+02 6.4376800537e+02 6.4410101318e+02 6.4426300049e+02 6.4446697998e+02 6.4451898193e+02 6.4455902100e+02 6.4452600098e+02 6.4453399658e+02 6.4453802490e+02 6.4453802490e+02 6.4453698730e+02 6.4453997803e+02 6.4451800537e+02 6.4451300049e+02 6.4454901123e+02 6.4464697266e+02 6.4486602783e+02 6.4510601807e+02 6.4529101563e+02 6.4540100098e+02 6.4546398926e+02 6.4558502197e+02 6.4572900391e+02 6.4586297607e+02 6.4597497559e+02
6.4159899902e+02 6.4166699219e+02 6.4173498535e+02 6.4180102539e+02 6.4186297607e+02 6.4192401123e+02 6.4198297119e+02 6.4204602051e+02 6.4211401367e+02 6.4218701172e+02 6.4225500488e+02 6.4232202148e+02 6.4240502930e+02 6.4250500488e+02 6.4257598877e+02 6.4263800049e+02 6.4269897461e+02 6.4277301025e+02 6.4291101074e+02 6.4312799072e+02 6.4338299561e+02 6.4361901855e+02 6.4388598633e+02 6.4406597900e+02 6.4432098389e+02 6.4450097656e+02 6.4460302734e+02 6.4454199219e+02 6.4453002930e+02 6.4453302002e+02 6.4453497314e+02 6.4453698730e+02 6.4454302979e+02 6.4453198242e+02 6.4452899170e+02 6.4455102539e+02 6.4465802002e+02 6.4486199951e+02 6.4508001709e+02 6.4527197266e+02 6.4537402344e+02 6.4543701172e+02 6.4551000977e+02 6.4561297607e+02 6.4573400879e+02 6.4585302734e+02
6.4154101563e+02 6.4161199951e+02 6.4168298340e+02 6.4175000000e+02 6.4181402588e+02 6.4187402344e+02 6.4193200684e+02 6.4199200439e+02 6.4205798340e+02 6.4212799072e+02 6.4219201660e+02 6.4225097656e+02 6.4232501221e+02 6.4241198730e+02 6.4246899414e+02 6.4251800537e+02 6.4256298828e+02 6.4262097168e+02 6.4276098633e+02 6.4296801758e+02 6.4316900635e+02 6.4334002686e+02 6.4356701660e+02 6.4372100830e+02 6.4397497559e+02 6.4429797363e+02 6.4459997559e+02 6.4458697510e+02 6.4454199219e+02 6.4453399658e+02 6.4453698730e+02 6.4454101563e+02 6.4454199219e+02 6.4453002930e+02 6.4454101563e+02 6.4456402588e+02 6.4465502930e+02 6.4484497070e+02 6.4504400635e+02 6.4523901367e+02 6.4532702637e+02 6.4536798096e+02 6.4541900635e+02 6.4548797607e+02 6.4557501221e+02 6.4566601563e+02
6.4149102783e+02 6.4156201172e+02 6.4163397217e+02 6.4170300293e+02 6.4176702881e+02 6.4182702637e+02 6.4188201904e+02 6.4193798828e+02 6.4200299072e+02 6.4206701660e+02 6.4212500000e+02 6.4217401123e+02 6.4223602295e+02 6.4230798340e+02 6.4235101318e+02 6.4238598633e+02 6.4241497803e+02 6.4245898438e+02 6.4258099365e+02 6.4275799561e+02 6.4288800049e+02 6.4297802734e+02 6.4312902832e+02 6.4323199463e+02 6.4345397949e+02 6.4393798828e+02 6.4453601074e+02 6.4463098145e+02 6.4455902100e+02 6.4454199219e+02 6.4454699707e+02 6.4454998779e+02 6.4455102539e+02 6.4453997803e+02 6.4455200195e+02 6.4456402588e+02 6.4462701416e+02 6.4478698730e+02 6.4496502686e+02 6.4516802979e+02 6.4526000977e+02 6.4530200195e+02 6.4534002686e+02 6.4538098145e+02 6.4544201660e+02 6.4548498535e+02
