TESTSERVER/19/11.asc
NCOLS 100
NROWS 100
XLLCORNER 8.4497500000e+03
YLLCORNER 2.8940025000e+05
CELLSIZE 5.0000000000e-01
NODATA_VALUE -9.9990000000e+03
[rows 60 to 79 of 100, columns 0 to 45 of 100]
6.4024401855e+02 6.4021801758e+02 6.4021398926e+02 6.4022497559e+02 6.4022399902e+02 6.4020300293e+02 6.4017102051e+02 6.4017700195e+02 6.4017797852e+02 6.4015698242e+02 6.4011297607e+02 6.4014398193e+02 6.4015997314e+02 6.4018103027e+02 6.4017797852e+02 6.4017498779e+02 6.4018902588e+02 6.4019000244e+02 6.4018597412e+02 6.4018597412e+02 6.4018298340e+02 6.4019299316e+02 6.4019702148e+02 6.4021301270e+02 6.4022497559e+02 6.4025201416e+02 6.4027697754e+02 6.4028302002e+02 6.4031799316e+02 6.4035302734e+02 6.4037402344e+02 6.4040899658e+02 6.4044598389e+02 6.4046997070e+02 6.4048602295e+02 6.4052197266e+02 6.4056298828e+02 6.4059002686e+02 6.4060998535e+02 6.4066699219e+02 6.4069000244e+02 6.4071600342e+02 6.4077197266e+02 6.4084497070e+02 6.4088598633e+02 6.4092999268e+02
6.4028100586e+02 6.4025000000e+02 6.4024499512e+02 6.4024798584e+02 6.4024597168e+02 6.4022998047e+02 6.4019500732e+02 6.4019702148e+02 6.4020898438e+02 6.4019702148e+02 6.4017199707e+02 6.4018902588e+02 6.4019097900e+02 6.4020898438e+02 6.4021197510e+02 6.4021099854e+02 6.4021697998e+02 6.4020501709e+02 6.4019500732e+02 6.4019702148e+02 6.4019299316e+02 6.4020800781e+02 6.4022198486e+02 6.4023199463e+02 6.4023297119e+02 6.4026202393e+02 6.4029602051e+02 6.4030200195e+02 6.4032501221e+02 6.4034698486e+02 6.4036700439e+02 6.4040698242e+02 6.4044702148e+02 6.4046697998e+02 6.4048797607e+02 6.4051000977e+02 6.4055102539e+02 6.4059399414e+02 6.4061901855e+02 6.4066101074e+02 6.4068499756e+02 6.4072399902e+02 6.4076702881e+02 6.4082000732e+02 6.4087097168e+02 6.4092401123e+02
6.4031500244e+02 6.4028497314e+02 6.4028198242e+02 6.4028002930e+02 6.4028100586e+02 6.4026397705e+02 6.4023400879e+02 6.4022399902e+02 6.4022497559e+02 6.4021600342e+02 6.4021899414e+02 6.4021997070e+02 6.4022100830e+02 6.4024401855e+02 6.4024499512e+02 6.4024102783e+02 6.4024401855e+02 6.4022802734e+02 6.4022100830e+02 6.4023199463e+02 6.4023101807e+02 6.4024700928e+02 6.4025701904e+02 6.4025000000e+02 6.4024401855e+02 6.4027899170e+02 6.4031896973e+02 6.4033001709e+02 6.4034399414e+02 6.4034899902e+02 6.4036499023e+02 6.4040802002e+02 6.4045098877e+02 6.4046502686e+02 6.4048400879e+02 6.4048901367e+02 6.4052801514e+02 6.4057702637e+02 6.4060900879e+02 6.4065600586e+02 6.4068402100e+02 6.4071997070e+02 6.4076000977e+02 6.4081701660e+02 6.4086901855e+02 6.4091302490e+02
6.4034698486e+02 6.4032098389e+02 6.4032098389e+02 6.4032000732e+02 6.4032397461e+02 6.4030499268e+02 6.4026898193e+02 6.4025097656e+02 6.4023999023e+02 6.4023602295e+02 6.4025000000e+02 6.4023901367e+02 6.4024499512e+02 6.4026300049e+02 6.4026501465e+02 6.4026501465e+02 6.4027301025e+02 6.4026800537e+02 6.4026599121e+02 6.4027899170e+02 6.4027697754e+02 6.4028497314e+02 6.4028802490e+02 6.4027899170e+02 6.4026702881e+02 6.4029797363e+02 6.4034497070e+02 6.4035302734e+02 6.4036602783e+02 6.4036499023e+02 6.4037298584e+02 6.4041198730e+02 6.4045397949e+02 6.4046398926e+02 6.4046899414e+02 6.4047998047e+02 6.4051898193e+02 6.4055999756e+02 6.4058898926e+02 6.4064398193e+02 6.4068597412e+02 6.4071697998e+02 6.4075402832e+02 6.4080499268e+02 6.4085797119e+02 6.4089898682e+02
6.4038397217e+02 6.4036102295e+02 6.4035198975e+02 6.4034899902e+02 6.4035900879e+02 6.4033398438e+02 6.4029302979e+02 6.4027801514e+02 6.4026202393e+02 6.4026098633e+02 6.4026800537e+02 6.4027697754e+02 6.4028198242e+02 6.4028698730e+02 6.4028002930e+02 6.4028900146e+02 6.4030499268e+02 6.4031597900e+02 6.4032299805e+02 6.4032897949e+02 6.4031799316e+02 6.4031500244e+02 6.4032098389e+02 6.4031500244e+02 6.4030297852e+02 6.4032299805e+02 6.4037402344e+02 6.4037298584e+02 6.4038299561e+02 6.4039300537e+02 6.4040100098e+02 6.4042602539e+02 6.4045800781e+02 6.4047399902e+02 6.4047399902e+02 6.4048400879e+02 6.4051300049e+02 6.4054998779e+02 6.4058697510e+02 6.4064898682e+02 6.4069799805e+02 6.4071997070e+02 6.4074499512e+02 6.4079199219e+02 6.4085601807e+02 6.4091198730e+02
6.4042700195e+02 6.4039300537e+02 6.4038500977e+02 6.4039501953e+02 6.4039001465e+02 6.4035998535e+02 6.4034100342e+02 6.4032397461e+02 6.4029998779e+02 6.4029302979e+02 6.4029302979e+02 6.4030499268e+02 6.4031402588e+02 6.4033502197e+02 6.4032598877e+02 6.4033197021e+02 6.4033801270e+02 6.4033801270e+02 6.4034698486e+02 6.4035601807e+02 6.4033898926e+02 6.4033599854e+02 6.4033801270e+02 6.4034100342e+02 6.4032800293e+02 6.4033697510e+02 6.4037298584e+02 6.4039501953e+02 6.4040399170e+02 6.4040802002e+02 6.4041497803e+02 6.4044000244e+02 6.4046899414e+02 6.4048699951e+02 6.4048602295e+02 6.4048297119e+02 6.4051501465e+02 6.4055798340e+02 6.4058099365e+02 6.4062799072e+02 6.4066101074e+02 6.4068701172e+02 6.4072900391e+02 6.4078002930e+02 6.4085302734e+02 6.4091497803e+02
6.4046801758e+02 6.4042999268e+02 6.4042102051e+02 6.4042102051e+02 6.4041601563e+02 6.4039697266e+02 6.4038500977e+02 6.4036999512e+02 6.4033898926e+02 6.4032897949e+02 6.4033502197e+02 6.4032501221e+02 6.4033001709e+02 6.4036798096e+02 6.4036999512e+02 6.4036499023e+02 6.4036297607e+02 6.4034600830e+02 6.4034802246e+02 6.4036102295e+02 6.4034899902e+02 6.4034899902e+02 6.4034997559e+02 6.4036199951e+02 6.4035699463e+02 6.4036401367e+02 6.4039001465e+02 6.4041802979e+02 6.4042498779e+02 6.4042199707e+02 6.4042700195e+02 6.4044897461e+02 6.4047497559e+02 6.4050000000e+02 6.4050299072e+02 6.4049102783e+02 6.4051898193e+02 6.4055999756e+02 6.4057800293e+02 6.4063299561e+02 6.4067498779e+02 6.4069000244e+02 6.4072100830e+02 6.4076702881e+02 6.4082202148e+02 6.4087902832e+02
6.4050701904e+02 6.4047399902e+02 6.4046600342e+02 6.4046099854e+02 6.4046398926e+02 6.4044299316e+02 6.4041900635e+02 6.4041601563e+02 6.4038397217e+02 6.4036602783e+02 6.4037799072e+02 6.4035498047e+02 6.4034997559e+02 6.4039202881e+02 6.4040399170e+02 6.4039697266e+02 6.4039398193e+02 6.4036901855e+02 6.4035998535e+02 6.4037799072e+02 6.4037597656e+02 6.4037902832e+02 6.4037597656e+02 6.4038201904e+02 6.4037597656e+02 6.4038702393e+02 6.4041400146e+02 6.4043597412e+02 6.4044702148e+02 6.4044396973e+02 6.4043597412e+02 6.4045599365e+02 6.4048199463e+02 6.4050299072e+02 6.4050500488e+02 6.4049200439e+02 6.4051702881e+02 6.4055102539e+02 6.4056896973e+02 6.4062298584e+02 6.4066998291e+02 6.4068902588e+02 6.4070898438e+02 6.4075598145e+02 6.4080798340e+02 6.4086297607e+02
6.4054602051e+02 6.4052502441e+02 6.4052197266e+02 6.4050598145e+02 6.4049700928e+02 6.4046997070e+02 6.4044702148e+02 6.4045202637e+02 6.4042498779e+02 6.4039801025e+02 6.4039697266e+02 6.4038299561e+02 6.4037902832e+02 6.4041198730e+02 6.4042199707e+02 6.4043499756e+02 6.4043701172e+02 6.4041198730e+02 6.4039202881e+02 6.4040698242e+02 6.4040802002e+02 6.4041101074e+02 6.4040802002e+02 6.4040002441e+02 6.4038800049e+02 6.4039501953e+02 6.4041601563e+02 6.4043402100e+02 6.4045599365e+02 6.4045599365e+02 6.4044201660e+02 6.4046600342e+02 6.4049798584e+02 6.4051300049e+02 6.4051599121e+02 6.4050500488e+02 6.4051702881e+02 6.4054400635e+02 6.4056298828e+02 6.4061499023e+02 6.4065997314e+02 6.4069799805e+02 6.4071398926e+02 6.4076098633e+02 6.4081799316e+02 6.4086297607e+02
6.4058898926e+02 6.4056799316e+02 6.4056097412e+02 6.4053900146e+02 6.4052197266e+02 6.4050500488e+02 6.4048901367e+02 6.4048101807e+02 6.4044396973e+02 6.4041601563e+02 6.4042901611e+02 6.4041802979e+02 6.4040502930e+02 6.4042797852e+02 6.4044097900e+02 6.4045800781e+02 6.4045501709e+02 6.4042901611e+02 6.4041400146e+02 6.4042797852e+02 6.4043103027e+02 6.4042901611e+02 6.4042199707e+02 6.4041497803e+02 6.4040002441e+02 6.4040899658e+02 6.4042297363e+02 6.4044000244e+02 6.4047198486e+02 6.4047399902e+02 6.4046997070e+02 6.4049700928e+02 6.4052697754e+02 6.4052899170e+02 6.4051898193e+02 6.4049700928e+02 6.4051300049e+02 6.4055200195e+02 6.4056597900e+02 6.4061297607e+02 6.4065600586e+02 6.4069702148e+02 6.4071398926e+02 6.4076702881e+02 6.4081500244e+02 6.4085900879e+02
6.4063702393e+02 6.4061401367e+02 6.4060198975e+02 6.4058197021e+02 6.4056701660e+02 6.4054998779e+02 6.4052099609e+02 6.4050299072e+02 6.4047399902e+02 6.4046002197e+02 6.4046899414e+02 6.4045599365e+02 6.4044598389e+02 6.4046899414e+02 6.4047698975e+02 6.4048297119e+02 6.4047399902e+02 6.4045001221e+02 6.4044097900e+02 6.4045202637e+02 6.4045397949e+02 6.4045300293e+02 6.4043701172e+02 6.4042498779e+02 6.4040600586e+02 6.4042199707e+02 6.4045397949e+02 6.4047302246e+02 6.4049401855e+02 6.4049401855e+02 6.4048999023e+02 6.4049700928e+02 6.4052398682e+02 6.4053497314e+02 6.4053302002e+02 6.4050799561e+02 6.4052099609e+02 6.4055999756e+02 6.4057501221e+02 6.4061901855e+02 6.4066302490e+02 6.4070098877e+02 6.4071002197e+02 6.4076098633e+02 6.4081402588e+02 6.4086602783e+02
6.4067602539e+02 6.4065301514e+02 6.4063800049e+02 6.4062402344e+02 6.4060797119e+02 6.4058898926e+02 6.4055200195e+02 6.4053302002e+02 6.4051202393e+02 6.4050598145e+02 6.4051702881e+02 6.4049597168e+02 6.4048999023e+02 6.4052502441e+02 6.4052398682e+02 6.4051501465e+02 6.4050201416e+02 6.4048297119e+02 6.4048101807e+02 6.4048400879e+02 6.4047802734e+02 6.4047601318e+02 6.4045697021e+02 6.4044702148e+02 6.4043298340e+02 6.4044799805e+02 6.4048199463e+02 6.4049200439e+02 6.4050701904e+02 6.4050500488e+02 6.4049798584e+02 6.4050097656e+02 6.4052600098e+02 6.4053497314e+02 6.4053497314e+02 6.4051800537e+02 6.4052899170e+02 6.4056097412e+02 6.4058398438e+02 6.4062701416e+02 6.4067700195e+02 6.4071600342e+02 6.4072399902e+02 6.4076800537e+02 6.4081701660e+02 6.4087298584e+02
6.4071002197e+02 6.4069396973e+02 6.4067797852e+02 6.4065301514e+02 6.4063598633e+02 6.4062097168e+02 6.4058801270e+02 6.4059301758e+02 6.4056597900e+02 6.4054302979e+02 6.4054998779e+02 6.4052197266e+02 6.4052099609e+02 6.4056402588e+02 6.4056097412e+02 6.4054699707e+02 6.4053900146e+02 6.4052398682e+02 6.4052697754e+02 6.4053002930e+02 6.4051300049e+02 6.4050701904e+02 6.4049200439e+02 6.4047497559e+02 6.4047100830e+02 6.4047900391e+02 6.4049597168e+02 6.4052197266e+02 6.4053497314e+02 6.4052899170e+02 6.4052001953e+02 6.4053302002e+02 6.4054797363e+02 6.4053900146e+02 6.4053198242e+02 6.4052899170e+02 6.4054400635e+02 6.4056402588e+02 6.4058502197e+02 6.4064501953e+02 6.4069598389e+02 6.4072900391e+02 6.4074902344e+02 6.4079699707e+02 6.4083398438e+02 6.4088897705e+02
6.4073498535e+02 6.4071801758e+02 6.4069396973e+02 6.4069000244e+02 6.4067700195e+02 6.4066198730e+02 6.4063098145e+02 6.4063897705e+02 6.4060797119e+02 6.4057702637e+02 6.4058599854e+02 6.4057098389e+02 6.4056597900e+02 6.4059497070e+02 6.4058197021e+02 6.4057501221e+02 6.4056701660e+02 6.4054998779e+02 6.4056097412e+02 6.4056097412e+02 6.4054302979e+02 6.4053900146e+02 6.4052801514e+02 6.4051898193e+02 6.4050897217e+02 6.4051202393e+02 6.4052899170e+02 6.4054998779e+02 6.4055499268e+02 6.4054602051e+02 6.4054602051e+02 6.4056799316e+02 6.4057800293e+02 6.4056097412e+02 6.4054498291e+02 6.4054602051e+02 6.4056298828e+02 6.4058398438e+02 6.4061297607e+02 6.4066802979e+02 6.4072100830e+02 6.4075799561e+02 6.4077697754e+02 6.4080902100e+02 6.4085198975e+02 6.4091497803e+02
6.4078302002e+02 6.4077099609e+02 6.4074298096e+02 6.4073797607e+02 6.4071997070e+02 6.4070202637e+02 6.4066998291e+02 6.4067700195e+02 6.4064801025e+02 6.4062402344e+02 6.4063098145e+02 6.4061499023e+02 6.4060101318e+02 6.4061901855e+02 6.4060797119e+02 6.4060302734e+02 6.4059100342e+02 6.4058197021e+02 6.4059301758e+02 6.4059100342e+02 6.4057702637e+02 6.4056896973e+02 6.4054998779e+02 6.4054400635e+02 6.4053900146e+02 6.4054699707e+02 6.4056298828e+02 6.4057897949e+02 6.4057897949e+02 6.4056298828e+02 6.4056597900e+02 6.4059301758e+02 6.4060797119e+02 6.4059197998e+02 6.4057000732e+02 6.4056500244e+02 6.4057598877e+02 6.4060400391e+02 6.4063702393e+02 6.4068103027e+02 6.4073400879e+02 6.4077600098e+02 6.4079400635e+02 6.4082299805e+02 6.4086999512e+02 6.4092901611e+02
6.4082299805e+02 6.4080999756e+02 6.4078497314e+02 6.4077801514e+02 6.4077301025e+02 6.4075500488e+02 6.4070800781e+02 6.4071197510e+02 6.4068200684e+02 6.4065899658e+02 6.4066802979e+02 6.4065100098e+02 6.4063500977e+02 6.4065197754e+02 6.4065399170e+02 6.4064599609e+02 6.4062701416e+02 6.4061999512e+02 6.4062402344e+02 6.4062402344e+02 6.4061499023e+02 6.4060498047e+02 6.4058502197e+02 6.4056896973e+02 6.4056298828e+02 6.4057299805e+02 6.4059100342e+02 6.4060900879e+02 6.4060400391e+02 6.4058300781e+02 6.4059197998e+02 6.4062799072e+02 6.4063500977e+02 6.4061401367e+02 6.4059197998e+02 6.4059100342e+02 6.4061102295e+02 6.4064599609e+02 6.4066601563e+02 6.4069500732e+02 6.4074102783e+02 6.4078198242e+02 6.4080603027e+02 6.4084399414e+02 6.4088702393e+02 6.4093499756e+02
6.4087298584e+02 6.4085101318e+02 6.4083398438e+02 6.4081402588e+02 6.4082000732e+02 6.4079699707e+02 6.4075402832e+02 6.4074902344e+02 6.4071502686e+02 6.4069097900e+02 6.4070098877e+02 6.4069702148e+02 6.4068701172e+02 6.4070300293e+02 6.4071600342e+02 6.4068200684e+02 6.4066400146e+02 6.4066601563e+02 6.4067102051e+02 6.4065197754e+02 6.4063702393e+02 6.4062799072e+02 6.4062902832e+02 6.4060601807e+02 6.4059100342e+02 6.4059802246e+02 6.4062097168e+02 6.4063000488e+02 6.4062298584e+02 6.4061199951e+02 6.4062097168e+02 6.4065197754e+02 6.4065502930e+02 6.4064099121e+02 6.4062902832e+02 6.4062200928e+02 6.4064697266e+02 6.4068701172e+02 6.4070300293e+02 6.4071301270e+02 6.4074200439e+02 6.4078497314e+02 6.4081500244e+02 6.4085101318e+02 6.4089099121e+02 6.4093798828e+02
6.4091400146e+02 6.4088299561e+02 6.4086499023e+02 6.4085900879e+02 6.4085198975e+02 6.4082800293e+02 6.4080102539e+02 6.4079901123e+02 6.4077197266e+02 6.4074200439e+02 6.4075097656e+02 6.4074700928e+02 6.4073699951e+02 6.4074798584e+02 6.4074200439e+02 6.4071600342e+02 6.4069897461e+02 6.4069000244e+02 6.4068798828e+02 6.4067700195e+02 6.4065399170e+02 6.4064898682e+02 6.4065899658e+02 6.4065002441e+02 6.4064801025e+02 6.4065997314e+02 6.4067700195e+02 6.4068103027e+02 6.4066302490e+02 6.4065002441e+02 6.4066101074e+02 6.4067401123e+02 6.4067297363e+02 6.4066900635e+02 6.4066998291e+02 6.4065802002e+02 6.4066802979e+02 6.4070397949e+02 6.4072802734e+02 6.4073999023e+02 6.4076501465e+02 6.4080200195e+02 6.4082397461e+02 6.4086297607e+02 6.4091802979e+02 6.4097100830e+02
6.4094500732e+02 6.4091198730e+02 6.4089300537e+02 6.4089801025e+02 6.4088598633e+02 6.4086700439e+02 6.4085198975e+02 6.4084899902e+02 6.4082598877e+02 6.4079498291e+02 6.4079302979e+02 6.4078497314e+02 6.4077001953e+02 6.4077197266e+02 6.4076202393e+02 6.4074798584e+02 6.4073199463e+02 6.4071899414e+02 6.4071398926e+02 6.4071099854e+02 6.4068103027e+02 6.4067602539e+02 6.4069000244e+02 6.4068597412e+02 6.4070001221e+02 6.4071801758e+02 6.4072802734e+02 6.4072198486e+02 6.4069799805e+02 6.4068200684e+02 6.4070098877e+02 6.4071301270e+02 6.4070098877e+02 6.4069000244e+02 6.4069201660e+02 6.4069000244e+02 6.4069897461e+02 6.4073101807e+02 6.4075799561e+02 6.4077001953e+02 6.4079400635e+02 6.4083300781e+02 6.4085101318e+02 6.4089001465e+02 6.4094598389e+02 6.4099401855e+02
6.4098498535e+02 6.4096398926e+02 6.4094702148e+02 6.4092999268e+02 6.4091400146e+02 6.4091302490e+02 6.4090002441e+02 6.4088500977e+02 6.4085998535e+02 6.4083697510e+02 6.4084100342e+02 6.4084301758e+02 6.4082397461e+02 6.4080798340e+02 6.4079797363e+02 6.4079199219e+02 6.4077697754e+02 6.4076397705e+02 6.4075897217e+02 6.4076098633e+02 6.4072698975e+02 6.4071398926e+02 6.4072497559e+02 6.4072100830e+02 6.4074298096e+02 6.4076702881e+02 6.4076800537e+02 6.4074798584e+02 6.4072302246e+02 6.4071398926e+02 6.4074102783e+02 6.4074700928e+02 6.4072900391e+02 6.4071697998e+02 6.4071997070e+02 6.4072399902e+02 6.4073297119e+02 6.4076202393e+02 6.4078802490e+02 6.4079602051e+02 6.4081597900e+02 6.4085797119e+02 6.4088098145e+02 6.4091497803e+02 6.4096398926e+02 6.4100897217e+02
