TESTSERVER/19/11.asc
NCOLS 100
NROWS 100
XLLCORNER 8.4497500000e+03
YLLCORNER 2.8940025000e+05
CELLSIZE 5.0000000000e-01
NODATA_VALUE -9.9990000000e+03
[rows 0 to 19 of 100, columns 0 to 45 of 100]
6.4014099121e+02 6.4020098877e+02 6.4023999023e+02 6.4030102539e+02 6.4035400391e+02 6.4041101074e+02 6.4046899414e+02 6.4053399658e+02 6.4058801270e+02 6.4063702393e+02 6.4071099854e+02 6.4078900146e+02 6.4086798096e+02 6.4093798828e+02 6.4100201416e+02 6.4109997559e+02 6.4120397949e+02 6.4129498291e+02 6.4136999512e+02 6.4143298340e+02 6.4151098633e+02 6.4160998535e+02 6.4166601563e+02 6.4173101807e+02 6.4180902100e+02 6.4187097168e+02 6.4192401123e+02 6.4199401855e+02 6.4206701660e+02 6.4215301514e+02 6.4224200439e+02 6.4231402588e+02 6.4239599609e+02 6.4248999023e+02 6.4256597900e+02 6.4264501953e+02 6.4270501709e+02 6.4277099609e+02 6.4286798096e+02 6.4291699219e+02 6.4298400879e+02 6.4304302979e+02 6.4309802246e+02 6.4313800049e+02 6.4319000244e+02 6.4323901367e+02
6.4010699463e+02 6.4016900635e+02 6.4020501709e+02 6.4026397705e+02 6.4030700684e+02 6.4036199951e+02 6.4043701172e+02 6.4050701904e+02 6.4055603027e+02 6.4060101318e+02 6.4067498779e+02 6.4075500488e+02 6.4082598877e+02 6.4089599609e+02 6.4097900391e+02 6.4107000732e+02 6.4117102051e+02 6.4124700928e+02 6.4133697510e+02 6.4142199707e+02 6.4148400879e+02 6.4157299805e+02 6.4163702393e+02 6.4171398926e+02 6.4178997803e+02 6.4185797119e+02 6.4192102051e+02 6.4198797607e+02 6.4205902100e+02 6.4213598633e+02 6.4222601318e+02 6.4230700684e+02 6.4237597656e+02 6.4246197510e+02 6.4253802490e+02 6.4261999512e+02 6.4269396973e+02 6.4275701904e+02 6.4285302734e+02 6.4292602539e+02 6.4299102783e+02 6.4306701660e+02 6.4314099121e+02 6.4317700195e+02 6.4322302246e+02 6.4327398682e+02
6.4008197021e+02 6.4014599609e+02 6.4018298340e+02 6.4022802734e+02 6.4026300049e+02 6.4033197021e+02 6.4041101074e+02 6.4048602295e+02 6.4053997803e+02 6.4057098389e+02 6.4062902832e+02 6.4071697998e+02 6.4078900146e+02 6.4085101318e+02 6.4093597412e+02 6.4102697754e+02 6.4113397217e+02 6.4121099854e+02 6.4129901123e+02 6.4138800049e+02 6.4145202637e+02 6.4152197266e+02 6.4158801270e+02 6.4168798828e+02 6.4176702881e+02 6.4183599854e+02 6.4191900635e+02 6.4199401855e+02 6.4205102539e+02 6.4211297607e+02 6.4219500732e+02 6.4228802490e+02 6.4235998535e+02 6.4243298340e+02 6.4252197266e+02 6.4259802246e+02 6.4266998291e+02 6.4274798584e+02 6.4282897949e+02 6.4290802002e+02 6.4298297119e+02 6.4306597900e+02 6.4315301514e+02 6.4321099854e+02 6.4325500488e+02 6.4329699707e+02
6.4004602051e+02 6.4009399414e+02 6.4013598633e+02 6.4020397949e+02 6.4025000000e+02 6.4031701660e+02 6.4038201904e+02 6.4045300293e+02 6.4051501465e+02 6.4054400635e+02 6.4059002686e+02 6.4068701172e+02 6.4076397705e+02 6.4081597900e+02 6.4089898682e+02 6.4097100830e+02 6.4107501221e+02 6.4116998291e+02 6.4126098633e+02 6.4135400391e+02 6.4142498779e+02 6.4148999023e+02 6.4155401611e+02 6.4166900635e+02 6.4175402832e+02 6.4181402588e+02 6.4188000488e+02 6.4194396973e+02 6.4200299072e+02 6.4207202148e+02 6.4214801025e+02 6.4224902344e+02 6.4234399414e+02 6.4241699219e+02 6.4249700928e+02 6.4258197021e+02 6.4265502930e+02 6.4274700928e+02 6.4282299805e+02 6.4290197754e+02 6.4298797607e+02 6.4306799316e+02 6.4314300537e+02 6.4321997070e+02 6.4328399658e+02 6.4333197021e+02
6.4001000977e+02 6.4004998779e+02 6.4008599854e+02 6.4015802002e+02 6.4021099854e+02 6.4026898193e+02 6.4033801270e+02 6.4041198730e+02 6.4045898438e+02 6.4049902344e+02 6.4058099365e+02 6.4066302490e+02 6.4073101807e+02 6.4078601074e+02 6.4086901855e+02 6.4093200684e+02 6.4103497314e+02 6.4114202881e+02 6.4123498535e+02 6.4130902100e+02 6.4137701416e+02 6.4143798828e+02 6.4151501465e+02 6.4163500977e+02 6.4173400879e+02 6.4179498291e+02 6.4183197021e+02 6.4189300537e+02 6.4196099854e+02 6.4203802490e+02 6.4211297607e+02 6.4218701172e+02 6.4229101563e+02 6.4238397217e+02 6.4246398926e+02 6.4255102539e+02 6.4263702393e+02 6.4272399902e+02 6.4279797363e+02 6.4289599609e+02 6.4298101807e+02 6.4305102539e+02 6.4313098145e+02 6.4321002197e+02 6.4329699707e+02 6.4335900879e+02
6.3996502686e+02 6.4003198242e+02 6.4007897949e+02 6.4013201904e+02 6.4018902588e+02 6.4024700928e+02 6.4031799316e+02 6.4038000488e+02 6.4041601563e+02 6.4046801758e+02 6.4055999756e+02 6.4064099121e+02 6.4069702148e+02 6.4074597168e+02 6.4082000732e+02 6.4089898682e+02 6.4100402832e+02 6.4109899902e+02 6.4120300293e+02 6.4127301025e+02 6.4134100342e+02 6.4141302490e+02 6.4149499512e+02 6.4158898926e+02 6.4168902588e+02 6.4176300049e+02 6.4181896973e+02 6.4187902832e+02 6.4193103027e+02 6.4201202393e+02 6.4209399414e+02 6.4217602539e+02 6.4226800537e+02 6.4235601807e+02 6.4244897461e+02 6.4252801514e+02 6.4260400391e+02 6.4269299316e+02 6.4277099609e+02 6.4286901855e+02 6.4296197510e+02 6.4303302002e+02 6.4311401367e+02 6.4319702148e+02 6.4328997803e+02 6.4336901855e+02
6.3993597412e+02 6.4000097656e+02 6.4004302979e+02 6.4009600830e+02 6.4015600586e+02 6.4022198486e+02 6.4029699707e+02 6.4035998535e+02 6.4040197754e+02 6.4045501709e+02 6.4052099609e+02 6.4060198975e+02 6.4065698242e+02 6.4070397949e+02 6.4078900146e+02 6.4088702393e+02 6.4098199463e+02 6.4105200195e+02 6.4114501953e+02 6.4122698975e+02 6.4130297852e+02 6.4138397217e+02 6.4146697998e+02 6.4154101563e+02 6.4163000488e+02 6.4172497559e+02 6.4180902100e+02 6.4186901855e+02 6.4190600586e+02 6.4197698975e+02 6.4206500244e+02 6.4217498779e+02 6.4225701904e+02 6.4232501221e+02 6.4240899658e+02 6.4248901367e+02 6.4257202148e+02 6.4265899658e+02 6.4274597168e+02 6.4283599854e+02 6.4292700195e+02 6.4300598145e+02 6.4309301758e+02 6.4317999268e+02 6.4327600098e+02 6.4336102295e+02
6.3991198730e+02 6.3996002197e+02 6.3999499512e+02 6.4005401611e+02 6.4011102295e+02 6.4018597412e+02 6.4026702881e+02 6.4032800293e+02 6.4037298584e+02 6.4041998291e+02 6.4046997070e+02 6.4054998779e+02 6.4061700439e+02 6.4067401123e+02 6.4075598145e+02 6.4084197998e+02 6.4093597412e+02 6.4100598145e+02 6.4109100342e+02 6.4118298340e+02 6.4126800537e+02 6.4135900879e+02 6.4144799805e+02 6.4151000977e+02 6.4159197998e+02 6.4169000244e+02 6.4178399658e+02 6.4185699463e+02 6.4190002441e+02 6.4196502686e+02 6.4204101563e+02 6.4214202881e+02 6.4223199463e+02 6.4230401611e+02 6.4237902832e+02 6.4246600342e+02 6.4254699707e+02 6.4263500977e+02 6.4273901367e+02 6.4281701660e+02 6.4289801025e+02 6.4297998047e+02 6.4306896973e+02 6.4315802002e+02 6.4325097656e+02 6.4334100342e+02
6.3986999512e+02 6.3991699219e+02 6.3996301270e+02 6.4003198242e+02 6.4008502197e+02 6.4015301514e+02 6.4021801758e+02 6.4028900146e+02 6.4034497070e+02 6.4038098145e+02 6.4041699219e+02 6.4049401855e+02 6.4058398438e+02 6.4065899658e+02 6.4072900391e+02 6.4079199219e+02 6.4088299561e+02 6.4097497559e+02 6.4105798340e+02 6.4115002441e+02 6.4124597168e+02 6.4133801270e+02 6.4141601563e+02 6.4149298096e+02 6.4157800293e+02 6.4165802002e+02 6.4172802734e+02 6.4180700684e+02 6.4186401367e+02 6.4192700195e+02 6.4199798584e+02 6.4209301758e+02 6.4218701172e+02 6.4227600098e+02 6.4236700439e+02 6.4245501709e+02 6.4252398682e+02 6.4260699463e+02 6.4271801758e+02 6.4280700684e+02 6.4287402344e+02 6.4295397949e+02 6.4303399658e+02 6.4313299561e+02 6.4321997070e+02 6.4331701660e+02
6.3982800293e+02 6.3987701416e+02 6.3992199707e+02 6.3998297119e+02 6.4003900146e+02 6.4011798096e+02 6.4018499756e+02 6.4025000000e+02 6.4030401611e+02 6.4033398438e+02 6.4037799072e+02 6.4045300293e+02 6.4053100586e+02 6.4060699463e+02 6.4067901611e+02 6.4076202393e+02 6.4084197998e+02 6.4092401123e+02 6.4100000000e+02 6.4109802246e+02 6.4119500732e+02 6.4129602051e+02 6.4137097168e+02 6.4144702148e+02 6.4152301025e+02 6.4159497070e+02 6.4167602539e+02 6.4176800537e+02 6.4183801270e+02 6.4190197754e+02 6.4196801758e+02 6.4204797363e+02 6.4213598633e+02 6.4223498535e+02 6.4234197998e+02 6.4243200684e+02 6.4250799561e+02 6.4258398438e+02 6.4265997314e+02 6.4275201416e+02 6.4284002686e+02 6.4292901611e+02 6.4300598145e+02 6.4311401367e+02 6.4320098877e+02 6.4328497314e+02
6.3979901123e+02 6.3984497070e+02 6.3989898682e+02 6.3994702148e+02 6.4000500488e+02 6.4009399414e+02 6.4016198730e+02 6.4021697998e+02 6.4026800537e+02 6.4030499268e+02 6.4036499023e+02 6.4042102051e+02 6.4048699951e+02 6.4055902100e+02 6.4063397217e+02 6.4073602295e+02 6.4080999756e+02 6.4088897705e+02 6.4097399902e+02 6.4107000732e+02 6.4115100098e+02 6.4124798584e+02 6.4132299805e+02 6.4140197754e+02 6.4147399902e+02 6.4153497314e+02 6.4162402344e+02 6.4173297119e+02 6.4180999756e+02 6.4188299561e+02 6.4194799805e+02 6.4202001953e+02 6.4210797119e+02 6.4220202637e+02 6.4229199219e+02 6.4238500977e+02 6.4247900391e+02 6.4256201172e+02 6.4262200928e+02 6.4270300293e+02 6.4280603027e+02 6.4290301514e+02 6.4297802734e+02 6.4307397461e+02 6.4316101074e+02 6.4324499512e+02
6.3978399658e+02 6.3981896973e+02 6.3986901855e+02 6.3992498779e+02 6.3998797607e+02 6.4007397461e+02 6.4013598633e+02 6.4017401123e+02 6.4022698975e+02 6.4027398682e+02 6.4034002686e+02 6.4039898682e+02 6.4046899414e+02 6.4052899170e+02 6.4058697510e+02 6.4067901611e+02 6.4075299072e+02 6.4084301758e+02 6.4095800781e+02 6.4105603027e+02 6.4112597656e+02 6.4120599365e+02 6.4128002930e+02 6.4136700439e+02 6.4144702148e+02 6.4149798584e+02 6.4157098389e+02 6.4168298340e+02 6.4177301025e+02 6.4185198975e+02 6.4191198730e+02 6.4199902344e+02 6.4209997559e+02 6.4217999268e+02 6.4224401855e+02 6.4231298828e+02 6.4240899658e+02 6.4251898193e+02 6.4259197998e+02 6.4265502930e+02 6.4276098633e+02 6.4286602783e+02 6.4294500732e+02 6.4302801514e+02 6.4311602783e+02 6.4321002197e+02
6.3976202393e+02 6.3978802490e+02 6.3983502197e+02 6.3989697266e+02 6.3996301270e+02 6.4003302002e+02 6.4008898926e+02 6.4012902832e+02 6.4020300293e+02 6.4025701904e+02 6.4028198242e+02 6.4035900879e+02 6.4044897461e+02 6.4051599121e+02 6.4055700684e+02 6.4063800049e+02 6.4072802734e+02 6.4082299805e+02 6.4093298340e+02 6.4101300049e+02 6.4108502197e+02 6.4117102051e+02 6.4126300049e+02 6.4134497070e+02 6.4142797852e+02 6.4148498535e+02 6.4153601074e+02 6.4161199951e+02 6.4171502686e+02 6.4179998779e+02 6.4186499023e+02 6.4195599365e+02 6.4206097412e+02 6.4214300537e+02 6.4222100830e+02 6.4228002930e+02 6.4235302734e+02 6.4246600342e+02 6.4252899170e+02 6.4262597656e+02 6.4272802734e+02 6.4281896973e+02 6.4289898682e+02 6.4298699951e+02 6.4307397461e+02 6.4316802979e+02
6.3974902344e+02 6.3978198242e+02 6.3982000732e+02 6.3988299561e+02 6.3994897461e+02 6.4000097656e+02 6.4004498291e+02 6.4009802246e+02 6.4018402100e+02 6.4023602295e+02 6.4025299072e+02 6.4032397461e+02 6.4038702393e+02 6.4046398926e+02 6.4052899170e+02 6.4061102295e+02 6.4070001221e+02 6.4077502441e+02 6.4086297607e+02 6.4094500732e+02 6.4103100586e+02 6.4112799072e+02 6.4121600342e+02 6.4129901123e+02 6.4140197754e+02 6.4147302246e+02 6.4152801514e+02 6.4159301758e+02 6.4169000244e+02 6.4176599121e+02 6.4182897949e+02 6.4189202881e+02 6.4199401855e+02 6.4209802246e+02 6.4220800781e+02 6.4226599121e+02 6.4231500244e+02 6.4241400146e+02 6.4249700928e+02 6.4259301758e+02 6.4267901611e+02 6.4274798584e+02 6.4283398438e+02 6.4292999268e+02 6.4303302002e+02 6.4313500977e+02
6.3974200439e+02 6.3978198242e+02 6.3980700684e+02 6.3985797119e+02 6.3991601563e+02 6.3997497559e+02 6.4002600098e+02 6.4008398438e+02 6.4015502930e+02 6.4020098877e+02 6.4023999023e+02 6.4030401611e+02 6.4034399414e+02 6.4040502930e+02 6.4048297119e+02 6.4056799316e+02 6.4066101074e+02 6.4073901367e+02 6.4081701660e+02 6.4090698242e+02 6.4099200439e+02 6.4109197998e+02 6.4116802979e+02 6.4124401855e+02 6.4134698486e+02 6.4142498779e+02 6.4149499512e+02 6.4155999756e+02 6.4163702393e+02 6.4172497559e+02 6.4181298828e+02 6.4186297607e+02 6.4195697021e+02 6.4204901123e+02 6.4214501953e+02 6.4221801758e+02 6.4228198242e+02 6.4238000488e+02 6.4246801758e+02 6.4253198242e+02 6.4262402344e+02 6.4271002197e+02 6.4279101563e+02 6.4288098145e+02 6.4300000000e+02 6.4310601807e+02
6.3973699951e+02 6.3977801514e+02 6.3978900146e+02 6.3983398438e+02 6.3988800049e+02 6.3994299316e+02 6.3999597168e+02 6.4006701660e+02 6.4013098145e+02 6.4017901611e+02 6.4022601318e+02 6.4025799561e+02 6.4030401611e+02 6.4036199951e+02 6.4044299316e+02 6.4052001953e+02 6.4061401367e+02 6.4070202637e+02 6.4077801514e+02 6.4087500000e+02 6.4096600342e+02 6.4107098389e+02 6.4113598633e+02 6.4120397949e+02 6.4131896973e+02 6.4140899658e+02 6.4146997070e+02 6.4153100586e+02 6.4159301758e+02 6.4168103027e+02 6.4177301025e+02 6.4183398438e+02 6.4191998291e+02 6.4199700928e+02 6.4208001709e+02 6.4216198730e+02 6.4224298096e+02 6.4234399414e+02 6.4243499756e+02 6.4250000000e+02 6.4259100342e+02 6.4267297363e+02 6.4275799561e+02 6.4283898926e+02 6.4294799805e+02 6.4306896973e+02
6.3972399902e+02 6.3976000977e+02 6.3976098633e+02 6.3981402588e+02 6.3987701416e+02 6.3991699219e+02 6.3994201660e+02 6.4002301025e+02 6.4008398438e+02 6.4013897705e+02 6.4017602539e+02 6.4021801758e+02 6.4027099609e+02 6.4032702637e+02 6.4039599609e+02 6.4046301270e+02 6.4056896973e+02 6.4066802979e+02 6.4074102783e+02 6.4082098389e+02 6.4091802979e+02 6.4101202393e+02 6.4109497070e+02 6.4116900635e+02 6.4129901123e+02 6.4139801025e+02 6.4143597412e+02 6.4150097656e+02 6.4156597900e+02 6.4163702393e+02 6.4172198486e+02 6.4178698730e+02 6.4186999512e+02 6.4195501709e+02 6.4204602051e+02 6.4211499023e+02 6.4219897461e+02 6.4229498291e+02 6.4238800049e+02 6.4247802734e+02 6.4256201172e+02 6.4263397217e+02 6.4273199463e+02 6.4280401611e+02 6.4288702393e+02 6.4300598145e+02
6.3971600342e+02 6.3974902344e+02 6.3975701904e+02 6.3978302002e+02 6.3983599854e+02 6.3990502930e+02 6.3993701172e+02 6.4000000000e+02 6.4007202148e+02 6.4010900879e+02 6.4013598633e+02 6.4020202637e+02 6.4025897217e+02 6.4031298828e+02 6.4035998535e+02 6.4041601563e+02 6.4051300049e+02 6.4061297607e+02 6.4069500732e+02 6.4077301025e+02 6.4087597656e+02 6.4095501709e+02 6.4105499268e+02 6.4110998535e+02 6.4120001221e+02 6.4131201172e+02 6.4138500977e+02 6.4145898438e+02 6.4153198242e+02 6.4160400391e+02 6.4168902588e+02 6.4174200439e+02 6.4181896973e+02 6.4189300537e+02 6.4198400879e+02 6.4207598877e+02 6.4215997314e+02 6.4223999023e+02 6.4233099365e+02 6.4242401123e+02 6.4252398682e+02 6.4260400391e+02 6.4269000244e+02 6.4276800537e+02 6.4284997559e+02 6.4295397949e+02
6.3970202637e+02 6.3973101807e+02 6.3976202393e+02 6.3978698730e+02 6.3983697510e+02 6.3990301514e+02 6.3992199707e+02 6.3996899414e+02 6.4004101563e+02 6.4007800293e+02 6.4010302734e+02 6.4016198730e+02 6.4022302246e+02 6.4028399658e+02 6.4032098389e+02 6.4038397217e+02 6.4046502686e+02 6.4056201172e+02 6.4064599609e+02 6.4071301270e+02 6.4082098389e+02 6.4091101074e+02 6.4100201416e+02 6.4106500244e+02 6.4115698242e+02 6.4126202393e+02 6.4132098389e+02 6.4141198730e+02 6.4149902344e+02 6.4156201172e+02 6.4162902832e+02 6.4169598389e+02 6.4178002930e+02 6.4184899902e+02 6.4193103027e+02 6.4202301025e+02 6.4211499023e+02 6.4219000244e+02 6.4227600098e+02 6.4237298584e+02 6.4249102783e+02 6.4258197021e+02 6.4264898682e+02 6.4272497559e+02 6.4281701660e+02 6.4291400146e+02
6.3970397949e+02 6.3973699951e+02 6.3976599121e+02 6.3977502441e+02 6.3983001709e+02 6.3988000488e+02 6.3989501953e+02 6.3993402100e+02 6.3999798584e+02 6.4003900146e+02 6.4007299805e+02 6.4013201904e+02 6.4019598389e+02 6.4026000977e+02 6.4027801514e+02 6.4034399414e+02 6.4042102051e+02 6.4051098633e+02 6.4060198975e+02 6.4067999268e+02 6.4076599121e+02 6.4085198975e+02 6.4093597412e+02 6.4101000977e+02 6.4111401367e+02 6.4121502686e+02 6.4126800537e+02 6.4135998535e+02 6.4145599365e+02 6.4152502441e+02 6.4158801270e+02 6.4166900635e+02 6.4174700928e+02 6.4180999756e+02 6.4189001465e+02 6.4197198486e+02 6.4206500244e+02 6.4215002441e+02 6.4223101807e+02 6.4230999756e+02 6.4240502930e+02 6.4250201416e+02 6.4258898926e+02 6.4268298340e+02 6.4278198242e+02 6.4287402344e+02
