TESTSERVER/19/11.asc
NCOLS 100
NROWS 100
XLLCORNER 8.4497500000e+03
YLLCORNER 2.8940025000e+05
CELLSIZE 5.0000000000e-01
NODATA_VALUE -9.9990000000e+03
[rows 40 to 59 of 100, columns 0 to 45 of 100]
6.3967602539e+02 6.3963598633e+02 6.3962799072e+02 6.3964599609e+02 6.3965698242e+02 6.3969598389e+02 6.3972198486e+02 6.3972698975e+02 6.3974798584e+02 6.3978100586e+02 6.3979498291e+02 6.3981402588e+02 6.3983801270e+02 6.3986999512e+02 6.3987701416e+02 6.3990698242e+02 6.3995098877e+02 6.3998699951e+02 6.4000799561e+02 6.4004101563e+02 6.4007000732e+02 6.4010400391e+02 6.4015301514e+02 6.4020001221e+02 6.4022601318e+02 6.4026397705e+02 6.4032299805e+02 6.4037799072e+02 6.4046899414e+02 6.4054699707e+02 6.4059997559e+02 6.4066802979e+02 6.4074102783e+02 6.4082202148e+02 6.4088397217e+02 6.4094201660e+02 6.4101800537e+02 6.4107702637e+02 6.4114599609e+02 6.4121197510e+02 6.4128302002e+02 6.4136602783e+02 6.4143499756e+02 6.4150402832e+02 6.4159399414e+02 6.4166400146e+02
6.3969299316e+02 6.3965100098e+02 6.3964398193e+02 6.3965502930e+02 6.3965899658e+02 6.3969201660e+02 6.3972802734e+02 6.3973400879e+02 6.3976202393e+02 6.3979699707e+02 6.3980102539e+02 6.3980798340e+02 6.3983197021e+02 6.3987097168e+02 6.3987200928e+02 6.3989898682e+02 6.3993798828e+02 6.3996502686e+02 6.3999499512e+02 6.4001702881e+02 6.4004199219e+02 6.4008697510e+02 6.4013201904e+02 6.4016101074e+02 6.4019000244e+02 6.4023400879e+02 6.4029199219e+02 6.4034002686e+02 6.4043597412e+02 6.4051702881e+02 6.4058398438e+02 6.4064697266e+02 6.4071600342e+02 6.4078601074e+02 6.4084899902e+02 6.4089501953e+02 6.4097802734e+02 6.4104998779e+02 6.4110998535e+02 6.4116802979e+02 6.4124298096e+02 6.4132800293e+02 6.4139501953e+02 6.4146099854e+02 6.4155102539e+02 6.4161901855e+02
6.3968298340e+02 6.3965802002e+02 6.3965399170e+02 6.3965502930e+02 6.3966302490e+02 6.3969702148e+02 6.3973400879e+02 6.3975500488e+02 6.3978302002e+02 6.3980700684e+02 6.3980297852e+02 6.3980603027e+02 6.3982702637e+02 6.3986700439e+02 6.3988702393e+02 6.3990899658e+02 6.3995202637e+02 6.3997399902e+02 6.3999200439e+02 6.4001800537e+02 6.4004302979e+02 6.4008197021e+02 6.4010998535e+02 6.4012298584e+02 6.4015600586e+02 6.4020599365e+02 6.4026000977e+02 6.4031201172e+02 6.4040301514e+02 6.4048699951e+02 6.4056201172e+02 6.4061999512e+02 6.4069500732e+02 6.4076098633e+02 6.4083502197e+02 6.4086602783e+02 6.4093402100e+02 6.4101098633e+02 6.4107702637e+02 6.4113702393e+02 6.4121099854e+02 6.4128497314e+02 6.4134497070e+02 6.4140698242e+02 6.4148699951e+02 6.4155603027e+02
6.3969097900e+02 6.3966601563e+02 6.3965301514e+02 6.3964501953e+02 6.3965899658e+02 6.3969500732e+02 6.3972802734e+02 6.3976501465e+02 6.3979400635e+02 6.3981298828e+02 6.3980999756e+02 6.3982598877e+02 6.3984497070e+02 6.3987500000e+02 6.3989501953e+02 6.3990399170e+02 6.3994201660e+02 6.3996899414e+02 6.3998199463e+02 6.4002001953e+02 6.4004302979e+02 6.4006799316e+02 6.4009002686e+02 6.4011700439e+02 6.4014300537e+02 6.4017797852e+02 6.4023199463e+02 6.4028900146e+02 6.4035797119e+02 6.4042797852e+02 6.4050500488e+02 6.4057299805e+02 6.4065100098e+02 6.4072198486e+02 6.4080798340e+02 6.4083898926e+02 6.4089697266e+02 6.4097802734e+02 6.4104101563e+02 6.4109600830e+02 6.4116302490e+02 6.4122802734e+02 6.4129602051e+02 6.4136700439e+02 6.4143597412e+02 6.4149798584e+02
6.3971502686e+02 6.3969097900e+02 6.3967102051e+02 6.3965399170e+02 6.3965899658e+02 6.3969702148e+02 6.3974401855e+02 6.3975701904e+02 6.3978698730e+02 6.3981298828e+02 6.3980603027e+02 6.3983197021e+02 6.3986602783e+02 6.3989398193e+02 6.3991400146e+02 6.3991601563e+02 6.3993103027e+02 6.3996697998e+02 6.3999700928e+02 6.4002398682e+02 6.4003997803e+02 6.4005798340e+02 6.4008599854e+02 6.4011297607e+02 6.4013598633e+02 6.4016497803e+02 6.4021002197e+02 6.4027001953e+02 6.4033099365e+02 6.4038000488e+02 6.4043200684e+02 6.4052398682e+02 6.4060198975e+02 6.4066101074e+02 6.4072900391e+02 6.4078399658e+02 6.4084301758e+02 6.4091601563e+02 6.4099200439e+02 6.4104498291e+02 6.4111499023e+02 6.4118902588e+02 6.4124700928e+02 6.4131201172e+02 6.4138897705e+02 6.4145697021e+02
6.3973101807e+02 6.3969500732e+02 6.3967901611e+02 6.3965100098e+02 6.3963897705e+02 6.3969201660e+02 6.3975897217e+02 6.3976898193e+02 6.3978198242e+02 6.3980200195e+02 6.3980499268e+02 6.3984497070e+02 6.3986798096e+02 6.3989202881e+02 6.3991400146e+02 6.3993103027e+02 6.3994097900e+02 6.3997302246e+02 6.4000598145e+02 6.4003997803e+02 6.4004302979e+02 6.4004998779e+02 6.4008502197e+02 6.4010900879e+02 6.4013500977e+02 6.4016198730e+02 6.4021002197e+02 6.4025299072e+02 6.4032000732e+02 6.4037097168e+02 6.4042999268e+02 6.4050402832e+02 6.4057098389e+02 6.4062298584e+02 6.4067401123e+02 6.4073101807e+02 6.4078198242e+02 6.4085601807e+02 6.4095098877e+02 6.4100097656e+02 6.4106799316e+02 6.4113800049e+02 6.4119299316e+02 6.4125097656e+02 6.4132501221e+02 6.4139501953e+02
6.3975000000e+02 6.3971697998e+02 6.3970898438e+02 6.3967999268e+02 6.3965698242e+02 6.3970501709e+02 6.3975897217e+02 6.3977197266e+02 6.3978497314e+02 6.3981298828e+02 6.3982202148e+02 6.3986199951e+02 6.3987402344e+02 6.3989001465e+02 6.3991400146e+02 6.3995202637e+02 6.3996099854e+02 6.3997497559e+02 6.4000897217e+02 6.4005297852e+02 6.4005999756e+02 6.4006097412e+02 6.4008801270e+02 6.4010699463e+02 6.4013098145e+02 6.4015698242e+02 6.4020599365e+02 6.4023901367e+02 6.4030499268e+02 6.4035797119e+02 6.4040997314e+02 6.4047601318e+02 6.4054797363e+02 6.4059899902e+02 6.4063897705e+02 6.4070800781e+02 6.4074700928e+02 6.4080798340e+02 6.4089202881e+02 6.4093200684e+02 6.4098999023e+02 6.4105401611e+02 6.4110797119e+02 6.4116699219e+02 6.4125000000e+02 6.4132098389e+02
6.3977502441e+02 6.3974200439e+02 6.3973797607e+02 6.3972100830e+02 6.3970501709e+02 6.3973400879e+02 6.3977001953e+02 6.3978900146e+02 6.3979400635e+02 6.3981701660e+02 6.3983697510e+02 6.3987500000e+02 6.3987701416e+02 6.3989001465e+02 6.3992102051e+02 6.3996099854e+02 6.3996197510e+02 6.3996697998e+02 6.3999597168e+02 6.4004602051e+02 6.4006298828e+02 6.4005902100e+02 6.4007702637e+02 6.4010699463e+02 6.4013201904e+02 6.4015802002e+02 6.4019897461e+02 6.4023297119e+02 6.4029498291e+02 6.4034698486e+02 6.4038000488e+02 6.4044500732e+02 6.4052301025e+02 6.4056799316e+02 6.4062097168e+02 6.4069097900e+02 6.4071997070e+02 6.4077398682e+02 6.4084197998e+02 6.4088000488e+02 6.4093298340e+02 6.4099200439e+02 6.4104797363e+02 6.4111499023e+02 6.4120098877e+02 6.4127600098e+02
6.3979602051e+02 6.3977502441e+02 6.3977600098e+02 6.3976800537e+02 6.3974798584e+02 6.3976599121e+02 6.3980297852e+02 6.3981201172e+02 6.3981298828e+02 6.3982000732e+02 6.3983898926e+02 6.3987200928e+02 6.3988201904e+02 6.3990301514e+02 6.3993798828e+02 6.3996899414e+02 6.3997100830e+02 6.3998101807e+02 6.4001800537e+02 6.4003601074e+02 6.4006500244e+02 6.4006896973e+02 6.4006701660e+02 6.4009997559e+02 6.4012799072e+02 6.4015600586e+02 6.4019598389e+02 6.4022802734e+02 6.4028601074e+02 6.4033697510e+02 6.4037597656e+02 6.4043902588e+02 6.4049798584e+02 6.4053601074e+02 6.4058898926e+02 6.4065600586e+02 6.4071197510e+02 6.4077801514e+02 6.4081500244e+02 6.4086401367e+02 6.4092401123e+02 6.4098400879e+02 6.4103497314e+02 6.4110998535e+02 6.4117102051e+02 6.4124102783e+02
6.3983697510e+02 6.3982897949e+02 6.3983502197e+02 6.3982299805e+02 6.3979699707e+02 6.3980401611e+02 6.3982800293e+02 6.3983398438e+02 6.3984002686e+02 6.3984497070e+02 6.3986199951e+02 6.3989202881e+02 6.3990002441e+02 6.3991302490e+02 6.3993798828e+02 6.3996899414e+02 6.3997698975e+02 6.3998498535e+02 6.4003698730e+02 6.4005999756e+02 6.4007202148e+02 6.4007598877e+02 6.4006896973e+02 6.4009497070e+02 6.4012200928e+02 6.4015100098e+02 6.4018402100e+02 6.4022601318e+02 6.4028302002e+02 6.4033697510e+02 6.4038098145e+02 6.4045397949e+02 6.4051098633e+02 6.4055401611e+02 6.4059399414e+02 6.4064697266e+02 6.4070898438e+02 6.4075799561e+02 6.4078198242e+02 6.4085302734e+02 6.4091802979e+02 6.4096899414e+02 6.4101397705e+02 6.4110900879e+02 6.4115698242e+02 6.4120697021e+02
6.3988897705e+02 6.3987902832e+02 6.3987402344e+02 6.3986901855e+02 6.3984100342e+02 6.3984002686e+02 6.3985498047e+02 6.3986700439e+02 6.3985998535e+02 6.3986798096e+02 6.3989398193e+02 6.3990197754e+02 6.3990301514e+02 6.3992199707e+02 6.3995202637e+02 6.3998199463e+02 6.3999499512e+02 6.3999401855e+02 6.4003802490e+02 6.4007000732e+02 6.4007598877e+02 6.4007800293e+02 6.4007800293e+02 6.4010302734e+02 6.4012902832e+02 6.4015399170e+02 6.4017297363e+02 6.4021697998e+02 6.4027801514e+02 6.4033197021e+02 6.4037402344e+02 6.4044396973e+02 6.4050097656e+02 6.4054400635e+02 6.4058801270e+02 6.4062200928e+02 6.4068298340e+02 6.4073199463e+02 6.4074200439e+02 6.4080902100e+02 6.4087500000e+02 6.4093298340e+02 6.4098199463e+02 6.4105603027e+02 6.4110101318e+02 6.4115502930e+02
6.3993402100e+02 6.3991802979e+02 6.3991497803e+02 6.3991802979e+02 6.3988299561e+02 6.3987799072e+02 6.3988800049e+02 6.3988201904e+02 6.3986798096e+02 6.3988800049e+02 6.3991302490e+02 6.3991998291e+02 6.3991802979e+02 6.3993597412e+02 6.3997601318e+02 6.4000598145e+02 6.4001800537e+02 6.4000799561e+02 6.4003399658e+02 6.4005798340e+02 6.4005902100e+02 6.4006597900e+02 6.4008001709e+02 6.4010601807e+02 6.4013500977e+02 6.4016400146e+02 6.4016998291e+02 6.4020599365e+02 6.4026599121e+02 6.4031500244e+02 6.4035198975e+02 6.4040600586e+02 6.4045300293e+02 6.4050201416e+02 6.4056500244e+02 6.4059899902e+02 6.4065502930e+02 6.4070098877e+02 6.4070800781e+02 6.4075097656e+02 6.4081097412e+02 6.4088598633e+02 6.4094097900e+02 6.4100000000e+02 6.4105499268e+02 6.4111798096e+02
6.3996301270e+02 6.3996099854e+02 6.3995599365e+02 6.3994201660e+02 6.3990997314e+02 6.3990502930e+02 6.3990997314e+02 6.3991699219e+02 6.3991998291e+02 6.3992498779e+02 6.3991699219e+02 6.3993200684e+02 6.3994702148e+02 6.3997302246e+02 6.4000598145e+02 6.4002899170e+02 6.4004199219e+02 6.4004602051e+02 6.4004901123e+02 6.4005200195e+02 6.4006402588e+02 6.4007897949e+02 6.4010198975e+02 6.4011700439e+02 6.4013702393e+02 6.4016302490e+02 6.4017498779e+02 6.4021002197e+02 6.4026599121e+02 6.4031597900e+02 6.4033502197e+02 6.4038397217e+02 6.4042498779e+02 6.4047497559e+02 6.4053900146e+02 6.4057897949e+02 6.4063000488e+02 6.4067999268e+02 6.4070800781e+02 6.4073901367e+02 6.4077899170e+02 6.4085699463e+02 6.4092602539e+02 6.4097601318e+02 6.4103698730e+02 6.4109197998e+02
6.3999499512e+02 6.3998498535e+02 6.3998901367e+02 6.3997998047e+02 6.3995501709e+02 6.3995202637e+02 6.3994000244e+02 6.3993597412e+02 6.3993200684e+02 6.3994201660e+02 6.3993200684e+02 6.3996099854e+02 6.3997698975e+02 6.4000402832e+02 6.4001800537e+02 6.4004302979e+02 6.4005902100e+02 6.4006896973e+02 6.4007598877e+02 6.4009002686e+02 6.4009899902e+02 6.4009497070e+02 6.4010498047e+02 6.4012200928e+02 6.4013201904e+02 6.4016497803e+02 6.4019299316e+02 6.4022100830e+02 6.4027398682e+02 6.4031701660e+02 6.4033898926e+02 6.4039697266e+02 6.4043902588e+02 6.4047698975e+02 6.4052697754e+02 6.4057000732e+02 6.4061401367e+02 6.4066400146e+02 6.4069396973e+02 6.4073602295e+02 6.4077600098e+02 6.4084497070e+02 6.4090197754e+02 6.4096301270e+02 6.4102801514e+02 6.4108697510e+02
6.4002697754e+02 6.4001702881e+02 6.4002502441e+02 6.4000799561e+02 6.3998297119e+02 6.3997802734e+02 6.3996697998e+02 6.3996002197e+02 6.3996099854e+02 6.3998400879e+02 6.3996502686e+02 6.3998400879e+02 6.3999700928e+02 6.4002301025e+02 6.4001898193e+02 6.4004602051e+02 6.4007299805e+02 6.4008599854e+02 6.4008801270e+02 6.4011199951e+02 6.4012500000e+02 6.4011499023e+02 6.4010498047e+02 6.4011499023e+02 6.4011999512e+02 6.4015802002e+02 6.4020001221e+02 6.4022601318e+02 6.4027398682e+02 6.4031298828e+02 6.4034002686e+02 6.4039801025e+02 6.4043499756e+02 6.4047198486e+02 6.4051898193e+02 6.4056896973e+02 6.4061102295e+02 6.4065600586e+02 6.4068200684e+02 6.4071398926e+02 6.4075402832e+02 6.4081597900e+02 6.4086297607e+02 6.4093597412e+02 6.4100299072e+02 6.4106799316e+02
6.4005603027e+02 6.4004998779e+02 6.4006298828e+02 6.4004699707e+02 6.4002301025e+02 6.4001501465e+02 6.4000500488e+02 6.3998901367e+02 6.3998999023e+02 6.4001501465e+02 6.3998797607e+02 6.4000097656e+02 6.4001000977e+02 6.4003497314e+02 6.4003497314e+02 6.4006298828e+02 6.4009600830e+02 6.4010699463e+02 6.4009600830e+02 6.4012097168e+02 6.4014202881e+02 6.4014300537e+02 6.4012298584e+02 6.4012701416e+02 6.4012902832e+02 6.4016101074e+02 6.4020098877e+02 6.4022900391e+02 6.4027398682e+02 6.4031597900e+02 6.4034997559e+02 6.4039599609e+02 6.4042401123e+02 6.4045697021e+02 6.4049200439e+02 6.4053601074e+02 6.4058001709e+02 6.4062902832e+02 6.4066900635e+02 6.4068597412e+02 6.4072198486e+02 6.4077801514e+02 6.4082501221e+02 6.4089898682e+02 6.4095898438e+02 6.4102697754e+02
6.4009197998e+02 6.4008001709e+02 6.4008697510e+02 6.4008599854e+02 6.4006298828e+02 6.4005297852e+02 6.4005499268e+02 6.4002502441e+02 6.4002801514e+02 6.4005401611e+02 6.4002899170e+02 6.4002697754e+02 6.4003399658e+02 6.4004998779e+02 6.4005603027e+02 6.4008599854e+02 6.4011602783e+02 6.4012402344e+02 6.4011297607e+02 6.4013897705e+02 6.4015197754e+02 6.4015399170e+02 6.4015197754e+02 6.4015399170e+02 6.4015197754e+02 6.4017199707e+02 6.4020202637e+02 6.4022601318e+02 6.4026599121e+02 6.4031298828e+02 6.4035101318e+02 6.4039001465e+02 6.4041302490e+02 6.4044299316e+02 6.4048797607e+02 6.4051000977e+02 6.4055401611e+02 6.4060797119e+02 6.4064398193e+02 6.4066699219e+02 6.4070599365e+02 6.4074700928e+02 6.4077697754e+02 6.4085699463e+02 6.4090997314e+02 6.4097900391e+02
6.4012200928e+02 6.4010900879e+02 6.4012597656e+02 6.4012298584e+02 6.4009301758e+02 6.4008801270e+02 6.4009002686e+02 6.4006799316e+02 6.4007098389e+02 6.4008099365e+02 6.4004302979e+02 6.4003601074e+02 6.4004797363e+02 6.4007702637e+02 6.4009197998e+02 6.4010101318e+02 6.4013000488e+02 6.4014898682e+02 6.4015197754e+02 6.4016998291e+02 6.4017901611e+02 6.4017797852e+02 6.4015899658e+02 6.4016302490e+02 6.4017700195e+02 6.4020098877e+02 6.4021997070e+02 6.4023400879e+02 6.4026397705e+02 6.4031402588e+02 6.4034600830e+02 6.4038500977e+02 6.4042199707e+02 6.4045599365e+02 6.4049700928e+02 6.4051397705e+02 6.4054699707e+02 6.4058197021e+02 6.4062500000e+02 6.4066601563e+02 6.4069201660e+02 6.4072302246e+02 6.4076202393e+02 6.4084399414e+02 6.4091497803e+02 6.4097399902e+02
6.4016601563e+02 6.4014501953e+02 6.4015802002e+02 6.4015100098e+02 6.4013299561e+02 6.4012500000e+02 6.4012402344e+02 6.4010601807e+02 6.4009497070e+02 6.4009197998e+02 6.4006298828e+02 6.4007098389e+02 6.4007800293e+02 6.4009497070e+02 6.4010797119e+02 6.4011401367e+02 6.4014202881e+02 6.4016101074e+02 6.4016802979e+02 6.4017199707e+02 6.4017498779e+02 6.4017498779e+02 6.4016601563e+02 6.4018103027e+02 6.4019097900e+02 6.4020599365e+02 6.4022302246e+02 6.4024700928e+02 6.4028100586e+02 6.4032501221e+02 6.4034698486e+02 6.4039398193e+02 6.4043798828e+02 6.4046502686e+02 6.4049597168e+02 6.4052697754e+02 6.4055401611e+02 6.4058099365e+02 6.4062402344e+02 6.4066802979e+02 6.4068200684e+02 6.4071801758e+02 6.4076702881e+02 6.4083697510e+02 6.4091601563e+02 6.4097601318e+02
6.4020599365e+02 6.4018402100e+02 6.4019396973e+02 6.4019097900e+02 6.4018499756e+02 6.4016400146e+02 6.4015197754e+02 6.4015002441e+02 6.4013702393e+02 6.4012200928e+02 6.4008898926e+02 6.4011999512e+02 6.4012799072e+02 6.4013397217e+02 6.4013800049e+02 6.4014202881e+02 6.4016198730e+02 6.4016699219e+02 6.4016497803e+02 6.4016699219e+02 6.4016497803e+02 6.4016900635e+02 6.4017199707e+02 6.4019201660e+02 6.4019598389e+02 6.4020898438e+02 6.4023101807e+02 6.4026397705e+02 6.4030200195e+02 6.4033898926e+02 6.4035498047e+02 6.4040399170e+02 6.4045001221e+02 6.4047399902e+02 6.4049401855e+02 6.4052502441e+02 6.4055798340e+02 6.4058697510e+02 6.4062097168e+02 6.4066998291e+02 6.4068499756e+02 6.4071801758e+02 6.4077801514e+02 6.4084497070e+02 6.4090399170e+02 6.4095300293e+02
