TESTSERVER/19/12.asc
NCOLS 100
NROWS 100
XLLCORNER 8.4497500000e+03
YLLCORNER 2.8935025000e+05
CELLSIZE 5.0000000000e-01
NODATA_VALUE -9.9990000000e+03
[rows 60 to 79 of 100, columns 46 to 91 of 100]
6.4664300537e+02 6.4663897705e+02 6.4665002441e+02 6.4666302490e+02 6.4667199707e+02 6.4667797852e+02 6.4668103027e+02 6.4669396973e+02 6.4670397949e+02 6.4670800781e+02 6.4670300293e+02 6.4669897461e+02 6.4670001221e+02 6.4670202637e+02 6.4671197510e+02 6.4671099854e+02 6.4671801758e+02 6.4671301270e+02 6.4670898438e+02 6.4670098877e+02 6.4669598389e+02 6.4669598389e+02 6.4668499756e+02 6.4667602539e+02 6.4668103027e+02 6.4667498779e+02 6.4668103027e+02 6.4668597412e+02 6.4667700195e+02 6.4667199707e+02 6.4665197754e+02 6.4662902832e+02 6.4660400391e+02 6.4659301758e+02 6.4657299805e+02 6.4655102539e+02 6.4654901123e+02 6.4653198242e+02 6.4651098633e+02 6.4649200439e+02 6.4647399902e+02 6.4643902588e+02 6.4644000244e+02 6.4643200684e+02 6.4639398193e+02 6.4634997559e+02
6.4669897461e+02 6.4669702148e+02 6.4671099854e+02 6.4672497559e+02 6.4673699951e+02 6.4674298096e+02 6.4674298096e+02 6.4675402832e+02 6.4676202393e+02 6.4675799561e+02 6.4676702881e+02 6.4677697754e+02 6.4677899170e+02 6.4678100586e+02 6.4679302979e+02 6.4679498291e+02 6.4681097412e+02 6.4680401611e+02 6.4680200195e+02 6.4679498291e+02 6.4678198242e+02 6.4678497314e+02 6.4678198242e+02 6.4677301025e+02 6.4677600098e+02 6.4678399658e+02 6.4678997803e+02 6.4679400635e+02 6.4678698730e+02 6.4678399658e+02 6.4677600098e+02 6.4676397705e+02 6.4673699951e+02 6.4671697998e+02 6.4669702148e+02 6.4667498779e+02 6.4667700195e+02 6.4665502930e+02 6.4663000488e+02 6.4661700439e+02 6.4660797119e+02 6.4656298828e+02 6.4656597900e+02 6.4656201172e+02 6.4652301025e+02 6.4648101807e+02
6.4675000000e+02 6.4675701904e+02 6.4677099609e+02 6.4678002930e+02 6.4679699707e+02 6.4681402588e+02 6.4681896973e+02 6.4682598877e+02 6.4682897949e+02 6.4682299805e+02 6.4683697510e+02 6.4684600830e+02 6.4684197998e+02 6.4685101318e+02 6.4686199951e+02 6.4686499023e+02 6.4687701416e+02 6.4687500000e+02 6.4688201904e+02 6.4688098145e+02 6.4686798096e+02 6.4687500000e+02 6.4687902832e+02 6.4687402344e+02 6.4687701416e+02 6.4688897705e+02 6.4688500977e+02 6.4688397217e+02 6.4688598633e+02 6.4687597656e+02 6.4686999512e+02 6.4686798096e+02 6.4685101318e+02 6.4684399414e+02 6.4683197021e+02 6.4681500244e+02 6.4681500244e+02 6.4678302002e+02 6.4675201416e+02 6.4674200439e+02 6.4674298096e+02 6.4670599365e+02 6.4670501709e+02 6.4669396973e+02 6.4665899658e+02 6.4662097168e+02
6.4680700684e+02 6.4681799316e+02 6.4683197021e+02 6.4684002686e+02 6.4685498047e+02 6.4686700439e+02 6.4687500000e+02 6.4688299561e+02 6.4689001465e+02 6.4689398193e+02 6.4690600586e+02 6.4690698242e+02 6.4690600586e+02 6.4691699219e+02 6.4692498779e+02 6.4692700195e+02 6.4693499756e+02 6.4693902588e+02 6.4695202637e+02 6.4695397949e+02 6.4694500732e+02 6.4695697021e+02 6.4696398926e+02 6.4696099854e+02 6.4696197510e+02 6.4697698975e+02 6.4697497559e+02 6.4697399902e+02 6.4698498535e+02 6.4697802734e+02 6.4697399902e+02 6.4697100830e+02 6.4695300293e+02 6.4694799805e+02 6.4694201660e+02 6.4693701172e+02 6.4694000244e+02 6.4691998291e+02 6.4688598633e+02 6.4686901855e+02 6.4686798096e+02 6.4684197998e+02 6.4683801270e+02 6.4682098389e+02 6.4679101563e+02 6.4675897217e+02
6.4686199951e+02 6.4687200928e+02 6.4688800049e+02 6.4690301514e+02 6.4692498779e+02 6.4692901611e+02 6.4693103027e+02 6.4693499756e+02 6.4694598389e+02 6.4695898438e+02 6.4697198486e+02 6.4697900391e+02 6.4699102783e+02 6.4698797607e+02 6.4698498535e+02 6.4698999023e+02 6.4701300049e+02 6.4700897217e+02 6.4701501465e+02 6.4701501465e+02 6.4701898193e+02 6.4703399658e+02 6.4703698730e+02 6.4703302002e+02 6.4703802490e+02 6.4704699707e+02 6.4705401611e+02 6.4705798340e+02 6.4707598877e+02 6.4707598877e+02 6.4707897949e+02 6.4707501221e+02 6.4705603027e+02 6.4703802490e+02 6.4703198242e+02 6.4703601074e+02 6.4704199219e+02 6.4703698730e+02 6.4701202393e+02 6.4698999023e+02 6.4698297119e+02 6.4697698975e+02 6.4697198486e+02 6.4695599365e+02 6.4693103027e+02 6.4690502930e+02
6.4690802002e+02 6.4692199707e+02 6.4694201660e+02 6.4696301270e+02 6.4698797607e+02 6.4699401855e+02 6.4699700928e+02 6.4699902344e+02 6.4700897217e+02 6.4701397705e+02 6.4702600098e+02 6.4703997803e+02 6.4705700684e+02 6.4705902100e+02 6.4705902100e+02 6.4705603027e+02 6.4707598877e+02 6.4707098389e+02 6.4707702637e+02 6.4708398438e+02 6.4709899902e+02 6.4711199951e+02 6.4710601807e+02 6.4709802246e+02 6.4710699463e+02 6.4712298584e+02 6.4712799072e+02 6.4712701416e+02 6.4713897705e+02 6.4714501953e+02 6.4715600586e+02 6.4715600586e+02 6.4713800049e+02 6.4713598633e+02 6.4713702393e+02 6.4713897705e+02 6.4714599609e+02 6.4713299561e+02 6.4710699463e+02 6.4709301758e+02 6.4709997559e+02 6.4710302734e+02 6.4709802246e+02 6.4707897949e+02 6.4706097412e+02 6.4703997803e+02
6.4696600342e+02 6.4698498535e+02 6.4700402832e+02 6.4702197266e+02 6.4703698730e+02 6.4704699707e+02 6.4705902100e+02 6.4706097412e+02 6.4706799316e+02 6.4706896973e+02 6.4707800293e+02 6.4709002686e+02 6.4710998535e+02 6.4711602783e+02 6.4712097168e+02 6.4711999512e+02 6.4713201904e+02 6.4712402344e+02 6.4713500977e+02 6.4714501953e+02 6.4715802002e+02 6.4716699219e+02 6.4716601563e+02 6.4716198730e+02 6.4717297363e+02 6.4719299316e+02 6.4719598389e+02 6.4719702148e+02 6.4720300293e+02 6.4721301270e+02 6.4722198486e+02 6.4722198486e+02 6.4720898438e+02 6.4721899414e+02 6.4723101807e+02 6.4723297119e+02 6.4723699951e+02 6.4723498535e+02 6.4721301270e+02 6.4720098877e+02 6.4720697021e+02 6.4720501709e+02 6.4720202637e+02 6.4718200684e+02 6.4717498779e+02 6.4715899658e+02
6.4702502441e+02 6.4704101563e+02 6.4705700684e+02 6.4707299805e+02 6.4708398438e+02 6.4709497070e+02 6.4710900879e+02 6.4710998535e+02 6.4712298584e+02 6.4712701416e+02 6.4714300537e+02 6.4715502930e+02 6.4716302490e+02 6.4716601563e+02 6.4717797852e+02 6.4718402100e+02 6.4718499756e+02 6.4718103027e+02 6.4719500732e+02 6.4720300293e+02 6.4721197510e+02 6.4721697998e+02 6.4722100830e+02 6.4722198486e+02 6.4723602295e+02 6.4725402832e+02 6.4726000977e+02 6.4726898193e+02 6.4727899170e+02 6.4728900146e+02 6.4729199219e+02 6.4729101563e+02 6.4728497314e+02 6.4729699707e+02 6.4731597900e+02 6.4731701660e+02 6.4731298828e+02 6.4731799316e+02 6.4730297852e+02 6.4729498291e+02 6.4730401611e+02 6.4729400635e+02 6.4729302979e+02 6.4727801514e+02 6.4727801514e+02 6.4727001953e+02
6.4706896973e+02 6.4708502197e+02 6.4709698486e+02 6.4711602783e+02 6.4714202881e+02 6.4714398193e+02 6.4714801025e+02 6.4715301514e+02 6.4716802979e+02 6.4718103027e+02 6.4721301270e+02 6.4722900391e+02 6.4722198486e+02 6.4723400879e+02 6.4724798584e+02 6.4725402832e+02 6.4724401855e+02 6.4724401855e+02 6.4725799561e+02 6.4726702881e+02 6.4728198242e+02 6.4728198242e+02 6.4728100586e+02 6.4728198242e+02 6.4729699707e+02 6.4732098389e+02 6.4732800293e+02 6.4733599854e+02 6.4734600830e+02 6.4736102295e+02 6.4736499023e+02 6.4736700439e+02 6.4736901855e+02 6.4736499023e+02 6.4737402344e+02 6.4737597656e+02 6.4737701416e+02 6.4738299561e+02 6.4737097168e+02 6.4737200928e+02 6.4737597656e+02 6.4736999512e+02 6.4737500000e+02 6.4736798096e+02 6.4735998535e+02 6.4736499023e+02
6.4711297607e+02 6.4712597656e+02 6.4713800049e+02 6.4715399170e+02 6.4718103027e+02 6.4719396973e+02 6.4719598389e+02 6.4719702148e+02 6.4721600342e+02 6.4723400879e+02 6.4725402832e+02 6.4726300049e+02 6.4727099609e+02 6.4728399658e+02 6.4729797363e+02 6.4731201172e+02 6.4731402588e+02 6.4731402588e+02 6.4732501221e+02 6.4732598877e+02 6.4733001709e+02 6.4734002686e+02 6.4734497070e+02 6.4735302734e+02 6.4736297607e+02 6.4738299561e+02 6.4738598633e+02 6.4738800049e+02 6.4740002441e+02 6.4742102051e+02 6.4742999268e+02 6.4743298340e+02 6.4743103027e+02 6.4743499756e+02 6.4743902588e+02 6.4743902588e+02 6.4744598389e+02 6.4745697021e+02 6.4744500732e+02 6.4744598389e+02 6.4744000244e+02 6.4743798828e+02 6.4745697021e+02 6.4745898438e+02 6.4745300293e+02 6.4744897461e+02
6.4714898682e+02 6.4716601563e+02 6.4718402100e+02 6.4720202637e+02 6.4722302246e+02 6.4724200439e+02 6.4724902344e+02 6.4725500488e+02 6.4727197266e+02 6.4728997803e+02 6.4729602051e+02 6.4729699707e+02 6.4731597900e+02 6.4733001709e+02 6.4734899902e+02 6.4736499023e+02 6.4737402344e+02 6.4737200928e+02 6.4738800049e+02 6.4739501953e+02 6.4739898682e+02 6.4741101074e+02 6.4740997314e+02 6.4741400146e+02 6.4742401123e+02 6.4743902588e+02 6.4743798828e+02 6.4744201660e+02 6.4745501709e+02 6.4747302246e+02 6.4748400879e+02 6.4748999023e+02 6.4749200439e+02 6.4750799561e+02 6.4751898193e+02 6.4752001953e+02 6.4752001953e+02 6.4752197266e+02 6.4751000977e+02 6.4751300049e+02 6.4751202393e+02 6.4750701904e+02 6.4752099609e+02 6.4752398682e+02 6.4753802490e+02 6.4753302002e+02
6.4718499756e+02 6.4720300293e+02 6.4722698975e+02 6.4724700928e+02 6.4726599121e+02 6.4728002930e+02 6.4728997803e+02 6.4730700684e+02 6.4732299805e+02 6.4734399414e+02 6.4734600830e+02 6.4734399414e+02 6.4735797119e+02 6.4737200928e+02 6.4739898682e+02 6.4741302490e+02 6.4741802979e+02 6.4741400146e+02 6.4743597412e+02 6.4745397949e+02 6.4746398926e+02 6.4747998047e+02 6.4747998047e+02 6.4747802734e+02 6.4748498535e+02 6.4749902344e+02 6.4749499512e+02 6.4750500488e+02 6.4752301025e+02 6.4753198242e+02 6.4754101563e+02 6.4754901123e+02 6.4754901123e+02 6.4755902100e+02 6.4757501221e+02 6.4758300781e+02 6.4758398438e+02 6.4758099365e+02 6.4758099365e+02 6.4759002686e+02 6.4759100342e+02 6.4758001709e+02 6.4758599854e+02 6.4758300781e+02 6.4760400391e+02 6.4760400391e+02
6.4723901367e+02 6.4725299072e+02 6.4727502441e+02 6.4729199219e+02 6.4730700684e+02 6.4731402588e+02 6.4732501221e+02 6.4735302734e+02 6.4737200928e+02 6.4738098145e+02 6.4739099121e+02 6.4740100098e+02 6.4741302490e+02 6.4742700195e+02 6.4745397949e+02 6.4746197510e+02 6.4745300293e+02 6.4745202637e+02 6.4747900391e+02 6.4750097656e+02 6.4751501465e+02 6.4752502441e+02 6.4753698730e+02 6.4754302979e+02 6.4755102539e+02 6.4756896973e+02 6.4756701660e+02 6.4757702637e+02 6.4759399414e+02 6.4760498047e+02 6.4761199951e+02 6.4762097168e+02 6.4761700439e+02 6.4760699463e+02 6.4761901855e+02 6.4763702393e+02 6.4764898682e+02 6.4764001465e+02 6.4765197754e+02 6.4766699219e+02 6.4765698242e+02 6.4765600586e+02 6.4766699219e+02 6.4766699219e+02 6.4767102051e+02 6.4767498779e+02
6.4728997803e+02 6.4731701660e+02 6.4733599854e+02 6.4734698486e+02 6.4736401367e+02 6.4737701416e+02 6.4738000488e+02 6.4739001465e+02 6.4740997314e+02 6.4741699219e+02 6.4742498779e+02 6.4744000244e+02 6.4745599365e+02 6.4747198486e+02 6.4749499512e+02 6.4750897217e+02 6.4750500488e+02 6.4750598145e+02 6.4752801514e+02 6.4753698730e+02 6.4754699707e+02 6.4755700684e+02 6.4757501221e+02 6.4759100342e+02 6.4759698486e+02 6.4761901855e+02 6.4762097168e+02 6.4762597656e+02 6.4764202881e+02 6.4765698242e+02 6.4766497803e+02 6.4768402100e+02 6.4768298340e+02 6.4767401123e+02 6.4768597412e+02 6.4769897461e+02 6.4770202637e+02 6.4769500732e+02 6.4769897461e+02 6.4771398926e+02 6.4771899414e+02 6.4773297119e+02 6.4773699951e+02 6.4773101807e+02 6.4773797607e+02 6.4774499512e+02
6.4734197998e+02 6.4737500000e+02 6.4739300537e+02 6.4740100098e+02 6.4742199707e+02 6.4743200684e+02 6.4743298340e+02 6.4744097900e+02 6.4746301270e+02 6.4746899414e+02 6.4747302246e+02 6.4749200439e+02 6.4751800537e+02 6.4752502441e+02 6.4753198242e+02 6.4754998779e+02 6.4755999756e+02 6.4756799316e+02 6.4758099365e+02 6.4758197021e+02 6.4758898926e+02 6.4759399414e+02 6.4760900879e+02 6.4763201904e+02 6.4764202881e+02 6.4766101074e+02 6.4766900635e+02 6.4767999268e+02 6.4769598389e+02 6.4770898438e+02 6.4771600342e+02 6.4773199463e+02 6.4773400879e+02 6.4773699951e+02 6.4774902344e+02 6.4775897217e+02 6.4776000977e+02 6.4776000977e+02 6.4775897217e+02 6.4776702881e+02 6.4776702881e+02 6.4777600098e+02 6.4778302002e+02 6.4778900146e+02 6.4780102539e+02 6.4780401611e+02
6.4739501953e+02 6.4741802979e+02 6.4742901611e+02 6.4744000244e+02 6.4746697998e+02 6.4747998047e+02 6.4748400879e+02 6.4749597168e+02 6.4751898193e+02 6.4753002930e+02 6.4753399658e+02 6.4755200195e+02 6.4757800293e+02 6.4757800293e+02 6.4758398438e+02 6.4760400391e+02 6.4761401367e+02 6.4761700439e+02 6.4762597656e+02 6.4763397217e+02 6.4764599609e+02 6.4764697266e+02 6.4765600586e+02 6.4767901611e+02 6.4769299316e+02 6.4770397949e+02 6.4771502686e+02 6.4773199463e+02 6.4774902344e+02 6.4776098633e+02 6.4777099609e+02 6.4778698730e+02 6.4778698730e+02 6.4779400635e+02 6.4780499268e+02 6.4781597900e+02 6.4782598877e+02 6.4782800293e+02 6.4782897949e+02 6.4783502197e+02 6.4782299805e+02 6.4782000732e+02 6.4783197021e+02 6.4785101318e+02 6.4785797119e+02 6.4786102295e+02
6.4743798828e+02 6.4745800781e+02 6.4746801758e+02 6.4747900391e+02 6.4749798584e+02 6.4751800537e+02 6.4752398682e+02 6.4753399658e+02 6.4755499268e+02 6.4758099365e+02 6.4758398438e+02 6.4759802246e+02 6.4761297607e+02 6.4761602783e+02 6.4763201904e+02 6.4765698242e+02 6.4766699219e+02 6.4765802002e+02 6.4766198730e+02 6.4767999268e+02 6.4771099854e+02 6.4770599365e+02 6.4770898438e+02 6.4772601318e+02 6.4773901367e+02 6.4774902344e+02 6.4776000977e+02 6.4777801514e+02 6.4779101563e+02 6.4779998779e+02 6.4781597900e+02 6.4783398438e+02 6.4784002686e+02 6.4784497070e+02 6.4785302734e+02 6.4786999512e+02 6.4788897705e+02 6.4787597656e+02 6.4788299561e+02 6.4790197754e+02 6.4789001465e+02 6.4788897705e+02 6.4790197754e+02 6.4791198730e+02 6.4791699219e+02 6.4792797852e+02
6.4748101807e+02 6.4751098633e+02 6.4752697754e+02 6.4753601074e+02 6.4755297852e+02 6.4757000732e+02 6.4757000732e+02 6.4757598877e+02 6.4759698486e+02 6.4761798096e+02 6.4762701416e+02 6.4764697266e+02 6.4766998291e+02 6.4767297363e+02 6.4768902588e+02 6.4770697021e+02 6.4770800781e+02 6.4770501709e+02 6.4772100830e+02 6.4774597168e+02 6.4776397705e+02 6.4776397705e+02 6.4776300049e+02 6.4777301025e+02 6.4777899170e+02 6.4779302979e+02 6.4780700684e+02 6.4782299805e+02 6.4783398438e+02 6.4784600830e+02 6.4785998535e+02 6.4787597656e+02 6.4788800049e+02 6.4789300537e+02 6.4790399170e+02 6.4791900635e+02 6.4792602539e+02 6.4792901611e+02 6.4793103027e+02 6.4794299316e+02 6.4793902588e+02 6.4794897461e+02 6.4796197510e+02 6.4796600342e+02 6.4797302246e+02 6.4798602295e+02
6.4752001953e+02 6.4755297852e+02 6.4757098389e+02 6.4758099365e+02 6.4760101318e+02 6.4760998535e+02 6.4761401367e+02 6.4762402344e+02 6.4764898682e+02 6.4766699219e+02 6.4767297363e+02 6.4769500732e+02 6.4772198486e+02 6.4772100830e+02 6.4773699951e+02 6.4775598145e+02 6.4776098633e+02 6.4775897217e+02 6.4777502441e+02 6.4779400635e+02 6.4780297852e+02 6.4781500244e+02 6.4782202148e+02 6.4783099365e+02 6.4783300781e+02 6.4784301758e+02 6.4785498047e+02 6.4786999512e+02 6.4787402344e+02 6.4788800049e+02 6.4790698242e+02 6.4791601563e+02 6.4792797852e+02 6.4793701172e+02 6.4795001221e+02 6.4796398926e+02 6.4797302246e+02 6.4798101807e+02 6.4798101807e+02 6.4799700928e+02 6.4800000000e+02 6.4801098633e+02 6.4802301025e+02 6.4802899170e+02 6.4803302002e+02 6.4804400635e+02
6.4755999756e+02 6.4758502197e+02 6.4759899902e+02 6.4760998535e+02 6.4763800049e+02 6.4765100098e+02 6.4766101074e+02 6.4767700195e+02 6.4770202637e+02 6.4771502686e+02 6.4771801758e+02 6.4773699951e+02 6.4775897217e+02 6.4775500488e+02 6.4776898193e+02 6.4779302979e+02 6.4780999756e+02 6.4780798340e+02 6.4782000732e+02 6.4783502197e+02 6.4783898926e+02 6.4785998535e+02 6.4787701416e+02 6.4788702393e+02 6.4788800049e+02 6.4789300537e+02 6.4790399170e+02 6.4791802979e+02 6.4791601563e+02 6.4793103027e+02 6.4795800781e+02 6.4796197510e+02 6.4796697998e+02 6.4797998047e+02 6.4798999023e+02 6.4800402832e+02 6.4802099609e+02 6.4802899170e+02 6.4802502441e+02 6.4804998779e+02 6.4806799316e+02 6.4806701660e+02 6.4807800293e+02 6.4808599854e+02 6.4808599854e+02 6.4809899902e+02
