TESTSERVER/19/12.asc
NCOLS 100
NROWS 100
XLLCORNER 8.4497500000e+03
YLLCORNER 2.8935025000e+05
CELLSIZE 5.0000000000e-01
NODATA_VALUE -9.9990000000e+03
[rows 40 to 59 of 100, columns 0 to 45 of 100]
6.4512200928e+02 6.4513897705e+02 6.4516302490e+02 6.4516302490e+02 6.4515899658e+02 6.4514898682e+02 6.4515100098e+02 6.4515002441e+02 6.4514599609e+02 6.4513800049e+02 6.4514599609e+02 6.4514898682e+02 6.4513897705e+02 6.4511700439e+02 6.4509497070e+02 6.4509899902e+02 6.4508300781e+02 6.4505297852e+02 6.4504498291e+02 6.4502197266e+02 6.4499798584e+02 6.4499401855e+02 6.4498400879e+02 6.4497698975e+02 6.4497198486e+02 6.4496600342e+02 6.4495800781e+02 6.4495898438e+02 6.4491802979e+02 6.4489202881e+02 6.4489300537e+02 6.4489202881e+02 6.4487402344e+02 6.4485302734e+02 6.4485601807e+02 6.4484399414e+02 6.4483197021e+02 6.4483099365e+02 6.4483300781e+02 6.4481597900e+02 6.4480999756e+02 6.4479797363e+02 6.4477801514e+02 6.4477301025e+02 6.4476202393e+02 6.4475799561e+02
6.4520202637e+02 6.4521600342e+02 6.4522698975e+02 6.4523101807e+02 6.4523602295e+02 6.4521502686e+02 6.4521697998e+02 6.4522100830e+02 6.4522198486e+02 6.4521899414e+02 6.4523699951e+02 6.4523797607e+02 6.4522900391e+02 6.4520697021e+02 6.4518701172e+02 6.4518298340e+02 6.4517700195e+02 6.4515197754e+02 6.4514398193e+02 6.4512500000e+02 6.4510797119e+02 6.4510101318e+02 6.4508502197e+02 6.4507598877e+02 6.4506298828e+02 6.4505499268e+02 6.4505499268e+02 6.4505902100e+02 6.4502001953e+02 6.4500299072e+02 6.4501501465e+02 6.4500500488e+02 6.4498101807e+02 6.4495697021e+02 6.4495697021e+02 6.4494702148e+02 6.4494097900e+02 6.4494000244e+02 6.4492700195e+02 6.4491802979e+02 6.4491198730e+02 6.4489599609e+02 6.4487902832e+02 6.4489398193e+02 6.4487701416e+02 6.4485998535e+02
6.4527801514e+02 6.4528698730e+02 6.4528198242e+02 6.4528997803e+02 6.4530200195e+02 6.4528198242e+02 6.4528302002e+02 6.4529400635e+02 6.4530401611e+02 6.4531298828e+02 6.4533001709e+02 6.4532202148e+02 6.4530798340e+02 6.4528802490e+02 6.4527600098e+02 6.4527398682e+02 6.4526397705e+02 6.4523602295e+02 6.4523199463e+02 6.4521697998e+02 6.4520898438e+02 6.4520300293e+02 6.4518402100e+02 6.4517297363e+02 6.4515997314e+02 6.4515802002e+02 6.4516302490e+02 6.4516400146e+02 6.4513098145e+02 6.4511602783e+02 6.4513397217e+02 6.4511798096e+02 6.4509698486e+02 6.4508001709e+02 6.4507897949e+02 6.4505200195e+02 6.4504797363e+02 6.4504302979e+02 6.4501898193e+02 6.4501702881e+02 6.4500799561e+02 6.4499298096e+02 6.4498400879e+02 6.4500701904e+02 6.4498400879e+02 6.4496099854e+02
6.4534100342e+02 6.4535198975e+02 6.4534698486e+02 6.4535998535e+02 6.4536999512e+02 6.4534997559e+02 6.4535699463e+02 6.4536602783e+02 6.4538201904e+02 6.4539898682e+02 6.4540698242e+02 6.4539398193e+02 6.4538299561e+02 6.4536602783e+02 6.4535498047e+02 6.4535198975e+02 6.4533599854e+02 6.4531298828e+02 6.4531402588e+02 6.4530297852e+02 6.4530499268e+02 6.4530603027e+02 6.4528497314e+02 6.4527001953e+02 6.4525897217e+02 6.4526098633e+02 6.4526202393e+02 6.4524902344e+02 6.4522601318e+02 6.4522399902e+02 6.4523297119e+02 6.4521801758e+02 6.4520397949e+02 6.4519097900e+02 6.4519000244e+02 6.4514300537e+02 6.4512597656e+02 6.4512500000e+02 6.4511999512e+02 6.4511999512e+02 6.4510302734e+02 6.4508502197e+02 6.4508099365e+02 6.4509899902e+02 6.4508300781e+02 6.4506597900e+02
6.4540002441e+02 6.4541699219e+02 6.4542999268e+02 6.4543402100e+02 6.4543402100e+02 6.4541601563e+02 6.4543798828e+02 6.4544396973e+02 6.4545001221e+02 6.4545898438e+02 6.4545697021e+02 6.4545898438e+02 6.4545898438e+02 6.4544299316e+02 6.4542401123e+02 6.4542797852e+02 6.4540899658e+02 6.4539501953e+02 6.4539697266e+02 6.4538500977e+02 6.4539599609e+02 6.4540502930e+02 6.4538201904e+02 6.4536199951e+02 6.4535302734e+02 6.4535302734e+02 6.4534600830e+02 6.4534197998e+02 6.4533898926e+02 6.4533898926e+02 6.4532598877e+02 6.4532397461e+02 6.4532098389e+02 6.4530200195e+02 6.4529302979e+02 6.4525201416e+02 6.4523101807e+02 6.4522497559e+02 6.4522399902e+02 6.4522998047e+02 6.4521997070e+02 6.4520300293e+02 6.4520001221e+02 6.4520397949e+02 6.4518597412e+02 6.4517401123e+02
6.4546899414e+02 6.4548699951e+02 6.4549200439e+02 6.4549102783e+02 6.4549597168e+02 6.4548498535e+02 6.4549798584e+02 6.4550701904e+02 6.4551300049e+02 6.4551898193e+02 6.4551397705e+02 6.4551800537e+02 6.4552099609e+02 6.4550701904e+02 6.4549298096e+02 6.4549298096e+02 6.4548199463e+02 6.4547100830e+02 6.4548101807e+02 6.4546801758e+02 6.4547302246e+02 6.4548400879e+02 6.4546600342e+02 6.4545098877e+02 6.4545001221e+02 6.4545898438e+02 6.4545501709e+02 6.4544897461e+02 6.4543597412e+02 6.4544097900e+02 6.4543499756e+02 6.4542602539e+02 6.4542102051e+02 6.4540899658e+02 6.4539697266e+02 6.4536999512e+02 6.4536798096e+02 6.4535400391e+02 6.4533599854e+02 6.4533099365e+02 6.4532800293e+02 6.4532598877e+02 6.4532202148e+02 6.4530401611e+02 6.4527697754e+02 6.4526501465e+02
6.4553497314e+02 6.4555102539e+02 6.4554498291e+02 6.4554998779e+02 6.4556799316e+02 6.4555902100e+02 6.4556097412e+02 6.4556097412e+02 6.4556896973e+02 6.4557501221e+02 6.4557000732e+02 6.4557598877e+02 6.4557702637e+02 6.4556402588e+02 6.4555200195e+02 6.4555999756e+02 6.4555700684e+02 6.4554302979e+02 6.4555200195e+02 6.4553497314e+02 6.4553997803e+02 6.4554998779e+02 6.4553802490e+02 6.4553302002e+02 6.4554101563e+02 6.4555297852e+02 6.4554901123e+02 6.4554400635e+02 6.4552398682e+02 6.4552502441e+02 6.4553002930e+02 6.4552301025e+02 6.4551000977e+02 6.4550201416e+02 6.4550299072e+02 6.4549298096e+02 6.4549102783e+02 6.4547100830e+02 6.4545300293e+02 6.4544702148e+02 6.4544097900e+02 6.4544000244e+02 6.4542901611e+02 6.4541601563e+02 6.4539801025e+02 6.4539001465e+02
6.4560498047e+02 6.4561999512e+02 6.4561401367e+02 6.4560998535e+02 6.4562799072e+02 6.4562799072e+02 6.4562799072e+02 6.4561499023e+02 6.4562902832e+02 6.4563897705e+02 6.4562500000e+02 6.4562701416e+02 6.4563098145e+02 6.4562298584e+02 6.4561401367e+02 6.4562597656e+02 6.4562097168e+02 6.4560101318e+02 6.4561199951e+02 6.4559997559e+02 6.4560699463e+02 6.4561798096e+02 6.4560797119e+02 6.4560699463e+02 6.4561798096e+02 6.4562597656e+02 6.4562402344e+02 6.4562298584e+02 6.4561102295e+02 6.4560797119e+02 6.4561102295e+02 6.4560400391e+02 6.4559197998e+02 6.4558898926e+02 6.4560797119e+02 6.4560400391e+02 6.4559997559e+02 6.4558697510e+02 6.4557702637e+02 6.4556799316e+02 6.4555700684e+02 6.4555102539e+02 6.4553802490e+02 6.4553900146e+02 6.4552301025e+02 6.4551800537e+02
6.4565997314e+02 6.4567797852e+02 6.4568499756e+02 6.4568103027e+02 6.4568701172e+02 6.4568402100e+02 6.4568798828e+02 6.4567602539e+02 6.4569396973e+02 6.4570300293e+02 6.4567901611e+02 6.4567602539e+02 6.4568298340e+02 6.4568499756e+02 6.4567901611e+02 6.4568597412e+02 6.4567797852e+02 6.4565997314e+02 6.4566900635e+02 6.4567401123e+02 6.4567901611e+02 6.4568902588e+02 6.4568701172e+02 6.4568902588e+02 6.4570001221e+02 6.4570898438e+02 6.4570800781e+02 6.4570501709e+02 6.4570001221e+02 6.4569598389e+02 6.4570001221e+02 6.4569396973e+02 6.4568402100e+02 6.4567797852e+02 6.4569702148e+02 6.4569396973e+02 6.4568902588e+02 6.4569000244e+02 6.4569799805e+02 6.4567498779e+02 6.4565600586e+02 6.4565399170e+02 6.4565997314e+02 6.4564599609e+02 6.4563397217e+02 6.4563201904e+02
6.4571899414e+02 6.4574401855e+02 6.4575201416e+02 6.4574700928e+02 6.4575201416e+02 6.4574401855e+02 6.4574401855e+02 6.4574700928e+02 6.4575799561e+02 6.4575897217e+02 6.4573699951e+02 6.4573602295e+02 6.4574298096e+02 6.4573699951e+02 6.4572601318e+02 6.4573797607e+02 6.4574102783e+02 6.4572900391e+02 6.4573602295e+02 6.4573901367e+02 6.4574597168e+02 6.4576000977e+02 6.4575799561e+02 6.4575500488e+02 6.4576000977e+02 6.4576098633e+02 6.4576599121e+02 6.4578198242e+02 6.4577600098e+02 6.4577197266e+02 6.4578198242e+02 6.4578399658e+02 6.4577697754e+02 6.4577502441e+02 6.4579901123e+02 6.4577899170e+02 6.4577502441e+02 6.4578802490e+02 6.4579797363e+02 6.4577801514e+02 6.4576202393e+02 6.4576397705e+02 6.4577697754e+02 6.4576000977e+02 6.4574597168e+02 6.4575299072e+02
6.4578302002e+02 6.4580700684e+02 6.4580798340e+02 6.4579901123e+02 6.4581201172e+02 6.4581402588e+02 6.4580999756e+02 6.4581701660e+02 6.4582202148e+02 6.4582098389e+02 6.4580499268e+02 6.4580401611e+02 6.4580499268e+02 6.4579302979e+02 6.4577899170e+02 6.4578900146e+02 6.4579699707e+02 6.4579101563e+02 6.4580401611e+02 6.4580297852e+02 6.4580999756e+02 6.4582397461e+02 6.4582098389e+02 6.4582000732e+02 6.4582501221e+02 6.4582098389e+02 6.4582897949e+02 6.4585101318e+02 6.4584002686e+02 6.4583898926e+02 6.4585302734e+02 6.4585900879e+02 6.4585699463e+02 6.4586102295e+02 6.4588702393e+02 6.4586199951e+02 6.4586102295e+02 6.4588000488e+02 6.4588397217e+02 6.4587200928e+02 6.4585998535e+02 6.4585601807e+02 6.4586602783e+02 6.4585498047e+02 6.4584497070e+02 6.4585601807e+02
6.4584802246e+02 6.4585797119e+02 6.4585498047e+02 6.4585302734e+02 6.4586999512e+02 6.4587799072e+02 6.4587500000e+02 6.4587902832e+02 6.4588299561e+02 6.4588598633e+02 6.4587500000e+02 6.4586798096e+02 6.4586199951e+02 6.4584997559e+02 6.4584002686e+02 6.4584698486e+02 6.4585498047e+02 6.4585302734e+02 6.4587200928e+02 6.4586700439e+02 6.4586700439e+02 6.4587500000e+02 6.4587500000e+02 6.4588098145e+02 6.4589001465e+02 6.4588702393e+02 6.4589501953e+02 6.4591601563e+02 6.4590899658e+02 6.4591998291e+02 6.4592999268e+02 6.4592999268e+02 6.4593103027e+02 6.4593499756e+02 6.4595501709e+02 6.4594299316e+02 6.4595098877e+02 6.4596801758e+02 6.4596600342e+02 6.4596600342e+02 6.4596002197e+02 6.4594799805e+02 6.4596002197e+02 6.4595800781e+02 6.4595599365e+02 6.4597100830e+02
6.4590301514e+02 6.4590301514e+02 6.4590502930e+02 6.4591601563e+02 6.4592102051e+02 6.4591998291e+02 6.4592700195e+02 6.4593200684e+02 6.4594097900e+02 6.4594201660e+02 6.4592199707e+02 6.4592102051e+02 6.4591699219e+02 6.4590997314e+02 6.4590301514e+02 6.4590802002e+02 6.4591400146e+02 6.4590997314e+02 6.4592297363e+02 6.4592901611e+02 6.4593597412e+02 6.4594396973e+02 6.4594201660e+02 6.4593902588e+02 6.4594799805e+02 6.4595397949e+02 6.4596301270e+02 6.4597497559e+02 6.4597302246e+02 6.4598901367e+02 6.4600598145e+02 6.4600097656e+02 6.4599902344e+02 6.4600500488e+02 6.4603302002e+02 6.4602197266e+02 6.4603002930e+02 6.4604998779e+02 6.4605999756e+02 6.4606500244e+02 6.4606201172e+02 6.4605102539e+02 6.4605999756e+02 6.4606298828e+02 6.4605200195e+02 6.4606298828e+02
6.4594897461e+02 6.4594799805e+02 6.4596197510e+02 6.4597601318e+02 6.4597802734e+02 6.4598199463e+02 6.4598901367e+02 6.4598602295e+02 6.4599401855e+02 6.4599102783e+02 6.4597497559e+02 6.4597900391e+02 6.4597601318e+02 6.4596502686e+02 6.4596002197e+02 6.4597698975e+02 6.4598699951e+02 6.4597601318e+02 6.4597497559e+02 6.4599102783e+02 6.4600201416e+02 6.4600598145e+02 6.4600201416e+02 6.4600402832e+02 6.4601501465e+02 6.4601898193e+02 6.4602099609e+02 6.4604199219e+02 6.4603802490e+02 6.4603997803e+02 6.4605200195e+02 6.4605902100e+02 6.4605499268e+02 6.4606701660e+02 6.4610302734e+02 6.4609698486e+02 6.4610101318e+02 6.4611700439e+02 6.4612799072e+02 6.4613201904e+02 6.4613500977e+02 6.4612701416e+02 6.4613500977e+02 6.4614001465e+02 6.4613800049e+02 6.4615399170e+02
6.4600500488e+02 6.4600598145e+02 6.4603100586e+02 6.4603198242e+02 6.4603100586e+02 6.4604101563e+02 6.4605102539e+02 6.4604498291e+02 6.4604199219e+02 6.4603198242e+02 6.4602001953e+02 6.4603100586e+02 6.4603399658e+02 6.4602099609e+02 6.4601898193e+02 6.4603497314e+02 6.4603997803e+02 6.4603198242e+02 6.4603100586e+02 6.4604101563e+02 6.4605401611e+02 6.4605999756e+02 6.4605700684e+02 6.4605999756e+02 6.4607501221e+02 6.4608001709e+02 6.4608398438e+02 6.4611401367e+02 6.4611199951e+02 6.4610797119e+02 6.4611401367e+02 6.4612701416e+02 6.4612298584e+02 6.4613702393e+02 6.4615802002e+02 6.4615301514e+02 6.4616601563e+02 6.4617602539e+02 6.4618902588e+02 6.4619897461e+02 6.4620397949e+02 6.4619897461e+02 6.4620898438e+02 6.4621697998e+02 6.4622302246e+02 6.4623797607e+02
6.4605798340e+02 6.4606500244e+02 6.4609600830e+02 6.4608502197e+02 6.4608001709e+02 6.4609100342e+02 6.4609899902e+02 6.4609301758e+02 6.4608197021e+02 6.4606799316e+02 6.4606298828e+02 6.4607702637e+02 6.4608197021e+02 6.4607299805e+02 6.4607598877e+02 6.4609002686e+02 6.4609197998e+02 6.4608898926e+02 6.4609100342e+02 6.4609197998e+02 6.4610198975e+02 6.4611102295e+02 6.4611199951e+02 6.4611297607e+02 6.4612902832e+02 6.4614001465e+02 6.4614801025e+02 6.4616802979e+02 6.4616998291e+02 6.4617297363e+02 6.4617602539e+02 6.4619097900e+02 6.4619799805e+02 6.4621301270e+02 6.4621801758e+02 6.4621502686e+02 6.4624102783e+02 6.4625097656e+02 6.4626000977e+02 6.4627398682e+02 6.4627600098e+02 6.4627502441e+02 6.4628997803e+02 6.4629602051e+02 6.4630401611e+02 6.4631701660e+02
6.4611199951e+02 6.4612298584e+02 6.4613800049e+02 6.4613000488e+02 6.4613201904e+02 6.4614501953e+02 6.4614300537e+02 6.4614099121e+02 6.4613098145e+02 6.4611999512e+02 6.4612097168e+02 6.4612701416e+02 6.4612701416e+02 6.4612298584e+02 6.4612402344e+02 6.4613299561e+02 6.4614099121e+02 6.4614300537e+02 6.4614801025e+02 6.4614697266e+02 6.4615197754e+02 6.4616101074e+02 6.4616900635e+02 6.4616302490e+02 6.4617498779e+02 6.4619097900e+02 6.4620697021e+02 6.4621997070e+02 6.4622601318e+02 6.4623699951e+02 6.4623797607e+02 6.4624401855e+02 6.4626000977e+02 6.4627801514e+02 6.4627099609e+02 6.4627197266e+02 6.4630700684e+02 6.4632501221e+02 6.4632501221e+02 6.4634002686e+02 6.4634002686e+02 6.4634100342e+02 6.4636102295e+02 6.4636199951e+02 6.4637097168e+02 6.4637902832e+02
6.4615100098e+02 6.4616601563e+02 6.4618402100e+02 6.4617999268e+02 6.4618103027e+02 6.4619097900e+02 6.4619201660e+02 6.4619097900e+02 6.4618597412e+02 6.4617401123e+02 6.4616601563e+02 6.4616601563e+02 6.4616400146e+02 6.4616699219e+02 6.4617102051e+02 6.4618200684e+02 6.4618200684e+02 6.4618200684e+02 6.4620800781e+02 6.4621502686e+02 6.4621600342e+02 6.4621398926e+02 6.4621398926e+02 6.4621398926e+02 6.4622399902e+02 6.4623699951e+02 6.4625897217e+02 6.4628198242e+02 6.4628601074e+02 6.4629302979e+02 6.4628900146e+02 6.4629199219e+02 6.4630902100e+02 6.4633398438e+02 6.4634100342e+02 6.4634197998e+02 6.4637402344e+02 6.4638299561e+02 6.4638299561e+02 6.4640002441e+02 6.4640399170e+02 6.4640502930e+02 6.4642401123e+02 6.4643200684e+02 6.4643902588e+02 6.4644702148e+02
6.4620300293e+02 6.4622698975e+02 6.4624597168e+02 6.4624401855e+02 6.4623797607e+02 6.4624200439e+02 6.4623797607e+02 6.4623199463e+02 6.4623199463e+02 6.4622802734e+02 6.4621801758e+02 6.4621398926e+02 6.4621197510e+02 6.4621301270e+02 6.4621801758e+02 6.4623699951e+02 6.4623400879e+02 6.4622900391e+02 6.4625701904e+02 6.4626800537e+02 6.4627197266e+02 6.4626599121e+02 6.4626000977e+02 6.4626501465e+02 6.4627899170e+02 6.4629400635e+02 6.4631402588e+02 6.4633801270e+02 6.4634997559e+02 6.4635797119e+02 6.4634802246e+02 6.4634399414e+02 6.4635699463e+02 6.4638500977e+02 6.4640399170e+02 6.4640802002e+02 6.4643701172e+02 6.4644299316e+02 6.4644702148e+02 6.4646899414e+02 6.4647100830e+02 6.4646899414e+02 6.4648297119e+02 6.4650000000e+02 6.4650598145e+02 6.4651098633e+02
6.4624499512e+02 6.4627301025e+02 6.4629498291e+02 6.4629602051e+02 6.4628601074e+02 6.4628399658e+02 6.4627899170e+02 6.4626599121e+02 6.4626800537e+02 6.4627197266e+02 6.4627001953e+02 6.4626397705e+02 6.4625897217e+02 6.4625500488e+02 6.4625299072e+02 6.4627697754e+02 6.4628198242e+02 6.4627899170e+02 6.4629998779e+02 6.4630999756e+02 6.4631799316e+02 6.4631799316e+02 6.4630999756e+02 6.4631402588e+02 6.4633300781e+02 6.4635302734e+02 6.4636901855e+02 6.4638598633e+02 6.4640002441e+02 6.4641302490e+02 6.4640899658e+02 6.4640899658e+02 6.4641998291e+02 6.4644299316e+02 6.4645898438e+02 6.4646099854e+02 6.4648602295e+02 6.4649401855e+02 6.4650402832e+02 6.4653100586e+02 6.4653900146e+02 6.4653698730e+02 6.4654602051e+02 6.4655499268e+02 6.4656298828e+02 6.4657299805e+02
