TESTSERVER/19/13.asc
NCOLS 100
NROWS 100
XLLCORNER 8.4497500000e+03
YLLCORNER 2.8930025000e+05
CELLSIZE 5.0000000000e-01
NODATA_VALUE -9.9990000000e+03
[rows 20 to 39 of 100, columns 46 to 91 of 100]
6.4726300049e+02 6.4731896973e+02 6.4738098145e+02 6.4742999268e+02 6.4746997070e+02 6.4752197266e+02 6.4759301758e+02 6.4765100098e+02 6.4768103027e+02 6.4774401855e+02 6.4778802490e+02 6.4784100342e+02 6.4789501953e+02 6.4794000244e+02 6.4798101807e+02 6.4802502441e+02 6.4807098389e+02 6.4810900879e+02 6.4815698242e+02 6.4820397949e+02 6.4824298096e+02 6.4828497314e+02 6.4831701660e+02 6.4834802246e+02 6.4838098145e+02 6.4843200684e+02 6.4847900391e+02 6.4850598145e+02 6.4853497314e+02 6.4857098389e+02 6.4861199951e+02 6.4865301514e+02 6.4869097900e+02 6.4872698975e+02 6.4875201416e+02 6.4878601074e+02 6.4883197021e+02 6.4886401367e+02 6.4889599609e+02 6.4893103027e+02 6.4896197510e+02 6.4898498535e+02 6.4903198242e+02 6.4906597900e+02 6.4909100342e+02 6.4912500000e+02
6.4722497559e+02 6.4727001953e+02 6.4731799316e+02 6.4735498047e+02 6.4739501953e+02 6.4746398926e+02 6.4753399658e+02 6.4758697510e+02 6.4762701416e+02 6.4767401123e+02 6.4771398926e+02 6.4776599121e+02 6.4782501221e+02 6.4788000488e+02 6.4792602539e+02 6.4797100830e+02 6.4801800537e+02 6.4805798340e+02 6.4810998535e+02 6.4816400146e+02 6.4820098877e+02 6.4823699951e+02 6.4827502441e+02 6.4831799316e+02 6.4835498047e+02 6.4840399170e+02 6.4844396973e+02 6.4847198486e+02 6.4850201416e+02 6.4853698730e+02 6.4857397461e+02 6.4861102295e+02 6.4864898682e+02 6.4868597412e+02 6.4871899414e+02 6.4875799561e+02 6.4879998779e+02 6.4881896973e+02 6.4885101318e+02 6.4889300537e+02 6.4892797852e+02 6.4896002197e+02 6.4899597168e+02 6.4902801514e+02 6.4906799316e+02 6.4909899902e+02
6.4716400146e+02 6.4721697998e+02 6.4726702881e+02 6.4729998779e+02 6.4733099365e+02 6.4740197754e+02 6.4746997070e+02 6.4752697754e+02 6.4757897949e+02 6.4761999512e+02 6.4765002441e+02 6.4769500732e+02 6.4775299072e+02 6.4781201172e+02 6.4786798096e+02 6.4791699219e+02 6.4796099854e+02 6.4800000000e+02 6.4804998779e+02 6.4810699463e+02 6.4814599609e+02 6.4818200684e+02 6.4822802734e+02 6.4828002930e+02 6.4831896973e+02 6.4835498047e+02 6.4839001465e+02 6.4842498779e+02 6.4846398926e+02 6.4850000000e+02 6.4853601074e+02 6.4857299805e+02 6.4860601807e+02 6.4864099121e+02 6.4867901611e+02 6.4872100830e+02 6.4876800537e+02 6.4878997803e+02 6.4881597900e+02 6.4885198975e+02 6.4888500977e+02 6.4892297363e+02 6.4895898438e+02 6.4899200439e+02 6.4903302002e+02 6.4906402588e+02
6.4709100342e+02 6.4714599609e+02 6.4721099854e+02 6.4725500488e+02 6.4728198242e+02 6.4733801270e+02 6.4739801025e+02 6.4745501709e+02 6.4751300049e+02 6.4757397461e+02 6.4761401367e+02 6.4765100098e+02 6.4769201660e+02 6.4774499512e+02 6.4780499268e+02 6.4785699463e+02 6.4789898682e+02 6.4794299316e+02 6.4799200439e+02 6.4804498291e+02 6.4808502197e+02 6.4812500000e+02 6.4817199707e+02 6.4822302246e+02 6.4826300049e+02 6.4829498291e+02 6.4833502197e+02 6.4837799072e+02 6.4842602539e+02 6.4846197510e+02 6.4849902344e+02 6.4853497314e+02 6.4856701660e+02 6.4859997559e+02 6.4863397217e+02 6.4867401123e+02 6.4872302246e+02 6.4875097656e+02 6.4877502441e+02 6.4880902100e+02 6.4884802246e+02 6.4889001465e+02 6.4893298340e+02 6.4896801758e+02 6.4899597168e+02 6.4901898193e+02
6.4703002930e+02 6.4706799316e+02 6.4712597656e+02 6.4718402100e+02 6.4723101807e+02 6.4728601074e+02 6.4733898926e+02 6.4738897705e+02 6.4744500732e+02 6.4750299072e+02 6.4755603027e+02 6.4760400391e+02 6.4765100098e+02 6.4768499756e+02 6.4773699951e+02 6.4778900146e+02 6.4783697510e+02 6.4789099121e+02 6.4794500732e+02 6.4799200439e+02 6.4802697754e+02 6.4806799316e+02 6.4811297607e+02 6.4815899658e+02 6.4820397949e+02 6.4824902344e+02 6.4829602051e+02 6.4834600830e+02 6.4840002441e+02 6.4842797852e+02 6.4846301270e+02 6.4849700928e+02 6.4853698730e+02 6.4857000732e+02 6.4859497070e+02 6.4862799072e+02 6.4867498779e+02 6.4870697021e+02 6.4873498535e+02 6.4877600098e+02 6.4882397461e+02 6.4885699463e+02 6.4889300537e+02 6.4893402100e+02 6.4896002197e+02 6.4897998047e+02
6.4696099854e+02 6.4700598145e+02 6.4705297852e+02 6.4711297607e+02 6.4716101074e+02 6.4720898438e+02 6.4726702881e+02 6.4732098389e+02 6.4737500000e+02 6.4742999268e+02 6.4748199463e+02 6.4753399658e+02 6.4758398438e+02 6.4763201904e+02 6.4768200684e+02 6.4772399902e+02 6.4776898193e+02 6.4782202148e+02 6.4787597656e+02 6.4792401123e+02 6.4796600342e+02 6.4801300049e+02 6.4805999756e+02 6.4810900879e+02 6.4815100098e+02 6.4820098877e+02 6.4824298096e+02 6.4828399658e+02 6.4834002686e+02 6.4838299561e+02 6.4842602539e+02 6.4845501709e+02 6.4849200439e+02 6.4854302979e+02 6.4857202148e+02 6.4859899902e+02 6.4863299561e+02 6.4865997314e+02 6.4868798828e+02 6.4872900391e+02 6.4877899170e+02 6.4882098389e+02 6.4885302734e+02 6.4888098145e+02 6.4890899658e+02 6.4894000244e+02
6.4687701416e+02 6.4693798828e+02 6.4698699951e+02 6.4703900146e+02 6.4709002686e+02 6.4713598633e+02 6.4719598389e+02 6.4725097656e+02 6.4730700684e+02 6.4736199951e+02 6.4741400146e+02 6.4746600342e+02 6.4751599121e+02 6.4757501221e+02 6.4763098145e+02 6.4767199707e+02 6.4771502686e+02 6.4776000977e+02 6.4780700684e+02 6.4785101318e+02 6.4789599609e+02 6.4794097900e+02 6.4798699951e+02 6.4803698730e+02 6.4808001709e+02 6.4813299561e+02 6.4817999268e+02 6.4822100830e+02 6.4827301025e+02 6.4832000732e+02 6.4837402344e+02 6.4840600586e+02 6.4844299316e+02 6.4850201416e+02 6.4853900146e+02 6.4856896973e+02 6.4860198975e+02 6.4863098145e+02 6.4865802002e+02 6.4869299316e+02 6.4873297119e+02 6.4878002930e+02 6.4881597900e+02 6.4884100342e+02 6.4886798096e+02 6.4889697266e+02
6.4680499268e+02 6.4686297607e+02 6.4691400146e+02 6.4696502686e+02 6.4701098633e+02 6.4706597900e+02 6.4712799072e+02 6.4718499756e+02 6.4724102783e+02 6.4729400635e+02 6.4734497070e+02 6.4739697266e+02 6.4744598389e+02 6.4750500488e+02 6.4755499268e+02 6.4759497070e+02 6.4764599609e+02 6.4769598389e+02 6.4774298096e+02 6.4778497314e+02 6.4782800293e+02 6.4786999512e+02 6.4791302490e+02 6.4796301270e+02 6.4801300049e+02 6.4807202148e+02 6.4812701416e+02 6.4817199707e+02 6.4821600342e+02 6.4825897217e+02 6.4831701660e+02 6.4835198975e+02 6.4839202881e+02 6.4845202637e+02 6.4849200439e+02 6.4852697754e+02 6.4856402588e+02 6.4860198975e+02 6.4862799072e+02 6.4865600586e+02 6.4869201660e+02 6.4873400879e+02 6.4876898193e+02 6.4879699707e+02 6.4882702637e+02 6.4885400391e+02
6.4674298096e+02 6.4678601074e+02 6.4683300781e+02 6.4689300537e+02 6.4693701172e+02 6.4699700928e+02 6.4706201172e+02 6.4711798096e+02 6.4717297363e+02 6.4722497559e+02 6.4727301025e+02 6.4732897949e+02 6.4738598633e+02 6.4743298340e+02 6.4747601318e+02 6.4751300049e+02 6.4755999756e+02 6.4761999512e+02 6.4767401123e+02 6.4772100830e+02 6.4777099609e+02 6.4781500244e+02 6.4785900879e+02 6.4790997314e+02 6.4795300293e+02 6.4801300049e+02 6.4807000732e+02 6.4811901855e+02 6.4816198730e+02 6.4820300293e+02 6.4825402832e+02 6.4828997803e+02 6.4833502197e+02 6.4839398193e+02 6.4843200684e+02 6.4846600342e+02 6.4850598145e+02 6.4855401611e+02 6.4858197021e+02 6.4861199951e+02 6.4866198730e+02 6.4870300293e+02 6.4872998047e+02 6.4875799561e+02 6.4879302979e+02 6.4881298828e+02
6.4667199707e+02 6.4671600342e+02 6.4677001953e+02 6.4682598877e+02 6.4686602783e+02 6.4691699219e+02 6.4698901367e+02 6.4704901123e+02 6.4709997559e+02 6.4714202881e+02 6.4718200684e+02 6.4723999023e+02 6.4729699707e+02 6.4735699463e+02 6.4741497803e+02 6.4745898438e+02 6.4749902344e+02 6.4754998779e+02 6.4759899902e+02 6.4764599609e+02 6.4770098877e+02 6.4775701904e+02 6.4780999756e+02 6.4786499023e+02 6.4790002441e+02 6.4793902588e+02 6.4798901367e+02 6.4804101563e+02 6.4809497070e+02 6.4814801025e+02 6.4819598389e+02 6.4822802734e+02 6.4826800537e+02 6.4832501221e+02 6.4836700439e+02 6.4840399170e+02 6.4844598389e+02 6.4849200439e+02 6.4852600098e+02 6.4856701660e+02 6.4862902832e+02 6.4867102051e+02 6.4869396973e+02 6.4872100830e+02 6.4875000000e+02 6.4877697754e+02
6.4659997559e+02 6.4664398193e+02 6.4669500732e+02 6.4674597168e+02 6.4678802490e+02 6.4683801270e+02 6.4690698242e+02 6.4696197510e+02 6.4701702881e+02 6.4706701660e+02 6.4711199951e+02 6.4716198730e+02 6.4721197510e+02 6.4727301025e+02 6.4734197998e+02 6.4740002441e+02 6.4744201660e+02 6.4748901367e+02 6.4752899170e+02 6.4756597900e+02 6.4761901855e+02 6.4767700195e+02 6.4773999023e+02 6.4780700684e+02 6.4784802246e+02 6.4787799072e+02 6.4792401123e+02 6.4797802734e+02 6.4803002930e+02 6.4808300781e+02 6.4813500977e+02 6.4817199707e+02 6.4821398926e+02 6.4826397705e+02 6.4830102539e+02 6.4833697510e+02 6.4837902832e+02 6.4842999268e+02 6.4846697998e+02 6.4851300049e+02 6.4857501221e+02 6.4861499023e+02 6.4863800049e+02 6.4867297363e+02 6.4870300293e+02 6.4873400879e+02
6.4651702881e+02 6.4655798340e+02 6.4660198975e+02 6.4665100098e+02 6.4670599365e+02 6.4677197266e+02 6.4684399414e+02 6.4689001465e+02 6.4693499756e+02 6.4698999023e+02 6.4704302979e+02 6.4709497070e+02 6.4714001465e+02 6.4719799805e+02 6.4726300049e+02 6.4732397461e+02 6.4737402344e+02 6.4742602539e+02 6.4746398926e+02 6.4749798584e+02 6.4754699707e+02 6.4759600830e+02 6.4765698242e+02 6.4773101807e+02 6.4778601074e+02 6.4781799316e+02 6.4785900879e+02 6.4791101074e+02 6.4796697998e+02 6.4801300049e+02 6.4806201172e+02 6.4810101318e+02 6.4814599609e+02 6.4819396973e+02 6.4823699951e+02 6.4827099609e+02 6.4830700684e+02 6.4836798096e+02 6.4840997314e+02 6.4845202637e+02 6.4850598145e+02 6.4854901123e+02 6.4857299805e+02 6.4861102295e+02 6.4864501953e+02 6.4868200684e+02
6.4643298340e+02 6.4647900391e+02 6.4652301025e+02 6.4657299805e+02 6.4662902832e+02 6.4669500732e+02 6.4676800537e+02 6.4682702637e+02 6.4686901855e+02 6.4690802002e+02 6.4695697021e+02 6.4702001953e+02 6.4707800293e+02 6.4713702393e+02 6.4720001221e+02 6.4725402832e+02 6.4729498291e+02 6.4734600830e+02 6.4739599609e+02 6.4744201660e+02 6.4749200439e+02 6.4753302002e+02 6.4757897949e+02 6.4764398193e+02 6.4770800781e+02 6.4775598145e+02 6.4779400635e+02 6.4784399414e+02 6.4790399170e+02 6.4794702148e+02 6.4798400879e+02 6.4801800537e+02 6.4805603027e+02 6.4810601807e+02 6.4815997314e+02 6.4820501709e+02 6.4823602295e+02 6.4829998779e+02 6.4835400391e+02 6.4839202881e+02 6.4842602539e+02 6.4847100830e+02 6.4850097656e+02 6.4853802490e+02 6.4857897949e+02 6.4862799072e+02
6.4634802246e+02 6.4640502930e+02 6.4646398926e+02 6.4651501465e+02 6.4655603027e+02 6.4661798096e+02 6.4668298340e+02 6.4675201416e+02 6.4680798340e+02 6.4684698486e+02 6.4689001465e+02 6.4695300293e+02 6.4701397705e+02 6.4708001709e+02 6.4714300537e+02 6.4719201660e+02 6.4722698975e+02 6.4726800537e+02 6.4731896973e+02 6.4737097168e+02 6.4742199707e+02 6.4747302246e+02 6.4751397705e+02 6.4756402588e+02 6.4761602783e+02 6.4766497803e+02 6.4770800781e+02 6.4775897217e+02 6.4782098389e+02 6.4787298584e+02 6.4792102051e+02 6.4795898438e+02 6.4799102783e+02 6.4803198242e+02 6.4808197021e+02 6.4813897705e+02 6.4817199707e+02 6.4822399902e+02 6.4828399658e+02 6.4832397461e+02 6.4835797119e+02 6.4840002441e+02 6.4843402100e+02 6.4847198486e+02 6.4851898193e+02 6.4857202148e+02
6.4627099609e+02 6.4632598877e+02 6.4639001465e+02 6.4644799805e+02 6.4649298096e+02 6.4655603027e+02 6.4660797119e+02 6.4666802979e+02 6.4673400879e+02 6.4679101563e+02 6.4684002686e+02 6.4689398193e+02 6.4694000244e+02 6.4699798584e+02 6.4706201172e+02 6.4711401367e+02 6.4715301514e+02 6.4720202637e+02 6.4725000000e+02 6.4729699707e+02 6.4734600830e+02 6.4740399170e+02 6.4744598389e+02 6.4748699951e+02 6.4753302002e+02 6.4758599854e+02 6.4762902832e+02 6.4767797852e+02 6.4773797607e+02 6.4777899170e+02 6.4782800293e+02 6.4787402344e+02 6.4792199707e+02 6.4796697998e+02 6.4801000977e+02 6.4806597900e+02 6.4810400391e+02 6.4815002441e+02 6.4821099854e+02 6.4825598145e+02 6.4829199219e+02 6.4832897949e+02 6.4836297607e+02 6.4840502930e+02 6.4845300293e+02 6.4850402832e+02
6.4619799805e+02 6.4624401855e+02 6.4629901123e+02 6.4635797119e+02 6.4642199707e+02 6.4648797607e+02 6.4653900146e+02 6.4659002686e+02 6.4664898682e+02 6.4670697021e+02 6.4676397705e+02 6.4681896973e+02 6.4686499023e+02 6.4691699219e+02 6.4697900391e+02 6.4703002930e+02 6.4707397461e+02 6.4713299561e+02 6.4718200684e+02 6.4722900391e+02 6.4727099609e+02 6.4732598877e+02 6.4736999512e+02 6.4741198730e+02 6.4745898438e+02 6.4750897217e+02 6.4754998779e+02 6.4759399414e+02 6.4765301514e+02 6.4769299316e+02 6.4773999023e+02 6.4778601074e+02 6.4784100342e+02 6.4789398193e+02 6.4794299316e+02 6.4800097656e+02 6.4804302979e+02 6.4808898926e+02 6.4814898682e+02 6.4819299316e+02 6.4822399902e+02 6.4826098633e+02 6.4830200195e+02 6.4834600830e+02 6.4838702393e+02 6.4843200684e+02
6.4612097168e+02 6.4616198730e+02 6.4620898438e+02 6.4626702881e+02 6.4633398438e+02 6.4639599609e+02 6.4645300293e+02 6.4651000977e+02 6.4657000732e+02 6.4661401367e+02 6.4666400146e+02 6.4672497559e+02 6.4679101563e+02 6.4685400391e+02 6.4691400146e+02 6.4696002197e+02 6.4699401855e+02 6.4704699707e+02 6.4710400391e+02 6.4716302490e+02 6.4721600342e+02 6.4724902344e+02 6.4729498291e+02 6.4734600830e+02 6.4739300537e+02 6.4743597412e+02 6.4747601318e+02 6.4751702881e+02 6.4756799316e+02 6.4761901855e+02 6.4767199707e+02 6.4771502686e+02 6.4776599121e+02 6.4781201172e+02 6.4786297607e+02 6.4792498779e+02 6.4797198486e+02 6.4802899170e+02 6.4808398438e+02 6.4812200928e+02 6.4815600586e+02 6.4820098877e+02 6.4824298096e+02 6.4828198242e+02 6.4831896973e+02 6.4836401367e+02
6.4603302002e+02 6.4608599854e+02 6.4614300537e+02 6.4620202637e+02 6.4626000977e+02 6.4631201172e+02 6.4636102295e+02 6.4641302490e+02 6.4647998047e+02 6.4652697754e+02 6.4656402588e+02 6.4661700439e+02 6.4668200684e+02 6.4676300049e+02 6.4683801270e+02 6.4689099121e+02 6.4691998291e+02 6.4696099854e+02 6.4701800537e+02 6.4707800293e+02 6.4713897705e+02 6.4718298340e+02 6.4722900391e+02 6.4727801514e+02 6.4731701660e+02 6.4736499023e+02 6.4740698242e+02 6.4745697021e+02 6.4751599121e+02 6.4755700684e+02 6.4760400391e+02 6.4765100098e+02 6.4770397949e+02 6.4774597168e+02 6.4778802490e+02 6.4784497070e+02 6.4789697266e+02 6.4794702148e+02 6.4799902344e+02 6.4803900146e+02 6.4807897949e+02 6.4812799072e+02 6.4817102051e+02 6.4820898438e+02 6.4824200439e+02 6.4828002930e+02
6.4594396973e+02 6.4600402832e+02 6.4606201172e+02 6.4612402344e+02 6.4618200684e+02 6.4622998047e+02 6.4627398682e+02 6.4631799316e+02 6.4638299561e+02 6.4644799805e+02 6.4649200439e+02 6.4653997803e+02 6.4659698486e+02 6.4667297363e+02 6.4674700928e+02 6.4680700684e+02 6.4684497070e+02 6.4688500977e+02 6.4693798828e+02 6.4699102783e+02 6.4705200195e+02 6.4710797119e+02 6.4715399170e+02 6.4720001221e+02 6.4723901367e+02 6.4729602051e+02 6.4734100342e+02 6.4739099121e+02 6.4745098877e+02 6.4748901367e+02 6.4753399658e+02 6.4758001709e+02 6.4763000488e+02 6.4767102051e+02 6.4771502686e+02 6.4777697754e+02 6.4783099365e+02 6.4787597656e+02 6.4792797852e+02 6.4797302246e+02 6.4800598145e+02 6.4804797363e+02 6.4809802246e+02 6.4814501953e+02 6.4817797852e+02 6.4821301270e+02
6.4584802246e+02 6.4591400146e+02 6.4597100830e+02 6.4603399658e+02 6.4609399414e+02 6.4614398193e+02 6.4619097900e+02 6.4622998047e+02 6.4628302002e+02 6.4635998535e+02 6.4641802979e+02 6.4647698975e+02 6.4653601074e+02 6.4659802246e+02 6.4665600586e+02 6.4671099854e+02 6.4676000977e+02 6.4680902100e+02 6.4686297607e+02 6.4691497803e+02 6.4697198486e+02 6.4702502441e+02 6.4707299805e+02 6.4712298584e+02 6.4716699219e+02 6.4722802734e+02 6.4727600098e+02 6.4732397461e+02 6.4737402344e+02 6.4741101074e+02 6.4745800781e+02 6.4750598145e+02 6.4755401611e+02 6.4759600830e+02 6.4764300537e+02 6.4770898438e+02 6.4775897217e+02 6.4779998779e+02 6.4784899902e+02 6.4789697266e+02 6.4793499756e+02 6.4797198486e+02 6.4802197266e+02 6.4807202148e+02 6.4810998535e+02 6.4814300537e+02
