TESTSERVER/19/13.asc
NCOLS 100
NROWS 100
XLLCORNER 8.4497500000e+03
YLLCORNER 2.8930025000e+05
CELLSIZE 5.0000000000e-01
NODATA_VALUE -9.9990000000e+03
[rows 80 to 99 of 100, columns 46 to 91 of 100]
6.4321502686e+02 6.4320300293e+02 6.4320001221e+02 6.4319097900e+02 6.4317297363e+02 6.4317102051e+02 6.4318103027e+02 6.4318499756e+02 6.4317297363e+02 6.4317498779e+02 6.4317999268e+02 6.4318103027e+02 6.4317498779e+02 6.4316400146e+02 6.4316497803e+02 6.4315600586e+02 6.4313397217e+02 6.4314697266e+02 6.4314300537e+02 6.4313598633e+02 6.4313897705e+02 6.4312597656e+02 6.4312402344e+02 6.4315802002e+02 6.4323602295e+02 6.4328698730e+02 6.4333599854e+02 6.4339300537e+02 6.4345300293e+02 6.4350402832e+02 6.4355798340e+02 6.4360900879e+02 6.4366699219e+02 6.4371801758e+02 6.4377398682e+02 6.4382897949e+02 6.4387402344e+02 6.4390002441e+02 6.4392401123e+02 6.4396997070e+02 6.4402502441e+02 6.4406298828e+02 6.4409197998e+02 6.4412701416e+02 6.4416400146e+02 6.4419201660e+02
6.4315197754e+02 6.4316601563e+02 6.4315502930e+02 6.4314202881e+02 6.4313098145e+02 6.4312799072e+02 6.4315502930e+02 6.4317102051e+02 6.4315600586e+02 6.4315100098e+02 6.4315002441e+02 6.4315197754e+02 6.4315600586e+02 6.4314501953e+02 6.4314398193e+02 6.4313800049e+02 6.4312500000e+02 6.4312298584e+02 6.4311700439e+02 6.4311798096e+02 6.4312097168e+02 6.4310400391e+02 6.4308502197e+02 6.4309100342e+02 6.4313598633e+02 6.4317797852e+02 6.4322900391e+02 6.4329602051e+02 6.4335498047e+02 6.4340997314e+02 6.4346899414e+02 6.4351202393e+02 6.4355401611e+02 6.4360601807e+02 6.4367498779e+02 6.4373199463e+02 6.4378302002e+02 6.4382098389e+02 6.4384899902e+02 6.4388702393e+02 6.4392602539e+02 6.4395501709e+02 6.4398797607e+02 6.4403302002e+02 6.4406500244e+02 6.4409002686e+02
6.4306500244e+02 6.4311102295e+02 6.4312200928e+02 6.4311401367e+02 6.4310101318e+02 6.4310998535e+02 6.4314202881e+02 6.4315899658e+02 6.4314001465e+02 6.4313201904e+02 6.4312298584e+02 6.4312200928e+02 6.4313201904e+02 6.4312701416e+02 6.4311999512e+02 6.4310797119e+02 6.4310198975e+02 6.4309600830e+02 6.4309002686e+02 6.4309002686e+02 6.4309197998e+02 6.4308099365e+02 6.4306298828e+02 6.4305499268e+02 6.4306799316e+02 6.4309002686e+02 6.4313702393e+02 6.4320098877e+02 6.4325000000e+02 6.4330297852e+02 6.4336297607e+02 6.4341101074e+02 6.4345898438e+02 6.4350500488e+02 6.4356799316e+02 6.4362701416e+02 6.4368701172e+02 6.4373797607e+02 6.4377301025e+02 6.4380401611e+02 6.4383001709e+02 6.4385699463e+02 6.4389300537e+02 6.4393499756e+02 6.4396801758e+02 6.4398999023e+02
6.4288800049e+02 6.4298400879e+02 6.4306402588e+02 6.4309399414e+02 6.4306896973e+02 6.4308099365e+02 6.4311199951e+02 6.4312902832e+02 6.4310998535e+02 6.4310400391e+02 6.4309497070e+02 6.4309002686e+02 6.4309600830e+02 6.4310400391e+02 6.4309997559e+02 6.4307897949e+02 6.4307299805e+02 6.4307501221e+02 6.4306701660e+02 6.4306097412e+02 6.4306402588e+02 6.4305499268e+02 6.4304602051e+02 6.4304302979e+02 6.4304302979e+02 6.4303900146e+02 6.4305902100e+02 6.4310400391e+02 6.4314697266e+02 6.4319598389e+02 6.4325299072e+02 6.4330902100e+02 6.4336901855e+02 6.4341400146e+02 6.4346697998e+02 6.4352301025e+02 6.4358599854e+02 6.4364697266e+02 6.4369097900e+02 6.4372100830e+02 6.4374298096e+02 6.4377600098e+02 6.4381298828e+02 6.4384497070e+02 6.4387402344e+02 6.4390002441e+02
6.4263201904e+02 6.4275402832e+02 6.4292199707e+02 6.4302899170e+02 6.4301397705e+02 6.4302197266e+02 6.4305401611e+02 6.4306896973e+02 6.4305102539e+02 6.4305603027e+02 6.4306097412e+02 6.4305798340e+02 6.4305297852e+02 6.4306298828e+02 6.4307299805e+02 6.4306097412e+02 6.4305401611e+02 6.4305700684e+02 6.4304498291e+02 6.4303601074e+02 6.4304101563e+02 6.4303698730e+02 6.4303002930e+02 6.4302899170e+02 6.4302099609e+02 6.4300201416e+02 6.4299700928e+02 6.4302099609e+02 6.4306799316e+02 6.4310498047e+02 6.4315698242e+02 6.4321398926e+02 6.4327001953e+02 6.4331201172e+02 6.4336499023e+02 6.4342102051e+02 6.4348400879e+02 6.4353698730e+02 6.4358599854e+02 6.4362902832e+02 6.4366998291e+02 6.4369702148e+02 6.4373297119e+02 6.4376000977e+02 6.4377697754e+02 6.4380603027e+02
6.4245697021e+02 6.4251098633e+02 6.4267901611e+02 6.4287902832e+02 6.4297900391e+02 6.4298400879e+02 6.4299200439e+02 6.4300201416e+02 6.4299798584e+02 6.4300701904e+02 6.4301898193e+02 6.4302697754e+02 6.4302697754e+02 6.4303002930e+02 6.4304302979e+02 6.4304302979e+02 6.4303900146e+02 6.4303002930e+02 6.4302197266e+02 6.4301800537e+02 6.4301599121e+02 6.4301000977e+02 6.4300097656e+02 6.4299597168e+02 6.4298999023e+02 6.4298999023e+02 6.4298498535e+02 6.4297198486e+02 6.4297998047e+02 6.4300402832e+02 6.4305297852e+02 6.4311199951e+02 6.4316497803e+02 6.4320300293e+02 6.4326300049e+02 6.4333398438e+02 6.4339001465e+02 6.4343597412e+02 6.4348297119e+02 6.4353002930e+02 6.4358099365e+02 6.4361401367e+02 6.4364300537e+02 6.4367297363e+02 6.4368402100e+02 6.4370697021e+02
6.4233300781e+02 6.4230798340e+02 6.4240301514e+02 6.4264001465e+02 6.4289898682e+02 6.4296301270e+02 6.4293701172e+02 6.4292102051e+02 6.4293103027e+02 6.4295202637e+02 6.4297198486e+02 6.4298602295e+02 6.4299102783e+02 6.4299298096e+02 6.4300799561e+02 6.4301599121e+02 6.4301702881e+02 6.4300701904e+02 6.4300201416e+02 6.4299298096e+02 6.4298797607e+02 6.4298101807e+02 6.4297198486e+02 6.4296801758e+02 6.4296197510e+02 6.4296502686e+02 6.4296600342e+02 6.4294897461e+02 6.4292901611e+02 6.4293200684e+02 6.4296600342e+02 6.4301397705e+02 6.4306402588e+02 6.4309497070e+02 6.4315502930e+02 6.4323101807e+02 6.4329101563e+02 6.4333801270e+02 6.4338500977e+02 6.4343200684e+02 6.4348297119e+02 6.4351397705e+02 6.4352899170e+02 6.4355999756e+02 6.4358502197e+02 6.4361401367e+02
6.4219799805e+02 6.4217797852e+02 6.4221502686e+02 6.4241900635e+02 6.4274499512e+02 6.4290502930e+02 6.4289099121e+02 6.4285699463e+02 6.4286700439e+02 6.4289599609e+02 6.4291802979e+02 6.4292797852e+02 6.4293298340e+02 6.4294201660e+02 6.4296398926e+02 6.4298199463e+02 6.4298400879e+02 6.4297802734e+02 6.4298199463e+02 6.4297601318e+02 6.4296600342e+02 6.4296002197e+02 6.4295300293e+02 6.4294897461e+02 6.4294299316e+02 6.4292999268e+02 6.4292602539e+02 6.4292602539e+02 6.4291198730e+02 6.4290197754e+02 6.4291302490e+02 6.4293499756e+02 6.4297497559e+02 6.4300299072e+02 6.4305499268e+02 6.4312799072e+02 6.4319299316e+02 6.4323901367e+02 6.4328601074e+02 6.4333300781e+02 6.4338000488e+02 6.4342297363e+02 6.4345098877e+02 6.4348498535e+02 6.4350701904e+02 6.4353997803e+02
6.4199902344e+02 6.4212298584e+02 6.4219299316e+02 6.4233599854e+02 6.4255401611e+02 6.4276501465e+02 6.4281896973e+02 6.4281701660e+02 6.4287597656e+02 6.4288299561e+02 6.4288299561e+02 6.4286602783e+02 6.4286102295e+02 6.4287500000e+02 6.4290301514e+02 6.4293103027e+02 6.4294897461e+02 6.4294500732e+02 6.4295599365e+02 6.4295202637e+02 6.4293597412e+02 6.4293701172e+02 6.4293298340e+02 6.4292999268e+02 6.4292401123e+02 6.4290002441e+02 6.4289398193e+02 6.4290197754e+02 6.4289599609e+02 6.4289599609e+02 6.4288500977e+02 6.4286999512e+02 6.4288000488e+02 6.4292199707e+02 6.4297100830e+02 6.4303198242e+02 6.4308898926e+02 6.4314599609e+02 6.4319097900e+02 6.4323199463e+02 6.4327197266e+02 6.4332501221e+02 6.4337799072e+02 6.4341400146e+02 6.4343103027e+02 6.4346899414e+02
6.4185302734e+02 6.4201000977e+02 6.4217199707e+02 6.4235601807e+02 6.4246301270e+02 6.4259600830e+02 6.4269500732e+02 6.4274298096e+02 6.4283197021e+02 6.4286999512e+02 6.4286401367e+02 6.4283300781e+02 6.4281500244e+02 6.4282397461e+02 6.4284600830e+02 6.4286297607e+02 6.4288201904e+02 6.4290002441e+02 6.4291400146e+02 6.4291900635e+02 6.4292199707e+02 6.4291699219e+02 6.4290502930e+02 6.4290002441e+02 6.4290002441e+02 6.4288598633e+02 6.4287402344e+02 6.4287701416e+02 6.4287200928e+02 6.4287200928e+02 6.4285900879e+02 6.4283599854e+02 6.4283599854e+02 6.4285601807e+02 6.4290100098e+02 6.4294598389e+02 6.4298797607e+02 6.4305401611e+02 6.4310498047e+02 6.4314501953e+02 6.4317999268e+02 6.4322100830e+02 6.4327099609e+02 6.4330499268e+02 6.4333099365e+02 6.4337597656e+02
6.4168597412e+02 6.4184497070e+02 6.4204199219e+02 6.4224499512e+02 6.4232397461e+02 6.4245800781e+02 6.4262200928e+02 6.4270599365e+02 6.4276599121e+02 6.4281597900e+02 6.4282800293e+02 6.4280603027e+02 6.4278399658e+02 6.4279302979e+02 6.4281298828e+02 6.4282299805e+02 6.4283898926e+02 6.4287298584e+02 6.4288397217e+02 6.4288500977e+02 6.4289501953e+02 6.4289501953e+02 6.4288598633e+02 6.4287500000e+02 6.4287097168e+02 6.4286297607e+02 6.4285101318e+02 6.4284600830e+02 6.4283801270e+02 6.4283801270e+02 6.4283197021e+02 6.4281799316e+02 6.4281402588e+02 6.4280700684e+02 6.4283197021e+02 6.4286901855e+02 6.4290802002e+02 6.4296398926e+02 6.4302197266e+02 6.4307299805e+02 6.4310699463e+02 6.4314300537e+02 6.4318402100e+02 6.4321398926e+02 6.4323901367e+02 6.4328698730e+02
6.4157598877e+02 6.4168499756e+02 6.4185400391e+02 6.4205102539e+02 6.4217901611e+02 6.4236901855e+02 6.4257598877e+02 6.4267401123e+02 6.4270098877e+02 6.4276501465e+02 6.4281201172e+02 6.4281298828e+02 6.4278497314e+02 6.4276898193e+02 6.4277801514e+02 6.4279699707e+02 6.4282000732e+02 6.4285302734e+02 6.4285198975e+02 6.4284399414e+02 6.4285198975e+02 6.4285601807e+02 6.4285498047e+02 6.4284600830e+02 6.4283599854e+02 6.4283197021e+02 6.4282299805e+02 6.4281500244e+02 6.4280102539e+02 6.4279901123e+02 6.4279998779e+02 6.4279498291e+02 6.4279302979e+02 6.4277301025e+02 6.4277502441e+02 6.4279901123e+02 6.4284002686e+02 6.4287701416e+02 6.4293798828e+02 6.4300000000e+02 6.4303900146e+02 6.4306896973e+02 6.4310601807e+02 6.4313702393e+02 6.4316302490e+02 6.4320501709e+02
6.4155700684e+02 6.4157299805e+02 6.4167797852e+02 6.4186901855e+02 6.4208001709e+02 6.4227197266e+02 6.4243200684e+02 6.4253497314e+02 6.4261499023e+02 6.4271398926e+02 6.4282397461e+02 6.4285699463e+02 6.4281799316e+02 6.4275000000e+02 6.4273699951e+02 6.4276800537e+02 6.4280297852e+02 6.4282000732e+02 6.4281298828e+02 6.4280297852e+02 6.4281298828e+02 6.4280798340e+02 6.4281597900e+02 6.4282702637e+02 6.4282702637e+02 6.4281402588e+02 6.4280401611e+02 6.4279498291e+02 6.4278698730e+02 6.4277398682e+02 6.4277301025e+02 6.4277197266e+02 6.4276898193e+02 6.4275299072e+02 6.4273901367e+02 6.4273999023e+02 6.4275897217e+02 6.4280297852e+02 6.4285797119e+02 6.4292199707e+02 6.4296502686e+02 6.4298498535e+02 6.4302600098e+02 6.4306896973e+02 6.4309997559e+02 6.4313702393e+02
6.4158398438e+02 6.4157299805e+02 6.4159600830e+02 6.4170202637e+02 6.4188897705e+02 6.4206402588e+02 6.4220300293e+02 6.4230603027e+02 6.4242797852e+02 6.4257800293e+02 6.4273699951e+02 6.4281799316e+02 6.4281500244e+02 6.4279998779e+02 6.4276599121e+02 6.4274902344e+02 6.4276000977e+02 6.4277398682e+02 6.4278698730e+02 6.4279302979e+02 6.4278601074e+02 6.4276898193e+02 6.4277697754e+02 6.4279699707e+02 6.4281097412e+02 6.4280102539e+02 6.4278802490e+02 6.4277502441e+02 6.4276599121e+02 6.4275402832e+02 6.4275097656e+02 6.4275299072e+02 6.4275000000e+02 6.4273297119e+02 6.4272399902e+02 6.4271697998e+02 6.4270300293e+02 6.4272198486e+02 6.4277697754e+02 6.4283898926e+02 6.4289001465e+02 6.4291802979e+02 6.4295300293e+02 6.4299298096e+02 6.4302099609e+02 6.4306597900e+02
6.4155700684e+02 6.4158801270e+02 6.4159197998e+02 6.4161901855e+02 6.4171801758e+02 6.4185699463e+02 6.4201300049e+02 6.4213201904e+02 6.4222698975e+02 6.4236602783e+02 6.4253198242e+02 6.4265899658e+02 6.4276098633e+02 6.4284197998e+02 6.4279602051e+02 6.4274401855e+02 6.4276098633e+02 6.4275500488e+02 6.4275701904e+02 6.4276800537e+02 6.4276000977e+02 6.4273901367e+02 6.4273999023e+02 6.4275402832e+02 6.4276800537e+02 6.4277301025e+02 6.4277099609e+02 6.4275598145e+02 6.4273797607e+02 6.4272802734e+02 6.4272302246e+02 6.4271997070e+02 6.4271697998e+02 6.4270501709e+02 6.4270599365e+02 6.4270300293e+02 6.4267700195e+02 6.4267297363e+02 6.4271600342e+02 6.4277301025e+02 6.4282000732e+02 6.4285498047e+02 6.4289202881e+02 6.4292498779e+02 6.4294598389e+02 6.4298498535e+02
6.4141601563e+02 6.4152502441e+02 6.4159802246e+02 6.4162500000e+02 6.4164599609e+02 6.4171398926e+02 6.4184802246e+02 6.4197698975e+02 6.4207598877e+02 6.4221801758e+02 6.4235797119e+02 6.4247900391e+02 6.4262902832e+02 6.4274597168e+02 6.4270300293e+02 6.4266601563e+02 6.4274200439e+02 6.4276000977e+02 6.4275201416e+02 6.4274700928e+02 6.4272698975e+02 6.4271301270e+02 6.4271398926e+02 6.4271398926e+02 6.4271002197e+02 6.4272900391e+02 6.4274499512e+02 6.4273699951e+02 6.4270898438e+02 6.4269799805e+02 6.4269201660e+02 6.4268701172e+02 6.4268200684e+02 6.4267401123e+02 6.4267700195e+02 6.4267797852e+02 6.4266198730e+02 6.4264001465e+02 6.4265301514e+02 6.4270397949e+02 6.4276000977e+02 6.4280102539e+02 6.4284002686e+02 6.4286297607e+02 6.4287097168e+02 6.4289697266e+02
6.4120001221e+02 6.4138098145e+02 6.4154602051e+02 6.4164099121e+02 6.4167297363e+02 6.4166699219e+02 6.4171899414e+02 6.4182397461e+02 6.4197601318e+02 6.4215301514e+02 6.4227600098e+02 6.4236602783e+02 6.4249200439e+02 6.4253900146e+02 6.4250598145e+02 6.4251000977e+02 6.4258502197e+02 6.4268402100e+02 6.4272998047e+02 6.4272497559e+02 6.4268200684e+02 6.4266802979e+02 6.4267602539e+02 6.4267199707e+02 6.4265399170e+02 6.4267199707e+02 6.4270098877e+02 6.4270898438e+02 6.4268499756e+02 6.4266601563e+02 6.4266302490e+02 6.4266400146e+02 6.4265698242e+02 6.4264801025e+02 6.4264501953e+02 6.4264398193e+02 6.4263800049e+02 6.4260400391e+02 6.4259100342e+02 6.4262902832e+02 6.4269702148e+02 6.4274298096e+02 6.4278802490e+02 6.4281201172e+02 6.4281799316e+02 6.4282202148e+02
6.4106298828e+02 6.4121997070e+02 6.4141497803e+02 6.4159197998e+02 6.4168798828e+02 6.4169702148e+02 6.4171197510e+02 6.4174298096e+02 6.4184197998e+02 6.4200299072e+02 6.4212799072e+02 6.4223297119e+02 6.4230603027e+02 6.4234698486e+02 6.4237902832e+02 6.4243499756e+02 6.4249401855e+02 6.4253900146e+02 6.4259399414e+02 6.4262402344e+02 6.4261602783e+02 6.4261102295e+02 6.4262402344e+02 6.4262701416e+02 6.4261401367e+02 6.4261499023e+02 6.4263598633e+02 6.4265600586e+02 6.4265002441e+02 6.4264202881e+02 6.4264202881e+02 6.4264001465e+02 6.4262799072e+02 6.4261798096e+02 6.4261602783e+02 6.4261700439e+02 6.4261297607e+02 6.4259002686e+02 6.4256896973e+02 6.4257299805e+02 6.4261199951e+02 6.4267199707e+02 6.4272601318e+02 6.4275598145e+02 6.4276599121e+02 6.4276300049e+02
6.4096301270e+02 6.4106701660e+02 6.4123901367e+02 6.4144598389e+02 6.4160797119e+02 6.4169598389e+02 6.4174798584e+02 6.4175897217e+02 6.4179101563e+02 6.4188201904e+02 6.4196099854e+02 6.4203900146e+02 6.4211102295e+02 6.4217297363e+02 6.4224902344e+02 6.4234997559e+02 6.4242297363e+02 6.4242700195e+02 6.4244799805e+02 6.4248400879e+02 6.4251702881e+02 6.4253900146e+02 6.4257098389e+02 6.4258697510e+02 6.4258001709e+02 6.4256896973e+02 6.4257702637e+02 6.4259399414e+02 6.4260101318e+02 6.4260601807e+02 6.4261297607e+02 6.4261199951e+02 6.4260302734e+02 6.4259002686e+02 6.4258398438e+02 6.4258099365e+02 6.4258099365e+02 6.4257299805e+02 6.4255999756e+02 6.4254998779e+02 6.4254901123e+02 6.4259399414e+02 6.4265100098e+02 6.4268902588e+02 6.4270800781e+02 6.4271502686e+02
6.4089599609e+02 6.4095300293e+02 6.4106402588e+02 6.4124499512e+02 6.4143499756e+02 6.4159802246e+02 6.4172100830e+02 6.4177502441e+02 6.4180700684e+02 6.4187200928e+02 6.4191497803e+02 6.4195300293e+02 6.4199902344e+02 6.4205102539e+02 6.4211297607e+02 6.4220898438e+02 6.4230102539e+02 6.4231201172e+02 6.4232000732e+02 6.4235400391e+02 6.4240100098e+02 6.4245098877e+02 6.4252001953e+02 6.4255902100e+02 6.4255297852e+02 6.4253997803e+02 6.4253997803e+02 6.4254901123e+02 6.4255297852e+02 6.4256201172e+02 6.4257397461e+02 6.4258001709e+02 6.4257800293e+02 6.4256402588e+02 6.4255499268e+02 6.4254998779e+02 6.4255401611e+02 6.4254901123e+02 6.4254400635e+02 6.4253900146e+02 6.4251702881e+02 6.4252197266e+02 6.4257397461e+02 6.4261700439e+02 6.4263702393e+02 6.4266101074e+02
