TESTSERVER/19/14.asc
NCOLS 100
NROWS 100
XLLCORNER 8.4497500000e+03
YLLCORNER 2.8925025000e+05
CELLSIZE 5.0000000000e-01
NODATA_VALUE -9.9990000000e+03
[rows 60 to 79 of 100, columns 0 to 45 of 100]
6.1648297119e+02 6.1659600830e+02 6.1676800537e+02 6.1696600342e+02 6.1717199707e+02 6.1737902832e+02 6.1757800293e+02 6.1779498291e+02 6.1801599121e+02 6.1823797607e+02 6.1844396973e+02 6.1863397217e+02 6.1882299805e+02 6.1899798584e+02 6.1916101074e+02 6.1930700684e+02 6.1946801758e+02 6.1965698242e+02 6.1986499023e+02 6.2006402588e+02 6.2019897461e+02 6.2028302002e+02 6.2036102295e+02 6.2051702881e+02 6.2069702148e+02 6.2090502930e+02 6.2109997559e+02 6.2125097656e+02 6.2146197510e+02 6.2170098877e+02 6.2192498779e+02 6.2218402100e+02 6.2236798096e+02 6.2251800537e+02 6.2272399902e+02 6.2290997314e+02 6.2317498779e+02 6.2345898438e+02 6.2366601563e+02 6.2388397217e+02 6.2411901855e+02 6.2433697510e+02 6.2450598145e+02 6.2463098145e+02 6.2479699707e+02 6.2496697998e+02
6.1622601318e+02 6.1635302734e+02 6.1652099609e+02 6.1671398926e+02 6.1690197754e+02 6.1709399414e+02 6.1730297852e+02 6.1753900146e+02 6.1777899170e+02 6.1800299072e+02 6.1818798828e+02 6.1835498047e+02 6.1855297852e+02 6.1875299072e+02 6.1893402100e+02 6.1910601807e+02 6.1928302002e+02 6.1945098877e+02 6.1961602783e+02 6.1979602051e+02 6.1995599365e+02 6.2007800293e+02 6.2019000244e+02 6.2033801270e+02 6.2048602295e+02 6.2065301514e+02 6.2083398438e+02 6.2099298096e+02 6.2120898438e+02 6.2147698975e+02 6.2173699951e+02 6.2198602295e+02 6.2215502930e+02 6.2230700684e+02 6.2252197266e+02 6.2269897461e+02 6.2293499756e+02 6.2318298340e+02 6.2337200928e+02 6.2356597900e+02 6.2377899170e+02 6.2399200439e+02 6.2417102051e+02 6.2430798340e+02 6.2447802734e+02 6.2466497803e+02
6.1595800781e+02 6.1609899902e+02 6.1626599121e+02 6.1646099854e+02 6.1664599609e+02 6.1682800293e+02 6.1702600098e+02 6.1726599121e+02 6.1751898193e+02 6.1775000000e+02 6.1792297363e+02 6.1808801270e+02 6.1829498291e+02 6.1849902344e+02 6.1868499756e+02 6.1889898682e+02 6.1910101318e+02 6.1926702881e+02 6.1939801025e+02 6.1953997803e+02 6.1969598389e+02 6.1984197998e+02 6.1998699951e+02 6.2014001465e+02 6.2028497314e+02 6.2044702148e+02 6.2063800049e+02 6.2082897949e+02 6.2103497314e+02 6.2128900146e+02 6.2154498291e+02 6.2176898193e+02 6.2192297363e+02 6.2206597900e+02 6.2228100586e+02 6.2244500732e+02 6.2264898682e+02 6.2287799072e+02 6.2309399414e+02 6.2330902100e+02 6.2352502441e+02 6.2373699951e+02 6.2390698242e+02 6.2404101563e+02 6.2421502686e+02 6.2441802979e+02
6.1570898438e+02 6.1585797119e+02 6.1600701904e+02 6.1620800781e+02 6.1640502930e+02 6.1658599854e+02 6.1675598145e+02 6.1696997070e+02 6.1721801758e+02 6.1745697021e+02 6.1765100098e+02 6.1784197998e+02 6.1805999756e+02 6.1826098633e+02 6.1843701172e+02 6.1866900635e+02 6.1888702393e+02 6.1906402588e+02 6.1919500732e+02 6.1930603027e+02 6.1943103027e+02 6.1957098389e+02 6.1972900391e+02 6.1990197754e+02 6.2007501221e+02 6.2027099609e+02 6.2049798584e+02 6.2071697998e+02 6.2089599609e+02 6.2109997559e+02 6.2131799316e+02 6.2153601074e+02 6.2170300293e+02 6.2183300781e+02 6.2201202393e+02 6.2218298340e+02 6.2236798096e+02 6.2258599854e+02 6.2283599854e+02 6.2307299805e+02 6.2329101563e+02 6.2350799561e+02 6.2370599365e+02 6.2383697510e+02 6.2399200439e+02 6.2420501709e+02
6.1549499512e+02 6.1564001465e+02 6.1575500488e+02 6.1595898438e+02 6.1617297363e+02 6.1635998535e+02 6.1653497314e+02 6.1667797852e+02 6.1690301514e+02 6.1715100098e+02 6.1738397217e+02 6.1760400391e+02 6.1783599854e+02 6.1803698730e+02 6.1819097900e+02 6.1838800049e+02 6.1859899902e+02 6.1878497314e+02 6.1892498779e+02 6.1905603027e+02 6.1916400146e+02 6.1929101563e+02 6.1943798828e+02 6.1964599609e+02 6.1985601807e+02 6.2008502197e+02 6.2034002686e+02 6.2056597900e+02 6.2071301270e+02 6.2085101318e+02 6.2102600098e+02 6.2128198242e+02 6.2148999023e+02 6.2161999512e+02 6.2173999023e+02 6.2195697021e+02 6.2215002441e+02 6.2235797119e+02 6.2257598877e+02 6.2279901123e+02 6.2298498535e+02 6.2318701172e+02 6.2343298340e+02 6.2361401367e+02 6.2373297119e+02 6.2392199707e+02
6.1523999023e+02 6.1540100098e+02 6.1554901123e+02 6.1573699951e+02 6.1592999268e+02 6.1610699463e+02 6.1628198242e+02 6.1644799805e+02 6.1665600586e+02 6.1689099121e+02 6.1712097168e+02 6.1733502197e+02 6.1756097412e+02 6.1776098633e+02 6.1791497803e+02 6.1806896973e+02 6.1825201416e+02 6.1844000244e+02 6.1859100342e+02 6.1872998047e+02 6.1890399170e+02 6.1909100342e+02 6.1924499512e+02 6.1943701172e+02 6.1964801025e+02 6.1986999512e+02 6.2011602783e+02 6.2033001709e+02 6.2049200439e+02 6.2063098145e+02 6.2078002930e+02 6.2101702881e+02 6.2124499512e+02 6.2140502930e+02 6.2152697754e+02 6.2171502686e+02 6.2191601563e+02 6.2214099121e+02 6.2237701416e+02 6.2255499268e+02 6.2266900635e+02 6.2281500244e+02 6.2307702637e+02 6.2328100586e+02 6.2342797852e+02 6.2361199951e+02
6.1497302246e+02 6.1515100098e+02 6.1531896973e+02 6.1548602295e+02 6.1565399170e+02 6.1581896973e+02 6.1599798584e+02 6.1619799805e+02 6.1640899658e+02 6.1662298584e+02 6.1683599854e+02 6.1703802490e+02 6.1726000977e+02 6.1746502686e+02 6.1763000488e+02 6.1777899170e+02 6.1794702148e+02 6.1812597656e+02 6.1828802490e+02 6.1842498779e+02 6.1860900879e+02 6.1881701660e+02 6.1901898193e+02 6.1924597168e+02 6.1945098877e+02 6.1963897705e+02 6.1984399414e+02 6.2004602051e+02 6.2023797607e+02 6.2041601563e+02 6.2056701660e+02 6.2076098633e+02 6.2097100830e+02 6.2115002441e+02 6.2130297852e+02 6.2146502686e+02 6.2165899658e+02 6.2189099121e+02 6.2214801025e+02 6.2231201172e+02 6.2239599609e+02 6.2251501465e+02 6.2274700928e+02 6.2296002197e+02 6.2315399170e+02 6.2337597656e+02
6.1474298096e+02 6.1491601563e+02 6.1506097412e+02 6.1521099854e+02 6.1537200928e+02 6.1553698730e+02 6.1571899414e+02 6.1593798828e+02 6.1615502930e+02 6.1635101318e+02 6.1654797363e+02 6.1674401855e+02 6.1696301270e+02 6.1716998291e+02 6.1735498047e+02 6.1753802490e+02 6.1770202637e+02 6.1785797119e+02 6.1800500488e+02 6.1814501953e+02 6.1831799316e+02 6.1852099609e+02 6.1875799561e+02 6.1902899170e+02 6.1924798584e+02 6.1940899658e+02 6.1956201172e+02 6.1975201416e+02 6.1996002197e+02 6.2017102051e+02 6.2035797119e+02 6.2052899170e+02 6.2071197510e+02 6.2089599609e+02 6.2107897949e+02 6.2122601318e+02 6.2139801025e+02 6.2161297607e+02 6.2186297607e+02 6.2203601074e+02 6.2214001465e+02 6.2227600098e+02 6.2249401855e+02 6.2270397949e+02 6.2292999268e+02 6.2317999268e+02
6.1453002930e+02 6.1469396973e+02 6.1480798340e+02 6.1494702148e+02 6.1511999512e+02 6.1529302979e+02 6.1548101807e+02 6.1569299316e+02 6.1590100098e+02 6.1609100342e+02 6.1628497314e+02 6.1647198486e+02 6.1667700195e+02 6.1687500000e+02 6.1708099365e+02 6.1734301758e+02 6.1752899170e+02 6.1763500977e+02 6.1769000244e+02 6.1785900879e+02 6.1804602051e+02 6.1825402832e+02 6.1847399902e+02 6.1874401855e+02 6.1901098633e+02 6.1920202637e+02 6.1932501221e+02 6.1948699951e+02 6.1968298340e+02 6.1989599609e+02 6.2011499023e+02 6.2031597900e+02 6.2048699951e+02 6.2066497803e+02 6.2086700439e+02 6.2101702881e+02 6.2116900635e+02 6.2134698486e+02 6.2154797363e+02 6.2173199463e+02 6.2188299561e+02 6.2206201172e+02 6.2228302002e+02 6.2249902344e+02 6.2272399902e+02 6.2295599365e+02
6.1423400879e+02 6.1439501953e+02 6.1454400635e+02 6.1471197510e+02 6.1490698242e+02 6.1508599854e+02 6.1524597168e+02 6.1543200684e+02 6.1563098145e+02 6.1580999756e+02 6.1598297119e+02 6.1617797852e+02 6.1638598633e+02 6.1657000732e+02 6.1676300049e+02 6.1705102539e+02 6.1729199219e+02 6.1743798828e+02 6.1748999023e+02 6.1756298828e+02 6.1773400879e+02 6.1796197510e+02 6.1819201660e+02 6.1844097900e+02 6.1871899414e+02 6.1895697021e+02 6.1910998535e+02 6.1924700928e+02 6.1942498779e+02 6.1964001465e+02 6.1987097168e+02 6.2010101318e+02 6.2027697754e+02 6.2044201660e+02 6.2065997314e+02 6.2082702637e+02 6.2096801758e+02 6.2111602783e+02 6.2129302979e+02 6.2144299316e+02 6.2159399414e+02 6.2179602051e+02 6.2203802490e+02 6.2229901123e+02 6.2253497314e+02 6.2273498535e+02
6.1403002930e+02 6.1412701416e+02 6.1427502441e+02 6.1446099854e+02 6.1466400146e+02 6.1485302734e+02 6.1502502441e+02 6.1521301270e+02 6.1540899658e+02 6.1556799316e+02 6.1570800781e+02 6.1587597656e+02 6.1607897949e+02 6.1627099609e+02 6.1646002197e+02 6.1671301270e+02 6.1695098877e+02 6.1713702393e+02 6.1726202393e+02 6.1733502197e+02 6.1749499512e+02 6.1771801758e+02 6.1794201660e+02 6.1816699219e+02 6.1843499756e+02 6.1869702148e+02 6.1889599609e+02 6.1902502441e+02 6.1918597412e+02 6.1939001465e+02 6.1961798096e+02 6.1987799072e+02 6.2008300781e+02 6.2025701904e+02 6.2046197510e+02 6.2061700439e+02 6.2075000000e+02 6.2088500977e+02 6.2104797363e+02 6.2118200684e+02 6.2132800293e+02 6.2153497314e+02 6.2179998779e+02 6.2208697510e+02 6.2232598877e+02 6.2250799561e+02
6.1397497559e+02 6.1399200439e+02 6.1407501221e+02 6.1422998047e+02 6.1440399170e+02 6.1459100342e+02 6.1480297852e+02 6.1502099609e+02 6.1521899414e+02 6.1535900879e+02 6.1546301270e+02 6.1559802246e+02 6.1578900146e+02 6.1598999023e+02 6.1619500732e+02 6.1642199707e+02 6.1663299561e+02 6.1682397461e+02 6.1700598145e+02 6.1714001465e+02 6.1731402588e+02 6.1752301025e+02 6.1772497559e+02 6.1791802979e+02 6.1815802002e+02 6.1842401123e+02 6.1866101074e+02 6.1880297852e+02 6.1895697021e+02 6.1915100098e+02 6.1937500000e+02 6.1963897705e+02 6.1986199951e+02 6.2005999756e+02 6.2026300049e+02 6.2040301514e+02 6.2053198242e+02 6.2066601563e+02 6.2083197021e+02 6.2098297119e+02 6.2113201904e+02 6.2132598877e+02 6.2157598877e+02 6.2187097168e+02 6.2212097168e+02 6.2229998779e+02
6.1400299072e+02 6.1395397949e+02 6.1395599365e+02 6.1404302979e+02 6.1415600586e+02 6.1432501221e+02 6.1455499268e+02 6.1481597900e+02 6.1501800537e+02 6.1515100098e+02 6.1523297119e+02 6.1536297607e+02 6.1554302979e+02 6.1574298096e+02 6.1596002197e+02 6.1620397949e+02 6.1640899658e+02 6.1657800293e+02 6.1671997070e+02 6.1691302490e+02 6.1714001465e+02 6.1735699463e+02 6.1752502441e+02 6.1770697021e+02 6.1790502930e+02 6.1814697266e+02 6.1840802002e+02 6.1855999756e+02 6.1872302246e+02 6.1892999268e+02 6.1917700195e+02 6.1938201904e+02 6.1958502197e+02 6.1980798340e+02 6.2005401611e+02 6.2019702148e+02 6.2033197021e+02 6.2047399902e+02 6.2061602783e+02 6.2082000732e+02 6.2098999023e+02 6.2114697266e+02 6.2133898926e+02 6.2163702393e+02 6.2192401123e+02 6.2212799072e+02
6.1390802002e+02 6.1392901611e+02 6.1393798828e+02 6.1397100830e+02 6.1402197266e+02 6.1412402344e+02 6.1430499268e+02 6.1453997803e+02 6.1474597168e+02 6.1490399170e+02 6.1502001953e+02 6.1515100098e+02 6.1533898926e+02 6.1554901123e+02 6.1577301025e+02 6.1601202393e+02 6.1622601318e+02 6.1639697266e+02 6.1651397705e+02 6.1670397949e+02 6.1697998047e+02 6.1720800781e+02 6.1735900879e+02 6.1750799561e+02 6.1767797852e+02 6.1788500977e+02 6.1812200928e+02 6.1831097412e+02 6.1849902344e+02 6.1872302246e+02 6.1896197510e+02 6.1915802002e+02 6.1931597900e+02 6.1950500488e+02 6.1976599121e+02 6.1993902588e+02 6.2008300781e+02 6.2025000000e+02 6.2041699219e+02 6.2063397217e+02 6.2081500244e+02 6.2094799805e+02 6.2112597656e+02 6.2140002441e+02 6.2167700195e+02 6.2189398193e+02
6.1367797852e+02 6.1380200195e+02 6.1388098145e+02 6.1392602539e+02 6.1394897461e+02 6.1398602295e+02 6.1408599854e+02 6.1425299072e+02 6.1443402100e+02 6.1460601807e+02 6.1475897217e+02 6.1491400146e+02 6.1512902832e+02 6.1536401367e+02 6.1560797119e+02 6.1582800293e+02 6.1602697754e+02 6.1619299316e+02 6.1631298828e+02 6.1650000000e+02 6.1675799561e+02 6.1697802734e+02 6.1714697266e+02 6.1730798340e+02 6.1747302246e+02 6.1764599609e+02 6.1784399414e+02 6.1804699707e+02 6.1824597168e+02 6.1846197510e+02 6.1868200684e+02 6.1888500977e+02 6.1904797363e+02 6.1922601318e+02 6.1945202637e+02 6.1961999512e+02 6.1979498291e+02 6.2000598145e+02 6.2021600342e+02 6.2043902588e+02 6.2062298584e+02 6.2075201416e+02 6.2090899658e+02 6.2114398193e+02 6.2138702393e+02 6.2161102295e+02
6.1340301514e+02 6.1358398438e+02 6.1373101807e+02 6.1382897949e+02 6.1387500000e+02 6.1389300537e+02 6.1392999268e+02 6.1402099609e+02 6.1414801025e+02 6.1429998779e+02 6.1446099854e+02 6.1465002441e+02 6.1490197754e+02 6.1517297363e+02 6.1545001221e+02 6.1563897705e+02 6.1580297852e+02 6.1594702148e+02 6.1606402588e+02 6.1623797607e+02 6.1646697998e+02 6.1668103027e+02 6.1689099121e+02 6.1709100342e+02 6.1726599121e+02 6.1741998291e+02 6.1757702637e+02 6.1775897217e+02 6.1795501709e+02 6.1815997314e+02 6.1836602783e+02 6.1858697510e+02 6.1879101563e+02 6.1900000000e+02 6.1919897461e+02 6.1934002686e+02 6.1953497314e+02 6.1977398682e+02 6.1999798584e+02 6.2022399902e+02 6.2041802979e+02 6.2054302979e+02 6.2067102051e+02 6.2087597656e+02 6.2109197998e+02 6.2131201172e+02
6.1314398193e+02 6.1333300781e+02 6.1348297119e+02 6.1364898682e+02 6.1375701904e+02 6.1380999756e+02 6.1384698486e+02 6.1387298584e+02 6.1393597412e+02 6.1403497314e+02 6.1416101074e+02 6.1436297607e+02 6.1464001465e+02 6.1494598389e+02 6.1524798584e+02 6.1544097900e+02 6.1556701660e+02 6.1567199707e+02 6.1578802490e+02 6.1595202637e+02 6.1618499756e+02 6.1642401123e+02 6.1666900635e+02 6.1686401367e+02 6.1703802490e+02 6.1718402100e+02 6.1732702637e+02 6.1748101807e+02 6.1766998291e+02 6.1787200928e+02 6.1806896973e+02 6.1828399658e+02 6.1851599121e+02 6.1877398682e+02 6.1903002930e+02 6.1915399170e+02 6.1932202148e+02 6.1952197266e+02 6.1972802734e+02 6.1995599365e+02 6.2017102051e+02 6.2030297852e+02 6.2038397217e+02 6.2058801270e+02 6.2078698730e+02 6.2099200439e+02
6.1292297363e+02 6.1311102295e+02 6.1323602295e+02 6.1340197754e+02 6.1355798340e+02 6.1366101074e+02 6.1372302246e+02 6.1377301025e+02 6.1381500244e+02 6.1386499023e+02 6.1394598389e+02 6.1409399414e+02 6.1433398438e+02 6.1461901855e+02 6.1491400146e+02 6.1513598633e+02 6.1527099609e+02 6.1536102295e+02 6.1546801758e+02 6.1567297363e+02 6.1594000244e+02 6.1620202637e+02 6.1640301514e+02 6.1658197021e+02 6.1674700928e+02 6.1690698242e+02 6.1707702637e+02 6.1723602295e+02 6.1740802002e+02 6.1760198975e+02 6.1780902100e+02 6.1800701904e+02 6.1822802734e+02 6.1848400879e+02 6.1876300049e+02 6.1901098633e+02 6.1920202637e+02 6.1933300781e+02 6.1943103027e+02 6.1961297607e+02 6.1985900879e+02 6.2003900146e+02 6.2012200928e+02 6.2027600098e+02 6.2044897461e+02 6.2062597656e+02
6.1269299316e+02 6.1287402344e+02 6.1299798584e+02 6.1317199707e+02 6.1335302734e+02 6.1348297119e+02 6.1357000732e+02 6.1366198730e+02 6.1371997070e+02 6.1375897217e+02 6.1381201172e+02 6.1389599609e+02 6.1405297852e+02 6.1426599121e+02 6.1453302002e+02 6.1473498535e+02 6.1485101318e+02 6.1493597412e+02 6.1505902100e+02 6.1529901123e+02 6.1558197021e+02 6.1585400391e+02 6.1604797363e+02 6.1622698975e+02 6.1641400146e+02 6.1660998535e+02 6.1683099365e+02 6.1700897217e+02 6.1717700195e+02 6.1736401367e+02 6.1757098389e+02 6.1777301025e+02 6.1799597168e+02 6.1823498535e+02 6.1848199463e+02 6.1878002930e+02 6.1901397705e+02 6.1914599609e+02 6.1918701172e+02 6.1929602051e+02 6.1951098633e+02 6.1970898438e+02 6.1982897949e+02 6.1995800781e+02 6.2011297607e+02 6.2027398682e+02
6.1246099854e+02 6.1263397217e+02 6.1278601074e+02 6.1298199463e+02 6.1317700195e+02 6.1332501221e+02 6.1342199707e+02 6.1353198242e+02 6.1360699463e+02 6.1365802002e+02 6.1372802734e+02 6.1379302979e+02 6.1387097168e+02 6.1399102783e+02 6.1418701172e+02 6.1433801270e+02 6.1442199707e+02 6.1450000000e+02 6.1463201904e+02 6.1485601807e+02 6.1513897705e+02 6.1544097900e+02 6.1568298340e+02 6.1588299561e+02 6.1610400391e+02 6.1633898926e+02 6.1659698486e+02 6.1679498291e+02 6.1696801758e+02 6.1714501953e+02 6.1733001709e+02 6.1754498291e+02 6.1778198242e+02 6.1801000977e+02 6.1821002197e+02 6.1848199463e+02 6.1873901367e+02 6.1890502930e+02 6.1896899414e+02 6.1902697754e+02 6.1918597412e+02 6.1937902832e+02 6.1954400635e+02 6.1967901611e+02 6.1984399414e+02 6.2002001953e+02
