TESTSERVER/19/14.asc
NCOLS 100
NROWS 100
XLLCORNER 8.4497500000e+03
YLLCORNER 2.8925025000e+05
CELLSIZE 5.0000000000e-01
NODATA_VALUE -9.9990000000e+03
[rows 0 to 19 of 100, columns 0 to 45 of 100]
6.3157800293e+02 6.3180798340e+02 6.3203302002e+02 6.3223602295e+02 6.3245300293e+02 6.3270098877e+02 6.3296697998e+02 6.3316998291e+02 6.3333398438e+02 6.3351300049e+02 6.3374102783e+02 6.3397100830e+02 6.3405499268e+02 6.3404199219e+02 6.3404199219e+02 6.3426702881e+02 6.3456201172e+02 6.3486499023e+02 6.3513702393e+02 6.3536199951e+02 6.3556701660e+02 6.3574499512e+02 6.3592102051e+02 6.3611297607e+02 6.3629302979e+02 6.3647601318e+02 6.3667401123e+02 6.3684899902e+02 6.3700000000e+02 6.3715301514e+02 6.3731701660e+02 6.3745001221e+02 6.3763201904e+02 6.3791900635e+02 6.3828302002e+02 6.3851501465e+02 6.3862097168e+02 6.3869500732e+02 6.3881201172e+02 6.3899597168e+02 6.3918701172e+02 6.3937701416e+02 6.3954699707e+02 6.3992999268e+02 6.4038299561e+02 6.4069598389e+02
6.3129199219e+02 6.3151000977e+02 6.3174102783e+02 6.3194000244e+02 6.3216198730e+02 6.3241400146e+02 6.3266998291e+02 6.3286401367e+02 6.3303601074e+02 6.3321899414e+02 6.3344897461e+02 6.3369000244e+02 6.3384100342e+02 6.3390802002e+02 6.3387701416e+02 6.3395898438e+02 6.3416601563e+02 6.3445300293e+02 6.3477899170e+02 6.3505902100e+02 6.3528302002e+02 6.3547100830e+02 6.3565698242e+02 6.3585797119e+02 6.3604400635e+02 6.3622399902e+02 6.3640997314e+02 6.3658801270e+02 6.3675000000e+02 6.3690802002e+02 6.3707897949e+02 6.3722497559e+02 6.3739501953e+02 6.3765399170e+02 6.3800500488e+02 6.3828002930e+02 6.3842401123e+02 6.3851599121e+02 6.3863897705e+02 6.3880499268e+02 6.3901501465e+02 6.3923498535e+02 6.3936297607e+02 6.3955798340e+02 6.3993701172e+02 6.4033099365e+02
6.3103002930e+02 6.3122900391e+02 6.3145501709e+02 6.3165600586e+02 6.3187200928e+02 6.3210900879e+02 6.3235302734e+02 6.3254998779e+02 6.3272998047e+02 6.3292498779e+02 6.3317102051e+02 6.3344299316e+02 6.3364099121e+02 6.3376000977e+02 6.3377600098e+02 6.3378302002e+02 6.3389501953e+02 6.3411199951e+02 6.3443103027e+02 6.3474798584e+02 6.3499798584e+02 6.3521002197e+02 6.3540899658e+02 6.3561901855e+02 6.3581298828e+02 6.3600097656e+02 6.3619097900e+02 6.3637097168e+02 6.3653802490e+02 6.3669500732e+02 6.3686102295e+02 6.3702899170e+02 6.3719702148e+02 6.3742199707e+02 6.3770599365e+02 6.3796997070e+02 6.3816302490e+02 6.3830798340e+02 6.3844598389e+02 6.3859301758e+02 6.3879400635e+02 6.3901800537e+02 6.3917199707e+02 6.3925402832e+02 6.3954901123e+02 6.3997998047e+02
6.3078802490e+02 6.3097698975e+02 6.3119000244e+02 6.3139599609e+02 6.3161102295e+02 6.3183300781e+02 6.3205499268e+02 6.3225299072e+02 6.3244702148e+02 6.3265802002e+02 6.3291400146e+02 6.3320300293e+02 6.3343798828e+02 6.3360400391e+02 6.3368902588e+02 6.3367797852e+02 6.3371099854e+02 6.3384399414e+02 6.3410498047e+02 6.3443798828e+02 6.3471697998e+02 6.3496002197e+02 6.3517700195e+02 6.3539099121e+02 6.3559899902e+02 6.3580603027e+02 6.3602099609e+02 6.3618597412e+02 6.3632800293e+02 6.3646197510e+02 6.3660699463e+02 6.3680200195e+02 6.3699102783e+02 6.3720501709e+02 6.3743798828e+02 6.3766497803e+02 6.3788897705e+02 6.3808001709e+02 6.3821197510e+02 6.3834899902e+02 6.3856896973e+02 6.3882098389e+02 6.3903698730e+02 6.3911297607e+02 6.3945098877e+02 6.3993701172e+02
6.3055401611e+02 6.3075097656e+02 6.3094799805e+02 6.3116497803e+02 6.3138397217e+02 6.3159802246e+02 6.3180297852e+02 6.3198797607e+02 6.3219500732e+02 6.3242297363e+02 6.3269000244e+02 6.3296002197e+02 6.3321197510e+02 6.3341601563e+02 6.3355297852e+02 6.3358599854e+02 6.3358398438e+02 6.3363702393e+02 6.3378100586e+02 6.3410699463e+02 6.3442602539e+02 6.3472302246e+02 6.3497802734e+02 6.3517797852e+02 6.3540197754e+02 6.3563598633e+02 6.3588800049e+02 6.3601098633e+02 6.3610400391e+02 6.3619799805e+02 6.3631097412e+02 6.3649700928e+02 6.3672497559e+02 6.3697497559e+02 6.3720697021e+02 6.3739599609e+02 6.3764898682e+02 6.3789001465e+02 6.3801300049e+02 6.3813397217e+02 6.3838598633e+02 6.3868902588e+02 6.3894000244e+02 6.3897998047e+02 6.3936401367e+02 6.3990997314e+02
6.3033197021e+02 6.3054101563e+02 6.3074401855e+02 6.3095098877e+02 6.3115997314e+02 6.3136199951e+02 6.3155499268e+02 6.3175000000e+02 6.3196600342e+02 6.3220001221e+02 6.3245202637e+02 6.3270800781e+02 6.3296398926e+02 6.3319500732e+02 6.3338098145e+02 6.3346899414e+02 6.3347900391e+02 6.3347399902e+02 6.3352398682e+02 6.3375500488e+02 6.3407202148e+02 6.3442199707e+02 6.3473498535e+02 6.3497100830e+02 6.3520001221e+02 6.3541699219e+02 6.3561499023e+02 6.3573699951e+02 6.3583697510e+02 6.3594799805e+02 6.3606402588e+02 6.3622399902e+02 6.3644201660e+02 6.3668798828e+02 6.3688897705e+02 6.3706500244e+02 6.3738201904e+02 6.3771197510e+02 6.3787799072e+02 6.3798297119e+02 6.3823498535e+02 6.3852899170e+02 6.3877502441e+02 6.3876800537e+02 6.3903802490e+02 6.3954498291e+02
6.3010900879e+02 6.3031896973e+02 6.3053100586e+02 6.3073400879e+02 6.3093200684e+02 6.3112500000e+02 6.3131500244e+02 6.3151898193e+02 6.3173602295e+02 6.3196301270e+02 6.3219201660e+02 6.3242401123e+02 6.3267602539e+02 6.3292297363e+02 6.3313897705e+02 6.3327899170e+02 6.3334802246e+02 6.3334899902e+02 6.3332897949e+02 6.3345599365e+02 6.3370397949e+02 6.3403601074e+02 6.3439898682e+02 6.3468499756e+02 6.3492401123e+02 6.3512402344e+02 6.3528601074e+02 6.3541601563e+02 6.3554901123e+02 6.3569799805e+02 6.3583300781e+02 6.3596899414e+02 6.3615100098e+02 6.3636901855e+02 6.3657397461e+02 6.3677697754e+02 6.3710198975e+02 6.3746099854e+02 6.3768200684e+02 6.3795800781e+02 6.3828802490e+02 6.3843798828e+02 6.3855603027e+02 6.3870300293e+02 6.3899597168e+02 6.3940197754e+02
6.2987500000e+02 6.3007897949e+02 6.3030401611e+02 6.3050897217e+02 6.3069500732e+02 6.3087902832e+02 6.3106896973e+02 6.3127398682e+02 6.3148699951e+02 6.3170202637e+02 6.3190600586e+02 6.3211102295e+02 6.3235198975e+02 6.3260400391e+02 6.3282598877e+02 6.3301397705e+02 6.3317901611e+02 6.3324401855e+02 6.3320800781e+02 6.3322100830e+02 6.3335699463e+02 6.3361297607e+02 6.3396801758e+02 6.3431402588e+02 6.3458801270e+02 6.3479797363e+02 6.3495001221e+02 6.3509997559e+02 6.3528100586e+02 6.3548400879e+02 6.3565301514e+02 6.3575201416e+02 6.3589501953e+02 6.3609997559e+02 6.3632397461e+02 6.3651098633e+02 6.3679901123e+02 6.3718402100e+02 6.3749200439e+02 6.3796301270e+02 6.3837902832e+02 6.3835699463e+02 6.3828399658e+02 6.3867102051e+02 6.3906597900e+02 6.3934600830e+02
6.2960498047e+02 6.2981298828e+02 6.3005999756e+02 6.3027801514e+02 6.3045202637e+02 6.3061700439e+02 6.3079101563e+02 6.3099798584e+02 6.3120697021e+02 6.3141101074e+02 6.3159002686e+02 6.3178399658e+02 6.3201202393e+02 6.3226300049e+02 6.3249499512e+02 6.3272802734e+02 6.3298699951e+02 6.3312902832e+02 6.3313000488e+02 6.3307897949e+02 6.3308502197e+02 6.3321301270e+02 6.3347900391e+02 6.3389099121e+02 6.3425097656e+02 6.3452398682e+02 6.3469702148e+02 6.3486199951e+02 6.3508697510e+02 6.3533398438e+02 6.3553100586e+02 6.3559100342e+02 6.3569598389e+02 6.3590399170e+02 6.3614202881e+02 6.3631402588e+02 6.3661999512e+02 6.3709197998e+02 6.3751501465e+02 6.3775201416e+02 6.3801702881e+02 6.3798602295e+02 6.3795800781e+02 6.3855798340e+02 6.3899102783e+02 6.3914697266e+02
6.2934002686e+02 6.2955603027e+02 6.2979797363e+02 6.3001202393e+02 6.3017797852e+02 6.3032702637e+02 6.3049597168e+02 6.3070001221e+02 6.3090899658e+02 6.3110998535e+02 6.3129302979e+02 6.3147399902e+02 6.3168402100e+02 6.3192102051e+02 6.3216101074e+02 6.3240197754e+02 6.3269000244e+02 6.3289001465e+02 6.3296502686e+02 6.3298699951e+02 6.3296197510e+02 6.3296899414e+02 6.3310699463e+02 6.3348699951e+02 6.3392199707e+02 6.3428497314e+02 6.3448797607e+02 6.3465802002e+02 6.3489398193e+02 6.3516400146e+02 6.3536401367e+02 6.3541400146e+02 6.3549200439e+02 6.3570800781e+02 6.3599597168e+02 6.3615802002e+02 6.3639300537e+02 6.3676397705e+02 6.3709600830e+02 6.3721697998e+02 6.3739801025e+02 6.3752301025e+02 6.3769097900e+02 6.3832397461e+02 6.3876702881e+02 6.3889202881e+02
6.2908599854e+02 6.2928698730e+02 6.2949401855e+02 6.2969500732e+02 6.2987402344e+02 6.3004901123e+02 6.3023498535e+02 6.3043200684e+02 6.3062402344e+02 6.3080999756e+02 6.3099401855e+02 6.3118200684e+02 6.3137500000e+02 6.3159399414e+02 6.3182397461e+02 6.3200500488e+02 6.3225299072e+02 6.3249298096e+02 6.3269201660e+02 6.3283300781e+02 6.3287097168e+02 6.3284997559e+02 6.3285900879e+02 6.3314697266e+02 6.3358398438e+02 6.3398999023e+02 6.3420697021e+02 6.3433898926e+02 6.3456298828e+02 6.3483898926e+02 6.3506701660e+02 6.3515997314e+02 6.3525799561e+02 6.3549902344e+02 6.3584899902e+02 6.3603497314e+02 6.3619500732e+02 6.3640600586e+02 6.3663598633e+02 6.3681201172e+02 6.3702899170e+02 6.3723101807e+02 6.3740997314e+02 6.3787701416e+02 6.3839202881e+02 6.3869702148e+02
6.2884100342e+02 6.2901599121e+02 6.2918402100e+02 6.2938201904e+02 6.2958898926e+02 6.2980200195e+02 6.3000701904e+02 6.3018902588e+02 6.3035699463e+02 6.3051800537e+02 6.3069097900e+02 6.3087902832e+02 6.3106298828e+02 6.3126898193e+02 6.3149401855e+02 6.3164300537e+02 6.3185302734e+02 6.3209399414e+02 6.3234301758e+02 6.3258599854e+02 6.3273400879e+02 6.3275897217e+02 6.3271197510e+02 6.3287799072e+02 6.3324401855e+02 6.3363702393e+02 6.3386999512e+02 6.3399902344e+02 6.3421398926e+02 6.3447900391e+02 6.3471801758e+02 6.3486700439e+02 6.3500402832e+02 6.3524798584e+02 6.3560601807e+02 6.3587097168e+02 6.3605603027e+02 6.3620800781e+02 6.3636499023e+02 6.3659899902e+02 6.3682598877e+02 6.3701599121e+02 6.3717199707e+02 6.3744500732e+02 6.3800299072e+02 6.3859802246e+02
6.2860302734e+02 6.2876202393e+02 6.2891497803e+02 6.2911700439e+02 6.2934698486e+02 6.2957897949e+02 6.2977502441e+02 6.2995202637e+02 6.3010302734e+02 6.3023901367e+02 6.3037597656e+02 6.3054998779e+02 6.3072802734e+02 6.3092700195e+02 6.3113800049e+02 6.3133398438e+02 6.3154602051e+02 6.3176501465e+02 6.3198999023e+02 6.3229699707e+02 6.3254699707e+02 6.3264801025e+02 6.3261999512e+02 6.3265502930e+02 6.3286700439e+02 6.3319097900e+02 6.3354602051e+02 6.3377600098e+02 6.3400598145e+02 6.3424200439e+02 6.3447601318e+02 6.3464398193e+02 6.3480999756e+02 6.3500000000e+02 6.3523498535e+02 6.3555499268e+02 6.3584600830e+02 6.3607501221e+02 6.3625201416e+02 6.3638598633e+02 6.3655999756e+02 6.3674597168e+02 6.3693902588e+02 6.3710998535e+02 6.3757800293e+02 6.3838702393e+02
6.2838702393e+02 6.2854602051e+02 6.2868701172e+02 6.2886499023e+02 6.2906201172e+02 6.2926202393e+02 6.2945001221e+02 6.2964202881e+02 6.2981799316e+02 6.2996398926e+02 6.3009497070e+02 6.3025402832e+02 6.3041699219e+02 6.3059899902e+02 6.3080499268e+02 6.3101300049e+02 6.3122802734e+02 6.3142700195e+02 6.3166302490e+02 6.3202899170e+02 6.3234197998e+02 6.3250500488e+02 6.3250598145e+02 6.3248602295e+02 6.3255102539e+02 6.3276202393e+02 6.3314099121e+02 6.3352801514e+02 6.3383398438e+02 6.3406597900e+02 6.3426000977e+02 6.3445300293e+02 6.3463201904e+02 6.3479699707e+02 6.3496801758e+02 6.3522802734e+02 6.3554699707e+02 6.3583697510e+02 6.3605102539e+02 6.3620001221e+02 6.3635900879e+02 6.3652801514e+02 6.3671697998e+02 6.3682598877e+02 6.3711499023e+02 6.3772802734e+02
6.2814099121e+02 6.2829498291e+02 6.2842498779e+02 6.2857299805e+02 6.2873602295e+02 6.2891497803e+02 6.2910601807e+02 6.2931896973e+02 6.2951397705e+02 6.2967498779e+02 6.2981896973e+02 6.2997698975e+02 6.3012597656e+02 6.3029498291e+02 6.3049102783e+02 6.3070599365e+02 6.3092297363e+02 6.3111999512e+02 6.3135601807e+02 6.3171398926e+02 6.3204699707e+02 6.3226397705e+02 6.3234899902e+02 6.3235998535e+02 6.3236102295e+02 6.3245898438e+02 6.3275097656e+02 6.3320501709e+02 6.3358300781e+02 6.3385797119e+02 6.3404199219e+02 6.3423297119e+02 6.3440100098e+02 6.3454400635e+02 6.3470300293e+02 6.3493200684e+02 6.3521398926e+02 6.3547900391e+02 6.3570300293e+02 6.3591699219e+02 6.3613201904e+02 6.3632202148e+02 6.3650201416e+02 6.3662402344e+02 6.3684399414e+02 6.3729998779e+02
6.2783502197e+02 6.2798498535e+02 6.2811999512e+02 6.2825500488e+02 6.2840197754e+02 6.2857202148e+02 6.2878002930e+02 6.2901599121e+02 6.2921997070e+02 6.2938702393e+02 6.2953900146e+02 6.2969097900e+02 6.2982897949e+02 6.2998999023e+02 6.3018200684e+02 6.3041101074e+02 6.3063897705e+02 6.3084497070e+02 6.3107501221e+02 6.3137500000e+02 6.3168402100e+02 6.3193499756e+02 6.3211798096e+02 6.3223199463e+02 6.3223999023e+02 6.3225598145e+02 6.3240502930e+02 6.3281097412e+02 6.3321997070e+02 6.3356799316e+02 6.3381500244e+02 6.3399499512e+02 6.3415002441e+02 6.3428399658e+02 6.3445599365e+02 6.3466497803e+02 6.3488201904e+02 6.3508099365e+02 6.3527697754e+02 6.3555297852e+02 6.3584497070e+02 6.3608197021e+02 6.3625897217e+02 6.3643298340e+02 6.3666601563e+02 6.3702697754e+02
6.2748297119e+02 6.2763500977e+02 6.2779400635e+02 6.2793499756e+02 6.2808502197e+02 6.2826202393e+02 6.2848602295e+02 6.2875097656e+02 6.2895599365e+02 6.2911798096e+02 6.2926098633e+02 6.2941198730e+02 6.2954901123e+02 6.2970300293e+02 6.2988397217e+02 6.3011700439e+02 6.3034497070e+02 6.3056097412e+02 6.3081201172e+02 6.3106298828e+02 6.3131701660e+02 6.3156597900e+02 6.3180102539e+02 6.3203302002e+02 6.3212597656e+02 6.3212799072e+02 6.3213098145e+02 6.3236102295e+02 6.3273602295e+02 6.3317401123e+02 6.3355603027e+02 6.3372497559e+02 6.3387097168e+02 6.3401898193e+02 6.3420697021e+02 6.3442401123e+02 6.3460101318e+02 6.3474700928e+02 6.3491497803e+02 6.3519000244e+02 6.3551202393e+02 6.3579101563e+02 6.3598400879e+02 6.3618103027e+02 6.3640301514e+02 6.3665802002e+02
6.2716699219e+02 6.2732501221e+02 6.2749102783e+02 6.2763598633e+02 6.2779699707e+02 6.2798999023e+02 6.2822497559e+02 6.2847998047e+02 6.2868701172e+02 6.2884899902e+02 6.2899298096e+02 6.2914001465e+02 6.2928002930e+02 6.2942700195e+02 6.2959899902e+02 6.2982800293e+02 6.3005297852e+02 6.3028100586e+02 6.3054199219e+02 6.3080603027e+02 6.3104699707e+02 6.3127197266e+02 6.3150701904e+02 6.3176000977e+02 6.3192602539e+02 6.3199700928e+02 6.3196398926e+02 6.3201599121e+02 6.3230102539e+02 6.3275299072e+02 6.3320202637e+02 6.3341998291e+02 6.3358801270e+02 6.3374401855e+02 6.3392498779e+02 6.3413500977e+02 6.3431597900e+02 6.3447198486e+02 6.3462097168e+02 6.3485900879e+02 6.3517102051e+02 6.3548199463e+02 6.3572399902e+02 6.3593798828e+02 6.3616699219e+02 6.3641601563e+02
6.2686999512e+02 6.2704302979e+02 6.2721502686e+02 6.2736499023e+02 6.2754199219e+02 6.2775299072e+02 6.2798797607e+02 6.2822100830e+02 6.2842297363e+02 6.2858801270e+02 6.2873699951e+02 6.2888201904e+02 6.2902398682e+02 6.2916198730e+02 6.2931201172e+02 6.2950799561e+02 6.2973101807e+02 6.2998400879e+02 6.3027398682e+02 6.3054901123e+02 6.3079602051e+02 6.3101898193e+02 6.3122900391e+02 6.3147601318e+02 6.3168103027e+02 6.3181097412e+02 6.3184802246e+02 6.3182098389e+02 6.3199597168e+02 6.3236999512e+02 6.3280499268e+02 6.3307098389e+02 6.3328302002e+02 6.3345800781e+02 6.3362799072e+02 6.3383001709e+02 6.3401898193e+02 6.3419201660e+02 6.3435302734e+02 6.3457098389e+02 6.3487402344e+02 6.3520202637e+02 6.3547302246e+02 6.3567498779e+02 6.3591497803e+02 6.3619201660e+02
6.2658001709e+02 6.2677502441e+02 6.2696197510e+02 6.2712298584e+02 6.2731597900e+02 6.2753900146e+02 6.2777697754e+02 6.2799499512e+02 6.2818902588e+02 6.2835198975e+02 6.2850402832e+02 6.2865197754e+02 6.2879901123e+02 6.2893701172e+02 6.2906799316e+02 6.2920898438e+02 6.2940301514e+02 6.2966400146e+02 6.2998199463e+02 6.3027600098e+02 6.3053698730e+02 6.3076599121e+02 6.3095300293e+02 6.3117602539e+02 6.3140899658e+02 6.3159399414e+02 6.3173199463e+02 6.3169500732e+02 6.3175701904e+02 6.3200097656e+02 6.3235601807e+02 6.3265399170e+02 6.3291601563e+02 6.3312799072e+02 6.3330902100e+02 6.3351000977e+02 6.3371099854e+02 6.3390802002e+02 6.3409802246e+02 6.3431298828e+02 6.3460498047e+02 6.3493597412e+02 6.3522998047e+02 6.3541198730e+02 6.3564801025e+02 6.3594702148e+02
