TESTSERVER/19/14.asc
NCOLS 100
NROWS 100
XLLCORNER 8.4497500000e+03
YLLCORNER 2.8925025000e+05
CELLSIZE 5.0000000000e-01
NODATA_VALUE -9.9990000000e+03
[rows 60 to 79 of 100, columns 46 to 91 of 100]
6.2511401367e+02 6.2530798340e+02 6.2548901367e+02 6.2570898438e+02 6.2603002930e+02 6.2632501221e+02 6.2659698486e+02 6.2685400391e+02 6.2709698486e+02 6.2725000000e+02 6.2731097412e+02 6.2733898926e+02 6.2741101074e+02 6.2767102051e+02 6.2799700928e+02 6.2832397461e+02 6.2861798096e+02 6.2878100586e+02 6.2895397949e+02 6.2914801025e+02 6.2940899658e+02 6.2972100830e+02 6.2997100830e+02 6.3014801025e+02 6.3027001953e+02 6.3038500977e+02 6.3055401611e+02 6.3076397705e+02 6.3102801514e+02 6.3126702881e+02 6.3146899414e+02 6.3164697266e+02 6.3180700684e+02 6.3199102783e+02 6.3227697754e+02 6.3271002197e+02 6.3304602051e+02 6.3319000244e+02 6.3338098145e+02 6.3375701904e+02 6.3419500732e+02 6.3449798584e+02 6.3465197754e+02 6.3468798828e+02 6.3476501465e+02 6.3537799072e+02
6.2483697510e+02 6.2505499268e+02 6.2528198242e+02 6.2554797363e+02 6.2585198975e+02 6.2612597656e+02 6.2638500977e+02 6.2662402344e+02 6.2685699463e+02 6.2704998779e+02 6.2717901611e+02 6.2725000000e+02 6.2727502441e+02 6.2738598633e+02 6.2763897705e+02 6.2797399902e+02 6.2829498291e+02 6.2849298096e+02 6.2868402100e+02 6.2889599609e+02 6.2914099121e+02 6.2941802979e+02 6.2966998291e+02 6.2985900879e+02 6.2998699951e+02 6.3011401367e+02 6.3028100586e+02 6.3048101807e+02 6.3071502686e+02 6.3095501709e+02 6.3117102051e+02 6.3135900879e+02 6.3154602051e+02 6.3172698975e+02 6.3197497559e+02 6.3230297852e+02 6.3263598633e+02 6.3282897949e+02 6.3308599854e+02 6.3355102539e+02 6.3400598145e+02 6.3423297119e+02 6.3439801025e+02 6.3450402832e+02 6.3452502441e+02 6.3474902344e+02
6.2462500000e+02 6.2483801270e+02 6.2507702637e+02 6.2534698486e+02 6.2562701416e+02 6.2589202881e+02 6.2613897705e+02 6.2636401367e+02 6.2657800293e+02 6.2679400635e+02 6.2697100830e+02 6.2709399414e+02 6.2715100098e+02 6.2718200684e+02 6.2732202148e+02 6.2757000732e+02 6.2787701416e+02 6.2813299561e+02 6.2836297607e+02 6.2859301758e+02 6.2884497070e+02 6.2911798096e+02 6.2936901855e+02 6.2955700684e+02 6.2968499756e+02 6.2982397461e+02 6.2999597168e+02 6.3018597412e+02 6.3038500977e+02 6.3060998535e+02 6.3084497070e+02 6.3106896973e+02 6.3130798340e+02 6.3152001953e+02 6.3174798584e+02 6.3202697754e+02 6.3234698486e+02 6.3254797363e+02 6.3283398438e+02 6.3339300537e+02 6.3390301514e+02 6.3406701660e+02 6.3419299316e+02 6.3430200195e+02 6.3435302734e+02 6.3434197998e+02
6.2444299316e+02 6.2464202881e+02 6.2486199951e+02 6.2511499023e+02 6.2538201904e+02 6.2565100098e+02 6.2589398193e+02 6.2610498047e+02 6.2629498291e+02 6.2649902344e+02 6.2669598389e+02 6.2685998535e+02 6.2698400879e+02 6.2701300049e+02 6.2705902100e+02 6.2719201660e+02 6.2743103027e+02 6.2775402832e+02 6.2803601074e+02 6.2828002930e+02 6.2852899170e+02 6.2880401611e+02 6.2905200195e+02 6.2923901367e+02 6.2937097168e+02 6.2952600098e+02 6.2970800781e+02 6.2989801025e+02 6.3008099365e+02 6.3029498291e+02 6.3053900146e+02 6.3079498291e+02 6.3106701660e+02 6.3129797363e+02 6.3153002930e+02 6.3179901123e+02 6.3209899902e+02 6.3227398682e+02 6.3254302979e+02 6.3312799072e+02 6.3372198486e+02 6.3386602783e+02 6.3397198486e+02 6.3408697510e+02 6.3421502686e+02 6.3422497559e+02
6.2416601563e+02 6.2438702393e+02 6.2461798096e+02 6.2488201904e+02 6.2514202881e+02 6.2541497803e+02 6.2565698242e+02 6.2585601807e+02 6.2603900146e+02 6.2621502686e+02 6.2638397217e+02 6.2655499268e+02 6.2672998047e+02 6.2683898926e+02 6.2686700439e+02 6.2690399170e+02 6.2699902344e+02 6.2740399170e+02 6.2774102783e+02 6.2798699951e+02 6.2817797852e+02 6.2848101807e+02 6.2872698975e+02 6.2891699219e+02 6.2906298828e+02 6.2923400879e+02 6.2942797852e+02 6.2963000488e+02 6.2982702637e+02 6.3003802490e+02 6.3027801514e+02 6.3053802490e+02 6.3079998779e+02 6.3104302979e+02 6.3129101563e+02 6.3155902100e+02 6.3182800293e+02 6.3204302979e+02 6.3226501465e+02 6.3268499756e+02 6.3318798828e+02 6.3348699951e+02 6.3365600586e+02 6.3381402588e+02 6.3395800781e+02 6.3412500000e+02
6.2385699463e+02 6.2409301758e+02 6.2436999512e+02 6.2465600586e+02 6.2489398193e+02 6.2514300537e+02 6.2537701416e+02 6.2558398438e+02 6.2577899170e+02 6.2595001221e+02 6.2610101318e+02 6.2626898193e+02 6.2648297119e+02 6.2665197754e+02 6.2671899414e+02 6.2671502686e+02 6.2674298096e+02 6.2705401611e+02 6.2738800049e+02 6.2766998291e+02 6.2787500000e+02 6.2815301514e+02 6.2840502930e+02 6.2861102295e+02 6.2876501465e+02 6.2895300293e+02 6.2916998291e+02 6.2939398193e+02 6.2960400391e+02 6.2981799316e+02 6.3005700684e+02 6.3030603027e+02 6.3054498291e+02 6.3078399658e+02 6.3104498291e+02 6.3131298828e+02 6.3157501221e+02 6.3181896973e+02 6.3205902100e+02 6.3234600830e+02 6.3273498535e+02 6.3303399658e+02 6.3329498291e+02 6.3351702881e+02 6.3369897461e+02 6.3387902832e+02
6.2362298584e+02 6.2385198975e+02 6.2412402344e+02 6.2440997314e+02 6.2465997314e+02 6.2487799072e+02 6.2508697510e+02 6.2528997803e+02 6.2549798584e+02 6.2567700195e+02 6.2584197998e+02 6.2602899170e+02 6.2626000977e+02 6.2646899414e+02 6.2656799316e+02 6.2655798340e+02 6.2652301025e+02 6.2669396973e+02 6.2698699951e+02 6.2731201172e+02 6.2757098389e+02 6.2781201172e+02 6.2806201172e+02 6.2828802490e+02 6.2847802734e+02 6.2869799805e+02 6.2894000244e+02 6.2917700195e+02 6.2939300537e+02 6.2960998535e+02 6.2984997559e+02 6.3009600830e+02 6.3032598877e+02 6.3054797363e+02 6.3080102539e+02 6.3106402588e+02 6.3131097412e+02 6.3156500244e+02 6.3183300781e+02 6.3210797119e+02 6.3241699219e+02 6.3272802734e+02 6.3301000977e+02 6.3324499512e+02 6.3342700195e+02 6.3361700439e+02
6.2342199707e+02 6.2364697266e+02 6.2390997314e+02 6.2419299316e+02 6.2446002197e+02 6.2466198730e+02 6.2483300781e+02 6.2500402832e+02 6.2520202637e+02 6.2538598633e+02 6.2556896973e+02 6.2577899170e+02 6.2601898193e+02 6.2625000000e+02 6.2638897705e+02 6.2640802002e+02 6.2635601807e+02 6.2638397217e+02 6.2660400391e+02 6.2694396973e+02 6.2726702881e+02 6.2749499512e+02 6.2774700928e+02 6.2799798584e+02 6.2823297119e+02 6.2847601318e+02 6.2872998047e+02 6.2896997070e+02 6.2918499756e+02 6.2940502930e+02 6.2964801025e+02 6.2989501953e+02 6.3012902832e+02 6.3033502197e+02 6.3057202148e+02 6.3083099365e+02 6.3108300781e+02 6.3135900879e+02 6.3164202881e+02 6.3191601563e+02 6.3221899414e+02 6.3252301025e+02 6.3277502441e+02 6.3298400879e+02 6.3314697266e+02 6.3332897949e+02
6.2315399170e+02 6.2340600586e+02 6.2369702148e+02 6.2399499512e+02 6.2426397705e+02 6.2446801758e+02 6.2461199951e+02 6.2473901367e+02 6.2489501953e+02 6.2507501221e+02 6.2526397705e+02 6.2548297119e+02 6.2571398926e+02 6.2596801758e+02 6.2616400146e+02 6.2624499512e+02 6.2624401855e+02 6.2617401123e+02 6.2629101563e+02 6.2659497070e+02 6.2697601318e+02 6.2723797607e+02 6.2750201416e+02 6.2777600098e+02 6.2805200195e+02 6.2828302002e+02 6.2852801514e+02 6.2876599121e+02 6.2897601318e+02 6.2919000244e+02 6.2943298340e+02 6.2968701172e+02 6.2993499756e+02 6.3012701416e+02 6.3034698486e+02 6.3059997559e+02 6.3088500977e+02 6.3119299316e+02 6.3147601318e+02 6.3174700928e+02 6.3202801514e+02 6.3230102539e+02 6.3251397705e+02 6.3269396973e+02 6.3285900879e+02 6.3303302002e+02
6.2290899658e+02 6.2314202881e+02 6.2343701172e+02 6.2373199463e+02 6.2396398926e+02 6.2414599609e+02 6.2430902100e+02 6.2445800781e+02 6.2461401367e+02 6.2478698730e+02 6.2496301270e+02 6.2516601563e+02 6.2539300537e+02 6.2568701172e+02 6.2594396973e+02 6.2605999756e+02 6.2609600830e+02 6.2603002930e+02 6.2602398682e+02 6.2622802734e+02 6.2664300537e+02 6.2698297119e+02 6.2728601074e+02 6.2757397461e+02 6.2784301758e+02 6.2806799316e+02 6.2830999756e+02 6.2855200195e+02 6.2877099609e+02 6.2898297119e+02 6.2920697021e+02 6.2944299316e+02 6.2967297363e+02 6.2988299561e+02 6.3012298584e+02 6.3040197754e+02 6.3071600342e+02 6.3100201416e+02 6.3126800537e+02 6.3151599121e+02 6.3176898193e+02 6.3200897217e+02 6.3220898438e+02 6.3238897705e+02 6.3256896973e+02 6.3275402832e+02
6.2266802979e+02 6.2288299561e+02 6.2314801025e+02 6.2341900635e+02 6.2363098145e+02 6.2379498291e+02 6.2397100830e+02 6.2415197754e+02 6.2433502197e+02 6.2450598145e+02 6.2467401123e+02 6.2486901855e+02 6.2511901855e+02 6.2549700928e+02 6.2575799561e+02 6.2584997559e+02 6.2590399170e+02 6.2589398193e+02 6.2584301758e+02 6.2593798828e+02 6.2629498291e+02 6.2668798828e+02 6.2703802490e+02 6.2734899902e+02 6.2761102295e+02 6.2784899902e+02 6.2810302734e+02 6.2835302734e+02 6.2857202148e+02 6.2878302002e+02 6.2898797607e+02 6.2919097900e+02 6.2939501953e+02 6.2964300537e+02 6.2994000244e+02 6.3029199219e+02 6.3065502930e+02 6.3089398193e+02 6.3111401367e+02 6.3131500244e+02 6.3153698730e+02 6.3175299072e+02 6.3192401123e+02 6.3208898926e+02 6.3228399658e+02 6.3249200439e+02
6.2244097900e+02 6.2262701416e+02 6.2285400391e+02 6.2309802246e+02 6.2330999756e+02 6.2347399902e+02 6.2365600586e+02 6.2385302734e+02 6.2405401611e+02 6.2422601318e+02 6.2439202881e+02 6.2458300781e+02 6.2485198975e+02 6.2528100586e+02 6.2552398682e+02 6.2559301758e+02 6.2567297363e+02 6.2575500488e+02 6.2572802734e+02 6.2574102783e+02 6.2595599365e+02 6.2636199951e+02 6.2674902344e+02 6.2708001709e+02 6.2734002686e+02 6.2759802246e+02 6.2787402344e+02 6.2814099121e+02 6.2836798096e+02 6.2858300781e+02 6.2877697754e+02 6.2894897461e+02 6.2912298584e+02 6.2938500977e+02 6.2973199463e+02 6.3016497803e+02 6.3062799072e+02 6.3084301758e+02 6.3101501465e+02 6.3117797852e+02 6.3137500000e+02 6.3155902100e+02 6.3169598389e+02 6.3183801270e+02 6.3203302002e+02 6.3226202393e+02
6.2223999023e+02 6.2239898682e+02 6.2259301758e+02 6.2281402588e+02 6.2302600098e+02 6.2320202637e+02 6.2337799072e+02 6.2356500244e+02 6.2375500488e+02 6.2394201660e+02 6.2411602783e+02 6.2429901123e+02 6.2451202393e+02 6.2488897705e+02 6.2514099121e+02 6.2528802490e+02 6.2546002197e+02 6.2559997559e+02 6.2563000488e+02 6.2560498047e+02 6.2563598633e+02 6.2601202393e+02 6.2641998291e+02 6.2677301025e+02 6.2703698730e+02 6.2729998779e+02 6.2759600830e+02 6.2789001465e+02 6.2814300537e+02 6.2835400391e+02 6.2854901123e+02 6.2871002197e+02 6.2884698486e+02 6.2906402588e+02 6.2939501953e+02 6.2985699463e+02 6.3041601563e+02 6.3076202393e+02 6.3091998291e+02 6.3107000732e+02 6.3130499268e+02 6.3146997070e+02 6.3157098389e+02 6.3167700195e+02 6.3187298584e+02 6.3210998535e+02
6.2203601074e+02 6.2219000244e+02 6.2236199951e+02 6.2256298828e+02 6.2274700928e+02 6.2290301514e+02 6.2307397461e+02 6.2325500488e+02 6.2345098877e+02 6.2365197754e+02 6.2384399414e+02 6.2402801514e+02 6.2420599365e+02 6.2446600342e+02 6.2471301270e+02 6.2493597412e+02 6.2519201660e+02 6.2539099121e+02 6.2548400879e+02 6.2548797607e+02 6.2545001221e+02 6.2568499756e+02 6.2603601074e+02 6.2640997314e+02 6.2673400879e+02 6.2702001953e+02 6.2733599854e+02 6.2763702393e+02 6.2788702393e+02 6.2807800293e+02 6.2826300049e+02 6.2843298340e+02 6.2858599854e+02 6.2872998047e+02 6.2895697021e+02 6.2934600830e+02 6.2995397949e+02 6.3047802734e+02 6.3075097656e+02 6.3092797852e+02 6.3113598633e+02 6.3132202148e+02 6.3140698242e+02 6.3148602295e+02 6.3164801025e+02 6.3193402100e+02
6.2181097412e+02 6.2198602295e+02 6.2213897705e+02 6.2230902100e+02 6.2246697998e+02 6.2260101318e+02 6.2277801514e+02 6.2296997070e+02 6.2316400146e+02 6.2336700439e+02 6.2357202148e+02 6.2377001953e+02 6.2395202637e+02 6.2416601563e+02 6.2439398193e+02 6.2462902832e+02 6.2490698242e+02 6.2514501953e+02 6.2529400635e+02 6.2535302734e+02 6.2532897949e+02 6.2541699219e+02 6.2565600586e+02 6.2600500488e+02 6.2642297363e+02 6.2679498291e+02 6.2713397217e+02 6.2741900635e+02 6.2764001465e+02 6.2780798340e+02 6.2797998047e+02 6.2814501953e+02 6.2830200195e+02 6.2842102051e+02 6.2858300781e+02 6.2887597656e+02 6.2939898682e+02 6.2999298096e+02 6.3034100342e+02 6.3056201172e+02 6.3079699707e+02 6.3102301025e+02 6.3112298584e+02 6.3120098877e+02 6.3135699463e+02 6.3166302490e+02
6.2153802490e+02 6.2173199463e+02 6.2187902832e+02 6.2203698730e+02 6.2220098877e+02 6.2232702637e+02 6.2250799561e+02 6.2271099854e+02 6.2289801025e+02 6.2308502197e+02 6.2329797363e+02 6.2351702881e+02 6.2372900391e+02 6.2395599365e+02 6.2416900635e+02 6.2437402344e+02 6.2461901855e+02 6.2486999512e+02 6.2505798340e+02 6.2518298340e+02 6.2523999023e+02 6.2522198486e+02 6.2533001709e+02 6.2562097168e+02 6.2611102295e+02 6.2658398438e+02 6.2694500732e+02 6.2720800781e+02 6.2739398193e+02 6.2755700684e+02 6.2772399902e+02 6.2787799072e+02 6.2801397705e+02 6.2815197754e+02 6.2830700684e+02 6.2853497314e+02 6.2890899658e+02 6.2942401123e+02 6.2978302002e+02 6.3004199219e+02 6.3034301758e+02 6.3063500977e+02 6.3076898193e+02 6.3086499023e+02 6.3102899170e+02 6.3135302734e+02
6.2120898438e+02 6.2142498779e+02 6.2159399414e+02 6.2176898193e+02 6.2196997070e+02 6.2207299805e+02 6.2222100830e+02 6.2242102051e+02 6.2262902832e+02 6.2279901123e+02 6.2300500488e+02 6.2324102783e+02 6.2349401855e+02 6.2374798584e+02 6.2395898438e+02 6.2412500000e+02 6.2433001709e+02 6.2460101318e+02 6.2480401611e+02 6.2498297119e+02 6.2514001465e+02 6.2510400391e+02 6.2510699463e+02 6.2531097412e+02 6.2578997803e+02 6.2634301758e+02 6.2673297119e+02 6.2698400879e+02 6.2714898682e+02 6.2732098389e+02 6.2748498535e+02 6.2763098145e+02 6.2777502441e+02 6.2790698242e+02 6.2809802246e+02 6.2834497070e+02 6.2867199707e+02 6.2897601318e+02 6.2927899170e+02 6.2956402588e+02 6.2988702393e+02 6.3022601318e+02 6.3042297363e+02 6.3055999756e+02 6.3072198486e+02 6.3103399658e+02
6.2081597900e+02 6.2107299805e+02 6.2129400635e+02 6.2147601318e+02 6.2164202881e+02 6.2177899170e+02 6.2191101074e+02 6.2209497070e+02 6.2235302734e+02 6.2261297607e+02 6.2281701660e+02 6.2299902344e+02 6.2325097656e+02 6.2351702881e+02 6.2371801758e+02 6.2388702393e+02 6.2408502197e+02 6.2432598877e+02 6.2454400635e+02 6.2477099609e+02 6.2499200439e+02 6.2502099609e+02 6.2499597168e+02 6.2508801270e+02 6.2546197510e+02 6.2599798584e+02 6.2642498779e+02 6.2672601318e+02 6.2690600586e+02 6.2708502197e+02 6.2723101807e+02 6.2736102295e+02 6.2751599121e+02 6.2764801025e+02 6.2783398438e+02 6.2810998535e+02 6.2847698975e+02 6.2884197998e+02 6.2914501953e+02 6.2940698242e+02 6.2970001221e+02 6.2996398926e+02 6.3015301514e+02 6.3033300781e+02 6.3055401611e+02 6.3085400391e+02
6.2045202637e+02 6.2071002197e+02 6.2094500732e+02 6.2112298584e+02 6.2126702881e+02 6.2147100830e+02 6.2165997314e+02 6.2185900879e+02 6.2213098145e+02 6.2246697998e+02 6.2269396973e+02 6.2284197998e+02 6.2304400635e+02 6.2327197266e+02 6.2346600342e+02 6.2365600586e+02 6.2386297607e+02 6.2408197021e+02 6.2430902100e+02 6.2455603027e+02 6.2480700684e+02 6.2491998291e+02 6.2492199707e+02 6.2494500732e+02 6.2515698242e+02 6.2557897949e+02 6.2599597168e+02 6.2635400391e+02 6.2661199951e+02 6.2682397461e+02 6.2696899414e+02 6.2708502197e+02 6.2724499512e+02 6.2739898682e+02 6.2758001709e+02 6.2783502197e+02 6.2819500732e+02 6.2864001465e+02 6.2902600098e+02 6.2933300781e+02 6.2958898926e+02 6.2978302002e+02 6.2995098877e+02 6.3015698242e+02 6.3043298340e+02 6.3074499512e+02
6.2020001221e+02 6.2041900635e+02 6.2063000488e+02 6.2080102539e+02 6.2094500732e+02 6.2119299316e+02 6.2143902588e+02 6.2167102051e+02 6.2193597412e+02 6.2227697754e+02 6.2252502441e+02 6.2268701172e+02 6.2285998535e+02 6.2304302979e+02 6.2322900391e+02 6.2343499756e+02 6.2365002441e+02 6.2384802246e+02 6.2407202148e+02 6.2432800293e+02 6.2458300781e+02 6.2477301025e+02 6.2484497070e+02 6.2485400391e+02 6.2492297363e+02 6.2517401123e+02 6.2553399658e+02 6.2592498779e+02 6.2627001953e+02 6.2652697754e+02 6.2669000244e+02 6.2681402588e+02 6.2698901367e+02 6.2717297363e+02 6.2735699463e+02 6.2758300781e+02 6.2788201904e+02 6.2832598877e+02 6.2876098633e+02 6.2912701416e+02 6.2940802002e+02 6.2959301758e+02 6.2976202393e+02 6.2998498535e+02 6.3028900146e+02 6.3060797119e+02
