TESTSERVER/19/15.asc
NCOLS 100
NROWS 100
XLLCORNER 8.4497500000e+03
YLLCORNER 2.8920025000e+05
CELLSIZE 5.0000000000e-01
NODATA_VALUE -9.9990000000e+03
[rows 60 to 79 of 100, columns 46 to 91 of 100]
6.0552197266e+02 6.0566998291e+02 6.0580499268e+02 6.0592602539e+02 6.0603900146e+02 6.0622698975e+02 6.0654101563e+02 6.0689398193e+02 6.0716302490e+02 6.0741998291e+02 6.0768499756e+02 6.0794097900e+02 6.0818402100e+02 6.0845800781e+02 6.0872198486e+02 6.0897497559e+02 6.0924298096e+02 6.0946697998e+02 6.0968597412e+02 6.0994299316e+02 6.1026898193e+02 6.1062799072e+02 6.1097302246e+02 6.1126898193e+02 6.1145599365e+02 6.1153698730e+02 6.1169000244e+02 6.1198498535e+02 6.1240197754e+02 6.1283001709e+02 6.1308001709e+02 6.1331500244e+02 6.1361102295e+02 6.1406500244e+02 6.1446801758e+02 6.1480200195e+02 6.1505902100e+02 6.1529797363e+02 6.1548602295e+02 6.1564801025e+02 6.1580102539e+02 6.1599401855e+02 6.1619799805e+02 6.1642401123e+02 6.1667102051e+02 6.1694598389e+02
6.0537799072e+02 6.0553002930e+02 6.0566699219e+02 6.0579302979e+02 6.0591497803e+02 6.0608697510e+02 6.0637799072e+02 6.0671197510e+02 6.0697802734e+02 6.0724298096e+02 6.0752600098e+02 6.0779797363e+02 6.0804699707e+02 6.0831298828e+02 6.0857598877e+02 6.0881799316e+02 6.0905798340e+02 6.0928399658e+02 6.0951202393e+02 6.0977697754e+02 6.1010498047e+02 6.1046502686e+02 6.1081298828e+02 6.1111901855e+02 6.1134197998e+02 6.1143798828e+02 6.1155798340e+02 6.1175097656e+02 6.1211102295e+02 6.1249102783e+02 6.1278399658e+02 6.1308502197e+02 6.1344500732e+02 6.1388500977e+02 6.1426397705e+02 6.1457299805e+02 6.1481402588e+02 6.1501501465e+02 6.1522900391e+02 6.1544500732e+02 6.1565197754e+02 6.1585797119e+02 6.1607299805e+02 6.1630200195e+02 6.1654998779e+02 6.1681201172e+02
6.0524102783e+02 6.0539801025e+02 6.0554498291e+02 6.0567700195e+02 6.0580499268e+02 6.0598199463e+02 6.0626202393e+02 6.0658300781e+02 6.0683801270e+02 6.0709899902e+02 6.0738598633e+02 6.0766601563e+02 6.0791998291e+02 6.0816900635e+02 6.0841101074e+02 6.0864001465e+02 6.0887200928e+02 6.0912402344e+02 6.0937597656e+02 6.0964501953e+02 6.0995202637e+02 6.1029101563e+02 6.1063397217e+02 6.1095098877e+02 6.1121099854e+02 6.1133300781e+02 6.1143701172e+02 6.1158502197e+02 6.1185601807e+02 6.1219702148e+02 6.1252301025e+02 6.1288397217e+02 6.1329602051e+02 6.1370202637e+02 6.1405902100e+02 6.1435900879e+02 6.1457800293e+02 6.1474798584e+02 6.1497802734e+02 6.1522802734e+02 6.1550299072e+02 6.1574102783e+02 6.1597497559e+02 6.1621301270e+02 6.1645501709e+02 6.1668402100e+02
6.0510998535e+02 6.0527301025e+02 6.0542700195e+02 6.0556201172e+02 6.0568798828e+02 6.0586901855e+02 6.0614501953e+02 6.0646301270e+02 6.0671600342e+02 6.0696997070e+02 6.0725402832e+02 6.0753302002e+02 6.0778399658e+02 6.0802301025e+02 6.0825402832e+02 6.0847698975e+02 6.0871600342e+02 6.0900201416e+02 6.0927301025e+02 6.0953802490e+02 6.0980999756e+02 6.1011700439e+02 6.1044702148e+02 6.1076898193e+02 6.1105999756e+02 6.1122302246e+02 6.1133599854e+02 6.1146398926e+02 6.1165997314e+02 6.1196002197e+02 6.1231097412e+02 6.1271899414e+02 6.1317199707e+02 6.1354797363e+02 6.1388702393e+02 6.1419000244e+02 6.1444598389e+02 6.1466900635e+02 6.1490197754e+02 6.1512799072e+02 6.1538500977e+02 6.1564001465e+02 6.1589501953e+02 6.1615197754e+02 6.1639898682e+02 6.1659802246e+02
6.0497698975e+02 6.0514898682e+02 6.0530603027e+02 6.0544201660e+02 6.0555499268e+02 6.0571099854e+02 6.0597100830e+02 6.0628100586e+02 6.0655499268e+02 6.0682397461e+02 6.0710998535e+02 6.0738000488e+02 6.0760900879e+02 6.0787500000e+02 6.0812200928e+02 6.0835699463e+02 6.0861102295e+02 6.0891101074e+02 6.0918798828e+02 6.0943701172e+02 6.0966101074e+02 6.0994201660e+02 6.1025701904e+02 6.1058300781e+02 6.1088299561e+02 6.1111700439e+02 6.1127801514e+02 6.1140698242e+02 6.1153601074e+02 6.1176397705e+02 6.1213201904e+02 6.1259301758e+02 6.1309698486e+02 6.1343103027e+02 6.1375897217e+02 6.1409399414e+02 6.1447998047e+02 6.1478100586e+02 6.1501599121e+02 6.1517199707e+02 6.1530999756e+02 6.1553100586e+02 6.1580798340e+02 6.1609399414e+02 6.1635302734e+02 6.1655700684e+02
6.0486199951e+02 6.0502398682e+02 6.0518200684e+02 6.0532598877e+02 6.0545300293e+02 6.0557299805e+02 6.0576000977e+02 6.0600701904e+02 6.0626898193e+02 6.0658197021e+02 6.0691802979e+02 6.0722100830e+02 6.0746502686e+02 6.0773699951e+02 6.0800299072e+02 6.0825500488e+02 6.0850201416e+02 6.0879602051e+02 6.0907598877e+02 6.0932098389e+02 6.0953002930e+02 6.0977301025e+02 6.1007702637e+02 6.1040600586e+02 6.1071801758e+02 6.1100097656e+02 6.1121600342e+02 6.1136102295e+02 6.1144097900e+02 6.1160302734e+02 6.1196600342e+02 6.1245697021e+02 6.1294299316e+02 6.1330200195e+02 6.1365197754e+02 6.1403302002e+02 6.1447900391e+02 6.1487097168e+02 6.1508197021e+02 6.1515100098e+02 6.1515502930e+02 6.1539202881e+02 6.1571301270e+02 6.1601599121e+02 6.1628100586e+02 6.1652001953e+02
6.0473498535e+02 6.0490100098e+02 6.0506799316e+02 6.0522198486e+02 6.0536602783e+02 6.0546899414e+02 6.0559301758e+02 6.0576397705e+02 6.0597998047e+02 6.0630798340e+02 6.0668701172e+02 6.0704602051e+02 6.0733001709e+02 6.0759497070e+02 6.0786401367e+02 6.0812500000e+02 6.0838000488e+02 6.0866699219e+02 6.0894396973e+02 6.0918701172e+02 6.0939202881e+02 6.0961798096e+02 6.0991400146e+02 6.1024401855e+02 6.1056799316e+02 6.1088702393e+02 6.1113800049e+02 6.1130401611e+02 6.1137200928e+02 6.1149298096e+02 6.1182897949e+02 6.1229797363e+02 6.1275701904e+02 6.1312200928e+02 6.1348699951e+02 6.1388397217e+02 6.1435900879e+02 6.1475799561e+02 6.1491802979e+02 6.1494299316e+02 6.1496502686e+02 6.1527600098e+02 6.1563702393e+02 6.1594799805e+02 6.1620397949e+02 6.1645501709e+02
6.0460699463e+02 6.0478302002e+02 6.0495599365e+02 6.0511102295e+02 6.0526000977e+02 6.0537402344e+02 6.0547302246e+02 6.0559301758e+02 6.0575402832e+02 6.0605499268e+02 6.0644702148e+02 6.0685601807e+02 6.0720800781e+02 6.0746801758e+02 6.0772998047e+02 6.0799102783e+02 6.0825598145e+02 6.0853802490e+02 6.0880499268e+02 6.0904199219e+02 6.0924798584e+02 6.0947100830e+02 6.0976501465e+02 6.1009802246e+02 6.1043402100e+02 6.1078302002e+02 6.1106402588e+02 6.1124798584e+02 6.1131402588e+02 6.1141400146e+02 6.1171502686e+02 6.1213800049e+02 6.1255499268e+02 6.1290997314e+02 6.1326300049e+02 6.1365100098e+02 6.1409698486e+02 6.1444396973e+02 6.1458099365e+02 6.1465002441e+02 6.1481799316e+02 6.1519500732e+02 6.1555999756e+02 6.1586102295e+02 6.1610699463e+02 6.1635699463e+02
6.0448297119e+02 6.0465802002e+02 6.0482397461e+02 6.0496502686e+02 6.0511999512e+02 6.0526000977e+02 6.0537500000e+02 6.0548901367e+02 6.0562402344e+02 6.0585998535e+02 6.0622302246e+02 6.0666400146e+02 6.0710101318e+02 6.0736401367e+02 6.0761199951e+02 6.0786602783e+02 6.0813397217e+02 6.0842498779e+02 6.0867700195e+02 6.0889801025e+02 6.0909698486e+02 6.0933197021e+02 6.0962298584e+02 6.0995800781e+02 6.1031402588e+02 6.1067602539e+02 6.1097900391e+02 6.1117999268e+02 6.1124798584e+02 6.1136798096e+02 6.1163000488e+02 6.1198602295e+02 6.1236102295e+02 6.1268597412e+02 6.1300701904e+02 6.1335900879e+02 6.1376202393e+02 6.1407702637e+02 6.1425598145e+02 6.1445397949e+02 6.1480700684e+02 6.1514398193e+02 6.1545898438e+02 6.1572900391e+02 6.1597900391e+02 6.1621197510e+02
6.0436499023e+02 6.0453399658e+02 6.0469201660e+02 6.0483801270e+02 6.0501000977e+02 6.0515802002e+02 6.0528399658e+02 6.0540899658e+02 6.0555297852e+02 6.0573199463e+02 6.0604797363e+02 6.0648901367e+02 6.0695300293e+02 6.0722601318e+02 6.0746899414e+02 6.0773297119e+02 6.0803100586e+02 6.0832299805e+02 6.0856701660e+02 6.0877502441e+02 6.0897399902e+02 6.0920501709e+02 6.0948699951e+02 6.0981402588e+02 6.1017797852e+02 6.1054602051e+02 6.1085900879e+02 6.1107800293e+02 6.1117102051e+02 6.1130200195e+02 6.1151898193e+02 6.1181799316e+02 6.1217901611e+02 6.1249298096e+02 6.1280700684e+02 6.1315399170e+02 6.1354602051e+02 6.1384497070e+02 6.1407098389e+02 6.1433599854e+02 6.1468798828e+02 6.1502197266e+02 6.1530603027e+02 6.1555603027e+02 6.1579901123e+02 6.1601300049e+02
6.0425097656e+02 6.0442700195e+02 6.0458801270e+02 6.0473699951e+02 6.0491699219e+02 6.0507800293e+02 6.0521997070e+02 6.0536297607e+02 6.0552697754e+02 6.0568701172e+02 6.0597399902e+02 6.0638397217e+02 6.0681896973e+02 6.0708197021e+02 6.0732598877e+02 6.0759802246e+02 6.0791400146e+02 6.0821197510e+02 6.0845501709e+02 6.0866601563e+02 6.0886499023e+02 6.0909399414e+02 6.0937298584e+02 6.0969097900e+02 6.1004302979e+02 6.1040197754e+02 6.1071697998e+02 6.1095501709e+02 6.1108599854e+02 6.1121099854e+02 6.1138500977e+02 6.1163598633e+02 6.1196997070e+02 6.1230902100e+02 6.1263897705e+02 6.1298400879e+02 6.1335900879e+02 6.1364801025e+02 6.1389898682e+02 6.1418298340e+02 6.1452001953e+02 6.1483599854e+02 6.1510998535e+02 6.1535797119e+02 6.1560699463e+02 6.1582299805e+02
6.0414202881e+02 6.0432397461e+02 6.0447900391e+02 6.0461999512e+02 6.0480999756e+02 6.0498199463e+02 6.0514001465e+02 6.0531097412e+02 6.0550701904e+02 6.0567498779e+02 6.0593798828e+02 6.0630297852e+02 6.0669201660e+02 6.0695397949e+02 6.0719799805e+02 6.0746197510e+02 6.0776898193e+02 6.0807202148e+02 6.0831896973e+02 6.0853900146e+02 6.0874902344e+02 6.0898797607e+02 6.0926800537e+02 6.0957897949e+02 6.0991198730e+02 6.1024902344e+02 6.1056298828e+02 6.1082000732e+02 6.1100000000e+02 6.1112097168e+02 6.1125402832e+02 6.1145898438e+02 6.1177001953e+02 6.1215698242e+02 6.1251000977e+02 6.1284399414e+02 6.1318298340e+02 6.1346899414e+02 6.1373498535e+02 6.1402099609e+02 6.1433801270e+02 6.1463500977e+02 6.1489300537e+02 6.1514099121e+02 6.1540899658e+02 6.1564398193e+02
6.0403100586e+02 6.0420599365e+02 6.0435900879e+02 6.0450701904e+02 6.0470001221e+02 6.0486499023e+02 6.0502301025e+02 6.0521600342e+02 6.0543701172e+02 6.0563397217e+02 6.0587701416e+02 6.0619299316e+02 6.0654797363e+02 6.0683801270e+02 6.0709002686e+02 6.0733398438e+02 6.0760101318e+02 6.0789202881e+02 6.0814300537e+02 6.0837298584e+02 6.0859997559e+02 6.0887902832e+02 6.0916601563e+02 6.0946899414e+02 6.0978997803e+02 6.1009399414e+02 6.1039202881e+02 6.1066900635e+02 6.1092700195e+02 6.1105102539e+02 6.1114697266e+02 6.1131298828e+02 6.1161999512e+02 6.1205700684e+02 6.1242498779e+02 6.1272900391e+02 6.1302197266e+02 6.1331500244e+02 6.1360601807e+02 6.1390600586e+02 6.1422497559e+02 6.1445300293e+02 6.1467401123e+02 6.1491601563e+02 6.1520202637e+02 6.1545300293e+02
6.0392602539e+02 6.0409698486e+02 6.0426098633e+02 6.0441998291e+02 6.0460699463e+02 6.0477697754e+02 6.0493402100e+02 6.0511401367e+02 6.0532000732e+02 6.0553002930e+02 6.0576000977e+02 6.0603997803e+02 6.0637200928e+02 6.0668200684e+02 6.0695697021e+02 6.0720800781e+02 6.0746502686e+02 6.0775598145e+02 6.0801397705e+02 6.0825201416e+02 6.0850000000e+02 6.0877801514e+02 6.0904998779e+02 6.0933300781e+02 6.0963800049e+02 6.0993597412e+02 6.1023199463e+02 6.1052197266e+02 6.1081701660e+02 6.1097302246e+02 6.1104699707e+02 6.1116802979e+02 6.1145501709e+02 6.1191900635e+02 6.1230102539e+02 6.1260198975e+02 6.1285998535e+02 6.1313800049e+02 6.1344000244e+02 6.1377001953e+02 6.1411499023e+02 6.1434100342e+02 6.1452197266e+02 6.1473797607e+02 6.1501000977e+02 6.1523297119e+02
6.0381701660e+02 6.0398699951e+02 6.0415301514e+02 6.0430902100e+02 6.0449102783e+02 6.0466400146e+02 6.0483099365e+02 6.0501898193e+02 6.0522302246e+02 6.0542901611e+02 6.0564898682e+02 6.0589697266e+02 6.0618499756e+02 6.0650799561e+02 6.0680297852e+02 6.0707598877e+02 6.0734802246e+02 6.0763897705e+02 6.0790899658e+02 6.0816400146e+02 6.0842700195e+02 6.0869201660e+02 6.0894201660e+02 6.0920300293e+02 6.0949401855e+02 6.0979797363e+02 6.1010498047e+02 6.1040698242e+02 6.1070697021e+02 6.1088201904e+02 6.1095501709e+02 6.1104302979e+02 6.1127600098e+02 6.1171697998e+02 6.1210998535e+02 6.1243499756e+02 6.1270800781e+02 6.1298797607e+02 6.1327600098e+02 6.1359497070e+02 6.1395898438e+02 6.1422900391e+02 6.1441900635e+02 6.1460998535e+02 6.1482098389e+02 6.1499700928e+02
6.0370800781e+02 6.0389099121e+02 6.0406097412e+02 6.0421899414e+02 6.0438702393e+02 6.0455297852e+02 6.0471502686e+02 6.0490600586e+02 6.0512500000e+02 6.0533197021e+02 6.0554797363e+02 6.0578198242e+02 6.0603802490e+02 6.0635998535e+02 6.0666601563e+02 6.0695300293e+02 6.0723797607e+02 6.0752801514e+02 6.0780798340e+02 6.0808300781e+02 6.0836297607e+02 6.0861499023e+02 6.0884497070e+02 6.0908599854e+02 6.0936999512e+02 6.0968103027e+02 6.0999499512e+02 6.1030401611e+02 6.1060699463e+02 6.1080297852e+02 6.1088800049e+02 6.1095397949e+02 6.1111999512e+02 6.1150701904e+02 6.1189501953e+02 6.1225000000e+02 6.1256597900e+02 6.1286602783e+02 6.1313098145e+02 6.1341998291e+02 6.1378698730e+02 6.1410601807e+02 6.1431799316e+02 6.1448400879e+02 6.1463201904e+02 6.1478100586e+02
6.0361401367e+02 6.0378100586e+02 6.0395001221e+02 6.0413397217e+02 6.0431402588e+02 6.0446899414e+02 6.0461602783e+02 6.0478198242e+02 6.0499401855e+02 6.0521697998e+02 6.0544299316e+02 6.0569201660e+02 6.0592297363e+02 6.0626501465e+02 6.0656799316e+02 6.0684399414e+02 6.0711999512e+02 6.0739898682e+02 6.0768103027e+02 6.0797302246e+02 6.0827001953e+02 6.0853601074e+02 6.0876000977e+02 6.0899298096e+02 6.0927801514e+02 6.0958599854e+02 6.0989501953e+02 6.1020098877e+02 6.1051000977e+02 6.1073297119e+02 6.1084497070e+02 6.1091601563e+02 6.1104400635e+02 6.1133197021e+02 6.1169702148e+02 6.1207397461e+02 6.1242700195e+02 6.1274700928e+02 6.1300799561e+02 6.1327899170e+02 6.1363098145e+02 6.1398199463e+02 6.1419897461e+02 6.1433599854e+02 6.1445098877e+02 6.1463098145e+02
6.0352899170e+02 6.0369201660e+02 6.0385101318e+02 6.0403497314e+02 6.0420501709e+02 6.0434197998e+02 6.0450402832e+02 6.0468298340e+02 6.0489801025e+02 6.0511700439e+02 6.0534301758e+02 6.0560400391e+02 6.0585302734e+02 6.0616198730e+02 6.0644097900e+02 6.0669897461e+02 6.0698297119e+02 6.0726599121e+02 6.0754797363e+02 6.0783801270e+02 6.0814898682e+02 6.0843499756e+02 6.0866998291e+02 6.0890197754e+02 6.0918701172e+02 6.0950000000e+02 6.0979901123e+02 6.1009197998e+02 6.1039801025e+02 6.1064697266e+02 6.1078900146e+02 6.1087298584e+02 6.1096398926e+02 6.1120300293e+02 6.1156500244e+02 6.1198901367e+02 6.1238500977e+02 6.1269396973e+02 6.1293902588e+02 6.1318597412e+02 6.1350201416e+02 6.1384600830e+02 6.1407702637e+02 6.1421600342e+02 6.1436999512e+02 6.1459197998e+02
6.0343103027e+02 6.0360302734e+02 6.0375701904e+02 6.0393597412e+02 6.0411102295e+02 6.0424401855e+02 6.0440997314e+02 6.0459698486e+02 6.0480700684e+02 6.0500897217e+02 6.0522497559e+02 6.0547802734e+02 6.0574102783e+02 6.0603497314e+02 6.0629302979e+02 6.0654797363e+02 6.0684802246e+02 6.0714398193e+02 6.0742999268e+02 6.0772198486e+02 6.0803302002e+02 6.0833001709e+02 6.0857000732e+02 6.0880200195e+02 6.0908599854e+02 6.0940301514e+02 6.0969702148e+02 6.0997998047e+02 6.1026898193e+02 6.1054602051e+02 6.1072302246e+02 6.1081896973e+02 6.1089599609e+02 6.1110998535e+02 6.1149102783e+02 6.1197100830e+02 6.1241802979e+02 6.1271801758e+02 6.1292401123e+02 6.1312799072e+02 6.1342498779e+02 6.1379400635e+02 6.1405401611e+02 6.1420898438e+02 6.1435498047e+02 6.1459002686e+02
6.0332397461e+02 6.0349798584e+02 6.0365802002e+02 6.0384197998e+02 6.0401397705e+02 6.0415301514e+02 6.0432397461e+02 6.0451202393e+02 6.0471502686e+02 6.0490100098e+02 6.0510498047e+02 6.0534197998e+02 6.0560699463e+02 6.0589099121e+02 6.0614398193e+02 6.0640502930e+02 6.0670800781e+02 6.0701098633e+02 6.0731298828e+02 6.0761700439e+02 6.0792999268e+02 6.0822198486e+02 6.0846398926e+02 6.0869500732e+02 6.0897399902e+02 6.0929302979e+02 6.0958197021e+02 6.0985699463e+02 6.1012500000e+02 6.1042797852e+02 6.1064898682e+02 6.1076800537e+02 6.1083099365e+02 6.1102697754e+02 6.1142297363e+02 6.1194799805e+02 6.1244598389e+02 6.1273699951e+02 6.1290802002e+02 6.1308801270e+02 6.1339898682e+02 6.1380603027e+02 6.1409497070e+02 6.1426397705e+02 6.1436401367e+02 6.1457897949e+02
