TESTSERVER/19/15.asc
NCOLS 100
NROWS 100
XLLCORNER 8.4497500000e+03
YLLCORNER 2.8920025000e+05
CELLSIZE 5.0000000000e-01
NODATA_VALUE -9.9990000000e+03
[rows 40 to 59 of 100, columns 0 to 45 of 100]
6.0104699707e+02 6.0121697998e+02 6.0139398193e+02 6.0157897949e+02 6.0174102783e+02 6.0188598633e+02 6.0204602051e+02 6.0221301270e+02 6.0237500000e+02 6.0251000977e+02 6.0262701416e+02 6.0275598145e+02 6.0291302490e+02 6.0305798340e+02 6.0319799805e+02 6.0333197021e+02 6.0346697998e+02 6.0360498047e+02 6.0374902344e+02 6.0388897705e+02 6.0403698730e+02 6.0419201660e+02 6.0434899902e+02 6.0452398682e+02 6.0470599365e+02 6.0487597656e+02 6.0504302979e+02 6.0520098877e+02 6.0535900879e+02 6.0552001953e+02 6.0569000244e+02 6.0584399414e+02 6.0600299072e+02 6.0617401123e+02 6.0635900879e+02 6.0652398682e+02 6.0667797852e+02 6.0680700684e+02 6.0690802002e+02 6.0698199463e+02 6.0704199219e+02 6.0709997559e+02 6.0715600586e+02 6.0720098877e+02 6.0723602295e+02 6.0728601074e+02
6.0091302490e+02 6.0109197998e+02 6.0127801514e+02 6.0145397949e+02 6.0161499023e+02 6.0176702881e+02 6.0193103027e+02 6.0208197021e+02 6.0223400879e+02 6.0237200928e+02 6.0249798584e+02 6.0264001465e+02 6.0279602051e+02 6.0293103027e+02 6.0305798340e+02 6.0319897461e+02 6.0333599854e+02 6.0347900391e+02 6.0362701416e+02 6.0376202393e+02 6.0390100098e+02 6.0404699707e+02 6.0420098877e+02 6.0436602783e+02 6.0455603027e+02 6.0473400879e+02 6.0489099121e+02 6.0505798340e+02 6.0522198486e+02 6.0538397217e+02 6.0557098389e+02 6.0572900391e+02 6.0587701416e+02 6.0603198242e+02 6.0620697021e+02 6.0638000488e+02 6.0654498291e+02 6.0669799805e+02 6.0683001709e+02 6.0693298340e+02 6.0700598145e+02 6.0705999756e+02 6.0711602783e+02 6.0718402100e+02 6.0722302246e+02 6.0725701904e+02
6.0078802490e+02 6.0096502686e+02 6.0114898682e+02 6.0132598877e+02 6.0148101807e+02 6.0163897705e+02 6.0180700684e+02 6.0195098877e+02 6.0209600830e+02 6.0224102783e+02 6.0237701416e+02 6.0252197266e+02 6.0267602539e+02 6.0280102539e+02 6.0292797852e+02 6.0308099365e+02 6.0321899414e+02 6.0334997559e+02 6.0350299072e+02 6.0363598633e+02 6.0377301025e+02 6.0391900635e+02 6.0407000732e+02 6.0423699951e+02 6.0442199707e+02 6.0459497070e+02 6.0474700928e+02 6.0492498779e+02 6.0509600830e+02 6.0525598145e+02 6.0543499756e+02 6.0559899902e+02 6.0574597168e+02 6.0589398193e+02 6.0605999756e+02 6.0622497559e+02 6.0639202881e+02 6.0655798340e+02 6.0671600342e+02 6.0686297607e+02 6.0697198486e+02 6.0704400635e+02 6.0709899902e+02 6.0717901611e+02 6.0722802734e+02 6.0725598145e+02
6.0067901611e+02 6.0084100342e+02 6.0100598145e+02 6.0118402100e+02 6.0134100342e+02 6.0150701904e+02 6.0167102051e+02 6.0181597900e+02 6.0196197510e+02 6.0210900879e+02 6.0224499512e+02 6.0239801025e+02 6.0255200195e+02 6.0267199707e+02 6.0280102539e+02 6.0295397949e+02 6.0309497070e+02 6.0322802734e+02 6.0338201904e+02 6.0350897217e+02 6.0364398193e+02 6.0379101563e+02 6.0394000244e+02 6.0410900879e+02 6.0428302002e+02 6.0445397949e+02 6.0462597656e+02 6.0480401611e+02 6.0498101807e+02 6.0513299561e+02 6.0528601074e+02 6.0545599365e+02 6.0560498047e+02 6.0575097656e+02 6.0591198730e+02 6.0607000732e+02 6.0622900391e+02 6.0639801025e+02 6.0656701660e+02 6.0674700928e+02 6.0690301514e+02 6.0701702881e+02 6.0708898926e+02 6.0717498779e+02 6.0723699951e+02 6.0727301025e+02
6.0055200195e+02 6.0070599365e+02 6.0086999512e+02 6.0104199219e+02 6.0121398926e+02 6.0138800049e+02 6.0153497314e+02 6.0168103027e+02 6.0182202148e+02 6.0196801758e+02 6.0210302734e+02 6.0227001953e+02 6.0243402100e+02 6.0256298828e+02 6.0268200684e+02 6.0282800293e+02 6.0297302246e+02 6.0311401367e+02 6.0326501465e+02 6.0339099121e+02 6.0352301025e+02 6.0367102051e+02 6.0382702637e+02 6.0398699951e+02 6.0415100098e+02 6.0432800293e+02 6.0451397705e+02 6.0468200684e+02 6.0484802246e+02 6.0499499512e+02 6.0515600586e+02 6.0531896973e+02 6.0546899414e+02 6.0561401367e+02 6.0578002930e+02 6.0592199707e+02 6.0607397461e+02 6.0623797607e+02 6.0640399170e+02 6.0658502197e+02 6.0677099609e+02 6.0693701172e+02 6.0707202148e+02 6.0715301514e+02 6.0722497559e+02 6.0727301025e+02
6.0041998291e+02 6.0058197021e+02 6.0073602295e+02 6.0090899658e+02 6.0108300781e+02 6.0125000000e+02 6.0139801025e+02 6.0154400635e+02 6.0169201660e+02 6.0184997559e+02 6.0198699951e+02 6.0213598633e+02 6.0229699707e+02 6.0242999268e+02 6.0254797363e+02 6.0270697021e+02 6.0285198975e+02 6.0298797607e+02 6.0315197754e+02 6.0327697754e+02 6.0340197754e+02 6.0355200195e+02 6.0370697021e+02 6.0385699463e+02 6.0402398682e+02 6.0419500732e+02 6.0435900879e+02 6.0452697754e+02 6.0469500732e+02 6.0485998535e+02 6.0503399658e+02 6.0519897461e+02 6.0534899902e+02 6.0549597168e+02 6.0564501953e+02 6.0577899170e+02 6.0592797852e+02 6.0609002686e+02 6.0624597168e+02 6.0641198730e+02 6.0659301758e+02 6.0677899170e+02 6.0696697998e+02 6.0709600830e+02 6.0717797852e+02 6.0722698975e+02
6.0030603027e+02 6.0046002197e+02 6.0060498047e+02 6.0078497314e+02 6.0095599365e+02 6.0111602783e+02 6.0126501465e+02 6.0142401123e+02 6.0157800293e+02 6.0173297119e+02 6.0186102295e+02 6.0200799561e+02 6.0216802979e+02 6.0229998779e+02 6.0242700195e+02 6.0259197998e+02 6.0273297119e+02 6.0286199951e+02 6.0301397705e+02 6.0313800049e+02 6.0327099609e+02 6.0342102051e+02 6.0357501221e+02 6.0372601318e+02 6.0389599609e+02 6.0406799316e+02 6.0423199463e+02 6.0440698242e+02 6.0456896973e+02 6.0473101807e+02 6.0491101074e+02 6.0507202148e+02 6.0522198486e+02 6.0536999512e+02 6.0551397705e+02 6.0564801025e+02 6.0579797363e+02 6.0595501709e+02 6.0610302734e+02 6.0626000977e+02 6.0643701172e+02 6.0662902832e+02 6.0683001709e+02 6.0698901367e+02 6.0709399414e+02 6.0715802002e+02
6.0018902588e+02 6.0033502197e+02 6.0047302246e+02 6.0065399170e+02 6.0082202148e+02 6.0097900391e+02 6.0113299561e+02 6.0130200195e+02 6.0145397949e+02 6.0159997559e+02 6.0172998047e+02 6.0188800049e+02 6.0204400635e+02 6.0216998291e+02 6.0230499268e+02 6.0247100830e+02 6.0260998535e+02 6.0274102783e+02 6.0288500977e+02 6.0301898193e+02 6.0315997314e+02 6.0330297852e+02 6.0345098877e+02 6.0359997559e+02 6.0376702881e+02 6.0394000244e+02 6.0410302734e+02 6.0428802490e+02 6.0445098877e+02 6.0460797119e+02 6.0478698730e+02 6.0494396973e+02 6.0509301758e+02 6.0524499512e+02 6.0539202881e+02 6.0553198242e+02 6.0568103027e+02 6.0583001709e+02 6.0596801758e+02 6.0611901855e+02 6.0629101563e+02 6.0647802734e+02 6.0666699219e+02 6.0683898926e+02 6.0697198486e+02 6.0706201172e+02
6.0005798340e+02 6.0020697021e+02 6.0036199951e+02 6.0053100586e+02 6.0068597412e+02 6.0084002686e+02 6.0100500488e+02 6.0117498779e+02 6.0132299805e+02 6.0145898438e+02 6.0159802246e+02 6.0175299072e+02 6.0190899658e+02 6.0204797363e+02 6.0218499756e+02 6.0234002686e+02 6.0248699951e+02 6.0262902832e+02 6.0277197266e+02 6.0290197754e+02 6.0304400635e+02 6.0319299316e+02 6.0334100342e+02 6.0347900391e+02 6.0365301514e+02 6.0382897949e+02 6.0396997070e+02 6.0415698242e+02 6.0432702637e+02 6.0449298096e+02 6.0466601563e+02 6.0482098389e+02 6.0497198486e+02 6.0512799072e+02 6.0528002930e+02 6.0542401123e+02 6.0556701660e+02 6.0570397949e+02 6.0582702637e+02 6.0597900391e+02 6.0614801025e+02 6.0632800293e+02 6.0650201416e+02 6.0666900635e+02 6.0682299805e+02 6.0694396973e+02
5.9993701172e+02 6.0008599854e+02 6.0023699951e+02 6.0041302490e+02 6.0055499268e+02 6.0070202637e+02 6.0087500000e+02 6.0104699707e+02 6.0119897461e+02 6.0133398438e+02 6.0147601318e+02 6.0162597656e+02 6.0178302002e+02 6.0193200684e+02 6.0206402588e+02 6.0221099854e+02 6.0235797119e+02 6.0249597168e+02 6.0264202881e+02 6.0278198242e+02 6.0293499756e+02 6.0307897949e+02 6.0321002197e+02 6.0335302734e+02 6.0352600098e+02 6.0369702148e+02 6.0384899902e+02 6.0403198242e+02 6.0419000244e+02 6.0435900879e+02 6.0452899170e+02 6.0468597412e+02 6.0484399414e+02 6.0500201416e+02 6.0515600586e+02 6.0530603027e+02 6.0545001221e+02 6.0558197021e+02 6.0570501709e+02 6.0584997559e+02 6.0601098633e+02 6.0617797852e+02 6.0634100342e+02 6.0651599121e+02 6.0668499756e+02 6.0682598877e+02
5.9982702637e+02 5.9996899414e+02 6.0010900879e+02 6.0027899170e+02 6.0042602539e+02 6.0057800293e+02 6.0075000000e+02 6.0090899658e+02 6.0106402588e+02 6.0120397949e+02 6.0134197998e+02 6.0149102783e+02 6.0165002441e+02 6.0180102539e+02 6.0193499756e+02 6.0208099365e+02 6.0223101807e+02 6.0237500000e+02 6.0252697754e+02 6.0266699219e+02 6.0282202148e+02 6.0295800781e+02 6.0307897949e+02 6.0323297119e+02 6.0339801025e+02 6.0355902100e+02 6.0372399902e+02 6.0390502930e+02 6.0405902100e+02 6.0422698975e+02 6.0439898682e+02 6.0455401611e+02 6.0471099854e+02 6.0486901855e+02 6.0502600098e+02 6.0517999268e+02 6.0532598877e+02 6.0546002197e+02 6.0558599854e+02 6.0572698975e+02 6.0587402344e+02 6.0602697754e+02 6.0617999268e+02 6.0635498047e+02 6.0653198242e+02 6.0669299316e+02
5.9971197510e+02 5.9985400391e+02 5.9999298096e+02 6.0015698242e+02 6.0030798340e+02 6.0046398926e+02 6.0063201904e+02 6.0077600098e+02 6.0092901611e+02 6.0107397461e+02 6.0121099854e+02 6.0136102295e+02 6.0151800537e+02 6.0166601563e+02 6.0180401611e+02 6.0195300293e+02 6.0210699463e+02 6.0225897217e+02 6.0241601563e+02 6.0254498291e+02 6.0270098877e+02 6.0284497070e+02 6.0297198486e+02 6.0312902832e+02 6.0328900146e+02 6.0344500732e+02 6.0360302734e+02 6.0377398682e+02 6.0392602539e+02 6.0408801270e+02 6.0427099609e+02 6.0442797852e+02 6.0457897949e+02 6.0473297119e+02 6.0489398193e+02 6.0504901123e+02 6.0519702148e+02 6.0533502197e+02 6.0546600342e+02 6.0559802246e+02 6.0573498535e+02 6.0587902832e+02 6.0602697754e+02 6.0619396973e+02 6.0637200928e+02 6.0654498291e+02
5.9959301758e+02 5.9973901367e+02 5.9987597656e+02 6.0004901123e+02 6.0019396973e+02 6.0034497070e+02 6.0050897217e+02 6.0065399170e+02 6.0080401611e+02 6.0095202637e+02 6.0110198975e+02 6.0124798584e+02 6.0139300537e+02 6.0153100586e+02 6.0167498779e+02 6.0183697510e+02 6.0198797607e+02 6.0214099121e+02 6.0229797363e+02 6.0243103027e+02 6.0258599854e+02 6.0273901367e+02 6.0287402344e+02 6.0301599121e+02 6.0317999268e+02 6.0333697510e+02 6.0346899414e+02 6.0364202881e+02 6.0379199219e+02 6.0395300293e+02 6.0414202881e+02 6.0429602051e+02 6.0444201660e+02 6.0459497070e+02 6.0475799561e+02 6.0491302490e+02 6.0506298828e+02 6.0520397949e+02 6.0533697510e+02 6.0546398926e+02 6.0559399414e+02 6.0573602295e+02 6.0588299561e+02 6.0604901123e+02 6.0622100830e+02 6.0638897705e+02
5.9948498535e+02 5.9962902832e+02 5.9977301025e+02 5.9992797852e+02 6.0006597900e+02 6.0021502686e+02 6.0037701416e+02 6.0053497314e+02 6.0068402100e+02 6.0082299805e+02 6.0097497559e+02 6.0113299561e+02 6.0127899170e+02 6.0141101074e+02 6.0155798340e+02 6.0171301270e+02 6.0186401367e+02 6.0202099609e+02 6.0217797852e+02 6.0230700684e+02 6.0246502686e+02 6.0261700439e+02 6.0275201416e+02 6.0289697266e+02 6.0307202148e+02 6.0323400879e+02 6.0336297607e+02 6.0352600098e+02 6.0367199707e+02 6.0382800293e+02 6.0399700928e+02 6.0415997314e+02 6.0432501221e+02 6.0448797607e+02 6.0463702393e+02 6.0478100586e+02 6.0492797852e+02 6.0506799316e+02 6.0520800781e+02 6.0533300781e+02 6.0546197510e+02 6.0560498047e+02 6.0575500488e+02 6.0592498779e+02 6.0610101318e+02 6.0627001953e+02
5.9936297607e+02 5.9951202393e+02 5.9966198730e+02 5.9979998779e+02 5.9994000244e+02 6.0009197998e+02 6.0025402832e+02 6.0041497803e+02 6.0055603027e+02 6.0068798828e+02 6.0083599854e+02 6.0100000000e+02 6.0115301514e+02 6.0128802490e+02 6.0144000244e+02 6.0159197998e+02 6.0173999023e+02 6.0190002441e+02 6.0206402588e+02 6.0219598389e+02 6.0235601807e+02 6.0251000977e+02 6.0264501953e+02 6.0278601074e+02 6.0295697021e+02 6.0311700439e+02 6.0324798584e+02 6.0340802002e+02 6.0356298828e+02 6.0371997070e+02 6.0386901855e+02 6.0402899170e+02 6.0420098877e+02 6.0436901855e+02 6.0451702881e+02 6.0465899658e+02 6.0480499268e+02 6.0494396973e+02 6.0508197021e+02 6.0520800781e+02 6.0534100342e+02 6.0548602295e+02 6.0563397217e+02 6.0579302979e+02 6.0596600342e+02 6.0614398193e+02
5.9924102783e+02 5.9939697266e+02 5.9954901123e+02 5.9968402100e+02 5.9982800293e+02 5.9998199463e+02 6.0014001465e+02 6.0029602051e+02 6.0043103027e+02 6.0056201172e+02 6.0070202637e+02 6.0086401367e+02 6.0102197266e+02 6.0115899658e+02 6.0130700684e+02 6.0146502686e+02 6.0161499023e+02 6.0177502441e+02 6.0193902588e+02 6.0207000732e+02 6.0222802734e+02 6.0238500977e+02 6.0252301025e+02 6.0266302490e+02 6.0283502197e+02 6.0299597168e+02 6.0313299561e+02 6.0328900146e+02 6.0344702148e+02 6.0361297607e+02 6.0375598145e+02 6.0390197754e+02 6.0406500244e+02 6.0423199463e+02 6.0439099121e+02 6.0453900146e+02 6.0468597412e+02 6.0482202148e+02 6.0495001221e+02 6.0507897949e+02 6.0522100830e+02 6.0537097168e+02 6.0551300049e+02 6.0566101074e+02 6.0583099365e+02 6.0601501465e+02
5.9912200928e+02 5.9927502441e+02 5.9942602539e+02 5.9957397461e+02 5.9971997070e+02 5.9987200928e+02 6.0002197266e+02 6.0016601563e+02 6.0029699707e+02 6.0042999268e+02 6.0057598877e+02 6.0072698975e+02 6.0089001465e+02 6.0103399658e+02 6.0117700195e+02 6.0134100342e+02 6.0149499512e+02 6.0164801025e+02 6.0180102539e+02 6.0193402100e+02 6.0209399414e+02 6.0224902344e+02 6.0240100098e+02 6.0254101563e+02 6.0271600342e+02 6.0287902832e+02 6.0300500488e+02 6.0316400146e+02 6.0332098389e+02 6.0349401855e+02 6.0364599609e+02 6.0377600098e+02 6.0393103027e+02 6.0409301758e+02 6.0426300049e+02 6.0441302490e+02 6.0455999756e+02 6.0468798828e+02 6.0479699707e+02 6.0494799805e+02 6.0509802246e+02 6.0525000000e+02 6.0539099121e+02 6.0553900146e+02 6.0571502686e+02 6.0589697266e+02
5.9898498535e+02 5.9911901855e+02 5.9928100586e+02 5.9944396973e+02 5.9958801270e+02 5.9973498535e+02 5.9987799072e+02 6.0003399658e+02 6.0017102051e+02 6.0029302979e+02 6.0044201660e+02 6.0059802246e+02 6.0075402832e+02 6.0090197754e+02 6.0104699707e+02 6.0120300293e+02 6.0135601807e+02 6.0151702881e+02 6.0167602539e+02 6.0180102539e+02 6.0196502686e+02 6.0211999512e+02 6.0226599121e+02 6.0242199707e+02 6.0259997559e+02 6.0276202393e+02 6.0288000488e+02 6.0304498291e+02 6.0320098877e+02 6.0336700439e+02 6.0352697754e+02 6.0366497803e+02 6.0382299805e+02 6.0397802734e+02 6.0413500977e+02 6.0428002930e+02 6.0442199707e+02 6.0454998779e+02 6.0467901611e+02 6.0483502197e+02 6.0498400879e+02 6.0513500977e+02 6.0528002930e+02 6.0543200684e+02 6.0560797119e+02 6.0578002930e+02
5.9885101318e+02 5.9898797607e+02 5.9914898682e+02 5.9931298828e+02 5.9945501709e+02 5.9959899902e+02 5.9974798584e+02 5.9991198730e+02 6.0005200195e+02 6.0016699219e+02 6.0031402588e+02 6.0047802734e+02 6.0062500000e+02 6.0076599121e+02 6.0091400146e+02 6.0107000732e+02 6.0122302246e+02 6.0138500977e+02 6.0154998779e+02 6.0167999268e+02 6.0184899902e+02 6.0200402832e+02 6.0214599609e+02 6.0230401611e+02 6.0248199463e+02 6.0264300537e+02 6.0277502441e+02 6.0294500732e+02 6.0308599854e+02 6.0323602295e+02 6.0339697266e+02 6.0354602051e+02 6.0371002197e+02 6.0385797119e+02 6.0400097656e+02 6.0414599609e+02 6.0428198242e+02 6.0441101074e+02 6.0456201172e+02 6.0471997070e+02 6.0486700439e+02 6.0501800537e+02 6.0516497803e+02 6.0531402588e+02 6.0548297119e+02 6.0564801025e+02
5.9870697021e+02 5.9885601807e+02 5.9901800537e+02 5.9918200684e+02 5.9932598877e+02 5.9946899414e+02 5.9962402344e+02 5.9979199219e+02 5.9992901611e+02 6.0004302979e+02 6.0019396973e+02 6.0036297607e+02 6.0050598145e+02 6.0064300537e+02 6.0079302979e+02 6.0094702148e+02 6.0109497070e+02 6.0125598145e+02 6.0142602539e+02 6.0156500244e+02 6.0173999023e+02 6.0189697266e+02 6.0203802490e+02 6.0218798828e+02 6.0235900879e+02 6.0252001953e+02 6.0265997314e+02 6.0281896973e+02 6.0294897461e+02 6.0310400391e+02 6.0327197266e+02 6.0341802979e+02 6.0358001709e+02 6.0372399902e+02 6.0386297607e+02 6.0401599121e+02 6.0415399170e+02 6.0428601074e+02 6.0444299316e+02 6.0459100342e+02 6.0473400879e+02 6.0489001465e+02 6.0504400635e+02 6.0518701172e+02 6.0534497070e+02 6.0550500488e+02
