TESTSERVER/19/15.asc
NCOLS 100
NROWS 100
XLLCORNER 8.4497500000e+03
YLLCORNER 2.8920025000e+05
CELLSIZE 5.0000000000e-01
NODATA_VALUE -9.9990000000e+03
[rows 40 to 59 of 100, columns 46 to 91 of 100]
6.0735400391e+02 6.0740997314e+02 6.0751098633e+02 6.0771600342e+02 6.0807397461e+02 6.0846997070e+02 6.0894799805e+02 6.0948297119e+02 6.1006500244e+02 6.1070397949e+02 6.1117297363e+02 6.1152001953e+02 6.1179498291e+02 6.1210101318e+02 6.1230999756e+02 6.1239300537e+02 6.1239801025e+02 6.1253698730e+02 6.1277398682e+02 6.1310400391e+02 6.1347100830e+02 6.1381298828e+02 6.1408599854e+02 6.1434197998e+02 6.1464697266e+02 6.1499798584e+02 6.1527398682e+02 6.1545898438e+02 6.1562402344e+02 6.1587597656e+02 6.1614001465e+02 6.1642102051e+02 6.1671697998e+02 6.1697198486e+02 6.1721197510e+02 6.1747802734e+02 6.1778802490e+02 6.1806799316e+02 6.1825201416e+02 6.1840301514e+02 6.1859698486e+02 6.1884600830e+02 6.1909497070e+02 6.1936199951e+02 6.1965899658e+02 6.2006097412e+02
6.0731500244e+02 6.0736602783e+02 6.0745098877e+02 6.0763299561e+02 6.0793402100e+02 6.0825701904e+02 6.0864001465e+02 6.0906097412e+02 6.0952197266e+02 6.1014202881e+02 6.1075500488e+02 6.1128002930e+02 6.1164697266e+02 6.1196301270e+02 6.1220300293e+02 6.1231896973e+02 6.1235699463e+02 6.1242401123e+02 6.1257501221e+02 6.1285498047e+02 6.1322497559e+02 6.1355603027e+02 6.1384399414e+02 6.1412597656e+02 6.1444201660e+02 6.1477398682e+02 6.1506201172e+02 6.1527600098e+02 6.1544000244e+02 6.1569000244e+02 6.1596301270e+02 6.1623797607e+02 6.1652099609e+02 6.1681201172e+02 6.1707897949e+02 6.1733599854e+02 6.1762597656e+02 6.1797399902e+02 6.1820098877e+02 6.1833898926e+02 6.1847302246e+02 6.1871398926e+02 6.1896697998e+02 6.1923297119e+02 6.1953698730e+02 6.1993499756e+02
6.0730603027e+02 6.0737500000e+02 6.0744702148e+02 6.0758001709e+02 6.0783300781e+02 6.0812500000e+02 6.0844097900e+02 6.0877301025e+02 6.0909698486e+02 6.0962597656e+02 6.1028002930e+02 6.1092498779e+02 6.1142602539e+02 6.1176599121e+02 6.1204199219e+02 6.1221002197e+02 6.1230401611e+02 6.1233599854e+02 6.1241900635e+02 6.1263500977e+02 6.1299597168e+02 6.1334100342e+02 6.1363098145e+02 6.1391198730e+02 6.1421197510e+02 6.1450000000e+02 6.1478100586e+02 6.1503198242e+02 6.1525000000e+02 6.1550897217e+02 6.1578900146e+02 6.1605200195e+02 6.1630902100e+02 6.1660101318e+02 6.1689801025e+02 6.1718298340e+02 6.1745397949e+02 6.1778601074e+02 6.1803302002e+02 6.1818798828e+02 6.1832098389e+02 6.1858398438e+02 6.1885900879e+02 6.1913397217e+02 6.1942498779e+02 6.1980700684e+02
6.0730999756e+02 6.0739202881e+02 6.0745898438e+02 6.0754199219e+02 6.0771899414e+02 6.0797900391e+02 6.0825701904e+02 6.0854797363e+02 6.0881298828e+02 6.0920202637e+02 6.0979400635e+02 6.1047302246e+02 6.1111901855e+02 6.1153100586e+02 6.1184002686e+02 6.1205401611e+02 6.1221301270e+02 6.1226300049e+02 6.1230798340e+02 6.1246099854e+02 6.1277502441e+02 6.1312597656e+02 6.1342401123e+02 6.1370397949e+02 6.1397900391e+02 6.1421697998e+02 6.1448602295e+02 6.1477301025e+02 6.1506500244e+02 6.1535101318e+02 6.1563897705e+02 6.1588897705e+02 6.1610601807e+02 6.1635498047e+02 6.1665502930e+02 6.1696899414e+02 6.1725201416e+02 6.1753399658e+02 6.1777600098e+02 6.1796600342e+02 6.1814202881e+02 6.1844201660e+02 6.1875000000e+02 6.1903802490e+02 6.1930603027e+02 6.1964898682e+02
6.0730297852e+02 6.0737298584e+02 6.0744500732e+02 6.0750402832e+02 6.0757501221e+02 6.0775201416e+02 6.0801098633e+02 6.0833398438e+02 6.0865197754e+02 6.0892199707e+02 6.0937701416e+02 6.0998699951e+02 6.1064697266e+02 6.1125598145e+02 6.1162402344e+02 6.1186401367e+02 6.1203997803e+02 6.1219000244e+02 6.1224700928e+02 6.1232897949e+02 6.1250000000e+02 6.1287200928e+02 6.1319396973e+02 6.1349700928e+02 6.1377001953e+02 6.1400201416e+02 6.1425897217e+02 6.1455200195e+02 6.1486499023e+02 6.1519201660e+02 6.1549798584e+02 6.1575299072e+02 6.1595898438e+02 6.1615100098e+02 6.1642401123e+02 6.1673901367e+02 6.1705200195e+02 6.1729901123e+02 6.1753302002e+02 6.1775799561e+02 6.1798602295e+02 6.1828002930e+02 6.1860699463e+02 6.1890197754e+02 6.1914300537e+02 6.1943902588e+02
6.0726501465e+02 6.0732800293e+02 6.0738500977e+02 6.0743402100e+02 6.0745501709e+02 6.0752899170e+02 6.0774902344e+02 6.0807598877e+02 6.0843200684e+02 6.0869000244e+02 6.0905603027e+02 6.0958502197e+02 6.1028997803e+02 6.1094702148e+02 6.1135900879e+02 6.1161999512e+02 6.1182501221e+02 6.1204101563e+02 6.1217102051e+02 6.1225299072e+02 6.1235400391e+02 6.1261401367e+02 6.1292498779e+02 6.1326599121e+02 6.1357702637e+02 6.1384698486e+02 6.1410601807e+02 6.1437402344e+02 6.1466497803e+02 6.1499200439e+02 6.1531597900e+02 6.1560101318e+02 6.1582299805e+02 6.1602697754e+02 6.1628198242e+02 6.1657702637e+02 6.1688897705e+02 6.1715002441e+02 6.1740197754e+02 6.1764202881e+02 6.1787097168e+02 6.1815399170e+02 6.1845599365e+02 6.1873498535e+02 6.1898797607e+02 6.1927502441e+02
6.0721002197e+02 6.0726702881e+02 6.0730798340e+02 6.0734301758e+02 6.0736297607e+02 6.0742401123e+02 6.0761199951e+02 6.0790197754e+02 6.0823901367e+02 6.0850299072e+02 6.0885302734e+02 6.0935797119e+02 6.1003698730e+02 6.1067797852e+02 6.1108502197e+02 6.1135601807e+02 6.1157702637e+02 6.1185198975e+02 6.1206097412e+02 6.1219000244e+02 6.1226501465e+02 6.1242700195e+02 6.1267901611e+02 6.1301397705e+02 6.1338000488e+02 6.1368597412e+02 6.1395300293e+02 6.1421099854e+02 6.1448699951e+02 6.1480798340e+02 6.1513299561e+02 6.1542999268e+02 6.1567401123e+02 6.1589599609e+02 6.1614300537e+02 6.1642102051e+02 6.1672601318e+02 6.1699401855e+02 6.1725897217e+02 6.1750897217e+02 6.1773699951e+02 6.1801501465e+02 6.1830999756e+02 6.1858197021e+02 6.1883801270e+02 6.1913702393e+02
6.0713500977e+02 6.0718798828e+02 6.0722100830e+02 6.0725701904e+02 6.0730200195e+02 6.0738702393e+02 6.0755798340e+02 6.0781097412e+02 6.0810302734e+02 6.0840899658e+02 6.0879199219e+02 6.0929400635e+02 6.0989398193e+02 6.1045202637e+02 6.1083398438e+02 6.1109899902e+02 6.1132299805e+02 6.1163598633e+02 6.1191802979e+02 6.1210900879e+02 6.1220599365e+02 6.1230603027e+02 6.1249597168e+02 6.1280499268e+02 6.1320202637e+02 6.1353802490e+02 6.1381298828e+02 6.1406597900e+02 6.1433300781e+02 6.1464398193e+02 6.1495697021e+02 6.1524798584e+02 6.1549700928e+02 6.1573901367e+02 6.1598498535e+02 6.1625201416e+02 6.1655902100e+02 6.1683398438e+02 6.1710797119e+02 6.1736297607e+02 6.1758502197e+02 6.1786199951e+02 6.1816699219e+02 6.1844702148e+02 6.1871301270e+02 6.1901898193e+02
6.0704498291e+02 6.0709497070e+02 6.0713397217e+02 6.0718298340e+02 6.0726098633e+02 6.0738598633e+02 6.0754901123e+02 6.0776800537e+02 6.0803900146e+02 6.0842102051e+02 6.0886999512e+02 6.0936999512e+02 6.0988598633e+02 6.1029199219e+02 6.1062200928e+02 6.1087402344e+02 6.1110998535e+02 6.1142602539e+02 6.1175201416e+02 6.1200097656e+02 6.1213702393e+02 6.1222900391e+02 6.1238397217e+02 6.1265899658e+02 6.1302398682e+02 6.1339300537e+02 6.1367901611e+02 6.1392401123e+02 6.1415997314e+02 6.1446301270e+02 6.1476599121e+02 6.1505297852e+02 6.1531097412e+02 6.1554998779e+02 6.1580700684e+02 6.1607098389e+02 6.1636700439e+02 6.1667199707e+02 6.1694799805e+02 6.1720501709e+02 6.1743499756e+02 6.1771002197e+02 6.1801300049e+02 6.1830902100e+02 6.1860797119e+02 6.1890698242e+02
6.0693701172e+02 6.0700402832e+02 6.0705700684e+02 6.0710998535e+02 6.0719000244e+02 6.0732000732e+02 6.0747601318e+02 6.0771301270e+02 6.0804699707e+02 6.0850201416e+02 6.0898699951e+02 6.0945800781e+02 6.0986999512e+02 6.1019702148e+02 6.1045397949e+02 6.1068298340e+02 6.1091900635e+02 6.1124700928e+02 6.1159997559e+02 6.1188702393e+02 6.1204901123e+02 6.1213598633e+02 6.1226599121e+02 6.1250402832e+02 6.1285900879e+02 6.1322900391e+02 6.1353100586e+02 6.1377899170e+02 6.1400897217e+02 6.1429602051e+02 6.1461499023e+02 6.1492102051e+02 6.1518103027e+02 6.1539801025e+02 6.1565698242e+02 6.1592999268e+02 6.1621002197e+02 6.1649102783e+02 6.1676702881e+02 6.1704199219e+02 6.1731500244e+02 6.1760400391e+02 6.1788897705e+02 6.1817602539e+02 6.1848602295e+02 6.1877899170e+02
6.0682598877e+02 6.0691101074e+02 6.0697900391e+02 6.0703399658e+02 6.0709802246e+02 6.0721197510e+02 6.0737597656e+02 6.0764697266e+02 6.0805297852e+02 6.0856298828e+02 6.0905102539e+02 6.0947601318e+02 6.0979998779e+02 6.1004998779e+02 6.1027099609e+02 6.1049200439e+02 6.1073699951e+02 6.1105603027e+02 6.1140997314e+02 6.1171997070e+02 6.1192102051e+02 6.1202502441e+02 6.1214801025e+02 6.1236199951e+02 6.1270800781e+02 6.1308099365e+02 6.1338897705e+02 6.1364599609e+02 6.1388201904e+02 6.1416400146e+02 6.1448498535e+02 6.1479797363e+02 6.1505999756e+02 6.1527099609e+02 6.1553399658e+02 6.1580999756e+02 6.1607598877e+02 6.1633001709e+02 6.1660101318e+02 6.1689300537e+02 6.1719598389e+02 6.1749700928e+02 6.1778002930e+02 6.1805603027e+02 6.1834698486e+02 6.1863800049e+02
6.0670098877e+02 6.0680700684e+02 6.0689202881e+02 6.0695098877e+02 6.0699499512e+02 6.0709997559e+02 6.0728198242e+02 6.0759197998e+02 6.0805200195e+02 6.0858001709e+02 6.0904400635e+02 6.0941101074e+02 6.0965698242e+02 6.0985998535e+02 6.1006500244e+02 6.1029498291e+02 6.1055603027e+02 6.1084997559e+02 6.1118597412e+02 6.1150701904e+02 6.1176800537e+02 6.1191998291e+02 6.1205102539e+02 6.1224499512e+02 6.1256799316e+02 6.1293200684e+02 6.1323901367e+02 6.1350201416e+02 6.1374902344e+02 6.1404199219e+02 6.1435601807e+02 6.1465802002e+02 6.1491601563e+02 6.1515802002e+02 6.1543499756e+02 6.1571002197e+02 6.1596600342e+02 6.1620001221e+02 6.1646197510e+02 6.1675799561e+02 6.1707299805e+02 6.1738000488e+02 6.1766998291e+02 6.1793701172e+02 6.1819500732e+02 6.1848999023e+02
6.0654699707e+02 6.0669000244e+02 6.0679400635e+02 6.0686199951e+02 6.0690502930e+02 6.0700201416e+02 6.0721899414e+02 6.0757702637e+02 6.0806799316e+02 6.0853900146e+02 6.0893798828e+02 6.0923901367e+02 6.0941802979e+02 6.0963702393e+02 6.0985998535e+02 6.1010400391e+02 6.1036901855e+02 6.1065399170e+02 6.1096197510e+02 6.1128302002e+02 6.1161102295e+02 6.1184100342e+02 6.1198199463e+02 6.1214398193e+02 6.1240100098e+02 6.1275201416e+02 6.1305902100e+02 6.1333300781e+02 6.1359802246e+02 6.1390301514e+02 6.1420697021e+02 6.1449200439e+02 6.1475897217e+02 6.1505700684e+02 6.1535498047e+02 6.1561700439e+02 6.1586102295e+02 6.1610498047e+02 6.1635198975e+02 6.1663598633e+02 6.1694097900e+02 6.1722998047e+02 6.1753302002e+02 6.1781298828e+02 6.1804498291e+02 6.1834698486e+02
6.0642901611e+02 6.0657202148e+02 6.0668402100e+02 6.0675299072e+02 6.0680297852e+02 6.0693200684e+02 6.0719897461e+02 6.0760400391e+02 6.0807000732e+02 6.0847399902e+02 6.0880401611e+02 6.0906799316e+02 6.0926501465e+02 6.0948400879e+02 6.0971398926e+02 6.0994299316e+02 6.1018597412e+02 6.1046899414e+02 6.1077099609e+02 6.1109497070e+02 6.1144598389e+02 6.1173199463e+02 6.1189697266e+02 6.1203399658e+02 6.1223901367e+02 6.1254901123e+02 6.1288299561e+02 6.1321197510e+02 6.1349902344e+02 6.1378002930e+02 6.1407501221e+02 6.1436199951e+02 6.1464599609e+02 6.1496697998e+02 6.1527301025e+02 6.1553100586e+02 6.1578002930e+02 6.1602697754e+02 6.1625500488e+02 6.1651202393e+02 6.1679998779e+02 6.1705200195e+02 6.1734899902e+02 6.1765399170e+02 6.1792297363e+02 6.1822302246e+02
6.0631500244e+02 6.0646002197e+02 6.0657299805e+02 6.0664599609e+02 6.0671002197e+02 6.0688299561e+02 6.0719500732e+02 6.0762097168e+02 6.0804901123e+02 6.0839001465e+02 6.0868200684e+02 6.0892700195e+02 6.0913201904e+02 6.0935797119e+02 6.0957800293e+02 6.0979101563e+02 6.1001501465e+02 6.1028198242e+02 6.1057800293e+02 6.1090002441e+02 6.1125598145e+02 6.1158898926e+02 6.1179400635e+02 6.1193103027e+02 6.1208801270e+02 6.1235900879e+02 6.1271398926e+02 6.1309600830e+02 6.1341998291e+02 6.1370800781e+02 6.1401000977e+02 6.1428997803e+02 6.1454901123e+02 6.1486602783e+02 6.1518298340e+02 6.1545397949e+02 6.1570397949e+02 6.1595001221e+02 6.1616900635e+02 6.1640197754e+02 6.1666601563e+02 6.1691497803e+02 6.1720300293e+02 6.1751000977e+02 6.1779400635e+02 6.1808898926e+02
6.0619396973e+02 6.0634002686e+02 6.0645202637e+02 6.0653399658e+02 6.0661401367e+02 6.0682202148e+02 6.0716497803e+02 6.0759399414e+02 6.0798602295e+02 6.0828302002e+02 6.0855102539e+02 6.0878900146e+02 6.0900201416e+02 6.0922900391e+02 6.0944000244e+02 6.0964099121e+02 6.0985101318e+02 6.1010101318e+02 6.1038598633e+02 6.1070501709e+02 6.1106799316e+02 6.1145001221e+02 6.1169799805e+02 6.1184698486e+02 6.1195800781e+02 6.1217901611e+02 6.1253802490e+02 6.1295202637e+02 6.1330603027e+02 6.1362097168e+02 6.1394500732e+02 6.1422399902e+02 6.1445202637e+02 6.1475000000e+02 6.1505999756e+02 6.1533898926e+02 6.1559997559e+02 6.1584497070e+02 6.1606500244e+02 6.1628698730e+02 6.1653002930e+02 6.1677899170e+02 6.1705401611e+02 6.1734802246e+02 6.1763500977e+02 6.1792700195e+02
6.0606500244e+02 6.0620300293e+02 6.0631799316e+02 6.0641198730e+02 6.0650000000e+02 6.0672698975e+02 6.0707897949e+02 6.0749401855e+02 6.0787298584e+02 6.0814202881e+02 6.0839099121e+02 6.0862799072e+02 6.0887298584e+02 6.0909497070e+02 6.0929400635e+02 6.0948602295e+02 6.0968200684e+02 6.0993402100e+02 6.1021099854e+02 6.1053198242e+02 6.1091198730e+02 6.1130401611e+02 6.1159899902e+02 6.1177600098e+02 6.1186102295e+02 6.1201702881e+02 6.1234497070e+02 6.1275799561e+02 6.1313299561e+02 6.1349597168e+02 6.1382800293e+02 6.1410601807e+02 6.1436602783e+02 6.1462597656e+02 6.1489398193e+02 6.1516601563e+02 6.1545098877e+02 6.1569500732e+02 6.1592199707e+02 6.1614801025e+02 6.1637500000e+02 6.1661901855e+02 6.1688397217e+02 6.1716302490e+02 6.1743902588e+02 6.1772998047e+02
6.0592797852e+02 6.0606799316e+02 6.0619097900e+02 6.0629101563e+02 6.0638598633e+02 6.0660601807e+02 6.0695397949e+02 6.0735699463e+02 6.0771801758e+02 6.0797601318e+02 6.0821697998e+02 6.0845098877e+02 6.0869299316e+02 6.0892797852e+02 6.0913897705e+02 6.0934802246e+02 6.0957202148e+02 6.0980798340e+02 6.1006799316e+02 6.1038000488e+02 6.1075299072e+02 6.1114202881e+02 6.1146801758e+02 6.1168499756e+02 6.1177600098e+02 6.1187097168e+02 6.1215197754e+02 6.1257397461e+02 6.1303399658e+02 6.1340802002e+02 6.1368798828e+02 6.1393200684e+02 6.1419299316e+02 6.1448400879e+02 6.1475897217e+02 6.1502001953e+02 6.1529199219e+02 6.1551702881e+02 6.1573699951e+02 6.1596801758e+02 6.1621099854e+02 6.1644396973e+02 6.1669897461e+02 6.1697302246e+02 6.1725897217e+02 6.1752899170e+02
6.0579199219e+02 6.0593597412e+02 6.0606597900e+02 6.0617401123e+02 6.0627502441e+02 6.0649700928e+02 6.0683599854e+02 6.0722100830e+02 6.0754901123e+02 6.0780200195e+02 6.0804302979e+02 6.0827801514e+02 6.0851599121e+02 6.0875799561e+02 6.0898797607e+02 6.0921801758e+02 6.0945800781e+02 6.0969702148e+02 6.0994897461e+02 6.1024298096e+02 6.1059399414e+02 6.1097302246e+02 6.1131701660e+02 6.1156701660e+02 6.1169097900e+02 6.1173199463e+02 6.1197399902e+02 6.1240002441e+02 6.1291400146e+02 6.1328698730e+02 6.1353198242e+02 6.1374798584e+02 6.1401300049e+02 6.1436700439e+02 6.1468200684e+02 6.1494799805e+02 6.1519897461e+02 6.1541101074e+02 6.1561798096e+02 6.1583300781e+02 6.1606500244e+02 6.1628198242e+02 6.1651800537e+02 6.1677899170e+02 6.1706097412e+02 6.1731701660e+02
6.0565698242e+02 6.0580499268e+02 6.0594000244e+02 6.0605401611e+02 6.0615698242e+02 6.0637597656e+02 6.0670397949e+02 6.0707000732e+02 6.0736798096e+02 6.0761602783e+02 6.0786401367e+02 6.0810601807e+02 6.0834997559e+02 6.0860498047e+02 6.0884997559e+02 6.0909497070e+02 6.0934197998e+02 6.0958502197e+02 6.0982702637e+02 6.1010101318e+02 6.1043298340e+02 6.1079498291e+02 6.1114599609e+02 6.1142700195e+02 6.1160101318e+02 6.1161999512e+02 6.1181701660e+02 6.1221502686e+02 6.1273901367e+02 6.1310498047e+02 6.1333398438e+02 6.1354199219e+02 6.1382397461e+02 6.1423498535e+02 6.1460302734e+02 6.1490002441e+02 6.1515197754e+02 6.1536102295e+02 6.1555297852e+02 6.1574102783e+02 6.1593597412e+02 6.1613201904e+02 6.1634802246e+02 6.1659002686e+02 6.1685797119e+02 6.1711401367e+02
