TESTSERVER/19/16.asc
NCOLS 100
NROWS 100
XLLCORNER 8.4497500000e+03
YLLCORNER 2.8915025000e+05
CELLSIZE 5.0000000000e-01
NODATA_VALUE -9.9990000000e+03
[rows 20 to 39 of 100, columns 46 to 91 of 100]
6.0066302490e+02 6.0078900146e+02 6.0090502930e+02 6.0102600098e+02 6.0116302490e+02 6.0130700684e+02 6.0146502686e+02 6.0162799072e+02 6.0175097656e+02 6.0190997314e+02 6.0206097412e+02 6.0219897461e+02 6.0235998535e+02 6.0251098633e+02 6.0265399170e+02 6.0279901123e+02 6.0295001221e+02 6.0309100342e+02 6.0323297119e+02 6.0339697266e+02 6.0356597900e+02 6.0376202393e+02 6.0393798828e+02 6.0411297607e+02 6.0430499268e+02 6.0455499268e+02 6.0479901123e+02 6.0504498291e+02 6.0527197266e+02 6.0551000977e+02 6.0578900146e+02 6.0607098389e+02 6.0630297852e+02 6.0664001465e+02 6.0697399902e+02 6.0730999756e+02 6.0767602539e+02 6.0807702637e+02 6.0837298584e+02 6.0861700439e+02 6.0891101074e+02 6.0923400879e+02 6.0958300781e+02 6.0990197754e+02 6.1013897705e+02 6.1040197754e+02
6.0056896973e+02 6.0070098877e+02 6.0082397461e+02 6.0095300293e+02 6.0108697510e+02 6.0122100830e+02 6.0137799072e+02 6.0154302979e+02 6.0168798828e+02 6.0184197998e+02 6.0199597168e+02 6.0212799072e+02 6.0227801514e+02 6.0244097900e+02 6.0259301758e+02 6.0273400879e+02 6.0287701416e+02 6.0302899170e+02 6.0318200684e+02 6.0334002686e+02 6.0350299072e+02 6.0366900635e+02 6.0385400391e+02 6.0404101563e+02 6.0424102783e+02 6.0448199463e+02 6.0471502686e+02 6.0494799805e+02 6.0516497803e+02 6.0535101318e+02 6.0561999512e+02 6.0596197510e+02 6.0623797607e+02 6.0651599121e+02 6.0681298828e+02 6.0714398193e+02 6.0750799561e+02 6.0790197754e+02 6.0821301270e+02 6.0844799805e+02 6.0875402832e+02 6.0908197021e+02 6.0938201904e+02 6.0966699219e+02 6.0993597412e+02 6.1028601074e+02
6.0048699951e+02 6.0062097168e+02 6.0075299072e+02 6.0088897705e+02 6.0101300049e+02 6.0114697266e+02 6.0130102539e+02 6.0145898438e+02 6.0161199951e+02 6.0176000977e+02 6.0192199707e+02 6.0207098389e+02 6.0222302246e+02 6.0237902832e+02 6.0252099609e+02 6.0265197754e+02 6.0278802490e+02 6.0295202637e+02 6.0311199951e+02 6.0326702881e+02 6.0343597412e+02 6.0358502197e+02 6.0376300049e+02 6.0395001221e+02 6.0414202881e+02 6.0439501953e+02 6.0463598633e+02 6.0485400391e+02 6.0508001709e+02 6.0524700928e+02 6.0548400879e+02 6.0582299805e+02 6.0614202881e+02 6.0637500000e+02 6.0663098145e+02 6.0695800781e+02 6.0731799316e+02 6.0767498779e+02 6.0801000977e+02 6.0828002930e+02 6.0856896973e+02 6.0885797119e+02 6.0913500977e+02 6.0942901611e+02 6.0977099609e+02 6.1019897461e+02
6.0041400146e+02 6.0054901123e+02 6.0068902588e+02 6.0083300781e+02 6.0094097900e+02 6.0108898926e+02 6.0123901367e+02 6.0138897705e+02 6.0154699707e+02 6.0169396973e+02 6.0186102295e+02 6.0202197266e+02 6.0216101074e+02 6.0230297852e+02 6.0244702148e+02 6.0258599854e+02 6.0272399902e+02 6.0288500977e+02 6.0303601074e+02 6.0318701172e+02 6.0336901855e+02 6.0352600098e+02 6.0369500732e+02 6.0387298584e+02 6.0405401611e+02 6.0430499268e+02 6.0455499268e+02 6.0478002930e+02 6.0502502441e+02 6.0519097900e+02 6.0538800049e+02 6.0566497803e+02 6.0597601318e+02 6.0622998047e+02 6.0648101807e+02 6.0678900146e+02 6.0714300537e+02 6.0749298096e+02 6.0784100342e+02 6.0813897705e+02 6.0840301514e+02 6.0866601563e+02 6.0894000244e+02 6.0924798584e+02 6.0964099121e+02 6.1009399414e+02
6.0035797119e+02 6.0048602295e+02 6.0062298584e+02 6.0076599121e+02 6.0085998535e+02 6.0101202393e+02 6.0116198730e+02 6.0131097412e+02 6.0147497559e+02 6.0161999512e+02 6.0179400635e+02 6.0196002197e+02 6.0209698486e+02 6.0222601318e+02 6.0237298584e+02 6.0252697754e+02 6.0266699219e+02 6.0282202148e+02 6.0295599365e+02 6.0311401367e+02 6.0330798340e+02 6.0346099854e+02 6.0361199951e+02 6.0379498291e+02 6.0397100830e+02 6.0420800781e+02 6.0445501709e+02 6.0468103027e+02 6.0493402100e+02 6.0513000488e+02 6.0531896973e+02 6.0552899170e+02 6.0576397705e+02 6.0606402588e+02 6.0635302734e+02 6.0662902832e+02 6.0692602539e+02 6.0731097412e+02 6.0768597412e+02 6.0800598145e+02 6.0826397705e+02 6.0857098389e+02 6.0884997559e+02 6.0914398193e+02 6.0950598145e+02 6.0987500000e+02
6.0027697754e+02 6.0041198730e+02 6.0054400635e+02 6.0069500732e+02 6.0081896973e+02 6.0096002197e+02 6.0109301758e+02 6.0124597168e+02 6.0139501953e+02 6.0154901123e+02 6.0172399902e+02 6.0187298584e+02 6.0202197266e+02 6.0216497803e+02 6.0230999756e+02 6.0245599365e+02 6.0260601807e+02 6.0277099609e+02 6.0290100098e+02 6.0305401611e+02 6.0323699951e+02 6.0339398193e+02 6.0354101563e+02 6.0371600342e+02 6.0389398193e+02 6.0412200928e+02 6.0434899902e+02 6.0456701660e+02 6.0483697510e+02 6.0504400635e+02 6.0522998047e+02 6.0539801025e+02 6.0558099365e+02 6.0590502930e+02 6.0623699951e+02 6.0650500488e+02 6.0676397705e+02 6.0711199951e+02 6.0751599121e+02 6.0786499023e+02 6.0816497803e+02 6.0850299072e+02 6.0877398682e+02 6.0905297852e+02 6.0937097168e+02 6.0961499023e+02
6.0017401123e+02 6.0033502197e+02 6.0047900391e+02 6.0062799072e+02 6.0076202393e+02 6.0089202881e+02 6.0103399658e+02 6.0118402100e+02 6.0132598877e+02 6.0147998047e+02 6.0165301514e+02 6.0179797363e+02 6.0195397949e+02 6.0210998535e+02 6.0225598145e+02 6.0239099121e+02 6.0253900146e+02 6.0270800781e+02 6.0284100342e+02 6.0299401855e+02 6.0317102051e+02 6.0332098389e+02 6.0347198486e+02 6.0363897705e+02 6.0381298828e+02 6.0403399658e+02 6.0426501465e+02 6.0447998047e+02 6.0472601318e+02 6.0492700195e+02 6.0511798096e+02 6.0529199219e+02 6.0547198486e+02 6.0579998779e+02 6.0614697266e+02 6.0641198730e+02 6.0665399170e+02 6.0700201416e+02 6.0740301514e+02 6.0776501465e+02 6.0808398438e+02 6.0841998291e+02 6.0868402100e+02 6.0895599365e+02 6.0926397705e+02 6.0946197510e+02
6.0009197998e+02 6.0026098633e+02 6.0040301514e+02 6.0054199219e+02 6.0068103027e+02 6.0082000732e+02 6.0098199463e+02 6.0113299561e+02 6.0127600098e+02 6.0141802979e+02 6.0158898926e+02 6.0172998047e+02 6.0188299561e+02 6.0203302002e+02 6.0218298340e+02 6.0232299805e+02 6.0247198486e+02 6.0263000488e+02 6.0277001953e+02 6.0293200684e+02 6.0310302734e+02 6.0326300049e+02 6.0341699219e+02 6.0357501221e+02 6.0374798584e+02 6.0395300293e+02 6.0418402100e+02 6.0438702393e+02 6.0459497070e+02 6.0480297852e+02 6.0501098633e+02 6.0521801758e+02 6.0544000244e+02 6.0574902344e+02 6.0606201172e+02 6.0631298828e+02 6.0655200195e+02 6.0689801025e+02 6.0728497314e+02 6.0765002441e+02 6.0797302246e+02 6.0829602051e+02 6.0856097412e+02 6.0882397461e+02 6.0911798096e+02 6.0934497070e+02
6.0004302979e+02 6.0018499756e+02 6.0032202148e+02 6.0047100830e+02 6.0062200928e+02 6.0076000977e+02 6.0091601563e+02 6.0107098389e+02 6.0123400879e+02 6.0134600830e+02 6.0150299072e+02 6.0164801025e+02 6.0181097412e+02 6.0196600342e+02 6.0210101318e+02 6.0224200439e+02 6.0239501953e+02 6.0253698730e+02 6.0268402100e+02 6.0284899902e+02 6.0300402832e+02 6.0318701172e+02 6.0334698486e+02 6.0350201416e+02 6.0366101074e+02 6.0384002686e+02 6.0405999756e+02 6.0427899170e+02 6.0448901367e+02 6.0470599365e+02 6.0493402100e+02 6.0517297363e+02 6.0542901611e+02 6.0571099854e+02 6.0596398926e+02 6.0619598389e+02 6.0644097900e+02 6.0677600098e+02 6.0714398193e+02 6.0749298096e+02 6.0780200195e+02 6.0812902832e+02 6.0841497803e+02 6.0866900635e+02 6.0892199707e+02 6.0920800781e+02
5.9995098877e+02 6.0010101318e+02 6.0023999023e+02 6.0038702393e+02 6.0054101563e+02 6.0068701172e+02 6.0084399414e+02 6.0100097656e+02 6.0115802002e+02 6.0128198242e+02 6.0143298340e+02 6.0157897949e+02 6.0174597168e+02 6.0189099121e+02 6.0202899170e+02 6.0216400146e+02 6.0232397461e+02 6.0245800781e+02 6.0260400391e+02 6.0278002930e+02 6.0295098877e+02 6.0311999512e+02 6.0328302002e+02 6.0344799805e+02 6.0359301758e+02 6.0375201416e+02 6.0395697021e+02 6.0418499756e+02 6.0439599609e+02 6.0460601807e+02 6.0488702393e+02 6.0515002441e+02 6.0533801270e+02 6.0560797119e+02 6.0584197998e+02 6.0606298828e+02 6.0632897949e+02 6.0665899658e+02 6.0700500488e+02 6.0732098389e+02 6.0759698486e+02 6.0795098877e+02 6.0828302002e+02 6.0853802490e+02 6.0879797363e+02 6.0909301758e+02
5.9987701416e+02 6.0001599121e+02 6.0016400146e+02 6.0031201172e+02 6.0045202637e+02 6.0060699463e+02 6.0078100586e+02 6.0093701172e+02 6.0108001709e+02 6.0122900391e+02 6.0136901855e+02 6.0150299072e+02 6.0166400146e+02 6.0180297852e+02 6.0195501709e+02 6.0209600830e+02 6.0225201416e+02 6.0239898682e+02 6.0254602051e+02 6.0270898438e+02 6.0287200928e+02 6.0304199219e+02 6.0321099854e+02 6.0337200928e+02 6.0351098633e+02 6.0367602539e+02 6.0386999512e+02 6.0409600830e+02 6.0431597900e+02 6.0452001953e+02 6.0481097412e+02 6.0506402588e+02 6.0525598145e+02 6.0552099609e+02 6.0574102783e+02 6.0595898438e+02 6.0624597168e+02 6.0659399414e+02 6.0691302490e+02 6.0719702148e+02 6.0746899414e+02 6.0781201172e+02 6.0813098145e+02 6.0837701416e+02 6.0863800049e+02 6.0895300293e+02
5.9983099365e+02 5.9996398926e+02 6.0010400391e+02 6.0024798584e+02 6.0038000488e+02 6.0052899170e+02 6.0069598389e+02 6.0085101318e+02 6.0099499512e+02 6.0115002441e+02 6.0130102539e+02 6.0143902588e+02 6.0157397461e+02 6.0171600342e+02 6.0188201904e+02 6.0203002930e+02 6.0217401123e+02 6.0234301758e+02 6.0249700928e+02 6.0264398193e+02 6.0279302979e+02 6.0297100830e+02 6.0314501953e+02 6.0329498291e+02 6.0342102051e+02 6.0360302734e+02 6.0378802490e+02 6.0398999023e+02 6.0421301270e+02 6.0441601563e+02 6.0467602539e+02 6.0491900635e+02 6.0516900635e+02 6.0543103027e+02 6.0566497803e+02 6.0590399170e+02 6.0619396973e+02 6.0654797363e+02 6.0683697510e+02 6.0709002686e+02 6.0737902832e+02 6.0768798828e+02 6.0796301270e+02 6.0819897461e+02 6.0846002197e+02 6.0879199219e+02
5.9973999023e+02 5.9991900635e+02 6.0005200195e+02 6.0017297363e+02 6.0029998779e+02 6.0046502686e+02 6.0062597656e+02 6.0078900146e+02 6.0093902588e+02 6.0106402588e+02 6.0122601318e+02 6.0137200928e+02 6.0149499512e+02 6.0165502930e+02 6.0181097412e+02 6.0195098877e+02 6.0209600830e+02 6.0227099609e+02 6.0242199707e+02 6.0256799316e+02 6.0271099854e+02 6.0289898682e+02 6.0306896973e+02 6.0322100830e+02 6.0335101318e+02 6.0354901123e+02 6.0372900391e+02 6.0390698242e+02 6.0410601807e+02 6.0431097412e+02 6.0453698730e+02 6.0478900146e+02 6.0505700684e+02 6.0530902100e+02 6.0554998779e+02 6.0580999756e+02 6.0612200928e+02 6.0648498535e+02 6.0675097656e+02 6.0698199463e+02 6.0727801514e+02 6.0754998779e+02 6.0779400635e+02 6.0803302002e+02 6.0830499268e+02 6.0864099121e+02
5.9968200684e+02 5.9986401367e+02 5.9999401855e+02 6.0009497070e+02 6.0023400879e+02 6.0038800049e+02 6.0053997803e+02 6.0070202637e+02 6.0086102295e+02 6.0099200439e+02 6.0115002441e+02 6.0128399658e+02 6.0143701172e+02 6.0160302734e+02 6.0175097656e+02 6.0188299561e+02 6.0203002930e+02 6.0220001221e+02 6.0234600830e+02 6.0250500488e+02 6.0265997314e+02 6.0283001709e+02 6.0299102783e+02 6.0313397217e+02 6.0327398682e+02 6.0346600342e+02 6.0364398193e+02 6.0381799316e+02 6.0402001953e+02 6.0421997070e+02 6.0442602539e+02 6.0466900635e+02 6.0494299316e+02 6.0520898438e+02 6.0542999268e+02 6.0569201660e+02 6.0603302002e+02 6.0637799072e+02 6.0664898682e+02 6.0688000488e+02 6.0714398193e+02 6.0741302490e+02 6.0766998291e+02 6.0791802979e+02 6.0816198730e+02 6.0848297119e+02
5.9961999512e+02 5.9979602051e+02 5.9994201660e+02 6.0005200195e+02 6.0018701172e+02 6.0031402588e+02 6.0045300293e+02 6.0060998535e+02 6.0076599121e+02 6.0089599609e+02 6.0106298828e+02 6.0120202637e+02 6.0135998535e+02 6.0152398682e+02 6.0167797852e+02 6.0180999756e+02 6.0195898438e+02 6.0212799072e+02 6.0226202393e+02 6.0241900635e+02 6.0258801270e+02 6.0274200439e+02 6.0290899658e+02 6.0306597900e+02 6.0321600342e+02 6.0339001465e+02 6.0355297852e+02 6.0371899414e+02 6.0391998291e+02 6.0411901855e+02 6.0433599854e+02 6.0457098389e+02 6.0482897949e+02 6.0509100342e+02 6.0530902100e+02 6.0558898926e+02 6.0594000244e+02 6.0627697754e+02 6.0655902100e+02 6.0678698730e+02 6.0702801514e+02 6.0730401611e+02 6.0756896973e+02 6.0782202148e+02 6.0805999756e+02 6.0834899902e+02
5.9955603027e+02 5.9971502686e+02 5.9986401367e+02 5.9999102783e+02 6.0011700439e+02 6.0023400879e+02 6.0037200928e+02 6.0052301025e+02 6.0067401123e+02 6.0081298828e+02 6.0099102783e+02 6.0114300537e+02 6.0129302979e+02 6.0143798828e+02 6.0159698486e+02 6.0174102783e+02 6.0189202881e+02 6.0205902100e+02 6.0218200684e+02 6.0232598877e+02 6.0251000977e+02 6.0265100098e+02 6.0282098389e+02 6.0298699951e+02 6.0313299561e+02 6.0331500244e+02 6.0347399902e+02 6.0363598633e+02 6.0384100342e+02 6.0403399658e+02 6.0425402832e+02 6.0448199463e+02 6.0473297119e+02 6.0498400879e+02 6.0521099854e+02 6.0549798584e+02 6.0583001709e+02 6.0617102051e+02 6.0646099854e+02 6.0668902588e+02 6.0692199707e+02 6.0719500732e+02 6.0746502686e+02 6.0773498535e+02 6.0799798584e+02 6.0825097656e+02
5.9949102783e+02 5.9963201904e+02 5.9978002930e+02 5.9990802002e+02 6.0001501465e+02 6.0015002441e+02 6.0029901123e+02 6.0044201660e+02 6.0057897949e+02 6.0075598145e+02 6.0092102051e+02 6.0105798340e+02 6.0120202637e+02 6.0135302734e+02 6.0150897217e+02 6.0166601563e+02 6.0181097412e+02 6.0198602295e+02 6.0211700439e+02 6.0224902344e+02 6.0242401123e+02 6.0256597900e+02 6.0273199463e+02 6.0289697266e+02 6.0305200195e+02 6.0323498535e+02 6.0339398193e+02 6.0355297852e+02 6.0374499512e+02 6.0394598389e+02 6.0415600586e+02 6.0438000488e+02 6.0461798096e+02 6.0486199951e+02 6.0511901855e+02 6.0540197754e+02 6.0568902588e+02 6.0605798340e+02 6.0636102295e+02 6.0659802246e+02 6.0682800293e+02 6.0707598877e+02 6.0734802246e+02 6.0764599609e+02 6.0795898438e+02 6.0817901611e+02
5.9939801025e+02 5.9955499268e+02 5.9970800781e+02 5.9985198975e+02 5.9996197510e+02 6.0007000732e+02 6.0021697998e+02 6.0035797119e+02 6.0050097656e+02 6.0066101074e+02 6.0082501221e+02 6.0096899414e+02 6.0112097168e+02 6.0127301025e+02 6.0142297363e+02 6.0157000732e+02 6.0172302246e+02 6.0188201904e+02 6.0202001953e+02 6.0216400146e+02 6.0232897949e+02 6.0248400879e+02 6.0265100098e+02 6.0280200195e+02 6.0295898438e+02 6.0315002441e+02 6.0332397461e+02 6.0349298096e+02 6.0367602539e+02 6.0386999512e+02 6.0407702637e+02 6.0428997803e+02 6.0450500488e+02 6.0474401855e+02 6.0502001953e+02 6.0530401611e+02 6.0556701660e+02 6.0595800781e+02 6.0628100586e+02 6.0651000977e+02 6.0671801758e+02 6.0696002197e+02 6.0722497559e+02 6.0751300049e+02 6.0781896973e+02 6.0806597900e+02
5.9931701660e+02 5.9946301270e+02 5.9959698486e+02 5.9975500488e+02 5.9989099121e+02 5.9999597168e+02 6.0013201904e+02 6.0027001953e+02 6.0041699219e+02 6.0057598877e+02 6.0073999023e+02 6.0089001465e+02 6.0104302979e+02 6.0118499756e+02 6.0133599854e+02 6.0148199463e+02 6.0164501953e+02 6.0179101563e+02 6.0193701172e+02 6.0208801270e+02 6.0223999023e+02 6.0240600586e+02 6.0257501221e+02 6.0273101807e+02 6.0288800049e+02 6.0307501221e+02 6.0324499512e+02 6.0341699219e+02 6.0359899902e+02 6.0377099609e+02 6.0396697998e+02 6.0418798828e+02 6.0441198730e+02 6.0464099121e+02 6.0491802979e+02 6.0521899414e+02 6.0548901367e+02 6.0585797119e+02 6.0616101074e+02 6.0639202881e+02 6.0659698486e+02 6.0683398438e+02 6.0709301758e+02 6.0736798096e+02 6.0765997314e+02 6.0792797852e+02
5.9925097656e+02 5.9937298584e+02 5.9948400879e+02 5.9964099121e+02 5.9980499268e+02 5.9992901611e+02 6.0006097412e+02 6.0019598389e+02 6.0033697510e+02 6.0049597168e+02 6.0065802002e+02 6.0080102539e+02 6.0095599365e+02 6.0109600830e+02 6.0124798584e+02 6.0139898682e+02 6.0154998779e+02 6.0169702148e+02 6.0186102295e+02 6.0201800537e+02 6.0216198730e+02 6.0232202148e+02 6.0248400879e+02 6.0265301514e+02 6.0282202148e+02 6.0299902344e+02 6.0315600586e+02 6.0332897949e+02 6.0352001953e+02 6.0369201660e+02 6.0387298584e+02 6.0407501221e+02 6.0430499268e+02 6.0452899170e+02 6.0479602051e+02 6.0510101318e+02 6.0537799072e+02 6.0571301270e+02 6.0600500488e+02 6.0625299072e+02 6.0647302246e+02 6.0670202637e+02 6.0694799805e+02 6.0721002197e+02 6.0749200439e+02 6.0777398682e+02
