TESTSERVER/19/16.asc
NCOLS 100
NROWS 100
XLLCORNER 8.4497500000e+03
YLLCORNER 2.8915025000e+05
CELLSIZE 5.0000000000e-01
NODATA_VALUE -9.9990000000e+03
[rows 60 to 79 of 100, columns 46 to 91 of 100]
5.9745599365e+02 5.9759301758e+02 5.9775299072e+02 5.9792102051e+02 5.9807501221e+02 5.9820397949e+02 5.9834399414e+02 5.9849401855e+02 5.9864501953e+02 5.9878100586e+02 5.9893701172e+02 5.9908502197e+02 5.9926202393e+02 5.9935198975e+02 5.9945501709e+02 5.9958300781e+02 5.9973602295e+02 5.9989599609e+02 6.0004302979e+02 6.0018499756e+02 6.0032800293e+02 6.0045800781e+02 6.0059497070e+02 6.0073297119e+02 6.0089099121e+02 6.0105102539e+02 6.0119702148e+02 6.0135101318e+02 6.0154901123e+02 6.0169201660e+02 6.0184802246e+02 6.0199700928e+02 6.0219097900e+02 6.0236297607e+02 6.0252502441e+02 6.0268402100e+02 6.0283697510e+02 6.0304797363e+02 6.0322601318e+02 6.0337298584e+02 6.0348498535e+02 6.0365899658e+02 6.0384100342e+02 6.0399298096e+02 6.0421997070e+02 6.0471301270e+02
5.9738098145e+02 5.9751702881e+02 5.9766302490e+02 5.9782800293e+02 5.9799499512e+02 5.9813500977e+02 5.9827600098e+02 5.9842401123e+02 5.9855603027e+02 5.9871502686e+02 5.9887597656e+02 5.9900500488e+02 5.9917401123e+02 5.9929302979e+02 5.9939599609e+02 5.9951898193e+02 5.9964001465e+02 5.9979602051e+02 5.9995800781e+02 6.0011401367e+02 6.0025701904e+02 6.0039202881e+02 6.0054101563e+02 6.0069097900e+02 6.0083300781e+02 6.0096997070e+02 6.0111700439e+02 6.0125701904e+02 6.0143597412e+02 6.0160699463e+02 6.0178497314e+02 6.0192999268e+02 6.0210101318e+02 6.0226300049e+02 6.0245599365e+02 6.0262902832e+02 6.0277301025e+02 6.0296697998e+02 6.0314898682e+02 6.0331097412e+02 6.0343798828e+02 6.0359002686e+02 6.0376599121e+02 6.0392700195e+02 6.0415002441e+02 6.0458001709e+02
5.9730297852e+02 5.9745300293e+02 5.9759399414e+02 5.9775701904e+02 5.9791802979e+02 5.9805798340e+02 5.9821398926e+02 5.9835998535e+02 5.9848101807e+02 5.9864398193e+02 5.9879998779e+02 5.9892797852e+02 5.9908697510e+02 5.9921002197e+02 5.9932897949e+02 5.9945800781e+02 5.9957202148e+02 5.9972900391e+02 5.9987701416e+02 6.0003900146e+02 6.0020397949e+02 6.0032897949e+02 6.0047497559e+02 6.0064099121e+02 6.0076898193e+02 6.0088702393e+02 6.0103302002e+02 6.0118200684e+02 6.0135998535e+02 6.0151800537e+02 6.0170202637e+02 6.0186199951e+02 6.0203399658e+02 6.0217401123e+02 6.0236798096e+02 6.0255798340e+02 6.0270697021e+02 6.0289202881e+02 6.0307897949e+02 6.0324700928e+02 6.0339398193e+02 6.0353399658e+02 6.0369897461e+02 6.0385601807e+02 6.0406201172e+02 6.0441601563e+02
5.9722998047e+02 5.9737597656e+02 5.9752502441e+02 5.9769299316e+02 5.9784100342e+02 5.9797900391e+02 5.9814001465e+02 5.9829498291e+02 5.9843402100e+02 5.9858300781e+02 5.9872998047e+02 5.9886199951e+02 5.9900402832e+02 5.9912298584e+02 5.9926000977e+02 5.9939202881e+02 5.9951599121e+02 5.9966497803e+02 5.9979498291e+02 5.9995599365e+02 6.0013800049e+02 6.0025500488e+02 6.0039300537e+02 6.0056597900e+02 6.0071002197e+02 6.0083099365e+02 6.0096002197e+02 6.0111901855e+02 6.0129400635e+02 6.0143402100e+02 6.0162298584e+02 6.0178601074e+02 6.0197399902e+02 6.0211401367e+02 6.0229199219e+02 6.0249102783e+02 6.0265197754e+02 6.0283300781e+02 6.0301599121e+02 6.0317602539e+02 6.0332299805e+02 6.0346697998e+02 6.0364001465e+02 6.0378497314e+02 6.0396398926e+02 6.0424401855e+02
5.9717797852e+02 5.9730999756e+02 5.9746002197e+02 5.9762200928e+02 5.9777899170e+02 5.9792797852e+02 5.9808599854e+02 5.9823999023e+02 5.9838098145e+02 5.9852197266e+02 5.9867999268e+02 5.9881500244e+02 5.9895501709e+02 5.9907598877e+02 5.9919897461e+02 5.9932299805e+02 5.9945300293e+02 5.9959600830e+02 5.9972100830e+02 5.9986798096e+02 6.0003002930e+02 6.0017999268e+02 6.0032598877e+02 6.0048999023e+02 6.0065399170e+02 6.0077502441e+02 6.0087799072e+02 6.0103900146e+02 6.0122302246e+02 6.0136798096e+02 6.0155499268e+02 6.0170697021e+02 6.0187597656e+02 6.0205902100e+02 6.0222802734e+02 6.0241802979e+02 6.0259301758e+02 6.0277001953e+02 6.0295501709e+02 6.0311602783e+02 6.0326397705e+02 6.0341900635e+02 6.0358599854e+02 6.0371801758e+02 6.0385498047e+02 6.0410198975e+02
5.9708502197e+02 5.9721697998e+02 5.9737298584e+02 5.9755700684e+02 5.9772802734e+02 5.9787597656e+02 5.9802697754e+02 5.9817498779e+02 5.9832897949e+02 5.9845098877e+02 5.9860699463e+02 5.9875000000e+02 5.9890698242e+02 5.9901397705e+02 5.9913800049e+02 5.9925799561e+02 5.9938800049e+02 5.9952801514e+02 5.9965002441e+02 5.9978198242e+02 5.9993701172e+02 6.0009899902e+02 6.0025000000e+02 6.0040600586e+02 6.0057800293e+02 6.0070800781e+02 6.0080603027e+02 6.0096398926e+02 6.0116802979e+02 6.0130999756e+02 6.0147601318e+02 6.0164099121e+02 6.0183898926e+02 6.0200402832e+02 6.0217602539e+02 6.0234899902e+02 6.0249902344e+02 6.0268902588e+02 6.0288299561e+02 6.0304498291e+02 6.0319396973e+02 6.0334899902e+02 6.0350598145e+02 6.0364099121e+02 6.0378497314e+02 6.0396997070e+02
5.9701098633e+02 5.9714697266e+02 5.9729797363e+02 5.9746600342e+02 5.9763800049e+02 5.9779998779e+02 5.9795501709e+02 5.9809997559e+02 5.9825598145e+02 5.9838299561e+02 5.9853997803e+02 5.9868499756e+02 5.9884497070e+02 5.9895300293e+02 5.9908001709e+02 5.9920001221e+02 5.9932897949e+02 5.9945599365e+02 5.9958300781e+02 5.9972900391e+02 5.9988500977e+02 6.0003601074e+02 6.0018402100e+02 6.0033001709e+02 6.0048602295e+02 6.0064697266e+02 6.0076702881e+02 6.0091302490e+02 6.0110998535e+02 6.0125201416e+02 6.0141302490e+02 6.0158599854e+02 6.0178997803e+02 6.0194097900e+02 6.0212298584e+02 6.0229400635e+02 6.0243298340e+02 6.0262500000e+02 6.0281500244e+02 6.0297698975e+02 6.0313201904e+02 6.0328601074e+02 6.0343701172e+02 6.0357598877e+02 6.0372601318e+02 6.0388000488e+02
5.9693402100e+02 5.9707202148e+02 5.9723101807e+02 5.9738397217e+02 5.9753497314e+02 5.9770001221e+02 5.9786700439e+02 5.9801202393e+02 5.9816302490e+02 5.9831298828e+02 5.9847399902e+02 5.9861401367e+02 5.9876599121e+02 5.9889099121e+02 5.9902001953e+02 5.9914599609e+02 5.9927899170e+02 5.9939398193e+02 5.9951898193e+02 5.9967102051e+02 5.9982800293e+02 5.9996301270e+02 6.0010900879e+02 6.0026300049e+02 6.0041900635e+02 6.0058697510e+02 6.0071997070e+02 6.0085998535e+02 6.0104199219e+02 6.0118798828e+02 6.0135699463e+02 6.0152697754e+02 6.0171600342e+02 6.0187097168e+02 6.0205798340e+02 6.0223400879e+02 6.0237799072e+02 6.0255499268e+02 6.0273797607e+02 6.0291302490e+02 6.0307299805e+02 6.0322302246e+02 6.0336499023e+02 6.0350701904e+02 6.0366302490e+02 6.0382098389e+02
5.9685400391e+02 5.9699200439e+02 5.9715698242e+02 5.9732598877e+02 5.9748400879e+02 5.9763702393e+02 5.9780200195e+02 5.9794598389e+02 5.9809399414e+02 5.9823498535e+02 5.9839801025e+02 5.9855102539e+02 5.9869799805e+02 5.9882501221e+02 5.9895300293e+02 5.9908300781e+02 5.9921398926e+02 5.9934698486e+02 5.9946697998e+02 5.9958898926e+02 5.9972900391e+02 5.9986700439e+02 6.0002398682e+02 6.0020202637e+02 6.0039099121e+02 6.0053198242e+02 6.0065997314e+02 6.0079498291e+02 6.0096697998e+02 6.0112500000e+02 6.0129797363e+02 6.0146002197e+02 6.0164300537e+02 6.0180499268e+02 6.0197998047e+02 6.0216101074e+02 6.0232800293e+02 6.0250097656e+02 6.0267999268e+02 6.0284197998e+02 6.0301300049e+02 6.0315698242e+02 6.0329400635e+02 6.0342700195e+02 6.0358599854e+02 6.0373297119e+02
5.9676397705e+02 5.9689599609e+02 5.9706097412e+02 5.9723602295e+02 5.9738500977e+02 5.9753399658e+02 5.9770501709e+02 5.9786102295e+02 5.9801599121e+02 5.9816497803e+02 5.9832501221e+02 5.9847497559e+02 5.9861602783e+02 5.9874200439e+02 5.9887902832e+02 5.9901300049e+02 5.9915502930e+02 5.9929498291e+02 5.9940600586e+02 5.9952899170e+02 5.9966998291e+02 5.9981201172e+02 5.9997900391e+02 6.0015100098e+02 6.0031201172e+02 6.0045098877e+02 6.0060601807e+02 6.0075402832e+02 6.0090802002e+02 6.0106298828e+02 6.0124102783e+02 6.0139599609e+02 6.0158898926e+02 6.0174902344e+02 6.0191900635e+02 6.0210498047e+02 6.0228002930e+02 6.0244201660e+02 6.0262500000e+02 6.0277398682e+02 6.0293298340e+02 6.0309600830e+02 6.0324499512e+02 6.0336999512e+02 6.0349597168e+02 6.0362902832e+02
5.9667102051e+02 5.9681298828e+02 5.9697998047e+02 5.9715100098e+02 5.9730499268e+02 5.9746099854e+02 5.9762097168e+02 5.9777301025e+02 5.9794598389e+02 5.9809100342e+02 5.9824499512e+02 5.9839501953e+02 5.9854101563e+02 5.9866699219e+02 5.9880499268e+02 5.9894598389e+02 5.9909002686e+02 5.9922998047e+02 5.9934100342e+02 5.9947198486e+02 5.9961297607e+02 5.9975402832e+02 5.9991699219e+02 6.0008398438e+02 6.0025500488e+02 6.0040002441e+02 6.0055499268e+02 6.0069897461e+02 6.0085998535e+02 6.0102301025e+02 6.0120202637e+02 6.0134197998e+02 6.0152398682e+02 6.0169396973e+02 6.0187597656e+02 6.0206097412e+02 6.0223101807e+02 6.0239398193e+02 6.0258001709e+02 6.0272900391e+02 6.0287402344e+02 6.0303100586e+02 6.0318701172e+02 6.0332598877e+02 6.0342498779e+02 6.0354400635e+02
5.9657897949e+02 5.9672601318e+02 5.9689099121e+02 5.9705401611e+02 5.9721801758e+02 5.9739697266e+02 5.9755200195e+02 5.9769799805e+02 5.9788000488e+02 5.9801898193e+02 5.9815997314e+02 5.9830902100e+02 5.9846398926e+02 5.9859301758e+02 5.9873297119e+02 5.9887500000e+02 5.9901300049e+02 5.9915399170e+02 5.9927899170e+02 5.9941198730e+02 5.9955200195e+02 5.9969702148e+02 5.9985797119e+02 6.0001501465e+02 6.0019396973e+02 6.0034698486e+02 6.0050097656e+02 6.0065002441e+02 6.0081201172e+02 6.0097100830e+02 6.0115197754e+02 6.0129602051e+02 6.0147698975e+02 6.0164801025e+02 6.0183801270e+02 6.0202099609e+02 6.0217999268e+02 6.0234399414e+02 6.0252398682e+02 6.0267602539e+02 6.0282800293e+02 6.0296801758e+02 6.0311102295e+02 6.0325701904e+02 6.0336499023e+02 6.0348400879e+02
5.9651702881e+02 5.9667700195e+02 5.9684600830e+02 5.9699597168e+02 5.9712597656e+02 5.9730200195e+02 5.9747302246e+02 5.9762500000e+02 5.9779901123e+02 5.9794897461e+02 5.9807800293e+02 5.9821697998e+02 5.9836401367e+02 5.9850799561e+02 5.9865600586e+02 5.9880200195e+02 5.9894299316e+02 5.9908599854e+02 5.9922698975e+02 5.9935900879e+02 5.9950701904e+02 5.9963800049e+02 5.9978399658e+02 5.9994097900e+02 6.0011700439e+02 6.0027697754e+02 6.0043798828e+02 6.0059301758e+02 6.0076501465e+02 6.0091699219e+02 6.0108599854e+02 6.0124700928e+02 6.0142999268e+02 6.0158300781e+02 6.0176702881e+02 6.0195800781e+02 6.0211499023e+02 6.0229699707e+02 6.0246502686e+02 6.0262298584e+02 6.0280603027e+02 6.0294299316e+02 6.0308099365e+02 6.0320697021e+02 6.0331402588e+02 6.0343499756e+02
5.9642901611e+02 5.9659997559e+02 5.9676300049e+02 5.9692999268e+02 5.9706799316e+02 5.9722399902e+02 5.9739398193e+02 5.9753900146e+02 5.9770001221e+02 5.9786102295e+02 5.9800500488e+02 5.9814300537e+02 5.9829797363e+02 5.9843200684e+02 5.9857397461e+02 5.9872198486e+02 5.9887200928e+02 5.9902502441e+02 5.9915502930e+02 5.9927197266e+02 5.9941998291e+02 5.9957000732e+02 5.9971099854e+02 5.9986798096e+02 6.0004998779e+02 6.0021002197e+02 6.0037500000e+02 6.0053497314e+02 6.0072399902e+02 6.0087500000e+02 6.0103698730e+02 6.0119201660e+02 6.0137902832e+02 6.0154302979e+02 6.0172100830e+02 6.0190997314e+02 6.0208697510e+02 6.0225799561e+02 6.0241699219e+02 6.0257000732e+02 6.0274102783e+02 6.0288000488e+02 6.0303198242e+02 6.0315301514e+02 6.0325201416e+02 6.0337298584e+02
5.9634698486e+02 5.9650598145e+02 5.9666198730e+02 5.9684197998e+02 5.9700000000e+02 5.9714501953e+02 5.9731201172e+02 5.9746801758e+02 5.9762402344e+02 5.9778601074e+02 5.9793701172e+02 5.9807098389e+02 5.9821801758e+02 5.9835101318e+02 5.9849401855e+02 5.9864599609e+02 5.9880200195e+02 5.9896197510e+02 5.9909197998e+02 5.9920397949e+02 5.9933599854e+02 5.9948297119e+02 5.9965002441e+02 5.9981402588e+02 5.9997302246e+02 6.0014300537e+02 6.0032501221e+02 6.0049102783e+02 6.0067700195e+02 6.0081799316e+02 6.0097998047e+02 6.0114001465e+02 6.0133398438e+02 6.0151202393e+02 6.0167401123e+02 6.0185101318e+02 6.0204101563e+02 6.0219396973e+02 6.0235900879e+02 6.0251898193e+02 6.0268902588e+02 6.0282897949e+02 6.0297601318e+02 6.0309997559e+02 6.0319396973e+02 6.0331500244e+02
5.9627001953e+02 5.9641699219e+02 5.9657800293e+02 5.9676702881e+02 5.9693402100e+02 5.9707598877e+02 5.9722998047e+02 5.9739501953e+02 5.9754400635e+02 5.9769396973e+02 5.9784997559e+02 5.9798797607e+02 5.9812701416e+02 5.9826599121e+02 5.9841497803e+02 5.9856500244e+02 5.9871502686e+02 5.9888098145e+02 5.9902197266e+02 5.9914697266e+02 5.9928802490e+02 5.9942700195e+02 5.9960101318e+02 5.9976702881e+02 5.9990698242e+02 6.0007702637e+02 6.0027001953e+02 6.0043597412e+02 6.0061499023e+02 6.0075097656e+02 6.0091699219e+02 6.0108099365e+02 6.0128302002e+02 6.0145697021e+02 6.0162097168e+02 6.0179199219e+02 6.0197900391e+02 6.0214801025e+02 6.0232501221e+02 6.0248297119e+02 6.0264099121e+02 6.0278002930e+02 6.0292199707e+02 6.0305499268e+02 6.0315600586e+02 6.0327899170e+02
5.9617498779e+02 5.9632098389e+02 5.9648699951e+02 5.9667498779e+02 5.9684698486e+02 5.9700402832e+02 5.9714697266e+02 5.9730297852e+02 5.9746398926e+02 5.9760900879e+02 5.9776300049e+02 5.9790100098e+02 5.9804302979e+02 5.9818902588e+02 5.9833001709e+02 5.9847399902e+02 5.9862902832e+02 5.9878698730e+02 5.9893798828e+02 5.9908099365e+02 5.9923498535e+02 5.9936602783e+02 5.9951501465e+02 5.9968200684e+02 5.9987500000e+02 6.0002301025e+02 6.0019799805e+02 6.0036102295e+02 6.0055902100e+02 6.0071398926e+02 6.0086999512e+02 6.0102398682e+02 6.0122399902e+02 6.0138702393e+02 6.0157702637e+02 6.0177099609e+02 6.0191601563e+02 6.0209100342e+02 6.0227801514e+02 6.0244799805e+02 6.0259002686e+02 6.0275097656e+02 6.0289001465e+02 6.0300701904e+02 6.0311401367e+02 6.0322998047e+02
5.9611297607e+02 5.9623999023e+02 5.9639501953e+02 5.9658001709e+02 5.9675201416e+02 5.9690997314e+02 5.9706701660e+02 5.9723101807e+02 5.9739398193e+02 5.9753802490e+02 5.9769897461e+02 5.9783697510e+02 5.9798602295e+02 5.9812799072e+02 5.9826098633e+02 5.9839599609e+02 5.9856298828e+02 5.9871801758e+02 5.9885601807e+02 5.9900000000e+02 5.9916900635e+02 5.9932397461e+02 5.9944201660e+02 5.9958099365e+02 5.9977502441e+02 5.9995800781e+02 6.0015197754e+02 6.0032598877e+02 6.0051501465e+02 6.0066601563e+02 6.0080902100e+02 6.0095300293e+02 6.0116400146e+02 6.0133898926e+02 6.0152197266e+02 6.0172399902e+02 6.0188098145e+02 6.0204101563e+02 6.0222497559e+02 6.0240997314e+02 6.0255401611e+02 6.0268597412e+02 6.0283001709e+02 6.0295599365e+02 6.0306896973e+02 6.0318298340e+02
5.9604199219e+02 5.9618298340e+02 5.9633197021e+02 5.9650299072e+02 5.9666198730e+02 5.9681500244e+02 5.9697998047e+02 5.9714300537e+02 5.9729998779e+02 5.9744799805e+02 5.9761401367e+02 5.9775402832e+02 5.9789697266e+02 5.9804199219e+02 5.9819201660e+02 5.9833197021e+02 5.9849798584e+02 5.9864300537e+02 5.9878198242e+02 5.9892901611e+02 5.9909002686e+02 5.9925097656e+02 5.9938201904e+02 5.9953002930e+02 5.9971697998e+02 5.9989202881e+02 6.0008697510e+02 6.0027600098e+02 6.0047497559e+02 6.0063201904e+02 6.0077600098e+02 6.0091900635e+02 6.0111901855e+02 6.0129602051e+02 6.0147302246e+02 6.0165997314e+02 6.0184100342e+02 6.0201300049e+02 6.0219299316e+02 6.0235998535e+02 6.0250500488e+02 6.0264898682e+02 6.0278302002e+02 6.0290997314e+02 6.0301702881e+02 6.0312597656e+02
5.9595300293e+02 5.9611297607e+02 5.9626599121e+02 5.9642999268e+02 5.9657598877e+02 5.9672698975e+02 5.9689202881e+02 5.9705297852e+02 5.9720397949e+02 5.9735302734e+02 5.9752099609e+02 5.9766802979e+02 5.9780401611e+02 5.9794598389e+02 5.9810302734e+02 5.9824401855e+02 5.9841699219e+02 5.9856500244e+02 5.9871600342e+02 5.9886901855e+02 5.9901800537e+02 5.9916699219e+02 5.9932598877e+02 5.9948498535e+02 5.9966497803e+02 5.9983398438e+02 6.0001800537e+02 6.0021099854e+02 6.0041400146e+02 6.0057202148e+02 6.0073400879e+02 6.0090100098e+02 6.0109497070e+02 6.0125500488e+02 6.0144097900e+02 6.0162097168e+02 6.0178601074e+02 6.0195697021e+02 6.0214099121e+02 6.0230102539e+02 6.0244598389e+02 6.0261102295e+02 6.0274298096e+02 6.0286798096e+02 6.0296801758e+02 6.0306799316e+02
