TESTSERVER/19/17.asc
NCOLS 100
NROWS 100
XLLCORNER 8.4497500000e+03
YLLCORNER 2.8910025000e+05
CELLSIZE 5.0000000000e-01
NODATA_VALUE -9.9990000000e+03
[rows 80 to 99 of 100, columns 0 to 45 of 100]
5.7840899658e+02 5.7892901611e+02 5.7959100342e+02 5.8022998047e+02 5.8067401123e+02 5.8104998779e+02 5.8136401367e+02 5.8157000732e+02 5.8178997803e+02 5.8198199463e+02 5.8209899902e+02 5.8224401855e+02 5.8239599609e+02 5.8253900146e+02 5.8264501953e+02 5.8287097168e+02 5.8303802490e+02 5.8319000244e+02 5.8329498291e+02 5.8336700439e+02 5.8336401367e+02 5.8332098389e+02 5.8327801514e+02 5.8319299316e+02 5.8315698242e+02 5.8307202148e+02 5.8297601318e+02 5.8254400635e+02 5.8202801514e+02 5.8178002930e+02 5.8188702393e+02 5.8196099854e+02 5.8193200684e+02 5.8187902832e+02 5.8181896973e+02 5.8177301025e+02 5.8174298096e+02 5.8169702148e+02 5.8163000488e+02 5.8156402588e+02 5.8152197266e+02 5.8147100830e+02 5.8143103027e+02 5.8134997559e+02 5.8130902100e+02 5.8128698730e+02
5.7836798096e+02 5.7885198975e+02 5.7938098145e+02 5.7985900879e+02 5.8028198242e+02 5.8068402100e+02 5.8102801514e+02 5.8125097656e+02 5.8148602295e+02 5.8169500732e+02 5.8184997559e+02 5.8198901367e+02 5.8214501953e+02 5.8228900146e+02 5.8242498779e+02 5.8259399414e+02 5.8276202393e+02 5.8292700195e+02 5.8311199951e+02 5.8322497559e+02 5.8326202393e+02 5.8324700928e+02 5.8323498535e+02 5.8323699951e+02 5.8311199951e+02 5.8288000488e+02 5.8265301514e+02 5.8196997070e+02 5.8119201660e+02 5.8086199951e+02 5.8107000732e+02 5.8138299561e+02 5.8166699219e+02 5.8187298584e+02 5.8192102051e+02 5.8184197998e+02 5.8175500488e+02 5.8167700195e+02 5.8160601807e+02 5.8154602051e+02 5.8148699951e+02 5.8141699219e+02 5.8135601807e+02 5.8127398682e+02 5.8123602295e+02 5.8121801758e+02
5.7827398682e+02 5.7871697998e+02 5.7917199707e+02 5.7958697510e+02 5.7998400879e+02 5.8036297607e+02 5.8070599365e+02 5.8096099854e+02 5.8120697021e+02 5.8142797852e+02 5.8160797119e+02 5.8177001953e+02 5.8193298340e+02 5.8208099365e+02 5.8221398926e+02 5.8237402344e+02 5.8254199219e+02 5.8270599365e+02 5.8291497803e+02 5.8305798340e+02 5.8309698486e+02 5.8308197021e+02 5.8309802246e+02 5.8306896973e+02 5.8284997559e+02 5.8250402832e+02 5.8204797363e+02 5.8121002197e+02 5.8055902100e+02 5.8038000488e+02 5.8058801270e+02 5.8078802490e+02 5.8109497070e+02 5.8145098877e+02 5.8173699951e+02 5.8185198975e+02 5.8180999756e+02 5.8172399902e+02 5.8161602783e+02 5.8152301025e+02 5.8142901611e+02 5.8133099365e+02 5.8125897217e+02 5.8116900635e+02 5.8113500977e+02 5.8112597656e+02
5.7816400146e+02 5.7856896973e+02 5.7896899414e+02 5.7934100342e+02 5.7971197510e+02 5.8006701660e+02 5.8040502930e+02 5.8068701172e+02 5.8094396973e+02 5.8117498779e+02 5.8137597656e+02 5.8155700684e+02 5.8172601318e+02 5.8188098145e+02 5.8201202393e+02 5.8216400146e+02 5.8233099365e+02 5.8249401855e+02 5.8270397949e+02 5.8284899902e+02 5.8288500977e+02 5.8286700439e+02 5.8286602783e+02 5.8276599121e+02 5.8246801758e+02 5.8203100586e+02 5.8137298584e+02 5.8064599609e+02 5.8033398438e+02 5.8035400391e+02 5.8049902344e+02 5.8047900391e+02 5.8059899902e+02 5.8086901855e+02 5.8120599365e+02 5.8150000000e+02 5.8164801025e+02 5.8169897461e+02 5.8165399170e+02 5.8155798340e+02 5.8141601563e+02 5.8127398682e+02 5.8117498779e+02 5.8107098389e+02 5.8103698730e+02 5.8103802490e+02
5.7804400635e+02 5.7839501953e+02 5.7875402832e+02 5.7912298584e+02 5.7945501709e+02 5.7977398682e+02 5.8004998779e+02 5.8039801025e+02 5.8068103027e+02 5.8094201660e+02 5.8117700195e+02 5.8134197998e+02 5.8151300049e+02 5.8166900635e+02 5.8180499268e+02 5.8197497559e+02 5.8213201904e+02 5.8227697754e+02 5.8242602539e+02 5.8257098389e+02 5.8259197998e+02 5.8255499268e+02 5.8241497803e+02 5.8227600098e+02 5.8192901611e+02 5.8148602295e+02 5.8092700195e+02 5.8052899170e+02 5.8047900391e+02 5.8053100586e+02 5.8050299072e+02 5.8050000000e+02 5.8049499512e+02 5.8056597900e+02 5.8067797852e+02 5.8089202881e+02 5.8112701416e+02 5.8130999756e+02 5.8131402588e+02 5.8143103027e+02 5.8134100342e+02 5.8121697998e+02 5.8110302734e+02 5.8101300049e+02 5.8098199463e+02 5.8098297119e+02
5.7793200684e+02 5.7826098633e+02 5.7860302734e+02 5.7893298340e+02 5.7924200439e+02 5.7954302979e+02 5.7984301758e+02 5.8015399170e+02 5.8044500732e+02 5.8071997070e+02 5.8095898438e+02 5.8113098145e+02 5.8130401611e+02 5.8146099854e+02 5.8161999512e+02 5.8178900146e+02 5.8192498779e+02 5.8203997803e+02 5.8217901611e+02 5.8227197266e+02 5.8226800537e+02 5.8220300293e+02 5.8206298828e+02 5.8180102539e+02 5.8148297119e+02 5.8111602783e+02 5.8072100830e+02 5.8055700684e+02 5.8054998779e+02 5.8056201172e+02 5.8051202393e+02 5.8050799561e+02 5.8050799561e+02 5.8053601074e+02 5.8057299805e+02 5.8063299561e+02 5.8073699951e+02 5.8083898926e+02 5.8091699219e+02 5.8103497314e+02 5.8108099365e+02 5.8106500244e+02 5.8101397705e+02 5.8097198486e+02 5.8093103027e+02 5.8090502930e+02
5.7782897949e+02 5.7815197754e+02 5.7846899414e+02 5.7877001953e+02 5.7907000732e+02 5.7936401367e+02 5.7966101074e+02 5.7996697998e+02 5.8025097656e+02 5.8052001953e+02 5.8076202393e+02 5.8095001221e+02 5.8112799072e+02 5.8128997803e+02 5.8144897461e+02 5.8159997559e+02 5.8172100830e+02 5.8182299805e+02 5.8194097900e+02 5.8201300049e+02 5.8199499512e+02 5.8191497803e+02 5.8174798584e+02 5.8149902344e+02 5.8121301270e+02 5.8088000488e+02 5.8049298096e+02 5.8042700195e+02 5.8051000977e+02 5.8056298828e+02 5.8051702881e+02 5.8051300049e+02 5.8049902344e+02 5.8051098633e+02 5.8055700684e+02 5.8059802246e+02 5.8064001465e+02 5.8068701172e+02 5.8073400879e+02 5.8082098389e+02 5.8089898682e+02 5.8093200684e+02 5.8091802979e+02 5.8090698242e+02 5.8086999512e+02 5.8082800293e+02
5.7773297119e+02 5.7805102539e+02 5.7835198975e+02 5.7863299561e+02 5.7892498779e+02 5.7921301270e+02 5.7950701904e+02 5.7980798340e+02 5.8008502197e+02 5.8034802246e+02 5.8059100342e+02 5.8078997803e+02 5.8097302246e+02 5.8113800049e+02 5.8129101563e+02 5.8141900635e+02 5.8152697754e+02 5.8161499023e+02 5.8171398926e+02 5.8176800537e+02 5.8173602295e+02 5.8164202881e+02 5.8147399902e+02 5.8126702881e+02 5.8101599121e+02 5.8072100830e+02 5.8031701660e+02 5.8030297852e+02 5.8046197510e+02 5.8054998779e+02 5.8051599121e+02 5.8050500488e+02 5.8047802734e+02 5.8048498535e+02 5.8054901123e+02 5.8060498047e+02 5.8063201904e+02 5.8065997314e+02 5.8069097900e+02 5.8075201416e+02 5.8082000732e+02 5.8085498047e+02 5.8084301758e+02 5.8083599854e+02 5.8082202148e+02 5.8079101563e+02
5.7765399170e+02 5.7796502686e+02 5.7826898193e+02 5.7853399658e+02 5.7882000732e+02 5.7910400391e+02 5.7940600586e+02 5.7967102051e+02 5.7993298340e+02 5.8018200684e+02 5.8042602539e+02 5.8065600586e+02 5.8083697510e+02 5.8099200439e+02 5.8112500000e+02 5.8125402832e+02 5.8134002686e+02 5.8140399170e+02 5.8141400146e+02 5.8147698975e+02 5.8145397949e+02 5.8139398193e+02 5.8132000732e+02 5.8108099365e+02 5.8086798096e+02 5.8063897705e+02 5.8038800049e+02 5.8033099365e+02 5.8047399902e+02 5.8055700684e+02 5.8053997803e+02 5.8049401855e+02 5.8046997070e+02 5.8047399902e+02 5.8051202393e+02 5.8055200195e+02 5.8058197021e+02 5.8060998535e+02 5.8062097168e+02 5.8070098877e+02 5.8078100586e+02 5.8081896973e+02 5.8081701660e+02 5.8079498291e+02 5.8080200195e+02 5.8078802490e+02
5.7758502197e+02 5.7788702393e+02 5.7817700195e+02 5.7845501709e+02 5.7873999023e+02 5.7902697754e+02 5.7930603027e+02 5.7956799316e+02 5.7982800293e+02 5.8007702637e+02 5.8033300781e+02 5.8055200195e+02 5.8072100830e+02 5.8085900879e+02 5.8098999023e+02 5.8110400391e+02 5.8117401123e+02 5.8121899414e+02 5.8122802734e+02 5.8121997070e+02 5.8121600342e+02 5.8120098877e+02 5.8113000488e+02 5.8093200684e+02 5.8077502441e+02 5.8062701416e+02 5.8047601318e+02 5.8048999023e+02 5.8055200195e+02 5.8058300781e+02 5.8055499268e+02 5.8050500488e+02 5.8047601318e+02 5.8046398926e+02 5.8048101807e+02 5.8051599121e+02 5.8053601074e+02 5.8054498291e+02 5.8056201172e+02 5.8063000488e+02 5.8071002197e+02 5.8076202393e+02 5.8077600098e+02 5.8078601074e+02 5.8078997803e+02 5.8076000977e+02
5.7750701904e+02 5.7780102539e+02 5.7808300781e+02 5.7835998535e+02 5.7864300537e+02 5.7892901611e+02 5.7921002197e+02 5.7948101807e+02 5.7975000000e+02 5.8000701904e+02 5.8025897217e+02 5.8046301270e+02 5.8062597656e+02 5.8075701904e+02 5.8087200928e+02 5.8096899414e+02 5.8103002930e+02 5.8106701660e+02 5.8106402588e+02 5.8104998779e+02 5.8104302979e+02 5.8102600098e+02 5.8096301270e+02 5.8082000732e+02 5.8071502686e+02 5.8062097168e+02 5.8054699707e+02 5.8056896973e+02 5.8059197998e+02 5.8058801270e+02 5.8055902100e+02 5.8053198242e+02 5.8050402832e+02 5.8047802734e+02 5.8047198486e+02 5.8049597168e+02 5.8050701904e+02 5.8050402832e+02 5.8050701904e+02 5.8055999756e+02 5.8063800049e+02 5.8071002197e+02 5.8075402832e+02 5.8077398682e+02 5.8077099609e+02 5.8074200439e+02
5.7742901611e+02 5.7771301270e+02 5.7798797607e+02 5.7826300049e+02 5.7854498291e+02 5.7882897949e+02 5.7911999512e+02 5.7941198730e+02 5.7969000244e+02 5.7995397949e+02 5.8020599365e+02 5.8039501953e+02 5.8054998779e+02 5.8067401123e+02 5.8077502441e+02 5.8085400391e+02 5.8090600586e+02 5.8093298340e+02 5.8092498779e+02 5.8090997314e+02 5.8090002441e+02 5.8088201904e+02 5.8082501221e+02 5.8073199463e+02 5.8067297363e+02 5.8062500000e+02 5.8059301758e+02 5.8059899902e+02 5.8059399414e+02 5.8057202148e+02 5.8055700684e+02 5.8055902100e+02 5.8053997803e+02 5.8050897217e+02 5.8048699951e+02 5.8048901367e+02 5.8048901367e+02 5.8048400879e+02 5.8048498535e+02 5.8053698730e+02 5.8061199951e+02 5.8067901611e+02 5.8072998047e+02 5.8073901367e+02 5.8073101807e+02 5.8071502686e+02
5.7735302734e+02 5.7762500000e+02 5.7788000488e+02 5.7814801025e+02 5.7843200684e+02 5.7873101807e+02 5.7907098389e+02 5.7936901855e+02 5.7965399170e+02 5.7991900635e+02 5.8016101074e+02 5.8035998535e+02 5.8050701904e+02 5.8061901855e+02 5.8068701172e+02 5.8074499512e+02 5.8079199219e+02 5.8082000732e+02 5.8083898926e+02 5.8081201172e+02 5.8079699707e+02 5.8077697754e+02 5.8091601563e+02 5.8095898438e+02 5.8095501709e+02 5.8086102295e+02 5.8073297119e+02 5.8067297363e+02 5.8069396973e+02 5.8064099121e+02 5.8049902344e+02 5.8053198242e+02 5.8053997803e+02 5.8054302979e+02 5.8051599121e+02 5.8048999023e+02 5.8046899414e+02 5.8047601318e+02 5.8051300049e+02 5.8054400635e+02 5.8061401367e+02 5.8065899658e+02 5.8068499756e+02 5.8069097900e+02 5.8069396973e+02 5.8068103027e+02
5.7727899170e+02 5.7754199219e+02 5.7778698730e+02 5.7804602051e+02 5.7834600830e+02 5.7867401123e+02 5.7902899170e+02 5.7935302734e+02 5.7965002441e+02 5.7991900635e+02 5.8016497803e+02 5.8035498047e+02 5.8049102783e+02 5.8058801270e+02 5.8063397217e+02 5.8066900635e+02 5.8071600342e+02 5.8075201416e+02 5.8076702881e+02 5.8074902344e+02 5.8073602295e+02 5.8071997070e+02 5.8093597412e+02 5.8121197510e+02 5.8103802490e+02 5.8065100098e+02 5.8020202637e+02 5.8057098389e+02 5.8088897705e+02 5.8094598389e+02 5.8061798096e+02 5.8046099854e+02 5.8043597412e+02 5.8046997070e+02 5.8047900391e+02 5.8046197510e+02 5.8044799805e+02 5.8047399902e+02 5.8051000977e+02 5.8054498291e+02 5.8060699463e+02 5.8064001465e+02 5.8065399170e+02 5.8066302490e+02 5.8067102051e+02 5.8065502930e+02
5.7719097900e+02 5.7744598389e+02 5.7768597412e+02 5.7795800781e+02 5.7827099609e+02 5.7861297607e+02 5.7899298096e+02 5.7934197998e+02 5.7965600586e+02 5.7993798828e+02 5.8018597412e+02 5.8035601807e+02 5.8047998047e+02 5.8056298828e+02 5.8059600830e+02 5.8062402344e+02 5.8066601563e+02 5.8069897461e+02 5.8071301270e+02 5.8070098877e+02 5.8069201660e+02 5.8067901611e+02 5.8092700195e+02 5.8107098389e+02 5.8069598389e+02 5.8009600830e+02 5.7920001221e+02 5.7946899414e+02 5.8012402344e+02 5.8060601807e+02 5.8067999268e+02 5.8055401611e+02 5.8044500732e+02 5.8041302490e+02 5.8044598389e+02 5.8043298340e+02 5.8044201660e+02 5.8047998047e+02 5.8051397705e+02 5.8054199219e+02 5.8057598877e+02 5.8059698486e+02 5.8062701416e+02 5.8064398193e+02 5.8064697266e+02 5.8062701416e+02
5.7708898926e+02 5.7733801270e+02 5.7757598877e+02 5.7786401367e+02 5.7819097900e+02 5.7854797363e+02 5.7896002197e+02 5.7934497070e+02 5.7967498779e+02 5.7997302246e+02 5.8022698975e+02 5.8037597656e+02 5.8048699951e+02 5.8055700684e+02 5.8057501221e+02 5.8059600830e+02 5.8063299561e+02 5.8066101074e+02 5.8067700195e+02 5.8067401123e+02 5.8066900635e+02 5.8065899658e+02 5.8085400391e+02 5.8077600098e+02 5.8021801758e+02 5.7943902588e+02 5.7815899658e+02 5.7800201416e+02 5.7868902588e+02 5.7958001709e+02 5.8043200684e+02 5.8067602539e+02 5.8059497070e+02 5.8047998047e+02 5.8045397949e+02 5.8042700195e+02 5.8044500732e+02 5.8047802734e+02 5.8050598145e+02 5.8052398682e+02 5.8055401611e+02 5.8057897949e+02 5.8060900879e+02 5.8060998535e+02 5.8060601807e+02 5.8059301758e+02
5.7696697998e+02 5.7722497559e+02 5.7749902344e+02 5.7777001953e+02 5.7812597656e+02 5.7852502441e+02 5.7906402588e+02 5.7941998291e+02 5.7976501465e+02 5.8005499268e+02 5.8032501221e+02 5.8045501709e+02 5.8052899170e+02 5.8055798340e+02 5.8051000977e+02 5.8058502197e+02 5.8065100098e+02 5.8071502686e+02 5.8086499023e+02 5.8081097412e+02 5.8081201172e+02 5.8074401855e+02 5.8071801758e+02 5.8039599609e+02 5.7963201904e+02 5.7864898682e+02 5.7764001465e+02 5.7738598633e+02 5.7758300781e+02 5.7839697266e+02 5.7950500488e+02 5.8035498047e+02 5.8055798340e+02 5.8046197510e+02 5.8045501709e+02 5.8044097900e+02 5.8043499756e+02 5.8044702148e+02 5.8048498535e+02 5.8050201416e+02 5.8053698730e+02 5.8056201172e+02 5.8059399414e+02 5.8058197021e+02 5.8056597900e+02 5.8054797363e+02
5.7679901123e+02 5.7705999756e+02 5.7735400391e+02 5.7769201660e+02 5.7808197021e+02 5.7853002930e+02 5.7906701660e+02 5.7954797363e+02 5.7991601563e+02 5.8019000244e+02 5.8040899658e+02 5.8056298828e+02 5.8060302734e+02 5.8059002686e+02 5.8054199219e+02 5.8060601807e+02 5.8068798828e+02 5.8076397705e+02 5.8087500000e+02 5.8094799805e+02 5.8084002686e+02 5.8058398438e+02 5.8022601318e+02 5.7962402344e+02 5.7879101563e+02 5.7800000000e+02 5.7754602051e+02 5.7760900879e+02 5.7762500000e+02 5.7788000488e+02 5.7857299805e+02 5.7923602295e+02 5.7950897217e+02 5.7964801025e+02 5.8007897949e+02 5.8045599365e+02 5.8049200439e+02 5.8042199707e+02 5.8041497803e+02 5.8042498779e+02 5.8047198486e+02 5.8051397705e+02 5.8053601074e+02 5.8053601074e+02 5.8052801514e+02 5.8052301025e+02
5.7662902832e+02 5.7687097168e+02 5.7717700195e+02 5.7755603027e+02 5.7796801758e+02 5.7844097900e+02 5.7903802490e+02 5.7960699463e+02 5.8001300049e+02 5.8030700684e+02 5.8050201416e+02 5.8062298584e+02 5.8065399170e+02 5.8063000488e+02 5.8058599854e+02 5.8064801025e+02 5.8070098877e+02 5.8073602295e+02 5.8084100342e+02 5.8084802246e+02 5.8061297607e+02 5.8021997070e+02 5.7959802246e+02 5.7863500977e+02 5.7788000488e+02 5.7745001221e+02 5.7744299316e+02 5.7768902588e+02 5.7779699707e+02 5.7782702637e+02 5.7799499512e+02 5.7824798584e+02 5.7844598389e+02 5.7874902344e+02 5.7946600342e+02 5.8019396973e+02 5.8044702148e+02 5.8048699951e+02 5.8045697021e+02 5.8040802002e+02 5.8043298340e+02 5.8045300293e+02 5.8047900391e+02 5.8050701904e+02 5.8049401855e+02 5.8048199463e+02
5.7644500732e+02 5.7666900635e+02 5.7695800781e+02 5.7735400391e+02 5.7778698730e+02 5.7828399658e+02 5.7896398926e+02 5.7965600586e+02 5.8011199951e+02 5.8043798828e+02 5.8059997559e+02 5.8066900635e+02 5.8069299316e+02 5.8066101074e+02 5.8063702393e+02 5.8070397949e+02 5.8071697998e+02 5.8070001221e+02 5.8075201416e+02 5.8064898682e+02 5.8028100586e+02 5.7975000000e+02 5.7887902832e+02 5.7770300293e+02 5.7711700439e+02 5.7704699707e+02 5.7738397217e+02 5.7770800781e+02 5.7789099121e+02 5.7787799072e+02 5.7782000732e+02 5.7777197266e+02 5.7783502197e+02 5.7809997559e+02 5.7870501709e+02 5.7943499756e+02 5.7996301270e+02 5.8034002686e+02 5.8049401855e+02 5.8049200439e+02 5.8052502441e+02 5.8051501465e+02 5.8049798584e+02 5.8048797607e+02 5.8046801758e+02 5.8044702148e+02
