TESTSERVER/19/17.asc
NCOLS 100
NROWS 100
XLLCORNER 8.4497500000e+03
YLLCORNER 2.8910025000e+05
CELLSIZE 5.0000000000e-01
NODATA_VALUE -9.9990000000e+03
[rows 80 to 99 of 100, columns 46 to 91 of 100]
5.8124401855e+02 5.8121899414e+02 5.8118200684e+02 5.8117102051e+02 5.8119702148e+02 5.8136798096e+02 5.8170898438e+02 5.8205200195e+02 5.8224401855e+02 5.8219799805e+02 5.8212799072e+02 5.8206402588e+02 5.8206097412e+02 5.8204101563e+02 5.8199700928e+02 5.8198602295e+02 5.8202600098e+02 5.8207598877e+02 5.8213299561e+02 5.8213397217e+02 5.8205999756e+02 5.8199597168e+02 5.8198602295e+02 5.8198901367e+02 5.8197900391e+02 5.8190802002e+02 5.8177502441e+02 5.8165399170e+02 5.8162597656e+02 5.8157501221e+02 5.8155999756e+02 5.8158898926e+02 5.8160797119e+02 5.8146899414e+02 5.8134600830e+02 5.8126702881e+02 5.8118103027e+02 5.8097399902e+02 5.8082800293e+02 5.8079199219e+02 5.8082897949e+02 5.8090802002e+02 5.8098199463e+02 5.8102600098e+02 5.8102697754e+02 5.8101702881e+02
5.8118103027e+02 5.8112500000e+02 5.8108099365e+02 5.8107897949e+02 5.8110699463e+02 5.8124902344e+02 5.8158099365e+02 5.8192999268e+02 5.8210998535e+02 5.8207598877e+02 5.8198901367e+02 5.8189501953e+02 5.8187097168e+02 5.8184899902e+02 5.8181799316e+02 5.8179998779e+02 5.8180700684e+02 5.8180499268e+02 5.8181298828e+02 5.8182397461e+02 5.8183300781e+02 5.8176599121e+02 5.8172998047e+02 5.8170599365e+02 5.8164599609e+02 5.8156298828e+02 5.8146502686e+02 5.8138800049e+02 5.8138201904e+02 5.8135400391e+02 5.8135601807e+02 5.8138201904e+02 5.8138500977e+02 5.8127398682e+02 5.8110400391e+02 5.8095397949e+02 5.8083300781e+02 5.8068902588e+02 5.8058398438e+02 5.8058801270e+02 5.8068798828e+02 5.8077001953e+02 5.8081402588e+02 5.8082702637e+02 5.8082202148e+02 5.8081799316e+02
5.8109497070e+02 5.8104302979e+02 5.8100402832e+02 5.8099499512e+02 5.8100701904e+02 5.8109301758e+02 5.8135797119e+02 5.8167602539e+02 5.8188897705e+02 5.8192901611e+02 5.8186901855e+02 5.8177099609e+02 5.8173101807e+02 5.8169799805e+02 5.8167199707e+02 5.8164099121e+02 5.8161700439e+02 5.8159600830e+02 5.8156500244e+02 5.8154199219e+02 5.8154998779e+02 5.8147802734e+02 5.8143597412e+02 5.8140197754e+02 5.8131597900e+02 5.8123101807e+02 5.8116601563e+02 5.8112500000e+02 5.8114202881e+02 5.8115899658e+02 5.8115899658e+02 5.8113098145e+02 5.8107800293e+02 5.8099597168e+02 5.8085797119e+02 5.8070098877e+02 5.8055700684e+02 5.8046697998e+02 5.8040399170e+02 5.8042498779e+02 5.8054302979e+02 5.8060400391e+02 5.8061401367e+02 5.8059002686e+02 5.8056298828e+02 5.8055102539e+02
5.8101702881e+02 5.8097900391e+02 5.8094299316e+02 5.8091601563e+02 5.8090301514e+02 5.8092700195e+02 5.8109802246e+02 5.8135400391e+02 5.8160400391e+02 5.8174902344e+02 5.8173602295e+02 5.8164898682e+02 5.8160302734e+02 5.8158599854e+02 5.8157202148e+02 5.8152600098e+02 5.8146002197e+02 5.8143798828e+02 5.8138201904e+02 5.8131597900e+02 5.8127600098e+02 5.8120501709e+02 5.8117901611e+02 5.8115301514e+02 5.8105999756e+02 5.8099499512e+02 5.8096002197e+02 5.8094097900e+02 5.8096997070e+02 5.8101800537e+02 5.8099700928e+02 5.8090002441e+02 5.8078100586e+02 5.8072601318e+02 5.8063000488e+02 5.8049700928e+02 5.8038397217e+02 5.8032501221e+02 5.8029797363e+02 5.8033398438e+02 5.8041198730e+02 5.8042102051e+02 5.8039099121e+02 5.8032897949e+02 5.8027398682e+02 5.8023901367e+02
5.8096997070e+02 5.8092297363e+02 5.8088299561e+02 5.8084197998e+02 5.8079400635e+02 5.8076397705e+02 5.8082598877e+02 5.8098797607e+02 5.8121398926e+02 5.8140997314e+02 5.8146301270e+02 5.8144598389e+02 5.8147100830e+02 5.8148901367e+02 5.8149401855e+02 5.8142199707e+02 5.8131896973e+02 5.8127398682e+02 5.8121801758e+02 5.8113500977e+02 5.8106402588e+02 5.8102099609e+02 5.8099499512e+02 5.8095898438e+02 5.8086901855e+02 5.8083099365e+02 5.8080700684e+02 5.8079199219e+02 5.8082897949e+02 5.8089001465e+02 5.8083898926e+02 5.8070800781e+02 5.8058300781e+02 5.8053601074e+02 5.8043902588e+02 5.8032598877e+02 5.8028698730e+02 5.8024798584e+02 5.8024499512e+02 5.8028100586e+02 5.8027899170e+02 5.8021997070e+02 5.8015899658e+02 5.8007702637e+02 5.7997601318e+02 5.7989599609e+02
5.8088598633e+02 5.8083099365e+02 5.8078698730e+02 5.8076397705e+02 5.8073101807e+02 5.8066601563e+02 5.8063897705e+02 5.8066699219e+02 5.8076800537e+02 5.8090399170e+02 5.8100598145e+02 5.8109399414e+02 5.8121502686e+02 5.8134899902e+02 5.8138897705e+02 5.8129998779e+02 5.8117401123e+02 5.8112597656e+02 5.8104400635e+02 5.8094500732e+02 5.8089300537e+02 5.8084899902e+02 5.8077197266e+02 5.8072100830e+02 5.8071301270e+02 5.8067700195e+02 5.8063598633e+02 5.8062799072e+02 5.8068597412e+02 5.8070001221e+02 5.8064001465e+02 5.8055200195e+02 5.8046600342e+02 5.8043798828e+02 5.8031097412e+02 5.8018701172e+02 5.8015100098e+02 5.8013098145e+02 5.8013299561e+02 5.8013897705e+02 5.8011499023e+02 5.8003302002e+02 5.7995898438e+02 5.7987701416e+02 5.7976800537e+02 5.7963897705e+02
5.8080999756e+02 5.8076202393e+02 5.8071301270e+02 5.8069500732e+02 5.8068200684e+02 5.8061700439e+02 5.8055200195e+02 5.8050299072e+02 5.8048797607e+02 5.8053002930e+02 5.8058398438e+02 5.8066198730e+02 5.8079498291e+02 5.8096002197e+02 5.8102398682e+02 5.8096997070e+02 5.8091998291e+02 5.8093597412e+02 5.8086401367e+02 5.8075897217e+02 5.8070300293e+02 5.8066900635e+02 5.8061999512e+02 5.8057702637e+02 5.8056701660e+02 5.8051202393e+02 5.8049200439e+02 5.8054199219e+02 5.8062799072e+02 5.8055999756e+02 5.8047998047e+02 5.8044201660e+02 5.8039300537e+02 5.8032098389e+02 5.8015997314e+02 5.8002197266e+02 5.7996899414e+02 5.7997198486e+02 5.7997302246e+02 5.7996197510e+02 5.7993402100e+02 5.7985498047e+02 5.7978399658e+02 5.7970898438e+02 5.7961401367e+02 5.7949499512e+02
5.8076397705e+02 5.8071398926e+02 5.8065301514e+02 5.8062097168e+02 5.8061401367e+02 5.8057501221e+02 5.8052099609e+02 5.8046197510e+02 5.8040002441e+02 5.8035498047e+02 5.8032299805e+02 5.8031896973e+02 5.8036499023e+02 5.8046197510e+02 5.8050000000e+02 5.8047497559e+02 5.8052398682e+02 5.8061102295e+02 5.8058801270e+02 5.8052301025e+02 5.8049298096e+02 5.8047399902e+02 5.8046801758e+02 5.8042602539e+02 5.8037597656e+02 5.8034002686e+02 5.8035797119e+02 5.8046502686e+02 5.8059600830e+02 5.8045397949e+02 5.8034600830e+02 5.8035101318e+02 5.8032202148e+02 5.8016101074e+02 5.7996801758e+02 5.7983099365e+02 5.7977697754e+02 5.7977697754e+02 5.7976599121e+02 5.7974700928e+02 5.7972698975e+02 5.7966699219e+02 5.7961297607e+02 5.7955902100e+02 5.7949298096e+02 5.7940802002e+02
5.8074200439e+02 5.8066900635e+02 5.8058898926e+02 5.8054498291e+02 5.8053100586e+02 5.8049902344e+02 5.8046398926e+02 5.8042498779e+02 5.8037200928e+02 5.8032000732e+02 5.8025701904e+02 5.8019299316e+02 5.8015600586e+02 5.8009997559e+02 5.8004400635e+02 5.8000097656e+02 5.8000701904e+02 5.8010998535e+02 5.8012701416e+02 5.8012799072e+02 5.8014898682e+02 5.8010998535e+02 5.8012298584e+02 5.8012799072e+02 5.8010498047e+02 5.8011901855e+02 5.8017498779e+02 5.8030700684e+02 5.8046398926e+02 5.8032000732e+02 5.8016699219e+02 5.8017602539e+02 5.8019500732e+02 5.7996600342e+02 5.7976098633e+02 5.7964697266e+02 5.7960101318e+02 5.7954699707e+02 5.7951898193e+02 5.7949700928e+02 5.7946600342e+02 5.7945501709e+02 5.7943103027e+02 5.7940997314e+02 5.7936999512e+02 5.7931896973e+02
5.8071697998e+02 5.8066198730e+02 5.8057501221e+02 5.8051599121e+02 5.8049902344e+02 5.8043597412e+02 5.8036700439e+02 5.8031298828e+02 5.8028497314e+02 5.8022698975e+02 5.8019201660e+02 5.8015399170e+02 5.8009997559e+02 5.8005401611e+02 5.7996997070e+02 5.7988800049e+02 5.7981597900e+02 5.7977197266e+02 5.7972802734e+02 5.7970098877e+02 5.7970800781e+02 5.7966302490e+02 5.7968103027e+02 5.7970898438e+02 5.7975299072e+02 5.7980200195e+02 5.7985998535e+02 5.7995001221e+02 5.8004400635e+02 5.7995599365e+02 5.7982800293e+02 5.7980999756e+02 5.7979199219e+02 5.7968103027e+02 5.7955902100e+02 5.7944799805e+02 5.7937902832e+02 5.7934698486e+02 5.7931701660e+02 5.7929498291e+02 5.7927099609e+02 5.7926397705e+02 5.7927502441e+02 5.7929498291e+02 5.7929302979e+02 5.7926800537e+02
5.8070898438e+02 5.8066302490e+02 5.8058398438e+02 5.8051800537e+02 5.8049597168e+02 5.8043103027e+02 5.8034997559e+02 5.8028698730e+02 5.8025402832e+02 5.8018200684e+02 5.8012902832e+02 5.8008001709e+02 5.8002502441e+02 5.8000201416e+02 5.7994299316e+02 5.7986602783e+02 5.7978802490e+02 5.7970697021e+02 5.7962701416e+02 5.7955999756e+02 5.7951098633e+02 5.7945898438e+02 5.7943402100e+02 5.7941802979e+02 5.7944500732e+02 5.7946197510e+02 5.7948297119e+02 5.7951599121e+02 5.7953900146e+02 5.7948699951e+02 5.7943200684e+02 5.7942401123e+02 5.7940600586e+02 5.7939801025e+02 5.7934301758e+02 5.7921997070e+02 5.7914501953e+02 5.7918200684e+02 5.7917999268e+02 5.7917297363e+02 5.7916101074e+02 5.7916802979e+02 5.7918902588e+02 5.7921099854e+02 5.7920898438e+02 5.7917602539e+02
5.8069299316e+02 5.8065399170e+02 5.8059698486e+02 5.8054199219e+02 5.8051800537e+02 5.8047100830e+02 5.8040600586e+02 5.8034002686e+02 5.8027502441e+02 5.8018902588e+02 5.8011700439e+02 5.8004400635e+02 5.7996697998e+02 5.7991699219e+02 5.7986901855e+02 5.7981896973e+02 5.7977801514e+02 5.7971502686e+02 5.7964501953e+02 5.7957702637e+02 5.7950701904e+02 5.7945300293e+02 5.7939300537e+02 5.7933599854e+02 5.7928900146e+02 5.7925000000e+02 5.7922601318e+02 5.7920599365e+02 5.7918298340e+02 5.7914801025e+02 5.7912902832e+02 5.7912200928e+02 5.7911602783e+02 5.7914501953e+02 5.7910498047e+02 5.7898699951e+02 5.7894299316e+02 5.7902899170e+02 5.7905700684e+02 5.7907202148e+02 5.7906597900e+02 5.7907000732e+02 5.7907397461e+02 5.7906896973e+02 5.7902600098e+02 5.7892999268e+02
5.8065100098e+02 5.8063397217e+02 5.8059802246e+02 5.8055499268e+02 5.8052099609e+02 5.8047302246e+02 5.8042297363e+02 5.8036901855e+02 5.8029302979e+02 5.8021398926e+02 5.8014697266e+02 5.8005902100e+02 5.7996600342e+02 5.7989599609e+02 5.7983197021e+02 5.7977398682e+02 5.7973199463e+02 5.7966198730e+02 5.7960797119e+02 5.7955700684e+02 5.7949298096e+02 5.7943103027e+02 5.7938000488e+02 5.7932800293e+02 5.7926397705e+02 5.7921301270e+02 5.7917901611e+02 5.7913800049e+02 5.7909802246e+02 5.7903900146e+02 5.7899102783e+02 5.7894702148e+02 5.7891198730e+02 5.7891699219e+02 5.7887701416e+02 5.7880902100e+02 5.7878302002e+02 5.7883398438e+02 5.7887402344e+02 5.7890600586e+02 5.7885998535e+02 5.7884899902e+02 5.7882098389e+02 5.7877801514e+02 5.7871502686e+02 5.7862701416e+02
5.8062799072e+02 5.8060998535e+02 5.8058001709e+02 5.8054699707e+02 5.8052197266e+02 5.8046502686e+02 5.8041601563e+02 5.8037097168e+02 5.8029199219e+02 5.8026397705e+02 5.8020800781e+02 5.8005700684e+02 5.7989898682e+02 5.7984698486e+02 5.7979901123e+02 5.7975000000e+02 5.7970202637e+02 5.7964099121e+02 5.7958197021e+02 5.7951599121e+02 5.7945697021e+02 5.7938897705e+02 5.7933697510e+02 5.7928997803e+02 5.7922900391e+02 5.7917401123e+02 5.7914697266e+02 5.7911798096e+02 5.7907397461e+02 5.7901202393e+02 5.7895800781e+02 5.7891302490e+02 5.7886602783e+02 5.7882800293e+02 5.7878997803e+02 5.7874298096e+02 5.7870501709e+02 5.7867498779e+02 5.7864599609e+02 5.7862597656e+02 5.7859497070e+02 5.7854400635e+02 5.7850598145e+02 5.7846697998e+02 5.7843701172e+02 5.7842401123e+02
5.8060400391e+02 5.8059600830e+02 5.8057299805e+02 5.8054400635e+02 5.8051800537e+02 5.8045898438e+02 5.8041101074e+02 5.8036999512e+02 5.8033099365e+02 5.8030200195e+02 5.8012902832e+02 5.7988598633e+02 5.7971697998e+02 5.7971697998e+02 5.7970001221e+02 5.7967401123e+02 5.7964501953e+02 5.7959399414e+02 5.7953698730e+02 5.7947399902e+02 5.7941802979e+02 5.7936999512e+02 5.7933001709e+02 5.7928497314e+02 5.7921997070e+02 5.7915002441e+02 5.7911297607e+02 5.7907501221e+02 5.7903100586e+02 5.7895599365e+02 5.7890600586e+02 5.7886700439e+02 5.7882702637e+02 5.7879400635e+02 5.7875701904e+02 5.7871697998e+02 5.7869299316e+02 5.7864300537e+02 5.7857501221e+02 5.7852398682e+02 5.7846899414e+02 5.7842102051e+02 5.7838098145e+02 5.7834899902e+02 5.7832800293e+02 5.7832800293e+02
5.8057299805e+02 5.8057397461e+02 5.8055200195e+02 5.8051898193e+02 5.8049401855e+02 5.8044000244e+02 5.8039501953e+02 5.8036199951e+02 5.8036199951e+02 5.8008599854e+02 5.7968902588e+02 5.7945697021e+02 5.7944396973e+02 5.7952697754e+02 5.7955700684e+02 5.7955499268e+02 5.7954602051e+02 5.7949902344e+02 5.7944201660e+02 5.7938000488e+02 5.7932800293e+02 5.7929302979e+02 5.7927600098e+02 5.7925000000e+02 5.7920202637e+02 5.7914398193e+02 5.7910699463e+02 5.7906201172e+02 5.7900598145e+02 5.7892297363e+02 5.7887500000e+02 5.7882702637e+02 5.7876898193e+02 5.7871697998e+02 5.7866802979e+02 5.7862500000e+02 5.7860900879e+02 5.7857800293e+02 5.7851800537e+02 5.7846600342e+02 5.7840002441e+02 5.7836102295e+02 5.7831201172e+02 5.7827398682e+02 5.7825500488e+02 5.7823901367e+02
5.8050701904e+02 5.8052301025e+02 5.8051098633e+02 5.8048797607e+02 5.8041400146e+02 5.8041998291e+02 5.8041699219e+02 5.8035998535e+02 5.8012097168e+02 5.7953198242e+02 5.7908099365e+02 5.7903002930e+02 5.7920397949e+02 5.7930902100e+02 5.7935797119e+02 5.7936602783e+02 5.7936700439e+02 5.7936700439e+02 5.7931799316e+02 5.7925097656e+02 5.7922399902e+02 5.7915399170e+02 5.7914099121e+02 5.7913098145e+02 5.7909802246e+02 5.7907202148e+02 5.7905499268e+02 5.7903198242e+02 5.7900701904e+02 5.7894201660e+02 5.7890399170e+02 5.7884497070e+02 5.7877301025e+02 5.7868798828e+02 5.7860699463e+02 5.7852398682e+02 5.7844799805e+02 5.7845202637e+02 5.7844299316e+02 5.7839599609e+02 5.7832397461e+02 5.7828698730e+02 5.7824401855e+02 5.7821099854e+02 5.7817901611e+02 5.7814099121e+02
5.8051202393e+02 5.8050201416e+02 5.8047399902e+02 5.8043499756e+02 5.8041101074e+02 5.8051098633e+02 5.8034399414e+02 5.7987500000e+02 5.7927600098e+02 5.7883197021e+02 5.7873699951e+02 5.7884497070e+02 5.7897601318e+02 5.7905798340e+02 5.7911901855e+02 5.7916998291e+02 5.7923498535e+02 5.7926397705e+02 5.7919396973e+02 5.7908398438e+02 5.7903002930e+02 5.7897900391e+02 5.7897998047e+02 5.7898199463e+02 5.7895800781e+02 5.7894000244e+02 5.7891400146e+02 5.7890802002e+02 5.7888897705e+02 5.7886700439e+02 5.7886102295e+02 5.7882202148e+02 5.7878002930e+02 5.7871997070e+02 5.7866998291e+02 5.7859899902e+02 5.7848901367e+02 5.7845098877e+02 5.7843701172e+02 5.7838702393e+02 5.7832000732e+02 5.7825201416e+02 5.7819000244e+02 5.7814801025e+02 5.7806799316e+02 5.7802301025e+02
5.8048797607e+02 5.8042700195e+02 5.8040899658e+02 5.8041699219e+02 5.8053198242e+02 5.8050598145e+02 5.7997198486e+02 5.7917602539e+02 5.7855902100e+02 5.7848498535e+02 5.7858599854e+02 5.7870697021e+02 5.7877600098e+02 5.7885198975e+02 5.7893298340e+02 5.7902502441e+02 5.7914001465e+02 5.7915301514e+02 5.7901898193e+02 5.7884497070e+02 5.7874298096e+02 5.7868902588e+02 5.7870501709e+02 5.7873797607e+02 5.7875097656e+02 5.7873901367e+02 5.7870300293e+02 5.7872497559e+02 5.7875097656e+02 5.7876702881e+02 5.7876599121e+02 5.7874298096e+02 5.7874798584e+02 5.7864001465e+02 5.7859100342e+02 5.7856097412e+02 5.7844500732e+02 5.7845501709e+02 5.7842797852e+02 5.7834497070e+02 5.7827600098e+02 5.7824200439e+02 5.7817797852e+02 5.7812097168e+02 5.7802899170e+02 5.7795202637e+02
5.8045800781e+02 5.8040301514e+02 5.8047100830e+02 5.8053601074e+02 5.8050299072e+02 5.7999102783e+02 5.7921600342e+02 5.7848901367e+02 5.7822198486e+02 5.7837200928e+02 5.7849798584e+02 5.7855102539e+02 5.7859997559e+02 5.7867999268e+02 5.7875299072e+02 5.7883898926e+02 5.7893798828e+02 5.7886297607e+02 5.7867199707e+02 5.7848297119e+02 5.7837597656e+02 5.7833801270e+02 5.7837298584e+02 5.7842797852e+02 5.7846600342e+02 5.7847100830e+02 5.7846600342e+02 5.7852801514e+02 5.7858001709e+02 5.7857501221e+02 5.7856201172e+02 5.7855999756e+02 5.7860198975e+02 5.7843798828e+02 5.7833398438e+02 5.7827398682e+02 5.7816400146e+02 5.7827502441e+02 5.7822802734e+02 5.7809100342e+02 5.7804498291e+02 5.7807702637e+02 5.7805102539e+02 5.7802899170e+02 5.7800799561e+02 5.7794799805e+02
