TESTSERVER/19/17.asc
NCOLS 100
NROWS 100
XLLCORNER 8.4497500000e+03
YLLCORNER 2.8910025000e+05
CELLSIZE 5.0000000000e-01
NODATA_VALUE -9.9990000000e+03
[rows 40 to 59 of 100, columns 0 to 45 of 100]
5.8155700684e+02 5.8188201904e+02 5.8217102051e+02 5.8242102051e+02 5.8260198975e+02 5.8277899170e+02 5.8291699219e+02 5.8302899170e+02 5.8315899658e+02 5.8329498291e+02 5.8342297363e+02 5.8354101563e+02 5.8370599365e+02 5.8388098145e+02 5.8405401611e+02 5.8421899414e+02 5.8437902832e+02 5.8454199219e+02 5.8474401855e+02 5.8490399170e+02 5.8507098389e+02 5.8523699951e+02 5.8537200928e+02 5.8557397461e+02 5.8576000977e+02 5.8592602539e+02 5.8611798096e+02 5.8628900146e+02 5.8644000244e+02 5.8659698486e+02 5.8678100586e+02 5.8694000244e+02 5.8709197998e+02 5.8725897217e+02 5.8742498779e+02 5.8760498047e+02 5.8783697510e+02 5.8811798096e+02 5.8843200684e+02 5.8876599121e+02 5.8901599121e+02 5.8915002441e+02 5.8934002686e+02 5.8952899170e+02 5.8972198486e+02 5.8994396973e+02
5.8140997314e+02 5.8169702148e+02 5.8201202393e+02 5.8232000732e+02 5.8253802490e+02 5.8273199463e+02 5.8286901855e+02 5.8296697998e+02 5.8309497070e+02 5.8323797607e+02 5.8334600830e+02 5.8347399902e+02 5.8364001465e+02 5.8381500244e+02 5.8396697998e+02 5.8414001465e+02 5.8431298828e+02 5.8446398926e+02 5.8463598633e+02 5.8480401611e+02 5.8496002197e+02 5.8512298584e+02 5.8528399658e+02 5.8546002197e+02 5.8564501953e+02 5.8580999756e+02 5.8599102783e+02 5.8615502930e+02 5.8632299805e+02 5.8647601318e+02 5.8663299561e+02 5.8679199219e+02 5.8695098877e+02 5.8713000488e+02 5.8731097412e+02 5.8752197266e+02 5.8779901123e+02 5.8810601807e+02 5.8835797119e+02 5.8859600830e+02 5.8882397461e+02 5.8898400879e+02 5.8919299316e+02 5.8938598633e+02 5.8952502441e+02 5.8962701416e+02
5.8133599854e+02 5.8156597900e+02 5.8186602783e+02 5.8220397949e+02 5.8245300293e+02 5.8265802002e+02 5.8281500244e+02 5.8292199707e+02 5.8304901123e+02 5.8319299316e+02 5.8330902100e+02 5.8344299316e+02 5.8358801270e+02 5.8372998047e+02 5.8388598633e+02 5.8405603027e+02 5.8422198486e+02 5.8436999512e+02 5.8453900146e+02 5.8470098877e+02 5.8485101318e+02 5.8500299072e+02 5.8516802979e+02 5.8532598877e+02 5.8551300049e+02 5.8568402100e+02 5.8586401367e+02 5.8603002930e+02 5.8619201660e+02 5.8633197021e+02 5.8650201416e+02 5.8667297363e+02 5.8683197021e+02 5.8701702881e+02 5.8721801758e+02 5.8748999023e+02 5.8778198242e+02 5.8805499268e+02 5.8825402832e+02 5.8842901611e+02 5.8862200928e+02 5.8879998779e+02 5.8900000000e+02 5.8917297363e+02 5.8925201416e+02 5.8925799561e+02
5.8131402588e+02 5.8146697998e+02 5.8170697021e+02 5.8204199219e+02 5.8233502197e+02 5.8257702637e+02 5.8274902344e+02 5.8286901855e+02 5.8298602295e+02 5.8312200928e+02 5.8326000977e+02 5.8338500977e+02 5.8352502441e+02 5.8365698242e+02 5.8381597900e+02 5.8397601318e+02 5.8412799072e+02 5.8427001953e+02 5.8444201660e+02 5.8459802246e+02 5.8475701904e+02 5.8491198730e+02 5.8506701660e+02 5.8522100830e+02 5.8540301514e+02 5.8557299805e+02 5.8573400879e+02 5.8589099121e+02 5.8606201172e+02 5.8620397949e+02 5.8637500000e+02 5.8654302979e+02 5.8670501709e+02 5.8689599609e+02 5.8711999512e+02 5.8743597412e+02 5.8770800781e+02 5.8792498779e+02 5.8809399414e+02 5.8826898193e+02 5.8844799805e+02 5.8860198975e+02 5.8874902344e+02 5.8885198975e+02 5.8890100098e+02 5.8894201660e+02
5.8130102539e+02 5.8138397217e+02 5.8158197021e+02 5.8189001465e+02 5.8220599365e+02 5.8247900391e+02 5.8268103027e+02 5.8282702637e+02 5.8294799805e+02 5.8307800293e+02 5.8321502686e+02 5.8332897949e+02 5.8345599365e+02 5.8358898926e+02 5.8373901367e+02 5.8390600586e+02 5.8403997803e+02 5.8417797852e+02 5.8434997559e+02 5.8451000977e+02 5.8465002441e+02 5.8482299805e+02 5.8499499512e+02 5.8512799072e+02 5.8529101563e+02 5.8545599365e+02 5.8560198975e+02 5.8575500488e+02 5.8592700195e+02 5.8608300781e+02 5.8625097656e+02 5.8641601563e+02 5.8657702637e+02 5.8676702881e+02 5.8701000977e+02 5.8729602051e+02 5.8756097412e+02 5.8778100586e+02 5.8797900391e+02 5.8813299561e+02 5.8828900146e+02 5.8838299561e+02 5.8846899414e+02 5.8844799805e+02 5.8845501709e+02 5.8859698486e+02
5.8141198730e+02 5.8133502197e+02 5.8147998047e+02 5.8175201416e+02 5.8204400635e+02 5.8234002686e+02 5.8258697510e+02 5.8277697754e+02 5.8290802002e+02 5.8303802490e+02 5.8316601563e+02 5.8327301025e+02 5.8340100098e+02 5.8353002930e+02 5.8366900635e+02 5.8382299805e+02 5.8396197510e+02 5.8408502197e+02 5.8424102783e+02 5.8441101074e+02 5.8454498291e+02 5.8470599365e+02 5.8486798096e+02 5.8501300049e+02 5.8518499756e+02 5.8534802246e+02 5.8547497559e+02 5.8562200928e+02 5.8580902100e+02 5.8596398926e+02 5.8612298584e+02 5.8630401611e+02 5.8646301270e+02 5.8664697266e+02 5.8688500977e+02 5.8715600586e+02 5.8743103027e+02 5.8765301514e+02 5.8777801514e+02 5.8794000244e+02 5.8810101318e+02 5.8816699219e+02 5.8819097900e+02 5.8815002441e+02 5.8810797119e+02 5.8818499756e+02
5.8148797607e+02 5.8142199707e+02 5.8142102051e+02 5.8163897705e+02 5.8189898682e+02 5.8221398926e+02 5.8249700928e+02 5.8270800781e+02 5.8286102295e+02 5.8299902344e+02 5.8312597656e+02 5.8322802734e+02 5.8334301758e+02 5.8346997070e+02 5.8361199951e+02 5.8374597168e+02 5.8389300537e+02 5.8401098633e+02 5.8414001465e+02 5.8430798340e+02 5.8445697021e+02 5.8461602783e+02 5.8476898193e+02 5.8491699219e+02 5.8507598877e+02 5.8522399902e+02 5.8537799072e+02 5.8552301025e+02 5.8568902588e+02 5.8584197998e+02 5.8601300049e+02 5.8618798828e+02 5.8632202148e+02 5.8649700928e+02 5.8675000000e+02 5.8700299072e+02 5.8718701172e+02 5.8731799316e+02 5.8748400879e+02 5.8771502686e+02 5.8790197754e+02 5.8796600342e+02 5.8795501709e+02 5.8795898438e+02 5.8793902588e+02 5.8792602539e+02
5.8128900146e+02 5.8156500244e+02 5.8144897461e+02 5.8156298828e+02 5.8177600098e+02 5.8209100342e+02 5.8239202881e+02 5.8260900879e+02 5.8279302979e+02 5.8294299316e+02 5.8306799316e+02 5.8317102051e+02 5.8327502441e+02 5.8340100098e+02 5.8355798340e+02 5.8367901611e+02 5.8381701660e+02 5.8393499756e+02 5.8406597900e+02 5.8421002197e+02 5.8435699463e+02 5.8453399658e+02 5.8468200684e+02 5.8483197021e+02 5.8497198486e+02 5.8510498047e+02 5.8528399658e+02 5.8542102051e+02 5.8555999756e+02 5.8572302246e+02 5.8588098145e+02 5.8603900146e+02 5.8616302490e+02 5.8633502197e+02 5.8659100342e+02 5.8680401611e+02 5.8690502930e+02 5.8699597168e+02 5.8720001221e+02 5.8740600586e+02 5.8758502197e+02 5.8770898438e+02 5.8779302979e+02 5.8778997803e+02 5.8776599121e+02 5.8773199463e+02
5.8067999268e+02 5.8142498779e+02 5.8150701904e+02 5.8151599121e+02 5.8167498779e+02 5.8194799805e+02 5.8226702881e+02 5.8253601074e+02 5.8274499512e+02 5.8290197754e+02 5.8301599121e+02 5.8311499023e+02 5.8322302246e+02 5.8333099365e+02 5.8348297119e+02 5.8361199951e+02 5.8373602295e+02 5.8385302734e+02 5.8400598145e+02 5.8414202881e+02 5.8427001953e+02 5.8443902588e+02 5.8459002686e+02 5.8472998047e+02 5.8486602783e+02 5.8501098633e+02 5.8517700195e+02 5.8531097412e+02 5.8544598389e+02 5.8559997559e+02 5.8571301270e+02 5.8590002441e+02 5.8605200195e+02 5.8621899414e+02 5.8641302490e+02 5.8660198975e+02 5.8672302246e+02 5.8684100342e+02 5.8700000000e+02 5.8707098389e+02 5.8721997070e+02 5.8745397949e+02 5.8770697021e+02 5.8767901611e+02 5.8765399170e+02 5.8765899658e+02
5.8032397461e+02 5.8123699951e+02 5.8156097412e+02 5.8150299072e+02 5.8160198975e+02 5.8181298828e+02 5.8214202881e+02 5.8245501709e+02 5.8267498779e+02 5.8284497070e+02 5.8296697998e+02 5.8307397461e+02 5.8318798828e+02 5.8329797363e+02 5.8341601563e+02 5.8353601074e+02 5.8365802002e+02 5.8377398682e+02 5.8392199707e+02 5.8407702637e+02 5.8420001221e+02 5.8433502197e+02 5.8446997070e+02 5.8463598633e+02 5.8477197266e+02 5.8490698242e+02 5.8506097412e+02 5.8519500732e+02 5.8533001709e+02 5.8549102783e+02 5.8561901855e+02 5.8577600098e+02 5.8589898682e+02 5.8605499268e+02 5.8625000000e+02 5.8645001221e+02 5.8660400391e+02 5.8669201660e+02 5.8674798584e+02 5.8685797119e+02 5.8708502197e+02 5.8738201904e+02 5.8765997314e+02 5.8763598633e+02 5.8754901123e+02 5.8747302246e+02
5.8003399658e+02 5.8099798584e+02 5.8161602783e+02 5.8152600098e+02 5.8157501221e+02 5.8172399902e+02 5.8200097656e+02 5.8233898926e+02 5.8259600830e+02 5.8278198242e+02 5.8291900635e+02 5.8303100586e+02 5.8313500977e+02 5.8325000000e+02 5.8336401367e+02 5.8348101807e+02 5.8359899902e+02 5.8371002197e+02 5.8383697510e+02 5.8398101807e+02 5.8411102295e+02 5.8424401855e+02 5.8437298584e+02 5.8453601074e+02 5.8466101074e+02 5.8477899170e+02 5.8493798828e+02 5.8507702637e+02 5.8519897461e+02 5.8534301758e+02 5.8547802734e+02 5.8560998535e+02 5.8571697998e+02 5.8588500977e+02 5.8609698486e+02 5.8630499268e+02 5.8648400879e+02 5.8657897949e+02 5.8661499023e+02 5.8678497314e+02 5.8704302979e+02 5.8732501221e+02 5.8756201172e+02 5.8761499023e+02 5.8751501465e+02 5.8732897949e+02
5.7973101807e+02 5.8056201172e+02 5.8152197266e+02 5.8156500244e+02 5.8156500244e+02 5.8165802002e+02 5.8186999512e+02 5.8219097900e+02 5.8248699951e+02 5.8270098877e+02 5.8285302734e+02 5.8297601318e+02 5.8308099365e+02 5.8320300293e+02 5.8331701660e+02 5.8343298340e+02 5.8353002930e+02 5.8362799072e+02 5.8376000977e+02 5.8390899658e+02 5.8403997803e+02 5.8416998291e+02 5.8429797363e+02 5.8444000244e+02 5.8455499268e+02 5.8466998291e+02 5.8482098389e+02 5.8495697021e+02 5.8507897949e+02 5.8520001221e+02 5.8533099365e+02 5.8545098877e+02 5.8555999756e+02 5.8575402832e+02 5.8596301270e+02 5.8615100098e+02 5.8635400391e+02 5.8649499512e+02 5.8656799316e+02 5.8667901611e+02 5.8687298584e+02 5.8715002441e+02 5.8740502930e+02 5.8751300049e+02 5.8744799805e+02 5.8723699951e+02
5.7953399658e+02 5.8005102539e+02 5.8092199707e+02 5.8168103027e+02 5.8162298584e+02 5.8160101318e+02 5.8180999756e+02 5.8203100586e+02 5.8235601807e+02 5.8264099121e+02 5.8280603027e+02 5.8291302490e+02 5.8303100586e+02 5.8316101074e+02 5.8327697754e+02 5.8339398193e+02 5.8346600342e+02 5.8353997803e+02 5.8367999268e+02 5.8384698486e+02 5.8396899414e+02 5.8408599854e+02 5.8421899414e+02 5.8433697510e+02 5.8446697998e+02 5.8458502197e+02 5.8472497559e+02 5.8483398438e+02 5.8494598389e+02 5.8505902100e+02 5.8518499756e+02 5.8529602051e+02 5.8540100098e+02 5.8559197998e+02 5.8581500244e+02 5.8601501465e+02 5.8621600342e+02 5.8638098145e+02 5.8648699951e+02 5.8645001221e+02 5.8656597900e+02 5.8688800049e+02 5.8722399902e+02 5.8733599854e+02 5.8725402832e+02 5.8709698486e+02
5.7934802246e+02 5.7975598145e+02 5.8031896973e+02 5.8150701904e+02 5.8177899170e+02 5.8162902832e+02 5.8169897461e+02 5.8188897705e+02 5.8221099854e+02 5.8254998779e+02 5.8273602295e+02 5.8287200928e+02 5.8299499512e+02 5.8309301758e+02 5.8319897461e+02 5.8333599854e+02 5.8343298340e+02 5.8351202393e+02 5.8361999512e+02 5.8373699951e+02 5.8385400391e+02 5.8400201416e+02 5.8413000488e+02 5.8422900391e+02 5.8435101318e+02 5.8446801758e+02 5.8459002686e+02 5.8469299316e+02 5.8479699707e+02 5.8489801025e+02 5.8501202393e+02 5.8511999512e+02 5.8522497559e+02 5.8541699219e+02 5.8568200684e+02 5.8590100098e+02 5.8605798340e+02 5.8616699219e+02 5.8624700928e+02 5.8625500488e+02 5.8632397461e+02 5.8655499268e+02 5.8690502930e+02 5.8718402100e+02 5.8724298096e+02 5.8714501953e+02
5.7913000488e+02 5.7941601563e+02 5.7981500244e+02 5.8090802002e+02 5.8169299316e+02 5.8179498291e+02 5.8166198730e+02 5.8179998779e+02 5.8207202148e+02 5.8241601563e+02 5.8266101074e+02 5.8282897949e+02 5.8295599365e+02 5.8304901123e+02 5.8315100098e+02 5.8327001953e+02 5.8337298584e+02 5.8346398926e+02 5.8356799316e+02 5.8366998291e+02 5.8378302002e+02 5.8392901611e+02 5.8403601074e+02 5.8412701416e+02 5.8423400879e+02 5.8434497070e+02 5.8446002197e+02 5.8455499268e+02 5.8465002441e+02 5.8472998047e+02 5.8481799316e+02 5.8492102051e+02 5.8502801514e+02 5.8522998047e+02 5.8552502441e+02 5.8575500488e+02 5.8587597656e+02 5.8593298340e+02 5.8599401855e+02 5.8605902100e+02 5.8610400391e+02 5.8624499512e+02 5.8657397461e+02 5.8692999268e+02 5.8709399414e+02 5.8709600830e+02
5.7901397705e+02 5.7919500732e+02 5.7943103027e+02 5.8000299072e+02 5.8123797607e+02 5.8190698242e+02 5.8172497559e+02 5.8175097656e+02 5.8192700195e+02 5.8222601318e+02 5.8254101563e+02 5.8274700928e+02 5.8288897705e+02 5.8300097656e+02 5.8310998535e+02 5.8321997070e+02 5.8331701660e+02 5.8340802002e+02 5.8351202393e+02 5.8362097168e+02 5.8372900391e+02 5.8384802246e+02 5.8393798828e+02 5.8403399658e+02 5.8412902832e+02 5.8423199463e+02 5.8434002686e+02 5.8442901611e+02 5.8451702881e+02 5.8458697510e+02 5.8465600586e+02 5.8473602295e+02 5.8484002686e+02 5.8503900146e+02 5.8534002686e+02 5.8558599854e+02 5.8570501709e+02 5.8575701904e+02 5.8582098389e+02 5.8592498779e+02 5.8598400879e+02 5.8607098389e+02 5.8631201172e+02 5.8655200195e+02 5.8669598389e+02 5.8678997803e+02
5.7906402588e+02 5.7918298340e+02 5.7933697510e+02 5.7956097412e+02 5.8059997559e+02 5.8160198975e+02 5.8196099854e+02 5.8175799561e+02 5.8183801270e+02 5.8206298828e+02 5.8237298584e+02 5.8264398193e+02 5.8282000732e+02 5.8294799805e+02 5.8305798340e+02 5.8317401123e+02 5.8327697754e+02 5.8335498047e+02 5.8343701172e+02 5.8354901123e+02 5.8365002441e+02 5.8376397705e+02 5.8387597656e+02 5.8394897461e+02 5.8403198242e+02 5.8412799072e+02 5.8421697998e+02 5.8429101563e+02 5.8437402344e+02 5.8446502686e+02 5.8453497314e+02 5.8459497070e+02 5.8470202637e+02 5.8489599609e+02 5.8515301514e+02 5.8540197754e+02 5.8555401611e+02 5.8565600586e+02 5.8574700928e+02 5.8582299805e+02 5.8590899658e+02 5.8601300049e+02 5.8619097900e+02 5.8623999023e+02 5.8629797363e+02 5.8640100098e+02
5.7911199951e+02 5.7928399658e+02 5.7933099365e+02 5.7969299316e+02 5.8047497559e+02 5.8130297852e+02 5.8188702393e+02 5.8179901123e+02 5.8180200195e+02 5.8193298340e+02 5.8216998291e+02 5.8247698975e+02 5.8272601318e+02 5.8289599609e+02 5.8300299072e+02 5.8312200928e+02 5.8322100830e+02 5.8329602051e+02 5.8339001465e+02 5.8349700928e+02 5.8357098389e+02 5.8367700195e+02 5.8376599121e+02 5.8385699463e+02 5.8393798828e+02 5.8401300049e+02 5.8408898926e+02 5.8415600586e+02 5.8423602295e+02 5.8433001709e+02 5.8440100098e+02 5.8447399902e+02 5.8460498047e+02 5.8480902100e+02 5.8504998779e+02 5.8527801514e+02 5.8546301270e+02 5.8557202148e+02 5.8561798096e+02 5.8566302490e+02 5.8578497314e+02 5.8596197510e+02 5.8614501953e+02 5.8616400146e+02 5.8616400146e+02 5.8621002197e+02
5.7909997559e+02 5.7931298828e+02 5.7944201660e+02 5.7985101318e+02 5.8057501221e+02 5.8129302979e+02 5.8181402588e+02 5.8184997559e+02 5.8183398438e+02 5.8188000488e+02 5.8202502441e+02 5.8229101563e+02 5.8258001709e+02 5.8281896973e+02 5.8294702148e+02 5.8307000732e+02 5.8315899658e+02 5.8323297119e+02 5.8333197021e+02 5.8343298340e+02 5.8349597168e+02 5.8358898926e+02 5.8366400146e+02 5.8376702881e+02 5.8384399414e+02 5.8390301514e+02 5.8397399902e+02 5.8404302979e+02 5.8414001465e+02 5.8423498535e+02 5.8431597900e+02 5.8443200684e+02 5.8459197998e+02 5.8479498291e+02 5.8501702881e+02 5.8521697998e+02 5.8536798096e+02 5.8544201660e+02 5.8545599365e+02 5.8550701904e+02 5.8564398193e+02 5.8580999756e+02 5.8594201660e+02 5.8594396973e+02 5.8594299316e+02 5.8599902344e+02
5.7911499023e+02 5.7936798096e+02 5.7962097168e+02 5.8011199951e+02 5.8074597168e+02 5.8131701660e+02 5.8167498779e+02 5.8180700684e+02 5.8186499023e+02 5.8189300537e+02 5.8195202637e+02 5.8212902832e+02 5.8240100098e+02 5.8270397949e+02 5.8287597656e+02 5.8299700928e+02 5.8308001709e+02 5.8315399170e+02 5.8325299072e+02 5.8334802246e+02 5.8340802002e+02 5.8349200439e+02 5.8357202148e+02 5.8366302490e+02 5.8372497559e+02 5.8378002930e+02 5.8385699463e+02 5.8393499756e+02 5.8405700684e+02 5.8416900635e+02 5.8427899170e+02 5.8444799805e+02 5.8462200928e+02 5.8479699707e+02 5.8498699951e+02 5.8513500977e+02 5.8521801758e+02 5.8525000000e+02 5.8526300049e+02 5.8531500244e+02 5.8544201660e+02 5.8557702637e+02 5.8565100098e+02 5.8567700195e+02 5.8572900391e+02 5.8582397461e+02
