TESTSERVER/19/18.asc
NCOLS 100
NROWS 100
XLLCORNER 8.4497500000e+03
YLLCORNER 2.8905025000e+05
CELLSIZE 5.0000000000e-01
NODATA_VALUE -9.9990000000e+03
[rows 80 to 99 of 100, columns 46 to 91 of 100]
5.6245898438e+02 5.6282397461e+02 5.6294396973e+02 5.6302697754e+02 5.6309497070e+02 5.6315100098e+02 5.6316802979e+02 5.6321502686e+02 5.6332397461e+02 5.6343597412e+02 5.6347698975e+02 5.6343103027e+02 5.6333398438e+02 5.6306799316e+02 5.6291497803e+02 5.6297900391e+02 5.6325299072e+02 5.6355200195e+02 5.6379498291e+02 5.6395800781e+02 5.6400701904e+02 5.6407897949e+02 5.6403198242e+02 5.6387402344e+02 5.6360998535e+02 5.6353302002e+02 5.6358697510e+02 5.6372601318e+02 5.6392700195e+02 5.6415301514e+02 5.6434497070e+02 5.6453302002e+02 5.6471899414e+02 5.6470501709e+02 5.6464501953e+02 5.6460101318e+02 5.6461401367e+02 5.6466802979e+02 5.6475701904e+02 5.6477301025e+02 5.6464099121e+02 5.6443499756e+02 5.6422100830e+02 5.6416101074e+02 5.6436700439e+02 5.6462200928e+02
5.6162799072e+02 5.6200201416e+02 5.6237701416e+02 5.6265100098e+02 5.6278399658e+02 5.6284698486e+02 5.6284197998e+02 5.6285797119e+02 5.6301300049e+02 5.6316302490e+02 5.6320300293e+02 5.6316198730e+02 5.6309100342e+02 5.6282397461e+02 5.6261401367e+02 5.6272601318e+02 5.6315600586e+02 5.6343103027e+02 5.6363702393e+02 5.6383300781e+02 5.6395800781e+02 5.6403100586e+02 5.6404699707e+02 5.6391699219e+02 5.6359002686e+02 5.6340399170e+02 5.6351000977e+02 5.6374298096e+02 5.6395697021e+02 5.6423400879e+02 5.6446502686e+02 5.6467297363e+02 5.6480902100e+02 5.6487701416e+02 5.6484002686e+02 5.6475299072e+02 5.6467797852e+02 5.6468499756e+02 5.6472698975e+02 5.6471899414e+02 5.6461700439e+02 5.6443701172e+02 5.6413800049e+02 5.6393701172e+02 5.6402301025e+02 5.6424499512e+02
5.6100500488e+02 5.6125598145e+02 5.6170501709e+02 5.6215899658e+02 5.6250500488e+02 5.6265899658e+02 5.6266302490e+02 5.6264001465e+02 5.6275097656e+02 5.6286999512e+02 5.6288800049e+02 5.6284997559e+02 5.6281500244e+02 5.6263702393e+02 5.6252301025e+02 5.6268701172e+02 5.6312097168e+02 5.6337701416e+02 5.6355499268e+02 5.6374700928e+02 5.6390802002e+02 5.6401599121e+02 5.6405700684e+02 5.6392401123e+02 5.6354699707e+02 5.6327301025e+02 5.6339099121e+02 5.6368798828e+02 5.6392797852e+02 5.6421197510e+02 5.6446002197e+02 5.6464202881e+02 5.6469702148e+02 5.6476202393e+02 5.6478698730e+02 5.6475500488e+02 5.6468701172e+02 5.6466302490e+02 5.6467297363e+02 5.6465399170e+02 5.6457702637e+02 5.6438500977e+02 5.6400402832e+02 5.6373101807e+02 5.6374401855e+02 5.6391900635e+02
5.6069500732e+02 5.6081298828e+02 5.6116400146e+02 5.6163201904e+02 5.6211798096e+02 5.6243298340e+02 5.6252301025e+02 5.6250897217e+02 5.6254302979e+02 5.6258502197e+02 5.6257000732e+02 5.6252600098e+02 5.6251098633e+02 5.6249499512e+02 5.6255200195e+02 5.6276501465e+02 5.6309802246e+02 5.6336199951e+02 5.6355499268e+02 5.6370898438e+02 5.6382501221e+02 5.6395599365e+02 5.6400097656e+02 5.6385400391e+02 5.6347302246e+02 5.6315899658e+02 5.6324902344e+02 5.6356298828e+02 5.6383001709e+02 5.6407299805e+02 5.6429101563e+02 5.6444097900e+02 5.6447998047e+02 5.6453997803e+02 5.6465301514e+02 5.6471801758e+02 5.6467700195e+02 5.6461999512e+02 5.6458898926e+02 5.6454199219e+02 5.6444299316e+02 5.6426000977e+02 5.6395098877e+02 5.6374102783e+02 5.6366497803e+02 5.6370501709e+02
5.6069396973e+02 5.6073699951e+02 5.6089001465e+02 5.6114501953e+02 5.6144396973e+02 5.6191497803e+02 5.6219897461e+02 5.6235498047e+02 5.6245898438e+02 5.6236297607e+02 5.6227197266e+02 5.6217602539e+02 5.6210699463e+02 5.6230499268e+02 5.6255102539e+02 5.6281597900e+02 5.6302197266e+02 5.6330200195e+02 5.6352697754e+02 5.6362500000e+02 5.6369500732e+02 5.6383898926e+02 5.6387402344e+02 5.6373699951e+02 5.6343103027e+02 5.6309600830e+02 5.6315002441e+02 5.6343902588e+02 5.6371301270e+02 5.6384899902e+02 5.6402600098e+02 5.6420800781e+02 5.6431402588e+02 5.6441699219e+02 5.6458801270e+02 5.6468298340e+02 5.6460900879e+02 5.6452197266e+02 5.6444897461e+02 5.6436901855e+02 5.6424200439e+02 5.6417700195e+02 5.6406201172e+02 5.6392700195e+02 5.6379901123e+02 5.6360797119e+02
5.6052801514e+02 5.6054302979e+02 5.6065600586e+02 5.6081597900e+02 5.6098602295e+02 5.6124499512e+02 5.6157000732e+02 5.6188000488e+02 5.6215600586e+02 5.6225201416e+02 5.6215502930e+02 5.6199298096e+02 5.6192797852e+02 5.6214697266e+02 5.6246600342e+02 5.6278601074e+02 5.6299298096e+02 5.6319396973e+02 5.6336901855e+02 5.6343200684e+02 5.6354998779e+02 5.6369598389e+02 5.6371099854e+02 5.6357202148e+02 5.6329699707e+02 5.6305798340e+02 5.6308599854e+02 5.6327301025e+02 5.6344799805e+02 5.6359197998e+02 5.6385400391e+02 5.6414599609e+02 5.6430401611e+02 5.6440802002e+02 5.6452697754e+02 5.6455200195e+02 5.6446697998e+02 5.6442797852e+02 5.6439398193e+02 5.6435900879e+02 5.6433801270e+02 5.6434899902e+02 5.6421600342e+02 5.6403802490e+02 5.6390899658e+02 5.6369598389e+02
5.6040100098e+02 5.6038702393e+02 5.6046502686e+02 5.6058197021e+02 5.6069396973e+02 5.6083599854e+02 5.6110601807e+02 5.6142199707e+02 5.6177899170e+02 5.6203002930e+02 5.6203698730e+02 5.6193200684e+02 5.6183898926e+02 5.6202398682e+02 5.6234899902e+02 5.6268902588e+02 5.6298101807e+02 5.6308099365e+02 5.6311999512e+02 5.6315100098e+02 5.6328997803e+02 5.6340399170e+02 5.6343798828e+02 5.6336499023e+02 5.6315997314e+02 5.6300598145e+02 5.6299902344e+02 5.6306097412e+02 5.6316400146e+02 5.6347302246e+02 5.6388598633e+02 5.6425598145e+02 5.6441400146e+02 5.6442797852e+02 5.6444598389e+02 5.6444396973e+02 5.6443902588e+02 5.6444897461e+02 5.6442102051e+02 5.6437402344e+02 5.6434002686e+02 5.6435302734e+02 5.6422698975e+02 5.6406701660e+02 5.6397399902e+02 5.6378900146e+02
5.6030499268e+02 5.6029797363e+02 5.6035400391e+02 5.6043902588e+02 5.6054998779e+02 5.6062701416e+02 5.6079797363e+02 5.6104101563e+02 5.6133197021e+02 5.6164501953e+02 5.6178601074e+02 5.6181201172e+02 5.6176098633e+02 5.6188000488e+02 5.6217797852e+02 5.6252197266e+02 5.6288299561e+02 5.6290100098e+02 5.6279302979e+02 5.6277099609e+02 5.6287298584e+02 5.6295501709e+02 5.6305200195e+02 5.6310101318e+02 5.6298699951e+02 5.6289801025e+02 5.6285797119e+02 5.6283599854e+02 5.6293701172e+02 5.6340899658e+02 5.6389501953e+02 5.6425799561e+02 5.6438500977e+02 5.6431896973e+02 5.6428698730e+02 5.6432299805e+02 5.6442602539e+02 5.6444396973e+02 5.6441101074e+02 5.6433300781e+02 5.6418298340e+02 5.6412298584e+02 5.6405102539e+02 5.6394201660e+02 5.6380999756e+02 5.6359197998e+02
5.6024902344e+02 5.6029602051e+02 5.6036102295e+02 5.6042999268e+02 5.6056701660e+02 5.6059497070e+02 5.6066497803e+02 5.6076800537e+02 5.6087298584e+02 5.6109497070e+02 5.6130401611e+02 5.6148400879e+02 5.6154400635e+02 5.6175097656e+02 5.6204101563e+02 5.6235198975e+02 5.6260198975e+02 5.6268798828e+02 5.6259600830e+02 5.6246801758e+02 5.6236999512e+02 5.6244299316e+02 5.6260101318e+02 5.6276098633e+02 5.6282299805e+02 5.6272698975e+02 5.6261901855e+02 5.6255297852e+02 5.6276800537e+02 5.6321697998e+02 5.6355499268e+02 5.6383697510e+02 5.6406500244e+02 5.6406799316e+02 5.6407800293e+02 5.6414099121e+02 5.6422802734e+02 5.6424401855e+02 5.6428100586e+02 5.6426098633e+02 5.6404797363e+02 5.6390197754e+02 5.6383099365e+02 5.6372601318e+02 5.6355200195e+02 5.6324902344e+02
5.6014300537e+02 5.6023797607e+02 5.6031799316e+02 5.6039001465e+02 5.6045898438e+02 5.6052801514e+02 5.6059399414e+02 5.6066101074e+02 5.6070800781e+02 5.6081500244e+02 5.6095898438e+02 5.6112597656e+02 5.6130700684e+02 5.6156298828e+02 5.6185797119e+02 5.6216802979e+02 5.6244702148e+02 5.6251098633e+02 5.6248101807e+02 5.6234997559e+02 5.6219097900e+02 5.6218200684e+02 5.6228198242e+02 5.6239300537e+02 5.6248498535e+02 5.6245599365e+02 5.6232397461e+02 5.6228802490e+02 5.6255798340e+02 5.6290698242e+02 5.6311602783e+02 5.6337500000e+02 5.6364099121e+02 5.6370898438e+02 5.6375799561e+02 5.6380700684e+02 5.6385302734e+02 5.6381097412e+02 5.6387902832e+02 5.6395501709e+02 5.6385101318e+02 5.6380999756e+02 5.6376202393e+02 5.6365399170e+02 5.6349902344e+02 5.6327001953e+02
5.6004302979e+02 5.6013500977e+02 5.6021398926e+02 5.6028399658e+02 5.6035101318e+02 5.6041497803e+02 5.6047497559e+02 5.6053497314e+02 5.6056201172e+02 5.6061102295e+02 5.6070898438e+02 5.6083300781e+02 5.6096899414e+02 5.6102301025e+02 5.6127899170e+02 5.6170202637e+02 5.6215600586e+02 5.6225897217e+02 5.6224902344e+02 5.6212902832e+02 5.6198101807e+02 5.6197399902e+02 5.6205297852e+02 5.6212298584e+02 5.6215802002e+02 5.6211798096e+02 5.6201397705e+02 5.6202899170e+02 5.6229998779e+02 5.6258599854e+02 5.6279400635e+02 5.6300500488e+02 5.6312597656e+02 5.6320202637e+02 5.6330902100e+02 5.6340899658e+02 5.6347601318e+02 5.6342797852e+02 5.6348797607e+02 5.6360998535e+02 5.6368298340e+02 5.6377301025e+02 5.6376800537e+02 5.6363897705e+02 5.6342602539e+02 5.6325201416e+02
5.5995202637e+02 5.6003802490e+02 5.6011499023e+02 5.6018200684e+02 5.6024499512e+02 5.6030200195e+02 5.6035601807e+02 5.6040899658e+02 5.6043902588e+02 5.6046099854e+02 5.6051300049e+02 5.6058502197e+02 5.6056097412e+02 5.6016900635e+02 5.6029199219e+02 5.6081799316e+02 5.6158398438e+02 5.6189300537e+02 5.6193298340e+02 5.6181402588e+02 5.6167797852e+02 5.6176098633e+02 5.6188201904e+02 5.6195898438e+02 5.6195599365e+02 5.6193499756e+02 5.6187597656e+02 5.6190100098e+02 5.6207202148e+02 5.6228100586e+02 5.6245697021e+02 5.6256500244e+02 5.6255200195e+02 5.6267700195e+02 5.6288397217e+02 5.6309002686e+02 5.6324499512e+02 5.6327301025e+02 5.6333599854e+02 5.6343402100e+02 5.6354199219e+02 5.6365301514e+02 5.6365301514e+02 5.6352099609e+02 5.6327197266e+02 5.6313397217e+02
5.5984600830e+02 5.5994299316e+02 5.6001599121e+02 5.6008001709e+02 5.6014300537e+02 5.6019799805e+02 5.6024298096e+02 5.6028497314e+02 5.6040698242e+02 5.6043701172e+02 5.6041601563e+02 5.6035302734e+02 5.5984197998e+02 5.5936999512e+02 5.5930102539e+02 5.5961499023e+02 5.6003399658e+02 5.6087799072e+02 5.6111602783e+02 5.6122601318e+02 5.6144500732e+02 5.6152301025e+02 5.6169201660e+02 5.6182202148e+02 5.6187298584e+02 5.6196002197e+02 5.6197497559e+02 5.6197497559e+02 5.6196600342e+02 5.6196899414e+02 5.6202197266e+02 5.6202001953e+02 5.6202398682e+02 5.6226202393e+02 5.6254101563e+02 5.6283300781e+02 5.6307299805e+02 5.6316601563e+02 5.6325402832e+02 5.6331701660e+02 5.6338897705e+02 5.6344000244e+02 5.6339599609e+02 5.6328198242e+02 5.6313598633e+02 5.6298602295e+02
5.5977398682e+02 5.5986199951e+02 5.5993200684e+02 5.5999298096e+02 5.6004998779e+02 5.6009600830e+02 5.6013098145e+02 5.6015899658e+02 5.6026000977e+02 5.6035101318e+02 5.6028698730e+02 5.6013299561e+02 5.5957299805e+02 5.5904901123e+02 5.5892797852e+02 5.5893200684e+02 5.5918298340e+02 5.5956201172e+02 5.5987701416e+02 5.6024499512e+02 5.6084497070e+02 5.6127801514e+02 5.6153900146e+02 5.6175402832e+02 5.6195800781e+02 5.6204699707e+02 5.6204400635e+02 5.6196301270e+02 5.6177301025e+02 5.6168701172e+02 5.6168902588e+02 5.6167602539e+02 5.6175201416e+02 5.6193798828e+02 5.6216198730e+02 5.6243597412e+02 5.6269598389e+02 5.6287298584e+02 5.6302301025e+02 5.6310400391e+02 5.6311602783e+02 5.6317199707e+02 5.6309399414e+02 5.6296002197e+02 5.6290600586e+02 5.6281701660e+02
5.5970397949e+02 5.5978802490e+02 5.5985498047e+02 5.5991400146e+02 5.5996197510e+02 5.5999401855e+02 5.6002099609e+02 5.6003997803e+02 5.6011700439e+02 5.6018103027e+02 5.6010797119e+02 5.5994799805e+02 5.5939300537e+02 5.5879901123e+02 5.5857800293e+02 5.5846899414e+02 5.5850701904e+02 5.5871398926e+02 5.5901300049e+02 5.5942498779e+02 5.6019598389e+02 5.6094000244e+02 5.6141497803e+02 5.6180603027e+02 5.6210699463e+02 5.6211499023e+02 5.6202600098e+02 5.6186199951e+02 5.6155499268e+02 5.6134802246e+02 5.6137701416e+02 5.6143798828e+02 5.6154101563e+02 5.6166699219e+02 5.6189801025e+02 5.6215997314e+02 5.6236602783e+02 5.6255902100e+02 5.6268298340e+02 5.6274401855e+02 5.6278002930e+02 5.6284100342e+02 5.6277197266e+02 5.6266601563e+02 5.6261102295e+02 5.6251501465e+02
5.5963800049e+02 5.5971600342e+02 5.5978100586e+02 5.5983898926e+02 5.5988000488e+02 5.5989801025e+02 5.5991601563e+02 5.5992602539e+02 5.5997998047e+02 5.6001898193e+02 5.5993798828e+02 5.5977301025e+02 5.5928497314e+02 5.5870898438e+02 5.5841601563e+02 5.5821502686e+02 5.5805499268e+02 5.5806402588e+02 5.5830902100e+02 5.5872198486e+02 5.5950402832e+02 5.6043298340e+02 5.6113897705e+02 5.6175402832e+02 5.6219097900e+02 5.6211199951e+02 5.6196899414e+02 5.6180102539e+02 5.6153997803e+02 5.6125201416e+02 5.6119799805e+02 5.6124499512e+02 5.6134802246e+02 5.6149902344e+02 5.6181597900e+02 5.6206896973e+02 5.6211499023e+02 5.6224700928e+02 5.6231701660e+02 5.6235998535e+02 5.6242199707e+02 5.6244897461e+02 5.6240502930e+02 5.6232299805e+02 5.6225799561e+02 5.6219201660e+02
5.5958300781e+02 5.5965399170e+02 5.5971099854e+02 5.5975897217e+02 5.5980401611e+02 5.5982000732e+02 5.5982098389e+02 5.5980902100e+02 5.5979901123e+02 5.5982299805e+02 5.5974102783e+02 5.5960699463e+02 5.5934698486e+02 5.5886499023e+02 5.5859100342e+02 5.5835900879e+02 5.5829901123e+02 5.5791400146e+02 5.5802801514e+02 5.5829101563e+02 5.5856097412e+02 5.5942901611e+02 5.6035498047e+02 5.6134301758e+02 5.6222698975e+02 5.6197198486e+02 5.6182299805e+02 5.6179901123e+02 5.6187500000e+02 5.6145397949e+02 5.6119396973e+02 5.6109002686e+02 5.6111901855e+02 5.6127899170e+02 5.6159698486e+02 5.6181701660e+02 5.6178100586e+02 5.6183697510e+02 5.6189599609e+02 5.6195202637e+02 5.6205102539e+02 5.6211102295e+02 5.6216900635e+02 5.6213000488e+02 5.6198602295e+02 5.6187799072e+02
5.5952697754e+02 5.5959698486e+02 5.5964697266e+02 5.5968902588e+02 5.5973101807e+02 5.5974700928e+02 5.5973699951e+02 5.5970800781e+02 5.5968298340e+02 5.5963897705e+02 5.5955499268e+02 5.5944500732e+02 5.5923101807e+02 5.5895098877e+02 5.5875799561e+02 5.5858099365e+02 5.5830200195e+02 5.5812097168e+02 5.5814697266e+02 5.5825799561e+02 5.5827197266e+02 5.5859899902e+02 5.5936401367e+02 5.6032598877e+02 5.6167401123e+02 5.6209497070e+02 5.6187097168e+02 5.6178002930e+02 5.6174700928e+02 5.6142999268e+02 5.6119598389e+02 5.6108599854e+02 5.6108001709e+02 5.6104302979e+02 5.6115301514e+02 5.6131500244e+02 5.6139202881e+02 5.6147601318e+02 5.6148199463e+02 5.6148699951e+02 5.6159399414e+02 5.6168798828e+02 5.6185400391e+02 5.6193798828e+02 5.6183001709e+02 5.6169396973e+02
5.5946398926e+02 5.5952801514e+02 5.5957897949e+02 5.5962097168e+02 5.5965698242e+02 5.5966198730e+02 5.5964697266e+02 5.5961499023e+02 5.5957202148e+02 5.5950701904e+02 5.5941497803e+02 5.5929797363e+02 5.5911297607e+02 5.5889202881e+02 5.5872100830e+02 5.5856500244e+02 5.5831298828e+02 5.5812402344e+02 5.5812402344e+02 5.5819396973e+02 5.5808898926e+02 5.5813299561e+02 5.5865301514e+02 5.5936499023e+02 5.6059802246e+02 5.6144500732e+02 5.6141400146e+02 5.6137597656e+02 5.6133001709e+02 5.6117199707e+02 5.6104602051e+02 5.6098400879e+02 5.6102502441e+02 5.6095501709e+02 5.6092199707e+02 5.6099700928e+02 5.6111102295e+02 5.6118701172e+02 5.6117797852e+02 5.6119097900e+02 5.6129199219e+02 5.6138598633e+02 5.6157098389e+02 5.6171899414e+02 5.6173602295e+02 5.6166101074e+02
5.5939398193e+02 5.5945300293e+02 5.5950500488e+02 5.5954797363e+02 5.5957897949e+02 5.5957800293e+02 5.5955902100e+02 5.5952197266e+02 5.5946600342e+02 5.5938299561e+02 5.5928399658e+02 5.5916101074e+02 5.5899902344e+02 5.5882598877e+02 5.5867797852e+02 5.5854101563e+02 5.5833001709e+02 5.5815997314e+02 5.5814202881e+02 5.5818103027e+02 5.5803198242e+02 5.5785699463e+02 5.5809197998e+02 5.5849102783e+02 5.5905297852e+02 5.5984802246e+02 5.6021197510e+02 5.6048400879e+02 5.6068103027e+02 5.6076898193e+02 5.6078302002e+02 5.6078399658e+02 5.6084997559e+02 5.6084100342e+02 5.6078497314e+02 5.6079998779e+02 5.6085400391e+02 5.6087701416e+02 5.6091998291e+02 5.6100701904e+02 5.6112902832e+02 5.6122998047e+02 5.6138299561e+02 5.6154199219e+02 5.6165002441e+02 5.6162500000e+02
