TESTSERVER/19/18.asc
NCOLS 100
NROWS 100
XLLCORNER 8.4497500000e+03
YLLCORNER 2.8905025000e+05
CELLSIZE 5.0000000000e-01
NODATA_VALUE -9.9990000000e+03
[rows 80 to 99 of 100, columns 0 to 45 of 100]
5.5818298340e+02 5.5850097656e+02 5.5879797363e+02 5.5908300781e+02 5.5935699463e+02 5.5958801270e+02 5.5975299072e+02 5.5983300781e+02 5.5998297119e+02 5.6012902832e+02 5.6023297119e+02 5.6026202393e+02 5.6024401855e+02 5.6032897949e+02 5.5991302490e+02 5.5842102051e+02 5.5749200439e+02 5.5732397461e+02 5.5757702637e+02 5.5786499023e+02 5.5778601074e+02 5.5773999023e+02 5.5779602051e+02 5.5842498779e+02 5.5906799316e+02 5.5975799561e+02 5.6017199707e+02 5.6051702881e+02 5.6067498779e+02 5.6071502686e+02 5.6076599121e+02 5.6069299316e+02 5.6071801758e+02 5.6071002197e+02 5.6076898193e+02 5.6072698975e+02 5.6074102783e+02 5.6072698975e+02 5.6078698730e+02 5.6076501465e+02 5.6075598145e+02 5.6074597168e+02 5.6085302734e+02 5.6101898193e+02 5.6142199707e+02 5.6193298340e+02
5.5812500000e+02 5.5841998291e+02 5.5866900635e+02 5.5891699219e+02 5.5914599609e+02 5.5935797119e+02 5.5954101563e+02 5.5966699219e+02 5.5979797363e+02 5.5989300537e+02 5.5995599365e+02 5.5996197510e+02 5.5992199707e+02 5.5996600342e+02 5.5971197510e+02 5.5850701904e+02 5.5776098633e+02 5.5745300293e+02 5.5759497070e+02 5.5765301514e+02 5.5763397217e+02 5.5763598633e+02 5.5774499512e+02 5.5830297852e+02 5.5884002686e+02 5.5940002441e+02 5.5989001465e+02 5.6023699951e+02 5.6047198486e+02 5.6056597900e+02 5.6053900146e+02 5.6055102539e+02 5.6057299805e+02 5.6059301758e+02 5.6061798096e+02 5.6063000488e+02 5.6063598633e+02 5.6063800049e+02 5.6064099121e+02 5.6064300537e+02 5.6064801025e+02 5.6066802979e+02 5.6064898682e+02 5.6069396973e+02 5.6089801025e+02 5.6121197510e+02
5.5802600098e+02 5.5831097412e+02 5.5854199219e+02 5.5875701904e+02 5.5896099854e+02 5.5915802002e+02 5.5934497070e+02 5.5948797607e+02 5.5958300781e+02 5.5962097168e+02 5.5965899658e+02 5.5966497803e+02 5.5960198975e+02 5.5960302734e+02 5.5949102783e+02 5.5852600098e+02 5.5788397217e+02 5.5762701416e+02 5.5767102051e+02 5.5761700439e+02 5.5760900879e+02 5.5764398193e+02 5.5778100586e+02 5.5822802734e+02 5.5867602539e+02 5.5915197754e+02 5.5964099121e+02 5.6000799561e+02 5.6021502686e+02 5.6030297852e+02 5.6030499268e+02 5.6035101318e+02 5.6038702393e+02 5.6041699219e+02 5.6044702148e+02 5.6046697998e+02 5.6048101807e+02 5.6049102783e+02 5.6049102783e+02 5.6049700928e+02 5.6051800537e+02 5.6055297852e+02 5.6053100586e+02 5.6050097656e+02 5.6060797119e+02 5.6079498291e+02
5.5790002441e+02 5.5817797852e+02 5.5840002441e+02 5.5859600830e+02 5.5878601074e+02 5.5897601318e+02 5.5917102051e+02 5.5931896973e+02 5.5937097168e+02 5.5933898926e+02 5.5934002686e+02 5.5935601807e+02 5.5928601074e+02 5.5927801514e+02 5.5928399658e+02 5.5852301025e+02 5.5800402832e+02 5.5780102539e+02 5.5778198242e+02 5.5766601563e+02 5.5766998291e+02 5.5773400879e+02 5.5788000488e+02 5.5821301270e+02 5.5857501221e+02 5.5896997070e+02 5.5942901611e+02 5.5978497314e+02 5.5996301270e+02 5.6004602051e+02 5.6006799316e+02 5.6013500977e+02 5.6018499756e+02 5.6022601318e+02 5.6026098633e+02 5.6028601074e+02 5.6031097412e+02 5.6033099365e+02 5.6033599854e+02 5.6035302734e+02 5.6038800049e+02 5.6043701172e+02 5.6046197510e+02 5.6044396973e+02 5.6048999023e+02 5.6058300781e+02
5.5771899414e+02 5.5799700928e+02 5.5822900391e+02 5.5842498779e+02 5.5861499023e+02 5.5880102539e+02 5.5900097656e+02 5.5915399170e+02 5.5916497803e+02 5.5907098389e+02 5.5898297119e+02 5.5900897217e+02 5.5896502686e+02 5.5895697021e+02 5.5882800293e+02 5.5851702881e+02 5.5821801758e+02 5.5804400635e+02 5.5797497559e+02 5.5785601807e+02 5.5786199951e+02 5.5792102051e+02 5.5809600830e+02 5.5828802490e+02 5.5853802490e+02 5.5881201172e+02 5.5914599609e+02 5.5950598145e+02 5.5965997314e+02 5.5977197266e+02 5.5984197998e+02 5.5990002441e+02 5.5996600342e+02 5.6002398682e+02 5.6004998779e+02 5.6008599854e+02 5.6012799072e+02 5.6016400146e+02 5.6018402100e+02 5.6020599365e+02 5.6025097656e+02 5.6030700684e+02 5.6037701416e+02 5.6045397949e+02 5.6050701904e+02 5.6056799316e+02
5.5745697021e+02 5.5774200439e+02 5.5798498535e+02 5.5821197510e+02 5.5841998291e+02 5.5860900879e+02 5.5879199219e+02 5.5892700195e+02 5.5891601563e+02 5.5881402588e+02 5.5872100830e+02 5.5871801758e+02 5.5866601563e+02 5.5862799072e+02 5.5858197021e+02 5.5843701172e+02 5.5829602051e+02 5.5815802002e+02 5.5801800537e+02 5.5798797607e+02 5.5799597168e+02 5.5803302002e+02 5.5814801025e+02 5.5836297607e+02 5.5855200195e+02 5.5875701904e+02 5.5901898193e+02 5.5922900391e+02 5.5937799072e+02 5.5951300049e+02 5.5961499023e+02 5.5968103027e+02 5.5975598145e+02 5.5982299805e+02 5.5986602783e+02 5.5990399170e+02 5.5995300293e+02 5.5999700928e+02 5.6002301025e+02 5.6005401611e+02 5.6010400391e+02 5.6016198730e+02 5.6023699951e+02 5.6032897949e+02 5.6041497803e+02 5.6050201416e+02
5.5718499756e+02 5.5747302246e+02 5.5772100830e+02 5.5796801758e+02 5.5819201660e+02 5.5838800049e+02 5.5855999756e+02 5.5868200684e+02 5.5866699219e+02 5.5856701660e+02 5.5848498535e+02 5.5844000244e+02 5.5834698486e+02 5.5829400635e+02 5.5830499268e+02 5.5826098633e+02 5.5818298340e+02 5.5810400391e+02 5.5801202393e+02 5.5798797607e+02 5.5800402832e+02 5.5804998779e+02 5.5815997314e+02 5.5834197998e+02 5.5850701904e+02 5.5868798828e+02 5.5887902832e+02 5.5903002930e+02 5.5916900635e+02 5.5929498291e+02 5.5940197754e+02 5.5948400879e+02 5.5956298828e+02 5.5963299561e+02 5.5968798828e+02 5.5973602295e+02 5.5978698730e+02 5.5983099365e+02 5.5986297607e+02 5.5990197754e+02 5.5995800781e+02 5.6002197266e+02 5.6009802246e+02 5.6019097900e+02 5.6028302002e+02 5.6037597656e+02
5.5690301514e+02 5.5719500732e+02 5.5744702148e+02 5.5771099854e+02 5.5794799805e+02 5.5815100098e+02 5.5831597900e+02 5.5844000244e+02 5.5843597412e+02 5.5834399414e+02 5.5826202393e+02 5.5815399170e+02 5.5801599121e+02 5.5796197510e+02 5.5802301025e+02 5.5804199219e+02 5.5802301025e+02 5.5800201416e+02 5.5796502686e+02 5.5795202637e+02 5.5797698975e+02 5.5803002930e+02 5.5813397217e+02 5.5828002930e+02 5.5842199707e+02 5.5858001709e+02 5.5872698975e+02 5.5884698486e+02 5.5897601318e+02 5.5909399414e+02 5.5920202637e+02 5.5929699707e+02 5.5938000488e+02 5.5945501709e+02 5.5951702881e+02 5.5957098389e+02 5.5962298584e+02 5.5966900635e+02 5.5970397949e+02 5.5975097656e+02 5.5981201172e+02 5.5988201904e+02 5.5996197510e+02 5.6005902100e+02 5.6015698242e+02 5.6025598145e+02
5.5660699463e+02 5.5690698242e+02 5.5717102051e+02 5.5743701172e+02 5.5768200684e+02 5.5789599609e+02 5.5807702637e+02 5.5822998047e+02 5.5825097656e+02 5.5815997314e+02 5.5801599121e+02 5.5782501221e+02 5.5766101074e+02 5.5762902832e+02 5.5770397949e+02 5.5778601074e+02 5.5783197021e+02 5.5787500000e+02 5.5789398193e+02 5.5788201904e+02 5.5791198730e+02 5.5796301270e+02 5.5802398682e+02 5.5816101074e+02 5.5827301025e+02 5.5839801025e+02 5.5852099609e+02 5.5867901611e+02 5.5880102539e+02 5.5891900635e+02 5.5904498291e+02 5.5912402344e+02 5.5920800781e+02 5.5928399658e+02 5.5934997559e+02 5.5940600586e+02 5.5945501709e+02 5.5949902344e+02 5.5952301025e+02 5.5958801270e+02 5.5965502930e+02 5.5973101807e+02 5.5981097412e+02 5.5992999268e+02 5.6003601074e+02 5.6014099121e+02
5.5635101318e+02 5.5665301514e+02 5.5692700195e+02 5.5718701172e+02 5.5743798828e+02 5.5766497803e+02 5.5787097168e+02 5.5805902100e+02 5.5810900879e+02 5.5802398682e+02 5.5788702393e+02 5.5767401123e+02 5.5749499512e+02 5.5747100830e+02 5.5759899902e+02 5.5767498779e+02 5.5772100830e+02 5.5776397705e+02 5.5778601074e+02 5.5778601074e+02 5.5781597900e+02 5.5785797119e+02 5.5792498779e+02 5.5802398682e+02 5.5812402344e+02 5.5823400879e+02 5.5837701416e+02 5.5851800537e+02 5.5863702393e+02 5.5875897217e+02 5.5888201904e+02 5.5897497559e+02 5.5905999756e+02 5.5913702393e+02 5.5919897461e+02 5.5924700928e+02 5.5929699707e+02 5.5934399414e+02 5.5937902832e+02 5.5943499756e+02 5.5951000977e+02 5.5959301758e+02 5.5969702148e+02 5.5981597900e+02 5.5992401123e+02 5.6003002930e+02
5.5613000488e+02 5.5642401123e+02 5.5669500732e+02 5.5696197510e+02 5.5722399902e+02 5.5746099854e+02 5.5767797852e+02 5.5789801025e+02 5.5799597168e+02 5.5795300293e+02 5.5783599854e+02 5.5764801025e+02 5.5747998047e+02 5.5745202637e+02 5.5754498291e+02 5.5759497070e+02 5.5762701416e+02 5.5765600586e+02 5.5767401123e+02 5.5768200684e+02 5.5771301270e+02 5.5775598145e+02 5.5781597900e+02 5.5790399170e+02 5.5799902344e+02 5.5810400391e+02 5.5823101807e+02 5.5835601807e+02 5.5847100830e+02 5.5858898926e+02 5.5871502686e+02 5.5881799316e+02 5.5890802002e+02 5.5898901367e+02 5.5904901123e+02 5.5909698486e+02 5.5915399170e+02 5.5920697021e+02 5.5924700928e+02 5.5930902100e+02 5.5939202881e+02 5.5948297119e+02 5.5959399414e+02 5.5971502686e+02 5.5982397461e+02 5.5993103027e+02
5.5592102051e+02 5.5621002197e+02 5.5647497559e+02 5.5674499512e+02 5.5701599121e+02 5.5726599121e+02 5.5749401855e+02 5.5773297119e+02 5.5788201904e+02 5.5790002441e+02 5.5781799316e+02 5.5765197754e+02 5.5750500488e+02 5.5747698975e+02 5.5751000977e+02 5.5751300049e+02 5.5753002930e+02 5.5754498291e+02 5.5755401611e+02 5.5756701660e+02 5.5759802246e+02 5.5764099121e+02 5.5769799805e+02 5.5777801514e+02 5.5786798096e+02 5.5796899414e+02 5.5808197021e+02 5.5819299316e+02 5.5830401611e+02 5.5841802979e+02 5.5854302979e+02 5.5865399170e+02 5.5874902344e+02 5.5883502197e+02 5.5889898682e+02 5.5895397949e+02 5.5901898193e+02 5.5907897949e+02 5.5912799072e+02 5.5920098877e+02 5.5929101563e+02 5.5939001465e+02 5.5950598145e+02 5.5962500000e+02 5.5973400879e+02 5.5984301758e+02
5.5572601318e+02 5.5600799561e+02 5.5629498291e+02 5.5654901123e+02 5.5681201172e+02 5.5706402588e+02 5.5730297852e+02 5.5754602051e+02 5.5774200439e+02 5.5782501221e+02 5.5779302979e+02 5.5763897705e+02 5.5751702881e+02 5.5748797607e+02 5.5753997803e+02 5.5747698975e+02 5.5745599365e+02 5.5743701172e+02 5.5742199707e+02 5.5744396973e+02 5.5747399902e+02 5.5751501465e+02 5.5758001709e+02 5.5765399170e+02 5.5773602295e+02 5.5782702637e+02 5.5792297363e+02 5.5802899170e+02 5.5813598633e+02 5.5824700928e+02 5.5836798096e+02 5.5847399902e+02 5.5857501221e+02 5.5867700195e+02 5.5876800537e+02 5.5881799316e+02 5.5889300537e+02 5.5896600342e+02 5.5903997803e+02 5.5911901855e+02 5.5921502686e+02 5.5931402588e+02 5.5942602539e+02 5.5955102539e+02 5.5965600586e+02 5.5975701904e+02
5.5556402588e+02 5.5583697510e+02 5.5609399414e+02 5.5632397461e+02 5.5654400635e+02 5.5677600098e+02 5.5704498291e+02 5.5733099365e+02 5.5758697510e+02 5.5774298096e+02 5.5775097656e+02 5.5762799072e+02 5.5752899170e+02 5.5749798584e+02 5.5745397949e+02 5.5737597656e+02 5.5734100342e+02 5.5730902100e+02 5.5728302002e+02 5.5730297852e+02 5.5733197021e+02 5.5737200928e+02 5.5742999268e+02 5.5750799561e+02 5.5758502197e+02 5.5766699219e+02 5.5775799561e+02 5.5785601807e+02 5.5795599365e+02 5.5806097412e+02 5.5817199707e+02 5.5827502441e+02 5.5838598633e+02 5.5850598145e+02 5.5861499023e+02 5.5869702148e+02 5.5879302979e+02 5.5888702393e+02 5.5897399902e+02 5.5907202148e+02 5.5917297363e+02 5.5926898193e+02 5.5937902832e+02 5.5949798584e+02 5.5959301758e+02 5.5968200684e+02
5.5535400391e+02 5.5561102295e+02 5.5583599854e+02 5.5603601074e+02 5.5623498535e+02 5.5646398926e+02 5.5673297119e+02 5.5708001709e+02 5.5738201904e+02 5.5755902100e+02 5.5759698486e+02 5.5750201416e+02 5.5741900635e+02 5.5739001465e+02 5.5730200195e+02 5.5719799805e+02 5.5717401123e+02 5.5715197754e+02 5.5713098145e+02 5.5714599609e+02 5.5717498779e+02 5.5721600342e+02 5.5727197266e+02 5.5734600830e+02 5.5742102051e+02 5.5750201416e+02 5.5758697510e+02 5.5767401123e+02 5.5776599121e+02 5.5786297607e+02 5.5796697998e+02 5.5807897949e+02 5.5820001221e+02 5.5833001709e+02 5.5846099854e+02 5.5857501221e+02 5.5869201660e+02 5.5880603027e+02 5.5891302490e+02 5.5902001953e+02 5.5912799072e+02 5.5923101807e+02 5.5933801270e+02 5.5944299316e+02 5.5953399658e+02 5.5961901855e+02
5.5511901855e+02 5.5534497070e+02 5.5553698730e+02 5.5572601318e+02 5.5592102051e+02 5.5615600586e+02 5.5643103027e+02 5.5683898926e+02 5.5715997314e+02 5.5730102539e+02 5.5733001709e+02 5.5724200439e+02 5.5716302490e+02 5.5713598633e+02 5.5707397461e+02 5.5699798584e+02 5.5698602295e+02 5.5697601318e+02 5.5696398926e+02 5.5697698975e+02 5.5700799561e+02 5.5704998779e+02 5.5710699463e+02 5.5717797852e+02 5.5725201416e+02 5.5733099365e+02 5.5740997314e+02 5.5748498535e+02 5.5756799316e+02 5.5765698242e+02 5.5775598145e+02 5.5787902832e+02 5.5801000977e+02 5.5815002441e+02 5.5830499268e+02 5.5845397949e+02 5.5859197998e+02 5.5872698975e+02 5.5885498047e+02 5.5897302246e+02 5.5908898926e+02 5.5919799805e+02 5.5929998779e+02 5.5939202881e+02 5.5947802734e+02 5.5955798340e+02
5.5487298584e+02 5.5506097412e+02 5.5522998047e+02 5.5544396973e+02 5.5565997314e+02 5.5590802002e+02 5.5617999268e+02 5.5659399414e+02 5.5689398193e+02 5.5700402832e+02 5.5701202393e+02 5.5692602539e+02 5.5684399414e+02 5.5680401611e+02 5.5676300049e+02 5.5676702881e+02 5.5676898193e+02 5.5677398682e+02 5.5676202393e+02 5.5679101563e+02 5.5682800293e+02 5.5687097168e+02 5.5692199707e+02 5.5700000000e+02 5.5706701660e+02 5.5713299561e+02 5.5716998291e+02 5.5726599121e+02 5.5733697510e+02 5.5741497803e+02 5.5746697998e+02 5.5763598633e+02 5.5778601074e+02 5.5795300293e+02 5.5813897705e+02 5.5832800293e+02 5.5850097656e+02 5.5866900635e+02 5.5885400391e+02 5.5895501709e+02 5.5907702637e+02 5.5918499756e+02 5.5928198242e+02 5.5935198975e+02 5.5942901611e+02 5.5950000000e+02
5.5454699707e+02 5.5477197266e+02 5.5496997070e+02 5.5520898438e+02 5.5546398926e+02 5.5575000000e+02 5.5604699707e+02 5.5638500977e+02 5.5658197021e+02 5.5662597656e+02 5.5663800049e+02 5.5658502197e+02 5.5652801514e+02 5.5649200439e+02 5.5647900391e+02 5.5649102783e+02 5.5651098633e+02 5.5653100586e+02 5.5654400635e+02 5.5658099365e+02 5.5663098145e+02 5.5668298340e+02 5.5674298096e+02 5.5681500244e+02 5.5687701416e+02 5.5693298340e+02 5.5697802734e+02 5.5703399658e+02 5.5709997559e+02 5.5717401123e+02 5.5725701904e+02 5.5739300537e+02 5.5755798340e+02 5.5775000000e+02 5.5797998047e+02 5.5819897461e+02 5.5839697266e+02 5.5859100342e+02 5.5878399658e+02 5.5893701172e+02 5.5906402588e+02 5.5916802979e+02 5.5924700928e+02 5.5932000732e+02 5.5939099121e+02 5.5945501709e+02
5.5422698975e+02 5.5452502441e+02 5.5477197266e+02 5.5500701904e+02 5.5528802490e+02 5.5560900879e+02 5.5595300293e+02 5.5622802734e+02 5.5629901123e+02 5.5625598145e+02 5.5626898193e+02 5.5624298096e+02 5.5620001221e+02 5.5617797852e+02 5.5619000244e+02 5.5622601318e+02 5.5626202393e+02 5.5629998779e+02 5.5633197021e+02 5.5638397217e+02 5.5644396973e+02 5.5650598145e+02 5.5657397461e+02 5.5664599609e+02 5.5670898438e+02 5.5676599121e+02 5.5680102539e+02 5.5684600830e+02 5.5691101074e+02 5.5698498535e+02 5.5706896973e+02 5.5721099854e+02 5.5738299561e+02 5.5758300781e+02 5.5783599854e+02 5.5808099365e+02 5.5829199219e+02 5.5849798584e+02 5.5871197510e+02 5.5888201904e+02 5.5901501465e+02 5.5912402344e+02 5.5920202637e+02 5.5927001953e+02 5.5933898926e+02 5.5940100098e+02
5.5398602295e+02 5.5429901123e+02 5.5459997559e+02 5.5483599854e+02 5.5512799072e+02 5.5546600342e+02 5.5584802246e+02 5.5607800293e+02 5.5603698730e+02 5.5591198730e+02 5.5591900635e+02 5.5591198730e+02 5.5587701416e+02 5.5586297607e+02 5.5589898682e+02 5.5596502686e+02 5.5601898193e+02 5.5607299805e+02 5.5612701416e+02 5.5619598389e+02 5.5626599121e+02 5.5633801270e+02 5.5641400146e+02 5.5648797607e+02 5.5655297852e+02 5.5661199951e+02 5.5664398193e+02 5.5668298340e+02 5.5674798584e+02 5.5682098389e+02 5.5690698242e+02 5.5705798340e+02 5.5723699951e+02 5.5744299316e+02 5.5770898438e+02 5.5797198486e+02 5.5819500732e+02 5.5841198730e+02 5.5863800049e+02 5.5881500244e+02 5.5895397949e+02 5.5906896973e+02 5.5914697266e+02 5.5920800781e+02 5.5927600098e+02 5.5933697510e+02
