TESTSERVER/19/19.asc
NCOLS 100
NROWS 100
XLLCORNER 8.4497500000e+03
YLLCORNER 2.8900025000e+05
CELLSIZE 5.0000000000e-01
NODATA_VALUE -9.9990000000e+03
[rows 40 to 59 of 100, columns 0 to 45 of 100]
5.4705297852e+02 5.4722497559e+02 5.4737799072e+02 5.4751501465e+02 5.4765100098e+02 5.4778002930e+02 5.4789898682e+02 5.4801098633e+02 5.4811401367e+02 5.4820697021e+02 5.4828698730e+02 5.4831701660e+02 5.4832501221e+02 5.4830902100e+02 5.4824597168e+02 5.4816400146e+02 5.4809100342e+02 5.4800897217e+02 5.4789697266e+02 5.4788098145e+02 5.4791302490e+02 5.4798101807e+02 5.4810699463e+02 5.4838500977e+02 5.4859100342e+02 5.4880700684e+02 5.4905401611e+02 5.4927301025e+02 5.4943200684e+02 5.4956896973e+02 5.4966998291e+02 5.4969097900e+02 5.4970001221e+02 5.4968103027e+02 5.4960900879e+02 5.4951599121e+02 5.4941198730e+02 5.4929302979e+02 5.4912799072e+02 5.4905603027e+02 5.4897497559e+02 5.4889898682e+02 5.4883502197e+02 5.4888397217e+02 5.4875701904e+02 5.4859197998e+02
5.4685198975e+02 5.4703002930e+02 5.4719897461e+02 5.4734399414e+02 5.4748199463e+02 5.4761102295e+02 5.4773101807e+02 5.4784197998e+02 5.4794396973e+02 5.4803497314e+02 5.4810900879e+02 5.4813397217e+02 5.4814099121e+02 5.4813000488e+02 5.4807299805e+02 5.4798699951e+02 5.4792401123e+02 5.4785601807e+02 5.4776898193e+02 5.4774902344e+02 5.4777600098e+02 5.4783398438e+02 5.4797497559e+02 5.4820800781e+02 5.4840197754e+02 5.4860302734e+02 5.4882897949e+02 5.4901599121e+02 5.4916601563e+02 5.4929797363e+02 5.4939398193e+02 5.4940698242e+02 5.4940997314e+02 5.4938598633e+02 5.4932000732e+02 5.4920697021e+02 5.4910198975e+02 5.4898400879e+02 5.4884802246e+02 5.4874102783e+02 5.4864801025e+02 5.4855798340e+02 5.4851000977e+02 5.4844000244e+02 5.4830999756e+02 5.4816302490e+02
5.4667999268e+02 5.4685302734e+02 5.4702398682e+02 5.4717401123e+02 5.4731201172e+02 5.4744097900e+02 5.4756298828e+02 5.4767602539e+02 5.4777801514e+02 5.4786798096e+02 5.4793701172e+02 5.4796002197e+02 5.4797100830e+02 5.4796197510e+02 5.4791302490e+02 5.4784301758e+02 5.4779199219e+02 5.4773699951e+02 5.4766198730e+02 5.4764398193e+02 5.4767401123e+02 5.4773602295e+02 5.4786499023e+02 5.4806097412e+02 5.4822998047e+02 5.4840899658e+02 5.4861499023e+02 5.4878497314e+02 5.4891802979e+02 5.4903302002e+02 5.4912200928e+02 5.4914001465e+02 5.4914099121e+02 5.4911499023e+02 5.4904101563e+02 5.4893103027e+02 5.4883502197e+02 5.4872601318e+02 5.4859497070e+02 5.4848797607e+02 5.4839697266e+02 5.4830798340e+02 5.4822900391e+02 5.4811901855e+02 5.4798602295e+02 5.4783801270e+02
5.4651599121e+02 5.4668499756e+02 5.4685400391e+02 5.4700598145e+02 5.4714398193e+02 5.4727301025e+02 5.4739801025e+02 5.4751202393e+02 5.4761199951e+02 5.4770202637e+02 5.4777001953e+02 5.4779498291e+02 5.4780902100e+02 5.4780401611e+02 5.4776501465e+02 5.4771502686e+02 5.4767700195e+02 5.4763397217e+02 5.4757397461e+02 5.4756201172e+02 5.4759600830e+02 5.4765899658e+02 5.4777600098e+02 5.4793499756e+02 5.4807897949e+02 5.4823297119e+02 5.4841400146e+02 5.4856201172e+02 5.4867602539e+02 5.4877398682e+02 5.4885498047e+02 5.4887799072e+02 5.4887597656e+02 5.4884899902e+02 5.4877398682e+02 5.4867401123e+02 5.4858599854e+02 5.4848699951e+02 5.4836798096e+02 5.4826599121e+02 5.4817797852e+02 5.4809301758e+02 5.4798999023e+02 5.4785101318e+02 5.4771502686e+02 5.4756500244e+02
5.4635998535e+02 5.4652398682e+02 5.4668701172e+02 5.4683599854e+02 5.4697497559e+02 5.4710601807e+02 5.4722998047e+02 5.4734399414e+02 5.4744598389e+02 5.4753698730e+02 5.4760699463e+02 5.4763897705e+02 5.4766302490e+02 5.4767102051e+02 5.4766302490e+02 5.4761401367e+02 5.4759802246e+02 5.4758197021e+02 5.4758099365e+02 5.4753900146e+02 5.4757501221e+02 5.4763201904e+02 5.4775897217e+02 5.4785797119e+02 5.4796301270e+02 5.4807000732e+02 5.4819000244e+02 5.4833502197e+02 5.4842602539e+02 5.4850799561e+02 5.4856896973e+02 5.4860699463e+02 5.4860998535e+02 5.4859399414e+02 5.4854101563e+02 5.4843701172e+02 5.4836602783e+02 5.4828601074e+02 5.4822399902e+02 5.4810900879e+02 5.4802301025e+02 5.4792797852e+02 5.4782598877e+02 5.4766101074e+02 5.4752197266e+02 5.4737799072e+02
5.4621099854e+02 5.4636798096e+02 5.4652398682e+02 5.4666699219e+02 5.4680499268e+02 5.4693701172e+02 5.4706402588e+02 5.4717797852e+02 5.4728302002e+02 5.4737701416e+02 5.4745098877e+02 5.4748999023e+02 5.4752398682e+02 5.4754699707e+02 5.4754101563e+02 5.4752502441e+02 5.4752899170e+02 5.4753302002e+02 5.4752301025e+02 5.4753997803e+02 5.4757897949e+02 5.4762799072e+02 5.4770098877e+02 5.4779302979e+02 5.4786700439e+02 5.4793597412e+02 5.4802001953e+02 5.4811102295e+02 5.4818200684e+02 5.4825097656e+02 5.4830902100e+02 5.4832501221e+02 5.4833300781e+02 5.4832598877e+02 5.4828198242e+02 5.4820800781e+02 5.4815399170e+02 5.4809600830e+02 5.4803601074e+02 5.4797497559e+02 5.4789099121e+02 5.4778698730e+02 5.4764898682e+02 5.4750097656e+02 5.4736602783e+02 5.4723297119e+02
5.4606402588e+02 5.4621502686e+02 5.4636499023e+02 5.4650598145e+02 5.4664300537e+02 5.4677301025e+02 5.4690100098e+02 5.4702001953e+02 5.4712701416e+02 5.4722399902e+02 5.4730102539e+02 5.4734698486e+02 5.4738598633e+02 5.4741302490e+02 5.4742102051e+02 5.4742401123e+02 5.4743597412e+02 5.4744702148e+02 5.4745898438e+02 5.4749102783e+02 5.4753100586e+02 5.4758001709e+02 5.4763500977e+02 5.4769396973e+02 5.4775097656e+02 5.4780401611e+02 5.4785400391e+02 5.4790899658e+02 5.4796398926e+02 5.4801702881e+02 5.4806097412e+02 5.4807397461e+02 5.4807897949e+02 5.4806896973e+02 5.4803601074e+02 5.4798602295e+02 5.4794299316e+02 5.4789398193e+02 5.4785601807e+02 5.4780999756e+02 5.4772900391e+02 5.4762701416e+02 5.4748199463e+02 5.4732800293e+02 5.4719500732e+02 5.4706500244e+02
5.4591998291e+02 5.4606500244e+02 5.4621099854e+02 5.4635101318e+02 5.4648498535e+02 5.4661499023e+02 5.4674499512e+02 5.4686901855e+02 5.4697802734e+02 5.4707702637e+02 5.4715899658e+02 5.4721099854e+02 5.4725500488e+02 5.4728497314e+02 5.4730297852e+02 5.4732000732e+02 5.4734002686e+02 5.4735998535e+02 5.4738500977e+02 5.4742700195e+02 5.4746801758e+02 5.4751702881e+02 5.4756097412e+02 5.4759197998e+02 5.4763201904e+02 5.4766900635e+02 5.4769299316e+02 5.4772100830e+02 5.4775897217e+02 5.4779797363e+02 5.4783099365e+02 5.4784197998e+02 5.4784301758e+02 5.4783099365e+02 5.4780700684e+02 5.4777801514e+02 5.4774499512e+02 5.4770697021e+02 5.4768402100e+02 5.4764697266e+02 5.4757000732e+02 5.4747100830e+02 5.4732598877e+02 5.4717102051e+02 5.4704101563e+02 5.4691302490e+02
5.4577697754e+02 5.4591400146e+02 5.4604901123e+02 5.4619396973e+02 5.4632897949e+02 5.4646099854e+02 5.4659899902e+02 5.4672601318e+02 5.4684100342e+02 5.4694702148e+02 5.4704797363e+02 5.4709100342e+02 5.4714099121e+02 5.4717901611e+02 5.4720001221e+02 5.4721197510e+02 5.4724700928e+02 5.4728198242e+02 5.4732702637e+02 5.4734802246e+02 5.4738500977e+02 5.4742401123e+02 5.4746697998e+02 5.4750201416e+02 5.4752197266e+02 5.4753698730e+02 5.4753002930e+02 5.4753698730e+02 5.4755499268e+02 5.4757397461e+02 5.4759100342e+02 5.4762402344e+02 5.4762402344e+02 5.4761602783e+02 5.4759301758e+02 5.4757897949e+02 5.4756701660e+02 5.4755102539e+02 5.4754101563e+02 5.4747998047e+02 5.4740899658e+02 5.4731896973e+02 5.4721398926e+02 5.4705102539e+02 5.4691302490e+02 5.4677301025e+02
5.4564599609e+02 5.4578002930e+02 5.4591101074e+02 5.4604302979e+02 5.4617797852e+02 5.4631402588e+02 5.4645800781e+02 5.4659197998e+02 5.4671002197e+02 5.4682000732e+02 5.4691101074e+02 5.4696801758e+02 5.4702099609e+02 5.4706402588e+02 5.4707800293e+02 5.4709698486e+02 5.4713897705e+02 5.4718298340e+02 5.4722198486e+02 5.4725201416e+02 5.4728601074e+02 5.4731500244e+02 5.4735498047e+02 5.4738897705e+02 5.4740100098e+02 5.4740698242e+02 5.4739300537e+02 5.4738702393e+02 5.4739599609e+02 5.4740600586e+02 5.4742401123e+02 5.4743701172e+02 5.4743798828e+02 5.4743701172e+02 5.4742401123e+02 5.4741497803e+02 5.4741101074e+02 5.4740502930e+02 5.4738800049e+02 5.4733197021e+02 5.4726501465e+02 5.4718200684e+02 5.4707702637e+02 5.4694097900e+02 5.4680200195e+02 5.4665502930e+02
5.4551501465e+02 5.4564801025e+02 5.4577398682e+02 5.4590100098e+02 5.4603601074e+02 5.4617199707e+02 5.4632000732e+02 5.4645501709e+02 5.4657299805e+02 5.4668200684e+02 5.4677398682e+02 5.4683300781e+02 5.4688800049e+02 5.4693200684e+02 5.4695300293e+02 5.4697900391e+02 5.4702099609e+02 5.4706597900e+02 5.4711199951e+02 5.4714898682e+02 5.4718402100e+02 5.4721398926e+02 5.4724200439e+02 5.4726000977e+02 5.4727001953e+02 5.4727398682e+02 5.4725897217e+02 5.4725097656e+02 5.4725598145e+02 5.4726202393e+02 5.4726800537e+02 5.4726898193e+02 5.4727001953e+02 5.4726898193e+02 5.4726501465e+02 5.4726202393e+02 5.4725598145e+02 5.4724798584e+02 5.4723602295e+02 5.4718902588e+02 5.4712500000e+02 5.4704302979e+02 5.4693902588e+02 5.4681201172e+02 5.4668200684e+02 5.4654302979e+02
5.4538299561e+02 5.4551501465e+02 5.4563897705e+02 5.4576501465e+02 5.4590002441e+02 5.4603601074e+02 5.4618200684e+02 5.4631597900e+02 5.4643200684e+02 5.4654101563e+02 5.4663299561e+02 5.4669598389e+02 5.4675299072e+02 5.4679901123e+02 5.4682501221e+02 5.4685699463e+02 5.4690100098e+02 5.4694702148e+02 5.4699700928e+02 5.4703900146e+02 5.4707501221e+02 5.4710601807e+02 5.4712597656e+02 5.4713397217e+02 5.4714202881e+02 5.4714300537e+02 5.4712902832e+02 5.4711999512e+02 5.4712200928e+02 5.4712402344e+02 5.4712200928e+02 5.4711700439e+02 5.4711700439e+02 5.4711602783e+02 5.4711700439e+02 5.4711499023e+02 5.4710601807e+02 5.4709399414e+02 5.4708502197e+02 5.4704302979e+02 5.4697998047e+02 5.4690100098e+02 5.4679901123e+02 5.4668200684e+02 5.4656097412e+02 5.4643200684e+02
5.4524298096e+02 5.4537298584e+02 5.4550897217e+02 5.4564398193e+02 5.4577600098e+02 5.4590502930e+02 5.4603100586e+02 5.4616802979e+02 5.4628399658e+02 5.4639202881e+02 5.4648498535e+02 5.4655499268e+02 5.4661499023e+02 5.4666601563e+02 5.4670300293e+02 5.4673400879e+02 5.4677899170e+02 5.4682397461e+02 5.4686901855e+02 5.4691998291e+02 5.4695697021e+02 5.4698901367e+02 5.4700500488e+02 5.4700897217e+02 5.4701397705e+02 5.4701397705e+02 5.4700500488e+02 5.4699700928e+02 5.4699200439e+02 5.4698797607e+02 5.4698498535e+02 5.4698797607e+02 5.4698699951e+02 5.4698297119e+02 5.4698797607e+02 5.4697900391e+02 5.4696502686e+02 5.4694702148e+02 5.4692700195e+02 5.4688897705e+02 5.4683300781e+02 5.4676800537e+02 5.4667797852e+02 5.4654498291e+02 5.4644299316e+02 5.4633898926e+02
5.4511102295e+02 5.4524401855e+02 5.4538800049e+02 5.4553002930e+02 5.4565698242e+02 5.4577899170e+02 5.4589599609e+02 5.4601702881e+02 5.4612799072e+02 5.4623297119e+02 5.4633001709e+02 5.4640100098e+02 5.4646600342e+02 5.4652398682e+02 5.4656701660e+02 5.4660601807e+02 5.4665301514e+02 5.4670001221e+02 5.4674902344e+02 5.4679400635e+02 5.4683099365e+02 5.4686102295e+02 5.4688098145e+02 5.4688397217e+02 5.4688897705e+02 5.4688897705e+02 5.4688500977e+02 5.4688000488e+02 5.4687500000e+02 5.4686700439e+02 5.4686602783e+02 5.4687402344e+02 5.4686798096e+02 5.4685900879e+02 5.4685198975e+02 5.4684399414e+02 5.4682299805e+02 5.4679602051e+02 5.4676300049e+02 5.4671600342e+02 5.4666302490e+02 5.4660601807e+02 5.4651501465e+02 5.4640197754e+02 5.4632299805e+02 5.4624798584e+02
5.4498498535e+02 5.4512200928e+02 5.4526702881e+02 5.4540600586e+02 5.4553198242e+02 5.4565197754e+02 5.4576501465e+02 5.4587701416e+02 5.4598400879e+02 5.4608502197e+02 5.4617901611e+02 5.4625402832e+02 5.4632202148e+02 5.4638397217e+02 5.4643402100e+02 5.4647900391e+02 5.4653002930e+02 5.4657897949e+02 5.4663000488e+02 5.4667401123e+02 5.4670898438e+02 5.4673901367e+02 5.4675701904e+02 5.4676300049e+02 5.4676800537e+02 5.4676800537e+02 5.4676599121e+02 5.4676397705e+02 5.4675897217e+02 5.4675201416e+02 5.4675000000e+02 5.4675097656e+02 5.4674102783e+02 5.4672698975e+02 5.4671502686e+02 5.4670001221e+02 5.4667297363e+02 5.4664099121e+02 5.4659899902e+02 5.4654498291e+02 5.4648999023e+02 5.4643103027e+02 5.4635302734e+02 5.4626702881e+02 5.4620001221e+02 5.4613702393e+02
5.4485998535e+02 5.4500097656e+02 5.4514599609e+02 5.4527899170e+02 5.4540600586e+02 5.4552600098e+02 5.4563702393e+02 5.4574200439e+02 5.4584497070e+02 5.4594201660e+02 5.4603198242e+02 5.4611102295e+02 5.4618298340e+02 5.4624798584e+02 5.4630297852e+02 5.4635400391e+02 5.4640698242e+02 5.4646002197e+02 5.4651202393e+02 5.4655401611e+02 5.4658898926e+02 5.4661798096e+02 5.4663598633e+02 5.4664300537e+02 5.4665002441e+02 5.4665100098e+02 5.4664898682e+02 5.4664898682e+02 5.4664599609e+02 5.4664001465e+02 5.4663500977e+02 5.4662799072e+02 5.4661401367e+02 5.4659497070e+02 5.4657702637e+02 5.4655401611e+02 5.4652099609e+02 5.4648297119e+02 5.4643402100e+02 5.4637597656e+02 5.4631799316e+02 5.4625598145e+02 5.4619097900e+02 5.4613201904e+02 5.4607800293e+02 5.4602801514e+02
5.4473699951e+02 5.4487799072e+02 5.4501000977e+02 5.4514300537e+02 5.4526501465e+02 5.4538098145e+02 5.4549298096e+02 5.4561798096e+02 5.4571600342e+02 5.4580499268e+02 5.4587597656e+02 5.4595599365e+02 5.4602697754e+02 5.4609399414e+02 5.4615502930e+02 5.4623297119e+02 5.4629101563e+02 5.4634497070e+02 5.4639599609e+02 5.4643499756e+02 5.4646801758e+02 5.4649499512e+02 5.4650897217e+02 5.4652398682e+02 5.4653302002e+02 5.4653802490e+02 5.4653900146e+02 5.4653497314e+02 5.4653198242e+02 5.4652398682e+02 5.4651501465e+02 5.4650500488e+02 5.4648101807e+02 5.4645098877e+02 5.4641302490e+02 5.4639801025e+02 5.4635498047e+02 5.4630499268e+02 5.4622399902e+02 5.4618701172e+02 5.4613000488e+02 5.4607501221e+02 5.4601300049e+02 5.4598498535e+02 5.4595300293e+02 5.4592602539e+02
5.4460601807e+02 5.4474401855e+02 5.4488000488e+02 5.4501202393e+02 5.4513800049e+02 5.4525897217e+02 5.4538897705e+02 5.4550897217e+02 5.4560400391e+02 5.4568701172e+02 5.4574298096e+02 5.4579602051e+02 5.4586700439e+02 5.4593597412e+02 5.4603100586e+02 5.4612298584e+02 5.4618200684e+02 5.4623498535e+02 5.4628100586e+02 5.4631896973e+02 5.4635198975e+02 5.4637902832e+02 5.4639599609e+02 5.4640600586e+02 5.4641699219e+02 5.4642297363e+02 5.4642700195e+02 5.4642602539e+02 5.4642102051e+02 5.4641101074e+02 5.4640301514e+02 5.4638598633e+02 5.4635498047e+02 5.4631701660e+02 5.4628002930e+02 5.4624200439e+02 5.4619201660e+02 5.4613702393e+02 5.4606701660e+02 5.4600402832e+02 5.4595397949e+02 5.4591198730e+02 5.4586999512e+02 5.4584197998e+02 5.4582702637e+02 5.4581500244e+02
5.4447302246e+02 5.4461199951e+02 5.4475097656e+02 5.4489398193e+02 5.4502899170e+02 5.4515997314e+02 5.4529101563e+02 5.4540100098e+02 5.4549298096e+02 5.4557299805e+02 5.4561901855e+02 5.4566802979e+02 5.4574200439e+02 5.4581500244e+02 5.4591601563e+02 5.4601000977e+02 5.4607000732e+02 5.4612402344e+02 5.4616900635e+02 5.4620800781e+02 5.4624200439e+02 5.4627001953e+02 5.4628802490e+02 5.4629602051e+02 5.4630603027e+02 5.4631298828e+02 5.4631896973e+02 5.4632000732e+02 5.4631597900e+02 5.4630700684e+02 5.4629498291e+02 5.4627301025e+02 5.4623999023e+02 5.4620001221e+02 5.4615399170e+02 5.4610900879e+02 5.4605700684e+02 5.4600000000e+02 5.4592602539e+02 5.4586199951e+02 5.4581500244e+02 5.4577600098e+02 5.4574597168e+02 5.4573199463e+02 5.4572100830e+02 5.4571502686e+02
5.4434301758e+02 5.4448297119e+02 5.4462500000e+02 5.4478002930e+02 5.4492602539e+02 5.4506701660e+02 5.4519897461e+02 5.4529797363e+02 5.4538800049e+02 5.4546398926e+02 5.4550598145e+02 5.4555999756e+02 5.4563702393e+02 5.4571398926e+02 5.4581097412e+02 5.4590002441e+02 5.4596099854e+02 5.4601501465e+02 5.4606097412e+02 5.4610101318e+02 5.4613702393e+02 5.4616601563e+02 5.4618402100e+02 5.4619201660e+02 5.4620202637e+02 5.4620800781e+02 5.4621398926e+02 5.4621801758e+02 5.4621398926e+02 5.4620599365e+02 5.4619097900e+02 5.4616400146e+02 5.4612902832e+02 5.4608801270e+02 5.4603802490e+02 5.4598797607e+02 5.4593597412e+02 5.4587701416e+02 5.4580401611e+02 5.4574298096e+02 5.4570001221e+02 5.4566400146e+02 5.4564300537e+02 5.4564099121e+02 5.4563598633e+02 5.4563397217e+02
