TESTSERVER/19/19.asc
NCOLS 100
NROWS 100
XLLCORNER 8.4497500000e+03
YLLCORNER 2.8900025000e+05
CELLSIZE 5.0000000000e-01
NODATA_VALUE -9.9990000000e+03
[rows 20 to 39 of 100, columns 46 to 91 of 100]
5.5706298828e+02 5.5731298828e+02 5.5748400879e+02 5.5761297607e+02 5.5766497803e+02 5.5763500977e+02 5.5753399658e+02 5.5737402344e+02 5.5712500000e+02 5.5686999512e+02 5.5664801025e+02 5.5642102051e+02 5.5616101074e+02 5.5594702148e+02 5.5578900146e+02 5.5566400146e+02 5.5560101318e+02 5.5558197021e+02 5.5553497314e+02 5.5549597168e+02 5.5546099854e+02 5.5541802979e+02 5.5537597656e+02 5.5533697510e+02 5.5529901123e+02 5.5530999756e+02 5.5531402588e+02 5.5532397461e+02 5.5535601807e+02 5.5537597656e+02 5.5537799072e+02 5.5537200928e+02 5.5535198975e+02 5.5533502197e+02 5.5534497070e+02 5.5536499023e+02 5.5540600586e+02 5.5550598145e+02 5.5558300781e+02 5.5566400146e+02 5.5577001953e+02 5.5587500000e+02 5.5594702148e+02 5.5600799561e+02 5.5603900146e+02 5.5610400391e+02
5.5698199463e+02 5.5722601318e+02 5.5739398193e+02 5.5751501465e+02 5.5755798340e+02 5.5748901367e+02 5.5738201904e+02 5.5721398926e+02 5.5697900391e+02 5.5672601318e+02 5.5649102783e+02 5.5625201416e+02 5.5600201416e+02 5.5579199219e+02 5.5562500000e+02 5.5549298096e+02 5.5541998291e+02 5.5537597656e+02 5.5532299805e+02 5.5528302002e+02 5.5525000000e+02 5.5520001221e+02 5.5515802002e+02 5.5512200928e+02 5.5509802246e+02 5.5510302734e+02 5.5510797119e+02 5.5511798096e+02 5.5514001465e+02 5.5515301514e+02 5.5515502930e+02 5.5515301514e+02 5.5513500977e+02 5.5511901855e+02 5.5512597656e+02 5.5514099121e+02 5.5518902588e+02 5.5527697754e+02 5.5534002686e+02 5.5540301514e+02 5.5548699951e+02 5.5557299805e+02 5.5561798096e+02 5.5564202881e+02 5.5565197754e+02 5.5565301514e+02
5.5690899658e+02 5.5715802002e+02 5.5732702637e+02 5.5744897461e+02 5.5747601318e+02 5.5738201904e+02 5.5726501465e+02 5.5708697510e+02 5.5684399414e+02 5.5658099365e+02 5.5633398438e+02 5.5608398438e+02 5.5583001709e+02 5.5562402344e+02 5.5545300293e+02 5.5532000732e+02 5.5523101807e+02 5.5517102051e+02 5.5511700439e+02 5.5507598877e+02 5.5503997803e+02 5.5499401855e+02 5.5495800781e+02 5.5492901611e+02 5.5490698242e+02 5.5490399170e+02 5.5490600586e+02 5.5491198730e+02 5.5492999268e+02 5.5493798828e+02 5.5493798828e+02 5.5493499756e+02 5.5492102051e+02 5.5491101074e+02 5.5491998291e+02 5.5493701172e+02 5.5497802734e+02 5.5504302979e+02 5.5509197998e+02 5.5513897705e+02 5.5520397949e+02 5.5526702881e+02 5.5528900146e+02 5.5529101563e+02 5.5526800537e+02 5.5524298096e+02
5.5684301758e+02 5.5710101318e+02 5.5727398682e+02 5.5739898682e+02 5.5742199707e+02 5.5731201172e+02 5.5718402100e+02 5.5699401855e+02 5.5672198486e+02 5.5642901611e+02 5.5616802979e+02 5.5590502930e+02 5.5564300537e+02 5.5543597412e+02 5.5526300049e+02 5.5512701416e+02 5.5502899170e+02 5.5496099854e+02 5.5490698242e+02 5.5486602783e+02 5.5483197021e+02 5.5479498291e+02 5.5476501465e+02 5.5474200439e+02 5.5472302246e+02 5.5471502686e+02 5.5471197510e+02 5.5471398926e+02 5.5472302246e+02 5.5472497559e+02 5.5472399902e+02 5.5471997070e+02 5.5471002197e+02 5.5470800781e+02 5.5471801758e+02 5.5473699951e+02 5.5477197266e+02 5.5481500244e+02 5.5484698486e+02 5.5487799072e+02 5.5492498779e+02 5.5496197510e+02 5.5496099854e+02 5.5494000244e+02 5.5489501953e+02 5.5485198975e+02
5.5689398193e+02 5.5708001709e+02 5.5725000000e+02 5.5736999512e+02 5.5747900391e+02 5.5736199951e+02 5.5718597412e+02 5.5692199707e+02 5.5651702881e+02 5.5626098633e+02 5.5598199463e+02 5.5571197510e+02 5.5546002197e+02 5.5522601318e+02 5.5503997803e+02 5.5489501953e+02 5.5480700684e+02 5.5475598145e+02 5.5470397949e+02 5.5466802979e+02 5.5466198730e+02 5.5461401367e+02 5.5459100342e+02 5.5457098389e+02 5.5457897949e+02 5.5455700684e+02 5.5454101563e+02 5.5452398682e+02 5.5451000977e+02 5.5451898193e+02 5.5451800537e+02 5.5452001953e+02 5.5453900146e+02 5.5452697754e+02 5.5454199219e+02 5.5455999756e+02 5.5459899902e+02 5.5460998535e+02 5.5462597656e+02 5.5463800049e+02 5.5465802002e+02 5.5464398193e+02 5.5461102295e+02 5.5456500244e+02 5.5449499512e+02 5.5447198486e+02
5.5687298584e+02 5.5715399170e+02 5.5734899902e+02 5.5748999023e+02 5.5758898926e+02 5.5750799561e+02 5.5728198242e+02 5.5693597412e+02 5.5648101807e+02 5.5613500977e+02 5.5581701660e+02 5.5551800537e+02 5.5522998047e+02 5.5498297119e+02 5.5478601074e+02 5.5463598633e+02 5.5456201172e+02 5.5452697754e+02 5.5448400879e+02 5.5446099854e+02 5.5445697021e+02 5.5444500732e+02 5.5443298340e+02 5.5441998291e+02 5.5442199707e+02 5.5441900635e+02 5.5439099121e+02 5.5435498047e+02 5.5432299805e+02 5.5432202148e+02 5.5432000732e+02 5.5432598877e+02 5.5434100342e+02 5.5435998535e+02 5.5437597656e+02 5.5439001465e+02 5.5440802002e+02 5.5442700195e+02 5.5443103027e+02 5.5442797852e+02 5.5440698242e+02 5.5435998535e+02 5.5431799316e+02 5.5427099609e+02 5.5421398926e+02 5.5414697266e+02
5.5682000732e+02 5.5716998291e+02 5.5740502930e+02 5.5758099365e+02 5.5768298340e+02 5.5756298828e+02 5.5732098389e+02 5.5695397949e+02 5.5643402100e+02 5.5600500488e+02 5.5564599609e+02 5.5530999756e+02 5.5498400879e+02 5.5472900391e+02 5.5453100586e+02 5.5438098145e+02 5.5430499268e+02 5.5427600098e+02 5.5424200439e+02 5.5422900391e+02 5.5424401855e+02 5.5425299072e+02 5.5425201416e+02 5.5425097656e+02 5.5425701904e+02 5.5424597168e+02 5.5421502686e+02 5.5417401123e+02 5.5412902832e+02 5.5411499023e+02 5.5410900879e+02 5.5411297607e+02 5.5413397217e+02 5.5416198730e+02 5.5417700195e+02 5.5419000244e+02 5.5420300293e+02 5.5420697021e+02 5.5420001221e+02 5.5418499756e+02 5.5414599609e+02 5.5409301758e+02 5.5405297852e+02 5.5400897217e+02 5.5393902588e+02 5.5384497070e+02
5.5672100830e+02 5.5713702393e+02 5.5741497803e+02 5.5763299561e+02 5.5774700928e+02 5.5758898926e+02 5.5733001709e+02 5.5694396973e+02 5.5636602783e+02 5.5585302734e+02 5.5545202637e+02 5.5507598877e+02 5.5471899414e+02 5.5446099854e+02 5.5426000977e+02 5.5410900879e+02 5.5403198242e+02 5.5401397705e+02 5.5398999023e+02 5.5398797607e+02 5.5402099609e+02 5.5405102539e+02 5.5406201172e+02 5.5407202148e+02 5.5408001709e+02 5.5405902100e+02 5.5402502441e+02 5.5398101807e+02 5.5392401123e+02 5.5389898682e+02 5.5388897705e+02 5.5389099121e+02 5.5391601563e+02 5.5394799805e+02 5.5396301270e+02 5.5397399902e+02 5.5397998047e+02 5.5396697998e+02 5.5394799805e+02 5.5392199707e+02 5.5387298584e+02 5.5382202148e+02 5.5378497314e+02 5.5374401855e+02 5.5366497803e+02 5.5354400635e+02
5.5677301025e+02 5.5711798096e+02 5.5747998047e+02 5.5779699707e+02 5.5818902588e+02 5.5772802734e+02 5.5742797852e+02 5.5700201416e+02 5.5643597412e+02 5.5569000244e+02 5.5519097900e+02 5.5473699951e+02 5.5433599854e+02 5.5415399170e+02 5.5392797852e+02 5.5376000977e+02 5.5365899658e+02 5.5372399902e+02 5.5371997070e+02 5.5374102783e+02 5.5382501221e+02 5.5386401367e+02 5.5389801025e+02 5.5392700195e+02 5.5396997070e+02 5.5388299561e+02 5.5384698486e+02 5.5380297852e+02 5.5375598145e+02 5.5367700195e+02 5.5366400146e+02 5.5366802979e+02 5.5373101807e+02 5.5373602295e+02 5.5374200439e+02 5.5374401855e+02 5.5374798584e+02 5.5371398926e+02 5.5367999268e+02 5.5364398193e+02 5.5362402344e+02 5.5356500244e+02 5.5352600098e+02 5.5348101807e+02 5.5345697021e+02 5.5328601074e+02
5.5645501709e+02 5.5692797852e+02 5.5731402588e+02 5.5766601563e+02 5.5791101074e+02 5.5768499756e+02 5.5738000488e+02 5.5694097900e+02 5.5620697021e+02 5.5544702148e+02 5.5492602539e+02 5.5445898438e+02 5.5408001709e+02 5.5381896973e+02 5.5359197998e+02 5.5342999268e+02 5.5338098145e+02 5.5340698242e+02 5.5340997314e+02 5.5344500732e+02 5.5354998779e+02 5.5363800049e+02 5.5367700195e+02 5.5370697021e+02 5.5371197510e+02 5.5366601563e+02 5.5362799072e+02 5.5358300781e+02 5.5349700928e+02 5.5342297363e+02 5.5340802002e+02 5.5341601563e+02 5.5346197510e+02 5.5348297119e+02 5.5347900391e+02 5.5346899414e+02 5.5344702148e+02 5.5340301514e+02 5.5336297607e+02 5.5332501221e+02 5.5329699707e+02 5.5326397705e+02 5.5321697998e+02 5.5315997314e+02 5.5310797119e+02 5.5297100830e+02
5.5602899170e+02 5.5651800537e+02 5.5688598633e+02 5.5721801758e+02 5.5747100830e+02 5.5730999756e+02 5.5703002930e+02 5.5661199951e+02 5.5585998535e+02 5.5510900879e+02 5.5462701416e+02 5.5419598389e+02 5.5379498291e+02 5.5350701904e+02 5.5330401611e+02 5.5316497803e+02 5.5311199951e+02 5.5311297607e+02 5.5311499023e+02 5.5315002441e+02 5.5326300049e+02 5.5335498047e+02 5.5338800049e+02 5.5341302490e+02 5.5341802979e+02 5.5337902832e+02 5.5333801270e+02 5.5328997803e+02 5.5320001221e+02 5.5312701416e+02 5.5311199951e+02 5.5311999512e+02 5.5316101074e+02 5.5317700195e+02 5.5317297363e+02 5.5315997314e+02 5.5312298584e+02 5.5306500244e+02 5.5302197266e+02 5.5298101807e+02 5.5295098877e+02 5.5291802979e+02 5.5286901855e+02 5.5280902100e+02 5.5273999023e+02 5.5259301758e+02
5.5548901367e+02 5.5595501709e+02 5.5630401611e+02 5.5661401367e+02 5.5685998535e+02 5.5674499512e+02 5.5649700928e+02 5.5610797119e+02 5.5538897705e+02 5.5469299316e+02 5.5425701904e+02 5.5386798096e+02 5.5348101807e+02 5.5319799805e+02 5.5302197266e+02 5.5290698242e+02 5.5285400391e+02 5.5283099365e+02 5.5283197021e+02 5.5286401367e+02 5.5296502686e+02 5.5304199219e+02 5.5307000732e+02 5.5308697510e+02 5.5308599854e+02 5.5304602051e+02 5.5300402832e+02 5.5295300293e+02 5.5286499023e+02 5.5279699707e+02 5.5278302002e+02 5.5278997803e+02 5.5282598877e+02 5.5283697510e+02 5.5283197021e+02 5.5281799316e+02 5.5277398682e+02 5.5270898438e+02 5.5266400146e+02 5.5261999512e+02 5.5258502197e+02 5.5254797363e+02 5.5249700928e+02 5.5243499756e+02 5.5235498047e+02 5.5220202637e+02
5.5458001709e+02 5.5518597412e+02 5.5550500488e+02 5.5579400635e+02 5.5596697998e+02 5.5589801025e+02 5.5569897461e+02 5.5541601563e+02 5.5487902832e+02 5.5421301270e+02 5.5384197998e+02 5.5350097656e+02 5.5316497803e+02 5.5292498779e+02 5.5276599121e+02 5.5263299561e+02 5.5254101563e+02 5.5259399414e+02 5.5257800293e+02 5.5257800293e+02 5.5259497070e+02 5.5268298340e+02 5.5270202637e+02 5.5271600342e+02 5.5271398926e+02 5.5265301514e+02 5.5259899902e+02 5.5254498291e+02 5.5247198486e+02 5.5244097900e+02 5.5242199707e+02 5.5241601563e+02 5.5241198730e+02 5.5245800781e+02 5.5245800781e+02 5.5245001221e+02 5.5241900635e+02 5.5233502197e+02 5.5227697754e+02 5.5221502686e+02 5.5214099121e+02 5.5214801025e+02 5.5209301758e+02 5.5202502441e+02 5.5191497803e+02 5.5177197266e+02
5.5377697754e+02 5.5417602539e+02 5.5441497803e+02 5.5463598633e+02 5.5480999756e+02 5.5469500732e+02 5.5456896973e+02 5.5441497803e+02 5.5405700684e+02 5.5360998535e+02 5.5335302734e+02 5.5310998535e+02 5.5286602783e+02 5.5271600342e+02 5.5257702637e+02 5.5243103027e+02 5.5235699463e+02 5.5238098145e+02 5.5233001709e+02 5.5227899170e+02 5.5226800537e+02 5.5228802490e+02 5.5227502441e+02 5.5226599121e+02 5.5225402832e+02 5.5218597412e+02 5.5213201904e+02 5.5208599854e+02 5.5205200195e+02 5.5203198242e+02 5.5201300049e+02 5.5199597168e+02 5.5200299072e+02 5.5203100586e+02 5.5203399658e+02 5.5203002930e+02 5.5200000000e+02 5.5192901611e+02 5.5186602783e+02 5.5179302979e+02 5.5174298096e+02 5.5172302246e+02 5.5165899658e+02 5.5158001709e+02 5.5147497559e+02 5.5130902100e+02
5.5298101807e+02 5.5322998047e+02 5.5339202881e+02 5.5353900146e+02 5.5365301514e+02 5.5360101318e+02 5.5353601074e+02 5.5344799805e+02 5.5324902344e+02 5.5300500488e+02 5.5285797119e+02 5.5271899414e+02 5.5258697510e+02 5.5248999023e+02 5.5238702393e+02 5.5227301025e+02 5.5218701172e+02 5.5214801025e+02 5.5207202148e+02 5.5199798584e+02 5.5194201660e+02 5.5190698242e+02 5.5186199951e+02 5.5182299805e+02 5.5178698730e+02 5.5173101807e+02 5.5168701172e+02 5.5165301514e+02 5.5163098145e+02 5.5161901855e+02 5.5160400391e+02 5.5159197998e+02 5.5159600830e+02 5.5161401367e+02 5.5161297607e+02 5.5160699463e+02 5.5158197021e+02 5.5152600098e+02 5.5146997070e+02 5.5140301514e+02 5.5134997559e+02 5.5131402588e+02 5.5124298096e+02 5.5115698242e+02 5.5104101563e+02 5.5088201904e+02
5.5219000244e+02 5.5228997803e+02 5.5237200928e+02 5.5244500732e+02 5.5250201416e+02 5.5251898193e+02 5.5251800537e+02 5.5249902344e+02 5.5245001221e+02 5.5240301514e+02 5.5237200928e+02 5.5234100342e+02 5.5231799316e+02 5.5227099609e+02 5.5220599365e+02 5.5212701416e+02 5.5202697754e+02 5.5191900635e+02 5.5181896973e+02 5.5171899414e+02 5.5161499023e+02 5.5152197266e+02 5.5144299316e+02 5.5137298584e+02 5.5131298828e+02 5.5127001953e+02 5.5123699951e+02 5.5121398926e+02 5.5120800781e+02 5.5120397949e+02 5.5119500732e+02 5.5118701172e+02 5.5118798828e+02 5.5119598389e+02 5.5119201660e+02 5.5118298340e+02 5.5116400146e+02 5.5112298584e+02 5.5107501221e+02 5.5101599121e+02 5.5096197510e+02 5.5090997314e+02 5.5083300781e+02 5.5074102783e+02 5.5061700439e+02 5.5046600342e+02
5.5113702393e+02 5.5126898193e+02 5.5121600342e+02 5.5116699219e+02 5.5099298096e+02 5.5128601074e+02 5.5138098145e+02 5.5151300049e+02 5.5165600586e+02 5.5179699707e+02 5.5194500732e+02 5.5207800293e+02 5.5228997803e+02 5.5215899658e+02 5.5212902832e+02 5.5205401611e+02 5.5195098877e+02 5.5173602295e+02 5.5157098389e+02 5.5139099121e+02 5.5119897461e+02 5.5112200928e+02 5.5097698975e+02 5.5085101318e+02 5.5071899414e+02 5.5076202393e+02 5.5074401855e+02 5.5074499512e+02 5.5075097656e+02 5.5077398682e+02 5.5077197266e+02 5.5076000977e+02 5.5072802734e+02 5.5075701904e+02 5.5074597168e+02 5.5073297119e+02 5.5070697021e+02 5.5070898438e+02 5.5066900635e+02 5.5061700439e+02 5.5053802490e+02 5.5049499512e+02 5.5040802002e+02 5.5029998779e+02 5.5015100098e+02 5.5003900146e+02
5.5033398438e+02 5.5024902344e+02 5.5011901855e+02 5.5000701904e+02 5.4995898438e+02 5.5006799316e+02 5.5023101807e+02 5.5048699951e+02 5.5085998535e+02 5.5119201660e+02 5.5146002197e+02 5.5170098877e+02 5.5191900635e+02 5.5199902344e+02 5.5199401855e+02 5.5190899658e+02 5.5174401855e+02 5.5155999756e+02 5.5135101318e+02 5.5111102295e+02 5.5087500000e+02 5.5069299316e+02 5.5050897217e+02 5.5035498047e+02 5.5026098633e+02 5.5024200439e+02 5.5022900391e+02 5.5024902344e+02 5.5031201172e+02 5.5035101318e+02 5.5035302734e+02 5.5033599854e+02 5.5030700684e+02 5.5029901123e+02 5.5028802490e+02 5.5027801514e+02 5.5028802490e+02 5.5029199219e+02 5.5026000977e+02 5.5021301270e+02 5.5015698242e+02 5.5009997559e+02 5.5001000977e+02 5.4989398193e+02 5.4975000000e+02 5.4958099365e+02
5.4959002686e+02 5.4940698242e+02 5.4925500488e+02 5.4912402344e+02 5.4903100586e+02 5.4913897705e+02 5.4933599854e+02 5.4963000488e+02 5.5013702393e+02 5.5061901855e+02 5.5094097900e+02 5.5123400879e+02 5.5154101563e+02 5.5169702148e+02 5.5172198486e+02 5.5166198730e+02 5.5150299072e+02 5.5130401611e+02 5.5109197998e+02 5.5084600830e+02 5.5054199219e+02 5.5029199219e+02 5.5010198975e+02 5.4994299316e+02 5.4982897949e+02 5.4979699707e+02 5.4978698730e+02 5.4981097412e+02 5.4989697266e+02 5.4995800781e+02 5.4996197510e+02 5.4994598389e+02 5.4990802002e+02 5.4989398193e+02 5.4988500977e+02 5.4987701416e+02 5.4989599609e+02 5.4991302490e+02 5.4988800049e+02 5.4984698486e+02 5.4980200195e+02 5.4975000000e+02 5.4966101074e+02 5.4954498291e+02 5.4938397217e+02 5.4918902588e+02
5.4892102051e+02 5.4867498779e+02 5.4850299072e+02 5.4835101318e+02 5.4822998047e+02 5.4835699463e+02 5.4858599854e+02 5.4891400146e+02 5.4950000000e+02 5.5008099365e+02 5.5045397949e+02 5.5079602051e+02 5.5115698242e+02 5.5135498047e+02 5.5140997314e+02 5.5137597656e+02 5.5122399902e+02 5.5101000977e+02 5.5079602051e+02 5.5054699707e+02 5.5020300293e+02 5.4991101074e+02 5.4971600342e+02 5.4955200195e+02 5.4942797852e+02 5.4939398193e+02 5.4938702393e+02 5.4941400146e+02 5.4951501465e+02 5.4958898926e+02 5.4959399414e+02 5.4957800293e+02 5.4953900146e+02 5.4952600098e+02 5.4951898193e+02 5.4951300049e+02 5.4953601074e+02 5.4956402588e+02 5.4954498291e+02 5.4951098633e+02 5.4947698975e+02 5.4943200684e+02 5.4934301758e+02 5.4922802734e+02 5.4905902100e+02 5.4884997559e+02
