TESTSERVER/19/2.asc
NCOLS 100
NROWS 100
XLLCORNER 8.4497500000e+03
YLLCORNER 2.8985025000e+05
CELLSIZE 5.0000000000e-01
NODATA_VALUE -9.9990000000e+03
[rows 60 to 79 of 100, columns 0 to 45 of 100]
7.1768103027e+02 7.1793402100e+02 7.1824401855e+02 7.1858197021e+02 7.1890698242e+02 7.1922399902e+02 7.1952899170e+02 7.1982202148e+02 7.2010900879e+02 7.2030700684e+02 7.2042999268e+02 7.2055603027e+02 7.2069097900e+02 7.2091998291e+02 7.2115301514e+02 7.2129699707e+02 7.2147900391e+02 7.2168200684e+02 7.2188702393e+02 7.2215100098e+02 7.2243798828e+02 7.2267401123e+02 7.2295300293e+02 7.2325897217e+02 7.2355798340e+02 7.2387097168e+02 7.2414599609e+02 7.2436700439e+02 7.2451098633e+02 7.2460198975e+02 7.2481097412e+02 7.2511499023e+02 7.2542199707e+02 7.2568597412e+02 7.2595098877e+02 7.2621002197e+02 7.2646197510e+02 7.2672302246e+02 7.2700799561e+02 7.2731799316e+02 7.2764099121e+02 7.2796099854e+02 7.2823901367e+02 7.2849902344e+02 7.2878100586e+02 7.2912597656e+02
7.1750598145e+02 7.1772802734e+02 7.1802099609e+02 7.1835900879e+02 7.1868798828e+02 7.1900201416e+02 7.1929302979e+02 7.1957299805e+02 7.1988897705e+02 7.2012799072e+02 7.2026397705e+02 7.2038897705e+02 7.2052600098e+02 7.2073901367e+02 7.2097802734e+02 7.2112500000e+02 7.2129602051e+02 7.2156402588e+02 7.2183697510e+02 7.2212500000e+02 7.2237799072e+02 7.2257397461e+02 7.2281799316e+02 7.2310101318e+02 7.2340197754e+02 7.2367901611e+02 7.2392797852e+02 7.2414099121e+02 7.2431097412e+02 7.2441302490e+02 7.2459301758e+02 7.2486199951e+02 7.2516101074e+02 7.2542401123e+02 7.2569201660e+02 7.2595397949e+02 7.2620397949e+02 7.2645300293e+02 7.2673699951e+02 7.2705102539e+02 7.2738800049e+02 7.2776501465e+02 7.2808099365e+02 7.2835699463e+02 7.2861901855e+02 7.2891802979e+02
7.1734100342e+02 7.1753399658e+02 7.1780102539e+02 7.1812597656e+02 7.1844201660e+02 7.1872998047e+02 7.1901202393e+02 7.1928802490e+02 7.1960400391e+02 7.1987402344e+02 7.2002801514e+02 7.2015399170e+02 7.2028198242e+02 7.2044097900e+02 7.2068103027e+02 7.2090301514e+02 7.2113299561e+02 7.2143402100e+02 7.2173999023e+02 7.2203997803e+02 7.2228497314e+02 7.2246002197e+02 7.2267999268e+02 7.2294702148e+02 7.2324499512e+02 7.2351098633e+02 7.2374499512e+02 7.2394299316e+02 7.2411401367e+02 7.2423498535e+02 7.2439801025e+02 7.2463201904e+02 7.2490502930e+02 7.2517401123e+02 7.2544097900e+02 7.2570202637e+02 7.2595599365e+02 7.2621002197e+02 7.2648999023e+02 7.2679699707e+02 7.2712402344e+02 7.2749401855e+02 7.2783300781e+02 7.2814697266e+02 7.2842102051e+02 7.2871002197e+02
7.1718902588e+02 7.1734497070e+02 7.1756402588e+02 7.1784698486e+02 7.1815301514e+02 7.1843798828e+02 7.1871899414e+02 7.1899597168e+02 7.1928900146e+02 7.1955603027e+02 7.1973101807e+02 7.1988598633e+02 7.2006402588e+02 7.2024597168e+02 7.2050500488e+02 7.2078698730e+02 7.2103399658e+02 7.2130499268e+02 7.2159698486e+02 7.2189202881e+02 7.2214599609e+02 7.2232202148e+02 7.2252899170e+02 7.2278601074e+02 7.2308300781e+02 7.2335302734e+02 7.2358300781e+02 7.2377502441e+02 7.2393597412e+02 7.2407202148e+02 7.2423199463e+02 7.2443798828e+02 7.2467401123e+02 7.2494201660e+02 7.2520800781e+02 7.2546600342e+02 7.2572302246e+02 7.2597900391e+02 7.2624902344e+02 7.2654101563e+02 7.2685400391e+02 7.2719299316e+02 7.2752899170e+02 7.2785998535e+02 7.2816601563e+02 7.2847601318e+02
7.1704901123e+02 7.1720501709e+02 7.1739202881e+02 7.1762097168e+02 7.1789801025e+02 7.1817901611e+02 7.1846697998e+02 7.1874200439e+02 7.1900201416e+02 7.1922698975e+02 7.1942102051e+02 7.1964398193e+02 7.1994598389e+02 7.2018200684e+02 7.2046002197e+02 7.2072900391e+02 7.2092401123e+02 7.2117700195e+02 7.2143597412e+02 7.2171697998e+02 7.2198498535e+02 7.2215997314e+02 7.2235797119e+02 7.2260400391e+02 7.2290802002e+02 7.2319097900e+02 7.2343298340e+02 7.2363201904e+02 7.2378997803e+02 7.2392602539e+02 7.2408300781e+02 7.2426501465e+02 7.2450097656e+02 7.2475598145e+02 7.2501397705e+02 7.2526800537e+02 7.2553497314e+02 7.2577099609e+02 7.2602301025e+02 7.2628698730e+02 7.2658099365e+02 7.2691101074e+02 7.2721801758e+02 7.2753900146e+02 7.2782202148e+02 7.2819598389e+02
7.1694201660e+02 7.1709802246e+02 7.1725598145e+02 7.1746801758e+02 7.1773602295e+02 7.1798400879e+02 7.1823297119e+02 7.1848797607e+02 7.1875799561e+02 7.1902001953e+02 7.1924298096e+02 7.1950201416e+02 7.1983898926e+02 7.2010400391e+02 7.2034600830e+02 7.2054101563e+02 7.2071002197e+02 7.2097302246e+02 7.2125897217e+02 7.2155401611e+02 7.2179797363e+02 7.2196697998e+02 7.2214697266e+02 7.2237701416e+02 7.2268902588e+02 7.2299298096e+02 7.2325201416e+02 7.2345898438e+02 7.2361102295e+02 7.2374700928e+02 7.2390502930e+02 7.2409600830e+02 7.2434997559e+02 7.2461798096e+02 7.2486102295e+02 7.2510101318e+02 7.2534100342e+02 7.2556402588e+02 7.2578399658e+02 7.2600402832e+02 7.2624200439e+02 7.2651898193e+02 7.2683502197e+02 7.2717700195e+02 7.2750500488e+02 7.2788299561e+02
7.1684301758e+02 7.1698498535e+02 7.1712097168e+02 7.1731201172e+02 7.1755200195e+02 7.1778100586e+02 7.1800500488e+02 7.1825897217e+02 7.1855999756e+02 7.1886199951e+02 7.1910699463e+02 7.1935302734e+02 7.1965301514e+02 7.1993798828e+02 7.2016400146e+02 7.2032202148e+02 7.2048901367e+02 7.2076000977e+02 7.2106500244e+02 7.2136499023e+02 7.2158398438e+02 7.2174298096e+02 7.2192102051e+02 7.2215301514e+02 7.2246697998e+02 7.2277801514e+02 7.2303900146e+02 7.2325201416e+02 7.2342401123e+02 7.2357397461e+02 7.2374902344e+02 7.2395501709e+02 7.2421398926e+02 7.2447302246e+02 7.2470300293e+02 7.2492797852e+02 7.2515399170e+02 7.2535797119e+02 7.2554699707e+02 7.2573400879e+02 7.2590997314e+02 7.2615802002e+02 7.2652600098e+02 7.2692102051e+02 7.2726599121e+02 7.2760601807e+02
7.1669396973e+02 7.1684197998e+02 7.1699102783e+02 7.1716900635e+02 7.1737402344e+02 7.1759997559e+02 7.1782299805e+02 7.1808697510e+02 7.1840997314e+02 7.1871398926e+02 7.1893902588e+02 7.1912500000e+02 7.1934301758e+02 7.1964001465e+02 7.1988000488e+02 7.2005902100e+02 7.2026397705e+02 7.2053900146e+02 7.2084301758e+02 7.2113098145e+02 7.2134197998e+02 7.2150799561e+02 7.2169702148e+02 7.2193701172e+02 7.2225598145e+02 7.2257000732e+02 7.2282501221e+02 7.2303900146e+02 7.2323400879e+02 7.2340502930e+02 7.2360101318e+02 7.2382501221e+02 7.2408398438e+02 7.2433099365e+02 7.2455297852e+02 7.2476397705e+02 7.2497302246e+02 7.2516400146e+02 7.2533300781e+02 7.2549902344e+02 7.2564599609e+02 7.2589099121e+02 7.2628601074e+02 7.2671502686e+02 7.2706896973e+02 7.2735797119e+02
7.1652600098e+02 7.1668200684e+02 7.1682299805e+02 7.1698498535e+02 7.1719799805e+02 7.1743798828e+02 7.1767199707e+02 7.1795202637e+02 7.1831097412e+02 7.1859100342e+02 7.1876702881e+02 7.1889501953e+02 7.1905499268e+02 7.1930401611e+02 7.1953802490e+02 7.1974798584e+02 7.2002099609e+02 7.2031097412e+02 7.2059301758e+02 7.2085302734e+02 7.2107702637e+02 7.2127899170e+02 7.2148699951e+02 7.2173400879e+02 7.2204400635e+02 7.2235601807e+02 7.2260900879e+02 7.2282598877e+02 7.2303198242e+02 7.2322802734e+02 7.2344897461e+02 7.2369598389e+02 7.2396997070e+02 7.2420001221e+02 7.2441699219e+02 7.2461401367e+02 7.2480700684e+02 7.2499200439e+02 7.2515502930e+02 7.2530798340e+02 7.2547302246e+02 7.2572198486e+02 7.2606799316e+02 7.2645898438e+02 7.2679998779e+02 7.2708398438e+02
7.1636401367e+02 7.1653302002e+02 7.1667602539e+02 7.1682897949e+02 7.1706597900e+02 7.1732397461e+02 7.1756500244e+02 7.1784002686e+02 7.1817999268e+02 7.1843701172e+02 7.1856701660e+02 7.1867602539e+02 7.1883300781e+02 7.1903601074e+02 7.1925000000e+02 7.1947802734e+02 7.1976098633e+02 7.2006799316e+02 7.2032000732e+02 7.2054901123e+02 7.2080499268e+02 7.2105401611e+02 7.2127801514e+02 7.2151397705e+02 7.2178997803e+02 7.2209002686e+02 7.2236798096e+02 7.2261999512e+02 7.2284301758e+02 7.2302697754e+02 7.2324401855e+02 7.2350799561e+02 7.2379901123e+02 7.2406402588e+02 7.2428198242e+02 7.2446502686e+02 7.2462597656e+02 7.2480603027e+02 7.2497399902e+02 7.2514501953e+02 7.2535601807e+02 7.2559399414e+02 7.2586602783e+02 7.2615100098e+02 7.2644598389e+02 7.2672497559e+02
7.1617999268e+02 7.1636700439e+02 7.1654498291e+02 7.1673297119e+02 7.1696697998e+02 7.1722601318e+02 7.1746801758e+02 7.1771099854e+02 7.1799597168e+02 7.1823699951e+02 7.1836102295e+02 7.1846002197e+02 7.1862298584e+02 7.1883001709e+02 7.1903698730e+02 7.1925201416e+02 7.1951702881e+02 7.1984698486e+02 7.2009100342e+02 7.2029602051e+02 7.2055603027e+02 7.2082598877e+02 7.2106701660e+02 7.2130401611e+02 7.2155297852e+02 7.2182800293e+02 7.2211102295e+02 7.2238299561e+02 7.2262200928e+02 7.2278900146e+02 7.2300402832e+02 7.2328997803e+02 7.2363000488e+02 7.2391802979e+02 7.2413299561e+02 7.2430200195e+02 7.2444702148e+02 7.2463500977e+02 7.2481500244e+02 7.2500701904e+02 7.2524902344e+02 7.2548199463e+02 7.2571600342e+02 7.2594702148e+02 7.2620397949e+02 7.2645898438e+02
7.1602398682e+02 7.1622100830e+02 7.1641802979e+02 7.1662200928e+02 7.1683697510e+02 7.1709002686e+02 7.1732000732e+02 7.1752600098e+02 7.1774902344e+02 7.1798797607e+02 7.1815002441e+02 7.1826599121e+02 7.1842797852e+02 7.1866699219e+02 7.1888500977e+02 7.1908197021e+02 7.1930700684e+02 7.1965600586e+02 7.1990899658e+02 7.2010699463e+02 7.2035198975e+02 7.2061901855e+02 7.2086999512e+02 7.2111297607e+02 7.2134497070e+02 7.2159497070e+02 7.2186700439e+02 7.2214300537e+02 7.2239501953e+02 7.2255401611e+02 7.2277899170e+02 7.2309698486e+02 7.2347601318e+02 7.2376599121e+02 7.2397302246e+02 7.2412597656e+02 7.2426300049e+02 7.2447802734e+02 7.2467498779e+02 7.2488201904e+02 7.2513598633e+02 7.2539801025e+02 7.2565502930e+02 7.2590399170e+02 7.2615698242e+02 7.2636401367e+02
7.1594000244e+02 7.1618402100e+02 7.1636401367e+02 7.1652600098e+02 7.1672302246e+02 7.1694396973e+02 7.1715802002e+02 7.1735601807e+02 7.1755902100e+02 7.1778002930e+02 7.1797998047e+02 7.1812200928e+02 7.1825201416e+02 7.1851501465e+02 7.1875201416e+02 7.1896099854e+02 7.1918902588e+02 7.1947998047e+02 7.1974401855e+02 7.1996197510e+02 7.2020202637e+02 7.2042999268e+02 7.2068597412e+02 7.2093902588e+02 7.2117498779e+02 7.2142102051e+02 7.2168499756e+02 7.2195697021e+02 7.2219396973e+02 7.2234802246e+02 7.2259997559e+02 7.2296099854e+02 7.2341900635e+02 7.2364202881e+02 7.2378997803e+02 7.2390002441e+02 7.2402001953e+02 7.2430999756e+02 7.2453601074e+02 7.2473901367e+02 7.2498400879e+02 7.2532202148e+02 7.2566497803e+02 7.2598699951e+02 7.2627301025e+02 7.2642102051e+02
7.1585498047e+02 7.1612097168e+02 7.1628802490e+02 7.1645001221e+02 7.1666497803e+02 7.1687597656e+02 7.1705798340e+02 7.1724298096e+02 7.1745501709e+02 7.1770202637e+02 7.1789398193e+02 7.1802600098e+02 7.1813702393e+02 7.1833502197e+02 7.1852801514e+02 7.1875701904e+02 7.1906097412e+02 7.1939398193e+02 7.1964001465e+02 7.1983398438e+02 7.2004998779e+02 7.2028997803e+02 7.2056097412e+02 7.2082202148e+02 7.2102398682e+02 7.2125799561e+02 7.2154101563e+02 7.2183398438e+02 7.2207000732e+02 7.2221600342e+02 7.2246600342e+02 7.2282598877e+02 7.2323901367e+02 7.2344299316e+02 7.2352899170e+02 7.2363201904e+02 7.2382000732e+02 7.2410101318e+02 7.2439300537e+02 7.2461798096e+02 7.2482702637e+02 7.2520599365e+02 7.2564599609e+02 7.2605297852e+02 7.2630798340e+02 7.2646997070e+02
7.1575701904e+02 7.1602301025e+02 7.1620300293e+02 7.1638201904e+02 7.1661199951e+02 7.1683099365e+02 7.1700402832e+02 7.1717797852e+02 7.1738800049e+02 7.1763000488e+02 7.1781500244e+02 7.1795300293e+02 7.1807800293e+02 7.1821697998e+02 7.1835302734e+02 7.1855603027e+02 7.1887799072e+02 7.1923498535e+02 7.1949401855e+02 7.1969201660e+02 7.1991198730e+02 7.2017297363e+02 7.2044897461e+02 7.2070202637e+02 7.2088702393e+02 7.2111102295e+02 7.2140301514e+02 7.2170202637e+02 7.2192999268e+02 7.2207000732e+02 7.2230401611e+02 7.2263500977e+02 7.2300799561e+02 7.2318597412e+02 7.2328802490e+02 7.2343402100e+02 7.2366101074e+02 7.2390600586e+02 7.2421997070e+02 7.2448199463e+02 7.2466302490e+02 7.2501397705e+02 7.2546398926e+02 7.2589202881e+02 7.2616998291e+02 7.2637298584e+02
7.1562097168e+02 7.1588598633e+02 7.1609197998e+02 7.1629498291e+02 7.1652502441e+02 7.1675097656e+02 7.1694500732e+02 7.1713299561e+02 7.1733697510e+02 7.1754498291e+02 7.1772601318e+02 7.1789202881e+02 7.1804901123e+02 7.1815899658e+02 7.1825500488e+02 7.1841998291e+02 7.1870898438e+02 7.1905499268e+02 7.1933801270e+02 7.1956799316e+02 7.1980102539e+02 7.2005999756e+02 7.2032202148e+02 7.2055999756e+02 7.2075000000e+02 7.2097698975e+02 7.2125799561e+02 7.2153997803e+02 7.2175598145e+02 7.2189099121e+02 7.2210101318e+02 7.2240002441e+02 7.2275402832e+02 7.2294000244e+02 7.2307202148e+02 7.2326000977e+02 7.2352600098e+02 7.2375097656e+02 7.2404101563e+02 7.2429901123e+02 7.2449401855e+02 7.2478497314e+02 7.2517102051e+02 7.2556097412e+02 7.2587597656e+02 7.2614300537e+02
7.1541400146e+02 7.1570001221e+02 7.1590802002e+02 7.1612701416e+02 7.1636199951e+02 7.1663598633e+02 7.1687298584e+02 7.1708697510e+02 7.1727697754e+02 7.1743701172e+02 7.1762500000e+02 7.1782000732e+02 7.1797198486e+02 7.1809698486e+02 7.1819799805e+02 7.1834899902e+02 7.1860699463e+02 7.1892199707e+02 7.1921697998e+02 7.1947698975e+02 7.1970599365e+02 7.1994000244e+02 7.2017297363e+02 7.2039099121e+02 7.2059899902e+02 7.2084802246e+02 7.2109899902e+02 7.2134497070e+02 7.2158398438e+02 7.2171398926e+02 7.2188397217e+02 7.2216101074e+02 7.2252899170e+02 7.2272100830e+02 7.2286199951e+02 7.2307800293e+02 7.2336999512e+02 7.2363500977e+02 7.2390600586e+02 7.2411700439e+02 7.2435699463e+02 7.2461297607e+02 7.2490399170e+02 7.2521099854e+02 7.2552398682e+02 7.2580102539e+02
7.1529901123e+02 7.1551300049e+02 7.1569702148e+02 7.1592602539e+02 7.1620697021e+02 7.1649597168e+02 7.1674499512e+02 7.1696502686e+02 7.1713702393e+02 7.1727398682e+02 7.1745098877e+02 7.1761401367e+02 7.1776202393e+02 7.1794097900e+02 7.1808099365e+02 7.1825897217e+02 7.1850799561e+02 7.1877001953e+02 7.1902697754e+02 7.1928198242e+02 7.1953601074e+02 7.1979901123e+02 7.2004602051e+02 7.2028100586e+02 7.2051501465e+02 7.2073901367e+02 7.2095001221e+02 7.2115899658e+02 7.2138800049e+02 7.2155999756e+02 7.2173498535e+02 7.2200299072e+02 7.2229699707e+02 7.2250500488e+02 7.2265502930e+02 7.2287597656e+02 7.2317700195e+02 7.2349102783e+02 7.2375897217e+02 7.2392102051e+02 7.2417401123e+02 7.2444702148e+02 7.2469500732e+02 7.2494299316e+02 7.2523101807e+02 7.2549298096e+02
7.1516802979e+02 7.1536499023e+02 7.1554699707e+02 7.1577600098e+02 7.1603399658e+02 7.1627899170e+02 7.1650598145e+02 7.1672198486e+02 7.1690899658e+02 7.1705700684e+02 7.1723101807e+02 7.1738598633e+02 7.1756201172e+02 7.1777502441e+02 7.1794799805e+02 7.1816400146e+02 7.1842797852e+02 7.1865698242e+02 7.1888098145e+02 7.1912500000e+02 7.1939501953e+02 7.1965502930e+02 7.1990197754e+02 7.2014300537e+02 7.2038897705e+02 7.2061499023e+02 7.2080499268e+02 7.2097998047e+02 7.2117199707e+02 7.2135699463e+02 7.2155999756e+02 7.2182800293e+02 7.2205700684e+02 7.2224499512e+02 7.2243103027e+02 7.2267901611e+02 7.2298999023e+02 7.2327801514e+02 7.2352099609e+02 7.2370397949e+02 7.2398602295e+02 7.2427197266e+02 7.2451098633e+02 7.2474200439e+02 7.2500000000e+02 7.2525598145e+02
7.1498199463e+02 7.1516998291e+02 7.1535699463e+02 7.1558801270e+02 7.1583300781e+02 7.1603900146e+02 7.1623699951e+02 7.1644299316e+02 7.1664801025e+02 7.1683099365e+02 7.1702600098e+02 7.1721197510e+02 7.1741802979e+02 7.1762097168e+02 7.1780603027e+02 7.1804101563e+02 7.1832098389e+02 7.1856500244e+02 7.1879901123e+02 7.1903997803e+02 7.1928399658e+02 7.1950598145e+02 7.1972399902e+02 7.1994598389e+02 7.2017999268e+02 7.2042999268e+02 7.2062902832e+02 7.2078997803e+02 7.2095202637e+02 7.2113098145e+02 7.2132397461e+02 7.2157299805e+02 7.2180999756e+02 7.2201098633e+02 7.2222900391e+02 7.2250201416e+02 7.2281701660e+02 7.2305700684e+02 7.2328399658e+02 7.2350500488e+02 7.2378302002e+02 7.2408398438e+02 7.2433502197e+02 7.2457397461e+02 7.2482702637e+02 7.2507897949e+02
