TESTSERVER/19/2.asc
NCOLS 100
NROWS 100
XLLCORNER 8.4497500000e+03
YLLCORNER 2.8985025000e+05
CELLSIZE 5.0000000000e-01
NODATA_VALUE -9.9990000000e+03
[rows 0 to 19 of 100, columns 46 to 91 of 100]
7.4317102051e+02 7.4339501953e+02 7.4369500732e+02 7.4403900146e+02 7.4437902832e+02 7.4471301270e+02 7.4504901123e+02 7.4534301758e+02 7.4566101074e+02 7.4602301025e+02 7.4638201904e+02 7.4667498779e+02 7.4700598145e+02 7.4740698242e+02 7.4784197998e+02 7.4818103027e+02 7.4854901123e+02 7.4893103027e+02 7.4927899170e+02 7.4957299805e+02 7.4991497803e+02 7.5025799561e+02 7.5058697510e+02 7.5089501953e+02 7.5126898193e+02 7.5168701172e+02 7.5209497070e+02 7.5249902344e+02 7.5285797119e+02 7.5319299316e+02 7.5350897217e+02 7.5386901855e+02 7.5419799805e+02 7.5450299072e+02 7.5479498291e+02 7.5515100098e+02 7.5552301025e+02 7.5589398193e+02 7.5624499512e+02 7.5661499023e+02 7.5696197510e+02 7.5729101563e+02 7.5761102295e+02 7.5798699951e+02 7.5836901855e+02 7.5873297119e+02
7.4298101807e+02 7.4320397949e+02 7.4348400879e+02 7.4379797363e+02 7.4411297607e+02 7.4445098877e+02 7.4482202148e+02 7.4508599854e+02 7.4537402344e+02 7.4573901367e+02 7.4614099121e+02 7.4645202637e+02 7.4677398682e+02 7.4716198730e+02 7.4759002686e+02 7.4790698242e+02 7.4825701904e+02 7.4865600586e+02 7.4905603027e+02 7.4934899902e+02 7.4962597656e+02 7.4995001221e+02 7.5032598877e+02 7.5066198730e+02 7.5101800537e+02 7.5140002441e+02 7.5178002930e+02 7.5215802002e+02 7.5252099609e+02 7.5286798096e+02 7.5319500732e+02 7.5355401611e+02 7.5389898682e+02 7.5422198486e+02 7.5453002930e+02 7.5489099121e+02 7.5523901367e+02 7.5557897949e+02 7.5591101074e+02 7.5626000977e+02 7.5660498047e+02 7.5694000244e+02 7.5726702881e+02 7.5765197754e+02 7.5807000732e+02 7.5847497559e+02
7.4279101563e+02 7.4302398682e+02 7.4326501465e+02 7.4355798340e+02 7.4389398193e+02 7.4424200439e+02 7.4458099365e+02 7.4485101318e+02 7.4517797852e+02 7.4555798340e+02 7.4594000244e+02 7.4626800537e+02 7.4658099365e+02 7.4694897461e+02 7.4735101318e+02 7.4766302490e+02 7.4800500488e+02 7.4840002441e+02 7.4881799316e+02 7.4912402344e+02 7.4938500977e+02 7.4970001221e+02 7.5008801270e+02 7.5044201660e+02 7.5078198242e+02 7.5112097168e+02 7.5147100830e+02 7.5184399414e+02 7.5220599365e+02 7.5255401611e+02 7.5289300537e+02 7.5325500488e+02 7.5360198975e+02 7.5393798828e+02 7.5426898193e+02 7.5461199951e+02 7.5493701172e+02 7.5525701904e+02 7.5558099365e+02 7.5592297363e+02 7.5626599121e+02 7.5660302734e+02 7.5691400146e+02 7.5726599121e+02 7.5769299316e+02 7.5814001465e+02
7.4265997314e+02 7.4289300537e+02 7.4308898926e+02 7.4335699463e+02 7.4370501709e+02 7.4404998779e+02 7.4435101318e+02 7.4463897705e+02 7.4500701904e+02 7.4540100098e+02 7.4572802734e+02 7.4605902100e+02 7.4637402344e+02 7.4672497559e+02 7.4710900879e+02 7.4743499756e+02 7.4777899170e+02 7.4816400146e+02 7.4857299805e+02 7.4889398193e+02 7.4915899658e+02 7.4946197510e+02 7.4983398438e+02 7.5018701172e+02 7.5051300049e+02 7.5082501221e+02 7.5115802002e+02 7.5153601074e+02 7.5191101074e+02 7.5227301025e+02 7.5262298584e+02 7.5297302246e+02 7.5331500244e+02 7.5365899658e+02 7.5400799561e+02 7.5433502197e+02 7.5464202881e+02 7.5494500732e+02 7.5526702881e+02 7.5560998535e+02 7.5595202637e+02 7.5628900146e+02 7.5659301758e+02 7.5694201660e+02 7.5736901855e+02 7.5782000732e+02
7.4254998779e+02 7.4279498291e+02 7.4304199219e+02 7.4324798584e+02 7.4351098633e+02 7.4381402588e+02 7.4414501953e+02 7.4442901611e+02 7.4474798584e+02 7.4512200928e+02 7.4546502686e+02 7.4578900146e+02 7.4611700439e+02 7.4646002197e+02 7.4684600830e+02 7.4720001221e+02 7.4755700684e+02 7.4794201660e+02 7.4835601807e+02 7.4869000244e+02 7.4896398926e+02 7.4922802734e+02 7.4953302002e+02 7.4990997314e+02 7.5023602295e+02 7.5053302002e+02 7.5084399414e+02 7.5123101807e+02 7.5162799072e+02 7.5202001953e+02 7.5237597656e+02 7.5269201660e+02 7.5301202393e+02 7.5335699463e+02 7.5373999023e+02 7.5406201172e+02 7.5434698486e+02 7.5463397217e+02 7.5494702148e+02 7.5531402588e+02 7.5565600586e+02 7.5600299072e+02 7.5632202148e+02 7.5672698975e+02 7.5718103027e+02 7.5759399414e+02
7.4230798340e+02 7.4256799316e+02 7.4286499023e+02 7.4310998535e+02 7.4332800293e+02 7.4361700439e+02 7.4395697021e+02 7.4427197266e+02 7.4454602051e+02 7.4485601807e+02 7.4520697021e+02 7.4555700684e+02 7.4589099121e+02 7.4624401855e+02 7.4665197754e+02 7.4699200439e+02 7.4732501221e+02 7.4769299316e+02 7.4810699463e+02 7.4846301270e+02 7.4875201416e+02 7.4900500488e+02 7.4926000977e+02 7.4961199951e+02 7.4997302246e+02 7.5031799316e+02 7.5064801025e+02 7.5098602295e+02 7.5136401367e+02 7.5175500488e+02 7.5211401367e+02 7.5241198730e+02 7.5271301270e+02 7.5304797363e+02 7.5344799805e+02 7.5380401611e+02 7.5410699463e+02 7.5441198730e+02 7.5476702881e+02 7.5509997559e+02 7.5538800049e+02 7.5569598389e+02 7.5603497314e+02 7.5642297363e+02 7.5692199707e+02 7.5737597656e+02
7.4203002930e+02 7.4229101563e+02 7.4260302734e+02 7.4288800049e+02 7.4311499023e+02 7.4339801025e+02 7.4372601318e+02 7.4412298584e+02 7.4443103027e+02 7.4468902588e+02 7.4499700928e+02 7.4533697510e+02 7.4565899658e+02 7.4602197266e+02 7.4643103027e+02 7.4676800537e+02 7.4708697510e+02 7.4743298340e+02 7.4783197021e+02 7.4819000244e+02 7.4849401855e+02 7.4875897217e+02 7.4901202393e+02 7.4935400391e+02 7.4973699951e+02 7.5011798096e+02 7.5046099854e+02 7.5077899170e+02 7.5114801025e+02 7.5152899170e+02 7.5188201904e+02 7.5219201660e+02 7.5248602295e+02 7.5279901123e+02 7.5317901611e+02 7.5357000732e+02 7.5390197754e+02 7.5422802734e+02 7.5460498047e+02 7.5494897461e+02 7.5520397949e+02 7.5546899414e+02 7.5579602051e+02 7.5611602783e+02 7.5659600830e+02 7.5709698486e+02
7.4178698730e+02 7.4204498291e+02 7.4234197998e+02 7.4262701416e+02 7.4285797119e+02 7.4313201904e+02 7.4344799805e+02 7.4390502930e+02 7.4426501465e+02 7.4451599121e+02 7.4480999756e+02 7.4510601807e+02 7.4540899658e+02 7.4578399658e+02 7.4618798828e+02 7.4655297852e+02 7.4687298584e+02 7.4720001221e+02 7.4757299805e+02 7.4792297363e+02 7.4824200439e+02 7.4852398682e+02 7.4878900146e+02 7.4912097168e+02 7.4949902344e+02 7.4988201904e+02 7.5022601318e+02 7.5055999756e+02 7.5093902588e+02 7.5131896973e+02 7.5165899658e+02 7.5200598145e+02 7.5231402588e+02 7.5261199951e+02 7.5295501709e+02 7.5336199951e+02 7.5370501709e+02 7.5402600098e+02 7.5439801025e+02 7.5477197266e+02 7.5504602051e+02 7.5530798340e+02 7.5561999512e+02 7.5588000488e+02 7.5631298828e+02 7.5682299805e+02
7.4161499023e+02 7.4187902832e+02 7.4212500000e+02 7.4237902832e+02 7.4260400391e+02 7.4287500000e+02 7.4319396973e+02 7.4356896973e+02 7.4392297363e+02 7.4424499512e+02 7.4465100098e+02 7.4489599609e+02 7.4517602539e+02 7.4555499268e+02 7.4596899414e+02 7.4638098145e+02 7.4669799805e+02 7.4698699951e+02 7.4735900879e+02 7.4771600342e+02 7.4804498291e+02 7.4833300781e+02 7.4859802246e+02 7.4889398193e+02 7.4924200439e+02 7.4960198975e+02 7.4991699219e+02 7.5027899170e+02 7.5068298340e+02 7.5106298828e+02 7.5136700439e+02 7.5175701904e+02 7.5212298584e+02 7.5244201660e+02 7.5276599121e+02 7.5315502930e+02 7.5349499512e+02 7.5378997803e+02 7.5408697510e+02 7.5451397705e+02 7.5484802246e+02 7.5514501953e+02 7.5543597412e+02 7.5573101807e+02 7.5612597656e+02 7.5659497070e+02
7.4142797852e+02 7.4173199463e+02 7.4194702148e+02 7.4217498779e+02 7.4242199707e+02 7.4268402100e+02 7.4294299316e+02 7.4324798584e+02 7.4355999756e+02 7.4388800049e+02 7.4432800293e+02 7.4464099121e+02 7.4488800049e+02 7.4523297119e+02 7.4569097900e+02 7.4612097168e+02 7.4644897461e+02 7.4673297119e+02 7.4707800293e+02 7.4747198486e+02 7.4782702637e+02 7.4813897705e+02 7.4842199707e+02 7.4871899414e+02 7.4903698730e+02 7.4936102295e+02 7.4965502930e+02 7.4997399902e+02 7.5035699463e+02 7.5071801758e+02 7.5102600098e+02 7.5142401123e+02 7.5184802246e+02 7.5222698975e+02 7.5257598877e+02 7.5292700195e+02 7.5325201416e+02 7.5355200195e+02 7.5384301758e+02 7.5426000977e+02 7.5465802002e+02 7.5500598145e+02 7.5528399658e+02 7.5556201172e+02 7.5593402100e+02 7.5639099121e+02
7.4114599609e+02 7.4149401855e+02 7.4173199463e+02 7.4195397949e+02 7.4220397949e+02 7.4242797852e+02 7.4267498779e+02 7.4303698730e+02 7.4333801270e+02 7.4360699463e+02 7.4401501465e+02 7.4439202881e+02 7.4465997314e+02 7.4495098877e+02 7.4535498047e+02 7.4573797607e+02 7.4609497070e+02 7.4644201660e+02 7.4678802490e+02 7.4716497803e+02 7.4752398682e+02 7.4786798096e+02 7.4821697998e+02 7.4854199219e+02 7.4883599854e+02 7.4911602783e+02 7.4938201904e+02 7.4967297363e+02 7.5004699707e+02 7.5042999268e+02 7.5077001953e+02 7.5117102051e+02 7.5160699463e+02 7.5200799561e+02 7.5236401367e+02 7.5268200684e+02 7.5298901367e+02 7.5330401611e+02 7.5363702393e+02 7.5403497314e+02 7.5443798828e+02 7.5482897949e+02 7.5512597656e+02 7.5535900879e+02 7.5571099854e+02 7.5617102051e+02
7.4084997559e+02 7.4121801758e+02 7.4148498535e+02 7.4170397949e+02 7.4197302246e+02 7.4220501709e+02 7.4243499756e+02 7.4278002930e+02 7.4310601807e+02 7.4338598633e+02 7.4375598145e+02 7.4414501953e+02 7.4447601318e+02 7.4477001953e+02 7.4508300781e+02 7.4539001465e+02 7.4574902344e+02 7.4615802002e+02 7.4653997803e+02 7.4686798096e+02 7.4720599365e+02 7.4756298828e+02 7.4796398926e+02 7.4833197021e+02 7.4861798096e+02 7.4886602783e+02 7.4910699463e+02 7.4938397217e+02 7.4975500488e+02 7.5015899658e+02 7.5054498291e+02 7.5094799805e+02 7.5136999512e+02 7.5175500488e+02 7.5209197998e+02 7.5239898682e+02 7.5270697021e+02 7.5305102539e+02 7.5345501709e+02 7.5383300781e+02 7.5419598389e+02 7.5457897949e+02 7.5490802002e+02 7.5512200928e+02 7.5545800781e+02 7.5591497803e+02
7.4059698486e+02 7.4094000244e+02 7.4124401855e+02 7.4147198486e+02 7.4174798584e+02 7.4203497314e+02 7.4232098389e+02 7.4254101563e+02 7.4282000732e+02 7.4310400391e+02 7.4342297363e+02 7.4380700684e+02 7.4419897461e+02 7.4457897949e+02 7.4490197754e+02 7.4517102051e+02 7.4549298096e+02 7.4591101074e+02 7.4631097412e+02 7.4662200928e+02 7.4694500732e+02 7.4729199219e+02 7.4767797852e+02 7.4807897949e+02 7.4837701416e+02 7.4861602783e+02 7.4886102295e+02 7.4915698242e+02 7.4950299072e+02 7.4989398193e+02 7.5028399658e+02 7.5070800781e+02 7.5111297607e+02 7.5144799805e+02 7.5173297119e+02 7.5207397461e+02 7.5240399170e+02 7.5278601074e+02 7.5326800537e+02 7.5365997314e+02 7.5400799561e+02 7.5433502197e+02 7.5461999512e+02 7.5485400391e+02 7.5517901611e+02 7.5562298584e+02
7.4030798340e+02 7.4063201904e+02 7.4094702148e+02 7.4122198486e+02 7.4146697998e+02 7.4172900391e+02 7.4200201416e+02 7.4227099609e+02 7.4257800293e+02 7.4286401367e+02 7.4314898682e+02 7.4350402832e+02 7.4391497803e+02 7.4430499268e+02 7.4467102051e+02 7.4496398926e+02 7.4523699951e+02 7.4562298584e+02 7.4605499268e+02 7.4643200684e+02 7.4680499268e+02 7.4713299561e+02 7.4743902588e+02 7.4779400635e+02 7.4809802246e+02 7.4835797119e+02 7.4865802002e+02 7.4897399902e+02 7.4928601074e+02 7.4965399170e+02 7.5004101563e+02 7.5049597168e+02 7.5090698242e+02 7.5120202637e+02 7.5147802734e+02 7.5180902100e+02 7.5210198975e+02 7.5244598389e+02 7.5290899658e+02 7.5337701416e+02 7.5376599121e+02 7.5405999756e+02 7.5433099365e+02 7.5458001709e+02 7.5490502930e+02 7.5532800293e+02
7.4002697754e+02 7.4033398438e+02 7.4063897705e+02 7.4092297363e+02 7.4118298340e+02 7.4146197510e+02 7.4174102783e+02 7.4204797363e+02 7.4235498047e+02 7.4265002441e+02 7.4296502686e+02 7.4328900146e+02 7.4365100098e+02 7.4403198242e+02 7.4443701172e+02 7.4479400635e+02 7.4506402588e+02 7.4540399170e+02 7.4582397461e+02 7.4625799561e+02 7.4666198730e+02 7.4696002197e+02 7.4719598389e+02 7.4751800537e+02 7.4781896973e+02 7.4809497070e+02 7.4841699219e+02 7.4874102783e+02 7.4904498291e+02 7.4939801025e+02 7.4978497314e+02 7.5024200439e+02 7.5065600586e+02 7.5095599365e+02 7.5123797607e+02 7.5157598877e+02 7.5184301758e+02 7.5214599609e+02 7.5255499268e+02 7.5299798584e+02 7.5341802979e+02 7.5374902344e+02 7.5404699707e+02 7.5432897949e+02 7.5466101074e+02 7.5506597900e+02
7.3977099609e+02 7.4005603027e+02 7.4034802246e+02 7.4064697266e+02 7.4092102051e+02 7.4122698975e+02 7.4154302979e+02 7.4185400391e+02 7.4213299561e+02 7.4243701172e+02 7.4278698730e+02 7.4310302734e+02 7.4338800049e+02 7.4370697021e+02 7.4412597656e+02 7.4460400391e+02 7.4493597412e+02 7.4521899414e+02 7.4554498291e+02 7.4600701904e+02 7.4644299316e+02 7.4674401855e+02 7.4696899414e+02 7.4727197266e+02 7.4755401611e+02 7.4782397461e+02 7.4814697266e+02 7.4850799561e+02 7.4882299805e+02 7.4914697266e+02 7.4950402832e+02 7.4995001221e+02 7.5035498047e+02 7.5066400146e+02 7.5096600342e+02 7.5133197021e+02 7.5163098145e+02 7.5194396973e+02 7.5233197021e+02 7.5271002197e+02 7.5311999512e+02 7.5348901367e+02 7.5379797363e+02 7.5409497070e+02 7.5443103027e+02 7.5481298828e+02
7.3949401855e+02 7.3976800537e+02 7.4005603027e+02 7.4040100098e+02 7.4069396973e+02 7.4099200439e+02 7.4131597900e+02 7.4165802002e+02 7.4190698242e+02 7.4220697021e+02 7.4255999756e+02 7.4294702148e+02 7.4322998047e+02 7.4349499512e+02 7.4386102295e+02 7.4431201172e+02 7.4472497559e+02 7.4501098633e+02 7.4526098633e+02 7.4569396973e+02 7.4615698242e+02 7.4652001953e+02 7.4680297852e+02 7.4705297852e+02 7.4729199219e+02 7.4752899170e+02 7.4786499023e+02 7.4833697510e+02 7.4869799805e+02 7.4897802734e+02 7.4925097656e+02 7.4965399170e+02 7.5002899170e+02 7.5034600830e+02 7.5069500732e+02 7.5108001709e+02 7.5142602539e+02 7.5174902344e+02 7.5214001465e+02 7.5248101807e+02 7.5283502197e+02 7.5320001221e+02 7.5351501465e+02 7.5386499023e+02 7.5423199463e+02 7.5457598877e+02
7.3921197510e+02 7.3950201416e+02 7.3979101563e+02 7.4012500000e+02 7.4044598389e+02 7.4074902344e+02 7.4106402588e+02 7.4141802979e+02 7.4169799805e+02 7.4196997070e+02 7.4227197266e+02 7.4268402100e+02 7.4300897217e+02 7.4328601074e+02 7.4365899658e+02 7.4406097412e+02 7.4443298340e+02 7.4475598145e+02 7.4504901123e+02 7.4540100098e+02 7.4580603027e+02 7.4618402100e+02 7.4649102783e+02 7.4681298828e+02 7.4707501221e+02 7.4729199219e+02 7.4761798096e+02 7.4814099121e+02 7.4854400635e+02 7.4882897949e+02 7.4907702637e+02 7.4942602539e+02 7.4977502441e+02 7.5009100342e+02 7.5042999268e+02 7.5084600830e+02 7.5123999023e+02 7.5154302979e+02 7.5187902832e+02 7.5226599121e+02 7.5257299805e+02 7.5287799072e+02 7.5318402100e+02 7.5360900879e+02 7.5405902100e+02 7.5439001465e+02
7.3894097900e+02 7.3928900146e+02 7.3957800293e+02 7.3982202148e+02 7.4014898682e+02 7.4049597168e+02 7.4081701660e+02 7.4117102051e+02 7.4147998047e+02 7.4173797607e+02 7.4197601318e+02 7.4236499023e+02 7.4273699951e+02 7.4303497314e+02 7.4341900635e+02 7.4385101318e+02 7.4419702148e+02 7.4451501465e+02 7.4484002686e+02 7.4512402344e+02 7.4542199707e+02 7.4575500488e+02 7.4610797119e+02 7.4650097656e+02 7.4682598877e+02 7.4707897949e+02 7.4739001465e+02 7.4787597656e+02 7.4830297852e+02 7.4864398193e+02 7.4894299316e+02 7.4922497559e+02 7.4953100586e+02 7.4987097168e+02 7.5020300293e+02 7.5060498047e+02 7.5102099609e+02 7.5133898926e+02 7.5164300537e+02 7.5203601074e+02 7.5234997559e+02 7.5264801025e+02 7.5292102051e+02 7.5334399414e+02 7.5380499268e+02 7.5415301514e+02
7.3869598389e+02 7.3911297607e+02 7.3943103027e+02 7.3959399414e+02 7.3989099121e+02 7.4025097656e+02 7.4057501221e+02 7.4089501953e+02 7.4120300293e+02 7.4146899414e+02 7.4170300293e+02 7.4206402588e+02 7.4246899414e+02 7.4279699707e+02 7.4315197754e+02 7.4359399414e+02 7.4393499756e+02 7.4423400879e+02 7.4456298828e+02 7.4484002686e+02 7.4509002686e+02 7.4539300537e+02 7.4576800537e+02 7.4619201660e+02 7.4656799316e+02 7.4687701416e+02 7.4719702148e+02 7.4761199951e+02 7.4804302979e+02 7.4844799805e+02 7.4881799316e+02 7.4904602051e+02 7.4930200195e+02 7.4965802002e+02 7.4999700928e+02 7.5036602783e+02 7.5078900146e+02 7.5114099121e+02 7.5142102051e+02 7.5175299072e+02 7.5208599854e+02 7.5243597412e+02 7.5273498535e+02 7.5311901855e+02 7.5353900146e+02 7.5389501953e+02
