TESTSERVER/19/2.asc
NCOLS 100
NROWS 100
XLLCORNER 8.4497500000e+03
YLLCORNER 2.8985025000e+05
CELLSIZE 5.0000000000e-01
NODATA_VALUE -9.9990000000e+03
[rows 40 to 59 of 100, columns 46 to 91 of 100]
7.3355102539e+02 7.3380200195e+02 7.3405999756e+02 7.3435198975e+02 7.3458898926e+02 7.3477301025e+02 7.3500598145e+02 7.3528100586e+02 7.3558300781e+02 7.3596002197e+02 7.3630603027e+02 7.3660900879e+02 7.3691497803e+02 7.3717901611e+02 7.3744702148e+02 7.3775799561e+02 7.3813098145e+02 7.3853997803e+02 7.3892199707e+02 7.3925598145e+02 7.3954400635e+02 7.3985498047e+02 7.4026300049e+02 7.4069799805e+02 7.4105700684e+02 7.4140399170e+02 7.4179901123e+02 7.4220501709e+02 7.4263299561e+02 7.4305798340e+02 7.4339300537e+02 7.4357702637e+02 7.4390698242e+02 7.4432397461e+02 7.4468597412e+02 7.4501898193e+02 7.4537597656e+02 7.4571002197e+02 7.4615899658e+02 7.4658197021e+02 7.4698297119e+02 7.4736999512e+02 7.4771099854e+02 7.4796197510e+02 7.4823699951e+02 7.4856799316e+02
7.3330999756e+02 7.3357501221e+02 7.3384899902e+02 7.3416802979e+02 7.3444201660e+02 7.3465002441e+02 7.3485101318e+02 7.3510998535e+02 7.3539300537e+02 7.3572497559e+02 7.3604998779e+02 7.3636102295e+02 7.3667901611e+02 7.3696801758e+02 7.3723797607e+02 7.3752001953e+02 7.3785198975e+02 7.3821600342e+02 7.3859600830e+02 7.3896697998e+02 7.3928198242e+02 7.3959497070e+02 7.3996002197e+02 7.4038397217e+02 7.4075799561e+02 7.4111297607e+02 7.4154400635e+02 7.4197998047e+02 7.4238098145e+02 7.4278100586e+02 7.4310699463e+02 7.4332202148e+02 7.4361901855e+02 7.4403698730e+02 7.4444799805e+02 7.4477197266e+02 7.4514898682e+02 7.4555999756e+02 7.4600402832e+02 7.4641400146e+02 7.4678497314e+02 7.4714898682e+02 7.4748101807e+02 7.4773400879e+02 7.4801000977e+02 7.4833801270e+02
7.3313098145e+02 7.3338897705e+02 7.3364300537e+02 7.3394299316e+02 7.3423498535e+02 7.3447399902e+02 7.3468902588e+02 7.3493902588e+02 7.3521398926e+02 7.3552398682e+02 7.3582202148e+02 7.3611602783e+02 7.3647497559e+02 7.3679699707e+02 7.3703802490e+02 7.3730102539e+02 7.3760400391e+02 7.3793499756e+02 7.3828497314e+02 7.3866302490e+02 7.3899499512e+02 7.3930499268e+02 7.3964801025e+02 7.4006402588e+02 7.4045501709e+02 7.4081597900e+02 7.4124798584e+02 7.4170001221e+02 7.4210998535e+02 7.4251000977e+02 7.4281896973e+02 7.4308502197e+02 7.4339599609e+02 7.4380902100e+02 7.4422100830e+02 7.4451397705e+02 7.4489898682e+02 7.4538500977e+02 7.4586102295e+02 7.4625598145e+02 7.4660797119e+02 7.4694500732e+02 7.4725500488e+02 7.4753198242e+02 7.4781298828e+02 7.4812500000e+02
7.3301599121e+02 7.3327099609e+02 7.3349798584e+02 7.3375097656e+02 7.3403399658e+02 7.3429498291e+02 7.3453802490e+02 7.3478302002e+02 7.3504901123e+02 7.3534100342e+02 7.3562298584e+02 7.3587799072e+02 7.3623199463e+02 7.3656402588e+02 7.3680499268e+02 7.3708300781e+02 7.3738702393e+02 7.3769598389e+02 7.3800500488e+02 7.3836297607e+02 7.3870397949e+02 7.3902502441e+02 7.3935198975e+02 7.3972698975e+02 7.4011999512e+02 7.4050299072e+02 7.4092901611e+02 7.4136297607e+02 7.4177600098e+02 7.4219097900e+02 7.4249597168e+02 7.4277197266e+02 7.4311602783e+02 7.4354101563e+02 7.4398797607e+02 7.4427398682e+02 7.4462298584e+02 7.4512799072e+02 7.4565698242e+02 7.4605999756e+02 7.4641497803e+02 7.4673199463e+02 7.4701501465e+02 7.4732000732e+02 7.4761199951e+02 7.4790997314e+02
7.3291900635e+02 7.3319396973e+02 7.3344201660e+02 7.3364099121e+02 7.3388000488e+02 7.3413299561e+02 7.3437298584e+02 7.3463598633e+02 7.3491101074e+02 7.3519299316e+02 7.3545501709e+02 7.3568103027e+02 7.3594396973e+02 7.3620501709e+02 7.3647802734e+02 7.3686401367e+02 7.3719897461e+02 7.3749597168e+02 7.3776599121e+02 7.3810400391e+02 7.3845098877e+02 7.3879199219e+02 7.3911499023e+02 7.3944598389e+02 7.3981298828e+02 7.4020397949e+02 7.4062500000e+02 7.4103100586e+02 7.4141497803e+02 7.4184698486e+02 7.4226202393e+02 7.4244097900e+02 7.4275799561e+02 7.4321398926e+02 7.4374401855e+02 7.4408099365e+02 7.4437500000e+02 7.4480200195e+02 7.4535601807e+02 7.4579602051e+02 7.4617102051e+02 7.4648797607e+02 7.4675402832e+02 7.4705401611e+02 7.4737200928e+02 7.4766802979e+02
7.3277099609e+02 7.3306402588e+02 7.3333398438e+02 7.3355902100e+02 7.3379199219e+02 7.3403497314e+02 7.3426501465e+02 7.3451000977e+02 7.3476300049e+02 7.3500701904e+02 7.3523999023e+02 7.3545800781e+02 7.3571899414e+02 7.3592401123e+02 7.3619500732e+02 7.3662298584e+02 7.3699200439e+02 7.3731201172e+02 7.3758898926e+02 7.3788098145e+02 7.3820397949e+02 7.3854400635e+02 7.3886102295e+02 7.3916802979e+02 7.3954498291e+02 7.3991900635e+02 7.4033398438e+02 7.4079101563e+02 7.4114697266e+02 7.4154797363e+02 7.4202600098e+02 7.4225000000e+02 7.4252899170e+02 7.4298101807e+02 7.4352899170e+02 7.4390002441e+02 7.4421197510e+02 7.4459899902e+02 7.4508099365e+02 7.4550097656e+02 7.4587200928e+02 7.4622100830e+02 7.4650897217e+02 7.4678900146e+02 7.4711602783e+02 7.4741497803e+02
7.3257000732e+02 7.3286999512e+02 7.3316497803e+02 7.3342999268e+02 7.3369500732e+02 7.3396301270e+02 7.3419598389e+02 7.3443402100e+02 7.3465802002e+02 7.3485797119e+02 7.3506500244e+02 7.3528302002e+02 7.3554400635e+02 7.3573498535e+02 7.3599298096e+02 7.3641302490e+02 7.3678302002e+02 7.3711199951e+02 7.3740698242e+02 7.3767297363e+02 7.3796899414e+02 7.3829699707e+02 7.3863702393e+02 7.3891900635e+02 7.3927899170e+02 7.3963397217e+02 7.4000097656e+02 7.4048101807e+02 7.4086700439e+02 7.4124200439e+02 7.4171899414e+02 7.4201202393e+02 7.4233599854e+02 7.4280102539e+02 7.4332897949e+02 7.4369702148e+02 7.4404101563e+02 7.4441400146e+02 7.4480700684e+02 7.4517602539e+02 7.4553601074e+02 7.4591802979e+02 7.4625201416e+02 7.4652301025e+02 7.4683697510e+02 7.4715698242e+02
7.3229998779e+02 7.3260198975e+02 7.3291302490e+02 7.3321801758e+02 7.3353198242e+02 7.3384497070e+02 7.3411798096e+02 7.3437402344e+02 7.3458001709e+02 7.3475598145e+02 7.3495800781e+02 7.3519396973e+02 7.3543298340e+02 7.3561999512e+02 7.3588098145e+02 7.3626000977e+02 7.3659802246e+02 7.3691400146e+02 7.3723101807e+02 7.3749902344e+02 7.3777600098e+02 7.3808898926e+02 7.3843597412e+02 7.3870300293e+02 7.3902301025e+02 7.3935400391e+02 7.3968902588e+02 7.4016699219e+02 7.4059197998e+02 7.4099200439e+02 7.4147198486e+02 7.4176800537e+02 7.4211102295e+02 7.4256298828e+02 7.4307000732e+02 7.4344097900e+02 7.4382598877e+02 7.4421997070e+02 7.4457098389e+02 7.4487597656e+02 7.4521002197e+02 7.4560101318e+02 7.4595898438e+02 7.4620697021e+02 7.4650799561e+02 7.4687799072e+02
7.3197601318e+02 7.3228198242e+02 7.3259100342e+02 7.3291101074e+02 7.3326800537e+02 7.3362200928e+02 7.3394702148e+02 7.3423699951e+02 7.3445898438e+02 7.3465197754e+02 7.3486199951e+02 7.3509399414e+02 7.3530798340e+02 7.3552301025e+02 7.3582397461e+02 7.3615100098e+02 7.3645202637e+02 7.3675201416e+02 7.3707598877e+02 7.3737799072e+02 7.3764898682e+02 7.3793103027e+02 7.3822998047e+02 7.3852197266e+02 7.3880200195e+02 7.3909997559e+02 7.3943200684e+02 7.3991302490e+02 7.4033502197e+02 7.4076397705e+02 7.4126898193e+02 7.4156201172e+02 7.4185900879e+02 7.4228802490e+02 7.4284899902e+02 7.4322802734e+02 7.4362701416e+02 7.4405401611e+02 7.4440197754e+02 7.4462500000e+02 7.4494299316e+02 7.4532098389e+02 7.4565899658e+02 7.4590100098e+02 7.4619201660e+02 7.4658697510e+02
7.3164697266e+02 7.3195202637e+02 7.3228802490e+02 7.3262402344e+02 7.3297698975e+02 7.3332598877e+02 7.3368499756e+02 7.3402697754e+02 7.3429400635e+02 7.3453100586e+02 7.3473797607e+02 7.3497497559e+02 7.3521997070e+02 7.3545898438e+02 7.3571197510e+02 7.3601501465e+02 7.3631799316e+02 7.3664697266e+02 7.3700402832e+02 7.3732501221e+02 7.3757702637e+02 7.3780499268e+02 7.3805902100e+02 7.3833898926e+02 7.3860900879e+02 7.3893200684e+02 7.3933697510e+02 7.3973498535e+02 7.4009600830e+02 7.4049597168e+02 7.4097302246e+02 7.4127001953e+02 7.4155297852e+02 7.4196502686e+02 7.4247900391e+02 7.4286401367e+02 7.4326501465e+02 7.4372198486e+02 7.4408697510e+02 7.4433697510e+02 7.4470001221e+02 7.4509100342e+02 7.4540502930e+02 7.4564398193e+02 7.4592498779e+02 7.4629699707e+02
7.3137500000e+02 7.3165997314e+02 7.3200500488e+02 7.3235302734e+02 7.3268701172e+02 7.3301800537e+02 7.3337200928e+02 7.3374102783e+02 7.3404797363e+02 7.3433300781e+02 7.3458099365e+02 7.3484497070e+02 7.3511499023e+02 7.3535601807e+02 7.3557702637e+02 7.3584497070e+02 7.3613702393e+02 7.3648199463e+02 7.3688500977e+02 7.3722998047e+02 7.3746398926e+02 7.3765698242e+02 7.3786999512e+02 7.3813800049e+02 7.3841601563e+02 7.3878900146e+02 7.3928900146e+02 7.3964898682e+02 7.3992602539e+02 7.4025000000e+02 7.4064300537e+02 7.4094702148e+02 7.4124700928e+02 7.4163299561e+02 7.4206097412e+02 7.4245501709e+02 7.4292999268e+02 7.4338897705e+02 7.4371197510e+02 7.4400299072e+02 7.4440802002e+02 7.4482098389e+02 7.4514501953e+02 7.4539398193e+02 7.4567700195e+02 7.4603698730e+02
7.3117498779e+02 7.3142700195e+02 7.3174798584e+02 7.3208801270e+02 7.3239599609e+02 7.3270397949e+02 7.3303997803e+02 7.3340802002e+02 7.3374200439e+02 7.3407501221e+02 7.3438098145e+02 7.3465698242e+02 7.3494201660e+02 7.3520800781e+02 7.3545300293e+02 7.3568701172e+02 7.3594799805e+02 7.3627600098e+02 7.3668701172e+02 7.3704400635e+02 7.3727502441e+02 7.3746099854e+02 7.3767401123e+02 7.3794299316e+02 7.3820800781e+02 7.3857800293e+02 7.3912402344e+02 7.3956097412e+02 7.3984002686e+02 7.4010302734e+02 7.4041101074e+02 7.4072601318e+02 7.4103900146e+02 7.4139202881e+02 7.4175897217e+02 7.4216497803e+02 7.4267797852e+02 7.4310699463e+02 7.4336102295e+02 7.4366900635e+02 7.4407397461e+02 7.4448400879e+02 7.4483599854e+02 7.4512298584e+02 7.4542901611e+02 7.4578802490e+02
7.3104400635e+02 7.3124597168e+02 7.3150299072e+02 7.3182598877e+02 7.3212799072e+02 7.3242602539e+02 7.3273199463e+02 7.3307702637e+02 7.3343701172e+02 7.3382299805e+02 7.3418902588e+02 7.3444299316e+02 7.3471301270e+02 7.3503802490e+02 7.3536401367e+02 7.3558599854e+02 7.3581402588e+02 7.3607897949e+02 7.3640002441e+02 7.3675097656e+02 7.3700799561e+02 7.3723498535e+02 7.3748699951e+02 7.3776501465e+02 7.3802301025e+02 7.3834698486e+02 7.3880700684e+02 7.3935601807e+02 7.3973400879e+02 7.3999798584e+02 7.4029101563e+02 7.4060900879e+02 7.4090197754e+02 7.4121697998e+02 7.4160998535e+02 7.4194799805e+02 7.4237097168e+02 7.4274700928e+02 7.4305200195e+02 7.4337402344e+02 7.4370800781e+02 7.4406799316e+02 7.4446899414e+02 7.4482299805e+02 7.4516198730e+02 7.4552502441e+02
7.3091497803e+02 7.3109899902e+02 7.3130700684e+02 7.3158001709e+02 7.3188500977e+02 7.3218798828e+02 7.3247900391e+02 7.3277502441e+02 7.3314501953e+02 7.3358001709e+02 7.3400299072e+02 7.3424499512e+02 7.3446600342e+02 7.3481298828e+02 7.3523498535e+02 7.3551800537e+02 7.3576098633e+02 7.3597998047e+02 7.3621502686e+02 7.3648901367e+02 7.3674200439e+02 7.3698400879e+02 7.3724597168e+02 7.3753698730e+02 7.3780700684e+02 7.3810797119e+02 7.3848999023e+02 7.3902398682e+02 7.3945599365e+02 7.3976098633e+02 7.4004901123e+02 7.4040301514e+02 7.4072198486e+02 7.4107000732e+02 7.4151397705e+02 7.4184301758e+02 7.4218499756e+02 7.4251000977e+02 7.4280999756e+02 7.4310797119e+02 7.4340002441e+02 7.4371301270e+02 7.4409002686e+02 7.4446899414e+02 7.4481298828e+02 7.4516699219e+02
7.3072900391e+02 7.3091497803e+02 7.3110998535e+02 7.3137097168e+02 7.3166998291e+02 7.3196801758e+02 7.3226300049e+02 7.3256597900e+02 7.3290100098e+02 7.3332299805e+02 7.3383801270e+02 7.3409002686e+02 7.3426000977e+02 7.3457098389e+02 7.3504199219e+02 7.3539898682e+02 7.3567199707e+02 7.3588500977e+02 7.3607397461e+02 7.3630700684e+02 7.3654101563e+02 7.3677301025e+02 7.3702099609e+02 7.3729498291e+02 7.3756799316e+02 7.3785198975e+02 7.3816601563e+02 7.3861297607e+02 7.3905700684e+02 7.3942602539e+02 7.3974200439e+02 7.4008398438e+02 7.4042401123e+02 7.4079901123e+02 7.4128601074e+02 7.4168499756e+02 7.4202398682e+02 7.4232299805e+02 7.4258398438e+02 7.4286901855e+02 7.4315399170e+02 7.4343402100e+02 7.4375000000e+02 7.4412902832e+02 7.4449298096e+02 7.4484100342e+02
7.3051098633e+02 7.3070898438e+02 7.3090802002e+02 7.3117602539e+02 7.3147100830e+02 7.3175701904e+02 7.3204699707e+02 7.3238000488e+02 7.3266802979e+02 7.3304302979e+02 7.3363500977e+02 7.3392199707e+02 7.3404199219e+02 7.3428900146e+02 7.3476501465e+02 7.3519201660e+02 7.3550799561e+02 7.3574200439e+02 7.3592498779e+02 7.3614801025e+02 7.3638201904e+02 7.3661401367e+02 7.3683898926e+02 7.3708697510e+02 7.3736297607e+02 7.3763897705e+02 7.3790899658e+02 7.3824902344e+02 7.3864001465e+02 7.3902600098e+02 7.3938299561e+02 7.3972698975e+02 7.4007000732e+02 7.4043298340e+02 7.4088500977e+02 7.4131402588e+02 7.4169702148e+02 7.4203302002e+02 7.4230700684e+02 7.4261297607e+02 7.4290002441e+02 7.4315100098e+02 7.4341802979e+02 7.4381097412e+02 7.4419702148e+02 7.4453900146e+02
7.3027600098e+02 7.3050201416e+02 7.3071697998e+02 7.3097497559e+02 7.3126000977e+02 7.3153302002e+02 7.3178900146e+02 7.3212500000e+02 7.3241998291e+02 7.3278997803e+02 7.3340002441e+02 7.3368103027e+02 7.3378399658e+02 7.3399298096e+02 7.3442498779e+02 7.3489599609e+02 7.3525299072e+02 7.3550201416e+02 7.3569897461e+02 7.3596899414e+02 7.3624700928e+02 7.3649902344e+02 7.3670300293e+02 7.3693597412e+02 7.3720397949e+02 7.3746099854e+02 7.3771502686e+02 7.3800799561e+02 7.3830200195e+02 7.3864300537e+02 7.3905200195e+02 7.3944201660e+02 7.3979699707e+02 7.4012701416e+02 7.4047399902e+02 7.4085601807e+02 7.4125897217e+02 7.4162799072e+02 7.4190802002e+02 7.4226898193e+02 7.4258197021e+02 7.4282598877e+02 7.4303900146e+02 7.4345300293e+02 7.4386102295e+02 7.4422698975e+02
7.3005102539e+02 7.3029699707e+02 7.3052197266e+02 7.3076202393e+02 7.3102099609e+02 7.3128698730e+02 7.3154302979e+02 7.3184802246e+02 7.3217797852e+02 7.3256597900e+02 7.3305297852e+02 7.3330999756e+02 7.3344299316e+02 7.3369799805e+02 7.3412902832e+02 7.3458001709e+02 7.3492602539e+02 7.3515002441e+02 7.3535797119e+02 7.3567602539e+02 7.3603302002e+02 7.3635302734e+02 7.3657299805e+02 7.3681097412e+02 7.3707299805e+02 7.3733300781e+02 7.3758099365e+02 7.3781799316e+02 7.3805798340e+02 7.3836199951e+02 7.3876397705e+02 7.3914898682e+02 7.3949102783e+02 7.3980499268e+02 7.4009698486e+02 7.4045202637e+02 7.4085699463e+02 7.4123999023e+02 7.4155499268e+02 7.4188201904e+02 7.4222100830e+02 7.4248699951e+02 7.4267999268e+02 7.4299298096e+02 7.4338598633e+02 7.4380999756e+02
7.2984002686e+02 7.3009100342e+02 7.3031402588e+02 7.3052801514e+02 7.3077197266e+02 7.3104199219e+02 7.3130700684e+02 7.3154302979e+02 7.3185900879e+02 7.3223199463e+02 7.3264599609e+02 7.3294500732e+02 7.3313598633e+02 7.3343298340e+02 7.3384600830e+02 7.3424700928e+02 7.3456896973e+02 7.3478601074e+02 7.3498498535e+02 7.3528198242e+02 7.3565600586e+02 7.3604400635e+02 7.3636602783e+02 7.3665698242e+02 7.3694000244e+02 7.3722399902e+02 7.3751501465e+02 7.3776800537e+02 7.3799597168e+02 7.3823602295e+02 7.3850799561e+02 7.3882098389e+02 7.3914202881e+02 7.3944702148e+02 7.3973498535e+02 7.4007299805e+02 7.4049102783e+02 7.4091198730e+02 7.4125500488e+02 7.4155798340e+02 7.4189599609e+02 7.4217901611e+02 7.4237500000e+02 7.4258898926e+02 7.4291998291e+02 7.4334399414e+02
7.2963397217e+02 7.2988397217e+02 7.3008898926e+02 7.3027398682e+02 7.3051202393e+02 7.3079797363e+02 7.3109698486e+02 7.3128900146e+02 7.3156402588e+02 7.3191497803e+02 7.3229901123e+02 7.3264398193e+02 7.3288000488e+02 7.3318597412e+02 7.3355902100e+02 7.3392297363e+02 7.3423797607e+02 7.3446502686e+02 7.3465899658e+02 7.3491497803e+02 7.3526098633e+02 7.3567297363e+02 7.3608898926e+02 7.3644897461e+02 7.3675097656e+02 7.3704797363e+02 7.3738598633e+02 7.3770300293e+02 7.3796600342e+02 7.3817199707e+02 7.3832098389e+02 7.3855603027e+02 7.3884802246e+02 7.3913800049e+02 7.3940899658e+02 7.3972900391e+02 7.4015600586e+02 7.4060601807e+02 7.4097302246e+02 7.4127301025e+02 7.4161401367e+02 7.4191601563e+02 7.4212902832e+02 7.4230200195e+02 7.4256298828e+02 7.4293103027e+02
