TESTSERVER/19/3.asc
NCOLS 100
NROWS 100
XLLCORNER 8.4497500000e+03
YLLCORNER 2.8980025000e+05
CELLSIZE 5.0000000000e-01
NODATA_VALUE -9.9990000000e+03
[rows 20 to 39 of 100, columns 46 to 91 of 100]
7.1949298096e+02 7.1961602783e+02 7.1973199463e+02 7.1987701416e+02 7.2003002930e+02 7.2019702148e+02 7.2039398193e+02 7.2062500000e+02 7.2089898682e+02 7.2107397461e+02 7.2122302246e+02 7.2147100830e+02 7.2155999756e+02 7.2170001221e+02 7.2192999268e+02 7.2219598389e+02 7.2241101074e+02 7.2258398438e+02 7.2280902100e+02 7.2300000000e+02 7.2320599365e+02 7.2339300537e+02 7.2359002686e+02 7.2377801514e+02 7.2392401123e+02 7.2410797119e+02 7.2439001465e+02 7.2471301270e+02 7.2500500488e+02 7.2528601074e+02 7.2559301758e+02 7.2578302002e+02 7.2596398926e+02 7.2615399170e+02 7.2638800049e+02 7.2660400391e+02 7.2685198975e+02 7.2711102295e+02 7.2734100342e+02 7.2755999756e+02 7.2782897949e+02 7.2807897949e+02 7.2827697754e+02 7.2849597168e+02 7.2878497314e+02 7.2910699463e+02
7.1934497070e+02 7.1946997070e+02 7.1958898926e+02 7.1972100830e+02 7.1986700439e+02 7.2002697754e+02 7.2017102051e+02 7.2039398193e+02 7.2072698975e+02 7.2094201660e+02 7.2108502197e+02 7.2132800293e+02 7.2143499756e+02 7.2157202148e+02 7.2172302246e+02 7.2197998047e+02 7.2222497559e+02 7.2237200928e+02 7.2259899902e+02 7.2281298828e+02 7.2301098633e+02 7.2318103027e+02 7.2341497803e+02 7.2360101318e+02 7.2375402832e+02 7.2396997070e+02 7.2424200439e+02 7.2451000977e+02 7.2480102539e+02 7.2511499023e+02 7.2543298340e+02 7.2563397217e+02 7.2580200195e+02 7.2598797607e+02 7.2620898438e+02 7.2642297363e+02 7.2666400146e+02 7.2692797852e+02 7.2718402100e+02 7.2743499756e+02 7.2772302246e+02 7.2798101807e+02 7.2815399170e+02 7.2834600830e+02 7.2861798096e+02 7.2893200684e+02
7.1918597412e+02 7.1930999756e+02 7.1945397949e+02 7.1957598877e+02 7.1970898438e+02 7.1986199951e+02 7.1999700928e+02 7.2015802002e+02 7.2043597412e+02 7.2066101074e+02 7.2084997559e+02 7.2110601807e+02 7.2125897217e+02 7.2141699219e+02 7.2155297852e+02 7.2177600098e+02 7.2201098633e+02 7.2216900635e+02 7.2238201904e+02 7.2263098145e+02 7.2281402588e+02 7.2295800781e+02 7.2319000244e+02 7.2340002441e+02 7.2358300781e+02 7.2381701660e+02 7.2407897949e+02 7.2431097412e+02 7.2457397461e+02 7.2487200928e+02 7.2516998291e+02 7.2538897705e+02 7.2558898926e+02 7.2579602051e+02 7.2602899170e+02 7.2628002930e+02 7.2651300049e+02 7.2674499512e+02 7.2699700928e+02 7.2726599121e+02 7.2756201172e+02 7.2782501221e+02 7.2800598145e+02 7.2818798828e+02 7.2843103027e+02 7.2871002197e+02
7.1904901123e+02 7.1916998291e+02 7.1930700684e+02 7.1943103027e+02 7.1956097412e+02 7.1971697998e+02 7.1986602783e+02 7.1999499512e+02 7.2020098877e+02 7.2041198730e+02 7.2062298584e+02 7.2089202881e+02 7.2105603027e+02 7.2121600342e+02 7.2139001465e+02 7.2158398438e+02 7.2180999756e+02 7.2199902344e+02 7.2217602539e+02 7.2243902588e+02 7.2262902832e+02 7.2277099609e+02 7.2296600342e+02 7.2319299316e+02 7.2339398193e+02 7.2362200928e+02 7.2388000488e+02 7.2409698486e+02 7.2432702637e+02 7.2458502197e+02 7.2485302734e+02 7.2510601807e+02 7.2534698486e+02 7.2558300781e+02 7.2582000732e+02 7.2609497070e+02 7.2634698486e+02 7.2656799316e+02 7.2679998779e+02 7.2706701660e+02 7.2735998535e+02 7.2762701416e+02 7.2783001709e+02 7.2801000977e+02 7.2822399902e+02 7.2846502686e+02
7.1893499756e+02 7.1906298828e+02 7.1916400146e+02 7.1930999756e+02 7.1945300293e+02 7.1959497070e+02 7.1972399902e+02 7.1987701416e+02 7.2005798340e+02 7.2026501465e+02 7.2048797607e+02 7.2069201660e+02 7.2086798096e+02 7.2102301025e+02 7.2120697021e+02 7.2140502930e+02 7.2163500977e+02 7.2186297607e+02 7.2202301025e+02 7.2226098633e+02 7.2243701172e+02 7.2257000732e+02 7.2276098633e+02 7.2301000977e+02 7.2322302246e+02 7.2342901611e+02 7.2366802979e+02 7.2389398193e+02 7.2409899902e+02 7.2432598877e+02 7.2458599854e+02 7.2485900879e+02 7.2511700439e+02 7.2536297607e+02 7.2558898926e+02 7.2586700439e+02 7.2614398193e+02 7.2638299561e+02 7.2662097168e+02 7.2687097168e+02 7.2714898682e+02 7.2741400146e+02 7.2765997314e+02 7.2782897949e+02 7.2801202393e+02 7.2821899414e+02
7.1882800293e+02 7.1897302246e+02 7.1908099365e+02 7.1921502686e+02 7.1936602783e+02 7.1950799561e+02 7.1963098145e+02 7.1976202393e+02 7.1992602539e+02 7.2010601807e+02 7.2028997803e+02 7.2049597168e+02 7.2070397949e+02 7.2085302734e+02 7.2102801514e+02 7.2120397949e+02 7.2139300537e+02 7.2159997559e+02 7.2174597168e+02 7.2198901367e+02 7.2221899414e+02 7.2235797119e+02 7.2253698730e+02 7.2277502441e+02 7.2300799561e+02 7.2321899414e+02 7.2348602295e+02 7.2369702148e+02 7.2389300537e+02 7.2413702393e+02 7.2438897705e+02 7.2465502930e+02 7.2491198730e+02 7.2515399170e+02 7.2539599609e+02 7.2569702148e+02 7.2595800781e+02 7.2617999268e+02 7.2645800781e+02 7.2671997070e+02 7.2696899414e+02 7.2720898438e+02 7.2744396973e+02 7.2764099121e+02 7.2782202148e+02 7.2803802490e+02
7.1873297119e+02 7.1888397217e+02 7.1901501465e+02 7.1915301514e+02 7.1929400635e+02 7.1942602539e+02 7.1954400635e+02 7.1966497803e+02 7.1980902100e+02 7.1996899414e+02 7.2015002441e+02 7.2036700439e+02 7.2054901123e+02 7.2069201660e+02 7.2086199951e+02 7.2103997803e+02 7.2120001221e+02 7.2136901855e+02 7.2151599121e+02 7.2169500732e+02 7.2193499756e+02 7.2211297607e+02 7.2230102539e+02 7.2256500244e+02 7.2282000732e+02 7.2302502441e+02 7.2328302002e+02 7.2347497559e+02 7.2368597412e+02 7.2396099854e+02 7.2421099854e+02 7.2448199463e+02 7.2474102783e+02 7.2497100830e+02 7.2521301270e+02 7.2552600098e+02 7.2580401611e+02 7.2602197266e+02 7.2630200195e+02 7.2659197998e+02 7.2681097412e+02 7.2701800537e+02 7.2721801758e+02 7.2743402100e+02 7.2764501953e+02 7.2787701416e+02
7.1865301514e+02 7.1880401611e+02 7.1894299316e+02 7.1909197998e+02 7.1923101807e+02 7.1936297607e+02 7.1948999023e+02 7.1960101318e+02 7.1972802734e+02 7.1988897705e+02 7.2006896973e+02 7.2025598145e+02 7.2040899658e+02 7.2054400635e+02 7.2069500732e+02 7.2091900635e+02 7.2110601807e+02 7.2123400879e+02 7.2134802246e+02 7.2148400879e+02 7.2169201660e+02 7.2189300537e+02 7.2209497070e+02 7.2237701416e+02 7.2264398193e+02 7.2284802246e+02 7.2308502197e+02 7.2328302002e+02 7.2350299072e+02 7.2378601074e+02 7.2404797363e+02 7.2432702637e+02 7.2457501221e+02 7.2478601074e+02 7.2502099609e+02 7.2532299805e+02 7.2563800049e+02 7.2587799072e+02 7.2611297607e+02 7.2639099121e+02 7.2658898926e+02 7.2678302002e+02 7.2699102783e+02 7.2724298096e+02 7.2747998047e+02 7.2770800781e+02
7.1856896973e+02 7.1872698975e+02 7.1889202881e+02 7.1904302979e+02 7.1919000244e+02 7.1933502197e+02 7.1947100830e+02 7.1957000732e+02 7.1968402100e+02 7.1984497070e+02 7.2000897217e+02 7.2013800049e+02 7.2030200195e+02 7.2045098877e+02 7.2057800293e+02 7.2079199219e+02 7.2103100586e+02 7.2116802979e+02 7.2123101807e+02 7.2137402344e+02 7.2154498291e+02 7.2174200439e+02 7.2193200684e+02 7.2218402100e+02 7.2245202637e+02 7.2267700195e+02 7.2289501953e+02 7.2315100098e+02 7.2338598633e+02 7.2365197754e+02 7.2392797852e+02 7.2419500732e+02 7.2441601563e+02 7.2460302734e+02 7.2482702637e+02 7.2507800293e+02 7.2540301514e+02 7.2570300293e+02 7.2594598389e+02 7.2618798828e+02 7.2636602783e+02 7.2655999756e+02 7.2682299805e+02 7.2709197998e+02 7.2733599854e+02 7.2752301025e+02
7.1849798584e+02 7.1867102051e+02 7.1884899902e+02 7.1900201416e+02 7.1915802002e+02 7.1930297852e+02 7.1943499756e+02 7.1955798340e+02 7.1965197754e+02 7.1978497314e+02 7.1993701172e+02 7.2007800293e+02 7.2023101807e+02 7.2038598633e+02 7.2050598145e+02 7.2069598389e+02 7.2093499756e+02 7.2107000732e+02 7.2114501953e+02 7.2128399658e+02 7.2142700195e+02 7.2160302734e+02 7.2180297852e+02 7.2204998779e+02 7.2230102539e+02 7.2252001953e+02 7.2272399902e+02 7.2298797607e+02 7.2322698975e+02 7.2348699951e+02 7.2378100586e+02 7.2411401367e+02 7.2432702637e+02 7.2447302246e+02 7.2469201660e+02 7.2492297363e+02 7.2520300293e+02 7.2550299072e+02 7.2574499512e+02 7.2597100830e+02 7.2618402100e+02 7.2641198730e+02 7.2667602539e+02 7.2694299316e+02 7.2716699219e+02 7.2733801270e+02
7.1842901611e+02 7.1859899902e+02 7.1875799561e+02 7.1890197754e+02 7.1906201172e+02 7.1922802734e+02 7.1938201904e+02 7.1948999023e+02 7.1958300781e+02 7.1973699951e+02 7.1990002441e+02 7.2005499268e+02 7.2019000244e+02 7.2034301758e+02 7.2046301270e+02 7.2063201904e+02 7.2081402588e+02 7.2093798828e+02 7.2106298828e+02 7.2122698975e+02 7.2134698486e+02 7.2148901367e+02 7.2170397949e+02 7.2194702148e+02 7.2216699219e+02 7.2238500977e+02 7.2258502197e+02 7.2285302734e+02 7.2310498047e+02 7.2334002686e+02 7.2361999512e+02 7.2398797607e+02 7.2421301270e+02 7.2434600830e+02 7.2456799316e+02 7.2482299805e+02 7.2508502197e+02 7.2534497070e+02 7.2555200195e+02 7.2577600098e+02 7.2603302002e+02 7.2627301025e+02 7.2649597168e+02 7.2676202393e+02 7.2698297119e+02 7.2718200684e+02
7.1836401367e+02 7.1851599121e+02 7.1865502930e+02 7.1879498291e+02 7.1894702148e+02 7.1913702393e+02 7.1931701660e+02 7.1941601563e+02 7.1951202393e+02 7.1969500732e+02 7.1986901855e+02 7.2002801514e+02 7.2017498779e+02 7.2030902100e+02 7.2040502930e+02 7.2056201172e+02 7.2068200684e+02 7.2077502441e+02 7.2093402100e+02 7.2109997559e+02 7.2123901367e+02 7.2141400146e+02 7.2165100098e+02 7.2186499023e+02 7.2206402588e+02 7.2230297852e+02 7.2250097656e+02 7.2276397705e+02 7.2301599121e+02 7.2321899414e+02 7.2347698975e+02 7.2383697510e+02 7.2406896973e+02 7.2421301270e+02 7.2444500732e+02 7.2469897461e+02 7.2494201660e+02 7.2518200684e+02 7.2539501953e+02 7.2563000488e+02 7.2590197754e+02 7.2613897705e+02 7.2630902100e+02 7.2654797363e+02 7.2678002930e+02 7.2703100586e+02
7.1831201172e+02 7.1845501709e+02 7.1857000732e+02 7.1871899414e+02 7.1885900879e+02 7.1902398682e+02 7.1917102051e+02 7.1933697510e+02 7.1944897461e+02 7.1963397217e+02 7.1980401611e+02 7.2000097656e+02 7.2016900635e+02 7.2027197266e+02 7.2036297607e+02 7.2049401855e+02 7.2058398438e+02 7.2066802979e+02 7.2082598877e+02 7.2097698975e+02 7.2114300537e+02 7.2138098145e+02 7.2160601807e+02 7.2182202148e+02 7.2200897217e+02 7.2223797607e+02 7.2240399170e+02 7.2267498779e+02 7.2293597412e+02 7.2312298584e+02 7.2331097412e+02 7.2368103027e+02 7.2391198730e+02 7.2408099365e+02 7.2429498291e+02 7.2451800537e+02 7.2475299072e+02 7.2502600098e+02 7.2529797363e+02 7.2550500488e+02 7.2573901367e+02 7.2600000000e+02 7.2616497803e+02 7.2634100342e+02 7.2658001709e+02 7.2688800049e+02
7.1824499512e+02 7.1839398193e+02 7.1851599121e+02 7.1863098145e+02 7.1876702881e+02 7.1889501953e+02 7.1902801514e+02 7.1920800781e+02 7.1937902832e+02 7.1959002686e+02 7.1973297119e+02 7.1993402100e+02 7.2011199951e+02 7.2023699951e+02 7.2032897949e+02 7.2044000244e+02 7.2052899170e+02 7.2063598633e+02 7.2079199219e+02 7.2092199707e+02 7.2109698486e+02 7.2139398193e+02 7.2166302490e+02 7.2177801514e+02 7.2193701172e+02 7.2216601563e+02 7.2234100342e+02 7.2258001709e+02 7.2282299805e+02 7.2303302002e+02 7.2324102783e+02 7.2352001953e+02 7.2375201416e+02 7.2394500732e+02 7.2415698242e+02 7.2439697266e+02 7.2464599609e+02 7.2492901611e+02 7.2518597412e+02 7.2537200928e+02 7.2554101563e+02 7.2581298828e+02 7.2602502441e+02 7.2619702148e+02 7.2644097900e+02 7.2677502441e+02
7.1818902588e+02 7.1834698486e+02 7.1846997070e+02 7.1854998779e+02 7.1868597412e+02 7.1881799316e+02 7.1894897461e+02 7.1911401367e+02 7.1929699707e+02 7.1949597168e+02 7.1964599609e+02 7.1985998535e+02 7.2004199219e+02 7.2017602539e+02 7.2026501465e+02 7.2038800049e+02 7.2048602295e+02 7.2059100342e+02 7.2074102783e+02 7.2087402344e+02 7.2104498291e+02 7.2137500000e+02 7.2168499756e+02 7.2172601318e+02 7.2187402344e+02 7.2209899902e+02 7.2227398682e+02 7.2249700928e+02 7.2271099854e+02 7.2292498779e+02 7.2314801025e+02 7.2336297607e+02 7.2356500244e+02 7.2376599121e+02 7.2398699951e+02 7.2424401855e+02 7.2450201416e+02 7.2478698730e+02 7.2511999512e+02 7.2534997559e+02 7.2542602539e+02 7.2563098145e+02 7.2588201904e+02 7.2607598877e+02 7.2629302979e+02 7.2657702637e+02
7.1813397217e+02 7.1828399658e+02 7.1841198730e+02 7.1852099609e+02 7.1864202881e+02 7.1874597168e+02 7.1887799072e+02 7.1902502441e+02 7.1919299316e+02 7.1936999512e+02 7.1953601074e+02 7.1974597168e+02 7.1993798828e+02 7.2008197021e+02 7.2016497803e+02 7.2029797363e+02 7.2041802979e+02 7.2052899170e+02 7.2066302490e+02 7.2079302979e+02 7.2096197510e+02 7.2129199219e+02 7.2161901855e+02 7.2167199707e+02 7.2180902100e+02 7.2201501465e+02 7.2220001221e+02 7.2241497803e+02 7.2261297607e+02 7.2281298828e+02 7.2301300049e+02 7.2320898438e+02 7.2339001465e+02 7.2359997559e+02 7.2384497070e+02 7.2410998535e+02 7.2434301758e+02 7.2457800293e+02 7.2494500732e+02 7.2529101563e+02 7.2538897705e+02 7.2550799561e+02 7.2572998047e+02 7.2596600342e+02 7.2615197754e+02 7.2636499023e+02
7.1810699463e+02 7.1824798584e+02 7.1839898682e+02 7.1849700928e+02 7.1860302734e+02 7.1870800781e+02 7.1883398438e+02 7.1894897461e+02 7.1909997559e+02 7.1926898193e+02 7.1943701172e+02 7.1962500000e+02 7.1982598877e+02 7.1999798584e+02 7.2009899902e+02 7.2020898438e+02 7.2035101318e+02 7.2047100830e+02 7.2060699463e+02 7.2072601318e+02 7.2090301514e+02 7.2117498779e+02 7.2143402100e+02 7.2153302002e+02 7.2170501709e+02 7.2194500732e+02 7.2211401367e+02 7.2230999756e+02 7.2250598145e+02 7.2269097900e+02 7.2286700439e+02 7.2307098389e+02 7.2325500488e+02 7.2347601318e+02 7.2373797607e+02 7.2402697754e+02 7.2423602295e+02 7.2438800049e+02 7.2462500000e+02 7.2501800537e+02 7.2527600098e+02 7.2542199707e+02 7.2559100342e+02 7.2583300781e+02 7.2601702881e+02 7.2620800781e+02
7.1806201172e+02 7.1820800781e+02 7.1834002686e+02 7.1846301270e+02 7.1855603027e+02 7.1867401123e+02 7.1880200195e+02 7.1888598633e+02 7.1901898193e+02 7.1917999268e+02 7.1935900879e+02 7.1952398682e+02 7.1970599365e+02 7.1988299561e+02 7.2000201416e+02 7.2012799072e+02 7.2027600098e+02 7.2039898682e+02 7.2053601074e+02 7.2070697021e+02 7.2086700439e+02 7.2101898193e+02 7.2121801758e+02 7.2140698242e+02 7.2160797119e+02 7.2184002686e+02 7.2197802734e+02 7.2221099854e+02 7.2240802002e+02 7.2255999756e+02 7.2274401855e+02 7.2297100830e+02 7.2315002441e+02 7.2333599854e+02 7.2353497314e+02 7.2383300781e+02 7.2409002686e+02 7.2425299072e+02 7.2443200684e+02 7.2471899414e+02 7.2500000000e+02 7.2522698975e+02 7.2546502686e+02 7.2570300293e+02 7.2586102295e+02 7.2604498291e+02
7.1802301025e+02 7.1815301514e+02 7.1829400635e+02 7.1840899658e+02 7.1850299072e+02 7.1861401367e+02 7.1872900391e+02 7.1883398438e+02 7.1896997070e+02 7.1911798096e+02 7.1927899170e+02 7.1943597412e+02 7.1960400391e+02 7.1978497314e+02 7.1990802002e+02 7.2005102539e+02 7.2020098877e+02 7.2034301758e+02 7.2047900391e+02 7.2064898682e+02 7.2080200195e+02 7.2091699219e+02 7.2108502197e+02 7.2130700684e+02 7.2150402832e+02 7.2171197510e+02 7.2184698486e+02 7.2206597900e+02 7.2227801514e+02 7.2246002197e+02 7.2266998291e+02 7.2289099121e+02 7.2303698730e+02 7.2318499756e+02 7.2334600830e+02 7.2358801270e+02 7.2385302734e+02 7.2406500244e+02 7.2428002930e+02 7.2455401611e+02 7.2479901123e+02 7.2502001953e+02 7.2528002930e+02 7.2552197266e+02 7.2568499756e+02 7.2589398193e+02
7.1798797607e+02 7.1809002686e+02 7.1822601318e+02 7.1833697510e+02 7.1845098877e+02 7.1856402588e+02 7.1866998291e+02 7.1880401611e+02 7.1894598389e+02 7.1907000732e+02 7.1919000244e+02 7.1934997559e+02 7.1951898193e+02 7.1970501709e+02 7.1982299805e+02 7.1998498535e+02 7.2013098145e+02 7.2028698730e+02 7.2044702148e+02 7.2058898926e+02 7.2072998047e+02 7.2086700439e+02 7.2104199219e+02 7.2123199463e+02 7.2139599609e+02 7.2157702637e+02 7.2171697998e+02 7.2192700195e+02 7.2216198730e+02 7.2240399170e+02 7.2265997314e+02 7.2286499023e+02 7.2294500732e+02 7.2303198242e+02 7.2318298340e+02 7.2340502930e+02 7.2364697266e+02 7.2385601807e+02 7.2412298584e+02 7.2442199707e+02 7.2465002441e+02 7.2483697510e+02 7.2505798340e+02 7.2530401611e+02 7.2547399902e+02 7.2569299316e+02
