TESTSERVER/19/3.asc
NCOLS 100
NROWS 100
XLLCORNER 8.4497500000e+03
YLLCORNER 2.8980025000e+05
CELLSIZE 5.0000000000e-01
NODATA_VALUE -9.9990000000e+03
[rows 0 to 19 of 100, columns 46 to 91 of 100]
7.2207098389e+02 7.2237097168e+02 7.2261401367e+02 7.2290997314e+02 7.2312200928e+02 7.2333599854e+02 7.2359600830e+02 7.2389099121e+02 7.2415600586e+02 7.2440502930e+02 7.2469702148e+02 7.2491400146e+02 7.2504498291e+02 7.2516198730e+02 7.2534899902e+02 7.2564697266e+02 7.2583300781e+02 7.2597399902e+02 7.2618103027e+02 7.2645898438e+02 7.2673498535e+02 7.2701800537e+02 7.2733398438e+02 7.2759997559e+02 7.2786401367e+02 7.2811297607e+02 7.2831896973e+02 7.2852899170e+02 7.2879498291e+02 7.2908197021e+02 7.2931500244e+02 7.2948797607e+02 7.2968701172e+02 7.2992297363e+02 7.3017999268e+02 7.3033898926e+02 7.3047399902e+02 7.3065899658e+02 7.3094201660e+02 7.3123297119e+02 7.3152301025e+02 7.3183001709e+02 7.3215698242e+02 7.3244897461e+02 7.3272399902e+02 7.3297802734e+02
7.2197302246e+02 7.2226898193e+02 7.2251599121e+02 7.2278198242e+02 7.2300799561e+02 7.2324597168e+02 7.2347900391e+02 7.2371502686e+02 7.2396398926e+02 7.2420800781e+02 7.2446002197e+02 7.2469702148e+02 7.2483099365e+02 7.2492297363e+02 7.2510498047e+02 7.2537799072e+02 7.2556896973e+02 7.2575500488e+02 7.2599700928e+02 7.2624102783e+02 7.2652301025e+02 7.2683099365e+02 7.2715197754e+02 7.2744702148e+02 7.2770501709e+02 7.2793597412e+02 7.2813598633e+02 7.2834802246e+02 7.2862597656e+02 7.2891998291e+02 7.2916198730e+02 7.2934600830e+02 7.2956201172e+02 7.2981201172e+02 7.3007501221e+02 7.3024902344e+02 7.3035699463e+02 7.3053198242e+02 7.3082000732e+02 7.3108502197e+02 7.3135498047e+02 7.3164202881e+02 7.3193298340e+02 7.3220098877e+02 7.3248297119e+02 7.3275299072e+02
7.2183898926e+02 7.2214398193e+02 7.2243200684e+02 7.2266198730e+02 7.2286602783e+02 7.2310302734e+02 7.2333502197e+02 7.2354199219e+02 7.2374700928e+02 7.2395098877e+02 7.2418597412e+02 7.2445300293e+02 7.2461297607e+02 7.2470202637e+02 7.2489202881e+02 7.2515600586e+02 7.2535998535e+02 7.2558300781e+02 7.2585101318e+02 7.2605603027e+02 7.2632897949e+02 7.2664099121e+02 7.2695501709e+02 7.2725299072e+02 7.2750897217e+02 7.2773797607e+02 7.2796197510e+02 7.2822698975e+02 7.2854699707e+02 7.2884899902e+02 7.2905200195e+02 7.2922100830e+02 7.2944201660e+02 7.2969500732e+02 7.2995001221e+02 7.3013598633e+02 7.3027001953e+02 7.3044897461e+02 7.3069097900e+02 7.3093798828e+02 7.3121002197e+02 7.3148602295e+02 7.3172998047e+02 7.3195599365e+02 7.3222399902e+02 7.3250201416e+02
7.2166497803e+02 7.2197698975e+02 7.2230499268e+02 7.2248999023e+02 7.2267602539e+02 7.2291302490e+02 7.2314801025e+02 7.2336499023e+02 7.2355200195e+02 7.2372998047e+02 7.2393402100e+02 7.2420898438e+02 7.2440002441e+02 7.2450299072e+02 7.2469000244e+02 7.2493402100e+02 7.2514697266e+02 7.2539898682e+02 7.2569702148e+02 7.2588897705e+02 7.2616400146e+02 7.2648199463e+02 7.2677899170e+02 7.2706799316e+02 7.2731896973e+02 7.2754498291e+02 7.2778497314e+02 7.2809698486e+02 7.2846697998e+02 7.2879101563e+02 7.2896502686e+02 7.2911401367e+02 7.2932897949e+02 7.2957000732e+02 7.2979101563e+02 7.2997900391e+02 7.3014398193e+02 7.3032299805e+02 7.3051397705e+02 7.3075799561e+02 7.3104797363e+02 7.3133300781e+02 7.3155297852e+02 7.3173199463e+02 7.3196697998e+02 7.3223999023e+02
7.2147198486e+02 7.2177099609e+02 7.2204998779e+02 7.2224499512e+02 7.2244702148e+02 7.2268597412e+02 7.2290197754e+02 7.2314801025e+02 7.2337902832e+02 7.2357098389e+02 7.2372802734e+02 7.2399102783e+02 7.2418499756e+02 7.2430102539e+02 7.2447497559e+02 7.2470599365e+02 7.2493402100e+02 7.2520300293e+02 7.2546002197e+02 7.2569201660e+02 7.2599499512e+02 7.2633697510e+02 7.2664898682e+02 7.2694396973e+02 7.2720001221e+02 7.2740997314e+02 7.2760797119e+02 7.2792901611e+02 7.2831701660e+02 7.2865997314e+02 7.2887097168e+02 7.2902801514e+02 7.2922302246e+02 7.2942797852e+02 7.2962799072e+02 7.2980297852e+02 7.2997302246e+02 7.3014501953e+02 7.3031402588e+02 7.3056701660e+02 7.3087799072e+02 7.3118200684e+02 7.3141101074e+02 7.3156201172e+02 7.3175201416e+02 7.3199700928e+02
7.2134197998e+02 7.2159197998e+02 7.2183502197e+02 7.2203302002e+02 7.2225402832e+02 7.2250000000e+02 7.2273602295e+02 7.2293499756e+02 7.2314398193e+02 7.2336401367e+02 7.2356500244e+02 7.2381597900e+02 7.2397998047e+02 7.2407000732e+02 7.2426098633e+02 7.2450701904e+02 7.2473999023e+02 7.2500598145e+02 7.2526599121e+02 7.2549597168e+02 7.2580999756e+02 7.2617401123e+02 7.2651300049e+02 7.2685198975e+02 7.2713702393e+02 7.2733801270e+02 7.2749798584e+02 7.2779400635e+02 7.2814300537e+02 7.2847497559e+02 7.2872497559e+02 7.2891400146e+02 7.2910900879e+02 7.2930401611e+02 7.2950402832e+02 7.2967797852e+02 7.2984802246e+02 7.3002600098e+02 7.3020599365e+02 7.3043798828e+02 7.3072802734e+02 7.3102001953e+02 7.3127001953e+02 7.3143597412e+02 7.3160900879e+02 7.3182000732e+02
7.2126000977e+02 7.2147998047e+02 7.2169097900e+02 7.2190600586e+02 7.2212701416e+02 7.2236102295e+02 7.2257397461e+02 7.2272399902e+02 7.2289398193e+02 7.2311700439e+02 7.2338299561e+02 7.2365600586e+02 7.2380102539e+02 7.2385900879e+02 7.2406097412e+02 7.2432202148e+02 7.2454498291e+02 7.2480499268e+02 7.2508697510e+02 7.2531701660e+02 7.2561798096e+02 7.2597900391e+02 7.2632800293e+02 7.2668499756e+02 7.2699798584e+02 7.2722900391e+02 7.2739599609e+02 7.2765600586e+02 7.2797399902e+02 7.2828601074e+02 7.2853698730e+02 7.2874200439e+02 7.2894897461e+02 7.2914599609e+02 7.2933697510e+02 7.2951098633e+02 7.2969500732e+02 7.2989398193e+02 7.3009698486e+02 7.3032299805e+02 7.3058697510e+02 7.3085498047e+02 7.3109997559e+02 7.3129302979e+02 7.3147998047e+02 7.3167498779e+02
7.2117700195e+02 7.2138598633e+02 7.2158599854e+02 7.2179901123e+02 7.2200201416e+02 7.2221398926e+02 7.2240698242e+02 7.2254498291e+02 7.2268402100e+02 7.2287200928e+02 7.2313397217e+02 7.2342999268e+02 7.2359802246e+02 7.2365802002e+02 7.2387597656e+02 7.2415197754e+02 7.2436700439e+02 7.2462200928e+02 7.2492700195e+02 7.2516101074e+02 7.2544500732e+02 7.2578399658e+02 7.2612097168e+02 7.2646697998e+02 7.2679400635e+02 7.2705603027e+02 7.2725799561e+02 7.2750000000e+02 7.2778399658e+02 7.2806500244e+02 7.2830798340e+02 7.2852801514e+02 7.2874298096e+02 7.2894396973e+02 7.2912298584e+02 7.2929199219e+02 7.2949597168e+02 7.2972198486e+02 7.2995599365e+02 7.3018499756e+02 7.3042401123e+02 7.3066101074e+02 7.3088500977e+02 7.3111102295e+02 7.3132702637e+02 7.3151898193e+02
7.2107800293e+02 7.2128601074e+02 7.2147100830e+02 7.2163397217e+02 7.2180999756e+02 7.2201000977e+02 7.2221301270e+02 7.2239697266e+02 7.2253698730e+02 7.2267999268e+02 7.2284002686e+02 7.2315002441e+02 7.2336999512e+02 7.2349298096e+02 7.2369897461e+02 7.2397399902e+02 7.2420001221e+02 7.2445001221e+02 7.2472900391e+02 7.2500402832e+02 7.2529400635e+02 7.2561297607e+02 7.2594598389e+02 7.2626702881e+02 7.2657397461e+02 7.2683300781e+02 7.2706701660e+02 7.2733001709e+02 7.2759002686e+02 7.2783599854e+02 7.2807000732e+02 7.2827502441e+02 7.2848602295e+02 7.2868701172e+02 7.2886499023e+02 7.2903997803e+02 7.2925701904e+02 7.2950897217e+02 7.2977697754e+02 7.3000897217e+02 7.3022399902e+02 7.3042297363e+02 7.3060797119e+02 7.3087200928e+02 7.3111401367e+02 7.3131201172e+02
7.2094897461e+02 7.2114697266e+02 7.2130102539e+02 7.2142602539e+02 7.2158099365e+02 7.2177502441e+02 7.2198199463e+02 7.2220898438e+02 7.2239801025e+02 7.2254998779e+02 7.2269201660e+02 7.2293103027e+02 7.2314599609e+02 7.2330798340e+02 7.2351501465e+02 7.2377697754e+02 7.2402697754e+02 7.2427801514e+02 7.2454797363e+02 7.2483099365e+02 7.2513702393e+02 7.2545697021e+02 7.2575402832e+02 7.2605700684e+02 7.2636199951e+02 7.2661297607e+02 7.2683801270e+02 7.2710797119e+02 7.2736297607e+02 7.2759698486e+02 7.2781597900e+02 7.2801898193e+02 7.2821301270e+02 7.2840600586e+02 7.2860601807e+02 7.2880200195e+02 7.2902197266e+02 7.2927600098e+02 7.2955999756e+02 7.2981701660e+02 7.3002301025e+02 7.3019702148e+02 7.3037097168e+02 7.3061700439e+02 7.3085699463e+02 7.3105798340e+02
7.2080499268e+02 7.2099499512e+02 7.2113397217e+02 7.2126300049e+02 7.2141400146e+02 7.2160101318e+02 7.2179797363e+02 7.2203002930e+02 7.2224798584e+02 7.2241998291e+02 7.2257897949e+02 7.2277502441e+02 7.2296502686e+02 7.2313702393e+02 7.2334600830e+02 7.2360101318e+02 7.2386798096e+02 7.2413702393e+02 7.2440600586e+02 7.2468597412e+02 7.2497399902e+02 7.2526501465e+02 7.2553900146e+02 7.2582098389e+02 7.2610900879e+02 7.2636499023e+02 7.2660302734e+02 7.2686602783e+02 7.2711700439e+02 7.2734301758e+02 7.2755200195e+02 7.2774700928e+02 7.2793499756e+02 7.2812500000e+02 7.2833197021e+02 7.2855102539e+02 7.2877502441e+02 7.2902197266e+02 7.2930401611e+02 7.2958398438e+02 7.2979998779e+02 7.2997302246e+02 7.3013000488e+02 7.3035797119e+02 7.3059399414e+02 7.3079699707e+02
7.2068499756e+02 7.2088000488e+02 7.2102197266e+02 7.2115197754e+02 7.2129302979e+02 7.2146997070e+02 7.2167602539e+02 7.2189099121e+02 7.2209997559e+02 7.2227502441e+02 7.2244897461e+02 7.2265100098e+02 7.2283099365e+02 7.2299597168e+02 7.2318902588e+02 7.2343200684e+02 7.2370800781e+02 7.2399798584e+02 7.2428198242e+02 7.2455401611e+02 7.2480700684e+02 7.2505297852e+02 7.2530999756e+02 7.2556201172e+02 7.2581597900e+02 7.2607397461e+02 7.2634698486e+02 7.2661602783e+02 7.2686499023e+02 7.2708599854e+02 7.2728399658e+02 7.2746801758e+02 7.2765100098e+02 7.2784002686e+02 7.2805200195e+02 7.2828399658e+02 7.2850897217e+02 7.2874499512e+02 7.2901300049e+02 7.2931597900e+02 7.2955200195e+02 7.2973901367e+02 7.2989501953e+02 7.3010601807e+02 7.3033599854e+02 7.3054199219e+02
7.2057000732e+02 7.2078601074e+02 7.2096997070e+02 7.2108099365e+02 7.2118902588e+02 7.2134301758e+02 7.2156799316e+02 7.2178399658e+02 7.2197198486e+02 7.2214202881e+02 7.2230603027e+02 7.2252801514e+02 7.2271697998e+02 7.2287799072e+02 7.2306402588e+02 7.2327697754e+02 7.2354901123e+02 7.2385601807e+02 7.2416601563e+02 7.2441198730e+02 7.2463397217e+02 7.2484600830e+02 7.2510302734e+02 7.2533099365e+02 7.2555102539e+02 7.2579302979e+02 7.2605297852e+02 7.2634497070e+02 7.2660302734e+02 7.2683502197e+02 7.2704498291e+02 7.2719702148e+02 7.2737402344e+02 7.2756201172e+02 7.2777398682e+02 7.2801501465e+02 7.2823699951e+02 7.2846099854e+02 7.2870501709e+02 7.2902099609e+02 7.2928900146e+02 7.2951202393e+02 7.2969702148e+02 7.2987902832e+02 7.3010101318e+02 7.3031500244e+02
7.2044598389e+02 7.2063299561e+02 7.2080999756e+02 7.2095202637e+02 7.2108001709e+02 7.2124798584e+02 7.2149298096e+02 7.2169396973e+02 7.2186602783e+02 7.2203302002e+02 7.2220501709e+02 7.2243298340e+02 7.2262097168e+02 7.2277801514e+02 7.2295001221e+02 7.2315698242e+02 7.2341601563e+02 7.2371801758e+02 7.2402600098e+02 7.2427502441e+02 7.2448297119e+02 7.2467199707e+02 7.2489398193e+02 7.2513299561e+02 7.2534399414e+02 7.2555603027e+02 7.2578698730e+02 7.2604602051e+02 7.2630798340e+02 7.2656298828e+02 7.2679400635e+02 7.2696600342e+02 7.2714898682e+02 7.2734197998e+02 7.2755401611e+02 7.2777600098e+02 7.2799902344e+02 7.2822802734e+02 7.2847100830e+02 7.2876000977e+02 7.2904400635e+02 7.2929797363e+02 7.2950897217e+02 7.2969201660e+02 7.2989099121e+02 7.3009301758e+02
7.2034802246e+02 7.2050701904e+02 7.2065002441e+02 7.2080798340e+02 7.2097497559e+02 7.2117498779e+02 7.2141900635e+02 7.2158898926e+02 7.2175799561e+02 7.2193902588e+02 7.2210797119e+02 7.2232299805e+02 7.2250500488e+02 7.2265802002e+02 7.2284698486e+02 7.2305999756e+02 7.2329998779e+02 7.2357000732e+02 7.2384698486e+02 7.2408599854e+02 7.2430102539e+02 7.2448999023e+02 7.2467102051e+02 7.2489300537e+02 7.2510797119e+02 7.2532397461e+02 7.2555297852e+02 7.2579797363e+02 7.2605401611e+02 7.2631402588e+02 7.2656500244e+02 7.2676098633e+02 7.2695501709e+02 7.2715197754e+02 7.2735601807e+02 7.2756597900e+02 7.2778802490e+02 7.2801800537e+02 7.2825500488e+02 7.2852398682e+02 7.2880700684e+02 7.2907397461e+02 7.2931500244e+02 7.2951000977e+02 7.2970001221e+02 7.2988897705e+02
7.2025000000e+02 7.2039801025e+02 7.2050402832e+02 7.2065802002e+02 7.2085198975e+02 7.2107397461e+02 7.2130499268e+02 7.2146502686e+02 7.2164801025e+02 7.2184802246e+02 7.2200201416e+02 7.2218701172e+02 7.2235998535e+02 7.2252197266e+02 7.2274597168e+02 7.2297302246e+02 7.2319396973e+02 7.2342498779e+02 7.2365399170e+02 7.2385998535e+02 7.2408697510e+02 7.2430603027e+02 7.2448199463e+02 7.2466900635e+02 7.2488500977e+02 7.2511700439e+02 7.2535601807e+02 7.2559399414e+02 7.2584802246e+02 7.2610998535e+02 7.2636798096e+02 7.2658001709e+02 7.2677899170e+02 7.2697497559e+02 7.2717199707e+02 7.2737799072e+02 7.2759997559e+02 7.2783099365e+02 7.2806201172e+02 7.2831597900e+02 7.2859600830e+02 7.2886798096e+02 7.2912200928e+02 7.2933197021e+02 7.2953302002e+02 7.2972497559e+02
7.2013702393e+02 7.2030603027e+02 7.2036602783e+02 7.2051300049e+02 7.2072100830e+02 7.2093298340e+02 7.2114300537e+02 7.2132202148e+02 7.2151098633e+02 7.2171997070e+02 7.2188500977e+02 7.2203002930e+02 7.2220300293e+02 7.2238098145e+02 7.2262500000e+02 7.2286901855e+02 7.2308898926e+02 7.2329602051e+02 7.2349700928e+02 7.2365399170e+02 7.2386199951e+02 7.2411401367e+02 7.2433801270e+02 7.2451300049e+02 7.2472100830e+02 7.2495098877e+02 7.2518499756e+02 7.2543103027e+02 7.2569097900e+02 7.2595501709e+02 7.2622100830e+02 7.2642999268e+02 7.2661901855e+02 7.2679602051e+02 7.2699499512e+02 7.2721801758e+02 7.2743200684e+02 7.2765197754e+02 7.2788500977e+02 7.2815399170e+02 7.2843103027e+02 7.2869897461e+02 7.2894000244e+02 7.2916198730e+02 7.2939202881e+02 7.2960900879e+02
7.2004400635e+02 7.2019201660e+02 7.2028002930e+02 7.2042797852e+02 7.2061102295e+02 7.2078002930e+02 7.2097198486e+02 7.2113800049e+02 7.2132897949e+02 7.2155700684e+02 7.2174700928e+02 7.2186700439e+02 7.2200897217e+02 7.2219702148e+02 7.2245202637e+02 7.2272399902e+02 7.2299298096e+02 7.2319702148e+02 7.2334399414e+02 7.2349902344e+02 7.2367401123e+02 7.2389099121e+02 7.2409698486e+02 7.2428698730e+02 7.2451599121e+02 7.2476501465e+02 7.2501898193e+02 7.2529302979e+02 7.2556298828e+02 7.2582098389e+02 7.2607702637e+02 7.2630798340e+02 7.2648901367e+02 7.2665301514e+02 7.2684301758e+02 7.2706500244e+02 7.2727301025e+02 7.2748797607e+02 7.2773101807e+02 7.2800799561e+02 7.2828302002e+02 7.2853997803e+02 7.2877301025e+02 7.2901599121e+02 7.2927197266e+02 7.2952600098e+02
7.1990899658e+02 7.2002197266e+02 7.2013598633e+02 7.2027502441e+02 7.2041998291e+02 7.2056701660e+02 7.2076800537e+02 7.2094097900e+02 7.2113702393e+02 7.2135498047e+02 7.2157501221e+02 7.2171899414e+02 7.2183697510e+02 7.2202600098e+02 7.2227301025e+02 7.2253601074e+02 7.2283099365e+02 7.2304998779e+02 7.2319201660e+02 7.2336901855e+02 7.2354498291e+02 7.2372601318e+02 7.2389697266e+02 7.2408300781e+02 7.2430499268e+02 7.2455102539e+02 7.2482397461e+02 7.2512500000e+02 7.2540399170e+02 7.2565600586e+02 7.2590301514e+02 7.2614202881e+02 7.2633001709e+02 7.2650201416e+02 7.2669500732e+02 7.2691998291e+02 7.2713500977e+02 7.2735601807e+02 7.2758599854e+02 7.2784600830e+02 7.2811999512e+02 7.2837298584e+02 7.2859899902e+02 7.2884997559e+02 7.2912701416e+02 7.2940802002e+02
7.1970800781e+02 7.1980999756e+02 7.1993298340e+02 7.2008001709e+02 7.2021600342e+02 7.2036499023e+02 7.2058001709e+02 7.2078002930e+02 7.2100299072e+02 7.2119897461e+02 7.2139801025e+02 7.2158502197e+02 7.2168902588e+02 7.2186102295e+02 7.2212298584e+02 7.2237500000e+02 7.2263800049e+02 7.2284997559e+02 7.2302398682e+02 7.2322302246e+02 7.2340899658e+02 7.2357501221e+02 7.2373999023e+02 7.2391601563e+02 7.2410601807e+02 7.2432000732e+02 7.2460101318e+02 7.2492797852e+02 7.2521197510e+02 7.2546997070e+02 7.2571697998e+02 7.2595300293e+02 7.2614801025e+02 7.2633099365e+02 7.2653802490e+02 7.2677697754e+02 7.2700500488e+02 7.2723400879e+02 7.2745098877e+02 7.2769201660e+02 7.2796197510e+02 7.2821197510e+02 7.2842901611e+02 7.2867297363e+02 7.2896099854e+02 7.2926202393e+02
