TESTSERVER/19/3.asc
NCOLS 100
NROWS 100
XLLCORNER 8.4497500000e+03
YLLCORNER 2.8980025000e+05
CELLSIZE 5.0000000000e-01
NODATA_VALUE -9.9990000000e+03
[rows 0 to 19 of 100, columns 0 to 45 of 100]
7.1295800781e+02 7.1305700684e+02 7.1314898682e+02 7.1329602051e+02 7.1339202881e+02 7.1348199463e+02 7.1363800049e+02 7.1384802246e+02 7.1411401367e+02 7.1439099121e+02 7.1445098877e+02 7.1446899414e+02 7.1462200928e+02 7.1479797363e+02 7.1495098877e+02 7.1513897705e+02 7.1535601807e+02 7.1563897705e+02 7.1584997559e+02 7.1608697510e+02 7.1638201904e+02 7.1654498291e+02 7.1660302734e+02 7.1669000244e+02 7.1684802246e+02 7.1712902832e+02 7.1743902588e+02 7.1775402832e+02 7.1804400635e+02 7.1829699707e+02 7.1851202393e+02 7.1875897217e+02 7.1908197021e+02 7.1938598633e+02 7.1957501221e+02 7.1972998047e+02 7.1989697266e+02 7.2004901123e+02 7.2021600342e+02 7.2039398193e+02 7.2055999756e+02 7.2069897461e+02 7.2078302002e+02 7.2092700195e+02 7.2127001953e+02 7.2169799805e+02
7.1288897705e+02 7.1307299805e+02 7.1319097900e+02 7.1327099609e+02 7.1332598877e+02 7.1343200684e+02 7.1356402588e+02 7.1371197510e+02 7.1393902588e+02 7.1421600342e+02 7.1432000732e+02 7.1436102295e+02 7.1453100586e+02 7.1469702148e+02 7.1483502197e+02 7.1502600098e+02 7.1526702881e+02 7.1555102539e+02 7.1579400635e+02 7.1604101563e+02 7.1629602051e+02 7.1645098877e+02 7.1653997803e+02 7.1661901855e+02 7.1675299072e+02 7.1702398682e+02 7.1732397461e+02 7.1762701416e+02 7.1792901611e+02 7.1817297363e+02 7.1838098145e+02 7.1861901855e+02 7.1894897461e+02 7.1923699951e+02 7.1941699219e+02 7.1956500244e+02 7.1974102783e+02 7.1989898682e+02 7.2003997803e+02 7.2018798828e+02 7.2037500000e+02 7.2056201172e+02 7.2070202637e+02 7.2089099121e+02 7.2122802734e+02 7.2162298584e+02
7.1278399658e+02 7.1303302002e+02 7.1316497803e+02 7.1322601318e+02 7.1326599121e+02 7.1339501953e+02 7.1354699707e+02 7.1367199707e+02 7.1383300781e+02 7.1405999756e+02 7.1419000244e+02 7.1427801514e+02 7.1446002197e+02 7.1462597656e+02 7.1475402832e+02 7.1492102051e+02 7.1516699219e+02 7.1541601563e+02 7.1568499756e+02 7.1596801758e+02 7.1620001221e+02 7.1635900879e+02 7.1647601318e+02 7.1656201172e+02 7.1668499756e+02 7.1694396973e+02 7.1723199463e+02 7.1753198242e+02 7.1783398438e+02 7.1807702637e+02 7.1828002930e+02 7.1850500488e+02 7.1881298828e+02 7.1908697510e+02 7.1926800537e+02 7.1941497803e+02 7.1958697510e+02 7.1975701904e+02 7.1991601563e+02 7.2007299805e+02 7.2025799561e+02 7.2047802734e+02 7.2066802979e+02 7.2089001465e+02 7.2119299316e+02 7.2152099609e+02
7.1273602295e+02 7.1293597412e+02 7.1302001953e+02 7.1310601807e+02 7.1319299316e+02 7.1332397461e+02 7.1349102783e+02 7.1362298584e+02 7.1377001953e+02 7.1394000244e+02 7.1406701660e+02 7.1418298340e+02 7.1434100342e+02 7.1453698730e+02 7.1468597412e+02 7.1483197021e+02 7.1505798340e+02 7.1526501465e+02 7.1552197266e+02 7.1582202148e+02 7.1606500244e+02 7.1624798584e+02 7.1640698242e+02 7.1652197266e+02 7.1663702393e+02 7.1687597656e+02 7.1715600586e+02 7.1745300293e+02 7.1774798584e+02 7.1798901367e+02 7.1818798828e+02 7.1839898682e+02 7.1867401123e+02 7.1893798828e+02 7.1913800049e+02 7.1929998779e+02 7.1946398926e+02 7.1963000488e+02 7.1982202148e+02 7.2002001953e+02 7.2021197510e+02 7.2043200684e+02 7.2064398193e+02 7.2087799072e+02 7.2113598633e+02 7.2138897705e+02
7.1269000244e+02 7.1285601807e+02 7.1290002441e+02 7.1298498535e+02 7.1310498047e+02 7.1324200439e+02 7.1339599609e+02 7.1351800537e+02 7.1367199707e+02 7.1380700684e+02 7.1392401123e+02 7.1405499268e+02 7.1420697021e+02 7.1449102783e+02 7.1466101074e+02 7.1478302002e+02 7.1498999023e+02 7.1518701172e+02 7.1539001465e+02 7.1564202881e+02 7.1589202881e+02 7.1610601807e+02 7.1630200195e+02 7.1647399902e+02 7.1658300781e+02 7.1679998779e+02 7.1708001709e+02 7.1737402344e+02 7.1764501953e+02 7.1786297607e+02 7.1806896973e+02 7.1828399658e+02 7.1852801514e+02 7.1878698730e+02 7.1902099609e+02 7.1921899414e+02 7.1938800049e+02 7.1952697754e+02 7.1973602295e+02 7.1998400879e+02 7.2020098877e+02 7.2036700439e+02 7.2056896973e+02 7.2080700684e+02 7.2105603027e+02 7.2124102783e+02
7.1261602783e+02 7.1274200439e+02 7.1279302979e+02 7.1287799072e+02 7.1298199463e+02 7.1310699463e+02 7.1328802490e+02 7.1344500732e+02 7.1361297607e+02 7.1374902344e+02 7.1385699463e+02 7.1396899414e+02 7.1411798096e+02 7.1436700439e+02 7.1452600098e+02 7.1468200684e+02 7.1490301514e+02 7.1509399414e+02 7.1527301025e+02 7.1551202393e+02 7.1580603027e+02 7.1603802490e+02 7.1621301270e+02 7.1637597656e+02 7.1649499512e+02 7.1671697998e+02 7.1698699951e+02 7.1726397705e+02 7.1749499512e+02 7.1769799805e+02 7.1795202637e+02 7.1822198486e+02 7.1847497559e+02 7.1871002197e+02 7.1893902588e+02 7.1914801025e+02 7.1933398438e+02 7.1942901611e+02 7.1959600830e+02 7.1988201904e+02 7.2016699219e+02 7.2032299805e+02 7.2048797607e+02 7.2070599365e+02 7.2093597412e+02 7.2112701416e+02
7.1253900146e+02 7.1261700439e+02 7.1266802979e+02 7.1275897217e+02 7.1285998535e+02 7.1297100830e+02 7.1314801025e+02 7.1332702637e+02 7.1352801514e+02 7.1370001221e+02 7.1381701660e+02 7.1391699219e+02 7.1403601074e+02 7.1417901611e+02 7.1434399414e+02 7.1454998779e+02 7.1479901123e+02 7.1499298096e+02 7.1517602539e+02 7.1541302490e+02 7.1570397949e+02 7.1594097900e+02 7.1614801025e+02 7.1633300781e+02 7.1645501709e+02 7.1664697266e+02 7.1687701416e+02 7.1711401367e+02 7.1733197021e+02 7.1757000732e+02 7.1787500000e+02 7.1819201660e+02 7.1844299316e+02 7.1864697266e+02 7.1886602783e+02 7.1907202148e+02 7.1926501465e+02 7.1933099365e+02 7.1944598389e+02 7.1971997070e+02 7.2004901123e+02 7.2022302246e+02 7.2038800049e+02 7.2059802246e+02 7.2081701660e+02 7.2103497314e+02
7.1249298096e+02 7.1255499268e+02 7.1259997559e+02 7.1268597412e+02 7.1279699707e+02 7.1290301514e+02 7.1303698730e+02 7.1319897461e+02 7.1341101074e+02 7.1360302734e+02 7.1373400879e+02 7.1385101318e+02 7.1399597168e+02 7.1412701416e+02 7.1427001953e+02 7.1446502686e+02 7.1469201660e+02 7.1489202881e+02 7.1511199951e+02 7.1537097168e+02 7.1561999512e+02 7.1584899902e+02 7.1608001709e+02 7.1628900146e+02 7.1642901611e+02 7.1659997559e+02 7.1678900146e+02 7.1698602295e+02 7.1718499756e+02 7.1744702148e+02 7.1778601074e+02 7.1813000488e+02 7.1837902832e+02 7.1857000732e+02 7.1878100586e+02 7.1898297119e+02 7.1917797852e+02 7.1926397705e+02 7.1936401367e+02 7.1960498047e+02 7.1990997314e+02 7.2008001709e+02 7.2026202393e+02 7.2047998047e+02 7.2070397949e+02 7.2094097900e+02
7.1250897217e+02 7.1255902100e+02 7.1258099365e+02 7.1263897705e+02 7.1274798584e+02 7.1286901855e+02 7.1298297119e+02 7.1313000488e+02 7.1330798340e+02 7.1347698975e+02 7.1361199951e+02 7.1374700928e+02 7.1393499756e+02 7.1410699463e+02 7.1425097656e+02 7.1442602539e+02 7.1460797119e+02 7.1480200195e+02 7.1503399658e+02 7.1530297852e+02 7.1555999756e+02 7.1579199219e+02 7.1602398682e+02 7.1622302246e+02 7.1639300537e+02 7.1658099365e+02 7.1675000000e+02 7.1691699219e+02 7.1708599854e+02 7.1731201172e+02 7.1764001465e+02 7.1798297119e+02 7.1826098633e+02 7.1846099854e+02 7.1867199707e+02 7.1887597656e+02 7.1906402588e+02 7.1920898438e+02 7.1936297607e+02 7.1958197021e+02 7.1980200195e+02 7.1995898438e+02 7.2015997314e+02 7.2038702393e+02 7.2062902832e+02 7.2084497070e+02
7.1249597168e+02 7.1259497070e+02 7.1264202881e+02 7.1267602539e+02 7.1274700928e+02 7.1285400391e+02 7.1297399902e+02 7.1312597656e+02 7.1328698730e+02 7.1341101074e+02 7.1352801514e+02 7.1365502930e+02 7.1384399414e+02 7.1402600098e+02 7.1420800781e+02 7.1440399170e+02 7.1457000732e+02 7.1475299072e+02 7.1498101807e+02 7.1526300049e+02 7.1557299805e+02 7.1580499268e+02 7.1598999023e+02 7.1619500732e+02 7.1642797852e+02 7.1659802246e+02 7.1672497559e+02 7.1685101318e+02 7.1699401855e+02 7.1718402100e+02 7.1747302246e+02 7.1780297852e+02 7.1809802246e+02 7.1833398438e+02 7.1857501221e+02 7.1880700684e+02 7.1901300049e+02 7.1916601563e+02 7.1932800293e+02 7.1951800537e+02 7.1971002197e+02 7.1988598633e+02 7.2008898926e+02 7.2028100586e+02 7.2050097656e+02 7.2072198486e+02
7.1249902344e+02 7.1257098389e+02 7.1263800049e+02 7.1269396973e+02 7.1274597168e+02 7.1283599854e+02 7.1296301270e+02 7.1312500000e+02 7.1328601074e+02 7.1339300537e+02 7.1351397705e+02 7.1366302490e+02 7.1385900879e+02 7.1403198242e+02 7.1416900635e+02 7.1434301758e+02 7.1452899170e+02 7.1472900391e+02 7.1496997070e+02 7.1525500488e+02 7.1557000732e+02 7.1579797363e+02 7.1594598389e+02 7.1615502930e+02 7.1642102051e+02 7.1657598877e+02 7.1668701172e+02 7.1680499268e+02 7.1693499756e+02 7.1708398438e+02 7.1732598877e+02 7.1762597656e+02 7.1792102051e+02 7.1818597412e+02 7.1845800781e+02 7.1871697998e+02 7.1895300293e+02 7.1912097168e+02 7.1926300049e+02 7.1941900635e+02 7.1958599854e+02 7.1979199219e+02 7.1999798584e+02 7.2017102051e+02 7.2037298584e+02 7.2058801270e+02
7.1255603027e+02 7.1257299805e+02 7.1262097168e+02 7.1270599365e+02 7.1276300049e+02 7.1284600830e+02 7.1297302246e+02 7.1311499023e+02 7.1325701904e+02 7.1336602783e+02 7.1350701904e+02 7.1368200684e+02 7.1391802979e+02 7.1412200928e+02 7.1419097900e+02 7.1431097412e+02 7.1449798584e+02 7.1472302246e+02 7.1497900391e+02 7.1524798584e+02 7.1550097656e+02 7.1573901367e+02 7.1590399170e+02 7.1608300781e+02 7.1632800293e+02 7.1650402832e+02 7.1663397217e+02 7.1677001953e+02 7.1688897705e+02 7.1699499512e+02 7.1719097900e+02 7.1745397949e+02 7.1773999023e+02 7.1802398682e+02 7.1831298828e+02 7.1859100342e+02 7.1884698486e+02 7.1902502441e+02 7.1915399170e+02 7.1928900146e+02 7.1944201660e+02 7.1967602539e+02 7.1989501953e+02 7.2006799316e+02 7.2027001953e+02 7.2047399902e+02
7.1260101318e+02 7.1259899902e+02 7.1263397217e+02 7.1271398926e+02 7.1276000977e+02 7.1285998535e+02 7.1297900391e+02 7.1308599854e+02 7.1321099854e+02 7.1333300781e+02 7.1348400879e+02 7.1365698242e+02 7.1388201904e+02 7.1410498047e+02 7.1419299316e+02 7.1431597900e+02 7.1450000000e+02 7.1473999023e+02 7.1500097656e+02 7.1524597168e+02 7.1543798828e+02 7.1563897705e+02 7.1585797119e+02 7.1601599121e+02 7.1621197510e+02 7.1639801025e+02 7.1653900146e+02 7.1669299316e+02 7.1682702637e+02 7.1690698242e+02 7.1707202148e+02 7.1730297852e+02 7.1756097412e+02 7.1785302734e+02 7.1815100098e+02 7.1843701172e+02 7.1869500732e+02 7.1884399414e+02 7.1898602295e+02 7.1914501953e+02 7.1930297852e+02 7.1955401611e+02 7.1978802490e+02 7.1996899414e+02 7.2015502930e+02 7.2035699463e+02
7.1258197021e+02 7.1260198975e+02 7.1266900635e+02 7.1274700928e+02 7.1275701904e+02 7.1284497070e+02 7.1294799805e+02 7.1305499268e+02 7.1320397949e+02 7.1333801270e+02 7.1348199463e+02 7.1364300537e+02 7.1384802246e+02 7.1401300049e+02 7.1417498779e+02 7.1436602783e+02 7.1454998779e+02 7.1477197266e+02 7.1501599121e+02 7.1524499512e+02 7.1541198730e+02 7.1560400391e+02 7.1581500244e+02 7.1595501709e+02 7.1613299561e+02 7.1631896973e+02 7.1646197510e+02 7.1661401367e+02 7.1674401855e+02 7.1683300781e+02 7.1698999023e+02 7.1720599365e+02 7.1744799805e+02 7.1771502686e+02 7.1800201416e+02 7.1826800537e+02 7.1847900391e+02 7.1862500000e+02 7.1881500244e+02 7.1902301025e+02 7.1918902588e+02 7.1939801025e+02 7.1962097168e+02 7.1980798340e+02 7.2002502441e+02 7.2024700928e+02
7.1255999756e+02 7.1257897949e+02 7.1264801025e+02 7.1273400879e+02 7.1278802490e+02 7.1284997559e+02 7.1295300293e+02 7.1308001709e+02 7.1322900391e+02 7.1338299561e+02 7.1352001953e+02 7.1365100098e+02 7.1382702637e+02 7.1399597168e+02 7.1417797852e+02 7.1437298584e+02 7.1455499268e+02 7.1478601074e+02 7.1500500488e+02 7.1521502686e+02 7.1540002441e+02 7.1557501221e+02 7.1574902344e+02 7.1586700439e+02 7.1603601074e+02 7.1621502686e+02 7.1636700439e+02 7.1652697754e+02 7.1666699219e+02 7.1679302979e+02 7.1695300293e+02 7.1714398193e+02 7.1735699463e+02 7.1760198975e+02 7.1785699463e+02 7.1809399414e+02 7.1829302979e+02 7.1846600342e+02 7.1867401123e+02 7.1889398193e+02 7.1907000732e+02 7.1924298096e+02 7.1948101807e+02 7.1970800781e+02 7.1993499756e+02 7.2015997314e+02
7.1262097168e+02 7.1270001221e+02 7.1274102783e+02 7.1276300049e+02 7.1282598877e+02 7.1290399170e+02 7.1301800537e+02 7.1314202881e+02 7.1327502441e+02 7.1342401123e+02 7.1356201172e+02 7.1368902588e+02 7.1385198975e+02 7.1400701904e+02 7.1416497803e+02 7.1433898926e+02 7.1453698730e+02 7.1478601074e+02 7.1497802734e+02 7.1517401123e+02 7.1538098145e+02 7.1551202393e+02 7.1563702393e+02 7.1575500488e+02 7.1592498779e+02 7.1608502197e+02 7.1624200439e+02 7.1641302490e+02 7.1656799316e+02 7.1672399902e+02 7.1689599609e+02 7.1708502197e+02 7.1728601074e+02 7.1750097656e+02 7.1771600342e+02 7.1792401123e+02 7.1813299561e+02 7.1834002686e+02 7.1854699707e+02 7.1875799561e+02 7.1893701172e+02 7.1910998535e+02 7.1936199951e+02 7.1961401367e+02 7.1984197998e+02 7.2006201172e+02
7.1275000000e+02 7.1284997559e+02 7.1283099365e+02 7.1277301025e+02 7.1282800293e+02 7.1296099854e+02 7.1308398438e+02 7.1318402100e+02 7.1332000732e+02 7.1340399170e+02 7.1351300049e+02 7.1366900635e+02 7.1384899902e+02 7.1401202393e+02 7.1417199707e+02 7.1434399414e+02 7.1455102539e+02 7.1478802490e+02 7.1494097900e+02 7.1512701416e+02 7.1538201904e+02 7.1547100830e+02 7.1554901123e+02 7.1566802979e+02 7.1582702637e+02 7.1597698975e+02 7.1614398193e+02 7.1632299805e+02 7.1648797607e+02 7.1661199951e+02 7.1680200195e+02 7.1702398682e+02 7.1723797607e+02 7.1741998291e+02 7.1758197021e+02 7.1775598145e+02 7.1796002197e+02 7.1820397949e+02 7.1841302490e+02 7.1861199951e+02 7.1882098389e+02 7.1902001953e+02 7.1926300049e+02 7.1952099609e+02 7.1974700928e+02 7.1994299316e+02
7.1273199463e+02 7.1281402588e+02 7.1283001709e+02 7.1281597900e+02 7.1289202881e+02 7.1303997803e+02 7.1319396973e+02 7.1328601074e+02 7.1334698486e+02 7.1342297363e+02 7.1349499512e+02 7.1365301514e+02 7.1383801270e+02 7.1401202393e+02 7.1418597412e+02 7.1434497070e+02 7.1451599121e+02 7.1471997070e+02 7.1486700439e+02 7.1505499268e+02 7.1530603027e+02 7.1543103027e+02 7.1548297119e+02 7.1558398438e+02 7.1573400879e+02 7.1589599609e+02 7.1604797363e+02 7.1621801758e+02 7.1637902832e+02 7.1652099609e+02 7.1673400879e+02 7.1697497559e+02 7.1717498779e+02 7.1733898926e+02 7.1747601318e+02 7.1763800049e+02 7.1784899902e+02 7.1806896973e+02 7.1826098633e+02 7.1847198486e+02 7.1871398926e+02 7.1892102051e+02 7.1914501953e+02 7.1942602539e+02 7.1967602539e+02 7.1990301514e+02
7.1271997070e+02 7.1278100586e+02 7.1285601807e+02 7.1291101074e+02 7.1298498535e+02 7.1310601807e+02 7.1327099609e+02 7.1336700439e+02 7.1337500000e+02 7.1343597412e+02 7.1352301025e+02 7.1367102051e+02 7.1383398438e+02 7.1399200439e+02 7.1416802979e+02 7.1432397461e+02 7.1447100830e+02 7.1465197754e+02 7.1481701660e+02 7.1500402832e+02 7.1520599365e+02 7.1534100342e+02 7.1540802002e+02 7.1552697754e+02 7.1566998291e+02 7.1582897949e+02 7.1596801758e+02 7.1612500000e+02 7.1628698730e+02 7.1644702148e+02 7.1666400146e+02 7.1689202881e+02 7.1708001709e+02 7.1723400879e+02 7.1738397217e+02 7.1754602051e+02 7.1773999023e+02 7.1794201660e+02 7.1811901855e+02 7.1834002686e+02 7.1860797119e+02 7.1880902100e+02 7.1898999023e+02 7.1925701904e+02 7.1952197266e+02 7.1978698730e+02
7.1278198242e+02 7.1283300781e+02 7.1290399170e+02 7.1299902344e+02 7.1312298584e+02 7.1320300293e+02 7.1328497314e+02 7.1333801270e+02 7.1337902832e+02 7.1346502686e+02 7.1358099365e+02 7.1371801758e+02 7.1385900879e+02 7.1398797607e+02 7.1414697266e+02 7.1428802490e+02 7.1442700195e+02 7.1460302734e+02 7.1477301025e+02 7.1494897461e+02 7.1512500000e+02 7.1524298096e+02 7.1532800293e+02 7.1547698975e+02 7.1560797119e+02 7.1573999023e+02 7.1589001465e+02 7.1606298828e+02 7.1622302246e+02 7.1637597656e+02 7.1656896973e+02 7.1677001953e+02 7.1696801758e+02 7.1713397217e+02 7.1730401611e+02 7.1746697998e+02 7.1763201904e+02 7.1784399414e+02 7.1803302002e+02 7.1824200439e+02 7.1847198486e+02 7.1865698242e+02 7.1882397461e+02 7.1907897949e+02 7.1932501221e+02 7.1956799316e+02
