TESTSERVER/19/4.asc
NCOLS 100
NROWS 100
XLLCORNER 8.4497500000e+03
YLLCORNER 2.8975025000e+05
CELLSIZE 5.0000000000e-01
NODATA_VALUE -9.9990000000e+03
[rows 80 to 99 of 100, columns 46 to 91 of 100]
7.0251098633e+02 7.0263897705e+02 7.0280102539e+02 7.0296197510e+02 7.0313201904e+02 7.0329901123e+02 7.0346801758e+02 7.0364697266e+02 7.0379699707e+02 7.0395397949e+02 7.0415802002e+02 7.0432000732e+02 7.0450897217e+02 7.0472802734e+02 7.0490899658e+02 7.0503900146e+02 7.0518200684e+02 7.0533898926e+02 7.0553601074e+02 7.0566497803e+02 7.0584100342e+02 7.0603399658e+02 7.0619500732e+02 7.0633697510e+02 7.0651501465e+02 7.0665502930e+02 7.0678698730e+02 7.0695001221e+02 7.0712597656e+02 7.0722399902e+02 7.0731799316e+02 7.0745898438e+02 7.0760601807e+02 7.0775701904e+02 7.0794500732e+02 7.0822100830e+02 7.0842901611e+02 7.0858001709e+02 7.0875598145e+02 7.0896301270e+02 7.0915698242e+02 7.0934899902e+02 7.0954901123e+02 7.0975000000e+02 7.0995599365e+02 7.1014099121e+02
7.0232800293e+02 7.0251501465e+02 7.0273400879e+02 7.0286499023e+02 7.0299401855e+02 7.0317999268e+02 7.0333398438e+02 7.0349700928e+02 7.0364801025e+02 7.0380499268e+02 7.0399200439e+02 7.0413897705e+02 7.0432299805e+02 7.0451300049e+02 7.0470300293e+02 7.0486999512e+02 7.0502899170e+02 7.0518597412e+02 7.0536499023e+02 7.0554797363e+02 7.0573101807e+02 7.0587097168e+02 7.0598297119e+02 7.0616400146e+02 7.0635601807e+02 7.0651702881e+02 7.0666400146e+02 7.0680700684e+02 7.0697497559e+02 7.0710699463e+02 7.0720397949e+02 7.0732501221e+02 7.0747698975e+02 7.0762799072e+02 7.0778802490e+02 7.0802697754e+02 7.0823400879e+02 7.0840301514e+02 7.0857800293e+02 7.0878802490e+02 7.0900299072e+02 7.0921697998e+02 7.0942199707e+02 7.0958697510e+02 7.0977197266e+02 7.0995501709e+02
7.0220001221e+02 7.0237097168e+02 7.0257800293e+02 7.0272998047e+02 7.0283599854e+02 7.0300897217e+02 7.0317797852e+02 7.0333502197e+02 7.0348297119e+02 7.0364001465e+02 7.0379998779e+02 7.0398400879e+02 7.0417901611e+02 7.0433398438e+02 7.0450799561e+02 7.0468402100e+02 7.0485797119e+02 7.0500897217e+02 7.0516497803e+02 7.0538500977e+02 7.0558001709e+02 7.0570599365e+02 7.0581896973e+02 7.0598498535e+02 7.0617297363e+02 7.0635699463e+02 7.0652301025e+02 7.0667700195e+02 7.0684600830e+02 7.0698797607e+02 7.0709399414e+02 7.0721502686e+02 7.0735400391e+02 7.0748400879e+02 7.0761499023e+02 7.0781097412e+02 7.0801300049e+02 7.0820397949e+02 7.0839801025e+02 7.0859802246e+02 7.0881799316e+02 7.0905102539e+02 7.0928997803e+02 7.0943597412e+02 7.0959497070e+02 7.0977099609e+02
7.0202600098e+02 7.0217901611e+02 7.0235498047e+02 7.0253802490e+02 7.0267199707e+02 7.0284002686e+02 7.0302398682e+02 7.0314697266e+02 7.0327301025e+02 7.0344897461e+02 7.0361499023e+02 7.0380798340e+02 7.0400201416e+02 7.0415502930e+02 7.0434399414e+02 7.0451599121e+02 7.0469598389e+02 7.0485699463e+02 7.0502197266e+02 7.0519598389e+02 7.0539202881e+02 7.0554199219e+02 7.0568798828e+02 7.0583398438e+02 7.0601898193e+02 7.0620599365e+02 7.0636602783e+02 7.0653601074e+02 7.0670397949e+02 7.0684197998e+02 7.0696997070e+02 7.0711102295e+02 7.0724298096e+02 7.0736297607e+02 7.0747998047e+02 7.0764501953e+02 7.0782897949e+02 7.0802197266e+02 7.0822198486e+02 7.0840997314e+02 7.0862402344e+02 7.0885998535e+02 7.0910498047e+02 7.0926300049e+02 7.0943798828e+02 7.0960498047e+02
7.0188000488e+02 7.0203900146e+02 7.0220397949e+02 7.0237597656e+02 7.0254998779e+02 7.0273602295e+02 7.0293499756e+02 7.0301702881e+02 7.0309899902e+02 7.0325897217e+02 7.0346197510e+02 7.0364300537e+02 7.0382397461e+02 7.0401599121e+02 7.0423400879e+02 7.0436602783e+02 7.0454400635e+02 7.0472900391e+02 7.0490002441e+02 7.0504302979e+02 7.0523602295e+02 7.0539001465e+02 7.0554699707e+02 7.0566699219e+02 7.0584899902e+02 7.0604699707e+02 7.0621398926e+02 7.0639898682e+02 7.0657098389e+02 7.0669299316e+02 7.0681201172e+02 7.0697497559e+02 7.0710400391e+02 7.0723602295e+02 7.0742999268e+02 7.0755499268e+02 7.0769500732e+02 7.0785601807e+02 7.0804901123e+02 7.0826202393e+02 7.0847802734e+02 7.0868798828e+02 7.0888299561e+02 7.0908099365e+02 7.0926800537e+02 7.0942401123e+02
7.0177001953e+02 7.0191497803e+02 7.0206097412e+02 7.0220898438e+02 7.0238299561e+02 7.0258502197e+02 7.0273901367e+02 7.0279699707e+02 7.0292401123e+02 7.0308898926e+02 7.0328900146e+02 7.0348498535e+02 7.0366699219e+02 7.0384197998e+02 7.0403497314e+02 7.0418597412e+02 7.0439202881e+02 7.0458300781e+02 7.0472998047e+02 7.0487701416e+02 7.0503900146e+02 7.0520397949e+02 7.0537701416e+02 7.0552502441e+02 7.0570202637e+02 7.0588500977e+02 7.0608197021e+02 7.0625897217e+02 7.0642602539e+02 7.0653900146e+02 7.0665301514e+02 7.0677697754e+02 7.0689398193e+02 7.0702099609e+02 7.0721697998e+02 7.0740197754e+02 7.0755700684e+02 7.0771398926e+02 7.0788800049e+02 7.0809301758e+02 7.0830902100e+02 7.0851300049e+02 7.0870800781e+02 7.0891699219e+02 7.0908099365e+02 7.0925299072e+02
7.0163098145e+02 7.0179199219e+02 7.0194702148e+02 7.0208801270e+02 7.0225799561e+02 7.0244500732e+02 7.0258001709e+02 7.0266601563e+02 7.0279400635e+02 7.0294000244e+02 7.0311602783e+02 7.0331500244e+02 7.0349798584e+02 7.0367797852e+02 7.0386499023e+02 7.0404498291e+02 7.0426800537e+02 7.0445800781e+02 7.0459899902e+02 7.0474298096e+02 7.0487701416e+02 7.0504699707e+02 7.0520001221e+02 7.0535998535e+02 7.0554901123e+02 7.0574700928e+02 7.0593701172e+02 7.0608502197e+02 7.0624298096e+02 7.0636901855e+02 7.0649102783e+02 7.0660302734e+02 7.0672802734e+02 7.0685699463e+02 7.0702801514e+02 7.0721899414e+02 7.0739801025e+02 7.0757202148e+02 7.0774102783e+02 7.0792797852e+02 7.0812701416e+02 7.0833099365e+02 7.0852697754e+02 7.0874102783e+02 7.0891302490e+02 7.0908801270e+02
7.0151098633e+02 7.0166302490e+02 7.0183197021e+02 7.0202801514e+02 7.0221301270e+02 7.0236102295e+02 7.0246398926e+02 7.0257702637e+02 7.0270202637e+02 7.0282397461e+02 7.0296099854e+02 7.0315399170e+02 7.0333099365e+02 7.0351599121e+02 7.0371502686e+02 7.0388598633e+02 7.0410101318e+02 7.0429699707e+02 7.0446502686e+02 7.0461499023e+02 7.0475000000e+02 7.0491601563e+02 7.0503802490e+02 7.0516699219e+02 7.0535699463e+02 7.0559899902e+02 7.0579699707e+02 7.0590802002e+02 7.0605603027e+02 7.0619702148e+02 7.0632800293e+02 7.0645397949e+02 7.0658898926e+02 7.0671801758e+02 7.0688201904e+02 7.0706097412e+02 7.0724298096e+02 7.0742700195e+02 7.0760400391e+02 7.0779199219e+02 7.0799700928e+02 7.0821099854e+02 7.0839898682e+02 7.0861199951e+02 7.0878100586e+02 7.0894396973e+02
7.0151000977e+02 7.0160101318e+02 7.0173400879e+02 7.0194702148e+02 7.0212902832e+02 7.0222497559e+02 7.0228302002e+02 7.0241101074e+02 7.0255102539e+02 7.0268902588e+02 7.0283502197e+02 7.0301800537e+02 7.0320599365e+02 7.0338397217e+02 7.0357000732e+02 7.0371997070e+02 7.0394201660e+02 7.0413897705e+02 7.0430297852e+02 7.0444396973e+02 7.0459399414e+02 7.0475500488e+02 7.0488598633e+02 7.0501800537e+02 7.0518499756e+02 7.0541400146e+02 7.0562500000e+02 7.0573199463e+02 7.0586798096e+02 7.0601300049e+02 7.0616198730e+02 7.0629797363e+02 7.0643298340e+02 7.0656799316e+02 7.0671697998e+02 7.0689001465e+02 7.0708099365e+02 7.0728002930e+02 7.0749200439e+02 7.0766601563e+02 7.0788299561e+02 7.0809698486e+02 7.0829101563e+02 7.0849298096e+02 7.0866497803e+02 7.0884399414e+02
7.0147601318e+02 7.0149499512e+02 7.0158001709e+02 7.0177001953e+02 7.0196398926e+02 7.0207501221e+02 7.0215698242e+02 7.0225000000e+02 7.0237402344e+02 7.0253900146e+02 7.0268597412e+02 7.0284497070e+02 7.0305499268e+02 7.0323400879e+02 7.0341998291e+02 7.0356701660e+02 7.0376501465e+02 7.0396502686e+02 7.0415002441e+02 7.0427099609e+02 7.0443597412e+02 7.0460998535e+02 7.0474102783e+02 7.0488000488e+02 7.0502801514e+02 7.0519000244e+02 7.0537097168e+02 7.0554498291e+02 7.0570397949e+02 7.0583801270e+02 7.0598400879e+02 7.0611401367e+02 7.0627197266e+02 7.0644000244e+02 7.0658502197e+02 7.0674902344e+02 7.0692297363e+02 7.0711602783e+02 7.0732702637e+02 7.0749597168e+02 7.0770501709e+02 7.0790502930e+02 7.0812902832e+02 7.0836901855e+02 7.0855999756e+02 7.0870800781e+02
7.0133898926e+02 7.0135699463e+02 7.0144396973e+02 7.0160498047e+02 7.0178997803e+02 7.0190698242e+02 7.0199798584e+02 7.0207897949e+02 7.0221002197e+02 7.0239599609e+02 7.0255297852e+02 7.0268701172e+02 7.0288201904e+02 7.0306298828e+02 7.0324200439e+02 7.0341302490e+02 7.0358099365e+02 7.0378900146e+02 7.0402801514e+02 7.0415600586e+02 7.0430499268e+02 7.0446600342e+02 7.0458599854e+02 7.0471697998e+02 7.0487097168e+02 7.0503802490e+02 7.0520898438e+02 7.0537200928e+02 7.0552899170e+02 7.0565502930e+02 7.0579302979e+02 7.0593298340e+02 7.0609600830e+02 7.0626800537e+02 7.0642498779e+02 7.0660400391e+02 7.0678497314e+02 7.0696502686e+02 7.0714300537e+02 7.0733300781e+02 7.0752899170e+02 7.0772802734e+02 7.0797302246e+02 7.0826397705e+02 7.0847900391e+02 7.0861199951e+02
7.0115997314e+02 7.0123400879e+02 7.0134100342e+02 7.0148199463e+02 7.0163201904e+02 7.0172601318e+02 7.0180902100e+02 7.0191998291e+02 7.0207702637e+02 7.0226300049e+02 7.0242297363e+02 7.0254400635e+02 7.0270599365e+02 7.0286499023e+02 7.0304101563e+02 7.0324102783e+02 7.0340698242e+02 7.0360498047e+02 7.0384197998e+02 7.0399102783e+02 7.0412402344e+02 7.0428302002e+02 7.0442297363e+02 7.0457299805e+02 7.0472998047e+02 7.0487701416e+02 7.0505297852e+02 7.0520501709e+02 7.0536102295e+02 7.0547497559e+02 7.0560900879e+02 7.0578997803e+02 7.0593798828e+02 7.0608398438e+02 7.0624499512e+02 7.0641699219e+02 7.0662402344e+02 7.0681500244e+02 7.0698199463e+02 7.0719598389e+02 7.0736901855e+02 7.0755102539e+02 7.0777899170e+02 7.0808697510e+02 7.0830798340e+02 7.0845697021e+02
7.0099200439e+02 7.0110400391e+02 7.0121197510e+02 7.0130499268e+02 7.0144000244e+02 7.0154797363e+02 7.0162701416e+02 7.0176800537e+02 7.0193298340e+02 7.0209301758e+02 7.0225799561e+02 7.0240100098e+02 7.0255297852e+02 7.0272998047e+02 7.0290197754e+02 7.0309002686e+02 7.0326397705e+02 7.0342102051e+02 7.0358898926e+02 7.0377099609e+02 7.0391802979e+02 7.0408099365e+02 7.0425897217e+02 7.0442797852e+02 7.0459399414e+02 7.0472399902e+02 7.0489099121e+02 7.0507800293e+02 7.0523602295e+02 7.0532098389e+02 7.0544702148e+02 7.0563098145e+02 7.0578100586e+02 7.0591497803e+02 7.0607397461e+02 7.0626501465e+02 7.0647998047e+02 7.0666400146e+02 7.0683398438e+02 7.0703002930e+02 7.0718597412e+02 7.0737097168e+02 7.0762597656e+02 7.0790502930e+02 7.0807598877e+02 7.0821398926e+02
7.0084100342e+02 7.0098400879e+02 7.0111499023e+02 7.0122802734e+02 7.0136499023e+02 7.0145898438e+02 7.0151397705e+02 7.0163598633e+02 7.0178698730e+02 7.0194396973e+02 7.0214001465e+02 7.0224200439e+02 7.0235998535e+02 7.0258300781e+02 7.0279400635e+02 7.0291802979e+02 7.0312597656e+02 7.0330902100e+02 7.0345599365e+02 7.0360900879e+02 7.0375897217e+02 7.0392700195e+02 7.0413500977e+02 7.0429101563e+02 7.0445800781e+02 7.0461102295e+02 7.0475097656e+02 7.0492199707e+02 7.0508300781e+02 7.0518402100e+02 7.0534002686e+02 7.0549700928e+02 7.0564697266e+02 7.0578198242e+02 7.0592498779e+02 7.0611798096e+02 7.0633398438e+02 7.0653002930e+02 7.0668103027e+02 7.0684301758e+02 7.0700500488e+02 7.0720397949e+02 7.0743103027e+02 7.0766101074e+02 7.0783801270e+02 7.0800897217e+02
7.0071002197e+02 7.0089001465e+02 7.0103601074e+02 7.0116699219e+02 7.0128997803e+02 7.0135797119e+02 7.0140600586e+02 7.0149798584e+02 7.0164501953e+02 7.0179400635e+02 7.0197100830e+02 7.0205902100e+02 7.0217199707e+02 7.0238299561e+02 7.0257800293e+02 7.0272100830e+02 7.0297399902e+02 7.0317401123e+02 7.0333197021e+02 7.0349200439e+02 7.0365301514e+02 7.0381402588e+02 7.0399700928e+02 7.0413897705e+02 7.0430798340e+02 7.0447698975e+02 7.0463000488e+02 7.0478900146e+02 7.0493597412e+02 7.0505401611e+02 7.0521600342e+02 7.0537597656e+02 7.0552099609e+02 7.0566198730e+02 7.0578698730e+02 7.0594702148e+02 7.0613500977e+02 7.0633001709e+02 7.0648699951e+02 7.0663201904e+02 7.0681799316e+02 7.0703198242e+02 7.0724298096e+02 7.0745300293e+02 7.0765997314e+02 7.0784698486e+02
7.0057000732e+02 7.0073602295e+02 7.0089697266e+02 7.0102801514e+02 7.0114697266e+02 7.0121099854e+02 7.0126702881e+02 7.0134100342e+02 7.0148297119e+02 7.0161602783e+02 7.0177801514e+02 7.0192401123e+02 7.0205401611e+02 7.0221697998e+02 7.0235900879e+02 7.0255102539e+02 7.0280603027e+02 7.0297900391e+02 7.0316302490e+02 7.0334899902e+02 7.0352001953e+02 7.0367901611e+02 7.0383801270e+02 7.0399902344e+02 7.0417901611e+02 7.0435101318e+02 7.0452398682e+02 7.0467401123e+02 7.0481298828e+02 7.0495202637e+02 7.0509301758e+02 7.0525201416e+02 7.0541198730e+02 7.0558099365e+02 7.0568701172e+02 7.0581799316e+02 7.0596398926e+02 7.0614001465e+02 7.0631298828e+02 7.0647802734e+02 7.0667102051e+02 7.0687902832e+02 7.0709100342e+02 7.0729199219e+02 7.0750097656e+02 7.0768902588e+02
7.0047100830e+02 7.0064697266e+02 7.0085302734e+02 7.0097399902e+02 7.0110400391e+02 7.0114898682e+02 7.0117401123e+02 7.0123297119e+02 7.0136798096e+02 7.0148602295e+02 7.0159600830e+02 7.0177502441e+02 7.0192700195e+02 7.0207501221e+02 7.0221997070e+02 7.0242401123e+02 7.0262902832e+02 7.0277899170e+02 7.0295501709e+02 7.0315197754e+02 7.0334997559e+02 7.0353302002e+02 7.0365197754e+02 7.0386199951e+02 7.0405102539e+02 7.0423199463e+02 7.0441900635e+02 7.0454400635e+02 7.0470001221e+02 7.0487597656e+02 7.0503198242e+02 7.0516302490e+02 7.0531799316e+02 7.0548699951e+02 7.0560900879e+02 7.0570697021e+02 7.0580499268e+02 7.0597302246e+02 7.0616699219e+02 7.0633197021e+02 7.0652801514e+02 7.0672802734e+02 7.0692102051e+02 7.0708099365e+02 7.0728997803e+02 7.0750598145e+02
7.0034802246e+02 7.0065698242e+02 7.0088598633e+02 7.0103302002e+02 7.0113098145e+02 7.0112200928e+02 7.0111700439e+02 7.0115301514e+02 7.0127197266e+02 7.0142199707e+02 7.0153198242e+02 7.0167797852e+02 7.0181402588e+02 7.0195800781e+02 7.0208300781e+02 7.0227001953e+02 7.0247100830e+02 7.0262298584e+02 7.0277801514e+02 7.0294598389e+02 7.0314599609e+02 7.0335302734e+02 7.0351098633e+02 7.0371197510e+02 7.0389599609e+02 7.0407501221e+02 7.0426397705e+02 7.0441998291e+02 7.0456896973e+02 7.0475097656e+02 7.0498199463e+02 7.0514300537e+02 7.0526098633e+02 7.0537097168e+02 7.0547998047e+02 7.0558898926e+02 7.0568798828e+02 7.0585101318e+02 7.0603497314e+02 7.0620300293e+02 7.0637097168e+02 7.0655700684e+02 7.0676599121e+02 7.0692602539e+02 7.0712298584e+02 7.0733898926e+02
7.0009301758e+02 7.0048797607e+02 7.0076702881e+02 7.0094598389e+02 7.0099499512e+02 7.0096197510e+02 7.0099200439e+02 7.0105902100e+02 7.0115997314e+02 7.0130603027e+02 7.0145001221e+02 7.0156201172e+02 7.0167901611e+02 7.0182000732e+02 7.0198498535e+02 7.0215600586e+02 7.0232397461e+02 7.0246197510e+02 7.0261199951e+02 7.0277099609e+02 7.0296697998e+02 7.0318499756e+02 7.0336199951e+02 7.0353100586e+02 7.0371600342e+02 7.0390899658e+02 7.0409497070e+02 7.0427197266e+02 7.0445001221e+02 7.0467401123e+02 7.0490899658e+02 7.0507598877e+02 7.0519299316e+02 7.0527600098e+02 7.0537597656e+02 7.0548297119e+02 7.0558801270e+02 7.0572497559e+02 7.0588500977e+02 7.0606597900e+02 7.0620898438e+02 7.0636999512e+02 7.0658599854e+02 7.0676300049e+02 7.0696002197e+02 7.0719201660e+02
6.9982202148e+02 7.0015197754e+02 7.0047497559e+02 7.0067999268e+02 7.0075000000e+02 7.0078900146e+02 7.0089001465e+02 7.0102099609e+02 7.0108001709e+02 7.0115600586e+02 7.0132598877e+02 7.0142797852e+02 7.0154199219e+02 7.0166198730e+02 7.0184997559e+02 7.0203997803e+02 7.0219097900e+02 7.0231402588e+02 7.0245300293e+02 7.0261901855e+02 7.0281402588e+02 7.0302001953e+02 7.0318103027e+02 7.0334100342e+02 7.0353997803e+02 7.0375201416e+02 7.0393597412e+02 7.0410998535e+02 7.0431799316e+02 7.0459301758e+02 7.0480297852e+02 7.0495300293e+02 7.0508300781e+02 7.0516497803e+02 7.0525799561e+02 7.0537200928e+02 7.0549597168e+02 7.0560699463e+02 7.0571997070e+02 7.0591699219e+02 7.0607897949e+02 7.0623400879e+02 7.0641802979e+02 7.0659997559e+02 7.0679400635e+02 7.0703399658e+02
