TESTSERVER/19/4.asc
NCOLS 100
NROWS 100
XLLCORNER 8.4497500000e+03
YLLCORNER 2.8975025000e+05
CELLSIZE 5.0000000000e-01
NODATA_VALUE -9.9990000000e+03
[rows 60 to 79 of 100, columns 0 to 45 of 100]
7.0022399902e+02 7.0027398682e+02 7.0033599854e+02 7.0040197754e+02 7.0048199463e+02 7.0052697754e+02 7.0061102295e+02 7.0068499756e+02 7.0076898193e+02 7.0087097168e+02 7.0096899414e+02 7.0108398438e+02 7.0116998291e+02 7.0121502686e+02 7.0127801514e+02 7.0133502197e+02 7.0135302734e+02 7.0145300293e+02 7.0162597656e+02 7.0182702637e+02 7.0196801758e+02 7.0203900146e+02 7.0221697998e+02 7.0240197754e+02 7.0247302246e+02 7.0251599121e+02 7.0264697266e+02 7.0277502441e+02 7.0288098145e+02 7.0303002930e+02 7.0318902588e+02 7.0336401367e+02 7.0351300049e+02 7.0376098633e+02 7.0394598389e+02 7.0401300049e+02 7.0409197998e+02 7.0423602295e+02 7.0438000488e+02 7.0454998779e+02 7.0474200439e+02 7.0490600586e+02 7.0508197021e+02 7.0521997070e+02 7.0534698486e+02 7.0555499268e+02
7.0012097168e+02 7.0018597412e+02 7.0024200439e+02 7.0029199219e+02 7.0037597656e+02 7.0044500732e+02 7.0051098633e+02 7.0058001709e+02 7.0067498779e+02 7.0077697754e+02 7.0086602783e+02 7.0096502686e+02 7.0106402588e+02 7.0115502930e+02 7.0121997070e+02 7.0127099609e+02 7.0129998779e+02 7.0133801270e+02 7.0143103027e+02 7.0163201904e+02 7.0181201172e+02 7.0191998291e+02 7.0205999756e+02 7.0220898438e+02 7.0227001953e+02 7.0234600830e+02 7.0247802734e+02 7.0262298584e+02 7.0276202393e+02 7.0292901611e+02 7.0306896973e+02 7.0320001221e+02 7.0335498047e+02 7.0360601807e+02 7.0378601074e+02 7.0385900879e+02 7.0395501709e+02 7.0410699463e+02 7.0424298096e+02 7.0440802002e+02 7.0460699463e+02 7.0478900146e+02 7.0495098877e+02 7.0506402588e+02 7.0519396973e+02 7.0543298340e+02
7.0001702881e+02 7.0007897949e+02 7.0014599609e+02 7.0019799805e+02 7.0026098633e+02 7.0034399414e+02 7.0041900635e+02 7.0048699951e+02 7.0057598877e+02 7.0065899658e+02 7.0075201416e+02 7.0085601807e+02 7.0095202637e+02 7.0106298828e+02 7.0115100098e+02 7.0120697021e+02 7.0125097656e+02 7.0127697754e+02 7.0132098389e+02 7.0146600342e+02 7.0161999512e+02 7.0174401855e+02 7.0186901855e+02 7.0198297119e+02 7.0210400391e+02 7.0227801514e+02 7.0241802979e+02 7.0251800537e+02 7.0262701416e+02 7.0277502441e+02 7.0290600586e+02 7.0303497314e+02 7.0317297363e+02 7.0338397217e+02 7.0358697510e+02 7.0368798828e+02 7.0379101563e+02 7.0394702148e+02 7.0408197021e+02 7.0423400879e+02 7.0443103027e+02 7.0463000488e+02 7.0479302979e+02 7.0489001465e+02 7.0496899414e+02 7.0518103027e+02
6.9993298340e+02 6.9999401855e+02 7.0006500244e+02 7.0012097168e+02 7.0017199707e+02 7.0025097656e+02 7.0034002686e+02 7.0040502930e+02 7.0047100830e+02 7.0054199219e+02 7.0063800049e+02 7.0074597168e+02 7.0083697510e+02 7.0096502686e+02 7.0107397461e+02 7.0114300537e+02 7.0118902588e+02 7.0121899414e+02 7.0124499512e+02 7.0132501221e+02 7.0145098877e+02 7.0158599854e+02 7.0169799805e+02 7.0180297852e+02 7.0195898438e+02 7.0219799805e+02 7.0236199951e+02 7.0242297363e+02 7.0249298096e+02 7.0261901855e+02 7.0274102783e+02 7.0289300537e+02 7.0302600098e+02 7.0316601563e+02 7.0334899902e+02 7.0347998047e+02 7.0362402344e+02 7.0378497314e+02 7.0391497803e+02 7.0405999756e+02 7.0424499512e+02 7.0443597412e+02 7.0460998535e+02 7.0472802734e+02 7.0482598877e+02 7.0500500488e+02
6.9985900879e+02 6.9992297363e+02 6.9997698975e+02 7.0003100586e+02 7.0009997559e+02 7.0016400146e+02 7.0025000000e+02 7.0032501221e+02 7.0039398193e+02 7.0045501709e+02 7.0054101563e+02 7.0064099121e+02 7.0073297119e+02 7.0085400391e+02 7.0097399902e+02 7.0106402588e+02 7.0111602783e+02 7.0116198730e+02 7.0119702148e+02 7.0124499512e+02 7.0131097412e+02 7.0142102051e+02 7.0154998779e+02 7.0168499756e+02 7.0184497070e+02 7.0210198975e+02 7.0231201172e+02 7.0233502197e+02 7.0234497070e+02 7.0243499756e+02 7.0255798340e+02 7.0274102783e+02 7.0292797852e+02 7.0302801514e+02 7.0315502930e+02 7.0328497314e+02 7.0346697998e+02 7.0362701416e+02 7.0374102783e+02 7.0389300537e+02 7.0408697510e+02 7.0426098633e+02 7.0443298340e+02 7.0458001709e+02 7.0473101807e+02 7.0486401367e+02
6.9977197266e+02 6.9983099365e+02 6.9987500000e+02 6.9993402100e+02 7.0001599121e+02 7.0007702637e+02 7.0015301514e+02 7.0021801758e+02 7.0029901123e+02 7.0037701416e+02 7.0046099854e+02 7.0054797363e+02 7.0065100098e+02 7.0075701904e+02 7.0087597656e+02 7.0097399902e+02 7.0104602051e+02 7.0109997559e+02 7.0113897705e+02 7.0118103027e+02 7.0120300293e+02 7.0127697754e+02 7.0139801025e+02 7.0154998779e+02 7.0172497559e+02 7.0199102783e+02 7.0224200439e+02 7.0227099609e+02 7.0226098633e+02 7.0232098389e+02 7.0241802979e+02 7.0258801270e+02 7.0278698730e+02 7.0289300537e+02 7.0300701904e+02 7.0311199951e+02 7.0325500488e+02 7.0341802979e+02 7.0354400635e+02 7.0371197510e+02 7.0391302490e+02 7.0409497070e+02 7.0425299072e+02 7.0439300537e+02 7.0456597900e+02 7.0471398926e+02
6.9967199707e+02 6.9975402832e+02 6.9980401611e+02 6.9985101318e+02 6.9992199707e+02 7.0000201416e+02 7.0007098389e+02 7.0013000488e+02 7.0021899414e+02 7.0029901123e+02 7.0038800049e+02 7.0046899414e+02 7.0056298828e+02 7.0065899658e+02 7.0077899170e+02 7.0089202881e+02 7.0097900391e+02 7.0103399658e+02 7.0107897949e+02 7.0112500000e+02 7.0114398193e+02 7.0116998291e+02 7.0123999023e+02 7.0139398193e+02 7.0157299805e+02 7.0177099609e+02 7.0204498291e+02 7.0219396973e+02 7.0221301270e+02 7.0225701904e+02 7.0231701660e+02 7.0242901611e+02 7.0259802246e+02 7.0271002197e+02 7.0282598877e+02 7.0295300293e+02 7.0308898926e+02 7.0322399902e+02 7.0336499023e+02 7.0354400635e+02 7.0374298096e+02 7.0393103027e+02 7.0407000732e+02 7.0419598389e+02 7.0438098145e+02 7.0456097412e+02
6.9957202148e+02 6.9966802979e+02 6.9972497559e+02 6.9976300049e+02 6.9982098389e+02 6.9991802979e+02 6.9998901367e+02 7.0004699707e+02 7.0014001465e+02 7.0021301270e+02 7.0030102539e+02 7.0039300537e+02 7.0047998047e+02 7.0057397461e+02 7.0067999268e+02 7.0079400635e+02 7.0089398193e+02 7.0096398926e+02 7.0101599121e+02 7.0105999756e+02 7.0109002686e+02 7.0111199951e+02 7.0112799072e+02 7.0121801758e+02 7.0140899658e+02 7.0156097412e+02 7.0181896973e+02 7.0204901123e+02 7.0214202881e+02 7.0218597412e+02 7.0222399902e+02 7.0227697754e+02 7.0239300537e+02 7.0250701904e+02 7.0260998535e+02 7.0275299072e+02 7.0291198730e+02 7.0303997803e+02 7.0319702148e+02 7.0338098145e+02 7.0356500244e+02 7.0375402832e+02 7.0390502930e+02 7.0404199219e+02 7.0422802734e+02 7.0446301270e+02
6.9944702148e+02 6.9955603027e+02 6.9962799072e+02 6.9968103027e+02 6.9975097656e+02 6.9982098389e+02 6.9990002441e+02 6.9997497559e+02 7.0004797363e+02 7.0011401367e+02 7.0020898438e+02 7.0031701660e+02 7.0039001465e+02 7.0049298096e+02 7.0058697510e+02 7.0069097900e+02 7.0080200195e+02 7.0087799072e+02 7.0094799805e+02 7.0099102783e+02 7.0101898193e+02 7.0106500244e+02 7.0108599854e+02 7.0111798096e+02 7.0123297119e+02 7.0143902588e+02 7.0173199463e+02 7.0198199463e+02 7.0210900879e+02 7.0215399170e+02 7.0217297363e+02 7.0220001221e+02 7.0222399902e+02 7.0233197021e+02 7.0242498779e+02 7.0256799316e+02 7.0273297119e+02 7.0286297607e+02 7.0304101563e+02 7.0322900391e+02 7.0339501953e+02 7.0358502197e+02 7.0376397705e+02 7.0394000244e+02 7.0414398193e+02 7.0439898682e+02
6.9937597656e+02 6.9943402100e+02 6.9952600098e+02 6.9959600830e+02 6.9967797852e+02 6.9974200439e+02 6.9981701660e+02 6.9989202881e+02 6.9996600342e+02 7.0003002930e+02 7.0011401367e+02 7.0022698975e+02 7.0031500244e+02 7.0039898682e+02 7.0048797607e+02 7.0057000732e+02 7.0068597412e+02 7.0079602051e+02 7.0087402344e+02 7.0093103027e+02 7.0096197510e+02 7.0100500488e+02 7.0104901123e+02 7.0106597900e+02 7.0108898926e+02 7.0126300049e+02 7.0158502197e+02 7.0187701416e+02 7.0208197021e+02 7.0204797363e+02 7.0200799561e+02 7.0207000732e+02 7.0212701416e+02 7.0221002197e+02 7.0230902100e+02 7.0243798828e+02 7.0256201172e+02 7.0270300293e+02 7.0285900879e+02 7.0301000977e+02 7.0318103027e+02 7.0337298584e+02 7.0356500244e+02 7.0377301025e+02 7.0403601074e+02 7.0435302734e+02
6.9935900879e+02 6.9933502197e+02 6.9940802002e+02 6.9950097656e+02 6.9958300781e+02 6.9964599609e+02 6.9972601318e+02 6.9978399658e+02 6.9986102295e+02 6.9994097900e+02 7.0002899170e+02 7.0013000488e+02 7.0022399902e+02 7.0029602051e+02 7.0038098145e+02 7.0046099854e+02 7.0056896973e+02 7.0068200684e+02 7.0077197266e+02 7.0085400391e+02 7.0090100098e+02 7.0095501709e+02 7.0100299072e+02 7.0101702881e+02 7.0100799561e+02 7.0107501221e+02 7.0128302002e+02 7.0158001709e+02 7.0190399170e+02 7.0198797607e+02 7.0202600098e+02 7.0206402588e+02 7.0205401611e+02 7.0210302734e+02 7.0218597412e+02 7.0230102539e+02 7.0240197754e+02 7.0252197266e+02 7.0267602539e+02 7.0285797119e+02 7.0302398682e+02 7.0317797852e+02 7.0336401367e+02 7.0360498047e+02 7.0388000488e+02 7.0415997314e+02
6.9934497070e+02 6.9928997803e+02 6.9927801514e+02 6.9936102295e+02 6.9948400879e+02 6.9955200195e+02 6.9963598633e+02 6.9969000244e+02 6.9976202393e+02 6.9984399414e+02 6.9993499756e+02 7.0001202393e+02 7.0009997559e+02 7.0018200684e+02 7.0026300049e+02 7.0034899902e+02 7.0045898438e+02 7.0056500244e+02 7.0065997314e+02 7.0075799561e+02 7.0082000732e+02 7.0089202881e+02 7.0093499756e+02 7.0095800781e+02 7.0098101807e+02 7.0098498535e+02 7.0105401611e+02 7.0125201416e+02 7.0157397461e+02 7.0181201172e+02 7.0198297119e+02 7.0205297852e+02 7.0197900391e+02 7.0199200439e+02 7.0204797363e+02 7.0214599609e+02 7.0225097656e+02 7.0236297607e+02 7.0252801514e+02 7.0274298096e+02 7.0288800049e+02 7.0300097656e+02 7.0316900635e+02 7.0342297363e+02 7.0367297363e+02 7.0387799072e+02
6.9928100586e+02 6.9929602051e+02 6.9923797607e+02 6.9923602295e+02 6.9939001465e+02 6.9946801758e+02 6.9953399658e+02 6.9959802246e+02 6.9966302490e+02 6.9973602295e+02 6.9982397461e+02 6.9989300537e+02 6.9997802734e+02 7.0006896973e+02 7.0015502930e+02 7.0024401855e+02 7.0034802246e+02 7.0044000244e+02 7.0053698730e+02 7.0064501953e+02 7.0071502686e+02 7.0082501221e+02 7.0087200928e+02 7.0089202881e+02 7.0093103027e+02 7.0094598389e+02 7.0095001221e+02 7.0101702881e+02 7.0123400879e+02 7.0150402832e+02 7.0170098877e+02 7.0186499023e+02 7.0190002441e+02 7.0188800049e+02 7.0192797852e+02 7.0201300049e+02 7.0211901855e+02 7.0225201416e+02 7.0239599609e+02 7.0257299805e+02 7.0270697021e+02 7.0280902100e+02 7.0294598389e+02 7.0315802002e+02 7.0342297363e+02 7.0362500000e+02
6.9910601807e+02 6.9924700928e+02 6.9925897217e+02 6.9916802979e+02 6.9921697998e+02 6.9934600830e+02 6.9943798828e+02 6.9949798584e+02 6.9956896973e+02 6.9963598633e+02 6.9972698975e+02 6.9979901123e+02 6.9986999512e+02 6.9996002197e+02 7.0004797363e+02 7.0014001465e+02 7.0022802734e+02 7.0032000732e+02 7.0042297363e+02 7.0051300049e+02 7.0058502197e+02 7.0071600342e+02 7.0078198242e+02 7.0081298828e+02 7.0083898926e+02 7.0086602783e+02 7.0087500000e+02 7.0089801025e+02 7.0103198242e+02 7.0127001953e+02 7.0147198486e+02 7.0165997314e+02 7.0172497559e+02 7.0175299072e+02 7.0180603027e+02 7.0189801025e+02 7.0200500488e+02 7.0210998535e+02 7.0222100830e+02 7.0236901855e+02 7.0253198242e+02 7.0268499756e+02 7.0283099365e+02 7.0300701904e+02 7.0322100830e+02 7.0340399170e+02
6.9897698975e+02 6.9909997559e+02 6.9920501709e+02 6.9917700195e+02 6.9912902832e+02 6.9920001221e+02 6.9931597900e+02 6.9939398193e+02 6.9946801758e+02 6.9953302002e+02 6.9961602783e+02 6.9970098877e+02 6.9976800537e+02 6.9985699463e+02 6.9994000244e+02 7.0001702881e+02 7.0009100342e+02 7.0018798828e+02 7.0029901123e+02 7.0038800049e+02 7.0047198486e+02 7.0059698486e+02 7.0068200684e+02 7.0074298096e+02 7.0077697754e+02 7.0079400635e+02 7.0081896973e+02 7.0084497070e+02 7.0090100098e+02 7.0105200195e+02 7.0122900391e+02 7.0142901611e+02 7.0155999756e+02 7.0163500977e+02 7.0171197510e+02 7.0181402588e+02 7.0190301514e+02 7.0199798584e+02 7.0209497070e+02 7.0223901367e+02 7.0241998291e+02 7.0257501221e+02 7.0270697021e+02 7.0287298584e+02 7.0306201172e+02 7.0323400879e+02
6.9896600342e+02 6.9895898438e+02 6.9904302979e+02 6.9911901855e+02 6.9912298584e+02 6.9908197021e+02 6.9916101074e+02 6.9927899170e+02 6.9936199951e+02 6.9942700195e+02 6.9950299072e+02 6.9958898926e+02 6.9966699219e+02 6.9975799561e+02 6.9983398438e+02 6.9989697266e+02 6.9997497559e+02 7.0007501221e+02 7.0017102051e+02 7.0026202393e+02 7.0036401367e+02 7.0046301270e+02 7.0056597900e+02 7.0065197754e+02 7.0069702148e+02 7.0071398926e+02 7.0075097656e+02 7.0079400635e+02 7.0082501221e+02 7.0090698242e+02 7.0106097412e+02 7.0128198242e+02 7.0146997070e+02 7.0156097412e+02 7.0165100098e+02 7.0176397705e+02 7.0183300781e+02 7.0190100098e+02 7.0199200439e+02 7.0213098145e+02 7.0230700684e+02 7.0245697021e+02 7.0259698486e+02 7.0277600098e+02 7.0296197510e+02 7.0313000488e+02
6.9896801758e+02 6.9890997314e+02 6.9889001465e+02 6.9899298096e+02 6.9913000488e+02 6.9903302002e+02 6.9900799561e+02 6.9912902832e+02 6.9926898193e+02 6.9930999756e+02 6.9939202881e+02 6.9947399902e+02 6.9954797363e+02 6.9963897705e+02 6.9971502686e+02 6.9978399658e+02 6.9987500000e+02 6.9995202637e+02 7.0001599121e+02 7.0011401367e+02 7.0023999023e+02 7.0032800293e+02 7.0044598389e+02 7.0053900146e+02 7.0060400391e+02 7.0064801025e+02 7.0068798828e+02 7.0072601318e+02 7.0075500488e+02 7.0080999756e+02 7.0092199707e+02 7.0111700439e+02 7.0128497314e+02 7.0143701172e+02 7.0155401611e+02 7.0166198730e+02 7.0177697754e+02 7.0185498047e+02 7.0189801025e+02 7.0199102783e+02 7.0213500977e+02 7.0230499268e+02 7.0249401855e+02 7.0267999268e+02 7.0281298828e+02 7.0303601074e+02
6.9886798096e+02 6.9890502930e+02 6.9885601807e+02 6.9887200928e+02 6.9902697754e+02 6.9904797363e+02 6.9895599365e+02 6.9896997070e+02 6.9914202881e+02 6.9921398926e+02 6.9928601074e+02 6.9936102295e+02 6.9942999268e+02 6.9951800537e+02 6.9960797119e+02 6.9969000244e+02 6.9976300049e+02 6.9983099365e+02 6.9990399170e+02 6.9998901367e+02 7.0008099365e+02 7.0020697021e+02 7.0032897949e+02 7.0040997314e+02 7.0048999023e+02 7.0055798340e+02 7.0060797119e+02 7.0064300537e+02 7.0068701172e+02 7.0073999023e+02 7.0078802490e+02 7.0091302490e+02 7.0108197021e+02 7.0127600098e+02 7.0145098877e+02 7.0155499268e+02 7.0164697266e+02 7.0173901367e+02 7.0179498291e+02 7.0187597656e+02 7.0199401855e+02 7.0216302490e+02 7.0236901855e+02 7.0252899170e+02 7.0261999512e+02 7.0284802246e+02
6.9876898193e+02 6.9885101318e+02 6.9886401367e+02 6.9881896973e+02 6.9885601807e+02 6.9896997070e+02 6.9896997070e+02 6.9892199707e+02 6.9897900391e+02 6.9908898926e+02 6.9917498779e+02 6.9923297119e+02 6.9930499268e+02 6.9939898682e+02 6.9948498535e+02 6.9957598877e+02 6.9965502930e+02 6.9971697998e+02 6.9980297852e+02 6.9988098145e+02 6.9994000244e+02 7.0008099365e+02 7.0019799805e+02 7.0028601074e+02 7.0037402344e+02 7.0045001221e+02 7.0052697754e+02 7.0057098389e+02 7.0061602783e+02 7.0067498779e+02 7.0069000244e+02 7.0074200439e+02 7.0087701416e+02 7.0109600830e+02 7.0134497070e+02 7.0152899170e+02 7.0162402344e+02 7.0166802979e+02 7.0170697021e+02 7.0176397705e+02 7.0183099365e+02 7.0197399902e+02 7.0218103027e+02 7.0233898926e+02 7.0243902588e+02 7.0266198730e+02
6.9868499756e+02 6.9873199463e+02 6.9879400635e+02 6.9879101563e+02 6.9873498535e+02 6.9880999756e+02 6.9891998291e+02 6.9891400146e+02 6.9884197998e+02 6.9891900635e+02 6.9904498291e+02 6.9912097168e+02 6.9918798828e+02 6.9927801514e+02 6.9934899902e+02 6.9943902588e+02 6.9953002930e+02 6.9959197998e+02 6.9967700195e+02 6.9975201416e+02 6.9982098389e+02 6.9994598389e+02 7.0005102539e+02 7.0016101074e+02 7.0026000977e+02 7.0034100342e+02 7.0044201660e+02 7.0049401855e+02 7.0053100586e+02 7.0059698486e+02 7.0061901855e+02 7.0063397217e+02 7.0071301270e+02 7.0089697266e+02 7.0117797852e+02 7.0145501709e+02 7.0161602783e+02 7.0161999512e+02 7.0162402344e+02 7.0166802979e+02 7.0171600342e+02 7.0182397461e+02 7.0199200439e+02 7.0214599609e+02 7.0230603027e+02 7.0252801514e+02
