TESTSERVER/19/5.asc
NCOLS 100
NROWS 100
XLLCORNER 8.4497500000e+03
YLLCORNER 2.8970025000e+05
CELLSIZE 5.0000000000e-01
NODATA_VALUE -9.9990000000e+03
[rows 20 to 39 of 100, columns 46 to 91 of 100]
6.9755999756e+02 6.9771002197e+02 6.9783197021e+02 6.9794097900e+02 6.9805902100e+02 6.9818402100e+02 6.9829797363e+02 6.9842401123e+02 6.9852899170e+02 6.9859698486e+02 6.9866998291e+02 6.9873602295e+02 6.9880700684e+02 6.9887097168e+02 6.9893798828e+02 6.9910302734e+02 6.9930401611e+02 6.9944500732e+02 6.9953601074e+02 6.9963000488e+02 6.9978497314e+02 6.9988098145e+02 7.0009100342e+02 7.0032702637e+02 7.0040802002e+02 7.0050097656e+02 7.0059802246e+02 7.0070599365e+02 7.0083300781e+02 7.0101898193e+02 7.0122302246e+02 7.0134100342e+02 7.0146502686e+02 7.0160198975e+02 7.0175000000e+02 7.0186102295e+02 7.0198199463e+02 7.0214300537e+02 7.0232397461e+02 7.0253802490e+02 7.0273101807e+02 7.0290100098e+02 7.0311700439e+02 7.0335601807e+02 7.0358599854e+02 7.0383502197e+02
6.9740301514e+02 6.9754699707e+02 6.9770001221e+02 6.9781799316e+02 6.9793402100e+02 6.9804302979e+02 6.9815002441e+02 6.9829400635e+02 6.9842102051e+02 6.9851501465e+02 6.9858300781e+02 6.9867401123e+02 6.9875402832e+02 6.9881500244e+02 6.9886499023e+02 6.9893200684e+02 6.9905603027e+02 6.9919897461e+02 6.9931402588e+02 6.9952197266e+02 6.9968597412e+02 6.9978002930e+02 6.9989501953e+02 7.0006402588e+02 7.0024798584e+02 7.0039099121e+02 7.0049200439e+02 7.0059899902e+02 7.0071697998e+02 7.0085797119e+02 7.0102899170e+02 7.0122100830e+02 7.0134197998e+02 7.0145098877e+02 7.0159802246e+02 7.0171301270e+02 7.0182897949e+02 7.0195697021e+02 7.0212097168e+02 7.0234301758e+02 7.0255902100e+02 7.0274700928e+02 7.0294702148e+02 7.0316802979e+02 7.0338897705e+02 7.0361700439e+02
6.9725701904e+02 6.9738598633e+02 6.9755603027e+02 6.9768298340e+02 6.9780798340e+02 6.9791497803e+02 6.9801397705e+02 6.9814501953e+02 6.9827697754e+02 6.9839300537e+02 6.9848400879e+02 6.9859100342e+02 6.9867700195e+02 6.9873400879e+02 6.9880999756e+02 6.9885400391e+02 6.9890502930e+02 6.9897399902e+02 6.9909497070e+02 6.9939202881e+02 6.9959497070e+02 6.9971301270e+02 6.9978497314e+02 6.9988598633e+02 7.0008502197e+02 7.0028601074e+02 7.0041900635e+02 7.0049700928e+02 7.0059997559e+02 7.0071301270e+02 7.0086700439e+02 7.0110998535e+02 7.0123101807e+02 7.0129498291e+02 7.0141198730e+02 7.0152899170e+02 7.0166802979e+02 7.0179602051e+02 7.0194500732e+02 7.0213800049e+02 7.0234301758e+02 7.0254498291e+02 7.0273797607e+02 7.0294702148e+02 7.0315698242e+02 7.0336798096e+02
6.9709698486e+02 6.9724401855e+02 6.9740301514e+02 6.9752600098e+02 6.9766101074e+02 6.9777899170e+02 6.9788500977e+02 6.9799700928e+02 6.9812097168e+02 6.9824499512e+02 6.9835797119e+02 6.9846600342e+02 6.9855401611e+02 6.9863098145e+02 6.9875097656e+02 6.9880700684e+02 6.9884899902e+02 6.9887500000e+02 6.9895001221e+02 6.9913598633e+02 6.9937701416e+02 6.9958898926e+02 6.9967700195e+02 6.9979901123e+02 6.9999597168e+02 7.0019598389e+02 7.0039300537e+02 7.0041198730e+02 7.0048297119e+02 7.0057598877e+02 7.0071997070e+02 7.0093902588e+02 7.0108099365e+02 7.0115802002e+02 7.0125897217e+02 7.0136499023e+02 7.0150201416e+02 7.0163500977e+02 7.0178601074e+02 7.0196002197e+02 7.0214099121e+02 7.0233300781e+02 7.0251501465e+02 7.0271997070e+02 7.0292999268e+02 7.0313702393e+02
6.9693499756e+02 6.9711999512e+02 6.9728399658e+02 6.9737799072e+02 6.9751599121e+02 6.9764300537e+02 6.9775299072e+02 6.9786700439e+02 6.9798999023e+02 6.9811499023e+02 6.9821697998e+02 6.9834197998e+02 6.9846801758e+02 6.9856402588e+02 6.9865002441e+02 6.9873797607e+02 6.9878802490e+02 6.9882598877e+02 6.9886602783e+02 6.9894598389e+02 6.9915698242e+02 6.9937799072e+02 6.9956201172e+02 6.9970599365e+02 6.9988201904e+02 7.0019702148e+02 7.0048498535e+02 7.0036901855e+02 7.0039898682e+02 7.0047198486e+02 7.0054998779e+02 7.0068499756e+02 7.0085198975e+02 7.0099700928e+02 7.0112200928e+02 7.0124902344e+02 7.0136901855e+02 7.0148797607e+02 7.0163299561e+02 7.0180401611e+02 7.0196997070e+02 7.0215100098e+02 7.0231896973e+02 7.0250799561e+02 7.0273297119e+02 7.0296301270e+02
6.9681201172e+02 6.9698498535e+02 6.9713299561e+02 6.9725299072e+02 6.9739599609e+02 6.9751702881e+02 6.9763598633e+02 6.9775500488e+02 6.9787902832e+02 6.9798901367e+02 6.9809197998e+02 6.9821197510e+02 6.9833898926e+02 6.9845898438e+02 6.9858197021e+02 6.9867700195e+02 6.9872601318e+02 6.9877001953e+02 6.9880700684e+02 6.9884197998e+02 6.9895800781e+02 6.9915197754e+02 6.9939501953e+02 6.9958801270e+02 6.9976397705e+02 7.0018402100e+02 7.0042901611e+02 7.0022998047e+02 7.0024902344e+02 7.0032800293e+02 7.0039501953e+02 7.0050897217e+02 7.0065399170e+02 7.0081799316e+02 7.0096600342e+02 7.0111602783e+02 7.0124902344e+02 7.0137097168e+02 7.0150897217e+02 7.0164001465e+02 7.0178900146e+02 7.0198498535e+02 7.0216497803e+02 7.0235797119e+02 7.0258898926e+02 7.0282397461e+02
6.9670697021e+02 6.9684997559e+02 6.9697900391e+02 6.9710900879e+02 6.9726898193e+02 6.9740002441e+02 6.9751300049e+02 6.9764697266e+02 6.9777502441e+02 6.9787799072e+02 6.9798498535e+02 6.9808801270e+02 6.9820397949e+02 6.9834600830e+02 6.9849700928e+02 6.9860302734e+02 6.9867102051e+02 6.9872198486e+02 6.9876898193e+02 6.9879498291e+02 6.9884100342e+02 6.9891802979e+02 6.9910498047e+02 6.9940197754e+02 6.9953601074e+02 6.9979498291e+02 7.0003698730e+02 7.0002001953e+02 7.0008801270e+02 7.0015600586e+02 7.0025097656e+02 7.0038397217e+02 7.0052099609e+02 7.0067700195e+02 7.0082202148e+02 7.0097497559e+02 7.0109802246e+02 7.0122100830e+02 7.0137500000e+02 7.0150598145e+02 7.0165698242e+02 7.0185998535e+02 7.0203698730e+02 7.0224200439e+02 7.0247802734e+02 7.0270098877e+02
6.9660198975e+02 6.9670800781e+02 6.9685198975e+02 6.9698797607e+02 6.9714300537e+02 6.9728399658e+02 6.9739501953e+02 6.9751898193e+02 6.9765002441e+02 6.9777398682e+02 6.9788598633e+02 6.9797198486e+02 6.9809197998e+02 6.9823699951e+02 6.9837902832e+02 6.9849499512e+02 6.9859802246e+02 6.9865399170e+02 6.9871398926e+02 6.9876098633e+02 6.9879699707e+02 6.9881402588e+02 6.9890600586e+02 6.9915899658e+02 6.9935198975e+02 6.9956402588e+02 6.9968499756e+02 6.9981097412e+02 6.9992199707e+02 6.9998901367e+02 7.0008697510e+02 7.0020898438e+02 7.0036102295e+02 7.0051202393e+02 7.0065399170e+02 7.0080999756e+02 7.0094897461e+02 7.0108502197e+02 7.0124102783e+02 7.0139898682e+02 7.0153900146e+02 7.0170697021e+02 7.0187500000e+02 7.0210302734e+02 7.0234802246e+02 7.0256201172e+02
6.9651000977e+02 6.9659899902e+02 6.9672497559e+02 6.9684301758e+02 6.9699499512e+02 6.9715600586e+02 6.9729797363e+02 6.9740600586e+02 6.9753497314e+02 6.9766400146e+02 6.9776202393e+02 6.9786700439e+02 6.9798699951e+02 6.9812500000e+02 6.9826300049e+02 6.9837902832e+02 6.9851702881e+02 6.9859600830e+02 6.9864099121e+02 6.9869201660e+02 6.9875299072e+02 6.9879400635e+02 6.9886199951e+02 6.9891802979e+02 6.9913000488e+02 6.9939501953e+02 6.9952301025e+02 6.9962902832e+02 6.9974298096e+02 6.9983697510e+02 6.9991302490e+02 7.0003002930e+02 7.0018798828e+02 7.0034497070e+02 7.0047802734e+02 7.0062402344e+02 7.0077899170e+02 7.0094000244e+02 7.0109002686e+02 7.0125201416e+02 7.0138598633e+02 7.0153900146e+02 7.0173400879e+02 7.0189801025e+02 7.0215002441e+02 7.0237799072e+02
6.9639898682e+02 6.9649700928e+02 6.9660601807e+02 6.9670599365e+02 6.9684698486e+02 6.9701300049e+02 6.9717199707e+02 6.9727899170e+02 6.9740301514e+02 6.9753198242e+02 6.9764398193e+02 6.9776501465e+02 6.9790399170e+02 6.9803900146e+02 6.9813702393e+02 6.9825000000e+02 6.9839697266e+02 6.9851000977e+02 6.9859399414e+02 6.9863500977e+02 6.9869598389e+02 6.9874499512e+02 6.9878997803e+02 6.9882702637e+02 6.9891198730e+02 6.9906298828e+02 6.9932000732e+02 6.9949401855e+02 6.9963098145e+02 6.9974499512e+02 6.9982598877e+02 6.9991802979e+02 7.0007800293e+02 7.0022601318e+02 7.0036199951e+02 7.0050000000e+02 7.0065899658e+02 7.0082598877e+02 7.0095202637e+02 7.0110198975e+02 7.0122100830e+02 7.0138201904e+02 7.0158898926e+02 7.0171301270e+02 7.0193597412e+02 7.0218798828e+02
6.9630200195e+02 6.9640197754e+02 6.9649401855e+02 6.9660198975e+02 6.9673199463e+02 6.9687097168e+02 6.9702697754e+02 6.9715502930e+02 6.9728601074e+02 6.9740698242e+02 6.9751800537e+02 6.9763500977e+02 6.9777099609e+02 6.9789202881e+02 6.9798797607e+02 6.9811798096e+02 6.9825897217e+02 6.9838000488e+02 6.9849401855e+02 6.9856799316e+02 6.9863201904e+02 6.9868798828e+02 6.9873498535e+02 6.9877697754e+02 6.9880700684e+02 6.9887597656e+02 6.9910198975e+02 6.9936999512e+02 6.9955102539e+02 6.9967999268e+02 6.9978497314e+02 6.9986199951e+02 7.0001397705e+02 7.0013897705e+02 7.0025897217e+02 7.0040002441e+02 7.0056701660e+02 7.0072900391e+02 7.0085699463e+02 7.0102600098e+02 7.0113299561e+02 7.0126000977e+02 7.0141998291e+02 7.0158099365e+02 7.0179602051e+02 7.0198901367e+02
6.9620098877e+02 6.9629998779e+02 6.9639099121e+02 6.9651599121e+02 6.9663800049e+02 6.9674401855e+02 6.9687500000e+02 6.9702899170e+02 6.9716497803e+02 6.9727600098e+02 6.9738201904e+02 6.9750598145e+02 6.9762500000e+02 6.9773297119e+02 6.9785302734e+02 6.9799700928e+02 6.9813299561e+02 6.9825097656e+02 6.9836602783e+02 6.9847998047e+02 6.9857702637e+02 6.9863598633e+02 6.9868298340e+02 6.9872998047e+02 6.9876000977e+02 6.9879101563e+02 6.9891900635e+02 6.9919500732e+02 6.9940399170e+02 6.9954302979e+02 6.9967297363e+02 6.9976599121e+02 6.9992102051e+02 7.0005603027e+02 7.0018200684e+02 7.0031597900e+02 7.0047497559e+02 7.0060797119e+02 7.0073498535e+02 7.0095898438e+02 7.0110198975e+02 7.0119500732e+02 7.0126702881e+02 7.0145397949e+02 7.0168701172e+02 7.0182897949e+02
6.9609301758e+02 6.9621099854e+02 6.9633398438e+02 6.9642797852e+02 6.9654302979e+02 6.9664300537e+02 6.9676000977e+02 6.9690997314e+02 6.9704101563e+02 6.9716400146e+02 6.9727600098e+02 6.9738897705e+02 6.9750299072e+02 6.9760198975e+02 6.9772698975e+02 6.9785998535e+02 6.9800500488e+02 6.9812799072e+02 6.9824102783e+02 6.9835900879e+02 6.9848999023e+02 6.9855999756e+02 6.9860601807e+02 6.9865899658e+02 6.9870001221e+02 6.9872601318e+02 6.9877801514e+02 6.9891998291e+02 6.9911700439e+02 6.9932501221e+02 6.9951202393e+02 6.9965002441e+02 6.9980902100e+02 6.9993902588e+02 7.0011798096e+02 7.0029302979e+02 7.0044396973e+02 7.0054400635e+02 7.0057702637e+02 7.0075201416e+02 7.0098602295e+02 7.0112500000e+02 7.0117102051e+02 7.0130102539e+02 7.0150897217e+02 7.0165698242e+02
6.9594201660e+02 6.9607598877e+02 6.9621899414e+02 6.9632501221e+02 6.9646398926e+02 6.9657098389e+02 6.9668298340e+02 6.9682598877e+02 6.9693597412e+02 6.9704400635e+02 6.9715100098e+02 6.9725799561e+02 6.9738299561e+02 6.9748602295e+02 6.9759802246e+02 6.9771600342e+02 6.9784399414e+02 6.9798602295e+02 6.9811901855e+02 6.9822802734e+02 6.9835101318e+02 6.9844299316e+02 6.9855200195e+02 6.9859600830e+02 6.9863800049e+02 6.9868499756e+02 6.9871600342e+02 6.9876202393e+02 6.9887701416e+02 6.9907202148e+02 6.9931896973e+02 6.9952697754e+02 6.9971600342e+02 6.9985400391e+02 7.0003399658e+02 7.0019799805e+02 7.0035302734e+02 7.0048901367e+02 7.0053100586e+02 7.0056298828e+02 7.0071002197e+02 7.0088201904e+02 7.0102697754e+02 7.0115600586e+02 7.0133197021e+02 7.0148101807e+02
6.9575299072e+02 6.9593200684e+02 6.9609002686e+02 6.9620397949e+02 6.9635797119e+02 6.9647900391e+02 6.9659399414e+02 6.9671099854e+02 6.9682800293e+02 6.9694396973e+02 6.9705700684e+02 6.9714501953e+02 6.9725897217e+02 6.9737701416e+02 6.9747698975e+02 6.9759301758e+02 6.9771398926e+02 6.9784802246e+02 6.9797497559e+02 6.9808697510e+02 6.9820599365e+02 6.9831701660e+02 6.9846197510e+02 6.9852697754e+02 6.9855798340e+02 6.9861901855e+02 6.9868103027e+02 6.9870599365e+02 6.9875598145e+02 6.9887799072e+02 6.9908599854e+02 6.9934497070e+02 6.9952899170e+02 6.9965502930e+02 6.9986700439e+02 7.0003900146e+02 7.0019097900e+02 7.0035900879e+02 7.0048602295e+02 7.0050799561e+02 7.0055902100e+02 7.0069598389e+02 7.0088500977e+02 7.0100799561e+02 7.0116302490e+02 7.0130902100e+02
6.9554199219e+02 6.9574200439e+02 6.9589898682e+02 6.9604199219e+02 6.9622900391e+02 6.9638098145e+02 6.9650701904e+02 6.9660900879e+02 6.9672601318e+02 6.9685601807e+02 6.9698498535e+02 6.9707299805e+02 6.9717199707e+02 6.9728100586e+02 6.9737298584e+02 6.9748101807e+02 6.9760699463e+02 6.9772698975e+02 6.9781799316e+02 6.9794702148e+02 6.9806597900e+02 6.9817797852e+02 6.9830603027e+02 6.9842602539e+02 6.9850097656e+02 6.9855499268e+02 6.9861901855e+02 6.9865997314e+02 6.9870202637e+02 6.9876898193e+02 6.9887402344e+02 6.9909997559e+02 6.9928997803e+02 6.9943499756e+02 6.9965002441e+02 6.9982897949e+02 7.0000000000e+02 7.0021697998e+02 7.0040600586e+02 7.0043701172e+02 7.0045001221e+02 7.0056701660e+02 7.0076702881e+02 7.0088897705e+02 7.0101898193e+02 7.0115502930e+02
6.9531298828e+02 6.9551800537e+02 6.9566198730e+02 6.9586499023e+02 6.9608197021e+02 6.9626501465e+02 6.9640502930e+02 6.9651300049e+02 6.9664898682e+02 6.9678002930e+02 6.9690197754e+02 6.9700500488e+02 6.9711199951e+02 6.9720397949e+02 6.9727502441e+02 6.9739001465e+02 6.9751000977e+02 6.9761798096e+02 6.9770599365e+02 6.9782702637e+02 6.9792602539e+02 6.9802801514e+02 6.9815301514e+02 6.9829797363e+02 6.9840802002e+02 6.9847100830e+02 6.9851300049e+02 6.9861401367e+02 6.9865997314e+02 6.9869000244e+02 6.9876702881e+02 6.9886901855e+02 6.9903399658e+02 6.9926599121e+02 6.9948999023e+02 6.9963702393e+02 6.9983300781e+02 7.0010302734e+02 7.0033001709e+02 7.0026300049e+02 7.0027099609e+02 7.0040002441e+02 7.0059399414e+02 7.0074298096e+02 7.0085900879e+02 7.0099298096e+02
6.9504602051e+02 6.9527099609e+02 6.9546697998e+02 6.9566101074e+02 6.9588397217e+02 6.9609698486e+02 6.9624102783e+02 6.9640399170e+02 6.9655200195e+02 6.9668902588e+02 6.9682397461e+02 6.9691400146e+02 6.9702398682e+02 6.9712097168e+02 6.9719500732e+02 6.9731201172e+02 6.9740698242e+02 6.9750402832e+02 6.9760498047e+02 6.9769702148e+02 6.9779602051e+02 6.9790802002e+02 6.9803302002e+02 6.9817102051e+02 6.9827001953e+02 6.9837298584e+02 6.9844201660e+02 6.9852600098e+02 6.9858001709e+02 6.9861199951e+02 6.9867102051e+02 6.9872497559e+02 6.9881402588e+02 6.9903900146e+02 6.9929302979e+02 6.9945001221e+02 6.9963299561e+02 6.9984197998e+02 6.9996697998e+02 7.0000598145e+02 7.0014001465e+02 7.0030401611e+02 7.0045300293e+02 7.0055902100e+02 7.0068200684e+02 7.0080999756e+02
6.9477301025e+02 6.9503399658e+02 6.9525000000e+02 6.9539898682e+02 6.9564398193e+02 6.9587597656e+02 6.9600402832e+02 6.9619299316e+02 6.9639001465e+02 6.9655999756e+02 6.9670300293e+02 6.9683197021e+02 6.9695599365e+02 6.9706799316e+02 6.9714398193e+02 6.9723498535e+02 6.9731896973e+02 6.9740997314e+02 6.9750500488e+02 6.9758300781e+02 6.9769897461e+02 6.9780297852e+02 6.9791601563e+02 6.9803802490e+02 6.9814398193e+02 6.9826000977e+02 6.9834802246e+02 6.9843200684e+02 6.9848699951e+02 6.9855200195e+02 6.9861102295e+02 6.9864898682e+02 6.9869897461e+02 6.9883300781e+02 6.9902600098e+02 6.9921899414e+02 6.9939398193e+02 6.9952600098e+02 6.9965502930e+02 6.9984899902e+02 7.0009802246e+02 7.0029199219e+02 7.0039501953e+02 7.0045202637e+02 7.0053601074e+02 7.0063897705e+02
6.9447302246e+02 6.9475402832e+02 6.9500201416e+02 6.9517700195e+02 6.9541101074e+02 6.9562799072e+02 6.9578601074e+02 6.9596697998e+02 6.9617901611e+02 6.9636700439e+02 6.9650402832e+02 6.9668103027e+02 6.9684802246e+02 6.9698999023e+02 6.9709497070e+02 6.9717102051e+02 6.9725201416e+02 6.9732702637e+02 6.9740899658e+02 6.9748602295e+02 6.9759899902e+02 6.9770501709e+02 6.9781799316e+02 6.9790301514e+02 6.9801501465e+02 6.9814697266e+02 6.9825000000e+02 6.9833697510e+02 6.9839501953e+02 6.9847497559e+02 6.9854101563e+02 6.9860601807e+02 6.9865100098e+02 6.9872302246e+02 6.9884197998e+02 6.9900201416e+02 6.9919201660e+02 6.9936102295e+02 6.9951599121e+02 6.9969598389e+02 6.9994897461e+02 7.0014898682e+02 7.0025598145e+02 7.0031799316e+02 7.0037799072e+02 7.0047100830e+02
