TESTSERVER/19/5.asc
NCOLS 100
NROWS 100
XLLCORNER 8.4497500000e+03
YLLCORNER 2.8970025000e+05
CELLSIZE 5.0000000000e-01
NODATA_VALUE -9.9990000000e+03
[rows 40 to 59 of 100, columns 46 to 91 of 100]
6.9423797607e+02 6.9450897217e+02 6.9476397705e+02 6.9498498535e+02 6.9519702148e+02 6.9538201904e+02 6.9556799316e+02 6.9575500488e+02 6.9591900635e+02 6.9611700439e+02 6.9636798096e+02 6.9653497314e+02 6.9671099854e+02 6.9688598633e+02 6.9704101563e+02 6.9713299561e+02 6.9719299316e+02 6.9723400879e+02 6.9729302979e+02 6.9742700195e+02 6.9752502441e+02 6.9762500000e+02 6.9773101807e+02 6.9782202148e+02 6.9793200684e+02 6.9803900146e+02 6.9814099121e+02 6.9822100830e+02 6.9831500244e+02 6.9840698242e+02 6.9845300293e+02 6.9854901123e+02 6.9860998535e+02 6.9866400146e+02 6.9873498535e+02 6.9881896973e+02 6.9894097900e+02 6.9915100098e+02 6.9935601807e+02 6.9950201416e+02 6.9964801025e+02 6.9980297852e+02 6.9998699951e+02 7.0012597656e+02 7.0023602295e+02 7.0034100342e+02
6.9401501465e+02 6.9426397705e+02 6.9449902344e+02 6.9475500488e+02 6.9496002197e+02 6.9512701416e+02 6.9530999756e+02 6.9552600098e+02 6.9570098877e+02 6.9588098145e+02 6.9610699463e+02 6.9633801270e+02 6.9652899170e+02 6.9673297119e+02 6.9690002441e+02 6.9704101563e+02 6.9708099365e+02 6.9711499023e+02 6.9718402100e+02 6.9738598633e+02 6.9750701904e+02 6.9756799316e+02 6.9765502930e+02 6.9774401855e+02 6.9785498047e+02 6.9794000244e+02 6.9802001953e+02 6.9811700439e+02 6.9822900391e+02 6.9834802246e+02 6.9840600586e+02 6.9847601318e+02 6.9853900146e+02 6.9860400391e+02 6.9866900635e+02 6.9874798584e+02 6.9880999756e+02 6.9892498779e+02 6.9910400391e+02 6.9933898926e+02 6.9950097656e+02 6.9963397217e+02 6.9982098389e+02 6.9997302246e+02 7.0008398438e+02 7.0018798828e+02
6.9378399658e+02 6.9401397705e+02 6.9425097656e+02 6.9453399658e+02 6.9473400879e+02 6.9490002441e+02 6.9507202148e+02 6.9526397705e+02 6.9546997070e+02 6.9565698242e+02 6.9585400391e+02 6.9608197021e+02 6.9628399658e+02 6.9652697754e+02 6.9675097656e+02 6.9692999268e+02 6.9696301270e+02 6.9698602295e+02 6.9705297852e+02 6.9732000732e+02 6.9748400879e+02 6.9752697754e+02 6.9758697510e+02 6.9767797852e+02 6.9778302002e+02 6.9786499023e+02 6.9792999268e+02 6.9803698730e+02 6.9815698242e+02 6.9827801514e+02 6.9834197998e+02 6.9841601563e+02 6.9847198486e+02 6.9854699707e+02 6.9863201904e+02 6.9871002197e+02 6.9875897217e+02 6.9880102539e+02 6.9889801025e+02 6.9909497070e+02 6.9928198242e+02 6.9945898438e+02 6.9966198730e+02 6.9981799316e+02 6.9991998291e+02 7.0001702881e+02
6.9357501221e+02 6.9379101563e+02 6.9401599121e+02 6.9427398682e+02 6.9451098633e+02 6.9472802734e+02 6.9488500977e+02 6.9506500244e+02 6.9526300049e+02 6.9543499756e+02 6.9561401367e+02 6.9582202148e+02 6.9604302979e+02 6.9630297852e+02 6.9654400635e+02 6.9674597168e+02 6.9685900879e+02 6.9687701416e+02 6.9693103027e+02 6.9725000000e+02 6.9742199707e+02 6.9746697998e+02 6.9753198242e+02 6.9764099121e+02 6.9772900391e+02 6.9780499268e+02 6.9787902832e+02 6.9798699951e+02 6.9809399414e+02 6.9819201660e+02 6.9825201416e+02 6.9835601807e+02 6.9842602539e+02 6.9848999023e+02 6.9857202148e+02 6.9863800049e+02 6.9870098877e+02 6.9873699951e+02 6.9880102539e+02 6.9890399170e+02 6.9902801514e+02 6.9919396973e+02 6.9945599365e+02 6.9964898682e+02 6.9975500488e+02 6.9984899902e+02
6.9337701416e+02 6.9356298828e+02 6.9380700684e+02 6.9403802490e+02 6.9431701660e+02 6.9454498291e+02 6.9469097900e+02 6.9487200928e+02 6.9505297852e+02 6.9521099854e+02 6.9536401367e+02 6.9558197021e+02 6.9579602051e+02 6.9602502441e+02 6.9623199463e+02 6.9649798584e+02 6.9670898438e+02 6.9674902344e+02 6.9684301758e+02 6.9715502930e+02 6.9730297852e+02 6.9738098145e+02 6.9750500488e+02 6.9760601807e+02 6.9768298340e+02 6.9774700928e+02 6.9781597900e+02 6.9792797852e+02 6.9803601074e+02 6.9812500000e+02 6.9819702148e+02 6.9828399658e+02 6.9837097168e+02 6.9843798828e+02 6.9850097656e+02 6.9858300781e+02 6.9866900635e+02 6.9870898438e+02 6.9873901367e+02 6.9878399658e+02 6.9884899902e+02 6.9897302246e+02 6.9925500488e+02 6.9947198486e+02 6.9960198975e+02 6.9971099854e+02
6.9323901367e+02 6.9336199951e+02 6.9363397217e+02 6.9384399414e+02 6.9410198975e+02 6.9432098389e+02 6.9448498535e+02 6.9465399170e+02 6.9483697510e+02 6.9500799561e+02 6.9517102051e+02 6.9536798096e+02 6.9555297852e+02 6.9577398682e+02 6.9595800781e+02 6.9622802734e+02 6.9646197510e+02 6.9657000732e+02 6.9677001953e+02 6.9702001953e+02 6.9716302490e+02 6.9731402588e+02 6.9742602539e+02 6.9753497314e+02 6.9761700439e+02 6.9769799805e+02 6.9779498291e+02 6.9788897705e+02 6.9798498535e+02 6.9807000732e+02 6.9813897705e+02 6.9820001221e+02 6.9827899170e+02 6.9836499023e+02 6.9846997070e+02 6.9854302979e+02 6.9859698486e+02 6.9864501953e+02 6.9870300293e+02 6.9871600342e+02 6.9875402832e+02 6.9883300781e+02 6.9901702881e+02 6.9925799561e+02 6.9944299316e+02 6.9959002686e+02
6.9322198486e+02 6.9318298340e+02 6.9338897705e+02 6.9359802246e+02 6.9384197998e+02 6.9408099365e+02 6.9429797363e+02 6.9446301270e+02 6.9467401123e+02 6.9485400391e+02 6.9498999023e+02 6.9511901855e+02 6.9530499268e+02 6.9553002930e+02 6.9572302246e+02 6.9597998047e+02 6.9620898438e+02 6.9639599609e+02 6.9663098145e+02 6.9681701660e+02 6.9699102783e+02 6.9719299316e+02 6.9730798340e+02 6.9742901611e+02 6.9753302002e+02 6.9762298584e+02 6.9773797607e+02 6.9783898926e+02 6.9792401123e+02 6.9801702881e+02 6.9809100342e+02 6.9814099121e+02 6.9822100830e+02 6.9830700684e+02 6.9841900635e+02 6.9848498535e+02 6.9852801514e+02 6.9858697510e+02 6.9865502930e+02 6.9866998291e+02 6.9871002197e+02 6.9876300049e+02 6.9884899902e+02 6.9903601074e+02 6.9925000000e+02 6.9946801758e+02
6.9325000000e+02 6.9309301758e+02 6.9311602783e+02 6.9337200928e+02 6.9361798096e+02 6.9385699463e+02 6.9408300781e+02 6.9428198242e+02 6.9452301025e+02 6.9469299316e+02 6.9481402588e+02 6.9492498779e+02 6.9510400391e+02 6.9532202148e+02 6.9550201416e+02 6.9570202637e+02 6.9591198730e+02 6.9613098145e+02 6.9634997559e+02 6.9657702637e+02 6.9675897217e+02 6.9695397949e+02 6.9711499023e+02 6.9726599121e+02 6.9739099121e+02 6.9751000977e+02 6.9763500977e+02 6.9775598145e+02 6.9785900879e+02 6.9794702148e+02 6.9801397705e+02 6.9808502197e+02 6.9817498779e+02 6.9824401855e+02 6.9833801270e+02 6.9842297363e+02 6.9849700928e+02 6.9855798340e+02 6.9860400391e+02 6.9862902832e+02 6.9867700195e+02 6.9873602295e+02 6.9878900146e+02 6.9888702393e+02 6.9905798340e+02 6.9928802490e+02
6.9317498779e+02 6.9309497070e+02 6.9293798828e+02 6.9316998291e+02 6.9343597412e+02 6.9365197754e+02 6.9384399414e+02 6.9409698486e+02 6.9434497070e+02 6.9450097656e+02 6.9464801025e+02 6.9480102539e+02 6.9490802002e+02 6.9508697510e+02 6.9530902100e+02 6.9551300049e+02 6.9570202637e+02 6.9589697266e+02 6.9607702637e+02 6.9630902100e+02 6.9650701904e+02 6.9668701172e+02 6.9685302734e+02 6.9704400635e+02 6.9719799805e+02 6.9734997559e+02 6.9750299072e+02 6.9763897705e+02 6.9778802490e+02 6.9787097168e+02 6.9793499756e+02 6.9802001953e+02 6.9810699463e+02 6.9817797852e+02 6.9826202393e+02 6.9834002686e+02 6.9844097900e+02 6.9851898193e+02 6.9857397461e+02 6.9859997559e+02 6.9864398193e+02 6.9871697998e+02 6.9878302002e+02 6.9883197021e+02 6.9890997314e+02 6.9905499268e+02
6.9301300049e+02 6.9308697510e+02 6.9292199707e+02 6.9290802002e+02 6.9318402100e+02 6.9344598389e+02 6.9364801025e+02 6.9390197754e+02 6.9413299561e+02 6.9428997803e+02 6.9448999023e+02 6.9465698242e+02 6.9475598145e+02 6.9497998047e+02 6.9526898193e+02 6.9547497559e+02 6.9553497314e+02 6.9567102051e+02 6.9585101318e+02 6.9602001953e+02 6.9620800781e+02 6.9641198730e+02 6.9658599854e+02 6.9678002930e+02 6.9694799805e+02 6.9710400391e+02 6.9730297852e+02 6.9746600342e+02 6.9761199951e+02 6.9770397949e+02 6.9779101563e+02 6.9793298340e+02 6.9803497314e+02 6.9810900879e+02 6.9819500732e+02 6.9827197266e+02 6.9835998535e+02 6.9844897461e+02 6.9853497314e+02 6.9858599854e+02 6.9861297607e+02 6.9866900635e+02 6.9874102783e+02 6.9880603027e+02 6.9885998535e+02 6.9893402100e+02
6.9282897949e+02 6.9296997070e+02 6.9292797852e+02 6.9277001953e+02 6.9288201904e+02 6.9317199707e+02 6.9344000244e+02 6.9370001221e+02 6.9394799805e+02 6.9411901855e+02 6.9431896973e+02 6.9447900391e+02 6.9460302734e+02 6.9485302734e+02 6.9517199707e+02 6.9536199951e+02 6.9536199951e+02 6.9547198486e+02 6.9564398193e+02 6.9579400635e+02 6.9596801758e+02 6.9616400146e+02 6.9634997559e+02 6.9653497314e+02 6.9670898438e+02 6.9686401367e+02 6.9705798340e+02 6.9722198486e+02 6.9736297607e+02 6.9748400879e+02 6.9763000488e+02 6.9781799316e+02 6.9793499756e+02 6.9801702881e+02 6.9810998535e+02 6.9820202637e+02 6.9828997803e+02 6.9838397217e+02 6.9847399902e+02 6.9854699707e+02 6.9857000732e+02 6.9860900879e+02 6.9867498779e+02 6.9875500488e+02 6.9881799316e+02 6.9887298584e+02
6.9265600586e+02 6.9277099609e+02 6.9287799072e+02 6.9277801514e+02 6.9271301270e+02 6.9292999268e+02 6.9322100830e+02 6.9349499512e+02 6.9377001953e+02 6.9394897461e+02 6.9410400391e+02 6.9427001953e+02 6.9442199707e+02 6.9460797119e+02 6.9491900635e+02 6.9514599609e+02 6.9519396973e+02 6.9533099365e+02 6.9546801758e+02 6.9560101318e+02 6.9576000977e+02 6.9592999268e+02 6.9610302734e+02 6.9627502441e+02 6.9644897461e+02 6.9660498047e+02 6.9679797363e+02 6.9695501709e+02 6.9709899902e+02 6.9725000000e+02 6.9743402100e+02 6.9764300537e+02 6.9778698730e+02 6.9791302490e+02 6.9803100586e+02 6.9813897705e+02 6.9822497559e+02 6.9832000732e+02 6.9839398193e+02 6.9845898438e+02 6.9850701904e+02 6.9855999756e+02 6.9861401367e+02 6.9869299316e+02 6.9877197266e+02 6.9884899902e+02
6.9259698486e+02 6.9260302734e+02 6.9275500488e+02 6.9276098633e+02 6.9262298584e+02 6.9268499756e+02 6.9293902588e+02 6.9321899414e+02 6.9352301025e+02 6.9373699951e+02 6.9393499756e+02 6.9410699463e+02 6.9425201416e+02 6.9440301514e+02 6.9472100830e+02 6.9492297363e+02 6.9503302002e+02 6.9520300293e+02 6.9533300781e+02 6.9542199707e+02 6.9557897949e+02 6.9571398926e+02 6.9584497070e+02 6.9601599121e+02 6.9618499756e+02 6.9635601807e+02 6.9654602051e+02 6.9669598389e+02 6.9684301758e+02 6.9701702881e+02 6.9721301270e+02 6.9740399170e+02 6.9757299805e+02 6.9776202393e+02 6.9793597412e+02 6.9806201172e+02 6.9816198730e+02 6.9825500488e+02 6.9832501221e+02 6.9836901855e+02 6.9844598389e+02 6.9852301025e+02 6.9857098389e+02 6.9864398193e+02 6.9872802734e+02 6.9881597900e+02
6.9259301758e+02 6.9249798584e+02 6.9255999756e+02 6.9267602539e+02 6.9257000732e+02 6.9247802734e+02 6.9264801025e+02 6.9295397949e+02 6.9327099609e+02 6.9351202393e+02 6.9374902344e+02 6.9392700195e+02 6.9406298828e+02 6.9421899414e+02 6.9449499512e+02 6.9473297119e+02 6.9488800049e+02 6.9505700684e+02 6.9515997314e+02 6.9526898193e+02 6.9541101074e+02 6.9554699707e+02 6.9568103027e+02 6.9579400635e+02 6.9594097900e+02 6.9611999512e+02 6.9629101563e+02 6.9647497559e+02 6.9661901855e+02 6.9675402832e+02 6.9692199707e+02 6.9711102295e+02 6.9731701660e+02 6.9754101563e+02 6.9769897461e+02 6.9785400391e+02 6.9802801514e+02 6.9816302490e+02 6.9823498535e+02 6.9830700684e+02 6.9839202881e+02 6.9846301270e+02 6.9852600098e+02 6.9860601807e+02 6.9868701172e+02 6.9876702881e+02
6.9254302979e+02 6.9245397949e+02 6.9236499023e+02 6.9253002930e+02 6.9256201172e+02 6.9242199707e+02 6.9241699219e+02 6.9274597168e+02 6.9307000732e+02 6.9331201172e+02 6.9355499268e+02 6.9372100830e+02 6.9386602783e+02 6.9402600098e+02 6.9425402832e+02 6.9454498291e+02 6.9472802734e+02 6.9487500000e+02 6.9497497559e+02 6.9511602783e+02 6.9525402832e+02 6.9535998535e+02 6.9547497559e+02 6.9557702637e+02 6.9571600342e+02 6.9587902832e+02 6.9600799561e+02 6.9621398926e+02 6.9639801025e+02 6.9653399658e+02 6.9669897461e+02 6.9688201904e+02 6.9708801270e+02 6.9728802490e+02 6.9743103027e+02 6.9759802246e+02 6.9779699707e+02 6.9797601318e+02 6.9809698486e+02 6.9820501709e+02 6.9830999756e+02 6.9838201904e+02 6.9845501709e+02 6.9854498291e+02 6.9863098145e+02 6.9871502686e+02
6.9245001221e+02 6.9244201660e+02 6.9228100586e+02 6.9232800293e+02 6.9250598145e+02 6.9247497559e+02 6.9234197998e+02 6.9251898193e+02 6.9278100586e+02 6.9304101563e+02 6.9331597900e+02 6.9350402832e+02 6.9366802979e+02 6.9384301758e+02 6.9405297852e+02 6.9434600830e+02 6.9454400635e+02 6.9467297363e+02 6.9479699707e+02 6.9494897461e+02 6.9508197021e+02 6.9517297363e+02 6.9527398682e+02 6.9540399170e+02 6.9552301025e+02 6.9566302490e+02 6.9577899170e+02 6.9595098877e+02 6.9614099121e+02 6.9630798340e+02 6.9649401855e+02 6.9666101074e+02 6.9681896973e+02 6.9699200439e+02 6.9716601563e+02 6.9734002686e+02 6.9752801514e+02 6.9772198486e+02 6.9790100098e+02 6.9803997803e+02 6.9819396973e+02 6.9829998779e+02 6.9836700439e+02 6.9846997070e+02 6.9857397461e+02 6.9865997314e+02
6.9227197266e+02 6.9235498047e+02 6.9232202148e+02 6.9218701172e+02 6.9233197021e+02 6.9242498779e+02 6.9228497314e+02 6.9227697754e+02 6.9250000000e+02 6.9280999756e+02 6.9304797363e+02 6.9328802490e+02 6.9348400879e+02 6.9367700195e+02 6.9385998535e+02 6.9409899902e+02 6.9432397461e+02 6.9446801758e+02 6.9459301758e+02 6.9476000977e+02 6.9489300537e+02 6.9500097656e+02 6.9511297607e+02 6.9522900391e+02 6.9533300781e+02 6.9547302246e+02 6.9563201904e+02 6.9575701904e+02 6.9591900635e+02 6.9608197021e+02 6.9623602295e+02 6.9639202881e+02 6.9652001953e+02 6.9667700195e+02 6.9686700439e+02 6.9708001709e+02 6.9727301025e+02 6.9745001221e+02 6.9762597656e+02 6.9781896973e+02 6.9799597168e+02 6.9814300537e+02 6.9825402832e+02 6.9834600830e+02 6.9847497559e+02 6.9858599854e+02
6.9212500000e+02 6.9221002197e+02 6.9227197266e+02 6.9215002441e+02 6.9217199707e+02 6.9231201172e+02 6.9230798340e+02 6.9218902588e+02 6.9227502441e+02 6.9255401611e+02 6.9282202148e+02 6.9305200195e+02 6.9326000977e+02 6.9346002197e+02 6.9361700439e+02 6.9384197998e+02 6.9405499268e+02 6.9424200439e+02 6.9440899658e+02 6.9457000732e+02 6.9470001221e+02 6.9482598877e+02 6.9495098877e+02 6.9505499268e+02 6.9516900635e+02 6.9530603027e+02 6.9547698975e+02 6.9558099365e+02 6.9572198486e+02 6.9586901855e+02 6.9601397705e+02 6.9615002441e+02 6.9628802490e+02 6.9647601318e+02 6.9664202881e+02 6.9680499268e+02 6.9700598145e+02 6.9719897461e+02 6.9737200928e+02 6.9755499268e+02 6.9772900391e+02 6.9789300537e+02 6.9803997803e+02 6.9819097900e+02 6.9833300781e+02 6.9845397949e+02
6.9198901367e+02 6.9204901123e+02 6.9212902832e+02 6.9211999512e+02 6.9206701660e+02 6.9215002441e+02 6.9225799561e+02 6.9215899658e+02 6.9213598633e+02 6.9231799316e+02 6.9255603027e+02 6.9276800537e+02 6.9300000000e+02 6.9323199463e+02 6.9342297363e+02 6.9364202881e+02 6.9384301758e+02 6.9404199219e+02 6.9421600342e+02 6.9437701416e+02 6.9451397705e+02 6.9464697266e+02 6.9478601074e+02 6.9490399170e+02 6.9503002930e+02 6.9515997314e+02 6.9528997803e+02 6.9540197754e+02 6.9555401611e+02 6.9569201660e+02 6.9580902100e+02 6.9596301270e+02 6.9611499023e+02 6.9628002930e+02 6.9642498779e+02 6.9656597900e+02 6.9675701904e+02 6.9693902588e+02 6.9710400391e+02 6.9726599121e+02 6.9744396973e+02 6.9762701416e+02 6.9779699707e+02 6.9799298096e+02 6.9814398193e+02 6.9826800537e+02
6.9186401367e+02 6.9192401123e+02 6.9199902344e+02 6.9206597900e+02 6.9202301025e+02 6.9201702881e+02 6.9215600586e+02 6.9215802002e+02 6.9208398438e+02 6.9214898682e+02 6.9232702637e+02 6.9252301025e+02 6.9275201416e+02 6.9298999023e+02 6.9322998047e+02 6.9344000244e+02 6.9363397217e+02 6.9381701660e+02 6.9398602295e+02 6.9416998291e+02 6.9433197021e+02 6.9447399902e+02 6.9460699463e+02 6.9474798584e+02 6.9487200928e+02 6.9501098633e+02 6.9512701416e+02 6.9524102783e+02 6.9538299561e+02 6.9550701904e+02 6.9562200928e+02 6.9578900146e+02 6.9594500732e+02 6.9609197998e+02 6.9624401855e+02 6.9636999512e+02 6.9652801514e+02 6.9669299316e+02 6.9687799072e+02 6.9703302002e+02 6.9719799805e+02 6.9737902832e+02 6.9755798340e+02 6.9775402832e+02 6.9792498779e+02 6.9805700684e+02
