TESTSERVER/19/6.asc
NCOLS 100
NROWS 100
XLLCORNER 8.4497500000e+03
YLLCORNER 2.8965025000e+05
CELLSIZE 5.0000000000e-01
NODATA_VALUE -9.9990000000e+03
[rows 60 to 79 of 100, columns 0 to 45 of 100]
6.8382598877e+02 6.8389501953e+02 6.8396899414e+02 6.8403900146e+02 6.8411102295e+02 6.8418701172e+02 6.8428698730e+02 6.8435900879e+02 6.8444097900e+02 6.8452600098e+02 6.8463201904e+02 6.8473498535e+02 6.8482000732e+02 6.8492901611e+02 6.8503100586e+02 6.8515002441e+02 6.8528100586e+02 6.8537097168e+02 6.8547198486e+02 6.8557598877e+02 6.8566699219e+02 6.8574902344e+02 6.8581701660e+02 6.8585699463e+02 6.8588299561e+02 6.8588598633e+02 6.8590502930e+02 6.8590802002e+02 6.8590301514e+02 6.8588897705e+02 6.8586798096e+02 6.8584002686e+02 6.8579797363e+02 6.8576098633e+02 6.8573101807e+02 6.8569097900e+02 6.8564898682e+02 6.8558801270e+02 6.8555700684e+02 6.8553100586e+02 6.8547399902e+02 6.8545098877e+02 6.8541101074e+02 6.8536901855e+02 6.8532702637e+02 6.8529498291e+02
6.8370202637e+02 6.8378997803e+02 6.8384698486e+02 6.8391998291e+02 6.8401397705e+02 6.8407202148e+02 6.8415399170e+02 6.8421801758e+02 6.8428900146e+02 6.8438897705e+02 6.8449401855e+02 6.8458398438e+02 6.8466601563e+02 6.8476898193e+02 6.8487701416e+02 6.8496600342e+02 6.8508599854e+02 6.8520001221e+02 6.8530200195e+02 6.8541302490e+02 6.8552502441e+02 6.8560998535e+02 6.8565197754e+02 6.8569799805e+02 6.8572698975e+02 6.8574298096e+02 6.8577502441e+02 6.8577197266e+02 6.8577600098e+02 6.8576501465e+02 6.8573999023e+02 6.8573602295e+02 6.8571600342e+02 6.8567102051e+02 6.8563000488e+02 6.8559100342e+02 6.8555401611e+02 6.8551202393e+02 6.8547698975e+02 6.8545001221e+02 6.8540002441e+02 6.8536499023e+02 6.8534100342e+02 6.8530603027e+02 6.8526300049e+02 6.8523199463e+02
6.8359002686e+02 6.8366198730e+02 6.8372302246e+02 6.8379199219e+02 6.8388000488e+02 6.8395202637e+02 6.8402001953e+02 6.8408300781e+02 6.8416699219e+02 6.8425097656e+02 6.8434802246e+02 6.8443499756e+02 6.8452899170e+02 6.8463299561e+02 6.8472698975e+02 6.8479699707e+02 6.8491198730e+02 6.8501702881e+02 6.8512902832e+02 6.8524700928e+02 6.8535998535e+02 6.8544201660e+02 6.8549200439e+02 6.8555798340e+02 6.8558599854e+02 6.8559997559e+02 6.8564398193e+02 6.8565100098e+02 6.8565100098e+02 6.8565301514e+02 6.8563598633e+02 6.8562701416e+02 6.8561798096e+02 6.8557598877e+02 6.8554302979e+02 6.8551000977e+02 6.8546600342e+02 6.8542999268e+02 6.8539501953e+02 6.8537500000e+02 6.8533697510e+02 6.8528997803e+02 6.8526898193e+02 6.8523602295e+02 6.8517999268e+02 6.8515301514e+02
6.8347802734e+02 6.8354400635e+02 6.8361499023e+02 6.8366900635e+02 6.8374401855e+02 6.8381597900e+02 6.8387597656e+02 6.8394799805e+02 6.8406402588e+02 6.8413299561e+02 6.8420397949e+02 6.8428399658e+02 6.8438201904e+02 6.8448101807e+02 6.8455999756e+02 6.8462799072e+02 6.8473699951e+02 6.8483197021e+02 6.8496600342e+02 6.8509600830e+02 6.8517797852e+02 6.8527001953e+02 6.8533898926e+02 6.8540698242e+02 6.8544702148e+02 6.8545800781e+02 6.8550897217e+02 6.8553900146e+02 6.8553601074e+02 6.8554302979e+02 6.8553802490e+02 6.8552301025e+02 6.8552001953e+02 6.8548400879e+02 6.8545202637e+02 6.8542199707e+02 6.8538299561e+02 6.8535198975e+02 6.8532299805e+02 6.8530700684e+02 6.8527697754e+02 6.8522497559e+02 6.8519201660e+02 6.8515802002e+02 6.8510797119e+02 6.8507501221e+02
6.8336798096e+02 6.8343597412e+02 6.8350500488e+02 6.8356701660e+02 6.8363702393e+02 6.8369897461e+02 6.8375598145e+02 6.8382800293e+02 6.8393103027e+02 6.8398699951e+02 6.8404400635e+02 6.8413299561e+02 6.8423297119e+02 6.8431701660e+02 6.8438897705e+02 6.8446002197e+02 6.8454699707e+02 6.8463800049e+02 6.8476202393e+02 6.8490301514e+02 6.8500201416e+02 6.8508697510e+02 6.8517999268e+02 6.8525500488e+02 6.8532098389e+02 6.8533300781e+02 6.8537597656e+02 6.8540997314e+02 6.8541900635e+02 6.8543902588e+02 6.8544500732e+02 6.8543701172e+02 6.8541302490e+02 6.8538299561e+02 6.8536297607e+02 6.8534301758e+02 6.8532000732e+02 6.8528698730e+02 6.8526098633e+02 6.8524102783e+02 6.8520697021e+02 6.8515100098e+02 6.8510601807e+02 6.8507202148e+02 6.8503399658e+02 6.8500000000e+02
6.8323498535e+02 6.8329901123e+02 6.8338000488e+02 6.8345001221e+02 6.8352600098e+02 6.8359399414e+02 6.8366101074e+02 6.8371502686e+02 6.8378900146e+02 6.8384301758e+02 6.8390100098e+02 6.8399499512e+02 6.8407098389e+02 6.8416198730e+02 6.8422497559e+02 6.8429400635e+02 6.8438397217e+02 6.8449798584e+02 6.8460998535e+02 6.8470800781e+02 6.8482098389e+02 6.8490899658e+02 6.8500598145e+02 6.8508502197e+02 6.8517401123e+02 6.8521600342e+02 6.8525598145e+02 6.8527502441e+02 6.8529901123e+02 6.8534100342e+02 6.8535302734e+02 6.8535101318e+02 6.8531298828e+02 6.8529699707e+02 6.8527899170e+02 6.8525598145e+02 6.8524597168e+02 6.8522601318e+02 6.8519702148e+02 6.8516198730e+02 6.8512200928e+02 6.8508398438e+02 6.8504602051e+02 6.8500598145e+02 6.8495599365e+02 6.8493200684e+02
6.8310302734e+02 6.8317199707e+02 6.8324499512e+02 6.8330798340e+02 6.8339801025e+02 6.8345697021e+02 6.8352600098e+02 6.8357501221e+02 6.8364697266e+02 6.8370397949e+02 6.8376800537e+02 6.8385900879e+02 6.8391900635e+02 6.8400799561e+02 6.8406597900e+02 6.8412902832e+02 6.8421801758e+02 6.8433697510e+02 6.8444097900e+02 6.8453399658e+02 6.8466198730e+02 6.8475598145e+02 6.8485998535e+02 6.8494702148e+02 6.8503497314e+02 6.8507800293e+02 6.8512200928e+02 6.8514898682e+02 6.8518103027e+02 6.8522100830e+02 6.8524401855e+02 6.8525402832e+02 6.8522302246e+02 6.8521600342e+02 6.8519598389e+02 6.8517602539e+02 6.8516601563e+02 6.8515502930e+02 6.8513598633e+02 6.8509197998e+02 6.8504498291e+02 6.8501300049e+02 6.8498101807e+02 6.8492999268e+02 6.8488702393e+02 6.8486499023e+02
6.8298602295e+02 6.8305102539e+02 6.8312200928e+02 6.8318499756e+02 6.8328302002e+02 6.8333001709e+02 6.8339300537e+02 6.8344500732e+02 6.8351397705e+02 6.8356402588e+02 6.8363397217e+02 6.8371697998e+02 6.8378100586e+02 6.8385998535e+02 6.8392498779e+02 6.8397802734e+02 6.8407299805e+02 6.8419201660e+02 6.8428601074e+02 6.8437402344e+02 6.8448602295e+02 6.8458898926e+02 6.8469500732e+02 6.8478997803e+02 6.8488299561e+02 6.8491601563e+02 6.8495599365e+02 6.8499597168e+02 6.8505798340e+02 6.8511602783e+02 6.8514398193e+02 6.8515899658e+02 6.8514398193e+02 6.8513397217e+02 6.8512701416e+02 6.8510998535e+02 6.8508898926e+02 6.8507501221e+02 6.8506097412e+02 6.8502502441e+02 6.8498498535e+02 6.8495300293e+02 6.8491699219e+02 6.8486297607e+02 6.8482702637e+02 6.8479901123e+02
6.8287799072e+02 6.8294897461e+02 6.8301000977e+02 6.8306097412e+02 6.8314697266e+02 6.8321997070e+02 6.8327899170e+02 6.8333300781e+02 6.8340197754e+02 6.8345001221e+02 6.8351702881e+02 6.8358398438e+02 6.8364801025e+02 6.8371697998e+02 6.8378997803e+02 6.8384698486e+02 6.8393798828e+02 6.8403302002e+02 6.8413299561e+02 6.8423297119e+02 6.8432897949e+02 6.8444000244e+02 6.8452197266e+02 6.8461700439e+02 6.8471697998e+02 6.8476702881e+02 6.8482702637e+02 6.8487701416e+02 6.8496197510e+02 6.8501501465e+02 6.8504302979e+02 6.8506701660e+02 6.8506799316e+02 6.8505700684e+02 6.8505499268e+02 6.8503198242e+02 6.8501501465e+02 6.8499597168e+02 6.8497198486e+02 6.8494201660e+02 6.8491497803e+02 6.8487701416e+02 6.8483599854e+02 6.8479498291e+02 6.8475299072e+02 6.8471600342e+02
6.8274298096e+02 6.8282702637e+02 6.8289898682e+02 6.8295098877e+02 6.8302301025e+02 6.8309600830e+02 6.8315698242e+02 6.8320599365e+02 6.8327001953e+02 6.8333300781e+02 6.8340698242e+02 6.8346600342e+02 6.8353198242e+02 6.8360101318e+02 6.8366198730e+02 6.8372802734e+02 6.8381402588e+02 6.8389501953e+02 6.8398498535e+02 6.8406799316e+02 6.8415502930e+02 6.8427197266e+02 6.8436602783e+02 6.8446099854e+02 6.8454998779e+02 6.8460797119e+02 6.8469799805e+02 6.8477600098e+02 6.8485101318e+02 6.8489300537e+02 6.8491802979e+02 6.8494897461e+02 6.8496398926e+02 6.8496099854e+02 6.8494897461e+02 6.8492797852e+02 6.8492102051e+02 6.8491302490e+02 6.8489099121e+02 6.8485998535e+02 6.8482800293e+02 6.8479998779e+02 6.8475701904e+02 6.8472399902e+02 6.8467700195e+02 6.8463397217e+02
6.8263800049e+02 6.8273101807e+02 6.8280200195e+02 6.8285101318e+02 6.8291400146e+02 6.8297601318e+02 6.8304199219e+02 6.8308697510e+02 6.8313299561e+02 6.8320397949e+02 6.8328399658e+02 6.8334899902e+02 6.8340197754e+02 6.8347998047e+02 6.8354400635e+02 6.8360400391e+02 6.8367901611e+02 6.8376000977e+02 6.8384002686e+02 6.8390399170e+02 6.8399798584e+02 6.8411199951e+02 6.8422100830e+02 6.8432202148e+02 6.8440301514e+02 6.8447100830e+02 6.8456597900e+02 6.8464202881e+02 6.8470599365e+02 6.8476702881e+02 6.8479400635e+02 6.8482702637e+02 6.8484899902e+02 6.8486102295e+02 6.8485900879e+02 6.8484399414e+02 6.8482800293e+02 6.8481500244e+02 6.8479901123e+02 6.8477899170e+02 6.8473901367e+02 6.8470599365e+02 6.8467102051e+02 6.8464501953e+02 6.8460101318e+02 6.8455798340e+02
6.8253997803e+02 6.8261999512e+02 6.8268402100e+02 6.8274401855e+02 6.8280902100e+02 6.8285998535e+02 6.8291802979e+02 6.8296398926e+02 6.8302099609e+02 6.8308398438e+02 6.8315399170e+02 6.8322497559e+02 6.8326898193e+02 6.8335302734e+02 6.8342102051e+02 6.8346502686e+02 6.8353601074e+02 6.8361602783e+02 6.8369097900e+02 6.8376702881e+02 6.8386499023e+02 6.8395800781e+02 6.8406097412e+02 6.8416101074e+02 6.8424298096e+02 6.8432397461e+02 6.8441900635e+02 6.8449597168e+02 6.8457202148e+02 6.8463702393e+02 6.8466198730e+02 6.8469299316e+02 6.8471997070e+02 6.8475201416e+02 6.8477001953e+02 6.8476800537e+02 6.8473999023e+02 6.8472198486e+02 6.8469799805e+02 6.8467999268e+02 6.8464099121e+02 6.8461199951e+02 6.8458599854e+02 6.8456500244e+02 6.8453198242e+02 6.8449102783e+02
6.8241802979e+02 6.8249401855e+02 6.8255200195e+02 6.8261602783e+02 6.8268298340e+02 6.8275000000e+02 6.8279602051e+02 6.8283801270e+02 6.8291601563e+02 6.8297900391e+02 6.8302801514e+02 6.8308599854e+02 6.8314202881e+02 6.8323101807e+02 6.8330297852e+02 6.8334802246e+02 6.8340997314e+02 6.8347198486e+02 6.8353100586e+02 6.8363397217e+02 6.8370697021e+02 6.8379498291e+02 6.8389697266e+02 6.8399200439e+02 6.8409399414e+02 6.8418402100e+02 6.8426599121e+02 6.8434100342e+02 6.8443200684e+02 6.8450000000e+02 6.8454302979e+02 6.8458300781e+02 6.8461297607e+02 6.8463299561e+02 6.8464398193e+02 6.8465802002e+02 6.8466601563e+02 6.8462701416e+02 6.8459997559e+02 6.8458398438e+02 6.8454400635e+02 6.8452398682e+02 6.8450201416e+02 6.8446899414e+02 6.8443902588e+02 6.8440997314e+02
6.8231896973e+02 6.8239898682e+02 6.8245098877e+02 6.8250598145e+02 6.8256799316e+02 6.8262500000e+02 6.8268597412e+02 6.8275000000e+02 6.8280999756e+02 6.8287097168e+02 6.8292102051e+02 6.8297100830e+02 6.8303100586e+02 6.8308599854e+02 6.8315197754e+02 6.8321398926e+02 6.8328198242e+02 6.8334100342e+02 6.8340802002e+02 6.8350299072e+02 6.8354998779e+02 6.8364898682e+02 6.8374700928e+02 6.8384399414e+02 6.8393701172e+02 6.8404797363e+02 6.8414001465e+02 6.8420800781e+02 6.8428399658e+02 6.8436602783e+02 6.8443103027e+02 6.8446899414e+02 6.8448797607e+02 6.8451300049e+02 6.8451800537e+02 6.8452801514e+02 6.8453698730e+02 6.8453399658e+02 6.8452398682e+02 6.8451098633e+02 6.8447100830e+02 6.8444897461e+02 6.8441998291e+02 6.8437597656e+02 6.8434698486e+02 6.8433300781e+02
6.8221997070e+02 6.8228997803e+02 6.8233898926e+02 6.8239801025e+02 6.8247802734e+02 6.8252600098e+02 6.8258300781e+02 6.8265002441e+02 6.8269598389e+02 6.8276000977e+02 6.8280798340e+02 6.8286102295e+02 6.8292199707e+02 6.8297302246e+02 6.8303802490e+02 6.8309600830e+02 6.8316198730e+02 6.8321801758e+02 6.8328399658e+02 6.8336401367e+02 6.8341198730e+02 6.8350299072e+02 6.8359899902e+02 6.8369299316e+02 6.8377099609e+02 6.8386798096e+02 6.8397998047e+02 6.8407397461e+02 6.8414202881e+02 6.8423699951e+02 6.8431201172e+02 6.8435101318e+02 6.8436297607e+02 6.8439202881e+02 6.8440399170e+02 6.8442102051e+02 6.8442797852e+02 6.8442999268e+02 6.8442901611e+02 6.8441198730e+02 6.8437298584e+02 6.8434600830e+02 6.8432598877e+02 6.8428399658e+02 6.8426702881e+02 6.8425799561e+02
6.8210302734e+02 6.8217401123e+02 6.8223602295e+02 6.8229199219e+02 6.8237402344e+02 6.8242102051e+02 6.8246600342e+02 6.8253497314e+02 6.8259100342e+02 6.8264599609e+02 6.8269702148e+02 6.8275799561e+02 6.8282098389e+02 6.8287597656e+02 6.8294097900e+02 6.8299200439e+02 6.8304797363e+02 6.8309997559e+02 6.8315002441e+02 6.8322399902e+02 6.8329602051e+02 6.8336700439e+02 6.8345300293e+02 6.8353198242e+02 6.8361297607e+02 6.8370599365e+02 6.8382501221e+02 6.8393298340e+02 6.8400799561e+02 6.8411401367e+02 6.8419598389e+02 6.8424597168e+02 6.8426898193e+02 6.8429498291e+02 6.8430603027e+02 6.8432098389e+02 6.8433197021e+02 6.8433599854e+02 6.8432897949e+02 6.8431097412e+02 6.8427801514e+02 6.8425402832e+02 6.8424200439e+02 6.8420697021e+02 6.8419598389e+02 6.8417797852e+02
6.8200897217e+02 6.8206701660e+02 6.8212902832e+02 6.8219299316e+02 6.8226501465e+02 6.8230798340e+02 6.8236700439e+02 6.8244097900e+02 6.8250402832e+02 6.8255102539e+02 6.8260198975e+02 6.8265899658e+02 6.8271899414e+02 6.8276300049e+02 6.8282299805e+02 6.8287902832e+02 6.8293701172e+02 6.8299200439e+02 6.8303997803e+02 6.8310797119e+02 6.8317999268e+02 6.8325000000e+02 6.8332501221e+02 6.8339099121e+02 6.8347900391e+02 6.8356597900e+02 6.8367901611e+02 6.8378302002e+02 6.8388201904e+02 6.8396899414e+02 6.8406597900e+02 6.8413201904e+02 6.8419000244e+02 6.8420697021e+02 6.8420800781e+02 6.8421301270e+02 6.8423699951e+02 6.8423498535e+02 6.8422900391e+02 6.8421600342e+02 6.8417700195e+02 6.8415502930e+02 6.8414697266e+02 6.8412200928e+02 6.8410900879e+02 6.8408502197e+02
6.8189099121e+02 6.8195599365e+02 6.8202001953e+02 6.8209600830e+02 6.8216101074e+02 6.8219897461e+02 6.8227301025e+02 6.8234899902e+02 6.8241998291e+02 6.8245697021e+02 6.8250701904e+02 6.8256201172e+02 6.8260498047e+02 6.8265997314e+02 6.8272198486e+02 6.8278198242e+02 6.8283099365e+02 6.8288800049e+02 6.8294201660e+02 6.8300701904e+02 6.8307598877e+02 6.8313897705e+02 6.8320300293e+02 6.8327398682e+02 6.8335198975e+02 6.8343701172e+02 6.8353100586e+02 6.8361700439e+02 6.8372601318e+02 6.8381799316e+02 6.8391302490e+02 6.8399200439e+02 6.8406402588e+02 6.8409301758e+02 6.8410302734e+02 6.8411901855e+02 6.8414099121e+02 6.8414099121e+02 6.8413098145e+02 6.8410302734e+02 6.8408398438e+02 6.8406799316e+02 6.8404998779e+02 6.8402099609e+02 6.8400897217e+02 6.8399200439e+02
6.8178302002e+02 6.8184899902e+02 6.8191900635e+02 6.8199102783e+02 6.8204101563e+02 6.8209399414e+02 6.8216802979e+02 6.8223901367e+02 6.8231298828e+02 6.8235498047e+02 6.8240399170e+02 6.8245501709e+02 6.8250701904e+02 6.8256597900e+02 6.8261499023e+02 6.8267199707e+02 6.8272998047e+02 6.8278601074e+02 6.8283300781e+02 6.8288598633e+02 6.8295300293e+02 6.8301397705e+02 6.8309002686e+02 6.8317297363e+02 6.8323400879e+02 6.8330902100e+02 6.8338897705e+02 6.8347302246e+02 6.8358099365e+02 6.8367297363e+02 6.8375897217e+02 6.8385101318e+02 6.8393798828e+02 6.8396997070e+02 6.8399499512e+02 6.8402099609e+02 6.8402301025e+02 6.8401000977e+02 6.8400897217e+02 6.8399700928e+02 6.8399102783e+02 6.8398602295e+02 6.8396600342e+02 6.8392999268e+02 6.8391198730e+02 6.8390997314e+02
6.8168402100e+02 6.8175897217e+02 6.8182702637e+02 6.8188201904e+02 6.8192797852e+02 6.8199700928e+02 6.8206500244e+02 6.8212097168e+02 6.8217999268e+02 6.8224200439e+02 6.8230297852e+02 6.8235797119e+02 6.8241497803e+02 6.8246801758e+02 6.8251397705e+02 6.8256500244e+02 6.8262500000e+02 6.8269299316e+02 6.8273797607e+02 6.8277697754e+02 6.8284698486e+02 6.8291101074e+02 6.8298699951e+02 6.8306097412e+02 6.8312298584e+02 6.8318298340e+02 6.8325799561e+02 6.8334100342e+02 6.8342602539e+02 6.8352099609e+02 6.8360400391e+02 6.8370202637e+02 6.8378399658e+02 6.8383300781e+02 6.8388299561e+02 6.8391497803e+02 6.8391101074e+02 6.8389599609e+02 6.8390301514e+02 6.8390899658e+02 6.8389300537e+02 6.8388000488e+02 6.8386297607e+02 6.8384100342e+02 6.8382897949e+02 6.8383197021e+02
