TESTSERVER/19/6.asc
NCOLS 100
NROWS 100
XLLCORNER 8.4497500000e+03
YLLCORNER 2.8965025000e+05
CELLSIZE 5.0000000000e-01
NODATA_VALUE -9.9990000000e+03
[rows 80 to 99 of 100, columns 0 to 45 of 100]
6.8156097412e+02 6.8164697266e+02 6.8170697021e+02 6.8176898193e+02 6.8184600830e+02 6.8190502930e+02 6.8196600342e+02 6.8200897217e+02 6.8206298828e+02 6.8213299561e+02 6.8219897461e+02 6.8226202393e+02 6.8231701660e+02 6.8236499023e+02 6.8242199707e+02 6.8247698975e+02 6.8252899170e+02 6.8258801270e+02 6.8264898682e+02 6.8268902588e+02 6.8274902344e+02 6.8281298828e+02 6.8288098145e+02 6.8294598389e+02 6.8299700928e+02 6.8305102539e+02 6.8314001465e+02 6.8321099854e+02 6.8327398682e+02 6.8335198975e+02 6.8343798828e+02 6.8353698730e+02 6.8362597656e+02 6.8370697021e+02 6.8376300049e+02 6.8378302002e+02 6.8379302979e+02 6.8379498291e+02 6.8380603027e+02 6.8381896973e+02 6.8379998779e+02 6.8378198242e+02 6.8376202393e+02 6.8375598145e+02 6.8374401855e+02 6.8376000977e+02
6.8146801758e+02 6.8154302979e+02 6.8159600830e+02 6.8166497803e+02 6.8174499512e+02 6.8180603027e+02 6.8187701416e+02 6.8191198730e+02 6.8196502686e+02 6.8202398682e+02 6.8208099365e+02 6.8215002441e+02 6.8220501709e+02 6.8225799561e+02 6.8232299805e+02 6.8238500977e+02 6.8244500732e+02 6.8248101807e+02 6.8254901123e+02 6.8261199951e+02 6.8266601563e+02 6.8270001221e+02 6.8278900146e+02 6.8285699463e+02 6.8288897705e+02 6.8294702148e+02 6.8303302002e+02 6.8309497070e+02 6.8316699219e+02 6.8322198486e+02 6.8329699707e+02 6.8338800049e+02 6.8347399902e+02 6.8355401611e+02 6.8362298584e+02 6.8366601563e+02 6.8368298340e+02 6.8368701172e+02 6.8370001221e+02 6.8371502686e+02 6.8370202637e+02 6.8369799805e+02 6.8367297363e+02 6.8367297363e+02 6.8367199707e+02 6.8368103027e+02
6.8138098145e+02 6.8142999268e+02 6.8149200439e+02 6.8157098389e+02 6.8164398193e+02 6.8170202637e+02 6.8176702881e+02 6.8181097412e+02 6.8187902832e+02 6.8193298340e+02 6.8198602295e+02 6.8204302979e+02 6.8210302734e+02 6.8216400146e+02 6.8222100830e+02 6.8228399658e+02 6.8235101318e+02 6.8238702393e+02 6.8245397949e+02 6.8252398682e+02 6.8258001709e+02 6.8260998535e+02 6.8268499756e+02 6.8276202393e+02 6.8279998779e+02 6.8285198975e+02 6.8292901611e+02 6.8299700928e+02 6.8307598877e+02 6.8311602783e+02 6.8317199707e+02 6.8325097656e+02 6.8333599854e+02 6.8340698242e+02 6.8346801758e+02 6.8352001953e+02 6.8355603027e+02 6.8357202148e+02 6.8358697510e+02 6.8359802246e+02 6.8360400391e+02 6.8359997559e+02 6.8357702637e+02 6.8358502197e+02 6.8359399414e+02 6.8360302734e+02
6.8127197266e+02 6.8132501221e+02 6.8139202881e+02 6.8147302246e+02 6.8153900146e+02 6.8160101318e+02 6.8165100098e+02 6.8170098877e+02 6.8178302002e+02 6.8183697510e+02 6.8189898682e+02 6.8195202637e+02 6.8202502441e+02 6.8208197021e+02 6.8213397217e+02 6.8219799805e+02 6.8225000000e+02 6.8230102539e+02 6.8236102295e+02 6.8242297363e+02 6.8249401855e+02 6.8254602051e+02 6.8260101318e+02 6.8267102051e+02 6.8271997070e+02 6.8277398682e+02 6.8283502197e+02 6.8289697266e+02 6.8296801758e+02 6.8300402832e+02 6.8304998779e+02 6.8312597656e+02 6.8321502686e+02 6.8327301025e+02 6.8330999756e+02 6.8336102295e+02 6.8342199707e+02 6.8344097900e+02 6.8346600342e+02 6.8347802734e+02 6.8348999023e+02 6.8350097656e+02 6.8348797607e+02 6.8349401855e+02 6.8350201416e+02 6.8351501465e+02
6.8115698242e+02 6.8123400879e+02 6.8130297852e+02 6.8137402344e+02 6.8143798828e+02 6.8150701904e+02 6.8155798340e+02 6.8162500000e+02 6.8169702148e+02 6.8173797607e+02 6.8179199219e+02 6.8185797119e+02 6.8193200684e+02 6.8197497559e+02 6.8203601074e+02 6.8209698486e+02 6.8214300537e+02 6.8221002197e+02 6.8227301025e+02 6.8233099365e+02 6.8240399170e+02 6.8245501709e+02 6.8251599121e+02 6.8257702637e+02 6.8261798096e+02 6.8269500732e+02 6.8275000000e+02 6.8280902100e+02 6.8286798096e+02 6.8289398193e+02 6.8294000244e+02 6.8301397705e+02 6.8308398438e+02 6.8313500977e+02 6.8318103027e+02 6.8322497559e+02 6.8326702881e+02 6.8331402588e+02 6.8334100342e+02 6.8335498047e+02 6.8336798096e+02 6.8339898682e+02 6.8339099121e+02 6.8339501953e+02 6.8341998291e+02 6.8342999268e+02
6.8104901123e+02 6.8113500977e+02 6.8118701172e+02 6.8124902344e+02 6.8133697510e+02 6.8139599609e+02 6.8145202637e+02 6.8152697754e+02 6.8158898926e+02 6.8164697266e+02 6.8170800781e+02 6.8177801514e+02 6.8184698486e+02 6.8188299561e+02 6.8194097900e+02 6.8200299072e+02 6.8207702637e+02 6.8213500977e+02 6.8217102051e+02 6.8221197510e+02 6.8229797363e+02 6.8237902832e+02 6.8245001221e+02 6.8250299072e+02 6.8255102539e+02 6.8260498047e+02 6.8265698242e+02 6.8271697998e+02 6.8276300049e+02 6.8280102539e+02 6.8285498047e+02 6.8291601563e+02 6.8297302246e+02 6.8302398682e+02 6.8307897949e+02 6.8311999512e+02 6.8316699219e+02 6.8320501709e+02 6.8322900391e+02 6.8325299072e+02 6.8326800537e+02 6.8329101563e+02 6.8330603027e+02 6.8331097412e+02 6.8332897949e+02 6.8334497070e+02
6.8096002197e+02 6.8103900146e+02 6.8109698486e+02 6.8117102051e+02 6.8124597168e+02 6.8129498291e+02 6.8136199951e+02 6.8142797852e+02 6.8147802734e+02 6.8155200195e+02 6.8161798096e+02 6.8168402100e+02 6.8175500488e+02 6.8179901123e+02 6.8185900879e+02 6.8193103027e+02 6.8200299072e+02 6.8203399658e+02 6.8208697510e+02 6.8213397217e+02 6.8221697998e+02 6.8229302979e+02 6.8235198975e+02 6.8240502930e+02 6.8247198486e+02 6.8252899170e+02 6.8257397461e+02 6.8262500000e+02 6.8266900635e+02 6.8270202637e+02 6.8275598145e+02 6.8281402588e+02 6.8286102295e+02 6.8291400146e+02 6.8298297119e+02 6.8303497314e+02 6.8306799316e+02 6.8309600830e+02 6.8311602783e+02 6.8314099121e+02 6.8316400146e+02 6.8319299316e+02 6.8321899414e+02 6.8322698975e+02 6.8323999023e+02 6.8326898193e+02
6.8086401367e+02 6.8093597412e+02 6.8099597168e+02 6.8107501221e+02 6.8114099121e+02 6.8120001221e+02 6.8126800537e+02 6.8131597900e+02 6.8137200928e+02 6.8145697021e+02 6.8153198242e+02 6.8159997559e+02 6.8166400146e+02 6.8172601318e+02 6.8178302002e+02 6.8184197998e+02 6.8190502930e+02 6.8193902588e+02 6.8200299072e+02 6.8205297852e+02 6.8212799072e+02 6.8218798828e+02 6.8226300049e+02 6.8232702637e+02 6.8239001465e+02 6.8245202637e+02 6.8248797607e+02 6.8253100586e+02 6.8259399414e+02 6.8263397217e+02 6.8267797852e+02 6.8272601318e+02 6.8276800537e+02 6.8280798340e+02 6.8288299561e+02 6.8294396973e+02 6.8297497559e+02 6.8300799561e+02 6.8301800537e+02 6.8302899170e+02 6.8305401611e+02 6.8309301758e+02 6.8312200928e+02 6.8313299561e+02 6.8314501953e+02 6.8319097900e+02
6.8075299072e+02 6.8084301758e+02 6.8090997314e+02 6.8097497559e+02 6.8104400635e+02 6.8111199951e+02 6.8117602539e+02 6.8121997070e+02 6.8129498291e+02 6.8136102295e+02 6.8143597412e+02 6.8149902344e+02 6.8156500244e+02 6.8163299561e+02 6.8168902588e+02 6.8174798584e+02 6.8180603027e+02 6.8186102295e+02 6.8190997314e+02 6.8196697998e+02 6.8203900146e+02 6.8209100342e+02 6.8217199707e+02 6.8223999023e+02 6.8228997803e+02 6.8237298584e+02 6.8241497803e+02 6.8244299316e+02 6.8250402832e+02 6.8255603027e+02 6.8259301758e+02 6.8264001465e+02 6.8269897461e+02 6.8271197510e+02 6.8276800537e+02 6.8283398438e+02 6.8287200928e+02 6.8289898682e+02 6.8291400146e+02 6.8293701172e+02 6.8295697021e+02 6.8299902344e+02 6.8302099609e+02 6.8303802490e+02 6.8306597900e+02 6.8309301758e+02
6.8066900635e+02 6.8075701904e+02 6.8081402588e+02 6.8087902832e+02 6.8096002197e+02 6.8102301025e+02 6.8108099365e+02 6.8112500000e+02 6.8120898438e+02 6.8128601074e+02 6.8135699463e+02 6.8140301514e+02 6.8147601318e+02 6.8152801514e+02 6.8158898926e+02 6.8166302490e+02 6.8173101807e+02 6.8178302002e+02 6.8182897949e+02 6.8189001465e+02 6.8194396973e+02 6.8198498535e+02 6.8207702637e+02 6.8217602539e+02 6.8221801758e+02 6.8228399658e+02 6.8233801270e+02 6.8238000488e+02 6.8242401123e+02 6.8247399902e+02 6.8250402832e+02 6.8254498291e+02 6.8259399414e+02 6.8261499023e+02 6.8266497803e+02 6.8272698975e+02 6.8277099609e+02 6.8280700684e+02 6.8283502197e+02 6.8286901855e+02 6.8289099121e+02 6.8290399170e+02 6.8292797852e+02 6.8296002197e+02 6.8298602295e+02 6.8300799561e+02
6.8058697510e+02 6.8066802979e+02 6.8071301270e+02 6.8078698730e+02 6.8088397217e+02 6.8093298340e+02 6.8097900391e+02 6.8103002930e+02 6.8111999512e+02 6.8118902588e+02 6.8126599121e+02 6.8131701660e+02 6.8139300537e+02 6.8144799805e+02 6.8151300049e+02 6.8158099365e+02 6.8163299561e+02 6.8169396973e+02 6.8175000000e+02 6.8180603027e+02 6.8186199951e+02 6.8191497803e+02 6.8199499512e+02 6.8208197021e+02 6.8212597656e+02 6.8218499756e+02 6.8223699951e+02 6.8228900146e+02 6.8234197998e+02 6.8238800049e+02 6.8242498779e+02 6.8246997070e+02 6.8250097656e+02 6.8254199219e+02 6.8258697510e+02 6.8261901855e+02 6.8266198730e+02 6.8270898438e+02 6.8274102783e+02 6.8278399658e+02 6.8282299805e+02 6.8282897949e+02 6.8285101318e+02 6.8288897705e+02 6.8291699219e+02 6.8293499756e+02
6.8051202393e+02 6.8057702637e+02 6.8063000488e+02 6.8069897461e+02 6.8078100586e+02 6.8084100342e+02 6.8089599609e+02 6.8095098877e+02 6.8102697754e+02 6.8109100342e+02 6.8116601563e+02 6.8122601318e+02 6.8129797363e+02 6.8135198975e+02 6.8142199707e+02 6.8148797607e+02 6.8153198242e+02 6.8158001709e+02 6.8165100098e+02 6.8171197510e+02 6.8178399658e+02 6.8184698486e+02 6.8190997314e+02 6.8198297119e+02 6.8202899170e+02 6.8209600830e+02 6.8215301514e+02 6.8221002197e+02 6.8226501465e+02 6.8230200195e+02 6.8234100342e+02 6.8239697266e+02 6.8242498779e+02 6.8246600342e+02 6.8249902344e+02 6.8252301025e+02 6.8257098389e+02 6.8261798096e+02 6.8263702393e+02 6.8267700195e+02 6.8273199463e+02 6.8275598145e+02 6.8278302002e+02 6.8282299805e+02 6.8284802246e+02 6.8285400391e+02
6.8042102051e+02 6.8048999023e+02 6.8055401611e+02 6.8060302734e+02 6.8066699219e+02 6.8074200439e+02 6.8081500244e+02 6.8087298584e+02 6.8092901611e+02 6.8100701904e+02 6.8106896973e+02 6.8113098145e+02 6.8122302246e+02 6.8126702881e+02 6.8131896973e+02 6.8139898682e+02 6.8147698975e+02 6.8150701904e+02 6.8157299805e+02 6.8163702393e+02 6.8170098877e+02 6.8175598145e+02 6.8181597900e+02 6.8189099121e+02 6.8195001221e+02 6.8200402832e+02 6.8206597900e+02 6.8212597656e+02 6.8218200684e+02 6.8222198486e+02 6.8225897217e+02 6.8231097412e+02 6.8233898926e+02 6.8238000488e+02 6.8241400146e+02 6.8244897461e+02 6.8249102783e+02 6.8254699707e+02 6.8255902100e+02 6.8258502197e+02 6.8263000488e+02 6.8267999268e+02 6.8269702148e+02 6.8272998047e+02 6.8276898193e+02 6.8277197266e+02
6.8032098389e+02 6.8040502930e+02 6.8046099854e+02 6.8052001953e+02 6.8058300781e+02 6.8064599609e+02 6.8071197510e+02 6.8077197266e+02 6.8087402344e+02 6.8091302490e+02 6.8096697998e+02 6.8102502441e+02 6.8110198975e+02 6.8117297363e+02 6.8122601318e+02 6.8128997803e+02 6.8137402344e+02 6.8140899658e+02 6.8147601318e+02 6.8154199219e+02 6.8161102295e+02 6.8166699219e+02 6.8172601318e+02 6.8179797363e+02 6.8184899902e+02 6.8190002441e+02 6.8196997070e+02 6.8202697754e+02 6.8208502197e+02 6.8214202881e+02 6.8219000244e+02 6.8222601318e+02 6.8225500488e+02 6.8229797363e+02 6.8232702637e+02 6.8235302734e+02 6.8240002441e+02 6.8244097900e+02 6.8246099854e+02 6.8249597168e+02 6.8254901123e+02 6.8259197998e+02 6.8261102295e+02 6.8264300537e+02 6.8266699219e+02 6.8269702148e+02
6.8023297119e+02 6.8032000732e+02 6.8036798096e+02 6.8042797852e+02 6.8048797607e+02 6.8055297852e+02 6.8061700439e+02 6.8067797852e+02 6.8078002930e+02 6.8082202148e+02 6.8089001465e+02 6.8094097900e+02 6.8100799561e+02 6.8108502197e+02 6.8114099121e+02 6.8120001221e+02 6.8129101563e+02 6.8131799316e+02 6.8138299561e+02 6.8144897461e+02 6.8151599121e+02 6.8158898926e+02 6.8164300537e+02 6.8170898438e+02 6.8176501465e+02 6.8182598877e+02 6.8189398193e+02 6.8195300293e+02 6.8200097656e+02 6.8205603027e+02 6.8210198975e+02 6.8214099121e+02 6.8218402100e+02 6.8221697998e+02 6.8224200439e+02 6.8226000977e+02 6.8229400635e+02 6.8234399414e+02 6.8238299561e+02 6.8241699219e+02 6.8245397949e+02 6.8249102783e+02 6.8252697754e+02 6.8255798340e+02 6.8257501221e+02 6.8261999512e+02
6.8015502930e+02 6.8022399902e+02 6.8027001953e+02 6.8033898926e+02 6.8041302490e+02 6.8047497559e+02 6.8054101563e+02 6.8059698486e+02 6.8066998291e+02 6.8073498535e+02 6.8081500244e+02 6.8086602783e+02 6.8092700195e+02 6.8099499512e+02 6.8105603027e+02 6.8110900879e+02 6.8120898438e+02 6.8124700928e+02 6.8130297852e+02 6.8136499023e+02 6.8142797852e+02 6.8150201416e+02 6.8155798340e+02 6.8162298584e+02 6.8167999268e+02 6.8175097656e+02 6.8181896973e+02 6.8187799072e+02 6.8192199707e+02 6.8197198486e+02 6.8201202393e+02 6.8206201172e+02 6.8211499023e+02 6.8214001465e+02 6.8217297363e+02 6.8219897461e+02 6.8221600342e+02 6.8227099609e+02 6.8231896973e+02 6.8234899902e+02 6.8237097168e+02 6.8241101074e+02 6.8244702148e+02 6.8247497559e+02 6.8250000000e+02 6.8254302979e+02
6.8007501221e+02 6.8015100098e+02 6.8020098877e+02 6.8027502441e+02 6.8032702637e+02 6.8038098145e+02 6.8046099854e+02 6.8053497314e+02 6.8058898926e+02 6.8065100098e+02 6.8071502686e+02 6.8078497314e+02 6.8083898926e+02 6.8090698242e+02 6.8097698975e+02 6.8103900146e+02 6.8112500000e+02 6.8118200684e+02 6.8123498535e+02 6.8128497314e+02 6.8135699463e+02 6.8142901611e+02 6.8148999023e+02 6.8154998779e+02 6.8159899902e+02 6.8165899658e+02 6.8172198486e+02 6.8178302002e+02 6.8183801270e+02 6.8189099121e+02 6.8194598389e+02 6.8198999023e+02 6.8202398682e+02 6.8205499268e+02 6.8209100342e+02 6.8214202881e+02 6.8218402100e+02 6.8219702148e+02 6.8223901367e+02 6.8227801514e+02 6.8229901123e+02 6.8232800293e+02 6.8235998535e+02 6.8239099121e+02 6.8240899658e+02 6.8245300293e+02
6.7999700928e+02 6.8006097412e+02 6.8010198975e+02 6.8017901611e+02 6.8024798584e+02 6.8030603027e+02 6.8038702393e+02 6.8045397949e+02 6.8050598145e+02 6.8057800293e+02 6.8063598633e+02 6.8070501709e+02 6.8076599121e+02 6.8083099365e+02 6.8088598633e+02 6.8095800781e+02 6.8104199219e+02 6.8108801270e+02 6.8115002441e+02 6.8120397949e+02 6.8128601074e+02 6.8135601807e+02 6.8140899658e+02 6.8147100830e+02 6.8152301025e+02 6.8158099365e+02 6.8164501953e+02 6.8169799805e+02 6.8175201416e+02 6.8181500244e+02 6.8188299561e+02 6.8192199707e+02 6.8195800781e+02 6.8200201416e+02 6.8203002930e+02 6.8206298828e+02 6.8209997559e+02 6.8212097168e+02 6.8216101074e+02 6.8219598389e+02 6.8222900391e+02 6.8226000977e+02 6.8228802490e+02 6.8231298828e+02 6.8233099365e+02 6.8235797119e+02
6.7993499756e+02 6.8000097656e+02 6.8003497314e+02 6.8010198975e+02 6.8017797852e+02 6.8023498535e+02 6.8031799316e+02 6.8037799072e+02 6.8043200684e+02 6.8050299072e+02 6.8057299805e+02 6.8064099121e+02 6.8069897461e+02 6.8073999023e+02 6.8079602051e+02 6.8087799072e+02 6.8095697021e+02 6.8100097656e+02 6.8106896973e+02 6.8112799072e+02 6.8120001221e+02 6.8126397705e+02 6.8132098389e+02 6.8140100098e+02 6.8145300293e+02 6.8151800537e+02 6.8158197021e+02 6.8162200928e+02 6.8166802979e+02 6.8173602295e+02 6.8180102539e+02 6.8184497070e+02 6.8188897705e+02 6.8193103027e+02 6.8196301270e+02 6.8199499512e+02 6.8202502441e+02 6.8204797363e+02 6.8209002686e+02 6.8212597656e+02 6.8215002441e+02 6.8218402100e+02 6.8220697021e+02 6.8223297119e+02 6.8226599121e+02 6.8227502441e+02
6.7984899902e+02 6.7993103027e+02 6.7997100830e+02 6.8004199219e+02 6.8010699463e+02 6.8015399170e+02 6.8021697998e+02 6.8028198242e+02 6.8036401367e+02 6.8042901611e+02 6.8050402832e+02 6.8056097412e+02 6.8061297607e+02 6.8065502930e+02 6.8072497559e+02 6.8080102539e+02 6.8087701416e+02 6.8092797852e+02 6.8099499512e+02 6.8106701660e+02 6.8113201904e+02 6.8119097900e+02 6.8124902344e+02 6.8133599854e+02 6.8138000488e+02 6.8144702148e+02 6.8150701904e+02 6.8154302979e+02 6.8159197998e+02 6.8165600586e+02 6.8171197510e+02 6.8176397705e+02 6.8182299805e+02 6.8184997559e+02 6.8188098145e+02 6.8191699219e+02 6.8194396973e+02 6.8197601318e+02 6.8201397705e+02 6.8204998779e+02 6.8207702637e+02 6.8211999512e+02 6.8214501953e+02 6.8216601563e+02 6.8219396973e+02 6.8221398926e+02
