TESTSERVER/19/7.asc
NCOLS 100
NROWS 100
XLLCORNER 8.4497500000e+03
YLLCORNER 2.8960025000e+05
CELLSIZE 5.0000000000e-01
NODATA_VALUE -9.9990000000e+03
[rows 60 to 79 of 100, columns 46 to 91 of 100]
6.7792700195e+02 6.7795599365e+02 6.7797497559e+02 6.7799401855e+02 6.7802801514e+02 6.7805102539e+02 6.7807598877e+02 6.7809100342e+02 6.7812097168e+02 6.7814099121e+02 6.7814898682e+02 6.7816198730e+02 6.7816900635e+02 6.7818499756e+02 6.7822900391e+02 6.7821997070e+02 6.7823602295e+02 6.7824102783e+02 6.7824401855e+02 6.7826501465e+02 6.7828698730e+02 6.7832202148e+02 6.7832702637e+02 6.7832098389e+02 6.7834600830e+02 6.7838800049e+02 6.7842102051e+02 6.7842700195e+02 6.7844396973e+02 6.7846697998e+02 6.7850799561e+02 6.7851599121e+02 6.7853100586e+02 6.7855102539e+02 6.7856298828e+02 6.7857501221e+02 6.7859802246e+02 6.7861700439e+02 6.7862701416e+02 6.7865698242e+02 6.7867102051e+02 6.7869201660e+02 6.7873901367e+02 6.7875000000e+02 6.7876300049e+02 6.7877899170e+02
6.7781896973e+02 6.7784899902e+02 6.7787402344e+02 6.7789898682e+02 6.7792700195e+02 6.7795098877e+02 6.7797601318e+02 6.7799401855e+02 6.7801800537e+02 6.7804302979e+02 6.7804199219e+02 6.7805603027e+02 6.7806799316e+02 6.7808099365e+02 6.7809600830e+02 6.7810400391e+02 6.7812500000e+02 6.7811700439e+02 6.7812298584e+02 6.7816699219e+02 6.7817297363e+02 6.7819000244e+02 6.7821801758e+02 6.7822497559e+02 6.7823797607e+02 6.7825299072e+02 6.7829400635e+02 6.7832299805e+02 6.7835998535e+02 6.7838299561e+02 6.7840698242e+02 6.7842102051e+02 6.7844500732e+02 6.7846600342e+02 6.7847198486e+02 6.7849798584e+02 6.7852197266e+02 6.7854302979e+02 6.7855200195e+02 6.7857800293e+02 6.7858801270e+02 6.7859301758e+02 6.7864599609e+02 6.7868200684e+02 6.7868701172e+02 6.7870001221e+02
6.7770300293e+02 6.7773699951e+02 6.7777099609e+02 6.7779498291e+02 6.7781402588e+02 6.7783599854e+02 6.7786700439e+02 6.7788800049e+02 6.7790899658e+02 6.7793499756e+02 6.7794299316e+02 6.7795599365e+02 6.7796600342e+02 6.7797802734e+02 6.7798602295e+02 6.7799200439e+02 6.7800799561e+02 6.7800598145e+02 6.7801800537e+02 6.7805700684e+02 6.7805603027e+02 6.7807299805e+02 6.7811602783e+02 6.7813299561e+02 6.7814501953e+02 6.7815899658e+02 6.7818798828e+02 6.7821398926e+02 6.7826202393e+02 6.7829699707e+02 6.7831298828e+02 6.7833398438e+02 6.7835400391e+02 6.7836798096e+02 6.7837597656e+02 6.7841601563e+02 6.7844799805e+02 6.7846197510e+02 6.7847100830e+02 6.7849200439e+02 6.7851501465e+02 6.7852697754e+02 6.7855798340e+02 6.7859100342e+02 6.7860601807e+02 6.7863098145e+02
6.7759802246e+02 6.7763800049e+02 6.7765899658e+02 6.7768200684e+02 6.7770599365e+02 6.7772601318e+02 6.7775799561e+02 6.7777197266e+02 6.7778997803e+02 6.7782000732e+02 6.7784197998e+02 6.7784399414e+02 6.7785498047e+02 6.7787298584e+02 6.7789001465e+02 6.7789501953e+02 6.7791198730e+02 6.7791198730e+02 6.7792999268e+02 6.7795898438e+02 6.7795599365e+02 6.7797302246e+02 6.7800500488e+02 6.7803601074e+02 6.7804901123e+02 6.7808398438e+02 6.7810498047e+02 6.7811102295e+02 6.7814501953e+02 6.7818902588e+02 6.7821899414e+02 6.7823297119e+02 6.7825201416e+02 6.7827099609e+02 6.7828302002e+02 6.7831201172e+02 6.7834600830e+02 6.7836700439e+02 6.7838702393e+02 6.7840301514e+02 6.7843499756e+02 6.7845501709e+02 6.7847497559e+02 6.7851000977e+02 6.7852001953e+02 6.7855200195e+02
6.7748297119e+02 6.7752197266e+02 6.7754602051e+02 6.7756500244e+02 6.7759399414e+02 6.7761999512e+02 6.7764801025e+02 6.7766601563e+02 6.7768402100e+02 6.7770898438e+02 6.7775402832e+02 6.7775598145e+02 6.7776501465e+02 6.7777099609e+02 6.7778497314e+02 6.7779998779e+02 6.7781701660e+02 6.7781402588e+02 6.7784100342e+02 6.7785198975e+02 6.7786297607e+02 6.7788397217e+02 6.7790802002e+02 6.7793701172e+02 6.7795300293e+02 6.7799902344e+02 6.7801098633e+02 6.7801501465e+02 6.7803601074e+02 6.7807897949e+02 6.7812799072e+02 6.7811798096e+02 6.7814599609e+02 6.7817797852e+02 6.7819897461e+02 6.7821997070e+02 6.7824597168e+02 6.7826397705e+02 6.7830200195e+02 6.7832897949e+02 6.7837402344e+02 6.7839300537e+02 6.7839202881e+02 6.7841998291e+02 6.7844201660e+02 6.7848797607e+02
6.7734399414e+02 6.7739001465e+02 6.7743402100e+02 6.7744897461e+02 6.7747998047e+02 6.7751098633e+02 6.7753601074e+02 6.7754998779e+02 6.7756896973e+02 6.7759399414e+02 6.7763201904e+02 6.7763598633e+02 6.7765802002e+02 6.7767199707e+02 6.7769396973e+02 6.7769500732e+02 6.7770300293e+02 6.7772100830e+02 6.7773901367e+02 6.7774200439e+02 6.7776000977e+02 6.7778100586e+02 6.7781097412e+02 6.7783801270e+02 6.7785198975e+02 6.7788897705e+02 6.7790997314e+02 6.7792102051e+02 6.7794396973e+02 6.7798199463e+02 6.7801202393e+02 6.7802697754e+02 6.7806097412e+02 6.7808697510e+02 6.7811499023e+02 6.7813098145e+02 6.7815698242e+02 6.7818701172e+02 6.7823400879e+02 6.7824499512e+02 6.7828497314e+02 6.7831402588e+02 6.7832897949e+02 6.7835400391e+02 6.7837597656e+02 6.7841400146e+02
6.7722900391e+02 6.7726898193e+02 6.7730798340e+02 6.7733898926e+02 6.7737298584e+02 6.7740399170e+02 6.7742602539e+02 6.7744598389e+02 6.7747601318e+02 6.7750201416e+02 6.7753302002e+02 6.7754901123e+02 6.7756402588e+02 6.7757000732e+02 6.7759002686e+02 6.7759698486e+02 6.7760101318e+02 6.7761602783e+02 6.7762902832e+02 6.7763598633e+02 6.7765502930e+02 6.7767700195e+02 6.7771600342e+02 6.7774499512e+02 6.7776000977e+02 6.7778601074e+02 6.7781500244e+02 6.7783801270e+02 6.7786700439e+02 6.7789697266e+02 6.7790100098e+02 6.7793298340e+02 6.7796600342e+02 6.7798999023e+02 6.7802502441e+02 6.7803302002e+02 6.7805700684e+02 6.7810498047e+02 6.7815600586e+02 6.7817401123e+02 6.7820599365e+02 6.7822399902e+02 6.7824902344e+02 6.7828601074e+02 6.7830798340e+02 6.7833599854e+02
6.7712597656e+02 6.7716198730e+02 6.7719201660e+02 6.7723602295e+02 6.7725799561e+02 6.7728100586e+02 6.7730798340e+02 6.7735101318e+02 6.7738897705e+02 6.7740600586e+02 6.7741900635e+02 6.7745599365e+02 6.7747198486e+02 6.7746997070e+02 6.7747998047e+02 6.7748498535e+02 6.7749798584e+02 6.7751000977e+02 6.7752502441e+02 6.7754797363e+02 6.7756799316e+02 6.7758599854e+02 6.7762902832e+02 6.7765997314e+02 6.7767297363e+02 6.7769598389e+02 6.7772900391e+02 6.7774902344e+02 6.7777197266e+02 6.7778997803e+02 6.7780102539e+02 6.7784002686e+02 6.7786798096e+02 6.7790002441e+02 6.7793902588e+02 6.7795599365e+02 6.7797698975e+02 6.7801898193e+02 6.7806701660e+02 6.7809497070e+02 6.7812799072e+02 6.7814398193e+02 6.7816699219e+02 6.7821002197e+02 6.7823199463e+02 6.7826599121e+02
6.7700897217e+02 6.7705499268e+02 6.7708300781e+02 6.7711700439e+02 6.7713201904e+02 6.7715997314e+02 6.7719702148e+02 6.7723498535e+02 6.7726898193e+02 6.7729400635e+02 6.7731597900e+02 6.7733898926e+02 6.7736199951e+02 6.7737597656e+02 6.7738800049e+02 6.7738800049e+02 6.7740502930e+02 6.7740301514e+02 6.7741198730e+02 6.7745202637e+02 6.7747497559e+02 6.7749200439e+02 6.7750500488e+02 6.7755499268e+02 6.7757202148e+02 6.7759698486e+02 6.7764001465e+02 6.7767498779e+02 6.7770001221e+02 6.7771099854e+02 6.7773901367e+02 6.7776202393e+02 6.7778698730e+02 6.7782000732e+02 6.7784497070e+02 6.7787902832e+02 6.7790502930e+02 6.7792199707e+02 6.7797198486e+02 6.7800299072e+02 6.7803100586e+02 6.7806597900e+02 6.7811401367e+02 6.7814202881e+02 6.7815899658e+02 6.7819897461e+02
6.7689202881e+02 6.7693402100e+02 6.7696600342e+02 6.7699700928e+02 6.7702502441e+02 6.7705999756e+02 6.7709899902e+02 6.7712902832e+02 6.7715100098e+02 6.7717797852e+02 6.7720697021e+02 6.7723999023e+02 6.7726000977e+02 6.7727502441e+02 6.7729199219e+02 6.7729901123e+02 6.7731402588e+02 6.7731597900e+02 6.7733300781e+02 6.7735900879e+02 6.7737298584e+02 6.7738800049e+02 6.7740997314e+02 6.7746197510e+02 6.7747802734e+02 6.7750000000e+02 6.7753698730e+02 6.7757800293e+02 6.7759899902e+02 6.7761798096e+02 6.7765002441e+02 6.7767999268e+02 6.7769702148e+02 6.7771899414e+02 6.7775000000e+02 6.7778302002e+02 6.7780999756e+02 6.7783197021e+02 6.7788397217e+02 6.7792700195e+02 6.7795697021e+02 6.7798797607e+02 6.7802899170e+02 6.7806298828e+02 6.7808300781e+02 6.7811499023e+02
6.7678100586e+02 6.7681500244e+02 6.7685400391e+02 6.7688800049e+02 6.7692498779e+02 6.7695599365e+02 6.7699102783e+02 6.7702197266e+02 6.7703601074e+02 6.7706201172e+02 6.7709002686e+02 6.7712597656e+02 6.7714801025e+02 6.7715802002e+02 6.7718402100e+02 6.7721002197e+02 6.7722302246e+02 6.7723400879e+02 6.7725897217e+02 6.7727398682e+02 6.7727600098e+02 6.7728302002e+02 6.7731298828e+02 6.7736798096e+02 6.7738702393e+02 6.7741497803e+02 6.7744702148e+02 6.7748101807e+02 6.7749700928e+02 6.7752197266e+02 6.7755798340e+02 6.7758898926e+02 6.7760601807e+02 6.7762799072e+02 6.7766198730e+02 6.7769598389e+02 6.7772302246e+02 6.7775299072e+02 6.7779199219e+02 6.7783898926e+02 6.7786798096e+02 6.7789300537e+02 6.7793200684e+02 6.7797198486e+02 6.7799298096e+02 6.7802099609e+02
6.7665899658e+02 6.7669799805e+02 6.7674499512e+02 6.7677099609e+02 6.7680999756e+02 6.7683801270e+02 6.7686602783e+02 6.7690301514e+02 6.7693298340e+02 6.7695697021e+02 6.7697399902e+02 6.7700598145e+02 6.7703302002e+02 6.7703802490e+02 6.7707202148e+02 6.7710699463e+02 6.7712200928e+02 6.7713800049e+02 6.7717199707e+02 6.7719000244e+02 6.7718701172e+02 6.7719500732e+02 6.7722802734e+02 6.7727001953e+02 6.7728601074e+02 6.7731896973e+02 6.7735198975e+02 6.7736999512e+02 6.7739300537e+02 6.7742602539e+02 6.7746899414e+02 6.7749597168e+02 6.7750799561e+02 6.7753601074e+02 6.7758197021e+02 6.7761798096e+02 6.7764001465e+02 6.7767797852e+02 6.7771301270e+02 6.7774902344e+02 6.7777502441e+02 6.7780499268e+02 6.7785101318e+02 6.7788500977e+02 6.7790997314e+02 6.7794598389e+02
6.7656097412e+02 6.7659997559e+02 6.7662902832e+02 6.7665502930e+02 6.7669396973e+02 6.7672399902e+02 6.7675799561e+02 6.7678900146e+02 6.7683898926e+02 6.7686499023e+02 6.7686199951e+02 6.7689599609e+02 6.7692297363e+02 6.7693499756e+02 6.7695599365e+02 6.7698999023e+02 6.7701898193e+02 6.7703100586e+02 6.7704901123e+02 6.7708099365e+02 6.7709100342e+02 6.7710900879e+02 6.7714001465e+02 6.7716601563e+02 6.7718200684e+02 6.7720898438e+02 6.7724200439e+02 6.7728100586e+02 6.7731402588e+02 6.7733502197e+02 6.7736798096e+02 6.7740997314e+02 6.7742102051e+02 6.7744396973e+02 6.7749700928e+02 6.7753900146e+02 6.7755798340e+02 6.7759802246e+02 6.7763800049e+02 6.7765698242e+02 6.7768902588e+02 6.7772198486e+02 6.7776501465e+02 6.7779400635e+02 6.7783599854e+02 6.7787597656e+02
6.7647302246e+02 6.7648699951e+02 6.7652301025e+02 6.7655297852e+02 6.7658599854e+02 6.7661700439e+02 6.7664398193e+02 6.7666900635e+02 6.7671398926e+02 6.7675000000e+02 6.7677398682e+02 6.7679199219e+02 6.7681597900e+02 6.7683300781e+02 6.7685797119e+02 6.7688702393e+02 6.7691101074e+02 6.7691998291e+02 6.7693298340e+02 6.7696099854e+02 6.7698602295e+02 6.7701202393e+02 6.7702502441e+02 6.7705999756e+02 6.7708099365e+02 6.7710900879e+02 6.7715399170e+02 6.7718298340e+02 6.7722698975e+02 6.7725402832e+02 6.7727301025e+02 6.7730902100e+02 6.7733697510e+02 6.7736499023e+02 6.7740600586e+02 6.7745501709e+02 6.7746899414e+02 6.7749597168e+02 6.7753100586e+02 6.7756500244e+02 6.7760400391e+02 6.7764099121e+02 6.7769000244e+02 6.7771502686e+02 6.7776000977e+02 6.7779901123e+02
6.7638299561e+02 6.7639202881e+02 6.7642102051e+02 6.7645001221e+02 6.7648297119e+02 6.7651702881e+02 6.7654699707e+02 6.7656298828e+02 6.7659497070e+02 6.7663702393e+02 6.7666601563e+02 6.7668103027e+02 6.7669702148e+02 6.7671801758e+02 6.7674499512e+02 6.7676501465e+02 6.7679400635e+02 6.7681298828e+02 6.7682702637e+02 6.7685498047e+02 6.7688000488e+02 6.7690997314e+02 6.7691198730e+02 6.7695800781e+02 6.7697998047e+02 6.7700201416e+02 6.7705401611e+02 6.7708300781e+02 6.7712298584e+02 6.7715802002e+02 6.7717901611e+02 6.7721697998e+02 6.7724401855e+02 6.7727099609e+02 6.7731298828e+02 6.7734997559e+02 6.7737500000e+02 6.7741601563e+02 6.7745800781e+02 6.7748498535e+02 6.7751800537e+02 6.7756500244e+02 6.7760797119e+02 6.7762902832e+02 6.7767102051e+02 6.7771899414e+02
6.7628302002e+02 6.7630999756e+02 6.7633197021e+02 6.7635699463e+02 6.7638098145e+02 6.7640502930e+02 6.7643902588e+02 6.7645697021e+02 6.7648297119e+02 6.7652197266e+02 6.7655102539e+02 6.7657299805e+02 6.7658697510e+02 6.7661102295e+02 6.7663598633e+02 6.7665600586e+02 6.7668402100e+02 6.7670501709e+02 6.7671697998e+02 6.7674200439e+02 6.7676898193e+02 6.7680401611e+02 6.7681097412e+02 6.7684899902e+02 6.7687402344e+02 6.7689801025e+02 6.7695001221e+02 6.7698297119e+02 6.7701202393e+02 6.7704998779e+02 6.7708001709e+02 6.7712597656e+02 6.7716497803e+02 6.7717797852e+02 6.7720697021e+02 6.7725000000e+02 6.7728698730e+02 6.7733599854e+02 6.7737402344e+02 6.7740399170e+02 6.7744702148e+02 6.7749700928e+02 6.7752899170e+02 6.7756201172e+02 6.7759600830e+02 6.7764398193e+02
6.7615997314e+02 6.7620800781e+02 6.7624597168e+02 6.7627398682e+02 6.7629400635e+02 6.7629498291e+02 6.7631799316e+02 6.7634997559e+02 6.7637701416e+02 6.7640301514e+02 6.7644396973e+02 6.7646502686e+02 6.7648297119e+02 6.7650201416e+02 6.7652600098e+02 6.7654602051e+02 6.7657000732e+02 6.7659802246e+02 6.7660302734e+02 6.7662200928e+02 6.7665002441e+02 6.7667797852e+02 6.7669598389e+02 6.7674597168e+02 6.7677001953e+02 6.7679998779e+02 6.7684100342e+02 6.7687799072e+02 6.7689801025e+02 6.7692901611e+02 6.7697399902e+02 6.7702197266e+02 6.7707202148e+02 6.7709197998e+02 6.7710998535e+02 6.7716900635e+02 6.7720599365e+02 6.7725000000e+02 6.7729101563e+02 6.7732702637e+02 6.7736901855e+02 6.7741198730e+02 6.7745300293e+02 6.7749102783e+02 6.7752197266e+02 6.7756799316e+02
6.7605700684e+02 6.7610101318e+02 6.7612701416e+02 6.7616198730e+02 6.7619598389e+02 6.7620501709e+02 6.7622399902e+02 6.7626202393e+02 6.7628698730e+02 6.7630798340e+02 6.7633898926e+02 6.7635400391e+02 6.7637200928e+02 6.7640197754e+02 6.7643499756e+02 6.7644299316e+02 6.7645098877e+02 6.7647802734e+02 6.7649499512e+02 6.7653601074e+02 6.7655798340e+02 6.7657299805e+02 6.7660699463e+02 6.7664898682e+02 6.7665698242e+02 6.7668499756e+02 6.7673199463e+02 6.7677301025e+02 6.7679797363e+02 6.7683697510e+02 6.7689398193e+02 6.7692700195e+02 6.7696301270e+02 6.7700598145e+02 6.7705902100e+02 6.7709497070e+02 6.7711700439e+02 6.7716302490e+02 6.7720098877e+02 6.7724401855e+02 6.7728900146e+02 6.7733398438e+02 6.7735900879e+02 6.7740002441e+02 6.7744396973e+02 6.7748498535e+02
6.7594000244e+02 6.7599200439e+02 6.7602697754e+02 6.7606201172e+02 6.7609301758e+02 6.7610699463e+02 6.7611901855e+02 6.7616101074e+02 6.7618597412e+02 6.7620898438e+02 6.7622900391e+02 6.7624499512e+02 6.7627301025e+02 6.7630102539e+02 6.7631701660e+02 6.7634497070e+02 6.7636602783e+02 6.7638000488e+02 6.7639398193e+02 6.7643701172e+02 6.7646398926e+02 6.7647802734e+02 6.7650299072e+02 6.7653601074e+02 6.7654797363e+02 6.7658300781e+02 6.7662902832e+02 6.7666900635e+02 6.7669702148e+02 6.7674401855e+02 6.7680902100e+02 6.7683197021e+02 6.7685998535e+02 6.7691302490e+02 6.7697399902e+02 6.7700500488e+02 6.7702600098e+02 6.7707000732e+02 6.7711297607e+02 6.7715698242e+02 6.7719799805e+02 6.7724597168e+02 6.7728198242e+02 6.7731701660e+02 6.7736901855e+02 6.7741497803e+02
6.7582501221e+02 6.7587097168e+02 6.7592797852e+02 6.7595397949e+02 6.7598400879e+02 6.7600897217e+02 6.7601800537e+02 6.7606097412e+02 6.7609197998e+02 6.7611401367e+02 6.7612298584e+02 6.7614202881e+02 6.7617199707e+02 6.7619500732e+02 6.7620202637e+02 6.7624200439e+02 6.7626599121e+02 6.7627099609e+02 6.7629400635e+02 6.7633197021e+02 6.7635900879e+02 6.7637402344e+02 6.7639001465e+02 6.7642498779e+02 6.7644897461e+02 6.7649200439e+02 6.7653002930e+02 6.7657098389e+02 6.7660302734e+02 6.7663800049e+02 6.7668798828e+02 6.7672302246e+02 6.7676397705e+02 6.7681799316e+02 6.7686901855e+02 6.7691497803e+02 6.7693701172e+02 6.7696801758e+02 6.7701898193e+02 6.7706799316e+02 6.7710498047e+02 6.7714898682e+02 6.7719299316e+02 6.7722998047e+02 6.7728302002e+02 6.7733300781e+02
