TESTSERVER/19/7.asc
NCOLS 100
NROWS 100
XLLCORNER 8.4497500000e+03
YLLCORNER 2.8960025000e+05
CELLSIZE 5.0000000000e-01
NODATA_VALUE -9.9990000000e+03
[rows 40 to 59 of 100, columns 0 to 45 of 100]
6.7708197021e+02 6.7715399170e+02 6.7723602295e+02 6.7734197998e+02 6.7742498779e+02 6.7752502441e+02 6.7761401367e+02 6.7772198486e+02 6.7782000732e+02 6.7789202881e+02 6.7795397949e+02 6.7802899170e+02 6.7812597656e+02 6.7819396973e+02 6.7826800537e+02 6.7833502197e+02 6.7840100098e+02 6.7847698975e+02 6.7854498291e+02 6.7861499023e+02 6.7866601563e+02 6.7874401855e+02 6.7881799316e+02 6.7885302734e+02 6.7889300537e+02 6.7893701172e+02 6.7899401855e+02 6.7902697754e+02 6.7905603027e+02 6.7909802246e+02 6.7914099121e+02 6.7919396973e+02 6.7922601318e+02 6.7926800537e+02 6.7932800293e+02 6.7937402344e+02 6.7941497803e+02 6.7946697998e+02 6.7949102783e+02 6.7953002930e+02 6.7958697510e+02 6.7962200928e+02 6.7965002441e+02 6.7969000244e+02 6.7974298096e+02 6.7978601074e+02
6.7697601318e+02 6.7707098389e+02 6.7717199707e+02 6.7725201416e+02 6.7731402588e+02 6.7739898682e+02 6.7749597168e+02 6.7762200928e+02 6.7771697998e+02 6.7779998779e+02 6.7786999512e+02 6.7794396973e+02 6.7803302002e+02 6.7810198975e+02 6.7818597412e+02 6.7825201416e+02 6.7831201172e+02 6.7837500000e+02 6.7844598389e+02 6.7851898193e+02 6.7858197021e+02 6.7866198730e+02 6.7873199463e+02 6.7876800537e+02 6.7880401611e+02 6.7886401367e+02 6.7892401123e+02 6.7896099854e+02 6.7898101807e+02 6.7902099609e+02 6.7905798340e+02 6.7910998535e+02 6.7914001465e+02 6.7918798828e+02 6.7922998047e+02 6.7927197266e+02 6.7932501221e+02 6.7936602783e+02 6.7941400146e+02 6.7946197510e+02 6.7950299072e+02 6.7953198242e+02 6.7956097412e+02 6.7960400391e+02 6.7965197754e+02 6.7968597412e+02
6.7689099121e+02 6.7697998047e+02 6.7708099365e+02 6.7715997314e+02 6.7724200439e+02 6.7732098389e+02 6.7739801025e+02 6.7750500488e+02 6.7759899902e+02 6.7770001221e+02 6.7778900146e+02 6.7786798096e+02 6.7793701172e+02 6.7801300049e+02 6.7808300781e+02 6.7814398193e+02 6.7821600342e+02 6.7828601074e+02 6.7835900879e+02 6.7842901611e+02 6.7848699951e+02 6.7855999756e+02 6.7861999512e+02 6.7866198730e+02 6.7872302246e+02 6.7878198242e+02 6.7881701660e+02 6.7885601807e+02 6.7889001465e+02 6.7893798828e+02 6.7898498535e+02 6.7902697754e+02 6.7905700684e+02 6.7909100342e+02 6.7912597656e+02 6.7917401123e+02 6.7924102783e+02 6.7927197266e+02 6.7931097412e+02 6.7935900879e+02 6.7940301514e+02 6.7943597412e+02 6.7947601318e+02 6.7952600098e+02 6.7958300781e+02 6.7961999512e+02
6.7681701660e+02 6.7688397217e+02 6.7696801758e+02 6.7705700684e+02 6.7715899658e+02 6.7724902344e+02 6.7730902100e+02 6.7739300537e+02 6.7748999023e+02 6.7759698486e+02 6.7769500732e+02 6.7778302002e+02 6.7783099365e+02 6.7791198730e+02 6.7798498535e+02 6.7805102539e+02 6.7810498047e+02 6.7817901611e+02 6.7825402832e+02 6.7833099365e+02 6.7839300537e+02 6.7845800781e+02 6.7853002930e+02 6.7858697510e+02 6.7865802002e+02 6.7871801758e+02 6.7874102783e+02 6.7877899170e+02 6.7881597900e+02 6.7886297607e+02 6.7890698242e+02 6.7893200684e+02 6.7896801758e+02 6.7900500488e+02 6.7904302979e+02 6.7909100342e+02 6.7914501953e+02 6.7918200684e+02 6.7920697021e+02 6.7924902344e+02 6.7929901123e+02 6.7933697510e+02 6.7939099121e+02 6.7943701172e+02 6.7948699951e+02 6.7953601074e+02
6.7671301270e+02 6.7678997803e+02 6.7687200928e+02 6.7696801758e+02 6.7705401611e+02 6.7716497803e+02 6.7722698975e+02 6.7729901123e+02 6.7738598633e+02 6.7748297119e+02 6.7757397461e+02 6.7767199707e+02 6.7774597168e+02 6.7781500244e+02 6.7788702393e+02 6.7796600342e+02 6.7803302002e+02 6.7812097168e+02 6.7815197754e+02 6.7822698975e+02 6.7830603027e+02 6.7834497070e+02 6.7841601563e+02 6.7847698975e+02 6.7854498291e+02 6.7861901855e+02 6.7865997314e+02 6.7869598389e+02 6.7872100830e+02 6.7877398682e+02 6.7882800293e+02 6.7886401367e+02 6.7890802002e+02 6.7892401123e+02 6.7896099854e+02 6.7899902344e+02 6.7903100586e+02 6.7907800293e+02 6.7911700439e+02 6.7916198730e+02 6.7920800781e+02 6.7924200439e+02 6.7929699707e+02 6.7933801270e+02 6.7937902832e+02 6.7944000244e+02
6.7661901855e+02 6.7668402100e+02 6.7677600098e+02 6.7687597656e+02 6.7694799805e+02 6.7706201172e+02 6.7713098145e+02 6.7721099854e+02 6.7729101563e+02 6.7737597656e+02 6.7746697998e+02 6.7756896973e+02 6.7764300537e+02 6.7771398926e+02 6.7778497314e+02 6.7784698486e+02 6.7793298340e+02 6.7802502441e+02 6.7805902100e+02 6.7814599609e+02 6.7822601318e+02 6.7826098633e+02 6.7830798340e+02 6.7837298584e+02 6.7843701172e+02 6.7849401855e+02 6.7854498291e+02 6.7859399414e+02 6.7862597656e+02 6.7867700195e+02 6.7872698975e+02 6.7878100586e+02 6.7883898926e+02 6.7883300781e+02 6.7886798096e+02 6.7891802979e+02 6.7896002197e+02 6.7900201416e+02 6.7904400635e+02 6.7908697510e+02 6.7912701416e+02 6.7915600586e+02 6.7920599365e+02 6.7926599121e+02 6.7930603027e+02 6.7933898926e+02
6.7652697754e+02 6.7659698486e+02 6.7668902588e+02 6.7678601074e+02 6.7685900879e+02 6.7696600342e+02 6.7703497314e+02 6.7712402344e+02 6.7720300293e+02 6.7729498291e+02 6.7738299561e+02 6.7747399902e+02 6.7753497314e+02 6.7761199951e+02 6.7769000244e+02 6.7775500488e+02 6.7783599854e+02 6.7790197754e+02 6.7795300293e+02 6.7803497314e+02 6.7811499023e+02 6.7816900635e+02 6.7821099854e+02 6.7826098633e+02 6.7831500244e+02 6.7838098145e+02 6.7844702148e+02 6.7850799561e+02 6.7854101563e+02 6.7858197021e+02 6.7863299561e+02 6.7868200684e+02 6.7873199463e+02 6.7874499512e+02 6.7878698730e+02 6.7884600830e+02 6.7889599609e+02 6.7892797852e+02 6.7895300293e+02 6.7899102783e+02 6.7903698730e+02 6.7906799316e+02 6.7910400391e+02 6.7915899658e+02 6.7920599365e+02 6.7923101807e+02
6.7642297363e+02 6.7650701904e+02 6.7659899902e+02 6.7670202637e+02 6.7678002930e+02 6.7687597656e+02 6.7694897461e+02 6.7704602051e+02 6.7711199951e+02 6.7720800781e+02 6.7729699707e+02 6.7737902832e+02 6.7744799805e+02 6.7751800537e+02 6.7759002686e+02 6.7766699219e+02 6.7773498535e+02 6.7779498291e+02 6.7785400391e+02 6.7792102051e+02 6.7798602295e+02 6.7806097412e+02 6.7811199951e+02 6.7814898682e+02 6.7820501709e+02 6.7827502441e+02 6.7833001709e+02 6.7839001465e+02 6.7844299316e+02 6.7848901367e+02 6.7854998779e+02 6.7860101318e+02 6.7863702393e+02 6.7866601563e+02 6.7870800781e+02 6.7876202393e+02 6.7881500244e+02 6.7885900879e+02 6.7889001465e+02 6.7892901611e+02 6.7895300293e+02 6.7897998047e+02 6.7901702881e+02 6.7905700684e+02 6.7910900879e+02 6.7914697266e+02
6.7631298828e+02 6.7640399170e+02 6.7649499512e+02 6.7659497070e+02 6.7669000244e+02 6.7677301025e+02 6.7686901855e+02 6.7696502686e+02 6.7701898193e+02 6.7710400391e+02 6.7719702148e+02 6.7727899170e+02 6.7734802246e+02 6.7740997314e+02 6.7747900391e+02 6.7756298828e+02 6.7762298584e+02 6.7770202637e+02 6.7776501465e+02 6.7781896973e+02 6.7786798096e+02 6.7795898438e+02 6.7802099609e+02 6.7804998779e+02 6.7809802246e+02 6.7815002441e+02 6.7820599365e+02 6.7827398682e+02 6.7831701660e+02 6.7838500977e+02 6.7846997070e+02 6.7851397705e+02 6.7854101563e+02 6.7858099365e+02 6.7862298584e+02 6.7867700195e+02 6.7871899414e+02 6.7877697754e+02 6.7881701660e+02 6.7885900879e+02 6.7889398193e+02 6.7891699219e+02 6.7896301270e+02 6.7898797607e+02 6.7902398682e+02 6.7907098389e+02
6.7619799805e+02 6.7629602051e+02 6.7639599609e+02 6.7649700928e+02 6.7657501221e+02 6.7666998291e+02 6.7675500488e+02 6.7685498047e+02 6.7692602539e+02 6.7699499512e+02 6.7708099365e+02 6.7716497803e+02 6.7723797607e+02 6.7731402588e+02 6.7738702393e+02 6.7745800781e+02 6.7752398682e+02 6.7760198975e+02 6.7766400146e+02 6.7772100830e+02 6.7777502441e+02 6.7783599854e+02 6.7791601563e+02 6.7795001221e+02 6.7798797607e+02 6.7804797363e+02 6.7810797119e+02 6.7818902588e+02 6.7821502686e+02 6.7827502441e+02 6.7835998535e+02 6.7841900635e+02 6.7847100830e+02 6.7849798584e+02 6.7853802490e+02 6.7859997559e+02 6.7864501953e+02 6.7870300293e+02 6.7872900391e+02 6.7876501465e+02 6.7880902100e+02 6.7884399414e+02 6.7887902832e+02 6.7891101074e+02 6.7893701172e+02 6.7896398926e+02
6.7610198975e+02 6.7620202637e+02 6.7629302979e+02 6.7639202881e+02 6.7647698975e+02 6.7656097412e+02 6.7664001465e+02 6.7675000000e+02 6.7683801270e+02 6.7690698242e+02 6.7697900391e+02 6.7705200195e+02 6.7713299561e+02 6.7721197510e+02 6.7727899170e+02 6.7733300781e+02 6.7739898682e+02 6.7749499512e+02 6.7756500244e+02 6.7762701416e+02 6.7768597412e+02 6.7772900391e+02 6.7780297852e+02 6.7784497070e+02 6.7789697266e+02 6.7796398926e+02 6.7801202393e+02 6.7808398438e+02 6.7810900879e+02 6.7816900635e+02 6.7824102783e+02 6.7830102539e+02 6.7836700439e+02 6.7840301514e+02 6.7845501709e+02 6.7850402832e+02 6.7854498291e+02 6.7860498047e+02 6.7863500977e+02 6.7866998291e+02 6.7871801758e+02 6.7876202393e+02 6.7879302979e+02 6.7882702637e+02 6.7885699463e+02 6.7888397217e+02
6.7599102783e+02 6.7608898926e+02 6.7618103027e+02 6.7628802490e+02 6.7639001465e+02 6.7646502686e+02 6.7654602051e+02 6.7665197754e+02 6.7673400879e+02 6.7681500244e+02 6.7688500977e+02 6.7695397949e+02 6.7703198242e+02 6.7710400391e+02 6.7716601563e+02 6.7722399902e+02 6.7728497314e+02 6.7737799072e+02 6.7744500732e+02 6.7752099609e+02 6.7758099365e+02 6.7763800049e+02 6.7770397949e+02 6.7774597168e+02 6.7780102539e+02 6.7785400391e+02 6.7789898682e+02 6.7797497559e+02 6.7801702881e+02 6.7808197021e+02 6.7815100098e+02 6.7819897461e+02 6.7825299072e+02 6.7830297852e+02 6.7836602783e+02 6.7841101074e+02 6.7845800781e+02 6.7850799561e+02 6.7854101563e+02 6.7858099365e+02 6.7862902832e+02 6.7866497803e+02 6.7870300293e+02 6.7873101807e+02 6.7875897217e+02 6.7879797363e+02
6.7586700439e+02 6.7598400879e+02 6.7609497070e+02 6.7619396973e+02 6.7627001953e+02 6.7636401367e+02 6.7645098877e+02 6.7655102539e+02 6.7661798096e+02 6.7670300293e+02 6.7678002930e+02 6.7685797119e+02 6.7694000244e+02 6.7701202393e+02 6.7707397461e+02 6.7713897705e+02 6.7720202637e+02 6.7726898193e+02 6.7732598877e+02 6.7740197754e+02 6.7746502686e+02 6.7753399658e+02 6.7759497070e+02 6.7763201904e+02 6.7768402100e+02 6.7774102783e+02 6.7780700684e+02 6.7787402344e+02 6.7792602539e+02 6.7798498535e+02 6.7805700684e+02 6.7811297607e+02 6.7815802002e+02 6.7821099854e+02 6.7826098633e+02 6.7831597900e+02 6.7838897705e+02 6.7840698242e+02 6.7844598389e+02 6.7851397705e+02 6.7856597900e+02 6.7855999756e+02 6.7860900879e+02 6.7864501953e+02 6.7867199707e+02 6.7869598389e+02
6.7580401611e+02 6.7588201904e+02 6.7598101807e+02 6.7607299805e+02 6.7616101074e+02 6.7625897217e+02 6.7632702637e+02 6.7642901611e+02 6.7651397705e+02 6.7660302734e+02 6.7668499756e+02 6.7676397705e+02 6.7683502197e+02 6.7691400146e+02 6.7697802734e+02 6.7704101563e+02 6.7710198975e+02 6.7715600586e+02 6.7722302246e+02 6.7729699707e+02 6.7736297607e+02 6.7741601563e+02 6.7748498535e+02 6.7753198242e+02 6.7758801270e+02 6.7765100098e+02 6.7771801758e+02 6.7779797363e+02 6.7784600830e+02 6.7789099121e+02 6.7796398926e+02 6.7801300049e+02 6.7805102539e+02 6.7810699463e+02 6.7815802002e+02 6.7821801758e+02 6.7827001953e+02 6.7829901123e+02 6.7835498047e+02 6.7841198730e+02 6.7844097900e+02 6.7847802734e+02 6.7853698730e+02 6.7856201172e+02 6.7857598877e+02 6.7859301758e+02
6.7572900391e+02 6.7579699707e+02 6.7588201904e+02 6.7597399902e+02 6.7606799316e+02 6.7615502930e+02 6.7621997070e+02 6.7631298828e+02 6.7639202881e+02 6.7648699951e+02 6.7657598877e+02 6.7664599609e+02 6.7670501709e+02 6.7679998779e+02 6.7688800049e+02 6.7694897461e+02 6.7700201416e+02 6.7705603027e+02 6.7710900879e+02 6.7717700195e+02 6.7725799561e+02 6.7730499268e+02 6.7737701416e+02 6.7742498779e+02 6.7747998047e+02 6.7755700684e+02 6.7761901855e+02 6.7768298340e+02 6.7773297119e+02 6.7778302002e+02 6.7785400391e+02 6.7789898682e+02 6.7794299316e+02 6.7800500488e+02 6.7804998779e+02 6.7810797119e+02 6.7814398193e+02 6.7818499756e+02 6.7824298096e+02 6.7829101563e+02 6.7833099365e+02 6.7838397217e+02 6.7844000244e+02 6.7846899414e+02 6.7848901367e+02 6.7849902344e+02
6.7562597656e+02 6.7571197510e+02 6.7579302979e+02 6.7587902832e+02 6.7596502686e+02 6.7604901123e+02 6.7612200928e+02 6.7620898438e+02 6.7628601074e+02 6.7638299561e+02 6.7646600342e+02 6.7653802490e+02 6.7659899902e+02 6.7668103027e+02 6.7677001953e+02 6.7683300781e+02 6.7689697266e+02 6.7696801758e+02 6.7701800537e+02 6.7707202148e+02 6.7713397217e+02 6.7719396973e+02 6.7726397705e+02 6.7731097412e+02 6.7736602783e+02 6.7743103027e+02 6.7748699951e+02 6.7753900146e+02 6.7759497070e+02 6.7766198730e+02 6.7773297119e+02 6.7778198242e+02 6.7782897949e+02 6.7789801025e+02 6.7794897461e+02 6.7800897217e+02 6.7805401611e+02 6.7809899902e+02 6.7814202881e+02 6.7819201660e+02 6.7823999023e+02 6.7828900146e+02 6.7832800293e+02 6.7836102295e+02 6.7840502930e+02 6.7843298340e+02
6.7552502441e+02 6.7561700439e+02 6.7570898438e+02 6.7580200195e+02 6.7586602783e+02 6.7595501709e+02 6.7603100586e+02 6.7610900879e+02 6.7617700195e+02 6.7627502441e+02 6.7634197998e+02 6.7642700195e+02 6.7651501465e+02 6.7658398438e+02 6.7665997314e+02 6.7672198486e+02 6.7677899170e+02 6.7685101318e+02 6.7691900635e+02 6.7698602295e+02 6.7702001953e+02 6.7709100342e+02 6.7716699219e+02 6.7719897461e+02 6.7724798584e+02 6.7731097412e+02 6.7736199951e+02 6.7743103027e+02 6.7747302246e+02 6.7753497314e+02 6.7760101318e+02 6.7766900635e+02 6.7773901367e+02 6.7778802490e+02 6.7785400391e+02 6.7790600586e+02 6.7795599365e+02 6.7799597168e+02 6.7803698730e+02 6.7809100342e+02 6.7813897705e+02 6.7819897461e+02 6.7823797607e+02 6.7826800537e+02 6.7830999756e+02 6.7836297607e+02
6.7541699219e+02 6.7550500488e+02 6.7560998535e+02 6.7570501709e+02 6.7577899170e+02 6.7585900879e+02 6.7593200684e+02 6.7601800537e+02 6.7607598877e+02 6.7616302490e+02 6.7623400879e+02 6.7631701660e+02 6.7638702393e+02 6.7645697021e+02 6.7655700684e+02 6.7663800049e+02 6.7669799805e+02 6.7673297119e+02 6.7678302002e+02 6.7685101318e+02 6.7692297363e+02 6.7697802734e+02 6.7704998779e+02 6.7708502197e+02 6.7713598633e+02 6.7719799805e+02 6.7724700928e+02 6.7731701660e+02 6.7735699463e+02 6.7741998291e+02 6.7748199463e+02 6.7754498291e+02 6.7761602783e+02 6.7767797852e+02 6.7773999023e+02 6.7777899170e+02 6.7784802246e+02 6.7789697266e+02 6.7793402100e+02 6.7798498535e+02 6.7803601074e+02 6.7807598877e+02 6.7813397217e+02 6.7817199707e+02 6.7819799805e+02 6.7824298096e+02
6.7532098389e+02 6.7539898682e+02 6.7550701904e+02 6.7559698486e+02 6.7567401123e+02 6.7575701904e+02 6.7582702637e+02 6.7591802979e+02 6.7597302246e+02 6.7604901123e+02 6.7613098145e+02 6.7621697998e+02 6.7628002930e+02 6.7634899902e+02 6.7643597412e+02 6.7650701904e+02 6.7658099365e+02 6.7663000488e+02 6.7668597412e+02 6.7674798584e+02 6.7681500244e+02 6.7687097168e+02 6.7692999268e+02 6.7697198486e+02 6.7702099609e+02 6.7707501221e+02 6.7713702393e+02 6.7721099854e+02 6.7725799561e+02 6.7730700684e+02 6.7737402344e+02 6.7742498779e+02 6.7748199463e+02 6.7755401611e+02 6.7761700439e+02 6.7766900635e+02 6.7773400879e+02 6.7777398682e+02 6.7781298828e+02 6.7786602783e+02 6.7792700195e+02 6.7795898438e+02 6.7802099609e+02 6.7806896973e+02 6.7808898926e+02 6.7812200928e+02
6.7521899414e+02 6.7529199219e+02 6.7539398193e+02 6.7548602295e+02 6.7555999756e+02 6.7564300537e+02 6.7570800781e+02 6.7579901123e+02 6.7586401367e+02 6.7594299316e+02 6.7602197266e+02 6.7610498047e+02 6.7616998291e+02 6.7623999023e+02 6.7632299805e+02 6.7638800049e+02 6.7645599365e+02 6.7651098633e+02 6.7657800293e+02 6.7663098145e+02 6.7667797852e+02 6.7674902344e+02 6.7680798340e+02 6.7685998535e+02 6.7690997314e+02 6.7697198486e+02 6.7703198242e+02 6.7709698486e+02 6.7716101074e+02 6.7719799805e+02 6.7725799561e+02 6.7730102539e+02 6.7735498047e+02 6.7742999268e+02 6.7749499512e+02 6.7755499268e+02 6.7760998535e+02 6.7765399170e+02 6.7770300293e+02 6.7775201416e+02 6.7781097412e+02 6.7784899902e+02 6.7789697266e+02 6.7794799805e+02 6.7797302246e+02 6.7799597168e+02
