TESTSERVER/19/8.asc
NCOLS 100
NROWS 100
XLLCORNER 8.4497500000e+03
YLLCORNER 2.8955025000e+05
CELLSIZE 5.0000000000e-01
NODATA_VALUE -9.9990000000e+03
[rows 20 to 39 of 100, columns 46 to 91 of 100]
6.7211199951e+02 6.7215002441e+02 6.7219396973e+02 6.7223699951e+02 6.7226702881e+02 6.7227801514e+02 6.7228002930e+02 6.7232702637e+02 6.7237701416e+02 6.7239801025e+02 6.7243103027e+02 6.7244201660e+02 6.7246099854e+02 6.7249200439e+02 6.7252398682e+02 6.7255200195e+02 6.7258398438e+02 6.7261700439e+02 6.7265002441e+02 6.7268597412e+02 6.7271801758e+02 6.7275500488e+02 6.7279400635e+02 6.7281500244e+02 6.7286102295e+02 6.7290802002e+02 6.7295098877e+02 6.7299401855e+02 6.7303302002e+02 6.7308398438e+02 6.7311700439e+02 6.7317401123e+02 6.7322302246e+02 6.7327301025e+02 6.7333099365e+02 6.7337701416e+02 6.7344097900e+02 6.7350701904e+02 6.7356597900e+02 6.7362902832e+02 6.7368103027e+02 6.7372698975e+02 6.7379498291e+02 6.7384899902e+02 6.7391900635e+02 6.7398101807e+02
6.7205902100e+02 6.7209698486e+02 6.7212597656e+02 6.7217401123e+02 6.7220697021e+02 6.7223199463e+02 6.7225299072e+02 6.7229498291e+02 6.7233801270e+02 6.7237097168e+02 6.7240100098e+02 6.7239501953e+02 6.7240399170e+02 6.7243902588e+02 6.7248199463e+02 6.7250500488e+02 6.7253497314e+02 6.7256701660e+02 6.7261602783e+02 6.7264300537e+02 6.7267498779e+02 6.7271801758e+02 6.7274200439e+02 6.7276202393e+02 6.7280401611e+02 6.7284399414e+02 6.7288397217e+02 6.7292199707e+02 6.7296301270e+02 6.7301397705e+02 6.7304998779e+02 6.7309997559e+02 6.7315301514e+02 6.7321301270e+02 6.7327801514e+02 6.7331701660e+02 6.7338397217e+02 6.7345599365e+02 6.7350500488e+02 6.7355200195e+02 6.7361102295e+02 6.7366998291e+02 6.7372998047e+02 6.7377801514e+02 6.7385400391e+02 6.7390802002e+02
6.7200701904e+02 6.7204602051e+02 6.7206201172e+02 6.7210699463e+02 6.7214398193e+02 6.7217102051e+02 6.7221398926e+02 6.7225799561e+02 6.7228399658e+02 6.7230200195e+02 6.7233197021e+02 6.7234301758e+02 6.7235900879e+02 6.7239099121e+02 6.7243499756e+02 6.7246600342e+02 6.7250402832e+02 6.7253100586e+02 6.7256097412e+02 6.7258001709e+02 6.7261901855e+02 6.7266601563e+02 6.7269201660e+02 6.7272302246e+02 6.7275500488e+02 6.7278302002e+02 6.7282202148e+02 6.7285998535e+02 6.7290600586e+02 6.7295501709e+02 6.7300000000e+02 6.7305297852e+02 6.7310699463e+02 6.7316198730e+02 6.7322497559e+02 6.7325097656e+02 6.7331500244e+02 6.7338702393e+02 6.7344299316e+02 6.7348699951e+02 6.7354302979e+02 6.7360601807e+02 6.7365899658e+02 6.7371697998e+02 6.7378399658e+02 6.7383197021e+02
6.7192999268e+02 6.7197302246e+02 6.7201599121e+02 6.7206799316e+02 6.7209002686e+02 6.7210601807e+02 6.7214898682e+02 6.7219799805e+02 6.7222399902e+02 6.7223498535e+02 6.7226702881e+02 6.7229302979e+02 6.7231500244e+02 6.7234802246e+02 6.7238702393e+02 6.7242999268e+02 6.7247399902e+02 6.7249200439e+02 6.7250799561e+02 6.7253198242e+02 6.7255902100e+02 6.7260601807e+02 6.7265600586e+02 6.7268798828e+02 6.7270697021e+02 6.7273199463e+02 6.7277801514e+02 6.7281896973e+02 6.7285400391e+02 6.7290301514e+02 6.7295300293e+02 6.7301098633e+02 6.7306402588e+02 6.7310900879e+02 6.7316802979e+02 6.7320098877e+02 6.7326000977e+02 6.7332897949e+02 6.7337902832e+02 6.7342199707e+02 6.7347900391e+02 6.7353601074e+02 6.7358197021e+02 6.7364501953e+02 6.7370300293e+02 6.7375897217e+02
6.7186199951e+02 6.7190802002e+02 6.7195202637e+02 6.7199298096e+02 6.7201898193e+02 6.7204901123e+02 6.7209600830e+02 6.7215100098e+02 6.7217401123e+02 6.7218902588e+02 6.7222698975e+02 6.7224700928e+02 6.7227301025e+02 6.7231500244e+02 6.7235900879e+02 6.7240100098e+02 6.7242901611e+02 6.7245501709e+02 6.7247399902e+02 6.7249597168e+02 6.7251800537e+02 6.7255102539e+02 6.7260498047e+02 6.7263897705e+02 6.7265997314e+02 6.7268402100e+02 6.7271697998e+02 6.7276397705e+02 6.7279602051e+02 6.7284100342e+02 6.7289398193e+02 6.7294799805e+02 6.7300000000e+02 6.7304602051e+02 6.7309899902e+02 6.7314697266e+02 6.7319799805e+02 6.7326098633e+02 6.7330297852e+02 6.7335998535e+02 6.7342199707e+02 6.7347497559e+02 6.7353198242e+02 6.7357897949e+02 6.7363299561e+02 6.7369799805e+02
6.7181500244e+02 6.7185198975e+02 6.7188702393e+02 6.7192498779e+02 6.7196697998e+02 6.7199902344e+02 6.7204602051e+02 6.7209698486e+02 6.7212200928e+02 6.7213299561e+02 6.7216198730e+02 6.7220599365e+02 6.7223901367e+02 6.7227001953e+02 6.7230798340e+02 6.7235400391e+02 6.7237902832e+02 6.7241302490e+02 6.7244396973e+02 6.7245501709e+02 6.7248199463e+02 6.7251202393e+02 6.7254199219e+02 6.7259002686e+02 6.7263500977e+02 6.7265802002e+02 6.7267700195e+02 6.7271697998e+02 6.7274902344e+02 6.7278601074e+02 6.7282598877e+02 6.7288800049e+02 6.7294598389e+02 6.7299798584e+02 6.7305200195e+02 6.7309899902e+02 6.7314001465e+02 6.7319500732e+02 6.7324401855e+02 6.7331097412e+02 6.7337298584e+02 6.7342199707e+02 6.7347198486e+02 6.7352099609e+02 6.7357702637e+02 6.7364398193e+02
6.7176202393e+02 6.7179400635e+02 6.7182702637e+02 6.7186401367e+02 6.7190600586e+02 6.7193298340e+02 6.7197399902e+02 6.7202899170e+02 6.7207702637e+02 6.7209802246e+02 6.7210900879e+02 6.7215698242e+02 6.7218402100e+02 6.7220800781e+02 6.7225000000e+02 6.7230297852e+02 6.7233300781e+02 6.7236199951e+02 6.7239300537e+02 6.7240600586e+02 6.7243499756e+02 6.7247100830e+02 6.7250000000e+02 6.7254602051e+02 6.7259802246e+02 6.7262097168e+02 6.7264202881e+02 6.7267901611e+02 6.7271398926e+02 6.7275097656e+02 6.7278399658e+02 6.7284100342e+02 6.7290002441e+02 6.7295001221e+02 6.7299700928e+02 6.7305297852e+02 6.7310101318e+02 6.7314599609e+02 6.7320098877e+02 6.7325299072e+02 6.7330401611e+02 6.7335699463e+02 6.7341400146e+02 6.7346398926e+02 6.7351202393e+02 6.7357598877e+02
6.7169897461e+02 6.7173797607e+02 6.7177600098e+02 6.7182202148e+02 6.7185797119e+02 6.7187902832e+02 6.7190802002e+02 6.7196801758e+02 6.7202600098e+02 6.7205798340e+02 6.7207098389e+02 6.7210797119e+02 6.7213299561e+02 6.7216400146e+02 6.7220800781e+02 6.7225000000e+02 6.7228601074e+02 6.7231500244e+02 6.7234698486e+02 6.7236999512e+02 6.7239202881e+02 6.7242999268e+02 6.7246899414e+02 6.7249700928e+02 6.7253399658e+02 6.7256799316e+02 6.7260797119e+02 6.7263598633e+02 6.7267700195e+02 6.7271899414e+02 6.7275500488e+02 6.7280401611e+02 6.7285198975e+02 6.7290301514e+02 6.7294396973e+02 6.7299102783e+02 6.7304998779e+02 6.7309802246e+02 6.7315301514e+02 6.7319799805e+02 6.7324102783e+02 6.7329901123e+02 6.7335797119e+02 6.7341302490e+02 6.7345800781e+02 6.7351202393e+02
6.7163500977e+02 6.7169299316e+02 6.7171997070e+02 6.7176202393e+02 6.7179901123e+02 6.7182800293e+02 6.7185900879e+02 6.7190997314e+02 6.7195800781e+02 6.7199499512e+02 6.7202398682e+02 6.7205102539e+02 6.7208502197e+02 6.7213098145e+02 6.7216900635e+02 6.7221301270e+02 6.7226098633e+02 6.7228302002e+02 6.7229797363e+02 6.7233300781e+02 6.7236297607e+02 6.7240197754e+02 6.7242297363e+02 6.7245300293e+02 6.7247399902e+02 6.7251501465e+02 6.7257397461e+02 6.7260498047e+02 6.7264801025e+02 6.7268798828e+02 6.7272399902e+02 6.7276501465e+02 6.7279699707e+02 6.7284301758e+02 6.7290002441e+02 6.7294799805e+02 6.7300000000e+02 6.7305297852e+02 6.7309100342e+02 6.7314300537e+02 6.7320300293e+02 6.7326800537e+02 6.7331597900e+02 6.7335101318e+02 6.7340197754e+02 6.7345202637e+02
6.7160797119e+02 6.7165997314e+02 6.7167602539e+02 6.7170001221e+02 6.7173297119e+02 6.7177197266e+02 6.7181298828e+02 6.7185797119e+02 6.7189501953e+02 6.7192797852e+02 6.7196801758e+02 6.7200097656e+02 6.7203900146e+02 6.7208001709e+02 6.7212298584e+02 6.7215802002e+02 6.7219799805e+02 6.7222900391e+02 6.7226501465e+02 6.7230297852e+02 6.7232897949e+02 6.7236401367e+02 6.7239001465e+02 6.7241802979e+02 6.7244702148e+02 6.7249700928e+02 6.7254602051e+02 6.7257202148e+02 6.7261901855e+02 6.7266198730e+02 6.7268597412e+02 6.7273498535e+02 6.7278100586e+02 6.7281298828e+02 6.7284301758e+02 6.7290197754e+02 6.7295202637e+02 6.7300000000e+02 6.7303900146e+02 6.7310198975e+02 6.7315698242e+02 6.7320599365e+02 6.7325897217e+02 6.7330297852e+02 6.7334197998e+02 6.7339001465e+02
6.7156896973e+02 6.7161401367e+02 6.7164202881e+02 6.7166998291e+02 6.7169299316e+02 6.7172497559e+02 6.7176702881e+02 6.7181597900e+02 6.7185101318e+02 6.7186798096e+02 6.7191101074e+02 6.7195599365e+02 6.7199597168e+02 6.7203100586e+02 6.7207202148e+02 6.7211199951e+02 6.7214801025e+02 6.7218200684e+02 6.7222900391e+02 6.7226501465e+02 6.7228997803e+02 6.7232598877e+02 6.7236901855e+02 6.7239599609e+02 6.7242602539e+02 6.7247601318e+02 6.7250402832e+02 6.7252899170e+02 6.7257397461e+02 6.7262097168e+02 6.7265502930e+02 6.7270800781e+02 6.7275299072e+02 6.7277600098e+02 6.7279302979e+02 6.7285400391e+02 6.7291198730e+02 6.7296002197e+02 6.7299200439e+02 6.7305200195e+02 6.7309802246e+02 6.7313897705e+02 6.7319897461e+02 6.7325000000e+02 6.7329199219e+02 6.7333801270e+02
6.7152301025e+02 6.7156298828e+02 6.7159997559e+02 6.7163299561e+02 6.7165600586e+02 6.7168902588e+02 6.7172698975e+02 6.7177301025e+02 6.7180999756e+02 6.7182202148e+02 6.7186401367e+02 6.7190997314e+02 6.7194702148e+02 6.7198297119e+02 6.7202801514e+02 6.7207897949e+02 6.7211199951e+02 6.7214001465e+02 6.7217999268e+02 6.7221002197e+02 6.7224401855e+02 6.7228302002e+02 6.7232897949e+02 6.7235797119e+02 6.7238598633e+02 6.7243103027e+02 6.7245800781e+02 6.7248797607e+02 6.7252398682e+02 6.7256597900e+02 6.7261297607e+02 6.7265002441e+02 6.7268402100e+02 6.7271600342e+02 6.7275299072e+02 6.7280798340e+02 6.7286901855e+02 6.7291900635e+02 6.7295001221e+02 6.7299597168e+02 6.7304199219e+02 6.7309399414e+02 6.7314801025e+02 6.7319000244e+02 6.7324200439e+02 6.7329901123e+02
6.7146502686e+02 6.7151000977e+02 6.7155200195e+02 6.7158502197e+02 6.7161297607e+02 6.7164801025e+02 6.7168798828e+02 6.7171801758e+02 6.7175402832e+02 6.7178198242e+02 6.7184002686e+02 6.7187097168e+02 6.7190997314e+02 6.7195001221e+02 6.7199401855e+02 6.7203997803e+02 6.7207000732e+02 6.7209698486e+02 6.7213000488e+02 6.7216998291e+02 6.7220501709e+02 6.7223999023e+02 6.7228100586e+02 6.7232098389e+02 6.7235998535e+02 6.7239801025e+02 6.7243200684e+02 6.7245697021e+02 6.7248699951e+02 6.7252600098e+02 6.7257202148e+02 6.7260198975e+02 6.7263500977e+02 6.7267297363e+02 6.7272399902e+02 6.7277697754e+02 6.7282702637e+02 6.7286199951e+02 6.7289801025e+02 6.7293701172e+02 6.7299200439e+02 6.7305700684e+02 6.7310101318e+02 6.7313800049e+02 6.7318597412e+02 6.7324902344e+02
6.7141998291e+02 6.7146197510e+02 6.7150299072e+02 6.7153698730e+02 6.7156701660e+02 6.7160198975e+02 6.7163897705e+02 6.7168200684e+02 6.7171899414e+02 6.7174401855e+02 6.7178497314e+02 6.7182397461e+02 6.7187597656e+02 6.7191497803e+02 6.7195202637e+02 6.7198999023e+02 6.7201702881e+02 6.7205200195e+02 6.7208398438e+02 6.7213201904e+02 6.7217797852e+02 6.7222100830e+02 6.7226702881e+02 6.7229602051e+02 6.7232800293e+02 6.7236499023e+02 6.7239697266e+02 6.7241302490e+02 6.7244299316e+02 6.7248400879e+02 6.7252502441e+02 6.7257202148e+02 6.7262097168e+02 6.7265899658e+02 6.7269396973e+02 6.7273999023e+02 6.7278399658e+02 6.7283001709e+02 6.7288098145e+02 6.7290600586e+02 6.7294299316e+02 6.7300299072e+02 6.7305297852e+02 6.7309802246e+02 6.7314099121e+02 6.7319799805e+02
6.7136901855e+02 6.7141900635e+02 6.7146697998e+02 6.7149298096e+02 6.7151501465e+02 6.7155603027e+02 6.7160302734e+02 6.7164300537e+02 6.7167999268e+02 6.7170300293e+02 6.7173999023e+02 6.7178302002e+02 6.7183099365e+02 6.7186798096e+02 6.7190197754e+02 6.7195001221e+02 6.7197998047e+02 6.7201800537e+02 6.7206097412e+02 6.7210900879e+02 6.7215802002e+02 6.7219500732e+02 6.7223498535e+02 6.7226702881e+02 6.7229498291e+02 6.7233697510e+02 6.7237701416e+02 6.7240600586e+02 6.7242797852e+02 6.7246600342e+02 6.7250500488e+02 6.7254101563e+02 6.7258599854e+02 6.7263201904e+02 6.7266198730e+02 6.7270001221e+02 6.7273602295e+02 6.7279101563e+02 6.7285498047e+02 6.7288098145e+02 6.7289697266e+02 6.7293902588e+02 6.7300701904e+02 6.7306402588e+02 6.7309399414e+02 6.7314099121e+02
6.7132501221e+02 6.7137200928e+02 6.7142498779e+02 6.7144702148e+02 6.7147198486e+02 6.7151898193e+02 6.7156799316e+02 6.7160302734e+02 6.7163000488e+02 6.7165399170e+02 6.7169598389e+02 6.7173901367e+02 6.7178198242e+02 6.7182598877e+02 6.7186602783e+02 6.7190899658e+02 6.7194000244e+02 6.7198101807e+02 6.7203198242e+02 6.7207098389e+02 6.7211602783e+02 6.7214898682e+02 6.7218402100e+02 6.7222698975e+02 6.7226202393e+02 6.7230401611e+02 6.7234301758e+02 6.7238598633e+02 6.7242199707e+02 6.7245898438e+02 6.7249798584e+02 6.7252899170e+02 6.7255902100e+02 6.7260198975e+02 6.7264300537e+02 6.7268103027e+02 6.7271099854e+02 6.7275598145e+02 6.7281500244e+02 6.7285601807e+02 6.7287799072e+02 6.7290698242e+02 6.7295697021e+02 6.7301300049e+02 6.7304400635e+02 6.7309399414e+02
6.7128198242e+02 6.7132202148e+02 6.7136297607e+02 6.7140100098e+02 6.7143597412e+02 6.7147302246e+02 6.7151800537e+02 6.7155798340e+02 6.7158801270e+02 6.7161199951e+02 6.7165197754e+02 6.7170397949e+02 6.7173901367e+02 6.7178100586e+02 6.7183599854e+02 6.7187200928e+02 6.7189898682e+02 6.7194000244e+02 6.7199102783e+02 6.7203802490e+02 6.7207202148e+02 6.7210699463e+02 6.7215100098e+02 6.7219500732e+02 6.7223101807e+02 6.7227697754e+02 6.7232501221e+02 6.7235998535e+02 6.7239898682e+02 6.7242999268e+02 6.7247302246e+02 6.7251300049e+02 6.7254797363e+02 6.7258001709e+02 6.7261700439e+02 6.7264398193e+02 6.7269097900e+02 6.7273797607e+02 6.7278100586e+02 6.7281500244e+02 6.7285699463e+02 6.7290301514e+02 6.7294201660e+02 6.7297399902e+02 6.7301000977e+02 6.7304901123e+02
6.7121600342e+02 6.7127301025e+02 6.7131701660e+02 6.7135900879e+02 6.7140802002e+02 6.7144500732e+02 6.7147399902e+02 6.7151300049e+02 6.7154998779e+02 6.7158898926e+02 6.7163098145e+02 6.7166900635e+02 6.7170098877e+02 6.7173797607e+02 6.7178997803e+02 6.7183599854e+02 6.7187597656e+02 6.7191900635e+02 6.7196197510e+02 6.7201501465e+02 6.7203997803e+02 6.7208099365e+02 6.7212402344e+02 6.7216601563e+02 6.7219897461e+02 6.7224200439e+02 6.7228900146e+02 6.7233197021e+02 6.7237200928e+02 6.7240997314e+02 6.7245501709e+02 6.7249200439e+02 6.7253002930e+02 6.7256298828e+02 6.7259698486e+02 6.7262597656e+02 6.7266400146e+02 6.7270697021e+02 6.7274700928e+02 6.7277697754e+02 6.7282897949e+02 6.7288397217e+02 6.7291699219e+02 6.7295098877e+02 6.7298602295e+02 6.7301300049e+02
6.7115100098e+02 6.7120898438e+02 6.7125897217e+02 6.7130401611e+02 6.7135302734e+02 6.7139599609e+02 6.7143499756e+02 6.7147802734e+02 6.7152001953e+02 6.7156402588e+02 6.7159997559e+02 6.7163299561e+02 6.7166699219e+02 6.7170501709e+02 6.7175402832e+02 6.7179797363e+02 6.7184698486e+02 6.7189202881e+02 6.7193298340e+02 6.7197399902e+02 6.7200897217e+02 6.7205798340e+02 6.7209399414e+02 6.7213800049e+02 6.7218402100e+02 6.7222399902e+02 6.7225097656e+02 6.7229699707e+02 6.7234997559e+02 6.7238201904e+02 6.7240698242e+02 6.7245202637e+02 6.7249798584e+02 6.7254199219e+02 6.7257897949e+02 6.7262200928e+02 6.7265399170e+02 6.7269396973e+02 6.7272302246e+02 6.7275500488e+02 6.7280603027e+02 6.7285498047e+02 6.7289697266e+02 6.7294702148e+02 6.7298602295e+02 6.7300201416e+02
6.7110101318e+02 6.7114801025e+02 6.7120300293e+02 6.7125500488e+02 6.7129602051e+02 6.7133599854e+02 6.7139398193e+02 6.7143798828e+02 6.7147900391e+02 6.7151501465e+02 6.7155297852e+02 6.7159197998e+02 6.7163000488e+02 6.7167102051e+02 6.7172302246e+02 6.7176098633e+02 6.7181201172e+02 6.7186297607e+02 6.7190502930e+02 6.7195300293e+02 6.7199401855e+02 6.7203497314e+02 6.7207098389e+02 6.7210797119e+02 6.7215301514e+02 6.7219500732e+02 6.7222698975e+02 6.7227099609e+02 6.7232702637e+02 6.7235699463e+02 6.7236999512e+02 6.7241900635e+02 6.7246801758e+02 6.7251599121e+02 6.7255999756e+02 6.7260998535e+02 6.7263397217e+02 6.7267297363e+02 6.7270599365e+02 6.7274102783e+02 6.7278601074e+02 6.7283001709e+02 6.7287701416e+02 6.7292297363e+02 6.7296697998e+02 6.7300000000e+02
