TESTSERVER/19/8.asc
NCOLS 100
NROWS 100
XLLCORNER 8.4497500000e+03
YLLCORNER 2.8955025000e+05
CELLSIZE 5.0000000000e-01
NODATA_VALUE -9.9990000000e+03
[rows 0 to 19 of 100, columns 0 to 45 of 100]
6.7114398193e+02 6.7122601318e+02 6.7130603027e+02 6.7138201904e+02 6.7147998047e+02 6.7155200195e+02 6.7164001465e+02 6.7171801758e+02 6.7177301025e+02 6.7185198975e+02 6.7192602539e+02 6.7197802734e+02 6.7204901123e+02 6.7208398438e+02 6.7214300537e+02 6.7221899414e+02 6.7227001953e+02 6.7232098389e+02 6.7238201904e+02 6.7243798828e+02 6.7249499512e+02 6.7254602051e+02 6.7258697510e+02 6.7263397217e+02 6.7271502686e+02 6.7278100586e+02 6.7283300781e+02 6.7287902832e+02 6.7291998291e+02 6.7296301270e+02 6.7301599121e+02 6.7306799316e+02 6.7310198975e+02 6.7314501953e+02 6.7319500732e+02 6.7322698975e+02 6.7326702881e+02 6.7329498291e+02 6.7333398438e+02 6.7335998535e+02 6.7337701416e+02 6.7341900635e+02 6.7346801758e+02 6.7348699951e+02 6.7351000977e+02 6.7355700684e+02
6.7105999756e+02 6.7114202881e+02 6.7122601318e+02 6.7129901123e+02 6.7138098145e+02 6.7145001221e+02 6.7153302002e+02 6.7161199951e+02 6.7168701172e+02 6.7177099609e+02 6.7183197021e+02 6.7188800049e+02 6.7196398926e+02 6.7200299072e+02 6.7204498291e+02 6.7212500000e+02 6.7219000244e+02 6.7223699951e+02 6.7229699707e+02 6.7235601807e+02 6.7241802979e+02 6.7246398926e+02 6.7250201416e+02 6.7254901123e+02 6.7264099121e+02 6.7269097900e+02 6.7275000000e+02 6.7279602051e+02 6.7284399414e+02 6.7287500000e+02 6.7291998291e+02 6.7297802734e+02 6.7301800537e+02 6.7304998779e+02 6.7308898926e+02 6.7311199951e+02 6.7316601563e+02 6.7320697021e+02 6.7325000000e+02 6.7327801514e+02 6.7330297852e+02 6.7334100342e+02 6.7337500000e+02 6.7340301514e+02 6.7343103027e+02 6.7347399902e+02
6.7096997070e+02 6.7105200195e+02 6.7114099121e+02 6.7120001221e+02 6.7128100586e+02 6.7135998535e+02 6.7143798828e+02 6.7150799561e+02 6.7159197998e+02 6.7168200684e+02 6.7174499512e+02 6.7180700684e+02 6.7187298584e+02 6.7191802979e+02 6.7196997070e+02 6.7203802490e+02 6.7210198975e+02 6.7214398193e+02 6.7220098877e+02 6.7225701904e+02 6.7232501221e+02 6.7237902832e+02 6.7242901611e+02 6.7246600342e+02 6.7254199219e+02 6.7258300781e+02 6.7264001465e+02 6.7269500732e+02 6.7274902344e+02 6.7279498291e+02 6.7283697510e+02 6.7288201904e+02 6.7291802979e+02 6.7296997070e+02 6.7300701904e+02 6.7303100586e+02 6.7309100342e+02 6.7311798096e+02 6.7314398193e+02 6.7318402100e+02 6.7321899414e+02 6.7325598145e+02 6.7327899170e+02 6.7331097412e+02 6.7334899902e+02 6.7339001465e+02
6.7087298584e+02 6.7096502686e+02 6.7105999756e+02 6.7111499023e+02 6.7119702148e+02 6.7127197266e+02 6.7134802246e+02 6.7141998291e+02 6.7149298096e+02 6.7158099365e+02 6.7165802002e+02 6.7172802734e+02 6.7177398682e+02 6.7182202148e+02 6.7188500977e+02 6.7194799805e+02 6.7201300049e+02 6.7205999756e+02 6.7211901855e+02 6.7217498779e+02 6.7223797607e+02 6.7230102539e+02 6.7236401367e+02 6.7239801025e+02 6.7245397949e+02 6.7250402832e+02 6.7255603027e+02 6.7260998535e+02 6.7265802002e+02 6.7271997070e+02 6.7275500488e+02 6.7279400635e+02 6.7282501221e+02 6.7288397217e+02 6.7292401123e+02 6.7295202637e+02 6.7300598145e+02 6.7303802490e+02 6.7305401611e+02 6.7309002686e+02 6.7312298584e+02 6.7317901611e+02 6.7320599365e+02 6.7323901367e+02 6.7326300049e+02 6.7330102539e+02
6.7079699707e+02 6.7085699463e+02 6.7093902588e+02 6.7101000977e+02 6.7110302734e+02 6.7117498779e+02 6.7125799561e+02 6.7133300781e+02 6.7139697266e+02 6.7147302246e+02 6.7155200195e+02 6.7162200928e+02 6.7168402100e+02 6.7174499512e+02 6.7182299805e+02 6.7189099121e+02 6.7194500732e+02 6.7198400879e+02 6.7203900146e+02 6.7209802246e+02 6.7216699219e+02 6.7221301270e+02 6.7228900146e+02 6.7233697510e+02 6.7238000488e+02 6.7244299316e+02 6.7249700928e+02 6.7252697754e+02 6.7255999756e+02 6.7261901855e+02 6.7266101074e+02 6.7271301270e+02 6.7274298096e+02 6.7277600098e+02 6.7282501221e+02 6.7287200928e+02 6.7290100098e+02 6.7295300293e+02 6.7299200439e+02 6.7302099609e+02 6.7304602051e+02 6.7308599854e+02 6.7312597656e+02 6.7316900635e+02 6.7319201660e+02 6.7322399902e+02
6.7070202637e+02 6.7078198242e+02 6.7086700439e+02 6.7092602539e+02 6.7101000977e+02 6.7106896973e+02 6.7115100098e+02 6.7123602295e+02 6.7132098389e+02 6.7138098145e+02 6.7144598389e+02 6.7151898193e+02 6.7158398438e+02 6.7166400146e+02 6.7173901367e+02 6.7179901123e+02 6.7185101318e+02 6.7190002441e+02 6.7196099854e+02 6.7202099609e+02 6.7208398438e+02 6.7213598633e+02 6.7219897461e+02 6.7224298096e+02 6.7229400635e+02 6.7235101318e+02 6.7240600586e+02 6.7242401123e+02 6.7245800781e+02 6.7253302002e+02 6.7257598877e+02 6.7261999512e+02 6.7265899658e+02 6.7271398926e+02 6.7275598145e+02 6.7279602051e+02 6.7281799316e+02 6.7285797119e+02 6.7290698242e+02 6.7294598389e+02 6.7296301270e+02 6.7300799561e+02 6.7304498291e+02 6.7308898926e+02 6.7312902832e+02 6.7315002441e+02
6.7059997559e+02 6.7068402100e+02 6.7077301025e+02 6.7084197998e+02 6.7093597412e+02 6.7098297119e+02 6.7106097412e+02 6.7115100098e+02 6.7122399902e+02 6.7128198242e+02 6.7135198975e+02 6.7142602539e+02 6.7148699951e+02 6.7155902100e+02 6.7163800049e+02 6.7170098877e+02 6.7176397705e+02 6.7181896973e+02 6.7188000488e+02 6.7193902588e+02 6.7200500488e+02 6.7205798340e+02 6.7210498047e+02 6.7215100098e+02 6.7221899414e+02 6.7226202393e+02 6.7230401611e+02 6.7233697510e+02 6.7238702393e+02 6.7244702148e+02 6.7248400879e+02 6.7252801514e+02 6.7258001709e+02 6.7263800049e+02 6.7267602539e+02 6.7271502686e+02 6.7273498535e+02 6.7276898193e+02 6.7281402588e+02 6.7285900879e+02 6.7287500000e+02 6.7292602539e+02 6.7296502686e+02 6.7300402832e+02 6.7303900146e+02 6.7306201172e+02
6.7052398682e+02 6.7059600830e+02 6.7068402100e+02 6.7075299072e+02 6.7084197998e+02 6.7090002441e+02 6.7097100830e+02 6.7105297852e+02 6.7111602783e+02 6.7119201660e+02 6.7127099609e+02 6.7134301758e+02 6.7141497803e+02 6.7148101807e+02 6.7155102539e+02 6.7160498047e+02 6.7168597412e+02 6.7172601318e+02 6.7179199219e+02 6.7187097168e+02 6.7192602539e+02 6.7198297119e+02 6.7203302002e+02 6.7208599854e+02 6.7215002441e+02 6.7218499756e+02 6.7221502686e+02 6.7225799561e+02 6.7231597900e+02 6.7235699463e+02 6.7239697266e+02 6.7245001221e+02 6.7250701904e+02 6.7255700684e+02 6.7259100342e+02 6.7262799072e+02 6.7265899658e+02 6.7270300293e+02 6.7274700928e+02 6.7279101563e+02 6.7280999756e+02 6.7286297607e+02 6.7289801025e+02 6.7291601563e+02 6.7293402100e+02 6.7298101807e+02
6.7044799805e+02 6.7051202393e+02 6.7061199951e+02 6.7069201660e+02 6.7076397705e+02 6.7083099365e+02 6.7089099121e+02 6.7096600342e+02 6.7103997803e+02 6.7111602783e+02 6.7118597412e+02 6.7125201416e+02 6.7132598877e+02 6.7138800049e+02 6.7145202637e+02 6.7151702881e+02 6.7159698486e+02 6.7163397217e+02 6.7170300293e+02 6.7179101563e+02 6.7184997559e+02 6.7190600586e+02 6.7196002197e+02 6.7200500488e+02 6.7205401611e+02 6.7210601807e+02 6.7213201904e+02 6.7217999268e+02 6.7223602295e+02 6.7228399658e+02 6.7232397461e+02 6.7236999512e+02 6.7241601563e+02 6.7247100830e+02 6.7251202393e+02 6.7253900146e+02 6.7256896973e+02 6.7261199951e+02 6.7266400146e+02 6.7270697021e+02 6.7272497559e+02 6.7277697754e+02 6.7281896973e+02 6.7283697510e+02 6.7286401367e+02 6.7290997314e+02
6.7037200928e+02 6.7042797852e+02 6.7051898193e+02 6.7059698486e+02 6.7068298340e+02 6.7074597168e+02 6.7081701660e+02 6.7087799072e+02 6.7093902588e+02 6.7102301025e+02 6.7108898926e+02 6.7115802002e+02 6.7124798584e+02 6.7130902100e+02 6.7135998535e+02 6.7143200684e+02 6.7152697754e+02 6.7159002686e+02 6.7163500977e+02 6.7170501709e+02 6.7177899170e+02 6.7182702637e+02 6.7188000488e+02 6.7192797852e+02 6.7196997070e+02 6.7203302002e+02 6.7207098389e+02 6.7210998535e+02 6.7215600586e+02 6.7221899414e+02 6.7226300049e+02 6.7230401611e+02 6.7233898926e+02 6.7238299561e+02 6.7243701172e+02 6.7248297119e+02 6.7250097656e+02 6.7253100586e+02 6.7258801270e+02 6.7264501953e+02 6.7265600586e+02 6.7269500732e+02 6.7273602295e+02 6.7275299072e+02 6.7278100586e+02 6.7282598877e+02
6.7028997803e+02 6.7036199951e+02 6.7044702148e+02 6.7051300049e+02 6.7059899902e+02 6.7065802002e+02 6.7074902344e+02 6.7080603027e+02 6.7085400391e+02 6.7093298340e+02 6.7100201416e+02 6.7107598877e+02 6.7116900635e+02 6.7123101807e+02 6.7128198242e+02 6.7135797119e+02 6.7144201660e+02 6.7150598145e+02 6.7156597900e+02 6.7163098145e+02 6.7169897461e+02 6.7174798584e+02 6.7179998779e+02 6.7185498047e+02 6.7190399170e+02 6.7195001221e+02 6.7199798584e+02 6.7203997803e+02 6.7208502197e+02 6.7212902832e+02 6.7218402100e+02 6.7223400879e+02 6.7226501465e+02 6.7231500244e+02 6.7237402344e+02 6.7242999268e+02 6.7244500732e+02 6.7246899414e+02 6.7250897217e+02 6.7256701660e+02 6.7258697510e+02 6.7263000488e+02 6.7266400146e+02 6.7268200684e+02 6.7270300293e+02 6.7275299072e+02
6.7019799805e+02 6.7028399658e+02 6.7037200928e+02 6.7044702148e+02 6.7054602051e+02 6.7060601807e+02 6.7068701172e+02 6.7074298096e+02 6.7078100586e+02 6.7086297607e+02 6.7093902588e+02 6.7101000977e+02 6.7108502197e+02 6.7114501953e+02 6.7120898438e+02 6.7127899170e+02 6.7135601807e+02 6.7143103027e+02 6.7149200439e+02 6.7155200195e+02 6.7161602783e+02 6.7167602539e+02 6.7172198486e+02 6.7177801514e+02 6.7184197998e+02 6.7187200928e+02 6.7193402100e+02 6.7199499512e+02 6.7203900146e+02 6.7207000732e+02 6.7212200928e+02 6.7216101074e+02 6.7219500732e+02 6.7225402832e+02 6.7230297852e+02 6.7234399414e+02 6.7236102295e+02 6.7239501953e+02 6.7243597412e+02 6.7248602295e+02 6.7250299072e+02 6.7254302979e+02 6.7259002686e+02 6.7262701416e+02 6.7263598633e+02 6.7267901611e+02
6.7013897705e+02 6.7021600342e+02 6.7029101563e+02 6.7036700439e+02 6.7046801758e+02 6.7053900146e+02 6.7060400391e+02 6.7066802979e+02 6.7071197510e+02 6.7080297852e+02 6.7088098145e+02 6.7094396973e+02 6.7101702881e+02 6.7106097412e+02 6.7114001465e+02 6.7120800781e+02 6.7127197266e+02 6.7133502197e+02 6.7140802002e+02 6.7147100830e+02 6.7153399658e+02 6.7159899902e+02 6.7164398193e+02 6.7169897461e+02 6.7176898193e+02 6.7181201172e+02 6.7186901855e+02 6.7192797852e+02 6.7196801758e+02 6.7202398682e+02 6.7205603027e+02 6.7208197021e+02 6.7213397217e+02 6.7217797852e+02 6.7222100830e+02 6.7226599121e+02 6.7228900146e+02 6.7233801270e+02 6.7238000488e+02 6.7240997314e+02 6.7243701172e+02 6.7245800781e+02 6.7251599121e+02 6.7257202148e+02 6.7258697510e+02 6.7259497070e+02
6.7008099365e+02 6.7014898682e+02 6.7023797607e+02 6.7029901123e+02 6.7038702393e+02 6.7045001221e+02 6.7052001953e+02 6.7059497070e+02 6.7065899658e+02 6.7073999023e+02 6.7080999756e+02 6.7088397217e+02 6.7096600342e+02 6.7100097656e+02 6.7106896973e+02 6.7113500977e+02 6.7119799805e+02 6.7126098633e+02 6.7133001709e+02 6.7138098145e+02 6.7143902588e+02 6.7151000977e+02 6.7157299805e+02 6.7161401367e+02 6.7166802979e+02 6.7172497559e+02 6.7179101563e+02 6.7184197998e+02 6.7188897705e+02 6.7194897461e+02 6.7198498535e+02 6.7201397705e+02 6.7206201172e+02 6.7210998535e+02 6.7214599609e+02 6.7219598389e+02 6.7222601318e+02 6.7227398682e+02 6.7230297852e+02 6.7231799316e+02 6.7235797119e+02 6.7239501953e+02 6.7243902588e+02 6.7247802734e+02 6.7251300049e+02 6.7253198242e+02
6.6998797607e+02 6.7006097412e+02 6.7016400146e+02 6.7022900391e+02 6.7032702637e+02 6.7038299561e+02 6.7046002197e+02 6.7053698730e+02 6.7059600830e+02 6.7066497803e+02 6.7073797607e+02 6.7081298828e+02 6.7088897705e+02 6.7093200684e+02 6.7100201416e+02 6.7106799316e+02 6.7112799072e+02 6.7119598389e+02 6.7125299072e+02 6.7129998779e+02 6.7136602783e+02 6.7143402100e+02 6.7150201416e+02 6.7153698730e+02 6.7160797119e+02 6.7166101074e+02 6.7172900391e+02 6.7176501465e+02 6.7181298828e+02 6.7187701416e+02 6.7191601563e+02 6.7194799805e+02 6.7199499512e+02 6.7204101563e+02 6.7206701660e+02 6.7210900879e+02 6.7215002441e+02 6.7219396973e+02 6.7223297119e+02 6.7225500488e+02 6.7229101563e+02 6.7233697510e+02 6.7235699463e+02 6.7238500977e+02 6.7242700195e+02 6.7246398926e+02
6.6990399170e+02 6.6998400879e+02 6.7008697510e+02 6.7015600586e+02 6.7024798584e+02 6.7030798340e+02 6.7039300537e+02 6.7045898438e+02 6.7051702881e+02 6.7059899902e+02 6.7067199707e+02 6.7073199463e+02 6.7080999756e+02 6.7087097168e+02 6.7094097900e+02 6.7100598145e+02 6.7105499268e+02 6.7111798096e+02 6.7117199707e+02 6.7123400879e+02 6.7131097412e+02 6.7136199951e+02 6.7141802979e+02 6.7145501709e+02 6.7154498291e+02 6.7158898926e+02 6.7165002441e+02 6.7169396973e+02 6.7175097656e+02 6.7181201172e+02 6.7185198975e+02 6.7188397217e+02 6.7192401123e+02 6.7197302246e+02 6.7200701904e+02 6.7204699707e+02 6.7208801270e+02 6.7211602783e+02 6.7216900635e+02 6.7221398926e+02 6.7223297119e+02 6.7226898193e+02 6.7228802490e+02 6.7231701660e+02 6.7235198975e+02 6.7239697266e+02
6.6982800293e+02 6.6988800049e+02 6.6997302246e+02 6.7006597900e+02 6.7016699219e+02 6.7023101807e+02 6.7031597900e+02 6.7038299561e+02 6.7044598389e+02 6.7052099609e+02 6.7060302734e+02 6.7066497803e+02 6.7073400879e+02 6.7081597900e+02 6.7087200928e+02 6.7092797852e+02 6.7100201416e+02 6.7106097412e+02 6.7110302734e+02 6.7115399170e+02 6.7122302246e+02 6.7128997803e+02 6.7134600830e+02 6.7138598633e+02 6.7145397949e+02 6.7151000977e+02 6.7156701660e+02 6.7162902832e+02 6.7169097900e+02 6.7173400879e+02 6.7178100586e+02 6.7181298828e+02 6.7184197998e+02 6.7189001465e+02 6.7193902588e+02 6.7198498535e+02 6.7202398682e+02 6.7204199219e+02 6.7208502197e+02 6.7214001465e+02 6.7215197754e+02 6.7219500732e+02 6.7223602295e+02 6.7226397705e+02 6.7228601074e+02 6.7232800293e+02
6.6975897217e+02 6.6981701660e+02 6.6991101074e+02 6.6999902344e+02 6.7008197021e+02 6.7015802002e+02 6.7024798584e+02 6.7032598877e+02 6.7038201904e+02 6.7045397949e+02 6.7054101563e+02 6.7059899902e+02 6.7065802002e+02 6.7072497559e+02 6.7078601074e+02 6.7084301758e+02 6.7091900635e+02 6.7096801758e+02 6.7101501465e+02 6.7106597900e+02 6.7114697266e+02 6.7122198486e+02 6.7126898193e+02 6.7132598877e+02 6.7139501953e+02 6.7143402100e+02 6.7149499512e+02 6.7156799316e+02 6.7162097168e+02 6.7166802979e+02 6.7173498535e+02 6.7176702881e+02 6.7179302979e+02 6.7183898926e+02 6.7188299561e+02 6.7191497803e+02 6.7194598389e+02 6.7198400879e+02 6.7202197266e+02 6.7206097412e+02 6.7208599854e+02 6.7212500000e+02 6.7216601563e+02 6.7219598389e+02 6.7222900391e+02 6.7226599121e+02
6.6968701172e+02 6.6975201416e+02 6.6984997559e+02 6.6992297363e+02 6.7000402832e+02 6.7008001709e+02 6.7016302490e+02 6.7025097656e+02 6.7031097412e+02 6.7038702393e+02 6.7047100830e+02 6.7052197266e+02 6.7057501221e+02 6.7063598633e+02 6.7070800781e+02 6.7076599121e+02 6.7084197998e+02 6.7088299561e+02 6.7093200684e+02 6.7098199463e+02 6.7106701660e+02 6.7113800049e+02 6.7118402100e+02 6.7125598145e+02 6.7132397461e+02 6.7136602783e+02 6.7142602539e+02 6.7148901367e+02 6.7154699707e+02 6.7160400391e+02 6.7165502930e+02 6.7168200684e+02 6.7172601318e+02 6.7177398682e+02 6.7181298828e+02 6.7184399414e+02 6.7186999512e+02 6.7192102051e+02 6.7196301270e+02 6.7199902344e+02 6.7202502441e+02 6.7206701660e+02 6.7210797119e+02 6.7213702393e+02 6.7217199707e+02 6.7220300293e+02
6.6962402344e+02 6.6968402100e+02 6.6977697754e+02 6.6984399414e+02 6.6993798828e+02 6.7002099609e+02 6.7009399414e+02 6.7016497803e+02 6.7022900391e+02 6.7030700684e+02 6.7037902832e+02 6.7044598389e+02 6.7052001953e+02 6.7057397461e+02 6.7064501953e+02 6.7069702148e+02 6.7077099609e+02 6.7082800293e+02 6.7088000488e+02 6.7093103027e+02 6.7099902344e+02 6.7104602051e+02 6.7110900879e+02 6.7118402100e+02 6.7124298096e+02 6.7128900146e+02 6.7134802246e+02 6.7140600586e+02 6.7147302246e+02 6.7153900146e+02 6.7157501221e+02 6.7160101318e+02 6.7166198730e+02 6.7170397949e+02 6.7173400879e+02 6.7177197266e+02 6.7179400635e+02 6.7183502197e+02 6.7188201904e+02 6.7192102051e+02 6.7195098877e+02 6.7199902344e+02 6.7204602051e+02 6.7208001709e+02 6.7211297607e+02 6.7214398193e+02
