TESTSERVER/19/8.asc
NCOLS 100
NROWS 100
XLLCORNER 8.4497500000e+03
YLLCORNER 2.8955025000e+05
CELLSIZE 5.0000000000e-01
NODATA_VALUE -9.9990000000e+03
[rows 80 to 99 of 100, columns 46 to 91 of 100]
6.6848699951e+02 6.6855401611e+02 6.6860998535e+02 6.6867401123e+02 6.6873901367e+02 6.6881597900e+02 6.6888201904e+02 6.6894897461e+02 6.6900799561e+02 6.6907598877e+02 6.6915100098e+02 6.6921899414e+02 6.6927801514e+02 6.6933001709e+02 6.6938000488e+02 6.6943798828e+02 6.6949298096e+02 6.6955902100e+02 6.6961700439e+02 6.6968298340e+02 6.6975402832e+02 6.6982501221e+02 6.6988598633e+02 6.6993298340e+02 6.6998901367e+02 6.7004302979e+02 6.7010101318e+02 6.7016198730e+02 6.7021002197e+02 6.7026501465e+02 6.7031298828e+02 6.7037597656e+02 6.7043103027e+02 6.7046502686e+02 6.7049902344e+02 6.7055297852e+02 6.7059997559e+02 6.7064099121e+02 6.7068701172e+02 6.7072998047e+02 6.7077197266e+02 6.7082702637e+02 6.7086102295e+02 6.7090600586e+02 6.7094702148e+02 6.7099902344e+02
6.6839202881e+02 6.6844500732e+02 6.6850402832e+02 6.6858099365e+02 6.6865301514e+02 6.6872900391e+02 6.6878698730e+02 6.6885400391e+02 6.6891699219e+02 6.6898699951e+02 6.6905700684e+02 6.6912902832e+02 6.6918499756e+02 6.6923297119e+02 6.6928002930e+02 6.6935101318e+02 6.6941497803e+02 6.6948297119e+02 6.6953302002e+02 6.6961602783e+02 6.6969097900e+02 6.6975201416e+02 6.6980798340e+02 6.6986401367e+02 6.6992297363e+02 6.6998199463e+02 6.7003997803e+02 6.7010400391e+02 6.7015301514e+02 6.7020098877e+02 6.7024798584e+02 6.7030999756e+02 6.7037097168e+02 6.7041302490e+02 6.7044897461e+02 6.7049902344e+02 6.7054602051e+02 6.7059002686e+02 6.7062902832e+02 6.7066400146e+02 6.7070599365e+02 6.7075598145e+02 6.7078497314e+02 6.7083898926e+02 6.7088500977e+02 6.7093499756e+02
6.6829498291e+02 6.6834997559e+02 6.6841601563e+02 6.6848400879e+02 6.6855200195e+02 6.6862200928e+02 6.6867602539e+02 6.6875299072e+02 6.6882598877e+02 6.6889898682e+02 6.6897302246e+02 6.6903900146e+02 6.6909399414e+02 6.6914300537e+02 6.6918499756e+02 6.6925897217e+02 6.6934002686e+02 6.6941101074e+02 6.6945898438e+02 6.6954302979e+02 6.6961999512e+02 6.6967700195e+02 6.6973602295e+02 6.6979302979e+02 6.6985601807e+02 6.6991699219e+02 6.6997198486e+02 6.7003399658e+02 6.7008898926e+02 6.7014001465e+02 6.7018798828e+02 6.7025000000e+02 6.7031500244e+02 6.7036199951e+02 6.7039398193e+02 6.7043798828e+02 6.7048999023e+02 6.7053497314e+02 6.7056500244e+02 6.7059899902e+02 6.7065002441e+02 6.7069897461e+02 6.7071398926e+02 6.7077099609e+02 6.7082202148e+02 6.7087402344e+02
6.6819598389e+02 6.6826000977e+02 6.6832897949e+02 6.6838397217e+02 6.6844799805e+02 6.6852001953e+02 6.6857598877e+02 6.6865698242e+02 6.6872802734e+02 6.6880200195e+02 6.6887701416e+02 6.6894000244e+02 6.6900097656e+02 6.6905700684e+02 6.6910302734e+02 6.6916998291e+02 6.6925201416e+02 6.6933001709e+02 6.6939398193e+02 6.6946099854e+02 6.6953399658e+02 6.6959497070e+02 6.6965899658e+02 6.6971801758e+02 6.6978497314e+02 6.6984698486e+02 6.6990301514e+02 6.6996002197e+02 6.7001397705e+02 6.7006701660e+02 6.7012799072e+02 6.7019396973e+02 6.7025701904e+02 6.7030200195e+02 6.7032800293e+02 6.7037298584e+02 6.7043200684e+02 6.7047998047e+02 6.7050500488e+02 6.7053601074e+02 6.7058599854e+02 6.7063397217e+02 6.7065600586e+02 6.7071301270e+02 6.7076397705e+02 6.7081201172e+02
6.6809698486e+02 6.6815301514e+02 6.6820898438e+02 6.6828198242e+02 6.6835400391e+02 6.6843200684e+02 6.6850000000e+02 6.6856298828e+02 6.6862097168e+02 6.6869097900e+02 6.6876098633e+02 6.6883801270e+02 6.6890600586e+02 6.6896002197e+02 6.6902197266e+02 6.6907501221e+02 6.6914599609e+02 6.6923498535e+02 6.6930902100e+02 6.6936798096e+02 6.6944201660e+02 6.6950897217e+02 6.6956701660e+02 6.6963598633e+02 6.6970599365e+02 6.6976800537e+02 6.6983001709e+02 6.6988800049e+02 6.6993402100e+02 6.6998797607e+02 6.7005902100e+02 6.7012402344e+02 6.7017901611e+02 6.7022302246e+02 6.7025500488e+02 6.7030798340e+02 6.7037097168e+02 6.7041998291e+02 6.7045202637e+02 6.7048297119e+02 6.7052099609e+02 6.7057000732e+02 6.7060797119e+02 6.7066302490e+02 6.7070800781e+02 6.7074700928e+02
6.6800897217e+02 6.6806896973e+02 6.6811999512e+02 6.6818597412e+02 6.6825000000e+02 6.6830902100e+02 6.6838201904e+02 6.6846002197e+02 6.6850897217e+02 6.6858099365e+02 6.6865698242e+02 6.6873699951e+02 6.6880603027e+02 6.6885797119e+02 6.6892401123e+02 6.6898498535e+02 6.6905200195e+02 6.6914001465e+02 6.6920898438e+02 6.6928900146e+02 6.6937500000e+02 6.6943103027e+02 6.6947998047e+02 6.6954901123e+02 6.6961798096e+02 6.6968798828e+02 6.6975201416e+02 6.6980603027e+02 6.6986401367e+02 6.6992797852e+02 6.6998498535e+02 6.7004602051e+02 6.7009899902e+02 6.7014697266e+02 6.7018701172e+02 6.7023999023e+02 6.7029302979e+02 6.7033898926e+02 6.7038098145e+02 6.7041802979e+02 6.7045599365e+02 6.7052398682e+02 6.7055999756e+02 6.7060797119e+02 6.7064001465e+02 6.7067102051e+02
6.6790600586e+02 6.6796997070e+02 6.6802301025e+02 6.6808001709e+02 6.6814202881e+02 6.6819799805e+02 6.6827301025e+02 6.6836401367e+02 6.6841198730e+02 6.6847601318e+02 6.6855297852e+02 6.6862701416e+02 6.6870001221e+02 6.6876599121e+02 6.6882598877e+02 6.6889501953e+02 6.6896002197e+02 6.6903802490e+02 6.6910797119e+02 6.6918902588e+02 6.6927600098e+02 6.6934802246e+02 6.6940899658e+02 6.6946398926e+02 6.6952600098e+02 6.6959600830e+02 6.6966101074e+02 6.6972198486e+02 6.6978900146e+02 6.6985302734e+02 6.6990197754e+02 6.6996697998e+02 6.7001702881e+02 6.7006402588e+02 6.7011102295e+02 6.7016198730e+02 6.7021099854e+02 6.7026300049e+02 6.7031298828e+02 6.7035101318e+02 6.7039599609e+02 6.7046502686e+02 6.7049401855e+02 6.7053601074e+02 6.7057202148e+02 6.7060900879e+02
6.6780102539e+02 6.6786901855e+02 6.6793200684e+02 6.6798901367e+02 6.6804901123e+02 6.6810900879e+02 6.6817297363e+02 6.6826000977e+02 6.6831298828e+02 6.6836999512e+02 6.6845300293e+02 6.6851599121e+02 6.6858300781e+02 6.6866601563e+02 6.6872998047e+02 6.6879901123e+02 6.6885998535e+02 6.6893298340e+02 6.6902001953e+02 6.6909698486e+02 6.6916900635e+02 6.6924597168e+02 6.6931799316e+02 6.6936999512e+02 6.6943597412e+02 6.6950701904e+02 6.6956896973e+02 6.6963397217e+02 6.6970202637e+02 6.6976599121e+02 6.6981402588e+02 6.6987500000e+02 6.6992901611e+02 6.6997998047e+02 6.7003399658e+02 6.7008197021e+02 6.7013000488e+02 6.7018902588e+02 6.7024902344e+02 6.7028698730e+02 6.7032501221e+02 6.7038201904e+02 6.7041302490e+02 6.7046099854e+02 6.7050201416e+02 6.7054699707e+02
6.6770098877e+02 6.6776599121e+02 6.6782897949e+02 6.6789697266e+02 6.6794897461e+02 6.6800701904e+02 6.6806896973e+02 6.6814898682e+02 6.6820397949e+02 6.6826599121e+02 6.6835699463e+02 6.6841699219e+02 6.6847198486e+02 6.6855499268e+02 6.6863500977e+02 6.6870202637e+02 6.6876599121e+02 6.6884497070e+02 6.6892797852e+02 6.6900402832e+02 6.6907897949e+02 6.6914898682e+02 6.6921197510e+02 6.6926898193e+02 6.6934600830e+02 6.6942102051e+02 6.6948602295e+02 6.6955200195e+02 6.6961798096e+02 6.6968402100e+02 6.6973699951e+02 6.6979199219e+02 6.6984802246e+02 6.6989898682e+02 6.6995599365e+02 6.7000299072e+02 6.7004998779e+02 6.7011102295e+02 6.7017498779e+02 6.7021002197e+02 6.7024902344e+02 6.7029998779e+02 6.7034197998e+02 6.7037799072e+02 6.7042199707e+02 6.7047601318e+02
6.6762402344e+02 6.6768298340e+02 6.6773999023e+02 6.6779400635e+02 6.6785198975e+02 6.6791900635e+02 6.6797601318e+02 6.6805401611e+02 6.6810699463e+02 6.6817700195e+02 6.6825897217e+02 6.6831799316e+02 6.6838098145e+02 6.6845697021e+02 6.6852502441e+02 6.6860198975e+02 6.6866400146e+02 6.6873797607e+02 6.6882299805e+02 6.6890002441e+02 6.6896502686e+02 6.6903399658e+02 6.6910797119e+02 6.6917700195e+02 6.6925299072e+02 6.6932098389e+02 6.6938598633e+02 6.6946197510e+02 6.6952502441e+02 6.6958801270e+02 6.6964099121e+02 6.6969097900e+02 6.6974798584e+02 6.6980102539e+02 6.6984997559e+02 6.6991497803e+02 6.6997302246e+02 6.7002697754e+02 6.7008099365e+02 6.7013000488e+02 6.7017700195e+02 6.7022698975e+02 6.7026098633e+02 6.7030999756e+02 6.7036102295e+02 6.7040600586e+02
6.6754699707e+02 6.6760198975e+02 6.6765600586e+02 6.6770599365e+02 6.6776300049e+02 6.6782098389e+02 6.6787200928e+02 6.6795800781e+02 6.6802099609e+02 6.6809100342e+02 6.6815399170e+02 6.6821697998e+02 6.6827697754e+02 6.6834802246e+02 6.6841302490e+02 6.6848797607e+02 6.6854400635e+02 6.6861700439e+02 6.6870501709e+02 6.6878900146e+02 6.6885101318e+02 6.6891998291e+02 6.6899401855e+02 6.6906701660e+02 6.6914001465e+02 6.6920300293e+02 6.6927099609e+02 6.6934899902e+02 6.6941699219e+02 6.6948297119e+02 6.6953601074e+02 6.6959301758e+02 6.6965502930e+02 6.6971502686e+02 6.6976898193e+02 6.6983801270e+02 6.6989300537e+02 6.6994299316e+02 6.6999798584e+02 6.7005902100e+02 6.7010198975e+02 6.7014599609e+02 6.7018298340e+02 6.7023999023e+02 6.7028802490e+02 6.7033300781e+02
6.6745001221e+02 6.6751300049e+02 6.6756701660e+02 6.6762701416e+02 6.6768701172e+02 6.6773602295e+02 6.6778497314e+02 6.6786297607e+02 6.6792700195e+02 6.6799401855e+02 6.6804699707e+02 6.6811602783e+02 6.6817297363e+02 6.6824200439e+02 6.6831298828e+02 6.6838598633e+02 6.6844598389e+02 6.6851098633e+02 6.6858099365e+02 6.6867199707e+02 6.6873999023e+02 6.6880902100e+02 6.6888299561e+02 6.6896099854e+02 6.6903302002e+02 6.6909698486e+02 6.6916802979e+02 6.6923901367e+02 6.6930999756e+02 6.6937597656e+02 6.6942999268e+02 6.6949902344e+02 6.6956701660e+02 6.6962902832e+02 6.6968298340e+02 6.6974597168e+02 6.6979797363e+02 6.6985101318e+02 6.6991198730e+02 6.6996997070e+02 6.7001599121e+02 6.7006597900e+02 6.7011199951e+02 6.7016101074e+02 6.7020599365e+02 6.7026501465e+02
6.6734802246e+02 6.6740997314e+02 6.6747802734e+02 6.6754400635e+02 6.6759802246e+02 6.6765301514e+02 6.6771697998e+02 6.6777001953e+02 6.6782000732e+02 6.6788098145e+02 6.6795202637e+02 6.6802001953e+02 6.6808099365e+02 6.6815399170e+02 6.6822497559e+02 6.6829101563e+02 6.6835101318e+02 6.6841400146e+02 6.6847302246e+02 6.6855999756e+02 6.6862902832e+02 6.6870300293e+02 6.6877197266e+02 6.6885797119e+02 6.6892498779e+02 6.6898699951e+02 6.6905200195e+02 6.6912701416e+02 6.6919897461e+02 6.6926397705e+02 6.6932501221e+02 6.6940502930e+02 6.6947302246e+02 6.6953100586e+02 6.6957800293e+02 6.6964099121e+02 6.6970001221e+02 6.6975897217e+02 6.6981500244e+02 6.6987200928e+02 6.6992700195e+02 6.6998602295e+02 6.7003802490e+02 6.7007800293e+02 6.7012701416e+02 6.7018798828e+02
6.6724700928e+02 6.6730200195e+02 6.6738098145e+02 6.6744702148e+02 6.6750598145e+02 6.6755999756e+02 6.6761901855e+02 6.6769598389e+02 6.6775701904e+02 6.6780999756e+02 6.6786700439e+02 6.6792199707e+02 6.6797497559e+02 6.6804998779e+02 6.6813201904e+02 6.6819299316e+02 6.6824499512e+02 6.6832501221e+02 6.6839398193e+02 6.6846002197e+02 6.6851800537e+02 6.6859100342e+02 6.6867401123e+02 6.6875500488e+02 6.6882098389e+02 6.6888800049e+02 6.6894897461e+02 6.6901898193e+02 6.6908502197e+02 6.6915399170e+02 6.6921801758e+02 6.6928698730e+02 6.6935400391e+02 6.6941497803e+02 6.6946398926e+02 6.6953302002e+02 6.6960198975e+02 6.6966198730e+02 6.6971398926e+02 6.6977600098e+02 6.6983099365e+02 6.6988702393e+02 6.6992498779e+02 6.6996801758e+02 6.7002001953e+02 6.7007202148e+02
6.6715197754e+02 6.6720001221e+02 6.6728698730e+02 6.6734698486e+02 6.6740802002e+02 6.6746502686e+02 6.6752197266e+02 6.6759600830e+02 6.6765997314e+02 6.6772100830e+02 6.6778002930e+02 6.6783599854e+02 6.6788397217e+02 6.6794897461e+02 6.6803900146e+02 6.6811102295e+02 6.6815802002e+02 6.6822900391e+02 6.6829400635e+02 6.6835302734e+02 6.6840997314e+02 6.6848400879e+02 6.6856799316e+02 6.6863299561e+02 6.6868902588e+02 6.6875701904e+02 6.6883300781e+02 6.6891497803e+02 6.6898297119e+02 6.6904797363e+02 6.6910101318e+02 6.6916802979e+02 6.6923199463e+02 6.6929602051e+02 6.6935498047e+02 6.6943298340e+02 6.6950201416e+02 6.6955902100e+02 6.6960699463e+02 6.6966699219e+02 6.6972698975e+02 6.6979101563e+02 6.6982000732e+02 6.6986297607e+02 6.6991601563e+02 6.6996899414e+02
6.6706097412e+02 6.6710998535e+02 6.6719097900e+02 6.6725299072e+02 6.6730798340e+02 6.6736700439e+02 6.6743200684e+02 6.6748602295e+02 6.6754602051e+02 6.6761602783e+02 6.6768402100e+02 6.6774700928e+02 6.6780700684e+02 6.6786297607e+02 6.6794299316e+02 6.6801898193e+02 6.6807000732e+02 6.6812902832e+02 6.6819097900e+02 6.6825701904e+02 6.6831097412e+02 6.6837799072e+02 6.6844500732e+02 6.6850000000e+02 6.6855102539e+02 6.6862500000e+02 6.6871502686e+02 6.6879797363e+02 6.6886602783e+02 6.6892999268e+02 6.6898602295e+02 6.6906500244e+02 6.6912799072e+02 6.6918499756e+02 6.6924700928e+02 6.6933099365e+02 6.6939398193e+02 6.6944702148e+02 6.6949499512e+02 6.6954498291e+02 6.6960601807e+02 6.6967797852e+02 6.6971197510e+02 6.6976501465e+02 6.6982000732e+02 6.6987200928e+02
6.6697399902e+02 6.6703399658e+02 6.6709002686e+02 6.6716198730e+02 6.6721099854e+02 6.6726702881e+02 6.6734399414e+02 6.6739300537e+02 6.6745001221e+02 6.6752099609e+02 6.6758300781e+02 6.6764501953e+02 6.6771600342e+02 6.6777801514e+02 6.6784600830e+02 6.6790997314e+02 6.6796197510e+02 6.6802398682e+02 6.6810900879e+02 6.6818200684e+02 6.6823699951e+02 6.6828900146e+02 6.6833099365e+02 6.6839398193e+02 6.6846197510e+02 6.6854498291e+02 6.6862097168e+02 6.6869299316e+02 6.6875500488e+02 6.6881597900e+02 6.6887701416e+02 6.6895898438e+02 6.6902301025e+02 6.6907501221e+02 6.6914001465e+02 6.6921398926e+02 6.6927001953e+02 6.6931701660e+02 6.6937701416e+02 6.6942797852e+02 6.6948602295e+02 6.6955200195e+02 6.6958697510e+02 6.6965100098e+02 6.6971398926e+02 6.6976800537e+02
6.6689501953e+02 6.6695098877e+02 6.6700299072e+02 6.6705200195e+02 6.6710101318e+02 6.6716802979e+02 6.6723400879e+02 6.6729699707e+02 6.6736102295e+02 6.6743103027e+02 6.6748699951e+02 6.6755102539e+02 6.6761798096e+02 6.6768402100e+02 6.6774902344e+02 6.6780798340e+02 6.6786700439e+02 6.6794000244e+02 6.6801501465e+02 6.6807897949e+02 6.6813397217e+02 6.6818499756e+02 6.6822399902e+02 6.6829797363e+02 6.6836700439e+02 6.6844500732e+02 6.6851599121e+02 6.6859002686e+02 6.6865399170e+02 6.6871002197e+02 6.6876202393e+02 6.6883300781e+02 6.6889202881e+02 6.6894799805e+02 6.6902001953e+02 6.6908801270e+02 6.6914300537e+02 6.6918902588e+02 6.6925097656e+02 6.6931701660e+02 6.6936700439e+02 6.6941900635e+02 6.6946002197e+02 6.6952398682e+02 6.6958398438e+02 6.6964898682e+02
6.6680999756e+02 6.6686602783e+02 6.6692102051e+02 6.6695599365e+02 6.6700500488e+02 6.6706896973e+02 6.6713201904e+02 6.6720001221e+02 6.6727001953e+02 6.6734399414e+02 6.6739599609e+02 6.6745599365e+02 6.6752301025e+02 6.6758898926e+02 6.6765502930e+02 6.6771502686e+02 6.6778002930e+02 6.6785101318e+02 6.6791198730e+02 6.6797100830e+02 6.6803302002e+02 6.6808697510e+02 6.6812500000e+02 6.6820098877e+02 6.6826202393e+02 6.6832897949e+02 6.6839801025e+02 6.6847302246e+02 6.6853601074e+02 6.6859002686e+02 6.6864398193e+02 6.6871997070e+02 6.6877899170e+02 6.6883398438e+02 6.6890197754e+02 6.6897100830e+02 6.6902899170e+02 6.6907897949e+02 6.6913098145e+02 6.6920599365e+02 6.6925897217e+02 6.6930297852e+02 6.6934197998e+02 6.6939599609e+02 6.6944897461e+02 6.6952001953e+02
6.6670800781e+02 6.6677398682e+02 6.6683697510e+02 6.6688397217e+02 6.6693402100e+02 6.6698901367e+02 6.6704998779e+02 6.6711199951e+02 6.6717401123e+02 6.6724597168e+02 6.6729998779e+02 6.6736102295e+02 6.6742797852e+02 6.6749401855e+02 6.6756097412e+02 6.6761499023e+02 6.6767401123e+02 6.6774200439e+02 6.6779101563e+02 6.6786102295e+02 6.6792999268e+02 6.6798498535e+02 6.6803002930e+02 6.6809899902e+02 6.6815802002e+02 6.6821398926e+02 6.6827600098e+02 6.6835699463e+02 6.6841802979e+02 6.6846697998e+02 6.6852398682e+02 6.6860302734e+02 6.6866998291e+02 6.6872698975e+02 6.6878399658e+02 6.6884997559e+02 6.6890600586e+02 6.6895898438e+02 6.6901702881e+02 6.6909698486e+02 6.6914099121e+02 6.6918298340e+02 6.6922900391e+02 6.6928601074e+02 6.6933801270e+02 6.6939697266e+02
