TESTSERVER/19/9.asc
NCOLS 100
NROWS 100
XLLCORNER 8.4497500000e+03
YLLCORNER 2.8950025000e+05
CELLSIZE 5.0000000000e-01
NODATA_VALUE -9.9990000000e+03
[rows 0 to 19 of 100, columns 0 to 45 of 100]
6.6317498779e+02 6.6329400635e+02 6.6339599609e+02 6.6353399658e+02 6.6365197754e+02 6.6375799561e+02 6.6385699463e+02 6.6394702148e+02 6.6402697754e+02 6.6411602783e+02 6.6418298340e+02 6.6425201416e+02 6.6433697510e+02 6.6440502930e+02 6.6446997070e+02 6.6454101563e+02 6.6461401367e+02 6.6469500732e+02 6.6476702881e+02 6.6483398438e+02 6.6489001465e+02 6.6496899414e+02 6.6503900146e+02 6.6510900879e+02 6.6516302490e+02 6.6523699951e+02 6.6529998779e+02 6.6536199951e+02 6.6542297363e+02 6.6549401855e+02 6.6555798340e+02 6.6562597656e+02 6.6569897461e+02 6.6575897217e+02 6.6581799316e+02 6.6589398193e+02 6.6596398926e+02 6.6604302979e+02 6.6609802246e+02 6.6615802002e+02 6.6623498535e+02 6.6628497314e+02 6.6634600830e+02 6.6642901611e+02 6.6650097656e+02 6.6656097412e+02
6.6304498291e+02 6.6318200684e+02 6.6329602051e+02 6.6343402100e+02 6.6354797363e+02 6.6365802002e+02 6.6375000000e+02 6.6385498047e+02 6.6394097900e+02 6.6402600098e+02 6.6409600830e+02 6.6416802979e+02 6.6424700928e+02 6.6433099365e+02 6.6438598633e+02 6.6443597412e+02 6.6452600098e+02 6.6459497070e+02 6.6466802979e+02 6.6474597168e+02 6.6481298828e+02 6.6488500977e+02 6.6495300293e+02 6.6502697754e+02 6.6509301758e+02 6.6516198730e+02 6.6522497559e+02 6.6528802490e+02 6.6534899902e+02 6.6542401123e+02 6.6548297119e+02 6.6555102539e+02 6.6562097168e+02 6.6567199707e+02 6.6573101807e+02 6.6580798340e+02 6.6587902832e+02 6.6595300293e+02 6.6601098633e+02 6.6606402588e+02 6.6613299561e+02 6.6620397949e+02 6.6626202393e+02 6.6633898926e+02 6.6640600586e+02 6.6645898438e+02
6.6292297363e+02 6.6305798340e+02 6.6317999268e+02 6.6331402588e+02 6.6341400146e+02 6.6352197266e+02 6.6361798096e+02 6.6373101807e+02 6.6384002686e+02 6.6393298340e+02 6.6402600098e+02 6.6410400391e+02 6.6415600586e+02 6.6423797607e+02 6.6429797363e+02 6.6434600830e+02 6.6443103027e+02 6.6450000000e+02 6.6458300781e+02 6.6466302490e+02 6.6472998047e+02 6.6479498291e+02 6.6486102295e+02 6.6493597412e+02 6.6500500488e+02 6.6507897949e+02 6.6514099121e+02 6.6520300293e+02 6.6526800537e+02 6.6534698486e+02 6.6539697266e+02 6.6545898438e+02 6.6553399658e+02 6.6559301758e+02 6.6565600586e+02 6.6572900391e+02 6.6578997803e+02 6.6585601807e+02 6.6592401123e+02 6.6598101807e+02 6.6604400635e+02 6.6612298584e+02 6.6617498779e+02 6.6624499512e+02 6.6631402588e+02 6.6636798096e+02
6.6282299805e+02 6.6292797852e+02 6.6304199219e+02 6.6318200684e+02 6.6328399658e+02 6.6340197754e+02 6.6350500488e+02 6.6360998535e+02 6.6372198486e+02 6.6382299805e+02 6.6392999268e+02 6.6401397705e+02 6.6406201172e+02 6.6414501953e+02 6.6421600342e+02 6.6427600098e+02 6.6435198975e+02 6.6443103027e+02 6.6451599121e+02 6.6458001709e+02 6.6464001465e+02 6.6471099854e+02 6.6478802490e+02 6.6485302734e+02 6.6490997314e+02 6.6497698975e+02 6.6504797363e+02 6.6511999512e+02 6.6518402100e+02 6.6525897217e+02 6.6531298828e+02 6.6537902832e+02 6.6545397949e+02 6.6552001953e+02 6.6558300781e+02 6.6564398193e+02 6.6569799805e+02 6.6576599121e+02 6.6583599854e+02 6.6589599609e+02 6.6596301270e+02 6.6603497314e+02 6.6608599854e+02 6.6615698242e+02 6.6621697998e+02 6.6628002930e+02
6.6272497559e+02 6.6281896973e+02 6.6290899658e+02 6.6304797363e+02 6.6317498779e+02 6.6330200195e+02 6.6340997314e+02 6.6350598145e+02 6.6360797119e+02 6.6371801758e+02 6.6383300781e+02 6.6391998291e+02 6.6398699951e+02 6.6406799316e+02 6.6414300537e+02 6.6420501709e+02 6.6428900146e+02 6.6436499023e+02 6.6444500732e+02 6.6449902344e+02 6.6455499268e+02 6.6463598633e+02 6.6471801758e+02 6.6478198242e+02 6.6484002686e+02 6.6489398193e+02 6.6496801758e+02 6.6504901123e+02 6.6510900879e+02 6.6517199707e+02 6.6522900391e+02 6.6530798340e+02 6.6537500000e+02 6.6542999268e+02 6.6549200439e+02 6.6554901123e+02 6.6561602783e+02 6.6569000244e+02 6.6574499512e+02 6.6580401611e+02 6.6588098145e+02 6.6594201660e+02 6.6600000000e+02 6.6606201172e+02 6.6610601807e+02 6.6618499756e+02
6.6260498047e+02 6.6270898438e+02 6.6279901123e+02 6.6292999268e+02 6.6304602051e+02 6.6316802979e+02 6.6328100586e+02 6.6339599609e+02 6.6350799561e+02 6.6361602783e+02 6.6371997070e+02 6.6381097412e+02 6.6389501953e+02 6.6395800781e+02 6.6403802490e+02 6.6411199951e+02 6.6420300293e+02 6.6426800537e+02 6.6434197998e+02 6.6440899658e+02 6.6448199463e+02 6.6455798340e+02 6.6462097168e+02 6.6468597412e+02 6.6476098633e+02 6.6482397461e+02 6.6489099121e+02 6.6496502686e+02 6.6502099609e+02 6.6508599854e+02 6.6515197754e+02 6.6522100830e+02 6.6526800537e+02 6.6533197021e+02 6.6540100098e+02 6.6546801758e+02 6.6554400635e+02 6.6561297607e+02 6.6565502930e+02 6.6570202637e+02 6.6577899170e+02 6.6584002686e+02 6.6590002441e+02 6.6596997070e+02 6.6602301025e+02 6.6609399414e+02
6.6246997070e+02 6.6258300781e+02 6.6269500732e+02 6.6282501221e+02 6.6292901611e+02 6.6304602051e+02 6.6315698242e+02 6.6327398682e+02 6.6340100098e+02 6.6350402832e+02 6.6359698486e+02 6.6368902588e+02 6.6377697754e+02 6.6385699463e+02 6.6394799805e+02 6.6402398682e+02 6.6410601807e+02 6.6417999268e+02 6.6425799561e+02 6.6432598877e+02 6.6439599609e+02 6.6446899414e+02 6.6453497314e+02 6.6459997559e+02 6.6467602539e+02 6.6473602295e+02 6.6480297852e+02 6.6487500000e+02 6.6493597412e+02 6.6500097656e+02 6.6506701660e+02 6.6512500000e+02 6.6517498779e+02 6.6524499512e+02 6.6531500244e+02 6.6538500977e+02 6.6545898438e+02 6.6552899170e+02 6.6556500244e+02 6.6560601807e+02 6.6567700195e+02 6.6574401855e+02 6.6580102539e+02 6.6586901855e+02 6.6592498779e+02 6.6598999023e+02
6.6234002686e+02 6.6245501709e+02 6.6257897949e+02 6.6270898438e+02 6.6280999756e+02 6.6292797852e+02 6.6302301025e+02 6.6312597656e+02 6.6326599121e+02 6.6338201904e+02 6.6348199463e+02 6.6357299805e+02 6.6365100098e+02 6.6375701904e+02 6.6385601807e+02 6.6393499756e+02 6.6401300049e+02 6.6407299805e+02 6.6416802979e+02 6.6424200439e+02 6.6431402588e+02 6.6438800049e+02 6.6446002197e+02 6.6452600098e+02 6.6459600830e+02 6.6464398193e+02 6.6470898438e+02 6.6478399658e+02 6.6485302734e+02 6.6491198730e+02 6.6497198486e+02 6.6503399658e+02 6.6510101318e+02 6.6517102051e+02 6.6523199463e+02 6.6529998779e+02 6.6537097168e+02 6.6543902588e+02 6.6547900391e+02 6.6552197266e+02 6.6558300781e+02 6.6565100098e+02 6.6570800781e+02 6.6577398682e+02 6.6582397461e+02 6.6589898682e+02
6.6222497559e+02 6.6234399414e+02 6.6245800781e+02 6.6258300781e+02 6.6269598389e+02 6.6282702637e+02 6.6291400146e+02 6.6300097656e+02 6.6313598633e+02 6.6324499512e+02 6.6334698486e+02 6.6344396973e+02 6.6354101563e+02 6.6365502930e+02 6.6374597168e+02 6.6382202148e+02 6.6391601563e+02 6.6398101807e+02 6.6406799316e+02 6.6414599609e+02 6.6422399902e+02 6.6429199219e+02 6.6435998535e+02 6.6442901611e+02 6.6450402832e+02 6.6456500244e+02 6.6462799072e+02 6.6470001221e+02 6.6476397705e+02 6.6483099365e+02 6.6488897705e+02 6.6494897461e+02 6.6502697754e+02 6.6509100342e+02 6.6513098145e+02 6.6519000244e+02 6.6526898193e+02 6.6533398438e+02 6.6538098145e+02 6.6542797852e+02 6.6547900391e+02 6.6554998779e+02 6.6560601807e+02 6.6568103027e+02 6.6575701904e+02 6.6581597900e+02
6.6207501221e+02 6.6218798828e+02 6.6231896973e+02 6.6246197510e+02 6.6256201172e+02 6.6268701172e+02 6.6279400635e+02 6.6289398193e+02 6.6301202393e+02 6.6310699463e+02 6.6321502686e+02 6.6332202148e+02 6.6342297363e+02 6.6353302002e+02 6.6361602783e+02 6.6368103027e+02 6.6378900146e+02 6.6387298584e+02 6.6396197510e+02 6.6404602051e+02 6.6412298584e+02 6.6418701172e+02 6.6426800537e+02 6.6434301758e+02 6.6442498779e+02 6.6449200439e+02 6.6455603027e+02 6.6462097168e+02 6.6467999268e+02 6.6475201416e+02 6.6481097412e+02 6.6486999512e+02 6.6494598389e+02 6.6500299072e+02 6.6504797363e+02 6.6511499023e+02 6.6519598389e+02 6.6525500488e+02 6.6529797363e+02 6.6534698486e+02 6.6539801025e+02 6.6546301270e+02 6.6551898193e+02 6.6558801270e+02 6.6564801025e+02 6.6571398926e+02
6.6194897461e+02 6.6204699707e+02 6.6217199707e+02 6.6232202148e+02 6.6243298340e+02 6.6255200195e+02 6.6265899658e+02 6.6277398682e+02 6.6289898682e+02 6.6300000000e+02 6.6309997559e+02 6.6319299316e+02 6.6328698730e+02 6.6341302490e+02 6.6350799561e+02 6.6357202148e+02 6.6367401123e+02 6.6375598145e+02 6.6384802246e+02 6.6394897461e+02 6.6403399658e+02 6.6409802246e+02 6.6418402100e+02 6.6425500488e+02 6.6433502197e+02 6.6439898682e+02 6.6446002197e+02 6.6452398682e+02 6.6459301758e+02 6.6466198730e+02 6.6471899414e+02 6.6478100586e+02 6.6485400391e+02 6.6491497803e+02 6.6497198486e+02 6.6503601074e+02 6.6510699463e+02 6.6515802002e+02 6.6520098877e+02 6.6526202393e+02 6.6531799316e+02 6.6536602783e+02 6.6542700195e+02 6.6550097656e+02 6.6555401611e+02 6.6561602783e+02
6.6181402588e+02 6.6191699219e+02 6.6203601074e+02 6.6218402100e+02 6.6230401611e+02 6.6242700195e+02 6.6253100586e+02 6.6264697266e+02 6.6277197266e+02 6.6288800049e+02 6.6298699951e+02 6.6307098389e+02 6.6316497803e+02 6.6329797363e+02 6.6339697266e+02 6.6346197510e+02 6.6357800293e+02 6.6365802002e+02 6.6373999023e+02 6.6384399414e+02 6.6393701172e+02 6.6401397705e+02 6.6409997559e+02 6.6415802002e+02 6.6422998047e+02 6.6430200195e+02 6.6437298584e+02 6.6444000244e+02 6.6450402832e+02 6.6456597900e+02 6.6462298584e+02 6.6469299316e+02 6.6476898193e+02 6.6482598877e+02 6.6487799072e+02 6.6494000244e+02 6.6500402832e+02 6.6505401611e+02 6.6510601807e+02 6.6517199707e+02 6.6523498535e+02 6.6527697754e+02 6.6533898926e+02 6.6541198730e+02 6.6546002197e+02 6.6552197266e+02
6.6166802979e+02 6.6178698730e+02 6.6191601563e+02 6.6205700684e+02 6.6216497803e+02 6.6229199219e+02 6.6240698242e+02 6.6252502441e+02 6.6264398193e+02 6.6275299072e+02 6.6285699463e+02 6.6295599365e+02 6.6306201172e+02 6.6317297363e+02 6.6326000977e+02 6.6334002686e+02 6.6345098877e+02 6.6353100586e+02 6.6361401367e+02 6.6372399902e+02 6.6383197021e+02 6.6389599609e+02 6.6398999023e+02 6.6406097412e+02 6.6414599609e+02 6.6421197510e+02 6.6428698730e+02 6.6435498047e+02 6.6440997314e+02 6.6448498535e+02 6.6453900146e+02 6.6460498047e+02 6.6468402100e+02 6.6473602295e+02 6.6478997803e+02 6.6485198975e+02 6.6490002441e+02 6.6495898438e+02 6.6502697754e+02 6.6509100342e+02 6.6515802002e+02 6.6519299316e+02 6.6524499512e+02 6.6530902100e+02 6.6536102295e+02 6.6543499756e+02
6.6154101563e+02 6.6164801025e+02 6.6178198242e+02 6.6192999268e+02 6.6202001953e+02 6.6214202881e+02 6.6226898193e+02 6.6239398193e+02 6.6249700928e+02 6.6260601807e+02 6.6271398926e+02 6.6282501221e+02 6.6293902588e+02 6.6304400635e+02 6.6313299561e+02 6.6321997070e+02 6.6332000732e+02 6.6341400146e+02 6.6350500488e+02 6.6360498047e+02 6.6371002197e+02 6.6378497314e+02 6.6387097168e+02 6.6395697021e+02 6.6405700684e+02 6.6411999512e+02 6.6417901611e+02 6.6425299072e+02 6.6432501221e+02 6.6440301514e+02 6.6445501709e+02 6.6451397705e+02 6.6459301758e+02 6.6465502930e+02 6.6470697021e+02 6.6475402832e+02 6.6480297852e+02 6.6486999512e+02 6.6493597412e+02 6.6500097656e+02 6.6507299805e+02 6.6511901855e+02 6.6516497803e+02 6.6522302246e+02 6.6527001953e+02 6.6533599854e+02
6.6142901611e+02 6.6152398682e+02 6.6163702393e+02 6.6177600098e+02 6.6188000488e+02 6.6202398682e+02 6.6213800049e+02 6.6225299072e+02 6.6236102295e+02 6.6247497559e+02 6.6258502197e+02 6.6270001221e+02 6.6282299805e+02 6.6292102051e+02 6.6301501465e+02 6.6310900879e+02 6.6321197510e+02 6.6330200195e+02 6.6339599609e+02 6.6348999023e+02 6.6358001709e+02 6.6366198730e+02 6.6375701904e+02 6.6384100342e+02 6.6394299316e+02 6.6402398682e+02 6.6408898926e+02 6.6416101074e+02 6.6422900391e+02 6.6430700684e+02 6.6436199951e+02 6.6442199707e+02 6.6450598145e+02 6.6457000732e+02 6.6463000488e+02 6.6467401123e+02 6.6471697998e+02 6.6478698730e+02 6.6485601807e+02 6.6491998291e+02 6.6498101807e+02 6.6503802490e+02 6.6509997559e+02 6.6516699219e+02 6.6519897461e+02 6.6525097656e+02
6.6128997803e+02 6.6140899658e+02 6.6151000977e+02 6.6163000488e+02 6.6174401855e+02 6.6189599609e+02 6.6201300049e+02 6.6212500000e+02 6.6223699951e+02 6.6234301758e+02 6.6245300293e+02 6.6257702637e+02 6.6270202637e+02 6.6279602051e+02 6.6289398193e+02 6.6299597168e+02 6.6310699463e+02 6.6318402100e+02 6.6327600098e+02 6.6336999512e+02 6.6345697021e+02 6.6353497314e+02 6.6363598633e+02 6.6371899414e+02 6.6381701660e+02 6.6390600586e+02 6.6398602295e+02 6.6406201172e+02 6.6412500000e+02 6.6421502686e+02 6.6427197266e+02 6.6432598877e+02 6.6441601563e+02 6.6448101807e+02 6.6454302979e+02 6.6459100342e+02 6.6463397217e+02 6.6470800781e+02 6.6477801514e+02 6.6484698486e+02 6.6490399170e+02 6.6495300293e+02 6.6502099609e+02 6.6509100342e+02 6.6512597656e+02 6.6517498779e+02
6.6111499023e+02 6.6126202393e+02 6.6138702393e+02 6.6151000977e+02 6.6161499023e+02 6.6173901367e+02 6.6187402344e+02 6.6199401855e+02 6.6211199951e+02 6.6220697021e+02 6.6232501221e+02 6.6245098877e+02 6.6255200195e+02 6.6267297363e+02 6.6275897217e+02 6.6284698486e+02 6.6298602295e+02 6.6307800293e+02 6.6316302490e+02 6.6324102783e+02 6.6333300781e+02 6.6341802979e+02 6.6351098633e+02 6.6360498047e+02 6.6370202637e+02 6.6378997803e+02 6.6387701416e+02 6.6395501709e+02 6.6402899170e+02 6.6412200928e+02 6.6417901611e+02 6.6423199463e+02 6.6432098389e+02 6.6438000488e+02 6.6443298340e+02 6.6448602295e+02 6.6455102539e+02 6.6462597656e+02 6.6469500732e+02 6.6476000977e+02 6.6480902100e+02 6.6486602783e+02 6.6492401123e+02 6.6498101807e+02 6.6503399658e+02 6.6509600830e+02
6.6101800537e+02 6.6110302734e+02 6.6122302246e+02 6.6138598633e+02 6.6148199463e+02 6.6160400391e+02 6.6173498535e+02 6.6185198975e+02 6.6197698975e+02 6.6207702637e+02 6.6219897461e+02 6.6232501221e+02 6.6242901611e+02 6.6254101563e+02 6.6263500977e+02 6.6272998047e+02 6.6285101318e+02 6.6293298340e+02 6.6302899170e+02 6.6312298584e+02 6.6321099854e+02 6.6329498291e+02 6.6339501953e+02 6.6348498535e+02 6.6358502197e+02 6.6366900635e+02 6.6374798584e+02 6.6383300781e+02 6.6392401123e+02 6.6400897217e+02 6.6406402588e+02 6.6412902832e+02 6.6421099854e+02 6.6427697754e+02 6.6433801270e+02 6.6440002441e+02 6.6446600342e+02 6.6454199219e+02 6.6460699463e+02 6.6466699219e+02 6.6472998047e+02 6.6479797363e+02 6.6484002686e+02 6.6488702393e+02 6.6494201660e+02 6.6500598145e+02
6.6091497803e+02 6.6100897217e+02 6.6110198975e+02 6.6124700928e+02 6.6134600830e+02 6.6148901367e+02 6.6161700439e+02 6.6172998047e+02 6.6184899902e+02 6.6196002197e+02 6.6207299805e+02 6.6218701172e+02 6.6230102539e+02 6.6241198730e+02 6.6251397705e+02 6.6261700439e+02 6.6272198486e+02 6.6280102539e+02 6.6290698242e+02 6.6301702881e+02 6.6310302734e+02 6.6318902588e+02 6.6328802490e+02 6.6337097168e+02 6.6346801758e+02 6.6355798340e+02 6.6364202881e+02 6.6372900391e+02 6.6380999756e+02 6.6389099121e+02 6.6395599365e+02 6.6403198242e+02 6.6411297607e+02 6.6417999268e+02 6.6425299072e+02 6.6432299805e+02 6.6438098145e+02 6.6444396973e+02 6.6450799561e+02 6.6457000732e+02 6.6463897705e+02 6.6470800781e+02 6.6475598145e+02 6.6480999756e+02 6.6486297607e+02 6.6492199707e+02
6.6075000000e+02 6.6089202881e+02 6.6100299072e+02 6.6110400391e+02 6.6119000244e+02 6.6134197998e+02 6.6148297119e+02 6.6160198975e+02 6.6172100830e+02 6.6183300781e+02 6.6193402100e+02 6.6204199219e+02 6.6215698242e+02 6.6227001953e+02 6.6237799072e+02 6.6248297119e+02 6.6259301758e+02 6.6267297363e+02 6.6277398682e+02 6.6288299561e+02 6.6297302246e+02 6.6305798340e+02 6.6316497803e+02 6.6325598145e+02 6.6335797119e+02 6.6344897461e+02 6.6354101563e+02 6.6362597656e+02 6.6369000244e+02 6.6377099609e+02 6.6384100342e+02 6.6392700195e+02 6.6401202393e+02 6.6407800293e+02 6.6415802002e+02 6.6423199463e+02 6.6428997803e+02 6.6434802246e+02 6.6441400146e+02 6.6448602295e+02 6.6455603027e+02 6.6461602783e+02 6.6466601563e+02 6.6472802734e+02 6.6478802490e+02 6.6485198975e+02
