TESTSERVER/19/9.asc
NCOLS 100
NROWS 100
XLLCORNER 8.4497500000e+03
YLLCORNER 2.8950025000e+05
CELLSIZE 5.0000000000e-01
NODATA_VALUE -9.9990000000e+03
[rows 20 to 39 of 100, columns 46 to 91 of 100]
6.6482397461e+02 6.6486700439e+02 6.6489801025e+02 6.6494799805e+02 6.6500201416e+02 6.6505297852e+02 6.6511798096e+02 6.6516802979e+02 6.6520697021e+02 6.6525402832e+02 6.6530200195e+02 6.6534301758e+02 6.6536700439e+02 6.6542602539e+02 6.6548797607e+02 6.6552001953e+02 6.6556701660e+02 6.6561602783e+02 6.6564300537e+02 6.6569702148e+02 6.6574200439e+02 6.6579199219e+02 6.6583300781e+02 6.6587701416e+02 6.6591497803e+02 6.6594799805e+02 6.6600402832e+02 6.6605603027e+02 6.6610101318e+02 6.6615698242e+02 6.6621398926e+02 6.6625500488e+02 6.6627899170e+02 6.6631701660e+02 6.6635998535e+02 6.6640698242e+02 6.6643499756e+02 6.6646502686e+02 6.6649798584e+02 6.6654498291e+02 6.6657897949e+02 6.6661297607e+02 6.6665997314e+02 6.6669299316e+02 6.6673797607e+02 6.6677398682e+02
6.6472900391e+02 6.6478497314e+02 6.6482299805e+02 6.6487200928e+02 6.6492901611e+02 6.6497497559e+02 6.6503802490e+02 6.6508697510e+02 6.6512597656e+02 6.6517700195e+02 6.6521301270e+02 6.6525299072e+02 6.6528399658e+02 6.6534100342e+02 6.6538598633e+02 6.6542999268e+02 6.6546997070e+02 6.6551098633e+02 6.6554602051e+02 6.6559301758e+02 6.6564001465e+02 6.6569000244e+02 6.6573101807e+02 6.6577301025e+02 6.6580700684e+02 6.6584100342e+02 6.6590100098e+02 6.6594299316e+02 6.6596997070e+02 6.6602301025e+02 6.6609497070e+02 6.6615301514e+02 6.6617401123e+02 6.6620599365e+02 6.6625000000e+02 6.6629101563e+02 6.6631701660e+02 6.6634899902e+02 6.6639202881e+02 6.6643200684e+02 6.6646099854e+02 6.6650000000e+02 6.6654302979e+02 6.6657397461e+02 6.6660699463e+02 6.6664202881e+02
6.6464099121e+02 6.6470300293e+02 6.6473797607e+02 6.6478497314e+02 6.6484802246e+02 6.6489501953e+02 6.6495098877e+02 6.6499700928e+02 6.6503601074e+02 6.6509301758e+02 6.6513500977e+02 6.6517199707e+02 6.6519799805e+02 6.6525097656e+02 6.6528802490e+02 6.6533001709e+02 6.6536499023e+02 6.6540600586e+02 6.6545098877e+02 6.6549200439e+02 6.6554400635e+02 6.6559497070e+02 6.6562799072e+02 6.6566400146e+02 6.6569598389e+02 6.6573498535e+02 6.6579101563e+02 6.6582897949e+02 6.6584698486e+02 6.6589398193e+02 6.6596099854e+02 6.6602600098e+02 6.6605902100e+02 6.6609497070e+02 6.6613800049e+02 6.6618298340e+02 6.6621002197e+02 6.6623498535e+02 6.6627697754e+02 6.6630798340e+02 6.6633599854e+02 6.6638098145e+02 6.6641900635e+02 6.6644702148e+02 6.6647698975e+02 6.6650897217e+02
6.6454199219e+02 6.6460400391e+02 6.6464697266e+02 6.6469799805e+02 6.6476300049e+02 6.6480499268e+02 6.6485699463e+02 6.6489801025e+02 6.6493200684e+02 6.6498400879e+02 6.6503497314e+02 6.6507000732e+02 6.6510400391e+02 6.6516101074e+02 6.6519702148e+02 6.6523400879e+02 6.6527099609e+02 6.6530700684e+02 6.6534301758e+02 6.6538098145e+02 6.6543200684e+02 6.6548297119e+02 6.6551898193e+02 6.6555902100e+02 6.6559399414e+02 6.6563500977e+02 6.6567797852e+02 6.6571899414e+02 6.6573797607e+02 6.6578100586e+02 6.6584100342e+02 6.6589501953e+02 6.6592602539e+02 6.6597302246e+02 6.6602197266e+02 6.6606799316e+02 6.6609600830e+02 6.6611499023e+02 6.6615600586e+02 6.6618499756e+02 6.6621301270e+02 6.6626098633e+02 6.6628997803e+02 6.6631799316e+02 6.6634997559e+02 6.6638098145e+02
6.6443499756e+02 6.6449902344e+02 6.6456896973e+02 6.6460101318e+02 6.6465502930e+02 6.6470397949e+02 6.6477197266e+02 6.6480700684e+02 6.6484698486e+02 6.6490002441e+02 6.6494702148e+02 6.6496099854e+02 6.6500897217e+02 6.6507702637e+02 6.6511401367e+02 6.6513897705e+02 6.6517901611e+02 6.6521398926e+02 6.6524902344e+02 6.6528601074e+02 6.6532098389e+02 6.6535601807e+02 6.6539501953e+02 6.6544799805e+02 6.6548602295e+02 6.6552502441e+02 6.6556298828e+02 6.6558898926e+02 6.6562402344e+02 6.6566699219e+02 6.6572302246e+02 6.6576898193e+02 6.6579699707e+02 6.6584802246e+02 6.6589697266e+02 6.6592797852e+02 6.6596099854e+02 6.6599798584e+02 6.6604302979e+02 6.6606896973e+02 6.6609899902e+02 6.6614300537e+02 6.6616101074e+02 6.6619396973e+02 6.6622998047e+02 6.6625897217e+02
6.6432098389e+02 6.6438500977e+02 6.6445001221e+02 6.6449700928e+02 6.6455700684e+02 6.6461102295e+02 6.6467401123e+02 6.6471301270e+02 6.6476501465e+02 6.6481500244e+02 6.6484698486e+02 6.6488299561e+02 6.6492102051e+02 6.6497698975e+02 6.6500701904e+02 6.6503302002e+02 6.6507501221e+02 6.6512097168e+02 6.6515698242e+02 6.6519702148e+02 6.6522802734e+02 6.6526300049e+02 6.6529998779e+02 6.6534497070e+02 6.6538500977e+02 6.6541998291e+02 6.6545300293e+02 6.6548498535e+02 6.6552099609e+02 6.6555297852e+02 6.6559698486e+02 6.6565899658e+02 6.6569299316e+02 6.6573199463e+02 6.6577801514e+02 6.6580999756e+02 6.6583801270e+02 6.6586999512e+02 6.6590802002e+02 6.6594799805e+02 6.6597900391e+02 6.6601300049e+02 6.6604199219e+02 6.6607098389e+02 6.6610498047e+02 6.6613500977e+02
6.6420898438e+02 6.6427398682e+02 6.6432800293e+02 6.6437500000e+02 6.6444500732e+02 6.6451202393e+02 6.6457702637e+02 6.6461401367e+02 6.6466497803e+02 6.6471398926e+02 6.6474798584e+02 6.6479101563e+02 6.6481701660e+02 6.6485601807e+02 6.6490197754e+02 6.6494799805e+02 6.6498297119e+02 6.6501800537e+02 6.6505297852e+02 6.6509399414e+02 6.6513201904e+02 6.6517297363e+02 6.6521099854e+02 6.6524798584e+02 6.6528002930e+02 6.6530603027e+02 6.6533898926e+02 6.6538098145e+02 6.6541101074e+02 6.6543597412e+02 6.6547601318e+02 6.6554797363e+02 6.6557702637e+02 6.6560400391e+02 6.6565100098e+02 6.6569097900e+02 6.6571502686e+02 6.6573901367e+02 6.6577899170e+02 6.6583099365e+02 6.6585900879e+02 6.6588098145e+02 6.6590802002e+02 6.6593597412e+02 6.6597497559e+02 6.6602001953e+02
6.6409997559e+02 6.6417102051e+02 6.6422399902e+02 6.6426599121e+02 6.6433502197e+02 6.6440100098e+02 6.6446697998e+02 6.6451300049e+02 6.6455297852e+02 6.6459698486e+02 6.6464001465e+02 6.6468798828e+02 6.6471899414e+02 6.6476300049e+02 6.6481402588e+02 6.6485797119e+02 6.6488500977e+02 6.6491400146e+02 6.6495300293e+02 6.6500201416e+02 6.6504101563e+02 6.6507299805e+02 6.6511199951e+02 6.6515802002e+02 6.6518499756e+02 6.6520800781e+02 6.6523400879e+02 6.6527301025e+02 6.6530499268e+02 6.6533697510e+02 6.6536901855e+02 6.6542797852e+02 6.6545397949e+02 6.6547698975e+02 6.6552197266e+02 6.6556701660e+02 6.6559100342e+02 6.6561102295e+02 6.6566198730e+02 6.6571099854e+02 6.6574401855e+02 6.6577001953e+02 6.6578802490e+02 6.6581097412e+02 6.6584802246e+02 6.6589300537e+02
6.6398297119e+02 6.6405603027e+02 6.6411102295e+02 6.6416101074e+02 6.6423901367e+02 6.6430102539e+02 6.6436499023e+02 6.6441998291e+02 6.6445202637e+02 6.6448999023e+02 6.6453399658e+02 6.6458099365e+02 6.6461999512e+02 6.6467297363e+02 6.6472100830e+02 6.6476702881e+02 6.6480200195e+02 6.6484002686e+02 6.6487799072e+02 6.6492297363e+02 6.6495800781e+02 6.6497802734e+02 6.6501202393e+02 6.6506201172e+02 6.6508001709e+02 6.6509802246e+02 6.6513000488e+02 6.6516802979e+02 6.6520300293e+02 6.6524102783e+02 6.6528100586e+02 6.6530902100e+02 6.6533599854e+02 6.6536700439e+02 6.6539898682e+02 6.6545501709e+02 6.6548101807e+02 6.6550201416e+02 6.6555499268e+02 6.6559399414e+02 6.6562200928e+02 6.6565100098e+02 6.6567102051e+02 6.6569500732e+02 6.6572998047e+02 6.6576300049e+02
6.6385998535e+02 6.6394500732e+02 6.6400500488e+02 6.6404901123e+02 6.6412701416e+02 6.6418298340e+02 6.6423297119e+02 6.6427899170e+02 6.6432598877e+02 6.6438299561e+02 6.6443701172e+02 6.6447601318e+02 6.6450701904e+02 6.6456097412e+02 6.6462200928e+02 6.6467401123e+02 6.6470397949e+02 6.6474102783e+02 6.6477301025e+02 6.6481701660e+02 6.6485998535e+02 6.6488800049e+02 6.6491601563e+02 6.6496398926e+02 6.6497802734e+02 6.6499700928e+02 6.6503100586e+02 6.6506402588e+02 6.6509698486e+02 6.6513598633e+02 6.6517700195e+02 6.6521301270e+02 6.6523400879e+02 6.6525598145e+02 6.6528100586e+02 6.6533898926e+02 6.6536999512e+02 6.6539099121e+02 6.6543902588e+02 6.6547100830e+02 6.6550402832e+02 6.6553399658e+02 6.6555499268e+02 6.6557702637e+02 6.6561297607e+02 6.6564501953e+02
6.6372900391e+02 6.6381500244e+02 6.6387200928e+02 6.6392700195e+02 6.6401098633e+02 6.6406402588e+02 6.6411602783e+02 6.6416802979e+02 6.6421801758e+02 6.6427801514e+02 6.6432598877e+02 6.6436700439e+02 6.6440399170e+02 6.6445202637e+02 6.6450897217e+02 6.6455999756e+02 6.6459197998e+02 6.6463598633e+02 6.6467700195e+02 6.6470599365e+02 6.6474200439e+02 6.6477001953e+02 6.6480902100e+02 6.6486602783e+02 6.6487902832e+02 6.6489398193e+02 6.6492297363e+02 6.6495898438e+02 6.6499499512e+02 6.6503399658e+02 6.6507397461e+02 6.6511297607e+02 6.6513000488e+02 6.6514501953e+02 6.6517797852e+02 6.6522900391e+02 6.6525402832e+02 6.6527899170e+02 6.6532501221e+02 6.6535900879e+02 6.6539099121e+02 6.6542199707e+02 6.6544299316e+02 6.6546600342e+02 6.6550201416e+02 6.6553302002e+02
6.6359301758e+02 6.6367498779e+02 6.6372802734e+02 6.6379901123e+02 6.6388201904e+02 6.6393798828e+02 6.6400598145e+02 6.6405798340e+02 6.6409997559e+02 6.6415899658e+02 6.6420898438e+02 6.6425500488e+02 6.6430603027e+02 6.6435302734e+02 6.6439501953e+02 6.6444598389e+02 6.6448101807e+02 6.6452502441e+02 6.6457202148e+02 6.6459802246e+02 6.6462902832e+02 6.6465197754e+02 6.6469000244e+02 6.6474499512e+02 6.6476800537e+02 6.6478802490e+02 6.6481402588e+02 6.6484802246e+02 6.6489099121e+02 6.6493298340e+02 6.6496697998e+02 6.6500701904e+02 6.6502301025e+02 6.6503698730e+02 6.6507800293e+02 6.6512500000e+02 6.6515100098e+02 6.6517401123e+02 6.6520501709e+02 6.6524200439e+02 6.6527001953e+02 6.6530200195e+02 6.6533001709e+02 6.6535797119e+02 6.6539599609e+02 6.6542602539e+02
6.6346997070e+02 6.6354602051e+02 6.6359997559e+02 6.6367102051e+02 6.6374102783e+02 6.6380297852e+02 6.6387402344e+02 6.6392797852e+02 6.6397399902e+02 6.6403399658e+02 6.6408898926e+02 6.6413800049e+02 6.6419000244e+02 6.6423797607e+02 6.6426800537e+02 6.6432000732e+02 6.6436199951e+02 6.6440399170e+02 6.6444299316e+02 6.6448901367e+02 6.6453198242e+02 6.6455499268e+02 6.6458001709e+02 6.6462402344e+02 6.6465899658e+02 6.6468200684e+02 6.6469799805e+02 6.6473400879e+02 6.6478399658e+02 6.6482000732e+02 6.6484600830e+02 6.6488299561e+02 6.6490502930e+02 6.6492602539e+02 6.6496301270e+02 6.6501300049e+02 6.6504602051e+02 6.6505902100e+02 6.6507299805e+02 6.6511999512e+02 6.6515100098e+02 6.6518200684e+02 6.6521099854e+02 6.6523498535e+02 6.6527502441e+02 6.6531402588e+02
6.6333898926e+02 6.6342401123e+02 6.6349200439e+02 6.6354699707e+02 6.6361199951e+02 6.6367999268e+02 6.6374902344e+02 6.6379998779e+02 6.6385101318e+02 6.6391302490e+02 6.6396301270e+02 6.6401202393e+02 6.6406298828e+02 6.6411901855e+02 6.6415399170e+02 6.6419702148e+02 6.6423901367e+02 6.6427899170e+02 6.6431500244e+02 6.6436102295e+02 6.6441601563e+02 6.6445098877e+02 6.6448797607e+02 6.6452502441e+02 6.6455102539e+02 6.6457299805e+02 6.6461499023e+02 6.6464501953e+02 6.6467700195e+02 6.6470001221e+02 6.6473602295e+02 6.6477502441e+02 6.6480401611e+02 6.6483300781e+02 6.6486499023e+02 6.6490301514e+02 6.6494201660e+02 6.6496801758e+02 6.6497497559e+02 6.6501000977e+02 6.6504498291e+02 6.6507501221e+02 6.6509600830e+02 6.6511602783e+02 6.6515899658e+02 6.6519799805e+02
6.6320202637e+02 6.6328698730e+02 6.6336199951e+02 6.6342199707e+02 6.6349200439e+02 6.6355102539e+02 6.6361102295e+02 6.6366998291e+02 6.6372497559e+02 6.6378601074e+02 6.6383898926e+02 6.6388500977e+02 6.6393402100e+02 6.6399499512e+02 6.6403997803e+02 6.6408300781e+02 6.6412097168e+02 6.6416699219e+02 6.6420202637e+02 6.6424298096e+02 6.6429998779e+02 6.6433502197e+02 6.6437500000e+02 6.6441400146e+02 6.6444299316e+02 6.6446899414e+02 6.6451397705e+02 6.6453601074e+02 6.6456097412e+02 6.6459100342e+02 6.6463897705e+02 6.6467199707e+02 6.6470300293e+02 6.6473400879e+02 6.6475598145e+02 6.6478302002e+02 6.6481701660e+02 6.6484899902e+02 6.6486401367e+02 6.6489599609e+02 6.6492901611e+02 6.6495800781e+02 6.6498498535e+02 6.6501599121e+02 6.6505102539e+02 6.6507501221e+02
6.6306201172e+02 6.6314300537e+02 6.6320898438e+02 6.6327801514e+02 6.6336199951e+02 6.6342401123e+02 6.6348199463e+02 6.6354302979e+02 6.6359698486e+02 6.6365600586e+02 6.6371301270e+02 6.6375799561e+02 6.6380700684e+02 6.6386499023e+02 6.6390600586e+02 6.6395397949e+02 6.6399401855e+02 6.6404602051e+02 6.6409100342e+02 6.6413500977e+02 6.6418499756e+02 6.6421197510e+02 6.6424902344e+02 6.6428900146e+02 6.6432501221e+02 6.6435400391e+02 6.6439697266e+02 6.6442297363e+02 6.6445001221e+02 6.6448699951e+02 6.6453497314e+02 6.6456201172e+02 6.6459100342e+02 6.6461999512e+02 6.6465002441e+02 6.6467999268e+02 6.6470202637e+02 6.6472698975e+02 6.6475402832e+02 6.6479101563e+02 6.6482000732e+02 6.6484497070e+02 6.6487701416e+02 6.6491802979e+02 6.6495001221e+02 6.6496600342e+02
6.6293402100e+02 6.6301501465e+02 6.6307299805e+02 6.6313897705e+02 6.6321899414e+02 6.6329602051e+02 6.6335601807e+02 6.6340802002e+02 6.6345599365e+02 6.6351702881e+02 6.6357800293e+02 6.6361297607e+02 6.6367102051e+02 6.6373199463e+02 6.6376300049e+02 6.6381701660e+02 6.6386602783e+02 6.6391601563e+02 6.6396899414e+02 6.6401501465e+02 6.6405297852e+02 6.6408697510e+02 6.6412701416e+02 6.6415997314e+02 6.6420001221e+02 6.6423999023e+02 6.6428997803e+02 6.6432397461e+02 6.6435198975e+02 6.6437402344e+02 6.6440197754e+02 6.6445001221e+02 6.6448101807e+02 6.6450897217e+02 6.6455603027e+02 6.6458801270e+02 6.6460699463e+02 6.6463000488e+02 6.6464898682e+02 6.6469097900e+02 6.6472198486e+02 6.6474298096e+02 6.6476800537e+02 6.6480902100e+02 6.6484899902e+02 6.6487701416e+02
6.6280102539e+02 6.6286700439e+02 6.6292700195e+02 6.6299798584e+02 6.6306896973e+02 6.6314099121e+02 6.6320001221e+02 6.6326300049e+02 6.6331799316e+02 6.6337597656e+02 6.6343402100e+02 6.6347399902e+02 6.6353100586e+02 6.6359997559e+02 6.6363299561e+02 6.6367999268e+02 6.6373297119e+02 6.6378302002e+02 6.6382897949e+02 6.6388299561e+02 6.6391998291e+02 6.6396002197e+02 6.6400799561e+02 6.6403997803e+02 6.6408300781e+02 6.6412597656e+02 6.6417797852e+02 6.6420697021e+02 6.6423297119e+02 6.6425701904e+02 6.6428198242e+02 6.6431799316e+02 6.6434997559e+02 6.6438897705e+02 6.6443402100e+02 6.6446502686e+02 6.6448699951e+02 6.6452398682e+02 6.6454901123e+02 6.6457800293e+02 6.6461401367e+02 6.6465301514e+02 6.6468200684e+02 6.6471099854e+02 6.6474401855e+02 6.6477301025e+02
6.6265399170e+02 6.6271997070e+02 6.6279101563e+02 6.6285900879e+02 6.6292498779e+02 6.6299298096e+02 6.6304797363e+02 6.6311499023e+02 6.6317797852e+02 6.6323498535e+02 6.6328900146e+02 6.6333801270e+02 6.6339300537e+02 6.6345202637e+02 6.6348199463e+02 6.6353198242e+02 6.6359301758e+02 6.6365502930e+02 6.6370001221e+02 6.6375000000e+02 6.6379498291e+02 6.6383898926e+02 6.6388299561e+02 6.6391699219e+02 6.6396002197e+02 6.6399902344e+02 6.6403802490e+02 6.6406799316e+02 6.6410601807e+02 6.6414398193e+02 6.6417700195e+02 6.6420300293e+02 6.6422399902e+02 6.6425598145e+02 6.6430102539e+02 6.6433697510e+02 6.6437097168e+02 6.6441900635e+02 6.6444897461e+02 6.6447100830e+02 6.6450000000e+02 6.6454400635e+02 6.6458099365e+02 6.6460601807e+02 6.6463598633e+02 6.6466900635e+02
6.6250799561e+02 6.6256896973e+02 6.6263897705e+02 6.6270898438e+02 6.6277301025e+02 6.6284197998e+02 6.6290197754e+02 6.6296697998e+02 6.6303497314e+02 6.6309497070e+02 6.6314398193e+02 6.6319396973e+02 6.6325598145e+02 6.6331097412e+02 6.6333898926e+02 6.6339202881e+02 6.6344702148e+02 6.6351202393e+02 6.6356298828e+02 6.6359802246e+02 6.6365002441e+02 6.6370001221e+02 6.6375097656e+02 6.6378997803e+02 6.6383300781e+02 6.6386499023e+02 6.6388598633e+02 6.6391900635e+02 6.6397399902e+02 6.6402301025e+02 6.6405999756e+02 6.6408801270e+02 6.6410400391e+02 6.6412500000e+02 6.6416802979e+02 6.6421099854e+02 6.6425598145e+02 6.6430401611e+02 6.6432800293e+02 6.6435601807e+02 6.6438500977e+02 6.6442498779e+02 6.6446301270e+02 6.6449200439e+02 6.6452502441e+02 6.6456097412e+02
