TESTSERVER/21/0.asc
NCOLS 100
NROWS 100
XLLCORNER 8.5497500000e+03
YLLCORNER 2.8995025000e+05
CELLSIZE 5.0000000000e-01
NODATA_VALUE -9.9990000000e+03
[rows 60 to 79 of 100, columns 46 to 91 of 100]
8.1406097412e+02 8.1418902588e+02 8.1434497070e+02 8.1459002686e+02 8.1484600830e+02 8.1514202881e+02 8.1544201660e+02 8.1571301270e+02 8.1594201660e+02 8.1616900635e+02 8.1644799805e+02 8.1687402344e+02 8.1718402100e+02 8.1736700439e+02 8.1750799561e+02 8.1774200439e+02 8.1798699951e+02 8.1819201660e+02 8.1836602783e+02 8.1860998535e+02 8.1891998291e+02 8.1933197021e+02 8.1955902100e+02 8.1976300049e+02 8.2008898926e+02 8.2034399414e+02 8.2058001709e+02 8.2069702148e+02 8.2079302979e+02 8.2094299316e+02 8.2117102051e+02 8.2135101318e+02 8.2163397217e+02 8.2192700195e+02 8.2211102295e+02 8.2229498291e+02 8.2252001953e+02 8.2269500732e+02 8.2282702637e+02 8.2302801514e+02 8.2327099609e+02 8.2351000977e+02 8.2378100586e+02 8.2401599121e+02 8.2423602295e+02 8.2442297363e+02
8.1373901367e+02 8.1393701172e+02 8.1415100098e+02 8.1439501953e+02 8.1464099121e+02 8.1494000244e+02 8.1524700928e+02 8.1551202393e+02 8.1575799561e+02 8.1602801514e+02 8.1637500000e+02 8.1672802734e+02 8.1698400879e+02 8.1718701172e+02 8.1734600830e+02 8.1759197998e+02 8.1786901855e+02 8.1809497070e+02 8.1827600098e+02 8.1851702881e+02 8.1901000977e+02 8.1953900146e+02 8.1954101563e+02 8.1969598389e+02 8.2011297607e+02 8.2024401855e+02 8.2033502197e+02 8.2054797363e+02 8.2067999268e+02 8.2086798096e+02 8.2111798096e+02 8.2130499268e+02 8.2154101563e+02 8.2177099609e+02 8.2196997070e+02 8.2222601318e+02 8.2249902344e+02 8.2263702393e+02 8.2271801758e+02 8.2288000488e+02 8.2311999512e+02 8.2342102051e+02 8.2371899414e+02 8.2391601563e+02 8.2414898682e+02 8.2434899902e+02
8.1350799561e+02 8.1372900391e+02 8.1396801758e+02 8.1420098877e+02 8.1443798828e+02 8.1474298096e+02 8.1508001709e+02 8.1536999512e+02 8.1563598633e+02 8.1592199707e+02 8.1627099609e+02 8.1653997803e+02 8.1676397705e+02 8.1700299072e+02 8.1722998047e+02 8.1747698975e+02 8.1776000977e+02 8.1802502441e+02 8.1819396973e+02 8.1838000488e+02 8.1879400635e+02 8.1927001953e+02 8.1936901855e+02 8.1964599609e+02 8.2003900146e+02 8.2011499023e+02 8.2014001465e+02 8.2037597656e+02 8.2057098389e+02 8.2075402832e+02 8.2100299072e+02 8.2125897217e+02 8.2148400879e+02 8.2166699219e+02 8.2188598633e+02 8.2218200684e+02 8.2245501709e+02 8.2256500244e+02 8.2263800049e+02 8.2283001709e+02 8.2301098633e+02 8.2327899170e+02 8.2358197021e+02 8.2378100586e+02 8.2398699951e+02 8.2417797852e+02
8.1334899902e+02 8.1356402588e+02 8.1379498291e+02 8.1402600098e+02 8.1425701904e+02 8.1457501221e+02 8.1494396973e+02 8.1526397705e+02 8.1554101563e+02 8.1581500244e+02 8.1612402344e+02 8.1635699463e+02 8.1659899902e+02 8.1687597656e+02 8.1714801025e+02 8.1735797119e+02 8.1758001709e+02 8.1783801270e+02 8.1805102539e+02 8.1827899170e+02 8.1854199219e+02 8.1885101318e+02 8.1911901855e+02 8.1949798584e+02 8.1981298828e+02 8.1993298340e+02 8.2005700684e+02 8.2024902344e+02 8.2045202637e+02 8.2061199951e+02 8.2085400391e+02 8.2116101074e+02 8.2139801025e+02 8.2158197021e+02 8.2182897949e+02 8.2208300781e+02 8.2229901123e+02 8.2242901611e+02 8.2254699707e+02 8.2282598877e+02 8.2299902344e+02 8.2318200684e+02 8.2344702148e+02 8.2365100098e+02 8.2381402588e+02 8.2401300049e+02
8.1323999023e+02 8.1344598389e+02 8.1365197754e+02 8.1386602783e+02 8.1411401367e+02 8.1443701172e+02 8.1479797363e+02 8.1515698242e+02 8.1545202637e+02 8.1570501709e+02 8.1592999268e+02 8.1620098877e+02 8.1647601318e+02 8.1675701904e+02 8.1700598145e+02 8.1720202637e+02 8.1738098145e+02 8.1761798096e+02 8.1791198730e+02 8.1822698975e+02 8.1850598145e+02 8.1877301025e+02 8.1900402832e+02 8.1935699463e+02 8.1967498779e+02 8.1988000488e+02 8.2006500244e+02 8.2019897461e+02 8.2036401367e+02 8.2052600098e+02 8.2081298828e+02 8.2106298828e+02 8.2128698730e+02 8.2151202393e+02 8.2178100586e+02 8.2197302246e+02 8.2215197754e+02 8.2232897949e+02 8.2247399902e+02 8.2273199463e+02 8.2296099854e+02 8.2312402344e+02 8.2341198730e+02 8.2354498291e+02 8.2366998291e+02 8.2390100098e+02
8.1320098877e+02 8.1340197754e+02 8.1357702637e+02 8.1376397705e+02 8.1401098633e+02 8.1432501221e+02 8.1469897461e+02 8.1504498291e+02 8.1533300781e+02 8.1558001709e+02 8.1581298828e+02 8.1607702637e+02 8.1634399414e+02 8.1661499023e+02 8.1685900879e+02 8.1703997803e+02 8.1722302246e+02 8.1744000244e+02 8.1775000000e+02 8.1805700684e+02 8.1830999756e+02 8.1859997559e+02 8.1890399170e+02 8.1943902588e+02 8.1984197998e+02 8.1998101807e+02 8.2009698486e+02 8.2023400879e+02 8.2034100342e+02 8.2049102783e+02 8.2083099365e+02 8.2105297852e+02 8.2123699951e+02 8.2145300293e+02 8.2172100830e+02 8.2190197754e+02 8.2204699707e+02 8.2219598389e+02 8.2232098389e+02 8.2255700684e+02 8.2291900635e+02 8.2318597412e+02 8.2335699463e+02 8.2342498779e+02 8.2356201172e+02 8.2379498291e+02
8.1312597656e+02 8.1332501221e+02 8.1350299072e+02 8.1369201660e+02 8.1393798828e+02 8.1424798584e+02 8.1461401367e+02 8.1493902588e+02 8.1521398926e+02 8.1546801758e+02 8.1572802734e+02 8.1599798584e+02 8.1625701904e+02 8.1651300049e+02 8.1674102783e+02 8.1695599365e+02 8.1715698242e+02 8.1734600830e+02 8.1762500000e+02 8.1796502686e+02 8.1820300293e+02 8.1845501709e+02 8.1879199219e+02 8.1939898682e+02 8.1982598877e+02 8.1999200439e+02 8.2011602783e+02 8.2026800537e+02 8.2033197021e+02 8.2041198730e+02 8.2070098877e+02 8.2094598389e+02 8.2114898682e+02 8.2136798096e+02 8.2161602783e+02 8.2182397461e+02 8.2199499512e+02 8.2213098145e+02 8.2224102783e+02 8.2246801758e+02 8.2285101318e+02 8.2310900879e+02 8.2317102051e+02 8.2329101563e+02 8.2352197266e+02 8.2374902344e+02
8.1301098633e+02 8.1322198486e+02 8.1342199707e+02 8.1362799072e+02 8.1388201904e+02 8.1418701172e+02 8.1452899170e+02 8.1483099365e+02 8.1509497070e+02 8.1535400391e+02 8.1563702393e+02 8.1591400146e+02 8.1616802979e+02 8.1641601563e+02 8.1664898682e+02 8.1692700195e+02 8.1715002441e+02 8.1730401611e+02 8.1753198242e+02 8.1790197754e+02 8.1813598633e+02 8.1835797119e+02 8.1867102051e+02 8.1910198975e+02 8.1946801758e+02 8.1972698975e+02 8.1998602295e+02 8.2028497314e+02 8.2039099121e+02 8.2040899658e+02 8.2057098389e+02 8.2081799316e+02 8.2104498291e+02 8.2126098633e+02 8.2146301270e+02 8.2171197510e+02 8.2194396973e+02 8.2209899902e+02 8.2221899414e+02 8.2245697021e+02 8.2275500488e+02 8.2296600342e+02 8.2310198975e+02 8.2328997803e+02 8.2352001953e+02 8.2371398926e+02
8.1287597656e+02 8.1309802246e+02 8.1331402588e+02 8.1355798340e+02 8.1383099365e+02 8.1412902832e+02 8.1443701172e+02 8.1472802734e+02 8.1499102783e+02 8.1524902344e+02 8.1551202393e+02 8.1578198242e+02 8.1604797363e+02 8.1630700684e+02 8.1657098389e+02 8.1687097168e+02 8.1709802246e+02 8.1725000000e+02 8.1745098877e+02 8.1778399658e+02 8.1802502441e+02 8.1826501465e+02 8.1860900879e+02 8.1893103027e+02 8.1922802734e+02 8.1951898193e+02 8.1984301758e+02 8.2030603027e+02 8.2045202637e+02 8.2043298340e+02 8.2052001953e+02 8.2071697998e+02 8.2093200684e+02 8.2113098145e+02 8.2133300781e+02 8.2159002686e+02 8.2184002686e+02 8.2203497314e+02 8.2220599365e+02 8.2242498779e+02 8.2267401123e+02 8.2291601563e+02 8.2313299561e+02 8.2336999512e+02 8.2351800537e+02 8.2363500977e+02
8.1275500488e+02 8.1297198486e+02 8.1321398926e+02 8.1347100830e+02 8.1375097656e+02 8.1404699707e+02 8.1434802246e+02 8.1464898682e+02 8.1491998291e+02 8.1516497803e+02 8.1538702393e+02 8.1562799072e+02 8.1590698242e+02 8.1620300293e+02 8.1649798584e+02 8.1676599121e+02 8.1700598145e+02 8.1721801758e+02 8.1743402100e+02 8.1770202637e+02 8.1791699219e+02 8.1818402100e+02 8.1857702637e+02 8.1885198975e+02 8.1908398438e+02 8.1935699463e+02 8.1966198730e+02 8.2009698486e+02 8.2028302002e+02 8.2031701660e+02 8.2041101074e+02 8.2058197021e+02 8.2078100586e+02 8.2100500488e+02 8.2125799561e+02 8.2151702881e+02 8.2173797607e+02 8.2194500732e+02 8.2214898682e+02 8.2234899902e+02 8.2260302734e+02 8.2286297607e+02 8.2306298828e+02 8.2338000488e+02 8.2357501221e+02 8.2363702393e+02
8.1260998535e+02 8.1283697510e+02 8.1309197998e+02 8.1335498047e+02 8.1363598633e+02 8.1393798828e+02 8.1425201416e+02 8.1456896973e+02 8.1484002686e+02 8.1507000732e+02 8.1526599121e+02 8.1549200439e+02 8.1578002930e+02 8.1609997559e+02 8.1642401123e+02 8.1667999268e+02 8.1694598389e+02 8.1719897461e+02 8.1742199707e+02 8.1764001465e+02 8.1783599854e+02 8.1809802246e+02 8.1849700928e+02 8.1871502686e+02 8.1890502930e+02 8.1916101074e+02 8.1942901611e+02 8.1975000000e+02 8.1997900391e+02 8.2012298584e+02 8.2029400635e+02 8.2046600342e+02 8.2066198730e+02 8.2090399170e+02 8.2119396973e+02 8.2142602539e+02 8.2163201904e+02 8.2184899902e+02 8.2206701660e+02 8.2228002930e+02 8.2253997803e+02 8.2280401611e+02 8.2301300049e+02 8.2329901123e+02 8.2346899414e+02 8.2353002930e+02
8.1244702148e+02 8.1268798828e+02 8.1294897461e+02 8.1320800781e+02 8.1349597168e+02 8.1381298828e+02 8.1415197754e+02 8.1448297119e+02 8.1475299072e+02 8.1496997070e+02 8.1515002441e+02 8.1537500000e+02 8.1566497803e+02 8.1599700928e+02 8.1634399414e+02 8.1663500977e+02 8.1694299316e+02 8.1722100830e+02 8.1742102051e+02 8.1762298584e+02 8.1782000732e+02 8.1805700684e+02 8.1839898682e+02 8.1856701660e+02 8.1875598145e+02 8.1902899170e+02 8.1928302002e+02 8.1952600098e+02 8.1975897217e+02 8.1996997070e+02 8.2020397949e+02 8.2038000488e+02 8.2057299805e+02 8.2082202148e+02 8.2112799072e+02 8.2133197021e+02 8.2151898193e+02 8.2173602295e+02 8.2198199463e+02 8.2226300049e+02 8.2249700928e+02 8.2274597168e+02 8.2298602295e+02 8.2317602539e+02 8.2330102539e+02 8.2339599609e+02
8.1227099609e+02 8.1252801514e+02 8.1279302979e+02 8.1305200195e+02 8.1334399414e+02 8.1367901611e+02 8.1404602051e+02 8.1439398193e+02 8.1466497803e+02 8.1486401367e+02 8.1503497314e+02 8.1527899170e+02 8.1555902100e+02 8.1588201904e+02 8.1624401855e+02 8.1661700439e+02 8.1698999023e+02 8.1727697754e+02 8.1743798828e+02 8.1761798096e+02 8.1780999756e+02 8.1801800537e+02 8.1829901123e+02 8.1847998047e+02 8.1866400146e+02 8.1891998291e+02 8.1918298340e+02 8.1939801025e+02 8.1960998535e+02 8.1984497070e+02 8.2014898682e+02 8.2032202148e+02 8.2050299072e+02 8.2073199463e+02 8.2104400635e+02 8.2124902344e+02 8.2140600586e+02 8.2160998535e+02 8.2186798096e+02 8.2216198730e+02 8.2240802002e+02 8.2269500732e+02 8.2296301270e+02 8.2307897949e+02 8.2319201660e+02 8.2332000732e+02
8.1208898926e+02 8.1236401367e+02 8.1264697266e+02 8.1290002441e+02 8.1318798828e+02 8.1353399658e+02 8.1393103027e+02 8.1428601074e+02 8.1456500244e+02 8.1477899170e+02 8.1496197510e+02 8.1519201660e+02 8.1545599365e+02 8.1575897217e+02 8.1612298584e+02 8.1656896973e+02 8.1700598145e+02 8.1729699707e+02 8.1738897705e+02 8.1752801514e+02 8.1767401123e+02 8.1786602783e+02 8.1819897461e+02 8.1845599365e+02 8.1860699463e+02 8.1878997803e+02 8.1907202148e+02 8.1930401611e+02 8.1952502441e+02 8.1976098633e+02 8.2003399658e+02 8.2023901367e+02 8.2043200684e+02 8.2063098145e+02 8.2090502930e+02 8.2111199951e+02 8.2128100586e+02 8.2151501465e+02 8.2179498291e+02 8.2206298828e+02 8.2231896973e+02 8.2257000732e+02 8.2278399658e+02 8.2292199707e+02 8.2304400635e+02 8.2321997070e+02
8.1194396973e+02 8.1223498535e+02 8.1252899170e+02 8.1277099609e+02 8.1305297852e+02 8.1339697266e+02 8.1378399658e+02 8.1411199951e+02 8.1439001465e+02 8.1463000488e+02 8.1485101318e+02 8.1509197998e+02 8.1535699463e+02 8.1565002441e+02 8.1597802734e+02 8.1641400146e+02 8.1685198975e+02 8.1714801025e+02 8.1726098633e+02 8.1741699219e+02 8.1755603027e+02 8.1773498535e+02 8.1806597900e+02 8.1835498047e+02 8.1851000977e+02 8.1867999268e+02 8.1894799805e+02 8.1920098877e+02 8.1947497559e+02 8.1969500732e+02 8.1986602783e+02 8.2007800293e+02 8.2028601074e+02 8.2047802734e+02 8.2072198486e+02 8.2093200684e+02 8.2113598633e+02 8.2141101074e+02 8.2171997070e+02 8.2200500488e+02 8.2226202393e+02 8.2245098877e+02 8.2258801270e+02 8.2271600342e+02 8.2284899902e+02 8.2307299805e+02
8.1184600830e+02 8.1215197754e+02 8.1245202637e+02 8.1267797852e+02 8.1294396973e+02 8.1326898193e+02 8.1362402344e+02 8.1391998291e+02 8.1419201660e+02 8.1444097900e+02 8.1469299316e+02 8.1495599365e+02 8.1523101807e+02 8.1552197266e+02 8.1582000732e+02 8.1621398926e+02 8.1661700439e+02 8.1691497803e+02 8.1708697510e+02 8.1728900146e+02 8.1746197510e+02 8.1764501953e+02 8.1793298340e+02 8.1821600342e+02 8.1840301514e+02 8.1860198975e+02 8.1885302734e+02 8.1909600830e+02 8.1941802979e+02 8.1962799072e+02 8.1971502686e+02 8.1990502930e+02 8.2010101318e+02 8.2029699707e+02 8.2054400635e+02 8.2078002930e+02 8.2103997803e+02 8.2135101318e+02 8.2165899658e+02 8.2192999268e+02 8.2219000244e+02 8.2236602783e+02 8.2248101807e+02 8.2259100342e+02 8.2271502686e+02 8.2292700195e+02
8.1179998779e+02 8.1211602783e+02 8.1240301514e+02 8.1260797119e+02 8.1284497070e+02 8.1314801025e+02 8.1348999023e+02 8.1377001953e+02 8.1404199219e+02 8.1429400635e+02 8.1453002930e+02 8.1477099609e+02 8.1505297852e+02 8.1535400391e+02 8.1565100098e+02 8.1603002930e+02 8.1641302490e+02 8.1671997070e+02 8.1694500732e+02 8.1715899658e+02 8.1734802246e+02 8.1753302002e+02 8.1776898193e+02 8.1806500244e+02 8.1830297852e+02 8.1854400635e+02 8.1879101563e+02 8.1906500244e+02 8.1937597656e+02 8.1957299805e+02 8.1964300537e+02 8.1977801514e+02 8.1993103027e+02 8.2010900879e+02 8.2035198975e+02 8.2068200684e+02 8.2101702881e+02 8.2134899902e+02 8.2163201904e+02 8.2187200928e+02 8.2211297607e+02 8.2229797363e+02 8.2240600586e+02 8.2247601318e+02 8.2261700439e+02 8.2285601807e+02
8.1169500732e+02 8.1202502441e+02 8.1233697510e+02 8.1254901123e+02 8.1275402832e+02 8.1303399658e+02 8.1335900879e+02 8.1364398193e+02 8.1393200684e+02 8.1420599365e+02 8.1441198730e+02 8.1459301758e+02 8.1485797119e+02 8.1517102051e+02 8.1547900391e+02 8.1584497070e+02 8.1623101807e+02 8.1653900146e+02 8.1677502441e+02 8.1702801514e+02 8.1723699951e+02 8.1743200684e+02 8.1766802979e+02 8.1794097900e+02 8.1817297363e+02 8.1841601563e+02 8.1870001221e+02 8.1905499268e+02 8.1934002686e+02 8.1948498535e+02 8.1954901123e+02 8.1970599365e+02 8.1984997559e+02 8.1997399902e+02 8.2023901367e+02 8.2062597656e+02 8.2096997070e+02 8.2129498291e+02 8.2160498047e+02 8.2188500977e+02 8.2207501221e+02 8.2219799805e+02 8.2233300781e+02 8.2240502930e+02 8.2255102539e+02 8.2278399658e+02
8.1152301025e+02 8.1182098389e+02 8.1214501953e+02 8.1239697266e+02 8.1261999512e+02 8.1290301514e+02 8.1322198486e+02 8.1349298096e+02 8.1376898193e+02 8.1404998779e+02 8.1428302002e+02 8.1445397949e+02 8.1470800781e+02 8.1503601074e+02 8.1535900879e+02 8.1568701172e+02 8.1603900146e+02 8.1634301758e+02 8.1660900879e+02 8.1690502930e+02 8.1713702393e+02 8.1733898926e+02 8.1757299805e+02 8.1784497070e+02 8.1807397461e+02 8.1832000732e+02 8.1862402344e+02 8.1896398926e+02 8.1921502686e+02 8.1934997559e+02 8.1945001221e+02 8.1966497803e+02 8.1985900879e+02 8.2000701904e+02 8.2028302002e+02 8.2064099121e+02 8.2090301514e+02 8.2115997314e+02 8.2148400879e+02 8.2182897949e+02 8.2201501465e+02 8.2209698486e+02 8.2224298096e+02 8.2236602783e+02 8.2253399658e+02 8.2271197510e+02
8.1134899902e+02 8.1158697510e+02 8.1188397217e+02 8.1216302490e+02 8.1241900635e+02 8.1271899414e+02 8.1305499268e+02 8.1332501221e+02 8.1357800293e+02 8.1385498047e+02 8.1412799072e+02 8.1430798340e+02 8.1455499268e+02 8.1490301514e+02 8.1526098633e+02 8.1555102539e+02 8.1585797119e+02 8.1615399170e+02 8.1645300293e+02 8.1676702881e+02 8.1700500488e+02 8.1720697021e+02 8.1744000244e+02 8.1774298096e+02 8.1798999023e+02 8.1824298096e+02 8.1854797363e+02 8.1882897949e+02 8.1905401611e+02 8.1921801758e+02 8.1936297607e+02 8.1960400391e+02 8.1985998535e+02 8.2007702637e+02 8.2035601807e+02 8.2062701416e+02 8.2078002930e+02 8.2095898438e+02 8.2128302002e+02 8.2171502686e+02 8.2197399902e+02 8.2206701660e+02 8.2216601563e+02 8.2231201172e+02 8.2246099854e+02 8.2258300781e+02
