TESTSERVER/21/0.asc
NCOLS 100
NROWS 100
XLLCORNER 8.5497500000e+03
YLLCORNER 2.8995025000e+05
CELLSIZE 5.0000000000e-01
NODATA_VALUE -9.9990000000e+03
[rows 80 to 99 of 100, columns 0 to 45 of 100]
8.0110302734e+02 8.0133697510e+02 8.0160101318e+02 8.0173602295e+02 8.0194702148e+02 8.0220300293e+02 8.0246899414e+02 8.0277001953e+02 8.0305999756e+02 8.0334301758e+02 8.0359698486e+02 8.0369000244e+02 8.0376599121e+02 8.0420501709e+02 8.0435601807e+02 8.0451397705e+02 8.0460302734e+02 8.0475000000e+02 8.0497100830e+02 8.0520098877e+02 8.0540899658e+02 8.0559802246e+02 8.0579400635e+02 8.0597601318e+02 8.0611297607e+02 8.0634002686e+02 8.0657897949e+02 8.0680700684e+02 8.0702502441e+02 8.0730603027e+02 8.0760900879e+02 8.0791101074e+02 8.0820898438e+02 8.0843701172e+02 8.0862597656e+02 8.0883502197e+02 8.0908898926e+02 8.0935498047e+02 8.0955999756e+02 8.0973901367e+02 8.0992700195e+02 8.1011901855e+02 8.1028802490e+02 8.1048999023e+02 8.1076599121e+02 8.1101599121e+02
8.0108502197e+02 8.0121600342e+02 8.0146002197e+02 8.0165100098e+02 8.0186499023e+02 8.0210400391e+02 8.0238897705e+02 8.0268103027e+02 8.0292199707e+02 8.0324200439e+02 8.0354901123e+02 8.0365698242e+02 8.0372399902e+02 8.0404699707e+02 8.0420001221e+02 8.0437402344e+02 8.0448498535e+02 8.0462799072e+02 8.0482299805e+02 8.0504699707e+02 8.0524102783e+02 8.0542999268e+02 8.0564398193e+02 8.0586499023e+02 8.0605798340e+02 8.0632501221e+02 8.0657702637e+02 8.0674902344e+02 8.0692602539e+02 8.0719702148e+02 8.0749798584e+02 8.0778198242e+02 8.0803100586e+02 8.0826000977e+02 8.0847399902e+02 8.0870697021e+02 8.0897302246e+02 8.0923297119e+02 8.0944097900e+02 8.0964001465e+02 8.0984997559e+02 8.1004901123e+02 8.1020202637e+02 8.1037298584e+02 8.1062298584e+02 8.1087200928e+02
8.0109802246e+02 8.0118499756e+02 8.0135900879e+02 8.0157897949e+02 8.0183801270e+02 8.0206402588e+02 8.0232501221e+02 8.0259002686e+02 8.0282000732e+02 8.0314300537e+02 8.0345599365e+02 8.0360198975e+02 8.0368103027e+02 8.0387298584e+02 8.0405798340e+02 8.0424597168e+02 8.0438098145e+02 8.0456201172e+02 8.0474597168e+02 8.0492102051e+02 8.0511199951e+02 8.0532501221e+02 8.0555999756e+02 8.0579602051e+02 8.0602099609e+02 8.0631201172e+02 8.0656298828e+02 8.0669598389e+02 8.0681097412e+02 8.0703802490e+02 8.0730401611e+02 8.0756896973e+02 8.0781597900e+02 8.0806201172e+02 8.0831402588e+02 8.0857800293e+02 8.0884600830e+02 8.0910900879e+02 8.0933502197e+02 8.0954998779e+02 8.0976599121e+02 8.0996697998e+02 8.1012597656e+02 8.1028900146e+02 8.1050201416e+02 8.1075201416e+02
8.0101098633e+02 8.0115802002e+02 8.0128497314e+02 8.0149102783e+02 8.0178601074e+02 8.0203302002e+02 8.0226000977e+02 8.0249298096e+02 8.0273602295e+02 8.0303302002e+02 8.0330499268e+02 8.0347900391e+02 8.0364599609e+02 8.0381201172e+02 8.0397302246e+02 8.0413201904e+02 8.0426898193e+02 8.0449700928e+02 8.0467999268e+02 8.0482501221e+02 8.0502697754e+02 8.0525299072e+02 8.0549597168e+02 8.0573400879e+02 8.0596697998e+02 8.0623199463e+02 8.0645898438e+02 8.0657897949e+02 8.0667797852e+02 8.0686798096e+02 8.0709497070e+02 8.0734600830e+02 8.0761297607e+02 8.0788299561e+02 8.0816101074e+02 8.0844299316e+02 8.0869702148e+02 8.0897698975e+02 8.0924298096e+02 8.0948101807e+02 8.0970001221e+02 8.0989801025e+02 8.1004602051e+02 8.1019500732e+02 8.1038598633e+02 8.1064898682e+02
8.0083197021e+02 8.0108697510e+02 8.0124798584e+02 8.0143597412e+02 8.0168701172e+02 8.0197698975e+02 8.0218701172e+02 8.0241802979e+02 8.0270697021e+02 8.0293597412e+02 8.0316601563e+02 8.0334497070e+02 8.0351800537e+02 8.0372998047e+02 8.0387902832e+02 8.0402001953e+02 8.0418402100e+02 8.0441198730e+02 8.0457897949e+02 8.0473400879e+02 8.0492901611e+02 8.0517797852e+02 8.0539898682e+02 8.0561901855e+02 8.0583697510e+02 8.0603997803e+02 8.0624700928e+02 8.0640399170e+02 8.0654302979e+02 8.0673699951e+02 8.0693798828e+02 8.0717602539e+02 8.0746398926e+02 8.0772802734e+02 8.0802099609e+02 8.0830902100e+02 8.0853002930e+02 8.0884997559e+02 8.0917401123e+02 8.0942401123e+02 8.0964099121e+02 8.0983599854e+02 8.0996600342e+02 8.1009698486e+02 8.1028198242e+02 8.1053198242e+02
8.0092498779e+02 8.0117999268e+02 8.0128601074e+02 8.0141802979e+02 8.0168701172e+02 8.0194500732e+02 8.0211901855e+02 8.0233599854e+02 8.0259002686e+02 8.0283898926e+02 8.0307098389e+02 8.0325598145e+02 8.0343298340e+02 8.0363000488e+02 8.0377197266e+02 8.0390997314e+02 8.0407501221e+02 8.0428698730e+02 8.0444097900e+02 8.0461199951e+02 8.0481500244e+02 8.0505401611e+02 8.0525500488e+02 8.0545098877e+02 8.0564599609e+02 8.0579400635e+02 8.0602502441e+02 8.0623901367e+02 8.0640600586e+02 8.0661901855e+02 8.0682098389e+02 8.0705603027e+02 8.0734399414e+02 8.0759100342e+02 8.0786700439e+02 8.0816802979e+02 8.0839697266e+02 8.0872198486e+02 8.0904699707e+02 8.0928302002e+02 8.0957202148e+02 8.0985302734e+02 8.0997497559e+02 8.1005700684e+02 8.1021398926e+02 8.1043200684e+02
8.0103002930e+02 8.0117401123e+02 8.0129302979e+02 8.0142602539e+02 8.0167297363e+02 8.0185900879e+02 8.0204101563e+02 8.0226397705e+02 8.0252801514e+02 8.0278198242e+02 8.0299298096e+02 8.0317102051e+02 8.0333898926e+02 8.0353601074e+02 8.0373199463e+02 8.0391101074e+02 8.0400701904e+02 8.0417700195e+02 8.0440802002e+02 8.0457397461e+02 8.0475097656e+02 8.0494500732e+02 8.0513397217e+02 8.0534002686e+02 8.0554101563e+02 8.0567102051e+02 8.0590698242e+02 8.0614398193e+02 8.0633099365e+02 8.0655401611e+02 8.0676800537e+02 8.0699401855e+02 8.0726000977e+02 8.0750097656e+02 8.0773797607e+02 8.0802001953e+02 8.0827600098e+02 8.0858197021e+02 8.0889398193e+02 8.0917102051e+02 8.0946697998e+02 8.0975799561e+02 8.0991497803e+02 8.1001599121e+02 8.1017401123e+02 8.1038800049e+02
8.0116400146e+02 8.0122100830e+02 8.0132000732e+02 8.0143298340e+02 8.0161901855e+02 8.0178100586e+02 8.0198498535e+02 8.0222802734e+02 8.0251000977e+02 8.0271997070e+02 8.0289599609e+02 8.0307299805e+02 8.0325598145e+02 8.0346502686e+02 8.0368902588e+02 8.0388299561e+02 8.0396899414e+02 8.0420397949e+02 8.0454901123e+02 8.0465399170e+02 8.0473297119e+02 8.0488800049e+02 8.0506097412e+02 8.0526800537e+02 8.0548901367e+02 8.0564697266e+02 8.0589599609e+02 8.0614202881e+02 8.0633502197e+02 8.0655700684e+02 8.0677301025e+02 8.0696801758e+02 8.0717797852e+02 8.0739898682e+02 8.0762200928e+02 8.0788800049e+02 8.0814300537e+02 8.0840197754e+02 8.0873297119e+02 8.0907702637e+02 8.0930798340e+02 8.0955499268e+02 8.0976800537e+02 8.0993701172e+02 8.1013598633e+02 8.1037402344e+02
8.0128302002e+02 8.0135498047e+02 8.0137500000e+02 8.0142602539e+02 8.0154998779e+02 8.0174401855e+02 8.0194897461e+02 8.0220202637e+02 8.0245397949e+02 8.0262701416e+02 8.0278002930e+02 8.0296301270e+02 8.0321301270e+02 8.0339697266e+02 8.0358197021e+02 8.0376300049e+02 8.0395800781e+02 8.0423400879e+02 8.0449700928e+02 8.0459100342e+02 8.0471099854e+02 8.0491302490e+02 8.0507098389e+02 8.0525201416e+02 8.0547601318e+02 8.0566497803e+02 8.0593200684e+02 8.0618103027e+02 8.0636499023e+02 8.0657299805e+02 8.0678601074e+02 8.0696099854e+02 8.0710998535e+02 8.0731201172e+02 8.0755102539e+02 8.0780798340e+02 8.0802001953e+02 8.0818902588e+02 8.0850201416e+02 8.0890399170e+02 8.0918499756e+02 8.0937902832e+02 8.0962799072e+02 8.0983599854e+02 8.1005603027e+02 8.1032800293e+02
8.0137402344e+02 8.0135699463e+02 8.0132897949e+02 8.0139001465e+02 8.0148901367e+02 8.0168103027e+02 8.0187200928e+02 8.0211901855e+02 8.0237500000e+02 8.0260302734e+02 8.0277697754e+02 8.0291400146e+02 8.0310400391e+02 8.0330902100e+02 8.0349798584e+02 8.0369299316e+02 8.0392999268e+02 8.0419702148e+02 8.0437902832e+02 8.0451000977e+02 8.0469396973e+02 8.0490197754e+02 8.0508300781e+02 8.0528002930e+02 8.0548797607e+02 8.0569396973e+02 8.0596002197e+02 8.0622998047e+02 8.0639501953e+02 8.0656097412e+02 8.0676000977e+02 8.0692401123e+02 8.0706402588e+02 8.0723199463e+02 8.0748699951e+02 8.0777301025e+02 8.0794799805e+02 8.0802001953e+02 8.0819598389e+02 8.0852197266e+02 8.0889697266e+02 8.0918902588e+02 8.0947198486e+02 8.0968499756e+02 8.0992401123e+02 8.1021002197e+02
8.0131402588e+02 8.0129400635e+02 8.0120202637e+02 8.0131201172e+02 8.0152197266e+02 8.0167199707e+02 8.0185198975e+02 8.0210797119e+02 8.0234698486e+02 8.0255297852e+02 8.0273602295e+02 8.0288702393e+02 8.0305999756e+02 8.0322698975e+02 8.0336297607e+02 8.0356597900e+02 8.0387701416e+02 8.0416497803e+02 8.0436700439e+02 8.0454797363e+02 8.0475097656e+02 8.0491302490e+02 8.0508001709e+02 8.0527697754e+02 8.0547900391e+02 8.0571600342e+02 8.0596398926e+02 8.0620202637e+02 8.0634802246e+02 8.0650799561e+02 8.0671099854e+02 8.0688500977e+02 8.0701898193e+02 8.0718200684e+02 8.0746801758e+02 8.0777502441e+02 8.0794702148e+02 8.0807202148e+02 8.0816302490e+02 8.0832800293e+02 8.0862298584e+02 8.0891302490e+02 8.0921801758e+02 8.0947698975e+02 8.0975500488e+02 8.1003601074e+02
8.0099499512e+02 8.0125201416e+02 8.0124200439e+02 8.0139801025e+02 8.0167297363e+02 8.0169097900e+02 8.0184899902e+02 8.0210797119e+02 8.0234899902e+02 8.0251898193e+02 8.0269299316e+02 8.0287097168e+02 8.0305499268e+02 8.0318298340e+02 8.0328100586e+02 8.0347998047e+02 8.0380297852e+02 8.0408398438e+02 8.0432299805e+02 8.0455902100e+02 8.0479901123e+02 8.0493902588e+02 8.0507501221e+02 8.0525799561e+02 8.0545098877e+02 8.0568902588e+02 8.0591101074e+02 8.0611297607e+02 8.0625500488e+02 8.0644396973e+02 8.0664801025e+02 8.0681799316e+02 8.0695397949e+02 8.0714001465e+02 8.0745697021e+02 8.0777502441e+02 8.0796197510e+02 8.0823797607e+02 8.0833898926e+02 8.0837500000e+02 8.0851599121e+02 8.0870800781e+02 8.0897802734e+02 8.0925598145e+02 8.0955999756e+02 8.0984197998e+02
8.0087298584e+02 8.0141699219e+02 8.0143499756e+02 8.0148297119e+02 8.0163201904e+02 8.0168200684e+02 8.0183801270e+02 8.0207000732e+02 8.0229602051e+02 8.0248999023e+02 8.0265997314e+02 8.0283502197e+02 8.0304101563e+02 8.0319897461e+02 8.0331597900e+02 8.0351599121e+02 8.0378302002e+02 8.0398400879e+02 8.0421997070e+02 8.0448901367e+02 8.0475402832e+02 8.0492602539e+02 8.0506402588e+02 8.0523498535e+02 8.0539501953e+02 8.0560797119e+02 8.0582202148e+02 8.0601501465e+02 8.0616998291e+02 8.0638397217e+02 8.0657598877e+02 8.0673901367e+02 8.0686199951e+02 8.0707501221e+02 8.0739001465e+02 8.0769396973e+02 8.0788897705e+02 8.0821099854e+02 8.0841400146e+02 8.0847998047e+02 8.0855700684e+02 8.0867401123e+02 8.0886700439e+02 8.0910797119e+02 8.0936798096e+02 8.0965301514e+02
8.0076202393e+02 8.0118200684e+02 8.0125897217e+02 8.0143701172e+02 8.0157702637e+02 8.0167999268e+02 8.0183398438e+02 8.0201702881e+02 8.0221997070e+02 8.0243701172e+02 8.0263299561e+02 8.0280798340e+02 8.0301300049e+02 8.0319897461e+02 8.0336199951e+02 8.0357702637e+02 8.0378601074e+02 8.0392700195e+02 8.0414398193e+02 8.0441101074e+02 8.0465600586e+02 8.0484399414e+02 8.0500897217e+02 8.0518103027e+02 8.0533398438e+02 8.0552502441e+02 8.0573797607e+02 8.0591998291e+02 8.0607397461e+02 8.0627801514e+02 8.0645697021e+02 8.0663702393e+02 8.0681097412e+02 8.0700799561e+02 8.0727899170e+02 8.0755401611e+02 8.0774597168e+02 8.0802197266e+02 8.0828198242e+02 8.0843597412e+02 8.0857598877e+02 8.0870098877e+02 8.0885302734e+02 8.0904498291e+02 8.0926098633e+02 8.0952001953e+02
8.0066998291e+02 8.0088000488e+02 8.0111401367e+02 8.0156402588e+02 8.0161102295e+02 8.0171502686e+02 8.0182598877e+02 8.0195697021e+02 8.0214398193e+02 8.0237597656e+02 8.0257800293e+02 8.0276000977e+02 8.0296502686e+02 8.0317602539e+02 8.0338201904e+02 8.0360699463e+02 8.0378002930e+02 8.0390100098e+02 8.0410699463e+02 8.0436700439e+02 8.0458898926e+02 8.0478698730e+02 8.0496801758e+02 8.0511798096e+02 8.0526000977e+02 8.0544299316e+02 8.0563397217e+02 8.0579400635e+02 8.0595300293e+02 8.0615698242e+02 8.0634197998e+02 8.0653802490e+02 8.0675701904e+02 8.0695599365e+02 8.0720300293e+02 8.0746398926e+02 8.0766601563e+02 8.0788397217e+02 8.0813397217e+02 8.0831799316e+02 8.0849700928e+02 8.0863201904e+02 8.0879302979e+02 8.0899401855e+02 8.0920697021e+02 8.0943798828e+02
8.0064501953e+02 8.0079498291e+02 8.0113098145e+02 8.0174798584e+02 8.0166802979e+02 8.0168200684e+02 8.0177697754e+02 8.0190399170e+02 8.0208599854e+02 8.0231201172e+02 8.0252301025e+02 8.0271099854e+02 8.0292401123e+02 8.0314398193e+02 8.0336199951e+02 8.0358502197e+02 8.0375897217e+02 8.0389001465e+02 8.0409600830e+02 8.0435101318e+02 8.0457299805e+02 8.0478497314e+02 8.0497998047e+02 8.0510400391e+02 8.0520001221e+02 8.0537500000e+02 8.0555297852e+02 8.0571502686e+02 8.0587799072e+02 8.0607000732e+02 8.0625500488e+02 8.0643902588e+02 8.0666400146e+02 8.0690502930e+02 8.0714898682e+02 8.0737701416e+02 8.0757397461e+02 8.0775897217e+02 8.0798797607e+02 8.0817700195e+02 8.0836297607e+02 8.0851000977e+02 8.0870898438e+02 8.0894702148e+02 8.0917297363e+02 8.0939801025e+02
8.0062097168e+02 8.0077197266e+02 8.0107702637e+02 8.0156298828e+02 8.0159600830e+02 8.0156597900e+02 8.0169299316e+02 8.0186297607e+02 8.0205102539e+02 8.0224298096e+02 8.0245599365e+02 8.0265502930e+02 8.0289398193e+02 8.0314599609e+02 8.0332202148e+02 8.0351000977e+02 8.0372497559e+02 8.0389001465e+02 8.0409100342e+02 8.0433197021e+02 8.0457000732e+02 8.0477197266e+02 8.0499102783e+02 8.0512701416e+02 8.0518499756e+02 8.0532598877e+02 8.0548400879e+02 8.0565502930e+02 8.0581500244e+02 8.0600701904e+02 8.0619598389e+02 8.0634301758e+02 8.0652801514e+02 8.0685797119e+02 8.0710998535e+02 8.0726098633e+02 8.0740100098e+02 8.0762500000e+02 8.0783599854e+02 8.0802001953e+02 8.0818902588e+02 8.0840802002e+02 8.0865100098e+02 8.0890002441e+02 8.0913299561e+02 8.0937799072e+02
8.0061199951e+02 8.0080200195e+02 8.0096099854e+02 8.0119396973e+02 8.0129498291e+02 8.0145898438e+02 8.0164697266e+02 8.0182202148e+02 8.0199499512e+02 8.0220300293e+02 8.0242401123e+02 8.0261401367e+02 8.0285900879e+02 8.0313702393e+02 8.0329302979e+02 8.0344598389e+02 8.0366497803e+02 8.0385400391e+02 8.0405700684e+02 8.0428997803e+02 8.0447302246e+02 8.0462902832e+02 8.0484899902e+02 8.0504699707e+02 8.0516198730e+02 8.0525701904e+02 8.0538397217e+02 8.0557098389e+02 8.0575299072e+02 8.0594500732e+02 8.0613702393e+02 8.0626702881e+02 8.0642797852e+02 8.0671197510e+02 8.0696600342e+02 8.0713098145e+02 8.0728601074e+02 8.0748199463e+02 8.0768103027e+02 8.0787500000e+02 8.0806500244e+02 8.0834100342e+02 8.0860498047e+02 8.0881896973e+02 8.0902502441e+02 8.0933001709e+02
8.0076397705e+02 8.0093103027e+02 8.0094598389e+02 8.0107000732e+02 8.0121099854e+02 8.0145397949e+02 8.0165997314e+02 8.0182800293e+02 8.0197399902e+02 8.0220501709e+02 8.0243798828e+02 8.0260198975e+02 8.0281500244e+02 8.0306298828e+02 8.0323199463e+02 8.0338598633e+02 8.0357598877e+02 8.0376202393e+02 8.0398498535e+02 8.0422998047e+02 8.0439697266e+02 8.0450201416e+02 8.0468103027e+02 8.0489398193e+02 8.0505603027e+02 8.0514599609e+02 8.0529797363e+02 8.0550402832e+02 8.0569299316e+02 8.0589398193e+02 8.0607897949e+02 8.0620898438e+02 8.0636199951e+02 8.0656500244e+02 8.0677697754e+02 8.0697399902e+02 8.0717602539e+02 8.0733599854e+02 8.0751898193e+02 8.0775299072e+02 8.0799200439e+02 8.0830297852e+02 8.0857397461e+02 8.0873797607e+02 8.0888500977e+02 8.0918298340e+02
8.0079199219e+02 8.0091198730e+02 8.0090100098e+02 8.0106298828e+02 8.0124700928e+02 8.0147302246e+02 8.0164099121e+02 8.0179101563e+02 8.0192498779e+02 8.0215802002e+02 8.0239898682e+02 8.0252801514e+02 8.0273199463e+02 8.0297698975e+02 8.0319097900e+02 8.0338598633e+02 8.0354302979e+02 8.0368298340e+02 8.0391699219e+02 8.0418499756e+02 8.0436401367e+02 8.0446301270e+02 8.0462597656e+02 8.0481701660e+02 8.0495397949e+02 8.0506402588e+02 8.0525097656e+02 8.0546099854e+02 8.0563702393e+02 8.0584899902e+02 8.0602398682e+02 8.0616998291e+02 8.0633099365e+02 8.0649298096e+02 8.0666198730e+02 8.0686901855e+02 8.0710601807e+02 8.0727398682e+02 8.0744000244e+02 8.0766198730e+02 8.0790197754e+02 8.0821801758e+02 8.0850402832e+02 8.0865100098e+02 8.0874902344e+02 8.0899700928e+02
