TESTSERVER/21/1.asc
NCOLS 100
NROWS 100
XLLCORNER 8.5497500000e+03
YLLCORNER 2.8990025000e+05
CELLSIZE 5.0000000000e-01
NODATA_VALUE -9.9990000000e+03
[rows 20 to 39 of 100, columns 46 to 91 of 100]
8.0733697510e+02 8.0739599609e+02 8.0751202393e+02 8.0759997559e+02 8.0770300293e+02 8.0788500977e+02 8.0811297607e+02 8.0826599121e+02 8.0838299561e+02 8.0852600098e+02 8.0871099854e+02 8.0887701416e+02 8.0908502197e+02 8.0929498291e+02 8.0950402832e+02 8.0969702148e+02 8.0990100098e+02 8.1011700439e+02 8.1037701416e+02 8.1063897705e+02 8.1083300781e+02 8.1094799805e+02 8.1099798584e+02 8.1107397461e+02 8.1117297363e+02 8.1132098389e+02 8.1150500488e+02 8.1174102783e+02 8.1221398926e+02 8.1259301758e+02 8.1262200928e+02 8.1247497559e+02 8.1244097900e+02 8.1250897217e+02 8.1267700195e+02 8.1282702637e+02 8.1298199463e+02 8.1317199707e+02 8.1330999756e+02 8.1344396973e+02 8.1358001709e+02 8.1369799805e+02 8.1377600098e+02 8.1387097168e+02 8.1400402832e+02 8.1414398193e+02
8.0737701416e+02 8.0748498535e+02 8.0759899902e+02 8.0771697998e+02 8.0781097412e+02 8.0791802979e+02 8.0808398438e+02 8.0822399902e+02 8.0833599854e+02 8.0847302246e+02 8.0866302490e+02 8.0886401367e+02 8.0907397461e+02 8.0924200439e+02 8.0939898682e+02 8.0958801270e+02 8.0981298828e+02 8.1003601074e+02 8.1026599121e+02 8.1049499512e+02 8.1067999268e+02 8.1082098389e+02 8.1092999268e+02 8.1101098633e+02 8.1112200928e+02 8.1127600098e+02 8.1144897461e+02 8.1167901611e+02 8.1208300781e+02 8.1241302490e+02 8.1246600342e+02 8.1236901855e+02 8.1233197021e+02 8.1240802002e+02 8.1260797119e+02 8.1278698730e+02 8.1301000977e+02 8.1327099609e+02 8.1324401855e+02 8.1335797119e+02 8.1346997070e+02 8.1359002686e+02 8.1369396973e+02 8.1383898926e+02 8.1401098633e+02 8.1411102295e+02
8.0725500488e+02 8.0737500000e+02 8.0751800537e+02 8.0776202393e+02 8.0795599365e+02 8.0804699707e+02 8.0812402344e+02 8.0824700928e+02 8.0838800049e+02 8.0850701904e+02 8.0866198730e+02 8.0887500000e+02 8.0907897949e+02 8.0922900391e+02 8.0937799072e+02 8.0955603027e+02 8.0975299072e+02 8.0994396973e+02 8.1015002441e+02 8.1034600830e+02 8.1052301025e+02 8.1070001221e+02 8.1085998535e+02 8.1096899414e+02 8.1110601807e+02 8.1126501465e+02 8.1140802002e+02 8.1159002686e+02 8.1185699463e+02 8.1207000732e+02 8.1221899414e+02 8.1225201416e+02 8.1226599121e+02 8.1234802246e+02 8.1254498291e+02 8.1277899170e+02 8.1303399658e+02 8.1330902100e+02 8.1329901123e+02 8.1347698975e+02 8.1347497559e+02 8.1351397705e+02 8.1361499023e+02 8.1378601074e+02 8.1400201416e+02 8.1409997559e+02
8.0715301514e+02 8.0723602295e+02 8.0738500977e+02 8.0763299561e+02 8.0788000488e+02 8.0805200195e+02 8.0821099854e+02 8.0842700195e+02 8.0865301514e+02 8.0881201172e+02 8.0889398193e+02 8.0909002686e+02 8.0925402832e+02 8.0932098389e+02 8.0940399170e+02 8.0955700684e+02 8.0972802734e+02 8.0990997314e+02 8.1009100342e+02 8.1027001953e+02 8.1044396973e+02 8.1062200928e+02 8.1078100586e+02 8.1091601563e+02 8.1107397461e+02 8.1123498535e+02 8.1137902832e+02 8.1155902100e+02 8.1175000000e+02 8.1189300537e+02 8.1205102539e+02 8.1215600586e+02 8.1222601318e+02 8.1233898926e+02 8.1251898193e+02 8.1271197510e+02 8.1285601807e+02 8.1312799072e+02 8.1336199951e+02 8.1357202148e+02 8.1346197510e+02 8.1344598389e+02 8.1355902100e+02 8.1369702148e+02 8.1387200928e+02 8.1399700928e+02
8.0712097168e+02 8.0721899414e+02 8.0746099854e+02 8.0758001709e+02 8.0774700928e+02 8.0793597412e+02 8.0817700195e+02 8.0843902588e+02 8.0870898438e+02 8.0894201660e+02 8.0909497070e+02 8.0935900879e+02 8.0956500244e+02 8.0958898926e+02 8.0955401611e+02 8.0964001465e+02 8.0974902344e+02 8.0991101074e+02 8.1007397461e+02 8.1026000977e+02 8.1043701172e+02 8.1057897949e+02 8.1070501709e+02 8.1086602783e+02 8.1102697754e+02 8.1117901611e+02 8.1133197021e+02 8.1148498535e+02 8.1164501953e+02 8.1178601074e+02 8.1193298340e+02 8.1205499268e+02 8.1215002441e+02 8.1230200195e+02 8.1245001221e+02 8.1259997559e+02 8.1271002197e+02 8.1296697998e+02 8.1317700195e+02 8.1325799561e+02 8.1328399658e+02 8.1334997559e+02 8.1347399902e+02 8.1363397217e+02 8.1373498535e+02 8.1386401367e+02
8.0708697510e+02 8.0720501709e+02 8.0741302490e+02 8.0753100586e+02 8.0769097900e+02 8.0785198975e+02 8.0809600830e+02 8.0836199951e+02 8.0861297607e+02 8.0883801270e+02 8.0901098633e+02 8.0924102783e+02 8.0946899414e+02 8.0960302734e+02 8.0968402100e+02 8.0982000732e+02 8.0991400146e+02 8.1004602051e+02 8.1018701172e+02 8.1034197998e+02 8.1047698975e+02 8.1056896973e+02 8.1066900635e+02 8.1080700684e+02 8.1097100830e+02 8.1111297607e+02 8.1125402832e+02 8.1140698242e+02 8.1154498291e+02 8.1166601563e+02 8.1180999756e+02 8.1193597412e+02 8.1204101563e+02 8.1221600342e+02 8.1234997559e+02 8.1250201416e+02 8.1259497070e+02 8.1278900146e+02 8.1297698975e+02 8.1304400635e+02 8.1313800049e+02 8.1324902344e+02 8.1338299561e+02 8.1352600098e+02 8.1364801025e+02 8.1379101563e+02
8.0707501221e+02 8.0721801758e+02 8.0736199951e+02 8.0746801758e+02 8.0761602783e+02 8.0776397705e+02 8.0801397705e+02 8.0830102539e+02 8.0856298828e+02 8.0878802490e+02 8.0894299316e+02 8.0911798096e+02 8.0931201172e+02 8.0950000000e+02 8.0964898682e+02 8.0978997803e+02 8.0994097900e+02 8.1012298584e+02 8.1027099609e+02 8.1040899658e+02 8.1055102539e+02 8.1065899658e+02 8.1073498535e+02 8.1085998535e+02 8.1101000977e+02 8.1111401367e+02 8.1121502686e+02 8.1133697510e+02 8.1146801758e+02 8.1160302734e+02 8.1173999023e+02 8.1186798096e+02 8.1197802734e+02 8.1213800049e+02 8.1225402832e+02 8.1239099121e+02 8.1250701904e+02 8.1264599609e+02 8.1278802490e+02 8.1289202881e+02 8.1300799561e+02 8.1314001465e+02 8.1325701904e+02 8.1337902832e+02 8.1350097656e+02 8.1362298584e+02
8.0704797363e+02 8.0715600586e+02 8.0730401611e+02 8.0740600586e+02 8.0755297852e+02 8.0773400879e+02 8.0796002197e+02 8.0823101807e+02 8.0851898193e+02 8.0878900146e+02 8.0893200684e+02 8.0899102783e+02 8.0915802002e+02 8.0938897705e+02 8.0956298828e+02 8.0969396973e+02 8.0984100342e+02 8.1002600098e+02 8.1020001221e+02 8.1034997559e+02 8.1051098633e+02 8.1065802002e+02 8.1078100586e+02 8.1096997070e+02 8.1115100098e+02 8.1125500488e+02 8.1132299805e+02 8.1136700439e+02 8.1145501709e+02 8.1158599854e+02 8.1170599365e+02 8.1181896973e+02 8.1191699219e+02 8.1205798340e+02 8.1218597412e+02 8.1231597900e+02 8.1244799805e+02 8.1256597900e+02 8.1267797852e+02 8.1278997803e+02 8.1288897705e+02 8.1300701904e+02 8.1310498047e+02 8.1320501709e+02 8.1333001709e+02 8.1344000244e+02
8.0703997803e+02 8.0710699463e+02 8.0721997070e+02 8.0728002930e+02 8.0742401123e+02 8.0766900635e+02 8.0790899658e+02 8.0810900879e+02 8.0841302490e+02 8.0877001953e+02 8.0903997803e+02 8.0887402344e+02 8.0899700928e+02 8.0926202393e+02 8.0946398926e+02 8.0959802246e+02 8.0974298096e+02 8.0992901611e+02 8.1012597656e+02 8.1027099609e+02 8.1040899658e+02 8.1055499268e+02 8.1071801758e+02 8.1097198486e+02 8.1122601318e+02 8.1140600586e+02 8.1151702881e+02 8.1158398438e+02 8.1163598633e+02 8.1172100830e+02 8.1177398682e+02 8.1185302734e+02 8.1192102051e+02 8.1202600098e+02 8.1213598633e+02 8.1226702881e+02 8.1239801025e+02 8.1251898193e+02 8.1264898682e+02 8.1275201416e+02 8.1283300781e+02 8.1294299316e+02 8.1303900146e+02 8.1315600586e+02 8.1326599121e+02 8.1337402344e+02
8.0702600098e+02 8.0707702637e+02 8.0716400146e+02 8.0723699951e+02 8.0735198975e+02 8.0756500244e+02 8.0784698486e+02 8.0799902344e+02 8.0821301270e+02 8.0850799561e+02 8.0874798584e+02 8.0873498535e+02 8.0887902832e+02 8.0912597656e+02 8.0931701660e+02 8.0947302246e+02 8.0966802979e+02 8.0988702393e+02 8.1005999756e+02 8.1020098877e+02 8.1032202148e+02 8.1044702148e+02 8.1059698486e+02 8.1084997559e+02 8.1113098145e+02 8.1136901855e+02 8.1151702881e+02 8.1164501953e+02 8.1176702881e+02 8.1186901855e+02 8.1188897705e+02 8.1194000244e+02 8.1199700928e+02 8.1210797119e+02 8.1222601318e+02 8.1234899902e+02 8.1246398926e+02 8.1257000732e+02 8.1266497803e+02 8.1276501465e+02 8.1284399414e+02 8.1295898438e+02 8.1307397461e+02 8.1316302490e+02 8.1326202393e+02 8.1338500977e+02
8.0699499512e+02 8.0708801270e+02 8.0717999268e+02 8.0721801758e+02 8.0730499268e+02 8.0748999023e+02 8.0775701904e+02 8.0788098145e+02 8.0801397705e+02 8.0819897461e+02 8.0836199951e+02 8.0850701904e+02 8.0872302246e+02 8.0902398682e+02 8.0922601318e+02 8.0938500977e+02 8.0959899902e+02 8.0981402588e+02 8.0997302246e+02 8.1011999512e+02 8.1022900391e+02 8.1033001709e+02 8.1045397949e+02 8.1065899658e+02 8.1092498779e+02 8.1119201660e+02 8.1140802002e+02 8.1158599854e+02 8.1173498535e+02 8.1185601807e+02 8.1191802979e+02 8.1197802734e+02 8.1203601074e+02 8.1212799072e+02 8.1225201416e+02 8.1239801025e+02 8.1253100586e+02 8.1264697266e+02 8.1271899414e+02 8.1284197998e+02 8.1292700195e+02 8.1305401611e+02 8.1315802002e+02 8.1329498291e+02 8.1343902588e+02 8.1350897217e+02
8.0697198486e+02 8.0709399414e+02 8.0721099854e+02 8.0722698975e+02 8.0729797363e+02 8.0744897461e+02 8.0765100098e+02 8.0775097656e+02 8.0786798096e+02 8.0804998779e+02 8.0821801758e+02 8.0837701416e+02 8.0862902832e+02 8.0898797607e+02 8.0915197754e+02 8.0931500244e+02 8.0951098633e+02 8.0969799805e+02 8.0986297607e+02 8.1001397705e+02 8.1011602783e+02 8.1021002197e+02 8.1031500244e+02 8.1045898438e+02 8.1067602539e+02 8.1092498779e+02 8.1116400146e+02 8.1136999512e+02 8.1156402588e+02 8.1174902344e+02 8.1188098145e+02 8.1194500732e+02 8.1202502441e+02 8.1209899902e+02 8.1220202637e+02 8.1234301758e+02 8.1249597168e+02 8.1265502930e+02 8.1281799316e+02 8.1307800293e+02 8.1309802246e+02 8.1314001465e+02 8.1320098877e+02 8.1335797119e+02 8.1352697754e+02 8.1354901123e+02
8.0684100342e+02 8.0698101807e+02 8.0715002441e+02 8.0722998047e+02 8.0729699707e+02 8.0741400146e+02 8.0755798340e+02 8.0762799072e+02 8.0778198242e+02 8.0805297852e+02 8.0821801758e+02 8.0833099365e+02 8.0862402344e+02 8.0897399902e+02 8.0906896973e+02 8.0924298096e+02 8.0941497803e+02 8.0959301758e+02 8.0976800537e+02 8.0987500000e+02 8.0998101807e+02 8.1009301758e+02 8.1022698975e+02 8.1032702637e+02 8.1048297119e+02 8.1066802979e+02 8.1081500244e+02 8.1097998047e+02 8.1117401123e+02 8.1141802979e+02 8.1165698242e+02 8.1178698730e+02 8.1194396973e+02 8.1209997559e+02 8.1219000244e+02 8.1224700928e+02 8.1235302734e+02 8.1253100586e+02 8.1275701904e+02 8.1317999268e+02 8.1320501709e+02 8.1311499023e+02 8.1314099121e+02 8.1335601807e+02 8.1347497559e+02 8.1357702637e+02
8.0669897461e+02 8.0685198975e+02 8.0707501221e+02 8.0720599365e+02 8.0727099609e+02 8.0737402344e+02 8.0751501465e+02 8.0759997559e+02 8.0773101807e+02 8.0794201660e+02 8.0806597900e+02 8.0821899414e+02 8.0844299316e+02 8.0873699951e+02 8.0907299805e+02 8.0918902588e+02 8.0929602051e+02 8.0944799805e+02 8.0960400391e+02 8.0971502686e+02 8.0983898926e+02 8.0996899414e+02 8.1010198975e+02 8.1021002197e+02 8.1032501221e+02 8.1045800781e+02 8.1062298584e+02 8.1082501221e+02 8.1096899414e+02 8.1117199707e+02 8.1142297363e+02 8.1155700684e+02 8.1173699951e+02 8.1197900391e+02 8.1209600830e+02 8.1217102051e+02 8.1228100586e+02 8.1243499756e+02 8.1264202881e+02 8.1282397461e+02 8.1296398926e+02 8.1302099609e+02 8.1311700439e+02 8.1339001465e+02 8.1346099854e+02 8.1353198242e+02
8.0657598877e+02 8.0672497559e+02 8.0695202637e+02 8.0713897705e+02 8.0725897217e+02 8.0738800049e+02 8.0752502441e+02 8.0762902832e+02 8.0772998047e+02 8.0786499023e+02 8.0796997070e+02 8.0820001221e+02 8.0836297607e+02 8.0860400391e+02 8.0902197266e+02 8.0910498047e+02 8.0916497803e+02 8.0927301025e+02 8.0940600586e+02 8.0952899170e+02 8.0966497803e+02 8.0980603027e+02 8.0993298340e+02 8.1003399658e+02 8.1014398193e+02 8.1027502441e+02 8.1043902588e+02 8.1064898682e+02 8.1082897949e+02 8.1106402588e+02 8.1132098389e+02 8.1145800781e+02 8.1160998535e+02 8.1179199219e+02 8.1192999268e+02 8.1202301025e+02 8.1216198730e+02 8.1231298828e+02 8.1256500244e+02 8.1267401123e+02 8.1278900146e+02 8.1292401123e+02 8.1305798340e+02 8.1328399658e+02 8.1339300537e+02 8.1348400879e+02
8.0646697998e+02 8.0660699463e+02 8.0681298828e+02 8.0704602051e+02 8.0723999023e+02 8.0741101074e+02 8.0753698730e+02 8.0759600830e+02 8.0764898682e+02 8.0775500488e+02 8.0788500977e+02 8.0815197754e+02 8.0832000732e+02 8.0850201416e+02 8.0875799561e+02 8.0885699463e+02 8.0894799805e+02 8.0906500244e+02 8.0920898438e+02 8.0934399414e+02 8.0949700928e+02 8.0964697266e+02 8.0976098633e+02 8.0985498047e+02 8.0998498535e+02 8.1014697266e+02 8.1031701660e+02 8.1051202393e+02 8.1071899414e+02 8.1097802734e+02 8.1119897461e+02 8.1138702393e+02 8.1155102539e+02 8.1165899658e+02 8.1180102539e+02 8.1189697266e+02 8.1201000977e+02 8.1213000488e+02 8.1235900879e+02 8.1252001953e+02 8.1266302490e+02 8.1283697510e+02 8.1300897217e+02 8.1317700195e+02 8.1331500244e+02 8.1344299316e+02
8.0635797119e+02 8.0651202393e+02 8.0669500732e+02 8.0695898438e+02 8.0720098877e+02 8.0739501953e+02 8.0751898193e+02 8.0750097656e+02 8.0750201416e+02 8.0758898926e+02 8.0777301025e+02 8.0798602295e+02 8.0817999268e+02 8.0837097168e+02 8.0853900146e+02 8.0864398193e+02 8.0874597168e+02 8.0887701416e+02 8.0905603027e+02 8.0921197510e+02 8.0937902832e+02 8.0954998779e+02 8.0966497803e+02 8.0972900391e+02 8.0987799072e+02 8.1007000732e+02 8.1028302002e+02 8.1044702148e+02 8.1063702393e+02 8.1087701416e+02 8.1108801270e+02 8.1130499268e+02 8.1146301270e+02 8.1153601074e+02 8.1167401123e+02 8.1181402588e+02 8.1191802979e+02 8.1205401611e+02 8.1222198486e+02 8.1236602783e+02 8.1251800537e+02 8.1271997070e+02 8.1291497803e+02 8.1310900879e+02 8.1325402832e+02 8.1336999512e+02
8.0628302002e+02 8.0646398926e+02 8.0666802979e+02 8.0690502930e+02 8.0712097168e+02 8.0730700684e+02 8.0744201660e+02 8.0741601563e+02 8.0741400146e+02 8.0751098633e+02 8.0766699219e+02 8.0784899902e+02 8.0805798340e+02 8.0823797607e+02 8.0835699463e+02 8.0848297119e+02 8.0857702637e+02 8.0873797607e+02 8.0898498535e+02 8.0915502930e+02 8.0930700684e+02 8.0946899414e+02 8.0957702637e+02 8.0964099121e+02 8.0982000732e+02 8.1002801514e+02 8.1021600342e+02 8.1041198730e+02 8.1062298584e+02 8.1084497070e+02 8.1101800537e+02 8.1120300293e+02 8.1133502197e+02 8.1143499756e+02 8.1155999756e+02 8.1168902588e+02 8.1182702637e+02 8.1198101807e+02 8.1210998535e+02 8.1224700928e+02 8.1238897705e+02 8.1264202881e+02 8.1282000732e+02 8.1300701904e+02 8.1312500000e+02 8.1316802979e+02
8.0621600342e+02 8.0640600586e+02 8.0663000488e+02 8.0684002686e+02 8.0701501465e+02 8.0717999268e+02 8.0732897949e+02 8.0732098389e+02 8.0733599854e+02 8.0744201660e+02 8.0756799316e+02 8.0768103027e+02 8.0781402588e+02 8.0803601074e+02 8.0817700195e+02 8.0833502197e+02 8.0846197510e+02 8.0867401123e+02 8.0896502686e+02 8.0913702393e+02 8.0928497314e+02 8.0941802979e+02 8.0948999023e+02 8.0958502197e+02 8.0983099365e+02 8.1004302979e+02 8.1015802002e+02 8.1036401367e+02 8.1057299805e+02 8.1077197266e+02 8.1091699219e+02 8.1104797363e+02 8.1117498779e+02 8.1131597900e+02 8.1144500732e+02 8.1154699707e+02 8.1169500732e+02 8.1186700439e+02 8.1203100586e+02 8.1213098145e+02 8.1223400879e+02 8.1248199463e+02 8.1265899658e+02 8.1280102539e+02 8.1290502930e+02 8.1293200684e+02
8.0614697266e+02 8.0633001709e+02 8.0655902100e+02 8.0676397705e+02 8.0691101074e+02 8.0704699707e+02 8.0717199707e+02 8.0719201660e+02 8.0724798584e+02 8.0734497070e+02 8.0750598145e+02 8.0777001953e+02 8.0763201904e+02 8.0773297119e+02 8.0799597168e+02 8.0819702148e+02 8.0838702393e+02 8.0863000488e+02 8.0889801025e+02 8.0907397461e+02 8.0923699951e+02 8.0937701416e+02 8.0943597412e+02 8.0954199219e+02 8.0983300781e+02 8.1004400635e+02 8.1009899902e+02 8.1029101563e+02 8.1047302246e+02 8.1064001465e+02 8.1077801514e+02 8.1089398193e+02 8.1102899170e+02 8.1119500732e+02 8.1132397461e+02 8.1142602539e+02 8.1158197021e+02 8.1175701904e+02 8.1196997070e+02 8.1208099365e+02 8.1216699219e+02 8.1233502197e+02 8.1247302246e+02 8.1260498047e+02 8.1270501709e+02 8.1274102783e+02
