TESTSERVER/21/1.asc
NCOLS 100
NROWS 100
XLLCORNER 8.5497500000e+03
YLLCORNER 2.8990025000e+05
CELLSIZE 5.0000000000e-01
NODATA_VALUE -9.9990000000e+03
[rows 80 to 99 of 100, columns 0 to 45 of 100]
7.9200299072e+02 7.9213897705e+02 7.9230200195e+02 7.9250201416e+02 7.9277301025e+02 7.9306597900e+02 7.9329998779e+02 7.9349499512e+02 7.9367297363e+02 7.9385998535e+02 7.9408099365e+02 7.9434899902e+02 7.9461602783e+02 7.9484497070e+02 7.9505798340e+02 7.9526599121e+02 7.9549298096e+02 7.9567297363e+02 7.9585498047e+02 7.9609698486e+02 7.9635498047e+02 7.9646801758e+02 7.9662200928e+02 7.9683001709e+02 7.9705297852e+02 7.9716302490e+02 7.9722698975e+02 7.9734802246e+02 7.9762402344e+02 7.9800799561e+02 7.9827697754e+02 7.9846002197e+02 7.9861602783e+02 7.9876599121e+02 7.9894396973e+02 7.9910900879e+02 7.9927801514e+02 7.9949499512e+02 7.9972399902e+02 7.9992700195e+02 8.0006701660e+02 8.0020800781e+02 8.0033001709e+02 8.0047302246e+02 8.0066699219e+02 8.0089300537e+02
7.9179901123e+02 7.9193298340e+02 7.9208398438e+02 7.9227801514e+02 7.9253302002e+02 7.9281500244e+02 7.9306597900e+02 7.9327398682e+02 7.9343798828e+02 7.9359399414e+02 7.9380200195e+02 7.9406298828e+02 7.9434197998e+02 7.9462200928e+02 7.9486798096e+02 7.9507202148e+02 7.9528497314e+02 7.9548699951e+02 7.9566302490e+02 7.9589398193e+02 7.9613800049e+02 7.9627197266e+02 7.9645898438e+02 7.9669500732e+02 7.9690502930e+02 7.9700799561e+02 7.9706097412e+02 7.9716699219e+02 7.9739898682e+02 7.9768597412e+02 7.9792797852e+02 7.9813000488e+02 7.9833898926e+02 7.9854498291e+02 7.9872900391e+02 7.9889599609e+02 7.9906597900e+02 7.9927801514e+02 7.9951098633e+02 7.9973699951e+02 7.9994201660e+02 8.0009899902e+02 8.0023297119e+02 8.0039501953e+02 8.0059197998e+02 8.0078002930e+02
7.9159997559e+02 7.9172698975e+02 7.9187402344e+02 7.9207000732e+02 7.9231701660e+02 7.9258099365e+02 7.9283300781e+02 7.9304199219e+02 7.9320898438e+02 7.9336602783e+02 7.9356402588e+02 7.9381201172e+02 7.9408300781e+02 7.9438397217e+02 7.9465301514e+02 7.9486401367e+02 7.9505798340e+02 7.9527801514e+02 7.9548498535e+02 7.9572198486e+02 7.9595001221e+02 7.9614099121e+02 7.9636102295e+02 7.9658398438e+02 7.9674700928e+02 7.9684802246e+02 7.9689501953e+02 7.9697601318e+02 7.9715698242e+02 7.9737902832e+02 7.9762298584e+02 7.9784399414e+02 7.9808300781e+02 7.9831201172e+02 7.9849700928e+02 7.9865997314e+02 7.9883697510e+02 7.9907202148e+02 7.9934002686e+02 7.9961297607e+02 7.9986401367e+02 8.0002697754e+02 8.0016802979e+02 8.0034399414e+02 8.0056201172e+02 8.0072802734e+02
7.9141497803e+02 7.9152899170e+02 7.9168499756e+02 7.9189599609e+02 7.9214501953e+02 7.9238800049e+02 7.9262902832e+02 7.9283099365e+02 7.9299700928e+02 7.9317102051e+02 7.9337200928e+02 7.9360601807e+02 7.9385198975e+02 7.9413800049e+02 7.9441601563e+02 7.9464300537e+02 7.9483099365e+02 7.9505297852e+02 7.9527502441e+02 7.9550402832e+02 7.9572302246e+02 7.9597802734e+02 7.9622998047e+02 7.9644000244e+02 7.9657397461e+02 7.9667901611e+02 7.9675000000e+02 7.9682897949e+02 7.9696899414e+02 7.9715698242e+02 7.9739697266e+02 7.9763299561e+02 7.9788098145e+02 7.9810101318e+02 7.9827301025e+02 7.9842602539e+02 7.9860900879e+02 7.9887200928e+02 7.9917498779e+02 7.9948999023e+02 7.9977600098e+02 7.9994000244e+02 8.0008697510e+02 8.0026898193e+02 8.0049597168e+02 8.0065997314e+02
7.9123699951e+02 7.9132897949e+02 7.9151000977e+02 7.9176098633e+02 7.9203900146e+02 7.9225299072e+02 7.9247302246e+02 7.9265997314e+02 7.9280999756e+02 7.9298101807e+02 7.9319299316e+02 7.9341998291e+02 7.9365100098e+02 7.9389398193e+02 7.9416198730e+02 7.9441699219e+02 7.9464300537e+02 7.9484197998e+02 7.9507000732e+02 7.9528198242e+02 7.9543499756e+02 7.9574597168e+02 7.9601202393e+02 7.9623199463e+02 7.9640399170e+02 7.9651702881e+02 7.9662799072e+02 7.9673297119e+02 7.9684301758e+02 7.9701501465e+02 7.9723297119e+02 7.9746697998e+02 7.9769396973e+02 7.9792498779e+02 7.9807501221e+02 7.9821697998e+02 7.9841101074e+02 7.9867498779e+02 7.9897998047e+02 7.9930499268e+02 7.9957397461e+02 7.9979998779e+02 7.9997802734e+02 8.0015301514e+02 8.0031201172e+02 8.0050598145e+02
7.9095397949e+02 7.9105798340e+02 7.9129797363e+02 7.9161700439e+02 7.9191302490e+02 7.9215197754e+02 7.9236199951e+02 7.9252697754e+02 7.9266198730e+02 7.9282299805e+02 7.9302001953e+02 7.9322998047e+02 7.9345001221e+02 7.9368701172e+02 7.9395300293e+02 7.9422900391e+02 7.9446899414e+02 7.9462701416e+02 7.9485998535e+02 7.9514099121e+02 7.9530499268e+02 7.9554797363e+02 7.9579797363e+02 7.9602398682e+02 7.9619299316e+02 7.9633300781e+02 7.9647100830e+02 7.9660699463e+02 7.9675000000e+02 7.9689898682e+02 7.9708001709e+02 7.9727697754e+02 7.9748297119e+02 7.9771502686e+02 7.9788000488e+02 7.9804699707e+02 7.9825402832e+02 7.9848400879e+02 7.9876599121e+02 7.9908001709e+02 7.9938397217e+02 7.9965002441e+02 7.9987097168e+02 8.0003900146e+02 8.0014697266e+02 8.0026800537e+02
7.9062402344e+02 7.9077197266e+02 7.9104498291e+02 7.9139300537e+02 7.9171697998e+02 7.9199102783e+02 7.9222100830e+02 7.9238897705e+02 7.9252301025e+02 7.9268798828e+02 7.9287701416e+02 7.9306896973e+02 7.9325799561e+02 7.9347399902e+02 7.9373400879e+02 7.9401599121e+02 7.9427697754e+02 7.9443402100e+02 7.9463598633e+02 7.9492498779e+02 7.9514300537e+02 7.9535198975e+02 7.9559197998e+02 7.9583099365e+02 7.9600897217e+02 7.9616699219e+02 7.9631597900e+02 7.9646502686e+02 7.9662799072e+02 7.9678900146e+02 7.9696099854e+02 7.9714300537e+02 7.9734197998e+02 7.9753601074e+02 7.9769702148e+02 7.9787799072e+02 7.9809899902e+02 7.9831201172e+02 7.9857800293e+02 7.9888000488e+02 7.9918798828e+02 7.9946899414e+02 7.9969500732e+02 7.9986401367e+02 7.9995898438e+02 8.0005700684e+02
7.9031597900e+02 7.9047900391e+02 7.9075201416e+02 7.9110302734e+02 7.9145397949e+02 7.9177301025e+02 7.9203601074e+02 7.9222601318e+02 7.9235998535e+02 7.9251898193e+02 7.9271301270e+02 7.9290002441e+02 7.9306097412e+02 7.9325402832e+02 7.9350299072e+02 7.9378900146e+02 7.9406500244e+02 7.9426202393e+02 7.9445397949e+02 7.9472601318e+02 7.9499200439e+02 7.9516601563e+02 7.9537701416e+02 7.9561602783e+02 7.9583502197e+02 7.9602301025e+02 7.9617199707e+02 7.9631701660e+02 7.9649798584e+02 7.9670697021e+02 7.9689300537e+02 7.9706597900e+02 7.9725897217e+02 7.9740899658e+02 7.9754101563e+02 7.9771697998e+02 7.9794897461e+02 7.9816101074e+02 7.9841198730e+02 7.9869500732e+02 7.9898699951e+02 7.9924902344e+02 7.9946099854e+02 7.9962902832e+02 7.9976000977e+02 7.9990100098e+02
7.9004302979e+02 7.9021398926e+02 7.9046502686e+02 7.9079199219e+02 7.9115301514e+02 7.9153002930e+02 7.9183300781e+02 7.9204699707e+02 7.9219201660e+02 7.9236199951e+02 7.9255499268e+02 7.9273400879e+02 7.9287902832e+02 7.9303900146e+02 7.9327801514e+02 7.9357098389e+02 7.9385900879e+02 7.9406597900e+02 7.9425402832e+02 7.9451098633e+02 7.9484698486e+02 7.9499102783e+02 7.9515600586e+02 7.9536901855e+02 7.9560699463e+02 7.9585101318e+02 7.9601702881e+02 7.9616802979e+02 7.9635601807e+02 7.9659802246e+02 7.9679602051e+02 7.9697399902e+02 7.9718103027e+02 7.9731500244e+02 7.9742401123e+02 7.9758001709e+02 7.9779998779e+02 7.9801501465e+02 7.9826000977e+02 7.9852502441e+02 7.9878100586e+02 7.9898602295e+02 7.9917199707e+02 7.9934497070e+02 7.9952301025e+02 7.9971197510e+02
7.8979498291e+02 7.8998400879e+02 7.9025097656e+02 7.9057598877e+02 7.9094799805e+02 7.9131896973e+02 7.9163800049e+02 7.9188397217e+02 7.9208001709e+02 7.9226202393e+02 7.9243701172e+02 7.9259399414e+02 7.9271301270e+02 7.9282299805e+02 7.9303698730e+02 7.9334301758e+02 7.9365997314e+02 7.9383099365e+02 7.9402502441e+02 7.9429400635e+02 7.9460498047e+02 7.9477099609e+02 7.9494201660e+02 7.9513702393e+02 7.9536401367e+02 7.9560400391e+02 7.9581201172e+02 7.9600701904e+02 7.9621697998e+02 7.9645397949e+02 7.9666497803e+02 7.9683801270e+02 7.9700799561e+02 7.9716198730e+02 7.9729797363e+02 7.9746002197e+02 7.9766802979e+02 7.9787902832e+02 7.9811700439e+02 7.9835900879e+02 7.9855999756e+02 7.9872698975e+02 7.9890002441e+02 7.9907800293e+02 7.9926501465e+02 7.9944396973e+02
7.8957202148e+02 7.8983197021e+02 7.9014599609e+02 7.9045697021e+02 7.9078802490e+02 7.9115301514e+02 7.9146502686e+02 7.9171600342e+02 7.9192797852e+02 7.9211602783e+02 7.9228497314e+02 7.9242901611e+02 7.9253802490e+02 7.9263098145e+02 7.9281402588e+02 7.9309197998e+02 7.9340100098e+02 7.9357897949e+02 7.9381097412e+02 7.9411102295e+02 7.9437402344e+02 7.9455798340e+02 7.9473999023e+02 7.9492901611e+02 7.9513098145e+02 7.9535998535e+02 7.9559802246e+02 7.9583502197e+02 7.9606201172e+02 7.9630102539e+02 7.9653198242e+02 7.9670697021e+02 7.9685198975e+02 7.9701599121e+02 7.9718597412e+02 7.9735797119e+02 7.9753997803e+02 7.9774597168e+02 7.9796997070e+02 7.9818597412e+02 7.9836199951e+02 7.9851098633e+02 7.9866601563e+02 7.9883197021e+02 7.9901800537e+02 7.9918499756e+02
7.8937597656e+02 7.8969598389e+02 7.9005499268e+02 7.9034802246e+02 7.9062500000e+02 7.9098699951e+02 7.9128497314e+02 7.9152099609e+02 7.9172998047e+02 7.9193701172e+02 7.9211602783e+02 7.9225299072e+02 7.9235400391e+02 7.9246301270e+02 7.9263201904e+02 7.9286999512e+02 7.9313800049e+02 7.9331896973e+02 7.9359002686e+02 7.9392999268e+02 7.9415997314e+02 7.9433599854e+02 7.9451501465e+02 7.9469897461e+02 7.9489501953e+02 7.9511700439e+02 7.9537097168e+02 7.9562902832e+02 7.9586297607e+02 7.9609399414e+02 7.9632202148e+02 7.9651898193e+02 7.9670501709e+02 7.9687200928e+02 7.9706097412e+02 7.9724102783e+02 7.9740600586e+02 7.9760699463e+02 7.9782098389e+02 7.9801800537e+02 7.9817999268e+02 7.9830798340e+02 7.9843701172e+02 7.9858398438e+02 7.9876501465e+02 7.9891699219e+02
7.8922497559e+02 7.8951599121e+02 7.8987902832e+02 7.9019702148e+02 7.9046600342e+02 7.9080297852e+02 7.9108898926e+02 7.9130700684e+02 7.9150201416e+02 7.9175799561e+02 7.9196301270e+02 7.9209301758e+02 7.9219897461e+02 7.9231799316e+02 7.9248999023e+02 7.9269702148e+02 7.9292700195e+02 7.9309399414e+02 7.9336401367e+02 7.9371197510e+02 7.9395898438e+02 7.9410797119e+02 7.9426300049e+02 7.9443798828e+02 7.9463299561e+02 7.9486999512e+02 7.9511199951e+02 7.9536602783e+02 7.9561700439e+02 7.9583099365e+02 7.9603399658e+02 7.9626800537e+02 7.9653100586e+02 7.9669598389e+02 7.9687597656e+02 7.9706701660e+02 7.9724700928e+02 7.9744396973e+02 7.9764599609e+02 7.9783300781e+02 7.9799700928e+02 7.9810101318e+02 7.9819500732e+02 7.9830798340e+02 7.9845300293e+02 7.9861297607e+02
7.8912298584e+02 7.8938702393e+02 7.8971197510e+02 7.9003198242e+02 7.9032800293e+02 7.9070501709e+02 7.9097900391e+02 7.9115197754e+02 7.9133697510e+02 7.9162402344e+02 7.9183197021e+02 7.9194201660e+02 7.9203302002e+02 7.9217297363e+02 7.9233502197e+02 7.9251800537e+02 7.9271398926e+02 7.9290802002e+02 7.9317297363e+02 7.9346997070e+02 7.9370300293e+02 7.9385601807e+02 7.9400701904e+02 7.9419396973e+02 7.9439398193e+02 7.9461401367e+02 7.9486102295e+02 7.9511401367e+02 7.9536700439e+02 7.9562298584e+02 7.9582202148e+02 7.9608599854e+02 7.9637799072e+02 7.9652899170e+02 7.9669702148e+02 7.9689202881e+02 7.9706799316e+02 7.9724597168e+02 7.9743701172e+02 7.9761700439e+02 7.9777899170e+02 7.9789599609e+02 7.9795800781e+02 7.9803302002e+02 7.9818103027e+02 7.9834197998e+02
7.8904199219e+02 7.8928900146e+02 7.8956896973e+02 7.8985101318e+02 7.9015502930e+02 7.9053900146e+02 7.9080102539e+02 7.9095800781e+02 7.9113397217e+02 7.9141101074e+02 7.9161901855e+02 7.9173498535e+02 7.9184002686e+02 7.9199401855e+02 7.9215197754e+02 7.9232299805e+02 7.9250799561e+02 7.9270098877e+02 7.9295001221e+02 7.9321099854e+02 7.9344097900e+02 7.9361901855e+02 7.9377697754e+02 7.9395397949e+02 7.9413800049e+02 7.9435302734e+02 7.9462097168e+02 7.9488201904e+02 7.9510797119e+02 7.9539398193e+02 7.9561102295e+02 7.9585601807e+02 7.9616699219e+02 7.9633801270e+02 7.9649700928e+02 7.9668597412e+02 7.9686297607e+02 7.9703100586e+02 7.9721099854e+02 7.9738000488e+02 7.9753399658e+02 7.9765502930e+02 7.9772698975e+02 7.9781097412e+02 7.9797698975e+02 7.9814398193e+02
7.8895599365e+02 7.8918597412e+02 7.8942102051e+02 7.8966699219e+02 7.8995800781e+02 7.9030700684e+02 7.9055200195e+02 7.9071197510e+02 7.9089099121e+02 7.9114398193e+02 7.9136297607e+02 7.9150701904e+02 7.9163397217e+02 7.9179400635e+02 7.9195898438e+02 7.9213500977e+02 7.9232299805e+02 7.9250701904e+02 7.9274298096e+02 7.9298498535e+02 7.9320800781e+02 7.9340399170e+02 7.9357299805e+02 7.9373999023e+02 7.9391101074e+02 7.9413397217e+02 7.9442102051e+02 7.9469299316e+02 7.9490997314e+02 7.9520397949e+02 7.9542199707e+02 7.9562500000e+02 7.9590698242e+02 7.9610498047e+02 7.9627099609e+02 7.9645300293e+02 7.9663201904e+02 7.9679998779e+02 7.9696899414e+02 7.9713098145e+02 7.9727899170e+02 7.9740301514e+02 7.9750201416e+02 7.9761700439e+02 7.9779797363e+02 7.9796600342e+02
7.8884301758e+02 7.8905297852e+02 7.8926501465e+02 7.8949499512e+02 7.8975299072e+02 7.9007000732e+02 7.9029998779e+02 7.9046697998e+02 7.9063800049e+02 7.9087402344e+02 7.9111798096e+02 7.9130999756e+02 7.9144500732e+02 7.9161297607e+02 7.9179498291e+02 7.9198199463e+02 7.9215502930e+02 7.9234197998e+02 7.9256298828e+02 7.9278900146e+02 7.9300201416e+02 7.9319500732e+02 7.9337597656e+02 7.9355902100e+02 7.9375598145e+02 7.9397497559e+02 7.9425897217e+02 7.9452697754e+02 7.9474798584e+02 7.9504302979e+02 7.9526202393e+02 7.9544799805e+02 7.9566302490e+02 7.9583197021e+02 7.9603399658e+02 7.9622497559e+02 7.9638098145e+02 7.9656097412e+02 7.9672302246e+02 7.9687902832e+02 7.9703997803e+02 7.9718402100e+02 7.9730603027e+02 7.9744897461e+02 7.9761401367e+02 7.9777301025e+02
7.8868597412e+02 7.8889202881e+02 7.8910998535e+02 7.8934698486e+02 7.8959301758e+02 7.8986901855e+02 7.9008398438e+02 7.9026202393e+02 7.9042602539e+02 7.9065802002e+02 7.9094702148e+02 7.9119201660e+02 7.9132897949e+02 7.9147100830e+02 7.9166101074e+02 7.9185900879e+02 7.9202099609e+02 7.9219201660e+02 7.9238500977e+02 7.9259100342e+02 7.9279699707e+02 7.9299700928e+02 7.9319201660e+02 7.9340399170e+02 7.9362097168e+02 7.9385498047e+02 7.9411401367e+02 7.9435498047e+02 7.9458599854e+02 7.9491302490e+02 7.9517401123e+02 7.9534002686e+02 7.9546398926e+02 7.9560498047e+02 7.9582702637e+02 7.9603997803e+02 7.9618798828e+02 7.9634197998e+02 7.9649200439e+02 7.9665100098e+02 7.9683197021e+02 7.9700897217e+02 7.9715698242e+02 7.9731799316e+02 7.9750097656e+02 7.9765002441e+02
7.8850097656e+02 7.8871801758e+02 7.8894897461e+02 7.8918902588e+02 7.8943200684e+02 7.8965301514e+02 7.8984301758e+02 7.9003497314e+02 7.9022198486e+02 7.9046502686e+02 7.9078698730e+02 7.9107397461e+02 7.9122399902e+02 7.9133398438e+02 7.9152099609e+02 7.9173498535e+02 7.9191198730e+02 7.9208398438e+02 7.9225402832e+02 7.9242901611e+02 7.9262799072e+02 7.9284197998e+02 7.9304199219e+02 7.9325299072e+02 7.9347302246e+02 7.9370898438e+02 7.9393902588e+02 7.9417199707e+02 7.9439898682e+02 7.9465698242e+02 7.9492102051e+02 7.9508398438e+02 7.9519897461e+02 7.9536798096e+02 7.9561999512e+02 7.9587200928e+02 7.9601800537e+02 7.9614801025e+02 7.9629699707e+02 7.9646697998e+02 7.9665802002e+02 7.9686199951e+02 7.9703399658e+02 7.9720599365e+02 7.9740002441e+02 7.9756701660e+02
7.8831896973e+02 7.8854699707e+02 7.8878399658e+02 7.8902099609e+02 7.8925701904e+02 7.8944500732e+02 7.8961901855e+02 7.8981500244e+02 7.9001202393e+02 7.9024401855e+02 7.9057098389e+02 7.9088897705e+02 7.9108599854e+02 7.9117297363e+02 7.9133398438e+02 7.9154498291e+02 7.9174298096e+02 7.9194500732e+02 7.9211401367e+02 7.9227502441e+02 7.9246997070e+02 7.9269500732e+02 7.9289599609e+02 7.9309802246e+02 7.9330902100e+02 7.9353601074e+02 7.9373498535e+02 7.9395697021e+02 7.9418200684e+02 7.9436297607e+02 7.9463897705e+02 7.9484600830e+02 7.9497497559e+02 7.9512902832e+02 7.9536901855e+02 7.9564501953e+02 7.9582299805e+02 7.9595800781e+02 7.9611999512e+02 7.9630700684e+02 7.9650799561e+02 7.9672900391e+02 7.9691900635e+02 7.9709600830e+02 7.9729602051e+02 7.9751098633e+02
