TESTSERVER/21/10.asc
NCOLS 100
NROWS 100
XLLCORNER 8.5497500000e+03
YLLCORNER 2.8945025000e+05
CELLSIZE 5.0000000000e-01
NODATA_VALUE -9.9990000000e+03
[rows 0 to 19 of 100, columns 46 to 91 of 100]
6.6884497070e+02 6.6893103027e+02 6.6904602051e+02 6.6915502930e+02 6.6924902344e+02 6.6933697510e+02 6.6944396973e+02 6.6950500488e+02 6.6957800293e+02 6.6965899658e+02 6.6973602295e+02 6.6979699707e+02 6.6988201904e+02 6.6996801758e+02 6.7002697754e+02 6.7010498047e+02 6.7015997314e+02 6.7022802734e+02 6.7028601074e+02 6.7034002686e+02 6.7043103027e+02 6.7050097656e+02 6.7054498291e+02 6.7063397217e+02 6.7069799805e+02 6.7075701904e+02 6.7083398438e+02 6.7087402344e+02 6.7092797852e+02 6.7099597168e+02 6.7103802490e+02 6.7109002686e+02 6.7114001465e+02 6.7118701172e+02 6.7124700928e+02 6.7130603027e+02 6.7136297607e+02 6.7141699219e+02 6.7146997070e+02 6.7154400635e+02 6.7161297607e+02 6.7167700195e+02 6.7173699951e+02 6.7180499268e+02 6.7185498047e+02 6.7191699219e+02
6.6871502686e+02 6.6880200195e+02 6.6891302490e+02 6.6901800537e+02 6.6911199951e+02 6.6919500732e+02 6.6929302979e+02 6.6936297607e+02 6.6944299316e+02 6.6952197266e+02 6.6959802246e+02 6.6967797852e+02 6.6977001953e+02 6.6984002686e+02 6.6989300537e+02 6.6997198486e+02 6.7002398682e+02 6.7009497070e+02 6.7015899658e+02 6.7020501709e+02 6.7028497314e+02 6.7034899902e+02 6.7040002441e+02 6.7049597168e+02 6.7055200195e+02 6.7060900879e+02 6.7067498779e+02 6.7073297119e+02 6.7079302979e+02 6.7084899902e+02 6.7090002441e+02 6.7095501709e+02 6.7100897217e+02 6.7106402588e+02 6.7110797119e+02 6.7114801025e+02 6.7120202637e+02 6.7127001953e+02 6.7134100342e+02 6.7139898682e+02 6.7145800781e+02 6.7150897217e+02 6.7157501221e+02 6.7166699219e+02 6.7172698975e+02 6.7177899170e+02
6.6857800293e+02 6.6867297363e+02 6.6878002930e+02 6.6887200928e+02 6.6895501709e+02 6.6903997803e+02 6.6915197754e+02 6.6923101807e+02 6.6930200195e+02 6.6937799072e+02 6.6946502686e+02 6.6954901123e+02 6.6963598633e+02 6.6970697021e+02 6.6977001953e+02 6.6985400391e+02 6.6990502930e+02 6.6996502686e+02 6.7002398682e+02 6.7008197021e+02 6.7015502930e+02 6.7021099854e+02 6.7026300049e+02 6.7034301758e+02 6.7039300537e+02 6.7045397949e+02 6.7051898193e+02 6.7059600830e+02 6.7065301514e+02 6.7070001221e+02 6.7076397705e+02 6.7081701660e+02 6.7086602783e+02 6.7092797852e+02 6.7098101807e+02 6.7103198242e+02 6.7107598877e+02 6.7112402344e+02 6.7119097900e+02 6.7124597168e+02 6.7130401611e+02 6.7137200928e+02 6.7145001221e+02 6.7153601074e+02 6.7158898926e+02 6.7164202881e+02
6.6843103027e+02 6.6853497314e+02 6.6864099121e+02 6.6872900391e+02 6.6881701660e+02 6.6890301514e+02 6.6900500488e+02 6.6908502197e+02 6.6915502930e+02 6.6923797607e+02 6.6933599854e+02 6.6940802002e+02 6.6948797607e+02 6.6956500244e+02 6.6963598633e+02 6.6973297119e+02 6.6979602051e+02 6.6984899902e+02 6.6989001465e+02 6.6994897461e+02 6.7002099609e+02 6.7007397461e+02 6.7012200928e+02 6.7018701172e+02 6.7024499512e+02 6.7031597900e+02 6.7037701416e+02 6.7045202637e+02 6.7051000977e+02 6.7057098389e+02 6.7063098145e+02 6.7067999268e+02 6.7073101807e+02 6.7079199219e+02 6.7083697510e+02 6.7089697266e+02 6.7094500732e+02 6.7098797607e+02 6.7104901123e+02 6.7110400391e+02 6.7116198730e+02 6.7124200439e+02 6.7131597900e+02 6.7138397217e+02 6.7144097900e+02 6.7150701904e+02
6.6828302002e+02 6.6839300537e+02 6.6848101807e+02 6.6857702637e+02 6.6868200684e+02 6.6876898193e+02 6.6885900879e+02 6.6894396973e+02 6.6902697754e+02 6.6911999512e+02 6.6920697021e+02 6.6926300049e+02 6.6933898926e+02 6.6941998291e+02 6.6947900391e+02 6.6956896973e+02 6.6964398193e+02 6.6971502686e+02 6.6977099609e+02 6.6982000732e+02 6.6988897705e+02 6.6995098877e+02 6.6999597168e+02 6.7005102539e+02 6.7010498047e+02 6.7017602539e+02 6.7026800537e+02 6.7030401611e+02 6.7034899902e+02 6.7041998291e+02 6.7049102783e+02 6.7055200195e+02 6.7060198975e+02 6.7066101074e+02 6.7070697021e+02 6.7076501465e+02 6.7080700684e+02 6.7085198975e+02 6.7091900635e+02 6.7098297119e+02 6.7104302979e+02 6.7111401367e+02 6.7115997314e+02 6.7122302246e+02 6.7130700684e+02 6.7137799072e+02
6.6814599609e+02 6.6825701904e+02 6.6835101318e+02 6.6844897461e+02 6.6855603027e+02 6.6863897705e+02 6.6872601318e+02 6.6879998779e+02 6.6888702393e+02 6.6898999023e+02 6.6906201172e+02 6.6912298584e+02 6.6919201660e+02 6.6926202393e+02 6.6933599854e+02 6.6942797852e+02 6.6951202393e+02 6.6958099365e+02 6.6964001465e+02 6.6969702148e+02 6.6976397705e+02 6.6981701660e+02 6.6986401367e+02 6.6991601563e+02 6.6995098877e+02 6.7001599121e+02 6.7009197998e+02 6.7013897705e+02 6.7020202637e+02 6.7027099609e+02 6.7033502197e+02 6.7039697266e+02 6.7044897461e+02 6.7051501465e+02 6.7056799316e+02 6.7061901855e+02 6.7067199707e+02 6.7072698975e+02 6.7077197266e+02 6.7082800293e+02 6.7090197754e+02 6.7098699951e+02 6.7102899170e+02 6.7110101318e+02 6.7117797852e+02 6.7123199463e+02
6.6800799561e+02 6.6811401367e+02 6.6821697998e+02 6.6831298828e+02 6.6840802002e+02 6.6849902344e+02 6.6860400391e+02 6.6868402100e+02 6.6876098633e+02 6.6884197998e+02 6.6890997314e+02 6.6898498535e+02 6.6906402588e+02 6.6911999512e+02 6.6919299316e+02 6.6928802490e+02 6.6937597656e+02 6.6944396973e+02 6.6951300049e+02 6.6956701660e+02 6.6963397217e+02 6.6968499756e+02 6.6973297119e+02 6.6979101563e+02 6.6982800293e+02 6.6989501953e+02 6.6995397949e+02 6.7000097656e+02 6.7006597900e+02 6.7013299561e+02 6.7018701172e+02 6.7024902344e+02 6.7030499268e+02 6.7036499023e+02 6.7042602539e+02 6.7047302246e+02 6.7052600098e+02 6.7058801270e+02 6.7064202881e+02 6.7070098877e+02 6.7077099609e+02 6.7084497070e+02 6.7088500977e+02 6.7096697998e+02 6.7103601074e+02 6.7108697510e+02
6.6786901855e+02 6.6796398926e+02 6.6807000732e+02 6.6817602539e+02 6.6826397705e+02 6.6835400391e+02 6.6845397949e+02 6.6853802490e+02 6.6861499023e+02 6.6869201660e+02 6.6877001953e+02 6.6884497070e+02 6.6893701172e+02 6.6900097656e+02 6.6905603027e+02 6.6914398193e+02 6.6923498535e+02 6.6930798340e+02 6.6938098145e+02 6.6942797852e+02 6.6948999023e+02 6.6955401611e+02 6.6961401367e+02 6.6966900635e+02 6.6970697021e+02 6.6976800537e+02 6.6982202148e+02 6.6987402344e+02 6.6993499756e+02 6.6999298096e+02 6.7005902100e+02 6.7012097168e+02 6.7016802979e+02 6.7022900391e+02 6.7029797363e+02 6.7035198975e+02 6.7039599609e+02 6.7044500732e+02 6.7050500488e+02 6.7057397461e+02 6.7064001465e+02 6.7070898438e+02 6.7076000977e+02 6.7084002686e+02 6.7090100098e+02 6.7095501709e+02
6.6771801758e+02 6.6780798340e+02 6.6791802979e+02 6.6801800537e+02 6.6811297607e+02 6.6819799805e+02 6.6827899170e+02 6.6837701416e+02 6.6846697998e+02 6.6855200195e+02 6.6865002441e+02 6.6869799805e+02 6.6878198242e+02 6.6887500000e+02 6.6893701172e+02 6.6900299072e+02 6.6908898926e+02 6.6916497803e+02 6.6923498535e+02 6.6928900146e+02 6.6935302734e+02 6.6942102051e+02 6.6948199463e+02 6.6953497314e+02 6.6958001709e+02 6.6962902832e+02 6.6968701172e+02 6.6973400879e+02 6.6979302979e+02 6.6985302734e+02 6.6993103027e+02 6.6998999023e+02 6.7002899170e+02 6.7009497070e+02 6.7015197754e+02 6.7022601318e+02 6.7027801514e+02 6.7032397461e+02 6.7037902832e+02 6.7044396973e+02 6.7050299072e+02 6.7056896973e+02 6.7064001465e+02 6.7068200684e+02 6.7073999023e+02 6.7079797363e+02
6.6758197021e+02 6.6766998291e+02 6.6777301025e+02 6.6785302734e+02 6.6795202637e+02 6.6805200195e+02 6.6814501953e+02 6.6824597168e+02 6.6833001709e+02 6.6840399170e+02 6.6849597168e+02 6.6856701660e+02 6.6865600586e+02 6.6874298096e+02 6.6880902100e+02 6.6888098145e+02 6.6896301270e+02 6.6903002930e+02 6.6908300781e+02 6.6914300537e+02 6.6922601318e+02 6.6929199219e+02 6.6933801270e+02 6.6939599609e+02 6.6945397949e+02 6.6950897217e+02 6.6955999756e+02 6.6959197998e+02 6.6965997314e+02 6.6971600342e+02 6.6977301025e+02 6.6984600830e+02 6.6990698242e+02 6.6996997070e+02 6.7001800537e+02 6.7007800293e+02 6.7013500977e+02 6.7019500732e+02 6.7025000000e+02 6.7029498291e+02 6.7034997559e+02 6.7042199707e+02 6.7048498535e+02 6.7055603027e+02 6.7060900879e+02 6.7065997314e+02
6.6746301270e+02 6.6755102539e+02 6.6764697266e+02 6.6772900391e+02 6.6782501221e+02 6.6792602539e+02 6.6802001953e+02 6.6811499023e+02 6.6819500732e+02 6.6827398682e+02 6.6835400391e+02 6.6843298340e+02 6.6851599121e+02 6.6860699463e+02 6.6868298340e+02 6.6874902344e+02 6.6883300781e+02 6.6890197754e+02 6.6894598389e+02 6.6900701904e+02 6.6907800293e+02 6.6913702393e+02 6.6920001221e+02 6.6927697754e+02 6.6933300781e+02 6.6939202881e+02 6.6944396973e+02 6.6947100830e+02 6.6954699707e+02 6.6959698486e+02 6.6964099121e+02 6.6970098877e+02 6.6976202393e+02 6.6982800293e+02 6.6988098145e+02 6.6994097900e+02 6.7000097656e+02 6.7005999756e+02 6.7011297607e+02 6.7015698242e+02 6.7021801758e+02 6.7029302979e+02 6.7034197998e+02 6.7041998291e+02 6.7047302246e+02 6.7053100586e+02
6.6733801270e+02 6.6741998291e+02 6.6751000977e+02 6.6760400391e+02 6.6769702148e+02 6.6778900146e+02 6.6788201904e+02 6.6797302246e+02 6.6804901123e+02 6.6813098145e+02 6.6821398926e+02 6.6829998779e+02 6.6837200928e+02 6.6844897461e+02 6.6853198242e+02 6.6860400391e+02 6.6868701172e+02 6.6875500488e+02 6.6880297852e+02 6.6886401367e+02 6.6892297363e+02 6.6898400879e+02 6.6907702637e+02 6.6915197754e+02 6.6919702148e+02 6.6926000977e+02 6.6932299805e+02 6.6935699463e+02 6.6942401123e+02 6.6946997070e+02 6.6953002930e+02 6.6957202148e+02 6.6961999512e+02 6.6968298340e+02 6.6974200439e+02 6.6979797363e+02 6.6985797119e+02 6.6990802002e+02 6.6995599365e+02 6.7001501465e+02 6.7008197021e+02 6.7015002441e+02 6.7020397949e+02 6.7027197266e+02 6.7032501221e+02 6.7039898682e+02
6.6722497559e+02 6.6730999756e+02 6.6737597656e+02 6.6746502686e+02 6.6756701660e+02 6.6765997314e+02 6.6773999023e+02 6.6782897949e+02 6.6791497803e+02 6.6800000000e+02 6.6809002686e+02 6.6817401123e+02 6.6824200439e+02 6.6830297852e+02 6.6840002441e+02 6.6846997070e+02 6.6853302002e+02 6.6859301758e+02 6.6865600586e+02 6.6872601318e+02 6.6878900146e+02 6.6885198975e+02 6.6894201660e+02 6.6899499512e+02 6.6904998779e+02 6.6911499023e+02 6.6917199707e+02 6.6923498535e+02 6.6928601074e+02 6.6933001709e+02 6.6938800049e+02 6.6943298340e+02 6.6948297119e+02 6.6954998779e+02 6.6960998535e+02 6.6965899658e+02 6.6971398926e+02 6.6975799561e+02 6.6981097412e+02 6.6988800049e+02 6.6995098877e+02 6.7000701904e+02 6.7008197021e+02 6.7012799072e+02 6.7018499756e+02 6.7026800537e+02
6.6711602783e+02 6.6720001221e+02 6.6726898193e+02 6.6734997559e+02 6.6743200684e+02 6.6752398682e+02 6.6761798096e+02 6.6770800781e+02 6.6779699707e+02 6.6787500000e+02 6.6795098877e+02 6.6802502441e+02 6.6810101318e+02 6.6815698242e+02 6.6824102783e+02 6.6832098389e+02 6.6839398193e+02 6.6845599365e+02 6.6852197266e+02 6.6857501221e+02 6.6864501953e+02 6.6872302246e+02 6.6880999756e+02 6.6885699463e+02 6.6890698242e+02 6.6898101807e+02 6.6903002930e+02 6.6908801270e+02 6.6914599609e+02 6.6919097900e+02 6.6923400879e+02 6.6929498291e+02 6.6935101318e+02 6.6942199707e+02 6.6947302246e+02 6.6952899170e+02 6.6958898926e+02 6.6963397217e+02 6.6969201660e+02 6.6976898193e+02 6.6981799316e+02 6.6986999512e+02 6.6994201660e+02 6.7000500488e+02 6.7006097412e+02 6.7013000488e+02
6.6699902344e+02 6.6707598877e+02 6.6715899658e+02 6.6724200439e+02 6.6731799316e+02 6.6740197754e+02 6.6749700928e+02 6.6758599854e+02 6.6766998291e+02 6.6774499512e+02 6.6781500244e+02 6.6789001465e+02 6.6797399902e+02 6.6802899170e+02 6.6810699463e+02 6.6819500732e+02 6.6826300049e+02 6.6831799316e+02 6.6838201904e+02 6.6841900635e+02 6.6848999023e+02 6.6857800293e+02 6.6865502930e+02 6.6870300293e+02 6.6876000977e+02 6.6884497070e+02 6.6889202881e+02 6.6894598389e+02 6.6900897217e+02 6.6905499268e+02 6.6909497070e+02 6.6916601563e+02 6.6921697998e+02 6.6928302002e+02 6.6933801270e+02 6.6940301514e+02 6.6946600342e+02 6.6951599121e+02 6.6957098389e+02 6.6963397217e+02 6.6968701172e+02 6.6974499512e+02 6.6979199219e+02 6.6986499023e+02 6.6993103027e+02 6.7000201416e+02
6.6690301514e+02 6.6697198486e+02 6.6705200195e+02 6.6713397217e+02 6.6721899414e+02 6.6729699707e+02 6.6737298584e+02 6.6745397949e+02 6.6753399658e+02 6.6761297607e+02 6.6769097900e+02 6.6776599121e+02 6.6784802246e+02 6.6790899658e+02 6.6798498535e+02 6.6805902100e+02 6.6811602783e+02 6.6817700195e+02 6.6824700928e+02 6.6829302979e+02 6.6835998535e+02 6.6843402100e+02 6.6849499512e+02 6.6855102539e+02 6.6861297607e+02 6.6869201660e+02 6.6874200439e+02 6.6880603027e+02 6.6886499023e+02 6.6891699219e+02 6.6897698975e+02 6.6903900146e+02 6.6907800293e+02 6.6914501953e+02 6.6920501709e+02 6.6926702881e+02 6.6932598877e+02 6.6938299561e+02 6.6944396973e+02 6.6948999023e+02 6.6954699707e+02 6.6961999512e+02 6.6966497803e+02 6.6974200439e+02 6.6980200195e+02 6.6987298584e+02
6.6682000732e+02 6.6689202881e+02 6.6695800781e+02 6.6702899170e+02 6.6710498047e+02 6.6718200684e+02 6.6725299072e+02 6.6734002686e+02 6.6741998291e+02 6.6748699951e+02 6.6756500244e+02 6.6764501953e+02 6.6772497559e+02 6.6779797363e+02 6.6785900879e+02 6.6791699219e+02 6.6798199463e+02 6.6804400635e+02 6.6809698486e+02 6.6816497803e+02 6.6823297119e+02 6.6828997803e+02 6.6834698486e+02 6.6841802979e+02 6.6847998047e+02 6.6853997803e+02 6.6859600830e+02 6.6865399170e+02 6.6870501709e+02 6.6876898193e+02 6.6884399414e+02 6.6890002441e+02 6.6895397949e+02 6.6901599121e+02 6.6906896973e+02 6.6912701416e+02 6.6917102051e+02 6.6923297119e+02 6.6931701660e+02 6.6936102295e+02 6.6942199707e+02 6.6950402832e+02 6.6955798340e+02 6.6961199951e+02 6.6967999268e+02 6.6975799561e+02
6.6673297119e+02 6.6680798340e+02 6.6687097168e+02 6.6693902588e+02 6.6700299072e+02 6.6706799316e+02 6.6714801025e+02 6.6722497559e+02 6.6730499268e+02 6.6737799072e+02 6.6745697021e+02 6.6751898193e+02 6.6759002686e+02 6.6766302490e+02 6.6772601318e+02 6.6777502441e+02 6.6784600830e+02 6.6790802002e+02 6.6796600342e+02 6.6803198242e+02 6.6809600830e+02 6.6814099121e+02 6.6820599365e+02 6.6826397705e+02 6.6831896973e+02 6.6838897705e+02 6.6845898438e+02 6.6850598145e+02 6.6856298828e+02 6.6863397217e+02 6.6870397949e+02 6.6875701904e+02 6.6881402588e+02 6.6887097168e+02 6.6892999268e+02 6.6898901367e+02 6.6904302979e+02 6.6911102295e+02 6.6918298340e+02 6.6924200439e+02 6.6929797363e+02 6.6936401367e+02 6.6943103027e+02 6.6948602295e+02 6.6954498291e+02 6.6961798096e+02
6.6665399170e+02 6.6672198486e+02 6.6677600098e+02 6.6684399414e+02 6.6690698242e+02 6.6696997070e+02 6.6705200195e+02 6.6710797119e+02 6.6718103027e+02 6.6725897217e+02 6.6733398438e+02 6.6740502930e+02 6.6747601318e+02 6.6753900146e+02 6.6760498047e+02 6.6764801025e+02 6.6771502686e+02 6.6778100586e+02 6.6784497070e+02 6.6790698242e+02 6.6796301270e+02 6.6800299072e+02 6.6806799316e+02 6.6812500000e+02 6.6817199707e+02 6.6823602295e+02 6.6830499268e+02 6.6835900879e+02 6.6842901611e+02 6.6850000000e+02 6.6856097412e+02 6.6862097168e+02 6.6867797852e+02 6.6873400879e+02 6.6879602051e+02 6.6886199951e+02 6.6893298340e+02 6.6899499512e+02 6.6904199219e+02 6.6909497070e+02 6.6915502930e+02 6.6921899414e+02 6.6929400635e+02 6.6935601807e+02 6.6940502930e+02 6.6948400879e+02
6.6657000732e+02 6.6662902832e+02 6.6668402100e+02 6.6675799561e+02 6.6681799316e+02 6.6687701416e+02 6.6695300293e+02 6.6700598145e+02 6.6708099365e+02 6.6715502930e+02 6.6720501709e+02 6.6727697754e+02 6.6734600830e+02 6.6741101074e+02 6.6747399902e+02 6.6751800537e+02 6.6757702637e+02 6.6763897705e+02 6.6770599365e+02 6.6777301025e+02 6.6782501221e+02 6.6786999512e+02 6.6792901611e+02 6.6799401855e+02 6.6804101563e+02 6.6809497070e+02 6.6815698242e+02 6.6821997070e+02 6.6829400635e+02 6.6835797119e+02 6.6842102051e+02 6.6848901367e+02 6.6854602051e+02 6.6860699463e+02 6.6866998291e+02 6.6873901367e+02 6.6880999756e+02 6.6885900879e+02 6.6890197754e+02 6.6896398926e+02 6.6903497314e+02 6.6910900879e+02 6.6917199707e+02 6.6923101807e+02 6.6927600098e+02 6.6935699463e+02
