TESTSERVER/21/10.asc
NCOLS 100
NROWS 100
XLLCORNER 8.5497500000e+03
YLLCORNER 2.8945025000e+05
CELLSIZE 5.0000000000e-01
NODATA_VALUE -9.9990000000e+03
[rows 20 to 39 of 100, columns 46 to 91 of 100]
6.6649798584e+02 6.6655102539e+02 6.6660198975e+02 6.6665899658e+02 6.6672698975e+02 6.6679199219e+02 6.6685900879e+02 6.6691400146e+02 6.6698999023e+02 6.6705999756e+02 6.6710101318e+02 6.6715600586e+02 6.6721801758e+02 6.6728198242e+02 6.6733300781e+02 6.6737799072e+02 6.6743200684e+02 6.6750299072e+02 6.6758099365e+02 6.6762799072e+02 6.6767901611e+02 6.6773699951e+02 6.6780798340e+02 6.6785797119e+02 6.6791198730e+02 6.6797601318e+02 6.6804199219e+02 6.6810400391e+02 6.6817401123e+02 6.6823297119e+02 6.6829998779e+02 6.6835797119e+02 6.6841302490e+02 6.6847100830e+02 6.6851800537e+02 6.6859600830e+02 6.6866699219e+02 6.6872497559e+02 6.6879101563e+02 6.6884497070e+02 6.6890802002e+02 6.6897198486e+02 6.6904302979e+02 6.6911102295e+02 6.6917297363e+02 6.6924401855e+02
6.6640899658e+02 6.6647399902e+02 6.6653997803e+02 6.6658502197e+02 6.6663201904e+02 6.6669097900e+02 6.6675097656e+02 6.6681201172e+02 6.6688201904e+02 6.6694500732e+02 6.6698101807e+02 6.6703802490e+02 6.6709802246e+02 6.6713800049e+02 6.6718200684e+02 6.6725000000e+02 6.6730798340e+02 6.6737701416e+02 6.6743298340e+02 6.6747497559e+02 6.6754699707e+02 6.6761499023e+02 6.6767602539e+02 6.6773101807e+02 6.6778900146e+02 6.6785101318e+02 6.6791198730e+02 6.6797302246e+02 6.6803002930e+02 6.6809002686e+02 6.6817102051e+02 6.6822497559e+02 6.6828302002e+02 6.6834399414e+02 6.6839599609e+02 6.6847302246e+02 6.6852600098e+02 6.6858898926e+02 6.6865002441e+02 6.6871502686e+02 6.6878399658e+02 6.6885101318e+02 6.6892297363e+02 6.6899200439e+02 6.6905603027e+02 6.6912902832e+02
6.6629302979e+02 6.6637500000e+02 6.6643499756e+02 6.6649102783e+02 6.6654199219e+02 6.6661499023e+02 6.6666699219e+02 6.6670300293e+02 6.6675299072e+02 6.6681201172e+02 6.6685900879e+02 6.6690002441e+02 6.6696002197e+02 6.6700701904e+02 6.6706597900e+02 6.6712402344e+02 6.6717602539e+02 6.6723901367e+02 6.6729797363e+02 6.6734802246e+02 6.6741900635e+02 6.6748797607e+02 6.6755200195e+02 6.6760699463e+02 6.6766302490e+02 6.6771899414e+02 6.6778100586e+02 6.6784002686e+02 6.6789398193e+02 6.6795800781e+02 6.6803497314e+02 6.6809197998e+02 6.6816198730e+02 6.6822900391e+02 6.6827197266e+02 6.6834002686e+02 6.6839099121e+02 6.6845697021e+02 6.6851800537e+02 6.6859002686e+02 6.6865600586e+02 6.6871997070e+02 6.6878802490e+02 6.6885797119e+02 6.6892700195e+02 6.6899597168e+02
6.6601202393e+02 6.6610797119e+02 6.6616900635e+02 6.6626000977e+02 6.6634600830e+02 6.6643798828e+02 6.6648797607e+02 6.6651397705e+02 6.6656402588e+02 6.6663299561e+02 6.6671002197e+02 6.6675598145e+02 6.6681896973e+02 6.6688299561e+02 6.6695697021e+02 6.6700598145e+02 6.6705798340e+02 6.6711901855e+02 6.6718298340e+02 6.6723602295e+02 6.6729901123e+02 6.6736700439e+02 6.6742901611e+02 6.6748101807e+02 6.6753497314e+02 6.6759197998e+02 6.6765802002e+02 6.6771600342e+02 6.6778002930e+02 6.6784899902e+02 6.6791302490e+02 6.6796197510e+02 6.6803100586e+02 6.6810400391e+02 6.6815399170e+02 6.6821197510e+02 6.6826599121e+02 6.6832098389e+02 6.6838500977e+02 6.6845800781e+02 6.6851397705e+02 6.6857702637e+02 6.6865100098e+02 6.6872198486e+02 6.6878601074e+02 6.6885400391e+02
6.6566601563e+02 6.6576898193e+02 6.6584600830e+02 6.6597198486e+02 6.6607397461e+02 6.6615197754e+02 6.6623297119e+02 6.6632397461e+02 6.6640997314e+02 6.6648901367e+02 6.6655798340e+02 6.6663299561e+02 6.6671600342e+02 6.6678601074e+02 6.6683801270e+02 6.6691101074e+02 6.6696899414e+02 6.6701000977e+02 6.6705999756e+02 6.6711999512e+02 6.6717498779e+02 6.6724401855e+02 6.6730499268e+02 6.6735900879e+02 6.6742102051e+02 6.6748199463e+02 6.6753601074e+02 6.6757299805e+02 6.6763598633e+02 6.6770800781e+02 6.6777398682e+02 6.6783300781e+02 6.6788702393e+02 6.6796002197e+02 6.6803601074e+02 6.6809197998e+02 6.6814001465e+02 6.6818200684e+02 6.6824700928e+02 6.6832299805e+02 6.6838500977e+02 6.6845397949e+02 6.6851397705e+02 6.6860198975e+02 6.6867401123e+02 6.6874298096e+02
6.6557800293e+02 6.6566900635e+02 6.6577099609e+02 6.6586798096e+02 6.6597399902e+02 6.6606896973e+02 6.6617498779e+02 6.6625402832e+02 6.6633099365e+02 6.6641302490e+02 6.6649401855e+02 6.6656896973e+02 6.6663598633e+02 6.6669702148e+02 6.6674798584e+02 6.6681298828e+02 6.6686199951e+02 6.6690399170e+02 6.6695898438e+02 6.6701702881e+02 6.6708001709e+02 6.6714697266e+02 6.6721801758e+02 6.6726202393e+02 6.6731701660e+02 6.6736798096e+02 6.6740301514e+02 6.6744299316e+02 6.6750097656e+02 6.6756597900e+02 6.6764099121e+02 6.6769598389e+02 6.6775097656e+02 6.6783099365e+02 6.6789202881e+02 6.6795697021e+02 6.6801000977e+02 6.6806298828e+02 6.6813299561e+02 6.6820300293e+02 6.6827197266e+02 6.6833697510e+02 6.6840802002e+02 6.6848400879e+02 6.6854498291e+02 6.6861199951e+02
6.6559600830e+02 6.6568402100e+02 6.6577801514e+02 6.6588000488e+02 6.6597802734e+02 6.6606701660e+02 6.6615600586e+02 6.6622100830e+02 6.6629400635e+02 6.6637402344e+02 6.6644500732e+02 6.6651501465e+02 6.6657598877e+02 6.6662298584e+02 6.6667102051e+02 6.6673297119e+02 6.6677899170e+02 6.6683197021e+02 6.6688397217e+02 6.6693499756e+02 6.6700000000e+02 6.6705603027e+02 6.6711798096e+02 6.6716101074e+02 6.6721099854e+02 6.6726300049e+02 6.6729498291e+02 6.6734301758e+02 6.6739898682e+02 6.6745898438e+02 6.6752697754e+02 6.6758898926e+02 6.6764599609e+02 6.6771801758e+02 6.6775299072e+02 6.6781799316e+02 6.6788299561e+02 6.6795397949e+02 6.6802697754e+02 6.6809399414e+02 6.6815802002e+02 6.6821099854e+02 6.6828198242e+02 6.6835797119e+02 6.6841998291e+02 6.6848999023e+02
6.6553497314e+02 6.6562902832e+02 6.6571899414e+02 6.6581799316e+02 6.6590301514e+02 6.6599200439e+02 6.6607501221e+02 6.6614697266e+02 6.6623498535e+02 6.6633197021e+02 6.6640399170e+02 6.6647399902e+02 6.6653698730e+02 6.6657897949e+02 6.6661901855e+02 6.6667700195e+02 6.6672698975e+02 6.6678399658e+02 6.6682098389e+02 6.6686901855e+02 6.6692102051e+02 6.6695898438e+02 6.6700799561e+02 6.6706201172e+02 6.6711499023e+02 6.6717102051e+02 6.6721002197e+02 6.6725897217e+02 6.6730700684e+02 6.6735699463e+02 6.6741601563e+02 6.6748498535e+02 6.6754901123e+02 6.6760998535e+02 6.6763702393e+02 6.6769702148e+02 6.6776202393e+02 6.6784002686e+02 6.6790802002e+02 6.6796398926e+02 6.6802600098e+02 6.6807598877e+02 6.6813397217e+02 6.6821099854e+02 6.6828002930e+02 6.6835699463e+02
6.6547399902e+02 6.6555798340e+02 6.6565600586e+02 6.6572601318e+02 6.6581799316e+02 6.6590997314e+02 6.6599597168e+02 6.6608398438e+02 6.6617999268e+02 6.6627502441e+02 6.6635498047e+02 6.6642199707e+02 6.6648400879e+02 6.6653302002e+02 6.6657202148e+02 6.6661297607e+02 6.6665698242e+02 6.6670697021e+02 6.6674200439e+02 6.6678997803e+02 6.6683502197e+02 6.6687701416e+02 6.6693298340e+02 6.6697399902e+02 6.6701898193e+02 6.6705902100e+02 6.6709301758e+02 6.6715100098e+02 6.6719897461e+02 6.6725097656e+02 6.6730499268e+02 6.6736798096e+02 6.6742297363e+02 6.6747302246e+02 6.6753002930e+02 6.6758001709e+02 6.6763299561e+02 6.6770501709e+02 6.6777801514e+02 6.6783599854e+02 6.6788598633e+02 6.6793597412e+02 6.6799102783e+02 6.6807000732e+02 6.6813897705e+02 6.6820800781e+02
6.6548901367e+02 6.6556597900e+02 6.6564300537e+02 6.6572100830e+02 6.6581701660e+02 6.6589599609e+02 6.6595800781e+02 6.6603198242e+02 6.6610498047e+02 6.6617700195e+02 6.6626000977e+02 6.6633502197e+02 6.6639300537e+02 6.6644500732e+02 6.6649102783e+02 6.6653997803e+02 6.6659197998e+02 6.6663299561e+02 6.6666497803e+02 6.6672399902e+02 6.6676702881e+02 6.6679797363e+02 6.6685498047e+02 6.6688397217e+02 6.6691802979e+02 6.6695098877e+02 6.6698797607e+02 6.6703198242e+02 6.6708697510e+02 6.6714501953e+02 6.6720001221e+02 6.6725701904e+02 6.6730200195e+02 6.6735198975e+02 6.6741998291e+02 6.6747802734e+02 6.6753497314e+02 6.6759399414e+02 6.6765100098e+02 6.6770599365e+02 6.6776702881e+02 6.6782897949e+02 6.6788397217e+02 6.6795697021e+02 6.6802697754e+02 6.6808300781e+02
6.6544201660e+02 6.6552197266e+02 6.6557397461e+02 6.6563702393e+02 6.6572302246e+02 6.6579901123e+02 6.6584100342e+02 6.6588098145e+02 6.6592297363e+02 6.6598699951e+02 6.6609399414e+02 6.6618902588e+02 6.6626702881e+02 6.6634002686e+02 6.6640600586e+02 6.6646502686e+02 6.6651898193e+02 6.6656201172e+02 6.6659399414e+02 6.6665100098e+02 6.6668798828e+02 6.6670697021e+02 6.6675201416e+02 6.6678900146e+02 6.6681799316e+02 6.6684997559e+02 6.6689599609e+02 6.6692901611e+02 6.6697802734e+02 6.6703900146e+02 6.6709399414e+02 6.6714599609e+02 6.6718402100e+02 6.6723101807e+02 6.6729400635e+02 6.6735797119e+02 6.6741900635e+02 6.6746801758e+02 6.6751898193e+02 6.6757897949e+02 6.6764300537e+02 6.6770898438e+02 6.6776599121e+02 6.6782501221e+02 6.6790197754e+02 6.6797399902e+02
6.6530297852e+02 6.6540802002e+02 6.6545397949e+02 6.6550897217e+02 6.6557397461e+02 6.6563598633e+02 6.6567102051e+02 6.6570800781e+02 6.6574597168e+02 6.6579400635e+02 6.6589398193e+02 6.6599700928e+02 6.6610198975e+02 6.6619500732e+02 6.6627197266e+02 6.6634197998e+02 6.6640399170e+02 6.6646301270e+02 6.6650701904e+02 6.6655798340e+02 6.6659997559e+02 6.6662097168e+02 6.6666497803e+02 6.6669702148e+02 6.6672601318e+02 6.6675799561e+02 6.6679302979e+02 6.6682202148e+02 6.6686499023e+02 6.6692401123e+02 6.6697802734e+02 6.6701800537e+02 6.6706701660e+02 6.6711798096e+02 6.6716699219e+02 6.6722900391e+02 6.6729101563e+02 6.6734399414e+02 6.6740502930e+02 6.6747100830e+02 6.6752502441e+02 6.6758697510e+02 6.6764801025e+02 6.6770898438e+02 6.6777502441e+02 6.6784197998e+02
6.6505700684e+02 6.6520300293e+02 6.6528497314e+02 6.6538397217e+02 6.6544201660e+02 6.6547399902e+02 6.6551000977e+02 6.6555499268e+02 6.6560101318e+02 6.6563000488e+02 6.6568597412e+02 6.6578002930e+02 6.6590502930e+02 6.6601800537e+02 6.6611297607e+02 6.6619500732e+02 6.6628302002e+02 6.6635101318e+02 6.6640399170e+02 6.6646502686e+02 6.6650402832e+02 6.6653100586e+02 6.6657202148e+02 6.6659899902e+02 6.6663500977e+02 6.6667199707e+02 6.6669396973e+02 6.6672497559e+02 6.6675500488e+02 6.6680200195e+02 6.6685198975e+02 6.6688201904e+02 6.6694097900e+02 6.6699798584e+02 6.6704498291e+02 6.6710900879e+02 6.6716497803e+02 6.6721600342e+02 6.6728497314e+02 6.6735797119e+02 6.6740100098e+02 6.6745599365e+02 6.6751702881e+02 6.6759301758e+02 6.6764898682e+02 6.6770202637e+02
6.6479602051e+02 6.6494396973e+02 6.6504901123e+02 6.6518298340e+02 6.6527398682e+02 6.6533300781e+02 6.6538098145e+02 6.6540802002e+02 6.6544396973e+02 6.6548999023e+02 6.6555499268e+02 6.6561297607e+02 6.6570501709e+02 6.6580999756e+02 6.6593298340e+02 6.6602099609e+02 6.6611602783e+02 6.6619500732e+02 6.6626599121e+02 6.6634197998e+02 6.6639697266e+02 6.6644097900e+02 6.6647497559e+02 6.6650500488e+02 6.6653601074e+02 6.6657299805e+02 6.6659100342e+02 6.6662500000e+02 6.6665698242e+02 6.6669396973e+02 6.6673797607e+02 6.6678002930e+02 6.6682702637e+02 6.6687500000e+02 6.6692102051e+02 6.6698101807e+02 6.6704699707e+02 6.6709997559e+02 6.6715197754e+02 6.6721502686e+02 6.6726702881e+02 6.6732702637e+02 6.6738201904e+02 6.6744897461e+02 6.6751800537e+02 6.6758099365e+02
6.6451098633e+02 6.6467700195e+02 6.6480700684e+02 6.6494000244e+02 6.6506201172e+02 6.6515899658e+02 6.6522601318e+02 6.6528997803e+02 6.6531799316e+02 6.6535101318e+02 6.6540399170e+02 6.6546899414e+02 6.6553997803e+02 6.6561602783e+02 6.6571997070e+02 6.6580499268e+02 6.6591198730e+02 6.6602398682e+02 6.6611798096e+02 6.6619201660e+02 6.6626397705e+02 6.6633300781e+02 6.6637500000e+02 6.6641101074e+02 6.6644500732e+02 6.6648400879e+02 6.6651098633e+02 6.6653698730e+02 6.6656896973e+02 6.6659197998e+02 6.6662500000e+02 6.6666998291e+02 6.6671502686e+02 6.6676599121e+02 6.6680401611e+02 6.6685998535e+02 6.6692297363e+02 6.6697601318e+02 6.6703100586e+02 6.6709100342e+02 6.6715197754e+02 6.6720501709e+02 6.6725598145e+02 6.6732202148e+02 6.6739202881e+02 6.6745800781e+02
6.6421398926e+02 6.6440600586e+02 6.6454400635e+02 6.6468200684e+02 6.6483801270e+02 6.6496801758e+02 6.6504901123e+02 6.6517401123e+02 6.6522698975e+02 6.6524597168e+02 6.6526501465e+02 6.6532202148e+02 6.6540197754e+02 6.6547198486e+02 6.6554699707e+02 6.6562402344e+02 6.6570898438e+02 6.6583001709e+02 6.6593402100e+02 6.6602099609e+02 6.6610498047e+02 6.6618103027e+02 6.6625299072e+02 6.6630102539e+02 6.6633300781e+02 6.6638598633e+02 6.6643402100e+02 6.6644897461e+02 6.6647998047e+02 6.6650598145e+02 6.6653497314e+02 6.6657202148e+02 6.6661102295e+02 6.6665698242e+02 6.6668902588e+02 6.6674798584e+02 6.6680700684e+02 6.6684698486e+02 6.6690100098e+02 6.6696099854e+02 6.6702899170e+02 6.6709002686e+02 6.6714898682e+02 6.6720098877e+02 6.6726098633e+02 6.6732299805e+02
6.6395001221e+02 6.6410198975e+02 6.6422302246e+02 6.6439599609e+02 6.6456201172e+02 6.6471502686e+02 6.6485601807e+02 6.6499298096e+02 6.6503698730e+02 6.6513299561e+02 6.6521502686e+02 6.6524200439e+02 6.6529199219e+02 6.6535101318e+02 6.6541302490e+02 6.6549102783e+02 6.6554998779e+02 6.6563598633e+02 6.6571997070e+02 6.6583099365e+02 6.6594000244e+02 6.6600402832e+02 6.6610101318e+02 6.6616900635e+02 6.6621502686e+02 6.6626501465e+02 6.6630798340e+02 6.6634899902e+02 6.6638598633e+02 6.6642297363e+02 6.6645098877e+02 6.6648797607e+02 6.6652697754e+02 6.6656097412e+02 6.6659100342e+02 6.6664898682e+02 6.6670800781e+02 6.6673498535e+02 6.6677301025e+02 6.6683502197e+02 6.6689099121e+02 6.6696398926e+02 6.6703198242e+02 6.6707397461e+02 6.6714599609e+02 6.6720697021e+02
6.6361602783e+02 6.6379199219e+02 6.6397998047e+02 6.6414300537e+02 6.6426702881e+02 6.6438500977e+02 6.6458197021e+02 6.6469799805e+02 6.6475598145e+02 6.6496600342e+02 6.6511102295e+02 6.6516400146e+02 6.6520599365e+02 6.6523901367e+02 6.6527697754e+02 6.6532897949e+02 6.6538299561e+02 6.6545501709e+02 6.6553100586e+02 6.6563800049e+02 6.6574700928e+02 6.6583801270e+02 6.6593701172e+02 6.6600097656e+02 6.6607397461e+02 6.6614398193e+02 6.6619598389e+02 6.6624200439e+02 6.6627398682e+02 6.6632202148e+02 6.6636499023e+02 6.6640002441e+02 6.6643200684e+02 6.6646502686e+02 6.6648901367e+02 6.6653900146e+02 6.6659002686e+02 6.6662902832e+02 6.6667297363e+02 6.6671899414e+02 6.6677398682e+02 6.6683697510e+02 6.6688702393e+02 6.6694201660e+02 6.6700897217e+02 6.6708197021e+02
6.6334002686e+02 6.6350701904e+02 6.6367199707e+02 6.6382299805e+02 6.6396197510e+02 6.6410198975e+02 6.6432702637e+02 6.6442297363e+02 6.6454400635e+02 6.6479797363e+02 6.6492901611e+02 6.6498400879e+02 6.6506097412e+02 6.6513500977e+02 6.6517797852e+02 6.6522302246e+02 6.6526501465e+02 6.6532202148e+02 6.6538702393e+02 6.6546997070e+02 6.6556402588e+02 6.6565698242e+02 6.6574597168e+02 6.6581201172e+02 6.6591198730e+02 6.6600000000e+02 6.6606402588e+02 6.6611602783e+02 6.6616302490e+02 6.6621899414e+02 6.6626599121e+02 6.6629602051e+02 6.6632501221e+02 6.6636700439e+02 6.6639801025e+02 6.6644702148e+02 6.6649298096e+02 6.6653198242e+02 6.6656896973e+02 6.6661199951e+02 6.6667102051e+02 6.6673199463e+02 6.6677301025e+02 6.6682202148e+02 6.6687799072e+02 6.6695397949e+02
6.6313000488e+02 6.6327197266e+02 6.6337200928e+02 6.6349200439e+02 6.6366601563e+02 6.6386199951e+02 6.6405798340e+02 6.6414300537e+02 6.6431402588e+02 6.6453002930e+02 6.6465100098e+02 6.6475799561e+02 6.6490100098e+02 6.6501397705e+02 6.6505999756e+02 6.6512402344e+02 6.6517102051e+02 6.6522399902e+02 6.6527697754e+02 6.6533001709e+02 6.6541101074e+02 6.6549200439e+02 6.6556097412e+02 6.6562200928e+02 6.6572802734e+02 6.6582000732e+02 6.6589099121e+02 6.6596099854e+02 6.6603698730e+02 6.6610198975e+02 6.6614898682e+02 6.6619396973e+02 6.6623199463e+02 6.6627099609e+02 6.6630603027e+02 6.6635302734e+02 6.6639801025e+02 6.6643402100e+02 6.6646697998e+02 6.6651397705e+02 6.6656799316e+02 6.6662402344e+02 6.6665997314e+02 6.6670300293e+02 6.6675701904e+02 6.6682702637e+02
