TESTSERVER/21/10.asc
NCOLS 100
NROWS 100
XLLCORNER 8.5497500000e+03
YLLCORNER 2.8945025000e+05
CELLSIZE 5.0000000000e-01
NODATA_VALUE -9.9990000000e+03
[rows 40 to 59 of 100, columns 46 to 91 of 100]
6.6292297363e+02 6.6310198975e+02 6.6319702148e+02 6.6327301025e+02 6.6341900635e+02 6.6360302734e+02 6.6371002197e+02 6.6385198975e+02 6.6402899170e+02 6.6414398193e+02 6.6420697021e+02 6.6445599365e+02 6.6471899414e+02 6.6479400635e+02 6.6484100342e+02 6.6496899414e+02 6.6506701660e+02 6.6513598633e+02 6.6517901611e+02 6.6520898438e+02 6.6528002930e+02 6.6534399414e+02 6.6539599609e+02 6.6545098877e+02 6.6553601074e+02 6.6562701416e+02 6.6570800781e+02 6.6580297852e+02 6.6589001465e+02 6.6595898438e+02 6.6601098633e+02 6.6607501221e+02 6.6612402344e+02 6.6617401123e+02 6.6622302246e+02 6.6625701904e+02 6.6629998779e+02 6.6634698486e+02 6.6638397217e+02 6.6642199707e+02 6.6646398926e+02 6.6650701904e+02 6.6652899170e+02 6.6659197998e+02 6.6665197754e+02 6.6671002197e+02
6.6270001221e+02 6.6284301758e+02 6.6295397949e+02 6.6303100586e+02 6.6314599609e+02 6.6330297852e+02 6.6341601563e+02 6.6356298828e+02 6.6370697021e+02 6.6381701660e+02 6.6393597412e+02 6.6416998291e+02 6.6442401123e+02 6.6452001953e+02 6.6462597656e+02 6.6476300049e+02 6.6489501953e+02 6.6500799561e+02 6.6507897949e+02 6.6513702393e+02 6.6517602539e+02 6.6520898438e+02 6.6526000977e+02 6.6531097412e+02 6.6538702393e+02 6.6546801758e+02 6.6554400635e+02 6.6563000488e+02 6.6571502686e+02 6.6579199219e+02 6.6587597656e+02 6.6595397949e+02 6.6600799561e+02 6.6605999756e+02 6.6610998535e+02 6.6614801025e+02 6.6619396973e+02 6.6624401855e+02 6.6628900146e+02 6.6633599854e+02 6.6637597656e+02 6.6641699219e+02 6.6645800781e+02 6.6650402832e+02 6.6654498291e+02 6.6660998535e+02
6.6245800781e+02 6.6257397461e+02 6.6271301270e+02 6.6280200195e+02 6.6290002441e+02 6.6303002930e+02 6.6315899658e+02 6.6329602051e+02 6.6342602539e+02 6.6359399414e+02 6.6373602295e+02 6.6393103027e+02 6.6416699219e+02 6.6429101563e+02 6.6439801025e+02 6.6453997803e+02 6.6468597412e+02 6.6479302979e+02 6.6488500977e+02 6.6500500488e+02 6.6505297852e+02 6.6509600830e+02 6.6514801025e+02 6.6519500732e+02 6.6525598145e+02 6.6532202148e+02 6.6539001465e+02 6.6545501709e+02 6.6553997803e+02 6.6562597656e+02 6.6571997070e+02 6.6579998779e+02 6.6587097168e+02 6.6592797852e+02 6.6598297119e+02 6.6603198242e+02 6.6608898926e+02 6.6614300537e+02 6.6619598389e+02 6.6624102783e+02 6.6627502441e+02 6.6631500244e+02 6.6638201904e+02 6.6642498779e+02 6.6645599365e+02 6.6650701904e+02
6.6225500488e+02 6.6235101318e+02 6.6251501465e+02 6.6261199951e+02 6.6268103027e+02 6.6278601074e+02 6.6290997314e+02 6.6303198242e+02 6.6317602539e+02 6.6335498047e+02 6.6348199463e+02 6.6368499756e+02 6.6392901611e+02 6.6404498291e+02 6.6414599609e+02 6.6430603027e+02 6.6443597412e+02 6.6452099609e+02 6.6464599609e+02 6.6479302979e+02 6.6485699463e+02 6.6495397949e+02 6.6505102539e+02 6.6511798096e+02 6.6515600586e+02 6.6520098877e+02 6.6526800537e+02 6.6531896973e+02 6.6538201904e+02 6.6546301270e+02 6.6555297852e+02 6.6563098145e+02 6.6571398926e+02 6.6578900146e+02 6.6585101318e+02 6.6591601563e+02 6.6597998047e+02 6.6603100586e+02 6.6609002686e+02 6.6614001465e+02 6.6617700195e+02 6.6622399902e+02 6.6628900146e+02 6.6633398438e+02 6.6638397217e+02 6.6642199707e+02
6.6206500244e+02 6.6213201904e+02 6.6225500488e+02 6.6235400391e+02 6.6242102051e+02 6.6252099609e+02 6.6264001465e+02 6.6279199219e+02 6.6294500732e+02 6.6309197998e+02 6.6321197510e+02 6.6340100098e+02 6.6360797119e+02 6.6371301270e+02 6.6386199951e+02 6.6402398682e+02 6.6411297607e+02 6.6421502686e+02 6.6436199951e+02 6.6450701904e+02 6.6463500977e+02 6.6477197266e+02 6.6490301514e+02 6.6500402832e+02 6.6507000732e+02 6.6510302734e+02 6.6515502930e+02 6.6519299316e+02 6.6524102783e+02 6.6530999756e+02 6.6538397217e+02 6.6546502686e+02 6.6553997803e+02 6.6561102295e+02 6.6568402100e+02 6.6576397705e+02 6.6583197021e+02 6.6590002441e+02 6.6596801758e+02 6.6602600098e+02 6.6607702637e+02 6.6614599609e+02 6.6619598389e+02 6.6623498535e+02 6.6629400635e+02 6.6633599854e+02
6.6184997559e+02 6.6193798828e+02 6.6203497314e+02 6.6211199951e+02 6.6219897461e+02 6.6228802490e+02 6.6239599609e+02 6.6257397461e+02 6.6274102783e+02 6.6288800049e+02 6.6299499512e+02 6.6309100342e+02 6.6324102783e+02 6.6337402344e+02 6.6353399658e+02 6.6369396973e+02 6.6379901123e+02 6.6393597412e+02 6.6405603027e+02 6.6423901367e+02 6.6440899658e+02 6.6453198242e+02 6.6465002441e+02 6.6477502441e+02 6.6490698242e+02 6.6500201416e+02 6.6506201172e+02 6.6510601807e+02 6.6514801025e+02 6.6521600342e+02 6.6526501465e+02 6.6531402588e+02 6.6537597656e+02 6.6543701172e+02 6.6551702881e+02 6.6559600830e+02 6.6566900635e+02 6.6575598145e+02 6.6583197021e+02 6.6589398193e+02 6.6598199463e+02 6.6606500244e+02 6.6611297607e+02 6.6615502930e+02 6.6620098877e+02 6.6624700928e+02
6.6162200928e+02 6.6176000977e+02 6.6180102539e+02 6.6186999512e+02 6.6197698975e+02 6.6205499268e+02 6.6217797852e+02 6.6234997559e+02 6.6248699951e+02 6.6263201904e+02 6.6276300049e+02 6.6283697510e+02 6.6293499756e+02 6.6308502197e+02 6.6325799561e+02 6.6342297363e+02 6.6352398682e+02 6.6363598633e+02 6.6375000000e+02 6.6398602295e+02 6.6414300537e+02 6.6426501465e+02 6.6441802979e+02 6.6456201172e+02 6.6471301270e+02 6.6486297607e+02 6.6493103027e+02 6.6498498535e+02 6.6504602051e+02 6.6512097168e+02 6.6515002441e+02 6.6519299316e+02 6.6525000000e+02 6.6530902100e+02 6.6537701416e+02 6.6544299316e+02 6.6551000977e+02 6.6559698486e+02 6.6567102051e+02 6.6574798584e+02 6.6586700439e+02 6.6594299316e+02 6.6601300049e+02 6.6606701660e+02 6.6611602783e+02 6.6616802979e+02
6.6136700439e+02 6.6150598145e+02 6.6155999756e+02 6.6164801025e+02 6.6176000977e+02 6.6184301758e+02 6.6198602295e+02 6.6214697266e+02 6.6224102783e+02 6.6235900879e+02 6.6254699707e+02 6.6266302490e+02 6.6271801758e+02 6.6284899902e+02 6.6300201416e+02 6.6315802002e+02 6.6327099609e+02 6.6336499023e+02 6.6349798584e+02 6.6373901367e+02 6.6387902832e+02 6.6399700928e+02 6.6418298340e+02 6.6434698486e+02 6.6445599365e+02 6.6463299561e+02 6.6474401855e+02 6.6478399658e+02 6.6487097168e+02 6.6499102783e+02 6.6504602051e+02 6.6510198975e+02 6.6514300537e+02 6.6520501709e+02 6.6526000977e+02 6.6531402588e+02 6.6536700439e+02 6.6543902588e+02 6.6550402832e+02 6.6559399414e+02 6.6572302246e+02 6.6580999756e+02 6.6589398193e+02 6.6595202637e+02 6.6600897217e+02 6.6606298828e+02
6.6112902832e+02 6.6122900391e+02 6.6133898926e+02 6.6146197510e+02 6.6156402588e+02 6.6166900635e+02 6.6179901123e+02 6.6197998047e+02 6.6210797119e+02 6.6216101074e+02 6.6233001709e+02 6.6248999023e+02 6.6250598145e+02 6.6263098145e+02 6.6275500488e+02 6.6288000488e+02 6.6301397705e+02 6.6311999512e+02 6.6327301025e+02 6.6346002197e+02 6.6359600830e+02 6.6369201660e+02 6.6385797119e+02 6.6403002930e+02 6.6414501953e+02 6.6431201172e+02 6.6447497559e+02 6.6452899170e+02 6.6465100098e+02 6.6480102539e+02 6.6492297363e+02 6.6501202393e+02 6.6506201172e+02 6.6510998535e+02 6.6515301514e+02 6.6520898438e+02 6.6525201416e+02 6.6529901123e+02 6.6536700439e+02 6.6544702148e+02 6.6553198242e+02 6.6563800049e+02 6.6572601318e+02 6.6579699707e+02 6.6588000488e+02 6.6593499756e+02
6.6090899658e+02 6.6100299072e+02 6.6111401367e+02 6.6123400879e+02 6.6133898926e+02 6.6146801758e+02 6.6159600830e+02 6.6173797607e+02 6.6186102295e+02 6.6198101807e+02 6.6218902588e+02 6.6241101074e+02 6.6239898682e+02 6.6241302490e+02 6.6252697754e+02 6.6264599609e+02 6.6273101807e+02 6.6284399414e+02 6.6301898193e+02 6.6316998291e+02 6.6330798340e+02 6.6345098877e+02 6.6358599854e+02 6.6374200439e+02 6.6391101074e+02 6.6400799561e+02 6.6416400146e+02 6.6422998047e+02 6.6440197754e+02 6.6454101563e+02 6.6468499756e+02 6.6484997559e+02 6.6496197510e+02 6.6501702881e+02 6.6506500244e+02 6.6511700439e+02 6.6515197754e+02 6.6518798828e+02 6.6525897217e+02 6.6533001709e+02 6.6539697266e+02 6.6547998047e+02 6.6555603027e+02 6.6563800049e+02 6.6572802734e+02 6.6579699707e+02
6.6070599365e+02 6.6079699707e+02 6.6089898682e+02 6.6102899170e+02 6.6114099121e+02 6.6124902344e+02 6.6135998535e+02 6.6145501709e+02 6.6158898926e+02 6.6186798096e+02 6.6219396973e+02 6.6239898682e+02 6.6228198242e+02 6.6220202637e+02 6.6229998779e+02 6.6242401123e+02 6.6249200439e+02 6.6262500000e+02 6.6277197266e+02 6.6288500977e+02 6.6302301025e+02 6.6317297363e+02 6.6328997803e+02 6.6343798828e+02 6.6365899658e+02 6.6371997070e+02 6.6384301758e+02 6.6402197266e+02 6.6423400879e+02 6.6433398438e+02 6.6440002441e+02 6.6459197998e+02 6.6479199219e+02 6.6489801025e+02 6.6498199463e+02 6.6502600098e+02 6.6504602051e+02 6.6509002686e+02 6.6515997314e+02 6.6522698975e+02 6.6528997803e+02 6.6534899902e+02 6.6540600586e+02 6.6547998047e+02 6.6555700684e+02 6.6561901855e+02
6.6050897217e+02 6.6061401367e+02 6.6070800781e+02 6.6082598877e+02 6.6093701172e+02 6.6103997803e+02 6.6114398193e+02 6.6123797607e+02 6.6137597656e+02 6.6166101074e+02 6.6197497559e+02 6.6211297607e+02 6.6200701904e+02 6.6196801758e+02 6.6209600830e+02 6.6221502686e+02 6.6227600098e+02 6.6242901611e+02 6.6254498291e+02 6.6263598633e+02 6.6277502441e+02 6.6291802979e+02 6.6303802490e+02 6.6317102051e+02 6.6339801025e+02 6.6344201660e+02 6.6348999023e+02 6.6373699951e+02 6.6394000244e+02 6.6403100586e+02 6.6410699463e+02 6.6430902100e+02 6.6449902344e+02 6.6465100098e+02 6.6478302002e+02 6.6484600830e+02 6.6488500977e+02 6.6497497559e+02 6.6507098389e+02 6.6512402344e+02 6.6518597412e+02 6.6524102783e+02 6.6528900146e+02 6.6535101318e+02 6.6541101074e+02 6.6545898438e+02
6.6031799316e+02 6.6044097900e+02 6.6054998779e+02 6.6064697266e+02 6.6073797607e+02 6.6084899902e+02 6.6095001221e+02 6.6105902100e+02 6.6118499756e+02 6.6132299805e+02 6.6151800537e+02 6.6172998047e+02 6.6172802734e+02 6.6170697021e+02 6.6184301758e+02 6.6195397949e+02 6.6201898193e+02 6.6219000244e+02 6.6230902100e+02 6.6241497803e+02 6.6255798340e+02 6.6270800781e+02 6.6284100342e+02 6.6299401855e+02 6.6316198730e+02 6.6319097900e+02 6.6319897461e+02 6.6340600586e+02 6.6358300781e+02 6.6371398926e+02 6.6385699463e+02 6.6404400635e+02 6.6412200928e+02 6.6428601074e+02 6.6446099854e+02 6.6456701660e+02 6.6467797852e+02 6.6478100586e+02 6.6491900635e+02 6.6501898193e+02 6.6509698486e+02 6.6514001465e+02 6.6517498779e+02 6.6523797607e+02 6.6530401611e+02 6.6536602783e+02
6.6017700195e+02 6.6027197266e+02 6.6036999512e+02 6.6046197510e+02 6.6054602051e+02 6.6064801025e+02 6.6074499512e+02 6.6085601807e+02 6.6098297119e+02 6.6108398438e+02 6.6123498535e+02 6.6144299316e+02 6.6151898193e+02 6.6152502441e+02 6.6161499023e+02 6.6169299316e+02 6.6177301025e+02 6.6195397949e+02 6.6208398438e+02 6.6219000244e+02 6.6231298828e+02 6.6244799805e+02 6.6259497070e+02 6.6274298096e+02 6.6285498047e+02 6.6289898682e+02 6.6295397949e+02 6.6314398193e+02 6.6334497070e+02 6.6349902344e+02 6.6364898682e+02 6.6376501465e+02 6.6382501221e+02 6.6401501465e+02 6.6418701172e+02 6.6430798340e+02 6.6447100830e+02 6.6455798340e+02 6.6468298340e+02 6.6482299805e+02 6.6494097900e+02 6.6502197266e+02 6.6509301758e+02 6.6515100098e+02 6.6518597412e+02 6.6525402832e+02
6.6004400635e+02 6.6011700439e+02 6.6020098877e+02 6.6028399658e+02 6.6037097168e+02 6.6047900391e+02 6.6056298828e+02 6.6065600586e+02 6.6077197266e+02 6.6088000488e+02 6.6099298096e+02 6.6115197754e+02 6.6130297852e+02 6.6136999512e+02 6.6145202637e+02 6.6152197266e+02 6.6159997559e+02 6.6173901367e+02 6.6183697510e+02 6.6194097900e+02 6.6207501221e+02 6.6219702148e+02 6.6235101318e+02 6.6245800781e+02 6.6254199219e+02 6.6261901855e+02 6.6271899414e+02 6.6289202881e+02 6.6304699707e+02 6.6317999268e+02 6.6333697510e+02 6.6347100830e+02 6.6356500244e+02 6.6370898438e+02 6.6385101318e+02 6.6404797363e+02 6.6427600098e+02 6.6433398438e+02 6.6442498779e+02 6.6459399414e+02 6.6475500488e+02 6.6485498047e+02 6.6496600342e+02 6.6503399658e+02 6.6508197021e+02 6.6516900635e+02
6.5988897705e+02 6.5996301270e+02 6.6004797363e+02 6.6012597656e+02 6.6021600342e+02 6.6032299805e+02 6.6040899658e+02 6.6049401855e+02 6.6057800293e+02 6.6069097900e+02 6.6079498291e+02 6.6091900635e+02 6.6105700684e+02 6.6115100098e+02 6.6125402832e+02 6.6133502197e+02 6.6144000244e+02 6.6157299805e+02 6.6167199707e+02 6.6176501465e+02 6.6189801025e+02 6.6199902344e+02 6.6214398193e+02 6.6223400879e+02 6.6231298828e+02 6.6239398193e+02 6.6252001953e+02 6.6268298340e+02 6.6280102539e+02 6.6293103027e+02 6.6305902100e+02 6.6321197510e+02 6.6332501221e+02 6.6345397949e+02 6.6357299805e+02 6.6373498535e+02 6.6396301270e+02 6.6404101563e+02 6.6415301514e+02 6.6436901855e+02 6.6454400635e+02 6.6460699463e+02 6.6474902344e+02 6.6488000488e+02 6.6497998047e+02 6.6507800293e+02
6.5973101807e+02 6.5980798340e+02 6.5990502930e+02 6.5997998047e+02 6.6007299805e+02 6.6016497803e+02 6.6024102783e+02 6.6030902100e+02 6.6038397217e+02 6.6048101807e+02 6.6059197998e+02 6.6069598389e+02 6.6082098389e+02 6.6094000244e+02 6.6103997803e+02 6.6112597656e+02 6.6127899170e+02 6.6144396973e+02 6.6155700684e+02 6.6160302734e+02 6.6169897461e+02 6.6178698730e+02 6.6193798828e+02 6.6203100586e+02 6.6209399414e+02 6.6218798828e+02 6.6234399414e+02 6.6248297119e+02 6.6258099365e+02 6.6272198486e+02 6.6283697510e+02 6.6297998047e+02 6.6309399414e+02 6.6327398682e+02 6.6340899658e+02 6.6347302246e+02 6.6361297607e+02 6.6375201416e+02 6.6389300537e+02 6.6408398438e+02 6.6423999023e+02 6.6433801270e+02 6.6449298096e+02 6.6468701172e+02 6.6482702637e+02 6.6491601563e+02
6.5963500977e+02 6.5970599365e+02 6.5978302002e+02 6.5983898926e+02 6.5990997314e+02 6.6000097656e+02 6.6007702637e+02 6.6014898682e+02 6.6023999023e+02 6.6032098389e+02 6.6043200684e+02 6.6052600098e+02 6.6062097168e+02 6.6073498535e+02 6.6083898926e+02 6.6091802979e+02 6.6105902100e+02 6.6121697998e+02 6.6133502197e+02 6.6136199951e+02 6.6147302246e+02 6.6163201904e+02 6.6179602051e+02 6.6185699463e+02 6.6191400146e+02 6.6202001953e+02 6.6211999512e+02 6.6227801514e+02 6.6237597656e+02 6.6248999023e+02 6.6265399170e+02 6.6276898193e+02 6.6283502197e+02 6.6299700928e+02 6.6312799072e+02 6.6318701172e+02 6.6333300781e+02 6.6348699951e+02 6.6361499023e+02 6.6375000000e+02 6.6391699219e+02 6.6408898926e+02 6.6425097656e+02 6.6437597656e+02 6.6452801514e+02 6.6466601563e+02
6.5952899170e+02 6.5960198975e+02 6.5966101074e+02 6.5971899414e+02 6.5978698730e+02 6.5986700439e+02 6.5993402100e+02 6.6000201416e+02 6.6008801270e+02 6.6016699219e+02 6.6027197266e+02 6.6037097168e+02 6.6044598389e+02 6.6052899170e+02 6.6063299561e+02 6.6072601318e+02 6.6084802246e+02 6.6097497559e+02 6.6109100342e+02 6.6115197754e+02 6.6127099609e+02 6.6144897461e+02 6.6159100342e+02 6.6163598633e+02 6.6174902344e+02 6.6188201904e+02 6.6194097900e+02 6.6207202148e+02 6.6216400146e+02 6.6233398438e+02 6.6255798340e+02 6.6263000488e+02 6.6261401367e+02 6.6276599121e+02 6.6289599609e+02 6.6291400146e+02 6.6305798340e+02 6.6324499512e+02 6.6339801025e+02 6.6351599121e+02 6.6365301514e+02 6.6383001709e+02 6.6402197266e+02 6.6414398193e+02 6.6430499268e+02 6.6442999268e+02
6.5937200928e+02 6.5944702148e+02 6.5952398682e+02 6.5959997559e+02 6.5967700195e+02 6.5975000000e+02 6.5981097412e+02 6.5987402344e+02 6.5993902588e+02 6.6001000977e+02 6.6010302734e+02 6.6020898438e+02 6.6030297852e+02 6.6036999512e+02 6.6046099854e+02 6.6055999756e+02 6.6067199707e+02 6.6076800537e+02 6.6086499023e+02 6.6096002197e+02 6.6108398438e+02 6.6123101807e+02 6.6133300781e+02 6.6141998291e+02 6.6154998779e+02 6.6166699219e+02 6.6177697754e+02 6.6188299561e+02 6.6192999268e+02 6.6209698486e+02 6.6235198975e+02 6.6248101807e+02 6.6244799805e+02 6.6255999756e+02 6.6265301514e+02 6.6266601563e+02 6.6284100342e+02 6.6306701660e+02 6.6321002197e+02 6.6329302979e+02 6.6339599609e+02 6.6357702637e+02 6.6381500244e+02 6.6400897217e+02 6.6419897461e+02 6.6423602295e+02
