TESTSERVER/21/11.asc
NCOLS 100
NROWS 100
XLLCORNER 8.5497500000e+03
YLLCORNER 2.8940025000e+05
CELLSIZE 5.0000000000e-01
NODATA_VALUE -9.9990000000e+03
[rows 20 to 39 of 100, columns 0 to 45 of 100]
6.4725598145e+02 6.4725701904e+02 6.4727301025e+02 6.4730798340e+02 6.4733398438e+02 6.4734600830e+02 6.4736602783e+02 6.4736901855e+02 6.4736297607e+02 6.4737902832e+02 6.4742102051e+02 6.4745501709e+02 6.4748498535e+02 6.4751300049e+02 6.4754998779e+02 6.4759600830e+02 6.4764801025e+02 6.4768902588e+02 6.4774499512e+02 6.4777899170e+02 6.4780700684e+02 6.4783801270e+02 6.4787902832e+02 6.4792199707e+02 6.4797399902e+02 6.4802301025e+02 6.4807202148e+02 6.4812701416e+02 6.4819000244e+02 6.4824902344e+02 6.4829602051e+02 6.4835699463e+02 6.4841400146e+02 6.4846301270e+02 6.4853198242e+02 6.4859698486e+02 6.4864501953e+02 6.4870397949e+02 6.4877197266e+02 6.4885797119e+02 6.4892700195e+02 6.4897601318e+02 6.4904199219e+02 6.4912799072e+02 6.4920397949e+02 6.4926397705e+02
6.4714599609e+02 6.4714300537e+02 6.4716699219e+02 6.4720300293e+02 6.4722601318e+02 6.4722698975e+02 6.4723498535e+02 6.4723602295e+02 6.4722998047e+02 6.4725000000e+02 6.4728601074e+02 6.4731201172e+02 6.4734399414e+02 6.4737902832e+02 6.4742297363e+02 6.4746002197e+02 6.4752001953e+02 6.4755700684e+02 6.4759100342e+02 6.4764099121e+02 6.4768499756e+02 6.4772601318e+02 6.4775000000e+02 6.4777899170e+02 6.4782702637e+02 6.4788098145e+02 6.4793701172e+02 6.4800097656e+02 6.4806201172e+02 6.4811401367e+02 6.4815698242e+02 6.4822100830e+02 6.4827197266e+02 6.4832702637e+02 6.4838702393e+02 6.4843402100e+02 6.4849902344e+02 6.4856402588e+02 6.4862298584e+02 6.4869500732e+02 6.4877197266e+02 6.4883502197e+02 6.4889001465e+02 6.4896002197e+02 6.4903302002e+02 6.4910198975e+02
6.4705902100e+02 6.4705902100e+02 6.4706896973e+02 6.4709100342e+02 6.4710900879e+02 6.4711102295e+02 6.4711199951e+02 6.4711199951e+02 6.4710302734e+02 6.4712500000e+02 6.4716497803e+02 6.4716998291e+02 6.4720098877e+02 6.4724102783e+02 6.4728302002e+02 6.4732098389e+02 6.4739099121e+02 6.4742901611e+02 6.4745202637e+02 6.4750897217e+02 6.4755700684e+02 6.4759600830e+02 6.4761401367e+02 6.4763800049e+02 6.4769201660e+02 6.4775701904e+02 6.4779699707e+02 6.4785198975e+02 6.4791601563e+02 6.4797198486e+02 6.4801397705e+02 6.4807202148e+02 6.4812097168e+02 6.4816900635e+02 6.4821997070e+02 6.4826501465e+02 6.4833599854e+02 6.4840600586e+02 6.4846997070e+02 6.4853399658e+02 6.4860400391e+02 6.4867602539e+02 6.4873699951e+02 6.4878601074e+02 6.4885699463e+02 6.4893597412e+02
6.4697198486e+02 6.4697302246e+02 6.4696899414e+02 6.4696801758e+02 6.4697900391e+02 6.4698400879e+02 6.4698699951e+02 6.4698699951e+02 6.4698101807e+02 6.4700500488e+02 6.4703399658e+02 6.4702697754e+02 6.4705902100e+02 6.4709802246e+02 6.4714300537e+02 6.4718103027e+02 6.4723797607e+02 6.4727600098e+02 6.4731896973e+02 6.4737597656e+02 6.4741101074e+02 6.4743798828e+02 6.4745898438e+02 6.4747698975e+02 6.4754199219e+02 6.4761499023e+02 6.4765100098e+02 6.4770599365e+02 6.4776000977e+02 6.4781597900e+02 6.4787097168e+02 6.4790997314e+02 6.4795300293e+02 6.4799902344e+02 6.4805999756e+02 6.4811999512e+02 6.4818103027e+02 6.4824298096e+02 6.4830902100e+02 6.4837298584e+02 6.4843103027e+02 6.4850500488e+02 6.4857800293e+02 6.4862902832e+02 6.4870397949e+02 6.4878302002e+02
6.4685302734e+02 6.4685797119e+02 6.4685400391e+02 6.4684002686e+02 6.4683502197e+02 6.4683001709e+02 6.4684301758e+02 6.4684399414e+02 6.4683898926e+02 6.4685601807e+02 6.4687902832e+02 6.4688800049e+02 6.4692102051e+02 6.4695300293e+02 6.4698602295e+02 6.4703198242e+02 6.4708001709e+02 6.4711602783e+02 6.4715997314e+02 6.4722198486e+02 6.4724798584e+02 6.4726800537e+02 6.4728802490e+02 6.4729699707e+02 6.4736401367e+02 6.4743798828e+02 6.4748699951e+02 6.4754199219e+02 6.4760101318e+02 6.4766400146e+02 6.4773297119e+02 6.4775299072e+02 6.4778900146e+02 6.4783898926e+02 6.4790698242e+02 6.4796997070e+02 6.4802301025e+02 6.4808001709e+02 6.4814898682e+02 6.4822698975e+02 6.4827899170e+02 6.4834899902e+02 6.4842199707e+02 6.4847698975e+02 6.4854699707e+02 6.4861700439e+02
6.4673199463e+02 6.4672497559e+02 6.4670697021e+02 6.4670202637e+02 6.4669598389e+02 6.4668597412e+02 6.4667498779e+02 6.4667297363e+02 6.4668701172e+02 6.4669598389e+02 6.4669500732e+02 6.4672100830e+02 6.4675299072e+02 6.4678497314e+02 6.4682299805e+02 6.4685900879e+02 6.4690899658e+02 6.4695501709e+02 6.4698699951e+02 6.4704901123e+02 6.4708599854e+02 6.4709899902e+02 6.4710797119e+02 6.4712500000e+02 6.4717700195e+02 6.4724499512e+02 6.4730499268e+02 6.4737298584e+02 6.4744500732e+02 6.4749401855e+02 6.4754797363e+02 6.4760601807e+02 6.4764398193e+02 6.4768200684e+02 6.4774102783e+02 6.4780200195e+02 6.4785699463e+02 6.4791497803e+02 6.4797802734e+02 6.4805401611e+02 6.4811901855e+02 6.4819000244e+02 6.4824902344e+02 6.4831298828e+02 6.4839202881e+02 6.4845397949e+02
6.4657897949e+02 6.4656402588e+02 6.4655102539e+02 6.4654699707e+02 6.4654199219e+02 6.4653601074e+02 6.4651397705e+02 6.4650097656e+02 6.4650799561e+02 6.4651202393e+02 6.4651098633e+02 6.4653399658e+02 6.4656701660e+02 6.4659802246e+02 6.4664599609e+02 6.4669000244e+02 6.4672497559e+02 6.4677197266e+02 6.4681500244e+02 6.4687402344e+02 6.4691400146e+02 6.4692297363e+02 6.4693701172e+02 6.4696301270e+02 6.4700598145e+02 6.4707397461e+02 6.4713702393e+02 6.4720202637e+02 6.4727197266e+02 6.4730700684e+02 6.4734802246e+02 6.4743103027e+02 6.4748199463e+02 6.4751702881e+02 6.4757397461e+02 6.4763000488e+02 6.4768798828e+02 6.4774597168e+02 6.4779699707e+02 6.4786999512e+02 6.4794097900e+02 6.4801098633e+02 6.4806298828e+02 6.4814001465e+02 6.4821899414e+02 6.4827502441e+02
6.4642102051e+02 6.4641101074e+02 6.4639202881e+02 6.4637402344e+02 6.4635998535e+02 6.4635998535e+02 6.4634399414e+02 6.4632098389e+02 6.4631201172e+02 6.4632098389e+02 6.4634600830e+02 6.4636602783e+02 6.4639398193e+02 6.4642199707e+02 6.4647100830e+02 6.4651397705e+02 6.4653802490e+02 6.4659002686e+02 6.4665100098e+02 6.4670001221e+02 6.4673498535e+02 6.4673901367e+02 6.4676000977e+02 6.4678900146e+02 6.4683099365e+02 6.4690002441e+02 6.4696002197e+02 6.4702301025e+02 6.4709002686e+02 6.4713299561e+02 6.4718402100e+02 6.4726098633e+02 6.4731298828e+02 6.4734899902e+02 6.4740399170e+02 6.4746197510e+02 6.4751898193e+02 6.4756896973e+02 6.4761499023e+02 6.4769000244e+02 6.4775598145e+02 6.4781597900e+02 6.4787200928e+02 6.4794000244e+02 6.4801300049e+02 6.4807598877e+02
6.4627801514e+02 6.4625598145e+02 6.4621398926e+02 6.4618597412e+02 6.4616400146e+02 6.4616198730e+02 6.4616998291e+02 6.4615197754e+02 6.4613500977e+02 6.4614599609e+02 6.4617498779e+02 6.4619396973e+02 6.4621899414e+02 6.4625000000e+02 6.4628100586e+02 6.4631597900e+02 6.4636199951e+02 6.4642999268e+02 6.4648699951e+02 6.4653497314e+02 6.4656201172e+02 6.4657299805e+02 6.4659002686e+02 6.4662500000e+02 6.4666198730e+02 6.4671398926e+02 6.4677099609e+02 6.4684301758e+02 6.4690301514e+02 6.4695501709e+02 6.4702001953e+02 6.4707800293e+02 6.4713299561e+02 6.4717797852e+02 6.4722302246e+02 6.4727697754e+02 6.4732000732e+02 6.4736401367e+02 6.4743200684e+02 6.4749597168e+02 6.4754699707e+02 6.4760601807e+02 6.4766699219e+02 6.4773797607e+02 6.4781701660e+02 6.4788598633e+02
6.4612597656e+02 6.4609002686e+02 6.4605999756e+02 6.4603100586e+02 6.4599499512e+02 6.4598297119e+02 6.4600897217e+02 6.4599298096e+02 6.4597198486e+02 6.4598498535e+02 6.4600897217e+02 6.4601202393e+02 6.4603601074e+02 6.4608099365e+02 6.4612200928e+02 6.4615802002e+02 6.4621398926e+02 6.4627197266e+02 6.4632098389e+02 6.4636602783e+02 6.4638897705e+02 6.4640802002e+02 6.4642901611e+02 6.4646502686e+02 6.4650598145e+02 6.4655902100e+02 6.4661499023e+02 6.4667401123e+02 6.4673297119e+02 6.4678802490e+02 6.4684899902e+02 6.4688702393e+02 6.4694702148e+02 6.4699700928e+02 6.4703198242e+02 6.4709399414e+02 6.4714300537e+02 6.4718902588e+02 6.4724700928e+02 6.4729797363e+02 6.4735400391e+02 6.4743200684e+02 6.4748901367e+02 6.4754400635e+02 6.4762200928e+02 6.4770001221e+02
6.4595501709e+02 6.4592602539e+02 6.4591302490e+02 6.4588897705e+02 6.4584698486e+02 6.4583001709e+02 6.4585900879e+02 6.4584802246e+02 6.4582800293e+02 6.4584100342e+02 6.4585998535e+02 6.4586999512e+02 6.4589300537e+02 6.4592901611e+02 6.4596899414e+02 6.4601397705e+02 6.4606201172e+02 6.4610998535e+02 6.4616101074e+02 6.4619299316e+02 6.4622497559e+02 6.4625500488e+02 6.4627600098e+02 6.4630401611e+02 6.4634802246e+02 6.4639801025e+02 6.4646099854e+02 6.4651098633e+02 6.4655603027e+02 6.4659997559e+02 6.4665399170e+02 6.4670001221e+02 6.4675897217e+02 6.4681298828e+02 6.4685699463e+02 6.4691497803e+02 6.4696099854e+02 6.4700500488e+02 6.4705798340e+02 6.4710699463e+02 6.4716400146e+02 6.4723199463e+02 6.4729199219e+02 6.4734197998e+02 6.4741497803e+02 6.4748901367e+02
6.4580297852e+02 6.4577801514e+02 6.4576397705e+02 6.4574298096e+02 6.4570800781e+02 6.4568902588e+02 6.4571099854e+02 6.4570202637e+02 6.4568103027e+02 6.4569097900e+02 6.4571099854e+02 6.4573699951e+02 6.4575701904e+02 6.4578002930e+02 6.4582202148e+02 6.4586602783e+02 6.4590600586e+02 6.4595202637e+02 6.4600897217e+02 6.4604199219e+02 6.4607501221e+02 6.4609802246e+02 6.4612402344e+02 6.4615399170e+02 6.4619799805e+02 6.4624597168e+02 6.4630603027e+02 6.4634497070e+02 6.4638800049e+02 6.4642999268e+02 6.4647399902e+02 6.4652197266e+02 6.4657501221e+02 6.4662902832e+02 6.4668499756e+02 6.4673699951e+02 6.4678002930e+02 6.4682501221e+02 6.4686999512e+02 6.4690899658e+02 6.4696398926e+02 6.4702301025e+02 6.4708801270e+02 6.4714801025e+02 6.4721899414e+02 6.4727801514e+02
6.4569500732e+02 6.4567102051e+02 6.4564099121e+02 6.4561102295e+02 6.4557702637e+02 6.4554699707e+02 6.4555200195e+02 6.4554302979e+02 6.4553302002e+02 6.4554797363e+02 6.4558099365e+02 6.4559899902e+02 6.4560998535e+02 6.4562597656e+02 6.4567901611e+02 6.4571002197e+02 6.4574597168e+02 6.4579302979e+02 6.4584002686e+02 6.4589099121e+02 6.4592199707e+02 6.4593597412e+02 6.4596600342e+02 6.4600402832e+02 6.4604797363e+02 6.4609197998e+02 6.4613201904e+02 6.4616998291e+02 6.4621600342e+02 6.4625897217e+02 6.4630603027e+02 6.4634197998e+02 6.4638299561e+02 6.4643499756e+02 6.4650000000e+02 6.4655499268e+02 6.4660400391e+02 6.4664202881e+02 6.4666601563e+02 6.4671600342e+02 6.4678100586e+02 6.4683801270e+02 6.4689202881e+02 6.4695501709e+02 6.4701800537e+02 6.4705999756e+02
6.4558099365e+02 6.4554699707e+02 6.4552099609e+02 6.4550598145e+02 6.4546600342e+02 6.4542102051e+02 6.4540301514e+02 6.4538800049e+02 6.4539801025e+02 6.4543103027e+02 6.4546899414e+02 6.4547302246e+02 6.4547900391e+02 6.4548999023e+02 6.4552301025e+02 6.4555603027e+02 6.4559301758e+02 6.4563201904e+02 6.4566900635e+02 6.4571398926e+02 6.4575402832e+02 6.4578002930e+02 6.4579901123e+02 6.4582000732e+02 6.4587597656e+02 6.4592797852e+02 6.4595501709e+02 6.4599298096e+02 6.4603900146e+02 6.4608197021e+02 6.4612298584e+02 6.4615600586e+02 6.4619396973e+02 6.4623999023e+02 6.4629602051e+02 6.4634997559e+02 6.4640899658e+02 6.4645202637e+02 6.4648999023e+02 6.4653601074e+02 6.4658801270e+02 6.4664398193e+02 6.4670001221e+02 6.4676202393e+02 6.4680798340e+02 6.4685498047e+02
6.4547302246e+02 6.4544299316e+02 6.4542602539e+02 6.4540502930e+02 6.4535699463e+02 6.4530401611e+02 6.4526702881e+02 6.4525701904e+02 6.4527697754e+02 6.4531201172e+02 6.4533898926e+02 6.4534698486e+02 6.4535699463e+02 6.4536700439e+02 6.4539202881e+02 6.4542401123e+02 6.4546099854e+02 6.4548699951e+02 6.4551501465e+02 6.4555401611e+02 6.4559497070e+02 6.4562701416e+02 6.4564398193e+02 6.4565301514e+02 6.4570098877e+02 6.4575500488e+02 6.4579199219e+02 6.4583398438e+02 6.4587200928e+02 6.4591302490e+02 6.4594396973e+02 6.4597900391e+02 6.4601800537e+02 6.4606097412e+02 6.4610900879e+02 6.4615997314e+02 6.4621502686e+02 6.4625402832e+02 6.4630102539e+02 6.4635900879e+02 6.4640002441e+02 6.4645599365e+02 6.4651898193e+02 6.4656298828e+02 6.4660797119e+02 6.4666400146e+02
6.4537500000e+02 6.4534899902e+02 6.4532702637e+02 6.4529302979e+02 6.4524298096e+02 6.4519097900e+02 6.4514697266e+02 6.4514501953e+02 6.4516198730e+02 6.4519000244e+02 6.4520599365e+02 6.4522100830e+02 6.4523602295e+02 6.4524700928e+02 6.4526098633e+02 6.4528302002e+02 6.4531500244e+02 6.4533801270e+02 6.4537097168e+02 6.4540600586e+02 6.4543402100e+02 6.4546002197e+02 6.4548297119e+02 6.4550201416e+02 6.4553997803e+02 6.4559197998e+02 6.4564001465e+02 6.4568499756e+02 6.4571301270e+02 6.4574902344e+02 6.4577801514e+02 6.4582000732e+02 6.4585601807e+02 6.4588800049e+02 6.4593200684e+02 6.4597998047e+02 6.4601397705e+02 6.4604400635e+02 6.4609301758e+02 6.4616302490e+02 6.4620397949e+02 6.4626702881e+02 6.4632299805e+02 6.4636700439e+02 6.4642700195e+02 6.4648602295e+02
6.4529998779e+02 6.4526702881e+02 6.4521801758e+02 6.4518200684e+02 6.4513500977e+02 6.4509100342e+02 6.4505603027e+02 6.4504400635e+02 6.4504998779e+02 6.4507000732e+02 6.4509002686e+02 6.4511401367e+02 6.4511798096e+02 6.4512298584e+02 6.4513098145e+02 6.4515600586e+02 6.4517700195e+02 6.4518902588e+02 6.4522198486e+02 6.4526000977e+02 6.4528100586e+02 6.4529699707e+02 6.4532098389e+02 6.4534600830e+02 6.4537902832e+02 6.4542700195e+02 6.4546099854e+02 6.4550299072e+02 6.4553802490e+02 6.4558197021e+02 6.4561499023e+02 6.4565100098e+02 6.4569000244e+02 6.4571697998e+02 6.4576000977e+02 6.4580499268e+02 6.4582098389e+02 6.4584899902e+02 6.4591101074e+02 6.4596697998e+02 6.4601800537e+02 6.4608898926e+02 6.4612597656e+02 6.4617498779e+02 6.4623797607e+02 6.4628802490e+02
6.4521197510e+02 6.4516998291e+02 6.4512902832e+02 6.4508697510e+02 6.4503002930e+02 6.4498602295e+02 6.4497302246e+02 6.4495898438e+02 6.4495098877e+02 6.4496600342e+02 6.4499700928e+02 6.4502001953e+02 6.4501702881e+02 6.4501098633e+02 6.4501300049e+02 6.4503302002e+02 6.4505401611e+02 6.4507098389e+02 6.4509100342e+02 6.4511102295e+02 6.4513201904e+02 6.4514898682e+02 6.4517700195e+02 6.4519598389e+02 6.4522302246e+02 6.4526898193e+02 6.4530700684e+02 6.4533502197e+02 6.4536199951e+02 6.4540197754e+02 6.4544299316e+02 6.4547698975e+02 6.4551397705e+02 6.4555102539e+02 6.4559002686e+02 6.4562200928e+02 6.4564398193e+02 6.4567498779e+02 6.4572302246e+02 6.4577398682e+02 6.4582397461e+02 6.4588299561e+02 6.4592797852e+02 6.4598297119e+02 6.4605102539e+02 6.4608898926e+02
6.4513500977e+02 6.4508898926e+02 6.4504901123e+02 6.4501300049e+02 6.4495501709e+02 6.4490802002e+02 6.4489801025e+02 6.4488702393e+02 6.4486999512e+02 6.4487597656e+02 6.4490502930e+02 6.4492102051e+02 6.4491101074e+02 6.4490698242e+02 6.4490997314e+02 6.4491601563e+02 6.4493402100e+02 6.4495098877e+02 6.4496002197e+02 6.4497198486e+02 6.4499102783e+02 6.4500799561e+02 6.4503198242e+02 6.4505700684e+02 6.4508898926e+02 6.4512799072e+02 6.4515899658e+02 6.4518597412e+02 6.4520898438e+02 6.4523797607e+02 6.4527600098e+02 6.4530297852e+02 6.4533398438e+02 6.4537402344e+02 6.4541302490e+02 6.4544299316e+02 6.4547302246e+02 6.4551000977e+02 6.4554797363e+02 6.4559899902e+02 6.4564697266e+02 6.4569598389e+02 6.4574798584e+02 6.4579998779e+02 6.4586297607e+02 6.4590197754e+02
6.4505401611e+02 6.4501000977e+02 6.4497302246e+02 6.4494000244e+02 6.4489599609e+02 6.4485302734e+02 6.4483001709e+02 6.4481201172e+02 6.4479101563e+02 6.4479400635e+02 6.4481500244e+02 6.4481896973e+02 6.4480902100e+02 6.4480798340e+02 6.4481097412e+02 6.4480798340e+02 6.4481896973e+02 6.4482501221e+02 6.4483697510e+02 6.4484600830e+02 6.4485601807e+02 6.4487402344e+02 6.4489599609e+02 6.4492297363e+02 6.4495501709e+02 6.4497802734e+02 6.4499700928e+02 6.4503198242e+02 6.4506097412e+02 6.4508697510e+02 6.4511700439e+02 6.4514001465e+02 6.4517102051e+02 6.4521002197e+02 6.4524102783e+02 6.4527600098e+02 6.4530499268e+02 6.4534100342e+02 6.4538397217e+02 6.4543200684e+02 6.4547100830e+02 6.4551000977e+02 6.4555798340e+02 6.4559399414e+02 6.4565399170e+02 6.4570599365e+02
