TESTSERVER/21/11.asc
NCOLS 100
NROWS 100
XLLCORNER 8.5497500000e+03
YLLCORNER 2.8940025000e+05
CELLSIZE 5.0000000000e-01
NODATA_VALUE -9.9990000000e+03
[rows 80 to 99 of 100, columns 0 to 45 of 100]
6.4304998779e+02 6.4301098633e+02 6.4296801758e+02 6.4292401123e+02 6.4287701416e+02 6.4282202148e+02 6.4275500488e+02 6.4270599365e+02 6.4266497803e+02 6.4263702393e+02 6.4261401367e+02 6.4257098389e+02 6.4251599121e+02 6.4248498535e+02 6.4247802734e+02 6.4246899414e+02 6.4246600342e+02 6.4245898438e+02 6.4245898438e+02 6.4243902588e+02 6.4242498779e+02 6.4244396973e+02 6.4246301270e+02 6.4251501465e+02 6.4257098389e+02 6.4262902832e+02 6.4265802002e+02 6.4265600586e+02 6.4266802979e+02 6.4268798828e+02 6.4269897461e+02 6.4273602295e+02 6.4276098633e+02 6.4277197266e+02 6.4279101563e+02 6.4281298828e+02 6.4280999756e+02 6.4279998779e+02 6.4280798340e+02 6.4280102539e+02 6.4279498291e+02 6.4276702881e+02 6.4271197510e+02 6.4266601563e+02 6.4262200928e+02 6.4258300781e+02
6.4303802490e+02 6.4300598145e+02 6.4295800781e+02 6.4291101074e+02 6.4286798096e+02 6.4281799316e+02 6.4276800537e+02 6.4271997070e+02 6.4266998291e+02 6.4263500977e+02 6.4260601807e+02 6.4257702637e+02 6.4254101563e+02 6.4250701904e+02 6.4247497559e+02 6.4247497559e+02 6.4247198486e+02 6.4245697021e+02 6.4244598389e+02 6.4242199707e+02 6.4241802979e+02 6.4244799805e+02 6.4247100830e+02 6.4251300049e+02 6.4257501221e+02 6.4262500000e+02 6.4264300537e+02 6.4264801025e+02 6.4265399170e+02 6.4268200684e+02 6.4270300293e+02 6.4272601318e+02 6.4275897217e+02 6.4278002930e+02 6.4279699707e+02 6.4280999756e+02 6.4280603027e+02 6.4278198242e+02 6.4276098633e+02 6.4276501465e+02 6.4275598145e+02 6.4270697021e+02 6.4263299561e+02 6.4260797119e+02 6.4251202393e+02 6.4240899658e+02
6.4303601074e+02 6.4299298096e+02 6.4293902588e+02 6.4290997314e+02 6.4287097168e+02 6.4281799316e+02 6.4277099609e+02 6.4272601318e+02 6.4267401123e+02 6.4264001465e+02 6.4261102295e+02 6.4259802246e+02 6.4256896973e+02 6.4253302002e+02 6.4249902344e+02 6.4249200439e+02 6.4247900391e+02 6.4245599365e+02 6.4244897461e+02 6.4243402100e+02 6.4242999268e+02 6.4245202637e+02 6.4248199463e+02 6.4250897217e+02 6.4256701660e+02 6.4261297607e+02 6.4263500977e+02 6.4264801025e+02 6.4266198730e+02 6.4269598389e+02 6.4271899414e+02 6.4272100830e+02 6.4274798584e+02 6.4277502441e+02 6.4278698730e+02 6.4279901123e+02 6.4279498291e+02 6.4277099609e+02 6.4272601318e+02 6.4270001221e+02 6.4266900635e+02 6.4259100342e+02 6.4249200439e+02 6.4245098877e+02 6.4231201172e+02 6.4218499756e+02
6.4303802490e+02 6.4297900391e+02 6.4292297363e+02 6.4290301514e+02 6.4286199951e+02 6.4281097412e+02 6.4277197266e+02 6.4272998047e+02 6.4268298340e+02 6.4265399170e+02 6.4263098145e+02 6.4262298584e+02 6.4259600830e+02 6.4255603027e+02 6.4252398682e+02 6.4250097656e+02 6.4248199463e+02 6.4246398926e+02 6.4246600342e+02 6.4246197510e+02 6.4245599365e+02 6.4245098877e+02 6.4246600342e+02 6.4249200439e+02 6.4253997803e+02 6.4259002686e+02 6.4262200928e+02 6.4264898682e+02 6.4267797852e+02 6.4270599365e+02 6.4273101807e+02 6.4274298096e+02 6.4275897217e+02 6.4277697754e+02 6.4277099609e+02 6.4277301025e+02 6.4275799561e+02 6.4273101807e+02 6.4268798828e+02 6.4262701416e+02 6.4256701660e+02 6.4248199463e+02 6.4239801025e+02 6.4232397461e+02 6.4215502930e+02 6.4202502441e+02
6.4303198242e+02 6.4297698975e+02 6.4293402100e+02 6.4289501953e+02 6.4285400391e+02 6.4281896973e+02 6.4278100586e+02 6.4273999023e+02 6.4269799805e+02 6.4266497803e+02 6.4264398193e+02 6.4263397217e+02 6.4261401367e+02 6.4257702637e+02 6.4254602051e+02 6.4251898193e+02 6.4249499512e+02 6.4248101807e+02 6.4248999023e+02 6.4248901367e+02 6.4248602295e+02 6.4246197510e+02 6.4245300293e+02 6.4248797607e+02 6.4252301025e+02 6.4255902100e+02 6.4260101318e+02 6.4262701416e+02 6.4266601563e+02 6.4269299316e+02 6.4271099854e+02 6.4273999023e+02 6.4275701904e+02 6.4276000977e+02 6.4276000977e+02 6.4274700928e+02 6.4271502686e+02 6.4266198730e+02 6.4261401367e+02 6.4255297852e+02 6.4248101807e+02 6.4241400146e+02 6.4240600586e+02 6.4228497314e+02 6.4207202148e+02 6.4190899658e+02
6.4300598145e+02 6.4295300293e+02 6.4291900635e+02 6.4289099121e+02 6.4285699463e+02 6.4282501221e+02 6.4278601074e+02 6.4275701904e+02 6.4271197510e+02 6.4267297363e+02 6.4267700195e+02 6.4265301514e+02 6.4262402344e+02 6.4259600830e+02 6.4256701660e+02 6.4253900146e+02 6.4251702881e+02 6.4249798584e+02 6.4250598145e+02 6.4250799561e+02 6.4250897217e+02 6.4249597168e+02 6.4248602295e+02 6.4251000977e+02 6.4253601074e+02 6.4255999756e+02 6.4258398438e+02 6.4261602783e+02 6.4264801025e+02 6.4266900635e+02 6.4268103027e+02 6.4271002197e+02 6.4272198486e+02 6.4272900391e+02 6.4272998047e+02 6.4271398926e+02 6.4266900635e+02 6.4259698486e+02 6.4254797363e+02 6.4249700928e+02 6.4242999268e+02 6.4234899902e+02 6.4226702881e+02 6.4211297607e+02 6.4188397217e+02 6.4174102783e+02
6.4298199463e+02 6.4292999268e+02 6.4291101074e+02 6.4289300537e+02 6.4287097168e+02 6.4284497070e+02 6.4280902100e+02 6.4277197266e+02 6.4273297119e+02 6.4270397949e+02 6.4271099854e+02 6.4267999268e+02 6.4265197754e+02 6.4263098145e+02 6.4259301758e+02 6.4256597900e+02 6.4255297852e+02 6.4253900146e+02 6.4254199219e+02 6.4254400635e+02 6.4254901123e+02 6.4253802490e+02 6.4251800537e+02 6.4253302002e+02 6.4253900146e+02 6.4255999756e+02 6.4258001709e+02 6.4260400391e+02 6.4262701416e+02 6.4264898682e+02 6.4265197754e+02 6.4267999268e+02 6.4269702148e+02 6.4270697021e+02 6.4267901611e+02 6.4264697266e+02 6.4261499023e+02 6.4255700684e+02 6.4249200439e+02 6.4238299561e+02 6.4226599121e+02 6.4214001465e+02 6.4199401855e+02 6.4182702637e+02 6.4164697266e+02 6.4157202148e+02
6.4297802734e+02 6.4293298340e+02 6.4292297363e+02 6.4291198730e+02 6.4288897705e+02 6.4286102295e+02 6.4282098389e+02 6.4278100586e+02 6.4275402832e+02 6.4273199463e+02 6.4272601318e+02 6.4270001221e+02 6.4267401123e+02 6.4265399170e+02 6.4261499023e+02 6.4259802246e+02 6.4259600830e+02 6.4259301758e+02 6.4258898926e+02 6.4258300781e+02 6.4258502197e+02 6.4257000732e+02 6.4254498291e+02 6.4254699707e+02 6.4253497314e+02 6.4255401611e+02 6.4258599854e+02 6.4258801270e+02 6.4257897949e+02 6.4259899902e+02 6.4261102295e+02 6.4264697266e+02 6.4266998291e+02 6.4267999268e+02 6.4263397217e+02 6.4258398438e+02 6.4255999756e+02 6.4250897217e+02 6.4239001465e+02 6.4223901367e+02 6.4206201172e+02 6.4187402344e+02 6.4171398926e+02 6.4159002686e+02 6.4150000000e+02 6.4148901367e+02
6.4297802734e+02 6.4294702148e+02 6.4292297363e+02 6.4292199707e+02 6.4289898682e+02 6.4286499023e+02 6.4282598877e+02 6.4279400635e+02 6.4277197266e+02 6.4275000000e+02 6.4272698975e+02 6.4270599365e+02 6.4269097900e+02 6.4267602539e+02 6.4264001465e+02 6.4263201904e+02 6.4264099121e+02 6.4263800049e+02 6.4262500000e+02 6.4262097168e+02 6.4261102295e+02 6.4259197998e+02 6.4258197021e+02 6.4257501221e+02 6.4254998779e+02 6.4255700684e+02 6.4258300781e+02 6.4257098389e+02 6.4253900146e+02 6.4254602051e+02 6.4256701660e+02 6.4260797119e+02 6.4263000488e+02 6.4262402344e+02 6.4259100342e+02 6.4254998779e+02 6.4250299072e+02 6.4240802002e+02 6.4221801758e+02 6.4207000732e+02 6.4188098145e+02 6.4166497803e+02 6.4152099609e+02 6.4148199463e+02 6.4147900391e+02 6.4149700928e+02
6.4299902344e+02 6.4296099854e+02 6.4292297363e+02 6.4290698242e+02 6.4288397217e+02 6.4285797119e+02 6.4283599854e+02 6.4280798340e+02 6.4278601074e+02 6.4276599121e+02 6.4275201416e+02 6.4273498535e+02 6.4271197510e+02 6.4269500732e+02 6.4266302490e+02 6.4265997314e+02 6.4266900635e+02 6.4267297363e+02 6.4268597412e+02 6.4266302490e+02 6.4263598633e+02 6.4261798096e+02 6.4261901855e+02 6.4261798096e+02 6.4257000732e+02 6.4256402588e+02 6.4259197998e+02 6.4258502197e+02 6.4254998779e+02 6.4252697754e+02 6.4253997803e+02 6.4257897949e+02 6.4259802246e+02 6.4257501221e+02 6.4253399658e+02 6.4250299072e+02 6.4242199707e+02 6.4227899170e+02 6.4208697510e+02 6.4188800049e+02 6.4169201660e+02 6.4154699707e+02 6.4148602295e+02 6.4148297119e+02 6.4149298096e+02 6.4150799561e+02
6.4302301025e+02 6.4297497559e+02 6.4293701172e+02 6.4290100098e+02 6.4287298584e+02 6.4285400391e+02 6.4283599854e+02 6.4281500244e+02 6.4279602051e+02 6.4277899170e+02 6.4277197266e+02 6.4275500488e+02 6.4272601318e+02 6.4271099854e+02 6.4268902588e+02 6.4269396973e+02 6.4270001221e+02 6.4270898438e+02 6.4272698975e+02 6.4269799805e+02 6.4266998291e+02 6.4265100098e+02 6.4264001465e+02 6.4263098145e+02 6.4258502197e+02 6.4257299805e+02 6.4258599854e+02 6.4259197998e+02 6.4257202148e+02 6.4253900146e+02 6.4253399658e+02 6.4253601074e+02 6.4253198242e+02 6.4250299072e+02 6.4246002197e+02 6.4242700195e+02 6.4230999756e+02 6.4212298584e+02 6.4191802979e+02 6.4169299316e+02 6.4155200195e+02 6.4150097656e+02 6.4148699951e+02 6.4147802734e+02 6.4148297119e+02 6.4149200439e+02
6.4303002930e+02 6.4299298096e+02 6.4296600342e+02 6.4291400146e+02 6.4288000488e+02 6.4286700439e+02 6.4284301758e+02 6.4282501221e+02 6.4280297852e+02 6.4278002930e+02 6.4277301025e+02 6.4276800537e+02 6.4275701904e+02 6.4274700928e+02 6.4272900391e+02 6.4273498535e+02 6.4273602295e+02 6.4274298096e+02 6.4275500488e+02 6.4273797607e+02 6.4271099854e+02 6.4268298340e+02 6.4265698242e+02 6.4264398193e+02 6.4260498047e+02 6.4258502197e+02 6.4258300781e+02 6.4259497070e+02 6.4259197998e+02 6.4256097412e+02 6.4253601074e+02 6.4252099609e+02 6.4248699951e+02 6.4244097900e+02 6.4238500977e+02 6.4233599854e+02 6.4217999268e+02 6.4196398926e+02 6.4175201416e+02 6.4154400635e+02 6.4149102783e+02 6.4152099609e+02 6.4150799561e+02 6.4147698975e+02 6.4147100830e+02 6.4147302246e+02
6.4302502441e+02 6.4300799561e+02 6.4299102783e+02 6.4294299316e+02 6.4290100098e+02 6.4288500977e+02 6.4285998535e+02 6.4284002686e+02 6.4280902100e+02 6.4278100586e+02 6.4278497314e+02 6.4278601074e+02 6.4278302002e+02 6.4277398682e+02 6.4275897217e+02 6.4276098633e+02 6.4276898193e+02 6.4277502441e+02 6.4277697754e+02 6.4275701904e+02 6.4272399902e+02 6.4269299316e+02 6.4268298340e+02 6.4267602539e+02 6.4264398193e+02 6.4260601807e+02 6.4259997559e+02 6.4259698486e+02 6.4259399414e+02 6.4256402588e+02 6.4253900146e+02 6.4251397705e+02 6.4245501709e+02 6.4239001465e+02 6.4232897949e+02 6.4225500488e+02 6.4204998779e+02 6.4180700684e+02 6.4161798096e+02 6.4148297119e+02 6.4149298096e+02 6.4154901123e+02 6.4153900146e+02 6.4150897217e+02 6.4149298096e+02 6.4148999023e+02
6.4302697754e+02 6.4301300049e+02 6.4300701904e+02 6.4297302246e+02 6.4293499756e+02 6.4290399170e+02 6.4287500000e+02 6.4285601807e+02 6.4282397461e+02 6.4279302979e+02 6.4279699707e+02 6.4279699707e+02 6.4278302002e+02 6.4277301025e+02 6.4277502441e+02 6.4278002930e+02 6.4277899170e+02 6.4277398682e+02 6.4277197266e+02 6.4276098633e+02 6.4273901367e+02 6.4271197510e+02 6.4269500732e+02 6.4268103027e+02 6.4265899658e+02 6.4262097168e+02 6.4262500000e+02 6.4261700439e+02 6.4258398438e+02 6.4253802490e+02 6.4251397705e+02 6.4245898438e+02 6.4238000488e+02 6.4230401611e+02 6.4221997070e+02 6.4211297607e+02 6.4188299561e+02 6.4164501953e+02 6.4153802490e+02 6.4150701904e+02 6.4156701660e+02 6.4163702393e+02 6.4161901855e+02 6.4158099365e+02 6.4155499268e+02 6.4154302979e+02
6.4303802490e+02 6.4300500488e+02 6.4299902344e+02 6.4299102783e+02 6.4296697998e+02 6.4292401123e+02 6.4288598633e+02 6.4286602783e+02 6.4284497070e+02 6.4281896973e+02 6.4280297852e+02 6.4278802490e+02 6.4278198242e+02 6.4277899170e+02 6.4278002930e+02 6.4278302002e+02 6.4276397705e+02 6.4275201416e+02 6.4276098633e+02 6.4276599121e+02 6.4275500488e+02 6.4273400879e+02 6.4271301270e+02 6.4274902344e+02 6.4277301025e+02 6.4270202637e+02 6.4263201904e+02 6.4259802246e+02 6.4255603027e+02 6.4249798584e+02 6.4245300293e+02 6.4238500977e+02 6.4231597900e+02 6.4223400879e+02 6.4212097168e+02 6.4196099854e+02 6.4172802734e+02 6.4153997803e+02 6.4150201416e+02 6.4154602051e+02 6.4160998535e+02 6.4164801025e+02 6.4163702393e+02 6.4161999512e+02 6.4160400391e+02 6.4159600830e+02
6.4305200195e+02 6.4302001953e+02 6.4300097656e+02 6.4300000000e+02 6.4299499512e+02 6.4296002197e+02 6.4290997314e+02 6.4288000488e+02 6.4286297607e+02 6.4283697510e+02 6.4280700684e+02 6.4278900146e+02 6.4278302002e+02 6.4277001953e+02 6.4277001953e+02 6.4277600098e+02 6.4275500488e+02 6.4274499512e+02 6.4275701904e+02 6.4276800537e+02 6.4276202393e+02 6.4274200439e+02 6.4272302246e+02 6.4283197021e+02 6.4292199707e+02 6.4280297852e+02 6.4262597656e+02 6.4255401611e+02 6.4250299072e+02 6.4243298340e+02 6.4236901855e+02 6.4231597900e+02 6.4225701904e+02 6.4216497803e+02 6.4201300049e+02 6.4181799316e+02 6.4162097168e+02 6.4151501465e+02 6.4152600098e+02 6.4158697510e+02 6.4161602783e+02 6.4161499023e+02 6.4161199951e+02 6.4161999512e+02 6.4162799072e+02 6.4163897705e+02
6.4304998779e+02 6.4304199219e+02 6.4302001953e+02 6.4298400879e+02 6.4298297119e+02 6.4297698975e+02 6.4294097900e+02 6.4290802002e+02 6.4287799072e+02 6.4283697510e+02 6.4279797363e+02 6.4278900146e+02 6.4277697754e+02 6.4276000977e+02 6.4276800537e+02 6.4278100586e+02 6.4277001953e+02 6.4276202393e+02 6.4276702881e+02 6.4276202393e+02 6.4275402832e+02 6.4273400879e+02 6.4270397949e+02 6.4278100586e+02 6.4285302734e+02 6.4273699951e+02 6.4261297607e+02 6.4255102539e+02 6.4246997070e+02 6.4237200928e+02 6.4228302002e+02 6.4224102783e+02 6.4215899658e+02 6.4204400635e+02 6.4187597656e+02 6.4166400146e+02 6.4151800537e+02 6.4149798584e+02 6.4158599854e+02 6.4161401367e+02 6.4158898926e+02 6.4157800293e+02 6.4160498047e+02 6.4160101318e+02 6.4163397217e+02 6.4167901611e+02
6.4304901123e+02 6.4303698730e+02 6.4302899170e+02 6.4299499512e+02 6.4298498535e+02 6.4297802734e+02 6.4296398926e+02 6.4295098877e+02 6.4290698242e+02 6.4284002686e+02 6.4279901123e+02 6.4278002930e+02 6.4275897217e+02 6.4275598145e+02 6.4276702881e+02 6.4278497314e+02 6.4278802490e+02 6.4278399658e+02 6.4277899170e+02 6.4276702881e+02 6.4274700928e+02 6.4272302246e+02 6.4268798828e+02 6.4267999268e+02 6.4269097900e+02 6.4262701416e+02 6.4257202148e+02 6.4254498291e+02 6.4248901367e+02 6.4238702393e+02 6.4224401855e+02 6.4216998291e+02 6.4206402588e+02 6.4192602539e+02 6.4175402832e+02 6.4157501221e+02 6.4148199463e+02 6.4151000977e+02 6.4161102295e+02 6.4168499756e+02 6.4165197754e+02 6.4161901855e+02 6.4162298584e+02 6.4162701416e+02 6.4167102051e+02 6.4172698975e+02
6.4305297852e+02 6.4303601074e+02 6.4303100586e+02 6.4301098633e+02 6.4299902344e+02 6.4298199463e+02 6.4297399902e+02 6.4297100830e+02 6.4294201660e+02 6.4287902832e+02 6.4283099365e+02 6.4280102539e+02 6.4277099609e+02 6.4277001953e+02 6.4276501465e+02 6.4277801514e+02 6.4278900146e+02 6.4278601074e+02 6.4276898193e+02 6.4273400879e+02 6.4270697021e+02 6.4269799805e+02 6.4267999268e+02 6.4265997314e+02 6.4265002441e+02 6.4260699463e+02 6.4255700684e+02 6.4255200195e+02 6.4251898193e+02 6.4241998291e+02 6.4225097656e+02 6.4209899902e+02 6.4195300293e+02 6.4181597900e+02 6.4165600586e+02 6.4153198242e+02 6.4148498535e+02 6.4153497314e+02 6.4162701416e+02 6.4174102783e+02 6.4175799561e+02 6.4174102783e+02 6.4171099854e+02 6.4170599365e+02 6.4173297119e+02 6.4176599121e+02
6.4306402588e+02 6.4304400635e+02 6.4302899170e+02 6.4301599121e+02 6.4301397705e+02 6.4299102783e+02 6.4297198486e+02 6.4296997070e+02 6.4297100830e+02 6.4293798828e+02 6.4288500977e+02 6.4284002686e+02 6.4279797363e+02 6.4277899170e+02 6.4276098633e+02 6.4276000977e+02 6.4276599121e+02 6.4277502441e+02 6.4277697754e+02 6.4270697021e+02 6.4268200684e+02 6.4269702148e+02 6.4267700195e+02 6.4266198730e+02 6.4265100098e+02 6.4261700439e+02 6.4256896973e+02 6.4257800293e+02 6.4253802490e+02 6.4243597412e+02 6.4227398682e+02 6.4204699707e+02 6.4187298584e+02 6.4174798584e+02 6.4162298584e+02 6.4153698730e+02 6.4149298096e+02 6.4152001953e+02 6.4158197021e+02 6.4169299316e+02 6.4176501465e+02 6.4179901123e+02 6.4176501465e+02 6.4173498535e+02 6.4173498535e+02 6.4174200439e+02
