TESTSERVER/21/13.asc
NCOLS 100
NROWS 100
XLLCORNER 8.5497500000e+03
YLLCORNER 2.8930025000e+05
CELLSIZE 5.0000000000e-01
NODATA_VALUE -9.9990000000e+03
[rows 60 to 79 of 100, columns 0 to 45 of 100]
6.4596502686e+02 6.4592700195e+02 6.4587500000e+02 6.4583001709e+02 6.4580200195e+02 6.4578302002e+02 6.4574798584e+02 6.4570501709e+02 6.4565197754e+02 6.4560198975e+02 6.4558398438e+02 6.4554699707e+02 6.4550799561e+02 6.4547302246e+02 6.4543499756e+02 6.4538500977e+02 6.4536401367e+02 6.4534100342e+02 6.4529797363e+02 6.4523999023e+02 6.4519799805e+02 6.4515899658e+02 6.4511102295e+02 6.4505902100e+02 6.4501397705e+02 6.4496002197e+02 6.4490301514e+02 6.4486297607e+02 6.4482000732e+02 6.4475897217e+02 6.4471002197e+02 6.4465899658e+02 6.4461602783e+02 6.4456896973e+02 6.4451800537e+02 6.4451000977e+02 6.4450299072e+02 6.4446899414e+02 6.4441302490e+02 6.4440802002e+02 6.4441302490e+02 6.4440002441e+02 6.4436700439e+02 6.4432000732e+02 6.4419299316e+02 6.4406799316e+02
6.4582299805e+02 6.4578601074e+02 6.4572802734e+02 6.4568701172e+02 6.4566198730e+02 6.4564300537e+02 6.4560400391e+02 6.4557299805e+02 6.4552899170e+02 6.4547497559e+02 6.4544097900e+02 6.4541198730e+02 6.4537298584e+02 6.4533099365e+02 6.4529302979e+02 6.4523901367e+02 6.4521301270e+02 6.4518902588e+02 6.4514801025e+02 6.4509899902e+02 6.4506097412e+02 6.4502502441e+02 6.4497399902e+02 6.4492199707e+02 6.4488397217e+02 6.4484002686e+02 6.4478497314e+02 6.4474200439e+02 6.4469396973e+02 6.4463897705e+02 6.4459802246e+02 6.4455200195e+02 6.4451898193e+02 6.4447198486e+02 6.4440997314e+02 6.4439001465e+02 6.4438800049e+02 6.4436700439e+02 6.4430798340e+02 6.4427697754e+02 6.4427001953e+02 6.4426300049e+02 6.4424700928e+02 6.4420300293e+02 6.4408300781e+02 6.4396398926e+02
6.4566998291e+02 6.4563201904e+02 6.4558801270e+02 6.4554901123e+02 6.4552398682e+02 6.4550299072e+02 6.4546002197e+02 6.4543597412e+02 6.4540301514e+02 6.4535101318e+02 6.4529498291e+02 6.4526501465e+02 6.4522601318e+02 6.4518499756e+02 6.4514801025e+02 6.4509802246e+02 6.4507098389e+02 6.4504199219e+02 6.4499798584e+02 6.4495098877e+02 6.4491802979e+02 6.4489001465e+02 6.4484497070e+02 6.4479498291e+02 6.4475799561e+02 6.4471801758e+02 6.4466900635e+02 6.4462500000e+02 6.4457397461e+02 6.4451800537e+02 6.4447900391e+02 6.4443402100e+02 6.4440997314e+02 6.4436999512e+02 6.4430999756e+02 6.4428100586e+02 6.4427099609e+02 6.4425701904e+02 6.4421398926e+02 6.4415301514e+02 6.4412701416e+02 6.4412500000e+02 6.4411199951e+02 6.4405798340e+02 6.4395898438e+02 6.4385699463e+02
6.4551397705e+02 6.4547998047e+02 6.4545300293e+02 6.4540997314e+02 6.4538397217e+02 6.4536199951e+02 6.4531701660e+02 6.4528100586e+02 6.4525299072e+02 6.4521099854e+02 6.4515100098e+02 6.4512200928e+02 6.4508697510e+02 6.4505297852e+02 6.4501599121e+02 6.4496697998e+02 6.4493902588e+02 6.4490802002e+02 6.4486297607e+02 6.4481402588e+02 6.4478002930e+02 6.4475500488e+02 6.4471997070e+02 6.4467498779e+02 6.4463299561e+02 6.4458898926e+02 6.4454400635e+02 6.4451098633e+02 6.4446197510e+02 6.4440100098e+02 6.4435601807e+02 6.4431402588e+02 6.4429998779e+02 6.4427197266e+02 6.4422198486e+02 6.4418597412e+02 6.4415899658e+02 6.4414501953e+02 6.4412799072e+02 6.4404302979e+02 6.4398901367e+02 6.4398199463e+02 6.4398999023e+02 6.4396398926e+02 6.4388201904e+02 6.4377099609e+02
6.4537200928e+02 6.4533898926e+02 6.4531201172e+02 6.4527197266e+02 6.4523901367e+02 6.4521002197e+02 6.4517297363e+02 6.4513098145e+02 6.4509698486e+02 6.4506298828e+02 6.4501000977e+02 6.4498400879e+02 6.4495397949e+02 6.4492700195e+02 6.4490100098e+02 6.4484399414e+02 6.4480902100e+02 6.4477801514e+02 6.4473400879e+02 6.4469299316e+02 6.4465301514e+02 6.4462298584e+02 6.4458599854e+02 6.4454901123e+02 6.4451202393e+02 6.4446502686e+02 6.4441400146e+02 6.4438201904e+02 6.4433502197e+02 6.4427197266e+02 6.4422900391e+02 6.4419799805e+02 6.4418499756e+02 6.4416900635e+02 6.4413897705e+02 6.4409997559e+02 6.4405401611e+02 6.4403100586e+02 6.4403302002e+02 6.4395800781e+02 6.4387701416e+02 6.4385101318e+02 6.4389801025e+02 6.4393499756e+02 6.4385998535e+02 6.4370800781e+02
6.4523699951e+02 6.4520599365e+02 6.4516497803e+02 6.4513299561e+02 6.4509899902e+02 6.4506402588e+02 6.4503002930e+02 6.4498602295e+02 6.4495800781e+02 6.4492901611e+02 6.4487097168e+02 6.4483697510e+02 6.4480401611e+02 6.4478100586e+02 6.4476300049e+02 6.4470898438e+02 6.4467401123e+02 6.4464801025e+02 6.4461297607e+02 6.4456896973e+02 6.4453198242e+02 6.4450299072e+02 6.4445898438e+02 6.4441601563e+02 6.4438500977e+02 6.4434600830e+02 6.4429699707e+02 6.4426397705e+02 6.4422100830e+02 6.4415197754e+02 6.4410498047e+02 6.4407501221e+02 6.4406298828e+02 6.4405102539e+02 6.4403100586e+02 6.4399298096e+02 6.4394396973e+02 6.4391601563e+02 6.4391601563e+02 6.4387902832e+02 6.4380102539e+02 6.4374902344e+02 6.4377899170e+02 6.4383300781e+02 6.4376397705e+02 6.4360498047e+02
6.4509997559e+02 6.4507397461e+02 6.4502301025e+02 6.4499499512e+02 6.4495800781e+02 6.4491802979e+02 6.4488500977e+02 6.4484100342e+02 6.4481597900e+02 6.4479400635e+02 6.4473797607e+02 6.4469396973e+02 6.4466998291e+02 6.4465399170e+02 6.4462799072e+02 6.4457501221e+02 6.4453900146e+02 6.4451501465e+02 6.4448498535e+02 6.4444702148e+02 6.4441601563e+02 6.4438201904e+02 6.4433197021e+02 6.4429998779e+02 6.4426898193e+02 6.4422497559e+02 6.4417498779e+02 6.4413702393e+02 6.4409698486e+02 6.4403698730e+02 6.4398699951e+02 6.4395098877e+02 6.4394000244e+02 6.4392901611e+02 6.4391101074e+02 6.4388000488e+02 6.4384002686e+02 6.4380700684e+02 6.4378497314e+02 6.4377301025e+02 6.4372601318e+02 6.4367102051e+02 6.4364898682e+02 6.4367700195e+02 6.4364099121e+02 6.4352398682e+02
6.4496197510e+02 6.4493298340e+02 6.4488098145e+02 6.4485498047e+02 6.4481597900e+02 6.4477197266e+02 6.4474102783e+02 6.4470001221e+02 6.4467297363e+02 6.4465502930e+02 6.4460900879e+02 6.4455603027e+02 6.4452899170e+02 6.4451397705e+02 6.4448797607e+02 6.4444097900e+02 6.4440100098e+02 6.4437200928e+02 6.4434899902e+02 6.4432501221e+02 6.4429797363e+02 6.4425897217e+02 6.4420697021e+02 6.4418597412e+02 6.4415301514e+02 6.4410498047e+02 6.4406097412e+02 6.4400897217e+02 6.4396398926e+02 6.4391601563e+02 6.4386401367e+02 6.4382897949e+02 6.4382098389e+02 6.4380499268e+02 6.4378302002e+02 6.4376300049e+02 6.4373699951e+02 6.4370300293e+02 6.4365802002e+02 6.4364801025e+02 6.4363598633e+02 6.4359600830e+02 6.4352697754e+02 6.4353802490e+02 6.4354400635e+02 6.4346997070e+02
6.4481402588e+02 6.4477197266e+02 6.4473199463e+02 6.4471301270e+02 6.4467797852e+02 6.4463299561e+02 6.4459899902e+02 6.4456097412e+02 6.4453302002e+02 6.4451702881e+02 6.4448602295e+02 6.4442401123e+02 6.4438598633e+02 6.4436499023e+02 6.4434100342e+02 6.4430798340e+02 6.4426300049e+02 6.4422698975e+02 6.4422497559e+02 6.4420501709e+02 6.4416900635e+02 6.4413201904e+02 6.4409399414e+02 6.4406097412e+02 6.4402600098e+02 6.4398400879e+02 6.4394702148e+02 6.4388598633e+02 6.4384301758e+02 6.4379797363e+02 6.4374401855e+02 6.4370800781e+02 6.4370001221e+02 6.4367700195e+02 6.4364599609e+02 6.4364202881e+02 6.4362799072e+02 6.4360302734e+02 6.4356298828e+02 6.4352301025e+02 6.4353100586e+02 6.4351501465e+02 6.4344396973e+02 6.4342401123e+02 6.4344702148e+02 6.4339801025e+02
6.4467297363e+02 6.4463500977e+02 6.4459698486e+02 6.4456799316e+02 6.4453900146e+02 6.4449798584e+02 6.4445800781e+02 6.4441802979e+02 6.4439099121e+02 6.4437799072e+02 6.4435400391e+02 6.4429699707e+02 6.4425000000e+02 6.4422601318e+02 6.4421099854e+02 6.4418402100e+02 6.4414599609e+02 6.4410400391e+02 6.4408398438e+02 6.4408001709e+02 6.4404901123e+02 6.4401000977e+02 6.4396600342e+02 6.4392999268e+02 6.4390600586e+02 6.4386700439e+02 6.4381597900e+02 6.4376501465e+02 6.4372802734e+02 6.4367401123e+02 6.4361700439e+02 6.4358197021e+02 6.4357299805e+02 6.4354498291e+02 6.4350897217e+02 6.4350897217e+02 6.4350500488e+02 6.4349499512e+02 6.4345599365e+02 6.4340100098e+02 6.4339300537e+02 6.4339099121e+02 6.4333801270e+02 6.4326098633e+02 6.4326300049e+02 6.4326501465e+02
6.4455297852e+02 6.4451898193e+02 6.4447900391e+02 6.4444299316e+02 6.4441400146e+02 6.4437200928e+02 6.4431896973e+02 6.4428100586e+02 6.4425500488e+02 6.4423999023e+02 6.4421697998e+02 6.4417498779e+02 6.4413000488e+02 6.4410101318e+02 6.4408898926e+02 6.4406298828e+02 6.4403399658e+02 6.4399700928e+02 6.4396099854e+02 6.4394500732e+02 6.4391497803e+02 6.4387402344e+02 6.4384002686e+02 6.4379998779e+02 6.4377398682e+02 6.4374200439e+02 6.4369201660e+02 6.4364599609e+02 6.4360400391e+02 6.4354199219e+02 6.4349499512e+02 6.4346197510e+02 6.4345001221e+02 6.4342297363e+02 6.4338598633e+02 6.4337902832e+02 6.4337701416e+02 6.4338000488e+02 6.4335400391e+02 6.4329400635e+02 6.4325598145e+02 6.4323999023e+02 6.4321502686e+02 6.4312799072e+02 6.4310302734e+02 6.4312097168e+02
6.4442602539e+02 6.4439398193e+02 6.4435400391e+02 6.4431701660e+02 6.4428399658e+02 6.4423901367e+02 6.4418103027e+02 6.4415100098e+02 6.4412500000e+02 6.4410302734e+02 6.4407800293e+02 6.4405297852e+02 6.4400799561e+02 6.4396899414e+02 6.4395501709e+02 6.4393103027e+02 6.4390802002e+02 6.4388000488e+02 6.4384899902e+02 6.4382000732e+02 6.4378497314e+02 6.4374597168e+02 6.4372698975e+02 6.4368402100e+02 6.4364801025e+02 6.4361798096e+02 6.4357299805e+02 6.4352697754e+02 6.4348699951e+02 6.4342401123e+02 6.4337701416e+02 6.4334399414e+02 6.4332598877e+02 6.4330200195e+02 6.4327502441e+02 6.4326098633e+02 6.4325299072e+02 6.4326098633e+02 6.4325299072e+02 6.4320300293e+02 6.4314099121e+02 6.4309197998e+02 6.4306402588e+02 6.4299700928e+02 6.4295800781e+02 6.4296197510e+02
6.4429998779e+02 6.4427099609e+02 6.4421301270e+02 6.4418103027e+02 6.4414801025e+02 6.4410601807e+02 6.4405902100e+02 6.4403100586e+02 6.4400097656e+02 6.4397399902e+02 6.4395898438e+02 6.4392901611e+02 6.4387500000e+02 6.4383197021e+02 6.4381500244e+02 6.4379699707e+02 6.4377301025e+02 6.4374902344e+02 6.4372698975e+02 6.4369897461e+02 6.4366802979e+02 6.4363299561e+02 6.4361199951e+02 6.4357202148e+02 6.4352801514e+02 6.4349499512e+02 6.4345697021e+02 6.4340899658e+02 6.4337298584e+02 6.4332202148e+02 6.4326898193e+02 6.4323199463e+02 6.4320697021e+02 6.4318597412e+02 6.4316400146e+02 6.4314599609e+02 6.4313897705e+02 6.4314398193e+02 6.4314099121e+02 6.4311401367e+02 6.4304699707e+02 6.4296398926e+02 6.4290899658e+02 6.4286999512e+02 6.4282598877e+02 6.4280401611e+02
6.4417401123e+02 6.4414099121e+02 6.4408898926e+02 6.4406201172e+02 6.4402899170e+02 6.4398498535e+02 6.4394000244e+02 6.4391699219e+02 6.4388201904e+02 6.4384997559e+02 6.4383099365e+02 6.4380401611e+02 6.4374798584e+02 6.4370697021e+02 6.4369299316e+02 6.4366998291e+02 6.4365100098e+02 6.4362701416e+02 6.4359600830e+02 6.4355297852e+02 6.4352899170e+02 6.4350897217e+02 6.4348602295e+02 6.4345098877e+02 6.4340997314e+02 6.4338397217e+02 6.4334301758e+02 6.4329498291e+02 6.4325701904e+02 6.4320202637e+02 6.4315197754e+02 6.4311401367e+02 6.4308898926e+02 6.4307202148e+02 6.4305401611e+02 6.4303002930e+02 6.4301702881e+02 6.4300897217e+02 6.4300701904e+02 6.4300701904e+02 6.4296398926e+02 6.4287500000e+02 6.4280297852e+02 6.4277398682e+02 6.4273498535e+02 6.4270202637e+02
6.4402697754e+02 6.4399700928e+02 6.4396099854e+02 6.4393402100e+02 6.4390002441e+02 6.4386199951e+02 6.4382098389e+02 6.4379199219e+02 6.4375701904e+02 6.4372497559e+02 6.4370397949e+02 6.4368402100e+02 6.4363098145e+02 6.4358599854e+02 6.4357000732e+02 6.4355700684e+02 6.4354302979e+02 6.4351702881e+02 6.4347900391e+02 6.4343103027e+02 6.4340698242e+02 6.4338897705e+02 6.4336602783e+02 6.4334002686e+02 6.4330297852e+02 6.4327600098e+02 6.4322998047e+02 6.4318402100e+02 6.4314501953e+02 6.4308697510e+02 6.4304199219e+02 6.4301000977e+02 6.4298400879e+02 6.4296002197e+02 6.4294097900e+02 6.4291497803e+02 6.4289898682e+02 6.4289202881e+02 6.4288500977e+02 6.4288397217e+02 6.4285699463e+02 6.4278002930e+02 6.4270001221e+02 6.4267297363e+02 6.4264398193e+02 6.4261102295e+02
6.4388500977e+02 6.4385699463e+02 6.4383001709e+02 6.4379602051e+02 6.4376501465e+02 6.4373699951e+02 6.4370098877e+02 6.4366400146e+02 6.4363000488e+02 6.4359802246e+02 6.4357598877e+02 6.4356298828e+02 6.4351300049e+02 6.4346600342e+02 6.4345001221e+02 6.4344702148e+02 6.4343402100e+02 6.4340301514e+02 6.4336602783e+02 6.4332897949e+02 6.4330102539e+02 6.4327600098e+02 6.4325598145e+02 6.4323400879e+02 6.4319598389e+02 6.4316302490e+02 6.4312097168e+02 6.4307800293e+02 6.4303997803e+02 6.4298297119e+02 6.4293902588e+02 6.4291198730e+02 6.4288800049e+02 6.4286102295e+02 6.4283197021e+02 6.4279998779e+02 6.4278497314e+02 6.4278198242e+02 6.4276599121e+02 6.4275598145e+02 6.4274200439e+02 6.4269299316e+02 6.4262200928e+02 6.4258099365e+02 6.4255798340e+02 6.4253198242e+02
6.4375799561e+02 6.4373101807e+02 6.4370098877e+02 6.4366302490e+02 6.4363500977e+02 6.4361401367e+02 6.4358197021e+02 6.4354602051e+02 6.4351501465e+02 6.4347900391e+02 6.4344000244e+02 6.4342602539e+02 6.4338702393e+02 6.4334997559e+02 6.4333398438e+02 6.4332702637e+02 6.4331201172e+02 6.4328002930e+02 6.4325299072e+02 6.4323199463e+02 6.4320098877e+02 6.4316802979e+02 6.4315301514e+02 6.4312500000e+02 6.4309002686e+02 6.4305999756e+02 6.4302099609e+02 6.4297198486e+02 6.4293701172e+02 6.4288897705e+02 6.4283898926e+02 6.4280902100e+02 6.4278302002e+02 6.4275500488e+02 6.4272900391e+02 6.4269396973e+02 6.4266802979e+02 6.4265899658e+02 6.4264398193e+02 6.4263702393e+02 6.4263201904e+02 6.4261102295e+02 6.4257702637e+02 6.4252801514e+02 6.4249798584e+02 6.4247302246e+02
6.4362200928e+02 6.4359899902e+02 6.4356701660e+02 6.4353601074e+02 6.4351000977e+02 6.4348602295e+02 6.4345202637e+02 6.4342297363e+02 6.4339300537e+02 6.4335302734e+02 6.4332098389e+02 6.4331201172e+02 6.4328198242e+02 6.4324700928e+02 6.4322399902e+02 6.4320800781e+02 6.4319702148e+02 6.4316802979e+02 6.4314001465e+02 6.4312097168e+02 6.4309698486e+02 6.4306500244e+02 6.4304400635e+02 6.4302600098e+02 6.4299102783e+02 6.4294897461e+02 6.4290100098e+02 6.4286602783e+02 6.4284197998e+02 6.4279602051e+02 6.4275000000e+02 6.4271398926e+02 6.4268402100e+02 6.4265698242e+02 6.4263397217e+02 6.4259997559e+02 6.4256701660e+02 6.4254998779e+02 6.4253698730e+02 6.4253100586e+02 6.4252502441e+02 6.4250598145e+02 6.4249798584e+02 6.4247601318e+02 6.4244097900e+02 6.4240502930e+02
6.4349798584e+02 6.4347698975e+02 6.4344201660e+02 6.4341900635e+02 6.4339099121e+02 6.4335797119e+02 6.4332397461e+02 6.4329901123e+02 6.4326702881e+02 6.4323101807e+02 6.4321002197e+02 6.4320599365e+02 6.4317700195e+02 6.4314599609e+02 6.4312701416e+02 6.4310198975e+02 6.4309002686e+02 6.4306201172e+02 6.4302301025e+02 6.4300701904e+02 6.4298999023e+02 6.4295599365e+02 6.4292102051e+02 6.4291302490e+02 6.4288098145e+02 6.4283697510e+02 6.4279101563e+02 6.4276098633e+02 6.4273901367e+02 6.4269702148e+02 6.4265802002e+02 6.4261999512e+02 6.4258697510e+02 6.4255603027e+02 6.4253198242e+02 6.4250299072e+02 6.4246899414e+02 6.4244702148e+02 6.4243402100e+02 6.4242297363e+02 6.4241497803e+02 6.4239202881e+02 6.4238299561e+02 6.4237701416e+02 6.4235198975e+02 6.4232000732e+02
6.4338000488e+02 6.4335699463e+02 6.4332098389e+02 6.4330297852e+02 6.4327099609e+02 6.4323602295e+02 6.4320501709e+02 6.4317602539e+02 6.4314599609e+02 6.4311602783e+02 6.4309899902e+02 6.4309497070e+02 6.4306201172e+02 6.4303002930e+02 6.4301898193e+02 6.4299102783e+02 6.4298101807e+02 6.4295599365e+02 6.4290899658e+02 6.4289398193e+02 6.4288000488e+02 6.4284301758e+02 6.4280200195e+02 6.4279302979e+02 6.4276000977e+02 6.4272302246e+02 6.4268701172e+02 6.4265301514e+02 6.4262902832e+02 6.4259100342e+02 6.4255603027e+02 6.4251800537e+02 6.4248297119e+02 6.4245300293e+02 6.4243298340e+02 6.4241198730e+02 6.4238000488e+02 6.4235400391e+02 6.4233697510e+02 6.4232098389e+02 6.4230798340e+02 6.4227899170e+02 6.4225897217e+02 6.4227001953e+02 6.4226098633e+02 6.4223797607e+02
