TESTSERVER/21/13.asc
NCOLS 100
NROWS 100
XLLCORNER 8.5497500000e+03
YLLCORNER 2.8930025000e+05
CELLSIZE 5.0000000000e-01
NODATA_VALUE -9.9990000000e+03
[rows 20 to 39 of 100, columns 0 to 45 of 100]
6.4908801270e+02 6.4908001709e+02 6.4908197021e+02 6.4907501221e+02 6.4905200195e+02 6.4899298096e+02 6.4890600586e+02 6.4881701660e+02 6.4873101807e+02 6.4863897705e+02 6.4854901123e+02 6.4850701904e+02 6.4850500488e+02 6.4851397705e+02 6.4850799561e+02 6.4848297119e+02 6.4846997070e+02 6.4847998047e+02 6.4849700928e+02 6.4849200439e+02 6.4841900635e+02 6.4829602051e+02 6.4815399170e+02 6.4803100586e+02 6.4796899414e+02 6.4795397949e+02 6.4793402100e+02 6.4793200684e+02 6.4793902588e+02 6.4793103027e+02 6.4790997314e+02 6.4795001221e+02 6.4796801758e+02 6.4795898438e+02 6.4792700195e+02 6.4792602539e+02 6.4793798828e+02 6.4793499756e+02 6.4791198730e+02 6.4788500977e+02 6.4782000732e+02 6.4769500732e+02 6.4752600098e+02 6.4736401367e+02 6.4723400879e+02 6.4716601563e+02
6.4909899902e+02 6.4908300781e+02 6.4908801270e+02 6.4909301758e+02 6.4907800293e+02 6.4902502441e+02 6.4894097900e+02 6.4887097168e+02 6.4878802490e+02 6.4869799805e+02 6.4860699463e+02 6.4853997803e+02 6.4851501465e+02 6.4851599121e+02 6.4851702881e+02 6.4850201416e+02 6.4847497559e+02 6.4844897461e+02 6.4844097900e+02 6.4843103027e+02 6.4836199951e+02 6.4825897217e+02 6.4816400146e+02 6.4805999756e+02 6.4796697998e+02 6.4794000244e+02 6.4793103027e+02 6.4794201660e+02 6.4794702148e+02 6.4791699219e+02 6.4788397217e+02 6.4792401123e+02 6.4794897461e+02 6.4793902588e+02 6.4790802002e+02 6.4791400146e+02 6.4794299316e+02 6.4795202637e+02 6.4793200684e+02 6.4790899658e+02 6.4783300781e+02 6.4769201660e+02 6.4752099609e+02 6.4735998535e+02 6.4722100830e+02 6.4715698242e+02
6.4910400391e+02 6.4909197998e+02 6.4909997559e+02 6.4909802246e+02 6.4908801270e+02 6.4904797363e+02 6.4897601318e+02 6.4891497803e+02 6.4883099365e+02 6.4873498535e+02 6.4864398193e+02 6.4856298828e+02 6.4852001953e+02 6.4851202393e+02 6.4851800537e+02 6.4851098633e+02 6.4847802734e+02 6.4843402100e+02 6.4839898682e+02 6.4838500977e+02 6.4833898926e+02 6.4827001953e+02 6.4819897461e+02 6.4809301758e+02 6.4798199463e+02 6.4793597412e+02 6.4791998291e+02 6.4792797852e+02 6.4793298340e+02 6.4790100098e+02 6.4786999512e+02 6.4791699219e+02 6.4794299316e+02 6.4792999268e+02 6.4788800049e+02 6.4789801025e+02 6.4793902588e+02 6.4795300293e+02 6.4793103027e+02 6.4788897705e+02 6.4779699707e+02 6.4765502930e+02 6.4750299072e+02 6.4735699463e+02 6.4722998047e+02 6.4717401123e+02
6.4911401367e+02 6.4910998535e+02 6.4911199951e+02 6.4909698486e+02 6.4909100342e+02 6.4906597900e+02 6.4900701904e+02 6.4894598389e+02 6.4885900879e+02 6.4875799561e+02 6.4866699219e+02 6.4857598877e+02 6.4852197266e+02 6.4851098633e+02 6.4851800537e+02 6.4851501465e+02 6.4848297119e+02 6.4842901611e+02 6.4837500000e+02 6.4836499023e+02 6.4835302734e+02 6.4832397461e+02 6.4826397705e+02 6.4815301514e+02 6.4803399658e+02 6.4796002197e+02 6.4791601563e+02 6.4790899658e+02 6.4790997314e+02 6.4788397217e+02 6.4785601807e+02 6.4790100098e+02 6.4793298340e+02 6.4793103027e+02 6.4789202881e+02 6.4789099121e+02 6.4792297363e+02 6.4792700195e+02 6.4790100098e+02 6.4784899902e+02 6.4774902344e+02 6.4761499023e+02 6.4748199463e+02 6.4735797119e+02 6.4725598145e+02 6.4720397949e+02
6.4911401367e+02 6.4911700439e+02 6.4911700439e+02 6.4910699463e+02 6.4909997559e+02 6.4908197021e+02 6.4903497314e+02 6.4897302246e+02 6.4888897705e+02 6.4879400635e+02 6.4870599365e+02 6.4860498047e+02 6.4853601074e+02 6.4852001953e+02 6.4852301025e+02 6.4851300049e+02 6.4847900391e+02 6.4842498779e+02 6.4836700439e+02 6.4834997559e+02 6.4837500000e+02 6.4839501953e+02 6.4836901855e+02 6.4826501465e+02 6.4813201904e+02 6.4800897217e+02 6.4791601563e+02 6.4788299561e+02 6.4787097168e+02 6.4784399414e+02 6.4781597900e+02 6.4783300781e+02 6.4787402344e+02 6.4790997314e+02 6.4791101074e+02 6.4789202881e+02 6.4788897705e+02 6.4786798096e+02 6.4782800293e+02 6.4779998779e+02 6.4770800781e+02 6.4758197021e+02 6.4745300293e+02 6.4734997559e+02 6.4726599121e+02 6.4721301270e+02
6.4911700439e+02 6.4912799072e+02 6.4913500977e+02 6.4912200928e+02 6.4911297607e+02 6.4909497070e+02 6.4904998779e+02 6.4898797607e+02 6.4891699219e+02 6.4884301758e+02 6.4876000977e+02 6.4864300537e+02 6.4855603027e+02 6.4853302002e+02 6.4852502441e+02 6.4850500488e+02 6.4847198486e+02 6.4842401123e+02 6.4836999512e+02 6.4833001709e+02 6.4834399414e+02 6.4840399170e+02 6.4842700195e+02 6.4834997559e+02 6.4821002197e+02 6.4806097412e+02 6.4794500732e+02 6.4787701416e+02 6.4783801270e+02 6.4779498291e+02 6.4776098633e+02 6.4774700928e+02 6.4779498291e+02 6.4785998535e+02 6.4788397217e+02 6.4786798096e+02 6.4784899902e+02 6.4781298828e+02 6.4776000977e+02 6.4773999023e+02 6.4766998291e+02 6.4754998779e+02 6.4741302490e+02 6.4731097412e+02 6.4722998047e+02 6.4718298340e+02
6.4912701416e+02 6.4913598633e+02 6.4914801025e+02 6.4913299561e+02 6.4911798096e+02 6.4909802246e+02 6.4905798340e+02 6.4900201416e+02 6.4894000244e+02 6.4887701416e+02 6.4879400635e+02 6.4868298340e+02 6.4859497070e+02 6.4854602051e+02 6.4851702881e+02 6.4848797607e+02 6.4845800781e+02 6.4842102051e+02 6.4837402344e+02 6.4832000732e+02 6.4829699707e+02 6.4833502197e+02 6.4839501953e+02 6.4836602783e+02 6.4826098633e+02 6.4812902832e+02 6.4801501465e+02 6.4792700195e+02 6.4785198975e+02 6.4778497314e+02 6.4775000000e+02 6.4774200439e+02 6.4777600098e+02 6.4782598877e+02 6.4783599854e+02 6.4781896973e+02 6.4780798340e+02 6.4778198242e+02 6.4773297119e+02 6.4770202637e+02 6.4763397217e+02 6.4751800537e+02 6.4737298584e+02 6.4726000977e+02 6.4717401123e+02 6.4713397217e+02
6.4913299561e+02 6.4913201904e+02 6.4914501953e+02 6.4913098145e+02 6.4911297607e+02 6.4909100342e+02 6.4906201172e+02 6.4902001953e+02 6.4896502686e+02 6.4890002441e+02 6.4881402588e+02 6.4872198486e+02 6.4863397217e+02 6.4855297852e+02 6.4850201416e+02 6.4846398926e+02 6.4843402100e+02 6.4840698242e+02 6.4837402344e+02 6.4832598877e+02 6.4827197266e+02 6.4826397705e+02 6.4831298828e+02 6.4833099365e+02 6.4828601074e+02 6.4820697021e+02 6.4812097168e+02 6.4803198242e+02 6.4792901611e+02 6.4782501221e+02 6.4776501465e+02 6.4775897217e+02 6.4776202393e+02 6.4777398682e+02 6.4777099609e+02 6.4776501465e+02 6.4776800537e+02 6.4776300049e+02 6.4772900391e+02 6.4768200684e+02 6.4760400391e+02 6.4748699951e+02 6.4734002686e+02 6.4721697998e+02 6.4712701416e+02 6.4708599854e+02
6.4913500977e+02 6.4912799072e+02 6.4913598633e+02 6.4911999512e+02 6.4910101318e+02 6.4908099365e+02 6.4906500244e+02 6.4903198242e+02 6.4898101807e+02 6.4891198730e+02 6.4883001709e+02 6.4874401855e+02 6.4865301514e+02 6.4854797363e+02 6.4846997070e+02 6.4844097900e+02 6.4840600586e+02 6.4838201904e+02 6.4835797119e+02 6.4831799316e+02 6.4826000977e+02 6.4821801758e+02 6.4823999023e+02 6.4828302002e+02 6.4830200195e+02 6.4828900146e+02 6.4824298096e+02 6.4816601563e+02 6.4805499268e+02 6.4792498779e+02 6.4781701660e+02 6.4776599121e+02 6.4773498535e+02 6.4771899414e+02 6.4771502686e+02 6.4771600342e+02 6.4772198486e+02 6.4772198486e+02 6.4769500732e+02 6.4764599609e+02 6.4756799316e+02 6.4745501709e+02 6.4731597900e+02 6.4721301270e+02 6.4712298584e+02 6.4706701660e+02
6.4912902832e+02 6.4911297607e+02 6.4911297607e+02 6.4910198975e+02 6.4908599854e+02 6.4907501221e+02 6.4906097412e+02 6.4902899170e+02 6.4897802734e+02 6.4891101074e+02 6.4882598877e+02 6.4874298096e+02 6.4865997314e+02 6.4855297852e+02 6.4846002197e+02 6.4841302490e+02 6.4838000488e+02 6.4835699463e+02 6.4833300781e+02 6.4829199219e+02 6.4823999023e+02 6.4819000244e+02 6.4818200684e+02 6.4822900391e+02 6.4829797363e+02 6.4834698486e+02 6.4833099365e+02 6.4825000000e+02 6.4812298584e+02 6.4798199463e+02 6.4785699463e+02 6.4777899170e+02 6.4772802734e+02 6.4770898438e+02 6.4769299316e+02 6.4769097900e+02 6.4768298340e+02 6.4767199707e+02 6.4763098145e+02 6.4757800293e+02 6.4750598145e+02 6.4740502930e+02 6.4728802490e+02 6.4719500732e+02 6.4710601807e+02 6.4703497314e+02
6.4911199951e+02 6.4908502197e+02 6.4908001709e+02 6.4907501221e+02 6.4906799316e+02 6.4906097412e+02 6.4904602051e+02 6.4901702881e+02 6.4897100830e+02 6.4890502930e+02 6.4882397461e+02 6.4874102783e+02 6.4865899658e+02 6.4855999756e+02 6.4845800781e+02 6.4838897705e+02 6.4834600830e+02 6.4832202148e+02 6.4829901123e+02 6.4826000977e+02 6.4821697998e+02 6.4816900635e+02 6.4813201904e+02 6.4815997314e+02 6.4824597168e+02 6.4833801270e+02 6.4836798096e+02 6.4829797363e+02 6.4816400146e+02 6.4801000977e+02 6.4787597656e+02 6.4777899170e+02 6.4772399902e+02 6.4769799805e+02 6.4766998291e+02 6.4765698242e+02 6.4763299561e+02 6.4760998535e+02 6.4756500244e+02 6.4751898193e+02 6.4744598389e+02 6.4735198975e+02 6.4725299072e+02 6.4716302490e+02 6.4707501221e+02 6.4699700928e+02
6.4909802246e+02 6.4906701660e+02 6.4905401611e+02 6.4905200195e+02 6.4905297852e+02 6.4904797363e+02 6.4902502441e+02 6.4899700928e+02 6.4895501709e+02 6.4889099121e+02 6.4881298828e+02 6.4873498535e+02 6.4865802002e+02 6.4856701660e+02 6.4846002197e+02 6.4836700439e+02 6.4830603027e+02 6.4827398682e+02 6.4825201416e+02 6.4822198486e+02 6.4819000244e+02 6.4815100098e+02 6.4809399414e+02 6.4808197021e+02 6.4815002441e+02 6.4825598145e+02 6.4832897949e+02 6.4829302979e+02 6.4817297363e+02 6.4802099609e+02 6.4788500977e+02 6.4777600098e+02 6.4770800781e+02 6.4766601563e+02 6.4762402344e+02 6.4759497070e+02 6.4755200195e+02 6.4752301025e+02 6.4748901367e+02 6.4745501709e+02 6.4738702393e+02 6.4729797363e+02 6.4720202637e+02 6.4711199951e+02 6.4702301025e+02 6.4694299316e+02
6.4907299805e+02 6.4904602051e+02 6.4903601074e+02 6.4903198242e+02 6.4903302002e+02 6.4902899170e+02 6.4900097656e+02 6.4896899414e+02 6.4893402100e+02 6.4887597656e+02 6.4879699707e+02 6.4872198486e+02 6.4864801025e+02 6.4855700684e+02 6.4845098877e+02 6.4834600830e+02 6.4826702881e+02 6.4821997070e+02 6.4819500732e+02 6.4817297363e+02 6.4814398193e+02 6.4811199951e+02 6.4807501221e+02 6.4801098633e+02 6.4803497314e+02 6.4812500000e+02 6.4822399902e+02 6.4822497559e+02 6.4814697266e+02 6.4802099609e+02 6.4787902832e+02 6.4776501465e+02 6.4767999268e+02 6.4761901855e+02 6.4756402588e+02 6.4751702881e+02 6.4745300293e+02 6.4741400146e+02 6.4738201904e+02 6.4734301758e+02 6.4729400635e+02 6.4722399902e+02 6.4713201904e+02 6.4703601074e+02 6.4694500732e+02 6.4686602783e+02
6.4903002930e+02 6.4900402832e+02 6.4900299072e+02 6.4900299072e+02 6.4900201416e+02 6.4899700928e+02 6.4897100830e+02 6.4894396973e+02 6.4891497803e+02 6.4886499023e+02 6.4878100586e+02 6.4869598389e+02 6.4861297607e+02 6.4852398682e+02 6.4842901611e+02 6.4832800293e+02 6.4823498535e+02 6.4816400146e+02 6.4811798096e+02 6.4810400391e+02 6.4807202148e+02 6.4803497314e+02 6.4800500488e+02 6.4795202637e+02 6.4793103027e+02 6.4797698975e+02 6.4807299805e+02 6.4811798096e+02 6.4808197021e+02 6.4798400879e+02 6.4784899902e+02 6.4773400879e+02 6.4763299561e+02 6.4756298828e+02 6.4749902344e+02 6.4743402100e+02 6.4735797119e+02 6.4728997803e+02 6.4721600342e+02 6.4717901611e+02 6.4716198730e+02 6.4712701416e+02 6.4704998779e+02 6.4695501709e+02 6.4685498047e+02 6.4677899170e+02
6.4899798584e+02 6.4897100830e+02 6.4896502686e+02 6.4896398926e+02 6.4895898438e+02 6.4895397949e+02 6.4893103027e+02 6.4890399170e+02 6.4887500000e+02 6.4883001709e+02 6.4875299072e+02 6.4866998291e+02 6.4858398438e+02 6.4849200439e+02 6.4840100098e+02 6.4830297852e+02 6.4819799805e+02 6.4810302734e+02 6.4803198242e+02 6.4800799561e+02 6.4797497559e+02 6.4794396973e+02 6.4792901611e+02 6.4789599609e+02 6.4784899902e+02 6.4784698486e+02 6.4791101074e+02 6.4797100830e+02 6.4796502686e+02 6.4789898682e+02 6.4779602051e+02 6.4769097900e+02 6.4757702637e+02 6.4749499512e+02 6.4742401123e+02 6.4734100342e+02 6.4725701904e+02 6.4716699219e+02 6.4706701660e+02 6.4703198242e+02 6.4702697754e+02 6.4701000977e+02 6.4695300293e+02 6.4686499023e+02 6.4676397705e+02 6.4668597412e+02
6.4896801758e+02 6.4894201660e+02 6.4892602539e+02 6.4891302490e+02 6.4889898682e+02 6.4889099121e+02 6.4887402344e+02 6.4884600830e+02 6.4881701660e+02 6.4877697754e+02 6.4871301270e+02 6.4863598633e+02 6.4854998779e+02 6.4845300293e+02 6.4835998535e+02 6.4825897217e+02 6.4814898682e+02 6.4804400635e+02 6.4795898438e+02 6.4791302490e+02 6.4786602783e+02 6.4784197998e+02 6.4784802246e+02 6.4782098389e+02 6.4776202393e+02 6.4772900391e+02 6.4776202393e+02 6.4782299805e+02 6.4783697510e+02 6.4780401611e+02 6.4775799561e+02 6.4768103027e+02 6.4753698730e+02 6.4741900635e+02 6.4733599854e+02 6.4724102783e+02 6.4715502930e+02 6.4706298828e+02 6.4697302246e+02 6.4693597412e+02 6.4691699219e+02 6.4689501953e+02 6.4684197998e+02 6.4675402832e+02 6.4665600586e+02 6.4657598877e+02
6.4891900635e+02 6.4889001465e+02 6.4887799072e+02 6.4885797119e+02 6.4883599854e+02 6.4882598877e+02 6.4881799316e+02 6.4878399658e+02 6.4875097656e+02 6.4871002197e+02 6.4866198730e+02 6.4858697510e+02 6.4850000000e+02 6.4840100098e+02 6.4830603027e+02 6.4819799805e+02 6.4809002686e+02 6.4799499512e+02 6.4791497803e+02 6.4784301758e+02 6.4777398682e+02 6.4774200439e+02 6.4776202393e+02 6.4772302246e+02 6.4766497803e+02 6.4762701416e+02 6.4764501953e+02 6.4768298340e+02 6.4771197510e+02 6.4771997070e+02 6.4771997070e+02 6.4765802002e+02 6.4750402832e+02 6.4735101318e+02 6.4723602295e+02 6.4714697266e+02 6.4706896973e+02 6.4699401855e+02 6.4692401123e+02 6.4688299561e+02 6.4684399414e+02 6.4679998779e+02 6.4673400879e+02 6.4664202881e+02 6.4655297852e+02 6.4647100830e+02
6.4885797119e+02 6.4882897949e+02 6.4880297852e+02 6.4878601074e+02 6.4876800537e+02 6.4875299072e+02 6.4873498535e+02 6.4870397949e+02 6.4866400146e+02 6.4862500000e+02 6.4859301758e+02 6.4853497314e+02 6.4845202637e+02 6.4834997559e+02 6.4825299072e+02 6.4814599609e+02 6.4803497314e+02 6.4793701172e+02 6.4785101318e+02 6.4776898193e+02 6.4768798828e+02 6.4764099121e+02 6.4764898682e+02 6.4762902832e+02 6.4759301758e+02 6.4754498291e+02 6.4752502441e+02 6.4754998779e+02 6.4760797119e+02 6.4766699219e+02 6.4767797852e+02 6.4760101318e+02 6.4746002197e+02 6.4729699707e+02 6.4716400146e+02 6.4707202148e+02 6.4699902344e+02 6.4692700195e+02 6.4684997559e+02 6.4681701660e+02 6.4677801514e+02 6.4672900391e+02 6.4666101074e+02 6.4656597900e+02 6.4647198486e+02 6.4638000488e+02
6.4878399658e+02 6.4875500488e+02 6.4872601318e+02 6.4871002197e+02 6.4868902588e+02 6.4866699219e+02 6.4863800049e+02 6.4860900879e+02 6.4857000732e+02 6.4853302002e+02 6.4850500488e+02 6.4846697998e+02 6.4839898682e+02 6.4830798340e+02 6.4821197510e+02 6.4810302734e+02 6.4798699951e+02 6.4787902832e+02 6.4778399658e+02 6.4769702148e+02 6.4760699463e+02 6.4754199219e+02 6.4752697754e+02 6.4752001953e+02 6.4750201416e+02 6.4745599365e+02 6.4741699219e+02 6.4742797852e+02 6.4749700928e+02 6.4758801270e+02 6.4762799072e+02 6.4756896973e+02 6.4743200684e+02 6.4726000977e+02 6.4711102295e+02 6.4701501465e+02 6.4694097900e+02 6.4686401367e+02 6.4677600098e+02 6.4672998047e+02 6.4668103027e+02 6.4662799072e+02 6.4657299805e+02 6.4649597168e+02 6.4639801025e+02 6.4629602051e+02
6.4869299316e+02 6.4866998291e+02 6.4864697266e+02 6.4862500000e+02 6.4859802246e+02 6.4856896973e+02 6.4853497314e+02 6.4851098633e+02 6.4847698975e+02 6.4843499756e+02 6.4840002441e+02 6.4837597656e+02 6.4833502197e+02 6.4826800537e+02 6.4817700195e+02 6.4806298828e+02 6.4794598389e+02 6.4783001709e+02 6.4772399902e+02 6.4763897705e+02 6.4753802490e+02 6.4745098877e+02 6.4740899658e+02 6.4740399170e+02 6.4739801025e+02 6.4736999512e+02 6.4732897949e+02 6.4730499268e+02 6.4735601807e+02 6.4745501709e+02 6.4752801514e+02 6.4750402832e+02 6.4738299561e+02 6.4721801758e+02 6.4706701660e+02 6.4696600342e+02 6.4688598633e+02 6.4680200195e+02 6.4670898438e+02 6.4664697266e+02 6.4658300781e+02 6.4652398682e+02 6.4647302246e+02 6.4641101074e+02 6.4632202148e+02 6.4621997070e+02
