TESTSERVER/21/14.asc
NCOLS 100
NROWS 100
XLLCORNER 8.5497500000e+03
YLLCORNER 2.8925025000e+05
CELLSIZE 5.0000000000e-01
NODATA_VALUE -9.9990000000e+03
[rows 20 to 39 of 100, columns 46 to 91 of 100]
6.4084698486e+02 6.4085101318e+02 6.4084002686e+02 6.4082501221e+02 6.4079302979e+02 6.4077301025e+02 6.4075500488e+02 6.4073699951e+02 6.4071899414e+02 6.4069500732e+02 6.4067297363e+02 6.4065002441e+02 6.4062200928e+02 6.4060101318e+02 6.4058599854e+02 6.4057598877e+02 6.4058001709e+02 6.4060400391e+02 6.4060101318e+02 6.4058599854e+02 6.4057098389e+02 6.4057397461e+02 6.4057702637e+02 6.4058599854e+02 6.4059399414e+02 6.4057501221e+02 6.4056701660e+02 6.4055700684e+02 6.4055499268e+02 6.4054302979e+02 6.4053997803e+02 6.4053698730e+02 6.4054302979e+02 6.4052600098e+02 6.4048901367e+02 6.4047399902e+02 6.4047198486e+02 6.4045397949e+02 6.4045300293e+02 6.4046301270e+02 6.4047100830e+02 6.4044396973e+02 6.4040399170e+02 6.4038500977e+02 6.4039599609e+02 6.4042700195e+02
6.4083300781e+02 6.4082397461e+02 6.4081097412e+02 6.4079797363e+02 6.4077899170e+02 6.4075897217e+02 6.4074401855e+02 6.4072802734e+02 6.4071099854e+02 6.4068902588e+02 6.4066699219e+02 6.4064202881e+02 6.4061199951e+02 6.4058697510e+02 6.4056896973e+02 6.4055401611e+02 6.4055603027e+02 6.4058599854e+02 6.4058197021e+02 6.4055902100e+02 6.4053997803e+02 6.4053601074e+02 6.4053997803e+02 6.4055902100e+02 6.4057299805e+02 6.4056799316e+02 6.4056402588e+02 6.4055700684e+02 6.4055102539e+02 6.4054498291e+02 6.4053497314e+02 6.4052301025e+02 6.4051501465e+02 6.4047998047e+02 6.4046398926e+02 6.4047399902e+02 6.4047900391e+02 6.4046002197e+02 6.4045800781e+02 6.4046697998e+02 6.4047698975e+02 6.4046197510e+02 6.4042297363e+02 6.4039099121e+02 6.4037902832e+02 6.4039099121e+02
6.4082098389e+02 6.4080700684e+02 6.4079498291e+02 6.4078100586e+02 6.4076702881e+02 6.4075000000e+02 6.4073498535e+02 6.4071997070e+02 6.4070300293e+02 6.4068298340e+02 6.4066198730e+02 6.4063897705e+02 6.4060797119e+02 6.4057897949e+02 6.4055798340e+02 6.4054400635e+02 6.4052697754e+02 6.4053601074e+02 6.4054498291e+02 6.4053802490e+02 6.4053002930e+02 6.4052398682e+02 6.4051898193e+02 6.4052502441e+02 6.4053802490e+02 6.4054302979e+02 6.4054400635e+02 6.4054199219e+02 6.4053997803e+02 6.4053698730e+02 6.4052600098e+02 6.4051098633e+02 6.4048999023e+02 6.4045098877e+02 6.4044897461e+02 6.4046502686e+02 6.4047302246e+02 6.4046600342e+02 6.4047198486e+02 6.4047698975e+02 6.4047100830e+02 6.4046997070e+02 6.4045300293e+02 6.4043200684e+02 6.4041302490e+02 6.4040997314e+02
6.4081097412e+02 6.4079498291e+02 6.4078198242e+02 6.4076800537e+02 6.4075598145e+02 6.4074200439e+02 6.4072698975e+02 6.4071099854e+02 6.4069598389e+02 6.4067901611e+02 6.4065899658e+02 6.4063702393e+02 6.4060797119e+02 6.4057897949e+02 6.4055798340e+02 6.4054302979e+02 6.4051702881e+02 6.4050500488e+02 6.4051702881e+02 6.4052301025e+02 6.4053100586e+02 6.4053002930e+02 6.4051599121e+02 6.4050299072e+02 6.4050201416e+02 6.4051397705e+02 6.4052099609e+02 6.4052398682e+02 6.4052697754e+02 6.4052301025e+02 6.4051000977e+02 6.4049200439e+02 6.4047100830e+02 6.4044201660e+02 6.4044201660e+02 6.4045397949e+02 6.4045697021e+02 6.4046398926e+02 6.4047998047e+02 6.4048199463e+02 6.4046197510e+02 6.4046502686e+02 6.4045800781e+02 6.4045599365e+02 6.4045501709e+02 6.4045098877e+02
6.4080401611e+02 6.4078698730e+02 6.4077398682e+02 6.4076000977e+02 6.4074902344e+02 6.4073400879e+02 6.4071997070e+02 6.4070599365e+02 6.4069598389e+02 6.4067498779e+02 6.4065698242e+02 6.4063702393e+02 6.4061901855e+02 6.4059197998e+02 6.4057098389e+02 6.4055603027e+02 6.4055102539e+02 6.4053698730e+02 6.4052398682e+02 6.4052001953e+02 6.4052398682e+02 6.4053100586e+02 6.4052001953e+02 6.4049499512e+02 6.4047601318e+02 6.4048400879e+02 6.4049597168e+02 6.4051000977e+02 6.4052001953e+02 6.4050701904e+02 6.4048999023e+02 6.4046899414e+02 6.4045300293e+02 6.4043499756e+02 6.4043402100e+02 6.4043798828e+02 6.4043798828e+02 6.4044897461e+02 6.4046997070e+02 6.4048400879e+02 6.4047900391e+02 6.4047198486e+02 6.4045300293e+02 6.4045800781e+02 6.4047302246e+02 6.4047601318e+02
6.4078601074e+02 6.4077502441e+02 6.4076501465e+02 6.4075299072e+02 6.4073901367e+02 6.4072497559e+02 6.4071301270e+02 6.4070001221e+02 6.4068701172e+02 6.4066998291e+02 6.4065197754e+02 6.4063500977e+02 6.4061798096e+02 6.4060101318e+02 6.4058398438e+02 6.4056799316e+02 6.4055798340e+02 6.4054797363e+02 6.4053698730e+02 6.4052899170e+02 6.4052600098e+02 6.4052600098e+02 6.4052197266e+02 6.4049902344e+02 6.4048101807e+02 6.4047998047e+02 6.4048901367e+02 6.4050701904e+02 6.4051599121e+02 6.4049700928e+02 6.4046997070e+02 6.4044299316e+02 6.4042498779e+02 6.4041302490e+02 6.4041302490e+02 6.4041198730e+02 6.4041101074e+02 6.4044702148e+02 6.4048699951e+02 6.4052600098e+02 6.4055499268e+02 6.4052899170e+02 6.4047998047e+02 6.4046197510e+02 6.4046899414e+02 6.4047302246e+02
6.4076599121e+02 6.4076000977e+02 6.4075201416e+02 6.4074298096e+02 6.4072900391e+02 6.4071502686e+02 6.4070202637e+02 6.4068902588e+02 6.4067700195e+02 6.4066198730e+02 6.4064599609e+02 6.4063000488e+02 6.4061499023e+02 6.4059997559e+02 6.4058502197e+02 6.4057000732e+02 6.4055798340e+02 6.4054699707e+02 6.4053601074e+02 6.4052502441e+02 6.4051501465e+02 6.4051300049e+02 6.4051800537e+02 6.4050701904e+02 6.4049102783e+02 6.4048400879e+02 6.4048699951e+02 6.4049700928e+02 6.4049700928e+02 6.4047802734e+02 6.4045001221e+02 6.4042199707e+02 6.4040002441e+02 6.4039099121e+02 6.4039599609e+02 6.4039801025e+02 6.4040502930e+02 6.4045800781e+02 6.4049902344e+02 6.4052697754e+02 6.4055902100e+02 6.4054998779e+02 6.4051397705e+02 6.4049401855e+02 6.4047698975e+02 6.4046197510e+02
6.4074499512e+02 6.4074499512e+02 6.4073999023e+02 6.4073199463e+02 6.4071899414e+02 6.4070397949e+02 6.4069097900e+02 6.4067797852e+02 6.4066601563e+02 6.4065301514e+02 6.4063800049e+02 6.4062298584e+02 6.4060900879e+02 6.4059600830e+02 6.4058099365e+02 6.4056701660e+02 6.4055297852e+02 6.4053997803e+02 6.4052697754e+02 6.4051300049e+02 6.4049298096e+02 6.4047998047e+02 6.4049102783e+02 6.4049597168e+02 6.4049200439e+02 6.4048199463e+02 6.4047900391e+02 6.4047900391e+02 6.4047100830e+02 6.4045599365e+02 6.4043402100e+02 6.4040997314e+02 6.4039001465e+02 6.4038397217e+02 6.4039398193e+02 6.4040301514e+02 6.4042199707e+02 6.4045898438e+02 6.4047601318e+02 6.4048199463e+02 6.4050500488e+02 6.4052301025e+02 6.4052099609e+02 6.4052197266e+02 6.4049798584e+02 6.4046600342e+02
6.4072399902e+02 6.4072900391e+02 6.4072601318e+02 6.4071997070e+02 6.4070697021e+02 6.4069299316e+02 6.4067901611e+02 6.4066497803e+02 6.4064697266e+02 6.4064001465e+02 6.4062701416e+02 6.4061401367e+02 6.4059802246e+02 6.4058398438e+02 6.4056896973e+02 6.4055297852e+02 6.4053002930e+02 6.4052197266e+02 6.4050598145e+02 6.4048999023e+02 6.4046197510e+02 6.4044396973e+02 6.4044598389e+02 6.4045599365e+02 6.4046502686e+02 6.4047900391e+02 6.4047399902e+02 6.4046301270e+02 6.4044598389e+02 6.4044299316e+02 6.4043103027e+02 6.4041101074e+02 6.4039501953e+02 6.4038500977e+02 6.4038800049e+02 6.4040600586e+02 6.4043701172e+02 6.4045697021e+02 6.4045898438e+02 6.4046600342e+02 6.4048400879e+02 6.4048498535e+02 6.4048901367e+02 6.4050097656e+02 6.4050000000e+02 6.4048602295e+02
6.4071398926e+02 6.4071899414e+02 6.4071502686e+02 6.4070800781e+02 6.4069598389e+02 6.4068103027e+02 6.4066699219e+02 6.4065197754e+02 6.4063702393e+02 6.4062597656e+02 6.4061401367e+02 6.4060198975e+02 6.4058898926e+02 6.4057299805e+02 6.4055603027e+02 6.4053997803e+02 6.4052197266e+02 6.4050598145e+02 6.4048999023e+02 6.4047698975e+02 6.4045898438e+02 6.4043798828e+02 6.4043103027e+02 6.4042797852e+02 6.4042999268e+02 6.4044201660e+02 6.4044000244e+02 6.4043103027e+02 6.4041998291e+02 6.4042602539e+02 6.4042797852e+02 6.4041400146e+02 6.4039898682e+02 6.4037902832e+02 6.4037902832e+02 6.4040600586e+02 6.4043902588e+02 6.4045300293e+02 6.4044897461e+02 6.4044799805e+02 6.4046398926e+02 6.4045898438e+02 6.4045397949e+02 6.4047198486e+02 6.4049700928e+02 6.4050201416e+02
6.4070599365e+02 6.4071002197e+02 6.4070599365e+02 6.4069799805e+02 6.4068499756e+02 6.4067199707e+02 6.4065802002e+02 6.4064300537e+02 6.4062799072e+02 6.4061700439e+02 6.4060498047e+02 6.4059301758e+02 6.4058001709e+02 6.4056500244e+02 6.4054998779e+02 6.4053399658e+02 6.4051599121e+02 6.4049700928e+02 6.4048400879e+02 6.4047302246e+02 6.4046301270e+02 6.4044702148e+02 6.4043499756e+02 6.4042199707e+02 6.4040698242e+02 6.4041198730e+02 6.4040899658e+02 6.4040100098e+02 6.4039898682e+02 6.4041198730e+02 6.4042297363e+02 6.4042102051e+02 6.4040600586e+02 6.4038500977e+02 6.4038800049e+02 6.4041302490e+02 6.4043103027e+02 6.4043701172e+02 6.4043200684e+02 6.4043200684e+02 6.4045300293e+02 6.4044799805e+02 6.4043701172e+02 6.4046398926e+02 6.4050201416e+02 6.4050500488e+02
6.4070001221e+02 6.4070202637e+02 6.4069702148e+02 6.4068798828e+02 6.4067498779e+02 6.4066302490e+02 6.4065002441e+02 6.4063598633e+02 6.4062097168e+02 6.4060900879e+02 6.4059698486e+02 6.4058599854e+02 6.4057299805e+02 6.4055902100e+02 6.4054498291e+02 6.4053002930e+02 6.4051000977e+02 6.4049200439e+02 6.4047998047e+02 6.4047100830e+02 6.4046899414e+02 6.4046301270e+02 6.4044702148e+02 6.4042498779e+02 6.4039801025e+02 6.4040197754e+02 6.4039801025e+02 6.4038897705e+02 6.4039398193e+02 6.4040997314e+02 6.4042102051e+02 6.4042297363e+02 6.4041497803e+02 6.4040100098e+02 6.4040100098e+02 6.4040997314e+02 6.4040399170e+02 6.4041198730e+02 6.4042297363e+02 6.4043103027e+02 6.4044702148e+02 6.4044396973e+02 6.4042700195e+02 6.4044897461e+02 6.4048901367e+02 6.4049401855e+02
6.4069299316e+02 6.4069500732e+02 6.4068902588e+02 6.4067901611e+02 6.4066497803e+02 6.4065301514e+02 6.4064099121e+02 6.4062799072e+02 6.4061499023e+02 6.4060198975e+02 6.4059002686e+02 6.4057702637e+02 6.4056701660e+02 6.4055297852e+02 6.4053802490e+02 6.4052398682e+02 6.4051000977e+02 6.4049298096e+02 6.4048199463e+02 6.4047399902e+02 6.4047698975e+02 6.4046697998e+02 6.4044897461e+02 6.4042401123e+02 6.4039898682e+02 6.4040698242e+02 6.4040698242e+02 6.4039599609e+02 6.4039001465e+02 6.4042999268e+02 6.4042999268e+02 6.4041699219e+02 6.4041302490e+02 6.4041101074e+02 6.4040301514e+02 6.4039398193e+02 6.4037902832e+02 6.4039099121e+02 6.4042199707e+02 6.4043597412e+02 6.4043298340e+02 6.4043902588e+02 6.4042999268e+02 6.4043499756e+02 6.4044097900e+02 6.4048101807e+02
6.4068402100e+02 6.4068597412e+02 6.4068103027e+02 6.4067199707e+02 6.4065899658e+02 6.4064697266e+02 6.4063598633e+02 6.4062402344e+02 6.4060998535e+02 6.4059600830e+02 6.4058398438e+02 6.4057202148e+02 6.4056201172e+02 6.4054699707e+02 6.4053198242e+02 6.4051800537e+02 6.4050598145e+02 6.4049401855e+02 6.4048297119e+02 6.4047399902e+02 6.4047497559e+02 6.4046099854e+02 6.4044299316e+02 6.4042498779e+02 6.4040899658e+02 6.4041998291e+02 6.4041998291e+02 6.4040600586e+02 6.4040100098e+02 6.4043798828e+02 6.4043200684e+02 6.4040899658e+02 6.4041101074e+02 6.4041802979e+02 6.4040997314e+02 6.4039898682e+02 6.4038500977e+02 6.4040002441e+02 6.4043701172e+02 6.4045001221e+02 6.4042901611e+02 6.4042102051e+02 6.4042602539e+02 6.4043200684e+02 6.4043701172e+02 6.4048797607e+02
6.4067498779e+02 6.4067700195e+02 6.4067297363e+02 6.4066497803e+02 6.4065399170e+02 6.4064300537e+02 6.4063098145e+02 6.4061901855e+02 6.4060498047e+02 6.4059002686e+02 6.4057800293e+02 6.4056701660e+02 6.4055603027e+02 6.4054199219e+02 6.4052801514e+02 6.4051501465e+02 6.4050299072e+02 6.4048999023e+02 6.4047900391e+02 6.4046997070e+02 6.4046801758e+02 6.4045599365e+02 6.4044702148e+02 6.4043701172e+02 6.4042199707e+02 6.4041900635e+02 6.4041998291e+02 6.4041497803e+02 6.4040698242e+02 6.4041900635e+02 6.4041699219e+02 6.4040600586e+02 6.4041198730e+02 6.4041802979e+02 6.4041302490e+02 6.4040698242e+02 6.4039898682e+02 6.4041198730e+02 6.4044201660e+02 6.4044396973e+02 6.4041601563e+02 6.4041400146e+02 6.4041900635e+02 6.4041601563e+02 6.4042102051e+02 6.4046600342e+02
6.4066699219e+02 6.4066900635e+02 6.4066699219e+02 6.4065997314e+02 6.4064898682e+02 6.4063800049e+02 6.4062597656e+02 6.4061401367e+02 6.4059997559e+02 6.4058398438e+02 6.4057202148e+02 6.4056097412e+02 6.4055102539e+02 6.4053698730e+02 6.4052502441e+02 6.4051300049e+02 6.4050000000e+02 6.4048602295e+02 6.4047399902e+02 6.4046398926e+02 6.4045800781e+02 6.4045501709e+02 6.4046398926e+02 6.4046899414e+02 6.4044897461e+02 6.4041802979e+02 6.4041699219e+02 6.4042199707e+02 6.4041699219e+02 6.4041198730e+02 6.4041302490e+02 6.4041400146e+02 6.4042199707e+02 6.4042401123e+02 6.4042401123e+02 6.4042498779e+02 6.4042401123e+02 6.4042901611e+02 6.4043499756e+02 6.4042199707e+02 6.4040002441e+02 6.4040502930e+02 6.4040301514e+02 6.4039599609e+02 6.4040899658e+02 6.4043499756e+02
6.4065802002e+02 6.4065997314e+02 6.4066101074e+02 6.4065997314e+02 6.4065197754e+02 6.4063598633e+02 6.4062298584e+02 6.4060699463e+02 6.4058898926e+02 6.4057800293e+02 6.4056500244e+02 6.4055297852e+02 6.4054302979e+02 6.4053399658e+02 6.4052197266e+02 6.4050897217e+02 6.4049798584e+02 6.4047998047e+02 6.4046398926e+02 6.4045397949e+02 6.4044897461e+02 6.4046398926e+02 6.4050402832e+02 6.4053100586e+02 6.4050598145e+02 6.4043499756e+02 6.4041998291e+02 6.4043200684e+02 6.4042797852e+02 6.4041802979e+02 6.4041900635e+02 6.4042297363e+02 6.4042700195e+02 6.4044299316e+02 6.4045501709e+02 6.4045898438e+02 6.4044201660e+02 6.4044299316e+02 6.4042901611e+02 6.4040802002e+02 6.4040301514e+02 6.4039300537e+02 6.4038098145e+02 6.4038000488e+02 6.4040997314e+02 6.4042999268e+02
6.4064001465e+02 6.4064300537e+02 6.4065399170e+02 6.4066497803e+02 6.4065502930e+02 6.4063702393e+02 6.4062298584e+02 6.4060601807e+02 6.4058697510e+02 6.4057202148e+02 6.4055798340e+02 6.4054699707e+02 6.4053900146e+02 6.4052899170e+02 6.4051800537e+02 6.4050500488e+02 6.4049499512e+02 6.4047698975e+02 6.4046099854e+02 6.4045098877e+02 6.4044799805e+02 6.4045898438e+02 6.4051000977e+02 6.4054199219e+02 6.4050299072e+02 6.4042401123e+02 6.4041198730e+02 6.4043200684e+02 6.4043402100e+02 6.4042797852e+02 6.4043103027e+02 6.4043402100e+02 6.4043902588e+02 6.4046697998e+02 6.4048699951e+02 6.4047802734e+02 6.4044000244e+02 6.4042700195e+02 6.4040997314e+02 6.4039801025e+02 6.4041101074e+02 6.4040502930e+02 6.4039300537e+02 6.4039898682e+02 6.4041302490e+02 6.4043499756e+02
6.4063702393e+02 6.4063397217e+02 6.4064300537e+02 6.4065698242e+02 6.4065100098e+02 6.4063098145e+02 6.4061901855e+02 6.4060400391e+02 6.4058300781e+02 6.4056701660e+02 6.4055401611e+02 6.4054498291e+02 6.4053698730e+02 6.4052697754e+02 6.4051702881e+02 6.4050500488e+02 6.4049499512e+02 6.4047900391e+02 6.4046502686e+02 6.4045599365e+02 6.4044897461e+02 6.4043597412e+02 6.4046301270e+02 6.4048297119e+02 6.4045501709e+02 6.4040698242e+02 6.4040997314e+02 6.4043402100e+02 6.4043902588e+02 6.4043701172e+02 6.4044000244e+02 6.4044299316e+02 6.4044702148e+02 6.4046697998e+02 6.4048297119e+02 6.4046997070e+02 6.4043701172e+02 6.4042297363e+02 6.4040100098e+02 6.4038598633e+02 6.4040002441e+02 6.4040600586e+02 6.4040399170e+02 6.4042401123e+02 6.4044201660e+02 6.4045300293e+02
6.4065502930e+02 6.4063201904e+02 6.4063000488e+02 6.4063897705e+02 6.4063598633e+02 6.4062097168e+02 6.4061102295e+02 6.4059698486e+02 6.4057800293e+02 6.4055999756e+02 6.4055102539e+02 6.4054199219e+02 6.4053601074e+02 6.4052801514e+02 6.4051898193e+02 6.4050799561e+02 6.4049798584e+02 6.4048297119e+02 6.4047100830e+02 6.4046197510e+02 6.4045397949e+02 6.4042498779e+02 6.4042602539e+02 6.4043298340e+02 6.4041998291e+02 6.4040997314e+02 6.4042297363e+02 6.4043902588e+02 6.4044299316e+02 6.4044598389e+02 6.4044799805e+02 6.4045098877e+02 6.4045098877e+02 6.4045001221e+02 6.4045800781e+02 6.4044598389e+02 6.4042901611e+02 6.4042401123e+02 6.4040600586e+02 6.4039001465e+02 6.4039599609e+02 6.4041400146e+02 6.4041998291e+02 6.4045697021e+02 6.4048400879e+02 6.4045300293e+02
