TESTSERVER/21/14.asc
NCOLS 100
NROWS 100
XLLCORNER 8.5497500000e+03
YLLCORNER 2.8925025000e+05
CELLSIZE 5.0000000000e-01
NODATA_VALUE -9.9990000000e+03
[rows 60 to 79 of 100, columns 46 to 91 of 100]
6.4041400146e+02 6.4041802979e+02 6.4041400146e+02 6.4041198730e+02 6.4043499756e+02 6.4046002197e+02 6.4046398926e+02 6.4046502686e+02 6.4047900391e+02 6.4049102783e+02 6.4048101807e+02 6.4044897461e+02 6.4040802002e+02 6.4038299561e+02 6.4037200928e+02 6.4035699463e+02 6.4033898926e+02 6.4032702637e+02 6.4030603027e+02 6.4031597900e+02 6.4033599854e+02 6.4034600830e+02 6.4034997559e+02 6.4032702637e+02 6.4030200195e+02 6.4031201172e+02 6.4031097412e+02 6.4029797363e+02 6.4026397705e+02 6.4026898193e+02 6.4027697754e+02 6.4029199219e+02 6.4028497314e+02 6.4022698975e+02 6.4016601563e+02 6.4012597656e+02 6.4011602783e+02 6.4010498047e+02 6.4005999756e+02 6.4003601074e+02 6.4004498291e+02 6.4005902100e+02 6.4001501465e+02 6.3996197510e+02 6.3995300293e+02 6.3998400879e+02
6.4039099121e+02 6.4039599609e+02 6.4039599609e+02 6.4039099121e+02 6.4039599609e+02 6.4042297363e+02 6.4043499756e+02 6.4043902588e+02 6.4044201660e+02 6.4043298340e+02 6.4041699219e+02 6.4040002441e+02 6.4040100098e+02 6.4040502930e+02 6.4039202881e+02 6.4036102295e+02 6.4033801270e+02 6.4033398438e+02 6.4031597900e+02 6.4031298828e+02 6.4032000732e+02 6.4032397461e+02 6.4035101318e+02 6.4036901855e+02 6.4034301758e+02 6.4029998779e+02 6.4027801514e+02 6.4026599121e+02 6.4024499512e+02 6.4024200439e+02 6.4024401855e+02 6.4025299072e+02 6.4024700928e+02 6.4020800781e+02 6.4016998291e+02 6.4014202881e+02 6.4013000488e+02 6.4008599854e+02 6.4003399658e+02 6.4003198242e+02 6.4003900146e+02 6.4004101563e+02 6.3997497559e+02 6.3992199707e+02 6.3994000244e+02 6.3994897461e+02
6.4036102295e+02 6.4036401367e+02 6.4036499023e+02 6.4036401367e+02 6.4037200928e+02 6.4039501953e+02 6.4040002441e+02 6.4040197754e+02 6.4040197754e+02 6.4039398193e+02 6.4038500977e+02 6.4037200928e+02 6.4036999512e+02 6.4036297607e+02 6.4035900879e+02 6.4035198975e+02 6.4035400391e+02 6.4035998535e+02 6.4034100342e+02 6.4032299805e+02 6.4030798340e+02 6.4030102539e+02 6.4035699463e+02 6.4042297363e+02 6.4039801025e+02 6.4029901123e+02 6.4024401855e+02 6.4023199463e+02 6.4023602295e+02 6.4023699951e+02 6.4022802734e+02 6.4022900391e+02 6.4022698975e+02 6.4020898438e+02 6.4019000244e+02 6.4017700195e+02 6.4015502930e+02 6.4009997559e+02 6.4004797363e+02 6.4004901123e+02 6.4003302002e+02 6.3999902344e+02 6.3992401123e+02 6.3988201904e+02 6.3990802002e+02 6.3991998291e+02
6.4032098389e+02 6.4031799316e+02 6.4031799316e+02 6.4032299805e+02 6.4034100342e+02 6.4035498047e+02 6.4034899902e+02 6.4034997559e+02 6.4035998535e+02 6.4036901855e+02 6.4036901855e+02 6.4034997559e+02 6.4032501221e+02 6.4029699707e+02 6.4030297852e+02 6.4032702637e+02 6.4035797119e+02 6.4037200928e+02 6.4035998535e+02 6.4033599854e+02 6.4030200195e+02 6.4027197266e+02 6.4031896973e+02 6.4039202881e+02 6.4038201904e+02 6.4027801514e+02 6.4021899414e+02 6.4021398926e+02 6.4023101807e+02 6.4022698975e+02 6.4021301270e+02 6.4021099854e+02 6.4020599365e+02 6.4018298340e+02 6.4016802979e+02 6.4016601563e+02 6.4014398193e+02 6.4009600830e+02 6.4004602051e+02 6.4003900146e+02 6.4000299072e+02 6.3993402100e+02 6.3987500000e+02 6.3985302734e+02 6.3986297607e+02 6.3988397217e+02
6.4027502441e+02 6.4027502441e+02 6.4027801514e+02 6.4028601074e+02 6.4030603027e+02 6.4031597900e+02 6.4030700684e+02 6.4029998779e+02 6.4030200195e+02 6.4031500244e+02 6.4031799316e+02 6.4030499268e+02 6.4028802490e+02 6.4026501465e+02 6.4026397705e+02 6.4028100586e+02 6.4031402588e+02 6.4034301758e+02 6.4034600830e+02 6.4033099365e+02 6.4031201172e+02 6.4026800537e+02 6.4026202393e+02 6.4027801514e+02 6.4028302002e+02 6.4024597168e+02 6.4021301270e+02 6.4021099854e+02 6.4021002197e+02 6.4019299316e+02 6.4019201660e+02 6.4020098877e+02 6.4020898438e+02 6.4015698242e+02 6.4011999512e+02 6.4011401367e+02 6.4008801270e+02 6.4003002930e+02 6.3998199463e+02 6.3996801758e+02 6.3995001221e+02 6.3989801025e+02 6.3986700439e+02 6.3985601807e+02 6.3983197021e+02 6.3983300781e+02
6.4023400879e+02 6.4022698975e+02 6.4023498535e+02 6.4024499512e+02 6.4025097656e+02 6.4026300049e+02 6.4026397705e+02 6.4026000977e+02 6.4025201416e+02 6.4025097656e+02 6.4025097656e+02 6.4024499512e+02 6.4022998047e+02 6.4020599365e+02 6.4021099854e+02 6.4023400879e+02 6.4026300049e+02 6.4028900146e+02 6.4029199219e+02 6.4029901123e+02 6.4031097412e+02 6.4028399658e+02 6.4026000977e+02 6.4022998047e+02 6.4022601318e+02 6.4021997070e+02 6.4021002197e+02 6.4020001221e+02 6.4017297363e+02 6.4015197754e+02 6.4016302490e+02 6.4018597412e+02 6.4019097900e+02 6.4013299561e+02 6.4007702637e+02 6.4005798340e+02 6.4002001953e+02 6.3995300293e+02 6.3990301514e+02 6.3989099121e+02 6.3988598633e+02 6.3985400391e+02 6.3983197021e+02 6.3984002686e+02 6.3984698486e+02 6.3982897949e+02
6.4018499756e+02 6.4017102051e+02 6.4017797852e+02 6.4018298340e+02 6.4018499756e+02 6.4020501709e+02 6.4021502686e+02 6.4021697998e+02 6.4020397949e+02 6.4018902588e+02 6.4018597412e+02 6.4017901611e+02 6.4015997314e+02 6.4013598633e+02 6.4014697266e+02 6.4017297363e+02 6.4020001221e+02 6.4022302246e+02 6.4023199463e+02 6.4025701904e+02 6.4028399658e+02 6.4026800537e+02 6.4025402832e+02 6.4023101807e+02 6.4021801758e+02 6.4021398926e+02 6.4020300293e+02 6.4017401123e+02 6.4013800049e+02 6.4012402344e+02 6.4012200928e+02 6.4011901855e+02 6.4009002686e+02 6.4004199219e+02 6.4000097656e+02 6.3997497559e+02 6.3992297363e+02 6.3985498047e+02 6.3982598877e+02 6.3984002686e+02 6.3985400391e+02 6.3982897949e+02 6.3981597900e+02 6.3982800293e+02 6.3984399414e+02 6.3982098389e+02
6.4013098145e+02 6.4011700439e+02 6.4012701416e+02 6.4012701416e+02 6.4012597656e+02 6.4014599609e+02 6.4015600586e+02 6.4016101074e+02 6.4015399170e+02 6.4013897705e+02 6.4013500977e+02 6.4012701416e+02 6.4010198975e+02 6.4008197021e+02 6.4008697510e+02 6.4010198975e+02 6.4012097168e+02 6.4013702393e+02 6.4014697266e+02 6.4017401123e+02 6.4019299316e+02 6.4019598389e+02 6.4020800781e+02 6.4021997070e+02 6.4022998047e+02 6.4021502686e+02 6.4017999268e+02 6.4013299561e+02 6.4010601807e+02 6.4009399414e+02 6.4006500244e+02 6.4001501465e+02 6.3995501709e+02 6.3991400146e+02 6.3988598633e+02 6.3987097168e+02 6.3984002686e+02 6.3979498291e+02 6.3979498291e+02 6.3982501221e+02 6.3984002686e+02 6.3981701660e+02 6.3980603027e+02 6.3981201172e+02 6.3980999756e+02 6.3978497314e+02
6.4007397461e+02 6.4006298828e+02 6.4008001709e+02 6.4008398438e+02 6.4008001709e+02 6.4008502197e+02 6.4009197998e+02 6.4010101318e+02 6.4010498047e+02 6.4009997559e+02 6.4009497070e+02 6.4008300781e+02 6.4005798340e+02 6.4003601074e+02 6.4003198242e+02 6.4003698730e+02 6.4004199219e+02 6.4004699707e+02 6.4004797363e+02 6.4006298828e+02 6.4007299805e+02 6.4009002686e+02 6.4011499023e+02 6.4013800049e+02 6.4016400146e+02 6.4014801025e+02 6.4010198975e+02 6.4006799316e+02 6.4006701660e+02 6.4003601074e+02 6.3998199463e+02 6.3990301514e+02 6.3983898926e+02 6.3980700684e+02 6.3977697754e+02 6.3977801514e+02 6.3979302979e+02 6.3977600098e+02 6.3978002930e+02 6.3979400635e+02 6.3979699707e+02 6.3977197266e+02 6.3976202393e+02 6.3976397705e+02 6.3975000000e+02 6.3972100830e+02
6.4001800537e+02 6.4001397705e+02 6.4002801514e+02 6.4002801514e+02 6.4002899170e+02 6.4003601074e+02 6.4004498291e+02 6.4005902100e+02 6.4006402588e+02 6.4005798340e+02 6.4004998779e+02 6.4003497314e+02 6.4001098633e+02 6.3998699951e+02 6.3997198486e+02 6.3996099854e+02 6.3995001221e+02 6.3993798828e+02 6.3993597412e+02 6.3995397949e+02 6.3997302246e+02 6.3999102783e+02 6.4000402832e+02 6.4001397705e+02 6.4004797363e+02 6.4003497314e+02 6.3999597168e+02 6.3996502686e+02 6.3995800781e+02 6.3993798828e+02 6.3985699463e+02 6.3976397705e+02 6.3972198486e+02 6.3970800781e+02 6.3969799805e+02 6.3969799805e+02 6.3970697021e+02 6.3971301270e+02 6.3971600342e+02 6.3971600342e+02 6.3971899414e+02 6.3971002197e+02 6.3970397949e+02 6.3970800781e+02 6.3969299316e+02 6.3967102051e+02
6.3996301270e+02 6.3996600342e+02 6.3997802734e+02 6.3997998047e+02 6.3998797607e+02 6.3999597168e+02 6.3999499512e+02 6.4000097656e+02 6.4000299072e+02 6.3999902344e+02 6.3998602295e+02 6.3996899414e+02 6.3995001221e+02 6.3993298340e+02 6.3991802979e+02 6.3990002441e+02 6.3988201904e+02 6.3986401367e+02 6.3985400391e+02 6.3986297607e+02 6.3986999512e+02 6.3988201904e+02 6.3989001465e+02 6.3989398193e+02 6.3991198730e+02 6.3990502930e+02 6.3987500000e+02 6.3984301758e+02 6.3983001709e+02 6.3980999756e+02 6.3973699951e+02 6.3966400146e+02 6.3963897705e+02 6.3962097168e+02 6.3959399414e+02 6.3958502197e+02 6.3959301758e+02 6.3960302734e+02 6.3960797119e+02 6.3961499023e+02 6.3963397217e+02 6.3964001465e+02 6.3964001465e+02 6.3964697266e+02 6.3963800049e+02 6.3962097168e+02
6.3991900635e+02 6.3992401123e+02 6.3993701172e+02 6.3993798828e+02 6.3994396973e+02 6.3994897461e+02 6.3994396973e+02 6.3994201660e+02 6.3993103027e+02 6.3992401123e+02 6.3991101074e+02 6.3989501953e+02 6.3988000488e+02 6.3987200928e+02 6.3986199951e+02 6.3984399414e+02 6.3982098389e+02 6.3980102539e+02 6.3978497314e+02 6.3978302002e+02 6.3977398682e+02 6.3977899170e+02 6.3978698730e+02 6.3978601074e+02 6.3977899170e+02 6.3976800537e+02 6.3974401855e+02 6.3971502686e+02 6.3970202637e+02 6.3968200684e+02 6.3964099121e+02 6.3960797119e+02 6.3958502197e+02 6.3955200195e+02 6.3951202393e+02 6.3949499512e+02 6.3950299072e+02 6.3951599121e+02 6.3952099609e+02 6.3953100586e+02 6.3955798340e+02 6.3957299805e+02 6.3957098389e+02 6.3957501221e+02 6.3956799316e+02 6.3955700684e+02
6.3988000488e+02 6.3988098145e+02 6.3989099121e+02 6.3988897705e+02 6.3988800049e+02 6.3987902832e+02 6.3987200928e+02 6.3987200928e+02 6.3986499023e+02 6.3985400391e+02 6.3984497070e+02 6.3982897949e+02 6.3981298828e+02 6.3979498291e+02 6.3978497314e+02 6.3977197266e+02 6.3975299072e+02 6.3972802734e+02 6.3971398926e+02 6.3970697021e+02 6.3970098877e+02 6.3969396973e+02 6.3968402100e+02 6.3967401123e+02 6.3966101074e+02 6.3965197754e+02 6.3964001465e+02 6.3961798096e+02 6.3960498047e+02 6.3958898926e+02 6.3956597900e+02 6.3955401611e+02 6.3954101563e+02 6.3950500488e+02 6.3946899414e+02 6.3945300293e+02 6.3946002197e+02 6.3947698975e+02 6.3947497559e+02 6.3947100830e+02 6.3948797607e+02 6.3949499512e+02 6.3949200439e+02 6.3949102783e+02 6.3948199463e+02 6.3947698975e+02
6.3983398438e+02 6.3982702637e+02 6.3983197021e+02 6.3982397461e+02 6.3982098389e+02 6.3981799316e+02 6.3980902100e+02 6.3980297852e+02 6.3979302979e+02 6.3978900146e+02 6.3978100586e+02 6.3975799561e+02 6.3972601318e+02 6.3971197510e+02 6.3970697021e+02 6.3969897461e+02 6.3968103027e+02 6.3965899658e+02 6.3964099121e+02 6.3962799072e+02 6.3962097168e+02 6.3961602783e+02 6.3960601807e+02 6.3959600830e+02 6.3958099365e+02 6.3957202148e+02 6.3956201172e+02 6.3954901123e+02 6.3955297852e+02 6.3953698730e+02 6.3950598145e+02 6.3949798584e+02 6.3950000000e+02 6.3947900391e+02 6.3944396973e+02 6.3941601563e+02 6.3940600586e+02 6.3941900635e+02 6.3941900635e+02 6.3940802002e+02 6.3939697266e+02 6.3939501953e+02 6.3939501953e+02 6.3939898682e+02 6.3939001465e+02 6.3938000488e+02
6.3977899170e+02 6.3976898193e+02 6.3977197266e+02 6.3976202393e+02 6.3975799561e+02 6.3975701904e+02 6.3974798584e+02 6.3973699951e+02 6.3971697998e+02 6.3971002197e+02 6.3970202637e+02 6.3967498779e+02 6.3963800049e+02 6.3963397217e+02 6.3962902832e+02 6.3961602783e+02 6.3959197998e+02 6.3957702637e+02 6.3956402588e+02 6.3955200195e+02 6.3954699707e+02 6.3953997803e+02 6.3952600098e+02 6.3950897217e+02 6.3949902344e+02 6.3948297119e+02 6.3947302246e+02 6.3946997070e+02 6.3947302246e+02 6.3945599365e+02 6.3943298340e+02 6.3942901611e+02 6.3943200684e+02 6.3941400146e+02 6.3938500977e+02 6.3935699463e+02 6.3934399414e+02 6.3934301758e+02 6.3933502197e+02 6.3931799316e+02 6.3930102539e+02 6.3929901123e+02 6.3929101563e+02 6.3928997803e+02 6.3927899170e+02 6.3926800537e+02
6.3971997070e+02 6.3970300293e+02 6.3969897461e+02 6.3968798828e+02 6.3968103027e+02 6.3968200684e+02 6.3967700195e+02 6.3966601563e+02 6.3964202881e+02 6.3963299561e+02 6.3962200928e+02 6.3959399414e+02 6.3955401611e+02 6.3954199219e+02 6.3953497314e+02 6.3952001953e+02 6.3949597168e+02 6.3948602295e+02 6.3947802734e+02 6.3947100830e+02 6.3946899414e+02 6.3945501709e+02 6.3943902588e+02 6.3941900635e+02 6.3940301514e+02 6.3936999512e+02 6.3936199951e+02 6.3936700439e+02 6.3936602783e+02 6.3936199951e+02 6.3935198975e+02 6.3934802246e+02 6.3934698486e+02 6.3932202148e+02 6.3929602051e+02 6.3927502441e+02 6.3926599121e+02 6.3925000000e+02 6.3922998047e+02 6.3920800781e+02 6.3919299316e+02 6.3919097900e+02 6.3917797852e+02 6.3916998291e+02 6.3916101074e+02 6.3915002441e+02
6.3966900635e+02 6.3964202881e+02 6.3962200928e+02 6.3960198975e+02 6.3959600830e+02 6.3960198975e+02 6.3959899902e+02 6.3959301758e+02 6.3958398438e+02 6.3956201172e+02 6.3954498291e+02 6.3952301025e+02 6.3949700928e+02 6.3945599365e+02 6.3943200684e+02 6.3941900635e+02 6.3941101074e+02 6.3939300537e+02 6.3938500977e+02 6.3938500977e+02 6.3937402344e+02 6.3935400391e+02 6.3934497070e+02 6.3933001709e+02 6.3931097412e+02 6.3927301025e+02 6.3926501465e+02 6.3926599121e+02 6.3926397705e+02 6.3926397705e+02 6.3926000977e+02 6.3925500488e+02 6.3926202393e+02 6.3923602295e+02 6.3920300293e+02 6.3918798828e+02 6.3917999268e+02 6.3915502930e+02 6.3913500977e+02 6.3910900879e+02 6.3909301758e+02 6.3909100342e+02 6.3907299805e+02 6.3905499268e+02 6.3904699707e+02 6.3903002930e+02
6.3961499023e+02 6.3957800293e+02 6.3955200195e+02 6.3952502441e+02 6.3951300049e+02 6.3952099609e+02 6.3952502441e+02 6.3951898193e+02 6.3949700928e+02 6.3948297119e+02 6.3946801758e+02 6.3944598389e+02 6.3941101074e+02 6.3938800049e+02 6.3935998535e+02 6.3933502197e+02 6.3931799316e+02 6.3929400635e+02 6.3928399658e+02 6.3929400635e+02 6.3928997803e+02 6.3927197266e+02 6.3925299072e+02 6.3923400879e+02 6.3922198486e+02 6.3918798828e+02 6.3916998291e+02 6.3915698242e+02 6.3915301514e+02 6.3915600586e+02 6.3914898682e+02 6.3914697266e+02 6.3914801025e+02 6.3913000488e+02 6.3910699463e+02 6.3909301758e+02 6.3907800293e+02 6.3905499268e+02 6.3903802490e+02 6.3901898193e+02 6.3900299072e+02 6.3899102783e+02 6.3897198486e+02 6.3895202637e+02 6.3894000244e+02 6.3892401123e+02
6.3954797363e+02 6.3952197266e+02 6.3949298096e+02 6.3945501709e+02 6.3943200684e+02 6.3942602539e+02 6.3943402100e+02 6.3943701172e+02 6.3941198730e+02 6.3940100098e+02 6.3939001465e+02 6.3936602783e+02 6.3932702637e+02 6.3930700684e+02 6.3928497314e+02 6.3926202393e+02 6.3923901367e+02 6.3921301270e+02 6.3919897461e+02 6.3920300293e+02 6.3919799805e+02 6.3918200684e+02 6.3915197754e+02 6.3912799072e+02 6.3911901855e+02 6.3908801270e+02 6.3907000732e+02 6.3905603027e+02 6.3904797363e+02 6.3904199219e+02 6.3902899170e+02 6.3902899170e+02 6.3902697754e+02 6.3901300049e+02 6.3899798584e+02 6.3898297119e+02 6.3896398926e+02 6.3894799805e+02 6.3892901611e+02 6.3891198730e+02 6.3889202881e+02 6.3886602783e+02 6.3885302734e+02 6.3884399414e+02 6.3883001709e+02 6.3881402588e+02
6.3946099854e+02 6.3945202637e+02 6.3942901611e+02 6.3938800049e+02 6.3936297607e+02 6.3934997559e+02 6.3934997559e+02 6.3935198975e+02 6.3932897949e+02 6.3932000732e+02 6.3930798340e+02 6.3928302002e+02 6.3924200439e+02 6.3921600342e+02 6.3919897461e+02 6.3917700195e+02 6.3914801025e+02 6.3912200928e+02 6.3910498047e+02 6.3909997559e+02 6.3909399414e+02 6.3907702637e+02 6.3904302979e+02 6.3901898193e+02 6.3901397705e+02 6.3898498535e+02 6.3896600342e+02 6.3894799805e+02 6.3893902588e+02 6.3891998291e+02 6.3890197754e+02 6.3890301514e+02 6.3890600586e+02 6.3889501953e+02 6.3888299561e+02 6.3887097168e+02 6.3884399414e+02 6.3883300781e+02 6.3881402588e+02 6.3879602051e+02 6.3877600098e+02 6.3875000000e+02 6.3873999023e+02 6.3873199463e+02 6.3871002197e+02 6.3869000244e+02
