TESTSERVER/21/15.asc
NCOLS 100
NROWS 100
XLLCORNER 8.5497500000e+03
YLLCORNER 2.8920025000e+05
CELLSIZE 5.0000000000e-01
NODATA_VALUE -9.9990000000e+03
[rows 40 to 59 of 100, columns 46 to 91 of 100]
6.3529901123e+02 6.3520300293e+02 6.3512298584e+02 6.3504699707e+02 6.3496697998e+02 6.3488500977e+02 6.3479498291e+02 6.3471099854e+02 6.3463500977e+02 6.3455499268e+02 6.3448101807e+02 6.3440399170e+02 6.3431701660e+02 6.3422399902e+02 6.3409197998e+02 6.3393701172e+02 6.3380200195e+02 6.3370001221e+02 6.3360302734e+02 6.3352197266e+02 6.3344097900e+02 6.3336700439e+02 6.3330401611e+02 6.3324700928e+02 6.3317797852e+02 6.3313397217e+02 6.3307000732e+02 6.3300299072e+02 6.3294598389e+02 6.3289099121e+02 6.3284301758e+02 6.3280102539e+02 6.3276000977e+02 6.3273101807e+02 6.3270501709e+02 6.3268200684e+02 6.3266101074e+02 6.3264501953e+02 6.3262500000e+02 6.3259997559e+02 6.3259100342e+02 6.3257598877e+02 6.3254998779e+02 6.3251800537e+02 6.3249499512e+02 6.3249902344e+02
6.3534899902e+02 6.3521099854e+02 6.3509802246e+02 6.3500500488e+02 6.3492797852e+02 6.3485699463e+02 6.3477301025e+02 6.3468902588e+02 6.3460998535e+02 6.3452697754e+02 6.3443902588e+02 6.3435302734e+02 6.3428900146e+02 6.3422802734e+02 6.3413397217e+02 6.3399298096e+02 6.3384997559e+02 6.3373699951e+02 6.3361401367e+02 6.3350897217e+02 6.3341900635e+02 6.3333599854e+02 6.3327697754e+02 6.3322302246e+02 6.3314501953e+02 6.3309002686e+02 6.3303198242e+02 6.3297100830e+02 6.3290802002e+02 6.3285601807e+02 6.3281597900e+02 6.3277600098e+02 6.3273199463e+02 6.3269396973e+02 6.3265997314e+02 6.3263201904e+02 6.3260900879e+02 6.3259100342e+02 6.3257000732e+02 6.3254400635e+02 6.3253497314e+02 6.3253302002e+02 6.3250897217e+02 6.3247601318e+02 6.3245300293e+02 6.3245202637e+02
6.3540502930e+02 6.3524700928e+02 6.3510498047e+02 6.3498602295e+02 6.3489099121e+02 6.3481799316e+02 6.3473400879e+02 6.3465399170e+02 6.3458398438e+02 6.3450500488e+02 6.3441400146e+02 6.3432299805e+02 6.3425201416e+02 6.3418499756e+02 6.3412701416e+02 6.3403601074e+02 6.3392102051e+02 6.3380102539e+02 6.3365899658e+02 6.3352600098e+02 6.3341699219e+02 6.3332598877e+02 6.3325799561e+02 6.3319396973e+02 6.3311401367e+02 6.3305401611e+02 6.3299597168e+02 6.3293701172e+02 6.3287298584e+02 6.3281799316e+02 6.3277801514e+02 6.3273999023e+02 6.3269500732e+02 6.3265197754e+02 6.3261297607e+02 6.3258197021e+02 6.3255700684e+02 6.3253802490e+02 6.3252099609e+02 6.3249597168e+02 6.3247900391e+02 6.3247601318e+02 6.3245898438e+02 6.3243499756e+02 6.3241400146e+02 6.3240197754e+02
6.3545697021e+02 6.3529602051e+02 6.3513500977e+02 6.3499298096e+02 6.3487597656e+02 6.3478302002e+02 6.3469097900e+02 6.3461401367e+02 6.3455499268e+02 6.3447698975e+02 6.3438598633e+02 6.3429498291e+02 6.3422302246e+02 6.3413800049e+02 6.3408001709e+02 6.3401702881e+02 6.3394598389e+02 6.3384497070e+02 6.3371398926e+02 6.3357299805e+02 6.3343597412e+02 6.3333599854e+02 6.3324798584e+02 6.3316198730e+02 6.3308001709e+02 6.3302502441e+02 6.3296502686e+02 6.3290502930e+02 6.3284399414e+02 6.3278802490e+02 6.3274499512e+02 6.3270697021e+02 6.3266101074e+02 6.3261700439e+02 6.3257897949e+02 6.3254998779e+02 6.3251898193e+02 6.3249499512e+02 6.3247998047e+02 6.3245898438e+02 6.3244201660e+02 6.3243499756e+02 6.3241699219e+02 6.3239801025e+02 6.3237799072e+02 6.3236401367e+02
6.3550201416e+02 6.3535101318e+02 6.3519000244e+02 6.3503601074e+02 6.3489898682e+02 6.3478198242e+02 6.3466998291e+02 6.3458197021e+02 6.3452001953e+02 6.3443798828e+02 6.3435797119e+02 6.3427398682e+02 6.3418798828e+02 6.3411102295e+02 6.3403399658e+02 6.3395898438e+02 6.3390100098e+02 6.3384997559e+02 6.3375799561e+02 6.3363000488e+02 6.3346600342e+02 6.3335797119e+02 6.3325500488e+02 6.3314697266e+02 6.3305102539e+02 6.3300000000e+02 6.3294097900e+02 6.3288201904e+02 6.3282501221e+02 6.3277502441e+02 6.3272698975e+02 6.3268701172e+02 6.3263702393e+02 6.3259002686e+02 6.3255200195e+02 6.3252001953e+02 6.3248400879e+02 6.3245898438e+02 6.3244000244e+02 6.3242401123e+02 6.3241601563e+02 6.3239697266e+02 6.3237597656e+02 6.3235498047e+02 6.3233300781e+02 6.3232098389e+02
6.3558801270e+02 6.3542901611e+02 6.3526000977e+02 6.3509197998e+02 6.3493597412e+02 6.3481201172e+02 6.3468499756e+02 6.3456799316e+02 6.3448297119e+02 6.3440802002e+02 6.3433001709e+02 6.3424499512e+02 6.3416302490e+02 6.3407397461e+02 6.3400097656e+02 6.3393103027e+02 6.3385797119e+02 6.3379998779e+02 6.3373901367e+02 6.3365399170e+02 6.3353198242e+02 6.3341302490e+02 6.3328601074e+02 6.3315399170e+02 6.3304602051e+02 6.3299499512e+02 6.3294000244e+02 6.3287799072e+02 6.3281097412e+02 6.3274298096e+02 6.3268701172e+02 6.3265301514e+02 6.3260498047e+02 6.3256402588e+02 6.3252600098e+02 6.3248797607e+02 6.3245202637e+02 6.3242999268e+02 6.3240802002e+02 6.3238598633e+02 6.3237597656e+02 6.3235498047e+02 6.3233300781e+02 6.3230902100e+02 6.3228802490e+02 6.3227502441e+02
6.3564599609e+02 6.3547900391e+02 6.3529602051e+02 6.3511901855e+02 6.3496398926e+02 6.3483599854e+02 6.3469897461e+02 6.3456597900e+02 6.3446502686e+02 6.3438397217e+02 6.3429699707e+02 6.3421002197e+02 6.3413598633e+02 6.3404199219e+02 6.3397302246e+02 6.3390600586e+02 6.3382598877e+02 6.3375402832e+02 6.3369000244e+02 6.3362097168e+02 6.3354101563e+02 6.3345397949e+02 6.3333697510e+02 6.3320001221e+02 6.3308300781e+02 6.3301702881e+02 6.3294897461e+02 6.3287402344e+02 6.3279302979e+02 6.3271801758e+02 6.3265997314e+02 6.3262500000e+02 6.3257202148e+02 6.3253399658e+02 6.3249499512e+02 6.3245697021e+02 6.3242199707e+02 6.3240698242e+02 6.3238397217e+02 6.3235699463e+02 6.3233599854e+02 6.3231402588e+02 6.3229101563e+02 6.3226800537e+02 6.3224499512e+02 6.3223498535e+02
6.3566497803e+02 6.3548400879e+02 6.3529602051e+02 6.3512200928e+02 6.3498901367e+02 6.3483801270e+02 6.3467700195e+02 6.3454498291e+02 6.3445397949e+02 6.3436199951e+02 6.3426202393e+02 6.3416998291e+02 6.3410498047e+02 6.3401800537e+02 6.3394897461e+02 6.3388098145e+02 6.3380700684e+02 6.3372998047e+02 6.3365197754e+02 6.3357098389e+02 6.3349798584e+02 6.3344000244e+02 6.3335998535e+02 6.3325299072e+02 6.3314697266e+02 6.3304901123e+02 6.3295599365e+02 6.3286602783e+02 6.3277099609e+02 6.3269598389e+02 6.3264202881e+02 6.3260400391e+02 6.3254302979e+02 6.3250299072e+02 6.3246502686e+02 6.3242700195e+02 6.3239001465e+02 6.3236798096e+02 6.3234002686e+02 6.3230999756e+02 6.3229302979e+02 6.3227197266e+02 6.3224902344e+02 6.3222497559e+02 6.3220098877e+02 6.3219097900e+02
6.3564202881e+02 6.3546197510e+02 6.3528698730e+02 6.3512799072e+02 6.3499200439e+02 6.3481298828e+02 6.3461602783e+02 6.3448797607e+02 6.3440802002e+02 6.3432202148e+02 6.3422998047e+02 6.3414001465e+02 6.3406896973e+02 6.3398999023e+02 6.3391302490e+02 6.3384399414e+02 6.3377899170e+02 6.3370697021e+02 6.3363098145e+02 6.3354797363e+02 6.3346099854e+02 6.3338098145e+02 6.3332000732e+02 6.3326000977e+02 6.3318597412e+02 6.3307000732e+02 6.3295397949e+02 6.3285900879e+02 6.3276397705e+02 6.3267498779e+02 6.3261999512e+02 6.3257800293e+02 6.3252301025e+02 6.3247399902e+02 6.3243103027e+02 6.3239099121e+02 6.3235400391e+02 6.3231896973e+02 6.3228002930e+02 6.3224597168e+02 6.3223297119e+02 6.3223400879e+02 6.3221099854e+02 6.3218597412e+02 6.3216497803e+02 6.3215002441e+02
6.3566101074e+02 6.3547399902e+02 6.3530401611e+02 6.3513598633e+02 6.3496899414e+02 6.3475500488e+02 6.3456402588e+02 6.3444702148e+02 6.3435400391e+02 6.3425097656e+02 6.3418298340e+02 6.3411401367e+02 6.3403802490e+02 6.3395098877e+02 6.3387402344e+02 6.3380700684e+02 6.3374597168e+02 6.3367199707e+02 6.3359698486e+02 6.3351898193e+02 6.3344000244e+02 6.3334899902e+02 6.3327899170e+02 6.3322100830e+02 6.3317297363e+02 6.3309399414e+02 6.3298901367e+02 6.3288201904e+02 6.3276397705e+02 6.3266497803e+02 6.3259899902e+02 6.3255200195e+02 6.3249902344e+02 6.3245599365e+02 6.3240899658e+02 6.3235699463e+02 6.3231500244e+02 6.3228399658e+02 6.3224401855e+02 6.3220697021e+02 6.3219299316e+02 6.3219097900e+02 6.3216699219e+02 6.3215100098e+02 6.3213800049e+02 6.3210998535e+02
6.3573297119e+02 6.3555499268e+02 6.3537701416e+02 6.3518298340e+02 6.3496301270e+02 6.3472100830e+02 6.3455603027e+02 6.3445898438e+02 6.3435198975e+02 6.3422900391e+02 6.3416400146e+02 6.3410400391e+02 6.3403302002e+02 6.3393499756e+02 6.3385198975e+02 6.3377801514e+02 6.3370898438e+02 6.3363598633e+02 6.3356402588e+02 6.3348999023e+02 6.3341601563e+02 6.3333001709e+02 6.3325402832e+02 6.3317999268e+02 6.3312500000e+02 6.3306701660e+02 6.3299902344e+02 6.3291802979e+02 6.3280102539e+02 6.3269598389e+02 6.3260900879e+02 6.3254602051e+02 6.3248400879e+02 6.3243200684e+02 6.3238702393e+02 6.3233398438e+02 6.3228497314e+02 6.3225598145e+02 6.3221801758e+02 6.3218103027e+02 6.3216601563e+02 6.3215502930e+02 6.3212799072e+02 6.3211901855e+02 6.3211199951e+02 6.3207598877e+02
6.3584197998e+02 6.3567498779e+02 6.3548797607e+02 6.3526702881e+02 6.3500701904e+02 6.3474401855e+02 6.3458197021e+02 6.3449102783e+02 6.3438201904e+02 6.3425000000e+02 6.3418103027e+02 6.3412200928e+02 6.3404101563e+02 6.3391900635e+02 6.3382598877e+02 6.3375097656e+02 6.3367999268e+02 6.3360900879e+02 6.3353698730e+02 6.3346197510e+02 6.3339300537e+02 6.3331201172e+02 6.3323498535e+02 6.3315197754e+02 6.3308502197e+02 6.3301702881e+02 6.3295898438e+02 6.3290802002e+02 6.3283001709e+02 6.3274597168e+02 6.3264801025e+02 6.3256402588e+02 6.3248699951e+02 6.3241998291e+02 6.3236798096e+02 6.3231201172e+02 6.3226098633e+02 6.3223101807e+02 6.3219299316e+02 6.3215698242e+02 6.3214099121e+02 6.3212097168e+02 6.3209600830e+02 6.3208898926e+02 6.3208099365e+02 6.3204302979e+02
6.3596801758e+02 6.3579101563e+02 6.3559899902e+02 6.3536700439e+02 6.3507598877e+02 6.3479101563e+02 6.3460101318e+02 6.3447998047e+02 6.3434899902e+02 6.3424200439e+02 6.3416497803e+02 6.3411798096e+02 6.3403601074e+02 6.3388800049e+02 6.3377697754e+02 6.3370800781e+02 6.3364898682e+02 6.3358099365e+02 6.3350701904e+02 6.3343200684e+02 6.3336798096e+02 6.3328399658e+02 6.3320397949e+02 6.3312902832e+02 6.3306298828e+02 6.3299401855e+02 6.3292199707e+02 6.3286602783e+02 6.3281097412e+02 6.3276000977e+02 6.3268499756e+02 6.3259997559e+02 6.3250701904e+02 6.3242700195e+02 6.3235699463e+02 6.3229199219e+02 6.3224597168e+02 6.3220898438e+02 6.3216802979e+02 6.3213098145e+02 6.3211297607e+02 6.3207897949e+02 6.3205700684e+02 6.3204998779e+02 6.3203497314e+02 6.3200201416e+02
6.3604699707e+02 6.3585302734e+02 6.3566101074e+02 6.3543499756e+02 6.3514697266e+02 6.3483599854e+02 6.3463000488e+02 6.3449597168e+02 6.3434997559e+02 6.3421697998e+02 6.3414898682e+02 6.3410797119e+02 6.3399700928e+02 6.3384197998e+02 6.3372698975e+02 6.3365399170e+02 6.3360198975e+02 6.3354302979e+02 6.3347802734e+02 6.3340600586e+02 6.3333599854e+02 6.3325299072e+02 6.3317901611e+02 6.3311297607e+02 6.3304302979e+02 6.3297900391e+02 6.3290899658e+02 6.3283801270e+02 6.3276599121e+02 6.3271600342e+02 6.3267498779e+02 6.3262200928e+02 6.3253601074e+02 6.3245898438e+02 6.3237597656e+02 6.3229498291e+02 6.3223400879e+02 6.3218798828e+02 6.3214697266e+02 6.3211102295e+02 6.3208502197e+02 6.3205700684e+02 6.3203601074e+02 6.3202301025e+02 6.3200402832e+02 6.3196197510e+02
6.3608697510e+02 6.3588299561e+02 6.3570300293e+02 6.3549597168e+02 6.3523199463e+02 6.3492102051e+02 6.3470098877e+02 6.3455798340e+02 6.3442199707e+02 6.3426300049e+02 6.3412701416e+02 6.3402801514e+02 6.3389099121e+02 6.3375000000e+02 6.3365100098e+02 6.3358300781e+02 6.3353302002e+02 6.3347601318e+02 6.3341900635e+02 6.3335699463e+02 6.3328900146e+02 6.3321801758e+02 6.3315100098e+02 6.3309002686e+02 6.3301800537e+02 6.3295300293e+02 6.3288702393e+02 6.3281701660e+02 6.3273602295e+02 6.3267401123e+02 6.3263299561e+02 6.3259100342e+02 6.3252801514e+02 6.3247198486e+02 6.3239898682e+02 6.3231701660e+02 6.3224200439e+02 6.3217700195e+02 6.3212902832e+02 6.3208898926e+02 6.3205798340e+02 6.3203399658e+02 6.3201202393e+02 6.3198901367e+02 6.3195898438e+02 6.3191699219e+02
6.3609600830e+02 6.3588702393e+02 6.3572198486e+02 6.3554199219e+02 6.3531896973e+02 6.3503399658e+02 6.3480798340e+02 6.3464099121e+02 6.3449499512e+02 6.3427099609e+02 6.3404199219e+02 6.3388500977e+02 6.3375299072e+02 6.3363299561e+02 6.3355700684e+02 6.3349902344e+02 6.3345800781e+02 6.3340301514e+02 6.3334399414e+02 6.3328601074e+02 6.3322698975e+02 6.3317199707e+02 6.3311602783e+02 6.3305798340e+02 6.3299102783e+02 6.3292498779e+02 6.3286199951e+02 6.3279901123e+02 6.3272302246e+02 6.3264801025e+02 6.3258697510e+02 6.3253399658e+02 6.3248498535e+02 6.3244299316e+02 6.3239300537e+02 6.3233197021e+02 6.3226098633e+02 6.3217999268e+02 6.3211798096e+02 6.3206799316e+02 6.3203002930e+02 6.3200402832e+02 6.3197399902e+02 6.3193902588e+02 6.3189599609e+02 6.3185400391e+02
6.3609997559e+02 6.3589599609e+02 6.3573400879e+02 6.3556597900e+02 6.3534399414e+02 6.3511901855e+02 6.3490600586e+02 6.3471301270e+02 6.3451800537e+02 6.3421197510e+02 6.3393902588e+02 6.3377197266e+02 6.3367401123e+02 6.3356201172e+02 6.3348901367e+02 6.3343200684e+02 6.3337902832e+02 6.3332202148e+02 6.3325402832e+02 6.3319000244e+02 6.3312799072e+02 6.3311499023e+02 6.3307598877e+02 6.3302697754e+02 6.3296301270e+02 6.3290197754e+02 6.3283398438e+02 6.3276800537e+02 6.3270202637e+02 6.3263500977e+02 6.3257098389e+02 6.3250701904e+02 6.3243597412e+02 6.3237902832e+02 6.3233697510e+02 6.3230102539e+02 6.3226702881e+02 6.3219299316e+02 6.3212701416e+02 6.3206597900e+02 6.3201098633e+02 6.3197198486e+02 6.3193103027e+02 6.3188500977e+02 6.3183898926e+02 6.3179998779e+02
6.3610302734e+02 6.3591198730e+02 6.3572698975e+02 6.3553698730e+02 6.3532800293e+02 6.3514398193e+02 6.3496801758e+02 6.3476800537e+02 6.3452099609e+02 6.3419201660e+02 6.3391601563e+02 6.3375799561e+02 6.3366497803e+02 6.3354101563e+02 6.3344897461e+02 6.3337298584e+02 6.3330401611e+02 6.3321502686e+02 6.3316400146e+02 6.3313299561e+02 6.3308300781e+02 6.3304302979e+02 6.3301501465e+02 6.3298400879e+02 6.3293200684e+02 6.3287298584e+02 6.3280401611e+02 6.3273797607e+02 6.3267901611e+02 6.3261798096e+02 6.3255798340e+02 6.3249102783e+02 6.3242199707e+02 6.3235302734e+02 6.3229199219e+02 6.3224200439e+02 6.3221801758e+02 6.3218402100e+02 6.3214099121e+02 6.3208099365e+02 6.3202099609e+02 6.3195898438e+02 6.3190698242e+02 6.3186401367e+02 6.3181500244e+02 6.3176098633e+02
6.3607098389e+02 6.3587799072e+02 6.3569000244e+02 6.3550701904e+02 6.3532897949e+02 6.3516101074e+02 6.3498999023e+02 6.3478100586e+02 6.3450000000e+02 6.3417498779e+02 6.3391400146e+02 6.3376898193e+02 6.3368298340e+02 6.3355700684e+02 6.3346301270e+02 6.3337298584e+02 6.3328497314e+02 6.3318701172e+02 6.3314300537e+02 6.3311602783e+02 6.3306201172e+02 6.3300897217e+02 6.3295697021e+02 6.3290997314e+02 6.3286798096e+02 6.3282501221e+02 6.3276898193e+02 6.3271099854e+02 6.3265301514e+02 6.3259002686e+02 6.3253601074e+02 6.3247900391e+02 6.3241302490e+02 6.3233898926e+02 6.3226800537e+02 6.3220098877e+02 6.3215600586e+02 6.3212097168e+02 6.3209497070e+02 6.3206597900e+02 6.3203399658e+02 6.3196600342e+02 6.3189898682e+02 6.3184399414e+02 6.3178302002e+02 6.3172100830e+02
6.3602600098e+02 6.3584197998e+02 6.3567199707e+02 6.3551501465e+02 6.3536999512e+02 6.3518798828e+02 6.3499902344e+02 6.3477801514e+02 6.3448699951e+02 6.3417199707e+02 6.3394000244e+02 6.3381597900e+02 6.3373699951e+02 6.3362402344e+02 6.3355102539e+02 6.3346899414e+02 6.3335797119e+02 6.3326800537e+02 6.3320202637e+02 6.3312597656e+02 6.3305200195e+02 6.3300897217e+02 6.3292498779e+02 6.3283801270e+02 6.3278100586e+02 6.3274902344e+02 6.3271398926e+02 6.3267401123e+02 6.3261499023e+02 6.3254901123e+02 6.3250097656e+02 6.3245202637e+02 6.3239300537e+02 6.3232501221e+02 6.3225799561e+02 6.3218402100e+02 6.3211798096e+02 6.3205700684e+02 6.3201702881e+02 6.3200097656e+02 6.3200701904e+02 6.3196997070e+02 6.3190802002e+02 6.3184301758e+02 6.3176501465e+02 6.3170397949e+02
