TESTSERVER/21/15.asc
NCOLS 100
NROWS 100
XLLCORNER 8.5497500000e+03
YLLCORNER 2.8920025000e+05
CELLSIZE 5.0000000000e-01
NODATA_VALUE -9.9990000000e+03
[rows 20 to 39 of 100, columns 0 to 45 of 100]
6.3998297119e+02 6.3999700928e+02 6.4000402832e+02 6.3997802734e+02 6.3995697021e+02 6.3992999268e+02 6.3987200928e+02 6.3972601318e+02 6.3957299805e+02 6.3943402100e+02 6.3930401611e+02 6.3915002441e+02 6.3900500488e+02 6.3885900879e+02 6.3872900391e+02 6.3855200195e+02 6.3837799072e+02 6.3824798584e+02 6.3814300537e+02 6.3810797119e+02 6.3805499268e+02 6.3798797607e+02 6.3792102051e+02 6.3785498047e+02 6.3777697754e+02 6.3769396973e+02 6.3761297607e+02 6.3754797363e+02 6.3748999023e+02 6.3744500732e+02 6.3739801025e+02 6.3733801270e+02 6.3725402832e+02 6.3716497803e+02 6.3706799316e+02 6.3695800781e+02 6.3685797119e+02 6.3676098633e+02 6.3666101074e+02 6.3654797363e+02 6.3644396973e+02 6.3634698486e+02 6.3625598145e+02 6.3615997314e+02 6.3605603027e+02 6.3595800781e+02
6.3999401855e+02 6.3999102783e+02 6.3999200439e+02 6.3998400879e+02 6.3997399902e+02 6.3995898438e+02 6.3992102051e+02 6.3981402588e+02 6.3968597412e+02 6.3955700684e+02 6.3940899658e+02 6.3924102783e+02 6.3909100342e+02 6.3895001221e+02 6.3882202148e+02 6.3868499756e+02 6.3852398682e+02 6.3834600830e+02 6.3815399170e+02 6.3804101563e+02 6.3799401855e+02 6.3795001221e+02 6.3788702393e+02 6.3781201172e+02 6.3774499512e+02 6.3766699219e+02 6.3757897949e+02 6.3750299072e+02 6.3742401123e+02 6.3736199951e+02 6.3731799316e+02 6.3727001953e+02 6.3721502686e+02 6.3714398193e+02 6.3705102539e+02 6.3693798828e+02 6.3683300781e+02 6.3673400879e+02 6.3663598633e+02 6.3652801514e+02 6.3642901611e+02 6.3633197021e+02 6.3623199463e+02 6.3613201904e+02 6.3602099609e+02 6.3591400146e+02
6.3998999023e+02 6.3999298096e+02 6.3999597168e+02 6.3998400879e+02 6.3997399902e+02 6.3996997070e+02 6.3995001221e+02 6.3989001465e+02 6.3979901123e+02 6.3968499756e+02 6.3953399658e+02 6.3936401367e+02 6.3921197510e+02 6.3907098389e+02 6.3892498779e+02 6.3879302979e+02 6.3865802002e+02 6.3849499512e+02 6.3828698730e+02 6.3810101318e+02 6.3798498535e+02 6.3789801025e+02 6.3783697510e+02 6.3776702881e+02 6.3770501709e+02 6.3763098145e+02 6.3754901123e+02 6.3746997070e+02 6.3737902832e+02 6.3730798340e+02 6.3725701904e+02 6.3719598389e+02 6.3714801025e+02 6.3708502197e+02 6.3701702881e+02 6.3691699219e+02 6.3680999756e+02 6.3670898438e+02 6.3661901855e+02 6.3651000977e+02 6.3640600586e+02 6.3630603027e+02 6.3620501709e+02 6.3610601807e+02 6.3599597168e+02 6.3588598633e+02
6.3997601318e+02 6.3999200439e+02 6.4000299072e+02 6.3998101807e+02 6.3996398926e+02 6.3996398926e+02 6.3996197510e+02 6.3994702148e+02 6.3988897705e+02 6.3979302979e+02 6.3966601563e+02 6.3951098633e+02 6.3935198975e+02 6.3919897461e+02 6.3904101563e+02 6.3888598633e+02 6.3875201416e+02 6.3861798096e+02 6.3845501709e+02 6.3827301025e+02 6.3808898926e+02 6.3790698242e+02 6.3779699707e+02 6.3772399902e+02 6.3765997314e+02 6.3759600830e+02 6.3751898193e+02 6.3744396973e+02 6.3735302734e+02 6.3727600098e+02 6.3721600342e+02 6.3713397217e+02 6.3707702637e+02 6.3701397705e+02 6.3696600342e+02 6.3688299561e+02 6.3678399658e+02 6.3668902588e+02 6.3660601807e+02 6.3648797607e+02 6.3637500000e+02 6.3627502441e+02 6.3617797852e+02 6.3607702637e+02 6.3596801758e+02 6.3585699463e+02
6.3995800781e+02 6.3998101807e+02 6.4001000977e+02 6.3997198486e+02 6.3995001221e+02 6.3994897461e+02 6.3996002197e+02 6.3997302246e+02 6.3994201660e+02 6.3987200928e+02 6.3978198242e+02 6.3964202881e+02 6.3949298096e+02 6.3933898926e+02 6.3918200684e+02 6.3900299072e+02 6.3884100342e+02 6.3869396973e+02 6.3852502441e+02 6.3840100098e+02 6.3823797607e+02 6.3800897217e+02 6.3779699707e+02 6.3770202637e+02 6.3762200928e+02 6.3757098389e+02 6.3751202393e+02 6.3741900635e+02 6.3733599854e+02 6.3725097656e+02 6.3717700195e+02 6.3709899902e+02 6.3703002930e+02 6.3695697021e+02 6.3688897705e+02 6.3684197998e+02 6.3677197266e+02 6.3668499756e+02 6.3658697510e+02 6.3647399902e+02 6.3635998535e+02 6.3625299072e+02 6.3615301514e+02 6.3604901123e+02 6.3594000244e+02 6.3582897949e+02
6.3996099854e+02 6.3995202637e+02 6.3997698975e+02 6.3995599365e+02 6.3994500732e+02 6.3994500732e+02 6.3995202637e+02 6.3997497559e+02 6.3996301270e+02 6.3991198730e+02 6.3984497070e+02 6.3973999023e+02 6.3961798096e+02 6.3948199463e+02 6.3932397461e+02 6.3913397217e+02 6.3894299316e+02 6.3877502441e+02 6.3859497070e+02 6.3845098877e+02 6.3833099365e+02 6.3817199707e+02 6.3800402832e+02 6.3781097412e+02 6.3761199951e+02 6.3751098633e+02 6.3745001221e+02 6.3738500977e+02 6.3731896973e+02 6.3723699951e+02 6.3715301514e+02 6.3707501221e+02 6.3699298096e+02 6.3690698242e+02 6.3682800293e+02 6.3676098633e+02 6.3671197510e+02 6.3664801025e+02 6.3655999756e+02 6.3646398926e+02 6.3635797119e+02 6.3624597168e+02 6.3614099121e+02 6.3602502441e+02 6.3591302490e+02 6.3580499268e+02
6.4001501465e+02 6.3995800781e+02 6.3995098877e+02 6.3995202637e+02 6.3995300293e+02 6.3995098877e+02 6.3994702148e+02 6.3995501709e+02 6.3994500732e+02 6.3992401123e+02 6.3990301514e+02 6.3982702637e+02 6.3971997070e+02 6.3958599854e+02 6.3943701172e+02 6.3925201416e+02 6.3904901123e+02 6.3886401367e+02 6.3867797852e+02 6.3852301025e+02 6.3837902832e+02 6.3822302246e+02 6.3809497070e+02 6.3792797852e+02 6.3772399902e+02 6.3755603027e+02 6.3740802002e+02 6.3732598877e+02 6.3726501465e+02 6.3720098877e+02 6.3712298584e+02 6.3704699707e+02 6.3696099854e+02 6.3686798096e+02 6.3678997803e+02 6.3670501709e+02 6.3664099121e+02 6.3658697510e+02 6.3652301025e+02 6.3644000244e+02 6.3634197998e+02 6.3623101807e+02 6.3612298584e+02 6.3600799561e+02 6.3588800049e+02 6.3577502441e+02
6.4007397461e+02 6.3997900391e+02 6.3993701172e+02 6.3994897461e+02 6.3995501709e+02 6.3994799805e+02 6.3993402100e+02 6.3992797852e+02 6.3991802979e+02 6.3991802979e+02 6.3992700195e+02 6.3987701416e+02 6.3979101563e+02 6.3966699219e+02 6.3952600098e+02 6.3935601807e+02 6.3915802002e+02 6.3896301270e+02 6.3876800537e+02 6.3860400391e+02 6.3843103027e+02 6.3825500488e+02 6.3811297607e+02 6.3799102783e+02 6.3786401367e+02 6.3771099854e+02 6.3749401855e+02 6.3732000732e+02 6.3720898438e+02 6.3715100098e+02 6.3708898926e+02 6.3700598145e+02 6.3692102051e+02 6.3683197021e+02 6.3675897217e+02 6.3667700195e+02 6.3659698486e+02 6.3652301025e+02 6.3646398926e+02 6.3639099121e+02 6.3630999756e+02 6.3621398926e+02 6.3610699463e+02 6.3599200439e+02 6.3586999512e+02 6.3574902344e+02
6.4008398438e+02 6.4000000000e+02 6.3993402100e+02 6.3994598389e+02 6.3995001221e+02 6.3993499756e+02 6.3990899658e+02 6.3989898682e+02 6.3990002441e+02 6.3990802002e+02 6.3990698242e+02 6.3988500977e+02 6.3982299805e+02 6.3971502686e+02 6.3959497070e+02 6.3945098877e+02 6.3925799561e+02 6.3905603027e+02 6.3884600830e+02 6.3867602539e+02 6.3850598145e+02 6.3833300781e+02 6.3818298340e+02 6.3803497314e+02 6.3791900635e+02 6.3781701660e+02 6.3767401123e+02 6.3745697021e+02 6.3724700928e+02 6.3711700439e+02 6.3703198242e+02 6.3695800781e+02 6.3688598633e+02 6.3680798340e+02 6.3673498535e+02 6.3665002441e+02 6.3656402588e+02 6.3647100830e+02 6.3639801025e+02 6.3632098389e+02 6.3625897217e+02 6.3619201660e+02 6.3609698486e+02 6.3597900391e+02 6.3586297607e+02 6.3574200439e+02
6.4004797363e+02 6.4000000000e+02 6.3994500732e+02 6.3994396973e+02 6.3994000244e+02 6.3992602539e+02 6.3989697266e+02 6.3987701416e+02 6.3988500977e+02 6.3989898682e+02 6.3989202881e+02 6.3988299561e+02 6.3984399414e+02 6.3975799561e+02 6.3966198730e+02 6.3954101563e+02 6.3934997559e+02 6.3914501953e+02 6.3892797852e+02 6.3873602295e+02 6.3857098389e+02 6.3841198730e+02 6.3825701904e+02 6.3808801270e+02 6.3794500732e+02 6.3783197021e+02 6.3772900391e+02 6.3760498047e+02 6.3741998291e+02 6.3721398926e+02 6.3702502441e+02 6.3691400146e+02 6.3684301758e+02 6.3677398682e+02 6.3670098877e+02 6.3660699463e+02 6.3652398682e+02 6.3643701172e+02 6.3636700439e+02 6.3626501465e+02 6.3618701172e+02 6.3612500000e+02 6.3605401611e+02 6.3596899414e+02 6.3586499023e+02 6.3573999023e+02
6.4003497314e+02 6.4000097656e+02 6.3995800781e+02 6.3992999268e+02 6.3992297363e+02 6.3991802979e+02 6.3989099121e+02 6.3986700439e+02 6.3986901855e+02 6.3988098145e+02 6.3987799072e+02 6.3988201904e+02 6.3985998535e+02 6.3979400635e+02 6.3970898438e+02 6.3960302734e+02 6.3942199707e+02 6.3921801758e+02 6.3900299072e+02 6.3880798340e+02 6.3864501953e+02 6.3847802734e+02 6.3830401611e+02 6.3812902832e+02 6.3798199463e+02 6.3785900879e+02 6.3774401855e+02 6.3765698242e+02 6.3753802490e+02 6.3737200928e+02 6.3714599609e+02 6.3694897461e+02 6.3680700684e+02 6.3671398926e+02 6.3665698242e+02 6.3656597900e+02 6.3648498535e+02 6.3640802002e+02 6.3633599854e+02 6.3622698975e+02 6.3613897705e+02 6.3606500244e+02 6.3599499512e+02 6.3592700195e+02 6.3584600830e+02 6.3573797607e+02
6.4002801514e+02 6.4000701904e+02 6.3998498535e+02 6.3992102051e+02 6.3989801025e+02 6.3990002441e+02 6.3988201904e+02 6.3985900879e+02 6.3985101318e+02 6.3986102295e+02 6.3986700439e+02 6.3986999512e+02 6.3985998535e+02 6.3981500244e+02 6.3974298096e+02 6.3963598633e+02 6.3947399902e+02 6.3929302979e+02 6.3909002686e+02 6.3890600586e+02 6.3873797607e+02 6.3854498291e+02 6.3835302734e+02 6.3818798828e+02 6.3804699707e+02 6.3791497803e+02 6.3776300049e+02 6.3764599609e+02 6.3755798340e+02 6.3746301270e+02 6.3731701660e+02 6.3709997559e+02 6.3687402344e+02 6.3669598389e+02 6.3660797119e+02 6.3653002930e+02 6.3644299316e+02 6.3636499023e+02 6.3629199219e+02 6.3619799805e+02 6.3611401367e+02 6.3603100586e+02 6.3594799805e+02 6.3587097168e+02 6.3580102539e+02 6.3572302246e+02
6.4001000977e+02 6.4000000000e+02 6.3998901367e+02 6.3992901611e+02 6.3987902832e+02 6.3986798096e+02 6.3986999512e+02 6.3985400391e+02 6.3983300781e+02 6.3983801270e+02 6.3985601807e+02 6.3985498047e+02 6.3985699463e+02 6.3983697510e+02 6.3978900146e+02 6.3966998291e+02 6.3952899170e+02 6.3938098145e+02 6.3919500732e+02 6.3900701904e+02 6.3883300781e+02 6.3863201904e+02 6.3843902588e+02 6.3827697754e+02 6.3811798096e+02 6.3796099854e+02 6.3780200195e+02 6.3765301514e+02 6.3752801514e+02 6.3744000244e+02 6.3738098145e+02 6.3724902344e+02 6.3704498291e+02 6.3680700684e+02 6.3661999512e+02 6.3649499512e+02 6.3640600586e+02 6.3632598877e+02 6.3625402832e+02 6.3616302490e+02 6.3608001709e+02 6.3599798584e+02 6.3591900635e+02 6.3582397461e+02 6.3574401855e+02 6.3567602539e+02
6.3997399902e+02 6.3996697998e+02 6.3996197510e+02 6.3991699219e+02 6.3987701416e+02 6.3985998535e+02 6.3986602783e+02 6.3984802246e+02 6.3982299805e+02 6.3983001709e+02 6.3985198975e+02 6.3985498047e+02 6.3985601807e+02 6.3983697510e+02 6.3978601074e+02 6.3968402100e+02 6.3956298828e+02 6.3943701172e+02 6.3926898193e+02 6.3909399414e+02 6.3892498779e+02 6.3871697998e+02 6.3852301025e+02 6.3835797119e+02 6.3817102051e+02 6.3799298096e+02 6.3783599854e+02 6.3770697021e+02 6.3755401611e+02 6.3742999268e+02 6.3737402344e+02 6.3727001953e+02 6.3713702393e+02 6.3696801758e+02 6.3677899170e+02 6.3655200195e+02 6.3637597656e+02 6.3626501465e+02 6.3621398926e+02 6.3613201904e+02 6.3605297852e+02 6.3596997070e+02 6.3588098145e+02 6.3579498291e+02 6.3570898438e+02 6.3562097168e+02
6.3994598389e+02 6.3994000244e+02 6.3993798828e+02 6.3990997314e+02 6.3987902832e+02 6.3986102295e+02 6.3985998535e+02 6.3984399414e+02 6.3982000732e+02 6.3982501221e+02 6.3984399414e+02 6.3984100342e+02 6.3983898926e+02 6.3982098389e+02 6.3977801514e+02 6.3970501709e+02 6.3961798096e+02 6.3950897217e+02 6.3934899902e+02 6.3918103027e+02 6.3900097656e+02 6.3878601074e+02 6.3859497070e+02 6.3843597412e+02 6.3824902344e+02 6.3806402588e+02 6.3789697266e+02 6.3775598145e+02 6.3758502197e+02 6.3744396973e+02 6.3735302734e+02 6.3723400879e+02 6.3714202881e+02 6.3703997803e+02 6.3690899658e+02 6.3670501709e+02 6.3646697998e+02 6.3626501465e+02 6.3615899658e+02 6.3608001709e+02 6.3601300049e+02 6.3593902588e+02 6.3584698486e+02 6.3576000977e+02 6.3567602539e+02 6.3558801270e+02
6.3991900635e+02 6.3991400146e+02 6.3991802979e+02 6.3990802002e+02 6.3988299561e+02 6.3986401367e+02 6.3985198975e+02 6.3983502197e+02 6.3980999756e+02 6.3980902100e+02 6.3982501221e+02 6.3982598877e+02 6.3982598877e+02 6.3981402588e+02 6.3978698730e+02 6.3973797607e+02 6.3968103027e+02 6.3958599854e+02 6.3942297363e+02 6.3925402832e+02 6.3906402588e+02 6.3884197998e+02 6.3865197754e+02 6.3849798584e+02 6.3832098389e+02 6.3813500977e+02 6.3795397949e+02 6.3777899170e+02 6.3759899902e+02 6.3746301270e+02 6.3734899902e+02 6.3719897461e+02 6.3710601807e+02 6.3702899170e+02 6.3692602539e+02 6.3678302002e+02 6.3659600830e+02 6.3638201904e+02 6.3618402100e+02 6.3604498291e+02 6.3595898438e+02 6.3589398193e+02 6.3580798340e+02 6.3571398926e+02 6.3563098145e+02 6.3555499268e+02
6.3989599609e+02 6.3989599609e+02 6.3990301514e+02 6.3990100098e+02 6.3988598633e+02 6.3986499023e+02 6.3984600830e+02 6.3984002686e+02 6.3981298828e+02 6.3980102539e+02 6.3980603027e+02 6.3981701660e+02 6.3982501221e+02 6.3982000732e+02 6.3979498291e+02 6.3976202393e+02 6.3971697998e+02 6.3963098145e+02 6.3947900391e+02 6.3931799316e+02 6.3913397217e+02 6.3891497803e+02 6.3871600342e+02 6.3855200195e+02 6.3837902832e+02 6.3818298340e+02 6.3799298096e+02 6.3779602051e+02 6.3761999512e+02 6.3749499512e+02 6.3738201904e+02 6.3720697021e+02 6.3708197021e+02 6.3698699951e+02 6.3688800049e+02 6.3678302002e+02 6.3665997314e+02 6.3651898193e+02 6.3635498047e+02 6.3611901855e+02 6.3594598389e+02 6.3583697510e+02 6.3574499512e+02 6.3566601563e+02 6.3559399414e+02 6.3552197266e+02
6.3987701416e+02 6.3987902832e+02 6.3988098145e+02 6.3988201904e+02 6.3987701416e+02 6.3986297607e+02 6.3984399414e+02 6.3982299805e+02 6.3980200195e+02 6.3979602051e+02 6.3979602051e+02 6.3980700684e+02 6.3982501221e+02 6.3983099365e+02 6.3981500244e+02 6.3978601074e+02 6.3974102783e+02 6.3966198730e+02 6.3953302002e+02 6.3939898682e+02 6.3921801758e+02 6.3899902344e+02 6.3879699707e+02 6.3861999512e+02 6.3842498779e+02 6.3820001221e+02 6.3801098633e+02 6.3783502197e+02 6.3768298340e+02 6.3755999756e+02 6.3742901611e+02 6.3723999023e+02 6.3710998535e+02 6.3702398682e+02 6.3692102051e+02 6.3675897217e+02 6.3660601807e+02 6.3649902344e+02 6.3640600586e+02 6.3624798584e+02 6.3605902100e+02 6.3586499023e+02 6.3571600342e+02 6.3562500000e+02 6.3555102539e+02 6.3548199463e+02
6.3985699463e+02 6.3985900879e+02 6.3985998535e+02 6.3986401367e+02 6.3986401367e+02 6.3985797119e+02 6.3984399414e+02 6.3981201172e+02 6.3979199219e+02 6.3978698730e+02 6.3978302002e+02 6.3979199219e+02 6.3981201172e+02 6.3983099365e+02 6.3983502197e+02 6.3980902100e+02 6.3976300049e+02 6.3969500732e+02 6.3959002686e+02 6.3947302246e+02 6.3929998779e+02 6.3908099365e+02 6.3886999512e+02 6.3865600586e+02 6.3843701172e+02 6.3821099854e+02 6.3803497314e+02 6.3789801025e+02 6.3777099609e+02 6.3764202881e+02 6.3747900391e+02 6.3728997803e+02 6.3716497803e+02 6.3707000732e+02 6.3694598389e+02 6.3674597168e+02 6.3656500244e+02 6.3645697021e+02 6.3639697266e+02 6.3631097412e+02 6.3617602539e+02 6.3598400879e+02 6.3577899170e+02 6.3563397217e+02 6.3552197266e+02 6.3543103027e+02
6.3983898926e+02 6.3984002686e+02 6.3984002686e+02 6.3984497070e+02 6.3985101318e+02 6.3985101318e+02 6.3984301758e+02 6.3980902100e+02 6.3979101563e+02 6.3978698730e+02 6.3977697754e+02 6.3977801514e+02 6.3979101563e+02 6.3981201172e+02 6.3983197021e+02 6.3981097412e+02 6.3977197266e+02 6.3971801758e+02 6.3963397217e+02 6.3952801514e+02 6.3936401367e+02 6.3913702393e+02 6.3890502930e+02 6.3867102051e+02 6.3846899414e+02 6.3827502441e+02 6.3809698486e+02 6.3798797607e+02 6.3788000488e+02 6.3773797607e+02 6.3755401611e+02 6.3737097168e+02 6.3722399902e+02 6.3708599854e+02 6.3694598389e+02 6.3676800537e+02 6.3659100342e+02 6.3646600342e+02 6.3637097168e+02 6.3628399658e+02 6.3619500732e+02 6.3606298828e+02 6.3588299561e+02 6.3570001221e+02 6.3553900146e+02 6.3540399170e+02
