TESTSERVER/21/15.asc
NCOLS 100
NROWS 100
XLLCORNER 8.5497500000e+03
YLLCORNER 2.8920025000e+05
CELLSIZE 5.0000000000e-01
NODATA_VALUE -9.9990000000e+03
[rows 60 to 79 of 100, columns 0 to 45 of 100]
6.3914001465e+02 6.3915002441e+02 6.3916998291e+02 6.3915600586e+02 6.3915502930e+02 6.3914501953e+02 6.3911602783e+02 6.3910101318e+02 6.3912200928e+02 6.3916101074e+02 6.3917700195e+02 6.3916699219e+02 6.3917102051e+02 6.3916900635e+02 6.3915399170e+02 6.3914898682e+02 6.3911999512e+02 6.3907000732e+02 6.3901300049e+02 6.3896398926e+02 6.3889001465e+02 6.3880999756e+02 6.3874200439e+02 6.3869097900e+02 6.3861999512e+02 6.3853997803e+02 6.3846197510e+02 6.3838201904e+02 6.3829498291e+02 6.3820397949e+02 6.3812298584e+02 6.3804699707e+02 6.3796997070e+02 6.3788098145e+02 6.3776898193e+02 6.3766699219e+02 6.3754302979e+02 6.3742999268e+02 6.3737597656e+02 6.3727502441e+02 6.3708801270e+02 6.3688201904e+02 6.3671997070e+02 6.3653497314e+02 6.3634600830e+02 6.3616802979e+02
6.3913500977e+02 6.3912902832e+02 6.3909399414e+02 6.3907598877e+02 6.3908300781e+02 6.3909802246e+02 6.3909197998e+02 6.3906896973e+02 6.3905297852e+02 6.3906298828e+02 6.3907800293e+02 6.3907299805e+02 6.3906500244e+02 6.3905499268e+02 6.3904302979e+02 6.3902502441e+02 6.3900402832e+02 6.3896997070e+02 6.3893597412e+02 6.3889697266e+02 6.3883502197e+02 6.3876599121e+02 6.3870898438e+02 6.3864202881e+02 6.3855798340e+02 6.3847399902e+02 6.3839898682e+02 6.3831701660e+02 6.3823901367e+02 6.3816900635e+02 6.3809600830e+02 6.3801202393e+02 6.3792297363e+02 6.3782501221e+02 6.3771301270e+02 6.3761499023e+02 6.3748199463e+02 6.3734497070e+02 6.3726800537e+02 6.3718902588e+02 6.3703100586e+02 6.3684600830e+02 6.3670098877e+02 6.3654498291e+02 6.3635900879e+02 6.3617498779e+02
6.3892297363e+02 6.3893701172e+02 6.3891497803e+02 6.3889801025e+02 6.3891601563e+02 6.3895800781e+02 6.3899499512e+02 6.3900897217e+02 6.3900598145e+02 6.3901702881e+02 6.3902801514e+02 6.3901800537e+02 6.3900000000e+02 6.3898199463e+02 6.3896997070e+02 6.3895001221e+02 6.3893298340e+02 6.3890899658e+02 6.3888897705e+02 6.3886499023e+02 6.3882098389e+02 6.3876702881e+02 6.3871502686e+02 6.3863598633e+02 6.3853997803e+02 6.3844799805e+02 6.3836499023e+02 6.3826599121e+02 6.3817999268e+02 6.3811901855e+02 6.3806799316e+02 6.3796697998e+02 6.3785699463e+02 6.3774597168e+02 6.3763397217e+02 6.3752502441e+02 6.3739202881e+02 6.3725500488e+02 6.3714801025e+02 6.3705200195e+02 6.3692401123e+02 6.3678497314e+02 6.3667401123e+02 6.3654699707e+02 6.3637500000e+02 6.3619598389e+02
6.3862097168e+02 6.3869000244e+02 6.3871997070e+02 6.3871899414e+02 6.3875000000e+02 6.3880603027e+02 6.3886401367e+02 6.3890899658e+02 6.3894000244e+02 6.3897601318e+02 6.3900000000e+02 6.3898602295e+02 6.3896697998e+02 6.3895001221e+02 6.3894702148e+02 6.3892700195e+02 6.3890997314e+02 6.3888800049e+02 6.3886999512e+02 6.3885797119e+02 6.3883300781e+02 6.3879302979e+02 6.3873797607e+02 6.3866101074e+02 6.3857000732e+02 6.3847601318e+02 6.3838201904e+02 6.3826300049e+02 6.3815301514e+02 6.3808697510e+02 6.3805499268e+02 6.3794702148e+02 6.3782098389e+02 6.3769396973e+02 6.3757501221e+02 6.3745397949e+02 6.3732397461e+02 6.3719799805e+02 6.3707000732e+02 6.3695098877e+02 6.3683898926e+02 6.3672998047e+02 6.3663702393e+02 6.3653002930e+02 6.3637701416e+02 6.3621002197e+02
6.3844299316e+02 6.3852099609e+02 6.3857299805e+02 6.3860302734e+02 6.3864398193e+02 6.3870202637e+02 6.3876501465e+02 6.3879901123e+02 6.3882299805e+02 6.3886700439e+02 6.3893298340e+02 6.3893701172e+02 6.3892999268e+02 6.3892602539e+02 6.3893298340e+02 6.3892199707e+02 6.3890100098e+02 6.3887597656e+02 6.3885302734e+02 6.3884002686e+02 6.3882202148e+02 6.3879302979e+02 6.3875201416e+02 6.3869598389e+02 6.3862597656e+02 6.3853698730e+02 6.3844299316e+02 6.3829699707e+02 6.3815197754e+02 6.3806701660e+02 6.3804901123e+02 6.3796002197e+02 6.3783001709e+02 6.3769299316e+02 6.3756201172e+02 6.3740502930e+02 6.3726300049e+02 6.3714099121e+02 6.3701300049e+02 6.3688598633e+02 6.3677801514e+02 6.3667199707e+02 6.3656701660e+02 6.3648199463e+02 6.3634698486e+02 6.3620501709e+02
6.3827197266e+02 6.3836199951e+02 6.3843298340e+02 6.3849401855e+02 6.3854797363e+02 6.3860198975e+02 6.3865600586e+02 6.3869500732e+02 6.3871099854e+02 6.3874102783e+02 6.3879901123e+02 6.3882299805e+02 6.3882598877e+02 6.3882501221e+02 6.3883697510e+02 6.3885101318e+02 6.3885101318e+02 6.3884100342e+02 6.3883599854e+02 6.3883502197e+02 6.3881201172e+02 6.3878100586e+02 6.3875402832e+02 6.3871899414e+02 6.3865100098e+02 6.3855297852e+02 6.3842901611e+02 6.3827099609e+02 6.3811199951e+02 6.3801501465e+02 6.3800201416e+02 6.3796002197e+02 6.3785699463e+02 6.3773602295e+02 6.3762500000e+02 6.3744097900e+02 6.3723400879e+02 6.3707702637e+02 6.3693597412e+02 6.3678802490e+02 6.3667999268e+02 6.3658502197e+02 6.3648602295e+02 6.3638702393e+02 6.3627398682e+02 6.3616802979e+02
6.3808197021e+02 6.3819500732e+02 6.3828100586e+02 6.3835498047e+02 6.3842700195e+02 6.3848699951e+02 6.3853302002e+02 6.3858099365e+02 6.3861700439e+02 6.3864398193e+02 6.3867999268e+02 6.3871301270e+02 6.3872998047e+02 6.3874102783e+02 6.3876599121e+02 6.3880297852e+02 6.3882202148e+02 6.3882598877e+02 6.3882598877e+02 6.3882299805e+02 6.3879797363e+02 6.3876202393e+02 6.3872900391e+02 6.3869396973e+02 6.3862402344e+02 6.3852502441e+02 6.3839898682e+02 6.3825201416e+02 6.3809997559e+02 6.3798999023e+02 6.3795300293e+02 6.3793902588e+02 6.3786102295e+02 6.3775299072e+02 6.3765502930e+02 6.3751202393e+02 6.3732000732e+02 6.3712701416e+02 6.3692498779e+02 6.3674401855e+02 6.3660198975e+02 6.3648901367e+02 6.3639501953e+02 6.3628698730e+02 6.3618902588e+02 6.3610797119e+02
6.3789697266e+02 6.3802801514e+02 6.3811499023e+02 6.3819000244e+02 6.3827197266e+02 6.3833697510e+02 6.3838299561e+02 6.3844097900e+02 6.3850201416e+02 6.3854498291e+02 6.3858300781e+02 6.3862200928e+02 6.3865002441e+02 6.3867602539e+02 6.3871600342e+02 6.3876599121e+02 6.3879498291e+02 6.3880700684e+02 6.3880297852e+02 6.3878601074e+02 6.3875299072e+02 6.3870800781e+02 6.3865899658e+02 6.3860699463e+02 6.3853497314e+02 6.3844702148e+02 6.3834899902e+02 6.3823699951e+02 6.3810101318e+02 6.3797998047e+02 6.3790502930e+02 6.3788500977e+02 6.3780700684e+02 6.3769396973e+02 6.3758898926e+02 6.3751397705e+02 6.3741497803e+02 6.3724902344e+02 6.3699902344e+02 6.3679302979e+02 6.3660198975e+02 6.3643597412e+02 6.3632098389e+02 6.3620599365e+02 6.3610998535e+02 6.3603497314e+02
6.3770098877e+02 6.3784100342e+02 6.3795501709e+02 6.3802600098e+02 6.3810498047e+02 6.3816400146e+02 6.3820397949e+02 6.3827001953e+02 6.3835101318e+02 6.3842401123e+02 6.3848498535e+02 6.3852197266e+02 6.3855499268e+02 6.3859899902e+02 6.3866802979e+02 6.3871801758e+02 6.3874798584e+02 6.3875799561e+02 6.3874200439e+02 6.3870599365e+02 6.3865899658e+02 6.3860101318e+02 6.3853100586e+02 6.3846502686e+02 6.3839898682e+02 6.3833099365e+02 6.3826501465e+02 6.3818499756e+02 6.3807098389e+02 6.3794897461e+02 6.3785198975e+02 6.3781097412e+02 6.3771600342e+02 6.3758801270e+02 6.3746899414e+02 6.3741998291e+02 6.3736401367e+02 6.3724298096e+02 6.3704498291e+02 6.3688702393e+02 6.3668499756e+02 6.3646099854e+02 6.3625402832e+02 6.3615899658e+02 6.3605499268e+02 6.3596600342e+02
6.3751098633e+02 6.3764300537e+02 6.3775402832e+02 6.3783502197e+02 6.3791198730e+02 6.3796801758e+02 6.3802502441e+02 6.3809100342e+02 6.3818499756e+02 6.3827697754e+02 6.3833099365e+02 6.3837200928e+02 6.3841998291e+02 6.3848101807e+02 6.3855999756e+02 6.3861602783e+02 6.3864697266e+02 6.3864898682e+02 6.3861798096e+02 6.3857501221e+02 6.3852197266e+02 6.3845898438e+02 6.3838397217e+02 6.3831799316e+02 6.3827099609e+02 6.3821997070e+02 6.3815698242e+02 6.3808197021e+02 6.3796398926e+02 6.3783599854e+02 6.3775097656e+02 6.3772302246e+02 6.3763299561e+02 6.3750598145e+02 6.3738800049e+02 6.3730603027e+02 6.3721997070e+02 6.3710699463e+02 6.3696002197e+02 6.3684100342e+02 6.3671197510e+02 6.3653399658e+02 6.3630798340e+02 6.3614898682e+02 6.3601202393e+02 6.3589599609e+02
6.3731097412e+02 6.3744097900e+02 6.3753698730e+02 6.3761297607e+02 6.3769201660e+02 6.3775402832e+02 6.3781597900e+02 6.3788897705e+02 6.3799401855e+02 6.3809301758e+02 6.3814697266e+02 6.3819799805e+02 6.3825097656e+02 6.3831402588e+02 6.3839300537e+02 6.3844799805e+02 6.3846997070e+02 6.3846099854e+02 6.3841802979e+02 6.3836798096e+02 6.3831701660e+02 6.3826000977e+02 6.3819097900e+02 6.3814001465e+02 6.3810797119e+02 6.3807000732e+02 6.3801000977e+02 6.3792102051e+02 6.3780102539e+02 6.3768701172e+02 6.3762597656e+02 6.3761700439e+02 6.3756201172e+02 6.3746600342e+02 6.3734698486e+02 6.3720898438e+02 6.3708898926e+02 6.3697302246e+02 6.3683898926e+02 6.3672998047e+02 6.3662799072e+02 6.3649700928e+02 6.3632202148e+02 6.3615802002e+02 6.3599798584e+02 6.3584997559e+02
6.3706500244e+02 6.3719799805e+02 6.3730200195e+02 6.3737402344e+02 6.3745697021e+02 6.3752301025e+02 6.3758001709e+02 6.3766601563e+02 6.3778900146e+02 6.3789599609e+02 6.3794299316e+02 6.3800201416e+02 6.3805200195e+02 6.3810198975e+02 6.3816998291e+02 6.3821502686e+02 6.3821997070e+02 6.3819396973e+02 6.3814300537e+02 6.3809497070e+02 6.3805102539e+02 6.3800598145e+02 6.3795599365e+02 6.3792102051e+02 6.3790100098e+02 6.3787402344e+02 6.3781701660e+02 6.3771997070e+02 6.3761499023e+02 6.3753698730e+02 6.3751800537e+02 6.3752001953e+02 6.3748297119e+02 6.3741497803e+02 6.3731701660e+02 6.3715698242e+02 6.3701501465e+02 6.3688800049e+02 6.3675097656e+02 6.3661297607e+02 6.3648498535e+02 6.3636798096e+02 6.3625201416e+02 6.3612799072e+02 6.3597802734e+02 6.3582299805e+02
6.3681597900e+02 6.3693902588e+02 6.3704699707e+02 6.3711999512e+02 6.3719097900e+02 6.3726898193e+02 6.3734002686e+02 6.3742297363e+02 6.3755603027e+02 6.3767199707e+02 6.3773297119e+02 6.3778601074e+02 6.3783001709e+02 6.3786999512e+02 6.3791802979e+02 6.3793597412e+02 6.3791400146e+02 6.3786199951e+02 6.3777600098e+02 6.3775000000e+02 6.3772497559e+02 6.3770800781e+02 6.3770501709e+02 6.3766998291e+02 6.3764202881e+02 6.3761901855e+02 6.3757000732e+02 6.3749798584e+02 6.3743798828e+02 6.3741699219e+02 6.3745697021e+02 6.3743499756e+02 6.3737902832e+02 6.3730401611e+02 6.3721197510e+02 6.3710302734e+02 6.3697198486e+02 6.3684497070e+02 6.3672399902e+02 6.3653997803e+02 6.3636798096e+02 6.3623400879e+02 6.3615100098e+02 6.3605902100e+02 6.3593798828e+02 6.3580999756e+02
6.3662200928e+02 6.3672802734e+02 6.3678497314e+02 6.3683898926e+02 6.3690802002e+02 6.3700500488e+02 6.3707598877e+02 6.3712902832e+02 6.3724102783e+02 6.3736199951e+02 6.3743798828e+02 6.3747601318e+02 6.3751397705e+02 6.3756597900e+02 6.3761297607e+02 6.3762402344e+02 6.3758300781e+02 6.3750799561e+02 6.3743103027e+02 6.3740502930e+02 6.3740002441e+02 6.3740600586e+02 6.3741101074e+02 6.3738000488e+02 6.3735797119e+02 6.3735601807e+02 6.3736999512e+02 6.3734497070e+02 6.3731701660e+02 6.3730798340e+02 6.3733697510e+02 6.3730603027e+02 6.3724200439e+02 6.3715997314e+02 6.3707598877e+02 6.3697802734e+02 6.3685101318e+02 6.3672198486e+02 6.3661602783e+02 6.3647698975e+02 6.3630200195e+02 6.3614501953e+02 6.3604101563e+02 6.3596899414e+02 6.3587500000e+02 6.3578302002e+02
6.3643902588e+02 6.3653002930e+02 6.3655999756e+02 6.3659802246e+02 6.3667602539e+02 6.3677001953e+02 6.3679602051e+02 6.3679602051e+02 6.3687701416e+02 6.3700402832e+02 6.3709100342e+02 6.3710797119e+02 6.3715100098e+02 6.3722302246e+02 6.3728601074e+02 6.3729498291e+02 6.3724798584e+02 6.3717401123e+02 6.3711401367e+02 6.3709698486e+02 6.3709698486e+02 6.3710699463e+02 6.3711401367e+02 6.3709399414e+02 6.3709497070e+02 6.3712701416e+02 6.3719299316e+02 6.3722900391e+02 6.3721801758e+02 6.3719500732e+02 6.3718298340e+02 6.3714300537e+02 6.3708300781e+02 6.3700598145e+02 6.3691998291e+02 6.3680798340e+02 6.3667199707e+02 6.3653302002e+02 6.3642602539e+02 6.3632897949e+02 6.3618200684e+02 6.3603601074e+02 6.3592602539e+02 6.3587402344e+02 6.3580401611e+02 6.3572802734e+02
6.3620397949e+02 6.3628100586e+02 6.3633398438e+02 6.3635900879e+02 6.3643298340e+02 6.3651098633e+02 6.3650402832e+02 6.3647900391e+02 6.3652899170e+02 6.3663098145e+02 6.3671301270e+02 6.3675598145e+02 6.3683398438e+02 6.3692498779e+02 6.3697302246e+02 6.3697399902e+02 6.3693298340e+02 6.3687799072e+02 6.3683697510e+02 6.3682000732e+02 6.3681597900e+02 6.3682098389e+02 6.3682501221e+02 6.3681097412e+02 6.3683001709e+02 6.3688702393e+02 6.3698999023e+02 6.3705499268e+02 6.3704400635e+02 6.3700097656e+02 6.3695397949e+02 6.3691400146e+02 6.3686999512e+02 6.3681201172e+02 6.3672998047e+02 6.3659301758e+02 6.3644598389e+02 6.3629699707e+02 6.3615698242e+02 6.3606402588e+02 6.3595898438e+02 6.3585198975e+02 6.3576397705e+02 6.3574902344e+02 6.3572100830e+02 6.3566802979e+02
6.3593200684e+02 6.3599798584e+02 6.3607202148e+02 6.3611700439e+02 6.3618597412e+02 6.3624902344e+02 6.3624499512e+02 6.3619201660e+02 6.3621099854e+02 6.3627801514e+02 6.3635699463e+02 6.3645697021e+02 6.3658197021e+02 6.3666699219e+02 6.3667999268e+02 6.3666400146e+02 6.3664001465e+02 6.3662200928e+02 6.3662701416e+02 6.3657299805e+02 6.3656097412e+02 6.3655902100e+02 6.3655700684e+02 6.3654302979e+02 6.3656500244e+02 6.3661999512e+02 6.3667602539e+02 6.3672802734e+02 6.3671502686e+02 6.3667700195e+02 6.3662298584e+02 6.3660699463e+02 6.3657598877e+02 6.3653198242e+02 6.3643103027e+02 6.3633398438e+02 6.3618701172e+02 6.3603399658e+02 6.3586199951e+02 6.3572900391e+02 6.3564501953e+02 6.3558398438e+02 6.3554101563e+02 6.3557000732e+02 6.3559802246e+02 6.3559301758e+02
6.3575701904e+02 6.3583001709e+02 6.3588299561e+02 6.3590002441e+02 6.3596099854e+02 6.3601898193e+02 6.3600201416e+02 6.3595898438e+02 6.3596899414e+02 6.3603002930e+02 6.3611297607e+02 6.3621099854e+02 6.3630102539e+02 6.3632897949e+02 6.3631298828e+02 6.3630999756e+02 6.3630499268e+02 6.3631799316e+02 6.3634802246e+02 6.3632000732e+02 6.3631500244e+02 6.3631597900e+02 6.3629498291e+02 6.3628497314e+02 6.3630102539e+02 6.3633502197e+02 6.3636102295e+02 6.3636199951e+02 6.3635101318e+02 6.3632501221e+02 6.3628601074e+02 6.3626300049e+02 6.3623602295e+02 6.3619396973e+02 6.3614202881e+02 6.3605297852e+02 6.3593597412e+02 6.3580401611e+02 6.3565899658e+02 6.3551702881e+02 6.3541699219e+02 6.3535797119e+02 6.3533801270e+02 6.3538000488e+02 6.3543701172e+02 6.3547399902e+02
6.3558398438e+02 6.3561499023e+02 6.3561700439e+02 6.3560498047e+02 6.3565399170e+02 6.3571600342e+02 6.3571301270e+02 6.3569097900e+02 6.3569702148e+02 6.3573498535e+02 6.3578698730e+02 6.3587200928e+02 6.3593298340e+02 6.3594000244e+02 6.3591998291e+02 6.3593200684e+02 6.3593200684e+02 6.3595001221e+02 6.3600201416e+02 6.3601098633e+02 6.3602600098e+02 6.3603601074e+02 6.3600799561e+02 6.3598699951e+02 6.3600000000e+02 6.3602301025e+02 6.3603698730e+02 6.3603497314e+02 6.3602001953e+02 6.3599102783e+02 6.3594897461e+02 6.3592797852e+02 6.3590899658e+02 6.3588299561e+02 6.3585302734e+02 6.3579498291e+02 6.3570898438e+02 6.3560498047e+02 6.3548297119e+02 6.3535400391e+02 6.3525799561e+02 6.3520501709e+02 6.3518597412e+02 6.3521502686e+02 6.3527398682e+02 6.3533099365e+02
6.3534997559e+02 6.3533001709e+02 6.3527502441e+02 6.3525097656e+02 6.3528601074e+02 6.3534197998e+02 6.3534698486e+02 6.3534197998e+02 6.3535101318e+02 6.3536199951e+02 6.3537500000e+02 6.3543701172e+02 6.3547998047e+02 6.3548999023e+02 6.3550097656e+02 6.3554901123e+02 6.3555902100e+02 6.3557397461e+02 6.3562701416e+02 6.3566101074e+02 6.3568798828e+02 6.3570300293e+02 6.3568103027e+02 6.3566497803e+02 6.3568200684e+02 6.3570397949e+02 6.3571301270e+02 6.3571099854e+02 6.3569396973e+02 6.3566400146e+02 6.3561901855e+02 6.3559600830e+02 6.3558398438e+02 6.3557202148e+02 6.3556500244e+02 6.3554302979e+02 6.3549102783e+02 6.3541900635e+02 6.3532000732e+02 6.3520501709e+02 6.3512597656e+02 6.3508898926e+02 6.3508099365e+02 6.3509497070e+02 6.3514001465e+02 6.3519500732e+02
