TESTSERVER/21/16.asc
NCOLS 100
NROWS 100
XLLCORNER 8.5497500000e+03
YLLCORNER 2.8915025000e+05
CELLSIZE 5.0000000000e-01
NODATA_VALUE -9.9990000000e+03
[rows 20 to 39 of 100, columns 46 to 91 of 100]
6.2196002197e+02 6.2195898438e+02 6.2192199707e+02 6.2186499023e+02 6.2179699707e+02 6.2187500000e+02 6.2194598389e+02 6.2199597168e+02 6.2196398926e+02 6.2192199707e+02 6.2190698242e+02 6.2190002441e+02 6.2189099121e+02 6.2192797852e+02 6.2199597168e+02 6.2208599854e+02 6.2222100830e+02 6.2226397705e+02 6.2229699707e+02 6.2231701660e+02 6.2234399414e+02 6.2232800293e+02 6.2230401611e+02 6.2228900146e+02 6.2230700684e+02 6.2236901855e+02 6.2249499512e+02 6.2266900635e+02 6.2283001709e+02 6.2291601563e+02 6.2301397705e+02 6.2313299561e+02 6.2325701904e+02 6.2338098145e+02 6.2347998047e+02 6.2357299805e+02 6.2363598633e+02 6.2368298340e+02 6.2372998047e+02 6.2377600098e+02 6.2381402588e+02 6.2386499023e+02 6.2393597412e+02 6.2402301025e+02 6.2412799072e+02 6.2427801514e+02
6.2157897949e+02 6.2158599854e+02 6.2158599854e+02 6.2155200195e+02 6.2148797607e+02 6.2150299072e+02 6.2151300049e+02 6.2150598145e+02 6.2149102783e+02 6.2146899414e+02 6.2145599365e+02 6.2146398926e+02 6.2148199463e+02 6.2152600098e+02 6.2161199951e+02 6.2172302246e+02 6.2185699463e+02 6.2192999268e+02 6.2195397949e+02 6.2196600342e+02 6.2199102783e+02 6.2199200439e+02 6.2198901367e+02 6.2200500488e+02 6.2203497314e+02 6.2209997559e+02 6.2222100830e+02 6.2236401367e+02 6.2246099854e+02 6.2251397705e+02 6.2260198975e+02 6.2273101807e+02 6.2290698242e+02 6.2304101563e+02 6.2313098145e+02 6.2320300293e+02 6.2326000977e+02 6.2330798340e+02 6.2335998535e+02 6.2341101074e+02 6.2345202637e+02 6.2349700928e+02 6.2357000732e+02 6.2366302490e+02 6.2377600098e+02 6.2392498779e+02
6.2122900391e+02 6.2123498535e+02 6.2125701904e+02 6.2125402832e+02 6.2120697021e+02 6.2115899658e+02 6.2111700439e+02 6.2106896973e+02 6.2104901123e+02 6.2104998779e+02 6.2104400635e+02 6.2105902100e+02 6.2108801270e+02 6.2114099121e+02 6.2122698975e+02 6.2133398438e+02 6.2146002197e+02 6.2153601074e+02 6.2156799316e+02 6.2158898926e+02 6.2161901855e+02 6.2163299561e+02 6.2165502930e+02 6.2169799805e+02 6.2174597168e+02 6.2181402588e+02 6.2192498779e+02 6.2203900146e+02 6.2210198975e+02 6.2215399170e+02 6.2224401855e+02 6.2238299561e+02 6.2256799316e+02 6.2268597412e+02 6.2276202393e+02 6.2282299805e+02 6.2288500977e+02 6.2294000244e+02 6.2299102783e+02 6.2304101563e+02 6.2308300781e+02 6.2312597656e+02 6.2319702148e+02 6.2329101563e+02 6.2341601563e+02 6.2356799316e+02
6.2091601563e+02 6.2091900635e+02 6.2094097900e+02 6.2095300293e+02 6.2093103027e+02 6.2084802246e+02 6.2077301025e+02 6.2070202637e+02 6.2066198730e+02 6.2065698242e+02 6.2065399170e+02 6.2067297363e+02 6.2071197510e+02 6.2076702881e+02 6.2084399414e+02 6.2093499756e+02 6.2103198242e+02 6.2110498047e+02 6.2115100098e+02 6.2119097900e+02 6.2123999023e+02 6.2127197266e+02 6.2131201172e+02 6.2136700439e+02 6.2141802979e+02 6.2148901367e+02 6.2159399414e+02 6.2169000244e+02 6.2174298096e+02 6.2181298828e+02 6.2191302490e+02 6.2205700684e+02 6.2223400879e+02 6.2233697510e+02 6.2240802002e+02 6.2246600342e+02 6.2252899170e+02 6.2258197021e+02 6.2262799072e+02 6.2267401123e+02 6.2271301270e+02 6.2275402832e+02 6.2282397461e+02 6.2291900635e+02 6.2305200195e+02 6.2320501709e+02
6.2062097168e+02 6.2064300537e+02 6.2064898682e+02 6.2065002441e+02 6.2065197754e+02 6.2055603027e+02 6.2046502686e+02 6.2040002441e+02 6.2036901855e+02 6.2029901123e+02 6.2028900146e+02 6.2031201172e+02 6.2037402344e+02 6.2041497803e+02 6.2046398926e+02 6.2051702881e+02 6.2054901123e+02 6.2064398193e+02 6.2071600342e+02 6.2078997803e+02 6.2087298584e+02 6.2092498779e+02 6.2096600342e+02 6.2100598145e+02 6.2104797363e+02 6.2113897705e+02 6.2124200439e+02 6.2133099365e+02 6.2138800049e+02 6.2147399902e+02 6.2158502197e+02 6.2172601318e+02 6.2187298584e+02 6.2200299072e+02 6.2209197998e+02 6.2215997314e+02 6.2221099854e+02 6.2225000000e+02 6.2228900146e+02 6.2232202148e+02 6.2234100342e+02 6.2238201904e+02 6.2245001221e+02 6.2254699707e+02 6.2266400146e+02 6.2282598877e+02
6.2027801514e+02 6.2033898926e+02 6.2035699463e+02 6.2034899902e+02 6.2033398438e+02 6.2024798584e+02 6.2015399170e+02 6.2010101318e+02 6.2004901123e+02 6.1995898438e+02 6.1992901611e+02 6.1995202637e+02 6.2001800537e+02 6.2007397461e+02 6.2011700439e+02 6.2015600586e+02 6.2019702148e+02 6.2026300049e+02 6.2034698486e+02 6.2043701172e+02 6.2053399658e+02 6.2058801270e+02 6.2061297607e+02 6.2064099121e+02 6.2069097900e+02 6.2078997803e+02 6.2089697266e+02 6.2099401855e+02 6.2106402588e+02 6.2114099121e+02 6.2123797607e+02 6.2135900879e+02 6.2150201416e+02 6.2165997314e+02 6.2179302979e+02 6.2188702393e+02 6.2191900635e+02 6.2193298340e+02 6.2196099854e+02 6.2198400879e+02 6.2199798584e+02 6.2203198242e+02 6.2209698486e+02 6.2219299316e+02 6.2230798340e+02 6.2244598389e+02
6.1989398193e+02 6.1995501709e+02 6.1998498535e+02 6.1998797607e+02 6.1997998047e+02 6.1990301514e+02 6.1981597900e+02 6.1976501465e+02 6.1970098877e+02 6.1959600830e+02 6.1955999756e+02 6.1958001709e+02 6.1965301514e+02 6.1972601318e+02 6.1978002930e+02 6.1982598877e+02 6.1987402344e+02 6.1994396973e+02 6.2003198242e+02 6.2012402344e+02 6.2021997070e+02 6.2027301025e+02 6.2029498291e+02 6.2032098389e+02 6.2036999512e+02 6.2045697021e+02 6.2055499268e+02 6.2065100098e+02 6.2072601318e+02 6.2078900146e+02 6.2087402344e+02 6.2098297119e+02 6.2112097168e+02 6.2130401611e+02 6.2146002197e+02 6.2157098389e+02 6.2160797119e+02 6.2161297607e+02 6.2163500977e+02 6.2165600586e+02 6.2167700195e+02 6.2171600342e+02 6.2178002930e+02 6.2187200928e+02 6.2197900391e+02 6.2210101318e+02
6.1950701904e+02 6.1954602051e+02 6.1956298828e+02 6.1956500244e+02 6.1957098389e+02 6.1950799561e+02 6.1942901611e+02 6.1937597656e+02 6.1930798340e+02 6.1921502686e+02 6.1918200684e+02 6.1920202637e+02 6.1927801514e+02 6.1936901855e+02 6.1943701172e+02 6.1949798584e+02 6.1955603027e+02 6.1963299561e+02 6.1972497559e+02 6.1981701660e+02 6.1989801025e+02 6.1995800781e+02 6.1999700928e+02 6.2003399658e+02 6.2008300781e+02 6.2014697266e+02 6.2022497559e+02 6.2030999756e+02 6.2038598633e+02 6.2044799805e+02 6.2053100586e+02 6.2063500977e+02 6.2076702881e+02 6.2095697021e+02 6.2112097168e+02 6.2123602295e+02 6.2128601074e+02 6.2129797363e+02 6.2131896973e+02 6.2134301758e+02 6.2137597656e+02 6.2142102051e+02 6.2148498535e+02 6.2157299805e+02 6.2167602539e+02 6.2178601074e+02
6.1914599609e+02 6.1918798828e+02 6.1916601563e+02 6.1912402344e+02 6.1908898926e+02 6.1905603027e+02 6.1898101807e+02 6.1890997314e+02 6.1885900879e+02 6.1882299805e+02 6.1881597900e+02 6.1884002686e+02 6.1889099121e+02 6.1900097656e+02 6.1908300781e+02 6.1914697266e+02 6.1915899658e+02 6.1929101563e+02 6.1940698242e+02 6.1949700928e+02 6.1954602051e+02 6.1962597656e+02 6.1970300293e+02 6.1976599121e+02 6.1982501221e+02 6.1984802246e+02 6.1990197754e+02 6.1997802734e+02 6.2006799316e+02 6.2014398193e+02 6.2023498535e+02 6.2034301758e+02 6.2046801758e+02 6.2064099121e+02 6.2080603027e+02 6.2091601563e+02 6.2096502686e+02 6.2100000000e+02 6.2102600098e+02 6.2105297852e+02 6.2110101318e+02 6.2114801025e+02 6.2121502686e+02 6.2129901123e+02 6.2139898682e+02 6.2149298096e+02
6.1866900635e+02 6.1870800781e+02 6.1874298096e+02 6.1875097656e+02 6.1869598389e+02 6.1869299316e+02 6.1867199707e+02 6.1858697510e+02 6.1850701904e+02 6.1847100830e+02 6.1848699951e+02 6.1852398682e+02 6.1856799316e+02 6.1863897705e+02 6.1869097900e+02 6.1874499512e+02 6.1881701660e+02 6.1895300293e+02 6.1908300781e+02 6.1916998291e+02 6.1921002197e+02 6.1926397705e+02 6.1932800293e+02 6.1938800049e+02 6.1946899414e+02 6.1952099609e+02 6.1957598877e+02 6.1964300537e+02 6.1971801758e+02 6.1979498291e+02 6.1988098145e+02 6.1998199463e+02 6.2009698486e+02 6.2026501465e+02 6.2044500732e+02 6.2059002686e+02 6.2065899658e+02 6.2069702148e+02 6.2072100830e+02 6.2074798584e+02 6.2079199219e+02 6.2085302734e+02 6.2092999268e+02 6.2101800537e+02 6.2111901855e+02 6.2121099854e+02
6.1823400879e+02 6.1819299316e+02 6.1821002197e+02 6.1825201416e+02 6.1826800537e+02 6.1834497070e+02 6.1836102295e+02 6.1826501465e+02 6.1815002441e+02 6.1810699463e+02 6.1811297607e+02 6.1815997314e+02 6.1823199463e+02 6.1828497314e+02 6.1832000732e+02 6.1837402344e+02 6.1848498535e+02 6.1861199951e+02 6.1872100830e+02 6.1880297852e+02 6.1885498047e+02 6.1889501953e+02 6.1893902588e+02 6.1898901367e+02 6.1908398438e+02 6.1917199707e+02 6.1923498535e+02 6.1929400635e+02 6.1934197998e+02 6.1939697266e+02 6.1947802734e+02 6.1957897949e+02 6.1969299316e+02 6.1982598877e+02 6.1999902344e+02 6.2018298340e+02 6.2030798340e+02 6.2034497070e+02 6.2037500000e+02 6.2041601563e+02 6.2048297119e+02 6.2055102539e+02 6.2063299561e+02 6.2072302246e+02 6.2082397461e+02 6.2091699219e+02
6.1789501953e+02 6.1782098389e+02 6.1777899170e+02 6.1778100586e+02 6.1780700684e+02 6.1788397217e+02 6.1790502930e+02 6.1783001709e+02 6.1775799561e+02 6.1775701904e+02 6.1777197266e+02 6.1782000732e+02 6.1789801025e+02 6.1794799805e+02 6.1797100830e+02 6.1801300049e+02 6.1811700439e+02 6.1822802734e+02 6.1832299805e+02 6.1840600586e+02 6.1847998047e+02 6.1854602051e+02 6.1859997559e+02 6.1864599609e+02 6.1871997070e+02 6.1881597900e+02 6.1888299561e+02 6.1892999268e+02 6.1895599365e+02 6.1899597168e+02 6.1907897949e+02 6.1918902588e+02 6.1931201172e+02 6.1939398193e+02 6.1952502441e+02 6.1971801758e+02 6.1990698242e+02 6.1995800781e+02 6.2000000000e+02 6.2006402588e+02 6.2016497803e+02 6.2024798584e+02 6.2033398438e+02 6.2042602539e+02 6.2052301025e+02 6.2062097168e+02
6.1759399414e+02 6.1753399658e+02 6.1747100830e+02 6.1742999268e+02 6.1739099121e+02 6.1737500000e+02 6.1740100098e+02 6.1740502930e+02 6.1739501953e+02 6.1745697021e+02 6.1748999023e+02 6.1751000977e+02 6.1754699707e+02 6.1759497070e+02 6.1761297607e+02 6.1762298584e+02 6.1764001465e+02 6.1777801514e+02 6.1790100098e+02 6.1801599121e+02 6.1810900879e+02 6.1820098877e+02 6.1829199219e+02 6.1835797119e+02 6.1840600586e+02 6.1843902588e+02 6.1849401855e+02 6.1853997803e+02 6.1857800293e+02 6.1863500977e+02 6.1873699951e+02 6.1885601807e+02 6.1901000977e+02 6.1901800537e+02 6.1905999756e+02 6.1922302246e+02 6.1950402832e+02 6.1955798340e+02 6.1960900879e+02 6.1969299316e+02 6.1983502197e+02 6.1994799805e+02 6.2003002930e+02 6.2011499023e+02 6.2022302246e+02 6.2033801270e+02
6.1730700684e+02 6.1723797607e+02 6.1717901611e+02 6.1713098145e+02 6.1706097412e+02 6.1703997803e+02 6.1708001709e+02 6.1711999512e+02 6.1711297607e+02 6.1714202881e+02 6.1716101074e+02 6.1716998291e+02 6.1719299316e+02 6.1723999023e+02 6.1728302002e+02 6.1727899170e+02 6.1721997070e+02 6.1724102783e+02 6.1734600830e+02 6.1751300049e+02 6.1764300537e+02 6.1772998047e+02 6.1786199951e+02 6.1797399902e+02 6.1802398682e+02 6.1804101563e+02 6.1809002686e+02 6.1815002441e+02 6.1821502686e+02 6.1829699707e+02 6.1838598633e+02 6.1846301270e+02 6.1852099609e+02 6.1854602051e+02 6.1860400391e+02 6.1875000000e+02 6.1902099609e+02 6.1918298340e+02 6.1927801514e+02 6.1934497070e+02 6.1946301270e+02 6.1960797119e+02 6.1971502686e+02 6.1982299805e+02 6.1995697021e+02 6.2007299805e+02
6.1697900391e+02 6.1692498779e+02 6.1691802979e+02 6.1686700439e+02 6.1675799561e+02 6.1670898438e+02 6.1669799805e+02 6.1672998047e+02 6.1676397705e+02 6.1678900146e+02 6.1681201172e+02 6.1683197021e+02 6.1686901855e+02 6.1690899658e+02 6.1692999268e+02 6.1690899658e+02 6.1684698486e+02 6.1678802490e+02 6.1680297852e+02 6.1694000244e+02 6.1712402344e+02 6.1723901367e+02 6.1739501953e+02 6.1753900146e+02 6.1761999512e+02 6.1765100098e+02 6.1770697021e+02 6.1777301025e+02 6.1784197998e+02 6.1791998291e+02 6.1798901367e+02 6.1803900146e+02 6.1806799316e+02 6.1812701416e+02 6.1823101807e+02 6.1836700439e+02 6.1855999756e+02 6.1876599121e+02 6.1891302490e+02 6.1899102783e+02 6.1908697510e+02 6.1923297119e+02 6.1937200928e+02 6.1951702881e+02 6.1966601563e+02 6.1977801514e+02
6.1667797852e+02 6.1665100098e+02 6.1663397217e+02 6.1655200195e+02 6.1643298340e+02 6.1636401367e+02 6.1631896973e+02 6.1634100342e+02 6.1639697266e+02 6.1644000244e+02 6.1647302246e+02 6.1650598145e+02 6.1654498291e+02 6.1654400635e+02 6.1652502441e+02 6.1648797607e+02 6.1645397949e+02 6.1643402100e+02 6.1642102051e+02 6.1650897217e+02 6.1667199707e+02 6.1678698730e+02 6.1694299316e+02 6.1709698486e+02 6.1720898438e+02 6.1726202393e+02 6.1732800293e+02 6.1740197754e+02 6.1746899414e+02 6.1753302002e+02 6.1759002686e+02 6.1763598633e+02 6.1768499756e+02 6.1777001953e+02 6.1788800049e+02 6.1801702881e+02 6.1816198730e+02 6.1836499023e+02 6.1854602051e+02 6.1866497803e+02 6.1877301025e+02 6.1889697266e+02 6.1903802490e+02 6.1919299316e+02 6.1934002686e+02 6.1943902588e+02
6.1642700195e+02 6.1638897705e+02 6.1630902100e+02 6.1620001221e+02 6.1610198975e+02 6.1605798340e+02 6.1603497314e+02 6.1604901123e+02 6.1607800293e+02 6.1611401367e+02 6.1611401367e+02 6.1611700439e+02 6.1611602783e+02 6.1610797119e+02 6.1608599854e+02 6.1605401611e+02 6.1606402588e+02 6.1611199951e+02 6.1613500977e+02 6.1620599365e+02 6.1631201172e+02 6.1637902832e+02 6.1651501465e+02 6.1666101074e+02 6.1679101563e+02 6.1686401367e+02 6.1693701172e+02 6.1701300049e+02 6.1709600830e+02 6.1715197754e+02 6.1720098877e+02 6.1725897217e+02 6.1733599854e+02 6.1743200684e+02 6.1753302002e+02 6.1764398193e+02 6.1779498291e+02 6.1799200439e+02 6.1818402100e+02 6.1834698486e+02 6.1849401855e+02 6.1860302734e+02 6.1872601318e+02 6.1886297607e+02 6.1898297119e+02 6.1906597900e+02
6.1604901123e+02 6.1602502441e+02 6.1600097656e+02 6.1594799805e+02 6.1586401367e+02 6.1580200195e+02 6.1574401855e+02 6.1573797607e+02 6.1578399658e+02 6.1578302002e+02 6.1567901611e+02 6.1561700439e+02 6.1564697266e+02 6.1570202637e+02 6.1575799561e+02 6.1574902344e+02 6.1575201416e+02 6.1576599121e+02 6.1571697998e+02 6.1574902344e+02 6.1585998535e+02 6.1591998291e+02 6.1603997803e+02 6.1617999268e+02 6.1631597900e+02 6.1640301514e+02 6.1647601318e+02 6.1655401611e+02 6.1667602539e+02 6.1674700928e+02 6.1677197266e+02 6.1682202148e+02 6.1692797852e+02 6.1707702637e+02 6.1718298340e+02 6.1727197266e+02 6.1740301514e+02 6.1759399414e+02 6.1779998779e+02 6.1798699951e+02 6.1815100098e+02 6.1829101563e+02 6.1843798828e+02 6.1855999756e+02 6.1863800049e+02 6.1871197510e+02
6.1573602295e+02 6.1566900635e+02 6.1562402344e+02 6.1557000732e+02 6.1552099609e+02 6.1551397705e+02 6.1546502686e+02 6.1543798828e+02 6.1546899414e+02 6.1540600586e+02 6.1525299072e+02 6.1517999268e+02 6.1522198486e+02 6.1530499268e+02 6.1543103027e+02 6.1547100830e+02 6.1545001221e+02 6.1543298340e+02 6.1535699463e+02 6.1534497070e+02 6.1540399170e+02 6.1542901611e+02 6.1552197266e+02 6.1566601563e+02 6.1582800293e+02 6.1592199707e+02 6.1600000000e+02 6.1608599854e+02 6.1622399902e+02 6.1630999756e+02 6.1634399414e+02 6.1640197754e+02 6.1651702881e+02 6.1667602539e+02 6.1681597900e+02 6.1692401123e+02 6.1704199219e+02 6.1720397949e+02 6.1740802002e+02 6.1761401367e+02 6.1778698730e+02 6.1795202637e+02 6.1813598633e+02 6.1827801514e+02 6.1833502197e+02 6.1839599609e+02
6.1547998047e+02 6.1538897705e+02 6.1528997803e+02 6.1519000244e+02 6.1513397217e+02 6.1517999268e+02 6.1519201660e+02 6.1518798828e+02 6.1517700195e+02 6.1510101318e+02 6.1499200439e+02 6.1492999268e+02 6.1490899658e+02 6.1492901611e+02 6.1505700684e+02 6.1513397217e+02 6.1511700439e+02 6.1510900879e+02 6.1505700684e+02 6.1503900146e+02 6.1502502441e+02 6.1497900391e+02 6.1503198242e+02 6.1518103027e+02 6.1536901855e+02 6.1548199463e+02 6.1557501221e+02 6.1566900635e+02 6.1579498291e+02 6.1589599609e+02 6.1596301270e+02 6.1603802490e+02 6.1613897705e+02 6.1629101563e+02 6.1646801758e+02 6.1661401367e+02 6.1673699951e+02 6.1686297607e+02 6.1703900146e+02 6.1723999023e+02 6.1741900635e+02 6.1759399414e+02 6.1779998779e+02 6.1797900391e+02 6.1806597900e+02 6.1811901855e+02
