TESTSERVER/21/16.asc
NCOLS 100
NROWS 100
XLLCORNER 8.5497500000e+03
YLLCORNER 2.8915025000e+05
CELLSIZE 5.0000000000e-01
NODATA_VALUE -9.9990000000e+03
[rows 0 to 19 of 100, columns 0 to 45 of 100]
6.2820697021e+02 6.2823199463e+02 6.2817297363e+02 6.2821899414e+02 6.2822802734e+02 6.2821600342e+02 6.2818798828e+02 6.2817498779e+02 6.2819799805e+02 6.2823199463e+02 6.2826000977e+02 6.2842498779e+02 6.2860998535e+02 6.2870599365e+02 6.2874200439e+02 6.2873297119e+02 6.2871801758e+02 6.2874401855e+02 6.2881799316e+02 6.2883398438e+02 6.2881298828e+02 6.2872399902e+02 6.2863897705e+02 6.2862402344e+02 6.2860101318e+02 6.2860797119e+02 6.2864801025e+02 6.2871002197e+02 6.2874700928e+02 6.2875097656e+02 6.2869500732e+02 6.2862597656e+02 6.2858697510e+02 6.2856097412e+02 6.2855999756e+02 6.2858099365e+02 6.2856298828e+02 6.2853399658e+02 6.2849298096e+02 6.2846997070e+02 6.2847698975e+02 6.2850799561e+02 6.2856201172e+02 6.2863098145e+02 6.2867498779e+02 6.2870001221e+02
6.2782098389e+02 6.2782800293e+02 6.2780499268e+02 6.2786499023e+02 6.2791900635e+02 6.2792999268e+02 6.2789398193e+02 6.2788201904e+02 6.2792999268e+02 6.2800500488e+02 6.2805297852e+02 6.2823400879e+02 6.2842797852e+02 6.2847601318e+02 6.2844598389e+02 6.2846398926e+02 6.2845001221e+02 6.2845697021e+02 6.2849200439e+02 6.2852099609e+02 6.2851397705e+02 6.2843798828e+02 6.2836297607e+02 6.2832897949e+02 6.2827398682e+02 6.2825299072e+02 6.2832299805e+02 6.2843798828e+02 6.2849597168e+02 6.2850402832e+02 6.2843798828e+02 6.2835198975e+02 6.2830700684e+02 6.2827502441e+02 6.2826702881e+02 6.2828100586e+02 6.2826599121e+02 6.2823602295e+02 6.2819598389e+02 6.2820300293e+02 6.2821600342e+02 6.2822900391e+02 6.2824200439e+02 6.2826898193e+02 6.2832501221e+02 6.2838201904e+02
6.2739599609e+02 6.2748199463e+02 6.2752301025e+02 6.2755902100e+02 6.2762500000e+02 6.2767700195e+02 6.2767199707e+02 6.2765002441e+02 6.2768701172e+02 6.2777197266e+02 6.2782800293e+02 6.2795501709e+02 6.2805902100e+02 6.2803802490e+02 6.2801702881e+02 6.2807000732e+02 6.2807702637e+02 6.2808898926e+02 6.2812597656e+02 6.2815002441e+02 6.2812701416e+02 6.2806201172e+02 6.2802899170e+02 6.2801702881e+02 6.2797302246e+02 6.2795001221e+02 6.2800000000e+02 6.2810498047e+02 6.2816699219e+02 6.2818597412e+02 6.2814599609e+02 6.2807598877e+02 6.2803601074e+02 6.2800500488e+02 6.2798699951e+02 6.2797802734e+02 6.2795397949e+02 6.2792700195e+02 6.2790899658e+02 6.2793298340e+02 6.2794000244e+02 6.2793499756e+02 6.2792297363e+02 6.2793103027e+02 6.2798602295e+02 6.2804602051e+02
6.2699597168e+02 6.2714398193e+02 6.2722802734e+02 6.2728100586e+02 6.2736602783e+02 6.2744702148e+02 6.2746801758e+02 6.2744201660e+02 6.2746197510e+02 6.2751098633e+02 6.2755200195e+02 6.2760601807e+02 6.2761999512e+02 6.2756896973e+02 6.2758099365e+02 6.2765802002e+02 6.2770397949e+02 6.2775799561e+02 6.2783099365e+02 6.2783801270e+02 6.2778302002e+02 6.2771600342e+02 6.2769201660e+02 6.2769396973e+02 6.2767602539e+02 6.2766302490e+02 6.2768298340e+02 6.2775299072e+02 6.2781298828e+02 6.2784197998e+02 6.2783001709e+02 6.2778601074e+02 6.2776098633e+02 6.2773901367e+02 6.2771502686e+02 6.2767999268e+02 6.2765002441e+02 6.2763098145e+02 6.2763598633e+02 6.2765698242e+02 6.2764501953e+02 6.2761700439e+02 6.2759802246e+02 6.2759997559e+02 6.2762902832e+02 6.2766101074e+02
6.2667199707e+02 6.2679101563e+02 6.2687799072e+02 6.2699700928e+02 6.2713098145e+02 6.2722399902e+02 6.2725701904e+02 6.2728900146e+02 6.2733502197e+02 6.2734997559e+02 6.2734802246e+02 6.2731799316e+02 6.2730603027e+02 6.2729901123e+02 6.2733001709e+02 6.2734899902e+02 6.2742901611e+02 6.2753198242e+02 6.2759301758e+02 6.2755297852e+02 6.2748797607e+02 6.2741900635e+02 6.2737597656e+02 6.2735797119e+02 6.2734197998e+02 6.2734100342e+02 6.2737402344e+02 6.2742797852e+02 6.2747998047e+02 6.2751397705e+02 6.2752600098e+02 6.2749798584e+02 6.2748400879e+02 6.2747198486e+02 6.2745501709e+02 6.2740399170e+02 6.2737200928e+02 6.2736199951e+02 6.2738000488e+02 6.2737097168e+02 6.2733099365e+02 6.2729101563e+02 6.2728302002e+02 6.2727697754e+02 6.2726098633e+02 6.2724200439e+02
6.2636700439e+02 6.2644000244e+02 6.2645800781e+02 6.2656799316e+02 6.2673602295e+02 6.2690100098e+02 6.2703601074e+02 6.2715600586e+02 6.2718701172e+02 6.2714501953e+02 6.2707299805e+02 6.2705401611e+02 6.2704302979e+02 6.2703302002e+02 6.2702197266e+02 6.2701702881e+02 6.2706799316e+02 6.2715301514e+02 6.2719500732e+02 6.2719897461e+02 6.2717102051e+02 6.2710498047e+02 6.2703698730e+02 6.2701501465e+02 6.2701000977e+02 6.2702899170e+02 6.2707397461e+02 6.2713500977e+02 6.2718597412e+02 6.2722100830e+02 6.2723602295e+02 6.2722802734e+02 6.2722198486e+02 6.2721301270e+02 6.2719897461e+02 6.2715899658e+02 6.2712799072e+02 6.2711102295e+02 6.2711700439e+02 6.2709002686e+02 6.2703900146e+02 6.2699798584e+02 6.2697998047e+02 6.2695898438e+02 6.2692297363e+02 6.2689300537e+02
6.2597998047e+02 6.2600201416e+02 6.2595599365e+02 6.2604101563e+02 6.2624298096e+02 6.2647900391e+02 6.2669500732e+02 6.2683599854e+02 6.2684899902e+02 6.2680603027e+02 6.2675897217e+02 6.2675299072e+02 6.2673199463e+02 6.2670501709e+02 6.2668298340e+02 6.2663098145e+02 6.2663201904e+02 6.2667797852e+02 6.2671801758e+02 6.2675097656e+02 6.2674597168e+02 6.2669799805e+02 6.2665002441e+02 6.2665899658e+02 6.2668597412e+02 6.2672900391e+02 6.2677099609e+02 6.2682299805e+02 6.2687200928e+02 6.2690600586e+02 6.2692199707e+02 6.2692901611e+02 6.2693298340e+02 6.2693402100e+02 6.2692602539e+02 6.2689898682e+02 6.2687500000e+02 6.2685699463e+02 6.2684802246e+02 6.2681298828e+02 6.2676000977e+02 6.2671197510e+02 6.2668402100e+02 6.2665002441e+02 6.2661102295e+02 6.2658398438e+02
6.2556097412e+02 6.2554302979e+02 6.2548602295e+02 6.2557202148e+02 6.2577502441e+02 6.2602398682e+02 6.2625299072e+02 6.2637097168e+02 6.2639697266e+02 6.2641802979e+02 6.2645501709e+02 6.2644598389e+02 6.2640698242e+02 6.2636798096e+02 6.2635302734e+02 6.2628302002e+02 6.2624499512e+02 6.2624700928e+02 6.2626300049e+02 6.2629302979e+02 6.2630200195e+02 6.2627899170e+02 6.2626300049e+02 6.2630200195e+02 6.2634802246e+02 6.2639898682e+02 6.2644000244e+02 6.2649298096e+02 6.2653900146e+02 6.2657098389e+02 6.2658801270e+02 6.2660699463e+02 6.2661999512e+02 6.2662799072e+02 6.2662902832e+02 6.2661798096e+02 6.2660400391e+02 6.2658898926e+02 6.2657299805e+02 6.2653997803e+02 6.2649102783e+02 6.2643902588e+02 6.2639599609e+02 6.2635601807e+02 6.2631701660e+02 6.2629400635e+02
6.2518597412e+02 6.2517602539e+02 6.2515600586e+02 6.2522900391e+02 6.2539697266e+02 6.2558300781e+02 6.2572497559e+02 6.2584600830e+02 6.2595098877e+02 6.2607397461e+02 6.2617498779e+02 6.2613299561e+02 6.2606402588e+02 6.2601599121e+02 6.2602301025e+02 6.2597698975e+02 6.2593701172e+02 6.2591802979e+02 6.2591497803e+02 6.2593902588e+02 6.2595202637e+02 6.2594097900e+02 6.2594201660e+02 6.2598101807e+02 6.2602099609e+02 6.2605102539e+02 6.2609197998e+02 6.2614599609e+02 6.2618902588e+02 6.2622302246e+02 6.2623797607e+02 6.2626098633e+02 6.2628002930e+02 6.2629498291e+02 6.2629901123e+02 6.2630700684e+02 6.2630401611e+02 6.2629498291e+02 6.2627899170e+02 6.2626098633e+02 6.2621899414e+02 6.2616900635e+02 6.2611700439e+02 6.2605798340e+02 6.2602197266e+02 6.2600500488e+02
6.2475299072e+02 6.2480102539e+02 6.2483898926e+02 6.2492297363e+02 6.2507202148e+02 6.2519702148e+02 6.2525299072e+02 6.2538397217e+02 6.2555798340e+02 6.2571600342e+02 6.2579602051e+02 6.2574200439e+02 6.2565100098e+02 6.2559301758e+02 6.2561401367e+02 6.2559002686e+02 6.2556701660e+02 6.2556500244e+02 6.2557098389e+02 6.2556896973e+02 6.2557800293e+02 6.2560601807e+02 6.2565600586e+02 6.2570800781e+02 6.2573699951e+02 6.2573602295e+02 6.2575598145e+02 6.2580499268e+02 6.2584399414e+02 6.2587902832e+02 6.2590600586e+02 6.2592602539e+02 6.2594500732e+02 6.2596002197e+02 6.2597601318e+02 6.2598602295e+02 6.2598400879e+02 6.2597497559e+02 6.2596899414e+02 6.2594799805e+02 6.2591101074e+02 6.2587500000e+02 6.2585101318e+02 6.2578997803e+02 6.2573797607e+02 6.2569897461e+02
6.2431402588e+02 6.2441101074e+02 6.2452197266e+02 6.2465698242e+02 6.2482598877e+02 6.2493402100e+02 6.2495098877e+02 6.2503497314e+02 6.2516302490e+02 6.2528100586e+02 6.2535400391e+02 6.2533502197e+02 6.2527197266e+02 6.2523699951e+02 6.2526599121e+02 6.2525000000e+02 6.2525097656e+02 6.2526599121e+02 6.2527600098e+02 6.2523699951e+02 6.2522198486e+02 6.2526202393e+02 6.2534197998e+02 6.2542297363e+02 6.2545898438e+02 6.2544500732e+02 6.2544097900e+02 6.2548199463e+02 6.2551501465e+02 6.2554699707e+02 6.2557702637e+02 6.2559997559e+02 6.2561901855e+02 6.2563397217e+02 6.2565301514e+02 6.2566699219e+02 6.2566601563e+02 6.2565698242e+02 6.2564697266e+02 6.2562298584e+02 6.2559399414e+02 6.2557397461e+02 6.2558697510e+02 6.2554797363e+02 6.2548498535e+02 6.2542602539e+02
6.2398901367e+02 6.2409301758e+02 6.2421502686e+02 6.2439801025e+02 6.2458697510e+02 6.2469000244e+02 6.2470501709e+02 6.2472601318e+02 6.2477899170e+02 6.2484600830e+02 6.2491998291e+02 6.2496197510e+02 6.2495800781e+02 6.2496997070e+02 6.2501800537e+02 6.2500097656e+02 6.2500701904e+02 6.2501702881e+02 6.2501300049e+02 6.2495599365e+02 6.2491699219e+02 6.2494299316e+02 6.2501300049e+02 6.2510900879e+02 6.2516302490e+02 6.2515197754e+02 6.2513500977e+02 6.2516699219e+02 6.2519500732e+02 6.2522399902e+02 6.2525201416e+02 6.2527697754e+02 6.2529498291e+02 6.2530902100e+02 6.2532897949e+02 6.2534497070e+02 6.2534301758e+02 6.2533300781e+02 6.2531500244e+02 6.2528497314e+02 6.2526599121e+02 6.2526098633e+02 6.2530200195e+02 6.2528002930e+02 6.2521997070e+02 6.2515698242e+02
6.2374102783e+02 6.2381298828e+02 6.2389202881e+02 6.2409399414e+02 6.2427899170e+02 6.2437701416e+02 6.2441900635e+02 6.2442498779e+02 6.2445202637e+02 6.2450201416e+02 6.2455999756e+02 6.2459301758e+02 6.2463897705e+02 6.2471002197e+02 6.2476000977e+02 6.2472900391e+02 6.2470300293e+02 6.2468902588e+02 6.2466497803e+02 6.2464001465e+02 6.2459802246e+02 6.2461499023e+02 6.2469500732e+02 6.2477502441e+02 6.2483898926e+02 6.2484698486e+02 6.2483099365e+02 6.2485400391e+02 6.2487500000e+02 6.2490002441e+02 6.2492999268e+02 6.2495697021e+02 6.2497497559e+02 6.2498901367e+02 6.2500500488e+02 6.2501599121e+02 6.2501300049e+02 6.2500201416e+02 6.2496997070e+02 6.2494097900e+02 6.2492999268e+02 6.2493402100e+02 6.2493499756e+02 6.2492102051e+02 6.2487597656e+02 6.2483197021e+02
6.2341998291e+02 6.2347601318e+02 6.2353997803e+02 6.2371002197e+02 6.2390502930e+02 6.2401501465e+02 6.2406097412e+02 6.2408001709e+02 6.2410198975e+02 6.2415600586e+02 6.2419201660e+02 6.2417901611e+02 6.2422698975e+02 6.2432598877e+02 6.2441198730e+02 6.2438500977e+02 6.2433898926e+02 6.2429797363e+02 6.2426501465e+02 6.2425598145e+02 6.2425701904e+02 6.2429498291e+02 6.2438800049e+02 6.2446801758e+02 6.2453900146e+02 6.2456701660e+02 6.2455700684e+02 6.2456097412e+02 6.2456597900e+02 6.2457897949e+02 6.2460797119e+02 6.2463598633e+02 6.2465301514e+02 6.2466400146e+02 6.2467498779e+02 6.2467999268e+02 6.2467602539e+02 6.2466497803e+02 6.2463500977e+02 6.2460101318e+02 6.2458502197e+02 6.2457501221e+02 6.2457098389e+02 6.2453997803e+02 6.2450897217e+02 6.2448297119e+02
6.2311499023e+02 6.2315698242e+02 6.2320697021e+02 6.2333502197e+02 6.2350500488e+02 6.2360998535e+02 6.2363098145e+02 6.2365002441e+02 6.2370098877e+02 6.2377301025e+02 6.2382202148e+02 6.2381097412e+02 6.2386297607e+02 6.2396801758e+02 6.2405297852e+02 6.2402600098e+02 6.2397399902e+02 6.2392297363e+02 6.2389801025e+02 6.2393499756e+02 6.2397198486e+02 6.2401898193e+02 6.2409698486e+02 6.2417199707e+02 6.2424700928e+02 6.2429302979e+02 6.2428698730e+02 6.2426898193e+02 6.2426397705e+02 6.2427099609e+02 6.2429101563e+02 6.2431402588e+02 6.2433001709e+02 6.2434002686e+02 6.2434802246e+02 6.2435101318e+02 6.2434497070e+02 6.2433300781e+02 6.2430700684e+02 6.2427899170e+02 6.2426000977e+02 6.2424597168e+02 6.2422698975e+02 6.2419097900e+02 6.2416497803e+02 6.2414801025e+02
6.2287298584e+02 6.2288201904e+02 6.2288299561e+02 6.2295300293e+02 6.2307702637e+02 6.2317498779e+02 6.2321997070e+02 6.2329498291e+02 6.2338800049e+02 6.2344598389e+02 6.2347100830e+02 6.2348297119e+02 6.2354101563e+02 6.2363500977e+02 6.2369201660e+02 6.2366601563e+02 6.2361901855e+02 6.2356701660e+02 6.2355999756e+02 6.2363500977e+02 6.2368798828e+02 6.2372802734e+02 6.2377899170e+02 6.2383599854e+02 6.2390899658e+02 6.2397198486e+02 6.2398297119e+02 6.2395202637e+02 6.2394702148e+02 6.2395397949e+02 6.2397497559e+02 6.2399597168e+02 6.2401300049e+02 6.2402301025e+02 6.2402502441e+02 6.2402398682e+02 6.2401702881e+02 6.2400500488e+02 6.2398602295e+02 6.2396697998e+02 6.2394897461e+02 6.2393298340e+02 6.2390899658e+02 6.2386700439e+02 6.2383898926e+02 6.2382202148e+02
6.2265502930e+02 6.2260601807e+02 6.2254602051e+02 6.2257800293e+02 6.2265997314e+02 6.2277899170e+02 6.2294201660e+02 6.2312298584e+02 6.2320202637e+02 6.2319201660e+02 6.2317102051e+02 6.2317700195e+02 6.2324597168e+02 6.2332598877e+02 6.2335198975e+02 6.2335900879e+02 6.2331701660e+02 6.2324401855e+02 6.2321801758e+02 6.2329998779e+02 6.2334100342e+02 6.2335797119e+02 6.2337097168e+02 6.2341497803e+02 6.2347601318e+02 6.2354998779e+02 6.2358599854e+02 6.2359399414e+02 6.2359698486e+02 6.2360998535e+02 6.2363897705e+02 6.2368597412e+02 6.2370800781e+02 6.2371801758e+02 6.2371502686e+02 6.2370202637e+02 6.2369299316e+02 6.2368402100e+02 6.2368499756e+02 6.2366900635e+02 6.2365997314e+02 6.2364599609e+02 6.2365301514e+02 6.2359301758e+02 6.2354400635e+02 6.2350701904e+02
6.2233099365e+02 6.2227301025e+02 6.2221600342e+02 6.2227899170e+02 6.2242498779e+02 6.2261901855e+02 6.2280603027e+02 6.2291302490e+02 6.2287500000e+02 6.2280603027e+02 6.2283898926e+02 6.2278802490e+02 6.2282800293e+02 6.2293499756e+02 6.2304302979e+02 6.2309197998e+02 6.2306597900e+02 6.2297900391e+02 6.2292498779e+02 6.2295098877e+02 6.2294299316e+02 6.2292901611e+02 6.2294897461e+02 6.2296899414e+02 6.2301599121e+02 6.2307800293e+02 6.2314501953e+02 6.2319500732e+02 6.2322698975e+02 6.2326202393e+02 6.2331500244e+02 6.2337298584e+02 6.2341101074e+02 6.2342797852e+02 6.2341497803e+02 6.2338800049e+02 6.2337200928e+02 6.2335998535e+02 6.2334802246e+02 6.2334600830e+02 6.2334497070e+02 6.2333398438e+02 6.2332598877e+02 6.2328601074e+02 6.2321197510e+02 6.2315002441e+02
6.2193597412e+02 6.2196600342e+02 6.2196002197e+02 6.2203802490e+02 6.2225500488e+02 6.2251098633e+02 6.2266699219e+02 6.2269299316e+02 6.2262799072e+02 6.2253900146e+02 6.2261901855e+02 6.2254302979e+02 6.2250500488e+02 6.2254498291e+02 6.2263299561e+02 6.2269201660e+02 6.2271002197e+02 6.2266101074e+02 6.2260998535e+02 6.2259197998e+02 6.2255603027e+02 6.2254101563e+02 6.2258898926e+02 6.2260699463e+02 6.2264202881e+02 6.2269000244e+02 6.2275299072e+02 6.2282299805e+02 6.2287597656e+02 6.2292797852e+02 6.2299200439e+02 6.2305700684e+02 6.2310198975e+02 6.2312298584e+02 6.2310302734e+02 6.2306298828e+02 6.2303900146e+02 6.2302001953e+02 6.2299798584e+02 6.2299298096e+02 6.2299200439e+02 6.2297998047e+02 6.2296997070e+02 6.2292297363e+02 6.2284399414e+02 6.2277502441e+02
6.2155499268e+02 6.2171002197e+02 6.2178900146e+02 6.2185400391e+02 6.2208197021e+02 6.2235498047e+02 6.2249597168e+02 6.2255499268e+02 6.2255200195e+02 6.2247302246e+02 6.2252899170e+02 6.2245098877e+02 6.2236499023e+02 6.2230200195e+02 6.2226599121e+02 6.2230200195e+02 6.2234698486e+02 6.2233801270e+02 6.2231500244e+02 6.2228997803e+02 6.2225097656e+02 6.2224700928e+02 6.2230902100e+02 6.2232702637e+02 6.2235400391e+02 6.2239099121e+02 6.2243499756e+02 6.2249597168e+02 6.2255200195e+02 6.2260498047e+02 6.2266900635e+02 6.2272900391e+02 6.2277197266e+02 6.2279302979e+02 6.2277099609e+02 6.2272100830e+02 6.2269201660e+02 6.2266699219e+02 6.2263397217e+02 6.2262298584e+02 6.2261999512e+02 6.2260900879e+02 6.2259002686e+02 6.2253601074e+02 6.2245800781e+02 6.2239001465e+02
