TESTSERVER/21/17.asc
NCOLS 100
NROWS 100
XLLCORNER 8.5497500000e+03
YLLCORNER 2.8910025000e+05
CELLSIZE 5.0000000000e-01
NODATA_VALUE -9.9990000000e+03
[rows 0 to 19 of 100, columns 46 to 91 of 100]
5.9723999023e+02 5.9728198242e+02 5.9735101318e+02 5.9744201660e+02 5.9754498291e+02 5.9766601563e+02 5.9776599121e+02 5.9784301758e+02 5.9789300537e+02 5.9795800781e+02 5.9803802490e+02 5.9811199951e+02 5.9816601563e+02 5.9821600342e+02 5.9825402832e+02 5.9828900146e+02 5.9833398438e+02 5.9839501953e+02 5.9845001221e+02 5.9849902344e+02 5.9853900146e+02 5.9856701660e+02 5.9861199951e+02 5.9866998291e+02 5.9874102783e+02 5.9880200195e+02 5.9888098145e+02 5.9895300293e+02 5.9900598145e+02 5.9905902100e+02 5.9908898926e+02 5.9909399414e+02 5.9906701660e+02 5.9900701904e+02 5.9898199463e+02 5.9902099609e+02 5.9913299561e+02 5.9934197998e+02 5.9952001953e+02 5.9965502930e+02 5.9976202393e+02 5.9986401367e+02 5.9996502686e+02 6.0007598877e+02 6.0020898438e+02 6.0031799316e+02
5.9695202637e+02 5.9701800537e+02 5.9710797119e+02 5.9721600342e+02 5.9734100342e+02 5.9746997070e+02 5.9757598877e+02 5.9765502930e+02 5.9770697021e+02 5.9777697754e+02 5.9785498047e+02 5.9793200684e+02 5.9799499512e+02 5.9804699707e+02 5.9809100342e+02 5.9811999512e+02 5.9813598633e+02 5.9816802979e+02 5.9822198486e+02 5.9828302002e+02 5.9833599854e+02 5.9837701416e+02 5.9842602539e+02 5.9848999023e+02 5.9855700684e+02 5.9861499023e+02 5.9867700195e+02 5.9873400879e+02 5.9879699707e+02 5.9885998535e+02 5.9892297363e+02 5.9897497559e+02 5.9899499512e+02 5.9895599365e+02 5.9891400146e+02 5.9890399170e+02 5.9895501709e+02 5.9912402344e+02 5.9930297852e+02 5.9945300293e+02 5.9958197021e+02 5.9969897461e+02 5.9980200195e+02 5.9991699219e+02 6.0005700684e+02 6.0017401123e+02
5.9667602539e+02 5.9676800537e+02 5.9687902832e+02 5.9700897217e+02 5.9715002441e+02 5.9728900146e+02 5.9740399170e+02 5.9748797607e+02 5.9753900146e+02 5.9760302734e+02 5.9767797852e+02 5.9775402832e+02 5.9782501221e+02 5.9788800049e+02 5.9792901611e+02 5.9794097900e+02 5.9793298340e+02 5.9795300293e+02 5.9800500488e+02 5.9807397461e+02 5.9813000488e+02 5.9816601563e+02 5.9821997070e+02 5.9828997803e+02 5.9837799072e+02 5.9845001221e+02 5.9850897217e+02 5.9855700684e+02 5.9859497070e+02 5.9865399170e+02 5.9874597168e+02 5.9884301758e+02 5.9890997314e+02 5.9889099121e+02 5.9884197998e+02 5.9880603027e+02 5.9882000732e+02 5.9895800781e+02 5.9912402344e+02 5.9927697754e+02 5.9940997314e+02 5.9952301025e+02 5.9963299561e+02 5.9976000977e+02 5.9991900635e+02 6.0006500244e+02
5.9642999268e+02 5.9653601074e+02 5.9666400146e+02 5.9680603027e+02 5.9695300293e+02 5.9709698486e+02 5.9722399902e+02 5.9732098389e+02 5.9738000488e+02 5.9743597412e+02 5.9750201416e+02 5.9757202148e+02 5.9764501953e+02 5.9771600342e+02 5.9775201416e+02 5.9774902344e+02 5.9772601318e+02 5.9774298096e+02 5.9779302979e+02 5.9786199951e+02 5.9791601563e+02 5.9795098877e+02 5.9801202393e+02 5.9808898926e+02 5.9820300293e+02 5.9829602051e+02 5.9835198975e+02 5.9839398193e+02 5.9840899658e+02 5.9845300293e+02 5.9855902100e+02 5.9868701172e+02 5.9879797363e+02 5.9880999756e+02 5.9877398682e+02 5.9872998047e+02 5.9872198486e+02 5.9884100342e+02 5.9899298096e+02 5.9914398193e+02 5.9926898193e+02 5.9938098145e+02 5.9949902344e+02 5.9963201904e+02 5.9979602051e+02 5.9997302246e+02
5.9620501709e+02 5.9632202148e+02 5.9644897461e+02 5.9658197021e+02 5.9670800781e+02 5.9686297607e+02 5.9700402832e+02 5.9712701416e+02 5.9722698975e+02 5.9727801514e+02 5.9732702637e+02 5.9738000488e+02 5.9744897461e+02 5.9752197266e+02 5.9754998779e+02 5.9754101563e+02 5.9751098633e+02 5.9752899170e+02 5.9757897949e+02 5.9763897705e+02 5.9768798828e+02 5.9774499512e+02 5.9781097412e+02 5.9789801025e+02 5.9802697754e+02 5.9813598633e+02 5.9819897461e+02 5.9824200439e+02 5.9826898193e+02 5.9828002930e+02 5.9836901855e+02 5.9850097656e+02 5.9865600586e+02 5.9871997070e+02 5.9871197510e+02 5.9867199707e+02 5.9865301514e+02 5.9874902344e+02 5.9889099121e+02 5.9904797363e+02 5.9919097900e+02 5.9930603027e+02 5.9942498779e+02 5.9954699707e+02 5.9968402100e+02 5.9989099121e+02
5.9596899414e+02 5.9610101318e+02 5.9621997070e+02 5.9633300781e+02 5.9645697021e+02 5.9660101318e+02 5.9674597168e+02 5.9688299561e+02 5.9700897217e+02 5.9708801270e+02 5.9712902832e+02 5.9716302490e+02 5.9722497559e+02 5.9729199219e+02 5.9732598877e+02 5.9733697510e+02 5.9733398438e+02 5.9735198975e+02 5.9741198730e+02 5.9747399902e+02 5.9751202393e+02 5.9756097412e+02 5.9762902832e+02 5.9771801758e+02 5.9784301758e+02 5.9794598389e+02 5.9801501465e+02 5.9806701660e+02 5.9809600830e+02 5.9811499023e+02 5.9818499756e+02 5.9830297852e+02 5.9847302246e+02 5.9859197998e+02 5.9862200928e+02 5.9860699463e+02 5.9859698486e+02 5.9866998291e+02 5.9879602051e+02 5.9895501709e+02 5.9911199951e+02 5.9924597168e+02 5.9937200928e+02 5.9950701904e+02 5.9965197754e+02 5.9983300781e+02
5.9575897217e+02 5.9588800049e+02 5.9600402832e+02 5.9610998535e+02 5.9622302246e+02 5.9635699463e+02 5.9649700928e+02 5.9663598633e+02 5.9677099609e+02 5.9686700439e+02 5.9692199707e+02 5.9696301270e+02 5.9702600098e+02 5.9708801270e+02 5.9713397217e+02 5.9716900635e+02 5.9719201660e+02 5.9721502686e+02 5.9727099609e+02 5.9732598877e+02 5.9735302734e+02 5.9739300537e+02 5.9746197510e+02 5.9754602051e+02 5.9765997314e+02 5.9775799561e+02 5.9782800293e+02 5.9788397217e+02 5.9792199707e+02 5.9794799805e+02 5.9801501465e+02 5.9812402344e+02 5.9828399658e+02 5.9843103027e+02 5.9850097656e+02 5.9852197266e+02 5.9852899170e+02 5.9859100342e+02 5.9870501709e+02 5.9885400391e+02 5.9901000977e+02 5.9915100098e+02 5.9930700684e+02 5.9947998047e+02 5.9963800049e+02 5.9982098389e+02
5.9556500244e+02 5.9568902588e+02 5.9580297852e+02 5.9590899658e+02 5.9601898193e+02 5.9614202881e+02 5.9627600098e+02 5.9641302490e+02 5.9654699707e+02 5.9665502930e+02 5.9672802734e+02 5.9678399658e+02 5.9684997559e+02 5.9690899658e+02 5.9696600342e+02 5.9702197266e+02 5.9707098389e+02 5.9710400391e+02 5.9714898682e+02 5.9718902588e+02 5.9720397949e+02 5.9724200439e+02 5.9730700684e+02 5.9738397217e+02 5.9747998047e+02 5.9757098389e+02 5.9764099121e+02 5.9770098877e+02 5.9774700928e+02 5.9778601074e+02 5.9785699463e+02 5.9796099854e+02 5.9810400391e+02 5.9825897217e+02 5.9836102295e+02 5.9841400146e+02 5.9843701172e+02 5.9850201416e+02 5.9860998535e+02 5.9875000000e+02 5.9889801025e+02 5.9904199219e+02 5.9922802734e+02 5.9944000244e+02 5.9961297607e+02 5.9980102539e+02
5.9534997559e+02 5.9548400879e+02 5.9561199951e+02 5.9573101807e+02 5.9584399414e+02 5.9596099854e+02 5.9608599854e+02 5.9622497559e+02 5.9636700439e+02 5.9647497559e+02 5.9655999756e+02 5.9662500000e+02 5.9667602539e+02 5.9672399902e+02 5.9678802490e+02 5.9686102295e+02 5.9694000244e+02 5.9697497559e+02 5.9700701904e+02 5.9703497314e+02 5.9705999756e+02 5.9710699463e+02 5.9716198730e+02 5.9721997070e+02 5.9728399658e+02 5.9738000488e+02 5.9744799805e+02 5.9751300049e+02 5.9755499268e+02 5.9761999512e+02 5.9770300293e+02 5.9780798340e+02 5.9794000244e+02 5.9809997559e+02 5.9821697998e+02 5.9828399658e+02 5.9832000732e+02 5.9840399170e+02 5.9851702881e+02 5.9865197754e+02 5.9879602051e+02 5.9893103027e+02 5.9912500000e+02 5.9935498047e+02 5.9954400635e+02 5.9970599365e+02
5.9514801025e+02 5.9527502441e+02 5.9541101074e+02 5.9553198242e+02 5.9563299561e+02 5.9573901367e+02 5.9586401367e+02 5.9601898193e+02 5.9618597412e+02 5.9630999756e+02 5.9639801025e+02 5.9645501709e+02 5.9649401855e+02 5.9653198242e+02 5.9658001709e+02 5.9664001465e+02 5.9671600342e+02 5.9677600098e+02 5.9681799316e+02 5.9685601807e+02 5.9690002441e+02 5.9695800781e+02 5.9701397705e+02 5.9707000732e+02 5.9713000488e+02 5.9720202637e+02 5.9727001953e+02 5.9734100342e+02 5.9739898682e+02 5.9746099854e+02 5.9755700684e+02 5.9767401123e+02 5.9781597900e+02 5.9797497559e+02 5.9808300781e+02 5.9814001465e+02 5.9817297363e+02 5.9826000977e+02 5.9839599609e+02 5.9854602051e+02 5.9867297363e+02 5.9878997803e+02 5.9898199463e+02 5.9920697021e+02 5.9938800049e+02 5.9956701660e+02
5.9498297119e+02 5.9510498047e+02 5.9522497559e+02 5.9533099365e+02 5.9542999268e+02 5.9553100586e+02 5.9565502930e+02 5.9581597900e+02 5.9599499512e+02 5.9613598633e+02 5.9623199463e+02 5.9628997803e+02 5.9632098389e+02 5.9635498047e+02 5.9639398193e+02 5.9643902588e+02 5.9650299072e+02 5.9657501221e+02 5.9662701416e+02 5.9667797852e+02 5.9673297119e+02 5.9679699707e+02 5.9686199951e+02 5.9692700195e+02 5.9698602295e+02 5.9705401611e+02 5.9712902832e+02 5.9720697021e+02 5.9727600098e+02 5.9734899902e+02 5.9745098877e+02 5.9756799316e+02 5.9770300293e+02 5.9784497070e+02 5.9793798828e+02 5.9799200439e+02 5.9803100586e+02 5.9811798096e+02 5.9826397705e+02 5.9842602539e+02 5.9856500244e+02 5.9867999268e+02 5.9885198975e+02 5.9904998779e+02 5.9923199463e+02 5.9945001221e+02
5.9484301758e+02 5.9497497559e+02 5.9508599854e+02 5.9518298340e+02 5.9527001953e+02 5.9536499023e+02 5.9548400879e+02 5.9563299561e+02 5.9580297852e+02 5.9595697021e+02 5.9606597900e+02 5.9612902832e+02 5.9615802002e+02 5.9619396973e+02 5.9623199463e+02 5.9627001953e+02 5.9631500244e+02 5.9638000488e+02 5.9643701172e+02 5.9649597168e+02 5.9656201172e+02 5.9663500977e+02 5.9670898438e+02 5.9678399658e+02 5.9684997559e+02 5.9692401123e+02 5.9700598145e+02 5.9709197998e+02 5.9717797852e+02 5.9726702881e+02 5.9736901855e+02 5.9747802734e+02 5.9759100342e+02 5.9770501709e+02 5.9778302002e+02 5.9784197998e+02 5.9790399170e+02 5.9799499512e+02 5.9814202881e+02 5.9831097412e+02 5.9846899414e+02 5.9859497070e+02 5.9874700928e+02 5.9891802979e+02 5.9909100342e+02 5.9932897949e+02
5.9467700195e+02 5.9484497070e+02 5.9496600342e+02 5.9506896973e+02 5.9514001465e+02 5.9522100830e+02 5.9533599854e+02 5.9547198486e+02 5.9562402344e+02 5.9577197266e+02 5.9588397217e+02 5.9595501709e+02 5.9599298096e+02 5.9603997803e+02 5.9608801270e+02 5.9612701416e+02 5.9616802979e+02 5.9620202637e+02 5.9625402832e+02 5.9631597900e+02 5.9638201904e+02 5.9646899414e+02 5.9655499268e+02 5.9664300537e+02 5.9672601318e+02 5.9680603027e+02 5.9689898682e+02 5.9699298096e+02 5.9709802246e+02 5.9719702148e+02 5.9729498291e+02 5.9738201904e+02 5.9744702148e+02 5.9754498291e+02 5.9761102295e+02 5.9768701172e+02 5.9780902100e+02 5.9790600586e+02 5.9804101563e+02 5.9820697021e+02 5.9835400391e+02 5.9848101807e+02 5.9863500977e+02 5.9879901123e+02 5.9897198486e+02 5.9919598389e+02
5.9452099609e+02 5.9467401123e+02 5.9480102539e+02 5.9490301514e+02 5.9496697998e+02 5.9505200195e+02 5.9518499756e+02 5.9534002686e+02 5.9548297119e+02 5.9560699463e+02 5.9570300293e+02 5.9576800537e+02 5.9581298828e+02 5.9586798096e+02 5.9592401123e+02 5.9596697998e+02 5.9599298096e+02 5.9602197266e+02 5.9607000732e+02 5.9613500977e+02 5.9621899414e+02 5.9631298828e+02 5.9640600586e+02 5.9650000000e+02 5.9659497070e+02 5.9669000244e+02 5.9678900146e+02 5.9688702393e+02 5.9698498535e+02 5.9709100342e+02 5.9719396973e+02 5.9728198242e+02 5.9734698486e+02 5.9741601563e+02 5.9747302246e+02 5.9755297852e+02 5.9768701172e+02 5.9783001709e+02 5.9795697021e+02 5.9808599854e+02 5.9820599365e+02 5.9833099365e+02 5.9849298096e+02 5.9868103027e+02 5.9886499023e+02 5.9910601807e+02
5.9437597656e+02 5.9451397705e+02 5.9464398193e+02 5.9474798584e+02 5.9481597900e+02 5.9490802002e+02 5.9504699707e+02 5.9520697021e+02 5.9534002686e+02 5.9544702148e+02 5.9553698730e+02 5.9560302734e+02 5.9564801025e+02 5.9570098877e+02 5.9575500488e+02 5.9579498291e+02 5.9582000732e+02 5.9584698486e+02 5.9589697266e+02 5.9596697998e+02 5.9606298828e+02 5.9616400146e+02 5.9626098633e+02 5.9635797119e+02 5.9645898438e+02 5.9656201172e+02 5.9666497803e+02 5.9676702881e+02 5.9686499023e+02 5.9696301270e+02 5.9705999756e+02 5.9715100098e+02 5.9723199463e+02 5.9732000732e+02 5.9738299561e+02 5.9745501709e+02 5.9756201172e+02 5.9771197510e+02 5.9785101318e+02 5.9796398926e+02 5.9806896973e+02 5.9820800781e+02 5.9837597656e+02 5.9857702637e+02 5.9877398682e+02 5.9902099609e+02
5.9425000000e+02 5.9437402344e+02 5.9450299072e+02 5.9461102295e+02 5.9468402100e+02 5.9477801514e+02 5.9491198730e+02 5.9506097412e+02 5.9518499756e+02 5.9528802490e+02 5.9537902832e+02 5.9545098877e+02 5.9550097656e+02 5.9554998779e+02 5.9559899902e+02 5.9563500977e+02 5.9565802002e+02 5.9568597412e+02 5.9573797607e+02 5.9580999756e+02 5.9591198730e+02 5.9601898193e+02 5.9611700439e+02 5.9621801758e+02 5.9632000732e+02 5.9642700195e+02 5.9653497314e+02 5.9664300537e+02 5.9674298096e+02 5.9682897949e+02 5.9691699219e+02 5.9700402832e+02 5.9709497070e+02 5.9721301270e+02 5.9729602051e+02 5.9736798096e+02 5.9745202637e+02 5.9759997559e+02 5.9775799561e+02 5.9787799072e+02 5.9798199463e+02 5.9813098145e+02 5.9828997803e+02 5.9847998047e+02 5.9866601563e+02 5.9890197754e+02
5.9411901855e+02 5.9425097656e+02 5.9437402344e+02 5.9447198486e+02 5.9454400635e+02 5.9464300537e+02 5.9476300049e+02 5.9488897705e+02 5.9500500488e+02 5.9512200928e+02 5.9522497559e+02 5.9531701660e+02 5.9540301514e+02 5.9541497803e+02 5.9546002197e+02 5.9550201416e+02 5.9551599121e+02 5.9553399658e+02 5.9559002686e+02 5.9567401123e+02 5.9578002930e+02 5.9587597656e+02 5.9597497559e+02 5.9607702637e+02 5.9618499756e+02 5.9629400635e+02 5.9640698242e+02 5.9651702881e+02 5.9662200928e+02 5.9670599365e+02 5.9678198242e+02 5.9685699463e+02 5.9694396973e+02 5.9707202148e+02 5.9718200684e+02 5.9727398682e+02 5.9736798096e+02 5.9751098633e+02 5.9767199707e+02 5.9780700684e+02 5.9791302490e+02 5.9805401611e+02 5.9820501709e+02 5.9837200928e+02 5.9854901123e+02 5.9875598145e+02
5.9398297119e+02 5.9413098145e+02 5.9426000977e+02 5.9434197998e+02 5.9440600586e+02 5.9450402832e+02 5.9462200928e+02 5.9474700928e+02 5.9486297607e+02 5.9496002197e+02 5.9504699707e+02 5.9513299561e+02 5.9521002197e+02 5.9526000977e+02 5.9532000732e+02 5.9536999512e+02 5.9537097168e+02 5.9538000488e+02 5.9544500732e+02 5.9554498291e+02 5.9564501953e+02 5.9573297119e+02 5.9583099365e+02 5.9593402100e+02 5.9604901123e+02 5.9616802979e+02 5.9627697754e+02 5.9638299561e+02 5.9648999023e+02 5.9658099365e+02 5.9665899658e+02 5.9673797607e+02 5.9683001709e+02 5.9694897461e+02 5.9706597900e+02 5.9717602539e+02 5.9728100586e+02 5.9740100098e+02 5.9755297852e+02 5.9770599365e+02 5.9782598877e+02 5.9795397949e+02 5.9809100342e+02 5.9823297119e+02 5.9840197754e+02 5.9864501953e+02
5.9384802246e+02 5.9400500488e+02 5.9414001465e+02 5.9421899414e+02 5.9427099609e+02 5.9436602783e+02 5.9448699951e+02 5.9461297607e+02 5.9472497559e+02 5.9480102539e+02 5.9486499023e+02 5.9493597412e+02 5.9501800537e+02 5.9508801270e+02 5.9515197754e+02 5.9520501709e+02 5.9522100830e+02 5.9524200439e+02 5.9531298828e+02 5.9541601563e+02 5.9551599121e+02 5.9560101318e+02 5.9569799805e+02 5.9579901123e+02 5.9591497803e+02 5.9603399658e+02 5.9614099121e+02 5.9624499512e+02 5.9634802246e+02 5.9644000244e+02 5.9652600098e+02 5.9661798096e+02 5.9672399902e+02 5.9684497070e+02 5.9696600342e+02 5.9708197021e+02 5.9719396973e+02 5.9730603027e+02 5.9745300293e+02 5.9760900879e+02 5.9773699951e+02 5.9785699463e+02 5.9798101807e+02 5.9810998535e+02 5.9827001953e+02 5.9850799561e+02
5.9371997070e+02 5.9387200928e+02 5.9400500488e+02 5.9408502197e+02 5.9413000488e+02 5.9421899414e+02 5.9433801270e+02 5.9446398926e+02 5.9458001709e+02 5.9465002441e+02 5.9470300293e+02 5.9476800537e+02 5.9484802246e+02 5.9490997314e+02 5.9496899414e+02 5.9503002930e+02 5.9507098389e+02 5.9510797119e+02 5.9518902588e+02 5.9529400635e+02 5.9539300537e+02 5.9547698975e+02 5.9557098389e+02 5.9566998291e+02 5.9578302002e+02 5.9589697266e+02 5.9600000000e+02 5.9610198975e+02 5.9619799805e+02 5.9628900146e+02 5.9638702393e+02 5.9649499512e+02 5.9662097168e+02 5.9674798584e+02 5.9686700439e+02 5.9698101807e+02 5.9709002686e+02 5.9720202637e+02 5.9734399414e+02 5.9749700928e+02 5.9763299561e+02 5.9775500488e+02 5.9788000488e+02 5.9802099609e+02 5.9819598389e+02 5.9841900635e+02
