TESTSERVER/21/17.asc
NCOLS 100
NROWS 100
XLLCORNER 8.5497500000e+03
YLLCORNER 2.8910025000e+05
CELLSIZE 5.0000000000e-01
NODATA_VALUE -9.9990000000e+03
[rows 80 to 99 of 100, columns 46 to 91 of 100]
5.8537200928e+02 5.8544299316e+02 5.8551501465e+02 5.8557598877e+02 5.8564801025e+02 5.8573101807e+02 5.8579101563e+02 5.8585900879e+02 5.8592401123e+02 5.8602697754e+02 5.8611901855e+02 5.8620697021e+02 5.8629699707e+02 5.8639801025e+02 5.8648199463e+02 5.8655603027e+02 5.8663598633e+02 5.8673999023e+02 5.8684399414e+02 5.8691101074e+02 5.8698602295e+02 5.8708801270e+02 5.8718499756e+02 5.8727600098e+02 5.8735498047e+02 5.8743298340e+02 5.8749298096e+02 5.8752398682e+02 5.8753100586e+02 5.8757598877e+02 5.8761499023e+02 5.8765502930e+02 5.8772601318e+02 5.8786199951e+02 5.8798797607e+02 5.8807800293e+02 5.8819500732e+02 5.8828399658e+02 5.8838201904e+02 5.8849902344e+02 5.8861499023e+02 5.8870898438e+02 5.8881597900e+02 5.8891802979e+02 5.8904400635e+02 5.8916497803e+02
5.8518597412e+02 5.8526800537e+02 5.8533502197e+02 5.8539599609e+02 5.8547100830e+02 5.8555297852e+02 5.8561901855e+02 5.8569299316e+02 5.8575598145e+02 5.8585198975e+02 5.8593798828e+02 5.8602099609e+02 5.8610400391e+02 5.8618701172e+02 5.8627502441e+02 5.8636901855e+02 5.8645202637e+02 5.8652502441e+02 5.8661297607e+02 5.8669598389e+02 5.8679400635e+02 5.8689099121e+02 5.8696997070e+02 5.8706402588e+02 5.8715997314e+02 5.8725598145e+02 5.8734899902e+02 5.8741998291e+02 5.8745800781e+02 5.8748199463e+02 5.8749401855e+02 5.8751702881e+02 5.8756701660e+02 5.8766101074e+02 5.8776000977e+02 5.8784197998e+02 5.8797698975e+02 5.8809002686e+02 5.8817297363e+02 5.8827899170e+02 5.8840301514e+02 5.8850201416e+02 5.8862500000e+02 5.8874597168e+02 5.8885400391e+02 5.8895697021e+02
5.8500201416e+02 5.8508898926e+02 5.8514801025e+02 5.8520300293e+02 5.8527600098e+02 5.8536499023e+02 5.8544799805e+02 5.8552801514e+02 5.8559002686e+02 5.8566900635e+02 5.8575500488e+02 5.8583898926e+02 5.8592102051e+02 5.8600097656e+02 5.8608197021e+02 5.8617199707e+02 5.8626202393e+02 5.8632202148e+02 5.8640100098e+02 5.8649200439e+02 5.8659399414e+02 5.8669799805e+02 5.8678002930e+02 5.8686499023e+02 5.8695300293e+02 5.8704699707e+02 5.8715002441e+02 5.8725000000e+02 5.8733300781e+02 5.8738800049e+02 5.8741400146e+02 5.8742498779e+02 5.8743597412e+02 5.8748297119e+02 5.8754901123e+02 5.8761401367e+02 5.8772698975e+02 5.8786499023e+02 5.8796997070e+02 5.8808001709e+02 5.8820599365e+02 5.8831701660e+02 5.8842700195e+02 5.8854101563e+02 5.8865698242e+02 5.8875299072e+02
5.8480902100e+02 5.8489300537e+02 5.8496197510e+02 5.8502398682e+02 5.8508398438e+02 5.8516699219e+02 5.8526702881e+02 5.8535302734e+02 5.8541400146e+02 5.8549700928e+02 5.8559100342e+02 5.8567199707e+02 5.8574298096e+02 5.8582800293e+02 5.8589202881e+02 5.8596801758e+02 5.8606500244e+02 5.8614202881e+02 5.8622198486e+02 5.8630902100e+02 5.8640502930e+02 5.8650000000e+02 5.8658197021e+02 5.8666198730e+02 5.8674102783e+02 5.8682397461e+02 5.8692498779e+02 5.8703302002e+02 5.8713201904e+02 5.8722497559e+02 5.8729901123e+02 5.8734002686e+02 5.8733801270e+02 5.8734899902e+02 5.8737799072e+02 5.8741699219e+02 5.8750000000e+02 5.8762298584e+02 5.8773699951e+02 5.8784899902e+02 5.8798797607e+02 5.8813500977e+02 5.8824298096e+02 5.8834497070e+02 5.8846899414e+02 5.8856597900e+02
5.8460900879e+02 5.8469598389e+02 5.8478698730e+02 5.8486602783e+02 5.8491900635e+02 5.8498297119e+02 5.8509197998e+02 5.8516998291e+02 5.8520501709e+02 5.8530999756e+02 5.8541998291e+02 5.8550000000e+02 5.8555297852e+02 5.8565502930e+02 5.8571899414e+02 5.8578198242e+02 5.8588000488e+02 5.8597497559e+02 5.8604901123e+02 5.8612799072e+02 5.8623101807e+02 5.8629998779e+02 5.8636401367e+02 5.8644299316e+02 5.8653601074e+02 5.8662298584e+02 5.8672198486e+02 5.8682000732e+02 5.8690301514e+02 5.8700598145e+02 5.8711700439e+02 5.8721002197e+02 5.8726300049e+02 5.8728900146e+02 5.8728198242e+02 5.8727697754e+02 5.8731896973e+02 5.8740002441e+02 5.8748901367e+02 5.8761102295e+02 5.8777099609e+02 5.8792700195e+02 5.8806597900e+02 5.8817602539e+02 5.8828198242e+02 5.8837799072e+02
5.8444097900e+02 5.8450799561e+02 5.8459600830e+02 5.8469598389e+02 5.8475701904e+02 5.8480999756e+02 5.8490399170e+02 5.8498999023e+02 5.8504400635e+02 5.8511798096e+02 5.8521899414e+02 5.8530700684e+02 5.8537097168e+02 5.8546398926e+02 5.8553802490e+02 5.8560498047e+02 5.8570202637e+02 5.8579699707e+02 5.8585998535e+02 5.8592199707e+02 5.8600897217e+02 5.8609197998e+02 5.8615899658e+02 5.8624200439e+02 5.8633898926e+02 5.8642199707e+02 5.8650402832e+02 5.8658801270e+02 5.8667797852e+02 5.8677001953e+02 5.8688000488e+02 5.8699298096e+02 5.8707501221e+02 5.8714801025e+02 5.8719201660e+02 5.8719897461e+02 5.8720898438e+02 5.8723498535e+02 5.8728997803e+02 5.8739501953e+02 5.8752899170e+02 5.8767401123e+02 5.8783599854e+02 5.8796398926e+02 5.8807501221e+02 5.8818402100e+02
5.8426898193e+02 5.8434497070e+02 5.8441302490e+02 5.8449298096e+02 5.8455499268e+02 5.8463098145e+02 5.8471697998e+02 5.8479498291e+02 5.8486700439e+02 5.8494299316e+02 5.8503302002e+02 5.8511297607e+02 5.8517999268e+02 5.8527398682e+02 5.8535998535e+02 5.8543499756e+02 5.8552001953e+02 5.8560400391e+02 5.8567199707e+02 5.8573101807e+02 5.8579797363e+02 5.8587701416e+02 5.8595001221e+02 5.8604101563e+02 5.8613201904e+02 5.8620599365e+02 5.8627801514e+02 5.8635998535e+02 5.8646301270e+02 5.8653997803e+02 5.8662500000e+02 5.8672900391e+02 5.8682897949e+02 5.8692498779e+02 5.8701599121e+02 5.8707202148e+02 5.8711999512e+02 5.8713800049e+02 5.8714801025e+02 5.8720098877e+02 5.8729498291e+02 5.8743103027e+02 5.8759600830e+02 5.8774499512e+02 5.8786999512e+02 5.8799102783e+02
5.8407299805e+02 5.8415698242e+02 5.8422100830e+02 5.8428198242e+02 5.8434100342e+02 5.8444097900e+02 5.8452697754e+02 5.8459802246e+02 5.8467297363e+02 5.8475598145e+02 5.8484802246e+02 5.8492297363e+02 5.8499298096e+02 5.8507702637e+02 5.8516400146e+02 5.8525000000e+02 5.8532501221e+02 5.8539398193e+02 5.8546600342e+02 5.8553399658e+02 5.8560101318e+02 5.8566998291e+02 5.8573797607e+02 5.8582202148e+02 5.8590997314e+02 5.8599401855e+02 5.8606701660e+02 5.8614501953e+02 5.8624200439e+02 5.8632501221e+02 5.8639501953e+02 5.8648498535e+02 5.8659100342e+02 5.8669396973e+02 5.8679498291e+02 5.8688299561e+02 5.8698199463e+02 5.8704797363e+02 5.8705798340e+02 5.8707501221e+02 5.8713299561e+02 5.8723699951e+02 5.8736401367e+02 5.8749902344e+02 5.8763702393e+02 5.8777502441e+02
5.8387097168e+02 5.8396099854e+02 5.8403100586e+02 5.8409301758e+02 5.8414898682e+02 5.8423602295e+02 5.8431799316e+02 5.8440002441e+02 5.8447802734e+02 5.8456402588e+02 5.8464697266e+02 5.8471502686e+02 5.8478399658e+02 5.8487402344e+02 5.8496002197e+02 5.8505200195e+02 5.8512500000e+02 5.8519000244e+02 5.8525897217e+02 5.8532702637e+02 5.8539697266e+02 5.8547497559e+02 5.8554199219e+02 5.8561297607e+02 5.8568798828e+02 5.8577398682e+02 5.8585797119e+02 5.8593701172e+02 5.8602801514e+02 5.8612200928e+02 5.8619598389e+02 5.8627899170e+02 5.8638397217e+02 5.8648498535e+02 5.8658197021e+02 5.8667797852e+02 5.8679101563e+02 5.8688299561e+02 5.8695001221e+02 5.8700201416e+02 5.8705603027e+02 5.8709997559e+02 5.8716998291e+02 5.8727197266e+02 5.8740399170e+02 5.8754101563e+02
5.8367602539e+02 5.8376000977e+02 5.8382598877e+02 5.8389202881e+02 5.8395397949e+02 5.8404699707e+02 5.8413800049e+02 5.8421997070e+02 5.8428802490e+02 5.8435302734e+02 5.8442999268e+02 5.8451898193e+02 5.8460400391e+02 5.8468798828e+02 5.8477301025e+02 5.8485900879e+02 5.8493402100e+02 5.8498999023e+02 5.8504998779e+02 5.8512200928e+02 5.8519702148e+02 5.8527697754e+02 5.8535198975e+02 5.8542498779e+02 5.8549597168e+02 5.8557397461e+02 5.8564501953e+02 5.8571600342e+02 5.8581298828e+02 5.8591302490e+02 5.8599401855e+02 5.8607000732e+02 5.8616699219e+02 5.8627600098e+02 5.8637200928e+02 5.8646502686e+02 5.8658502197e+02 5.8669396973e+02 5.8678997803e+02 5.8688201904e+02 5.8696398926e+02 5.8701599121e+02 5.8705700684e+02 5.8711199951e+02 5.8721002197e+02 5.8732501221e+02
5.8347497559e+02 5.8355297852e+02 5.8361297607e+02 5.8367901611e+02 5.8375402832e+02 5.8384600830e+02 5.8392602539e+02 5.8400097656e+02 5.8408502197e+02 5.8414398193e+02 5.8422302246e+02 5.8433197021e+02 5.8442297363e+02 5.8449401855e+02 5.8456896973e+02 5.8465002441e+02 5.8473498535e+02 5.8479199219e+02 5.8484698486e+02 5.8490899658e+02 5.8497998047e+02 5.8505999756e+02 5.8514001465e+02 5.8521801758e+02 5.8529302979e+02 5.8537500000e+02 5.8544201660e+02 5.8550500488e+02 5.8560198975e+02 5.8570397949e+02 5.8578002930e+02 5.8585302734e+02 5.8594702148e+02 5.8605902100e+02 5.8615802002e+02 5.8624700928e+02 5.8636798096e+02 5.8648999023e+02 5.8660900879e+02 5.8672698975e+02 5.8682702637e+02 5.8691802979e+02 5.8698101807e+02 5.8702197266e+02 5.8708502197e+02 5.8715600586e+02
5.8326000977e+02 5.8334301758e+02 5.8340197754e+02 5.8346301270e+02 5.8353997803e+02 5.8364300537e+02 5.8372497559e+02 5.8380102539e+02 5.8389501953e+02 5.8396002197e+02 5.8403002930e+02 5.8413702393e+02 5.8422900391e+02 5.8429302979e+02 5.8436297607e+02 5.8443701172e+02 5.8451800537e+02 5.8458502197e+02 5.8464801025e+02 5.8470599365e+02 5.8476898193e+02 5.8484497070e+02 5.8492401123e+02 5.8500598145e+02 5.8508300781e+02 5.8516497803e+02 5.8523999023e+02 5.8530798340e+02 5.8540197754e+02 5.8551000977e+02 5.8558300781e+02 5.8565899658e+02 5.8575000000e+02 5.8585797119e+02 5.8595800781e+02 5.8604602051e+02 5.8616802979e+02 5.8629498291e+02 5.8641802979e+02 5.8653997803e+02 5.8663800049e+02 5.8675500488e+02 5.8686297607e+02 5.8693200684e+02 5.8700799561e+02 5.8705798340e+02
5.8301000977e+02 5.8311700439e+02 5.8319799805e+02 5.8324499512e+02 5.8330499268e+02 5.8341699219e+02 5.8350799561e+02 5.8359399414e+02 5.8369396973e+02 5.8376800537e+02 5.8383398438e+02 5.8391900635e+02 5.8401397705e+02 5.8408801270e+02 5.8416302490e+02 5.8423498535e+02 5.8429901123e+02 5.8437200928e+02 5.8445001221e+02 5.8451702881e+02 5.8457702637e+02 5.8465002441e+02 5.8472601318e+02 5.8480902100e+02 5.8488500977e+02 5.8496197510e+02 5.8504101563e+02 5.8511602783e+02 5.8519097900e+02 5.8531097412e+02 5.8539599609e+02 5.8548297119e+02 5.8558197021e+02 5.8567797852e+02 5.8577099609e+02 5.8585797119e+02 5.8597698975e+02 5.8609100342e+02 5.8620397949e+02 5.8632299805e+02 5.8642700195e+02 5.8655798340e+02 5.8669598389e+02 5.8680603027e+02 5.8691998291e+02 5.8700299072e+02
5.8280902100e+02 5.8290600586e+02 5.8299200439e+02 5.8304498291e+02 5.8310797119e+02 5.8321301270e+02 5.8330401611e+02 5.8339001465e+02 5.8347998047e+02 5.8355999756e+02 5.8363800049e+02 5.8370501709e+02 5.8378497314e+02 5.8387597656e+02 5.8396002197e+02 5.8404602051e+02 5.8412200928e+02 5.8418402100e+02 5.8425097656e+02 5.8431799316e+02 5.8438897705e+02 5.8446301270e+02 5.8453698730e+02 5.8461499023e+02 5.8468597412e+02 5.8476202393e+02 5.8484698486e+02 5.8493402100e+02 5.8501202393e+02 5.8512097168e+02 5.8520397949e+02 5.8528997803e+02 5.8540502930e+02 5.8550701904e+02 5.8558599854e+02 5.8566400146e+02 5.8577099609e+02 5.8588201904e+02 5.8599902344e+02 5.8613098145e+02 5.8624200439e+02 5.8637200928e+02 5.8651702881e+02 5.8663598633e+02 5.8676202393e+02 5.8687597656e+02
5.8260101318e+02 5.8270001221e+02 5.8278302002e+02 5.8283898926e+02 5.8290197754e+02 5.8300000000e+02 5.8310302734e+02 5.8319299316e+02 5.8325701904e+02 5.8333300781e+02 5.8341601563e+02 5.8348699951e+02 5.8357000732e+02 5.8367999268e+02 5.8377001953e+02 5.8385699463e+02 5.8393798828e+02 5.8400402832e+02 5.8406799316e+02 5.8413598633e+02 5.8420697021e+02 5.8427697754e+02 5.8435101318e+02 5.8441601563e+02 5.8447302246e+02 5.8454998779e+02 5.8464697266e+02 5.8475000000e+02 5.8484100342e+02 5.8493902588e+02 5.8502398682e+02 5.8510601807e+02 5.8520501709e+02 5.8530902100e+02 5.8539398193e+02 5.8547100830e+02 5.8558099365e+02 5.8569396973e+02 5.8580902100e+02 5.8594799805e+02 5.8607000732e+02 5.8618902588e+02 5.8632299805e+02 5.8644097900e+02 5.8656097412e+02 5.8668798828e+02
5.8237701416e+02 5.8247900391e+02 5.8256597900e+02 5.8262799072e+02 5.8268798828e+02 5.8277600098e+02 5.8288098145e+02 5.8297198486e+02 5.8302899170e+02 5.8310498047e+02 5.8319299316e+02 5.8327600098e+02 5.8337597656e+02 5.8349597168e+02 5.8358197021e+02 5.8366302490e+02 5.8374499512e+02 5.8381402588e+02 5.8387799072e+02 5.8394598389e+02 5.8402099609e+02 5.8409100342e+02 5.8415997314e+02 5.8421502686e+02 5.8426800537e+02 5.8434698486e+02 5.8444702148e+02 5.8455700684e+02 5.8465600586e+02 5.8475201416e+02 5.8484997559e+02 5.8493402100e+02 5.8501098633e+02 5.8511499023e+02 5.8520599365e+02 5.8528698730e+02 5.8539801025e+02 5.8550701904e+02 5.8562200928e+02 5.8576000977e+02 5.8588397217e+02 5.8599200439e+02 5.8610998535e+02 5.8622100830e+02 5.8633502197e+02 5.8645501709e+02
5.8215197754e+02 5.8224200439e+02 5.8233001709e+02 5.8240301514e+02 5.8246502686e+02 5.8255297852e+02 5.8265899658e+02 5.8274597168e+02 5.8281896973e+02 5.8290100098e+02 5.8298699951e+02 5.8307397461e+02 5.8317700195e+02 5.8328100586e+02 5.8335699463e+02 5.8344897461e+02 5.8355401611e+02 5.8360601807e+02 5.8365997314e+02 5.8372601318e+02 5.8380902100e+02 5.8389599609e+02 5.8395300293e+02 5.8399798584e+02 5.8405700684e+02 5.8415802002e+02 5.8425799561e+02 5.8436499023e+02 5.8446197510e+02 5.8456597900e+02 5.8467102051e+02 5.8476098633e+02 5.8484698486e+02 5.8494097900e+02 5.8502801514e+02 5.8510699463e+02 5.8521398926e+02 5.8530999756e+02 5.8543200684e+02 5.8556597900e+02 5.8568902588e+02 5.8579797363e+02 5.8589898682e+02 5.8600097656e+02 5.8611901855e+02 5.8622998047e+02
5.8198297119e+02 5.8205297852e+02 5.8211901855e+02 5.8219500732e+02 5.8226898193e+02 5.8234802246e+02 5.8244201660e+02 5.8251300049e+02 5.8259802246e+02 5.8268200684e+02 5.8276300049e+02 5.8285498047e+02 5.8295898438e+02 5.8305902100e+02 5.8312902832e+02 5.8322302246e+02 5.8333099365e+02 5.8338598633e+02 5.8344299316e+02 5.8351202393e+02 5.8360198975e+02 5.8369097900e+02 5.8374499512e+02 5.8378900146e+02 5.8384698486e+02 5.8394396973e+02 5.8405297852e+02 5.8416802979e+02 5.8427001953e+02 5.8438800049e+02 5.8449200439e+02 5.8458001709e+02 5.8466998291e+02 5.8476702881e+02 5.8485699463e+02 5.8491998291e+02 5.8500897217e+02 5.8511999512e+02 5.8524102783e+02 5.8535797119e+02 5.8547698975e+02 5.8559301758e+02 5.8569598389e+02 5.8579901123e+02 5.8592498779e+02 5.8604797363e+02
5.8178100586e+02 5.8184997559e+02 5.8190698242e+02 5.8197900391e+02 5.8205700684e+02 5.8213201904e+02 5.8222198486e+02 5.8229400635e+02 5.8237701416e+02 5.8245202637e+02 5.8252697754e+02 5.8261798096e+02 5.8272802734e+02 5.8284002686e+02 5.8292102051e+02 5.8301300049e+02 5.8310699463e+02 5.8316699219e+02 5.8323400879e+02 5.8330700684e+02 5.8338800049e+02 5.8346600342e+02 5.8351800537e+02 5.8357000732e+02 5.8363702393e+02 5.8372497559e+02 5.8383099365e+02 5.8395300293e+02 5.8406298828e+02 5.8418499756e+02 5.8428900146e+02 5.8437902832e+02 5.8446997070e+02 5.8456597900e+02 5.8466802979e+02 5.8473199463e+02 5.8481201172e+02 5.8493499756e+02 5.8504797363e+02 5.8515002441e+02 5.8526300049e+02 5.8537597656e+02 5.8548199463e+02 5.8558801270e+02 5.8572100830e+02 5.8585498047e+02
5.8155999756e+02 5.8163397217e+02 5.8169201660e+02 5.8175097656e+02 5.8181402588e+02 5.8189202881e+02 5.8198999023e+02 5.8207202148e+02 5.8215100098e+02 5.8222198486e+02 5.8229998779e+02 5.8238800049e+02 5.8248400879e+02 5.8259497070e+02 5.8268798828e+02 5.8278002930e+02 5.8286102295e+02 5.8293103027e+02 5.8301202393e+02 5.8309100342e+02 5.8315899658e+02 5.8322198486e+02 5.8327099609e+02 5.8333801270e+02 5.8342797852e+02 5.8351000977e+02 5.8360797119e+02 5.8372802734e+02 5.8384698486e+02 5.8396697998e+02 5.8407299805e+02 5.8416497803e+02 5.8424700928e+02 5.8433502197e+02 5.8443902588e+02 5.8450897217e+02 5.8459002686e+02 5.8470300293e+02 5.8480798340e+02 5.8491101074e+02 5.8503100586e+02 5.8516400146e+02 5.8528002930e+02 5.8538800049e+02 5.8552197266e+02 5.8566101074e+02
