TESTSERVER/21/17.asc
NCOLS 100
NROWS 100
XLLCORNER 8.5497500000e+03
YLLCORNER 2.8910025000e+05
CELLSIZE 5.0000000000e-01
NODATA_VALUE -9.9990000000e+03
[rows 0 to 19 of 100, columns 0 to 45 of 100]
5.9846502686e+02 5.9841101074e+02 5.9836297607e+02 5.9833001709e+02 5.9830603027e+02 5.9827398682e+02 5.9821997070e+02 5.9813098145e+02 5.9805499268e+02 5.9799597168e+02 5.9794500732e+02 5.9789898682e+02 5.9786901855e+02 5.9785400391e+02 5.9782202148e+02 5.9780102539e+02 5.9781298828e+02 5.9781097412e+02 5.9777801514e+02 5.9775897217e+02 5.9772698975e+02 5.9771197510e+02 5.9769702148e+02 5.9769702148e+02 5.9766900635e+02 5.9762298584e+02 5.9760198975e+02 5.9753997803e+02 5.9745898438e+02 5.9740100098e+02 5.9747302246e+02 5.9745800781e+02 5.9732598877e+02 5.9723699951e+02 5.9719097900e+02 5.9710198975e+02 5.9704302979e+02 5.9702502441e+02 5.9704797363e+02 5.9706402588e+02 5.9708197021e+02 5.9708898926e+02 5.9709600830e+02 5.9712799072e+02 5.9715197754e+02 5.9718902588e+02
5.9830401611e+02 5.9826300049e+02 5.9820098877e+02 5.9815197754e+02 5.9811297607e+02 5.9807598877e+02 5.9802697754e+02 5.9795098877e+02 5.9787799072e+02 5.9780999756e+02 5.9775799561e+02 5.9770501709e+02 5.9765997314e+02 5.9763800049e+02 5.9762500000e+02 5.9760498047e+02 5.9759301758e+02 5.9756298828e+02 5.9751202393e+02 5.9749401855e+02 5.9747399902e+02 5.9746197510e+02 5.9745800781e+02 5.9745397949e+02 5.9739300537e+02 5.9731896973e+02 5.9729901123e+02 5.9724298096e+02 5.9716497803e+02 5.9710498047e+02 5.9709802246e+02 5.9702502441e+02 5.9694000244e+02 5.9689501953e+02 5.9689599609e+02 5.9682202148e+02 5.9674902344e+02 5.9672198486e+02 5.9673199463e+02 5.9675500488e+02 5.9680902100e+02 5.9683697510e+02 5.9683001709e+02 5.9683099365e+02 5.9683898926e+02 5.9688299561e+02
5.9812097168e+02 5.9808300781e+02 5.9802502441e+02 5.9797198486e+02 5.9792797852e+02 5.9788299561e+02 5.9783599854e+02 5.9777099609e+02 5.9770098877e+02 5.9763598633e+02 5.9758099365e+02 5.9751898193e+02 5.9746398926e+02 5.9743200684e+02 5.9741802979e+02 5.9739697266e+02 5.9736999512e+02 5.9732702637e+02 5.9727398682e+02 5.9726202393e+02 5.9724597168e+02 5.9722802734e+02 5.9721600342e+02 5.9719299316e+02 5.9711297607e+02 5.9703802490e+02 5.9701702881e+02 5.9696502686e+02 5.9688702393e+02 5.9681201172e+02 5.9677197266e+02 5.9670300293e+02 5.9664300537e+02 5.9662298584e+02 5.9661102295e+02 5.9652099609e+02 5.9644299316e+02 5.9640802002e+02 5.9641998291e+02 5.9645800781e+02 5.9654101563e+02 5.9659002686e+02 5.9656597900e+02 5.9653497314e+02 5.9653100586e+02 5.9658197021e+02
5.9792297363e+02 5.9788800049e+02 5.9784100342e+02 5.9779400635e+02 5.9774700928e+02 5.9769598389e+02 5.9764898682e+02 5.9759698486e+02 5.9753698730e+02 5.9747900391e+02 5.9742401123e+02 5.9735900879e+02 5.9729699707e+02 5.9725097656e+02 5.9722100830e+02 5.9719598389e+02 5.9716198730e+02 5.9711700439e+02 5.9707800293e+02 5.9707397461e+02 5.9704302979e+02 5.9700000000e+02 5.9696899414e+02 5.9692797852e+02 5.9684301758e+02 5.9677600098e+02 5.9675299072e+02 5.9670501709e+02 5.9662402344e+02 5.9654101563e+02 5.9648999023e+02 5.9644097900e+02 5.9639898682e+02 5.9637701416e+02 5.9632702637e+02 5.9621997070e+02 5.9613598633e+02 5.9609600830e+02 5.9611401367e+02 5.9614599609e+02 5.9623498535e+02 5.9630798340e+02 5.9629602051e+02 5.9625299072e+02 5.9625201416e+02 5.9631799316e+02
5.9771997070e+02 5.9768798828e+02 5.9764697266e+02 5.9761499023e+02 5.9757000732e+02 5.9752099609e+02 5.9747497559e+02 5.9742602539e+02 5.9738201904e+02 5.9734002686e+02 5.9729998779e+02 5.9722497559e+02 5.9715802002e+02 5.9710302734e+02 5.9705499268e+02 5.9701599121e+02 5.9696997070e+02 5.9692999268e+02 5.9692498779e+02 5.9690502930e+02 5.9684301758e+02 5.9676800537e+02 5.9672698975e+02 5.9669598389e+02 5.9662402344e+02 5.9655902100e+02 5.9649902344e+02 5.9644598389e+02 5.9636602783e+02 5.9628302002e+02 5.9621997070e+02 5.9616802979e+02 5.9614099121e+02 5.9610400391e+02 5.9601000977e+02 5.9591198730e+02 5.9582702637e+02 5.9578198242e+02 5.9578198242e+02 5.9581896973e+02 5.9589099121e+02 5.9597601318e+02 5.9599401855e+02 5.9597497559e+02 5.9599798584e+02 5.9607598877e+02
5.9755102539e+02 5.9751898193e+02 5.9747900391e+02 5.9744500732e+02 5.9740197754e+02 5.9735797119e+02 5.9731500244e+02 5.9726800537e+02 5.9722900391e+02 5.9719396973e+02 5.9715698242e+02 5.9708099365e+02 5.9699700928e+02 5.9693798828e+02 5.9690100098e+02 5.9684899902e+02 5.9678100586e+02 5.9672900391e+02 5.9672601318e+02 5.9670800781e+02 5.9664300537e+02 5.9656597900e+02 5.9652099609e+02 5.9649700928e+02 5.9641998291e+02 5.9635400391e+02 5.9629602051e+02 5.9620800781e+02 5.9611700439e+02 5.9602600098e+02 5.9593798828e+02 5.9586700439e+02 5.9582897949e+02 5.9577502441e+02 5.9567498779e+02 5.9557897949e+02 5.9548602295e+02 5.9542700195e+02 5.9544000244e+02 5.9546899414e+02 5.9553100586e+02 5.9560302734e+02 5.9564300537e+02 5.9569598389e+02 5.9577099609e+02 5.9585198975e+02
5.9738299561e+02 5.9735198975e+02 5.9730798340e+02 5.9727001953e+02 5.9723101807e+02 5.9719097900e+02 5.9715301514e+02 5.9710797119e+02 5.9706799316e+02 5.9703100586e+02 5.9699499512e+02 5.9692700195e+02 5.9683898926e+02 5.9676898193e+02 5.9673797607e+02 5.9668902588e+02 5.9661199951e+02 5.9654602051e+02 5.9653002930e+02 5.9651000977e+02 5.9645397949e+02 5.9638299561e+02 5.9632202148e+02 5.9628100586e+02 5.9621697998e+02 5.9617102051e+02 5.9613299561e+02 5.9601800537e+02 5.9590301514e+02 5.9579400635e+02 5.9567901611e+02 5.9558697510e+02 5.9552301025e+02 5.9545202637e+02 5.9535998535e+02 5.9526800537e+02 5.9516699219e+02 5.9510198975e+02 5.9511901855e+02 5.9515197754e+02 5.9521899414e+02 5.9529797363e+02 5.9535302734e+02 5.9544299316e+02 5.9554602051e+02 5.9564697266e+02
5.9720001221e+02 5.9716900635e+02 5.9712298584e+02 5.9708502197e+02 5.9704998779e+02 5.9701599121e+02 5.9698699951e+02 5.9694299316e+02 5.9689599609e+02 5.9685498047e+02 5.9681701660e+02 5.9676599121e+02 5.9668701172e+02 5.9661199951e+02 5.9657397461e+02 5.9652899170e+02 5.9645001221e+02 5.9637597656e+02 5.9633599854e+02 5.9630798340e+02 5.9626397705e+02 5.9620397949e+02 5.9612701416e+02 5.9606896973e+02 5.9601702881e+02 5.9597802734e+02 5.9595202637e+02 5.9582397461e+02 5.9567999268e+02 5.9555700684e+02 5.9544097900e+02 5.9534600830e+02 5.9526098633e+02 5.9517199707e+02 5.9508300781e+02 5.9499200439e+02 5.9489099121e+02 5.9483001709e+02 5.9484802246e+02 5.9488800049e+02 5.9496600342e+02 5.9505700684e+02 5.9512097168e+02 5.9520501709e+02 5.9531402588e+02 5.9544097900e+02
5.9699102783e+02 5.9696197510e+02 5.9690997314e+02 5.9687701416e+02 5.9685198975e+02 5.9683001709e+02 5.9682098389e+02 5.9677697754e+02 5.9672302246e+02 5.9667700195e+02 5.9663702393e+02 5.9659600830e+02 5.9653900146e+02 5.9646899414e+02 5.9641497803e+02 5.9635699463e+02 5.9627801514e+02 5.9619500732e+02 5.9613098145e+02 5.9609002686e+02 5.9605999756e+02 5.9602600098e+02 5.9597802734e+02 5.9590197754e+02 5.9584600830e+02 5.9578198242e+02 5.9568298340e+02 5.9555999756e+02 5.9541101074e+02 5.9528900146e+02 5.9520098877e+02 5.9513000488e+02 5.9503399658e+02 5.9492700195e+02 5.9481201172e+02 5.9472497559e+02 5.9464801025e+02 5.9461102295e+02 5.9462799072e+02 5.9467901611e+02 5.9475598145e+02 5.9484002686e+02 5.9490399170e+02 5.9497998047e+02 5.9508502197e+02 5.9521899414e+02
5.9674200439e+02 5.9671197510e+02 5.9668298340e+02 5.9666198730e+02 5.9664202881e+02 5.9662200928e+02 5.9660498047e+02 5.9658099365e+02 5.9655297852e+02 5.9651702881e+02 5.9646997070e+02 5.9641900635e+02 5.9636199951e+02 5.9629498291e+02 5.9622198486e+02 5.9615698242e+02 5.9608300781e+02 5.9600897217e+02 5.9594097900e+02 5.9589501953e+02 5.9587701416e+02 5.9585400391e+02 5.9579998779e+02 5.9571899414e+02 5.9564001465e+02 5.9555902100e+02 5.9545397949e+02 5.9531298828e+02 5.9518103027e+02 5.9505297852e+02 5.9494702148e+02 5.9485400391e+02 5.9475402832e+02 5.9465002441e+02 5.9452801514e+02 5.9442102051e+02 5.9437402344e+02 5.9438299561e+02 5.9442901611e+02 5.9448999023e+02 5.9455102539e+02 5.9461700439e+02 5.9470397949e+02 5.9481799316e+02 5.9493298340e+02 5.9504199219e+02
5.9651800537e+02 5.9648901367e+02 5.9646801758e+02 5.9645397949e+02 5.9642999268e+02 5.9640399170e+02 5.9637799072e+02 5.9636999512e+02 5.9636102295e+02 5.9633197021e+02 5.9627600098e+02 5.9621002197e+02 5.9615197754e+02 5.9609399414e+02 5.9602301025e+02 5.9596301270e+02 5.9590197754e+02 5.9583697510e+02 5.9577197266e+02 5.9573699951e+02 5.9571697998e+02 5.9568200684e+02 5.9561297607e+02 5.9551898193e+02 5.9541998291e+02 5.9531896973e+02 5.9521099854e+02 5.9507598877e+02 5.9495800781e+02 5.9482897949e+02 5.9469396973e+02 5.9456298828e+02 5.9443701172e+02 5.9432598877e+02 5.9421301270e+02 5.9412597656e+02 5.9411602783e+02 5.9416302490e+02 5.9423797607e+02 5.9430297852e+02 5.9436602783e+02 5.9443499756e+02 5.9454199219e+02 5.9469000244e+02 5.9480603027e+02 5.9489398193e+02
5.9631298828e+02 5.9628399658e+02 5.9626300049e+02 5.9624401855e+02 5.9621002197e+02 5.9617498779e+02 5.9614300537e+02 5.9614398193e+02 5.9614599609e+02 5.9611999512e+02 5.9605401611e+02 5.9597802734e+02 5.9592602539e+02 5.9588598633e+02 5.9583599854e+02 5.9578900146e+02 5.9573101807e+02 5.9566198730e+02 5.9559997559e+02 5.9557501221e+02 5.9553900146e+02 5.9547802734e+02 5.9539099121e+02 5.9530999756e+02 5.9521301270e+02 5.9510498047e+02 5.9499102783e+02 5.9484802246e+02 5.9472601318e+02 5.9459100342e+02 5.9444299316e+02 5.9427398682e+02 5.9410797119e+02 5.9398498535e+02 5.9390197754e+02 5.9386401367e+02 5.9389398193e+02 5.9396997070e+02 5.9405798340e+02 5.9414099121e+02 5.9421899414e+02 5.9430401611e+02 5.9442602539e+02 5.9456097412e+02 5.9465399170e+02 5.9473297119e+02
5.9611901855e+02 5.9608898926e+02 5.9607098389e+02 5.9603198242e+02 5.9598101807e+02 5.9593103027e+02 5.9590002441e+02 5.9590899658e+02 5.9591101074e+02 5.9588500977e+02 5.9581799316e+02 5.9574597168e+02 5.9570599365e+02 5.9568499756e+02 5.9567199707e+02 5.9561999512e+02 5.9554302979e+02 5.9546398926e+02 5.9542297363e+02 5.9539001465e+02 5.9531701660e+02 5.9522302246e+02 5.9514898682e+02 5.9509197998e+02 5.9501702881e+02 5.9491497803e+02 5.9478399658e+02 5.9463897705e+02 5.9448498535e+02 5.9432702637e+02 5.9418402100e+02 5.9400000000e+02 5.9382000732e+02 5.9369500732e+02 5.9364898682e+02 5.9365301514e+02 5.9371301270e+02 5.9379998779e+02 5.9387500000e+02 5.9398797607e+02 5.9409899902e+02 5.9421801758e+02 5.9434497070e+02 5.9441497803e+02 5.9447100830e+02 5.9455102539e+02
5.9592102051e+02 5.9588897705e+02 5.9585498047e+02 5.9580499268e+02 5.9573901367e+02 5.9568200684e+02 5.9566198730e+02 5.9567498779e+02 5.9567297363e+02 5.9564501953e+02 5.9558898926e+02 5.9554400635e+02 5.9551397705e+02 5.9548999023e+02 5.9547100830e+02 5.9541802979e+02 5.9533197021e+02 5.9525201416e+02 5.9520300293e+02 5.9515802002e+02 5.9507702637e+02 5.9498901367e+02 5.9492401123e+02 5.9485498047e+02 5.9476800537e+02 5.9467498779e+02 5.9457702637e+02 5.9441998291e+02 5.9424499512e+02 5.9405102539e+02 5.9391400146e+02 5.9377801514e+02 5.9361297607e+02 5.9347601318e+02 5.9341198730e+02 5.9343103027e+02 5.9351898193e+02 5.9363299561e+02 5.9372399902e+02 5.9383801270e+02 5.9396997070e+02 5.9410797119e+02 5.9420202637e+02 5.9424700928e+02 5.9430297852e+02 5.9438800049e+02
5.9569396973e+02 5.9565899658e+02 5.9561700439e+02 5.9555902100e+02 5.9548999023e+02 5.9543499756e+02 5.9541998291e+02 5.9543499756e+02 5.9543402100e+02 5.9540802002e+02 5.9535998535e+02 5.9532702637e+02 5.9530200195e+02 5.9527697754e+02 5.9524700928e+02 5.9519000244e+02 5.9511401367e+02 5.9504400635e+02 5.9499200439e+02 5.9493499756e+02 5.9485797119e+02 5.9477899170e+02 5.9471301270e+02 5.9460101318e+02 5.9448901367e+02 5.9439697266e+02 5.9430700684e+02 5.9412597656e+02 5.9396002197e+02 5.9378100586e+02 5.9363897705e+02 5.9350500488e+02 5.9337799072e+02 5.9327899170e+02 5.9321697998e+02 5.9324200439e+02 5.9335400391e+02 5.9349102783e+02 5.9358801270e+02 5.9367999268e+02 5.9379602051e+02 5.9392498779e+02 5.9402001953e+02 5.9407098389e+02 5.9414300537e+02 5.9424298096e+02
5.9544097900e+02 5.9540197754e+02 5.9535797119e+02 5.9530102539e+02 5.9523400879e+02 5.9518597412e+02 5.9517602539e+02 5.9518902588e+02 5.9519000244e+02 5.9516998291e+02 5.9513000488e+02 5.9509899902e+02 5.9507397461e+02 5.9504498291e+02 5.9500299072e+02 5.9494396973e+02 5.9488500977e+02 5.9483197021e+02 5.9478802490e+02 5.9472399902e+02 5.9465698242e+02 5.9458898926e+02 5.9451397705e+02 5.9437799072e+02 5.9427301025e+02 5.9418597412e+02 5.9405902100e+02 5.9383898926e+02 5.9368402100e+02 5.9353601074e+02 5.9338598633e+02 5.9322399902e+02 5.9313201904e+02 5.9308898926e+02 5.9306402588e+02 5.9310101318e+02 5.9322302246e+02 5.9336901855e+02 5.9347302246e+02 5.9354199219e+02 5.9362902832e+02 5.9373297119e+02 5.9382800293e+02 5.9390002441e+02 5.9399700928e+02 5.9411700439e+02
5.9516900635e+02 5.9512200928e+02 5.9508001709e+02 5.9503002930e+02 5.9497998047e+02 5.9494396973e+02 5.9493298340e+02 5.9494396973e+02 5.9494799805e+02 5.9493402100e+02 5.9489501953e+02 5.9486602783e+02 5.9483697510e+02 5.9480200195e+02 5.9474401855e+02 5.9469799805e+02 5.9466900635e+02 5.9463800049e+02 5.9460699463e+02 5.9452398682e+02 5.9446600342e+02 5.9441302490e+02 5.9432598877e+02 5.9420202637e+02 5.9412500000e+02 5.9402801514e+02 5.9385699463e+02 5.9361199951e+02 5.9344000244e+02 5.9330102539e+02 5.9317498779e+02 5.9301098633e+02 5.9292700195e+02 5.9291497803e+02 5.9292498779e+02 5.9298297119e+02 5.9309399414e+02 5.9323199463e+02 5.9334899902e+02 5.9343200684e+02 5.9349200439e+02 5.9355798340e+02 5.9363800049e+02 5.9374298096e+02 5.9386499023e+02 5.9399798584e+02
5.9486297607e+02 5.9482299805e+02 5.9479498291e+02 5.9476702881e+02 5.9473901367e+02 5.9471398926e+02 5.9469299316e+02 5.9469897461e+02 5.9470397949e+02 5.9469500732e+02 5.9465502930e+02 5.9462701416e+02 5.9459899902e+02 5.9456597900e+02 5.9451397705e+02 5.9448498535e+02 5.9447601318e+02 5.9445599365e+02 5.9441302490e+02 5.9433599854e+02 5.9427502441e+02 5.9421997070e+02 5.9412500000e+02 5.9400799561e+02 5.9390399170e+02 5.9376300049e+02 5.9355200195e+02 5.9333599854e+02 5.9317401123e+02 5.9303302002e+02 5.9293499756e+02 5.9284301758e+02 5.9279699707e+02 5.9280200195e+02 5.9280798340e+02 5.9284997559e+02 5.9293103027e+02 5.9306097412e+02 5.9320697021e+02 5.9329901123e+02 5.9335601807e+02 5.9340399170e+02 5.9348400879e+02 5.9360302734e+02 5.9372998047e+02 5.9385998535e+02
5.9455200195e+02 5.9452899170e+02 5.9452197266e+02 5.9451599121e+02 5.9450097656e+02 5.9448400879e+02 5.9446197510e+02 5.9445898438e+02 5.9445800781e+02 5.9444702148e+02 5.9440899658e+02 5.9438500977e+02 5.9436102295e+02 5.9433001709e+02 5.9428497314e+02 5.9426501465e+02 5.9426000977e+02 5.9424200439e+02 5.9418402100e+02 5.9410198975e+02 5.9403601074e+02 5.9397302246e+02 5.9387200928e+02 5.9374401855e+02 5.9361199951e+02 5.9344299316e+02 5.9324200439e+02 5.9308099365e+02 5.9293499756e+02 5.9279797363e+02 5.9270697021e+02 5.9264697266e+02 5.9264300537e+02 5.9267102051e+02 5.9267602539e+02 5.9270300293e+02 5.9276202393e+02 5.9287701416e+02 5.9304199219e+02 5.9315600586e+02 5.9321997070e+02 5.9327398682e+02 5.9335601807e+02 5.9347601318e+02 5.9359899902e+02 5.9372497559e+02
5.9424902344e+02 5.9424798584e+02 5.9426599121e+02 5.9427697754e+02 5.9426800537e+02 5.9425299072e+02 5.9422900391e+02 5.9421997070e+02 5.9421002197e+02 5.9418902588e+02 5.9415502930e+02 5.9414398193e+02 5.9412298584e+02 5.9409301758e+02 5.9405102539e+02 5.9403302002e+02 5.9402600098e+02 5.9400500488e+02 5.9393402100e+02 5.9384100342e+02 5.9376501465e+02 5.9369201660e+02 5.9359100342e+02 5.9346398926e+02 5.9332098389e+02 5.9314501953e+02 5.9296301270e+02 5.9283898926e+02 5.9270599365e+02 5.9257800293e+02 5.9249298096e+02 5.9244598389e+02 5.9246197510e+02 5.9251202393e+02 5.9253399658e+02 5.9257800293e+02 5.9264099121e+02 5.9273901367e+02 5.9288702393e+02 5.9300799561e+02 5.9308502197e+02 5.9315502930e+02 5.9325201416e+02 5.9337402344e+02 5.9348797607e+02 5.9359997559e+02
