TESTSERVER/21/18.asc
NCOLS 100
NROWS 100
XLLCORNER 8.5497500000e+03
YLLCORNER 2.8905025000e+05
CELLSIZE 5.0000000000e-01
NODATA_VALUE -9.9990000000e+03
[rows 60 to 79 of 100, columns 46 to 91 of 100]
5.7101202393e+02 5.7109899902e+02 5.7119299316e+02 5.7130798340e+02 5.7140997314e+02 5.7149298096e+02 5.7158099365e+02 5.7167102051e+02 5.7176000977e+02 5.7184197998e+02 5.7193402100e+02 5.7202899170e+02 5.7212402344e+02 5.7221197510e+02 5.7229199219e+02 5.7238000488e+02 5.7246002197e+02 5.7253997803e+02 5.7260797119e+02 5.7268402100e+02 5.7277301025e+02 5.7285101318e+02 5.7292102051e+02 5.7299298096e+02 5.7305401611e+02 5.7310302734e+02 5.7316302490e+02 5.7321002197e+02 5.7325299072e+02 5.7330200195e+02 5.7334301758e+02 5.7336499023e+02 5.7339697266e+02 5.7344598389e+02 5.7347100830e+02 5.7350097656e+02 5.7355297852e+02 5.7360400391e+02 5.7367297363e+02 5.7376300049e+02 5.7383801270e+02 5.7391302490e+02 5.7400799561e+02 5.7410601807e+02 5.7420501709e+02 5.7430401611e+02
5.7083599854e+02 5.7092700195e+02 5.7102301025e+02 5.7112799072e+02 5.7122998047e+02 5.7131500244e+02 5.7139898682e+02 5.7148199463e+02 5.7156896973e+02 5.7165698242e+02 5.7176098633e+02 5.7186401367e+02 5.7195300293e+02 5.7204797363e+02 5.7211901855e+02 5.7218597412e+02 5.7227502441e+02 5.7236297607e+02 5.7244500732e+02 5.7253302002e+02 5.7262701416e+02 5.7270397949e+02 5.7276800537e+02 5.7283599854e+02 5.7291101074e+02 5.7297198486e+02 5.7303100586e+02 5.7307299805e+02 5.7310198975e+02 5.7314300537e+02 5.7318298340e+02 5.7321600342e+02 5.7326800537e+02 5.7332000732e+02 5.7332897949e+02 5.7336102295e+02 5.7342901611e+02 5.7347900391e+02 5.7353900146e+02 5.7362200928e+02 5.7369500732e+02 5.7378100586e+02 5.7388201904e+02 5.7397900391e+02 5.7407202148e+02 5.7416699219e+02
5.7065802002e+02 5.7075799561e+02 5.7085797119e+02 5.7096099854e+02 5.7105297852e+02 5.7112902832e+02 5.7121301270e+02 5.7130200195e+02 5.7139300537e+02 5.7147698975e+02 5.7158001709e+02 5.7168499756e+02 5.7177899170e+02 5.7187597656e+02 5.7195001221e+02 5.7201000977e+02 5.7209497070e+02 5.7218798828e+02 5.7228497314e+02 5.7238000488e+02 5.7247900391e+02 5.7255798340e+02 5.7261999512e+02 5.7268402100e+02 5.7276000977e+02 5.7282299805e+02 5.7288000488e+02 5.7292297363e+02 5.7295697021e+02 5.7299200439e+02 5.7303100586e+02 5.7307299805e+02 5.7312597656e+02 5.7316900635e+02 5.7319000244e+02 5.7323199463e+02 5.7330401611e+02 5.7335302734e+02 5.7340600586e+02 5.7347900391e+02 5.7355297852e+02 5.7365301514e+02 5.7376000977e+02 5.7385302734e+02 5.7393499756e+02 5.7403002930e+02
5.7047198486e+02 5.7057098389e+02 5.7067199707e+02 5.7078399658e+02 5.7087298584e+02 5.7094299316e+02 5.7102600098e+02 5.7111901855e+02 5.7121600342e+02 5.7130297852e+02 5.7140502930e+02 5.7150701904e+02 5.7159899902e+02 5.7169201660e+02 5.7178002930e+02 5.7185400391e+02 5.7193597412e+02 5.7202899170e+02 5.7212799072e+02 5.7221697998e+02 5.7231298828e+02 5.7239300537e+02 5.7245898438e+02 5.7252899170e+02 5.7260101318e+02 5.7266400146e+02 5.7272100830e+02 5.7276800537e+02 5.7281402588e+02 5.7284802246e+02 5.7288800049e+02 5.7293701172e+02 5.7298901367e+02 5.7303698730e+02 5.7307501221e+02 5.7312200928e+02 5.7317797852e+02 5.7322497559e+02 5.7328198242e+02 5.7335101318e+02 5.7342102051e+02 5.7351800537e+02 5.7361798096e+02 5.7370397949e+02 5.7378997803e+02 5.7390301514e+02
5.7025299072e+02 5.7036102295e+02 5.7047100830e+02 5.7058898926e+02 5.7067999268e+02 5.7076702881e+02 5.7084899902e+02 5.7093499756e+02 5.7103302002e+02 5.7113000488e+02 5.7123498535e+02 5.7133801270e+02 5.7142401123e+02 5.7150701904e+02 5.7159698486e+02 5.7168499756e+02 5.7177398682e+02 5.7187298584e+02 5.7196697998e+02 5.7205297852e+02 5.7214801025e+02 5.7221997070e+02 5.7229400635e+02 5.7237097168e+02 5.7244702148e+02 5.7250799561e+02 5.7256402588e+02 5.7261602783e+02 5.7267498779e+02 5.7271801758e+02 5.7275799561e+02 5.7280297852e+02 5.7285198975e+02 5.7290698242e+02 5.7295098877e+02 5.7300201416e+02 5.7305999756e+02 5.7310198975e+02 5.7316497803e+02 5.7323699951e+02 5.7330798340e+02 5.7339099121e+02 5.7347601318e+02 5.7355297852e+02 5.7366198730e+02 5.7379101563e+02
5.7008801270e+02 5.7017901611e+02 5.7029302979e+02 5.7040600586e+02 5.7050201416e+02 5.7059600830e+02 5.7067901611e+02 5.7076098633e+02 5.7086297607e+02 5.7096197510e+02 5.7106402588e+02 5.7115698242e+02 5.7124902344e+02 5.7134399414e+02 5.7141699219e+02 5.7149401855e+02 5.7159497070e+02 5.7170599365e+02 5.7180798340e+02 5.7190301514e+02 5.7198400879e+02 5.7204101563e+02 5.7212200928e+02 5.7221801758e+02 5.7229998779e+02 5.7235797119e+02 5.7241497803e+02 5.7247698975e+02 5.7253802490e+02 5.7258001709e+02 5.7262200928e+02 5.7267498779e+02 5.7273101807e+02 5.7277600098e+02 5.7281701660e+02 5.7286901855e+02 5.7293103027e+02 5.7297100830e+02 5.7302801514e+02 5.7310699463e+02 5.7319299316e+02 5.7328100586e+02 5.7335498047e+02 5.7342797852e+02 5.7354302979e+02 5.7366198730e+02
5.6991699219e+02 5.6999902344e+02 5.7011199951e+02 5.7022100830e+02 5.7031402588e+02 5.7041101074e+02 5.7050299072e+02 5.7059197998e+02 5.7069299316e+02 5.7080102539e+02 5.7090899658e+02 5.7099597168e+02 5.7108099365e+02 5.7117602539e+02 5.7124700928e+02 5.7132598877e+02 5.7142498779e+02 5.7153198242e+02 5.7163897705e+02 5.7173797607e+02 5.7182000732e+02 5.7188397217e+02 5.7196197510e+02 5.7205200195e+02 5.7213598633e+02 5.7219396973e+02 5.7225299072e+02 5.7232000732e+02 5.7238201904e+02 5.7242401123e+02 5.7247900391e+02 5.7254101563e+02 5.7259802246e+02 5.7264202881e+02 5.7268298340e+02 5.7273297119e+02 5.7279998779e+02 5.7284899902e+02 5.7290399170e+02 5.7297998047e+02 5.7306402588e+02 5.7315301514e+02 5.7323297119e+02 5.7331298828e+02 5.7342401123e+02 5.7353900146e+02
5.6974700928e+02 5.6982501221e+02 5.6993200684e+02 5.7003399658e+02 5.7012097168e+02 5.7021502686e+02 5.7031201172e+02 5.7041101074e+02 5.7051202393e+02 5.7062097168e+02 5.7073602295e+02 5.7082897949e+02 5.7090802002e+02 5.7098498535e+02 5.7106201172e+02 5.7115698242e+02 5.7126000977e+02 5.7136199951e+02 5.7146801758e+02 5.7156402588e+02 5.7165002441e+02 5.7173199463e+02 5.7181201172e+02 5.7188201904e+02 5.7195202637e+02 5.7202197266e+02 5.7209399414e+02 5.7217102051e+02 5.7223602295e+02 5.7228601074e+02 5.7234698486e+02 5.7240802002e+02 5.7245697021e+02 5.7251000977e+02 5.7255401611e+02 5.7260101318e+02 5.7267199707e+02 5.7273602295e+02 5.7279400635e+02 5.7285797119e+02 5.7293402100e+02 5.7302600098e+02 5.7310998535e+02 5.7320001221e+02 5.7330603027e+02 5.7341601563e+02
5.6954998779e+02 5.6963702393e+02 5.6974499512e+02 5.6985198975e+02 5.6992999268e+02 5.7001702881e+02 5.7011199951e+02 5.7022100830e+02 5.7034100342e+02 5.7042999268e+02 5.7053698730e+02 5.7064300537e+02 5.7075299072e+02 5.7082000732e+02 5.7089599609e+02 5.7098901367e+02 5.7108197021e+02 5.7118902588e+02 5.7129797363e+02 5.7139898682e+02 5.7150299072e+02 5.7157501221e+02 5.7165600586e+02 5.7172698975e+02 5.7178497314e+02 5.7185699463e+02 5.7194000244e+02 5.7202099609e+02 5.7209197998e+02 5.7215502930e+02 5.7220898438e+02 5.7226501465e+02 5.7231701660e+02 5.7238201904e+02 5.7242797852e+02 5.7247198486e+02 5.7254602051e+02 5.7261602783e+02 5.7268499756e+02 5.7273999023e+02 5.7279602051e+02 5.7288397217e+02 5.7296697998e+02 5.7307299805e+02 5.7318597412e+02 5.7329302979e+02
5.6937500000e+02 5.6945599365e+02 5.6954602051e+02 5.6964801025e+02 5.6974902344e+02 5.6985198975e+02 5.6994396973e+02 5.7003601074e+02 5.7015802002e+02 5.7025299072e+02 5.7034698486e+02 5.7045001221e+02 5.7056597900e+02 5.7065997314e+02 5.7073797607e+02 5.7082598877e+02 5.7091699219e+02 5.7101202393e+02 5.7111602783e+02 5.7121697998e+02 5.7132897949e+02 5.7140002441e+02 5.7148101807e+02 5.7157000732e+02 5.7163397217e+02 5.7169702148e+02 5.7177197266e+02 5.7184600830e+02 5.7192602539e+02 5.7201397705e+02 5.7207501221e+02 5.7212799072e+02 5.7217999268e+02 5.7223901367e+02 5.7228997803e+02 5.7234997559e+02 5.7242999268e+02 5.7249499512e+02 5.7256701660e+02 5.7262097168e+02 5.7267901611e+02 5.7275799561e+02 5.7284301758e+02 5.7294897461e+02 5.7306597900e+02 5.7318701172e+02
5.6918103027e+02 5.6929302979e+02 5.6937701416e+02 5.6946997070e+02 5.6957299805e+02 5.6968298340e+02 5.6978100586e+02 5.6985998535e+02 5.6997399902e+02 5.7007598877e+02 5.7016198730e+02 5.7024798584e+02 5.7036297607e+02 5.7047998047e+02 5.7056597900e+02 5.7065399170e+02 5.7074798584e+02 5.7084698486e+02 5.7094702148e+02 5.7103698730e+02 5.7114099121e+02 5.7122399902e+02 5.7130999756e+02 5.7140100098e+02 5.7147601318e+02 5.7154797363e+02 5.7162597656e+02 5.7169799805e+02 5.7177697754e+02 5.7186901855e+02 5.7194097900e+02 5.7200299072e+02 5.7205401611e+02 5.7211401367e+02 5.7216802979e+02 5.7222998047e+02 5.7229998779e+02 5.7236999512e+02 5.7245202637e+02 5.7251397705e+02 5.7257397461e+02 5.7265100098e+02 5.7272497559e+02 5.7281500244e+02 5.7292199707e+02 5.7305297852e+02
5.6886102295e+02 5.6898498535e+02 5.6913702393e+02 5.6929302979e+02 5.6938702393e+02 5.6947900391e+02 5.6959600830e+02 5.6969396973e+02 5.6980700684e+02 5.6990100098e+02 5.6998797607e+02 5.7007397461e+02 5.7017401123e+02 5.7029199219e+02 5.7038098145e+02 5.7046899414e+02 5.7057098389e+02 5.7068701172e+02 5.7079400635e+02 5.7087902832e+02 5.7096997070e+02 5.7106201172e+02 5.7115399170e+02 5.7124499512e+02 5.7132800293e+02 5.7141802979e+02 5.7150402832e+02 5.7157397461e+02 5.7164001465e+02 5.7171197510e+02 5.7179199219e+02 5.7186700439e+02 5.7192602539e+02 5.7199298096e+02 5.7204797363e+02 5.7210797119e+02 5.7217297363e+02 5.7224298096e+02 5.7233099365e+02 5.7240002441e+02 5.7245697021e+02 5.7253002930e+02 5.7259899902e+02 5.7267602539e+02 5.7277502441e+02 5.7290197754e+02
5.6834197998e+02 5.6844897461e+02 5.6872198486e+02 5.6902801514e+02 5.6921899414e+02 5.6929400635e+02 5.6938702393e+02 5.6949798584e+02 5.6963598633e+02 5.6972399902e+02 5.6981500244e+02 5.6991101074e+02 5.7002197266e+02 5.7011798096e+02 5.7020501709e+02 5.7029302979e+02 5.7039202881e+02 5.7052301025e+02 5.7064202881e+02 5.7072802734e+02 5.7081097412e+02 5.7091497803e+02 5.7100701904e+02 5.7109698486e+02 5.7119000244e+02 5.7127899170e+02 5.7136901855e+02 5.7143902588e+02 5.7149700928e+02 5.7157000732e+02 5.7164801025e+02 5.7172198486e+02 5.7179101563e+02 5.7185998535e+02 5.7191302490e+02 5.7197698975e+02 5.7206097412e+02 5.7212298584e+02 5.7219897461e+02 5.7226702881e+02 5.7232202148e+02 5.7239599609e+02 5.7247497559e+02 5.7256298828e+02 5.7266497803e+02 5.7276599121e+02
5.6811700439e+02 5.6819201660e+02 5.6834698486e+02 5.6862298584e+02 5.6891400146e+02 5.6912701416e+02 5.6924499512e+02 5.6931799316e+02 5.6943499756e+02 5.6954199219e+02 5.6964697266e+02 5.6975402832e+02 5.6985900879e+02 5.6995697021e+02 5.7003997803e+02 5.7013000488e+02 5.7023297119e+02 5.7036401367e+02 5.7048999023e+02 5.7057897949e+02 5.7065802002e+02 5.7074499512e+02 5.7084497070e+02 5.7094897461e+02 5.7104602051e+02 5.7112701416e+02 5.7120697021e+02 5.7127600098e+02 5.7134698486e+02 5.7143103027e+02 5.7150598145e+02 5.7156799316e+02 5.7163098145e+02 5.7171197510e+02 5.7176397705e+02 5.7183197021e+02 5.7192498779e+02 5.7199401855e+02 5.7206201172e+02 5.7212200928e+02 5.7218597412e+02 5.7227398682e+02 5.7234802246e+02 5.7243499756e+02 5.7254199219e+02 5.7264300537e+02
5.6796697998e+02 5.6807202148e+02 5.6822802734e+02 5.6836297607e+02 5.6844299316e+02 5.6877099609e+02 5.6902301025e+02 5.6914300537e+02 5.6923400879e+02 5.6934002686e+02 5.6947198486e+02 5.6959301758e+02 5.6969299316e+02 5.6978302002e+02 5.6985900879e+02 5.6994396973e+02 5.7005700684e+02 5.7018597412e+02 5.7031298828e+02 5.7041998291e+02 5.7050701904e+02 5.7057598877e+02 5.7067401123e+02 5.7078399658e+02 5.7089099121e+02 5.7097497559e+02 5.7105401611e+02 5.7112799072e+02 5.7120202637e+02 5.7128601074e+02 5.7136199951e+02 5.7142602539e+02 5.7148797607e+02 5.7157098389e+02 5.7163000488e+02 5.7170300293e+02 5.7178802490e+02 5.7185302734e+02 5.7192602539e+02 5.7199102783e+02 5.7205999756e+02 5.7214697266e+02 5.7221600342e+02 5.7229602051e+02 5.7240802002e+02 5.7252600098e+02
5.6786700439e+02 5.6790399170e+02 5.6806896973e+02 5.6815899658e+02 5.6805999756e+02 5.6839501953e+02 5.6875500488e+02 5.6896002197e+02 5.6906597900e+02 5.6914599609e+02 5.6926202393e+02 5.6938299561e+02 5.6949597168e+02 5.6959301758e+02 5.6967498779e+02 5.6976202393e+02 5.6988098145e+02 5.7000701904e+02 5.7013000488e+02 5.7024700928e+02 5.7035400391e+02 5.7042797852e+02 5.7052001953e+02 5.7061999512e+02 5.7072302246e+02 5.7081500244e+02 5.7090399170e+02 5.7098400879e+02 5.7106097412e+02 5.7113500977e+02 5.7121600342e+02 5.7129400635e+02 5.7135601807e+02 5.7142901611e+02 5.7149102783e+02 5.7156701660e+02 5.7164501953e+02 5.7171301270e+02 5.7179302979e+02 5.7186297607e+02 5.7193200684e+02 5.7201397705e+02 5.7208898926e+02 5.7217199707e+02 5.7228497314e+02 5.7240002441e+02
5.6785302734e+02 5.6780603027e+02 5.6783502197e+02 5.6792602539e+02 5.6800500488e+02 5.6822198486e+02 5.6853399658e+02 5.6877502441e+02 5.6893103027e+02 5.6899499512e+02 5.6906097412e+02 5.6916400146e+02 5.6930700684e+02 5.6940002441e+02 5.6949499512e+02 5.6959197998e+02 5.6971502686e+02 5.6985797119e+02 5.6997399902e+02 5.7008099365e+02 5.7018902588e+02 5.7028802490e+02 5.7038299561e+02 5.7046899414e+02 5.7055499268e+02 5.7064697266e+02 5.7074798584e+02 5.7083300781e+02 5.7090502930e+02 5.7097698975e+02 5.7105902100e+02 5.7114501953e+02 5.7121099854e+02 5.7127600098e+02 5.7133502197e+02 5.7140997314e+02 5.7148901367e+02 5.7156298828e+02 5.7165301514e+02 5.7172698975e+02 5.7178698730e+02 5.7186700439e+02 5.7194897461e+02 5.7204498291e+02 5.7217102051e+02 5.7225000000e+02
5.6783398438e+02 5.6780401611e+02 5.6777301025e+02 5.6778399658e+02 5.6785797119e+02 5.6803302002e+02 5.6827600098e+02 5.6851800537e+02 5.6871997070e+02 5.6883697510e+02 5.6891497803e+02 5.6899200439e+02 5.6909802246e+02 5.6922601318e+02 5.6933801270e+02 5.6943902588e+02 5.6955401611e+02 5.6969000244e+02 5.6980603027e+02 5.6992199707e+02 5.7002697754e+02 5.7011901855e+02 5.7022302246e+02 5.7031597900e+02 5.7040197754e+02 5.7048602295e+02 5.7058398438e+02 5.7066802979e+02 5.7073797607e+02 5.7081799316e+02 5.7090502930e+02 5.7099200439e+02 5.7105902100e+02 5.7112402344e+02 5.7117199707e+02 5.7123999023e+02 5.7133398438e+02 5.7140502930e+02 5.7149102783e+02 5.7156701660e+02 5.7162902832e+02 5.7171801758e+02 5.7180102539e+02 5.7189202881e+02 5.7201098633e+02 5.7209899902e+02
5.6784100342e+02 5.6781097412e+02 5.6777301025e+02 5.6774102783e+02 5.6773901367e+02 5.6780700684e+02 5.6796099854e+02 5.6817297363e+02 5.6840802002e+02 5.6860498047e+02 5.6874102783e+02 5.6883697510e+02 5.6892498779e+02 5.6904199219e+02 5.6915502930e+02 5.6926397705e+02 5.6938702393e+02 5.6951202393e+02 5.6961798096e+02 5.6973901367e+02 5.6986102295e+02 5.6995098877e+02 5.7005200195e+02 5.7015502930e+02 5.7025097656e+02 5.7032897949e+02 5.7041101074e+02 5.7048400879e+02 5.7055902100e+02 5.7065698242e+02 5.7074798584e+02 5.7083398438e+02 5.7089599609e+02 5.7096301270e+02 5.7100701904e+02 5.7107702637e+02 5.7118200684e+02 5.7125897217e+02 5.7133398438e+02 5.7140002441e+02 5.7147198486e+02 5.7157397461e+02 5.7165698242e+02 5.7173498535e+02 5.7184100342e+02 5.7194299316e+02
5.6784802246e+02 5.6780700684e+02 5.6777398682e+02 5.6773999023e+02 5.6770202637e+02 5.6767901611e+02 5.6772698975e+02 5.6786297607e+02 5.6807702637e+02 5.6830999756e+02 5.6851300049e+02 5.6866900635e+02 5.6877398682e+02 5.6887500000e+02 5.6898498535e+02 5.6909301758e+02 5.6921801758e+02 5.6935498047e+02 5.6944799805e+02 5.6955102539e+02 5.6967797852e+02 5.6977600098e+02 5.6987701416e+02 5.6998400879e+02 5.7008398438e+02 5.7016601563e+02 5.7024102783e+02 5.7030700684e+02 5.7038000488e+02 5.7048101807e+02 5.7057897949e+02 5.7066998291e+02 5.7072900391e+02 5.7079602051e+02 5.7084600830e+02 5.7091802979e+02 5.7102099609e+02 5.7110601807e+02 5.7117797852e+02 5.7123498535e+02 5.7131402588e+02 5.7142901611e+02 5.7151800537e+02 5.7159100342e+02 5.7168298340e+02 5.7177801514e+02
