TESTSERVER/21/18.asc
NCOLS 100
NROWS 100
XLLCORNER 8.5497500000e+03
YLLCORNER 2.8905025000e+05
CELLSIZE 5.0000000000e-01
NODATA_VALUE -9.9990000000e+03
[rows 40 to 59 of 100, columns 0 to 45 of 100]
5.7100897217e+02 5.7102899170e+02 5.7101599121e+02 5.7100299072e+02 5.7100598145e+02 5.7107000732e+02 5.7116400146e+02 5.7115301514e+02 5.7111401367e+02 5.7107299805e+02 5.7103900146e+02 5.7100000000e+02 5.7092498779e+02 5.7083001709e+02 5.7074401855e+02 5.7086901855e+02 5.7098101807e+02 5.7107501221e+02 5.7115002441e+02 5.7125299072e+02 5.7139501953e+02 5.7156298828e+02 5.7171301270e+02 5.7185998535e+02 5.7196099854e+02 5.7201898193e+02 5.7208001709e+02 5.7213098145e+02 5.7217901611e+02 5.7223699951e+02 5.7231701660e+02 5.7242199707e+02 5.7254101563e+02 5.7265301514e+02 5.7273901367e+02 5.7285302734e+02 5.7298400879e+02 5.7311199951e+02 5.7321997070e+02 5.7330999756e+02 5.7341802979e+02 5.7354498291e+02 5.7367602539e+02 5.7379602051e+02 5.7390899658e+02 5.7402099609e+02
5.7085101318e+02 5.7080902100e+02 5.7078302002e+02 5.7075897217e+02 5.7073199463e+02 5.7073199463e+02 5.7077398682e+02 5.7080102539e+02 5.7084899902e+02 5.7089202881e+02 5.7090002441e+02 5.7090002441e+02 5.7084899902e+02 5.7076000977e+02 5.7071997070e+02 5.7080603027e+02 5.7088397217e+02 5.7095898438e+02 5.7103900146e+02 5.7113897705e+02 5.7127398682e+02 5.7143798828e+02 5.7160101318e+02 5.7175299072e+02 5.7185900879e+02 5.7191900635e+02 5.7196899414e+02 5.7200402832e+02 5.7203601074e+02 5.7209301758e+02 5.7219299316e+02 5.7229602051e+02 5.7240802002e+02 5.7251098633e+02 5.7258099365e+02 5.7269396973e+02 5.7283502197e+02 5.7296398926e+02 5.7307098389e+02 5.7316998291e+02 5.7327600098e+02 5.7339697266e+02 5.7353601074e+02 5.7365802002e+02 5.7377001953e+02 5.7387902832e+02
5.7082501221e+02 5.7075299072e+02 5.7068701172e+02 5.7063098145e+02 5.7057598877e+02 5.7053100586e+02 5.7051202393e+02 5.7051898193e+02 5.7056201172e+02 5.7061999512e+02 5.7068499756e+02 5.7077197266e+02 5.7078601074e+02 5.7076397705e+02 5.7077099609e+02 5.7077801514e+02 5.7079998779e+02 5.7085498047e+02 5.7093103027e+02 5.7102801514e+02 5.7115802002e+02 5.7131701660e+02 5.7148199463e+02 5.7163702393e+02 5.7174700928e+02 5.7180297852e+02 5.7183898926e+02 5.7187200928e+02 5.7190301514e+02 5.7195898438e+02 5.7205999756e+02 5.7214801025e+02 5.7224902344e+02 5.7235101318e+02 5.7242999268e+02 5.7255499268e+02 5.7270098877e+02 5.7282598877e+02 5.7291998291e+02 5.7302099609e+02 5.7313897705e+02 5.7326300049e+02 5.7340100098e+02 5.7351898193e+02 5.7362701416e+02 5.7373400879e+02
5.7079498291e+02 5.7073699951e+02 5.7066900635e+02 5.7059899902e+02 5.7053002930e+02 5.7046600342e+02 5.7041497803e+02 5.7038702393e+02 5.7037298584e+02 5.7038299561e+02 5.7043200684e+02 5.7052398682e+02 5.7058099365e+02 5.7065100098e+02 5.7073901367e+02 5.7071697998e+02 5.7072198486e+02 5.7076098633e+02 5.7081799316e+02 5.7091497803e+02 5.7103900146e+02 5.7118701172e+02 5.7134197998e+02 5.7149200439e+02 5.7160797119e+02 5.7166601563e+02 5.7169598389e+02 5.7173901367e+02 5.7177600098e+02 5.7183300781e+02 5.7192401123e+02 5.7201397705e+02 5.7211401367e+02 5.7221398926e+02 5.7230102539e+02 5.7242199707e+02 5.7256298828e+02 5.7268402100e+02 5.7278100586e+02 5.7288201904e+02 5.7300897217e+02 5.7313098145e+02 5.7325897217e+02 5.7337597656e+02 5.7348400879e+02 5.7359197998e+02
5.7075402832e+02 5.7068103027e+02 5.7061602783e+02 5.7056597900e+02 5.7051397705e+02 5.7046099854e+02 5.7040197754e+02 5.7034997559e+02 5.7029998779e+02 5.7026000977e+02 5.7024200439e+02 5.7024298096e+02 5.7028002930e+02 5.7039801025e+02 5.7055297852e+02 5.7061199951e+02 5.7064501953e+02 5.7066101074e+02 5.7068402100e+02 5.7078601074e+02 5.7090698242e+02 5.7104101563e+02 5.7117700195e+02 5.7131896973e+02 5.7144097900e+02 5.7151800537e+02 5.7156201172e+02 5.7160699463e+02 5.7164001465e+02 5.7169702148e+02 5.7178497314e+02 5.7189398193e+02 5.7199499512e+02 5.7208099365e+02 5.7216998291e+02 5.7229699707e+02 5.7241802979e+02 5.7253698730e+02 5.7265100098e+02 5.7276898193e+02 5.7288702393e+02 5.7299700928e+02 5.7310998535e+02 5.7323101807e+02 5.7334399414e+02 5.7345202637e+02
5.7082702637e+02 5.7070501709e+02 5.7060998535e+02 5.7052899170e+02 5.7046002197e+02 5.7040002441e+02 5.7034698486e+02 5.7030102539e+02 5.7024798584e+02 5.7019299316e+02 5.7015197754e+02 5.7011499023e+02 5.7009100342e+02 5.7011798096e+02 5.7019897461e+02 5.7032202148e+02 5.7048400879e+02 5.7058300781e+02 5.7059899902e+02 5.7066198730e+02 5.7075897217e+02 5.7089001465e+02 5.7102197266e+02 5.7115002441e+02 5.7127398682e+02 5.7136199951e+02 5.7141497803e+02 5.7145898438e+02 5.7148901367e+02 5.7154400635e+02 5.7163800049e+02 5.7174700928e+02 5.7185699463e+02 5.7195300293e+02 5.7203698730e+02 5.7215899658e+02 5.7227197266e+02 5.7238397217e+02 5.7249401855e+02 5.7261297607e+02 5.7274401855e+02 5.7285900879e+02 5.7296697998e+02 5.7308300781e+02 5.7318902588e+02 5.7329901123e+02
5.7085498047e+02 5.7075701904e+02 5.7066198730e+02 5.7056701660e+02 5.7046197510e+02 5.7036199951e+02 5.7028802490e+02 5.7024902344e+02 5.7020397949e+02 5.7015301514e+02 5.7010998535e+02 5.7005902100e+02 5.6999700928e+02 5.6995697021e+02 5.6994500732e+02 5.6999700928e+02 5.7021099854e+02 5.7043402100e+02 5.7051898193e+02 5.7055603027e+02 5.7062097168e+02 5.7072802734e+02 5.7085601807e+02 5.7098297119e+02 5.7110198975e+02 5.7118701172e+02 5.7124298096e+02 5.7130102539e+02 5.7134899902e+02 5.7141400146e+02 5.7151000977e+02 5.7160498047e+02 5.7170501709e+02 5.7180798340e+02 5.7190399170e+02 5.7202099609e+02 5.7212701416e+02 5.7223498535e+02 5.7234899902e+02 5.7247198486e+02 5.7260900879e+02 5.7272399902e+02 5.7283001709e+02 5.7295001221e+02 5.7304998779e+02 5.7315698242e+02
5.7079199219e+02 5.7074102783e+02 5.7067999268e+02 5.7059600830e+02 5.7047601318e+02 5.7034899902e+02 5.7024700928e+02 5.7019598389e+02 5.7015100098e+02 5.7010998535e+02 5.7007702637e+02 5.7002502441e+02 5.6995800781e+02 5.6989599609e+02 5.6984301758e+02 5.6979998779e+02 5.6994000244e+02 5.7019000244e+02 5.7036798096e+02 5.7043499756e+02 5.7049700928e+02 5.7058001709e+02 5.7068902588e+02 5.7081298828e+02 5.7092401123e+02 5.7100097656e+02 5.7106201172e+02 5.7114001465e+02 5.7120697021e+02 5.7128698730e+02 5.7139300537e+02 5.7147198486e+02 5.7155401611e+02 5.7165698242e+02 5.7177001953e+02 5.7188897705e+02 5.7198602295e+02 5.7209002686e+02 5.7220898438e+02 5.7233697510e+02 5.7247198486e+02 5.7258801270e+02 5.7269702148e+02 5.7282000732e+02 5.7292102051e+02 5.7301599121e+02
5.7063201904e+02 5.7062097168e+02 5.7059802246e+02 5.7053997803e+02 5.7043597412e+02 5.7033001709e+02 5.7025701904e+02 5.7018103027e+02 5.7011401367e+02 5.7006097412e+02 5.7002600098e+02 5.6997698975e+02 5.6992401123e+02 5.6986700439e+02 5.6979699707e+02 5.6974499512e+02 5.6975299072e+02 5.6988500977e+02 5.7008398438e+02 5.7028002930e+02 5.7038702393e+02 5.7045898438e+02 5.7053497314e+02 5.7064099121e+02 5.7073699951e+02 5.7081298828e+02 5.7088201904e+02 5.7097802734e+02 5.7105401611e+02 5.7113702393e+02 5.7125799561e+02 5.7133001709e+02 5.7140899658e+02 5.7151000977e+02 5.7161401367e+02 5.7174102783e+02 5.7184301758e+02 5.7195300293e+02 5.7206597900e+02 5.7218701172e+02 5.7230798340e+02 5.7242498779e+02 5.7255999756e+02 5.7267602539e+02 5.7278100586e+02 5.7287597656e+02
5.7042297363e+02 5.7045697021e+02 5.7048602295e+02 5.7046197510e+02 5.7038397217e+02 5.7030200195e+02 5.7025097656e+02 5.7018798828e+02 5.7009600830e+02 5.7001501465e+02 5.6997497559e+02 5.6992999268e+02 5.6987902832e+02 5.6983001709e+02 5.6976300049e+02 5.6969396973e+02 5.6965600586e+02 5.6969201660e+02 5.6981799316e+02 5.7001898193e+02 5.7019702148e+02 5.7033197021e+02 5.7041802979e+02 5.7049499512e+02 5.7057000732e+02 5.7064202881e+02 5.7071197510e+02 5.7080902100e+02 5.7090698242e+02 5.7099700928e+02 5.7110498047e+02 5.7118298340e+02 5.7127099609e+02 5.7137097168e+02 5.7147802734e+02 5.7159497070e+02 5.7170599365e+02 5.7182202148e+02 5.7193200684e+02 5.7204797363e+02 5.7215100098e+02 5.7225500488e+02 5.7240197754e+02 5.7252301025e+02 5.7263299561e+02 5.7274102783e+02
5.7018701172e+02 5.7024298096e+02 5.7031799316e+02 5.7034399414e+02 5.7029998779e+02 5.7022497559e+02 5.7016601563e+02 5.7010498047e+02 5.7000598145e+02 5.6992199707e+02 5.6990399170e+02 5.6987701416e+02 5.6982897949e+02 5.6978399658e+02 5.6973101807e+02 5.6966802979e+02 5.6962799072e+02 5.6961401367e+02 5.6962902832e+02 5.6973498535e+02 5.6991302490e+02 5.7012701416e+02 5.7029498291e+02 5.7036297607e+02 5.7042602539e+02 5.7049401855e+02 5.7057000732e+02 5.7065502930e+02 5.7075000000e+02 5.7085101318e+02 5.7096002197e+02 5.7103002930e+02 5.7111499023e+02 5.7122601318e+02 5.7134399414e+02 5.7144799805e+02 5.7155200195e+02 5.7168103027e+02 5.7179901123e+02 5.7190997314e+02 5.7201202393e+02 5.7210699463e+02 5.7224102783e+02 5.7236401367e+02 5.7247497559e+02 5.7258502197e+02
5.6996002197e+02 5.7002099609e+02 5.7010900879e+02 5.7016900635e+02 5.7016699219e+02 5.7010601807e+02 5.7002697754e+02 5.6996301270e+02 5.6987402344e+02 5.6980603027e+02 5.6981597900e+02 5.6981201172e+02 5.6977899170e+02 5.6974102783e+02 5.6969000244e+02 5.6963000488e+02 5.6960400391e+02 5.6957501221e+02 5.6953002930e+02 5.6953100586e+02 5.6963000488e+02 5.6985498047e+02 5.7012298584e+02 5.7023101807e+02 5.7029998779e+02 5.7036102295e+02 5.7043597412e+02 5.7052301025e+02 5.7060601807e+02 5.7069799805e+02 5.7080401611e+02 5.7087097168e+02 5.7095800781e+02 5.7107299805e+02 5.7119000244e+02 5.7128698730e+02 5.7139099121e+02 5.7153198242e+02 5.7165301514e+02 5.7176000977e+02 5.7187597656e+02 5.7197698975e+02 5.7209197998e+02 5.7221197510e+02 5.7232000732e+02 5.7242797852e+02
5.6977502441e+02 5.6984100342e+02 5.6990600586e+02 5.6996099854e+02 5.6998199463e+02 5.6994598389e+02 5.6988098145e+02 5.6983001709e+02 5.6976501465e+02 5.6972198486e+02 5.6973199463e+02 5.6974499512e+02 5.6973199463e+02 5.6970300293e+02 5.6965100098e+02 5.6958197021e+02 5.6956097412e+02 5.6953497314e+02 5.6947802734e+02 5.6941802979e+02 5.6941497803e+02 5.6954797363e+02 5.6978100586e+02 5.7004101563e+02 5.7016101074e+02 5.7022302246e+02 5.7027502441e+02 5.7039099121e+02 5.7048498535e+02 5.7056701660e+02 5.7064697266e+02 5.7071398926e+02 5.7081701660e+02 5.7092199707e+02 5.7101098633e+02 5.7113397217e+02 5.7125701904e+02 5.7139001465e+02 5.7150097656e+02 5.7159802246e+02 5.7172100830e+02 5.7183801270e+02 5.7195300293e+02 5.7205999756e+02 5.7216601563e+02 5.7227398682e+02
5.6959301758e+02 5.6964099121e+02 5.6968798828e+02 5.6974401855e+02 5.6977502441e+02 5.6976800537e+02 5.6974298096e+02 5.6972302246e+02 5.6967797852e+02 5.6965301514e+02 5.6966302490e+02 5.6967401123e+02 5.6965002441e+02 5.6962097168e+02 5.6960601807e+02 5.6955102539e+02 5.6952197266e+02 5.6948602295e+02 5.6942901611e+02 5.6935699463e+02 5.6930297852e+02 5.6931896973e+02 5.6942700195e+02 5.6966802979e+02 5.6991198730e+02 5.7009399414e+02 5.7017999268e+02 5.7025402832e+02 5.7032098389e+02 5.7040600586e+02 5.7051501465e+02 5.7058300781e+02 5.7067602539e+02 5.7077001953e+02 5.7086102295e+02 5.7098699951e+02 5.7110797119e+02 5.7122198486e+02 5.7132897949e+02 5.7143902588e+02 5.7156298828e+02 5.7168200684e+02 5.7179901123e+02 5.7190301514e+02 5.7201599121e+02 5.7213000488e+02
5.6938397217e+02 5.6940899658e+02 5.6943402100e+02 5.6947698975e+02 5.6952600098e+02 5.6956097412e+02 5.6957702637e+02 5.6958099365e+02 5.6956097412e+02 5.6955200195e+02 5.6956597900e+02 5.6956799316e+02 5.6954302979e+02 5.6952899170e+02 5.6954797363e+02 5.6951702881e+02 5.6948699951e+02 5.6943499756e+02 5.6937402344e+02 5.6932397461e+02 5.6926098633e+02 5.6921697998e+02 5.6919598389e+02 5.6931701660e+02 5.6955999756e+02 5.6982702637e+02 5.7002197266e+02 5.7012597656e+02 5.7016900635e+02 5.7022900391e+02 5.7034600830e+02 5.7043200684e+02 5.7053302002e+02 5.7063098145e+02 5.7072497559e+02 5.7083001709e+02 5.7093499756e+02 5.7104498291e+02 5.7114801025e+02 5.7126000977e+02 5.7138897705e+02 5.7151300049e+02 5.7163299561e+02 5.7174298096e+02 5.7185400391e+02 5.7196301270e+02
5.6914001465e+02 5.6915100098e+02 5.6916101074e+02 5.6918902588e+02 5.6925097656e+02 5.6931799316e+02 5.6936499023e+02 5.6939001465e+02 5.6939398193e+02 5.6939898682e+02 5.6941802979e+02 5.6941802979e+02 5.6941198730e+02 5.6943298340e+02 5.6948797607e+02 5.6947998047e+02 5.6946197510e+02 5.6940399170e+02 5.6932598877e+02 5.6927502441e+02 5.6922497559e+02 5.6917498779e+02 5.6910601807e+02 5.6909197998e+02 5.6922198486e+02 5.6945898438e+02 5.6972100830e+02 5.6992700195e+02 5.7002398682e+02 5.7008801270e+02 5.7018402100e+02 5.7027398682e+02 5.7038000488e+02 5.7048699951e+02 5.7058099365e+02 5.7066400146e+02 5.7075500488e+02 5.7086700439e+02 5.7097900391e+02 5.7110101318e+02 5.7122900391e+02 5.7134698486e+02 5.7146502686e+02 5.7158099365e+02 5.7168902588e+02 5.7179199219e+02
5.6887298584e+02 5.6888897705e+02 5.6891497803e+02 5.6893200684e+02 5.6899298096e+02 5.6906298828e+02 5.6911602783e+02 5.6916302490e+02 5.6918499756e+02 5.6920501709e+02 5.6923297119e+02 5.6923101807e+02 5.6925701904e+02 5.6933197021e+02 5.6945697021e+02 5.6946002197e+02 5.6942901611e+02 5.6936700439e+02 5.6930902100e+02 5.6922302246e+02 5.6915997314e+02 5.6911602783e+02 5.6907098389e+02 5.6901300049e+02 5.6901098633e+02 5.6912097168e+02 5.6930902100e+02 5.6959497070e+02 5.6983599854e+02 5.6997100830e+02 5.7004302979e+02 5.7010900879e+02 5.7019299316e+02 5.7030200195e+02 5.7041699219e+02 5.7050897217e+02 5.7059600830e+02 5.7070898438e+02 5.7082299805e+02 5.7095800781e+02 5.7108502197e+02 5.7118597412e+02 5.7129199219e+02 5.7141302490e+02 5.7151800537e+02 5.7161901855e+02
5.6861602783e+02 5.6863500977e+02 5.6866101074e+02 5.6869201660e+02 5.6875201416e+02 5.6881500244e+02 5.6886102295e+02 5.6890802002e+02 5.6894598389e+02 5.6897601318e+02 5.6900000000e+02 5.6901000977e+02 5.6905200195e+02 5.6915399170e+02 5.6930700684e+02 5.6937500000e+02 5.6932397461e+02 5.6924798584e+02 5.6922900391e+02 5.6920697021e+02 5.6913397217e+02 5.6906896973e+02 5.6903002930e+02 5.6898602295e+02 5.6894299316e+02 5.6894201660e+02 5.6899200439e+02 5.6917102051e+02 5.6946899414e+02 5.6973498535e+02 5.6990899658e+02 5.6996099854e+02 5.7002301025e+02 5.7012799072e+02 5.7025598145e+02 5.7036199951e+02 5.7044702148e+02 5.7055700684e+02 5.7067102051e+02 5.7079199219e+02 5.7092199707e+02 5.7102600098e+02 5.7113299561e+02 5.7122900391e+02 5.7132202148e+02 5.7142999268e+02
5.6838299561e+02 5.6840100098e+02 5.6842102051e+02 5.6845202637e+02 5.6850897217e+02 5.6857000732e+02 5.6861297607e+02 5.6865997314e+02 5.6871099854e+02 5.6875000000e+02 5.6876098633e+02 5.6876300049e+02 5.6880297852e+02 5.6890197754e+02 5.6905401611e+02 5.6912597656e+02 5.6909002686e+02 5.6904199219e+02 5.6906097412e+02 5.6910998535e+02 5.6909997559e+02 5.6905902100e+02 5.6900799561e+02 5.6897198486e+02 5.6891802979e+02 5.6886602783e+02 5.6884497070e+02 5.6889398193e+02 5.6908300781e+02 5.6935797119e+02 5.6965301514e+02 5.6981597900e+02 5.6990002441e+02 5.6997302246e+02 5.7007702637e+02 5.7020800781e+02 5.7030700684e+02 5.7041302490e+02 5.7052301025e+02 5.7063500977e+02 5.7075897217e+02 5.7086297607e+02 5.7096997070e+02 5.7106201172e+02 5.7115197754e+02 5.7125799561e+02
5.6814501953e+02 5.6816302490e+02 5.6819201660e+02 5.6822198486e+02 5.6827099609e+02 5.6832897949e+02 5.6837701416e+02 5.6841900635e+02 5.6847198486e+02 5.6851397705e+02 5.6851898193e+02 5.6851202393e+02 5.6853900146e+02 5.6862298584e+02 5.6876599121e+02 5.6880798340e+02 5.6877801514e+02 5.6876397705e+02 5.6881097412e+02 5.6890802002e+02 5.6899499512e+02 5.6902801514e+02 5.6899298096e+02 5.6895501709e+02 5.6890997314e+02 5.6885198975e+02 5.6882000732e+02 5.6877899170e+02 5.6879998779e+02 5.6896099854e+02 5.6927001953e+02 5.6955902100e+02 5.6974597168e+02 5.6984698486e+02 5.6991497803e+02 5.7004400635e+02 5.7015802002e+02 5.7026098633e+02 5.7036199951e+02 5.7046997070e+02 5.7058099365e+02 5.7068103027e+02 5.7079901123e+02 5.7089398193e+02 5.7099298096e+02 5.7109802246e+02
