TESTSERVER/21/19.asc
NCOLS 100
NROWS 100
XLLCORNER 8.5497500000e+03
YLLCORNER 2.8900025000e+05
CELLSIZE 5.0000000000e-01
NODATA_VALUE -9.9990000000e+03
[rows 60 to 79 of 100, columns 0 to 45 of 100]
5.5105200195e+02 5.5105297852e+02 5.5105999756e+02 5.5107000732e+02 5.5108001709e+02 5.5109899902e+02 5.5113299561e+02 5.5116802979e+02 5.5119799805e+02 5.5121899414e+02 5.5122601318e+02 5.5121600342e+02 5.5120898438e+02 5.5119702148e+02 5.5119097900e+02 5.5116900635e+02 5.5116198730e+02 5.5115802002e+02 5.5116302490e+02 5.5115100098e+02 5.5115002441e+02 5.5114697266e+02 5.5114001465e+02 5.5115197754e+02 5.5115301514e+02 5.5115197754e+02 5.5114697266e+02 5.5115600586e+02 5.5115802002e+02 5.5115399170e+02 5.5114398193e+02 5.5114398193e+02 5.5114398193e+02 5.5114202881e+02 5.5114099121e+02 5.5114898682e+02 5.5115197754e+02 5.5115502930e+02 5.5115802002e+02 5.5117999268e+02 5.5120098877e+02 5.5121398926e+02 5.5124298096e+02 5.5126098633e+02 5.5130297852e+02 5.5158197021e+02
5.5104199219e+02 5.5104998779e+02 5.5105603027e+02 5.5106298828e+02 5.5107800293e+02 5.5109802246e+02 5.5112097168e+02 5.5114801025e+02 5.5116998291e+02 5.5118701172e+02 5.5119201660e+02 5.5118701172e+02 5.5118298340e+02 5.5117700195e+02 5.5117297363e+02 5.5116900635e+02 5.5116601563e+02 5.5116601563e+02 5.5116802979e+02 5.5116900635e+02 5.5116400146e+02 5.5115399170e+02 5.5114099121e+02 5.5114001465e+02 5.5113800049e+02 5.5113500977e+02 5.5113299561e+02 5.5113397217e+02 5.5113397217e+02 5.5113201904e+02 5.5112701416e+02 5.5112402344e+02 5.5112298584e+02 5.5112200928e+02 5.5111999512e+02 5.5112298584e+02 5.5112597656e+02 5.5112701416e+02 5.5111798096e+02 5.5111401367e+02 5.5112799072e+02 5.5114801025e+02 5.5117102051e+02 5.5120202637e+02 5.5121002197e+02 5.5126300049e+02
5.5103100586e+02 5.5103802490e+02 5.5104797363e+02 5.5105798340e+02 5.5107299805e+02 5.5109002686e+02 5.5110797119e+02 5.5112799072e+02 5.5114599609e+02 5.5115802002e+02 5.5116198730e+02 5.5116198730e+02 5.5116101074e+02 5.5115997314e+02 5.5115899658e+02 5.5115802002e+02 5.5115997314e+02 5.5116400146e+02 5.5117602539e+02 5.5118298340e+02 5.5117700195e+02 5.5116601563e+02 5.5114898682e+02 5.5114898682e+02 5.5114398193e+02 5.5113702393e+02 5.5112902832e+02 5.5112597656e+02 5.5112402344e+02 5.5112200928e+02 5.5111798096e+02 5.5111700439e+02 5.5111798096e+02 5.5111602783e+02 5.5111499023e+02 5.5111499023e+02 5.5111297607e+02 5.5110998535e+02 5.5110101318e+02 5.5109600830e+02 5.5110498047e+02 5.5111798096e+02 5.5114001465e+02 5.5117700195e+02 5.5119799805e+02 5.5119799805e+02
5.5102197266e+02 5.5102801514e+02 5.5103997803e+02 5.5105102539e+02 5.5106298828e+02 5.5107897949e+02 5.5109399414e+02 5.5111102295e+02 5.5112500000e+02 5.5113397217e+02 5.5113800049e+02 5.5114202881e+02 5.5114501953e+02 5.5114697266e+02 5.5114801025e+02 5.5115100098e+02 5.5115600586e+02 5.5116400146e+02 5.5118298340e+02 5.5119299316e+02 5.5118798828e+02 5.5117602539e+02 5.5116302490e+02 5.5116400146e+02 5.5115600586e+02 5.5114599609e+02 5.5113299561e+02 5.5112402344e+02 5.5112097168e+02 5.5111798096e+02 5.5111499023e+02 5.5111999512e+02 5.5112402344e+02 5.5112402344e+02 5.5112200928e+02 5.5111602783e+02 5.5110900879e+02 5.5110302734e+02 5.5109698486e+02 5.5109399414e+02 5.5109698486e+02 5.5110797119e+02 5.5112298584e+02 5.5114697266e+02 5.5116900635e+02 5.5117901611e+02
5.5101800537e+02 5.5102899170e+02 5.5103900146e+02 5.5103802490e+02 5.5104797363e+02 5.5105999756e+02 5.5107098389e+02 5.5109301758e+02 5.5110498047e+02 5.5111401367e+02 5.5112402344e+02 5.5112799072e+02 5.5113299561e+02 5.5113800049e+02 5.5114300537e+02 5.5115002441e+02 5.5115899658e+02 5.5116998291e+02 5.5119000244e+02 5.5120001221e+02 5.5119897461e+02 5.5119201660e+02 5.5119500732e+02 5.5117602539e+02 5.5116400146e+02 5.5115002441e+02 5.5113000488e+02 5.5112298584e+02 5.5111999512e+02 5.5111901855e+02 5.5113098145e+02 5.5112701416e+02 5.5112799072e+02 5.5112701416e+02 5.5112200928e+02 5.5111700439e+02 5.5110601807e+02 5.5109698486e+02 5.5108898926e+02 5.5107897949e+02 5.5108300781e+02 5.5109497070e+02 5.5111102295e+02 5.5113000488e+02 5.5113800049e+02 5.5114697266e+02
5.5102001953e+02 5.5102899170e+02 5.5102697754e+02 5.5102502441e+02 5.5103198242e+02 5.5104302979e+02 5.5105999756e+02 5.5107897949e+02 5.5109197998e+02 5.5110302734e+02 5.5111297607e+02 5.5111999512e+02 5.5112500000e+02 5.5113000488e+02 5.5113702393e+02 5.5114898682e+02 5.5115698242e+02 5.5116601563e+02 5.5117700195e+02 5.5118402100e+02 5.5118499756e+02 5.5118402100e+02 5.5117700195e+02 5.5116302490e+02 5.5115100098e+02 5.5113702393e+02 5.5111999512e+02 5.5111102295e+02 5.5110699463e+02 5.5110797119e+02 5.5111401367e+02 5.5111199951e+02 5.5110998535e+02 5.5110498047e+02 5.5110498047e+02 5.5109600830e+02 5.5108300781e+02 5.5107000732e+02 5.5105798340e+02 5.5105902100e+02 5.5107202148e+02 5.5108398438e+02 5.5108801270e+02 5.5111199951e+02 5.5111798096e+02 5.5113201904e+02
5.5100402832e+02 5.5101202393e+02 5.5101397705e+02 5.5101702881e+02 5.5102398682e+02 5.5103497314e+02 5.5105401611e+02 5.5107202148e+02 5.5108502197e+02 5.5109600830e+02 5.5110601807e+02 5.5111199951e+02 5.5111798096e+02 5.5112298584e+02 5.5113000488e+02 5.5114099121e+02 5.5114801025e+02 5.5115600586e+02 5.5116400146e+02 5.5116802979e+02 5.5116802979e+02 5.5116601563e+02 5.5115899658e+02 5.5114801025e+02 5.5113702393e+02 5.5112402344e+02 5.5110900879e+02 5.5109899902e+02 5.5109399414e+02 5.5109301758e+02 5.5109698486e+02 5.5109497070e+02 5.5109197998e+02 5.5108801270e+02 5.5108398438e+02 5.5107397461e+02 5.5105902100e+02 5.5104400635e+02 5.5102801514e+02 5.5103900146e+02 5.5106097412e+02 5.5106896973e+02 5.5105700684e+02 5.5107501221e+02 5.5108300781e+02 5.5109698486e+02
5.5098498535e+02 5.5099902344e+02 5.5101000977e+02 5.5101501465e+02 5.5102301025e+02 5.5103497314e+02 5.5105200195e+02 5.5106896973e+02 5.5108001709e+02 5.5109002686e+02 5.5109899902e+02 5.5110601807e+02 5.5111102295e+02 5.5111602783e+02 5.5112298584e+02 5.5113201904e+02 5.5113800049e+02 5.5114398193e+02 5.5115002441e+02 5.5115100098e+02 5.5115100098e+02 5.5114697266e+02 5.5114099121e+02 5.5113299561e+02 5.5112298584e+02 5.5111199951e+02 5.5109698486e+02 5.5108599854e+02 5.5107897949e+02 5.5107702637e+02 5.5107800293e+02 5.5107702637e+02 5.5107299805e+02 5.5106799316e+02 5.5106201172e+02 5.5104998779e+02 5.5103497314e+02 5.5102001953e+02 5.5100402832e+02 5.5102502441e+02 5.5105297852e+02 5.5106097412e+02 5.5104498291e+02 5.5105499268e+02 5.5106097412e+02 5.5106500244e+02
5.5098797607e+02 5.5101300049e+02 5.5102801514e+02 5.5102502441e+02 5.5103302002e+02 5.5104199219e+02 5.5105499268e+02 5.5106500244e+02 5.5107397461e+02 5.5108300781e+02 5.5109301758e+02 5.5109997559e+02 5.5110400391e+02 5.5110900879e+02 5.5111499023e+02 5.5111999512e+02 5.5112402344e+02 5.5112701416e+02 5.5112799072e+02 5.5113299561e+02 5.5113098145e+02 5.5112799072e+02 5.5112097168e+02 5.5111297607e+02 5.5110498047e+02 5.5109600830e+02 5.5108599854e+02 5.5107397461e+02 5.5106597900e+02 5.5105798340e+02 5.5105603027e+02 5.5105798340e+02 5.5105401611e+02 5.5104998779e+02 5.5104101563e+02 5.5102600098e+02 5.5101501465e+02 5.5100402832e+02 5.5100097656e+02 5.5101202393e+02 5.5103900146e+02 5.5105700684e+02 5.5105902100e+02 5.5104302979e+02 5.5104699707e+02 5.5104797363e+02
5.5100598145e+02 5.5103802490e+02 5.5104302979e+02 5.5103302002e+02 5.5103997803e+02 5.5104699707e+02 5.5105200195e+02 5.5105700684e+02 5.5106597900e+02 5.5107397461e+02 5.5108502197e+02 5.5109100342e+02 5.5109399414e+02 5.5109802246e+02 5.5110302734e+02 5.5110699463e+02 5.5110900879e+02 5.5111102295e+02 5.5111401367e+02 5.5111401367e+02 5.5111199951e+02 5.5110998535e+02 5.5110400391e+02 5.5109301758e+02 5.5108599854e+02 5.5107800293e+02 5.5107000732e+02 5.5106097412e+02 5.5105200195e+02 5.5104199219e+02 5.5103601074e+02 5.5103399658e+02 5.5102899170e+02 5.5102502441e+02 5.5101702881e+02 5.5100500488e+02 5.5099700928e+02 5.5098901367e+02 5.5097802734e+02 5.5098400879e+02 5.5101000977e+02 5.5103698730e+02 5.5104602051e+02 5.5105200195e+02 5.5105102539e+02 5.5103802490e+02
5.5100799561e+02 5.5104199219e+02 5.5104302979e+02 5.5103002930e+02 5.5103698730e+02 5.5104400635e+02 5.5104699707e+02 5.5105102539e+02 5.5105999756e+02 5.5106799316e+02 5.5107702637e+02 5.5108099365e+02 5.5108502197e+02 5.5108801270e+02 5.5109197998e+02 5.5109497070e+02 5.5109600830e+02 5.5109698486e+02 5.5109899902e+02 5.5109802246e+02 5.5109600830e+02 5.5109399414e+02 5.5108801270e+02 5.5107702637e+02 5.5107000732e+02 5.5106298828e+02 5.5105499268e+02 5.5104602051e+02 5.5103698730e+02 5.5102697754e+02 5.5101800537e+02 5.5101202393e+02 5.5100598145e+02 5.5100097656e+02 5.5099499512e+02 5.5098602295e+02 5.5097802734e+02 5.5096997070e+02 5.5096099854e+02 5.5096502686e+02 5.5099298096e+02 5.5102301025e+02 5.5102899170e+02 5.5104797363e+02 5.5105102539e+02 5.5104302979e+02
5.5099200439e+02 5.5102398682e+02 5.5103002930e+02 5.5102398682e+02 5.5103100586e+02 5.5103802490e+02 5.5104101563e+02 5.5104498291e+02 5.5105297852e+02 5.5106201172e+02 5.5106896973e+02 5.5107098389e+02 5.5107501221e+02 5.5107897949e+02 5.5108099365e+02 5.5108197021e+02 5.5108300781e+02 5.5108398438e+02 5.5108502197e+02 5.5108099365e+02 5.5107897949e+02 5.5107702637e+02 5.5107202148e+02 5.5106097412e+02 5.5105401611e+02 5.5104699707e+02 5.5103900146e+02 5.5103002930e+02 5.5102099609e+02 5.5101202393e+02 5.5100097656e+02 5.5099298096e+02 5.5098602295e+02 5.5097998047e+02 5.5097497559e+02 5.5096801758e+02 5.5096002197e+02 5.5095202637e+02 5.5094396973e+02 5.5094799805e+02 5.5097497559e+02 5.5100598145e+02 5.5101397705e+02 5.5103302002e+02 5.5103601074e+02 5.5104302979e+02
5.5097100830e+02 5.5099597168e+02 5.5100402832e+02 5.5101202393e+02 5.5102001953e+02 5.5102801514e+02 5.5103497314e+02 5.5103997803e+02 5.5104797363e+02 5.5105603027e+02 5.5106201172e+02 5.5106201172e+02 5.5106402588e+02 5.5106597900e+02 5.5106799316e+02 5.5107000732e+02 5.5106896973e+02 5.5106896973e+02 5.5106701660e+02 5.5106597900e+02 5.5106298828e+02 5.5105999756e+02 5.5105499268e+02 5.5104699707e+02 5.5103997803e+02 5.5103302002e+02 5.5102502441e+02 5.5101397705e+02 5.5100598145e+02 5.5099700928e+02 5.5098797607e+02 5.5097698975e+02 5.5096899414e+02 5.5096099854e+02 5.5095697021e+02 5.5095098877e+02 5.5094097900e+02 5.5093200684e+02 5.5092199707e+02 5.5092700195e+02 5.5095001221e+02 5.5097802734e+02 5.5099200439e+02 5.5100299072e+02 5.5100799561e+02 5.5102099609e+02
5.5096502686e+02 5.5098498535e+02 5.5099401855e+02 5.5100097656e+02 5.5101098633e+02 5.5102001953e+02 5.5102600098e+02 5.5103198242e+02 5.5103900146e+02 5.5104602051e+02 5.5105200195e+02 5.5105200195e+02 5.5105297852e+02 5.5105401611e+02 5.5105700684e+02 5.5105603027e+02 5.5105401611e+02 5.5105102539e+02 5.5105200195e+02 5.5104998779e+02 5.5104602051e+02 5.5104302979e+02 5.5103802490e+02 5.5103100586e+02 5.5102398682e+02 5.5101800537e+02 5.5100897217e+02 5.5099798584e+02 5.5098999023e+02 5.5098297119e+02 5.5097399902e+02 5.5096398926e+02 5.5095599365e+02 5.5094702148e+02 5.5094097900e+02 5.5093402100e+02 5.5092401123e+02 5.5091400146e+02 5.5090301514e+02 5.5090301514e+02 5.5091998291e+02 5.5094598389e+02 5.5095697021e+02 5.5096997070e+02 5.5098797607e+02 5.5100201416e+02
5.5096099854e+02 5.5097802734e+02 5.5098699951e+02 5.5099401855e+02 5.5100299072e+02 5.5101098633e+02 5.5101702881e+02 5.5102197266e+02 5.5102899170e+02 5.5103601074e+02 5.5104199219e+02 5.5104199219e+02 5.5104302979e+02 5.5104400635e+02 5.5104400635e+02 5.5104199219e+02 5.5103997803e+02 5.5103802490e+02 5.5103698730e+02 5.5103302002e+02 5.5102899170e+02 5.5102502441e+02 5.5102001953e+02 5.5101300049e+02 5.5100701904e+02 5.5100097656e+02 5.5099200439e+02 5.5098297119e+02 5.5097497559e+02 5.5096801758e+02 5.5096002197e+02 5.5095098877e+02 5.5094201660e+02 5.5093298340e+02 5.5092602539e+02 5.5091699219e+02 5.5090698242e+02 5.5089697266e+02 5.5088800049e+02 5.5087500000e+02 5.5088201904e+02 5.5090600586e+02 5.5092700195e+02 5.5094500732e+02 5.5096099854e+02 5.5097302246e+02
5.5095599365e+02 5.5097100830e+02 5.5097802734e+02 5.5098498535e+02 5.5099298096e+02 5.5100097656e+02 5.5100701904e+02 5.5101300049e+02 5.5102001953e+02 5.5102697754e+02 5.5103198242e+02 5.5103198242e+02 5.5103302002e+02 5.5103399658e+02 5.5103302002e+02 5.5102899170e+02 5.5102697754e+02 5.5102398682e+02 5.5102099609e+02 5.5101599121e+02 5.5101202393e+02 5.5100897217e+02 5.5100402832e+02 5.5099597168e+02 5.5098999023e+02 5.5098297119e+02 5.5097698975e+02 5.5096801758e+02 5.5096002197e+02 5.5095300293e+02 5.5094500732e+02 5.5093701172e+02 5.5092797852e+02 5.5091900635e+02 5.5091101074e+02 5.5090002441e+02 5.5089001465e+02 5.5088000488e+02 5.5087097168e+02 5.5084899902e+02 5.5084399414e+02 5.5086499023e+02 5.5089697266e+02 5.5092199707e+02 5.5093298340e+02 5.5094201660e+02
5.5094201660e+02 5.5095599365e+02 5.5096502686e+02 5.5097100830e+02 5.5097998047e+02 5.5098901367e+02 5.5099902344e+02 5.5100402832e+02 5.5101098633e+02 5.5101702881e+02 5.5101898193e+02 5.5102001953e+02 5.5102001953e+02 5.5102001953e+02 5.5101702881e+02 5.5101300049e+02 5.5100897217e+02 5.5100500488e+02 5.5099798584e+02 5.5099798584e+02 5.5099298096e+02 5.5098797607e+02 5.5098101807e+02 5.5097802734e+02 5.5097302246e+02 5.5096697998e+02 5.5096099854e+02 5.5095300293e+02 5.5094598389e+02 5.5094000244e+02 5.5093200684e+02 5.5092102051e+02 5.5091302490e+02 5.5090399170e+02 5.5089300537e+02 5.5088299561e+02 5.5087200928e+02 5.5086102295e+02 5.5084497070e+02 5.5082800293e+02 5.5081597900e+02 5.5083099365e+02 5.5085900879e+02 5.5088702393e+02 5.5090600586e+02 5.5091998291e+02
5.5091998291e+02 5.5092498779e+02 5.5093597412e+02 5.5094897461e+02 5.5096099854e+02 5.5097399902e+02 5.5098602295e+02 5.5099499512e+02 5.5100299072e+02 5.5100799561e+02 5.5101098633e+02 5.5100897217e+02 5.5100897217e+02 5.5100897217e+02 5.5100799561e+02 5.5100201416e+02 5.5099597168e+02 5.5098999023e+02 5.5098699951e+02 5.5098400879e+02 5.5097802734e+02 5.5097100830e+02 5.5096600342e+02 5.5096301270e+02 5.5095800781e+02 5.5095202637e+02 5.5094598389e+02 5.5093798828e+02 5.5093200684e+02 5.5092700195e+02 5.5091802979e+02 5.5090600586e+02 5.5089801025e+02 5.5089001465e+02 5.5087902832e+02 5.5086602783e+02 5.5085302734e+02 5.5084002686e+02 5.5082702637e+02 5.5081298828e+02 5.5081402588e+02 5.5084301758e+02 5.5086297607e+02 5.5087097168e+02 5.5087902832e+02 5.5087799072e+02
5.5091101074e+02 5.5090802002e+02 5.5091497803e+02 5.5093200684e+02 5.5094500732e+02 5.5096002197e+02 5.5097497559e+02 5.5098602295e+02 5.5099401855e+02 5.5100097656e+02 5.5100299072e+02 5.5100097656e+02 5.5100000000e+02 5.5100097656e+02 5.5100000000e+02 5.5099200439e+02 5.5098602295e+02 5.5097998047e+02 5.5097497559e+02 5.5097100830e+02 5.5096398926e+02 5.5095800781e+02 5.5095202637e+02 5.5094799805e+02 5.5094201660e+02 5.5093701172e+02 5.5092999268e+02 5.5092297363e+02 5.5091699219e+02 5.5091101074e+02 5.5090399170e+02 5.5089300537e+02 5.5088500977e+02 5.5087597656e+02 5.5086602783e+02 5.5085198975e+02 5.5083898926e+02 5.5082598877e+02 5.5080902100e+02 5.5079602051e+02 5.5080102539e+02 5.5083197021e+02 5.5084899902e+02 5.5084600830e+02 5.5084698486e+02 5.5084002686e+02
5.5090802002e+02 5.5090197754e+02 5.5090399170e+02 5.5091900635e+02 5.5093298340e+02 5.5094799805e+02 5.5096502686e+02 5.5097802734e+02 5.5098699951e+02 5.5099401855e+02 5.5099597168e+02 5.5099200439e+02 5.5099200439e+02 5.5099298096e+02 5.5099102783e+02 5.5098199463e+02 5.5097601318e+02 5.5096997070e+02 5.5096398926e+02 5.5095697021e+02 5.5095098877e+02 5.5094500732e+02 5.5093798828e+02 5.5093298340e+02 5.5092700195e+02 5.5092199707e+02 5.5091601563e+02 5.5090802002e+02 5.5090197754e+02 5.5089697266e+02 5.5089001465e+02 5.5088000488e+02 5.5087200928e+02 5.5086297607e+02 5.5085498047e+02 5.5084197998e+02 5.5082897949e+02 5.5081500244e+02 5.5080102539e+02 5.5078698730e+02 5.5078399658e+02 5.5079998779e+02 5.5082000732e+02 5.5082098389e+02 5.5083099365e+02 5.5082800293e+02
