TESTSERVER/21/19.asc
NCOLS 100
NROWS 100
XLLCORNER 8.5497500000e+03
YLLCORNER 2.8900025000e+05
CELLSIZE 5.0000000000e-01
NODATA_VALUE -9.9990000000e+03
[rows 0 to 19 of 100, columns 0 to 45 of 100]
5.6093597412e+02 5.6097399902e+02 5.6100799561e+02 5.6102697754e+02 5.6104602051e+02 5.6107098389e+02 5.6110699463e+02 5.6115197754e+02 5.6118200684e+02 5.6119702148e+02 5.6120501709e+02 5.6122802734e+02 5.6125701904e+02 5.6130798340e+02 5.6136700439e+02 5.6137402344e+02 5.6139697266e+02 5.6142700195e+02 5.6146899414e+02 5.6152801514e+02 5.6159002686e+02 5.6166400146e+02 5.6173999023e+02 5.6178997803e+02 5.6184399414e+02 5.6190698242e+02 5.6198901367e+02 5.6205401611e+02 5.6212402344e+02 5.6219500732e+02 5.6227502441e+02 5.6237200928e+02 5.6247399902e+02 5.6254699707e+02 5.6262402344e+02 5.6272998047e+02 5.6283898926e+02 5.6294799805e+02 5.6304302979e+02 5.6313598633e+02 5.6323297119e+02 5.6333300781e+02 5.6343902588e+02 5.6353497314e+02 5.6364099121e+02 5.6374298096e+02
5.6078497314e+02 5.6082202148e+02 5.6084600830e+02 5.6086700439e+02 5.6088397217e+02 5.6090997314e+02 5.6094897461e+02 5.6099298096e+02 5.6101800537e+02 5.6102801514e+02 5.6102801514e+02 5.6105200195e+02 5.6107897949e+02 5.6112200928e+02 5.6117297363e+02 5.6119897461e+02 5.6123602295e+02 5.6126702881e+02 5.6131298828e+02 5.6136798096e+02 5.6142498779e+02 5.6150097656e+02 5.6157202148e+02 5.6161199951e+02 5.6166101074e+02 5.6172497559e+02 5.6181402588e+02 5.6189099121e+02 5.6196398926e+02 5.6203900146e+02 5.6211901855e+02 5.6219201660e+02 5.6229901123e+02 5.6238201904e+02 5.6246502686e+02 5.6257000732e+02 5.6267901611e+02 5.6278100586e+02 5.6286199951e+02 5.6296099854e+02 5.6305902100e+02 5.6315802002e+02 5.6326599121e+02 5.6334698486e+02 5.6344299316e+02 5.6354998779e+02
5.6062799072e+02 5.6065899658e+02 5.6067901611e+02 5.6070202637e+02 5.6072198486e+02 5.6075598145e+02 5.6079498291e+02 5.6083197021e+02 5.6085601807e+02 5.6085998535e+02 5.6085601807e+02 5.6089300537e+02 5.6092401123e+02 5.6095300293e+02 5.6099298096e+02 5.6101397705e+02 5.6104199219e+02 5.6107800293e+02 5.6115100098e+02 5.6120697021e+02 5.6125799561e+02 5.6132800293e+02 5.6139898682e+02 5.6144500732e+02 5.6149798584e+02 5.6155999756e+02 5.6163397217e+02 5.6171099854e+02 5.6179602051e+02 5.6188897705e+02 5.6197302246e+02 5.6204199219e+02 5.6213702393e+02 5.6221197510e+02 5.6229699707e+02 5.6240100098e+02 5.6250201416e+02 5.6260198975e+02 5.6268597412e+02 5.6278900146e+02 5.6288397217e+02 5.6297900391e+02 5.6309301758e+02 5.6317700195e+02 5.6326702881e+02 5.6337402344e+02
5.6047900391e+02 5.6049902344e+02 5.6051300049e+02 5.6053100586e+02 5.6055700684e+02 5.6060101318e+02 5.6064202881e+02 5.6066900635e+02 5.6069500732e+02 5.6069702148e+02 5.6069201660e+02 5.6073297119e+02 5.6076800537e+02 5.6079199219e+02 5.6082897949e+02 5.6084100342e+02 5.6086602783e+02 5.6090100098e+02 5.6097998047e+02 5.6104901123e+02 5.6110699463e+02 5.6117297363e+02 5.6123498535e+02 5.6127301025e+02 5.6133599854e+02 5.6140698242e+02 5.6146398926e+02 5.6153698730e+02 5.6162500000e+02 5.6172302246e+02 5.6180798340e+02 5.6188500977e+02 5.6197802734e+02 5.6205499268e+02 5.6213702393e+02 5.6224298096e+02 5.6233099365e+02 5.6242199707e+02 5.6251202393e+02 5.6261901855e+02 5.6271301270e+02 5.6280700684e+02 5.6292498779e+02 5.6300701904e+02 5.6309197998e+02 5.6319500732e+02
5.6034399414e+02 5.6034301758e+02 5.6035699463e+02 5.6037799072e+02 5.6040899658e+02 5.6045202637e+02 5.6048101807e+02 5.6049902344e+02 5.6051898193e+02 5.6052697754e+02 5.6054101563e+02 5.6057501221e+02 5.6060400391e+02 5.6063702393e+02 5.6066802979e+02 5.6067999268e+02 5.6072802734e+02 5.6076202393e+02 5.6079797363e+02 5.6087402344e+02 5.6095001221e+02 5.6102697754e+02 5.6107897949e+02 5.6109301758e+02 5.6115899658e+02 5.6123797607e+02 5.6129498291e+02 5.6137902832e+02 5.6146002197e+02 5.6154101563e+02 5.6161297607e+02 5.6170001221e+02 5.6180297852e+02 5.6189501953e+02 5.6198498535e+02 5.6208099365e+02 5.6216900635e+02 5.6225598145e+02 5.6233300781e+02 5.6244396973e+02 5.6254602051e+02 5.6265100098e+02 5.6276000977e+02 5.6282598877e+02 5.6291198730e+02 5.6301501465e+02
5.6020001221e+02 5.6018701172e+02 5.6020800781e+02 5.6023199463e+02 5.6026202393e+02 5.6029998779e+02 5.6032397461e+02 5.6034301758e+02 5.6035400391e+02 5.6036401367e+02 5.6038702393e+02 5.6042102051e+02 5.6045501709e+02 5.6048901367e+02 5.6050201416e+02 5.6049902344e+02 5.6054302979e+02 5.6058502197e+02 5.6063702393e+02 5.6069702148e+02 5.6075897217e+02 5.6082397461e+02 5.6088800049e+02 5.6093103027e+02 5.6100299072e+02 5.6108197021e+02 5.6114501953e+02 5.6122198486e+02 5.6129302979e+02 5.6136901855e+02 5.6145202637e+02 5.6153997803e+02 5.6164501953e+02 5.6173797607e+02 5.6183197021e+02 5.6190802002e+02 5.6199597168e+02 5.6209301758e+02 5.6215899658e+02 5.6226397705e+02 5.6236297607e+02 5.6246197510e+02 5.6257000732e+02 5.6264697266e+02 5.6273699951e+02 5.6282598877e+02
5.6006799316e+02 5.6005401611e+02 5.6006597900e+02 5.6008197021e+02 5.6010998535e+02 5.6014599609e+02 5.6016601563e+02 5.6018701172e+02 5.6019396973e+02 5.6020202637e+02 5.6021899414e+02 5.6025097656e+02 5.6028497314e+02 5.6031201172e+02 5.6031701660e+02 5.6032800293e+02 5.6036602783e+02 5.6040899658e+02 5.6047900391e+02 5.6054901123e+02 5.6059899902e+02 5.6065502930e+02 5.6072698975e+02 5.6077099609e+02 5.6084100342e+02 5.6092602539e+02 5.6099902344e+02 5.6107202148e+02 5.6113702393e+02 5.6121197510e+02 5.6129602051e+02 5.6137402344e+02 5.6147302246e+02 5.6156402588e+02 5.6166497803e+02 5.6174700928e+02 5.6183099365e+02 5.6192297363e+02 5.6198602295e+02 5.6208697510e+02 5.6218200684e+02 5.6228002930e+02 5.6239202881e+02 5.6246697998e+02 5.6254602051e+02 5.6263598633e+02
5.5991699219e+02 5.5990802002e+02 5.5991601563e+02 5.5992700195e+02 5.5995800781e+02 5.5999200439e+02 5.6000402832e+02 5.6001599121e+02 5.6002197266e+02 5.6003601074e+02 5.6005603027e+02 5.6008001709e+02 5.6009802246e+02 5.6011199951e+02 5.6011798096e+02 5.6014099121e+02 5.6019299316e+02 5.6024597168e+02 5.6031402588e+02 5.6038598633e+02 5.6043298340e+02 5.6049401855e+02 5.6058001709e+02 5.6060797119e+02 5.6066699219e+02 5.6075097656e+02 5.6082000732e+02 5.6089697266e+02 5.6096801758e+02 5.6104602051e+02 5.6113702393e+02 5.6120501709e+02 5.6129797363e+02 5.6138299561e+02 5.6147698975e+02 5.6157299805e+02 5.6165997314e+02 5.6174499512e+02 5.6181402588e+02 5.6191699219e+02 5.6201098633e+02 5.6211102295e+02 5.6222601318e+02 5.6229199219e+02 5.6236602783e+02 5.6245898438e+02
5.5972802734e+02 5.5972497559e+02 5.5973699951e+02 5.5975799561e+02 5.5978900146e+02 5.5982299805e+02 5.5984997559e+02 5.5984698486e+02 5.5985198975e+02 5.5987597656e+02 5.5990600586e+02 5.5991900635e+02 5.5991998291e+02 5.5992901611e+02 5.5993298340e+02 5.5996301270e+02 5.6001300049e+02 5.6007598877e+02 5.6013702393e+02 5.6020001221e+02 5.6024798584e+02 5.6031402588e+02 5.6040502930e+02 5.6044500732e+02 5.6050799561e+02 5.6058099365e+02 5.6063299561e+02 5.6071600342e+02 5.6080297852e+02 5.6089099121e+02 5.6097497559e+02 5.6103497314e+02 5.6113201904e+02 5.6121697998e+02 5.6129400635e+02 5.6138098145e+02 5.6147497559e+02 5.6156500244e+02 5.6164099121e+02 5.6175097656e+02 5.6183599854e+02 5.6193103027e+02 5.6204199219e+02 5.6210400391e+02 5.6218499756e+02 5.6227899170e+02
5.5956799316e+02 5.5955999756e+02 5.5957702637e+02 5.5959899902e+02 5.5961901855e+02 5.5964599609e+02 5.5967999268e+02 5.5969396973e+02 5.5969799805e+02 5.5971697998e+02 5.5975299072e+02 5.5977600098e+02 5.5977301025e+02 5.5976599121e+02 5.5976397705e+02 5.5977600098e+02 5.5982702637e+02 5.5989801025e+02 5.5995697021e+02 5.6003100586e+02 5.6009100342e+02 5.6015502930e+02 5.6024102783e+02 5.6028497314e+02 5.6034899902e+02 5.6041497803e+02 5.6046697998e+02 5.6055499268e+02 5.6064697266e+02 5.6073999023e+02 5.6081500244e+02 5.6087200928e+02 5.6095501709e+02 5.6102398682e+02 5.6111499023e+02 5.6120599365e+02 5.6129901123e+02 5.6139202881e+02 5.6145697021e+02 5.6156097412e+02 5.6164300537e+02 5.6173797607e+02 5.6184600830e+02 5.6191198730e+02 5.6200000000e+02 5.6209301758e+02
5.5942297363e+02 5.5941101074e+02 5.5941699219e+02 5.5943298340e+02 5.5944500732e+02 5.5947100830e+02 5.5950799561e+02 5.5953100586e+02 5.5953802490e+02 5.5955700684e+02 5.5960101318e+02 5.5963201904e+02 5.5963201904e+02 5.5962200928e+02 5.5961499023e+02 5.5960900879e+02 5.5965002441e+02 5.5972198486e+02 5.5979302979e+02 5.5987597656e+02 5.5993402100e+02 5.5998999023e+02 5.6005999756e+02 5.6011401367e+02 5.6018597412e+02 5.6025500488e+02 5.6031298828e+02 5.6038897705e+02 5.6046997070e+02 5.6055700684e+02 5.6063299561e+02 5.6071197510e+02 5.6079400635e+02 5.6085400391e+02 5.6094598389e+02 5.6103601074e+02 5.6111999512e+02 5.6120397949e+02 5.6126702881e+02 5.6137097168e+02 5.6146002197e+02 5.6155401611e+02 5.6165100098e+02 5.6172302246e+02 5.6180603027e+02 5.6189300537e+02
5.5928100586e+02 5.5927301025e+02 5.5926501465e+02 5.5927600098e+02 5.5928497314e+02 5.5930603027e+02 5.5933502197e+02 5.5935699463e+02 5.5937298584e+02 5.5940301514e+02 5.5944201660e+02 5.5946600342e+02 5.5947100830e+02 5.5947698975e+02 5.5948699951e+02 5.5947601318e+02 5.5950000000e+02 5.5956201172e+02 5.5964001465e+02 5.5971801758e+02 5.5976702881e+02 5.5981799316e+02 5.5987799072e+02 5.5994500732e+02 5.6002398682e+02 5.6009399414e+02 5.6015899658e+02 5.6022601318e+02 5.6029901123e+02 5.6038299561e+02 5.6045898438e+02 5.6055102539e+02 5.6063299561e+02 5.6069201660e+02 5.6077801514e+02 5.6085797119e+02 5.6094000244e+02 5.6101501465e+02 5.6108300781e+02 5.6118597412e+02 5.6127502441e+02 5.6136798096e+02 5.6145501709e+02 5.6152899170e+02 5.6160797119e+02 5.6169000244e+02
5.5915399170e+02 5.5914898682e+02 5.5912902832e+02 5.5913397217e+02 5.5914001465e+02 5.5915600586e+02 5.5918200684e+02 5.5919598389e+02 5.5921697998e+02 5.5924798584e+02 5.5927801514e+02 5.5928997803e+02 5.5928900146e+02 5.5930902100e+02 5.5935400391e+02 5.5934899902e+02 5.5937500000e+02 5.5942102051e+02 5.5947900391e+02 5.5954400635e+02 5.5959497070e+02 5.5965399170e+02 5.5970800781e+02 5.5978399658e+02 5.5985998535e+02 5.5992700195e+02 5.5999700928e+02 5.6006799316e+02 5.6013800049e+02 5.6022302246e+02 5.6031097412e+02 5.6039398193e+02 5.6047497559e+02 5.6053802490e+02 5.6059399414e+02 5.6067602539e+02 5.6076397705e+02 5.6084197998e+02 5.6090698242e+02 5.6099597168e+02 5.6107800293e+02 5.6117297363e+02 5.6126300049e+02 5.6133197021e+02 5.6141601563e+02 5.6150097656e+02
5.5899902344e+02 5.5899102783e+02 5.5898199463e+02 5.5898699951e+02 5.5898602295e+02 5.5899700928e+02 5.5902600098e+02 5.5905102539e+02 5.5907098389e+02 5.5908801270e+02 5.5911297607e+02 5.5911999512e+02 5.5911602783e+02 5.5914501953e+02 5.5920599365e+02 5.5920599365e+02 5.5924499512e+02 5.5929797363e+02 5.5934497070e+02 5.5940502930e+02 5.5946002197e+02 5.5950897217e+02 5.5954699707e+02 5.5960797119e+02 5.5967999268e+02 5.5975299072e+02 5.5982897949e+02 5.5990899658e+02 5.5997601318e+02 5.6005902100e+02 5.6015002441e+02 5.6022100830e+02 5.6030902100e+02 5.6038098145e+02 5.6042700195e+02 5.6050598145e+02 5.6059197998e+02 5.6066998291e+02 5.6073101807e+02 5.6080700684e+02 5.6088299561e+02 5.6097399902e+02 5.6106298828e+02 5.6113500977e+02 5.6121502686e+02 5.6129199219e+02
5.5884899902e+02 5.5883398438e+02 5.5883599854e+02 5.5884698486e+02 5.5884698486e+02 5.5885498047e+02 5.5888098145e+02 5.5892199707e+02 5.5894097900e+02 5.5894299316e+02 5.5895898438e+02 5.5896899414e+02 5.5896997070e+02 5.5900000000e+02 5.5905499268e+02 5.5905297852e+02 5.5908697510e+02 5.5914001465e+02 5.5919396973e+02 5.5925897217e+02 5.5931896973e+02 5.5936999512e+02 5.5939898682e+02 5.5945098877e+02 5.5951599121e+02 5.5958697510e+02 5.5966400146e+02 5.5974798584e+02 5.5981097412e+02 5.5988897705e+02 5.5997100830e+02 5.6002398682e+02 5.6011297607e+02 5.6020001221e+02 5.6027099609e+02 5.6034497070e+02 5.6041900635e+02 5.6048999023e+02 5.6054901123e+02 5.6061901855e+02 5.6069598389e+02 5.6078100586e+02 5.6085797119e+02 5.6092901611e+02 5.6100299072e+02 5.6107598877e+02
5.5872100830e+02 5.5870697021e+02 5.5870397949e+02 5.5871099854e+02 5.5870800781e+02 5.5871301270e+02 5.5873699951e+02 5.5878601074e+02 5.5880102539e+02 5.5879602051e+02 5.5881298828e+02 5.5883697510e+02 5.5884899902e+02 5.5887200928e+02 5.5889898682e+02 5.5889300537e+02 5.5891998291e+02 5.5897100830e+02 5.5902697754e+02 5.5909002686e+02 5.5914898682e+02 5.5920501709e+02 5.5924401855e+02 5.5929498291e+02 5.5935601807e+02 5.5942401123e+02 5.5950000000e+02 5.5958300781e+02 5.5964001465e+02 5.5971197510e+02 5.5979101563e+02 5.5985400391e+02 5.5993298340e+02 5.6001599121e+02 5.6010101318e+02 5.6017102051e+02 5.6023699951e+02 5.6030798340e+02 5.6037097168e+02 5.6043902588e+02 5.6051397705e+02 5.6059197998e+02 5.6065802002e+02 5.6071899414e+02 5.6078002930e+02 5.6085198975e+02
5.5857897949e+02 5.5857897949e+02 5.5858697510e+02 5.5858697510e+02 5.5856799316e+02 5.5855700684e+02 5.5858099365e+02 5.5861798096e+02 5.5863299561e+02 5.5863500977e+02 5.5864697266e+02 5.5868798828e+02 5.5871502686e+02 5.5873400879e+02 5.5871099854e+02 5.5872802734e+02 5.5876098633e+02 5.5880603027e+02 5.5885400391e+02 5.5891101074e+02 5.5895599365e+02 5.5900799561e+02 5.5905902100e+02 5.5912200928e+02 5.5918701172e+02 5.5925500488e+02 5.5932598877e+02 5.5940802002e+02 5.5946398926e+02 5.5953100586e+02 5.5959600830e+02 5.5967700195e+02 5.5975897217e+02 5.5983300781e+02 5.5990301514e+02 5.5997900391e+02 5.6004901123e+02 5.6012500000e+02 5.6020300293e+02 5.6026397705e+02 5.6033001709e+02 5.6040399170e+02 5.6047601318e+02 5.6051800537e+02 5.6057000732e+02 5.6063897705e+02
5.5842602539e+02 5.5842797852e+02 5.5843597412e+02 5.5843402100e+02 5.5841699219e+02 5.5841601563e+02 5.5843597412e+02 5.5845098877e+02 5.5846002197e+02 5.5846997070e+02 5.5848400879e+02 5.5851898193e+02 5.5853002930e+02 5.5853601074e+02 5.5853302002e+02 5.5855200195e+02 5.5859997559e+02 5.5864697266e+02 5.5868798828e+02 5.5874298096e+02 5.5878100586e+02 5.5882800293e+02 5.5888702393e+02 5.5894396973e+02 5.5901098633e+02 5.5908398438e+02 5.5916802979e+02 5.5923498535e+02 5.5928698730e+02 5.5935797119e+02 5.5942999268e+02 5.5950402832e+02 5.5958599854e+02 5.5966302490e+02 5.5973602295e+02 5.5980700684e+02 5.5987298584e+02 5.5994897461e+02 5.6002801514e+02 5.6009002686e+02 5.6015002441e+02 5.6021899414e+02 5.6028302002e+02 5.6032702637e+02 5.6038897705e+02 5.6045599365e+02
5.5828802490e+02 5.5827899170e+02 5.5827301025e+02 5.5825000000e+02 5.5822802734e+02 5.5824700928e+02 5.5827899170e+02 5.5828997803e+02 5.5830200195e+02 5.5832098389e+02 5.5834100342e+02 5.5835900879e+02 5.5836102295e+02 5.5837200928e+02 5.5838598633e+02 5.5838299561e+02 5.5842901611e+02 5.5848297119e+02 5.5852899170e+02 5.5858898926e+02 5.5864099121e+02 5.5868798828e+02 5.5872998047e+02 5.5878198242e+02 5.5883502197e+02 5.5889599609e+02 5.5898199463e+02 5.5905999756e+02 5.5912200928e+02 5.5919702148e+02 5.5926599121e+02 5.5933099365e+02 5.5941198730e+02 5.5949401855e+02 5.5956799316e+02 5.5964001465e+02 5.5970501709e+02 5.5977301025e+02 5.5984197998e+02 5.5989697266e+02 5.5995599365e+02 5.6002197266e+02 5.6007897949e+02 5.6013702393e+02 5.6020300293e+02 5.6025799561e+02
5.5818798828e+02 5.5817102051e+02 5.5814300537e+02 5.5809802246e+02 5.5805603027e+02 5.5806799316e+02 5.5810900879e+02 5.5814501953e+02 5.5817102051e+02 5.5819299316e+02 5.5821398926e+02 5.5821697998e+02 5.5821301270e+02 5.5822900391e+02 5.5824499512e+02 5.5823400879e+02 5.5826702881e+02 5.5831799316e+02 5.5836999512e+02 5.5842498779e+02 5.5848999023e+02 5.5854199219e+02 5.5857299805e+02 5.5862701416e+02 5.5867498779e+02 5.5871997070e+02 5.5878802490e+02 5.5887298584e+02 5.5894702148e+02 5.5902398682e+02 5.5909600830e+02 5.5915698242e+02 5.5923101807e+02 5.5930902100e+02 5.5938299561e+02 5.5946197510e+02 5.5952099609e+02 5.5957897949e+02 5.5964501953e+02 5.5970397949e+02 5.5976300049e+02 5.5982702637e+02 5.5987902832e+02 5.5993103027e+02 5.5999401855e+02 5.6004199219e+02
