TESTSERVER/21/19.asc
NCOLS 100
NROWS 100
XLLCORNER 8.5497500000e+03
YLLCORNER 2.8900025000e+05
CELLSIZE 5.0000000000e-01
NODATA_VALUE -9.9990000000e+03
[rows 40 to 59 of 100, columns 0 to 45 of 100]
5.5390100098e+02 5.5392401123e+02 5.5394500732e+02 5.5398901367e+02 5.5401300049e+02 5.5403601074e+02 5.5403302002e+02 5.5406402588e+02 5.5408398438e+02 5.5410699463e+02 5.5412097168e+02 5.5418597412e+02 5.5425201416e+02 5.5432897949e+02 5.5441400146e+02 5.5451202393e+02 5.5456799316e+02 5.5460900879e+02 5.5464599609e+02 5.5462097168e+02 5.5461297607e+02 5.5460498047e+02 5.5460302734e+02 5.5463800049e+02 5.5465002441e+02 5.5465301514e+02 5.5465997314e+02 5.5465899658e+02 5.5469598389e+02 5.5477502441e+02 5.5485797119e+02 5.5491802979e+02 5.5502099609e+02 5.5510998535e+02 5.5516497803e+02 5.5529400635e+02 5.5534497070e+02 5.5536297607e+02 5.5537298584e+02 5.5538000488e+02 5.5543298340e+02 5.5550402832e+02 5.5554699707e+02 5.5555700684e+02 5.5557800293e+02 5.5561297607e+02
5.5371899414e+02 5.5374401855e+02 5.5377197266e+02 5.5379901123e+02 5.5382397461e+02 5.5384997559e+02 5.5386700439e+02 5.5388000488e+02 5.5390600586e+02 5.5393701172e+02 5.5397601318e+02 5.5403002930e+02 5.5409698486e+02 5.5417999268e+02 5.5429998779e+02 5.5441198730e+02 5.5449700928e+02 5.5457397461e+02 5.5464398193e+02 5.5466101074e+02 5.5464898682e+02 5.5462902832e+02 5.5461602783e+02 5.5462500000e+02 5.5462701416e+02 5.5463500977e+02 5.5465301514e+02 5.5465301514e+02 5.5465301514e+02 5.5467498779e+02 5.5471600342e+02 5.5475701904e+02 5.5483001709e+02 5.5488299561e+02 5.5492700195e+02 5.5500799561e+02 5.5509002686e+02 5.5516302490e+02 5.5520599365e+02 5.5517999268e+02 5.5521997070e+02 5.5530700684e+02 5.5536102295e+02 5.5537298584e+02 5.5540802002e+02 5.5543499756e+02
5.5354400635e+02 5.5356799316e+02 5.5359802246e+02 5.5362597656e+02 5.5365301514e+02 5.5367797852e+02 5.5369799805e+02 5.5371697998e+02 5.5374700928e+02 5.5378302002e+02 5.5382598877e+02 5.5388397217e+02 5.5395599365e+02 5.5404302979e+02 5.5417102051e+02 5.5430200195e+02 5.5440698242e+02 5.5450598145e+02 5.5461199951e+02 5.5466601563e+02 5.5467199707e+02 5.5466601563e+02 5.5465502930e+02 5.5464898682e+02 5.5463201904e+02 5.5462402344e+02 5.5463800049e+02 5.5464398193e+02 5.5464599609e+02 5.5465002441e+02 5.5465600586e+02 5.5466699219e+02 5.5470001221e+02 5.5473101807e+02 5.5476702881e+02 5.5481402588e+02 5.5489099121e+02 5.5497998047e+02 5.5504498291e+02 5.5500897217e+02 5.5503302002e+02 5.5511602783e+02 5.5517602539e+02 5.5518200684e+02 5.5521301270e+02 5.5523699951e+02
5.5336798096e+02 5.5339300537e+02 5.5342199707e+02 5.5345202637e+02 5.5347998047e+02 5.5350701904e+02 5.5352899170e+02 5.5355401611e+02 5.5358697510e+02 5.5362701416e+02 5.5367199707e+02 5.5372998047e+02 5.5380499268e+02 5.5389599609e+02 5.5402398682e+02 5.5416400146e+02 5.5428497314e+02 5.5440301514e+02 5.5453302002e+02 5.5461602783e+02 5.5465100098e+02 5.5467498779e+02 5.5469097900e+02 5.5469097900e+02 5.5466699219e+02 5.5464099121e+02 5.5463201904e+02 5.5462402344e+02 5.5463299561e+02 5.5464697266e+02 5.5465197754e+02 5.5465002441e+02 5.5465802002e+02 5.5466302490e+02 5.5467297363e+02 5.5469598389e+02 5.5474597168e+02 5.5481402588e+02 5.5486700439e+02 5.5484197998e+02 5.5485498047e+02 5.5491198730e+02 5.5495697021e+02 5.5497198486e+02 5.5500201416e+02 5.5501898193e+02
5.5319097900e+02 5.5321697998e+02 5.5324597168e+02 5.5327600098e+02 5.5330499268e+02 5.5333398438e+02 5.5336297607e+02 5.5339300537e+02 5.5342999268e+02 5.5346997070e+02 5.5350897217e+02 5.5357397461e+02 5.5365301514e+02 5.5374401855e+02 5.5385101318e+02 5.5398797607e+02 5.5412402344e+02 5.5426300049e+02 5.5441900635e+02 5.5450402832e+02 5.5456799316e+02 5.5462701416e+02 5.5467901611e+02 5.5470501709e+02 5.5469897461e+02 5.5467199707e+02 5.5464801025e+02 5.5461999512e+02 5.5461602783e+02 5.5463000488e+02 5.5463500977e+02 5.5464501953e+02 5.5465899658e+02 5.5465002441e+02 5.5462500000e+02 5.5462298584e+02 5.5464001465e+02 5.5466900635e+02 5.5468798828e+02 5.5468103027e+02 5.5468902588e+02 5.5471801758e+02 5.5474902344e+02 5.5477899170e+02 5.5480999756e+02 5.5481799316e+02
5.5301300049e+02 5.5303997803e+02 5.5307098389e+02 5.5310101318e+02 5.5313201904e+02 5.5316302490e+02 5.5319396973e+02 5.5322698975e+02 5.5326397705e+02 5.5330200195e+02 5.5334301758e+02 5.5340899658e+02 5.5348101807e+02 5.5356097412e+02 5.5365399170e+02 5.5377099609e+02 5.5389099121e+02 5.5401599121e+02 5.5415997314e+02 5.5431298828e+02 5.5441400146e+02 5.5450299072e+02 5.5458801270e+02 5.5465399170e+02 5.5469500732e+02 5.5471002197e+02 5.5471801758e+02 5.5469097900e+02 5.5466802979e+02 5.5464300537e+02 5.5461999512e+02 5.5462402344e+02 5.5464599609e+02 5.5464501953e+02 5.5462402344e+02 5.5461297607e+02 5.5459399414e+02 5.5457800293e+02 5.5457000732e+02 5.5454797363e+02 5.5454302979e+02 5.5456097412e+02 5.5458001709e+02 5.5458502197e+02 5.5460601807e+02 5.5461901855e+02
5.5283599854e+02 5.5286401367e+02 5.5289501953e+02 5.5292797852e+02 5.5296002197e+02 5.5299200439e+02 5.5302301025e+02 5.5305798340e+02 5.5309399414e+02 5.5313201904e+02 5.5317401123e+02 5.5323199463e+02 5.5329498291e+02 5.5336401367e+02 5.5344396973e+02 5.5353698730e+02 5.5363299561e+02 5.5373498535e+02 5.5385699463e+02 5.5405999756e+02 5.5418298340e+02 5.5428802490e+02 5.5441198730e+02 5.5452099609e+02 5.5460400391e+02 5.5466198730e+02 5.5471502686e+02 5.5474401855e+02 5.5475701904e+02 5.5473297119e+02 5.5467297363e+02 5.5464697266e+02 5.5464099121e+02 5.5462097168e+02 5.5460998535e+02 5.5460900879e+02 5.5458599854e+02 5.5455902100e+02 5.5453900146e+02 5.5450402832e+02 5.5447698975e+02 5.5446398926e+02 5.5445800781e+02 5.5443701172e+02 5.5442700195e+02 5.5442602539e+02
5.5265997314e+02 5.5268701172e+02 5.5271997070e+02 5.5275402832e+02 5.5278698730e+02 5.5282098389e+02 5.5285400391e+02 5.5288897705e+02 5.5292498779e+02 5.5296301270e+02 5.5300299072e+02 5.5304998779e+02 5.5310198975e+02 5.5315997314e+02 5.5322198486e+02 5.5328399658e+02 5.5335498047e+02 5.5343298340e+02 5.5352697754e+02 5.5375201416e+02 5.5388702393e+02 5.5400500488e+02 5.5415698242e+02 5.5426800537e+02 5.5435101318e+02 5.5442102051e+02 5.5450402832e+02 5.5460797119e+02 5.5472601318e+02 5.5477899170e+02 5.5473498535e+02 5.5471398926e+02 5.5469396973e+02 5.5464501953e+02 5.5460900879e+02 5.5460198975e+02 5.5458099365e+02 5.5455700684e+02 5.5453601074e+02 5.5449700928e+02 5.5444897461e+02 5.5441101074e+02 5.5438098145e+02 5.5434002686e+02 5.5430200195e+02 5.5427697754e+02
5.5248400879e+02 5.5251202393e+02 5.5254602051e+02 5.5258099365e+02 5.5261602783e+02 5.5265197754e+02 5.5269396973e+02 5.5272302246e+02 5.5275598145e+02 5.5278900146e+02 5.5282000732e+02 5.5286401367e+02 5.5289801025e+02 5.5293402100e+02 5.5295397949e+02 5.5301702881e+02 5.5306097412e+02 5.5310797119e+02 5.5316302490e+02 5.5342401123e+02 5.5357202148e+02 5.5370599365e+02 5.5384600830e+02 5.5390100098e+02 5.5395501709e+02 5.5400701904e+02 5.5405700684e+02 5.5420697021e+02 5.5441198730e+02 5.5458197021e+02 5.5463500977e+02 5.5469396973e+02 5.5472601318e+02 5.5469702148e+02 5.5466101074e+02 5.5460797119e+02 5.5456799316e+02 5.5453198242e+02 5.5449298096e+02 5.5445898438e+02 5.5441198730e+02 5.5436602783e+02 5.5432800293e+02 5.5427301025e+02 5.5423101807e+02 5.5418798828e+02
5.5230902100e+02 5.5233697510e+02 5.5236999512e+02 5.5240600586e+02 5.5244201660e+02 5.5248101807e+02 5.5252197266e+02 5.5255700684e+02 5.5258801270e+02 5.5261401367e+02 5.5264300537e+02 5.5267602539e+02 5.5269897461e+02 5.5271899414e+02 5.5273901367e+02 5.5276800537e+02 5.5279602051e+02 5.5282501221e+02 5.5284698486e+02 5.5304302979e+02 5.5321997070e+02 5.5337097168e+02 5.5347497559e+02 5.5351599121e+02 5.5359399414e+02 5.5364398193e+02 5.5364599609e+02 5.5371502686e+02 5.5385498047e+02 5.5400299072e+02 5.5412298584e+02 5.5433398438e+02 5.5454602051e+02 5.5463897705e+02 5.5465502930e+02 5.5466302490e+02 5.5462402344e+02 5.5455999756e+02 5.5449401855e+02 5.5442498779e+02 5.5436102295e+02 5.5431201172e+02 5.5427197266e+02 5.5420599365e+02 5.5415301514e+02 5.5410302734e+02
5.5213299561e+02 5.5215899658e+02 5.5219201660e+02 5.5222802734e+02 5.5226501465e+02 5.5230499268e+02 5.5234802246e+02 5.5238598633e+02 5.5241699219e+02 5.5244299316e+02 5.5246600342e+02 5.5248999023e+02 5.5250897217e+02 5.5252502441e+02 5.5253002930e+02 5.5253497314e+02 5.5254797363e+02 5.5256298828e+02 5.5258001709e+02 5.5271301270e+02 5.5287200928e+02 5.5301300049e+02 5.5308801270e+02 5.5313500977e+02 5.5320800781e+02 5.5323699951e+02 5.5321997070e+02 5.5327099609e+02 5.5337097168e+02 5.5347998047e+02 5.5356097412e+02 5.5377001953e+02 5.5408599854e+02 5.5433099365e+02 5.5446697998e+02 5.5457800293e+02 5.5462097168e+02 5.5459899902e+02 5.5452697754e+02 5.5444299316e+02 5.5434997559e+02 5.5426599121e+02 5.5421197510e+02 5.5414801025e+02 5.5408697510e+02 5.5402197266e+02
5.5195397949e+02 5.5197998047e+02 5.5201202393e+02 5.5204901123e+02 5.5208697510e+02 5.5212701416e+02 5.5217297363e+02 5.5221301270e+02 5.5224401855e+02 5.5227099609e+02 5.5229101563e+02 5.5230700684e+02 5.5232202148e+02 5.5233398438e+02 5.5233001709e+02 5.5231597900e+02 5.5231402588e+02 5.5231500244e+02 5.5233197021e+02 5.5241101074e+02 5.5252801514e+02 5.5264898682e+02 5.5269396973e+02 5.5272497559e+02 5.5276898193e+02 5.5277502441e+02 5.5277600098e+02 5.5285900879e+02 5.5295697021e+02 5.5304797363e+02 5.5309997559e+02 5.5318200684e+02 5.5341302490e+02 5.5369598389e+02 5.5396600342e+02 5.5420800781e+02 5.5438800049e+02 5.5447497559e+02 5.5445697021e+02 5.5442797852e+02 5.5436602783e+02 5.5426202393e+02 5.5416101074e+02 5.5408801270e+02 5.5402197266e+02 5.5395501709e+02
5.5176098633e+02 5.5178601074e+02 5.5180499268e+02 5.5185400391e+02 5.5189501953e+02 5.5193902588e+02 5.5197802734e+02 5.5202697754e+02 5.5206097412e+02 5.5208801270e+02 5.5210498047e+02 5.5212799072e+02 5.5213299561e+02 5.5212902832e+02 5.5209802246e+02 5.5210601807e+02 5.5208697510e+02 5.5206799316e+02 5.5206201172e+02 5.5210302734e+02 5.5218103027e+02 5.5226898193e+02 5.5229199219e+02 5.5228601074e+02 5.5229498291e+02 5.5229699707e+02 5.5232598877e+02 5.5242199707e+02 5.5253302002e+02 5.5263397217e+02 5.5271301270e+02 5.5272497559e+02 5.5274700928e+02 5.5289697266e+02 5.5320098877e+02 5.5349700928e+02 5.5380297852e+02 5.5406201172e+02 5.5421997070e+02 5.5430798340e+02 5.5435302734e+02 5.5428601074e+02 5.5415002441e+02 5.5402197266e+02 5.5394299316e+02 5.5388800049e+02
5.5156201172e+02 5.5158398438e+02 5.5160998535e+02 5.5164300537e+02 5.5168597412e+02 5.5173400879e+02 5.5178900146e+02 5.5183599854e+02 5.5187402344e+02 5.5190197754e+02 5.5192999268e+02 5.5195098877e+02 5.5194799805e+02 5.5192797852e+02 5.5189398193e+02 5.5186297607e+02 5.5182598877e+02 5.5178698730e+02 5.5175000000e+02 5.5176898193e+02 5.5183898926e+02 5.5190698242e+02 5.5192199707e+02 5.5188800049e+02 5.5187200928e+02 5.5186499023e+02 5.5189300537e+02 5.5197399902e+02 5.5207098389e+02 5.5216101074e+02 5.5223901367e+02 5.5229199219e+02 5.5230603027e+02 5.5234197998e+02 5.5248297119e+02 5.5266400146e+02 5.5297100830e+02 5.5334399414e+02 5.5363598633e+02 5.5388500977e+02 5.5413299561e+02 5.5423602295e+02 5.5416601563e+02 5.5401702881e+02 5.5388299561e+02 5.5379302979e+02
5.5139001465e+02 5.5140802002e+02 5.5142700195e+02 5.5145800781e+02 5.5150201416e+02 5.5155200195e+02 5.5161602783e+02 5.5167199707e+02 5.5171099854e+02 5.5174200439e+02 5.5177099609e+02 5.5178900146e+02 5.5178302002e+02 5.5176000977e+02 5.5170800781e+02 5.5165002441e+02 5.5159997559e+02 5.5154901123e+02 5.5147100830e+02 5.5146502686e+02 5.5153399658e+02 5.5159399414e+02 5.5159899902e+02 5.5155798340e+02 5.5153698730e+02 5.5152099609e+02 5.5153497314e+02 5.5158697510e+02 5.5165002441e+02 5.5171002197e+02 5.5176898193e+02 5.5185198975e+02 5.5191497803e+02 5.5194702148e+02 5.5200598145e+02 5.5208300781e+02 5.5226202393e+02 5.5253399658e+02 5.5280297852e+02 5.5315399170e+02 5.5360699463e+02 5.5394500732e+02 5.5405200195e+02 5.5399902344e+02 5.5388299561e+02 5.5374902344e+02
5.5123699951e+02 5.5124902344e+02 5.5126202393e+02 5.5129400635e+02 5.5134002686e+02 5.5139300537e+02 5.5146398926e+02 5.5152801514e+02 5.5156896973e+02 5.5160198975e+02 5.5163098145e+02 5.5164501953e+02 5.5163598633e+02 5.5160900879e+02 5.5154602051e+02 5.5147399902e+02 5.5141497803e+02 5.5135601807e+02 5.5126000977e+02 5.5125201416e+02 5.5132000732e+02 5.5137200928e+02 5.5137402344e+02 5.5135302734e+02 5.5134399414e+02 5.5133502197e+02 5.5133599854e+02 5.5134997559e+02 5.5137200928e+02 5.5139599609e+02 5.5141900635e+02 5.5148297119e+02 5.5154998779e+02 5.5159698486e+02 5.5167102051e+02 5.5174102783e+02 5.5180603027e+02 5.5190899658e+02 5.5203900146e+02 5.5235797119e+02 5.5287200928e+02 5.5336798096e+02 5.5368103027e+02 5.5382098389e+02 5.5384002686e+02 5.5372802734e+02
5.5109802246e+02 5.5110198975e+02 5.5110699463e+02 5.5115502930e+02 5.5119799805e+02 5.5124798584e+02 5.5131799316e+02 5.5140301514e+02 5.5144500732e+02 5.5147601318e+02 5.5148797607e+02 5.5150799561e+02 5.5149798584e+02 5.5147497559e+02 5.5142102051e+02 5.5133697510e+02 5.5127899170e+02 5.5122399902e+02 5.5117700195e+02 5.5116601563e+02 5.5121197510e+02 5.5124902344e+02 5.5126800537e+02 5.5126501465e+02 5.5126800537e+02 5.5127197266e+02 5.5126898193e+02 5.5126000977e+02 5.5125299072e+02 5.5124700928e+02 5.5125598145e+02 5.5128002930e+02 5.5131402588e+02 5.5134600830e+02 5.5140399170e+02 5.5148699951e+02 5.5154998779e+02 5.5159002686e+02 5.5164501953e+02 5.5179302979e+02 5.5214099121e+02 5.5260101318e+02 5.5307299805e+02 5.5344299316e+02 5.5362500000e+02 5.5362298584e+02
5.5108300781e+02 5.5108398438e+02 5.5108001709e+02 5.5109002686e+02 5.5111199951e+02 5.5114599609e+02 5.5122698975e+02 5.5130902100e+02 5.5134997559e+02 5.5137799072e+02 5.5139697266e+02 5.5140399170e+02 5.5139599609e+02 5.5138000488e+02 5.5133502197e+02 5.5126702881e+02 5.5122497559e+02 5.5119000244e+02 5.5115600586e+02 5.5115698242e+02 5.5117498779e+02 5.5119702148e+02 5.5121197510e+02 5.5121502686e+02 5.5122198486e+02 5.5122802734e+02 5.5123101807e+02 5.5122802734e+02 5.5121899414e+02 5.5120599365e+02 5.5119598389e+02 5.5120898438e+02 5.5122998047e+02 5.5125897217e+02 5.5130102539e+02 5.5133197021e+02 5.5136602783e+02 5.5140399170e+02 5.5143701172e+02 5.5149298096e+02 5.5165399170e+02 5.5194299316e+02 5.5236401367e+02 5.5292401123e+02 5.5328100586e+02 5.5342999268e+02
5.5107299805e+02 5.5107501221e+02 5.5107098389e+02 5.5107098389e+02 5.5108099365e+02 5.5110498047e+02 5.5116998291e+02 5.5124200439e+02 5.5128100586e+02 5.5130798340e+02 5.5132397461e+02 5.5132598877e+02 5.5131799316e+02 5.5130200195e+02 5.5126397705e+02 5.5121398926e+02 5.5118499756e+02 5.5116101074e+02 5.5114501953e+02 5.5114599609e+02 5.5115399170e+02 5.5116601563e+02 5.5117602539e+02 5.5118402100e+02 5.5119299316e+02 5.5119702148e+02 5.5120202637e+02 5.5120300293e+02 5.5119598389e+02 5.5118298340e+02 5.5116998291e+02 5.5117797852e+02 5.5118902588e+02 5.5120599365e+02 5.5123797607e+02 5.5125097656e+02 5.5126000977e+02 5.5127697754e+02 5.5131799316e+02 5.5134698486e+02 5.5139697266e+02 5.5151702881e+02 5.5170599365e+02 5.5208599854e+02 5.5252502441e+02 5.5294598389e+02
5.5106298828e+02 5.5106500244e+02 5.5106799316e+02 5.5107202148e+02 5.5107800293e+02 5.5109600830e+02 5.5114001465e+02 5.5119500732e+02 5.5123297119e+02 5.5125701904e+02 5.5126599121e+02 5.5126397705e+02 5.5125598145e+02 5.5123999023e+02 5.5120898438e+02 5.5117797852e+02 5.5115997314e+02 5.5114697266e+02 5.5114202881e+02 5.5114300537e+02 5.5114599609e+02 5.5115100098e+02 5.5115802002e+02 5.5116998291e+02 5.5117498779e+02 5.5117700195e+02 5.5117700195e+02 5.5118200684e+02 5.5117999268e+02 5.5116998291e+02 5.5115899658e+02 5.5116497803e+02 5.5116998291e+02 5.5117498779e+02 5.5119000244e+02 5.5119702148e+02 5.5119500732e+02 5.5120098877e+02 5.5123498535e+02 5.5127197266e+02 5.5128198242e+02 5.5130102539e+02 5.5133300781e+02 5.5141101074e+02 5.5169000244e+02 5.5221997070e+02
