TESTSERVER/21/2.asc
NCOLS 100
NROWS 100
XLLCORNER 8.5497500000e+03
YLLCORNER 2.8985025000e+05
CELLSIZE 5.0000000000e-01
NODATA_VALUE -9.9990000000e+03
[rows 60 to 79 of 100, columns 46 to 91 of 100]
7.8291601563e+02 7.8304602051e+02 7.8318798828e+02 7.8336700439e+02 7.8353198242e+02 7.8361901855e+02 7.8367901611e+02 7.8377099609e+02 7.8390100098e+02 7.8409002686e+02 7.8429901123e+02 7.8446697998e+02 7.8467401123e+02 7.8490197754e+02 7.8514599609e+02 7.8535998535e+02 7.8547998047e+02 7.8556597900e+02 7.8566998291e+02 7.8586297607e+02 7.8604797363e+02 7.8623602295e+02 7.8642999268e+02 7.8670697021e+02 7.8691699219e+02 7.8708398438e+02 7.8729101563e+02 7.8755102539e+02 7.8776599121e+02 7.8795898438e+02 7.8816601563e+02 7.8834002686e+02 7.8836499023e+02 7.8840502930e+02 7.8849798584e+02 7.8860998535e+02 7.8884100342e+02 7.8915997314e+02 7.8948699951e+02 7.8975299072e+02 7.9002099609e+02 7.9028100586e+02 7.9054101563e+02 7.9075598145e+02 7.9094396973e+02 7.9113299561e+02
7.8264001465e+02 7.8277301025e+02 7.8295202637e+02 7.8310198975e+02 7.8323999023e+02 7.8333001709e+02 7.8341101074e+02 7.8351397705e+02 7.8366101074e+02 7.8387799072e+02 7.8408801270e+02 7.8423999023e+02 7.8441400146e+02 7.8460302734e+02 7.8479797363e+02 7.8497998047e+02 7.8513800049e+02 7.8528198242e+02 7.8541198730e+02 7.8558502197e+02 7.8577899170e+02 7.8597802734e+02 7.8617401123e+02 7.8639697266e+02 7.8664599609e+02 7.8690100098e+02 7.8711102295e+02 7.8727697754e+02 7.8746502686e+02 7.8763500977e+02 7.8778302002e+02 7.8787298584e+02 7.8789202881e+02 7.8796600342e+02 7.8813000488e+02 7.8832598877e+02 7.8859497070e+02 7.8891802979e+02 7.8923400879e+02 7.8951300049e+02 7.8977801514e+02 7.9002697754e+02 7.9026898193e+02 7.9045300293e+02 7.9060101318e+02 7.9077197266e+02
7.8239599609e+02 7.8250598145e+02 7.8264001465e+02 7.8276800537e+02 7.8288000488e+02 7.8296099854e+02 7.8309100342e+02 7.8323297119e+02 7.8336297607e+02 7.8354302979e+02 7.8379199219e+02 7.8397497559e+02 7.8414501953e+02 7.8431799316e+02 7.8448699951e+02 7.8466101074e+02 7.8484802246e+02 7.8503002930e+02 7.8517999268e+02 7.8536102295e+02 7.8556799316e+02 7.8576702881e+02 7.8594897461e+02 7.8611401367e+02 7.8635498047e+02 7.8666302490e+02 7.8691302490e+02 7.8703399658e+02 7.8716601563e+02 7.8731500244e+02 7.8742199707e+02 7.8746899414e+02 7.8751098633e+02 7.8761199951e+02 7.8778900146e+02 7.8804199219e+02 7.8836297607e+02 7.8868798828e+02 7.8896899414e+02 7.8925201416e+02 7.8951300049e+02 7.8975201416e+02 7.8997698975e+02 7.9012799072e+02 7.9025000000e+02 7.9040698242e+02
7.8211999512e+02 7.8221398926e+02 7.8230902100e+02 7.8244299316e+02 7.8256402588e+02 7.8267401123e+02 7.8283502197e+02 7.8299298096e+02 7.8308801270e+02 7.8320397949e+02 7.8345001221e+02 7.8366802979e+02 7.8385498047e+02 7.8404101563e+02 7.8421099854e+02 7.8438800049e+02 7.8460198975e+02 7.8481201172e+02 7.8496801758e+02 7.8514001465e+02 7.8535400391e+02 7.8555499268e+02 7.8572497559e+02 7.8587402344e+02 7.8605102539e+02 7.8630499268e+02 7.8658001709e+02 7.8675000000e+02 7.8687402344e+02 7.8699298096e+02 7.8705798340e+02 7.8711199951e+02 7.8716998291e+02 7.8729199219e+02 7.8749200439e+02 7.8778802490e+02 7.8815100098e+02 7.8846997070e+02 7.8869799805e+02 7.8896398926e+02 7.8921801758e+02 7.8944598389e+02 7.8965899658e+02 7.8980902100e+02 7.8992700195e+02 7.9007397461e+02
7.8181799316e+02 7.8193597412e+02 7.8202801514e+02 7.8216998291e+02 7.8231500244e+02 7.8246697998e+02 7.8263702393e+02 7.8279101563e+02 7.8288897705e+02 7.8298101807e+02 7.8313397217e+02 7.8334301758e+02 7.8355798340e+02 7.8376898193e+02 7.8394299316e+02 7.8412097168e+02 7.8436499023e+02 7.8461199951e+02 7.8478198242e+02 7.8489599609e+02 7.8509997559e+02 7.8530999756e+02 7.8546997070e+02 7.8562402344e+02 7.8575799561e+02 7.8592297363e+02 7.8614300537e+02 7.8640698242e+02 7.8656597900e+02 7.8663201904e+02 7.8666198730e+02 7.8674700928e+02 7.8682202148e+02 7.8696600342e+02 7.8722399902e+02 7.8756298828e+02 7.8793597412e+02 7.8824597168e+02 7.8846997070e+02 7.8866198730e+02 7.8889300537e+02 7.8910900879e+02 7.8929901123e+02 7.8948602295e+02 7.8962902832e+02 7.8977099609e+02
7.8161102295e+02 7.8171801758e+02 7.8176202393e+02 7.8187298584e+02 7.8203900146e+02 7.8221002197e+02 7.8234197998e+02 7.8247998047e+02 7.8261199951e+02 7.8273400879e+02 7.8286798096e+02 7.8304998779e+02 7.8327899170e+02 7.8351300049e+02 7.8370300293e+02 7.8386602783e+02 7.8412500000e+02 7.8440802002e+02 7.8459497070e+02 7.8467797852e+02 7.8484301758e+02 7.8506298828e+02 7.8523797607e+02 7.8536798096e+02 7.8549798584e+02 7.8565399170e+02 7.8586999512e+02 7.8609997559e+02 7.8624401855e+02 7.8628601074e+02 7.8634100342e+02 7.8647302246e+02 7.8657501221e+02 7.8671002197e+02 7.8696197510e+02 7.8728802490e+02 7.8759698486e+02 7.8786700439e+02 7.8809899902e+02 7.8833001709e+02 7.8855798340e+02 7.8877001953e+02 7.8895898438e+02 7.8915600586e+02 7.8933001709e+02 7.8948199463e+02
7.8134002686e+02 7.8145300293e+02 7.8151098633e+02 7.8159600830e+02 7.8176300049e+02 7.8194598389e+02 7.8206402588e+02 7.8217700195e+02 7.8231799316e+02 7.8245001221e+02 7.8258697510e+02 7.8276000977e+02 7.8298901367e+02 7.8323797607e+02 7.8345202637e+02 7.8361199951e+02 7.8386297607e+02 7.8415600586e+02 7.8437500000e+02 7.8443597412e+02 7.8454302979e+02 7.8473797607e+02 7.8494500732e+02 7.8509802246e+02 7.8524597168e+02 7.8540100098e+02 7.8559301758e+02 7.8578100586e+02 7.8590802002e+02 7.8596697998e+02 7.8602398682e+02 7.8615698242e+02 7.8632598877e+02 7.8648901367e+02 7.8670202637e+02 7.8698498535e+02 7.8722900391e+02 7.8746002197e+02 7.8772302246e+02 7.8798901367e+02 7.8822900391e+02 7.8845202637e+02 7.8865399170e+02 7.8885198975e+02 7.8903698730e+02 7.8919897461e+02
7.8098797607e+02 7.8111297607e+02 7.8122802734e+02 7.8130902100e+02 7.8147998047e+02 7.8168798828e+02 7.8183398438e+02 7.8194201660e+02 7.8209100342e+02 7.8221301270e+02 7.8232000732e+02 7.8247698975e+02 7.8268902588e+02 7.8293701172e+02 7.8317700195e+02 7.8334802246e+02 7.8357598877e+02 7.8385101318e+02 7.8408801270e+02 7.8416198730e+02 7.8425000000e+02 7.8441998291e+02 7.8462597656e+02 7.8481298828e+02 7.8499597168e+02 7.8516400146e+02 7.8532397461e+02 7.8545202637e+02 7.8555603027e+02 7.8565002441e+02 7.8574902344e+02 7.8587097168e+02 7.8607501221e+02 7.8630200195e+02 7.8649902344e+02 7.8671801758e+02 7.8692401123e+02 7.8713702393e+02 7.8740997314e+02 7.8768499756e+02 7.8792602539e+02 7.8815802002e+02 7.8837902832e+02 7.8856799316e+02 7.8874499512e+02 7.8890997314e+02
7.8065502930e+02 7.8077398682e+02 7.8090301514e+02 7.8101397705e+02 7.8116699219e+02 7.8137500000e+02 7.8158300781e+02 7.8178198242e+02 7.8195001221e+02 7.8203997803e+02 7.8208099365e+02 7.8222900391e+02 7.8241302490e+02 7.8264202881e+02 7.8290399170e+02 7.8310198975e+02 7.8329998779e+02 7.8351800537e+02 7.8374401855e+02 7.8386901855e+02 7.8398101807e+02 7.8415301514e+02 7.8432897949e+02 7.8453302002e+02 7.8474700928e+02 7.8493298340e+02 7.8506500244e+02 7.8517401123e+02 7.8524200439e+02 7.8535198975e+02 7.8550897217e+02 7.8567199707e+02 7.8588800049e+02 7.8615002441e+02 7.8633898926e+02 7.8649700928e+02 7.8669299316e+02 7.8692602539e+02 7.8719201660e+02 7.8741497803e+02 7.8764202881e+02 7.8788000488e+02 7.8810699463e+02 7.8829400635e+02 7.8845898438e+02 7.8861798096e+02
7.8039202881e+02 7.8049902344e+02 7.8063299561e+02 7.8075097656e+02 7.8088299561e+02 7.8107299805e+02 7.8130798340e+02 7.8156799316e+02 7.8177398682e+02 7.8186199951e+02 7.8187799072e+02 7.8202001953e+02 7.8218902588e+02 7.8239202881e+02 7.8261999512e+02 7.8282299805e+02 7.8301397705e+02 7.8320300293e+02 7.8340698242e+02 7.8357098389e+02 7.8371301270e+02 7.8389801025e+02 7.8405700684e+02 7.8426397705e+02 7.8449798584e+02 7.8471502686e+02 7.8481500244e+02 7.8491302490e+02 7.8499700928e+02 7.8513098145e+02 7.8530798340e+02 7.8551800537e+02 7.8573602295e+02 7.8597399902e+02 7.8617999268e+02 7.8631896973e+02 7.8647497559e+02 7.8669299316e+02 7.8693499756e+02 7.8713098145e+02 7.8736700439e+02 7.8762701416e+02 7.8786199951e+02 7.8805798340e+02 7.8821997070e+02 7.8835498047e+02
7.8014398193e+02 7.8023602295e+02 7.8036102295e+02 7.8048400879e+02 7.8061499023e+02 7.8079901123e+02 7.8102001953e+02 7.8127197266e+02 7.8149102783e+02 7.8161798096e+02 7.8167498779e+02 7.8181097412e+02 7.8195898438e+02 7.8212597656e+02 7.8231896973e+02 7.8251397705e+02 7.8270800781e+02 7.8290197754e+02 7.8311401367e+02 7.8331701660e+02 7.8345898438e+02 7.8361901855e+02 7.8377899170e+02 7.8396801758e+02 7.8417700195e+02 7.8443298340e+02 7.8455603027e+02 7.8462597656e+02 7.8472399902e+02 7.8490100098e+02 7.8513201904e+02 7.8536297607e+02 7.8556701660e+02 7.8576800537e+02 7.8597998047e+02 7.8615002441e+02 7.8628802490e+02 7.8646398926e+02 7.8667999268e+02 7.8688098145e+02 7.8713201904e+02 7.8740197754e+02 7.8763098145e+02 7.8782897949e+02 7.8799401855e+02 7.8811199951e+02
7.7991101074e+02 7.8000097656e+02 7.8012097168e+02 7.8025500488e+02 7.8039099121e+02 7.8055999756e+02 7.8075701904e+02 7.8097698975e+02 7.8119500732e+02 7.8136401367e+02 7.8148400879e+02 7.8162200928e+02 7.8175500488e+02 7.8189697266e+02 7.8206298828e+02 7.8224597168e+02 7.8244702148e+02 7.8265997314e+02 7.8288201904e+02 7.8308697510e+02 7.8321899414e+02 7.8334802246e+02 7.8351202393e+02 7.8369702148e+02 7.8386499023e+02 7.8409497070e+02 7.8422998047e+02 7.8431201172e+02 7.8445202637e+02 7.8468402100e+02 7.8495898438e+02 7.8517297363e+02 7.8538800049e+02 7.8559301758e+02 7.8577197266e+02 7.8596600342e+02 7.8611499023e+02 7.8625701904e+02 7.8643200684e+02 7.8664501953e+02 7.8690502930e+02 7.8716699219e+02 7.8737298584e+02 7.8757202148e+02 7.8774597168e+02 7.8786602783e+02
7.7969897461e+02 7.7980200195e+02 7.7993103027e+02 7.8008099365e+02 7.8023400879e+02 7.8039697266e+02 7.8058300781e+02 7.8078399658e+02 7.8098901367e+02 7.8117199707e+02 7.8133801270e+02 7.8146801758e+02 7.8160601807e+02 7.8174499512e+02 7.8189501953e+02 7.8204302979e+02 7.8224499512e+02 7.8247802734e+02 7.8270098877e+02 7.8286901855e+02 7.8300598145e+02 7.8311999512e+02 7.8325500488e+02 7.8344000244e+02 7.8360699463e+02 7.8377099609e+02 7.8389202881e+02 7.8406298828e+02 7.8425500488e+02 7.8450897217e+02 7.8477001953e+02 7.8498602295e+02 7.8522302246e+02 7.8543701172e+02 7.8556799316e+02 7.8575701904e+02 7.8592401123e+02 7.8604602051e+02 7.8617401123e+02 7.8639697266e+02 7.8664898682e+02 7.8687799072e+02 7.8703997803e+02 7.8726000977e+02 7.8746099854e+02 7.8761102295e+02
7.7953399658e+02 7.7964398193e+02 7.7977801514e+02 7.7992700195e+02 7.8009997559e+02 7.8028698730e+02 7.8048797607e+02 7.8068402100e+02 7.8086999512e+02 7.8104101563e+02 7.8119598389e+02 7.8133801270e+02 7.8147399902e+02 7.8160400391e+02 7.8172302246e+02 7.8185400391e+02 7.8203399658e+02 7.8227099609e+02 7.8255200195e+02 7.8272698975e+02 7.8282098389e+02 7.8291302490e+02 7.8301501465e+02 7.8318298340e+02 7.8334100342e+02 7.8347900391e+02 7.8362902832e+02 7.8384802246e+02 7.8405499268e+02 7.8430798340e+02 7.8457098389e+02 7.8477398682e+02 7.8500000000e+02 7.8520697021e+02 7.8534002686e+02 7.8552001953e+02 7.8568798828e+02 7.8580200195e+02 7.8591699219e+02 7.8611798096e+02 7.8634997559e+02 7.8656298828e+02 7.8672698975e+02 7.8692901611e+02 7.8713800049e+02 7.8731402588e+02
7.7940802002e+02 7.7952899170e+02 7.7966998291e+02 7.7982598877e+02 7.8001000977e+02 7.8020202637e+02 7.8039300537e+02 7.8056298828e+02 7.8072802734e+02 7.8088397217e+02 7.8103399658e+02 7.8117797852e+02 7.8130999756e+02 7.8143103027e+02 7.8153997803e+02 7.8165997314e+02 7.8182202148e+02 7.8204199219e+02 7.8232501221e+02 7.8253997803e+02 7.8264501953e+02 7.8272497559e+02 7.8279199219e+02 7.8292602539e+02 7.8306799316e+02 7.8321002197e+02 7.8338098145e+02 7.8361401367e+02 7.8383801270e+02 7.8408001709e+02 7.8432501221e+02 7.8452502441e+02 7.8477099609e+02 7.8501898193e+02 7.8515698242e+02 7.8529101563e+02 7.8543902588e+02 7.8554699707e+02 7.8565899658e+02 7.8584301758e+02 7.8604901123e+02 7.8625701904e+02 7.8644897461e+02 7.8665100098e+02 7.8684698486e+02 7.8702899170e+02
7.7928601074e+02 7.7942602539e+02 7.7958197021e+02 7.7975701904e+02 7.7993902588e+02 7.8010900879e+02 7.8026202393e+02 7.8040600586e+02 7.8055102539e+02 7.8069396973e+02 7.8084100342e+02 7.8098297119e+02 7.8111102295e+02 7.8123199463e+02 7.8134497070e+02 7.8147698975e+02 7.8162902832e+02 7.8181597900e+02 7.8205297852e+02 7.8230499268e+02 7.8245300293e+02 7.8253302002e+02 7.8257098389e+02 7.8266198730e+02 7.8280603027e+02 7.8298498535e+02 7.8317297363e+02 7.8339898682e+02 7.8365197754e+02 7.8387701416e+02 7.8407598877e+02 7.8428002930e+02 7.8454101563e+02 7.8484100342e+02 7.8499298096e+02 7.8506402588e+02 7.8518701172e+02 7.8529302979e+02 7.8540802002e+02 7.8557397461e+02 7.8576000977e+02 7.8596502686e+02 7.8618499756e+02 7.8640301514e+02 7.8659497070e+02 7.8677197266e+02
7.7912902832e+02 7.7928802490e+02 7.7948101807e+02 7.7968597412e+02 7.7984600830e+02 7.7997198486e+02 7.8009899902e+02 7.8020800781e+02 7.8033197021e+02 7.8046301270e+02 7.8059997559e+02 7.8074700928e+02 7.8087500000e+02 7.8099798584e+02 7.8111499023e+02 7.8128302002e+02 7.8145098877e+02 7.8162799072e+02 7.8181201172e+02 7.8199798584e+02 7.8213201904e+02 7.8222698975e+02 7.8230902100e+02 7.8235900879e+02 7.8253698730e+02 7.8278900146e+02 7.8300799561e+02 7.8319201660e+02 7.8347399902e+02 7.8372497559e+02 7.8388299561e+02 7.8406402588e+02 7.8427600098e+02 7.8452899170e+02 7.8472497559e+02 7.8484002686e+02 7.8495300293e+02 7.8505700684e+02 7.8515698242e+02 7.8531097412e+02 7.8548297119e+02 7.8567797852e+02 7.8587402344e+02 7.8614300537e+02 7.8635699463e+02 7.8653399658e+02
7.7889099121e+02 7.7905999756e+02 7.7927398682e+02 7.7953198242e+02 7.7970397949e+02 7.7980603027e+02 7.7990100098e+02 7.8000897217e+02 7.8011602783e+02 7.8023101807e+02 7.8036401367e+02 7.8050097656e+02 7.8062597656e+02 7.8075097656e+02 7.8088098145e+02 7.8105499268e+02 7.8124597168e+02 7.8142297363e+02 7.8157098389e+02 7.8167401123e+02 7.8173797607e+02 7.8182299805e+02 7.8196899414e+02 7.8211102295e+02 7.8231701660e+02 7.8256701660e+02 7.8277001953e+02 7.8296301270e+02 7.8325897217e+02 7.8352001953e+02 7.8365502930e+02 7.8380999756e+02 7.8398199463e+02 7.8418200684e+02 7.8441101074e+02 7.8456298828e+02 7.8470098877e+02 7.8481298828e+02 7.8490600586e+02 7.8504101563e+02 7.8520098877e+02 7.8538000488e+02 7.8555902100e+02 7.8580902100e+02 7.8608398438e+02 7.8629498291e+02
7.7863598633e+02 7.7880999756e+02 7.7900701904e+02 7.7926702881e+02 7.7946899414e+02 7.7958398438e+02 7.7966699219e+02 7.7977502441e+02 7.7987402344e+02 7.7998297119e+02 7.8011102295e+02 7.8023999023e+02 7.8035900879e+02 7.8048498535e+02 7.8063201904e+02 7.8082897949e+02 7.8101702881e+02 7.8116900635e+02 7.8128399658e+02 7.8133697510e+02 7.8137097168e+02 7.8147497559e+02 7.8169500732e+02 7.8194000244e+02 7.8216302490e+02 7.8238000488e+02 7.8255499268e+02 7.8276098633e+02 7.8304199219e+02 7.8328100586e+02 7.8342297363e+02 7.8355200195e+02 7.8370599365e+02 7.8389501953e+02 7.8410998535e+02 7.8426599121e+02 7.8442199707e+02 7.8455798340e+02 7.8466101074e+02 7.8478497314e+02 7.8493200684e+02 7.8509698486e+02 7.8525897217e+02 7.8545300293e+02 7.8574597168e+02 7.8599902344e+02
7.7835797119e+02 7.7852301025e+02 7.7868402100e+02 7.7890399170e+02 7.7912799072e+02 7.7927801514e+02 7.7937701416e+02 7.7949200439e+02 7.7959802246e+02 7.7971301270e+02 7.7984399414e+02 7.7996099854e+02 7.8007598877e+02 7.8020599365e+02 7.8036999512e+02 7.8057098389e+02 7.8073602295e+02 7.8084899902e+02 7.8091699219e+02 7.8094500732e+02 7.8100000000e+02 7.8116497803e+02 7.8146600342e+02 7.8180200195e+02 7.8205200195e+02 7.8225402832e+02 7.8241900635e+02 7.8261602783e+02 7.8286499023e+02 7.8309100342e+02 7.8324499512e+02 7.8333599854e+02 7.8346600342e+02 7.8364001465e+02 7.8384197998e+02 7.8399401855e+02 7.8414697266e+02 7.8429901123e+02 7.8442297363e+02 7.8454797363e+02 7.8468701172e+02 7.8484002686e+02 7.8500299072e+02 7.8516601563e+02 7.8542199707e+02 7.8567797852e+02
