TESTSERVER/21/2.asc
NCOLS 100
NROWS 100
XLLCORNER 8.5497500000e+03
YLLCORNER 2.8985025000e+05
CELLSIZE 5.0000000000e-01
NODATA_VALUE -9.9990000000e+03
[rows 20 to 39 of 100, columns 46 to 91 of 100]
7.9292199707e+02 7.9296997070e+02 7.9304998779e+02 7.9315301514e+02 7.9326000977e+02 7.9339599609e+02 7.9357202148e+02 7.9378302002e+02 7.9398400879e+02 7.9423101807e+02 7.9459698486e+02 7.9479901123e+02 7.9494097900e+02 7.9509497070e+02 7.9525097656e+02 7.9542297363e+02 7.9557501221e+02 7.9572900391e+02 7.9591497803e+02 7.9610699463e+02 7.9628900146e+02 7.9648400879e+02 7.9668701172e+02 7.9700402832e+02 7.9725598145e+02 7.9751702881e+02 7.9776501465e+02 7.9795599365e+02 7.9805700684e+02 7.9822698975e+02 7.9840301514e+02 7.9850897217e+02 7.9861999512e+02 7.9877398682e+02 7.9896997070e+02 7.9916400146e+02 7.9934997559e+02 7.9956402588e+02 7.9983099365e+02 8.0008197021e+02 8.0029101563e+02 8.0047302246e+02 8.0065197754e+02 8.0083099365e+02 8.0097698975e+02 8.0112701416e+02
7.9273999023e+02 7.9284600830e+02 7.9293298340e+02 7.9301397705e+02 7.9312597656e+02 7.9326000977e+02 7.9338500977e+02 7.9354699707e+02 7.9371398926e+02 7.9393499756e+02 7.9425402832e+02 7.9449902344e+02 7.9471398926e+02 7.9488500977e+02 7.9502099609e+02 7.9522802734e+02 7.9540197754e+02 7.9553100586e+02 7.9567797852e+02 7.9586297607e+02 7.9605999756e+02 7.9624597168e+02 7.9642901611e+02 7.9666802979e+02 7.9695898438e+02 7.9722698975e+02 7.9744201660e+02 7.9765899658e+02 7.9782202148e+02 7.9797601318e+02 7.9814300537e+02 7.9826501465e+02 7.9837097168e+02 7.9851098633e+02 7.9867797852e+02 7.9885699463e+02 7.9906097412e+02 7.9927697754e+02 7.9949902344e+02 7.9972100830e+02 7.9992102051e+02 8.0012097168e+02 8.0032299805e+02 8.0052502441e+02 8.0069396973e+02 8.0084197998e+02
7.9252301025e+02 7.9268499756e+02 7.9280499268e+02 7.9287701416e+02 7.9298199463e+02 7.9309997559e+02 7.9320501709e+02 7.9334399414e+02 7.9350000000e+02 7.9372998047e+02 7.9398901367e+02 7.9421398926e+02 7.9444396973e+02 7.9464202881e+02 7.9478100586e+02 7.9497601318e+02 7.9515698242e+02 7.9529699707e+02 7.9544799805e+02 7.9566101074e+02 7.9589001465e+02 7.9607397461e+02 7.9622399902e+02 7.9643298340e+02 7.9670397949e+02 7.9696301270e+02 7.9716802979e+02 7.9739599609e+02 7.9756500244e+02 7.9769201660e+02 7.9784197998e+02 7.9798901367e+02 7.9809497070e+02 7.9822698975e+02 7.9836499023e+02 7.9852001953e+02 7.9871899414e+02 7.9893402100e+02 7.9914398193e+02 7.9935400391e+02 7.9955499268e+02 7.9977197266e+02 8.0002001953e+02 8.0028002930e+02 8.0046899414e+02 8.0059899902e+02
7.9235198975e+02 7.9253900146e+02 7.9268902588e+02 7.9275201416e+02 7.9282098389e+02 7.9290502930e+02 7.9302801514e+02 7.9317401123e+02 7.9332800293e+02 7.9356097412e+02 7.9378002930e+02 7.9397399902e+02 7.9419396973e+02 7.9440600586e+02 7.9456097412e+02 7.9473602295e+02 7.9490802002e+02 7.9505297852e+02 7.9521502686e+02 7.9547900391e+02 7.9575598145e+02 7.9594897461e+02 7.9606500244e+02 7.9623797607e+02 7.9646099854e+02 7.9669500732e+02 7.9691802979e+02 7.9713397217e+02 7.9728997803e+02 7.9740399170e+02 7.9754400635e+02 7.9769598389e+02 7.9779199219e+02 7.9790002441e+02 7.9802801514e+02 7.9817602539e+02 7.9836297607e+02 7.9857397461e+02 7.9878900146e+02 7.9899499512e+02 7.9919598389e+02 7.9942602539e+02 7.9970898438e+02 7.9998999023e+02 8.0018902588e+02 8.0031597900e+02
7.9221801758e+02 7.9240197754e+02 7.9254400635e+02 7.9263000488e+02 7.9267401123e+02 7.9271997070e+02 7.9283697510e+02 7.9298498535e+02 7.9313000488e+02 7.9333898926e+02 7.9356097412e+02 7.9376098633e+02 7.9397399902e+02 7.9417901611e+02 7.9435400391e+02 7.9453002930e+02 7.9470501709e+02 7.9485198975e+02 7.9499200439e+02 7.9526000977e+02 7.9558300781e+02 7.9580700684e+02 7.9592102051e+02 7.9605401611e+02 7.9622399902e+02 7.9643200684e+02 7.9668402100e+02 7.9686499023e+02 7.9702801514e+02 7.9716601563e+02 7.9730700684e+02 7.9744000244e+02 7.9754302979e+02 7.9762500000e+02 7.9772399902e+02 7.9784197998e+02 7.9801501465e+02 7.9822698975e+02 7.9844799805e+02 7.9864099121e+02 7.9884100342e+02 7.9907202148e+02 7.9933001709e+02 7.9956402588e+02 7.9976300049e+02 7.9993298340e+02
7.9207897949e+02 7.9226397705e+02 7.9238800049e+02 7.9245397949e+02 7.9250701904e+02 7.9254602051e+02 7.9261401367e+02 7.9278302002e+02 7.9291998291e+02 7.9307397461e+02 7.9327801514e+02 7.9349200439e+02 7.9370898438e+02 7.9390600586e+02 7.9408502197e+02 7.9427398682e+02 7.9446899414e+02 7.9462597656e+02 7.9473901367e+02 7.9496301270e+02 7.9526098633e+02 7.9552502441e+02 7.9569598389e+02 7.9589501953e+02 7.9606097412e+02 7.9621899414e+02 7.9643499756e+02 7.9660797119e+02 7.9677502441e+02 7.9692999268e+02 7.9707202148e+02 7.9721398926e+02 7.9731201172e+02 7.9738397217e+02 7.9746398926e+02 7.9754901123e+02 7.9769396973e+02 7.9788500977e+02 7.9810101318e+02 7.9828900146e+02 7.9847698975e+02 7.9869201660e+02 7.9893103027e+02 7.9916802979e+02 7.9938500977e+02 7.9956896973e+02
7.9190899658e+02 7.9209301758e+02 7.9219799805e+02 7.9222998047e+02 7.9229302979e+02 7.9235400391e+02 7.9239898682e+02 7.9254101563e+02 7.9269500732e+02 7.9284899902e+02 7.9302899170e+02 7.9323498535e+02 7.9345098877e+02 7.9365100098e+02 7.9382598877e+02 7.9401000977e+02 7.9421002197e+02 7.9437500000e+02 7.9448101807e+02 7.9464001465e+02 7.9488800049e+02 7.9515399170e+02 7.9537701416e+02 7.9568701172e+02 7.9589202881e+02 7.9600402832e+02 7.9615899658e+02 7.9633300781e+02 7.9650201416e+02 7.9666497803e+02 7.9682202148e+02 7.9696099854e+02 7.9703802490e+02 7.9709399414e+02 7.9719000244e+02 7.9728497314e+02 7.9741198730e+02 7.9757702637e+02 7.9777600098e+02 7.9796398926e+02 7.9813800049e+02 7.9833599854e+02 7.9857299805e+02 7.9882598877e+02 7.9903698730e+02 7.9920898438e+02
7.9165399170e+02 7.9183197021e+02 7.9195098877e+02 7.9200000000e+02 7.9209301758e+02 7.9217901611e+02 7.9222198486e+02 7.9232098389e+02 7.9246600342e+02 7.9262200928e+02 7.9279199219e+02 7.9298602295e+02 7.9320202637e+02 7.9341699219e+02 7.9361999512e+02 7.9381298828e+02 7.9399597168e+02 7.9414001465e+02 7.9425598145e+02 7.9440301514e+02 7.9460400391e+02 7.9482897949e+02 7.9503997803e+02 7.9537298584e+02 7.9561901855e+02 7.9574499512e+02 7.9589697266e+02 7.9607897949e+02 7.9625097656e+02 7.9641802979e+02 7.9657598877e+02 7.9672100830e+02 7.9680102539e+02 7.9684899902e+02 7.9693103027e+02 7.9703497314e+02 7.9715600586e+02 7.9730700684e+02 7.9749597168e+02 7.9768298340e+02 7.9784197998e+02 7.9802197266e+02 7.9825000000e+02 7.9849102783e+02 7.9867901611e+02 7.9883898926e+02
7.9136798096e+02 7.9154302979e+02 7.9167999268e+02 7.9177697754e+02 7.9190802002e+02 7.9201000977e+02 7.9210101318e+02 7.9216101074e+02 7.9225097656e+02 7.9237097168e+02 7.9251501465e+02 7.9270501709e+02 7.9292498779e+02 7.9316601563e+02 7.9342401123e+02 7.9365399170e+02 7.9380798340e+02 7.9392700195e+02 7.9405700684e+02 7.9421899414e+02 7.9439001465e+02 7.9458502197e+02 7.9479797363e+02 7.9505200195e+02 7.9531896973e+02 7.9552301025e+02 7.9571002197e+02 7.9588397217e+02 7.9604602051e+02 7.9620397949e+02 7.9636401367e+02 7.9653002930e+02 7.9663201904e+02 7.9667401123e+02 7.9670898438e+02 7.9678698730e+02 7.9691198730e+02 7.9707397461e+02 7.9726800537e+02 7.9745599365e+02 7.9760101318e+02 7.9774597168e+02 7.9790399170e+02 7.9813098145e+02 7.9829901123e+02 7.9846502686e+02
7.9112701416e+02 7.9127502441e+02 7.9140802002e+02 7.9153698730e+02 7.9170001221e+02 7.9180200195e+02 7.9191601563e+02 7.9199597168e+02 7.9205902100e+02 7.9215997314e+02 7.9230603027e+02 7.9245397949e+02 7.9264099121e+02 7.9286499023e+02 7.9312402344e+02 7.9339001465e+02 7.9355999756e+02 7.9368103027e+02 7.9382000732e+02 7.9401397705e+02 7.9419299316e+02 7.9438299561e+02 7.9460699463e+02 7.9485797119e+02 7.9510302734e+02 7.9534100342e+02 7.9557299805e+02 7.9573999023e+02 7.9586297607e+02 7.9598602295e+02 7.9614300537e+02 7.9633697510e+02 7.9647497559e+02 7.9653198242e+02 7.9656597900e+02 7.9662597656e+02 7.9673498535e+02 7.9689001465e+02 7.9707202148e+02 7.9721899414e+02 7.9734802246e+02 7.9748901367e+02 7.9765100098e+02 7.9785699463e+02 7.9802001953e+02 7.9818798828e+02
7.9085998535e+02 7.9100500488e+02 7.9114898682e+02 7.9128802490e+02 7.9146502686e+02 7.9158099365e+02 7.9170397949e+02 7.9183697510e+02 7.9193103027e+02 7.9201397705e+02 7.9211798096e+02 7.9223602295e+02 7.9239697266e+02 7.9259997559e+02 7.9283898926e+02 7.9310400391e+02 7.9329400635e+02 7.9344598389e+02 7.9360601807e+02 7.9380902100e+02 7.9401098633e+02 7.9420898438e+02 7.9441400146e+02 7.9462500000e+02 7.9481896973e+02 7.9505902100e+02 7.9536499023e+02 7.9556597900e+02 7.9568298340e+02 7.9578997803e+02 7.9594097900e+02 7.9617901611e+02 7.9637701416e+02 7.9646997070e+02 7.9652697754e+02 7.9659002686e+02 7.9668402100e+02 7.9680297852e+02 7.9694799805e+02 7.9705798340e+02 7.9716900635e+02 7.9730499268e+02 7.9746197510e+02 7.9763897705e+02 7.9780200195e+02 7.9795898438e+02
7.9055297852e+02 7.9072399902e+02 7.9089599609e+02 7.9101898193e+02 7.9117401123e+02 7.9131597900e+02 7.9146398926e+02 7.9166101074e+02 7.9182397461e+02 7.9190997314e+02 7.9194799805e+02 7.9204699707e+02 7.9220202637e+02 7.9239202881e+02 7.9259802246e+02 7.9282000732e+02 7.9302398682e+02 7.9322399902e+02 7.9341497803e+02 7.9360900879e+02 7.9383001709e+02 7.9403997803e+02 7.9420098877e+02 7.9434497070e+02 7.9447802734e+02 7.9468597412e+02 7.9503802490e+02 7.9530999756e+02 7.9547100830e+02 7.9560797119e+02 7.9577502441e+02 7.9604400635e+02 7.9630102539e+02 7.9644702148e+02 7.9655200195e+02 7.9661102295e+02 7.9669201660e+02 7.9678900146e+02 7.9691101074e+02 7.9700500488e+02 7.9710302734e+02 7.9722100830e+02 7.9734301758e+02 7.9746801758e+02 7.9762402344e+02 7.9776800537e+02
7.9025799561e+02 7.9045898438e+02 7.9064599609e+02 7.9073199463e+02 7.9084301758e+02 7.9102001953e+02 7.9120599365e+02 7.9140600586e+02 7.9160101318e+02 7.9172100830e+02 7.9174200439e+02 7.9188299561e+02 7.9205700684e+02 7.9224102783e+02 7.9240399170e+02 7.9257000732e+02 7.9277001953e+02 7.9299200439e+02 7.9320098877e+02 7.9341400146e+02 7.9364898682e+02 7.9385101318e+02 7.9397601318e+02 7.9409698486e+02 7.9421398926e+02 7.9438897705e+02 7.9467297363e+02 7.9498297119e+02 7.9521600342e+02 7.9541302490e+02 7.9561297607e+02 7.9587298584e+02 7.9615100098e+02 7.9635998535e+02 7.9652801514e+02 7.9659497070e+02 7.9668200684e+02 7.9680401611e+02 7.9692999268e+02 7.9702899170e+02 7.9713500977e+02 7.9721997070e+02 7.9727099609e+02 7.9736102295e+02 7.9748297119e+02 7.9760101318e+02
7.8997100830e+02 7.9018200684e+02 7.9039099121e+02 7.9049102783e+02 7.9059100342e+02 7.9075500488e+02 7.9094500732e+02 7.9111798096e+02 7.9128497314e+02 7.9141998291e+02 7.9149700928e+02 7.9166302490e+02 7.9185302734e+02 7.9204498291e+02 7.9221899414e+02 7.9236297607e+02 7.9255200195e+02 7.9277398682e+02 7.9300799561e+02 7.9325701904e+02 7.9348699951e+02 7.9366998291e+02 7.9380102539e+02 7.9391998291e+02 7.9404199219e+02 7.9421801758e+02 7.9445697021e+02 7.9472698975e+02 7.9497302246e+02 7.9520098877e+02 7.9544897461e+02 7.9571197510e+02 7.9597399902e+02 7.9619299316e+02 7.9635900879e+02 7.9647900391e+02 7.9663000488e+02 7.9679400635e+02 7.9693103027e+02 7.9704797363e+02 7.9715301514e+02 7.9720697021e+02 7.9722802734e+02 7.9729199219e+02 7.9737298584e+02 7.9747100830e+02
7.8965100098e+02 7.8987701416e+02 7.9009301758e+02 7.9025000000e+02 7.9036199951e+02 7.9048199463e+02 7.9066302490e+02 7.9083398438e+02 7.9099499512e+02 7.9113702393e+02 7.9124902344e+02 7.9141400146e+02 7.9160400391e+02 7.9180297852e+02 7.9199700928e+02 7.9216101074e+02 7.9235601807e+02 7.9257800293e+02 7.9281298828e+02 7.9307800293e+02 7.9332299805e+02 7.9351800537e+02 7.9365698242e+02 7.9377301025e+02 7.9389202881e+02 7.9405603027e+02 7.9427099609e+02 7.9451098633e+02 7.9475897217e+02 7.9500701904e+02 7.9526599121e+02 7.9551397705e+02 7.9576397705e+02 7.9599401855e+02 7.9615802002e+02 7.9630700684e+02 7.9648797607e+02 7.9666302490e+02 7.9683300781e+02 7.9696002197e+02 7.9704101563e+02 7.9708099365e+02 7.9711401367e+02 7.9716998291e+02 7.9724597168e+02 7.9732000732e+02
7.8932702637e+02 7.8955297852e+02 7.8979498291e+02 7.9003802490e+02 7.9016400146e+02 7.9024102783e+02 7.9039501953e+02 7.9056701660e+02 7.9072497559e+02 7.9086999512e+02 7.9100799561e+02 7.9116699219e+02 7.9134997559e+02 7.9155102539e+02 7.9175799561e+02 7.9196197510e+02 7.9217401123e+02 7.9238897705e+02 7.9259899902e+02 7.9284899902e+02 7.9310699463e+02 7.9333001709e+02 7.9351098633e+02 7.9363500977e+02 7.9375097656e+02 7.9390100098e+02 7.9409399414e+02 7.9430297852e+02 7.9454199219e+02 7.9479602051e+02 7.9504498291e+02 7.9527801514e+02 7.9552697754e+02 7.9577099609e+02 7.9593798828e+02 7.9607000732e+02 7.9624102783e+02 7.9641400146e+02 7.9658300781e+02 7.9671398926e+02 7.9680798340e+02 7.9686199951e+02 7.9691302490e+02 7.9697900391e+02 7.9705700684e+02 7.9710302734e+02
7.8899902344e+02 7.8921099854e+02 7.8946899414e+02 7.8974798584e+02 7.8992102051e+02 7.9002001953e+02 7.9014501953e+02 7.9030700684e+02 7.9044799805e+02 7.9059100342e+02 7.9077197266e+02 7.9093902588e+02 7.9111999512e+02 7.9132202148e+02 7.9155297852e+02 7.9178002930e+02 7.9199798584e+02 7.9219299316e+02 7.9238598633e+02 7.9262402344e+02 7.9288098145e+02 7.9312200928e+02 7.9333801270e+02 7.9348101807e+02 7.9360699463e+02 7.9373901367e+02 7.9389501953e+02 7.9406701660e+02 7.9428497314e+02 7.9453601074e+02 7.9477502441e+02 7.9503997803e+02 7.9530499268e+02 7.9557000732e+02 7.9573602295e+02 7.9580102539e+02 7.9593499756e+02 7.9610699463e+02 7.9627697754e+02 7.9643798828e+02 7.9659399414e+02 7.9668103027e+02 7.9671002197e+02 7.9675299072e+02 7.9679101563e+02 7.9681799316e+02
7.8869201660e+02 7.8886700439e+02 7.8909399414e+02 7.8936901855e+02 7.8961798096e+02 7.8978100586e+02 7.8989501953e+02 7.9005902100e+02 7.9019897461e+02 7.9033801270e+02 7.9052301025e+02 7.9070397949e+02 7.9088897705e+02 7.9109497070e+02 7.9132202148e+02 7.9155999756e+02 7.9177001953e+02 7.9195697021e+02 7.9215301514e+02 7.9241802979e+02 7.9268798828e+02 7.9291302490e+02 7.9309497070e+02 7.9327197266e+02 7.9342700195e+02 7.9355200195e+02 7.9366900635e+02 7.9382702637e+02 7.9404901123e+02 7.9431799316e+02 7.9460998535e+02 7.9488299561e+02 7.9508801270e+02 7.9528497314e+02 7.9543200684e+02 7.9554602051e+02 7.9566198730e+02 7.9580401611e+02 7.9596600342e+02 7.9612402344e+02 7.9630700684e+02 7.9645501709e+02 7.9650701904e+02 7.9656201172e+02 7.9655700684e+02 7.9655297852e+02
7.8841400146e+02 7.8857299805e+02 7.8877398682e+02 7.8903002930e+02 7.8931597900e+02 7.8952801514e+02 7.8966497803e+02 7.8983599854e+02 7.8997802734e+02 7.9011102295e+02 7.9027099609e+02 7.9044598389e+02 7.9063598633e+02 7.9084497070e+02 7.9106500244e+02 7.9128198242e+02 7.9148602295e+02 7.9168298340e+02 7.9190002441e+02 7.9217700195e+02 7.9246301270e+02 7.9269097900e+02 7.9285400391e+02 7.9302600098e+02 7.9318798828e+02 7.9331701660e+02 7.9343798828e+02 7.9361297607e+02 7.9383099365e+02 7.9409802246e+02 7.9441601563e+02 7.9470202637e+02 7.9486499023e+02 7.9498199463e+02 7.9510797119e+02 7.9525000000e+02 7.9537298584e+02 7.9550500488e+02 7.9566198730e+02 7.9579602051e+02 7.9597497559e+02 7.9617498779e+02 7.9627899170e+02 7.9634899902e+02 7.9633197021e+02 7.9631896973e+02
7.8816998291e+02 7.8833398438e+02 7.8853997803e+02 7.8877099609e+02 7.8904998779e+02 7.8928601074e+02 7.8944500732e+02 7.8960302734e+02 7.8973901367e+02 7.8987097168e+02 7.9001000977e+02 7.9017602539e+02 7.9036999512e+02 7.9058300781e+02 7.9079901123e+02 7.9099401855e+02 7.9119000244e+02 7.9139898682e+02 7.9164099121e+02 7.9191900635e+02 7.9221099854e+02 7.9245098877e+02 7.9261499023e+02 7.9275897217e+02 7.9290899658e+02 7.9304400635e+02 7.9318402100e+02 7.9338299561e+02 7.9358300781e+02 7.9381500244e+02 7.9411297607e+02 7.9440698242e+02 7.9459600830e+02 7.9470898438e+02 7.9482397461e+02 7.9495501709e+02 7.9508801270e+02 7.9523400879e+02 7.9539599609e+02 7.9554602051e+02 7.9572100830e+02 7.9591302490e+02 7.9601300049e+02 7.9607299805e+02 7.9608398438e+02 7.9610900879e+02
