TESTSERVER/21/3.asc
NCOLS 100
NROWS 100
XLLCORNER 8.5497500000e+03
YLLCORNER 2.8980025000e+05
CELLSIZE 5.0000000000e-01
NODATA_VALUE -9.9990000000e+03
[rows 60 to 79 of 100, columns 0 to 45 of 100]
7.4511901855e+02 7.4536401367e+02 7.4554998779e+02 7.4571398926e+02 7.4591699219e+02 7.4620501709e+02 7.4648999023e+02 7.4675299072e+02 7.4696801758e+02 7.4721600342e+02 7.4745202637e+02 7.4765197754e+02 7.4783398438e+02 7.4803002930e+02 7.4821697998e+02 7.4831896973e+02 7.4830999756e+02 7.4828198242e+02 7.4836499023e+02 7.4857598877e+02 7.4884301758e+02 7.4908801270e+02 7.4940899658e+02 7.4980999756e+02 7.5020898438e+02 7.5037200928e+02 7.5051098633e+02 7.5066400146e+02 7.5079400635e+02 7.5095202637e+02 7.5110699463e+02 7.5125097656e+02 7.5140399170e+02 7.5157299805e+02 7.5166198730e+02 7.5180297852e+02 7.5203900146e+02 7.5227899170e+02 7.5250402832e+02 7.5270501709e+02 7.5288702393e+02 7.5307397461e+02 7.5332098389e+02 7.5361602783e+02 7.5389697266e+02 7.5417199707e+02
7.4485498047e+02 7.4505200195e+02 7.4521899414e+02 7.4538397217e+02 7.4559497070e+02 7.4587298584e+02 7.4614898682e+02 7.4643402100e+02 7.4665399170e+02 7.4691699219e+02 7.4717102051e+02 7.4737097168e+02 7.4750799561e+02 7.4767297363e+02 7.4781597900e+02 7.4790100098e+02 7.4790399170e+02 7.4793798828e+02 7.4809899902e+02 7.4834399414e+02 7.4863500977e+02 7.4888201904e+02 7.4918902588e+02 7.4955999756e+02 7.4992498779e+02 7.5009002686e+02 7.5019299316e+02 7.5035198975e+02 7.5050500488e+02 7.5057800293e+02 7.5069396973e+02 7.5086901855e+02 7.5102801514e+02 7.5116400146e+02 7.5127398682e+02 7.5142602539e+02 7.5166101074e+02 7.5193200684e+02 7.5215698242e+02 7.5232098389e+02 7.5249798584e+02 7.5270501709e+02 7.5294299316e+02 7.5324401855e+02 7.5358001709e+02 7.5386999512e+02
7.4460302734e+02 7.4478002930e+02 7.4495397949e+02 7.4513702393e+02 7.4534002686e+02 7.4553002930e+02 7.4575000000e+02 7.4603302002e+02 7.4628198242e+02 7.4652099609e+02 7.4676800537e+02 7.4699902344e+02 7.4714697266e+02 7.4725201416e+02 7.4734197998e+02 7.4743103027e+02 7.4751599121e+02 7.4763897705e+02 7.4786700439e+02 7.4814501953e+02 7.4844000244e+02 7.4871099854e+02 7.4901202393e+02 7.4931500244e+02 7.4960900879e+02 7.4979199219e+02 7.4988800049e+02 7.5002398682e+02 7.5014300537e+02 7.5023797607e+02 7.5037402344e+02 7.5054400635e+02 7.5067797852e+02 7.5080700684e+02 7.5091802979e+02 7.5107098389e+02 7.5132000732e+02 7.5164001465e+02 7.5185302734e+02 7.5197302246e+02 7.5213598633e+02 7.5238800049e+02 7.5263897705e+02 7.5293798828e+02 7.5329400635e+02 7.5358599854e+02
7.4438702393e+02 7.4454498291e+02 7.4472497559e+02 7.4492700195e+02 7.4513702393e+02 7.4523901367e+02 7.4538000488e+02 7.4562701416e+02 7.4589398193e+02 7.4608801270e+02 7.4629901123e+02 7.4656097412e+02 7.4676702881e+02 7.4685797119e+02 7.4695599365e+02 7.4708197021e+02 7.4721600342e+02 7.4739001465e+02 7.4764202881e+02 7.4792700195e+02 7.4821997070e+02 7.4852197266e+02 7.4882501221e+02 7.4907800293e+02 7.4932702637e+02 7.4954901123e+02 7.4967102051e+02 7.4981201172e+02 7.4991601563e+02 7.5002697754e+02 7.5013299561e+02 7.5024401855e+02 7.5035198975e+02 7.5048797607e+02 7.5060198975e+02 7.5075201416e+02 7.5099200439e+02 7.5129302979e+02 7.5148199463e+02 7.5161297607e+02 7.5180798340e+02 7.5210302734e+02 7.5237200928e+02 7.5266497803e+02 7.5301300049e+02 7.5328997803e+02
7.4414300537e+02 7.4428002930e+02 7.4443597412e+02 7.4463201904e+02 7.4483300781e+02 7.4496899414e+02 7.4510601807e+02 7.4530999756e+02 7.4554901123e+02 7.4573400879e+02 7.4590802002e+02 7.4614300537e+02 7.4636999512e+02 7.4652899170e+02 7.4665899658e+02 7.4681597900e+02 7.4698901367e+02 7.4718798828e+02 7.4743798828e+02 7.4771197510e+02 7.4799798584e+02 7.4829302979e+02 7.4857202148e+02 7.4880902100e+02 7.4907598877e+02 7.4935198975e+02 7.4954602051e+02 7.4972698975e+02 7.4990899658e+02 7.4997399902e+02 7.4995001221e+02 7.4996099854e+02 7.5005798340e+02 7.5023101807e+02 7.5037402344e+02 7.5050000000e+02 7.5068200684e+02 7.5088800049e+02 7.5105999756e+02 7.5125000000e+02 7.5149700928e+02 7.5180603027e+02 7.5210998535e+02 7.5239801025e+02 7.5267999268e+02 7.5296697998e+02
7.4383898926e+02 7.4396099854e+02 7.4409698486e+02 7.4427697754e+02 7.4450897217e+02 7.4468701172e+02 7.4486602783e+02 7.4508001709e+02 7.4529901123e+02 7.4543798828e+02 7.4555798340e+02 7.4572601318e+02 7.4596197510e+02 7.4617297363e+02 7.4636102295e+02 7.4655102539e+02 7.4675299072e+02 7.4698498535e+02 7.4724200439e+02 7.4749597168e+02 7.4778399658e+02 7.4806097412e+02 7.4830499268e+02 7.4853002930e+02 7.4878497314e+02 7.4905700684e+02 7.4927001953e+02 7.4948498535e+02 7.4964599609e+02 7.4967401123e+02 7.4966497803e+02 7.4969897461e+02 7.4978997803e+02 7.4995898438e+02 7.5015301514e+02 7.5029199219e+02 7.5045098877e+02 7.5062200928e+02 7.5078698730e+02 7.5097399902e+02 7.5116101074e+02 7.5142297363e+02 7.5179302979e+02 7.5214898682e+02 7.5240502930e+02 7.5263500977e+02
7.4353002930e+02 7.4365899658e+02 7.4378997803e+02 7.4396997070e+02 7.4421099854e+02 7.4442297363e+02 7.4463299561e+02 7.4485601807e+02 7.4506500244e+02 7.4517999268e+02 7.4526098633e+02 7.4540399170e+02 7.4564300537e+02 7.4587500000e+02 7.4609197998e+02 7.4631896973e+02 7.4655603027e+02 7.4682000732e+02 7.4705297852e+02 7.4725402832e+02 7.4751599121e+02 7.4779302979e+02 7.4802801514e+02 7.4825299072e+02 7.4849597168e+02 7.4871099854e+02 7.4889501953e+02 7.4910302734e+02 7.4927001953e+02 7.4933001709e+02 7.4938201904e+02 7.4946398926e+02 7.4955499268e+02 7.4972302246e+02 7.4994299316e+02 7.5010699463e+02 7.5025299072e+02 7.5040600586e+02 7.5058197021e+02 7.5075097656e+02 7.5085900879e+02 7.5103198242e+02 7.5139599609e+02 7.5181799316e+02 7.5212200928e+02 7.5232202148e+02
7.4324597168e+02 7.4338000488e+02 7.4351202393e+02 7.4368597412e+02 7.4392901611e+02 7.4417102051e+02 7.4439599609e+02 7.4461499023e+02 7.4480999756e+02 7.4491802979e+02 7.4499902344e+02 7.4515301514e+02 7.4541101074e+02 7.4564801025e+02 7.4586901855e+02 7.4611199951e+02 7.4638397217e+02 7.4667901611e+02 7.4689001465e+02 7.4704101563e+02 7.4724798584e+02 7.4751202393e+02 7.4776098633e+02 7.4802197266e+02 7.4827899170e+02 7.4846099854e+02 7.4863201904e+02 7.4881701660e+02 7.4895599365e+02 7.4906201172e+02 7.4916699219e+02 7.4928399658e+02 7.4938598633e+02 7.4956701660e+02 7.4979400635e+02 7.4996502686e+02 7.5008398438e+02 7.5024298096e+02 7.5048901367e+02 7.5069201660e+02 7.5072900391e+02 7.5079302979e+02 7.5107299805e+02 7.5147900391e+02 7.5181298828e+02 7.5201300049e+02
7.4301202393e+02 7.4312402344e+02 7.4324700928e+02 7.4340301514e+02 7.4362298584e+02 7.4386199951e+02 7.4404797363e+02 7.4423400879e+02 7.4447399902e+02 7.4460601807e+02 7.4471301270e+02 7.4490100098e+02 7.4518597412e+02 7.4544598389e+02 7.4566497803e+02 7.4590002441e+02 7.4616400146e+02 7.4644396973e+02 7.4666497803e+02 7.4682202148e+02 7.4698199463e+02 7.4721099854e+02 7.4745697021e+02 7.4776300049e+02 7.4807202148e+02 7.4829302979e+02 7.4846697998e+02 7.4863201904e+02 7.4877001953e+02 7.4891497803e+02 7.4903601074e+02 7.4915002441e+02 7.4924798584e+02 7.4943298340e+02 7.4963800049e+02 7.4978997803e+02 7.4988800049e+02 7.5009899902e+02 7.5044299316e+02 7.5072100830e+02 7.5082397461e+02 7.5073400879e+02 7.5087701416e+02 7.5116699219e+02 7.5147601318e+02 7.5169500732e+02
7.4277502441e+02 7.4289001465e+02 7.4299597168e+02 7.4313598633e+02 7.4329797363e+02 7.4349700928e+02 7.4365197754e+02 7.4378002930e+02 7.4401898193e+02 7.4426501465e+02 7.4445501709e+02 7.4468298340e+02 7.4496801758e+02 7.4523699951e+02 7.4546301270e+02 7.4566900635e+02 7.4589501953e+02 7.4611602783e+02 7.4630401611e+02 7.4647698975e+02 7.4667102051e+02 7.4687500000e+02 7.4710101318e+02 7.4740002441e+02 7.4770898438e+02 7.4797900391e+02 7.4816998291e+02 7.4835498047e+02 7.4854901123e+02 7.4872698975e+02 7.4889001465e+02 7.4904101563e+02 7.4916302490e+02 7.4932202148e+02 7.4947998047e+02 7.4959600830e+02 7.4971801758e+02 7.4992602539e+02 7.5020599365e+02 7.5043902588e+02 7.5061700439e+02 7.5069396973e+02 7.5081896973e+02 7.5099298096e+02 7.5120397949e+02 7.5139398193e+02
7.4248797607e+02 7.4259997559e+02 7.4271697998e+02 7.4286700439e+02 7.4299700928e+02 7.4315301514e+02 7.4332702637e+02 7.4347302246e+02 7.4366198730e+02 7.4396398926e+02 7.4424401855e+02 7.4450000000e+02 7.4473901367e+02 7.4498901367e+02 7.4521002197e+02 7.4539398193e+02 7.4559002686e+02 7.4580700684e+02 7.4598101807e+02 7.4615100098e+02 7.4637298584e+02 7.4658801270e+02 7.4680999756e+02 7.4708898926e+02 7.4736499023e+02 7.4762597656e+02 7.4785797119e+02 7.4809497070e+02 7.4831500244e+02 7.4849902344e+02 7.4870599365e+02 7.4891198730e+02 7.4906402588e+02 7.4920098877e+02 7.4930902100e+02 7.4939801025e+02 7.4954998779e+02 7.4974401855e+02 7.4992901611e+02 7.5011602783e+02 7.5031896973e+02 7.5049499512e+02 7.5066998291e+02 7.5080499268e+02 7.5094500732e+02 7.5114398193e+02
7.4221697998e+02 7.4233599854e+02 7.4246502686e+02 7.4262701416e+02 7.4275598145e+02 7.4286401367e+02 7.4301300049e+02 7.4317999268e+02 7.4338500977e+02 7.4369500732e+02 7.4401000977e+02 7.4426501465e+02 7.4445202637e+02 7.4466497803e+02 7.4487200928e+02 7.4504901123e+02 7.4524401855e+02 7.4549102783e+02 7.4569702148e+02 7.4588897705e+02 7.4611798096e+02 7.4635900879e+02 7.4659497070e+02 7.4686700439e+02 7.4713201904e+02 7.4735498047e+02 7.4760101318e+02 7.4786798096e+02 7.4808300781e+02 7.4824597168e+02 7.4846197510e+02 7.4868798828e+02 7.4884899902e+02 7.4897802734e+02 7.4907501221e+02 7.4916198730e+02 7.4932800293e+02 7.4952697754e+02 7.4967602539e+02 7.4986401367e+02 7.5004998779e+02 7.5022900391e+02 7.5043499756e+02 7.5058099365e+02 7.5070001221e+02 7.5090600586e+02
7.4202899170e+02 7.4215399170e+02 7.4227301025e+02 7.4240502930e+02 7.4253002930e+02 7.4263800049e+02 7.4274700928e+02 7.4290997314e+02 7.4314697266e+02 7.4343298340e+02 7.4371997070e+02 7.4394799805e+02 7.4410198975e+02 7.4427697754e+02 7.4446899414e+02 7.4466601563e+02 7.4489202881e+02 7.4515197754e+02 7.4537597656e+02 7.4558197021e+02 7.4582897949e+02 7.4612200928e+02 7.4637200928e+02 7.4662200928e+02 7.4688500977e+02 7.4714697266e+02 7.4740600586e+02 7.4764501953e+02 7.4784600830e+02 7.4797998047e+02 7.4816802979e+02 7.4837200928e+02 7.4850402832e+02 7.4865399170e+02 7.4879101563e+02 7.4890600586e+02 7.4902600098e+02 7.4922399902e+02 7.4936602783e+02 7.4953497314e+02 7.4969097900e+02 7.4985302734e+02 7.5010198975e+02 7.5032897949e+02 7.5052099609e+02 7.5071502686e+02
7.4182299805e+02 7.4196600342e+02 7.4210797119e+02 7.4223797607e+02 7.4233001709e+02 7.4241302490e+02 7.4252801514e+02 7.4268103027e+02 7.4288800049e+02 7.4315698242e+02 7.4342602539e+02 7.4364001465e+02 7.4379199219e+02 7.4393902588e+02 7.4409899902e+02 7.4430297852e+02 7.4456701660e+02 7.4484997559e+02 7.4508801270e+02 7.4527697754e+02 7.4551397705e+02 7.4589697266e+02 7.4617999268e+02 7.4636901855e+02 7.4660302734e+02 7.4694097900e+02 7.4724102783e+02 7.4742999268e+02 7.4759600830e+02 7.4773999023e+02 7.4788500977e+02 7.4804699707e+02 7.4817102051e+02 7.4830999756e+02 7.4845397949e+02 7.4861700439e+02 7.4879901123e+02 7.4894396973e+02 7.4906500244e+02 7.4922497559e+02 7.4939599609e+02 7.4955102539e+02 7.4977600098e+02 7.5002697754e+02 7.5029797363e+02 7.5059399414e+02
7.4160998535e+02 7.4178198242e+02 7.4191497803e+02 7.4203100586e+02 7.4212701416e+02 7.4223101807e+02 7.4235900879e+02 7.4247802734e+02 7.4265802002e+02 7.4291802979e+02 7.4316400146e+02 7.4336102295e+02 7.4351501465e+02 7.4365197754e+02 7.4380102539e+02 7.4400097656e+02 7.4425701904e+02 7.4456896973e+02 7.4481597900e+02 7.4497698975e+02 7.4519299316e+02 7.4559497070e+02 7.4592102051e+02 7.4614501953e+02 7.4633502197e+02 7.4664801025e+02 7.4695098877e+02 7.4712902832e+02 7.4729797363e+02 7.4747399902e+02 7.4760101318e+02 7.4774298096e+02 7.4786499023e+02 7.4800897217e+02 7.4816101074e+02 7.4834197998e+02 7.4855700684e+02 7.4869000244e+02 7.4877398682e+02 7.4890802002e+02 7.4910900879e+02 7.4928198242e+02 7.4947900391e+02 7.4972698975e+02 7.5001000977e+02 7.5033001709e+02
7.4141198730e+02 7.4160900879e+02 7.4171801758e+02 7.4180297852e+02 7.4192700195e+02 7.4209698486e+02 7.4227301025e+02 7.4238000488e+02 7.4249298096e+02 7.4270800781e+02 7.4291497803e+02 7.4309100342e+02 7.4323901367e+02 7.4336999512e+02 7.4352899170e+02 7.4371002197e+02 7.4390899658e+02 7.4422698975e+02 7.4451800537e+02 7.4469000244e+02 7.4488702393e+02 7.4524700928e+02 7.4558898926e+02 7.4586102295e+02 7.4605499268e+02 7.4631402588e+02 7.4659600830e+02 7.4678997803e+02 7.4698101807e+02 7.4717797852e+02 7.4732000732e+02 7.4746099854e+02 7.4757202148e+02 7.4772198486e+02 7.4785797119e+02 7.4800000000e+02 7.4820898438e+02 7.4837597656e+02 7.4846099854e+02 7.4856799316e+02 7.4876300049e+02 7.4892102051e+02 7.4910198975e+02 7.4937298584e+02 7.4969500732e+02 7.4997900391e+02
7.4131500244e+02 7.4140899658e+02 7.4150299072e+02 7.4158099365e+02 7.4170098877e+02 7.4185797119e+02 7.4205297852e+02 7.4223498535e+02 7.4236700439e+02 7.4250000000e+02 7.4265502930e+02 7.4281201172e+02 7.4295697021e+02 7.4306701660e+02 7.4324401855e+02 7.4340002441e+02 7.4356402588e+02 7.4381701660e+02 7.4414898682e+02 7.4441699219e+02 7.4465399170e+02 7.4498498535e+02 7.4530499268e+02 7.4557897949e+02 7.4579602051e+02 7.4601599121e+02 7.4627398682e+02 7.4650500488e+02 7.4669702148e+02 7.4688000488e+02 7.4703399658e+02 7.4715698242e+02 7.4725097656e+02 7.4741497803e+02 7.4752801514e+02 7.4762799072e+02 7.4779998779e+02 7.4798199463e+02 7.4816699219e+02 7.4832397461e+02 7.4843499756e+02 7.4855102539e+02 7.4871398926e+02 7.4898297119e+02 7.4934100342e+02 7.4965399170e+02
7.4107800293e+02 7.4123101807e+02 7.4129302979e+02 7.4134600830e+02 7.4144396973e+02 7.4154901123e+02 7.4175299072e+02 7.4198498535e+02 7.4211999512e+02 7.4226501465e+02 7.4241998291e+02 7.4255999756e+02 7.4270397949e+02 7.4288500977e+02 7.4306201172e+02 7.4316900635e+02 7.4334100342e+02 7.4358599854e+02 7.4389202881e+02 7.4417498779e+02 7.4439001465e+02 7.4469500732e+02 7.4503997803e+02 7.4532501221e+02 7.4555798340e+02 7.4578198242e+02 7.4600201416e+02 7.4624902344e+02 7.4646099854e+02 7.4661999512e+02 7.4674102783e+02 7.4683898926e+02 7.4694897461e+02 7.4710302734e+02 7.4722900391e+02 7.4735302734e+02 7.4749499512e+02 7.4762902832e+02 7.4782397461e+02 7.4805102539e+02 7.4819702148e+02 7.4825097656e+02 7.4836499023e+02 7.4855200195e+02 7.4883697510e+02 7.4924902344e+02
7.4078399658e+02 7.4096301270e+02 7.4104602051e+02 7.4111499023e+02 7.4121997070e+02 7.4133801270e+02 7.4154302979e+02 7.4174597168e+02 7.4186999512e+02 7.4203497314e+02 7.4221801758e+02 7.4235797119e+02 7.4248498535e+02 7.4269897461e+02 7.4287597656e+02 7.4298602295e+02 7.4313800049e+02 7.4338897705e+02 7.4367297363e+02 7.4396002197e+02 7.4418298340e+02 7.4450701904e+02 7.4491497803e+02 7.4521502686e+02 7.4534399414e+02 7.4551599121e+02 7.4569500732e+02 7.4593798828e+02 7.4617999268e+02 7.4633001709e+02 7.4641900635e+02 7.4651501465e+02 7.4665600586e+02 7.4679901123e+02 7.4693798828e+02 7.4708001709e+02 7.4722900391e+02 7.4737701416e+02 7.4754998779e+02 7.4777502441e+02 7.4796801758e+02 7.4805297852e+02 7.4815197754e+02 7.4829400635e+02 7.4850799561e+02 7.4895397949e+02
7.4051898193e+02 7.4069396973e+02 7.4081701660e+02 7.4091302490e+02 7.4103302002e+02 7.4117700195e+02 7.4135498047e+02 7.4151501465e+02 7.4164801025e+02 7.4182501221e+02 7.4199798584e+02 7.4215100098e+02 7.4228802490e+02 7.4243103027e+02 7.4259002686e+02 7.4276000977e+02 7.4293701172e+02 7.4318798828e+02 7.4344097900e+02 7.4371697998e+02 7.4395300293e+02 7.4425097656e+02 7.4465502930e+02 7.4499700928e+02 7.4507897949e+02 7.4520898438e+02 7.4536102295e+02 7.4556201172e+02 7.4579998779e+02 7.4597302246e+02 7.4605902100e+02 7.4616699219e+02 7.4633398438e+02 7.4647698975e+02 7.4664099121e+02 7.4681597900e+02 7.4697900391e+02 7.4714398193e+02 7.4736499023e+02 7.4761602783e+02 7.4778802490e+02 7.4792199707e+02 7.4804498291e+02 7.4817602539e+02 7.4832598877e+02 7.4867498779e+02
