TESTSERVER/21/3.asc
NCOLS 100
NROWS 100
XLLCORNER 8.5497500000e+03
YLLCORNER 2.8980025000e+05
CELLSIZE 5.0000000000e-01
NODATA_VALUE -9.9990000000e+03
[rows 80 to 99 of 100, columns 0 to 45 of 100]
7.4030700684e+02 7.4046301270e+02 7.4057598877e+02 7.4067700195e+02 7.4083697510e+02 7.4097900391e+02 7.4110601807e+02 7.4123999023e+02 7.4139599609e+02 7.4159802246e+02 7.4175402832e+02 7.4192199707e+02 7.4207897949e+02 7.4221801758e+02 7.4235797119e+02 7.4254400635e+02 7.4275000000e+02 7.4299298096e+02 7.4320001221e+02 7.4342102051e+02 7.4364898682e+02 7.4388500977e+02 7.4409497070e+02 7.4439001465e+02 7.4467297363e+02 7.4485101318e+02 7.4503601074e+02 7.4519299316e+02 7.4537799072e+02 7.4558502197e+02 7.4569702148e+02 7.4581701660e+02 7.4598602295e+02 7.4617498779e+02 7.4635699463e+02 7.4654998779e+02 7.4676397705e+02 7.4691101074e+02 7.4717602539e+02 7.4743701172e+02 7.4757501221e+02 7.4770800781e+02 7.4785601807e+02 7.4801800537e+02 7.4816101074e+02 7.4841497803e+02
7.4007598877e+02 7.4024401855e+02 7.4035101318e+02 7.4044897461e+02 7.4060400391e+02 7.4074798584e+02 7.4087200928e+02 7.4100799561e+02 7.4116699219e+02 7.4138800049e+02 7.4155902100e+02 7.4171697998e+02 7.4187097168e+02 7.4204199219e+02 7.4218499756e+02 7.4236901855e+02 7.4258001709e+02 7.4281500244e+02 7.4303100586e+02 7.4321997070e+02 7.4339398193e+02 7.4363598633e+02 7.4383697510e+02 7.4406097412e+02 7.4433001709e+02 7.4453302002e+02 7.4473602295e+02 7.4485900879e+02 7.4502001953e+02 7.4525299072e+02 7.4539599609e+02 7.4551202393e+02 7.4566900635e+02 7.4590100098e+02 7.4609301758e+02 7.4626501465e+02 7.4651599121e+02 7.4669097900e+02 7.4691497803e+02 7.4713897705e+02 7.4729400635e+02 7.4744702148e+02 7.4764001465e+02 7.4782702637e+02 7.4793499756e+02 7.4820898438e+02
7.3979400635e+02 7.3999499512e+02 7.4015301514e+02 7.4026300049e+02 7.4038098145e+02 7.4052502441e+02 7.4065802002e+02 7.4080297852e+02 7.4097497559e+02 7.4115997314e+02 7.4134997559e+02 7.4153900146e+02 7.4169299316e+02 7.4186401367e+02 7.4200097656e+02 7.4214898682e+02 7.4233898926e+02 7.4256097412e+02 7.4275097656e+02 7.4294396973e+02 7.4315997314e+02 7.4337597656e+02 7.4360101318e+02 7.4381597900e+02 7.4401800537e+02 7.4422900391e+02 7.4442199707e+02 7.4454699707e+02 7.4469500732e+02 7.4492401123e+02 7.4510699463e+02 7.4525799561e+02 7.4540997314e+02 7.4562902832e+02 7.4580499268e+02 7.4595501709e+02 7.4618499756e+02 7.4639501953e+02 7.4665698242e+02 7.4690100098e+02 7.4707897949e+02 7.4729602051e+02 7.4751800537e+02 7.4768597412e+02 7.4773297119e+02 7.4792999268e+02
7.3953997803e+02 7.3972601318e+02 7.3992401123e+02 7.4007000732e+02 7.4018298340e+02 7.4032397461e+02 7.4046502686e+02 7.4060998535e+02 7.4077600098e+02 7.4093701172e+02 7.4114398193e+02 7.4135101318e+02 7.4150598145e+02 7.4166601563e+02 7.4180798340e+02 7.4191699219e+02 7.4208099365e+02 7.4232702637e+02 7.4252801514e+02 7.4270501709e+02 7.4291101074e+02 7.4307702637e+02 7.4331201172e+02 7.4354199219e+02 7.4370202637e+02 7.4391198730e+02 7.4409802246e+02 7.4424200439e+02 7.4439599609e+02 7.4462200928e+02 7.4483197021e+02 7.4501898193e+02 7.4518701172e+02 7.4538800049e+02 7.4556201172e+02 7.4572198486e+02 7.4592901611e+02 7.4616302490e+02 7.4642102051e+02 7.4665002441e+02 7.4684399414e+02 7.4708599854e+02 7.4729400635e+02 7.4744598389e+02 7.4750598145e+02 7.4760101318e+02
7.3935498047e+02 7.3952099609e+02 7.3970697021e+02 7.3985699463e+02 7.3998699951e+02 7.4014599609e+02 7.4030200195e+02 7.4045098877e+02 7.4059301758e+02 7.4077502441e+02 7.4097302246e+02 7.4114501953e+02 7.4130102539e+02 7.4141601563e+02 7.4155902100e+02 7.4168103027e+02 7.4186102295e+02 7.4202600098e+02 7.4222100830e+02 7.4241998291e+02 7.4259197998e+02 7.4279901123e+02 7.4304302979e+02 7.4327697754e+02 7.4343402100e+02 7.4361798096e+02 7.4381201172e+02 7.4396997070e+02 7.4410998535e+02 7.4436798096e+02 7.4458300781e+02 7.4476300049e+02 7.4493701172e+02 7.4511102295e+02 7.4530499268e+02 7.4552001953e+02 7.4572198486e+02 7.4597302246e+02 7.4618597412e+02 7.4636999512e+02 7.4657501221e+02 7.4671997070e+02 7.4684802246e+02 7.4700402832e+02 7.4719299316e+02 7.4734497070e+02
7.3913397217e+02 7.3932299805e+02 7.3952502441e+02 7.3966198730e+02 7.3980700684e+02 7.3996301270e+02 7.4013397217e+02 7.4030603027e+02 7.4043701172e+02 7.4065197754e+02 7.4082598877e+02 7.4096801758e+02 7.4110601807e+02 7.4122497559e+02 7.4137097168e+02 7.4150000000e+02 7.4169000244e+02 7.4185198975e+02 7.4201599121e+02 7.4223199463e+02 7.4243798828e+02 7.4262298584e+02 7.4283001709e+02 7.4303497314e+02 7.4318701172e+02 7.4334100342e+02 7.4352001953e+02 7.4369299316e+02 7.4388598633e+02 7.4417401123e+02 7.4440600586e+02 7.4456799316e+02 7.4472302246e+02 7.4492297363e+02 7.4514001465e+02 7.4534899902e+02 7.4551397705e+02 7.4572198486e+02 7.4590899658e+02 7.4609899902e+02 7.4632598877e+02 7.4648101807e+02 7.4657501221e+02 7.4671697998e+02 7.4690301514e+02 7.4704498291e+02
7.3896600342e+02 7.3915899658e+02 7.3935400391e+02 7.3949499512e+02 7.3965899658e+02 7.3983502197e+02 7.4001599121e+02 7.4019598389e+02 7.4035601807e+02 7.4055297852e+02 7.4071197510e+02 7.4087200928e+02 7.4095898438e+02 7.4103900146e+02 7.4114099121e+02 7.4130700684e+02 7.4153198242e+02 7.4171099854e+02 7.4186297607e+02 7.4209197998e+02 7.4232501221e+02 7.4249597168e+02 7.4264099121e+02 7.4280499268e+02 7.4294598389e+02 7.4309802246e+02 7.4328997803e+02 7.4346801758e+02 7.4366900635e+02 7.4395300293e+02 7.4419396973e+02 7.4435900879e+02 7.4448602295e+02 7.4467297363e+02 7.4487097168e+02 7.4505401611e+02 7.4523101807e+02 7.4541998291e+02 7.4560101318e+02 7.4578997803e+02 7.4602697754e+02 7.4623602295e+02 7.4632702637e+02 7.4645501709e+02 7.4665899658e+02 7.4682000732e+02
7.3883801270e+02 7.3908502197e+02 7.3930999756e+02 7.3941601563e+02 7.3953698730e+02 7.3971398926e+02 7.3987298584e+02 7.4004498291e+02 7.4023797607e+02 7.4039300537e+02 7.4056597900e+02 7.4072802734e+02 7.4078497314e+02 7.4082000732e+02 7.4087701416e+02 7.4105798340e+02 7.4126800537e+02 7.4144702148e+02 7.4159899902e+02 7.4180999756e+02 7.4205902100e+02 7.4226202393e+02 7.4238500977e+02 7.4252398682e+02 7.4268200684e+02 7.4286199951e+02 7.4307098389e+02 7.4324902344e+02 7.4342401123e+02 7.4362902832e+02 7.4383697510e+02 7.4402502441e+02 7.4418701172e+02 7.4435302734e+02 7.4454101563e+02 7.4473101807e+02 7.4492999268e+02 7.4511297607e+02 7.4529498291e+02 7.4546697998e+02 7.4565899658e+02 7.4586700439e+02 7.4597900391e+02 7.4612701416e+02 7.4637597656e+02 7.4659197998e+02
7.3866400146e+02 7.3900897217e+02 7.3927899170e+02 7.3930902100e+02 7.3936798096e+02 7.3951501465e+02 7.3963598633e+02 7.3981701660e+02 7.4003399658e+02 7.4031701660e+02 7.4062097168e+02 7.4071301270e+02 7.4066802979e+02 7.4068597412e+02 7.4075201416e+02 7.4089898682e+02 7.4099597168e+02 7.4117999268e+02 7.4135302734e+02 7.4149902344e+02 7.4165802002e+02 7.4190301514e+02 7.4208898926e+02 7.4221997070e+02 7.4236401367e+02 7.4258599854e+02 7.4280700684e+02 7.4300097656e+02 7.4316601563e+02 7.4330401611e+02 7.4348297119e+02 7.4368798828e+02 7.4386901855e+02 7.4406298828e+02 7.4424499512e+02 7.4442602539e+02 7.4461602783e+02 7.4482000732e+02 7.4500000000e+02 7.4516101074e+02 7.4534002686e+02 7.4549798584e+02 7.4564202881e+02 7.4580499268e+02 7.4601800537e+02 7.4627502441e+02
7.3842401123e+02 7.3865698242e+02 7.3888500977e+02 7.3898199463e+02 7.3916101074e+02 7.3932800293e+02 7.3943597412e+02 7.3957299805e+02 7.3983197021e+02 7.4020202637e+02 7.4047497559e+02 7.4049902344e+02 7.4044702148e+02 7.4047601318e+02 7.4054998779e+02 7.4070599365e+02 7.4081097412e+02 7.4093902588e+02 7.4108599854e+02 7.4125500488e+02 7.4140502930e+02 7.4158197021e+02 7.4177600098e+02 7.4189599609e+02 7.4205902100e+02 7.4229302979e+02 7.4252502441e+02 7.4271997070e+02 7.4287799072e+02 7.4306597900e+02 7.4324102783e+02 7.4342999268e+02 7.4361199951e+02 7.4380999756e+02 7.4398498535e+02 7.4415997314e+02 7.4434197998e+02 7.4453997803e+02 7.4471600342e+02 7.4487701416e+02 7.4506201172e+02 7.4525299072e+02 7.4540899658e+02 7.4555700684e+02 7.4574200439e+02 7.4596301270e+02
7.3818103027e+02 7.3834600830e+02 7.3852600098e+02 7.3865802002e+02 7.3888800049e+02 7.3907202148e+02 7.3923699951e+02 7.3936602783e+02 7.3957702637e+02 7.3981097412e+02 7.3998901367e+02 7.4010101318e+02 7.4016699219e+02 7.4022698975e+02 7.4033001709e+02 7.4047100830e+02 7.4058099365e+02 7.4068597412e+02 7.4082800293e+02 7.4100402832e+02 7.4114202881e+02 7.4128399658e+02 7.4145800781e+02 7.4160498047e+02 7.4180999756e+02 7.4205297852e+02 7.4231402588e+02 7.4252398682e+02 7.4263500977e+02 7.4281402588e+02 7.4296502686e+02 7.4313598633e+02 7.4332299805e+02 7.4351098633e+02 7.4370501709e+02 7.4390502930e+02 7.4407397461e+02 7.4427099609e+02 7.4446301270e+02 7.4463201904e+02 7.4480902100e+02 7.4499798584e+02 7.4515399170e+02 7.4530499268e+02 7.4548901367e+02 7.4569702148e+02
7.3791601563e+02 7.3811199951e+02 7.3829400635e+02 7.3843597412e+02 7.3862500000e+02 7.3880902100e+02 7.3901702881e+02 7.3914898682e+02 7.3932598877e+02 7.3953399658e+02 7.3970202637e+02 7.3983697510e+02 7.3992797852e+02 7.4000598145e+02 7.4010400391e+02 7.4022998047e+02 7.4033801270e+02 7.4045202637e+02 7.4059100342e+02 7.4074700928e+02 7.4087902832e+02 7.4102099609e+02 7.4119000244e+02 7.4137500000e+02 7.4160302734e+02 7.4184600830e+02 7.4216802979e+02 7.4243103027e+02 7.4246502686e+02 7.4253802490e+02 7.4268499756e+02 7.4287500000e+02 7.4305603027e+02 7.4320300293e+02 7.4339599609e+02 7.4359997559e+02 7.4376300049e+02 7.4397900391e+02 7.4419897461e+02 7.4438897705e+02 7.4455297852e+02 7.4472900391e+02 7.4489898682e+02 7.4506597900e+02 7.4525598145e+02 7.4547900391e+02
7.3766802979e+02 7.3787701416e+02 7.3807897949e+02 7.3823699951e+02 7.3840997314e+02 7.3859899902e+02 7.3881298828e+02 7.3894598389e+02 7.3912597656e+02 7.3933502197e+02 7.3952301025e+02 7.3964099121e+02 7.3969702148e+02 7.3977398682e+02 7.3986798096e+02 7.4000402832e+02 7.4011602783e+02 7.4025201416e+02 7.4036999512e+02 7.4049499512e+02 7.4063500977e+02 7.4079400635e+02 7.4096502686e+02 7.4116802979e+02 7.4137500000e+02 7.4157202148e+02 7.4188897705e+02 7.4220898438e+02 7.4228198242e+02 7.4226202393e+02 7.4241699219e+02 7.4265802002e+02 7.4283599854e+02 7.4294396973e+02 7.4310699463e+02 7.4330297852e+02 7.4346697998e+02 7.4365100098e+02 7.4388598633e+02 7.4411102295e+02 7.4431097412e+02 7.4450097656e+02 7.4467901611e+02 7.4485198975e+02 7.4503100586e+02 7.4523498535e+02
7.3749499512e+02 7.3767102051e+02 7.3786602783e+02 7.3802502441e+02 7.3818499756e+02 7.3834899902e+02 7.3860900879e+02 7.3878100586e+02 7.3897198486e+02 7.3914202881e+02 7.3924298096e+02 7.3935797119e+02 7.3948999023e+02 7.3957397461e+02 7.3967401123e+02 7.3982000732e+02 7.3995697021e+02 7.4006701660e+02 7.4016699219e+02 7.4029998779e+02 7.4044201660e+02 7.4058898926e+02 7.4075897217e+02 7.4095501709e+02 7.4113598633e+02 7.4125500488e+02 7.4146899414e+02 7.4174902344e+02 7.4194799805e+02 7.4200598145e+02 7.4214898682e+02 7.4239099121e+02 7.4260400391e+02 7.4270800781e+02 7.4286102295e+02 7.4304199219e+02 7.4321398926e+02 7.4338500977e+02 7.4358697510e+02 7.4383300781e+02 7.4410699463e+02 7.4431701660e+02 7.4446600342e+02 7.4462500000e+02 7.4479998779e+02 7.4496002197e+02
7.3731799316e+02 7.3746600342e+02 7.3764697266e+02 7.3782098389e+02 7.3799700928e+02 7.3815698242e+02 7.3841497803e+02 7.3859802246e+02 7.3877801514e+02 7.3899298096e+02 7.3907800293e+02 7.3914300537e+02 7.3925701904e+02 7.3935101318e+02 7.3948297119e+02 7.3962402344e+02 7.3976599121e+02 7.3990301514e+02 7.3999499512e+02 7.4011401367e+02 7.4025000000e+02 7.4039300537e+02 7.4055999756e+02 7.4074499512e+02 7.4092498779e+02 7.4104901123e+02 7.4119702148e+02 7.4138702393e+02 7.4159899902e+02 7.4176098633e+02 7.4188800049e+02 7.4206597900e+02 7.4228900146e+02 7.4242199707e+02 7.4260101318e+02 7.4277001953e+02 7.4295098877e+02 7.4314599609e+02 7.4335699463e+02 7.4361401367e+02 7.4389801025e+02 7.4410101318e+02 7.4424499512e+02 7.4440197754e+02 7.4458599854e+02 7.4475897217e+02
7.3716699219e+02 7.3732800293e+02 7.3749597168e+02 7.3765502930e+02 7.3785101318e+02 7.3802801514e+02 7.3824298096e+02 7.3842102051e+02 7.3856402588e+02 7.3877600098e+02 7.3889300537e+02 7.3896899414e+02 7.3908001709e+02 7.3919799805e+02 7.3934497070e+02 7.3947302246e+02 7.3963000488e+02 7.3978698730e+02 7.3986102295e+02 7.3995697021e+02 7.4009600830e+02 7.4024401855e+02 7.4039501953e+02 7.4055200195e+02 7.4071099854e+02 7.4086499023e+02 7.4101898193e+02 7.4116497803e+02 7.4131097412e+02 7.4151397705e+02 7.4166198730e+02 7.4181701660e+02 7.4200897217e+02 7.4212799072e+02 7.4229400635e+02 7.4247497559e+02 7.4266601563e+02 7.4288897705e+02 7.4313397217e+02 7.4340100098e+02 7.4365301514e+02 7.4384698486e+02 7.4401000977e+02 7.4417797852e+02 7.4436297607e+02 7.4456402588e+02
7.3702801514e+02 7.3722802734e+02 7.3739001465e+02 7.3751898193e+02 7.3772198486e+02 7.3788897705e+02 7.3807897949e+02 7.3827001953e+02 7.3840002441e+02 7.3857598877e+02 7.3869097900e+02 7.3881597900e+02 7.3895098877e+02 7.3905700684e+02 7.3919799805e+02 7.3935302734e+02 7.3949499512e+02 7.3961199951e+02 7.3969598389e+02 7.3983502197e+02 7.3998297119e+02 7.4013201904e+02 7.4025299072e+02 7.4036199951e+02 7.4048797607e+02 7.4065002441e+02 7.4081701660e+02 7.4095397949e+02 7.4107202148e+02 7.4123199463e+02 7.4140600586e+02 7.4157397461e+02 7.4173602295e+02 7.4188598633e+02 7.4204498291e+02 7.4223199463e+02 7.4241198730e+02 7.4264300537e+02 7.4291400146e+02 7.4318499756e+02 7.4340600586e+02 7.4358599854e+02 7.4378002930e+02 7.4396398926e+02 7.4410400391e+02 7.4429302979e+02
7.3696398926e+02 7.3712200928e+02 7.3725598145e+02 7.3740600586e+02 7.3760101318e+02 7.3774401855e+02 7.3793499756e+02 7.3812097168e+02 7.3823101807e+02 7.3840399170e+02 7.3851800537e+02 7.3865301514e+02 7.3877398682e+02 7.3886297607e+02 7.3901702881e+02 7.3918298340e+02 7.3933197021e+02 7.3944799805e+02 7.3955603027e+02 7.3969201660e+02 7.3979199219e+02 7.3991302490e+02 7.4004400635e+02 7.4017199707e+02 7.4029901123e+02 7.4043701172e+02 7.4058099365e+02 7.4070202637e+02 7.4083697510e+02 7.4100201416e+02 7.4117401123e+02 7.4133099365e+02 7.4148297119e+02 7.4165997314e+02 7.4182897949e+02 7.4200402832e+02 7.4219396973e+02 7.4243298340e+02 7.4268798828e+02 7.4294799805e+02 7.4316302490e+02 7.4330902100e+02 7.4348699951e+02 7.4368701172e+02 7.4386798096e+02 7.4404302979e+02
7.3688397217e+02 7.3702398682e+02 7.3717498779e+02 7.3732598877e+02 7.3749102783e+02 7.3765600586e+02 7.3782098389e+02 7.3797399902e+02 7.3807397461e+02 7.3821801758e+02 7.3835797119e+02 7.3851501465e+02 7.3863598633e+02 7.3871899414e+02 7.3886401367e+02 7.3903601074e+02 7.3920800781e+02 7.3932800293e+02 7.3941998291e+02 7.3951202393e+02 7.3957897949e+02 7.3968701172e+02 7.3982702637e+02 7.3996398926e+02 7.4008300781e+02 7.4021197510e+02 7.4033398438e+02 7.4044396973e+02 7.4057202148e+02 7.4076202393e+02 7.4097900391e+02 7.4114501953e+02 7.4124200439e+02 7.4140997314e+02 7.4159399414e+02 7.4176898193e+02 7.4195898438e+02 7.4221697998e+02 7.4245501709e+02 7.4269299316e+02 7.4289898682e+02 7.4303601074e+02 7.4319500732e+02 7.4337799072e+02 7.4355499268e+02 7.4374902344e+02
7.3678997803e+02 7.3696697998e+02 7.3716900635e+02 7.3731201172e+02 7.3739898682e+02 7.3757098389e+02 7.3771301270e+02 7.3782897949e+02 7.3792602539e+02 7.3807098389e+02 7.3822100830e+02 7.3837097168e+02 7.3848699951e+02 7.3859802246e+02 7.3873101807e+02 7.3889001465e+02 7.3907000732e+02 7.3920501709e+02 7.3927301025e+02 7.3933197021e+02 7.3940197754e+02 7.3950000000e+02 7.3961901855e+02 7.3974597168e+02 7.3988000488e+02 7.3999700928e+02 7.4011901855e+02 7.4022900391e+02 7.4032202148e+02 7.4049798584e+02 7.4070001221e+02 7.4087402344e+02 7.4098999023e+02 7.4114501953e+02 7.4132598877e+02 7.4152001953e+02 7.4172998047e+02 7.4199200439e+02 7.4221301270e+02 7.4242797852e+02 7.4261798096e+02 7.4277502441e+02 7.4295001221e+02 7.4312597656e+02 7.4326098633e+02 7.4342199707e+02
