TESTSERVER/21/4.asc
NCOLS 100
NROWS 100
XLLCORNER 8.5497500000e+03
YLLCORNER 2.8975025000e+05
CELLSIZE 5.0000000000e-01
NODATA_VALUE -9.9990000000e+03
[rows 0 to 19 of 100, columns 0 to 45 of 100]
7.3676599121e+02 7.3696502686e+02 7.3714202881e+02 7.3726599121e+02 7.3733599854e+02 7.3745501709e+02 7.3758801270e+02 7.3770300293e+02 7.3779901123e+02 7.3791400146e+02 7.3804797363e+02 7.3819000244e+02 7.3832501221e+02 7.3846502686e+02 7.3856701660e+02 7.3871197510e+02 7.3894201660e+02 7.3913000488e+02 7.3915002441e+02 7.3915698242e+02 7.3921899414e+02 7.3932598877e+02 7.3942401123e+02 7.3953698730e+02 7.3972302246e+02 7.3982000732e+02 7.3994598389e+02 7.4008398438e+02 7.4020202637e+02 7.4030499268e+02 7.4044000244e+02 7.4060797119e+02 7.4078302002e+02 7.4093902588e+02 7.4108502197e+02 7.4127001953e+02 7.4153997803e+02 7.4178601074e+02 7.4196600342e+02 7.4214801025e+02 7.4232202148e+02 7.4247302246e+02 7.4269000244e+02 7.4291497803e+02 7.4304199219e+02 7.4318902588e+02
7.3673199463e+02 7.3693902588e+02 7.3711999512e+02 7.3724700928e+02 7.3734600830e+02 7.3741302490e+02 7.3751599121e+02 7.3761999512e+02 7.3767498779e+02 7.3775701904e+02 7.3786999512e+02 7.3802502441e+02 7.3814501953e+02 7.3822900391e+02 7.3835498047e+02 7.3853997803e+02 7.3875097656e+02 7.3902301025e+02 7.3905200195e+02 7.3900299072e+02 7.3905401611e+02 7.3917199707e+02 7.3932897949e+02 7.3946099854e+02 7.3958599854e+02 7.3964300537e+02 7.3978900146e+02 7.3995001221e+02 7.4008300781e+02 7.4023297119e+02 7.4036401367e+02 7.4047802734e+02 7.4060998535e+02 7.4074902344e+02 7.4090600586e+02 7.4110601807e+02 7.4138299561e+02 7.4163500977e+02 7.4179797363e+02 7.4196398926e+02 7.4211199951e+02 7.4225299072e+02 7.4240698242e+02 7.4260699463e+02 7.4280499268e+02 7.4294799805e+02
7.3661999512e+02 7.3685400391e+02 7.3706701660e+02 7.3720397949e+02 7.3728399658e+02 7.3731896973e+02 7.3738299561e+02 7.3746099854e+02 7.3750598145e+02 7.3761199951e+02 7.3772399902e+02 7.3788000488e+02 7.3796301270e+02 7.3804602051e+02 7.3819000244e+02 7.3833502197e+02 7.3847399902e+02 7.3870697021e+02 7.3881298828e+02 7.3882800293e+02 7.3889202881e+02 7.3894000244e+02 7.3910198975e+02 7.3933300781e+02 7.3949798584e+02 7.3950097656e+02 7.3965698242e+02 7.3988201904e+02 7.4007397461e+02 7.4028601074e+02 7.4038098145e+02 7.4038500977e+02 7.4045397949e+02 7.4059301758e+02 7.4075299072e+02 7.4095599365e+02 7.4121099854e+02 7.4143499756e+02 7.4158300781e+02 7.4174298096e+02 7.4189001465e+02 7.4204998779e+02 7.4221002197e+02 7.4238397217e+02 7.4259899902e+02 7.4275701904e+02
7.3650097656e+02 7.3678497314e+02 7.3705798340e+02 7.3720599365e+02 7.3723699951e+02 7.3723901367e+02 7.3724597168e+02 7.3729699707e+02 7.3735699463e+02 7.3747399902e+02 7.3758300781e+02 7.3770202637e+02 7.3775701904e+02 7.3788598633e+02 7.3801800537e+02 7.3811602783e+02 7.3825000000e+02 7.3838897705e+02 7.3851501465e+02 7.3860900879e+02 7.3871398926e+02 7.3876599121e+02 7.3885101318e+02 7.3904998779e+02 7.3931298828e+02 7.3939300537e+02 7.3954400635e+02 7.3977801514e+02 7.4000897217e+02 7.4025000000e+02 7.4032202148e+02 7.4027600098e+02 7.4030200195e+02 7.4043701172e+02 7.4057000732e+02 7.4077301025e+02 7.4105902100e+02 7.4123400879e+02 7.4134399414e+02 7.4149102783e+02 7.4167102051e+02 7.4184301758e+02 7.4204901123e+02 7.4224102783e+02 7.4242700195e+02 7.4259399414e+02
7.3633099365e+02 7.3660198975e+02 7.3688098145e+02 7.3703698730e+02 7.3706402588e+02 7.3712500000e+02 7.3715502930e+02 7.3720300293e+02 7.3726202393e+02 7.3737097168e+02 7.3744500732e+02 7.3753198242e+02 7.3761401367e+02 7.3770599365e+02 7.3781097412e+02 7.3792901611e+02 7.3810101318e+02 7.3821801758e+02 7.3833801270e+02 7.3844097900e+02 7.3854498291e+02 7.3865301514e+02 7.3871099854e+02 7.3881201172e+02 7.3900799561e+02 7.3919396973e+02 7.3936199951e+02 7.3954101563e+02 7.3973498535e+02 7.3993200684e+02 7.4003302002e+02 7.4007702637e+02 7.4010900879e+02 7.4027001953e+02 7.4042401123e+02 7.4061999512e+02 7.4088299561e+02 7.4103100586e+02 7.4114599609e+02 7.4127899170e+02 7.4145202637e+02 7.4166101074e+02 7.4187701416e+02 7.4209399414e+02 7.4225897217e+02 7.4244201660e+02
7.3614501953e+02 7.3633300781e+02 7.3651501465e+02 7.3666400146e+02 7.3680603027e+02 7.3690997314e+02 7.3701000977e+02 7.3709497070e+02 7.3716497803e+02 7.3724401855e+02 7.3728997803e+02 7.3740301514e+02 7.3752502441e+02 7.3756597900e+02 7.3764001465e+02 7.3775701904e+02 7.3791802979e+02 7.3804101563e+02 7.3818701172e+02 7.3829998779e+02 7.3839898682e+02 7.3849597168e+02 7.3858599854e+02 7.3869396973e+02 7.3882800293e+02 7.3905999756e+02 7.3922601318e+02 7.3933898926e+02 7.3946801758e+02 7.3960900879e+02 7.3972698975e+02 7.3985400391e+02 7.3993798828e+02 7.4008099365e+02 7.4026898193e+02 7.4047601318e+02 7.4068701172e+02 7.4085400391e+02 7.4096997070e+02 7.4109399414e+02 7.4124298096e+02 7.4147198486e+02 7.4172601318e+02 7.4197802734e+02 7.4210601807e+02 7.4225402832e+02
7.3603198242e+02 7.3621600342e+02 7.3634899902e+02 7.3647900391e+02 7.3663201904e+02 7.3674597168e+02 7.3684997559e+02 7.3694799805e+02 7.3704797363e+02 7.3713702393e+02 7.3722698975e+02 7.3735998535e+02 7.3745697021e+02 7.3746801758e+02 7.3751702881e+02 7.3762701416e+02 7.3777899170e+02 7.3789599609e+02 7.3803100586e+02 7.3814099121e+02 7.3824102783e+02 7.3833697510e+02 7.3843298340e+02 7.3853698730e+02 7.3864599609e+02 7.3882800293e+02 7.3900402832e+02 7.3915997314e+02 7.3928497314e+02 7.3941998291e+02 7.3952502441e+02 7.3965002441e+02 7.3977099609e+02 7.3993298340e+02 7.4012298584e+02 7.4033300781e+02 7.4052600098e+02 7.4071197510e+02 7.4080700684e+02 7.4091802979e+02 7.4106597900e+02 7.4126702881e+02 7.4151202393e+02 7.4179302979e+02 7.4196099854e+02 7.4210601807e+02
7.3595800781e+02 7.3615100098e+02 7.3627301025e+02 7.3638702393e+02 7.3653002930e+02 7.3665502930e+02 7.3674597168e+02 7.3682897949e+02 7.3693298340e+02 7.3702398682e+02 7.3709600830e+02 7.3719897461e+02 7.3730297852e+02 7.3734100342e+02 7.3738397217e+02 7.3748602295e+02 7.3762799072e+02 7.3772998047e+02 7.3785601807e+02 7.3797497559e+02 7.3805499268e+02 7.3813598633e+02 7.3821801758e+02 7.3833697510e+02 7.3849902344e+02 7.3862402344e+02 7.3878399658e+02 7.3896502686e+02 7.3910101318e+02 7.3923400879e+02 7.3933197021e+02 7.3943701172e+02 7.3956896973e+02 7.3975500488e+02 7.3994598389e+02 7.4016900635e+02 7.4037200928e+02 7.4053802490e+02 7.4063397217e+02 7.4076599121e+02 7.4091400146e+02 7.4103497314e+02 7.4118798828e+02 7.4140997314e+02 7.4167297363e+02 7.4184100342e+02
7.3593103027e+02 7.3606201172e+02 7.3618597412e+02 7.3630798340e+02 7.3644598389e+02 7.3653900146e+02 7.3661700439e+02 7.3670501709e+02 7.3679101563e+02 7.3686700439e+02 7.3689001465e+02 7.3693701172e+02 7.3703601074e+02 7.3712500000e+02 7.3721801758e+02 7.3732299805e+02 7.3742498779e+02 7.3753302002e+02 7.3766302490e+02 7.3777502441e+02 7.3784301758e+02 7.3793701172e+02 7.3801702881e+02 7.3813800049e+02 7.3831097412e+02 7.3843902588e+02 7.3856799316e+02 7.3870599365e+02 7.3886602783e+02 7.3899597168e+02 7.3913098145e+02 7.3927398682e+02 7.3941998291e+02 7.3960900879e+02 7.3978302002e+02 7.3998602295e+02 7.4019299316e+02 7.4031298828e+02 7.4042297363e+02 7.4057299805e+02 7.4071697998e+02 7.4088098145e+02 7.4100500488e+02 7.4110302734e+02 7.4128002930e+02 7.4147998047e+02
7.3584997559e+02 7.3599401855e+02 7.3613201904e+02 7.3626397705e+02 7.3637902832e+02 7.3645300293e+02 7.3652301025e+02 7.3660699463e+02 7.3665600586e+02 7.3669598389e+02 7.3673498535e+02 7.3679699707e+02 7.3687200928e+02 7.3695898438e+02 7.3707098389e+02 7.3716998291e+02 7.3725500488e+02 7.3737200928e+02 7.3750799561e+02 7.3757000732e+02 7.3764001465e+02 7.3772998047e+02 7.3786602783e+02 7.3798400879e+02 7.3810302734e+02 7.3823101807e+02 7.3838598633e+02 7.3852697754e+02 7.3866101074e+02 7.3878802490e+02 7.3893103027e+02 7.3908599854e+02 7.3924401855e+02 7.3943902588e+02 7.3961700439e+02 7.3982397461e+02 7.4000000000e+02 7.4008898926e+02 7.4018798828e+02 7.4030902100e+02 7.4045898438e+02 7.4066400146e+02 7.4081896973e+02 7.4092199707e+02 7.4111102295e+02 7.4130401611e+02
7.3574902344e+02 7.3590698242e+02 7.3604699707e+02 7.3618402100e+02 7.3629101563e+02 7.3636102295e+02 7.3643798828e+02 7.3650701904e+02 7.3653002930e+02 7.3655102539e+02 7.3659698486e+02 7.3666998291e+02 7.3673999023e+02 7.3681597900e+02 7.3692199707e+02 7.3701800537e+02 7.3709698486e+02 7.3719000244e+02 7.3729699707e+02 7.3735900879e+02 7.3747998047e+02 7.3756799316e+02 7.3770397949e+02 7.3782098389e+02 7.3792401123e+02 7.3804302979e+02 7.3821502686e+02 7.3837701416e+02 7.3848498535e+02 7.3861499023e+02 7.3875000000e+02 7.3890002441e+02 7.3908001709e+02 7.3924597168e+02 7.3939398193e+02 7.3959698486e+02 7.3976898193e+02 7.3987902832e+02 7.3997497559e+02 7.4007501221e+02 7.4020098877e+02 7.4032397461e+02 7.4046697998e+02 7.4061999512e+02 7.4084600830e+02 7.4107501221e+02
7.3564898682e+02 7.3579699707e+02 7.3592297363e+02 7.3605499268e+02 7.3616900635e+02 7.3625000000e+02 7.3633502197e+02 7.3637701416e+02 7.3641302490e+02 7.3644299316e+02 7.3648999023e+02 7.3655999756e+02 7.3662097168e+02 7.3670501709e+02 7.3682098389e+02 7.3690502930e+02 7.3697900391e+02 7.3703100586e+02 7.3709698486e+02 7.3717102051e+02 7.3731500244e+02 7.3741802979e+02 7.3754602051e+02 7.3766802979e+02 7.3780700684e+02 7.3794396973e+02 7.3810498047e+02 7.3824200439e+02 7.3831896973e+02 7.3845300293e+02 7.3858099365e+02 7.3872900391e+02 7.3891699219e+02 7.3906402588e+02 7.3917901611e+02 7.3936199951e+02 7.3951702881e+02 7.3964697266e+02 7.3975097656e+02 7.3983300781e+02 7.3996197510e+02 7.4006701660e+02 7.4018902588e+02 7.4035101318e+02 7.4057299805e+02 7.4080102539e+02
7.3552801514e+02 7.3566198730e+02 7.3577301025e+02 7.3590002441e+02 7.3604699707e+02 7.3614099121e+02 7.3623602295e+02 7.3627697754e+02 7.3630902100e+02 7.3633599854e+02 7.3640197754e+02 7.3645697021e+02 7.3651599121e+02 7.3665197754e+02 7.3682202148e+02 7.3691699219e+02 7.3693597412e+02 7.3693701172e+02 7.3696301270e+02 7.3704101563e+02 7.3715997314e+02 7.3728497314e+02 7.3740997314e+02 7.3753198242e+02 7.3770098877e+02 7.3789099121e+02 7.3806298828e+02 7.3817297363e+02 7.3822900391e+02 7.3832000732e+02 7.3843103027e+02 7.3856298828e+02 7.3869702148e+02 7.3889801025e+02 7.3902301025e+02 7.3918298340e+02 7.3929998779e+02 7.3939697266e+02 7.3948199463e+02 7.3955700684e+02 7.3968103027e+02 7.3982598877e+02 7.3994799805e+02 7.4011700439e+02 7.4033099365e+02 7.4056298828e+02
7.3539801025e+02 7.3553198242e+02 7.3564099121e+02 7.3577899170e+02 7.3591601563e+02 7.3604797363e+02 7.3617297363e+02 7.3618597412e+02 7.3620300293e+02 7.3624499512e+02 7.3632598877e+02 7.3637500000e+02 7.3643200684e+02 7.3657397461e+02 7.3675000000e+02 7.3685302734e+02 7.3687597656e+02 7.3684100342e+02 7.3683300781e+02 7.3693499756e+02 7.3707702637e+02 7.3719201660e+02 7.3731896973e+02 7.3745300293e+02 7.3759899902e+02 7.3776397705e+02 7.3794500732e+02 7.3805102539e+02 7.3806896973e+02 7.3817999268e+02 7.3829199219e+02 7.3841802979e+02 7.3854699707e+02 7.3874700928e+02 7.3886999512e+02 7.3899902344e+02 7.3911102295e+02 7.3921197510e+02 7.3928997803e+02 7.3936798096e+02 7.3948999023e+02 7.3960998535e+02 7.3973199463e+02 7.3990802002e+02 7.4010601807e+02 7.4030401611e+02
7.3526800537e+02 7.3542102051e+02 7.3553497314e+02 7.3566601563e+02 7.3580102539e+02 7.3594201660e+02 7.3609197998e+02 7.3611199951e+02 7.3611401367e+02 7.3615698242e+02 7.3621301270e+02 7.3626898193e+02 7.3632800293e+02 7.3642401123e+02 7.3654498291e+02 7.3661700439e+02 7.3667901611e+02 7.3670001221e+02 7.3674597168e+02 7.3684600830e+02 7.3697100830e+02 7.3709399414e+02 7.3722802734e+02 7.3736199951e+02 7.3750701904e+02 7.3761901855e+02 7.3771801758e+02 7.3780297852e+02 7.3788201904e+02 7.3801202393e+02 7.3813897705e+02 7.3825897217e+02 7.3838500977e+02 7.3855999756e+02 7.3869097900e+02 7.3883697510e+02 7.3895501709e+02 7.3905200195e+02 7.3913098145e+02 7.3920898438e+02 7.3931097412e+02 7.3941497803e+02 7.3955401611e+02 7.3972802734e+02 7.3989898682e+02 7.4008398438e+02
7.3515698242e+02 7.3531701660e+02 7.3543103027e+02 7.3554400635e+02 7.3566101074e+02 7.3576000977e+02 7.3590899658e+02 7.3597497559e+02 7.3601898193e+02 7.3608099365e+02 7.3612200928e+02 7.3617901611e+02 7.3624499512e+02 7.3630401611e+02 7.3637701416e+02 7.3643402100e+02 7.3650701904e+02 7.3656402588e+02 7.3665899658e+02 7.3676599121e+02 7.3689501953e+02 7.3705401611e+02 7.3716900635e+02 7.3728302002e+02 7.3743200684e+02 7.3750701904e+02 7.3755200195e+02 7.3761700439e+02 7.3773699951e+02 7.3786798096e+02 7.3801800537e+02 7.3814801025e+02 7.3821899414e+02 7.3835998535e+02 7.3851501465e+02 7.3869897461e+02 7.3881500244e+02 7.3888500977e+02 7.3896899414e+02 7.3905603027e+02 7.3915399170e+02 7.3925701904e+02 7.3940802002e+02 7.3956896973e+02 7.3970001221e+02 7.3985900879e+02
7.3510400391e+02 7.3522302246e+02 7.3532202148e+02 7.3542498779e+02 7.3553399658e+02 7.3560699463e+02 7.3571801758e+02 7.3580700684e+02 7.3589300537e+02 7.3598199463e+02 7.3603802490e+02 7.3608398438e+02 7.3615600586e+02 7.3624401855e+02 7.3632202148e+02 7.3638800049e+02 7.3646099854e+02 7.3650201416e+02 7.3658697510e+02 7.3669702148e+02 7.3683697510e+02 7.3700000000e+02 7.3712597656e+02 7.3724102783e+02 7.3733197021e+02 7.3740100098e+02 7.3747399902e+02 7.3753399658e+02 7.3761901855e+02 7.3770501709e+02 7.3787799072e+02 7.3806201172e+02 7.3811700439e+02 7.3823999023e+02 7.3834497070e+02 7.3851397705e+02 7.3867602539e+02 7.3877099609e+02 7.3885400391e+02 7.3892999268e+02 7.3904797363e+02 7.3915399170e+02 7.3928900146e+02 7.3943902588e+02 7.3958001709e+02 7.3973297119e+02
7.3503198242e+02 7.3515301514e+02 7.3523699951e+02 7.3531500244e+02 7.3540802002e+02 7.3548602295e+02 7.3559197998e+02 7.3568701172e+02 7.3576501465e+02 7.3584301758e+02 7.3589898682e+02 7.3597399902e+02 7.3607397461e+02 7.3617102051e+02 7.3624902344e+02 7.3630102539e+02 7.3639202881e+02 7.3645501709e+02 7.3652197266e+02 7.3661798096e+02 7.3675500488e+02 7.3691400146e+02 7.3703698730e+02 7.3717498779e+02 7.3727197266e+02 7.3731500244e+02 7.3736901855e+02 7.3743798828e+02 7.3752099609e+02 7.3755902100e+02 7.3765301514e+02 7.3778802490e+02 7.3788299561e+02 7.3805902100e+02 7.3822198486e+02 7.3838098145e+02 7.3854400635e+02 7.3866802979e+02 7.3876202393e+02 7.3884301758e+02 7.3896600342e+02 7.3907897949e+02 7.3918902588e+02 7.3930499268e+02 7.3942199707e+02 7.3956701660e+02
7.3492901611e+02 7.3505999756e+02 7.3513098145e+02 7.3519396973e+02 7.3527899170e+02 7.3535900879e+02 7.3545001221e+02 7.3552801514e+02 7.3560699463e+02 7.3571697998e+02 7.3577899170e+02 7.3585198975e+02 7.3596002197e+02 7.3606597900e+02 7.3615100098e+02 7.3621997070e+02 7.3634899902e+02 7.3643200684e+02 7.3647601318e+02 7.3657702637e+02 7.3671301270e+02 7.3683801270e+02 7.3692700195e+02 7.3705200195e+02 7.3715002441e+02 7.3720202637e+02 7.3723999023e+02 7.3729797363e+02 7.3740698242e+02 7.3745202637e+02 7.3752099609e+02 7.3764599609e+02 7.3777502441e+02 7.3794299316e+02 7.3811602783e+02 7.3828198242e+02 7.3845098877e+02 7.3855297852e+02 7.3865899658e+02 7.3877600098e+02 7.3889697266e+02 7.3901202393e+02 7.3911297607e+02 7.3921899414e+02 7.3931201172e+02 7.3943499756e+02
7.3480200195e+02 7.3491601563e+02 7.3497998047e+02 7.3504602051e+02 7.3512097168e+02 7.3518499756e+02 7.3525897217e+02 7.3533697510e+02 7.3542700195e+02 7.3554901123e+02 7.3563598633e+02 7.3571997070e+02 7.3584301758e+02 7.3595098877e+02 7.3603198242e+02 7.3611499023e+02 7.3626300049e+02 7.3638000488e+02 7.3641400146e+02 7.3649200439e+02 7.3661602783e+02 7.3671197510e+02 7.3677801514e+02 7.3687701416e+02 7.3695697021e+02 7.3703900146e+02 7.3709698486e+02 7.3715502930e+02 7.3727801514e+02 7.3733001709e+02 7.3738702393e+02 7.3750897217e+02 7.3764202881e+02 7.3781402588e+02 7.3797900391e+02 7.3815802002e+02 7.3836499023e+02 7.3849597168e+02 7.3862298584e+02 7.3874902344e+02 7.3887097168e+02 7.3897802734e+02 7.3907202148e+02 7.3917700195e+02 7.3926898193e+02 7.3935998535e+02
