TESTSERVER/21/4.asc
NCOLS 100
NROWS 100
XLLCORNER 8.5497500000e+03
YLLCORNER 2.8975025000e+05
CELLSIZE 5.0000000000e-01
NODATA_VALUE -9.9990000000e+03
[rows 20 to 39 of 100, columns 46 to 91 of 100]
7.3945898438e+02 7.3967102051e+02 7.3987902832e+02 7.4010302734e+02 7.4033300781e+02 7.4055102539e+02 7.4071002197e+02 7.4090399170e+02 7.4103100586e+02 7.4117297363e+02 7.4134197998e+02 7.4151300049e+02 7.4167102051e+02 7.4183099365e+02 7.4192999268e+02 7.4205200195e+02 7.4224700928e+02 7.4245300293e+02 7.4263201904e+02 7.4285101318e+02 7.4303900146e+02 7.4318798828e+02 7.4335101318e+02 7.4361901855e+02 7.4386499023e+02 7.4407702637e+02 7.4431500244e+02 7.4450402832e+02 7.4469201660e+02 7.4488098145e+02 7.4503698730e+02 7.4528997803e+02 7.4555798340e+02 7.4571997070e+02 7.4586102295e+02 7.4596099854e+02 7.4609600830e+02 7.4617602539e+02 7.4625897217e+02 7.4629998779e+02 7.4639300537e+02 7.4656402588e+02 7.4679602051e+02 7.4701501465e+02 7.4721197510e+02 7.4740899658e+02
7.3942797852e+02 7.3959399414e+02 7.3978100586e+02 7.4002001953e+02 7.4023199463e+02 7.4038201904e+02 7.4049798584e+02 7.4067999268e+02 7.4083300781e+02 7.4101300049e+02 7.4116400146e+02 7.4135101318e+02 7.4150402832e+02 7.4162799072e+02 7.4172900391e+02 7.4190899658e+02 7.4208898926e+02 7.4225799561e+02 7.4242401123e+02 7.4260198975e+02 7.4277099609e+02 7.4294897461e+02 7.4313098145e+02 7.4333001709e+02 7.4356896973e+02 7.4375799561e+02 7.4402899170e+02 7.4422698975e+02 7.4441497803e+02 7.4463800049e+02 7.4484497070e+02 7.4518200684e+02 7.4541998291e+02 7.4552502441e+02 7.4566900635e+02 7.4584899902e+02 7.4600897217e+02 7.4606701660e+02 7.4610198975e+02 7.4611901855e+02 7.4618499756e+02 7.4632000732e+02 7.4653601074e+02 7.4673999023e+02 7.4693200684e+02 7.4711297607e+02
7.3942297363e+02 7.3954101563e+02 7.3970202637e+02 7.3989099121e+02 7.4009197998e+02 7.4024102783e+02 7.4035101318e+02 7.4053497314e+02 7.4067999268e+02 7.4085101318e+02 7.4099102783e+02 7.4117199707e+02 7.4130200195e+02 7.4139501953e+02 7.4155798340e+02 7.4177398682e+02 7.4191601563e+02 7.4204400635e+02 7.4220501709e+02 7.4235797119e+02 7.4250000000e+02 7.4268402100e+02 7.4290399170e+02 7.4311901855e+02 7.4334997559e+02 7.4351800537e+02 7.4374597168e+02 7.4396301270e+02 7.4415997314e+02 7.4439599609e+02 7.4464599609e+02 7.4502398682e+02 7.4523400879e+02 7.4532501221e+02 7.4547198486e+02 7.4569799805e+02 7.4593902588e+02 7.4601397705e+02 7.4595397949e+02 7.4597497559e+02 7.4606201172e+02 7.4617297363e+02 7.4633197021e+02 7.4648797607e+02 7.4666400146e+02 7.4684197998e+02
7.3941601563e+02 7.3948101807e+02 7.3960998535e+02 7.3977398682e+02 7.3992199707e+02 7.4005102539e+02 7.4021099854e+02 7.4040197754e+02 7.4050897217e+02 7.4065698242e+02 7.4080999756e+02 7.4099700928e+02 7.4111199951e+02 7.4120898438e+02 7.4140502930e+02 7.4159497070e+02 7.4169500732e+02 7.4180401611e+02 7.4199401855e+02 7.4215698242e+02 7.4227301025e+02 7.4242797852e+02 7.4265197754e+02 7.4286499023e+02 7.4307702637e+02 7.4325201416e+02 7.4345898438e+02 7.4372302246e+02 7.4395397949e+02 7.4419897461e+02 7.4449597168e+02 7.4485302734e+02 7.4501501465e+02 7.4511499023e+02 7.4525402832e+02 7.4543298340e+02 7.4565502930e+02 7.4575799561e+02 7.4575402832e+02 7.4579602051e+02 7.4591198730e+02 7.4603302002e+02 7.4616900635e+02 7.4633001709e+02 7.4650598145e+02 7.4666900635e+02
7.3941900635e+02 7.3943701172e+02 7.3947100830e+02 7.3959600830e+02 7.3971697998e+02 7.3979797363e+02 7.3995300293e+02 7.4016497803e+02 7.4028399658e+02 7.4044000244e+02 7.4059497070e+02 7.4075097656e+02 7.4090600586e+02 7.4105902100e+02 7.4123400879e+02 7.4139898682e+02 7.4149298096e+02 7.4159197998e+02 7.4182800293e+02 7.4200598145e+02 7.4208300781e+02 7.4218402100e+02 7.4236901855e+02 7.4255798340e+02 7.4274200439e+02 7.4294702148e+02 7.4318597412e+02 7.4348699951e+02 7.4374700928e+02 7.4400201416e+02 7.4440301514e+02 7.4467297363e+02 7.4474401855e+02 7.4482299805e+02 7.4498400879e+02 7.4512402344e+02 7.4526702881e+02 7.4538201904e+02 7.4552697754e+02 7.4558001709e+02 7.4566302490e+02 7.4580297852e+02 7.4595697021e+02 7.4615197754e+02 7.4635302734e+02 7.4650701904e+02
7.3927899170e+02 7.3930297852e+02 7.3932098389e+02 7.3935498047e+02 7.3947399902e+02 7.3960101318e+02 7.3976397705e+02 7.3993902588e+02 7.4009899902e+02 7.4024597168e+02 7.4034497070e+02 7.4051702881e+02 7.4072998047e+02 7.4088800049e+02 7.4098199463e+02 7.4113500977e+02 7.4123199463e+02 7.4132299805e+02 7.4157897949e+02 7.4186401367e+02 7.4193200684e+02 7.4194097900e+02 7.4207000732e+02 7.4224798584e+02 7.4246801758e+02 7.4271502686e+02 7.4295898438e+02 7.4324597168e+02 7.4347497559e+02 7.4366998291e+02 7.4399298096e+02 7.4434698486e+02 7.4447399902e+02 7.4452301025e+02 7.4466802979e+02 7.4488299561e+02 7.4508801270e+02 7.4517797852e+02 7.4526702881e+02 7.4534698486e+02 7.4541198730e+02 7.4554797363e+02 7.4569000244e+02 7.4586199951e+02 7.4606298828e+02 7.4623999023e+02
7.3908197021e+02 7.3909399414e+02 7.3910601807e+02 7.3913201904e+02 7.3924700928e+02 7.3939099121e+02 7.3954199219e+02 7.3970300293e+02 7.3986499023e+02 7.3997302246e+02 7.4005798340e+02 7.4029901123e+02 7.4052398682e+02 7.4066101074e+02 7.4073498535e+02 7.4083898926e+02 7.4091497803e+02 7.4098999023e+02 7.4122198486e+02 7.4153698730e+02 7.4164599609e+02 7.4167901611e+02 7.4181701660e+02 7.4198999023e+02 7.4224298096e+02 7.4251397705e+02 7.4276501465e+02 7.4302001953e+02 7.4321197510e+02 7.4336401367e+02 7.4358398438e+02 7.4388500977e+02 7.4407202148e+02 7.4418798828e+02 7.4434301758e+02 7.4458197021e+02 7.4483398438e+02 7.4493103027e+02 7.4498602295e+02 7.4509002686e+02 7.4516497803e+02 7.4528601074e+02 7.4542797852e+02 7.4558898926e+02 7.4578802490e+02 7.4598901367e+02
7.3885900879e+02 7.3885302734e+02 7.3887597656e+02 7.3891198730e+02 7.3901300049e+02 7.3914501953e+02 7.3929302979e+02 7.3945098877e+02 7.3958801270e+02 7.3967602539e+02 7.3983300781e+02 7.4009497070e+02 7.4028900146e+02 7.4041400146e+02 7.4050897217e+02 7.4060400391e+02 7.4066998291e+02 7.4073498535e+02 7.4091497803e+02 7.4116802979e+02 7.4130200195e+02 7.4140399170e+02 7.4159100342e+02 7.4177899170e+02 7.4202301025e+02 7.4226300049e+02 7.4250299072e+02 7.4274902344e+02 7.4297302246e+02 7.4313500977e+02 7.4331597900e+02 7.4351202393e+02 7.4369500732e+02 7.4385797119e+02 7.4402801514e+02 7.4420001221e+02 7.4441601563e+02 7.4457800293e+02 7.4467401123e+02 7.4479302979e+02 7.4491101074e+02 7.4502301025e+02 7.4516699219e+02 7.4534100342e+02 7.4555798340e+02 7.4574700928e+02
7.3859802246e+02 7.3858197021e+02 7.3859197998e+02 7.3864898682e+02 7.3875897217e+02 7.3891101074e+02 7.3905902100e+02 7.3918499756e+02 7.3929602051e+02 7.3943103027e+02 7.3965600586e+02 7.3986901855e+02 7.4005999756e+02 7.4020202637e+02 7.4029998779e+02 7.4037701416e+02 7.4045202637e+02 7.4053497314e+02 7.4069598389e+02 7.4088897705e+02 7.4103997803e+02 7.4117401123e+02 7.4134301758e+02 7.4153900146e+02 7.4176300049e+02 7.4199700928e+02 7.4221502686e+02 7.4248699951e+02 7.4278997803e+02 7.4296697998e+02 7.4309301758e+02 7.4326397705e+02 7.4341802979e+02 7.4357299805e+02 7.4372198486e+02 7.4389898682e+02 7.4408697510e+02 7.4428002930e+02 7.4444598389e+02 7.4456500244e+02 7.4470599365e+02 7.4480297852e+02 7.4491802979e+02 7.4507501221e+02 7.4529199219e+02 7.4548199463e+02
7.3838098145e+02 7.3832397461e+02 7.3830700684e+02 7.3838500977e+02 7.3850799561e+02 7.3866101074e+02 7.3879498291e+02 7.3888201904e+02 7.3900598145e+02 7.3922198486e+02 7.3943402100e+02 7.3961499023e+02 7.3987500000e+02 7.4004699707e+02 7.4010699463e+02 7.4018103027e+02 7.4025299072e+02 7.4034600830e+02 7.4051800537e+02 7.4067498779e+02 7.4082299805e+02 7.4097198486e+02 7.4114300537e+02 7.4134497070e+02 7.4156597900e+02 7.4178302002e+02 7.4195397949e+02 7.4213299561e+02 7.4243499756e+02 7.4268798828e+02 7.4281597900e+02 7.4297399902e+02 7.4313098145e+02 7.4328002930e+02 7.4342602539e+02 7.4360998535e+02 7.4385998535e+02 7.4410797119e+02 7.4428900146e+02 7.4445300293e+02 7.4453002930e+02 7.4455499268e+02 7.4465600586e+02 7.4481201172e+02 7.4500402832e+02 7.4519500732e+02
7.3813299561e+02 7.3806597900e+02 7.3805700684e+02 7.3814501953e+02 7.3825799561e+02 7.3838000488e+02 7.3850500488e+02 7.3861499023e+02 7.3881500244e+02 7.3904101563e+02 7.3922802734e+02 7.3939697266e+02 7.3966998291e+02 7.3986700439e+02 7.3990600586e+02 7.3999597168e+02 7.4009698486e+02 7.4019897461e+02 7.4036999512e+02 7.4051501465e+02 7.4065100098e+02 7.4077801514e+02 7.4092602539e+02 7.4113897705e+02 7.4133697510e+02 7.4155499268e+02 7.4173602295e+02 7.4184399414e+02 7.4209600830e+02 7.4237500000e+02 7.4254602051e+02 7.4270098877e+02 7.4285601807e+02 7.4299902344e+02 7.4312902832e+02 7.4328302002e+02 7.4350799561e+02 7.4373699951e+02 7.4395697021e+02 7.4419598389e+02 7.4426501465e+02 7.4426098633e+02 7.4435198975e+02 7.4451202393e+02 7.4470501709e+02 7.4491601563e+02
7.3787500000e+02 7.3785998535e+02 7.3787298584e+02 7.3795001221e+02 7.3804498291e+02 7.3818402100e+02 7.3833398438e+02 7.3845599365e+02 7.3865197754e+02 7.3882000732e+02 7.3899102783e+02 7.3915600586e+02 7.3937500000e+02 7.3959100342e+02 7.3971099854e+02 7.3984802246e+02 7.3999200439e+02 7.4010498047e+02 7.4025097656e+02 7.4037902832e+02 7.4049102783e+02 7.4058300781e+02 7.4070300293e+02 7.4088299561e+02 7.4106097412e+02 7.4130200195e+02 7.4152398682e+02 7.4164300537e+02 7.4185797119e+02 7.4210900879e+02 7.4230200195e+02 7.4245599365e+02 7.4259802246e+02 7.4272802734e+02 7.4284497070e+02 7.4297302246e+02 7.4314300537e+02 7.4331402588e+02 7.4349499512e+02 7.4374200439e+02 7.4391400146e+02 7.4398999023e+02 7.4404602051e+02 7.4421002197e+02 7.4440502930e+02 7.4464300537e+02
7.3762200928e+02 7.3767999268e+02 7.3768798828e+02 7.3779498291e+02 7.3792199707e+02 7.3813397217e+02 7.3828900146e+02 7.3834100342e+02 7.3847198486e+02 7.3860601807e+02 7.3876898193e+02 7.3895599365e+02 7.3916400146e+02 7.3939300537e+02 7.3959301758e+02 7.3974401855e+02 7.3988598633e+02 7.4001599121e+02 7.4015399170e+02 7.4021801758e+02 7.4030999756e+02 7.4039898682e+02 7.4052197266e+02 7.4068597412e+02 7.4085900879e+02 7.4105700684e+02 7.4127197266e+02 7.4146600342e+02 7.4168902588e+02 7.4190600586e+02 7.4207800293e+02 7.4222601318e+02 7.4235302734e+02 7.4247100830e+02 7.4258898926e+02 7.4271502686e+02 7.4285900879e+02 7.4299401855e+02 7.4311297607e+02 7.4322698975e+02 7.4345599365e+02 7.4369201660e+02 7.4381597900e+02 7.4392901611e+02 7.4411999512e+02 7.4432897949e+02
7.3740600586e+02 7.3749597168e+02 7.3755999756e+02 7.3767797852e+02 7.3780902100e+02 7.3800897217e+02 7.3811999512e+02 7.3815399170e+02 7.3829602051e+02 7.3845098877e+02 7.3863000488e+02 7.3882000732e+02 7.3905297852e+02 7.3930297852e+02 7.3947698975e+02 7.3963000488e+02 7.3975598145e+02 7.3986798096e+02 7.3997198486e+02 7.4002899170e+02 7.4010101318e+02 7.4018103027e+02 7.4033398438e+02 7.4053302002e+02 7.4074597168e+02 7.4092401123e+02 7.4115399170e+02 7.4138397217e+02 7.4157800293e+02 7.4171099854e+02 7.4183898926e+02 7.4197802734e+02 7.4211901855e+02 7.4223602295e+02 7.4230999756e+02 7.4244299316e+02 7.4260198975e+02 7.4273602295e+02 7.4284301758e+02 7.4292401123e+02 7.4311199951e+02 7.4334497070e+02 7.4349798584e+02 7.4361199951e+02 7.4383001709e+02 7.4405603027e+02
7.3724499512e+02 7.3732598877e+02 7.3740399170e+02 7.3749597168e+02 7.3761700439e+02 7.3776098633e+02 7.3788098145e+02 7.3797497559e+02 7.3813000488e+02 7.3830999756e+02 7.3853497314e+02 7.3871997070e+02 7.3894097900e+02 7.3917498779e+02 7.3933001709e+02 7.3948498535e+02 7.3961102295e+02 7.3970098877e+02 7.3977801514e+02 7.3983001709e+02 7.3990997314e+02 7.4003900146e+02 7.4021398926e+02 7.4038299561e+02 7.4060601807e+02 7.4078601074e+02 7.4104901123e+02 7.4131799316e+02 7.4147998047e+02 7.4156701660e+02 7.4168103027e+02 7.4178100586e+02 7.4192602539e+02 7.4205603027e+02 7.4209497070e+02 7.4219299316e+02 7.4236297607e+02 7.4250299072e+02 7.4260302734e+02 7.4267700195e+02 7.4280102539e+02 7.4297998047e+02 7.4317297363e+02 7.4330499268e+02 7.4353100586e+02 7.4377099609e+02
7.3710400391e+02 7.3717297363e+02 7.3724298096e+02 7.3734002686e+02 7.3745599365e+02 7.3757000732e+02 7.3770098877e+02 7.3784600830e+02 7.3800897217e+02 7.3820202637e+02 7.3845397949e+02 7.3862597656e+02 7.3882702637e+02 7.3904797363e+02 7.3921600342e+02 7.3936999512e+02 7.3947802734e+02 7.3954199219e+02 7.3961999512e+02 7.3966802979e+02 7.3977301025e+02 7.3995898438e+02 7.4014202881e+02 7.4032098389e+02 7.4053002930e+02 7.4068597412e+02 7.4091900635e+02 7.4115197754e+02 7.4130401611e+02 7.4140002441e+02 7.4150201416e+02 7.4154797363e+02 7.4169396973e+02 7.4186602783e+02 7.4194799805e+02 7.4202899170e+02 7.4218701172e+02 7.4231500244e+02 7.4241101074e+02 7.4251202393e+02 7.4259197998e+02 7.4272601318e+02 7.4293902588e+02 7.4306701660e+02 7.4327301025e+02 7.4350897217e+02
7.3698498535e+02 7.3703900146e+02 7.3710101318e+02 7.3727398682e+02 7.3736499023e+02 7.3745001221e+02 7.3759899902e+02 7.3776300049e+02 7.3794396973e+02 7.3814099121e+02 7.3836102295e+02 7.3853698730e+02 7.3874902344e+02 7.3896398926e+02 7.3914099121e+02 7.3928497314e+02 7.3935699463e+02 7.3940002441e+02 7.3945300293e+02 7.3955499268e+02 7.3968499756e+02 7.3985900879e+02 7.4004901123e+02 7.4024102783e+02 7.4041998291e+02 7.4057501221e+02 7.4078302002e+02 7.4091497803e+02 7.4104302979e+02 7.4115698242e+02 7.4122998047e+02 7.4125000000e+02 7.4138000488e+02 7.4158502197e+02 7.4175000000e+02 7.4186199951e+02 7.4198297119e+02 7.4207897949e+02 7.4217901611e+02 7.4234197998e+02 7.4246502686e+02 7.4257202148e+02 7.4276397705e+02 7.4286102295e+02 7.4302398682e+02 7.4327398682e+02
7.3687500000e+02 7.3692102051e+02 7.3701202393e+02 7.3713800049e+02 7.3722198486e+02 7.3735198975e+02 7.3750500488e+02 7.3764202881e+02 7.3782702637e+02 7.3803100586e+02 7.3820898438e+02 7.3842602539e+02 7.3862597656e+02 7.3880401611e+02 7.3895599365e+02 7.3917297363e+02 7.3923999023e+02 7.3925402832e+02 7.3931201172e+02 7.3944396973e+02 7.3958398438e+02 7.3975299072e+02 7.3995397949e+02 7.4014001465e+02 7.4029498291e+02 7.4044000244e+02 7.4060797119e+02 7.4076300049e+02 7.4087500000e+02 7.4094500732e+02 7.4100097656e+02 7.4103900146e+02 7.4117498779e+02 7.4136798096e+02 7.4153497314e+02 7.4165899658e+02 7.4176501465e+02 7.4186199951e+02 7.4198602295e+02 7.4213201904e+02 7.4230603027e+02 7.4243499756e+02 7.4255297852e+02 7.4265698242e+02 7.4280798340e+02 7.4307800293e+02
7.3683898926e+02 7.3689501953e+02 7.3696899414e+02 7.3704199219e+02 7.3709600830e+02 7.3722399902e+02 7.3737298584e+02 7.3748101807e+02 7.3763397217e+02 7.3780999756e+02 7.3797497559e+02 7.3822698975e+02 7.3843902588e+02 7.3861798096e+02 7.3878698730e+02 7.3911199951e+02 7.3916601563e+02 7.3913500977e+02 7.3919201660e+02 7.3933599854e+02 7.3947399902e+02 7.3963897705e+02 7.3985498047e+02 7.4001501465e+02 7.4013397217e+02 7.4024798584e+02 7.4037298584e+02 7.4053900146e+02 7.4066802979e+02 7.4073400879e+02 7.4079797363e+02 7.4089099121e+02 7.4104901123e+02 7.4121002197e+02 7.4134100342e+02 7.4146899414e+02 7.4158398438e+02 7.4169201660e+02 7.4183697510e+02 7.4199798584e+02 7.4214898682e+02 7.4225402832e+02 7.4233502197e+02 7.4245098877e+02 7.4261901855e+02 7.4290997314e+02
7.3674700928e+02 7.3681799316e+02 7.3690899658e+02 7.3702600098e+02 7.3710101318e+02 7.3721600342e+02 7.3731097412e+02 7.3740100098e+02 7.3748797607e+02 7.3760198975e+02 7.3775201416e+02 7.3792297363e+02 7.3811700439e+02 7.3833001709e+02 7.3853601074e+02 7.3884997559e+02 7.3893902588e+02 7.3898699951e+02 7.3907299805e+02 7.3919897461e+02 7.3932897949e+02 7.3948602295e+02 7.3971301270e+02 7.3986199951e+02 7.3994396973e+02 7.4004797363e+02 7.4017199707e+02 7.4029901123e+02 7.4041699219e+02 7.4050500488e+02 7.4061798096e+02 7.4074499512e+02 7.4089801025e+02 7.4103302002e+02 7.4115002441e+02 7.4128601074e+02 7.4141802979e+02 7.4153997803e+02 7.4169299316e+02 7.4184600830e+02 7.4193798828e+02 7.4201098633e+02 7.4212500000e+02 7.4223101807e+02 7.4238897705e+02 7.4264697266e+02
