TESTSERVER/21/5.asc
NCOLS 100
NROWS 100
XLLCORNER 8.5497500000e+03
YLLCORNER 2.8970025000e+05
CELLSIZE 5.0000000000e-01
NODATA_VALUE -9.9990000000e+03
[rows 0 to 19 of 100, columns 46 to 91 of 100]
7.2811798096e+02 7.2814099121e+02 7.2816601563e+02 7.2817700195e+02 7.2822399902e+02 7.2830700684e+02 7.2838500977e+02 7.2846502686e+02 7.2856097412e+02 7.2867999268e+02 7.2879901123e+02 7.2891302490e+02 7.2906097412e+02 7.2921502686e+02 7.2930798340e+02 7.2937701416e+02 7.2946099854e+02 7.2954602051e+02 7.2962097168e+02 7.2972601318e+02 7.2981597900e+02 7.2988897705e+02 7.2994897461e+02 7.3007897949e+02 7.3017797852e+02 7.3025299072e+02 7.3032897949e+02 7.3043701172e+02 7.3048101807e+02 7.3053302002e+02 7.3057897949e+02 7.3063397217e+02 7.3067901611e+02 7.3070397949e+02 7.3074298096e+02 7.3078601074e+02 7.3085101318e+02 7.3097698975e+02 7.3109600830e+02 7.3124200439e+02 7.3138702393e+02 7.3147601318e+02 7.3150701904e+02 7.3158001709e+02 7.3163500977e+02 7.3171197510e+02
7.2799597168e+02 7.2801300049e+02 7.2803601074e+02 7.2805700684e+02 7.2809100342e+02 7.2814898682e+02 7.2822399902e+02 7.2831097412e+02 7.2839501953e+02 7.2850000000e+02 7.2863201904e+02 7.2872100830e+02 7.2882800293e+02 7.2896099854e+02 7.2909197998e+02 7.2919201660e+02 7.2928002930e+02 7.2935900879e+02 7.2943499756e+02 7.2953302002e+02 7.2963897705e+02 7.2972698975e+02 7.2977502441e+02 7.2984197998e+02 7.2992297363e+02 7.3000201416e+02 7.3009100342e+02 7.3018597412e+02 7.3026898193e+02 7.3034301758e+02 7.3039599609e+02 7.3046002197e+02 7.3049700928e+02 7.3053100586e+02 7.3058099365e+02 7.3063098145e+02 7.3068200684e+02 7.3079302979e+02 7.3092401123e+02 7.3108502197e+02 7.3126202393e+02 7.3138702393e+02 7.3142901611e+02 7.3152697754e+02 7.3159197998e+02 7.3163299561e+02
7.2784600830e+02 7.2785797119e+02 7.2788000488e+02 7.2791400146e+02 7.2796197510e+02 7.2802398682e+02 7.2809197998e+02 7.2817199707e+02 7.2825097656e+02 7.2836901855e+02 7.2852301025e+02 7.2859100342e+02 7.2865698242e+02 7.2875299072e+02 7.2887298584e+02 7.2898400879e+02 7.2907299805e+02 7.2915301514e+02 7.2922998047e+02 7.2933001709e+02 7.2945001221e+02 7.2956201172e+02 7.2962799072e+02 7.2966497803e+02 7.2972497559e+02 7.2980297852e+02 7.2989202881e+02 7.2997900391e+02 7.3005499268e+02 7.3013000488e+02 7.3020397949e+02 7.3027301025e+02 7.3032397461e+02 7.3038397217e+02 7.3045599365e+02 7.3051098633e+02 7.3055102539e+02 7.3065899658e+02 7.3079901123e+02 7.3095300293e+02 7.3114001465e+02 7.3128900146e+02 7.3136297607e+02 7.3145697021e+02 7.3153399658e+02 7.3159197998e+02
7.2766302490e+02 7.2767999268e+02 7.2770898438e+02 7.2774798584e+02 7.2780700684e+02 7.2788397217e+02 7.2796197510e+02 7.2804400635e+02 7.2812402344e+02 7.2825799561e+02 7.2841601563e+02 7.2847302246e+02 7.2852001953e+02 7.2857702637e+02 7.2866101074e+02 7.2876702881e+02 7.2885699463e+02 7.2894000244e+02 7.2902801514e+02 7.2913702393e+02 7.2926898193e+02 7.2939898682e+02 7.2950299072e+02 7.2952697754e+02 7.2955401611e+02 7.2961798096e+02 7.2970300293e+02 7.2978497314e+02 7.2985900879e+02 7.2994500732e+02 7.3003601074e+02 7.3010797119e+02 7.3019702148e+02 7.3027801514e+02 7.3033898926e+02 7.3038702393e+02 7.3042297363e+02 7.3052502441e+02 7.3067901611e+02 7.3081597900e+02 7.3099401855e+02 7.3113800049e+02 7.3125000000e+02 7.3133099365e+02 7.3142797852e+02 7.3153802490e+02
7.2748498535e+02 7.2751599121e+02 7.2755902100e+02 7.2758898926e+02 7.2764398193e+02 7.2772198486e+02 7.2781201172e+02 7.2789599609e+02 7.2797698975e+02 7.2808599854e+02 7.2817199707e+02 7.2828601074e+02 7.2835302734e+02 7.2839801025e+02 7.2845202637e+02 7.2854901123e+02 7.2864398193e+02 7.2873999023e+02 7.2883801270e+02 7.2894897461e+02 7.2907299805e+02 7.2919897461e+02 7.2934197998e+02 7.2938201904e+02 7.2936901855e+02 7.2940997314e+02 7.2949499512e+02 7.2957299805e+02 7.2964300537e+02 7.2972802734e+02 7.2983197021e+02 7.2993200684e+02 7.3006298828e+02 7.3014801025e+02 7.3014697266e+02 7.3020397949e+02 7.3025701904e+02 7.3035601807e+02 7.3050402832e+02 7.3063598633e+02 7.3080902100e+02 7.3095501709e+02 7.3107501221e+02 7.3115600586e+02 7.3127600098e+02 7.3141198730e+02
7.2738098145e+02 7.2740197754e+02 7.2741699219e+02 7.2744299316e+02 7.2749902344e+02 7.2757299805e+02 7.2765197754e+02 7.2772601318e+02 7.2780603027e+02 7.2789501953e+02 7.2798699951e+02 7.2810302734e+02 7.2818200684e+02 7.2822100830e+02 7.2827301025e+02 7.2834301758e+02 7.2842401123e+02 7.2852099609e+02 7.2863702393e+02 7.2875897217e+02 7.2884698486e+02 7.2891302490e+02 7.2901098633e+02 7.2910302734e+02 7.2914300537e+02 7.2919799805e+02 7.2928100586e+02 7.2936999512e+02 7.2943798828e+02 7.2950201416e+02 7.2959197998e+02 7.2968103027e+02 7.2980200195e+02 7.2989202881e+02 7.2992297363e+02 7.3001599121e+02 7.3008197021e+02 7.3018402100e+02 7.3032501221e+02 7.3044000244e+02 7.3058001709e+02 7.3071697998e+02 7.3084100342e+02 7.3096099854e+02 7.3107800293e+02 7.3119000244e+02
7.2725201416e+02 7.2726501465e+02 7.2726501465e+02 7.2729101563e+02 7.2734698486e+02 7.2741198730e+02 7.2747998047e+02 7.2755700684e+02 7.2763397217e+02 7.2771600342e+02 7.2780401611e+02 7.2791302490e+02 7.2798101807e+02 7.2801397705e+02 7.2806597900e+02 7.2812597656e+02 7.2820098877e+02 7.2830102539e+02 7.2841900635e+02 7.2852099609e+02 7.2859497070e+02 7.2865600586e+02 7.2874102783e+02 7.2883697510e+02 7.2889099121e+02 7.2896099854e+02 7.2906298828e+02 7.2916198730e+02 7.2923199463e+02 7.2928802490e+02 7.2936401367e+02 7.2943402100e+02 7.2952197266e+02 7.2960601807e+02 7.2966699219e+02 7.2975701904e+02 7.2988702393e+02 7.3002099609e+02 7.3012097168e+02 7.3022802734e+02 7.3034899902e+02 7.3047399902e+02 7.3059301758e+02 7.3074200439e+02 7.3087500000e+02 7.3098199463e+02
7.2706896973e+02 7.2708197021e+02 7.2709002686e+02 7.2712799072e+02 7.2718499756e+02 7.2723901367e+02 7.2729101563e+02 7.2737402344e+02 7.2745501709e+02 7.2752697754e+02 7.2759698486e+02 7.2767999268e+02 7.2773699951e+02 7.2777600098e+02 7.2783801270e+02 7.2791198730e+02 7.2799200439e+02 7.2808898926e+02 7.2818499756e+02 7.2825299072e+02 7.2833398438e+02 7.2842700195e+02 7.2853002930e+02 7.2860498047e+02 7.2865698242e+02 7.2874200439e+02 7.2884899902e+02 7.2893103027e+02 7.2899700928e+02 7.2905297852e+02 7.2912097168e+02 7.2920001221e+02 7.2928302002e+02 7.2936602783e+02 7.2944299316e+02 7.2952801514e+02 7.2966302490e+02 7.2979901123e+02 7.2988800049e+02 7.3001000977e+02 7.3014300537e+02 7.3027301025e+02 7.3039202881e+02 7.3052697754e+02 7.3066900635e+02 7.3076599121e+02
7.2684497070e+02 7.2686602783e+02 7.2690197754e+02 7.2695800781e+02 7.2701800537e+02 7.2706799316e+02 7.2710900879e+02 7.2718200684e+02 7.2725701904e+02 7.2732299805e+02 7.2738500977e+02 7.2743597412e+02 7.2748297119e+02 7.2753198242e+02 7.2759997559e+02 7.2769396973e+02 7.2778100586e+02 7.2786901855e+02 7.2795001221e+02 7.2801702881e+02 7.2810900879e+02 7.2822399902e+02 7.2833599854e+02 7.2839697266e+02 7.2845697021e+02 7.2854302979e+02 7.2864099121e+02 7.2870599365e+02 7.2875299072e+02 7.2879998779e+02 7.2886102295e+02 7.2898901367e+02 7.2908599854e+02 7.2916900635e+02 7.2927301025e+02 7.2936499023e+02 7.2945599365e+02 7.2957800293e+02 7.2969201660e+02 7.2981097412e+02 7.2995202637e+02 7.3008300781e+02 7.3019396973e+02 7.3033300781e+02 7.3046301270e+02 7.3055401611e+02
7.2665197754e+02 7.2668200684e+02 7.2672100830e+02 7.2677301025e+02 7.2683197021e+02 7.2690002441e+02 7.2695501709e+02 7.2700097656e+02 7.2705999756e+02 7.2712902832e+02 7.2720001221e+02 7.2724597168e+02 7.2729101563e+02 7.2734698486e+02 7.2741802979e+02 7.2749499512e+02 7.2757501221e+02 7.2766802979e+02 7.2776702881e+02 7.2784600830e+02 7.2794299316e+02 7.2805102539e+02 7.2815502930e+02 7.2822900391e+02 7.2828198242e+02 7.2833801270e+02 7.2840600586e+02 7.2846301270e+02 7.2850799561e+02 7.2856097412e+02 7.2864398193e+02 7.2878302002e+02 7.2888098145e+02 7.2896099854e+02 7.2908398438e+02 7.2918298340e+02 7.2926202393e+02 7.2939501953e+02 7.2951300049e+02 7.2961798096e+02 7.2975097656e+02 7.2987200928e+02 7.2999499512e+02 7.3013500977e+02 7.3023199463e+02 7.3032800293e+02
7.2645800781e+02 7.2649298096e+02 7.2653399658e+02 7.2657501221e+02 7.2663299561e+02 7.2671502686e+02 7.2678802490e+02 7.2683099365e+02 7.2689300537e+02 7.2696502686e+02 7.2703497314e+02 7.2708300781e+02 7.2713500977e+02 7.2719799805e+02 7.2726898193e+02 7.2733099365e+02 7.2739801025e+02 7.2748400879e+02 7.2759100342e+02 7.2768103027e+02 7.2776898193e+02 7.2785498047e+02 7.2793402100e+02 7.2801000977e+02 7.2808300781e+02 7.2813897705e+02 7.2816101074e+02 7.2821197510e+02 7.2828198242e+02 7.2835101318e+02 7.2842602539e+02 7.2853198242e+02 7.2863201904e+02 7.2872399902e+02 7.2884197998e+02 7.2894799805e+02 7.2903802490e+02 7.2916101074e+02 7.2927398682e+02 7.2937402344e+02 7.2950201416e+02 7.2965197754e+02 7.2979101563e+02 7.2991699219e+02 7.3002001953e+02 7.3011401367e+02
7.2626599121e+02 7.2630401611e+02 7.2634301758e+02 7.2637701416e+02 7.2643402100e+02 7.2651898193e+02 7.2660601807e+02 7.2666900635e+02 7.2674401855e+02 7.2682299805e+02 7.2688397217e+02 7.2693597412e+02 7.2699499512e+02 7.2705902100e+02 7.2712701416e+02 7.2718701172e+02 7.2724401855e+02 7.2731597900e+02 7.2741302490e+02 7.2750201416e+02 7.2757598877e+02 7.2764202881e+02 7.2769799805e+02 7.2774499512e+02 7.2781701660e+02 7.2788098145e+02 7.2788000488e+02 7.2794702148e+02 7.2806097412e+02 7.2815899658e+02 7.2825097656e+02 7.2832299805e+02 7.2840399170e+02 7.2850000000e+02 7.2861199951e+02 7.2871398926e+02 7.2882202148e+02 7.2893902588e+02 7.2905499268e+02 7.2916699219e+02 7.2928002930e+02 7.2941400146e+02 7.2955798340e+02 7.2969201660e+02 7.2979699707e+02 7.2988098145e+02
7.2607397461e+02 7.2611499023e+02 7.2614898682e+02 7.2618103027e+02 7.2623199463e+02 7.2631201172e+02 7.2641101074e+02 7.2650201416e+02 7.2659100342e+02 7.2667199707e+02 7.2673699951e+02 7.2678900146e+02 7.2684197998e+02 7.2689697266e+02 7.2695800781e+02 7.2702502441e+02 7.2708398438e+02 7.2715002441e+02 7.2722900391e+02 7.2729498291e+02 7.2735101318e+02 7.2741497803e+02 7.2749401855e+02 7.2750598145e+02 7.2753302002e+02 7.2757501221e+02 7.2761798096e+02 7.2770800781e+02 7.2783898926e+02 7.2797302246e+02 7.2809497070e+02 7.2815997314e+02 7.2821997070e+02 7.2831402588e+02 7.2844897461e+02 7.2854797363e+02 7.2866900635e+02 7.2878601074e+02 7.2887500000e+02 7.2897900391e+02 7.2907897949e+02 7.2919201660e+02 7.2930499268e+02 7.2944702148e+02 7.2957000732e+02 7.2966400146e+02
7.2588800049e+02 7.2593298340e+02 7.2596697998e+02 7.2598797607e+02 7.2602801514e+02 7.2609899902e+02 7.2620397949e+02 7.2630999756e+02 7.2640100098e+02 7.2648901367e+02 7.2656896973e+02 7.2663000488e+02 7.2667602539e+02 7.2671600342e+02 7.2675402832e+02 7.2682202148e+02 7.2689898682e+02 7.2698400879e+02 7.2706402588e+02 7.2710699463e+02 7.2713702393e+02 7.2716998291e+02 7.2722900391e+02 7.2727899170e+02 7.2732598877e+02 7.2738397217e+02 7.2744396973e+02 7.2753100586e+02 7.2766497803e+02 7.2782501221e+02 7.2797802734e+02 7.2804400635e+02 7.2809002686e+02 7.2817102051e+02 7.2829602051e+02 7.2840600586e+02 7.2853802490e+02 7.2865301514e+02 7.2871502686e+02 7.2879302979e+02 7.2886401367e+02 7.2896600342e+02 7.2908197021e+02 7.2919299316e+02 7.2930999756e+02 7.2943200684e+02
7.2571801758e+02 7.2575799561e+02 7.2579797363e+02 7.2582000732e+02 7.2585101318e+02 7.2591400146e+02 7.2600701904e+02 7.2609698486e+02 7.2617999268e+02 7.2627197266e+02 7.2636700439e+02 7.2644799805e+02 7.2650299072e+02 7.2653997803e+02 7.2657598877e+02 7.2665002441e+02 7.2671697998e+02 7.2678997803e+02 7.2686798096e+02 7.2691802979e+02 7.2693798828e+02 7.2695001221e+02 7.2698101807e+02 7.2703802490e+02 7.2710900879e+02 7.2720001221e+02 7.2728302002e+02 7.2737500000e+02 7.2751702881e+02 7.2768402100e+02 7.2784997559e+02 7.2792602539e+02 7.2796600342e+02 7.2804101563e+02 7.2815502930e+02 7.2827197266e+02 7.2840301514e+02 7.2848999023e+02 7.2852099609e+02 7.2858300781e+02 7.2865698242e+02 7.2875402832e+02 7.2884802246e+02 7.2895599365e+02 7.2909197998e+02 7.2921697998e+02
7.2556201172e+02 7.2558697510e+02 7.2562500000e+02 7.2564599609e+02 7.2566699219e+02 7.2572399902e+02 7.2580401611e+02 7.2586999512e+02 7.2594201660e+02 7.2603302002e+02 7.2614599609e+02 7.2625000000e+02 7.2632299805e+02 7.2636700439e+02 7.2640997314e+02 7.2648101807e+02 7.2652697754e+02 7.2657098389e+02 7.2663702393e+02 7.2669702148e+02 7.2672399902e+02 7.2674298096e+02 7.2676898193e+02 7.2682098389e+02 7.2690100098e+02 7.2701501465e+02 7.2712500000e+02 7.2722198486e+02 7.2736401367e+02 7.2752600098e+02 7.2768298340e+02 7.2776202393e+02 7.2780999756e+02 7.2789001465e+02 7.2800500488e+02 7.2810699463e+02 7.2822601318e+02 7.2829101563e+02 7.2832598877e+02 7.2836999512e+02 7.2844000244e+02 7.2851599121e+02 7.2859002686e+02 7.2872900391e+02 7.2894702148e+02 7.2909802246e+02
7.2540997314e+02 7.2541101074e+02 7.2541802979e+02 7.2542700195e+02 7.2544396973e+02 7.2550097656e+02 7.2558599854e+02 7.2564398193e+02 7.2570599365e+02 7.2579400635e+02 7.2591998291e+02 7.2605999756e+02 7.2615002441e+02 7.2619799805e+02 7.2622497559e+02 7.2629302979e+02 7.2633300781e+02 7.2635699463e+02 7.2641699219e+02 7.2646301270e+02 7.2649298096e+02 7.2652697754e+02 7.2657098389e+02 7.2662500000e+02 7.2670001221e+02 7.2681896973e+02 7.2694598389e+02 7.2704998779e+02 7.2718103027e+02 7.2732000732e+02 7.2741302490e+02 7.2752600098e+02 7.2761297607e+02 7.2771801758e+02 7.2785302734e+02 7.2793298340e+02 7.2802001953e+02 7.2808801270e+02 7.2813500977e+02 7.2816900635e+02 7.2822698975e+02 7.2828100586e+02 7.2835400391e+02 7.2851000977e+02 7.2879101563e+02 7.2899700928e+02
7.2526501465e+02 7.2524700928e+02 7.2524200439e+02 7.2523602295e+02 7.2524102783e+02 7.2527801514e+02 7.2534600830e+02 7.2540802002e+02 7.2547802734e+02 7.2557897949e+02 7.2571899414e+02 7.2588299561e+02 7.2598901367e+02 7.2603497314e+02 7.2604498291e+02 7.2609802246e+02 7.2612701416e+02 7.2613098145e+02 7.2616699219e+02 7.2621600342e+02 7.2626098633e+02 7.2631500244e+02 7.2637402344e+02 7.2642999268e+02 7.2649700928e+02 7.2659802246e+02 7.2673699951e+02 7.2686700439e+02 7.2698602295e+02 7.2710198975e+02 7.2720397949e+02 7.2731298828e+02 7.2743701172e+02 7.2756201172e+02 7.2768701172e+02 7.2778100586e+02 7.2786798096e+02 7.2792797852e+02 7.2794702148e+02 7.2796398926e+02 7.2798999023e+02 7.2803100586e+02 7.2808398438e+02 7.2816302490e+02 7.2838500977e+02 7.2864099121e+02
7.2515698242e+02 7.2512799072e+02 7.2511999512e+02 7.2511297607e+02 7.2509997559e+02 7.2510498047e+02 7.2514099121e+02 7.2517999268e+02 7.2523498535e+02 7.2532098389e+02 7.2544097900e+02 7.2558898926e+02 7.2571002197e+02 7.2578900146e+02 7.2583502197e+02 7.2588800049e+02 7.2590899658e+02 7.2590802002e+02 7.2593499756e+02 7.2599102783e+02 7.2604302979e+02 7.2610699463e+02 7.2617297363e+02 7.2622998047e+02 7.2628900146e+02 7.2638000488e+02 7.2652899170e+02 7.2667999268e+02 7.2679699707e+02 7.2690502930e+02 7.2700097656e+02 7.2712200928e+02 7.2725201416e+02 7.2738201904e+02 7.2750097656e+02 7.2761297607e+02 7.2771398926e+02 7.2777099609e+02 7.2777001953e+02 7.2776702881e+02 7.2775500488e+02 7.2776800537e+02 7.2782800293e+02 7.2787298584e+02 7.2801702881e+02 7.2825299072e+02
7.2507501221e+02 7.2504101563e+02 7.2503601074e+02 7.2503002930e+02 7.2500897217e+02 7.2500097656e+02 7.2501098633e+02 7.2502301025e+02 7.2504602051e+02 7.2509197998e+02 7.2515899658e+02 7.2525201416e+02 7.2535998535e+02 7.2546099854e+02 7.2555102539e+02 7.2562200928e+02 7.2566998291e+02 7.2570202637e+02 7.2573297119e+02 7.2578198242e+02 7.2583001709e+02 7.2589300537e+02 7.2596099854e+02 7.2601800537e+02 7.2607501221e+02 7.2616601563e+02 7.2632098389e+02 7.2648101807e+02 7.2660101318e+02 7.2670501709e+02 7.2680102539e+02 7.2692401123e+02 7.2705200195e+02 7.2717602539e+02 7.2727697754e+02 7.2738098145e+02 7.2749200439e+02 7.2756298828e+02 7.2758599854e+02 7.2759100342e+02 7.2756701660e+02 7.2757000732e+02 7.2763800049e+02 7.2770501709e+02 7.2780603027e+02 7.2798901367e+02
