TESTSERVER/21/5.asc
NCOLS 100
NROWS 100
XLLCORNER 8.5497500000e+03
YLLCORNER 2.8970025000e+05
CELLSIZE 5.0000000000e-01
NODATA_VALUE -9.9990000000e+03
[rows 60 to 79 of 100, columns 0 to 45 of 100]
7.1228100586e+02 7.1237597656e+02 7.1245800781e+02 7.1254797363e+02 7.1266802979e+02 7.1278302002e+02 7.1296301270e+02 7.1321899414e+02 7.1340600586e+02 7.1344897461e+02 7.1355200195e+02 7.1369799805e+02 7.1386499023e+02 7.1406298828e+02 7.1424597168e+02 7.1440698242e+02 7.1456298828e+02 7.1472100830e+02 7.1488702393e+02 7.1508300781e+02 7.1530499268e+02 7.1548297119e+02 7.1559802246e+02 7.1572497559e+02 7.1589099121e+02 7.1607598877e+02 7.1622601318e+02 7.1638500977e+02 7.1653497314e+02 7.1675000000e+02 7.1691998291e+02 7.1702301025e+02 7.1705798340e+02 7.1707897949e+02 7.1712097168e+02 7.1717999268e+02 7.1723498535e+02 7.1728100586e+02 7.1732397461e+02 7.1737097168e+02 7.1742102051e+02 7.1746600342e+02 7.1748602295e+02 7.1751300049e+02 7.1758300781e+02 7.1762298584e+02
7.1206799316e+02 7.1217797852e+02 7.1226898193e+02 7.1235900879e+02 7.1245898438e+02 7.1256298828e+02 7.1268798828e+02 7.1288201904e+02 7.1309399414e+02 7.1322100830e+02 7.1334399414e+02 7.1347399902e+02 7.1360900879e+02 7.1380999756e+02 7.1400897217e+02 7.1416900635e+02 7.1430902100e+02 7.1447802734e+02 7.1464898682e+02 7.1484899902e+02 7.1505902100e+02 7.1522998047e+02 7.1532897949e+02 7.1545800781e+02 7.1568200684e+02 7.1589001465e+02 7.1603198242e+02 7.1614398193e+02 7.1626098633e+02 7.1643798828e+02 7.1659997559e+02 7.1671099854e+02 7.1679199219e+02 7.1684497070e+02 7.1689398193e+02 7.1696099854e+02 7.1703198242e+02 7.1708099365e+02 7.1712799072e+02 7.1717700195e+02 7.1722998047e+02 7.1727600098e+02 7.1731097412e+02 7.1734600830e+02 7.1740301514e+02 7.1745300293e+02
7.1180401611e+02 7.1192498779e+02 7.1203302002e+02 7.1213201904e+02 7.1223199463e+02 7.1235198975e+02 7.1246899414e+02 7.1261401367e+02 7.1280200195e+02 7.1297198486e+02 7.1312097168e+02 7.1325799561e+02 7.1338897705e+02 7.1359399414e+02 7.1378497314e+02 7.1393597412e+02 7.1406896973e+02 7.1425500488e+02 7.1443597412e+02 7.1461700439e+02 7.1480297852e+02 7.1496600342e+02 7.1505297852e+02 7.1517901611e+02 7.1542102051e+02 7.1561700439e+02 7.1576501465e+02 7.1589801025e+02 7.1602197266e+02 7.1614001465e+02 7.1627600098e+02 7.1640197754e+02 7.1649700928e+02 7.1658099365e+02 7.1667199707e+02 7.1676898193e+02 7.1684698486e+02 7.1689001465e+02 7.1693597412e+02 7.1698602295e+02 7.1703100586e+02 7.1707299805e+02 7.1711102295e+02 7.1714801025e+02 7.1719702148e+02 7.1725000000e+02
7.1152899170e+02 7.1166497803e+02 7.1178802490e+02 7.1189599609e+02 7.1199798584e+02 7.1213500977e+02 7.1228399658e+02 7.1242901611e+02 7.1256298828e+02 7.1272198486e+02 7.1288201904e+02 7.1303002930e+02 7.1317401123e+02 7.1336602783e+02 7.1353198242e+02 7.1367797852e+02 7.1383099365e+02 7.1403002930e+02 7.1421197510e+02 7.1437701416e+02 7.1454901123e+02 7.1472497559e+02 7.1482800293e+02 7.1493798828e+02 7.1513397217e+02 7.1529498291e+02 7.1546002197e+02 7.1564300537e+02 7.1581201172e+02 7.1588000488e+02 7.1599102783e+02 7.1612402344e+02 7.1622802734e+02 7.1635998535e+02 7.1650299072e+02 7.1662402344e+02 7.1667199707e+02 7.1668597412e+02 7.1672900391e+02 7.1677697754e+02 7.1681597900e+02 7.1685101318e+02 7.1689001465e+02 7.1692797852e+02 7.1697100830e+02 7.1702502441e+02
7.1130200195e+02 7.1144201660e+02 7.1157098389e+02 7.1167700195e+02 7.1177398682e+02 7.1189599609e+02 7.1206799316e+02 7.1223101807e+02 7.1234698486e+02 7.1247900391e+02 7.1262902832e+02 7.1278100586e+02 7.1292901611e+02 7.1310101318e+02 7.1326300049e+02 7.1342401123e+02 7.1361199951e+02 7.1380297852e+02 7.1396997070e+02 7.1412402344e+02 7.1426098633e+02 7.1444097900e+02 7.1458898926e+02 7.1471697998e+02 7.1487402344e+02 7.1505102539e+02 7.1524298096e+02 7.1544097900e+02 7.1559497070e+02 7.1566101074e+02 7.1575299072e+02 7.1587701416e+02 7.1601300049e+02 7.1618298340e+02 7.1634600830e+02 7.1646002197e+02 7.1648901367e+02 7.1646801758e+02 7.1649401855e+02 7.1652801514e+02 7.1655999756e+02 7.1661199951e+02 7.1665301514e+02 7.1669500732e+02 7.1675500488e+02 7.1680700684e+02
7.1109899902e+02 7.1121697998e+02 7.1132702637e+02 7.1142700195e+02 7.1154199219e+02 7.1165399170e+02 7.1180999756e+02 7.1196697998e+02 7.1209002686e+02 7.1222900391e+02 7.1238201904e+02 7.1253601074e+02 7.1268402100e+02 7.1284399414e+02 7.1301202393e+02 7.1318499756e+02 7.1337097168e+02 7.1356402588e+02 7.1375500488e+02 7.1392797852e+02 7.1404797363e+02 7.1419299316e+02 7.1433300781e+02 7.1446099854e+02 7.1462597656e+02 7.1484899902e+02 7.1508599854e+02 7.1528198242e+02 7.1539501953e+02 7.1546002197e+02 7.1553399658e+02 7.1563098145e+02 7.1575000000e+02 7.1591400146e+02 7.1605499268e+02 7.1615899658e+02 7.1620300293e+02 7.1621697998e+02 7.1623199463e+02 7.1625402832e+02 7.1630603027e+02 7.1636901855e+02 7.1642401123e+02 7.1647998047e+02 7.1654199219e+02 7.1660400391e+02
7.1083697510e+02 7.1095098877e+02 7.1105700684e+02 7.1116400146e+02 7.1129400635e+02 7.1140197754e+02 7.1153601074e+02 7.1167498779e+02 7.1181701660e+02 7.1197399902e+02 7.1213098145e+02 7.1228497314e+02 7.1243200684e+02 7.1258898926e+02 7.1275402832e+02 7.1291601563e+02 7.1307897949e+02 7.1325701904e+02 7.1346899414e+02 7.1366900635e+02 7.1381597900e+02 7.1397802734e+02 7.1411901855e+02 7.1424298096e+02 7.1440100098e+02 7.1464099121e+02 7.1488299561e+02 7.1507299805e+02 7.1517901611e+02 7.1524298096e+02 7.1529998779e+02 7.1537298584e+02 7.1546002197e+02 7.1558300781e+02 7.1570397949e+02 7.1580401611e+02 7.1587097168e+02 7.1592199707e+02 7.1595397949e+02 7.1598797607e+02 7.1605798340e+02 7.1613201904e+02 7.1619396973e+02 7.1625897217e+02 7.1632800293e+02 7.1639599609e+02
7.1056701660e+02 7.1067901611e+02 7.1078698730e+02 7.1089898682e+02 7.1103002930e+02 7.1114501953e+02 7.1126800537e+02 7.1139599609e+02 7.1154302979e+02 7.1170599365e+02 7.1186401367e+02 7.1201599121e+02 7.1216198730e+02 7.1232000732e+02 7.1248797607e+02 7.1264697266e+02 7.1279400635e+02 7.1294799805e+02 7.1315502930e+02 7.1337097168e+02 7.1355200195e+02 7.1372698975e+02 7.1388702393e+02 7.1402697754e+02 7.1418200684e+02 7.1440502930e+02 7.1461798096e+02 7.1479101563e+02 7.1491198730e+02 7.1498999023e+02 7.1504199219e+02 7.1510101318e+02 7.1516802979e+02 7.1525799561e+02 7.1536102295e+02 7.1545898438e+02 7.1554699707e+02 7.1563201904e+02 7.1568597412e+02 7.1573699951e+02 7.1581799316e+02 7.1589001465e+02 7.1595397949e+02 7.1602502441e+02 7.1610900879e+02 7.1619299316e+02
7.1031097412e+02 7.1041601563e+02 7.1052502441e+02 7.1064001465e+02 7.1075097656e+02 7.1087597656e+02 7.1100897217e+02 7.1113897705e+02 7.1127398682e+02 7.1143701172e+02 7.1159197998e+02 7.1173999023e+02 7.1188800049e+02 7.1205499268e+02 7.1224200439e+02 7.1242602539e+02 7.1260101318e+02 7.1272998047e+02 7.1290002441e+02 7.1310101318e+02 7.1330499268e+02 7.1344799805e+02 7.1360699463e+02 7.1377099609e+02 7.1394702148e+02 7.1413397217e+02 7.1430401611e+02 7.1445202637e+02 7.1459100342e+02 7.1469897461e+02 7.1476800537e+02 7.1483300781e+02 7.1491699219e+02 7.1499597168e+02 7.1509197998e+02 7.1519097900e+02 7.1530102539e+02 7.1537597656e+02 7.1544000244e+02 7.1550000000e+02 7.1557800293e+02 7.1564300537e+02 7.1570599365e+02 7.1577801514e+02 7.1588201904e+02 7.1601098633e+02
7.1003802490e+02 7.1016802979e+02 7.1028100586e+02 7.1038897705e+02 7.1050299072e+02 7.1064099121e+02 7.1077801514e+02 7.1089099121e+02 7.1100598145e+02 7.1116699219e+02 7.1132800293e+02 7.1147998047e+02 7.1162500000e+02 7.1178100586e+02 7.1197198486e+02 7.1216802979e+02 7.1234899902e+02 7.1252398682e+02 7.1269598389e+02 7.1286401367e+02 7.1302398682e+02 7.1316699219e+02 7.1333001709e+02 7.1349700928e+02 7.1368200684e+02 7.1386102295e+02 7.1401300049e+02 7.1415002441e+02 7.1428900146e+02 7.1440197754e+02 7.1449499512e+02 7.1457897949e+02 7.1467297363e+02 7.1476300049e+02 7.1486901855e+02 7.1498199463e+02 7.1508502197e+02 7.1516497803e+02 7.1522601318e+02 7.1528002930e+02 7.1534197998e+02 7.1540802002e+02 7.1547601318e+02 7.1555700684e+02 7.1568200684e+02 7.1583001709e+02
7.0976202393e+02 7.0991900635e+02 7.1003601074e+02 7.1015301514e+02 7.1030700684e+02 7.1045501709e+02 7.1057897949e+02 7.1067602539e+02 7.1078399658e+02 7.1092102051e+02 7.1107000732e+02 7.1122100830e+02 7.1136700439e+02 7.1151800537e+02 7.1170300293e+02 7.1188800049e+02 7.1206298828e+02 7.1227001953e+02 7.1246197510e+02 7.1261999512e+02 7.1275299072e+02 7.1290899658e+02 7.1308398438e+02 7.1325299072e+02 7.1342297363e+02 7.1359100342e+02 7.1374401855e+02 7.1388800049e+02 7.1402502441e+02 7.1414099121e+02 7.1424401855e+02 7.1433898926e+02 7.1443597412e+02 7.1452301025e+02 7.1463201904e+02 7.1474597168e+02 7.1484497070e+02 7.1492199707e+02 7.1498797607e+02 7.1504797363e+02 7.1510797119e+02 7.1518103027e+02 7.1526501465e+02 7.1536297607e+02 7.1548999023e+02 7.1563299561e+02
7.0952001953e+02 7.0967602539e+02 7.0980798340e+02 7.0994500732e+02 7.1012597656e+02 7.1027899170e+02 7.1039801025e+02 7.1050201416e+02 7.1061999512e+02 7.1072100830e+02 7.1084301758e+02 7.1097698975e+02 7.1111901855e+02 7.1126898193e+02 7.1143902588e+02 7.1160998535e+02 7.1177600098e+02 7.1199298096e+02 7.1220501709e+02 7.1237200928e+02 7.1249798584e+02 7.1265997314e+02 7.1284002686e+02 7.1300701904e+02 7.1315997314e+02 7.1332098389e+02 7.1348400879e+02 7.1364300537e+02 7.1378698730e+02 7.1390197754e+02 7.1400500488e+02 7.1409899902e+02 7.1419598389e+02 7.1428399658e+02 7.1439001465e+02 7.1449597168e+02 7.1458502197e+02 7.1465997314e+02 7.1472802734e+02 7.1479602051e+02 7.1486700439e+02 7.1495898438e+02 7.1505999756e+02 7.1517199707e+02 7.1529797363e+02 7.1543298340e+02
7.0937097168e+02 7.0946002197e+02 7.0959899902e+02 7.0974700928e+02 7.0990502930e+02 7.1008697510e+02 7.1022399902e+02 7.1033599854e+02 7.1044000244e+02 7.1054901123e+02 7.1064697266e+02 7.1075299072e+02 7.1087200928e+02 7.1101800537e+02 7.1117797852e+02 7.1135101318e+02 7.1153198242e+02 7.1172198486e+02 7.1193200684e+02 7.1211297607e+02 7.1226599121e+02 7.1241998291e+02 7.1258697510e+02 7.1274798584e+02 7.1289099121e+02 7.1304998779e+02 7.1321997070e+02 7.1338897705e+02 7.1354199219e+02 7.1365600586e+02 7.1374798584e+02 7.1384100342e+02 7.1394201660e+02 7.1403497314e+02 7.1413201904e+02 7.1422698975e+02 7.1431097412e+02 7.1439202881e+02 7.1447100830e+02 7.1454498291e+02 7.1460900879e+02 7.1473699951e+02 7.1485198975e+02 7.1496502686e+02 7.1508099365e+02 7.1522497559e+02
7.0925402832e+02 7.0935900879e+02 7.0945397949e+02 7.0956402588e+02 7.0970800781e+02 7.0986901855e+02 7.1002398682e+02 7.1014801025e+02 7.1025201416e+02 7.1038098145e+02 7.1048101807e+02 7.1056201172e+02 7.1066998291e+02 7.1080700684e+02 7.1093902588e+02 7.1110101318e+02 7.1129400635e+02 7.1144500732e+02 7.1163299561e+02 7.1182800293e+02 7.1202099609e+02 7.1218597412e+02 7.1233697510e+02 7.1248297119e+02 7.1262902832e+02 7.1278002930e+02 7.1294702148e+02 7.1311297607e+02 7.1326202393e+02 7.1337298584e+02 7.1347100830e+02 7.1358001709e+02 7.1369799805e+02 7.1378900146e+02 7.1387402344e+02 7.1395501709e+02 7.1404302979e+02 7.1413800049e+02 7.1422998047e+02 7.1430999756e+02 7.1439898682e+02 7.1453198242e+02 7.1464801025e+02 7.1475500488e+02 7.1487500000e+02 7.1501300049e+02
7.0908502197e+02 7.0924401855e+02 7.0934100342e+02 7.0941900635e+02 7.0953802490e+02 7.0969598389e+02 7.0986499023e+02 7.0999401855e+02 7.1010101318e+02 7.1023498535e+02 7.1032702637e+02 7.1040997314e+02 7.1056597900e+02 7.1074798584e+02 7.1083300781e+02 7.1093298340e+02 7.1110601807e+02 7.1123498535e+02 7.1139202881e+02 7.1158197021e+02 7.1179400635e+02 7.1198101807e+02 7.1213098145e+02 7.1225598145e+02 7.1238299561e+02 7.1251898193e+02 7.1267700195e+02 7.1284002686e+02 7.1298602295e+02 7.1310302734e+02 7.1321997070e+02 7.1334600830e+02 7.1347601318e+02 7.1358398438e+02 7.1367102051e+02 7.1374700928e+02 7.1383197021e+02 7.1393902588e+02 7.1402301025e+02 7.1409997559e+02 7.1420800781e+02 7.1433300781e+02 7.1445001221e+02 7.1456298828e+02 7.1468499756e+02 7.1481298828e+02
7.0887902832e+02 7.0905603027e+02 7.0917797852e+02 7.0925201416e+02 7.0934197998e+02 7.0949700928e+02 7.0967401123e+02 7.0981500244e+02 7.0995300293e+02 7.1007897949e+02 7.1015502930e+02 7.1025201416e+02 7.1047497559e+02 7.1071801758e+02 7.1076501465e+02 7.1079302979e+02 7.1092498779e+02 7.1106500244e+02 7.1121099854e+02 7.1138397217e+02 7.1158001709e+02 7.1178497314e+02 7.1194702148e+02 7.1206597900e+02 7.1216802979e+02 7.1228802490e+02 7.1243701172e+02 7.1259399414e+02 7.1272998047e+02 7.1285601807e+02 7.1298699951e+02 7.1312200928e+02 7.1325299072e+02 7.1337902832e+02 7.1347802734e+02 7.1355999756e+02 7.1364898682e+02 7.1376599121e+02 7.1384698486e+02 7.1392102051e+02 7.1403399658e+02 7.1414697266e+02 7.1426098633e+02 7.1438000488e+02 7.1450598145e+02 7.1462500000e+02
7.0866802979e+02 7.0879797363e+02 7.0894000244e+02 7.0905200195e+02 7.0915301514e+02 7.0927697754e+02 7.0943402100e+02 7.0960498047e+02 7.0979998779e+02 7.0990502930e+02 7.0997100830e+02 7.1006799316e+02 7.1027301025e+02 7.1052600098e+02 7.1057897949e+02 7.1058801270e+02 7.1069897461e+02 7.1085302734e+02 7.1103198242e+02 7.1119799805e+02 7.1133697510e+02 7.1152301025e+02 7.1170800781e+02 7.1185400391e+02 7.1198297119e+02 7.1210198975e+02 7.1224102783e+02 7.1238201904e+02 7.1250598145e+02 7.1262097168e+02 7.1275701904e+02 7.1288800049e+02 7.1299700928e+02 7.1313702393e+02 7.1325598145e+02 7.1334802246e+02 7.1344396973e+02 7.1355902100e+02 7.1366497803e+02 7.1374902344e+02 7.1385900879e+02 7.1396899414e+02 7.1407800293e+02 7.1420098877e+02 7.1432897949e+02 7.1444396973e+02
7.0845098877e+02 7.0855798340e+02 7.0869000244e+02 7.0883099365e+02 7.0896301270e+02 7.0908099365e+02 7.0921899414e+02 7.0938397217e+02 7.0957397461e+02 7.0971697998e+02 7.0980102539e+02 7.0986901855e+02 7.1002001953e+02 7.1025201416e+02 7.1036999512e+02 7.1039501953e+02 7.1046002197e+02 7.1060400391e+02 7.1083197021e+02 7.1101898193e+02 7.1115100098e+02 7.1129998779e+02 7.1145697021e+02 7.1159997559e+02 7.1176000977e+02 7.1190100098e+02 7.1203997803e+02 7.1217602539e+02 7.1229901123e+02 7.1240899658e+02 7.1253802490e+02 7.1266699219e+02 7.1278399658e+02 7.1291101074e+02 7.1304302979e+02 7.1315301514e+02 7.1326800537e+02 7.1338500977e+02 7.1348602295e+02 7.1357702637e+02 7.1370501709e+02 7.1381097412e+02 7.1390899658e+02 7.1401898193e+02 7.1413500977e+02 7.1424597168e+02
7.0825799561e+02 7.0835400391e+02 7.0846197510e+02 7.0859399414e+02 7.0874700928e+02 7.0887200928e+02 7.0901000977e+02 7.0916601563e+02 7.0934497070e+02 7.0950299072e+02 7.0961798096e+02 7.0972198486e+02 7.0987902832e+02 7.1012298584e+02 7.1027600098e+02 7.1028198242e+02 7.1026599121e+02 7.1038299561e+02 7.1061700439e+02 7.1081597900e+02 7.1096099854e+02 7.1111401367e+02 7.1125799561e+02 7.1138897705e+02 7.1153997803e+02 7.1168798828e+02 7.1183599854e+02 7.1198101807e+02 7.1211700439e+02 7.1222198486e+02 7.1234197998e+02 7.1246398926e+02 7.1258599854e+02 7.1270898438e+02 7.1283099365e+02 7.1294702148e+02 7.1308001709e+02 7.1321600342e+02 7.1332000732e+02 7.1344201660e+02 7.1357702637e+02 7.1367700195e+02 7.1376000977e+02 7.1384698486e+02 7.1394201660e+02 7.1404199219e+02
7.0809997559e+02 7.0818902588e+02 7.0828399658e+02 7.0840100098e+02 7.0854699707e+02 7.0867602539e+02 7.0882000732e+02 7.0897399902e+02 7.0913397217e+02 7.0927899170e+02 7.0942102051e+02 7.0958197021e+02 7.0977801514e+02 7.1001397705e+02 7.1018701172e+02 7.1019598389e+02 7.1014398193e+02 7.1022698975e+02 7.1041998291e+02 7.1061602783e+02 7.1075799561e+02 7.1088397217e+02 7.1103302002e+02 7.1117498779e+02 7.1131799316e+02 7.1147601318e+02 7.1162799072e+02 7.1177899170e+02 7.1193402100e+02 7.1204302979e+02 7.1215399170e+02 7.1226898193e+02 7.1239697266e+02 7.1252502441e+02 7.1264099121e+02 7.1275598145e+02 7.1289501953e+02 7.1304998779e+02 7.1316900635e+02 7.1331201172e+02 7.1344299316e+02 7.1353802490e+02 7.1360601807e+02 7.1367297363e+02 7.1375500488e+02 7.1384301758e+02
