TESTSERVER/21/6.asc
NCOLS 100
NROWS 100
XLLCORNER 8.5497500000e+03
YLLCORNER 2.8965025000e+05
CELLSIZE 5.0000000000e-01
NODATA_VALUE -9.9990000000e+03
[rows 40 to 59 of 100, columns 46 to 91 of 100]
7.0307702637e+02 7.0323901367e+02 7.0338201904e+02 7.0353900146e+02 7.0367602539e+02 7.0379699707e+02 7.0391998291e+02 7.0402899170e+02 7.0410797119e+02 7.0421899414e+02 7.0432501221e+02 7.0447399902e+02 7.0464898682e+02 7.0478002930e+02 7.0483898926e+02 7.0489801025e+02 7.0498199463e+02 7.0509497070e+02 7.0518298340e+02 7.0527801514e+02 7.0539801025e+02 7.0555700684e+02 7.0569396973e+02 7.0573699951e+02 7.0575799561e+02 7.0583398438e+02 7.0594000244e+02 7.0602600098e+02 7.0611798096e+02 7.0622601318e+02 7.0635900879e+02 7.0643499756e+02 7.0653698730e+02 7.0664001465e+02 7.0670001221e+02 7.0676098633e+02 7.0686102295e+02 7.0696301270e+02 7.0709698486e+02 7.0722698975e+02 7.0734100342e+02 7.0739398193e+02 7.0739398193e+02 7.0748400879e+02 7.0763397217e+02 7.0775897217e+02
7.0290399170e+02 7.0305499268e+02 7.0320001221e+02 7.0334600830e+02 7.0349902344e+02 7.0363299561e+02 7.0376300049e+02 7.0386901855e+02 7.0396002197e+02 7.0408898926e+02 7.0420800781e+02 7.0432397461e+02 7.0446801758e+02 7.0459301758e+02 7.0467199707e+02 7.0475500488e+02 7.0485498047e+02 7.0497601318e+02 7.0506402588e+02 7.0514501953e+02 7.0521502686e+02 7.0532501221e+02 7.0546899414e+02 7.0551800537e+02 7.0559197998e+02 7.0570599365e+02 7.0580297852e+02 7.0588598633e+02 7.0598699951e+02 7.0609497070e+02 7.0620697021e+02 7.0629101563e+02 7.0636297607e+02 7.0645001221e+02 7.0653100586e+02 7.0664099121e+02 7.0675799561e+02 7.0686199951e+02 7.0699700928e+02 7.0716900635e+02 7.0731402588e+02 7.0733099365e+02 7.0730700684e+02 7.0738201904e+02 7.0747998047e+02 7.0756701660e+02
7.0274200439e+02 7.0288000488e+02 7.0303302002e+02 7.0315899658e+02 7.0329901123e+02 7.0342999268e+02 7.0355999756e+02 7.0368701172e+02 7.0381500244e+02 7.0396002197e+02 7.0407897949e+02 7.0415997314e+02 7.0427697754e+02 7.0439001465e+02 7.0448797607e+02 7.0458898926e+02 7.0469897461e+02 7.0481701660e+02 7.0491900635e+02 7.0501098633e+02 7.0508300781e+02 7.0518597412e+02 7.0529998779e+02 7.0534301758e+02 7.0543798828e+02 7.0555999756e+02 7.0566400146e+02 7.0577301025e+02 7.0588500977e+02 7.0597802734e+02 7.0605499268e+02 7.0614501953e+02 7.0620800781e+02 7.0629400635e+02 7.0638098145e+02 7.0648297119e+02 7.0660699463e+02 7.0674597168e+02 7.0689697266e+02 7.0707598877e+02 7.0720599365e+02 7.0720397949e+02 7.0719598389e+02 7.0725402832e+02 7.0731201172e+02 7.0740301514e+02
7.0266998291e+02 7.0279400635e+02 7.0287902832e+02 7.0299102783e+02 7.0314001465e+02 7.0326300049e+02 7.0336297607e+02 7.0350402832e+02 7.0364898682e+02 7.0379199219e+02 7.0391699219e+02 7.0399798584e+02 7.0410900879e+02 7.0422497559e+02 7.0434497070e+02 7.0446002197e+02 7.0455798340e+02 7.0465899658e+02 7.0476898193e+02 7.0488598633e+02 7.0497802734e+02 7.0507299805e+02 7.0513299561e+02 7.0520300293e+02 7.0533398438e+02 7.0544097900e+02 7.0554699707e+02 7.0567102051e+02 7.0577502441e+02 7.0585400391e+02 7.0591400146e+02 7.0599902344e+02 7.0605603027e+02 7.0614099121e+02 7.0622900391e+02 7.0632598877e+02 7.0646301270e+02 7.0663000488e+02 7.0678002930e+02 7.0688299561e+02 7.0696899414e+02 7.0698699951e+02 7.0703302002e+02 7.0708898926e+02 7.0714697266e+02 7.0725701904e+02
7.0251300049e+02 7.0267297363e+02 7.0270697021e+02 7.0282397461e+02 7.0296600342e+02 7.0309997559e+02 7.0320098877e+02 7.0333599854e+02 7.0347802734e+02 7.0359899902e+02 7.0370800781e+02 7.0382598877e+02 7.0394799805e+02 7.0406799316e+02 7.0422497559e+02 7.0431597900e+02 7.0440698242e+02 7.0450097656e+02 7.0458099365e+02 7.0470202637e+02 7.0481402588e+02 7.0489001465e+02 7.0491900635e+02 7.0507098389e+02 7.0521600342e+02 7.0529199219e+02 7.0536401367e+02 7.0552001953e+02 7.0562097168e+02 7.0569598389e+02 7.0575598145e+02 7.0583898926e+02 7.0590301514e+02 7.0598101807e+02 7.0608300781e+02 7.0620800781e+02 7.0635400391e+02 7.0650201416e+02 7.0665399170e+02 7.0668103027e+02 7.0673297119e+02 7.0679199219e+02 7.0685400391e+02 7.0690997314e+02 7.0699298096e+02 7.0712097168e+02
7.0225500488e+02 7.0243701172e+02 7.0254498291e+02 7.0263000488e+02 7.0273602295e+02 7.0289202881e+02 7.0302001953e+02 7.0313897705e+02 7.0327197266e+02 7.0340100098e+02 7.0352697754e+02 7.0365802002e+02 7.0378302002e+02 7.0387902832e+02 7.0401599121e+02 7.0411499023e+02 7.0422698975e+02 7.0432299805e+02 7.0438201904e+02 7.0448498535e+02 7.0461199951e+02 7.0470397949e+02 7.0478002930e+02 7.0492700195e+02 7.0505700684e+02 7.0513598633e+02 7.0519799805e+02 7.0533300781e+02 7.0544000244e+02 7.0553002930e+02 7.0562200928e+02 7.0572802734e+02 7.0581701660e+02 7.0588000488e+02 7.0594097900e+02 7.0605499268e+02 7.0616699219e+02 7.0629998779e+02 7.0647100830e+02 7.0653198242e+02 7.0656402588e+02 7.0661401367e+02 7.0666900635e+02 7.0672497559e+02 7.0680700684e+02 7.0691699219e+02
7.0211602783e+02 7.0230401611e+02 7.0243902588e+02 7.0250000000e+02 7.0258099365e+02 7.0272302246e+02 7.0286700439e+02 7.0297698975e+02 7.0309802246e+02 7.0323602295e+02 7.0335998535e+02 7.0348498535e+02 7.0362097168e+02 7.0372198486e+02 7.0385101318e+02 7.0395501709e+02 7.0404101563e+02 7.0413598633e+02 7.0421301270e+02 7.0431201172e+02 7.0442999268e+02 7.0450799561e+02 7.0461401367e+02 7.0478399658e+02 7.0492700195e+02 7.0501599121e+02 7.0507501221e+02 7.0520001221e+02 7.0529498291e+02 7.0538702393e+02 7.0549902344e+02 7.0560699463e+02 7.0570397949e+02 7.0576501465e+02 7.0581597900e+02 7.0590600586e+02 7.0596197510e+02 7.0604400635e+02 7.0621099854e+02 7.0631896973e+02 7.0636700439e+02 7.0642901611e+02 7.0651000977e+02 7.0657397461e+02 7.0664801025e+02 7.0673498535e+02
7.0200097656e+02 7.0219097900e+02 7.0232000732e+02 7.0236999512e+02 7.0245202637e+02 7.0256799316e+02 7.0271002197e+02 7.0285198975e+02 7.0296600342e+02 7.0310101318e+02 7.0322399902e+02 7.0332598877e+02 7.0345800781e+02 7.0356896973e+02 7.0369000244e+02 7.0378698730e+02 7.0385797119e+02 7.0396801758e+02 7.0406799316e+02 7.0417102051e+02 7.0428002930e+02 7.0432800293e+02 7.0442901611e+02 7.0459997559e+02 7.0476098633e+02 7.0488897705e+02 7.0496197510e+02 7.0510601807e+02 7.0518798828e+02 7.0524401855e+02 7.0534301758e+02 7.0545800781e+02 7.0556597900e+02 7.0565802002e+02 7.0575000000e+02 7.0582397461e+02 7.0583099365e+02 7.0585797119e+02 7.0598199463e+02 7.0609899902e+02 7.0616900635e+02 7.0626202393e+02 7.0636602783e+02 7.0643402100e+02 7.0652001953e+02 7.0660601807e+02
7.0179699707e+02 7.0199401855e+02 7.0213800049e+02 7.0221301270e+02 7.0232098389e+02 7.0242602539e+02 7.0256201172e+02 7.0276000977e+02 7.0288000488e+02 7.0298400879e+02 7.0309100342e+02 7.0317901611e+02 7.0328100586e+02 7.0338397217e+02 7.0349798584e+02 7.0362597656e+02 7.0370697021e+02 7.0379199219e+02 7.0388800049e+02 7.0401501465e+02 7.0414099121e+02 7.0419702148e+02 7.0429498291e+02 7.0440997314e+02 7.0453198242e+02 7.0469598389e+02 7.0483300781e+02 7.0497497559e+02 7.0504797363e+02 7.0506402588e+02 7.0515502930e+02 7.0529998779e+02 7.0542700195e+02 7.0558001709e+02 7.0576800537e+02 7.0579199219e+02 7.0575799561e+02 7.0575201416e+02 7.0584002686e+02 7.0590997314e+02 7.0600097656e+02 7.0611602783e+02 7.0620800781e+02 7.0627001953e+02 7.0636102295e+02 7.0645202637e+02
7.0162200928e+02 7.0177697754e+02 7.0190197754e+02 7.0202697754e+02 7.0216998291e+02 7.0227899170e+02 7.0238897705e+02 7.0256896973e+02 7.0272497559e+02 7.0285302734e+02 7.0296197510e+02 7.0304199219e+02 7.0313800049e+02 7.0323999023e+02 7.0331402588e+02 7.0344799805e+02 7.0354101563e+02 7.0361297607e+02 7.0370599365e+02 7.0383197021e+02 7.0395397949e+02 7.0401501465e+02 7.0413702393e+02 7.0426898193e+02 7.0436700439e+02 7.0450097656e+02 7.0462200928e+02 7.0473297119e+02 7.0482598877e+02 7.0490002441e+02 7.0502398682e+02 7.0514697266e+02 7.0526501465e+02 7.0541699219e+02 7.0557202148e+02 7.0564099121e+02 7.0563000488e+02 7.0565698242e+02 7.0574298096e+02 7.0577697754e+02 7.0585900879e+02 7.0596197510e+02 7.0603698730e+02 7.0608697510e+02 7.0617700195e+02 7.0628601074e+02
7.0155603027e+02 7.0165600586e+02 7.0172802734e+02 7.0189398193e+02 7.0204797363e+02 7.0215802002e+02 7.0227001953e+02 7.0242297363e+02 7.0256500244e+02 7.0270001221e+02 7.0281097412e+02 7.0289898682e+02 7.0300598145e+02 7.0314801025e+02 7.0324902344e+02 7.0334197998e+02 7.0341198730e+02 7.0348901367e+02 7.0355700684e+02 7.0365997314e+02 7.0373400879e+02 7.0380700684e+02 7.0399102783e+02 7.0414099121e+02 7.0422497559e+02 7.0433801270e+02 7.0444201660e+02 7.0455102539e+02 7.0465399170e+02 7.0474798584e+02 7.0488000488e+02 7.0497198486e+02 7.0508001709e+02 7.0521600342e+02 7.0532702637e+02 7.0541601563e+02 7.0546398926e+02 7.0552301025e+02 7.0560498047e+02 7.0566302490e+02 7.0574700928e+02 7.0582598877e+02 7.0588397217e+02 7.0592999268e+02 7.0604101563e+02 7.0615600586e+02
7.0143701172e+02 7.0153002930e+02 7.0161297607e+02 7.0180297852e+02 7.0194897461e+02 7.0205902100e+02 7.0220800781e+02 7.0234802246e+02 7.0244598389e+02 7.0256402588e+02 7.0268103027e+02 7.0278198242e+02 7.0288702393e+02 7.0306201172e+02 7.0326000977e+02 7.0333898926e+02 7.0332897949e+02 7.0335699463e+02 7.0339099121e+02 7.0352502441e+02 7.0358099365e+02 7.0367498779e+02 7.0388800049e+02 7.0400097656e+02 7.0404901123e+02 7.0416497803e+02 7.0429199219e+02 7.0440502930e+02 7.0450598145e+02 7.0459399414e+02 7.0472497559e+02 7.0481500244e+02 7.0490399170e+02 7.0501800537e+02 7.0511102295e+02 7.0522198486e+02 7.0532501221e+02 7.0540301514e+02 7.0546398926e+02 7.0554699707e+02 7.0564202881e+02 7.0570300293e+02 7.0576898193e+02 7.0583398438e+02 7.0596197510e+02 7.0606298828e+02
7.0120697021e+02 7.0133898926e+02 7.0151202393e+02 7.0174700928e+02 7.0190301514e+02 7.0198199463e+02 7.0208898926e+02 7.0223999023e+02 7.0232800293e+02 7.0244396973e+02 7.0255798340e+02 7.0264501953e+02 7.0275000000e+02 7.0290802002e+02 7.0310400391e+02 7.0319799805e+02 7.0318499756e+02 7.0319299316e+02 7.0325000000e+02 7.0341198730e+02 7.0345697021e+02 7.0352197266e+02 7.0369799805e+02 7.0382000732e+02 7.0386199951e+02 7.0397399902e+02 7.0411700439e+02 7.0423101807e+02 7.0433801270e+02 7.0443597412e+02 7.0455401611e+02 7.0465997314e+02 7.0474200439e+02 7.0484100342e+02 7.0493701172e+02 7.0505999756e+02 7.0516802979e+02 7.0525097656e+02 7.0533300781e+02 7.0544201660e+02 7.0553497314e+02 7.0559802246e+02 7.0567901611e+02 7.0574401855e+02 7.0585302734e+02 7.0594299316e+02
7.0109301758e+02 7.0126000977e+02 7.0142700195e+02 7.0157202148e+02 7.0174401855e+02 7.0187902832e+02 7.0197399902e+02 7.0210302734e+02 7.0221997070e+02 7.0233300781e+02 7.0241802979e+02 7.0249102783e+02 7.0258801270e+02 7.0271997070e+02 7.0290100098e+02 7.0297100830e+02 7.0300201416e+02 7.0305499268e+02 7.0314398193e+02 7.0323699951e+02 7.0326397705e+02 7.0330200195e+02 7.0344396973e+02 7.0357800293e+02 7.0368902588e+02 7.0380999756e+02 7.0392401123e+02 7.0404602051e+02 7.0416699219e+02 7.0428198242e+02 7.0440399170e+02 7.0452001953e+02 7.0461297607e+02 7.0471398926e+02 7.0481402588e+02 7.0490600586e+02 7.0500097656e+02 7.0510400391e+02 7.0519598389e+02 7.0530999756e+02 7.0540600586e+02 7.0548199463e+02 7.0556500244e+02 7.0562799072e+02 7.0570300293e+02 7.0578198242e+02
7.0084802246e+02 7.0104498291e+02 7.0126098633e+02 7.0135699463e+02 7.0150299072e+02 7.0167797852e+02 7.0181201172e+02 7.0193499756e+02 7.0207800293e+02 7.0221197510e+02 7.0229901123e+02 7.0237701416e+02 7.0248999023e+02 7.0259802246e+02 7.0274700928e+02 7.0282702637e+02 7.0287701416e+02 7.0294702148e+02 7.0302801514e+02 7.0307598877e+02 7.0312200928e+02 7.0317700195e+02 7.0327801514e+02 7.0340997314e+02 7.0354199219e+02 7.0365197754e+02 7.0374700928e+02 7.0386700439e+02 7.0399298096e+02 7.0412902832e+02 7.0425897217e+02 7.0436798096e+02 7.0446899414e+02 7.0456896973e+02 7.0465899658e+02 7.0474499512e+02 7.0483801270e+02 7.0495001221e+02 7.0505200195e+02 7.0516400146e+02 7.0526202393e+02 7.0534497070e+02 7.0544097900e+02 7.0554498291e+02 7.0564202881e+02 7.0572198486e+02
7.0040899658e+02 7.0064398193e+02 7.0102001953e+02 7.0120898438e+02 7.0132702637e+02 7.0148297119e+02 7.0165997314e+02 7.0177899170e+02 7.0190399170e+02 7.0206500244e+02 7.0217498779e+02 7.0225097656e+02 7.0238598633e+02 7.0247998047e+02 7.0260699463e+02 7.0271600342e+02 7.0278601074e+02 7.0285400391e+02 7.0293499756e+02 7.0301397705e+02 7.0306896973e+02 7.0310998535e+02 7.0316900635e+02 7.0328802490e+02 7.0340100098e+02 7.0349102783e+02 7.0359802246e+02 7.0370098877e+02 7.0382202148e+02 7.0397198486e+02 7.0410101318e+02 7.0419396973e+02 7.0429797363e+02 7.0439501953e+02 7.0447998047e+02 7.0458197021e+02 7.0468902588e+02 7.0480102539e+02 7.0490802002e+02 7.0501501465e+02 7.0510900879e+02 7.0520098877e+02 7.0530700684e+02 7.0545397949e+02 7.0559002686e+02 7.0568200684e+02
6.9995800781e+02 7.0027801514e+02 7.0077398682e+02 7.0099597168e+02 7.0113201904e+02 7.0127099609e+02 7.0148297119e+02 7.0163299561e+02 7.0172198486e+02 7.0188000488e+02 7.0198498535e+02 7.0208801270e+02 7.0223699951e+02 7.0235900879e+02 7.0247497559e+02 7.0259399414e+02 7.0268701172e+02 7.0276300049e+02 7.0286102295e+02 7.0299700928e+02 7.0302899170e+02 7.0302301025e+02 7.0305902100e+02 7.0316601563e+02 7.0325500488e+02 7.0334399414e+02 7.0346697998e+02 7.0356799316e+02 7.0369000244e+02 7.0383697510e+02 7.0394396973e+02 7.0403302002e+02 7.0412597656e+02 7.0421099854e+02 7.0429797363e+02 7.0442999268e+02 7.0454901123e+02 7.0465899658e+02 7.0476397705e+02 7.0484997559e+02 7.0494299316e+02 7.0505102539e+02 7.0515100098e+02 7.0527801514e+02 7.0540002441e+02 7.0550097656e+02
6.9966101074e+02 6.9989300537e+02 7.0031402588e+02 7.0057299805e+02 7.0080700684e+02 7.0101202393e+02 7.0121600342e+02 7.0139599609e+02 7.0150000000e+02 7.0164501953e+02 7.0177001953e+02 7.0192999268e+02 7.0206896973e+02 7.0221301270e+02 7.0235498047e+02 7.0246502686e+02 7.0255499268e+02 7.0264898682e+02 7.0274102783e+02 7.0284197998e+02 7.0289202881e+02 7.0292401123e+02 7.0297802734e+02 7.0303100586e+02 7.0310198975e+02 7.0321197510e+02 7.0334100342e+02 7.0343499756e+02 7.0355902100e+02 7.0370397949e+02 7.0380603027e+02 7.0388000488e+02 7.0395898438e+02 7.0404699707e+02 7.0414001465e+02 7.0426898193e+02 7.0438702393e+02 7.0448999023e+02 7.0458502197e+02 7.0467999268e+02 7.0477398682e+02 7.0485900879e+02 7.0493103027e+02 7.0500799561e+02 7.0509802246e+02 7.0522601318e+02
6.9950598145e+02 6.9967700195e+02 6.9991302490e+02 7.0015100098e+02 7.0044702148e+02 7.0070697021e+02 7.0088299561e+02 7.0107897949e+02 7.0124798584e+02 7.0142401123e+02 7.0160797119e+02 7.0179602051e+02 7.0191699219e+02 7.0206597900e+02 7.0223199463e+02 7.0233197021e+02 7.0241497803e+02 7.0252197266e+02 7.0260101318e+02 7.0266900635e+02 7.0274102783e+02 7.0280603027e+02 7.0287200928e+02 7.0291699219e+02 7.0298797607e+02 7.0309802246e+02 7.0321600342e+02 7.0330902100e+02 7.0345800781e+02 7.0362701416e+02 7.0372399902e+02 7.0374597168e+02 7.0379498291e+02 7.0388201904e+02 7.0397302246e+02 7.0408697510e+02 7.0419897461e+02 7.0430401611e+02 7.0440802002e+02 7.0450799561e+02 7.0459802246e+02 7.0466900635e+02 7.0473400879e+02 7.0478900146e+02 7.0487402344e+02 7.0500799561e+02
6.9936401367e+02 6.9949902344e+02 6.9963500977e+02 6.9983599854e+02 7.0009301758e+02 7.0031896973e+02 7.0055200195e+02 7.0081799316e+02 7.0101300049e+02 7.0120501709e+02 7.0140100098e+02 7.0157397461e+02 7.0172998047e+02 7.0189099121e+02 7.0206298828e+02 7.0217797852e+02 7.0226098633e+02 7.0237597656e+02 7.0247198486e+02 7.0253198242e+02 7.0258099365e+02 7.0263598633e+02 7.0271600342e+02 7.0279602051e+02 7.0287500000e+02 7.0297601318e+02 7.0308502197e+02 7.0318402100e+02 7.0334301758e+02 7.0351898193e+02 7.0361499023e+02 7.0361102295e+02 7.0363800049e+02 7.0370898438e+02 7.0380902100e+02 7.0392401123e+02 7.0402099609e+02 7.0412200928e+02 7.0423498535e+02 7.0432800293e+02 7.0440997314e+02 7.0447998047e+02 7.0455999756e+02 7.0462597656e+02 7.0472399902e+02 7.0483801270e+02
