TESTSERVER/21/6.asc
NCOLS 100
NROWS 100
XLLCORNER 8.5497500000e+03
YLLCORNER 2.8965025000e+05
CELLSIZE 5.0000000000e-01
NODATA_VALUE -9.9990000000e+03
[rows 0 to 19 of 100, columns 46 to 91 of 100]
7.1038800049e+02 7.1043298340e+02 7.1048199463e+02 7.1053399658e+02 7.1063000488e+02 7.1074200439e+02 7.1085400391e+02 7.1094897461e+02 7.1102697754e+02 7.1112902832e+02 7.1127099609e+02 7.1138098145e+02 7.1149499512e+02 7.1156896973e+02 7.1158697510e+02 7.1160400391e+02 7.1163201904e+02 7.1166900635e+02 7.1170800781e+02 7.1173602295e+02 7.1176898193e+02 7.1183300781e+02 7.1187298584e+02 7.1194897461e+02 7.1203900146e+02 7.1212902832e+02 7.1221899414e+02 7.1228900146e+02 7.1234802246e+02 7.1239599609e+02 7.1243499756e+02 7.1247399902e+02 7.1246301270e+02 7.1247698975e+02 7.1252801514e+02 7.1249597168e+02 7.1245098877e+02 7.1245697021e+02 7.1248699951e+02 7.1253198242e+02 7.1261700439e+02 7.1268298340e+02 7.1274499512e+02 7.1281896973e+02 7.1285900879e+02 7.1290802002e+02
7.1019500732e+02 7.1025598145e+02 7.1031298828e+02 7.1038201904e+02 7.1046002197e+02 7.1053698730e+02 7.1063500977e+02 7.1074798584e+02 7.1085198975e+02 7.1095898438e+02 7.1108898926e+02 7.1122900391e+02 7.1138299561e+02 7.1149102783e+02 7.1150799561e+02 7.1148699951e+02 7.1148901367e+02 7.1151898193e+02 7.1154302979e+02 7.1158197021e+02 7.1160998535e+02 7.1165899658e+02 7.1168597412e+02 7.1174902344e+02 7.1183502197e+02 7.1191998291e+02 7.1201898193e+02 7.1210198975e+02 7.1218103027e+02 7.1224597168e+02 7.1229797363e+02 7.1235601807e+02 7.1234399414e+02 7.1236700439e+02 7.1241802979e+02 7.1238598633e+02 7.1235900879e+02 7.1238000488e+02 7.1239398193e+02 7.1243597412e+02 7.1251397705e+02 7.1261901855e+02 7.1274102783e+02 7.1276702881e+02 7.1276800537e+02 7.1280200195e+02
7.0996398926e+02 7.1004199219e+02 7.1011199951e+02 7.1018798828e+02 7.1025799561e+02 7.1032800293e+02 7.1044000244e+02 7.1054699707e+02 7.1065100098e+02 7.1074499512e+02 7.1085797119e+02 7.1100897217e+02 7.1117901611e+02 7.1132098389e+02 7.1138598633e+02 7.1135498047e+02 7.1133502197e+02 7.1136102295e+02 7.1138702393e+02 7.1142602539e+02 7.1143402100e+02 7.1148199463e+02 7.1154699707e+02 7.1159600830e+02 7.1166601563e+02 7.1174200439e+02 7.1183599854e+02 7.1191302490e+02 7.1200000000e+02 7.1208697510e+02 7.1216400146e+02 7.1222802734e+02 7.1223901367e+02 7.1226397705e+02 7.1227697754e+02 7.1227301025e+02 7.1227197266e+02 7.1228399658e+02 7.1228601074e+02 7.1231597900e+02 7.1237597656e+02 7.1251898193e+02 7.1271997070e+02 7.1270300293e+02 7.1264801025e+02 7.1268200684e+02
7.0971899414e+02 7.0977801514e+02 7.0985900879e+02 7.0996002197e+02 7.1005200195e+02 7.1013897705e+02 7.1024798584e+02 7.1035400391e+02 7.1045202637e+02 7.1053302002e+02 7.1062799072e+02 7.1075701904e+02 7.1090802002e+02 7.1105902100e+02 7.1117102051e+02 7.1115899658e+02 7.1114501953e+02 7.1118402100e+02 7.1122601318e+02 7.1126202393e+02 7.1127899170e+02 7.1134197998e+02 7.1142297363e+02 7.1144799805e+02 7.1151098633e+02 7.1158599854e+02 7.1167297363e+02 7.1174597168e+02 7.1183197021e+02 7.1192999268e+02 7.1202197266e+02 7.1207397461e+02 7.1209802246e+02 7.1212402344e+02 7.1212701416e+02 7.1215698242e+02 7.1217102051e+02 7.1219396973e+02 7.1219299316e+02 7.1219598389e+02 7.1223699951e+02 7.1236901855e+02 7.1256597900e+02 7.1255200195e+02 7.1251702881e+02 7.1257800293e+02
7.0947698975e+02 7.0951599121e+02 7.0958300781e+02 7.0974401855e+02 7.0986499023e+02 7.0995397949e+02 7.1000799561e+02 7.1012701416e+02 7.1024597168e+02 7.1032702637e+02 7.1041198730e+02 7.1053399658e+02 7.1062799072e+02 7.1073297119e+02 7.1084497070e+02 7.1092297363e+02 7.1093902588e+02 7.1099298096e+02 7.1107397461e+02 7.1112097168e+02 7.1116900635e+02 7.1122302246e+02 7.1127001953e+02 7.1129602051e+02 7.1134698486e+02 7.1141900635e+02 7.1151800537e+02 7.1159197998e+02 7.1168902588e+02 7.1179400635e+02 7.1187500000e+02 7.1193103027e+02 7.1196697998e+02 7.1198699951e+02 7.1201397705e+02 7.1201098633e+02 7.1202301025e+02 7.1209301758e+02 7.1211499023e+02 7.1209497070e+02 7.1212298584e+02 7.1221398926e+02 7.1235601807e+02 7.1236602783e+02 7.1240301514e+02 7.1248999023e+02
7.0921600342e+02 7.0927899170e+02 7.0935601807e+02 7.0952600098e+02 7.0964898682e+02 7.0972198486e+02 7.0978198242e+02 7.0991198730e+02 7.1003997803e+02 7.1014099121e+02 7.1024102783e+02 7.1035302734e+02 7.1041497803e+02 7.1047198486e+02 7.1057897949e+02 7.1069702148e+02 7.1076702881e+02 7.1083502197e+02 7.1092700195e+02 7.1100097656e+02 7.1104498291e+02 7.1107000732e+02 7.1110601807e+02 7.1113800049e+02 7.1119500732e+02 7.1126599121e+02 7.1135699463e+02 7.1142602539e+02 7.1151800537e+02 7.1161499023e+02 7.1172900391e+02 7.1183099365e+02 7.1186499023e+02 7.1185601807e+02 7.1186901855e+02 7.1188201904e+02 7.1189001465e+02 7.1190600586e+02 7.1194201660e+02 7.1196002197e+02 7.1201800537e+02 7.1211602783e+02 7.1220697021e+02 7.1222698975e+02 7.1230700684e+02 7.1236901855e+02
7.0895300293e+02 7.0903198242e+02 7.0914001465e+02 7.0933197021e+02 7.0947100830e+02 7.0953100586e+02 7.0957897949e+02 7.0969702148e+02 7.0982202148e+02 7.0993798828e+02 7.1005700684e+02 7.1017797852e+02 7.1025299072e+02 7.1031500244e+02 7.1040399170e+02 7.1052197266e+02 7.1061602783e+02 7.1069598389e+02 7.1077001953e+02 7.1084100342e+02 7.1089697266e+02 7.1092797852e+02 7.1097198486e+02 7.1101898193e+02 7.1108502197e+02 7.1114099121e+02 7.1118298340e+02 7.1124700928e+02 7.1135797119e+02 7.1146301270e+02 7.1157501221e+02 7.1166400146e+02 7.1169299316e+02 7.1169897461e+02 7.1173498535e+02 7.1178997803e+02 7.1178601074e+02 7.1178100586e+02 7.1182098389e+02 7.1184100342e+02 7.1191302490e+02 7.1200500488e+02 7.1208300781e+02 7.1211901855e+02 7.1219396973e+02 7.1225701904e+02
7.0870697021e+02 7.0880902100e+02 7.0897497559e+02 7.0920397949e+02 7.0933697510e+02 7.0935101318e+02 7.0936102295e+02 7.0946997070e+02 7.0959899902e+02 7.0972900391e+02 7.0985797119e+02 7.0997998047e+02 7.1007098389e+02 7.1015399170e+02 7.1024499512e+02 7.1033898926e+02 7.1043499756e+02 7.1052197266e+02 7.1060101318e+02 7.1067199707e+02 7.1074401855e+02 7.1080200195e+02 7.1086102295e+02 7.1091302490e+02 7.1098797607e+02 7.1103198242e+02 7.1103997803e+02 7.1109600830e+02 7.1120800781e+02 7.1131201172e+02 7.1139398193e+02 7.1145501709e+02 7.1148999023e+02 7.1153497314e+02 7.1161297607e+02 7.1172100830e+02 7.1169598389e+02 7.1166601563e+02 7.1171197510e+02 7.1172399902e+02 7.1178100586e+02 7.1185198975e+02 7.1191699219e+02 7.1196600342e+02 7.1205401611e+02 7.1214501953e+02
7.0846398926e+02 7.0860101318e+02 7.0880902100e+02 7.0902697754e+02 7.0914697266e+02 7.0914099121e+02 7.0912701416e+02 7.0922802734e+02 7.0937200928e+02 7.0952301025e+02 7.0965600586e+02 7.0977099609e+02 7.0986199951e+02 7.0995001221e+02 7.1004101563e+02 7.1014501953e+02 7.1023699951e+02 7.1031799316e+02 7.1042901611e+02 7.1052301025e+02 7.1060198975e+02 7.1067401123e+02 7.1072399902e+02 7.1080102539e+02 7.1090502930e+02 7.1095898438e+02 7.1094500732e+02 7.1098797607e+02 7.1106298828e+02 7.1115600586e+02 7.1123498535e+02 7.1128698730e+02 7.1131597900e+02 7.1136401367e+02 7.1141198730e+02 7.1152697754e+02 7.1155401611e+02 7.1155297852e+02 7.1159399414e+02 7.1160101318e+02 7.1164398193e+02 7.1171002197e+02 7.1177801514e+02 7.1184899902e+02 7.1194702148e+02 7.1203100586e+02
7.0821301270e+02 7.0833099365e+02 7.0847998047e+02 7.0863702393e+02 7.0877099609e+02 7.0884002686e+02 7.0888598633e+02 7.0898101807e+02 7.0912799072e+02 7.0929498291e+02 7.0944799805e+02 7.0956597900e+02 7.0966900635e+02 7.0976300049e+02 7.0986499023e+02 7.0997802734e+02 7.1007397461e+02 7.1014898682e+02 7.1025897217e+02 7.1036602783e+02 7.1046398926e+02 7.1054797363e+02 7.1059002686e+02 7.1063299561e+02 7.1075201416e+02 7.1084600830e+02 7.1084301758e+02 7.1088201904e+02 7.1094500732e+02 7.1101000977e+02 7.1107000732e+02 7.1111999512e+02 7.1116900635e+02 7.1122698975e+02 7.1125201416e+02 7.1133300781e+02 7.1139001465e+02 7.1141699219e+02 7.1145501709e+02 7.1147198486e+02 7.1148797607e+02 7.1155999756e+02 7.1166101074e+02 7.1171899414e+02 7.1181298828e+02 7.1191699219e+02
7.0799597168e+02 7.0810601807e+02 7.0819897461e+02 7.0830401611e+02 7.0843902588e+02 7.0855798340e+02 7.0867602539e+02 7.0878900146e+02 7.0892602539e+02 7.0908502197e+02 7.0924401855e+02 7.0938098145e+02 7.0950201416e+02 7.0959100342e+02 7.0968298340e+02 7.0978100586e+02 7.0987799072e+02 7.0996899414e+02 7.1008197021e+02 7.1019396973e+02 7.1030700684e+02 7.1040100098e+02 7.1044702148e+02 7.1046697998e+02 7.1057202148e+02 7.1068499756e+02 7.1072998047e+02 7.1075201416e+02 7.1080798340e+02 7.1085601807e+02 7.1091900635e+02 7.1097998047e+02 7.1102600098e+02 7.1107202148e+02 7.1111798096e+02 7.1118902588e+02 7.1121801758e+02 7.1124200439e+02 7.1129400635e+02 7.1133099365e+02 7.1134100342e+02 7.1140600586e+02 7.1151098633e+02 7.1157000732e+02 7.1166400146e+02 7.1177801514e+02
7.0781701660e+02 7.0793200684e+02 7.0801702881e+02 7.0813800049e+02 7.0826300049e+02 7.0837701416e+02 7.0851098633e+02 7.0863098145e+02 7.0875097656e+02 7.0889501953e+02 7.0903802490e+02 7.0921502686e+02 7.0935302734e+02 7.0940100098e+02 7.0946099854e+02 7.0956701660e+02 7.0967999268e+02 7.0979199219e+02 7.0990399170e+02 7.1001501465e+02 7.1013702393e+02 7.1024401855e+02 7.1031097412e+02 7.1033898926e+02 7.1041900635e+02 7.1052099609e+02 7.1060797119e+02 7.1063702393e+02 7.1069500732e+02 7.1075799561e+02 7.1081896973e+02 7.1084698486e+02 7.1087402344e+02 7.1092401123e+02 7.1098297119e+02 7.1103399658e+02 7.1103802490e+02 7.1107897949e+02 7.1114801025e+02 7.1118499756e+02 7.1121600342e+02 7.1128002930e+02 7.1135998535e+02 7.1142700195e+02 7.1151000977e+02 7.1161297607e+02
7.0762402344e+02 7.0773901367e+02 7.0781097412e+02 7.0798999023e+02 7.0811700439e+02 7.0821398926e+02 7.0831097412e+02 7.0842901611e+02 7.0853100586e+02 7.0868597412e+02 7.0881799316e+02 7.0898400879e+02 7.0911901855e+02 7.0915399170e+02 7.0922802734e+02 7.0937701416e+02 7.0950500488e+02 7.0961401367e+02 7.0970501709e+02 7.0982897949e+02 7.0995898438e+02 7.1008001709e+02 7.1017602539e+02 7.1024401855e+02 7.1030297852e+02 7.1037298584e+02 7.1045202637e+02 7.1050598145e+02 7.1057299805e+02 7.1065502930e+02 7.1072998047e+02 7.1069299316e+02 7.1069097900e+02 7.1075897217e+02 7.1084399414e+02 7.1086602783e+02 7.1087799072e+02 7.1094702148e+02 7.1101898193e+02 7.1102600098e+02 7.1105700684e+02 7.1111297607e+02 7.1118597412e+02 7.1128302002e+02 7.1136499023e+02 7.1146997070e+02
7.0744396973e+02 7.0756597900e+02 7.0766601563e+02 7.0780902100e+02 7.0790899658e+02 7.0801702881e+02 7.0811999512e+02 7.0822100830e+02 7.0830200195e+02 7.0842401123e+02 7.0855200195e+02 7.0866601563e+02 7.0878997803e+02 7.0890997314e+02 7.0905401611e+02 7.0918103027e+02 7.0931402588e+02 7.0944000244e+02 7.0953100586e+02 7.0965802002e+02 7.0978698730e+02 7.0990600586e+02 7.1000897217e+02 7.1009399414e+02 7.1016302490e+02 7.1023602295e+02 7.1028100586e+02 7.1034301758e+02 7.1040698242e+02 7.1047399902e+02 7.1053698730e+02 7.1052001953e+02 7.1051397705e+02 7.1059100342e+02 7.1066497803e+02 7.1068902588e+02 7.1072698975e+02 7.1079302979e+02 7.1084301758e+02 7.1088500977e+02 7.1089801025e+02 7.1093701172e+02 7.1103601074e+02 7.1111102295e+02 7.1120501709e+02 7.1133697510e+02
7.0728802490e+02 7.0741601563e+02 7.0752801514e+02 7.0764202881e+02 7.0772302246e+02 7.0783398438e+02 7.0792999268e+02 7.0802697754e+02 7.0812500000e+02 7.0823901367e+02 7.0835797119e+02 7.0846301270e+02 7.0857800293e+02 7.0870898438e+02 7.0886602783e+02 7.0900500488e+02 7.0914398193e+02 7.0928100586e+02 7.0937298584e+02 7.0948199463e+02 7.0958898926e+02 7.0969897461e+02 7.0981201172e+02 7.0990899658e+02 7.0998901367e+02 7.1006402588e+02 7.1010699463e+02 7.1017297363e+02 7.1021997070e+02 7.1027001953e+02 7.1032800293e+02 7.1031500244e+02 7.1032397461e+02 7.1040502930e+02 7.1047198486e+02 7.1052600098e+02 7.1060101318e+02 7.1066601563e+02 7.1068597412e+02 7.1075701904e+02 7.1076800537e+02 7.1079400635e+02 7.1089697266e+02 7.1096398926e+02 7.1106597900e+02 7.1121600342e+02
7.0713397217e+02 7.0726898193e+02 7.0739300537e+02 7.0749200439e+02 7.0757299805e+02 7.0766699219e+02 7.0775201416e+02 7.0785198975e+02 7.0795898438e+02 7.0807598877e+02 7.0821398926e+02 7.0832299805e+02 7.0842901611e+02 7.0855499268e+02 7.0869299316e+02 7.0884301758e+02 7.0898199463e+02 7.0911499023e+02 7.0920202637e+02 7.0928002930e+02 7.0936401367e+02 7.0947601318e+02 7.0962200928e+02 7.0976397705e+02 7.0984497070e+02 7.0990100098e+02 7.0994000244e+02 7.0998297119e+02 7.1003302002e+02 7.1011602783e+02 7.1016699219e+02 7.1013800049e+02 7.1017401123e+02 7.1027099609e+02 7.1032501221e+02 7.1035797119e+02 7.1045300293e+02 7.1053198242e+02 7.1054302979e+02 7.1060601807e+02 7.1063800049e+02 7.1068902588e+02 7.1078100586e+02 7.1084698486e+02 7.1092901611e+02 7.1105798340e+02
7.0699102783e+02 7.0710302734e+02 7.0722198486e+02 7.0732098389e+02 7.0741497803e+02 7.0751397705e+02 7.0762500000e+02 7.0772100830e+02 7.0781896973e+02 7.0791601563e+02 7.0804101563e+02 7.0813000488e+02 7.0821600342e+02 7.0834301758e+02 7.0849298096e+02 7.0861401367e+02 7.0875598145e+02 7.0890802002e+02 7.0901300049e+02 7.0908898926e+02 7.0917797852e+02 7.0929699707e+02 7.0946398926e+02 7.0964300537e+02 7.0971099854e+02 7.0973101807e+02 7.0976202393e+02 7.0981097412e+02 7.0985400391e+02 7.0992999268e+02 7.0997900391e+02 7.0998797607e+02 7.1005297852e+02 7.1015301514e+02 7.1017700195e+02 7.1020202637e+02 7.1030102539e+02 7.1036700439e+02 7.1038598633e+02 7.1045697021e+02 7.1051098633e+02 7.1056500244e+02 7.1061401367e+02 7.1067498779e+02 7.1074700928e+02 7.1084997559e+02
7.0688500977e+02 7.0695800781e+02 7.0706298828e+02 7.0714099121e+02 7.0723901367e+02 7.0735302734e+02 7.0746801758e+02 7.0757598877e+02 7.0768298340e+02 7.0778002930e+02 7.0787097168e+02 7.0794799805e+02 7.0804400635e+02 7.0816101074e+02 7.0831500244e+02 7.0843103027e+02 7.0855200195e+02 7.0869897461e+02 7.0880200195e+02 7.0890301514e+02 7.0900799561e+02 7.0910699463e+02 7.0928698730e+02 7.0945300293e+02 7.0948101807e+02 7.0948797607e+02 7.0954302979e+02 7.0963598633e+02 7.0968402100e+02 7.0974902344e+02 7.0982598877e+02 7.0987597656e+02 7.0993701172e+02 7.0998999023e+02 7.0999401855e+02 7.1004498291e+02 7.1013800049e+02 7.1019799805e+02 7.1026098633e+02 7.1034002686e+02 7.1037402344e+02 7.1041198730e+02 7.1045800781e+02 7.1051702881e+02 7.1061297607e+02 7.1073699951e+02
7.0680102539e+02 7.0681298828e+02 7.0690301514e+02 7.0698699951e+02 7.0708599854e+02 7.0717602539e+02 7.0726501465e+02 7.0736901855e+02 7.0750299072e+02 7.0762500000e+02 7.0772900391e+02 7.0779302979e+02 7.0788299561e+02 7.0800701904e+02 7.0814599609e+02 7.0828802490e+02 7.0837902832e+02 7.0848498535e+02 7.0857702637e+02 7.0869897461e+02 7.0881500244e+02 7.0888299561e+02 7.0901898193e+02 7.0915399170e+02 7.0920300293e+02 7.0926202393e+02 7.0934497070e+02 7.0944897461e+02 7.0952001953e+02 7.0960797119e+02 7.0970599365e+02 7.0975299072e+02 7.0978802490e+02 7.0982598877e+02 7.0984399414e+02 7.0990301514e+02 7.0997302246e+02 7.1003302002e+02 7.1010699463e+02 7.1018298340e+02 7.1022399902e+02 7.1026898193e+02 7.1033197021e+02 7.1038098145e+02 7.1046997070e+02 7.1061499023e+02
7.0661999512e+02 7.0662799072e+02 7.0672900391e+02 7.0683801270e+02 7.0694500732e+02 7.0701501465e+02 7.0709899902e+02 7.0719097900e+02 7.0730401611e+02 7.0743298340e+02 7.0755700684e+02 7.0761401367e+02 7.0769598389e+02 7.0780902100e+02 7.0792102051e+02 7.0806701660e+02 7.0816198730e+02 7.0827099609e+02 7.0836700439e+02 7.0849200439e+02 7.0860198975e+02 7.0867498779e+02 7.0877600098e+02 7.0888201904e+02 7.0896697998e+02 7.0907299805e+02 7.0915899658e+02 7.0926098633e+02 7.0936999512e+02 7.0950000000e+02 7.0960400391e+02 7.0961901855e+02 7.0961999512e+02 7.0964398193e+02 7.0966497803e+02 7.0973797607e+02 7.0979400635e+02 7.0985498047e+02 7.0993701172e+02 7.1001397705e+02 7.1007299805e+02 7.1013299561e+02 7.1021502686e+02 7.1026397705e+02 7.1034100342e+02 7.1047802734e+02
