TESTSERVER/21/6.asc
NCOLS 100
NROWS 100
XLLCORNER 8.5497500000e+03
YLLCORNER 2.8965025000e+05
CELLSIZE 5.0000000000e-01
NODATA_VALUE -9.9990000000e+03
[rows 60 to 79 of 100, columns 0 to 45 of 100]
6.9460797119e+02 6.9464697266e+02 6.9471801758e+02 6.9479302979e+02 6.9489501953e+02 6.9493798828e+02 6.9501098633e+02 6.9508197021e+02 6.9511999512e+02 6.9520098877e+02 6.9528497314e+02 6.9536499023e+02 6.9545898438e+02 6.9555902100e+02 6.9562500000e+02 6.9570898438e+02 6.9580499268e+02 6.9589099121e+02 6.9600897217e+02 6.9610998535e+02 6.9620697021e+02 6.9629602051e+02 6.9639801025e+02 6.9648400879e+02 6.9656298828e+02 6.9669799805e+02 6.9682598877e+02 6.9692700195e+02 6.9699902344e+02 6.9712298584e+02 6.9722302246e+02 6.9734301758e+02 6.9747497559e+02 6.9760198975e+02 6.9770501709e+02 6.9782397461e+02 6.9796398926e+02 6.9810302734e+02 6.9823999023e+02 6.9836297607e+02 6.9848297119e+02 6.9865600586e+02 6.9880499268e+02 6.9892602539e+02 6.9903497314e+02 6.9920202637e+02
6.9453497314e+02 6.9459600830e+02 6.9466302490e+02 6.9472497559e+02 6.9480902100e+02 6.9484802246e+02 6.9492102051e+02 6.9498999023e+02 6.9504498291e+02 6.9511102295e+02 6.9519097900e+02 6.9527197266e+02 6.9535601807e+02 6.9544500732e+02 6.9551702881e+02 6.9559899902e+02 6.9566497803e+02 6.9575500488e+02 6.9585998535e+02 6.9595098877e+02 6.9605603027e+02 6.9613800049e+02 6.9625299072e+02 6.9635498047e+02 6.9645898438e+02 6.9657000732e+02 6.9666699219e+02 6.9675000000e+02 6.9683398438e+02 6.9696997070e+02 6.9707702637e+02 6.9718402100e+02 6.9730499268e+02 6.9743798828e+02 6.9753302002e+02 6.9763598633e+02 6.9778997803e+02 6.9792297363e+02 6.9805297852e+02 6.9818597412e+02 6.9830603027e+02 6.9845501709e+02 6.9864801025e+02 6.9876098633e+02 6.9884802246e+02 6.9901000977e+02
6.9446600342e+02 6.9454302979e+02 6.9460302734e+02 6.9466198730e+02 6.9473498535e+02 6.9477697754e+02 6.9483599854e+02 6.9490802002e+02 6.9497698975e+02 6.9504602051e+02 6.9511798096e+02 6.9518798828e+02 6.9526397705e+02 6.9534600830e+02 6.9541998291e+02 6.9550201416e+02 6.9556298828e+02 6.9565100098e+02 6.9574298096e+02 6.9581896973e+02 6.9591400146e+02 6.9601202393e+02 6.9612097168e+02 6.9622198486e+02 6.9633197021e+02 6.9644299316e+02 6.9653302002e+02 6.9661297607e+02 6.9670599365e+02 6.9683398438e+02 6.9693701172e+02 6.9703198242e+02 6.9714801025e+02 6.9725897217e+02 6.9738299561e+02 6.9750299072e+02 6.9762402344e+02 6.9773699951e+02 6.9787500000e+02 6.9802197266e+02 6.9815600586e+02 6.9828802490e+02 6.9845898438e+02 6.9857000732e+02 6.9868798828e+02 6.9883398438e+02
6.9439697266e+02 6.9446997070e+02 6.9453198242e+02 6.9459899902e+02 6.9465802002e+02 6.9471002197e+02 6.9477197266e+02 6.9484899902e+02 6.9491302490e+02 6.9497601318e+02 6.9503900146e+02 6.9511102295e+02 6.9518798828e+02 6.9525897217e+02 6.9533099365e+02 6.9539898682e+02 6.9546502686e+02 6.9554199219e+02 6.9563098145e+02 6.9570599365e+02 6.9578100586e+02 6.9588397217e+02 6.9599401855e+02 6.9609399414e+02 6.9618798828e+02 6.9629602051e+02 6.9638201904e+02 6.9646301270e+02 6.9658001709e+02 6.9669500732e+02 6.9679797363e+02 6.9690002441e+02 6.9700500488e+02 6.9709399414e+02 6.9722302246e+02 6.9736401367e+02 6.9746600342e+02 6.9757598877e+02 6.9772497559e+02 6.9786999512e+02 6.9801098633e+02 6.9814697266e+02 6.9828302002e+02 6.9837902832e+02 6.9852197266e+02 6.9868499756e+02
6.9432598877e+02 6.9440502930e+02 6.9447302246e+02 6.9453601074e+02 6.9458502197e+02 6.9464801025e+02 6.9470697021e+02 6.9476898193e+02 6.9483502197e+02 6.9489801025e+02 6.9495397949e+02 6.9503002930e+02 6.9511602783e+02 6.9517297363e+02 6.9524597168e+02 6.9530499268e+02 6.9538000488e+02 6.9544702148e+02 6.9552899170e+02 6.9559899902e+02 6.9564202881e+02 6.9575201416e+02 6.9586901855e+02 6.9597198486e+02 6.9606597900e+02 6.9617199707e+02 6.9625201416e+02 6.9633502197e+02 6.9645397949e+02 6.9654901123e+02 6.9666101074e+02 6.9678002930e+02 6.9686401367e+02 6.9696301270e+02 6.9707299805e+02 6.9719598389e+02 6.9730798340e+02 6.9741497803e+02 6.9754901123e+02 6.9769500732e+02 6.9786199951e+02 6.9800799561e+02 6.9812200928e+02 6.9820599365e+02 6.9833599854e+02 6.9849597168e+02
6.9425500488e+02 6.9433898926e+02 6.9441198730e+02 6.9447601318e+02 6.9452801514e+02 6.9458898926e+02 6.9465100098e+02 6.9470098877e+02 6.9476800537e+02 6.9483197021e+02 6.9489202881e+02 6.9495300293e+02 6.9502801514e+02 6.9509899902e+02 6.9516101074e+02 6.9521801758e+02 6.9529199219e+02 6.9535498047e+02 6.9543402100e+02 6.9550201416e+02 6.9556201172e+02 6.9565698242e+02 6.9576898193e+02 6.9584997559e+02 6.9594000244e+02 6.9604797363e+02 6.9614001465e+02 6.9623199463e+02 6.9633599854e+02 6.9642401123e+02 6.9652600098e+02 6.9663299561e+02 6.9672698975e+02 6.9682800293e+02 6.9695098877e+02 6.9706298828e+02 6.9715399170e+02 6.9726898193e+02 6.9740600586e+02 6.9754998779e+02 6.9768902588e+02 6.9781799316e+02 6.9792797852e+02 6.9803100586e+02 6.9815899658e+02 6.9830700684e+02
6.9418402100e+02 6.9427697754e+02 6.9435101318e+02 6.9441198730e+02 6.9446600342e+02 6.9452301025e+02 6.9459399414e+02 6.9465802002e+02 6.9472302246e+02 6.9476800537e+02 6.9482501221e+02 6.9486999512e+02 6.9492999268e+02 6.9502099609e+02 6.9508502197e+02 6.9515399170e+02 6.9521099854e+02 6.9527301025e+02 6.9534497070e+02 6.9540600586e+02 6.9548999023e+02 6.9557000732e+02 6.9566101074e+02 6.9573400879e+02 6.9582299805e+02 6.9590698242e+02 6.9600402832e+02 6.9610797119e+02 6.9620300293e+02 6.9629699707e+02 6.9638598633e+02 6.9649499512e+02 6.9661102295e+02 6.9671099854e+02 6.9682598877e+02 6.9693597412e+02 6.9702502441e+02 6.9713397217e+02 6.9723901367e+02 6.9738098145e+02 6.9751397705e+02 6.9762902832e+02 6.9774798584e+02 6.9785699463e+02 6.9798101807e+02 6.9811999512e+02
6.9412097168e+02 6.9420501709e+02 6.9426800537e+02 6.9433197021e+02 6.9439898682e+02 6.9445098877e+02 6.9451501465e+02 6.9458398438e+02 6.9465100098e+02 6.9469396973e+02 6.9476202393e+02 6.9481201172e+02 6.9486401367e+02 6.9493597412e+02 6.9498999023e+02 6.9507702637e+02 6.9513299561e+02 6.9520501709e+02 6.9526898193e+02 6.9531799316e+02 6.9538897705e+02 6.9546600342e+02 6.9554797363e+02 6.9562597656e+02 6.9572100830e+02 6.9579797363e+02 6.9588702393e+02 6.9598699951e+02 6.9607397461e+02 6.9616802979e+02 6.9624798584e+02 6.9634698486e+02 6.9646099854e+02 6.9658300781e+02 6.9669799805e+02 6.9681701660e+02 6.9691601563e+02 6.9700299072e+02 6.9708502197e+02 6.9723498535e+02 6.9735699463e+02 6.9745300293e+02 6.9758300781e+02 6.9769897461e+02 6.9782702637e+02 6.9797497559e+02
6.9405603027e+02 6.9412402344e+02 6.9419201660e+02 6.9425897217e+02 6.9432702637e+02 6.9438397217e+02 6.9443902588e+02 6.9450097656e+02 6.9456201172e+02 6.9460998535e+02 6.9468103027e+02 6.9473400879e+02 6.9480499268e+02 6.9485998535e+02 6.9491998291e+02 6.9500000000e+02 6.9505499268e+02 6.9512097168e+02 6.9519500732e+02 6.9524902344e+02 6.9530700684e+02 6.9536999512e+02 6.9543402100e+02 6.9551501465e+02 6.9561999512e+02 6.9570300293e+02 6.9577801514e+02 6.9586700439e+02 6.9596997070e+02 6.9607397461e+02 6.9616497803e+02 6.9625097656e+02 6.9634197998e+02 6.9644702148e+02 6.9656298828e+02 6.9667797852e+02 6.9677697754e+02 6.9688397217e+02 6.9698199463e+02 6.9710998535e+02 6.9721301270e+02 6.9731597900e+02 6.9744201660e+02 6.9754901123e+02 6.9768499756e+02 6.9782800293e+02
6.9399102783e+02 6.9407202148e+02 6.9413000488e+02 6.9418701172e+02 6.9426098633e+02 6.9432098389e+02 6.9436901855e+02 6.9442297363e+02 6.9449700928e+02 6.9453497314e+02 6.9459997559e+02 6.9465100098e+02 6.9471502686e+02 6.9477600098e+02 6.9485302734e+02 6.9492999268e+02 6.9499298096e+02 6.9505999756e+02 6.9511602783e+02 6.9515899658e+02 6.9521997070e+02 6.9528100586e+02 6.9535400391e+02 6.9543798828e+02 6.9552600098e+02 6.9558801270e+02 6.9565698242e+02 6.9575402832e+02 6.9584899902e+02 6.9595697021e+02 6.9606701660e+02 6.9616802979e+02 6.9626397705e+02 6.9633300781e+02 6.9643902588e+02 6.9655297852e+02 6.9665301514e+02 6.9676599121e+02 6.9687298584e+02 6.9697497559e+02 6.9708197021e+02 6.9718402100e+02 6.9729797363e+02 6.9740899658e+02 6.9753802490e+02 6.9766101074e+02
6.9390899658e+02 6.9398901367e+02 6.9404901123e+02 6.9412902832e+02 6.9419897461e+02 6.9424401855e+02 6.9429302979e+02 6.9434899902e+02 6.9441497803e+02 6.9446002197e+02 6.9452697754e+02 6.9458697510e+02 6.9464501953e+02 6.9471197510e+02 6.9479101563e+02 6.9486297607e+02 6.9491802979e+02 6.9497802734e+02 6.9503698730e+02 6.9508197021e+02 6.9514202881e+02 6.9520599365e+02 6.9528302002e+02 6.9534600830e+02 6.9541302490e+02 6.9549102783e+02 6.9557501221e+02 6.9567999268e+02 6.9576599121e+02 6.9587402344e+02 6.9598602295e+02 6.9607800293e+02 6.9617498779e+02 6.9624401855e+02 6.9634698486e+02 6.9645098877e+02 6.9653900146e+02 6.9663598633e+02 6.9674102783e+02 6.9685101318e+02 6.9696502686e+02 6.9705700684e+02 6.9715802002e+02 6.9726599121e+02 6.9738299561e+02 6.9751501465e+02
6.9383599854e+02 6.9391302490e+02 6.9396997070e+02 6.9405603027e+02 6.9412500000e+02 6.9417498779e+02 6.9423297119e+02 6.9429498291e+02 6.9434600830e+02 6.9439898682e+02 6.9446398926e+02 6.9452001953e+02 6.9457800293e+02 6.9465100098e+02 6.9473101807e+02 6.9479901123e+02 6.9484497070e+02 6.9489501953e+02 6.9495697021e+02 6.9500701904e+02 6.9505297852e+02 6.9511102295e+02 6.9519201660e+02 6.9524798584e+02 6.9531201172e+02 6.9541101074e+02 6.9549902344e+02 6.9560498047e+02 6.9571002197e+02 6.9581097412e+02 6.9590899658e+02 6.9600097656e+02 6.9609197998e+02 6.9617700195e+02 6.9628100586e+02 6.9637097168e+02 6.9645001221e+02 6.9653100586e+02 6.9661798096e+02 6.9672497559e+02 6.9685699463e+02 6.9695001221e+02 6.9704199219e+02 6.9714099121e+02 6.9725201416e+02 6.9738201904e+02
6.9376898193e+02 6.9384899902e+02 6.9390100098e+02 6.9397698975e+02 6.9404797363e+02 6.9411499023e+02 6.9415997314e+02 6.9421099854e+02 6.9426501465e+02 6.9432598877e+02 6.9439501953e+02 6.9444299316e+02 6.9450897217e+02 6.9457897949e+02 6.9464697266e+02 6.9472302246e+02 6.9478100586e+02 6.9481896973e+02 6.9486798096e+02 6.9492102051e+02 6.9496899414e+02 6.9502801514e+02 6.9510101318e+02 6.9515802002e+02 6.9522302246e+02 6.9532202148e+02 6.9541101074e+02 6.9551898193e+02 6.9562902832e+02 6.9570300293e+02 6.9580401611e+02 6.9591998291e+02 6.9601702881e+02 6.9609802246e+02 6.9617797852e+02 6.9626800537e+02 6.9633898926e+02 6.9643103027e+02 6.9652099609e+02 6.9661798096e+02 6.9673199463e+02 6.9682299805e+02 6.9693402100e+02 6.9704302979e+02 6.9715197754e+02 6.9726000977e+02
6.9369500732e+02 6.9377600098e+02 6.9384100342e+02 6.9390698242e+02 6.9397698975e+02 6.9403601074e+02 6.9409399414e+02 6.9414398193e+02 6.9419897461e+02 6.9426000977e+02 6.9432598877e+02 6.9437799072e+02 6.9446099854e+02 6.9451202393e+02 6.9456701660e+02 6.9464001465e+02 6.9468798828e+02 6.9474401855e+02 6.9478997803e+02 6.9484997559e+02 6.9489202881e+02 6.9496398926e+02 6.9502099609e+02 6.9507299805e+02 6.9514599609e+02 6.9522302246e+02 6.9532702637e+02 6.9543701172e+02 6.9554199219e+02 6.9561102295e+02 6.9571600342e+02 6.9583001709e+02 6.9592498779e+02 6.9601702881e+02 6.9609301758e+02 6.9619299316e+02 6.9624597168e+02 6.9632598877e+02 6.9640802002e+02 6.9650897217e+02 6.9660900879e+02 6.9669396973e+02 6.9680603027e+02 6.9689898682e+02 6.9700701904e+02 6.9711499023e+02
6.9363201904e+02 6.9371197510e+02 6.9378302002e+02 6.9384497070e+02 6.9390399170e+02 6.9396899414e+02 6.9403601074e+02 6.9408599854e+02 6.9415100098e+02 6.9420800781e+02 6.9426397705e+02 6.9431298828e+02 6.9438800049e+02 6.9445098877e+02 6.9451397705e+02 6.9456402588e+02 6.9460302734e+02 6.9465899658e+02 6.9470001221e+02 6.9476501465e+02 6.9482702637e+02 6.9490502930e+02 6.9495300293e+02 6.9500000000e+02 6.9506701660e+02 6.9514001465e+02 6.9523101807e+02 6.9533099365e+02 6.9544299316e+02 6.9552099609e+02 6.9563098145e+02 6.9575402832e+02 6.9584197998e+02 6.9593402100e+02 6.9601898193e+02 6.9611499023e+02 6.9617498779e+02 6.9623199463e+02 6.9632299805e+02 6.9642999268e+02 6.9651000977e+02 6.9660498047e+02 6.9670501709e+02 6.9679199219e+02 6.9689300537e+02 6.9698498535e+02
6.9357897949e+02 6.9364801025e+02 6.9371502686e+02 6.9378002930e+02 6.9383398438e+02 6.9390899658e+02 6.9398101807e+02 6.9403698730e+02 6.9409497070e+02 6.9414099121e+02 6.9420202637e+02 6.9426000977e+02 6.9431701660e+02 6.9438500977e+02 6.9445397949e+02 6.9450000000e+02 6.9454901123e+02 6.9460198975e+02 6.9464001465e+02 6.9469500732e+02 6.9475000000e+02 6.9479901123e+02 6.9486102295e+02 6.9491699219e+02 6.9499102783e+02 6.9508801270e+02 6.9516302490e+02 6.9523901367e+02 6.9534399414e+02 6.9545397949e+02 6.9556201172e+02 6.9567199707e+02 6.9576898193e+02 6.9585498047e+02 6.9594299316e+02 6.9603900146e+02 6.9610998535e+02 6.9615100098e+02 6.9624597168e+02 6.9634497070e+02 6.9641302490e+02 6.9651300049e+02 6.9660302734e+02 6.9668701172e+02 6.9678100586e+02 6.9687597656e+02
6.9353497314e+02 6.9359997559e+02 6.9365399170e+02 6.9372399902e+02 6.9378399658e+02 6.9385101318e+02 6.9391198730e+02 6.9396801758e+02 6.9401000977e+02 6.9406701660e+02 6.9414001465e+02 6.9421502686e+02 6.9426501465e+02 6.9430499268e+02 6.9436999512e+02 6.9442700195e+02 6.9446502686e+02 6.9451898193e+02 6.9458001709e+02 6.9463897705e+02 6.9469598389e+02 6.9473400879e+02 6.9478601074e+02 6.9483398438e+02 6.9491998291e+02 6.9502001953e+02 6.9508001709e+02 6.9514697266e+02 6.9523101807e+02 6.9536602783e+02 6.9546997070e+02 6.9556701660e+02 6.9565802002e+02 6.9574902344e+02 6.9585101318e+02 6.9595202637e+02 6.9602398682e+02 6.9607702637e+02 6.9616198730e+02 6.9625000000e+02 6.9632501221e+02 6.9641900635e+02 6.9650299072e+02 6.9657897949e+02 6.9668103027e+02 6.9675402832e+02
6.9346899414e+02 6.9354797363e+02 6.9360498047e+02 6.9365899658e+02 6.9371697998e+02 6.9378302002e+02 6.9384899902e+02 6.9390600586e+02 6.9394897461e+02 6.9401000977e+02 6.9407000732e+02 6.9413800049e+02 6.9420697021e+02 6.9424798584e+02 6.9430499268e+02 6.9436999512e+02 6.9441699219e+02 6.9446398926e+02 6.9452502441e+02 6.9459197998e+02 6.9462097168e+02 6.9465100098e+02 6.9472399902e+02 6.9479101563e+02 6.9486102295e+02 6.9493103027e+02 6.9497802734e+02 6.9504998779e+02 6.9513702393e+02 6.9522998047e+02 6.9534100342e+02 6.9544201660e+02 6.9553399658e+02 6.9563000488e+02 6.9572100830e+02 6.9583099365e+02 6.9592901611e+02 6.9599499512e+02 6.9607098389e+02 6.9615301514e+02 6.9623400879e+02 6.9632397461e+02 6.9641198730e+02 6.9648101807e+02 6.9657598877e+02 6.9667297363e+02
6.9342700195e+02 6.9350097656e+02 6.9355401611e+02 6.9361102295e+02 6.9367999268e+02 6.9372698975e+02 6.9378302002e+02 6.9384197998e+02 6.9389099121e+02 6.9395300293e+02 6.9401098633e+02 6.9406896973e+02 6.9413702393e+02 6.9417700195e+02 6.9423999023e+02 6.9431298828e+02 6.9436700439e+02 6.9441497803e+02 6.9446197510e+02 6.9451397705e+02 6.9455102539e+02 6.9459100342e+02 6.9466101074e+02 6.9472399902e+02 6.9477301025e+02 6.9484698486e+02 6.9490301514e+02 6.9496600342e+02 6.9504901123e+02 6.9512597656e+02 6.9522100830e+02 6.9530499268e+02 6.9540197754e+02 6.9550000000e+02 6.9558099365e+02 6.9569396973e+02 6.9579699707e+02 6.9587500000e+02 6.9596502686e+02 6.9605102539e+02 6.9612200928e+02 6.9620697021e+02 6.9631402588e+02 6.9639801025e+02 6.9648999023e+02 6.9658001709e+02
6.9336401367e+02 6.9343902588e+02 6.9349700928e+02 6.9355798340e+02 6.9363098145e+02 6.9367199707e+02 6.9371600342e+02 6.9377398682e+02 6.9383502197e+02 6.9390301514e+02 6.9397198486e+02 6.9402001953e+02 6.9407800293e+02 6.9413397217e+02 6.9418499756e+02 6.9424200439e+02 6.9430798340e+02 6.9436102295e+02 6.9440899658e+02 6.9444702148e+02 6.9449298096e+02 6.9455297852e+02 6.9460998535e+02 6.9465698242e+02 6.9469396973e+02 6.9477099609e+02 6.9482702637e+02 6.9488702393e+02 6.9496197510e+02 6.9503601074e+02 6.9511401367e+02 6.9517700195e+02 6.9527502441e+02 6.9538201904e+02 6.9547198486e+02 6.9557397461e+02 6.9565899658e+02 6.9575897217e+02 6.9585797119e+02 6.9594897461e+02 6.9602899170e+02 6.9610699463e+02 6.9621099854e+02 6.9629199219e+02 6.9638397217e+02 6.9647399902e+02
