TESTSERVER/21/7.asc
NCOLS 100
NROWS 100
XLLCORNER 8.5497500000e+03
YLLCORNER 2.8960025000e+05
CELLSIZE 5.0000000000e-01
NODATA_VALUE -9.9990000000e+03
[rows 40 to 59 of 100, columns 46 to 91 of 100]
6.9168701172e+02 6.9171502686e+02 6.9173199463e+02 6.9173400879e+02 6.9175097656e+02 6.9178198242e+02 6.9178900146e+02 6.9179199219e+02 6.9179797363e+02 6.9178997803e+02 6.9180200195e+02 6.9181201172e+02 6.9180999756e+02 6.9179699707e+02 6.9178002930e+02 6.9178399658e+02 6.9179998779e+02 6.9180700684e+02 6.9180798340e+02 6.9180798340e+02 6.9180902100e+02 6.9179901123e+02 6.9178997803e+02 6.9178100586e+02 6.9178302002e+02 6.9178100586e+02 6.9177301025e+02 6.9177899170e+02 6.9178802490e+02 6.9177899170e+02 6.9179101563e+02 6.9181701660e+02 6.9183398438e+02 6.9183300781e+02 6.9183197021e+02 6.9185998535e+02 6.9188201904e+02 6.9189099121e+02 6.9190197754e+02 6.9194598389e+02 6.9195300293e+02 6.9195202637e+02 6.9199401855e+02 6.9200299072e+02 6.9203198242e+02 6.9206500244e+02
6.9160900879e+02 6.9162500000e+02 6.9163800049e+02 6.9165502930e+02 6.9169097900e+02 6.9172302246e+02 6.9172100830e+02 6.9172698975e+02 6.9172198486e+02 6.9171801758e+02 6.9172802734e+02 6.9173797607e+02 6.9174499512e+02 6.9173999023e+02 6.9172998047e+02 6.9172998047e+02 6.9173797607e+02 6.9172802734e+02 6.9172998047e+02 6.9173199463e+02 6.9173999023e+02 6.9174298096e+02 6.9171502686e+02 6.9171697998e+02 6.9171600342e+02 6.9170098877e+02 6.9169000244e+02 6.9169799805e+02 6.9171002197e+02 6.9170098877e+02 6.9171197510e+02 6.9172601318e+02 6.9174401855e+02 6.9174902344e+02 6.9175097656e+02 6.9178002930e+02 6.9180102539e+02 6.9180297852e+02 6.9181799316e+02 6.9184600830e+02 6.9186297607e+02 6.9186999512e+02 6.9189801025e+02 6.9189300537e+02 6.9191998291e+02 6.9196197510e+02
6.9150799561e+02 6.9153100586e+02 6.9155798340e+02 6.9158502197e+02 6.9162200928e+02 6.9164898682e+02 6.9165100098e+02 6.9165399170e+02 6.9165100098e+02 6.9166101074e+02 6.9167297363e+02 6.9166998291e+02 6.9167102051e+02 6.9167297363e+02 6.9167199707e+02 6.9165997314e+02 6.9165698242e+02 6.9164099121e+02 6.9165197754e+02 6.9166400146e+02 6.9166998291e+02 6.9167999268e+02 6.9165002441e+02 6.9164801025e+02 6.9163702393e+02 6.9162298584e+02 6.9161700439e+02 6.9161901855e+02 6.9162799072e+02 6.9161798096e+02 6.9162799072e+02 6.9163500977e+02 6.9164801025e+02 6.9166101074e+02 6.9167401123e+02 6.9168902588e+02 6.9171002197e+02 6.9172198486e+02 6.9174700928e+02 6.9176599121e+02 6.9177801514e+02 6.9178399658e+02 6.9180700684e+02 6.9181597900e+02 6.9184802246e+02 6.9188201904e+02
6.9139202881e+02 6.9142602539e+02 6.9145599365e+02 6.9151397705e+02 6.9155200195e+02 6.9157800293e+02 6.9158697510e+02 6.9158001709e+02 6.9157800293e+02 6.9159600830e+02 6.9160900879e+02 6.9160797119e+02 6.9159997559e+02 6.9159698486e+02 6.9160699463e+02 6.9159899902e+02 6.9158502197e+02 6.9157098389e+02 6.9158898926e+02 6.9160101318e+02 6.9158599854e+02 6.9158197021e+02 6.9157702637e+02 6.9158197021e+02 6.9156500244e+02 6.9155102539e+02 6.9155499268e+02 6.9154498291e+02 6.9154602051e+02 6.9153802490e+02 6.9154797363e+02 6.9154797363e+02 6.9154797363e+02 6.9156500244e+02 6.9158697510e+02 6.9159399414e+02 6.9160797119e+02 6.9161901855e+02 6.9164898682e+02 6.9166302490e+02 6.9167401123e+02 6.9169000244e+02 6.9171502686e+02 6.9172198486e+02 6.9175402832e+02 6.9178198242e+02
6.9127001953e+02 6.9130200195e+02 6.9133398438e+02 6.9141699219e+02 6.9145697021e+02 6.9148400879e+02 6.9150500488e+02 6.9149298096e+02 6.9150598145e+02 6.9152301025e+02 6.9153198242e+02 6.9153601074e+02 6.9153997803e+02 6.9152899170e+02 6.9154400635e+02 6.9154797363e+02 6.9153302002e+02 6.9151800537e+02 6.9151599121e+02 6.9151800537e+02 6.9150299072e+02 6.9148400879e+02 6.9148602295e+02 6.9149597168e+02 6.9148199463e+02 6.9148101807e+02 6.9148901367e+02 6.9146697998e+02 6.9147998047e+02 6.9148297119e+02 6.9147399902e+02 6.9146197510e+02 6.9146099854e+02 6.9147601318e+02 6.9150097656e+02 6.9150799561e+02 6.9152197266e+02 6.9152801514e+02 6.9155999756e+02 6.9156597900e+02 6.9158697510e+02 6.9160998535e+02 6.9162298584e+02 6.9161602783e+02 6.9163702393e+02 6.9167498779e+02
6.9115100098e+02 6.9118499756e+02 6.9123400879e+02 6.9129901123e+02 6.9132299805e+02 6.9136102295e+02 6.9139202881e+02 6.9141198730e+02 6.9144201660e+02 6.9144702148e+02 6.9143200684e+02 6.9144702148e+02 6.9146502686e+02 6.9146002197e+02 6.9146099854e+02 6.9147601318e+02 6.9147399902e+02 6.9145202637e+02 6.9143298340e+02 6.9143798828e+02 6.9142498779e+02 6.9141198730e+02 6.9140899658e+02 6.9141699219e+02 6.9140399170e+02 6.9140100098e+02 6.9140399170e+02 6.9138500977e+02 6.9139697266e+02 6.9140899658e+02 6.9140399170e+02 6.9139599609e+02 6.9138702393e+02 6.9138299561e+02 6.9140002441e+02 6.9140002441e+02 6.9142297363e+02 6.9145202637e+02 6.9147900391e+02 6.9146697998e+02 6.9148602295e+02 6.9150500488e+02 6.9151800537e+02 6.9153302002e+02 6.9154901123e+02 6.9158001709e+02
6.9102600098e+02 6.9106298828e+02 6.9112500000e+02 6.9117901611e+02 6.9121099854e+02 6.9125000000e+02 6.9127099609e+02 6.9130200195e+02 6.9133197021e+02 6.9134600830e+02 6.9134002686e+02 6.9136602783e+02 6.9137701416e+02 6.9138000488e+02 6.9138598633e+02 6.9139501953e+02 6.9138702393e+02 6.9137097168e+02 6.9137200928e+02 6.9137701416e+02 6.9135400391e+02 6.9134399414e+02 6.9134899902e+02 6.9133801270e+02 6.9132000732e+02 6.9132000732e+02 6.9132501221e+02 6.9131298828e+02 6.9131500244e+02 6.9132800293e+02 6.9131799316e+02 6.9131799316e+02 6.9131500244e+02 6.9130902100e+02 6.9132000732e+02 6.9131298828e+02 6.9132702637e+02 6.9135101318e+02 6.9136999512e+02 6.9138702393e+02 6.9140197754e+02 6.9140802002e+02 6.9141497803e+02 6.9144299316e+02 6.9146398926e+02 6.9148199463e+02
6.9089599609e+02 6.9095001221e+02 6.9101501465e+02 6.9106298828e+02 6.9109997559e+02 6.9113000488e+02 6.9115002441e+02 6.9119000244e+02 6.9121801758e+02 6.9123602295e+02 6.9124700928e+02 6.9127398682e+02 6.9128698730e+02 6.9129998779e+02 6.9130700684e+02 6.9130603027e+02 6.9130603027e+02 6.9130297852e+02 6.9130798340e+02 6.9130603027e+02 6.9128002930e+02 6.9126898193e+02 6.9127502441e+02 6.9126202393e+02 6.9125000000e+02 6.9124597168e+02 6.9124200439e+02 6.9122900391e+02 6.9122399902e+02 6.9123699951e+02 6.9124401855e+02 6.9124200439e+02 6.9123699951e+02 6.9123101807e+02 6.9123901367e+02 6.9124200439e+02 6.9125000000e+02 6.9125799561e+02 6.9127099609e+02 6.9130798340e+02 6.9132000732e+02 6.9132800293e+02 6.9134301758e+02 6.9135302734e+02 6.9136499023e+02 6.9136999512e+02
6.9075897217e+02 6.9083001709e+02 6.9088598633e+02 6.9093902588e+02 6.9097100830e+02 6.9100097656e+02 6.9104797363e+02 6.9108197021e+02 6.9111102295e+02 6.9112402344e+02 6.9114898682e+02 6.9115698242e+02 6.9118499756e+02 6.9121301270e+02 6.9121502686e+02 6.9122497559e+02 6.9123999023e+02 6.9123297119e+02 6.9122601318e+02 6.9121398926e+02 6.9119598389e+02 6.9119500732e+02 6.9119299316e+02 6.9118103027e+02 6.9118200684e+02 6.9117297363e+02 6.9115100098e+02 6.9114898682e+02 6.9115301514e+02 6.9115802002e+02 6.9117102051e+02 6.9114398193e+02 6.9113598633e+02 6.9115502930e+02 6.9117700195e+02 6.9117797852e+02 6.9117901611e+02 6.9117401123e+02 6.9118902588e+02 6.9121502686e+02 6.9122802734e+02 6.9124700928e+02 6.9125000000e+02 6.9124700928e+02 6.9126501465e+02 6.9128002930e+02
6.9062402344e+02 6.9069598389e+02 6.9074499512e+02 6.9080499268e+02 6.9083599854e+02 6.9086499023e+02 6.9090002441e+02 6.9094702148e+02 6.9096697998e+02 6.9097900391e+02 6.9100897217e+02 6.9102697754e+02 6.9106597900e+02 6.9109899902e+02 6.9111102295e+02 6.9113897705e+02 6.9115802002e+02 6.9115100098e+02 6.9115698242e+02 6.9113201904e+02 6.9111999512e+02 6.9111999512e+02 6.9110900879e+02 6.9110302734e+02 6.9110198975e+02 6.9109997559e+02 6.9110400391e+02 6.9110302734e+02 6.9108898926e+02 6.9106402588e+02 6.9106799316e+02 6.9106896973e+02 6.9107000732e+02 6.9107098389e+02 6.9108398438e+02 6.9108898926e+02 6.9108801270e+02 6.9109002686e+02 6.9111499023e+02 6.9112597656e+02 6.9114099121e+02 6.9115698242e+02 6.9114697266e+02 6.9116601563e+02 6.9117498779e+02 6.9117297363e+02
6.9047497559e+02 6.9055102539e+02 6.9060101318e+02 6.9065197754e+02 6.9068701172e+02 6.9073498535e+02 6.9076397705e+02 6.9079302979e+02 6.9081896973e+02 6.9084997559e+02 6.9088000488e+02 6.9090802002e+02 6.9094299316e+02 6.9097698975e+02 6.9100897217e+02 6.9104199219e+02 6.9106701660e+02 6.9106799316e+02 6.9108197021e+02 6.9106298828e+02 6.9105798340e+02 6.9103802490e+02 6.9101098633e+02 6.9101300049e+02 6.9102197266e+02 6.9101599121e+02 6.9101898193e+02 6.9101898193e+02 6.9099499512e+02 6.9097198486e+02 6.9098400879e+02 6.9097698975e+02 6.9098297119e+02 6.9098901367e+02 6.9100299072e+02 6.9100000000e+02 6.9100299072e+02 6.9101800537e+02 6.9104199219e+02 6.9104302979e+02 6.9105700684e+02 6.9105999756e+02 6.9104699707e+02 6.9107598877e+02 6.9108001709e+02 6.9107000732e+02
6.9032897949e+02 6.9040698242e+02 6.9046502686e+02 6.9049700928e+02 6.9052600098e+02 6.9058197021e+02 6.9061999512e+02 6.9064202881e+02 6.9067700195e+02 6.9071002197e+02 6.9074597168e+02 6.9078497314e+02 6.9081799316e+02 6.9085198975e+02 6.9088598633e+02 6.9091802979e+02 6.9094897461e+02 6.9095697021e+02 6.9096899414e+02 6.9097601318e+02 6.9097802734e+02 6.9095300293e+02 6.9092797852e+02 6.9092297363e+02 6.9093597412e+02 6.9092199707e+02 6.9092797852e+02 6.9092602539e+02 6.9089001465e+02 6.9088299561e+02 6.9090698242e+02 6.9089599609e+02 6.9089801025e+02 6.9090399170e+02 6.9092297363e+02 6.9090899658e+02 6.9090698242e+02 6.9093200684e+02 6.9095001221e+02 6.9094598389e+02 6.9096002197e+02 6.9095599365e+02 6.9096398926e+02 6.9097802734e+02 6.9097399902e+02 6.9095697021e+02
6.9018798828e+02 6.9024700928e+02 6.9030102539e+02 6.9033197021e+02 6.9036999512e+02 6.9042602539e+02 6.9046899414e+02 6.9049902344e+02 6.9052899170e+02 6.9055401611e+02 6.9058300781e+02 6.9062298584e+02 6.9065899658e+02 6.9070001221e+02 6.9073297119e+02 6.9076800537e+02 6.9080798340e+02 6.9082202148e+02 6.9083801270e+02 6.9086297607e+02 6.9085900879e+02 6.9085498047e+02 6.9084698486e+02 6.9084997559e+02 6.9084899902e+02 6.9083599854e+02 6.9083197021e+02 6.9083099365e+02 6.9080700684e+02 6.9080401611e+02 6.9080297852e+02 6.9081402588e+02 6.9081201172e+02 6.9081097412e+02 6.9080999756e+02 6.9081201172e+02 6.9080999756e+02 6.9083502197e+02 6.9085601807e+02 6.9086199951e+02 6.9086401367e+02 6.9085400391e+02 6.9087902832e+02 6.9087500000e+02 6.9086499023e+02 6.9083599854e+02
6.9003497314e+02 6.9009399414e+02 6.9012597656e+02 6.9017297363e+02 6.9023901367e+02 6.9029400635e+02 6.9032202148e+02 6.9034600830e+02 6.9038598633e+02 6.9041601563e+02 6.9044201660e+02 6.9047900391e+02 6.9050598145e+02 6.9052801514e+02 6.9055603027e+02 6.9059899902e+02 6.9063299561e+02 6.9065600586e+02 6.9069897461e+02 6.9072497559e+02 6.9071997070e+02 6.9074298096e+02 6.9074902344e+02 6.9075000000e+02 6.9075500488e+02 6.9074700928e+02 6.9073901367e+02 6.9072998047e+02 6.9071197510e+02 6.9071301270e+02 6.9071600342e+02 6.9073699951e+02 6.9073297119e+02 6.9072900391e+02 6.9074401855e+02 6.9073999023e+02 6.9073901367e+02 6.9075598145e+02 6.9076501465e+02 6.9075701904e+02 6.9076397705e+02 6.9076501465e+02 6.9078698730e+02 6.9078002930e+02 6.9075897217e+02 6.9071600342e+02
6.8986499023e+02 6.8993798828e+02 6.8997399902e+02 6.9003601074e+02 6.9009698486e+02 6.9014001465e+02 6.9016699219e+02 6.9020300293e+02 6.9023699951e+02 6.9026599121e+02 6.9029797363e+02 6.9033599854e+02 6.9035998535e+02 6.9038000488e+02 6.9040997314e+02 6.9044201660e+02 6.9046197510e+02 6.9049902344e+02 6.9056201172e+02 6.9057000732e+02 6.9058502197e+02 6.9061499023e+02 6.9062298584e+02 6.9062902832e+02 6.9064001465e+02 6.9063800049e+02 6.9062597656e+02 6.9061901855e+02 6.9061700439e+02 6.9062701416e+02 6.9063702393e+02 6.9065197754e+02 6.9065100098e+02 6.9064599609e+02 6.9065899658e+02 6.9064398193e+02 6.9065100098e+02 6.9066302490e+02 6.9066998291e+02 6.9066497803e+02 6.9067797852e+02 6.9067700195e+02 6.9068902588e+02 6.9066998291e+02 6.9063201904e+02 6.9058197021e+02
6.8969299316e+02 6.8978198242e+02 6.8983398438e+02 6.8989697266e+02 6.8994799805e+02 6.8998199463e+02 6.9002197266e+02 6.9006402588e+02 6.9009100342e+02 6.9011499023e+02 6.9014697266e+02 6.9018597412e+02 6.9020501709e+02 6.9022998047e+02 6.9026202393e+02 6.9028302002e+02 6.9030798340e+02 6.9035198975e+02 6.9041101074e+02 6.9040698242e+02 6.9042999268e+02 6.9046002197e+02 6.9049102783e+02 6.9051000977e+02 6.9052398682e+02 6.9052697754e+02 6.9051098633e+02 6.9052600098e+02 6.9053997803e+02 6.9055297852e+02 6.9054998779e+02 6.9055401611e+02 6.9055603027e+02 6.9055798340e+02 6.9056097412e+02 6.9055102539e+02 6.9056597900e+02 6.9057897949e+02 6.9058801270e+02 6.9056701660e+02 6.9057501221e+02 6.9056799316e+02 6.9055999756e+02 6.9052801514e+02 6.9048400879e+02 6.9043298340e+02
6.8952001953e+02 6.8960400391e+02 6.8965802002e+02 6.8973199463e+02 6.8978399658e+02 6.8981597900e+02 6.8986901855e+02 6.8990100098e+02 6.8994000244e+02 6.8997601318e+02 6.9001599121e+02 6.9002899170e+02 6.9004998779e+02 6.9008099365e+02 6.9010601807e+02 6.9012701416e+02 6.9016198730e+02 6.9020098877e+02 6.9022998047e+02 6.9025000000e+02 6.9028497314e+02 6.9032098389e+02 6.9034600830e+02 6.9036199951e+02 6.9040002441e+02 6.9041198730e+02 6.9039898682e+02 6.9041802979e+02 6.9043402100e+02 6.9044000244e+02 6.9044500732e+02 6.9045300293e+02 6.9046002197e+02 6.9046801758e+02 6.9046398926e+02 6.9046899414e+02 6.9047802734e+02 6.9048797607e+02 6.9050201416e+02 6.9046600342e+02 6.9045098877e+02 6.9043701172e+02 6.9041699219e+02 6.9038000488e+02 6.9034301758e+02 6.9029498291e+02
6.8933502197e+02 6.8943200684e+02 6.8950299072e+02 6.8956402588e+02 6.8962500000e+02 6.8967102051e+02 6.8971197510e+02 6.8974798584e+02 6.8978997803e+02 6.8982800293e+02 6.8984899902e+02 6.8987097168e+02 6.8990399170e+02 6.8991802979e+02 6.8995300293e+02 6.8998999023e+02 6.9001599121e+02 6.9005200195e+02 6.9007299805e+02 6.9009497070e+02 6.9012799072e+02 6.9016601563e+02 6.9020300293e+02 6.9022198486e+02 6.9024499512e+02 6.9025000000e+02 6.9027697754e+02 6.9030401611e+02 6.9031097412e+02 6.9033197021e+02 6.9033502197e+02 6.9035498047e+02 6.9036901855e+02 6.9037402344e+02 6.9037298584e+02 6.9038098145e+02 6.9038598633e+02 6.9038598633e+02 6.9037902832e+02 6.9036401367e+02 6.9034197998e+02 6.9029797363e+02 6.9025799561e+02 6.9022698975e+02 6.9018298340e+02 6.9015502930e+02
6.8912799072e+02 6.8921697998e+02 6.8931402588e+02 6.8939001465e+02 6.8945697021e+02 6.8950897217e+02 6.8954400635e+02 6.8960498047e+02 6.8966802979e+02 6.8969799805e+02 6.8970202637e+02 6.8973901367e+02 6.8976800537e+02 6.8977600098e+02 6.8981097412e+02 6.8985101318e+02 6.8987500000e+02 6.8990301514e+02 6.8992498779e+02 6.8996197510e+02 6.8999102783e+02 6.9001898193e+02 6.9005700684e+02 6.9008398438e+02 6.9009698486e+02 6.9010198975e+02 6.9013702393e+02 6.9016601563e+02 6.9018499756e+02 6.9021697998e+02 6.9022698975e+02 6.9024700928e+02 6.9026397705e+02 6.9027502441e+02 6.9027801514e+02 6.9028198242e+02 6.9028302002e+02 6.9028100586e+02 6.9026202393e+02 6.9024902344e+02 6.9021997070e+02 6.9015997314e+02 6.9010699463e+02 6.9007299805e+02 6.9003698730e+02 6.9002502441e+02
6.8893402100e+02 6.8903601074e+02 6.8913598633e+02 6.8922399902e+02 6.8929199219e+02 6.8934197998e+02 6.8937500000e+02 6.8945202637e+02 6.8951599121e+02 6.8953900146e+02 6.8955700684e+02 6.8959899902e+02 6.8961700439e+02 6.8963702393e+02 6.8966998291e+02 6.8970501709e+02 6.8972900391e+02 6.8975598145e+02 6.8978100586e+02 6.8982000732e+02 6.8983599854e+02 6.8985797119e+02 6.8989001465e+02 6.8993298340e+02 6.8996502686e+02 6.8998199463e+02 6.9000897217e+02 6.9002697754e+02 6.9005297852e+02 6.9009600830e+02 6.9011602783e+02 6.9012799072e+02 6.9014001465e+02 6.9015698242e+02 6.9017700195e+02 6.9018298340e+02 6.9017199707e+02 6.9016601563e+02 6.9015197754e+02 6.9012701416e+02 6.9007501221e+02 6.9000799561e+02 6.8995300293e+02 6.8993298340e+02 6.8993200684e+02 6.8992602539e+02
