TESTSERVER/21/7.asc
NCOLS 100
NROWS 100
XLLCORNER 8.5497500000e+03
YLLCORNER 2.8960025000e+05
CELLSIZE 5.0000000000e-01
NODATA_VALUE -9.9990000000e+03
[rows 20 to 39 of 100, columns 46 to 91 of 100]
6.9297100830e+02 6.9299902344e+02 6.9303698730e+02 6.9307000732e+02 6.9309698486e+02 6.9310198975e+02 6.9312298584e+02 6.9313702393e+02 6.9318499756e+02 6.9323101807e+02 6.9323699951e+02 6.9326800537e+02 6.9327502441e+02 6.9328900146e+02 6.9330902100e+02 6.9330297852e+02 6.9331097412e+02 6.9333801270e+02 6.9337200928e+02 6.9336798096e+02 6.9338800049e+02 6.9341900635e+02 6.9345599365e+02 6.9345898438e+02 6.9346600342e+02 6.9348699951e+02 6.9351098633e+02 6.9350402832e+02 6.9351898193e+02 6.9353601074e+02 6.9355401611e+02 6.9357299805e+02 6.9356402588e+02 6.9356597900e+02 6.9361499023e+02 6.9363702393e+02 6.9365502930e+02 6.9367498779e+02 6.9369299316e+02 6.9372198486e+02 6.9376300049e+02 6.9379797363e+02 6.9383801270e+02 6.9391198730e+02 6.9395599365e+02 6.9399102783e+02
6.9290399170e+02 6.9293298340e+02 6.9296697998e+02 6.9300097656e+02 6.9301898193e+02 6.9302398682e+02 6.9305499268e+02 6.9306402588e+02 6.9310998535e+02 6.9313800049e+02 6.9314398193e+02 6.9316900635e+02 6.9316497803e+02 6.9318298340e+02 6.9321398926e+02 6.9322497559e+02 6.9322198486e+02 6.9324102783e+02 6.9326599121e+02 6.9327502441e+02 6.9331201172e+02 6.9332598877e+02 6.9332598877e+02 6.9334197998e+02 6.9337097168e+02 6.9339599609e+02 6.9342401123e+02 6.9342901611e+02 6.9343499756e+02 6.9346301270e+02 6.9348101807e+02 6.9348602295e+02 6.9349200439e+02 6.9350000000e+02 6.9352801514e+02 6.9354797363e+02 6.9355999756e+02 6.9357702637e+02 6.9360998535e+02 6.9363500977e+02 6.9366699219e+02 6.9369500732e+02 6.9374102783e+02 6.9379101563e+02 6.9382202148e+02 6.9386401367e+02
6.9283898926e+02 6.9287097168e+02 6.9289697266e+02 6.9292602539e+02 6.9294500732e+02 6.9296301270e+02 6.9298999023e+02 6.9300500488e+02 6.9304400635e+02 6.9304797363e+02 6.9305102539e+02 6.9307501221e+02 6.9309100342e+02 6.9311297607e+02 6.9312902832e+02 6.9314398193e+02 6.9314501953e+02 6.9315899658e+02 6.9318597412e+02 6.9321801758e+02 6.9325097656e+02 6.9326098633e+02 6.9324902344e+02 6.9325598145e+02 6.9327197266e+02 6.9328900146e+02 6.9331701660e+02 6.9333197021e+02 6.9334100342e+02 6.9337402344e+02 6.9340502930e+02 6.9339801025e+02 6.9340899658e+02 6.9342797852e+02 6.9344000244e+02 6.9344396973e+02 6.9345300293e+02 6.9348498535e+02 6.9352502441e+02 6.9355200195e+02 6.9357702637e+02 6.9360998535e+02 6.9364801025e+02 6.9367999268e+02 6.9371398926e+02 6.9376000977e+02
6.9278997803e+02 6.9282299805e+02 6.9284002686e+02 6.9284802246e+02 6.9286999512e+02 6.9289202881e+02 6.9291198730e+02 6.9292999268e+02 6.9295202637e+02 6.9295202637e+02 6.9297198486e+02 6.9299298096e+02 6.9301800537e+02 6.9303302002e+02 6.9305297852e+02 6.9306799316e+02 6.9307098389e+02 6.9308697510e+02 6.9310601807e+02 6.9313299561e+02 6.9314801025e+02 6.9317297363e+02 6.9318597412e+02 6.9319201660e+02 6.9319097900e+02 6.9320501709e+02 6.9322802734e+02 6.9324700928e+02 6.9325897217e+02 6.9328302002e+02 6.9330999756e+02 6.9330999756e+02 6.9332702637e+02 6.9334600830e+02 6.9335198975e+02 6.9335198975e+02 6.9336901855e+02 6.9341400146e+02 6.9344201660e+02 6.9347100830e+02 6.9348999023e+02 6.9352398682e+02 6.9355999756e+02 6.9357800293e+02 6.9362701416e+02 6.9366900635e+02
6.9272900391e+02 6.9276397705e+02 6.9278302002e+02 6.9278802490e+02 6.9280200195e+02 6.9281701660e+02 6.9285101318e+02 6.9285998535e+02 6.9286199951e+02 6.9286602783e+02 6.9290698242e+02 6.9291198730e+02 6.9293798828e+02 6.9294897461e+02 6.9296502686e+02 6.9298901367e+02 6.9299298096e+02 6.9301300049e+02 6.9303302002e+02 6.9304302979e+02 6.9304901123e+02 6.9306402588e+02 6.9307800293e+02 6.9309997559e+02 6.9311401367e+02 6.9312701416e+02 6.9314501953e+02 6.9316101074e+02 6.9317999268e+02 6.9320202637e+02 6.9322998047e+02 6.9323999023e+02 6.9325402832e+02 6.9326800537e+02 6.9327600098e+02 6.9328100586e+02 6.9330902100e+02 6.9333801270e+02 6.9336297607e+02 6.9339001465e+02 6.9341497803e+02 6.9344500732e+02 6.9347100830e+02 6.9348901367e+02 6.9355401611e+02 6.9359899902e+02
6.9266198730e+02 6.9269000244e+02 6.9270300293e+02 6.9271502686e+02 6.9272198486e+02 6.9273699951e+02 6.9276800537e+02 6.9278802490e+02 6.9279998779e+02 6.9281298828e+02 6.9283599854e+02 6.9284002686e+02 6.9285797119e+02 6.9286798096e+02 6.9289300537e+02 6.9291497803e+02 6.9291601563e+02 6.9292999268e+02 6.9295300293e+02 6.9296301270e+02 6.9297497559e+02 6.9297802734e+02 6.9298602295e+02 6.9301501465e+02 6.9302899170e+02 6.9303900146e+02 6.9306097412e+02 6.9308099365e+02 6.9309301758e+02 6.9310900879e+02 6.9311798096e+02 6.9314001465e+02 6.9315997314e+02 6.9317700195e+02 6.9319299316e+02 6.9320098877e+02 6.9323101807e+02 6.9325897217e+02 6.9328997803e+02 6.9330297852e+02 6.9333697510e+02 6.9335900879e+02 6.9336999512e+02 6.9340197754e+02 6.9346099854e+02 6.9349902344e+02
6.9260101318e+02 6.9262402344e+02 6.9262799072e+02 6.9263299561e+02 6.9264001465e+02 6.9266497803e+02 6.9269897461e+02 6.9271099854e+02 6.9272100830e+02 6.9274298096e+02 6.9276599121e+02 6.9278399658e+02 6.9280200195e+02 6.9280999756e+02 6.9283099365e+02 6.9284197998e+02 6.9283898926e+02 6.9284997559e+02 6.9287597656e+02 6.9288098145e+02 6.9289300537e+02 6.9290002441e+02 6.9290600586e+02 6.9293701172e+02 6.9295397949e+02 6.9296502686e+02 6.9298901367e+02 6.9301501465e+02 6.9301501465e+02 6.9302099609e+02 6.9302600098e+02 6.9304901123e+02 6.9306097412e+02 6.9307897949e+02 6.9310101318e+02 6.9312799072e+02 6.9315301514e+02 6.9316802979e+02 6.9320001221e+02 6.9320501709e+02 6.9323797607e+02 6.9326300049e+02 6.9328100586e+02 6.9331597900e+02 6.9336297607e+02 6.9340301514e+02
6.9255297852e+02 6.9257000732e+02 6.9258099365e+02 6.9258502197e+02 6.9259197998e+02 6.9261499023e+02 6.9263500977e+02 6.9264501953e+02 6.9265197754e+02 6.9266497803e+02 6.9269897461e+02 6.9272302246e+02 6.9273101807e+02 6.9274200439e+02 6.9276098633e+02 6.9276000977e+02 6.9276599121e+02 6.9277899170e+02 6.9279101563e+02 6.9279400635e+02 6.9279699707e+02 6.9280902100e+02 6.9282800293e+02 6.9285302734e+02 6.9286401367e+02 6.9287200928e+02 6.9288397217e+02 6.9292199707e+02 6.9294000244e+02 6.9294799805e+02 6.9294500732e+02 6.9296398926e+02 6.9296997070e+02 6.9298999023e+02 6.9300201416e+02 6.9303302002e+02 6.9306500244e+02 6.9308300781e+02 6.9310198975e+02 6.9311798096e+02 6.9314801025e+02 6.9317901611e+02 6.9320001221e+02 6.9323901367e+02 6.9327301025e+02 6.9330102539e+02
6.9250402832e+02 6.9251702881e+02 6.9252801514e+02 6.9253399658e+02 6.9254998779e+02 6.9256597900e+02 6.9256799316e+02 6.9258599854e+02 6.9259100342e+02 6.9259399414e+02 6.9263000488e+02 6.9263897705e+02 6.9264801025e+02 6.9266497803e+02 6.9267401123e+02 6.9267602539e+02 6.9269799805e+02 6.9271301270e+02 6.9271600342e+02 6.9271301270e+02 6.9270898438e+02 6.9272802734e+02 6.9275201416e+02 6.9277001953e+02 6.9277099609e+02 6.9278497314e+02 6.9280200195e+02 6.9282299805e+02 6.9284100342e+02 6.9284698486e+02 6.9286499023e+02 6.9288000488e+02 6.9290600586e+02 6.9291802979e+02 6.9292297363e+02 6.9294299316e+02 6.9298699951e+02 6.9302001953e+02 6.9301599121e+02 6.9301702881e+02 6.9305297852e+02 6.9309802246e+02 6.9310699463e+02 6.9314300537e+02 6.9318103027e+02 6.9321398926e+02
6.9243798828e+02 6.9244598389e+02 6.9247601318e+02 6.9247900391e+02 6.9249401855e+02 6.9251599121e+02 6.9251898193e+02 6.9252001953e+02 6.9252899170e+02 6.9253802490e+02 6.9254901123e+02 6.9257098389e+02 6.9259100342e+02 6.9259399414e+02 6.9259899902e+02 6.9260601807e+02 6.9262200928e+02 6.9263299561e+02 6.9263598633e+02 6.9263397217e+02 6.9262799072e+02 6.9265002441e+02 6.9268298340e+02 6.9268298340e+02 6.9269000244e+02 6.9270898438e+02 6.9271899414e+02 6.9272601318e+02 6.9273797607e+02 6.9274902344e+02 6.9277197266e+02 6.9278198242e+02 6.9280499268e+02 6.9282397461e+02 6.9284002686e+02 6.9285198975e+02 6.9289300537e+02 6.9292401123e+02 6.9293597412e+02 6.9293798828e+02 6.9296398926e+02 6.9299597168e+02 6.9300097656e+02 6.9302600098e+02 6.9308502197e+02 6.9312799072e+02
6.9237097168e+02 6.9238702393e+02 6.9241497803e+02 6.9242199707e+02 6.9244097900e+02 6.9244897461e+02 6.9245202637e+02 6.9246099854e+02 6.9245800781e+02 6.9246801758e+02 6.9249499512e+02 6.9250598145e+02 6.9251397705e+02 6.9250598145e+02 6.9252197266e+02 6.9253601074e+02 6.9255499268e+02 6.9255999756e+02 6.9255102539e+02 6.9254602051e+02 6.9255297852e+02 6.9256201172e+02 6.9258300781e+02 6.9258801270e+02 6.9260302734e+02 6.9261999512e+02 6.9262402344e+02 6.9263598633e+02 6.9265997314e+02 6.9267700195e+02 6.9268597412e+02 6.9269799805e+02 6.9271099854e+02 6.9272998047e+02 6.9276098633e+02 6.9278900146e+02 6.9282000732e+02 6.9283801270e+02 6.9285601807e+02 6.9285302734e+02 6.9286499023e+02 6.9288598633e+02 6.9290802002e+02 6.9294000244e+02 6.9298901367e+02 6.9303399658e+02
6.9231097412e+02 6.9232501221e+02 6.9233697510e+02 6.9235699463e+02 6.9238500977e+02 6.9238098145e+02 6.9238000488e+02 6.9239697266e+02 6.9239202881e+02 6.9240197754e+02 6.9242602539e+02 6.9242999268e+02 6.9244097900e+02 6.9243798828e+02 6.9244799805e+02 6.9245599365e+02 6.9246502686e+02 6.9247100830e+02 6.9247198486e+02 6.9246997070e+02 6.9247100830e+02 6.9247100830e+02 6.9248699951e+02 6.9249401855e+02 6.9250500488e+02 6.9252197266e+02 6.9253399658e+02 6.9254901123e+02 6.9257299805e+02 6.9259301758e+02 6.9260601807e+02 6.9260900879e+02 6.9261199951e+02 6.9263800049e+02 6.9266998291e+02 6.9270397949e+02 6.9271600342e+02 6.9272998047e+02 6.9275701904e+02 6.9275402832e+02 6.9277697754e+02 6.9279400635e+02 6.9281701660e+02 6.9285998535e+02 6.9289697266e+02 6.9293902588e+02
6.9224597168e+02 6.9225598145e+02 6.9227697754e+02 6.9229498291e+02 6.9231402588e+02 6.9232000732e+02 6.9230700684e+02 6.9231799316e+02 6.9233599854e+02 6.9235797119e+02 6.9235998535e+02 6.9236700439e+02 6.9236602783e+02 6.9236999512e+02 6.9238598633e+02 6.9238500977e+02 6.9236798096e+02 6.9237701416e+02 6.9238800049e+02 6.9238397217e+02 6.9238800049e+02 6.9239300537e+02 6.9241198730e+02 6.9241497803e+02 6.9242602539e+02 6.9244000244e+02 6.9245599365e+02 6.9245800781e+02 6.9247198486e+02 6.9249499512e+02 6.9251202393e+02 6.9251702881e+02 6.9252697754e+02 6.9254901123e+02 6.9257202148e+02 6.9259899902e+02 6.9260699463e+02 6.9263897705e+02 6.9266400146e+02 6.9266497803e+02 6.9269097900e+02 6.9270202637e+02 6.9270300293e+02 6.9276599121e+02 6.9280798340e+02 6.9284197998e+02
6.9218402100e+02 6.9220599365e+02 6.9221301270e+02 6.9223400879e+02 6.9223699951e+02 6.9225598145e+02 6.9225201416e+02 6.9225701904e+02 6.9227600098e+02 6.9228497314e+02 6.9228399658e+02 6.9229400635e+02 6.9230297852e+02 6.9230200195e+02 6.9231799316e+02 6.9231597900e+02 6.9230102539e+02 6.9230603027e+02 6.9230102539e+02 6.9230798340e+02 6.9232098389e+02 6.9232800293e+02 6.9234802246e+02 6.9233697510e+02 6.9234899902e+02 6.9235699463e+02 6.9235302734e+02 6.9237799072e+02 6.9240100098e+02 6.9239801025e+02 6.9240197754e+02 6.9241699219e+02 6.9243499756e+02 6.9244201660e+02 6.9246600342e+02 6.9249200439e+02 6.9251000977e+02 6.9254699707e+02 6.9256402588e+02 6.9257501221e+02 6.9259301758e+02 6.9261798096e+02 6.9263098145e+02 6.9266497803e+02 6.9270599365e+02 6.9274200439e+02
6.9210998535e+02 6.9213098145e+02 6.9214898682e+02 6.9216400146e+02 6.9215899658e+02 6.9217498779e+02 6.9217999268e+02 6.9219299316e+02 6.9221801758e+02 6.9222100830e+02 6.9222497559e+02 6.9222302246e+02 6.9222497559e+02 6.9222100830e+02 6.9223400879e+02 6.9223797607e+02 6.9223797607e+02 6.9223400879e+02 6.9222497559e+02 6.9223400879e+02 6.9224499512e+02 6.9224700928e+02 6.9226501465e+02 6.9226702881e+02 6.9227899170e+02 6.9228198242e+02 6.9227899170e+02 6.9230401611e+02 6.9231701660e+02 6.9230902100e+02 6.9230902100e+02 6.9233099365e+02 6.9234899902e+02 6.9235400391e+02 6.9238201904e+02 6.9240197754e+02 6.9240899658e+02 6.9243701172e+02 6.9246502686e+02 6.9246801758e+02 6.9247698975e+02 6.9251397705e+02 6.9254101563e+02 6.9256097412e+02 6.9259899902e+02 6.9264300537e+02
6.9203302002e+02 6.9205102539e+02 6.9209301758e+02 6.9208898926e+02 6.9208898926e+02 6.9210198975e+02 6.9211602783e+02 6.9212298584e+02 6.9213397217e+02 6.9214099121e+02 6.9215698242e+02 6.9215502930e+02 6.9215100098e+02 6.9215600586e+02 6.9215899658e+02 6.9215399170e+02 6.9215698242e+02 6.9215698242e+02 6.9215997314e+02 6.9217199707e+02 6.9217700195e+02 6.9216998291e+02 6.9217199707e+02 6.9219598389e+02 6.9220800781e+02 6.9220501709e+02 6.9221099854e+02 6.9222302246e+02 6.9221398926e+02 6.9221398926e+02 6.9222198486e+02 6.9223999023e+02 6.9224200439e+02 6.9225799561e+02 6.9228698730e+02 6.9230700684e+02 6.9231500244e+02 6.9233099365e+02 6.9236199951e+02 6.9237799072e+02 6.9239599609e+02 6.9242297363e+02 6.9244097900e+02 6.9245599365e+02 6.9249401855e+02 6.9253698730e+02
6.9196697998e+02 6.9198400879e+02 6.9201800537e+02 6.9201898193e+02 6.9203601074e+02 6.9203698730e+02 6.9205200195e+02 6.9206597900e+02 6.9207397461e+02 6.9207702637e+02 6.9207897949e+02 6.9209497070e+02 6.9208898926e+02 6.9209497070e+02 6.9208197021e+02 6.9207897949e+02 6.9207501221e+02 6.9208197021e+02 6.9210101318e+02 6.9209899902e+02 6.9209802246e+02 6.9210400391e+02 6.9210699463e+02 6.9213702393e+02 6.9213598633e+02 6.9212402344e+02 6.9214202881e+02 6.9214501953e+02 6.9213201904e+02 6.9213000488e+02 6.9214501953e+02 6.9213598633e+02 6.9213299561e+02 6.9216302490e+02 6.9221002197e+02 6.9221002197e+02 6.9223101807e+02 6.9224597168e+02 6.9224200439e+02 6.9228399658e+02 6.9229901123e+02 6.9231201172e+02 6.9236602783e+02 6.9237097168e+02 6.9240399170e+02 6.9244299316e+02
6.9189202881e+02 6.9191802979e+02 6.9194201660e+02 6.9194799805e+02 6.9196301270e+02 6.9196899414e+02 6.9198602295e+02 6.9200000000e+02 6.9201000977e+02 6.9201000977e+02 6.9200402832e+02 6.9200799561e+02 6.9200299072e+02 6.9202600098e+02 6.9202801514e+02 6.9200598145e+02 6.9200097656e+02 6.9201501465e+02 6.9202600098e+02 6.9202001953e+02 6.9202001953e+02 6.9203100586e+02 6.9203198242e+02 6.9206402588e+02 6.9205798340e+02 6.9204101563e+02 6.9204797363e+02 6.9204498291e+02 6.9204699707e+02 6.9204498291e+02 6.9204199219e+02 6.9203698730e+02 6.9206097412e+02 6.9209002686e+02 6.9210998535e+02 6.9212500000e+02 6.9214898682e+02 6.9216302490e+02 6.9216302490e+02 6.9218798828e+02 6.9221099854e+02 6.9223602295e+02 6.9227600098e+02 6.9227001953e+02 6.9229998779e+02 6.9233197021e+02
6.9182299805e+02 6.9185101318e+02 6.9185998535e+02 6.9187097168e+02 6.9189099121e+02 6.9190899658e+02 6.9192901611e+02 6.9193200684e+02 6.9193902588e+02 6.9193499756e+02 6.9192999268e+02 6.9193402100e+02 6.9193597412e+02 6.9195098877e+02 6.9195501709e+02 6.9194097900e+02 6.9193499756e+02 6.9194000244e+02 6.9195397949e+02 6.9195898438e+02 6.9196002197e+02 6.9195800781e+02 6.9193902588e+02 6.9195800781e+02 6.9195397949e+02 6.9195001221e+02 6.9194799805e+02 6.9194500732e+02 6.9196502686e+02 6.9196600342e+02 6.9194799805e+02 6.9195300293e+02 6.9198101807e+02 6.9200799561e+02 6.9201800537e+02 6.9203900146e+02 6.9205999756e+02 6.9208099365e+02 6.9208502197e+02 6.9209802246e+02 6.9211901855e+02 6.9215197754e+02 6.9217901611e+02 6.9219201660e+02 6.9222998047e+02 6.9225598145e+02
6.9176300049e+02 6.9178900146e+02 6.9178698730e+02 6.9180297852e+02 6.9182098389e+02 6.9184301758e+02 6.9185998535e+02 6.9185998535e+02 6.9187298584e+02 6.9186901855e+02 6.9186901855e+02 6.9187902832e+02 6.9188098145e+02 6.9187097168e+02 6.9186102295e+02 6.9186199951e+02 6.9186499023e+02 6.9187402344e+02 6.9188897705e+02 6.9189202881e+02 6.9189099121e+02 6.9188098145e+02 6.9186499023e+02 6.9186999512e+02 6.9186901855e+02 6.9187097168e+02 6.9186297607e+02 6.9185998535e+02 6.9188201904e+02 6.9188800049e+02 6.9188201904e+02 6.9189801025e+02 6.9191497803e+02 6.9192401123e+02 6.9192901611e+02 6.9194702148e+02 6.9196197510e+02 6.9197698975e+02 6.9199499512e+02 6.9202197266e+02 6.9203002930e+02 6.9205200195e+02 6.9207800293e+02 6.9210400391e+02 6.9213598633e+02 6.9216400146e+02
