TESTSERVER/21/8.asc
NCOLS 100
NROWS 100
XLLCORNER 8.5497500000e+03
YLLCORNER 2.8955025000e+05
CELLSIZE 5.0000000000e-01
NODATA_VALUE -9.9990000000e+03
[rows 20 to 39 of 100, columns 0 to 45 of 100]
6.7974499512e+02 6.7979400635e+02 6.7983697510e+02 6.7987097168e+02 6.7991601563e+02 6.7995098877e+02 6.7997100830e+02 6.8001800537e+02 6.8007800293e+02 6.8010900879e+02 6.8013800049e+02 6.8016699219e+02 6.8021502686e+02 6.8026300049e+02 6.8030798340e+02 6.8034497070e+02 6.8037500000e+02 6.8044897461e+02 6.8046398926e+02 6.8045599365e+02 6.8051300049e+02 6.8056097412e+02 6.8061798096e+02 6.8066497803e+02 6.8068200684e+02 6.8070697021e+02 6.8076800537e+02 6.8083099365e+02 6.8085797119e+02 6.8090197754e+02 6.8097198486e+02 6.8103002930e+02 6.8106799316e+02 6.8111297607e+02 6.8114697266e+02 6.8116699219e+02 6.8121801758e+02 6.8126898193e+02 6.8130700684e+02 6.8131799316e+02 6.8133801270e+02 6.8138098145e+02 6.8141198730e+02 6.8144299316e+02 6.8151397705e+02 6.8156597900e+02
6.7966998291e+02 6.7971697998e+02 6.7976702881e+02 6.7979699707e+02 6.7982702637e+02 6.7986700439e+02 6.7990399170e+02 6.7994500732e+02 6.7997497559e+02 6.8001202393e+02 6.8005297852e+02 6.8009899902e+02 6.8013201904e+02 6.8014898682e+02 6.8019598389e+02 6.8024700928e+02 6.8028399658e+02 6.8032800293e+02 6.8033599854e+02 6.8034497070e+02 6.8040197754e+02 6.8045898438e+02 6.8050299072e+02 6.8053399658e+02 6.8055401611e+02 6.8059600830e+02 6.8066998291e+02 6.8071301270e+02 6.8074102783e+02 6.8078997803e+02 6.8085400391e+02 6.8091198730e+02 6.8093402100e+02 6.8097698975e+02 6.8102801514e+02 6.8106201172e+02 6.8111102295e+02 6.8117199707e+02 6.8119201660e+02 6.8121301270e+02 6.8125598145e+02 6.8129199219e+02 6.8132397461e+02 6.8137097168e+02 6.8143597412e+02 6.8148602295e+02
6.7959997559e+02 6.7963598633e+02 6.7968402100e+02 6.7972198486e+02 6.7974597168e+02 6.7978497314e+02 6.7983001709e+02 6.7986602783e+02 6.7987402344e+02 6.7993597412e+02 6.7998498535e+02 6.8001800537e+02 6.8002301025e+02 6.8004498291e+02 6.8010498047e+02 6.8015301514e+02 6.8019201660e+02 6.8021899414e+02 6.8022802734e+02 6.8026800537e+02 6.8033099365e+02 6.8037701416e+02 6.8040002441e+02 6.8042297363e+02 6.8044500732e+02 6.8049499512e+02 6.8055401611e+02 6.8058898926e+02 6.8062402344e+02 6.8068103027e+02 6.8072802734e+02 6.8078100586e+02 6.8081597900e+02 6.8086700439e+02 6.8091601563e+02 6.8095397949e+02 6.8100402832e+02 6.8106201172e+02 6.8107897949e+02 6.8112097168e+02 6.8117297363e+02 6.8120397949e+02 6.8125000000e+02 6.8129400635e+02 6.8132598877e+02 6.8138098145e+02
6.7953100586e+02 6.7955401611e+02 6.7960400391e+02 6.7965600586e+02 6.7968298340e+02 6.7971197510e+02 6.7975500488e+02 6.7979602051e+02 6.7981597900e+02 6.7987701416e+02 6.7990301514e+02 6.7992999268e+02 6.7994598389e+02 6.7998297119e+02 6.8004199219e+02 6.8007202148e+02 6.8010198975e+02 6.8012298584e+02 6.8014202881e+02 6.8020300293e+02 6.8024200439e+02 6.8025799561e+02 6.8028002930e+02 6.8030999756e+02 6.8035101318e+02 6.8039801025e+02 6.8044097900e+02 6.8047399902e+02 6.8051300049e+02 6.8057800293e+02 6.8061700439e+02 6.8066497803e+02 6.8071398926e+02 6.8075799561e+02 6.8079797363e+02 6.8083898926e+02 6.8089001465e+02 6.8094500732e+02 6.8098400879e+02 6.8103497314e+02 6.8106701660e+02 6.8111700439e+02 6.8118402100e+02 6.8121398926e+02 6.8122601318e+02 6.8127697754e+02
6.7946398926e+02 6.7950000000e+02 6.7955700684e+02 6.7960900879e+02 6.7962701416e+02 6.7965100098e+02 6.7968103027e+02 6.7971899414e+02 6.7976098633e+02 6.7979602051e+02 6.7981097412e+02 6.7985198975e+02 6.7989599609e+02 6.7992901611e+02 6.7997100830e+02 6.7999200439e+02 6.8000402832e+02 6.8003698730e+02 6.8007299805e+02 6.8011102295e+02 6.8012902832e+02 6.8014202881e+02 6.8018103027e+02 6.8020098877e+02 6.8022399902e+02 6.8029699707e+02 6.8034698486e+02 6.8036999512e+02 6.8040002441e+02 6.8046899414e+02 6.8052301025e+02 6.8057501221e+02 6.8061199951e+02 6.8065197754e+02 6.8068200684e+02 6.8072698975e+02 6.8077600098e+02 6.8080798340e+02 6.8087701416e+02 6.8093597412e+02 6.8097198486e+02 6.8102197266e+02 6.8108398438e+02 6.8112298584e+02 6.8116802979e+02 6.8119396973e+02
6.7942498779e+02 6.7946899414e+02 6.7951501465e+02 6.7956097412e+02 6.7957800293e+02 6.7960101318e+02 6.7963201904e+02 6.7966497803e+02 6.7968902588e+02 6.7972302246e+02 6.7975299072e+02 6.7978497314e+02 6.7980999756e+02 6.7985498047e+02 6.7987597656e+02 6.7989697266e+02 6.7992700195e+02 6.7995599365e+02 6.7999499512e+02 6.8001098633e+02 6.8001800537e+02 6.8004901123e+02 6.8008898926e+02 6.8009600830e+02 6.8013500977e+02 6.8019799805e+02 6.8022900391e+02 6.8024902344e+02 6.8031402588e+02 6.8037097168e+02 6.8041998291e+02 6.8047601318e+02 6.8051300049e+02 6.8054699707e+02 6.8058599854e+02 6.8062298584e+02 6.8065399170e+02 6.8069598389e+02 6.8077001953e+02 6.8082397461e+02 6.8088598633e+02 6.8092401123e+02 6.8097698975e+02 6.8105200195e+02 6.8110601807e+02 6.8113500977e+02
6.7938299561e+02 6.7943103027e+02 6.7946697998e+02 6.7950897217e+02 6.7951397705e+02 6.7953198242e+02 6.7955902100e+02 6.7959197998e+02 6.7961700439e+02 6.7965899658e+02 6.7968402100e+02 6.7969097900e+02 6.7971899414e+02 6.7977001953e+02 6.7979602051e+02 6.7982702637e+02 6.7986297607e+02 6.7987402344e+02 6.7990301514e+02 6.7992401123e+02 6.7995202637e+02 6.7996002197e+02 6.7998699951e+02 6.8001397705e+02 6.8005401611e+02 6.8009802246e+02 6.8013000488e+02 6.8015600586e+02 6.8022399902e+02 6.8027697754e+02 6.8031298828e+02 6.8036499023e+02 6.8041900635e+02 6.8045001221e+02 6.8047998047e+02 6.8050500488e+02 6.8053497314e+02 6.8058001709e+02 6.8065997314e+02 6.8071697998e+02 6.8079699707e+02 6.8082800293e+02 6.8090197754e+02 6.8100701904e+02 6.8105297852e+02 6.8108197021e+02
6.7935601807e+02 6.7939300537e+02 6.7941900635e+02 6.7945300293e+02 6.7945697021e+02 6.7948297119e+02 6.7950701904e+02 6.7954302979e+02 6.7955999756e+02 6.7959899902e+02 6.7961499023e+02 6.7961700439e+02 6.7965197754e+02 6.7969598389e+02 6.7973400879e+02 6.7976599121e+02 6.7978900146e+02 6.7978802490e+02 6.7981896973e+02 6.7984802246e+02 6.7988702393e+02 6.7987902832e+02 6.7990197754e+02 6.7994396973e+02 6.7996997070e+02 6.8000701904e+02 6.8004998779e+02 6.8008099365e+02 6.8012701416e+02 6.8018103027e+02 6.8021899414e+02 6.8025299072e+02 6.8028698730e+02 6.8033300781e+02 6.8036999512e+02 6.8038201904e+02 6.8041400146e+02 6.8047100830e+02 6.8056097412e+02 6.8062298584e+02 6.8068902588e+02 6.8072497559e+02 6.8082598877e+02 6.8092297363e+02 6.8093402100e+02 6.8097802734e+02
6.7931597900e+02 6.7934802246e+02 6.7937597656e+02 6.7940197754e+02 6.7942901611e+02 6.7946600342e+02 6.7947998047e+02 6.7950000000e+02 6.7950500488e+02 6.7955297852e+02 6.7955999756e+02 6.7956896973e+02 6.7959698486e+02 6.7962500000e+02 6.7966601563e+02 6.7967999268e+02 6.7970397949e+02 6.7972399902e+02 6.7975299072e+02 6.7976898193e+02 6.7979602051e+02 6.7980401611e+02 6.7983001709e+02 6.7986602783e+02 6.7989300537e+02 6.7991900635e+02 6.7996002197e+02 6.7999700928e+02 6.8003100586e+02 6.8007202148e+02 6.8011602783e+02 6.8014898682e+02 6.8017602539e+02 6.8021899414e+02 6.8025500488e+02 6.8027001953e+02 6.8030401611e+02 6.8039001465e+02 6.8045898438e+02 6.8051898193e+02 6.8057501221e+02 6.8063299561e+02 6.8072399902e+02 6.8076599121e+02 6.8077697754e+02 6.8084301758e+02
6.7927398682e+02 6.7931402588e+02 6.7933898926e+02 6.7937701416e+02 6.7940698242e+02 6.7941497803e+02 6.7943499756e+02 6.7946600342e+02 6.7946600342e+02 6.7948602295e+02 6.7950097656e+02 6.7952899170e+02 6.7954101563e+02 6.7956298828e+02 6.7959899902e+02 6.7959899902e+02 6.7963598633e+02 6.7966998291e+02 6.7968103027e+02 6.7969799805e+02 6.7972399902e+02 6.7973999023e+02 6.7976800537e+02 6.7978698730e+02 6.7981298828e+02 6.7983697510e+02 6.7989599609e+02 6.7993103027e+02 6.7995202637e+02 6.7999200439e+02 6.8001702881e+02 6.8004699707e+02 6.8008197021e+02 6.8013500977e+02 6.8015899658e+02 6.8019000244e+02 6.8026300049e+02 6.8033099365e+02 6.8035302734e+02 6.8042102051e+02 6.8049401855e+02 6.8055102539e+02 6.8064697266e+02 6.8066900635e+02 6.8069598389e+02 6.8073101807e+02
6.7925299072e+02 6.7929101563e+02 6.7931201172e+02 6.7935302734e+02 6.7936901855e+02 6.7937298584e+02 6.7940002441e+02 6.7942602539e+02 6.7942498779e+02 6.7944000244e+02 6.7946398926e+02 6.7947998047e+02 6.7950097656e+02 6.7952398682e+02 6.7953002930e+02 6.7952899170e+02 6.7956500244e+02 6.7960998535e+02 6.7962597656e+02 6.7964300537e+02 6.7965301514e+02 6.7967297363e+02 6.7970098877e+02 6.7971899414e+02 6.7975402832e+02 6.7976397705e+02 6.7981097412e+02 6.7983599854e+02 6.7986199951e+02 6.7989801025e+02 6.7991802979e+02 6.7995300293e+02 6.7998101807e+02 6.8001202393e+02 6.8003997803e+02 6.8009600830e+02 6.8019702148e+02 6.8025000000e+02 6.8026202393e+02 6.8035101318e+02 6.8044201660e+02 6.8047100830e+02 6.8051300049e+02 6.8053698730e+02 6.8061102295e+02 6.8063000488e+02
6.7923602295e+02 6.7927697754e+02 6.7928997803e+02 6.7931799316e+02 6.7932702637e+02 6.7934997559e+02 6.7936999512e+02 6.7938000488e+02 6.7938397217e+02 6.7941302490e+02 6.7945098877e+02 6.7944702148e+02 6.7946301270e+02 6.7948400879e+02 6.7947900391e+02 6.7948101807e+02 6.7951800537e+02 6.7955700684e+02 6.7956896973e+02 6.7957702637e+02 6.7958300781e+02 6.7961798096e+02 6.7964599609e+02 6.7966497803e+02 6.7968200684e+02 6.7970599365e+02 6.7974597168e+02 6.7975097656e+02 6.7977502441e+02 6.7980297852e+02 6.7982000732e+02 6.7984600830e+02 6.7986199951e+02 6.7988702393e+02 6.7993499756e+02 6.8000701904e+02 6.8009002686e+02 6.8015002441e+02 6.8019000244e+02 6.8028100586e+02 6.8035998535e+02 6.8038598633e+02 6.8040399170e+02 6.8044097900e+02 6.8050500488e+02 6.8052398682e+02
6.7922198486e+02 6.7924597168e+02 6.7925701904e+02 6.7928802490e+02 6.7930700684e+02 6.7933300781e+02 6.7934100342e+02 6.7935601807e+02 6.7938397217e+02 6.7940002441e+02 6.7943103027e+02 6.7942999268e+02 6.7945001221e+02 6.7943200684e+02 6.7943103027e+02 6.7944500732e+02 6.7947302246e+02 6.7948999023e+02 6.7949401855e+02 6.7950500488e+02 6.7953198242e+02 6.7955499268e+02 6.7957299805e+02 6.7958898926e+02 6.7961602783e+02 6.7963598633e+02 6.7966497803e+02 6.7966998291e+02 6.7970001221e+02 6.7971099854e+02 6.7971502686e+02 6.7974401855e+02 6.7977099609e+02 6.7980999756e+02 6.7986901855e+02 6.7992297363e+02 6.7995202637e+02 6.8003399658e+02 6.8010699463e+02 6.8018499756e+02 6.8024597168e+02 6.8028100586e+02 6.8031896973e+02 6.8034197998e+02 6.8037097168e+02 6.8044799805e+02
6.7919097900e+02 6.7922100830e+02 6.7924798584e+02 6.7928002930e+02 6.7928802490e+02 6.7930700684e+02 6.7932397461e+02 6.7934399414e+02 6.7935998535e+02 6.7937902832e+02 6.7940002441e+02 6.7940698242e+02 6.7941998291e+02 6.7939697266e+02 6.7941400146e+02 6.7943798828e+02 6.7944097900e+02 6.7944500732e+02 6.7943902588e+02 6.7944097900e+02 6.7946697998e+02 6.7948999023e+02 6.7950097656e+02 6.7951501465e+02 6.7954101563e+02 6.7957299805e+02 6.7959600830e+02 6.7959197998e+02 6.7960302734e+02 6.7959399414e+02 6.7958197021e+02 6.7961901855e+02 6.7964697266e+02 6.7969000244e+02 6.7976098633e+02 6.7981500244e+02 6.7984197998e+02 6.7989599609e+02 6.7997900391e+02 6.8007397461e+02 6.8013500977e+02 6.8015301514e+02 6.8021997070e+02 6.8024700928e+02 6.8028497314e+02 6.8039099121e+02
6.7917297363e+02 6.7920800781e+02 6.7922399902e+02 6.7925097656e+02 6.7926000977e+02 6.7927801514e+02 6.7929901123e+02 6.7931896973e+02 6.7934301758e+02 6.7939202881e+02 6.7939697266e+02 6.7937799072e+02 6.7937402344e+02 6.7935797119e+02 6.7937701416e+02 6.7939599609e+02 6.7938897705e+02 6.7940100098e+02 6.7939501953e+02 6.7938800049e+02 6.7941302490e+02 6.7942401123e+02 6.7944299316e+02 6.7946899414e+02 6.7947900391e+02 6.7950201416e+02 6.7950701904e+02 6.7949499512e+02 6.7948602295e+02 6.7946502686e+02 6.7944897461e+02 6.7948602295e+02 6.7951300049e+02 6.7955200195e+02 6.7961102295e+02 6.7967797852e+02 6.7975097656e+02 6.7978497314e+02 6.7984399414e+02 6.7993798828e+02 6.8000299072e+02 6.8004400635e+02 6.8012298584e+02 6.8015002441e+02 6.8019598389e+02 6.8027600098e+02
6.7913397217e+02 6.7916802979e+02 6.7917602539e+02 6.7920001221e+02 6.7920001221e+02 6.7921600342e+02 6.7923699951e+02 6.7927197266e+02 6.7931201172e+02 6.7935400391e+02 6.7935900879e+02 6.7934197998e+02 6.7933599854e+02 6.7934002686e+02 6.7934698486e+02 6.7935498047e+02 6.7933697510e+02 6.7934197998e+02 6.7934399414e+02 6.7935198975e+02 6.7937097168e+02 6.7936401367e+02 6.7937402344e+02 6.7940100098e+02 6.7941998291e+02 6.7942700195e+02 6.7942199707e+02 6.7940399170e+02 6.7936999512e+02 6.7935797119e+02 6.7934899902e+02 6.7937500000e+02 6.7938201904e+02 6.7943902588e+02 6.7948999023e+02 6.7956402588e+02 6.7964697266e+02 6.7968298340e+02 6.7973699951e+02 6.7983001709e+02 6.7989398193e+02 6.7993902588e+02 6.8000201416e+02 6.8004302979e+02 6.8009497070e+02 6.8013702393e+02
6.7907202148e+02 6.7910601807e+02 6.7910998535e+02 6.7912799072e+02 6.7912799072e+02 6.7914202881e+02 6.7916497803e+02 6.7920697021e+02 6.7923699951e+02 6.7926202393e+02 6.7927398682e+02 6.7926702881e+02 6.7928497314e+02 6.7929797363e+02 6.7929302979e+02 6.7928900146e+02 6.7928601074e+02 6.7927398682e+02 6.7928198242e+02 6.7930200195e+02 6.7930700684e+02 6.7931500244e+02 6.7931298828e+02 6.7932299805e+02 6.7932800293e+02 6.7932501221e+02 6.7930902100e+02 6.7928497314e+02 6.7925000000e+02 6.7923901367e+02 6.7924200439e+02 6.7925201416e+02 6.7925299072e+02 6.7930999756e+02 6.7938800049e+02 6.7948400879e+02 6.7954302979e+02 6.7963201904e+02 6.7972302246e+02 6.7979302979e+02 6.7979699707e+02 6.7980700684e+02 6.7983801270e+02 6.7990502930e+02 6.7996600342e+02 6.8000000000e+02
6.7898797607e+02 6.7900097656e+02 6.7900097656e+02 6.7903399658e+02 6.7904699707e+02 6.7906799316e+02 6.7907598877e+02 6.7910302734e+02 6.7913800049e+02 6.7918701172e+02 6.7920501709e+02 6.7920300293e+02 6.7921600342e+02 6.7921600342e+02 6.7921697998e+02 6.7921398926e+02 6.7921697998e+02 6.7921197510e+02 6.7921502686e+02 6.7922698975e+02 6.7923101807e+02 6.7924700928e+02 6.7925299072e+02 6.7925402832e+02 6.7922302246e+02 6.7921197510e+02 6.7919500732e+02 6.7916900635e+02 6.7913800049e+02 6.7912200928e+02 6.7913800049e+02 6.7914001465e+02 6.7914697266e+02 6.7921697998e+02 6.7931597900e+02 6.7941900635e+02 6.7950201416e+02 6.7959600830e+02 6.7968597412e+02 6.7973199463e+02 6.7968200684e+02 6.7968701172e+02 6.7975299072e+02 6.7982397461e+02 6.7986297607e+02 6.7987597656e+02
6.7886999512e+02 6.7886798096e+02 6.7887298584e+02 6.7890502930e+02 6.7892999268e+02 6.7895599365e+02 6.7896398926e+02 6.7898797607e+02 6.7902801514e+02 6.7908001709e+02 6.7909497070e+02 6.7910498047e+02 6.7911401367e+02 6.7912298584e+02 6.7912500000e+02 6.7911602783e+02 6.7911700439e+02 6.7913299561e+02 6.7914300537e+02 6.7914202881e+02 6.7914001465e+02 6.7915002441e+02 6.7915899658e+02 6.7914599609e+02 6.7909497070e+02 6.7909497070e+02 6.7909497070e+02 6.7907098389e+02 6.7903802490e+02 6.7902600098e+02 6.7904699707e+02 6.7904901123e+02 6.7907501221e+02 6.7915301514e+02 6.7929699707e+02 6.7944000244e+02 6.7957000732e+02 6.7962402344e+02 6.7964599609e+02 6.7965197754e+02 6.7959600830e+02 6.7958001709e+02 6.7966198730e+02 6.7974597168e+02 6.7977197266e+02 6.7976000977e+02
6.7875299072e+02 6.7877099609e+02 6.7877099609e+02 6.7877801514e+02 6.7879498291e+02 6.7882800293e+02 6.7886102295e+02 6.7889599609e+02 6.7892498779e+02 6.7895697021e+02 6.7896899414e+02 6.7900201416e+02 6.7900799561e+02 6.7901098633e+02 6.7902001953e+02 6.7902001953e+02 6.7901501465e+02 6.7903497314e+02 6.7904101563e+02 6.7904101563e+02 6.7904302979e+02 6.7903601074e+02 6.7903497314e+02 6.7900201416e+02 6.7894097900e+02 6.7895599365e+02 6.7897100830e+02 6.7896600342e+02 6.7895697021e+02 6.7895501709e+02 6.7897698975e+02 6.7900897217e+02 6.7911297607e+02 6.7919299316e+02 6.7936102295e+02 6.7950598145e+02 6.7959100342e+02 6.7957397461e+02 6.7953100586e+02 6.7949798584e+02 6.7949700928e+02 6.7949401855e+02 6.7954498291e+02 6.7961700439e+02 6.7965002441e+02 6.7968200684e+02
