TESTSERVER/21/8.asc
NCOLS 100
NROWS 100
XLLCORNER 8.5497500000e+03
YLLCORNER 2.8955025000e+05
CELLSIZE 5.0000000000e-01
NODATA_VALUE -9.9990000000e+03
[rows 80 to 99 of 100, columns 46 to 91 of 100]
6.7650201416e+02 6.7671301270e+02 6.7694598389e+02 6.7724200439e+02 6.7755297852e+02 6.7786999512e+02 6.7816802979e+02 6.7847998047e+02 6.7875201416e+02 6.7898400879e+02 6.7915100098e+02 6.7925201416e+02 6.7936901855e+02 6.7946099854e+02 6.7949200439e+02 6.7955700684e+02 6.7961602783e+02 6.7970397949e+02 6.7982000732e+02 6.7996600342e+02 6.8007501221e+02 6.8012902832e+02 6.8015600586e+02 6.8018200684e+02 6.8021301270e+02 6.8025299072e+02 6.8029400635e+02 6.8033099365e+02 6.8036700439e+02 6.8038299561e+02 6.8040899658e+02 6.8044097900e+02 6.8049298096e+02 6.8053997803e+02 6.8058801270e+02 6.8064801025e+02 6.8069201660e+02 6.8071997070e+02 6.8077899170e+02 6.8083801270e+02 6.8087097168e+02 6.8091802979e+02 6.8097601318e+02 6.8104699707e+02 6.8112402344e+02 6.8117797852e+02
6.7658001709e+02 6.7678601074e+02 6.7704199219e+02 6.7736798096e+02 6.7769201660e+02 6.7799700928e+02 6.7826000977e+02 6.7851599121e+02 6.7875701904e+02 6.7897198486e+02 6.7913201904e+02 6.7923199463e+02 6.7934802246e+02 6.7940997314e+02 6.7938702393e+02 6.7940399170e+02 6.7948498535e+02 6.7964599609e+02 6.7983398438e+02 6.7994097900e+02 6.8000097656e+02 6.8003698730e+02 6.8007202148e+02 6.8010797119e+02 6.8015002441e+02 6.8018902588e+02 6.8022399902e+02 6.8025000000e+02 6.8028497314e+02 6.8031799316e+02 6.8036999512e+02 6.8040301514e+02 6.8045202637e+02 6.8050299072e+02 6.8054400635e+02 6.8060400391e+02 6.8064801025e+02 6.8069000244e+02 6.8073999023e+02 6.8077301025e+02 6.8081500244e+02 6.8086901855e+02 6.8093402100e+02 6.8101300049e+02 6.8107702637e+02 6.8112402344e+02
6.7667199707e+02 6.7689300537e+02 6.7716998291e+02 6.7751300049e+02 6.7784100342e+02 6.7813598633e+02 6.7837097168e+02 6.7857598877e+02 6.7876898193e+02 6.7894299316e+02 6.7908398438e+02 6.7920397949e+02 6.7930700684e+02 6.7934802246e+02 6.7932000732e+02 6.7938500977e+02 6.7949597168e+02 6.7966601563e+02 6.7984600830e+02 6.7990502930e+02 6.7992797852e+02 6.7995599365e+02 6.7999700928e+02 6.8003601074e+02 6.8007800293e+02 6.8011102295e+02 6.8014202881e+02 6.8016497803e+02 6.8020202637e+02 6.8024298096e+02 6.8029797363e+02 6.8034899902e+02 6.8040002441e+02 6.8045501709e+02 6.8050201416e+02 6.8056298828e+02 6.8060998535e+02 6.8065301514e+02 6.8069000244e+02 6.8073101807e+02 6.8078100586e+02 6.8082501221e+02 6.8087402344e+02 6.8095599365e+02 6.8102600098e+02 6.8107897949e+02
6.7677301025e+02 6.7701397705e+02 6.7731597900e+02 6.7766497803e+02 6.7798797607e+02 6.7826397705e+02 6.7847802734e+02 6.7863702393e+02 6.7877398682e+02 6.7889898682e+02 6.7900500488e+02 6.7911102295e+02 6.7919500732e+02 6.7924401855e+02 6.7927697754e+02 6.7943103027e+02 6.7955999756e+02 6.7967901611e+02 6.7978497314e+02 6.7982598877e+02 6.7984997559e+02 6.7988500977e+02 6.7992797852e+02 6.7996398926e+02 6.7999798584e+02 6.8002697754e+02 6.8006402588e+02 6.8010900879e+02 6.8014697266e+02 6.8017901611e+02 6.8022100830e+02 6.8028698730e+02 6.8034002686e+02 6.8038500977e+02 6.8043798828e+02 6.8049401855e+02 6.8054602051e+02 6.8059100342e+02 6.8062701416e+02 6.8067901611e+02 6.8072601318e+02 6.8077099609e+02 6.8082702637e+02 6.8089501953e+02 6.8096197510e+02 6.8102001953e+02
6.7687298584e+02 6.7714398193e+02 6.7746801758e+02 6.7780700684e+02 6.7811798096e+02 6.7837500000e+02 6.7856799316e+02 6.7867999268e+02 6.7877398682e+02 6.7885400391e+02 6.7891400146e+02 6.7897100830e+02 6.7903002930e+02 6.7911602783e+02 6.7924597168e+02 6.7948101807e+02 6.7959802246e+02 6.7964801025e+02 6.7969897461e+02 6.7974200439e+02 6.7978497314e+02 6.7982501221e+02 6.7985699463e+02 6.7988897705e+02 6.7991900635e+02 6.7995397949e+02 6.8000201416e+02 6.8004699707e+02 6.8008099365e+02 6.8011901855e+02 6.8016699219e+02 6.8022698975e+02 6.8027801514e+02 6.8032098389e+02 6.8038397217e+02 6.8043597412e+02 6.8047998047e+02 6.8052197266e+02 6.8056298828e+02 6.8062402344e+02 6.8066802979e+02 6.8071301270e+02 6.8077001953e+02 6.8083898926e+02 6.8090301514e+02 6.8096398926e+02
6.7697100830e+02 6.7726098633e+02 6.7758502197e+02 6.7790802002e+02 6.7819299316e+02 6.7841998291e+02 6.7857800293e+02 6.7867602539e+02 6.7873297119e+02 6.7878100586e+02 6.7881402588e+02 6.7882598877e+02 6.7892602539e+02 6.7909698486e+02 6.7929602051e+02 6.7947698975e+02 6.7954400635e+02 6.7957397461e+02 6.7963500977e+02 6.7967797852e+02 6.7971301270e+02 6.7975097656e+02 6.7978997803e+02 6.7981799316e+02 6.7984997559e+02 6.7988897705e+02 6.7993103027e+02 6.7997100830e+02 6.8000799561e+02 6.8005401611e+02 6.8010797119e+02 6.8016699219e+02 6.8021997070e+02 6.8026599121e+02 6.8031298828e+02 6.8036499023e+02 6.8041900635e+02 6.8047198486e+02 6.8051898193e+02 6.8057202148e+02 6.8061102295e+02 6.8065399170e+02 6.8071398926e+02 6.8078198242e+02 6.8084100342e+02 6.8090399170e+02
6.7707897949e+02 6.7737097168e+02 6.7769201660e+02 6.7798797607e+02 6.7823602295e+02 6.7842498779e+02 6.7856402588e+02 6.7863098145e+02 6.7864697266e+02 6.7868701172e+02 6.7874700928e+02 6.7878497314e+02 6.7892401123e+02 6.7912298584e+02 6.7931097412e+02 6.7941900635e+02 6.7946301270e+02 6.7949902344e+02 6.7956298828e+02 6.7960601807e+02 6.7964001465e+02 6.7967797852e+02 6.7972802734e+02 6.7976098633e+02 6.7979797363e+02 6.7983599854e+02 6.7987200928e+02 6.7991400146e+02 6.7995800781e+02 6.8000201416e+02 6.8004998779e+02 6.8010198975e+02 6.8015502930e+02 6.8021002197e+02 6.8025097656e+02 6.8030102539e+02 6.8036602783e+02 6.8042401123e+02 6.8046899414e+02 6.8052099609e+02 6.8056701660e+02 6.8061499023e+02 6.8066302490e+02 6.8072399902e+02 6.8078100586e+02 6.8084497070e+02
6.7718701172e+02 6.7746600342e+02 6.7777398682e+02 6.7803802490e+02 6.7824700928e+02 6.7840002441e+02 6.7851898193e+02 6.7855102539e+02 6.7854602051e+02 6.7860498047e+02 6.7875000000e+02 6.7887200928e+02 6.7901599121e+02 6.7916497803e+02 6.7928302002e+02 6.7935400391e+02 6.7939801025e+02 6.7944097900e+02 6.7949700928e+02 6.7954199219e+02 6.7957800293e+02 6.7961499023e+02 6.7966198730e+02 6.7970001221e+02 6.7973999023e+02 6.7977899170e+02 6.7982098389e+02 6.7986499023e+02 6.7990997314e+02 6.7995098877e+02 6.7998901367e+02 6.8003601074e+02 6.8009399414e+02 6.8015899658e+02 6.8020098877e+02 6.8025201416e+02 6.8031298828e+02 6.8036602783e+02 6.8040997314e+02 6.8046099854e+02 6.8051702881e+02 6.8057202148e+02 6.8061297607e+02 6.8066198730e+02 6.8071801758e+02 6.8078497314e+02
6.7730102539e+02 6.7754699707e+02 6.7781500244e+02 6.7806298828e+02 6.7822900391e+02 6.7834002686e+02 6.7845599365e+02 6.7847802734e+02 6.7844702148e+02 6.7854998779e+02 6.7882397461e+02 6.7900799561e+02 6.7912597656e+02 6.7917901611e+02 6.7921301270e+02 6.7928698730e+02 6.7934002686e+02 6.7937902832e+02 6.7942797852e+02 6.7947302246e+02 6.7951300049e+02 6.7954998779e+02 6.7958801270e+02 6.7963598633e+02 6.7968298340e+02 6.7971502686e+02 6.7975097656e+02 6.7980200195e+02 6.7985400391e+02 6.7990100098e+02 6.7994299316e+02 6.7998602295e+02 6.8003802490e+02 6.8009899902e+02 6.8015002441e+02 6.8019396973e+02 6.8024902344e+02 6.8029797363e+02 6.8035699463e+02 6.8040600586e+02 6.8046697998e+02 6.8052899170e+02 6.8058197021e+02 6.8061499023e+02 6.8066497803e+02 6.8073797607e+02
6.7740997314e+02 6.7761700439e+02 6.7783099365e+02 6.7804998779e+02 6.7817498779e+02 6.7823999023e+02 6.7830999756e+02 6.7836901855e+02 6.7841497803e+02 6.7857000732e+02 6.7880700684e+02 6.7898797607e+02 6.7907098389e+02 6.7908898926e+02 6.7913201904e+02 6.7920397949e+02 6.7926098633e+02 6.7929602051e+02 6.7933898926e+02 6.7939001465e+02 6.7943701172e+02 6.7948101807e+02 6.7953002930e+02 6.7958001709e+02 6.7962500000e+02 6.7965600586e+02 6.7969396973e+02 6.7974401855e+02 6.7979101563e+02 6.7983898926e+02 6.7988702393e+02 6.7993902588e+02 6.7998901367e+02 6.8003698730e+02 6.8008099365e+02 6.8013702393e+02 6.8019500732e+02 6.8023901367e+02 6.8030603027e+02 6.8035900879e+02 6.8042297363e+02 6.8047998047e+02 6.8051800537e+02 6.8055999756e+02 6.8060900879e+02 6.8067602539e+02
6.7748797607e+02 6.7765899658e+02 6.7783099365e+02 6.7799200439e+02 6.7809002686e+02 6.7815399170e+02 6.7822399902e+02 6.7832598877e+02 6.7847399902e+02 6.7865002441e+02 6.7881402588e+02 6.7892602539e+02 6.7897601318e+02 6.7900299072e+02 6.7905798340e+02 6.7912097168e+02 6.7918200684e+02 6.7922601318e+02 6.7927398682e+02 6.7932098389e+02 6.7937200928e+02 6.7942102051e+02 6.7946997070e+02 6.7951202393e+02 6.7955700684e+02 6.7959997559e+02 6.7964202881e+02 6.7968499756e+02 6.7973297119e+02 6.7978002930e+02 6.7982598877e+02 6.7988000488e+02 6.7993298340e+02 6.7998101807e+02 6.8002600098e+02 6.8008898926e+02 6.8014697266e+02 6.8018499756e+02 6.8024499512e+02 6.8030603027e+02 6.8036999512e+02 6.8042498779e+02 6.8046197510e+02 6.8051000977e+02 6.8056201172e+02 6.8061602783e+02
6.7754498291e+02 6.7768402100e+02 6.7782702637e+02 6.7794598389e+02 6.7803497314e+02 6.7811901855e+02 6.7823901367e+02 6.7839599609e+02 6.7855102539e+02 6.7867999268e+02 6.7876599121e+02 6.7882800293e+02 6.7888098145e+02 6.7893499756e+02 6.7899401855e+02 6.7904699707e+02 6.7910198975e+02 6.7915197754e+02 6.7920501709e+02 6.7925000000e+02 6.7930603027e+02 6.7935998535e+02 6.7940502930e+02 6.7944702148e+02 6.7949700928e+02 6.7954400635e+02 6.7958300781e+02 6.7962597656e+02 6.7967401123e+02 6.7972100830e+02 6.7976898193e+02 6.7982501221e+02 6.7987799072e+02 6.7993200684e+02 6.7998297119e+02 6.8004199219e+02 6.8009399414e+02 6.8013000488e+02 6.8018402100e+02 6.8024499512e+02 6.8030499268e+02 6.8036602783e+02 6.8041400146e+02 6.8046197510e+02 6.8051397705e+02 6.8056201172e+02
6.7758197021e+02 6.7770397949e+02 6.7782501221e+02 6.7795098877e+02 6.7805499268e+02 6.7815301514e+02 6.7827099609e+02 6.7844799805e+02 6.7856500244e+02 6.7863201904e+02 6.7867999268e+02 6.7874200439e+02 6.7880401611e+02 6.7886499023e+02 6.7893103027e+02 6.7898699951e+02 6.7902899170e+02 6.7907397461e+02 6.7912799072e+02 6.7918103027e+02 6.7924200439e+02 6.7929400635e+02 6.7934399414e+02 6.7937799072e+02 6.7943499756e+02 6.7947998047e+02 6.7952001953e+02 6.7957000732e+02 6.7961602783e+02 6.7966302490e+02 6.7971801758e+02 6.7977197266e+02 6.7982702637e+02 6.7988397217e+02 6.7994201660e+02 6.7999298096e+02 6.8004101563e+02 6.8008502197e+02 6.8014300537e+02 6.8019897461e+02 6.8026000977e+02 6.8031896973e+02 6.8036499023e+02 6.8041198730e+02 6.8046502686e+02 6.8052301025e+02
6.7760699463e+02 6.7772399902e+02 6.7782000732e+02 6.7797900391e+02 6.7810198975e+02 6.7817999268e+02 6.7824798584e+02 6.7837500000e+02 6.7847802734e+02 6.7855401611e+02 6.7861999512e+02 6.7868103027e+02 6.7873602295e+02 6.7879602051e+02 6.7886297607e+02 6.7891802979e+02 6.7895898438e+02 6.7900402832e+02 6.7905700684e+02 6.7911199951e+02 6.7916497803e+02 6.7921197510e+02 6.7926599121e+02 6.7930999756e+02 6.7936102295e+02 6.7940399170e+02 6.7944799805e+02 6.7950500488e+02 6.7955700684e+02 6.7960900879e+02 6.7966497803e+02 6.7972399902e+02 6.7977899170e+02 6.7982897949e+02 6.7988098145e+02 6.7993597412e+02 6.7997900391e+02 6.8003100586e+02 6.8010498047e+02 6.8015802002e+02 6.8020800781e+02 6.8026800537e+02 6.8032598877e+02 6.8038098145e+02 6.8042700195e+02 6.8048797607e+02
6.7763299561e+02 6.7776202393e+02 6.7783898926e+02 6.7796600342e+02 6.7807897949e+02 6.7815301514e+02 6.7820397949e+02 6.7829302979e+02 6.7838397217e+02 6.7847198486e+02 6.7855499268e+02 6.7860998535e+02 6.7866998291e+02 6.7873699951e+02 6.7879302979e+02 6.7883599854e+02 6.7888098145e+02 6.7893298340e+02 6.7899401855e+02 6.7904199219e+02 6.7909399414e+02 6.7914099121e+02 6.7919201660e+02 6.7924200439e+02 6.7928900146e+02 6.7933300781e+02 6.7939001465e+02 6.7945397949e+02 6.7951599121e+02 6.7957098389e+02 6.7962200928e+02 6.7968103027e+02 6.7973699951e+02 6.7978399658e+02 6.7982702637e+02 6.7988397217e+02 6.7992999268e+02 6.7998400879e+02 6.8005902100e+02 6.8011102295e+02 6.8016302490e+02 6.8022399902e+02 6.8027899170e+02 6.8034197998e+02 6.8039300537e+02 6.8045001221e+02
6.7763299561e+02 6.7777899170e+02 6.7785699463e+02 6.7792700195e+02 6.7800701904e+02 6.7808099365e+02 6.7814398193e+02 6.7823498535e+02 6.7832299805e+02 6.7840600586e+02 6.7848400879e+02 6.7853497314e+02 6.7860302734e+02 6.7867401123e+02 6.7872100830e+02 6.7876000977e+02 6.7881097412e+02 6.7886999512e+02 6.7893200684e+02 6.7896801758e+02 6.7901898193e+02 6.7907202148e+02 6.7913000488e+02 6.7919299316e+02 6.7923199463e+02 6.7927197266e+02 6.7934197998e+02 6.7940100098e+02 6.7946398926e+02 6.7952398682e+02 6.7957397461e+02 6.7963897705e+02 6.7969598389e+02 6.7974798584e+02 6.7978802490e+02 6.7983801270e+02 6.7988702393e+02 6.7994201660e+02 6.8001202393e+02 6.8006402588e+02 6.8011798096e+02 6.8018103027e+02 6.8023400879e+02 6.8029901123e+02 6.8036102295e+02 6.8041998291e+02
6.7761401367e+02 6.7774401855e+02 6.7782800293e+02 6.7787200928e+02 6.7792401123e+02 6.7800201416e+02 6.7807897949e+02 6.7817498779e+02 6.7826202393e+02 6.7833099365e+02 6.7840301514e+02 6.7846600342e+02 6.7853497314e+02 6.7860101318e+02 6.7864697266e+02 6.7869097900e+02 6.7874902344e+02 6.7880499268e+02 6.7886102295e+02 6.7889697266e+02 6.7895300293e+02 6.7901702881e+02 6.7907598877e+02 6.7912097168e+02 6.7916601563e+02 6.7921398926e+02 6.7927801514e+02 6.7933300781e+02 6.7940002441e+02 6.7947302246e+02 6.7952502441e+02 6.7959399414e+02 6.7964599609e+02 6.7969702148e+02 6.7973999023e+02 6.7978900146e+02 6.7984399414e+02 6.7990002441e+02 6.7996600342e+02 6.8002001953e+02 6.8007501221e+02 6.8014300537e+02 6.8019500732e+02 6.8024902344e+02 6.8031097412e+02 6.8038000488e+02
6.7760198975e+02 6.7767602539e+02 6.7775000000e+02 6.7779302979e+02 6.7785400391e+02 6.7794702148e+02 6.7801800537e+02 6.7809698486e+02 6.7819097900e+02 6.7826300049e+02 6.7832397461e+02 6.7839202881e+02 6.7845898438e+02 6.7852301025e+02 6.7857501221e+02 6.7861999512e+02 6.7867999268e+02 6.7872802734e+02 6.7878399658e+02 6.7884301758e+02 6.7889501953e+02 6.7894897461e+02 6.7900299072e+02 6.7905401611e+02 6.7910998535e+02 6.7916302490e+02 6.7922198486e+02 6.7928802490e+02 6.7934997559e+02 6.7941699219e+02 6.7946997070e+02 6.7953802490e+02 6.7959197998e+02 6.7964001465e+02 6.7968902588e+02 6.7974902344e+02 6.7980603027e+02 6.7986297607e+02 6.7992102051e+02 6.7998199463e+02 6.8003497314e+02 6.8008599854e+02 6.8014501953e+02 6.8021398926e+02 6.8026800537e+02 6.8033099365e+02
6.7755603027e+02 6.7760498047e+02 6.7767602539e+02 6.7772802734e+02 6.7779602051e+02 6.7788598633e+02 6.7794500732e+02 6.7801599121e+02 6.7811499023e+02 6.7818798828e+02 6.7824102783e+02 6.7830603027e+02 6.7837402344e+02 6.7844299316e+02 6.7850097656e+02 6.7854998779e+02 6.7859997559e+02 6.7864398193e+02 6.7871002197e+02 6.7877697754e+02 6.7882397461e+02 6.7887500000e+02 6.7893200684e+02 6.7899597168e+02 6.7906597900e+02 6.7911297607e+02 6.7915399170e+02 6.7922802734e+02 6.7929199219e+02 6.7935400391e+02 6.7941198730e+02 6.7947802734e+02 6.7953698730e+02 6.7958898926e+02 6.7964697266e+02 6.7970697021e+02 6.7976501465e+02 6.7982202148e+02 6.7988098145e+02 6.7995098877e+02 6.8000500488e+02 6.8004901123e+02 6.8011102295e+02 6.8018798828e+02 6.8024700928e+02 6.8030499268e+02
6.7748602295e+02 6.7754400635e+02 6.7762200928e+02 6.7768103027e+02 6.7774597168e+02 6.7782098389e+02 6.7787298584e+02 6.7794201660e+02 6.7803698730e+02 6.7810900879e+02 6.7817102051e+02 6.7823999023e+02 6.7830700684e+02 6.7836798096e+02 6.7841497803e+02 6.7847601318e+02 6.7852899170e+02 6.7858197021e+02 6.7865197754e+02 6.7870800781e+02 6.7875598145e+02 6.7881298828e+02 6.7886602783e+02 6.7894000244e+02 6.7901501465e+02 6.7905798340e+02 6.7909997559e+02 6.7917199707e+02 6.7922698975e+02 6.7928698730e+02 6.7934997559e+02 6.7942102051e+02 6.7948400879e+02 6.7954400635e+02 6.7960900879e+02 6.7966601563e+02 6.7972399902e+02 6.7978100586e+02 6.7984100342e+02 6.7990002441e+02 6.7995202637e+02 6.8001000977e+02 6.8007000732e+02 6.8014300537e+02 6.8021099854e+02 6.8027398682e+02
