TESTSERVER/21/9.asc
NCOLS 100
NROWS 100
XLLCORNER 8.5497500000e+03
YLLCORNER 2.8950025000e+05
CELLSIZE 5.0000000000e-01
NODATA_VALUE -9.9990000000e+03
[rows 40 to 59 of 100, columns 0 to 45 of 100]
6.7073699951e+02 6.7082800293e+02 6.7090899658e+02 6.7098297119e+02 6.7107000732e+02 6.7115502930e+02 6.7123999023e+02 6.7131597900e+02 6.7140301514e+02 6.7147198486e+02 6.7154699707e+02 6.7161901855e+02 6.7167999268e+02 6.7175598145e+02 6.7183099365e+02 6.7190502930e+02 6.7198699951e+02 6.7204498291e+02 6.7210498047e+02 6.7217602539e+02 6.7224499512e+02 6.7232800293e+02 6.7241101074e+02 6.7247302246e+02 6.7254302979e+02 6.7260900879e+02 6.7268200684e+02 6.7277697754e+02 6.7285998535e+02 6.7293902588e+02 6.7301702881e+02 6.7309698486e+02 6.7318597412e+02 6.7328497314e+02 6.7338397217e+02 6.7348797607e+02 6.7357702637e+02 6.7367297363e+02 6.7378302002e+02 6.7387902832e+02 6.7395800781e+02 6.7406097412e+02 6.7416699219e+02 6.7425897217e+02 6.7435498047e+02 6.7447399902e+02
6.7063299561e+02 6.7072198486e+02 6.7079602051e+02 6.7086297607e+02 6.7094000244e+02 6.7102801514e+02 6.7111999512e+02 6.7120001221e+02 6.7127502441e+02 6.7134399414e+02 6.7141302490e+02 6.7148797607e+02 6.7155297852e+02 6.7162597656e+02 6.7169799805e+02 6.7177600098e+02 6.7185900879e+02 6.7192602539e+02 6.7199902344e+02 6.7207702637e+02 6.7214501953e+02 6.7222100830e+02 6.7230200195e+02 6.7236999512e+02 6.7246002197e+02 6.7252099609e+02 6.7258898926e+02 6.7267602539e+02 6.7276000977e+02 6.7284399414e+02 6.7292700195e+02 6.7301501465e+02 6.7311798096e+02 6.7320202637e+02 6.7329199219e+02 6.7339697266e+02 6.7349298096e+02 6.7359301758e+02 6.7370300293e+02 6.7379400635e+02 6.7388098145e+02 6.7398901367e+02 6.7409197998e+02 6.7418103027e+02 6.7428100586e+02 6.7439599609e+02
6.7052099609e+02 6.7060797119e+02 6.7068103027e+02 6.7075799561e+02 6.7083300781e+02 6.7091400146e+02 6.7100201416e+02 6.7108398438e+02 6.7115301514e+02 6.7123297119e+02 6.7130200195e+02 6.7136999512e+02 6.7144396973e+02 6.7152197266e+02 6.7158502197e+02 6.7165197754e+02 6.7172998047e+02 6.7179901123e+02 6.7187902832e+02 6.7196002197e+02 6.7202801514e+02 6.7210302734e+02 6.7217999268e+02 6.7225500488e+02 6.7233898926e+02 6.7240997314e+02 6.7249102783e+02 6.7258197021e+02 6.7267901611e+02 6.7275000000e+02 6.7283502197e+02 6.7294299316e+02 6.7305700684e+02 6.7313000488e+02 6.7321099854e+02 6.7331896973e+02 6.7341900635e+02 6.7351202393e+02 6.7361901855e+02 6.7371899414e+02 6.7382397461e+02 6.7392901611e+02 6.7403997803e+02 6.7414202881e+02 6.7423498535e+02 6.7433300781e+02
6.7039599609e+02 6.7047998047e+02 6.7055798340e+02 6.7064202881e+02 6.7072497559e+02 6.7080200195e+02 6.7087902832e+02 6.7095898438e+02 6.7103002930e+02 6.7111199951e+02 6.7118298340e+02 6.7124902344e+02 6.7133001709e+02 6.7140600586e+02 6.7146801758e+02 6.7153601074e+02 6.7160900879e+02 6.7167199707e+02 6.7175299072e+02 6.7183801270e+02 6.7190698242e+02 6.7198999023e+02 6.7207202148e+02 6.7214898682e+02 6.7222100830e+02 6.7229901123e+02 6.7238702393e+02 6.7248297119e+02 6.7259399414e+02 6.7266198730e+02 6.7274298096e+02 6.7285198975e+02 6.7296502686e+02 6.7304498291e+02 6.7314001465e+02 6.7325201416e+02 6.7335198975e+02 6.7343701172e+02 6.7353601074e+02 6.7364202881e+02 6.7375799561e+02 6.7385601807e+02 6.7397198486e+02 6.7408398438e+02 6.7417901611e+02 6.7427001953e+02
6.7027099609e+02 6.7036401367e+02 6.7044299316e+02 6.7052099609e+02 6.7060198975e+02 6.7068402100e+02 6.7075097656e+02 6.7082397461e+02 6.7090698242e+02 6.7098602295e+02 6.7105603027e+02 6.7112500000e+02 6.7121502686e+02 6.7127197266e+02 6.7134497070e+02 6.7142797852e+02 6.7149597168e+02 6.7156298828e+02 6.7163201904e+02 6.7170697021e+02 6.7179602051e+02 6.7187701416e+02 6.7196801758e+02 6.7205603027e+02 6.7214202881e+02 6.7222100830e+02 6.7228698730e+02 6.7236798096e+02 6.7248498535e+02 6.7258197021e+02 6.7265899658e+02 6.7275402832e+02 6.7286700439e+02 6.7295397949e+02 6.7306701660e+02 6.7316802979e+02 6.7326702881e+02 6.7336798096e+02 6.7346697998e+02 6.7357299805e+02 6.7368103027e+02 6.7377801514e+02 6.7388702393e+02 6.7399798584e+02 6.7410699463e+02 6.7420300293e+02
6.7015399170e+02 6.7026098633e+02 6.7033898926e+02 6.7040899658e+02 6.7048400879e+02 6.7056402588e+02 6.7063098145e+02 6.7070300293e+02 6.7078900146e+02 6.7085601807e+02 6.7092401123e+02 6.7099401855e+02 6.7108099365e+02 6.7115100098e+02 6.7122698975e+02 6.7130603027e+02 6.7137200928e+02 6.7144000244e+02 6.7151300049e+02 6.7159301758e+02 6.7169000244e+02 6.7177001953e+02 6.7185601807e+02 6.7193798828e+02 6.7201397705e+02 6.7211297607e+02 6.7219201660e+02 6.7228100586e+02 6.7239300537e+02 6.7247998047e+02 6.7256097412e+02 6.7267498779e+02 6.7279901123e+02 6.7288500977e+02 6.7298999023e+02 6.7307598877e+02 6.7317199707e+02 6.7327398682e+02 6.7338397217e+02 6.7350598145e+02 6.7363098145e+02 6.7371197510e+02 6.7381799316e+02 6.7392999268e+02 6.7403900146e+02 6.7414001465e+02
6.7004302979e+02 6.7013299561e+02 6.7021600342e+02 6.7029498291e+02 6.7036199951e+02 6.7044000244e+02 6.7051098633e+02 6.7057800293e+02 6.7065002441e+02 6.7071301270e+02 6.7078802490e+02 6.7086199951e+02 6.7094396973e+02 6.7102502441e+02 6.7109899902e+02 6.7117602539e+02 6.7125201416e+02 6.7132098389e+02 6.7140698242e+02 6.7148901367e+02 6.7157702637e+02 6.7166101074e+02 6.7174298096e+02 6.7182000732e+02 6.7190100098e+02 6.7200299072e+02 6.7209600830e+02 6.7219598389e+02 6.7228997803e+02 6.7236401367e+02 6.7246301270e+02 6.7258502197e+02 6.7270001221e+02 6.7278997803e+02 6.7289801025e+02 6.7299597168e+02 6.7310400391e+02 6.7319598389e+02 6.7330401611e+02 6.7343200684e+02 6.7356597900e+02 6.7365600586e+02 6.7375897217e+02 6.7386297607e+02 6.7396002197e+02 6.7406896973e+02
6.6993200684e+02 6.7000598145e+02 6.7008697510e+02 6.7017401123e+02 6.7025000000e+02 6.7032098389e+02 6.7039001465e+02 6.7045397949e+02 6.7051501465e+02 6.7058801270e+02 6.7066900635e+02 6.7074200439e+02 6.7082098389e+02 6.7090197754e+02 6.7096801758e+02 6.7104302979e+02 6.7113000488e+02 6.7120397949e+02 6.7129101563e+02 6.7137701416e+02 6.7146002197e+02 6.7154101563e+02 6.7162597656e+02 6.7171002197e+02 6.7180603027e+02 6.7189599609e+02 6.7198999023e+02 6.7209600830e+02 6.7218902588e+02 6.7227600098e+02 6.7238201904e+02 6.7249200439e+02 6.7259802246e+02 6.7269897461e+02 6.7281201172e+02 6.7291497803e+02 6.7303002930e+02 6.7311798096e+02 6.7322900391e+02 6.7334997559e+02 6.7347399902e+02 6.7358001709e+02 6.7368798828e+02 6.7379699707e+02 6.7389099121e+02 6.7399499512e+02
6.6978802490e+02 6.6987701416e+02 6.6996502686e+02 6.7005200195e+02 6.7014099121e+02 6.7020001221e+02 6.7027197266e+02 6.7034600830e+02 6.7041400146e+02 6.7048498535e+02 6.7055401611e+02 6.7061700439e+02 6.7069897461e+02 6.7077600098e+02 6.7084698486e+02 6.7092401123e+02 6.7100000000e+02 6.7108599854e+02 6.7116699219e+02 6.7125701904e+02 6.7135900879e+02 6.7144702148e+02 6.7153198242e+02 6.7160900879e+02 6.7169299316e+02 6.7179302979e+02 6.7188397217e+02 6.7198602295e+02 6.7209197998e+02 6.7219500732e+02 6.7229498291e+02 6.7239501953e+02 6.7251501465e+02 6.7261401367e+02 6.7271997070e+02 6.7282800293e+02 6.7293597412e+02 6.7303997803e+02 6.7316198730e+02 6.7327600098e+02 6.7339898682e+02 6.7350701904e+02 6.7360900879e+02 6.7372399902e+02 6.7383697510e+02 6.7392700195e+02
6.6966302490e+02 6.6976098633e+02 6.6984497070e+02 6.6992102051e+02 6.7000402832e+02 6.7007702637e+02 6.7015997314e+02 6.7023101807e+02 6.7029400635e+02 6.7037701416e+02 6.7044097900e+02 6.7049902344e+02 6.7057397461e+02 6.7065399170e+02 6.7073297119e+02 6.7080999756e+02 6.7089099121e+02 6.7097302246e+02 6.7105999756e+02 6.7115600586e+02 6.7125897217e+02 6.7134497070e+02 6.7143402100e+02 6.7150799561e+02 6.7158099365e+02 6.7169097900e+02 6.7178698730e+02 6.7187701416e+02 6.7198199463e+02 6.7209301758e+02 6.7220800781e+02 6.7231402588e+02 6.7242797852e+02 6.7252502441e+02 6.7263201904e+02 6.7273999023e+02 6.7285101318e+02 6.7296099854e+02 6.7307299805e+02 6.7318402100e+02 6.7331402588e+02 6.7342498779e+02 6.7353900146e+02 6.7365899658e+02 6.7377600098e+02 6.7386901855e+02
6.6954901123e+02 6.6964501953e+02 6.6971697998e+02 6.6978601074e+02 6.6987597656e+02 6.6996099854e+02 6.7003997803e+02 6.7010198975e+02 6.7017700195e+02 6.7026898193e+02 6.7033599854e+02 6.7039801025e+02 6.7046398926e+02 6.7054302979e+02 6.7062097168e+02 6.7069500732e+02 6.7078100586e+02 6.7085601807e+02 6.7094799805e+02 6.7104901123e+02 6.7115197754e+02 6.7122198486e+02 6.7131402588e+02 6.7140399170e+02 6.7149102783e+02 6.7159997559e+02 6.7169396973e+02 6.7178997803e+02 6.7190100098e+02 6.7199401855e+02 6.7211499023e+02 6.7222802734e+02 6.7233697510e+02 6.7244201660e+02 6.7255200195e+02 6.7266497803e+02 6.7277697754e+02 6.7289300537e+02 6.7299298096e+02 6.7310302734e+02 6.7323498535e+02 6.7335198975e+02 6.7347900391e+02 6.7359100342e+02 6.7370202637e+02 6.7381500244e+02
6.6942999268e+02 6.6952600098e+02 6.6959399414e+02 6.6966101074e+02 6.6975299072e+02 6.6983697510e+02 6.6991101074e+02 6.6997100830e+02 6.7005700684e+02 6.7014697266e+02 6.7021398926e+02 6.7028302002e+02 6.7035302734e+02 6.7043499756e+02 6.7051098633e+02 6.7058001709e+02 6.7066400146e+02 6.7074597168e+02 6.7084002686e+02 6.7094097900e+02 6.7103601074e+02 6.7110498047e+02 6.7119897461e+02 6.7129602051e+02 6.7139398193e+02 6.7150000000e+02 6.7159399414e+02 6.7170300293e+02 6.7182098389e+02 6.7190301514e+02 6.7202801514e+02 6.7214801025e+02 6.7224902344e+02 6.7234899902e+02 6.7246697998e+02 6.7258502197e+02 6.7268798828e+02 6.7280902100e+02 6.7291302490e+02 6.7302801514e+02 6.7315997314e+02 6.7327600098e+02 6.7340502930e+02 6.7351300049e+02 6.7362701416e+02 6.7374499512e+02
6.6930999756e+02 6.6940802002e+02 6.6948101807e+02 6.6954400635e+02 6.6962097168e+02 6.6970202637e+02 6.6978100586e+02 6.6985101318e+02 6.6993298340e+02 6.7002001953e+02 6.7008697510e+02 6.7015802002e+02 6.7025097656e+02 6.7032800293e+02 6.7039898682e+02 6.7046899414e+02 6.7054998779e+02 6.7063397217e+02 6.7072900391e+02 6.7082501221e+02 6.7091101074e+02 6.7099499512e+02 6.7109399414e+02 6.7118798828e+02 6.7128802490e+02 6.7139599609e+02 6.7149700928e+02 6.7161102295e+02 6.7172198486e+02 6.7180902100e+02 6.7193597412e+02 6.7205902100e+02 6.7216101074e+02 6.7225299072e+02 6.7237402344e+02 6.7249902344e+02 6.7261297607e+02 6.7272802734e+02 6.7283599854e+02 6.7295202637e+02 6.7307501221e+02 6.7318597412e+02 6.7331201172e+02 6.7343402100e+02 6.7355401611e+02 6.7366198730e+02
6.6918298340e+02 6.6927801514e+02 6.6934399414e+02 6.6941601563e+02 6.6950402832e+02 6.6956597900e+02 6.6965502930e+02 6.6973901367e+02 6.6980499268e+02 6.6988598633e+02 6.6995300293e+02 6.7002502441e+02 6.7011602783e+02 6.7019000244e+02 6.7027197266e+02 6.7036102295e+02 6.7043902588e+02 6.7052697754e+02 6.7062200928e+02 6.7070202637e+02 6.7077801514e+02 6.7086499023e+02 6.7096697998e+02 6.7107501221e+02 6.7118200684e+02 6.7127697754e+02 6.7139099121e+02 6.7152099609e+02 6.7163098145e+02 6.7171099854e+02 6.7182000732e+02 6.7195697021e+02 6.7207299805e+02 6.7216802979e+02 6.7229400635e+02 6.7241998291e+02 6.7252301025e+02 6.7264501953e+02 6.7276599121e+02 6.7288598633e+02 6.7300201416e+02 6.7311901855e+02 6.7323999023e+02 6.7335400391e+02 6.7347100830e+02 6.7358398438e+02
6.6904901123e+02 6.6915399170e+02 6.6921502686e+02 6.6928698730e+02 6.6937097168e+02 6.6943798828e+02 6.6952697754e+02 6.6960900879e+02 6.6967602539e+02 6.6975500488e+02 6.6982501221e+02 6.6990197754e+02 6.6998699951e+02 6.7005999756e+02 6.7014697266e+02 6.7023999023e+02 6.7032397461e+02 6.7041400146e+02 6.7050402832e+02 6.7057897949e+02 6.7065802002e+02 6.7075201416e+02 6.7085797119e+02 6.7096600342e+02 6.7107397461e+02 6.7117297363e+02 6.7128601074e+02 6.7140899658e+02 6.7152600098e+02 6.7160699463e+02 6.7171301270e+02 6.7185601807e+02 6.7198602295e+02 6.7208898926e+02 6.7221997070e+02 6.7234802246e+02 6.7244799805e+02 6.7257098389e+02 6.7268902588e+02 6.7280200195e+02 6.7291699219e+02 6.7304101563e+02 6.7317102051e+02 6.7328002930e+02 6.7339599609e+02 6.7351501465e+02
6.6891699219e+02 6.6901702881e+02 6.6907702637e+02 6.6915197754e+02 6.6923199463e+02 6.6931597900e+02 6.6939898682e+02 6.6948101807e+02 6.6955499268e+02 6.6962402344e+02 6.6969500732e+02 6.6977398682e+02 6.6985302734e+02 6.6993701172e+02 6.7001898193e+02 6.7010900879e+02 6.7020697021e+02 6.7029901123e+02 6.7038000488e+02 6.7046099854e+02 6.7055102539e+02 6.7065399170e+02 6.7076098633e+02 6.7085900879e+02 6.7095898438e+02 6.7107202148e+02 6.7118298340e+02 6.7130102539e+02 6.7142700195e+02 6.7152099609e+02 6.7163598633e+02 6.7177099609e+02 6.7190100098e+02 6.7201098633e+02 6.7213800049e+02 6.7226300049e+02 6.7236901855e+02 6.7249401855e+02 6.7261102295e+02 6.7272497559e+02 6.7284497070e+02 6.7296600342e+02 6.7310302734e+02 6.7321099854e+02 6.7331701660e+02 6.7343701172e+02
6.6881097412e+02 6.6889801025e+02 6.6895898438e+02 6.6902899170e+02 6.6909802246e+02 6.6917797852e+02 6.6926000977e+02 6.6935400391e+02 6.6943902588e+02 6.6950402832e+02 6.6957598877e+02 6.6965301514e+02 6.6973101807e+02 6.6980297852e+02 6.6988500977e+02 6.6997601318e+02 6.7008398438e+02 6.7017401123e+02 6.7025701904e+02 6.7035302734e+02 6.7045202637e+02 6.7054901123e+02 6.7065002441e+02 6.7074499512e+02 6.7084802246e+02 6.7097302246e+02 6.7109100342e+02 6.7120599365e+02 6.7133099365e+02 6.7144000244e+02 6.7156597900e+02 6.7168902588e+02 6.7181799316e+02 6.7192901611e+02 6.7204797363e+02 6.7216497803e+02 6.7227801514e+02 6.7241400146e+02 6.7253198242e+02 6.7265197754e+02 6.7279699707e+02 6.7290502930e+02 6.7303900146e+02 6.7315301514e+02 6.7325701904e+02 6.7336798096e+02
6.6866497803e+02 6.6875799561e+02 6.6880902100e+02 6.6887799072e+02 6.6897998047e+02 6.6905401611e+02 6.6913702393e+02 6.6922900391e+02 6.6928997803e+02 6.6937597656e+02 6.6946197510e+02 6.6954498291e+02 6.6961999512e+02 6.6969000244e+02 6.6976898193e+02 6.6984899902e+02 6.6994396973e+02 6.7003997803e+02 6.7013500977e+02 6.7024401855e+02 6.7035198975e+02 6.7043597412e+02 6.7053497314e+02 6.7064300537e+02 6.7075701904e+02 6.7087097168e+02 6.7098901367e+02 6.7110601807e+02 6.7122497559e+02 6.7133398438e+02 6.7148101807e+02 6.7160900879e+02 6.7173101807e+02 6.7184997559e+02 6.7197100830e+02 6.7208300781e+02 6.7220300293e+02 6.7233197021e+02 6.7244897461e+02 6.7257397461e+02 6.7271099854e+02 6.7282397461e+02 6.7295202637e+02 6.7308502197e+02 6.7321697998e+02 6.7330499268e+02
6.6853002930e+02 6.6862298584e+02 6.6867999268e+02 6.6874700928e+02 6.6884497070e+02 6.6890600586e+02 6.6899401855e+02 6.6909497070e+02 6.6915600586e+02 6.6924499512e+02 6.6933001709e+02 6.6941497803e+02 6.6949298096e+02 6.6957702637e+02 6.6966101074e+02 6.6973901367e+02 6.6982397461e+02 6.6992498779e+02 6.7003002930e+02 6.7014501953e+02 6.7025598145e+02 6.7033300781e+02 6.7042797852e+02 6.7053100586e+02 6.7065100098e+02 6.7076599121e+02 6.7088598633e+02 6.7100299072e+02 6.7112402344e+02 6.7123999023e+02 6.7139099121e+02 6.7151397705e+02 6.7162799072e+02 6.7175402832e+02 6.7188800049e+02 6.7201098633e+02 6.7212701416e+02 6.7225000000e+02 6.7237500000e+02 6.7249700928e+02 6.7262200928e+02 6.7274200439e+02 6.7286700439e+02 6.7299401855e+02 6.7312902832e+02 6.7323199463e+02
6.6839898682e+02 6.6848498535e+02 6.6854602051e+02 6.6861297607e+02 6.6871002197e+02 6.6877197266e+02 6.6885900879e+02 6.6895898438e+02 6.6903497314e+02 6.6911999512e+02 6.6919799805e+02 6.6928802490e+02 6.6936700439e+02 6.6944897461e+02 6.6954199219e+02 6.6962799072e+02 6.6971099854e+02 6.6981896973e+02 6.6992700195e+02 6.7003601074e+02 6.7015399170e+02 6.7024102783e+02 6.7034002686e+02 6.7043902588e+02 6.7055499268e+02 6.7066802979e+02 6.7078802490e+02 6.7091497803e+02 6.7104302979e+02 6.7115698242e+02 6.7129699707e+02 6.7141699219e+02 6.7153601074e+02 6.7165997314e+02 6.7179498291e+02 6.7193103027e+02 6.7204901123e+02 6.7216198730e+02 6.7228698730e+02 6.7240997314e+02 6.7254901123e+02 6.7266601563e+02 6.7278698730e+02 6.7290502930e+02 6.7302502441e+02 6.7315698242e+02
