TESTSERVER/21/9.asc
NCOLS 100
NROWS 100
XLLCORNER 8.5497500000e+03
YLLCORNER 2.8950025000e+05
CELLSIZE 5.0000000000e-01
NODATA_VALUE -9.9990000000e+03
[rows 80 to 99 of 100, columns 0 to 45 of 100]
6.6571899414e+02 6.6580297852e+02 6.6588500977e+02 6.6598297119e+02 6.6609899902e+02 6.6621002197e+02 6.6631298828e+02 6.6642199707e+02 6.6654400635e+02 6.6667602539e+02 6.6678100586e+02 6.6688897705e+02 6.6702001953e+02 6.6715899658e+02 6.6729797363e+02 6.6742297363e+02 6.6753900146e+02 6.6766699219e+02 6.6779901123e+02 6.6792102051e+02 6.6805200195e+02 6.6817102051e+02 6.6828997803e+02 6.6841802979e+02 6.6854797363e+02 6.6866802979e+02 6.6879302979e+02 6.6892498779e+02 6.6905999756e+02 6.6916101074e+02 6.6928100586e+02 6.6940399170e+02 6.6954498291e+02 6.6967199707e+02 6.6978198242e+02 6.6991497803e+02 6.7002600098e+02 6.7015399170e+02 6.7027502441e+02 6.7039001465e+02 6.7050799561e+02 6.7063201904e+02 6.7074700928e+02 6.7085400391e+02 6.7096997070e+02 6.7109399414e+02
6.6558300781e+02 6.6569097900e+02 6.6576800537e+02 6.6585699463e+02 6.6597601318e+02 6.6609399414e+02 6.6619799805e+02 6.6630999756e+02 6.6642498779e+02 6.6655102539e+02 6.6666601563e+02 6.6678198242e+02 6.6692297363e+02 6.6705102539e+02 6.6718597412e+02 6.6730700684e+02 6.6743298340e+02 6.6757000732e+02 6.6768902588e+02 6.6780297852e+02 6.6793103027e+02 6.6805499268e+02 6.6819000244e+02 6.6833197021e+02 6.6845001221e+02 6.6855603027e+02 6.6868200684e+02 6.6881298828e+02 6.6893798828e+02 6.6906402588e+02 6.6919097900e+02 6.6930999756e+02 6.6943499756e+02 6.6955999756e+02 6.6968402100e+02 6.6982397461e+02 6.6993103027e+02 6.7005798340e+02 6.7015899658e+02 6.7027398682e+02 6.7041101074e+02 6.7053198242e+02 6.7063500977e+02 6.7074298096e+02 6.7086199951e+02 6.7098797607e+02
6.6546398926e+02 6.6554998779e+02 6.6564001465e+02 6.6575201416e+02 6.6585101318e+02 6.6595599365e+02 6.6608001709e+02 6.6619299316e+02 6.6630603027e+02 6.6642401123e+02 6.6655297852e+02 6.6667999268e+02 6.6680999756e+02 6.6693103027e+02 6.6707299805e+02 6.6719396973e+02 6.6730999756e+02 6.6745397949e+02 6.6757702637e+02 6.6769702148e+02 6.6782501221e+02 6.6794799805e+02 6.6808502197e+02 6.6822698975e+02 6.6834399414e+02 6.6845501709e+02 6.6857897949e+02 6.6870898438e+02 6.6882000732e+02 6.6894500732e+02 6.6908197021e+02 6.6921398926e+02 6.6933099365e+02 6.6945202637e+02 6.6958001709e+02 6.6970599365e+02 6.6981402588e+02 6.6995898438e+02 6.7006402588e+02 6.7016900635e+02 6.7030401611e+02 6.7042700195e+02 6.7052801514e+02 6.7063702393e+02 6.7074700928e+02 6.7087402344e+02
6.6534802246e+02 6.6542102051e+02 6.6551800537e+02 6.6563800049e+02 6.6573199463e+02 6.6583197021e+02 6.6596398926e+02 6.6607702637e+02 6.6620599365e+02 6.6630603027e+02 6.6642797852e+02 6.6656298828e+02 6.6669000244e+02 6.6681097412e+02 6.6695501709e+02 6.6708001709e+02 6.6719201660e+02 6.6732702637e+02 6.6745697021e+02 6.6758697510e+02 6.6771997070e+02 6.6784301758e+02 6.6797601318e+02 6.6810998535e+02 6.6822802734e+02 6.6835198975e+02 6.6847900391e+02 6.6860699463e+02 6.6871502686e+02 6.6883099365e+02 6.6897302246e+02 6.6911102295e+02 6.6922998047e+02 6.6936297607e+02 6.6948797607e+02 6.6960400391e+02 6.6970501709e+02 6.6983398438e+02 6.6996002197e+02 6.7008001709e+02 6.7020300293e+02 6.7032202148e+02 6.7042498779e+02 6.7053302002e+02 6.7064398193e+02 6.7076599121e+02
6.6524499512e+02 6.6533697510e+02 6.6542297363e+02 6.6551397705e+02 6.6562097168e+02 6.6573297119e+02 6.6584600830e+02 6.6595098877e+02 6.6610101318e+02 6.6620001221e+02 6.6631097412e+02 6.6644500732e+02 6.6657800293e+02 6.6670501709e+02 6.6683599854e+02 6.6696899414e+02 6.6710900879e+02 6.6721398926e+02 6.6734197998e+02 6.6747497559e+02 6.6761199951e+02 6.6772601318e+02 6.6786499023e+02 6.6800201416e+02 6.6811602783e+02 6.6822399902e+02 6.6836401367e+02 6.6849499512e+02 6.6859399414e+02 6.6873797607e+02 6.6888598633e+02 6.6901599121e+02 6.6911401367e+02 6.6926501465e+02 6.6939300537e+02 6.6952301025e+02 6.6964001465e+02 6.6972900391e+02 6.6984197998e+02 6.6997302246e+02 6.7009600830e+02 6.7021801758e+02 6.7032800293e+02 6.7043298340e+02 6.7054400635e+02 6.7065197754e+02
6.6513598633e+02 6.6523101807e+02 6.6531097412e+02 6.6538897705e+02 6.6550897217e+02 6.6564398193e+02 6.6576098633e+02 6.6584899902e+02 6.6597802734e+02 6.6610998535e+02 6.6621502686e+02 6.6634100342e+02 6.6647497559e+02 6.6660101318e+02 6.6672900391e+02 6.6685101318e+02 6.6699298096e+02 6.6710998535e+02 6.6723199463e+02 6.6735498047e+02 6.6749200439e+02 6.6761499023e+02 6.6774700928e+02 6.6788702393e+02 6.6801898193e+02 6.6811102295e+02 6.6824499512e+02 6.6839099121e+02 6.6849700928e+02 6.6863299561e+02 6.6877502441e+02 6.6891400146e+02 6.6902697754e+02 6.6915600586e+02 6.6928198242e+02 6.6940197754e+02 6.6951599121e+02 6.6963201904e+02 6.6975000000e+02 6.6987799072e+02 6.6999200439e+02 6.7010797119e+02 6.7021301270e+02 6.7032299805e+02 6.7043103027e+02 6.7053997803e+02
6.6504901123e+02 6.6513201904e+02 6.6519500732e+02 6.6528100586e+02 6.6540600586e+02 6.6553198242e+02 6.6565399170e+02 6.6575500488e+02 6.6585900879e+02 6.6599200439e+02 6.6611102295e+02 6.6623199463e+02 6.6636102295e+02 6.6647698975e+02 6.6660900879e+02 6.6674200439e+02 6.6686798096e+02 6.6699499512e+02 6.6712402344e+02 6.6724700928e+02 6.6738598633e+02 6.6751397705e+02 6.6763702393e+02 6.6777301025e+02 6.6791802979e+02 6.6801000977e+02 6.6812902832e+02 6.6828302002e+02 6.6838598633e+02 6.6850799561e+02 6.6864697266e+02 6.6879498291e+02 6.6892102051e+02 6.6903997803e+02 6.6917297363e+02 6.6929199219e+02 6.6940399170e+02 6.6953802490e+02 6.6966802979e+02 6.6978601074e+02 6.6989001465e+02 6.7001300049e+02 6.7011700439e+02 6.7021997070e+02 6.7032098389e+02 6.7042999268e+02
6.6496600342e+02 6.6502600098e+02 6.6509100342e+02 6.6519897461e+02 6.6531298828e+02 6.6541302490e+02 6.6553302002e+02 6.6565301514e+02 6.6575897217e+02 6.6587597656e+02 6.6600000000e+02 6.6611999512e+02 6.6624298096e+02 6.6635699463e+02 6.6648797607e+02 6.6662701416e+02 6.6675097656e+02 6.6687701416e+02 6.6701501465e+02 6.6714697266e+02 6.6728302002e+02 6.6739599609e+02 6.6752001953e+02 6.6765802002e+02 6.6780200195e+02 6.6790399170e+02 6.6801098633e+02 6.6814501953e+02 6.6826800537e+02 6.6840197754e+02 6.6852899170e+02 6.6867199707e+02 6.6880102539e+02 6.6892602539e+02 6.6907202148e+02 6.6919799805e+02 6.6930200195e+02 6.6942999268e+02 6.6956097412e+02 6.6967999268e+02 6.6978802490e+02 6.6990698242e+02 6.7001300049e+02 6.7011401367e+02 6.7021997070e+02 6.7032501221e+02
6.6487500000e+02 6.6493200684e+02 6.6501501465e+02 6.6512200928e+02 6.6521801758e+02 6.6531500244e+02 6.6542999268e+02 6.6554699707e+02 6.6566302490e+02 6.6577899170e+02 6.6589099121e+02 6.6601202393e+02 6.6614001465e+02 6.6626000977e+02 6.6637902832e+02 6.6650598145e+02 6.6664898682e+02 6.6676599121e+02 6.6689599609e+02 6.6703302002e+02 6.6716497803e+02 6.6728100586e+02 6.6741400146e+02 6.6755401611e+02 6.6768103027e+02 6.6778497314e+02 6.6791400146e+02 6.6803997803e+02 6.6817102051e+02 6.6828497314e+02 6.6840899658e+02 6.6855200195e+02 6.6867999268e+02 6.6881799316e+02 6.6896002197e+02 6.6909100342e+02 6.6919598389e+02 6.6932299805e+02 6.6945501709e+02 6.6958398438e+02 6.6969500732e+02 6.6979400635e+02 6.6989801025e+02 6.7001702881e+02 6.7011499023e+02 6.7021801758e+02
6.6479400635e+02 6.6484399414e+02 6.6493701172e+02 6.6503302002e+02 6.6512701416e+02 6.6521801758e+02 6.6532800293e+02 6.6543701172e+02 6.6556500244e+02 6.6567901611e+02 6.6578399658e+02 6.6590100098e+02 6.6601702881e+02 6.6615197754e+02 6.6628198242e+02 6.6640100098e+02 6.6653997803e+02 6.6666400146e+02 6.6678302002e+02 6.6691497803e+02 6.6704998779e+02 6.6716497803e+02 6.6729498291e+02 6.6742797852e+02 6.6755401611e+02 6.6768298340e+02 6.6781298828e+02 6.6793298340e+02 6.6806597900e+02 6.6817901611e+02 6.6830603027e+02 6.6845697021e+02 6.6858801270e+02 6.6870800781e+02 6.6883502197e+02 6.6898699951e+02 6.6911102295e+02 6.6922399902e+02 6.6933801270e+02 6.6946099854e+02 6.6957598877e+02 6.6968597412e+02 6.6979199219e+02 6.6990502930e+02 6.6999298096e+02 6.7010797119e+02
6.6470202637e+02 6.6477197266e+02 6.6485797119e+02 6.6494396973e+02 6.6505401611e+02 6.6514001465e+02 6.6523297119e+02 6.6532897949e+02 6.6545098877e+02 6.6557397461e+02 6.6568701172e+02 6.6579901123e+02 6.6590698242e+02 6.6604302979e+02 6.6617401123e+02 6.6629101563e+02 6.6641601563e+02 6.6654699707e+02 6.6666400146e+02 6.6678698730e+02 6.6692401123e+02 6.6704901123e+02 6.6718200684e+02 6.6731402588e+02 6.6743701172e+02 6.6756896973e+02 6.6770202637e+02 6.6782702637e+02 6.6794396973e+02 6.6806500244e+02 6.6820098877e+02 6.6833801270e+02 6.6846997070e+02 6.6859600830e+02 6.6872601318e+02 6.6886798096e+02 6.6899700928e+02 6.6912701416e+02 6.6924597168e+02 6.6935797119e+02 6.6946697998e+02 6.6957897949e+02 6.6968499756e+02 6.6979400635e+02 6.6987902832e+02 6.7000000000e+02
6.6462500000e+02 6.6471398926e+02 6.6478100586e+02 6.6485699463e+02 6.6497100830e+02 6.6505700684e+02 6.6513897705e+02 6.6522601318e+02 6.6534002686e+02 6.6546197510e+02 6.6557897949e+02 6.6569097900e+02 6.6581500244e+02 6.6592901611e+02 6.6605102539e+02 6.6617602539e+02 6.6629998779e+02 6.6643597412e+02 6.6655700684e+02 6.6667401123e+02 6.6680603027e+02 6.6693103027e+02 6.6706799316e+02 6.6721099854e+02 6.6733502197e+02 6.6745501709e+02 6.6758398438e+02 6.6772100830e+02 6.6783197021e+02 6.6795501709e+02 6.6809802246e+02 6.6822998047e+02 6.6834002686e+02 6.6848101807e+02 6.6862097168e+02 6.6874902344e+02 6.6887799072e+02 6.6901898193e+02 6.6914697266e+02 6.6925701904e+02 6.6936602783e+02 6.6947100830e+02 6.6957598877e+02 6.6969201660e+02 6.6978100586e+02 6.6989099121e+02
6.6454602051e+02 6.6465600586e+02 6.6472198486e+02 6.6478900146e+02 6.6488299561e+02 6.6497900391e+02 6.6506896973e+02 6.6515197754e+02 6.6524200439e+02 6.6535400391e+02 6.6546801758e+02 6.6558801270e+02 6.6573498535e+02 6.6582501221e+02 6.6594097900e+02 6.6607702637e+02 6.6620800781e+02 6.6631701660e+02 6.6644396973e+02 6.6657202148e+02 6.6670800781e+02 6.6681201172e+02 6.6694097900e+02 6.6708801270e+02 6.6722601318e+02 6.6734600830e+02 6.6746697998e+02 6.6760699463e+02 6.6774102783e+02 6.6784899902e+02 6.6798498535e+02 6.6812902832e+02 6.6822802734e+02 6.6835998535e+02 6.6850701904e+02 6.6864099121e+02 6.6877197266e+02 6.6891101074e+02 6.6903002930e+02 6.6914801025e+02 6.6925799561e+02 6.6936499023e+02 6.6945697021e+02 6.6957397461e+02 6.6969000244e+02 6.6979101563e+02
6.6450799561e+02 6.6462701416e+02 6.6467999268e+02 6.6474298096e+02 6.6482397461e+02 6.6489898682e+02 6.6498999023e+02 6.6507000732e+02 6.6516400146e+02 6.6526098633e+02 6.6537799072e+02 6.6551000977e+02 6.6562597656e+02 6.6573498535e+02 6.6584802246e+02 6.6596600342e+02 6.6609002686e+02 6.6619702148e+02 6.6632397461e+02 6.6645098877e+02 6.6658001709e+02 6.6669500732e+02 6.6683099365e+02 6.6697698975e+02 6.6710400391e+02 6.6723400879e+02 6.6735900879e+02 6.6748297119e+02 6.6761700439e+02 6.6773199463e+02 6.6786798096e+02 6.6800402832e+02 6.6810699463e+02 6.6823999023e+02 6.6838702393e+02 6.6852099609e+02 6.6863299561e+02 6.6879602051e+02 6.6891900635e+02 6.6904302979e+02 6.6914300537e+02 6.6926202393e+02 6.6935699463e+02 6.6945697021e+02 6.6955999756e+02 6.6966400146e+02
6.6444702148e+02 6.6453302002e+02 6.6459497070e+02 6.6469799805e+02 6.6478900146e+02 6.6482098389e+02 6.6491302490e+02 6.6501397705e+02 6.6510998535e+02 6.6518597412e+02 6.6528100586e+02 6.6540399170e+02 6.6552001953e+02 6.6564300537e+02 6.6575500488e+02 6.6586102295e+02 6.6597698975e+02 6.6609399414e+02 6.6621997070e+02 6.6634399414e+02 6.6646899414e+02 6.6658599854e+02 6.6672698975e+02 6.6686999512e+02 6.6699102783e+02 6.6711798096e+02 6.6724597168e+02 6.6737097168e+02 6.6749298096e+02 6.6759802246e+02 6.6773901367e+02 6.6787298584e+02 6.6799401855e+02 6.6812097168e+02 6.6826000977e+02 6.6840100098e+02 6.6852099609e+02 6.6867498779e+02 6.6879901123e+02 6.6892901611e+02 6.6902099609e+02 6.6913800049e+02 6.6924401855e+02 6.6934197998e+02 6.6943701172e+02 6.6954901123e+02
6.6433398438e+02 6.6443402100e+02 6.6454901123e+02 6.6464398193e+02 6.6474200439e+02 6.6475402832e+02 6.6483398438e+02 6.6493798828e+02 6.6503302002e+02 6.6512902832e+02 6.6521600342e+02 6.6531298828e+02 6.6541998291e+02 6.6554199219e+02 6.6565899658e+02 6.6576898193e+02 6.6588098145e+02 6.6600598145e+02 6.6612597656e+02 6.6623999023e+02 6.6635498047e+02 6.6647100830e+02 6.6660601807e+02 6.6673602295e+02 6.6686602783e+02 6.6698901367e+02 6.6711297607e+02 6.6725299072e+02 6.6738201904e+02 6.6749102783e+02 6.6761297607e+02 6.6773400879e+02 6.6786798096e+02 6.6799499512e+02 6.6812701416e+02 6.6827301025e+02 6.6839501953e+02 6.6853302002e+02 6.6865698242e+02 6.6878601074e+02 6.6889001465e+02 6.6900299072e+02 6.6911602783e+02 6.6922302246e+02 6.6931799316e+02 6.6943103027e+02
6.6422100830e+02 6.6432800293e+02 6.6447100830e+02 6.6457098389e+02 6.6465698242e+02 6.6474902344e+02 6.6480603027e+02 6.6487097168e+02 6.6495001221e+02 6.6506701660e+02 6.6516497803e+02 6.6524798584e+02 6.6533697510e+02 6.6545397949e+02 6.6556500244e+02 6.6568200684e+02 6.6578698730e+02 6.6590197754e+02 6.6602001953e+02 6.6613598633e+02 6.6624298096e+02 6.6636297607e+02 6.6649798584e+02 6.6661602783e+02 6.6674499512e+02 6.6686798096e+02 6.6698797607e+02 6.6713000488e+02 6.6725299072e+02 6.6737500000e+02 6.6749798584e+02 6.6761602783e+02 6.6773297119e+02 6.6786102295e+02 6.6800097656e+02 6.6813897705e+02 6.6825701904e+02 6.6840301514e+02 6.6853802490e+02 6.6864801025e+02 6.6875500488e+02 6.6888500977e+02 6.6899401855e+02 6.6909002686e+02 6.6917498779e+02 6.6928601074e+02
6.6409301758e+02 6.6419897461e+02 6.6431597900e+02 6.6447100830e+02 6.6457501221e+02 6.6469000244e+02 6.6478399658e+02 6.6485101318e+02 6.6489801025e+02 6.6498101807e+02 6.6508300781e+02 6.6518499756e+02 6.6528002930e+02 6.6537402344e+02 6.6546997070e+02 6.6558801270e+02 6.6569702148e+02 6.6581597900e+02 6.6593103027e+02 6.6604699707e+02 6.6615301514e+02 6.6625598145e+02 6.6638598633e+02 6.6650799561e+02 6.6664001465e+02 6.6675897217e+02 6.6687597656e+02 6.6700598145e+02 6.6711700439e+02 6.6724798584e+02 6.6737200928e+02 6.6749102783e+02 6.6760900879e+02 6.6772302246e+02 6.6785998535e+02 6.6800500488e+02 6.6813598633e+02 6.6826202393e+02 6.6838800049e+02 6.6850701904e+02 6.6861499023e+02 6.6873400879e+02 6.6884197998e+02 6.6896099854e+02 6.6905401611e+02 6.6915698242e+02
6.6396600342e+02 6.6407702637e+02 6.6417797852e+02 6.6433898926e+02 6.6447900391e+02 6.6462701416e+02 6.6475799561e+02 6.6482598877e+02 6.6485498047e+02 6.6492999268e+02 6.6502899170e+02 6.6513299561e+02 6.6522198486e+02 6.6530798340e+02 6.6539300537e+02 6.6549200439e+02 6.6560302734e+02 6.6572802734e+02 6.6583898926e+02 6.6594799805e+02 6.6605499268e+02 6.6615802002e+02 6.6628002930e+02 6.6639501953e+02 6.6651702881e+02 6.6663897705e+02 6.6676098633e+02 6.6689099121e+02 6.6699902344e+02 6.6711297607e+02 6.6723400879e+02 6.6735400391e+02 6.6747601318e+02 6.6760198975e+02 6.6773101807e+02 6.6785699463e+02 6.6798699951e+02 6.6812097168e+02 6.6823699951e+02 6.6836499023e+02 6.6848297119e+02 6.6860101318e+02 6.6870697021e+02 6.6882598877e+02 6.6892199707e+02 6.6902801514e+02
6.6382202148e+02 6.6394000244e+02 6.6408197021e+02 6.6425701904e+02 6.6440502930e+02 6.6459399414e+02 6.6469702148e+02 6.6473797607e+02 6.6480499268e+02 6.6489599609e+02 6.6497698975e+02 6.6505999756e+02 6.6515502930e+02 6.6524499512e+02 6.6532501221e+02 6.6540802002e+02 6.6551702881e+02 6.6563598633e+02 6.6574298096e+02 6.6585400391e+02 6.6596197510e+02 6.6606701660e+02 6.6617700195e+02 6.6628601074e+02 6.6640100098e+02 6.6652001953e+02 6.6663897705e+02 6.6676397705e+02 6.6687298584e+02 6.6698297119e+02 6.6711102295e+02 6.6722900391e+02 6.6734002686e+02 6.6746697998e+02 6.6759997559e+02 6.6771502686e+02 6.6783197021e+02 6.6797497559e+02 6.6809899902e+02 6.6823498535e+02 6.6835400391e+02 6.6845800781e+02 6.6857202148e+02 6.6868597412e+02 6.6878399658e+02 6.6889599609e+02
