TESTSERVER/23/0.asc
NCOLS 100
NROWS 100
XLLCORNER 8.6497500000e+03
YLLCORNER 2.8995025000e+05
CELLSIZE 5.0000000000e-01
NODATA_VALUE -9.9990000000e+03
[rows 40 to 59 of 100, columns 0 to 45 of 100]
8.5219702148e+02 8.5252197266e+02 8.5285699463e+02 8.5307000732e+02 8.5322100830e+02 8.5431799316e+02 8.5575299072e+02 8.5683898926e+02 8.5728002930e+02 8.5749597168e+02 8.5783398438e+02 8.5823901367e+02 8.5882800293e+02 8.5883502197e+02 8.5888201904e+02 8.5904797363e+02 8.5930102539e+02 8.5946301270e+02 8.5958898926e+02 8.5969702148e+02 8.5982000732e+02 8.5995202637e+02 8.6005902100e+02 8.6018298340e+02 8.6036199951e+02 8.6041699219e+02 8.6044396973e+02 8.6051800537e+02 8.6065100098e+02 8.6077899170e+02 8.6094000244e+02 8.6110498047e+02 8.6125201416e+02 8.6142498779e+02 8.6158801270e+02 8.6174298096e+02 8.6187402344e+02 8.6202301025e+02 8.6215802002e+02 8.6227001953e+02 8.6235498047e+02 8.6242498779e+02 8.6251000977e+02 8.6259497070e+02 8.6267700195e+02 8.6276501465e+02
8.5190301514e+02 8.5217297363e+02 8.5248901367e+02 8.5276000977e+02 8.5293402100e+02 8.5374798584e+02 8.5497100830e+02 8.5614300537e+02 8.5692199707e+02 8.5740399170e+02 8.5749200439e+02 8.5750701904e+02 8.5784197998e+02 8.5873901367e+02 8.5903698730e+02 8.5898199463e+02 8.5922198486e+02 8.5939001465e+02 8.5949597168e+02 8.5954998779e+02 8.5960198975e+02 8.5970397949e+02 8.5988000488e+02 8.6001800537e+02 8.6011199951e+02 8.6021398926e+02 8.6025897217e+02 8.6030297852e+02 8.6040600586e+02 8.6053100586e+02 8.6068298340e+02 8.6084197998e+02 8.6098699951e+02 8.6112902832e+02 8.6127697754e+02 8.6142102051e+02 8.6154998779e+02 8.6168103027e+02 8.6180200195e+02 8.6190997314e+02 8.6202301025e+02 8.6211199951e+02 8.6219396973e+02 8.6228100586e+02 8.6237500000e+02 8.6248602295e+02
8.5169598389e+02 8.5191802979e+02 8.5218798828e+02 8.5245001221e+02 8.5268298340e+02 8.5316497803e+02 8.5405297852e+02 8.5504699707e+02 8.5589202881e+02 8.5648400879e+02 8.5647497559e+02 8.5632598877e+02 8.5649298096e+02 8.5790002441e+02 8.5906097412e+02 8.5907098389e+02 8.5914099121e+02 8.5928302002e+02 8.5932702637e+02 8.5931799316e+02 8.5930999756e+02 8.5938299561e+02 8.5964398193e+02 8.5986102295e+02 8.5991198730e+02 8.5999902344e+02 8.6005902100e+02 8.6008300781e+02 8.6015002441e+02 8.6026397705e+02 8.6041101074e+02 8.6057202148e+02 8.6071301270e+02 8.6084497070e+02 8.6099200439e+02 8.6113702393e+02 8.6126599121e+02 8.6139300537e+02 8.6151300049e+02 8.6161700439e+02 8.6172900391e+02 8.6182397461e+02 8.6190997314e+02 8.6200500488e+02 8.6211999512e+02 8.6226599121e+02
8.5147497559e+02 8.5171301270e+02 8.5199798584e+02 8.5222399902e+02 8.5245098877e+02 8.5269799805e+02 8.5320898438e+02 8.5391302490e+02 8.5461499023e+02 8.5524499512e+02 8.5539801025e+02 8.5542199707e+02 8.5563897705e+02 8.5681298828e+02 8.5859802246e+02 8.5907702637e+02 8.5913800049e+02 8.5929602051e+02 8.5921801758e+02 8.5909100342e+02 8.5897802734e+02 8.5898101807e+02 8.5921801758e+02 8.5951300049e+02 8.5968103027e+02 8.5977099609e+02 8.5985699463e+02 8.5988000488e+02 8.5990997314e+02 8.5999700928e+02 8.6013299561e+02 8.6029400635e+02 8.6043200684e+02 8.6056799316e+02 8.6072802734e+02 8.6089001465e+02 8.6102697754e+02 8.6115399170e+02 8.6127600098e+02 8.6138299561e+02 8.6148699951e+02 8.6157702637e+02 8.6167297363e+02 8.6178198242e+02 8.6191302490e+02 8.6207501221e+02
8.5115301514e+02 8.5140698242e+02 8.5177398682e+02 8.5205102539e+02 8.5221801758e+02 8.5244500732e+02 8.5275897217e+02 8.5321502686e+02 8.5386700439e+02 8.5429602051e+02 8.5461700439e+02 8.5487902832e+02 8.5520599365e+02 8.5612902832e+02 8.5783197021e+02 8.5882702637e+02 8.5886102295e+02 8.5902600098e+02 8.5884698486e+02 8.5867199707e+02 8.5860400391e+02 8.5865802002e+02 8.5874798584e+02 8.5900701904e+02 8.5939001465e+02 8.5959802246e+02 8.5971398926e+02 8.5972399902e+02 8.5969396973e+02 8.5973901367e+02 8.5987097168e+02 8.6004901123e+02 8.6016998291e+02 8.6029998779e+02 8.6048297119e+02 8.6067199707e+02 8.6085101318e+02 8.6097698975e+02 8.6109698486e+02 8.6120098877e+02 8.6130200195e+02 8.6138897705e+02 8.6149700928e+02 8.6161602783e+02 8.6179797363e+02 8.6192199707e+02
8.5084802246e+02 8.5105603027e+02 8.5143298340e+02 8.5180499268e+02 8.5200500488e+02 8.5225201416e+02 8.5256097412e+02 8.5294299316e+02 8.5334100342e+02 8.5366198730e+02 8.5398101807e+02 8.5430102539e+02 8.5468798828e+02 8.5534399414e+02 8.5665197754e+02 8.5767901611e+02 8.5773901367e+02 8.5792199707e+02 8.5804797363e+02 8.5822497559e+02 8.5848400879e+02 8.5870898438e+02 8.5869799805e+02 8.5876599121e+02 8.5912902832e+02 8.5941900635e+02 8.5954602051e+02 8.5954602051e+02 8.5950201416e+02 8.5949499512e+02 8.5959197998e+02 8.5976898193e+02 8.5987097168e+02 8.6003100586e+02 8.6024200439e+02 8.6046697998e+02 8.6066900635e+02 8.6083001709e+02 8.6094799805e+02 8.6104400635e+02 8.6114300537e+02 8.6127099609e+02 8.6139501953e+02 8.6151000977e+02 8.6164300537e+02 8.6174798584e+02
8.5058801270e+02 8.5073901367e+02 8.5105902100e+02 8.5146002197e+02 8.5177899170e+02 8.5203002930e+02 8.5228601074e+02 8.5258801270e+02 8.5292498779e+02 8.5323498535e+02 8.5354797363e+02 8.5386999512e+02 8.5420397949e+02 8.5461700439e+02 8.5563800049e+02 8.5670697021e+02 8.5715301514e+02 8.5737402344e+02 8.5761297607e+02 8.5791699219e+02 8.5827600098e+02 8.5859197998e+02 8.5861199951e+02 8.5861999512e+02 8.5887799072e+02 8.5914898682e+02 8.5930603027e+02 8.5934399414e+02 8.5932299805e+02 8.5929998779e+02 8.5933898926e+02 8.5947198486e+02 8.5960797119e+02 8.5979302979e+02 8.6001098633e+02 8.6024798584e+02 8.6046801758e+02 8.6064398193e+02 8.6077301025e+02 8.6088098145e+02 8.6099700928e+02 8.6115600586e+02 8.6129602051e+02 8.6140997314e+02 8.6149798584e+02 8.6154400635e+02
8.5030999756e+02 8.5046301270e+02 8.5075897217e+02 8.5117297363e+02 8.5155902100e+02 8.5180102539e+02 8.5200701904e+02 8.5224200439e+02 8.5255297852e+02 8.5288299561e+02 8.5319299316e+02 8.5351397705e+02 8.5383697510e+02 8.5433502197e+02 8.5535400391e+02 8.5650598145e+02 8.5713000488e+02 8.5736297607e+02 8.5755700684e+02 8.5773199463e+02 8.5793402100e+02 8.5817498779e+02 8.5828900146e+02 8.5839001465e+02 8.5859002686e+02 8.5882501221e+02 8.5902697754e+02 8.5913800049e+02 8.5915399170e+02 8.5914099121e+02 8.5915600586e+02 8.5925701904e+02 8.5941198730e+02 8.5957598877e+02 8.5977001953e+02 8.5999298096e+02 8.6021997070e+02 8.6041497803e+02 8.6055700684e+02 8.6068200684e+02 8.6082598877e+02 8.6101397705e+02 8.6116998291e+02 8.6128399658e+02 8.6134002686e+02 8.6134399414e+02
8.5001397705e+02 8.5022100830e+02 8.5055902100e+02 8.5095697021e+02 8.5133398438e+02 8.5154101563e+02 8.5170599365e+02 8.5188500977e+02 8.5212597656e+02 8.5251202393e+02 8.5283197021e+02 8.5315002441e+02 8.5351599121e+02 8.5412799072e+02 8.5522399902e+02 8.5636901855e+02 8.5701397705e+02 8.5732501221e+02 8.5751098633e+02 8.5761102295e+02 8.5771801758e+02 8.5787097168e+02 8.5801202393e+02 8.5816900635e+02 8.5835302734e+02 8.5854699707e+02 8.5876898193e+02 8.5892297363e+02 8.5895300293e+02 8.5897698975e+02 8.5903399658e+02 8.5913299561e+02 8.5926898193e+02 8.5936602783e+02 8.5948199463e+02 8.5965600586e+02 8.5990301514e+02 8.6011700439e+02 8.6027001953e+02 8.6041101074e+02 8.6058197021e+02 8.6081896973e+02 8.6100598145e+02 8.6111401367e+02 8.6113000488e+02 8.6114001465e+02
8.4973699951e+02 8.5004302979e+02 8.5041198730e+02 8.5073602295e+02 8.5098498535e+02 8.5115197754e+02 8.5131597900e+02 8.5149700928e+02 8.5173901367e+02 8.5207501221e+02 8.5238598633e+02 8.5271997070e+02 8.5319799805e+02 8.5404498291e+02 8.5521697998e+02 8.5623797607e+02 8.5680700684e+02 8.5712500000e+02 8.5731298828e+02 8.5744299316e+02 8.5753302002e+02 8.5765802002e+02 8.5779302979e+02 8.5793798828e+02 8.5805798340e+02 8.5822900391e+02 8.5842498779e+02 8.5859002686e+02 8.5868200684e+02 8.5875897217e+02 8.5888000488e+02 8.5901898193e+02 8.5912200928e+02 8.5917797852e+02 8.5921099854e+02 8.5930603027e+02 8.5954602051e+02 8.5976599121e+02 8.5991802979e+02 8.6004998779e+02 8.6021002197e+02 8.6046697998e+02 8.6066699219e+02 8.6079998779e+02 8.6092901611e+02 8.6101702881e+02
8.4941802979e+02 8.4976501465e+02 8.5014501953e+02 8.5044702148e+02 8.5063397217e+02 8.5078997803e+02 8.5099298096e+02 8.5120800781e+02 8.5144299316e+02 8.5172100830e+02 8.5200000000e+02 8.5230102539e+02 8.5274102783e+02 8.5363598633e+02 8.5482702637e+02 8.5587200928e+02 8.5652697754e+02 8.5686102295e+02 8.5705700684e+02 8.5721899414e+02 8.5732800293e+02 8.5742999268e+02 8.5759100342e+02 8.5775299072e+02 8.5780700684e+02 8.5792901611e+02 8.5807397461e+02 8.5822802734e+02 8.5836700439e+02 8.5848797607e+02 8.5865698242e+02 8.5885498047e+02 8.5900598145e+02 8.5906500244e+02 8.5906500244e+02 8.5909399414e+02 8.5924499512e+02 8.5944000244e+02 8.5958502197e+02 8.5970697021e+02 8.5982202148e+02 8.6001599121e+02 8.6018200684e+02 8.6033099365e+02 8.6057501221e+02 8.6073999023e+02
8.4911700439e+02 8.4942102051e+02 8.4975799561e+02 8.5005798340e+02 8.5028802490e+02 8.5051800537e+02 8.5077099609e+02 8.5098297119e+02 8.5116998291e+02 8.5143798828e+02 8.5170202637e+02 8.5194702148e+02 8.5221301270e+02 8.5279498291e+02 8.5389099121e+02 8.5512200928e+02 8.5613800049e+02 8.5656896973e+02 8.5678601074e+02 8.5697497559e+02 8.5713000488e+02 8.5723199463e+02 8.5737298584e+02 8.5753198242e+02 8.5756298828e+02 8.5760998535e+02 8.5772302246e+02 8.5788299561e+02 8.5806298828e+02 8.5823602295e+02 8.5843902588e+02 8.5870098877e+02 8.5890399170e+02 8.5894897461e+02 8.5892999268e+02 8.5891400146e+02 8.5898498535e+02 8.5915197754e+02 8.5929699707e+02 8.5942102051e+02 8.5952099609e+02 8.5966699219e+02 8.5978002930e+02 8.5990502930e+02 8.6016699219e+02 8.6037701416e+02
8.4890002441e+02 8.4914697266e+02 8.4939202881e+02 8.4965399170e+02 8.4992102051e+02 8.5025701904e+02 8.5053302002e+02 8.5070800781e+02 8.5081701660e+02 8.5107702637e+02 8.5139300537e+02 8.5167199707e+02 8.5188397217e+02 8.5205102539e+02 8.5276702881e+02 8.5400402832e+02 8.5564398193e+02 8.5636798096e+02 8.5655700684e+02 8.5670001221e+02 8.5691601563e+02 8.5704998779e+02 8.5713397217e+02 8.5723101807e+02 8.5728497314e+02 8.5730700684e+02 8.5741400146e+02 8.5756799316e+02 8.5772302246e+02 8.5787402344e+02 8.5808001709e+02 8.5840600586e+02 8.5869702148e+02 8.5875201416e+02 8.5871502686e+02 8.5867700195e+02 8.5869598389e+02 8.5886999512e+02 8.5902899170e+02 8.5918298340e+02 8.5940997314e+02 8.5955603027e+02 8.5959497070e+02 8.5969396973e+02 8.5993701172e+02 8.6015802002e+02
8.4865997314e+02 8.4890399170e+02 8.4913397217e+02 8.4937597656e+02 8.4963098145e+02 8.4991101074e+02 8.5013897705e+02 8.5030401611e+02 8.5043798828e+02 8.5066101074e+02 8.5098699951e+02 8.5132397461e+02 8.5156201172e+02 8.5168499756e+02 8.5200000000e+02 8.5267999268e+02 8.5396099854e+02 8.5552801514e+02 8.5634698486e+02 8.5663397217e+02 8.5673901367e+02 8.5695800781e+02 8.5700402832e+02 8.5699499512e+02 8.5700097656e+02 8.5709301758e+02 8.5721197510e+02 8.5734002686e+02 8.5748101807e+02 8.5757299805e+02 8.5776098633e+02 8.5804400635e+02 8.5831402588e+02 8.5843798828e+02 8.5848400879e+02 8.5851098633e+02 8.5853302002e+02 8.5863397217e+02 8.5878900146e+02 8.5898297119e+02 8.5936999512e+02 8.5977600098e+02 8.5954699707e+02 8.5949700928e+02 8.5976898193e+02 8.5999401855e+02
8.4843200684e+02 8.4866900635e+02 8.4888702393e+02 8.4911700439e+02 8.4936499023e+02 8.4960302734e+02 8.4978802490e+02 8.4994097900e+02 8.5009997559e+02 8.5030902100e+02 8.5059997559e+02 8.5093499756e+02 8.5122698975e+02 8.5140600586e+02 8.5159600830e+02 8.5190600586e+02 8.5253698730e+02 8.5395300293e+02 8.5535498047e+02 8.5626000977e+02 8.5652502441e+02 8.5675701904e+02 8.5676702881e+02 8.5673797607e+02 8.5673999023e+02 8.5688098145e+02 8.5700402832e+02 8.5713800049e+02 8.5730102539e+02 8.5739898682e+02 8.5757000732e+02 8.5776098633e+02 8.5789202881e+02 8.5801397705e+02 8.5814099121e+02 8.5826702881e+02 8.5834997559e+02 8.5844702148e+02 8.5859600830e+02 8.5874597168e+02 8.5908300781e+02 8.5952099609e+02 8.5933300781e+02 8.5930700684e+02 8.5960400391e+02 8.5984997559e+02
8.4818798828e+02 8.4842401123e+02 8.4863800049e+02 8.4886199951e+02 8.4910302734e+02 8.4932098389e+02 8.4948699951e+02 8.4963598633e+02 8.4982397461e+02 8.5003601074e+02 8.5028100586e+02 8.5058197021e+02 8.5088299561e+02 8.5110101318e+02 8.5133197021e+02 8.5159802246e+02 8.5193701172e+02 8.5261499023e+02 8.5397900391e+02 8.5553302002e+02 8.5630798340e+02 8.5641400146e+02 8.5638500977e+02 8.5640100098e+02 8.5648199463e+02 8.5663702393e+02 8.5674298096e+02 8.5686199951e+02 8.5702600098e+02 8.5713702393e+02 8.5731097412e+02 8.5747198486e+02 8.5753399658e+02 8.5760998535e+02 8.5775201416e+02 8.5795098877e+02 8.5814599609e+02 8.5829400635e+02 8.5846502686e+02 8.5856201172e+02 8.5869897461e+02 8.5891101074e+02 8.5901397705e+02 8.5922802734e+02 8.5948999023e+02 8.5972998047e+02
8.4788397217e+02 8.4812500000e+02 8.4835498047e+02 8.4858801270e+02 8.4882202148e+02 8.4903900146e+02 8.4921801758e+02 8.4939099121e+02 8.4960998535e+02 8.4985302734e+02 8.5006597900e+02 8.5029901123e+02 8.5054699707e+02 8.5071301270e+02 8.5095098877e+02 8.5126397705e+02 8.5156097412e+02 8.5192297363e+02 8.5309802246e+02 8.5501599121e+02 8.5618597412e+02 8.5614801025e+02 8.5601599121e+02 8.5604400635e+02 8.5621197510e+02 8.5631896973e+02 8.5642401123e+02 8.5652697754e+02 8.5664099121e+02 8.5674200439e+02 8.5692901611e+02 8.5715197754e+02 8.5735699463e+02 8.5737298584e+02 8.5746801758e+02 8.5771502686e+02 8.5803601074e+02 8.5821301270e+02 8.5839202881e+02 8.5847302246e+02 8.5850799561e+02 8.5862402344e+02 8.5887701416e+02 8.5917901611e+02 8.5940600586e+02 8.5959399414e+02
8.4758502197e+02 8.4780902100e+02 8.4806201172e+02 8.4831201172e+02 8.4854199219e+02 8.4875402832e+02 8.4895397949e+02 8.4916601563e+02 8.4942700195e+02 8.4973297119e+02 8.4993499756e+02 8.5009899902e+02 8.5025701904e+02 8.5040899658e+02 8.5062402344e+02 8.5088000488e+02 8.5115698242e+02 8.5162200928e+02 8.5245397949e+02 8.5378198242e+02 8.5478900146e+02 8.5536499023e+02 8.5559497070e+02 8.5567498779e+02 8.5585498047e+02 8.5604199219e+02 8.5620202637e+02 8.5628601074e+02 8.5633398438e+02 8.5642700195e+02 8.5661700439e+02 8.5685601807e+02 8.5708898926e+02 8.5719201660e+02 8.5733197021e+02 8.5767999268e+02 8.5811901855e+02 8.5818200684e+02 8.5823999023e+02 8.5827801514e+02 8.5834899902e+02 8.5847601318e+02 8.5873297119e+02 8.5901000977e+02 8.5919299316e+02 8.5937200928e+02
8.4731597900e+02 8.4753399658e+02 8.4779302979e+02 8.4804901123e+02 8.4828198242e+02 8.4850000000e+02 8.4871197510e+02 8.4893200684e+02 8.4920898438e+02 8.4955999756e+02 8.4977301025e+02 8.4991998291e+02 8.5007202148e+02 8.5028698730e+02 8.5049401855e+02 8.5070300293e+02 8.5098901367e+02 8.5142700195e+02 8.5178100586e+02 8.5239599609e+02 8.5328601074e+02 8.5441601563e+02 8.5506201172e+02 8.5536401367e+02 8.5556500244e+02 8.5579602051e+02 8.5600000000e+02 8.5605798340e+02 8.5607098389e+02 8.5615600586e+02 8.5631896973e+02 8.5652502441e+02 8.5674902344e+02 8.5693902588e+02 8.5713000488e+02 8.5746398926e+02 8.5784997559e+02 8.5802099609e+02 8.5811798096e+02 8.5810601807e+02 8.5821398926e+02 8.5835400391e+02 8.5853997803e+02 8.5877600098e+02 8.5896697998e+02 8.5912799072e+02
8.4708001709e+02 8.4729302979e+02 8.4754101563e+02 8.4779199219e+02 8.4803601074e+02 8.4828399658e+02 8.4850097656e+02 8.4870898438e+02 8.4895300293e+02 8.4930700684e+02 8.4954498291e+02 8.4972497559e+02 8.4992797852e+02 8.5018402100e+02 8.5038000488e+02 8.5058197021e+02 8.5090502930e+02 8.5130798340e+02 8.5151501465e+02 8.5186901855e+02 8.5265997314e+02 8.5372198486e+02 8.5450701904e+02 8.5506402588e+02 8.5532202148e+02 8.5548602295e+02 8.5568402100e+02 8.5577801514e+02 8.5585797119e+02 8.5592999268e+02 8.5603198242e+02 8.5619396973e+02 8.5644000244e+02 8.5670397949e+02 8.5692401123e+02 8.5719500732e+02 8.5746099854e+02 8.5773297119e+02 8.5791699219e+02 8.5794000244e+02 8.5804998779e+02 8.5817999268e+02 8.5833502197e+02 8.5857397461e+02 8.5875299072e+02 8.5888397217e+02
