TESTSERVER/23/0.asc
NCOLS 100
NROWS 100
XLLCORNER 8.6497500000e+03
YLLCORNER 2.8995025000e+05
CELLSIZE 5.0000000000e-01
NODATA_VALUE -9.9990000000e+03
[rows 80 to 99 of 100, columns 46 to 91 of 100]
8.5236999512e+02 8.5254498291e+02 8.5270397949e+02 8.5277301025e+02 8.5283697510e+02 8.5284997559e+02 8.5290100098e+02 8.5293798828e+02 8.5302301025e+02 8.5304498291e+02 8.5316400146e+02 8.5338299561e+02 8.5359002686e+02 8.5376702881e+02 8.5385601807e+02 8.5392199707e+02 8.5411999512e+02 8.5435699463e+02 8.5457800293e+02 8.5463299561e+02 8.5458099365e+02 8.5458197021e+02 8.5464599609e+02 8.5469799805e+02 8.5475299072e+02 8.5484301758e+02 8.5495300293e+02 8.5512597656e+02 8.5526202393e+02 8.5541400146e+02 8.5551702881e+02 8.5567602539e+02 8.5587298584e+02 8.5609100342e+02 8.5634100342e+02 8.5654901123e+02 8.5665100098e+02 8.5675500488e+02 8.5694598389e+02 8.5711798096e+02 8.5725897217e+02 8.5734301758e+02 8.5741198730e+02 8.5746801758e+02 8.5754302979e+02 8.5761798096e+02
8.5211602783e+02 8.5223797607e+02 8.5228802490e+02 8.5253497314e+02 8.5263098145e+02 8.5240100098e+02 8.5243597412e+02 8.5255798340e+02 8.5263598633e+02 8.5267797852e+02 8.5278302002e+02 8.5298498535e+02 8.5320697021e+02 8.5339697266e+02 8.5352502441e+02 8.5362200928e+02 8.5375402832e+02 8.5390502930e+02 8.5406298828e+02 8.5418103027e+02 8.5420397949e+02 8.5422198486e+02 8.5428601074e+02 8.5435198975e+02 8.5438397217e+02 8.5449298096e+02 8.5464801025e+02 8.5478497314e+02 8.5493103027e+02 8.5512298584e+02 8.5527502441e+02 8.5540301514e+02 8.5557702637e+02 8.5581402588e+02 8.5605102539e+02 8.5625201416e+02 8.5635797119e+02 8.5641302490e+02 8.5656597900e+02 8.5678302002e+02 8.5696502686e+02 8.5708599854e+02 8.5714599609e+02 8.5721099854e+02 8.5726599121e+02 8.5732000732e+02
8.5171997070e+02 8.5178002930e+02 8.5167797852e+02 8.5190197754e+02 8.5215899658e+02 8.5202502441e+02 8.5209399414e+02 8.5225097656e+02 8.5228601074e+02 8.5229400635e+02 8.5244097900e+02 8.5268902588e+02 8.5290301514e+02 8.5309399414e+02 8.5321801758e+02 8.5330902100e+02 8.5341400146e+02 8.5352801514e+02 8.5364300537e+02 8.5375097656e+02 8.5379302979e+02 8.5383099365e+02 8.5392297363e+02 8.5400598145e+02 8.5409399414e+02 8.5423297119e+02 8.5438702393e+02 8.5450299072e+02 8.5466400146e+02 8.5488800049e+02 8.5505200195e+02 8.5518298340e+02 8.5533001709e+02 8.5553100586e+02 8.5572998047e+02 8.5591302490e+02 8.5603399658e+02 8.5608001709e+02 8.5619500732e+02 8.5641497803e+02 8.5661602783e+02 8.5677197266e+02 8.5685601807e+02 8.5691302490e+02 8.5696099854e+02 8.5700201416e+02
8.5124401855e+02 8.5129302979e+02 8.5119897461e+02 8.5119299316e+02 8.5145599365e+02 8.5157000732e+02 8.5166198730e+02 8.5183801270e+02 8.5194500732e+02 8.5199902344e+02 8.5210900879e+02 8.5236401367e+02 8.5254699707e+02 8.5273101807e+02 8.5290301514e+02 8.5298901367e+02 8.5309497070e+02 8.5321099854e+02 8.5330999756e+02 8.5339898682e+02 8.5344799805e+02 8.5351202393e+02 8.5365100098e+02 8.5376800537e+02 8.5389099121e+02 8.5403997803e+02 8.5416699219e+02 8.5429797363e+02 8.5446099854e+02 8.5463598633e+02 8.5474597168e+02 8.5489300537e+02 8.5506500244e+02 8.5523297119e+02 8.5537402344e+02 8.5553698730e+02 8.5567602539e+02 8.5574902344e+02 8.5583898926e+02 8.5602697754e+02 8.5622497559e+02 8.5640399170e+02 8.5652001953e+02 8.5658300781e+02 8.5662799072e+02 8.5666400146e+02
8.5080603027e+02 8.5081701660e+02 8.5086199951e+02 8.5092901611e+02 8.5106500244e+02 8.5120501709e+02 8.5127398682e+02 8.5132299805e+02 8.5152398682e+02 8.5171002197e+02 8.5178100586e+02 8.5196697998e+02 8.5214697266e+02 8.5232202148e+02 8.5250201416e+02 8.5261700439e+02 8.5273999023e+02 8.5287902832e+02 8.5298901367e+02 8.5311700439e+02 8.5315399170e+02 8.5316400146e+02 8.5324902344e+02 8.5347900391e+02 8.5363800049e+02 8.5378802490e+02 8.5390197754e+02 8.5406097412e+02 8.5425500488e+02 8.5439300537e+02 8.5447802734e+02 8.5459997559e+02 8.5478399658e+02 8.5494299316e+02 8.5505297852e+02 8.5519598389e+02 8.5535998535e+02 8.5545098877e+02 8.5548297119e+02 8.5563598633e+02 8.5580102539e+02 8.5597497559e+02 8.5612298584e+02 8.5621002197e+02 8.5625097656e+02 8.5628997803e+02
8.5050897217e+02 8.5050000000e+02 8.5057000732e+02 8.5067297363e+02 8.5072497559e+02 8.5079101563e+02 8.5089697266e+02 8.5099798584e+02 8.5117498779e+02 8.5138598633e+02 8.5152301025e+02 8.5162902832e+02 8.5176000977e+02 8.5195397949e+02 8.5215502930e+02 8.5228601074e+02 8.5245501709e+02 8.5260198975e+02 8.5266198730e+02 8.5273699951e+02 8.5276800537e+02 8.5281896973e+02 8.5295599365e+02 8.5315399170e+02 8.5332598877e+02 8.5347900391e+02 8.5365100098e+02 8.5380603027e+02 8.5396997070e+02 8.5408697510e+02 8.5415802002e+02 8.5427697754e+02 8.5444598389e+02 8.5460198975e+02 8.5469299316e+02 8.5483697510e+02 8.5506298828e+02 8.5520202637e+02 8.5517401123e+02 8.5530902100e+02 8.5546899414e+02 8.5561999512e+02 8.5575799561e+02 8.5584399414e+02 8.5589398193e+02 8.5593597412e+02
8.5015899658e+02 8.5026800537e+02 8.5032598877e+02 8.5030798340e+02 8.5028497314e+02 8.5033898926e+02 8.5051000977e+02 8.5069396973e+02 8.5093701172e+02 8.5116699219e+02 8.5130700684e+02 8.5139001465e+02 8.5143200684e+02 8.5159997559e+02 8.5182202148e+02 8.5195898438e+02 8.5210601807e+02 8.5222198486e+02 8.5232702637e+02 8.5241302490e+02 8.5241101074e+02 8.5249499512e+02 8.5269799805e+02 8.5294799805e+02 8.5311798096e+02 8.5320098877e+02 8.5333001709e+02 8.5346997070e+02 8.5359100342e+02 8.5371697998e+02 8.5384600830e+02 8.5397198486e+02 8.5411798096e+02 8.5427301025e+02 8.5435900879e+02 8.5445202637e+02 8.5462902832e+02 8.5483801270e+02 8.5488000488e+02 8.5501000977e+02 8.5518902588e+02 8.5532598877e+02 8.5540899658e+02 8.5548901367e+02 8.5554901123e+02 8.5560198975e+02
8.4966198730e+02 8.4993902588e+02 8.5005902100e+02 8.5001800537e+02 8.4997100830e+02 8.4999798584e+02 8.5011602783e+02 8.5028302002e+02 8.5056201172e+02 8.5080902100e+02 8.5096398926e+02 8.5114001465e+02 8.5115997314e+02 8.5124200439e+02 8.5139501953e+02 8.5155999756e+02 8.5172998047e+02 8.5182897949e+02 8.5194201660e+02 8.5206799316e+02 8.5208099365e+02 8.5216302490e+02 8.5236401367e+02 8.5262597656e+02 8.5284197998e+02 8.5293200684e+02 8.5300097656e+02 8.5312200928e+02 8.5325598145e+02 8.5340301514e+02 8.5353601074e+02 8.5365502930e+02 8.5379602051e+02 8.5395697021e+02 8.5406896973e+02 8.5413201904e+02 8.5419702148e+02 8.5440997314e+02 8.5455902100e+02 8.5466400146e+02 8.5484997559e+02 8.5499200439e+02 8.5505200195e+02 8.5512097168e+02 8.5518701172e+02 8.5525897217e+02
8.4908502197e+02 8.4941699219e+02 8.4956597900e+02 8.4964099121e+02 8.4965997314e+02 8.4968402100e+02 8.4970300293e+02 8.4982501221e+02 8.5005200195e+02 8.5030297852e+02 8.5044097900e+02 8.5068701172e+02 8.5082598877e+02 8.5088397217e+02 8.5096600342e+02 8.5116497803e+02 8.5141101074e+02 8.5153497314e+02 8.5158502197e+02 8.5171398926e+02 8.5179797363e+02 8.5188897705e+02 8.5203002930e+02 8.5219201660e+02 8.5241601563e+02 8.5263299561e+02 8.5281097412e+02 8.5287402344e+02 8.5297100830e+02 8.5308697510e+02 8.5319799805e+02 8.5334698486e+02 8.5349700928e+02 8.5364202881e+02 8.5376202393e+02 8.5384100342e+02 8.5386798096e+02 8.5400201416e+02 8.5418298340e+02 8.5428198242e+02 8.5443200684e+02 8.5458599854e+02 8.5467797852e+02 8.5474102783e+02 8.5482202148e+02 8.5491802979e+02
8.4867797852e+02 8.4898498535e+02 8.4914099121e+02 8.4926000977e+02 8.4934002686e+02 8.4941601563e+02 8.4947601318e+02 8.4947497559e+02 8.4955798340e+02 8.4981500244e+02 8.5009100342e+02 8.5031298828e+02 8.5049499512e+02 8.5058502197e+02 8.5069201660e+02 8.5087701416e+02 8.5108099365e+02 8.5126599121e+02 8.5141601563e+02 8.5150897217e+02 8.5157501221e+02 8.5163000488e+02 8.5172497559e+02 8.5186798096e+02 8.5205102539e+02 8.5229699707e+02 8.5251000977e+02 8.5265197754e+02 8.5271099854e+02 8.5277600098e+02 8.5287200928e+02 8.5300598145e+02 8.5321502686e+02 8.5347698975e+02 8.5354901123e+02 8.5354302979e+02 8.5355297852e+02 8.5366101074e+02 8.5383697510e+02 8.5394000244e+02 8.5407098389e+02 8.5421899414e+02 8.5432000732e+02 8.5439697266e+02 8.5449902344e+02 8.5460400391e+02
8.4828900146e+02 8.4862298584e+02 8.4883502197e+02 8.4898297119e+02 8.4907098389e+02 8.4920800781e+02 8.4938000488e+02 8.4937701416e+02 8.4934301758e+02 8.4946801758e+02 8.4975000000e+02 8.5000500488e+02 8.5021697998e+02 8.5036602783e+02 8.5050299072e+02 8.5065197754e+02 8.5080902100e+02 8.5098498535e+02 8.5115301514e+02 8.5124597168e+02 8.5131896973e+02 8.5136499023e+02 8.5142297363e+02 8.5154302979e+02 8.5168298340e+02 8.5184698486e+02 8.5202502441e+02 8.5224298096e+02 8.5240002441e+02 8.5250201416e+02 8.5257598877e+02 8.5268298340e+02 8.5290399170e+02 8.5322302246e+02 8.5323199463e+02 8.5319598389e+02 8.5320898438e+02 8.5330297852e+02 8.5346997070e+02 8.5360101318e+02 8.5374102783e+02 8.5388397217e+02 8.5399102783e+02 8.5409600830e+02 8.5419000244e+02 8.5427697754e+02
8.4784301758e+02 8.4817498779e+02 8.4845300293e+02 8.4865301514e+02 8.4879699707e+02 8.4902398682e+02 8.4928698730e+02 8.4930902100e+02 8.4925299072e+02 8.4931597900e+02 8.4956201172e+02 8.4976599121e+02 8.4992700195e+02 8.5010797119e+02 8.5030200195e+02 8.5040100098e+02 8.5053302002e+02 8.5066998291e+02 8.5078997803e+02 8.5091101074e+02 8.5102600098e+02 8.5110498047e+02 8.5115698242e+02 8.5123999023e+02 8.5135900879e+02 8.5146801758e+02 8.5160302734e+02 8.5179400635e+02 8.5197900391e+02 8.5213201904e+02 8.5222601318e+02 8.5228997803e+02 8.5241900635e+02 8.5259197998e+02 8.5263201904e+02 8.5272100830e+02 8.5281500244e+02 8.5293499756e+02 8.5310797119e+02 8.5328002930e+02 8.5343103027e+02 8.5355102539e+02 8.5363800049e+02 8.5378802490e+02 8.5390100098e+02 8.5398297119e+02
8.4751599121e+02 8.4773400879e+02 8.4797399902e+02 8.4826501465e+02 8.4853399658e+02 8.4883001709e+02 8.4907397461e+02 8.4910998535e+02 8.4907598877e+02 8.4918298340e+02 8.4944396973e+02 8.4958898926e+02 8.4964599609e+02 8.4979101563e+02 8.4996600342e+02 8.5011602783e+02 8.5026501465e+02 8.5039001465e+02 8.5045300293e+02 8.5055798340e+02 8.5069598389e+02 8.5081201172e+02 8.5088702393e+02 8.5093798828e+02 8.5102301025e+02 8.5114801025e+02 8.5129302979e+02 8.5142401123e+02 8.5153997803e+02 8.5169500732e+02 8.5186901855e+02 8.5192602539e+02 8.5203198242e+02 8.5210998535e+02 8.5217498779e+02 8.5232098389e+02 8.5245001221e+02 8.5257897949e+02 8.5275402832e+02 8.5295397949e+02 8.5312200928e+02 8.5323400879e+02 8.5330902100e+02 8.5346600342e+02 8.5362402344e+02 8.5371801758e+02
8.4743103027e+02 8.4759997559e+02 8.4775402832e+02 8.4797802734e+02 8.4825402832e+02 8.4856298828e+02 8.4881597900e+02 8.4885198975e+02 8.4881799316e+02 8.4891400146e+02 8.4910900879e+02 8.4928997803e+02 8.4939599609e+02 8.4953698730e+02 8.4969799805e+02 8.4983697510e+02 8.4998199463e+02 8.5012097168e+02 8.5020001221e+02 8.5026599121e+02 8.5036901855e+02 8.5046801758e+02 8.5056097412e+02 8.5066302490e+02 8.5075701904e+02 8.5087298584e+02 8.5101800537e+02 8.5120300293e+02 8.5131298828e+02 8.5141802979e+02 8.5157897949e+02 8.5172900391e+02 8.5183300781e+02 8.5186798096e+02 8.5189300537e+02 8.5205200195e+02 8.5218103027e+02 8.5229101563e+02 8.5241900635e+02 8.5258398438e+02 8.5277398682e+02 8.5293499756e+02 8.5304797363e+02 8.5318499756e+02 8.5330999756e+02 8.5340502930e+02
8.4726300049e+02 8.4743902588e+02 8.4757299805e+02 8.4776800537e+02 8.4801202393e+02 8.4827899170e+02 8.4848999023e+02 8.4855999756e+02 8.4857800293e+02 8.4866900635e+02 8.4881402588e+02 8.4898199463e+02 8.4914099121e+02 8.4930902100e+02 8.4943798828e+02 8.4956896973e+02 8.4968298340e+02 8.4980297852e+02 8.4990899658e+02 8.4998400879e+02 8.5008099365e+02 8.5017999268e+02 8.5028900146e+02 8.5041101074e+02 8.5052099609e+02 8.5062200928e+02 8.5070599365e+02 8.5086901855e+02 8.5098400879e+02 8.5105902100e+02 8.5121398926e+02 8.5142797852e+02 8.5151599121e+02 8.5151501465e+02 8.5155499268e+02 8.5174200439e+02 8.5190600586e+02 8.5205200195e+02 8.5217199707e+02 8.5230200195e+02 8.5249298096e+02 8.5267199707e+02 8.5280700684e+02 8.5293902588e+02 8.5301800537e+02 8.5308801270e+02
8.4694000244e+02 8.4714001465e+02 8.4733502197e+02 8.4756201172e+02 8.4780200195e+02 8.4803302002e+02 8.4820697021e+02 8.4833099365e+02 8.4838397217e+02 8.4846801758e+02 8.4858697510e+02 8.4872900391e+02 8.4886401367e+02 8.4901397705e+02 8.4915002441e+02 8.4929797363e+02 8.4940698242e+02 8.4950000000e+02 8.4959497070e+02 8.4970098877e+02 8.4983001709e+02 8.4996398926e+02 8.5010900879e+02 8.5019000244e+02 8.5023999023e+02 8.5031500244e+02 8.5039501953e+02 8.5048797607e+02 8.5058398438e+02 8.5066900635e+02 8.5080200195e+02 8.5098101807e+02 8.5105798340e+02 8.5107702637e+02 8.5117297363e+02 8.5137597656e+02 8.5158599854e+02 8.5180798340e+02 8.5199298096e+02 8.5211401367e+02 8.5228100586e+02 8.5243597412e+02 8.5254400635e+02 8.5267700195e+02 8.5274902344e+02 8.5280499268e+02
8.4662200928e+02 8.4683697510e+02 8.4706500244e+02 8.4733398438e+02 8.4758099365e+02 8.4779199219e+02 8.4797900391e+02 8.4811199951e+02 8.4816601563e+02 8.4822698975e+02 8.4831500244e+02 8.4846002197e+02 8.4854602051e+02 8.4866497803e+02 8.4884100342e+02 8.4900799561e+02 8.4913201904e+02 8.4918402100e+02 8.4925799561e+02 8.4941900635e+02 8.4959100342e+02 8.4977197266e+02 8.4993701172e+02 8.4997900391e+02 8.4995599365e+02 8.4998498535e+02 8.5008099365e+02 8.5016400146e+02 8.5023400879e+02 8.5029602051e+02 8.5037799072e+02 8.5051202393e+02 8.5061798096e+02 8.5071099854e+02 8.5085797119e+02 8.5103900146e+02 8.5127001953e+02 8.5154602051e+02 8.5180401611e+02 8.5196398926e+02 8.5209197998e+02 8.5219500732e+02 8.5227301025e+02 8.5238897705e+02 8.5249298096e+02 8.5256097412e+02
8.4635998535e+02 8.4656298828e+02 8.4678497314e+02 8.4709301758e+02 8.4733197021e+02 8.4751000977e+02 8.4767199707e+02 8.4780102539e+02 8.4788000488e+02 8.4794097900e+02 8.4802197266e+02 8.4818402100e+02 8.4825701904e+02 8.4835699463e+02 8.4849597168e+02 8.4861102295e+02 8.4874499512e+02 8.4882397461e+02 8.4890197754e+02 8.4909600830e+02 8.4926702881e+02 8.4942602539e+02 8.4958001709e+02 8.4964801025e+02 8.4965997314e+02 8.4971099854e+02 8.4979901123e+02 8.4987298584e+02 8.4991900635e+02 8.4994799805e+02 8.4998699951e+02 8.5010601807e+02 8.5028302002e+02 8.5043103027e+02 8.5057098389e+02 8.5076501465e+02 8.5101702881e+02 8.5129797363e+02 8.5156500244e+02 8.5175598145e+02 8.5187902832e+02 8.5196197510e+02 8.5203601074e+02 8.5214300537e+02 8.5223199463e+02 8.5228802490e+02
8.4605603027e+02 8.4626098633e+02 8.4648400879e+02 8.4676098633e+02 8.4701702881e+02 8.4722998047e+02 8.4740802002e+02 8.4755499268e+02 8.4765899658e+02 8.4767999268e+02 8.4765997314e+02 8.4779797363e+02 8.4792199707e+02 8.4803002930e+02 8.4811901855e+02 8.4820697021e+02 8.4836999512e+02 8.4849902344e+02 8.4857000732e+02 8.4872998047e+02 8.4887402344e+02 8.4902099609e+02 8.4918298340e+02 8.4926397705e+02 8.4930999756e+02 8.4939001465e+02 8.4948498535e+02 8.4959301758e+02 8.4965600586e+02 8.4969299316e+02 8.4971899414e+02 8.4983398438e+02 8.5002301025e+02 8.5016601563e+02 8.5030102539e+02 8.5050598145e+02 8.5076702881e+02 8.5104797363e+02 8.5130401611e+02 8.5150897217e+02 8.5164099121e+02 8.5173101807e+02 8.5180102539e+02 8.5186499023e+02 8.5193103027e+02 8.5198699951e+02
8.4575500488e+02 8.4596899414e+02 8.4620202637e+02 8.4644000244e+02 8.4669201660e+02 8.4693597412e+02 8.4718298340e+02 8.4743298340e+02 8.4756799316e+02 8.4751000977e+02 8.4735498047e+02 8.4744702148e+02 8.4758502197e+02 8.4770800781e+02 8.4776898193e+02 8.4785797119e+02 8.4804699707e+02 8.4821301270e+02 8.4827697754e+02 8.4838800049e+02 8.4851800537e+02 8.4867199707e+02 8.4881701660e+02 8.4888000488e+02 8.4894097900e+02 8.4903302002e+02 8.4912799072e+02 8.4927697754e+02 8.4940997314e+02 8.4950897217e+02 8.4955902100e+02 8.4968298340e+02 8.4984698486e+02 8.4994799805e+02 8.5006799316e+02 8.5026702881e+02 8.5051098633e+02 8.5077301025e+02 8.5100299072e+02 8.5119799805e+02 8.5133898926e+02 8.5144598389e+02 8.5152697754e+02 8.5156597900e+02 8.5163201904e+02 8.5168103027e+02
