TESTSERVER/23/1.asc
NCOLS 100
NROWS 100
XLLCORNER 8.6497500000e+03
YLLCORNER 2.8990025000e+05
CELLSIZE 5.0000000000e-01
NODATA_VALUE -9.9990000000e+03
[rows 20 to 39 of 100, columns 0 to 45 of 100]
8.3290899658e+02 8.3304797363e+02 8.3323602295e+02 8.3342901611e+02 8.3359698486e+02 8.3377197266e+02 8.3394500732e+02 8.3410198975e+02 8.3423297119e+02 8.3439898682e+02 8.3454400635e+02 8.3471801758e+02 8.3490100098e+02 8.3498901367e+02 8.3515600586e+02 8.3528601074e+02 8.3544702148e+02 8.3572601318e+02 8.3598999023e+02 8.3623797607e+02 8.3645300293e+02 8.3655902100e+02 8.3664001465e+02 8.3676800537e+02 8.3696502686e+02 8.3714697266e+02 8.3733801270e+02 8.3753997803e+02 8.3778002930e+02 8.3800201416e+02 8.3817901611e+02 8.3828002930e+02 8.3830999756e+02 8.3843298340e+02 8.3866699219e+02 8.3882598877e+02 8.3895397949e+02 8.3913500977e+02 8.3928002930e+02 8.3940899658e+02 8.3959100342e+02 8.3964501953e+02 8.3973297119e+02 8.3987298584e+02 8.4000201416e+02 8.4008398438e+02
8.3282800293e+02 8.3296502686e+02 8.3313098145e+02 8.3333697510e+02 8.3355102539e+02 8.3369598389e+02 8.3381597900e+02 8.3393298340e+02 8.3407202148e+02 8.3427197266e+02 8.3443402100e+02 8.3460998535e+02 8.3478198242e+02 8.3486798096e+02 8.3502899170e+02 8.3520098877e+02 8.3534100342e+02 8.3559997559e+02 8.3584301758e+02 8.3610498047e+02 8.3636602783e+02 8.3650402832e+02 8.3656701660e+02 8.3666802979e+02 8.3683801270e+02 8.3697497559e+02 8.3710998535e+02 8.3728900146e+02 8.3751397705e+02 8.3776000977e+02 8.3795001221e+02 8.3807397461e+02 8.3814099121e+02 8.3823602295e+02 8.3840899658e+02 8.3858099365e+02 8.3872198486e+02 8.3891802979e+02 8.3910998535e+02 8.3922198486e+02 8.3931597900e+02 8.3941601563e+02 8.3955798340e+02 8.3969299316e+02 8.3981701660e+02 8.3987701416e+02
8.3268902588e+02 8.3282800293e+02 8.3301098633e+02 8.3323199463e+02 8.3346502686e+02 8.3359899902e+02 8.3370397949e+02 8.3382501221e+02 8.3396801758e+02 8.3415197754e+02 8.3429797363e+02 8.3443902588e+02 8.3457501221e+02 8.3468402100e+02 8.3490100098e+02 8.3513201904e+02 8.3527697754e+02 8.3551800537e+02 8.3572998047e+02 8.3594799805e+02 8.3621197510e+02 8.3638000488e+02 8.3643597412e+02 8.3651599121e+02 8.3668701172e+02 8.3680902100e+02 8.3688098145e+02 8.3700402832e+02 8.3723101807e+02 8.3748797607e+02 8.3768798828e+02 8.3783599854e+02 8.3794500732e+02 8.3801898193e+02 8.3814801025e+02 8.3830401611e+02 8.3845202637e+02 8.3864801025e+02 8.3887902832e+02 8.3902001953e+02 8.3905700684e+02 8.3917999268e+02 8.3934600830e+02 8.3949597168e+02 8.3967700195e+02 8.3975598145e+02
8.3250097656e+02 8.3270202637e+02 8.3290399170e+02 8.3309197998e+02 8.3326800537e+02 8.3339501953e+02 8.3354302979e+02 8.3372601318e+02 8.3389300537e+02 8.3404101563e+02 8.3417102051e+02 8.3428698730e+02 8.3436499023e+02 8.3447601318e+02 8.3472198486e+02 8.3497698975e+02 8.3516601563e+02 8.3544097900e+02 8.3563897705e+02 8.3577502441e+02 8.3598602295e+02 8.3617297363e+02 8.3623699951e+02 8.3631597900e+02 8.3650000000e+02 8.3664599609e+02 8.3669598389e+02 8.3677899170e+02 8.3701397705e+02 8.3726898193e+02 8.3744598389e+02 8.3758599854e+02 8.3770202637e+02 8.3777899170e+02 8.3790100098e+02 8.3805499268e+02 8.3820098877e+02 8.3836999512e+02 8.3859301758e+02 8.3880999756e+02 8.3886999512e+02 8.3898400879e+02 8.3916302490e+02 8.3935101318e+02 8.3962799072e+02 8.3971899414e+02
8.3226202393e+02 8.3252001953e+02 8.3271697998e+02 8.3286401367e+02 8.3297698975e+02 8.3312402344e+02 8.3333801270e+02 8.3359802246e+02 8.3380798340e+02 8.3390899658e+02 8.3404699707e+02 8.3415399170e+02 8.3422900391e+02 8.3437298584e+02 8.3458801270e+02 8.3481201172e+02 8.3500402832e+02 8.3528100586e+02 8.3549298096e+02 8.3562298584e+02 8.3575201416e+02 8.3592297363e+02 8.3601501465e+02 8.3611297607e+02 8.3631201172e+02 8.3653002930e+02 8.3661901855e+02 8.3671002197e+02 8.3695001221e+02 8.3712402344e+02 8.3725097656e+02 8.3734600830e+02 8.3745397949e+02 8.3755499268e+02 8.3770697021e+02 8.3786401367e+02 8.3803900146e+02 8.3814801025e+02 8.3829699707e+02 8.3851599121e+02 8.3863397217e+02 8.3873999023e+02 8.3890100098e+02 8.3912200928e+02 8.3952801514e+02 8.3958398438e+02
8.3204602051e+02 8.3226300049e+02 8.3247198486e+02 8.3265502930e+02 8.3276702881e+02 8.3295098877e+02 8.3318298340e+02 8.3344500732e+02 8.3364501953e+02 8.3381597900e+02 8.3396697998e+02 8.3402502441e+02 8.3411499023e+02 8.3427001953e+02 8.3448101807e+02 8.3468902588e+02 8.3482202148e+02 8.3500299072e+02 8.3525402832e+02 8.3547900391e+02 8.3560699463e+02 8.3571099854e+02 8.3580603027e+02 8.3592498779e+02 8.3612500000e+02 8.3634197998e+02 8.3648699951e+02 8.3664398193e+02 8.3681896973e+02 8.3693103027e+02 8.3706201172e+02 8.3715802002e+02 8.3725000000e+02 8.3737701416e+02 8.3753100586e+02 8.3766900635e+02 8.3781402588e+02 8.3793499756e+02 8.3805902100e+02 8.3821301270e+02 8.3837097168e+02 8.3852899170e+02 8.3867797852e+02 8.3889001465e+02 8.3928900146e+02 8.3933001709e+02
8.3200701904e+02 8.3226202393e+02 8.3240502930e+02 8.3251702881e+02 8.3256500244e+02 8.3275799561e+02 8.3300799561e+02 8.3326397705e+02 8.3347302246e+02 8.3370697021e+02 8.3384301758e+02 8.3389202881e+02 8.3400598145e+02 8.3414300537e+02 8.3436602783e+02 8.3458001709e+02 8.3466998291e+02 8.3477697754e+02 8.3501300049e+02 8.3525897217e+02 8.3539801025e+02 8.3549499512e+02 8.3560498047e+02 8.3575000000e+02 8.3594500732e+02 8.3611901855e+02 8.3626599121e+02 8.3643798828e+02 8.3659100342e+02 8.3671002197e+02 8.3686499023e+02 8.3698498535e+02 8.3708001709e+02 8.3716601563e+02 8.3726898193e+02 8.3743402100e+02 8.3758398438e+02 8.3774200439e+02 8.3793402100e+02 8.3809802246e+02 8.3822998047e+02 8.3835797119e+02 8.3850097656e+02 8.3864697266e+02 8.3888702393e+02 8.3902697754e+02
8.3200299072e+02 8.3211102295e+02 8.3215197754e+02 8.3224798584e+02 8.3234301758e+02 8.3254699707e+02 8.3280798340e+02 8.3305499268e+02 8.3325500488e+02 8.3346502686e+02 8.3359698486e+02 8.3370300293e+02 8.3385101318e+02 8.3397399902e+02 8.3419702148e+02 8.3440197754e+02 8.3451300049e+02 8.3459899902e+02 8.3478900146e+02 8.3501098633e+02 8.3515802002e+02 8.3528100586e+02 8.3542102051e+02 8.3559497070e+02 8.3577600098e+02 8.3591497803e+02 8.3604998779e+02 8.3621099854e+02 8.3636602783e+02 8.3654302979e+02 8.3671398926e+02 8.3682000732e+02 8.3690301514e+02 8.3698498535e+02 8.3705999756e+02 8.3726202393e+02 8.3742797852e+02 8.3759301758e+02 8.3779901123e+02 8.3796099854e+02 8.3811700439e+02 8.3825897217e+02 8.3839001465e+02 8.3852502441e+02 8.3867700195e+02 8.3886602783e+02
8.3176702881e+02 8.3181298828e+02 8.3188201904e+02 8.3201599121e+02 8.3216802979e+02 8.3235198975e+02 8.3260101318e+02 8.3283300781e+02 8.3299499512e+02 8.3316497803e+02 8.3334197998e+02 8.3352801514e+02 8.3367102051e+02 8.3378698730e+02 8.3400402832e+02 8.3417102051e+02 8.3429101563e+02 8.3440802002e+02 8.3455700684e+02 8.3476501465e+02 8.3493701172e+02 8.3508898926e+02 8.3524597168e+02 8.3543103027e+02 8.3560900879e+02 8.3572900391e+02 8.3586297607e+02 8.3600897217e+02 8.3615301514e+02 8.3634399414e+02 8.3650299072e+02 8.3659301758e+02 8.3662902832e+02 8.3678997803e+02 8.3690698242e+02 8.3710400391e+02 8.3729199219e+02 8.3745800781e+02 8.3764099121e+02 8.3778002930e+02 8.3795300293e+02 8.3811798096e+02 8.3824102783e+02 8.3836499023e+02 8.3851702881e+02 8.3862701416e+02
8.3153399658e+02 8.3167401123e+02 8.3180999756e+02 8.3187701416e+02 8.3197900391e+02 8.3215600586e+02 8.3238500977e+02 8.3261700439e+02 8.3280700684e+02 8.3297698975e+02 8.3312701416e+02 8.3328900146e+02 8.3342901611e+02 8.3361499023e+02 8.3383099365e+02 8.3399499512e+02 8.3420397949e+02 8.3431701660e+02 8.3444299316e+02 8.3463299561e+02 8.3482299805e+02 8.3493200684e+02 8.3502697754e+02 8.3518902588e+02 8.3540899658e+02 8.3554400635e+02 8.3566302490e+02 8.3576501465e+02 8.3585900879e+02 8.3600402832e+02 8.3617498779e+02 8.3632397461e+02 8.3640600586e+02 8.3661401367e+02 8.3677301025e+02 8.3693597412e+02 8.3713201904e+02 8.3735900879e+02 8.3756097412e+02 8.3769897461e+02 8.3784899902e+02 8.3800897217e+02 8.3819897461e+02 8.3829498291e+02 8.3836901855e+02 8.3842999268e+02
8.3145300293e+02 8.3154602051e+02 8.3165100098e+02 8.3171197510e+02 8.3182202148e+02 8.3200799561e+02 8.3220599365e+02 8.3242102051e+02 8.3264599609e+02 8.3281597900e+02 8.3294396973e+02 8.3311999512e+02 8.3325799561e+02 8.3342498779e+02 8.3362597656e+02 8.3381402588e+02 8.3405902100e+02 8.3418298340e+02 8.3434997559e+02 8.3453399658e+02 8.3470898438e+02 8.3480700684e+02 8.3488800049e+02 8.3503601074e+02 8.3522698975e+02 8.3535198975e+02 8.3547302246e+02 8.3555200195e+02 8.3560400391e+02 8.3573498535e+02 8.3590698242e+02 8.3609899902e+02 8.3625598145e+02 8.3644500732e+02 8.3664801025e+02 8.3684497070e+02 8.3702502441e+02 8.3723602295e+02 8.3742199707e+02 8.3764300537e+02 8.3781896973e+02 8.3799200439e+02 8.3822198486e+02 8.3827001953e+02 8.3823699951e+02 8.3827801514e+02
8.3133001709e+02 8.3137500000e+02 8.3145300293e+02 8.3155798340e+02 8.3173297119e+02 8.3190997314e+02 8.3207000732e+02 8.3225402832e+02 8.3247998047e+02 8.3266601563e+02 8.3277001953e+02 8.3296502686e+02 8.3316900635e+02 8.3329199219e+02 8.3349499512e+02 8.3371801758e+02 8.3390399170e+02 8.3397998047e+02 8.3417602539e+02 8.3435400391e+02 8.3452697754e+02 8.3466101074e+02 8.3476501465e+02 8.3491101074e+02 8.3506097412e+02 8.3518902588e+02 8.3533502197e+02 8.3541302490e+02 8.3544799805e+02 8.3559100342e+02 8.3571997070e+02 8.3589801025e+02 8.3615600586e+02 8.3630102539e+02 8.3652502441e+02 8.3679400635e+02 8.3692999268e+02 8.3708898926e+02 8.3729400635e+02 8.3755200195e+02 8.3770898438e+02 8.3787799072e+02 8.3816198730e+02 8.3823602295e+02 8.3813201904e+02 8.3814599609e+02
8.3111700439e+02 8.3121899414e+02 8.3133300781e+02 8.3150000000e+02 8.3175500488e+02 8.3183398438e+02 8.3199902344e+02 8.3218798828e+02 8.3239099121e+02 8.3256097412e+02 8.3268902588e+02 8.3287097168e+02 8.3313000488e+02 8.3317700195e+02 8.3333099365e+02 8.3357501221e+02 8.3378100586e+02 8.3383300781e+02 8.3399298096e+02 8.3416601563e+02 8.3432299805e+02 8.3450402832e+02 8.3462200928e+02 8.3474700928e+02 8.3492401123e+02 8.3509002686e+02 8.3525097656e+02 8.3532000732e+02 8.3539001465e+02 8.3553698730e+02 8.3562701416e+02 8.3576501465e+02 8.3603198242e+02 8.3620697021e+02 8.3634997559e+02 8.3658398438e+02 8.3678002930e+02 8.3699700928e+02 8.3725897217e+02 8.3743499756e+02 8.3749902344e+02 8.3767401123e+02 8.3800701904e+02 8.3810498047e+02 8.3801397705e+02 8.3800701904e+02
8.3102398682e+02 8.3112097168e+02 8.3123498535e+02 8.3145001221e+02 8.3169097900e+02 8.3183001709e+02 8.3207299805e+02 8.3228002930e+02 8.3241699219e+02 8.3251702881e+02 8.3262902832e+02 8.3277099609e+02 8.3301501465e+02 8.3312799072e+02 8.3329602051e+02 8.3346197510e+02 8.3358099365e+02 8.3367199707e+02 8.3385601807e+02 8.3407800293e+02 8.3422698975e+02 8.3440698242e+02 8.3456597900e+02 8.3466400146e+02 8.3481896973e+02 8.3497198486e+02 8.3510797119e+02 8.3518200684e+02 8.3525402832e+02 8.3543499756e+02 8.3553497314e+02 8.3569299316e+02 8.3591198730e+02 8.3608599854e+02 8.3625299072e+02 8.3644396973e+02 8.3660998535e+02 8.3682598877e+02 8.3714599609e+02 8.3735601807e+02 8.3737500000e+02 8.3766497803e+02 8.3786401367e+02 8.3786999512e+02 8.3786798096e+02 8.3786798096e+02
8.3090399170e+02 8.3101599121e+02 8.3115502930e+02 8.3137597656e+02 8.3161401367e+02 8.3187500000e+02 8.3219097900e+02 8.3237597656e+02 8.3243200684e+02 8.3248999023e+02 8.3262902832e+02 8.3276898193e+02 8.3293902588e+02 8.3309600830e+02 8.3326599121e+02 8.3335900879e+02 8.3342297363e+02 8.3353601074e+02 8.3377502441e+02 8.3408801270e+02 8.3425500488e+02 8.3433398438e+02 8.3445898438e+02 8.3457598877e+02 8.3473199463e+02 8.3483502197e+02 8.3500000000e+02 8.3515502930e+02 8.3517797852e+02 8.3531799316e+02 8.3543499756e+02 8.3561199951e+02 8.3577001953e+02 8.3593402100e+02 8.3617102051e+02 8.3634899902e+02 8.3647698975e+02 8.3660101318e+02 8.3687097168e+02 8.3712597656e+02 8.3723901367e+02 8.3768701172e+02 8.3775799561e+02 8.3769500732e+02 8.3771502686e+02 8.3774499512e+02
8.3080603027e+02 8.3095898438e+02 8.3113299561e+02 8.3135900879e+02 8.3162799072e+02 8.3189697266e+02 8.3220697021e+02 8.3240600586e+02 8.3247100830e+02 8.3255603027e+02 8.3271600342e+02 8.3282397461e+02 8.3292498779e+02 8.3307299805e+02 8.3319500732e+02 8.3325701904e+02 8.3332501221e+02 8.3342797852e+02 8.3368798828e+02 8.3404400635e+02 8.3423101807e+02 8.3426202393e+02 8.3434497070e+02 8.3448400879e+02 8.3465399170e+02 8.3473602295e+02 8.3489697266e+02 8.3509698486e+02 8.3514898682e+02 8.3525000000e+02 8.3534802246e+02 8.3549597168e+02 8.3564398193e+02 8.3582702637e+02 8.3611901855e+02 8.3626800537e+02 8.3640399170e+02 8.3653302002e+02 8.3673999023e+02 8.3693798828e+02 8.3706597900e+02 8.3745800781e+02 8.3753802490e+02 8.3752099609e+02 8.3755401611e+02 8.3762799072e+02
8.3077801514e+02 8.3096002197e+02 8.3113299561e+02 8.3135900879e+02 8.3161602783e+02 8.3179998779e+02 8.3204998779e+02 8.3230798340e+02 8.3252001953e+02 8.3270098877e+02 8.3284600830e+02 8.3290100098e+02 8.3294500732e+02 8.3304302979e+02 8.3314202881e+02 8.3319097900e+02 8.3323999023e+02 8.3334997559e+02 8.3356799316e+02 8.3383300781e+02 8.3401300049e+02 8.3414801025e+02 8.3426501465e+02 8.3441601563e+02 8.3454901123e+02 8.3465600586e+02 8.3478698730e+02 8.3492401123e+02 8.3504498291e+02 8.3522601318e+02 8.3534399414e+02 8.3543499756e+02 8.3557897949e+02 8.3583898926e+02 8.3615600586e+02 8.3622497559e+02 8.3641998291e+02 8.3650201416e+02 8.3668597412e+02 8.3681097412e+02 8.3689898682e+02 8.3708300781e+02 8.3722100830e+02 8.3733801270e+02 8.3742102051e+02 8.3752398682e+02
8.3074102783e+02 8.3098602295e+02 8.3117297363e+02 8.3136999512e+02 8.3157702637e+02 8.3178497314e+02 8.3203198242e+02 8.3229699707e+02 8.3257598877e+02 8.3283099365e+02 8.3294598389e+02 8.3295800781e+02 8.3293798828e+02 8.3299700928e+02 8.3311700439e+02 8.3316198730e+02 8.3317199707e+02 8.3332501221e+02 8.3351000977e+02 8.3368200684e+02 8.3394299316e+02 8.3414099121e+02 8.3423297119e+02 8.3438299561e+02 8.3449401855e+02 8.3461499023e+02 8.3472802734e+02 8.3482598877e+02 8.3497399902e+02 8.3514300537e+02 8.3527801514e+02 8.3540698242e+02 8.3557000732e+02 8.3568798828e+02 8.3592401123e+02 8.3606701660e+02 8.3645098877e+02 8.3646002197e+02 8.3653198242e+02 8.3670800781e+02 8.3681701660e+02 8.3694396973e+02 8.3707800293e+02 8.3721899414e+02 8.3729699707e+02 8.3742498779e+02
8.3059399414e+02 8.3086901855e+02 8.3111199951e+02 8.3134197998e+02 8.3154901123e+02 8.3181097412e+02 8.3205603027e+02 8.3228002930e+02 8.3254797363e+02 8.3277001953e+02 8.3284399414e+02 8.3285198975e+02 8.3287799072e+02 8.3290600586e+02 8.3299902344e+02 8.3306799316e+02 8.3310699463e+02 8.3330603027e+02 8.3347900391e+02 8.3357897949e+02 8.3381402588e+02 8.3405102539e+02 8.3418902588e+02 8.3434197998e+02 8.3441998291e+02 8.3451599121e+02 8.3463897705e+02 8.3477697754e+02 8.3492999268e+02 8.3504101563e+02 8.3516497803e+02 8.3534899902e+02 8.3552600098e+02 8.3558898926e+02 8.3572998047e+02 8.3588702393e+02 8.3630798340e+02 8.3641998291e+02 8.3642901611e+02 8.3660302734e+02 8.3670202637e+02 8.3683398438e+02 8.3696600342e+02 8.3707598877e+02 8.3714801025e+02 8.3729699707e+02
8.3047399902e+02 8.3067199707e+02 8.3088000488e+02 8.3113000488e+02 8.3136901855e+02 8.3166699219e+02 8.3194799805e+02 8.3217401123e+02 8.3241400146e+02 8.3258398438e+02 8.3269598389e+02 8.3276202393e+02 8.3283398438e+02 8.3288098145e+02 8.3295300293e+02 8.3302697754e+02 8.3309899902e+02 8.3328900146e+02 8.3344201660e+02 8.3351702881e+02 8.3367102051e+02 8.3386700439e+02 8.3404302979e+02 8.3422601318e+02 8.3433197021e+02 8.3440802002e+02 8.3457098389e+02 8.3476000977e+02 8.3489697266e+02 8.3498498535e+02 8.3506701660e+02 8.3524298096e+02 8.3540301514e+02 8.3548699951e+02 8.3564501953e+02 8.3582299805e+02 8.3610400391e+02 8.3625201416e+02 8.3633197021e+02 8.3654901123e+02 8.3661602783e+02 8.3673400879e+02 8.3686798096e+02 8.3695599365e+02 8.3701898193e+02 8.3717901611e+02
