TESTSERVER/23/1.asc
NCOLS 100
NROWS 100
XLLCORNER 8.6497500000e+03
YLLCORNER 2.8990025000e+05
CELLSIZE 5.0000000000e-01
NODATA_VALUE -9.9990000000e+03
[rows 0 to 19 of 100, columns 0 to 45 of 100]
8.3705902100e+02 8.3711499023e+02 8.3719396973e+02 8.3731896973e+02 8.3751501465e+02 8.3770202637e+02 8.3790997314e+02 8.3811700439e+02 8.3832202148e+02 8.3847998047e+02 8.3867797852e+02 8.3894000244e+02 8.3911798096e+02 8.3921600342e+02 8.3946099854e+02 8.3984698486e+02 8.4000500488e+02 8.4008599854e+02 8.4031097412e+02 8.4060198975e+02 8.4085498047e+02 8.4118701172e+02 8.4144702148e+02 8.4162799072e+02 8.4178698730e+02 8.4197302246e+02 8.4215502930e+02 8.4236499023e+02 8.4259899902e+02 8.4271197510e+02 8.4276397705e+02 8.4286102295e+02 8.4303198242e+02 8.4326397705e+02 8.4347698975e+02 8.4365100098e+02 8.4379199219e+02 8.4390502930e+02 8.4402398682e+02 8.4416198730e+02 8.4434197998e+02 8.4455401611e+02 8.4472998047e+02 8.4489599609e+02 8.4506298828e+02 8.4528100586e+02
8.3684100342e+02 8.3691802979e+02 8.3695697021e+02 8.3707598877e+02 8.3723797607e+02 8.3742700195e+02 8.3764697266e+02 8.3785400391e+02 8.3803802490e+02 8.3823602295e+02 8.3842797852e+02 8.3862701416e+02 8.3884698486e+02 8.3895001221e+02 8.3912200928e+02 8.3941802979e+02 8.3970397949e+02 8.3987200928e+02 8.4008502197e+02 8.4034899902e+02 8.4059698486e+02 8.4084600830e+02 8.4110302734e+02 8.4132598877e+02 8.4150299072e+02 8.4170501709e+02 8.4191900635e+02 8.4213098145e+02 8.4235101318e+02 8.4252600098e+02 8.4261297607e+02 8.4267401123e+02 8.4279901123e+02 8.4300500488e+02 8.4318701172e+02 8.4334197998e+02 8.4348699951e+02 8.4363500977e+02 8.4378698730e+02 8.4395599365e+02 8.4415600586e+02 8.4435699463e+02 8.4452099609e+02 8.4467498779e+02 8.4484497070e+02 8.4503997803e+02
8.3645697021e+02 8.3657397461e+02 8.3667102051e+02 8.3681298828e+02 8.3694897461e+02 8.3713397217e+02 8.3737597656e+02 8.3760198975e+02 8.3776898193e+02 8.3798400879e+02 8.3816699219e+02 8.3831298828e+02 8.3851501465e+02 8.3866101074e+02 8.3886401367e+02 8.3913397217e+02 8.3941400146e+02 8.3958697510e+02 8.3976098633e+02 8.3997497559e+02 8.4026000977e+02 8.4052502441e+02 8.4079699707e+02 8.4104199219e+02 8.4121197510e+02 8.4140899658e+02 8.4163397217e+02 8.4184002686e+02 8.4203900146e+02 8.4225598145e+02 8.4239599609e+02 8.4247998047e+02 8.4259399414e+02 8.4276599121e+02 8.4291699219e+02 8.4305102539e+02 8.4319702148e+02 8.4338397217e+02 8.4358898926e+02 8.4380200195e+02 8.4400299072e+02 8.4417102051e+02 8.4430700684e+02 8.4443701172e+02 8.4460601807e+02 8.4477801514e+02
8.3614697266e+02 8.3627301025e+02 8.3642199707e+02 8.3657800293e+02 8.3668597412e+02 8.3686102295e+02 8.3709399414e+02 8.3733398438e+02 8.3751098633e+02 8.3773199463e+02 8.3792901611e+02 8.3804602051e+02 8.3821398926e+02 8.3839697266e+02 8.3860699463e+02 8.3881597900e+02 8.3901000977e+02 8.3923999023e+02 8.3951702881e+02 8.3970599365e+02 8.3994097900e+02 8.4020800781e+02 8.4048498535e+02 8.4073797607e+02 8.4090100098e+02 8.4108502197e+02 8.4132299805e+02 8.4153497314e+02 8.4172497559e+02 8.4196398926e+02 8.4214599609e+02 8.4226800537e+02 8.4239099121e+02 8.4254101563e+02 8.4267498779e+02 8.4279602051e+02 8.4294201660e+02 8.4314898682e+02 8.4337799072e+02 8.4360998535e+02 8.4381298828e+02 8.4396801758e+02 8.4408300781e+02 8.4419201660e+02 8.4434301758e+02 8.4452301025e+02
8.3599401855e+02 8.3614898682e+02 8.3627502441e+02 8.3638397217e+02 8.3648400879e+02 8.3661700439e+02 8.3682000732e+02 8.3705603027e+02 8.3724902344e+02 8.3747900391e+02 8.3769897461e+02 8.3783197021e+02 8.3796600342e+02 8.3814202881e+02 8.3834698486e+02 8.3855102539e+02 8.3869897461e+02 8.3896697998e+02 8.3929498291e+02 8.3946197510e+02 8.3967199707e+02 8.3991302490e+02 8.4017498779e+02 8.4042901611e+02 8.4063702393e+02 8.4081597900e+02 8.4106298828e+02 8.4129797363e+02 8.4148498535e+02 8.4169897461e+02 8.4189398193e+02 8.4204199219e+02 8.4217401123e+02 8.4233502197e+02 8.4246697998e+02 8.4258898926e+02 8.4270501709e+02 8.4289801025e+02 8.4311102295e+02 8.4334399414e+02 8.4357598877e+02 8.4373999023e+02 8.4385498047e+02 8.4396301270e+02 8.4412701416e+02 8.4431701660e+02
8.3573199463e+02 8.3595501709e+02 8.3608697510e+02 8.3618798828e+02 8.3629901123e+02 8.3642602539e+02 8.3658898926e+02 8.3678698730e+02 8.3697399902e+02 8.3719500732e+02 8.3743298340e+02 8.3760498047e+02 8.3771301270e+02 8.3784802246e+02 8.3803497314e+02 8.3824102783e+02 8.3841900635e+02 8.3862902832e+02 8.3893298340e+02 8.3913000488e+02 8.3932397461e+02 8.3959301758e+02 8.3990100098e+02 8.4016998291e+02 8.4037200928e+02 8.4057299805e+02 8.4080499268e+02 8.4102197266e+02 8.4120300293e+02 8.4140997314e+02 8.4158502197e+02 8.4173297119e+02 8.4189398193e+02 8.4211700439e+02 8.4227001953e+02 8.4241497803e+02 8.4255297852e+02 8.4273400879e+02 8.4294299316e+02 8.4315502930e+02 8.4335699463e+02 8.4351702881e+02 8.4363702393e+02 8.4378997803e+02 8.4398101807e+02 8.4415301514e+02
8.3546997070e+02 8.3570898438e+02 8.3586499023e+02 8.3593902588e+02 8.3603399658e+02 8.3619000244e+02 8.3634899902e+02 8.3652801514e+02 8.3668902588e+02 8.3690100098e+02 8.3716802979e+02 8.3736901855e+02 8.3747198486e+02 8.3759002686e+02 8.3776800537e+02 8.3796600342e+02 8.3813897705e+02 8.3828997803e+02 8.3855902100e+02 8.3883300781e+02 8.3905798340e+02 8.3931201172e+02 8.3961602783e+02 8.3988500977e+02 8.4009600830e+02 8.4032897949e+02 8.4056701660e+02 8.4076599121e+02 8.4091601563e+02 8.4108001709e+02 8.4123498535e+02 8.4139501953e+02 8.4159497070e+02 8.4184698486e+02 8.4201397705e+02 8.4218701172e+02 8.4238800049e+02 8.4261798096e+02 8.4282000732e+02 8.4297497559e+02 8.4311199951e+02 8.4323602295e+02 8.4335699463e+02 8.4354199219e+02 8.4375897217e+02 8.4391699219e+02
8.3522900391e+02 8.3544396973e+02 8.3559100342e+02 8.3563598633e+02 8.3571398926e+02 8.3590301514e+02 8.3608001709e+02 8.3626501465e+02 8.3641998291e+02 8.3665502930e+02 8.3695202637e+02 8.3716198730e+02 8.3724499512e+02 8.3734399414e+02 8.3752099609e+02 8.3772601318e+02 8.3789099121e+02 8.3805297852e+02 8.3829797363e+02 8.3861199951e+02 8.3883599854e+02 8.3903997803e+02 8.3931097412e+02 8.3959100342e+02 8.3983001709e+02 8.4008398438e+02 8.4033502197e+02 8.4052801514e+02 8.4065002441e+02 8.4076300049e+02 8.4089398193e+02 8.4106597900e+02 8.4129901123e+02 8.4154699707e+02 8.4172198486e+02 8.4191497803e+02 8.4215100098e+02 8.4240698242e+02 8.4260998535e+02 8.4274902344e+02 8.4287097168e+02 8.4296301270e+02 8.4304602051e+02 8.4319897461e+02 8.4341497803e+02 8.4357098389e+02
8.3494799805e+02 8.3514398193e+02 8.3527899170e+02 8.3535198975e+02 8.3546398926e+02 8.3562799072e+02 8.3582098389e+02 8.3602001953e+02 8.3617700195e+02 8.3644799805e+02 8.3675701904e+02 8.3696301270e+02 8.3704199219e+02 8.3710699463e+02 8.3726501465e+02 8.3747198486e+02 8.3762799072e+02 8.3783801270e+02 8.3802899170e+02 8.3827197266e+02 8.3855297852e+02 8.3877398682e+02 8.3902099609e+02 8.3929797363e+02 8.3955798340e+02 8.3982501221e+02 8.4008300781e+02 8.4028198242e+02 8.4040100098e+02 8.4046697998e+02 8.4057501221e+02 8.4074902344e+02 8.4099401855e+02 8.4127398682e+02 8.4146197510e+02 8.4165802002e+02 8.4187402344e+02 8.4210302734e+02 8.4232397461e+02 8.4251300049e+02 8.4269799805e+02 8.4276501465e+02 8.4279302979e+02 8.4286499023e+02 8.4300299072e+02 8.4313598633e+02
8.3479199219e+02 8.3494702148e+02 8.3505798340e+02 8.3516497803e+02 8.3533099365e+02 8.3547399902e+02 8.3564697266e+02 8.3583001709e+02 8.3598498535e+02 8.3618902588e+02 8.3646002197e+02 8.3667999268e+02 8.3681597900e+02 8.3691802979e+02 8.3707299805e+02 8.3727899170e+02 8.3744702148e+02 8.3764202881e+02 8.3782397461e+02 8.3801501465e+02 8.3824401855e+02 8.3846899414e+02 8.3871997070e+02 8.3900799561e+02 8.3926898193e+02 8.3952301025e+02 8.3976800537e+02 8.3996697998e+02 8.4007702637e+02 8.4014300537e+02 8.4025701904e+02 8.4042999268e+02 8.4066900635e+02 8.4096099854e+02 8.4120300293e+02 8.4141998291e+02 8.4164398193e+02 8.4188500977e+02 8.4211700439e+02 8.4232202148e+02 8.4247497559e+02 8.4252801514e+02 8.4255798340e+02 8.4261401367e+02 8.4266497803e+02 8.4274200439e+02
8.3470397949e+02 8.3486999512e+02 8.3497698975e+02 8.3508197021e+02 8.3525701904e+02 8.3541400146e+02 8.3556799316e+02 8.3571697998e+02 8.3584899902e+02 8.3597900391e+02 8.3618499756e+02 8.3639202881e+02 8.3658099365e+02 8.3673498535e+02 8.3688702393e+02 8.3706500244e+02 8.3721997070e+02 8.3742901611e+02 8.3762097168e+02 8.3783398438e+02 8.3806597900e+02 8.3825897217e+02 8.3847198486e+02 8.3873699951e+02 8.3898400879e+02 8.3921099854e+02 8.3943902588e+02 8.3963299561e+02 8.3976098633e+02 8.3985400391e+02 8.3998101807e+02 8.4015197754e+02 8.4035198975e+02 8.4061700439e+02 8.4092401123e+02 8.4118200684e+02 8.4140997314e+02 8.4163702393e+02 8.4186700439e+02 8.4207202148e+02 8.4218499756e+02 8.4221600342e+02 8.4225598145e+02 8.4231097412e+02 8.4236401367e+02 8.4243103027e+02
8.3457702637e+02 8.3479602051e+02 8.3494598389e+02 8.3504498291e+02 8.3519000244e+02 8.3536999512e+02 8.3551202393e+02 8.3562597656e+02 8.3573901367e+02 8.3583697510e+02 8.3598498535e+02 8.3616497803e+02 8.3636499023e+02 8.3655102539e+02 8.3669897461e+02 8.3683898926e+02 8.3695898438e+02 8.3718798828e+02 8.3737701416e+02 8.3762402344e+02 8.3794598389e+02 8.3813000488e+02 8.3830401611e+02 8.3852502441e+02 8.3873400879e+02 8.3893499756e+02 8.3914398193e+02 8.3933398438e+02 8.3948297119e+02 8.3961297607e+02 8.3976000977e+02 8.3993298340e+02 8.4010699463e+02 8.4032397461e+02 8.4063201904e+02 8.4091198730e+02 8.4116900635e+02 8.4139202881e+02 8.4162597656e+02 8.4182098389e+02 8.4191998291e+02 8.4197198486e+02 8.4198699951e+02 8.4202197266e+02 8.4209399414e+02 8.4216998291e+02
8.3436297607e+02 8.3466302490e+02 8.3489001465e+02 8.3499298096e+02 8.3507397461e+02 8.3527197266e+02 8.3542700195e+02 8.3551599121e+02 8.3560101318e+02 8.3574298096e+02 8.3586700439e+02 8.3603002930e+02 8.3624102783e+02 8.3640002441e+02 8.3653802490e+02 8.3664898682e+02 8.3673901367e+02 8.3692498779e+02 8.3712500000e+02 8.3744598389e+02 8.3775799561e+02 8.3794799805e+02 8.3814801025e+02 8.3835198975e+02 8.3852398682e+02 8.3872302246e+02 8.3892700195e+02 8.3911999512e+02 8.3928997803e+02 8.3941601563e+02 8.3958697510e+02 8.3977197266e+02 8.3996697998e+02 8.4014099121e+02 8.4037597656e+02 8.4063098145e+02 8.4092700195e+02 8.4115698242e+02 8.4139300537e+02 8.4153399658e+02 8.4157501221e+02 8.4161602783e+02 8.4166302490e+02 8.4172601318e+02 8.4179602051e+02 8.4189801025e+02
8.3419799805e+02 8.3448999023e+02 8.3475000000e+02 8.3489202881e+02 8.3497900391e+02 8.3509997559e+02 8.3528698730e+02 8.3541101074e+02 8.3550097656e+02 8.3564001465e+02 8.3575897217e+02 8.3592102051e+02 8.3610797119e+02 8.3624700928e+02 8.3634802246e+02 8.3644299316e+02 8.3657598877e+02 8.3678302002e+02 8.3695800781e+02 8.3721197510e+02 8.3747998047e+02 8.3767401123e+02 8.3793499756e+02 8.3817999268e+02 8.3834197998e+02 8.3853802490e+02 8.3874902344e+02 8.3896801758e+02 8.3914599609e+02 8.3928399658e+02 8.3945697021e+02 8.3962597656e+02 8.3976501465e+02 8.3990399170e+02 8.4008599854e+02 8.4033398438e+02 8.4066802979e+02 8.4088299561e+02 8.4107702637e+02 8.4115002441e+02 8.4114501953e+02 8.4122497559e+02 8.4134002686e+02 8.4141802979e+02 8.4148101807e+02 8.4166601563e+02
8.3403002930e+02 8.3429901123e+02 8.3453399658e+02 8.3470098877e+02 8.3483398438e+02 8.3493298340e+02 8.3509997559e+02 8.3524200439e+02 8.3534497070e+02 8.3547998047e+02 8.3559802246e+02 8.3574700928e+02 8.3590301514e+02 8.3601098633e+02 8.3613598633e+02 8.3622802734e+02 8.3634600830e+02 8.3654699707e+02 8.3672302246e+02 8.3698999023e+02 8.3723297119e+02 8.3741601563e+02 8.3771697998e+02 8.3800701904e+02 8.3816802979e+02 8.3834698486e+02 8.3854998779e+02 8.3876397705e+02 8.3894702148e+02 8.3909197998e+02 8.3926000977e+02 8.3940502930e+02 8.3951000977e+02 8.3964099121e+02 8.3981298828e+02 8.4004101563e+02 8.4034698486e+02 8.4055102539e+02 8.4073101807e+02 8.4080603027e+02 8.4083502197e+02 8.4094299316e+02 8.4107501221e+02 8.4115997314e+02 8.4120697021e+02 8.4135400391e+02
8.3385101318e+02 8.3410101318e+02 8.3429101563e+02 8.3444500732e+02 8.3462097168e+02 8.3478002930e+02 8.3491900635e+02 8.3504400635e+02 8.3516497803e+02 8.3529602051e+02 8.3540197754e+02 8.3553002930e+02 8.3566699219e+02 8.3578399658e+02 8.3596099854e+02 8.3607501221e+02 8.3614202881e+02 8.3627502441e+02 8.3645202637e+02 8.3677099609e+02 8.3702600098e+02 8.3720697021e+02 8.3751397705e+02 8.3782000732e+02 8.3799200439e+02 8.3817700195e+02 8.3838598633e+02 8.3857897949e+02 8.3872998047e+02 8.3887799072e+02 8.3904199219e+02 8.3916601563e+02 8.3925799561e+02 8.3939898682e+02 8.3957598877e+02 8.3978302002e+02 8.4002600098e+02 8.4024798584e+02 8.4046997070e+02 8.4058898926e+02 8.4064202881e+02 8.4074298096e+02 8.4088201904e+02 8.4097900391e+02 8.4100897217e+02 8.4109002686e+02
8.3363897705e+02 8.3386199951e+02 8.3404101563e+02 8.3420599365e+02 8.3440899658e+02 8.3466802979e+02 8.3478900146e+02 8.3488000488e+02 8.3501599121e+02 8.3513598633e+02 8.3522601318e+02 8.3532397461e+02 8.3545697021e+02 8.3562298584e+02 8.3582202148e+02 8.3596899414e+02 8.3602099609e+02 8.3616302490e+02 8.3638397217e+02 8.3664697266e+02 8.3684002686e+02 8.3701599121e+02 8.3728399658e+02 8.3757598877e+02 8.3777697754e+02 8.3797198486e+02 8.3820599365e+02 8.3841400146e+02 8.3858801270e+02 8.3877099609e+02 8.3892901611e+02 8.3902301025e+02 8.3908599854e+02 8.3919299316e+02 8.3937402344e+02 8.3958197021e+02 8.3977099609e+02 8.4000598145e+02 8.4029998779e+02 8.4048400879e+02 8.4051202393e+02 8.4058697510e+02 8.4068902588e+02 8.4077099609e+02 8.4080297852e+02 8.4088098145e+02
8.3344500732e+02 8.3367498779e+02 8.3385797119e+02 8.3399401855e+02 8.3414099121e+02 8.3442797852e+02 8.3460400391e+02 8.3470800781e+02 8.3480999756e+02 8.3492297363e+02 8.3503900146e+02 8.3515997314e+02 8.3528802490e+02 8.3546697998e+02 8.3564300537e+02 8.3576397705e+02 8.3587701416e+02 8.3606896973e+02 8.3633599854e+02 8.3653900146e+02 8.3666497803e+02 8.3681799316e+02 8.3705401611e+02 8.3734899902e+02 8.3758898926e+02 8.3775299072e+02 8.3797601318e+02 8.3820898438e+02 8.3841900635e+02 8.3864300537e+02 8.3881701660e+02 8.3891101074e+02 8.3895397949e+02 8.3901599121e+02 8.3917700195e+02 8.3935900879e+02 8.3952197266e+02 8.3977099609e+02 8.4008398438e+02 8.4030999756e+02 8.4038397217e+02 8.4043499756e+02 8.4049902344e+02 8.4056597900e+02 8.4057598877e+02 8.4060900879e+02
8.3322998047e+02 8.3347198486e+02 8.3368103027e+02 8.3381799316e+02 8.3391400146e+02 8.3414001465e+02 8.3433099365e+02 8.3449700928e+02 8.3463299561e+02 8.3474700928e+02 8.3485699463e+02 8.3499401855e+02 8.3514300537e+02 8.3528997803e+02 8.3543200684e+02 8.3553698730e+02 8.3573297119e+02 8.3595300293e+02 8.3622601318e+02 8.3641802979e+02 8.3653997803e+02 8.3668798828e+02 8.3688897705e+02 8.3715100098e+02 8.3739501953e+02 8.3755999756e+02 8.3777301025e+02 8.3800201416e+02 8.3821801758e+02 8.3844201660e+02 8.3862200928e+02 8.3871899414e+02 8.3875598145e+02 8.3884002686e+02 8.3900500488e+02 8.3916601563e+02 8.3933300781e+02 8.3958099365e+02 8.3985900879e+02 8.4006701660e+02 8.4018200684e+02 8.4021997070e+02 8.4025897217e+02 8.4032098389e+02 8.4035400391e+02 8.4039001465e+02
8.3302398682e+02 8.3324401855e+02 8.3347497559e+02 8.3364501953e+02 8.3374298096e+02 8.3390802002e+02 8.3406799316e+02 8.3424798584e+02 8.3441998291e+02 8.3457098389e+02 8.3468298340e+02 8.3483599854e+02 8.3503497314e+02 8.3514599609e+02 8.3529302979e+02 8.3539801025e+02 8.3559899902e+02 8.3583898926e+02 8.3611499023e+02 8.3632397461e+02 8.3647399902e+02 8.3659399414e+02 8.3672601318e+02 8.3691699219e+02 8.3716400146e+02 8.3735797119e+02 8.3756298828e+02 8.3777899170e+02 8.3798699951e+02 8.3820898438e+02 8.3839001465e+02 8.3848901367e+02 8.3850799561e+02 8.3866101074e+02 8.3887200928e+02 8.3901702881e+02 8.3915997314e+02 8.3937500000e+02 8.3958398438e+02 8.3974200439e+02 8.3986602783e+02 8.3990100098e+02 8.3995001221e+02 8.4004199219e+02 8.4013897705e+02 8.4020697021e+02
