TESTSERVER/23/1.asc
NCOLS 100
NROWS 100
XLLCORNER 8.6497500000e+03
YLLCORNER 2.8990025000e+05
CELLSIZE 5.0000000000e-01
NODATA_VALUE -9.9990000000e+03
[rows 80 to 99 of 100, columns 0 to 45 of 100]
8.2836199951e+02 8.2850701904e+02 8.2877600098e+02 8.2906402588e+02 8.2930603027e+02 8.2950000000e+02 8.2979199219e+02 8.3008001709e+02 8.3020599365e+02 8.3050701904e+02 8.3085900879e+02 8.3115698242e+02 8.3140802002e+02 8.3170898438e+02 8.3202801514e+02 8.3229199219e+02 8.3253698730e+02 8.3280499268e+02 8.3307397461e+02 8.3335699463e+02 8.3369097900e+02 8.3398699951e+02 8.3410101318e+02 8.3420599365e+02 8.3437298584e+02 8.3452197266e+02 8.3459600830e+02 8.3468701172e+02 8.3483898926e+02 8.3504400635e+02 8.3517102051e+02 8.3525000000e+02 8.3537902832e+02 8.3551098633e+02 8.3564501953e+02 8.3576898193e+02 8.3588397217e+02 8.3601202393e+02 8.3615698242e+02 8.3631500244e+02 8.3647802734e+02 8.3662298584e+02 8.3674298096e+02 8.3684698486e+02 8.3692199707e+02 8.3704797363e+02
8.2822399902e+02 8.2836199951e+02 8.2857098389e+02 8.2880798340e+02 8.2900897217e+02 8.2916900635e+02 8.2943499756e+02 8.2972998047e+02 8.2991601563e+02 8.3020098877e+02 8.3054101563e+02 8.3087597656e+02 8.3122302246e+02 8.3155401611e+02 8.3181500244e+02 8.3201702881e+02 8.3222802734e+02 8.3251702881e+02 8.3281402588e+02 8.3310998535e+02 8.3343103027e+02 8.3370202637e+02 8.3389398193e+02 8.3407000732e+02 8.3427600098e+02 8.3445300293e+02 8.3456402588e+02 8.3463598633e+02 8.3471697998e+02 8.3483197021e+02 8.3496697998e+02 8.3511297607e+02 8.3524200439e+02 8.3536700439e+02 8.3554101563e+02 8.3568902588e+02 8.3578302002e+02 8.3589300537e+02 8.3601501465e+02 8.3616302490e+02 8.3635198975e+02 8.3651501465e+02 8.3664898682e+02 8.3676300049e+02 8.3684899902e+02 8.3697601318e+02
8.2810198975e+02 8.2823797607e+02 8.2840698242e+02 8.2858697510e+02 8.2875402832e+02 8.2891497803e+02 8.2915502930e+02 8.2943103027e+02 8.2966699219e+02 8.2992297363e+02 8.3024597168e+02 8.3060400391e+02 8.3099200439e+02 8.3133300781e+02 8.3156201172e+02 8.3172497559e+02 8.3192102051e+02 8.3221697998e+02 8.3251397705e+02 8.3280401611e+02 8.3309802246e+02 8.3336499023e+02 8.3358898926e+02 8.3381597900e+02 8.3408398438e+02 8.3437597656e+02 8.3457397461e+02 8.3464099121e+02 8.3468701172e+02 8.3476702881e+02 8.3485302734e+02 8.3495898438e+02 8.3506500244e+02 8.3520501709e+02 8.3542199707e+02 8.3561999512e+02 8.3570202637e+02 8.3578601074e+02 8.3591101074e+02 8.3605603027e+02 8.3624298096e+02 8.3642401123e+02 8.3657299805e+02 8.3670098877e+02 8.3679302979e+02 8.3691198730e+02
8.2802502441e+02 8.2817700195e+02 8.2831799316e+02 8.2845098877e+02 8.2858398438e+02 8.2871502686e+02 8.2893402100e+02 8.2921997070e+02 8.2948400879e+02 8.2969201660e+02 8.2999700928e+02 8.3037097168e+02 8.3074401855e+02 8.3108300781e+02 8.3130297852e+02 8.3145501709e+02 8.3165197754e+02 8.3194500732e+02 8.3222601318e+02 8.3249401855e+02 8.3275299072e+02 8.3300402832e+02 8.3324298096e+02 8.3350500488e+02 8.3380297852e+02 8.3420697021e+02 8.3452301025e+02 8.3463397217e+02 8.3466998291e+02 8.3474102783e+02 8.3482098389e+02 8.3489099121e+02 8.3495001221e+02 8.3506298828e+02 8.3526898193e+02 8.3548602295e+02 8.3559301758e+02 8.3568402100e+02 8.3581701660e+02 8.3596197510e+02 8.3614202881e+02 8.3633300781e+02 8.3649700928e+02 8.3663897705e+02 8.3674200439e+02 8.3685400391e+02
8.2801202393e+02 8.2819799805e+02 8.2831298828e+02 8.2839801025e+02 8.2851599121e+02 8.2857800293e+02 8.2873797607e+02 8.2901098633e+02 8.2931402588e+02 8.2952899170e+02 8.2982397461e+02 8.3018798828e+02 8.3053900146e+02 8.3083502197e+02 8.3105499268e+02 8.3121801758e+02 8.3142999268e+02 8.3170397949e+02 8.3196197510e+02 8.3221197510e+02 8.3245397949e+02 8.3268798828e+02 8.3293597412e+02 8.3320599365e+02 8.3348797607e+02 8.3389599609e+02 8.3428601074e+02 8.3450402832e+02 8.3461999512e+02 8.3467901611e+02 8.3477697754e+02 8.3487701416e+02 8.3494702148e+02 8.3496997070e+02 8.3506896973e+02 8.3522100830e+02 8.3534997559e+02 8.3555700684e+02 8.3571801758e+02 8.3587597656e+02 8.3606201172e+02 8.3623101807e+02 8.3641101074e+02 8.3656402588e+02 8.3670300293e+02 8.3679998779e+02
8.2792401123e+02 8.2815997314e+02 8.2826599121e+02 8.2829498291e+02 8.2839202881e+02 8.2849102783e+02 8.2862200928e+02 8.2883697510e+02 8.2912298584e+02 8.2939099121e+02 8.2970599365e+02 8.3006097412e+02 8.3042498779e+02 8.3075097656e+02 8.3096997070e+02 8.3112500000e+02 8.3129998779e+02 8.3151898193e+02 8.3173901367e+02 8.3197198486e+02 8.3220800781e+02 8.3245300293e+02 8.3271801758e+02 8.3297900391e+02 8.3322698975e+02 8.3354101563e+02 8.3390197754e+02 8.3418902588e+02 8.3442700195e+02 8.3460699463e+02 8.3473101807e+02 8.3483099365e+02 8.3490698242e+02 8.3496502686e+02 8.3500299072e+02 8.3506201172e+02 8.3515100098e+02 8.3530102539e+02 8.3547302246e+02 8.3565197754e+02 8.3586199951e+02 8.3609002686e+02 8.3630401611e+02 8.3647399902e+02 8.3660601807e+02 8.3675500488e+02
8.2774200439e+02 8.2798400879e+02 8.2810601807e+02 8.2811999512e+02 8.2822998047e+02 8.2839398193e+02 8.2852801514e+02 8.2871600342e+02 8.2897900391e+02 8.2926599121e+02 8.2958898926e+02 8.2992999268e+02 8.3025598145e+02 8.3058300781e+02 8.3083599854e+02 8.3101300049e+02 8.3117901611e+02 8.3138201904e+02 8.3155798340e+02 8.3175299072e+02 8.3197998047e+02 8.3224200439e+02 8.3252600098e+02 8.3278601074e+02 8.3300598145e+02 8.3323400879e+02 8.3354199219e+02 8.3385400391e+02 8.3418103027e+02 8.3449102783e+02 8.3468298340e+02 8.3480603027e+02 8.3489801025e+02 8.3496398926e+02 8.3500097656e+02 8.3503802490e+02 8.3506799316e+02 8.3511700439e+02 8.3522100830e+02 8.3536102295e+02 8.3557897949e+02 8.3583697510e+02 8.3606597900e+02 8.3625500488e+02 8.3641198730e+02 8.3661901855e+02
8.2752099609e+02 8.2778497314e+02 8.2795098877e+02 8.2797998047e+02 8.2808398438e+02 8.2828497314e+02 8.2842797852e+02 8.2861499023e+02 8.2887200928e+02 8.2915301514e+02 8.2946997070e+02 8.2979400635e+02 8.3008599854e+02 8.3039501953e+02 8.3066497803e+02 8.3085601807e+02 8.3102099609e+02 8.3121997070e+02 8.3134997559e+02 8.3150097656e+02 8.3172802734e+02 8.3201300049e+02 8.3231597900e+02 8.3257702637e+02 8.3277301025e+02 8.3299200439e+02 8.3330798340e+02 8.3363098145e+02 8.3394702148e+02 8.3426800537e+02 8.3450799561e+02 8.3469799805e+02 8.3485601807e+02 8.3494097900e+02 8.3499499512e+02 8.3503900146e+02 8.3506201172e+02 8.3505902100e+02 8.3508898926e+02 8.3515301514e+02 8.3530297852e+02 8.3551000977e+02 8.3570697021e+02 8.3588598633e+02 8.3605401611e+02 8.3626300049e+02
8.2727502441e+02 8.2756500244e+02 8.2778601074e+02 8.2786700439e+02 8.2794702148e+02 8.2815698242e+02 8.2829400635e+02 8.2849102783e+02 8.2877301025e+02 8.2901501465e+02 8.2933001709e+02 8.2966101074e+02 8.2997698975e+02 8.3024200439e+02 8.3049902344e+02 8.3068402100e+02 8.3078802490e+02 8.3095599365e+02 8.3106097412e+02 8.3119299316e+02 8.3145001221e+02 8.3174798584e+02 8.3203601074e+02 8.3227899170e+02 8.3246301270e+02 8.3278399658e+02 8.3316802979e+02 8.3349902344e+02 8.3372399902e+02 8.3397100830e+02 8.3421398926e+02 8.3445202637e+02 8.3464898682e+02 8.3483001709e+02 8.3492797852e+02 8.3499798584e+02 8.3505401611e+02 8.3507598877e+02 8.3508898926e+02 8.3509997559e+02 8.3514202881e+02 8.3520898438e+02 8.3532000732e+02 8.3544201660e+02 8.3555200195e+02 8.3571997070e+02
8.2709802246e+02 8.2732501221e+02 8.2754998779e+02 8.2770898438e+02 8.2781799316e+02 8.2799902344e+02 8.2812298584e+02 8.2832299805e+02 8.2859600830e+02 8.2886102295e+02 8.2917297363e+02 8.2948498535e+02 8.2976702881e+02 8.3001000977e+02 8.3025000000e+02 8.3045397949e+02 8.3052398682e+02 8.3065301514e+02 8.3079998779e+02 8.3096002197e+02 8.3118103027e+02 8.3144799805e+02 8.3171600342e+02 8.3198797607e+02 8.3231201172e+02 8.3265502930e+02 8.3296301270e+02 8.3324200439e+02 8.3344097900e+02 8.3368902588e+02 8.3393103027e+02 8.3414697266e+02 8.3438500977e+02 8.3463500977e+02 8.3479498291e+02 8.3491101074e+02 8.3498602295e+02 8.3504699707e+02 8.3508801270e+02 8.3511199951e+02 8.3512799072e+02 8.3515002441e+02 8.3521099854e+02 8.3528698730e+02 8.3534002686e+02 8.3540399170e+02
8.2691198730e+02 8.2711602783e+02 8.2732098389e+02 8.2752398682e+02 8.2765600586e+02 8.2779797363e+02 8.2792602539e+02 8.2813397217e+02 8.2842797852e+02 8.2871099854e+02 8.2898797607e+02 8.2924700928e+02 8.2948999023e+02 8.2972302246e+02 8.2994897461e+02 8.3016497803e+02 8.3028399658e+02 8.3039398193e+02 8.3055297852e+02 8.3072497559e+02 8.3089599609e+02 8.3123699951e+02 8.3153601074e+02 8.3183898926e+02 8.3227899170e+02 8.3259197998e+02 8.3276000977e+02 8.3295697021e+02 8.3315100098e+02 8.3339599609e+02 8.3363800049e+02 8.3385498047e+02 8.3410101318e+02 8.3438397217e+02 8.3459301758e+02 8.3476202393e+02 8.3488000488e+02 8.3497998047e+02 8.3504998779e+02 8.3509002686e+02 8.3511401367e+02 8.3514001465e+02 8.3519201660e+02 8.3525097656e+02 8.3528900146e+02 8.3533599854e+02
8.2663299561e+02 8.2687902832e+02 8.2706799316e+02 8.2726202393e+02 8.2743402100e+02 8.2758502197e+02 8.2771997070e+02 8.2793902588e+02 8.2826000977e+02 8.2854400635e+02 8.2877301025e+02 8.2898498535e+02 8.2921899414e+02 8.2946997070e+02 8.2967297363e+02 8.2988800049e+02 8.3005798340e+02 8.3014099121e+02 8.3027301025e+02 8.3042401123e+02 8.3058898926e+02 8.3107501221e+02 8.3140399170e+02 8.3159997559e+02 8.3196398926e+02 8.3228198242e+02 8.3245599365e+02 8.3266998291e+02 8.3288000488e+02 8.3313098145e+02 8.3337298584e+02 8.3358801270e+02 8.3381701660e+02 8.3408898926e+02 8.3432000732e+02 8.3452801514e+02 8.3470300293e+02 8.3485101318e+02 8.3495098877e+02 8.3501098633e+02 8.3505102539e+02 8.3511901855e+02 8.3520202637e+02 8.3527697754e+02 8.3532397461e+02 8.3536999512e+02
8.2636999512e+02 8.2666400146e+02 8.2685699463e+02 8.2700701904e+02 8.2721801758e+02 8.2739697266e+02 8.2754101563e+02 8.2774798584e+02 8.2802899170e+02 8.2830499268e+02 8.2851000977e+02 8.2871197510e+02 8.2895898438e+02 8.2923101807e+02 8.2940698242e+02 8.2963800049e+02 8.2987402344e+02 8.2997998047e+02 8.3007000732e+02 8.3017199707e+02 8.3031402588e+02 8.3067797852e+02 8.3100097656e+02 8.3120202637e+02 8.3152801514e+02 8.3186297607e+02 8.3215899658e+02 8.3243597412e+02 8.3268701172e+02 8.3292102051e+02 8.3315502930e+02 8.3336102295e+02 8.3354400635e+02 8.3377001953e+02 8.3399102783e+02 8.3422302246e+02 8.3444799805e+02 8.3463897705e+02 8.3476898193e+02 8.3484698486e+02 8.3490600586e+02 8.3501898193e+02 8.3514501953e+02 8.3525897217e+02 8.3534100342e+02 8.3538598633e+02
8.2614001465e+02 8.2640997314e+02 8.2658801270e+02 8.2677001953e+02 8.2707598877e+02 8.2728900146e+02 8.2738897705e+02 8.2752899170e+02 8.2776898193e+02 8.2799700928e+02 8.2821002197e+02 8.2844000244e+02 8.2872198486e+02 8.2900299072e+02 8.2918402100e+02 8.2937597656e+02 8.2964202881e+02 8.2987500000e+02 8.2997497559e+02 8.3002697754e+02 8.3010998535e+02 8.3031896973e+02 8.3062200928e+02 8.3093597412e+02 8.3128900146e+02 8.3163800049e+02 8.3195098877e+02 8.3223602295e+02 8.3250701904e+02 8.3275598145e+02 8.3297302246e+02 8.3316900635e+02 8.3334399414e+02 8.3352001953e+02 8.3370397949e+02 8.3391699219e+02 8.3417602539e+02 8.3439099121e+02 8.3453198242e+02 8.3461602783e+02 8.3470300293e+02 8.3485101318e+02 8.3499401855e+02 8.3513299561e+02 8.3525500488e+02 8.3533599854e+02
8.2586798096e+02 8.2610198975e+02 8.2628100586e+02 8.2648797607e+02 8.2680999756e+02 8.2702001953e+02 8.2713098145e+02 8.2727301025e+02 8.2750097656e+02 8.2772802734e+02 8.2795202637e+02 8.2820800781e+02 8.2850897217e+02 8.2878997803e+02 8.2902001953e+02 8.2922698975e+02 8.2944897461e+02 8.2969201660e+02 8.2982000732e+02 8.2989599609e+02 8.2999200439e+02 8.3015002441e+02 8.3044000244e+02 8.3076000977e+02 8.3108001709e+02 8.3141497803e+02 8.3173199463e+02 8.3202099609e+02 8.3230102539e+02 8.3255999756e+02 8.3278002930e+02 8.3297802734e+02 8.3315802002e+02 8.3330798340e+02 8.3344500732e+02 8.3361602783e+02 8.3385900879e+02 8.3407800293e+02 8.3423101807e+02 8.3433197021e+02 8.3444299316e+02 8.3462097168e+02 8.3478601074e+02 8.3494799805e+02 8.3509802246e+02 8.3521899414e+02
8.2558502197e+02 8.2579498291e+02 8.2600402832e+02 8.2623999023e+02 8.2652001953e+02 8.2668103027e+02 8.2682501221e+02 8.2701397705e+02 8.2726098633e+02 8.2751599121e+02 8.2776098633e+02 8.2803002930e+02 8.2832897949e+02 8.2856201172e+02 8.2880603027e+02 8.2905499268e+02 8.2927801514e+02 8.2947698975e+02 8.2961999512e+02 8.2976501465e+02 8.2991601563e+02 8.3005200195e+02 8.3032098389e+02 8.3061499023e+02 8.3088800049e+02 8.3119598389e+02 8.3150000000e+02 8.3178002930e+02 8.3205102539e+02 8.3231402588e+02 8.3254400635e+02 8.3275701904e+02 8.3295397949e+02 8.3309301758e+02 8.3319897461e+02 8.3333300781e+02 8.3353497314e+02 8.3374298096e+02 8.3390802002e+02 8.3402801514e+02 8.3415197754e+02 8.3433898926e+02 8.3451800537e+02 8.3469799805e+02 8.3487097168e+02 8.3502099609e+02
8.2533801270e+02 8.2555102539e+02 8.2579998779e+02 8.2607598877e+02 8.2633398438e+02 8.2644299316e+02 8.2658099365e+02 8.2676800537e+02 8.2700500488e+02 8.2733197021e+02 8.2759997559e+02 8.2786401367e+02 8.2817602539e+02 8.2837500000e+02 8.2858502197e+02 8.2885900879e+02 8.2917700195e+02 8.2932800293e+02 8.2945501709e+02 8.2964501953e+02 8.2988702393e+02 8.3001501465e+02 8.3022601318e+02 8.3046801758e+02 8.3071697998e+02 8.3097399902e+02 8.3124902344e+02 8.3151202393e+02 8.3177099609e+02 8.3201599121e+02 8.3225799561e+02 8.3248297119e+02 8.3268298340e+02 8.3285101318e+02 8.3297100830e+02 8.3309197998e+02 8.3324798584e+02 8.3344897461e+02 8.3362500000e+02 8.3376702881e+02 8.3388201904e+02 8.3403698730e+02 8.3422698975e+02 8.3441900635e+02 8.3457098389e+02 8.3474902344e+02
8.2508801270e+02 8.2533197021e+02 8.2558099365e+02 8.2582299805e+02 8.2603698730e+02 8.2619396973e+02 8.2636297607e+02 8.2658398438e+02 8.2686798096e+02 8.2718597412e+02 8.2743902588e+02 8.2765600586e+02 8.2793200684e+02 8.2819500732e+02 8.2841198730e+02 8.2870697021e+02 8.2898999023e+02 8.2915197754e+02 8.2930700684e+02 8.2948901367e+02 8.2972198486e+02 8.2989898682e+02 8.3007897949e+02 8.3027099609e+02 8.3048797607e+02 8.3072698975e+02 8.3098101807e+02 8.3123297119e+02 8.3147100830e+02 8.3170800781e+02 8.3194000244e+02 8.3215600586e+02 8.3234802246e+02 8.3256896973e+02 8.3278802490e+02 8.3295300293e+02 8.3307397461e+02 8.3324298096e+02 8.3339501953e+02 8.3353100586e+02 8.3363397217e+02 8.3376599121e+02 8.3393200684e+02 8.3411602783e+02 8.3427197266e+02 8.3442401123e+02
8.2482501221e+02 8.2507598877e+02 8.2532098389e+02 8.2555297852e+02 8.2576397705e+02 8.2592797852e+02 8.2611999512e+02 8.2637701416e+02 8.2668402100e+02 8.2700000000e+02 8.2725897217e+02 8.2746398926e+02 8.2769598389e+02 8.2793798828e+02 8.2819000244e+02 8.2855499268e+02 8.2881896973e+02 8.2887402344e+02 8.2903698730e+02 8.2924597168e+02 8.2950799561e+02 8.2971600342e+02 8.2988598633e+02 8.3004602051e+02 8.3023498535e+02 8.3046502686e+02 8.3070098877e+02 8.3093701172e+02 8.3115997314e+02 8.3138000488e+02 8.3160101318e+02 8.3181402588e+02 8.3201098633e+02 8.3228997803e+02 8.3258599854e+02 8.3279901123e+02 8.3289801025e+02 8.3302801514e+02 8.3314898682e+02 8.3326702881e+02 8.3336700439e+02 8.3347802734e+02 8.3362402344e+02 8.3380401611e+02 8.3397497559e+02 8.3409802246e+02
8.2455102539e+02 8.2478802490e+02 8.2502301025e+02 8.2526800537e+02 8.2552899170e+02 8.2573699951e+02 8.2592401123e+02 8.2615100098e+02 8.2642199707e+02 8.2673498535e+02 8.2702600098e+02 8.2726000977e+02 8.2746600342e+02 8.2767102051e+02 8.2793298340e+02 8.2829797363e+02 8.2856701660e+02 8.2867797852e+02 8.2886297607e+02 8.2902197266e+02 8.2923602295e+02 8.2946197510e+02 8.2962902832e+02 8.2977301025e+02 8.2995501709e+02 8.3018402100e+02 8.3040899658e+02 8.3063299561e+02 8.3084600830e+02 8.3104901123e+02 8.3125799561e+02 8.3146801758e+02 8.3167797852e+02 8.3197100830e+02 8.3228601074e+02 8.3253601074e+02 8.3266101074e+02 8.3276501465e+02 8.3286700439e+02 8.3297698975e+02 8.3307702637e+02 8.3317901611e+02 8.3332000732e+02 8.3350299072e+02 8.3369702148e+02 8.3381097412e+02
