TESTSERVER/23/10.asc
NCOLS 100
NROWS 100
XLLCORNER 8.6497500000e+03
YLLCORNER 2.8945025000e+05
CELLSIZE 5.0000000000e-01
NODATA_VALUE -9.9990000000e+03
[rows 60 to 79 of 100, columns 0 to 45 of 100]
6.7254498291e+02 6.7261700439e+02 6.7270202637e+02 6.7276800537e+02 6.7285101318e+02 6.7292999268e+02 6.7300000000e+02 6.7307202148e+02 6.7315600586e+02 6.7323498535e+02 6.7331402588e+02 6.7339599609e+02 6.7347998047e+02 6.7356298828e+02 6.7362799072e+02 6.7370800781e+02 6.7379797363e+02 6.7388800049e+02 6.7396301270e+02 6.7403997803e+02 6.7412402344e+02 6.7420800781e+02 6.7429101563e+02 6.7436700439e+02 6.7445800781e+02 6.7453497314e+02 6.7460400391e+02 6.7469201660e+02 6.7477099609e+02 6.7483197021e+02 6.7490399170e+02 6.7498297119e+02 6.7505700684e+02 6.7513500977e+02 6.7522198486e+02 6.7530401611e+02 6.7536901855e+02 6.7542901611e+02 6.7548901367e+02 6.7554199219e+02 6.7561401367e+02 6.7567999268e+02 6.7575598145e+02 6.7582098389e+02 6.7588598633e+02 6.7595800781e+02
6.7240002441e+02 6.7247998047e+02 6.7255999756e+02 6.7261401367e+02 6.7268902588e+02 6.7277600098e+02 6.7285302734e+02 6.7292901611e+02 6.7300799561e+02 6.7307897949e+02 6.7315698242e+02 6.7325097656e+02 6.7333502197e+02 6.7341497803e+02 6.7349102783e+02 6.7356896973e+02 6.7365100098e+02 6.7374102783e+02 6.7381597900e+02 6.7389599609e+02 6.7398797607e+02 6.7406201172e+02 6.7413897705e+02 6.7422497559e+02 6.7430798340e+02 6.7438201904e+02 6.7446301270e+02 6.7455603027e+02 6.7463500977e+02 6.7470001221e+02 6.7477899170e+02 6.7485699463e+02 6.7494299316e+02 6.7501898193e+02 6.7507702637e+02 6.7514398193e+02 6.7521899414e+02 6.7529498291e+02 6.7536102295e+02 6.7542401123e+02 6.7549700928e+02 6.7555603027e+02 6.7563000488e+02 6.7569201660e+02 6.7574902344e+02 6.7581097412e+02
6.7225598145e+02 6.7233197021e+02 6.7240502930e+02 6.7247302246e+02 6.7255499268e+02 6.7264202881e+02 6.7271502686e+02 6.7278601074e+02 6.7285900879e+02 6.7292401123e+02 6.7300000000e+02 6.7309301758e+02 6.7317401123e+02 6.7325201416e+02 6.7334197998e+02 6.7341497803e+02 6.7349298096e+02 6.7359002686e+02 6.7367401123e+02 6.7375000000e+02 6.7383099365e+02 6.7390600586e+02 6.7398498535e+02 6.7406896973e+02 6.7414697266e+02 6.7422302246e+02 6.7431298828e+02 6.7441198730e+02 6.7449700928e+02 6.7456597900e+02 6.7464202881e+02 6.7471697998e+02 6.7481500244e+02 6.7489398193e+02 6.7494799805e+02 6.7501098633e+02 6.7508001709e+02 6.7514398193e+02 6.7520697021e+02 6.7528198242e+02 6.7535601807e+02 6.7541400146e+02 6.7549102783e+02 6.7556097412e+02 6.7562298584e+02 6.7568499756e+02
6.7210498047e+02 6.7217797852e+02 6.7225201416e+02 6.7232598877e+02 6.7240301514e+02 6.7247802734e+02 6.7255999756e+02 6.7263702393e+02 6.7270300293e+02 6.7276599121e+02 6.7284802246e+02 6.7292901611e+02 6.7300299072e+02 6.7308502197e+02 6.7318103027e+02 6.7324700928e+02 6.7333001709e+02 6.7343798828e+02 6.7352899170e+02 6.7359997559e+02 6.7367999268e+02 6.7376898193e+02 6.7384698486e+02 6.7391601563e+02 6.7399102783e+02 6.7407098389e+02 6.7416699219e+02 6.7426702881e+02 6.7435198975e+02 6.7441802979e+02 6.7448999023e+02 6.7456097412e+02 6.7465899658e+02 6.7475000000e+02 6.7482000732e+02 6.7489300537e+02 6.7496197510e+02 6.7501898193e+02 6.7508001709e+02 6.7515197754e+02 6.7521398926e+02 6.7527099609e+02 6.7534600830e+02 6.7541998291e+02 6.7548699951e+02 6.7554901123e+02
6.7196099854e+02 6.7202398682e+02 6.7209497070e+02 6.7217999268e+02 6.7223699951e+02 6.7231097412e+02 6.7239801025e+02 6.7248498535e+02 6.7256201172e+02 6.7261297607e+02 6.7269097900e+02 6.7276898193e+02 6.7283398438e+02 6.7291998291e+02 6.7301501465e+02 6.7308898926e+02 6.7317401123e+02 6.7326599121e+02 6.7335101318e+02 6.7343701172e+02 6.7353302002e+02 6.7362799072e+02 6.7370599365e+02 6.7377899170e+02 6.7385101318e+02 6.7392700195e+02 6.7401800537e+02 6.7411901855e+02 6.7420001221e+02 6.7426702881e+02 6.7434600830e+02 6.7442700195e+02 6.7450897217e+02 6.7459600830e+02 6.7467401123e+02 6.7474902344e+02 6.7481597900e+02 6.7488098145e+02 6.7496398926e+02 6.7503100586e+02 6.7509301758e+02 6.7515502930e+02 6.7522399902e+02 6.7528399658e+02 6.7534698486e+02 6.7540002441e+02
6.7181701660e+02 6.7188201904e+02 6.7195397949e+02 6.7203100586e+02 6.7209002686e+02 6.7216699219e+02 6.7224597168e+02 6.7231597900e+02 6.7239501953e+02 6.7246502686e+02 6.7254998779e+02 6.7262701416e+02 6.7270098877e+02 6.7277398682e+02 6.7285601807e+02 6.7292498779e+02 6.7301202393e+02 6.7310302734e+02 6.7318902588e+02 6.7328100586e+02 6.7338702393e+02 6.7347698975e+02 6.7355200195e+02 6.7363598633e+02 6.7371801758e+02 6.7378802490e+02 6.7387402344e+02 6.7396697998e+02 6.7404998779e+02 6.7412597656e+02 6.7420098877e+02 6.7428399658e+02 6.7436499023e+02 6.7444702148e+02 6.7452600098e+02 6.7459899902e+02 6.7466497803e+02 6.7472497559e+02 6.7480902100e+02 6.7489099121e+02 6.7496600342e+02 6.7503198242e+02 6.7510400391e+02 6.7517602539e+02 6.7523400879e+02 6.7528601074e+02
6.7165197754e+02 6.7172497559e+02 6.7181402588e+02 6.7188201904e+02 6.7195202637e+02 6.7203302002e+02 6.7211102295e+02 6.7217700195e+02 6.7225000000e+02 6.7232000732e+02 6.7240100098e+02 6.7247998047e+02 6.7256500244e+02 6.7263800049e+02 6.7270501709e+02 6.7278100586e+02 6.7287799072e+02 6.7296801758e+02 6.7304797363e+02 6.7313299561e+02 6.7323400879e+02 6.7332098389e+02 6.7338598633e+02 6.7347497559e+02 6.7356597900e+02 6.7364202881e+02 6.7372802734e+02 6.7381597900e+02 6.7390301514e+02 6.7397698975e+02 6.7404400635e+02 6.7412902832e+02 6.7421099854e+02 6.7428698730e+02 6.7436700439e+02 6.7445098877e+02 6.7452197266e+02 6.7458099365e+02 6.7465002441e+02 6.7472802734e+02 6.7481201172e+02 6.7489202881e+02 6.7497100830e+02 6.7503698730e+02 6.7510400391e+02 6.7517102051e+02
6.7149798584e+02 6.7158398438e+02 6.7166802979e+02 6.7172802734e+02 6.7180499268e+02 6.7188800049e+02 6.7196502686e+02 6.7203601074e+02 6.7211401367e+02 6.7217602539e+02 6.7225201416e+02 6.7233099365e+02 6.7241101074e+02 6.7248602295e+02 6.7255603027e+02 6.7264001465e+02 6.7273400879e+02 6.7282501221e+02 6.7290399170e+02 6.7297601318e+02 6.7306701660e+02 6.7315698242e+02 6.7322698975e+02 6.7332098389e+02 6.7341302490e+02 6.7349700928e+02 6.7357800293e+02 6.7365899658e+02 6.7374798584e+02 6.7382299805e+02 6.7389001465e+02 6.7397601318e+02 6.7405200195e+02 6.7412402344e+02 6.7420800781e+02 6.7430401611e+02 6.7438098145e+02 6.7445397949e+02 6.7452099609e+02 6.7458502197e+02 6.7466699219e+02 6.7474499512e+02 6.7482397461e+02 6.7488500977e+02 6.7496197510e+02 6.7502697754e+02
6.7134997559e+02 6.7142901611e+02 6.7151599121e+02 6.7159197998e+02 6.7166302490e+02 6.7173999023e+02 6.7181701660e+02 6.7187701416e+02 6.7196002197e+02 6.7203399658e+02 6.7211102295e+02 6.7219500732e+02 6.7227502441e+02 6.7234497070e+02 6.7241497803e+02 6.7249401855e+02 6.7257098389e+02 6.7265802002e+02 6.7275097656e+02 6.7283197021e+02 6.7292401123e+02 6.7301000977e+02 6.7308001709e+02 6.7317102051e+02 6.7326098633e+02 6.7334002686e+02 6.7342102051e+02 6.7350598145e+02 6.7358697510e+02 6.7366699219e+02 6.7375201416e+02 6.7383898926e+02 6.7391302490e+02 6.7398602295e+02 6.7406201172e+02 6.7414300537e+02 6.7421997070e+02 6.7431298828e+02 6.7439001465e+02 6.7446002197e+02 6.7454101563e+02 6.7461199951e+02 6.7467999268e+02 6.7473699951e+02 6.7480798340e+02 6.7486901855e+02
6.7119598389e+02 6.7126702881e+02 6.7133801270e+02 6.7141302490e+02 6.7149102783e+02 6.7156896973e+02 6.7165600586e+02 6.7173797607e+02 6.7182098389e+02 6.7189099121e+02 6.7196600342e+02 6.7204699707e+02 6.7212402344e+02 6.7219598389e+02 6.7227899170e+02 6.7234997559e+02 6.7242498779e+02 6.7251800537e+02 6.7260101318e+02 6.7268597412e+02 6.7277197266e+02 6.7286102295e+02 6.7293103027e+02 6.7301202393e+02 6.7310400391e+02 6.7318902588e+02 6.7327697754e+02 6.7335699463e+02 6.7342999268e+02 6.7350701904e+02 6.7359100342e+02 6.7367901611e+02 6.7376202393e+02 6.7384899902e+02 6.7391198730e+02 6.7398199463e+02 6.7406799316e+02 6.7416101074e+02 6.7424102783e+02 6.7430798340e+02 6.7438397217e+02 6.7446502686e+02 6.7453002930e+02 6.7459002686e+02 6.7465899658e+02 6.7472998047e+02
6.7103997803e+02 6.7110601807e+02 6.7117498779e+02 6.7125299072e+02 6.7133300781e+02 6.7140301514e+02 6.7148498535e+02 6.7157397461e+02 6.7165301514e+02 6.7172802734e+02 6.7180798340e+02 6.7188702393e+02 6.7196301270e+02 6.7203002930e+02 6.7211901855e+02 6.7219598389e+02 6.7227398682e+02 6.7236602783e+02 6.7244500732e+02 6.7252600098e+02 6.7259899902e+02 6.7269000244e+02 6.7278002930e+02 6.7287097168e+02 6.7296197510e+02 6.7304602051e+02 6.7312597656e+02 6.7320098877e+02 6.7328002930e+02 6.7335400391e+02 6.7343499756e+02 6.7351202393e+02 6.7359802246e+02 6.7369097900e+02 6.7375701904e+02 6.7383001709e+02 6.7391302490e+02 6.7399798584e+02 6.7408001709e+02 6.7415600586e+02 6.7423400879e+02 6.7431298828e+02 6.7437298584e+02 6.7443798828e+02 6.7451501465e+02 6.7459100342e+02
6.7088500977e+02 6.7094299316e+02 6.7101702881e+02 6.7110797119e+02 6.7117498779e+02 6.7124499512e+02 6.7132000732e+02 6.7140002441e+02 6.7147100830e+02 6.7154797363e+02 6.7163397217e+02 6.7171197510e+02 6.7179199219e+02 6.7186401367e+02 6.7194897461e+02 6.7203198242e+02 6.7211700439e+02 6.7220098877e+02 6.7228399658e+02 6.7236999512e+02 6.7244396973e+02 6.7253198242e+02 6.7262298584e+02 6.7272100830e+02 6.7280401611e+02 6.7287902832e+02 6.7296197510e+02 6.7304797363e+02 6.7313598633e+02 6.7320697021e+02 6.7328900146e+02 6.7335797119e+02 6.7343597412e+02 6.7352099609e+02 6.7359002686e+02 6.7366802979e+02 6.7374700928e+02 6.7382800293e+02 6.7391400146e+02 6.7399597168e+02 6.7407598877e+02 6.7415197754e+02 6.7422302246e+02 6.7429400635e+02 6.7437500000e+02 6.7443902588e+02
6.7072302246e+02 6.7078900146e+02 6.7085498047e+02 6.7094396973e+02 6.7101098633e+02 6.7109802246e+02 6.7116998291e+02 6.7123602295e+02 6.7130603027e+02 6.7137500000e+02 6.7145501709e+02 6.7153997803e+02 6.7161602783e+02 6.7170397949e+02 6.7179400635e+02 6.7187402344e+02 6.7195898438e+02 6.7204400635e+02 6.7212298584e+02 6.7221002197e+02 6.7230102539e+02 6.7238397217e+02 6.7244702148e+02 6.7255297852e+02 6.7264001465e+02 6.7271600342e+02 6.7280999756e+02 6.7289697266e+02 6.7298297119e+02 6.7305603027e+02 6.7313299561e+02 6.7320697021e+02 6.7328302002e+02 6.7336297607e+02 6.7344201660e+02 6.7351098633e+02 6.7358502197e+02 6.7366998291e+02 6.7375799561e+02 6.7383099365e+02 6.7390997314e+02 6.7399401855e+02 6.7407702637e+02 6.7414099121e+02 6.7422399902e+02 6.7429498291e+02
6.7055401611e+02 6.7062597656e+02 6.7069396973e+02 6.7077099609e+02 6.7084301758e+02 6.7093499756e+02 6.7100097656e+02 6.7107397461e+02 6.7115002441e+02 6.7121899414e+02 6.7128802490e+02 6.7137597656e+02 6.7145098877e+02 6.7152502441e+02 6.7161102295e+02 6.7170300293e+02 6.7179498291e+02 6.7188201904e+02 6.7196099854e+02 6.7203302002e+02 6.7211798096e+02 6.7221899414e+02 6.7229498291e+02 6.7238800049e+02 6.7247802734e+02 6.7255401611e+02 6.7265698242e+02 6.7274200439e+02 6.7282299805e+02 6.7290002441e+02 6.7297802734e+02 6.7305603027e+02 6.7313299561e+02 6.7321301270e+02 6.7329400635e+02 6.7337298584e+02 6.7344097900e+02 6.7352001953e+02 6.7359899902e+02 6.7366900635e+02 6.7375500488e+02 6.7383697510e+02 6.7390698242e+02 6.7398602295e+02 6.7408197021e+02 6.7415502930e+02
6.7037902832e+02 6.7046197510e+02 6.7054101563e+02 6.7061297607e+02 6.7068298340e+02 6.7076397705e+02 6.7082897949e+02 6.7091900635e+02 6.7099298096e+02 6.7106201172e+02 6.7114001465e+02 6.7122698975e+02 6.7129602051e+02 6.7135998535e+02 6.7143902588e+02 6.7153399658e+02 6.7162298584e+02 6.7170202637e+02 6.7179699707e+02 6.7188000488e+02 6.7196398926e+02 6.7206201172e+02 6.7214001465e+02 6.7222399902e+02 6.7231402588e+02 6.7239099121e+02 6.7249798584e+02 6.7258599854e+02 6.7265997314e+02 6.7273699951e+02 6.7282098389e+02 6.7290100098e+02 6.7297998047e+02 6.7305902100e+02 6.7313800049e+02 6.7321997070e+02 6.7329998779e+02 6.7338702393e+02 6.7345501709e+02 6.7352099609e+02 6.7360302734e+02 6.7368499756e+02 6.7375097656e+02 6.7383099365e+02 6.7391699219e+02 6.7398199463e+02
6.7019702148e+02 6.7027600098e+02 6.7035699463e+02 6.7043402100e+02 6.7051599121e+02 6.7059899902e+02 6.7067102051e+02 6.7076098633e+02 6.7083300781e+02 6.7090100098e+02 6.7098602295e+02 6.7106500244e+02 6.7112799072e+02 6.7119702148e+02 6.7128198242e+02 6.7137701416e+02 6.7145501709e+02 6.7152502441e+02 6.7162500000e+02 6.7171801758e+02 6.7181201172e+02 6.7190301514e+02 6.7197198486e+02 6.7205401611e+02 6.7214300537e+02 6.7221801758e+02 6.7231500244e+02 6.7241302490e+02 6.7248797607e+02 6.7256896973e+02 6.7266497803e+02 6.7274700928e+02 6.7282598877e+02 6.7290600586e+02 6.7298400879e+02 6.7305999756e+02 6.7314202881e+02 6.7323101807e+02 6.7331097412e+02 6.7337799072e+02 6.7345202637e+02 6.7354302979e+02 6.7362097168e+02 6.7369396973e+02 6.7376000977e+02 6.7382202148e+02
6.7003002930e+02 6.7008898926e+02 6.7014898682e+02 6.7023498535e+02 6.7033099365e+02 6.7041900635e+02 6.7050000000e+02 6.7058898926e+02 6.7066601563e+02 6.7073797607e+02 6.7081896973e+02 6.7089398193e+02 6.7096697998e+02 6.7104498291e+02 6.7112701416e+02 6.7121197510e+02 6.7128698730e+02 6.7136401367e+02 6.7144702148e+02 6.7154498291e+02 6.7164898682e+02 6.7173101807e+02 6.7180902100e+02 6.7189300537e+02 6.7197998047e+02 6.7205700684e+02 6.7214001465e+02 6.7223199463e+02 6.7231500244e+02 6.7240301514e+02 6.7251098633e+02 6.7259197998e+02 6.7267199707e+02 6.7275201416e+02 6.7282299805e+02 6.7290502930e+02 6.7298400879e+02 6.7306799316e+02 6.7316198730e+02 6.7323199463e+02 6.7330499268e+02 6.7339697266e+02 6.7347302246e+02 6.7353698730e+02 6.7360498047e+02 6.7368798828e+02
6.6987402344e+02 6.6993402100e+02 6.7000299072e+02 6.7008300781e+02 6.7014202881e+02 6.7022900391e+02 6.7031799316e+02 6.7038800049e+02 6.7046697998e+02 6.7054901123e+02 6.7064801025e+02 6.7072601318e+02 6.7081201172e+02 6.7089697266e+02 6.7097900391e+02 6.7105603027e+02 6.7112402344e+02 6.7120098877e+02 6.7128399658e+02 6.7136602783e+02 6.7147198486e+02 6.7157202148e+02 6.7164599609e+02 6.7172900391e+02 6.7181298828e+02 6.7188897705e+02 6.7197100830e+02 6.7205999756e+02 6.7214599609e+02 6.7223199463e+02 6.7232800293e+02 6.7240802002e+02 6.7249798584e+02 6.7258801270e+02 6.7266497803e+02 6.7275097656e+02 6.7283099365e+02 6.7291198730e+02 6.7299902344e+02 6.7307397461e+02 6.7314801025e+02 6.7323400879e+02 6.7331799316e+02 6.7338000488e+02 6.7344702148e+02 6.7352099609e+02
6.6970001221e+02 6.6977398682e+02 6.6983801270e+02 6.6991900635e+02 6.6997601318e+02 6.7006701660e+02 6.7015997314e+02 6.7022100830e+02 6.7029602051e+02 6.7037298584e+02 6.7047900391e+02 6.7055499268e+02 6.7063397217e+02 6.7071099854e+02 6.7079199219e+02 6.7087799072e+02 6.7096197510e+02 6.7105200195e+02 6.7114099121e+02 6.7121301270e+02 6.7130798340e+02 6.7140997314e+02 6.7148498535e+02 6.7157897949e+02 6.7165502930e+02 6.7172399902e+02 6.7180603027e+02 6.7189501953e+02 6.7198199463e+02 6.7206896973e+02 6.7215600586e+02 6.7224102783e+02 6.7232800293e+02 6.7241198730e+02 6.7248699951e+02 6.7258300781e+02 6.7266900635e+02 6.7275000000e+02 6.7284002686e+02 6.7292700195e+02 6.7300701904e+02 6.7308599854e+02 6.7315301514e+02 6.7321099854e+02 6.7328497314e+02 6.7335900879e+02
6.6952001953e+02 6.6959802246e+02 6.6966497803e+02 6.6975201416e+02 6.6982598877e+02 6.6991101074e+02 6.6997198486e+02 6.7004699707e+02 6.7013702393e+02 6.7021301270e+02 6.7029797363e+02 6.7037298584e+02 6.7045397949e+02 6.7052801514e+02 6.7059997559e+02 6.7069000244e+02 6.7078497314e+02 6.7087799072e+02 6.7097601318e+02 6.7106298828e+02 6.7115100098e+02 6.7124298096e+02 6.7132000732e+02 6.7141998291e+02 6.7149401855e+02 6.7156402588e+02 6.7165301514e+02 6.7173999023e+02 6.7182501221e+02 6.7190899658e+02 6.7198901367e+02 6.7207702637e+02 6.7215399170e+02 6.7222900391e+02 6.7231201172e+02 6.7241802979e+02 6.7251098633e+02 6.7259197998e+02 6.7268499756e+02 6.7277398682e+02 6.7285302734e+02 6.7293499756e+02 6.7299902344e+02 6.7306402588e+02 6.7313500977e+02 6.7320599365e+02
