TESTSERVER/23/10.asc
NCOLS 100
NROWS 100
XLLCORNER 8.6497500000e+03
YLLCORNER 2.8945025000e+05
CELLSIZE 5.0000000000e-01
NODATA_VALUE -9.9990000000e+03
[rows 80 to 99 of 100, columns 0 to 45 of 100]
6.6937500000e+02 6.6944097900e+02 6.6950897217e+02 6.6958300781e+02 6.6966400146e+02 6.6973999023e+02 6.6980297852e+02 6.6988702393e+02 6.6996600342e+02 6.7003900146e+02 6.7010302734e+02 6.7018200684e+02 6.7026599121e+02 6.7034802246e+02 6.7043298340e+02 6.7052801514e+02 6.7061602783e+02 6.7069000244e+02 6.7077697754e+02 6.7087799072e+02 6.7097900391e+02 6.7107000732e+02 6.7115399170e+02 6.7125201416e+02 6.7133502197e+02 6.7140600586e+02 6.7148498535e+02 6.7158099365e+02 6.7167199707e+02 6.7175598145e+02 6.7183300781e+02 6.7191601563e+02 6.7199298096e+02 6.7207000732e+02 6.7216699219e+02 6.7225701904e+02 6.7235198975e+02 6.7243798828e+02 6.7252398682e+02 6.7261401367e+02 6.7268902588e+02 6.7277099609e+02 6.7285601807e+02 6.7292401123e+02 6.7299102783e+02 6.7306896973e+02
6.6920397949e+02 6.6927502441e+02 6.6934497070e+02 6.6941699219e+02 6.6949700928e+02 6.6957397461e+02 6.6965197754e+02 6.6972998047e+02 6.6979797363e+02 6.6987298584e+02 6.6994500732e+02 6.7001501465e+02 6.7008801270e+02 6.7016198730e+02 6.7026000977e+02 6.7035302734e+02 6.7044000244e+02 6.7052899170e+02 6.7061798096e+02 6.7071398926e+02 6.7080603027e+02 6.7088800049e+02 6.7097998047e+02 6.7107501221e+02 6.7116497803e+02 6.7125000000e+02 6.7133599854e+02 6.7142700195e+02 6.7152001953e+02 6.7160797119e+02 6.7168701172e+02 6.7177099609e+02 6.7185198975e+02 6.7193103027e+02 6.7201702881e+02 6.7209802246e+02 6.7219000244e+02 6.7226898193e+02 6.7234600830e+02 6.7244396973e+02 6.7253900146e+02 6.7261999512e+02 6.7269799805e+02 6.7276000977e+02 6.7283599854e+02 6.7292102051e+02
6.6903302002e+02 6.6910998535e+02 6.6918200684e+02 6.6926000977e+02 6.6932897949e+02 6.6940100098e+02 6.6948699951e+02 6.6957501221e+02 6.6965301514e+02 6.6972497559e+02 6.6979699707e+02 6.6986297607e+02 6.6992901611e+02 6.6998901367e+02 6.7007800293e+02 6.7016497803e+02 6.7024700928e+02 6.7034100342e+02 6.7043499756e+02 6.7053399658e+02 6.7061901855e+02 6.7070800781e+02 6.7081597900e+02 6.7090698242e+02 6.7099298096e+02 6.7108398438e+02 6.7117700195e+02 6.7127197266e+02 6.7136401367e+02 6.7145300293e+02 6.7153497314e+02 6.7162799072e+02 6.7170599365e+02 6.7177600098e+02 6.7184197998e+02 6.7193298340e+02 6.7202801514e+02 6.7210699463e+02 6.7218298340e+02 6.7226397705e+02 6.7235699463e+02 6.7244702148e+02 6.7253997803e+02 6.7260900879e+02 6.7267999268e+02 6.7275500488e+02
6.6886102295e+02 6.6893701172e+02 6.6900701904e+02 6.6909002686e+02 6.6915802002e+02 6.6923400879e+02 6.6932397461e+02 6.6940600586e+02 6.6947802734e+02 6.6955999756e+02 6.6965301514e+02 6.6971502686e+02 6.6977801514e+02 6.6984002686e+02 6.6991601563e+02 6.6998999023e+02 6.7007000732e+02 6.7016302490e+02 6.7025000000e+02 6.7035198975e+02 6.7044097900e+02 6.7054302979e+02 6.7064697266e+02 6.7073901367e+02 6.7082800293e+02 6.7092401123e+02 6.7101800537e+02 6.7110797119e+02 6.7119702148e+02 6.7128698730e+02 6.7136999512e+02 6.7146398926e+02 6.7154400635e+02 6.7161901855e+02 6.7168499756e+02 6.7177899170e+02 6.7186700439e+02 6.7195001221e+02 6.7203802490e+02 6.7211499023e+02 6.7219500732e+02 6.7228302002e+02 6.7237799072e+02 6.7245697021e+02 6.7253002930e+02 6.7260699463e+02
6.6868298340e+02 6.6875799561e+02 6.6882897949e+02 6.6890899658e+02 6.6898297119e+02 6.6905902100e+02 6.6913500977e+02 6.6921801758e+02 6.6930401611e+02 6.6939202881e+02 6.6947900391e+02 6.6954400635e+02 6.6960101318e+02 6.6967999268e+02 6.6977197266e+02 6.6983697510e+02 6.6992102051e+02 6.7001898193e+02 6.7008801270e+02 6.7017602539e+02 6.7027398682e+02 6.7036901855e+02 6.7044702148e+02 6.7054602051e+02 6.7063897705e+02 6.7073901367e+02 6.7084399414e+02 6.7093798828e+02 6.7102697754e+02 6.7111499023e+02 6.7120501709e+02 6.7128802490e+02 6.7136602783e+02 6.7145501709e+02 6.7153698730e+02 6.7163098145e+02 6.7171600342e+02 6.7180200195e+02 6.7189001465e+02 6.7196600342e+02 6.7204400635e+02 6.7213201904e+02 6.7221899414e+02 6.7228997803e+02 6.7236798096e+02 6.7244799805e+02
6.6849798584e+02 6.6858697510e+02 6.6866101074e+02 6.6873699951e+02 6.6881402588e+02 6.6888897705e+02 6.6896502686e+02 6.6903198242e+02 6.6911798096e+02 6.6921502686e+02 6.6930297852e+02 6.6937701416e+02 6.6944396973e+02 6.6952398682e+02 6.6960998535e+02 6.6968597412e+02 6.6976800537e+02 6.6986199951e+02 6.6994097900e+02 6.7000897217e+02 6.7010101318e+02 6.7019000244e+02 6.7027502441e+02 6.7037298584e+02 6.7046697998e+02 6.7056799316e+02 6.7066302490e+02 6.7076098633e+02 6.7086102295e+02 6.7094897461e+02 6.7103802490e+02 6.7112902832e+02 6.7120800781e+02 6.7129602051e+02 6.7137902832e+02 6.7146502686e+02 6.7155200195e+02 6.7163897705e+02 6.7172399902e+02 6.7180401611e+02 6.7189001465e+02 6.7197900391e+02 6.7206500244e+02 6.7214501953e+02 6.7222900391e+02 6.7230102539e+02
6.6833099365e+02 6.6841400146e+02 6.6847698975e+02 6.6855798340e+02 6.6863897705e+02 6.6871301270e+02 6.6879400635e+02 6.6885998535e+02 6.6893597412e+02 6.6902600098e+02 6.6911401367e+02 6.6918499756e+02 6.6927197266e+02 6.6936102295e+02 6.6944897461e+02 6.6953497314e+02 6.6961999512e+02 6.6970599365e+02 6.6978698730e+02 6.6985498047e+02 6.6994299316e+02 6.7003002930e+02 6.7011602783e+02 6.7021197510e+02 6.7029901123e+02 6.7039001465e+02 6.7047998047e+02 6.7058398438e+02 6.7068597412e+02 6.7077197266e+02 6.7085998535e+02 6.7095697021e+02 6.7103997803e+02 6.7113000488e+02 6.7121600342e+02 6.7130200195e+02 6.7139099121e+02 6.7147802734e+02 6.7155999756e+02 6.7165301514e+02 6.7174298096e+02 6.7183001709e+02 6.7191302490e+02 6.7198797607e+02 6.7207202148e+02 6.7215002441e+02
6.6815997314e+02 6.6823498535e+02 6.6829602051e+02 6.6838702393e+02 6.6847302246e+02 6.6855102539e+02 6.6863098145e+02 6.6870001221e+02 6.6877001953e+02 6.6885302734e+02 6.6894000244e+02 6.6901098633e+02 6.6910699463e+02 6.6919500732e+02 6.6928698730e+02 6.6937799072e+02 6.6947100830e+02 6.6955297852e+02 6.6963000488e+02 6.6970697021e+02 6.6978997803e+02 6.6987402344e+02 6.6995501709e+02 6.7004199219e+02 6.7013500977e+02 6.7022900391e+02 6.7031298828e+02 6.7040698242e+02 6.7050299072e+02 6.7058801270e+02 6.7068103027e+02 6.7078002930e+02 6.7086297607e+02 6.7094702148e+02 6.7103900146e+02 6.7113201904e+02 6.7122302246e+02 6.7130999756e+02 6.7139099121e+02 6.7148602295e+02 6.7157598877e+02 6.7166497803e+02 6.7174700928e+02 6.7182897949e+02 6.7190997314e+02 6.7199298096e+02
6.6797900391e+02 6.6805102539e+02 6.6812799072e+02 6.6821502686e+02 6.6829998779e+02 6.6838098145e+02 6.6846502686e+02 6.6854302979e+02 6.6861901855e+02 6.6869702148e+02 6.6878601074e+02 6.6886499023e+02 6.6894500732e+02 6.6901702881e+02 6.6910797119e+02 6.6919201660e+02 6.6929101563e+02 6.6939001465e+02 6.6947100830e+02 6.6956298828e+02 6.6963897705e+02 6.6971997070e+02 6.6979699707e+02 6.6987298584e+02 6.6996301270e+02 6.7006298828e+02 6.7016198730e+02 6.7024798584e+02 6.7033697510e+02 6.7041998291e+02 6.7050701904e+02 6.7059399414e+02 6.7068298340e+02 6.7077398682e+02 6.7086700439e+02 6.7095098877e+02 6.7103997803e+02 6.7113098145e+02 6.7121997070e+02 6.7132098389e+02 6.7141198730e+02 6.7150000000e+02 6.7158697510e+02 6.7168103027e+02 6.7176098633e+02 6.7184301758e+02
6.6780902100e+02 6.6788201904e+02 6.6796301270e+02 6.6803900146e+02 6.6811700439e+02 6.6820202637e+02 6.6829199219e+02 6.6836798096e+02 6.6845098877e+02 6.6853698730e+02 6.6862500000e+02 6.6870898438e+02 6.6877801514e+02 6.6885998535e+02 6.6894799805e+02 6.6901800537e+02 6.6910198975e+02 6.6920098877e+02 6.6928002930e+02 6.6938000488e+02 6.6947601318e+02 6.6956799316e+02 6.6964099121e+02 6.6971697998e+02 6.6980798340e+02 6.6991497803e+02 6.7000701904e+02 6.7008697510e+02 6.7017498779e+02 6.7026202393e+02 6.7034399414e+02 6.7042102051e+02 6.7051300049e+02 6.7060699463e+02 6.7068499756e+02 6.7078601074e+02 6.7088201904e+02 6.7097100830e+02 6.7105902100e+02 6.7115600586e+02 6.7124798584e+02 6.7133300781e+02 6.7142700195e+02 6.7151702881e+02 6.7159802246e+02 6.7168298340e+02
6.6762902832e+02 6.6770300293e+02 6.6778802490e+02 6.6786999512e+02 6.6794799805e+02 6.6803302002e+02 6.6812799072e+02 6.6819702148e+02 6.6827001953e+02 6.6835198975e+02 6.6844000244e+02 6.6853198242e+02 6.6860601807e+02 6.6869201660e+02 6.6878698730e+02 6.6886602783e+02 6.6894396973e+02 6.6903399658e+02 6.6911401367e+02 6.6920599365e+02 6.6929797363e+02 6.6939300537e+02 6.6947399902e+02 6.6955603027e+02 6.6965197754e+02 6.6975701904e+02 6.6984997559e+02 6.6992498779e+02 6.7001202393e+02 6.7010400391e+02 6.7018902588e+02 6.7027099609e+02 6.7035699463e+02 6.7044396973e+02 6.7051702881e+02 6.7061901855e+02 6.7070697021e+02 6.7079302979e+02 6.7088800049e+02 6.7097998047e+02 6.7107598877e+02 6.7117297363e+02 6.7127001953e+02 6.7134802246e+02 6.7143597412e+02 6.7152502441e+02
6.6744598389e+02 6.6752197266e+02 6.6761499023e+02 6.6771002197e+02 6.6778601074e+02 6.6785900879e+02 6.6794500732e+02 6.6802398682e+02 6.6809899902e+02 6.6818402100e+02 6.6827398682e+02 6.6835797119e+02 6.6843200684e+02 6.6852001953e+02 6.6862402344e+02 6.6871600342e+02 6.6878997803e+02 6.6887200928e+02 6.6896502686e+02 6.6905401611e+02 6.6913397217e+02 6.6922100830e+02 6.6930603027e+02 6.6938800049e+02 6.6948901367e+02 6.6959399414e+02 6.6969000244e+02 6.6976898193e+02 6.6986401367e+02 6.6995697021e+02 6.7003698730e+02 6.7012902832e+02 6.7021502686e+02 6.7029797363e+02 6.7037701416e+02 6.7047302246e+02 6.7054699707e+02 6.7063201904e+02 6.7072998047e+02 6.7081097412e+02 6.7090802002e+02 6.7101202393e+02 6.7110998535e+02 6.7119299316e+02 6.7128399658e+02 6.7136999512e+02
6.6728698730e+02 6.6736401367e+02 6.6744500732e+02 6.6752502441e+02 6.6760198975e+02 6.6768298340e+02 6.6775799561e+02 6.6784301758e+02 6.6793200684e+02 6.6801702881e+02 6.6809698486e+02 6.6819500732e+02 6.6827099609e+02 6.6834698486e+02 6.6843902588e+02 6.6854699707e+02 6.6862097168e+02 6.6869598389e+02 6.6879602051e+02 6.6889202881e+02 6.6897302246e+02 6.6905102539e+02 6.6913397217e+02 6.6922100830e+02 6.6932202148e+02 6.6941998291e+02 6.6951000977e+02 6.6960198975e+02 6.6970397949e+02 6.6979400635e+02 6.6987597656e+02 6.6997698975e+02 6.7005700684e+02 6.7013800049e+02 6.7021899414e+02 6.7031500244e+02 6.7039001465e+02 6.7047802734e+02 6.7057702637e+02 6.7066198730e+02 6.7075897217e+02 6.7085797119e+02 6.7094000244e+02 6.7101898193e+02 6.7110699463e+02 6.7119897461e+02
6.6710400391e+02 6.6719201660e+02 6.6727899170e+02 6.6735498047e+02 6.6743402100e+02 6.6751800537e+02 6.6759100342e+02 6.6766400146e+02 6.6774298096e+02 6.6782800293e+02 6.6791998291e+02 6.6800201416e+02 6.6808398438e+02 6.6817102051e+02 6.6826000977e+02 6.6836199951e+02 6.6844598389e+02 6.6852801514e+02 6.6861798096e+02 6.6871899414e+02 6.6881298828e+02 6.6889099121e+02 6.6896899414e+02 6.6906500244e+02 6.6915997314e+02 6.6925299072e+02 6.6934497070e+02 6.6943798828e+02 6.6953698730e+02 6.6963201904e+02 6.6972399902e+02 6.6981799316e+02 6.6989501953e+02 6.6998199463e+02 6.7007098389e+02 6.7015899658e+02 6.7023999023e+02 6.7032598877e+02 6.7042297363e+02 6.7051599121e+02 6.7060797119e+02 6.7069500732e+02 6.7076599121e+02 6.7085198975e+02 6.7095001221e+02 6.7104400635e+02
6.6693597412e+02 6.6701501465e+02 6.6709497070e+02 6.6718103027e+02 6.6726501465e+02 6.6734997559e+02 6.6742102051e+02 6.6748999023e+02 6.6757098389e+02 6.6765899658e+02 6.6775097656e+02 6.6782397461e+02 6.6791101074e+02 6.6799902344e+02 6.6808502197e+02 6.6818200684e+02 6.6827197266e+02 6.6836102295e+02 6.6844799805e+02 6.6853802490e+02 6.6863598633e+02 6.6872302246e+02 6.6880297852e+02 6.6890301514e+02 6.6899597168e+02 6.6908697510e+02 6.6917999268e+02 6.6928302002e+02 6.6938397217e+02 6.6947698975e+02 6.6956402588e+02 6.6965600586e+02 6.6973999023e+02 6.6983099365e+02 6.6991802979e+02 6.7000201416e+02 6.7008697510e+02 6.7017700195e+02 6.7026800537e+02 6.7035699463e+02 6.7044799805e+02 6.7053802490e+02 6.7060900879e+02 6.7069799805e+02 6.7079998779e+02 6.7088702393e+02
6.6677899170e+02 6.6685900879e+02 6.6692401123e+02 6.6700598145e+02 6.6708300781e+02 6.6716302490e+02 6.6724597168e+02 6.6733197021e+02 6.6741400146e+02 6.6750201416e+02 6.6758300781e+02 6.6765899658e+02 6.6774499512e+02 6.6782098389e+02 6.6790899658e+02 6.6800799561e+02 6.6809899902e+02 6.6819000244e+02 6.6827301025e+02 6.6836199951e+02 6.6845001221e+02 6.6853601074e+02 6.6862902832e+02 6.6872698975e+02 6.6882098389e+02 6.6891998291e+02 6.6901599121e+02 6.6911102295e+02 6.6920800781e+02 6.6930102539e+02 6.6939202881e+02 6.6948297119e+02 6.6957598877e+02 6.6966998291e+02 6.6975201416e+02 6.6984698486e+02 6.6993701172e+02 6.7002502441e+02 6.7010900879e+02 6.7018902588e+02 6.7027502441e+02 6.7037701416e+02 6.7045898438e+02 6.7054199219e+02 6.7063598633e+02 6.7071997070e+02
6.6659497070e+02 6.6668798828e+02 6.6677099609e+02 6.6683801270e+02 6.6691601563e+02 6.6699200439e+02 6.6707897949e+02 6.6716601563e+02 6.6723101807e+02 6.6731402588e+02 6.6740997314e+02 6.6750097656e+02 6.6759301758e+02 6.6766302490e+02 6.6775097656e+02 6.6784600830e+02 6.6793402100e+02 6.6801898193e+02 6.6809698486e+02 6.6819500732e+02 6.6828399658e+02 6.6836798096e+02 6.6845898438e+02 6.6854901123e+02 6.6865100098e+02 6.6876898193e+02 6.6886901855e+02 6.6893298340e+02 6.6902301025e+02 6.6912298584e+02 6.6921697998e+02 6.6930499268e+02 6.6940502930e+02 6.6950299072e+02 6.6958197021e+02 6.6967700195e+02 6.6976702881e+02 6.6985498047e+02 6.6994598389e+02 6.7003198242e+02 6.7010900879e+02 6.7020800781e+02 6.7029901123e+02 6.7037902832e+02 6.7046899414e+02 6.7055401611e+02
6.6641400146e+02 6.6649902344e+02 6.6658898926e+02 6.6665899658e+02 6.6675500488e+02 6.6684197998e+02 6.6692700195e+02 6.6701397705e+02 6.6707800293e+02 6.6716101074e+02 6.6725402832e+02 6.6733398438e+02 6.6741802979e+02 6.6749798584e+02 6.6758801270e+02 6.6768298340e+02 6.6777197266e+02 6.6785699463e+02 6.6793597412e+02 6.6801501465e+02 6.6809600830e+02 6.6820098877e+02 6.6829998779e+02 6.6838800049e+02 6.6848101807e+02 6.6858801270e+02 6.6867797852e+02 6.6874902344e+02 6.6884698486e+02 6.6895098877e+02 6.6904101563e+02 6.6913702393e+02 6.6923602295e+02 6.6932800293e+02 6.6941400146e+02 6.6950402832e+02 6.6959497070e+02 6.6968499756e+02 6.6977301025e+02 6.6986102295e+02 6.6994897461e+02 6.7004602051e+02 6.7013098145e+02 6.7021997070e+02 6.7030297852e+02 6.7037500000e+02
6.6625598145e+02 6.6633502197e+02 6.6641601563e+02 6.6648901367e+02 6.6658502197e+02 6.6667102051e+02 6.6675701904e+02 6.6684698486e+02 6.6691998291e+02 6.6700701904e+02 6.6710400391e+02 6.6718298340e+02 6.6725201416e+02 6.6732202148e+02 6.6741497803e+02 6.6751898193e+02 6.6761199951e+02 6.6769299316e+02 6.6777502441e+02 6.6784802246e+02 6.6793499756e+02 6.6803997803e+02 6.6812701416e+02 6.6821197510e+02 6.6830200195e+02 6.6839697266e+02 6.6848901367e+02 6.6857501221e+02 6.6867297363e+02 6.6877099609e+02 6.6886499023e+02 6.6897302246e+02 6.6906402588e+02 6.6915502930e+02 6.6924499512e+02 6.6933502197e+02 6.6942602539e+02 6.6951702881e+02 6.6960498047e+02 6.6969396973e+02 6.6978698730e+02 6.6987799072e+02 6.6995800781e+02 6.7005102539e+02 6.7013500977e+02 6.7021301270e+02
6.6609399414e+02 6.6617401123e+02 6.6625299072e+02 6.6633001709e+02 6.6641400146e+02 6.6649798584e+02 6.6658801270e+02 6.6666998291e+02 6.6674700928e+02 6.6683801270e+02 6.6694299316e+02 6.6702801514e+02 6.6709399414e+02 6.6716302490e+02 6.6725500488e+02 6.6734997559e+02 6.6744201660e+02 6.6752899170e+02 6.6761499023e+02 6.6769396973e+02 6.6778100586e+02 6.6786901855e+02 6.6795697021e+02 6.6804199219e+02 6.6813397217e+02 6.6822497559e+02 6.6832000732e+02 6.6841497803e+02 6.6851202393e+02 6.6860302734e+02 6.6869702148e+02 6.6880102539e+02 6.6888500977e+02 6.6897698975e+02 6.6907299805e+02 6.6916699219e+02 6.6925701904e+02 6.6934698486e+02 6.6944500732e+02 6.6953100586e+02 6.6961999512e+02 6.6971502686e+02 6.6979302979e+02 6.6987799072e+02 6.6996801758e+02 6.7005999756e+02
