TESTSERVER/23/10.asc
NCOLS 100
NROWS 100
XLLCORNER 8.6497500000e+03
YLLCORNER 2.8945025000e+05
CELLSIZE 5.0000000000e-01
NODATA_VALUE -9.9990000000e+03
[rows 20 to 39 of 100, columns 0 to 45 of 100]
6.7735498047e+02 6.7740301514e+02 6.7744598389e+02 6.7748999023e+02 6.7754199219e+02 6.7758697510e+02 6.7766101074e+02 6.7771301270e+02 6.7773999023e+02 6.7778698730e+02 6.7780401611e+02 6.7780401611e+02 6.7780999756e+02 6.7785797119e+02 6.7789599609e+02 6.7794702148e+02 6.7800201416e+02 6.7806799316e+02 6.7813500977e+02 6.7820098877e+02 6.7829998779e+02 6.7838800049e+02 6.7848400879e+02 6.7859301758e+02 6.7867999268e+02 6.7874902344e+02 6.7881701660e+02 6.7886999512e+02 6.7892102051e+02 6.7899200439e+02 6.7904602051e+02 6.7910699463e+02 6.7917297363e+02 6.7923498535e+02 6.7929498291e+02 6.7935302734e+02 6.7941802979e+02 6.7947198486e+02 6.7953302002e+02 6.7959002686e+02 6.7963897705e+02 6.7971697998e+02 6.7978302002e+02 6.7983898926e+02 6.7989898682e+02 6.7994598389e+02
6.7724499512e+02 6.7729998779e+02 6.7734997559e+02 6.7739099121e+02 6.7744396973e+02 6.7749798584e+02 6.7756298828e+02 6.7760498047e+02 6.7764501953e+02 6.7767999268e+02 6.7769897461e+02 6.7771398926e+02 6.7773199463e+02 6.7776800537e+02 6.7780499268e+02 6.7786602783e+02 6.7792498779e+02 6.7797698975e+02 6.7804199219e+02 6.7812097168e+02 6.7822802734e+02 6.7831701660e+02 6.7841400146e+02 6.7851702881e+02 6.7861102295e+02 6.7867901611e+02 6.7872900391e+02 6.7878198242e+02 6.7884600830e+02 6.7890997314e+02 6.7896002197e+02 6.7902001953e+02 6.7908502197e+02 6.7914697266e+02 6.7920599365e+02 6.7926702881e+02 6.7933099365e+02 6.7939001465e+02 6.7944201660e+02 6.7950097656e+02 6.7955297852e+02 6.7962701416e+02 6.7969097900e+02 6.7973797607e+02 6.7979498291e+02 6.7984997559e+02
6.7713098145e+02 6.7718597412e+02 6.7724102783e+02 6.7728900146e+02 6.7734997559e+02 6.7740899658e+02 6.7746398926e+02 6.7750000000e+02 6.7754797363e+02 6.7758502197e+02 6.7760797119e+02 6.7763299561e+02 6.7766802979e+02 6.7770898438e+02 6.7774597168e+02 6.7779797363e+02 6.7784802246e+02 6.7789599609e+02 6.7796899414e+02 6.7805700684e+02 6.7815002441e+02 6.7824499512e+02 6.7834002686e+02 6.7842602539e+02 6.7852001953e+02 6.7859100342e+02 6.7864398193e+02 6.7870202637e+02 6.7876702881e+02 6.7882800293e+02 6.7887701416e+02 6.7893701172e+02 6.7900000000e+02 6.7905200195e+02 6.7910699463e+02 6.7916400146e+02 6.7922601318e+02 6.7929101563e+02 6.7934100342e+02 6.7940301514e+02 6.7946997070e+02 6.7953997803e+02 6.7960101318e+02 6.7964599609e+02 6.7970501709e+02 6.7976800537e+02
6.7701202393e+02 6.7707202148e+02 6.7713299561e+02 6.7718597412e+02 6.7724102783e+02 6.7729901123e+02 6.7736102295e+02 6.7741601563e+02 6.7746099854e+02 6.7749700928e+02 6.7752801514e+02 6.7754998779e+02 6.7759002686e+02 6.7763397217e+02 6.7767297363e+02 6.7771801758e+02 6.7776202393e+02 6.7782202148e+02 6.7790997314e+02 6.7799401855e+02 6.7807702637e+02 6.7818701172e+02 6.7828002930e+02 6.7835198975e+02 6.7843200684e+02 6.7850299072e+02 6.7855999756e+02 6.7861602783e+02 6.7867199707e+02 6.7873901367e+02 6.7879302979e+02 6.7885900879e+02 6.7892102051e+02 6.7897198486e+02 6.7902301025e+02 6.7906701660e+02 6.7913000488e+02 6.7919598389e+02 6.7924597168e+02 6.7931298828e+02 6.7938598633e+02 6.7945202637e+02 6.7951300049e+02 6.7956701660e+02 6.7962298584e+02 6.7968701172e+02
6.7689898682e+02 6.7696301270e+02 6.7702001953e+02 6.7706597900e+02 6.7713500977e+02 6.7720202637e+02 6.7726397705e+02 6.7732000732e+02 6.7737500000e+02 6.7741900635e+02 6.7745898438e+02 6.7747497559e+02 6.7750598145e+02 6.7753698730e+02 6.7758599854e+02 6.7763897705e+02 6.7768298340e+02 6.7775201416e+02 6.7783801270e+02 6.7791699219e+02 6.7800799561e+02 6.7812597656e+02 6.7821899414e+02 6.7829101563e+02 6.7836798096e+02 6.7843103027e+02 6.7846997070e+02 6.7852001953e+02 6.7857800293e+02 6.7865002441e+02 6.7871099854e+02 6.7877801514e+02 6.7883599854e+02 6.7890100098e+02 6.7895599365e+02 6.7900000000e+02 6.7905902100e+02 6.7913098145e+02 6.7919000244e+02 6.7924298096e+02 6.7929602051e+02 6.7935699463e+02 6.7941998291e+02 6.7947601318e+02 6.7953997803e+02 6.7959698486e+02
6.7680200195e+02 6.7686700439e+02 6.7691802979e+02 6.7696697998e+02 6.7702697754e+02 6.7708398438e+02 6.7715301514e+02 6.7721502686e+02 6.7726898193e+02 6.7733300781e+02 6.7738000488e+02 6.7740197754e+02 6.7742999268e+02 6.7746899414e+02 6.7752001953e+02 6.7757501221e+02 6.7763098145e+02 6.7771002197e+02 6.7779602051e+02 6.7786798096e+02 6.7796502686e+02 6.7806201172e+02 6.7813702393e+02 6.7820697021e+02 6.7827697754e+02 6.7833398438e+02 6.7837500000e+02 6.7843200684e+02 6.7849298096e+02 6.7856799316e+02 6.7862799072e+02 6.7868200684e+02 6.7874902344e+02 6.7880603027e+02 6.7886798096e+02 6.7893499756e+02 6.7899200439e+02 6.7905102539e+02 6.7910900879e+02 6.7916101074e+02 6.7921997070e+02 6.7928802490e+02 6.7934802246e+02 6.7939697266e+02 6.7945800781e+02 6.7951501465e+02
6.7670202637e+02 6.7675701904e+02 6.7679199219e+02 6.7684698486e+02 6.7691101074e+02 6.7697998047e+02 6.7705700684e+02 6.7712097168e+02 6.7716998291e+02 6.7723901367e+02 6.7729302979e+02 6.7733099365e+02 6.7737200928e+02 6.7741699219e+02 6.7746002197e+02 6.7751501465e+02 6.7758502197e+02 6.7766198730e+02 6.7774798584e+02 6.7781896973e+02 6.7790399170e+02 6.7797802734e+02 6.7805297852e+02 6.7812902832e+02 6.7819500732e+02 6.7824298096e+02 6.7828601074e+02 6.7835198975e+02 6.7841497803e+02 6.7848797607e+02 6.7854400635e+02 6.7859197998e+02 6.7867498779e+02 6.7873400879e+02 6.7878497314e+02 6.7884497070e+02 6.7890197754e+02 6.7895800781e+02 6.7901202393e+02 6.7907598877e+02 6.7914501953e+02 6.7920800781e+02 6.7927001953e+02 6.7931402588e+02 6.7936999512e+02 6.7942700195e+02
6.7659698486e+02 6.7665899658e+02 6.7669598389e+02 6.7674902344e+02 6.7680798340e+02 6.7687402344e+02 6.7695898438e+02 6.7702600098e+02 6.7706597900e+02 6.7712402344e+02 6.7718298340e+02 6.7724102783e+02 6.7729602051e+02 6.7734802246e+02 6.7739398193e+02 6.7745697021e+02 6.7752801514e+02 6.7759197998e+02 6.7767199707e+02 6.7774298096e+02 6.7781298828e+02 6.7788299561e+02 6.7796398926e+02 6.7803601074e+02 6.7809997559e+02 6.7815997314e+02 6.7820098877e+02 6.7826202393e+02 6.7833197021e+02 6.7840100098e+02 6.7845501709e+02 6.7850598145e+02 6.7858801270e+02 6.7865502930e+02 6.7870599365e+02 6.7875897217e+02 6.7881597900e+02 6.7888299561e+02 6.7893200684e+02 6.7898797607e+02 6.7905999756e+02 6.7911102295e+02 6.7917602539e+02 6.7922601318e+02 6.7928399658e+02 6.7933801270e+02
6.7648797607e+02 6.7655700684e+02 6.7659899902e+02 6.7664001465e+02 6.7669500732e+02 6.7676501465e+02 6.7684100342e+02 6.7690197754e+02 6.7694598389e+02 6.7699902344e+02 6.7706896973e+02 6.7714001465e+02 6.7720501709e+02 6.7726300049e+02 6.7732397461e+02 6.7739001465e+02 6.7744702148e+02 6.7750701904e+02 6.7758001709e+02 6.7764599609e+02 6.7770599365e+02 6.7778302002e+02 6.7785400391e+02 6.7791998291e+02 6.7799401855e+02 6.7808197021e+02 6.7813000488e+02 6.7817999268e+02 6.7823400879e+02 6.7829699707e+02 6.7835998535e+02 6.7842901611e+02 6.7848901367e+02 6.7855102539e+02 6.7861297607e+02 6.7867700195e+02 6.7874401855e+02 6.7881298828e+02 6.7885601807e+02 6.7890502930e+02 6.7897998047e+02 6.7901800537e+02 6.7908898926e+02 6.7914599609e+02 6.7919000244e+02 6.7925201416e+02
6.7639099121e+02 6.7644897461e+02 6.7648901367e+02 6.7653100586e+02 6.7658801270e+02 6.7664300537e+02 6.7671801758e+02 6.7678997803e+02 6.7684802246e+02 6.7690301514e+02 6.7696801758e+02 6.7703900146e+02 6.7710797119e+02 6.7717700195e+02 6.7724298096e+02 6.7730999756e+02 6.7735998535e+02 6.7742797852e+02 6.7749798584e+02 6.7754901123e+02 6.7760900879e+02 6.7769097900e+02 6.7776501465e+02 6.7783300781e+02 6.7790502930e+02 6.7798101807e+02 6.7802697754e+02 6.7808898926e+02 6.7814898682e+02 6.7820697021e+02 6.7826098633e+02 6.7832897949e+02 6.7839697266e+02 6.7846301270e+02 6.7852197266e+02 6.7858502197e+02 6.7865600586e+02 6.7872100830e+02 6.7878002930e+02 6.7884600830e+02 6.7889202881e+02 6.7892700195e+02 6.7900402832e+02 6.7905902100e+02 6.7910302734e+02 6.7916400146e+02
6.7628802490e+02 6.7633599854e+02 6.7637902832e+02 6.7643103027e+02 6.7648101807e+02 6.7653399658e+02 6.7661499023e+02 6.7668902588e+02 6.7674700928e+02 6.7681201172e+02 6.7687597656e+02 6.7694097900e+02 6.7700402832e+02 6.7707501221e+02 6.7715100098e+02 6.7722399902e+02 6.7727001953e+02 6.7734002686e+02 6.7740899658e+02 6.7745300293e+02 6.7752099609e+02 6.7759600830e+02 6.7766497803e+02 6.7773797607e+02 6.7781097412e+02 6.7787500000e+02 6.7793200684e+02 6.7800402832e+02 6.7806298828e+02 6.7812597656e+02 6.7818200684e+02 6.7822998047e+02 6.7828997803e+02 6.7836901855e+02 6.7843103027e+02 6.7849798584e+02 6.7857800293e+02 6.7863800049e+02 6.7869500732e+02 6.7875701904e+02 6.7880700684e+02 6.7885198975e+02 6.7892401123e+02 6.7897399902e+02 6.7901300049e+02 6.7907501221e+02
6.7618298340e+02 6.7622998047e+02 6.7627600098e+02 6.7633099365e+02 6.7638098145e+02 6.7644000244e+02 6.7652001953e+02 6.7658801270e+02 6.7664202881e+02 6.7670397949e+02 6.7677301025e+02 6.7683697510e+02 6.7690002441e+02 6.7697601318e+02 6.7705200195e+02 6.7712200928e+02 6.7717297363e+02 6.7724597168e+02 6.7731799316e+02 6.7736798096e+02 6.7744500732e+02 6.7750402832e+02 6.7756500244e+02 6.7764202881e+02 6.7771801758e+02 6.7777899170e+02 6.7784600830e+02 6.7791900635e+02 6.7796899414e+02 6.7803601074e+02 6.7810400391e+02 6.7814501953e+02 6.7819299316e+02 6.7827197266e+02 6.7833697510e+02 6.7840600586e+02 6.7847601318e+02 6.7854498291e+02 6.7860198975e+02 6.7865997314e+02 6.7872698975e+02 6.7877099609e+02 6.7883197021e+02 6.7888500977e+02 6.7893298340e+02 6.7898297119e+02
6.7608898926e+02 6.7614001465e+02 6.7618597412e+02 6.7623498535e+02 6.7630102539e+02 6.7635101318e+02 6.7642700195e+02 6.7649401855e+02 6.7654602051e+02 6.7660498047e+02 6.7667602539e+02 6.7673901367e+02 6.7679498291e+02 6.7686999512e+02 6.7694097900e+02 6.7701000977e+02 6.7707800293e+02 6.7716198730e+02 6.7722698975e+02 6.7728198242e+02 6.7734698486e+02 6.7741998291e+02 6.7747601318e+02 6.7754901123e+02 6.7761700439e+02 6.7768798828e+02 6.7776098633e+02 6.7781402588e+02 6.7786999512e+02 6.7794897461e+02 6.7801397705e+02 6.7806402588e+02 6.7812402344e+02 6.7817999268e+02 6.7823901367e+02 6.7830603027e+02 6.7837402344e+02 6.7846398926e+02 6.7852001953e+02 6.7857000732e+02 6.7864300537e+02 6.7869201660e+02 6.7874597168e+02 6.7880200195e+02 6.7885302734e+02 6.7889398193e+02
6.7597900391e+02 6.7603002930e+02 6.7607702637e+02 6.7614398193e+02 6.7621801758e+02 6.7626000977e+02 6.7633697510e+02 6.7639599609e+02 6.7644396973e+02 6.7650799561e+02 6.7657800293e+02 6.7663800049e+02 6.7669500732e+02 6.7676300049e+02 6.7683398438e+02 6.7690802002e+02 6.7698400879e+02 6.7705700684e+02 6.7712701416e+02 6.7718701172e+02 6.7725299072e+02 6.7733398438e+02 6.7739202881e+02 6.7745800781e+02 6.7752197266e+02 6.7759197998e+02 6.7767102051e+02 6.7773101807e+02 6.7779199219e+02 6.7787097168e+02 6.7791699219e+02 6.7796997070e+02 6.7803302002e+02 6.7809002686e+02 6.7814697266e+02 6.7821502686e+02 6.7828198242e+02 6.7836297607e+02 6.7842199707e+02 6.7848498535e+02 6.7855297852e+02 6.7859802246e+02 6.7864801025e+02 6.7870599365e+02 6.7875897217e+02 6.7880603027e+02
6.7587097168e+02 6.7592602539e+02 6.7597497559e+02 6.7605200195e+02 6.7613000488e+02 6.7617700195e+02 6.7624499512e+02 6.7629101563e+02 6.7634802246e+02 6.7642401123e+02 6.7648901367e+02 6.7654998779e+02 6.7660302734e+02 6.7667102051e+02 6.7673602295e+02 6.7680798340e+02 6.7688598633e+02 6.7695300293e+02 6.7702801514e+02 6.7708801270e+02 6.7715698242e+02 6.7723797607e+02 6.7729797363e+02 6.7735797119e+02 6.7743200684e+02 6.7750402832e+02 6.7757598877e+02 6.7763098145e+02 6.7769500732e+02 6.7776898193e+02 6.7781402588e+02 6.7786798096e+02 6.7793200684e+02 6.7799597168e+02 6.7806201172e+02 6.7813000488e+02 6.7818298340e+02 6.7826098633e+02 6.7832397461e+02 6.7838500977e+02 6.7844799805e+02 6.7850097656e+02 6.7855902100e+02 6.7861499023e+02 6.7866497803e+02 6.7871502686e+02
6.7575299072e+02 6.7581500244e+02 6.7587298584e+02 6.7594500732e+02 6.7601599121e+02 6.7608197021e+02 6.7614599609e+02 6.7619702148e+02 6.7626000977e+02 6.7633099365e+02 6.7639300537e+02 6.7645501709e+02 6.7650598145e+02 6.7657702637e+02 6.7663397217e+02 6.7670098877e+02 6.7678002930e+02 6.7684802246e+02 6.7691900635e+02 6.7698400879e+02 6.7705902100e+02 6.7713397217e+02 6.7719799805e+02 6.7726098633e+02 6.7734399414e+02 6.7740899658e+02 6.7747302246e+02 6.7753601074e+02 6.7759899902e+02 6.7765899658e+02 6.7771002197e+02 6.7777398682e+02 6.7784197998e+02 6.7790600586e+02 6.7797100830e+02 6.7803601074e+02 6.7808599854e+02 6.7815698242e+02 6.7821697998e+02 6.7827697754e+02 6.7834497070e+02 6.7840399170e+02 6.7847100830e+02 6.7853302002e+02 6.7858001709e+02 6.7862500000e+02
6.7563500977e+02 6.7570001221e+02 6.7576300049e+02 6.7582598877e+02 6.7588702393e+02 6.7594799805e+02 6.7600701904e+02 6.7608599854e+02 6.7616497803e+02 6.7623199463e+02 6.7630297852e+02 6.7636999512e+02 6.7641802979e+02 6.7647802734e+02 6.7654302979e+02 6.7660400391e+02 6.7666802979e+02 6.7674102783e+02 6.7681402588e+02 6.7688299561e+02 6.7695599365e+02 6.7702801514e+02 6.7710198975e+02 6.7715899658e+02 6.7723199463e+02 6.7729602051e+02 6.7736199951e+02 6.7744702148e+02 6.7750799561e+02 6.7756597900e+02 6.7762701416e+02 6.7768798828e+02 6.7774102783e+02 6.7780700684e+02 6.7787097168e+02 6.7793701172e+02 6.7799700928e+02 6.7806597900e+02 6.7812402344e+02 6.7819097900e+02 6.7826501465e+02 6.7831597900e+02 6.7837902832e+02 6.7844097900e+02 6.7849401855e+02 6.7853997803e+02
6.7551702881e+02 6.7558801270e+02 6.7565301514e+02 6.7571997070e+02 6.7578802490e+02 6.7583502197e+02 6.7589099121e+02 6.7597497559e+02 6.7606500244e+02 6.7614697266e+02 6.7621502686e+02 6.7627899170e+02 6.7632501221e+02 6.7638500977e+02 6.7645098877e+02 6.7650201416e+02 6.7656298828e+02 6.7663201904e+02 6.7670697021e+02 6.7678198242e+02 6.7685302734e+02 6.7692797852e+02 6.7700097656e+02 6.7705999756e+02 6.7713598633e+02 6.7720397949e+02 6.7727697754e+02 6.7734497070e+02 6.7740600586e+02 6.7746801758e+02 6.7752301025e+02 6.7758801270e+02 6.7764697266e+02 6.7770599365e+02 6.7777301025e+02 6.7783801270e+02 6.7789099121e+02 6.7795800781e+02 6.7802600098e+02 6.7809899902e+02 6.7815899658e+02 6.7821697998e+02 6.7828802490e+02 6.7835198975e+02 6.7840002441e+02 6.7845202637e+02
6.7540100098e+02 6.7546398926e+02 6.7553002930e+02 6.7560198975e+02 6.7566998291e+02 6.7571697998e+02 6.7578802490e+02 6.7586700439e+02 6.7594396973e+02 6.7602600098e+02 6.7609497070e+02 6.7617102051e+02 6.7622497559e+02 6.7628900146e+02 6.7635699463e+02 6.7640802002e+02 6.7646600342e+02 6.7654199219e+02 6.7661901855e+02 6.7669500732e+02 6.7676000977e+02 6.7682800293e+02 6.7689099121e+02 6.7696099854e+02 6.7703601074e+02 6.7709497070e+02 6.7717700195e+02 6.7724298096e+02 6.7731201172e+02 6.7737402344e+02 6.7741601563e+02 6.7747998047e+02 6.7755297852e+02 6.7761602783e+02 6.7768499756e+02 6.7774798584e+02 6.7780297852e+02 6.7786999512e+02 6.7793597412e+02 6.7801000977e+02 6.7807501221e+02 6.7811700439e+02 6.7817797852e+02 6.7824499512e+02 6.7829797363e+02 6.7835400391e+02
6.7529498291e+02 6.7534497070e+02 6.7540802002e+02 6.7548101807e+02 6.7554602051e+02 6.7560400391e+02 6.7567999268e+02 6.7575701904e+02 6.7582202148e+02 6.7589300537e+02 6.7596502686e+02 6.7605102539e+02 6.7611401367e+02 6.7618402100e+02 6.7626098633e+02 6.7632000732e+02 6.7638397217e+02 6.7646197510e+02 6.7653601074e+02 6.7660302734e+02 6.7666302490e+02 6.7673297119e+02 6.7679602051e+02 6.7686499023e+02 6.7692700195e+02 6.7697900391e+02 6.7706597900e+02 6.7713702393e+02 6.7720599365e+02 6.7727301025e+02 6.7733001709e+02 6.7739300537e+02 6.7745202637e+02 6.7750897217e+02 6.7757800293e+02 6.7764099121e+02 6.7770001221e+02 6.7777099609e+02 6.7784100342e+02 6.7791302490e+02 6.7798400879e+02 6.7802197266e+02 6.7808099365e+02 6.7814001465e+02 6.7818298340e+02 6.7823999023e+02
