TESTSERVER/23/11.asc
NCOLS 100
NROWS 100
XLLCORNER 8.6497500000e+03
YLLCORNER 2.8940025000e+05
CELLSIZE 5.0000000000e-01
NODATA_VALUE -9.9990000000e+03
[rows 60 to 79 of 100, columns 0 to 45 of 100]
6.5366400146e+02 6.5374798584e+02 6.5382202148e+02 6.5390399170e+02 6.5399102783e+02 6.5406799316e+02 6.5414697266e+02 6.5423797607e+02 6.5432800293e+02 6.5439501953e+02 6.5448199463e+02 6.5455999756e+02 6.5464697266e+02 6.5475299072e+02 6.5484197998e+02 6.5494299316e+02 6.5505401611e+02 6.5515301514e+02 6.5523602295e+02 6.5533502197e+02 6.5544201660e+02 6.5554302979e+02 6.5561999512e+02 6.5581500244e+02 6.5596801758e+02 6.5600701904e+02 6.5608300781e+02 6.5637402344e+02 6.5640600586e+02 6.5643798828e+02 6.5653698730e+02 6.5672497559e+02 6.5687298584e+02 6.5695697021e+02 6.5706896973e+02 6.5721502686e+02 6.5724298096e+02 6.5726501465e+02 6.5746002197e+02 6.5763098145e+02 6.5762902832e+02 6.5761798096e+02 6.5765502930e+02 6.5777600098e+02 6.5788299561e+02 6.5791699219e+02
6.5342401123e+02 6.5351098633e+02 6.5358300781e+02 6.5365301514e+02 6.5374700928e+02 6.5382702637e+02 6.5390600586e+02 6.5398797607e+02 6.5408398438e+02 6.5415100098e+02 6.5422998047e+02 6.5429901123e+02 6.5438000488e+02 6.5448101807e+02 6.5455401611e+02 6.5464501953e+02 6.5474798584e+02 6.5485498047e+02 6.5496301270e+02 6.5508599854e+02 6.5518499756e+02 6.5528100586e+02 6.5534301758e+02 6.5548699951e+02 6.5562902832e+02 6.5574401855e+02 6.5579699707e+02 6.5589501953e+02 6.5597497559e+02 6.5614599609e+02 6.5639300537e+02 6.5651501465e+02 6.5659899902e+02 6.5671002197e+02 6.5686199951e+02 6.5703198242e+02 6.5707202148e+02 6.5706500244e+02 6.5719702148e+02 6.5727502441e+02 6.5727801514e+02 6.5737097168e+02 6.5753198242e+02 6.5760797119e+02 6.5763598633e+02 6.5767999268e+02
6.5318597412e+02 6.5326800537e+02 6.5334698486e+02 6.5342999268e+02 6.5351501465e+02 6.5359002686e+02 6.5367700195e+02 6.5374902344e+02 6.5383801270e+02 6.5391699219e+02 6.5399401855e+02 6.5406402588e+02 6.5412597656e+02 6.5420300293e+02 6.5426397705e+02 6.5434600830e+02 6.5445397949e+02 6.5458599854e+02 6.5472497559e+02 6.5488800049e+02 6.5503497314e+02 6.5514300537e+02 6.5512902832e+02 6.5519201660e+02 6.5528900146e+02 6.5542700195e+02 6.5558697510e+02 6.5566802979e+02 6.5571600342e+02 6.5592102051e+02 6.5626000977e+02 6.5628802490e+02 6.5630603027e+02 6.5638201904e+02 6.5653002930e+02 6.5674200439e+02 6.5681500244e+02 6.5679498291e+02 6.5688897705e+02 6.5693298340e+02 6.5701702881e+02 6.5710699463e+02 6.5724102783e+02 6.5734997559e+02 6.5736901855e+02 6.5742297363e+02
6.5294897461e+02 6.5302600098e+02 6.5310900879e+02 6.5319396973e+02 6.5327301025e+02 6.5334698486e+02 6.5344500732e+02 6.5352197266e+02 6.5360302734e+02 6.5367297363e+02 6.5373297119e+02 6.5381597900e+02 6.5387097168e+02 6.5394201660e+02 6.5401599121e+02 6.5410699463e+02 6.5420202637e+02 6.5432202148e+02 6.5446301270e+02 6.5460797119e+02 6.5477600098e+02 6.5490997314e+02 6.5490899658e+02 6.5497998047e+02 6.5504998779e+02 6.5513500977e+02 6.5527301025e+02 6.5540197754e+02 6.5546197510e+02 6.5561999512e+02 6.5595501709e+02 6.5603497314e+02 6.5607000732e+02 6.5611401367e+02 6.5619500732e+02 6.5633099365e+02 6.5644500732e+02 6.5651000977e+02 6.5663299561e+02 6.5668701172e+02 6.5682000732e+02 6.5689599609e+02 6.5693200684e+02 6.5707501221e+02 6.5712597656e+02 6.5717797852e+02
6.5269396973e+02 6.5277001953e+02 6.5286297607e+02 6.5295001221e+02 6.5302398682e+02 6.5309698486e+02 6.5318597412e+02 6.5326702881e+02 6.5335198975e+02 6.5341601563e+02 6.5346899414e+02 6.5354998779e+02 6.5362799072e+02 6.5370898438e+02 6.5378002930e+02 6.5388098145e+02 6.5396398926e+02 6.5406201172e+02 6.5419097900e+02 6.5429602051e+02 6.5440997314e+02 6.5452600098e+02 6.5463098145e+02 6.5474401855e+02 6.5481097412e+02 6.5484197998e+02 6.5490301514e+02 6.5506701660e+02 6.5519396973e+02 6.5527099609e+02 6.5541198730e+02 6.5571002197e+02 6.5588098145e+02 6.5592498779e+02 6.5596801758e+02 6.5602899170e+02 6.5612902832e+02 6.5623101807e+02 6.5631896973e+02 6.5643701172e+02 6.5664202881e+02 6.5680798340e+02 6.5682800293e+02 6.5690100098e+02 6.5690301514e+02 6.5691699219e+02
6.5242797852e+02 6.5250897217e+02 6.5259802246e+02 6.5267297363e+02 6.5275500488e+02 6.5283599854e+02 6.5292102051e+02 6.5300201416e+02 6.5308398438e+02 6.5315802002e+02 6.5322198486e+02 6.5330499268e+02 6.5337799072e+02 6.5346502686e+02 6.5353698730e+02 6.5362500000e+02 6.5372198486e+02 6.5381201172e+02 6.5390600586e+02 6.5402697754e+02 6.5417901611e+02 6.5428002930e+02 6.5434899902e+02 6.5447198486e+02 6.5454998779e+02 6.5458898926e+02 6.5465002441e+02 6.5476898193e+02 6.5490899658e+02 6.5503900146e+02 6.5515600586e+02 6.5538000488e+02 6.5558300781e+02 6.5558197021e+02 6.5567401123e+02 6.5590899658e+02 6.5597698975e+02 6.5598199463e+02 6.5608001709e+02 6.5626501465e+02 6.5653997803e+02 6.5669500732e+02 6.5668298340e+02 6.5672998047e+02 6.5667700195e+02 6.5672802734e+02
6.5218499756e+02 6.5226599121e+02 6.5233801270e+02 6.5241302490e+02 6.5250701904e+02 6.5259197998e+02 6.5266198730e+02 6.5274902344e+02 6.5282897949e+02 6.5290197754e+02 6.5296899414e+02 6.5305499268e+02 6.5312597656e+02 6.5321899414e+02 6.5329699707e+02 6.5338201904e+02 6.5346997070e+02 6.5354400635e+02 6.5361999512e+02 6.5374401855e+02 6.5390197754e+02 6.5398999023e+02 6.5402801514e+02 6.5414398193e+02 6.5425897217e+02 6.5431597900e+02 6.5440100098e+02 6.5452301025e+02 6.5463397217e+02 6.5474401855e+02 6.5484997559e+02 6.5504699707e+02 6.5525097656e+02 6.5528399658e+02 6.5535998535e+02 6.5559802246e+02 6.5568701172e+02 6.5572601318e+02 6.5583001709e+02 6.5599401855e+02 6.5627398682e+02 6.5641400146e+02 6.5640698242e+02 6.5644299316e+02 6.5645397949e+02 6.5658099365e+02
6.5196600342e+02 6.5204400635e+02 6.5209899902e+02 6.5218103027e+02 6.5227001953e+02 6.5235198975e+02 6.5241900635e+02 6.5249700928e+02 6.5256799316e+02 6.5263598633e+02 6.5270800781e+02 6.5278601074e+02 6.5284802246e+02 6.5293298340e+02 6.5302197266e+02 6.5311999512e+02 6.5320202637e+02 6.5328399658e+02 6.5337902832e+02 6.5348797607e+02 6.5359100342e+02 6.5369000244e+02 6.5377899170e+02 6.5393103027e+02 6.5409997559e+02 6.5412200928e+02 6.5415100098e+02 6.5433599854e+02 6.5443200684e+02 6.5448101807e+02 6.5455297852e+02 6.5472698975e+02 6.5491302490e+02 6.5499597168e+02 6.5508099365e+02 6.5522198486e+02 6.5533099365e+02 6.5543701172e+02 6.5553900146e+02 6.5564898682e+02 6.5583801270e+02 6.5595501709e+02 6.5602697754e+02 6.5612597656e+02 6.5623297119e+02 6.5637597656e+02
6.5173602295e+02 6.5180902100e+02 6.5187500000e+02 6.5195800781e+02 6.5203100586e+02 6.5209698486e+02 6.5216699219e+02 6.5224200439e+02 6.5231402588e+02 6.5238000488e+02 6.5245300293e+02 6.5252301025e+02 6.5258898926e+02 6.5265997314e+02 6.5274200439e+02 6.5284497070e+02 6.5292999268e+02 6.5304400635e+02 6.5315301514e+02 6.5323797607e+02 6.5331799316e+02 6.5342901611e+02 6.5356896973e+02 6.5378198242e+02 6.5401501465e+02 6.5402697754e+02 6.5393402100e+02 6.5410498047e+02 6.5421197510e+02 6.5426000977e+02 6.5434698486e+02 6.5441198730e+02 6.5452398682e+02 6.5464697266e+02 6.5480798340e+02 6.5494000244e+02 6.5503198242e+02 6.5514697266e+02 6.5523901367e+02 6.5538598633e+02 6.5551501465e+02 6.5564801025e+02 6.5577502441e+02 6.5585601807e+02 6.5597302246e+02 6.5607397461e+02
6.5150701904e+02 6.5158599854e+02 6.5165698242e+02 6.5172198486e+02 6.5177899170e+02 6.5184399414e+02 6.5191802979e+02 6.5200402832e+02 6.5208697510e+02 6.5215100098e+02 6.5221502686e+02 6.5228497314e+02 6.5235400391e+02 6.5242498779e+02 6.5250799561e+02 6.5259399414e+02 6.5266900635e+02 6.5278399658e+02 6.5288299561e+02 6.5297900391e+02 6.5307501221e+02 6.5316302490e+02 6.5327301025e+02 6.5340698242e+02 6.5355401611e+02 6.5363500977e+02 6.5365100098e+02 6.5375402832e+02 6.5386499023e+02 6.5396197510e+02 6.5403698730e+02 6.5413299561e+02 6.5429699707e+02 6.5440698242e+02 6.5446899414e+02 6.5456201172e+02 6.5469500732e+02 6.5484399414e+02 6.5491400146e+02 6.5505798340e+02 6.5518597412e+02 6.5534399414e+02 6.5546197510e+02 6.5555401611e+02 6.5566601563e+02 6.5577899170e+02
6.5126397705e+02 6.5133197021e+02 6.5140899658e+02 6.5146502686e+02 6.5152600098e+02 6.5159698486e+02 6.5166497803e+02 6.5175500488e+02 6.5183801270e+02 6.5191101074e+02 6.5198101807e+02 6.5204797363e+02 6.5211102295e+02 6.5218402100e+02 6.5225701904e+02 6.5232397461e+02 6.5240997314e+02 6.5251702881e+02 6.5259802246e+02 6.5271697998e+02 6.5282598877e+02 6.5289697266e+02 6.5298101807e+02 6.5305603027e+02 6.5313897705e+02 6.5323101807e+02 6.5330700684e+02 6.5337500000e+02 6.5348498535e+02 6.5360101318e+02 6.5371502686e+02 6.5385998535e+02 6.5405200195e+02 6.5415301514e+02 6.5416601563e+02 6.5427197266e+02 6.5444500732e+02 6.5460198975e+02 6.5464697266e+02 6.5474798584e+02 6.5484002686e+02 6.5497302246e+02 6.5513897705e+02 6.5527899170e+02 6.5536602783e+02 6.5548297119e+02
6.5101397705e+02 6.5106799316e+02 6.5115197754e+02 6.5121197510e+02 6.5128399658e+02 6.5135797119e+02 6.5141802979e+02 6.5151098633e+02 6.5158697510e+02 6.5165899658e+02 6.5172497559e+02 6.5178100586e+02 6.5184399414e+02 6.5191497803e+02 6.5198602295e+02 6.5205902100e+02 6.5214202881e+02 6.5224298096e+02 6.5231799316e+02 6.5244500732e+02 6.5255700684e+02 6.5262701416e+02 6.5272302246e+02 6.5281701660e+02 6.5290502930e+02 6.5298797607e+02 6.5302001953e+02 6.5307397461e+02 6.5318402100e+02 6.5330798340e+02 6.5344201660e+02 6.5355401611e+02 6.5368200684e+02 6.5377001953e+02 6.5384100342e+02 6.5399902344e+02 6.5418402100e+02 6.5433502197e+02 6.5439501953e+02 6.5448797607e+02 6.5458898926e+02 6.5469396973e+02 6.5484600830e+02 6.5498498535e+02 6.5507000732e+02 6.5524798584e+02
6.5077099609e+02 6.5082800293e+02 6.5090802002e+02 6.5098101807e+02 6.5104699707e+02 6.5111102295e+02 6.5116497803e+02 6.5125000000e+02 6.5132202148e+02 6.5138201904e+02 6.5143701172e+02 6.5149102783e+02 6.5157098389e+02 6.5164501953e+02 6.5169598389e+02 6.5178198242e+02 6.5184997559e+02 6.5193298340e+02 6.5202697754e+02 6.5213800049e+02 6.5222998047e+02 6.5229998779e+02 6.5239099121e+02 6.5252398682e+02 6.5261700439e+02 6.5267797852e+02 6.5270202637e+02 6.5279998779e+02 6.5290197754e+02 6.5304901123e+02 6.5321697998e+02 6.5324401855e+02 6.5329699707e+02 6.5337799072e+02 6.5349597168e+02 6.5366302490e+02 6.5380401611e+02 6.5395001221e+02 6.5407202148e+02 6.5413000488e+02 6.5425598145e+02 6.5437597656e+02 6.5448999023e+02 6.5460498047e+02 6.5474700928e+02 6.5501202393e+02
6.5055102539e+02 6.5060601807e+02 6.5066900635e+02 6.5074102783e+02 6.5080401611e+02 6.5086700439e+02 6.5091900635e+02 6.5098400879e+02 6.5105798340e+02 6.5112902832e+02 6.5119598389e+02 6.5124102783e+02 6.5130102539e+02 6.5137298584e+02 6.5143902588e+02 6.5152001953e+02 6.5158697510e+02 6.5165502930e+02 6.5174102783e+02 6.5183398438e+02 6.5192297363e+02 6.5199499512e+02 6.5207897949e+02 6.5218499756e+02 6.5229199219e+02 6.5238397217e+02 6.5244396973e+02 6.5250500488e+02 6.5260699463e+02 6.5279498291e+02 6.5294702148e+02 6.5294500732e+02 6.5299798584e+02 6.5310400391e+02 6.5320599365e+02 6.5331597900e+02 6.5341400146e+02 6.5351800537e+02 6.5363897705e+02 6.5373797607e+02 6.5385198975e+02 6.5398901367e+02 6.5410699463e+02 6.5426599121e+02 6.5442901611e+02 6.5459802246e+02
6.5031500244e+02 6.5037500000e+02 6.5043902588e+02 6.5051501465e+02 6.5057397461e+02 6.5063598633e+02 6.5069000244e+02 6.5074902344e+02 6.5081201172e+02 6.5087902832e+02 6.5094299316e+02 6.5098400879e+02 6.5103198242e+02 6.5111297607e+02 6.5119396973e+02 6.5125897217e+02 6.5131597900e+02 6.5138800049e+02 6.5147497559e+02 6.5155297852e+02 6.5163201904e+02 6.5169897461e+02 6.5177899170e+02 6.5187298584e+02 6.5197100830e+02 6.5210601807e+02 6.5221899414e+02 6.5225799561e+02 6.5231597900e+02 6.5242999268e+02 6.5253900146e+02 6.5258398438e+02 6.5266400146e+02 6.5278100586e+02 6.5285797119e+02 6.5295397949e+02 6.5306701660e+02 6.5312597656e+02 6.5321899414e+02 6.5335797119e+02 6.5351000977e+02 6.5368298340e+02 6.5383300781e+02 6.5399102783e+02 6.5411297607e+02 6.5419201660e+02
6.5007800293e+02 6.5014501953e+02 6.5020800781e+02 6.5028497314e+02 6.5034100342e+02 6.5040301514e+02 6.5046301270e+02 6.5051202393e+02 6.5055902100e+02 6.5061999512e+02 6.5069702148e+02 6.5074298096e+02 6.5078100586e+02 6.5085601807e+02 6.5093499756e+02 6.5099597168e+02 6.5104797363e+02 6.5112097168e+02 6.5120599365e+02 6.5127099609e+02 6.5134497070e+02 6.5141998291e+02 6.5149798584e+02 6.5158099365e+02 6.5164398193e+02 6.5176300049e+02 6.5191802979e+02 6.5197900391e+02 6.5201397705e+02 6.5208001709e+02 6.5214501953e+02 6.5221002197e+02 6.5231201172e+02 6.5244097900e+02 6.5252197266e+02 6.5261602783e+02 6.5271899414e+02 6.5276800537e+02 6.5289202881e+02 6.5311297607e+02 6.5333300781e+02 6.5353497314e+02 6.5369702148e+02 6.5383197021e+02 6.5390899658e+02 6.5392700195e+02
6.4983197021e+02 6.4990600586e+02 6.4997302246e+02 6.5003002930e+02 6.5009002686e+02 6.5015197754e+02 6.5021301270e+02 6.5027197266e+02 6.5032000732e+02 6.5038897705e+02 6.5046997070e+02 6.5052099609e+02 6.5054797363e+02 6.5059497070e+02 6.5065997314e+02 6.5073901367e+02 6.5080902100e+02 6.5086901855e+02 6.5093597412e+02 6.5099597168e+02 6.5106500244e+02 6.5114300537e+02 6.5120800781e+02 6.5129400635e+02 6.5134802246e+02 6.5140600586e+02 6.5149298096e+02 6.5161499023e+02 6.5169299316e+02 6.5181799316e+02 6.5190600586e+02 6.5191302490e+02 6.5202301025e+02 6.5215698242e+02 6.5222601318e+02 6.5227099609e+02 6.5237402344e+02 6.5249200439e+02 6.5265197754e+02 6.5290100098e+02 6.5315502930e+02 6.5334997559e+02 6.5348602295e+02 6.5360699463e+02 6.5370098877e+02 6.5373498535e+02
6.4960601807e+02 6.4968103027e+02 6.4973602295e+02 6.4980297852e+02 6.4985302734e+02 6.4989801025e+02 6.4995501709e+02 6.5002600098e+02 6.5008398438e+02 6.5015002441e+02 6.5022399902e+02 6.5026397705e+02 6.5030499268e+02 6.5035900879e+02 6.5041802979e+02 6.5049298096e+02 6.5055999756e+02 6.5061297607e+02 6.5068402100e+02 6.5074298096e+02 6.5080297852e+02 6.5086102295e+02 6.5092401123e+02 6.5100897217e+02 6.5108801270e+02 6.5113098145e+02 6.5116699219e+02 6.5130102539e+02 6.5137597656e+02 6.5145898438e+02 6.5155499268e+02 6.5165197754e+02 6.5173602295e+02 6.5180700684e+02 6.5187799072e+02 6.5196899414e+02 6.5214801025e+02 6.5227697754e+02 6.5233300781e+02 6.5258001709e+02 6.5282299805e+02 6.5297601318e+02 6.5309399414e+02 6.5322900391e+02 6.5328100586e+02 6.5329901123e+02
6.4940399170e+02 6.4946600342e+02 6.4950402832e+02 6.4957098389e+02 6.4961999512e+02 6.4966101074e+02 6.4971398926e+02 6.4977899170e+02 6.4984002686e+02 6.4990100098e+02 6.4996697998e+02 6.5001397705e+02 6.5006298828e+02 6.5011999512e+02 6.5017901611e+02 6.5024700928e+02 6.5030200195e+02 6.5034899902e+02 6.5040197754e+02 6.5046197510e+02 6.5053198242e+02 6.5059497070e+02 6.5065997314e+02 6.5072399902e+02 6.5080999756e+02 6.5086999512e+02 6.5089001465e+02 6.5099401855e+02 6.5107299805e+02 6.5113897705e+02 6.5122302246e+02 6.5137902832e+02 6.5145697021e+02 6.5147399902e+02 6.5154602051e+02 6.5168597412e+02 6.5186102295e+02 6.5196899414e+02 6.5200598145e+02 6.5221002197e+02 6.5239300537e+02 6.5248999023e+02 6.5257299805e+02 6.5278302002e+02 6.5289801025e+02 6.5293298340e+02
6.4916900635e+02 6.4922601318e+02 6.4928100586e+02 6.4934399414e+02 6.4939501953e+02 6.4944097900e+02 6.4949102783e+02 6.4954998779e+02 6.4960998535e+02 6.4965997314e+02 6.4970898438e+02 6.4977001953e+02 6.4981799316e+02 6.4986602783e+02 6.4993499756e+02 6.4999401855e+02 6.5003997803e+02 6.5009399414e+02 6.5014697266e+02 6.5020098877e+02 6.5026800537e+02 6.5033599854e+02 6.5040899658e+02 6.5045397949e+02 6.5052197266e+02 6.5058801270e+02 6.5063098145e+02 6.5070098877e+02 6.5076397705e+02 6.5082098389e+02 6.5090997314e+02 6.5107299805e+02 6.5115399170e+02 6.5116802979e+02 6.5124102783e+02 6.5136297607e+02 6.5146099854e+02 6.5155200195e+02 6.5166101074e+02 6.5183801270e+02 6.5194897461e+02 6.5200897217e+02 6.5207897949e+02 6.5229602051e+02 6.5246899414e+02 6.5255798340e+02
