TESTSERVER/23/11.asc
NCOLS 100
NROWS 100
XLLCORNER 8.6497500000e+03
YLLCORNER 2.8940025000e+05
CELLSIZE 5.0000000000e-01
NODATA_VALUE -9.9990000000e+03
[rows 20 to 39 of 100, columns 0 to 45 of 100]
6.6288201904e+02 6.6298901367e+02 6.6305401611e+02 6.6306097412e+02 6.6317602539e+02 6.6336102295e+02 6.6347601318e+02 6.6358502197e+02 6.6364697266e+02 6.6371600342e+02 6.6386102295e+02 6.6389202881e+02 6.6394598389e+02 6.6404199219e+02 6.6416198730e+02 6.6423797607e+02 6.6432800293e+02 6.6443103027e+02 6.6452099609e+02 6.6461999512e+02 6.6473199463e+02 6.6483697510e+02 6.6490698242e+02 6.6498999023e+02 6.6505798340e+02 6.6512298584e+02 6.6518402100e+02 6.6525201416e+02 6.6531597900e+02 6.6539099121e+02 6.6546997070e+02 6.6553698730e+02 6.6561102295e+02 6.6569000244e+02 6.6577398682e+02 6.6585797119e+02 6.6593701172e+02 6.6601000977e+02 6.6608801270e+02 6.6617102051e+02 6.6627502441e+02 6.6637298584e+02 6.6644598389e+02 6.6649902344e+02 6.6657397461e+02 6.6664898682e+02
6.6255603027e+02 6.6263201904e+02 6.6268402100e+02 6.6275500488e+02 6.6291900635e+02 6.6311602783e+02 6.6326300049e+02 6.6337402344e+02 6.6342102051e+02 6.6347399902e+02 6.6362402344e+02 6.6373498535e+02 6.6377899170e+02 6.6388299561e+02 6.6398699951e+02 6.6408898926e+02 6.6417700195e+02 6.6425799561e+02 6.6434497070e+02 6.6444097900e+02 6.6453997803e+02 6.6465802002e+02 6.6475299072e+02 6.6484802246e+02 6.6493499756e+02 6.6502301025e+02 6.6509399414e+02 6.6516302490e+02 6.6523498535e+02 6.6531201172e+02 6.6537902832e+02 6.6544396973e+02 6.6550799561e+02 6.6557702637e+02 6.6565802002e+02 6.6573602295e+02 6.6580798340e+02 6.6588299561e+02 6.6595501709e+02 6.6603399658e+02 6.6613098145e+02 6.6622497559e+02 6.6630798340e+02 6.6638098145e+02 6.6645898438e+02 6.6652697754e+02
6.6222302246e+02 6.6227301025e+02 6.6231298828e+02 6.6244396973e+02 6.6263000488e+02 6.6278802490e+02 6.6292602539e+02 6.6305603027e+02 6.6311499023e+02 6.6317401123e+02 6.6333697510e+02 6.6347900391e+02 6.6355200195e+02 6.6372698975e+02 6.6384802246e+02 6.6393701172e+02 6.6401702881e+02 6.6409600830e+02 6.6418902588e+02 6.6429797363e+02 6.6439501953e+02 6.6450500488e+02 6.6458898926e+02 6.6468402100e+02 6.6478002930e+02 6.6488598633e+02 6.6496899414e+02 6.6503997803e+02 6.6512799072e+02 6.6521398926e+02 6.6529101563e+02 6.6536401367e+02 6.6542602539e+02 6.6549200439e+02 6.6556402588e+02 6.6563397217e+02 6.6570599365e+02 6.6578100586e+02 6.6584399414e+02 6.6591998291e+02 6.6600402832e+02 6.6608502197e+02 6.6617199707e+02 6.6624902344e+02 6.6632299805e+02 6.6639099121e+02
6.6192102051e+02 6.6195501709e+02 6.6199200439e+02 6.6212701416e+02 6.6229901123e+02 6.6241601563e+02 6.6254400635e+02 6.6270300293e+02 6.6278698730e+02 6.6286297607e+02 6.6303002930e+02 6.6316998291e+02 6.6324798584e+02 6.6344396973e+02 6.6359802246e+02 6.6369500732e+02 6.6379498291e+02 6.6390002441e+02 6.6401300049e+02 6.6413702393e+02 6.6426300049e+02 6.6436901855e+02 6.6443200684e+02 6.6453601074e+02 6.6463201904e+02 6.6473101807e+02 6.6481201172e+02 6.6489599609e+02 6.6499499512e+02 6.6508502197e+02 6.6517297363e+02 6.6525897217e+02 6.6533697510e+02 6.6541802979e+02 6.6548199463e+02 6.6553900146e+02 6.6560998535e+02 6.6568402100e+02 6.6574597168e+02 6.6582202148e+02 6.6589801025e+02 6.6596502686e+02 6.6604998779e+02 6.6612298584e+02 6.6619201660e+02 6.6626000977e+02
6.6167901611e+02 6.6170397949e+02 6.6173199463e+02 6.6182598877e+02 6.6198797607e+02 6.6211199951e+02 6.6227001953e+02 6.6242700195e+02 6.6249700928e+02 6.6255297852e+02 6.6265399170e+02 6.6281799316e+02 6.6292297363e+02 6.6305999756e+02 6.6322998047e+02 6.6338201904e+02 6.6351397705e+02 6.6364898682e+02 6.6380603027e+02 6.6391198730e+02 6.6404602051e+02 6.6419097900e+02 6.6429901123e+02 6.6436499023e+02 6.6446801758e+02 6.6456500244e+02 6.6466302490e+02 6.6474298096e+02 6.6483197021e+02 6.6491699219e+02 6.6500402832e+02 6.6510699463e+02 6.6520898438e+02 6.6530902100e+02 6.6537902832e+02 6.6544702148e+02 6.6552600098e+02 6.6559497070e+02 6.6565502930e+02 6.6573101807e+02 6.6580700684e+02 6.6587298584e+02 6.6594897461e+02 6.6601397705e+02 6.6608099365e+02 6.6614801025e+02
6.6141802979e+02 6.6146899414e+02 6.6152001953e+02 6.6160900879e+02 6.6179998779e+02 6.6195599365e+02 6.6207800293e+02 6.6221600342e+02 6.6226397705e+02 6.6226202393e+02 6.6231896973e+02 6.6248602295e+02 6.6264202881e+02 6.6280200195e+02 6.6296002197e+02 6.6309100342e+02 6.6322100830e+02 6.6334698486e+02 6.6347399902e+02 6.6358300781e+02 6.6374401855e+02 6.6395300293e+02 6.6410900879e+02 6.6418701172e+02 6.6429602051e+02 6.6440100098e+02 6.6450000000e+02 6.6460699463e+02 6.6467999268e+02 6.6475097656e+02 6.6484002686e+02 6.6494396973e+02 6.6505297852e+02 6.6516101074e+02 6.6526000977e+02 6.6533697510e+02 6.6542102051e+02 6.6550201416e+02 6.6557202148e+02 6.6564202881e+02 6.6572497559e+02 6.6578997803e+02 6.6584497070e+02 6.6590997314e+02 6.6598101807e+02 6.6604602051e+02
6.6108801270e+02 6.6117700195e+02 6.6126800537e+02 6.6137200928e+02 6.6153601074e+02 6.6164501953e+02 6.6175097656e+02 6.6188500977e+02 6.6197802734e+02 6.6202197266e+02 6.6208099365e+02 6.6221502686e+02 6.6235498047e+02 6.6251702881e+02 6.6267999268e+02 6.6283197021e+02 6.6299902344e+02 6.6313702393e+02 6.6322100830e+02 6.6327301025e+02 6.6342297363e+02 6.6359600830e+02 6.6377697754e+02 6.6393701172e+02 6.6405902100e+02 6.6417797852e+02 6.6429797363e+02 6.6443402100e+02 6.6452899170e+02 6.6461499023e+02 6.6470501709e+02 6.6479797363e+02 6.6490600586e+02 6.6500299072e+02 6.6509802246e+02 6.6518701172e+02 6.6527398682e+02 6.6537200928e+02 6.6546398926e+02 6.6553601074e+02 6.6562097168e+02 6.6569598389e+02 6.6575097656e+02 6.6582598877e+02 6.6589599609e+02 6.6596002197e+02
6.6074700928e+02 6.6085900879e+02 6.6099200439e+02 6.6111602783e+02 6.6121301270e+02 6.6125598145e+02 6.6136999512e+02 6.6148901367e+02 6.6165698242e+02 6.6182397461e+02 6.6192297363e+02 6.6196899414e+02 6.6206500244e+02 6.6221197510e+02 6.6239001465e+02 6.6259698486e+02 6.6282000732e+02 6.6299401855e+02 6.6307800293e+02 6.6306597900e+02 6.6315502930e+02 6.6325000000e+02 6.6345397949e+02 6.6378399658e+02 6.6390197754e+02 6.6396197510e+02 6.6405401611e+02 6.6419299316e+02 6.6430499268e+02 6.6443402100e+02 6.6457598877e+02 6.6466601563e+02 6.6479797363e+02 6.6490100098e+02 6.6494500732e+02 6.6503002930e+02 6.6512902832e+02 6.6522900391e+02 6.6532501221e+02 6.6541198730e+02 6.6549200439e+02 6.6557598877e+02 6.6565502930e+02 6.6573400879e+02 6.6580297852e+02 6.6587097168e+02
6.6046502686e+02 6.6057800293e+02 6.6074102783e+02 6.6092999268e+02 6.6099298096e+02 6.6103497314e+02 6.6116802979e+02 6.6124700928e+02 6.6143902588e+02 6.6164697266e+02 6.6171899414e+02 6.6173199463e+02 6.6179400635e+02 6.6192199707e+02 6.6209301758e+02 6.6232299805e+02 6.6259497070e+02 6.6284301758e+02 6.6303399658e+02 6.6301599121e+02 6.6301702881e+02 6.6302697754e+02 6.6319897461e+02 6.6371099854e+02 6.6382202148e+02 6.6375000000e+02 6.6376202393e+02 6.6390100098e+02 6.6400701904e+02 6.6418298340e+02 6.6438299561e+02 6.6442498779e+02 6.6459301758e+02 6.6477600098e+02 6.6482598877e+02 6.6487902832e+02 6.6498400879e+02 6.6507800293e+02 6.6516802979e+02 6.6527301025e+02 6.6535498047e+02 6.6543402100e+02 6.6553601074e+02 6.6560797119e+02 6.6567602539e+02 6.6576000977e+02
6.6019201660e+02 6.6029199219e+02 6.6042602539e+02 6.6060198975e+02 6.6071398926e+02 6.6084600830e+02 6.6104400635e+02 6.6114001465e+02 6.6126300049e+02 6.6137799072e+02 6.6142602539e+02 6.6145599365e+02 6.6153698730e+02 6.6166302490e+02 6.6181402588e+02 6.6203302002e+02 6.6232800293e+02 6.6264202881e+02 6.6291101074e+02 6.6289202881e+02 6.6284197998e+02 6.6283197021e+02 6.6290899658e+02 6.6329699707e+02 6.6343402100e+02 6.6344598389e+02 6.6353997803e+02 6.6364099121e+02 6.6371899414e+02 6.6387902832e+02 6.6407000732e+02 6.6414001465e+02 6.6430401611e+02 6.6452001953e+02 6.6459997559e+02 6.6468402100e+02 6.6483197021e+02 6.6494396973e+02 6.6501800537e+02 6.6510699463e+02 6.6521002197e+02 6.6530700684e+02 6.6539898682e+02 6.6548297119e+02 6.6555902100e+02 6.6563800049e+02
6.5994000244e+02 6.6003997803e+02 6.6014697266e+02 6.6031402588e+02 6.6050799561e+02 6.6070300293e+02 6.6088800049e+02 6.6096801758e+02 6.6101898193e+02 6.6105999756e+02 6.6110198975e+02 6.6117297363e+02 6.6127099609e+02 6.6140100098e+02 6.6154901123e+02 6.6175799561e+02 6.6205200195e+02 6.6237902832e+02 6.6268902588e+02 6.6264898682e+02 6.6254998779e+02 6.6254400635e+02 6.6260498047e+02 6.6286102295e+02 6.6303302002e+02 6.6313598633e+02 6.6328002930e+02 6.6341900635e+02 6.6355603027e+02 6.6372802734e+02 6.6389599609e+02 6.6397302246e+02 6.6405999756e+02 6.6421899414e+02 6.6433801270e+02 6.6443597412e+02 6.6457098389e+02 6.6472399902e+02 6.6484002686e+02 6.6493103027e+02 6.6504998779e+02 6.6517199707e+02 6.6525299072e+02 6.6534399414e+02 6.6541699219e+02 6.6548999023e+02
6.5972100830e+02 6.5982202148e+02 6.5991699219e+02 6.6007397461e+02 6.6029302979e+02 6.6049597168e+02 6.6064300537e+02 6.6072497559e+02 6.6074597168e+02 6.6075000000e+02 6.6079901123e+02 6.6091302490e+02 6.6102801514e+02 6.6115997314e+02 6.6130297852e+02 6.6147802734e+02 6.6172802734e+02 6.6201300049e+02 6.6228698730e+02 6.6224102783e+02 6.6213000488e+02 6.6216497803e+02 6.6228997803e+02 6.6250097656e+02 6.6269500732e+02 6.6284698486e+02 6.6300201416e+02 6.6318902588e+02 6.6340802002e+02 6.6360400391e+02 6.6371398926e+02 6.6377197266e+02 6.6380401611e+02 6.6390997314e+02 6.6405603027e+02 6.6417401123e+02 6.6430401611e+02 6.6450500488e+02 6.6462799072e+02 6.6468499756e+02 6.6480603027e+02 6.6495800781e+02 6.6504602051e+02 6.6513397217e+02 6.6523199463e+02 6.6533801270e+02
6.5953698730e+02 6.5962799072e+02 6.5971899414e+02 6.5983099365e+02 6.5999798584e+02 6.6017602539e+02 6.6031402588e+02 6.6043701172e+02 6.6048602295e+02 6.6050402832e+02 6.6060101318e+02 6.6071997070e+02 6.6083398438e+02 6.6094598389e+02 6.6105603027e+02 6.6118298340e+02 6.6134197998e+02 6.6153497314e+02 6.6172399902e+02 6.6176800537e+02 6.6175598145e+02 6.6187402344e+02 6.6207598877e+02 6.6224102783e+02 6.6242602539e+02 6.6264801025e+02 6.6286499023e+02 6.6295397949e+02 6.6311297607e+02 6.6330603027e+02 6.6345397949e+02 6.6353302002e+02 6.6353900146e+02 6.6364001465e+02 6.6384497070e+02 6.6392999268e+02 6.6400000000e+02 6.6417700195e+02 6.6432897949e+02 6.6439801025e+02 6.6452001953e+02 6.6467498779e+02 6.6477502441e+02 6.6484497070e+02 6.6499597168e+02 6.6515698242e+02
6.5932501221e+02 6.5941497803e+02 6.5950299072e+02 6.5958099365e+02 6.5971801758e+02 6.5990002441e+02 6.6004400635e+02 6.6016302490e+02 6.6024499512e+02 6.6029998779e+02 6.6039697266e+02 6.6054302979e+02 6.6064697266e+02 6.6074597168e+02 6.6085601807e+02 6.6095800781e+02 6.6106896973e+02 6.6120397949e+02 6.6138800049e+02 6.6149401855e+02 6.6156701660e+02 6.6171600342e+02 6.6186401367e+02 6.6203100586e+02 6.6215997314e+02 6.6233398438e+02 6.6256201172e+02 6.6275097656e+02 6.6289599609e+02 6.6302398682e+02 6.6316101074e+02 6.6324798584e+02 6.6326397705e+02 6.6332897949e+02 6.6353399658e+02 6.6376397705e+02 6.6377600098e+02 6.6385900879e+02 6.6406402588e+02 6.6414898682e+02 6.6426098633e+02 6.6438500977e+02 6.6447399902e+02 6.6457000732e+02 6.6472399902e+02 6.6488098145e+02
6.5912097168e+02 6.5921002197e+02 6.5931402588e+02 6.5938897705e+02 6.5949798584e+02 6.5965802002e+02 6.5980798340e+02 6.5992102051e+02 6.6002197266e+02 6.6011199951e+02 6.6022198486e+02 6.6034600830e+02 6.6044598389e+02 6.6054199219e+02 6.6066601563e+02 6.6079400635e+02 6.6089202881e+02 6.6098101807e+02 6.6108099365e+02 6.6122698975e+02 6.6138098145e+02 6.6153497314e+02 6.6174298096e+02 6.6189801025e+02 6.6195397949e+02 6.6205603027e+02 6.6222601318e+02 6.6245202637e+02 6.6263500977e+02 6.6275299072e+02 6.6284497070e+02 6.6295501709e+02 6.6303601074e+02 6.6308801270e+02 6.6320501709e+02 6.6349798584e+02 6.6354998779e+02 6.6358801270e+02 6.6375402832e+02 6.6385601807e+02 6.6395001221e+02 6.6404699707e+02 6.6417102051e+02 6.6430297852e+02 6.6443798828e+02 6.6457299805e+02
6.5893200684e+02 6.5902301025e+02 6.5913598633e+02 6.5921600342e+02 6.5929998779e+02 6.5941699219e+02 6.5956402588e+02 6.5967102051e+02 6.5978198242e+02 6.5990997314e+02 6.6004901123e+02 6.6015502930e+02 6.6024902344e+02 6.6034002686e+02 6.6046398926e+02 6.6061297607e+02 6.6072198486e+02 6.6079302979e+02 6.6084301758e+02 6.6101300049e+02 6.6116400146e+02 6.6128399658e+02 6.6164300537e+02 6.6176898193e+02 6.6176702881e+02 6.6186798096e+02 6.6198602295e+02 6.6212500000e+02 6.6229901123e+02 6.6243499756e+02 6.6252502441e+02 6.6264300537e+02 6.6280297852e+02 6.6289898682e+02 6.6292700195e+02 6.6309997559e+02 6.6319097900e+02 6.6325500488e+02 6.6337298584e+02 6.6351098633e+02 6.6361798096e+02 6.6371801758e+02 6.6391400146e+02 6.6406402588e+02 6.6415002441e+02 6.6425701904e+02
6.5876300049e+02 6.5884997559e+02 6.5893597412e+02 6.5903698730e+02 6.5913897705e+02 6.5923699951e+02 6.5934698486e+02 6.5941601563e+02 6.5951702881e+02 6.5967297363e+02 6.5984197998e+02 6.5996801758e+02 6.6005700684e+02 6.6014697266e+02 6.6023797607e+02 6.6034802246e+02 6.6044201660e+02 6.6052502441e+02 6.6059802246e+02 6.6079302979e+02 6.6089202881e+02 6.6094500732e+02 6.6113299561e+02 6.6134301758e+02 6.6145501709e+02 6.6162298584e+02 6.6172198486e+02 6.6184100342e+02 6.6198602295e+02 6.6214599609e+02 6.6229699707e+02 6.6240301514e+02 6.6253302002e+02 6.6266101074e+02 6.6274102783e+02 6.6279901123e+02 6.6286602783e+02 6.6294702148e+02 6.6307501221e+02 6.6323498535e+02 6.6337902832e+02 6.6346997070e+02 6.6361401367e+02 6.6380603027e+02 6.6384802246e+02 6.6393298340e+02
6.5859497070e+02 6.5867797852e+02 6.5875500488e+02 6.5884600830e+02 6.5895300293e+02 6.5904699707e+02 6.5915100098e+02 6.5921600342e+02 6.5929302979e+02 6.5942999268e+02 6.5957501221e+02 6.5968298340e+02 6.5979498291e+02 6.5993200684e+02 6.6004101563e+02 6.6013299561e+02 6.6021997070e+02 6.6030700684e+02 6.6041497803e+02 6.6060400391e+02 6.6065002441e+02 6.6072998047e+02 6.6085900879e+02 6.6098400879e+02 6.6121398926e+02 6.6140399170e+02 6.6142498779e+02 6.6162298584e+02 6.6181298828e+02 6.6195098877e+02 6.6212597656e+02 6.6221197510e+02 6.6225097656e+02 6.6231896973e+02 6.6242199707e+02 6.6250598145e+02 6.6254101563e+02 6.6264202881e+02 6.6289599609e+02 6.6299401855e+02 6.6309899902e+02 6.6320300293e+02 6.6330401611e+02 6.6342199707e+02 6.6349902344e+02 6.6363201904e+02
6.5842199707e+02 6.5850402832e+02 6.5857501221e+02 6.5866101074e+02 6.5876397705e+02 6.5885998535e+02 6.5895898438e+02 6.5900598145e+02 6.5908898926e+02 6.5922900391e+02 6.5934698486e+02 6.5942999268e+02 6.5955102539e+02 6.5969201660e+02 6.5982897949e+02 6.5996801758e+02 6.6013201904e+02 6.6025402832e+02 6.6030700684e+02 6.6046197510e+02 6.6046301270e+02 6.6052197266e+02 6.6061901855e+02 6.6072601318e+02 6.6102301025e+02 6.6120800781e+02 6.6117797852e+02 6.6150598145e+02 6.6170501709e+02 6.6175799561e+02 6.6188702393e+02 6.6203399658e+02 6.6209399414e+02 6.6211499023e+02 6.6210998535e+02 6.6216601563e+02 6.6225201416e+02 6.6241101074e+02 6.6272198486e+02 6.6271801758e+02 6.6276000977e+02 6.6288397217e+02 6.6299597168e+02 6.6308099365e+02 6.6317199707e+02 6.6330200195e+02
6.5826098633e+02 6.5833197021e+02 6.5840100098e+02 6.5848699951e+02 6.5857702637e+02 6.5866802979e+02 6.5876702881e+02 6.5880200195e+02 6.5890002441e+02 6.5904498291e+02 6.5915502930e+02 6.5923199463e+02 6.5938098145e+02 6.5953198242e+02 6.5967102051e+02 6.5982202148e+02 6.6002197266e+02 6.6018798828e+02 6.6023101807e+02 6.6034802246e+02 6.6034497070e+02 6.6033197021e+02 6.6040399170e+02 6.6050897217e+02 6.6086499023e+02 6.6109100342e+02 6.6108502197e+02 6.6146600342e+02 6.6160699463e+02 6.6153997803e+02 6.6157299805e+02 6.6182501221e+02 6.6200299072e+02 6.6203997803e+02 6.6191400146e+02 6.6191400146e+02 6.6200897217e+02 6.6212500000e+02 6.6239300537e+02 6.6240899658e+02 6.6244396973e+02 6.6257501221e+02 6.6267602539e+02 6.6274700928e+02 6.6291400146e+02 6.6307202148e+02
