TESTSERVER/23/12.asc
NCOLS 100
NROWS 100
XLLCORNER 8.6497500000e+03
YLLCORNER 2.8935025000e+05
CELLSIZE 5.0000000000e-01
NODATA_VALUE -9.9990000000e+03
[rows 40 to 59 of 100, columns 0 to 45 of 100]
6.4363299561e+02 6.4360998535e+02 6.4357598877e+02 6.4358099365e+02 6.4360601807e+02 6.4363397217e+02 6.4364202881e+02 6.4362298584e+02 6.4360400391e+02 6.4363098145e+02 6.4365997314e+02 6.4367797852e+02 6.4372497559e+02 6.4381896973e+02 6.4394598389e+02 6.4396197510e+02 6.4397698975e+02 6.4399401855e+02 6.4401202393e+02 6.4404101563e+02 6.4407702637e+02 6.4410302734e+02 6.4411297607e+02 6.4413201904e+02 6.4417401123e+02 6.4420599365e+02 6.4420898438e+02 6.4419396973e+02 6.4420501709e+02 6.4422100830e+02 6.4423101807e+02 6.4423901367e+02 6.4425799561e+02 6.4427899170e+02 6.4430798340e+02 6.4430902100e+02 6.4431701660e+02 6.4434100342e+02 6.4434997559e+02 6.4436798096e+02 6.4439202881e+02 6.4440997314e+02 6.4442297363e+02 6.4441699219e+02 6.4443200684e+02 6.4443499756e+02
6.4364898682e+02 6.4364801025e+02 6.4362097168e+02 6.4364202881e+02 6.4368902588e+02 6.4367602539e+02 6.4362597656e+02 6.4360900879e+02 6.4360400391e+02 6.4368597412e+02 6.4376898193e+02 6.4377899170e+02 6.4383001709e+02 6.4387402344e+02 6.4393701172e+02 6.4393701172e+02 6.4395800781e+02 6.4398101807e+02 6.4400097656e+02 6.4402301025e+02 6.4405401611e+02 6.4408599854e+02 6.4410498047e+02 6.4411499023e+02 6.4415399170e+02 6.4418402100e+02 6.4419897461e+02 6.4420397949e+02 6.4421600342e+02 6.4422998047e+02 6.4423901367e+02 6.4425299072e+02 6.4427099609e+02 6.4428100586e+02 6.4430499268e+02 6.4430102539e+02 6.4430102539e+02 6.4431896973e+02 6.4433599854e+02 6.4436102295e+02 6.4438598633e+02 6.4439801025e+02 6.4439898682e+02 6.4436999512e+02 6.4434002686e+02 6.4429602051e+02
6.4362298584e+02 6.4364001465e+02 6.4365899658e+02 6.4369897461e+02 6.4372399902e+02 6.4367700195e+02 6.4359802246e+02 6.4356799316e+02 6.4356701660e+02 6.4363299561e+02 6.4370300293e+02 6.4373199463e+02 6.4383300781e+02 6.4387701416e+02 6.4391802979e+02 6.4393402100e+02 6.4395098877e+02 6.4397399902e+02 6.4399102783e+02 6.4401098633e+02 6.4404302979e+02 6.4407202148e+02 6.4409301758e+02 6.4412298584e+02 6.4415502930e+02 6.4417797852e+02 6.4419799805e+02 6.4420501709e+02 6.4421301270e+02 6.4422998047e+02 6.4423498535e+02 6.4424499512e+02 6.4426501465e+02 6.4427697754e+02 6.4429199219e+02 6.4430102539e+02 6.4430700684e+02 6.4431896973e+02 6.4433099365e+02 6.4435601807e+02 6.4435998535e+02 6.4435198975e+02 6.4433001709e+02 6.4425701904e+02 6.4421801758e+02 6.4419799805e+02
6.4359600830e+02 6.4361297607e+02 6.4363800049e+02 6.4367199707e+02 6.4368701172e+02 6.4365600586e+02 6.4359399414e+02 6.4354797363e+02 6.4353399658e+02 6.4355999756e+02 6.4358697510e+02 6.4368499756e+02 6.4380700684e+02 6.4384100342e+02 6.4388702393e+02 6.4392999268e+02 6.4395300293e+02 6.4397399902e+02 6.4399499512e+02 6.4400701904e+02 6.4403302002e+02 6.4406097412e+02 6.4408300781e+02 6.4412701416e+02 6.4414898682e+02 6.4416998291e+02 6.4418798828e+02 6.4419299316e+02 6.4419702148e+02 6.4420697021e+02 6.4421899414e+02 6.4422399902e+02 6.4424798584e+02 6.4427099609e+02 6.4428198242e+02 6.4429998779e+02 6.4430700684e+02 6.4429797363e+02 6.4429101563e+02 6.4430297852e+02 6.4427697754e+02 6.4424102783e+02 6.4420898438e+02 6.4416900635e+02 6.4416302490e+02 6.4419396973e+02
6.4359399414e+02 6.4361297607e+02 6.4363098145e+02 6.4365197754e+02 6.4366601563e+02 6.4367498779e+02 6.4366101074e+02 6.4356097412e+02 6.4352600098e+02 6.4354901123e+02 6.4362097168e+02 6.4379302979e+02 6.4385101318e+02 6.4384698486e+02 6.4390301514e+02 6.4394097900e+02 6.4396099854e+02 6.4397302246e+02 6.4399499512e+02 6.4401000977e+02 6.4402502441e+02 6.4404901123e+02 6.4407299805e+02 6.4411199951e+02 6.4413098145e+02 6.4415502930e+02 6.4418298340e+02 6.4419097900e+02 6.4419201660e+02 6.4418902588e+02 6.4421997070e+02 6.4422399902e+02 6.4423699951e+02 6.4426300049e+02 6.4428302002e+02 6.4427502441e+02 6.4425799561e+02 6.4422497559e+02 6.4419201660e+02 6.4417999268e+02 6.4416400146e+02 6.4414501953e+02 6.4413897705e+02 6.4417199707e+02 6.4420697021e+02 6.4426702881e+02
6.4348999023e+02 6.4354498291e+02 6.4358001709e+02 6.4363800049e+02 6.4366601563e+02 6.4363800049e+02 6.4360198975e+02 6.4356500244e+02 6.4352001953e+02 6.4353302002e+02 6.4366601563e+02 6.4386102295e+02 6.4388201904e+02 6.4387902832e+02 6.4392797852e+02 6.4393902588e+02 6.4394897461e+02 6.4397497559e+02 6.4401000977e+02 6.4400799561e+02 6.4403198242e+02 6.4405700684e+02 6.4406597900e+02 6.4410101318e+02 6.4412597656e+02 6.4414501953e+02 6.4416497803e+02 6.4418298340e+02 6.4419799805e+02 6.4420397949e+02 6.4422100830e+02 6.4424102783e+02 6.4423999023e+02 6.4423901367e+02 6.4423199463e+02 6.4418701172e+02 6.4412597656e+02 6.4408898926e+02 6.4409497070e+02 6.4409899902e+02 6.4412298584e+02 6.4416900635e+02 6.4422900391e+02 6.4428497314e+02 6.4435101318e+02 6.4441802979e+02
6.4332299805e+02 6.4337402344e+02 6.4341998291e+02 6.4350500488e+02 6.4357202148e+02 6.4357397461e+02 6.4357397461e+02 6.4356799316e+02 6.4350402832e+02 6.4353198242e+02 6.4370001221e+02 6.4385498047e+02 6.4387799072e+02 6.4390100098e+02 6.4393798828e+02 6.4394097900e+02 6.4395697021e+02 6.4399597168e+02 6.4402197266e+02 6.4401098633e+02 6.4403900146e+02 6.4405700684e+02 6.4404699707e+02 6.4404602051e+02 6.4404901123e+02 6.4407098389e+02 6.4410900879e+02 6.4413201904e+02 6.4416101074e+02 6.4419000244e+02 6.4420300293e+02 6.4421502686e+02 6.4417999268e+02 6.4414398193e+02 6.4410601807e+02 6.4405297852e+02 6.4402197266e+02 6.4403002930e+02 6.4408197021e+02 6.4412500000e+02 6.4420001221e+02 6.4429302979e+02 6.4437298584e+02 6.4441601563e+02 6.4447198486e+02 6.4451898193e+02
6.4326397705e+02 6.4328698730e+02 6.4329498291e+02 6.4333502197e+02 6.4339501953e+02 6.4343701172e+02 6.4352099609e+02 6.4355700684e+02 6.4350299072e+02 6.4355700684e+02 6.4370697021e+02 6.4382897949e+02 6.4388000488e+02 6.4389801025e+02 6.4390197754e+02 6.4392901611e+02 6.4395300293e+02 6.4396899414e+02 6.4398699951e+02 6.4401098633e+02 6.4403698730e+02 6.4403302002e+02 6.4400402832e+02 6.4398199463e+02 6.4396697998e+02 6.4397100830e+02 6.4400897217e+02 6.4403399658e+02 6.4407299805e+02 6.4410699463e+02 6.4409301758e+02 6.4407598877e+02 6.4404101563e+02 6.4401501465e+02 6.4398498535e+02 6.4399597168e+02 6.4404998779e+02 6.4410302734e+02 6.4416699219e+02 6.4426300049e+02 6.4435900879e+02 6.4443103027e+02 6.4447998047e+02 6.4450799561e+02 6.4454602051e+02 6.4456896973e+02
6.4331201172e+02 6.4332800293e+02 6.4330700684e+02 6.4329797363e+02 6.4330999756e+02 6.4334497070e+02 6.4344201660e+02 6.4351098633e+02 6.4349597168e+02 6.4354797363e+02 6.4366302490e+02 6.4376599121e+02 6.4386199951e+02 6.4387701416e+02 6.4384698486e+02 6.4390399170e+02 6.4395001221e+02 6.4394897461e+02 6.4394702148e+02 6.4399102783e+02 6.4400097656e+02 6.4395397949e+02 6.4392700195e+02 6.4392700195e+02 6.4389898682e+02 6.4386401367e+02 6.4388098145e+02 6.4390197754e+02 6.4392199707e+02 6.4392602539e+02 6.4388397217e+02 6.4388098145e+02 6.4392401123e+02 6.4395898438e+02 6.4396502686e+02 6.4404998779e+02 6.4415997314e+02 6.4422802734e+02 6.4428997803e+02 6.4439599609e+02 6.4445697021e+02 6.4448602295e+02 6.4453399658e+02 6.4454101563e+02 6.4456201172e+02 6.4458001709e+02
6.4337200928e+02 6.4334100342e+02 6.4330902100e+02 6.4331201172e+02 6.4334100342e+02 6.4338201904e+02 6.4337500000e+02 6.4343298340e+02 6.4344299316e+02 6.4346600342e+02 6.4354901123e+02 6.4359002686e+02 6.4368798828e+02 6.4371301270e+02 6.4366101074e+02 6.4374298096e+02 6.4381799316e+02 6.4383197021e+02 6.4382800293e+02 6.4385900879e+02 6.4392498779e+02 6.4384997559e+02 6.4378302002e+02 6.4379199219e+02 6.4378302002e+02 6.4376300049e+02 6.4377197266e+02 6.4375201416e+02 6.4374597168e+02 6.4375500488e+02 6.4380102539e+02 6.4383801270e+02 6.4390197754e+02 6.4396301270e+02 6.4402697754e+02 6.4414398193e+02 6.4424102783e+02 6.4430499268e+02 6.4434802246e+02 6.4442297363e+02 6.4447601318e+02 6.4449798584e+02 6.4453997803e+02 6.4456402588e+02 6.4457501221e+02 6.4459600830e+02
6.4333697510e+02 6.4332202148e+02 6.4335400391e+02 6.4334497070e+02 6.4335198975e+02 6.4339001465e+02 6.4335400391e+02 6.4336798096e+02 6.4336901855e+02 6.4338098145e+02 6.4346801758e+02 6.4345800781e+02 6.4348400879e+02 6.4350000000e+02 6.4348797607e+02 6.4355603027e+02 6.4362701416e+02 6.4365100098e+02 6.4364801025e+02 6.4363702393e+02 6.4371997070e+02 6.4369500732e+02 6.4364501953e+02 6.4363598633e+02 6.4366101074e+02 6.4369000244e+02 6.4372802734e+02 6.4376800537e+02 6.4381298828e+02 6.4382800293e+02 6.4387597656e+02 6.4391802979e+02 6.4397900391e+02 6.4405700684e+02 6.4413702393e+02 6.4424102783e+02 6.4430798340e+02 6.4435998535e+02 6.4439300537e+02 6.4443499756e+02 6.4448199463e+02 6.4450500488e+02 6.4453601074e+02 6.4457098389e+02 6.4458898926e+02 6.4461999512e+02
6.4331402588e+02 6.4330297852e+02 6.4336798096e+02 6.4337500000e+02 6.4335699463e+02 6.4336798096e+02 6.4334100342e+02 6.4334100342e+02 6.4334497070e+02 6.4335400391e+02 6.4342797852e+02 6.4339501953e+02 6.4339801025e+02 6.4342199707e+02 6.4343701172e+02 6.4344500732e+02 6.4348101807e+02 6.4349597168e+02 6.4349597168e+02 6.4347198486e+02 6.4355401611e+02 6.4360900879e+02 6.4362200928e+02 6.4365100098e+02 6.4374200439e+02 6.4381896973e+02 6.4385797119e+02 6.4394000244e+02 6.4400897217e+02 6.4400402832e+02 6.4402001953e+02 6.4405603027e+02 6.4410900879e+02 6.4418499756e+02 6.4425402832e+02 6.4432800293e+02 6.4437402344e+02 6.4441497803e+02 6.4443402100e+02 6.4445898438e+02 6.4449499512e+02 6.4452197266e+02 6.4454901123e+02 6.4458697510e+02 6.4461102295e+02 6.4464501953e+02
6.4333502197e+02 6.4329101563e+02 6.4332598877e+02 6.4336199951e+02 6.4335198975e+02 6.4334497070e+02 6.4331799316e+02 6.4337200928e+02 6.4340399170e+02 6.4340100098e+02 6.4344396973e+02 6.4341497803e+02 6.4339898682e+02 6.4342102051e+02 6.4347698975e+02 6.4345001221e+02 6.4346697998e+02 6.4350402832e+02 6.4352001953e+02 6.4352600098e+02 6.4363397217e+02 6.4374798584e+02 6.4375299072e+02 6.4380499268e+02 6.4393798828e+02 6.4402502441e+02 6.4404302979e+02 6.4406597900e+02 6.4410900879e+02 6.4413201904e+02 6.4417401123e+02 6.4419598389e+02 6.4422601318e+02 6.4428100586e+02 6.4434698486e+02 6.4439300537e+02 6.4443200684e+02 6.4446801758e+02 6.4448400879e+02 6.4450701904e+02 6.4452001953e+02 6.4453601074e+02 6.4455297852e+02 6.4459600830e+02 6.4463800049e+02 6.4467498779e+02
6.4330902100e+02 6.4327197266e+02 6.4330700684e+02 6.4333898926e+02 6.4340100098e+02 6.4344000244e+02 6.4345599365e+02 6.4351202393e+02 6.4350799561e+02 6.4348498535e+02 6.4345501709e+02 6.4340997314e+02 6.4343499756e+02 6.4346398926e+02 6.4351501465e+02 6.4347900391e+02 6.4356701660e+02 6.4365399170e+02 6.4365802002e+02 6.4366998291e+02 6.4377600098e+02 6.4389001465e+02 6.4388500977e+02 6.4392901611e+02 6.4402398682e+02 6.4408502197e+02 6.4411999512e+02 6.4414300537e+02 6.4417297363e+02 6.4421002197e+02 6.4425598145e+02 6.4428198242e+02 6.4430902100e+02 6.4435101318e+02 6.4439898682e+02 6.4443298340e+02 6.4447497559e+02 6.4451202393e+02 6.4453399658e+02 6.4456597900e+02 6.4457800293e+02 6.4459899902e+02 6.4460797119e+02 6.4462902832e+02 6.4467297363e+02 6.4472399902e+02
6.4330700684e+02 6.4325097656e+02 6.4328100586e+02 6.4336297607e+02 6.4347302246e+02 6.4351300049e+02 6.4353497314e+02 6.4361199951e+02 6.4359698486e+02 6.4358001709e+02 6.4352600098e+02 6.4348699951e+02 6.4358697510e+02 6.4365399170e+02 6.4363702393e+02 6.4360400391e+02 6.4370001221e+02 6.4377001953e+02 6.4379302979e+02 6.4383502197e+02 6.4391400146e+02 6.4398101807e+02 6.4399102783e+02 6.4403802490e+02 6.4408300781e+02 6.4412200928e+02 6.4415899658e+02 6.4418902588e+02 6.4421600342e+02 6.4425097656e+02 6.4429602051e+02 6.4433300781e+02 6.4437097168e+02 6.4440698242e+02 6.4444702148e+02 6.4448400879e+02 6.4452197266e+02 6.4456597900e+02 6.4459899902e+02 6.4462799072e+02 6.4464801025e+02 6.4468103027e+02 6.4469500732e+02 6.4470300293e+02 6.4473699951e+02 6.4478997803e+02
6.4332299805e+02 6.4329602051e+02 6.4333898926e+02 6.4342999268e+02 6.4350799561e+02 6.4353997803e+02 6.4359802246e+02 6.4366900635e+02 6.4363598633e+02 6.4363800049e+02 6.4365399170e+02 6.4365100098e+02 6.4373797607e+02 6.4379101563e+02 6.4377502441e+02 6.4379101563e+02 6.4383398438e+02 6.4385699463e+02 6.4389801025e+02 6.4395202637e+02 6.4399902344e+02 6.4404199219e+02 6.4407299805e+02 6.4410400391e+02 6.4412402344e+02 6.4415600586e+02 6.4418701172e+02 6.4421801758e+02 6.4425799561e+02 6.4430200195e+02 6.4434600830e+02 6.4438702393e+02 6.4443499756e+02 6.4447802734e+02 6.4452001953e+02 6.4454998779e+02 6.4458599854e+02 6.4464300537e+02 6.4468499756e+02 6.4470800781e+02 6.4473498535e+02 6.4477001953e+02 6.4480200195e+02 6.4481701660e+02 6.4484100342e+02 6.4489099121e+02
6.4341302490e+02 6.4344000244e+02 6.4348199463e+02 6.4353002930e+02 6.4355401611e+02 6.4358502197e+02 6.4363500977e+02 6.4367602539e+02 6.4366497803e+02 6.4367999268e+02 6.4373400879e+02 6.4376300049e+02 6.4379901123e+02 6.4382202148e+02 6.4384002686e+02 6.4386401367e+02 6.4388800049e+02 6.4391699219e+02 6.4394897461e+02 6.4398400879e+02 6.4401702881e+02 6.4406298828e+02 6.4410998535e+02 6.4413598633e+02 6.4416400146e+02 6.4420501709e+02 6.4426202393e+02 6.4428100586e+02 6.4432098389e+02 6.4438098145e+02 6.4442297363e+02 6.4446002197e+02 6.4449798584e+02 6.4454199219e+02 6.4458398438e+02 6.4461999512e+02 6.4466802979e+02 6.4473101807e+02 6.4477899170e+02 6.4482299805e+02 6.4484698486e+02 6.4486999512e+02 6.4489801025e+02 6.4494396973e+02 6.4496697998e+02 6.4500701904e+02
6.4353997803e+02 6.4355700684e+02 6.4356402588e+02 6.4356402588e+02 6.4358801270e+02 6.4362500000e+02 6.4364300537e+02 6.4368200684e+02 6.4372100830e+02 6.4375097656e+02 6.4378802490e+02 6.4381097412e+02 6.4384301758e+02 6.4386401367e+02 6.4387200928e+02 6.4389898682e+02 6.4393103027e+02 6.4397399902e+02 6.4400000000e+02 6.4403302002e+02 6.4406298828e+02 6.4410101318e+02 6.4414898682e+02 6.4418701172e+02 6.4422802734e+02 6.4426599121e+02 6.4430401611e+02 6.4431097412e+02 6.4435498047e+02 6.4442297363e+02 6.4446697998e+02 6.4451000977e+02 6.4455902100e+02 6.4461798096e+02 6.4467700195e+02 6.4472100830e+02 6.4477001953e+02 6.4482897949e+02 6.4487902832e+02 6.4492401123e+02 6.4495697021e+02 6.4498901367e+02 6.4501000977e+02 6.4503802490e+02 6.4505902100e+02 6.4509802246e+02
6.4363500977e+02 6.4362799072e+02 6.4362298584e+02 6.4360900879e+02 6.4363098145e+02 6.4366802979e+02 6.4367797852e+02 6.4371197510e+02 6.4375500488e+02 6.4378601074e+02 6.4381097412e+02 6.4382800293e+02 6.4386401367e+02 6.4388800049e+02 6.4390698242e+02 6.4395098877e+02 6.4398199463e+02 6.4402001953e+02 6.4404602051e+02 6.4407702637e+02 6.4411102295e+02 6.4415197754e+02 6.4420001221e+02 6.4423999023e+02 6.4428497314e+02 6.4432397461e+02 6.4435601807e+02 6.4437200928e+02 6.4441900635e+02 6.4447998047e+02 6.4452398682e+02 6.4457299805e+02 6.4463098145e+02 6.4470098877e+02 6.4476800537e+02 6.4482202148e+02 6.4487097168e+02 6.4492401123e+02 6.4496801758e+02 6.4500897217e+02 6.4504699707e+02 6.4508398438e+02 6.4510797119e+02 6.4513000488e+02 6.4515301514e+02 6.4519201660e+02
6.4371398926e+02 6.4368701172e+02 6.4369097900e+02 6.4367498779e+02 6.4368798828e+02 6.4371801758e+02 6.4373199463e+02 6.4375402832e+02 6.4378002930e+02 6.4381097412e+02 6.4384497070e+02 6.4386297607e+02 6.4389898682e+02 6.4392602539e+02 6.4396197510e+02 6.4400201416e+02 6.4403497314e+02 6.4407800293e+02 6.4410998535e+02 6.4412402344e+02 6.4416400146e+02 6.4421697998e+02 6.4426599121e+02 6.4430902100e+02 6.4435498047e+02 6.4440197754e+02 6.4443701172e+02 6.4446301270e+02 6.4451000977e+02 6.4456402588e+02 6.4460797119e+02 6.4465502930e+02 6.4471600342e+02 6.4478399658e+02 6.4484600830e+02 6.4490197754e+02 6.4495300293e+02 6.4500299072e+02 6.4504602051e+02 6.4508001709e+02 6.4511602783e+02 6.4515600586e+02 6.4518298340e+02 6.4521398926e+02 6.4524298096e+02 6.4528198242e+02
