TESTSERVER/23/12.asc
NCOLS 100
NROWS 100
XLLCORNER 8.6497500000e+03
YLLCORNER 2.8935025000e+05
CELLSIZE 5.0000000000e-01
NODATA_VALUE -9.9990000000e+03
[rows 20 to 39 of 100, columns 46 to 91 of 100]
6.4463098145e+02 6.4464599609e+02 6.4467797852e+02 6.4469000244e+02 6.4469000244e+02 6.4471502686e+02 6.4472302246e+02 6.4471899414e+02 6.4472900391e+02 6.4475598145e+02 6.4479199219e+02 6.4483300781e+02 6.4487799072e+02 6.4490002441e+02 6.4493701172e+02 6.4496697998e+02 6.4497802734e+02 6.4500799561e+02 6.4504699707e+02 6.4509197998e+02 6.4515301514e+02 6.4519299316e+02 6.4524499512e+02 6.4530700684e+02 6.4534197998e+02 6.4541198730e+02 6.4550598145e+02 6.4561401367e+02 6.4569396973e+02 6.4575097656e+02 6.4578900146e+02 6.4582397461e+02 6.4583197021e+02 6.4587701416e+02 6.4592297363e+02 6.4592999268e+02 6.4593499756e+02 6.4595697021e+02 6.4598498535e+02 6.4600799561e+02 6.4603997803e+02 6.4608099365e+02 6.4611102295e+02 6.4615600586e+02 6.4620800781e+02 6.4623297119e+02
6.4461602783e+02 6.4462701416e+02 6.4464801025e+02 6.4465502930e+02 6.4464697266e+02 6.4466900635e+02 6.4469897461e+02 6.4470697021e+02 6.4469897461e+02 6.4471502686e+02 6.4475201416e+02 6.4479400635e+02 6.4482501221e+02 6.4483599854e+02 6.4486499023e+02 6.4489398193e+02 6.4493103027e+02 6.4495800781e+02 6.4498999023e+02 6.4503100586e+02 6.4508001709e+02 6.4511499023e+02 6.4516802979e+02 6.4521600342e+02 6.4525701904e+02 6.4531701660e+02 6.4538702393e+02 6.4548400879e+02 6.4557598877e+02 6.4563800049e+02 6.4569097900e+02 6.4574200439e+02 6.4577099609e+02 6.4581097412e+02 6.4584802246e+02 6.4586199951e+02 6.4587597656e+02 6.4588897705e+02 6.4592199707e+02 6.4594799805e+02 6.4598199463e+02 6.4602001953e+02 6.4604498291e+02 6.4608197021e+02 6.4612597656e+02 6.4616101074e+02
6.4460101318e+02 6.4460198975e+02 6.4461199951e+02 6.4461401367e+02 6.4461901855e+02 6.4464300537e+02 6.4467199707e+02 6.4468499756e+02 6.4468701172e+02 6.4470697021e+02 6.4473400879e+02 6.4476202393e+02 6.4478997803e+02 6.4481402588e+02 6.4483197021e+02 6.4484997559e+02 6.4488702393e+02 6.4492797852e+02 6.4497399902e+02 6.4501202393e+02 6.4502099609e+02 6.4505200195e+02 6.4509997559e+02 6.4514398193e+02 6.4520202637e+02 6.4526800537e+02 6.4532598877e+02 6.4541400146e+02 6.4550299072e+02 6.4557098389e+02 6.4562597656e+02 6.4567700195e+02 6.4571600342e+02 6.4575701904e+02 6.4578601074e+02 6.4579699707e+02 6.4582397461e+02 6.4583898926e+02 6.4586798096e+02 6.4589398193e+02 6.4592901611e+02 6.4595898438e+02 6.4598101807e+02 6.4602001953e+02 6.4606500244e+02 6.4610998535e+02
6.4458099365e+02 6.4458099365e+02 6.4459002686e+02 6.4459600830e+02 6.4461199951e+02 6.4462799072e+02 6.4464300537e+02 6.4465802002e+02 6.4467700195e+02 6.4470397949e+02 6.4472698975e+02 6.4474298096e+02 6.4476202393e+02 6.4479199219e+02 6.4481597900e+02 6.4483599854e+02 6.4484802246e+02 6.4487902832e+02 6.4492999268e+02 6.4496697998e+02 6.4496301270e+02 6.4498498535e+02 6.4503601074e+02 6.4509301758e+02 6.4515399170e+02 6.4521997070e+02 6.4528302002e+02 6.4536999512e+02 6.4545202637e+02 6.4552502441e+02 6.4558197021e+02 6.4563800049e+02 6.4567999268e+02 6.4571697998e+02 6.4573699951e+02 6.4574798584e+02 6.4577801514e+02 6.4579400635e+02 6.4581597900e+02 6.4583697510e+02 6.4586901855e+02 6.4589801025e+02 6.4592199707e+02 6.4596502686e+02 6.4601000977e+02 6.4607000732e+02
6.4455798340e+02 6.4456799316e+02 6.4458398438e+02 6.4459002686e+02 6.4459497070e+02 6.4460797119e+02 6.4461999512e+02 6.4463702393e+02 6.4464599609e+02 6.4468902588e+02 6.4471197510e+02 6.4472497559e+02 6.4474902344e+02 6.4476202393e+02 6.4479602051e+02 6.4483099365e+02 6.4484002686e+02 6.4485601807e+02 6.4490600586e+02 6.4494396973e+02 6.4496801758e+02 6.4497900391e+02 6.4501300049e+02 6.4505499268e+02 6.4510498047e+02 6.4517602539e+02 6.4525097656e+02 6.4533697510e+02 6.4541497803e+02 6.4548101807e+02 6.4554400635e+02 6.4560699463e+02 6.4565100098e+02 6.4568103027e+02 6.4568798828e+02 6.4570001221e+02 6.4571697998e+02 6.4573901367e+02 6.4575799561e+02 6.4577301025e+02 6.4579797363e+02 6.4584399414e+02 6.4588000488e+02 6.4592199707e+02 6.4596197510e+02 6.4602502441e+02
6.4455700684e+02 6.4456701660e+02 6.4458300781e+02 6.4458697510e+02 6.4458697510e+02 6.4460101318e+02 6.4462402344e+02 6.4465399170e+02 6.4465600586e+02 6.4467901611e+02 6.4469396973e+02 6.4471002197e+02 6.4473901367e+02 6.4475402832e+02 6.4477801514e+02 6.4481298828e+02 6.4482598877e+02 6.4485302734e+02 6.4488897705e+02 6.4490997314e+02 6.4494500732e+02 6.4497601318e+02 6.4500000000e+02 6.4503100586e+02 6.4509197998e+02 6.4518402100e+02 6.4526898193e+02 6.4534100342e+02 6.4540002441e+02 6.4546197510e+02 6.4552899170e+02 6.4559100342e+02 6.4563800049e+02 6.4566497803e+02 6.4566699219e+02 6.4566497803e+02 6.4568597412e+02 6.4569598389e+02 6.4570697021e+02 6.4572601318e+02 6.4575299072e+02 6.4579199219e+02 6.4583001709e+02 6.4586401367e+02 6.4590600586e+02 6.4597802734e+02
6.4455499268e+02 6.4455999756e+02 6.4457098389e+02 6.4457702637e+02 6.4458398438e+02 6.4459802246e+02 6.4461499023e+02 6.4464501953e+02 6.4464398193e+02 6.4465899658e+02 6.4468200684e+02 6.4470300293e+02 6.4472802734e+02 6.4474798584e+02 6.4476702881e+02 6.4479302979e+02 6.4481597900e+02 6.4484997559e+02 6.4487701416e+02 6.4489398193e+02 6.4492401123e+02 6.4494897461e+02 6.4498999023e+02 6.4503802490e+02 6.4511199951e+02 6.4523400879e+02 6.4533599854e+02 6.4538397217e+02 6.4541400146e+02 6.4546398926e+02 6.4552801514e+02 6.4559802246e+02 6.4564801025e+02 6.4565399170e+02 6.4565399170e+02 6.4565301514e+02 6.4567297363e+02 6.4567700195e+02 6.4567797852e+02 6.4569097900e+02 6.4571600342e+02 6.4574798584e+02 6.4578198242e+02 6.4582098389e+02 6.4586700439e+02 6.4593902588e+02
6.4453399658e+02 6.4454699707e+02 6.4455999756e+02 6.4456597900e+02 6.4458001709e+02 6.4459197998e+02 6.4460498047e+02 6.4462799072e+02 6.4462402344e+02 6.4464099121e+02 6.4467297363e+02 6.4470001221e+02 6.4471899414e+02 6.4473400879e+02 6.4475201416e+02 6.4477801514e+02 6.4480200195e+02 6.4484497070e+02 6.4487597656e+02 6.4489300537e+02 6.4492498779e+02 6.4494598389e+02 6.4499102783e+02 6.4505499268e+02 6.4514300537e+02 6.4528399658e+02 6.4539599609e+02 6.4543298340e+02 6.4545202637e+02 6.4548797607e+02 6.4553802490e+02 6.4560400391e+02 6.4565100098e+02 6.4565399170e+02 6.4565100098e+02 6.4564898682e+02 6.4566699219e+02 6.4568298340e+02 6.4567999268e+02 6.4567901611e+02 6.4569097900e+02 6.4571697998e+02 6.4575097656e+02 6.4579699707e+02 6.4584197998e+02 6.4590997314e+02
6.4451397705e+02 6.4453100586e+02 6.4454498291e+02 6.4456201172e+02 6.4458001709e+02 6.4458398438e+02 6.4460198975e+02 6.4462799072e+02 6.4463201904e+02 6.4465002441e+02 6.4467700195e+02 6.4469897461e+02 6.4470397949e+02 6.4471697998e+02 6.4474499512e+02 6.4477502441e+02 6.4479602051e+02 6.4483300781e+02 6.4487597656e+02 6.4489599609e+02 6.4492102051e+02 6.4494500732e+02 6.4498101807e+02 6.4504998779e+02 6.4516302490e+02 6.4531799316e+02 6.4543103027e+02 6.4547302246e+02 6.4548297119e+02 6.4551501465e+02 6.4555798340e+02 6.4560699463e+02 6.4563702393e+02 6.4565802002e+02 6.4565100098e+02 6.4564398193e+02 6.4566400146e+02 6.4568298340e+02 6.4568103027e+02 6.4567602539e+02 6.4568298340e+02 6.4570098877e+02 6.4572998047e+02 6.4577502441e+02 6.4583300781e+02 6.4589697266e+02
6.4450402832e+02 6.4453002930e+02 6.4454998779e+02 6.4457397461e+02 6.4459497070e+02 6.4460101318e+02 6.4460498047e+02 6.4461999512e+02 6.4463397217e+02 6.4464300537e+02 6.4466497803e+02 6.4469500732e+02 6.4471197510e+02 6.4472497559e+02 6.4475000000e+02 6.4478002930e+02 6.4480499268e+02 6.4483300781e+02 6.4486901855e+02 6.4489300537e+02 6.4491101074e+02 6.4492999268e+02 6.4497497559e+02 6.4506896973e+02 6.4519897461e+02 6.4535699463e+02 6.4545800781e+02 6.4549200439e+02 6.4550701904e+02 6.4554400635e+02 6.4559100342e+02 6.4563201904e+02 6.4565197754e+02 6.4565002441e+02 6.4563702393e+02 6.4564099121e+02 6.4566699219e+02 6.4567797852e+02 6.4567401123e+02 6.4567401123e+02 6.4568597412e+02 6.4568701172e+02 6.4570599365e+02 6.4575299072e+02 6.4581402588e+02 6.4588098145e+02
6.4450701904e+02 6.4453002930e+02 6.4455102539e+02 6.4457299805e+02 6.4458898926e+02 6.4460699463e+02 6.4460601807e+02 6.4460601807e+02 6.4462597656e+02 6.4463598633e+02 6.4465100098e+02 6.4468200684e+02 6.4470697021e+02 6.4471997070e+02 6.4473400879e+02 6.4476202393e+02 6.4479797363e+02 6.4482397461e+02 6.4485498047e+02 6.4488299561e+02 6.4490698242e+02 6.4492999268e+02 6.4499597168e+02 6.4511901855e+02 6.4525799561e+02 6.4540399170e+02 6.4548999023e+02 6.4552001953e+02 6.4554699707e+02 6.4558099365e+02 6.4561499023e+02 6.4564398193e+02 6.4565997314e+02 6.4565197754e+02 6.4564398193e+02 6.4565301514e+02 6.4567498779e+02 6.4568798828e+02 6.4567498779e+02 6.4566802979e+02 6.4568597412e+02 6.4568902588e+02 6.4570300293e+02 6.4573999023e+02 6.4578997803e+02 6.4585400391e+02
6.4452697754e+02 6.4452398682e+02 6.4453900146e+02 6.4456402588e+02 6.4457397461e+02 6.4459197998e+02 6.4459899902e+02 6.4460601807e+02 6.4462097168e+02 6.4464202881e+02 6.4465399170e+02 6.4467498779e+02 6.4469500732e+02 6.4470501709e+02 6.4471301270e+02 6.4474499512e+02 6.4479400635e+02 6.4482299805e+02 6.4485198975e+02 6.4488299561e+02 6.4490600586e+02 6.4493597412e+02 6.4502398682e+02 6.4517401123e+02 6.4532897949e+02 6.4546997070e+02 6.4554797363e+02 6.4557702637e+02 6.4560101318e+02 6.4562097168e+02 6.4563201904e+02 6.4564697266e+02 6.4565997314e+02 6.4565600586e+02 6.4565100098e+02 6.4565802002e+02 6.4566998291e+02 6.4568103027e+02 6.4566699219e+02 6.4565802002e+02 6.4566497803e+02 6.4567700195e+02 6.4570300293e+02 6.4573999023e+02 6.4577801514e+02 6.4581896973e+02
6.4451702881e+02 6.4450799561e+02 6.4452197266e+02 6.4455603027e+02 6.4457397461e+02 6.4458300781e+02 6.4459600830e+02 6.4461700439e+02 6.4463000488e+02 6.4464398193e+02 6.4465899658e+02 6.4467401123e+02 6.4469097900e+02 6.4471801758e+02 6.4472998047e+02 6.4476397705e+02 6.4480902100e+02 6.4483599854e+02 6.4487097168e+02 6.4489697266e+02 6.4491400146e+02 6.4495697021e+02 6.4505999756e+02 6.4522900391e+02 6.4540399170e+02 6.4552600098e+02 6.4559301758e+02 6.4562200928e+02 6.4563000488e+02 6.4564898682e+02 6.4565399170e+02 6.4565899658e+02 6.4566601563e+02 6.4565502930e+02 6.4565600586e+02 6.4566497803e+02 6.4566198730e+02 6.4565997314e+02 6.4565301514e+02 6.4564599609e+02 6.4565100098e+02 6.4565899658e+02 6.4569299316e+02 6.4574401855e+02 6.4579101563e+02 6.4579400635e+02
6.4451300049e+02 6.4452197266e+02 6.4452398682e+02 6.4454998779e+02 6.4457397461e+02 6.4458197021e+02 6.4459100342e+02 6.4460699463e+02 6.4461901855e+02 6.4463098145e+02 6.4464599609e+02 6.4467199707e+02 6.4469702148e+02 6.4471899414e+02 6.4474200439e+02 6.4478302002e+02 6.4481500244e+02 6.4482702637e+02 6.4484100342e+02 6.4484698486e+02 6.4488598633e+02 6.4495898438e+02 6.4510302734e+02 6.4531298828e+02 6.4548602295e+02 6.4558502197e+02 6.4562200928e+02 6.4564801025e+02 6.4566198730e+02 6.4567901611e+02 6.4567797852e+02 6.4567401123e+02 6.4567102051e+02 6.4566497803e+02 6.4567901611e+02 6.4568902588e+02 6.4566998291e+02 6.4565899658e+02 6.4565600586e+02 6.4564697266e+02 6.4564697266e+02 6.4566497803e+02 6.4568499756e+02 6.4572399902e+02 6.4577801514e+02 6.4575402832e+02
6.4451599121e+02 6.4452502441e+02 6.4452697754e+02 6.4455297852e+02 6.4457501221e+02 6.4456896973e+02 6.4457501221e+02 6.4459698486e+02 6.4461199951e+02 6.4463500977e+02 6.4465997314e+02 6.4468298340e+02 6.4470599365e+02 6.4472601318e+02 6.4475097656e+02 6.4478497314e+02 6.4479998779e+02 6.4480499268e+02 6.4481298828e+02 6.4482702637e+02 6.4489398193e+02 6.4499499512e+02 6.4517401123e+02 6.4538098145e+02 6.4551702881e+02 6.4560101318e+02 6.4563397217e+02 6.4566497803e+02 6.4569000244e+02 6.4569897461e+02 6.4569097900e+02 6.4568402100e+02 6.4567199707e+02 6.4567797852e+02 6.4568798828e+02 6.4569201660e+02 6.4567602539e+02 6.4567297363e+02 6.4568200684e+02 6.4567498779e+02 6.4566699219e+02 6.4568701172e+02 6.4569598389e+02 6.4571502686e+02 6.4575097656e+02 6.4566302490e+02
6.4450799561e+02 6.4450402832e+02 6.4451397705e+02 6.4454699707e+02 6.4457397461e+02 6.4457800293e+02 6.4459002686e+02 6.4460900879e+02 6.4460998535e+02 6.4463299561e+02 6.4466400146e+02 6.4468298340e+02 6.4469299316e+02 6.4471801758e+02 6.4473999023e+02 6.4477099609e+02 6.4478100586e+02 6.4476599121e+02 6.4477899170e+02 6.4482501221e+02 6.4492602539e+02 6.4506799316e+02 6.4525097656e+02 6.4541302490e+02 6.4550799561e+02 6.4557397461e+02 6.4560699463e+02 6.4565002441e+02 6.4569201660e+02 6.4569500732e+02 6.4568103027e+02 6.4567602539e+02 6.4566101074e+02 6.4566998291e+02 6.4566900635e+02 6.4567102051e+02 6.4567797852e+02 6.4568597412e+02 6.4570300293e+02 6.4570397949e+02 6.4569799805e+02 6.4571801758e+02 6.4571801758e+02 6.4571697998e+02 6.4572198486e+02 6.4563201904e+02
6.4448901367e+02 6.4449597168e+02 6.4451599121e+02 6.4454797363e+02 6.4457202148e+02 6.4459002686e+02 6.4460400391e+02 6.4460900879e+02 6.4460601807e+02 6.4461901855e+02 6.4464099121e+02 6.4465997314e+02 6.4465899658e+02 6.4466101074e+02 6.4468298340e+02 6.4472802734e+02 6.4477600098e+02 6.4472601318e+02 6.4472601318e+02 6.4480499268e+02 6.4492102051e+02 6.4509997559e+02 6.4530999756e+02 6.4546398926e+02 6.4555700684e+02 6.4556896973e+02 6.4559600830e+02 6.4564599609e+02 6.4569598389e+02 6.4570300293e+02 6.4569299316e+02 6.4568402100e+02 6.4566601563e+02 6.4567401123e+02 6.4566101074e+02 6.4565002441e+02 6.4566497803e+02 6.4567901611e+02 6.4569500732e+02 6.4571002197e+02 6.4572302246e+02 6.4574597168e+02 6.4574902344e+02 6.4575299072e+02 6.4575402832e+02 6.4561499023e+02
6.4448400879e+02 6.4448400879e+02 6.4449298096e+02 6.4453100586e+02 6.4457397461e+02 6.4458197021e+02 6.4456896973e+02 6.4457598877e+02 6.4456896973e+02 6.4454998779e+02 6.4453497314e+02 6.4454101563e+02 6.4461297607e+02 6.4464801025e+02 6.4467102051e+02 6.4472698975e+02 6.4478198242e+02 6.4478198242e+02 6.4483398438e+02 6.4492999268e+02 6.4505798340e+02 6.4523400879e+02 6.4543200684e+02 6.4557397461e+02 6.4564099121e+02 6.4564398193e+02 6.4565802002e+02 6.4568499756e+02 6.4571099854e+02 6.4572802734e+02 6.4572399902e+02 6.4571301270e+02 6.4570202637e+02 6.4570001221e+02 6.4568597412e+02 6.4567297363e+02 6.4566699219e+02 6.4567700195e+02 6.4570300293e+02 6.4573199463e+02 6.4572998047e+02 6.4574798584e+02 6.4577001953e+02 6.4577801514e+02 6.4572802734e+02 6.4557501221e+02
6.4447900391e+02 6.4448297119e+02 6.4449700928e+02 6.4452697754e+02 6.4455401611e+02 6.4452398682e+02 6.4447100830e+02 6.4447399902e+02 6.4447100830e+02 6.4443597412e+02 6.4442199707e+02 6.4447497559e+02 6.4460302734e+02 6.4466802979e+02 6.4473999023e+02 6.4481097412e+02 6.4484899902e+02 6.4489001465e+02 6.4496899414e+02 6.4506896973e+02 6.4519598389e+02 6.4537402344e+02 6.4553698730e+02 6.4563702393e+02 6.4569097900e+02 6.4569799805e+02 6.4570599365e+02 6.4571899414e+02 6.4571801758e+02 6.4572698975e+02 6.4573400879e+02 6.4572601318e+02 6.4572198486e+02 6.4571697998e+02 6.4571099854e+02 6.4570800781e+02 6.4569799805e+02 6.4569000244e+02 6.4569702148e+02 6.4571899414e+02 6.4572198486e+02 6.4573999023e+02 6.4575598145e+02 6.4571899414e+02 6.4561901855e+02 6.4551300049e+02
6.4445599365e+02 6.4446301270e+02 6.4448297119e+02 6.4448400879e+02 6.4446398926e+02 6.4442401123e+02 6.4437298584e+02 6.4437799072e+02 6.4439801025e+02 6.4444097900e+02 6.4450500488e+02 6.4459899902e+02 6.4469097900e+02 6.4476501465e+02 6.4485101318e+02 6.4490197754e+02 6.4491998291e+02 6.4495800781e+02 6.4501800537e+02 6.4512402344e+02 6.4528497314e+02 6.4547100830e+02 6.4560998535e+02 6.4567498779e+02 6.4570599365e+02 6.4571099854e+02 6.4572302246e+02 6.4573199463e+02 6.4572601318e+02 6.4573297119e+02 6.4574200439e+02 6.4572998047e+02 6.4572998047e+02 6.4571997070e+02 6.4571997070e+02 6.4572399902e+02 6.4571600342e+02 6.4570001221e+02 6.4569598389e+02 6.4571197510e+02 6.4572900391e+02 6.4575299072e+02 6.4577197266e+02 6.4572802734e+02 6.4558599854e+02 6.4550897217e+02
