TESTSERVER/23/12.asc
NCOLS 100
NROWS 100
XLLCORNER 8.6497500000e+03
YLLCORNER 2.8935025000e+05
CELLSIZE 5.0000000000e-01
NODATA_VALUE -9.9990000000e+03
[rows 60 to 79 of 100, columns 0 to 45 of 100]
6.4379302979e+02 6.4376000977e+02 6.4378302002e+02 6.4375701904e+02 6.4375500488e+02 6.4376898193e+02 6.4377301025e+02 6.4379797363e+02 6.4381799316e+02 6.4384997559e+02 6.4388702393e+02 6.4392700195e+02 6.4397497559e+02 6.4401300049e+02 6.4404498291e+02 6.4406500244e+02 6.4409100342e+02 6.4414099121e+02 6.4419598389e+02 6.4419897461e+02 6.4424401855e+02 6.4429998779e+02 6.4434497070e+02 6.4439501953e+02 6.4444000244e+02 6.4448498535e+02 6.4451898193e+02 6.4455499268e+02 6.4459698486e+02 6.4465197754e+02 6.4471197510e+02 6.4475201416e+02 6.4481298828e+02 6.4487200928e+02 6.4492401123e+02 6.4497399902e+02 6.4502600098e+02 6.4507000732e+02 6.4511999512e+02 6.4515197754e+02 6.4518701172e+02 6.4523101807e+02 6.4526000977e+02 6.4529199219e+02 6.4532501221e+02 6.4536602783e+02
6.4387500000e+02 6.4384100342e+02 6.4384399414e+02 6.4382800293e+02 6.4382702637e+02 6.4382800293e+02 6.4382299805e+02 6.4384197998e+02 6.4388500977e+02 6.4391998291e+02 6.4396502686e+02 6.4401501465e+02 6.4406500244e+02 6.4410302734e+02 6.4411901855e+02 6.4415698242e+02 6.4419201660e+02 6.4422698975e+02 6.4427301025e+02 6.4428601074e+02 6.4432897949e+02 6.4436901855e+02 6.4440997314e+02 6.4446002197e+02 6.4449902344e+02 6.4454498291e+02 6.4458197021e+02 6.4462500000e+02 6.4466802979e+02 6.4472601318e+02 6.4478698730e+02 6.4483697510e+02 6.4489300537e+02 6.4494500732e+02 6.4498797607e+02 6.4503698730e+02 6.4508898926e+02 6.4513098145e+02 6.4518402100e+02 6.4521197510e+02 6.4524200439e+02 6.4529101563e+02 6.4532397461e+02 6.4536199951e+02 6.4539697266e+02 6.4544097900e+02
6.4395501709e+02 6.4392602539e+02 6.4391601563e+02 6.4391198730e+02 6.4390197754e+02 6.4388897705e+02 6.4387500000e+02 6.4388800049e+02 6.4393701172e+02 6.4397900391e+02 6.4402301025e+02 6.4407299805e+02 6.4411700439e+02 6.4415197754e+02 6.4417401123e+02 6.4421502686e+02 6.4424700928e+02 6.4427801514e+02 6.4431298828e+02 6.4433801270e+02 6.4438000488e+02 6.4441802979e+02 6.4446099854e+02 6.4450799561e+02 6.4454699707e+02 6.4459802246e+02 6.4464202881e+02 6.4469201660e+02 6.4474499512e+02 6.4480499268e+02 6.4485699463e+02 6.4490002441e+02 6.4494897461e+02 6.4499902344e+02 6.4504199219e+02 6.4509301758e+02 6.4514398193e+02 6.4518499756e+02 6.4522998047e+02 6.4525897217e+02 6.4529199219e+02 6.4533898926e+02 6.4537298584e+02 6.4541400146e+02 6.4544598389e+02 6.4549200439e+02
6.4403497314e+02 6.4401898193e+02 6.4400598145e+02 6.4400402832e+02 6.4398297119e+02 6.4396002197e+02 6.4393298340e+02 6.4393701172e+02 6.4397900391e+02 6.4402001953e+02 6.4405603027e+02 6.4410101318e+02 6.4413800049e+02 6.4417199707e+02 6.4420300293e+02 6.4424200439e+02 6.4427502441e+02 6.4430700684e+02 6.4434301758e+02 6.4437799072e+02 6.4441601563e+02 6.4445599365e+02 6.4450402832e+02 6.4455603027e+02 6.4459197998e+02 6.4464202881e+02 6.4470202637e+02 6.4475402832e+02 6.4480999756e+02 6.4487097168e+02 6.4491998291e+02 6.4495599365e+02 6.4499902344e+02 6.4504797363e+02 6.4509197998e+02 6.4514202881e+02 6.4518902588e+02 6.4522399902e+02 6.4526000977e+02 6.4530297852e+02 6.4534698486e+02 6.4539001465e+02 6.4542700195e+02 6.4547399902e+02 6.4550402832e+02 6.4554699707e+02
6.4409802246e+02 6.4409698486e+02 6.4408001709e+02 6.4406799316e+02 6.4404699707e+02 6.4403198242e+02 6.4401397705e+02 6.4398602295e+02 6.4400897217e+02 6.4404199219e+02 6.4408398438e+02 6.4413299561e+02 6.4417199707e+02 6.4420898438e+02 6.4424298096e+02 6.4427197266e+02 6.4430603027e+02 6.4433502197e+02 6.4436999512e+02 6.4441198730e+02 6.4444799805e+02 6.4448699951e+02 6.4453900146e+02 6.4459600830e+02 6.4462799072e+02 6.4466900635e+02 6.4473101807e+02 6.4478900146e+02 6.4484497070e+02 6.4490698242e+02 6.4495898438e+02 6.4500701904e+02 6.4504699707e+02 6.4509100342e+02 6.4513397217e+02 6.4517297363e+02 6.4521600342e+02 6.4525097656e+02 6.4530499268e+02 6.4534698486e+02 6.4539202881e+02 6.4543701172e+02 6.4549597168e+02 6.4553601074e+02 6.4557000732e+02 6.4561602783e+02
6.4415600586e+02 6.4415698242e+02 6.4414801025e+02 6.4414001465e+02 6.4411499023e+02 6.4408898926e+02 6.4406097412e+02 6.4403100586e+02 6.4402600098e+02 6.4403900146e+02 6.4409100342e+02 6.4415002441e+02 6.4419396973e+02 6.4424102783e+02 6.4428997803e+02 6.4432299805e+02 6.4434997559e+02 6.4437298584e+02 6.4441101074e+02 6.4444000244e+02 6.4447601318e+02 6.4451599121e+02 6.4456500244e+02 6.4461798096e+02 6.4466400146e+02 6.4471002197e+02 6.4476898193e+02 6.4481896973e+02 6.4488000488e+02 6.4494201660e+02 6.4499298096e+02 6.4505603027e+02 6.4509301758e+02 6.4512799072e+02 6.4516998291e+02 6.4521002197e+02 6.4524700928e+02 6.4528100586e+02 6.4534399414e+02 6.4539001465e+02 6.4543701172e+02 6.4548602295e+02 6.4552398682e+02 6.4555999756e+02 6.4560198975e+02 6.4566198730e+02
6.4422302246e+02 6.4421801758e+02 6.4421301270e+02 6.4421197510e+02 6.4418798828e+02 6.4415399170e+02 6.4411199951e+02 6.4407702637e+02 6.4405401611e+02 6.4404797363e+02 6.4409301758e+02 6.4415600586e+02 6.4420300293e+02 6.4425201416e+02 6.4430603027e+02 6.4434698486e+02 6.4438299561e+02 6.4441601563e+02 6.4445599365e+02 6.4447698975e+02 6.4450897217e+02 6.4454602051e+02 6.4458898926e+02 6.4464398193e+02 6.4469598389e+02 6.4473999023e+02 6.4479901123e+02 6.4485601807e+02 6.4491198730e+02 6.4496801758e+02 6.4502899170e+02 6.4509002686e+02 6.4513000488e+02 6.4516900635e+02 6.4521099854e+02 6.4525201416e+02 6.4528497314e+02 6.4531500244e+02 6.4535998535e+02 6.4540997314e+02 6.4546197510e+02 6.4551397705e+02 6.4554699707e+02 6.4559399414e+02 6.4564300537e+02 6.4570202637e+02
6.4428302002e+02 6.4426898193e+02 6.4427502441e+02 6.4427001953e+02 6.4424102783e+02 6.4420300293e+02 6.4416302490e+02 6.4413397217e+02 6.4410797119e+02 6.4408801270e+02 6.4410998535e+02 6.4416802979e+02 6.4420599365e+02 6.4425097656e+02 6.4430499268e+02 6.4435601807e+02 6.4440100098e+02 6.4444097900e+02 6.4447900391e+02 6.4450097656e+02 6.4453399658e+02 6.4457202148e+02 6.4461199951e+02 6.4465899658e+02 6.4470800781e+02 6.4475097656e+02 6.4481597900e+02 6.4488702393e+02 6.4494500732e+02 6.4499401855e+02 6.4505999756e+02 6.4510900879e+02 6.4515399170e+02 6.4520501709e+02 6.4524298096e+02 6.4528900146e+02 6.4532598877e+02 6.4535498047e+02 6.4539099121e+02 6.4544000244e+02 6.4548999023e+02 6.4554302979e+02 6.4558398438e+02 6.4563897705e+02 6.4568499756e+02 6.4573602295e+02
6.4434301758e+02 6.4432397461e+02 6.4433801270e+02 6.4429699707e+02 6.4426501465e+02 6.4423999023e+02 6.4422100830e+02 6.4419702148e+02 6.4417102051e+02 6.4414001465e+02 6.4413397217e+02 6.4417797852e+02 6.4421697998e+02 6.4425701904e+02 6.4430700684e+02 6.4437097168e+02 6.4442199707e+02 6.4445800781e+02 6.4449401855e+02 6.4452502441e+02 6.4456799316e+02 6.4461102295e+02 6.4464697266e+02 6.4469097900e+02 6.4473797607e+02 6.4478302002e+02 6.4485101318e+02 6.4492199707e+02 6.4498297119e+02 6.4503198242e+02 6.4508099365e+02 6.4513299561e+02 6.4518499756e+02 6.4524102783e+02 6.4528802490e+02 6.4532702637e+02 6.4536499023e+02 6.4540002441e+02 6.4544598389e+02 6.4548498535e+02 6.4552697754e+02 6.4557397461e+02 6.4561199951e+02 6.4566802979e+02 6.4571301270e+02 6.4576599121e+02
6.4441101074e+02 6.4439001465e+02 6.4438500977e+02 6.4435101318e+02 6.4432299805e+02 6.4429101563e+02 6.4427502441e+02 6.4425201416e+02 6.4422497559e+02 6.4419396973e+02 6.4417999268e+02 6.4419396973e+02 6.4423699951e+02 6.4428198242e+02 6.4432098389e+02 6.4438598633e+02 6.4444799805e+02 6.4448999023e+02 6.4453100586e+02 6.4457000732e+02 6.4461700439e+02 6.4465002441e+02 6.4467797852e+02 6.4473297119e+02 6.4478698730e+02 6.4483300781e+02 6.4490002441e+02 6.4496697998e+02 6.4502899170e+02 6.4508197021e+02 6.4513500977e+02 6.4518298340e+02 6.4522497559e+02 6.4527801514e+02 6.4532397461e+02 6.4536602783e+02 6.4540600586e+02 6.4543798828e+02 6.4548602295e+02 6.4552801514e+02 6.4556597900e+02 6.4560797119e+02 6.4565100098e+02 6.4570501709e+02 6.4575000000e+02 6.4579901123e+02
6.4445898438e+02 6.4443499756e+02 6.4442999268e+02 6.4440502930e+02 6.4438299561e+02 6.4435699463e+02 6.4433898926e+02 6.4432397461e+02 6.4431097412e+02 6.4428698730e+02 6.4426202393e+02 6.4424597168e+02 6.4427697754e+02 6.4431896973e+02 6.4434997559e+02 6.4441101074e+02 6.4446697998e+02 6.4451300049e+02 6.4455700684e+02 6.4460101318e+02 6.4465399170e+02 6.4469097900e+02 6.4472399902e+02 6.4477899170e+02 6.4483599854e+02 6.4488500977e+02 6.4495098877e+02 6.4501898193e+02 6.4507897949e+02 6.4513201904e+02 6.4518701172e+02 6.4523400879e+02 6.4526800537e+02 6.4530999756e+02 6.4535198975e+02 6.4540002441e+02 6.4545098877e+02 6.4548297119e+02 6.4552001953e+02 6.4556701660e+02 6.4560998535e+02 6.4565399170e+02 6.4569897461e+02 6.4575201416e+02 6.4579797363e+02 6.4584802246e+02
6.4449798584e+02 6.4447998047e+02 6.4448101807e+02 6.4445202637e+02 6.4443298340e+02 6.4441302490e+02 6.4439300537e+02 6.4438702393e+02 6.4438397217e+02 6.4436401367e+02 6.4433801270e+02 6.4432702637e+02 6.4433801270e+02 6.4435998535e+02 6.4438201904e+02 6.4443798828e+02 6.4448999023e+02 6.4454901123e+02 6.4459802246e+02 6.4464398193e+02 6.4469799805e+02 6.4474200439e+02 6.4478399658e+02 6.4482897949e+02 6.4488000488e+02 6.4493298340e+02 6.4499597168e+02 6.4506201172e+02 6.4511602783e+02 6.4516302490e+02 6.4521899414e+02 6.4526898193e+02 6.4530499268e+02 6.4534399414e+02 6.4538598633e+02 6.4542901611e+02 6.4548199463e+02 6.4551898193e+02 6.4554998779e+02 6.4559497070e+02 6.4564501953e+02 6.4569702148e+02 6.4573999023e+02 6.4579302979e+02 6.4583898926e+02 6.4588800049e+02
6.4454101563e+02 6.4452801514e+02 6.4453198242e+02 6.4450201416e+02 6.4448602295e+02 6.4447100830e+02 6.4445300293e+02 6.4444000244e+02 6.4444000244e+02 6.4441998291e+02 6.4437902832e+02 6.4439898682e+02 6.4440698242e+02 6.4440997314e+02 6.4442401123e+02 6.4445001221e+02 6.4449700928e+02 6.4457098389e+02 6.4462701416e+02 6.4467498779e+02 6.4472998047e+02 6.4478100586e+02 6.4483398438e+02 6.4487402344e+02 6.4492498779e+02 6.4497998047e+02 6.4504400635e+02 6.4510601807e+02 6.4515399170e+02 6.4520098877e+02 6.4526397705e+02 6.4530902100e+02 6.4534899902e+02 6.4539501953e+02 6.4543902588e+02 6.4546899414e+02 6.4551501465e+02 6.4555902100e+02 6.4558697510e+02 6.4562200928e+02 6.4567297363e+02 6.4573199463e+02 6.4577301025e+02 6.4582598877e+02 6.4586901855e+02 6.4591601563e+02
6.4457098389e+02 6.4455499268e+02 6.4457000732e+02 6.4455700684e+02 6.4453900146e+02 6.4452801514e+02 6.4451098633e+02 6.4450402832e+02 6.4450201416e+02 6.4449102783e+02 6.4445599365e+02 6.4446502686e+02 6.4447399902e+02 6.4447302246e+02 6.4447802734e+02 6.4448602295e+02 6.4452697754e+02 6.4459698486e+02 6.4465698242e+02 6.4470599365e+02 6.4476800537e+02 6.4482000732e+02 6.4486999512e+02 6.4492102051e+02 6.4497698975e+02 6.4502899170e+02 6.4508801270e+02 6.4515899658e+02 6.4520800781e+02 6.4525000000e+02 6.4531097412e+02 6.4535797119e+02 6.4538897705e+02 6.4543298340e+02 6.4547497559e+02 6.4551098633e+02 6.4555700684e+02 6.4560198975e+02 6.4563800049e+02 6.4567700195e+02 6.4571301270e+02 6.4576202393e+02 6.4580603027e+02 6.4586199951e+02 6.4590502930e+02 6.4595098877e+02
6.4461102295e+02 6.4459600830e+02 6.4460400391e+02 6.4460198975e+02 6.4459100342e+02 6.4458099365e+02 6.4456500244e+02 6.4455499268e+02 6.4454998779e+02 6.4454998779e+02 6.4453497314e+02 6.4452899170e+02 6.4452801514e+02 6.4452697754e+02 6.4453002930e+02 6.4453601074e+02 6.4457098389e+02 6.4463800049e+02 6.4470300293e+02 6.4474700928e+02 6.4480297852e+02 6.4485101318e+02 6.4490600586e+02 6.4496899414e+02 6.4502398682e+02 6.4507501221e+02 6.4512701416e+02 6.4519299316e+02 6.4524102783e+02 6.4528698730e+02 6.4534698486e+02 6.4539202881e+02 6.4542297363e+02 6.4546099854e+02 6.4550701904e+02 6.4554797363e+02 6.4559899902e+02 6.4564398193e+02 6.4567999268e+02 6.4572302246e+02 6.4575299072e+02 6.4579498291e+02 6.4583398438e+02 6.4588299561e+02 6.4592901611e+02 6.4598602295e+02
6.4466998291e+02 6.4465197754e+02 6.4464697266e+02 6.4465002441e+02 6.4464099121e+02 6.4462597656e+02 6.4462097168e+02 6.4460900879e+02 6.4460101318e+02 6.4460400391e+02 6.4459899902e+02 6.4458300781e+02 6.4458001709e+02 6.4457800293e+02 6.4457598877e+02 6.4458697510e+02 6.4461401367e+02 6.4466601563e+02 6.4473101807e+02 6.4476898193e+02 6.4482501221e+02 6.4487701416e+02 6.4493701172e+02 6.4499798584e+02 6.4504901123e+02 6.4510302734e+02 6.4515698242e+02 6.4521197510e+02 6.4526000977e+02 6.4531500244e+02 6.4537799072e+02 6.4542102051e+02 6.4545300293e+02 6.4548797607e+02 6.4553002930e+02 6.4557202148e+02 6.4562701416e+02 6.4567498779e+02 6.4570898438e+02 6.4574597168e+02 6.4577801514e+02 6.4582702637e+02 6.4586798096e+02 6.4591400146e+02 6.4596301270e+02 6.4602502441e+02
6.4471801758e+02 6.4470001221e+02 6.4469897461e+02 6.4469500732e+02 6.4467999268e+02 6.4466302490e+02 6.4466497803e+02 6.4465899658e+02 6.4465301514e+02 6.4465698242e+02 6.4464398193e+02 6.4463201904e+02 6.4462799072e+02 6.4462597656e+02 6.4461901855e+02 6.4463702393e+02 6.4465502930e+02 6.4467700195e+02 6.4473602295e+02 6.4477600098e+02 6.4483398438e+02 6.4489300537e+02 6.4496197510e+02 6.4501599121e+02 6.4506402588e+02 6.4512597656e+02 6.4518402100e+02 6.4523797607e+02 6.4528997803e+02 6.4534600830e+02 6.4540399170e+02 6.4544702148e+02 6.4548498535e+02 6.4552398682e+02 6.4556799316e+02 6.4560498047e+02 6.4565100098e+02 6.4569201660e+02 6.4572900391e+02 6.4577801514e+02 6.4580999756e+02 6.4584997559e+02 6.4589697266e+02 6.4595300293e+02 6.4599597168e+02 6.4604699707e+02
6.4476599121e+02 6.4475097656e+02 6.4474902344e+02 6.4473797607e+02 6.4473101807e+02 6.4472302246e+02 6.4471899414e+02 6.4470599365e+02 6.4470898438e+02 6.4471197510e+02 6.4469897461e+02 6.4467602539e+02 6.4467102051e+02 6.4467401123e+02 6.4467498779e+02 6.4469396973e+02 6.4470300293e+02 6.4470001221e+02 6.4473999023e+02 6.4478900146e+02 6.4483697510e+02 6.4489697266e+02 6.4497198486e+02 6.4503698730e+02 6.4509997559e+02 6.4515600586e+02 6.4520098877e+02 6.4525701904e+02 6.4531201172e+02 6.4536798096e+02 6.4542297363e+02 6.4546197510e+02 6.4550402832e+02 6.4554498291e+02 6.4558502197e+02 6.4562597656e+02 6.4566699219e+02 6.4570800781e+02 6.4574597168e+02 6.4579602051e+02 6.4583697510e+02 6.4587597656e+02 6.4591699219e+02 6.4596697998e+02 6.4601898193e+02 6.4607501221e+02
6.4481298828e+02 6.4479998779e+02 6.4479400635e+02 6.4479400635e+02 6.4479699707e+02 6.4478802490e+02 6.4477801514e+02 6.4476800537e+02 6.4477398682e+02 6.4477197266e+02 6.4475701904e+02 6.4473498535e+02 6.4472399902e+02 6.4472399902e+02 6.4472302246e+02 6.4473699951e+02 6.4474597168e+02 6.4473797607e+02 6.4476098633e+02 6.4481097412e+02 6.4485198975e+02 6.4490301514e+02 6.4497497559e+02 6.4504699707e+02 6.4511901855e+02 6.4516802979e+02 6.4521600342e+02 6.4527600098e+02 6.4533197021e+02 6.4538702393e+02 6.4544097900e+02 6.4547998047e+02 6.4552099609e+02 6.4556298828e+02 6.4560302734e+02 6.4564398193e+02 6.4568499756e+02 6.4572601318e+02 6.4576397705e+02 6.4581298828e+02 6.4586401367e+02 6.4591497803e+02 6.4595501709e+02 6.4599200439e+02 6.4603802490e+02 6.4609497070e+02
6.4484600830e+02 6.4483300781e+02 6.4482800293e+02 6.4484301758e+02 6.4485101318e+02 6.4484002686e+02 6.4483599854e+02 6.4483300781e+02 6.4483697510e+02 6.4482702637e+02 6.4480700684e+02 6.4480401611e+02 6.4479101563e+02 6.4478302002e+02 6.4476599121e+02 6.4477801514e+02 6.4478698730e+02 6.4478802490e+02 6.4480401611e+02 6.4483898926e+02 6.4487402344e+02 6.4492498779e+02 6.4498999023e+02 6.4505902100e+02 6.4513299561e+02 6.4518200684e+02 6.4523602295e+02 6.4529498291e+02 6.4535101318e+02 6.4540600586e+02 6.4545898438e+02 6.4549798584e+02 6.4553900146e+02 6.4558001709e+02 6.4562097168e+02 6.4566101074e+02 6.4570202637e+02 6.4574298096e+02 6.4578698730e+02 6.4583801270e+02 6.4589001465e+02 6.4594097900e+02 6.4598199463e+02 6.4602301025e+02 6.4606201172e+02 6.4611602783e+02
