TESTSERVER/23/13.asc
NCOLS 100
NROWS 100
XLLCORNER 8.6497500000e+03
YLLCORNER 2.8930025000e+05
CELLSIZE 5.0000000000e-01
NODATA_VALUE -9.9990000000e+03
[rows 20 to 39 of 100, columns 46 to 91 of 100]
6.4664898682e+02 6.4663800049e+02 6.4663702393e+02 6.4664300537e+02 6.4664001465e+02 6.4662200928e+02 6.4659899902e+02 6.4657598877e+02 6.4653802490e+02 6.4650701904e+02 6.4648797607e+02 6.4647802734e+02 6.4646600342e+02 6.4647998047e+02 6.4646997070e+02 6.4646502686e+02 6.4646801758e+02 6.4646502686e+02 6.4645599365e+02 6.4645397949e+02 6.4645599365e+02 6.4647802734e+02 6.4647802734e+02 6.4648498535e+02 6.4649200439e+02 6.4649902344e+02 6.4651000977e+02 6.4651800537e+02 6.4652899170e+02 6.4654699707e+02 6.4655798340e+02 6.4657397461e+02 6.4657598877e+02 6.4658502197e+02 6.4659197998e+02 6.4661102295e+02 6.4663598633e+02 6.4668200684e+02 6.4671600342e+02 6.4675701904e+02 6.4679998779e+02 6.4683599854e+02 6.4686798096e+02 6.4690802002e+02 6.4693701172e+02 6.4696301270e+02
6.4673199463e+02 6.4671301270e+02 6.4669702148e+02 6.4669897461e+02 6.4669702148e+02 6.4668402100e+02 6.4667199707e+02 6.4664300537e+02 6.4659197998e+02 6.4655102539e+02 6.4653900146e+02 6.4653302002e+02 6.4651397705e+02 6.4651300049e+02 6.4650701904e+02 6.4650500488e+02 6.4650201416e+02 6.4650402832e+02 6.4649700928e+02 6.4649298096e+02 6.4648797607e+02 6.4649597168e+02 6.4649499512e+02 6.4649902344e+02 6.4650701904e+02 6.4651000977e+02 6.4651898193e+02 6.4652697754e+02 6.4653497314e+02 6.4654101563e+02 6.4655102539e+02 6.4656701660e+02 6.4658300781e+02 6.4659399414e+02 6.4660400391e+02 6.4662902832e+02 6.4665502930e+02 6.4669201660e+02 6.4673199463e+02 6.4677301025e+02 6.4680297852e+02 6.4682501221e+02 6.4684600830e+02 6.4687701416e+02 6.4690698242e+02 6.4693499756e+02
6.4682598877e+02 6.4680499268e+02 6.4677899170e+02 6.4676898193e+02 6.4676397705e+02 6.4675097656e+02 6.4674401855e+02 6.4671502686e+02 6.4665002441e+02 6.4661102295e+02 6.4660998535e+02 6.4660900879e+02 6.4658697510e+02 6.4656701660e+02 6.4655297852e+02 6.4654602051e+02 6.4653802490e+02 6.4653802490e+02 6.4653698730e+02 6.4654199219e+02 6.4654400635e+02 6.4653802490e+02 6.4653100586e+02 6.4653002930e+02 6.4653100586e+02 6.4652301025e+02 6.4652600098e+02 6.4653698730e+02 6.4654400635e+02 6.4655499268e+02 6.4657501221e+02 6.4659399414e+02 6.4661401367e+02 6.4663000488e+02 6.4663702393e+02 6.4666302490e+02 6.4668200684e+02 6.4671002197e+02 6.4674700928e+02 6.4677899170e+02 6.4679498291e+02 6.4680999756e+02 6.4683001709e+02 6.4685900879e+02 6.4688897705e+02 6.4690802002e+02
6.4689398193e+02 6.4688000488e+02 6.4685601807e+02 6.4684301758e+02 6.4683898926e+02 6.4682501221e+02 6.4681799316e+02 6.4678900146e+02 6.4672399902e+02 6.4670098877e+02 6.4671099854e+02 6.4671398926e+02 6.4669702148e+02 6.4666802979e+02 6.4664300537e+02 6.4662500000e+02 6.4660699463e+02 6.4660101318e+02 6.4659301758e+02 6.4659600830e+02 6.4660699463e+02 6.4660101318e+02 6.4659399414e+02 6.4658197021e+02 6.4657202148e+02 6.4656097412e+02 6.4655603027e+02 6.4656201172e+02 6.4657000732e+02 6.4658001709e+02 6.4659399414e+02 6.4661199951e+02 6.4663598633e+02 6.4665502930e+02 6.4665802002e+02 6.4668701172e+02 6.4670898438e+02 6.4672900391e+02 6.4675598145e+02 6.4678399658e+02 6.4680798340e+02 6.4683300781e+02 6.4685302734e+02 6.4687200928e+02 6.4688897705e+02 6.4689202881e+02
6.4691497803e+02 6.4690600586e+02 6.4689599609e+02 6.4689001465e+02 6.4688500977e+02 6.4688299561e+02 6.4687902832e+02 6.4685601807e+02 6.4680902100e+02 6.4680297852e+02 6.4681500244e+02 6.4681402588e+02 6.4680102539e+02 6.4678002930e+02 6.4676000977e+02 6.4673797607e+02 6.4670501709e+02 6.4668499756e+02 6.4665997314e+02 6.4664697266e+02 6.4665399170e+02 6.4666400146e+02 6.4665899658e+02 6.4664099121e+02 6.4662298584e+02 6.4661798096e+02 6.4660699463e+02 6.4660302734e+02 6.4659698486e+02 6.4659301758e+02 6.4659899902e+02 6.4661901855e+02 6.4665100098e+02 6.4667297363e+02 6.4668597412e+02 6.4670800781e+02 6.4672998047e+02 6.4674700928e+02 6.4676702881e+02 6.4680700684e+02 6.4684497070e+02 6.4686999512e+02 6.4688201904e+02 6.4689001465e+02 6.4689898682e+02 6.4689300537e+02
6.4692602539e+02 6.4691699219e+02 6.4691699219e+02 6.4691497803e+02 6.4690698242e+02 6.4690802002e+02 6.4690399170e+02 6.4688897705e+02 6.4686199951e+02 6.4686999512e+02 6.4688000488e+02 6.4687799072e+02 6.4686297607e+02 6.4686602783e+02 6.4685302734e+02 6.4682598877e+02 6.4679400635e+02 6.4677398682e+02 6.4674298096e+02 6.4671697998e+02 6.4670599365e+02 6.4670098877e+02 6.4671197510e+02 6.4671697998e+02 6.4670397949e+02 6.4669500732e+02 6.4667102051e+02 6.4664599609e+02 6.4664697266e+02 6.4664398193e+02 6.4664398193e+02 6.4665698242e+02 6.4668902588e+02 6.4671697998e+02 6.4674200439e+02 6.4674902344e+02 6.4675500488e+02 6.4678497314e+02 6.4680902100e+02 6.4685302734e+02 6.4688397217e+02 6.4690197754e+02 6.4690698242e+02 6.4691302490e+02 6.4691900635e+02 6.4690802002e+02
6.4693902588e+02 6.4692901611e+02 6.4693103027e+02 6.4693298340e+02 6.4692797852e+02 6.4693103027e+02 6.4692401123e+02 6.4691198730e+02 6.4689300537e+02 6.4689898682e+02 6.4690399170e+02 6.4690399170e+02 6.4689599609e+02 6.4690502930e+02 6.4689801025e+02 6.4688397217e+02 6.4686700439e+02 6.4685601807e+02 6.4683502197e+02 6.4681097412e+02 6.4678997803e+02 6.4677600098e+02 6.4679302979e+02 6.4680798340e+02 6.4679901123e+02 6.4679302979e+02 6.4675500488e+02 6.4672100830e+02 6.4673199463e+02 6.4672998047e+02 6.4671600342e+02 6.4670697021e+02 6.4671801758e+02 6.4673498535e+02 6.4675799561e+02 6.4677001953e+02 6.4678399658e+02 6.4681896973e+02 6.4683898926e+02 6.4687298584e+02 6.4689501953e+02 6.4690698242e+02 6.4691198730e+02 6.4692102051e+02 6.4692700195e+02 6.4691900635e+02
6.4694598389e+02 6.4693902588e+02 6.4693701172e+02 6.4693798828e+02 6.4693298340e+02 6.4693597412e+02 6.4693200684e+02 6.4692498779e+02 6.4690698242e+02 6.4690997314e+02 6.4690997314e+02 6.4690997314e+02 6.4690698242e+02 6.4690997314e+02 6.4690301514e+02 6.4690002441e+02 6.4689801025e+02 6.4689398193e+02 6.4689202881e+02 6.4688299561e+02 6.4687097168e+02 6.4684997559e+02 6.4685699463e+02 6.4686199951e+02 6.4685601807e+02 6.4684997559e+02 6.4680401611e+02 6.4677197266e+02 6.4679602051e+02 6.4678601074e+02 6.4676898193e+02 6.4675201416e+02 6.4674200439e+02 6.4673901367e+02 6.4675701904e+02 6.4678002930e+02 6.4681097412e+02 6.4683099365e+02 6.4683898926e+02 6.4686700439e+02 6.4688800049e+02 6.4689398193e+02 6.4690002441e+02 6.4690899658e+02 6.4691400146e+02 6.4691699219e+02
6.4694097900e+02 6.4694299316e+02 6.4694396973e+02 6.4694500732e+02 6.4694299316e+02 6.4693597412e+02 6.4693499756e+02 6.4692999268e+02 6.4691497803e+02 6.4691198730e+02 6.4691198730e+02 6.4691497803e+02 6.4692498779e+02 6.4691998291e+02 6.4690600586e+02 6.4689697266e+02 6.4689599609e+02 6.4689300537e+02 6.4689898682e+02 6.4690502930e+02 6.4690698242e+02 6.4688500977e+02 6.4687500000e+02 6.4686102295e+02 6.4686297607e+02 6.4686102295e+02 6.4682299805e+02 6.4678997803e+02 6.4680798340e+02 6.4681201172e+02 6.4680200195e+02 6.4679400635e+02 6.4679602051e+02 6.4678399658e+02 6.4677697754e+02 6.4677697754e+02 6.4680603027e+02 6.4682299805e+02 6.4683001709e+02 6.4685797119e+02 6.4689501953e+02 6.4690197754e+02 6.4690399170e+02 6.4690899658e+02 6.4691900635e+02 6.4692199707e+02
6.4691497803e+02 6.4691900635e+02 6.4692401123e+02 6.4693402100e+02 6.4693597412e+02 6.4692401123e+02 6.4692401123e+02 6.4693200684e+02 6.4692199707e+02 6.4692797852e+02 6.4692999268e+02 6.4692999268e+02 6.4692901611e+02 6.4693298340e+02 6.4692999268e+02 6.4692602539e+02 6.4691198730e+02 6.4690698242e+02 6.4691497803e+02 6.4691998291e+02 6.4692297363e+02 6.4692797852e+02 6.4692102051e+02 6.4689801025e+02 6.4687902832e+02 6.4687799072e+02 6.4684899902e+02 6.4679901123e+02 6.4678100586e+02 6.4681201172e+02 6.4683001709e+02 6.4683300781e+02 6.4682397461e+02 6.4679699707e+02 6.4675299072e+02 6.4672601318e+02 6.4674499512e+02 6.4677301025e+02 6.4680499268e+02 6.4684698486e+02 6.4688897705e+02 6.4690197754e+02 6.4690600586e+02 6.4691699219e+02 6.4692797852e+02 6.4693402100e+02
6.4691998291e+02 6.4689697266e+02 6.4688500977e+02 6.4689001465e+02 6.4689697266e+02 6.4687500000e+02 6.4687298584e+02 6.4689202881e+02 6.4689202881e+02 6.4690002441e+02 6.4690301514e+02 6.4690197754e+02 6.4689898682e+02 6.4689801025e+02 6.4689801025e+02 6.4689697266e+02 6.4688598633e+02 6.4688397217e+02 6.4689501953e+02 6.4690301514e+02 6.4690698242e+02 6.4691998291e+02 6.4691900635e+02 6.4689898682e+02 6.4686401367e+02 6.4684301758e+02 6.4680603027e+02 6.4675201416e+02 6.4672998047e+02 6.4676599121e+02 6.4679797363e+02 6.4680700684e+02 6.4679199219e+02 6.4676202393e+02 6.4672100830e+02 6.4669500732e+02 6.4669702148e+02 6.4671600342e+02 6.4674597168e+02 6.4678399658e+02 6.4682800293e+02 6.4684197998e+02 6.4685302734e+02 6.4687402344e+02 6.4689300537e+02 6.4690698242e+02
6.4694799805e+02 6.4691497803e+02 6.4688397217e+02 6.4686798096e+02 6.4686102295e+02 6.4682098389e+02 6.4680700684e+02 6.4682897949e+02 6.4683398438e+02 6.4683300781e+02 6.4683300781e+02 6.4683398438e+02 6.4683197021e+02 6.4682598877e+02 6.4682702637e+02 6.4682202148e+02 6.4681500244e+02 6.4681597900e+02 6.4682598877e+02 6.4683398438e+02 6.4683697510e+02 6.4684197998e+02 6.4684497070e+02 6.4682702637e+02 6.4678900146e+02 6.4675799561e+02 6.4671502686e+02 6.4667498779e+02 6.4667602539e+02 6.4669201660e+02 6.4671398926e+02 6.4672802734e+02 6.4671502686e+02 6.4668402100e+02 6.4666497803e+02 6.4665698242e+02 6.4665502930e+02 6.4666998291e+02 6.4668499756e+02 6.4670001221e+02 6.4672900391e+02 6.4674200439e+02 6.4676702881e+02 6.4680102539e+02 6.4682897949e+02 6.4685302734e+02
6.4696899414e+02 6.4695501709e+02 6.4692102051e+02 6.4688397217e+02 6.4685699463e+02 6.4680401611e+02 6.4678399658e+02 6.4679998779e+02 6.4678497314e+02 6.4677801514e+02 6.4677502441e+02 6.4677398682e+02 6.4677001953e+02 6.4677697754e+02 6.4678100586e+02 6.4677301025e+02 6.4676501465e+02 6.4675500488e+02 6.4675299072e+02 6.4675500488e+02 6.4676098633e+02 6.4676202393e+02 6.4676000977e+02 6.4674200439e+02 6.4672100830e+02 6.4667797852e+02 6.4663897705e+02 6.4662402344e+02 6.4663598633e+02 6.4663500977e+02 6.4664202881e+02 6.4665301514e+02 6.4663897705e+02 6.4662097168e+02 6.4661102295e+02 6.4660198975e+02 6.4659002686e+02 6.4661297607e+02 6.4663897705e+02 6.4666400146e+02 6.4668298340e+02 6.4668298340e+02 6.4672100830e+02 6.4675799561e+02 6.4677197266e+02 6.4680297852e+02
6.4696002197e+02 6.4696002197e+02 6.4693902588e+02 6.4690301514e+02 6.4686499023e+02 6.4682299805e+02 6.4680798340e+02 6.4681201172e+02 6.4678100586e+02 6.4676702881e+02 6.4676202393e+02 6.4674798584e+02 6.4673901367e+02 6.4673400879e+02 6.4672302246e+02 6.4672601318e+02 6.4673400879e+02 6.4672497559e+02 6.4670697021e+02 6.4669396973e+02 6.4669201660e+02 6.4668798828e+02 6.4669000244e+02 6.4668103027e+02 6.4666302490e+02 6.4662902832e+02 6.4660302734e+02 6.4659698486e+02 6.4660900879e+02 6.4660601807e+02 6.4660198975e+02 6.4660101318e+02 6.4659399414e+02 6.4657299805e+02 6.4655798340e+02 6.4655603027e+02 6.4656701660e+02 6.4658398438e+02 6.4659600830e+02 6.4662799072e+02 6.4665100098e+02 6.4666101074e+02 6.4668597412e+02 6.4672601318e+02 6.4675897217e+02 6.4677301025e+02
6.4694299316e+02 6.4694201660e+02 6.4693103027e+02 6.4689398193e+02 6.4684802246e+02 6.4682299805e+02 6.4681597900e+02 6.4681597900e+02 6.4679199219e+02 6.4678698730e+02 6.4677398682e+02 6.4674902344e+02 6.4673199463e+02 6.4672198486e+02 6.4670001221e+02 6.4669897461e+02 6.4670898438e+02 6.4669897461e+02 6.4667901611e+02 6.4666101074e+02 6.4665100098e+02 6.4663397217e+02 6.4663500977e+02 6.4663897705e+02 6.4662500000e+02 6.4659600830e+02 6.4657800293e+02 6.4657000732e+02 6.4657800293e+02 6.4657501221e+02 6.4656097412e+02 6.4655700684e+02 6.4656799316e+02 6.4656097412e+02 6.4655798340e+02 6.4656402588e+02 6.4657598877e+02 6.4658300781e+02 6.4658502197e+02 6.4660400391e+02 6.4662597656e+02 6.4664801025e+02 6.4665899658e+02 6.4669000244e+02 6.4673101807e+02 6.4674499512e+02
6.4694000244e+02 6.4692797852e+02 6.4691699219e+02 6.4687597656e+02 6.4682598877e+02 6.4680603027e+02 6.4680999756e+02 6.4681500244e+02 6.4679901123e+02 6.4680102539e+02 6.4678997803e+02 6.4677197266e+02 6.4675299072e+02 6.4674102783e+02 6.4671099854e+02 6.4669500732e+02 6.4669201660e+02 6.4667797852e+02 6.4666101074e+02 6.4664697266e+02 6.4663598633e+02 6.4661401367e+02 6.4660400391e+02 6.4660699463e+02 6.4659600830e+02 6.4657598877e+02 6.4657397461e+02 6.4656597900e+02 6.4656298828e+02 6.4656402588e+02 6.4655297852e+02 6.4654797363e+02 6.4655700684e+02 6.4657098389e+02 6.4658300781e+02 6.4659497070e+02 6.4660302734e+02 6.4660302734e+02 6.4659899902e+02 6.4660302734e+02 6.4661199951e+02 6.4662200928e+02 6.4663397217e+02 6.4666302490e+02 6.4669799805e+02 6.4672302246e+02
6.4695501709e+02 6.4693103027e+02 6.4691497803e+02 6.4687500000e+02 6.4683197021e+02 6.4680401611e+02 6.4680603027e+02 6.4681597900e+02 6.4680297852e+02 6.4679797363e+02 6.4678900146e+02 6.4678399658e+02 6.4677099609e+02 6.4675598145e+02 6.4673199463e+02 6.4671197510e+02 6.4669500732e+02 6.4667401123e+02 6.4665399170e+02 6.4664001465e+02 6.4663299561e+02 6.4661401367e+02 6.4659100342e+02 6.4658398438e+02 6.4657702637e+02 6.4657000732e+02 6.4657202148e+02 6.4655700684e+02 6.4654998779e+02 6.4656298828e+02 6.4656701660e+02 6.4656298828e+02 6.4656402588e+02 6.4657598877e+02 6.4659100342e+02 6.4660101318e+02 6.4661102295e+02 6.4662402344e+02 6.4661999512e+02 6.4661700439e+02 6.4662298584e+02 6.4660900879e+02 6.4661700439e+02 6.4664599609e+02 6.4667797852e+02 6.4671899414e+02
6.4695098877e+02 6.4693298340e+02 6.4691101074e+02 6.4686999512e+02 6.4683099365e+02 6.4680297852e+02 6.4680401611e+02 6.4681500244e+02 6.4680603027e+02 6.4680200195e+02 6.4678997803e+02 6.4678497314e+02 6.4677899170e+02 6.4676202393e+02 6.4673901367e+02 6.4671301270e+02 6.4668902588e+02 6.4667199707e+02 6.4665899658e+02 6.4665002441e+02 6.4664898682e+02 6.4663000488e+02 6.4660900879e+02 6.4659399414e+02 6.4657397461e+02 6.4657800293e+02 6.4658502197e+02 6.4657598877e+02 6.4658197021e+02 6.4659100342e+02 6.4658801270e+02 6.4657598877e+02 6.4656500244e+02 6.4656896973e+02 6.4658801270e+02 6.4660198975e+02 6.4661102295e+02 6.4663000488e+02 6.4662298584e+02 6.4661999512e+02 6.4662799072e+02 6.4660498047e+02 6.4660498047e+02 6.4663702393e+02 6.4667199707e+02 6.4669799805e+02
6.4694299316e+02 6.4692602539e+02 6.4689599609e+02 6.4686102295e+02 6.4683502197e+02 6.4681097412e+02 6.4681097412e+02 6.4682000732e+02 6.4681097412e+02 6.4680700684e+02 6.4679797363e+02 6.4679400635e+02 6.4678601074e+02 6.4677197266e+02 6.4675299072e+02 6.4671697998e+02 6.4668701172e+02 6.4667401123e+02 6.4666198730e+02 6.4665600586e+02 6.4664801025e+02 6.4662799072e+02 6.4662097168e+02 6.4661102295e+02 6.4658697510e+02 6.4658697510e+02 6.4658398438e+02 6.4658099365e+02 6.4659600830e+02 6.4659497070e+02 6.4659802246e+02 6.4658801270e+02 6.4655902100e+02 6.4656201172e+02 6.4658502197e+02 6.4660601807e+02 6.4660699463e+02 6.4662402344e+02 6.4663098145e+02 6.4663098145e+02 6.4662402344e+02 6.4660498047e+02 6.4660498047e+02 6.4662701416e+02 6.4665698242e+02 6.4667797852e+02
6.4692700195e+02 6.4691400146e+02 6.4688000488e+02 6.4684997559e+02 6.4683599854e+02 6.4681896973e+02 6.4681597900e+02 6.4682397461e+02 6.4681896973e+02 6.4682000732e+02 6.4681597900e+02 6.4681298828e+02 6.4679699707e+02 6.4677600098e+02 6.4676501465e+02 6.4672998047e+02 6.4669097900e+02 6.4667797852e+02 6.4666802979e+02 6.4666101074e+02 6.4664300537e+02 6.4662298584e+02 6.4662402344e+02 6.4661901855e+02 6.4660400391e+02 6.4660699463e+02 6.4659399414e+02 6.4658898926e+02 6.4659698486e+02 6.4658599854e+02 6.4659399414e+02 6.4658697510e+02 6.4655999756e+02 6.4657098389e+02 6.4659100342e+02 6.4660900879e+02 6.4661401367e+02 6.4661999512e+02 6.4662902832e+02 6.4663500977e+02 6.4662200928e+02 6.4661700439e+02 6.4662097168e+02 6.4662500000e+02 6.4663897705e+02 6.4666198730e+02
