TESTSERVER/23/13.asc
NCOLS 100
NROWS 100
XLLCORNER 8.6497500000e+03
YLLCORNER 2.8930025000e+05
CELLSIZE 5.0000000000e-01
NODATA_VALUE -9.9990000000e+03
[rows 80 to 99 of 100, columns 0 to 45 of 100]
6.4756201172e+02 6.4757397461e+02 6.4759100342e+02 6.4761199951e+02 6.4763800049e+02 6.4765899658e+02 6.4766198730e+02 6.4766802979e+02 6.4768902588e+02 6.4770697021e+02 6.4771301270e+02 6.4771502686e+02 6.4770898438e+02 6.4771197510e+02 6.4772302246e+02 6.4772399902e+02 6.4772198486e+02 6.4771801758e+02 6.4771502686e+02 6.4769396973e+02 6.4768499756e+02 6.4768103027e+02 6.4768701172e+02 6.4766802979e+02 6.4765002441e+02 6.4762902832e+02 6.4760797119e+02 6.4757598877e+02 6.4754699707e+02 6.4752899170e+02 6.4751501465e+02 6.4748699951e+02 6.4745800781e+02 6.4743103027e+02 6.4740399170e+02 6.4736999512e+02 6.4734399414e+02 6.4731896973e+02 6.4728802490e+02 6.4725598145e+02 6.4721600342e+02 6.4718701172e+02 6.4716497803e+02 6.4714001465e+02 6.4711401367e+02 6.4709899902e+02
6.4755297852e+02 6.4756896973e+02 6.4759301758e+02 6.4760601807e+02 6.4762500000e+02 6.4765301514e+02 6.4766998291e+02 6.4767602539e+02 6.4769396973e+02 6.4770697021e+02 6.4770697021e+02 6.4771997070e+02 6.4772198486e+02 6.4772601318e+02 6.4772399902e+02 6.4772302246e+02 6.4772198486e+02 6.4772399902e+02 6.4772698975e+02 6.4770898438e+02 6.4768902588e+02 6.4767700195e+02 6.4767297363e+02 6.4765899658e+02 6.4765197754e+02 6.4764202881e+02 6.4762500000e+02 6.4760198975e+02 6.4756799316e+02 6.4753698730e+02 6.4752899170e+02 6.4751300049e+02 6.4748602295e+02 6.4745599365e+02 6.4742297363e+02 6.4739300537e+02 6.4736499023e+02 6.4733599854e+02 6.4731201172e+02 6.4729400635e+02 6.4726202393e+02 6.4722698975e+02 6.4719000244e+02 6.4715100098e+02 6.4713397217e+02 6.4712402344e+02
6.4755297852e+02 6.4756799316e+02 6.4759899902e+02 6.4761401367e+02 6.4762799072e+02 6.4764898682e+02 6.4766601563e+02 6.4767401123e+02 6.4769000244e+02 6.4770098877e+02 6.4770098877e+02 6.4771997070e+02 6.4772698975e+02 6.4773101807e+02 6.4772302246e+02 6.4772399902e+02 6.4772198486e+02 6.4772198486e+02 6.4772802734e+02 6.4771398926e+02 6.4769598389e+02 6.4768402100e+02 6.4766998291e+02 6.4765997314e+02 6.4765899658e+02 6.4764898682e+02 6.4762799072e+02 6.4761499023e+02 6.4759100342e+02 6.4756500244e+02 6.4755297852e+02 6.4753302002e+02 6.4750500488e+02 6.4747497559e+02 6.4744097900e+02 6.4741198730e+02 6.4738397217e+02 6.4735601807e+02 6.4733197021e+02 6.4731799316e+02 6.4728997803e+02 6.4725799561e+02 6.4721801758e+02 6.4717498779e+02 6.4715899658e+02 6.4715197754e+02
6.4754400635e+02 6.4756201172e+02 6.4759802246e+02 6.4761901855e+02 6.4763397217e+02 6.4765002441e+02 6.4766198730e+02 6.4767498779e+02 6.4768902588e+02 6.4769500732e+02 6.4769702148e+02 6.4771502686e+02 6.4772497559e+02 6.4773101807e+02 6.4772601318e+02 6.4773400879e+02 6.4773297119e+02 6.4772698975e+02 6.4772302246e+02 6.4771002197e+02 6.4770001221e+02 6.4769500732e+02 6.4768298340e+02 6.4767401123e+02 6.4766601563e+02 6.4764898682e+02 6.4763299561e+02 6.4762701416e+02 6.4761102295e+02 6.4758599854e+02 6.4756799316e+02 6.4754901123e+02 6.4752301025e+02 6.4749499512e+02 6.4746197510e+02 6.4743200684e+02 6.4740399170e+02 6.4737500000e+02 6.4734698486e+02 6.4732800293e+02 6.4730499268e+02 6.4728002930e+02 6.4725000000e+02 6.4721697998e+02 6.4719799805e+02 6.4718298340e+02
6.4752697754e+02 6.4755102539e+02 6.4758502197e+02 6.4760900879e+02 6.4762902832e+02 6.4765002441e+02 6.4766198730e+02 6.4766998291e+02 6.4768298340e+02 6.4769097900e+02 6.4769396973e+02 6.4771301270e+02 6.4772399902e+02 6.4773101807e+02 6.4773602295e+02 6.4773999023e+02 6.4774200439e+02 6.4773699951e+02 6.4773498535e+02 6.4771801758e+02 6.4771197510e+02 6.4770697021e+02 6.4770001221e+02 6.4769000244e+02 6.4767999268e+02 6.4766699219e+02 6.4765600586e+02 6.4764501953e+02 6.4762597656e+02 6.4759802246e+02 6.4757501221e+02 6.4755700684e+02 6.4753601074e+02 6.4751501465e+02 6.4749298096e+02 6.4745697021e+02 6.4742700195e+02 6.4739599609e+02 6.4736401367e+02 6.4734899902e+02 6.4732897949e+02 6.4729998779e+02 6.4726702881e+02 6.4724902344e+02 6.4723101807e+02 6.4721002197e+02
6.4753198242e+02 6.4755798340e+02 6.4758001709e+02 6.4760101318e+02 6.4762402344e+02 6.4764697266e+02 6.4765502930e+02 6.4764898682e+02 6.4766101074e+02 6.4767999268e+02 6.4769097900e+02 6.4771801758e+02 6.4773602295e+02 6.4773699951e+02 6.4773602295e+02 6.4773901367e+02 6.4774102783e+02 6.4774298096e+02 6.4774102783e+02 6.4773199463e+02 6.4772497559e+02 6.4771899414e+02 6.4771099854e+02 6.4770098877e+02 6.4769097900e+02 6.4768103027e+02 6.4766998291e+02 6.4764801025e+02 6.4762902832e+02 6.4760998535e+02 6.4759301758e+02 6.4756298828e+02 6.4754101563e+02 6.4752600098e+02 6.4750799561e+02 6.4748101807e+02 6.4745300293e+02 6.4742602539e+02 6.4739501953e+02 6.4738000488e+02 6.4735601807e+02 6.4732897949e+02 6.4729699707e+02 6.4728302002e+02 6.4727099609e+02 6.4724798584e+02
6.4753198242e+02 6.4755798340e+02 6.4757397461e+02 6.4759399414e+02 6.4761700439e+02 6.4763598633e+02 6.4764398193e+02 6.4764202881e+02 6.4765399170e+02 6.4767498779e+02 6.4769396973e+02 6.4771502686e+02 6.4773297119e+02 6.4773699951e+02 6.4773699951e+02 6.4774298096e+02 6.4774499512e+02 6.4774700928e+02 6.4774798584e+02 6.4774200439e+02 6.4773498535e+02 6.4772802734e+02 6.4772198486e+02 6.4771301270e+02 6.4770300293e+02 6.4769299316e+02 6.4768200684e+02 6.4766497803e+02 6.4764697266e+02 6.4762500000e+02 6.4760900879e+02 6.4757702637e+02 6.4755297852e+02 6.4753601074e+02 6.4751800537e+02 6.4749499512e+02 6.4747399902e+02 6.4745397949e+02 6.4742797852e+02 6.4740502930e+02 6.4738000488e+02 6.4735797119e+02 6.4732800293e+02 6.4730297852e+02 6.4728601074e+02 6.4726202393e+02
6.4751898193e+02 6.4754498291e+02 6.4756701660e+02 6.4759002686e+02 6.4761102295e+02 6.4762597656e+02 6.4763201904e+02 6.4764001465e+02 6.4765802002e+02 6.4767498779e+02 6.4769500732e+02 6.4771002197e+02 6.4772698975e+02 6.4773699951e+02 6.4774102783e+02 6.4774700928e+02 6.4774902344e+02 6.4775097656e+02 6.4775598145e+02 6.4775097656e+02 6.4774401855e+02 6.4773797607e+02 6.4773297119e+02 6.4772497559e+02 6.4771502686e+02 6.4770501709e+02 6.4769500732e+02 6.4767901611e+02 6.4766302490e+02 6.4763702393e+02 6.4762298584e+02 6.4759698486e+02 6.4757000732e+02 6.4754797363e+02 6.4752801514e+02 6.4750701904e+02 6.4748699951e+02 6.4747198486e+02 6.4745098877e+02 6.4742401123e+02 6.4740002441e+02 6.4738397217e+02 6.4736102295e+02 6.4732397461e+02 6.4729797363e+02 6.4727301025e+02
6.4750701904e+02 6.4753002930e+02 6.4756597900e+02 6.4759399414e+02 6.4760998535e+02 6.4762200928e+02 6.4763201904e+02 6.4764398193e+02 6.4766198730e+02 6.4767102051e+02 6.4768402100e+02 6.4770800781e+02 6.4772698975e+02 6.4774200439e+02 6.4775500488e+02 6.4775000000e+02 6.4775000000e+02 6.4775500488e+02 6.4776501465e+02 6.4775701904e+02 6.4775201416e+02 6.4774700928e+02 6.4773797607e+02 6.4773297119e+02 6.4772601318e+02 6.4771899414e+02 6.4771801758e+02 6.4769500732e+02 6.4767602539e+02 6.4765100098e+02 6.4763800049e+02 6.4761199951e+02 6.4758599854e+02 6.4756298828e+02 6.4754400635e+02 6.4751898193e+02 6.4748901367e+02 6.4747198486e+02 6.4745800781e+02 6.4743402100e+02 6.4741699219e+02 6.4740502930e+02 6.4739801025e+02 6.4735900879e+02 6.4732702637e+02 6.4730200195e+02
6.4750598145e+02 6.4752697754e+02 6.4755603027e+02 6.4759002686e+02 6.4761102295e+02 6.4761999512e+02 6.4762298584e+02 6.4763800049e+02 6.4766198730e+02 6.4767999268e+02 6.4768597412e+02 6.4770300293e+02 6.4771398926e+02 6.4772802734e+02 6.4775000000e+02 6.4775598145e+02 6.4775799561e+02 6.4776098633e+02 6.4776501465e+02 6.4775897217e+02 6.4775598145e+02 6.4775299072e+02 6.4774499512e+02 6.4773699951e+02 6.4773199463e+02 6.4772802734e+02 6.4772497559e+02 6.4769897461e+02 6.4768103027e+02 6.4766497803e+02 6.4765399170e+02 6.4762298584e+02 6.4759899902e+02 6.4758001709e+02 6.4756201172e+02 6.4753601074e+02 6.4749700928e+02 6.4747497559e+02 6.4746502686e+02 6.4745599365e+02 6.4744500732e+02 6.4742700195e+02 6.4741699219e+02 6.4738000488e+02 6.4735101318e+02 6.4733001709e+02
6.4750299072e+02 6.4752301025e+02 6.4754901123e+02 6.4758398438e+02 6.4760797119e+02 6.4761700439e+02 6.4761798096e+02 6.4763397217e+02 6.4765899658e+02 6.4768103027e+02 6.4768499756e+02 6.4769396973e+02 6.4770697021e+02 6.4772302246e+02 6.4774102783e+02 6.4774798584e+02 6.4775799561e+02 6.4775897217e+02 6.4776300049e+02 6.4776599121e+02 6.4776202393e+02 6.4775897217e+02 6.4775201416e+02 6.4774401855e+02 6.4773999023e+02 6.4773602295e+02 6.4773199463e+02 6.4770800781e+02 6.4769396973e+02 6.4768200684e+02 6.4767102051e+02 6.4763500977e+02 6.4761401367e+02 6.4759600830e+02 6.4757598877e+02 6.4755798340e+02 6.4752197266e+02 6.4749700928e+02 6.4748101807e+02 6.4747802734e+02 6.4747198486e+02 6.4745202637e+02 6.4742999268e+02 6.4739599609e+02 6.4736999512e+02 6.4734899902e+02
6.4748901367e+02 6.4750897217e+02 6.4753802490e+02 6.4757000732e+02 6.4760101318e+02 6.4761700439e+02 6.4761798096e+02 6.4763098145e+02 6.4765100098e+02 6.4767297363e+02 6.4768902588e+02 6.4769702148e+02 6.4771301270e+02 6.4773297119e+02 6.4774401855e+02 6.4774597168e+02 6.4776202393e+02 6.4776599121e+02 6.4776800537e+02 6.4777197266e+02 6.4776898193e+02 6.4776501465e+02 6.4775897217e+02 6.4775201416e+02 6.4774798584e+02 6.4774298096e+02 6.4773699951e+02 6.4772497559e+02 6.4771301270e+02 6.4769702148e+02 6.4769396973e+02 6.4765600586e+02 6.4763800049e+02 6.4761602783e+02 6.4758898926e+02 6.4757702637e+02 6.4754901123e+02 6.4752600098e+02 6.4750402832e+02 6.4749298096e+02 6.4748498535e+02 6.4746697998e+02 6.4744201660e+02 6.4740802002e+02 6.4738201904e+02 6.4736102295e+02
6.4747399902e+02 6.4749401855e+02 6.4752697754e+02 6.4754699707e+02 6.4757598877e+02 6.4760601807e+02 6.4762500000e+02 6.4763897705e+02 6.4765100098e+02 6.4766497803e+02 6.4769396973e+02 6.4770599365e+02 6.4772302246e+02 6.4774298096e+02 6.4775402832e+02 6.4776501465e+02 6.4777697754e+02 6.4778100586e+02 6.4778302002e+02 6.4777899170e+02 6.4777600098e+02 6.4777398682e+02 6.4776300049e+02 6.4775897217e+02 6.4775201416e+02 6.4775000000e+02 6.4775701904e+02 6.4773797607e+02 6.4771899414e+02 6.4770098877e+02 6.4771197510e+02 6.4767901611e+02 6.4765802002e+02 6.4763201904e+02 6.4760198975e+02 6.4759002686e+02 6.4756402588e+02 6.4754498291e+02 6.4752600098e+02 6.4750897217e+02 6.4749200439e+02 6.4747302246e+02 6.4745300293e+02 6.4741497803e+02 6.4738800049e+02 6.4736700439e+02
6.4746697998e+02 6.4748602295e+02 6.4751702881e+02 6.4753698730e+02 6.4755297852e+02 6.4758697510e+02 6.4761901855e+02 6.4763800049e+02 6.4764898682e+02 6.4766101074e+02 6.4768798828e+02 6.4769799805e+02 6.4771197510e+02 6.4773101807e+02 6.4775201416e+02 6.4776800537e+02 6.4777398682e+02 6.4777398682e+02 6.4778802490e+02 6.4778900146e+02 6.4778100586e+02 6.4778002930e+02 6.4777001953e+02 6.4776702881e+02 6.4776300049e+02 6.4776098633e+02 6.4775897217e+02 6.4773400879e+02 6.4771301270e+02 6.4769201660e+02 6.4769396973e+02 6.4768402100e+02 6.4767199707e+02 6.4765100098e+02 6.4763098145e+02 6.4761102295e+02 6.4757897949e+02 6.4755798340e+02 6.4754199219e+02 6.4752398682e+02 6.4749798584e+02 6.4747601318e+02 6.4746398926e+02 6.4743701172e+02 6.4741601563e+02 6.4739202881e+02
6.4744799805e+02 6.4746997070e+02 6.4750000000e+02 6.4752502441e+02 6.4754199219e+02 6.4757000732e+02 6.4759899902e+02 6.4762097168e+02 6.4764001465e+02 6.4765197754e+02 6.4766998291e+02 6.4769000244e+02 6.4771301270e+02 6.4773199463e+02 6.4775097656e+02 6.4776898193e+02 6.4777899170e+02 6.4778100586e+02 6.4779400635e+02 6.4779302979e+02 6.4778002930e+02 6.4778002930e+02 6.4777697754e+02 6.4777697754e+02 6.4777502441e+02 6.4776800537e+02 6.4775097656e+02 6.4772698975e+02 6.4772100830e+02 6.4770697021e+02 6.4769897461e+02 6.4769598389e+02 6.4768597412e+02 6.4766400146e+02 6.4764501953e+02 6.4762200928e+02 6.4759197998e+02 6.4756896973e+02 6.4755102539e+02 6.4753900146e+02 6.4751397705e+02 6.4748999023e+02 6.4747698975e+02 6.4745300293e+02 6.4743200684e+02 6.4740600586e+02
6.4743298340e+02 6.4745697021e+02 6.4748699951e+02 6.4751202393e+02 6.4753601074e+02 6.4756201172e+02 6.4758398438e+02 6.4761102295e+02 6.4763800049e+02 6.4765301514e+02 6.4765997314e+02 6.4769500732e+02 6.4773199463e+02 6.4775097656e+02 6.4775897217e+02 6.4777502441e+02 6.4779199219e+02 6.4780200195e+02 6.4780902100e+02 6.4779998779e+02 6.4778802490e+02 6.4778900146e+02 6.4778698730e+02 6.4778698730e+02 6.4778497314e+02 6.4777502441e+02 6.4775201416e+02 6.4773400879e+02 6.4773400879e+02 6.4772497559e+02 6.4771197510e+02 6.4770397949e+02 6.4769500732e+02 6.4767401123e+02 6.4765301514e+02 6.4763397217e+02 6.4761199951e+02 6.4758898926e+02 6.4756597900e+02 6.4755700684e+02 6.4753802490e+02 6.4751098633e+02 6.4748699951e+02 6.4746099854e+02 6.4743902588e+02 6.4741802979e+02
6.4742700195e+02 6.4745098877e+02 6.4748602295e+02 6.4750897217e+02 6.4753399658e+02 6.4755902100e+02 6.4758697510e+02 6.4761798096e+02 6.4764001465e+02 6.4765899658e+02 6.4767199707e+02 6.4770202637e+02 6.4774499512e+02 6.4776599121e+02 6.4776599121e+02 6.4778100586e+02 6.4779699707e+02 6.4780999756e+02 6.4781701660e+02 6.4781097412e+02 6.4780700684e+02 6.4780603027e+02 6.4779302979e+02 6.4780297852e+02 6.4779699707e+02 6.4778100586e+02 6.4776397705e+02 6.4775402832e+02 6.4774102783e+02 6.4772900391e+02 6.4771801758e+02 6.4770599365e+02 6.4770501709e+02 6.4769299316e+02 6.4767102051e+02 6.4764801025e+02 6.4762799072e+02 6.4761102295e+02 6.4758398438e+02 6.4757299805e+02 6.4755798340e+02 6.4752899170e+02 6.4749798584e+02 6.4747998047e+02 6.4745599365e+02 6.4743402100e+02
6.4741699219e+02 6.4744799805e+02 6.4748400879e+02 6.4750500488e+02 6.4753002930e+02 6.4755603027e+02 6.4758099365e+02 6.4760601807e+02 6.4762298584e+02 6.4764697266e+02 6.4767102051e+02 6.4770001221e+02 6.4772998047e+02 6.4775097656e+02 6.4776702881e+02 6.4778698730e+02 6.4779998779e+02 6.4780798340e+02 6.4781701660e+02 6.4782202148e+02 6.4782000732e+02 6.4782098389e+02 6.4781298828e+02 6.4781701660e+02 6.4780499268e+02 6.4779400635e+02 6.4778601074e+02 6.4777001953e+02 6.4775000000e+02 6.4773901367e+02 6.4773297119e+02 6.4772497559e+02 6.4771997070e+02 6.4770202637e+02 6.4768103027e+02 6.4766497803e+02 6.4764501953e+02 6.4762902832e+02 6.4759899902e+02 6.4758599854e+02 6.4757098389e+02 6.4754302979e+02 6.4751300049e+02 6.4749700928e+02 6.4747302246e+02 6.4744702148e+02
6.4740698242e+02 6.4744097900e+02 6.4747802734e+02 6.4750000000e+02 6.4752502441e+02 6.4754998779e+02 6.4757501221e+02 6.4759600830e+02 6.4761901855e+02 6.4764801025e+02 6.4767199707e+02 6.4770501709e+02 6.4773199463e+02 6.4774597168e+02 6.4776702881e+02 6.4779199219e+02 6.4780603027e+02 6.4781201172e+02 6.4782098389e+02 6.4783197021e+02 6.4782702637e+02 6.4783197021e+02 6.4783398438e+02 6.4782897949e+02 6.4781402588e+02 6.4780902100e+02 6.4780603027e+02 6.4778302002e+02 6.4776501465e+02 6.4775799561e+02 6.4775598145e+02 6.4774700928e+02 6.4773602295e+02 6.4771600342e+02 6.4769500732e+02 6.4768103027e+02 6.4766198730e+02 6.4764599609e+02 6.4761199951e+02 6.4759497070e+02 6.4758099365e+02 6.4755603027e+02 6.4752600098e+02 6.4750701904e+02 6.4748400879e+02 6.4746002197e+02
6.4739501953e+02 6.4742901611e+02 6.4746899414e+02 6.4749499512e+02 6.4752001953e+02 6.4754498291e+02 6.4757299805e+02 6.4760400391e+02 6.4763201904e+02 6.4765698242e+02 6.4767297363e+02 6.4770599365e+02 6.4773400879e+02 6.4774700928e+02 6.4776898193e+02 6.4779400635e+02 6.4780902100e+02 6.4782000732e+02 6.4783099365e+02 6.4784100342e+02 6.4783502197e+02 6.4784197998e+02 6.4785498047e+02 6.4784600830e+02 6.4782897949e+02 6.4782598877e+02 6.4782202148e+02 6.4779998779e+02 6.4778497314e+02 6.4777697754e+02 6.4777099609e+02 6.4775701904e+02 6.4774401855e+02 6.4772698975e+02 6.4771099854e+02 6.4769500732e+02 6.4767401123e+02 6.4766101074e+02 6.4762701416e+02 6.4760302734e+02 6.4758599854e+02 6.4756500244e+02 6.4754302979e+02 6.4751898193e+02 6.4749401855e+02 6.4747399902e+02
