TESTSERVER/23/13.asc
NCOLS 100
NROWS 100
XLLCORNER 8.6497500000e+03
YLLCORNER 2.8930025000e+05
CELLSIZE 5.0000000000e-01
NODATA_VALUE -9.9990000000e+03
[rows 80 to 99 of 100, columns 46 to 91 of 100]
6.4708697510e+02 6.4707800293e+02 6.4707202148e+02 6.4704797363e+02 6.4702301025e+02 6.4701800537e+02 6.4701000977e+02 6.4700500488e+02 6.4698699951e+02 6.4699102783e+02 6.4698699951e+02 6.4697802734e+02 6.4697900391e+02 6.4695599365e+02 6.4692901611e+02 6.4692199707e+02 6.4693402100e+02 6.4693499756e+02 6.4692297363e+02 6.4690698242e+02 6.4689599609e+02 6.4685900879e+02 6.4682397461e+02 6.4681896973e+02 6.4682202148e+02 6.4680999756e+02 6.4680102539e+02 6.4679797363e+02 6.4679199219e+02 6.4680999756e+02 6.4681097412e+02 6.4681701660e+02 6.4681896973e+02 6.4680603027e+02 6.4680603027e+02 6.4681799316e+02 6.4681201172e+02 6.4680102539e+02 6.4680603027e+02 6.4681402588e+02 6.4681201172e+02 6.4681402588e+02 6.4679498291e+02 6.4677697754e+02 6.4676702881e+02 6.4677697754e+02
6.4711102295e+02 6.4709600830e+02 6.4708197021e+02 6.4706201172e+02 6.4704699707e+02 6.4703601074e+02 6.4701702881e+02 6.4700701904e+02 6.4699798584e+02 6.4699597168e+02 6.4698297119e+02 6.4697100830e+02 6.4697698975e+02 6.4696997070e+02 6.4695599365e+02 6.4694598389e+02 6.4695098877e+02 6.4694396973e+02 6.4693103027e+02 6.4691601563e+02 6.4690502930e+02 6.4687500000e+02 6.4683300781e+02 6.4681896973e+02 6.4681500244e+02 6.4679901123e+02 6.4678802490e+02 6.4679199219e+02 6.4678997803e+02 6.4680700684e+02 6.4681201172e+02 6.4680798340e+02 6.4680603027e+02 6.4680603027e+02 6.4680603027e+02 6.4681097412e+02 6.4680999756e+02 6.4679901123e+02 6.4680102539e+02 6.4680499268e+02 6.4680798340e+02 6.4679602051e+02 6.4677502441e+02 6.4676599121e+02 6.4676702881e+02 6.4677697754e+02
6.4713800049e+02 6.4711901855e+02 6.4709899902e+02 6.4708001709e+02 6.4706896973e+02 6.4705102539e+02 6.4702899170e+02 6.4701702881e+02 6.4700799561e+02 6.4699499512e+02 6.4698699951e+02 6.4698797607e+02 6.4698999023e+02 6.4698797607e+02 6.4698498535e+02 6.4697601318e+02 6.4696301270e+02 6.4694799805e+02 6.4693298340e+02 6.4692102051e+02 6.4690997314e+02 6.4688098145e+02 6.4684002686e+02 6.4682299805e+02 6.4680603027e+02 6.4678802490e+02 6.4677899170e+02 6.4678698730e+02 6.4679602051e+02 6.4680999756e+02 6.4681298828e+02 6.4680499268e+02 6.4680999756e+02 6.4681597900e+02 6.4681402588e+02 6.4681097412e+02 6.4680700684e+02 6.4678900146e+02 6.4678399658e+02 6.4679199219e+02 6.4680603027e+02 6.4678900146e+02 6.4676599121e+02 6.4676098633e+02 6.4676800537e+02 6.4678997803e+02
6.4716101074e+02 6.4714001465e+02 6.4712597656e+02 6.4710998535e+02 6.4709600830e+02 6.4707397461e+02 6.4704998779e+02 6.4703497314e+02 6.4702398682e+02 6.4700799561e+02 6.4700799561e+02 6.4701800537e+02 6.4701599121e+02 6.4700598145e+02 6.4700097656e+02 6.4698901367e+02 6.4696099854e+02 6.4694000244e+02 6.4692700195e+02 6.4691998291e+02 6.4691198730e+02 6.4687902832e+02 6.4684600830e+02 6.4683398438e+02 6.4680603027e+02 6.4678900146e+02 6.4677697754e+02 6.4677697754e+02 6.4680102539e+02 6.4681402588e+02 6.4681701660e+02 6.4681597900e+02 6.4682397461e+02 6.4683300781e+02 6.4683300781e+02 6.4682397461e+02 6.4681298828e+02 6.4678900146e+02 6.4677398682e+02 6.4677899170e+02 6.4679602051e+02 6.4677600098e+02 6.4675598145e+02 6.4675402832e+02 6.4676397705e+02 6.4680102539e+02
6.4718499756e+02 6.4716302490e+02 6.4715197754e+02 6.4713299561e+02 6.4710498047e+02 6.4709100342e+02 6.4706799316e+02 6.4705297852e+02 6.4704998779e+02 6.4703601074e+02 6.4703198242e+02 6.4703698730e+02 6.4703198242e+02 6.4702001953e+02 6.4700299072e+02 6.4698498535e+02 6.4696301270e+02 6.4693200684e+02 6.4692498779e+02 6.4691998291e+02 6.4690100098e+02 6.4688500977e+02 6.4685400391e+02 6.4684899902e+02 6.4683599854e+02 6.4680499268e+02 6.4679199219e+02 6.4678997803e+02 6.4680200195e+02 6.4681097412e+02 6.4681701660e+02 6.4682299805e+02 6.4682800293e+02 6.4684002686e+02 6.4684698486e+02 6.4683398438e+02 6.4682202148e+02 6.4679901123e+02 6.4677600098e+02 6.4677099609e+02 6.4677099609e+02 6.4675701904e+02 6.4674700928e+02 6.4675500488e+02 6.4677197266e+02 6.4681799316e+02
6.4721899414e+02 6.4719702148e+02 6.4717797852e+02 6.4715100098e+02 6.4711602783e+02 6.4710302734e+02 6.4708599854e+02 6.4707299805e+02 6.4705798340e+02 6.4704901123e+02 6.4704998779e+02 6.4705499268e+02 6.4704699707e+02 6.4704797363e+02 6.4702398682e+02 6.4698901367e+02 6.4696899414e+02 6.4694799805e+02 6.4694598389e+02 6.4694000244e+02 6.4692199707e+02 6.4690997314e+02 6.4687902832e+02 6.4686602783e+02 6.4686102295e+02 6.4684100342e+02 6.4683001709e+02 6.4681701660e+02 6.4680603027e+02 6.4681201172e+02 6.4682702637e+02 6.4683099365e+02 6.4683001709e+02 6.4684197998e+02 6.4685699463e+02 6.4685198975e+02 6.4684197998e+02 6.4681500244e+02 6.4679998779e+02 6.4678698730e+02 6.4675799561e+02 6.4673101807e+02 6.4673797607e+02 6.4677301025e+02 6.4680401611e+02 6.4683502197e+02
6.4723797607e+02 6.4722399902e+02 6.4719799805e+02 6.4716699219e+02 6.4713598633e+02 6.4712402344e+02 6.4710699463e+02 6.4709399414e+02 6.4707501221e+02 6.4706896973e+02 6.4706597900e+02 6.4706597900e+02 6.4705700684e+02 6.4706701660e+02 6.4704797363e+02 6.4701702881e+02 6.4700799561e+02 6.4699902344e+02 6.4699499512e+02 6.4698101807e+02 6.4695800781e+02 6.4693902588e+02 6.4691601563e+02 6.4690502930e+02 6.4689001465e+02 6.4686798096e+02 6.4685400391e+02 6.4684399414e+02 6.4682800293e+02 6.4682202148e+02 6.4682897949e+02 6.4682702637e+02 6.4682800293e+02 6.4684002686e+02 6.4685498047e+02 6.4685699463e+02 6.4685198975e+02 6.4682800293e+02 6.4682000732e+02 6.4680603027e+02 6.4676397705e+02 6.4671600342e+02 6.4672497559e+02 6.4677899170e+02 6.4682800293e+02 6.4684600830e+02
6.4725201416e+02 6.4723602295e+02 6.4720599365e+02 6.4717700195e+02 6.4715802002e+02 6.4714099121e+02 6.4711798096e+02 6.4710198975e+02 6.4708898926e+02 6.4709002686e+02 6.4708801270e+02 6.4708300781e+02 6.4707098389e+02 6.4707897949e+02 6.4707000732e+02 6.4705603027e+02 6.4705401611e+02 6.4705102539e+02 6.4704400635e+02 6.4702398682e+02 6.4700402832e+02 6.4696997070e+02 6.4695202637e+02 6.4695697021e+02 6.4694000244e+02 6.4690002441e+02 6.4686999512e+02 6.4685998535e+02 6.4684399414e+02 6.4683197021e+02 6.4683197021e+02 6.4682098389e+02 6.4682000732e+02 6.4683300781e+02 6.4684301758e+02 6.4684197998e+02 6.4684197998e+02 6.4683197021e+02 6.4682501221e+02 6.4680798340e+02 6.4677600098e+02 6.4672399902e+02 6.4672198486e+02 6.4677398682e+02 6.4683898926e+02 6.4685998535e+02
6.4728399658e+02 6.4724798584e+02 6.4721502686e+02 6.4719396973e+02 6.4717999268e+02 6.4714697266e+02 6.4712402344e+02 6.4711102295e+02 6.4710302734e+02 6.4710699463e+02 6.4710900879e+02 6.4710601807e+02 6.4709802246e+02 6.4708898926e+02 6.4708001709e+02 6.4707299805e+02 6.4707202148e+02 6.4707800293e+02 6.4707202148e+02 6.4705499268e+02 6.4703198242e+02 6.4700097656e+02 6.4698797607e+02 6.4700000000e+02 6.4698797607e+02 6.4694000244e+02 6.4689001465e+02 6.4685797119e+02 6.4683697510e+02 6.4683599854e+02 6.4683898926e+02 6.4681896973e+02 6.4680401611e+02 6.4683197021e+02 6.4683801270e+02 6.4683001709e+02 6.4683898926e+02 6.4684002686e+02 6.4682897949e+02 6.4679400635e+02 6.4675402832e+02 6.4672399902e+02 6.4672998047e+02 6.4678302002e+02 6.4684899902e+02 6.4686499023e+02
6.4730200195e+02 6.4726202393e+02 6.4722998047e+02 6.4720300293e+02 6.4717797852e+02 6.4714599609e+02 6.4713299561e+02 6.4712701416e+02 6.4712097168e+02 6.4711901855e+02 6.4711499023e+02 6.4711499023e+02 6.4711199951e+02 6.4710699463e+02 6.4709899902e+02 6.4709301758e+02 6.4708898926e+02 6.4709301758e+02 6.4708502197e+02 6.4707800293e+02 6.4706500244e+02 6.4703302002e+02 6.4702301025e+02 6.4703198242e+02 6.4700799561e+02 6.4696002197e+02 6.4691400146e+02 6.4688397217e+02 6.4684899902e+02 6.4683502197e+02 6.4683197021e+02 6.4680999756e+02 6.4679998779e+02 6.4682501221e+02 6.4683001709e+02 6.4682202148e+02 6.4684002686e+02 6.4685101318e+02 6.4682800293e+02 6.4678100586e+02 6.4674401855e+02 6.4671801758e+02 6.4673199463e+02 6.4679199219e+02 6.4685400391e+02 6.4686297607e+02
6.4732098389e+02 6.4728497314e+02 6.4725201416e+02 6.4721899414e+02 6.4718597412e+02 6.4715600586e+02 6.4714898682e+02 6.4714300537e+02 6.4713201904e+02 6.4712597656e+02 6.4711499023e+02 6.4711602783e+02 6.4712298584e+02 6.4711999512e+02 6.4711602783e+02 6.4711199951e+02 6.4710198975e+02 6.4710302734e+02 6.4709698486e+02 6.4709698486e+02 6.4709100342e+02 6.4706597900e+02 6.4704498291e+02 6.4704199219e+02 6.4702398682e+02 6.4697497559e+02 6.4693200684e+02 6.4690100098e+02 6.4685900879e+02 6.4683300781e+02 6.4681298828e+02 6.4679302979e+02 6.4680499268e+02 6.4682299805e+02 6.4681298828e+02 6.4680499268e+02 6.4682897949e+02 6.4684399414e+02 6.4681402588e+02 6.4676599121e+02 6.4673797607e+02 6.4671899414e+02 6.4673101807e+02 6.4677301025e+02 6.4681799316e+02 6.4683099365e+02
6.4733398438e+02 6.4730200195e+02 6.4727001953e+02 6.4723999023e+02 6.4721002197e+02 6.4717901611e+02 6.4716998291e+02 6.4716198730e+02 6.4714501953e+02 6.4714202881e+02 6.4713000488e+02 6.4712701416e+02 6.4712902832e+02 6.4712500000e+02 6.4712402344e+02 6.4711999512e+02 6.4710699463e+02 6.4710400391e+02 6.4710699463e+02 6.4711199951e+02 6.4710101318e+02 6.4709100342e+02 6.4706799316e+02 6.4705499268e+02 6.4703802490e+02 6.4697998047e+02 6.4693701172e+02 6.4690600586e+02 6.4687500000e+02 6.4683898926e+02 6.4679199219e+02 6.4677197266e+02 6.4680499268e+02 6.4681597900e+02 6.4679302979e+02 6.4678900146e+02 6.4680999756e+02 6.4682000732e+02 6.4678997803e+02 6.4674597168e+02 6.4673297119e+02 6.4672900391e+02 6.4674298096e+02 6.4677099609e+02 6.4678601074e+02 6.4679602051e+02
6.4734497070e+02 6.4731500244e+02 6.4728302002e+02 6.4725500488e+02 6.4722698975e+02 6.4720001221e+02 6.4719201660e+02 6.4718597412e+02 6.4716998291e+02 6.4715698242e+02 6.4714697266e+02 6.4714099121e+02 6.4713201904e+02 6.4713397217e+02 6.4713500977e+02 6.4712799072e+02 6.4711499023e+02 6.4710400391e+02 6.4710900879e+02 6.4711499023e+02 6.4710998535e+02 6.4710699463e+02 6.4709100342e+02 6.4706701660e+02 6.4705499268e+02 6.4698699951e+02 6.4694201660e+02 6.4691400146e+02 6.4688702393e+02 6.4684600830e+02 6.4678900146e+02 6.4677502441e+02 6.4680999756e+02 6.4680999756e+02 6.4679101563e+02 6.4679199219e+02 6.4681097412e+02 6.4680102539e+02 6.4677301025e+02 6.4673797607e+02 6.4673797607e+02 6.4674200439e+02 6.4676300049e+02 6.4678802490e+02 6.4678497314e+02 6.4678997803e+02
6.4736199951e+02 6.4733398438e+02 6.4730798340e+02 6.4728399658e+02 6.4726098633e+02 6.4723400879e+02 6.4721697998e+02 6.4720397949e+02 6.4718597412e+02 6.4717498779e+02 6.4716302490e+02 6.4715802002e+02 6.4714801025e+02 6.4715399170e+02 6.4714801025e+02 6.4713000488e+02 6.4711700439e+02 6.4710998535e+02 6.4710900879e+02 6.4711199951e+02 6.4711499023e+02 6.4711999512e+02 6.4710400391e+02 6.4707598877e+02 6.4705798340e+02 6.4701300049e+02 6.4697198486e+02 6.4692498779e+02 6.4688299561e+02 6.4686102295e+02 6.4681799316e+02 6.4680700684e+02 6.4681896973e+02 6.4680700684e+02 6.4678698730e+02 6.4679797363e+02 6.4680700684e+02 6.4678601074e+02 6.4676397705e+02 6.4673699951e+02 6.4673101807e+02 6.4675897217e+02 6.4679699707e+02 6.4681799316e+02 6.4680700684e+02 6.4680297852e+02
6.4737597656e+02 6.4734600830e+02 6.4732098389e+02 6.4729797363e+02 6.4727899170e+02 6.4725500488e+02 6.4723699951e+02 6.4721899414e+02 6.4719897461e+02 6.4718701172e+02 6.4717498779e+02 6.4716900635e+02 6.4715802002e+02 6.4716998291e+02 6.4716497803e+02 6.4714398193e+02 6.4712500000e+02 6.4711401367e+02 6.4711102295e+02 6.4711297607e+02 6.4711401367e+02 6.4710699463e+02 6.4709399414e+02 6.4707299805e+02 6.4705200195e+02 6.4700701904e+02 6.4696502686e+02 6.4692199707e+02 6.4689001465e+02 6.4686901855e+02 6.4682800293e+02 6.4682202148e+02 6.4682501221e+02 6.4680603027e+02 6.4679602051e+02 6.4681201172e+02 6.4680700684e+02 6.4677899170e+02 6.4676000977e+02 6.4673999023e+02 6.4673199463e+02 6.4677197266e+02 6.4682000732e+02 6.4683697510e+02 6.4682800293e+02 6.4682800293e+02
6.4739398193e+02 6.4736602783e+02 6.4733801270e+02 6.4731201172e+02 6.4729302979e+02 6.4727197266e+02 6.4724902344e+02 6.4722601318e+02 6.4720397949e+02 6.4719000244e+02 6.4718402100e+02 6.4718597412e+02 6.4717297363e+02 6.4717401123e+02 6.4717401123e+02 6.4716302490e+02 6.4714599609e+02 6.4712799072e+02 6.4712298584e+02 6.4712200928e+02 6.4710900879e+02 6.4709197998e+02 6.4708001709e+02 6.4706097412e+02 6.4703198242e+02 6.4697998047e+02 6.4694299316e+02 6.4691400146e+02 6.4689599609e+02 6.4687402344e+02 6.4684002686e+02 6.4683801270e+02 6.4683001709e+02 6.4681896973e+02 6.4681896973e+02 6.4682598877e+02 6.4681201172e+02 6.4678601074e+02 6.4676098633e+02 6.4674798584e+02 6.4675500488e+02 6.4679797363e+02 6.4683197021e+02 6.4683502197e+02 6.4683502197e+02 6.4684600830e+02
6.4740698242e+02 6.4738299561e+02 6.4735900879e+02 6.4733001709e+02 6.4730102539e+02 6.4728497314e+02 6.4726000977e+02 6.4723199463e+02 6.4721301270e+02 6.4719299316e+02 6.4718402100e+02 6.4718701172e+02 6.4718402100e+02 6.4718298340e+02 6.4718200684e+02 6.4717602539e+02 6.4716900635e+02 6.4715399170e+02 6.4714599609e+02 6.4713299561e+02 6.4710998535e+02 6.4709002686e+02 6.4706500244e+02 6.4703302002e+02 6.4700299072e+02 6.4696002197e+02 6.4693298340e+02 6.4690600586e+02 6.4688500977e+02 6.4686999512e+02 6.4685998535e+02 6.4686102295e+02 6.4684698486e+02 6.4684100342e+02 6.4684100342e+02 6.4684002686e+02 6.4682202148e+02 6.4678900146e+02 6.4675402832e+02 6.4674902344e+02 6.4677600098e+02 6.4683001709e+02 6.4685101318e+02 6.4684600830e+02 6.4684197998e+02 6.4685198975e+02
6.4741699219e+02 6.4739099121e+02 6.4736999512e+02 6.4734301758e+02 6.4731500244e+02 6.4729400635e+02 6.4727697754e+02 6.4725201416e+02 6.4722802734e+02 6.4720599365e+02 6.4719500732e+02 6.4719201660e+02 6.4719396973e+02 6.4719799805e+02 6.4720501709e+02 6.4720001221e+02 6.4719500732e+02 6.4718701172e+02 6.4717700195e+02 6.4715600586e+02 6.4712799072e+02 6.4709698486e+02 6.4706097412e+02 6.4702001953e+02 6.4697802734e+02 6.4694000244e+02 6.4691802979e+02 6.4689697266e+02 6.4688702393e+02 6.4686901855e+02 6.4687298584e+02 6.4688000488e+02 6.4686602783e+02 6.4686102295e+02 6.4685699463e+02 6.4685601807e+02 6.4683099365e+02 6.4677600098e+02 6.4674200439e+02 6.4676202393e+02 6.4680700684e+02 6.4684802246e+02 6.4686602783e+02 6.4686999512e+02 6.4686199951e+02 6.4686102295e+02
6.4742602539e+02 6.4740100098e+02 6.4738098145e+02 6.4735400391e+02 6.4733001709e+02 6.4731201172e+02 6.4729498291e+02 6.4727301025e+02 6.4724401855e+02 6.4721997070e+02 6.4720800781e+02 6.4720397949e+02 6.4720202637e+02 6.4720397949e+02 6.4721301270e+02 6.4721099854e+02 6.4720501709e+02 6.4720202637e+02 6.4718798828e+02 6.4716601563e+02 6.4714501953e+02 6.4711401367e+02 6.4707000732e+02 6.4702301025e+02 6.4697802734e+02 6.4694598389e+02 6.4692700195e+02 6.4691101074e+02 6.4690197754e+02 6.4688800049e+02 6.4689501953e+02 6.4689599609e+02 6.4687500000e+02 6.4686999512e+02 6.4686602783e+02 6.4685601807e+02 6.4682397461e+02 6.4677197266e+02 6.4674298096e+02 6.4677600098e+02 6.4683398438e+02 6.4686602783e+02 6.4687500000e+02 6.4688000488e+02 6.4687298584e+02 6.4686999512e+02
6.4744500732e+02 6.4741998291e+02 6.4740100098e+02 6.4737200928e+02 6.4734497070e+02 6.4732897949e+02 6.4730999756e+02 6.4729199219e+02 6.4726800537e+02 6.4723901367e+02 6.4722198486e+02 6.4721502686e+02 6.4720599365e+02 6.4720800781e+02 6.4721197510e+02 6.4720898438e+02 6.4720300293e+02 6.4720800781e+02 6.4719500732e+02 6.4717199707e+02 6.4714599609e+02 6.4711798096e+02 6.4707800293e+02 6.4703198242e+02 6.4699597168e+02 6.4695501709e+02 6.4693499756e+02 6.4692700195e+02 6.4691400146e+02 6.4690600586e+02 6.4690997314e+02 6.4690502930e+02 6.4689202881e+02 6.4688702393e+02 6.4687701416e+02 6.4685400391e+02 6.4681402588e+02 6.4676800537e+02 6.4675097656e+02 6.4679199219e+02 6.4685302734e+02 6.4687799072e+02 6.4688500977e+02 6.4688800049e+02 6.4688000488e+02 6.4687200928e+02
