TESTSERVER/23/15.asc
NCOLS 100
NROWS 100
XLLCORNER 8.6497500000e+03
YLLCORNER 2.8920025000e+05
CELLSIZE 5.0000000000e-01
NODATA_VALUE -9.9990000000e+03
[rows 60 to 79 of 100, columns 0 to 45 of 100]
6.3148699951e+02 6.3156701660e+02 6.3165502930e+02 6.3173999023e+02 6.3182897949e+02 6.3192401123e+02 6.3201898193e+02 6.3210400391e+02 6.3218200684e+02 6.3227502441e+02 6.3238000488e+02 6.3247198486e+02 6.3256201172e+02 6.3265502930e+02 6.3275097656e+02 6.3284698486e+02 6.3295300293e+02 6.3306201172e+02 6.3315197754e+02 6.3325897217e+02 6.3337701416e+02 6.3349597168e+02 6.3360498047e+02 6.3370800781e+02 6.3381298828e+02 6.3392297363e+02 6.3403302002e+02 6.3412902832e+02 6.3423297119e+02 6.3435198975e+02 6.3446301270e+02 6.3457397461e+02 6.3468103027e+02 6.3478198242e+02 6.3486499023e+02 6.3496801758e+02 6.3507800293e+02 6.3518200684e+02 6.3529699707e+02 6.3542199707e+02 6.3553399658e+02 6.3564202881e+02 6.3573699951e+02 6.3585198975e+02 6.3594799805e+02 6.3603997803e+02
6.3130902100e+02 6.3138201904e+02 6.3147100830e+02 6.3155902100e+02 6.3164697266e+02 6.3172998047e+02 6.3182202148e+02 6.3190502930e+02 6.3199298096e+02 6.3209100342e+02 6.3219201660e+02 6.3227801514e+02 6.3237200928e+02 6.3247198486e+02 6.3257202148e+02 6.3265899658e+02 6.3275500488e+02 6.3285699463e+02 6.3294702148e+02 6.3304797363e+02 6.3316699219e+02 6.3328601074e+02 6.3339501953e+02 6.3349700928e+02 6.3361297607e+02 6.3373498535e+02 6.3384698486e+02 6.3393103027e+02 6.3402398682e+02 6.3414099121e+02 6.3426098633e+02 6.3436401367e+02 6.3447399902e+02 6.3459002686e+02 6.3468200684e+02 6.3478900146e+02 6.3489697266e+02 6.3498498535e+02 6.3509301758e+02 6.3521997070e+02 6.3533502197e+02 6.3544500732e+02 6.3553399658e+02 6.3564099121e+02 6.3573797607e+02 6.3582897949e+02
6.3113897705e+02 6.3120501709e+02 6.3128802490e+02 6.3137200928e+02 6.3145800781e+02 6.3153802490e+02 6.3162402344e+02 6.3170397949e+02 6.3179797363e+02 6.3189801025e+02 6.3199499512e+02 6.3208300781e+02 6.3217498779e+02 6.3227697754e+02 6.3238299561e+02 6.3246002197e+02 6.3255200195e+02 6.3264599609e+02 6.3273797607e+02 6.3284399414e+02 6.3296002197e+02 6.3307897949e+02 6.3319097900e+02 6.3329199219e+02 6.3340997314e+02 6.3353399658e+02 6.3363800049e+02 6.3371899414e+02 6.3381500244e+02 6.3393701172e+02 6.3406097412e+02 6.3415899658e+02 6.3427502441e+02 6.3439801025e+02 6.3449499512e+02 6.3460699463e+02 6.3471398926e+02 6.3479699707e+02 6.3490002441e+02 6.3502398682e+02 6.3513500977e+02 6.3524499512e+02 6.3533502197e+02 6.3543902588e+02 6.3553399658e+02 6.3562799072e+02
6.3096697998e+02 6.3103302002e+02 6.3111199951e+02 6.3118902588e+02 6.3127398682e+02 6.3135498047e+02 6.3143902588e+02 6.3152197266e+02 6.3161199951e+02 6.3170098877e+02 6.3179199219e+02 6.3188500977e+02 6.3197802734e+02 6.3207702637e+02 6.3217999268e+02 6.3225500488e+02 6.3234997559e+02 6.3244000244e+02 6.3253601074e+02 6.3264398193e+02 6.3275500488e+02 6.3287298584e+02 6.3298797607e+02 6.3308599854e+02 6.3320202637e+02 6.3332397461e+02 6.3342602539e+02 6.3352099609e+02 6.3362701416e+02 6.3375000000e+02 6.3387402344e+02 6.3396997070e+02 6.3408398438e+02 6.3420397949e+02 6.3429998779e+02 6.3440899658e+02 6.3451501465e+02 6.3460198975e+02 6.3470599365e+02 6.3482397461e+02 6.3493103027e+02 6.3503997803e+02 6.3513598633e+02 6.3523999023e+02 6.3533697510e+02 6.3543597412e+02
6.3078900146e+02 6.3086499023e+02 6.3094500732e+02 6.3101000977e+02 6.3109301758e+02 6.3117199707e+02 6.3125598145e+02 6.3135101318e+02 6.3142797852e+02 6.3150500488e+02 6.3159698486e+02 6.3169500732e+02 6.3178399658e+02 6.3187097168e+02 6.3196301270e+02 6.3204699707e+02 6.3214300537e+02 6.3222900391e+02 6.3234899902e+02 6.3245800781e+02 6.3255798340e+02 6.3266900635e+02 6.3277801514e+02 6.3287799072e+02 6.3299401855e+02 6.3311499023e+02 6.3322900391e+02 6.3331896973e+02 6.3343200684e+02 6.3355902100e+02 6.3369000244e+02 6.3378997803e+02 6.3389202881e+02 6.3400799561e+02 6.3411700439e+02 6.3420898438e+02 6.3430999756e+02 6.3440100098e+02 6.3448999023e+02 6.3460900879e+02 6.3471899414e+02 6.3482397461e+02 6.3491900635e+02 6.3502600098e+02 6.3513201904e+02 6.3523999023e+02
6.3062298584e+02 6.3069201660e+02 6.3076599121e+02 6.3082897949e+02 6.3091101074e+02 6.3098797607e+02 6.3106597900e+02 6.3115502930e+02 6.3123699951e+02 6.3132000732e+02 6.3141497803e+02 6.3151599121e+02 6.3159497070e+02 6.3166900635e+02 6.3178002930e+02 6.3186401367e+02 6.3195397949e+02 6.3204400635e+02 6.3215399170e+02 6.3225500488e+02 6.3235601807e+02 6.3246502686e+02 6.3256799316e+02 6.3267498779e+02 6.3279302979e+02 6.3290899658e+02 6.3302301025e+02 6.3311901855e+02 6.3323199463e+02 6.3335699463e+02 6.3348199463e+02 6.3359002686e+02 6.3369000244e+02 6.3380401611e+02 6.3390100098e+02 6.3400500488e+02 6.3411199951e+02 6.3420300293e+02 6.3429602051e+02 6.3441198730e+02 6.3452197266e+02 6.3462200928e+02 6.3471099854e+02 6.3481097412e+02 6.3491497803e+02 6.3503002930e+02
6.3045098877e+02 6.3051898193e+02 6.3059497070e+02 6.3065698242e+02 6.3072900391e+02 6.3080102539e+02 6.3087597656e+02 6.3096002197e+02 6.3104302979e+02 6.3112799072e+02 6.3122198486e+02 6.3132202148e+02 6.3139898682e+02 6.3147302246e+02 6.3158898926e+02 6.3167199707e+02 6.3176898193e+02 6.3185998535e+02 6.3194201660e+02 6.3203601074e+02 6.3214300537e+02 6.3225500488e+02 6.3235498047e+02 6.3246600342e+02 6.3258398438e+02 6.3269201660e+02 6.3279699707e+02 6.3290100098e+02 6.3302001953e+02 6.3314599609e+02 6.3326202393e+02 6.3336700439e+02 6.3347100830e+02 6.3358801270e+02 6.3368798828e+02 6.3380102539e+02 6.3391101074e+02 6.3400897217e+02 6.3410699463e+02 6.3421301270e+02 6.3431500244e+02 6.3441900635e+02 6.3451702881e+02 6.3461798096e+02 6.3471801758e+02 6.3482501221e+02
6.3027398682e+02 6.3034100342e+02 6.3042102051e+02 6.3048101807e+02 6.3055102539e+02 6.3062799072e+02 6.3070001221e+02 6.3077600098e+02 6.3085797119e+02 6.3094000244e+02 6.3102697754e+02 6.3112298584e+02 6.3120001221e+02 6.3127801514e+02 6.3139202881e+02 6.3147601318e+02 6.3157800293e+02 6.3166802979e+02 6.3173999023e+02 6.3183197021e+02 6.3194097900e+02 6.3205200195e+02 6.3215100098e+02 6.3226202393e+02 6.3237902832e+02 6.3248297119e+02 6.3258197021e+02 6.3268798828e+02 6.3280902100e+02 6.3293499756e+02 6.3304400635e+02 6.3314398193e+02 6.3325598145e+02 6.3338000488e+02 6.3348699951e+02 6.3359899902e+02 6.3370397949e+02 6.3380499268e+02 6.3390899658e+02 6.3400701904e+02 6.3410400391e+02 6.3421301270e+02 6.3432098389e+02 6.3442297363e+02 6.3452502441e+02 6.3462701416e+02
6.3010900879e+02 6.3016802979e+02 6.3024102783e+02 6.3030603027e+02 6.3037902832e+02 6.3046197510e+02 6.3053601074e+02 6.3060302734e+02 6.3068200684e+02 6.3076300049e+02 6.3085998535e+02 6.3094299316e+02 6.3101599121e+02 6.3110400391e+02 6.3121899414e+02 6.3128497314e+02 6.3137402344e+02 6.3145898438e+02 6.3154498291e+02 6.3164501953e+02 6.3174798584e+02 6.3185699463e+02 6.3196099854e+02 6.3206500244e+02 6.3217498779e+02 6.3228198242e+02 6.3239001465e+02 6.3248699951e+02 6.3259997559e+02 6.3272399902e+02 6.3283300781e+02 6.3293701172e+02 6.3305401611e+02 6.3317602539e+02 6.3327398682e+02 6.3339001465e+02 6.3348999023e+02 6.3359002686e+02 6.3370397949e+02 6.3380499268e+02 6.3390600586e+02 6.3401000977e+02 6.3410900879e+02 6.3421398926e+02 6.3432098389e+02 6.3442602539e+02
6.2996197510e+02 6.3002197266e+02 6.3007598877e+02 6.3013598633e+02 6.3020202637e+02 6.3027801514e+02 6.3036401367e+02 6.3044097900e+02 6.3050799561e+02 6.3057501221e+02 6.3067102051e+02 6.3075598145e+02 6.3082098389e+02 6.3090600586e+02 6.3101800537e+02 6.3109301758e+02 6.3117901611e+02 6.3125402832e+02 6.3134399414e+02 6.3145001221e+02 6.3155401611e+02 6.3166497803e+02 6.3177502441e+02 6.3187597656e+02 6.3197302246e+02 6.3207098389e+02 6.3218200684e+02 6.3228802490e+02 6.3240301514e+02 6.3252398682e+02 6.3263098145e+02 6.3273101807e+02 6.3284301758e+02 6.3296398926e+02 6.3306500244e+02 6.3318402100e+02 6.3328802490e+02 6.3338897705e+02 6.3350201416e+02 6.3360601807e+02 6.3371398926e+02 6.3381500244e+02 6.3391400146e+02 6.3401599121e+02 6.3410900879e+02 6.3421502686e+02
6.2980297852e+02 6.2986901855e+02 6.2991900635e+02 6.2997698975e+02 6.3003802490e+02 6.3010699463e+02 6.3019097900e+02 6.3026397705e+02 6.3032702637e+02 6.3039099121e+02 6.3048199463e+02 6.3056799316e+02 6.3063598633e+02 6.3071398926e+02 6.3081701660e+02 6.3090301514e+02 6.3099499512e+02 6.3107598877e+02 6.3116198730e+02 6.3126202393e+02 6.3135797119e+02 6.3146502686e+02 6.3157800293e+02 6.3167901611e+02 6.3177301025e+02 6.3187097168e+02 6.3197998047e+02 6.3209002686e+02 6.3221002197e+02 6.3232800293e+02 6.3243499756e+02 6.3254101563e+02 6.3265301514e+02 6.3277301025e+02 6.3287402344e+02 6.3298999023e+02 6.3309100342e+02 6.3318597412e+02 6.3329498291e+02 6.3340399170e+02 6.3351599121e+02 6.3362799072e+02 6.3373699951e+02 6.3383001709e+02 6.3391101074e+02 6.3402001953e+02
6.2963897705e+02 6.2970300293e+02 6.2976397705e+02 6.2982000732e+02 6.2987200928e+02 6.2992901611e+02 6.3000701904e+02 6.3008099365e+02 6.3014599609e+02 6.3021697998e+02 6.3030499268e+02 6.3038897705e+02 6.3046197510e+02 6.3053802490e+02 6.3062298584e+02 6.3071301270e+02 6.3080798340e+02 6.3089099121e+02 6.3097698975e+02 6.3107501221e+02 6.3116699219e+02 6.3127197266e+02 6.3137799072e+02 6.3147198486e+02 6.3156402588e+02 6.3166699219e+02 6.3178399658e+02 6.3189501953e+02 6.3201397705e+02 6.3213098145e+02 6.3223999023e+02 6.3235400391e+02 6.3246502686e+02 6.3257897949e+02 6.3267901611e+02 6.3279400635e+02 6.3289501953e+02 6.3298901367e+02 6.3309600830e+02 6.3320800781e+02 6.3331896973e+02 6.3343402100e+02 6.3354699707e+02 6.3363397217e+02 6.3371197510e+02 6.3381896973e+02
6.2946301270e+02 6.2952099609e+02 6.2959100342e+02 6.2964099121e+02 6.2969897461e+02 6.2976000977e+02 6.2982897949e+02 6.2990002441e+02 6.2997198486e+02 6.3005297852e+02 6.3013098145e+02 6.3020397949e+02 6.3028302002e+02 6.3036499023e+02 6.3045599365e+02 6.3052197266e+02 6.3061700439e+02 6.3070697021e+02 6.3080499268e+02 6.3088598633e+02 6.3098297119e+02 6.3109100342e+02 6.3119598389e+02 6.3127301025e+02 6.3135900879e+02 6.3146502686e+02 6.3158502197e+02 6.3169000244e+02 6.3180401611e+02 6.3192498779e+02 6.3204998779e+02 6.3215502930e+02 6.3226397705e+02 6.3237500000e+02 6.3247399902e+02 6.3259197998e+02 6.3269702148e+02 6.3279101563e+02 6.3290301514e+02 6.3302301025e+02 6.3313800049e+02 6.3324798584e+02 6.3334899902e+02 6.3344396973e+02 6.3354199219e+02 6.3364697266e+02
6.2929901123e+02 6.2935498047e+02 6.2940802002e+02 6.2946197510e+02 6.2953002930e+02 6.2960101318e+02 6.2966601563e+02 6.2973400879e+02 6.2980401611e+02 6.2987500000e+02 6.2994000244e+02 6.3002801514e+02 6.3011401367e+02 6.3018298340e+02 6.3026800537e+02 6.3035198975e+02 6.3044500732e+02 6.3053002930e+02 6.3062200928e+02 6.3070202637e+02 6.3079797363e+02 6.3089898682e+02 6.3098901367e+02 6.3107897949e+02 6.3117199707e+02 6.3128198242e+02 6.3139202881e+02 6.3148602295e+02 6.3159802246e+02 6.3171697998e+02 6.3183599854e+02 6.3194598389e+02 6.3206298828e+02 6.3217498779e+02 6.3227697754e+02 6.3241497803e+02 6.3253002930e+02 6.3261499023e+02 6.3272302246e+02 6.3284600830e+02 6.3296502686e+02 6.3307598877e+02 6.3316699219e+02 6.3327099609e+02 6.3337200928e+02 6.3347698975e+02
6.2914202881e+02 6.2919702148e+02 6.2923602295e+02 6.2928601074e+02 6.2935797119e+02 6.2943402100e+02 6.2950000000e+02 6.2957202148e+02 6.2963201904e+02 6.2968701172e+02 6.2975402832e+02 6.2984698486e+02 6.2992297363e+02 6.2997998047e+02 6.3007397461e+02 6.3017297363e+02 6.3026202393e+02 6.3034100342e+02 6.3043597412e+02 6.3051702881e+02 6.3061700439e+02 6.3071899414e+02 6.3080200195e+02 6.3089501953e+02 6.3098297119e+02 6.3108197021e+02 6.3119097900e+02 6.3129302979e+02 6.3141101074e+02 6.3152301025e+02 6.3162701416e+02 6.3175000000e+02 6.3187298584e+02 6.3198297119e+02 6.3207897949e+02 6.3222100830e+02 6.3233898926e+02 6.3243103027e+02 6.3253997803e+02 6.3266400146e+02 6.3278302002e+02 6.3289099121e+02 6.3298602295e+02 6.3310400391e+02 6.3320397949e+02 6.3330499268e+02
6.2898602295e+02 6.2903601074e+02 6.2907299805e+02 6.2912200928e+02 6.2919500732e+02 6.2927001953e+02 6.2933502197e+02 6.2940002441e+02 6.2944396973e+02 6.2949200439e+02 6.2957702637e+02 6.2966699219e+02 6.2972802734e+02 6.2978002930e+02 6.2988098145e+02 6.2997802734e+02 6.3006799316e+02 6.3015502930e+02 6.3025598145e+02 6.3032501221e+02 6.3042401123e+02 6.3052899170e+02 6.3061901855e+02 6.3071899414e+02 6.3080603027e+02 6.3089697266e+02 6.3100299072e+02 6.3110797119e+02 6.3122497559e+02 6.3133398438e+02 6.3143597412e+02 6.3156298828e+02 6.3169000244e+02 6.3179797363e+02 6.3189099121e+02 6.3202600098e+02 6.3214001465e+02 6.3224499512e+02 6.3236102295e+02 6.3249102783e+02 6.3260400391e+02 6.3270397949e+02 6.3281201172e+02 6.3293499756e+02 6.3302801514e+02 6.3313299561e+02
6.2883599854e+02 6.2888500977e+02 6.2892700195e+02 6.2897399902e+02 6.2903997803e+02 6.2910302734e+02 6.2915600586e+02 6.2921002197e+02 6.2925897217e+02 6.2932098389e+02 6.2941198730e+02 6.2950000000e+02 6.2955401611e+02 6.2960699463e+02 6.2970397949e+02 6.2978698730e+02 6.2988500977e+02 6.2998199463e+02 6.3006201172e+02 6.3013098145e+02 6.3021997070e+02 6.3031500244e+02 6.3038897705e+02 6.3051397705e+02 6.3061901855e+02 6.3071899414e+02 6.3083099365e+02 6.3091699219e+02 6.3102001953e+02 6.3113397217e+02 6.3125799561e+02 6.3137902832e+02 6.3150299072e+02 6.3161499023e+02 6.3171002197e+02 6.3183197021e+02 6.3195501709e+02 6.3207299805e+02 6.3219299316e+02 6.3231701660e+02 6.3241900635e+02 6.3251898193e+02 6.3264202881e+02 6.3274902344e+02 6.3284399414e+02 6.3296002197e+02
6.2869000244e+02 6.2874102783e+02 6.2878497314e+02 6.2882897949e+02 6.2888500977e+02 6.2893200684e+02 6.2897802734e+02 6.2903802490e+02 6.2910198975e+02 6.2916302490e+02 6.2923297119e+02 6.2930902100e+02 6.2936297607e+02 6.2942199707e+02 6.2951501465e+02 6.2961102295e+02 6.2972399902e+02 6.2980603027e+02 6.2987701416e+02 6.2994201660e+02 6.3002801514e+02 6.3012097168e+02 6.3020202637e+02 6.3031701660e+02 6.3041699219e+02 6.3051599121e+02 6.3063201904e+02 6.3073101807e+02 6.3083300781e+02 6.3094000244e+02 6.3106402588e+02 6.3119000244e+02 6.3131201172e+02 6.3142999268e+02 6.3153302002e+02 6.3164801025e+02 6.3177801514e+02 6.3190802002e+02 6.3201300049e+02 6.3212902832e+02 6.3224298096e+02 6.3235198975e+02 6.3246002197e+02 6.3257501221e+02 6.3268597412e+02 6.3280102539e+02
6.2854901123e+02 6.2859100342e+02 6.2863000488e+02 6.2867199707e+02 6.2872302246e+02 6.2876702881e+02 6.2881402588e+02 6.2887200928e+02 6.2893200684e+02 6.2898797607e+02 6.2905902100e+02 6.2914001465e+02 6.2920599365e+02 6.2927197266e+02 6.2935900879e+02 6.2945697021e+02 6.2955700684e+02 6.2962902832e+02 6.2969897461e+02 6.2975402832e+02 6.2983099365e+02 6.2992297363e+02 6.3001702881e+02 6.3013098145e+02 6.3022998047e+02 6.3032800293e+02 6.3043902588e+02 6.3054199219e+02 6.3065197754e+02 6.3076300049e+02 6.3088000488e+02 6.3100097656e+02 6.3112402344e+02 6.3124700928e+02 6.3135302734e+02 6.3147100830e+02 6.3159899902e+02 6.3172198486e+02 6.3182702637e+02 6.3194598389e+02 6.3207598877e+02 6.3219201660e+02 6.3229199219e+02 6.3241400146e+02 6.3252600098e+02 6.3263500977e+02
6.2839801025e+02 6.2843701172e+02 6.2847100830e+02 6.2850598145e+02 6.2855297852e+02 6.2859497070e+02 6.2864202881e+02 6.2869396973e+02 6.2874902344e+02 6.2880297852e+02 6.2887902832e+02 6.2896600342e+02 6.2904400635e+02 6.2911499023e+02 6.2919500732e+02 6.2928900146e+02 6.2937298584e+02 6.2943597412e+02 6.2951202393e+02 6.2956799316e+02 6.2964300537e+02 6.2973297119e+02 6.2983099365e+02 6.2993701172e+02 6.3003399658e+02 6.3013299561e+02 6.3023498535e+02 6.3033599854e+02 6.3045501709e+02 6.3057299805e+02 6.3068701172e+02 6.3080200195e+02 6.3092602539e+02 6.3105297852e+02 6.3116101074e+02 6.3128997803e+02 6.3141699219e+02 6.3153399658e+02 6.3164898682e+02 6.3176702881e+02 6.3189898682e+02 6.3202502441e+02 6.3213598633e+02 6.3225500488e+02 6.3236499023e+02 6.3247100830e+02
