TESTSERVER/23/15.asc
NCOLS 100
NROWS 100
XLLCORNER 8.6497500000e+03
YLLCORNER 2.8920025000e+05
CELLSIZE 5.0000000000e-01
NODATA_VALUE -9.9990000000e+03
[rows 40 to 59 of 100, columns 0 to 45 of 100]
6.3523101807e+02 6.3532598877e+02 6.3543200684e+02 6.3554901123e+02 6.3565698242e+02 6.3577099609e+02 6.3588598633e+02 6.3598297119e+02 6.3609197998e+02 6.3621197510e+02 6.3633801270e+02 6.3644897461e+02 6.3654400635e+02 6.3664099121e+02 6.3675000000e+02 6.3686901855e+02 6.3699102783e+02 6.3710998535e+02 6.3723699951e+02 6.3734002686e+02 6.3745202637e+02 6.3756896973e+02 6.3768103027e+02 6.3781201172e+02 6.3794702148e+02 6.3808599854e+02 6.3821899414e+02 6.3833697510e+02 6.3846398926e+02 6.3859899902e+02 6.3872900391e+02 6.3885998535e+02 6.3898699951e+02 6.3912799072e+02 6.3926098633e+02 6.3936401367e+02 6.3947601318e+02 6.3960797119e+02 6.3974902344e+02 6.3989001465e+02 6.4005102539e+02 6.4020300293e+02 6.4033898926e+02 6.4045202637e+02 6.4055798340e+02 6.4068701172e+02
6.3503802490e+02 6.3513800049e+02 6.3523297119e+02 6.3534802246e+02 6.3545599365e+02 6.3556701660e+02 6.3568298340e+02 6.3578302002e+02 6.3588800049e+02 6.3600299072e+02 6.3612701416e+02 6.3623699951e+02 6.3632000732e+02 6.3641601563e+02 6.3653399658e+02 6.3664697266e+02 6.3676599121e+02 6.3688897705e+02 6.3702001953e+02 6.3712597656e+02 6.3723999023e+02 6.3736297607e+02 6.3747601318e+02 6.3758099365e+02 6.3770697021e+02 6.3784497070e+02 6.3797998047e+02 6.3810699463e+02 6.3824102783e+02 6.3838397217e+02 6.3850402832e+02 6.3862597656e+02 6.3875799561e+02 6.3890399170e+02 6.3902801514e+02 6.3912701416e+02 6.3924499512e+02 6.3938201904e+02 6.3951800537e+02 6.3964801025e+02 6.3980999756e+02 6.3996801758e+02 6.4009600830e+02 6.4021398926e+02 6.4032202148e+02 6.4044598389e+02
6.3483599854e+02 6.3494201660e+02 6.3503997803e+02 6.3515197754e+02 6.3526300049e+02 6.3537597656e+02 6.3548297119e+02 6.3558398438e+02 6.3568499756e+02 6.3579602051e+02 6.3592297363e+02 6.3604498291e+02 6.3613201904e+02 6.3622497559e+02 6.3634100342e+02 6.3646002197e+02 6.3657397461e+02 6.3669000244e+02 6.3681799316e+02 6.3692700195e+02 6.3702600098e+02 6.3713702393e+02 6.3725201416e+02 6.3735601807e+02 6.3747900391e+02 6.3761297607e+02 6.3774102783e+02 6.3786700439e+02 6.3799597168e+02 6.3813500977e+02 6.3826202393e+02 6.3839099121e+02 6.3852301025e+02 6.3866601563e+02 6.3878900146e+02 6.3890100098e+02 6.3902197266e+02 6.3914801025e+02 6.3927398682e+02 6.3941998291e+02 6.3957598877e+02 6.3971997070e+02 6.3984698486e+02 6.3997198486e+02 6.4008599854e+02 6.4021301270e+02
6.3464801025e+02 6.3475799561e+02 6.3485998535e+02 6.3496197510e+02 6.3507202148e+02 6.3518402100e+02 6.3528002930e+02 6.3538500977e+02 6.3549200439e+02 6.3559802246e+02 6.3571899414e+02 6.3584802246e+02 6.3594598389e+02 6.3604199219e+02 6.3615197754e+02 6.3626702881e+02 6.3637500000e+02 6.3648297119e+02 6.3660797119e+02 6.3671600342e+02 6.3681097412e+02 6.3691497803e+02 6.3702899170e+02 6.3714898682e+02 6.3727099609e+02 6.3739801025e+02 6.3752001953e+02 6.3764099121e+02 6.3775701904e+02 6.3788702393e+02 6.3802502441e+02 6.3815997314e+02 6.3828900146e+02 6.3842297363e+02 6.3854498291e+02 6.3866900635e+02 6.3879101563e+02 6.3890899658e+02 6.3903900146e+02 6.3919598389e+02 6.3933599854e+02 6.3946301270e+02 6.3959197998e+02 6.3971997070e+02 6.3983599854e+02 6.3996997070e+02
6.3447100830e+02 6.3458300781e+02 6.3468103027e+02 6.3477697754e+02 6.3488000488e+02 6.3498699951e+02 6.3507702637e+02 6.3519000244e+02 6.3530902100e+02 6.3541802979e+02 6.3551397705e+02 6.3563000488e+02 6.3574102783e+02 6.3585302734e+02 6.3596801758e+02 6.3605999756e+02 6.3615899658e+02 6.3626702881e+02 6.3639501953e+02 6.3650701904e+02 6.3660998535e+02 6.3671899414e+02 6.3683197021e+02 6.3694799805e+02 6.3706896973e+02 6.3719702148e+02 6.3732299805e+02 6.3742401123e+02 6.3753302002e+02 6.3765997314e+02 6.3779602051e+02 6.3792498779e+02 6.3805798340e+02 6.3819097900e+02 6.3830499268e+02 6.3842901611e+02 6.3855999756e+02 6.3869299316e+02 6.3884399414e+02 6.3897100830e+02 6.3908398438e+02 6.3920300293e+02 6.3932897949e+02 6.3947100830e+02 6.3960198975e+02 6.3973498535e+02
6.3429699707e+02 6.3440802002e+02 6.3450201416e+02 6.3459100342e+02 6.3468402100e+02 6.3478997803e+02 6.3489001465e+02 6.3499401855e+02 6.3510400391e+02 6.3521197510e+02 6.3532098389e+02 6.3543597412e+02 6.3553997803e+02 6.3564398193e+02 6.3575799561e+02 6.3585400391e+02 6.3594799805e+02 6.3605603027e+02 6.3619299316e+02 6.3630798340e+02 6.3641998291e+02 6.3653399658e+02 6.3663299561e+02 6.3674499512e+02 6.3685797119e+02 6.3698101807e+02 6.3711102295e+02 6.3721398926e+02 6.3732702637e+02 6.3745898438e+02 6.3759197998e+02 6.3770300293e+02 6.3783099365e+02 6.3796197510e+02 6.3806896973e+02 6.3819097900e+02 6.3832299805e+02 6.3845501709e+02 6.3858898926e+02 6.3871899414e+02 6.3884197998e+02 6.3897900391e+02 6.3909497070e+02 6.3922100830e+02 6.3936297607e+02 6.3949298096e+02
6.3411499023e+02 6.3421502686e+02 6.3430603027e+02 6.3439697266e+02 6.3448602295e+02 6.3458801270e+02 6.3469299316e+02 6.3479602051e+02 6.3490197754e+02 6.3501202393e+02 6.3512298584e+02 6.3523199463e+02 6.3533398438e+02 6.3543200684e+02 6.3554998779e+02 6.3565399170e+02 6.3575402832e+02 6.3586297607e+02 6.3599401855e+02 6.3610400391e+02 6.3622198486e+02 6.3634301758e+02 6.3644097900e+02 6.3654901123e+02 6.3665997314e+02 6.3677899170e+02 6.3690502930e+02 6.3701397705e+02 6.3712500000e+02 6.3725201416e+02 6.3738397217e+02 6.3748999023e+02 6.3760797119e+02 6.3773199463e+02 6.3783801270e+02 6.3795697021e+02 6.3808697510e+02 6.3821697998e+02 6.3835198975e+02 6.3847802734e+02 6.3860797119e+02 6.3875201416e+02 6.3886700439e+02 6.3899200439e+02 6.3912200928e+02 6.3924200439e+02
6.3392199707e+02 6.3401800537e+02 6.3410797119e+02 6.3419799805e+02 6.3428997803e+02 6.3439099121e+02 6.3449401855e+02 6.3459497070e+02 6.3470202637e+02 6.3481402588e+02 6.3491699219e+02 6.3502197266e+02 6.3513201904e+02 6.3523297119e+02 6.3534301758e+02 6.3545397949e+02 6.3556201172e+02 6.3566601563e+02 6.3578900146e+02 6.3589697266e+02 6.3601397705e+02 6.3614202881e+02 6.3624499512e+02 6.3635101318e+02 6.3646801758e+02 6.3658898926e+02 6.3670501709e+02 6.3680700684e+02 6.3691400146e+02 6.3703198242e+02 6.3715997314e+02 6.3726702881e+02 6.3738098145e+02 6.3750598145e+02 6.3761999512e+02 6.3774298096e+02 6.3786999512e+02 6.3799597168e+02 6.3812701416e+02 6.3824700928e+02 6.3838000488e+02 6.3852099609e+02 6.3862597656e+02 6.3875000000e+02 6.3887298584e+02 6.3898901367e+02
6.3371697998e+02 6.3382299805e+02 6.3392999268e+02 6.3400598145e+02 6.3409802246e+02 6.3420300293e+02 6.3430603027e+02 6.3440002441e+02 6.3449798584e+02 6.3460400391e+02 6.3470800781e+02 6.3482598877e+02 6.3494000244e+02 6.3504602051e+02 6.3515100098e+02 6.3526397705e+02 6.3536901855e+02 6.3546997070e+02 6.3559399414e+02 6.3568701172e+02 6.3579901123e+02 6.3592901611e+02 6.3603601074e+02 6.3614001465e+02 6.3627001953e+02 6.3640197754e+02 6.3650500488e+02 6.3660900879e+02 6.3670898438e+02 6.3681799316e+02 6.3692700195e+02 6.3704498291e+02 6.3716601563e+02 6.3729400635e+02 6.3740197754e+02 6.3752600098e+02 6.3765197754e+02 6.3777301025e+02 6.3789398193e+02 6.3801000977e+02 6.3814599609e+02 6.3827600098e+02 6.3837200928e+02 6.3849499512e+02 6.3861700439e+02 6.3873602295e+02
6.3351898193e+02 6.3362597656e+02 6.3373999023e+02 6.3382598877e+02 6.3392297363e+02 6.3402301025e+02 6.3411901855e+02 6.3420697021e+02 6.3429602051e+02 6.3439801025e+02 6.3450799561e+02 6.3464202881e+02 6.3474401855e+02 6.3484399414e+02 6.3496099854e+02 6.3506402588e+02 6.3516699219e+02 6.3527600098e+02 6.3538702393e+02 6.3547900391e+02 6.3559197998e+02 6.3572100830e+02 6.3582501221e+02 6.3592602539e+02 6.3605700684e+02 6.3619097900e+02 6.3629602051e+02 6.3640502930e+02 6.3650299072e+02 6.3661102295e+02 6.3671502686e+02 6.3682397461e+02 6.3695001221e+02 6.3707702637e+02 6.3718103027e+02 6.3730700684e+02 6.3742999268e+02 6.3754101563e+02 6.3766198730e+02 6.3778497314e+02 6.3790600586e+02 6.3802099609e+02 6.3811798096e+02 6.3824200439e+02 6.3835797119e+02 6.3847399902e+02
6.3333801270e+02 6.3343200684e+02 6.3353601074e+02 6.3363598633e+02 6.3373797607e+02 6.3383502197e+02 6.3392901611e+02 6.3401202393e+02 6.3409997559e+02 6.3420001221e+02 6.3430401611e+02 6.3443597412e+02 6.3453802490e+02 6.3463800049e+02 6.3475799561e+02 6.3486297607e+02 6.3497399902e+02 6.3507800293e+02 6.3517498779e+02 6.3527001953e+02 6.3538299561e+02 6.3551000977e+02 6.3561602783e+02 6.3571398926e+02 6.3583697510e+02 6.3596997070e+02 6.3608398438e+02 6.3619201660e+02 6.3629199219e+02 6.3640698242e+02 6.3650897217e+02 6.3660400391e+02 6.3672601318e+02 6.3685302734e+02 6.3695300293e+02 6.3707397461e+02 6.3719897461e+02 6.3730798340e+02 6.3743103027e+02 6.3754998779e+02 6.3765802002e+02 6.3777099609e+02 6.3787597656e+02 6.3799200439e+02 6.3810900879e+02 6.3823498535e+02
6.3316198730e+02 6.3324902344e+02 6.3334100342e+02 6.3344097900e+02 6.3353900146e+02 6.3363500977e+02 6.3373400879e+02 6.3382397461e+02 6.3391802979e+02 6.3401702881e+02 6.3411199951e+02 6.3422802734e+02 6.3433099365e+02 6.3443798828e+02 6.3455798340e+02 6.3467102051e+02 6.3478302002e+02 6.3487902832e+02 6.3497198486e+02 6.3507098389e+02 6.3517901611e+02 6.3530401611e+02 6.3541101074e+02 6.3550500488e+02 6.3561901855e+02 6.3574499512e+02 6.3586999512e+02 6.3596997070e+02 6.3607702637e+02 6.3620098877e+02 6.3630200195e+02 6.3639001465e+02 6.3650500488e+02 6.3663299561e+02 6.3673901367e+02 6.3685601807e+02 6.3697802734e+02 6.3708599854e+02 6.3720300293e+02 6.3731701660e+02 6.3742297363e+02 6.3754101563e+02 6.3765399170e+02 6.3775897217e+02 6.3787500000e+02 6.3800500488e+02
6.3298400879e+02 6.3307501221e+02 6.3316400146e+02 6.3325799561e+02 6.3335302734e+02 6.3344396973e+02 6.3353497314e+02 6.3363800049e+02 6.3373797607e+02 6.3384197998e+02 6.3395300293e+02 6.3404498291e+02 6.3414501953e+02 6.3425402832e+02 6.3436602783e+02 6.3446899414e+02 6.3458099365e+02 6.3468701172e+02 6.3479498291e+02 6.3488500977e+02 6.3498797607e+02 6.3510900879e+02 6.3520697021e+02 6.3529998779e+02 6.3540802002e+02 6.3552899170e+02 6.3565100098e+02 6.3574499512e+02 6.3586102295e+02 6.3598400879e+02 6.3608398438e+02 6.3618902588e+02 6.3629998779e+02 6.3642102051e+02 6.3653100586e+02 6.3664202881e+02 6.3675799561e+02 6.3686700439e+02 6.3698699951e+02 6.3710998535e+02 6.3722100830e+02 6.3733398438e+02 6.3743701172e+02 6.3753900146e+02 6.3765600586e+02 6.3778698730e+02
6.3279101563e+02 6.3289398193e+02 6.3299102783e+02 6.3307800293e+02 6.3317199707e+02 6.3326702881e+02 6.3335400391e+02 6.3343298340e+02 6.3352697754e+02 6.3363500977e+02 6.3374102783e+02 6.3385101318e+02 6.3395800781e+02 6.3406298828e+02 6.3416198730e+02 6.3425598145e+02 6.3437799072e+02 6.3449401855e+02 6.3460198975e+02 6.3469097900e+02 6.3479901123e+02 6.3491998291e+02 6.3500799561e+02 6.3509802246e+02 6.3520898438e+02 6.3533599854e+02 6.3544702148e+02 6.3554101563e+02 6.3565399170e+02 6.3576898193e+02 6.3587597656e+02 6.3597601318e+02 6.3608502197e+02 6.3621099854e+02 6.3633099365e+02 6.3643902588e+02 6.3655401611e+02 6.3666802979e+02 6.3678900146e+02 6.3690899658e+02 6.3701300049e+02 6.3711602783e+02 6.3720300293e+02 6.3731701660e+02 6.3744201660e+02 6.3756597900e+02
6.3259497070e+02 6.3269702148e+02 6.3279797363e+02 6.3288598633e+02 6.3297497559e+02 6.3306799316e+02 6.3315600586e+02 6.3323400879e+02 6.3332897949e+02 6.3343701172e+02 6.3354302979e+02 6.3366198730e+02 6.3376098633e+02 6.3385601807e+02 6.3396099854e+02 6.3405401611e+02 6.3417498779e+02 6.3427600098e+02 6.3438299561e+02 6.3448400879e+02 6.3459899902e+02 6.3472302246e+02 6.3481701660e+02 6.3491497803e+02 6.3502001953e+02 6.3513800049e+02 6.3524200439e+02 6.3533697510e+02 6.3544396973e+02 6.3555700684e+02 6.3566802979e+02 6.3577001953e+02 6.3588897705e+02 6.3601898193e+02 6.3613000488e+02 6.3623199463e+02 6.3634698486e+02 6.3645898438e+02 6.3658001709e+02 6.3669897461e+02 6.3679699707e+02 6.3689300537e+02 6.3698101807e+02 6.3709899902e+02 6.3721801758e+02 6.3733099365e+02
6.3240899658e+02 6.3250201416e+02 6.3259197998e+02 6.3268298340e+02 6.3277301025e+02 6.3286102295e+02 6.3295501709e+02 6.3304400635e+02 6.3314202881e+02 6.3324700928e+02 6.3335400391e+02 6.3346899414e+02 6.3356298828e+02 6.3365502930e+02 6.3376800537e+02 6.3386199951e+02 6.3398602295e+02 6.3407800293e+02 6.3417401123e+02 6.3427801514e+02 6.3439099121e+02 6.3451397705e+02 6.3462402344e+02 6.3472998047e+02 6.3482800293e+02 6.3493402100e+02 6.3503302002e+02 6.3512597656e+02 6.3522900391e+02 6.3534100342e+02 6.3545397949e+02 6.3557000732e+02 6.3569897461e+02 6.3582501221e+02 6.3592498779e+02 6.3602801514e+02 6.3613800049e+02 6.3624499512e+02 6.3636499023e+02 6.3648498535e+02 6.3657897949e+02 6.3667602539e+02 6.3677001953e+02 6.3688397217e+02 6.3699902344e+02 6.3711199951e+02
6.3223199463e+02 6.3232098389e+02 6.3240600586e+02 6.3248400879e+02 6.3257397461e+02 6.3266400146e+02 6.3276300049e+02 6.3285400391e+02 6.3295300293e+02 6.3305603027e+02 6.3315197754e+02 6.3325897217e+02 6.3336499023e+02 6.3346899414e+02 6.3357202148e+02 6.3366101074e+02 6.3378002930e+02 6.3388000488e+02 6.3397900391e+02 6.3409301758e+02 6.3419799805e+02 6.3430798340e+02 6.3441802979e+02 6.3453399658e+02 6.3463397217e+02 6.3473199463e+02 6.3482897949e+02 6.3492797852e+02 6.3502899170e+02 6.3513897705e+02 6.3525000000e+02 6.3537097168e+02 6.3550201416e+02 6.3562097168e+02 6.3572302246e+02 6.3583001709e+02 6.3593597412e+02 6.3603900146e+02 6.3615899658e+02 6.3626300049e+02 6.3635797119e+02 6.3645898438e+02 6.3656402588e+02 6.3666400146e+02 6.3678198242e+02 6.3690301514e+02
6.3204302979e+02 6.3213500977e+02 6.3222100830e+02 6.3229699707e+02 6.3238299561e+02 6.3247698975e+02 6.3257000732e+02 6.3265399170e+02 6.3274499512e+02 6.3284399414e+02 6.3295202637e+02 6.3305603027e+02 6.3315100098e+02 6.3325000000e+02 6.3336401367e+02 6.3347302246e+02 6.3357598877e+02 6.3366101074e+02 6.3377697754e+02 6.3388299561e+02 6.3399401855e+02 6.3410198975e+02 6.3421301270e+02 6.3433099365e+02 6.3443902588e+02 6.3454199219e+02 6.3463598633e+02 6.3473400879e+02 6.3483801270e+02 6.3494702148e+02 6.3505603027e+02 6.3516802979e+02 6.3529302979e+02 6.3540997314e+02 6.3550598145e+02 6.3561798096e+02 6.3572698975e+02 6.3583099365e+02 6.3594897461e+02 6.3605102539e+02 6.3615502930e+02 6.3626000977e+02 6.3635400391e+02 6.3645800781e+02 6.3655603027e+02 6.3667199707e+02
6.3185797119e+02 6.3195501709e+02 6.3203698730e+02 6.3211700439e+02 6.3221398926e+02 6.3231298828e+02 6.3239599609e+02 6.3247497559e+02 6.3255499268e+02 6.3264801025e+02 6.3276000977e+02 6.3287298584e+02 6.3296002197e+02 6.3304400635e+02 6.3315100098e+02 6.3327001953e+02 6.3338098145e+02 6.3345898438e+02 6.3356201172e+02 6.3366497803e+02 6.3378002930e+02 6.3389001465e+02 6.3400201416e+02 6.3411901855e+02 6.3422802734e+02 6.3433300781e+02 6.3443298340e+02 6.3453497314e+02 6.3464202881e+02 6.3475598145e+02 6.3486798096e+02 6.3497100830e+02 6.3508599854e+02 6.3520501709e+02 6.3529901123e+02 6.3540100098e+02 6.3550299072e+02 6.3560302734e+02 6.3572497559e+02 6.3583502197e+02 6.3594799805e+02 6.3605499268e+02 6.3614801025e+02 6.3626397705e+02 6.3635498047e+02 6.3645697021e+02
6.3167297363e+02 6.3176599121e+02 6.3184899902e+02 6.3193402100e+02 6.3203399658e+02 6.3213397217e+02 6.3221600342e+02 6.3229400635e+02 6.3236798096e+02 6.3245898438e+02 6.3257000732e+02 6.3267901611e+02 6.3276300049e+02 6.3284600830e+02 6.3295098877e+02 6.3305401611e+02 6.3316699219e+02 6.3326300049e+02 6.3336297607e+02 6.3346099854e+02 6.3357598877e+02 6.3368701172e+02 6.3380297852e+02 6.3391601563e+02 6.3401800537e+02 6.3412097168e+02 6.3422497559e+02 6.3432897949e+02 6.3443798828e+02 6.3456097412e+02 6.3467700195e+02 6.3477600098e+02 6.3488000488e+02 6.3498999023e+02 6.3508001709e+02 6.3517999268e+02 6.3528100586e+02 6.3538201904e+02 6.3550598145e+02 6.3561999512e+02 6.3573498535e+02 6.3584399414e+02 6.3594396973e+02 6.3607202148e+02 6.3615997314e+02 6.3624902344e+02
