TESTSERVER/23/16.asc
NCOLS 100
NROWS 100
XLLCORNER 8.6497500000e+03
YLLCORNER 2.8915025000e+05
CELLSIZE 5.0000000000e-01
NODATA_VALUE -9.9990000000e+03
[rows 60 to 79 of 100, columns 0 to 45 of 100]
6.2390399170e+02 6.2389300537e+02 6.2388299561e+02 6.2386700439e+02 6.2385900879e+02 6.2386700439e+02 6.2386102295e+02 6.2371301270e+02 6.2361102295e+02 6.2360797119e+02 6.2361901855e+02 6.2365600586e+02 6.2367999268e+02 6.2363098145e+02 6.2354302979e+02 6.2349401855e+02 6.2348400879e+02 6.2348901367e+02 6.2347100830e+02 6.2345599365e+02 6.2344201660e+02 6.2342901611e+02 6.2345098877e+02 6.2345300293e+02 6.2345501709e+02 6.2345001221e+02 6.2343200684e+02 6.2340100098e+02 6.2336297607e+02 6.2332501221e+02 6.2330102539e+02 6.2326098633e+02 6.2321801758e+02 6.2317297363e+02 6.2312097168e+02 6.2305902100e+02 6.2300299072e+02 6.2296197510e+02 6.2291198730e+02 6.2284197998e+02 6.2279302979e+02 6.2275201416e+02 6.2270397949e+02 6.2267297363e+02 6.2263598633e+02 6.2259899902e+02
6.2388299561e+02 6.2389099121e+02 6.2387298584e+02 6.2386199951e+02 6.2386102295e+02 6.2381597900e+02 6.2371301270e+02 6.2361499023e+02 6.2358197021e+02 6.2360302734e+02 6.2363201904e+02 6.2365698242e+02 6.2361798096e+02 6.2354797363e+02 6.2348199463e+02 6.2344201660e+02 6.2342498779e+02 6.2343200684e+02 6.2342297363e+02 6.2342602539e+02 6.2341400146e+02 6.2338500977e+02 6.2340100098e+02 6.2339697266e+02 6.2339398193e+02 6.2338800049e+02 6.2337500000e+02 6.2334600830e+02 6.2331298828e+02 6.2328802490e+02 6.2327197266e+02 6.2322900391e+02 6.2318597412e+02 6.2314697266e+02 6.2310400391e+02 6.2304101563e+02 6.2298901367e+02 6.2294702148e+02 6.2288500977e+02 6.2282501221e+02 6.2277600098e+02 6.2272497559e+02 6.2269000244e+02 6.2265399170e+02 6.2261999512e+02 6.2258898926e+02
6.2376300049e+02 6.2384002686e+02 6.2388397217e+02 6.2388598633e+02 6.2384002686e+02 6.2372100830e+02 6.2358398438e+02 6.2355902100e+02 6.2356500244e+02 6.2359698486e+02 6.2363800049e+02 6.2361401367e+02 6.2354498291e+02 6.2347998047e+02 6.2342498779e+02 6.2340399170e+02 6.2339398193e+02 6.2339801025e+02 6.2338897705e+02 6.2338800049e+02 6.2337298584e+02 6.2334100342e+02 6.2335498047e+02 6.2334698486e+02 6.2333599854e+02 6.2332897949e+02 6.2331799316e+02 6.2329602051e+02 6.2326800537e+02 6.2323797607e+02 6.2321899414e+02 6.2317102051e+02 6.2312799072e+02 6.2309802246e+02 6.2306799316e+02 6.2301300049e+02 6.2296002197e+02 6.2291302490e+02 6.2284899902e+02 6.2279602051e+02 6.2274700928e+02 6.2269396973e+02 6.2266302490e+02 6.2263299561e+02 6.2259802246e+02 6.2255999756e+02
6.2355401611e+02 6.2368701172e+02 6.2384100342e+02 6.2389099121e+02 6.2377398682e+02 6.2360302734e+02 6.2351898193e+02 6.2353997803e+02 6.2355499268e+02 6.2359002686e+02 6.2360101318e+02 6.2353002930e+02 6.2346002197e+02 6.2341601563e+02 6.2338000488e+02 6.2337200928e+02 6.2336102295e+02 6.2335699463e+02 6.2334399414e+02 6.2333502197e+02 6.2332702637e+02 6.2330401611e+02 6.2330999756e+02 6.2329602051e+02 6.2328198242e+02 6.2327600098e+02 6.2325598145e+02 6.2323400879e+02 6.2321398926e+02 6.2317999268e+02 6.2315399170e+02 6.2311499023e+02 6.2307702637e+02 6.2304498291e+02 6.2301501465e+02 6.2296997070e+02 6.2291802979e+02 6.2287500000e+02 6.2282501221e+02 6.2277301025e+02 6.2272698975e+02 6.2266998291e+02 6.2262500000e+02 6.2259100342e+02 6.2255700684e+02 6.2251898193e+02
6.2335498047e+02 6.2347302246e+02 6.2366101074e+02 6.2384497070e+02 6.2371997070e+02 6.2354602051e+02 6.2350299072e+02 6.2353601074e+02 6.2356896973e+02 6.2357897949e+02 6.2351501465e+02 6.2343298340e+02 6.2338500977e+02 6.2336199951e+02 6.2334802246e+02 6.2333398438e+02 6.2332098389e+02 6.2331701660e+02 6.2329998779e+02 6.2329101563e+02 6.2328997803e+02 6.2327899170e+02 6.2327502441e+02 6.2324700928e+02 6.2323199463e+02 6.2322100830e+02 6.2320202637e+02 6.2317797852e+02 6.2315997314e+02 6.2312298584e+02 6.2309600830e+02 6.2307897949e+02 6.2305401611e+02 6.2301098633e+02 6.2296502686e+02 6.2291497803e+02 6.2286700439e+02 6.2283001709e+02 6.2278601074e+02 6.2272900391e+02 6.2269000244e+02 6.2264300537e+02 6.2259399414e+02 6.2255499268e+02 6.2251898193e+02 6.2248498535e+02
6.2321002197e+02 6.2333099365e+02 6.2351898193e+02 6.2365197754e+02 6.2370397949e+02 6.2366497803e+02 6.2354699707e+02 6.2351702881e+02 6.2355999756e+02 6.2353100586e+02 6.2342297363e+02 6.2335198975e+02 6.2332098389e+02 6.2331597900e+02 6.2330603027e+02 6.2329199219e+02 6.2328302002e+02 6.2327099609e+02 6.2325000000e+02 6.2324499512e+02 6.2323999023e+02 6.2322900391e+02 6.2322802734e+02 6.2319598389e+02 6.2317999268e+02 6.2316497803e+02 6.2315002441e+02 6.2313800049e+02 6.2311499023e+02 6.2307501221e+02 6.2304998779e+02 6.2301702881e+02 6.2299200439e+02 6.2295898438e+02 6.2291802979e+02 6.2286700439e+02 6.2281298828e+02 6.2276898193e+02 6.2272998047e+02 6.2268200684e+02 6.2264398193e+02 6.2260302734e+02 6.2256097412e+02 6.2253100586e+02 6.2249102783e+02 6.2244000244e+02
6.2308099365e+02 6.2314398193e+02 6.2327099609e+02 6.2336901855e+02 6.2352099609e+02 6.2364697266e+02 6.2362200928e+02 6.2352899170e+02 6.2351300049e+02 6.2345898438e+02 6.2336499023e+02 6.2331500244e+02 6.2328802490e+02 6.2328601074e+02 6.2328399658e+02 6.2327197266e+02 6.2325799561e+02 6.2323797607e+02 6.2321697998e+02 6.2321801758e+02 6.2321301270e+02 6.2319500732e+02 6.2319396973e+02 6.2317102051e+02 6.2315002441e+02 6.2312701416e+02 6.2310601807e+02 6.2309802246e+02 6.2308001709e+02 6.2303900146e+02 6.2301501465e+02 6.2296697998e+02 6.2292999268e+02 6.2289801025e+02 6.2286297607e+02 6.2281500244e+02 6.2276501465e+02 6.2272601318e+02 6.2268798828e+02 6.2264202881e+02 6.2260302734e+02 6.2255401611e+02 6.2251599121e+02 6.2248297119e+02 6.2244097900e+02 6.2240002441e+02
6.2298101807e+02 6.2298901367e+02 6.2304797363e+02 6.2312200928e+02 6.2326098633e+02 6.2343103027e+02 6.2353698730e+02 6.2345898438e+02 6.2339697266e+02 6.2334600830e+02 6.2330999756e+02 6.2328802490e+02 6.2326501465e+02 6.2325897217e+02 6.2326000977e+02 6.2325000000e+02 6.2322497559e+02 6.2321600342e+02 6.2320898438e+02 6.2319598389e+02 6.2318597412e+02 6.2316400146e+02 6.2315899658e+02 6.2314001465e+02 6.2311901855e+02 6.2309497070e+02 6.2307702637e+02 6.2305902100e+02 6.2303601074e+02 6.2300000000e+02 6.2297802734e+02 6.2292700195e+02 6.2288598633e+02 6.2285198975e+02 6.2281201172e+02 6.2276501465e+02 6.2271697998e+02 6.2267797852e+02 6.2263897705e+02 6.2258197021e+02 6.2254797363e+02 6.2250201416e+02 6.2246697998e+02 6.2243200684e+02 6.2239801025e+02 6.2236798096e+02
6.2289398193e+02 6.2292297363e+02 6.2295098877e+02 6.2300799561e+02 6.2309899902e+02 6.2320501709e+02 6.2327899170e+02 6.2329498291e+02 6.2327301025e+02 6.2324902344e+02 6.2325897217e+02 6.2325598145e+02 6.2324597168e+02 6.2324902344e+02 6.2324798584e+02 6.2323101807e+02 6.2320202637e+02 6.2319500732e+02 6.2319299316e+02 6.2317602539e+02 6.2315899658e+02 6.2314099121e+02 6.2312298584e+02 6.2311700439e+02 6.2310198975e+02 6.2307897949e+02 6.2306097412e+02 6.2302301025e+02 6.2298699951e+02 6.2295599365e+02 6.2293798828e+02 6.2290002441e+02 6.2286401367e+02 6.2282098389e+02 6.2277600098e+02 6.2272698975e+02 6.2266497803e+02 6.2262402344e+02 6.2258801270e+02 6.2253198242e+02 6.2250097656e+02 6.2246502686e+02 6.2242700195e+02 6.2239300537e+02 6.2235302734e+02 6.2230902100e+02
6.2278399658e+02 6.2284997559e+02 6.2288000488e+02 6.2290802002e+02 6.2297100830e+02 6.2306402588e+02 6.2317297363e+02 6.2320001221e+02 6.2316601563e+02 6.2315997314e+02 6.2318902588e+02 6.2319702148e+02 6.2321099854e+02 6.2324401855e+02 6.2323498535e+02 6.2321197510e+02 6.2320697021e+02 6.2321398926e+02 6.2319702148e+02 6.2316400146e+02 6.2314001465e+02 6.2311999512e+02 6.2310699463e+02 6.2309002686e+02 6.2307098389e+02 6.2305297852e+02 6.2304199219e+02 6.2298901367e+02 6.2294897461e+02 6.2292297363e+02 6.2290301514e+02 6.2286798096e+02 6.2283801270e+02 6.2278997803e+02 6.2272998047e+02 6.2269500732e+02 6.2263201904e+02 6.2257702637e+02 6.2253997803e+02 6.2250000000e+02 6.2247302246e+02 6.2244000244e+02 6.2239501953e+02 6.2234399414e+02 6.2231402588e+02 6.2228698730e+02
6.2267401123e+02 6.2274798584e+02 6.2279400635e+02 6.2283001709e+02 6.2287402344e+02 6.2293298340e+02 6.2300897217e+02 6.2302801514e+02 6.2303100586e+02 6.2306799316e+02 6.2311401367e+02 6.2313000488e+02 6.2315502930e+02 6.2319097900e+02 6.2319396973e+02 6.2319396973e+02 6.2321697998e+02 6.2323199463e+02 6.2320697021e+02 6.2316900635e+02 6.2314001465e+02 6.2310998535e+02 6.2309997559e+02 6.2306799316e+02 6.2303900146e+02 6.2301501465e+02 6.2301000977e+02 6.2296099854e+02 6.2292498779e+02 6.2289898682e+02 6.2286999512e+02 6.2283801270e+02 6.2280999756e+02 6.2276000977e+02 6.2269598389e+02 6.2265802002e+02 6.2260400391e+02 6.2254302979e+02 6.2251098633e+02 6.2247698975e+02 6.2245001221e+02 6.2241998291e+02 6.2238201904e+02 6.2234100342e+02 6.2229797363e+02 6.2225897217e+02
6.2257598877e+02 6.2265301514e+02 6.2269897461e+02 6.2275701904e+02 6.2281402588e+02 6.2285302734e+02 6.2287500000e+02 6.2288800049e+02 6.2292498779e+02 6.2297497559e+02 6.2301397705e+02 6.2304498291e+02 6.2308001709e+02 6.2312097168e+02 6.2314801025e+02 6.2317102051e+02 6.2319897461e+02 6.2321398926e+02 6.2320397949e+02 6.2318402100e+02 6.2314898682e+02 6.2310998535e+02 6.2309399414e+02 6.2305798340e+02 6.2302398682e+02 6.2299102783e+02 6.2297302246e+02 6.2292797852e+02 6.2289697266e+02 6.2286700439e+02 6.2283001709e+02 6.2280200195e+02 6.2277600098e+02 6.2273101807e+02 6.2267797852e+02 6.2263897705e+02 6.2259802246e+02 6.2253302002e+02 6.2249499512e+02 6.2245898438e+02 6.2243298340e+02 6.2240002441e+02 6.2235101318e+02 6.2231298828e+02 6.2227197266e+02 6.2222998047e+02
6.2245300293e+02 6.2253997803e+02 6.2259100342e+02 6.2266998291e+02 6.2274298096e+02 6.2277398682e+02 6.2277398682e+02 6.2281298828e+02 6.2285198975e+02 6.2288098145e+02 6.2292498779e+02 6.2298199463e+02 6.2300897217e+02 6.2305200195e+02 6.2310101318e+02 6.2312500000e+02 6.2315399170e+02 6.2318499756e+02 6.2319201660e+02 6.2319299316e+02 6.2315197754e+02 6.2309997559e+02 6.2307299805e+02 6.2303601074e+02 6.2300000000e+02 6.2296997070e+02 6.2294201660e+02 6.2289202881e+02 6.2286499023e+02 6.2283300781e+02 6.2280200195e+02 6.2277398682e+02 6.2274200439e+02 6.2269897461e+02 6.2267602539e+02 6.2263201904e+02 6.2259197998e+02 6.2253601074e+02 6.2248400879e+02 6.2244396973e+02 6.2241699219e+02 6.2236999512e+02 6.2231402588e+02 6.2227600098e+02 6.2225000000e+02 6.2221301270e+02
6.2233099365e+02 6.2240997314e+02 6.2248101807e+02 6.2255700684e+02 6.2262597656e+02 6.2265698242e+02 6.2267498779e+02 6.2272399902e+02 6.2276800537e+02 6.2279998779e+02 6.2284301758e+02 6.2288800049e+02 6.2292401123e+02 6.2297998047e+02 6.2302801514e+02 6.2307098389e+02 6.2312402344e+02 6.2316802979e+02 6.2317297363e+02 6.2316900635e+02 6.2313397217e+02 6.2308697510e+02 6.2306298828e+02 6.2300897217e+02 6.2295697021e+02 6.2293701172e+02 6.2291802979e+02 6.2285498047e+02 6.2283197021e+02 6.2280999756e+02 6.2277502441e+02 6.2273797607e+02 6.2270898438e+02 6.2266998291e+02 6.2264697266e+02 6.2260302734e+02 6.2256402588e+02 6.2251300049e+02 6.2247399902e+02 6.2243597412e+02 6.2239300537e+02 6.2235198975e+02 6.2230603027e+02 6.2227197266e+02 6.2223101807e+02 6.2217797852e+02
6.2222802734e+02 6.2229400635e+02 6.2236199951e+02 6.2242401123e+02 6.2248797607e+02 6.2253497314e+02 6.2257098389e+02 6.2262701416e+02 6.2267999268e+02 6.2271697998e+02 6.2276098633e+02 6.2279901123e+02 6.2284698486e+02 6.2291101074e+02 6.2296002197e+02 6.2302398682e+02 6.2309197998e+02 6.2313098145e+02 6.2312298584e+02 6.2311999512e+02 6.2310601807e+02 6.2307897949e+02 6.2305700684e+02 6.2299499512e+02 6.2294299316e+02 6.2291302490e+02 6.2288800049e+02 6.2284997559e+02 6.2281597900e+02 6.2278198242e+02 6.2274200439e+02 6.2270001221e+02 6.2267901611e+02 6.2264599609e+02 6.2261499023e+02 6.2257000732e+02 6.2254199219e+02 6.2250201416e+02 6.2245800781e+02 6.2242297363e+02 6.2237799072e+02 6.2233697510e+02 6.2229302979e+02 6.2226898193e+02 6.2222399902e+02 6.2216302490e+02
6.2211999512e+02 6.2217901611e+02 6.2223901367e+02 6.2229699707e+02 6.2236102295e+02 6.2242102051e+02 6.2246801758e+02 6.2253497314e+02 6.2259301758e+02 6.2262500000e+02 6.2266802979e+02 6.2270898438e+02 6.2276300049e+02 6.2282897949e+02 6.2289099121e+02 6.2296099854e+02 6.2303100586e+02 6.2306402588e+02 6.2306402588e+02 6.2307098389e+02 6.2306799316e+02 6.2305200195e+02 6.2302899170e+02 6.2298199463e+02 6.2294299316e+02 6.2290399170e+02 6.2286999512e+02 6.2283697510e+02 6.2279699707e+02 6.2275402832e+02 6.2271697998e+02 6.2267797852e+02 6.2265502930e+02 6.2262500000e+02 6.2259899902e+02 6.2254797363e+02 6.2251702881e+02 6.2248297119e+02 6.2243499756e+02 6.2240802002e+02 6.2237799072e+02 6.2233599854e+02 6.2228002930e+02 6.2223797607e+02 6.2219299316e+02 6.2214001465e+02
6.2199200439e+02 6.2204400635e+02 6.2209100342e+02 6.2214697266e+02 6.2221697998e+02 6.2229400635e+02 6.2234997559e+02 6.2240997314e+02 6.2248297119e+02 6.2252600098e+02 6.2257000732e+02 6.2260797119e+02 6.2265399170e+02 6.2272802734e+02 6.2280200195e+02 6.2287902832e+02 6.2294396973e+02 6.2297802734e+02 6.2300201416e+02 6.2302600098e+02 6.2301501465e+02 6.2299597168e+02 6.2298699951e+02 6.2296099854e+02 6.2292498779e+02 6.2289099121e+02 6.2286999512e+02 6.2282397461e+02 6.2278100586e+02 6.2273699951e+02 6.2271502686e+02 6.2266601563e+02 6.2262902832e+02 6.2259600830e+02 6.2257702637e+02 6.2253002930e+02 6.2248699951e+02 6.2245898438e+02 6.2242102051e+02 6.2238299561e+02 6.2235302734e+02 6.2231097412e+02 6.2226202393e+02 6.2221301270e+02 6.2217102051e+02 6.2212902832e+02
6.2186499023e+02 6.2190698242e+02 6.2194799805e+02 6.2200500488e+02 6.2207702637e+02 6.2215899658e+02 6.2221002197e+02 6.2227899170e+02 6.2236401367e+02 6.2241900635e+02 6.2246997070e+02 6.2252502441e+02 6.2257299805e+02 6.2263702393e+02 6.2270599365e+02 6.2279797363e+02 6.2287200928e+02 6.2290802002e+02 6.2292498779e+02 6.2295898438e+02 6.2296002197e+02 6.2294897461e+02 6.2295098877e+02 6.2292700195e+02 6.2289697266e+02 6.2286602783e+02 6.2284399414e+02 6.2280700684e+02 6.2277099609e+02 6.2273101807e+02 6.2271197510e+02 6.2265502930e+02 6.2260998535e+02 6.2257501221e+02 6.2256500244e+02 6.2251397705e+02 6.2246801758e+02 6.2243798828e+02 6.2239697266e+02 6.2235998535e+02 6.2233300781e+02 6.2228997803e+02 6.2223901367e+02 6.2220098877e+02 6.2216497803e+02 6.2211700439e+02
6.2171398926e+02 6.2175500488e+02 6.2181298828e+02 6.2186602783e+02 6.2192199707e+02 6.2200201416e+02 6.2206597900e+02 6.2214202881e+02 6.2221502686e+02 6.2228198242e+02 6.2235101318e+02 6.2242297363e+02 6.2247497559e+02 6.2253601074e+02 6.2259997559e+02 6.2267999268e+02 6.2276098633e+02 6.2281298828e+02 6.2283398438e+02 6.2287298584e+02 6.2289099121e+02 6.2289398193e+02 6.2290197754e+02 6.2287799072e+02 6.2286798096e+02 6.2284698486e+02 6.2282501221e+02 6.2279498291e+02 6.2276800537e+02 6.2273602295e+02 6.2271002197e+02 6.2266601563e+02 6.2261798096e+02 6.2256597900e+02 6.2254998779e+02 6.2250097656e+02 6.2245397949e+02 6.2241699219e+02 6.2236901855e+02 6.2233697510e+02 6.2231799316e+02 6.2228198242e+02 6.2223101807e+02 6.2219097900e+02 6.2216101074e+02 6.2211901855e+02
6.2154400635e+02 6.2160101318e+02 6.2166601563e+02 6.2171197510e+02 6.2177600098e+02 6.2186199951e+02 6.2192297363e+02 6.2200598145e+02 6.2207397461e+02 6.2215100098e+02 6.2222601318e+02 6.2228802490e+02 6.2235699463e+02 6.2245098877e+02 6.2250897217e+02 6.2256402588e+02 6.2264300537e+02 6.2270599365e+02 6.2274902344e+02 6.2279101563e+02 6.2282000732e+02 6.2284100342e+02 6.2286297607e+02 6.2284301758e+02 6.2284698486e+02 6.2283197021e+02 6.2280798340e+02 6.2278497314e+02 6.2276599121e+02 6.2273699951e+02 6.2269598389e+02 6.2265698242e+02 6.2261401367e+02 6.2256298828e+02 6.2254400635e+02 6.2250201416e+02 6.2245202637e+02 6.2241497803e+02 6.2237701416e+02 6.2233697510e+02 6.2230700684e+02 6.2227301025e+02 6.2223901367e+02 6.2220202637e+02 6.2216900635e+02 6.2212402344e+02
