TESTSERVER/23/16.asc
NCOLS 100
NROWS 100
XLLCORNER 8.6497500000e+03
YLLCORNER 2.8915025000e+05
CELLSIZE 5.0000000000e-01
NODATA_VALUE -9.9990000000e+03
[rows 80 to 99 of 100, columns 0 to 45 of 100]
6.2138299561e+02 6.2145300293e+02 6.2151599121e+02 6.2156896973e+02 6.2164599609e+02 6.2171899414e+02 6.2176898193e+02 6.2184802246e+02 6.2193499756e+02 6.2202697754e+02 6.2211297607e+02 6.2216400146e+02 6.2223999023e+02 6.2235797119e+02 6.2244702148e+02 6.2247100830e+02 6.2253100586e+02 6.2259600830e+02 6.2266497803e+02 6.2271099854e+02 6.2274401855e+02 6.2278100586e+02 6.2281597900e+02 6.2280902100e+02 6.2281597900e+02 6.2280499268e+02 6.2278302002e+02 6.2275500488e+02 6.2274401855e+02 6.2272100830e+02 6.2268902588e+02 6.2265399170e+02 6.2261700439e+02 6.2257098389e+02 6.2255700684e+02 6.2251300049e+02 6.2246398926e+02 6.2242199707e+02 6.2238897705e+02 6.2233801270e+02 6.2228497314e+02 6.2225402832e+02 6.2223901367e+02 6.2221197510e+02 6.2216497803e+02 6.2211999512e+02
6.2121197510e+02 6.2129699707e+02 6.2136700439e+02 6.2142602539e+02 6.2150598145e+02 6.2157702637e+02 6.2162799072e+02 6.2170001221e+02 6.2180297852e+02 6.2189501953e+02 6.2197601318e+02 6.2205499268e+02 6.2213598633e+02 6.2224102783e+02 6.2232299805e+02 6.2236999512e+02 6.2243798828e+02 6.2250097656e+02 6.2256701660e+02 6.2262298584e+02 6.2265899658e+02 6.2269799805e+02 6.2274200439e+02 6.2274902344e+02 6.2275598145e+02 6.2275000000e+02 6.2275000000e+02 6.2273297119e+02 6.2272900391e+02 6.2271099854e+02 6.2268499756e+02 6.2265899658e+02 6.2262902832e+02 6.2258001709e+02 6.2257501221e+02 6.2251397705e+02 6.2247497559e+02 6.2243902588e+02 6.2239300537e+02 6.2234802246e+02 6.2228900146e+02 6.2225500488e+02 6.2222399902e+02 6.2219598389e+02 6.2215802002e+02 6.2211798096e+02
6.2106402588e+02 6.2115600586e+02 6.2123297119e+02 6.2130798340e+02 6.2137902832e+02 6.2143597412e+02 6.2148901367e+02 6.2157702637e+02 6.2168798828e+02 6.2177697754e+02 6.2184997559e+02 6.2195202637e+02 6.2204101563e+02 6.2214099121e+02 6.2221899414e+02 6.2228198242e+02 6.2234802246e+02 6.2240002441e+02 6.2246697998e+02 6.2253900146e+02 6.2259002686e+02 6.2263500977e+02 6.2267901611e+02 6.2269598389e+02 6.2270397949e+02 6.2270300293e+02 6.2271099854e+02 6.2270098877e+02 6.2270501709e+02 6.2269598389e+02 6.2267797852e+02 6.2265399170e+02 6.2262402344e+02 6.2258502197e+02 6.2258197021e+02 6.2252697754e+02 6.2249102783e+02 6.2245001221e+02 6.2239898682e+02 6.2235400391e+02 6.2229400635e+02 6.2225500488e+02 6.2222302246e+02 6.2219702148e+02 6.2216198730e+02 6.2211901855e+02
6.2093597412e+02 6.2102502441e+02 6.2110498047e+02 6.2119598389e+02 6.2125701904e+02 6.2130603027e+02 6.2136999512e+02 6.2145898438e+02 6.2155401611e+02 6.2164697266e+02 6.2173199463e+02 6.2183801270e+02 6.2193103027e+02 6.2202398682e+02 6.2211401367e+02 6.2219799805e+02 6.2227301025e+02 6.2232098389e+02 6.2237097168e+02 6.2244299316e+02 6.2250701904e+02 6.2255603027e+02 6.2260601807e+02 6.2263500977e+02 6.2265399170e+02 6.2266400146e+02 6.2266900635e+02 6.2266601563e+02 6.2268298340e+02 6.2267797852e+02 6.2265997314e+02 6.2264099121e+02 6.2262298584e+02 6.2259002686e+02 6.2256597900e+02 6.2252502441e+02 6.2248901367e+02 6.2244299316e+02 6.2239099121e+02 6.2235400391e+02 6.2230297852e+02 6.2226202393e+02 6.2223101807e+02 6.2220098877e+02 6.2216699219e+02 6.2212701416e+02
6.2080603027e+02 6.2091101074e+02 6.2099298096e+02 6.2107897949e+02 6.2113800049e+02 6.2120300293e+02 6.2127697754e+02 6.2134600830e+02 6.2141802979e+02 6.2151898193e+02 6.2161901855e+02 6.2170599365e+02 6.2180999756e+02 6.2191101074e+02 6.2200500488e+02 6.2209802246e+02 6.2218298340e+02 6.2224200439e+02 6.2228399658e+02 6.2235302734e+02 6.2240802002e+02 6.2246002197e+02 6.2253302002e+02 6.2255603027e+02 6.2259497070e+02 6.2262902832e+02 6.2263702393e+02 6.2264501953e+02 6.2267102051e+02 6.2267401123e+02 6.2266302490e+02 6.2263500977e+02 6.2261199951e+02 6.2258099365e+02 6.2255297852e+02 6.2252001953e+02 6.2247302246e+02 6.2242297363e+02 6.2237500000e+02 6.2235900879e+02 6.2232000732e+02 6.2227301025e+02 6.2224102783e+02 6.2220898438e+02 6.2216900635e+02 6.2213299561e+02
6.2065399170e+02 6.2076800537e+02 6.2086297607e+02 6.2094299316e+02 6.2103198242e+02 6.2111999512e+02 6.2116998291e+02 6.2122399902e+02 6.2129901123e+02 6.2139599609e+02 6.2150201416e+02 6.2159399414e+02 6.2170001221e+02 6.2179602051e+02 6.2187799072e+02 6.2195898438e+02 6.2205499268e+02 6.2214099121e+02 6.2220501709e+02 6.2229101563e+02 6.2233398438e+02 6.2235900879e+02 6.2242102051e+02 6.2247100830e+02 6.2251501465e+02 6.2256597900e+02 6.2257800293e+02 6.2260101318e+02 6.2263500977e+02 6.2265002441e+02 6.2264801025e+02 6.2262701416e+02 6.2260699463e+02 6.2256896973e+02 6.2254602051e+02 6.2253100586e+02 6.2247998047e+02 6.2242297363e+02 6.2238500977e+02 6.2235998535e+02 6.2231402588e+02 6.2226000977e+02 6.2222399902e+02 6.2220098877e+02 6.2216400146e+02 6.2213702393e+02
6.2053302002e+02 6.2064501953e+02 6.2074401855e+02 6.2080902100e+02 6.2090301514e+02 6.2099102783e+02 6.2105102539e+02 6.2111499023e+02 6.2119201660e+02 6.2127697754e+02 6.2138598633e+02 6.2146697998e+02 6.2156896973e+02 6.2167401123e+02 6.2175701904e+02 6.2183599854e+02 6.2194299316e+02 6.2204302979e+02 6.2210699463e+02 6.2219097900e+02 6.2223999023e+02 6.2226800537e+02 6.2232299805e+02 6.2237902832e+02 6.2243701172e+02 6.2249597168e+02 6.2251702881e+02 6.2254498291e+02 6.2258599854e+02 6.2261199951e+02 6.2261999512e+02 6.2260900879e+02 6.2260198975e+02 6.2256799316e+02 6.2252899170e+02 6.2251202393e+02 6.2247302246e+02 6.2242602539e+02 6.2238800049e+02 6.2234698486e+02 6.2230902100e+02 6.2226599121e+02 6.2222302246e+02 6.2219000244e+02 6.2215997314e+02 6.2214599609e+02
6.2043701172e+02 6.2053399658e+02 6.2062402344e+02 6.2069299316e+02 6.2077600098e+02 6.2084301758e+02 6.2091198730e+02 6.2098999023e+02 6.2107397461e+02 6.2116101074e+02 6.2125799561e+02 6.2133197021e+02 6.2142797852e+02 6.2153497314e+02 6.2163800049e+02 6.2172601318e+02 6.2183300781e+02 6.2193402100e+02 6.2200500488e+02 6.2209100342e+02 6.2215100098e+02 6.2219702148e+02 6.2225097656e+02 6.2230102539e+02 6.2236297607e+02 6.2241699219e+02 6.2243597412e+02 6.2246197510e+02 6.2252099609e+02 6.2256896973e+02 6.2258502197e+02 6.2257897949e+02 6.2258300781e+02 6.2255603027e+02 6.2251300049e+02 6.2249102783e+02 6.2245697021e+02 6.2241497803e+02 6.2237402344e+02 6.2233099365e+02 6.2229602051e+02 6.2226202393e+02 6.2221801758e+02 6.2218200684e+02 6.2215301514e+02 6.2214001465e+02
6.2035601807e+02 6.2042602539e+02 6.2049102783e+02 6.2058099365e+02 6.2067999268e+02 6.2074798584e+02 6.2078302002e+02 6.2084600830e+02 6.2092901611e+02 6.2102801514e+02 6.2111199951e+02 6.2120599365e+02 6.2129901123e+02 6.2139898682e+02 6.2151702881e+02 6.2162298584e+02 6.2172497559e+02 6.2181597900e+02 6.2189697266e+02 6.2198797607e+02 6.2206097412e+02 6.2212200928e+02 6.2217401123e+02 6.2221099854e+02 6.2227301025e+02 6.2231896973e+02 6.2234197998e+02 6.2236901855e+02 6.2244799805e+02 6.2251397705e+02 6.2253497314e+02 6.2252398682e+02 6.2253601074e+02 6.2253100586e+02 6.2250000000e+02 6.2247601318e+02 6.2244097900e+02 6.2240100098e+02 6.2236798096e+02 6.2234002686e+02 6.2229998779e+02 6.2226300049e+02 6.2221899414e+02 6.2220001221e+02 6.2217297363e+02 6.2214697266e+02
6.2028399658e+02 6.2033697510e+02 6.2039801025e+02 6.2049200439e+02 6.2057702637e+02 6.2063098145e+02 6.2068902588e+02 6.2074499512e+02 6.2079699707e+02 6.2088598633e+02 6.2097698975e+02 6.2107098389e+02 6.2116699219e+02 6.2127197266e+02 6.2138201904e+02 6.2150299072e+02 6.2160601807e+02 6.2170001221e+02 6.2178198242e+02 6.2188201904e+02 6.2196301270e+02 6.2202899170e+02 6.2209197998e+02 6.2213598633e+02 6.2218298340e+02 6.2221502686e+02 6.2225299072e+02 6.2225402832e+02 6.2233197021e+02 6.2242199707e+02 6.2246301270e+02 6.2246899414e+02 6.2248498535e+02 6.2248999023e+02 6.2245898438e+02 6.2244396973e+02 6.2242102051e+02 6.2239300537e+02 6.2236199951e+02 6.2232598877e+02 6.2229602051e+02 6.2226800537e+02 6.2223101807e+02 6.2221398926e+02 6.2218200684e+02 6.2215997314e+02
6.2022601318e+02 6.2028802490e+02 6.2034002686e+02 6.2042102051e+02 6.2050201416e+02 6.2055200195e+02 6.2061499023e+02 6.2066601563e+02 6.2068798828e+02 6.2075402832e+02 6.2085699463e+02 6.2095300293e+02 6.2104498291e+02 6.2115600586e+02 6.2126202393e+02 6.2136297607e+02 6.2144799805e+02 6.2155999756e+02 6.2166302490e+02 6.2176800537e+02 6.2186401367e+02 6.2194000244e+02 6.2200402832e+02 6.2204797363e+02 6.2210198975e+02 6.2214001465e+02 6.2217797852e+02 6.2219000244e+02 6.2226397705e+02 6.2235101318e+02 6.2240002441e+02 6.2241400146e+02 6.2242901611e+02 6.2243298340e+02 6.2241302490e+02 6.2240997314e+02 6.2239099121e+02 6.2237597656e+02 6.2235302734e+02 6.2230603027e+02 6.2228802490e+02 6.2227502441e+02 6.2224700928e+02 6.2222198486e+02 6.2219201660e+02 6.2217297363e+02
6.2016699219e+02 6.2023199463e+02 6.2029901123e+02 6.2036798096e+02 6.2043298340e+02 6.2047198486e+02 6.2053002930e+02 6.2059100342e+02 6.2061901855e+02 6.2067602539e+02 6.2077197266e+02 6.2085198975e+02 6.2094702148e+02 6.2106201172e+02 6.2115600586e+02 6.2123999023e+02 6.2132000732e+02 6.2143499756e+02 6.2153997803e+02 6.2165502930e+02 6.2176300049e+02 6.2184698486e+02 6.2190899658e+02 6.2196099854e+02 6.2203100586e+02 6.2208099365e+02 6.2211499023e+02 6.2215899658e+02 6.2222698975e+02 6.2229400635e+02 6.2233898926e+02 6.2235498047e+02 6.2236602783e+02 6.2237097168e+02 6.2236901855e+02 6.2237597656e+02 6.2235998535e+02 6.2235198975e+02 6.2233801270e+02 6.2229901123e+02 6.2228802490e+02 6.2227899170e+02 6.2225402832e+02 6.2222399902e+02 6.2221002197e+02 6.2219702148e+02
6.2013397217e+02 6.2019201660e+02 6.2025799561e+02 6.2030603027e+02 6.2036102295e+02 6.2040899658e+02 6.2046502686e+02 6.2052197266e+02 6.2055999756e+02 6.2062097168e+02 6.2071099854e+02 6.2075897217e+02 6.2085498047e+02 6.2096801758e+02 6.2103802490e+02 6.2111798096e+02 6.2123498535e+02 6.2135101318e+02 6.2143298340e+02 6.2153601074e+02 6.2164099121e+02 6.2173498535e+02 6.2182397461e+02 6.2189001465e+02 6.2195898438e+02 6.2201300049e+02 6.2206701660e+02 6.2210198975e+02 6.2215399170e+02 6.2221002197e+02 6.2226098633e+02 6.2228601074e+02 6.2229998779e+02 6.2231597900e+02 6.2233502197e+02 6.2233697510e+02 6.2233001709e+02 6.2232702637e+02 6.2232299805e+02 6.2230297852e+02 6.2229101563e+02 6.2226898193e+02 6.2224798584e+02 6.2223901367e+02 6.2223999023e+02 6.2222198486e+02
6.2010601807e+02 6.2016400146e+02 6.2022900391e+02 6.2025500488e+02 6.2029199219e+02 6.2034301758e+02 6.2041802979e+02 6.2045697021e+02 6.2048797607e+02 6.2054998779e+02 6.2062799072e+02 6.2068902588e+02 6.2077197266e+02 6.2085900879e+02 6.2093298340e+02 6.2101898193e+02 6.2115002441e+02 6.2126702881e+02 6.2133502197e+02 6.2143402100e+02 6.2153601074e+02 6.2163000488e+02 6.2173797607e+02 6.2181701660e+02 6.2189501953e+02 6.2197399902e+02 6.2203198242e+02 6.2205499268e+02 6.2210498047e+02 6.2216101074e+02 6.2221398926e+02 6.2224102783e+02 6.2224597168e+02 6.2226599121e+02 6.2229998779e+02 6.2229302979e+02 6.2228900146e+02 6.2229699707e+02 6.2229699707e+02 6.2229602051e+02 6.2229498291e+02 6.2227197266e+02 6.2226599121e+02 6.2225598145e+02 6.2225500488e+02 6.2223797607e+02
6.2008099365e+02 6.2014300537e+02 6.2019201660e+02 6.2021801758e+02 6.2025799561e+02 6.2029602051e+02 6.2035498047e+02 6.2038897705e+02 6.2043902588e+02 6.2049597168e+02 6.2056298828e+02 6.2064001465e+02 6.2070800781e+02 6.2077197266e+02 6.2084399414e+02 6.2094396973e+02 6.2107702637e+02 6.2118298340e+02 6.2124401855e+02 6.2135998535e+02 6.2146197510e+02 6.2155102539e+02 6.2167199707e+02 6.2174700928e+02 6.2181896973e+02 6.2191198730e+02 6.2197802734e+02 6.2200799561e+02 6.2206500244e+02 6.2210998535e+02 6.2214501953e+02 6.2218597412e+02 6.2219598389e+02 6.2221002197e+02 6.2225701904e+02 6.2226397705e+02 6.2226300049e+02 6.2227301025e+02 6.2228100586e+02 6.2228900146e+02 6.2228997803e+02 6.2227197266e+02 6.2226501465e+02 6.2224798584e+02 6.2225701904e+02 6.2224200439e+02
6.2007000732e+02 6.2011798096e+02 6.2014697266e+02 6.2017999268e+02 6.2022601318e+02 6.2026000977e+02 6.2030401611e+02 6.2035400391e+02 6.2041198730e+02 6.2045599365e+02 6.2051397705e+02 6.2059100342e+02 6.2065100098e+02 6.2071002197e+02 6.2077398682e+02 6.2088299561e+02 6.2100897217e+02 6.2110302734e+02 6.2117602539e+02 6.2129302979e+02 6.2139099121e+02 6.2148199463e+02 6.2160998535e+02 6.2168298340e+02 6.2173602295e+02 6.2182598877e+02 6.2190997314e+02 6.2196099854e+02 6.2202398682e+02 6.2205700684e+02 6.2208197021e+02 6.2213000488e+02 6.2215502930e+02 6.2217901611e+02 6.2222900391e+02 6.2224298096e+02 6.2225299072e+02 6.2226702881e+02 6.2227697754e+02 6.2229101563e+02 6.2228399658e+02 6.2227197266e+02 6.2227301025e+02 6.2225598145e+02 6.2226702881e+02 6.2225299072e+02
6.2005401611e+02 6.2009802246e+02 6.2012298584e+02 6.2014801025e+02 6.2019097900e+02 6.2023901367e+02 6.2028002930e+02 6.2033099365e+02 6.2037597656e+02 6.2040600586e+02 6.2047399902e+02 6.2055798340e+02 6.2060400391e+02 6.2065502930e+02 6.2072601318e+02 6.2084899902e+02 6.2095001221e+02 6.2102502441e+02 6.2113397217e+02 6.2122100830e+02 6.2132202148e+02 6.2142102051e+02 6.2153900146e+02 6.2161901855e+02 6.2166900635e+02 6.2173901367e+02 6.2182098389e+02 6.2191198730e+02 6.2198999023e+02 6.2202899170e+02 6.2206799316e+02 6.2210699463e+02 6.2213800049e+02 6.2217102051e+02 6.2220300293e+02 6.2222198486e+02 6.2225000000e+02 6.2226800537e+02 6.2226599121e+02 6.2228399658e+02 6.2228100586e+02 6.2227600098e+02 6.2229101563e+02 6.2228601074e+02 6.2228802490e+02 6.2227600098e+02
6.2003802490e+02 6.2007598877e+02 6.2010498047e+02 6.2012597656e+02 6.2016699219e+02 6.2021502686e+02 6.2025701904e+02 6.2029302979e+02 6.2033898926e+02 6.2037597656e+02 6.2044396973e+02 6.2050701904e+02 6.2054797363e+02 6.2061499023e+02 6.2069500732e+02 6.2078997803e+02 6.2088201904e+02 6.2095501709e+02 6.2106298828e+02 6.2117199707e+02 6.2126898193e+02 6.2135498047e+02 6.2147302246e+02 6.2154302979e+02 6.2161199951e+02 6.2168597412e+02 6.2176898193e+02 6.2184600830e+02 6.2193103027e+02 6.2198699951e+02 6.2202600098e+02 6.2207202148e+02 6.2212500000e+02 6.2216302490e+02 6.2218902588e+02 6.2221301270e+02 6.2223602295e+02 6.2225897217e+02 6.2226800537e+02 6.2228900146e+02 6.2229498291e+02 6.2229400635e+02 6.2230297852e+02 6.2230401611e+02 6.2231097412e+02 6.2229998779e+02
6.2002099609e+02 6.2005200195e+02 6.2008099365e+02 6.2011401367e+02 6.2014697266e+02 6.2018298340e+02 6.2022601318e+02 6.2026397705e+02 6.2031799316e+02 6.2035900879e+02 6.2040802002e+02 6.2046301270e+02 6.2051000977e+02 6.2058001709e+02 6.2066400146e+02 6.2074597168e+02 6.2082397461e+02 6.2089202881e+02 6.2099798584e+02 6.2111798096e+02 6.2120800781e+02 6.2128302002e+02 6.2140197754e+02 6.2147698975e+02 6.2154797363e+02 6.2161199951e+02 6.2169201660e+02 6.2178601074e+02 6.2188299561e+02 6.2194897461e+02 6.2199902344e+02 6.2204101563e+02 6.2208801270e+02 6.2213397217e+02 6.2217199707e+02 6.2219097900e+02 6.2221002197e+02 6.2224200439e+02 6.2227398682e+02 6.2229302979e+02 6.2230200195e+02 6.2230499268e+02 6.2231500244e+02 6.2232800293e+02 6.2232800293e+02 6.2231402588e+02
6.2000201416e+02 6.2003002930e+02 6.2006402588e+02 6.2010498047e+02 6.2013299561e+02 6.2016400146e+02 6.2020501709e+02 6.2023699951e+02 6.2028900146e+02 6.2033502197e+02 6.2037701416e+02 6.2043597412e+02 6.2048297119e+02 6.2053900146e+02 6.2062701416e+02 6.2071997070e+02 6.2078698730e+02 6.2084997559e+02 6.2094500732e+02 6.2105499268e+02 6.2114599609e+02 6.2121801758e+02 6.2132397461e+02 6.2139697266e+02 6.2146697998e+02 6.2153100586e+02 6.2161602783e+02 6.2173400879e+02 6.2183898926e+02 6.2190002441e+02 6.2196002197e+02 6.2202600098e+02 6.2206701660e+02 6.2210998535e+02 6.2215399170e+02 6.2217797852e+02 6.2219702148e+02 6.2223297119e+02 6.2228302002e+02 6.2229998779e+02 6.2231298828e+02 6.2232598877e+02 6.2233502197e+02 6.2234698486e+02 6.2234698486e+02 6.2234100342e+02
