TESTSERVER/23/16.asc
NCOLS 100
NROWS 100
XLLCORNER 8.6497500000e+03
YLLCORNER 2.8915025000e+05
CELLSIZE 5.0000000000e-01
NODATA_VALUE -9.9990000000e+03
[rows 80 to 99 of 100, columns 46 to 91 of 100]
6.2206799316e+02 6.2202899170e+02 6.2199499512e+02 6.2194702148e+02 6.2188299561e+02 6.2184100342e+02 6.2180603027e+02 6.2177600098e+02 6.2171197510e+02 6.2166400146e+02 6.2161798096e+02 6.2156500244e+02 6.2152301025e+02 6.2147302246e+02 6.2140197754e+02 6.2133697510e+02 6.2128198242e+02 6.2123797607e+02 6.2120098877e+02 6.2116699219e+02 6.2110198975e+02 6.2105499268e+02 6.2103399658e+02 6.2100402832e+02 6.2094097900e+02 6.2089801025e+02 6.2086700439e+02 6.2084301758e+02 6.2084197998e+02 6.2082800293e+02 6.2083502197e+02 6.2085699463e+02 6.2083599854e+02 6.2080700684e+02 6.2080200195e+02 6.2080499268e+02 6.2080401611e+02 6.2078698730e+02 6.2080102539e+02 6.2082202148e+02 6.2081402588e+02 6.2084301758e+02 6.2086798096e+02 6.2088598633e+02 6.2089898682e+02 6.2093798828e+02
6.2207098389e+02 6.2203302002e+02 6.2199798584e+02 6.2195300293e+02 6.2190100098e+02 6.2186102295e+02 6.2182397461e+02 6.2179199219e+02 6.2171301270e+02 6.2166497803e+02 6.2160900879e+02 6.2155102539e+02 6.2151898193e+02 6.2145300293e+02 6.2138500977e+02 6.2133398438e+02 6.2127398682e+02 6.2121099854e+02 6.2115802002e+02 6.2111999512e+02 6.2106402588e+02 6.2100897217e+02 6.2097100830e+02 6.2094201660e+02 6.2089501953e+02 6.2085302734e+02 6.2082098389e+02 6.2080297852e+02 6.2078302002e+02 6.2074700928e+02 6.2075799561e+02 6.2076702881e+02 6.2073901367e+02 6.2072399902e+02 6.2072302246e+02 6.2071502686e+02 6.2071600342e+02 6.2070697021e+02 6.2071197510e+02 6.2072802734e+02 6.2072198486e+02 6.2075000000e+02 6.2076599121e+02 6.2077801514e+02 6.2079699707e+02 6.2084197998e+02
6.2208001709e+02 6.2204302979e+02 6.2199102783e+02 6.2194201660e+02 6.2190399170e+02 6.2186102295e+02 6.2182299805e+02 6.2178802490e+02 6.2171697998e+02 6.2167199707e+02 6.2160900879e+02 6.2155102539e+02 6.2151599121e+02 6.2144500732e+02 6.2137500000e+02 6.2133001709e+02 6.2128399658e+02 6.2121301270e+02 6.2113800049e+02 6.2109002686e+02 6.2103997803e+02 6.2097802734e+02 6.2092102051e+02 6.2088800049e+02 6.2085198975e+02 6.2079602051e+02 6.2076501465e+02 6.2074597168e+02 6.2072399902e+02 6.2068402100e+02 6.2068597412e+02 6.2068103027e+02 6.2065698242e+02 6.2065698242e+02 6.2065100098e+02 6.2063397217e+02 6.2063500977e+02 6.2061499023e+02 6.2061199951e+02 6.2063098145e+02 6.2062298584e+02 6.2065899658e+02 6.2067700195e+02 6.2068701172e+02 6.2070501709e+02 6.2075299072e+02
6.2209002686e+02 6.2204498291e+02 6.2199200439e+02 6.2194598389e+02 6.2190899658e+02 6.2186798096e+02 6.2182598877e+02 6.2179302979e+02 6.2172998047e+02 6.2167401123e+02 6.2160699463e+02 6.2154901123e+02 6.2150897217e+02 6.2146301270e+02 6.2139801025e+02 6.2133801270e+02 6.2128601074e+02 6.2121697998e+02 6.2113397217e+02 6.2107000732e+02 6.2101000977e+02 6.2093103027e+02 6.2087500000e+02 6.2084802246e+02 6.2079998779e+02 6.2075000000e+02 6.2071697998e+02 6.2068499756e+02 6.2066699219e+02 6.2063397217e+02 6.2061297607e+02 6.2061102295e+02 6.2059600830e+02 6.2058197021e+02 6.2057202148e+02 6.2055999756e+02 6.2055603027e+02 6.2053698730e+02 6.2053002930e+02 6.2054400635e+02 6.2053198242e+02 6.2057098389e+02 6.2059197998e+02 6.2060400391e+02 6.2061499023e+02 6.2065197754e+02
6.2208599854e+02 6.2203601074e+02 6.2199597168e+02 6.2196099854e+02 6.2193103027e+02 6.2189300537e+02 6.2184497070e+02 6.2180102539e+02 6.2173602295e+02 6.2168200684e+02 6.2161798096e+02 6.2155902100e+02 6.2150799561e+02 6.2146600342e+02 6.2141601563e+02 6.2134197998e+02 6.2126300049e+02 6.2119702148e+02 6.2112701416e+02 6.2105401611e+02 6.2098101807e+02 6.2091400146e+02 6.2085400391e+02 6.2079699707e+02 6.2072198486e+02 6.2070397949e+02 6.2067498779e+02 6.2062701416e+02 6.2056799316e+02 6.2054498291e+02 6.2052697754e+02 6.2052197266e+02 6.2051702881e+02 6.2049401855e+02 6.2048101807e+02 6.2047302246e+02 6.2046002197e+02 6.2045001221e+02 6.2043298340e+02 6.2044702148e+02 6.2045202637e+02 6.2048400879e+02 6.2048999023e+02 6.2050000000e+02 6.2052697754e+02 6.2055499268e+02
6.2209997559e+02 6.2206201172e+02 6.2203601074e+02 6.2199401855e+02 6.2195001221e+02 6.2191998291e+02 6.2186499023e+02 6.2181402588e+02 6.2176800537e+02 6.2170800781e+02 6.2164001465e+02 6.2159002686e+02 6.2154400635e+02 6.2147100830e+02 6.2140802002e+02 6.2134301758e+02 6.2127099609e+02 6.2120599365e+02 6.2113000488e+02 6.2105401611e+02 6.2099102783e+02 6.2092401123e+02 6.2084997559e+02 6.2078497314e+02 6.2070800781e+02 6.2067901611e+02 6.2063500977e+02 6.2055603027e+02 6.2049298096e+02 6.2048699951e+02 6.2047198486e+02 6.2044097900e+02 6.2043499756e+02 6.2042297363e+02 6.2040502930e+02 6.2038598633e+02 6.2037597656e+02 6.2036102295e+02 6.2034600830e+02 6.2036297607e+02 6.2036798096e+02 6.2039099121e+02 6.2040002441e+02 6.2041198730e+02 6.2044799805e+02 6.2047900391e+02
6.2211401367e+02 6.2207800293e+02 6.2205401611e+02 6.2199700928e+02 6.2194799805e+02 6.2192700195e+02 6.2188098145e+02 6.2183801270e+02 6.2179199219e+02 6.2173199463e+02 6.2166198730e+02 6.2162298584e+02 6.2159002686e+02 6.2150701904e+02 6.2142498779e+02 6.2134899902e+02 6.2127600098e+02 6.2121801758e+02 6.2114001465e+02 6.2105798340e+02 6.2098400879e+02 6.2091497803e+02 6.2084497070e+02 6.2077801514e+02 6.2070800781e+02 6.2066497803e+02 6.2060302734e+02 6.2052001953e+02 6.2046301270e+02 6.2043103027e+02 6.2042102051e+02 6.2038897705e+02 6.2035498047e+02 6.2034197998e+02 6.2032000732e+02 6.2030200195e+02 6.2029797363e+02 6.2028302002e+02 6.2026098633e+02 6.2026098633e+02 6.2025799561e+02 6.2029101563e+02 6.2032000732e+02 6.2034100342e+02 6.2037701416e+02 6.2039697266e+02
6.2211401367e+02 6.2208001709e+02 6.2205102539e+02 6.2201098633e+02 6.2197497559e+02 6.2193798828e+02 6.2189801025e+02 6.2186700439e+02 6.2181402588e+02 6.2177301025e+02 6.2171099854e+02 6.2166101074e+02 6.2161999512e+02 6.2155401611e+02 6.2146099854e+02 6.2136199951e+02 6.2127502441e+02 6.2121398926e+02 6.2113299561e+02 6.2105102539e+02 6.2096997070e+02 6.2090399170e+02 6.2083300781e+02 6.2076000977e+02 6.2069500732e+02 6.2064300537e+02 6.2056896973e+02 6.2050402832e+02 6.2046197510e+02 6.2037097168e+02 6.2034997559e+02 6.2033697510e+02 6.2028698730e+02 6.2026599121e+02 6.2024700928e+02 6.2022497559e+02 6.2020898438e+02 6.2020397949e+02 6.2018402100e+02 6.2017498779e+02 6.2017401123e+02 6.2020599365e+02 6.2023297119e+02 6.2025402832e+02 6.2029400635e+02 6.2030902100e+02
6.2211700439e+02 6.2208398438e+02 6.2205401611e+02 6.2203100586e+02 6.2200097656e+02 6.2196099854e+02 6.2192797852e+02 6.2189801025e+02 6.2184497070e+02 6.2180798340e+02 6.2175097656e+02 6.2167999268e+02 6.2161999512e+02 6.2157800293e+02 6.2148498535e+02 6.2138098145e+02 6.2131298828e+02 6.2123498535e+02 6.2114300537e+02 6.2105200195e+02 6.2096502686e+02 6.2088702393e+02 6.2080401611e+02 6.2073901367e+02 6.2067297363e+02 6.2061798096e+02 6.2054199219e+02 6.2048602295e+02 6.2045202637e+02 6.2033001709e+02 6.2027502441e+02 6.2027001953e+02 6.2023699951e+02 6.2021099854e+02 6.2018701172e+02 6.2016497803e+02 6.2012701416e+02 6.2010699463e+02 6.2010400391e+02 6.2010302734e+02 6.2010101318e+02 6.2011798096e+02 6.2013299561e+02 6.2016601563e+02 6.2020397949e+02 6.2021197510e+02
6.2214599609e+02 6.2210302734e+02 6.2207098389e+02 6.2205200195e+02 6.2202398682e+02 6.2198297119e+02 6.2194097900e+02 6.2190802002e+02 6.2186102295e+02 6.2181896973e+02 6.2175897217e+02 6.2169702148e+02 6.2164697266e+02 6.2158001709e+02 6.2148901367e+02 6.2140802002e+02 6.2133599854e+02 6.2125500488e+02 6.2114801025e+02 6.2105401611e+02 6.2097601318e+02 6.2088299561e+02 6.2078399658e+02 6.2071398926e+02 6.2063598633e+02 6.2057501221e+02 6.2050897217e+02 6.2045202637e+02 6.2040899658e+02 6.2030798340e+02 6.2025897217e+02 6.2023797607e+02 6.2020697021e+02 6.2016497803e+02 6.2011199951e+02 6.2008300781e+02 6.2006701660e+02 6.2004602051e+02 6.2004699707e+02 6.2002600098e+02 6.2001098633e+02 6.2004602051e+02 6.2005603027e+02 6.2007299805e+02 6.2009497070e+02 6.2012097168e+02
6.2215100098e+02 6.2212402344e+02 6.2209100342e+02 6.2206500244e+02 6.2204400635e+02 6.2201202393e+02 6.2196600342e+02 6.2192901611e+02 6.2188201904e+02 6.2183099365e+02 6.2177398682e+02 6.2171697998e+02 6.2167297363e+02 6.2159698486e+02 6.2151800537e+02 6.2144897461e+02 6.2134802246e+02 6.2124902344e+02 6.2116302490e+02 6.2107598877e+02 6.2095697021e+02 6.2085101318e+02 6.2077197266e+02 6.2070599365e+02 6.2063299561e+02 6.2055902100e+02 6.2048602295e+02 6.2043103027e+02 6.2039001465e+02 6.2031896973e+02 6.2025598145e+02 6.2018597412e+02 6.2014398193e+02 6.2009802246e+02 6.2004699707e+02 6.2001202393e+02 6.2000701904e+02 6.1999298096e+02 6.1998797607e+02 6.1996197510e+02 6.1994702148e+02 6.1997601318e+02 6.1998602295e+02 6.1999902344e+02 6.2000897217e+02 6.2002398682e+02
6.2215997314e+02 6.2214501953e+02 6.2211602783e+02 6.2208398438e+02 6.2205499268e+02 6.2202099609e+02 6.2197698975e+02 6.2194702148e+02 6.2191101074e+02 6.2185400391e+02 6.2180401611e+02 6.2174499512e+02 6.2168701172e+02 6.2160302734e+02 6.2153198242e+02 6.2147399902e+02 6.2137298584e+02 6.2126501465e+02 6.2118597412e+02 6.2109197998e+02 6.2095397949e+02 6.2083801270e+02 6.2075701904e+02 6.2069000244e+02 6.2063098145e+02 6.2054901123e+02 6.2047900391e+02 6.2042199707e+02 6.2037402344e+02 6.2029602051e+02 6.2023498535e+02 6.2015301514e+02 6.2008898926e+02 6.2003900146e+02 6.1999798584e+02 6.1996099854e+02 6.1994097900e+02 6.1991497803e+02 6.1991101074e+02 6.1989001465e+02 6.1988397217e+02 6.1990100098e+02 6.1990301514e+02 6.1990899658e+02 6.1992797852e+02 6.1994500732e+02
6.2218200684e+02 6.2216302490e+02 6.2213397217e+02 6.2210198975e+02 6.2207702637e+02 6.2204400635e+02 6.2200201416e+02 6.2196801758e+02 6.2191802979e+02 6.2187402344e+02 6.2182800293e+02 6.2177099609e+02 6.2170300293e+02 6.2161602783e+02 6.2154199219e+02 6.2147399902e+02 6.2138201904e+02 6.2128601074e+02 6.2118798828e+02 6.2108801270e+02 6.2099597168e+02 6.2088000488e+02 6.2076202393e+02 6.2067102051e+02 6.2059698486e+02 6.2051898193e+02 6.2046398926e+02 6.2040399170e+02 6.2034002686e+02 6.2024499512e+02 6.2020001221e+02 6.2015197754e+02 6.2006701660e+02 6.2000000000e+02 6.1995202637e+02 6.1991497803e+02 6.1989001465e+02 6.1986602783e+02 6.1984997559e+02 6.1982098389e+02 6.1981896973e+02 6.1983599854e+02 6.1982098389e+02 6.1981298828e+02 6.1984002686e+02 6.1984600830e+02
6.2221301270e+02 6.2218298340e+02 6.2215002441e+02 6.2212799072e+02 6.2211297607e+02 6.2207202148e+02 6.2203198242e+02 6.2199499512e+02 6.2194897461e+02 6.2190600586e+02 6.2184197998e+02 6.2178601074e+02 6.2173901367e+02 6.2164898682e+02 6.2156402588e+02 6.2147497559e+02 6.2139599609e+02 6.2130401611e+02 6.2121099854e+02 6.2111401367e+02 6.2100598145e+02 6.2089501953e+02 6.2078698730e+02 6.2067999268e+02 6.2058697510e+02 6.2052099609e+02 6.2045001221e+02 6.2039099121e+02 6.2032598877e+02 6.2021997070e+02 6.2016601563e+02 6.2013397217e+02 6.2006298828e+02 6.1998498535e+02 6.1991900635e+02 6.1986700439e+02 6.1983300781e+02 6.1980902100e+02 6.1978399658e+02 6.1976098633e+02 6.1975701904e+02 6.1977600098e+02 6.1975897217e+02 6.1973101807e+02 6.1972900391e+02 6.1972198486e+02
6.2221899414e+02 6.2220599365e+02 6.2219000244e+02 6.2216198730e+02 6.2213098145e+02 6.2209497070e+02 6.2206896973e+02 6.2203698730e+02 6.2198602295e+02 6.2193298340e+02 6.2186901855e+02 6.2181097412e+02 6.2175701904e+02 6.2167498779e+02 6.2160498047e+02 6.2151501465e+02 6.2141400146e+02 6.2132202148e+02 6.2123297119e+02 6.2113500977e+02 6.2101300049e+02 6.2091101074e+02 6.2080700684e+02 6.2069000244e+02 6.2058502197e+02 6.2052697754e+02 6.2045001221e+02 6.2038598633e+02 6.2031097412e+02 6.2020098877e+02 6.2013598633e+02 6.2009899902e+02 6.2004199219e+02 6.1996002197e+02 6.1989398193e+02 6.1983599854e+02 6.1979901123e+02 6.1976098633e+02 6.1972100830e+02 6.1969702148e+02 6.1968402100e+02 6.1969396973e+02 6.1969299316e+02 6.1966900635e+02 6.1964300537e+02 6.1963800049e+02
6.2223699951e+02 6.2223797607e+02 6.2222399902e+02 6.2219000244e+02 6.2215399170e+02 6.2212597656e+02 6.2210400391e+02 6.2206402588e+02 6.2201202393e+02 6.2196099854e+02 6.2190002441e+02 6.2183801270e+02 6.2176898193e+02 6.2169000244e+02 6.2162402344e+02 6.2153997803e+02 6.2142199707e+02 6.2132598877e+02 6.2123999023e+02 6.2114001465e+02 6.2101501465e+02 6.2091497803e+02 6.2080902100e+02 6.2069000244e+02 6.2058599854e+02 6.2053497314e+02 6.2045001221e+02 6.2037097168e+02 6.2029101563e+02 6.2018103027e+02 6.2011102295e+02 6.2006701660e+02 6.2001397705e+02 6.1993798828e+02 6.1987500000e+02 6.1980700684e+02 6.1976501465e+02 6.1971600342e+02 6.1966601563e+02 6.1962902832e+02 6.1960900879e+02 6.1960797119e+02 6.1961798096e+02 6.1960601807e+02 6.1956896973e+02 6.1957598877e+02
6.2227398682e+02 6.2226702881e+02 6.2224200439e+02 6.2222900391e+02 6.2221301270e+02 6.2217297363e+02 6.2214501953e+02 6.2209497070e+02 6.2203399658e+02 6.2197900391e+02 6.2191900635e+02 6.2185998535e+02 6.2178302002e+02 6.2170697021e+02 6.2162597656e+02 6.2154498291e+02 6.2145202637e+02 6.2134399414e+02 6.2125000000e+02 6.2114398193e+02 6.2102197266e+02 6.2092498779e+02 6.2081402588e+02 6.2070501709e+02 6.2060101318e+02 6.2053002930e+02 6.2042700195e+02 6.2034301758e+02 6.2027899170e+02 6.2019702148e+02 6.2011499023e+02 6.2005999756e+02 6.1999499512e+02 6.1991900635e+02 6.1985400391e+02 6.1978497314e+02 6.1972399902e+02 6.1966601563e+02 6.1962799072e+02 6.1958398438e+02 6.1956402588e+02 6.1954998779e+02 6.1953698730e+02 6.1953002930e+02 6.1950500488e+02 6.1950000000e+02
6.2229797363e+02 6.2230499268e+02 6.2228002930e+02 6.2227001953e+02 6.2225500488e+02 6.2221398926e+02 6.2217901611e+02 6.2212902832e+02 6.2207501221e+02 6.2201702881e+02 6.2195098877e+02 6.2189202881e+02 6.2181097412e+02 6.2173400879e+02 6.2165698242e+02 6.2157702637e+02 6.2149102783e+02 6.2138299561e+02 6.2126300049e+02 6.2114001465e+02 6.2103399658e+02 6.2094000244e+02 6.2082098389e+02 6.2071301270e+02 6.2060101318e+02 6.2052001953e+02 6.2041998291e+02 6.2034100342e+02 6.2027899170e+02 6.2019702148e+02 6.2010900879e+02 6.2003698730e+02 6.1996099854e+02 6.1988299561e+02 6.1981896973e+02 6.1974298096e+02 6.1967199707e+02 6.1961602783e+02 6.1959301758e+02 6.1955902100e+02 6.1953399658e+02 6.1951202393e+02 6.1947900391e+02 6.1946197510e+02 6.1946301270e+02 6.1944201660e+02
6.2230902100e+02 6.2232397461e+02 6.2229699707e+02 6.2228302002e+02 6.2228002930e+02 6.2224298096e+02 6.2220898438e+02 6.2216198730e+02 6.2211401367e+02 6.2205700684e+02 6.2199102783e+02 6.2192498779e+02 6.2184399414e+02 6.2176397705e+02 6.2167999268e+02 6.2159197998e+02 6.2151800537e+02 6.2142498779e+02 6.2129400635e+02 6.2116198730e+02 6.2105499268e+02 6.2095397949e+02 6.2082501221e+02 6.2070501709e+02 6.2059698486e+02 6.2052197266e+02 6.2042199707e+02 6.2034002686e+02 6.2027301025e+02 6.2018597412e+02 6.2009002686e+02 6.2000701904e+02 6.1994097900e+02 6.1985699463e+02 6.1979302979e+02 6.1971398926e+02 6.1965399170e+02 6.1960699463e+02 6.1957098389e+02 6.1951800537e+02 6.1947601318e+02 6.1945697021e+02 6.1942297363e+02 6.1939697266e+02 6.1939501953e+02 6.1937402344e+02
6.2233099365e+02 6.2234002686e+02 6.2231701660e+02 6.2230798340e+02 6.2230401611e+02 6.2226898193e+02 6.2223797607e+02 6.2219598389e+02 6.2214898682e+02 6.2209600830e+02 6.2203900146e+02 6.2197100830e+02 6.2187500000e+02 6.2178002930e+02 6.2169500732e+02 6.2160797119e+02 6.2153100586e+02 6.2145202637e+02 6.2133099365e+02 6.2119396973e+02 6.2107202148e+02 6.2097198486e+02 6.2084802246e+02 6.2071301270e+02 6.2059899902e+02 6.2052197266e+02 6.2042602539e+02 6.2033300781e+02 6.2024902344e+02 6.2016101074e+02 6.2007897949e+02 6.2000701904e+02 6.1994000244e+02 6.1985601807e+02 6.1979901123e+02 6.1972399902e+02 6.1965899658e+02 6.1959301758e+02 6.1954302979e+02 6.1949902344e+02 6.1945202637e+02 6.1942498779e+02 6.1938201904e+02 6.1934197998e+02 6.1932598877e+02 6.1930603027e+02
