TESTSERVER/23/17.asc
NCOLS 100
NROWS 100
XLLCORNER 8.6497500000e+03
YLLCORNER 2.8910025000e+05
CELLSIZE 5.0000000000e-01
NODATA_VALUE -9.9990000000e+03
[rows 80 to 99 of 100, columns 46 to 91 of 100]
6.1127001953e+02 6.1126501465e+02 6.1127398682e+02 6.1130102539e+02 6.1132897949e+02 6.1129797363e+02 6.1130499268e+02 6.1132202148e+02 6.1132800293e+02 6.1133099365e+02 6.1130798340e+02 6.1130200195e+02 6.1133898926e+02 6.1133502197e+02 6.1136999512e+02 6.1140002441e+02 6.1138397217e+02 6.1136999512e+02 6.1137500000e+02 6.1137298584e+02 6.1137298584e+02 6.1137799072e+02 6.1137200928e+02 6.1133898926e+02 6.1127301025e+02 6.1118597412e+02 6.1110699463e+02 6.1105798340e+02 6.1104699707e+02 6.1106896973e+02 6.1104498291e+02 6.1098699951e+02 6.1096002197e+02 6.1094201660e+02 6.1094897461e+02 6.1095501709e+02 6.1095697021e+02 6.1093499756e+02 6.1094500732e+02 6.1097802734e+02 6.1099102783e+02 6.1095800781e+02 6.1093597412e+02 6.1093402100e+02 6.1094396973e+02 6.1096899414e+02
6.1106799316e+02 6.1106097412e+02 6.1106201172e+02 6.1107598877e+02 6.1109197998e+02 6.1107598877e+02 6.1109002686e+02 6.1109698486e+02 6.1108898926e+02 6.1108599854e+02 6.1109197998e+02 6.1113299561e+02 6.1118402100e+02 6.1117199707e+02 6.1116302490e+02 6.1115002441e+02 6.1111798096e+02 6.1109600830e+02 6.1109197998e+02 6.1109497070e+02 6.1110601807e+02 6.1114202881e+02 6.1117102051e+02 6.1113598633e+02 6.1102801514e+02 6.1095001221e+02 6.1088299561e+02 6.1083197021e+02 6.1080700684e+02 6.1080798340e+02 6.1077801514e+02 6.1072497559e+02 6.1069097900e+02 6.1067199707e+02 6.1067999268e+02 6.1067602539e+02 6.1063299561e+02 6.1060900879e+02 6.1062097168e+02 6.1064501953e+02 6.1065100098e+02 6.1062701416e+02 6.1061999512e+02 6.1063098145e+02 6.1063500977e+02 6.1063598633e+02
6.1085498047e+02 6.1085400391e+02 6.1085498047e+02 6.1086401367e+02 6.1088000488e+02 6.1086602783e+02 6.1088000488e+02 6.1088800049e+02 6.1087597656e+02 6.1088500977e+02 6.1090802002e+02 6.1094702148e+02 6.1098101807e+02 6.1096697998e+02 6.1093597412e+02 6.1090197754e+02 6.1086798096e+02 6.1084802246e+02 6.1084301758e+02 6.1084600830e+02 6.1084802246e+02 6.1089202881e+02 6.1092297363e+02 6.1087597656e+02 6.1075598145e+02 6.1069702148e+02 6.1063201904e+02 6.1058197021e+02 6.1055700684e+02 6.1053997803e+02 6.1051898193e+02 6.1048498535e+02 6.1045697021e+02 6.1043103027e+02 6.1041900635e+02 6.1040600586e+02 6.1036297607e+02 6.1034301758e+02 6.1033898926e+02 6.1033300781e+02 6.1033001709e+02 6.1031896973e+02 6.1033001709e+02 6.1035797119e+02 6.1037097168e+02 6.1036102295e+02
6.1063897705e+02 6.1063397217e+02 6.1063598633e+02 6.1064697266e+02 6.1067700195e+02 6.1067199707e+02 6.1068701172e+02 6.1069396973e+02 6.1067602539e+02 6.1069799805e+02 6.1071997070e+02 6.1073699951e+02 6.1075897217e+02 6.1075897217e+02 6.1072302246e+02 6.1067999268e+02 6.1064001465e+02 6.1062500000e+02 6.1062500000e+02 6.1062500000e+02 6.1060998535e+02 6.1064202881e+02 6.1065502930e+02 6.1059197998e+02 6.1047302246e+02 6.1042199707e+02 6.1037402344e+02 6.1034399414e+02 6.1031597900e+02 6.1027398682e+02 6.1025598145e+02 6.1024401855e+02 6.1023999023e+02 6.1019897461e+02 6.1016302490e+02 6.1015802002e+02 6.1014398193e+02 6.1013299561e+02 6.1011499023e+02 6.1008697510e+02 6.1007397461e+02 6.1007202148e+02 6.1008599854e+02 6.1010900879e+02 6.1011401367e+02 6.1011297607e+02
6.1042401123e+02 6.1041998291e+02 6.1041802979e+02 6.1043200684e+02 6.1045898438e+02 6.1047399902e+02 6.1049499512e+02 6.1049700928e+02 6.1048699951e+02 6.1048297119e+02 6.1049700928e+02 6.1052197266e+02 6.1058300781e+02 6.1059100342e+02 6.1054101563e+02 6.1047698975e+02 6.1043200684e+02 6.1041198730e+02 6.1041302490e+02 6.1040399170e+02 6.1037402344e+02 6.1038897705e+02 6.1037402344e+02 6.1030297852e+02 6.1020300293e+02 6.1014697266e+02 6.1011499023e+02 6.1011499023e+02 6.1008599854e+02 6.1004998779e+02 6.1001702881e+02 6.1000799561e+02 6.1000598145e+02 6.0995098877e+02 6.0991900635e+02 6.0992297363e+02 6.0990997314e+02 6.0992199707e+02 6.0990399170e+02 6.0986499023e+02 6.0984497070e+02 6.0984997559e+02 6.0985498047e+02 6.0984600830e+02 6.0981201172e+02 6.0982598877e+02
6.1021502686e+02 6.1021997070e+02 6.1022198486e+02 6.1024200439e+02 6.1025097656e+02 6.1024597168e+02 6.1026800537e+02 6.1028601074e+02 6.1028198242e+02 6.1027301025e+02 6.1028100586e+02 6.1032098389e+02 6.1038098145e+02 6.1038397217e+02 6.1032598877e+02 6.1025000000e+02 6.1020800781e+02 6.1019396973e+02 6.1017498779e+02 6.1015301514e+02 6.1012298584e+02 6.1012701416e+02 6.1010900879e+02 6.1006701660e+02 6.1002600098e+02 6.0995898438e+02 6.0989599609e+02 6.0990301514e+02 6.0993499756e+02 6.0987701416e+02 6.0979901123e+02 6.0979797363e+02 6.0980297852e+02 6.0975799561e+02 6.0974798584e+02 6.0971301270e+02 6.0964202881e+02 6.0966101074e+02 6.0965197754e+02 6.0960498047e+02 6.0959600830e+02 6.0960699463e+02 6.0962597656e+02 6.0961499023e+02 6.0956500244e+02 6.0956701660e+02
6.0998999023e+02 6.1000598145e+02 6.1001702881e+02 6.1005102539e+02 6.1006799316e+02 6.1004998779e+02 6.1005102539e+02 6.1006402588e+02 6.1005401611e+02 6.1004998779e+02 6.1004901123e+02 6.1007702637e+02 6.1012500000e+02 6.1013897705e+02 6.1010797119e+02 6.1005297852e+02 6.1001599121e+02 6.0999902344e+02 6.0996997070e+02 6.0993701172e+02 6.0991198730e+02 6.0991198730e+02 6.0988897705e+02 6.0986199951e+02 6.0984600830e+02 6.0978100586e+02 6.0972302246e+02 6.0974102783e+02 6.0978100586e+02 6.0968499756e+02 6.0958502197e+02 6.0959197998e+02 6.0959197998e+02 6.0955499268e+02 6.0955603027e+02 6.0950799561e+02 6.0941198730e+02 6.0942498779e+02 6.0941601563e+02 6.0937597656e+02 6.0937298584e+02 6.0936901855e+02 6.0938500977e+02 6.0938397217e+02 6.0934301758e+02 6.0932397461e+02
6.0977099609e+02 6.0980798340e+02 6.0981701660e+02 6.0983398438e+02 6.0985198975e+02 6.0984002686e+02 6.0982800293e+02 6.0983398438e+02 6.0982598877e+02 6.0981402588e+02 6.0980401611e+02 6.0981201172e+02 6.0984301758e+02 6.0987402344e+02 6.0987701416e+02 6.0985302734e+02 6.0983197021e+02 6.0981799316e+02 6.0978601074e+02 6.0974798584e+02 6.0972698975e+02 6.0972698975e+02 6.0968499756e+02 6.0964398193e+02 6.0962402344e+02 6.0957000732e+02 6.0953997803e+02 6.0955401611e+02 6.0954400635e+02 6.0944897461e+02 6.0937902832e+02 6.0939801025e+02 6.0939099121e+02 6.0935699463e+02 6.0934399414e+02 6.0930499268e+02 6.0922698975e+02 6.0920202637e+02 6.0918499756e+02 6.0916601563e+02 6.0916802979e+02 6.0914001465e+02 6.0913201904e+02 6.0913201904e+02 6.0912500000e+02 6.0909899902e+02
6.0957397461e+02 6.0959002686e+02 6.0959100342e+02 6.0959301758e+02 6.0961102295e+02 6.0960797119e+02 6.0960302734e+02 6.0961199951e+02 6.0962097168e+02 6.0960699463e+02 6.0958801270e+02 6.0957202148e+02 6.0956298828e+02 6.0959497070e+02 6.0961798096e+02 6.0960998535e+02 6.0961199951e+02 6.0962701416e+02 6.0959802246e+02 6.0955102539e+02 6.0951898193e+02 6.0950598145e+02 6.0944799805e+02 6.0939099121e+02 6.0936700439e+02 6.0932299805e+02 6.0931500244e+02 6.0930902100e+02 6.0923199463e+02 6.0917901611e+02 6.0916400146e+02 6.0917102051e+02 6.0916900635e+02 6.0916400146e+02 6.0913000488e+02 6.0909497070e+02 6.0905700684e+02 6.0901501465e+02 6.0898699951e+02 6.0896002197e+02 6.0893200684e+02 6.0890301514e+02 6.0886999512e+02 6.0887500000e+02 6.0891400146e+02 6.0888598633e+02
6.0937298584e+02 6.0935797119e+02 6.0935498047e+02 6.0936602783e+02 6.0938000488e+02 6.0939202881e+02 6.0939202881e+02 6.0938500977e+02 6.0939599609e+02 6.0939599609e+02 6.0937097168e+02 6.0934497070e+02 6.0933502197e+02 6.0934497070e+02 6.0935498047e+02 6.0933599854e+02 6.0934100342e+02 6.0936401367e+02 6.0935998535e+02 6.0932598877e+02 6.0928601074e+02 6.0924401855e+02 6.0919500732e+02 6.0916400146e+02 6.0914898682e+02 6.0909399414e+02 6.0906597900e+02 6.0903698730e+02 6.0898797607e+02 6.0896197510e+02 6.0894299316e+02 6.0891601563e+02 6.0890399170e+02 6.0890600586e+02 6.0888000488e+02 6.0884100342e+02 6.0880999756e+02 6.0878100586e+02 6.0875701904e+02 6.0871997070e+02 6.0867602539e+02 6.0866802979e+02 6.0866198730e+02 6.0868298340e+02 6.0871301270e+02 6.0867297363e+02
6.0915899658e+02 6.0915301514e+02 6.0915502930e+02 6.0916699219e+02 6.0917102051e+02 6.0918499756e+02 6.0918499756e+02 6.0917498779e+02 6.0917999268e+02 6.0917797852e+02 6.0916101074e+02 6.0914501953e+02 6.0914001465e+02 6.0914202881e+02 6.0913000488e+02 6.0909899902e+02 6.0908300781e+02 6.0908398438e+02 6.0908502197e+02 6.0907501221e+02 6.0904901123e+02 6.0900500488e+02 6.0896600342e+02 6.0894702148e+02 6.0893701172e+02 6.0888397217e+02 6.0882598877e+02 6.0878002930e+02 6.0875701904e+02 6.0873999023e+02 6.0872497559e+02 6.0869097900e+02 6.0865197754e+02 6.0863702393e+02 6.0860601807e+02 6.0857299805e+02 6.0854998779e+02 6.0853497314e+02 6.0852600098e+02 6.0850299072e+02 6.0847399902e+02 6.0850299072e+02 6.0852301025e+02 6.0853802490e+02 6.0853100586e+02 6.0847198486e+02
6.0896301270e+02 6.0897100830e+02 6.0896502686e+02 6.0897100830e+02 6.0897100830e+02 6.0896801758e+02 6.0897302246e+02 6.0897198486e+02 6.0896600342e+02 6.0895098877e+02 6.0894500732e+02 6.0894201660e+02 6.0894000244e+02 6.0893798828e+02 6.0892498779e+02 6.0889599609e+02 6.0886297607e+02 6.0883300781e+02 6.0881896973e+02 6.0881402588e+02 6.0880798340e+02 6.0878198242e+02 6.0875897217e+02 6.0874102783e+02 6.0872100830e+02 6.0869201660e+02 6.0861499023e+02 6.0855200195e+02 6.0853601074e+02 6.0850402832e+02 6.0849298096e+02 6.0847198486e+02 6.0842199707e+02 6.0838500977e+02 6.0835101318e+02 6.0832202148e+02 6.0829998779e+02 6.0828601074e+02 6.0828497314e+02 6.0828198242e+02 6.0828698730e+02 6.0833801270e+02 6.0836401367e+02 6.0836297607e+02 6.0832702637e+02 6.0826898193e+02
6.0877301025e+02 6.0878302002e+02 6.0876800537e+02 6.0876702881e+02 6.0876599121e+02 6.0876000977e+02 6.0876599121e+02 6.0875897217e+02 6.0874700928e+02 6.0874401855e+02 6.0873602295e+02 6.0872998047e+02 6.0871398926e+02 6.0870800781e+02 6.0871197510e+02 6.0870202637e+02 6.0867199707e+02 6.0861798096e+02 6.0858300781e+02 6.0856799316e+02 6.0856701660e+02 6.0855200195e+02 6.0853900146e+02 6.0850701904e+02 6.0846099854e+02 6.0848498535e+02 6.0840899658e+02 6.0833801270e+02 6.0833300781e+02 6.0826000977e+02 6.0822601318e+02 6.0821301270e+02 6.0819396973e+02 6.0814697266e+02 6.0811798096e+02 6.0809600830e+02 6.0806896973e+02 6.0804797363e+02 6.0803399658e+02 6.0803302002e+02 6.0804101563e+02 6.0809802246e+02 6.0810498047e+02 6.0808898926e+02 6.0804602051e+02 6.0802502441e+02
6.0856500244e+02 6.0856799316e+02 6.0857098389e+02 6.0857397461e+02 6.0856298828e+02 6.0856701660e+02 6.0856896973e+02 6.0855102539e+02 6.0853802490e+02 6.0854602051e+02 6.0853302002e+02 6.0852600098e+02 6.0850201416e+02 6.0848199463e+02 6.0848602295e+02 6.0847497559e+02 6.0844299316e+02 6.0840100098e+02 6.0836700439e+02 6.0833898926e+02 6.0831597900e+02 6.0829602051e+02 6.0828100586e+02 6.0825201416e+02 6.0820800781e+02 6.0820898438e+02 6.0814898682e+02 6.0809802246e+02 6.0807202148e+02 6.0802001953e+02 6.0798297119e+02 6.0796197510e+02 6.0793701172e+02 6.0789697266e+02 6.0787500000e+02 6.0785797119e+02 6.0782800293e+02 6.0780798340e+02 6.0779302979e+02 6.0779101563e+02 6.0779998779e+02 6.0782800293e+02 6.0783001709e+02 6.0781402588e+02 6.0777697754e+02 6.0776501465e+02
6.0835797119e+02 6.0835498047e+02 6.0834997559e+02 6.0835101318e+02 6.0834899902e+02 6.0835699463e+02 6.0835900879e+02 6.0834600830e+02 6.0833599854e+02 6.0834399414e+02 6.0833300781e+02 6.0832202148e+02 6.0829797363e+02 6.0827801514e+02 6.0826898193e+02 6.0824798584e+02 6.0821398926e+02 6.0817999268e+02 6.0815600586e+02 6.0813098145e+02 6.0809497070e+02 6.0806298828e+02 6.0803900146e+02 6.0801202393e+02 6.0797601318e+02 6.0794799805e+02 6.0790399170e+02 6.0786798096e+02 6.0782702637e+02 6.0779199219e+02 6.0776098633e+02 6.0773498535e+02 6.0769799805e+02 6.0766198730e+02 6.0763598633e+02 6.0761798096e+02 6.0759399414e+02 6.0757098389e+02 6.0756097412e+02 6.0756500244e+02 6.0755700684e+02 6.0755297852e+02 6.0754602051e+02 6.0753601074e+02 6.0751300049e+02 6.0750500488e+02
6.0815301514e+02 6.0815399170e+02 6.0813397217e+02 6.0814599609e+02 6.0816302490e+02 6.0815802002e+02 6.0815802002e+02 6.0814801025e+02 6.0813897705e+02 6.0814599609e+02 6.0813598633e+02 6.0812097168e+02 6.0809600830e+02 6.0808099365e+02 6.0806201172e+02 6.0803302002e+02 6.0800097656e+02 6.0797601318e+02 6.0795001221e+02 6.0792199707e+02 6.0788800049e+02 6.0785400391e+02 6.0782098389e+02 6.0778997803e+02 6.0775500488e+02 6.0770898438e+02 6.0766998291e+02 6.0763500977e+02 6.0758599854e+02 6.0755902100e+02 6.0752801514e+02 6.0749597168e+02 6.0746197510e+02 6.0743499756e+02 6.0741302490e+02 6.0740502930e+02 6.0739801025e+02 6.0735998535e+02 6.0734197998e+02 6.0733898926e+02 6.0730798340e+02 6.0727099609e+02 6.0725500488e+02 6.0725299072e+02 6.0725598145e+02 6.0724798584e+02
6.0792797852e+02 6.0794500732e+02 6.0793402100e+02 6.0795098877e+02 6.0797698975e+02 6.0796801758e+02 6.0796600342e+02 6.0795098877e+02 6.0794299316e+02 6.0794598389e+02 6.0792901611e+02 6.0790899658e+02 6.0788397217e+02 6.0787597656e+02 6.0785400391e+02 6.0782098389e+02 6.0779699707e+02 6.0778002930e+02 6.0774798584e+02 6.0770697021e+02 6.0766198730e+02 6.0764001465e+02 6.0760601807e+02 6.0757000732e+02 6.0753100586e+02 6.0747998047e+02 6.0743902588e+02 6.0739697266e+02 6.0734399414e+02 6.0732000732e+02 6.0728302002e+02 6.0725097656e+02 6.0723797607e+02 6.0718798828e+02 6.0717999268e+02 6.0720501709e+02 6.0723901367e+02 6.0716998291e+02 6.0711798096e+02 6.0708197021e+02 6.0703002930e+02 6.0699798584e+02 6.0696697998e+02 6.0696600342e+02 6.0700799561e+02 6.0699200439e+02
6.0771197510e+02 6.0774200439e+02 6.0774401855e+02 6.0774200439e+02 6.0777301025e+02 6.0777801514e+02 6.0777502441e+02 6.0776000977e+02 6.0773498535e+02 6.0772900391e+02 6.0770697021e+02 6.0769201660e+02 6.0767498779e+02 6.0765802002e+02 6.0764398193e+02 6.0760998535e+02 6.0759399414e+02 6.0758197021e+02 6.0754602051e+02 6.0750201416e+02 6.0745697021e+02 6.0743200684e+02 6.0739501953e+02 6.0735101318e+02 6.0730499268e+02 6.0725000000e+02 6.0721099854e+02 6.0718200684e+02 6.0713702393e+02 6.0710101318e+02 6.0704998779e+02 6.0700598145e+02 6.0698498535e+02 6.0693298340e+02 6.0691699219e+02 6.0692297363e+02 6.0692700195e+02 6.0689697266e+02 6.0684497070e+02 6.0679699707e+02 6.0676800537e+02 6.0673901367e+02 6.0670300293e+02 6.0670300293e+02 6.0674700928e+02 6.0672998047e+02
6.0752697754e+02 6.0755200195e+02 6.0754998779e+02 6.0754498291e+02 6.0758001709e+02 6.0757702637e+02 6.0756298828e+02 6.0754699707e+02 6.0753002930e+02 6.0753198242e+02 6.0750897217e+02 6.0748901367e+02 6.0747601318e+02 6.0744396973e+02 6.0743402100e+02 6.0741497803e+02 6.0739001465e+02 6.0736602783e+02 6.0732598877e+02 6.0728497314e+02 6.0725799561e+02 6.0723101807e+02 6.0719000244e+02 6.0714398193e+02 6.0709698486e+02 6.0703601074e+02 6.0699298096e+02 6.0696600342e+02 6.0691699219e+02 6.0687799072e+02 6.0683001709e+02 6.0678399658e+02 6.0675000000e+02 6.0670098877e+02 6.0667498779e+02 6.0665802002e+02 6.0663500977e+02 6.0660900879e+02 6.0656500244e+02 6.0652301025e+02 6.0651000977e+02 6.0648297119e+02 6.0645098877e+02 6.0645300293e+02 6.0648400879e+02 6.0646197510e+02
6.0735400391e+02 6.0736297607e+02 6.0735302734e+02 6.0735400391e+02 6.0737902832e+02 6.0737097168e+02 6.0735699463e+02 6.0733599854e+02 6.0732397461e+02 6.0732897949e+02 6.0730297852e+02 6.0728399658e+02 6.0726800537e+02 6.0722998047e+02 6.0721997070e+02 6.0720397949e+02 6.0717199707e+02 6.0714898682e+02 6.0711798096e+02 6.0708300781e+02 6.0706402588e+02 6.0702502441e+02 6.0697802734e+02 6.0693701172e+02 6.0690002441e+02 6.0683898926e+02 6.0678900146e+02 6.0675402832e+02 6.0669000244e+02 6.0664300537e+02 6.0659997559e+02 6.0655902100e+02 6.0652502441e+02 6.0647497559e+02 6.0643597412e+02 6.0640997314e+02 6.0638201904e+02 6.0634899902e+02 6.0631799316e+02 6.0628698730e+02 6.0626397705e+02 6.0622802734e+02 6.0619799805e+02 6.0619702148e+02 6.0621197510e+02 6.0619500732e+02
