TESTSERVER/23/17.asc
NCOLS 100
NROWS 100
XLLCORNER 8.6497500000e+03
YLLCORNER 2.8910025000e+05
CELLSIZE 5.0000000000e-01
NODATA_VALUE -9.9990000000e+03
[rows 60 to 79 of 100, columns 46 to 91 of 100]
6.1562097168e+02 6.1570599365e+02 6.1578601074e+02 6.1584301758e+02 6.1585601807e+02 6.1589099121e+02 6.1592999268e+02 6.1596997070e+02 6.1601898193e+02 6.1607202148e+02 6.1612799072e+02 6.1620202637e+02 6.1628497314e+02 6.1634002686e+02 6.1640997314e+02 6.1646099854e+02 6.1648797607e+02 6.1654699707e+02 6.1658300781e+02 6.1658300781e+02 6.1657598877e+02 6.1664898682e+02 6.1670800781e+02 6.1674401855e+02 6.1675299072e+02 6.1677801514e+02 6.1677801514e+02 6.1678399658e+02 6.1680200195e+02 6.1679101563e+02 6.1678698730e+02 6.1678399658e+02 6.1675701904e+02 6.1674798584e+02 6.1675701904e+02 6.1674401855e+02 6.1669897461e+02 6.1666400146e+02 6.1667401123e+02 6.1668798828e+02 6.1668103027e+02 6.1665197754e+02 6.1664501953e+02 6.1664300537e+02 6.1662097168e+02 6.1662298584e+02
6.1560998535e+02 6.1563201904e+02 6.1566400146e+02 6.1571502686e+02 6.1575000000e+02 6.1577398682e+02 6.1580999756e+02 6.1581896973e+02 6.1582000732e+02 6.1585498047e+02 6.1588702393e+02 6.1594598389e+02 6.1601702881e+02 6.1607702637e+02 6.1613897705e+02 6.1620001221e+02 6.1625201416e+02 6.1631500244e+02 6.1634802246e+02 6.1635699463e+02 6.1635797119e+02 6.1638702393e+02 6.1642199707e+02 6.1645202637e+02 6.1648901367e+02 6.1651501465e+02 6.1650500488e+02 6.1651098633e+02 6.1649902344e+02 6.1649102783e+02 6.1651202393e+02 6.1652801514e+02 6.1650402832e+02 6.1647497559e+02 6.1646301270e+02 6.1643902588e+02 6.1640502930e+02 6.1641400146e+02 6.1642901611e+02 6.1644000244e+02 6.1644201660e+02 6.1643200684e+02 6.1642999268e+02 6.1640997314e+02 6.1639001465e+02 6.1638800049e+02
6.1557702637e+02 6.1562597656e+02 6.1569201660e+02 6.1574902344e+02 6.1576397705e+02 6.1577197266e+02 6.1578100586e+02 6.1575897217e+02 6.1572198486e+02 6.1572399902e+02 6.1571197510e+02 6.1572698975e+02 6.1576501465e+02 6.1578698730e+02 6.1583099365e+02 6.1589697266e+02 6.1597998047e+02 6.1606402588e+02 6.1608801270e+02 6.1609100342e+02 6.1611401367e+02 6.1610101318e+02 6.1609899902e+02 6.1612902832e+02 6.1618200684e+02 6.1620001221e+02 6.1618902588e+02 6.1619799805e+02 6.1618597412e+02 6.1619396973e+02 6.1621697998e+02 6.1622900391e+02 6.1621197510e+02 6.1616802979e+02 6.1615301514e+02 6.1612799072e+02 6.1611297607e+02 6.1614001465e+02 6.1615399170e+02 6.1616998291e+02 6.1619299316e+02 6.1619396973e+02 6.1620001221e+02 6.1617797852e+02 6.1615502930e+02 6.1612799072e+02
6.1535601807e+02 6.1547900391e+02 6.1564001465e+02 6.1574401855e+02 6.1575799561e+02 6.1574902344e+02 6.1574401855e+02 6.1572100830e+02 6.1568798828e+02 6.1567797852e+02 6.1565600586e+02 6.1565002441e+02 6.1563397217e+02 6.1560900879e+02 6.1561901855e+02 6.1564697266e+02 6.1570001221e+02 6.1576898193e+02 6.1578698730e+02 6.1578698730e+02 6.1583001709e+02 6.1581298828e+02 6.1579998779e+02 6.1583502197e+02 6.1589501953e+02 6.1590899658e+02 6.1590502930e+02 6.1591900635e+02 6.1590301514e+02 6.1591400146e+02 6.1592297363e+02 6.1592199707e+02 6.1590600586e+02 6.1586999512e+02 6.1587097168e+02 6.1585998535e+02 6.1586102295e+02 6.1587701416e+02 6.1588500977e+02 6.1590502930e+02 6.1592498779e+02 6.1593402100e+02 6.1595800781e+02 6.1594201660e+02 6.1588897705e+02 6.1582202148e+02
6.1511102295e+02 6.1525000000e+02 6.1537200928e+02 6.1547698975e+02 6.1554302979e+02 6.1550897217e+02 6.1549700928e+02 6.1548699951e+02 6.1545098877e+02 6.1552398682e+02 6.1556500244e+02 6.1559002686e+02 6.1558398438e+02 6.1559997559e+02 6.1559497070e+02 6.1557702637e+02 6.1558599854e+02 6.1556097412e+02 6.1555102539e+02 6.1553399658e+02 6.1553100586e+02 6.1554998779e+02 6.1554602051e+02 6.1556896973e+02 6.1561401367e+02 6.1563299561e+02 6.1564099121e+02 6.1565802002e+02 6.1563500977e+02 6.1563702393e+02 6.1561901855e+02 6.1561102295e+02 6.1559997559e+02 6.1558300781e+02 6.1558502197e+02 6.1558898926e+02 6.1560998535e+02 6.1562200928e+02 6.1561401367e+02 6.1561602783e+02 6.1564398193e+02 6.1566497803e+02 6.1569396973e+02 6.1566900635e+02 6.1557598877e+02 6.1549499512e+02
6.1495300293e+02 6.1506201172e+02 6.1511199951e+02 6.1517498779e+02 6.1520898438e+02 6.1517199707e+02 6.1516900635e+02 6.1513702393e+02 6.1516198730e+02 6.1531097412e+02 6.1537298584e+02 6.1535601807e+02 6.1534997559e+02 6.1542199707e+02 6.1546197510e+02 6.1548797607e+02 6.1549401855e+02 6.1547601318e+02 6.1547900391e+02 6.1548297119e+02 6.1547601318e+02 6.1546398926e+02 6.1543298340e+02 6.1540698242e+02 6.1540997314e+02 6.1538702393e+02 6.1536901855e+02 6.1537097168e+02 6.1536499023e+02 6.1534399414e+02 6.1531597900e+02 6.1531597900e+02 6.1532897949e+02 6.1531701660e+02 6.1532098389e+02 6.1532397461e+02 6.1533197021e+02 6.1533502197e+02 6.1532202148e+02 6.1531597900e+02 6.1534100342e+02 6.1535900879e+02 6.1537402344e+02 6.1535302734e+02 6.1528997803e+02 6.1522698975e+02
6.1480798340e+02 6.1487799072e+02 6.1488598633e+02 6.1490899658e+02 6.1492401123e+02 6.1489898682e+02 6.1489001465e+02 6.1489001465e+02 6.1500097656e+02 6.1521002197e+02 6.1523297119e+02 6.1512799072e+02 6.1505401611e+02 6.1509399414e+02 6.1513897705e+02 6.1519000244e+02 6.1521398926e+02 6.1522900391e+02 6.1530102539e+02 6.1537200928e+02 6.1538800049e+02 6.1539697266e+02 6.1538897705e+02 6.1537902832e+02 6.1535498047e+02 6.1531298828e+02 6.1527197266e+02 6.1525000000e+02 6.1522601318e+02 6.1518701172e+02 6.1515399170e+02 6.1513897705e+02 6.1513598633e+02 6.1511102295e+02 6.1509802246e+02 6.1507800293e+02 6.1506597900e+02 6.1506799316e+02 6.1505499268e+02 6.1502099609e+02 6.1499902344e+02 6.1499298096e+02 6.1500201416e+02 6.1501000977e+02 6.1499200439e+02 6.1496301270e+02
6.1458599854e+02 6.1462597656e+02 6.1463299561e+02 6.1465997314e+02 6.1466802979e+02 6.1464599609e+02 6.1464898682e+02 6.1468798828e+02 6.1482397461e+02 6.1503997803e+02 6.1503997803e+02 6.1488397217e+02 6.1476202393e+02 6.1475897217e+02 6.1478002930e+02 6.1481799316e+02 6.1483801270e+02 6.1486999512e+02 6.1497302246e+02 6.1507397461e+02 6.1510797119e+02 6.1511297607e+02 6.1514398193e+02 6.1519396973e+02 6.1520898438e+02 6.1519897461e+02 6.1518402100e+02 6.1517297363e+02 6.1513702393e+02 6.1509399414e+02 6.1508398438e+02 6.1507702637e+02 6.1504400635e+02 6.1500402832e+02 6.1497302246e+02 6.1492401123e+02 6.1487298584e+02 6.1484899902e+02 6.1482098389e+02 6.1476202393e+02 6.1470202637e+02 6.1468402100e+02 6.1469299316e+02 6.1470697021e+02 6.1469299316e+02 6.1467199707e+02
6.1422399902e+02 6.1421600342e+02 6.1428002930e+02 6.1438201904e+02 6.1437402344e+02 6.1437701416e+02 6.1441998291e+02 6.1445098877e+02 6.1447698975e+02 6.1463897705e+02 6.1467199707e+02 6.1457501221e+02 6.1447802734e+02 6.1446899414e+02 6.1445898438e+02 6.1447302246e+02 6.1451300049e+02 6.1455603027e+02 6.1460699463e+02 6.1465997314e+02 6.1467700195e+02 6.1471099854e+02 6.1475897217e+02 6.1482397461e+02 6.1484698486e+02 6.1487200928e+02 6.1490698242e+02 6.1492901611e+02 6.1490802002e+02 6.1486798096e+02 6.1487298584e+02 6.1490399170e+02 6.1490997314e+02 6.1489697266e+02 6.1490399170e+02 6.1487500000e+02 6.1480499268e+02 6.1474200439e+02 6.1466900635e+02 6.1459301758e+02 6.1454101563e+02 6.1447698975e+02 6.1444702148e+02 6.1442498779e+02 6.1438299561e+02 6.1436602783e+02
6.1382800293e+02 6.1384399414e+02 6.1394598389e+02 6.1408599854e+02 6.1411401367e+02 6.1409899902e+02 6.1410900879e+02 6.1411102295e+02 6.1410797119e+02 6.1419598389e+02 6.1425701904e+02 6.1423797607e+02 6.1418200684e+02 6.1416497803e+02 6.1415802002e+02 6.1418597412e+02 6.1423999023e+02 6.1426599121e+02 6.1426098633e+02 6.1427697754e+02 6.1431896973e+02 6.1437500000e+02 6.1441497803e+02 6.1444500732e+02 6.1445898438e+02 6.1448297119e+02 6.1452801514e+02 6.1456799316e+02 6.1457098389e+02 6.1457598877e+02 6.1459899902e+02 6.1463098145e+02 6.1465197754e+02 6.1465698242e+02 6.1466699219e+02 6.1466900635e+02 6.1465100098e+02 6.1465997314e+02 6.1463702393e+02 6.1459100342e+02 6.1452001953e+02 6.1443701172e+02 6.1437902832e+02 6.1432800293e+02 6.1427197266e+02 6.1420098877e+02
6.1352600098e+02 6.1360101318e+02 6.1370202637e+02 6.1381201172e+02 6.1383099365e+02 6.1379797363e+02 6.1378497314e+02 6.1377502441e+02 6.1377301025e+02 6.1382702637e+02 6.1388397217e+02 6.1389001465e+02 6.1385601807e+02 6.1385400391e+02 6.1387200928e+02 6.1390502930e+02 6.1392999268e+02 6.1393298340e+02 6.1391900635e+02 6.1393499756e+02 6.1398498535e+02 6.1402899170e+02 6.1406097412e+02 6.1409301758e+02 6.1411297607e+02 6.1411102295e+02 6.1412799072e+02 6.1416302490e+02 6.1418597412e+02 6.1423400879e+02 6.1428198242e+02 6.1430798340e+02 6.1429199219e+02 6.1427502441e+02 6.1431500244e+02 6.1438098145e+02 6.1442602539e+02 6.1445697021e+02 6.1446801758e+02 6.1445098877e+02 6.1439599609e+02 6.1434802246e+02 6.1430297852e+02 6.1425402832e+02 6.1421197510e+02 6.1417199707e+02
6.1325097656e+02 6.1332397461e+02 6.1337402344e+02 6.1342401123e+02 6.1346697998e+02 6.1346997070e+02 6.1346899414e+02 6.1346697998e+02 6.1346899414e+02 6.1351501465e+02 6.1355297852e+02 6.1355102539e+02 6.1352600098e+02 6.1354498291e+02 6.1358099365e+02 6.1360797119e+02 6.1360498047e+02 6.1359997559e+02 6.1359899902e+02 6.1362298584e+02 6.1366497803e+02 6.1368798828e+02 6.1372601318e+02 6.1378802490e+02 6.1382397461e+02 6.1378198242e+02 6.1375701904e+02 6.1377197266e+02 6.1380499268e+02 6.1386999512e+02 6.1392401123e+02 6.1393597412e+02 6.1387799072e+02 6.1386297607e+02 6.1396997070e+02 6.1409497070e+02 6.1414599609e+02 6.1413897705e+02 6.1414300537e+02 6.1414300537e+02 6.1412200928e+02 6.1409802246e+02 6.1405902100e+02 6.1402001953e+02 6.1403100586e+02 6.1407000732e+02
6.1288397217e+02 6.1299597168e+02 6.1303698730e+02 6.1305902100e+02 6.1310198975e+02 6.1312799072e+02 6.1314300537e+02 6.1315002441e+02 6.1316601563e+02 6.1322497559e+02 6.1324499512e+02 6.1323498535e+02 6.1322497559e+02 6.1325000000e+02 6.1328100586e+02 6.1330297852e+02 6.1330401611e+02 6.1330902100e+02 6.1332897949e+02 6.1335699463e+02 6.1337701416e+02 6.1338598633e+02 6.1341302490e+02 6.1347900391e+02 6.1353601074e+02 6.1352301025e+02 6.1347998047e+02 6.1346301270e+02 6.1348400879e+02 6.1352301025e+02 6.1356896973e+02 6.1356097412e+02 6.1349401855e+02 6.1351501465e+02 6.1364501953e+02 6.1372302246e+02 6.1369299316e+02 6.1372601318e+02 6.1372802734e+02 6.1374902344e+02 6.1376300049e+02 6.1372497559e+02 6.1366998291e+02 6.1363598633e+02 6.1365802002e+02 6.1373797607e+02
6.1260601807e+02 6.1272399902e+02 6.1277801514e+02 6.1280499268e+02 6.1282897949e+02 6.1282098389e+02 6.1282098389e+02 6.1282598877e+02 6.1286102295e+02 6.1290100098e+02 6.1291802979e+02 6.1292401123e+02 6.1294097900e+02 6.1297497559e+02 6.1300897217e+02 6.1303302002e+02 6.1303601074e+02 6.1305499268e+02 6.1311499023e+02 6.1317102051e+02 6.1319201660e+02 6.1316198730e+02 6.1312402344e+02 6.1315301514e+02 6.1325701904e+02 6.1331597900e+02 6.1328601074e+02 6.1322399902e+02 6.1319897461e+02 6.1318402100e+02 6.1317498779e+02 6.1315301514e+02 6.1312799072e+02 6.1315600586e+02 6.1323797607e+02 6.1324700928e+02 6.1322198486e+02 6.1328399658e+02 6.1334399414e+02 6.1340399170e+02 6.1345501709e+02 6.1341802979e+02 6.1333398438e+02 6.1327398682e+02 6.1326300049e+02 6.1328100586e+02
6.1252001953e+02 6.1255902100e+02 6.1254602051e+02 6.1256298828e+02 6.1258502197e+02 6.1257000732e+02 6.1257897949e+02 6.1258697510e+02 6.1260900879e+02 6.1262298584e+02 6.1263598633e+02 6.1264697266e+02 6.1267199707e+02 6.1270001221e+02 6.1272698975e+02 6.1275000000e+02 6.1275799561e+02 6.1281402588e+02 6.1288598633e+02 6.1292498779e+02 6.1293200684e+02 6.1290802002e+02 6.1284899902e+02 6.1285198975e+02 6.1292901611e+02 6.1298797607e+02 6.1297497559e+02 6.1292102051e+02 6.1288397217e+02 6.1284399414e+02 6.1280999756e+02 6.1278698730e+02 6.1278997803e+02 6.1279797363e+02 6.1282501221e+02 6.1282897949e+02 6.1283801270e+02 6.1290997314e+02 6.1300000000e+02 6.1308502197e+02 6.1316497803e+02 6.1314501953e+02 6.1302301025e+02 6.1291802979e+02 6.1285101318e+02 6.1283300781e+02
6.1239300537e+02 6.1235797119e+02 6.1231597900e+02 6.1232598877e+02 6.1235498047e+02 6.1235601807e+02 6.1237597656e+02 6.1239501953e+02 6.1240802002e+02 6.1241302490e+02 6.1241900635e+02 6.1241900635e+02 6.1242498779e+02 6.1242602539e+02 6.1243902588e+02 6.1245800781e+02 6.1247497559e+02 6.1253997803e+02 6.1257702637e+02 6.1257000732e+02 6.1257501221e+02 6.1260198975e+02 6.1258197021e+02 6.1258398438e+02 6.1260302734e+02 6.1260900879e+02 6.1260101318e+02 6.1257702637e+02 6.1255603027e+02 6.1253002930e+02 6.1249200439e+02 6.1246899414e+02 6.1247100830e+02 6.1245501709e+02 6.1244000244e+02 6.1244000244e+02 6.1248297119e+02 6.1256701660e+02 6.1267797852e+02 6.1277398682e+02 6.1282098389e+02 6.1277001953e+02 6.1263500977e+02 6.1252398682e+02 6.1245300293e+02 6.1243103027e+02
6.1215197754e+02 6.1213098145e+02 6.1213201904e+02 6.1214001465e+02 6.1214099121e+02 6.1215002441e+02 6.1216699219e+02 6.1218499756e+02 6.1219000244e+02 6.1220397949e+02 6.1221002197e+02 6.1220397949e+02 6.1220001221e+02 6.1217401123e+02 6.1217102051e+02 6.1218701172e+02 6.1221801758e+02 6.1222198486e+02 6.1221600342e+02 6.1220501709e+02 6.1223400879e+02 6.1228100586e+02 6.1229699707e+02 6.1230401611e+02 6.1229602051e+02 6.1229602051e+02 6.1229602051e+02 6.1229400635e+02 6.1226000977e+02 6.1223297119e+02 6.1219702148e+02 6.1216302490e+02 6.1213299561e+02 6.1211999512e+02 6.1209997559e+02 6.1209301758e+02 6.1214697266e+02 6.1220800781e+02 6.1229498291e+02 6.1238201904e+02 6.1233898926e+02 6.1225500488e+02 6.1216302490e+02 6.1211102295e+02 6.1210797119e+02 6.1210797119e+02
6.1190399170e+02 6.1192199707e+02 6.1194000244e+02 6.1194897461e+02 6.1194799805e+02 6.1195599365e+02 6.1197802734e+02 6.1197998047e+02 6.1196002197e+02 6.1197900391e+02 6.1198999023e+02 6.1198797607e+02 6.1198999023e+02 6.1197601318e+02 6.1198400879e+02 6.1199798584e+02 6.1198297119e+02 6.1196997070e+02 6.1195599365e+02 6.1194500732e+02 6.1195001221e+02 6.1196002197e+02 6.1197100830e+02 6.1199798584e+02 6.1199798584e+02 6.1198498535e+02 6.1199597168e+02 6.1201000977e+02 6.1199401855e+02 6.1194799805e+02 6.1191101074e+02 6.1190002441e+02 6.1189697266e+02 6.1185797119e+02 6.1182598877e+02 6.1181597900e+02 6.1185998535e+02 6.1186499023e+02 6.1183801270e+02 6.1182202148e+02 6.1180700684e+02 6.1178100586e+02 6.1177099609e+02 6.1177697754e+02 6.1179302979e+02 6.1181402588e+02
6.1167498779e+02 6.1169500732e+02 6.1171398926e+02 6.1172399902e+02 6.1173602295e+02 6.1174298096e+02 6.1176800537e+02 6.1177398682e+02 6.1175201416e+02 6.1176702881e+02 6.1176898193e+02 6.1176000977e+02 6.1175701904e+02 6.1175701904e+02 6.1178399658e+02 6.1180603027e+02 6.1178198242e+02 6.1177899170e+02 6.1177502441e+02 6.1175799561e+02 6.1174499512e+02 6.1173400879e+02 6.1171502686e+02 6.1171398926e+02 6.1170001221e+02 6.1165502930e+02 6.1163800049e+02 6.1164898682e+02 6.1165301514e+02 6.1161499023e+02 6.1161102295e+02 6.1163201904e+02 6.1164801025e+02 6.1161401367e+02 6.1159197998e+02 6.1157897949e+02 6.1157299805e+02 6.1154998779e+02 6.1148602295e+02 6.1142999268e+02 6.1142401123e+02 6.1144598389e+02 6.1147100830e+02 6.1148797607e+02 6.1148498535e+02 6.1148199463e+02
6.1147100830e+02 6.1148602295e+02 6.1150500488e+02 6.1151501465e+02 6.1152801514e+02 6.1151501465e+02 6.1153497314e+02 6.1155401611e+02 6.1155297852e+02 6.1155798340e+02 6.1154400635e+02 6.1152600098e+02 6.1152099609e+02 6.1153100586e+02 6.1157397461e+02 6.1160797119e+02 6.1159197998e+02 6.1159600830e+02 6.1160302734e+02 6.1158898926e+02 6.1156298828e+02 6.1156201172e+02 6.1153497314e+02 6.1150799561e+02 6.1146600342e+02 6.1138800049e+02 6.1133099365e+02 6.1131201172e+02 6.1131402588e+02 6.1130200195e+02 6.1130700684e+02 6.1130603027e+02 6.1130102539e+02 6.1128002930e+02 6.1128198242e+02 6.1128002930e+02 6.1126501465e+02 6.1125701904e+02 6.1122399902e+02 6.1119799805e+02 6.1119702148e+02 6.1120599365e+02 6.1121801758e+02 6.1122302246e+02 6.1121398926e+02 6.1120001221e+02
