TESTSERVER/23/17.asc
NCOLS 100
NROWS 100
XLLCORNER 8.6497500000e+03
YLLCORNER 2.8910025000e+05
CELLSIZE 5.0000000000e-01
NODATA_VALUE -9.9990000000e+03
[rows 40 to 59 of 100, columns 0 to 45 of 100]
6.1563201904e+02 6.1593200684e+02 6.1618902588e+02 6.1625799561e+02 6.1621002197e+02 6.1617797852e+02 6.1617401123e+02 6.1621502686e+02 6.1640399170e+02 6.1671801758e+02 6.1709802246e+02 6.1727197266e+02 6.1738800049e+02 6.1752697754e+02 6.1770397949e+02 6.1781298828e+02 6.1790997314e+02 6.1803100586e+02 6.1823699951e+02 6.1833599854e+02 6.1836901855e+02 6.1842602539e+02 6.1850201416e+02 6.1857098389e+02 6.1864599609e+02 6.1871899414e+02 6.1879101563e+02 6.1883099365e+02 6.1887298584e+02 6.1890002441e+02 6.1892102051e+02 6.1898498535e+02 6.1901000977e+02 6.1904101563e+02 6.1907299805e+02 6.1910400391e+02 6.1912298584e+02 6.1916497803e+02 6.1921398926e+02 6.1927301025e+02 6.1930102539e+02 6.1931402588e+02 6.1935699463e+02 6.1942297363e+02 6.1948498535e+02 6.1949798584e+02
6.1543298340e+02 6.1575201416e+02 6.1605297852e+02 6.1616601563e+02 6.1612200928e+02 6.1609698486e+02 6.1609698486e+02 6.1608599854e+02 6.1614099121e+02 6.1630603027e+02 6.1658300781e+02 6.1694201660e+02 6.1721697998e+02 6.1732397461e+02 6.1740997314e+02 6.1753198242e+02 6.1765100098e+02 6.1779302979e+02 6.1796899414e+02 6.1808697510e+02 6.1815802002e+02 6.1825299072e+02 6.1833502197e+02 6.1841699219e+02 6.1848400879e+02 6.1854199219e+02 6.1861798096e+02 6.1866802979e+02 6.1872100830e+02 6.1876501465e+02 6.1879498291e+02 6.1884399414e+02 6.1886602783e+02 6.1891198730e+02 6.1895697021e+02 6.1898101807e+02 6.1900201416e+02 6.1905798340e+02 6.1909399414e+02 6.1913897705e+02 6.1916699219e+02 6.1919201660e+02 6.1925500488e+02 6.1932202148e+02 6.1935900879e+02 6.1936401367e+02
6.1529199219e+02 6.1558599854e+02 6.1584100342e+02 6.1599298096e+02 6.1600201416e+02 6.1599798584e+02 6.1600598145e+02 6.1599597168e+02 6.1598297119e+02 6.1603802490e+02 6.1620397949e+02 6.1664599609e+02 6.1705902100e+02 6.1719097900e+02 6.1720697021e+02 6.1730200195e+02 6.1741699219e+02 6.1755297852e+02 6.1768902588e+02 6.1780200195e+02 6.1788800049e+02 6.1799902344e+02 6.1807202148e+02 6.1814398193e+02 6.1824499512e+02 6.1834802246e+02 6.1845098877e+02 6.1851501465e+02 6.1856701660e+02 6.1861700439e+02 6.1865502930e+02 6.1870501709e+02 6.1873797607e+02 6.1879199219e+02 6.1883398438e+02 6.1886199951e+02 6.1888500977e+02 6.1893499756e+02 6.1897302246e+02 6.1901098633e+02 6.1903997803e+02 6.1908300781e+02 6.1915197754e+02 6.1922601318e+02 6.1925598145e+02 6.1926000977e+02
6.1509399414e+02 6.1536798096e+02 6.1560797119e+02 6.1580200195e+02 6.1585998535e+02 6.1587597656e+02 6.1590002441e+02 6.1592297363e+02 6.1590899658e+02 6.1590502930e+02 6.1595599365e+02 6.1625299072e+02 6.1666302490e+02 6.1690301514e+02 6.1700799561e+02 6.1709301758e+02 6.1718402100e+02 6.1728497314e+02 6.1739599609e+02 6.1752197266e+02 6.1762402344e+02 6.1773999023e+02 6.1781402588e+02 6.1787701416e+02 6.1797497559e+02 6.1809997559e+02 6.1823602295e+02 6.1832397461e+02 6.1838897705e+02 6.1844500732e+02 6.1849298096e+02 6.1856701660e+02 6.1861499023e+02 6.1866601563e+02 6.1869201660e+02 6.1873101807e+02 6.1877001953e+02 6.1881298828e+02 6.1886602783e+02 6.1890600586e+02 6.1894299316e+02 6.1898901367e+02 6.1904602051e+02 6.1911199951e+02 6.1914001465e+02 6.1915002441e+02
6.1486102295e+02 6.1517199707e+02 6.1546002197e+02 6.1561199951e+02 6.1566998291e+02 6.1571002197e+02 6.1577801514e+02 6.1584698486e+02 6.1584802246e+02 6.1581298828e+02 6.1581201172e+02 6.1586901855e+02 6.1609399414e+02 6.1639599609e+02 6.1665399170e+02 6.1685198975e+02 6.1696398926e+02 6.1703198242e+02 6.1710601807e+02 6.1725701904e+02 6.1738800049e+02 6.1753002930e+02 6.1767199707e+02 6.1768798828e+02 6.1774401855e+02 6.1783697510e+02 6.1797998047e+02 6.1807299805e+02 6.1818200684e+02 6.1827001953e+02 6.1832702637e+02 6.1839501953e+02 6.1846002197e+02 6.1852301025e+02 6.1855603027e+02 6.1860400391e+02 6.1865600586e+02 6.1870397949e+02 6.1876397705e+02 6.1880297852e+02 6.1884698486e+02 6.1889398193e+02 6.1893798828e+02 6.1898901367e+02 6.1901898193e+02 6.1904602051e+02
6.1462500000e+02 6.1496801758e+02 6.1527502441e+02 6.1538500977e+02 6.1544097900e+02 6.1551000977e+02 6.1558801270e+02 6.1568597412e+02 6.1574499512e+02 6.1573297119e+02 6.1570397949e+02 6.1570397949e+02 6.1580401611e+02 6.1604400635e+02 6.1634301758e+02 6.1650897217e+02 6.1666601563e+02 6.1683300781e+02 6.1695397949e+02 6.1706402588e+02 6.1713201904e+02 6.1724298096e+02 6.1742297363e+02 6.1750299072e+02 6.1753601074e+02 6.1759497070e+02 6.1770697021e+02 6.1781097412e+02 6.1793499756e+02 6.1804901123e+02 6.1812097168e+02 6.1819500732e+02 6.1827600098e+02 6.1834399414e+02 6.1838800049e+02 6.1846899414e+02 6.1853002930e+02 6.1857800293e+02 6.1861798096e+02 6.1866497803e+02 6.1873602295e+02 6.1880200195e+02 6.1884698486e+02 6.1890301514e+02 6.1894201660e+02 6.1898602295e+02
6.1434600830e+02 6.1466302490e+02 6.1496899414e+02 6.1508300781e+02 6.1518701172e+02 6.1529998779e+02 6.1536798096e+02 6.1545898438e+02 6.1561401367e+02 6.1569702148e+02 6.1565502930e+02 6.1560498047e+02 6.1561798096e+02 6.1574597168e+02 6.1598297119e+02 6.1609698486e+02 6.1630401611e+02 6.1659197998e+02 6.1679101563e+02 6.1690698242e+02 6.1693902588e+02 6.1699102783e+02 6.1714099121e+02 6.1725402832e+02 6.1730401611e+02 6.1736199951e+02 6.1743103027e+02 6.1753900146e+02 6.1767700195e+02 6.1780700684e+02 6.1789001465e+02 6.1798297119e+02 6.1807098389e+02 6.1815197754e+02 6.1821002197e+02 6.1828900146e+02 6.1835302734e+02 6.1841400146e+02 6.1847900391e+02 6.1853698730e+02 6.1860101318e+02 6.1866101074e+02 6.1872198486e+02 6.1879602051e+02 6.1884002686e+02 6.1887597656e+02
6.1410699463e+02 6.1437298584e+02 6.1464001465e+02 6.1478601074e+02 6.1493402100e+02 6.1506500244e+02 6.1513800049e+02 6.1520898438e+02 6.1541400146e+02 6.1561499023e+02 6.1563897705e+02 6.1556500244e+02 6.1552398682e+02 6.1554699707e+02 6.1567498779e+02 6.1574298096e+02 6.1593597412e+02 6.1622900391e+02 6.1649200439e+02 6.1669897461e+02 6.1676800537e+02 6.1680102539e+02 6.1689202881e+02 6.1697802734e+02 6.1704302979e+02 6.1712097168e+02 6.1719201660e+02 6.1729602051e+02 6.1742602539e+02 6.1755603027e+02 6.1764801025e+02 6.1775701904e+02 6.1784899902e+02 6.1794500732e+02 6.1803802490e+02 6.1812597656e+02 6.1819500732e+02 6.1826501465e+02 6.1834600830e+02 6.1840399170e+02 6.1846002197e+02 6.1851898193e+02 6.1859002686e+02 6.1867498779e+02 6.1872802734e+02 6.1875402832e+02
6.1397900391e+02 6.1418499756e+02 6.1441802979e+02 6.1457299805e+02 6.1470599365e+02 6.1480999756e+02 6.1487701416e+02 6.1496697998e+02 6.1510699463e+02 6.1531500244e+02 6.1549597168e+02 6.1551202393e+02 6.1544702148e+02 6.1543499756e+02 6.1548797607e+02 6.1548999023e+02 6.1557800293e+02 6.1576202393e+02 6.1600201416e+02 6.1635699463e+02 6.1654602051e+02 6.1662902832e+02 6.1669500732e+02 6.1673999023e+02 6.1679199219e+02 6.1687298584e+02 6.1697698975e+02 6.1707000732e+02 6.1715899658e+02 6.1727301025e+02 6.1737402344e+02 6.1748400879e+02 6.1759698486e+02 6.1771502686e+02 6.1783502197e+02 6.1793402100e+02 6.1801202393e+02 6.1808697510e+02 6.1816998291e+02 6.1823199463e+02 6.1830200195e+02 6.1838397217e+02 6.1846398926e+02 6.1852899170e+02 6.1859399414e+02 6.1863500977e+02
6.1388800049e+02 6.1406896973e+02 6.1426300049e+02 6.1440997314e+02 6.1455999756e+02 6.1468902588e+02 6.1475500488e+02 6.1481500244e+02 6.1489099121e+02 6.1501800537e+02 6.1520001221e+02 6.1535601807e+02 6.1538000488e+02 6.1536199951e+02 6.1534997559e+02 6.1535498047e+02 6.1539898682e+02 6.1550598145e+02 6.1567700195e+02 6.1593798828e+02 6.1617797852e+02 6.1635699463e+02 6.1646899414e+02 6.1651300049e+02 6.1658001709e+02 6.1665100098e+02 6.1672497559e+02 6.1681701660e+02 6.1690197754e+02 6.1700598145e+02 6.1712902832e+02 6.1723498535e+02 6.1735998535e+02 6.1747998047e+02 6.1758197021e+02 6.1766900635e+02 6.1775299072e+02 6.1785302734e+02 6.1794500732e+02 6.1803997803e+02 6.1812902832e+02 6.1820501709e+02 6.1827801514e+02 6.1835900879e+02 6.1843200684e+02 6.1847497559e+02
6.1377099609e+02 6.1392401123e+02 6.1408300781e+02 6.1423699951e+02 6.1443597412e+02 6.1463598633e+02 6.1473797607e+02 6.1475299072e+02 6.1476300049e+02 6.1482397461e+02 6.1497998047e+02 6.1519396973e+02 6.1529400635e+02 6.1529199219e+02 6.1524499512e+02 6.1525201416e+02 6.1528497314e+02 6.1539001465e+02 6.1553100586e+02 6.1565899658e+02 6.1584197998e+02 6.1605401611e+02 6.1624200439e+02 6.1632202148e+02 6.1637402344e+02 6.1642498779e+02 6.1647900391e+02 6.1656896973e+02 6.1664202881e+02 6.1674102783e+02 6.1685900879e+02 6.1696997070e+02 6.1708697510e+02 6.1719702148e+02 6.1729101563e+02 6.1737097168e+02 6.1747802734e+02 6.1760498047e+02 6.1770397949e+02 6.1780999756e+02 6.1791699219e+02 6.1800201416e+02 6.1807501221e+02 6.1816900635e+02 6.1824597168e+02 6.1830603027e+02
6.1361199951e+02 6.1374298096e+02 6.1386499023e+02 6.1399499512e+02 6.1421301270e+02 6.1446997070e+02 6.1461901855e+02 6.1460498047e+02 6.1460797119e+02 6.1466699219e+02 6.1482897949e+02 6.1501800537e+02 6.1514697266e+02 6.1520501709e+02 6.1518298340e+02 6.1514898682e+02 6.1513500977e+02 6.1526397705e+02 6.1547998047e+02 6.1555401611e+02 6.1563702393e+02 6.1576702881e+02 6.1593298340e+02 6.1603497314e+02 6.1608697510e+02 6.1615899658e+02 6.1623901367e+02 6.1632397461e+02 6.1638800049e+02 6.1647900391e+02 6.1657702637e+02 6.1671099854e+02 6.1681799316e+02 6.1691198730e+02 6.1700897217e+02 6.1709802246e+02 6.1719799805e+02 6.1731597900e+02 6.1741302490e+02 6.1753497314e+02 6.1764099121e+02 6.1773101807e+02 6.1783001709e+02 6.1792999268e+02 6.1800799561e+02 6.1808300781e+02
6.1340301514e+02 6.1352502441e+02 6.1361999512e+02 6.1370800781e+02 6.1387701416e+02 6.1411499023e+02 6.1427801514e+02 6.1430102539e+02 6.1437799072e+02 6.1451599121e+02 6.1469201660e+02 6.1481500244e+02 6.1496099854e+02 6.1509497070e+02 6.1514398193e+02 6.1508300781e+02 6.1500299072e+02 6.1506896973e+02 6.1532800293e+02 6.1554101563e+02 6.1556701660e+02 6.1554998779e+02 6.1561499023e+02 6.1571502686e+02 6.1579199219e+02 6.1588000488e+02 6.1597100830e+02 6.1605700684e+02 6.1612902832e+02 6.1622601318e+02 6.1633300781e+02 6.1645397949e+02 6.1656201172e+02 6.1665301514e+02 6.1672698975e+02 6.1684197998e+02 6.1691400146e+02 6.1699401855e+02 6.1708300781e+02 6.1721997070e+02 6.1732000732e+02 6.1740899658e+02 6.1754498291e+02 6.1766497803e+02 6.1774102783e+02 6.1780499268e+02
6.1320397949e+02 6.1331799316e+02 6.1339599609e+02 6.1343103027e+02 6.1350402832e+02 6.1366699219e+02 6.1384802246e+02 6.1395001221e+02 6.1411602783e+02 6.1434600830e+02 6.1457702637e+02 6.1470697021e+02 6.1487298584e+02 6.1502398682e+02 6.1510699463e+02 6.1509100342e+02 6.1499102783e+02 6.1489300537e+02 6.1500000000e+02 6.1536602783e+02 6.1555700684e+02 6.1554998779e+02 6.1551000977e+02 6.1552899170e+02 6.1557202148e+02 6.1563299561e+02 6.1569500732e+02 6.1578100586e+02 6.1588702393e+02 6.1598999023e+02 6.1607397461e+02 6.1616400146e+02 6.1626300049e+02 6.1636199951e+02 6.1645599365e+02 6.1655603027e+02 6.1663598633e+02 6.1672100830e+02 6.1680200195e+02 6.1691601563e+02 6.1700299072e+02 6.1709100342e+02 6.1720599365e+02 6.1732702637e+02 6.1743402100e+02 6.1753100586e+02
6.1303497314e+02 6.1313000488e+02 6.1318701172e+02 6.1319500732e+02 6.1321398926e+02 6.1332501221e+02 6.1351300049e+02 6.1369201660e+02 6.1391699219e+02 6.1418701172e+02 6.1445397949e+02 6.1461999512e+02 6.1482800293e+02 6.1501501465e+02 6.1511199951e+02 6.1510498047e+02 6.1499499512e+02 6.1482202148e+02 6.1474798584e+02 6.1493298340e+02 6.1526702881e+02 6.1548498535e+02 6.1549102783e+02 6.1547302246e+02 6.1546002197e+02 6.1549401855e+02 6.1552801514e+02 6.1557397461e+02 6.1565802002e+02 6.1575799561e+02 6.1581298828e+02 6.1588897705e+02 6.1597802734e+02 6.1607098389e+02 6.1618200684e+02 6.1626702881e+02 6.1635699463e+02 6.1645397949e+02 6.1652099609e+02 6.1661499023e+02 6.1670599365e+02 6.1678802490e+02 6.1686901855e+02 6.1696502686e+02 6.1708801270e+02 6.1721099854e+02
6.1288397217e+02 6.1295697021e+02 6.1298901367e+02 6.1298602295e+02 6.1298999023e+02 6.1307800293e+02 6.1327001953e+02 6.1352502441e+02 6.1378100586e+02 6.1404101563e+02 6.1428601074e+02 6.1448498535e+02 6.1472900391e+02 6.1494598389e+02 6.1505499268e+02 6.1502801514e+02 6.1490802002e+02 6.1476000977e+02 6.1466900635e+02 6.1460498047e+02 6.1477600098e+02 6.1507598877e+02 6.1526702881e+02 6.1536401367e+02 6.1539398193e+02 6.1543902588e+02 6.1546301270e+02 6.1547900391e+02 6.1549102783e+02 6.1553802490e+02 6.1557702637e+02 6.1565698242e+02 6.1573199463e+02 6.1580999756e+02 6.1590301514e+02 6.1596899414e+02 6.1605603027e+02 6.1615399170e+02 6.1623498535e+02 6.1632098389e+02 6.1640100098e+02 6.1647998047e+02 6.1658099365e+02 6.1666802979e+02 6.1676599121e+02 6.1685900879e+02
6.1273498535e+02 6.1278900146e+02 6.1280401611e+02 6.1278399658e+02 6.1278198242e+02 6.1285900879e+02 6.1307501221e+02 6.1340698242e+02 6.1369799805e+02 6.1392401123e+02 6.1410198975e+02 6.1430401611e+02 6.1449902344e+02 6.1466101074e+02 6.1478497314e+02 6.1479602051e+02 6.1469500732e+02 6.1459497070e+02 6.1452502441e+02 6.1444000244e+02 6.1441302490e+02 6.1455700684e+02 6.1475799561e+02 6.1499499512e+02 6.1515698242e+02 6.1524200439e+02 6.1528997803e+02 6.1540698242e+02 6.1544500732e+02 6.1545098877e+02 6.1547497559e+02 6.1550500488e+02 6.1555603027e+02 6.1559698486e+02 6.1564898682e+02 6.1571398926e+02 6.1578399658e+02 6.1585900879e+02 6.1596697998e+02 6.1605603027e+02 6.1609002686e+02 6.1616400146e+02 6.1630603027e+02 6.1637097168e+02 6.1646600342e+02 6.1654797363e+02
6.1255401611e+02 6.1259002686e+02 6.1258801270e+02 6.1258001709e+02 6.1257702637e+02 6.1264398193e+02 6.1286499023e+02 6.1323101807e+02 6.1357098389e+02 6.1381097412e+02 6.1397601318e+02 6.1416601563e+02 6.1432397461e+02 6.1442401123e+02 6.1450402832e+02 6.1451000977e+02 6.1446301270e+02 6.1439599609e+02 6.1432299805e+02 6.1425201416e+02 6.1422900391e+02 6.1429998779e+02 6.1445898438e+02 6.1467999268e+02 6.1488201904e+02 6.1491900635e+02 6.1487298584e+02 6.1496801758e+02 6.1510900879e+02 6.1522601318e+02 6.1544299316e+02 6.1545697021e+02 6.1545697021e+02 6.1546099854e+02 6.1548797607e+02 6.1554199219e+02 6.1559899902e+02 6.1564202881e+02 6.1570300293e+02 6.1575201416e+02 6.1579302979e+02 6.1588702393e+02 6.1601000977e+02 6.1607299805e+02 6.1618597412e+02 6.1629302979e+02
6.1227801514e+02 6.1232299805e+02 6.1234698486e+02 6.1235797119e+02 6.1235998535e+02 6.1241900635e+02 6.1263397217e+02 6.1300701904e+02 6.1336901855e+02 6.1362902832e+02 6.1380499268e+02 6.1396899414e+02 6.1409698486e+02 6.1417102051e+02 6.1423199463e+02 6.1425201416e+02 6.1426599121e+02 6.1425701904e+02 6.1420898438e+02 6.1415698242e+02 6.1412402344e+02 6.1413598633e+02 6.1422100830e+02 6.1435101318e+02 6.1458599854e+02 6.1471801758e+02 6.1469299316e+02 6.1475201416e+02 6.1482702637e+02 6.1492498779e+02 6.1527301025e+02 6.1536499023e+02 6.1538702393e+02 6.1541802979e+02 6.1544299316e+02 6.1546600342e+02 6.1549597168e+02 6.1551501465e+02 6.1554199219e+02 6.1557397461e+02 6.1561102295e+02 6.1568298340e+02 6.1576501465e+02 6.1583502197e+02 6.1594201660e+02 6.1606097412e+02
6.1192102051e+02 6.1199902344e+02 6.1207397461e+02 6.1211297607e+02 6.1212799072e+02 6.1218499756e+02 6.1239300537e+02 6.1274798584e+02 6.1309600830e+02 6.1336102295e+02 6.1355499268e+02 6.1370001221e+02 6.1381799316e+02 6.1388897705e+02 6.1394702148e+02 6.1400897217e+02 6.1409802246e+02 6.1414099121e+02 6.1410699463e+02 6.1406201172e+02 6.1402600098e+02 6.1401800537e+02 6.1408801270e+02 6.1418798828e+02 6.1443701172e+02 6.1465997314e+02 6.1470397949e+02 6.1472601318e+02 6.1472601318e+02 6.1476599121e+02 6.1500097656e+02 6.1509802246e+02 6.1517999268e+02 6.1529699707e+02 6.1539398193e+02 6.1544598389e+02 6.1548101807e+02 6.1549401855e+02 6.1549798584e+02 6.1551800537e+02 6.1553399658e+02 6.1556896973e+02 6.1560900879e+02 6.1565002441e+02 6.1570001221e+02 6.1577301025e+02
