TESTSERVER/23/18.asc
NCOLS 100
NROWS 100
XLLCORNER 8.6497500000e+03
YLLCORNER 2.8905025000e+05
CELLSIZE 5.0000000000e-01
NODATA_VALUE -9.9990000000e+03
[rows 20 to 39 of 100, columns 46 to 91 of 100]
6.0352801514e+02 6.0354699707e+02 6.0353997803e+02 6.0354101563e+02 6.0354302979e+02 6.0353698730e+02 6.0353497314e+02 6.0352099609e+02 6.0350097656e+02 6.0348101807e+02 6.0345397949e+02 6.0342999268e+02 6.0341198730e+02 6.0337701416e+02 6.0334197998e+02 6.0331201172e+02 6.0327801514e+02 6.0324298096e+02 6.0320898438e+02 6.0315997314e+02 6.0311401367e+02 6.0307598877e+02 6.0303100586e+02 6.0299597168e+02 6.0295300293e+02 6.0288000488e+02 6.0280902100e+02 6.0273699951e+02 6.0265399170e+02 6.0255798340e+02 6.0248101807e+02 6.0241601563e+02 6.0234197998e+02 6.0229602051e+02 6.0222900391e+02 6.0213800049e+02 6.0202301025e+02 6.0193499756e+02 6.0186602783e+02 6.0178997803e+02 6.0169000244e+02 6.0161700439e+02 6.0154602051e+02 6.0147698975e+02 6.0144396973e+02 6.0141302490e+02
6.0339099121e+02 6.0340100098e+02 6.0339599609e+02 6.0340002441e+02 6.0341998291e+02 6.0340399170e+02 6.0338500977e+02 6.0336199951e+02 6.0334301758e+02 6.0332598877e+02 6.0329901123e+02 6.0328399658e+02 6.0326800537e+02 6.0323297119e+02 6.0320300293e+02 6.0317297363e+02 6.0314697266e+02 6.0311499023e+02 6.0307501221e+02 6.0302301025e+02 6.0298199463e+02 6.0294000244e+02 6.0289099121e+02 6.0285601807e+02 6.0281701660e+02 6.0273498535e+02 6.0265301514e+02 6.0257397461e+02 6.0248699951e+02 6.0238702393e+02 6.0229199219e+02 6.0222698975e+02 6.0217999268e+02 6.0214300537e+02 6.0207202148e+02 6.0198400879e+02 6.0188702393e+02 6.0179302979e+02 6.0170697021e+02 6.0163098145e+02 6.0155499268e+02 6.0148101807e+02 6.0141998291e+02 6.0135601807e+02 6.0132202148e+02 6.0130102539e+02
6.0325000000e+02 6.0325701904e+02 6.0324597168e+02 6.0324798584e+02 6.0327301025e+02 6.0325500488e+02 6.0323999023e+02 6.0321697998e+02 6.0319097900e+02 6.0317297363e+02 6.0314599609e+02 6.0313500977e+02 6.0312298584e+02 6.0308898926e+02 6.0305499268e+02 6.0301898193e+02 6.0299200439e+02 6.0296600342e+02 6.0292498779e+02 6.0287701416e+02 6.0284100342e+02 6.0279699707e+02 6.0275402832e+02 6.0271697998e+02 6.0266998291e+02 6.0259100342e+02 6.0251300049e+02 6.0243701172e+02 6.0234899902e+02 6.0225500488e+02 6.0216101074e+02 6.0209100342e+02 6.0204602051e+02 6.0200402832e+02 6.0192797852e+02 6.0183502197e+02 6.0174700928e+02 6.0166400146e+02 6.0158697510e+02 6.0151599121e+02 6.0144598389e+02 6.0137500000e+02 6.0131896973e+02 6.0125897217e+02 6.0121398926e+02 6.0119897461e+02
6.0310302734e+02 6.0311901855e+02 6.0311401367e+02 6.0310797119e+02 6.0310797119e+02 6.0309100342e+02 6.0308801270e+02 6.0307098389e+02 6.0304302979e+02 6.0303002930e+02 6.0300897217e+02 6.0299200439e+02 6.0296502686e+02 6.0293298340e+02 6.0289898682e+02 6.0285699463e+02 6.0282702637e+02 6.0280798340e+02 6.0277801514e+02 6.0273901367e+02 6.0270098877e+02 6.0266400146e+02 6.0262298584e+02 6.0257702637e+02 6.0251599121e+02 6.0243597412e+02 6.0236499023e+02 6.0229699707e+02 6.0221301270e+02 6.0213800049e+02 6.0205200195e+02 6.0196801758e+02 6.0190802002e+02 6.0185699463e+02 6.0178497314e+02 6.0170001221e+02 6.0161199951e+02 6.0153002930e+02 6.0146099854e+02 6.0139300537e+02 6.0132397461e+02 6.0125799561e+02 6.0120697021e+02 6.0115197754e+02 6.0110498047e+02 6.0109197998e+02
6.0297802734e+02 6.0297698975e+02 6.0298101807e+02 6.0297302246e+02 6.0295697021e+02 6.0293902588e+02 6.0294000244e+02 6.0292498779e+02 6.0290399170e+02 6.0289801025e+02 6.0288702393e+02 6.0285797119e+02 6.0281597900e+02 6.0278002930e+02 6.0274798584e+02 6.0270800781e+02 6.0267498779e+02 6.0266302490e+02 6.0264001465e+02 6.0259899902e+02 6.0256097412e+02 6.0253198242e+02 6.0248101807e+02 6.0242102051e+02 6.0235601807e+02 6.0228399658e+02 6.0221899414e+02 6.0215197754e+02 6.0206298828e+02 6.0199298096e+02 6.0191101074e+02 6.0182397461e+02 6.0176397705e+02 6.0170202637e+02 6.0164099121e+02 6.0157000732e+02 6.0147100830e+02 6.0139001465e+02 6.0132501221e+02 6.0126202393e+02 6.0118798828e+02 6.0112402344e+02 6.0107800293e+02 6.0103198242e+02 6.0098498535e+02 6.0096801758e+02
6.0283801270e+02 6.0283801270e+02 6.0283801270e+02 6.0283099365e+02 6.0282098389e+02 6.0280902100e+02 6.0281597900e+02 6.0280297852e+02 6.0278302002e+02 6.0277801514e+02 6.0275897217e+02 6.0271600342e+02 6.0268499756e+02 6.0265698242e+02 6.0263000488e+02 6.0258898926e+02 6.0254101563e+02 6.0252099609e+02 6.0249798584e+02 6.0245800781e+02 6.0241802979e+02 6.0238000488e+02 6.0232299805e+02 6.0226202393e+02 6.0220898438e+02 6.0214697266e+02 6.0208502197e+02 6.0201599121e+02 6.0192401123e+02 6.0184497070e+02 6.0176501465e+02 6.0168499756e+02 6.0163201904e+02 6.0157098389e+02 6.0150000000e+02 6.0142700195e+02 6.0133898926e+02 6.0126800537e+02 6.0118798828e+02 6.0110998535e+02 6.0104199219e+02 6.0098297119e+02 6.0094000244e+02 6.0088702393e+02 6.0083300781e+02 6.0081402588e+02
6.0268103027e+02 6.0268402100e+02 6.0268103027e+02 6.0268103027e+02 6.0267901611e+02 6.0265698242e+02 6.0265399170e+02 6.0264801025e+02 6.0264898682e+02 6.0264599609e+02 6.0261700439e+02 6.0257598877e+02 6.0255798340e+02 6.0252502441e+02 6.0249102783e+02 6.0244897461e+02 6.0240197754e+02 6.0236999512e+02 6.0234301758e+02 6.0230700684e+02 6.0226800537e+02 6.0222399902e+02 6.0216802979e+02 6.0210998535e+02 6.0205902100e+02 6.0200598145e+02 6.0195098877e+02 6.0188299561e+02 6.0179199219e+02 6.0170800781e+02 6.0163397217e+02 6.0155603027e+02 6.0148797607e+02 6.0143499756e+02 6.0136401367e+02 6.0128997803e+02 6.0121002197e+02 6.0114099121e+02 6.0105200195e+02 6.0096997070e+02 6.0090600586e+02 6.0084600830e+02 6.0080102539e+02 6.0074700928e+02 6.0068701172e+02 6.0065100098e+02
6.0255999756e+02 6.0256597900e+02 6.0255603027e+02 6.0255297852e+02 6.0254797363e+02 6.0251501465e+02 6.0250201416e+02 6.0249597168e+02 6.0250299072e+02 6.0249102783e+02 6.0246502686e+02 6.0244097900e+02 6.0242199707e+02 6.0237500000e+02 6.0234301758e+02 6.0231799316e+02 6.0227801514e+02 6.0223199463e+02 6.0219702148e+02 6.0215698242e+02 6.0211401367e+02 6.0206201172e+02 6.0200897217e+02 6.0195202637e+02 6.0190600586e+02 6.0185601807e+02 6.0180798340e+02 6.0174700928e+02 6.0165899658e+02 6.0156701660e+02 6.0149499512e+02 6.0142401123e+02 6.0134899902e+02 6.0129199219e+02 6.0122601318e+02 6.0115802002e+02 6.0108197021e+02 6.0100500488e+02 6.0092797852e+02 6.0086102295e+02 6.0078698730e+02 6.0071502686e+02 6.0065997314e+02 6.0060900879e+02 6.0054498291e+02 6.0049298096e+02
6.0247198486e+02 6.0247198486e+02 6.0245001221e+02 6.0243200684e+02 6.0241302490e+02 6.0238897705e+02 6.0239001465e+02 6.0238897705e+02 6.0237902832e+02 6.0236102295e+02 6.0234399414e+02 6.0232299805e+02 6.0228198242e+02 6.0224401855e+02 6.0221899414e+02 6.0220300293e+02 6.0216699219e+02 6.0210998535e+02 6.0206402588e+02 6.0201800537e+02 6.0196600342e+02 6.0190997314e+02 6.0185601807e+02 6.0180401611e+02 6.0176501465e+02 6.0170599365e+02 6.0165600586e+02 6.0159802246e+02 6.0150701904e+02 6.0142297363e+02 6.0134899902e+02 6.0128900146e+02 6.0122399902e+02 6.0115600586e+02 6.0109100342e+02 6.0103100586e+02 6.0097100830e+02 6.0088299561e+02 6.0081201172e+02 6.0074798584e+02 6.0066900635e+02 6.0058697510e+02 6.0052001953e+02 6.0046398926e+02 6.0040399170e+02 6.0035699463e+02
6.0236798096e+02 6.0235699463e+02 6.0233001709e+02 6.0231701660e+02 6.0230902100e+02 6.0228002930e+02 6.0227398682e+02 6.0227001953e+02 6.0225799561e+02 6.0223901367e+02 6.0222100830e+02 6.0220800781e+02 6.0218298340e+02 6.0214501953e+02 6.0210699463e+02 6.0207897949e+02 6.0203497314e+02 6.0197998047e+02 6.0193200684e+02 6.0187902832e+02 6.0181701660e+02 6.0176397705e+02 6.0171502686e+02 6.0166497803e+02 6.0162298584e+02 6.0156402588e+02 6.0151501465e+02 6.0146697998e+02 6.0138000488e+02 6.0129699707e+02 6.0121502686e+02 6.0115399170e+02 6.0110198975e+02 6.0104199219e+02 6.0098101807e+02 6.0091998291e+02 6.0086700439e+02 6.0077301025e+02 6.0069396973e+02 6.0063000488e+02 6.0055798340e+02 6.0047497559e+02 6.0040100098e+02 6.0033697510e+02 6.0027697754e+02 6.0023699951e+02
6.0225402832e+02 6.0224298096e+02 6.0221997070e+02 6.0220697021e+02 6.0220001221e+02 6.0217498779e+02 6.0216198730e+02 6.0215399170e+02 6.0214398193e+02 6.0211102295e+02 6.0208697510e+02 6.0207702637e+02 6.0206201172e+02 6.0202398682e+02 6.0198199463e+02 6.0194396973e+02 6.0189599609e+02 6.0184899902e+02 6.0180200195e+02 6.0174102783e+02 6.0167102051e+02 6.0161700439e+02 6.0157098389e+02 6.0151800537e+02 6.0146697998e+02 6.0140802002e+02 6.0135699463e+02 6.0131097412e+02 6.0124200439e+02 6.0116302490e+02 6.0108300781e+02 6.0102001953e+02 6.0097698975e+02 6.0092602539e+02 6.0086499023e+02 6.0080700684e+02 6.0075799561e+02 6.0066101074e+02 6.0057702637e+02 6.0051300049e+02 6.0043402100e+02 6.0035797119e+02 6.0028802490e+02 6.0021697998e+02 6.0015399170e+02 6.0012097168e+02
6.0213897705e+02 6.0213598633e+02 6.0211901855e+02 6.0209600830e+02 6.0207098389e+02 6.0204400635e+02 6.0203100586e+02 6.0202600098e+02 6.0201599121e+02 6.0198400879e+02 6.0196002197e+02 6.0193798828e+02 6.0191198730e+02 6.0188500977e+02 6.0184802246e+02 6.0180102539e+02 6.0174597168e+02 6.0170599365e+02 6.0166302490e+02 6.0160601807e+02 6.0154199219e+02 6.0148602295e+02 6.0143597412e+02 6.0138000488e+02 6.0131701660e+02 6.0125500488e+02 6.0119598389e+02 6.0114501953e+02 6.0109100342e+02 6.0102197266e+02 6.0095697021e+02 6.0089501953e+02 6.0085302734e+02 6.0080700684e+02 6.0074700928e+02 6.0069201660e+02 6.0064099121e+02 6.0054302979e+02 6.0045697021e+02 6.0038397217e+02 6.0029400635e+02 6.0022900391e+02 6.0016802979e+02 6.0010101318e+02 6.0004199219e+02 6.0000500488e+02
6.0203100586e+02 6.0203002930e+02 6.0200897217e+02 6.0197900391e+02 6.0194799805e+02 6.0192297363e+02 6.0191101074e+02 6.0190197754e+02 6.0188500977e+02 6.0186199951e+02 6.0183801270e+02 6.0179101563e+02 6.0173400879e+02 6.0171301270e+02 6.0167700195e+02 6.0163500977e+02 6.0159600830e+02 6.0154998779e+02 6.0151397705e+02 6.0147698975e+02 6.0142498779e+02 6.0136102295e+02 6.0130297852e+02 6.0125000000e+02 6.0119396973e+02 6.0112402344e+02 6.0106701660e+02 6.0101397705e+02 6.0095501709e+02 6.0089599609e+02 6.0083801270e+02 6.0077899170e+02 6.0073999023e+02 6.0069396973e+02 6.0064501953e+02 6.0059802246e+02 6.0053497314e+02 6.0043402100e+02 6.0034497070e+02 6.0025701904e+02 6.0016198730e+02 6.0010101318e+02 6.0004901123e+02 5.9999700928e+02 5.9993902588e+02 5.9989202881e+02
6.0191802979e+02 6.0190502930e+02 6.0188098145e+02 6.0186401367e+02 6.0183599854e+02 6.0180798340e+02 6.0179101563e+02 6.0176501465e+02 6.0174200439e+02 6.0171899414e+02 6.0168798828e+02 6.0164001465e+02 6.0158599854e+02 6.0155499268e+02 6.0151800537e+02 6.0148199463e+02 6.0144799805e+02 6.0140600586e+02 6.0137402344e+02 6.0134002686e+02 6.0128399658e+02 6.0122802734e+02 6.0117199707e+02 6.0111602783e+02 6.0105798340e+02 6.0099700928e+02 6.0094799805e+02 6.0089398193e+02 6.0082397461e+02 6.0076702881e+02 6.0070001221e+02 6.0064898682e+02 6.0062298584e+02 6.0057397461e+02 6.0052197266e+02 6.0047900391e+02 6.0040600586e+02 6.0031097412e+02 6.0021801758e+02 6.0013000488e+02 6.0004400635e+02 5.9998602295e+02 5.9994299316e+02 5.9988000488e+02 5.9981500244e+02 5.9977899170e+02
6.0181201172e+02 6.0178601074e+02 6.0176397705e+02 6.0175201416e+02 6.0171997070e+02 6.0168798828e+02 6.0166802979e+02 6.0163201904e+02 6.0160101318e+02 6.0156597900e+02 6.0152697754e+02 6.0148498535e+02 6.0143798828e+02 6.0140301514e+02 6.0136602783e+02 6.0133001709e+02 6.0129699707e+02 6.0126501465e+02 6.0123498535e+02 6.0119598389e+02 6.0114300537e+02 6.0109698486e+02 6.0104400635e+02 6.0098101807e+02 6.0092498779e+02 6.0087298584e+02 6.0082397461e+02 6.0076300049e+02 6.0068902588e+02 6.0064099121e+02 6.0058001709e+02 6.0053100586e+02 6.0050299072e+02 6.0045501709e+02 6.0040100098e+02 6.0035101318e+02 6.0027801514e+02 6.0018902588e+02 6.0009100342e+02 6.0000598145e+02 5.9993103027e+02 5.9988098145e+02 5.9983801270e+02 5.9976300049e+02 5.9969702148e+02 5.9967401123e+02
6.0170397949e+02 6.0168298340e+02 6.0165399170e+02 6.0163897705e+02 6.0160498047e+02 6.0156701660e+02 6.0154498291e+02 6.0150299072e+02 6.0146997070e+02 6.0142602539e+02 6.0137500000e+02 6.0133300781e+02 6.0128900146e+02 6.0125097656e+02 6.0121502686e+02 6.0117797852e+02 6.0114202881e+02 6.0111401367e+02 6.0109100342e+02 6.0105200195e+02 6.0100598145e+02 6.0096301270e+02 6.0091497803e+02 6.0085900879e+02 6.0081097412e+02 6.0076202393e+02 6.0071398926e+02 6.0064398193e+02 6.0056896973e+02 6.0053002930e+02 6.0046997070e+02 6.0041198730e+02 6.0037097168e+02 6.0032897949e+02 6.0027398682e+02 6.0021697998e+02 6.0015301514e+02 6.0007598877e+02 5.9998297119e+02 5.9990002441e+02 5.9982800293e+02 5.9977697754e+02 5.9973400879e+02 5.9965698242e+02 5.9959002686e+02 5.9956597900e+02
6.0158300781e+02 6.0157299805e+02 6.0153802490e+02 6.0152001953e+02 6.0149700928e+02 6.0145599365e+02 6.0143200684e+02 6.0138500977e+02 6.0134301758e+02 6.0130297852e+02 6.0123901367e+02 6.0118902588e+02 6.0114099121e+02 6.0110101318e+02 6.0106500244e+02 6.0102600098e+02 6.0097802734e+02 6.0094897461e+02 6.0093103027e+02 6.0089898682e+02 6.0086199951e+02 6.0082702637e+02 6.0078100586e+02 6.0073199463e+02 6.0068902588e+02 6.0065002441e+02 6.0060498047e+02 6.0052899170e+02 6.0045202637e+02 6.0040301514e+02 6.0034301758e+02 6.0028399658e+02 6.0024200439e+02 6.0018499756e+02 6.0011999512e+02 6.0006402588e+02 6.0001397705e+02 5.9995599365e+02 5.9987701416e+02 5.9980102539e+02 5.9973199463e+02 5.9966400146e+02 5.9961499023e+02 5.9954797363e+02 5.9947802734e+02 5.9945202637e+02
6.0145898438e+02 6.0144702148e+02 6.0141699219e+02 6.0140002441e+02 6.0137902832e+02 6.0133599854e+02 6.0131500244e+02 6.0126898193e+02 6.0122698975e+02 6.0118103027e+02 6.0110998535e+02 6.0105102539e+02 6.0100000000e+02 6.0096899414e+02 6.0092602539e+02 6.0088098145e+02 6.0084002686e+02 6.0079998779e+02 6.0077502441e+02 6.0074798584e+02 6.0071697998e+02 6.0067797852e+02 6.0064099121e+02 6.0060699463e+02 6.0056799316e+02 6.0051599121e+02 6.0047698975e+02 6.0041198730e+02 6.0033398438e+02 6.0026599121e+02 6.0020300293e+02 6.0014501953e+02 6.0009197998e+02 6.0003399658e+02 5.9996502686e+02 5.9990997314e+02 5.9986401367e+02 5.9981201172e+02 5.9974902344e+02 5.9968902588e+02 5.9963397217e+02 5.9956298828e+02 5.9950299072e+02 5.9943499756e+02 5.9936901855e+02 5.9933599854e+02
6.0134002686e+02 6.0132800293e+02 6.0129797363e+02 6.0128399658e+02 6.0126202393e+02 6.0121600342e+02 6.0119702148e+02 6.0115600586e+02 6.0111297607e+02 6.0107501221e+02 6.0100500488e+02 6.0094097900e+02 6.0088598633e+02 6.0085601807e+02 6.0080603027e+02 6.0075701904e+02 6.0071398926e+02 6.0066900635e+02 6.0064099121e+02 6.0060900879e+02 6.0056896973e+02 6.0052099609e+02 6.0048999023e+02 6.0046997070e+02 6.0043902588e+02 6.0038299561e+02 6.0034197998e+02 6.0028601074e+02 6.0020599365e+02 6.0014898682e+02 6.0008001709e+02 6.0001202393e+02 5.9995800781e+02 5.9990301514e+02 5.9983502197e+02 5.9978002930e+02 5.9973400879e+02 5.9967797852e+02 5.9962200928e+02 5.9957000732e+02 5.9952099609e+02 5.9945300293e+02 5.9939501953e+02 5.9933502197e+02 5.9926898193e+02 5.9921801758e+02
6.0123199463e+02 6.0121697998e+02 6.0118499756e+02 6.0116802979e+02 6.0114300537e+02 6.0110198975e+02 6.0109002686e+02 6.0105297852e+02 6.0100201416e+02 6.0096697998e+02 6.0090301514e+02 6.0083697510e+02 6.0077398682e+02 6.0073797607e+02 6.0068798828e+02 6.0063897705e+02 6.0059497070e+02 6.0055200195e+02 6.0051702881e+02 6.0047302246e+02 6.0042901611e+02 6.0038000488e+02 6.0034399414e+02 6.0032202148e+02 6.0029797363e+02 6.0024401855e+02 6.0020599365e+02 6.0016198730e+02 6.0007397461e+02 6.0003302002e+02 5.9996398926e+02 5.9988897705e+02 5.9983502197e+02 5.9978002930e+02 5.9971899414e+02 5.9966601563e+02 5.9961297607e+02 5.9955200195e+02 5.9949700928e+02 5.9944799805e+02 5.9939801025e+02 5.9932598877e+02 5.9926898193e+02 5.9921801758e+02 5.9915997314e+02 5.9911602783e+02
