TESTSERVER/23/18.asc
NCOLS 100
NROWS 100
XLLCORNER 8.6497500000e+03
YLLCORNER 2.8905025000e+05
CELLSIZE 5.0000000000e-01
NODATA_VALUE -9.9990000000e+03
[rows 60 to 79 of 100, columns 46 to 91 of 100]
5.9875799561e+02 5.9876202393e+02 5.9875598145e+02 5.9874798584e+02 5.9870800781e+02 5.9867700195e+02 5.9866601563e+02 5.9863299561e+02 5.9859301758e+02 5.9854797363e+02 5.9852899170e+02 5.9852099609e+02 5.9848101807e+02 5.9844097900e+02 5.9839801025e+02 5.9837902832e+02 5.9835302734e+02 5.9830999756e+02 5.9828399658e+02 5.9825897217e+02 5.9821997070e+02 5.9817797852e+02 5.9812799072e+02 5.9806402588e+02 5.9800897217e+02 5.9797100830e+02 5.9793200684e+02 5.9787298584e+02 5.9780603027e+02 5.9775799561e+02 5.9770001221e+02 5.9762902832e+02 5.9759100342e+02 5.9753900146e+02 5.9747399902e+02 5.9742700195e+02 5.9739001465e+02 5.9733099365e+02 5.9728100586e+02 5.9724597168e+02 5.9721197510e+02 5.9714202881e+02 5.9710699463e+02 5.9708599854e+02 5.9705902100e+02 5.9700701904e+02
5.9861401367e+02 5.9861700439e+02 5.9862298584e+02 5.9862402344e+02 5.9859197998e+02 5.9857000732e+02 5.9856500244e+02 5.9853198242e+02 5.9847900391e+02 5.9844201660e+02 5.9841998291e+02 5.9839398193e+02 5.9835198975e+02 5.9831402588e+02 5.9826702881e+02 5.9824200439e+02 5.9822698975e+02 5.9819500732e+02 5.9816998291e+02 5.9814001465e+02 5.9810198975e+02 5.9805902100e+02 5.9800897217e+02 5.9796099854e+02 5.9792602539e+02 5.9788598633e+02 5.9784002686e+02 5.9778100586e+02 5.9771398926e+02 5.9765802002e+02 5.9759497070e+02 5.9752502441e+02 5.9748498535e+02 5.9744897461e+02 5.9737298584e+02 5.9731799316e+02 5.9729498291e+02 5.9725500488e+02 5.9720001221e+02 5.9714898682e+02 5.9710302734e+02 5.9704699707e+02 5.9700097656e+02 5.9696197510e+02 5.9693200684e+02 5.9689099121e+02
5.9846398926e+02 5.9846600342e+02 5.9847497559e+02 5.9848400879e+02 5.9846801758e+02 5.9845300293e+02 5.9844897461e+02 5.9841998291e+02 5.9836798096e+02 5.9833398438e+02 5.9830499268e+02 5.9827502441e+02 5.9823602295e+02 5.9820300293e+02 5.9815997314e+02 5.9812799072e+02 5.9811199951e+02 5.9808099365e+02 5.9805700684e+02 5.9802099609e+02 5.9797998047e+02 5.9793298340e+02 5.9788897705e+02 5.9785302734e+02 5.9782598877e+02 5.9778497314e+02 5.9773901367e+02 5.9768499756e+02 5.9762701416e+02 5.9755700684e+02 5.9749200439e+02 5.9743200684e+02 5.9739001465e+02 5.9734899902e+02 5.9727197266e+02 5.9720898438e+02 5.9717797852e+02 5.9714398193e+02 5.9709002686e+02 5.9703497314e+02 5.9698297119e+02 5.9693798828e+02 5.9689001465e+02 5.9684497070e+02 5.9681597900e+02 5.9678002930e+02
5.9833197021e+02 5.9833300781e+02 5.9833502197e+02 5.9834497070e+02 5.9834002686e+02 5.9833697510e+02 5.9833300781e+02 5.9830700684e+02 5.9826397705e+02 5.9822497559e+02 5.9819097900e+02 5.9816900635e+02 5.9813897705e+02 5.9810797119e+02 5.9806701660e+02 5.9802697754e+02 5.9800201416e+02 5.9796600342e+02 5.9793597412e+02 5.9789599609e+02 5.9785699463e+02 5.9780902100e+02 5.9777001953e+02 5.9773797607e+02 5.9770800781e+02 5.9766198730e+02 5.9762097168e+02 5.9757501221e+02 5.9751702881e+02 5.9744299316e+02 5.9738598633e+02 5.9733502197e+02 5.9729699707e+02 5.9725097656e+02 5.9718402100e+02 5.9711901855e+02 5.9706701660e+02 5.9703497314e+02 5.9698101807e+02 5.9692498779e+02 5.9687298584e+02 5.9682299805e+02 5.9677301025e+02 5.9672900391e+02 5.9669598389e+02 5.9665100098e+02
5.9820599365e+02 5.9820001221e+02 5.9819299316e+02 5.9819299316e+02 5.9819897461e+02 5.9821899414e+02 5.9821801758e+02 5.9819598389e+02 5.9816998291e+02 5.9812298584e+02 5.9808099365e+02 5.9805999756e+02 5.9804602051e+02 5.9801000977e+02 5.9796600342e+02 5.9792602539e+02 5.9789501953e+02 5.9784899902e+02 5.9780999756e+02 5.9777697754e+02 5.9774902344e+02 5.9769598389e+02 5.9766400146e+02 5.9763702393e+02 5.9759997559e+02 5.9755603027e+02 5.9750201416e+02 5.9743798828e+02 5.9736602783e+02 5.9732299805e+02 5.9728198242e+02 5.9722900391e+02 5.9717901611e+02 5.9712500000e+02 5.9707000732e+02 5.9701501465e+02 5.9695599365e+02 5.9692102051e+02 5.9686999512e+02 5.9681298828e+02 5.9676000977e+02 5.9671197510e+02 5.9665997314e+02 5.9661297607e+02 5.9656799316e+02 5.9652001953e+02
5.9804901123e+02 5.9805102539e+02 5.9804998779e+02 5.9804901123e+02 5.9805401611e+02 5.9807702637e+02 5.9808398438e+02 5.9806701660e+02 5.9804498291e+02 5.9800799561e+02 5.9797198486e+02 5.9794299316e+02 5.9790997314e+02 5.9787902832e+02 5.9784301758e+02 5.9780798340e+02 5.9777099609e+02 5.9772198486e+02 5.9769500732e+02 5.9767700195e+02 5.9764202881e+02 5.9759197998e+02 5.9756201172e+02 5.9752600098e+02 5.9747900391e+02 5.9743798828e+02 5.9738397217e+02 5.9731597900e+02 5.9723602295e+02 5.9720300293e+02 5.9717199707e+02 5.9712200928e+02 5.9706500244e+02 5.9699499512e+02 5.9694201660e+02 5.9689697266e+02 5.9684802246e+02 5.9680700684e+02 5.9675701904e+02 5.9671398926e+02 5.9666302490e+02 5.9660302734e+02 5.9654498291e+02 5.9650000000e+02 5.9645397949e+02 5.9639898682e+02
5.9789001465e+02 5.9789001465e+02 5.9789099121e+02 5.9789501953e+02 5.9790399170e+02 5.9793298340e+02 5.9794598389e+02 5.9792999268e+02 5.9790197754e+02 5.9788000488e+02 5.9785601807e+02 5.9782397461e+02 5.9777899170e+02 5.9775799561e+02 5.9772399902e+02 5.9768298340e+02 5.9764001465e+02 5.9760101318e+02 5.9758001709e+02 5.9756097412e+02 5.9752301025e+02 5.9747698975e+02 5.9744598389e+02 5.9740197754e+02 5.9734600830e+02 5.9729699707e+02 5.9725500488e+02 5.9720599365e+02 5.9712799072e+02 5.9708898926e+02 5.9705798340e+02 5.9701000977e+02 5.9695599365e+02 5.9688299561e+02 5.9683502197e+02 5.9679901123e+02 5.9675402832e+02 5.9670800781e+02 5.9665698242e+02 5.9661999512e+02 5.9657000732e+02 5.9650500488e+02 5.9644500732e+02 5.9639001465e+02 5.9634301758e+02 5.9628698730e+02
5.9773199463e+02 5.9773400879e+02 5.9774401855e+02 5.9775402832e+02 5.9776397705e+02 5.9779400635e+02 5.9781298828e+02 5.9779602051e+02 5.9776898193e+02 5.9775299072e+02 5.9772802734e+02 5.9769598389e+02 5.9765502930e+02 5.9764099121e+02 5.9760797119e+02 5.9756701660e+02 5.9752801514e+02 5.9750897217e+02 5.9747198486e+02 5.9743298340e+02 5.9740399170e+02 5.9735400391e+02 5.9732202148e+02 5.9728100586e+02 5.9722900391e+02 5.9717700195e+02 5.9714099121e+02 5.9710797119e+02 5.9703698730e+02 5.9698199463e+02 5.9694299316e+02 5.9689801025e+02 5.9685101318e+02 5.9678698730e+02 5.9674902344e+02 5.9671697998e+02 5.9666699219e+02 5.9661499023e+02 5.9655999756e+02 5.9651702881e+02 5.9647601318e+02 5.9641400146e+02 5.9635302734e+02 5.9629400635e+02 5.9624597168e+02 5.9619201660e+02
5.9757098389e+02 5.9760101318e+02 5.9762402344e+02 5.9763598633e+02 5.9764202881e+02 5.9765399170e+02 5.9766998291e+02 5.9765997314e+02 5.9764801025e+02 5.9762402344e+02 5.9758801270e+02 5.9756298828e+02 5.9753802490e+02 5.9750897217e+02 5.9747802734e+02 5.9744396973e+02 5.9742297363e+02 5.9740100098e+02 5.9735198975e+02 5.9730297852e+02 5.9728802490e+02 5.9723797607e+02 5.9720300293e+02 5.9716699219e+02 5.9711401367e+02 5.9706896973e+02 5.9703399658e+02 5.9699902344e+02 5.9693902588e+02 5.9689001465e+02 5.9684301758e+02 5.9679400635e+02 5.9675201416e+02 5.9669500732e+02 5.9666198730e+02 5.9662701416e+02 5.9657202148e+02 5.9652600098e+02 5.9647302246e+02 5.9643103027e+02 5.9640502930e+02 5.9632501221e+02 5.9625598145e+02 5.9619897461e+02 5.9615502930e+02 5.9610101318e+02
5.9745800781e+02 5.9748297119e+02 5.9750097656e+02 5.9751501465e+02 5.9751898193e+02 5.9752197266e+02 5.9752697754e+02 5.9751800537e+02 5.9751202393e+02 5.9749700928e+02 5.9746301270e+02 5.9743200684e+02 5.9739898682e+02 5.9738397217e+02 5.9736102295e+02 5.9730999756e+02 5.9728302002e+02 5.9725299072e+02 5.9720599365e+02 5.9716302490e+02 5.9715399170e+02 5.9711401367e+02 5.9707397461e+02 5.9703002930e+02 5.9698699951e+02 5.9694598389e+02 5.9691998291e+02 5.9688098145e+02 5.9682598877e+02 5.9678698730e+02 5.9674200439e+02 5.9668701172e+02 5.9665002441e+02 5.9659899902e+02 5.9656097412e+02 5.9652697754e+02 5.9648199463e+02 5.9643597412e+02 5.9639001465e+02 5.9635498047e+02 5.9632000732e+02 5.9624298096e+02 5.9617498779e+02 5.9610998535e+02 5.9605902100e+02 5.9600402832e+02
5.9733801270e+02 5.9735601807e+02 5.9737402344e+02 5.9739001465e+02 5.9739599609e+02 5.9739398193e+02 5.9739001465e+02 5.9738098145e+02 5.9737799072e+02 5.9736102295e+02 5.9732202148e+02 5.9728997803e+02 5.9726702881e+02 5.9727301025e+02 5.9724700928e+02 5.9717999268e+02 5.9714599609e+02 5.9712097168e+02 5.9707702637e+02 5.9703399658e+02 5.9701898193e+02 5.9697900391e+02 5.9693701172e+02 5.9689501953e+02 5.9687200928e+02 5.9684399414e+02 5.9681402588e+02 5.9677801514e+02 5.9672802734e+02 5.9667797852e+02 5.9663500977e+02 5.9658197021e+02 5.9654699707e+02 5.9650299072e+02 5.9646301270e+02 5.9642999268e+02 5.9638702393e+02 5.9634802246e+02 5.9630999756e+02 5.9627502441e+02 5.9622601318e+02 5.9615997314e+02 5.9609997559e+02 5.9603198242e+02 5.9597399902e+02 5.9591198730e+02
5.9719897461e+02 5.9721398926e+02 5.9723699951e+02 5.9725897217e+02 5.9726702881e+02 5.9726898193e+02 5.9726800537e+02 5.9725097656e+02 5.9723901367e+02 5.9721197510e+02 5.9717297363e+02 5.9715197754e+02 5.9713299561e+02 5.9714099121e+02 5.9712500000e+02 5.9706799316e+02 5.9703100586e+02 5.9700500488e+02 5.9696398926e+02 5.9692297363e+02 5.9689599609e+02 5.9684997559e+02 5.9680499268e+02 5.9676501465e+02 5.9674700928e+02 5.9672998047e+02 5.9669299316e+02 5.9665399170e+02 5.9661297607e+02 5.9655902100e+02 5.9651202393e+02 5.9647198486e+02 5.9644598389e+02 5.9640899658e+02 5.9636499023e+02 5.9632702637e+02 5.9628399658e+02 5.9625000000e+02 5.9621600342e+02 5.9617797852e+02 5.9612298584e+02 5.9606896973e+02 5.9601300049e+02 5.9593902588e+02 5.9587701416e+02 5.9581799316e+02
5.9706500244e+02 5.9707299805e+02 5.9709197998e+02 5.9711297607e+02 5.9711798096e+02 5.9713500977e+02 5.9714300537e+02 5.9711401367e+02 5.9708197021e+02 5.9707000732e+02 5.9703601074e+02 5.9702001953e+02 5.9699700928e+02 5.9699902344e+02 5.9699102783e+02 5.9694598389e+02 5.9690600586e+02 5.9688098145e+02 5.9684600830e+02 5.9680499268e+02 5.9676300049e+02 5.9671997070e+02 5.9667700195e+02 5.9664099121e+02 5.9662799072e+02 5.9661199951e+02 5.9657598877e+02 5.9652301025e+02 5.9647302246e+02 5.9643798828e+02 5.9638897705e+02 5.9635797119e+02 5.9634301758e+02 5.9631500244e+02 5.9627099609e+02 5.9622900391e+02 5.9619299316e+02 5.9615899658e+02 5.9611499023e+02 5.9606201172e+02 5.9601501465e+02 5.9597198486e+02 5.9591400146e+02 5.9584100342e+02 5.9577899170e+02 5.9572698975e+02
5.9692199707e+02 5.9693402100e+02 5.9694897461e+02 5.9697100830e+02 5.9698699951e+02 5.9698901367e+02 5.9698199463e+02 5.9694702148e+02 5.9693103027e+02 5.9692797852e+02 5.9689202881e+02 5.9687298584e+02 5.9686102295e+02 5.9686199951e+02 5.9685498047e+02 5.9682000732e+02 5.9679400635e+02 5.9677398682e+02 5.9673297119e+02 5.9668798828e+02 5.9665399170e+02 5.9660601807e+02 5.9656597900e+02 5.9653399658e+02 5.9651501465e+02 5.9649200439e+02 5.9646301270e+02 5.9642297363e+02 5.9638000488e+02 5.9634899902e+02 5.9630700684e+02 5.9627502441e+02 5.9625598145e+02 5.9622399902e+02 5.9618798828e+02 5.9614202881e+02 5.9609802246e+02 5.9606500244e+02 5.9601300049e+02 5.9595300293e+02 5.9590502930e+02 5.9586602783e+02 5.9581201172e+02 5.9574597168e+02 5.9567602539e+02 5.9562200928e+02
5.9678002930e+02 5.9679302979e+02 5.9680700684e+02 5.9682397461e+02 5.9683898926e+02 5.9683197021e+02 5.9682000732e+02 5.9678900146e+02 5.9678198242e+02 5.9677600098e+02 5.9674597168e+02 5.9673400879e+02 5.9672601318e+02 5.9672302246e+02 5.9671697998e+02 5.9669097900e+02 5.9666998291e+02 5.9665600586e+02 5.9661999512e+02 5.9658099365e+02 5.9655297852e+02 5.9650598145e+02 5.9646600342e+02 5.9643200684e+02 5.9640002441e+02 5.9637402344e+02 5.9634802246e+02 5.9632098389e+02 5.9629199219e+02 5.9626202393e+02 5.9623199463e+02 5.9620800781e+02 5.9618200684e+02 5.9614398193e+02 5.9610498047e+02 5.9604901123e+02 5.9599700928e+02 5.9596398926e+02 5.9590698242e+02 5.9584301758e+02 5.9579498291e+02 5.9575402832e+02 5.9569897461e+02 5.9563702393e+02 5.9557598877e+02 5.9552801514e+02
5.9663299561e+02 5.9664599609e+02 5.9665100098e+02 5.9665698242e+02 5.9667199707e+02 5.9667999268e+02 5.9667999268e+02 5.9665802002e+02 5.9665100098e+02 5.9663598633e+02 5.9660998535e+02 5.9660101318e+02 5.9658801270e+02 5.9658300781e+02 5.9657897949e+02 5.9655700684e+02 5.9653900146e+02 5.9652197266e+02 5.9649700928e+02 5.9647100830e+02 5.9644299316e+02 5.9639300537e+02 5.9635400391e+02 5.9632501221e+02 5.9629101563e+02 5.9626898193e+02 5.9623498535e+02 5.9621002197e+02 5.9619299316e+02 5.9616802979e+02 5.9614599609e+02 5.9612200928e+02 5.9609497070e+02 5.9605700684e+02 5.9600897217e+02 5.9595001221e+02 5.9590301514e+02 5.9586199951e+02 5.9579498291e+02 5.9572601318e+02 5.9567797852e+02 5.9563598633e+02 5.9557397461e+02 5.9551202393e+02 5.9546502686e+02 5.9541601563e+02
5.9648797607e+02 5.9649597168e+02 5.9649401855e+02 5.9649902344e+02 5.9652398682e+02 5.9654400635e+02 5.9653497314e+02 5.9651000977e+02 5.9650402832e+02 5.9651000977e+02 5.9648999023e+02 5.9647302246e+02 5.9645697021e+02 5.9645001221e+02 5.9644396973e+02 5.9642297363e+02 5.9640301514e+02 5.9638500977e+02 5.9636700439e+02 5.9634899902e+02 5.9633300781e+02 5.9626599121e+02 5.9623699951e+02 5.9621997070e+02 5.9618798828e+02 5.9616900635e+02 5.9613598633e+02 5.9610699463e+02 5.9607598877e+02 5.9606097412e+02 5.9604699707e+02 5.9601702881e+02 5.9598199463e+02 5.9594897461e+02 5.9590100098e+02 5.9584399414e+02 5.9579797363e+02 5.9574102783e+02 5.9566497803e+02 5.9560302734e+02 5.9556402588e+02 5.9551098633e+02 5.9544897461e+02 5.9538702393e+02 5.9535601807e+02 5.9529797363e+02
5.9633898926e+02 5.9634399414e+02 5.9635797119e+02 5.9637200928e+02 5.9638397217e+02 5.9640399170e+02 5.9640301514e+02 5.9638000488e+02 5.9637298584e+02 5.9637799072e+02 5.9635900879e+02 5.9633801270e+02 5.9631896973e+02 5.9631201172e+02 5.9630798340e+02 5.9628997803e+02 5.9627398682e+02 5.9625897217e+02 5.9623901367e+02 5.9621697998e+02 5.9620001221e+02 5.9614697266e+02 5.9612701416e+02 5.9610699463e+02 5.9607501221e+02 5.9605999756e+02 5.9603497314e+02 5.9600598145e+02 5.9597198486e+02 5.9595599365e+02 5.9594500732e+02 5.9591198730e+02 5.9587200928e+02 5.9582598877e+02 5.9577398682e+02 5.9571600342e+02 5.9567401123e+02 5.9561499023e+02 5.9553601074e+02 5.9548199463e+02 5.9544799805e+02 5.9539300537e+02 5.9533599854e+02 5.9527001953e+02 5.9522399902e+02 5.9515802002e+02
5.9621099854e+02 5.9621197510e+02 5.9623101807e+02 5.9624401855e+02 5.9624401855e+02 5.9626300049e+02 5.9626898193e+02 5.9624597168e+02 5.9623699951e+02 5.9624401855e+02 5.9622802734e+02 5.9621301270e+02 5.9618701172e+02 5.9617797852e+02 5.9617602539e+02 5.9616198730e+02 5.9615002441e+02 5.9613201904e+02 5.9610302734e+02 5.9607397461e+02 5.9605499268e+02 5.9601800537e+02 5.9599902344e+02 5.9597998047e+02 5.9595697021e+02 5.9594299316e+02 5.9591900635e+02 5.9589202881e+02 5.9586999512e+02 5.9584997559e+02 5.9582702637e+02 5.9578900146e+02 5.9574902344e+02 5.9569299316e+02 5.9563598633e+02 5.9558001709e+02 5.9554797363e+02 5.9549798584e+02 5.9542602539e+02 5.9537200928e+02 5.9533502197e+02 5.9528198242e+02 5.9522399902e+02 5.9515600586e+02 5.9510101318e+02 5.9503399658e+02
5.9609301758e+02 5.9608502197e+02 5.9609802246e+02 5.9610797119e+02 5.9610699463e+02 5.9612902832e+02 5.9613098145e+02 5.9610699463e+02 5.9610498047e+02 5.9610900879e+02 5.9609497070e+02 5.9608697510e+02 5.9605700684e+02 5.9604302979e+02 5.9603997803e+02 5.9603198242e+02 5.9602801514e+02 5.9600799561e+02 5.9597198486e+02 5.9594396973e+02 5.9592700195e+02 5.9589398193e+02 5.9587298584e+02 5.9585601807e+02 5.9583697510e+02 5.9581500244e+02 5.9579699707e+02 5.9577600098e+02 5.9575701904e+02 5.9573602295e+02 5.9570697021e+02 5.9566198730e+02 5.9561401367e+02 5.9555999756e+02 5.9551300049e+02 5.9546099854e+02 5.9542199707e+02 5.9537402344e+02 5.9531597900e+02 5.9525799561e+02 5.9521697998e+02 5.9516302490e+02 5.9509899902e+02 5.9503399658e+02 5.9497802734e+02 5.9491900635e+02
