TESTSERVER/23/19.asc
NCOLS 100
NROWS 100
XLLCORNER 8.6497500000e+03
YLLCORNER 2.8900025000e+05
CELLSIZE 5.0000000000e-01
NODATA_VALUE -9.9990000000e+03
[rows 80 to 99 of 100, columns 46 to 91 of 100]
5.7300701904e+02 5.7303802490e+02 5.7308599854e+02 5.7315802002e+02 5.7323400879e+02 5.7331799316e+02 5.7338098145e+02 5.7343103027e+02 5.7350701904e+02 5.7352899170e+02 5.7357397461e+02 5.7362500000e+02 5.7367498779e+02 5.7373999023e+02 5.7377600098e+02 5.7381298828e+02 5.7384399414e+02 5.7387597656e+02 5.7390802002e+02 5.7394799805e+02 5.7401000977e+02 5.7405200195e+02 5.7408697510e+02 5.7411199951e+02 5.7413702393e+02 5.7417901611e+02 5.7420898438e+02 5.7423297119e+02 5.7426599121e+02 5.7432897949e+02 5.7439801025e+02 5.7445697021e+02 5.7450402832e+02 5.7458502197e+02 5.7466497803e+02 5.7473999023e+02 5.7480102539e+02 5.7489398193e+02 5.7503601074e+02 5.7515698242e+02 5.7522399902e+02 5.7527502441e+02 5.7533898926e+02 5.7542901611e+02 5.7552398682e+02 5.7559002686e+02
5.7274200439e+02 5.7279797363e+02 5.7285498047e+02 5.7292199707e+02 5.7298602295e+02 5.7305999756e+02 5.7312402344e+02 5.7318200684e+02 5.7327301025e+02 5.7331896973e+02 5.7337298584e+02 5.7342401123e+02 5.7345898438e+02 5.7350299072e+02 5.7354998779e+02 5.7360498047e+02 5.7364697266e+02 5.7367999268e+02 5.7372601318e+02 5.7377502441e+02 5.7382098389e+02 5.7385998535e+02 5.7389599609e+02 5.7392297363e+02 5.7396301270e+02 5.7400897217e+02 5.7405603027e+02 5.7407800293e+02 5.7408898926e+02 5.7414898682e+02 5.7422100830e+02 5.7429101563e+02 5.7434698486e+02 5.7442401123e+02 5.7449902344e+02 5.7457000732e+02 5.7463098145e+02 5.7470202637e+02 5.7482397461e+02 5.7493902588e+02 5.7501800537e+02 5.7508300781e+02 5.7517297363e+02 5.7527197266e+02 5.7535699463e+02 5.7542297363e+02
5.7249200439e+02 5.7255700684e+02 5.7262597656e+02 5.7270501709e+02 5.7277697754e+02 5.7284002686e+02 5.7288897705e+02 5.7294097900e+02 5.7302197266e+02 5.7308599854e+02 5.7314801025e+02 5.7320697021e+02 5.7325701904e+02 5.7329998779e+02 5.7334497070e+02 5.7340002441e+02 5.7344500732e+02 5.7348797607e+02 5.7354400635e+02 5.7359600830e+02 5.7363299561e+02 5.7366198730e+02 5.7370300293e+02 5.7374298096e+02 5.7379901123e+02 5.7383801270e+02 5.7388397217e+02 5.7390502930e+02 5.7392297363e+02 5.7397998047e+02 5.7404400635e+02 5.7411199951e+02 5.7417602539e+02 5.7424902344e+02 5.7432702637e+02 5.7440600586e+02 5.7447998047e+02 5.7455200195e+02 5.7465002441e+02 5.7475701904e+02 5.7484600830e+02 5.7491900635e+02 5.7502301025e+02 5.7513299561e+02 5.7522198486e+02 5.7530499268e+02
5.7224499512e+02 5.7230499268e+02 5.7237799072e+02 5.7247198486e+02 5.7255798340e+02 5.7261999512e+02 5.7265802002e+02 5.7270501709e+02 5.7278698730e+02 5.7285101318e+02 5.7291802979e+02 5.7298699951e+02 5.7305499268e+02 5.7311499023e+02 5.7316802979e+02 5.7321502686e+02 5.7325000000e+02 5.7329797363e+02 5.7334997559e+02 5.7339300537e+02 5.7342700195e+02 5.7345599365e+02 5.7350402832e+02 5.7355499268e+02 5.7361901855e+02 5.7365997314e+02 5.7369799805e+02 5.7372497559e+02 5.7377697754e+02 5.7384197998e+02 5.7390002441e+02 5.7395898438e+02 5.7401300049e+02 5.7407800293e+02 5.7416101074e+02 5.7424499512e+02 5.7432800293e+02 5.7440502930e+02 5.7449298096e+02 5.7459497070e+02 5.7469396973e+02 5.7476898193e+02 5.7486199951e+02 5.7497198486e+02 5.7507598877e+02 5.7516802979e+02
5.7198602295e+02 5.7205297852e+02 5.7213299561e+02 5.7222900391e+02 5.7230902100e+02 5.7238897705e+02 5.7244598389e+02 5.7250799561e+02 5.7259600830e+02 5.7264099121e+02 5.7270202637e+02 5.7277197266e+02 5.7281298828e+02 5.7288897705e+02 5.7296002197e+02 5.7300799561e+02 5.7304101563e+02 5.7308697510e+02 5.7313201904e+02 5.7317199707e+02 5.7321899414e+02 5.7327398682e+02 5.7333502197e+02 5.7338098145e+02 5.7343103027e+02 5.7348602295e+02 5.7352502441e+02 5.7355902100e+02 5.7362200928e+02 5.7369396973e+02 5.7375201416e+02 5.7381097412e+02 5.7385998535e+02 5.7392401123e+02 5.7399798584e+02 5.7407598877e+02 5.7416802979e+02 5.7423999023e+02 5.7432501221e+02 5.7442901611e+02 5.7452301025e+02 5.7460302734e+02 5.7467999268e+02 5.7477899170e+02 5.7488800049e+02 5.7498101807e+02
5.7170599365e+02 5.7179400635e+02 5.7189001465e+02 5.7198901367e+02 5.7206799316e+02 5.7214099121e+02 5.7220501709e+02 5.7227301025e+02 5.7236401367e+02 5.7241998291e+02 5.7247802734e+02 5.7254901123e+02 5.7259802246e+02 5.7266400146e+02 5.7273297119e+02 5.7278399658e+02 5.7283398438e+02 5.7288299561e+02 5.7292901611e+02 5.7298101807e+02 5.7304400635e+02 5.7309997559e+02 5.7316497803e+02 5.7322198486e+02 5.7327301025e+02 5.7333099365e+02 5.7338098145e+02 5.7341998291e+02 5.7346899414e+02 5.7353198242e+02 5.7358001709e+02 5.7363800049e+02 5.7370001221e+02 5.7377502441e+02 5.7384997559e+02 5.7393103027e+02 5.7402899170e+02 5.7408398438e+02 5.7415399170e+02 5.7426098633e+02 5.7436297607e+02 5.7444201660e+02 5.7451599121e+02 5.7460601807e+02 5.7471301270e+02 5.7482000732e+02
5.7147100830e+02 5.7155102539e+02 5.7165100098e+02 5.7174902344e+02 5.7182702637e+02 5.7190100098e+02 5.7197399902e+02 5.7204498291e+02 5.7213299561e+02 5.7219598389e+02 5.7225201416e+02 5.7232800293e+02 5.7239801025e+02 5.7247100830e+02 5.7253900146e+02 5.7259197998e+02 5.7264697266e+02 5.7269799805e+02 5.7274902344e+02 5.7280700684e+02 5.7287200928e+02 5.7292797852e+02 5.7298999023e+02 5.7304400635e+02 5.7309497070e+02 5.7315698242e+02 5.7322100830e+02 5.7327197266e+02 5.7331201172e+02 5.7336798096e+02 5.7342102051e+02 5.7348297119e+02 5.7354602051e+02 5.7361999512e+02 5.7369500732e+02 5.7376898193e+02 5.7385699463e+02 5.7391699219e+02 5.7399597168e+02 5.7411199951e+02 5.7421301270e+02 5.7429901123e+02 5.7438201904e+02 5.7446600342e+02 5.7456597900e+02 5.7466400146e+02
5.7125598145e+02 5.7133502197e+02 5.7142797852e+02 5.7151702881e+02 5.7160101318e+02 5.7168499756e+02 5.7176397705e+02 5.7183697510e+02 5.7191302490e+02 5.7197998047e+02 5.7203802490e+02 5.7211102295e+02 5.7219097900e+02 5.7227697754e+02 5.7235400391e+02 5.7241400146e+02 5.7246997070e+02 5.7251800537e+02 5.7256799316e+02 5.7262500000e+02 5.7268298340e+02 5.7274499512e+02 5.7280700684e+02 5.7285900879e+02 5.7290698242e+02 5.7296502686e+02 5.7303198242e+02 5.7308697510e+02 5.7313598633e+02 5.7319799805e+02 5.7326397705e+02 5.7333197021e+02 5.7338702393e+02 5.7346002197e+02 5.7352899170e+02 5.7358898926e+02 5.7366601563e+02 5.7373999023e+02 5.7383197021e+02 5.7395501709e+02 5.7405297852e+02 5.7415100098e+02 5.7425097656e+02 5.7433898926e+02 5.7443597412e+02 5.7452099609e+02
5.7100500488e+02 5.7111700439e+02 5.7121197510e+02 5.7130200195e+02 5.7139801025e+02 5.7149298096e+02 5.7157397461e+02 5.7164801025e+02 5.7173297119e+02 5.7179602051e+02 5.7185400391e+02 5.7191998291e+02 5.7199597168e+02 5.7207397461e+02 5.7215502930e+02 5.7221997070e+02 5.7228601074e+02 5.7233001709e+02 5.7238000488e+02 5.7243701172e+02 5.7248498535e+02 5.7253698730e+02 5.7259698486e+02 5.7266101074e+02 5.7273297119e+02 5.7279101563e+02 5.7285797119e+02 5.7291101074e+02 5.7297100830e+02 5.7304101563e+02 5.7310601807e+02 5.7316699219e+02 5.7322198486e+02 5.7330499268e+02 5.7336798096e+02 5.7341400146e+02 5.7348999023e+02 5.7358300781e+02 5.7367401123e+02 5.7378497314e+02 5.7388598633e+02 5.7399298096e+02 5.7410400391e+02 5.7420202637e+02 5.7429498291e+02 5.7437500000e+02
5.7080499268e+02 5.7090600586e+02 5.7100500488e+02 5.7110101318e+02 5.7119799805e+02 5.7128399658e+02 5.7136700439e+02 5.7144396973e+02 5.7152899170e+02 5.7160101318e+02 5.7167602539e+02 5.7175402832e+02 5.7182598877e+02 5.7188201904e+02 5.7195001221e+02 5.7201000977e+02 5.7207299805e+02 5.7212597656e+02 5.7219299316e+02 5.7226397705e+02 5.7231701660e+02 5.7236901855e+02 5.7242199707e+02 5.7248602295e+02 5.7256402588e+02 5.7262597656e+02 5.7269500732e+02 5.7275000000e+02 5.7280401611e+02 5.7287402344e+02 5.7293200684e+02 5.7299401855e+02 5.7305700684e+02 5.7312902832e+02 5.7319299316e+02 5.7324597168e+02 5.7333197021e+02 5.7342797852e+02 5.7352600098e+02 5.7363000488e+02 5.7371301270e+02 5.7382397461e+02 5.7394097900e+02 5.7404998779e+02 5.7414202881e+02 5.7420599365e+02
5.7061999512e+02 5.7071502686e+02 5.7080297852e+02 5.7089398193e+02 5.7098797607e+02 5.7106701660e+02 5.7115698242e+02 5.7124401855e+02 5.7132702637e+02 5.7139300537e+02 5.7147100830e+02 5.7155102539e+02 5.7162799072e+02 5.7169500732e+02 5.7176800537e+02 5.7183197021e+02 5.7187902832e+02 5.7193200684e+02 5.7200799561e+02 5.7207800293e+02 5.7213201904e+02 5.7218200684e+02 5.7223297119e+02 5.7229901123e+02 5.7237200928e+02 5.7243103027e+02 5.7250500488e+02 5.7257598877e+02 5.7264202881e+02 5.7270898438e+02 5.7276397705e+02 5.7282501221e+02 5.7288800049e+02 5.7293597412e+02 5.7299902344e+02 5.7307897949e+02 5.7319000244e+02 5.7327398682e+02 5.7336901855e+02 5.7347399902e+02 5.7355200195e+02 5.7365899658e+02 5.7376300049e+02 5.7386499023e+02 5.7396398926e+02 5.7403997803e+02
5.7040197754e+02 5.7051000977e+02 5.7059802246e+02 5.7068597412e+02 5.7077301025e+02 5.7085302734e+02 5.7094799805e+02 5.7103997803e+02 5.7113299561e+02 5.7119799805e+02 5.7127001953e+02 5.7134301758e+02 5.7141400146e+02 5.7149798584e+02 5.7157598877e+02 5.7165002441e+02 5.7170300293e+02 5.7175897217e+02 5.7182897949e+02 5.7189099121e+02 5.7194897461e+02 5.7200402832e+02 5.7205401611e+02 5.7212298584e+02 5.7219897461e+02 5.7225201416e+02 5.7231896973e+02 5.7239099121e+02 5.7246502686e+02 5.7253002930e+02 5.7259100342e+02 5.7265802002e+02 5.7271697998e+02 5.7274798584e+02 5.7281298828e+02 5.7291400146e+02 5.7303497314e+02 5.7310198975e+02 5.7319201660e+02 5.7330499268e+02 5.7338897705e+02 5.7349200439e+02 5.7358300781e+02 5.7367602539e+02 5.7377502441e+02 5.7386700439e+02
5.7016998291e+02 5.7028601074e+02 5.7038598633e+02 5.7048199463e+02 5.7056298828e+02 5.7064501953e+02 5.7074200439e+02 5.7083099365e+02 5.7092102051e+02 5.7099597168e+02 5.7108099365e+02 5.7115997314e+02 5.7121997070e+02 5.7129302979e+02 5.7136199951e+02 5.7144097900e+02 5.7152600098e+02 5.7158898926e+02 5.7165002441e+02 5.7170697021e+02 5.7177099609e+02 5.7182598877e+02 5.7188500977e+02 5.7196398926e+02 5.7204998779e+02 5.7209600830e+02 5.7215002441e+02 5.7221197510e+02 5.7228100586e+02 5.7233599854e+02 5.7240197754e+02 5.7247198486e+02 5.7252899170e+02 5.7257202148e+02 5.7264697266e+02 5.7275299072e+02 5.7285498047e+02 5.7291400146e+02 5.7299298096e+02 5.7310900879e+02 5.7320501709e+02 5.7329302979e+02 5.7339697266e+02 5.7350299072e+02 5.7360601807e+02 5.7369000244e+02
5.6997998047e+02 5.7007501221e+02 5.7016802979e+02 5.7027697754e+02 5.7037402344e+02 5.7045599365e+02 5.7054400635e+02 5.7061499023e+02 5.7070300293e+02 5.7078601074e+02 5.7087500000e+02 5.7096398926e+02 5.7103497314e+02 5.7109600830e+02 5.7116699219e+02 5.7124597168e+02 5.7132501221e+02 5.7138500977e+02 5.7144799805e+02 5.7151098633e+02 5.7157800293e+02 5.7163702393e+02 5.7169500732e+02 5.7177697754e+02 5.7185498047e+02 5.7191400146e+02 5.7197900391e+02 5.7204199219e+02 5.7210797119e+02 5.7216699219e+02 5.7223602295e+02 5.7230297852e+02 5.7235900879e+02 5.7241802979e+02 5.7250097656e+02 5.7259600830e+02 5.7268499756e+02 5.7275402832e+02 5.7281896973e+02 5.7290197754e+02 5.7299499512e+02 5.7309497070e+02 5.7319799805e+02 5.7329901123e+02 5.7340399170e+02 5.7350799561e+02
5.6979199219e+02 5.6988500977e+02 5.6996801758e+02 5.7006201172e+02 5.7017199707e+02 5.7026599121e+02 5.7035400391e+02 5.7042602539e+02 5.7051501465e+02 5.7058898926e+02 5.7065997314e+02 5.7074700928e+02 5.7082702637e+02 5.7088702393e+02 5.7096600342e+02 5.7105700684e+02 5.7113800049e+02 5.7118902588e+02 5.7125500488e+02 5.7132897949e+02 5.7140399170e+02 5.7146899414e+02 5.7153002930e+02 5.7159802246e+02 5.7165399170e+02 5.7171697998e+02 5.7178601074e+02 5.7184399414e+02 5.7191198730e+02 5.7198699951e+02 5.7206402588e+02 5.7213098145e+02 5.7218298340e+02 5.7225299072e+02 5.7233801270e+02 5.7242999268e+02 5.7252197266e+02 5.7260101318e+02 5.7265600586e+02 5.7270898438e+02 5.7278198242e+02 5.7288800049e+02 5.7300299072e+02 5.7311297607e+02 5.7322302246e+02 5.7332598877e+02
5.6957202148e+02 5.6969500732e+02 5.6978802490e+02 5.6986602783e+02 5.6996502686e+02 5.7005499268e+02 5.7014001465e+02 5.7022698975e+02 5.7033398438e+02 5.7040698242e+02 5.7046997070e+02 5.7054699707e+02 5.7061999512e+02 5.7067901611e+02 5.7076202393e+02 5.7086401367e+02 5.7095397949e+02 5.7100201416e+02 5.7107299805e+02 5.7115301514e+02 5.7122100830e+02 5.7128802490e+02 5.7136401367e+02 5.7143103027e+02 5.7146697998e+02 5.7152099609e+02 5.7159497070e+02 5.7165600586e+02 5.7172100830e+02 5.7180499268e+02 5.7187701416e+02 5.7194000244e+02 5.7200500488e+02 5.7209497070e+02 5.7218499756e+02 5.7227697754e+02 5.7236999512e+02 5.7243597412e+02 5.7247802734e+02 5.7251397705e+02 5.7257897949e+02 5.7268597412e+02 5.7280798340e+02 5.7292901611e+02 5.7303900146e+02 5.7313702393e+02
5.6933099365e+02 5.6947399902e+02 5.6959002686e+02 5.6969000244e+02 5.6978497314e+02 5.6985400391e+02 5.6992602539e+02 5.7001898193e+02 5.7014202881e+02 5.7021997070e+02 5.7029199219e+02 5.7036798096e+02 5.7043798828e+02 5.7049700928e+02 5.7057299805e+02 5.7066198730e+02 5.7073498535e+02 5.7080401611e+02 5.7089099121e+02 5.7097698975e+02 5.7103302002e+02 5.7108197021e+02 5.7115301514e+02 5.7123400879e+02 5.7129302979e+02 5.7134899902e+02 5.7143200684e+02 5.7150402832e+02 5.7156799316e+02 5.7162097168e+02 5.7166900635e+02 5.7173297119e+02 5.7182897949e+02 5.7194299316e+02 5.7204901123e+02 5.7214801025e+02 5.7224102783e+02 5.7228997803e+02 5.7232397461e+02 5.7235699463e+02 5.7242102051e+02 5.7250000000e+02 5.7260601807e+02 5.7272100830e+02 5.7284197998e+02 5.7293902588e+02
5.6923498535e+02 5.6929101563e+02 5.6935797119e+02 5.6947302246e+02 5.6960900879e+02 5.6969000244e+02 5.6976000977e+02 5.6983599854e+02 5.6993402100e+02 5.7000897217e+02 5.7009002686e+02 5.7017700195e+02 5.7025897217e+02 5.7032800293e+02 5.7040197754e+02 5.7046997070e+02 5.7053002930e+02 5.7060198975e+02 5.7069500732e+02 5.7078802490e+02 5.7086102295e+02 5.7092498779e+02 5.7097100830e+02 5.7103002930e+02 5.7109899902e+02 5.7116497803e+02 5.7125897217e+02 5.7134802246e+02 5.7140899658e+02 5.7143499756e+02 5.7147100830e+02 5.7154797363e+02 5.7164697266e+02 5.7176501465e+02 5.7189001465e+02 5.7201202393e+02 5.7210699463e+02 5.7214898682e+02 5.7217602539e+02 5.7220202637e+02 5.7224902344e+02 5.7232397461e+02 5.7242999268e+02 5.7254498291e+02 5.7266400146e+02 5.7274902344e+02
5.6912402344e+02 5.6920800781e+02 5.6921899414e+02 5.6926599121e+02 5.6938800049e+02 5.6949902344e+02 5.6959399414e+02 5.6966900635e+02 5.6974700928e+02 5.6981701660e+02 5.6989001465e+02 5.6997302246e+02 5.7006298828e+02 5.7014697266e+02 5.7022399902e+02 5.7028997803e+02 5.7035601807e+02 5.7042401123e+02 5.7050500488e+02 5.7059100342e+02 5.7067199707e+02 5.7074902344e+02 5.7080700684e+02 5.7085699463e+02 5.7091601563e+02 5.7097698975e+02 5.7107598877e+02 5.7117102051e+02 5.7122302246e+02 5.7125500488e+02 5.7131402588e+02 5.7140899658e+02 5.7151397705e+02 5.7162500000e+02 5.7174200439e+02 5.7185900879e+02 5.7194799805e+02 5.7197601318e+02 5.7200701904e+02 5.7204101563e+02 5.7208599854e+02 5.7216900635e+02 5.7226702881e+02 5.7237200928e+02 5.7248901367e+02 5.7257299805e+02
5.6886401367e+02 5.6904901123e+02 5.6909002686e+02 5.6911102295e+02 5.6918402100e+02 5.6927301025e+02 5.6937597656e+02 5.6946697998e+02 5.6955902100e+02 5.6964202881e+02 5.6971301270e+02 5.6978900146e+02 5.6987097168e+02 5.6995397949e+02 5.7003497314e+02 5.7011199951e+02 5.7019396973e+02 5.7026300049e+02 5.7033300781e+02 5.7040502930e+02 5.7048101807e+02 5.7055200195e+02 5.7062298584e+02 5.7068298340e+02 5.7074798584e+02 5.7081201172e+02 5.7090899658e+02 5.7099499512e+02 5.7103399658e+02 5.7108502197e+02 5.7116802979e+02 5.7128002930e+02 5.7139898682e+02 5.7151599121e+02 5.7161401367e+02 5.7169598389e+02 5.7176000977e+02 5.7178497314e+02 5.7182598877e+02 5.7187402344e+02 5.7192700195e+02 5.7202099609e+02 5.7210601807e+02 5.7219799805e+02 5.7231597900e+02 5.7240802002e+02
