TESTSERVER/23/19.asc
NCOLS 100
NROWS 100
XLLCORNER 8.6497500000e+03
YLLCORNER 2.8900025000e+05
CELLSIZE 5.0000000000e-01
NODATA_VALUE -9.9990000000e+03
[rows 0 to 19 of 100, columns 0 to 45 of 100]
5.8643103027e+02 5.8667602539e+02 5.8691699219e+02 5.8716497803e+02 5.8742102051e+02 5.8766900635e+02 5.8790100098e+02 5.8816900635e+02 5.8842498779e+02 5.8868798828e+02 5.8896899414e+02 5.8920599365e+02 5.8949499512e+02 5.8980999756e+02 5.9012200928e+02 5.9038201904e+02 5.9061602783e+02 5.9088702393e+02 5.9124401855e+02 5.9153100586e+02 5.9179699707e+02 5.9204199219e+02 5.9227502441e+02 5.9252899170e+02 5.9277398682e+02 5.9297601318e+02 5.9313897705e+02 5.9328601074e+02 5.9339398193e+02 5.9347497559e+02 5.9353497314e+02 5.9356500244e+02 5.9360198975e+02 5.9364697266e+02 5.9367797852e+02 5.9369500732e+02 5.9370599365e+02 5.9370697021e+02 5.9369201660e+02 5.9365698242e+02 5.9362500000e+02 5.9360601807e+02 5.9359497070e+02 5.9357897949e+02 5.9355200195e+02 5.9352197266e+02
5.8622998047e+02 5.8647900391e+02 5.8671801758e+02 5.8695898438e+02 5.8721301270e+02 5.8746502686e+02 5.8770697021e+02 5.8796997070e+02 5.8821697998e+02 5.8848400879e+02 5.8877099609e+02 5.8900402832e+02 5.8927502441e+02 5.8955999756e+02 5.8987097168e+02 5.9015997314e+02 5.9040502930e+02 5.9066601563e+02 5.9099401855e+02 5.9130200195e+02 5.9157702637e+02 5.9182098389e+02 5.9206896973e+02 5.9232598877e+02 5.9257501221e+02 5.9278601074e+02 5.9294799805e+02 5.9310198975e+02 5.9320898438e+02 5.9328302002e+02 5.9333898926e+02 5.9340197754e+02 5.9347698975e+02 5.9354199219e+02 5.9357501221e+02 5.9359698486e+02 5.9359802246e+02 5.9359197998e+02 5.9357897949e+02 5.9355603027e+02 5.9354101563e+02 5.9352301025e+02 5.9350000000e+02 5.9348101807e+02 5.9345202637e+02 5.9341302490e+02
5.8603802490e+02 5.8629199219e+02 5.8653198242e+02 5.8676599121e+02 5.8700500488e+02 5.8724597168e+02 5.8749902344e+02 5.8776800537e+02 5.8801098633e+02 5.8827502441e+02 5.8857202148e+02 5.8882897949e+02 5.8909600830e+02 5.8935699463e+02 5.8963702393e+02 5.8992401123e+02 5.9017999268e+02 5.9044299316e+02 5.9074902344e+02 5.9105297852e+02 5.9134301758e+02 5.9161199951e+02 5.9188897705e+02 5.9213098145e+02 5.9236499023e+02 5.9258300781e+02 5.9276098633e+02 5.9292102051e+02 5.9302600098e+02 5.9310699463e+02 5.9318402100e+02 5.9326800537e+02 5.9335601807e+02 5.9342797852e+02 5.9346899414e+02 5.9349401855e+02 5.9349200439e+02 5.9348999023e+02 5.9348199463e+02 5.9346002197e+02 5.9345501709e+02 5.9344097900e+02 5.9340802002e+02 5.9337597656e+02 5.9334301758e+02 5.9330297852e+02
5.8583502197e+02 5.8609002686e+02 5.8632598877e+02 5.8656799316e+02 5.8680902100e+02 5.8704400635e+02 5.8729901123e+02 5.8757897949e+02 5.8782501221e+02 5.8808001709e+02 5.8837097168e+02 5.8864398193e+02 5.8891302490e+02 5.8917498779e+02 5.8943798828e+02 5.8970098877e+02 5.8996301270e+02 5.9023999023e+02 5.9054498291e+02 5.9082501221e+02 5.9110699463e+02 5.9138299561e+02 5.9168798828e+02 5.9193798828e+02 5.9216400146e+02 5.9237799072e+02 5.9256799316e+02 5.9271899414e+02 5.9283599854e+02 5.9295300293e+02 5.9306597900e+02 5.9315197754e+02 5.9323498535e+02 5.9330999756e+02 5.9335601807e+02 5.9338000488e+02 5.9338397217e+02 5.9339001465e+02 5.9338299561e+02 5.9335699463e+02 5.9334997559e+02 5.9333697510e+02 5.9330603027e+02 5.9326800537e+02 5.9322900391e+02 5.9318902588e+02
5.8563000488e+02 5.8587097168e+02 5.8610400391e+02 5.8636798096e+02 5.8662799072e+02 5.8686602783e+02 5.8709600830e+02 5.8736999512e+02 5.8762799072e+02 5.8789099121e+02 5.8817102051e+02 5.8840600586e+02 5.8867102051e+02 5.8895697021e+02 5.8924200439e+02 5.8948199463e+02 5.8974401855e+02 5.9004302979e+02 5.9037799072e+02 5.9063098145e+02 5.9088299561e+02 5.9113500977e+02 5.9141699219e+02 5.9172399902e+02 5.9196600342e+02 5.9216802979e+02 5.9234497070e+02 5.9250097656e+02 5.9263500977e+02 5.9279199219e+02 5.9293701172e+02 5.9302398682e+02 5.9310797119e+02 5.9319097900e+02 5.9323400879e+02 5.9325701904e+02 5.9327001953e+02 5.9327099609e+02 5.9325897217e+02 5.9325097656e+02 5.9323797607e+02 5.9321697998e+02 5.9318701172e+02 5.9316400146e+02 5.9312902832e+02 5.9308599854e+02
5.8541198730e+02 5.8565698242e+02 5.8590197754e+02 5.8615301514e+02 5.8640100098e+02 5.8664501953e+02 5.8688897705e+02 5.8714202881e+02 5.8739697266e+02 5.8767602539e+02 5.8796697998e+02 5.8817901611e+02 5.8840997314e+02 5.8869799805e+02 5.8902502441e+02 5.8927801514e+02 5.8953601074e+02 5.8982202148e+02 5.9015399170e+02 5.9042602539e+02 5.9068103027e+02 5.9091802979e+02 5.9117102051e+02 5.9144598389e+02 5.9170697021e+02 5.9192498779e+02 5.9212701416e+02 5.9229602051e+02 5.9244702148e+02 5.9262597656e+02 5.9278100586e+02 5.9288000488e+02 5.9296600342e+02 5.9305603027e+02 5.9311602783e+02 5.9313800049e+02 5.9315002441e+02 5.9315301514e+02 5.9314099121e+02 5.9313098145e+02 5.9310900879e+02 5.9308197021e+02 5.9305999756e+02 5.9304901123e+02 5.9301300049e+02 5.9296697998e+02
5.8519799805e+02 5.8543200684e+02 5.8567999268e+02 5.8592797852e+02 5.8616400146e+02 5.8640997314e+02 5.8668298340e+02 5.8693597412e+02 5.8716400146e+02 5.8743298340e+02 5.8773498535e+02 5.8796697998e+02 5.8820599365e+02 5.8847698975e+02 5.8878198242e+02 5.8906799316e+02 5.8934002686e+02 5.8960998535e+02 5.8990600586e+02 5.9019097900e+02 5.9046600342e+02 5.9069897461e+02 5.9094000244e+02 5.9118597412e+02 5.9143597412e+02 5.9165698242e+02 5.9187701416e+02 5.9207202148e+02 5.9225000000e+02 5.9244396973e+02 5.9260302734e+02 5.9271197510e+02 5.9280902100e+02 5.9290399170e+02 5.9297698975e+02 5.9300598145e+02 5.9301098633e+02 5.9301397705e+02 5.9300598145e+02 5.9298602295e+02 5.9296301270e+02 5.9294598389e+02 5.9294299316e+02 5.9292901611e+02 5.9288500977e+02 5.9284002686e+02
5.8499102783e+02 5.8521801758e+02 5.8545098877e+02 5.8571997070e+02 5.8595800781e+02 5.8618597412e+02 5.8644396973e+02 5.8671697998e+02 5.8695098877e+02 5.8720098877e+02 5.8749499512e+02 5.8775201416e+02 5.8802197266e+02 5.8827600098e+02 5.8852600098e+02 5.8883099365e+02 5.8911798096e+02 5.8938800049e+02 5.8966101074e+02 5.8993701172e+02 5.9021899414e+02 5.9045599365e+02 5.9071099854e+02 5.9096301270e+02 5.9120098877e+02 5.9140698242e+02 5.9162097168e+02 5.9184002686e+02 5.9203997803e+02 5.9223602295e+02 5.9239398193e+02 5.9251702881e+02 5.9263201904e+02 5.9273498535e+02 5.9280999756e+02 5.9284802246e+02 5.9285400391e+02 5.9285998535e+02 5.9286199951e+02 5.9284997559e+02 5.9283502197e+02 5.9282501221e+02 5.9283300781e+02 5.9281597900e+02 5.9277099609e+02 5.9272998047e+02
5.8476000977e+02 5.8500799561e+02 5.8522802734e+02 5.8549798584e+02 5.8575000000e+02 5.8597900391e+02 5.8620898438e+02 5.8648797607e+02 5.8676098633e+02 5.8700701904e+02 5.8725897217e+02 5.8751098633e+02 5.8780401611e+02 5.8807800293e+02 5.8830297852e+02 5.8858599854e+02 5.8886798096e+02 5.8915698242e+02 5.8945098877e+02 5.8970397949e+02 5.8996398926e+02 5.9020501709e+02 5.9047698975e+02 5.9074102783e+02 5.9099102783e+02 5.9120001221e+02 5.9138897705e+02 5.9161199951e+02 5.9181402588e+02 5.9200598145e+02 5.9217999268e+02 5.9231298828e+02 5.9244000244e+02 5.9255102539e+02 5.9263098145e+02 5.9266998291e+02 5.9269396973e+02 5.9271197510e+02 5.9272302246e+02 5.9272497559e+02 5.9272802734e+02 5.9272100830e+02 5.9271197510e+02 5.9269702148e+02 5.9266302490e+02 5.9262902832e+02
5.8452899170e+02 5.8478698730e+02 5.8503302002e+02 5.8526202393e+02 5.8550701904e+02 5.8575201416e+02 5.8599298096e+02 5.8624798584e+02 5.8652801514e+02 5.8680499268e+02 5.8706298828e+02 5.8727301025e+02 5.8755200195e+02 5.8785302734e+02 5.8810498047e+02 5.8836297607e+02 5.8863000488e+02 5.8893597412e+02 5.8924798584e+02 5.8947497559e+02 5.8972100830e+02 5.8996398926e+02 5.9023297119e+02 5.9049102783e+02 5.9075299072e+02 5.9098999023e+02 5.9117901611e+02 5.9139001465e+02 5.9159600830e+02 5.9179302979e+02 5.9195898438e+02 5.9209698486e+02 5.9223199463e+02 5.9235601807e+02 5.9244500732e+02 5.9249298096e+02 5.9253002930e+02 5.9256701660e+02 5.9259600830e+02 5.9259899902e+02 5.9260198975e+02 5.9260302734e+02 5.9259100342e+02 5.9256597900e+02 5.9252899170e+02 5.9249499512e+02
5.8431896973e+02 5.8454699707e+02 5.8480798340e+02 5.8506097412e+02 5.8530102539e+02 5.8552899170e+02 5.8578302002e+02 5.8604602051e+02 5.8628900146e+02 5.8654998779e+02 5.8684698486e+02 5.8708001709e+02 5.8734002686e+02 5.8762799072e+02 5.8790502930e+02 5.8816900635e+02 5.8841400146e+02 5.8870397949e+02 5.8901898193e+02 5.8924700928e+02 5.8949499512e+02 5.8973602295e+02 5.8998901367e+02 5.9023999023e+02 5.9050500488e+02 5.9075799561e+02 5.9096301270e+02 5.9116802979e+02 5.9137200928e+02 5.9156597900e+02 5.9173199463e+02 5.9188098145e+02 5.9202801514e+02 5.9215899658e+02 5.9225500488e+02 5.9231701660e+02 5.9235400391e+02 5.9240002441e+02 5.9244702148e+02 5.9246099854e+02 5.9246600342e+02 5.9246899414e+02 5.9245300293e+02 5.9241998291e+02 5.9237902832e+02 5.9234698486e+02
5.8411901855e+02 5.8432702637e+02 5.8455798340e+02 5.8483801270e+02 5.8509301758e+02 5.8532202148e+02 5.8557098389e+02 5.8585601807e+02 5.8608300781e+02 5.8631298828e+02 5.8660797119e+02 5.8688800049e+02 5.8715100098e+02 5.8741601563e+02 5.8768597412e+02 5.8796197510e+02 5.8819702148e+02 5.8846099854e+02 5.8877398682e+02 5.8902801514e+02 5.8928399658e+02 5.8951501465e+02 5.8974499512e+02 5.8998999023e+02 5.9025201416e+02 5.9051397705e+02 5.9073297119e+02 5.9095098877e+02 5.9115600586e+02 5.9134600830e+02 5.9151300049e+02 5.9166900635e+02 5.9181799316e+02 5.9194702148e+02 5.9204400635e+02 5.9212500000e+02 5.9217901611e+02 5.9223199463e+02 5.9227697754e+02 5.9229199219e+02 5.9229998779e+02 5.9230401611e+02 5.9228997803e+02 5.9226501465e+02 5.9222399902e+02 5.9219000244e+02
5.8390802002e+02 5.8413598633e+02 5.8432501221e+02 5.8458398438e+02 5.8485498047e+02 5.8510797119e+02 5.8535900879e+02 5.8563201904e+02 5.8588397217e+02 5.8612799072e+02 5.8637799072e+02 5.8665802002e+02 5.8694702148e+02 5.8721002197e+02 5.8745300293e+02 5.8773602295e+02 5.8798602295e+02 5.8823901367e+02 5.8853601074e+02 5.8879901123e+02 5.8906402588e+02 5.8929302979e+02 5.8951098633e+02 5.8975299072e+02 5.9000299072e+02 5.9025299072e+02 5.9047497559e+02 5.9072302246e+02 5.9094097900e+02 5.9113098145e+02 5.9129498291e+02 5.9145697021e+02 5.9160400391e+02 5.9172601318e+02 5.9181298828e+02 5.9191699219e+02 5.9199102783e+02 5.9205200195e+02 5.9209802246e+02 5.9211499023e+02 5.9212200928e+02 5.9212799072e+02 5.9213702393e+02 5.9210699463e+02 5.9206701660e+02 5.9202398682e+02
5.8364398193e+02 5.8390002441e+02 5.8413702393e+02 5.8438800049e+02 5.8464099121e+02 5.8489099121e+02 5.8515100098e+02 5.8540600586e+02 5.8564300537e+02 5.8590399170e+02 5.8617797852e+02 5.8642700195e+02 5.8672497559e+02 5.8702398682e+02 5.8726599121e+02 5.8751898193e+02 5.8778399658e+02 5.8803802490e+02 5.8830401611e+02 5.8855499268e+02 5.8882501221e+02 5.8906201172e+02 5.8927697754e+02 5.8952099609e+02 5.8977899170e+02 5.9002600098e+02 5.9024401855e+02 5.9048498535e+02 5.9071197510e+02 5.9091302490e+02 5.9107702637e+02 5.9121197510e+02 5.9135601807e+02 5.9149597168e+02 5.9160101318e+02 5.9169097900e+02 5.9176702881e+02 5.9183801270e+02 5.9189898682e+02 5.9193499756e+02 5.9196398926e+02 5.9197399902e+02 5.9196600342e+02 5.9193597412e+02 5.9188897705e+02 5.9183801270e+02
5.8340399170e+02 5.8365002441e+02 5.8391302490e+02 5.8417602539e+02 5.8441900635e+02 5.8465802002e+02 5.8491802979e+02 5.8518701172e+02 5.8542498779e+02 5.8568701172e+02 5.8598400879e+02 5.8622198486e+02 5.8649298096e+02 5.8678698730e+02 5.8704101563e+02 5.8728601074e+02 5.8756097412e+02 5.8783001709e+02 5.8809497070e+02 5.8832598877e+02 5.8858300781e+02 5.8883001709e+02 5.8904901123e+02 5.8928698730e+02 5.8954998779e+02 5.8980200195e+02 5.9002099609e+02 5.9025897217e+02 5.9048297119e+02 5.9069598389e+02 5.9087597656e+02 5.9101202393e+02 5.9114398193e+02 5.9128100586e+02 5.9139697266e+02 5.9147698975e+02 5.9155200195e+02 5.9163299561e+02 5.9170300293e+02 5.9174499512e+02 5.9178997803e+02 5.9180798340e+02 5.9179400635e+02 5.9176898193e+02 5.9172100830e+02 5.9167199707e+02
5.8318701172e+02 5.8341400146e+02 5.8366998291e+02 5.8394396973e+02 5.8419897461e+02 5.8443499756e+02 5.8467297363e+02 5.8495800781e+02 5.8522399902e+02 5.8548797607e+02 5.8576800537e+02 5.8601000977e+02 5.8627398682e+02 5.8654797363e+02 5.8679199219e+02 5.8705102539e+02 5.8732501221e+02 5.8760198975e+02 5.8789001465e+02 5.8812200928e+02 5.8836999512e+02 5.8862200928e+02 5.8883398438e+02 5.8905200195e+02 5.8931500244e+02 5.8957098389e+02 5.8980200195e+02 5.9003601074e+02 5.9025701904e+02 5.9047698975e+02 5.9067297363e+02 5.9083197021e+02 5.9096002197e+02 5.9108801270e+02 5.9120397949e+02 5.9129400635e+02 5.9137097168e+02 5.9144097900e+02 5.9149798584e+02 5.9153302002e+02 5.9157800293e+02 5.9160498047e+02 5.9160101318e+02 5.9159002686e+02 5.9155200195e+02 5.9150799561e+02
5.8296697998e+02 5.8320098877e+02 5.8344396973e+02 5.8372198486e+02 5.8400097656e+02 5.8424597168e+02 5.8445697021e+02 5.8471997070e+02 5.8501000977e+02 5.8528802490e+02 5.8554400635e+02 5.8578002930e+02 5.8606201172e+02 5.8635198975e+02 5.8659002686e+02 5.8683502197e+02 5.8709698486e+02 5.8736401367e+02 5.8765502930e+02 5.8791998291e+02 5.8816802979e+02 5.8840600586e+02 5.8861798096e+02 5.8883099365e+02 5.8909802246e+02 5.8935900879e+02 5.8959002686e+02 5.8980902100e+02 5.9002301025e+02 5.9024499512e+02 5.9043298340e+02 5.9060101318e+02 5.9074401855e+02 5.9088702393e+02 5.9100402832e+02 5.9110699463e+02 5.9119000244e+02 5.9124200439e+02 5.9128997803e+02 5.9133697510e+02 5.9137902832e+02 5.9140399170e+02 5.9140002441e+02 5.9139599609e+02 5.9136901855e+02 5.9132501221e+02
5.8274298096e+02 5.8300000000e+02 5.8326300049e+02 5.8351300049e+02 5.8378302002e+02 5.8405102539e+02 5.8427899170e+02 5.8451098633e+02 5.8476702881e+02 5.8505102539e+02 5.8535900879e+02 5.8557000732e+02 5.8582897949e+02 5.8613800049e+02 5.8640399170e+02 5.8664099121e+02 5.8689697266e+02 5.8716998291e+02 5.8744799805e+02 5.8770898438e+02 5.8796197510e+02 5.8818402100e+02 5.8838897705e+02 5.8861999512e+02 5.8890197754e+02 5.8916400146e+02 5.8938098145e+02 5.8957800293e+02 5.8978002930e+02 5.9002001953e+02 5.9022302246e+02 5.9036798096e+02 5.9051300049e+02 5.9065997314e+02 5.9077801514e+02 5.9089398193e+02 5.9097900391e+02 5.9103497314e+02 5.9109399414e+02 5.9114300537e+02 5.9118298340e+02 5.9120397949e+02 5.9120501709e+02 5.9120599365e+02 5.9118402100e+02 5.9114898682e+02
5.8254101563e+02 5.8280297852e+02 5.8307397461e+02 5.8331298828e+02 5.8355902100e+02 5.8382397461e+02 5.8407202148e+02 5.8433001709e+02 5.8457397461e+02 5.8484497070e+02 5.8517199707e+02 5.8539697266e+02 5.8564001465e+02 5.8592602539e+02 5.8619897461e+02 5.8645599365e+02 5.8671899414e+02 5.8698901367e+02 5.8724798584e+02 5.8748901367e+02 5.8776098633e+02 5.8799298096e+02 5.8818103027e+02 5.8840698242e+02 5.8868597412e+02 5.8894396973e+02 5.8916400146e+02 5.8934899902e+02 5.8953802490e+02 5.8978002930e+02 5.8999798584e+02 5.9015698242e+02 5.9031201172e+02 5.9045599365e+02 5.9056701660e+02 5.9067700195e+02 5.9075799561e+02 5.9082598877e+02 5.9090002441e+02 5.9095001221e+02 5.9098297119e+02 5.9099700928e+02 5.9100000000e+02 5.9099902344e+02 5.9097698975e+02 5.9094799805e+02
5.8234399414e+02 5.8259197998e+02 5.8285900879e+02 5.8312298584e+02 5.8336999512e+02 5.8362298584e+02 5.8387097168e+02 5.8415301514e+02 5.8439898682e+02 5.8464801025e+02 5.8494299316e+02 5.8521301270e+02 5.8547399902e+02 5.8572698975e+02 5.8597100830e+02 5.8625799561e+02 5.8653002930e+02 5.8679699707e+02 5.8704998779e+02 5.8727001953e+02 5.8754998779e+02 5.8780902100e+02 5.8801000977e+02 5.8822302246e+02 5.8846899414e+02 5.8870202637e+02 5.8893200684e+02 5.8911700439e+02 5.8930200195e+02 5.8953900146e+02 5.8976702881e+02 5.8994897461e+02 5.9011499023e+02 5.9025500488e+02 5.9036499023e+02 5.9047100830e+02 5.9054797363e+02 5.9062298584e+02 5.9070098877e+02 5.9075000000e+02 5.9078198242e+02 5.9079199219e+02 5.9079199219e+02 5.9078802490e+02 5.9075598145e+02 5.9072601318e+02
