TESTSERVER/23/19.asc
NCOLS 100
NROWS 100
XLLCORNER 8.6497500000e+03
YLLCORNER 2.8900025000e+05
CELLSIZE 5.0000000000e-01
NODATA_VALUE -9.9990000000e+03
[rows 20 to 39 of 100, columns 0 to 45 of 100]
5.8215002441e+02 5.8240301514e+02 5.8265197754e+02 5.8293499756e+02 5.8320800781e+02 5.8344897461e+02 5.8367401123e+02 5.8394299316e+02 5.8419598389e+02 5.8445300293e+02 5.8472198486e+02 5.8499200439e+02 5.8526501465e+02 5.8553100586e+02 5.8578100586e+02 5.8604998779e+02 5.8631799316e+02 5.8659002686e+02 5.8686700439e+02 5.8707702637e+02 5.8732202148e+02 5.8757702637e+02 5.8782397461e+02 5.8805798340e+02 5.8826300049e+02 5.8846002197e+02 5.8868200684e+02 5.8888299561e+02 5.8908300781e+02 5.8932000732e+02 5.8954901123e+02 5.8973498535e+02 5.8990197754e+02 5.9004302979e+02 5.9016302490e+02 5.9026898193e+02 5.9034997559e+02 5.9043298340e+02 5.9050500488e+02 5.9054400635e+02 5.9058599854e+02 5.9060101318e+02 5.9060101318e+02 5.9059301758e+02 5.9055401611e+02 5.9051098633e+02
5.8192901611e+02 5.8220697021e+02 5.8247399902e+02 5.8272698975e+02 5.8300897217e+02 5.8326202393e+02 5.8348199463e+02 5.8373101807e+02 5.8399200439e+02 5.8426300049e+02 5.8453997803e+02 5.8477398682e+02 5.8502099609e+02 5.8531298828e+02 5.8560101318e+02 5.8585601807e+02 5.8609997559e+02 5.8636297607e+02 5.8665802002e+02 5.8689202881e+02 5.8711999512e+02 5.8733398438e+02 5.8758398438e+02 5.8785998535e+02 5.8808001709e+02 5.8827801514e+02 5.8848901367e+02 5.8868298340e+02 5.8889501953e+02 5.8913500977e+02 5.8934399414e+02 5.8950799561e+02 5.8967102051e+02 5.8982202148e+02 5.8993902588e+02 5.9005603027e+02 5.9013702393e+02 5.9022497559e+02 5.9030499268e+02 5.9034802246e+02 5.9039202881e+02 5.9040399170e+02 5.9039501953e+02 5.9038897705e+02 5.9035601807e+02 5.9031298828e+02
5.8168798828e+02 5.8195501709e+02 5.8225500488e+02 5.8251300049e+02 5.8277502441e+02 5.8303997803e+02 5.8329498291e+02 5.8353399658e+02 5.8378100586e+02 5.8404797363e+02 5.8434100342e+02 5.8458001709e+02 5.8480999756e+02 5.8508099365e+02 5.8537200928e+02 5.8564398193e+02 5.8590002441e+02 5.8615899658e+02 5.8642401123e+02 5.8665997314e+02 5.8691998291e+02 5.8715197754e+02 5.8738098145e+02 5.8763800049e+02 5.8787402344e+02 5.8808898926e+02 5.8830102539e+02 5.8849298096e+02 5.8869702148e+02 5.8891302490e+02 5.8909698486e+02 5.8925299072e+02 5.8942498779e+02 5.8958599854e+02 5.8970001221e+02 5.8982702637e+02 5.8991302490e+02 5.8999902344e+02 5.9007501221e+02 5.9012402344e+02 5.9017199707e+02 5.9018798828e+02 5.9018798828e+02 5.9017199707e+02 5.9014501953e+02 5.9011297607e+02
5.8146697998e+02 5.8170501709e+02 5.8200201416e+02 5.8231597900e+02 5.8256500244e+02 5.8280297852e+02 5.8308398438e+02 5.8333599854e+02 5.8357098389e+02 5.8382501221e+02 5.8412200928e+02 5.8435998535e+02 5.8459802246e+02 5.8485900879e+02 5.8512701416e+02 5.8539697266e+02 5.8567700195e+02 5.8594702148e+02 5.8618402100e+02 5.8640301514e+02 5.8668200684e+02 5.8695697021e+02 5.8720800781e+02 5.8743200684e+02 5.8766802979e+02 5.8789398193e+02 5.8810699463e+02 5.8830700684e+02 5.8850799561e+02 5.8869598389e+02 5.8884899902e+02 5.8900402832e+02 5.8917797852e+02 5.8934100342e+02 5.8945001221e+02 5.8958001709e+02 5.8967297363e+02 5.8976300049e+02 5.8983398438e+02 5.8988598633e+02 5.8992999268e+02 5.8994702148e+02 5.8996801758e+02 5.8994897461e+02 5.8992401123e+02 5.8989599609e+02
5.8128497314e+02 5.8150500488e+02 5.8175201416e+02 5.8210101318e+02 5.8238397217e+02 5.8259802246e+02 5.8282800293e+02 5.8313299561e+02 5.8338201904e+02 5.8362402344e+02 5.8388201904e+02 5.8411700439e+02 5.8436901855e+02 5.8464001465e+02 5.8490399170e+02 5.8515899658e+02 5.8543701172e+02 5.8571697998e+02 5.8598400879e+02 5.8619000244e+02 5.8642297363e+02 5.8668902588e+02 5.8699200439e+02 5.8723400879e+02 5.8744897461e+02 5.8765600586e+02 5.8786602783e+02 5.8809002686e+02 5.8831097412e+02 5.8850402832e+02 5.8863897705e+02 5.8878399658e+02 5.8894201660e+02 5.8909301758e+02 5.8919897461e+02 5.8932202148e+02 5.8942401123e+02 5.8952099609e+02 5.8960302734e+02 5.8964599609e+02 5.8967602539e+02 5.8969097900e+02 5.8971899414e+02 5.8971997070e+02 5.8969396973e+02 5.8966101074e+02
5.8108001709e+02 5.8132501221e+02 5.8154302979e+02 5.8183502197e+02 5.8215100098e+02 5.8240802002e+02 5.8261700439e+02 5.8289697266e+02 5.8317102051e+02 5.8341400146e+02 5.8363299561e+02 5.8387097168e+02 5.8415002441e+02 5.8441497803e+02 5.8465899658e+02 5.8492797852e+02 5.8519201660e+02 5.8544897461e+02 5.8571002197e+02 5.8595697021e+02 5.8620397949e+02 5.8643200684e+02 5.8670202637e+02 5.8696398926e+02 5.8719598389e+02 5.8739202881e+02 5.8758898926e+02 5.8781500244e+02 5.8805200195e+02 5.8827899170e+02 5.8843103027e+02 5.8855603027e+02 5.8868499756e+02 5.8882000732e+02 5.8892102051e+02 5.8903497314e+02 5.8913000488e+02 5.8923199463e+02 5.8931799316e+02 5.8936499023e+02 5.8941497803e+02 5.8944500732e+02 5.8946801758e+02 5.8948297119e+02 5.8945697021e+02 5.8942297363e+02
5.8084899902e+02 5.8111700439e+02 5.8134899902e+02 5.8158801270e+02 5.8187597656e+02 5.8216198730e+02 5.8241198730e+02 5.8266601563e+02 5.8293499756e+02 5.8320098877e+02 5.8343798828e+02 5.8364599609e+02 5.8390997314e+02 5.8417901611e+02 5.8442498779e+02 5.8469396973e+02 5.8495397949e+02 5.8520001221e+02 5.8544396973e+02 5.8570202637e+02 5.8598498535e+02 5.8621801758e+02 5.8644299316e+02 5.8667199707e+02 5.8690802002e+02 5.8713702393e+02 5.8735101318e+02 5.8756201172e+02 5.8778698730e+02 5.8800598145e+02 5.8816198730e+02 5.8828900146e+02 5.8842199707e+02 5.8854797363e+02 5.8864202881e+02 5.8875500488e+02 5.8884899902e+02 5.8895697021e+02 5.8904998779e+02 5.8908801270e+02 5.8913397217e+02 5.8917199707e+02 5.8919702148e+02 5.8921697998e+02 5.8920397949e+02 5.8918402100e+02
5.8061499023e+02 5.8087701416e+02 5.8113397217e+02 5.8135400391e+02 5.8159899902e+02 5.8188598633e+02 5.8218402100e+02 5.8244897461e+02 5.8269799805e+02 5.8295300293e+02 5.8322900391e+02 5.8345697021e+02 5.8369598389e+02 5.8394799805e+02 5.8419500732e+02 5.8445397949e+02 5.8470599365e+02 5.8495098877e+02 5.8519396973e+02 5.8543597412e+02 5.8571398926e+02 5.8595300293e+02 5.8619598389e+02 5.8642297363e+02 5.8662902832e+02 5.8684600830e+02 5.8708099365e+02 5.8729101563e+02 5.8751202393e+02 5.8771398926e+02 5.8785302734e+02 5.8797802734e+02 5.8814001465e+02 5.8828198242e+02 5.8836499023e+02 5.8846801758e+02 5.8854602051e+02 5.8864398193e+02 5.8875500488e+02 5.8880401611e+02 5.8884399414e+02 5.8888598633e+02 5.8891101074e+02 5.8893103027e+02 5.8893499756e+02 5.8893103027e+02
5.8039001465e+02 5.8063800049e+02 5.8087902832e+02 5.8113201904e+02 5.8136199951e+02 5.8162200928e+02 5.8191601563e+02 5.8219897461e+02 5.8245800781e+02 5.8269598389e+02 5.8294299316e+02 5.8320800781e+02 5.8347198486e+02 5.8371600342e+02 5.8394500732e+02 5.8420001221e+02 5.8444201660e+02 5.8468103027e+02 5.8493597412e+02 5.8520300293e+02 5.8545202637e+02 5.8566900635e+02 5.8590002441e+02 5.8618402100e+02 5.8640502930e+02 5.8657800293e+02 5.8675701904e+02 5.8696899414e+02 5.8719299316e+02 5.8739801025e+02 5.8754797363e+02 5.8767700195e+02 5.8784399414e+02 5.8799200439e+02 5.8807501221e+02 5.8816802979e+02 5.8822802734e+02 5.8829400635e+02 5.8837298584e+02 5.8846600342e+02 5.8853497314e+02 5.8860198975e+02 5.8864099121e+02 5.8865600586e+02 5.8866302490e+02 5.8865899658e+02
5.8015100098e+02 5.8042297363e+02 5.8064697266e+02 5.8090100098e+02 5.8113299561e+02 5.8137097168e+02 5.8164300537e+02 5.8193402100e+02 5.8221997070e+02 5.8248699951e+02 5.8272698975e+02 5.8294500732e+02 5.8321197510e+02 5.8348199463e+02 5.8369500732e+02 5.8393298340e+02 5.8418298340e+02 5.8442199707e+02 5.8465997314e+02 5.8491699219e+02 5.8517797852e+02 5.8540600586e+02 5.8561700439e+02 5.8586798096e+02 5.8611602783e+02 5.8631201172e+02 5.8649798584e+02 5.8670001221e+02 5.8688299561e+02 5.8703997803e+02 5.8721502686e+02 5.8736901855e+02 5.8753900146e+02 5.8770300293e+02 5.8780297852e+02 5.8788500977e+02 5.8794097900e+02 5.8799700928e+02 5.8805999756e+02 5.8814801025e+02 5.8822698975e+02 5.8830200195e+02 5.8835601807e+02 5.8836901855e+02 5.8838397217e+02 5.8839398193e+02
5.7989599609e+02 5.8017401123e+02 5.8041699219e+02 5.8066699219e+02 5.8090002441e+02 5.8113397217e+02 5.8138098145e+02 5.8166900635e+02 5.8195800781e+02 5.8223297119e+02 5.8248498535e+02 5.8270898438e+02 5.8296197510e+02 5.8323498535e+02 5.8345800781e+02 5.8368701172e+02 5.8392199707e+02 5.8415002441e+02 5.8439099121e+02 5.8463299561e+02 5.8487701416e+02 5.8510498047e+02 5.8533599854e+02 5.8558599854e+02 5.8582702637e+02 5.8601501465e+02 5.8619097900e+02 5.8642602539e+02 5.8662500000e+02 5.8677301025e+02 5.8692999268e+02 5.8707598877e+02 5.8723297119e+02 5.8738800049e+02 5.8750402832e+02 5.8759600830e+02 5.8766699219e+02 5.8773400879e+02 5.8779498291e+02 5.8787402344e+02 5.8794500732e+02 5.8801898193e+02 5.8808001709e+02 5.8809399414e+02 5.8811602783e+02 5.8813702393e+02
5.7965197754e+02 5.7990802002e+02 5.8017901611e+02 5.8042901611e+02 5.8065997314e+02 5.8090301514e+02 5.8114398193e+02 5.8140100098e+02 5.8168402100e+02 5.8196502686e+02 5.8220800781e+02 5.8246600342e+02 5.8271301270e+02 5.8295501709e+02 5.8320202637e+02 5.8344500732e+02 5.8367297363e+02 5.8388598633e+02 5.8411999512e+02 5.8436297607e+02 5.8459002686e+02 5.8480401611e+02 5.8503997803e+02 5.8529400635e+02 5.8554199219e+02 5.8573999023e+02 5.8589801025e+02 5.8611999512e+02 5.8633801270e+02 5.8651702881e+02 5.8667401123e+02 5.8680902100e+02 5.8695098877e+02 5.8707897949e+02 5.8718597412e+02 5.8728302002e+02 5.8737902832e+02 5.8747100830e+02 5.8754199219e+02 5.8760900879e+02 5.8766900635e+02 5.8773699951e+02 5.8780297852e+02 5.8782800293e+02 5.8785699463e+02 5.8788397217e+02
5.7943798828e+02 5.7967102051e+02 5.7993298340e+02 5.8020001221e+02 5.8042999268e+02 5.8067297363e+02 5.8092297363e+02 5.8114501953e+02 5.8141802979e+02 5.8171301270e+02 5.8198297119e+02 5.8220501709e+02 5.8245300293e+02 5.8268902588e+02 5.8293200684e+02 5.8318103027e+02 5.8342797852e+02 5.8364898682e+02 5.8383801270e+02 5.8407098389e+02 5.8431201172e+02 5.8454302979e+02 5.8477301025e+02 5.8496899414e+02 5.8520697021e+02 5.8544702148e+02 5.8565899658e+02 5.8582897949e+02 5.8600097656e+02 5.8618200684e+02 5.8637200928e+02 5.8652899170e+02 5.8668597412e+02 5.8682000732e+02 5.8692498779e+02 5.8699700928e+02 5.8709399414e+02 5.8720202637e+02 5.8728900146e+02 5.8734698486e+02 5.8740997314e+02 5.8746899414e+02 5.8751800537e+02 5.8757501221e+02 5.8760302734e+02 5.8761798096e+02
5.7919201660e+02 5.7942999268e+02 5.7966900635e+02 5.7995397949e+02 5.8018902588e+02 5.8042901611e+02 5.8066802979e+02 5.8089898682e+02 5.8114801025e+02 5.8141101074e+02 5.8166998291e+02 5.8192700195e+02 5.8218298340e+02 5.8243798828e+02 5.8268200684e+02 5.8290802002e+02 5.8314501953e+02 5.8339801025e+02 5.8363702393e+02 5.8383502197e+02 5.8402301025e+02 5.8423297119e+02 5.8448297119e+02 5.8469897461e+02 5.8488397217e+02 5.8509002686e+02 5.8533502197e+02 5.8556500244e+02 5.8573498535e+02 5.8589202881e+02 5.8607202148e+02 5.8620800781e+02 5.8636798096e+02 5.8653698730e+02 5.8666900635e+02 5.8675897217e+02 5.8684802246e+02 5.8694500732e+02 5.8701397705e+02 5.8707897949e+02 5.8716302490e+02 5.8722100830e+02 5.8725201416e+02 5.8731097412e+02 5.8733697510e+02 5.8734399414e+02
5.7894299316e+02 5.7920001221e+02 5.7942199707e+02 5.7969500732e+02 5.7992797852e+02 5.8018701172e+02 5.8043103027e+02 5.8065997314e+02 5.8089202881e+02 5.8112799072e+02 5.8135900879e+02 5.8162402344e+02 5.8190002441e+02 5.8215301514e+02 5.8239099121e+02 5.8263000488e+02 5.8285601807e+02 5.8310302734e+02 5.8337701416e+02 5.8360601807e+02 5.8378497314e+02 5.8396002197e+02 5.8418103027e+02 5.8441699219e+02 5.8460302734e+02 5.8479199219e+02 5.8501702881e+02 5.8525701904e+02 5.8544000244e+02 5.8559899902e+02 5.8577697754e+02 5.8590197754e+02 5.8604699707e+02 5.8620898438e+02 5.8635498047e+02 5.8647399902e+02 5.8657800293e+02 5.8668200684e+02 5.8674298096e+02 5.8679797363e+02 5.8688000488e+02 5.8694097900e+02 5.8697802734e+02 5.8703698730e+02 5.8706298828e+02 5.8707397461e+02
5.7867199707e+02 5.7894500732e+02 5.7918701172e+02 5.7946099854e+02 5.7969299316e+02 5.7994799805e+02 5.8018902588e+02 5.8041802979e+02 5.8064697266e+02 5.8087799072e+02 5.8110699463e+02 5.8133801270e+02 5.8161297607e+02 5.8187701416e+02 5.8210101318e+02 5.8235400391e+02 5.8258099365e+02 5.8281402588e+02 5.8306500244e+02 5.8331201172e+02 5.8354199219e+02 5.8373602295e+02 5.8390002441e+02 5.8409899902e+02 5.8429400635e+02 5.8449700928e+02 5.8470800781e+02 5.8494097900e+02 5.8512799072e+02 5.8529797363e+02 5.8548901367e+02 5.8563098145e+02 5.8577197266e+02 5.8590899658e+02 5.8604498291e+02 5.8617199707e+02 5.8628198242e+02 5.8639501953e+02 5.8647698975e+02 5.8653198242e+02 5.8659899902e+02 5.8665698242e+02 5.8670800781e+02 5.8676397705e+02 5.8678601074e+02 5.8679699707e+02
5.7841101074e+02 5.7867297363e+02 5.7893902588e+02 5.7920202637e+02 5.7945300293e+02 5.7968597412e+02 5.7990997314e+02 5.8016400146e+02 5.8039697266e+02 5.8063299561e+02 5.8088299561e+02 5.8109698486e+02 5.8133300781e+02 5.8159399414e+02 5.8183502197e+02 5.8206201172e+02 5.8228497314e+02 5.8252099609e+02 5.8276702881e+02 5.8297399902e+02 5.8321801758e+02 5.8345697021e+02 5.8366198730e+02 5.8382397461e+02 5.8397900391e+02 5.8415698242e+02 5.8436102295e+02 5.8460498047e+02 5.8482202148e+02 5.8501800537e+02 5.8521301270e+02 5.8538000488e+02 5.8552600098e+02 5.8564501953e+02 5.8577899170e+02 5.8589599609e+02 5.8599902344e+02 5.8610601807e+02 5.8620001221e+02 5.8625097656e+02 5.8630798340e+02 5.8636700439e+02 5.8643402100e+02 5.8648602295e+02 5.8651300049e+02 5.8653497314e+02
5.7820697021e+02 5.7843298340e+02 5.7866400146e+02 5.7892999268e+02 5.7918200684e+02 5.7943902588e+02 5.7968902588e+02 5.7992999268e+02 5.8015698242e+02 5.8037902832e+02 5.8061199951e+02 5.8085699463e+02 5.8108599854e+02 5.8131799316e+02 5.8154400635e+02 5.8178002930e+02 5.8199298096e+02 5.8221600342e+02 5.8247399902e+02 5.8268103027e+02 5.8289697266e+02 5.8310998535e+02 5.8333697510e+02 5.8354400635e+02 5.8372698975e+02 5.8390502930e+02 5.8410198975e+02 5.8428198242e+02 5.8447601318e+02 5.8468200684e+02 5.8488098145e+02 5.8505200195e+02 5.8523199463e+02 5.8538201904e+02 5.8551000977e+02 5.8563800049e+02 5.8574902344e+02 5.8584997559e+02 5.8592498779e+02 5.8597100830e+02 5.8603002930e+02 5.8608398438e+02 5.8614398193e+02 5.8621301270e+02 5.8625799561e+02 5.8628399658e+02
5.7796002197e+02 5.7820300293e+02 5.7840997314e+02 5.7865997314e+02 5.7890802002e+02 5.7917901611e+02 5.7944201660e+02 5.7967999268e+02 5.7991302490e+02 5.8013299561e+02 5.8034698486e+02 5.8058197021e+02 5.8080902100e+02 5.8103601074e+02 5.8125201416e+02 5.8149499512e+02 5.8172601318e+02 5.8195397949e+02 5.8219201660e+02 5.8239697266e+02 5.8261499023e+02 5.8281500244e+02 5.8302197266e+02 5.8323498535e+02 5.8344000244e+02 5.8363897705e+02 5.8385797119e+02 5.8403302002e+02 5.8419799805e+02 5.8437902832e+02 5.8455401611e+02 5.8470202637e+02 5.8489202881e+02 5.8506597900e+02 5.8521502686e+02 5.8536297607e+02 5.8548699951e+02 5.8559301758e+02 5.8566497803e+02 5.8571099854e+02 5.8577301025e+02 5.8582397461e+02 5.8586602783e+02 5.8592199707e+02 5.8597100830e+02 5.8599597168e+02
5.7770001221e+02 5.7796697998e+02 5.7818798828e+02 5.7841900635e+02 5.7865399170e+02 5.7891302490e+02 5.7916198730e+02 5.7941900635e+02 5.7966198730e+02 5.7988201904e+02 5.8008898926e+02 5.8030798340e+02 5.8053997803e+02 5.8077899170e+02 5.8097900391e+02 5.8119396973e+02 5.8143597412e+02 5.8167999268e+02 5.8190301514e+02 5.8210699463e+02 5.8233099365e+02 5.8253399658e+02 5.8272900391e+02 5.8292700195e+02 5.8309997559e+02 5.8328698730e+02 5.8353997803e+02 5.8376397705e+02 5.8394500732e+02 5.8411700439e+02 5.8428198242e+02 5.8440997314e+02 5.8457800293e+02 5.8474200439e+02 5.8489599609e+02 5.8505297852e+02 5.8518701172e+02 5.8530798340e+02 5.8540197754e+02 5.8545697021e+02 5.8552197266e+02 5.8558300781e+02 5.8561499023e+02 5.8564801025e+02 5.8568103027e+02 5.8569201660e+02
