TESTSERVER/23/2.asc
NCOLS 100
NROWS 100
XLLCORNER 8.6497500000e+03
YLLCORNER 2.8985025000e+05
CELLSIZE 5.0000000000e-01
NODATA_VALUE -9.9990000000e+03
[rows 40 to 59 of 100, columns 0 to 45 of 100]
8.1311401367e+02 8.1328997803e+02 8.1346801758e+02 8.1361798096e+02 8.1373901367e+02 8.1384301758e+02 8.1396697998e+02 8.1412097168e+02 8.1431402588e+02 8.1449102783e+02 8.1468798828e+02 8.1490698242e+02 8.1515899658e+02 8.1538299561e+02 8.1556701660e+02 8.1574902344e+02 8.1594702148e+02 8.1611199951e+02 8.1624200439e+02 8.1637500000e+02 8.1654302979e+02 8.1674798584e+02 8.1695501709e+02 8.1717297363e+02 8.1741400146e+02 8.1763897705e+02 8.1785101318e+02 8.1805401611e+02 8.1828198242e+02 8.1853802490e+02 8.1877697754e+02 8.1905102539e+02 8.1932702637e+02 8.1947399902e+02 8.1955999756e+02 8.1972802734e+02 8.1996697998e+02 8.2022601318e+02 8.2044000244e+02 8.2063000488e+02 8.2080902100e+02 8.2095300293e+02 8.2110198975e+02 8.2128601074e+02 8.2149902344e+02 8.2167999268e+02
8.1283001709e+02 8.1299700928e+02 8.1316198730e+02 8.1332702637e+02 8.1347900391e+02 8.1359497070e+02 8.1371697998e+02 8.1385797119e+02 8.1401300049e+02 8.1418200684e+02 8.1437402344e+02 8.1458398438e+02 8.1481799316e+02 8.1504101563e+02 8.1522198486e+02 8.1539398193e+02 8.1557501221e+02 8.1574700928e+02 8.1588897705e+02 8.1602697754e+02 8.1619097900e+02 8.1639300537e+02 8.1660302734e+02 8.1682397461e+02 8.1705798340e+02 8.1729498291e+02 8.1753302002e+02 8.1776898193e+02 8.1800000000e+02 8.1821002197e+02 8.1841198730e+02 8.1862902832e+02 8.1886700439e+02 8.1905603027e+02 8.1922302246e+02 8.1941302490e+02 8.1964697266e+02 8.1988201904e+02 8.2012097168e+02 8.2034002686e+02 8.2050201416e+02 8.2061700439e+02 8.2074102783e+02 8.2089300537e+02 8.2107598877e+02 8.2125701904e+02
8.1254699707e+02 8.1270599365e+02 8.1287402344e+02 8.1307202148e+02 8.1322802734e+02 8.1333898926e+02 8.1345697021e+02 8.1358001709e+02 8.1371197510e+02 8.1387701416e+02 8.1405999756e+02 8.1426098633e+02 8.1448297119e+02 8.1469500732e+02 8.1486199951e+02 8.1501898193e+02 8.1518798828e+02 8.1534600830e+02 8.1548901367e+02 8.1564001465e+02 8.1583197021e+02 8.1605401611e+02 8.1627197266e+02 8.1649298096e+02 8.1670599365e+02 8.1693798828e+02 8.1720898438e+02 8.1748797607e+02 8.1773602295e+02 8.1791101074e+02 8.1806500244e+02 8.1822497559e+02 8.1843402100e+02 8.1865997314e+02 8.1885699463e+02 8.1906799316e+02 8.1930999756e+02 8.1954797363e+02 8.1979998779e+02 8.2002697754e+02 8.2019299316e+02 8.2031402588e+02 8.2044097900e+02 8.2058300781e+02 8.2075299072e+02 8.2093200684e+02
8.1223797607e+02 8.1242102051e+02 8.1259197998e+02 8.1278497314e+02 8.1294396973e+02 8.1306097412e+02 8.1318200684e+02 8.1329498291e+02 8.1341699219e+02 8.1358300781e+02 8.1376098633e+02 8.1395501709e+02 8.1416900635e+02 8.1436798096e+02 8.1451599121e+02 8.1465600586e+02 8.1482299805e+02 8.1496099854e+02 8.1509197998e+02 8.1524499512e+02 8.1546600342e+02 8.1571502686e+02 8.1594201660e+02 8.1616302490e+02 8.1635699463e+02 8.1656402588e+02 8.1684497070e+02 8.1715698242e+02 8.1744201660e+02 8.1761999512e+02 8.1774700928e+02 8.1786602783e+02 8.1804498291e+02 8.1826702881e+02 8.1846398926e+02 8.1868798828e+02 8.1896301270e+02 8.1922399902e+02 8.1948602295e+02 8.1971301270e+02 8.1988098145e+02 8.2002301025e+02 8.2016400146e+02 8.2030499268e+02 8.2046697998e+02 8.2061999512e+02
8.1188201904e+02 8.1210601807e+02 8.1229699707e+02 8.1244396973e+02 8.1258502197e+02 8.1275097656e+02 8.1288800049e+02 8.1300402832e+02 8.1312500000e+02 8.1329498291e+02 8.1347302246e+02 8.1366601563e+02 8.1390002441e+02 8.1406799316e+02 8.1419500732e+02 8.1432202148e+02 8.1449597168e+02 8.1463897705e+02 8.1475799561e+02 8.1489001465e+02 8.1508398438e+02 8.1534197998e+02 8.1557202148e+02 8.1580102539e+02 8.1602197266e+02 8.1620300293e+02 8.1645800781e+02 8.1676397705e+02 8.1707598877e+02 8.1729797363e+02 8.1744598389e+02 8.1756402588e+02 8.1771301270e+02 8.1785998535e+02 8.1804797363e+02 8.1829302979e+02 8.1860498047e+02 8.1893103027e+02 8.1920501709e+02 8.1941302490e+02 8.1956201172e+02 8.1973602295e+02 8.1988702393e+02 8.2001800537e+02 8.2014202881e+02 8.2028399658e+02
8.1157202148e+02 8.1177301025e+02 8.1195098877e+02 8.1210797119e+02 8.1226300049e+02 8.1242700195e+02 8.1257202148e+02 8.1270397949e+02 8.1284100342e+02 8.1301098633e+02 8.1319097900e+02 8.1338000488e+02 8.1357598877e+02 8.1372698975e+02 8.1385900879e+02 8.1399700928e+02 8.1417297363e+02 8.1435699463e+02 8.1449902344e+02 8.1459698486e+02 8.1474902344e+02 8.1495800781e+02 8.1516900635e+02 8.1539398193e+02 8.1563702393e+02 8.1589501953e+02 8.1616497803e+02 8.1642297363e+02 8.1671099854e+02 8.1694500732e+02 8.1710400391e+02 8.1723101807e+02 8.1734899902e+02 8.1747802734e+02 8.1767297363e+02 8.1793798828e+02 8.1825897217e+02 8.1861102295e+02 8.1890502930e+02 8.1910998535e+02 8.1925701904e+02 8.1943701172e+02 8.1958197021e+02 8.1968701172e+02 8.1977899170e+02 8.1994000244e+02
8.1133001709e+02 8.1151800537e+02 8.1165802002e+02 8.1181500244e+02 8.1196801758e+02 8.1210797119e+02 8.1224298096e+02 8.1238702393e+02 8.1255499268e+02 8.1274298096e+02 8.1292602539e+02 8.1310998535e+02 8.1328198242e+02 8.1342199707e+02 8.1354797363e+02 8.1367297363e+02 8.1383197021e+02 8.1401300049e+02 8.1416699219e+02 8.1428100586e+02 8.1443701172e+02 8.1463702393e+02 8.1483697510e+02 8.1504998779e+02 8.1528698730e+02 8.1560601807e+02 8.1593701172e+02 8.1619799805e+02 8.1639501953e+02 8.1659399414e+02 8.1674902344e+02 8.1688000488e+02 8.1700897217e+02 8.1714001465e+02 8.1734301758e+02 8.1762097168e+02 8.1793597412e+02 8.1825701904e+02 8.1854998779e+02 8.1876898193e+02 8.1893402100e+02 8.1910198975e+02 8.1923999023e+02 8.1934100342e+02 8.1943103027e+02 8.1960198975e+02
8.1106500244e+02 8.1124298096e+02 8.1139599609e+02 8.1158502197e+02 8.1171301270e+02 8.1180700684e+02 8.1192797852e+02 8.1208099365e+02 8.1227301025e+02 8.1247601318e+02 8.1266302490e+02 8.1284301758e+02 8.1301397705e+02 8.1315502930e+02 8.1325097656e+02 8.1333801270e+02 8.1345098877e+02 8.1356097412e+02 8.1372998047e+02 8.1392199707e+02 8.1414697266e+02 8.1436199951e+02 8.1456402588e+02 8.1477398682e+02 8.1499700928e+02 8.1530700684e+02 8.1566400146e+02 8.1594799805e+02 8.1608697510e+02 8.1624401855e+02 8.1640002441e+02 8.1654901123e+02 8.1670098877e+02 8.1684197998e+02 8.1705297852e+02 8.1734197998e+02 8.1766497803e+02 8.1795300293e+02 8.1821197510e+02 8.1841802979e+02 8.1858898926e+02 8.1874200439e+02 8.1886700439e+02 8.1897302246e+02 8.1907897949e+02 8.1925097656e+02
8.1073797607e+02 8.1090802002e+02 8.1113000488e+02 8.1133801270e+02 8.1147302246e+02 8.1152899170e+02 8.1164099121e+02 8.1179901123e+02 8.1201702881e+02 8.1221801758e+02 8.1240600586e+02 8.1257598877e+02 8.1273797607e+02 8.1287097168e+02 8.1294799805e+02 8.1301599121e+02 8.1309002686e+02 8.1318902588e+02 8.1338098145e+02 8.1363000488e+02 8.1388000488e+02 8.1410900879e+02 8.1433398438e+02 8.1454797363e+02 8.1475500488e+02 8.1498901367e+02 8.1527502441e+02 8.1553900146e+02 8.1571301270e+02 8.1588000488e+02 8.1604901123e+02 8.1623297119e+02 8.1644299316e+02 8.1659100342e+02 8.1680499268e+02 8.1711602783e+02 8.1747302246e+02 8.1771801758e+02 8.1792401123e+02 8.1806896973e+02 8.1821099854e+02 8.1837597656e+02 8.1849102783e+02 8.1860400391e+02 8.1871502686e+02 8.1890399170e+02
8.1044799805e+02 8.1059899902e+02 8.1078002930e+02 8.1092901611e+02 8.1106402588e+02 8.1119702148e+02 8.1134802246e+02 8.1153302002e+02 8.1174200439e+02 8.1193902588e+02 8.1212597656e+02 8.1228997803e+02 8.1242102051e+02 8.1253497314e+02 8.1263800049e+02 8.1274102783e+02 8.1284899902e+02 8.1295397949e+02 8.1312799072e+02 8.1334899902e+02 8.1357702637e+02 8.1381298828e+02 8.1404901123e+02 8.1427001953e+02 8.1448400879e+02 8.1468200684e+02 8.1488500977e+02 8.1509301758e+02 8.1529797363e+02 8.1548797607e+02 8.1568902588e+02 8.1591101074e+02 8.1615502930e+02 8.1636297607e+02 8.1658398438e+02 8.1688000488e+02 8.1717498779e+02 8.1743200684e+02 8.1765802002e+02 8.1779699707e+02 8.1790899658e+02 8.1805603027e+02 8.1818298340e+02 8.1831701660e+02 8.1845300293e+02 8.1863897705e+02
8.1014300537e+02 8.1029400635e+02 8.1042401123e+02 8.1053698730e+02 8.1068200684e+02 8.1085198975e+02 8.1103002930e+02 8.1123199463e+02 8.1143499756e+02 8.1162200928e+02 8.1181500244e+02 8.1198699951e+02 8.1211999512e+02 8.1224298096e+02 8.1236401367e+02 8.1248699951e+02 8.1262200928e+02 8.1273602295e+02 8.1289801025e+02 8.1309899902e+02 8.1330902100e+02 8.1353002930e+02 8.1374700928e+02 8.1395501709e+02 8.1416699219e+02 8.1435400391e+02 8.1452801514e+02 8.1471502686e+02 8.1492797852e+02 8.1514801025e+02 8.1538299561e+02 8.1563098145e+02 8.1588800049e+02 8.1611700439e+02 8.1632501221e+02 8.1655999756e+02 8.1679998779e+02 8.1705200195e+02 8.1730200195e+02 8.1750500488e+02 8.1767700195e+02 8.1782397461e+02 8.1797100830e+02 8.1812097168e+02 8.1825097656e+02 8.1837597656e+02
8.0980297852e+02 8.0995697021e+02 8.1010101318e+02 8.1023101807e+02 8.1036401367e+02 8.1051300049e+02 8.1068103027e+02 8.1087402344e+02 8.1108697510e+02 8.1129302979e+02 8.1149902344e+02 8.1168597412e+02 8.1184197998e+02 8.1197998047e+02 8.1210601807e+02 8.1223101807e+02 8.1237500000e+02 8.1253002930e+02 8.1270501709e+02 8.1289801025e+02 8.1308398438e+02 8.1327502441e+02 8.1346197510e+02 8.1364099121e+02 8.1383502197e+02 8.1402600098e+02 8.1420098877e+02 8.1439099121e+02 8.1462298584e+02 8.1486901855e+02 8.1512298584e+02 8.1538201904e+02 8.1564202881e+02 8.1586102295e+02 8.1603997803e+02 8.1624401855e+02 8.1648699951e+02 8.1674798584e+02 8.1700097656e+02 8.1725097656e+02 8.1747900391e+02 8.1761999512e+02 8.1778002930e+02 8.1794598389e+02 8.1806896973e+02 8.1814398193e+02
8.0945800781e+02 8.0955200195e+02 8.0972497559e+02 8.0991900635e+02 8.1007299805e+02 8.1020202637e+02 8.1033898926e+02 8.1049597168e+02 8.1069897461e+02 8.1096301270e+02 8.1119299316e+02 8.1139697266e+02 8.1157000732e+02 8.1172399902e+02 8.1183801270e+02 8.1194396973e+02 8.1207598877e+02 8.1226898193e+02 8.1246502686e+02 8.1266198730e+02 8.1286798096e+02 8.1303698730e+02 8.1319396973e+02 8.1334802246e+02 8.1352801514e+02 8.1373101807e+02 8.1392199707e+02 8.1413098145e+02 8.1438201904e+02 8.1463397217e+02 8.1488098145e+02 8.1512799072e+02 8.1537701416e+02 8.1557501221e+02 8.1575799561e+02 8.1598699951e+02 8.1624597168e+02 8.1650799561e+02 8.1677697754e+02 8.1702600098e+02 8.1722497559e+02 8.1738000488e+02 8.1753198242e+02 8.1769500732e+02 8.1783398438e+02 8.1794000244e+02
8.0913000488e+02 8.0922399902e+02 8.0935998535e+02 8.0952301025e+02 8.0969201660e+02 8.0987701416e+02 8.1005102539e+02 8.1021197510e+02 8.1040399170e+02 8.1065100098e+02 8.1088397217e+02 8.1109100342e+02 8.1128100586e+02 8.1143499756e+02 8.1154498291e+02 8.1164599609e+02 8.1178100586e+02 8.1197198486e+02 8.1217901611e+02 8.1239599609e+02 8.1260699463e+02 8.1277899170e+02 8.1294299316e+02 8.1311700439e+02 8.1330603027e+02 8.1351898193e+02 8.1372302246e+02 8.1392901611e+02 8.1416101074e+02 8.1439398193e+02 8.1462097168e+02 8.1484301758e+02 8.1505499268e+02 8.1528900146e+02 8.1553198242e+02 8.1576800537e+02 8.1599798584e+02 8.1624798584e+02 8.1650097656e+02 8.1672998047e+02 8.1693298340e+02 8.1710198975e+02 8.1725299072e+02 8.1739801025e+02 8.1755401611e+02 8.1772399902e+02
8.0879602051e+02 8.0891497803e+02 8.0902899170e+02 8.0915899658e+02 8.0932598877e+02 8.0956597900e+02 8.0979699707e+02 8.0998797607e+02 8.1015197754e+02 8.1036602783e+02 8.1058502197e+02 8.1078802490e+02 8.1098400879e+02 8.1114001465e+02 8.1126000977e+02 8.1136602783e+02 8.1150097656e+02 8.1170599365e+02 8.1192999268e+02 8.1215997314e+02 8.1236602783e+02 8.1255102539e+02 8.1273498535e+02 8.1292700195e+02 8.1313598633e+02 8.1336401367e+02 8.1356097412e+02 8.1374700928e+02 8.1394000244e+02 8.1415802002e+02 8.1437902832e+02 8.1458502197e+02 8.1474798584e+02 8.1500299072e+02 8.1530200195e+02 8.1554901123e+02 8.1575500488e+02 8.1597900391e+02 8.1621600342e+02 8.1645098877e+02 8.1666198730e+02 8.1683697510e+02 8.1698498535e+02 8.1711798096e+02 8.1726300049e+02 8.1745697021e+02
8.0850201416e+02 8.0861297607e+02 8.0871697998e+02 8.0884002686e+02 8.0900598145e+02 8.0927197266e+02 8.0954400635e+02 8.0976098633e+02 8.0991101074e+02 8.1010302734e+02 8.1030603027e+02 8.1050299072e+02 8.1069799805e+02 8.1086499023e+02 8.1100500488e+02 8.1111999512e+02 8.1124298096e+02 8.1146801758e+02 8.1171002197e+02 8.1194799805e+02 8.1214599609e+02 8.1234899902e+02 8.1255401611e+02 8.1276000977e+02 8.1298699951e+02 8.1321600342e+02 8.1339599609e+02 8.1355603027e+02 8.1371697998e+02 8.1393402100e+02 8.1416302490e+02 8.1436401367e+02 8.1450299072e+02 8.1472302246e+02 8.1501397705e+02 8.1528100586e+02 8.1550598145e+02 8.1570098877e+02 8.1592401123e+02 8.1616699219e+02 8.1639001465e+02 8.1656896973e+02 8.1671398926e+02 8.1683898926e+02 8.1696997070e+02 8.1714001465e+02
8.0831201172e+02 8.0835198975e+02 8.0844299316e+02 8.0856500244e+02 8.0872802734e+02 8.0901800537e+02 8.0929199219e+02 8.0949798584e+02 8.0966601563e+02 8.0986199951e+02 8.1005902100e+02 8.1025000000e+02 8.1044097900e+02 8.1059899902e+02 8.1077502441e+02 8.1091601563e+02 8.1100299072e+02 8.1122802734e+02 8.1146899414e+02 8.1170800781e+02 8.1192999268e+02 8.1215802002e+02 8.1238397217e+02 8.1259802246e+02 8.1281799316e+02 8.1300701904e+02 8.1317297363e+02 8.1333099365e+02 8.1347698975e+02 8.1370300293e+02 8.1394201660e+02 8.1415301514e+02 8.1433599854e+02 8.1448797607e+02 8.1468701172e+02 8.1493298340e+02 8.1519201660e+02 8.1539398193e+02 8.1560400391e+02 8.1583898926e+02 8.1607397461e+02 8.1626300049e+02 8.1641497803e+02 8.1654602051e+02 8.1666998291e+02 8.1679101563e+02
8.0801501465e+02 8.0813702393e+02 8.0822998047e+02 8.0833099365e+02 8.0853002930e+02 8.0883398438e+02 8.0906799316e+02 8.0924700928e+02 8.0945800781e+02 8.0967401123e+02 8.0986102295e+02 8.1001599121e+02 8.1014898682e+02 8.1026599121e+02 8.1045800781e+02 8.1065399170e+02 8.1076800537e+02 8.1096099854e+02 8.1118402100e+02 8.1142901611e+02 8.1168597412e+02 8.1193499756e+02 8.1216802979e+02 8.1237701416e+02 8.1256799316e+02 8.1275097656e+02 8.1292199707e+02 8.1308502197e+02 8.1323602295e+02 8.1343597412e+02 8.1365600586e+02 8.1386798096e+02 8.1405102539e+02 8.1422900391e+02 8.1441400146e+02 8.1462298584e+02 8.1486499023e+02 8.1509002686e+02 8.1529998779e+02 8.1550598145e+02 8.1572998047e+02 8.1592700195e+02 8.1607800293e+02 8.1621002197e+02 8.1634698486e+02 8.1649298096e+02
8.0769702148e+02 8.0788500977e+02 8.0806597900e+02 8.0821301270e+02 8.0838500977e+02 8.0863299561e+02 8.0883398438e+02 8.0903002930e+02 8.0929302979e+02 8.0951898193e+02 8.0968597412e+02 8.0979998779e+02 8.0988397217e+02 8.0996997070e+02 8.1013800049e+02 8.1035302734e+02 8.1051300049e+02 8.1067901611e+02 8.1088800049e+02 8.1113500977e+02 8.1140899658e+02 8.1167102051e+02 8.1190600586e+02 8.1211102295e+02 8.1229498291e+02 8.1248699951e+02 8.1266900635e+02 8.1283599854e+02 8.1298400879e+02 8.1315502930e+02 8.1334899902e+02 8.1355102539e+02 8.1374902344e+02 8.1394897461e+02 8.1413598633e+02 8.1433001709e+02 8.1454797363e+02 8.1478302002e+02 8.1499499512e+02 8.1519396973e+02 8.1541101074e+02 8.1559899902e+02 8.1573797607e+02 8.1587097168e+02 8.1602398682e+02 8.1618798828e+02
8.0740002441e+02 8.0763500977e+02 8.0792199707e+02 8.0815899658e+02 8.0828601074e+02 8.0845001221e+02 8.0861700439e+02 8.0882598877e+02 8.0910998535e+02 8.0933300781e+02 8.0947900391e+02 8.0956298828e+02 8.0961297607e+02 8.0970300293e+02 8.0985101318e+02 8.1006097412e+02 8.1025402832e+02 8.1039697266e+02 8.1058898926e+02 8.1082897949e+02 8.1110998535e+02 8.1137902832e+02 8.1161199951e+02 8.1181402588e+02 8.1200299072e+02 8.1220800781e+02 8.1239801025e+02 8.1257000732e+02 8.1271600342e+02 8.1285900879e+02 8.1303002930e+02 8.1322399902e+02 8.1342602539e+02 8.1362500000e+02 8.1381799316e+02 8.1401501465e+02 8.1423400879e+02 8.1446099854e+02 8.1467700195e+02 8.1488702393e+02 8.1510699463e+02 8.1527099609e+02 8.1539599609e+02 8.1553302002e+02 8.1570898438e+02 8.1587799072e+02
