TESTSERVER/23/2.asc
NCOLS 100
NROWS 100
XLLCORNER 8.6497500000e+03
YLLCORNER 2.8985025000e+05
CELLSIZE 5.0000000000e-01
NODATA_VALUE -9.9990000000e+03
[rows 20 to 39 of 100, columns 46 to 91 of 100]
8.2815301514e+02 8.2826397705e+02 8.2843402100e+02 8.2868200684e+02 8.2894702148e+02 8.2924902344e+02 8.2960998535e+02 8.2981597900e+02 8.2994598389e+02 8.3002099609e+02 8.3007897949e+02 8.3016497803e+02 8.3030902100e+02 8.3046398926e+02 8.3060998535e+02 8.3076000977e+02 8.3092297363e+02 8.3108502197e+02 8.3123999023e+02 8.3137200928e+02 8.3146099854e+02 8.3151501465e+02 8.3156799316e+02 8.3152502441e+02 8.3149298096e+02 8.3152001953e+02 8.3159997559e+02 8.3169897461e+02 8.3176300049e+02 8.3181597900e+02 8.3185101318e+02 8.3178601074e+02 8.3175000000e+02 8.3176300049e+02 8.3186499023e+02 8.3201501465e+02 8.3219396973e+02 8.3242602539e+02 8.3262500000e+02 8.3260198975e+02 8.3259997559e+02 8.3271502686e+02 8.3277697754e+02 8.3278497314e+02 8.3284399414e+02 8.3286499023e+02
8.2833197021e+02 8.2844097900e+02 8.2852697754e+02 8.2861602783e+02 8.2877099609e+02 8.2904699707e+02 8.2937799072e+02 8.2953601074e+02 8.2964501953e+02 8.2971899414e+02 8.2977801514e+02 8.2987402344e+02 8.3001202393e+02 8.3017401123e+02 8.3035400391e+02 8.3053601074e+02 8.3070300293e+02 8.3084802246e+02 8.3096600342e+02 8.3106201172e+02 8.3114398193e+02 8.3121301270e+02 8.3129901123e+02 8.3130499268e+02 8.3124200439e+02 8.3120098877e+02 8.3122900391e+02 8.3129901123e+02 8.3137200928e+02 8.3141699219e+02 8.3146697998e+02 8.3151898193e+02 8.3159899902e+02 8.3160302734e+02 8.3165301514e+02 8.3174298096e+02 8.3186297607e+02 8.3207702637e+02 8.3228900146e+02 8.3226599121e+02 8.3226397705e+02 8.3236102295e+02 8.3246502686e+02 8.3249798584e+02 8.3259002686e+02 8.3267401123e+02
8.2838897705e+02 8.2856500244e+02 8.2858502197e+02 8.2850701904e+02 8.2857501221e+02 8.2881097412e+02 8.2909899902e+02 8.2923101807e+02 8.2933197021e+02 8.2940600586e+02 8.2947601318e+02 8.2958697510e+02 8.2973199463e+02 8.2990002441e+02 8.3009497070e+02 8.3029498291e+02 8.3045397949e+02 8.3057897949e+02 8.3066302490e+02 8.3073498535e+02 8.3080902100e+02 8.3088201904e+02 8.3096502686e+02 8.3098101807e+02 8.3094897461e+02 8.3092700195e+02 8.3096197510e+02 8.3100799561e+02 8.3107702637e+02 8.3114001465e+02 8.3118103027e+02 8.3133801270e+02 8.3161102295e+02 8.3159802246e+02 8.3148797607e+02 8.3157897949e+02 8.3170300293e+02 8.3180297852e+02 8.3192700195e+02 8.3195800781e+02 8.3197698975e+02 8.3200201416e+02 8.3212097168e+02 8.3221600342e+02 8.3234002686e+02 8.3246502686e+02
8.2797698975e+02 8.2819097900e+02 8.2829498291e+02 8.2822100830e+02 8.2827502441e+02 8.2849597168e+02 8.2876000977e+02 8.2889599609e+02 8.2900000000e+02 8.2908599854e+02 8.2917498779e+02 8.2930200195e+02 8.2945697021e+02 8.2963201904e+02 8.2983398438e+02 8.3003100586e+02 8.3017602539e+02 8.3027600098e+02 8.3033197021e+02 8.3038299561e+02 8.3044799805e+02 8.3052398682e+02 8.3059497070e+02 8.3061499023e+02 8.3063897705e+02 8.3067700195e+02 8.3075402832e+02 8.3080200195e+02 8.3086798096e+02 8.3095501709e+02 8.3098297119e+02 8.3108697510e+02 8.3143798828e+02 8.3146502686e+02 8.3129498291e+02 8.3143701172e+02 8.3169702148e+02 8.3174798584e+02 8.3170397949e+02 8.3174597168e+02 8.3180798340e+02 8.3183398438e+02 8.3188201904e+02 8.3194396973e+02 8.3206201172e+02 8.3220800781e+02
8.2749499512e+02 8.2771502686e+02 8.2782299805e+02 8.2783697510e+02 8.2793902588e+02 8.2814898682e+02 8.2838598633e+02 8.2852899170e+02 8.2864099121e+02 8.2875000000e+02 8.2886999512e+02 8.2901599121e+02 8.2918200684e+02 8.2936499023e+02 8.2957098389e+02 8.2975701904e+02 8.2988299561e+02 8.2996099854e+02 8.3000500488e+02 8.3002502441e+02 8.3008300781e+02 8.3015802002e+02 8.3023297119e+02 8.3029199219e+02 8.3034997559e+02 8.3041198730e+02 8.3051202393e+02 8.3060400391e+02 8.3069201660e+02 8.3078997803e+02 8.3081201172e+02 8.3078497314e+02 8.3091198730e+02 8.3097497559e+02 8.3094598389e+02 8.3110498047e+02 8.3155700684e+02 8.3169201660e+02 8.3155798340e+02 8.3158502197e+02 8.3167401123e+02 8.3174798584e+02 8.3176501465e+02 8.3172601318e+02 8.3178900146e+02 8.3194799805e+02
8.2710302734e+02 8.2734100342e+02 8.2746899414e+02 8.2752398682e+02 8.2766101074e+02 8.2788201904e+02 8.2807000732e+02 8.2817498779e+02 8.2829498291e+02 8.2842102051e+02 8.2857501221e+02 8.2874700928e+02 8.2892797852e+02 8.2911297607e+02 8.2930200195e+02 8.2946301270e+02 8.2956500244e+02 8.2961798096e+02 8.2963397217e+02 8.2966400146e+02 8.2972100830e+02 8.2979998779e+02 8.2990100098e+02 8.3000500488e+02 8.3008300781e+02 8.3012701416e+02 8.3020599365e+02 8.3029699707e+02 8.3040502930e+02 8.3051898193e+02 8.3053399658e+02 8.3051300049e+02 8.3058197021e+02 8.3064202881e+02 8.3067401123e+02 8.3089202881e+02 8.3142199707e+02 8.3163800049e+02 8.3144000244e+02 8.3144299316e+02 8.3153002930e+02 8.3160198975e+02 8.3158599854e+02 8.3157800293e+02 8.3162200928e+02 8.3179101563e+02
8.2667297363e+02 8.2689300537e+02 8.2705999756e+02 8.2715301514e+02 8.2731597900e+02 8.2753900146e+02 8.2770202637e+02 8.2781799316e+02 8.2796002197e+02 8.2810900879e+02 8.2828900146e+02 8.2849298096e+02 8.2869000244e+02 8.2887701416e+02 8.2904101563e+02 8.2915802002e+02 8.2922497559e+02 8.2924902344e+02 8.2925598145e+02 8.2929901123e+02 8.2936798096e+02 8.2946099854e+02 8.2958197021e+02 8.2969396973e+02 8.2978802490e+02 8.2984197998e+02 8.2989398193e+02 8.2995202637e+02 8.3006701660e+02 8.3019598389e+02 8.3025500488e+02 8.3030603027e+02 8.3038702393e+02 8.3044299316e+02 8.3047802734e+02 8.3068402100e+02 8.3120300293e+02 8.3145098877e+02 8.3127697754e+02 8.3121600342e+02 8.3126098633e+02 8.3133801270e+02 8.3137200928e+02 8.3141302490e+02 8.3146099854e+02 8.3158197021e+02
8.2633502197e+02 8.2653399658e+02 8.2667297363e+02 8.2672998047e+02 8.2687097168e+02 8.2708197021e+02 8.2728497314e+02 8.2745300293e+02 8.2762799072e+02 8.2780401611e+02 8.2800897217e+02 8.2824200439e+02 8.2845501709e+02 8.2864300537e+02 8.2879199219e+02 8.2887402344e+02 8.2890698242e+02 8.2890197754e+02 8.2890100098e+02 8.2896197510e+02 8.2904797363e+02 8.2915698242e+02 8.2927899170e+02 8.2937402344e+02 8.2949499512e+02 8.2959301758e+02 8.2964300537e+02 8.2967498779e+02 8.2978399658e+02 8.2992102051e+02 8.3001702881e+02 8.3008300781e+02 8.3015197754e+02 8.3023498535e+02 8.3033898926e+02 8.3052600098e+02 8.3092797852e+02 8.3114202881e+02 8.3103497314e+02 8.3093402100e+02 8.3095898438e+02 8.3107397461e+02 8.3116998291e+02 8.3127301025e+02 8.3135601807e+02 8.3144000244e+02
8.2600299072e+02 8.2618597412e+02 8.2630700684e+02 8.2631799316e+02 8.2638702393e+02 8.2659802246e+02 8.2687402344e+02 8.2710198975e+02 8.2730200195e+02 8.2749700928e+02 8.2771600342e+02 8.2799298096e+02 8.2823297119e+02 8.2842199707e+02 8.2857897949e+02 8.2863299561e+02 8.2862500000e+02 8.2859497070e+02 8.2860101318e+02 8.2867297363e+02 8.2877899170e+02 8.2888702393e+02 8.2896398926e+02 8.2907098389e+02 8.2924902344e+02 8.2939898682e+02 8.2945001221e+02 8.2947497559e+02 8.2956500244e+02 8.2971600342e+02 8.2989001465e+02 8.2987200928e+02 8.2991601563e+02 8.3005700684e+02 8.3024200439e+02 8.3044201660e+02 8.3066802979e+02 8.3076702881e+02 8.3071197510e+02 8.3063098145e+02 8.3069097900e+02 8.3084997559e+02 8.3097497559e+02 8.3113201904e+02 8.3130200195e+02 8.3147802734e+02
8.2567602539e+02 8.2587902832e+02 8.2602099609e+02 8.2603302002e+02 8.2612402344e+02 8.2639501953e+02 8.2669097900e+02 8.2687402344e+02 8.2703198242e+02 8.2720501709e+02 8.2743902588e+02 8.2772497559e+02 8.2797802734e+02 8.2816601563e+02 8.2830999756e+02 8.2840899658e+02 8.2839398193e+02 8.2833502197e+02 8.2833099365e+02 8.2842901611e+02 8.2853997803e+02 8.2862500000e+02 8.2867602539e+02 8.2876000977e+02 8.2890197754e+02 8.2904699707e+02 8.2917401123e+02 8.2926599121e+02 8.2937500000e+02 8.2952001953e+02 8.2966497803e+02 8.2968200684e+02 8.2974902344e+02 8.2989501953e+02 8.3009497070e+02 8.3031701660e+02 8.3045599365e+02 8.3047900391e+02 8.3040502930e+02 8.3032501221e+02 8.3034197998e+02 8.3041601563e+02 8.3051898193e+02 8.3069299316e+02 8.3090197754e+02 8.3127899170e+02
8.2534802246e+02 8.2559100342e+02 8.2575000000e+02 8.2583300781e+02 8.2602502441e+02 8.2632098389e+02 8.2653100586e+02 8.2666400146e+02 8.2678802490e+02 8.2694000244e+02 8.2715502930e+02 8.2740502930e+02 8.2763201904e+02 8.2780999756e+02 8.2796997070e+02 8.2809301758e+02 8.2809899902e+02 8.2804199219e+02 8.2803302002e+02 8.2813397217e+02 8.2824597168e+02 8.2833197021e+02 8.2839898682e+02 8.2853002930e+02 8.2863000488e+02 8.2871801758e+02 8.2888000488e+02 8.2901898193e+02 8.2914801025e+02 8.2927001953e+02 8.2936901855e+02 8.2941802979e+02 8.2949597168e+02 8.2963397217e+02 8.2984197998e+02 8.3006597900e+02 8.3017700195e+02 8.3018597412e+02 8.3013500977e+02 8.3010498047e+02 8.3010302734e+02 8.3014801025e+02 8.3023999023e+02 8.3032000732e+02 8.3049798584e+02 8.3089202881e+02
8.2495501709e+02 8.2523199463e+02 8.2542199707e+02 8.2558697510e+02 8.2583099365e+02 8.2609899902e+02 8.2625299072e+02 8.2638098145e+02 8.2650500488e+02 8.2666101074e+02 8.2687200928e+02 8.2708801270e+02 8.2728302002e+02 8.2744598389e+02 8.2760302734e+02 8.2771801758e+02 8.2776000977e+02 8.2774102783e+02 8.2773602295e+02 8.2782299805e+02 8.2794396973e+02 8.2806500244e+02 8.2819598389e+02 8.2844097900e+02 8.2853002930e+02 8.2854302979e+02 8.2864099121e+02 8.2875897217e+02 8.2887298584e+02 8.2896099854e+02 8.2902398682e+02 8.2909301758e+02 8.2917297363e+02 8.2928601074e+02 8.2946899414e+02 8.2968798828e+02 8.2980603027e+02 8.2984600830e+02 8.2984899902e+02 8.2986999512e+02 8.2987597656e+02 8.2993402100e+02 8.3006701660e+02 8.3012902832e+02 8.3023901367e+02 8.3048297119e+02
8.2457501221e+02 8.2487799072e+02 8.2507397461e+02 8.2523400879e+02 8.2543597412e+02 8.2565002441e+02 8.2584802246e+02 8.2601000977e+02 8.2617797852e+02 8.2637597656e+02 8.2662799072e+02 8.2682098389e+02 8.2699700928e+02 8.2715197754e+02 8.2727697754e+02 8.2736999512e+02 8.2746697998e+02 8.2750799561e+02 8.2749298096e+02 8.2753302002e+02 8.2766302490e+02 8.2783697510e+02 8.2799499512e+02 8.2830798340e+02 8.2840698242e+02 8.2837097168e+02 8.2844201660e+02 8.2851800537e+02 8.2859399414e+02 8.2864398193e+02 8.2868902588e+02 8.2877600098e+02 8.2885998535e+02 8.2892700195e+02 8.2898400879e+02 8.2917999268e+02 8.2932897949e+02 8.2943798828e+02 8.2950500488e+02 8.2957098389e+02 8.2961401367e+02 8.2968701172e+02 8.2980603027e+02 8.2996502686e+02 8.3007397461e+02 8.3012799072e+02
8.2417901611e+02 8.2449102783e+02 8.2470898438e+02 8.2488000488e+02 8.2508197021e+02 8.2529602051e+02 8.2544299316e+02 8.2557098389e+02 8.2577301025e+02 8.2601702881e+02 8.2627398682e+02 8.2652301025e+02 8.2673498535e+02 8.2689001465e+02 8.2698101807e+02 8.2705200195e+02 8.2716302490e+02 8.2724798584e+02 8.2727502441e+02 8.2729602051e+02 8.2742297363e+02 8.2764801025e+02 8.2780902100e+02 8.2799700928e+02 8.2814398193e+02 8.2817999268e+02 8.2820898438e+02 8.2818798828e+02 8.2825402832e+02 8.2832501221e+02 8.2839001465e+02 8.2849102783e+02 8.2859600830e+02 8.2865997314e+02 8.2870098877e+02 8.2879699707e+02 8.2894500732e+02 8.2910198975e+02 8.2924102783e+02 8.2932897949e+02 8.2938500977e+02 8.2945898438e+02 8.2958599854e+02 8.2973400879e+02 8.2979699707e+02 8.2971801758e+02
8.2381097412e+02 8.2411999512e+02 8.2441400146e+02 8.2456500244e+02 8.2468200684e+02 8.2485302734e+02 8.2497900391e+02 8.2510101318e+02 8.2531896973e+02 8.2559802246e+02 8.2588201904e+02 8.2615197754e+02 8.2637200928e+02 8.2652697754e+02 8.2663800049e+02 8.2671997070e+02 8.2684997559e+02 8.2697698975e+02 8.2706701660e+02 8.2712597656e+02 8.2727197266e+02 8.2750402832e+02 8.2767297363e+02 8.2778198242e+02 8.2789001465e+02 8.2794500732e+02 8.2791400146e+02 8.2782897949e+02 8.2794702148e+02 8.2807299805e+02 8.2811602783e+02 8.2819000244e+02 8.2829602051e+02 8.2839202881e+02 8.2845300293e+02 8.2852801514e+02 8.2868200684e+02 8.2886901855e+02 8.2903399658e+02 8.2914398193e+02 8.2922601318e+02 8.2929699707e+02 8.2938500977e+02 8.2949102783e+02 8.2950402832e+02 8.2936999512e+02
8.2350598145e+02 8.2382098389e+02 8.2420599365e+02 8.2438299561e+02 8.2436602783e+02 8.2442602539e+02 8.2453698730e+02 8.2467102051e+02 8.2490100098e+02 8.2520202637e+02 8.2551702881e+02 8.2577197266e+02 8.2596997070e+02 8.2612597656e+02 8.2627801514e+02 8.2639898682e+02 8.2656201172e+02 8.2671801758e+02 8.2684301758e+02 8.2695898438e+02 8.2712097168e+02 8.2732299805e+02 8.2748699951e+02 8.2758502197e+02 8.2763897705e+02 8.2767297363e+02 8.2755200195e+02 8.2740399170e+02 8.2763598633e+02 8.2789202881e+02 8.2790802002e+02 8.2791900635e+02 8.2800000000e+02 8.2810998535e+02 8.2819598389e+02 8.2827899170e+02 8.2843597412e+02 8.2862298584e+02 8.2878601074e+02 8.2895800781e+02 8.2911199951e+02 8.2919702148e+02 8.2920697021e+02 8.2924700928e+02 8.2924499512e+02 8.2911999512e+02
8.2320800781e+02 8.2353198242e+02 8.2389501953e+02 8.2417602539e+02 8.2418200684e+02 8.2417700195e+02 8.2425000000e+02 8.2434301758e+02 8.2458398438e+02 8.2491400146e+02 8.2528698730e+02 8.2548400879e+02 8.2565399170e+02 8.2580798340e+02 8.2598400879e+02 8.2613500977e+02 8.2630999756e+02 8.2646301270e+02 8.2659600830e+02 8.2675701904e+02 8.2692901611e+02 8.2708599854e+02 8.2721801758e+02 8.2732098389e+02 8.2738299561e+02 8.2741802979e+02 8.2725201416e+02 8.2699902344e+02 8.2718798828e+02 8.2752301025e+02 8.2764501953e+02 8.2771502686e+02 8.2774700928e+02 8.2780499268e+02 8.2787799072e+02 8.2800799561e+02 8.2815600586e+02 8.2829797363e+02 8.2842401123e+02 8.2867999268e+02 8.2895001221e+02 8.2910400391e+02 8.2904302979e+02 8.2895202637e+02 8.2895397949e+02 8.2889599609e+02
8.2278601074e+02 8.2304199219e+02 8.2333398438e+02 8.2361700439e+02 8.2376300049e+02 8.2389501953e+02 8.2406402588e+02 8.2421398926e+02 8.2443402100e+02 8.2472399902e+02 8.2504302979e+02 8.2527600098e+02 8.2542999268e+02 8.2556201172e+02 8.2571502686e+02 8.2588299561e+02 8.2605102539e+02 8.2619799805e+02 8.2634399414e+02 8.2654901123e+02 8.2671002197e+02 8.2681896973e+02 8.2691101074e+02 8.2700897217e+02 8.2714697266e+02 8.2732202148e+02 8.2728997803e+02 8.2701800537e+02 8.2697802734e+02 8.2712597656e+02 8.2725000000e+02 8.2741802979e+02 8.2748297119e+02 8.2752502441e+02 8.2759997559e+02 8.2772100830e+02 8.2784802246e+02 8.2796301270e+02 8.2808599854e+02 8.2826702881e+02 8.2845599365e+02 8.2855798340e+02 8.2847399902e+02 8.2845001221e+02 8.2852099609e+02 8.2854901123e+02
8.2241400146e+02 8.2260198975e+02 8.2283898926e+02 8.2312200928e+02 8.2333502197e+02 8.2358099365e+02 8.2388098145e+02 8.2409997559e+02 8.2428497314e+02 8.2448797607e+02 8.2473199463e+02 8.2495001221e+02 8.2511199951e+02 8.2525701904e+02 8.2542102051e+02 8.2559100342e+02 8.2576501465e+02 8.2591601563e+02 8.2606701660e+02 8.2628100586e+02 8.2644396973e+02 8.2658197021e+02 8.2669897461e+02 8.2680297852e+02 8.2688098145e+02 8.2702600098e+02 8.2708099365e+02 8.2685302734e+02 8.2675799561e+02 8.2685302734e+02 8.2699298096e+02 8.2714001465e+02 8.2719299316e+02 8.2726898193e+02 8.2737097168e+02 8.2744000244e+02 8.2752197266e+02 8.2760797119e+02 8.2772698975e+02 8.2784600830e+02 8.2791601563e+02 8.2793103027e+02 8.2787200928e+02 8.2786901855e+02 8.2797497559e+02 8.2806298828e+02
8.2214599609e+02 8.2230499268e+02 8.2250201416e+02 8.2272302246e+02 8.2293298340e+02 8.2323199463e+02 8.2363098145e+02 8.2390100098e+02 8.2406597900e+02 8.2420697021e+02 8.2439801025e+02 8.2460601807e+02 8.2478601074e+02 8.2494799805e+02 8.2511700439e+02 8.2528399658e+02 8.2547302246e+02 8.2563800049e+02 8.2578002930e+02 8.2590899658e+02 8.2604101563e+02 8.2624298096e+02 8.2646002197e+02 8.2657202148e+02 8.2653002930e+02 8.2654498291e+02 8.2661700439e+02 8.2651000977e+02 8.2647998047e+02 8.2661798096e+02 8.2683801270e+02 8.2692498779e+02 8.2690600586e+02 8.2698199463e+02 8.2710198975e+02 8.2714801025e+02 8.2719299316e+02 8.2724700928e+02 8.2736401367e+02 8.2746398926e+02 8.2748400879e+02 8.2747900391e+02 8.2746002197e+02 8.2742199707e+02 8.2748297119e+02 8.2756597900e+02
