TESTSERVER/23/3.asc
NCOLS 100
NROWS 100
XLLCORNER 8.6497500000e+03
YLLCORNER 2.8980025000e+05
CELLSIZE 5.0000000000e-01
NODATA_VALUE -9.9990000000e+03
[rows 60 to 79 of 100, columns 46 to 91 of 100]
7.8370800781e+02 7.8383398438e+02 7.8396099854e+02 7.8412799072e+02 7.8429699707e+02 7.8447100830e+02 7.8468798828e+02 7.8493798828e+02 7.8502600098e+02 7.8508197021e+02 7.8520697021e+02 7.8530798340e+02 7.8546697998e+02 7.8567700195e+02 7.8588000488e+02 7.8607702637e+02 7.8630102539e+02 7.8650799561e+02 7.8665997314e+02 7.8677697754e+02 7.8693402100e+02 7.8710699463e+02 7.8727600098e+02 7.8745001221e+02 7.8766699219e+02 7.8788598633e+02 7.8806701660e+02 7.8824401855e+02 7.8840301514e+02 7.8854199219e+02 7.8867602539e+02 7.8880999756e+02 7.8897497559e+02 7.8915600586e+02 7.8934802246e+02 7.8953601074e+02 7.8971398926e+02 7.8988299561e+02 7.9003302002e+02 7.9019897461e+02 7.9034399414e+02 7.9048602295e+02 7.9062097168e+02 7.9071899414e+02 7.9074200439e+02 7.9074499512e+02
7.8341400146e+02 7.8355603027e+02 7.8368701172e+02 7.8380603027e+02 7.8396398926e+02 7.8416302490e+02 7.8440997314e+02 7.8466302490e+02 7.8478302002e+02 7.8487500000e+02 7.8499102783e+02 7.8509997559e+02 7.8524798584e+02 7.8542498779e+02 7.8560400391e+02 7.8579901123e+02 7.8603002930e+02 7.8625598145e+02 7.8643798828e+02 7.8657202148e+02 7.8671099854e+02 7.8685998535e+02 7.8701800537e+02 7.8720001221e+02 7.8741101074e+02 7.8760900879e+02 7.8778900146e+02 7.8795397949e+02 7.8810198975e+02 7.8823602295e+02 7.8836401367e+02 7.8850598145e+02 7.8867797852e+02 7.8886999512e+02 7.8905902100e+02 7.8923101807e+02 7.8939898682e+02 7.8956597900e+02 7.8976599121e+02 7.8994702148e+02 7.9008599854e+02 7.9021697998e+02 7.9035101318e+02 7.9044897461e+02 7.9048297119e+02 7.9051202393e+02
7.8310498047e+02 7.8326300049e+02 7.8340997314e+02 7.8354699707e+02 7.8373400879e+02 7.8395898438e+02 7.8420098877e+02 7.8439898682e+02 7.8455401611e+02 7.8472399902e+02 7.8486401367e+02 7.8497198486e+02 7.8509301758e+02 7.8522998047e+02 7.8538500977e+02 7.8558697510e+02 7.8582501221e+02 7.8605401611e+02 7.8623901367e+02 7.8638897705e+02 7.8652197266e+02 7.8665002441e+02 7.8679101563e+02 7.8698297119e+02 7.8720098877e+02 7.8739099121e+02 7.8754699707e+02 7.8769897461e+02 7.8784197998e+02 7.8796697998e+02 7.8808099365e+02 7.8821600342e+02 7.8838800049e+02 7.8858099365e+02 7.8877899170e+02 7.8894598389e+02 7.8910900879e+02 7.8928198242e+02 7.8949700928e+02 7.8968200684e+02 7.8981701660e+02 7.8994299316e+02 7.9008099365e+02 7.9021002197e+02 7.9029699707e+02 7.9036401367e+02
7.8279901123e+02 7.8297100830e+02 7.8314697266e+02 7.8333599854e+02 7.8355902100e+02 7.8378900146e+02 7.8398797607e+02 7.8413500977e+02 7.8431201172e+02 7.8454199219e+02 7.8476098633e+02 7.8486999512e+02 7.8495898438e+02 7.8506402588e+02 7.8522601318e+02 7.8545898438e+02 7.8569799805e+02 7.8591400146e+02 7.8608502197e+02 7.8623199463e+02 7.8634002686e+02 7.8643103027e+02 7.8654199219e+02 7.8671997070e+02 7.8693597412e+02 7.8713201904e+02 7.8729101563e+02 7.8744897461e+02 7.8759399414e+02 7.8772100830e+02 7.8783099365e+02 7.8795397949e+02 7.8811499023e+02 7.8829901123e+02 7.8851098633e+02 7.8868499756e+02 7.8884002686e+02 7.8901202393e+02 7.8922601318e+02 7.8939898682e+02 7.8952899170e+02 7.8965197754e+02 7.8978399658e+02 7.8991497803e+02 7.9004101563e+02 7.9013397217e+02
7.8251202393e+02 7.8269396973e+02 7.8289001465e+02 7.8310601807e+02 7.8334802246e+02 7.8357397461e+02 7.8372802734e+02 7.8385498047e+02 7.8402099609e+02 7.8422399902e+02 7.8447900391e+02 7.8469396973e+02 7.8478997803e+02 7.8490100098e+02 7.8512298584e+02 7.8538800049e+02 7.8561602783e+02 7.8579199219e+02 7.8591802979e+02 7.8608001709e+02 7.8615100098e+02 7.8619396973e+02 7.8627697754e+02 7.8643103027e+02 7.8663299561e+02 7.8684002686e+02 7.8701800537e+02 7.8718200684e+02 7.8734002686e+02 7.8748498535e+02 7.8760302734e+02 7.8771697998e+02 7.8785900879e+02 7.8803198242e+02 7.8827197266e+02 7.8845300293e+02 7.8859497070e+02 7.8875598145e+02 7.8897998047e+02 7.8911102295e+02 7.8922698975e+02 7.8933300781e+02 7.8942602539e+02 7.8953002930e+02 7.8964300537e+02 7.8976898193e+02
7.8223602295e+02 7.8241497803e+02 7.8260198975e+02 7.8281097412e+02 7.8306097412e+02 7.8330499268e+02 7.8350299072e+02 7.8364001465e+02 7.8375897217e+02 7.8389300537e+02 7.8414099121e+02 7.8439697266e+02 7.8456701660e+02 7.8473400879e+02 7.8497497559e+02 7.8526300049e+02 7.8547900391e+02 7.8562402344e+02 7.8572601318e+02 7.8586297607e+02 7.8594000244e+02 7.8597100830e+02 7.8604498291e+02 7.8619201660e+02 7.8639398193e+02 7.8661297607e+02 7.8679498291e+02 7.8695501709e+02 7.8712200928e+02 7.8727899170e+02 7.8740002441e+02 7.8749499512e+02 7.8761499023e+02 7.8776898193e+02 7.8798400879e+02 7.8816699219e+02 7.8830200195e+02 7.8845300293e+02 7.8865100098e+02 7.8878198242e+02 7.8888897705e+02 7.8896600342e+02 7.8907202148e+02 7.8918902588e+02 7.8930999756e+02 7.8944500732e+02
7.8199902344e+02 7.8218402100e+02 7.8237097168e+02 7.8257397461e+02 7.8280700684e+02 7.8304699707e+02 7.8326898193e+02 7.8340899658e+02 7.8353002930e+02 7.8367199707e+02 7.8388598633e+02 7.8413800049e+02 7.8434197998e+02 7.8454498291e+02 7.8478601074e+02 7.8505499268e+02 7.8527301025e+02 7.8544097900e+02 7.8557897949e+02 7.8567401123e+02 7.8572998047e+02 7.8575598145e+02 7.8583398438e+02 7.8598901367e+02 7.8618597412e+02 7.8640997314e+02 7.8660198975e+02 7.8676397705e+02 7.8693499756e+02 7.8709600830e+02 7.8721801758e+02 7.8730200195e+02 7.8739801025e+02 7.8752001953e+02 7.8768701172e+02 7.8784301758e+02 7.8797497559e+02 7.8812597656e+02 7.8830603027e+02 7.8843103027e+02 7.8856799316e+02 7.8866400146e+02 7.8878997803e+02 7.8893499756e+02 7.8904199219e+02 7.8915399170e+02
7.8181500244e+02 7.8201000977e+02 7.8218798828e+02 7.8236901855e+02 7.8257501221e+02 7.8280200195e+02 7.8303900146e+02 7.8316601563e+02 7.8330798340e+02 7.8349597168e+02 7.8370202637e+02 7.8392199707e+02 7.8413397217e+02 7.8434497070e+02 7.8456701660e+02 7.8480700684e+02 7.8502899170e+02 7.8523199463e+02 7.8542901611e+02 7.8552697754e+02 7.8560101318e+02 7.8563800049e+02 7.8567498779e+02 7.8580499268e+02 7.8598797607e+02 7.8621099854e+02 7.8641802979e+02 7.8658502197e+02 7.8675897217e+02 7.8692199707e+02 7.8704400635e+02 7.8712402344e+02 7.8720501709e+02 7.8729699707e+02 7.8741302490e+02 7.8754400635e+02 7.8767498779e+02 7.8782800293e+02 7.8801202393e+02 7.8815600586e+02 7.8830499268e+02 7.8841497803e+02 7.8853900146e+02 7.8868402100e+02 7.8877099609e+02 7.8885699463e+02
7.8172497559e+02 7.8190502930e+02 7.8200402832e+02 7.8213897705e+02 7.8233599854e+02 7.8256597900e+02 7.8278900146e+02 7.8288897705e+02 7.8305102539e+02 7.8327502441e+02 7.8350000000e+02 7.8371801758e+02 7.8393597412e+02 7.8414801025e+02 7.8435601807e+02 7.8455401611e+02 7.8476501465e+02 7.8498199463e+02 7.8520501709e+02 7.8536999512e+02 7.8549102783e+02 7.8554199219e+02 7.8553601074e+02 7.8561499023e+02 7.8577197266e+02 7.8599597168e+02 7.8624798584e+02 7.8639099121e+02 7.8656097412e+02 7.8671997070e+02 7.8685601807e+02 7.8695397949e+02 7.8702398682e+02 7.8708898926e+02 7.8717498779e+02 7.8730200195e+02 7.8743798828e+02 7.8759399414e+02 7.8776300049e+02 7.8789398193e+02 7.8803399658e+02 7.8815197754e+02 7.8826300049e+02 7.8839697266e+02 7.8849499512e+02 7.8857897949e+02
7.8162799072e+02 7.8178002930e+02 7.8178802490e+02 7.8187402344e+02 7.8209600830e+02 7.8231500244e+02 7.8248199463e+02 7.8261798096e+02 7.8278601074e+02 7.8299700928e+02 7.8323699951e+02 7.8347302246e+02 7.8372100830e+02 7.8395599365e+02 7.8416601563e+02 7.8435797119e+02 7.8454797363e+02 7.8473699951e+02 7.8493798828e+02 7.8509899902e+02 7.8520397949e+02 7.8527099609e+02 7.8530401611e+02 7.8541998291e+02 7.8554498291e+02 7.8572302246e+02 7.8596801758e+02 7.8614202881e+02 7.8631402588e+02 7.8647100830e+02 7.8662097168e+02 7.8673699951e+02 7.8681597900e+02 7.8688800049e+02 7.8698199463e+02 7.8709399414e+02 7.8722698975e+02 7.8738299561e+02 7.8754101563e+02 7.8768298340e+02 7.8782202148e+02 7.8793597412e+02 7.8803601074e+02 7.8817102051e+02 7.8827801514e+02 7.8834997559e+02
7.8133898926e+02 7.8150402832e+02 7.8155798340e+02 7.8166900635e+02 7.8187597656e+02 7.8205798340e+02 7.8219598389e+02 7.8236297607e+02 7.8251800537e+02 7.8270898438e+02 7.8296600342e+02 7.8322900391e+02 7.8348498535e+02 7.8372302246e+02 7.8394097900e+02 7.8414099121e+02 7.8432000732e+02 7.8448699951e+02 7.8464099121e+02 7.8476000977e+02 7.8484802246e+02 7.8493597412e+02 7.8504400635e+02 7.8518402100e+02 7.8530499268e+02 7.8545202637e+02 7.8567901611e+02 7.8588702393e+02 7.8606701660e+02 7.8622601318e+02 7.8637097168e+02 7.8648699951e+02 7.8657598877e+02 7.8666497803e+02 7.8677099609e+02 7.8688098145e+02 7.8700701904e+02 7.8715600586e+02 7.8731701660e+02 7.8747198486e+02 7.8761401367e+02 7.8772198486e+02 7.8780499268e+02 7.8791802979e+02 7.8801000977e+02 7.8806701660e+02
7.8093499756e+02 7.8111999512e+02 7.8126300049e+02 7.8142602539e+02 7.8160198975e+02 7.8176000977e+02 7.8192199707e+02 7.8210699463e+02 7.8227099609e+02 7.8246301270e+02 7.8271997070e+02 7.8298602295e+02 7.8322802734e+02 7.8344702148e+02 7.8365802002e+02 7.8386999512e+02 7.8405297852e+02 7.8421099854e+02 7.8434899902e+02 7.8447998047e+02 7.8457897949e+02 7.8468103027e+02 7.8481500244e+02 7.8495397949e+02 7.8508801270e+02 7.8523901367e+02 7.8543103027e+02 7.8563702393e+02 7.8582202148e+02 7.8598199463e+02 7.8612097168e+02 7.8623199463e+02 7.8632702637e+02 7.8643103027e+02 7.8655700684e+02 7.8667602539e+02 7.8679199219e+02 7.8692498779e+02 7.8707897949e+02 7.8723602295e+02 7.8737500000e+02 7.8748498535e+02 7.8756597900e+02 7.8764001465e+02 7.8771099854e+02 7.8776098633e+02
7.8051800537e+02 7.8071197510e+02 7.8089801025e+02 7.8109997559e+02 7.8125799561e+02 7.8141802979e+02 7.8165399170e+02 7.8185302734e+02 7.8205798340e+02 7.8227697754e+02 7.8252197266e+02 7.8273999023e+02 7.8294396973e+02 7.8313598633e+02 7.8332800293e+02 7.8355102539e+02 7.8375598145e+02 7.8392297363e+02 7.8405603027e+02 7.8418103027e+02 7.8431097412e+02 7.8445501709e+02 7.8462298584e+02 7.8475897217e+02 7.8488299561e+02 7.8502502441e+02 7.8520098877e+02 7.8541400146e+02 7.8559899902e+02 7.8575598145e+02 7.8587298584e+02 7.8598101807e+02 7.8609301758e+02 7.8621301270e+02 7.8636999512e+02 7.8648297119e+02 7.8658001709e+02 7.8668701172e+02 7.8683099365e+02 7.8697399902e+02 7.8710601807e+02 7.8723400879e+02 7.8733502197e+02 7.8738201904e+02 7.8743798828e+02 7.8749597168e+02
7.8020001221e+02 7.8038702393e+02 7.8055499268e+02 7.8076702881e+02 7.8094396973e+02 7.8109301758e+02 7.8130999756e+02 7.8159899902e+02 7.8189898682e+02 7.8210797119e+02 7.8223199463e+02 7.8241497803e+02 7.8260998535e+02 7.8280999756e+02 7.8301397705e+02 7.8324597168e+02 7.8346997070e+02 7.8365197754e+02 7.8378399658e+02 7.8390802002e+02 7.8403900146e+02 7.8417602539e+02 7.8431799316e+02 7.8444598389e+02 7.8456597900e+02 7.8471997070e+02 7.8494201660e+02 7.8517797852e+02 7.8537200928e+02 7.8553302002e+02 7.8565698242e+02 7.8577001953e+02 7.8589202881e+02 7.8601202393e+02 7.8613897705e+02 7.8624700928e+02 7.8632897949e+02 7.8642901611e+02 7.8656597900e+02 7.8667999268e+02 7.8681097412e+02 7.8697601318e+02 7.8710900879e+02 7.8716699219e+02 7.8723297119e+02 7.8730902100e+02
7.7991699219e+02 7.8009600830e+02 7.8025500488e+02 7.8045501709e+02 7.8064001465e+02 7.8079498291e+02 7.8099798584e+02 7.8132501221e+02 7.8164898682e+02 7.8183099365e+02 7.8190399170e+02 7.8208099365e+02 7.8227899170e+02 7.8248498535e+02 7.8270501709e+02 7.8294897461e+02 7.8317901611e+02 7.8336798096e+02 7.8350701904e+02 7.8363397217e+02 7.8374902344e+02 7.8385498047e+02 7.8396099854e+02 7.8407299805e+02 7.8420098877e+02 7.8438598633e+02 7.8466198730e+02 7.8490899658e+02 7.8510900879e+02 7.8527600098e+02 7.8540997314e+02 7.8553100586e+02 7.8565301514e+02 7.8576702881e+02 7.8587500000e+02 7.8597497559e+02 7.8606097412e+02 7.8617999268e+02 7.8634497070e+02 7.8643798828e+02 7.8655297852e+02 7.8672601318e+02 7.8686602783e+02 7.8692297363e+02 7.8699200439e+02 7.8708099365e+02
7.7967297363e+02 7.7983001709e+02 7.8000402832e+02 7.8019000244e+02 7.8035699463e+02 7.8051800537e+02 7.8071899414e+02 7.8098297119e+02 7.8124700928e+02 7.8142401123e+02 7.8155200195e+02 7.8174298096e+02 7.8194799805e+02 7.8216400146e+02 7.8239697266e+02 7.8265002441e+02 7.8288000488e+02 7.8306701660e+02 7.8319598389e+02 7.8330902100e+02 7.8342901611e+02 7.8354699707e+02 7.8365197754e+02 7.8375000000e+02 7.8387902832e+02 7.8407202148e+02 7.8436401367e+02 7.8460998535e+02 7.8481201172e+02 7.8498199463e+02 7.8511602783e+02 7.8523999023e+02 7.8536901855e+02 7.8548699951e+02 7.8559100342e+02 7.8569201660e+02 7.8579699707e+02 7.8593103027e+02 7.8610998535e+02 7.8618798828e+02 7.8629998779e+02 7.8648498535e+02 7.8662402344e+02 7.8666802979e+02 7.8672698975e+02 7.8680902100e+02
7.7944702148e+02 7.7955200195e+02 7.7974902344e+02 7.7992102051e+02 7.8007800293e+02 7.8025701904e+02 7.8044097900e+02 7.8060797119e+02 7.8079498291e+02 7.8099597168e+02 7.8121801758e+02 7.8143200684e+02 7.8164697266e+02 7.8186499023e+02 7.8208300781e+02 7.8233697510e+02 7.8255999756e+02 7.8273498535e+02 7.8285101318e+02 7.8296801758e+02 7.8311199951e+02 7.8327697754e+02 7.8344000244e+02 7.8354498291e+02 7.8367199707e+02 7.8383300781e+02 7.8406597900e+02 7.8429498291e+02 7.8448699951e+02 7.8465600586e+02 7.8477600098e+02 7.8490899658e+02 7.8505700684e+02 7.8519201660e+02 7.8531799316e+02 7.8543402100e+02 7.8555200195e+02 7.8566998291e+02 7.8577600098e+02 7.8586199951e+02 7.8600000000e+02 7.8619000244e+02 7.8634399414e+02 7.8642297363e+02 7.8648602295e+02 7.8654797363e+02
7.7915997314e+02 7.7924597168e+02 7.7941497803e+02 7.7959802246e+02 7.7979302979e+02 7.7999200439e+02 7.8017498779e+02 7.8034301758e+02 7.8053900146e+02 7.8074298096e+02 7.8094799805e+02 7.8115802002e+02 7.8136297607e+02 7.8156799316e+02 7.8178198242e+02 7.8203302002e+02 7.8225897217e+02 7.8244000244e+02 7.8257299805e+02 7.8269000244e+02 7.8282897949e+02 7.8298797607e+02 7.8315997314e+02 7.8330999756e+02 7.8346301270e+02 7.8361999512e+02 7.8379101563e+02 7.8397802734e+02 7.8415197754e+02 7.8432098389e+02 7.8446899414e+02 7.8461999512e+02 7.8477197266e+02 7.8491101074e+02 7.8504901123e+02 7.8520001221e+02 7.8530798340e+02 7.8537597656e+02 7.8544897461e+02 7.8554199219e+02 7.8569299316e+02 7.8589300537e+02 7.8608300781e+02 7.8619897461e+02 7.8626898193e+02 7.8633801270e+02
7.7882202148e+02 7.7894897461e+02 7.7911499023e+02 7.7928002930e+02 7.7948797607e+02 7.7971301270e+02 7.7992700195e+02 7.8010797119e+02 7.8031298828e+02 7.8052099609e+02 7.8071997070e+02 7.8091699219e+02 7.8111297607e+02 7.8130499268e+02 7.8151202393e+02 7.8176000977e+02 7.8198602295e+02 7.8217297363e+02 7.8231298828e+02 7.8243499756e+02 7.8257098389e+02 7.8272100830e+02 7.8289501953e+02 7.8307598877e+02 7.8324401855e+02 7.8339898682e+02 7.8353900146e+02 7.8368701172e+02 7.8384698486e+02 7.8401501465e+02 7.8418103027e+02 7.8434698486e+02 7.8450097656e+02 7.8464099121e+02 7.8477697754e+02 7.8492199707e+02 7.8503002930e+02 7.8509497070e+02 7.8516101074e+02 7.8524700928e+02 7.8539599609e+02 7.8559997559e+02 7.8581799316e+02 7.8598297119e+02 7.8605297852e+02 7.8613098145e+02
7.7853997803e+02 7.7870697021e+02 7.7888800049e+02 7.7906896973e+02 7.7927001953e+02 7.7947497559e+02 7.7967797852e+02 7.7986297607e+02 7.8006799316e+02 7.8028302002e+02 7.8049798584e+02 7.8070098877e+02 7.8089398193e+02 7.8107501221e+02 7.8126702881e+02 7.8149798584e+02 7.8171398926e+02 7.8190100098e+02 7.8205200195e+02 7.8218798828e+02 7.8232800293e+02 7.8247497559e+02 7.8264001465e+02 7.8283697510e+02 7.8301599121e+02 7.8317297363e+02 7.8329998779e+02 7.8342901611e+02 7.8358001709e+02 7.8374401855e+02 7.8391699219e+02 7.8409100342e+02 7.8424597168e+02 7.8438702393e+02 7.8451800537e+02 7.8465600586e+02 7.8477398682e+02 7.8485900879e+02 7.8492999268e+02 7.8499401855e+02 7.8511102295e+02 7.8527899170e+02 7.8546197510e+02 7.8565997314e+02 7.8578900146e+02 7.8589801025e+02
