TESTSERVER/23/3.asc
NCOLS 100
NROWS 100
XLLCORNER 8.6497500000e+03
YLLCORNER 2.8980025000e+05
CELLSIZE 5.0000000000e-01
NODATA_VALUE -9.9990000000e+03
[rows 40 to 59 of 100, columns 0 to 45 of 100]
7.8355798340e+02 7.8374798584e+02 7.8385797119e+02 7.8391802979e+02 7.8399102783e+02 7.8413098145e+02 7.8426397705e+02 7.8439099121e+02 7.8450897217e+02 7.8466198730e+02 7.8483801270e+02 7.8501501465e+02 7.8518200684e+02 7.8534997559e+02 7.8555700684e+02 7.8573602295e+02 7.8582000732e+02 7.8580297852e+02 7.8583300781e+02 7.8590600586e+02 7.8600799561e+02 7.8612402344e+02 7.8624798584e+02 7.8636700439e+02 7.8649298096e+02 7.8655603027e+02 7.8658801270e+02 7.8663897705e+02 7.8674902344e+02 7.8688098145e+02 7.8704199219e+02 7.8723797607e+02 7.8741400146e+02 7.8753802490e+02 7.8761700439e+02 7.8766601563e+02 7.8773101807e+02 7.8784802246e+02 7.8797802734e+02 7.8810302734e+02 7.8824401855e+02 7.8840002441e+02 7.8853302002e+02 7.8862298584e+02 7.8867297363e+02 7.8874902344e+02
7.8325000000e+02 7.8345397949e+02 7.8358398438e+02 7.8367401123e+02 7.8375897217e+02 7.8388000488e+02 7.8400000000e+02 7.8412097168e+02 7.8423699951e+02 7.8435998535e+02 7.8452899170e+02 7.8470898438e+02 7.8488201904e+02 7.8501898193e+02 7.8519097900e+02 7.8537500000e+02 7.8549798584e+02 7.8548602295e+02 7.8547998047e+02 7.8552099609e+02 7.8560797119e+02 7.8571801758e+02 7.8582800293e+02 7.8592901611e+02 7.8603302002e+02 7.8612902832e+02 7.8618402100e+02 7.8625402832e+02 7.8636999512e+02 7.8648400879e+02 7.8663098145e+02 7.8683898926e+02 7.8701397705e+02 7.8715502930e+02 7.8724902344e+02 7.8729602051e+02 7.8735797119e+02 7.8748498535e+02 7.8765502930e+02 7.8785198975e+02 7.8802801514e+02 7.8817797852e+02 7.8829302979e+02 7.8836199951e+02 7.8839697266e+02 7.8848797607e+02
7.8301300049e+02 7.8317999268e+02 7.8330700684e+02 7.8341699219e+02 7.8352801514e+02 7.8364801025e+02 7.8376300049e+02 7.8387200928e+02 7.8398101807e+02 7.8409100342e+02 7.8423400879e+02 7.8439202881e+02 7.8455297852e+02 7.8469201660e+02 7.8485498047e+02 7.8502502441e+02 7.8515399170e+02 7.8516497803e+02 7.8516302490e+02 7.8519201660e+02 7.8526300049e+02 7.8535601807e+02 7.8544201660e+02 7.8551599121e+02 7.8557397461e+02 7.8568499756e+02 7.8580999756e+02 7.8592297363e+02 7.8602899170e+02 7.8613201904e+02 7.8626501465e+02 7.8642901611e+02 7.8658197021e+02 7.8671099854e+02 7.8683502197e+02 7.8694396973e+02 7.8702697754e+02 7.8715301514e+02 7.8733197021e+02 7.8755401611e+02 7.8777197266e+02 7.8792999268e+02 7.8805200195e+02 7.8811798096e+02 7.8814202881e+02 7.8824798584e+02
7.8281799316e+02 7.8292797852e+02 7.8303198242e+02 7.8314202881e+02 7.8327502441e+02 7.8340197754e+02 7.8351000977e+02 7.8361102295e+02 7.8371398926e+02 7.8381201172e+02 7.8392999268e+02 7.8406097412e+02 7.8420098877e+02 7.8435797119e+02 7.8452697754e+02 7.8468402100e+02 7.8479998779e+02 7.8484399414e+02 7.8487402344e+02 7.8491497803e+02 7.8498498535e+02 7.8505999756e+02 7.8511999512e+02 7.8517797852e+02 7.8524401855e+02 7.8540399170e+02 7.8555200195e+02 7.8565002441e+02 7.8571301270e+02 7.8583197021e+02 7.8599597168e+02 7.8613897705e+02 7.8624298096e+02 7.8631896973e+02 7.8643499756e+02 7.8659497070e+02 7.8672698975e+02 7.8684802246e+02 7.8700402832e+02 7.8720501709e+02 7.8744702148e+02 7.8764599609e+02 7.8779498291e+02 7.8788098145e+02 7.8792102051e+02 7.8802697754e+02
7.8257702637e+02 7.8270599365e+02 7.8278900146e+02 7.8287701416e+02 7.8298901367e+02 7.8311700439e+02 7.8322900391e+02 7.8333300781e+02 7.8342297363e+02 7.8352697754e+02 7.8364001465e+02 7.8374597168e+02 7.8385998535e+02 7.8401501465e+02 7.8418597412e+02 7.8433898926e+02 7.8445800781e+02 7.8453997803e+02 7.8461297607e+02 7.8468298340e+02 7.8477001953e+02 7.8479400635e+02 7.8483197021e+02 7.8488897705e+02 7.8497698975e+02 7.8521099854e+02 7.8536401367e+02 7.8540802002e+02 7.8542102051e+02 7.8551098633e+02 7.8566302490e+02 7.8581896973e+02 7.8596301270e+02 7.8602301025e+02 7.8613500977e+02 7.8628997803e+02 7.8642199707e+02 7.8656097412e+02 7.8669799805e+02 7.8686999512e+02 7.8706298828e+02 7.8732299805e+02 7.8753198242e+02 7.8765502930e+02 7.8770898438e+02 7.8781201172e+02
7.8231799316e+02 7.8243798828e+02 7.8253302002e+02 7.8261798096e+02 7.8271899414e+02 7.8282000732e+02 7.8290197754e+02 7.8298400879e+02 7.8307000732e+02 7.8320898438e+02 7.8333502197e+02 7.8343798828e+02 7.8352801514e+02 7.8365100098e+02 7.8381298828e+02 7.8396697998e+02 7.8409301758e+02 7.8421600342e+02 7.8430999756e+02 7.8438598633e+02 7.8446301270e+02 7.8450500488e+02 7.8454699707e+02 7.8459100342e+02 7.8463000488e+02 7.8485900879e+02 7.8509197998e+02 7.8519097900e+02 7.8525701904e+02 7.8530700684e+02 7.8536199951e+02 7.8545501709e+02 7.8562200928e+02 7.8576202393e+02 7.8589398193e+02 7.8603002930e+02 7.8618103027e+02 7.8632000732e+02 7.8644702148e+02 7.8659497070e+02 7.8677502441e+02 7.8704602051e+02 7.8730297852e+02 7.8745501709e+02 7.8750799561e+02 7.8756799316e+02
7.8205798340e+02 7.8215600586e+02 7.8225701904e+02 7.8235400391e+02 7.8244799805e+02 7.8253100586e+02 7.8258001709e+02 7.8262701416e+02 7.8270697021e+02 7.8285302734e+02 7.8297998047e+02 7.8308502197e+02 7.8318200684e+02 7.8330297852e+02 7.8346801758e+02 7.8362298584e+02 7.8374597168e+02 7.8387799072e+02 7.8397100830e+02 7.8403497314e+02 7.8409997559e+02 7.8417602539e+02 7.8427899170e+02 7.8437597656e+02 7.8442700195e+02 7.8460302734e+02 7.8481896973e+02 7.8494598389e+02 7.8508697510e+02 7.8522302246e+02 7.8529101563e+02 7.8529199219e+02 7.8535498047e+02 7.8552398682e+02 7.8563000488e+02 7.8574102783e+02 7.8594799805e+02 7.8611901855e+02 7.8625097656e+02 7.8639001465e+02 7.8655499268e+02 7.8681701660e+02 7.8707299805e+02 7.8723602295e+02 7.8730401611e+02 7.8734497070e+02
7.8176702881e+02 7.8184698486e+02 7.8194799805e+02 7.8206097412e+02 7.8216601563e+02 7.8225000000e+02 7.8228497314e+02 7.8230200195e+02 7.8236102295e+02 7.8250000000e+02 7.8261901855e+02 7.8272399902e+02 7.8283599854e+02 7.8297900391e+02 7.8315899658e+02 7.8332000732e+02 7.8343402100e+02 7.8355798340e+02 7.8364697266e+02 7.8371301270e+02 7.8377502441e+02 7.8387200928e+02 7.8404199219e+02 7.8422601318e+02 7.8435400391e+02 7.8449597168e+02 7.8463598633e+02 7.8474102783e+02 7.8489801025e+02 7.8508898926e+02 7.8521502686e+02 7.8519702148e+02 7.8515899658e+02 7.8527697754e+02 7.8536901855e+02 7.8548101807e+02 7.8571301270e+02 7.8590802002e+02 7.8605603027e+02 7.8619897461e+02 7.8634802246e+02 7.8656701660e+02 7.8678302002e+02 7.8694097900e+02 7.8705798340e+02 7.8714599609e+02
7.8147198486e+02 7.8150799561e+02 7.8159100342e+02 7.8171600342e+02 7.8184100342e+02 7.8196801758e+02 7.8201501465e+02 7.8201898193e+02 7.8205499268e+02 7.8215600586e+02 7.8225799561e+02 7.8237701416e+02 7.8253997803e+02 7.8270098877e+02 7.8288800049e+02 7.8304199219e+02 7.8315002441e+02 7.8324597168e+02 7.8334899902e+02 7.8344799805e+02 7.8358099365e+02 7.8368298340e+02 7.8387097168e+02 7.8410400391e+02 7.8432299805e+02 7.8447302246e+02 7.8455700684e+02 7.8460400391e+02 7.8467401123e+02 7.8480902100e+02 7.8492199707e+02 7.8497497559e+02 7.8502398682e+02 7.8507202148e+02 7.8515600586e+02 7.8527801514e+02 7.8546398926e+02 7.8564898682e+02 7.8580798340e+02 7.8595898438e+02 7.8609802246e+02 7.8628002930e+02 7.8645300293e+02 7.8659497070e+02 7.8671197510e+02 7.8688598633e+02
7.8120001221e+02 7.8123297119e+02 7.8129602051e+02 7.8140301514e+02 7.8152697754e+02 7.8165899658e+02 7.8174700928e+02 7.8179400635e+02 7.8182202148e+02 7.8185498047e+02 7.8193902588e+02 7.8207299805e+02 7.8224401855e+02 7.8241302490e+02 7.8258300781e+02 7.8273297119e+02 7.8284802246e+02 7.8295098877e+02 7.8306896973e+02 7.8318499756e+02 7.8336401367e+02 7.8352697754e+02 7.8372900391e+02 7.8397100830e+02 7.8421301270e+02 7.8440802002e+02 7.8451599121e+02 7.8456799316e+02 7.8461297607e+02 7.8468103027e+02 7.8472698975e+02 7.8475799561e+02 7.8481097412e+02 7.8487298584e+02 7.8496600342e+02 7.8508697510e+02 7.8522698975e+02 7.8538000488e+02 7.8552801514e+02 7.8568902588e+02 7.8584197998e+02 7.8600402832e+02 7.8618701172e+02 7.8635302734e+02 7.8647497559e+02 7.8661297607e+02
7.8087799072e+02 7.8092999268e+02 7.8100402832e+02 7.8112097168e+02 7.8125500488e+02 7.8140301514e+02 7.8152099609e+02 7.8159600830e+02 7.8162097168e+02 7.8162500000e+02 7.8168103027e+02 7.8179302979e+02 7.8194396973e+02 7.8208801270e+02 7.8224401855e+02 7.8239898682e+02 7.8253497314e+02 7.8268902588e+02 7.8281298828e+02 7.8290997314e+02 7.8310302734e+02 7.8335198975e+02 7.8359899902e+02 7.8383197021e+02 7.8402197266e+02 7.8419000244e+02 7.8431799316e+02 7.8440698242e+02 7.8449700928e+02 7.8455297852e+02 7.8456799316e+02 7.8458898926e+02 7.8461602783e+02 7.8465698242e+02 7.8475299072e+02 7.8488397217e+02 7.8502001953e+02 7.8513598633e+02 7.8524902344e+02 7.8539697266e+02 7.8557202148e+02 7.8573199463e+02 7.8592498779e+02 7.8611102295e+02 7.8623297119e+02 7.8634600830e+02
7.8052899170e+02 7.8060198975e+02 7.8070898438e+02 7.8085699463e+02 7.8102398682e+02 7.8120098877e+02 7.8134301758e+02 7.8142999268e+02 7.8145001221e+02 7.8143798828e+02 7.8146697998e+02 7.8154302979e+02 7.8165502930e+02 7.8176800537e+02 7.8190502930e+02 7.8206298828e+02 7.8222497559e+02 7.8243200684e+02 7.8256701660e+02 7.8264898682e+02 7.8284600830e+02 7.8318402100e+02 7.8348297119e+02 7.8370501709e+02 7.8383599854e+02 7.8394000244e+02 7.8404199219e+02 7.8413897705e+02 7.8425598145e+02 7.8435101318e+02 7.8438201904e+02 7.8439202881e+02 7.8440100098e+02 7.8442297363e+02 7.8452001953e+02 7.8466998291e+02 7.8482800293e+02 7.8491699219e+02 7.8498999023e+02 7.8511401367e+02 7.8530700684e+02 7.8546197510e+02 7.8565301514e+02 7.8584301758e+02 7.8596697998e+02 7.8605999756e+02
7.8019097900e+02 7.8028601074e+02 7.8042102051e+02 7.8060198975e+02 7.8079498291e+02 7.8102001953e+02 7.8118902588e+02 7.8128198242e+02 7.8130999756e+02 7.8129400635e+02 7.8130401611e+02 7.8134301758e+02 7.8140600586e+02 7.8147497559e+02 7.8159399414e+02 7.8175799561e+02 7.8194897461e+02 7.8214501953e+02 7.8231298828e+02 7.8241497803e+02 7.8264398193e+02 7.8300097656e+02 7.8332897949e+02 7.8357202148e+02 7.8368701172e+02 7.8370898438e+02 7.8376800537e+02 7.8386401367e+02 7.8396002197e+02 7.8402600098e+02 7.8407299805e+02 7.8408898926e+02 7.8412799072e+02 7.8418597412e+02 7.8427001953e+02 7.8440197754e+02 7.8454797363e+02 7.8468402100e+02 7.8476599121e+02 7.8487402344e+02 7.8505499268e+02 7.8519702148e+02 7.8536401367e+02 7.8554699707e+02 7.8568499756e+02 7.8578198242e+02
7.7990600586e+02 7.8001000977e+02 7.8016101074e+02 7.8036602783e+02 7.8059197998e+02 7.8085302734e+02 7.8104699707e+02 7.8114202881e+02 7.8116302490e+02 7.8117401123e+02 7.8117199707e+02 7.8115802002e+02 7.8116302490e+02 7.8121301270e+02 7.8131701660e+02 7.8148602295e+02 7.8170098877e+02 7.8194396973e+02 7.8209899902e+02 7.8217700195e+02 7.8240100098e+02 7.8278198242e+02 7.8310797119e+02 7.8335699463e+02 7.8346899414e+02 7.8353002930e+02 7.8355902100e+02 7.8358197021e+02 7.8362200928e+02 7.8365600586e+02 7.8371899414e+02 7.8378002930e+02 7.8386602783e+02 7.8391900635e+02 7.8398699951e+02 7.8407800293e+02 7.8418597412e+02 7.8435699463e+02 7.8451000977e+02 7.8464001465e+02 7.8477301025e+02 7.8492297363e+02 7.8510601807e+02 7.8527899170e+02 7.8539697266e+02 7.8548999023e+02
7.7965100098e+02 7.7977197266e+02 7.7993701172e+02 7.8015002441e+02 7.8038201904e+02 7.8060797119e+02 7.8078302002e+02 7.8090399170e+02 7.8095397949e+02 7.8097497559e+02 7.8097601318e+02 7.8095300293e+02 7.8094702148e+02 7.8097998047e+02 7.8106097412e+02 7.8121600342e+02 7.8145300293e+02 7.8178802490e+02 7.8191998291e+02 7.8197998047e+02 7.8217797852e+02 7.8250598145e+02 7.8279101563e+02 7.8302801514e+02 7.8317901611e+02 7.8327301025e+02 7.8330700684e+02 7.8329998779e+02 7.8331097412e+02 7.8332800293e+02 7.8339898682e+02 7.8346801758e+02 7.8354602051e+02 7.8361602783e+02 7.8370501709e+02 7.8380200195e+02 7.8386901855e+02 7.8400598145e+02 7.8418200684e+02 7.8435198975e+02 7.8450402832e+02 7.8466302490e+02 7.8483898926e+02 7.8499200439e+02 7.8509802246e+02 7.8518499756e+02
7.7940600586e+02 7.7954199219e+02 7.7971099854e+02 7.7991101074e+02 7.8011602783e+02 7.8029498291e+02 7.8046002197e+02 7.8061297607e+02 7.8070001221e+02 7.8073699951e+02 7.8075598145e+02 7.8075402832e+02 7.8076501465e+02 7.8078198242e+02 7.8084100342e+02 7.8097198486e+02 7.8116198730e+02 7.8147198486e+02 7.8165997314e+02 7.8175500488e+02 7.8194897461e+02 7.8220001221e+02 7.8242498779e+02 7.8263897705e+02 7.8282098389e+02 7.8290600586e+02 7.8297601318e+02 7.8301898193e+02 7.8306500244e+02 7.8308801270e+02 7.8313000488e+02 7.8313897705e+02 7.8316497803e+02 7.8326098633e+02 7.8338000488e+02 7.8350402832e+02 7.8357098389e+02 7.8366699219e+02 7.8383898926e+02 7.8403900146e+02 7.8423498535e+02 7.8439599609e+02 7.8454699707e+02 7.8467498779e+02 7.8478198242e+02 7.8487799072e+02
7.7908801270e+02 7.7928698730e+02 7.7946600342e+02 7.7964801025e+02 7.7981097412e+02 7.7999102783e+02 7.8016900635e+02 7.8032702637e+02 7.8044201660e+02 7.8052197266e+02 7.8056201172e+02 7.8057702637e+02 7.8059197998e+02 7.8062701416e+02 7.8067797852e+02 7.8078601074e+02 7.8094799805e+02 7.8116400146e+02 7.8136798096e+02 7.8148999023e+02 7.8167700195e+02 7.8192199707e+02 7.8210101318e+02 7.8227502441e+02 7.8245800781e+02 7.8256597900e+02 7.8266802979e+02 7.8273400879e+02 7.8280200195e+02 7.8286700439e+02 7.8286901855e+02 7.8278698730e+02 7.8276898193e+02 7.8286798096e+02 7.8299902344e+02 7.8313897705e+02 7.8322601318e+02 7.8336199951e+02 7.8353198242e+02 7.8373797607e+02 7.8396600342e+02 7.8413000488e+02 7.8426501465e+02 7.8437298584e+02 7.8447601318e+02 7.8458099365e+02
7.7885601807e+02 7.7906896973e+02 7.7923901367e+02 7.7937701416e+02 7.7952197266e+02 7.7973699951e+02 7.7990301514e+02 7.8003399658e+02 7.8014801025e+02 7.8026300049e+02 7.8032800293e+02 7.8037500000e+02 7.8043798828e+02 7.8049401855e+02 7.8053900146e+02 7.8062701416e+02 7.8075701904e+02 7.8092700195e+02 7.8110400391e+02 7.8121398926e+02 7.8138299561e+02 7.8160400391e+02 7.8176202393e+02 7.8191497803e+02 7.8209301758e+02 7.8223901367e+02 7.8231500244e+02 7.8234600830e+02 7.8239697266e+02 7.8247698975e+02 7.8251702881e+02 7.8247302246e+02 7.8248602295e+02 7.8255297852e+02 7.8267297363e+02 7.8281701660e+02 7.8291900635e+02 7.8306298828e+02 7.8323602295e+02 7.8346099854e+02 7.8374298096e+02 7.8395001221e+02 7.8407598877e+02 7.8414501953e+02 7.8421600342e+02 7.8431500244e+02
7.7857800293e+02 7.7878802490e+02 7.7892102051e+02 7.7900500488e+02 7.7910998535e+02 7.7931896973e+02 7.7950598145e+02 7.7967999268e+02 7.7982501221e+02 7.7996697998e+02 7.8007202148e+02 7.8016497803e+02 7.8026800537e+02 7.8034002686e+02 7.8039202881e+02 7.8046600342e+02 7.8057000732e+02 7.8069299316e+02 7.8084802246e+02 7.8096502686e+02 7.8111798096e+02 7.8127502441e+02 7.8140997314e+02 7.8155401611e+02 7.8170599365e+02 7.8181298828e+02 7.8188098145e+02 7.8193499756e+02 7.8199700928e+02 7.8206500244e+02 7.8214898682e+02 7.8219396973e+02 7.8225402832e+02 7.8229797363e+02 7.8236999512e+02 7.8248297119e+02 7.8259698486e+02 7.8275299072e+02 7.8292999268e+02 7.8317901611e+02 7.8352600098e+02 7.8378802490e+02 7.8391497803e+02 7.8395202637e+02 7.8398297119e+02 7.8407702637e+02
7.7820898438e+02 7.7838500977e+02 7.7847802734e+02 7.7853100586e+02 7.7860601807e+02 7.7876599121e+02 7.7897698975e+02 7.7921099854e+02 7.7941601563e+02 7.7961199951e+02 7.7976599121e+02 7.7990100098e+02 7.8003802490e+02 7.8014697266e+02 7.8023699951e+02 7.8032202148e+02 7.8039398193e+02 7.8045898438e+02 7.8059698486e+02 7.8074298096e+02 7.8091601563e+02 7.8102502441e+02 7.8111999512e+02 7.8123400879e+02 7.8134600830e+02 7.8142498779e+02 7.8149700928e+02 7.8157800293e+02 7.8165399170e+02 7.8174298096e+02 7.8186401367e+02 7.8196997070e+02 7.8202001953e+02 7.8203100586e+02 7.8205297852e+02 7.8213201904e+02 7.8225598145e+02 7.8241198730e+02 7.8258502197e+02 7.8283898926e+02 7.8321997070e+02 7.8352801514e+02 7.8367297363e+02 7.8371002197e+02 7.8374401855e+02 7.8384497070e+02
