TESTSERVER/23/4.asc
NCOLS 100
NROWS 100
XLLCORNER 8.6497500000e+03
YLLCORNER 2.8975025000e+05
CELLSIZE 5.0000000000e-01
NODATA_VALUE -9.9990000000e+03
[rows 20 to 39 of 100, columns 46 to 91 of 100]
7.6857702637e+02 7.6876202393e+02 7.6891699219e+02 7.6910302734e+02 7.6930297852e+02 7.6951800537e+02 7.6972698975e+02 7.6989099121e+02 7.7006799316e+02 7.7025000000e+02 7.7044299316e+02 7.7064300537e+02 7.7085699463e+02 7.7108697510e+02 7.7134197998e+02 7.7160699463e+02 7.7184600830e+02 7.7203900146e+02 7.7217999268e+02 7.7237500000e+02 7.7256402588e+02 7.7273602295e+02 7.7289599609e+02 7.7301000977e+02 7.7317602539e+02 7.7335601807e+02 7.7354400635e+02 7.7369799805e+02 7.7385699463e+02 7.7402600098e+02 7.7418499756e+02 7.7438897705e+02 7.7457501221e+02 7.7475299072e+02 7.7494097900e+02 7.7511297607e+02 7.7527301025e+02 7.7542700195e+02 7.7558099365e+02 7.7565197754e+02 7.7581298828e+02 7.7599597168e+02 7.7612200928e+02 7.7615997314e+02 7.7618103027e+02 7.7626397705e+02
7.6827398682e+02 7.6844201660e+02 7.6862097168e+02 7.6883099365e+02 7.6906298828e+02 7.6929602051e+02 7.6950299072e+02 7.6966699219e+02 7.6984600830e+02 7.7003802490e+02 7.7024597168e+02 7.7045202637e+02 7.7066302490e+02 7.7089099121e+02 7.7115802002e+02 7.7146697998e+02 7.7174298096e+02 7.7193902588e+02 7.7204498291e+02 7.7218798828e+02 7.7236102295e+02 7.7254602051e+02 7.7271301270e+02 7.7283801270e+02 7.7297900391e+02 7.7313598633e+02 7.7328900146e+02 7.7343499756e+02 7.7360498047e+02 7.7379302979e+02 7.7398999023e+02 7.7418798828e+02 7.7437097168e+02 7.7453997803e+02 7.7469702148e+02 7.7485900879e+02 7.7501300049e+02 7.7515899658e+02 7.7530603027e+02 7.7540301514e+02 7.7553997803e+02 7.7567498779e+02 7.7580999756e+02 7.7592401123e+02 7.7594201660e+02 7.7599401855e+02
7.6802398682e+02 7.6818499756e+02 7.6837402344e+02 7.6859802246e+02 7.6883502197e+02 7.6906298828e+02 7.6926098633e+02 7.6943499756e+02 7.6962402344e+02 7.6983001709e+02 7.7004901123e+02 7.7025701904e+02 7.7046600342e+02 7.7069000244e+02 7.7094799805e+02 7.7127600098e+02 7.7159301758e+02 7.7182000732e+02 7.7191400146e+02 7.7200500488e+02 7.7215502930e+02 7.7233001709e+02 7.7250299072e+02 7.7263098145e+02 7.7276397705e+02 7.7290399170e+02 7.7303698730e+02 7.7318597412e+02 7.7334899902e+02 7.7354302979e+02 7.7376702881e+02 7.7396197510e+02 7.7413702393e+02 7.7429699707e+02 7.7444097900e+02 7.7460302734e+02 7.7476098633e+02 7.7490100098e+02 7.7503002930e+02 7.7513702393e+02 7.7526898193e+02 7.7537597656e+02 7.7548901367e+02 7.7564398193e+02 7.7571301270e+02 7.7577801514e+02
7.6783001709e+02 7.6799499512e+02 7.6819000244e+02 7.6840502930e+02 7.6862597656e+02 7.6883099365e+02 7.6901098633e+02 7.6919702148e+02 7.6939801025e+02 7.6961602783e+02 7.6984301758e+02 7.7005401611e+02 7.7026202393e+02 7.7047998047e+02 7.7071002197e+02 7.7102099609e+02 7.7136499023e+02 7.7163299561e+02 7.7175402832e+02 7.7180798340e+02 7.7193902588e+02 7.7210998535e+02 7.7228497314e+02 7.7241699219e+02 7.7254998779e+02 7.7268103027e+02 7.7280499268e+02 7.7295898438e+02 7.7311700439e+02 7.7329998779e+02 7.7351702881e+02 7.7371899414e+02 7.7389202881e+02 7.7404797363e+02 7.7418798828e+02 7.7436401367e+02 7.7453100586e+02 7.7466998291e+02 7.7478802490e+02 7.7490399170e+02 7.7504199219e+02 7.7515600586e+02 7.7526599121e+02 7.7541302490e+02 7.7551397705e+02 7.7561999512e+02
7.6766601563e+02 7.6784899902e+02 7.6803900146e+02 7.6822998047e+02 7.6842297363e+02 7.6860302734e+02 7.6876702881e+02 7.6895697021e+02 7.6916302490e+02 7.6938098145e+02 7.6959802246e+02 7.6983898926e+02 7.7005700684e+02 7.7026501465e+02 7.7044500732e+02 7.7071398926e+02 7.7104699707e+02 7.7134802246e+02 7.7154998779e+02 7.7160601807e+02 7.7172802734e+02 7.7190197754e+02 7.7210302734e+02 7.7223699951e+02 7.7236499023e+02 7.7248400879e+02 7.7260498047e+02 7.7275299072e+02 7.7290698242e+02 7.7307501221e+02 7.7327099609e+02 7.7346600342e+02 7.7364099121e+02 7.7380200195e+02 7.7397497559e+02 7.7415802002e+02 7.7432897949e+02 7.7446801758e+02 7.7457598877e+02 7.7468798828e+02 7.7481701660e+02 7.7494299316e+02 7.7507702637e+02 7.7522900391e+02 7.7534197998e+02 7.7546002197e+02
7.6749102783e+02 7.6768103027e+02 7.6786901855e+02 7.6803802490e+02 7.6821002197e+02 7.6838098145e+02 7.6854797363e+02 7.6873400879e+02 7.6892297363e+02 7.6911297607e+02 7.6932000732e+02 7.6957897949e+02 7.6983599854e+02 7.7006597900e+02 7.7025402832e+02 7.7049298096e+02 7.7078100586e+02 7.7106298828e+02 7.7128100586e+02 7.7138098145e+02 7.7151898193e+02 7.7170001221e+02 7.7194598389e+02 7.7211999512e+02 7.7218798828e+02 7.7225598145e+02 7.7237097168e+02 7.7253497314e+02 7.7269201660e+02 7.7285198975e+02 7.7303802490e+02 7.7322601318e+02 7.7340997314e+02 7.7358801270e+02 7.7376898193e+02 7.7395697021e+02 7.7412500000e+02 7.7426397705e+02 7.7438397217e+02 7.7450299072e+02 7.7461297607e+02 7.7473400879e+02 7.7488098145e+02 7.7504302979e+02 7.7517602539e+02 7.7530401611e+02
7.6732897949e+02 7.6750201416e+02 7.6767602539e+02 7.6783197021e+02 7.6799298096e+02 7.6816601563e+02 7.6835198975e+02 7.6853601074e+02 7.6870098877e+02 7.6885601807e+02 7.6903900146e+02 7.6930603027e+02 7.6958398438e+02 7.6984197998e+02 7.7006402588e+02 7.7030902100e+02 7.7056097412e+02 7.7080297852e+02 7.7100598145e+02 7.7114398193e+02 7.7130200195e+02 7.7148797607e+02 7.7172399902e+02 7.7190197754e+02 7.7198400879e+02 7.7206896973e+02 7.7221899414e+02 7.7240802002e+02 7.7254498291e+02 7.7265802002e+02 7.7280902100e+02 7.7300500488e+02 7.7319897461e+02 7.7338397217e+02 7.7356298828e+02 7.7375299072e+02 7.7392498779e+02 7.7406597900e+02 7.7418402100e+02 7.7429699707e+02 7.7440002441e+02 7.7453002930e+02 7.7470202637e+02 7.7487500000e+02 7.7501300049e+02 7.7514099121e+02
7.6715698242e+02 7.6730700684e+02 7.6745697021e+02 7.6761297607e+02 7.6777801514e+02 7.6796398926e+02 7.6817901611e+02 7.6837200928e+02 7.6851397705e+02 7.6863397217e+02 7.6878802490e+02 7.6905297852e+02 7.6933599854e+02 7.6960900879e+02 7.6985498047e+02 7.7010302734e+02 7.7032598877e+02 7.7053198242e+02 7.7072802734e+02 7.7090100098e+02 7.7107397461e+02 7.7125799561e+02 7.7145697021e+02 7.7163598633e+02 7.7177197266e+02 7.7190698242e+02 7.7209399414e+02 7.7229998779e+02 7.7240698242e+02 7.7246002197e+02 7.7257800293e+02 7.7279602051e+02 7.7299298096e+02 7.7317901611e+02 7.7335601807e+02 7.7354998779e+02 7.7372601318e+02 7.7387097168e+02 7.7398797607e+02 7.7409002686e+02 7.7418902588e+02 7.7433502197e+02 7.7453997803e+02 7.7470599365e+02 7.7481402588e+02 7.7492297363e+02
7.6694799805e+02 7.6708300781e+02 7.6721502686e+02 7.6739697266e+02 7.6757897949e+02 7.6777600098e+02 7.6800799561e+02 7.6822601318e+02 7.6834899902e+02 7.6843798828e+02 7.6857598877e+02 7.6882897949e+02 7.6910302734e+02 7.6938098145e+02 7.6963702393e+02 7.6987097168e+02 7.7007598877e+02 7.7026898193e+02 7.7048400879e+02 7.7067102051e+02 7.7084600830e+02 7.7101800537e+02 7.7118701172e+02 7.7138299561e+02 7.7156298828e+02 7.7171502686e+02 7.7184899902e+02 7.7206701660e+02 7.7219897461e+02 7.7227697754e+02 7.7239697266e+02 7.7259002686e+02 7.7277697754e+02 7.7296002197e+02 7.7314202881e+02 7.7334698486e+02 7.7352899170e+02 7.7368298340e+02 7.7381298828e+02 7.7390002441e+02 7.7400500488e+02 7.7416802979e+02 7.7439099121e+02 7.7454998779e+02 7.7462402344e+02 7.7470898438e+02
7.6671398926e+02 7.6685797119e+02 7.6703198242e+02 7.6722100830e+02 7.6739801025e+02 7.6757702637e+02 7.6780200195e+02 7.6803100586e+02 7.6815997314e+02 7.6825701904e+02 7.6839501953e+02 7.6860601807e+02 7.6887298584e+02 7.6917199707e+02 7.6944598389e+02 7.6967102051e+02 7.6987701416e+02 7.7007202148e+02 7.7027001953e+02 7.7045697021e+02 7.7063201904e+02 7.7080200195e+02 7.7098199463e+02 7.7115899658e+02 7.7133898926e+02 7.7148901367e+02 7.7161199951e+02 7.7179498291e+02 7.7195697021e+02 7.7209600830e+02 7.7223199463e+02 7.7240600586e+02 7.7258001709e+02 7.7275701904e+02 7.7294396973e+02 7.7314001465e+02 7.7332397461e+02 7.7348498535e+02 7.7362402344e+02 7.7371899414e+02 7.7382598877e+02 7.7397698975e+02 7.7419201660e+02 7.7436602783e+02 7.7445098877e+02 7.7453900146e+02
7.6652197266e+02 7.6667498779e+02 7.6687298584e+02 7.6705603027e+02 7.6722399902e+02 7.6738702393e+02 7.6757501221e+02 7.6779199219e+02 7.6795397949e+02 7.6809301758e+02 7.6824499512e+02 7.6843298340e+02 7.6867901611e+02 7.6896801758e+02 7.6923699951e+02 7.6945697021e+02 7.6966601563e+02 7.6986297607e+02 7.7006097412e+02 7.7025500488e+02 7.7043597412e+02 7.7061401367e+02 7.7079199219e+02 7.7095098877e+02 7.7112500000e+02 7.7127697754e+02 7.7140399170e+02 7.7158099365e+02 7.7175897217e+02 7.7192401123e+02 7.7207897949e+02 7.7224597168e+02 7.7241101074e+02 7.7257702637e+02 7.7274902344e+02 7.7293499756e+02 7.7311499023e+02 7.7327801514e+02 7.7342199707e+02 7.7351898193e+02 7.7361901855e+02 7.7376000977e+02 7.7394799805e+02 7.7410998535e+02 7.7421697998e+02 7.7431701660e+02
7.6636401367e+02 7.6652099609e+02 7.6671600342e+02 7.6689898682e+02 7.6706201172e+02 7.6721502686e+02 7.6736199951e+02 7.6756402588e+02 7.6776397705e+02 7.6794299316e+02 7.6810900879e+02 7.6828399658e+02 7.6850799561e+02 7.6876599121e+02 7.6901397705e+02 7.6923400879e+02 7.6944396973e+02 7.6964801025e+02 7.6985601807e+02 7.7005798340e+02 7.7024798584e+02 7.7043701172e+02 7.7063500977e+02 7.7081097412e+02 7.7097698975e+02 7.7111798096e+02 7.7123901367e+02 7.7140997314e+02 7.7159399414e+02 7.7177001953e+02 7.7193103027e+02 7.7209100342e+02 7.7224700928e+02 7.7239801025e+02 7.7255401611e+02 7.7272601318e+02 7.7289898682e+02 7.7305999756e+02 7.7320599365e+02 7.7330603027e+02 7.7340301514e+02 7.7353698730e+02 7.7370800781e+02 7.7385900879e+02 7.7397698975e+02 7.7408801270e+02
7.6623297119e+02 7.6638800049e+02 7.6654797363e+02 7.6672802734e+02 7.6689801025e+02 7.6705902100e+02 7.6722399902e+02 7.6738598633e+02 7.6759600830e+02 7.6779699707e+02 7.6797802734e+02 7.6815899658e+02 7.6836199951e+02 7.6857598877e+02 7.6879302979e+02 7.6900402832e+02 7.6921997070e+02 7.6943798828e+02 7.6965301514e+02 7.6985900879e+02 7.7005401611e+02 7.7025500488e+02 7.7049298096e+02 7.7073602295e+02 7.7087402344e+02 7.7097100830e+02 7.7109399414e+02 7.7126202393e+02 7.7144598389e+02 7.7162597656e+02 7.7178802490e+02 7.7194396973e+02 7.7208502197e+02 7.7221697998e+02 7.7234002686e+02 7.7250299072e+02 7.7267297363e+02 7.7283801270e+02 7.7296502686e+02 7.7308197021e+02 7.7319000244e+02 7.7332800293e+02 7.7351098633e+02 7.7369799805e+02 7.7382202148e+02 7.7392297363e+02
7.6611102295e+02 7.6626397705e+02 7.6640002441e+02 7.6655902100e+02 7.6672497559e+02 7.6688500977e+02 7.6703997803e+02 7.6721099854e+02 7.6740399170e+02 7.6760797119e+02 7.6779901123e+02 7.6798797607e+02 7.6818402100e+02 7.6838201904e+02 7.6857000732e+02 7.6877398682e+02 7.6900598145e+02 7.6924298096e+02 7.6946697998e+02 7.6966497803e+02 7.6985797119e+02 7.7005999756e+02 7.7031597900e+02 7.7059197998e+02 7.7073498535e+02 7.7080401611e+02 7.7092401123e+02 7.7109399414e+02 7.7127899170e+02 7.7147497559e+02 7.7166302490e+02 7.7182702637e+02 7.7195397949e+02 7.7206097412e+02 7.7217102051e+02 7.7231402588e+02 7.7248699951e+02 7.7266302490e+02 7.7280297852e+02 7.7290997314e+02 7.7302801514e+02 7.7317401123e+02 7.7333599854e+02 7.7349499512e+02 7.7360699463e+02 7.7368701172e+02
7.6600799561e+02 7.6615502930e+02 7.6626397705e+02 7.6639898682e+02 7.6654199219e+02 7.6668402100e+02 7.6682299805e+02 7.6697497559e+02 7.6715502930e+02 7.6735498047e+02 7.6755603027e+02 7.6775701904e+02 7.6795898438e+02 7.6816101074e+02 7.6835101318e+02 7.6856799316e+02 7.6881500244e+02 7.6906597900e+02 7.6930401611e+02 7.6949700928e+02 7.6968402100e+02 7.6988397217e+02 7.7012402344e+02 7.7039001465e+02 7.7054901123e+02 7.7063702393e+02 7.7077099609e+02 7.7093402100e+02 7.7110998535e+02 7.7129901123e+02 7.7150701904e+02 7.7169201660e+02 7.7181701660e+02 7.7191198730e+02 7.7201202393e+02 7.7215399170e+02 7.7232598877e+02 7.7250299072e+02 7.7266400146e+02 7.7276898193e+02 7.7286499023e+02 7.7298901367e+02 7.7311901855e+02 7.7322497559e+02 7.7329998779e+02 7.7338500977e+02
7.6591699219e+02 7.6606597900e+02 7.6614501953e+02 7.6624499512e+02 7.6636199951e+02 7.6648297119e+02 7.6660699463e+02 7.6673797607e+02 7.6689697266e+02 7.6708001709e+02 7.6728399658e+02 7.6750799561e+02 7.6772497559e+02 7.6794299316e+02 7.6815301514e+02 7.6838702393e+02 7.6864697266e+02 7.6890698242e+02 7.6915002441e+02 7.6934002686e+02 7.6952899170e+02 7.6973297119e+02 7.6995800781e+02 7.7018902588e+02 7.7035302734e+02 7.7047198486e+02 7.7063500977e+02 7.7080700684e+02 7.7097698975e+02 7.7114599609e+02 7.7134100342e+02 7.7153198242e+02 7.7165997314e+02 7.7175500488e+02 7.7185302734e+02 7.7198699951e+02 7.7215100098e+02 7.7232299805e+02 7.7248699951e+02 7.7258398438e+02 7.7265802002e+02 7.7275500488e+02 7.7286297607e+02 7.7298101807e+02 7.7306201172e+02 7.7314300537e+02
7.6582897949e+02 7.6599200439e+02 7.6604400635e+02 7.6611297607e+02 7.6620599365e+02 7.6631500244e+02 7.6643701172e+02 7.6655798340e+02 7.6669299316e+02 7.6685198975e+02 7.6705603027e+02 7.6728198242e+02 7.6751898193e+02 7.6775799561e+02 7.6799597168e+02 7.6823602295e+02 7.6849401855e+02 7.6875000000e+02 7.6897998047e+02 7.6917700195e+02 7.6938598633e+02 7.6961499023e+02 7.6985998535e+02 7.7002899170e+02 7.7018402100e+02 7.7032702637e+02 7.7050799561e+02 7.7071197510e+02 7.7089099121e+02 7.7103802490e+02 7.7118298340e+02 7.7135198975e+02 7.7148400879e+02 7.7159301758e+02 7.7169000244e+02 7.7179302979e+02 7.7194097900e+02 7.7210302734e+02 7.7224499512e+02 7.7235699463e+02 7.7243902588e+02 7.7252001953e+02 7.7259997559e+02 7.7270599365e+02 7.7280499268e+02 7.7290197754e+02
7.6568902588e+02 7.6585198975e+02 7.6591900635e+02 7.6600097656e+02 7.6609899902e+02 7.6621002197e+02 7.6633502197e+02 7.6644702148e+02 7.6655603027e+02 7.6669598389e+02 7.6688800049e+02 7.6712200928e+02 7.6735900879e+02 7.6759600830e+02 7.6783697510e+02 7.6807501221e+02 7.6831701660e+02 7.6855902100e+02 7.6880200195e+02 7.6902099609e+02 7.6925598145e+02 7.6951300049e+02 7.6974499512e+02 7.6988800049e+02 7.7003100586e+02 7.7016802979e+02 7.7033099365e+02 7.7057800293e+02 7.7078100586e+02 7.7091998291e+02 7.7103100586e+02 7.7118402100e+02 7.7130902100e+02 7.7141802979e+02 7.7150897217e+02 7.7159802246e+02 7.7172198486e+02 7.7186199951e+02 7.7199597168e+02 7.7209600830e+02 7.7216802979e+02 7.7225598145e+02 7.7234100342e+02 7.7241900635e+02 7.7253198242e+02 7.7265399170e+02
7.6557000732e+02 7.6573699951e+02 7.6584802246e+02 7.6596099854e+02 7.6607501221e+02 7.6619000244e+02 7.6630499268e+02 7.6639599609e+02 7.6647802734e+02 7.6659002686e+02 7.6676898193e+02 7.6700701904e+02 7.6723400879e+02 7.6745697021e+02 7.6768402100e+02 7.6791198730e+02 7.6814099121e+02 7.6837298584e+02 7.6860900879e+02 7.6883398438e+02 7.6907897949e+02 7.6933599854e+02 7.6956402588e+02 7.6970898438e+02 7.6986199951e+02 7.6999597168e+02 7.7014001465e+02 7.7038000488e+02 7.7059301758e+02 7.7074102783e+02 7.7084497070e+02 7.7098498535e+02 7.7110601807e+02 7.7121697998e+02 7.7131298828e+02 7.7139599609e+02 7.7150701904e+02 7.7163897705e+02 7.7177697754e+02 7.7184100342e+02 7.7187402344e+02 7.7195202637e+02 7.7205200195e+02 7.7214202881e+02 7.7225799561e+02 7.7235699463e+02
7.6551599121e+02 7.6569799805e+02 7.6584100342e+02 7.6597601318e+02 7.6611297607e+02 7.6623498535e+02 7.6633697510e+02 7.6640698242e+02 7.6646600342e+02 7.6654699707e+02 7.6669799805e+02 7.6692498779e+02 7.6713000488e+02 7.6732702637e+02 7.6753399658e+02 7.6775402832e+02 7.6797100830e+02 7.6819299316e+02 7.6841101074e+02 7.6862799072e+02 7.6887200928e+02 7.6912500000e+02 7.6935498047e+02 7.6952099609e+02 7.6968298340e+02 7.6981402588e+02 7.6993798828e+02 7.7014599609e+02 7.7035601807e+02 7.7051599121e+02 7.7062597656e+02 7.7075799561e+02 7.7088201904e+02 7.7100500488e+02 7.7110998535e+02 7.7119097900e+02 7.7129901123e+02 7.7143701172e+02 7.7161297607e+02 7.7167401123e+02 7.7163897705e+02 7.7165802002e+02 7.7171801758e+02 7.7176800537e+02 7.7184100342e+02 7.7189099121e+02
