TESTSERVER/23/4.asc
NCOLS 100
NROWS 100
XLLCORNER 8.6497500000e+03
YLLCORNER 2.8975025000e+05
CELLSIZE 5.0000000000e-01
NODATA_VALUE -9.9990000000e+03
[rows 60 to 79 of 100, columns 46 to 91 of 100]
7.6344500732e+02 7.6358099365e+02 7.6370898438e+02 7.6387799072e+02 7.6409301758e+02 7.6434497070e+02 7.6460900879e+02 7.6487500000e+02 7.6509802246e+02 7.6529699707e+02 7.6547100830e+02 7.6569799805e+02 7.6588098145e+02 7.6604699707e+02 7.6619396973e+02 7.6632501221e+02 7.6648602295e+02 7.6665100098e+02 7.6679199219e+02 7.6692700195e+02 7.6703997803e+02 7.6711798096e+02 7.6721301270e+02 7.6737402344e+02 7.6730401611e+02 7.6692700195e+02 7.6665698242e+02 7.6668798828e+02 7.6682202148e+02 7.6719000244e+02 7.6754498291e+02 7.6759802246e+02 7.6763201904e+02 7.6767199707e+02 7.6771197510e+02 7.6771197510e+02 7.6771002197e+02 7.6770800781e+02 7.6772497559e+02 7.6778002930e+02 7.6783300781e+02 7.6787298584e+02 7.6789801025e+02 7.6797802734e+02 7.6805902100e+02 7.6809899902e+02
7.6321002197e+02 7.6335900879e+02 7.6351702881e+02 7.6370001221e+02 7.6392999268e+02 7.6418701172e+02 7.6445501709e+02 7.6469201660e+02 7.6489599609e+02 7.6508300781e+02 7.6528997803e+02 7.6552899170e+02 7.6575500488e+02 7.6596697998e+02 7.6615802002e+02 7.6630798340e+02 7.6644396973e+02 7.6659002686e+02 7.6673498535e+02 7.6687298584e+02 7.6696997070e+02 7.6704101563e+02 7.6712097168e+02 7.6722198486e+02 7.6700402832e+02 7.6663201904e+02 7.6650598145e+02 7.6654498291e+02 7.6670800781e+02 7.6711798096e+02 7.6742297363e+02 7.6746600342e+02 7.6749798584e+02 7.6752697754e+02 7.6753302002e+02 7.6752001953e+02 7.6750598145e+02 7.6748602295e+02 7.6748999023e+02 7.6752197266e+02 7.6754901123e+02 7.6757598877e+02 7.6760302734e+02 7.6770800781e+02 7.6783801270e+02 7.6791601563e+02
7.6301202393e+02 7.6317199707e+02 7.6334197998e+02 7.6352801514e+02 7.6375897217e+02 7.6401800537e+02 7.6428802490e+02 7.6451397705e+02 7.6470098877e+02 7.6487298584e+02 7.6505999756e+02 7.6530102539e+02 7.6555200195e+02 7.6579797363e+02 7.6604602051e+02 7.6625897217e+02 7.6641198730e+02 7.6654199219e+02 7.6665100098e+02 7.6676000977e+02 7.6683099365e+02 7.6689898682e+02 7.6699700928e+02 7.6705200195e+02 7.6671801758e+02 7.6639099121e+02 7.6636499023e+02 7.6643499756e+02 7.6663500977e+02 7.6702502441e+02 7.6726000977e+02 7.6729699707e+02 7.6733697510e+02 7.6734899902e+02 7.6733197021e+02 7.6732897949e+02 7.6731298828e+02 7.6728100586e+02 7.6727099609e+02 7.6728399658e+02 7.6729400635e+02 7.6731097412e+02 7.6733898926e+02 7.6743200684e+02 7.6756298828e+02 7.6765698242e+02
7.6284802246e+02 7.6301800537e+02 7.6318597412e+02 7.6335198975e+02 7.6357299805e+02 7.6382598877e+02 7.6411102295e+02 7.6433898926e+02 7.6450799561e+02 7.6465899658e+02 7.6481402588e+02 7.6504302979e+02 7.6530102539e+02 7.6556201172e+02 7.6583300781e+02 7.6610601807e+02 7.6632501221e+02 7.6647399902e+02 7.6654302979e+02 7.6661102295e+02 7.6665399170e+02 7.6670898438e+02 7.6679998779e+02 7.6679797363e+02 7.6644799805e+02 7.6621502686e+02 7.6621099854e+02 7.6630499268e+02 7.6654797363e+02 7.6690100098e+02 7.6707299805e+02 7.6710900879e+02 7.6715502930e+02 7.6715399170e+02 7.6712597656e+02 7.6713800049e+02 7.6713098145e+02 7.6710101318e+02 7.6708502197e+02 7.6708001709e+02 7.6708099365e+02 7.6710101318e+02 7.6713201904e+02 7.6718499756e+02 7.6728802490e+02 7.6737902832e+02
7.6273199463e+02 7.6291198730e+02 7.6305902100e+02 7.6316101074e+02 7.6335198975e+02 7.6360699463e+02 7.6394299316e+02 7.6419702148e+02 7.6435400391e+02 7.6446697998e+02 7.6458398438e+02 7.6480297852e+02 7.6504400635e+02 7.6529199219e+02 7.6554400635e+02 7.6584197998e+02 7.6613800049e+02 7.6633001709e+02 7.6639501953e+02 7.6645397949e+02 7.6647802734e+02 7.6650799561e+02 7.6657501221e+02 7.6648602295e+02 7.6619897461e+02 7.6603399658e+02 7.6604400635e+02 7.6618402100e+02 7.6645300293e+02 7.6673999023e+02 7.6686102295e+02 7.6691400146e+02 7.6695599365e+02 7.6696600342e+02 7.6694201660e+02 7.6695001221e+02 7.6694702148e+02 7.6692999268e+02 7.6691699219e+02 7.6690399170e+02 7.6691101074e+02 7.6694299316e+02 7.6698101807e+02 7.6701098633e+02 7.6707897949e+02 7.6715802002e+02
7.6265502930e+02 7.6282098389e+02 7.6292401123e+02 7.6298297119e+02 7.6311199951e+02 7.6334600830e+02 7.6368298340e+02 7.6400500488e+02 7.6419500732e+02 7.6430798340e+02 7.6442102051e+02 7.6464099121e+02 7.6487799072e+02 7.6509802246e+02 7.6531799316e+02 7.6564501953e+02 7.6597802734e+02 7.6617102051e+02 7.6623498535e+02 7.6629602051e+02 7.6631402588e+02 7.6632299805e+02 7.6634100342e+02 7.6626098633e+02 7.6601702881e+02 7.6585198975e+02 7.6591101074e+02 7.6604998779e+02 7.6632598877e+02 7.6658502197e+02 7.6667700195e+02 7.6670202637e+02 7.6673699951e+02 7.6678198242e+02 7.6680700684e+02 7.6681402588e+02 7.6679998779e+02 7.6677801514e+02 7.6676501465e+02 7.6675500488e+02 7.6676599121e+02 7.6680200195e+02 7.6684301758e+02 7.6689501953e+02 7.6696002197e+02 7.6702001953e+02
7.6262701416e+02 7.6277600098e+02 7.6283398438e+02 7.6286999512e+02 7.6295800781e+02 7.6314202881e+02 7.6342797852e+02 7.6371801758e+02 7.6392102051e+02 7.6407000732e+02 7.6422802734e+02 7.6446997070e+02 7.6470098877e+02 7.6490301514e+02 7.6512097168e+02 7.6547998047e+02 7.6582000732e+02 7.6601599121e+02 7.6609197998e+02 7.6612200928e+02 7.6612298584e+02 7.6612597656e+02 7.6617199707e+02 7.6610302734e+02 7.6582897949e+02 7.6566400146e+02 7.6574798584e+02 7.6594396973e+02 7.6625598145e+02 7.6646997070e+02 7.6649902344e+02 7.6648297119e+02 7.6653601074e+02 7.6663397217e+02 7.6670202637e+02 7.6671301270e+02 7.6669000244e+02 7.6666699219e+02 7.6666497803e+02 7.6665698242e+02 7.6666900635e+02 7.6670202637e+02 7.6673297119e+02 7.6679400635e+02 7.6686401367e+02 7.6691198730e+02
7.6262500000e+02 7.6276898193e+02 7.6278900146e+02 7.6282501221e+02 7.6289202881e+02 7.6303002930e+02 7.6324499512e+02 7.6345697021e+02 7.6365100098e+02 7.6382501221e+02 7.6401000977e+02 7.6425097656e+02 7.6447900391e+02 7.6468798828e+02 7.6492901611e+02 7.6528002930e+02 7.6559997559e+02 7.6581097412e+02 7.6593103027e+02 7.6592602539e+02 7.6591802979e+02 7.6592401123e+02 7.6598199463e+02 7.6584997559e+02 7.6556799316e+02 7.6547100830e+02 7.6557800293e+02 7.6583398438e+02 7.6615100098e+02 7.6630999756e+02 7.6629602051e+02 7.6625402832e+02 7.6632202148e+02 7.6646197510e+02 7.6656298828e+02 7.6659197998e+02 7.6658197021e+02 7.6657501221e+02 7.6659497070e+02 7.6659698486e+02 7.6661499023e+02 7.6664697266e+02 7.6666998291e+02 7.6673400879e+02 7.6680603027e+02 7.6684100342e+02
7.6260601807e+02 7.6276098633e+02 7.6274102783e+02 7.6280700684e+02 7.6288598633e+02 7.6300201416e+02 7.6317498779e+02 7.6332501221e+02 7.6349200439e+02 7.6365399170e+02 7.6380999756e+02 7.6402801514e+02 7.6426202393e+02 7.6449102783e+02 7.6474902344e+02 7.6509100342e+02 7.6535400391e+02 7.6554699707e+02 7.6567401123e+02 7.6569299316e+02 7.6571099854e+02 7.6571600342e+02 7.6570898438e+02 7.6554199219e+02 7.6532800293e+02 7.6531402588e+02 7.6540600586e+02 7.6566302490e+02 7.6590899658e+02 7.6602001953e+02 7.6605999756e+02 7.6603302002e+02 7.6609497070e+02 7.6623101807e+02 7.6634997559e+02 7.6642401123e+02 7.6645202637e+02 7.6647998047e+02 7.6651800537e+02 7.6653900146e+02 7.6657000732e+02 7.6661199951e+02 7.6666497803e+02 7.6671899414e+02 7.6677697754e+02 7.6679498291e+02
7.6235601807e+02 7.6253997803e+02 7.6259002686e+02 7.6270397949e+02 7.6282299805e+02 7.6294897461e+02 7.6310198975e+02 7.6328601074e+02 7.6343103027e+02 7.6353399658e+02 7.6365399170e+02 7.6385302734e+02 7.6408898926e+02 7.6430499268e+02 7.6453601074e+02 7.6487500000e+02 7.6511700439e+02 7.6525598145e+02 7.6535198975e+02 7.6544500732e+02 7.6551000977e+02 7.6548999023e+02 7.6541900635e+02 7.6528997803e+02 7.6512799072e+02 7.6513000488e+02 7.6522601318e+02 7.6545898438e+02 7.6567700195e+02 7.6576800537e+02 7.6581701660e+02 7.6584197998e+02 7.6589898682e+02 7.6601397705e+02 7.6612097168e+02 7.6620397949e+02 7.6628302002e+02 7.6635699463e+02 7.6642401123e+02 7.6646502686e+02 7.6650299072e+02 7.6655401611e+02 7.6661102295e+02 7.6666900635e+02 7.6669897461e+02 7.6668798828e+02
7.6207202148e+02 7.6226202393e+02 7.6241699219e+02 7.6259197998e+02 7.6273901367e+02 7.6286102295e+02 7.6299902344e+02 7.6320098877e+02 7.6334802246e+02 7.6342102051e+02 7.6349700928e+02 7.6365399170e+02 7.6387597656e+02 7.6409698486e+02 7.6432299805e+02 7.6463098145e+02 7.6484899902e+02 7.6496697998e+02 7.6506500244e+02 7.6519097900e+02 7.6528698730e+02 7.6528198242e+02 7.6519702148e+02 7.6509399414e+02 7.6496301270e+02 7.6496301270e+02 7.6505798340e+02 7.6526000977e+02 7.6546997070e+02 7.6556201172e+02 7.6560302734e+02 7.6565301514e+02 7.6570599365e+02 7.6579400635e+02 7.6589599609e+02 7.6599700928e+02 7.6609997559e+02 7.6619799805e+02 7.6628497314e+02 7.6633001709e+02 7.6636700439e+02 7.6641400146e+02 7.6646600342e+02 7.6651000977e+02 7.6652801514e+02 7.6650500488e+02
7.6190899658e+02 7.6209301758e+02 7.6228302002e+02 7.6248999023e+02 7.6265600586e+02 7.6278100586e+02 7.6289898682e+02 7.6307202148e+02 7.6321697998e+02 7.6329400635e+02 7.6335900879e+02 7.6347601318e+02 7.6366302490e+02 7.6388897705e+02 7.6414398193e+02 7.6441302490e+02 7.6459497070e+02 7.6471002197e+02 7.6482397461e+02 7.6493597412e+02 7.6504602051e+02 7.6508099365e+02 7.6501000977e+02 7.6489099121e+02 7.6477697754e+02 7.6479302979e+02 7.6489501953e+02 7.6509301758e+02 7.6529400635e+02 7.6537097168e+02 7.6540698242e+02 7.6545697021e+02 7.6553900146e+02 7.6561499023e+02 7.6569500732e+02 7.6579901123e+02 7.6589898682e+02 7.6599401855e+02 7.6608099365e+02 7.6612298584e+02 7.6615899658e+02 7.6620098877e+02 7.6624798584e+02 7.6628497314e+02 7.6629998779e+02 7.6628100586e+02
7.6181701660e+02 7.6202301025e+02 7.6219097900e+02 7.6240002441e+02 7.6258398438e+02 7.6272302246e+02 7.6283502197e+02 7.6293200684e+02 7.6303698730e+02 7.6313299561e+02 7.6323602295e+02 7.6333300781e+02 7.6349700928e+02 7.6372198486e+02 7.6397900391e+02 7.6419598389e+02 7.6436602783e+02 7.6448498535e+02 7.6461602783e+02 7.6472601318e+02 7.6481799316e+02 7.6486901855e+02 7.6480902100e+02 7.6467797852e+02 7.6458898926e+02 7.6461401367e+02 7.6472100830e+02 7.6492102051e+02 7.6511798096e+02 7.6518902588e+02 7.6522802734e+02 7.6529998779e+02 7.6542199707e+02 7.6548999023e+02 7.6551397705e+02 7.6557702637e+02 7.6565399170e+02 7.6574200439e+02 7.6582897949e+02 7.6587097168e+02 7.6591699219e+02 7.6596099854e+02 7.6601098633e+02 7.6604797363e+02 7.6606500244e+02 7.6605401611e+02
7.6162799072e+02 7.6190899658e+02 7.6210900879e+02 7.6232299805e+02 7.6251599121e+02 7.6265997314e+02 7.6276397705e+02 7.6285699463e+02 7.6294598389e+02 7.6303802490e+02 7.6312500000e+02 7.6321899414e+02 7.6338098145e+02 7.6358599854e+02 7.6379101563e+02 7.6396099854e+02 7.6412799072e+02 7.6423101807e+02 7.6436700439e+02 7.6450201416e+02 7.6460101318e+02 7.6465301514e+02 7.6462799072e+02 7.6452001953e+02 7.6442297363e+02 7.6442102051e+02 7.6452398682e+02 7.6471697998e+02 7.6492297363e+02 7.6501202393e+02 7.6505902100e+02 7.6515502930e+02 7.6527099609e+02 7.6532098389e+02 7.6531097412e+02 7.6534997559e+02 7.6541101074e+02 7.6548999023e+02 7.6557501221e+02 7.6563800049e+02 7.6571002197e+02 7.6576599121e+02 7.6580401611e+02 7.6580499268e+02 7.6580401611e+02 7.6579101563e+02
7.6140301514e+02 7.6172100830e+02 7.6197601318e+02 7.6220001221e+02 7.6239801025e+02 7.6255297852e+02 7.6267102051e+02 7.6278601074e+02 7.6290197754e+02 7.6300097656e+02 7.6307098389e+02 7.6315802002e+02 7.6328601074e+02 7.6344799805e+02 7.6360998535e+02 7.6373101807e+02 7.6387402344e+02 7.6398498535e+02 7.6412402344e+02 7.6428997803e+02 7.6441101074e+02 7.6447497559e+02 7.6445397949e+02 7.6433697510e+02 7.6424401855e+02 7.6425000000e+02 7.6433599854e+02 7.6454699707e+02 7.6475000000e+02 7.6483300781e+02 7.6488598633e+02 7.6496801758e+02 7.6505499268e+02 7.6509698486e+02 7.6509899902e+02 7.6513299561e+02 7.6519000244e+02 7.6526898193e+02 7.6535302734e+02 7.6543103027e+02 7.6552001953e+02 7.6557501221e+02 7.6557202148e+02 7.6552899170e+02 7.6550799561e+02 7.6550097656e+02
7.6115802002e+02 7.6146801758e+02 7.6177502441e+02 7.6202398682e+02 7.6222698975e+02 7.6239801025e+02 7.6254302979e+02 7.6268402100e+02 7.6284600830e+02 7.6297601318e+02 7.6305200195e+02 7.6312298584e+02 7.6319097900e+02 7.6328601074e+02 7.6340100098e+02 7.6347198486e+02 7.6359002686e+02 7.6371801758e+02 7.6387097168e+02 7.6404797363e+02 7.6419201660e+02 7.6428100586e+02 7.6427801514e+02 7.6416802979e+02 7.6408300781e+02 7.6408099365e+02 7.6414801025e+02 7.6439202881e+02 7.6460998535e+02 7.6470098877e+02 7.6475402832e+02 7.6480401611e+02 7.6485498047e+02 7.6488800049e+02 7.6489801025e+02 7.6491400146e+02 7.6496502686e+02 7.6504199219e+02 7.6512701416e+02 7.6521099854e+02 7.6529400635e+02 7.6533099365e+02 7.6529498291e+02 7.6523602295e+02 7.6521002197e+02 7.6521899414e+02
7.6095202637e+02 7.6120800781e+02 7.6154699707e+02 7.6181097412e+02 7.6202398682e+02 7.6220697021e+02 7.6238397217e+02 7.6254699707e+02 7.6273797607e+02 7.6289599609e+02 7.6298797607e+02 7.6303198242e+02 7.6304998779e+02 7.6309497070e+02 7.6317199707e+02 7.6321197510e+02 7.6330102539e+02 7.6342102051e+02 7.6356799316e+02 7.6372900391e+02 7.6389801025e+02 7.6403002930e+02 7.6406896973e+02 7.6399499512e+02 7.6392199707e+02 7.6390301514e+02 7.6394500732e+02 7.6416699219e+02 7.6441101074e+02 7.6454498291e+02 7.6462200928e+02 7.6466497803e+02 7.6469396973e+02 7.6471600342e+02 7.6471099854e+02 7.6470098877e+02 7.6475299072e+02 7.6482800293e+02 7.6488201904e+02 7.6494000244e+02 7.6499499512e+02 7.6500799561e+02 7.6497198486e+02 7.6494299316e+02 7.6492199707e+02 7.6493902588e+02
7.6091699219e+02 7.6105499268e+02 7.6129101563e+02 7.6155499268e+02 7.6179797363e+02 7.6200097656e+02 7.6219500732e+02 7.6237500000e+02 7.6257202148e+02 7.6274902344e+02 7.6287597656e+02 7.6296502686e+02 7.6295098877e+02 7.6292999268e+02 7.6296099854e+02 7.6299102783e+02 7.6304498291e+02 7.6314300537e+02 7.6327502441e+02 7.6341601563e+02 7.6360101318e+02 7.6376599121e+02 7.6385900879e+02 7.6383398438e+02 7.6377001953e+02 7.6373999023e+02 7.6376300049e+02 7.6395202637e+02 7.6421600342e+02 7.6435498047e+02 7.6443298340e+02 7.6449200439e+02 7.6451397705e+02 7.6452001953e+02 7.6453002930e+02 7.6454400635e+02 7.6456701660e+02 7.6460400391e+02 7.6464599609e+02 7.6467901611e+02 7.6470001221e+02 7.6469299316e+02 7.6467199707e+02 7.6465997314e+02 7.6464300537e+02 7.6464801025e+02
7.6093798828e+02 7.6100799561e+02 7.6111199951e+02 7.6129302979e+02 7.6153002930e+02 7.6177600098e+02 7.6201300049e+02 7.6218499756e+02 7.6236999512e+02 7.6257299805e+02 7.6274902344e+02 7.6286901855e+02 7.6283502197e+02 7.6277001953e+02 7.6277197266e+02 7.6281896973e+02 7.6285900879e+02 7.6294500732e+02 7.6308001709e+02 7.6322998047e+02 7.6340399170e+02 7.6356500244e+02 7.6367700195e+02 7.6368103027e+02 7.6363397217e+02 7.6360198975e+02 7.6361199951e+02 7.6376898193e+02 7.6401098633e+02 7.6416101074e+02 7.6424401855e+02 7.6430700684e+02 7.6433197021e+02 7.6433697510e+02 7.6434600830e+02 7.6437298584e+02 7.6439202881e+02 7.6441802979e+02 7.6446398926e+02 7.6447497559e+02 7.6446502686e+02 7.6444598389e+02 7.6443298340e+02 7.6442102051e+02 7.6438800049e+02 7.6436700439e+02
7.6094097900e+02 7.6100000000e+02 7.6103698730e+02 7.6110198975e+02 7.6126702881e+02 7.6152398682e+02 7.6181298828e+02 7.6197497559e+02 7.6213098145e+02 7.6232897949e+02 7.6254699707e+02 7.6268798828e+02 7.6266601563e+02 7.6261700439e+02 7.6264398193e+02 7.6270898438e+02 7.6275701904e+02 7.6284698486e+02 7.6298498535e+02 7.6314202881e+02 7.6329400635e+02 7.6343597412e+02 7.6354699707e+02 7.6355499268e+02 7.6349200439e+02 7.6343597412e+02 7.6341998291e+02 7.6356500244e+02 7.6380401611e+02 7.6396899414e+02 7.6406298828e+02 7.6412597656e+02 7.6415100098e+02 7.6414599609e+02 7.6414202881e+02 7.6419396973e+02 7.6425598145e+02 7.6430401611e+02 7.6432702637e+02 7.6431597900e+02 7.6428302002e+02 7.6424700928e+02 7.6423498535e+02 7.6422698975e+02 7.6417999268e+02 7.6414001465e+02
