TESTSERVER/23/5.asc
NCOLS 100
NROWS 100
XLLCORNER 8.6497500000e+03
YLLCORNER 2.8970025000e+05
CELLSIZE 5.0000000000e-01
NODATA_VALUE -9.9990000000e+03
[rows 20 to 39 of 100, columns 46 to 91 of 100]
7.5292797852e+02 7.5309899902e+02 7.5322601318e+02 7.5330700684e+02 7.5347302246e+02 7.5361499023e+02 7.5364801025e+02 7.5363897705e+02 7.5366802979e+02 7.5372399902e+02 7.5381097412e+02 7.5390899658e+02 7.5405401611e+02 7.5422802734e+02 7.5437597656e+02 7.5447497559e+02 7.5460101318e+02 7.5472601318e+02 7.5484497070e+02 7.5485998535e+02 7.5491302490e+02 7.5498498535e+02 7.5512200928e+02 7.5529101563e+02 7.5537902832e+02 7.5540802002e+02 7.5544201660e+02 7.5549499512e+02 7.5559899902e+02 7.5572399902e+02 7.5586999512e+02 7.5595501709e+02 7.5598901367e+02 7.5599597168e+02 7.5599102783e+02 7.5603198242e+02 7.5609698486e+02 7.5615802002e+02 7.5616601563e+02 7.5609600830e+02 7.5602197266e+02 7.5599102783e+02 7.5600897217e+02 7.5596197510e+02 7.5591400146e+02 7.5588201904e+02
7.5267700195e+02 7.5286102295e+02 7.5296600342e+02 7.5300402832e+02 7.5310900879e+02 7.5322302246e+02 7.5326599121e+02 7.5325598145e+02 7.5328601074e+02 7.5334899902e+02 7.5342602539e+02 7.5350201416e+02 7.5361700439e+02 7.5378497314e+02 7.5395501709e+02 7.5407598877e+02 7.5423297119e+02 7.5437298584e+02 7.5448101807e+02 7.5452398682e+02 7.5453802490e+02 7.5459197998e+02 7.5472302246e+02 7.5486401367e+02 7.5497497559e+02 7.5504797363e+02 7.5509899902e+02 7.5517797852e+02 7.5528302002e+02 7.5540399170e+02 7.5554498291e+02 7.5564501953e+02 7.5569500732e+02 7.5571997070e+02 7.5573101807e+02 7.5575799561e+02 7.5578002930e+02 7.5581201172e+02 7.5585400391e+02 7.5580700684e+02 7.5576397705e+02 7.5573699951e+02 7.5574902344e+02 7.5572802734e+02 7.5569702148e+02 7.5565600586e+02
7.5238299561e+02 7.5255603027e+02 7.5265600586e+02 7.5268103027e+02 7.5273498535e+02 7.5280603027e+02 7.5286999512e+02 7.5288500977e+02 7.5291900635e+02 7.5298101807e+02 7.5306402588e+02 7.5315197754e+02 7.5324401855e+02 7.5338702393e+02 7.5356298828e+02 7.5370001221e+02 7.5383697510e+02 7.5393902588e+02 7.5402697754e+02 7.5413299561e+02 7.5419097900e+02 7.5423199463e+02 7.5432098389e+02 7.5444702148e+02 7.5456201172e+02 7.5465802002e+02 7.5474798584e+02 7.5485498047e+02 7.5497302246e+02 7.5509600830e+02 7.5521997070e+02 7.5533197021e+02 7.5541198730e+02 7.5546197510e+02 7.5548498535e+02 7.5550598145e+02 7.5550701904e+02 7.5550500488e+02 7.5553100586e+02 7.5552197266e+02 7.5553198242e+02 7.5553302002e+02 7.5552502441e+02 7.5552197266e+02 7.5553497314e+02 7.5551599121e+02
7.5206896973e+02 7.5220001221e+02 7.5228497314e+02 7.5233001709e+02 7.5238000488e+02 7.5243597412e+02 7.5250201416e+02 7.5252600098e+02 7.5256402588e+02 7.5262902832e+02 7.5271997070e+02 7.5283197021e+02 7.5292297363e+02 7.5305102539e+02 7.5321997070e+02 7.5334497070e+02 7.5344396973e+02 7.5351397705e+02 7.5359399414e+02 7.5370800781e+02 7.5380798340e+02 7.5387097168e+02 7.5395202637e+02 7.5406201172e+02 7.5417199707e+02 7.5428302002e+02 7.5440502930e+02 7.5454302979e+02 7.5467602539e+02 7.5479998779e+02 7.5490301514e+02 7.5501599121e+02 7.5511901855e+02 7.5518798828e+02 7.5520501709e+02 7.5522302246e+02 7.5524798584e+02 7.5525799561e+02 7.5526397705e+02 7.5525701904e+02 7.5527697754e+02 7.5529699707e+02 7.5528698730e+02 7.5529699707e+02 7.5534100342e+02 7.5534197998e+02
7.5176702881e+02 7.5184002686e+02 7.5190197754e+02 7.5195501709e+02 7.5202301025e+02 7.5208898926e+02 7.5215002441e+02 7.5218597412e+02 7.5222399902e+02 7.5228497314e+02 7.5238299561e+02 7.5250701904e+02 7.5261901855e+02 7.5275000000e+02 7.5290002441e+02 7.5299597168e+02 7.5306298828e+02 7.5314398193e+02 7.5327600098e+02 7.5340002441e+02 7.5350402832e+02 7.5357897949e+02 7.5365100098e+02 7.5374200439e+02 7.5384600830e+02 7.5396197510e+02 7.5411297607e+02 7.5425402832e+02 7.5439398193e+02 7.5451599121e+02 7.5460601807e+02 7.5469299316e+02 7.5481500244e+02 7.5489202881e+02 7.5490100098e+02 7.5493298340e+02 7.5496899414e+02 7.5498901367e+02 7.5498901367e+02 7.5495800781e+02 7.5495501709e+02 7.5499298096e+02 7.5503698730e+02 7.5504199219e+02 7.5503198242e+02 7.5498498535e+02
7.5145300293e+02 7.5148901367e+02 7.5153302002e+02 7.5156402588e+02 7.5162500000e+02 7.5171502686e+02 7.5178698730e+02 7.5183001709e+02 7.5187200928e+02 7.5194097900e+02 7.5206097412e+02 7.5219500732e+02 7.5232202148e+02 7.5246099854e+02 7.5259301758e+02 7.5265399170e+02 7.5270001221e+02 7.5278002930e+02 7.5289697266e+02 7.5302099609e+02 7.5315802002e+02 7.5326397705e+02 7.5333099365e+02 7.5342999268e+02 7.5354400635e+02 7.5366601563e+02 7.5380603027e+02 7.5395800781e+02 7.5409802246e+02 7.5422198486e+02 7.5433300781e+02 7.5437597656e+02 7.5448901367e+02 7.5458300781e+02 7.5458599854e+02 7.5461297607e+02 7.5467199707e+02 7.5472698975e+02 7.5476501465e+02 7.5472497559e+02 7.5468499756e+02 7.5470697021e+02 7.5478002930e+02 7.5476397705e+02 7.5467297363e+02 7.5456701660e+02
7.5115301514e+02 7.5116900635e+02 7.5119598389e+02 7.5121398926e+02 7.5125299072e+02 7.5133001709e+02 7.5139202881e+02 7.5144201660e+02 7.5150299072e+02 7.5159399414e+02 7.5173797607e+02 7.5189001465e+02 7.5202899170e+02 7.5217297363e+02 7.5230102539e+02 7.5235601807e+02 7.5240100098e+02 7.5246002197e+02 7.5252600098e+02 7.5265100098e+02 7.5278698730e+02 7.5290502930e+02 7.5298400879e+02 7.5309899902e+02 7.5321997070e+02 7.5334698486e+02 7.5348797607e+02 7.5363897705e+02 7.5378100586e+02 7.5391101074e+02 7.5403002930e+02 7.5405700684e+02 7.5412200928e+02 7.5420202637e+02 7.5423797607e+02 7.5428698730e+02 7.5439099121e+02 7.5450097656e+02 7.5459802246e+02 7.5458300781e+02 7.5451800537e+02 7.5450598145e+02 7.5453997803e+02 7.5445501709e+02 7.5432098389e+02 7.5419897461e+02
7.5088500977e+02 7.5089599609e+02 7.5091601563e+02 7.5093798828e+02 7.5094000244e+02 7.5096899414e+02 7.5100299072e+02 7.5107397461e+02 7.5115899658e+02 7.5126898193e+02 7.5141998291e+02 7.5157098389e+02 7.5170898438e+02 7.5184497070e+02 7.5196002197e+02 7.5201898193e+02 7.5209301758e+02 7.5215899658e+02 7.5219897461e+02 7.5230798340e+02 7.5241802979e+02 7.5253997803e+02 7.5264697266e+02 7.5277001953e+02 7.5289398193e+02 7.5302197266e+02 7.5315698242e+02 7.5330200195e+02 7.5344500732e+02 7.5358197021e+02 7.5369897461e+02 7.5377301025e+02 7.5384997559e+02 7.5392297363e+02 7.5397399902e+02 7.5402899170e+02 7.5413098145e+02 7.5424298096e+02 7.5435998535e+02 7.5436602783e+02 7.5429797363e+02 7.5426800537e+02 7.5426098633e+02 7.5413702393e+02 7.5400201416e+02 7.5389801025e+02
7.5059197998e+02 7.5061700439e+02 7.5064099121e+02 7.5064501953e+02 7.5061700439e+02 7.5061199951e+02 7.5065002441e+02 7.5075201416e+02 7.5085400391e+02 7.5097601318e+02 7.5112097168e+02 7.5126202393e+02 7.5138800049e+02 7.5150299072e+02 7.5159197998e+02 7.5163702393e+02 7.5171899414e+02 7.5180798340e+02 7.5189801025e+02 7.5200000000e+02 7.5207598877e+02 7.5217297363e+02 7.5229998779e+02 7.5245599365e+02 7.5257702637e+02 7.5269396973e+02 7.5281799316e+02 7.5295501709e+02 7.5309600830e+02 7.5323699951e+02 7.5337097168e+02 7.5351599121e+02 7.5365899658e+02 7.5376202393e+02 7.5383398438e+02 7.5385198975e+02 7.5386499023e+02 7.5389501953e+02 7.5395098877e+02 7.5396398926e+02 7.5392401123e+02 7.5389599609e+02 7.5385998535e+02 7.5376898193e+02 7.5363500977e+02 7.5355999756e+02
7.5023101807e+02 7.5029797363e+02 7.5036499023e+02 7.5035498047e+02 7.5032800293e+02 7.5030798340e+02 7.5032598877e+02 7.5041198730e+02 7.5053601074e+02 7.5068298340e+02 7.5083300781e+02 7.5096301270e+02 7.5106896973e+02 7.5116302490e+02 7.5125000000e+02 7.5131298828e+02 7.5138201904e+02 7.5144598389e+02 7.5153002930e+02 7.5164599609e+02 7.5176098633e+02 7.5189001465e+02 7.5203802490e+02 7.5217401123e+02 7.5227697754e+02 7.5236999512e+02 7.5248699951e+02 7.5263098145e+02 7.5277197266e+02 7.5290997314e+02 7.5304797363e+02 7.5324102783e+02 7.5341302490e+02 7.5352801514e+02 7.5359301758e+02 7.5361102295e+02 7.5358001709e+02 7.5355297852e+02 7.5354400635e+02 7.5353497314e+02 7.5351501465e+02 7.5347100830e+02 7.5337200928e+02 7.5332000732e+02 7.5326702881e+02 7.5322497559e+02
7.4985998535e+02 7.4995800781e+02 7.5005999756e+02 7.5006597900e+02 7.5004797363e+02 7.5002899170e+02 7.5002398682e+02 7.5010302734e+02 7.5025299072e+02 7.5040002441e+02 7.5052197266e+02 7.5062097168e+02 7.5070098877e+02 7.5077697754e+02 7.5086700439e+02 7.5097998047e+02 7.5107501221e+02 7.5114099121e+02 7.5120098877e+02 7.5131097412e+02 7.5145501709e+02 7.5162597656e+02 7.5179498291e+02 7.5190600586e+02 7.5198297119e+02 7.5204901123e+02 7.5214801025e+02 7.5229101563e+02 7.5242999268e+02 7.5256097412e+02 7.5269097900e+02 7.5291998291e+02 7.5309802246e+02 7.5319396973e+02 7.5324298096e+02 7.5327502441e+02 7.5328497314e+02 7.5328100586e+02 7.5325598145e+02 7.5320202637e+02 7.5315100098e+02 7.5309399414e+02 7.5298498535e+02 7.5293298340e+02 7.5294097900e+02 7.5294799805e+02
7.4951501465e+02 7.4961499023e+02 7.4971502686e+02 7.4974902344e+02 7.4975500488e+02 7.4975299072e+02 7.4974798584e+02 7.4984002686e+02 7.4999798584e+02 7.5011999512e+02 7.5020501709e+02 7.5028302002e+02 7.5034301758e+02 7.5040301514e+02 7.5048699951e+02 7.5062701416e+02 7.5074200439e+02 7.5082598877e+02 7.5089599609e+02 7.5099401855e+02 7.5114599609e+02 7.5134100342e+02 7.5152899170e+02 7.5162200928e+02 7.5167700195e+02 7.5172100830e+02 7.5179400635e+02 7.5192797852e+02 7.5206298828e+02 7.5218902588e+02 7.5230297852e+02 7.5252502441e+02 7.5269299316e+02 7.5278100586e+02 7.5284002686e+02 7.5289099121e+02 7.5294299316e+02 7.5297601318e+02 7.5298297119e+02 7.5292401123e+02 7.5287402344e+02 7.5283697510e+02 7.5276800537e+02 7.5272900391e+02 7.5272900391e+02 7.5273901367e+02
7.4919799805e+02 7.4927001953e+02 7.4934197998e+02 7.4939501953e+02 7.4942901611e+02 7.4946502686e+02 7.4953900146e+02 7.4964898682e+02 7.4978802490e+02 7.4988098145e+02 7.4994500732e+02 7.4998400879e+02 7.5003100586e+02 7.5008398438e+02 7.5018701172e+02 7.5028802490e+02 7.5039398193e+02 7.5049700928e+02 7.5061798096e+02 7.5071099854e+02 7.5084997559e+02 7.5102099609e+02 7.5119097900e+02 7.5130401611e+02 7.5135601807e+02 7.5139099121e+02 7.5142797852e+02 7.5153198242e+02 7.5167602539e+02 7.5182397461e+02 7.5193597412e+02 7.5209197998e+02 7.5224401855e+02 7.5236297607e+02 7.5247900391e+02 7.5251599121e+02 7.5256402588e+02 7.5260400391e+02 7.5263702393e+02 7.5263397217e+02 7.5263702393e+02 7.5262902832e+02 7.5256597900e+02 7.5257397461e+02 7.5259399414e+02 7.5262597656e+02
7.4886297607e+02 7.4892999268e+02 7.4900500488e+02 7.4906097412e+02 7.4911199951e+02 7.4918103027e+02 7.4930297852e+02 7.4945898438e+02 7.4957501221e+02 7.4965502930e+02 7.4969000244e+02 7.4967999268e+02 7.4967102051e+02 7.4969799805e+02 7.4979602051e+02 7.4994598389e+02 7.5009497070e+02 7.5022497559e+02 7.5033502197e+02 7.5044201660e+02 7.5057800293e+02 7.5071697998e+02 7.5083599854e+02 7.5092102051e+02 7.5099700928e+02 7.5106799316e+02 7.5111999512e+02 7.5118798828e+02 7.5134399414e+02 7.5154699707e+02 7.5167999268e+02 7.5177301025e+02 7.5187097168e+02 7.5196997070e+02 7.5207397461e+02 7.5215399170e+02 7.5222198486e+02 7.5227301025e+02 7.5232897949e+02 7.5235998535e+02 7.5239300537e+02 7.5240502930e+02 7.5238201904e+02 7.5240997314e+02 7.5243402100e+02 7.5245098877e+02
7.4853100586e+02 7.4859100342e+02 7.4866400146e+02 7.4872497559e+02 7.4878100586e+02 7.4885699463e+02 7.4898699951e+02 7.4913397217e+02 7.4923999023e+02 7.4932098389e+02 7.4937500000e+02 7.4937597656e+02 7.4935302734e+02 7.4935900879e+02 7.4944897461e+02 7.4961700439e+02 7.4978497314e+02 7.4991802979e+02 7.5001202393e+02 7.5012500000e+02 7.5026898193e+02 7.5041101074e+02 7.5051202393e+02 7.5056402588e+02 7.5063098145e+02 7.5071600342e+02 7.5081298828e+02 7.5089801025e+02 7.5103698730e+02 7.5122302246e+02 7.5135900879e+02 7.5143902588e+02 7.5151300049e+02 7.5159197998e+02 7.5169702148e+02 7.5181201172e+02 7.5189300537e+02 7.5193798828e+02 7.5198797607e+02 7.5206201172e+02 7.5214398193e+02 7.5219897461e+02 7.5220697021e+02 7.5225299072e+02 7.5227197266e+02 7.5223999023e+02
7.4819500732e+02 7.4823999023e+02 7.4830902100e+02 7.4837298584e+02 7.4842199707e+02 7.4848901367e+02 7.4858801270e+02 7.4869702148e+02 7.4880603027e+02 7.4891302490e+02 7.4902197266e+02 7.4909698486e+02 7.4910699463e+02 7.4910900879e+02 7.4916302490e+02 7.4929797363e+02 7.4944500732e+02 7.4955999756e+02 7.4963897705e+02 7.4976501465e+02 7.4992199707e+02 7.5007598877e+02 7.5018902588e+02 7.5022802734e+02 7.5027801514e+02 7.5035601807e+02 7.5046099854e+02 7.5057800293e+02 7.5072399902e+02 7.5088299561e+02 7.5100097656e+02 7.5110900879e+02 7.5119500732e+02 7.5126702881e+02 7.5136901855e+02 7.5150299072e+02 7.5157897949e+02 7.5159997559e+02 7.5162500000e+02 7.5174798584e+02 7.5187500000e+02 7.5196197510e+02 7.5198101807e+02 7.5202301025e+02 7.5205499268e+02 7.5200402832e+02
7.4786901855e+02 7.4789099121e+02 7.4788800049e+02 7.4796002197e+02 7.4801800537e+02 7.4807598877e+02 7.4811798096e+02 7.4821697998e+02 7.4834497070e+02 7.4850201416e+02 7.4870001221e+02 7.4884600830e+02 7.4890698242e+02 7.4891497803e+02 7.4893402100e+02 7.4898901367e+02 7.4907702637e+02 7.4915899658e+02 7.4924401855e+02 7.4935400391e+02 7.4949902344e+02 7.4965002441e+02 7.4977099609e+02 7.4983502197e+02 7.4989801025e+02 7.4998498535e+02 7.5007702637e+02 7.5024298096e+02 7.5044000244e+02 7.5059698486e+02 7.5070300293e+02 7.5082598877e+02 7.5093902588e+02 7.5101300049e+02 7.5109698486e+02 7.5118798828e+02 7.5124499512e+02 7.5125897217e+02 7.5128399658e+02 7.5137200928e+02 7.5151000977e+02 7.5161401367e+02 7.5164099121e+02 7.5165502930e+02 7.5166699219e+02 7.5164300537e+02
7.4754302979e+02 7.4753399658e+02 7.4751599121e+02 7.4754998779e+02 7.4762701416e+02 7.4770501709e+02 7.4776000977e+02 7.4784899902e+02 7.4798602295e+02 7.4815502930e+02 7.4835699463e+02 7.4852099609e+02 7.4860101318e+02 7.4861700439e+02 7.4861102295e+02 7.4866198730e+02 7.4871398926e+02 7.4875701904e+02 7.4879797363e+02 7.4885601807e+02 7.4894799805e+02 7.4906597900e+02 7.4919299316e+02 7.4929699707e+02 7.4943798828e+02 7.4960101318e+02 7.4975799561e+02 7.4996997070e+02 7.5018402100e+02 7.5032598877e+02 7.5041699219e+02 7.5057299805e+02 7.5070800781e+02 7.5078601074e+02 7.5081402588e+02 7.5082501221e+02 7.5082299805e+02 7.5082299805e+02 7.5084197998e+02 7.5090698242e+02 7.5102502441e+02 7.5114099121e+02 7.5120697021e+02 7.5124401855e+02 7.5125799561e+02 7.5125598145e+02
7.4722302246e+02 7.4719897461e+02 7.4717401123e+02 7.4720202637e+02 7.4727099609e+02 7.4735498047e+02 7.4743597412e+02 7.4753698730e+02 7.4765301514e+02 7.4778302002e+02 7.4794000244e+02 7.4808300781e+02 7.4816497803e+02 7.4820098877e+02 7.4823797607e+02 7.4830297852e+02 7.4834197998e+02 7.4836102295e+02 7.4836499023e+02 7.4838201904e+02 7.4844000244e+02 7.4853900146e+02 7.4865502930e+02 7.4879797363e+02 7.4900500488e+02 7.4922998047e+02 7.4942999268e+02 7.4963702393e+02 7.4984002686e+02 7.4997302246e+02 7.5006896973e+02 7.5023297119e+02 7.5037298584e+02 7.5046502686e+02 7.5049700928e+02 7.5048999023e+02 7.5048602295e+02 7.5049798584e+02 7.5053601074e+02 7.5059899902e+02 7.5068597412e+02 7.5077197266e+02 7.5083801270e+02 7.5088397217e+02 7.5089501953e+02 7.5090197754e+02
7.4691302490e+02 7.4689099121e+02 7.4686901855e+02 7.4688702393e+02 7.4694201660e+02 7.4702001953e+02 7.4711199951e+02 7.4721697998e+02 7.4730798340e+02 7.4739599609e+02 7.4750402832e+02 7.4761901855e+02 7.4770397949e+02 7.4777197266e+02 7.4786297607e+02 7.4794500732e+02 7.4798498535e+02 7.4799700928e+02 7.4798797607e+02 7.4798999023e+02 7.4803601074e+02 7.4813500977e+02 7.4826300049e+02 7.4844201660e+02 7.4867901611e+02 7.4892102051e+02 7.4911700439e+02 7.4928198242e+02 7.4945898438e+02 7.4959002686e+02 7.4969097900e+02 7.4982000732e+02 7.4994396973e+02 7.5005401611e+02 7.5013397217e+02 7.5020202637e+02 7.5026898193e+02 7.5033502197e+02 7.5039501953e+02 7.5046697998e+02 7.5050799561e+02 7.5052600098e+02 7.5055200195e+02 7.5058898926e+02 7.5056298828e+02 7.5053802490e+02
