TESTSERVER/23/5.asc
NCOLS 100
NROWS 100
XLLCORNER 8.6497500000e+03
YLLCORNER 2.8970025000e+05
CELLSIZE 5.0000000000e-01
NODATA_VALUE -9.9990000000e+03
[rows 20 to 39 of 100, columns 0 to 45 of 100]
7.4565899658e+02 7.4586602783e+02 7.4596002197e+02 7.4605499268e+02 7.4623400879e+02 7.4655700684e+02 7.4685998535e+02 7.4714801025e+02 7.4740899658e+02 7.4760797119e+02 7.4778997803e+02 7.4796502686e+02 7.4816198730e+02 7.4835498047e+02 7.4852600098e+02 7.4868298340e+02 7.4881701660e+02 7.4895501709e+02 7.4911102295e+02 7.4927600098e+02 7.4945300293e+02 7.4961102295e+02 7.4974499512e+02 7.4984600830e+02 7.4992700195e+02 7.4998999023e+02 7.5005902100e+02 7.5011102295e+02 7.5016198730e+02 7.5024597168e+02 7.5040301514e+02 7.5061401367e+02 7.5077398682e+02 7.5091302490e+02 7.5105401611e+02 7.5121600342e+02 7.5140100098e+02 7.5155401611e+02 7.5169897461e+02 7.5185198975e+02 7.5199200439e+02 7.5217401123e+02 7.5241198730e+02 7.5262799072e+02 7.5276501465e+02 7.5280499268e+02
7.4539898682e+02 7.4556896973e+02 7.4568499756e+02 7.4578497314e+02 7.4595300293e+02 7.4626098633e+02 7.4655603027e+02 7.4685699463e+02 7.4715600586e+02 7.4741400146e+02 7.4761798096e+02 7.4778497314e+02 7.4795697021e+02 7.4812402344e+02 7.4828399658e+02 7.4844500732e+02 7.4859497070e+02 7.4873999023e+02 7.4889300537e+02 7.4905603027e+02 7.4923699951e+02 7.4939801025e+02 7.4950701904e+02 7.4959899902e+02 7.4970001221e+02 7.4976702881e+02 7.4979998779e+02 7.4983300781e+02 7.4989398193e+02 7.4997198486e+02 7.5007202148e+02 7.5022100830e+02 7.5038800049e+02 7.5055401611e+02 7.5072802734e+02 7.5089501953e+02 7.5106896973e+02 7.5123101807e+02 7.5138598633e+02 7.5153900146e+02 7.5170800781e+02 7.5191198730e+02 7.5212097168e+02 7.5231799316e+02 7.5246997070e+02 7.5253002930e+02
7.4519000244e+02 7.4533197021e+02 7.4543499756e+02 7.4552697754e+02 7.4566900635e+02 7.4592102051e+02 7.4620001221e+02 7.4651501465e+02 7.4687402344e+02 7.4720599365e+02 7.4744396973e+02 7.4760900879e+02 7.4773498535e+02 7.4786999512e+02 7.4802502441e+02 7.4819097900e+02 7.4835699463e+02 7.4850799561e+02 7.4865698242e+02 7.4881298828e+02 7.4900402832e+02 7.4919201660e+02 7.4928698730e+02 7.4936199951e+02 7.4946398926e+02 7.4953997803e+02 7.4957202148e+02 7.4960601807e+02 7.4966802979e+02 7.4975598145e+02 7.4985498047e+02 7.4999597168e+02 7.5013000488e+02 7.5025799561e+02 7.5043499756e+02 7.5060699463e+02 7.5076397705e+02 7.5094097900e+02 7.5110998535e+02 7.5127301025e+02 7.5144702148e+02 7.5163598633e+02 7.5182397461e+02 7.5200299072e+02 7.5215100098e+02 7.5223101807e+02
7.4503997803e+02 7.4515002441e+02 7.4522698975e+02 7.4530297852e+02 7.4541601563e+02 7.4560601807e+02 7.4584899902e+02 7.4615502930e+02 7.4654901123e+02 7.4693499756e+02 7.4719396973e+02 7.4735797119e+02 7.4746002197e+02 7.4758502197e+02 7.4774102783e+02 7.4791497803e+02 7.4809399414e+02 7.4824499512e+02 7.4839001465e+02 7.4853802490e+02 7.4871301270e+02 7.4890997314e+02 7.4902697754e+02 7.4911700439e+02 7.4921697998e+02 7.4929400635e+02 7.4936102295e+02 7.4943597412e+02 7.4951702881e+02 7.4958697510e+02 7.4967199707e+02 7.4980999756e+02 7.4992498779e+02 7.5003100586e+02 7.5019097900e+02 7.5035998535e+02 7.5049902344e+02 7.5067901611e+02 7.5085900879e+02 7.5103198242e+02 7.5119799805e+02 7.5136199951e+02 7.5153002930e+02 7.5169299316e+02 7.5183599854e+02 7.5193798828e+02
7.4493200684e+02 7.4499798584e+02 7.4504998779e+02 7.4510998535e+02 7.4520001221e+02 7.4535498047e+02 7.4555401611e+02 7.4582000732e+02 7.4615600586e+02 7.4653002930e+02 7.4677899170e+02 7.4694396973e+02 7.4706201172e+02 7.4726098633e+02 7.4743798828e+02 7.4761798096e+02 7.4779998779e+02 7.4795202637e+02 7.4809197998e+02 7.4822302246e+02 7.4832702637e+02 7.4853601074e+02 7.4871301270e+02 7.4886102295e+02 7.4895898438e+02 7.4904602051e+02 7.4915502930e+02 7.4928698730e+02 7.4946197510e+02 7.4949902344e+02 7.4949102783e+02 7.4955102539e+02 7.4965197754e+02 7.4979699707e+02 7.4994201660e+02 7.5009100342e+02 7.5023101807e+02 7.5042797852e+02 7.5061102295e+02 7.5078302002e+02 7.5092999268e+02 7.5109497070e+02 7.5125097656e+02 7.5140002441e+02 7.5154101563e+02 7.5166699219e+02
7.4479498291e+02 7.4484698486e+02 7.4488702393e+02 7.4493298340e+02 7.4501202393e+02 7.4515197754e+02 7.4532397461e+02 7.4554901123e+02 7.4582098389e+02 7.4609197998e+02 7.4628698730e+02 7.4644500732e+02 7.4664801025e+02 7.4688397217e+02 7.4708398438e+02 7.4726300049e+02 7.4743597412e+02 7.4762097168e+02 7.4779199219e+02 7.4794000244e+02 7.4804998779e+02 7.4822302246e+02 7.4843499756e+02 7.4862200928e+02 7.4874102783e+02 7.4884600830e+02 7.4894097900e+02 7.4904199219e+02 7.4921600342e+02 7.4932098389e+02 7.4932897949e+02 7.4936901855e+02 7.4947497559e+02 7.4958502197e+02 7.4970098877e+02 7.4983398438e+02 7.5000799561e+02 7.5018103027e+02 7.5034802246e+02 7.5051202393e+02 7.5067401123e+02 7.5083697510e+02 7.5097900391e+02 7.5110900879e+02 7.5123901367e+02 7.5136999512e+02
7.4464099121e+02 7.4470599365e+02 7.4475201416e+02 7.4479400635e+02 7.4485699463e+02 7.4498699951e+02 7.4513897705e+02 7.4533001709e+02 7.4555499268e+02 7.4576501465e+02 7.4591601563e+02 7.4605902100e+02 7.4627301025e+02 7.4650799561e+02 7.4669799805e+02 7.4687298584e+02 7.4704699707e+02 7.4726397705e+02 7.4747802734e+02 7.4766198730e+02 7.4779400635e+02 7.4795300293e+02 7.4815502930e+02 7.4834399414e+02 7.4846997070e+02 7.4858599854e+02 7.4867297363e+02 7.4875097656e+02 7.4889300537e+02 7.4904901123e+02 7.4912200928e+02 7.4919500732e+02 7.4930700684e+02 7.4939501953e+02 7.4948699951e+02 7.4960797119e+02 7.4978601074e+02 7.4993298340e+02 7.5009399414e+02 7.5027001953e+02 7.5045202637e+02 7.5061199951e+02 7.5073999023e+02 7.5085302734e+02 7.5096502686e+02 7.5108502197e+02
7.4445800781e+02 7.4454602051e+02 7.4461199951e+02 7.4466302490e+02 7.4471502686e+02 7.4483502197e+02 7.4497399902e+02 7.4513800049e+02 7.4533300781e+02 7.4551599121e+02 7.4564501953e+02 7.4577600098e+02 7.4596398926e+02 7.4615899658e+02 7.4632702637e+02 7.4649200439e+02 7.4667498779e+02 7.4692602539e+02 7.4717602539e+02 7.4738702393e+02 7.4753399658e+02 7.4765899658e+02 7.4782397461e+02 7.4799597168e+02 7.4811798096e+02 7.4823797607e+02 7.4835699463e+02 7.4847802734e+02 7.4863598633e+02 7.4882702637e+02 7.4893597412e+02 7.4901898193e+02 7.4913201904e+02 7.4921801758e+02 7.4929199219e+02 7.4940100098e+02 7.4956402588e+02 7.4969201660e+02 7.4984997559e+02 7.5004400635e+02 7.5024902344e+02 7.5041101074e+02 7.5053002930e+02 7.5062597656e+02 7.5072497559e+02 7.5083001709e+02
7.4424902344e+02 7.4434802246e+02 7.4443200684e+02 7.4449700928e+02 7.4455603027e+02 7.4466802979e+02 7.4479699707e+02 7.4494396973e+02 7.4511297607e+02 7.4528698730e+02 7.4542498779e+02 7.4555902100e+02 7.4571801758e+02 7.4584802246e+02 7.4598602295e+02 7.4614801025e+02 7.4636798096e+02 7.4663098145e+02 7.4690600586e+02 7.4713000488e+02 7.4726202393e+02 7.4734002686e+02 7.4747100830e+02 7.4762799072e+02 7.4778100586e+02 7.4793103027e+02 7.4807202148e+02 7.4822698975e+02 7.4842797852e+02 7.4866400146e+02 7.4878997803e+02 7.4884997559e+02 7.4891802979e+02 7.4902801514e+02 7.4912097168e+02 7.4922601318e+02 7.4933697510e+02 7.4946600342e+02 7.4961401367e+02 7.4979699707e+02 7.4998901367e+02 7.5019097900e+02 7.5031500244e+02 7.5039801025e+02 7.5046801758e+02 7.5054901123e+02
7.4402197266e+02 7.4412097168e+02 7.4421099854e+02 7.4428002930e+02 7.4434997559e+02 7.4447198486e+02 7.4461297607e+02 7.4475701904e+02 7.4490301514e+02 7.4507000732e+02 7.4521301270e+02 7.4532501221e+02 7.4541497803e+02 7.4550897217e+02 7.4563201904e+02 7.4582098389e+02 7.4608898926e+02 7.4638598633e+02 7.4667498779e+02 7.4689501953e+02 7.4699200439e+02 7.4706097412e+02 7.4718701172e+02 7.4733898926e+02 7.4749700928e+02 7.4765600586e+02 7.4780102539e+02 7.4794702148e+02 7.4813500977e+02 7.4841101074e+02 7.4860400391e+02 7.4869598389e+02 7.4874102783e+02 7.4883300781e+02 7.4894598389e+02 7.4907000732e+02 7.4917102051e+02 7.4927301025e+02 7.4939300537e+02 7.4953100586e+02 7.4971600342e+02 7.4991601563e+02 7.5004199219e+02 7.5011499023e+02 7.5015301514e+02 7.5018499756e+02
7.4378002930e+02 7.4387902832e+02 7.4396600342e+02 7.4403399658e+02 7.4411199951e+02 7.4424298096e+02 7.4439697266e+02 7.4454998779e+02 7.4469598389e+02 7.4486901855e+02 7.4501202393e+02 7.4510198975e+02 7.4514697266e+02 7.4520697021e+02 7.4531201172e+02 7.4550402832e+02 7.4579302979e+02 7.4610101318e+02 7.4638500977e+02 7.4659802246e+02 7.4671002197e+02 7.4678802490e+02 7.4690802002e+02 7.4705700684e+02 7.4722198486e+02 7.4738702393e+02 7.4753002930e+02 7.4766699219e+02 7.4782897949e+02 7.4807702637e+02 7.4828698730e+02 7.4841900635e+02 7.4848999023e+02 7.4857501221e+02 7.4869097900e+02 7.4883197021e+02 7.4895697021e+02 7.4905798340e+02 7.4916601563e+02 7.4928497314e+02 7.4944000244e+02 7.4961798096e+02 7.4972802734e+02 7.4978399658e+02 7.4979602051e+02 7.4980297852e+02
7.4352001953e+02 7.4363201904e+02 7.4371997070e+02 7.4379101563e+02 7.4387500000e+02 7.4401098633e+02 7.4417602539e+02 7.4434399414e+02 7.4451800537e+02 7.4470501709e+02 7.4484301758e+02 7.4491400146e+02 7.4493103027e+02 7.4497100830e+02 7.4505603027e+02 7.4522802734e+02 7.4549298096e+02 7.4578601074e+02 7.4605603027e+02 7.4627197266e+02 7.4641998291e+02 7.4651300049e+02 7.4664001465e+02 7.4679998779e+02 7.4697601318e+02 7.4713897705e+02 7.4727801514e+02 7.4740100098e+02 7.4753399658e+02 7.4770697021e+02 7.4788800049e+02 7.4804302979e+02 7.4816802979e+02 7.4826202393e+02 7.4838800049e+02 7.4854302979e+02 7.4868902588e+02 7.4880102539e+02 7.4891101074e+02 7.4902801514e+02 7.4916601563e+02 7.4931298828e+02 7.4940002441e+02 7.4943902588e+02 7.4944097900e+02 7.4945098877e+02
7.4322399902e+02 7.4335302734e+02 7.4346301270e+02 7.4355603027e+02 7.4366302490e+02 7.4382702637e+02 7.4400897217e+02 7.4419299316e+02 7.4438800049e+02 7.4456500244e+02 7.4468902588e+02 7.4474200439e+02 7.4474798584e+02 7.4478002930e+02 7.4485797119e+02 7.4501397705e+02 7.4524298096e+02 7.4549798584e+02 7.4575500488e+02 7.4597601318e+02 7.4613098145e+02 7.4624798584e+02 7.4639501953e+02 7.4657598877e+02 7.4678302002e+02 7.4693499756e+02 7.4706701660e+02 7.4718103027e+02 7.4735198975e+02 7.4741699219e+02 7.4752197266e+02 7.4766497803e+02 7.4784698486e+02 7.4795898438e+02 7.4809997559e+02 7.4825701904e+02 7.4839898682e+02 7.4850897217e+02 7.4863098145e+02 7.4876501465e+02 7.4890698242e+02 7.4902398682e+02 7.4909100342e+02 7.4910699463e+02 7.4910302734e+02 7.4914300537e+02
7.4292297363e+02 7.4304302979e+02 7.4318298340e+02 7.4330798340e+02 7.4343798828e+02 7.4364300537e+02 7.4386199951e+02 7.4406298828e+02 7.4422998047e+02 7.4439697266e+02 7.4455603027e+02 7.4465002441e+02 7.4466900635e+02 7.4467797852e+02 7.4472100830e+02 7.4484497070e+02 7.4504302979e+02 7.4526702881e+02 7.4547998047e+02 7.4566302490e+02 7.4582897949e+02 7.4600799561e+02 7.4618298340e+02 7.4636401367e+02 7.4654998779e+02 7.4670098877e+02 7.4682501221e+02 7.4694000244e+02 7.4706896973e+02 7.4716400146e+02 7.4722802734e+02 7.4733801270e+02 7.4751098633e+02 7.4763800049e+02 7.4778100586e+02 7.4793298340e+02 7.4807598877e+02 7.4820300293e+02 7.4834197998e+02 7.4848199463e+02 7.4862298584e+02 7.4877398682e+02 7.4884698486e+02 7.4883801270e+02 7.4878997803e+02 7.4881402588e+02
7.4267999268e+02 7.4278497314e+02 7.4292700195e+02 7.4307202148e+02 7.4322302246e+02 7.4343200684e+02 7.4365997314e+02 7.4386798096e+02 7.4402398682e+02 7.4417297363e+02 7.4434802246e+02 7.4448400879e+02 7.4453802490e+02 7.4456701660e+02 7.4460900879e+02 7.4470098877e+02 7.4484899902e+02 7.4503497314e+02 7.4521697998e+02 7.4538800049e+02 7.4557501221e+02 7.4577801514e+02 7.4595501709e+02 7.4612097168e+02 7.4627899170e+02 7.4641497803e+02 7.4653802490e+02 7.4665197754e+02 7.4676599121e+02 7.4686102295e+02 7.4691802979e+02 7.4700701904e+02 7.4715698242e+02 7.4729302979e+02 7.4743402100e+02 7.4758001709e+02 7.4771997070e+02 7.4786499023e+02 7.4801898193e+02 7.4816601563e+02 7.4830200195e+02 7.4846502686e+02 7.4856201172e+02 7.4855999756e+02 7.4848297119e+02 7.4848901367e+02
7.4246997070e+02 7.4257098389e+02 7.4270697021e+02 7.4286798096e+02 7.4303601074e+02 7.4322399902e+02 7.4343902588e+02 7.4363800049e+02 7.4378601074e+02 7.4390600586e+02 7.4406799316e+02 7.4422698975e+02 7.4433099365e+02 7.4441302490e+02 7.4448101807e+02 7.4455700684e+02 7.4466601563e+02 7.4482897949e+02 7.4500402832e+02 7.4518902588e+02 7.4537902832e+02 7.4556298828e+02 7.4572302246e+02 7.4586401367e+02 7.4599298096e+02 7.4612402344e+02 7.4625097656e+02 7.4636499023e+02 7.4646801758e+02 7.4655102539e+02 7.4660797119e+02 7.4668499756e+02 7.4680798340e+02 7.4694396973e+02 7.4707800293e+02 7.4721398926e+02 7.4734399414e+02 7.4750201416e+02 7.4767102051e+02 7.4783197021e+02 7.4796301270e+02 7.4810601807e+02 7.4821502686e+02 7.4823297119e+02 7.4816601563e+02 7.4816400146e+02
7.4224700928e+02 7.4235400391e+02 7.4248797607e+02 7.4266497803e+02 7.4285998535e+02 7.4304302979e+02 7.4323999023e+02 7.4341998291e+02 7.4355297852e+02 7.4363897705e+02 7.4378302002e+02 7.4394396973e+02 7.4408697510e+02 7.4420697021e+02 7.4430102539e+02 7.4438397217e+02 7.4448400879e+02 7.4463598633e+02 7.4480999756e+02 7.4501300049e+02 7.4522998047e+02 7.4535900879e+02 7.4549401855e+02 7.4561499023e+02 7.4575799561e+02 7.4585900879e+02 7.4598602295e+02 7.4610699463e+02 7.4619500732e+02 7.4625201416e+02 7.4631799316e+02 7.4639398193e+02 7.4648901367e+02 7.4660900879e+02 7.4673602295e+02 7.4686700439e+02 7.4699902344e+02 7.4713299561e+02 7.4731201172e+02 7.4749401855e+02 7.4765802002e+02 7.4775897217e+02 7.4783697510e+02 7.4785498047e+02 7.4782702637e+02 7.4784899902e+02
7.4202600098e+02 7.4213500977e+02 7.4227001953e+02 7.4245599365e+02 7.4266802979e+02 7.4285797119e+02 7.4304797363e+02 7.4320800781e+02 7.4332098389e+02 7.4340100098e+02 7.4352801514e+02 7.4366497803e+02 7.4378698730e+02 7.4391802979e+02 7.4405902100e+02 7.4419097900e+02 7.4429498291e+02 7.4441400146e+02 7.4455297852e+02 7.4474298096e+02 7.4496997070e+02 7.4513000488e+02 7.4527301025e+02 7.4538598633e+02 7.4547698975e+02 7.4557202148e+02 7.4569500732e+02 7.4580999756e+02 7.4587500000e+02 7.4593298340e+02 7.4599597168e+02 7.4607000732e+02 7.4614001465e+02 7.4622900391e+02 7.4635498047e+02 7.4650201416e+02 7.4664001465e+02 7.4677697754e+02 7.4694799805e+02 7.4713201904e+02 7.4731201172e+02 7.4743902588e+02 7.4750701904e+02 7.4752502441e+02 7.4752197266e+02 7.4754302979e+02
7.4181298828e+02 7.4192199707e+02 7.4206298828e+02 7.4224499512e+02 7.4244799805e+02 7.4263897705e+02 7.4281896973e+02 7.4296502686e+02 7.4307299805e+02 7.4315502930e+02 7.4326397705e+02 7.4338598633e+02 7.4351397705e+02 7.4364801025e+02 7.4380999756e+02 7.4397100830e+02 7.4408502197e+02 7.4415899658e+02 7.4426898193e+02 7.4443798828e+02 7.4464099121e+02 7.4482098389e+02 7.4498602295e+02 7.4510400391e+02 7.4516699219e+02 7.4525299072e+02 7.4536700439e+02 7.4546398926e+02 7.4552001953e+02 7.4556701660e+02 7.4561999512e+02 7.4569201660e+02 7.4576599121e+02 7.4583697510e+02 7.4595800781e+02 7.4611297607e+02 7.4626300049e+02 7.4640197754e+02 7.4657202148e+02 7.4675500488e+02 7.4692297363e+02 7.4705999756e+02 7.4715802002e+02 7.4720300293e+02 7.4721801758e+02 7.4723400879e+02
7.4159497070e+02 7.4170697021e+02 7.4184600830e+02 7.4201397705e+02 7.4219897461e+02 7.4239099121e+02 7.4255999756e+02 7.4269097900e+02 7.4279400635e+02 7.4291198730e+02 7.4302600098e+02 7.4314398193e+02 7.4327398682e+02 7.4338500977e+02 7.4353002930e+02 7.4369201660e+02 7.4382702637e+02 7.4388000488e+02 7.4396697998e+02 7.4411499023e+02 7.4427899170e+02 7.4446398926e+02 7.4465399170e+02 7.4478698730e+02 7.4484600830e+02 7.4492999268e+02 7.4502697754e+02 7.4510302734e+02 7.4515197754e+02 7.4518402100e+02 7.4522399902e+02 7.4529602051e+02 7.4537701416e+02 7.4544097900e+02 7.4556097412e+02 7.4571801758e+02 7.4587298584e+02 7.4601599121e+02 7.4618499756e+02 7.4636700439e+02 7.4652301025e+02 7.4666497803e+02 7.4679400635e+02 7.4686901855e+02 7.4689898682e+02 7.4691900635e+02
