TESTSERVER/23/6.asc
NCOLS 100
NROWS 100
XLLCORNER 8.6497500000e+03
YLLCORNER 2.8965025000e+05
CELLSIZE 5.0000000000e-01
NODATA_VALUE -9.9990000000e+03
[rows 0 to 19 of 100, columns 0 to 45 of 100]
7.2605902100e+02 7.2609997559e+02 7.2615600586e+02 7.2623699951e+02 7.2634997559e+02 7.2647998047e+02 7.2657202148e+02 7.2665997314e+02 7.2677502441e+02 7.2697198486e+02 7.2710198975e+02 7.2707897949e+02 7.2696502686e+02 7.2697698975e+02 7.2702398682e+02 7.2703399658e+02 7.2702301025e+02 7.2711499023e+02 7.2709100342e+02 7.2705700684e+02 7.2702801514e+02 7.2705297852e+02 7.2711401367e+02 7.2719702148e+02 7.2727899170e+02 7.2736602783e+02 7.2745800781e+02 7.2754998779e+02 7.2764001465e+02 7.2772698975e+02 7.2781597900e+02 7.2788897705e+02 7.2795300293e+02 7.2801898193e+02 7.2809698486e+02 7.2815899658e+02 7.2817901611e+02 7.2818103027e+02 7.2817199707e+02 7.2816998291e+02 7.2819799805e+02 7.2823400879e+02 7.2826202393e+02 7.2830902100e+02 7.2840802002e+02 7.2846502686e+02
7.2589202881e+02 7.2596301270e+02 7.2603198242e+02 7.2610101318e+02 7.2618298340e+02 7.2629699707e+02 7.2637097168e+02 7.2639801025e+02 7.2644598389e+02 7.2657202148e+02 7.2667401123e+02 7.2668200684e+02 7.2663897705e+02 7.2666101074e+02 7.2671600342e+02 7.2675598145e+02 7.2679699707e+02 7.2684002686e+02 7.2683197021e+02 7.2683001709e+02 7.2682098389e+02 7.2685498047e+02 7.2690698242e+02 7.2696398926e+02 7.2703002930e+02 7.2711199951e+02 7.2719799805e+02 7.2728601074e+02 7.2735101318e+02 7.2743798828e+02 7.2754199219e+02 7.2764501953e+02 7.2775799561e+02 7.2784997559e+02 7.2791998291e+02 7.2794396973e+02 7.2793902588e+02 7.2792700195e+02 7.2793597412e+02 7.2796398926e+02 7.2799798584e+02 7.2803497314e+02 7.2804302979e+02 7.2805999756e+02 7.2813500977e+02 7.2818200684e+02
7.2576599121e+02 7.2585699463e+02 7.2594702148e+02 7.2600097656e+02 7.2603601074e+02 7.2609600830e+02 7.2613800049e+02 7.2615100098e+02 7.2616101074e+02 7.2619799805e+02 7.2626098633e+02 7.2631298828e+02 7.2635797119e+02 7.2639501953e+02 7.2644702148e+02 7.2654199219e+02 7.2662298584e+02 7.2661102295e+02 7.2661401367e+02 7.2660302734e+02 7.2660797119e+02 7.2667498779e+02 7.2671502686e+02 7.2673901367e+02 7.2677697754e+02 7.2684301758e+02 7.2692401123e+02 7.2701599121e+02 7.2708801270e+02 7.2719201660e+02 7.2729901123e+02 7.2741101074e+02 7.2754699707e+02 7.2766497803e+02 7.2773199463e+02 7.2773901367e+02 7.2772198486e+02 7.2770800781e+02 7.2773199463e+02 7.2778100586e+02 7.2780401611e+02 7.2783300781e+02 7.2782800293e+02 7.2782598877e+02 7.2788098145e+02 7.2793902588e+02
7.2563201904e+02 7.2570001221e+02 7.2579101563e+02 7.2583898926e+02 7.2586499023e+02 7.2589501953e+02 7.2590802002e+02 7.2591198730e+02 7.2589898682e+02 7.2590100098e+02 7.2594598389e+02 7.2601800537e+02 7.2611199951e+02 7.2613397217e+02 7.2615002441e+02 7.2625299072e+02 7.2636700439e+02 7.2639801025e+02 7.2640899658e+02 7.2636700439e+02 7.2638598633e+02 7.2648400879e+02 7.2652502441e+02 7.2653100586e+02 7.2652801514e+02 7.2656799316e+02 7.2664501953e+02 7.2674200439e+02 7.2682702637e+02 7.2696301270e+02 7.2706500244e+02 7.2715899658e+02 7.2727398682e+02 7.2739697266e+02 7.2747302246e+02 7.2750097656e+02 7.2751599121e+02 7.2751397705e+02 7.2753002930e+02 7.2756402588e+02 7.2756500244e+02 7.2759197998e+02 7.2758801270e+02 7.2758099365e+02 7.2763000488e+02 7.2772802734e+02
7.2546899414e+02 7.2549499512e+02 7.2554199219e+02 7.2558898926e+02 7.2564001465e+02 7.2564801025e+02 7.2565502930e+02 7.2564697266e+02 7.2560302734e+02 7.2561401367e+02 7.2567797852e+02 7.2576300049e+02 7.2586102295e+02 7.2587500000e+02 7.2586199951e+02 7.2590802002e+02 7.2598999023e+02 7.2608801270e+02 7.2610601807e+02 7.2609600830e+02 7.2617102051e+02 7.2627899170e+02 7.2632397461e+02 7.2632702637e+02 7.2629498291e+02 7.2632800293e+02 7.2639801025e+02 7.2646801758e+02 7.2653100586e+02 7.2669299316e+02 7.2679602051e+02 7.2687097168e+02 7.2695800781e+02 7.2707501221e+02 7.2717199707e+02 7.2724499512e+02 7.2730798340e+02 7.2733801270e+02 7.2731097412e+02 7.2727801514e+02 7.2726098633e+02 7.2730798340e+02 7.2732098389e+02 7.2732897949e+02 7.2738098145e+02 7.2755603027e+02
7.2521697998e+02 7.2526501465e+02 7.2529101563e+02 7.2530200195e+02 7.2533300781e+02 7.2534698486e+02 7.2535302734e+02 7.2533898926e+02 7.2530902100e+02 7.2533099365e+02 7.2539099121e+02 7.2546099854e+02 7.2555102539e+02 7.2560400391e+02 7.2563299561e+02 7.2567602539e+02 7.2573101807e+02 7.2578100586e+02 7.2580999756e+02 7.2586602783e+02 7.2601098633e+02 7.2612500000e+02 7.2616497803e+02 7.2618103027e+02 7.2618701172e+02 7.2619702148e+02 7.2623602295e+02 7.2626702881e+02 7.2629998779e+02 7.2640002441e+02 7.2650402832e+02 7.2660400391e+02 7.2670898438e+02 7.2680603027e+02 7.2690899658e+02 7.2698999023e+02 7.2703198242e+02 7.2706298828e+02 7.2704498291e+02 7.2701898193e+02 7.2701300049e+02 7.2705798340e+02 7.2709100342e+02 7.2713098145e+02 7.2721997070e+02 7.2743200684e+02
7.2495001221e+02 7.2503302002e+02 7.2507202148e+02 7.2504302979e+02 7.2503100586e+02 7.2504101563e+02 7.2503198242e+02 7.2502600098e+02 7.2502099609e+02 7.2505401611e+02 7.2509197998e+02 7.2513098145e+02 7.2520202637e+02 7.2529302979e+02 7.2539300537e+02 7.2545697021e+02 7.2547601318e+02 7.2551202393e+02 7.2556597900e+02 7.2566802979e+02 7.2584197998e+02 7.2597198486e+02 7.2602697754e+02 7.2605102539e+02 7.2605999756e+02 7.2605999756e+02 7.2607501221e+02 7.2609301758e+02 7.2612902832e+02 7.2619000244e+02 7.2628698730e+02 7.2638897705e+02 7.2647998047e+02 7.2656597900e+02 7.2668298340e+02 7.2678198242e+02 7.2682000732e+02 7.2681402588e+02 7.2679901123e+02 7.2679901123e+02 7.2680200195e+02 7.2683898926e+02 7.2687200928e+02 7.2691802979e+02 7.2702099609e+02 7.2722601318e+02
7.2466400146e+02 7.2476000977e+02 7.2485101318e+02 7.2484399414e+02 7.2476098633e+02 7.2473602295e+02 7.2470898438e+02 7.2470001221e+02 7.2471002197e+02 7.2476397705e+02 7.2481298828e+02 7.2484802246e+02 7.2491302490e+02 7.2499499512e+02 7.2510797119e+02 7.2518499756e+02 7.2520501709e+02 7.2526397705e+02 7.2534100342e+02 7.2545202637e+02 7.2559802246e+02 7.2572998047e+02 7.2581799316e+02 7.2586901855e+02 7.2589202881e+02 7.2590301514e+02 7.2590698242e+02 7.2592999268e+02 7.2601202393e+02 7.2607299805e+02 7.2615399170e+02 7.2622601318e+02 7.2627099609e+02 7.2634997559e+02 7.2648699951e+02 7.2661700439e+02 7.2667797852e+02 7.2663702393e+02 7.2659497070e+02 7.2659600830e+02 7.2660198975e+02 7.2662597656e+02 7.2664300537e+02 7.2667498779e+02 7.2677197266e+02 7.2692901611e+02
7.2434997559e+02 7.2437298584e+02 7.2450097656e+02 7.2458502197e+02 7.2450201416e+02 7.2443701172e+02 7.2440502930e+02 7.2439099121e+02 7.2443499756e+02 7.2447497559e+02 7.2454901123e+02 7.2460900879e+02 7.2466802979e+02 7.2472497559e+02 7.2479901123e+02 7.2489202881e+02 7.2494500732e+02 7.2500500488e+02 7.2511602783e+02 7.2524499512e+02 7.2534497070e+02 7.2545898438e+02 7.2555999756e+02 7.2565502930e+02 7.2572998047e+02 7.2574401855e+02 7.2574298096e+02 7.2577197266e+02 7.2587902832e+02 7.2598602295e+02 7.2604602051e+02 7.2607000732e+02 7.2607098389e+02 7.2615399170e+02 7.2628997803e+02 7.2641900635e+02 7.2649798584e+02 7.2644000244e+02 7.2637597656e+02 7.2636999512e+02 7.2638500977e+02 7.2640399170e+02 7.2641998291e+02 7.2645501709e+02 7.2652398682e+02 7.2658801270e+02
7.2402502441e+02 7.2401202393e+02 7.2409197998e+02 7.2418103027e+02 7.2418701172e+02 7.2414202881e+02 7.2411901855e+02 7.2411199951e+02 7.2415899658e+02 7.2419500732e+02 7.2428399658e+02 7.2436401367e+02 7.2441900635e+02 7.2446600342e+02 7.2452899170e+02 7.2463299561e+02 7.2469500732e+02 7.2475097656e+02 7.2489898682e+02 7.2505700684e+02 7.2516198730e+02 7.2525000000e+02 7.2535302734e+02 7.2548297119e+02 7.2555902100e+02 7.2556799316e+02 7.2558599854e+02 7.2564599609e+02 7.2573199463e+02 7.2581896973e+02 7.2586602783e+02 7.2587701416e+02 7.2588000488e+02 7.2595697021e+02 7.2605499268e+02 7.2613702393e+02 7.2617999268e+02 7.2612097168e+02 7.2610400391e+02 7.2613299561e+02 7.2616302490e+02 7.2617901611e+02 7.2622698975e+02 7.2630297852e+02 7.2635198975e+02 7.2638702393e+02
7.2370697021e+02 7.2369598389e+02 7.2374401855e+02 7.2381500244e+02 7.2387200928e+02 7.2387298584e+02 7.2386901855e+02 7.2387597656e+02 7.2390502930e+02 7.2392901611e+02 7.2400897217e+02 7.2409197998e+02 7.2416198730e+02 7.2421099854e+02 7.2426898193e+02 7.2436199951e+02 7.2443298340e+02 7.2453497314e+02 7.2470501709e+02 7.2486901855e+02 7.2498400879e+02 7.2504400635e+02 7.2513800049e+02 7.2526202393e+02 7.2534197998e+02 7.2534899902e+02 7.2539001465e+02 7.2548199463e+02 7.2555297852e+02 7.2561499023e+02 7.2564801025e+02 7.2565301514e+02 7.2566302490e+02 7.2572998047e+02 7.2580401611e+02 7.2586102295e+02 7.2585998535e+02 7.2580499268e+02 7.2581500244e+02 7.2586297607e+02 7.2590600586e+02 7.2593597412e+02 7.2599298096e+02 7.2607598877e+02 7.2614697266e+02 7.2619897461e+02
7.2341601563e+02 7.2343701172e+02 7.2348101807e+02 7.2354901123e+02 7.2361700439e+02 7.2365399170e+02 7.2365899658e+02 7.2365997314e+02 7.2366302490e+02 7.2369299316e+02 7.2377001953e+02 7.2385198975e+02 7.2394000244e+02 7.2400097656e+02 7.2405499268e+02 7.2413000488e+02 7.2420001221e+02 7.2433099365e+02 7.2448901367e+02 7.2464300537e+02 7.2477301025e+02 7.2481896973e+02 7.2492999268e+02 7.2507098389e+02 7.2518402100e+02 7.2521099854e+02 7.2523101807e+02 7.2529797363e+02 7.2534997559e+02 7.2539001465e+02 7.2541302490e+02 7.2541802979e+02 7.2542797852e+02 7.2548199463e+02 7.2553802490e+02 7.2557800293e+02 7.2556597900e+02 7.2552001953e+02 7.2552801514e+02 7.2556701660e+02 7.2560302734e+02 7.2563201904e+02 7.2567999268e+02 7.2575299072e+02 7.2582897949e+02 7.2588598633e+02
7.2312298584e+02 7.2318798828e+02 7.2325201416e+02 7.2332397461e+02 7.2339001465e+02 7.2345697021e+02 7.2347399902e+02 7.2347100830e+02 7.2347399902e+02 7.2353900146e+02 7.2361602783e+02 7.2368103027e+02 7.2373699951e+02 7.2378100586e+02 7.2382000732e+02 7.2389801025e+02 7.2398999023e+02 7.2412097168e+02 7.2423699951e+02 7.2435998535e+02 7.2450097656e+02 7.2457202148e+02 7.2475097656e+02 7.2495599365e+02 7.2505798340e+02 7.2506896973e+02 7.2505798340e+02 7.2508099365e+02 7.2514001465e+02 7.2516497803e+02 7.2517999268e+02 7.2518402100e+02 7.2519299316e+02 7.2522198486e+02 7.2526702881e+02 7.2529699707e+02 7.2528002930e+02 7.2525598145e+02 7.2524401855e+02 7.2525201416e+02 7.2525897217e+02 7.2527197266e+02 7.2529699707e+02 7.2534100342e+02 7.2538000488e+02 7.2543597412e+02
7.2291699219e+02 7.2297100830e+02 7.2302197266e+02 7.2310797119e+02 7.2319299316e+02 7.2323297119e+02 7.2326202393e+02 7.2328399658e+02 7.2332397461e+02 7.2338397217e+02 7.2345001221e+02 7.2349401855e+02 7.2352301025e+02 7.2355297852e+02 7.2358801270e+02 7.2369299316e+02 7.2382702637e+02 7.2392602539e+02 7.2401599121e+02 7.2415100098e+02 7.2430798340e+02 7.2441699219e+02 7.2465802002e+02 7.2489398193e+02 7.2486102295e+02 7.2479302979e+02 7.2479498291e+02 7.2483197021e+02 7.2489202881e+02 7.2491998291e+02 7.2492102051e+02 7.2491302490e+02 7.2491497803e+02 7.2495300293e+02 7.2499798584e+02 7.2502398682e+02 7.2501800537e+02 7.2499298096e+02 7.2496502686e+02 7.2494500732e+02 7.2491900635e+02 7.2488098145e+02 7.2489202881e+02 7.2494201660e+02 7.2498797607e+02 7.2501098633e+02
7.2273400879e+02 7.2281097412e+02 7.2288299561e+02 7.2298699951e+02 7.2302600098e+02 7.2304199219e+02 7.2306500244e+02 7.2308300781e+02 7.2313897705e+02 7.2318798828e+02 7.2326702881e+02 7.2332800293e+02 7.2332897949e+02 7.2334399414e+02 7.2339599609e+02 7.2350500488e+02 7.2364001465e+02 7.2370898438e+02 7.2379602051e+02 7.2394799805e+02 7.2412402344e+02 7.2426702881e+02 7.2443402100e+02 7.2457098389e+02 7.2452099609e+02 7.2447998047e+02 7.2448498535e+02 7.2452099609e+02 7.2458197021e+02 7.2461102295e+02 7.2461199951e+02 7.2460601807e+02 7.2462097168e+02 7.2467999268e+02 7.2472698975e+02 7.2475299072e+02 7.2475097656e+02 7.2472399902e+02 7.2468200684e+02 7.2463598633e+02 7.2457202148e+02 7.2450097656e+02 7.2450000000e+02 7.2455499268e+02 7.2461499023e+02 7.2467102051e+02
7.2257202148e+02 7.2263500977e+02 7.2269897461e+02 7.2278497314e+02 7.2281201172e+02 7.2286297607e+02 7.2287402344e+02 7.2286798096e+02 7.2291900635e+02 7.2295800781e+02 7.2302197266e+02 7.2308197021e+02 7.2308001709e+02 7.2311798096e+02 7.2320697021e+02 7.2331298828e+02 7.2343103027e+02 7.2351800537e+02 7.2363299561e+02 7.2375799561e+02 7.2388000488e+02 7.2397497559e+02 7.2403997803e+02 7.2410198975e+02 7.2413201904e+02 7.2415502930e+02 7.2415899658e+02 7.2417602539e+02 7.2422198486e+02 7.2425799561e+02 7.2427197266e+02 7.2428399658e+02 7.2432702637e+02 7.2440502930e+02 7.2445501709e+02 7.2447802734e+02 7.2447399902e+02 7.2444598389e+02 7.2439599609e+02 7.2433099365e+02 7.2424298096e+02 7.2417102051e+02 7.2416497803e+02 7.2421197510e+02 7.2427301025e+02 7.2436401367e+02
7.2241302490e+02 7.2244897461e+02 7.2249200439e+02 7.2252697754e+02 7.2258001709e+02 7.2264001465e+02 7.2264501953e+02 7.2265997314e+02 7.2271801758e+02 7.2272497559e+02 7.2273797607e+02 7.2277099609e+02 7.2283197021e+02 7.2291497803e+02 7.2301000977e+02 7.2311700439e+02 7.2325201416e+02 7.2336700439e+02 7.2350598145e+02 7.2360101318e+02 7.2366497803e+02 7.2365698242e+02 7.2365899658e+02 7.2370898438e+02 7.2380603027e+02 7.2383801270e+02 7.2384197998e+02 7.2383197021e+02 7.2383398438e+02 7.2389202881e+02 7.2393701172e+02 7.2398400879e+02 7.2405200195e+02 7.2413299561e+02 7.2418103027e+02 7.2419396973e+02 7.2418298340e+02 7.2415197754e+02 7.2409802246e+02 7.2402502441e+02 7.2393499756e+02 7.2389898682e+02 7.2389300537e+02 7.2391302490e+02 7.2394799805e+02 7.2404602051e+02
7.2223101807e+02 7.2227001953e+02 7.2230902100e+02 7.2231896973e+02 7.2234802246e+02 7.2236297607e+02 7.2237402344e+02 7.2242297363e+02 7.2246398926e+02 7.2251300049e+02 7.2254199219e+02 7.2257501221e+02 7.2265399170e+02 7.2275097656e+02 7.2282598877e+02 7.2291497803e+02 7.2302600098e+02 7.2316198730e+02 7.2325402832e+02 7.2333300781e+02 7.2339599609e+02 7.2339300537e+02 7.2336999512e+02 7.2336700439e+02 7.2343103027e+02 7.2348101807e+02 7.2348999023e+02 7.2348498535e+02 7.2350097656e+02 7.2356701660e+02 7.2364300537e+02 7.2371801758e+02 7.2379699707e+02 7.2387402344e+02 7.2391198730e+02 7.2390600586e+02 7.2388098145e+02 7.2384600830e+02 7.2379400635e+02 7.2372698975e+02 7.2365100098e+02 7.2363598633e+02 7.2363397217e+02 7.2364501953e+02 7.2368103027e+02 7.2375799561e+02
7.2205999756e+02 7.2210198975e+02 7.2212597656e+02 7.2212902832e+02 7.2213897705e+02 7.2215698242e+02 7.2218499756e+02 7.2222698975e+02 7.2226000977e+02 7.2231402588e+02 7.2234600830e+02 7.2240197754e+02 7.2248101807e+02 7.2256402588e+02 7.2262500000e+02 7.2268298340e+02 7.2275402832e+02 7.2286798096e+02 7.2292199707e+02 7.2301000977e+02 7.2312500000e+02 7.2314697266e+02 7.2313299561e+02 7.2311199951e+02 7.2311798096e+02 7.2314898682e+02 7.2315698242e+02 7.2315899658e+02 7.2318597412e+02 7.2326202393e+02 7.2334997559e+02 7.2343701172e+02 7.2351800537e+02 7.2359399414e+02 7.2363598633e+02 7.2363000488e+02 7.2359600830e+02 7.2355200195e+02 7.2351397705e+02 7.2346801758e+02 7.2340802002e+02 7.2339599609e+02 7.2339300537e+02 7.2340399170e+02 7.2344396973e+02 7.2352801514e+02
7.2189501953e+02 7.2194097900e+02 7.2195202637e+02 7.2195300293e+02 7.2195599365e+02 7.2197198486e+02 7.2199798584e+02 7.2203198242e+02 7.2207098389e+02 7.2211199951e+02 7.2215802002e+02 7.2223101807e+02 7.2229797363e+02 7.2237402344e+02 7.2243200684e+02 7.2248199463e+02 7.2252197266e+02 7.2261102295e+02 7.2266699219e+02 7.2275299072e+02 7.2287200928e+02 7.2290997314e+02 7.2293701172e+02 7.2294299316e+02 7.2287701416e+02 7.2285900879e+02 7.2286401367e+02 7.2286700439e+02 7.2288897705e+02 7.2295800781e+02 7.2304302979e+02 7.2313098145e+02 7.2321099854e+02 7.2329302979e+02 7.2334399414e+02 7.2334899902e+02 7.2332299805e+02 7.2328002930e+02 7.2326202393e+02 7.2324902344e+02 7.2321398926e+02 7.2318402100e+02 7.2316198730e+02 7.2316601563e+02 7.2320599365e+02 7.2330401611e+02
