TESTSERVER/23/6.asc
NCOLS 100
NROWS 100
XLLCORNER 8.6497500000e+03
YLLCORNER 2.8965025000e+05
CELLSIZE 5.0000000000e-01
NODATA_VALUE -9.9990000000e+03
[rows 40 to 59 of 100, columns 46 to 91 of 100]
7.1766302490e+02 7.1758801270e+02 7.1746002197e+02 7.1742901611e+02 7.1734600830e+02 7.1722802734e+02 7.1706896973e+02 7.1704400635e+02 7.1705200195e+02 7.1716101074e+02 7.1726599121e+02 7.1727197266e+02 7.1741998291e+02 7.1766601563e+02 7.1792199707e+02 7.1821398926e+02 7.1848400879e+02 7.1870501709e+02 7.1889501953e+02 7.1906500244e+02 7.1923101807e+02 7.1933801270e+02 7.1937402344e+02 7.1935302734e+02 7.1941101074e+02 7.1962902832e+02 7.1978802490e+02 7.1995300293e+02 7.2012701416e+02 7.2024401855e+02 7.2028399658e+02 7.2035900879e+02 7.2052398682e+02 7.2080200195e+02 7.2118402100e+02 7.2155200195e+02 7.2195001221e+02 7.2239202881e+02 7.2283801270e+02 7.2324200439e+02 7.2367602539e+02 7.2417700195e+02 7.2470697021e+02 7.2515502930e+02 7.2563800049e+02 7.2616101074e+02
7.1735998535e+02 7.1722601318e+02 7.1706896973e+02 7.1693499756e+02 7.1684698486e+02 7.1681097412e+02 7.1679797363e+02 7.1681799316e+02 7.1688500977e+02 7.1706298828e+02 7.1724200439e+02 7.1735797119e+02 7.1744201660e+02 7.1752697754e+02 7.1777398682e+02 7.1810900879e+02 7.1847802734e+02 7.1870397949e+02 7.1883898926e+02 7.1895202637e+02 7.1904101563e+02 7.1913500977e+02 7.1923498535e+02 7.1920501709e+02 7.1925097656e+02 7.1948199463e+02 7.1969000244e+02 7.1983197021e+02 7.1992102051e+02 7.2000799561e+02 7.2017199707e+02 7.2041601563e+02 7.2068499756e+02 7.2103497314e+02 7.2147302246e+02 7.2191400146e+02 7.2237701416e+02 7.2284301758e+02 7.2327801514e+02 7.2365997314e+02 7.2408599854e+02 7.2456097412e+02 7.2505999756e+02 7.2551800537e+02 7.2596600342e+02 7.2643902588e+02
7.1702099609e+02 7.1686102295e+02 7.1672497559e+02 7.1660498047e+02 7.1656201172e+02 7.1662500000e+02 7.1671301270e+02 7.1679302979e+02 7.1691400146e+02 7.1709899902e+02 7.1729797363e+02 7.1753302002e+02 7.1764001465e+02 7.1767901611e+02 7.1786901855e+02 7.1824200439e+02 7.1861999512e+02 7.1878198242e+02 7.1882897949e+02 7.1884899902e+02 7.1887799072e+02 7.1898999023e+02 7.1915698242e+02 7.1920599365e+02 7.1924902344e+02 7.1940002441e+02 7.1955200195e+02 7.1961901855e+02 7.1969097900e+02 7.1985302734e+02 7.2015502930e+02 7.2053900146e+02 7.2092401123e+02 7.2135998535e+02 7.2185400391e+02 7.2237597656e+02 7.2289697266e+02 7.2337597656e+02 7.2378802490e+02 7.2413397217e+02 7.2451702881e+02 7.2494396973e+02 7.2539398193e+02 7.2588299561e+02 7.2636602783e+02 7.2680603027e+02
7.1665698242e+02 7.1651000977e+02 7.1644598389e+02 7.1644897461e+02 7.1649902344e+02 7.1663800049e+02 7.1675897217e+02 7.1687701416e+02 7.1703601074e+02 7.1723297119e+02 7.1744097900e+02 7.1769500732e+02 7.1784497070e+02 7.1793798828e+02 7.1806597900e+02 7.1837298584e+02 7.1871002197e+02 7.1882397461e+02 7.1879699707e+02 7.1871197510e+02 7.1869897461e+02 7.1883801270e+02 7.1906201172e+02 7.1921697998e+02 7.1928698730e+02 7.1934197998e+02 7.1938201904e+02 7.1939898682e+02 7.1952801514e+02 7.1984197998e+02 7.2029199219e+02 7.2077001953e+02 7.2125000000e+02 7.2175097656e+02 7.2228900146e+02 7.2286901855e+02 7.2342297363e+02 7.2389898682e+02 7.2428198242e+02 7.2459600830e+02 7.2494799805e+02 7.2534698486e+02 7.2575701904e+02 7.2624298096e+02 7.2674798584e+02 7.2715301514e+02
7.1625402832e+02 7.1615399170e+02 7.1619702148e+02 7.1632098389e+02 7.1644000244e+02 7.1662402344e+02 7.1677398682e+02 7.1691601563e+02 7.1709997559e+02 7.1732598877e+02 7.1753302002e+02 7.1771801758e+02 7.1787799072e+02 7.1802301025e+02 7.1815399170e+02 7.1836102295e+02 7.1859802246e+02 7.1870300293e+02 7.1866497803e+02 7.1858502197e+02 7.1858300781e+02 7.1871502686e+02 7.1894897461e+02 7.1911999512e+02 7.1919500732e+02 7.1920697021e+02 7.1920800781e+02 7.1925598145e+02 7.1949902344e+02 7.1999200439e+02 7.2058398438e+02 7.2110797119e+02 7.2163800049e+02 7.2216699219e+02 7.2273101807e+02 7.2334197998e+02 7.2387799072e+02 7.2432598877e+02 7.2468298340e+02 7.2501397705e+02 7.2538098145e+02 7.2580297852e+02 7.2624798584e+02 7.2663098145e+02 7.2706097412e+02 7.2741101074e+02
7.1596301270e+02 7.1597302246e+02 7.1609802246e+02 7.1621801758e+02 7.1635601807e+02 7.1662500000e+02 7.1684197998e+02 7.1698602295e+02 7.1716497803e+02 7.1734802246e+02 7.1752801514e+02 7.1768499756e+02 7.1782598877e+02 7.1793200684e+02 7.1803302002e+02 7.1823602295e+02 7.1839398193e+02 7.1847302246e+02 7.1848901367e+02 7.1846502686e+02 7.1848199463e+02 7.1858001709e+02 7.1879302979e+02 7.1892602539e+02 7.1897302246e+02 7.1903601074e+02 7.1917498779e+02 7.1935198975e+02 7.1970697021e+02 7.2028100586e+02 7.2093200684e+02 7.2151898193e+02 7.2207800293e+02 7.2261901855e+02 7.2318701172e+02 7.2376098633e+02 7.2424102783e+02 7.2465802002e+02 7.2503802490e+02 7.2543402100e+02 7.2582000732e+02 7.2622998047e+02 7.2664501953e+02 7.2701000977e+02 7.2734600830e+02 7.2763500977e+02
7.1581298828e+02 7.1592297363e+02 7.1606298828e+02 7.1619201660e+02 7.1640100098e+02 7.1674798584e+02 7.1698699951e+02 7.1703302002e+02 7.1709497070e+02 7.1723797607e+02 7.1743103027e+02 7.1755798340e+02 7.1769500732e+02 7.1778002930e+02 7.1785498047e+02 7.1801800537e+02 7.1815399170e+02 7.1824499512e+02 7.1829302979e+02 7.1828601074e+02 7.1831298828e+02 7.1840802002e+02 7.1859802246e+02 7.1872698975e+02 7.1883898926e+02 7.1903002930e+02 7.1934802246e+02 7.1967498779e+02 7.2007897949e+02 7.2064099121e+02 7.2129602051e+02 7.2193902588e+02 7.2254101563e+02 7.2309497070e+02 7.2363397217e+02 7.2414300537e+02 7.2457501221e+02 7.2496600342e+02 7.2536901855e+02 7.2580102539e+02 7.2615301514e+02 7.2650097656e+02 7.2685998535e+02 7.2717602539e+02 7.2748498535e+02 7.2779302979e+02
7.1570202637e+02 7.1588000488e+02 7.1605798340e+02 7.1621997070e+02 7.1646600342e+02 7.1678698730e+02 7.1698901367e+02 7.1692102051e+02 7.1686798096e+02 7.1700402832e+02 7.1720501709e+02 7.1731097412e+02 7.1745397949e+02 7.1752502441e+02 7.1756799316e+02 7.1769500732e+02 7.1784600830e+02 7.1799102783e+02 7.1808801270e+02 7.1809399414e+02 7.1814001465e+02 7.1824200439e+02 7.1842199707e+02 7.1861798096e+02 7.1886102295e+02 7.1921398926e+02 7.1969799805e+02 7.2010198975e+02 7.2049298096e+02 7.2101397705e+02 7.2167102051e+02 7.2234899902e+02 7.2297198486e+02 7.2353002930e+02 7.2403997803e+02 7.2448699951e+02 7.2488000488e+02 7.2525097656e+02 7.2565698242e+02 7.2606402588e+02 7.2637799072e+02 7.2668701172e+02 7.2701898193e+02 7.2732299805e+02 7.2764599609e+02 7.2799102783e+02
7.1558502197e+02 7.1583300781e+02 7.1605700684e+02 7.1618701172e+02 7.1636297607e+02 7.1654302979e+02 7.1671099854e+02 7.1667901611e+02 7.1664099121e+02 7.1678601074e+02 7.1694299316e+02 7.1701397705e+02 7.1708801270e+02 7.1712402344e+02 7.1720501709e+02 7.1737200928e+02 7.1754998779e+02 7.1773199463e+02 7.1785998535e+02 7.1793902588e+02 7.1800402832e+02 7.1812701416e+02 7.1832299805e+02 7.1865600586e+02 7.1907397461e+02 7.1955999756e+02 7.2007800293e+02 7.2046801758e+02 7.2085198975e+02 7.2139501953e+02 7.2208502197e+02 7.2275701904e+02 7.2336401367e+02 7.2391998291e+02 7.2440002441e+02 7.2479400635e+02 7.2515600586e+02 7.2551501465e+02 7.2589898682e+02 7.2625701904e+02 7.2657098389e+02 7.2689501953e+02 7.2724401855e+02 7.2755102539e+02 7.2787298584e+02 7.2821997070e+02
7.1551800537e+02 7.1584698486e+02 7.1604498291e+02 7.1608300781e+02 7.1616302490e+02 7.1626202393e+02 7.1638397217e+02 7.1645300293e+02 7.1652099609e+02 7.1663299561e+02 7.1666900635e+02 7.1668402100e+02 7.1665301514e+02 7.1669897461e+02 7.1692297363e+02 7.1714898682e+02 7.1734002686e+02 7.1753399658e+02 7.1772399902e+02 7.1783599854e+02 7.1795397949e+02 7.1815197754e+02 7.1845898438e+02 7.1890002441e+02 7.1941198730e+02 7.1991900635e+02 7.2036199951e+02 7.2072302246e+02 7.2123602295e+02 7.2194201660e+02 7.2267102051e+02 7.2325402832e+02 7.2381298828e+02 7.2433300781e+02 7.2472802734e+02 7.2506701660e+02 7.2541998291e+02 7.2579101563e+02 7.2616400146e+02 7.2647100830e+02 7.2678100586e+02 7.2711199951e+02 7.2745001221e+02 7.2776501465e+02 7.2808801270e+02 7.2844702148e+02
7.1536401367e+02 7.1569598389e+02 7.1592199707e+02 7.1589099121e+02 7.1596899414e+02 7.1610498047e+02 7.1621502686e+02 7.1632299805e+02 7.1637298584e+02 7.1636798096e+02 7.1630200195e+02 7.1635198975e+02 7.1634899902e+02 7.1646899414e+02 7.1676501465e+02 7.1698400879e+02 7.1721502686e+02 7.1746002197e+02 7.1769598389e+02 7.1786798096e+02 7.1807397461e+02 7.1835900879e+02 7.1875201416e+02 7.1926098633e+02 7.1979602051e+02 7.2028100586e+02 7.2067602539e+02 7.2109997559e+02 7.2171801758e+02 7.2246997070e+02 7.2316699219e+02 7.2365899658e+02 7.2415899658e+02 7.2463397217e+02 7.2497497559e+02 7.2528100586e+02 7.2564898682e+02 7.2605401611e+02 7.2643499756e+02 7.2672802734e+02 7.2703802490e+02 7.2736199951e+02 7.2769097900e+02 7.2803100586e+02 7.2835699463e+02 7.2870697021e+02
7.1522399902e+02 7.1547698975e+02 7.1569299316e+02 7.1574102783e+02 7.1587097168e+02 7.1597998047e+02 7.1603100586e+02 7.1614801025e+02 7.1615802002e+02 7.1609802246e+02 7.1603302002e+02 7.1610998535e+02 7.1615899658e+02 7.1634802246e+02 7.1667700195e+02 7.1691302490e+02 7.1719201660e+02 7.1749597168e+02 7.1778601074e+02 7.1803900146e+02 7.1834100342e+02 7.1871002197e+02 7.1918103027e+02 7.1971398926e+02 7.2021899414e+02 7.2065600586e+02 7.2102398682e+02 7.2153198242e+02 7.2217700195e+02 7.2287402344e+02 7.2351397705e+02 7.2393200684e+02 7.2436700439e+02 7.2480499268e+02 7.2515301514e+02 7.2546697998e+02 7.2585601807e+02 7.2629199219e+02 7.2668499756e+02 7.2698797607e+02 7.2733099365e+02 7.2767498779e+02 7.2800897217e+02 7.2837799072e+02 7.2868701172e+02 7.2899102783e+02
7.1524597168e+02 7.1539898682e+02 7.1554400635e+02 7.1571801758e+02 7.1581500244e+02 7.1580297852e+02 7.1579901123e+02 7.1594598389e+02 7.1600201416e+02 7.1596502686e+02 7.1596997070e+02 7.1600097656e+02 7.1603002930e+02 7.1621398926e+02 7.1659802246e+02 7.1692901611e+02 7.1725097656e+02 7.1759899902e+02 7.1793701172e+02 7.1832098389e+02 7.1872198486e+02 7.1917102051e+02 7.1968902588e+02 7.2020800781e+02 7.2063000488e+02 7.2100598145e+02 7.2139801025e+02 7.2195300293e+02 7.2256402588e+02 7.2319598389e+02 7.2379797363e+02 7.2417602539e+02 7.2456298828e+02 7.2497698975e+02 7.2533801270e+02 7.2565698242e+02 7.2606597900e+02 7.2650701904e+02 7.2687402344e+02 7.2719598389e+02 7.2759997559e+02 7.2801000977e+02 7.2835998535e+02 7.2873699951e+02 7.2901397705e+02 7.2927099609e+02
7.1525097656e+02 7.1538500977e+02 7.1551000977e+02 7.1563299561e+02 7.1564099121e+02 7.1569097900e+02 7.1576898193e+02 7.1583099365e+02 7.1590698242e+02 7.1594396973e+02 7.1602099609e+02 7.1606402588e+02 7.1610198975e+02 7.1631597900e+02 7.1674597168e+02 7.1709399414e+02 7.1742797852e+02 7.1779199219e+02 7.1820599365e+02 7.1865301514e+02 7.1913500977e+02 7.1966101074e+02 7.2023101807e+02 7.2073101807e+02 7.2103100586e+02 7.2136999512e+02 7.2185198975e+02 7.2238000488e+02 7.2293597412e+02 7.2354199219e+02 7.2406201172e+02 7.2441998291e+02 7.2484197998e+02 7.2525097656e+02 7.2558300781e+02 7.2590600586e+02 7.2631298828e+02 7.2671600342e+02 7.2704699707e+02 7.2746899414e+02 7.2796502686e+02 7.2839099121e+02 7.2866497803e+02 7.2895599365e+02 7.2922802734e+02 7.2953302002e+02
7.1520098877e+02 7.1527502441e+02 7.1540997314e+02 7.1547900391e+02 7.1543902588e+02 7.1548999023e+02 7.1563201904e+02 7.1570800781e+02 7.1583599854e+02 7.1594000244e+02 7.1608898926e+02 7.1627301025e+02 7.1643298340e+02 7.1668499756e+02 7.1707702637e+02 7.1742999268e+02 7.1778802490e+02 7.1818902588e+02 7.1863598633e+02 7.1911297607e+02 7.1964202881e+02 7.2020501709e+02 7.2081799316e+02 7.2122802734e+02 7.2148797607e+02 7.2185699463e+02 7.2235498047e+02 7.2282299805e+02 7.2334100342e+02 7.2391101074e+02 7.2434698486e+02 7.2473400879e+02 7.2518597412e+02 7.2556402588e+02 7.2586901855e+02 7.2619598389e+02 7.2657397461e+02 7.2692401123e+02 7.2722497559e+02 7.2773297119e+02 7.2829400635e+02 7.2871801758e+02 7.2891101074e+02 7.2913800049e+02 7.2944201660e+02 7.2979699707e+02
7.1508300781e+02 7.1508300781e+02 7.1526300049e+02 7.1536798096e+02 7.1537402344e+02 7.1539801025e+02 7.1552197266e+02 7.1566101074e+02 7.1584002686e+02 7.1600500488e+02 7.1624200439e+02 7.1660699463e+02 7.1690301514e+02 7.1719799805e+02 7.1752899170e+02 7.1786199951e+02 7.1824401855e+02 7.1869299316e+02 7.1917498779e+02 7.1965002441e+02 7.2019500732e+02 7.2075701904e+02 7.2135400391e+02 7.2166497803e+02 7.2194201660e+02 7.2235900879e+02 7.2283300781e+02 7.2327398682e+02 7.2376702881e+02 7.2426397705e+02 7.2463500977e+02 7.2504797363e+02 7.2547399902e+02 7.2581201172e+02 7.2612902832e+02 7.2645397949e+02 7.2679602051e+02 7.2711199951e+02 7.2742199707e+02 7.2794500732e+02 7.2850000000e+02 7.2890399170e+02 7.2907897949e+02 7.2932501221e+02 7.2967199707e+02 7.3004797363e+02
7.1499200439e+02 7.1499597168e+02 7.1517700195e+02 7.1535198975e+02 7.1540502930e+02 7.1542401123e+02 7.1555999756e+02 7.1577502441e+02 7.1598297119e+02 7.1620898438e+02 7.1651599121e+02 7.1694702148e+02 7.1731097412e+02 7.1764300537e+02 7.1797698975e+02 7.1830499268e+02 7.1871502686e+02 7.1921301270e+02 7.1974102783e+02 7.2024298096e+02 7.2077502441e+02 7.2129101563e+02 7.2175598145e+02 7.2200000000e+02 7.2232501221e+02 7.2275201416e+02 7.2316302490e+02 7.2365197754e+02 7.2413702393e+02 7.2452697754e+02 7.2484600830e+02 7.2527899170e+02 7.2566900635e+02 7.2600598145e+02 7.2634399414e+02 7.2664898682e+02 7.2695697021e+02 7.2727801514e+02 7.2765002441e+02 7.2809899902e+02 7.2855798340e+02 7.2893798828e+02 7.2920599365e+02 7.2952398682e+02 7.2990502930e+02 7.3027899170e+02
7.1497900391e+02 7.1509698486e+02 7.1520697021e+02 7.1521002197e+02 7.1522399902e+02 7.1535198975e+02 7.1565301514e+02 7.1593298340e+02 7.1623297119e+02 7.1652398682e+02 7.1686102295e+02 7.1728997803e+02 7.1762799072e+02 7.1798101807e+02 7.1839898682e+02 7.1874298096e+02 7.1919799805e+02 7.1974102783e+02 7.2030700684e+02 7.2080102539e+02 7.2126000977e+02 7.2168902588e+02 7.2209197998e+02 7.2239599609e+02 7.2272198486e+02 7.2308099365e+02 7.2345800781e+02 7.2390802002e+02 7.2433398438e+02 7.2469097900e+02 7.2505499268e+02 7.2544897461e+02 7.2579400635e+02 7.2611199951e+02 7.2644097900e+02 7.2677301025e+02 7.2711499023e+02 7.2747497559e+02 7.2785797119e+02 7.2825799561e+02 7.2864801025e+02 7.2901702881e+02 7.2934399414e+02 7.2970001221e+02 7.3011700439e+02 7.3051098633e+02
7.1492797852e+02 7.1510400391e+02 7.1515502930e+02 7.1507897949e+02 7.1513397217e+02 7.1540301514e+02 7.1579998779e+02 7.1615002441e+02 7.1653997803e+02 7.1686199951e+02 7.1720697021e+02 7.1762597656e+02 7.1800000000e+02 7.1839898682e+02 7.1889300537e+02 7.1928302002e+02 7.1975299072e+02 7.2029199219e+02 7.2083502197e+02 7.2126898193e+02 7.2164898682e+02 7.2201501465e+02 7.2240002441e+02 7.2276000977e+02 7.2308697510e+02 7.2341601563e+02 7.2377697754e+02 7.2416802979e+02 7.2454699707e+02 7.2492401123e+02 7.2530200195e+02 7.2562902832e+02 7.2593701172e+02 7.2624102783e+02 7.2657202148e+02 7.2693499756e+02 7.2730499268e+02 7.2768798828e+02 7.2807000732e+02 7.2842700195e+02 7.2879101563e+02 7.2916497803e+02 7.2952600098e+02 7.2990100098e+02 7.3033898926e+02 7.3074798584e+02
7.1486798096e+02 7.1503399658e+02 7.1505999756e+02 7.1513598633e+02 7.1533801270e+02 7.1569598389e+02 7.1608300781e+02 7.1646099854e+02 7.1688098145e+02 7.1722497559e+02 7.1763299561e+02 7.1814801025e+02 7.1859899902e+02 7.1899499512e+02 7.1946801758e+02 7.1988702393e+02 7.2033099365e+02 7.2080902100e+02 7.2127600098e+02 7.2165600586e+02 7.2197900391e+02 7.2230297852e+02 7.2266302490e+02 7.2301702881e+02 7.2335998535e+02 7.2371801758e+02 7.2408001709e+02 7.2441802979e+02 7.2478497314e+02 7.2518902588e+02 7.2554400635e+02 7.2582202148e+02 7.2611401367e+02 7.2642199707e+02 7.2676202393e+02 7.2714099121e+02 7.2752899170e+02 7.2792297363e+02 7.2829797363e+02 7.2863500977e+02 7.2899102783e+02 7.2937597656e+02 7.2976702881e+02 7.3014501953e+02 7.3056799316e+02 7.3095800781e+02
