TESTSERVER/23/6.asc
NCOLS 100
NROWS 100
XLLCORNER 8.6497500000e+03
YLLCORNER 2.8965025000e+05
CELLSIZE 5.0000000000e-01
NODATA_VALUE -9.9990000000e+03
[rows 80 to 99 of 100, columns 46 to 91 of 100]
7.2140002441e+02 7.2175000000e+02 7.2216699219e+02 7.2251000977e+02 7.2277398682e+02 7.2301702881e+02 7.2330200195e+02 7.2362097168e+02 7.2396197510e+02 7.2432800293e+02 7.2472399902e+02 7.2508099365e+02 7.2535101318e+02 7.2557702637e+02 7.2578198242e+02 7.2606896973e+02 7.2641699219e+02 7.2680401611e+02 7.2720599365e+02 7.2749401855e+02 7.2779199219e+02 7.2808197021e+02 7.2840197754e+02 7.2863702393e+02 7.2886297607e+02 7.2917700195e+02 7.2950598145e+02 7.2978100586e+02 7.3008300781e+02 7.3032800293e+02 7.3061102295e+02 7.3087402344e+02 7.3120001221e+02 7.3150097656e+02 7.3175598145e+02 7.3209301758e+02 7.3241101074e+02 7.3268798828e+02 7.3295898438e+02 7.3332000732e+02 7.3367700195e+02 7.3397302246e+02 7.3419500732e+02 7.3445397949e+02 7.3476300049e+02 7.3507897949e+02
7.2156896973e+02 7.2191998291e+02 7.2232800293e+02 7.2267797852e+02 7.2295697021e+02 7.2321398926e+02 7.2350000000e+02 7.2383898926e+02 7.2419396973e+02 7.2456500244e+02 7.2494897461e+02 7.2528399658e+02 7.2553399658e+02 7.2574798584e+02 7.2595599365e+02 7.2621301270e+02 7.2658801270e+02 7.2702398682e+02 7.2741699219e+02 7.2769201660e+02 7.2793701172e+02 7.2819299316e+02 7.2847698975e+02 7.2872399902e+02 7.2896502686e+02 7.2928198242e+02 7.2958099365e+02 7.2984802246e+02 7.3015899658e+02 7.3046899414e+02 7.3077001953e+02 7.3103698730e+02 7.3135900879e+02 7.3166802979e+02 7.3198699951e+02 7.3237200928e+02 7.3270098877e+02 7.3292999268e+02 7.3311999512e+02 7.3342102051e+02 7.3374700928e+02 7.3401898193e+02 7.3421801758e+02 7.3449200439e+02 7.3483502197e+02 7.3516699219e+02
7.2173400879e+02 7.2208197021e+02 7.2246197510e+02 7.2280102539e+02 7.2308398438e+02 7.2335400391e+02 7.2366198730e+02 7.2402001953e+02 7.2437902832e+02 7.2474499512e+02 7.2509698486e+02 7.2541101074e+02 7.2566497803e+02 7.2589501953e+02 7.2612597656e+02 7.2638702393e+02 7.2675897217e+02 7.2718902588e+02 7.2757702637e+02 7.2784100342e+02 7.2807000732e+02 7.2831097412e+02 7.2857000732e+02 7.2884100342e+02 7.2913800049e+02 7.2942602539e+02 7.2969500732e+02 7.2996600342e+02 7.3033300781e+02 7.3067401123e+02 7.3090600586e+02 7.3114099121e+02 7.3143798828e+02 7.3176202393e+02 7.3215100098e+02 7.3261798096e+02 7.3298797607e+02 7.3318597412e+02 7.3328399658e+02 7.3351300049e+02 7.3376202393e+02 7.3400500488e+02 7.3424499512e+02 7.3454797363e+02 7.3489898682e+02 7.3521997070e+02
7.2187597656e+02 7.2221697998e+02 7.2256298828e+02 7.2288098145e+02 7.2317297363e+02 7.2346301270e+02 7.2379498291e+02 7.2416198730e+02 7.2452001953e+02 7.2487597656e+02 7.2520202637e+02 7.2550402832e+02 7.2576898193e+02 7.2601800537e+02 7.2627099609e+02 7.2652600098e+02 7.2687799072e+02 7.2728002930e+02 7.2765100098e+02 7.2793499756e+02 7.2818701172e+02 7.2843902588e+02 7.2869598389e+02 7.2895697021e+02 7.2925701904e+02 7.2953399658e+02 7.2983197021e+02 7.3010400391e+02 7.3047601318e+02 7.3080902100e+02 7.3100402832e+02 7.3122399902e+02 7.3149700928e+02 7.3181799316e+02 7.3220098877e+02 7.3265502930e+02 7.3305102539e+02 7.3327697754e+02 7.3338098145e+02 7.3354797363e+02 7.3372497559e+02 7.3395599365e+02 7.3426599121e+02 7.3459399414e+02 7.3493597412e+02 7.3523901367e+02
7.2198699951e+02 7.2231298828e+02 7.2263500977e+02 7.2293200684e+02 7.2323999023e+02 7.2356097412e+02 7.2392901611e+02 7.2429400635e+02 7.2464501953e+02 7.2498498535e+02 7.2534301758e+02 7.2560498047e+02 7.2585900879e+02 7.2610797119e+02 7.2635498047e+02 7.2661401367e+02 7.2693402100e+02 7.2728497314e+02 7.2762902832e+02 7.2795599365e+02 7.2825299072e+02 7.2853002930e+02 7.2876898193e+02 7.2902697754e+02 7.2933801270e+02 7.2964898682e+02 7.2995397949e+02 7.3023297119e+02 7.3056298828e+02 7.3086602783e+02 7.3109698486e+02 7.3131201172e+02 7.3156500244e+02 7.3186602783e+02 7.3218103027e+02 7.3248400879e+02 7.3287799072e+02 7.3321502686e+02 7.3343402100e+02 7.3352801514e+02 7.3367999268e+02 7.3393798828e+02 7.3430401611e+02 7.3464801025e+02 7.3497100830e+02 7.3525598145e+02
7.2207800293e+02 7.2237500000e+02 7.2267401123e+02 7.2296997070e+02 7.2330200195e+02 7.2365502930e+02 7.2403198242e+02 7.2439300537e+02 7.2471697998e+02 7.2502502441e+02 7.2533099365e+02 7.2559899902e+02 7.2586499023e+02 7.2612597656e+02 7.2639697266e+02 7.2669396973e+02 7.2699597168e+02 7.2729998779e+02 7.2761199951e+02 7.2793701172e+02 7.2824401855e+02 7.2852801514e+02 7.2878997803e+02 7.2909399414e+02 7.2943499756e+02 7.2975299072e+02 7.3004199219e+02 7.3033697510e+02 7.3064202881e+02 7.3090002441e+02 7.3113598633e+02 7.3134899902e+02 7.3160601807e+02 7.3191601563e+02 7.3220001221e+02 7.3244799805e+02 7.3285900879e+02 7.3324200439e+02 7.3345001221e+02 7.3352600098e+02 7.3370800781e+02 7.3402502441e+02 7.3440997314e+02 7.3468298340e+02 7.3493200684e+02 7.3520300293e+02
7.2214501953e+02 7.2241601563e+02 7.2270397949e+02 7.2301202393e+02 7.2336297607e+02 7.2373498535e+02 7.2410797119e+02 7.2442297363e+02 7.2471899414e+02 7.2501000977e+02 7.2528100586e+02 7.2553802490e+02 7.2584899902e+02 7.2617102051e+02 7.2645800781e+02 7.2674798584e+02 7.2703497314e+02 7.2731402588e+02 7.2759399414e+02 7.2789300537e+02 7.2819500732e+02 7.2850201416e+02 7.2881701660e+02 7.2914697266e+02 7.2947802734e+02 7.2978198242e+02 7.3007202148e+02 7.3037200928e+02 7.3066497803e+02 7.3090301514e+02 7.3114697266e+02 7.3138702393e+02 7.3167199707e+02 7.3199298096e+02 7.3228497314e+02 7.3256597900e+02 7.3296801758e+02 7.3331799316e+02 7.3347802734e+02 7.3356402588e+02 7.3377697754e+02 7.3410198975e+02 7.3444897461e+02 7.3466101074e+02 7.3486901855e+02 7.3513800049e+02
7.2219897461e+02 7.2244897461e+02 7.2273199463e+02 7.2305798340e+02 7.2342401123e+02 7.2380499268e+02 7.2415997314e+02 7.2443200684e+02 7.2470697021e+02 7.2499298096e+02 7.2528198242e+02 7.2553997803e+02 7.2585101318e+02 7.2620300293e+02 7.2650402832e+02 7.2677301025e+02 7.2704901123e+02 7.2732000732e+02 7.2758898926e+02 7.2786199951e+02 7.2815698242e+02 7.2848901367e+02 7.2885101318e+02 7.2918798828e+02 7.2951098633e+02 7.2980499268e+02 7.3008697510e+02 7.3038500977e+02 7.3067797852e+02 7.3091302490e+02 7.3116198730e+02 7.3142901611e+02 7.3173999023e+02 7.3205999756e+02 7.3233599854e+02 7.3261999512e+02 7.3298901367e+02 7.3330700684e+02 7.3347497559e+02 7.3360998535e+02 7.3384197998e+02 7.3412597656e+02 7.3439697266e+02 7.3459997559e+02 7.3481402588e+02 7.3508898926e+02
7.2225500488e+02 7.2250701904e+02 7.2279400635e+02 7.2310797119e+02 7.2346697998e+02 7.2383697510e+02 7.2418597412e+02 7.2444598389e+02 7.2471398926e+02 7.2502301025e+02 7.2539801025e+02 7.2560797119e+02 7.2587799072e+02 7.2622399902e+02 7.2654101563e+02 7.2677899170e+02 7.2705499268e+02 7.2733502197e+02 7.2759497070e+02 7.2784899902e+02 7.2814398193e+02 7.2849200439e+02 7.2888500977e+02 7.2924798584e+02 7.2957098389e+02 7.2986999512e+02 7.3013897705e+02 7.3040197754e+02 7.3068298340e+02 7.3092102051e+02 7.3119097900e+02 7.3146398926e+02 7.3177301025e+02 7.3207800293e+02 7.3233898926e+02 7.3262597656e+02 7.3295697021e+02 7.3324902344e+02 7.3344500732e+02 7.3361102295e+02 7.3384600830e+02 7.3407702637e+02 7.3428198242e+02 7.3450897217e+02 7.3475500488e+02 7.3503198242e+02
7.2231402588e+02 7.2258197021e+02 7.2287200928e+02 7.2317498779e+02 7.2347998047e+02 7.2380902100e+02 7.2415600586e+02 7.2446002197e+02 7.2478399658e+02 7.2513000488e+02 7.2545800781e+02 7.2565600586e+02 7.2591198730e+02 7.2622497559e+02 7.2652398682e+02 7.2676702881e+02 7.2703399658e+02 7.2729901123e+02 7.2754400635e+02 7.2782800293e+02 7.2816998291e+02 7.2851599121e+02 7.2885400391e+02 7.2919799805e+02 7.2952197266e+02 7.2981597900e+02 7.3007702637e+02 7.3036401367e+02 7.3062500000e+02 7.3089099121e+02 7.3123101807e+02 7.3150097656e+02 7.3178497314e+02 7.3207702637e+02 7.3235699463e+02 7.3262402344e+02 7.3290802002e+02 7.3315698242e+02 7.3334802246e+02 7.3354199219e+02 7.3376098633e+02 7.3397198486e+02 7.3418298340e+02 7.3439202881e+02 7.3462701416e+02 7.3490197754e+02
7.2234301758e+02 7.2261401367e+02 7.2291400146e+02 7.2321099854e+02 7.2350402832e+02 7.2381500244e+02 7.2415600586e+02 7.2451300049e+02 7.2486602783e+02 7.2519000244e+02 7.2545697021e+02 7.2567102051e+02 7.2592498779e+02 7.2621697998e+02 7.2651397705e+02 7.2676202393e+02 7.2700598145e+02 7.2724499512e+02 7.2748699951e+02 7.2781896973e+02 7.2821002197e+02 7.2856402588e+02 7.2883300781e+02 7.2910101318e+02 7.2942297363e+02 7.2972399902e+02 7.2999902344e+02 7.3032000732e+02 7.3057000732e+02 7.3083398438e+02 7.3118701172e+02 7.3147601318e+02 7.3175799561e+02 7.3205200195e+02 7.3234197998e+02 7.3257800293e+02 7.3281597900e+02 7.3301397705e+02 7.3318597412e+02 7.3339501953e+02 7.3360998535e+02 7.3382501221e+02 7.3405798340e+02 7.3428302002e+02 7.3453198242e+02 7.3482501221e+02
7.2235601807e+02 7.2263000488e+02 7.2292999268e+02 7.2323999023e+02 7.2355603027e+02 7.2387097168e+02 7.2420800781e+02 7.2457598877e+02 7.2491601563e+02 7.2519598389e+02 7.2542102051e+02 7.2566900635e+02 7.2591802979e+02 7.2619097900e+02 7.2649401855e+02 7.2674200439e+02 7.2697198486e+02 7.2720599365e+02 7.2745800781e+02 7.2778698730e+02 7.2818902588e+02 7.2856402588e+02 7.2883197021e+02 7.2902301025e+02 7.2931402588e+02 7.2963000488e+02 7.2991802979e+02 7.3021697998e+02 7.3048602295e+02 7.3077899170e+02 7.3111901855e+02 7.3141497803e+02 7.3170800781e+02 7.3199798584e+02 7.3227099609e+02 7.3248101807e+02 7.3268597412e+02 7.3284802246e+02 7.3300097656e+02 7.3321301270e+02 7.3343103027e+02 7.3366601563e+02 7.3392498779e+02 7.3417700195e+02 7.3445697021e+02 7.3477099609e+02
7.2237402344e+02 7.2264697266e+02 7.2295501709e+02 7.2330499268e+02 7.2366900635e+02 7.2401000977e+02 7.2434600830e+02 7.2462902832e+02 7.2490600586e+02 7.2516497803e+02 7.2542199707e+02 7.2569201660e+02 7.2591900635e+02 7.2614300537e+02 7.2638897705e+02 7.2664300537e+02 7.2688500977e+02 7.2715600586e+02 7.2744799805e+02 7.2770599365e+02 7.2805297852e+02 7.2845098877e+02 7.2880200195e+02 7.2893597412e+02 7.2917999268e+02 7.2952001953e+02 7.2982501221e+02 7.3008300781e+02 7.3035998535e+02 7.3070697021e+02 7.3105499268e+02 7.3132897949e+02 7.3163500977e+02 7.3190399170e+02 7.3212298584e+02 7.3232098389e+02 7.3251501465e+02 7.3267700195e+02 7.3287298584e+02 7.3307299805e+02 7.3328100586e+02 7.3353198242e+02 7.3380798340e+02 7.3407000732e+02 7.3436901855e+02 7.3468597412e+02
7.2244097900e+02 7.2270300293e+02 7.2301599121e+02 7.2337097168e+02 7.2374700928e+02 7.2411102295e+02 7.2442102051e+02 7.2468103027e+02 7.2490502930e+02 7.2514001465e+02 7.2541101074e+02 7.2568103027e+02 7.2588800049e+02 7.2608197021e+02 7.2629498291e+02 7.2651098633e+02 7.2677001953e+02 7.2707800293e+02 7.2740100098e+02 7.2762500000e+02 7.2790197754e+02 7.2827197266e+02 7.2863598633e+02 7.2880297852e+02 7.2902301025e+02 7.2936700439e+02 7.2971899414e+02 7.3000299072e+02 7.3028698730e+02 7.3062200928e+02 7.3093103027e+02 7.3120098877e+02 7.3151000977e+02 7.3175000000e+02 7.3193298340e+02 7.3212799072e+02 7.3231896973e+02 7.3250402832e+02 7.3269396973e+02 7.3290100098e+02 7.3311401367e+02 7.3337902832e+02 7.3368798828e+02 7.3397900391e+02 7.3429797363e+02 7.3460900879e+02
7.2248602295e+02 7.2273999023e+02 7.2302600098e+02 7.2334899902e+02 7.2371398926e+02 7.2408197021e+02 7.2440899658e+02 7.2465997314e+02 7.2486499023e+02 7.2508502197e+02 7.2534997559e+02 7.2560699463e+02 7.2581201172e+02 7.2601098633e+02 7.2622100830e+02 7.2642297363e+02 7.2668597412e+02 7.2700299072e+02 7.2731896973e+02 7.2753100586e+02 7.2777502441e+02 7.2809997559e+02 7.2843701172e+02 7.2869299316e+02 7.2892700195e+02 7.2925402832e+02 7.2958398438e+02 7.2984698486e+02 7.3016699219e+02 7.3051202393e+02 7.3079901123e+02 7.3105999756e+02 7.3133502197e+02 7.3155200195e+02 7.3174700928e+02 7.3194396973e+02 7.3213299561e+02 7.3234698486e+02 7.3251898193e+02 7.3271801758e+02 7.3295800781e+02 7.3323602295e+02 7.3355401611e+02 7.3386401367e+02 7.3421002197e+02 7.3453497314e+02
7.2248498535e+02 7.2273699951e+02 7.2299499512e+02 7.2328900146e+02 7.2363702393e+02 7.2399102783e+02 7.2432098389e+02 7.2457299805e+02 7.2477502441e+02 7.2499298096e+02 7.2525097656e+02 7.2550097656e+02 7.2572399902e+02 7.2594396973e+02 7.2616802979e+02 7.2636499023e+02 7.2661602783e+02 7.2690997314e+02 7.2718902588e+02 7.2741900635e+02 7.2766497803e+02 7.2795898438e+02 7.2826599121e+02 7.2858398438e+02 7.2883398438e+02 7.2914202881e+02 7.2944201660e+02 7.2968798828e+02 7.3001898193e+02 7.3039202881e+02 7.3069396973e+02 7.3091198730e+02 7.3113897705e+02 7.3133502197e+02 7.3155200195e+02 7.3176202393e+02 7.3196997070e+02 7.3221899414e+02 7.3238201904e+02 7.3255499268e+02 7.3279199219e+02 7.3307098389e+02 7.3338897705e+02 7.3370800781e+02 7.3407299805e+02 7.3440502930e+02
7.2246398926e+02 7.2271301270e+02 7.2296002197e+02 7.2326501465e+02 7.2359301758e+02 7.2391601563e+02 7.2419897461e+02 7.2444000244e+02 7.2465600586e+02 7.2488702393e+02 7.2515100098e+02 7.2541302490e+02 7.2566198730e+02 7.2589501953e+02 7.2611901855e+02 7.2632397461e+02 7.2654797363e+02 7.2679998779e+02 7.2705200195e+02 7.2730700684e+02 7.2755902100e+02 7.2783801270e+02 7.2814099121e+02 7.2843200684e+02 7.2870800781e+02 7.2901501465e+02 7.2932702637e+02 7.2958801270e+02 7.2987097168e+02 7.3020898438e+02 7.3054400635e+02 7.3074102783e+02 7.3094598389e+02 7.3113299561e+02 7.3132098389e+02 7.3156201172e+02 7.3180999756e+02 7.3205798340e+02 7.3222802734e+02 7.3238500977e+02 7.3260101318e+02 7.3287597656e+02 7.3320300293e+02 7.3354302979e+02 7.3391400146e+02 7.3425799561e+02
7.2243499756e+02 7.2266699219e+02 7.2289398193e+02 7.2323602295e+02 7.2359600830e+02 7.2390802002e+02 7.2413000488e+02 7.2433099365e+02 7.2454400635e+02 7.2478002930e+02 7.2503997803e+02 7.2533001709e+02 7.2560302734e+02 7.2583197021e+02 7.2603802490e+02 7.2625598145e+02 7.2647601318e+02 7.2671697998e+02 7.2696197510e+02 7.2724200439e+02 7.2748297119e+02 7.2773797607e+02 7.2802099609e+02 7.2832202148e+02 7.2862200928e+02 7.2889898682e+02 7.2915698242e+02 7.2945898438e+02 7.2975097656e+02 7.3004901123e+02 7.3032397461e+02 7.3054101563e+02 7.3075201416e+02 7.3095001221e+02 7.3113800049e+02 7.3135998535e+02 7.3160198975e+02 7.3185900879e+02 7.3207501221e+02 7.3221899414e+02 7.3244799805e+02 7.3271997070e+02 7.3308300781e+02 7.3341802979e+02 7.3378601074e+02 7.3414697266e+02
7.2234698486e+02 7.2257299805e+02 7.2280297852e+02 7.2315100098e+02 7.2351300049e+02 7.2380700684e+02 7.2401098633e+02 7.2422497559e+02 7.2444897461e+02 7.2469201660e+02 7.2494897461e+02 7.2524700928e+02 7.2554302979e+02 7.2578802490e+02 7.2597698975e+02 7.2616900635e+02 7.2637701416e+02 7.2659100342e+02 7.2679699707e+02 7.2705499268e+02 7.2729498291e+02 7.2755999756e+02 7.2786297607e+02 7.2816802979e+02 7.2844598389e+02 7.2872399902e+02 7.2902197266e+02 7.2933300781e+02 7.2961401367e+02 7.2987500000e+02 7.3011499023e+02 7.3033099365e+02 7.3053198242e+02 7.3073797607e+02 7.3093402100e+02 7.3114001465e+02 7.3136401367e+02 7.3165997314e+02 7.3196502686e+02 7.3208898926e+02 7.3235400391e+02 7.3266101074e+02 7.3301397705e+02 7.3331298828e+02 7.3368701172e+02 7.3407897949e+02
7.2221997070e+02 7.2245300293e+02 7.2270001221e+02 7.2302099609e+02 7.2335400391e+02 7.2363500977e+02 7.2386401367e+02 7.2411401367e+02 7.2436602783e+02 7.2462298584e+02 7.2487402344e+02 7.2516302490e+02 7.2547998047e+02 7.2575299072e+02 7.2594201660e+02 7.2608398438e+02 7.2626397705e+02 7.2645300293e+02 7.2663800049e+02 7.2685601807e+02 7.2709197998e+02 7.2736499023e+02 7.2765899658e+02 7.2794897461e+02 7.2822900391e+02 7.2853601074e+02 7.2888397217e+02 7.2918402100e+02 7.2944598389e+02 7.2968298340e+02 7.2991900635e+02 7.3013397217e+02 7.3033502197e+02 7.3054901123e+02 7.3075799561e+02 7.3096502686e+02 7.3119897461e+02 7.3153100586e+02 7.3188299561e+02 7.3198400879e+02 7.3228802490e+02 7.3264300537e+02 7.3295300293e+02 7.3322601318e+02 7.3360498047e+02 7.3402001953e+02
