TESTSERVER/23/7.asc
NCOLS 100
NROWS 100
XLLCORNER 8.6497500000e+03
YLLCORNER 2.8960025000e+05
CELLSIZE 5.0000000000e-01
NODATA_VALUE -9.9990000000e+03
[rows 80 to 99 of 100, columns 46 to 91 of 100]
7.1009698486e+02 7.1030102539e+02 7.1056896973e+02 7.1064501953e+02 7.1084899902e+02 7.1107000732e+02 7.1134197998e+02 7.1159698486e+02 7.1182202148e+02 7.1202502441e+02 7.1221697998e+02 7.1247302246e+02 7.1268798828e+02 7.1288000488e+02 7.1306799316e+02 7.1328100586e+02 7.1349700928e+02 7.1373297119e+02 7.1403997803e+02 7.1439202881e+02 7.1453002930e+02 7.1459399414e+02 7.1474700928e+02 7.1494799805e+02 7.1517297363e+02 7.1542498779e+02 7.1572998047e+02 7.1593200684e+02 7.1602502441e+02 7.1618200684e+02 7.1636999512e+02 7.1652197266e+02 7.1675799561e+02 7.1706896973e+02 7.1743597412e+02 7.1766497803e+02 7.1787200928e+02 7.1806597900e+02 7.1828698730e+02 7.1853997803e+02 7.1880401611e+02 7.1905200195e+02 7.1928002930e+02 7.1959100342e+02 7.1990301514e+02 7.2018298340e+02
7.0988098145e+02 7.0999499512e+02 7.1025500488e+02 7.1041900635e+02 7.1068499756e+02 7.1090997314e+02 7.1116302490e+02 7.1144299316e+02 7.1162402344e+02 7.1185797119e+02 7.1210198975e+02 7.1229199219e+02 7.1248602295e+02 7.1271197510e+02 7.1292797852e+02 7.1310302734e+02 7.1330603027e+02 7.1355200195e+02 7.1380798340e+02 7.1412597656e+02 7.1433502197e+02 7.1444500732e+02 7.1458197021e+02 7.1478900146e+02 7.1501501465e+02 7.1525701904e+02 7.1551898193e+02 7.1569598389e+02 7.1580297852e+02 7.1598797607e+02 7.1621600342e+02 7.1637701416e+02 7.1660400391e+02 7.1692999268e+02 7.1730297852e+02 7.1753100586e+02 7.1770599365e+02 7.1787402344e+02 7.1807897949e+02 7.1832098389e+02 7.1858300781e+02 7.1882897949e+02 7.1902099609e+02 7.1928100586e+02 7.1961199951e+02 7.1994097900e+02
7.0958197021e+02 7.0973999023e+02 7.0998999023e+02 7.1019000244e+02 7.1050000000e+02 7.1076098633e+02 7.1097802734e+02 7.1124597168e+02 7.1140502930e+02 7.1164001465e+02 7.1195697021e+02 7.1214697266e+02 7.1231799316e+02 7.1254199219e+02 7.1278198242e+02 7.1296997070e+02 7.1314001465e+02 7.1333697510e+02 7.1355603027e+02 7.1384997559e+02 7.1411199951e+02 7.1427899170e+02 7.1441802979e+02 7.1463201904e+02 7.1485797119e+02 7.1508099365e+02 7.1528601074e+02 7.1542999268e+02 7.1555700684e+02 7.1576501465e+02 7.1602502441e+02 7.1621697998e+02 7.1644500732e+02 7.1674902344e+02 7.1709997559e+02 7.1733001709e+02 7.1749298096e+02 7.1765301514e+02 7.1786499023e+02 7.1812402344e+02 7.1839300537e+02 7.1864300537e+02 7.1882397461e+02 7.1904302979e+02 7.1936798096e+02 7.1972302246e+02
7.0929699707e+02 7.0951000977e+02 7.0976599121e+02 7.0997198486e+02 7.1028100586e+02 7.1057501221e+02 7.1078302002e+02 7.1104400635e+02 7.1122302246e+02 7.1144799805e+02 7.1176599121e+02 7.1199798584e+02 7.1218798828e+02 7.1241101074e+02 7.1264801025e+02 7.1286602783e+02 7.1301300049e+02 7.1315698242e+02 7.1334301758e+02 7.1360302734e+02 7.1388397217e+02 7.1410400391e+02 7.1425500488e+02 7.1445697021e+02 7.1467700195e+02 7.1488397217e+02 7.1505700684e+02 7.1518701172e+02 7.1532897949e+02 7.1554199219e+02 7.1582202148e+02 7.1605999756e+02 7.1628997803e+02 7.1655499268e+02 7.1685498047e+02 7.1708099365e+02 7.1724200439e+02 7.1740997314e+02 7.1763800049e+02 7.1790100098e+02 7.1816601563e+02 7.1842700195e+02 7.1864001465e+02 7.1884301758e+02 7.1914801025e+02 7.1950402832e+02
7.0907098389e+02 7.0926898193e+02 7.0950701904e+02 7.0977001953e+02 7.1006097412e+02 7.1035400391e+02 7.1057397461e+02 7.1083398438e+02 7.1103399658e+02 7.1125299072e+02 7.1155499268e+02 7.1184997559e+02 7.1205999756e+02 7.1226898193e+02 7.1253302002e+02 7.1276000977e+02 7.1291601563e+02 7.1304302979e+02 7.1319897461e+02 7.1341400146e+02 7.1366497803e+02 7.1390197754e+02 7.1407000732e+02 7.1424298096e+02 7.1445098877e+02 7.1466101074e+02 7.1485198975e+02 7.1498199463e+02 7.1514202881e+02 7.1535601807e+02 7.1562701416e+02 7.1590802002e+02 7.1614697266e+02 7.1637597656e+02 7.1660498047e+02 7.1681097412e+02 7.1698297119e+02 7.1717297363e+02 7.1741497803e+02 7.1765502930e+02 7.1789099121e+02 7.1814801025e+02 7.1840899658e+02 7.1863598633e+02 7.1890802002e+02 7.1923400879e+02
7.0887701416e+02 7.0909497070e+02 7.0933801270e+02 7.0961199951e+02 7.0989001465e+02 7.1013000488e+02 7.1034197998e+02 7.1059899902e+02 7.1082800293e+02 7.1105798340e+02 7.1136602783e+02 7.1172100830e+02 7.1194201660e+02 7.1208801270e+02 7.1230297852e+02 7.1255902100e+02 7.1275097656e+02 7.1288800049e+02 7.1302301025e+02 7.1321301270e+02 7.1343103027e+02 7.1365301514e+02 7.1384100342e+02 7.1401000977e+02 7.1421502686e+02 7.1444000244e+02 7.1463800049e+02 7.1478698730e+02 7.1496801758e+02 7.1517401123e+02 7.1540600586e+02 7.1567602539e+02 7.1593298340e+02 7.1618103027e+02 7.1639697266e+02 7.1655798340e+02 7.1672998047e+02 7.1694097900e+02 7.1721002197e+02 7.1745501709e+02 7.1766601563e+02 7.1790197754e+02 7.1817901611e+02 7.1841802979e+02 7.1865698242e+02 7.1893499756e+02
7.0867102051e+02 7.0890802002e+02 7.0914801025e+02 7.0943200684e+02 7.0971997070e+02 7.0992700195e+02 7.1013897705e+02 7.1039202881e+02 7.1062799072e+02 7.1086602783e+02 7.1113897705e+02 7.1147497559e+02 7.1172399902e+02 7.1188098145e+02 7.1208001709e+02 7.1234100342e+02 7.1256298828e+02 7.1272601318e+02 7.1285998535e+02 7.1302099609e+02 7.1320397949e+02 7.1340100098e+02 7.1360101318e+02 7.1378198242e+02 7.1397497559e+02 7.1419396973e+02 7.1440197754e+02 7.1457397461e+02 7.1479101563e+02 7.1502099609e+02 7.1523199463e+02 7.1546502686e+02 7.1570898438e+02 7.1596398926e+02 7.1620202637e+02 7.1634802246e+02 7.1650201416e+02 7.1670800781e+02 7.1698199463e+02 7.1721899414e+02 7.1742102051e+02 7.1764697266e+02 7.1793298340e+02 7.1819500732e+02 7.1841601563e+02 7.1865301514e+02
7.0848797607e+02 7.0873199463e+02 7.0895898438e+02 7.0919702148e+02 7.0948297119e+02 7.0971301270e+02 7.0991998291e+02 7.1017999268e+02 7.1042700195e+02 7.1066802979e+02 7.1092999268e+02 7.1124298096e+02 7.1152197266e+02 7.1172302246e+02 7.1191998291e+02 7.1215997314e+02 7.1238897705e+02 7.1256701660e+02 7.1271301270e+02 7.1286102295e+02 7.1301599121e+02 7.1318499756e+02 7.1338800049e+02 7.1358099365e+02 7.1375299072e+02 7.1394799805e+02 7.1415997314e+02 7.1434899902e+02 7.1460797119e+02 7.1489697266e+02 7.1513897705e+02 7.1532299805e+02 7.1553302002e+02 7.1577697754e+02 7.1602801514e+02 7.1616497803e+02 7.1630499268e+02 7.1649902344e+02 7.1675598145e+02 7.1697198486e+02 7.1716400146e+02 7.1737902832e+02 7.1765802002e+02 7.1794598389e+02 7.1817199707e+02 7.1838598633e+02
7.0834100342e+02 7.0859301758e+02 7.0881896973e+02 7.0895501709e+02 7.0916900635e+02 7.0943499756e+02 7.0968200684e+02 7.0997100830e+02 7.1027301025e+02 7.1054699707e+02 7.1082800293e+02 7.1110400391e+02 7.1139599609e+02 7.1161199951e+02 7.1179998779e+02 7.1201702881e+02 7.1222802734e+02 7.1240600586e+02 7.1256896973e+02 7.1274298096e+02 7.1289398193e+02 7.1304199219e+02 7.1322698975e+02 7.1343200684e+02 7.1357397461e+02 7.1373101807e+02 7.1394201660e+02 7.1413201904e+02 7.1441302490e+02 7.1476898193e+02 7.1507202148e+02 7.1525201416e+02 7.1542999268e+02 7.1563897705e+02 7.1586700439e+02 7.1600897217e+02 7.1615698242e+02 7.1634600830e+02 7.1657098389e+02 7.1677899170e+02 7.1696099854e+02 7.1714898682e+02 7.1738000488e+02 7.1768798828e+02 7.1795202637e+02 7.1818701172e+02
7.0811499023e+02 7.0837701416e+02 7.0864501953e+02 7.0883300781e+02 7.0900897217e+02 7.0924700928e+02 7.0947802734e+02 7.0978497314e+02 7.1014001465e+02 7.1042797852e+02 7.1066900635e+02 7.1094799805e+02 7.1127197266e+02 7.1148101807e+02 7.1166900635e+02 7.1189398193e+02 7.1210900879e+02 7.1230200195e+02 7.1248101807e+02 7.1266198730e+02 7.1282897949e+02 7.1297497559e+02 7.1314898682e+02 7.1333801270e+02 7.1345001221e+02 7.1357299805e+02 7.1376599121e+02 7.1395599365e+02 7.1422399902e+02 7.1458502197e+02 7.1490802002e+02 7.1512402344e+02 7.1531402588e+02 7.1550598145e+02 7.1571502686e+02 7.1584997559e+02 7.1601098633e+02 7.1620697021e+02 7.1640399170e+02 7.1659698486e+02 7.1678302002e+02 7.1697497559e+02 7.1719799805e+02 7.1748699951e+02 7.1777502441e+02 7.1803997803e+02
7.0789300537e+02 7.0812799072e+02 7.0841601563e+02 7.0867901611e+02 7.0886401367e+02 7.0907299805e+02 7.0928002930e+02 7.0959899902e+02 7.0997302246e+02 7.1025097656e+02 7.1048498535e+02 7.1080700684e+02 7.1113098145e+02 7.1132501221e+02 7.1154302979e+02 7.1176702881e+02 7.1199102783e+02 7.1220599365e+02 7.1239501953e+02 7.1259301758e+02 7.1277899170e+02 7.1293103027e+02 7.1308502197e+02 7.1324200439e+02 7.1334899902e+02 7.1346600342e+02 7.1363299561e+02 7.1382598877e+02 7.1408300781e+02 7.1442102051e+02 7.1473901367e+02 7.1497900391e+02 7.1517901611e+02 7.1537402344e+02 7.1558398438e+02 7.1571801758e+02 7.1588000488e+02 7.1607702637e+02 7.1626397705e+02 7.1644299316e+02 7.1662701416e+02 7.1682397461e+02 7.1704901123e+02 7.1733502197e+02 7.1762298584e+02 7.1789099121e+02
7.0770697021e+02 7.0790698242e+02 7.0816601563e+02 7.0845098877e+02 7.0867102051e+02 7.0887500000e+02 7.0907098389e+02 7.0938000488e+02 7.0975500488e+02 7.1005999756e+02 7.1029498291e+02 7.1060101318e+02 7.1091497803e+02 7.1115002441e+02 7.1140502930e+02 7.1161499023e+02 7.1184399414e+02 7.1207501221e+02 7.1226898193e+02 7.1248699951e+02 7.1269500732e+02 7.1285400391e+02 7.1299700928e+02 7.1313000488e+02 7.1323699951e+02 7.1335900879e+02 7.1351599121e+02 7.1372497559e+02 7.1397698975e+02 7.1429199219e+02 7.1459301758e+02 7.1484002686e+02 7.1504901123e+02 7.1525097656e+02 7.1546997070e+02 7.1561297607e+02 7.1578497314e+02 7.1599200439e+02 7.1617498779e+02 7.1633898926e+02 7.1651599121e+02 7.1670898438e+02 7.1692700195e+02 7.1720599365e+02 7.1748498535e+02 7.1774401855e+02
7.0754101563e+02 7.0774102783e+02 7.0795300293e+02 7.0821502686e+02 7.0847802734e+02 7.0868798828e+02 7.0888000488e+02 7.0916802979e+02 7.0949298096e+02 7.0983801270e+02 7.1014697266e+02 7.1041101074e+02 7.1067102051e+02 7.1093499756e+02 7.1120501709e+02 7.1143597412e+02 7.1166101074e+02 7.1188500977e+02 7.1209899902e+02 7.1233697510e+02 7.1255200195e+02 7.1271398926e+02 7.1285900879e+02 7.1299401855e+02 7.1309002686e+02 7.1320898438e+02 7.1338702393e+02 7.1360400391e+02 7.1385498047e+02 7.1415197754e+02 7.1444702148e+02 7.1471301270e+02 7.1494201660e+02 7.1515502930e+02 7.1534698486e+02 7.1550000000e+02 7.1569897461e+02 7.1592297363e+02 7.1611297607e+02 7.1627099609e+02 7.1644000244e+02 7.1662500000e+02 7.1684497070e+02 7.1708197021e+02 7.1733599854e+02 7.1758197021e+02
7.0735400391e+02 7.0756201172e+02 7.0775701904e+02 7.0798101807e+02 7.0826098633e+02 7.0850598145e+02 7.0870202637e+02 7.0896301270e+02 7.0926800537e+02 7.0958697510e+02 7.0990197754e+02 7.1024298096e+02 7.1051702881e+02 7.1071697998e+02 7.1094598389e+02 7.1121801758e+02 7.1145300293e+02 7.1166497803e+02 7.1187597656e+02 7.1213897705e+02 7.1236401367e+02 7.1252197266e+02 7.1267797852e+02 7.1285498047e+02 7.1297497559e+02 7.1308099365e+02 7.1324902344e+02 7.1346697998e+02 7.1371002197e+02 7.1398602295e+02 7.1429302979e+02 7.1458300781e+02 7.1482800293e+02 7.1504101563e+02 7.1522998047e+02 7.1538800049e+02 7.1559197998e+02 7.1582098389e+02 7.1602001953e+02 7.1619000244e+02 7.1636199951e+02 7.1654302979e+02 7.1673101807e+02 7.1694500732e+02 7.1718298340e+02 7.1742102051e+02
7.0720397949e+02 7.0741497803e+02 7.0760498047e+02 7.0778900146e+02 7.0804302979e+02 7.0829400635e+02 7.0850402832e+02 7.0877801514e+02 7.0906298828e+02 7.0932897949e+02 7.0961798096e+02 7.1000598145e+02 7.1033502197e+02 7.1054498291e+02 7.1075299072e+02 7.1102600098e+02 7.1127099609e+02 7.1147900391e+02 7.1166101074e+02 7.1191998291e+02 7.1217700195e+02 7.1236602783e+02 7.1251800537e+02 7.1268200684e+02 7.1282501221e+02 7.1293499756e+02 7.1308599854e+02 7.1330603027e+02 7.1355200195e+02 7.1383300781e+02 7.1414599609e+02 7.1444396973e+02 7.1468701172e+02 7.1489398193e+02 7.1509002686e+02 7.1526202393e+02 7.1546502686e+02 7.1569500732e+02 7.1589898682e+02 7.1607897949e+02 7.1625598145e+02 7.1643298340e+02 7.1660498047e+02 7.1680700684e+02 7.1703399658e+02 7.1726397705e+02
7.0702398682e+02 7.0725500488e+02 7.0747497559e+02 7.0763702393e+02 7.0786297607e+02 7.0810797119e+02 7.0831701660e+02 7.0857897949e+02 7.0884899902e+02 7.0910101318e+02 7.0938397217e+02 7.0977301025e+02 7.1007098389e+02 7.1027301025e+02 7.1051898193e+02 7.1082397461e+02 7.1107202148e+02 7.1125097656e+02 7.1140502930e+02 7.1164599609e+02 7.1192700195e+02 7.1216302490e+02 7.1236102295e+02 7.1254400635e+02 7.1269500732e+02 7.1279199219e+02 7.1292102051e+02 7.1314801025e+02 7.1340997314e+02 7.1370697021e+02 7.1402301025e+02 7.1430902100e+02 7.1454602051e+02 7.1474499512e+02 7.1492700195e+02 7.1509698486e+02 7.1530102539e+02 7.1553002930e+02 7.1574200439e+02 7.1593402100e+02 7.1611700439e+02 7.1629400635e+02 7.1646301270e+02 7.1665899658e+02 7.1687799072e+02 7.1710101318e+02
7.0684301758e+02 7.0705700684e+02 7.0729998779e+02 7.0746899414e+02 7.0766802979e+02 7.0791699219e+02 7.0818298340e+02 7.0839898682e+02 7.0864300537e+02 7.0889300537e+02 7.0921600342e+02 7.0961499023e+02 7.0985400391e+02 7.0998498535e+02 7.1020001221e+02 7.1063397217e+02 7.1089501953e+02 7.1100201416e+02 7.1112701416e+02 7.1139599609e+02 7.1167401123e+02 7.1192999268e+02 7.1216601563e+02 7.1242901611e+02 7.1259899902e+02 7.1266998291e+02 7.1280603027e+02 7.1301800537e+02 7.1329400635e+02 7.1360998535e+02 7.1392401123e+02 7.1416802979e+02 7.1439898682e+02 7.1459997559e+02 7.1477398682e+02 7.1492401123e+02 7.1512097168e+02 7.1534100342e+02 7.1556500244e+02 7.1575701904e+02 7.1594097900e+02 7.1611999512e+02 7.1628997803e+02 7.1649902344e+02 7.1671398926e+02 7.1692999268e+02
7.0669897461e+02 7.0689599609e+02 7.0712298584e+02 7.0732397461e+02 7.0751098633e+02 7.0773400879e+02 7.0798101807e+02 7.0820098877e+02 7.0843103027e+02 7.0867199707e+02 7.0898199463e+02 7.0937799072e+02 7.0966101074e+02 7.0981402588e+02 7.1002197266e+02 7.1049597168e+02 7.1077398682e+02 7.1085601807e+02 7.1098999023e+02 7.1123699951e+02 7.1145599365e+02 7.1166101074e+02 7.1190399170e+02 7.1222802734e+02 7.1243701172e+02 7.1252697754e+02 7.1269097900e+02 7.1291400146e+02 7.1316198730e+02 7.1345202637e+02 7.1374597168e+02 7.1398602295e+02 7.1423498535e+02 7.1445898438e+02 7.1462799072e+02 7.1477600098e+02 7.1494897461e+02 7.1515100098e+02 7.1536901855e+02 7.1556298828e+02 7.1575201416e+02 7.1593902588e+02 7.1612902832e+02 7.1634002686e+02 7.1655499268e+02 7.1676800537e+02
7.0654101563e+02 7.0674499512e+02 7.0694396973e+02 7.0714501953e+02 7.0734301758e+02 7.0755798340e+02 7.0779101563e+02 7.0802697754e+02 7.0823797607e+02 7.0848101807e+02 7.0876702881e+02 7.0908599854e+02 7.0937402344e+02 7.0957800293e+02 7.0982702637e+02 7.1023901367e+02 7.1048400879e+02 7.1065997314e+02 7.1087097168e+02 7.1108300781e+02 7.1128497314e+02 7.1147497559e+02 7.1169500732e+02 7.1200897217e+02 7.1223199463e+02 7.1235101318e+02 7.1254797363e+02 7.1281500244e+02 7.1303698730e+02 7.1326800537e+02 7.1353100586e+02 7.1379199219e+02 7.1405700684e+02 7.1429101563e+02 7.1445898438e+02 7.1459399414e+02 7.1475097656e+02 7.1494000244e+02 7.1515399170e+02 7.1535900879e+02 7.1555999756e+02 7.1576000977e+02 7.1596099854e+02 7.1617401123e+02 7.1639099121e+02 7.1660400391e+02
7.0633197021e+02 7.0654797363e+02 7.0674200439e+02 7.0695202637e+02 7.0717498779e+02 7.0739697266e+02 7.0760900879e+02 7.0782501221e+02 7.0803100586e+02 7.0830700684e+02 7.0859497070e+02 7.0883502197e+02 7.0908599854e+02 7.0930798340e+02 7.0957702637e+02 7.0984197998e+02 7.1007598877e+02 7.1041900635e+02 7.1073297119e+02 7.1092401123e+02 7.1113702393e+02 7.1134197998e+02 7.1153997803e+02 7.1180999756e+02 7.1202502441e+02 7.1216998291e+02 7.1238897705e+02 7.1269201660e+02 7.1290100098e+02 7.1308197021e+02 7.1331201172e+02 7.1358599854e+02 7.1385302734e+02 7.1408300781e+02 7.1424401855e+02 7.1437402344e+02 7.1452600098e+02 7.1470898438e+02 7.1492602539e+02 7.1514801025e+02 7.1536499023e+02 7.1558001709e+02 7.1578997803e+02 7.1600201416e+02 7.1622100830e+02 7.1643499756e+02
