TESTSERVER/23/7.asc
NCOLS 100
NROWS 100
XLLCORNER 8.6497500000e+03
YLLCORNER 2.8960025000e+05
CELLSIZE 5.0000000000e-01
NODATA_VALUE -9.9990000000e+03
[rows 60 to 79 of 100, columns 0 to 45 of 100]
7.0372497559e+02 7.0390600586e+02 7.0410797119e+02 7.0431298828e+02 7.0452001953e+02 7.0475500488e+02 7.0498999023e+02 7.0520800781e+02 7.0538397217e+02 7.0553497314e+02 7.0571697998e+02 7.0591198730e+02 7.0609600830e+02 7.0628002930e+02 7.0647698975e+02 7.0668298340e+02 7.0689898682e+02 7.0710797119e+02 7.0732202148e+02 7.0754998779e+02 7.0778900146e+02 7.0800897217e+02 7.0820800781e+02 7.0841400146e+02 7.0863397217e+02 7.0884497070e+02 7.0905603027e+02 7.0927001953e+02 7.0947100830e+02 7.0966601563e+02 7.0988299561e+02 7.1009698486e+02 7.1028497314e+02 7.1050299072e+02 7.1075701904e+02 7.1100000000e+02 7.1122698975e+02 7.1140997314e+02 7.1168298340e+02 7.1199499512e+02 7.1231896973e+02 7.1258001709e+02 7.1276501465e+02 7.1287799072e+02 7.1303399658e+02 7.1327099609e+02
7.0362402344e+02 7.0380603027e+02 7.0398297119e+02 7.0416497803e+02 7.0436602783e+02 7.0460400391e+02 7.0483801270e+02 7.0505999756e+02 7.0524700928e+02 7.0541699219e+02 7.0561602783e+02 7.0581201172e+02 7.0597302246e+02 7.0615100098e+02 7.0634002686e+02 7.0653399658e+02 7.0672198486e+02 7.0691998291e+02 7.0713702393e+02 7.0736700439e+02 7.0762402344e+02 7.0788397217e+02 7.0811798096e+02 7.0833502197e+02 7.0853497314e+02 7.0873699951e+02 7.0893200684e+02 7.0912402344e+02 7.0931597900e+02 7.0951501465e+02 7.0973400879e+02 7.0996197510e+02 7.1016802979e+02 7.1037500000e+02 7.1062298584e+02 7.1087097168e+02 7.1105297852e+02 7.1119097900e+02 7.1142199707e+02 7.1172100830e+02 7.1202398682e+02 7.1230999756e+02 7.1254199219e+02 7.1271197510e+02 7.1288897705e+02 7.1309100342e+02
7.0352801514e+02 7.0369000244e+02 7.0384802246e+02 7.0401599121e+02 7.0421398926e+02 7.0444500732e+02 7.0467498779e+02 7.0489300537e+02 7.0508197021e+02 7.0526501465e+02 7.0546398926e+02 7.0565197754e+02 7.0580999756e+02 7.0598999023e+02 7.0617401123e+02 7.0636102295e+02 7.0654602051e+02 7.0675897217e+02 7.0697998047e+02 7.0720800781e+02 7.0745001221e+02 7.0771801758e+02 7.0797802734e+02 7.0821502686e+02 7.0842199707e+02 7.0861700439e+02 7.0880297852e+02 7.0898999023e+02 7.0918200684e+02 7.0940698242e+02 7.0964099121e+02 7.0986499023e+02 7.1004400635e+02 7.1020697021e+02 7.1042297363e+02 7.1065002441e+02 7.1084002686e+02 7.1096899414e+02 7.1116998291e+02 7.1143701172e+02 7.1171600342e+02 7.1201300049e+02 7.1229101563e+02 7.1251800537e+02 7.1272497559e+02 7.1290502930e+02
7.0340100098e+02 7.0354797363e+02 7.0369598389e+02 7.0385797119e+02 7.0405700684e+02 7.0427899170e+02 7.0449700928e+02 7.0470397949e+02 7.0488500977e+02 7.0505499268e+02 7.0523400879e+02 7.0540802002e+02 7.0557598877e+02 7.0576702881e+02 7.0595202637e+02 7.0614398193e+02 7.0634100342e+02 7.0655700684e+02 7.0678302002e+02 7.0701599121e+02 7.0725500488e+02 7.0752301025e+02 7.0780102539e+02 7.0806097412e+02 7.0828399658e+02 7.0847198486e+02 7.0866302490e+02 7.0886901855e+02 7.0909100342e+02 7.0932202148e+02 7.0954199219e+02 7.0973400879e+02 7.0987701416e+02 7.1000500488e+02 7.1018798828e+02 7.1039697266e+02 7.1060498047e+02 7.1075799561e+02 7.1095697021e+02 7.1120898438e+02 7.1147497559e+02 7.1177801514e+02 7.1207299805e+02 7.1232098389e+02 7.1254302979e+02 7.1272497559e+02
7.0321398926e+02 7.0336102295e+02 7.0351397705e+02 7.0368200684e+02 7.0388098145e+02 7.0410900879e+02 7.0430902100e+02 7.0449499512e+02 7.0465899658e+02 7.0481701660e+02 7.0497497559e+02 7.0513299561e+02 7.0529901123e+02 7.0548999023e+02 7.0568103027e+02 7.0588897705e+02 7.0609497070e+02 7.0631201172e+02 7.0654901123e+02 7.0680200195e+02 7.0705297852e+02 7.0732202148e+02 7.0761602783e+02 7.0789599609e+02 7.0813702393e+02 7.0829602051e+02 7.0850201416e+02 7.0875799561e+02 7.0904199219e+02 7.0923602295e+02 7.0939300537e+02 7.0953002930e+02 7.0965997314e+02 7.0979699707e+02 7.0996197510e+02 7.1015899658e+02 7.1036999512e+02 7.1058197021e+02 7.1081097412e+02 7.1106597900e+02 7.1134399414e+02 7.1163397217e+02 7.1190997314e+02 7.1214599609e+02 7.1235900879e+02 7.1257702637e+02
7.0297497559e+02 7.0315600586e+02 7.0333599854e+02 7.0352600098e+02 7.0373498535e+02 7.0394702148e+02 7.0411798096e+02 7.0427001953e+02 7.0442297363e+02 7.0459100342e+02 7.0475598145e+02 7.0491601563e+02 7.0507598877e+02 7.0523901367e+02 7.0541900635e+02 7.0563500977e+02 7.0585998535e+02 7.0606500244e+02 7.0630902100e+02 7.0659399414e+02 7.0687298584e+02 7.0714001465e+02 7.0743798828e+02 7.0772601318e+02 7.0797601318e+02 7.0815301514e+02 7.0836901855e+02 7.0864801025e+02 7.0892602539e+02 7.0911602783e+02 7.0925000000e+02 7.0936401367e+02 7.0949597168e+02 7.0962402344e+02 7.0979101563e+02 7.1000000000e+02 7.1021398926e+02 7.1044299316e+02 7.1069097900e+02 7.1095202637e+02 7.1121697998e+02 7.1149200439e+02 7.1177301025e+02 7.1203002930e+02 7.1224499512e+02 7.1246002197e+02
7.0273797607e+02 7.0296002197e+02 7.0316497803e+02 7.0336901855e+02 7.0358001709e+02 7.0377801514e+02 7.0393701172e+02 7.0407800293e+02 7.0421997070e+02 7.0438000488e+02 7.0454498291e+02 7.0470898438e+02 7.0487298584e+02 7.0502001953e+02 7.0519500732e+02 7.0542102051e+02 7.0566699219e+02 7.0588397217e+02 7.0613397217e+02 7.0641497803e+02 7.0669396973e+02 7.0694396973e+02 7.0722698975e+02 7.0751202393e+02 7.0777697754e+02 7.0798297119e+02 7.0821301270e+02 7.0848400879e+02 7.0875299072e+02 7.0894299316e+02 7.0909100342e+02 7.0923400879e+02 7.0936499023e+02 7.0946002197e+02 7.0962298584e+02 7.0984899902e+02 7.1008001709e+02 7.1031799316e+02 7.1057800293e+02 7.1085198975e+02 7.1112402344e+02 7.1138299561e+02 7.1165997314e+02 7.1192901611e+02 7.1216400146e+02 7.1239099121e+02
7.0251800537e+02 7.0276300049e+02 7.0298602295e+02 7.0319897461e+02 7.0340502930e+02 7.0360498047e+02 7.0377600098e+02 7.0392999268e+02 7.0406799316e+02 7.0420001221e+02 7.0434899902e+02 7.0450701904e+02 7.0467199707e+02 7.0481896973e+02 7.0499902344e+02 7.0523999023e+02 7.0552197266e+02 7.0578002930e+02 7.0603302002e+02 7.0628497314e+02 7.0652398682e+02 7.0674200439e+02 7.0700000000e+02 7.0727502441e+02 7.0753802490e+02 7.0776898193e+02 7.0801397705e+02 7.0827001953e+02 7.0851300049e+02 7.0868402100e+02 7.0887902832e+02 7.0909802246e+02 7.0924200439e+02 7.0930700684e+02 7.0946099854e+02 7.0969299316e+02 7.0993402100e+02 7.1017999268e+02 7.1045397949e+02 7.1075897217e+02 7.1107702637e+02 7.1134002686e+02 7.1158300781e+02 7.1183099365e+02 7.1208197021e+02 7.1234197998e+02
7.0233801270e+02 7.0257598877e+02 7.0280401611e+02 7.0301599121e+02 7.0322802734e+02 7.0343103027e+02 7.0363702393e+02 7.0382000732e+02 7.0396997070e+02 7.0406097412e+02 7.0417498779e+02 7.0431402588e+02 7.0447802734e+02 7.0462701416e+02 7.0481896973e+02 7.0507000732e+02 7.0536901855e+02 7.0570300293e+02 7.0596398926e+02 7.0617999268e+02 7.0636199951e+02 7.0655297852e+02 7.0679199219e+02 7.0704498291e+02 7.0729400635e+02 7.0755102539e+02 7.0782800293e+02 7.0807702637e+02 7.0825897217e+02 7.0838098145e+02 7.0861700439e+02 7.0891198730e+02 7.0908801270e+02 7.0918597412e+02 7.0933502197e+02 7.0953997803e+02 7.0976599121e+02 7.1001300049e+02 7.1031201172e+02 7.1065997314e+02 7.1103601074e+02 7.1132098389e+02 7.1151898193e+02 7.1171899414e+02 7.1196301270e+02 7.1224401855e+02
7.0224200439e+02 7.0245300293e+02 7.0265997314e+02 7.0285400391e+02 7.0305200195e+02 7.0326702881e+02 7.0349700928e+02 7.0369702148e+02 7.0384002686e+02 7.0393298340e+02 7.0403802490e+02 7.0416900635e+02 7.0433697510e+02 7.0449700928e+02 7.0469000244e+02 7.0493499756e+02 7.0523602295e+02 7.0554101563e+02 7.0580499268e+02 7.0602801514e+02 7.0622100830e+02 7.0642602539e+02 7.0664898682e+02 7.0685498047e+02 7.0704101563e+02 7.0727502441e+02 7.0755798340e+02 7.0783898926e+02 7.0803900146e+02 7.0816802979e+02 7.0837799072e+02 7.0864599609e+02 7.0884399414e+02 7.0903198242e+02 7.0921801758e+02 7.0940600586e+02 7.0960998535e+02 7.0984899902e+02 7.1015002441e+02 7.1049902344e+02 7.1087500000e+02 7.1116802979e+02 7.1137298584e+02 7.1158398438e+02 7.1183502197e+02 7.1209399414e+02
7.0215399170e+02 7.0234802246e+02 7.0253198242e+02 7.0270098877e+02 7.0286999512e+02 7.0307897949e+02 7.0330700684e+02 7.0350897217e+02 7.0366101074e+02 7.0378601074e+02 7.0391497803e+02 7.0405700684e+02 7.0423199463e+02 7.0441601563e+02 7.0461499023e+02 7.0485601807e+02 7.0514697266e+02 7.0542199707e+02 7.0565600586e+02 7.0586901855e+02 7.0607897949e+02 7.0629699707e+02 7.0649200439e+02 7.0665399170e+02 7.0679998779e+02 7.0698999023e+02 7.0722601318e+02 7.0750000000e+02 7.0775500488e+02 7.0798498535e+02 7.0820898438e+02 7.0843499756e+02 7.0863500977e+02 7.0885900879e+02 7.0906298828e+02 7.0924499512e+02 7.0944396973e+02 7.0967999268e+02 7.0997100830e+02 7.1030297852e+02 7.1064202881e+02 7.1090100098e+02 7.1113201904e+02 7.1138800049e+02 7.1167700195e+02 7.1190997314e+02
7.0206402588e+02 7.0225402832e+02 7.0241998291e+02 7.0256500244e+02 7.0270697021e+02 7.0289398193e+02 7.0310400391e+02 7.0329901123e+02 7.0345898438e+02 7.0362799072e+02 7.0379797363e+02 7.0396398926e+02 7.0414801025e+02 7.0435198975e+02 7.0455499268e+02 7.0478900146e+02 7.0507598877e+02 7.0532702637e+02 7.0552502441e+02 7.0570800781e+02 7.0590600586e+02 7.0611199951e+02 7.0627600098e+02 7.0641601563e+02 7.0658197021e+02 7.0675799561e+02 7.0695001221e+02 7.0720599365e+02 7.0748999023e+02 7.0781597900e+02 7.0805603027e+02 7.0825701904e+02 7.0846899414e+02 7.0869000244e+02 7.0889202881e+02 7.0907598877e+02 7.0928399658e+02 7.0952197266e+02 7.0979797363e+02 7.1010400391e+02 7.1040698242e+02 7.1063598633e+02 7.1088201904e+02 7.1116497803e+02 7.1146697998e+02 7.1168597412e+02
7.0196502686e+02 7.0214898682e+02 7.0231402588e+02 7.0245898438e+02 7.0259497070e+02 7.0275500488e+02 7.0293798828e+02 7.0311102295e+02 7.0327001953e+02 7.0347601318e+02 7.0368200684e+02 7.0387298584e+02 7.0406402588e+02 7.0427398682e+02 7.0447802734e+02 7.0470300293e+02 7.0496997070e+02 7.0520202637e+02 7.0538098145e+02 7.0554302979e+02 7.0571899414e+02 7.0588000488e+02 7.0601300049e+02 7.0615802002e+02 7.0634997559e+02 7.0652301025e+02 7.0672302246e+02 7.0699700928e+02 7.0728698730e+02 7.0766400146e+02 7.0787097168e+02 7.0803399658e+02 7.0829498291e+02 7.0852801514e+02 7.0873297119e+02 7.0893298340e+02 7.0914801025e+02 7.0939300537e+02 7.0965502930e+02 7.0993298340e+02 7.1020098877e+02 7.1045800781e+02 7.1071398926e+02 7.1098101807e+02 7.1122698975e+02 7.1144299316e+02
7.0183898926e+02 7.0200897217e+02 7.0218103027e+02 7.0234301758e+02 7.0249597168e+02 7.0265899658e+02 7.0281597900e+02 7.0295599365e+02 7.0309399414e+02 7.0330999756e+02 7.0354901123e+02 7.0377697754e+02 7.0398602295e+02 7.0418402100e+02 7.0437799072e+02 7.0459399414e+02 7.0483398438e+02 7.0504101563e+02 7.0521801758e+02 7.0537200928e+02 7.0552099609e+02 7.0565502930e+02 7.0576202393e+02 7.0589202881e+02 7.0606799316e+02 7.0622698975e+02 7.0644897461e+02 7.0676800537e+02 7.0707397461e+02 7.0744799805e+02 7.0767199707e+02 7.0785797119e+02 7.0814300537e+02 7.0838598633e+02 7.0859997559e+02 7.0880902100e+02 7.0903198242e+02 7.0927398682e+02 7.0952697754e+02 7.0978900146e+02 7.1004797363e+02 7.1029998779e+02 7.1058099365e+02 7.1085498047e+02 7.1107299805e+02 7.1124200439e+02
7.0172100830e+02 7.0188299561e+02 7.0204901123e+02 7.0221197510e+02 7.0237402344e+02 7.0252899170e+02 7.0267102051e+02 7.0280200195e+02 7.0292999268e+02 7.0314001465e+02 7.0340301514e+02 7.0366400146e+02 7.0388897705e+02 7.0407800293e+02 7.0426599121e+02 7.0446697998e+02 7.0467797852e+02 7.0486297607e+02 7.0503002930e+02 7.0517199707e+02 7.0529498291e+02 7.0542297363e+02 7.0553601074e+02 7.0566497803e+02 7.0583197021e+02 7.0601599121e+02 7.0624499512e+02 7.0654998779e+02 7.0687200928e+02 7.0722802734e+02 7.0750000000e+02 7.0772497559e+02 7.0801000977e+02 7.0825598145e+02 7.0847900391e+02 7.0869799805e+02 7.0892199707e+02 7.0915802002e+02 7.0940502930e+02 7.0965698242e+02 7.0990600586e+02 7.1014202881e+02 7.1041101074e+02 7.1067498779e+02 7.1089202881e+02 7.1108197021e+02
7.0162402344e+02 7.0177697754e+02 7.0192602539e+02 7.0207501221e+02 7.0222900391e+02 7.0236499023e+02 7.0249298096e+02 7.0262597656e+02 7.0276098633e+02 7.0298498535e+02 7.0327600098e+02 7.0356097412e+02 7.0378198242e+02 7.0395898438e+02 7.0414001465e+02 7.0432397461e+02 7.0450201416e+02 7.0466601563e+02 7.0482299805e+02 7.0495800781e+02 7.0506298828e+02 7.0519500732e+02 7.0534100342e+02 7.0549200439e+02 7.0565899658e+02 7.0587200928e+02 7.0611297607e+02 7.0639898682e+02 7.0672100830e+02 7.0705700684e+02 7.0733502197e+02 7.0757202148e+02 7.0784899902e+02 7.0810198975e+02 7.0833398438e+02 7.0856201172e+02 7.0879901123e+02 7.0903997803e+02 7.0928601074e+02 7.0953302002e+02 7.0977600098e+02 7.1001000977e+02 7.1025799561e+02 7.1050000000e+02 7.1070397949e+02 7.1090002441e+02
7.0156097412e+02 7.0169201660e+02 7.0181597900e+02 7.0194000244e+02 7.0208001709e+02 7.0218402100e+02 7.0229901123e+02 7.0243701172e+02 7.0260198975e+02 7.0285101318e+02 7.0317297363e+02 7.0346899414e+02 7.0367700195e+02 7.0383197021e+02 7.0399902344e+02 7.0416497803e+02 7.0431201172e+02 7.0445800781e+02 7.0461999512e+02 7.0475299072e+02 7.0484899902e+02 7.0498297119e+02 7.0515502930e+02 7.0533502197e+02 7.0546600342e+02 7.0572302246e+02 7.0597998047e+02 7.0627301025e+02 7.0658001709e+02 7.0687500000e+02 7.0713500977e+02 7.0738098145e+02 7.0763000488e+02 7.0789099121e+02 7.0812500000e+02 7.0836798096e+02 7.0863702393e+02 7.0890600586e+02 7.0915100098e+02 7.0938897705e+02 7.0961499023e+02 7.0985998535e+02 7.1010400391e+02 7.1033197021e+02 7.1053601074e+02 7.1069201660e+02
7.0142999268e+02 7.0157202148e+02 7.0168103027e+02 7.0178302002e+02 7.0191198730e+02 7.0204498291e+02 7.0217999268e+02 7.0231799316e+02 7.0246502686e+02 7.0272302246e+02 7.0304998779e+02 7.0335302734e+02 7.0354998779e+02 7.0368798828e+02 7.0384301758e+02 7.0400598145e+02 7.0415002441e+02 7.0428002930e+02 7.0443402100e+02 7.0457000732e+02 7.0468499756e+02 7.0480798340e+02 7.0498498535e+02 7.0521600342e+02 7.0538598633e+02 7.0558801270e+02 7.0585998535e+02 7.0617999268e+02 7.0647198486e+02 7.0666497803e+02 7.0689398193e+02 7.0714801025e+02 7.0741400146e+02 7.0766699219e+02 7.0789398193e+02 7.0814599609e+02 7.0845397949e+02 7.0874902344e+02 7.0898999023e+02 7.0920397949e+02 7.0939898682e+02 7.0960400391e+02 7.0983898926e+02 7.1006500244e+02 7.1027600098e+02 7.1047198486e+02
7.0127398682e+02 7.0140197754e+02 7.0151397705e+02 7.0161499023e+02 7.0174499512e+02 7.0189801025e+02 7.0203802490e+02 7.0217498779e+02 7.0232098389e+02 7.0256896973e+02 7.0288702393e+02 7.0318402100e+02 7.0337902832e+02 7.0351800537e+02 7.0367700195e+02 7.0384899902e+02 7.0401098633e+02 7.0415997314e+02 7.0430700684e+02 7.0443798828e+02 7.0456500244e+02 7.0469702148e+02 7.0487097168e+02 7.0511901855e+02 7.0532800293e+02 7.0548297119e+02 7.0574902344e+02 7.0604302979e+02 7.0630798340e+02 7.0648602295e+02 7.0671099854e+02 7.0697399902e+02 7.0723498535e+02 7.0747100830e+02 7.0769000244e+02 7.0793902588e+02 7.0825201416e+02 7.0855200195e+02 7.0879101563e+02 7.0899200439e+02 7.0917199707e+02 7.0936199951e+02 7.0957897949e+02 7.0980102539e+02 7.1002099609e+02 7.1024700928e+02
7.0114099121e+02 7.0124902344e+02 7.0135101318e+02 7.0145202637e+02 7.0158001709e+02 7.0172302246e+02 7.0185601807e+02 7.0200299072e+02 7.0217401123e+02 7.0240997314e+02 7.0270697021e+02 7.0298699951e+02 7.0318103027e+02 7.0333898926e+02 7.0351599121e+02 7.0370501709e+02 7.0388897705e+02 7.0406701660e+02 7.0421502686e+02 7.0434301758e+02 7.0446801758e+02 7.0461798096e+02 7.0480902100e+02 7.0507098389e+02 7.0529199219e+02 7.0541699219e+02 7.0565997314e+02 7.0589697266e+02 7.0613201904e+02 7.0633099365e+02 7.0656701660e+02 7.0683197021e+02 7.0707098389e+02 7.0728802490e+02 7.0749700928e+02 7.0772998047e+02 7.0802099609e+02 7.0831500244e+02 7.0854797363e+02 7.0874298096e+02 7.0892602539e+02 7.0912597656e+02 7.0933502197e+02 7.0955902100e+02 7.0981500244e+02 7.1007598877e+02
