TESTSERVER/23/8.asc
NCOLS 100
NROWS 100
XLLCORNER 8.6497500000e+03
YLLCORNER 2.8955025000e+05
CELLSIZE 5.0000000000e-01
NODATA_VALUE -9.9990000000e+03
[rows 0 to 19 of 100, columns 46 to 91 of 100]
7.0611102295e+02 7.0633001709e+02 7.0653302002e+02 7.0677197266e+02 7.0701599121e+02 7.0723101807e+02 7.0744299316e+02 7.0762597656e+02 7.0783599854e+02 7.0811199951e+02 7.0839099121e+02 7.0863598633e+02 7.0887597656e+02 7.0913500977e+02 7.0943298340e+02 7.0955603027e+02 7.0978399658e+02 7.1020300293e+02 7.1055798340e+02 7.1074200439e+02 7.1094897461e+02 7.1117498779e+02 7.1140399170e+02 7.1163702393e+02 7.1184100342e+02 7.1201098633e+02 7.1221899414e+02 7.1250500488e+02 7.1271099854e+02 7.1288000488e+02 7.1308099365e+02 7.1335998535e+02 7.1361199951e+02 7.1382299805e+02 7.1398498535e+02 7.1412799072e+02 7.1428997803e+02 7.1447302246e+02 7.1467797852e+02 7.1493597412e+02 7.1517401123e+02 7.1540399170e+02 7.1562597656e+02 7.1583697510e+02 7.1605700684e+02 7.1627099609e+02
7.0590698242e+02 7.0611602783e+02 7.0633801270e+02 7.0659802246e+02 7.0686102295e+02 7.0705798340e+02 7.0725000000e+02 7.0745800781e+02 7.0766302490e+02 7.0790698242e+02 7.0816198730e+02 7.0837902832e+02 7.0861102295e+02 7.0888299561e+02 7.0916998291e+02 7.0932299805e+02 7.0951800537e+02 7.0984399414e+02 7.1019299316e+02 7.1043798828e+02 7.1064599609e+02 7.1089898682e+02 7.1118298340e+02 7.1143499756e+02 7.1167498779e+02 7.1185601807e+02 7.1198901367e+02 7.1221697998e+02 7.1246301270e+02 7.1266699219e+02 7.1284399414e+02 7.1307702637e+02 7.1330798340e+02 7.1351202393e+02 7.1369201660e+02 7.1387799072e+02 7.1406799316e+02 7.1425299072e+02 7.1443902588e+02 7.1469897461e+02 7.1496301270e+02 7.1520800781e+02 7.1543200684e+02 7.1565899658e+02 7.1588000488e+02 7.1609197998e+02
7.0574401855e+02 7.0594201660e+02 7.0616998291e+02 7.0641198730e+02 7.0665997314e+02 7.0685998535e+02 7.0705200195e+02 7.0727502441e+02 7.0749298096e+02 7.0771002197e+02 7.0792999268e+02 7.0816699219e+02 7.0840502930e+02 7.0862298584e+02 7.0886401367e+02 7.0907897949e+02 7.0926599121e+02 7.0952398682e+02 7.0988299561e+02 7.1018701172e+02 7.1040802002e+02 7.1063500977e+02 7.1089898682e+02 7.1115802002e+02 7.1144000244e+02 7.1166400146e+02 7.1177697754e+02 7.1196899414e+02 7.1222100830e+02 7.1244396973e+02 7.1261700439e+02 7.1280999756e+02 7.1301202393e+02 7.1320800781e+02 7.1340197754e+02 7.1361602783e+02 7.1382501221e+02 7.1401599121e+02 7.1419201660e+02 7.1445397949e+02 7.1472998047e+02 7.1498602295e+02 7.1520898438e+02 7.1543701172e+02 7.1566302490e+02 7.1587701416e+02
7.0559899902e+02 7.0579699707e+02 7.0602801514e+02 7.0622497559e+02 7.0644598389e+02 7.0667199707e+02 7.0689501953e+02 7.0712298584e+02 7.0732800293e+02 7.0752099609e+02 7.0773101807e+02 7.0800701904e+02 7.0827001953e+02 7.0845697021e+02 7.0863702393e+02 7.0887500000e+02 7.0905102539e+02 7.0927801514e+02 7.0963598633e+02 7.0995300293e+02 7.1020397949e+02 7.1041601563e+02 7.1061602783e+02 7.1085101318e+02 7.1116198730e+02 7.1143902588e+02 7.1155798340e+02 7.1170397949e+02 7.1195001221e+02 7.1220202637e+02 7.1240100098e+02 7.1255902100e+02 7.1273699951e+02 7.1292602539e+02 7.1312402344e+02 7.1334600830e+02 7.1357202148e+02 7.1377301025e+02 7.1394500732e+02 7.1420098877e+02 7.1447497559e+02 7.1473297119e+02 7.1495599365e+02 7.1518701172e+02 7.1541802979e+02 7.1563702393e+02
7.0541601563e+02 7.0563397217e+02 7.0587597656e+02 7.0605102539e+02 7.0624499512e+02 7.0649902344e+02 7.0676397705e+02 7.0696697998e+02 7.0714599609e+02 7.0734899902e+02 7.0755200195e+02 7.0778698730e+02 7.0806799316e+02 7.0828302002e+02 7.0844799805e+02 7.0866601563e+02 7.0883898926e+02 7.0903497314e+02 7.0929901123e+02 7.0962402344e+02 7.0991699219e+02 7.1019201660e+02 7.1039697266e+02 7.1057598877e+02 7.1085797119e+02 7.1115698242e+02 7.1135900879e+02 7.1140301514e+02 7.1164001465e+02 7.1193597412e+02 7.1215997314e+02 7.1230700684e+02 7.1247302246e+02 7.1265997314e+02 7.1285400391e+02 7.1308801270e+02 7.1332397461e+02 7.1353997803e+02 7.1370800781e+02 7.1393597412e+02 7.1420098877e+02 7.1445300293e+02 7.1467797852e+02 7.1492297363e+02 7.1515899658e+02 7.1538397217e+02
7.0523901367e+02 7.0544897461e+02 7.0567901611e+02 7.0589300537e+02 7.0609802246e+02 7.0635998535e+02 7.0658398438e+02 7.0676000977e+02 7.0695202637e+02 7.0716900635e+02 7.0731799316e+02 7.0752099609e+02 7.0780999756e+02 7.0807202148e+02 7.0824298096e+02 7.0842498779e+02 7.0859197998e+02 7.0878198242e+02 7.0904699707e+02 7.0934197998e+02 7.0958898926e+02 7.0987402344e+02 7.1016601563e+02 7.1035198975e+02 7.1056097412e+02 7.1079699707e+02 7.1103100586e+02 7.1115301514e+02 7.1133300781e+02 7.1158898926e+02 7.1184399414e+02 7.1203802490e+02 7.1222497559e+02 7.1241101074e+02 7.1258801270e+02 7.1282299805e+02 7.1307202148e+02 7.1328900146e+02 7.1344897461e+02 7.1365997314e+02 7.1391900635e+02 7.1418298340e+02 7.1441802979e+02 7.1465997314e+02 7.1489697266e+02 7.1512298584e+02
7.0507501221e+02 7.0528198242e+02 7.0549401855e+02 7.0571099854e+02 7.0589599609e+02 7.0613800049e+02 7.0634899902e+02 7.0654797363e+02 7.0675897217e+02 7.0696502686e+02 7.0710498047e+02 7.0727801514e+02 7.0755401611e+02 7.0784197998e+02 7.0803900146e+02 7.0822900391e+02 7.0840698242e+02 7.0857897949e+02 7.0883697510e+02 7.0913800049e+02 7.0935101318e+02 7.0960101318e+02 7.0989099121e+02 7.1007598877e+02 7.1023901367e+02 7.1042797852e+02 7.1068298340e+02 7.1089099121e+02 7.1106298828e+02 7.1128302002e+02 7.1153302002e+02 7.1176501465e+02 7.1198797607e+02 7.1218902588e+02 7.1234698486e+02 7.1255902100e+02 7.1281097412e+02 7.1303497314e+02 7.1320001221e+02 7.1338299561e+02 7.1362402344e+02 7.1389697266e+02 7.1415502930e+02 7.1439300537e+02 7.1463299561e+02 7.1486297607e+02
7.0488897705e+02 7.0510900879e+02 7.0533599854e+02 7.0555102539e+02 7.0572497559e+02 7.0593499756e+02 7.0612799072e+02 7.0635198975e+02 7.0656799316e+02 7.0677502441e+02 7.0693298340e+02 7.0707702637e+02 7.0732299805e+02 7.0760797119e+02 7.0782202148e+02 7.0803198242e+02 7.0820898438e+02 7.0834399414e+02 7.0859100342e+02 7.0892297363e+02 7.0913800049e+02 7.0935498047e+02 7.0959399414e+02 7.0976702881e+02 7.0993200684e+02 7.1012500000e+02 7.1038397217e+02 7.1063000488e+02 7.1081597900e+02 7.1101702881e+02 7.1123901367e+02 7.1147802734e+02 7.1172802734e+02 7.1195501709e+02 7.1211602783e+02 7.1228601074e+02 7.1252899170e+02 7.1277301025e+02 7.1296801758e+02 7.1312200928e+02 7.1333398438e+02 7.1360101318e+02 7.1388201904e+02 7.1412799072e+02 7.1437200928e+02 7.1460900879e+02
7.0471099854e+02 7.0491699219e+02 7.0514398193e+02 7.0540197754e+02 7.0559301758e+02 7.0578302002e+02 7.0592700195e+02 7.0615002441e+02 7.0635900879e+02 7.0658898926e+02 7.0675897217e+02 7.0689398193e+02 7.0709197998e+02 7.0733801270e+02 7.0756201172e+02 7.0779797363e+02 7.0798297119e+02 7.0812597656e+02 7.0833398438e+02 7.0863702393e+02 7.0887500000e+02 7.0908502197e+02 7.0928997803e+02 7.0946301270e+02 7.0966497803e+02 7.0990600586e+02 7.1011297607e+02 7.1032299805e+02 7.1053900146e+02 7.1074499512e+02 7.1094000244e+02 7.1119702148e+02 7.1145800781e+02 7.1169702148e+02 7.1187902832e+02 7.1202301025e+02 7.1223297119e+02 7.1248498535e+02 7.1271398926e+02 7.1290502930e+02 7.1309698486e+02 7.1332800293e+02 7.1359698486e+02 7.1386297607e+02 7.1411499023e+02 7.1435998535e+02
7.0457598877e+02 7.0482800293e+02 7.0501800537e+02 7.0521398926e+02 7.0538897705e+02 7.0561102295e+02 7.0578497314e+02 7.0596502686e+02 7.0616400146e+02 7.0639697266e+02 7.0658898926e+02 7.0674401855e+02 7.0692498779e+02 7.0710198975e+02 7.0727502441e+02 7.0751300049e+02 7.0774902344e+02 7.0797100830e+02 7.0812500000e+02 7.0833300781e+02 7.0855297852e+02 7.0876800537e+02 7.0897802734e+02 7.0915399170e+02 7.0940197754e+02 7.0971398926e+02 7.0994396973e+02 7.1011499023e+02 7.1033599854e+02 7.1053399658e+02 7.1071697998e+02 7.1096099854e+02 7.1119201660e+02 7.1142602539e+02 7.1163000488e+02 7.1177502441e+02 7.1196398926e+02 7.1219799805e+02 7.1244201660e+02 7.1266302490e+02 7.1286199951e+02 7.1306799316e+02 7.1331701660e+02 7.1358898926e+02 7.1385498047e+02 7.1411602783e+02
7.0436999512e+02 7.0470599365e+02 7.0492498779e+02 7.0509899902e+02 7.0528302002e+02 7.0546600342e+02 7.0559399414e+02 7.0576800537e+02 7.0599798584e+02 7.0624298096e+02 7.0644396973e+02 7.0658801270e+02 7.0676501465e+02 7.0693298340e+02 7.0707800293e+02 7.0726098633e+02 7.0751397705e+02 7.0779400635e+02 7.0795300293e+02 7.0810797119e+02 7.0829199219e+02 7.0849102783e+02 7.0870202637e+02 7.0888702393e+02 7.0914599609e+02 7.0947802734e+02 7.0975500488e+02 7.0994500732e+02 7.1015997314e+02 7.1035699463e+02 7.1053601074e+02 7.1073901367e+02 7.1092602539e+02 7.1114599609e+02 7.1137298584e+02 7.1153100586e+02 7.1172497559e+02 7.1194097900e+02 7.1216302490e+02 7.1238702393e+02 7.1259698486e+02 7.1281201172e+02 7.1306097412e+02 7.1334197998e+02 7.1362298584e+02 7.1389801025e+02
7.0409100342e+02 7.0445898438e+02 7.0475201416e+02 7.0494598389e+02 7.0523101807e+02 7.0542602539e+02 7.0545898438e+02 7.0561102295e+02 7.0584399414e+02 7.0608099365e+02 7.0629400635e+02 7.0643298340e+02 7.0659301758e+02 7.0679199219e+02 7.0695898438e+02 7.0709002686e+02 7.0731896973e+02 7.0759002686e+02 7.0777001953e+02 7.0792498779e+02 7.0809600830e+02 7.0828497314e+02 7.0849102783e+02 7.0867102051e+02 7.0890698242e+02 7.0921398926e+02 7.0951599121e+02 7.0972399902e+02 7.0993902588e+02 7.1015197754e+02 7.1035400391e+02 7.1054101563e+02 7.1069897461e+02 7.1090197754e+02 7.1113800049e+02 7.1131701660e+02 7.1153100586e+02 7.1173797607e+02 7.1191699219e+02 7.1212097168e+02 7.1233697510e+02 7.1256597900e+02 7.1282501221e+02 7.1311602783e+02 7.1341101074e+02 7.1370202637e+02
7.0386297607e+02 7.0416900635e+02 7.0444897461e+02 7.0465002441e+02 7.0497601318e+02 7.0523101807e+02 7.0532000732e+02 7.0545001221e+02 7.0563397217e+02 7.0584899902e+02 7.0609002686e+02 7.0625299072e+02 7.0640802002e+02 7.0661602783e+02 7.0678100586e+02 7.0695697021e+02 7.0717498779e+02 7.0739099121e+02 7.0756201172e+02 7.0774298096e+02 7.0793402100e+02 7.0811700439e+02 7.0831402588e+02 7.0849401855e+02 7.0871301270e+02 7.0898699951e+02 7.0928997803e+02 7.0946997070e+02 7.0969299316e+02 7.0992797852e+02 7.1014801025e+02 7.1035302734e+02 7.1051599121e+02 7.1070898438e+02 7.1094598389e+02 7.1113397217e+02 7.1136602783e+02 7.1158300781e+02 7.1173400879e+02 7.1190698242e+02 7.1211700439e+02 7.1234497070e+02 7.1258599854e+02 7.1290698242e+02 7.1321398926e+02 7.1351501465e+02
7.0367498779e+02 7.0389898682e+02 7.0414599609e+02 7.0437701416e+02 7.0462500000e+02 7.0485797119e+02 7.0505499268e+02 7.0521899414e+02 7.0539697266e+02 7.0561499023e+02 7.0584802246e+02 7.0602099609e+02 7.0620098877e+02 7.0642102051e+02 7.0661499023e+02 7.0682897949e+02 7.0704101563e+02 7.0722100830e+02 7.0737902832e+02 7.0758599854e+02 7.0779797363e+02 7.0797100830e+02 7.0814697266e+02 7.0833197021e+02 7.0855297852e+02 7.0879199219e+02 7.0907000732e+02 7.0927197266e+02 7.0952899170e+02 7.0975701904e+02 7.0995300293e+02 7.1019500732e+02 7.1037902832e+02 7.1056799316e+02 7.1079998779e+02 7.1100097656e+02 7.1122497559e+02 7.1144396973e+02 7.1161199951e+02 7.1177099609e+02 7.1196002197e+02 7.1216601563e+02 7.1239801025e+02 7.1269396973e+02 7.1299597168e+02 7.1330603027e+02
7.0348199463e+02 7.0368298340e+02 7.0391302490e+02 7.0420098877e+02 7.0442999268e+02 7.0463598633e+02 7.0486199951e+02 7.0503497314e+02 7.0523602295e+02 7.0547198486e+02 7.0567797852e+02 7.0585400391e+02 7.0604998779e+02 7.0627197266e+02 7.0647698975e+02 7.0668902588e+02 7.0689697266e+02 7.0706402588e+02 7.0719799805e+02 7.0737902832e+02 7.0760601807e+02 7.0781201172e+02 7.0798400879e+02 7.0816198730e+02 7.0840802002e+02 7.0864398193e+02 7.0890197754e+02 7.0913800049e+02 7.0939898682e+02 7.0959600830e+02 7.0976599121e+02 7.1002899170e+02 7.1024298096e+02 7.1045001221e+02 7.1068298340e+02 7.1090100098e+02 7.1112200928e+02 7.1133502197e+02 7.1151202393e+02 7.1166101074e+02 7.1182098389e+02 7.1200701904e+02 7.1223602295e+02 7.1251202393e+02 7.1279998779e+02 7.1310498047e+02
7.0329199219e+02 7.0349902344e+02 7.0372399902e+02 7.0402697754e+02 7.0429498291e+02 7.0449401855e+02 7.0469299316e+02 7.0486199951e+02 7.0509002686e+02 7.0535198975e+02 7.0555902100e+02 7.0570202637e+02 7.0588397217e+02 7.0610998535e+02 7.0632397461e+02 7.0651599121e+02 7.0672698975e+02 7.0690600586e+02 7.0705603027e+02 7.0721002197e+02 7.0743499756e+02 7.0766802979e+02 7.0786901855e+02 7.0805603027e+02 7.0831896973e+02 7.0857299805e+02 7.0880200195e+02 7.0903900146e+02 7.0928100586e+02 7.0945001221e+02 7.0960498047e+02 7.0985198975e+02 7.1009197998e+02 7.1033898926e+02 7.1059100342e+02 7.1081799316e+02 7.1103900146e+02 7.1125000000e+02 7.1142297363e+02 7.1156201172e+02 7.1170501709e+02 7.1187597656e+02 7.1209802246e+02 7.1236602783e+02 7.1263897705e+02 7.1292700195e+02
7.0309301758e+02 7.0331097412e+02 7.0353900146e+02 7.0378601074e+02 7.0408398438e+02 7.0431799316e+02 7.0450000000e+02 7.0467199707e+02 7.0491101074e+02 7.0517102051e+02 7.0536602783e+02 7.0547802734e+02 7.0563800049e+02 7.0588800049e+02 7.0614001465e+02 7.0634497070e+02 7.0653900146e+02 7.0671997070e+02 7.0692401123e+02 7.0712097168e+02 7.0732202148e+02 7.0753997803e+02 7.0777502441e+02 7.0795697021e+02 7.0818298340e+02 7.0843701172e+02 7.0867602539e+02 7.0892401123e+02 7.0914300537e+02 7.0929998779e+02 7.0945202637e+02 7.0967401123e+02 7.0993402100e+02 7.1022802734e+02 7.1050500488e+02 7.1071398926e+02 7.1094299316e+02 7.1115997314e+02 7.1132397461e+02 7.1146697998e+02 7.1160900879e+02 7.1176898193e+02 7.1195599365e+02 7.1223498535e+02 7.1250598145e+02 7.1277197266e+02
7.0290899658e+02 7.0311602783e+02 7.0334497070e+02 7.0354998779e+02 7.0381097412e+02 7.0404901123e+02 7.0424700928e+02 7.0441101074e+02 7.0466198730e+02 7.0495001221e+02 7.0516198730e+02 7.0528302002e+02 7.0546197510e+02 7.0571801758e+02 7.0594396973e+02 7.0615600586e+02 7.0636499023e+02 7.0655700684e+02 7.0677502441e+02 7.0700701904e+02 7.0719097900e+02 7.0739300537e+02 7.0764300537e+02 7.0782098389e+02 7.0801800537e+02 7.0825598145e+02 7.0848101807e+02 7.0871899414e+02 7.0895800781e+02 7.0913397217e+02 7.0928399658e+02 7.0951800537e+02 7.0980999756e+02 7.1010900879e+02 7.1034997559e+02 7.1055297852e+02 7.1078900146e+02 7.1101000977e+02 7.1116101074e+02 7.1130102539e+02 7.1146899414e+02 7.1165698242e+02 7.1184100342e+02 7.1208898926e+02 7.1237097168e+02 7.1264099121e+02
7.0273400879e+02 7.0295599365e+02 7.0319201660e+02 7.0335400391e+02 7.0355297852e+02 7.0377697754e+02 7.0400299072e+02 7.0419897461e+02 7.0444000244e+02 7.0469799805e+02 7.0492401123e+02 7.0509301758e+02 7.0528997803e+02 7.0553900146e+02 7.0575701904e+02 7.0595898438e+02 7.0618298340e+02 7.0639697266e+02 7.0661999512e+02 7.0686901855e+02 7.0704699707e+02 7.0723901367e+02 7.0750097656e+02 7.0770202637e+02 7.0790100098e+02 7.0810900879e+02 7.0830499268e+02 7.0853302002e+02 7.0877899170e+02 7.0896502686e+02 7.0910900879e+02 7.0934399414e+02 7.0963500977e+02 7.0992199707e+02 7.1014599609e+02 7.1034497070e+02 7.1058599854e+02 7.1082098389e+02 7.1098199463e+02 7.1110101318e+02 7.1127600098e+02 7.1149597168e+02 7.1170098877e+02 7.1192797852e+02 7.1220599365e+02 7.1247998047e+02
7.0253997803e+02 7.0279602051e+02 7.0304901123e+02 7.0318402100e+02 7.0334197998e+02 7.0354797363e+02 7.0379101563e+02 7.0403900146e+02 7.0427697754e+02 7.0448297119e+02 7.0468597412e+02 7.0489599609e+02 7.0509802246e+02 7.0533197021e+02 7.0556701660e+02 7.0578002930e+02 7.0601098633e+02 7.0623199463e+02 7.0645599365e+02 7.0672100830e+02 7.0690100098e+02 7.0707800293e+02 7.0733300781e+02 7.0756896973e+02 7.0777899170e+02 7.0797100830e+02 7.0815600586e+02 7.0836700439e+02 7.0860498047e+02 7.0879498291e+02 7.0893597412e+02 7.0915197754e+02 7.0942102051e+02 7.0969299316e+02 7.0992700195e+02 7.1012701416e+02 7.1036798096e+02 7.1061297607e+02 7.1079797363e+02 7.1089898682e+02 7.1106597900e+02 7.1130102539e+02 7.1152600098e+02 7.1173400879e+02 7.1200000000e+02 7.1227697754e+02
