TESTSERVER/23/8.asc
NCOLS 100
NROWS 100
XLLCORNER 8.6497500000e+03
YLLCORNER 2.8955025000e+05
CELLSIZE 5.0000000000e-01
NODATA_VALUE -9.9990000000e+03
[rows 40 to 59 of 100, columns 46 to 91 of 100]
7.0033697510e+02 7.0047698975e+02 7.0060198975e+02 7.0070001221e+02 7.0084100342e+02 7.0101501465e+02 7.0117102051e+02 7.0130902100e+02 7.0148101807e+02 7.0161999512e+02 7.0173498535e+02 7.0190502930e+02 7.0210198975e+02 7.0222802734e+02 7.0233502197e+02 7.0249597168e+02 7.0265100098e+02 7.0281896973e+02 7.0295001221e+02 7.0304602051e+02 7.0313500977e+02 7.0320300293e+02 7.0329101563e+02 7.0338299561e+02 7.0350701904e+02 7.0375701904e+02 7.0406701660e+02 7.0432202148e+02 7.0452301025e+02 7.0466302490e+02 7.0488201904e+02 7.0518902588e+02 7.0542999268e+02 7.0563201904e+02 7.0582397461e+02 7.0602697754e+02 7.0623797607e+02 7.0645098877e+02 7.0666900635e+02 7.0690997314e+02 7.0710400391e+02 7.0727301025e+02 7.0745098877e+02 7.0766900635e+02 7.0787799072e+02 7.0807299805e+02
7.0024902344e+02 7.0036999512e+02 7.0047302246e+02 7.0058801270e+02 7.0072198486e+02 7.0088000488e+02 7.0103698730e+02 7.0118499756e+02 7.0133398438e+02 7.0146502686e+02 7.0160797119e+02 7.0181097412e+02 7.0201397705e+02 7.0209802246e+02 7.0218402100e+02 7.0235198975e+02 7.0251000977e+02 7.0266998291e+02 7.0282299805e+02 7.0294897461e+02 7.0307098389e+02 7.0316802979e+02 7.0326397705e+02 7.0335699463e+02 7.0342999268e+02 7.0357202148e+02 7.0379998779e+02 7.0404797363e+02 7.0428302002e+02 7.0445898438e+02 7.0467797852e+02 7.0495599365e+02 7.0519000244e+02 7.0539697266e+02 7.0559899902e+02 7.0582501221e+02 7.0605700684e+02 7.0627697754e+02 7.0648999023e+02 7.0671801758e+02 7.0692297363e+02 7.0709698486e+02 7.0726898193e+02 7.0749700928e+02 7.0768902588e+02 7.0784802246e+02
7.0016302490e+02 7.0025897217e+02 7.0034497070e+02 7.0047497559e+02 7.0062200928e+02 7.0075000000e+02 7.0088201904e+02 7.0104199219e+02 7.0119396973e+02 7.0132299805e+02 7.0146899414e+02 7.0165002441e+02 7.0181896973e+02 7.0192102051e+02 7.0203198242e+02 7.0220599365e+02 7.0236499023e+02 7.0251599121e+02 7.0268200684e+02 7.0282598877e+02 7.0297998047e+02 7.0311102295e+02 7.0322198486e+02 7.0332897949e+02 7.0339501953e+02 7.0347399902e+02 7.0360699463e+02 7.0376800537e+02 7.0397698975e+02 7.0420599365e+02 7.0446899414e+02 7.0472497559e+02 7.0494897461e+02 7.0515502930e+02 7.0536798096e+02 7.0561102295e+02 7.0585998535e+02 7.0609301758e+02 7.0630902100e+02 7.0652301025e+02 7.0671600342e+02 7.0689202881e+02 7.0707397461e+02 7.0731701660e+02 7.0751898193e+02 7.0766601563e+02
7.0012298584e+02 7.0020599365e+02 7.0028698730e+02 7.0040899658e+02 7.0055499268e+02 7.0066101074e+02 7.0076202393e+02 7.0089801025e+02 7.0105102539e+02 7.0119000244e+02 7.0132397461e+02 7.0145898438e+02 7.0160601807e+02 7.0176300049e+02 7.0189697266e+02 7.0206896973e+02 7.0222601318e+02 7.0237298584e+02 7.0255499268e+02 7.0271002197e+02 7.0286798096e+02 7.0301800537e+02 7.0315899658e+02 7.0328100586e+02 7.0337097168e+02 7.0345697021e+02 7.0355603027e+02 7.0364697266e+02 7.0378198242e+02 7.0397698975e+02 7.0423400879e+02 7.0447998047e+02 7.0469598389e+02 7.0490502930e+02 7.0513598633e+02 7.0539398193e+02 7.0565301514e+02 7.0589398193e+02 7.0611798096e+02 7.0631500244e+02 7.0649597168e+02 7.0668103027e+02 7.0688397217e+02 7.0711199951e+02 7.0732202148e+02 7.0749597168e+02
7.0007897949e+02 7.0016198730e+02 7.0026501465e+02 7.0036297607e+02 7.0047497559e+02 7.0057897949e+02 7.0071301270e+02 7.0082098389e+02 7.0093402100e+02 7.0105999756e+02 7.0117999268e+02 7.0130902100e+02 7.0145599365e+02 7.0164501953e+02 7.0178100586e+02 7.0194201660e+02 7.0209698486e+02 7.0224902344e+02 7.0242102051e+02 7.0258502197e+02 7.0275097656e+02 7.0291302490e+02 7.0308502197e+02 7.0320001221e+02 7.0332299805e+02 7.0344799805e+02 7.0355999756e+02 7.0363500977e+02 7.0372399902e+02 7.0383300781e+02 7.0398400879e+02 7.0422198486e+02 7.0443597412e+02 7.0466497803e+02 7.0493103027e+02 7.0520501709e+02 7.0545800781e+02 7.0567700195e+02 7.0585302734e+02 7.0608099365e+02 7.0626898193e+02 7.0647399902e+02 7.0671197510e+02 7.0691400146e+02 7.0709197998e+02 7.0727801514e+02
7.0003601074e+02 7.0012200928e+02 7.0021697998e+02 7.0033099365e+02 7.0042498779e+02 7.0050402832e+02 7.0062500000e+02 7.0073999023e+02 7.0083801270e+02 7.0094396973e+02 7.0107098389e+02 7.0118200684e+02 7.0133001709e+02 7.0150299072e+02 7.0167401123e+02 7.0184698486e+02 7.0199401855e+02 7.0214202881e+02 7.0230102539e+02 7.0247302246e+02 7.0263702393e+02 7.0277600098e+02 7.0293298340e+02 7.0308398438e+02 7.0324499512e+02 7.0340197754e+02 7.0354602051e+02 7.0363000488e+02 7.0369702148e+02 7.0378100586e+02 7.0389300537e+02 7.0404901123e+02 7.0420800781e+02 7.0442297363e+02 7.0471801758e+02 7.0502899170e+02 7.0528698730e+02 7.0548400879e+02 7.0566101074e+02 7.0586901855e+02 7.0605999756e+02 7.0626501465e+02 7.0649401855e+02 7.0670098877e+02 7.0687097168e+02 7.0704699707e+02
6.9999499512e+02 7.0008898926e+02 7.0018103027e+02 7.0028997803e+02 7.0037097168e+02 7.0043200684e+02 7.0053002930e+02 7.0064501953e+02 7.0075500488e+02 7.0086700439e+02 7.0100000000e+02 7.0109497070e+02 7.0122900391e+02 7.0139099121e+02 7.0157897949e+02 7.0174401855e+02 7.0189300537e+02 7.0205401611e+02 7.0221398926e+02 7.0238000488e+02 7.0252502441e+02 7.0263702393e+02 7.0278002930e+02 7.0294500732e+02 7.0310601807e+02 7.0328802490e+02 7.0346997070e+02 7.0359197998e+02 7.0368298340e+02 7.0376397705e+02 7.0385101318e+02 7.0395898438e+02 7.0406298828e+02 7.0421801758e+02 7.0449700928e+02 7.0482897949e+02 7.0510601807e+02 7.0532202148e+02 7.0549499512e+02 7.0568103027e+02 7.0586798096e+02 7.0607299805e+02 7.0630603027e+02 7.0651501465e+02 7.0667498779e+02 7.0683898926e+02
6.9996502686e+02 7.0005902100e+02 7.0015197754e+02 7.0023999023e+02 7.0030999756e+02 7.0037597656e+02 7.0048400879e+02 7.0059600830e+02 7.0070001221e+02 7.0080401611e+02 7.0092102051e+02 7.0104998779e+02 7.0118597412e+02 7.0130999756e+02 7.0147900391e+02 7.0164001465e+02 7.0182202148e+02 7.0202301025e+02 7.0218298340e+02 7.0229498291e+02 7.0241198730e+02 7.0252001953e+02 7.0265197754e+02 7.0281097412e+02 7.0296398926e+02 7.0315301514e+02 7.0335900879e+02 7.0350201416e+02 7.0364099121e+02 7.0376300049e+02 7.0384600830e+02 7.0392102051e+02 7.0399902344e+02 7.0409899902e+02 7.0428997803e+02 7.0459899902e+02 7.0489001465e+02 7.0513897705e+02 7.0533099365e+02 7.0550201416e+02 7.0568701172e+02 7.0589801025e+02 7.0614599609e+02 7.0635998535e+02 7.0651300049e+02 7.0666601563e+02
6.9993902588e+02 7.0003601074e+02 7.0012402344e+02 7.0018701172e+02 7.0026202393e+02 7.0034100342e+02 7.0047198486e+02 7.0056201172e+02 7.0064300537e+02 7.0073400879e+02 7.0083599854e+02 7.0100299072e+02 7.0115502930e+02 7.0125201416e+02 7.0134002686e+02 7.0152301025e+02 7.0177301025e+02 7.0203399658e+02 7.0220397949e+02 7.0226898193e+02 7.0232897949e+02 7.0241302490e+02 7.0252398682e+02 7.0268200684e+02 7.0285302734e+02 7.0305499268e+02 7.0329797363e+02 7.0341497803e+02 7.0352801514e+02 7.0366998291e+02 7.0380798340e+02 7.0390002441e+02 7.0398297119e+02 7.0406402588e+02 7.0416601563e+02 7.0432702637e+02 7.0461401367e+02 7.0491400146e+02 7.0514898682e+02 7.0533099365e+02 7.0551202393e+02 7.0570202637e+02 7.0594702148e+02 7.0618798828e+02 7.0635699463e+02 7.0651599121e+02
6.9990698242e+02 6.9998901367e+02 7.0005499268e+02 7.0012402344e+02 7.0021801758e+02 7.0028601074e+02 7.0039898682e+02 7.0050402832e+02 7.0059497070e+02 7.0069201660e+02 7.0079602051e+02 7.0094201660e+02 7.0107299805e+02 7.0116497803e+02 7.0122302246e+02 7.0137701416e+02 7.0164300537e+02 7.0195001221e+02 7.0217602539e+02 7.0226202393e+02 7.0228198242e+02 7.0232299805e+02 7.0241802979e+02 7.0257397461e+02 7.0272900391e+02 7.0290197754e+02 7.0316601563e+02 7.0334802246e+02 7.0341400146e+02 7.0355297852e+02 7.0374200439e+02 7.0387402344e+02 7.0396997070e+02 7.0404602051e+02 7.0412298584e+02 7.0421002197e+02 7.0437902832e+02 7.0461297607e+02 7.0488000488e+02 7.0514898682e+02 7.0535101318e+02 7.0550000000e+02 7.0572198486e+02 7.0597100830e+02 7.0616998291e+02 7.0635699463e+02
6.9985400391e+02 6.9992401123e+02 6.9998999023e+02 7.0005200195e+02 7.0015899658e+02 7.0024401855e+02 7.0034497070e+02 7.0045098877e+02 7.0054602051e+02 7.0064300537e+02 7.0075299072e+02 7.0089001465e+02 7.0100500488e+02 7.0108099365e+02 7.0113000488e+02 7.0125097656e+02 7.0147900391e+02 7.0177301025e+02 7.0203497314e+02 7.0216101074e+02 7.0219097900e+02 7.0222198486e+02 7.0232000732e+02 7.0250402832e+02 7.0263397217e+02 7.0275299072e+02 7.0295697021e+02 7.0315600586e+02 7.0325897217e+02 7.0342401123e+02 7.0363897705e+02 7.0379998779e+02 7.0392700195e+02 7.0402001953e+02 7.0410498047e+02 7.0418200684e+02 7.0427301025e+02 7.0440002441e+02 7.0460900879e+02 7.0489501953e+02 7.0513201904e+02 7.0531500244e+02 7.0553802490e+02 7.0578100586e+02 7.0600201416e+02 7.0621301270e+02
6.9978100586e+02 6.9985797119e+02 6.9993902588e+02 6.9999499512e+02 7.0010198975e+02 7.0020001221e+02 7.0029498291e+02 7.0039801025e+02 7.0049499512e+02 7.0059399414e+02 7.0071002197e+02 7.0084399414e+02 7.0094897461e+02 7.0102099609e+02 7.0107598877e+02 7.0117602539e+02 7.0134197998e+02 7.0157397461e+02 7.0181298828e+02 7.0196600342e+02 7.0204199219e+02 7.0210797119e+02 7.0221899414e+02 7.0241802979e+02 7.0255200195e+02 7.0265002441e+02 7.0277398682e+02 7.0293298340e+02 7.0308599854e+02 7.0327301025e+02 7.0348797607e+02 7.0366497803e+02 7.0382598877e+02 7.0396002197e+02 7.0407501221e+02 7.0415600586e+02 7.0423602295e+02 7.0432000732e+02 7.0444201660e+02 7.0465600586e+02 7.0488702393e+02 7.0511499023e+02 7.0537097168e+02 7.0561901855e+02 7.0586297607e+02 7.0609301758e+02
6.9971099854e+02 6.9979797363e+02 6.9989398193e+02 6.9995098877e+02 7.0004498291e+02 7.0013800049e+02 7.0023400879e+02 7.0034497070e+02 7.0044897461e+02 7.0055499268e+02 7.0067999268e+02 7.0079797363e+02 7.0089898682e+02 7.0097497559e+02 7.0104602051e+02 7.0113800049e+02 7.0125897217e+02 7.0142199707e+02 7.0160302734e+02 7.0174401855e+02 7.0187402344e+02 7.0200598145e+02 7.0215698242e+02 7.0229901123e+02 7.0244201660e+02 7.0256799316e+02 7.0268701172e+02 7.0280297852e+02 7.0295300293e+02 7.0312799072e+02 7.0333898926e+02 7.0351501465e+02 7.0367999268e+02 7.0383599854e+02 7.0400097656e+02 7.0411798096e+02 7.0421301270e+02 7.0430499268e+02 7.0440399170e+02 7.0451501465e+02 7.0467700195e+02 7.0489501953e+02 7.0516900635e+02 7.0546301270e+02 7.0574700928e+02 7.0599102783e+02
6.9965197754e+02 6.9973602295e+02 6.9983197021e+02 6.9991497803e+02 6.9999499512e+02 7.0007299805e+02 7.0018499756e+02 7.0029602051e+02 7.0039398193e+02 7.0049902344e+02 7.0061700439e+02 7.0073199463e+02 7.0083001709e+02 7.0091601563e+02 7.0099798584e+02 7.0108197021e+02 7.0118499756e+02 7.0131298828e+02 7.0145697021e+02 7.0159600830e+02 7.0174798584e+02 7.0190698242e+02 7.0205102539e+02 7.0216699219e+02 7.0229901123e+02 7.0244201660e+02 7.0258001709e+02 7.0271398926e+02 7.0285797119e+02 7.0301202393e+02 7.0318499756e+02 7.0338500977e+02 7.0354901123e+02 7.0369000244e+02 7.0386199951e+02 7.0399700928e+02 7.0412597656e+02 7.0425897217e+02 7.0437402344e+02 7.0446600342e+02 7.0456896973e+02 7.0470501709e+02 7.0491699219e+02 7.0519598389e+02 7.0550402832e+02 7.0579998779e+02
6.9958502197e+02 6.9967297363e+02 6.9976397705e+02 6.9985601807e+02 6.9994201660e+02 7.0002197266e+02 7.0012902832e+02 7.0022497559e+02 7.0032098389e+02 7.0042901611e+02 7.0054602051e+02 7.0065600586e+02 7.0075500488e+02 7.0084997559e+02 7.0094897461e+02 7.0103802490e+02 7.0113000488e+02 7.0123602295e+02 7.0135302734e+02 7.0147900391e+02 7.0162402344e+02 7.0177502441e+02 7.0191699219e+02 7.0202801514e+02 7.0215899658e+02 7.0231097412e+02 7.0245599365e+02 7.0259002686e+02 7.0273797607e+02 7.0290899658e+02 7.0309600830e+02 7.0326702881e+02 7.0340600586e+02 7.0354602051e+02 7.0371099854e+02 7.0384899902e+02 7.0400500488e+02 7.0417797852e+02 7.0432598877e+02 7.0442700195e+02 7.0451397705e+02 7.0459301758e+02 7.0471002197e+02 7.0491497803e+02 7.0517797852e+02 7.0548297119e+02
6.9951599121e+02 6.9960498047e+02 6.9969598389e+02 6.9978497314e+02 6.9988201904e+02 6.9996899414e+02 7.0007202148e+02 7.0015502930e+02 7.0025402832e+02 7.0036700439e+02 7.0048101807e+02 7.0058502197e+02 7.0068298340e+02 7.0078198242e+02 7.0089202881e+02 7.0098901367e+02 7.0108099365e+02 7.0118200684e+02 7.0128497314e+02 7.0138702393e+02 7.0151000977e+02 7.0164202881e+02 7.0178002930e+02 7.0190100098e+02 7.0203399658e+02 7.0218499756e+02 7.0232702637e+02 7.0247399902e+02 7.0264001465e+02 7.0284600830e+02 7.0303802490e+02 7.0315698242e+02 7.0327899170e+02 7.0342199707e+02 7.0356201172e+02 7.0371801758e+02 7.0390197754e+02 7.0409600830e+02 7.0425201416e+02 7.0437799072e+02 7.0448199463e+02 7.0454498291e+02 7.0459899902e+02 7.0471398926e+02 7.0488500977e+02 7.0512799072e+02
6.9944299316e+02 6.9952398682e+02 6.9962799072e+02 6.9972302246e+02 6.9982098389e+02 6.9991400146e+02 7.0000897217e+02 7.0010998535e+02 7.0021697998e+02 7.0032299805e+02 7.0042297363e+02 7.0052697754e+02 7.0062298584e+02 7.0072302246e+02 7.0083099365e+02 7.0092999268e+02 7.0103198242e+02 7.0114001465e+02 7.0124200439e+02 7.0133502197e+02 7.0143902588e+02 7.0155700684e+02 7.0169396973e+02 7.0181201172e+02 7.0193597412e+02 7.0206597900e+02 7.0219702148e+02 7.0238702393e+02 7.0257598877e+02 7.0278399658e+02 7.0292700195e+02 7.0301702881e+02 7.0315802002e+02 7.0330200195e+02 7.0341998291e+02 7.0359899902e+02 7.0382098389e+02 7.0402502441e+02 7.0417901611e+02 7.0431500244e+02 7.0444702148e+02 7.0453802490e+02 7.0459600830e+02 7.0465197754e+02 7.0473699951e+02 7.0485900879e+02
6.9937902832e+02 6.9946697998e+02 6.9956799316e+02 6.9966601563e+02 6.9976000977e+02 6.9984600830e+02 6.9995397949e+02 7.0007897949e+02 7.0019000244e+02 7.0028100586e+02 7.0036297607e+02 7.0046197510e+02 7.0056097412e+02 7.0066400146e+02 7.0077301025e+02 7.0087701416e+02 7.0098199463e+02 7.0109002686e+02 7.0120202637e+02 7.0131097412e+02 7.0141198730e+02 7.0152301025e+02 7.0165899658e+02 7.0176202393e+02 7.0185900879e+02 7.0196697998e+02 7.0210198975e+02 7.0227398682e+02 7.0242700195e+02 7.0259497070e+02 7.0271197510e+02 7.0286102295e+02 7.0305902100e+02 7.0320397949e+02 7.0333599854e+02 7.0349798584e+02 7.0367901611e+02 7.0388201904e+02 7.0410498047e+02 7.0428497314e+02 7.0442700195e+02 7.0452801514e+02 7.0457897949e+02 7.0465399170e+02 7.0475000000e+02 7.0484002686e+02
6.9928399658e+02 6.9938598633e+02 6.9949401855e+02 6.9959399414e+02 6.9969201660e+02 6.9978601074e+02 6.9990502930e+02 7.0003100586e+02 7.0014099121e+02 7.0022998047e+02 7.0031201172e+02 7.0040502930e+02 7.0050402832e+02 7.0060699463e+02 7.0071600342e+02 7.0082299805e+02 7.0092700195e+02 7.0103302002e+02 7.0114599609e+02 7.0126397705e+02 7.0136999512e+02 7.0147698975e+02 7.0160498047e+02 7.0169702148e+02 7.0178997803e+02 7.0189599609e+02 7.0205499268e+02 7.0221301270e+02 7.0232397461e+02 7.0246002197e+02 7.0259600830e+02 7.0277099609e+02 7.0296398926e+02 7.0309600830e+02 7.0324798584e+02 7.0340399170e+02 7.0353198242e+02 7.0369799805e+02 7.0397399902e+02 7.0420202637e+02 7.0435699463e+02 7.0446301270e+02 7.0452398682e+02 7.0462200928e+02 7.0472601318e+02 7.0481298828e+02
6.9918200684e+02 6.9929901123e+02 6.9941497803e+02 6.9951898193e+02 6.9962902832e+02 6.9973297119e+02 6.9985699463e+02 6.9996801758e+02 7.0007299805e+02 7.0016998291e+02 7.0026898193e+02 7.0035797119e+02 7.0045202637e+02 7.0055102539e+02 7.0065698242e+02 7.0076800537e+02 7.0087200928e+02 7.0097497559e+02 7.0107897949e+02 7.0118701172e+02 7.0129302979e+02 7.0140002441e+02 7.0152502441e+02 7.0163299561e+02 7.0173498535e+02 7.0184197998e+02 7.0198602295e+02 7.0211297607e+02 7.0222399902e+02 7.0237701416e+02 7.0253399658e+02 7.0270001221e+02 7.0286499023e+02 7.0299102783e+02 7.0313598633e+02 7.0330603027e+02 7.0343103027e+02 7.0356201172e+02 7.0381500244e+02 7.0405200195e+02 7.0423699951e+02 7.0437298584e+02 7.0444500732e+02 7.0455401611e+02 7.0467297363e+02 7.0477502441e+02
