TESTSERVER/23/8.asc
NCOLS 100
NROWS 100
XLLCORNER 8.6497500000e+03
YLLCORNER 2.8955025000e+05
CELLSIZE 5.0000000000e-01
NODATA_VALUE -9.9990000000e+03
[rows 80 to 99 of 100, columns 46 to 91 of 100]
6.9665600586e+02 6.9681298828e+02 6.9696600342e+02 6.9710101318e+02 6.9725097656e+02 6.9739697266e+02 6.9752301025e+02 6.9766497803e+02 6.9780603027e+02 6.9794799805e+02 6.9807299805e+02 6.9822100830e+02 6.9836999512e+02 6.9852197266e+02 6.9870800781e+02 6.9889599609e+02 6.9907000732e+02 6.9923901367e+02 6.9941400146e+02 6.9954498291e+02 6.9970800781e+02 6.9988897705e+02 7.0004998779e+02 7.0018298340e+02 7.0032897949e+02 7.0047497559e+02 7.0060498047e+02 7.0073602295e+02 7.0085400391e+02 7.0096697998e+02 7.0109698486e+02 7.0123498535e+02 7.0135797119e+02 7.0145800781e+02 7.0154498291e+02 7.0162701416e+02 7.0170800781e+02 7.0183001709e+02 7.0196697998e+02 7.0213000488e+02 7.0225097656e+02 7.0237902832e+02 7.0250097656e+02 7.0266198730e+02 7.0280603027e+02 7.0295599365e+02
6.9650000000e+02 6.9666802979e+02 6.9681701660e+02 6.9695397949e+02 6.9710101318e+02 6.9724597168e+02 6.9739202881e+02 6.9753100586e+02 6.9768402100e+02 6.9781799316e+02 6.9794201660e+02 6.9808398438e+02 6.9822900391e+02 6.9838299561e+02 6.9858898926e+02 6.9878302002e+02 6.9895098877e+02 6.9912902832e+02 6.9928302002e+02 6.9944500732e+02 6.9964300537e+02 6.9984100342e+02 6.9999798584e+02 7.0010601807e+02 7.0023999023e+02 7.0038800049e+02 7.0050402832e+02 7.0060198975e+02 7.0071502686e+02 7.0083300781e+02 7.0095397949e+02 7.0107397461e+02 7.0119500732e+02 7.0131896973e+02 7.0145001221e+02 7.0159301758e+02 7.0166802979e+02 7.0174401855e+02 7.0189898682e+02 7.0205798340e+02 7.0217797852e+02 7.0230200195e+02 7.0241998291e+02 7.0253399658e+02 7.0267602539e+02 7.0283099365e+02
6.9635699463e+02 6.9652301025e+02 6.9667297363e+02 6.9681597900e+02 6.9697302246e+02 6.9712200928e+02 6.9726098633e+02 6.9739599609e+02 6.9755902100e+02 6.9768298340e+02 6.9780603027e+02 6.9795098877e+02 6.9809802246e+02 6.9825799561e+02 6.9846099854e+02 6.9864202881e+02 6.9880902100e+02 6.9899902344e+02 6.9917199707e+02 6.9935601807e+02 6.9954199219e+02 6.9973602295e+02 6.9990698242e+02 6.9999499512e+02 7.0010498047e+02 7.0023999023e+02 7.0033502197e+02 7.0043798828e+02 7.0056402588e+02 7.0069799805e+02 7.0082202148e+02 7.0091497803e+02 7.0101300049e+02 7.0113897705e+02 7.0130297852e+02 7.0152398682e+02 7.0165899658e+02 7.0175299072e+02 7.0187298584e+02 7.0201898193e+02 7.0214898682e+02 7.0226000977e+02 7.0234100342e+02 7.0243798828e+02 7.0257202148e+02 7.0271697998e+02
6.9621301270e+02 6.9637097168e+02 6.9652801514e+02 6.9667999268e+02 6.9683300781e+02 6.9697698975e+02 6.9709997559e+02 6.9723297119e+02 6.9739599609e+02 6.9752301025e+02 6.9766601563e+02 6.9780700684e+02 6.9795300293e+02 6.9811901855e+02 6.9832598877e+02 6.9849902344e+02 6.9865899658e+02 6.9885498047e+02 6.9907397461e+02 6.9925097656e+02 6.9939697266e+02 6.9956298828e+02 6.9974597168e+02 6.9986401367e+02 6.9996197510e+02 7.0008300781e+02 7.0014099121e+02 7.0024798584e+02 7.0039099121e+02 7.0053997803e+02 7.0067700195e+02 7.0079101563e+02 7.0089599609e+02 7.0102502441e+02 7.0118103027e+02 7.0139300537e+02 7.0160198975e+02 7.0176599121e+02 7.0183697510e+02 7.0199102783e+02 7.0213702393e+02 7.0222100830e+02 7.0225897217e+02 7.0234600830e+02 7.0246697998e+02 7.0260699463e+02
6.9607098389e+02 6.9621301270e+02 6.9637402344e+02 6.9651702881e+02 6.9665899658e+02 6.9681500244e+02 6.9696099854e+02 6.9712200928e+02 6.9726800537e+02 6.9739202881e+02 6.9753601074e+02 6.9767498779e+02 6.9782299805e+02 6.9799700928e+02 6.9820001221e+02 6.9838500977e+02 6.9854400635e+02 6.9871801758e+02 6.9892901611e+02 6.9911901855e+02 6.9926098633e+02 6.9942602539e+02 6.9960302734e+02 6.9969897461e+02 6.9980200195e+02 6.9991998291e+02 6.9999102783e+02 7.0009002686e+02 7.0023699951e+02 7.0037902832e+02 7.0048498535e+02 7.0062500000e+02 7.0078100586e+02 7.0096197510e+02 7.0113098145e+02 7.0131298828e+02 7.0151800537e+02 7.0170300293e+02 7.0179302979e+02 7.0190100098e+02 7.0203601074e+02 7.0213201904e+02 7.0218402100e+02 7.0229101563e+02 7.0240802002e+02 7.0253601074e+02
6.9594299316e+02 6.9607702637e+02 6.9621899414e+02 6.9636999512e+02 6.9652001953e+02 6.9666998291e+02 6.9680200195e+02 6.9695800781e+02 6.9711499023e+02 6.9725799561e+02 6.9739898682e+02 6.9754400635e+02 6.9769799805e+02 6.9786999512e+02 6.9805798340e+02 6.9823297119e+02 6.9839801025e+02 6.9855499268e+02 6.9873602295e+02 6.9894097900e+02 6.9912701416e+02 6.9929498291e+02 6.9943597412e+02 6.9951800537e+02 6.9959698486e+02 6.9970800781e+02 6.9983898926e+02 6.9996697998e+02 7.0009002686e+02 7.0019702148e+02 7.0028698730e+02 7.0040002441e+02 7.0059802246e+02 7.0085198975e+02 7.0107397461e+02 7.0127099609e+02 7.0145697021e+02 7.0163201904e+02 7.0175500488e+02 7.0182202148e+02 7.0192901611e+02 7.0204602051e+02 7.0213299561e+02 7.0224298096e+02 7.0233398438e+02 7.0241802979e+02
6.9579302979e+02 6.9592102051e+02 6.9605902100e+02 6.9622302246e+02 6.9636401367e+02 6.9649700928e+02 6.9663598633e+02 6.9679602051e+02 6.9695202637e+02 6.9710998535e+02 6.9726702881e+02 6.9741699219e+02 6.9756799316e+02 6.9773999023e+02 6.9791998291e+02 6.9808502197e+02 6.9825000000e+02 6.9840600586e+02 6.9857800293e+02 6.9875897217e+02 6.9893798828e+02 6.9908398438e+02 6.9922302246e+02 6.9933697510e+02 6.9942102051e+02 6.9954797363e+02 6.9970800781e+02 6.9982098389e+02 6.9991497803e+02 7.0002502441e+02 7.0014898682e+02 7.0027099609e+02 7.0047900391e+02 7.0075500488e+02 7.0098901367e+02 7.0119897461e+02 7.0139801025e+02 7.0156097412e+02 7.0167498779e+02 7.0173797607e+02 7.0184002686e+02 7.0196502686e+02 7.0206298828e+02 7.0216900635e+02 7.0226000977e+02 7.0234399414e+02
6.9564697266e+02 6.9577697754e+02 6.9590899658e+02 6.9607299805e+02 6.9621099854e+02 6.9632598877e+02 6.9647399902e+02 6.9663201904e+02 6.9678497314e+02 6.9694299316e+02 6.9712097168e+02 6.9727001953e+02 6.9743103027e+02 6.9761499023e+02 6.9778100586e+02 6.9794598389e+02 6.9812597656e+02 6.9829101563e+02 6.9843200684e+02 6.9857098389e+02 6.9873297119e+02 6.9886798096e+02 6.9901599121e+02 6.9919897461e+02 6.9930798340e+02 6.9942199707e+02 6.9953698730e+02 6.9962902832e+02 6.9973400879e+02 6.9989300537e+02 7.0007598877e+02 7.0023199463e+02 7.0044799805e+02 7.0070098877e+02 7.0090399170e+02 7.0109899902e+02 7.0131799316e+02 7.0149401855e+02 7.0159301758e+02 7.0166400146e+02 7.0176202393e+02 7.0188000488e+02 7.0197601318e+02 7.0207000732e+02 7.0217797852e+02 7.0228997803e+02
6.9549401855e+02 6.9564001465e+02 6.9577899170e+02 6.9591497803e+02 6.9605297852e+02 6.9617602539e+02 6.9634301758e+02 6.9648199463e+02 6.9663000488e+02 6.9679199219e+02 6.9697601318e+02 6.9713598633e+02 6.9729498291e+02 6.9747698975e+02 6.9764099121e+02 6.9779797363e+02 6.9798400879e+02 6.9814898682e+02 6.9826000977e+02 6.9839300537e+02 6.9856597900e+02 6.9871600342e+02 6.9883300781e+02 6.9899700928e+02 6.9912597656e+02 6.9920001221e+02 6.9925201416e+02 6.9939898682e+02 6.9957397461e+02 6.9978997803e+02 6.9999597168e+02 7.0025402832e+02 7.0050598145e+02 7.0072497559e+02 7.0087200928e+02 7.0099798584e+02 7.0118597412e+02 7.0136798096e+02 7.0147601318e+02 7.0156799316e+02 7.0167498779e+02 7.0179199219e+02 7.0189300537e+02 7.0198498535e+02 7.0210900879e+02 7.0225201416e+02
6.9534600830e+02 6.9550000000e+02 6.9563800049e+02 6.9576702881e+02 6.9590002441e+02 6.9603601074e+02 6.9618402100e+02 6.9630700684e+02 6.9644897461e+02 6.9663299561e+02 6.9682800293e+02 6.9700201416e+02 6.9716998291e+02 6.9733300781e+02 6.9749499512e+02 6.9766198730e+02 6.9783599854e+02 6.9798297119e+02 6.9808898926e+02 6.9817297363e+02 6.9832897949e+02 6.9854199219e+02 6.9869396973e+02 6.9876098633e+02 6.9882598877e+02 6.9891198730e+02 6.9903497314e+02 6.9920501709e+02 6.9945599365e+02 6.9974499512e+02 7.0003900146e+02 7.0031799316e+02 7.0057702637e+02 7.0076000977e+02 7.0084301758e+02 7.0092602539e+02 7.0105297852e+02 7.0121502686e+02 7.0137298584e+02 7.0149298096e+02 7.0160998535e+02 7.0172497559e+02 7.0183599854e+02 7.0192102051e+02 7.0204101563e+02 7.0217797852e+02
6.9521398926e+02 6.9536199951e+02 6.9548498535e+02 6.9562500000e+02 6.9576202393e+02 6.9590197754e+02 6.9604901123e+02 6.9616802979e+02 6.9629699707e+02 6.9648901367e+02 6.9666497803e+02 6.9683197021e+02 6.9701202393e+02 6.9716497803e+02 6.9734197998e+02 6.9750299072e+02 6.9765399170e+02 6.9779901123e+02 6.9790100098e+02 6.9795898438e+02 6.9814801025e+02 6.9846502686e+02 6.9868402100e+02 6.9863201904e+02 6.9857397461e+02 6.9865301514e+02 6.9884100342e+02 6.9909301758e+02 6.9941699219e+02 6.9977502441e+02 7.0016198730e+02 7.0041900635e+02 7.0060198975e+02 7.0070697021e+02 7.0075299072e+02 7.0084600830e+02 7.0096301270e+02 7.0110498047e+02 7.0125799561e+02 7.0139398193e+02 7.0153002930e+02 7.0167102051e+02 7.0179602051e+02 7.0188598633e+02 7.0199700928e+02 7.0210797119e+02
6.9508099365e+02 6.9522100830e+02 6.9534197998e+02 6.9548999023e+02 6.9563000488e+02 6.9576202393e+02 6.9590698242e+02 6.9603100586e+02 6.9615997314e+02 6.9635302734e+02 6.9651599121e+02 6.9666601563e+02 6.9686199951e+02 6.9701599121e+02 6.9718402100e+02 6.9733599854e+02 6.9745300293e+02 6.9758898926e+02 6.9769598389e+02 6.9777697754e+02 6.9800299072e+02 6.9835498047e+02 6.9856597900e+02 6.9848602295e+02 6.9840698242e+02 6.9849700928e+02 6.9871899414e+02 6.9905499268e+02 6.9939599609e+02 6.9974902344e+02 7.0019500732e+02 7.0045202637e+02 7.0056701660e+02 7.0060101318e+02 7.0063299561e+02 7.0075000000e+02 7.0089801025e+02 7.0104602051e+02 7.0117498779e+02 7.0132299805e+02 7.0147100830e+02 7.0161798096e+02 7.0173297119e+02 7.0184002686e+02 7.0193902588e+02 7.0202099609e+02
6.9493798828e+02 6.9506402588e+02 6.9520697021e+02 6.9535498047e+02 6.9548999023e+02 6.9562200928e+02 6.9576397705e+02 6.9589001465e+02 6.9605200195e+02 6.9622698975e+02 6.9637597656e+02 6.9652001953e+02 6.9670202637e+02 6.9684899902e+02 6.9698498535e+02 6.9715899658e+02 6.9726898193e+02 6.9737902832e+02 6.9747698975e+02 6.9760601807e+02 6.9781500244e+02 6.9803399658e+02 6.9806097412e+02 6.9811700439e+02 6.9821502686e+02 6.9842297363e+02 6.9871801758e+02 6.9905297852e+02 6.9933300781e+02 6.9963201904e+02 7.0005401611e+02 7.0034497070e+02 7.0046099854e+02 7.0048400879e+02 7.0052099609e+02 7.0063397217e+02 7.0081298828e+02 7.0101300049e+02 7.0118499756e+02 7.0132299805e+02 7.0145599365e+02 7.0156597900e+02 7.0166998291e+02 7.0177301025e+02 7.0184399414e+02 7.0190301514e+02
6.9478698730e+02 6.9492901611e+02 6.9507202148e+02 6.9521502686e+02 6.9535101318e+02 6.9549298096e+02 6.9563397217e+02 6.9575598145e+02 6.9593499756e+02 6.9608197021e+02 6.9621997070e+02 6.9636199951e+02 6.9651702881e+02 6.9666699219e+02 6.9680700684e+02 6.9696002197e+02 6.9708801270e+02 6.9720800781e+02 6.9730798340e+02 6.9739398193e+02 6.9753997803e+02 6.9768402100e+02 6.9778198242e+02 6.9789697266e+02 6.9808697510e+02 6.9836798096e+02 6.9871600342e+02 6.9899200439e+02 6.9924102783e+02 6.9948699951e+02 6.9979199219e+02 7.0007299805e+02 7.0022998047e+02 7.0031597900e+02 7.0038598633e+02 7.0050097656e+02 7.0070098877e+02 7.0096398926e+02 7.0123602295e+02 7.0135498047e+02 7.0144897461e+02 7.0151202393e+02 7.0157098389e+02 7.0166802979e+02 7.0173699951e+02 7.0180401611e+02
6.9464599609e+02 6.9479901123e+02 6.9493402100e+02 6.9506500244e+02 6.9520397949e+02 6.9535101318e+02 6.9548901367e+02 6.9562902832e+02 6.9579498291e+02 6.9593103027e+02 6.9608502197e+02 6.9622497559e+02 6.9635601807e+02 6.9649401855e+02 6.9664599609e+02 6.9678601074e+02 6.9691198730e+02 6.9703399658e+02 6.9713299561e+02 6.9719500732e+02 6.9730401611e+02 6.9743902588e+02 6.9758197021e+02 6.9778198242e+02 6.9802801514e+02 6.9831896973e+02 6.9864801025e+02 6.9887097168e+02 6.9910400391e+02 6.9930798340e+02 6.9951397705e+02 6.9976202393e+02 6.9994201660e+02 7.0009301758e+02 7.0023297119e+02 7.0037500000e+02 7.0058197021e+02 7.0084997559e+02 7.0116400146e+02 7.0131201172e+02 7.0144000244e+02 7.0147100830e+02 7.0146801758e+02 7.0151599121e+02 7.0157702637e+02 7.0166101074e+02
6.9450598145e+02 6.9464801025e+02 6.9478002930e+02 6.9490997314e+02 6.9506097412e+02 6.9521301270e+02 6.9534802246e+02 6.9550000000e+02 6.9565502930e+02 6.9579302979e+02 6.9594097900e+02 6.9607598877e+02 6.9620202637e+02 6.9633801270e+02 6.9650097656e+02 6.9663299561e+02 6.9674597168e+02 6.9685498047e+02 6.9694000244e+02 6.9700799561e+02 6.9711999512e+02 6.9727502441e+02 6.9746002197e+02 6.9772998047e+02 6.9799597168e+02 6.9825299072e+02 6.9853100586e+02 6.9873797607e+02 6.9896801758e+02 6.9916400146e+02 6.9933801270e+02 6.9955499268e+02 6.9971099854e+02 6.9986999512e+02 7.0006500244e+02 7.0028302002e+02 7.0050299072e+02 7.0073297119e+02 7.0101397705e+02 7.0122802734e+02 7.0140600586e+02 7.0142102051e+02 7.0136499023e+02 7.0136199951e+02 7.0140600586e+02 7.0151098633e+02
6.9439898682e+02 6.9453100586e+02 6.9464697266e+02 6.9478302002e+02 6.9492901611e+02 6.9508099365e+02 6.9521197510e+02 6.9535101318e+02 6.9549200439e+02 6.9563800049e+02 6.9577502441e+02 6.9592700195e+02 6.9606402588e+02 6.9620202637e+02 6.9634497070e+02 6.9646697998e+02 6.9656402588e+02 6.9665301514e+02 6.9672601318e+02 6.9682299805e+02 6.9697399902e+02 6.9716802979e+02 6.9741497803e+02 6.9772900391e+02 6.9799200439e+02 6.9821301270e+02 6.9843798828e+02 6.9866802979e+02 6.9889501953e+02 6.9909301758e+02 6.9926800537e+02 6.9943701172e+02 6.9955401611e+02 6.9967999268e+02 6.9987597656e+02 7.0016802979e+02 7.0042901611e+02 7.0067297363e+02 7.0093902588e+02 7.0114599609e+02 7.0127301025e+02 7.0127600098e+02 7.0122998047e+02 7.0120599365e+02 7.0123199463e+02 7.0132800293e+02
6.9426898193e+02 6.9439697266e+02 6.9452502441e+02 6.9466198730e+02 6.9478302002e+02 6.9492999268e+02 6.9506597900e+02 6.9519500732e+02 6.9533398438e+02 6.9548498535e+02 6.9563397217e+02 6.9578601074e+02 6.9592401123e+02 6.9605102539e+02 6.9616699219e+02 6.9625799561e+02 6.9634497070e+02 6.9643902588e+02 6.9653601074e+02 6.9666302490e+02 6.9687402344e+02 6.9712799072e+02 6.9739099121e+02 6.9769500732e+02 6.9793402100e+02 6.9815502930e+02 6.9841101074e+02 6.9865997314e+02 6.9886901855e+02 6.9903802490e+02 6.9916998291e+02 6.9926702881e+02 6.9936700439e+02 6.9952600098e+02 6.9975897217e+02 7.0002099609e+02 7.0029101563e+02 7.0057098389e+02 7.0078698730e+02 7.0091400146e+02 7.0099200439e+02 7.0099597168e+02 7.0097802734e+02 7.0100500488e+02 7.0104602051e+02 7.0112097168e+02
6.9411700439e+02 6.9426300049e+02 6.9440600586e+02 6.9452697754e+02 6.9463500977e+02 6.9479199219e+02 6.9492797852e+02 6.9505603027e+02 6.9519799805e+02 6.9534802246e+02 6.9549700928e+02 6.9564697266e+02 6.9577801514e+02 6.9589599609e+02 6.9599798584e+02 6.9608099365e+02 6.9617102051e+02 6.9627502441e+02 6.9638897705e+02 6.9656201172e+02 6.9681402588e+02 6.9709497070e+02 6.9736602783e+02 6.9761102295e+02 6.9781597900e+02 6.9804901123e+02 6.9833898926e+02 6.9857299805e+02 6.9875701904e+02 6.9890002441e+02 6.9900897217e+02 6.9905499268e+02 6.9916699219e+02 6.9937799072e+02 6.9966302490e+02 6.9992700195e+02 7.0016302490e+02 7.0039099121e+02 7.0054998779e+02 7.0060400391e+02 7.0065100098e+02 7.0069097900e+02 7.0073199463e+02 7.0080200195e+02 7.0085900879e+02 7.0093798828e+02
6.9398602295e+02 6.9412799072e+02 6.9426098633e+02 6.9437597656e+02 6.9449798584e+02 6.9466802979e+02 6.9478100586e+02 6.9492102051e+02 6.9507000732e+02 6.9521600342e+02 6.9536297607e+02 6.9550799561e+02 6.9563500977e+02 6.9575000000e+02 6.9584600830e+02 6.9593103027e+02 6.9602801514e+02 6.9614599609e+02 6.9629101563e+02 6.9650000000e+02 6.9676800537e+02 6.9705102539e+02 6.9731097412e+02 6.9751202393e+02 6.9769097900e+02 6.9790997314e+02 6.9818597412e+02 6.9838800049e+02 6.9855200195e+02 6.9869201660e+02 6.9881799316e+02 6.9886602783e+02 6.9900500488e+02 6.9923901367e+02 6.9952099609e+02 6.9978399658e+02 6.9998999023e+02 7.0014202881e+02 7.0024798584e+02 7.0030700684e+02 7.0036901855e+02 7.0044702148e+02 7.0052099609e+02 7.0060400391e+02 7.0068103027e+02 7.0078100586e+02
