TESTSERVER/23/9.asc
NCOLS 100
NROWS 100
XLLCORNER 8.6497500000e+03
YLLCORNER 2.8950025000e+05
CELLSIZE 5.0000000000e-01
NODATA_VALUE -9.9990000000e+03
[rows 80 to 99 of 100, columns 46 to 91 of 100]
6.8438702393e+02 6.8447802734e+02 6.8457202148e+02 6.8469299316e+02 6.8478802490e+02 6.8488598633e+02 6.8501501465e+02 6.8509899902e+02 6.8518902588e+02 6.8529901123e+02 6.8541101074e+02 6.8547998047e+02 6.8557000732e+02 6.8567401123e+02 6.8576300049e+02 6.8586401367e+02 6.8595397949e+02 6.8603399658e+02 6.8612500000e+02 6.8623498535e+02 6.8632702637e+02 6.8643103027e+02 6.8653497314e+02 6.8661199951e+02 6.8668499756e+02 6.8676599121e+02 6.8685498047e+02 6.8694097900e+02 6.8706500244e+02 6.8716400146e+02 6.8725402832e+02 6.8734899902e+02 6.8743402100e+02 6.8751898193e+02 6.8760797119e+02 6.8770599365e+02 6.8779901123e+02 6.8788702393e+02 6.8799401855e+02 6.8811700439e+02 6.8821502686e+02 6.8832202148e+02 6.8841699219e+02 6.8851898193e+02 6.8861602783e+02 6.8873602295e+02
6.8424401855e+02 6.8433197021e+02 6.8443298340e+02 6.8453802490e+02 6.8464300537e+02 6.8474798584e+02 6.8486199951e+02 6.8496197510e+02 6.8506097412e+02 6.8516699219e+02 6.8526300049e+02 6.8533898926e+02 6.8543200684e+02 6.8552899170e+02 6.8563000488e+02 6.8573999023e+02 6.8583599854e+02 6.8591101074e+02 6.8600402832e+02 6.8611297607e+02 6.8621099854e+02 6.8631799316e+02 6.8641302490e+02 6.8649499512e+02 6.8657501221e+02 6.8666198730e+02 6.8675799561e+02 6.8684002686e+02 6.8694598389e+02 6.8704302979e+02 6.8713098145e+02 6.8722998047e+02 6.8731896973e+02 6.8741601563e+02 6.8751300049e+02 6.8760302734e+02 6.8768902588e+02 6.8777697754e+02 6.8787701416e+02 6.8799499512e+02 6.8810699463e+02 6.8821301270e+02 6.8830499268e+02 6.8840399170e+02 6.8850097656e+02 6.8861700439e+02
6.8410601807e+02 6.8418298340e+02 6.8428997803e+02 6.8438800049e+02 6.8450097656e+02 6.8460699463e+02 6.8470300293e+02 6.8481402588e+02 6.8492498779e+02 6.8502801514e+02 6.8511401367e+02 6.8520098877e+02 6.8529901123e+02 6.8540899658e+02 6.8551800537e+02 6.8561700439e+02 6.8571099854e+02 6.8579101563e+02 6.8588702393e+02 6.8599499512e+02 6.8610101318e+02 6.8620697021e+02 6.8630297852e+02 6.8638800049e+02 6.8645697021e+02 6.8655700684e+02 6.8665502930e+02 6.8674200439e+02 6.8682800293e+02 6.8692602539e+02 6.8702001953e+02 6.8712200928e+02 6.8721197510e+02 6.8731402588e+02 6.8741400146e+02 6.8749700928e+02 6.8758001709e+02 6.8767602539e+02 6.8776898193e+02 6.8787701416e+02 6.8798602295e+02 6.8809002686e+02 6.8819299316e+02 6.8828900146e+02 6.8838598633e+02 6.8849700928e+02
6.8397497559e+02 6.8404998779e+02 6.8414501953e+02 6.8424200439e+02 6.8435900879e+02 6.8447497559e+02 6.8456201172e+02 6.8466497803e+02 6.8478002930e+02 6.8488897705e+02 6.8497302246e+02 6.8506201172e+02 6.8516900635e+02 6.8528601074e+02 6.8538500977e+02 6.8547802734e+02 6.8557598877e+02 6.8566601563e+02 6.8576202393e+02 6.8587402344e+02 6.8598199463e+02 6.8608001709e+02 6.8617199707e+02 6.8625701904e+02 6.8633300781e+02 6.8643798828e+02 6.8652502441e+02 6.8661199951e+02 6.8670300293e+02 6.8680200195e+02 6.8690502930e+02 6.8701202393e+02 6.8710498047e+02 6.8720898438e+02 6.8729602051e+02 6.8738201904e+02 6.8747198486e+02 6.8757202148e+02 6.8766198730e+02 6.8776397705e+02 6.8786901855e+02 6.8797198486e+02 6.8806896973e+02 6.8816998291e+02 6.8827301025e+02 6.8838800049e+02
6.8383599854e+02 6.8392602539e+02 6.8401397705e+02 6.8410302734e+02 6.8421398926e+02 6.8432897949e+02 6.8441497803e+02 6.8452197266e+02 6.8463397217e+02 6.8473797607e+02 6.8484600830e+02 6.8492901611e+02 6.8503802490e+02 6.8514599609e+02 6.8523199463e+02 6.8532702637e+02 6.8544500732e+02 6.8555102539e+02 6.8562799072e+02 6.8574700928e+02 6.8585601807e+02 6.8594799805e+02 6.8603100586e+02 6.8612597656e+02 6.8621997070e+02 6.8631896973e+02 6.8639300537e+02 6.8648699951e+02 6.8659997559e+02 6.8671002197e+02 6.8680401611e+02 6.8689801025e+02 6.8698498535e+02 6.8709301758e+02 6.8717498779e+02 6.8727697754e+02 6.8738098145e+02 6.8746697998e+02 6.8754797363e+02 6.8765600586e+02 6.8776501465e+02 6.8786999512e+02 6.8796600342e+02 6.8806298828e+02 6.8815002441e+02 6.8825500488e+02
6.8370001221e+02 6.8378900146e+02 6.8389099121e+02 6.8398901367e+02 6.8409002686e+02 6.8417999268e+02 6.8426098633e+02 6.8437701416e+02 6.8448797607e+02 6.8458697510e+02 6.8469702148e+02 6.8479101563e+02 6.8489898682e+02 6.8500701904e+02 6.8509997559e+02 6.8518200684e+02 6.8529302979e+02 6.8539801025e+02 6.8549102783e+02 6.8560498047e+02 6.8570599365e+02 6.8579998779e+02 6.8590502930e+02 6.8600799561e+02 6.8609301758e+02 6.8619598389e+02 6.8628002930e+02 6.8637500000e+02 6.8648297119e+02 6.8659002686e+02 6.8668499756e+02 6.8678900146e+02 6.8687902832e+02 6.8698602295e+02 6.8707098389e+02 6.8717199707e+02 6.8726599121e+02 6.8734997559e+02 6.8744396973e+02 6.8754901123e+02 6.8765100098e+02 6.8775500488e+02 6.8785998535e+02 6.8796099854e+02 6.8803900146e+02 6.8813201904e+02
6.8356298828e+02 6.8364099121e+02 6.8374902344e+02 6.8384997559e+02 6.8395501709e+02 6.8403997803e+02 6.8411798096e+02 6.8422100830e+02 6.8433398438e+02 6.8444201660e+02 6.8453900146e+02 6.8463000488e+02 6.8475097656e+02 6.8486798096e+02 6.8496099854e+02 6.8504901123e+02 6.8515899658e+02 6.8526300049e+02 6.8536602783e+02 6.8546502686e+02 6.8555902100e+02 6.8565502930e+02 6.8575799561e+02 6.8587402344e+02 6.8596197510e+02 6.8606402588e+02 6.8615100098e+02 6.8625097656e+02 6.8637097168e+02 6.8647802734e+02 6.8656298828e+02 6.8666699219e+02 6.8677398682e+02 6.8688201904e+02 6.8696502686e+02 6.8706500244e+02 6.8714801025e+02 6.8723797607e+02 6.8734100342e+02 6.8744396973e+02 6.8754101563e+02 6.8764898682e+02 6.8776000977e+02 6.8786499023e+02 6.8794396973e+02 6.8803100586e+02
6.8342297363e+02 6.8350000000e+02 6.8360498047e+02 6.8370599365e+02 6.8381097412e+02 6.8390502930e+02 6.8399499512e+02 6.8408502197e+02 6.8418597412e+02 6.8429302979e+02 6.8438800049e+02 6.8448400879e+02 6.8460998535e+02 6.8472802734e+02 6.8482098389e+02 6.8491101074e+02 6.8502197266e+02 6.8512597656e+02 6.8524200439e+02 6.8533502197e+02 6.8541802979e+02 6.8551397705e+02 6.8560498047e+02 6.8572100830e+02 6.8582598877e+02 6.8593499756e+02 6.8602697754e+02 6.8613098145e+02 6.8624700928e+02 6.8634997559e+02 6.8644897461e+02 6.8655499268e+02 6.8666699219e+02 6.8678198242e+02 6.8686602783e+02 6.8695898438e+02 6.8703997803e+02 6.8712799072e+02 6.8723297119e+02 6.8734997559e+02 6.8745599365e+02 6.8756402588e+02 6.8766198730e+02 6.8776898193e+02 6.8786297607e+02 6.8795098877e+02
6.8328802490e+02 6.8337200928e+02 6.8347900391e+02 6.8356097412e+02 6.8364898682e+02 6.8375097656e+02 6.8385699463e+02 6.8395001221e+02 6.8404797363e+02 6.8415100098e+02 6.8425299072e+02 6.8433099365e+02 6.8444799805e+02 6.8456799316e+02 6.8467401123e+02 6.8476599121e+02 6.8487500000e+02 6.8498297119e+02 6.8509301758e+02 6.8519097900e+02 6.8528997803e+02 6.8539599609e+02 6.8548797607e+02 6.8559301758e+02 6.8569702148e+02 6.8581201172e+02 6.8591101074e+02 6.8602099609e+02 6.8613299561e+02 6.8623797607e+02 6.8635101318e+02 6.8645501709e+02 6.8655200195e+02 6.8665502930e+02 6.8677001953e+02 6.8685498047e+02 6.8693499756e+02 6.8702398682e+02 6.8713598633e+02 6.8724102783e+02 6.8734600830e+02 6.8746600342e+02 6.8756597900e+02 6.8765698242e+02 6.8776202393e+02 6.8786401367e+02
6.8316601563e+02 6.8324499512e+02 6.8334399414e+02 6.8341998291e+02 6.8351202393e+02 6.8361901855e+02 6.8371600342e+02 6.8380499268e+02 6.8389398193e+02 6.8398699951e+02 6.8410400391e+02 6.8419598389e+02 6.8430999756e+02 6.8443701172e+02 6.8453198242e+02 6.8462298584e+02 6.8474298096e+02 6.8486401367e+02 6.8496801758e+02 6.8506500244e+02 6.8516400146e+02 6.8526202393e+02 6.8535498047e+02 6.8547399902e+02 6.8557897949e+02 6.8568499756e+02 6.8578497314e+02 6.8589599609e+02 6.8601000977e+02 6.8612902832e+02 6.8623999023e+02 6.8633197021e+02 6.8642297363e+02 6.8653198242e+02 6.8664599609e+02 6.8674200439e+02 6.8683898926e+02 6.8692401123e+02 6.8701702881e+02 6.8711602783e+02 6.8722998047e+02 6.8735797119e+02 6.8746301270e+02 6.8755297852e+02 6.8765301514e+02 6.8775897217e+02
6.8305499268e+02 6.8313201904e+02 6.8322100830e+02 6.8329602051e+02 6.8339300537e+02 6.8348901367e+02 6.8357800293e+02 6.8367199707e+02 6.8375500488e+02 6.8384497070e+02 6.8395898438e+02 6.8405297852e+02 6.8416497803e+02 6.8428198242e+02 6.8437902832e+02 6.8447698975e+02 6.8459497070e+02 6.8470898438e+02 6.8481402588e+02 6.8492498779e+02 6.8503698730e+02 6.8514398193e+02 6.8522900391e+02 6.8534002686e+02 6.8544799805e+02 6.8555102539e+02 6.8565002441e+02 6.8576300049e+02 6.8588299561e+02 6.8601098633e+02 6.8612597656e+02 6.8621801758e+02 6.8630999756e+02 6.8641302490e+02 6.8653399658e+02 6.8664697266e+02 6.8674200439e+02 6.8682702637e+02 6.8691400146e+02 6.8699902344e+02 6.8711102295e+02 6.8722900391e+02 6.8734600830e+02 6.8746099854e+02 6.8755499268e+02 6.8764697266e+02
6.8293597412e+02 6.8301599121e+02 6.8310198975e+02 6.8317999268e+02 6.8327301025e+02 6.8335699463e+02 6.8345001221e+02 6.8353997803e+02 6.8362902832e+02 6.8372497559e+02 6.8383197021e+02 6.8392297363e+02 6.8403302002e+02 6.8414001465e+02 6.8424102783e+02 6.8434698486e+02 6.8446398926e+02 6.8456402588e+02 6.8465899658e+02 6.8477099609e+02 6.8488598633e+02 6.8501000977e+02 6.8511602783e+02 6.8521697998e+02 6.8531298828e+02 6.8541699219e+02 6.8551898193e+02 6.8563800049e+02 6.8575500488e+02 6.8588201904e+02 6.8599200439e+02 6.8609600830e+02 6.8621197510e+02 6.8632598877e+02 6.8643902588e+02 6.8654498291e+02 6.8663000488e+02 6.8671997070e+02 6.8681201172e+02 6.8690698242e+02 6.8701501465e+02 6.8711199951e+02 6.8721997070e+02 6.8733898926e+02 6.8743798828e+02 6.8752697754e+02
6.8282299805e+02 6.8289001465e+02 6.8295800781e+02 6.8305297852e+02 6.8314300537e+02 6.8322601318e+02 6.8333502197e+02 6.8341802979e+02 6.8351300049e+02 6.8360797119e+02 6.8370300293e+02 6.8379998779e+02 6.8390698242e+02 6.8400201416e+02 6.8410101318e+02 6.8420697021e+02 6.8432098389e+02 6.8441497803e+02 6.8450897217e+02 6.8463299561e+02 6.8474798584e+02 6.8486901855e+02 6.8497399902e+02 6.8507702637e+02 6.8517901611e+02 6.8528997803e+02 6.8539801025e+02 6.8551599121e+02 6.8563397217e+02 6.8575299072e+02 6.8586999512e+02 6.8597698975e+02 6.8609899902e+02 6.8621600342e+02 6.8631799316e+02 6.8643103027e+02 6.8652502441e+02 6.8661602783e+02 6.8669702148e+02 6.8680499268e+02 6.8691497803e+02 6.8701898193e+02 6.8711901855e+02 6.8721899414e+02 6.8731500244e+02 6.8740698242e+02
6.8269897461e+02 6.8277001953e+02 6.8284698486e+02 6.8294598389e+02 6.8303399658e+02 6.8311401367e+02 6.8321099854e+02 6.8328698730e+02 6.8337902832e+02 6.8347302246e+02 6.8356402588e+02 6.8366601563e+02 6.8377697754e+02 6.8387500000e+02 6.8397497559e+02 6.8407098389e+02 6.8417401123e+02 6.8427301025e+02 6.8438098145e+02 6.8449200439e+02 6.8460498047e+02 6.8472198486e+02 6.8483300781e+02 6.8494097900e+02 6.8505102539e+02 6.8516699219e+02 6.8527099609e+02 6.8537298584e+02 6.8549597168e+02 6.8561499023e+02 6.8573101807e+02 6.8584100342e+02 6.8596697998e+02 6.8608502197e+02 6.8618798828e+02 6.8630401611e+02 6.8640899658e+02 6.8650799561e+02 6.8659002686e+02 6.8669598389e+02 6.8679998779e+02 6.8690600586e+02 6.8700897217e+02 6.8711102295e+02 6.8720697021e+02 6.8730102539e+02
6.8258502197e+02 6.8265997314e+02 6.8274499512e+02 6.8283197021e+02 6.8291601563e+02 6.8299902344e+02 6.8309002686e+02 6.8316497803e+02 6.8325000000e+02 6.8333398438e+02 6.8342797852e+02 6.8353399658e+02 6.8364099121e+02 6.8373999023e+02 6.8383599854e+02 6.8393701172e+02 6.8403497314e+02 6.8413897705e+02 6.8425897217e+02 6.8435498047e+02 6.8446197510e+02 6.8457202148e+02 6.8468499756e+02 6.8478802490e+02 6.8490002441e+02 6.8502099609e+02 6.8512701416e+02 6.8523999023e+02 6.8536700439e+02 6.8548297119e+02 6.8559399414e+02 6.8570697021e+02 6.8582397461e+02 6.8593499756e+02 6.8605401611e+02 6.8617999268e+02 6.8628601074e+02 6.8638299561e+02 6.8647802734e+02 6.8657501221e+02 6.8667700195e+02 6.8678601074e+02 6.8688500977e+02 6.8698498535e+02 6.8708502197e+02 6.8717901611e+02
6.8248297119e+02 6.8255603027e+02 6.8263702393e+02 6.8271502686e+02 6.8280102539e+02 6.8288299561e+02 6.8297100830e+02 6.8306298828e+02 6.8314001465e+02 6.8321600342e+02 6.8331402588e+02 6.8341497803e+02 6.8351202393e+02 6.8360900879e+02 6.8370501709e+02 6.8381500244e+02 6.8390997314e+02 6.8400799561e+02 6.8411798096e+02 6.8421099854e+02 6.8432598877e+02 6.8443597412e+02 6.8454400635e+02 6.8465399170e+02 6.8475897217e+02 6.8487902832e+02 6.8499102783e+02 6.8510699463e+02 6.8522100830e+02 6.8533001709e+02 6.8545202637e+02 6.8558801270e+02 6.8570599365e+02 6.8580798340e+02 6.8592401123e+02 6.8605102539e+02 6.8614697266e+02 6.8624597168e+02 6.8635699463e+02 6.8645800781e+02 6.8655999756e+02 6.8667297363e+02 6.8677001953e+02 6.8687097168e+02 6.8697100830e+02 6.8705603027e+02
6.8238000488e+02 6.8244799805e+02 6.8252001953e+02 6.8260797119e+02 6.8270098877e+02 6.8277001953e+02 6.8284100342e+02 6.8295098877e+02 6.8302801514e+02 6.8310699463e+02 6.8321099854e+02 6.8329199219e+02 6.8338500977e+02 6.8347198486e+02 6.8355700684e+02 6.8367401123e+02 6.8377600098e+02 6.8387298584e+02 6.8396600342e+02 6.8407299805e+02 6.8419500732e+02 6.8430603027e+02 6.8440100098e+02 6.8451800537e+02 6.8461901855e+02 6.8472601318e+02 6.8484600830e+02 6.8495300293e+02 6.8505999756e+02 6.8518499756e+02 6.8530902100e+02 6.8543103027e+02 6.8556799316e+02 6.8568597412e+02 6.8578698730e+02 6.8590997314e+02 6.8601599121e+02 6.8611602783e+02 6.8622601318e+02 6.8634698486e+02 6.8645397949e+02 6.8655999756e+02 6.8664599609e+02 6.8675897217e+02 6.8684600830e+02 6.8692797852e+02
6.8228198242e+02 6.8235198975e+02 6.8241900635e+02 6.8249798584e+02 6.8258001709e+02 6.8264898682e+02 6.8272698975e+02 6.8281896973e+02 6.8290698242e+02 6.8299597168e+02 6.8308599854e+02 6.8316497803e+02 6.8325701904e+02 6.8333697510e+02 6.8341497803e+02 6.8351800537e+02 6.8362298584e+02 6.8371502686e+02 6.8381597900e+02 6.8393701172e+02 6.8404602051e+02 6.8414398193e+02 6.8425000000e+02 6.8438201904e+02 6.8448699951e+02 6.8459197998e+02 6.8470397949e+02 6.8481500244e+02 6.8492498779e+02 6.8505798340e+02 6.8518103027e+02 6.8529302979e+02 6.8541198730e+02 6.8553198242e+02 6.8565301514e+02 6.8577398682e+02 6.8588598633e+02 6.8599401855e+02 6.8611602783e+02 6.8624298096e+02 6.8633898926e+02 6.8643798828e+02 6.8651000977e+02 6.8661798096e+02 6.8669799805e+02 6.8676599121e+02
6.8218402100e+02 6.8225201416e+02 6.8230798340e+02 6.8237902832e+02 6.8244897461e+02 6.8252197266e+02 6.8261798096e+02 6.8269897461e+02 6.8279199219e+02 6.8288098145e+02 6.8295001221e+02 6.8303002930e+02 6.8312597656e+02 6.8321197510e+02 6.8329901123e+02 6.8339501953e+02 6.8349597168e+02 6.8358398438e+02 6.8368200684e+02 6.8380200195e+02 6.8390600586e+02 6.8400299072e+02 6.8411199951e+02 6.8422802734e+02 6.8433801270e+02 6.8445800781e+02 6.8456201172e+02 6.8466302490e+02 6.8477697754e+02 6.8490899658e+02 6.8503698730e+02 6.8516101074e+02 6.8526599121e+02 6.8538397217e+02 6.8551599121e+02 6.8563299561e+02 6.8575799561e+02 6.8587902832e+02 6.8598999023e+02 6.8610601807e+02 6.8619500732e+02 6.8629400635e+02 6.8636199951e+02 6.8644299316e+02 6.8651098633e+02 6.8658398438e+02
6.8207702637e+02 6.8214697266e+02 6.8220800781e+02 6.8227801514e+02 6.8234600830e+02 6.8242401123e+02 6.8252301025e+02 6.8259197998e+02 6.8266998291e+02 6.8275402832e+02 6.8282000732e+02 6.8290899658e+02 6.8301098633e+02 6.8310101318e+02 6.8318798828e+02 6.8327001953e+02 6.8336999512e+02 6.8346099854e+02 6.8355603027e+02 6.8366497803e+02 6.8376800537e+02 6.8387701416e+02 6.8398297119e+02 6.8407098389e+02 6.8418200684e+02 6.8430902100e+02 6.8441302490e+02 6.8452099609e+02 6.8463800049e+02 6.8475897217e+02 6.8487500000e+02 6.8500701904e+02 6.8511602783e+02 6.8523797607e+02 6.8536798096e+02 6.8548901367e+02 6.8562799072e+02 6.8575299072e+02 6.8585400391e+02 6.8596801758e+02 6.8605200195e+02 6.8613897705e+02 6.8619000244e+02 6.8623400879e+02 6.8629901123e+02 6.8638800049e+02
