TESTSERVER/23/9.asc
NCOLS 100
NROWS 100
XLLCORNER 8.6497500000e+03
YLLCORNER 2.8950025000e+05
CELLSIZE 5.0000000000e-01
NODATA_VALUE -9.9990000000e+03
[rows 40 to 59 of 100, columns 46 to 91 of 100]
6.8893597412e+02 6.8904602051e+02 6.8914801025e+02 6.8926702881e+02 6.8937500000e+02 6.8946899414e+02 6.8955297852e+02 6.8965802002e+02 6.8976702881e+02 6.8985302734e+02 6.8995697021e+02 6.9006097412e+02 6.9015899658e+02 6.9023901367e+02 6.9033398438e+02 6.9043597412e+02 6.9052697754e+02 6.9062597656e+02 6.9073901367e+02 6.9085998535e+02 6.9097100830e+02 6.9107800293e+02 6.9118200684e+02 6.9130297852e+02 6.9141802979e+02 6.9153399658e+02 6.9165899658e+02 6.9181402588e+02 6.9195300293e+02 6.9208197021e+02 6.9221301270e+02 6.9234600830e+02 6.9248400879e+02 6.9261602783e+02 6.9275000000e+02 6.9291998291e+02 6.9306097412e+02 6.9316900635e+02 6.9330102539e+02 6.9343200684e+02 6.9358697510e+02 6.9374102783e+02 6.9387200928e+02 6.9398901367e+02 6.9409600830e+02 6.9423199463e+02
6.8882000732e+02 6.8892401123e+02 6.8903302002e+02 6.8914599609e+02 6.8925000000e+02 6.8934802246e+02 6.8943902588e+02 6.8954199219e+02 6.8964398193e+02 6.8972802734e+02 6.8983502197e+02 6.8994097900e+02 6.9002099609e+02 6.9010601807e+02 6.9019201660e+02 6.9031097412e+02 6.9041699219e+02 6.9051000977e+02 6.9060400391e+02 6.9072100830e+02 6.9083398438e+02 6.9093902588e+02 6.9105401611e+02 6.9117797852e+02 6.9128100586e+02 6.9138800049e+02 6.9150799561e+02 6.9165997314e+02 6.9179302979e+02 6.9191198730e+02 6.9204998779e+02 6.9219299316e+02 6.9235601807e+02 6.9248297119e+02 6.9261102295e+02 6.9277301025e+02 6.9290100098e+02 6.9300701904e+02 6.9316101074e+02 6.9330700684e+02 6.9345202637e+02 6.9359497070e+02 6.9372399902e+02 6.9385900879e+02 6.9396697998e+02 6.9409100342e+02
6.8872497559e+02 6.8880798340e+02 6.8891302490e+02 6.8903802490e+02 6.8913500977e+02 6.8922399902e+02 6.8932202148e+02 6.8942199707e+02 6.8952099609e+02 6.8960699463e+02 6.8970898438e+02 6.8980200195e+02 6.8988201904e+02 6.8999200439e+02 6.9008197021e+02 6.9018701172e+02 6.9028802490e+02 6.9037902832e+02 6.9047998047e+02 6.9058398438e+02 6.9069500732e+02 6.9080401611e+02 6.9091802979e+02 6.9102899170e+02 6.9112200928e+02 6.9122802734e+02 6.9135797119e+02 6.9151300049e+02 6.9166101074e+02 6.9177197266e+02 6.9189599609e+02 6.9203698730e+02 6.9220001221e+02 6.9233398438e+02 6.9247601318e+02 6.9261999512e+02 6.9273797607e+02 6.9286102295e+02 6.9302197266e+02 6.9315100098e+02 6.9328302002e+02 6.9342797852e+02 6.9356402588e+02 6.9371099854e+02 6.9381799316e+02 6.9393200684e+02
6.8862902832e+02 6.8870098877e+02 6.8879602051e+02 6.8892700195e+02 6.8902398682e+02 6.8910900879e+02 6.8920898438e+02 6.8930200195e+02 6.8940197754e+02 6.8949298096e+02 6.8958502197e+02 6.8966601563e+02 6.8975000000e+02 6.8987500000e+02 6.8996600342e+02 6.9004901123e+02 6.9013897705e+02 6.9022302246e+02 6.9033898926e+02 6.9044500732e+02 6.9055102539e+02 6.9065997314e+02 6.9077600098e+02 6.9087701416e+02 6.9097998047e+02 6.9109399414e+02 6.9121899414e+02 6.9134899902e+02 6.9149902344e+02 6.9161602783e+02 6.9174200439e+02 6.9188500977e+02 6.9203198242e+02 6.9216497803e+02 6.9232098389e+02 6.9246099854e+02 6.9258599854e+02 6.9272399902e+02 6.9287701416e+02 6.9299200439e+02 6.9312200928e+02 6.9327301025e+02 6.9340698242e+02 6.9355401611e+02 6.9366802979e+02 6.9379101563e+02
6.8852197266e+02 6.8860699463e+02 6.8868798828e+02 6.8881201172e+02 6.8891601563e+02 6.8901501465e+02 6.8911401367e+02 6.8919598389e+02 6.8929699707e+02 6.8939099121e+02 6.8947698975e+02 6.8954901123e+02 6.8963897705e+02 6.8975299072e+02 6.8983599854e+02 6.8990899658e+02 6.8999902344e+02 6.9009100342e+02 6.9020898438e+02 6.9030401611e+02 6.9040698242e+02 6.9051800537e+02 6.9062799072e+02 6.9072998047e+02 6.9084802246e+02 6.9096600342e+02 6.9107800293e+02 6.9119396973e+02 6.9132501221e+02 6.9144201660e+02 6.9158898926e+02 6.9175299072e+02 6.9188897705e+02 6.9202600098e+02 6.9217199707e+02 6.9230902100e+02 6.9245202637e+02 6.9259301758e+02 6.9273901367e+02 6.9287500000e+02 6.9299102783e+02 6.9311901855e+02 6.9325000000e+02 6.9337097168e+02 6.9350201416e+02 6.9365197754e+02
6.8841802979e+02 6.8850598145e+02 6.8859997559e+02 6.8870800781e+02 6.8879998779e+02 6.8890899658e+02 6.8901098633e+02 6.8908697510e+02 6.8917602539e+02 6.8927502441e+02 6.8936700439e+02 6.8943798828e+02 6.8952899170e+02 6.8962402344e+02 6.8970800781e+02 6.8978002930e+02 6.8985797119e+02 6.8995697021e+02 6.9007000732e+02 6.9015002441e+02 6.9025299072e+02 6.9037298584e+02 6.9049102783e+02 6.9059600830e+02 6.9071197510e+02 6.9083197021e+02 6.9094799805e+02 6.9108502197e+02 6.9121197510e+02 6.9131597900e+02 6.9145697021e+02 6.9159899902e+02 6.9172399902e+02 6.9187500000e+02 6.9203002930e+02 6.9217602539e+02 6.9231298828e+02 6.9242901611e+02 6.9255700684e+02 6.9270098877e+02 6.9284399414e+02 6.9298400879e+02 6.9310601807e+02 6.9322900391e+02 6.9336297607e+02 6.9351098633e+02
6.8830999756e+02 6.8840802002e+02 6.8851202393e+02 6.8860797119e+02 6.8868402100e+02 6.8878399658e+02 6.8888098145e+02 6.8896502686e+02 6.8905902100e+02 6.8915502930e+02 6.8924700928e+02 6.8932202148e+02 6.8940002441e+02 6.8948297119e+02 6.8958197021e+02 6.8965997314e+02 6.8973400879e+02 6.8983300781e+02 6.8992999268e+02 6.9001397705e+02 6.9012200928e+02 6.9023901367e+02 6.9035302734e+02 6.9047100830e+02 6.9058801270e+02 6.9070202637e+02 6.9081402588e+02 6.9094097900e+02 6.9107202148e+02 6.9119299316e+02 6.9133197021e+02 6.9146197510e+02 6.9159497070e+02 6.9173797607e+02 6.9187200928e+02 6.9202502441e+02 6.9217102051e+02 6.9229602051e+02 6.9241802979e+02 6.9255499268e+02 6.9270697021e+02 6.9284899902e+02 6.9296099854e+02 6.9310498047e+02 6.9324200439e+02 6.9337402344e+02
6.8822100830e+02 6.8831896973e+02 6.8840698242e+02 6.8849401855e+02 6.8857397461e+02 6.8867797852e+02 6.8876599121e+02 6.8886297607e+02 6.8896099854e+02 6.8903802490e+02 6.8911401367e+02 6.8918701172e+02 6.8926800537e+02 6.8935797119e+02 6.8945898438e+02 6.8954302979e+02 6.8960998535e+02 6.8969500732e+02 6.8978399658e+02 6.8987500000e+02 6.8998602295e+02 6.9009698486e+02 6.9020599365e+02 6.9034100342e+02 6.9046398926e+02 6.9057202148e+02 6.9067901611e+02 6.9078497314e+02 6.9091998291e+02 6.9105902100e+02 6.9119799805e+02 6.9131799316e+02 6.9146301270e+02 6.9160302734e+02 6.9172100830e+02 6.9187298584e+02 6.9202099609e+02 6.9215502930e+02 6.9228900146e+02 6.9242297363e+02 6.9257299805e+02 6.9271301270e+02 6.9281097412e+02 6.9295898438e+02 6.9309802246e+02 6.9321899414e+02
6.8814099121e+02 6.8823199463e+02 6.8829602051e+02 6.8838800049e+02 6.8846099854e+02 6.8855700684e+02 6.8865698242e+02 6.8876800537e+02 6.8886199951e+02 6.8892102051e+02 6.8900402832e+02 6.8907098389e+02 6.8915002441e+02 6.8923602295e+02 6.8931597900e+02 6.8941601563e+02 6.8948797607e+02 6.8956896973e+02 6.8966198730e+02 6.8976098633e+02 6.8986901855e+02 6.8996997070e+02 6.9006799316e+02 6.9019799805e+02 6.9032000732e+02 6.9043597412e+02 6.9055102539e+02 6.9066198730e+02 6.9080297852e+02 6.9092901611e+02 6.9102600098e+02 6.9115301514e+02 6.9129797363e+02 6.9143902588e+02 6.9157299805e+02 6.9173400879e+02 6.9187097168e+02 6.9200000000e+02 6.9214801025e+02 6.9227697754e+02 6.9242901611e+02 6.9256896973e+02 6.9267199707e+02 6.9280700684e+02 6.9292498779e+02 6.9304699707e+02
6.8804602051e+02 6.8812701416e+02 6.8819799805e+02 6.8829797363e+02 6.8836798096e+02 6.8844201660e+02 6.8853002930e+02 6.8864501953e+02 6.8873101807e+02 6.8878399658e+02 6.8886901855e+02 6.8894299316e+02 6.8903002930e+02 6.8911901855e+02 6.8919702148e+02 6.8928302002e+02 6.8936798096e+02 6.8945202637e+02 6.8953198242e+02 6.8962402344e+02 6.8972802734e+02 6.8982897949e+02 6.8992999268e+02 6.9004797363e+02 6.9016998291e+02 6.9029199219e+02 6.9041900635e+02 6.9052697754e+02 6.9066601563e+02 6.9078802490e+02 6.9089599609e+02 6.9102899170e+02 6.9115100098e+02 6.9128100586e+02 6.9142199707e+02 6.9158197021e+02 6.9173602295e+02 6.9185797119e+02 6.9197998047e+02 6.9211199951e+02 6.9226300049e+02 6.9240600586e+02 6.9252502441e+02 6.9267401123e+02 6.9280401611e+02 6.9292999268e+02
6.8795397949e+02 6.8802801514e+02 6.8810302734e+02 6.8820697021e+02 6.8828302002e+02 6.8835601807e+02 6.8842297363e+02 6.8850598145e+02 6.8858502197e+02 6.8865502930e+02 6.8875500488e+02 6.8882098389e+02 6.8890399170e+02 6.8898999023e+02 6.8907397461e+02 6.8916900635e+02 6.8924499512e+02 6.8932000732e+02 6.8940802002e+02 6.8948797607e+02 6.8959100342e+02 6.8970898438e+02 6.8981097412e+02 6.8990997314e+02 6.9002398682e+02 6.9015698242e+02 6.9029199219e+02 6.9039501953e+02 6.9052301025e+02 6.9064300537e+02 6.9076800537e+02 6.9090698242e+02 6.9101098633e+02 6.9113598633e+02 6.9128302002e+02 6.9142199707e+02 6.9158599854e+02 6.9172100830e+02 6.9183197021e+02 6.9196099854e+02 6.9211602783e+02 6.9226202393e+02 6.9238702393e+02 6.9253198242e+02 6.9264898682e+02 6.9278198242e+02
6.8784899902e+02 6.8792102051e+02 6.8800299072e+02 6.8809301758e+02 6.8816400146e+02 6.8824401855e+02 6.8831701660e+02 6.8837701416e+02 6.8845300293e+02 6.8853198242e+02 6.8864001465e+02 6.8870697021e+02 6.8878698730e+02 6.8887097168e+02 6.8895397949e+02 6.8905297852e+02 6.8913000488e+02 6.8920599365e+02 6.8930700684e+02 6.8937597656e+02 6.8947497559e+02 6.8959399414e+02 6.8968597412e+02 6.8979199219e+02 6.8988201904e+02 6.9000402832e+02 6.9014697266e+02 6.9025598145e+02 6.9039001465e+02 6.9050598145e+02 6.9063598633e+02 6.9077600098e+02 6.9088500977e+02 6.9100897217e+02 6.9114801025e+02 6.9126800537e+02 6.9142602539e+02 6.9158502197e+02 6.9171197510e+02 6.9183099365e+02 6.9197601318e+02 6.9212097168e+02 6.9225000000e+02 6.9238702393e+02 6.9250500488e+02 6.9264599609e+02
6.8775000000e+02 6.8781298828e+02 6.8788897705e+02 6.8797399902e+02 6.8805798340e+02 6.8814300537e+02 6.8820800781e+02 6.8827502441e+02 6.8836199951e+02 6.8843499756e+02 6.8851599121e+02 6.8858697510e+02 6.8866998291e+02 6.8875897217e+02 6.8885998535e+02 6.8894097900e+02 6.8901599121e+02 6.8909997559e+02 6.8919598389e+02 6.8926202393e+02 6.8936401367e+02 6.8946899414e+02 6.8955999756e+02 6.8968798828e+02 6.8976898193e+02 6.8987597656e+02 6.9001098633e+02 6.9011102295e+02 6.9025000000e+02 6.9037097168e+02 6.9049200439e+02 6.9060302734e+02 6.9075201416e+02 6.9089398193e+02 6.9100097656e+02 6.9112701416e+02 6.9127600098e+02 6.9143701172e+02 6.9157299805e+02 6.9167797852e+02 6.9181701660e+02 6.9197698975e+02 6.9211199951e+02 6.9221301270e+02 6.9235699463e+02 6.9250598145e+02
6.8762597656e+02 6.8769897461e+02 6.8777398682e+02 6.8785699463e+02 6.8794598389e+02 6.8803399658e+02 6.8810302734e+02 6.8817602539e+02 6.8826397705e+02 6.8832501221e+02 6.8839300537e+02 6.8846997070e+02 6.8855902100e+02 6.8865600586e+02 6.8875598145e+02 6.8882202148e+02 6.8890100098e+02 6.8900000000e+02 6.8907897949e+02 6.8914501953e+02 6.8925402832e+02 6.8934802246e+02 6.8943701172e+02 6.8955902100e+02 6.8965002441e+02 6.8975201416e+02 6.8988000488e+02 6.8998498535e+02 6.9010998535e+02 6.9022802734e+02 6.9034899902e+02 6.9046600342e+02 6.9060699463e+02 6.9075097656e+02 6.9086798096e+02 6.9099499512e+02 6.9112902832e+02 6.9128302002e+02 6.9141601563e+02 6.9153100586e+02 6.9167498779e+02 6.9181896973e+02 6.9193902588e+02 6.9205499268e+02 6.9220202637e+02 6.9234899902e+02
6.8751898193e+02 6.8759997559e+02 6.8767700195e+02 6.8775299072e+02 6.8783697510e+02 6.8791699219e+02 6.8798199463e+02 6.8806896973e+02 6.8816101074e+02 6.8822302246e+02 6.8828900146e+02 6.8835998535e+02 6.8845397949e+02 6.8855401611e+02 6.8864202881e+02 6.8870300293e+02 6.8878497314e+02 6.8889001465e+02 6.8897100830e+02 6.8903997803e+02 6.8914501953e+02 6.8923297119e+02 6.8932598877e+02 6.8942999268e+02 6.8953100586e+02 6.8963598633e+02 6.8974298096e+02 6.8984997559e+02 6.8996801758e+02 6.9009002686e+02 6.9021600342e+02 6.9035400391e+02 6.9047399902e+02 6.9059301758e+02 6.9071697998e+02 6.9084997559e+02 6.9098602295e+02 6.9113500977e+02 6.9126300049e+02 6.9137500000e+02 6.9152697754e+02 6.9167102051e+02 6.9179699707e+02 6.9192102051e+02 6.9205700684e+02 6.9218902588e+02
6.8741900635e+02 6.8750097656e+02 6.8757702637e+02 6.8765301514e+02 6.8773400879e+02 6.8781097412e+02 6.8786700439e+02 6.8795098877e+02 6.8803900146e+02 6.8810900879e+02 6.8819500732e+02 6.8827001953e+02 6.8836798096e+02 6.8846301270e+02 6.8853100586e+02 6.8859899902e+02 6.8868402100e+02 6.8877502441e+02 6.8886297607e+02 6.8895001221e+02 6.8904602051e+02 6.8911798096e+02 6.8921697998e+02 6.8930499268e+02 6.8940997314e+02 6.8951397705e+02 6.8961401367e+02 6.8972497559e+02 6.8984301758e+02 6.8996398926e+02 6.9008502197e+02 6.9020898438e+02 6.9033099365e+02 6.9044702148e+02 6.9056298828e+02 6.9069500732e+02 6.9083697510e+02 6.9099102783e+02 6.9112500000e+02 6.9124902344e+02 6.9139501953e+02 6.9152001953e+02 6.9165100098e+02 6.9178497314e+02 6.9190698242e+02 6.9202301025e+02
6.8730603027e+02 6.8738000488e+02 6.8746997070e+02 6.8753497314e+02 6.8760900879e+02 6.8769500732e+02 6.8778002930e+02 6.8784802246e+02 6.8792401123e+02 6.8799798584e+02 6.8809197998e+02 6.8816302490e+02 6.8826599121e+02 6.8836499023e+02 6.8844500732e+02 6.8851397705e+02 6.8858502197e+02 6.8865698242e+02 6.8874499512e+02 6.8884197998e+02 6.8893402100e+02 6.8901599121e+02 6.8912298584e+02 6.8919897461e+02 6.8930102539e+02 6.8941101074e+02 6.8950500488e+02 6.8961297607e+02 6.8972100830e+02 6.8982598877e+02 6.8994201660e+02 6.9005902100e+02 6.9017797852e+02 6.9030200195e+02 6.9042297363e+02 6.9054302979e+02 6.9067401123e+02 6.9083398438e+02 6.9098297119e+02 6.9111499023e+02 6.9125500488e+02 6.9136901855e+02 6.9149902344e+02 6.9164801025e+02 6.9177197266e+02 6.9188397217e+02
6.8720501709e+02 6.8727899170e+02 6.8735900879e+02 6.8743103027e+02 6.8749200439e+02 6.8756896973e+02 6.8766802979e+02 6.8773797607e+02 6.8781597900e+02 6.8789801025e+02 6.8797497559e+02 6.8804699707e+02 6.8814398193e+02 6.8822601318e+02 6.8830603027e+02 6.8840002441e+02 6.8846997070e+02 6.8854101563e+02 6.8863201904e+02 6.8871099854e+02 6.8880603027e+02 6.8890197754e+02 6.8898999023e+02 6.8908197021e+02 6.8918402100e+02 6.8929602051e+02 6.8938800049e+02 6.8949902344e+02 6.8960998535e+02 6.8970599365e+02 6.8980999756e+02 6.8993402100e+02 6.9004901123e+02 6.9015698242e+02 6.9028302002e+02 6.9040301514e+02 6.9053100586e+02 6.9069799805e+02 6.9082000732e+02 6.9094799805e+02 6.9108697510e+02 6.9122497559e+02 6.9134301758e+02 6.9148199463e+02 6.9165197754e+02 6.9177398682e+02
6.8707800293e+02 6.8715600586e+02 6.8724499512e+02 6.8732598877e+02 6.8738598633e+02 6.8746301270e+02 6.8755902100e+02 6.8762902832e+02 6.8769897461e+02 6.8778198242e+02 6.8786102295e+02 6.8793902588e+02 6.8803302002e+02 6.8811297607e+02 6.8819097900e+02 6.8828002930e+02 6.8835302734e+02 6.8843103027e+02 6.8852697754e+02 6.8860400391e+02 6.8869598389e+02 6.8879302979e+02 6.8888397217e+02 6.8897900391e+02 6.8906402588e+02 6.8916497803e+02 6.8927502441e+02 6.8939300537e+02 6.8950097656e+02 6.8959100342e+02 6.8968200684e+02 6.8981298828e+02 6.8993298340e+02 6.9002801514e+02 6.9013000488e+02 6.9025000000e+02 6.9039599609e+02 6.9054602051e+02 6.9066302490e+02 6.9080102539e+02 6.9093200684e+02 6.9107299805e+02 6.9119299316e+02 6.9132702637e+02 6.9150598145e+02 6.9164599609e+02
6.8695397949e+02 6.8702899170e+02 6.8713397217e+02 6.8721197510e+02 6.8727801514e+02 6.8735998535e+02 6.8744000244e+02 6.8752502441e+02 6.8759802246e+02 6.8767498779e+02 6.8775000000e+02 6.8783197021e+02 6.8792498779e+02 6.8800799561e+02 6.8808697510e+02 6.8817700195e+02 6.8826000977e+02 6.8833801270e+02 6.8841497803e+02 6.8849499512e+02 6.8858300781e+02 6.8868200684e+02 6.8878399658e+02 6.8887597656e+02 6.8895800781e+02 6.8905798340e+02 6.8916802979e+02 6.8927197266e+02 6.8938098145e+02 6.8948602295e+02 6.8958300781e+02 6.8969500732e+02 6.8980798340e+02 6.8990502930e+02 6.9000897217e+02 6.9013201904e+02 6.9026702881e+02 6.9040002441e+02 6.9054302979e+02 6.9067498779e+02 6.9078900146e+02 6.9092797852e+02 6.9105902100e+02 6.9119000244e+02 6.9134600830e+02 6.9149499512e+02
