TESTSERVER/23/9.asc
NCOLS 100
NROWS 100
XLLCORNER 8.6497500000e+03
YLLCORNER 2.8950025000e+05
CELLSIZE 5.0000000000e-01
NODATA_VALUE -9.9990000000e+03
[rows 40 to 59 of 100, columns 0 to 45 of 100]
6.8470001221e+02 6.8476397705e+02 6.8483898926e+02 6.8494097900e+02 6.8502801514e+02 6.8509301758e+02 6.8519000244e+02 6.8528302002e+02 6.8535498047e+02 6.8546697998e+02 6.8556799316e+02 6.8566400146e+02 6.8576501465e+02 6.8584600830e+02 6.8596600342e+02 6.8606298828e+02 6.8613897705e+02 6.8627099609e+02 6.8637402344e+02 6.8644702148e+02 6.8654101563e+02 6.8666101074e+02 6.8676599121e+02 6.8685900879e+02 6.8696099854e+02 6.8705200195e+02 6.8714501953e+02 6.8724102783e+02 6.8733099365e+02 6.8742797852e+02 6.8752099609e+02 6.8759399414e+02 6.8768902588e+02 6.8777001953e+02 6.8783697510e+02 6.8789501953e+02 6.8795697021e+02 6.8806201172e+02 6.8816400146e+02 6.8824798584e+02 6.8833502197e+02 6.8844897461e+02 6.8854199219e+02 6.8863201904e+02 6.8872802734e+02 6.8882299805e+02
6.8459100342e+02 6.8465899658e+02 6.8473498535e+02 6.8482702637e+02 6.8491900635e+02 6.8499401855e+02 6.8508001709e+02 6.8516497803e+02 6.8525000000e+02 6.8536798096e+02 6.8546801758e+02 6.8556097412e+02 6.8566699219e+02 6.8577001953e+02 6.8588000488e+02 6.8596600342e+02 6.8605999756e+02 6.8618298340e+02 6.8627600098e+02 6.8635101318e+02 6.8644702148e+02 6.8656896973e+02 6.8666101074e+02 6.8676300049e+02 6.8688000488e+02 6.8697601318e+02 6.8706896973e+02 6.8715399170e+02 6.8723101807e+02 6.8730999756e+02 6.8740301514e+02 6.8749200439e+02 6.8759600830e+02 6.8765899658e+02 6.8773400879e+02 6.8780499268e+02 6.8787200928e+02 6.8796398926e+02 6.8807598877e+02 6.8816802979e+02 6.8824798584e+02 6.8835400391e+02 6.8843499756e+02 6.8852197266e+02 6.8861102295e+02 6.8870501709e+02
6.8447998047e+02 6.8456597900e+02 6.8463598633e+02 6.8471801758e+02 6.8481201172e+02 6.8489898682e+02 6.8498602295e+02 6.8507397461e+02 6.8515502930e+02 6.8526000977e+02 6.8537097168e+02 6.8547198486e+02 6.8557299805e+02 6.8568298340e+02 6.8578698730e+02 6.8587200928e+02 6.8598797607e+02 6.8609197998e+02 6.8617498779e+02 6.8626397705e+02 6.8637500000e+02 6.8648101807e+02 6.8656201172e+02 6.8667102051e+02 6.8678601074e+02 6.8687902832e+02 6.8696997070e+02 6.8704602051e+02 6.8712799072e+02 6.8720397949e+02 6.8729302979e+02 6.8739697266e+02 6.8751098633e+02 6.8757000732e+02 6.8764001465e+02 6.8770898438e+02 6.8777899170e+02 6.8785900879e+02 6.8795898438e+02 6.8805499268e+02 6.8815197754e+02 6.8825097656e+02 6.8833197021e+02 6.8842700195e+02 6.8851000977e+02 6.8861499023e+02
6.8436798096e+02 6.8446801758e+02 6.8453698730e+02 6.8461297607e+02 6.8470697021e+02 6.8479998779e+02 6.8488598633e+02 6.8497998047e+02 6.8505902100e+02 6.8515600586e+02 6.8527398682e+02 6.8537902832e+02 6.8547698975e+02 6.8558001709e+02 6.8568597412e+02 6.8578198242e+02 6.8590100098e+02 6.8599401855e+02 6.8607598877e+02 6.8617602539e+02 6.8628900146e+02 6.8639001465e+02 6.8647100830e+02 6.8658001709e+02 6.8669097900e+02 6.8678497314e+02 6.8686401367e+02 6.8692901611e+02 6.8702099609e+02 6.8710302734e+02 6.8719396973e+02 6.8729602051e+02 6.8741101074e+02 6.8747998047e+02 6.8753997803e+02 6.8759997559e+02 6.8768103027e+02 6.8776202393e+02 6.8784698486e+02 6.8794097900e+02 6.8804998779e+02 6.8815100098e+02 6.8822998047e+02 6.8832702637e+02 6.8841497803e+02 6.8852099609e+02
6.8424401855e+02 6.8434899902e+02 6.8442901611e+02 6.8451300049e+02 6.8461102295e+02 6.8470397949e+02 6.8478997803e+02 6.8489099121e+02 6.8498602295e+02 6.8506701660e+02 6.8517199707e+02 6.8527502441e+02 6.8536901855e+02 6.8546801758e+02 6.8558001709e+02 6.8568798828e+02 6.8578601074e+02 6.8588897705e+02 6.8598999023e+02 6.8609197998e+02 6.8618902588e+02 6.8628900146e+02 6.8638800049e+02 6.8649102783e+02 6.8658898926e+02 6.8669097900e+02 6.8675799561e+02 6.8682202148e+02 6.8691198730e+02 6.8700201416e+02 6.8710400391e+02 6.8720098877e+02 6.8729699707e+02 6.8737402344e+02 6.8742602539e+02 6.8748602295e+02 6.8757800293e+02 6.8766400146e+02 6.8774200439e+02 6.8783502197e+02 6.8794598389e+02 6.8803900146e+02 6.8813000488e+02 6.8823101807e+02 6.8832098389e+02 6.8840802002e+02
6.8412902832e+02 6.8422900391e+02 6.8430700684e+02 6.8440100098e+02 6.8451098633e+02 6.8459899902e+02 6.8468701172e+02 6.8478601074e+02 6.8488299561e+02 6.8497100830e+02 6.8509301758e+02 6.8520001221e+02 6.8528497314e+02 6.8537701416e+02 6.8548901367e+02 6.8559600830e+02 6.8569799805e+02 6.8580401611e+02 6.8589801025e+02 6.8599700928e+02 6.8608300781e+02 6.8620098877e+02 6.8631701660e+02 6.8641198730e+02 6.8648999023e+02 6.8658697510e+02 6.8665802002e+02 6.8672698975e+02 6.8680999756e+02 6.8690002441e+02 6.8700500488e+02 6.8708599854e+02 6.8717498779e+02 6.8726000977e+02 6.8732202148e+02 6.8739202881e+02 6.8748602295e+02 6.8758001709e+02 6.8765899658e+02 6.8773797607e+02 6.8783398438e+02 6.8793701172e+02 6.8803997803e+02 6.8813598633e+02 6.8822698975e+02 6.8832000732e+02
6.8402099609e+02 6.8411901855e+02 6.8420898438e+02 6.8430700684e+02 6.8440997314e+02 6.8450201416e+02 6.8459600830e+02 6.8469299316e+02 6.8478302002e+02 6.8487298584e+02 6.8499798584e+02 6.8511401367e+02 6.8520098877e+02 6.8528497314e+02 6.8539501953e+02 6.8550201416e+02 6.8560900879e+02 6.8571801758e+02 6.8581201172e+02 6.8590698242e+02 6.8598999023e+02 6.8611602783e+02 6.8623101807e+02 6.8632098389e+02 6.8639599609e+02 6.8648400879e+02 6.8655102539e+02 6.8662402344e+02 6.8672302246e+02 6.8682098389e+02 6.8691900635e+02 6.8699597168e+02 6.8707098389e+02 6.8714697266e+02 6.8722399902e+02 6.8730798340e+02 6.8739898682e+02 6.8748901367e+02 6.8758099365e+02 6.8765600586e+02 6.8773901367e+02 6.8783300781e+02 6.8793103027e+02 6.8803198242e+02 6.8812701416e+02 6.8821398926e+02
6.8391497803e+02 6.8401098633e+02 6.8410797119e+02 6.8420800781e+02 6.8430902100e+02 6.8440600586e+02 6.8450097656e+02 6.8459899902e+02 6.8469097900e+02 6.8478698730e+02 6.8489697266e+02 6.8500799561e+02 6.8509802246e+02 6.8519201660e+02 6.8530499268e+02 6.8541302490e+02 6.8551599121e+02 6.8562902832e+02 6.8572900391e+02 6.8582202148e+02 6.8590399170e+02 6.8603198242e+02 6.8614501953e+02 6.8622900391e+02 6.8629699707e+02 6.8637097168e+02 6.8643499756e+02 6.8652001953e+02 6.8664501953e+02 6.8673602295e+02 6.8682800293e+02 6.8690802002e+02 6.8697698975e+02 6.8704498291e+02 6.8713201904e+02 6.8722497559e+02 6.8731097412e+02 6.8740002441e+02 6.8750000000e+02 6.8757501221e+02 6.8766302490e+02 6.8774200439e+02 6.8782702637e+02 6.8792797852e+02 6.8802001953e+02 6.8811297607e+02
6.8380902100e+02 6.8389801025e+02 6.8398498535e+02 6.8408898926e+02 6.8421099854e+02 6.8430401611e+02 6.8440698242e+02 6.8450000000e+02 6.8458599854e+02 6.8469299316e+02 6.8479998779e+02 6.8489300537e+02 6.8499902344e+02 6.8510601807e+02 6.8521600342e+02 6.8531896973e+02 6.8541998291e+02 6.8554498291e+02 6.8565197754e+02 6.8574499512e+02 6.8583398438e+02 6.8595300293e+02 6.8605798340e+02 6.8612799072e+02 6.8619097900e+02 6.8626501465e+02 6.8633099365e+02 6.8643103027e+02 6.8655902100e+02 6.8665197754e+02 6.8673797607e+02 6.8681402588e+02 6.8688897705e+02 6.8695800781e+02 6.8704602051e+02 6.8712799072e+02 6.8720697021e+02 6.8731896973e+02 6.8741699219e+02 6.8749102783e+02 6.8757598877e+02 6.8765802002e+02 6.8774102783e+02 6.8782702637e+02 6.8790197754e+02 6.8801702881e+02
6.8370202637e+02 6.8379998779e+02 6.8388598633e+02 6.8397802734e+02 6.8409698486e+02 6.8419097900e+02 6.8429302979e+02 6.8439398193e+02 6.8448602295e+02 6.8459100342e+02 6.8470098877e+02 6.8478100586e+02 6.8488897705e+02 6.8499798584e+02 6.8511199951e+02 6.8522497559e+02 6.8533099365e+02 6.8544299316e+02 6.8555102539e+02 6.8566101074e+02 6.8576098633e+02 6.8586901855e+02 6.8596502686e+02 6.8602301025e+02 6.8608599854e+02 6.8614801025e+02 6.8622399902e+02 6.8634698486e+02 6.8646398926e+02 6.8656500244e+02 6.8665301514e+02 6.8672601318e+02 6.8680297852e+02 6.8687799072e+02 6.8696099854e+02 6.8703900146e+02 6.8713201904e+02 6.8722802734e+02 6.8730902100e+02 6.8739202881e+02 6.8748498535e+02 6.8756799316e+02 6.8766802979e+02 6.8776202393e+02 6.8783599854e+02 6.8792797852e+02
6.8359899902e+02 6.8369299316e+02 6.8378002930e+02 6.8386297607e+02 6.8397198486e+02 6.8408398438e+02 6.8418798828e+02 6.8427899170e+02 6.8436700439e+02 6.8446899414e+02 6.8457800293e+02 6.8466497803e+02 6.8478198242e+02 6.8488201904e+02 6.8500097656e+02 6.8512298584e+02 6.8523699951e+02 6.8534997559e+02 6.8545898438e+02 6.8557702637e+02 6.8567999268e+02 6.8578100586e+02 6.8586199951e+02 6.8590997314e+02 6.8598199463e+02 6.8605297852e+02 6.8615002441e+02 6.8627697754e+02 6.8636999512e+02 6.8647497559e+02 6.8656799316e+02 6.8664001465e+02 6.8671997070e+02 6.8680798340e+02 6.8688201904e+02 6.8695898438e+02 6.8706201172e+02 6.8714099121e+02 6.8721099854e+02 6.8729797363e+02 6.8739099121e+02 6.8747802734e+02 6.8759002686e+02 6.8768597412e+02 6.8775598145e+02 6.8784399414e+02
6.8349700928e+02 6.8358599854e+02 6.8367797852e+02 6.8375897217e+02 6.8385498047e+02 6.8396502686e+02 6.8406896973e+02 6.8416699219e+02 6.8426898193e+02 6.8435900879e+02 6.8445599365e+02 6.8455798340e+02 6.8467901611e+02 6.8477697754e+02 6.8489300537e+02 6.8500897217e+02 6.8512298584e+02 6.8524902344e+02 6.8537298584e+02 6.8549401855e+02 6.8559100342e+02 6.8568798828e+02 6.8575299072e+02 6.8579199219e+02 6.8586700439e+02 6.8596099854e+02 6.8607897949e+02 6.8619598389e+02 6.8628302002e+02 6.8639202881e+02 6.8648101807e+02 6.8655200195e+02 6.8664001465e+02 6.8672998047e+02 6.8679602051e+02 6.8687500000e+02 6.8698199463e+02 6.8705700684e+02 6.8712597656e+02 6.8721002197e+02 6.8729302979e+02 6.8738800049e+02 6.8748699951e+02 6.8757000732e+02 6.8765502930e+02 6.8775201416e+02
6.8338598633e+02 6.8347497559e+02 6.8357000732e+02 6.8365600586e+02 6.8375598145e+02 6.8385400391e+02 6.8396197510e+02 6.8407098389e+02 6.8417102051e+02 6.8424597168e+02 6.8434399414e+02 6.8446301270e+02 6.8456500244e+02 6.8466998291e+02 6.8478100586e+02 6.8489099121e+02 6.8500299072e+02 6.8515002441e+02 6.8528997803e+02 6.8540600586e+02 6.8549102783e+02 6.8557397461e+02 6.8563000488e+02 6.8567199707e+02 6.8573699951e+02 6.8587298584e+02 6.8599597168e+02 6.8609997559e+02 6.8620501709e+02 6.8630700684e+02 6.8638397217e+02 6.8645300293e+02 6.8655401611e+02 6.8663500977e+02 6.8670501709e+02 6.8679998779e+02 6.8689398193e+02 6.8696398926e+02 6.8703802490e+02 6.8711602783e+02 6.8720697021e+02 6.8730798340e+02 6.8738500977e+02 6.8745697021e+02 6.8755297852e+02 6.8766101074e+02
6.8328100586e+02 6.8337799072e+02 6.8347100830e+02 6.8356201172e+02 6.8367297363e+02 6.8376501465e+02 6.8386102295e+02 6.8396997070e+02 6.8406402588e+02 6.8413897705e+02 6.8424102783e+02 6.8435400391e+02 6.8445397949e+02 6.8454199219e+02 6.8465399170e+02 6.8477398682e+02 6.8490502930e+02 6.8505200195e+02 6.8517901611e+02 6.8528802490e+02 6.8537597656e+02 6.8544097900e+02 6.8549102783e+02 6.8555603027e+02 6.8564501953e+02 6.8577801514e+02 6.8589599609e+02 6.8600500488e+02 6.8612097168e+02 6.8620800781e+02 6.8628698730e+02 6.8636401367e+02 6.8646301270e+02 6.8654199219e+02 6.8662298584e+02 6.8671899414e+02 6.8680102539e+02 6.8688098145e+02 6.8696099854e+02 6.8703497314e+02 6.8712097168e+02 6.8721600342e+02 6.8729498291e+02 6.8737701416e+02 6.8745001221e+02 6.8752801514e+02
6.8319000244e+02 6.8328601074e+02 6.8337298584e+02 6.8346398926e+02 6.8356500244e+02 6.8365600586e+02 6.8375000000e+02 6.8386199951e+02 6.8395599365e+02 6.8403497314e+02 6.8413098145e+02 6.8423199463e+02 6.8433801270e+02 6.8443499756e+02 6.8453698730e+02 6.8465698242e+02 6.8479901123e+02 6.8494299316e+02 6.8505902100e+02 6.8516198730e+02 6.8524597168e+02 6.8530700684e+02 6.8536499023e+02 6.8545599365e+02 6.8557299805e+02 6.8569299316e+02 6.8579901123e+02 6.8590997314e+02 6.8601599121e+02 6.8608502197e+02 6.8617700195e+02 6.8627301025e+02 6.8637402344e+02 6.8644500732e+02 6.8652398682e+02 6.8660601807e+02 6.8669000244e+02 6.8678802490e+02 6.8687097168e+02 6.8694799805e+02 6.8704602051e+02 6.8712799072e+02 6.8719799805e+02 6.8727899170e+02 6.8734497070e+02 6.8741802979e+02
6.8308801270e+02 6.8318298340e+02 6.8326397705e+02 6.8335601807e+02 6.8345202637e+02 6.8354498291e+02 6.8364697266e+02 6.8374902344e+02 6.8383197021e+02 6.8391699219e+02 6.8401098633e+02 6.8410498047e+02 6.8421002197e+02 6.8433001709e+02 6.8443200684e+02 6.8454498291e+02 6.8469396973e+02 6.8483099365e+02 6.8494299316e+02 6.8503900146e+02 6.8510900879e+02 6.8516998291e+02 6.8524597168e+02 6.8536102295e+02 6.8549200439e+02 6.8559600830e+02 6.8568902588e+02 6.8579602051e+02 6.8589898682e+02 6.8596600342e+02 6.8606500244e+02 6.8616699219e+02 6.8625701904e+02 6.8634197998e+02 6.8643200684e+02 6.8650500488e+02 6.8659399414e+02 6.8669097900e+02 6.8677099609e+02 6.8685101318e+02 6.8696002197e+02 6.8702502441e+02 6.8708197021e+02 6.8716900635e+02 6.8723699951e+02 6.8731701660e+02
6.8299798584e+02 6.8308599854e+02 6.8316601563e+02 6.8326098633e+02 6.8335400391e+02 6.8343902588e+02 6.8353802490e+02 6.8362402344e+02 6.8371697998e+02 6.8380102539e+02 6.8389099121e+02 6.8399298096e+02 6.8409698486e+02 6.8422497559e+02 6.8433197021e+02 6.8443701172e+02 6.8457897949e+02 6.8470001221e+02 6.8481597900e+02 6.8491302490e+02 6.8497399902e+02 6.8505401611e+02 6.8514697266e+02 6.8527197266e+02 6.8539801025e+02 6.8550000000e+02 6.8559802246e+02 6.8569702148e+02 6.8578802490e+02 6.8585498047e+02 6.8596197510e+02 6.8606701660e+02 6.8613299561e+02 6.8623699951e+02 6.8634197998e+02 6.8642102051e+02 6.8651202393e+02 6.8659997559e+02 6.8667901611e+02 6.8675897217e+02 6.8685998535e+02 6.8691900635e+02 6.8698199463e+02 6.8707000732e+02 6.8713800049e+02 6.8722198486e+02
6.8289001465e+02 6.8298901367e+02 6.8307598877e+02 6.8315899658e+02 6.8324200439e+02 6.8332598877e+02 6.8342199707e+02 6.8350897217e+02 6.8360699463e+02 6.8368701172e+02 6.8377899170e+02 6.8388702393e+02 6.8399102783e+02 6.8410797119e+02 6.8422302246e+02 6.8434100342e+02 6.8447601318e+02 6.8458697510e+02 6.8468597412e+02 6.8477600098e+02 6.8484600830e+02 6.8495300293e+02 6.8506402588e+02 6.8517901611e+02 6.8528002930e+02 6.8539398193e+02 6.8550201416e+02 6.8558801270e+02 6.8566998291e+02 6.8576800537e+02 6.8586499023e+02 6.8594702148e+02 6.8603002930e+02 6.8612902832e+02 6.8622198486e+02 6.8630401611e+02 6.8639697266e+02 6.8648699951e+02 6.8659002686e+02 6.8667199707e+02 6.8674902344e+02 6.8681597900e+02 6.8689202881e+02 6.8695800781e+02 6.8700500488e+02 6.8710797119e+02
6.8279797363e+02 6.8290399170e+02 6.8298602295e+02 6.8306500244e+02 6.8315100098e+02 6.8323999023e+02 6.8332202148e+02 6.8339599609e+02 6.8348602295e+02 6.8357598877e+02 6.8367602539e+02 6.8378399658e+02 6.8388702393e+02 6.8400201416e+02 6.8413000488e+02 6.8424902344e+02 6.8436297607e+02 6.8446697998e+02 6.8456402588e+02 6.8465301514e+02 6.8472900391e+02 6.8484100342e+02 6.8496301270e+02 6.8507702637e+02 6.8516802979e+02 6.8528802490e+02 6.8539300537e+02 6.8547198486e+02 6.8555297852e+02 6.8566400146e+02 6.8575701904e+02 6.8582800293e+02 6.8592700195e+02 6.8601397705e+02 6.8609100342e+02 6.8618200684e+02 6.8628601074e+02 6.8637902832e+02 6.8649200439e+02 6.8657098389e+02 6.8664099121e+02 6.8671398926e+02 6.8677301025e+02 6.8683398438e+02 6.8690301514e+02 6.8699298096e+02
6.8270898438e+02 6.8281097412e+02 6.8288702393e+02 6.8296502686e+02 6.8306201172e+02 6.8314898682e+02 6.8321801758e+02 6.8328900146e+02 6.8337902832e+02 6.8347900391e+02 6.8357800293e+02 6.8367999268e+02 6.8378997803e+02 6.8390698242e+02 6.8403399658e+02 6.8414898682e+02 6.8425201416e+02 6.8435601807e+02 6.8445098877e+02 6.8453601074e+02 6.8461700439e+02 6.8473699951e+02 6.8486199951e+02 6.8497198486e+02 6.8505902100e+02 6.8516900635e+02 6.8526202393e+02 6.8534100342e+02 6.8544097900e+02 6.8554602051e+02 6.8564001465e+02 6.8571899414e+02 6.8582598877e+02 6.8591400146e+02 6.8599102783e+02 6.8608099365e+02 6.8617797852e+02 6.8626702881e+02 6.8636901855e+02 6.8644500732e+02 6.8653198242e+02 6.8661602783e+02 6.8666802979e+02 6.8673101807e+02 6.8681201172e+02 6.8688897705e+02
