TESTSERVER/10/0.asc
NCOLS 100
NROWS 100
XLLCORNER 7.9997500000e+03
YLLCORNER 2.8995025000e+05
CELLSIZE 5.0000000000e-01
NODATA_VALUE -9.9990000000e+03
[rows 20 to 39 of 100, columns 0 to 45 of 100]
6.5684997559e+02 6.5684497070e+02 6.5688000488e+02 6.5693902588e+02 6.5697198486e+02 6.5696099854e+02 6.5692297363e+02 6.5694702148e+02 6.5703002930e+02 6.5699798584e+02 6.5679699707e+02 6.5654699707e+02 6.5611901855e+02 6.5566101074e+02 6.5537200928e+02 6.5522698975e+02 6.5509997559e+02 6.5502197266e+02 6.5501501465e+02 6.5501898193e+02 6.5502899170e+02 6.5497302246e+02 6.5479901123e+02 6.5447497559e+02 6.5405700684e+02 6.5367901611e+02 6.5339300537e+02 6.5306298828e+02 6.5270501709e+02 6.5234698486e+02 6.5201702881e+02 6.5174798584e+02 6.5144799805e+02 6.5116302490e+02 6.5081896973e+02 6.5039202881e+02 6.4988500977e+02 6.4942199707e+02 6.4902899170e+02 6.4867700195e+02 6.4834197998e+02 6.4786999512e+02 6.4734197998e+02 6.4693597412e+02 6.4656298828e+02 6.4623297119e+02
6.5675701904e+02 6.5679199219e+02 6.5688702393e+02 6.5696997070e+02 6.5699499512e+02 6.5696801758e+02 6.5691497803e+02 6.5691101074e+02 6.5686102295e+02 6.5669299316e+02 6.5640698242e+02 6.5611401367e+02 6.5575299072e+02 6.5546801758e+02 6.5532397461e+02 6.5522100830e+02 6.5515301514e+02 6.5512902832e+02 6.5513098145e+02 6.5513397217e+02 6.5509399414e+02 6.5495599365e+02 6.5475000000e+02 6.5442797852e+02 6.5399597168e+02 6.5358697510e+02 6.5324902344e+02 6.5284301758e+02 6.5241400146e+02 6.5207397461e+02 6.5184399414e+02 6.5162799072e+02 6.5137200928e+02 6.5107098389e+02 6.5063500977e+02 6.5017700195e+02 6.4972100830e+02 6.4931402588e+02 6.4893402100e+02 6.4860101318e+02 6.4822900391e+02 6.4776000977e+02 6.4730102539e+02 6.4693298340e+02 6.4657897949e+02 6.4627197266e+02
6.5670001221e+02 6.5678399658e+02 6.5690002441e+02 6.5696899414e+02 6.5695898438e+02 6.5687500000e+02 6.5679101563e+02 6.5670697021e+02 6.5650701904e+02 6.5625799561e+02 6.5602301025e+02 6.5578601074e+02 6.5555700684e+02 6.5541802979e+02 6.5533599854e+02 6.5526800537e+02 6.5526098633e+02 6.5527398682e+02 6.5528198242e+02 6.5526702881e+02 6.5515600586e+02 6.5493103027e+02 6.5468402100e+02 6.5434197998e+02 6.5388702393e+02 6.5345001221e+02 6.5307800293e+02 6.5264202881e+02 6.5220300293e+02 6.5189697266e+02 6.5172802734e+02 6.5152001953e+02 6.5125799561e+02 6.5091198730e+02 6.5045697021e+02 6.5003100586e+02 6.4960601807e+02 6.4921697998e+02 6.4884301758e+02 6.4846697998e+02 6.4801800537e+02 6.4760797119e+02 6.4730297852e+02 6.4696398926e+02 6.4662097168e+02 6.4632299805e+02
6.5664099121e+02 6.5672100830e+02 6.5679699707e+02 6.5683599854e+02 6.5677801514e+02 6.5663299561e+02 6.5647698975e+02 6.5631500244e+02 6.5609002686e+02 6.5588897705e+02 6.5576800537e+02 6.5564300537e+02 6.5553601074e+02 6.5547802734e+02 6.5540802002e+02 6.5536401367e+02 6.5537902832e+02 6.5539801025e+02 6.5539801025e+02 6.5534301758e+02 6.5514001465e+02 6.5482702637e+02 6.5455603027e+02 6.5421398926e+02 6.5376702881e+02 6.5333697510e+02 6.5295898438e+02 6.5255102539e+02 6.5213098145e+02 6.5182397461e+02 6.5162597656e+02 6.5135198975e+02 6.5108099365e+02 6.5072100830e+02 6.5029699707e+02 6.4988800049e+02 6.4949298096e+02 6.4912597656e+02 6.4876397705e+02 6.4834698486e+02 6.4787902832e+02 6.4755603027e+02 6.4732501221e+02 6.4697802734e+02 6.4664300537e+02 6.4634899902e+02
6.5656701660e+02 6.5657000732e+02 6.5656597900e+02 6.5655603027e+02 6.5645697021e+02 6.5629101563e+02 6.5610302734e+02 6.5598498535e+02 6.5588098145e+02 6.5578802490e+02 6.5569097900e+02 6.5561700439e+02 6.5557897949e+02 6.5555401611e+02 6.5550299072e+02 6.5550000000e+02 6.5553497314e+02 6.5553497314e+02 6.5546197510e+02 6.5530700684e+02 6.5506500244e+02 6.5472802734e+02 6.5442102051e+02 6.5407000732e+02 6.5366998291e+02 6.5329302979e+02 6.5293701172e+02 6.5248901367e+02 6.5209600830e+02 6.5179400635e+02 6.5146197510e+02 6.5116998291e+02 6.5091198730e+02 6.5056701660e+02 6.5015899658e+02 6.4969897461e+02 6.4933697510e+02 6.4901702881e+02 6.4867199707e+02 6.4826202393e+02 6.4785699463e+02 6.4755200195e+02 6.4722802734e+02 6.4690997314e+02 6.4659899902e+02 6.4632501221e+02
6.5643701172e+02 6.5640197754e+02 6.5636602783e+02 6.5630999756e+02 6.5622601318e+02 6.5611199951e+02 6.5600299072e+02 6.5592199707e+02 6.5583398438e+02 6.5576501465e+02 6.5570098877e+02 6.5564202881e+02 6.5564099121e+02 6.5566400146e+02 6.5566802979e+02 6.5568402100e+02 6.5567797852e+02 6.5560498047e+02 6.5549401855e+02 6.5529699707e+02 6.5500500488e+02 6.5466400146e+02 6.5434600830e+02 6.5396801758e+02 6.5357397461e+02 6.5321197510e+02 6.5287298584e+02 6.5245098877e+02 6.5206500244e+02 6.5174499512e+02 6.5137597656e+02 6.5106597900e+02 6.5087597656e+02 6.5056402588e+02 6.5003601074e+02 6.4954797363e+02 6.4921997070e+02 6.4891198730e+02 6.4857202148e+02 6.4818298340e+02 6.4783001709e+02 6.4748901367e+02 6.4713098145e+02 6.4681597900e+02 6.4652301025e+02 6.4625402832e+02
6.5633898926e+02 6.5627600098e+02 6.5621197510e+02 6.5618200684e+02 6.5614501953e+02 6.5606799316e+02 6.5597802734e+02 6.5592297363e+02 6.5585198975e+02 6.5579498291e+02 6.5576300049e+02 6.5572698975e+02 6.5575097656e+02 6.5580102539e+02 6.5583300781e+02 6.5579302979e+02 6.5571899414e+02 6.5560198975e+02 6.5542602539e+02 6.5521502686e+02 6.5494097900e+02 6.5461700439e+02 6.5428198242e+02 6.5387097168e+02 6.5346899414e+02 6.5309802246e+02 6.5273797607e+02 6.5235797119e+02 6.5199499512e+02 6.5165502930e+02 6.5125598145e+02 6.5094598389e+02 6.5079998779e+02 6.5049798584e+02 6.4989300537e+02 6.4948199463e+02 6.4916802979e+02 6.4883099365e+02 6.4847399902e+02 6.4811999512e+02 6.4781298828e+02 6.4747100830e+02 6.4706896973e+02 6.4673400879e+02 6.4641198730e+02 6.4611297607e+02
6.5626397705e+02 6.5620800781e+02 6.5615802002e+02 6.5616302490e+02 6.5615600586e+02 6.5608898926e+02 6.5600897217e+02 6.5597198486e+02 6.5592999268e+02 6.5589300537e+02 6.5585797119e+02 6.5583801270e+02 6.5586700439e+02 6.5590802002e+02 6.5592700195e+02 6.5583197021e+02 6.5571398926e+02 6.5553802490e+02 6.5526098633e+02 6.5502099609e+02 6.5477099609e+02 6.5447900391e+02 6.5415002441e+02 6.5372802734e+02 6.5333099365e+02 6.5295800781e+02 6.5257202148e+02 6.5221997070e+02 6.5186901855e+02 6.5149298096e+02 6.5106097412e+02 6.5072601318e+02 6.5057202148e+02 6.5030798340e+02 6.4981799316e+02 6.4955499268e+02 6.4920697021e+02 6.4881201172e+02 6.4844500732e+02 6.4810900879e+02 6.4781896973e+02 6.4746899414e+02 6.4703198242e+02 6.4664697266e+02 6.4627398682e+02 6.4592498779e+02
6.5628802490e+02 6.5628802490e+02 6.5630102539e+02 6.5627502441e+02 6.5625299072e+02 6.5619097900e+02 6.5613598633e+02 6.5607501221e+02 6.5604998779e+02 6.5605200195e+02 6.5605297852e+02 6.5603002930e+02 6.5603601074e+02 6.5603100586e+02 6.5600500488e+02 6.5584002686e+02 6.5567498779e+02 6.5544000244e+02 6.5516900635e+02 6.5488800049e+02 6.5459301758e+02 6.5428497314e+02 6.5392401123e+02 6.5354101563e+02 6.5317401123e+02 6.5282098389e+02 6.5245098877e+02 6.5209698486e+02 6.5172399902e+02 6.5131298828e+02 6.5088500977e+02 6.5051098633e+02 6.5029101563e+02 6.5008398438e+02 6.4980102539e+02 6.4958099365e+02 6.4924298096e+02 6.4884997559e+02 6.4850701904e+02 6.4815197754e+02 6.4781597900e+02 6.4743798828e+02 6.4700402832e+02 6.4654498291e+02 6.4611700439e+02 6.4572302246e+02
6.5639398193e+02 6.5644799805e+02 6.5646301270e+02 6.5644598389e+02 6.5642797852e+02 6.5642297363e+02 6.5633099365e+02 6.5623901367e+02 6.5625299072e+02 6.5634100342e+02 6.5635498047e+02 6.5627001953e+02 6.5618402100e+02 6.5611297607e+02 6.5599298096e+02 6.5580499268e+02 6.5563201904e+02 6.5540997314e+02 6.5515197754e+02 6.5489697266e+02 6.5460198975e+02 6.5425097656e+02 6.5385302734e+02 6.5346997070e+02 6.5310302734e+02 6.5272998047e+02 6.5233898926e+02 6.5195697021e+02 6.5157897949e+02 6.5117498779e+02 6.5075500488e+02 6.5040301514e+02 6.5016497803e+02 6.4997100830e+02 6.4973400879e+02 6.4946197510e+02 6.4915600586e+02 6.4882397461e+02 6.4846997070e+02 6.4810400391e+02 6.4773297119e+02 6.4732598877e+02 6.4686297607e+02 6.4637902832e+02 6.4593701172e+02 6.4555700684e+02
6.5635198975e+02 6.5639801025e+02 6.5642602539e+02 6.5644500732e+02 6.5643902588e+02 6.5647998047e+02 6.5644598389e+02 6.5639501953e+02 6.5642199707e+02 6.5648699951e+02 6.5643499756e+02 6.5629199219e+02 6.5614599609e+02 6.5602502441e+02 6.5587597656e+02 6.5568798828e+02 6.5552899170e+02 6.5533502197e+02 6.5510699463e+02 6.5490197754e+02 6.5463000488e+02 6.5426898193e+02 6.5386401367e+02 6.5350598145e+02 6.5312402344e+02 6.5270898438e+02 6.5228497314e+02 6.5188897705e+02 6.5151397705e+02 6.5111700439e+02 6.5070599365e+02 6.5036999512e+02 6.5012597656e+02 6.4992602539e+02 6.4969097900e+02 6.4938201904e+02 6.4907702637e+02 6.4876300049e+02 6.4840002441e+02 6.4803302002e+02 6.4765197754e+02 6.4722100830e+02 6.4672998047e+02 6.4622998047e+02 6.4579199219e+02 6.4543499756e+02
6.5628399658e+02 6.5628997803e+02 6.5629101563e+02 6.5630603027e+02 6.5629998779e+02 6.5634100342e+02 6.5640802002e+02 6.5641900635e+02 6.5640899658e+02 6.5639001465e+02 6.5628997803e+02 6.5614300537e+02 6.5599798584e+02 6.5585699463e+02 6.5570800781e+02 6.5552600098e+02 6.5535998535e+02 6.5518298340e+02 6.5499597168e+02 6.5483599854e+02 6.5459301758e+02 6.5424499512e+02 6.5387701416e+02 6.5356701660e+02 6.5318103027e+02 6.5273101807e+02 6.5227398682e+02 6.5188500977e+02 6.5152899170e+02 6.5114501953e+02 6.5071697998e+02 6.5038000488e+02 6.5011401367e+02 6.4988800049e+02 6.4964300537e+02 6.4932397461e+02 6.4900897217e+02 6.4868597412e+02 6.4830700684e+02 6.4795098877e+02 6.4756896973e+02 6.4713201904e+02 6.4663098145e+02 6.4612298584e+02 6.4569396973e+02 6.4535601807e+02
6.5626300049e+02 6.5626397705e+02 6.5628100586e+02 6.5625799561e+02 6.5621398926e+02 6.5620898438e+02 6.5625701904e+02 6.5629302979e+02 6.5625097656e+02 6.5619799805e+02 6.5615197754e+02 6.5599499512e+02 6.5586999512e+02 6.5574499512e+02 6.5560900879e+02 6.5540802002e+02 6.5519897461e+02 6.5500799561e+02 6.5485601807e+02 6.5471502686e+02 6.5449597168e+02 6.5416802979e+02 6.5385699463e+02 6.5358398438e+02 6.5320501709e+02 6.5275097656e+02 6.5226800537e+02 6.5187902832e+02 6.5155499268e+02 6.5118902588e+02 6.5073297119e+02 6.5036602783e+02 6.5007800293e+02 6.4982800293e+02 6.4957000732e+02 6.4926898193e+02 6.4895599365e+02 6.4862200928e+02 6.4825097656e+02 6.4787200928e+02 6.4749597168e+02 6.4707299805e+02 6.4656500244e+02 6.4605798340e+02 6.4565100098e+02 6.4532897949e+02
6.5618798828e+02 6.5616198730e+02 6.5620898438e+02 6.5622198486e+02 6.5619396973e+02 6.5618798828e+02 6.5618798828e+02 6.5615100098e+02 6.5609197998e+02 6.5606201172e+02 6.5610302734e+02 6.5599200439e+02 6.5581201172e+02 6.5564001465e+02 6.5551898193e+02 6.5533300781e+02 6.5508898926e+02 6.5490997314e+02 6.5478002930e+02 6.5461798096e+02 6.5442102051e+02 6.5414099121e+02 6.5383398438e+02 6.5347497559e+02 6.5307702637e+02 6.5267999268e+02 6.5223498535e+02 6.5183197021e+02 6.5150799561e+02 6.5116302490e+02 6.5074298096e+02 6.5036401367e+02 6.5004400635e+02 6.4974499512e+02 6.4946301270e+02 6.4919299316e+02 6.4888702393e+02 6.4854998779e+02 6.4816601563e+02 6.4778198242e+02 6.4740698242e+02 6.4698498535e+02 6.4647399902e+02 6.4596997070e+02 6.4558502197e+02 6.4528802490e+02
6.5607702637e+02 6.5605999756e+02 6.5608801270e+02 6.5606402588e+02 6.5607800293e+02 6.5611102295e+02 6.5611499023e+02 6.5607800293e+02 6.5601202393e+02 6.5595800781e+02 6.5598999023e+02 6.5593200684e+02 6.5575500488e+02 6.5558099365e+02 6.5545800781e+02 6.5524700928e+02 6.5500701904e+02 6.5484899902e+02 6.5470098877e+02 6.5455102539e+02 6.5437097168e+02 6.5410797119e+02 6.5380700684e+02 6.5333898926e+02 6.5289599609e+02 6.5254101563e+02 6.5216497803e+02 6.5176702881e+02 6.5142999268e+02 6.5109197998e+02 6.5072100830e+02 6.5036297607e+02 6.5001098633e+02 6.4965997314e+02 6.4935198975e+02 6.4911199951e+02 6.4879498291e+02 6.4843402100e+02 6.4804302979e+02 6.4766101074e+02 6.4728198242e+02 6.4685797119e+02 6.4636499023e+02 6.4587402344e+02 6.4549102783e+02 6.4519702148e+02
6.5590802002e+02 6.5591699219e+02 6.5598999023e+02 6.5598199463e+02 6.5597802734e+02 6.5598999023e+02 6.5601397705e+02 6.5602398682e+02 6.5598297119e+02 6.5590802002e+02 6.5587597656e+02 6.5583599854e+02 6.5572601318e+02 6.5560601807e+02 6.5546301270e+02 6.5522497559e+02 6.5497802734e+02 6.5478302002e+02 6.5458099365e+02 6.5449499512e+02 6.5431597900e+02 6.5401098633e+02 6.5372601318e+02 6.5322198486e+02 6.5273901367e+02 6.5238702393e+02 6.5205798340e+02 6.5169500732e+02 6.5135699463e+02 6.5101202393e+02 6.5064501953e+02 6.5029302979e+02 6.4992999268e+02 6.4955999756e+02 6.4923602295e+02 6.4899700928e+02 6.4866802979e+02 6.4829199219e+02 6.4790698242e+02 6.4753002930e+02 6.4713897705e+02 6.4671197510e+02 6.4623699951e+02 6.4575000000e+02 6.4535101318e+02 6.4503601074e+02
6.5572198486e+02 6.5573297119e+02 6.5583599854e+02 6.5588800049e+02 6.5594299316e+02 6.5600701904e+02 6.5606500244e+02 6.5595898438e+02 6.5590399170e+02 6.5584698486e+02 6.5581597900e+02 6.5576898193e+02 6.5571600342e+02 6.5562200928e+02 6.5545898438e+02 6.5527398682e+02 6.5501800537e+02 6.5474902344e+02 6.5454302979e+02 6.5442199707e+02 6.5416101074e+02 6.5381298828e+02 6.5352697754e+02 6.5307299805e+02 6.5259802246e+02 6.5221600342e+02 6.5187200928e+02 6.5157702637e+02 6.5126599121e+02 6.5091302490e+02 6.5048797607e+02 6.5012701416e+02 6.4976501465e+02 6.4940899658e+02 6.4909100342e+02 6.4882501221e+02 6.4851000977e+02 6.4816400146e+02 6.4779498291e+02 6.4740802002e+02 6.4699902344e+02 6.4656097412e+02 6.4608099365e+02 6.4556701660e+02 6.4511901855e+02 6.4475299072e+02
6.5554797363e+02 6.5555102539e+02 6.5562902832e+02 6.5573400879e+02 6.5586798096e+02 6.5602600098e+02 6.5615997314e+02 6.5603997803e+02 6.5589898682e+02 6.5581799316e+02 6.5576898193e+02 6.5571099854e+02 6.5567102051e+02 6.5556799316e+02 6.5539398193e+02 6.5520098877e+02 6.5494396973e+02 6.5468402100e+02 6.5444702148e+02 6.5426000977e+02 6.5399700928e+02 6.5366802979e+02 6.5329602051e+02 6.5285900879e+02 6.5245300293e+02 6.5208502197e+02 6.5175201416e+02 6.5143499756e+02 6.5110400391e+02 6.5072998047e+02 6.5031597900e+02 6.4996502686e+02 6.4961499023e+02 6.4927600098e+02 6.4897198486e+02 6.4869097900e+02 6.4839300537e+02 6.4807098389e+02 6.4771697998e+02 6.4731896973e+02 6.4687799072e+02 6.4639501953e+02 6.4588702393e+02 6.4532800293e+02 6.4479302979e+02 6.4433197021e+02
6.5544299316e+02 6.5543103027e+02 6.5547998047e+02 6.5560998535e+02 6.5578698730e+02 6.5595397949e+02 6.5609497070e+02 6.5604400635e+02 6.5589898682e+02 6.5580700684e+02 6.5575598145e+02 6.5569598389e+02 6.5559100342e+02 6.5543402100e+02 6.5527099609e+02 6.5505102539e+02 6.5479797363e+02 6.5454498291e+02 6.5430603027e+02 6.5404901123e+02 6.5379101563e+02 6.5350500488e+02 6.5312500000e+02 6.5271801758e+02 6.5234899902e+02 6.5198797607e+02 6.5162402344e+02 6.5128601074e+02 6.5096801758e+02 6.5059698486e+02 6.5020001221e+02 6.4986297607e+02 6.4953002930e+02 6.4920501709e+02 6.4889300537e+02 6.4859497070e+02 6.4829498291e+02 6.4797698975e+02 6.4763800049e+02 6.4724902344e+02 6.4677697754e+02 6.4623999023e+02 6.4568499756e+02 6.4514202881e+02 6.4457800293e+02 6.4403601074e+02
6.5534497070e+02 6.5532897949e+02 6.5537597656e+02 6.5547802734e+02 6.5566699219e+02 6.5581298828e+02 6.5590301514e+02 6.5589501953e+02 6.5579302979e+02 6.5572497559e+02 6.5568902588e+02 6.5563500977e+02 6.5550500488e+02 6.5533197021e+02 6.5514599609e+02 6.5486901855e+02 6.5461199951e+02 6.5435498047e+02 6.5408502197e+02 6.5377899170e+02 6.5354602051e+02 6.5333697510e+02 6.5302001953e+02 6.5263702393e+02 6.5224902344e+02 6.5184997559e+02 6.5143402100e+02 6.5111499023e+02 6.5083801270e+02 6.5048101807e+02 6.5012597656e+02 6.4980499268e+02 6.4947698975e+02 6.4915197754e+02 6.4882800293e+02 6.4850701904e+02 6.4819000244e+02 6.4786401367e+02 6.4752801514e+02 6.4716400146e+02 6.4668798828e+02 6.4612298584e+02 6.4553698730e+02 6.4507000732e+02 6.4453002930e+02 6.4393701172e+02
