TESTSERVER/10/0.asc
NCOLS 100
NROWS 100
XLLCORNER 7.9997500000e+03
YLLCORNER 2.8995025000e+05
CELLSIZE 5.0000000000e-01
NODATA_VALUE -9.9990000000e+03
[rows 0 to 19 of 100, columns 46 to 91 of 100]
6.4855499268e+02 6.4831500244e+02 6.4805102539e+02 6.4772399902e+02 6.4743200684e+02 6.4710101318e+02 6.4676300049e+02 6.4639501953e+02 6.4606298828e+02 6.4572100830e+02 6.4539300537e+02 6.4518701172e+02 6.4506701660e+02 6.4494299316e+02 6.4480200195e+02 6.4464801025e+02 6.4451397705e+02 6.4437701416e+02 6.4421099854e+02 6.4403802490e+02 6.4388201904e+02 6.4374597168e+02 6.4360699463e+02 6.4345501709e+02 6.4331896973e+02 6.4318902588e+02 6.4311199951e+02 6.4304998779e+02 6.4298699951e+02 6.4290502930e+02 6.4292297363e+02 6.4295397949e+02 6.4294097900e+02 6.4278100586e+02 6.4263800049e+02 6.4250000000e+02 6.4238897705e+02 6.4228802490e+02 6.4219500732e+02 6.4210498047e+02 6.4201397705e+02 6.4190899658e+02 6.4181298828e+02 6.4170397949e+02 6.4155999756e+02 6.4139398193e+02
6.4847100830e+02 6.4816302490e+02 6.4787097168e+02 6.4760198975e+02 6.4734002686e+02 6.4702899170e+02 6.4675097656e+02 6.4632299805e+02 6.4588098145e+02 6.4556201172e+02 6.4523602295e+02 6.4498199463e+02 6.4489202881e+02 6.4476800537e+02 6.4465301514e+02 6.4452600098e+02 6.4438897705e+02 6.4422698975e+02 6.4405200195e+02 6.4388098145e+02 6.4372802734e+02 6.4361401367e+02 6.4351702881e+02 6.4341101074e+02 6.4328900146e+02 6.4318298340e+02 6.4310101318e+02 6.4302801514e+02 6.4294097900e+02 6.4282702637e+02 6.4272802734e+02 6.4265502930e+02 6.4261700439e+02 6.4252600098e+02 6.4240698242e+02 6.4227502441e+02 6.4217797852e+02 6.4210601807e+02 6.4202197266e+02 6.4194097900e+02 6.4186401367e+02 6.4178900146e+02 6.4169598389e+02 6.4158099365e+02 6.4145599365e+02 6.4129400635e+02
6.4840600586e+02 6.4803601074e+02 6.4772601318e+02 6.4749700928e+02 6.4725701904e+02 6.4698199463e+02 6.4672601318e+02 6.4628100586e+02 6.4579101563e+02 6.4547698975e+02 6.4515899658e+02 6.4489801025e+02 6.4477801514e+02 6.4467498779e+02 6.4456799316e+02 6.4442901611e+02 6.4427301025e+02 6.4411102295e+02 6.4394598389e+02 6.4378100586e+02 6.4362597656e+02 6.4352197266e+02 6.4343798828e+02 6.4335101318e+02 6.4324200439e+02 6.4312701416e+02 6.4303198242e+02 6.4293798828e+02 6.4283599854e+02 6.4269299316e+02 6.4252801514e+02 6.4237902832e+02 6.4229797363e+02 6.4224798584e+02 6.4215502930e+02 6.4204400635e+02 6.4196600342e+02 6.4190301514e+02 6.4183001709e+02 6.4175897217e+02 6.4170001221e+02 6.4164398193e+02 6.4155499268e+02 6.4143798828e+02 6.4130700684e+02 6.4112701416e+02
6.4824700928e+02 6.4788000488e+02 6.4758801270e+02 6.4735601807e+02 6.4711102295e+02 6.4680499268e+02 6.4653900146e+02 6.4618701172e+02 6.4577899170e+02 6.4544799805e+02 6.4513500977e+02 6.4484100342e+02 6.4464801025e+02 6.4455401611e+02 6.4444097900e+02 6.4429400635e+02 6.4414300537e+02 6.4400201416e+02 6.4386499023e+02 6.4371697998e+02 6.4355200195e+02 6.4342602539e+02 6.4332598877e+02 6.4323400879e+02 6.4312799072e+02 6.4300402832e+02 6.4289001465e+02 6.4277600098e+02 6.4265399170e+02 6.4250701904e+02 6.4232397461e+02 6.4214099121e+02 6.4201702881e+02 6.4197399902e+02 6.4190399170e+02 6.4182000732e+02 6.4175000000e+02 6.4168499756e+02 6.4161999512e+02 6.4155798340e+02 6.4151098633e+02 6.4146197510e+02 6.4137200928e+02 6.4125097656e+02 6.4110302734e+02 6.4090197754e+02
6.4809301758e+02 6.4775299072e+02 6.4742199707e+02 6.4710498047e+02 6.4688897705e+02 6.4659899902e+02 6.4632098389e+02 6.4601000977e+02 6.4567102051e+02 6.4534399414e+02 6.4505902100e+02 6.4475201416e+02 6.4450500488e+02 6.4436901855e+02 6.4423498535e+02 6.4411102295e+02 6.4400201416e+02 6.4388702393e+02 6.4378900146e+02 6.4366101074e+02 6.4348999023e+02 6.4330401611e+02 6.4314501953e+02 6.4301000977e+02 6.4285498047e+02 6.4275701904e+02 6.4264202881e+02 6.4253100586e+02 6.4240997314e+02 6.4228802490e+02 6.4212402344e+02 6.4194000244e+02 6.4177899170e+02 6.4171398926e+02 6.4165600586e+02 6.4159600830e+02 6.4152899170e+02 6.4145098877e+02 6.4139202881e+02 6.4133398438e+02 6.4126599121e+02 6.4121502686e+02 6.4111798096e+02 6.4099200439e+02 6.4082299805e+02 6.4064801025e+02
6.4796002197e+02 6.4764398193e+02 6.4726098633e+02 6.4687097168e+02 6.4661700439e+02 6.4636798096e+02 6.4607702637e+02 6.4576300049e+02 6.4548101807e+02 6.4519799805e+02 6.4492700195e+02 6.4462597656e+02 6.4435601807e+02 6.4417297363e+02 6.4402398682e+02 6.4391497803e+02 6.4381402588e+02 6.4373699951e+02 6.4367199707e+02 6.4356701660e+02 6.4338201904e+02 6.4315997314e+02 6.4294897461e+02 6.4276098633e+02 6.4259100342e+02 6.4243798828e+02 6.4233001709e+02 6.4224200439e+02 6.4216101074e+02 6.4206597900e+02 6.4191101074e+02 6.4172698975e+02 6.4154400635e+02 6.4143902588e+02 6.4136499023e+02 6.4130999756e+02 6.4125897217e+02 6.4120397949e+02 6.4114801025e+02 6.4108300781e+02 6.4101000977e+02 6.4093103027e+02 6.4082299805e+02 6.4069201660e+02 6.4053399658e+02 6.4037597656e+02
6.4774401855e+02 6.4744897461e+02 6.4711102295e+02 6.4674200439e+02 6.4640301514e+02 6.4609197998e+02 6.4579901123e+02 6.4553399658e+02 6.4529101563e+02 6.4500799561e+02 6.4474499512e+02 6.4445300293e+02 6.4417700195e+02 6.4394702148e+02 6.4377001953e+02 6.4366601563e+02 6.4359399414e+02 6.4354101563e+02 6.4349102783e+02 6.4339898682e+02 6.4322601318e+02 6.4299401855e+02 6.4275897217e+02 6.4253802490e+02 6.4233001709e+02 6.4215698242e+02 6.4204101563e+02 6.4195501709e+02 6.4189001465e+02 6.4180499268e+02 6.4165100098e+02 6.4146801758e+02 6.4128198242e+02 6.4115502930e+02 6.4107299805e+02 6.4101599121e+02 6.4097998047e+02 6.4094097900e+02 6.4088800049e+02 6.4082098389e+02 6.4073699951e+02 6.4064300537e+02 6.4052099609e+02 6.4037902832e+02 6.4022100830e+02 6.4008898926e+02
6.4754901123e+02 6.4727502441e+02 6.4694299316e+02 6.4661602783e+02 6.4628399658e+02 6.4592999268e+02 6.4560699463e+02 6.4533599854e+02 6.4508599854e+02 6.4483398438e+02 6.4461401367e+02 6.4434002686e+02 6.4402600098e+02 6.4374200439e+02 6.4354400635e+02 6.4344396973e+02 6.4338397217e+02 6.4333001709e+02 6.4327398682e+02 6.4318298340e+02 6.4302899170e+02 6.4281097412e+02 6.4257000732e+02 6.4233099365e+02 6.4210101318e+02 6.4192102051e+02 6.4179302979e+02 6.4169500732e+02 6.4161700439e+02 6.4151702881e+02 6.4135797119e+02 6.4117297363e+02 6.4099102783e+02 6.4085998535e+02 6.4077600098e+02 6.4072399902e+02 6.4070001221e+02 6.4067297363e+02 6.4062402344e+02 6.4055499268e+02 6.4046197510e+02 6.4034899902e+02 6.4021002197e+02 6.4005401611e+02 6.3989697266e+02 6.3978698730e+02
6.4740698242e+02 6.4712097168e+02 6.4678900146e+02 6.4648699951e+02 6.4620300293e+02 6.4581701660e+02 6.4544097900e+02 6.4512402344e+02 6.4489202881e+02 6.4472802734e+02 6.4454101563e+02 6.4426202393e+02 6.4390698242e+02 6.4359301758e+02 6.4340197754e+02 6.4330297852e+02 6.4323498535e+02 6.4315399170e+02 6.4306799316e+02 6.4295300293e+02 6.4278900146e+02 6.4260101318e+02 6.4237902832e+02 6.4215100098e+02 6.4195800781e+02 6.4176397705e+02 6.4161700439e+02 6.4148400879e+02 6.4136999512e+02 6.4122802734e+02 6.4105401611e+02 6.4086499023e+02 6.4068200684e+02 6.4056097412e+02 6.4048297119e+02 6.4044000244e+02 6.4041699219e+02 6.4039697266e+02 6.4034497070e+02 6.4027398682e+02 6.4017999268e+02 6.4005798340e+02 6.3989300537e+02 6.3971600342e+02 6.3953997803e+02 6.3946697998e+02
6.4714599609e+02 6.4688098145e+02 6.4659100342e+02 6.4630603027e+02 6.4600799561e+02 6.4566802979e+02 6.4532702637e+02 6.4501202393e+02 6.4475598145e+02 6.4459899902e+02 6.4440502930e+02 6.4411102295e+02 6.4375402832e+02 6.4344598389e+02 6.4324499512e+02 6.4313702393e+02 6.4308398438e+02 6.4300402832e+02 6.4288098145e+02 6.4273400879e+02 6.4256799316e+02 6.4237902832e+02 6.4217901611e+02 6.4197399902e+02 6.4177502441e+02 6.4159100342e+02 6.4142297363e+02 6.4125799561e+02 6.4110198975e+02 6.4094799805e+02 6.4077197266e+02 6.4058599854e+02 6.4040997314e+02 6.4028997803e+02 6.4021301270e+02 6.4017199707e+02 6.4016101074e+02 6.4013598633e+02 6.4008599854e+02 6.4002398682e+02 6.3996600342e+02 6.3983502197e+02 6.3963098145e+02 6.3940197754e+02 6.3919396973e+02 6.3906896973e+02
6.4694000244e+02 6.4667602539e+02 6.4642297363e+02 6.4614801025e+02 6.4583898926e+02 6.4553002930e+02 6.4521002197e+02 6.4489697266e+02 6.4462402344e+02 6.4443701172e+02 6.4421398926e+02 6.4390502930e+02 6.4355297852e+02 6.4325701904e+02 6.4305603027e+02 6.4293103027e+02 6.4287597656e+02 6.4277398682e+02 6.4263598633e+02 6.4248901367e+02 6.4234600830e+02 6.4217700195e+02 6.4198901367e+02 6.4179199219e+02 6.4159600830e+02 6.4140301514e+02 6.4121899414e+02 6.4103497314e+02 6.4084399414e+02 6.4068103027e+02 6.4051599121e+02 6.4034197998e+02 6.4017602539e+02 6.4005798340e+02 6.3998498535e+02 6.3994500732e+02 6.3993402100e+02 6.3990997314e+02 6.3986798096e+02 6.3981701660e+02 6.3978302002e+02 6.3965100098e+02 6.3941802979e+02 6.3914300537e+02 6.3886199951e+02 6.3864697266e+02
6.4679998779e+02 6.4655700684e+02 6.4632397461e+02 6.4604400635e+02 6.4571502686e+02 6.4540301514e+02 6.4506896973e+02 6.4474102783e+02 6.4446997070e+02 6.4425897217e+02 6.4399102783e+02 6.4366400146e+02 6.4334899902e+02 6.4310198975e+02 6.4291802979e+02 6.4275500488e+02 6.4263098145e+02 6.4250500488e+02 6.4237200928e+02 6.4224401855e+02 6.4213397217e+02 6.4198297119e+02 6.4180499268e+02 6.4161602783e+02 6.4142199707e+02 6.4122399902e+02 6.4103100586e+02 6.4083300781e+02 6.4061999512e+02 6.4045202637e+02 6.4029797363e+02 6.4013800049e+02 6.3997998047e+02 6.3986401367e+02 6.3979400635e+02 6.3975598145e+02 6.3973999023e+02 6.3971600342e+02 6.3968200684e+02 6.3964099121e+02 6.3962402344e+02 6.3948999023e+02 6.3923101807e+02 6.3891601563e+02 6.3857397461e+02 6.3828302002e+02
6.4667999268e+02 6.4646301270e+02 6.4621899414e+02 6.4593200684e+02 6.4561999512e+02 6.4529998779e+02 6.4493902588e+02 6.4458197021e+02 6.4429699707e+02 6.4408197021e+02 6.4378900146e+02 6.4346697998e+02 6.4320098877e+02 6.4300402832e+02 6.4280700684e+02 6.4258001709e+02 6.4238800049e+02 6.4225799561e+02 6.4215100098e+02 6.4205200195e+02 6.4196099854e+02 6.4180603027e+02 6.4163800049e+02 6.4145800781e+02 6.4127600098e+02 6.4106701660e+02 6.4086901855e+02 6.4066699219e+02 6.4047802734e+02 6.4028399658e+02 6.4011999512e+02 6.3996197510e+02 6.3982299805e+02 6.3971600342e+02 6.3964801025e+02 6.3960400391e+02 6.3961602783e+02 6.3959399414e+02 6.3955999756e+02 6.3950799561e+02 6.3945098877e+02 6.3935498047e+02 6.3908197021e+02 6.3871997070e+02 6.3832299805e+02 6.3800598145e+02
6.4658300781e+02 6.4634399414e+02 6.4608599854e+02 6.4581298828e+02 6.4553698730e+02 6.4523999023e+02 6.4488299561e+02 6.4451300049e+02 6.4417797852e+02 6.4389801025e+02 6.4360900879e+02 6.4331896973e+02 6.4307098389e+02 6.4287799072e+02 6.4260699463e+02 6.4233502197e+02 6.4217199707e+02 6.4207098389e+02 6.4199298096e+02 6.4190698242e+02 6.4178802490e+02 6.4163201904e+02 6.4146997070e+02 6.4129498291e+02 6.4110601807e+02 6.4091802979e+02 6.4072601318e+02 6.4053497314e+02 6.4034497070e+02 6.4014599609e+02 6.3996801758e+02 6.3980603027e+02 6.3967901611e+02 6.3958398438e+02 6.3951397705e+02 6.3947100830e+02 6.3948797607e+02 6.3951800537e+02 6.3948101807e+02 6.3940197754e+02 6.3931896973e+02 6.3919299316e+02 6.3887402344e+02 6.3847302246e+02 6.3808502197e+02 6.3780902100e+02
6.4649902344e+02 6.4623999023e+02 6.4597302246e+02 6.4571801758e+02 6.4548101807e+02 6.4520397949e+02 6.4485101318e+02 6.4446197510e+02 6.4409497070e+02 6.4376098633e+02 6.4345300293e+02 6.4316900635e+02 6.4290600586e+02 6.4263500977e+02 6.4234002686e+02 6.4210400391e+02 6.4200897217e+02 6.4193402100e+02 6.4185400391e+02 6.4175598145e+02 6.4161499023e+02 6.4145501709e+02 6.4129199219e+02 6.4111798096e+02 6.4093298340e+02 6.4075000000e+02 6.4055700684e+02 6.4036297607e+02 6.4018798828e+02 6.4000000000e+02 6.3982397461e+02 6.3966601563e+02 6.3953698730e+02 6.3944000244e+02 6.3937097168e+02 6.3933300781e+02 6.3936199951e+02 6.3940502930e+02 6.3936999512e+02 6.3928698730e+02 6.3918402100e+02 6.3896600342e+02 6.3858898926e+02 6.3818701172e+02 6.3785498047e+02 6.3767297363e+02
6.4641699219e+02 6.4614001465e+02 6.4587500000e+02 6.4565197754e+02 6.4546600342e+02 6.4519299316e+02 6.4483398438e+02 6.4442401123e+02 6.4402398682e+02 6.4365002441e+02 6.4332702637e+02 6.4304699707e+02 6.4277502441e+02 6.4245599365e+02 6.4218597412e+02 6.4201397705e+02 6.4193402100e+02 6.4184002686e+02 6.4173199463e+02 6.4160101318e+02 6.4143902588e+02 6.4127899170e+02 6.4111297607e+02 6.4093597412e+02 6.4074902344e+02 6.4056402588e+02 6.4036602783e+02 6.4016998291e+02 6.4001202393e+02 6.3984301758e+02 6.3967102051e+02 6.3951702881e+02 6.3938299561e+02 6.3928100586e+02 6.3921502686e+02 6.3918200684e+02 6.3921997070e+02 6.3927099609e+02 6.3923901367e+02 6.3915100098e+02 6.3902899170e+02 6.3870599365e+02 6.3828302002e+02 6.3791302490e+02 6.3768200684e+02 6.3759497070e+02
6.4631896973e+02 6.4603302002e+02 6.4577600098e+02 6.4560198975e+02 6.4548400879e+02 6.4521697998e+02 6.4484399414e+02 6.4441198730e+02 6.4394799805e+02 6.4356201172e+02 6.4326501465e+02 6.4301000977e+02 6.4275402832e+02 6.4239697266e+02 6.4214001465e+02 6.4197601318e+02 6.4189300537e+02 6.4174700928e+02 6.4159698486e+02 6.4144396973e+02 6.4128698730e+02 6.4110198975e+02 6.4092700195e+02 6.4074499512e+02 6.4055603027e+02 6.4037500000e+02 6.4019000244e+02 6.4000701904e+02 6.3984802246e+02 6.3967498779e+02 6.3950701904e+02 6.3935302734e+02 6.3921899414e+02 6.3910400391e+02 6.3903997803e+02 6.3901300049e+02 6.3906402588e+02 6.3913000488e+02 6.3911602783e+02 6.3901702881e+02 6.3889099121e+02 6.3842401123e+02 6.3795397949e+02 6.3767401123e+02 6.3762200928e+02 6.3756701660e+02
6.4620098877e+02 6.4590301514e+02 6.4568298340e+02 6.4557897949e+02 6.4553601074e+02 6.4529998779e+02 6.4490997314e+02 6.4444097900e+02 6.4395300293e+02 6.4355603027e+02 6.4327001953e+02 6.4302801514e+02 6.4275500488e+02 6.4240899658e+02 6.4213299561e+02 6.4191998291e+02 6.4178198242e+02 6.4157800293e+02 6.4140100098e+02 6.4124798584e+02 6.4108697510e+02 6.4089898682e+02 6.4071899414e+02 6.4053802490e+02 6.4035699463e+02 6.4018597412e+02 6.4001599121e+02 6.3984497070e+02 6.3968402100e+02 6.3950701904e+02 6.3932397461e+02 6.3915698242e+02 6.3900598145e+02 6.3889398193e+02 6.3883197021e+02 6.3880102539e+02 6.3882702637e+02 6.3888897705e+02 6.3884600830e+02 6.3869299316e+02 6.3846502686e+02 6.3800500488e+02 6.3767999268e+02 6.3759600830e+02 6.3758697510e+02 6.3755401611e+02
6.4608502197e+02 6.4582598877e+02 6.4568798828e+02 6.4564599609e+02 6.4560998535e+02 6.4538098145e+02 6.4498498535e+02 6.4450402832e+02 6.4400897217e+02 6.4358502197e+02 6.4326098633e+02 6.4299102783e+02 6.4268200684e+02 6.4236102295e+02 6.4211798096e+02 6.4188800049e+02 6.4166900635e+02 6.4142901611e+02 6.4122698975e+02 6.4105798340e+02 6.4089801025e+02 6.4071301270e+02 6.4052502441e+02 6.4033801270e+02 6.4015698242e+02 6.3998101807e+02 6.3980999756e+02 6.3964001465e+02 6.3947698975e+02 6.3929101563e+02 6.3909997559e+02 6.3892700195e+02 6.3878002930e+02 6.3867901611e+02 6.3861297607e+02 6.3856701660e+02 6.3854101563e+02 6.3851501465e+02 6.3842102051e+02 6.3824798584e+02 6.3798602295e+02 6.3766998291e+02 6.3754998779e+02 6.3753802490e+02 6.3752001953e+02 6.3752801514e+02
6.4599902344e+02 6.4581201172e+02 6.4576202393e+02 6.4575701904e+02 6.4567297363e+02 6.4541699219e+02 6.4502197266e+02 6.4454998779e+02 6.4405798340e+02 6.4359002686e+02 6.4321600342e+02 6.4290301514e+02 6.4256701660e+02 6.4226599121e+02 6.4206097412e+02 6.4183197021e+02 6.4155102539e+02 6.4129797363e+02 6.4108398438e+02 6.4090600586e+02 6.4075000000e+02 6.4057000732e+02 6.4036999512e+02 6.4016900635e+02 6.3997497559e+02 6.3978302002e+02 6.3959997559e+02 6.3942297363e+02 6.3925097656e+02 6.3905798340e+02 6.3886602783e+02 6.3869598389e+02 6.3856201172e+02 6.3846997070e+02 6.3839398193e+02 6.3832800293e+02 6.3824597168e+02 6.3813702393e+02 6.3800701904e+02 6.3784497070e+02 6.3764697266e+02 6.3754101563e+02 6.3751501465e+02 6.3750897217e+02 6.3748498535e+02 6.3751000977e+02
