TESTSERVER/10/0.asc
NCOLS 100
NROWS 100
XLLCORNER 7.9997500000e+03
YLLCORNER 2.8995025000e+05
CELLSIZE 5.0000000000e-01
NODATA_VALUE -9.9990000000e+03
[rows 20 to 39 of 100, columns 46 to 91 of 100]
6.4594897461e+02 6.4583398438e+02 6.4584100342e+02 6.4583599854e+02 6.4566101074e+02 6.4535900879e+02 6.4497302246e+02 6.4451898193e+02 6.4402001953e+02 6.4353997803e+02 6.4313000488e+02 6.4278399658e+02 6.4244201660e+02 6.4214398193e+02 6.4193902588e+02 6.4172998047e+02 6.4142297363e+02 6.4118499756e+02 6.4098400879e+02 6.4080999756e+02 6.4066601563e+02 6.4048400879e+02 6.4027301025e+02 6.4004602051e+02 6.3982397461e+02 6.3960601807e+02 6.3940802002e+02 6.3922698975e+02 6.3903900146e+02 6.3883099365e+02 6.3864599609e+02 6.3848498535e+02 6.3836602783e+02 6.3826599121e+02 6.3816900635e+02 6.3808099365e+02 6.3801300049e+02 6.3783599854e+02 6.3768798828e+02 6.3756500244e+02 6.3750402832e+02 6.3747302246e+02 6.3745501709e+02 6.3746697998e+02 6.3746099854e+02 6.3742999268e+02
6.4602099609e+02 6.4587701416e+02 6.4581896973e+02 6.4572998047e+02 6.4546398926e+02 6.4513897705e+02 6.4479101563e+02 6.4437902832e+02 6.4391802979e+02 6.4344799805e+02 6.4304998779e+02 6.4271801758e+02 6.4239202881e+02 6.4206896973e+02 6.4182299805e+02 6.4159497070e+02 6.4130603027e+02 6.4107397461e+02 6.4088500977e+02 6.4071801758e+02 6.4057000732e+02 6.4041302490e+02 6.4021301270e+02 6.3998199463e+02 6.3973797607e+02 6.3948602295e+02 6.3926202393e+02 6.3906201172e+02 6.3886499023e+02 6.3865899658e+02 6.3848602295e+02 6.3833099365e+02 6.3819396973e+02 6.3805603027e+02 6.3793402100e+02 6.3783502197e+02 6.3774700928e+02 6.3758697510e+02 6.3748797607e+02 6.3743200684e+02 6.3740899658e+02 6.3741198730e+02 6.3742602539e+02 6.3742199707e+02 6.3739898682e+02 6.3733300781e+02
6.4608801270e+02 6.4589001465e+02 6.4572900391e+02 6.4553698730e+02 6.4520697021e+02 6.4486499023e+02 6.4454699707e+02 6.4419897461e+02 6.4379602051e+02 6.4335797119e+02 6.4300598145e+02 6.4271600342e+02 6.4241302490e+02 6.4203601074e+02 6.4173297119e+02 6.4147802734e+02 6.4122302246e+02 6.4101397705e+02 6.4082000732e+02 6.4064398193e+02 6.4047601318e+02 6.4031799316e+02 6.4013800049e+02 6.3992700195e+02 6.3969201660e+02 6.3942700195e+02 6.3917297363e+02 6.3893701172e+02 6.3872198486e+02 6.3853198242e+02 6.3836700439e+02 6.3821197510e+02 6.3803698730e+02 6.3786700439e+02 6.3773498535e+02 6.3763098145e+02 6.3753497314e+02 6.3742401123e+02 6.3737402344e+02 6.3734997559e+02 6.3734802246e+02 6.3737597656e+02 6.3734802246e+02 6.3728601074e+02 6.3725201416e+02 6.3713397217e+02
6.4611199951e+02 6.4586199951e+02 6.4561499023e+02 6.4534698486e+02 6.4499597168e+02 6.4463897705e+02 6.4432202148e+02 6.4399902344e+02 6.4364202881e+02 6.4326300049e+02 6.4296899414e+02 6.4272497559e+02 6.4245397949e+02 6.4204199219e+02 6.4169500732e+02 6.4143200684e+02 6.4120501709e+02 6.4099401855e+02 6.4078497314e+02 6.4058697510e+02 6.4038299561e+02 6.4020300293e+02 6.4003198242e+02 6.3984100342e+02 6.3962902832e+02 6.3936798096e+02 6.3909197998e+02 6.3882397461e+02 6.3858197021e+02 6.3839099121e+02 6.3822900391e+02 6.3807800293e+02 6.3788500977e+02 6.3770202637e+02 6.3757202148e+02 6.3747302246e+02 6.3739599609e+02 6.3733801270e+02 6.3729199219e+02 6.3724798584e+02 6.3722998047e+02 6.3724200439e+02 6.3715802002e+02 6.3705401611e+02 6.3697601318e+02 6.3683801270e+02
6.4608599854e+02 6.4581402588e+02 6.4552801514e+02 6.4522302246e+02 6.4489398193e+02 6.4453802490e+02 6.4420001221e+02 6.4385101318e+02 6.4349102783e+02 6.4318298340e+02 6.4292797852e+02 6.4268402100e+02 6.4238299561e+02 6.4203802490e+02 6.4171398926e+02 6.4147399902e+02 6.4126599121e+02 6.4099200439e+02 6.4075097656e+02 6.4051800537e+02 6.4029498291e+02 6.4008197021e+02 6.3990100098e+02 6.3971398926e+02 6.3950799561e+02 6.3925000000e+02 6.3896899414e+02 6.3867901611e+02 6.3838800049e+02 6.3819396973e+02 6.3803002930e+02 6.3789099121e+02 6.3773699951e+02 6.3756201172e+02 6.3743902588e+02 6.3735400391e+02 6.3731701660e+02 6.3725402832e+02 6.3718902588e+02 6.3710198975e+02 6.3698498535e+02 6.3682501221e+02 6.3675598145e+02 6.3673498535e+02 6.3665100098e+02 6.3650799561e+02
6.4600500488e+02 6.4575799561e+02 6.4548101807e+02 6.4515399170e+02 6.4478997803e+02 6.4447601318e+02 6.4415100098e+02 6.4380200195e+02 6.4343103027e+02 6.4314099121e+02 6.4287500000e+02 6.4259497070e+02 6.4230297852e+02 6.4199902344e+02 6.4172900391e+02 6.4148602295e+02 6.4123101807e+02 6.4095501709e+02 6.4067901611e+02 6.4040197754e+02 6.4013397217e+02 6.3987500000e+02 6.3967401123e+02 6.3950000000e+02 6.3930603027e+02 6.3903302002e+02 6.3874401855e+02 6.3845202637e+02 6.3819201660e+02 6.3797900391e+02 6.3779797363e+02 6.3765899658e+02 6.3754498291e+02 6.3741601563e+02 6.3732098389e+02 6.3726202393e+02 6.3721801758e+02 6.3716802979e+02 6.3709197998e+02 6.3689398193e+02 6.3662402344e+02 6.3637298584e+02 6.3632299805e+02 6.3633300781e+02 6.3622198486e+02 6.3611602783e+02
6.4583300781e+02 6.4558099365e+02 6.4529199219e+02 6.4495098877e+02 6.4459698486e+02 6.4430700684e+02 6.4399401855e+02 6.4365698242e+02 6.4329901123e+02 6.4301599121e+02 6.4274902344e+02 6.4246997070e+02 6.4219097900e+02 6.4193200684e+02 6.4167199707e+02 6.4139099121e+02 6.4109301758e+02 6.4081201172e+02 6.4050799561e+02 6.4019396973e+02 6.3988500977e+02 6.3957397461e+02 6.3935198975e+02 6.3919500732e+02 6.3903601074e+02 6.3873999023e+02 6.3846099854e+02 6.3821301270e+02 6.3800299072e+02 6.3778900146e+02 6.3760198975e+02 6.3746502686e+02 6.3737500000e+02 6.3728900146e+02 6.3721899414e+02 6.3717297363e+02 6.3713299561e+02 6.3705798340e+02 6.3688299561e+02 6.3655603027e+02 6.3620599365e+02 6.3596502686e+02 6.3587200928e+02 6.3582702637e+02 6.3575000000e+02 6.3570697021e+02
6.4560198975e+02 6.4531896973e+02 6.4501397705e+02 6.4466601563e+02 6.4434301758e+02 6.4406597900e+02 6.4375799561e+02 6.4343298340e+02 6.4309100342e+02 6.4280499268e+02 6.4254797363e+02 6.4229400635e+02 6.4204998779e+02 6.4182397461e+02 6.4156201172e+02 6.4123999023e+02 6.4090698242e+02 6.4061297607e+02 6.4028399658e+02 6.3994396973e+02 6.3961297607e+02 6.3927600098e+02 6.3903302002e+02 6.3887597656e+02 6.3873199463e+02 6.3843103027e+02 6.3817797852e+02 6.3797601318e+02 6.3778997803e+02 6.3758801270e+02 6.3742102051e+02 6.3729998779e+02 6.3723797607e+02 6.3718597412e+02 6.3711999512e+02 6.3706402588e+02 6.3702502441e+02 6.3688702393e+02 6.3658898926e+02 6.3619097900e+02 6.3584600830e+02 6.3562701416e+02 6.3546697998e+02 6.3535601807e+02 6.3534600830e+02 6.3535302734e+02
6.4537200928e+02 6.4509100342e+02 6.4478497314e+02 6.4444500732e+02 6.4411999512e+02 6.4381597900e+02 6.4349401855e+02 6.4317102051e+02 6.4282897949e+02 6.4255700684e+02 6.4231500244e+02 6.4209698486e+02 6.4191101074e+02 6.4171301270e+02 6.4146099854e+02 6.4113397217e+02 6.4077600098e+02 6.4041198730e+02 6.4005603027e+02 6.3970898438e+02 6.3938598633e+02 6.3908300781e+02 6.3881896973e+02 6.3862701416e+02 6.3846600342e+02 6.3819097900e+02 6.3795501709e+02 6.3774200439e+02 6.3747802734e+02 6.3735900879e+02 6.3725799561e+02 6.3718402100e+02 6.3715301514e+02 6.3708801270e+02 6.3700000000e+02 6.3689599609e+02 6.3677398682e+02 6.3657598877e+02 6.3625201416e+02 6.3588598633e+02 6.3555603027e+02 6.3530902100e+02 6.3513500977e+02 6.3502600098e+02 6.3502600098e+02 6.3502899170e+02
6.4524298096e+02 6.4499401855e+02 6.4471301270e+02 6.4438500977e+02 6.4403802490e+02 6.4370501709e+02 6.4336700439e+02 6.4303601074e+02 6.4271398926e+02 6.4244396973e+02 6.4218902588e+02 6.4195697021e+02 6.4177398682e+02 6.4159698486e+02 6.4139001465e+02 6.4110601807e+02 6.4071697998e+02 6.4028698730e+02 6.3989501953e+02 6.3953802490e+02 6.3921600342e+02 6.3892999268e+02 6.3868103027e+02 6.3846301270e+02 6.3824499512e+02 6.3793597412e+02 6.3768402100e+02 6.3748101807e+02 6.3730401611e+02 6.3720501709e+02 6.3714001465e+02 6.3709698486e+02 6.3702801514e+02 6.3690399170e+02 6.3677301025e+02 6.3661199951e+02 6.3640399170e+02 6.3614898682e+02 6.3586901855e+02 6.3556201172e+02 6.3525000000e+02 6.3502301025e+02 6.3484002686e+02 6.3470300293e+02 6.3466302490e+02 6.3460900879e+02
6.4516302490e+02 6.4494799805e+02 6.4466998291e+02 6.4433300781e+02 6.4396197510e+02 6.4360900879e+02 6.4326800537e+02 6.4293402100e+02 6.4263000488e+02 6.4236297607e+02 6.4210998535e+02 6.4188702393e+02 6.4169396973e+02 6.4149798584e+02 6.4130499268e+02 6.4103302002e+02 6.4062298584e+02 6.4017602539e+02 6.3978698730e+02 6.3944299316e+02 6.3912701416e+02 6.3884802246e+02 6.3859600830e+02 6.3832397461e+02 6.3801702881e+02 6.3767297363e+02 6.3743402100e+02 6.3728497314e+02 6.3718701172e+02 6.3710400391e+02 6.3704400635e+02 6.3698999023e+02 6.3686700439e+02 6.3667401123e+02 6.3649200439e+02 6.3628698730e+02 6.3602697754e+02 6.3576397705e+02 6.3551000977e+02 6.3523297119e+02 6.3495202637e+02 6.3474298096e+02 6.3454901123e+02 6.3439001465e+02 6.3432202148e+02 6.3422302246e+02
6.4510601807e+02 6.4488098145e+02 6.4456799316e+02 6.4420001221e+02 6.4382800293e+02 6.4348297119e+02 6.4314501953e+02 6.4281298828e+02 6.4249298096e+02 6.4221099854e+02 6.4198901367e+02 6.4180603027e+02 6.4161199951e+02 6.4136401367e+02 6.4113897705e+02 6.4084197998e+02 6.4042999268e+02 6.4002099609e+02 6.3966900635e+02 6.3936700439e+02 6.3909002686e+02 6.3882501221e+02 6.3853100586e+02 6.3817700195e+02 6.3778198242e+02 6.3745397949e+02 6.3726501465e+02 6.3717297363e+02 6.3711297607e+02 6.3702301025e+02 6.3695098877e+02 6.3685900879e+02 6.3665899658e+02 6.3640899658e+02 6.3618200684e+02 6.3593798828e+02 6.3566101074e+02 6.3541400146e+02 6.3517901611e+02 6.3492602539e+02 6.3466699219e+02 6.3444097900e+02 6.3424597168e+02 6.3411700439e+02 6.3404101563e+02 6.3390899658e+02
6.4506597900e+02 6.4474902344e+02 6.4436602783e+02 6.4396801758e+02 6.4360400391e+02 6.4328100586e+02 6.4295001221e+02 6.4262597656e+02 6.4229699707e+02 6.4204498291e+02 6.4186700439e+02 6.4169799805e+02 6.4146697998e+02 6.4116802979e+02 6.4086602783e+02 6.4050897217e+02 6.4007098389e+02 6.3976898193e+02 6.3949200439e+02 6.3925097656e+02 6.3902301025e+02 6.3875201416e+02 6.3838500977e+02 6.3794598389e+02 6.3748400879e+02 6.3727301025e+02 6.3715698242e+02 6.3709698486e+02 6.3703198242e+02 6.3693798828e+02 6.3682598877e+02 6.3665802002e+02 6.3639501953e+02 6.3610498047e+02 6.3582397461e+02 6.3555499268e+02 6.3529400635e+02 6.3510302734e+02 6.3488098145e+02 6.3464300537e+02 6.3436700439e+02 6.3410498047e+02 6.3393597412e+02 6.3385498047e+02 6.3375299072e+02 6.3361798096e+02
6.4500897217e+02 6.4459600830e+02 6.4412097168e+02 6.4367797852e+02 6.4333599854e+02 6.4302801514e+02 6.4271600342e+02 6.4241998291e+02 6.4214202881e+02 6.4192901611e+02 6.4175000000e+02 6.4155499268e+02 6.4127899170e+02 6.4093798828e+02 6.4061499023e+02 6.4025299072e+02 6.3983801270e+02 6.3947198486e+02 6.3920501709e+02 6.3898297119e+02 6.3875201416e+02 6.3844897461e+02 6.3804199219e+02 6.3760498047e+02 6.3725201416e+02 6.3711901855e+02 6.3703601074e+02 6.3698199463e+02 6.3692797852e+02 6.3682501221e+02 6.3666802979e+02 6.3644799805e+02 6.3615197754e+02 6.3580902100e+02 6.3550500488e+02 6.3523101807e+02 6.3501397705e+02 6.3482702637e+02 6.3459600830e+02 6.3433898926e+02 6.3409399414e+02 6.3387200928e+02 6.3369897461e+02 6.3359997559e+02 6.3346398926e+02 6.3331298828e+02
6.4492498779e+02 6.4444299316e+02 6.4389599609e+02 6.4340997314e+02 6.4306298828e+02 6.4278198242e+02 6.4249401855e+02 6.4222802734e+02 6.4198797607e+02 6.4178698730e+02 6.4159600830e+02 6.4137500000e+02 6.4106799316e+02 6.4073498535e+02 6.4044000244e+02 6.4009899902e+02 6.3965301514e+02 6.3920300293e+02 6.3887200928e+02 6.3861499023e+02 6.3835998535e+02 6.3801898193e+02 6.3763000488e+02 6.3727899170e+02 6.3707397461e+02 6.3700799561e+02 6.3696398926e+02 6.3691601563e+02 6.3683300781e+02 6.3669396973e+02 6.3649902344e+02 6.3625000000e+02 6.3593298340e+02 6.3558197021e+02 6.3527301025e+02 6.3499401855e+02 6.3477697754e+02 6.3458001709e+02 6.3432299805e+02 6.3403802490e+02 6.3377099609e+02 6.3354199219e+02 6.3335699463e+02 6.3321899414e+02 6.3302301025e+02 6.3285101318e+02
6.4474102783e+02 6.4422601318e+02 6.4366101074e+02 6.4316900635e+02 6.4281298828e+02 6.4255102539e+02 6.4229199219e+02 6.4205999756e+02 6.4185302734e+02 6.4164501953e+02 6.4142401123e+02 6.4116802979e+02 6.4084899902e+02 6.4056500244e+02 6.4031896973e+02 6.4000299072e+02 6.3951702881e+02 6.3896997070e+02 6.3855798340e+02 6.3824200439e+02 6.3794000244e+02 6.3757299805e+02 6.3725299072e+02 6.3703601074e+02 6.3696502686e+02 6.3695202637e+02 6.3693701172e+02 6.3687402344e+02 6.3672302246e+02 6.3653100586e+02 6.3630798340e+02 6.3604602051e+02 6.3573797607e+02 6.3539599609e+02 6.3508599854e+02 6.3480102539e+02 6.3457702637e+02 6.3435601807e+02 6.3406597900e+02 6.3374298096e+02 6.3339801025e+02 6.3311297607e+02 6.3291802979e+02 6.3274499512e+02 6.3251800537e+02 6.3234899902e+02
6.4439398193e+02 6.4390600586e+02 6.4340502930e+02 6.4296099854e+02 6.4260302734e+02 6.4235302734e+02 6.4213098145e+02 6.4193402100e+02 6.4175598145e+02 6.4153002930e+02 6.4126501465e+02 6.4096600342e+02 6.4065399170e+02 6.4040002441e+02 6.4019000244e+02 6.3989202881e+02 6.3937402344e+02 6.3877801514e+02 6.3830297852e+02 6.3791998291e+02 6.3757202148e+02 6.3726000977e+02 6.3703698730e+02 6.3692999268e+02 6.3691302490e+02 6.3691900635e+02 6.3689801025e+02 6.3678900146e+02 6.3654302979e+02 6.3630200195e+02 6.3606799316e+02 6.3582098389e+02 6.3555200195e+02 6.3525402832e+02 6.3496002197e+02 6.3467498779e+02 6.3445001221e+02 6.3415899658e+02 6.3382202148e+02 6.3344299316e+02 6.3298699951e+02 6.3270501709e+02 6.3249298096e+02 6.3230700684e+02 6.3217999268e+02 6.3199401855e+02
6.4397399902e+02 6.4354602051e+02 6.4313397217e+02 6.4277301025e+02 6.4246099854e+02 6.4222698975e+02 6.4202502441e+02 6.4183300781e+02 6.4163702393e+02 6.4138897705e+02 6.4108697510e+02 6.4074597168e+02 6.4036499023e+02 6.4006597900e+02 6.3981500244e+02 6.3947698975e+02 6.3898999023e+02 6.3846002197e+02 6.3801202393e+02 6.3765502930e+02 6.3736602783e+02 6.3712402344e+02 6.3696197510e+02 6.3687902832e+02 6.3685699463e+02 6.3684802246e+02 6.3676800537e+02 6.3659497070e+02 6.3629998779e+02 6.3602600098e+02 6.3580297852e+02 6.3558197021e+02 6.3535900879e+02 6.3509802246e+02 6.3481701660e+02 6.3452801514e+02 6.3424298096e+02 6.3392901611e+02 6.3355999756e+02 6.3314898682e+02 6.3268103027e+02 6.3241900635e+02 6.3224597168e+02 6.3204302979e+02 6.3190002441e+02 6.3172601318e+02
6.4361199951e+02 6.4324597168e+02 6.4290997314e+02 6.4262597656e+02 6.4236199951e+02 6.4212902832e+02 6.4192498779e+02 6.4171600342e+02 6.4149102783e+02 6.4120599365e+02 6.4086901855e+02 6.4050000000e+02 6.4008599854e+02 6.3973602295e+02 6.3943597412e+02 6.3905297852e+02 6.3860400391e+02 6.3812902832e+02 6.3773199463e+02 6.3743200684e+02 6.3721002197e+02 6.3703698730e+02 6.3691400146e+02 6.3683099365e+02 6.3677899170e+02 6.3671502686e+02 6.3657202148e+02 6.3634802246e+02 6.3604699707e+02 6.3579498291e+02 6.3558197021e+02 6.3537500000e+02 6.3517700195e+02 6.3492602539e+02 6.3464099121e+02 6.3434301758e+02 6.3404498291e+02 6.3371801758e+02 6.3334301758e+02 6.3292999268e+02 6.3247698975e+02 6.3220800781e+02 6.3204901123e+02 6.3178698730e+02 6.3157299805e+02 6.3139202881e+02
6.4340502930e+02 6.4304400635e+02 6.4274700928e+02 6.4250897217e+02 6.4227398682e+02 6.4203198242e+02 6.4181402588e+02 6.4157897949e+02 6.4131500244e+02 6.4099902344e+02 6.4064099121e+02 6.4026000977e+02 6.3984802246e+02 6.3950299072e+02 6.3919201660e+02 6.3878698730e+02 6.3832202148e+02 6.3787799072e+02 6.3753802490e+02 6.3729400635e+02 6.3712597656e+02 6.3699298096e+02 6.3687799072e+02 6.3676800537e+02 6.3666497803e+02 6.3654199219e+02 6.3634698486e+02 6.3609301758e+02 6.3581597900e+02 6.3559497070e+02 6.3539202881e+02 6.3519598389e+02 6.3501202393e+02 6.3476202393e+02 6.3447399902e+02 6.3416802979e+02 6.3386499023e+02 6.3354400635e+02 6.3317602539e+02 6.3277502441e+02 6.3236499023e+02 6.3207702637e+02 6.3185797119e+02 6.3148199463e+02 6.3118597412e+02 6.3101599121e+02
