TESTSERVER/10/1.asc
NCOLS 100
NROWS 100
XLLCORNER 7.9997500000e+03
YLLCORNER 2.8990025000e+05
CELLSIZE 5.0000000000e-01
NODATA_VALUE -9.9990000000e+03
[rows 0 to 19 of 100, columns 46 to 91 of 100]
6.3727197266e+02 6.3714898682e+02 6.3698400879e+02 6.3680700684e+02 6.3668402100e+02 6.3648901367e+02 6.3639697266e+02 6.3625500488e+02 6.3592498779e+02 6.3536499023e+02 6.3487500000e+02 6.3452398682e+02 6.3420697021e+02 6.3383099365e+02 6.3341601563e+02 6.3291998291e+02 6.3224200439e+02 6.3166998291e+02 6.3112402344e+02 6.3045800781e+02 6.2962597656e+02 6.2876501465e+02 6.2828302002e+02 6.2813397217e+02 6.2785900879e+02 6.2722302246e+02 6.2675598145e+02 6.2636798096e+02 6.2591802979e+02 6.2579302979e+02 6.2507800293e+02 6.2397601318e+02 6.2325598145e+02 6.2276098633e+02 6.2217602539e+02 6.2159002686e+02 6.2109899902e+02 6.2058099365e+02 6.1956597900e+02 6.1865899658e+02 6.1835699463e+02 6.1829101563e+02 6.1827099609e+02 6.1829699707e+02 6.1840399170e+02 6.1855401611e+02
6.3694201660e+02 6.3679602051e+02 6.3661102295e+02 6.3648602295e+02 6.3634497070e+02 6.3609399414e+02 6.3599499512e+02 6.3582897949e+02 6.3548199463e+02 6.3501501465e+02 6.3458398438e+02 6.3426800537e+02 6.3402801514e+02 6.3360601807e+02 6.3301501465e+02 6.3234497070e+02 6.3164398193e+02 6.3111199951e+02 6.3058697510e+02 6.2993701172e+02 6.2912097168e+02 6.2827502441e+02 6.2769799805e+02 6.2727502441e+02 6.2676898193e+02 6.2627801514e+02 6.2586901855e+02 6.2534600830e+02 6.2479498291e+02 6.2456201172e+02 6.2410101318e+02 6.2352001953e+02 6.2300598145e+02 6.2253100586e+02 6.2193402100e+02 6.2132598877e+02 6.2080200195e+02 6.1997198486e+02 6.1896301270e+02 6.1843402100e+02 6.1834301758e+02 6.1827600098e+02 6.1825000000e+02 6.1828497314e+02 6.1843701172e+02 6.1851501465e+02
6.3663098145e+02 6.3644396973e+02 6.3623297119e+02 6.3614099121e+02 6.3599401855e+02 6.3583898926e+02 6.3572900391e+02 6.3545202637e+02 6.3503900146e+02 6.3471398926e+02 6.3436297607e+02 6.3397802734e+02 6.3372900391e+02 6.3314398193e+02 6.3240100098e+02 6.3169097900e+02 6.3110302734e+02 6.3063500977e+02 6.3013598633e+02 6.2947399902e+02 6.2859997559e+02 6.2758697510e+02 6.2692401123e+02 6.2649700928e+02 6.2600299072e+02 6.2559802246e+02 6.2526397705e+02 6.2482800293e+02 6.2427697754e+02 6.2398400879e+02 6.2371301270e+02 6.2334497070e+02 6.2286499023e+02 6.2230798340e+02 6.2167498779e+02 6.2102001953e+02 6.2039300537e+02 6.1935797119e+02 6.1853698730e+02 6.1833599854e+02 6.1835498047e+02 6.1828100586e+02 6.1824798584e+02 6.1826702881e+02 6.1840301514e+02 6.1848101807e+02
6.3638897705e+02 6.3614001465e+02 6.3581896973e+02 6.3567102051e+02 6.3552099609e+02 6.3547802734e+02 6.3534899902e+02 6.3498901367e+02 6.3458001709e+02 6.3433398438e+02 6.3405102539e+02 6.3359301758e+02 6.3322302246e+02 6.3248797607e+02 6.3171301270e+02 6.3109997559e+02 6.3069897461e+02 6.3029699707e+02 6.2982702637e+02 6.2913800049e+02 6.2817102051e+02 6.2698101807e+02 6.2628802490e+02 6.2599902344e+02 6.2564398193e+02 6.2522601318e+02 6.2488299561e+02 6.2452099609e+02 6.2406097412e+02 6.2373901367e+02 6.2351300049e+02 6.2319097900e+02 6.2264398193e+02 6.2198400879e+02 6.2128698730e+02 6.2056896973e+02 6.1982702637e+02 6.1892700195e+02 6.1841198730e+02 6.1835900879e+02 6.1835400391e+02 6.1829901123e+02 6.1825701904e+02 6.1823498535e+02 6.1833300781e+02 6.1849401855e+02
6.3603601074e+02 6.3573498535e+02 6.3538500977e+02 6.3517999268e+02 6.3508001709e+02 6.3499700928e+02 6.3480200195e+02 6.3447802734e+02 6.3419097900e+02 6.3400799561e+02 6.3367401123e+02 6.3310699463e+02 6.3243597412e+02 6.3180102539e+02 6.3117401123e+02 6.3074102783e+02 6.3052398682e+02 6.3008898926e+02 6.2965301514e+02 6.2896600342e+02 6.2782702637e+02 6.2656597900e+02 6.2592700195e+02 6.2574298096e+02 6.2543798828e+02 6.2491900635e+02 6.2450201416e+02 6.2409899902e+02 6.2367401123e+02 6.2344097900e+02 6.2319396973e+02 6.2281500244e+02 6.2219097900e+02 6.2146697998e+02 6.2065002441e+02 6.1984100342e+02 6.1903802490e+02 6.1859600830e+02 6.1837500000e+02 6.1834600830e+02 6.1833001709e+02 6.1829998779e+02 6.1827099609e+02 6.1826000977e+02 6.1834301758e+02 6.1846997070e+02
6.3544299316e+02 6.3521398926e+02 6.3498797607e+02 6.3484100342e+02 6.3473999023e+02 6.3455999756e+02 6.3436602783e+02 6.3413800049e+02 6.3383502197e+02 6.3358197021e+02 6.3319799805e+02 6.3263000488e+02 6.3197302246e+02 6.3135101318e+02 6.3083398438e+02 6.3045898438e+02 6.3016699219e+02 6.2973400879e+02 6.2943798828e+02 6.2887799072e+02 6.2761401367e+02 6.2621002197e+02 6.2556201172e+02 6.2536700439e+02 6.2500402832e+02 6.2445898438e+02 6.2407598877e+02 6.2371197510e+02 6.2335198975e+02 6.2301599121e+02 6.2268701172e+02 6.2221197510e+02 6.2154602051e+02 6.2079998779e+02 6.1996398926e+02 6.1919500732e+02 6.1869500732e+02 6.1844598389e+02 6.1830798340e+02 6.1830200195e+02 6.1830999756e+02 6.1828198242e+02 6.1825799561e+02 6.1822698975e+02 6.1823901367e+02 6.1826202393e+02
6.3499102783e+02 6.3474902344e+02 6.3457202148e+02 6.3444702148e+02 6.3434301758e+02 6.3419799805e+02 6.3414801025e+02 6.3399102783e+02 6.3348797607e+02 6.3309497070e+02 6.3267102051e+02 6.3212902832e+02 6.3152899170e+02 6.3098297119e+02 6.3051702881e+02 6.3013702393e+02 6.2976599121e+02 6.2939501953e+02 6.2928302002e+02 6.2882098389e+02 6.2747399902e+02 6.2594201660e+02 6.2518200684e+02 6.2487298584e+02 6.2446301270e+02 6.2396801758e+02 6.2361901855e+02 6.2330700684e+02 6.2305902100e+02 6.2261999512e+02 6.2213800049e+02 6.2158599854e+02 6.2092999268e+02 6.2023101807e+02 6.1954901123e+02 6.1896801758e+02 6.1854998779e+02 6.1835198975e+02 6.1827899170e+02 6.1828601074e+02 6.1829797363e+02 6.1828497314e+02 6.1826300049e+02 6.1823999023e+02 6.1822198486e+02 6.1819396973e+02
6.3471099854e+02 6.3446197510e+02 6.3427301025e+02 6.3414099121e+02 6.3400598145e+02 6.3394897461e+02 6.3415197754e+02 6.3414099121e+02 6.3327502441e+02 6.3265002441e+02 6.3219897461e+02 6.3167999268e+02 6.3110797119e+02 6.3062200928e+02 6.3019500732e+02 6.2979998779e+02 6.2937701416e+02 6.2908197021e+02 6.2901501465e+02 6.2847100830e+02 6.2701501465e+02 6.2555200195e+02 6.2479199219e+02 6.2440997314e+02 6.2399401855e+02 6.2355499268e+02 6.2316802979e+02 6.2284399414e+02 6.2267797852e+02 6.2216101074e+02 6.2155700684e+02 6.2099200439e+02 6.2036901855e+02 6.1968798828e+02 6.1917901611e+02 6.1880902100e+02 6.1847802734e+02 6.1831597900e+02 6.1827301025e+02 6.1826702881e+02 6.1829498291e+02 6.1830798340e+02 6.1827502441e+02 6.1825598145e+02 6.1823498535e+02 6.1822698975e+02
6.3444500732e+02 6.3419097900e+02 6.3399102783e+02 6.3387402344e+02 6.3373797607e+02 6.3352301025e+02 6.3361401367e+02 6.3358801270e+02 6.3274401855e+02 6.3219702148e+02 6.3176501465e+02 6.3122399902e+02 6.3058300781e+02 6.3019201660e+02 6.2984600830e+02 6.2947698975e+02 6.2898101807e+02 6.2862500000e+02 6.2848498535e+02 6.2762597656e+02 6.2596002197e+02 6.2501300049e+02 6.2443298340e+02 6.2404199219e+02 6.2356201172e+02 6.2313098145e+02 6.2270300293e+02 6.2236102295e+02 6.2213598633e+02 6.2160400391e+02 6.2098999023e+02 6.2046997070e+02 6.1994598389e+02 6.1920300293e+02 6.1882000732e+02 6.1859100342e+02 6.1841998291e+02 6.1829998779e+02 6.1825402832e+02 6.1822900391e+02 6.1825000000e+02 6.1824401855e+02 6.1821600342e+02 6.1821899414e+02 6.1821801758e+02 6.1827301025e+02
6.3406896973e+02 6.3376702881e+02 6.3356896973e+02 6.3341101074e+02 6.3315802002e+02 6.3284399414e+02 6.3264099121e+02 6.3234600830e+02 6.3190600586e+02 6.3163299561e+02 6.3122302246e+02 6.3070300293e+02 6.3015997314e+02 6.2984802246e+02 6.2964001465e+02 6.2921197510e+02 6.2844396973e+02 6.2819201660e+02 6.2784100342e+02 6.2659002686e+02 6.2529199219e+02 6.2471502686e+02 6.2422399902e+02 6.2378997803e+02 6.2331799316e+02 6.2285998535e+02 6.2237701416e+02 6.2188299561e+02 6.2139501953e+02 6.2092700195e+02 6.2032800293e+02 6.1979901123e+02 6.1937902832e+02 6.1889801025e+02 6.1865600586e+02 6.1840997314e+02 6.1833599854e+02 6.1830902100e+02 6.1822900391e+02 6.1818701172e+02 6.1820202637e+02 6.1819097900e+02 6.1818298340e+02 6.1819500732e+02 6.1819500732e+02 6.1819000244e+02
6.3363598633e+02 6.3336102295e+02 6.3317102051e+02 6.3291900635e+02 6.3259600830e+02 6.3238897705e+02 6.3225299072e+02 6.3197100830e+02 6.3147198486e+02 6.3103997803e+02 6.3066400146e+02 6.3027801514e+02 6.2987902832e+02 6.2958502197e+02 6.2933398438e+02 6.2882397461e+02 6.2801397705e+02 6.2774298096e+02 6.2701397705e+02 6.2578399658e+02 6.2500000000e+02 6.2440002441e+02 6.2394097900e+02 6.2354602051e+02 6.2312902832e+02 6.2263098145e+02 6.2206701660e+02 6.2149597168e+02 6.2091900635e+02 6.2033398438e+02 6.1967199707e+02 6.1918103027e+02 6.1895300293e+02 6.1870898438e+02 6.1852197266e+02 6.1832897949e+02 6.1828302002e+02 6.1828302002e+02 6.1821997070e+02 6.1819702148e+02 6.1820599365e+02 6.1819299316e+02 6.1817700195e+02 6.1817498779e+02 6.1817498779e+02 6.1813598633e+02
6.3321899414e+02 6.3295599365e+02 6.3273999023e+02 6.3240100098e+02 6.3205902100e+02 6.3186297607e+02 6.3178100586e+02 6.3154901123e+02 6.3099798584e+02 6.3046801758e+02 6.3014599609e+02 6.2989898682e+02 6.2964001465e+02 6.2921502686e+02 6.2878198242e+02 6.2827001953e+02 6.2766302490e+02 6.2718103027e+02 6.2622302246e+02 6.2525598145e+02 6.2480200195e+02 6.2415899658e+02 6.2373602295e+02 6.2334899902e+02 6.2294000244e+02 6.2242199707e+02 6.2185601807e+02 6.2128601074e+02 6.2063098145e+02 6.1991998291e+02 6.1929498291e+02 6.1894598389e+02 6.1883099365e+02 6.1855798340e+02 6.1836199951e+02 6.1823901367e+02 6.1817401123e+02 6.1815502930e+02 6.1815698242e+02 6.1818902588e+02 6.1819598389e+02 6.1818499756e+02 6.1817199707e+02 6.1816699219e+02 6.1817498779e+02 6.1814898682e+02
6.3299298096e+02 6.3253302002e+02 6.3220501709e+02 6.3184002686e+02 6.3154400635e+02 6.3137200928e+02 6.3124401855e+02 6.3097100830e+02 6.3046997070e+02 6.2992498779e+02 6.2965600586e+02 6.2946502686e+02 6.2918298340e+02 6.2866802979e+02 6.2811499023e+02 6.2773797607e+02 6.2747100830e+02 6.2693200684e+02 6.2594897461e+02 6.2505798340e+02 6.2454699707e+02 6.2410101318e+02 6.2371002197e+02 6.2328497314e+02 6.2278601074e+02 6.2222998047e+02 6.2175701904e+02 6.2117199707e+02 6.2027600098e+02 6.1954797363e+02 6.1909002686e+02 6.1888500977e+02 6.1879199219e+02 6.1843200684e+02 6.1822497559e+02 6.1812799072e+02 6.1805297852e+02 6.1807098389e+02 6.1813702393e+02 6.1815600586e+02 6.1812402344e+02 6.1813598633e+02 6.1815002441e+02 6.1815600586e+02 6.1812799072e+02 6.1813299561e+02
6.3301800537e+02 6.3227697754e+02 6.3171502686e+02 6.3138598633e+02 6.3120098877e+02 6.3105700684e+02 6.3084301758e+02 6.3048101807e+02 6.3001397705e+02 6.2959997559e+02 6.2941400146e+02 6.2910400391e+02 6.2854101563e+02 6.2805200195e+02 6.2771697998e+02 6.2749798584e+02 6.2719897461e+02 6.2665899658e+02 6.2559802246e+02 6.2480499268e+02 6.2453900146e+02 6.2419000244e+02 6.2370800781e+02 6.2314099121e+02 6.2254998779e+02 6.2192602539e+02 6.2153601074e+02 6.2104998779e+02 6.2010900879e+02 6.1924499512e+02 6.1889801025e+02 6.1878100586e+02 6.1863702393e+02 6.1829699707e+02 6.1815600586e+02 6.1808697510e+02 6.1806597900e+02 6.1810699463e+02 6.1820898438e+02 6.1818902588e+02 6.1813000488e+02 6.1814001465e+02 6.1812902832e+02 6.1811999512e+02 6.1814697266e+02 6.1808898926e+02
6.3250701904e+02 6.3194500732e+02 6.3147802734e+02 6.3111901855e+02 6.3085998535e+02 6.3068200684e+02 6.3035498047e+02 6.2990600586e+02 6.2955499268e+02 6.2925402832e+02 6.2895397949e+02 6.2859399414e+02 6.2805902100e+02 6.2763800049e+02 6.2741699219e+02 6.2719299316e+02 6.2673297119e+02 6.2605401611e+02 6.2514599609e+02 6.2458599854e+02 6.2442297363e+02 6.2411901855e+02 6.2362500000e+02 6.2300402832e+02 6.2234997559e+02 6.2172900391e+02 6.2130499268e+02 6.2080102539e+02 6.1982702637e+02 6.1899798584e+02 6.1881500244e+02 6.1871197510e+02 6.1843597412e+02 6.1820599365e+02 6.1814801025e+02 6.1809497070e+02 6.1806500244e+02 6.1802801514e+02 6.1810699463e+02 6.1812500000e+02 6.1807598877e+02 6.1809698486e+02 6.1806402588e+02 6.1804699707e+02 6.1805200195e+02 6.1829901123e+02
6.3161901855e+02 6.3131201172e+02 6.3106201172e+02 6.3073101807e+02 6.3040698242e+02 6.3023297119e+02 6.2991400146e+02 6.2948797607e+02 6.2922399902e+02 6.2879400635e+02 6.2833099365e+02 6.2803100586e+02 6.2769702148e+02 6.2732299805e+02 6.2703198242e+02 6.2666198730e+02 6.2608001709e+02 6.2545001221e+02 6.2483197021e+02 6.2444702148e+02 6.2419201660e+02 6.2384497070e+02 6.2333599854e+02 6.2274401855e+02 6.2208801270e+02 6.2150000000e+02 6.2103698730e+02 6.2047900391e+02 6.1956896973e+02 6.1886901855e+02 6.1878002930e+02 6.1861199951e+02 6.1823602295e+02 6.1813201904e+02 6.1810998535e+02 6.1806097412e+02 6.1802801514e+02 6.1796997070e+02 6.1801397705e+02 6.1806896973e+02 6.1802600098e+02 6.1803302002e+02 6.1800598145e+02 6.1802301025e+02 6.1806298828e+02 6.1929797363e+02
6.3136499023e+02 6.3096899414e+02 6.3059197998e+02 6.3024298096e+02 6.2990997314e+02 6.2979901123e+02 6.2956896973e+02 6.2922601318e+02 6.2890301514e+02 6.2839398193e+02 6.2796600342e+02 6.2765698242e+02 6.2730603027e+02 6.2696398926e+02 6.2660601807e+02 6.2607897949e+02 6.2543701172e+02 6.2497900391e+02 6.2460302734e+02 6.2428900146e+02 6.2389398193e+02 6.2347198486e+02 6.2296197510e+02 6.2241998291e+02 6.2190698242e+02 6.2134100342e+02 6.2084899902e+02 6.2023400879e+02 6.1942700195e+02 6.1886798096e+02 6.1871398926e+02 6.1847100830e+02 6.1813397217e+02 6.1810797119e+02 6.1808300781e+02 6.1800097656e+02 6.1791101074e+02 6.1794897461e+02 6.1798999023e+02 6.1804602051e+02 6.1804101563e+02 6.1802398682e+02 6.1800097656e+02 6.1809301758e+02 6.1843103027e+02 6.2080700684e+02
6.3101501465e+02 6.3059899902e+02 6.3035699463e+02 6.3005499268e+02 6.2952697754e+02 6.2934899902e+02 6.2916198730e+02 6.2893200684e+02 6.2861499023e+02 6.2816400146e+02 6.2773297119e+02 6.2730700684e+02 6.2688201904e+02 6.2654699707e+02 6.2619201660e+02 6.2565002441e+02 6.2517999268e+02 6.2470800781e+02 6.2426599121e+02 6.2388500977e+02 6.2344000244e+02 6.2308801270e+02 6.2271997070e+02 6.2224102783e+02 6.2168499756e+02 6.2114599609e+02 6.2065100098e+02 6.1988897705e+02 6.1907202148e+02 6.1877301025e+02 6.1864300537e+02 6.1836297607e+02 6.1810400391e+02 6.1808398438e+02 6.1808197021e+02 6.1798199463e+02 6.1789398193e+02 6.1790698242e+02 6.1790197754e+02 6.1793701172e+02 6.1801202393e+02 6.1800897217e+02 6.1797802734e+02 6.1814099121e+02 6.1840197754e+02 6.1955798340e+02
6.3048797607e+02 6.3025402832e+02 6.3025701904e+02 6.2990802002e+02 6.2918902588e+02 6.2895898438e+02 6.2881201172e+02 6.2864599609e+02 6.2825799561e+02 6.2783300781e+02 6.2743103027e+02 6.2694598389e+02 6.2638897705e+02 6.2601501465e+02 6.2569799805e+02 6.2527099609e+02 6.2493103027e+02 6.2450799561e+02 6.2404602051e+02 6.2357397461e+02 6.2307098389e+02 6.2272100830e+02 6.2244299316e+02 6.2203601074e+02 6.2142498779e+02 6.2077899170e+02 6.2008001709e+02 6.1937200928e+02 6.1889898682e+02 6.1869201660e+02 6.1850799561e+02 6.1823602295e+02 6.1806597900e+02 6.1801898193e+02 6.1800097656e+02 6.1791802979e+02 6.1786999512e+02 6.1788397217e+02 6.1786401367e+02 6.1788397217e+02 6.1797497559e+02 6.1796801758e+02 6.1796002197e+02 6.1814697266e+02 6.1836602783e+02 6.1868402100e+02
6.2989202881e+02 6.2964501953e+02 6.2956097412e+02 6.2921997070e+02 6.2881597900e+02 6.2865502930e+02 6.2850000000e+02 6.2826397705e+02 6.2776599121e+02 6.2732598877e+02 6.2691497803e+02 6.2642199707e+02 6.2585699463e+02 6.2551800537e+02 6.2527899170e+02 6.2494097900e+02 6.2459997559e+02 6.2427600098e+02 6.2381896973e+02 6.2325097656e+02 6.2276501465e+02 6.2243298340e+02 6.2212597656e+02 6.2169201660e+02 6.2107397461e+02 6.2044702148e+02 6.1970697021e+02 6.1915100098e+02 6.1888397217e+02 6.1854699707e+02 6.1831500244e+02 6.1812402344e+02 6.1799700928e+02 6.1790600586e+02 6.1786401367e+02 6.1781701660e+02 6.1784002686e+02 6.1788201904e+02 6.1786901855e+02 6.1787799072e+02 6.1794500732e+02 6.1795300293e+02 6.1799102783e+02 6.1818298340e+02 6.1849298096e+02 6.1871197510e+02
