TESTSERVER/10/1.asc
NCOLS 100
NROWS 100
XLLCORNER 7.9997500000e+03
YLLCORNER 2.8990025000e+05
CELLSIZE 5.0000000000e-01
NODATA_VALUE -9.9990000000e+03
[rows 60 to 79 of 100, columns 46 to 91 of 100]
6.1275500488e+02 6.1279498291e+02 6.1276501465e+02 6.1273699951e+02 6.1291497803e+02 6.1326300049e+02 6.1364001465e+02 6.1408898926e+02 6.1470599365e+02 6.1542401123e+02 6.1613897705e+02 6.1682202148e+02 6.1758697510e+02 6.1823999023e+02 6.1877801514e+02 6.1940698242e+02 6.2005102539e+02 6.2097100830e+02 6.2125402832e+02 6.2137097168e+02 6.2160400391e+02 6.2184997559e+02 6.2214599609e+02 6.2242797852e+02 6.2273602295e+02 6.2311102295e+02 6.2355700684e+02 6.2431799316e+02 6.2526202393e+02 6.2669799805e+02 6.2864801025e+02 6.3032501221e+02 6.3143597412e+02 6.3205102539e+02 6.3265802002e+02 6.3330297852e+02 6.3393798828e+02 6.3442999268e+02 6.3494799805e+02 6.3549102783e+02 6.3603900146e+02 6.3645501709e+02 6.3688098145e+02 6.3745501709e+02 6.3803497314e+02 6.3860302734e+02
6.1276098633e+02 6.1276098633e+02 6.1275299072e+02 6.1275201416e+02 6.1300799561e+02 6.1335699463e+02 6.1383502197e+02 6.1435797119e+02 6.1495501709e+02 6.1557598877e+02 6.1628302002e+02 6.1700701904e+02 6.1766998291e+02 6.1832000732e+02 6.1890399170e+02 6.1952001953e+02 6.2012097168e+02 6.2078802490e+02 6.2114801025e+02 6.2134698486e+02 6.2156896973e+02 6.2182299805e+02 6.2211798096e+02 6.2240197754e+02 6.2275201416e+02 6.2318200684e+02 6.2383697510e+02 6.2465399170e+02 6.2565899658e+02 6.2744500732e+02 6.2943298340e+02 6.3082397461e+02 6.3155999756e+02 6.3205700684e+02 6.3264501953e+02 6.3337402344e+02 6.3403900146e+02 6.3449902344e+02 6.3505200195e+02 6.3564001465e+02 6.3612402344e+02 6.3644299316e+02 6.3687298584e+02 6.3757702637e+02 6.3814202881e+02 6.3872302246e+02
6.1274798584e+02 6.1275201416e+02 6.1270501709e+02 6.1273498535e+02 6.1306402588e+02 6.1346899414e+02 6.1406500244e+02 6.1465502930e+02 6.1522998047e+02 6.1578399658e+02 6.1644500732e+02 6.1723400879e+02 6.1796398926e+02 6.1851300049e+02 6.1901898193e+02 6.1956500244e+02 6.2021600342e+02 6.2080999756e+02 6.2113397217e+02 6.2132397461e+02 6.2150097656e+02 6.2178002930e+02 6.2208599854e+02 6.2238897705e+02 6.2274902344e+02 6.2334899902e+02 6.2420501709e+02 6.2503802490e+02 6.2600402832e+02 6.2795300293e+02 6.2989697266e+02 6.3105297852e+02 6.3154400635e+02 6.3211602783e+02 6.3274700928e+02 6.3345501709e+02 6.3409997559e+02 6.3458197021e+02 6.3518402100e+02 6.3579400635e+02 6.3619702148e+02 6.3646697998e+02 6.3703100586e+02 6.3782897949e+02 6.3831896973e+02 6.3886602783e+02
6.1267999268e+02 6.1270800781e+02 6.1266998291e+02 6.1275201416e+02 6.1312200928e+02 6.1360601807e+02 6.1425097656e+02 6.1486199951e+02 6.1544897461e+02 6.1600897217e+02 6.1663500977e+02 6.1755999756e+02 6.1847399902e+02 6.1876397705e+02 6.1920098877e+02 6.1971301270e+02 6.2027099609e+02 6.2076501465e+02 6.2104901123e+02 6.2127398682e+02 6.2145098877e+02 6.2171600342e+02 6.2205102539e+02 6.2242102051e+02 6.2279400635e+02 6.2360601807e+02 6.2463500977e+02 6.2544396973e+02 6.2628198242e+02 6.2822100830e+02 6.3003900146e+02 6.3104302979e+02 6.3150000000e+02 6.3227301025e+02 6.3292199707e+02 6.3350500488e+02 6.3405902100e+02 6.3458801270e+02 6.3522802734e+02 6.3585400391e+02 6.3624597168e+02 6.3651300049e+02 6.3717797852e+02 6.3804199219e+02 6.3850799561e+02 6.3899298096e+02
6.1266400146e+02 6.1268902588e+02 6.1263299561e+02 6.1273699951e+02 6.1318499756e+02 6.1378399658e+02 6.1436297607e+02 6.1487298584e+02 6.1549401855e+02 6.1604498291e+02 6.1665197754e+02 6.1763098145e+02 6.1852099609e+02 6.1896502686e+02 6.1959698486e+02 6.2027001953e+02 6.2060400391e+02 6.2086102295e+02 6.2108599854e+02 6.2131402588e+02 6.2148400879e+02 6.2170300293e+02 6.2203900146e+02 6.2246002197e+02 6.2303302002e+02 6.2403399658e+02 6.2511999512e+02 6.2600500488e+02 6.2692700195e+02 6.2849700928e+02 6.3005499268e+02 6.3099499512e+02 6.3156597900e+02 6.3240997314e+02 6.3303900146e+02 6.3349700928e+02 6.3397802734e+02 6.3450097656e+02 6.3513201904e+02 6.3575097656e+02 6.3617498779e+02 6.3654101563e+02 6.3732800293e+02 6.3817297363e+02 6.3866900635e+02 6.3905999756e+02
6.1266400146e+02 6.1264697266e+02 6.1258599854e+02 6.1269000244e+02 6.1315997314e+02 6.1377600098e+02 6.1447399902e+02 6.1500097656e+02 6.1554998779e+02 6.1595202637e+02 6.1666101074e+02 6.1750799561e+02 6.1826800537e+02 6.1887597656e+02 6.1957800293e+02 6.2027600098e+02 6.2066998291e+02 6.2091101074e+02 6.2108599854e+02 6.2127697754e+02 6.2151202393e+02 6.2181097412e+02 6.2213500977e+02 6.2262298584e+02 6.2346600342e+02 6.2449200439e+02 6.2550402832e+02 6.2647802734e+02 6.2752398682e+02 6.2894000244e+02 6.3019702148e+02 6.3103997803e+02 6.3164300537e+02 6.3248498535e+02 6.3309197998e+02 6.3353302002e+02 6.3393499756e+02 6.3443298340e+02 6.3508197021e+02 6.3573101807e+02 6.3620800781e+02 6.3670800781e+02 6.3756201172e+02 6.3829400635e+02 6.3875201416e+02 6.3921697998e+02
6.1263201904e+02 6.1263702393e+02 6.1260900879e+02 6.1271002197e+02 6.1315301514e+02 6.1377600098e+02 6.1450000000e+02 6.1506298828e+02 6.1558697510e+02 6.1629699707e+02 6.1735302734e+02 6.1800201416e+02 6.1829302979e+02 6.1876202393e+02 6.1933801270e+02 6.1993200684e+02 6.2034899902e+02 6.2073699951e+02 6.2100701904e+02 6.2125097656e+02 6.2157397461e+02 6.2197900391e+02 6.2234301758e+02 6.2292901611e+02 6.2398999023e+02 6.2499597168e+02 6.2589501953e+02 6.2678497314e+02 6.2784899902e+02 6.2915301514e+02 6.3028698730e+02 6.3109497070e+02 6.3177301025e+02 6.3258697510e+02 6.3315301514e+02 6.3354699707e+02 6.3389001465e+02 6.3440698242e+02 6.3509100342e+02 6.3577502441e+02 6.3629998779e+02 6.3692999268e+02 6.3777099609e+02 6.3844396973e+02 6.3889300537e+02 6.3937298584e+02
6.1258197021e+02 6.1261297607e+02 6.1264099121e+02 6.1277502441e+02 6.1319000244e+02 6.1382800293e+02 6.1451599121e+02 6.1506298828e+02 6.1558599854e+02 6.1669799805e+02 6.1804699707e+02 6.1854302979e+02 6.1851501465e+02 6.1882202148e+02 6.1921301270e+02 6.1966497803e+02 6.2009100342e+02 6.2057299805e+02 6.2090197754e+02 6.2123901367e+02 6.2169097900e+02 6.2223498535e+02 6.2271398926e+02 6.2342602539e+02 6.2455902100e+02 6.2545501709e+02 6.2618499756e+02 6.2693200684e+02 6.2796398926e+02 6.2923498535e+02 6.3029797363e+02 6.3108398438e+02 6.3179901123e+02 6.3256298828e+02 6.3309600830e+02 6.3347399902e+02 6.3381402588e+02 6.3439001465e+02 6.3509802246e+02 6.3579602051e+02 6.3633801270e+02 6.3696801758e+02 6.3779199219e+02 6.3850097656e+02 6.3897802734e+02 6.3935601807e+02
6.1251300049e+02 6.1258801270e+02 6.1266998291e+02 6.1284399414e+02 6.1322698975e+02 6.1389599609e+02 6.1455200195e+02 6.1506500244e+02 6.1555297852e+02 6.1664501953e+02 6.1788201904e+02 6.1853100586e+02 6.1873901367e+02 6.1902899170e+02 6.1936297607e+02 6.1974102783e+02 6.2014398193e+02 6.2054797363e+02 6.2086602783e+02 6.2127502441e+02 6.2182702637e+02 6.2243902588e+02 6.2303900146e+02 6.2385198975e+02 6.2488000488e+02 6.2567797852e+02 6.2633502197e+02 6.2705297852e+02 6.2809802246e+02 6.2928002930e+02 6.3025402832e+02 6.3098797607e+02 6.3161499023e+02 6.3225799561e+02 6.3280999756e+02 6.3329302979e+02 6.3387402344e+02 6.3440698242e+02 6.3506298828e+02 6.3572399902e+02 6.3631799316e+02 6.3693499756e+02 6.3771801758e+02 6.3846502686e+02 6.3897198486e+02 6.3930297852e+02
6.1255102539e+02 6.1261999512e+02 6.1270202637e+02 6.1297698975e+02 6.1348602295e+02 6.1400598145e+02 6.1454199219e+02 6.1504400635e+02 6.1561798096e+02 6.1663500977e+02 6.1769097900e+02 6.1840802002e+02 6.1870898438e+02 6.1908197021e+02 6.1952600098e+02 6.1993103027e+02 6.2025897217e+02 6.2061401367e+02 6.2097900391e+02 6.2141302490e+02 6.2196899414e+02 6.2249499512e+02 6.2307098389e+02 6.2385797119e+02 6.2486798096e+02 6.2561901855e+02 6.2631701660e+02 6.2711602783e+02 6.2814398193e+02 6.2927899170e+02 6.3019097900e+02 6.3085198975e+02 6.3137500000e+02 6.3196197510e+02 6.3254998779e+02 6.3314099121e+02 6.3378802490e+02 6.3440899658e+02 6.3499902344e+02 6.3563098145e+02 6.3630700684e+02 6.3697900391e+02 6.3771801758e+02 6.3840100098e+02 6.3885601807e+02 6.3925000000e+02
6.1262500000e+02 6.1265399170e+02 6.1279498291e+02 6.1318798828e+02 6.1372900391e+02 6.1415802002e+02 6.1464099121e+02 6.1511297607e+02 6.1570697021e+02 6.1662298584e+02 6.1753497314e+02 6.1820800781e+02 6.1864898682e+02 6.1914398193e+02 6.1967999268e+02 6.2013299561e+02 6.2043798828e+02 6.2077801514e+02 6.2115899658e+02 6.2158001709e+02 6.2207800293e+02 6.2254302979e+02 6.2307000732e+02 6.2379199219e+02 6.2472601318e+02 6.2544799805e+02 6.2613897705e+02 6.2697198486e+02 6.2808300781e+02 6.2923400879e+02 6.3011102295e+02 6.3072198486e+02 6.3118402100e+02 6.3173400879e+02 6.3231597900e+02 6.3292498779e+02 6.3360797119e+02 6.3422698975e+02 6.3482098389e+02 6.3547497559e+02 6.3618200684e+02 6.3691802979e+02 6.3763897705e+02 6.3828900146e+02 6.3875201416e+02 6.3921697998e+02
6.1261602783e+02 6.1265698242e+02 6.1285400391e+02 6.1330999756e+02 6.1385699463e+02 6.1429101563e+02 6.1480297852e+02 6.1527600098e+02 6.1582598877e+02 6.1665600586e+02 6.1748199463e+02 6.1816400146e+02 6.1874597168e+02 6.1932202148e+02 6.1985998535e+02 6.2030499268e+02 6.2061999512e+02 6.2096099854e+02 6.2134399414e+02 6.2174597168e+02 6.2219201660e+02 6.2261798096e+02 6.2310302734e+02 6.2374902344e+02 6.2455902100e+02 6.2523498535e+02 6.2592297363e+02 6.2678100586e+02 6.2791601563e+02 6.2904101563e+02 6.2990100098e+02 6.3050598145e+02 6.3095098877e+02 6.3144799805e+02 6.3200897217e+02 6.3261999512e+02 6.3329797363e+02 6.3388000488e+02 6.3448297119e+02 6.3517102051e+02 6.3592700195e+02 6.3673999023e+02 6.3748400879e+02 6.3814801025e+02 6.3871502686e+02 6.3921801758e+02
6.1253002930e+02 6.1265197754e+02 6.1287200928e+02 6.1333898926e+02 6.1390899658e+02 6.1442901611e+02 6.1496398926e+02 6.1545001221e+02 6.1595599365e+02 6.1681402588e+02 6.1765600586e+02 6.1839697266e+02 6.1908001709e+02 6.1958398438e+02 6.2002197266e+02 6.2041101074e+02 6.2075000000e+02 6.2112799072e+02 6.2150201416e+02 6.2192102051e+02 6.2237298584e+02 6.2277697754e+02 6.2325299072e+02 6.2383898926e+02 6.2451098633e+02 6.2509802246e+02 6.2580102539e+02 6.2664398193e+02 6.2757098389e+02 6.2866400146e+02 6.2953997803e+02 6.3017901611e+02 6.3061401367e+02 6.3104400635e+02 6.3156799316e+02 6.3215600586e+02 6.3267297363e+02 6.3330200195e+02 6.3390802002e+02 6.3463299561e+02 6.3552197266e+02 6.3648199463e+02 6.3727502441e+02 6.3797497559e+02 6.3860498047e+02 6.3918499756e+02
6.1256701660e+02 6.1264300537e+02 6.1291699219e+02 6.1345202637e+02 6.1403698730e+02 6.1456799316e+02 6.1509399414e+02 6.1563000488e+02 6.1624401855e+02 6.1709698486e+02 6.1793597412e+02 6.1867199707e+02 6.1933801270e+02 6.1982897949e+02 6.2020599365e+02 6.2058898926e+02 6.2097900391e+02 6.2139001465e+02 6.2170697021e+02 6.2213000488e+02 6.2259197998e+02 6.2297399902e+02 6.2344396973e+02 6.2398901367e+02 6.2454901123e+02 6.2514001465e+02 6.2581500244e+02 6.2653698730e+02 6.2725799561e+02 6.2810998535e+02 6.2890698242e+02 6.2953302002e+02 6.2997998047e+02 6.3041802979e+02 6.3094201660e+02 6.3152801514e+02 6.3209997559e+02 6.3259399414e+02 6.3318103027e+02 6.3391699219e+02 6.3492401123e+02 6.3601397705e+02 6.3697399902e+02 6.3778997803e+02 6.3842797852e+02 6.3899902344e+02
6.1258001709e+02 6.1268499756e+02 6.1301702881e+02 6.1362799072e+02 6.1424298096e+02 6.1474102783e+02 6.1527899170e+02 6.1591497803e+02 6.1666101074e+02 6.1744598389e+02 6.1821197510e+02 6.1891601563e+02 6.1959197998e+02 6.2010101318e+02 6.2046801758e+02 6.2084698486e+02 6.2119201660e+02 6.2156500244e+02 6.2188800049e+02 6.2231701660e+02 6.2274499512e+02 6.2310998535e+02 6.2359997559e+02 6.2412500000e+02 6.2464099121e+02 6.2522399902e+02 6.2579498291e+02 6.2638098145e+02 6.2698901367e+02 6.2766497803e+02 6.2831402588e+02 6.2888201904e+02 6.2939801025e+02 6.2990100098e+02 6.3045898438e+02 6.3106201172e+02 6.3164501953e+02 6.3210498047e+02 6.3266198730e+02 6.3338299561e+02 6.3434600830e+02 6.3549902344e+02 6.3660198975e+02 6.3753601074e+02 6.3823999023e+02 6.3881097412e+02
6.1256402588e+02 6.1272601318e+02 6.1308197021e+02 6.1373297119e+02 6.1438800049e+02 6.1488800049e+02 6.1550701904e+02 6.1628900146e+02 6.1714202881e+02 6.1782897949e+02 6.1849102783e+02 6.1915600586e+02 6.1987902832e+02 6.2041699219e+02 6.2072497559e+02 6.2105297852e+02 6.2133398438e+02 6.2167297363e+02 6.2202099609e+02 6.2247698975e+02 6.2292999268e+02 6.2336798096e+02 6.2390197754e+02 6.2439300537e+02 6.2484399414e+02 6.2539398193e+02 6.2586798096e+02 6.2635101318e+02 6.2691601563e+02 6.2750201416e+02 6.2803900146e+02 6.2855700684e+02 6.2909600830e+02 6.2965600586e+02 6.3024401855e+02 6.3084301758e+02 6.3139898682e+02 6.3182800293e+02 6.3236102295e+02 6.3306201172e+02 6.3393701172e+02 6.3509399414e+02 6.3629797363e+02 6.3731298828e+02 6.3806597900e+02 6.3862597656e+02
6.1251800537e+02 6.1271099854e+02 6.1308697510e+02 6.1372100830e+02 6.1435302734e+02 6.1499401855e+02 6.1575500488e+02 6.1665802002e+02 6.1759997559e+02 6.1825097656e+02 6.1882501221e+02 6.1945001221e+02 6.2027398682e+02 6.2075000000e+02 6.2092797852e+02 6.2119000244e+02 6.2150701904e+02 6.2182202148e+02 6.2217999268e+02 6.2267999268e+02 6.2335699463e+02 6.2397601318e+02 6.2449401855e+02 6.2487402344e+02 6.2521801758e+02 6.2564300537e+02 6.2607299805e+02 6.2653900146e+02 6.2707202148e+02 6.2761901855e+02 6.2809997559e+02 6.2859399414e+02 6.2918798828e+02 6.2979302979e+02 6.3040002441e+02 6.3095501709e+02 6.3149102783e+02 6.3186999512e+02 6.3239099121e+02 6.3306896973e+02 6.3393798828e+02 6.3501800537e+02 6.3619598389e+02 6.3718298340e+02 6.3789099121e+02 6.3849798584e+02
6.1254199219e+02 6.1270300293e+02 6.1309698486e+02 6.1377001953e+02 6.1454797363e+02 6.1537799072e+02 6.1626000977e+02 6.1711999512e+02 6.1793200684e+02 6.1854901123e+02 6.1911401367e+02 6.1970001221e+02 6.2039202881e+02 6.2087200928e+02 6.2107501221e+02 6.2135699463e+02 6.2170599365e+02 6.2203997803e+02 6.2241998291e+02 6.2295202637e+02 6.2379101563e+02 6.2461798096e+02 6.2503601074e+02 6.2535101318e+02 6.2571099854e+02 6.2605902100e+02 6.2641101074e+02 6.2684497070e+02 6.2732800293e+02 6.2780902100e+02 6.2833197021e+02 6.2895501709e+02 6.2960498047e+02 6.3016802979e+02 6.3067297363e+02 6.3112701416e+02 6.3157000732e+02 6.3198797607e+02 6.3250000000e+02 6.3322698975e+02 6.3417199707e+02 6.3533898926e+02 6.3637799072e+02 6.3721899414e+02 6.3787298584e+02 6.3848101807e+02
6.1254101563e+02 6.1276702881e+02 6.1327398682e+02 6.1411499023e+02 6.1509399414e+02 6.1599597168e+02 6.1683697510e+02 6.1752899170e+02 6.1812701416e+02 6.1870800781e+02 6.1930401611e+02 6.1988397217e+02 6.2043902588e+02 6.2086297607e+02 6.2115899658e+02 6.2152301025e+02 6.2189599609e+02 6.2223101807e+02 6.2261297607e+02 6.2319000244e+02 6.2409899902e+02 6.2501000977e+02 6.2549902344e+02 6.2587597656e+02 6.2627099609e+02 6.2663098145e+02 6.2697601318e+02 6.2736401367e+02 6.2773199463e+02 6.2809600830e+02 6.2875201416e+02 6.2954199219e+02 6.3012298584e+02 6.3053698730e+02 6.3091198730e+02 6.3126800537e+02 6.3168103027e+02 6.3206896973e+02 6.3256799316e+02 6.3332702637e+02 6.3441101074e+02 6.3565502930e+02 6.3664099121e+02 6.3739300537e+02 6.3796697998e+02 6.3854901123e+02
6.1257897949e+02 6.1305401611e+02 6.1379101563e+02 6.1476800537e+02 6.1571997070e+02 6.1654998779e+02 6.1728497314e+02 6.1783599854e+02 6.1832501221e+02 6.1890502930e+02 6.1951800537e+02 6.2007702637e+02 6.2053601074e+02 6.2092602539e+02 6.2129797363e+02 6.2169799805e+02 6.2205999756e+02 6.2241699219e+02 6.2280200195e+02 6.2353698730e+02 6.2465899658e+02 6.2558001709e+02 6.2614501953e+02 6.2661199951e+02 6.2696899414e+02 6.2730200195e+02 6.2764099121e+02 6.2799298096e+02 6.2823999023e+02 6.2854901123e+02 6.2937402344e+02 6.3023797607e+02 6.3069396973e+02 6.3100299072e+02 6.3125799561e+02 6.3152001953e+02 6.3187902832e+02 6.3223400879e+02 6.3271600342e+02 6.3347998047e+02 6.3463598633e+02 6.3594799805e+02 6.3690502930e+02 6.3759698486e+02 6.3811297607e+02 6.3868103027e+02
