TESTSERVER/10/1.asc
NCOLS 100
NROWS 100
XLLCORNER 7.9997500000e+03
YLLCORNER 2.8990025000e+05
CELLSIZE 5.0000000000e-01
NODATA_VALUE -9.9990000000e+03
[rows 20 to 39 of 100, columns 0 to 45 of 100]
6.3893597412e+02 6.3909802246e+02 6.3914398193e+02 6.3923797607e+02 6.3931097412e+02 6.3933300781e+02 6.3940100098e+02 6.3952899170e+02 6.3955700684e+02 6.3952801514e+02 6.3944299316e+02 6.3924597168e+02 6.3900299072e+02 6.3871301270e+02 6.3842297363e+02 6.3819000244e+02 6.3809899902e+02 6.3807299805e+02 6.3804699707e+02 6.3791302490e+02 6.3778100586e+02 6.3749499512e+02 6.3713500977e+02 6.3688598633e+02 6.3657000732e+02 6.3627697754e+02 6.3618499756e+02 6.3586401367e+02 6.3554901123e+02 6.3525000000e+02 6.3498498535e+02 6.3467700195e+02 6.3423498535e+02 6.3383801270e+02 6.3353002930e+02 6.3333801270e+02 6.3307897949e+02 6.3261499023e+02 6.3204400635e+02 6.3167401123e+02 6.3140002441e+02 6.3123199463e+02 6.3097998047e+02 6.3044500732e+02 6.3002801514e+02 6.2976202393e+02
6.3872601318e+02 6.3890197754e+02 6.3895202637e+02 6.3905902100e+02 6.3913897705e+02 6.3916101074e+02 6.3924102783e+02 6.3933197021e+02 6.3933300781e+02 6.3924499512e+02 6.3910302734e+02 6.3886999512e+02 6.3859301758e+02 6.3833599854e+02 6.3814599609e+02 6.3802600098e+02 6.3800598145e+02 6.3798297119e+02 6.3786602783e+02 6.3775799561e+02 6.3762200928e+02 6.3710601807e+02 6.3666601563e+02 6.3639099121e+02 6.3612500000e+02 6.3591900635e+02 6.3576501465e+02 6.3547601318e+02 6.3517901611e+02 6.3491497803e+02 6.3470697021e+02 6.3432897949e+02 6.3382299805e+02 6.3344500732e+02 6.3318798828e+02 6.3292602539e+02 6.3253002930e+02 6.3203002930e+02 6.3164697266e+02 6.3142797852e+02 6.3129602051e+02 6.3102697754e+02 6.3039202881e+02 6.2982598877e+02 6.2950000000e+02 6.2930700684e+02
6.3851702881e+02 6.3865301514e+02 6.3876300049e+02 6.3887597656e+02 6.3896600342e+02 6.3899597168e+02 6.3907299805e+02 6.3911102295e+02 6.3904400635e+02 6.3889202881e+02 6.3869396973e+02 6.3845098877e+02 6.3821801758e+02 6.3804901123e+02 6.3796002197e+02 6.3793200684e+02 6.3794702148e+02 6.3785198975e+02 6.3762902832e+02 6.3746301270e+02 6.3720397949e+02 6.3662200928e+02 6.3621801758e+02 6.3595098877e+02 6.3568798828e+02 6.3546099854e+02 6.3524597168e+02 6.3505603027e+02 6.3486102295e+02 6.3461901855e+02 6.3428002930e+02 6.3385400391e+02 6.3341302490e+02 6.3308502197e+02 6.3287701416e+02 6.3251800537e+02 6.3203198242e+02 6.3160998535e+02 6.3126000977e+02 6.3101702881e+02 6.3084002686e+02 6.3039202881e+02 6.2967102051e+02 6.2930999756e+02 6.2903198242e+02 6.2882897949e+02
6.3835601807e+02 6.3844598389e+02 6.3855401611e+02 6.3868597412e+02 6.3879602051e+02 6.3884002686e+02 6.3888500977e+02 6.3884997559e+02 6.3871697998e+02 6.3851397705e+02 6.3827801514e+02 6.3806896973e+02 6.3793200684e+02 6.3788098145e+02 6.3789898682e+02 6.3797399902e+02 6.3793902588e+02 6.3770800781e+02 6.3740197754e+02 6.3700897217e+02 6.3658898926e+02 6.3612402344e+02 6.3582397461e+02 6.3555999756e+02 6.3528900146e+02 6.3507202148e+02 6.3482702637e+02 6.3461798096e+02 6.3446099854e+02 6.3425402832e+02 6.3385198975e+02 6.3348297119e+02 6.3310498047e+02 6.3278601074e+02 6.3259002686e+02 6.3214202881e+02 6.3160797119e+02 6.3123400879e+02 6.3086999512e+02 6.3054101563e+02 6.3033898926e+02 6.2986798096e+02 6.2926098633e+02 6.2899700928e+02 6.2867102051e+02 6.2840002441e+02
6.3820202637e+02 6.3829199219e+02 6.3837097168e+02 6.3848797607e+02 6.3858898926e+02 6.3864398193e+02 6.3863397217e+02 6.3852398682e+02 6.3836901855e+02 6.3818298340e+02 6.3800799561e+02 6.3781799316e+02 6.3778100586e+02 6.3781597900e+02 6.3789202881e+02 6.3788201904e+02 6.3764501953e+02 6.3735498047e+02 6.3721899414e+02 6.3677502441e+02 6.3617102051e+02 6.3574499512e+02 6.3545397949e+02 6.3518103027e+02 6.3490301514e+02 6.3471002197e+02 6.3450000000e+02 6.3422302246e+02 6.3401000977e+02 6.3383001709e+02 6.3358398438e+02 6.3323901367e+02 6.3281402588e+02 6.3246002197e+02 6.3214801025e+02 6.3177099609e+02 6.3133001709e+02 6.3100500488e+02 6.3061999512e+02 6.3015698242e+02 6.2979400635e+02 6.2930297852e+02 6.2885400391e+02 6.2861401367e+02 6.2826000977e+02 6.2795001221e+02
6.3797900391e+02 6.3807800293e+02 6.3822399902e+02 6.3834399414e+02 6.3842102051e+02 6.3842700195e+02 6.3833801270e+02 6.3818499756e+02 6.3805700684e+02 6.3793402100e+02 6.3784002686e+02 6.3776800537e+02 6.3770202637e+02 6.3766198730e+02 6.3764300537e+02 6.3743402100e+02 6.3713000488e+02 6.3686798096e+02 6.3671301270e+02 6.3624798584e+02 6.3571099854e+02 6.3542999268e+02 6.3518701172e+02 6.3488598633e+02 6.3463299561e+02 6.3444396973e+02 6.3427899170e+02 6.3397698975e+02 6.3375598145e+02 6.3365698242e+02 6.3353802490e+02 6.3300897217e+02 6.3254302979e+02 6.3221697998e+02 6.3178002930e+02 6.3138800049e+02 6.3104302979e+02 6.3064801025e+02 6.3014300537e+02 6.2973199463e+02 6.2926898193e+02 6.2880999756e+02 6.2852600098e+02 6.2824102783e+02 6.2790600586e+02 6.2751800537e+02
6.3775402832e+02 6.3786999512e+02 6.3805297852e+02 6.3817498779e+02 6.3820300293e+02 6.3814202881e+02 6.3799700928e+02 6.3786499023e+02 6.3777899170e+02 6.3771099854e+02 6.3770501709e+02 6.3768798828e+02 6.3757897949e+02 6.3745300293e+02 6.3733099365e+02 6.3705798340e+02 6.3677001953e+02 6.3649902344e+02 6.3623699951e+02 6.3582897949e+02 6.3542401123e+02 6.3521502686e+02 6.3492199707e+02 6.3463800049e+02 6.3443902588e+02 6.3423999023e+02 6.3402099609e+02 6.3368499756e+02 6.3343499756e+02 6.3332299805e+02 6.3319897461e+02 6.3265301514e+02 6.3225799561e+02 6.3195501709e+02 6.3147198486e+02 6.3102301025e+02 6.3064801025e+02 6.3021697998e+02 6.2975000000e+02 6.2942102051e+02 6.2888299561e+02 6.2841497803e+02 6.2804998779e+02 6.2770202637e+02 6.2736999512e+02 6.2694500732e+02
6.3753698730e+02 6.3768902588e+02 6.3786102295e+02 6.3794396973e+02 6.3790802002e+02 6.3778698730e+02 6.3763000488e+02 6.3755200195e+02 6.3752600098e+02 6.3752600098e+02 6.3757397461e+02 6.3756298828e+02 6.3740899658e+02 6.3719897461e+02 6.3696899414e+02 6.3669299316e+02 6.3642999268e+02 6.3614001465e+02 6.3583099365e+02 6.3558300781e+02 6.3527697754e+02 6.3500897217e+02 6.3468798828e+02 6.3442700195e+02 6.3420599365e+02 6.3393701172e+02 6.3366900635e+02 6.3341998291e+02 6.3317401123e+02 6.3295898438e+02 6.3270202637e+02 6.3231298828e+02 6.3204498291e+02 6.3167297363e+02 6.3112701416e+02 6.3069702148e+02 6.3020697021e+02 6.2971600342e+02 6.2931500244e+02 6.2895800781e+02 6.2835998535e+02 6.2789202881e+02 6.2749597168e+02 6.2716400146e+02 6.2685699463e+02 6.2653601074e+02
6.3737402344e+02 6.3753698730e+02 6.3765899658e+02 6.3764398193e+02 6.3753997803e+02 6.3738098145e+02 6.3724798584e+02 6.3726000977e+02 6.3731402588e+02 6.3738598633e+02 6.3746801758e+02 6.3737097168e+02 6.3717901611e+02 6.3691497803e+02 6.3664501953e+02 6.3641302490e+02 6.3616998291e+02 6.3589202881e+02 6.3559997559e+02 6.3545898438e+02 6.3523498535e+02 6.3486499023e+02 6.3447100830e+02 6.3413000488e+02 6.3383398438e+02 6.3357098389e+02 6.3333599854e+02 6.3312097168e+02 6.3292498779e+02 6.3277001953e+02 6.3247399902e+02 6.3209698486e+02 6.3189202881e+02 6.3148498535e+02 6.3091601563e+02 6.3045697021e+02 6.2983398438e+02 6.2921801758e+02 6.2875799561e+02 6.2840802002e+02 6.2788500977e+02 6.2751397705e+02 6.2723101807e+02 6.2673101807e+02 6.2640502930e+02 6.2620501709e+02
6.3727697754e+02 6.3744201660e+02 6.3736401367e+02 6.3721002197e+02 6.3708801270e+02 6.3701702881e+02 6.3703399658e+02 6.3709497070e+02 6.3716802979e+02 6.3721502686e+02 6.3718798828e+02 6.3703399658e+02 6.3682501221e+02 6.3658599854e+02 6.3635101318e+02 6.3616302490e+02 6.3595898438e+02 6.3572399902e+02 6.3548199463e+02 6.3541998291e+02 6.3517199707e+02 6.3464898682e+02 6.3429400635e+02 6.3392297363e+02 6.3355798340e+02 6.3332397461e+02 6.3313397217e+02 6.3279901123e+02 6.3261297607e+02 6.3254199219e+02 6.3214001465e+02 6.3171801758e+02 6.3142102051e+02 6.3090899658e+02 6.3036901855e+02 6.2990997314e+02 6.2945202637e+02 6.2893298340e+02 6.2842700195e+02 6.2813000488e+02 6.2760699463e+02 6.2712298584e+02 6.2678802490e+02 6.2636499023e+02 6.2599499512e+02 6.2574597168e+02
6.3703302002e+02 6.3704302979e+02 6.3690100098e+02 6.3682098389e+02 6.3678399658e+02 6.3681799316e+02 6.3690002441e+02 6.3694500732e+02 6.3697802734e+02 6.3696600342e+02 6.3685998535e+02 6.3666302490e+02 6.3646398926e+02 6.3626000977e+02 6.3605401611e+02 6.3588098145e+02 6.3569396973e+02 6.3545300293e+02 6.3523699951e+02 6.3512298584e+02 6.3490002441e+02 6.3450897217e+02 6.3419598389e+02 6.3384997559e+02 6.3347998047e+02 6.3323699951e+02 6.3298901367e+02 6.3258599854e+02 6.3233398438e+02 6.3215002441e+02 6.3173999023e+02 6.3136901855e+02 6.3091998291e+02 6.3027197266e+02 6.2984301758e+02 6.2939099121e+02 6.2902001953e+02 6.2860498047e+02 6.2819897461e+02 6.2781201172e+02 6.2717797852e+02 6.2670599365e+02 6.2637402344e+02 6.2594897461e+02 6.2550598145e+02 6.2520501709e+02
6.3655603027e+02 6.3651898193e+02 6.3652502441e+02 6.3656097412e+02 6.3662200928e+02 6.3671197510e+02 6.3677099609e+02 6.3675097656e+02 6.3671899414e+02 6.3664801025e+02 6.3651202393e+02 6.3632501221e+02 6.3615197754e+02 6.3597302246e+02 6.3577398682e+02 6.3561499023e+02 6.3544897461e+02 6.3519097900e+02 6.3496197510e+02 6.3477301025e+02 6.3457800293e+02 6.3432702637e+02 6.3396502686e+02 6.3366101074e+02 6.3333099365e+02 6.3302801514e+02 6.3261999512e+02 6.3226098633e+02 6.3204699707e+02 6.3192700195e+02 6.3150701904e+02 6.3099597168e+02 6.3048498535e+02 6.2986700439e+02 6.2944897461e+02 6.2895800781e+02 6.2861297607e+02 6.2825402832e+02 6.2785699463e+02 6.2734600830e+02 6.2676702881e+02 6.2641101074e+02 6.2608099365e+02 6.2565600586e+02 6.2515698242e+02 6.2480902100e+02
6.3618499756e+02 6.3627099609e+02 6.3634802246e+02 6.3639898682e+02 6.3652197266e+02 6.3662701416e+02 6.3661798096e+02 6.3650201416e+02 6.3639599609e+02 6.3630102539e+02 6.3621801758e+02 6.3605499268e+02 6.3591101074e+02 6.3572900391e+02 6.3546697998e+02 6.3528601074e+02 6.3512902832e+02 6.3490197754e+02 6.3472100830e+02 6.3446197510e+02 6.3411401367e+02 6.3385101318e+02 6.3364001465e+02 6.3332897949e+02 6.3292498779e+02 6.3251000977e+02 6.3210699463e+02 6.3189001465e+02 6.3166302490e+02 6.3147900391e+02 6.3112799072e+02 6.3040002441e+02 6.2995599365e+02 6.2945599365e+02 6.2897100830e+02 6.2856701660e+02 6.2827197266e+02 6.2790600586e+02 6.2738000488e+02 6.2700897217e+02 6.2652197266e+02 6.2613500977e+02 6.2575000000e+02 6.2530297852e+02 6.2484899902e+02 6.2447601318e+02
6.3593798828e+02 6.3603302002e+02 6.3617401123e+02 6.3631799316e+02 6.3641900635e+02 6.3640502930e+02 6.3631201172e+02 6.3618402100e+02 6.3607598877e+02 6.3600402832e+02 6.3594097900e+02 6.3581597900e+02 6.3567401123e+02 6.3547601318e+02 6.3522100830e+02 6.3499298096e+02 6.3479602051e+02 6.3462097168e+02 6.3440698242e+02 6.3402899170e+02 6.3373101807e+02 6.3350402832e+02 6.3325897217e+02 6.3291497803e+02 6.3254998779e+02 6.3219702148e+02 6.3183197021e+02 6.3159899902e+02 6.3134997559e+02 6.3084997559e+02 6.3035998535e+02 6.3001501465e+02 6.2966198730e+02 6.2910498047e+02 6.2860900879e+02 6.2831799316e+02 6.2802197266e+02 6.2764099121e+02 6.2712402344e+02 6.2668298340e+02 6.2622100830e+02 6.2582800293e+02 6.2531500244e+02 6.2494201660e+02 6.2456298828e+02 6.2402801514e+02
6.3580102539e+02 6.3593902588e+02 6.3608697510e+02 6.3618701172e+02 6.3611401367e+02 6.3596801758e+02 6.3591699219e+02 6.3585797119e+02 6.3580798340e+02 6.3575402832e+02 6.3566400146e+02 6.3553302002e+02 6.3538299561e+02 6.3519201660e+02 6.3496600342e+02 6.3474200439e+02 6.3460101318e+02 6.3447302246e+02 6.3408398438e+02 6.3367401123e+02 6.3346899414e+02 6.3323101807e+02 6.3288598633e+02 6.3246398926e+02 6.3207098389e+02 6.3173400879e+02 6.3142297363e+02 6.3104498291e+02 6.3068499756e+02 6.3024401855e+02 6.2984301758e+02 6.2959399414e+02 6.2920800781e+02 6.2870397949e+02 6.2829901123e+02 6.2803601074e+02 6.2769201660e+02 6.2730200195e+02 6.2676000977e+02 6.2632598877e+02 6.2588098145e+02 6.2539398193e+02 6.2482397461e+02 6.2443499756e+02 6.2408300781e+02 6.2361999512e+02
6.3572399902e+02 6.3578997803e+02 6.3584100342e+02 6.3587298584e+02 6.3574401855e+02 6.3560101318e+02 6.3556298828e+02 6.3552801514e+02 6.3551702881e+02 6.3546301270e+02 6.3533001709e+02 6.3517999268e+02 6.3502697754e+02 6.3485601807e+02 6.3466302490e+02 6.3444500732e+02 6.3430499268e+02 6.3412097168e+02 6.3366497803e+02 6.3335400391e+02 6.3314801025e+02 6.3283801270e+02 6.3246801758e+02 6.3203601074e+02 6.3161297607e+02 6.3125799561e+02 6.3095202637e+02 6.3054101563e+02 6.3015100098e+02 6.2979101563e+02 6.2945697021e+02 6.2911401367e+02 6.2868200684e+02 6.2825299072e+02 6.2795098877e+02 6.2767401123e+02 6.2726599121e+02 6.2686102295e+02 6.2636297607e+02 6.2598797607e+02 6.2549102783e+02 6.2492602539e+02 6.2446997070e+02 6.2407702637e+02 6.2375500488e+02 6.2332501221e+02
6.3540802002e+02 6.3538598633e+02 6.3537402344e+02 6.3539398193e+02 6.3534997559e+02 6.3527099609e+02 6.3523602295e+02 6.3518597412e+02 6.3515600586e+02 6.3508001709e+02 6.3492401123e+02 6.3477899170e+02 6.3461901855e+02 6.3444396973e+02 6.3428002930e+02 6.3409301758e+02 6.3387097168e+02 6.3360400391e+02 6.3327001953e+02 6.3298297119e+02 6.3272698975e+02 6.3248498535e+02 6.3216998291e+02 6.3165502930e+02 6.3124102783e+02 6.3096301270e+02 6.3058001709e+02 6.3024298096e+02 6.2986297607e+02 6.2947198486e+02 6.2909997559e+02 6.2872497559e+02 6.2834600830e+02 6.2797198486e+02 6.2762500000e+02 6.2727697754e+02 6.2683801270e+02 6.2643402100e+02 6.2602197266e+02 6.2562402344e+02 6.2508300781e+02 6.2456500244e+02 6.2417602539e+02 6.2384600830e+02 6.2344000244e+02 6.2273901367e+02
6.3498699951e+02 6.3498400879e+02 6.3494897461e+02 6.3491302490e+02 6.3489300537e+02 6.3484802246e+02 6.3487701416e+02 6.3483197021e+02 6.3475402832e+02 6.3466699219e+02 6.3451397705e+02 6.3435998535e+02 6.3420898438e+02 6.3403399658e+02 6.3387200928e+02 6.3366900635e+02 6.3342999268e+02 6.3317102051e+02 6.3289001465e+02 6.3260601807e+02 6.3240100098e+02 6.3215002441e+02 6.3173602295e+02 6.3131201172e+02 6.3095001221e+02 6.3069097900e+02 6.3036798096e+02 6.2997497559e+02 6.2952099609e+02 6.2915002441e+02 6.2876300049e+02 6.2829400635e+02 6.2790997314e+02 6.2758599854e+02 6.2723101807e+02 6.2689801025e+02 6.2646801758e+02 6.2602301025e+02 6.2556500244e+02 6.2510302734e+02 6.2465399170e+02 6.2433099365e+02 6.2409600830e+02 6.2357397461e+02 6.2287799072e+02 6.2206896973e+02
6.3467401123e+02 6.3466900635e+02 6.3460400391e+02 6.3454998779e+02 6.3454199219e+02 6.3450097656e+02 6.3448602295e+02 6.3441400146e+02 6.3430999756e+02 6.3420501709e+02 6.3406500244e+02 6.3388702393e+02 6.3374298096e+02 6.3360198975e+02 6.3347302246e+02 6.3331097412e+02 6.3308697510e+02 6.3281402588e+02 6.3254302979e+02 6.3229101563e+02 6.3205999756e+02 6.3178802490e+02 6.3145202637e+02 6.3108502197e+02 6.3071502686e+02 6.3045202637e+02 6.3013500977e+02 6.2970800781e+02 6.2930102539e+02 6.2893200684e+02 6.2854901123e+02 6.2810498047e+02 6.2763397217e+02 6.2729602051e+02 6.2696099854e+02 6.2659899902e+02 6.2615997314e+02 6.2568103027e+02 6.2523199463e+02 6.2483697510e+02 6.2444000244e+02 6.2416900635e+02 6.2398797607e+02 6.2315997314e+02 6.2215698242e+02 6.2122100830e+02
6.3439001465e+02 6.3435998535e+02 6.3430102539e+02 6.3424798584e+02 6.3419799805e+02 6.3411401367e+02 6.3404602051e+02 6.3394299316e+02 6.3385601807e+02 6.3376397705e+02 6.3366302490e+02 6.3351599121e+02 6.3336199951e+02 6.3322100830e+02 6.3308398438e+02 6.3292901611e+02 6.3272900391e+02 6.3248797607e+02 6.3226702881e+02 6.3203900146e+02 6.3179998779e+02 6.3152600098e+02 6.3125897217e+02 6.3086999512e+02 6.3045898438e+02 6.3018798828e+02 6.2982000732e+02 6.2943298340e+02 6.2909002686e+02 6.2874102783e+02 6.2846002197e+02 6.2805798340e+02 6.2745501709e+02 6.2706500244e+02 6.2675897217e+02 6.2638201904e+02 6.2592401123e+02 6.2537597656e+02 6.2486602783e+02 6.2455102539e+02 6.2417797852e+02 6.2390002441e+02 6.2332000732e+02 6.2208398438e+02 6.2111401367e+02 6.2028997803e+02
