TESTSERVER/10/10.asc
NCOLS 100
NROWS 100
XLLCORNER 7.9997500000e+03
YLLCORNER 2.8945025000e+05
CELLSIZE 5.0000000000e-01
NODATA_VALUE -9.9990000000e+03
[rows 20 to 39 of 100, columns 0 to 45 of 100]
5.9938897705e+02 5.9932397461e+02 5.9924298096e+02 5.9911199951e+02 5.9895202637e+02 5.9872802734e+02 5.9845397949e+02 5.9798199463e+02 5.9763201904e+02 5.9755700684e+02 5.9757000732e+02 5.9757299805e+02 5.9757202148e+02 5.9755999756e+02 5.9756597900e+02 5.9761297607e+02 5.9768298340e+02 5.9774401855e+02 5.9778698730e+02 5.9783697510e+02 5.9789697266e+02 5.9794396973e+02 5.9797100830e+02 5.9803601074e+02 5.9808898926e+02 5.9813201904e+02 5.9818499756e+02 5.9828601074e+02 5.9838000488e+02 5.9845599365e+02 5.9852899170e+02 5.9863800049e+02 5.9875799561e+02 5.9886602783e+02 5.9895800781e+02 5.9908099365e+02 5.9916802979e+02 5.9923999023e+02 5.9933197021e+02 5.9940197754e+02 5.9949499512e+02 5.9962597656e+02 5.9975799561e+02 5.9987402344e+02 5.9993902588e+02 6.0000701904e+02
5.9934497070e+02 5.9929797363e+02 5.9922399902e+02 5.9911901855e+02 5.9898498535e+02 5.9883801270e+02 5.9860601807e+02 5.9815698242e+02 5.9769702148e+02 5.9751599121e+02 5.9752697754e+02 5.9751898193e+02 5.9751702881e+02 5.9751098633e+02 5.9751501465e+02 5.9753802490e+02 5.9760601807e+02 5.9768200684e+02 5.9774798584e+02 5.9779699707e+02 5.9784698486e+02 5.9790100098e+02 5.9792797852e+02 5.9798297119e+02 5.9803302002e+02 5.9808300781e+02 5.9814001465e+02 5.9820001221e+02 5.9828497314e+02 5.9837200928e+02 5.9844598389e+02 5.9854498291e+02 5.9867999268e+02 5.9879699707e+02 5.9888598633e+02 5.9898901367e+02 5.9908599854e+02 5.9916101074e+02 5.9923101807e+02 5.9930102539e+02 5.9938897705e+02 5.9951501465e+02 5.9965600586e+02 5.9976702881e+02 5.9984899902e+02 5.9992498779e+02
5.9926599121e+02 5.9923797607e+02 5.9918402100e+02 5.9909497070e+02 5.9898999023e+02 5.9889398193e+02 5.9872198486e+02 5.9830297852e+02 5.9778997803e+02 5.9750299072e+02 5.9747497559e+02 5.9747497559e+02 5.9747698975e+02 5.9746899414e+02 5.9746600342e+02 5.9747900391e+02 5.9754498291e+02 5.9762402344e+02 5.9769396973e+02 5.9774499512e+02 5.9779699707e+02 5.9785797119e+02 5.9790399170e+02 5.9795898438e+02 5.9799798584e+02 5.9804998779e+02 5.9811901855e+02 5.9816802979e+02 5.9822399902e+02 5.9829998779e+02 5.9838098145e+02 5.9846002197e+02 5.9858197021e+02 5.9869799805e+02 5.9878997803e+02 5.9888201904e+02 5.9900201416e+02 5.9909197998e+02 5.9915502930e+02 5.9922802734e+02 5.9930499268e+02 5.9941101074e+02 5.9955401611e+02 5.9967102051e+02 5.9977502441e+02 5.9986199951e+02
5.9919000244e+02 5.9915997314e+02 5.9911999512e+02 5.9905999756e+02 5.9899102783e+02 5.9891900635e+02 5.9880401611e+02 5.9845202637e+02 5.9792297363e+02 5.9752801514e+02 5.9741497803e+02 5.9742401123e+02 5.9742797852e+02 5.9741497803e+02 5.9741101074e+02 5.9741900635e+02 5.9748400879e+02 5.9756402588e+02 5.9762597656e+02 5.9768200684e+02 5.9774401855e+02 5.9780999756e+02 5.9786798096e+02 5.9792999268e+02 5.9795898438e+02 5.9799798584e+02 5.9806896973e+02 5.9813598633e+02 5.9819097900e+02 5.9826000977e+02 5.9833599854e+02 5.9838397217e+02 5.9847497559e+02 5.9859497070e+02 5.9869799805e+02 5.9877899170e+02 5.9890502930e+02 5.9900598145e+02 5.9908398438e+02 5.9916900635e+02 5.9923999023e+02 5.9932501221e+02 5.9944500732e+02 5.9956298828e+02 5.9968701172e+02 5.9978198242e+02
5.9912597656e+02 5.9909899902e+02 5.9906597900e+02 5.9902502441e+02 5.9899902344e+02 5.9894201660e+02 5.9883697510e+02 5.9857897949e+02 5.9808001709e+02 5.9758502197e+02 5.9735797119e+02 5.9738598633e+02 5.9738500977e+02 5.9736798096e+02 5.9737097168e+02 5.9735699463e+02 5.9741400146e+02 5.9750598145e+02 5.9757702637e+02 5.9764001465e+02 5.9770898438e+02 5.9777001953e+02 5.9782299805e+02 5.9788800049e+02 5.9792901611e+02 5.9796197510e+02 5.9800299072e+02 5.9807202148e+02 5.9815399170e+02 5.9822302246e+02 5.9827301025e+02 5.9833197021e+02 5.9839501953e+02 5.9849798584e+02 5.9860601807e+02 5.9869500732e+02 5.9880902100e+02 5.9891802979e+02 5.9900201416e+02 5.9908898926e+02 5.9916998291e+02 5.9926300049e+02 5.9935797119e+02 5.9947302246e+02 5.9960302734e+02 5.9970898438e+02
5.9907702637e+02 5.9905401611e+02 5.9902502441e+02 5.9900402832e+02 5.9899102783e+02 5.9893597412e+02 5.9883001709e+02 5.9865197754e+02 5.9821997070e+02 5.9768902588e+02 5.9733502197e+02 5.9731298828e+02 5.9733398438e+02 5.9731097412e+02 5.9731500244e+02 5.9730297852e+02 5.9734399414e+02 5.9745599365e+02 5.9756597900e+02 5.9762902832e+02 5.9767901611e+02 5.9773297119e+02 5.9778399658e+02 5.9783898926e+02 5.9788500977e+02 5.9793402100e+02 5.9798498535e+02 5.9802801514e+02 5.9810198975e+02 5.9818798828e+02 5.9824597168e+02 5.9828302002e+02 5.9834100342e+02 5.9842498779e+02 5.9852801514e+02 5.9860699463e+02 5.9870898438e+02 5.9882000732e+02 5.9892297363e+02 5.9901098633e+02 5.9908001709e+02 5.9916601563e+02 5.9925500488e+02 5.9937200928e+02 5.9950500488e+02 5.9962500000e+02
5.9906298828e+02 5.9904302979e+02 5.9900299072e+02 5.9899200439e+02 5.9898101807e+02 5.9893298340e+02 5.9882000732e+02 5.9867602539e+02 5.9832000732e+02 5.9781896973e+02 5.9738897705e+02 5.9725701904e+02 5.9727600098e+02 5.9726397705e+02 5.9725799561e+02 5.9724902344e+02 5.9727899170e+02 5.9739898682e+02 5.9753997803e+02 5.9760498047e+02 5.9765100098e+02 5.9770300293e+02 5.9775897217e+02 5.9780499268e+02 5.9784301758e+02 5.9789801025e+02 5.9796099854e+02 5.9798999023e+02 5.9803802490e+02 5.9812200928e+02 5.9820697021e+02 5.9825097656e+02 5.9830297852e+02 5.9835900879e+02 5.9844396973e+02 5.9852899170e+02 5.9863000488e+02 5.9874298096e+02 5.9885498047e+02 5.9894000244e+02 5.9900897217e+02 5.9908599854e+02 5.9917999268e+02 5.9928399658e+02 5.9940502930e+02 5.9953399658e+02
5.9904699707e+02 5.9902801514e+02 5.9900000000e+02 5.9898699951e+02 5.9896502686e+02 5.9891497803e+02 5.9880603027e+02 5.9869500732e+02 5.9838702393e+02 5.9791101074e+02 5.9747198486e+02 5.9723400879e+02 5.9722399902e+02 5.9723199463e+02 5.9721899414e+02 5.9721099854e+02 5.9722601318e+02 5.9734497070e+02 5.9749401855e+02 5.9755200195e+02 5.9761401367e+02 5.9767401123e+02 5.9774102783e+02 5.9780999756e+02 5.9783197021e+02 5.9785400391e+02 5.9790899658e+02 5.9796997070e+02 5.9801397705e+02 5.9806201172e+02 5.9814501953e+02 5.9822198486e+02 5.9827801514e+02 5.9832202148e+02 5.9837799072e+02 5.9845800781e+02 5.9855499268e+02 5.9865899658e+02 5.9878302002e+02 5.9887701416e+02 5.9895300293e+02 5.9902197266e+02 5.9911401367e+02 5.9920697021e+02 5.9931402588e+02 5.9943597412e+02
5.9902801514e+02 5.9901599121e+02 5.9900598145e+02 5.9898199463e+02 5.9894897461e+02 5.9889398193e+02 5.9879699707e+02 5.9871398926e+02 5.9845898438e+02 5.9800402832e+02 5.9753198242e+02 5.9720501709e+02 5.9715197754e+02 5.9717602539e+02 5.9716802979e+02 5.9716497803e+02 5.9716400146e+02 5.9726898193e+02 5.9744201660e+02 5.9750201416e+02 5.9758001709e+02 5.9764697266e+02 5.9771099854e+02 5.9780902100e+02 5.9784197998e+02 5.9783502197e+02 5.9785400391e+02 5.9793701172e+02 5.9800799561e+02 5.9805200195e+02 5.9808398438e+02 5.9815301514e+02 5.9822698975e+02 5.9828302002e+02 5.9833801270e+02 5.9838800049e+02 5.9847399902e+02 5.9858001709e+02 5.9869799805e+02 5.9879998779e+02 5.9888598633e+02 5.9895898438e+02 5.9903497314e+02 5.9913201904e+02 5.9922698975e+02 5.9933398438e+02
5.9900402832e+02 5.9899798584e+02 5.9898101807e+02 5.9895202637e+02 5.9891998291e+02 5.9887500000e+02 5.9880200195e+02 5.9873602295e+02 5.9855603027e+02 5.9811999512e+02 5.9760198975e+02 5.9718902588e+02 5.9709698486e+02 5.9713201904e+02 5.9712298584e+02 5.9710900879e+02 5.9709802246e+02 5.9716802979e+02 5.9735302734e+02 5.9746002197e+02 5.9754400635e+02 5.9761401367e+02 5.9767999268e+02 5.9775799561e+02 5.9780902100e+02 5.9783099365e+02 5.9784002686e+02 5.9788299561e+02 5.9796197510e+02 5.9804797363e+02 5.9809197998e+02 5.9811602783e+02 5.9817797852e+02 5.9823297119e+02 5.9829797363e+02 5.9833502197e+02 5.9840197754e+02 5.9849902344e+02 5.9860498047e+02 5.9871502686e+02 5.9881896973e+02 5.9889801025e+02 5.9895800781e+02 5.9904901123e+02 5.9913800049e+02 5.9924102783e+02
5.9897399902e+02 5.9897802734e+02 5.9895397949e+02 5.9892797852e+02 5.9890100098e+02 5.9885900879e+02 5.9878698730e+02 5.9870300293e+02 5.9857598877e+02 5.9819598389e+02 5.9769000244e+02 5.9721502686e+02 5.9704901123e+02 5.9708099365e+02 5.9708300781e+02 5.9707098389e+02 5.9705902100e+02 5.9710699463e+02 5.9728997803e+02 5.9745001221e+02 5.9752197266e+02 5.9758001709e+02 5.9765698242e+02 5.9773498535e+02 5.9778698730e+02 5.9782501221e+02 5.9784899902e+02 5.9786901855e+02 5.9791802979e+02 5.9800500488e+02 5.9807800293e+02 5.9812402344e+02 5.9815899658e+02 5.9818499756e+02 5.9825402832e+02 5.9830798340e+02 5.9838299561e+02 5.9846002197e+02 5.9852801514e+02 5.9863702393e+02 5.9874499512e+02 5.9883502197e+02 5.9890002441e+02 5.9896801758e+02 5.9904998779e+02 5.9915100098e+02
5.9893701172e+02 5.9893298340e+02 5.9890600586e+02 5.9889697266e+02 5.9888299561e+02 5.9884698486e+02 5.9877301025e+02 5.9869299316e+02 5.9859600830e+02 5.9825897217e+02 5.9778698730e+02 5.9725201416e+02 5.9700402832e+02 5.9702197266e+02 5.9703198242e+02 5.9702197266e+02 5.9701300049e+02 5.9704797363e+02 5.9722399902e+02 5.9741601563e+02 5.9748602295e+02 5.9754101563e+02 5.9762902832e+02 5.9771801758e+02 5.9777398682e+02 5.9780603027e+02 5.9783898926e+02 5.9787200928e+02 5.9790197754e+02 5.9796197510e+02 5.9803997803e+02 5.9814300537e+02 5.9817700195e+02 5.9816497803e+02 5.9822198486e+02 5.9826501465e+02 5.9833898926e+02 5.9841802979e+02 5.9847802734e+02 5.9856799316e+02 5.9865899658e+02 5.9875598145e+02 5.9884698486e+02 5.9890301514e+02 5.9896899414e+02 5.9906500244e+02
5.9890899658e+02 5.9888800049e+02 5.9886102295e+02 5.9886700439e+02 5.9885601807e+02 5.9881799316e+02 5.9875299072e+02 5.9868798828e+02 5.9859002686e+02 5.9830499268e+02 5.9788800049e+02 5.9728497314e+02 5.9696697998e+02 5.9696099854e+02 5.9697998047e+02 5.9697100830e+02 5.9696801758e+02 5.9698797607e+02 5.9715301514e+02 5.9736401367e+02 5.9744500732e+02 5.9750402832e+02 5.9759301758e+02 5.9768298340e+02 5.9774102783e+02 5.9777600098e+02 5.9780798340e+02 5.9785601807e+02 5.9790502930e+02 5.9794500732e+02 5.9799798584e+02 5.9807800293e+02 5.9812597656e+02 5.9814300537e+02 5.9819097900e+02 5.9823699951e+02 5.9829498291e+02 5.9836602783e+02 5.9845300293e+02 5.9852197266e+02 5.9858197021e+02 5.9866900635e+02 5.9877502441e+02 5.9884997559e+02 5.9891601563e+02 5.9899798584e+02
5.9890399170e+02 5.9887799072e+02 5.9883697510e+02 5.9883300781e+02 5.9882397461e+02 5.9878601074e+02 5.9873101807e+02 5.9866802979e+02 5.9857098389e+02 5.9833197021e+02 5.9791497803e+02 5.9735998535e+02 5.9696899414e+02 5.9690399170e+02 5.9692797852e+02 5.9692401123e+02 5.9693103027e+02 5.9693402100e+02 5.9704998779e+02 5.9726000977e+02 5.9738397217e+02 5.9746398926e+02 5.9754101563e+02 5.9763098145e+02 5.9768499756e+02 5.9772698975e+02 5.9777502441e+02 5.9783001709e+02 5.9789300537e+02 5.9794000244e+02 5.9797198486e+02 5.9803100586e+02 5.9810498047e+02 5.9815997314e+02 5.9817401123e+02 5.9820898438e+02 5.9826898193e+02 5.9834002686e+02 5.9840600586e+02 5.9846600342e+02 5.9852600098e+02 5.9860198975e+02 5.9870300293e+02 5.9878997803e+02 5.9886199951e+02 5.9892700195e+02
5.9885601807e+02 5.9885601807e+02 5.9880700684e+02 5.9877899170e+02 5.9879101563e+02 5.9878399658e+02 5.9873797607e+02 5.9867999268e+02 5.9859301758e+02 5.9835400391e+02 5.9789202881e+02 5.9739697266e+02 5.9697998047e+02 5.9684600830e+02 5.9687097168e+02 5.9686102295e+02 5.9686999512e+02 5.9687402344e+02 5.9694396973e+02 5.9715997314e+02 5.9734197998e+02 5.9744598389e+02 5.9750402832e+02 5.9757897949e+02 5.9762298584e+02 5.9766900635e+02 5.9772998047e+02 5.9779498291e+02 5.9787701416e+02 5.9794201660e+02 5.9796801758e+02 5.9800500488e+02 5.9806597900e+02 5.9813098145e+02 5.9816802979e+02 5.9819097900e+02 5.9823999023e+02 5.9831701660e+02 5.9837500000e+02 5.9842602539e+02 5.9846801758e+02 5.9853399658e+02 5.9863299561e+02 5.9872698975e+02 5.9880798340e+02 5.9886901855e+02
5.9878100586e+02 5.9880798340e+02 5.9877697754e+02 5.9872399902e+02 5.9874298096e+02 5.9875598145e+02 5.9870898438e+02 5.9865301514e+02 5.9856298828e+02 5.9833697510e+02 5.9790197754e+02 5.9742700195e+02 5.9697100830e+02 5.9678497314e+02 5.9682800293e+02 5.9683197021e+02 5.9683502197e+02 5.9683599854e+02 5.9686401367e+02 5.9706097412e+02 5.9728497314e+02 5.9741400146e+02 5.9746301270e+02 5.9753198242e+02 5.9756799316e+02 5.9760699463e+02 5.9766101074e+02 5.9772998047e+02 5.9781402588e+02 5.9789300537e+02 5.9795300293e+02 5.9799597168e+02 5.9802801514e+02 5.9808197021e+02 5.9815197754e+02 5.9818103027e+02 5.9821099854e+02 5.9828601074e+02 5.9834600830e+02 5.9838598633e+02 5.9840600586e+02 5.9846301270e+02 5.9856298828e+02 5.9866802979e+02 5.9876202393e+02 5.9883099365e+02
5.9871398926e+02 5.9872497559e+02 5.9872497559e+02 5.9864697266e+02 5.9863299561e+02 5.9863800049e+02 5.9858898926e+02 5.9855700684e+02 5.9845098877e+02 5.9827801514e+02 5.9801800537e+02 5.9749200439e+02 5.9697802734e+02 5.9673797607e+02 5.9676898193e+02 5.9678497314e+02 5.9678601074e+02 5.9679400635e+02 5.9680603027e+02 5.9697198486e+02 5.9720697021e+02 5.9734399414e+02 5.9740100098e+02 5.9746899414e+02 5.9750402832e+02 5.9753997803e+02 5.9758001709e+02 5.9766601563e+02 5.9774700928e+02 5.9781799316e+02 5.9791699219e+02 5.9796502686e+02 5.9798999023e+02 5.9802697754e+02 5.9810900879e+02 5.9816101074e+02 5.9818902588e+02 5.9824401855e+02 5.9831701660e+02 5.9835400391e+02 5.9838397217e+02 5.9844000244e+02 5.9852398682e+02 5.9862200928e+02 5.9872100830e+02 5.9879998779e+02
5.9866802979e+02 5.9863598633e+02 5.9863397217e+02 5.9855798340e+02 5.9850500488e+02 5.9848999023e+02 5.9849102783e+02 5.9846697998e+02 5.9831896973e+02 5.9812701416e+02 5.9792102051e+02 5.9752801514e+02 5.9699200439e+02 5.9670397949e+02 5.9672198486e+02 5.9673999023e+02 5.9674798584e+02 5.9675402832e+02 5.9674401855e+02 5.9686297607e+02 5.9712298584e+02 5.9727301025e+02 5.9734100342e+02 5.9740802002e+02 5.9744201660e+02 5.9747698975e+02 5.9752197266e+02 5.9760498047e+02 5.9768298340e+02 5.9774298096e+02 5.9781597900e+02 5.9789300537e+02 5.9796099854e+02 5.9799200439e+02 5.9804602051e+02 5.9811999512e+02 5.9817797852e+02 5.9821697998e+02 5.9825897217e+02 5.9834002686e+02 5.9838598633e+02 5.9840997314e+02 5.9848901367e+02 5.9857397461e+02 5.9866601563e+02 5.9875500488e+02
5.9863000488e+02 5.9852502441e+02 5.9850402832e+02 5.9843798828e+02 5.9834698486e+02 5.9832000732e+02 5.9836297607e+02 5.9833801270e+02 5.9818200684e+02 5.9799902344e+02 5.9782299805e+02 5.9752600098e+02 5.9701098633e+02 5.9667498779e+02 5.9666400146e+02 5.9668499756e+02 5.9670001221e+02 5.9670098877e+02 5.9669396973e+02 5.9678198242e+02 5.9701501465e+02 5.9718200684e+02 5.9727697754e+02 5.9733801270e+02 5.9738299561e+02 5.9742498779e+02 5.9747900391e+02 5.9754101563e+02 5.9760302734e+02 5.9766998291e+02 5.9774902344e+02 5.9784100342e+02 5.9792999268e+02 5.9796600342e+02 5.9799298096e+02 5.9805297852e+02 5.9812500000e+02 5.9818298340e+02 5.9821002197e+02 5.9828997803e+02 5.9836401367e+02 5.9840100098e+02 5.9846997070e+02 5.9853399658e+02 5.9861199951e+02 5.9870098877e+02
5.9855297852e+02 5.9839099121e+02 5.9833801270e+02 5.9826501465e+02 5.9815502930e+02 5.9812799072e+02 5.9819201660e+02 5.9816998291e+02 5.9803002930e+02 5.9785699463e+02 5.9769000244e+02 5.9745098877e+02 5.9701501465e+02 5.9666302490e+02 5.9661401367e+02 5.9663299561e+02 5.9665002441e+02 5.9665399170e+02 5.9665301514e+02 5.9671697998e+02 5.9689898682e+02 5.9706500244e+02 5.9719598389e+02 5.9728100586e+02 5.9732897949e+02 5.9736297607e+02 5.9742498779e+02 5.9748199463e+02 5.9754101563e+02 5.9760601807e+02 5.9767401123e+02 5.9774798584e+02 5.9782098389e+02 5.9788299561e+02 5.9794897461e+02 5.9800000000e+02 5.9806701660e+02 5.9814099121e+02 5.9818103027e+02 5.9822998047e+02 5.9830798340e+02 5.9839300537e+02 5.9846301270e+02 5.9851202393e+02 5.9857598877e+02 5.9865399170e+02
