TESTSERVER/10/10.asc
NCOLS 100
NROWS 100
XLLCORNER 7.9997500000e+03
YLLCORNER 2.8945025000e+05
CELLSIZE 5.0000000000e-01
NODATA_VALUE -9.9990000000e+03
[rows 40 to 59 of 100, columns 0 to 45 of 100]
5.9838201904e+02 5.9823602295e+02 5.9814398193e+02 5.9809002686e+02 5.9799597168e+02 5.9795599365e+02 5.9800299072e+02 5.9794702148e+02 5.9780297852e+02 5.9767602539e+02 5.9755102539e+02 5.9734997559e+02 5.9702001953e+02 5.9668103027e+02 5.9656799316e+02 5.9658197021e+02 5.9660101318e+02 5.9660998535e+02 5.9661499023e+02 5.9665802002e+02 5.9680200195e+02 5.9695001221e+02 5.9707299805e+02 5.9719299316e+02 5.9725201416e+02 5.9729101563e+02 5.9735101318e+02 5.9741101074e+02 5.9748199463e+02 5.9754199219e+02 5.9759899902e+02 5.9765502930e+02 5.9772198486e+02 5.9779602051e+02 5.9789099121e+02 5.9796197510e+02 5.9802197266e+02 5.9808502197e+02 5.9815002441e+02 5.9818798828e+02 5.9823901367e+02 5.9834002686e+02 5.9844000244e+02 5.9848297119e+02 5.9854199219e+02 5.9860797119e+02
5.9811700439e+02 5.9802099609e+02 5.9795697021e+02 5.9791802979e+02 5.9787200928e+02 5.9782098389e+02 5.9782897949e+02 5.9776202393e+02 5.9763397217e+02 5.9757800293e+02 5.9750000000e+02 5.9733599854e+02 5.9700097656e+02 5.9662799072e+02 5.9652899170e+02 5.9653302002e+02 5.9655297852e+02 5.9656298828e+02 5.9656896973e+02 5.9659399414e+02 5.9671801758e+02 5.9686499023e+02 5.9696697998e+02 5.9708801270e+02 5.9714801025e+02 5.9718902588e+02 5.9726599121e+02 5.9733697510e+02 5.9740002441e+02 5.9746398926e+02 5.9753698730e+02 5.9757598877e+02 5.9765100098e+02 5.9774499512e+02 5.9784399414e+02 5.9792498779e+02 5.9798400879e+02 5.9804302979e+02 5.9811401367e+02 5.9815600586e+02 5.9820300293e+02 5.9828002930e+02 5.9839099121e+02 5.9845898438e+02 5.9852502441e+02 5.9858197021e+02
5.9798400879e+02 5.9790002441e+02 5.9785400391e+02 5.9778302002e+02 5.9774798584e+02 5.9770898438e+02 5.9770898438e+02 5.9765997314e+02 5.9754498291e+02 5.9749401855e+02 5.9741601563e+02 5.9728002930e+02 5.9694799805e+02 5.9657000732e+02 5.9647698975e+02 5.9648699951e+02 5.9649902344e+02 5.9651599121e+02 5.9652197266e+02 5.9653198242e+02 5.9664300537e+02 5.9678302002e+02 5.9686999512e+02 5.9697399902e+02 5.9703100586e+02 5.9708801270e+02 5.9718499756e+02 5.9726702881e+02 5.9732800293e+02 5.9738800049e+02 5.9746502686e+02 5.9752001953e+02 5.9759698486e+02 5.9769201660e+02 5.9778100586e+02 5.9785601807e+02 5.9793402100e+02 5.9800299072e+02 5.9804699707e+02 5.9811401367e+02 5.9818298340e+02 5.9823400879e+02 5.9832202148e+02 5.9841101074e+02 5.9848797607e+02 5.9855102539e+02
5.9792297363e+02 5.9779400635e+02 5.9777502441e+02 5.9771398926e+02 5.9768298340e+02 5.9764697266e+02 5.9763299561e+02 5.9759497070e+02 5.9748498535e+02 5.9741198730e+02 5.9732299805e+02 5.9718402100e+02 5.9687597656e+02 5.9653198242e+02 5.9643499756e+02 5.9644000244e+02 5.9644299316e+02 5.9646398926e+02 5.9648297119e+02 5.9648297119e+02 5.9656402588e+02 5.9667700195e+02 5.9678302002e+02 5.9687902832e+02 5.9693200684e+02 5.9700097656e+02 5.9709301758e+02 5.9717999268e+02 5.9724798584e+02 5.9732299805e+02 5.9739398193e+02 5.9746801758e+02 5.9754498291e+02 5.9762701416e+02 5.9770501709e+02 5.9778399658e+02 5.9787799072e+02 5.9795697021e+02 5.9798400879e+02 5.9806402588e+02 5.9814898682e+02 5.9819396973e+02 5.9825201416e+02 5.9834002686e+02 5.9842901611e+02 5.9851202393e+02
5.9787402344e+02 5.9768597412e+02 5.9761297607e+02 5.9767498779e+02 5.9766601563e+02 5.9761102295e+02 5.9755297852e+02 5.9752099609e+02 5.9743798828e+02 5.9735400391e+02 5.9726800537e+02 5.9709997559e+02 5.9680102539e+02 5.9650598145e+02 5.9638299561e+02 5.9638897705e+02 5.9640301514e+02 5.9641802979e+02 5.9642999268e+02 5.9643701172e+02 5.9649298096e+02 5.9658697510e+02 5.9669097900e+02 5.9678497314e+02 5.9685797119e+02 5.9692297363e+02 5.9700701904e+02 5.9709600830e+02 5.9717199707e+02 5.9724700928e+02 5.9732202148e+02 5.9740698242e+02 5.9747998047e+02 5.9755499268e+02 5.9764001465e+02 5.9773101807e+02 5.9781597900e+02 5.9789801025e+02 5.9796197510e+02 5.9801098633e+02 5.9809100342e+02 5.9816101074e+02 5.9822100830e+02 5.9826397705e+02 5.9835302734e+02 5.9845202637e+02
5.9778302002e+02 5.9767297363e+02 5.9759197998e+02 5.9760198975e+02 5.9761102295e+02 5.9755499268e+02 5.9748699951e+02 5.9745599365e+02 5.9738897705e+02 5.9730401611e+02 5.9719500732e+02 5.9703900146e+02 5.9678198242e+02 5.9647601318e+02 5.9633398438e+02 5.9634997559e+02 5.9636297607e+02 5.9636901855e+02 5.9638702393e+02 5.9639099121e+02 5.9643597412e+02 5.9650701904e+02 5.9659197998e+02 5.9671398926e+02 5.9679101563e+02 5.9684100342e+02 5.9692901611e+02 5.9702801514e+02 5.9712799072e+02 5.9718499756e+02 5.9726202393e+02 5.9733300781e+02 5.9741998291e+02 5.9751599121e+02 5.9759997559e+02 5.9768402100e+02 5.9777197266e+02 5.9786102295e+02 5.9794299316e+02 5.9798101807e+02 5.9802301025e+02 5.9809698486e+02 5.9817602539e+02 5.9821899414e+02 5.9828497314e+02 5.9837902832e+02
5.9761401367e+02 5.9756402588e+02 5.9755902100e+02 5.9753601074e+02 5.9754101563e+02 5.9748699951e+02 5.9740698242e+02 5.9738098145e+02 5.9733898926e+02 5.9728802490e+02 5.9719201660e+02 5.9702502441e+02 5.9673498535e+02 5.9640997314e+02 5.9628302002e+02 5.9629498291e+02 5.9630603027e+02 5.9631201172e+02 5.9633001709e+02 5.9634600830e+02 5.9639001465e+02 5.9645300293e+02 5.9652099609e+02 5.9662701416e+02 5.9670501709e+02 5.9677001953e+02 5.9685699463e+02 5.9695501709e+02 5.9706097412e+02 5.9711602783e+02 5.9720501709e+02 5.9728399658e+02 5.9737402344e+02 5.9747198486e+02 5.9754797363e+02 5.9763000488e+02 5.9772698975e+02 5.9781896973e+02 5.9789697266e+02 5.9794500732e+02 5.9797497559e+02 5.9803302002e+02 5.9811602783e+02 5.9817297363e+02 5.9822399902e+02 5.9829998779e+02
5.9751800537e+02 5.9749798584e+02 5.9751397705e+02 5.9746301270e+02 5.9747100830e+02 5.9742700195e+02 5.9734002686e+02 5.9731201172e+02 5.9729101563e+02 5.9725701904e+02 5.9718902588e+02 5.9703198242e+02 5.9666699219e+02 5.9632897949e+02 5.9624902344e+02 5.9624597168e+02 5.9625500488e+02 5.9626501465e+02 5.9627600098e+02 5.9629498291e+02 5.9633599854e+02 5.9639001465e+02 5.9643200684e+02 5.9652398682e+02 5.9662799072e+02 5.9671600342e+02 5.9679199219e+02 5.9688500977e+02 5.9699298096e+02 5.9706701660e+02 5.9716101074e+02 5.9724798584e+02 5.9733001709e+02 5.9741699219e+02 5.9748797607e+02 5.9757501221e+02 5.9767700195e+02 5.9777001953e+02 5.9785699463e+02 5.9791998291e+02 5.9795300293e+02 5.9798602295e+02 5.9805603027e+02 5.9813098145e+02 5.9818200684e+02 5.9823999023e+02
5.9753302002e+02 5.9758001709e+02 5.9757702637e+02 5.9744799805e+02 5.9742102051e+02 5.9738000488e+02 5.9728997803e+02 5.9726800537e+02 5.9724902344e+02 5.9719097900e+02 5.9705999756e+02 5.9686199951e+02 5.9649401855e+02 5.9622497559e+02 5.9619598389e+02 5.9620202637e+02 5.9621099854e+02 5.9622198486e+02 5.9623101807e+02 5.9624102783e+02 5.9627001953e+02 5.9630401611e+02 5.9633599854e+02 5.9646002197e+02 5.9658398438e+02 5.9667199707e+02 5.9674499512e+02 5.9685101318e+02 5.9694201660e+02 5.9703198242e+02 5.9711999512e+02 5.9719500732e+02 5.9727600098e+02 5.9736401367e+02 5.9746502686e+02 5.9755603027e+02 5.9765502930e+02 5.9775000000e+02 5.9784600830e+02 5.9790002441e+02 5.9793499756e+02 5.9796197510e+02 5.9800799561e+02 5.9808398438e+02 5.9814398193e+02 5.9819500732e+02
5.9755999756e+02 5.9767401123e+02 5.9768402100e+02 5.9745001221e+02 5.9737500000e+02 5.9734600830e+02 5.9727197266e+02 5.9724597168e+02 5.9719299316e+02 5.9709301758e+02 5.9689801025e+02 5.9663702393e+02 5.9636798096e+02 5.9620098877e+02 5.9615698242e+02 5.9615100098e+02 5.9616699219e+02 5.9617602539e+02 5.9618902588e+02 5.9619897461e+02 5.9621600342e+02 5.9624499512e+02 5.9628802490e+02 5.9641302490e+02 5.9652697754e+02 5.9661199951e+02 5.9671002197e+02 5.9680603027e+02 5.9689599609e+02 5.9698400879e+02 5.9706201172e+02 5.9714300537e+02 5.9723999023e+02 5.9733001709e+02 5.9741101074e+02 5.9751702881e+02 5.9762097168e+02 5.9771997070e+02 5.9780603027e+02 5.9785601807e+02 5.9789697266e+02 5.9794201660e+02 5.9798699951e+02 5.9803100586e+02 5.9809997559e+02 5.9816699219e+02
5.9758300781e+02 5.9766900635e+02 5.9766302490e+02 5.9742999268e+02 5.9736401367e+02 5.9733300781e+02 5.9724298096e+02 5.9722302246e+02 5.9713299561e+02 5.9695397949e+02 5.9671600342e+02 5.9647302246e+02 5.9630401611e+02 5.9619598389e+02 5.9612298584e+02 5.9610101318e+02 5.9611499023e+02 5.9612799072e+02 5.9614501953e+02 5.9615197754e+02 5.9616900635e+02 5.9620300293e+02 5.9624902344e+02 5.9634997559e+02 5.9646197510e+02 5.9656097412e+02 5.9666198730e+02 5.9675000000e+02 5.9684698486e+02 5.9694201660e+02 5.9701202393e+02 5.9708300781e+02 5.9718902588e+02 5.9729302979e+02 5.9735998535e+02 5.9746997070e+02 5.9758697510e+02 5.9768798828e+02 5.9776800537e+02 5.9782000732e+02 5.9786199951e+02 5.9791198730e+02 5.9796801758e+02 5.9799902344e+02 5.9806500244e+02 5.9814300537e+02
5.9755902100e+02 5.9761901855e+02 5.9758001709e+02 5.9740698242e+02 5.9734600830e+02 5.9729602051e+02 5.9719500732e+02 5.9715399170e+02 5.9702301025e+02 5.9679998779e+02 5.9655999756e+02 5.9639398193e+02 5.9629998779e+02 5.9621099854e+02 5.9609100342e+02 5.9604998779e+02 5.9606298828e+02 5.9608300781e+02 5.9609698486e+02 5.9609802246e+02 5.9611499023e+02 5.9615100098e+02 5.9620697021e+02 5.9628900146e+02 5.9639398193e+02 5.9650000000e+02 5.9660400391e+02 5.9670202637e+02 5.9680401611e+02 5.9690301514e+02 5.9698101807e+02 5.9704400635e+02 5.9714501953e+02 5.9726397705e+02 5.9734197998e+02 5.9745098877e+02 5.9755798340e+02 5.9764599609e+02 5.9772198486e+02 5.9779602051e+02 5.9785302734e+02 5.9789801025e+02 5.9794201660e+02 5.9797302246e+02 5.9802600098e+02 5.9809698486e+02
5.9750000000e+02 5.9753198242e+02 5.9746697998e+02 5.9736798096e+02 5.9730603027e+02 5.9725000000e+02 5.9715600586e+02 5.9704797363e+02 5.9687298584e+02 5.9666802979e+02 5.9650299072e+02 5.9638702393e+02 5.9628698730e+02 5.9615802002e+02 5.9602600098e+02 5.9599401855e+02 5.9601202393e+02 5.9603198242e+02 5.9603802490e+02 5.9604797363e+02 5.9606597900e+02 5.9610198975e+02 5.9615100098e+02 5.9624200439e+02 5.9634197998e+02 5.9644097900e+02 5.9654400635e+02 5.9664202881e+02 5.9674700928e+02 5.9685400391e+02 5.9695599365e+02 5.9702899170e+02 5.9711102295e+02 5.9722998047e+02 5.9734802246e+02 5.9743499756e+02 5.9751898193e+02 5.9758599854e+02 5.9765399170e+02 5.9773498535e+02 5.9780798340e+02 5.9785998535e+02 5.9791400146e+02 5.9794702148e+02 5.9798400879e+02 5.9803399658e+02
5.9745501709e+02 5.9745697021e+02 5.9738098145e+02 5.9729998779e+02 5.9725598145e+02 5.9720697021e+02 5.9709002686e+02 5.9695697021e+02 5.9678802490e+02 5.9663598633e+02 5.9652502441e+02 5.9640600586e+02 5.9626300049e+02 5.9612097168e+02 5.9601000977e+02 5.9595501709e+02 5.9596899414e+02 5.9598602295e+02 5.9599200439e+02 5.9600799561e+02 5.9602801514e+02 5.9605700684e+02 5.9609899902e+02 5.9618402100e+02 5.9628399658e+02 5.9638000488e+02 5.9647601318e+02 5.9657897949e+02 5.9668798828e+02 5.9679797363e+02 5.9689697266e+02 5.9698400879e+02 5.9706896973e+02 5.9717199707e+02 5.9727899170e+02 5.9737597656e+02 5.9747100830e+02 5.9754797363e+02 5.9761999512e+02 5.9769799805e+02 5.9775897217e+02 5.9781597900e+02 5.9788201904e+02 5.9791802979e+02 5.9795501709e+02 5.9799200439e+02
5.9738299561e+02 5.9736901855e+02 5.9730200195e+02 5.9723797607e+02 5.9720300293e+02 5.9714099121e+02 5.9700000000e+02 5.9687402344e+02 5.9674499512e+02 5.9663201904e+02 5.9651501465e+02 5.9638897705e+02 5.9624798584e+02 5.9611999512e+02 5.9600201416e+02 5.9591601563e+02 5.9591900635e+02 5.9593402100e+02 5.9594097900e+02 5.9596398926e+02 5.9598101807e+02 5.9600799561e+02 5.9605297852e+02 5.9613800049e+02 5.9623999023e+02 5.9634600830e+02 5.9644396973e+02 5.9654602051e+02 5.9665002441e+02 5.9676098633e+02 5.9685400391e+02 5.9695098877e+02 5.9704602051e+02 5.9713800049e+02 5.9723101807e+02 5.9731701660e+02 5.9741699219e+02 5.9750598145e+02 5.9758898926e+02 5.9766497803e+02 5.9771997070e+02 5.9777502441e+02 5.9783801270e+02 5.9787500000e+02 5.9792498779e+02 5.9796502686e+02
5.9731097412e+02 5.9729400635e+02 5.9725500488e+02 5.9721600342e+02 5.9715899658e+02 5.9707202148e+02 5.9693499756e+02 5.9682702637e+02 5.9672302246e+02 5.9661798096e+02 5.9649102783e+02 5.9638000488e+02 5.9627001953e+02 5.9614599609e+02 5.9597698975e+02 5.9586901855e+02 5.9587500000e+02 5.9589697266e+02 5.9590100098e+02 5.9591802979e+02 5.9593298340e+02 5.9595898438e+02 5.9601000977e+02 5.9609600830e+02 5.9620697021e+02 5.9632202148e+02 5.9642199707e+02 5.9650799561e+02 5.9660400391e+02 5.9671398926e+02 5.9681402588e+02 5.9691900635e+02 5.9701800537e+02 5.9711401367e+02 5.9721997070e+02 5.9730297852e+02 5.9739001465e+02 5.9747802734e+02 5.9757202148e+02 5.9763098145e+02 5.9768200684e+02 5.9773400879e+02 5.9778497314e+02 5.9783001709e+02 5.9789001465e+02 5.9793902588e+02
5.9727600098e+02 5.9724902344e+02 5.9722302246e+02 5.9717401123e+02 5.9709301758e+02 5.9698901367e+02 5.9689697266e+02 5.9679901123e+02 5.9670098877e+02 5.9660198975e+02 5.9650201416e+02 5.9642498779e+02 5.9635998535e+02 5.9621301270e+02 5.9594396973e+02 5.9581500244e+02 5.9581597900e+02 5.9584899902e+02 5.9585699463e+02 5.9587097168e+02 5.9589202881e+02 5.9591900635e+02 5.9598199463e+02 5.9606597900e+02 5.9618499756e+02 5.9629400635e+02 5.9638397217e+02 5.9647302246e+02 5.9656896973e+02 5.9666802979e+02 5.9678399658e+02 5.9688897705e+02 5.9698901367e+02 5.9708801270e+02 5.9719500732e+02 5.9728497314e+02 5.9737298584e+02 5.9745599365e+02 5.9753698730e+02 5.9759399414e+02 5.9765802002e+02 5.9770898438e+02 5.9774200439e+02 5.9779101563e+02 5.9785400391e+02 5.9790502930e+02
5.9718701172e+02 5.9717700195e+02 5.9713098145e+02 5.9707800293e+02 5.9702502441e+02 5.9694598389e+02 5.9686602783e+02 5.9678100586e+02 5.9668298340e+02 5.9660900879e+02 5.9656896973e+02 5.9653997803e+02 5.9642700195e+02 5.9615997314e+02 5.9586102295e+02 5.9576397705e+02 5.9577697754e+02 5.9579998779e+02 5.9580700684e+02 5.9582098389e+02 5.9584100342e+02 5.9586199951e+02 5.9593798828e+02 5.9603002930e+02 5.9614697266e+02 5.9625701904e+02 5.9635101318e+02 5.9644097900e+02 5.9654498291e+02 5.9664898682e+02 5.9675701904e+02 5.9685198975e+02 5.9694702148e+02 5.9705603027e+02 5.9716400146e+02 5.9727197266e+02 5.9736199951e+02 5.9743402100e+02 5.9749597168e+02 5.9754998779e+02 5.9761297607e+02 5.9766802979e+02 5.9771099854e+02 5.9774798584e+02 5.9780102539e+02 5.9786199951e+02
5.9700097656e+02 5.9703302002e+02 5.9699700928e+02 5.9696197510e+02 5.9693902588e+02 5.9689697266e+02 5.9683197021e+02 5.9675201416e+02 5.9668103027e+02 5.9664801025e+02 5.9664801025e+02 5.9657800293e+02 5.9633898926e+02 5.9600598145e+02 5.9577502441e+02 5.9571301270e+02 5.9572900391e+02 5.9574597168e+02 5.9575598145e+02 5.9577301025e+02 5.9579101563e+02 5.9581097412e+02 5.9588897705e+02 5.9597900391e+02 5.9608898926e+02 5.9619897461e+02 5.9630499268e+02 5.9640502930e+02 5.9651599121e+02 5.9663000488e+02 5.9673901367e+02 5.9684100342e+02 5.9693499756e+02 5.9704602051e+02 5.9715301514e+02 5.9724401855e+02 5.9732598877e+02 5.9740698242e+02 5.9747900391e+02 5.9751501465e+02 5.9756298828e+02 5.9762597656e+02 5.9768701172e+02 5.9772302246e+02 5.9776800537e+02 5.9782299805e+02
5.9685998535e+02 5.9689001465e+02 5.9685400391e+02 5.9684100342e+02 5.9684899902e+02 5.9683502197e+02 5.9677697754e+02 5.9671600342e+02 5.9669299316e+02 5.9669097900e+02 5.9667401123e+02 5.9658300781e+02 5.9635400391e+02 5.9601000977e+02 5.9575201416e+02 5.9566400146e+02 5.9567297363e+02 5.9569201660e+02 5.9570599365e+02 5.9572399902e+02 5.9574298096e+02 5.9576300049e+02 5.9582299805e+02 5.9590698242e+02 5.9601800537e+02 5.9613598633e+02 5.9625799561e+02 5.9635900879e+02 5.9646899414e+02 5.9658001709e+02 5.9668701172e+02 5.9679302979e+02 5.9689398193e+02 5.9700201416e+02 5.9712597656e+02 5.9720599365e+02 5.9728399658e+02 5.9737298584e+02 5.9745599365e+02 5.9749401855e+02 5.9753497314e+02 5.9759600830e+02 5.9765802002e+02 5.9769897461e+02 5.9774499512e+02 5.9778497314e+02
