TESTSERVER/10/10.asc
NCOLS 100
NROWS 100
XLLCORNER 7.9997500000e+03
YLLCORNER 2.8945025000e+05
CELLSIZE 5.0000000000e-01
NODATA_VALUE -9.9990000000e+03
[rows 60 to 79 of 100, columns 0 to 45 of 100]
5.9678198242e+02 5.9677398682e+02 5.9675000000e+02 5.9676000977e+02 5.9678802490e+02 5.9677197266e+02 5.9671197510e+02 5.9668701172e+02 5.9670001221e+02 5.9671002197e+02 5.9670001221e+02 5.9673297119e+02 5.9659600830e+02 5.9616802979e+02 5.9575701904e+02 5.9563201904e+02 5.9562597656e+02 5.9564599609e+02 5.9565899658e+02 5.9567602539e+02 5.9568902588e+02 5.9570800781e+02 5.9575097656e+02 5.9584002686e+02 5.9596398926e+02 5.9609497070e+02 5.9622698975e+02 5.9633197021e+02 5.9644299316e+02 5.9654302979e+02 5.9663598633e+02 5.9675897217e+02 5.9687500000e+02 5.9697198486e+02 5.9708801270e+02 5.9717199707e+02 5.9725701904e+02 5.9734899902e+02 5.9742401123e+02 5.9747399902e+02 5.9752600098e+02 5.9757501221e+02 5.9762097168e+02 5.9765997314e+02 5.9770501709e+02 5.9775097656e+02
5.9670501709e+02 5.9669097900e+02 5.9668798828e+02 5.9668701172e+02 5.9671697998e+02 5.9670800781e+02 5.9669299316e+02 5.9670397949e+02 5.9672100830e+02 5.9673797607e+02 5.9674700928e+02 5.9677502441e+02 5.9670300293e+02 5.9636901855e+02 5.9579101563e+02 5.9556500244e+02 5.9557800293e+02 5.9559997559e+02 5.9560900879e+02 5.9563098145e+02 5.9564599609e+02 5.9566101074e+02 5.9570898438e+02 5.9579797363e+02 5.9591601563e+02 5.9604602051e+02 5.9618701172e+02 5.9629400635e+02 5.9640197754e+02 5.9650799561e+02 5.9660302734e+02 5.9670001221e+02 5.9682397461e+02 5.9693402100e+02 5.9703997803e+02 5.9712799072e+02 5.9722100830e+02 5.9730603027e+02 5.9738702393e+02 5.9744500732e+02 5.9750500488e+02 5.9755999756e+02 5.9759301758e+02 5.9762097168e+02 5.9766101074e+02 5.9772198486e+02
5.9665899658e+02 5.9663897705e+02 5.9664801025e+02 5.9664099121e+02 5.9666101074e+02 5.9666998291e+02 5.9669000244e+02 5.9671002197e+02 5.9671997070e+02 5.9672900391e+02 5.9671600342e+02 5.9669097900e+02 5.9668701172e+02 5.9647302246e+02 5.9582397461e+02 5.9550000000e+02 5.9552502441e+02 5.9554998779e+02 5.9556201172e+02 5.9558801270e+02 5.9559997559e+02 5.9560601807e+02 5.9565301514e+02 5.9573999023e+02 5.9585498047e+02 5.9599401855e+02 5.9614801025e+02 5.9625598145e+02 5.9635498047e+02 5.9645697021e+02 5.9657800293e+02 5.9666601563e+02 5.9677001953e+02 5.9688299561e+02 5.9699401855e+02 5.9709698486e+02 5.9719097900e+02 5.9727398682e+02 5.9736499023e+02 5.9742102051e+02 5.9747900391e+02 5.9753601074e+02 5.9756701660e+02 5.9759698486e+02 5.9763397217e+02 5.9769097900e+02
5.9662701416e+02 5.9660699463e+02 5.9662298584e+02 5.9661602783e+02 5.9662799072e+02 5.9664898682e+02 5.9668597412e+02 5.9670501709e+02 5.9670599365e+02 5.9670001221e+02 5.9664898682e+02 5.9659399414e+02 5.9664001465e+02 5.9648797607e+02 5.9583099365e+02 5.9544702148e+02 5.9547900391e+02 5.9550897217e+02 5.9552398682e+02 5.9554400635e+02 5.9555200195e+02 5.9555902100e+02 5.9560198975e+02 5.9568798828e+02 5.9580603027e+02 5.9594799805e+02 5.9609197998e+02 5.9621099854e+02 5.9632299805e+02 5.9641998291e+02 5.9654400635e+02 5.9663800049e+02 5.9673797607e+02 5.9684698486e+02 5.9695098877e+02 5.9705200195e+02 5.9715100098e+02 5.9723400879e+02 5.9732202148e+02 5.9738201904e+02 5.9744097900e+02 5.9749102783e+02 5.9753698730e+02 5.9757702637e+02 5.9761901855e+02 5.9766400146e+02
5.9661700439e+02 5.9660400391e+02 5.9660900879e+02 5.9660699463e+02 5.9661700439e+02 5.9664300537e+02 5.9668902588e+02 5.9670697021e+02 5.9669598389e+02 5.9667498779e+02 5.9661700439e+02 5.9659899902e+02 5.9668298340e+02 5.9653900146e+02 5.9588299561e+02 5.9541699219e+02 5.9542498779e+02 5.9546502686e+02 5.9547802734e+02 5.9548602295e+02 5.9549798584e+02 5.9552801514e+02 5.9557299805e+02 5.9564599609e+02 5.9575701904e+02 5.9589300537e+02 5.9603002930e+02 5.9615698242e+02 5.9627697754e+02 5.9638299561e+02 5.9651397705e+02 5.9660302734e+02 5.9670098877e+02 5.9680102539e+02 5.9691601563e+02 5.9700500488e+02 5.9709997559e+02 5.9719299316e+02 5.9727801514e+02 5.9734399414e+02 5.9741802979e+02 5.9746197510e+02 5.9751702881e+02 5.9756097412e+02 5.9761102295e+02 5.9765802002e+02
5.9660400391e+02 5.9660498047e+02 5.9660498047e+02 5.9660797119e+02 5.9662097168e+02 5.9664300537e+02 5.9669000244e+02 5.9670697021e+02 5.9669000244e+02 5.9665600586e+02 5.9659497070e+02 5.9657202148e+02 5.9664202881e+02 5.9652197266e+02 5.9587902832e+02 5.9537799072e+02 5.9538098145e+02 5.9541302490e+02 5.9541900635e+02 5.9543499756e+02 5.9545098877e+02 5.9547302246e+02 5.9553399658e+02 5.9561199951e+02 5.9568902588e+02 5.9581701660e+02 5.9597399902e+02 5.9611102295e+02 5.9624499512e+02 5.9635198975e+02 5.9646301270e+02 5.9654199219e+02 5.9663098145e+02 5.9674597168e+02 5.9686798096e+02 5.9696398926e+02 5.9708099365e+02 5.9718298340e+02 5.9726098633e+02 5.9733099365e+02 5.9739599609e+02 5.9743701172e+02 5.9749798584e+02 5.9755297852e+02 5.9760498047e+02 5.9765197754e+02
5.9658898926e+02 5.9659899902e+02 5.9659600830e+02 5.9660302734e+02 5.9661700439e+02 5.9663500977e+02 5.9668499756e+02 5.9672100830e+02 5.9671197510e+02 5.9666601563e+02 5.9658801270e+02 5.9653100586e+02 5.9655902100e+02 5.9642297363e+02 5.9583801270e+02 5.9535797119e+02 5.9533300781e+02 5.9536297607e+02 5.9537200928e+02 5.9539099121e+02 5.9540899658e+02 5.9542199707e+02 5.9548199463e+02 5.9558398438e+02 5.9565899658e+02 5.9576702881e+02 5.9590399170e+02 5.9603900146e+02 5.9618499756e+02 5.9629699707e+02 5.9639202881e+02 5.9647900391e+02 5.9658099365e+02 5.9669799805e+02 5.9680499268e+02 5.9691802979e+02 5.9704302979e+02 5.9713897705e+02 5.9722802734e+02 5.9730102539e+02 5.9735797119e+02 5.9740899658e+02 5.9747601318e+02 5.9753601074e+02 5.9758801270e+02 5.9763201904e+02
5.9657897949e+02 5.9659002686e+02 5.9658099365e+02 5.9658099365e+02 5.9659497070e+02 5.9661199951e+02 5.9667498779e+02 5.9674597168e+02 5.9676202393e+02 5.9671301270e+02 5.9660998535e+02 5.9652899170e+02 5.9653900146e+02 5.9640002441e+02 5.9582299805e+02 5.9534002686e+02 5.9528601074e+02 5.9532000732e+02 5.9533099365e+02 5.9534497070e+02 5.9536700439e+02 5.9537902832e+02 5.9543597412e+02 5.9555200195e+02 5.9561901855e+02 5.9570898438e+02 5.9581799316e+02 5.9594097900e+02 5.9610198975e+02 5.9623901367e+02 5.9632000732e+02 5.9640600586e+02 5.9651599121e+02 5.9663098145e+02 5.9674401855e+02 5.9685797119e+02 5.9696600342e+02 5.9705700684e+02 5.9716198730e+02 5.9724499512e+02 5.9731597900e+02 5.9737902832e+02 5.9744500732e+02 5.9750897217e+02 5.9756597900e+02 5.9761401367e+02
5.9659301758e+02 5.9662402344e+02 5.9661401367e+02 5.9657897949e+02 5.9657299805e+02 5.9658599854e+02 5.9666302490e+02 5.9677697754e+02 5.9682501221e+02 5.9675402832e+02 5.9662298584e+02 5.9653302002e+02 5.9651501465e+02 5.9636199951e+02 5.9578302002e+02 5.9530200195e+02 5.9523498535e+02 5.9527099609e+02 5.9528601074e+02 5.9529797363e+02 5.9531896973e+02 5.9532897949e+02 5.9538598633e+02 5.9550000000e+02 5.9556597900e+02 5.9564599609e+02 5.9574298096e+02 5.9586199951e+02 5.9601397705e+02 5.9614001465e+02 5.9623297119e+02 5.9633801270e+02 5.9646002197e+02 5.9657299805e+02 5.9668200684e+02 5.9677502441e+02 5.9688598633e+02 5.9699200439e+02 5.9709301758e+02 5.9718103027e+02 5.9725299072e+02 5.9732299805e+02 5.9739898682e+02 5.9746801758e+02 5.9753698730e+02 5.9759301758e+02
5.9657598877e+02 5.9660198975e+02 5.9659399414e+02 5.9658099365e+02 5.9657000732e+02 5.9656799316e+02 5.9665399170e+02 5.9678002930e+02 5.9683197021e+02 5.9677502441e+02 5.9667797852e+02 5.9659100342e+02 5.9653802490e+02 5.9637902832e+02 5.9576702881e+02 5.9523199463e+02 5.9519097900e+02 5.9522998047e+02 5.9523999023e+02 5.9525299072e+02 5.9526501465e+02 5.9527502441e+02 5.9534698486e+02 5.9545697021e+02 5.9550000000e+02 5.9558001709e+02 5.9569201660e+02 5.9582397461e+02 5.9594396973e+02 5.9604998779e+02 5.9615899658e+02 5.9628900146e+02 5.9640997314e+02 5.9651300049e+02 5.9660699463e+02 5.9670098877e+02 5.9681799316e+02 5.9692797852e+02 5.9702502441e+02 5.9711999512e+02 5.9720300293e+02 5.9728002930e+02 5.9735400391e+02 5.9742602539e+02 5.9750201416e+02 5.9755401611e+02
5.9652197266e+02 5.9653698730e+02 5.9653698730e+02 5.9655297852e+02 5.9657702637e+02 5.9658502197e+02 5.9664300537e+02 5.9673199463e+02 5.9677099609e+02 5.9674798584e+02 5.9670300293e+02 5.9665301514e+02 5.9657800293e+02 5.9639599609e+02 5.9576098633e+02 5.9517498779e+02 5.9514202881e+02 5.9518499756e+02 5.9519097900e+02 5.9521002197e+02 5.9521801758e+02 5.9522100830e+02 5.9528497314e+02 5.9538098145e+02 5.9541802979e+02 5.9551397705e+02 5.9563397217e+02 5.9575897217e+02 5.9587402344e+02 5.9597302246e+02 5.9607800293e+02 5.9620300293e+02 5.9632598877e+02 5.9643597412e+02 5.9653399658e+02 5.9664202881e+02 5.9675500488e+02 5.9685498047e+02 5.9696197510e+02 5.9705902100e+02 5.9714697266e+02 5.9723901367e+02 5.9731896973e+02 5.9739202881e+02 5.9746398926e+02 5.9751098633e+02
5.9647302246e+02 5.9649298096e+02 5.9650402832e+02 5.9653399658e+02 5.9657800293e+02 5.9658697510e+02 5.9660498047e+02 5.9665002441e+02 5.9667700195e+02 5.9668103027e+02 5.9665698242e+02 5.9661901855e+02 5.9655102539e+02 5.9639001465e+02 5.9579602051e+02 5.9515899658e+02 5.9508599854e+02 5.9513702393e+02 5.9514398193e+02 5.9516497803e+02 5.9517700195e+02 5.9517999268e+02 5.9522399902e+02 5.9530401611e+02 5.9535302734e+02 5.9546002197e+02 5.9556402588e+02 5.9566998291e+02 5.9579498291e+02 5.9590301514e+02 5.9601397705e+02 5.9612701416e+02 5.9623999023e+02 5.9635797119e+02 5.9647302246e+02 5.9659197998e+02 5.9670599365e+02 5.9680902100e+02 5.9692700195e+02 5.9702301025e+02 5.9710797119e+02 5.9720202637e+02 5.9728399658e+02 5.9736102295e+02 5.9742999268e+02 5.9746899414e+02
5.9646502686e+02 5.9647698975e+02 5.9649499512e+02 5.9651599121e+02 5.9653497314e+02 5.9653900146e+02 5.9655200195e+02 5.9659197998e+02 5.9663397217e+02 5.9663897705e+02 5.9659997559e+02 5.9653900146e+02 5.9651800537e+02 5.9641400146e+02 5.9591400146e+02 5.9519000244e+02 5.9503100586e+02 5.9508697510e+02 5.9509301758e+02 5.9511602783e+02 5.9513397217e+02 5.9513800049e+02 5.9517199707e+02 5.9524298096e+02 5.9530603027e+02 5.9541101074e+02 5.9550701904e+02 5.9560101318e+02 5.9572198486e+02 5.9581298828e+02 5.9591601563e+02 5.9604101563e+02 5.9616400146e+02 5.9631097412e+02 5.9645898438e+02 5.9656701660e+02 5.9666802979e+02 5.9678002930e+02 5.9689398193e+02 5.9700000000e+02 5.9709301758e+02 5.9717700195e+02 5.9726300049e+02 5.9734197998e+02 5.9740502930e+02 5.9743597412e+02
5.9646197510e+02 5.9647100830e+02 5.9647802734e+02 5.9648498535e+02 5.9648797607e+02 5.9648699951e+02 5.9651898193e+02 5.9661102295e+02 5.9666998291e+02 5.9664300537e+02 5.9656097412e+02 5.9649597168e+02 5.9648699951e+02 5.9640301514e+02 5.9595898438e+02 5.9523101807e+02 5.9500799561e+02 5.9504400635e+02 5.9505297852e+02 5.9506597900e+02 5.9508300781e+02 5.9508398438e+02 5.9511999512e+02 5.9519702148e+02 5.9525799561e+02 5.9534802246e+02 5.9544000244e+02 5.9553900146e+02 5.9565100098e+02 5.9573498535e+02 5.9584497070e+02 5.9598999023e+02 5.9614001465e+02 5.9628100586e+02 5.9641101074e+02 5.9653802490e+02 5.9665301514e+02 5.9676599121e+02 5.9687402344e+02 5.9697601318e+02 5.9706097412e+02 5.9714398193e+02 5.9723797607e+02 5.9731799316e+02 5.9738500977e+02 5.9743298340e+02
5.9646899414e+02 5.9646899414e+02 5.9646801758e+02 5.9646002197e+02 5.9646301270e+02 5.9646997070e+02 5.9650500488e+02 5.9662298584e+02 5.9669201660e+02 5.9664801025e+02 5.9655297852e+02 5.9647198486e+02 5.9643298340e+02 5.9634197998e+02 5.9588800049e+02 5.9515399170e+02 5.9494897461e+02 5.9498901367e+02 5.9500402832e+02 5.9501800537e+02 5.9503002930e+02 5.9503802490e+02 5.9507598877e+02 5.9515301514e+02 5.9521197510e+02 5.9529101563e+02 5.9538098145e+02 5.9548498535e+02 5.9558898926e+02 5.9568298340e+02 5.9580999756e+02 5.9596301270e+02 5.9609802246e+02 5.9622998047e+02 5.9636798096e+02 5.9650598145e+02 5.9663201904e+02 5.9674902344e+02 5.9685498047e+02 5.9695300293e+02 5.9703997803e+02 5.9712298584e+02 5.9720300293e+02 5.9727502441e+02 5.9734301758e+02 5.9740600586e+02
5.9648699951e+02 5.9647802734e+02 5.9646600342e+02 5.9644396973e+02 5.9644598389e+02 5.9646997070e+02 5.9649102783e+02 5.9657897949e+02 5.9663702393e+02 5.9660498047e+02 5.9653302002e+02 5.9642999268e+02 5.9634100342e+02 5.9625500488e+02 5.9582598877e+02 5.9512200928e+02 5.9490002441e+02 5.9494201660e+02 5.9495397949e+02 5.9496801758e+02 5.9497698975e+02 5.9499298096e+02 5.9503698730e+02 5.9511199951e+02 5.9517297363e+02 5.9525000000e+02 5.9533001709e+02 5.9542797852e+02 5.9554302979e+02 5.9565698242e+02 5.9578698730e+02 5.9592102051e+02 5.9605200195e+02 5.9619702148e+02 5.9634899902e+02 5.9649200439e+02 5.9661901855e+02 5.9672998047e+02 5.9683502197e+02 5.9692999268e+02 5.9701000977e+02 5.9709002686e+02 5.9716699219e+02 5.9723999023e+02 5.9730297852e+02 5.9736401367e+02
5.9648498535e+02 5.9646301270e+02 5.9645501709e+02 5.9643402100e+02 5.9640997314e+02 5.9644299316e+02 5.9646997070e+02 5.9649902344e+02 5.9653002930e+02 5.9653302002e+02 5.9648101807e+02 5.9638098145e+02 5.9625500488e+02 5.9608599854e+02 5.9566998291e+02 5.9512799072e+02 5.9486297607e+02 5.9490002441e+02 5.9491198730e+02 5.9491900635e+02 5.9492401123e+02 5.9493798828e+02 5.9497900391e+02 5.9507299805e+02 5.9514001465e+02 5.9520800781e+02 5.9528900146e+02 5.9538397217e+02 5.9550897217e+02 5.9563598633e+02 5.9574798584e+02 5.9585998535e+02 5.9600201416e+02 5.9616802979e+02 5.9633197021e+02 5.9647998047e+02 5.9659899902e+02 5.9670300293e+02 5.9680700684e+02 5.9690100098e+02 5.9697302246e+02 5.9705999756e+02 5.9714801025e+02 5.9720599365e+02 5.9725500488e+02 5.9731701660e+02
5.9646600342e+02 5.9645501709e+02 5.9646697998e+02 5.9644702148e+02 5.9641198730e+02 5.9643103027e+02 5.9646398926e+02 5.9647998047e+02 5.9649902344e+02 5.9649200439e+02 5.9644299316e+02 5.9634997559e+02 5.9622100830e+02 5.9601098633e+02 5.9559600830e+02 5.9509899902e+02 5.9483197021e+02 5.9485198975e+02 5.9486602783e+02 5.9488000488e+02 5.9488702393e+02 5.9489501953e+02 5.9492797852e+02 5.9502899170e+02 5.9509698486e+02 5.9515100098e+02 5.9523400879e+02 5.9534698486e+02 5.9547900391e+02 5.9559899902e+02 5.9570800781e+02 5.9583599854e+02 5.9599700928e+02 5.9615600586e+02 5.9630603027e+02 5.9645800781e+02 5.9657897949e+02 5.9669097900e+02 5.9678601074e+02 5.9687799072e+02 5.9696099854e+02 5.9704400635e+02 5.9712298584e+02 5.9718298340e+02 5.9723297119e+02 5.9729101563e+02
5.9646099854e+02 5.9649902344e+02 5.9655798340e+02 5.9653997803e+02 5.9647100830e+02 5.9644396973e+02 5.9646197510e+02 5.9647601318e+02 5.9648797607e+02 5.9646398926e+02 5.9639801025e+02 5.9628900146e+02 5.9614801025e+02 5.9591198730e+02 5.9549798584e+02 5.9503601074e+02 5.9479400635e+02 5.9480401611e+02 5.9481701660e+02 5.9483099365e+02 5.9484002686e+02 5.9484197998e+02 5.9488397217e+02 5.9498602295e+02 5.9505999756e+02 5.9512500000e+02 5.9520800781e+02 5.9531201172e+02 5.9543298340e+02 5.9554498291e+02 5.9564898682e+02 5.9578497314e+02 5.9596502686e+02 5.9614398193e+02 5.9628802490e+02 5.9642498779e+02 5.9654797363e+02 5.9666400146e+02 5.9675402832e+02 5.9684899902e+02 5.9694299316e+02 5.9701300049e+02 5.9708300781e+02 5.9715100098e+02 5.9720599365e+02 5.9725701904e+02
5.9645501709e+02 5.9651098633e+02 5.9661199951e+02 5.9661700439e+02 5.9654302979e+02 5.9647900391e+02 5.9646398926e+02 5.9646997070e+02 5.9646697998e+02 5.9643200684e+02 5.9635400391e+02 5.9623999023e+02 5.9611499023e+02 5.9589599609e+02 5.9551599121e+02 5.9505499268e+02 5.9476800537e+02 5.9475701904e+02 5.9476800537e+02 5.9478198242e+02 5.9478900146e+02 5.9479101563e+02 5.9484600830e+02 5.9494097900e+02 5.9501202393e+02 5.9509399414e+02 5.9519097900e+02 5.9528698730e+02 5.9538897705e+02 5.9550402832e+02 5.9562200928e+02 5.9575598145e+02 5.9591900635e+02 5.9609997559e+02 5.9625897217e+02 5.9639001465e+02 5.9650701904e+02 5.9662200928e+02 5.9672399902e+02 5.9682202148e+02 5.9691699219e+02 5.9698498535e+02 5.9704699707e+02 5.9710699463e+02 5.9716900635e+02 5.9722302246e+02
