TESTSERVER/10/11.asc
NCOLS 100
NROWS 100
XLLCORNER 7.9997500000e+03
YLLCORNER 2.8940025000e+05
CELLSIZE 5.0000000000e-01
NODATA_VALUE -9.9990000000e+03
[rows 80 to 99 of 100, columns 0 to 45 of 100]
5.9262902832e+02 5.9286199951e+02 5.9307598877e+02 5.9325402832e+02 5.9339398193e+02 5.9351599121e+02 5.9363897705e+02 5.9373199463e+02 5.9380102539e+02 5.9385302734e+02 5.9386297607e+02 5.9385601807e+02 5.9382000732e+02 5.9371099854e+02 5.9359899902e+02 5.9346398926e+02 5.9332897949e+02 5.9309301758e+02 5.9289001465e+02 5.9265100098e+02 5.9232501221e+02 5.9204199219e+02 5.9178198242e+02 5.9156298828e+02 5.9138800049e+02 5.9127099609e+02 5.9110302734e+02 5.9080902100e+02 5.9039697266e+02 5.8997399902e+02 5.8956097412e+02 5.8933801270e+02 5.8932299805e+02 5.8934197998e+02 5.8934698486e+02 5.8933599854e+02 5.8934997559e+02 5.8946600342e+02 5.8955700684e+02 5.8963000488e+02 5.8971099854e+02 5.8979602051e+02 5.8988397217e+02 5.8998400879e+02 5.9009002686e+02 5.9018298340e+02
5.9244500732e+02 5.9268402100e+02 5.9291198730e+02 5.9311102295e+02 5.9327801514e+02 5.9339099121e+02 5.9352197266e+02 5.9363598633e+02 5.9370501709e+02 5.9378399658e+02 5.9381500244e+02 5.9380603027e+02 5.9378802490e+02 5.9371398926e+02 5.9360101318e+02 5.9344000244e+02 5.9329699707e+02 5.9310302734e+02 5.9292102051e+02 5.9269000244e+02 5.9233801270e+02 5.9201800537e+02 5.9175000000e+02 5.9152899170e+02 5.9137200928e+02 5.9126898193e+02 5.9115600586e+02 5.9090197754e+02 5.9048797607e+02 5.9003802490e+02 5.8955499268e+02 5.8927697754e+02 5.8926098633e+02 5.8927301025e+02 5.8928100586e+02 5.8927502441e+02 5.8927697754e+02 5.8937597656e+02 5.8947302246e+02 5.8954602051e+02 5.8965399170e+02 5.8973797607e+02 5.8980499268e+02 5.8989202881e+02 5.9000299072e+02 5.9010101318e+02
5.9226898193e+02 5.9251599121e+02 5.9274298096e+02 5.9294500732e+02 5.9313098145e+02 5.9326702881e+02 5.9341998291e+02 5.9354998779e+02 5.9362097168e+02 5.9370001221e+02 5.9374700928e+02 5.9375000000e+02 5.9375000000e+02 5.9370098877e+02 5.9359002686e+02 5.9342297363e+02 5.9327600098e+02 5.9310797119e+02 5.9294000244e+02 5.9272399902e+02 5.9237799072e+02 5.9199798584e+02 5.9170300293e+02 5.9149597168e+02 5.9136297607e+02 5.9124597168e+02 5.9113598633e+02 5.9094000244e+02 5.9058697510e+02 5.9012500000e+02 5.8957897949e+02 5.8922900391e+02 5.8920098877e+02 5.8920001221e+02 5.8920202637e+02 5.8920300293e+02 5.8921697998e+02 5.8929998779e+02 5.8940899658e+02 5.8948901367e+02 5.8958502197e+02 5.8966497803e+02 5.8973699951e+02 5.8982598877e+02 5.8992797852e+02 5.9003198242e+02
5.9210699463e+02 5.9236401367e+02 5.9259698486e+02 5.9277600098e+02 5.9293402100e+02 5.9312097168e+02 5.9332098389e+02 5.9345800781e+02 5.9353302002e+02 5.9360797119e+02 5.9367199707e+02 5.9369598389e+02 5.9369799805e+02 5.9364501953e+02 5.9354400635e+02 5.9340301514e+02 5.9327001953e+02 5.9311102295e+02 5.9294598389e+02 5.9274298096e+02 5.9241900635e+02 5.9198498535e+02 5.9166400146e+02 5.9146697998e+02 5.9134399414e+02 5.9122302246e+02 5.9109698486e+02 5.9093701172e+02 5.9067199707e+02 5.9022601318e+02 5.8961602783e+02 5.8918499756e+02 5.8913397217e+02 5.8913098145e+02 5.8913299561e+02 5.8914001465e+02 5.8914599609e+02 5.8920898438e+02 5.8933801270e+02 5.8942498779e+02 5.8950897217e+02 5.8959399414e+02 5.8967700195e+02 5.8977099609e+02 5.8985699463e+02 5.8996502686e+02
5.9195898438e+02 5.9220501709e+02 5.9245300293e+02 5.9261499023e+02 5.9275799561e+02 5.9296899414e+02 5.9317498779e+02 5.9331896973e+02 5.9342199707e+02 5.9349499512e+02 5.9357098389e+02 5.9363000488e+02 5.9364300537e+02 5.9358099365e+02 5.9349102783e+02 5.9338299561e+02 5.9325799561e+02 5.9308599854e+02 5.9292199707e+02 5.9272198486e+02 5.9242602539e+02 5.9196398926e+02 5.9162500000e+02 5.9142401123e+02 5.9129699707e+02 5.9121099854e+02 5.9109002686e+02 5.9091900635e+02 5.9068701172e+02 5.9025897217e+02 5.8965197754e+02 5.8917102051e+02 5.8904199219e+02 5.8906896973e+02 5.8907299805e+02 5.8907397461e+02 5.8906701660e+02 5.8912500000e+02 5.8927001953e+02 5.8937097168e+02 5.8946398926e+02 5.8954101563e+02 5.8961499023e+02 5.8970501709e+02 5.8979498291e+02 5.8989501953e+02
5.9180200195e+02 5.9203497314e+02 5.9229400635e+02 5.9248199463e+02 5.9263201904e+02 5.9280798340e+02 5.9300897217e+02 5.9316900635e+02 5.9328802490e+02 5.9336901855e+02 5.9346899414e+02 5.9356597900e+02 5.9355499268e+02 5.9351000977e+02 5.9343798828e+02 5.9333300781e+02 5.9319702148e+02 5.9302600098e+02 5.9285900879e+02 5.9266497803e+02 5.9241101074e+02 5.9198199463e+02 5.9161401367e+02 5.9137799072e+02 5.9124298096e+02 5.9115002441e+02 5.9102600098e+02 5.9084600830e+02 5.9062298584e+02 5.9025799561e+02 5.8971197510e+02 5.8920599365e+02 5.8899200439e+02 5.8899798584e+02 5.8901000977e+02 5.8901098633e+02 5.8900799561e+02 5.8904199219e+02 5.8919097900e+02 5.8931097412e+02 5.8939202881e+02 5.8947802734e+02 5.8954699707e+02 5.8963000488e+02 5.8973797607e+02 5.8984301758e+02
5.9164898682e+02 5.9187402344e+02 5.9213098145e+02 5.9233502197e+02 5.9249798584e+02 5.9266198730e+02 5.9284399414e+02 5.9301202393e+02 5.9314501953e+02 5.9324798584e+02 5.9338598633e+02 5.9349597168e+02 5.9347698975e+02 5.9344799805e+02 5.9337200928e+02 5.9324401855e+02 5.9310797119e+02 5.9295898438e+02 5.9279101563e+02 5.9259899902e+02 5.9235998535e+02 5.9196301270e+02 5.9159899902e+02 5.9134100342e+02 5.9118402100e+02 5.9106402588e+02 5.9093402100e+02 5.9078198242e+02 5.9057397461e+02 5.9024298096e+02 5.8974798584e+02 5.8923999023e+02 5.8896099854e+02 5.8892297363e+02 5.8894000244e+02 5.8894702148e+02 5.8894396973e+02 5.8895098877e+02 5.8909997559e+02 5.8924298096e+02 5.8931799316e+02 5.8942700195e+02 5.8950000000e+02 5.8957299805e+02 5.8968103027e+02 5.8978698730e+02
5.9148297119e+02 5.9171197510e+02 5.9196997070e+02 5.9218103027e+02 5.9235302734e+02 5.9252197266e+02 5.9269097900e+02 5.9286901855e+02 5.9301202393e+02 5.9314099121e+02 5.9329797363e+02 5.9341198730e+02 5.9342700195e+02 5.9341302490e+02 5.9331701660e+02 5.9315899658e+02 5.9301800537e+02 5.9287701416e+02 5.9271002197e+02 5.9251300049e+02 5.9226702881e+02 5.9192199707e+02 5.9158197021e+02 5.9130297852e+02 5.9111199951e+02 5.9098199463e+02 5.9085302734e+02 5.9072399902e+02 5.9054400635e+02 5.9022998047e+02 5.8977398682e+02 5.8926599121e+02 5.8892700195e+02 5.8885302734e+02 5.8887500000e+02 5.8889001465e+02 5.8888800049e+02 5.8888098145e+02 5.8902398682e+02 5.8918200684e+02 5.8925201416e+02 5.8936199951e+02 5.8944702148e+02 5.8952801514e+02 5.8962701416e+02 5.8973199463e+02
5.9128002930e+02 5.9154797363e+02 5.9181701660e+02 5.9203601074e+02 5.9222100830e+02 5.9240197754e+02 5.9257598877e+02 5.9275500488e+02 5.9291497803e+02 5.9305902100e+02 5.9319598389e+02 5.9329901123e+02 5.9337402344e+02 5.9337097168e+02 5.9325500488e+02 5.9307897949e+02 5.9292199707e+02 5.9278100586e+02 5.9260797119e+02 5.9240100098e+02 5.9214202881e+02 5.9187500000e+02 5.9154797363e+02 5.9123999023e+02 5.9102301025e+02 5.9090002441e+02 5.9078302002e+02 5.9065698242e+02 5.9053002930e+02 5.9025201416e+02 5.8982702637e+02 5.8931402588e+02 5.8888397217e+02 5.8877398682e+02 5.8880200195e+02 5.8882702637e+02 5.8881500244e+02 5.8881201172e+02 5.8893499756e+02 5.8909997559e+02 5.8920599365e+02 5.8928997803e+02 5.8938897705e+02 5.8949499512e+02 5.8959100342e+02 5.8968103027e+02
5.9109301758e+02 5.9136401367e+02 5.9161401367e+02 5.9183898926e+02 5.9204498291e+02 5.9225299072e+02 5.9245098877e+02 5.9262500000e+02 5.9280200195e+02 5.9296002197e+02 5.9309899902e+02 5.9320397949e+02 5.9330401611e+02 5.9332098389e+02 5.9318200684e+02 5.9299902344e+02 5.9286102295e+02 5.9269598389e+02 5.9251898193e+02 5.9234197998e+02 5.9211602783e+02 5.9179797363e+02 5.9144702148e+02 5.9114898682e+02 5.9093798828e+02 5.9083300781e+02 5.9074200439e+02 5.9062597656e+02 5.9051501465e+02 5.9030999756e+02 5.8991302490e+02 5.8937597656e+02 5.8887097168e+02 5.8869897461e+02 5.8871398926e+02 5.8874902344e+02 5.8874200439e+02 5.8872802734e+02 5.8881298828e+02 5.8897802734e+02 5.8913098145e+02 5.8925000000e+02 5.8933801270e+02 5.8942901611e+02 5.8953997803e+02 5.8963500977e+02
5.9092999268e+02 5.9117901611e+02 5.9140802002e+02 5.9163201904e+02 5.9186700439e+02 5.9210998535e+02 5.9232202148e+02 5.9250500488e+02 5.9268597412e+02 5.9284899902e+02 5.9300402832e+02 5.9310797119e+02 5.9318200684e+02 5.9321099854e+02 5.9308398438e+02 5.9293103027e+02 5.9283801270e+02 5.9266400146e+02 5.9247100830e+02 5.9230401611e+02 5.9206701660e+02 5.9172100830e+02 5.9139398193e+02 5.9110797119e+02 5.9086401367e+02 5.9076202393e+02 5.9068103027e+02 5.9056896973e+02 5.9046697998e+02 5.9033197021e+02 5.8998797607e+02 5.8944598389e+02 5.8886700439e+02 5.8863397217e+02 5.8862902832e+02 5.8867401123e+02 5.8867797852e+02 5.8866497803e+02 5.8872100830e+02 5.8887097168e+02 5.8904400635e+02 5.8920599365e+02 5.8929998779e+02 5.8936499023e+02 5.8946801758e+02 5.8957397461e+02
5.9077197266e+02 5.9101898193e+02 5.9125201416e+02 5.9147497559e+02 5.9170001221e+02 5.9193902588e+02 5.9215301514e+02 5.9235302734e+02 5.9253997803e+02 5.9271398926e+02 5.9288702393e+02 5.9298797607e+02 5.9301000977e+02 5.9306298828e+02 5.9299102783e+02 5.9286700439e+02 5.9277600098e+02 5.9261401367e+02 5.9242102051e+02 5.9224499512e+02 5.9197399902e+02 5.9165698242e+02 5.9135198975e+02 5.9105999756e+02 5.9080902100e+02 5.9069702148e+02 5.9060699463e+02 5.9049499512e+02 5.9038500977e+02 5.9030297852e+02 5.9001702881e+02 5.8949298096e+02 5.8887097168e+02 5.8858599854e+02 5.8855297852e+02 5.8859899902e+02 5.8861199951e+02 5.8860699463e+02 5.8864001465e+02 5.8876501465e+02 5.8894500732e+02 5.8913598633e+02 5.8926300049e+02 5.8932702637e+02 5.8940301514e+02 5.8952001953e+02
5.9061901855e+02 5.9089202881e+02 5.9113299561e+02 5.9133697510e+02 5.9151702881e+02 5.9175897217e+02 5.9196502686e+02 5.9216900635e+02 5.9238000488e+02 5.9256298828e+02 5.9273797607e+02 5.9284802246e+02 5.9285498047e+02 5.9293499756e+02 5.9292999268e+02 5.9281298828e+02 5.9268597412e+02 5.9252697754e+02 5.9234497070e+02 5.9213800049e+02 5.9184301758e+02 5.9155297852e+02 5.9123999023e+02 5.9095001221e+02 5.9073699951e+02 5.9063598633e+02 5.9054101563e+02 5.9043798828e+02 5.9032800293e+02 5.9023901367e+02 5.8998297119e+02 5.8950500488e+02 5.8889599609e+02 5.8855499268e+02 5.8848199463e+02 5.8852197266e+02 5.8853900146e+02 5.8854101563e+02 5.8855499268e+02 5.8865197754e+02 5.8884301758e+02 5.8906701660e+02 5.8921697998e+02 5.8930603027e+02 5.8936602783e+02 5.8947302246e+02
5.9046099854e+02 5.9071997070e+02 5.9096600342e+02 5.9117498779e+02 5.9136999512e+02 5.9161700439e+02 5.9182800293e+02 5.9202502441e+02 5.9225097656e+02 5.9242901611e+02 5.9260498047e+02 5.9273797607e+02 5.9275000000e+02 5.9283001709e+02 5.9284497070e+02 5.9272998047e+02 5.9260198975e+02 5.9241900635e+02 5.9223699951e+02 5.9203497314e+02 5.9171997070e+02 5.9139801025e+02 5.9108001709e+02 5.9080499268e+02 5.9060797119e+02 5.9052697754e+02 5.9046997070e+02 5.9038897705e+02 5.9026800537e+02 5.9017498779e+02 5.8992901611e+02 5.8947802734e+02 5.8887298584e+02 5.8848699951e+02 5.8840002441e+02 5.8845300293e+02 5.8847198486e+02 5.8846398926e+02 5.8847399902e+02 5.8855700684e+02 5.8875000000e+02 5.8899401855e+02 5.8914398193e+02 5.8925701904e+02 5.8935101318e+02 5.8943597412e+02
5.9031701660e+02 5.9057702637e+02 5.9081701660e+02 5.9103399658e+02 5.9124798584e+02 5.9150201416e+02 5.9169598389e+02 5.9188598633e+02 5.9212597656e+02 5.9228900146e+02 5.9244396973e+02 5.9257800293e+02 5.9262097168e+02 5.9268798828e+02 5.9271899414e+02 5.9263702393e+02 5.9250000000e+02 5.9229400635e+02 5.9211199951e+02 5.9191198730e+02 5.9162298584e+02 5.9128302002e+02 5.9094396973e+02 5.9066900635e+02 5.9048602295e+02 5.9041802979e+02 5.9038098145e+02 5.9031500244e+02 5.9019201660e+02 5.9009100342e+02 5.8985400391e+02 5.8941998291e+02 5.8884002686e+02 5.8843298340e+02 5.8832501221e+02 5.8837500000e+02 5.8840002441e+02 5.8839099121e+02 5.8839898682e+02 5.8846801758e+02 5.8866101074e+02 5.8889599609e+02 5.8904602051e+02 5.8918701172e+02 5.8930603027e+02 5.8938299561e+02
5.9015002441e+02 5.9044000244e+02 5.9068499756e+02 5.9090600586e+02 5.9111798096e+02 5.9137701416e+02 5.9156298828e+02 5.9174102783e+02 5.9196899414e+02 5.9214202881e+02 5.9229199219e+02 5.9242199707e+02 5.9248101807e+02 5.9256597900e+02 5.9261199951e+02 5.9252099609e+02 5.9235498047e+02 5.9217602539e+02 5.9200701904e+02 5.9180700684e+02 5.9155297852e+02 5.9117199707e+02 5.9078698730e+02 5.9051397705e+02 5.9036199951e+02 5.9029400635e+02 5.9025701904e+02 5.9020599365e+02 5.9010302734e+02 5.9000201416e+02 5.8977801514e+02 5.8936700439e+02 5.8880999756e+02 5.8837799072e+02 5.8824102783e+02 5.8828302002e+02 5.8832397461e+02 5.8832202148e+02 5.8832098389e+02 5.8837500000e+02 5.8856896973e+02 5.8879998779e+02 5.8895202637e+02 5.8910498047e+02 5.8923699951e+02 5.8933300781e+02
5.8990502930e+02 5.9022497559e+02 5.9050402832e+02 5.9074902344e+02 5.9096899414e+02 5.9121301270e+02 5.9140802002e+02 5.9159399414e+02 5.9181896973e+02 5.9201202393e+02 5.9218200684e+02 5.9231701660e+02 5.9234399414e+02 5.9243298340e+02 5.9249102783e+02 5.9238000488e+02 5.9220800781e+02 5.9207598877e+02 5.9190802002e+02 5.9169702148e+02 5.9144396973e+02 5.9099200439e+02 5.9059301758e+02 5.9034899902e+02 5.9022698975e+02 5.9016400146e+02 5.9010900879e+02 5.9006097412e+02 5.9001000977e+02 5.8993200684e+02 5.8972698975e+02 5.8935101318e+02 5.8882000732e+02 5.8836102295e+02 5.8817401123e+02 5.8818701172e+02 5.8824798584e+02 5.8825598145e+02 5.8825201416e+02 5.8829901123e+02 5.8849499512e+02 5.8874200439e+02 5.8889398193e+02 5.8903698730e+02 5.8918902588e+02 5.8929699707e+02
5.8972900391e+02 5.9001599121e+02 5.9029602051e+02 5.9054302979e+02 5.9076300049e+02 5.9102398682e+02 5.9122998047e+02 5.9144097900e+02 5.9166601563e+02 5.9183697510e+02 5.9201501465e+02 5.9216998291e+02 5.9218103027e+02 5.9224597168e+02 5.9231298828e+02 5.9223101807e+02 5.9208898926e+02 5.9194897461e+02 5.9176501465e+02 5.9155200195e+02 5.9129498291e+02 5.9085400391e+02 5.9048101807e+02 5.9024597168e+02 5.9012500000e+02 5.9004602051e+02 5.8997698975e+02 5.8993200684e+02 5.8992498779e+02 5.8991900635e+02 5.8975897217e+02 5.8940698242e+02 5.8884899902e+02 5.8832702637e+02 5.8808599854e+02 5.8808001709e+02 5.8815301514e+02 5.8817102051e+02 5.8817602539e+02 5.8821301270e+02 5.8841497803e+02 5.8868701172e+02 5.8883898926e+02 5.8897998047e+02 5.8912597656e+02 5.8925000000e+02
5.8956500244e+02 5.8984497070e+02 5.9010998535e+02 5.9035699463e+02 5.9059197998e+02 5.9082800293e+02 5.9103198242e+02 5.9126098633e+02 5.9147900391e+02 5.9163397217e+02 5.9181298828e+02 5.9197198486e+02 5.9201397705e+02 5.9205200195e+02 5.9210900879e+02 5.9205902100e+02 5.9195202637e+02 5.9180200195e+02 5.9161700439e+02 5.9139001465e+02 5.9112597656e+02 5.9072900391e+02 5.9035198975e+02 5.9010797119e+02 5.9000701904e+02 5.8994201660e+02 5.8987902832e+02 5.8984301758e+02 5.8985797119e+02 5.8990802002e+02 5.8979302979e+02 5.8946697998e+02 5.8889300537e+02 5.8832202148e+02 5.8804400635e+02 5.8801000977e+02 5.8807098389e+02 5.8809600830e+02 5.8810498047e+02 5.8813702393e+02 5.8834301758e+02 5.8863702393e+02 5.8879199219e+02 5.8893200684e+02 5.8906799316e+02 5.8919598389e+02
5.8941198730e+02 5.8966699219e+02 5.8991998291e+02 5.9018597412e+02 5.9044299316e+02 5.9065399170e+02 5.9085198975e+02 5.9108801270e+02 5.9129998779e+02 5.9145697021e+02 5.9161102295e+02 5.9175000000e+02 5.9182397461e+02 5.9184399414e+02 5.9190197754e+02 5.9188598633e+02 5.9181799316e+02 5.9164501953e+02 5.9143103027e+02 5.9118798828e+02 5.9094299316e+02 5.9055902100e+02 5.9019000244e+02 5.8997601318e+02 5.8989898682e+02 5.8985400391e+02 5.8980603027e+02 5.8977301025e+02 5.8979101563e+02 5.8987902832e+02 5.8979602051e+02 5.8949200439e+02 5.8891497803e+02 5.8833099365e+02 5.8803002930e+02 5.8796301270e+02 5.8800201416e+02 5.8801599121e+02 5.8802001953e+02 5.8805999756e+02 5.8826898193e+02 5.8857897949e+02 5.8872998047e+02 5.8886798096e+02 5.8901300049e+02 5.8914001465e+02
