TESTSERVER/10/11.asc
NCOLS 100
NROWS 100
XLLCORNER 7.9997500000e+03
YLLCORNER 2.8940025000e+05
CELLSIZE 5.0000000000e-01
NODATA_VALUE -9.9990000000e+03
[rows 40 to 59 of 100, columns 0 to 45 of 100]
5.9571600342e+02 5.9562597656e+02 5.9553002930e+02 5.9542498779e+02 5.9534600830e+02 5.9525097656e+02 5.9510998535e+02 5.9496899414e+02 5.9485900879e+02 5.9474700928e+02 5.9460302734e+02 5.9446197510e+02 5.9432098389e+02 5.9413800049e+02 5.9393402100e+02 5.9375701904e+02 5.9359802246e+02 5.9344396973e+02 5.9334100342e+02 5.9318402100e+02 5.9288098145e+02 5.9252099609e+02 5.9211901855e+02 5.9184497070e+02 5.9178698730e+02 5.9180999756e+02 5.9183502197e+02 5.9184698486e+02 5.9185498047e+02 5.9188299561e+02 5.9191198730e+02 5.9194000244e+02 5.9198400879e+02 5.9202899170e+02 5.9209002686e+02 5.9215600586e+02 5.9221099854e+02 5.9230297852e+02 5.9238299561e+02 5.9247198486e+02 5.9257897949e+02 5.9266900635e+02 5.9276800537e+02 5.9288201904e+02 5.9300000000e+02 5.9311700439e+02
5.9566601563e+02 5.9560498047e+02 5.9553100586e+02 5.9544000244e+02 5.9534802246e+02 5.9524401855e+02 5.9511798096e+02 5.9498699951e+02 5.9485797119e+02 5.9470599365e+02 5.9457800293e+02 5.9447601318e+02 5.9434997559e+02 5.9415899658e+02 5.9394097900e+02 5.9372802734e+02 5.9354498291e+02 5.9339801025e+02 5.9328601074e+02 5.9313299561e+02 5.9285101318e+02 5.9254101563e+02 5.9214300537e+02 5.9181298828e+02 5.9172302246e+02 5.9175201416e+02 5.9178399658e+02 5.9179602051e+02 5.9180902100e+02 5.9183099365e+02 5.9185101318e+02 5.9187200928e+02 5.9192102051e+02 5.9196997070e+02 5.9202697754e+02 5.9209802246e+02 5.9215502930e+02 5.9222802734e+02 5.9231402588e+02 5.9241601563e+02 5.9253198242e+02 5.9262200928e+02 5.9271899414e+02 5.9283599854e+02 5.9295599365e+02 5.9306201172e+02
5.9564001465e+02 5.9558801270e+02 5.9552697754e+02 5.9545300293e+02 5.9536999512e+02 5.9526300049e+02 5.9514801025e+02 5.9503100586e+02 5.9489501953e+02 5.9472497559e+02 5.9457598877e+02 5.9447497559e+02 5.9436700439e+02 5.9416198730e+02 5.9394000244e+02 5.9371398926e+02 5.9350598145e+02 5.9334197998e+02 5.9318499756e+02 5.9303100586e+02 5.9283398438e+02 5.9257897949e+02 5.9217199707e+02 5.9178302002e+02 5.9165002441e+02 5.9168298340e+02 5.9171002197e+02 5.9172302246e+02 5.9174902344e+02 5.9177001953e+02 5.9178698730e+02 5.9180700684e+02 5.9184997559e+02 5.9190899658e+02 5.9197100830e+02 5.9204797363e+02 5.9211297607e+02 5.9219097900e+02 5.9227697754e+02 5.9237097168e+02 5.9247601318e+02 5.9257397461e+02 5.9268402100e+02 5.9281500244e+02 5.9294897461e+02 5.9305401611e+02
5.9562097168e+02 5.9558197021e+02 5.9552600098e+02 5.9545800781e+02 5.9538500977e+02 5.9529101563e+02 5.9519702148e+02 5.9508801270e+02 5.9494799805e+02 5.9479498291e+02 5.9462402344e+02 5.9448699951e+02 5.9435498047e+02 5.9412597656e+02 5.9390197754e+02 5.9367199707e+02 5.9345697021e+02 5.9331298828e+02 5.9311199951e+02 5.9294299316e+02 5.9284002686e+02 5.9263598633e+02 5.9221801758e+02 5.9178002930e+02 5.9160302734e+02 5.9162701416e+02 5.9164001465e+02 5.9165301514e+02 5.9168298340e+02 5.9170898438e+02 5.9172900391e+02 5.9175201416e+02 5.9178900146e+02 5.9185498047e+02 5.9192700195e+02 5.9200000000e+02 5.9205499268e+02 5.9213098145e+02 5.9221801758e+02 5.9231298828e+02 5.9243402100e+02 5.9257098389e+02 5.9272100830e+02 5.9288500977e+02 5.9304498291e+02 5.9318499756e+02
5.9559100342e+02 5.9556097412e+02 5.9551501465e+02 5.9545501709e+02 5.9539398193e+02 5.9532098389e+02 5.9524798584e+02 5.9513201904e+02 5.9496697998e+02 5.9484100342e+02 5.9466900635e+02 5.9450500488e+02 5.9436401367e+02 5.9411102295e+02 5.9387200928e+02 5.9361798096e+02 5.9338702393e+02 5.9327600098e+02 5.9307202148e+02 5.9288397217e+02 5.9281896973e+02 5.9263000488e+02 5.9222698975e+02 5.9176898193e+02 5.9154400635e+02 5.9156701660e+02 5.9158502197e+02 5.9159698486e+02 5.9162500000e+02 5.9164801025e+02 5.9166900635e+02 5.9169396973e+02 5.9173400879e+02 5.9179602051e+02 5.9186901855e+02 5.9192999268e+02 5.9198699951e+02 5.9205902100e+02 5.9215600586e+02 5.9228601074e+02 5.9246600342e+02 5.9265100098e+02 5.9285302734e+02 5.9305999756e+02 5.9325500488e+02 5.9341302490e+02
5.9555798340e+02 5.9553198242e+02 5.9549798584e+02 5.9545098877e+02 5.9539898682e+02 5.9534899902e+02 5.9527899170e+02 5.9516302490e+02 5.9500097656e+02 5.9488897705e+02 5.9471002197e+02 5.9450000000e+02 5.9431500244e+02 5.9407501221e+02 5.9383398438e+02 5.9359301758e+02 5.9337799072e+02 5.9323602295e+02 5.9304101563e+02 5.9285900879e+02 5.9276098633e+02 5.9260302734e+02 5.9227801514e+02 5.9181097412e+02 5.9148999023e+02 5.9147399902e+02 5.9151898193e+02 5.9154199219e+02 5.9156402588e+02 5.9157800293e+02 5.9159600830e+02 5.9162799072e+02 5.9167102051e+02 5.9172497559e+02 5.9179498291e+02 5.9185400391e+02 5.9191302490e+02 5.9200598145e+02 5.9214300537e+02 5.9230999756e+02 5.9249700928e+02 5.9271301270e+02 5.9295300293e+02 5.9315997314e+02 5.9329101563e+02 5.9343298340e+02
5.9553399658e+02 5.9550097656e+02 5.9547100830e+02 5.9543298340e+02 5.9538800049e+02 5.9535400391e+02 5.9527899170e+02 5.9517498779e+02 5.9503997803e+02 5.9490698242e+02 5.9471899414e+02 5.9448602295e+02 5.9427301025e+02 5.9401702881e+02 5.9379101563e+02 5.9357299805e+02 5.9334802246e+02 5.9316699219e+02 5.9298400879e+02 5.9284899902e+02 5.9275299072e+02 5.9260900879e+02 5.9235302734e+02 5.9190899658e+02 5.9148699951e+02 5.9140100098e+02 5.9144201660e+02 5.9147698975e+02 5.9150201416e+02 5.9151702881e+02 5.9153802490e+02 5.9156896973e+02 5.9160699463e+02 5.9165600586e+02 5.9171301270e+02 5.9176800537e+02 5.9184197998e+02 5.9198901367e+02 5.9216302490e+02 5.9232897949e+02 5.9249200439e+02 5.9269702148e+02 5.9290600586e+02 5.9307501221e+02 5.9320202637e+02 5.9332702637e+02
5.9551898193e+02 5.9547698975e+02 5.9544299316e+02 5.9540802002e+02 5.9536102295e+02 5.9532098389e+02 5.9524102783e+02 5.9516198730e+02 5.9507299805e+02 5.9490197754e+02 5.9469897461e+02 5.9447900391e+02 5.9429602051e+02 5.9402301025e+02 5.9378997803e+02 5.9357397461e+02 5.9332598877e+02 5.9313201904e+02 5.9295800781e+02 5.9283898926e+02 5.9274798584e+02 5.9262402344e+02 5.9241998291e+02 5.9201501465e+02 5.9152099609e+02 5.9135998535e+02 5.9137402344e+02 5.9141302490e+02 5.9143701172e+02 5.9145898438e+02 5.9148101807e+02 5.9150799561e+02 5.9154602051e+02 5.9159997559e+02 5.9164398193e+02 5.9170001221e+02 5.9180200195e+02 5.9198297119e+02 5.9215802002e+02 5.9229998779e+02 5.9245397949e+02 5.9262200928e+02 5.9278002930e+02 5.9293200684e+02 5.9309698486e+02 5.9323602295e+02
5.9548797607e+02 5.9545098877e+02 5.9542498779e+02 5.9539898682e+02 5.9535498047e+02 5.9528497314e+02 5.9520599365e+02 5.9513897705e+02 5.9503997803e+02 5.9488897705e+02 5.9467199707e+02 5.9446997070e+02 5.9432299805e+02 5.9406597900e+02 5.9382397461e+02 5.9360198975e+02 5.9334802246e+02 5.9312200928e+02 5.9294201660e+02 5.9279602051e+02 5.9270300293e+02 5.9262298584e+02 5.9244897461e+02 5.9208300781e+02 5.9157098389e+02 5.9130200195e+02 5.9129302979e+02 5.9134301758e+02 5.9137402344e+02 5.9139202881e+02 5.9140301514e+02 5.9142700195e+02 5.9147497559e+02 5.9153198242e+02 5.9156799316e+02 5.9165399170e+02 5.9179498291e+02 5.9198199463e+02 5.9212902832e+02 5.9224700928e+02 5.9240399170e+02 5.9253100586e+02 5.9266198730e+02 5.9282000732e+02 5.9299200439e+02 5.9313000488e+02
5.9544897461e+02 5.9542401123e+02 5.9541601563e+02 5.9540399170e+02 5.9534002686e+02 5.9527001953e+02 5.9519897461e+02 5.9510998535e+02 5.9498797607e+02 5.9484399414e+02 5.9465899658e+02 5.9450097656e+02 5.9430999756e+02 5.9405999756e+02 5.9383898926e+02 5.9361297607e+02 5.9335302734e+02 5.9311700439e+02 5.9295599365e+02 5.9280499268e+02 5.9269598389e+02 5.9264398193e+02 5.9247399902e+02 5.9210498047e+02 5.9157202148e+02 5.9124499512e+02 5.9122399902e+02 5.9127899170e+02 5.9130102539e+02 5.9132098389e+02 5.9133197021e+02 5.9135601807e+02 5.9139898682e+02 5.9145300293e+02 5.9149499512e+02 5.9160400391e+02 5.9175097656e+02 5.9192199707e+02 5.9205401611e+02 5.9216198730e+02 5.9230401611e+02 5.9243298340e+02 5.9256298828e+02 5.9271502686e+02 5.9288299561e+02 5.9302099609e+02
5.9541900635e+02 5.9541497803e+02 5.9541699219e+02 5.9539801025e+02 5.9531799316e+02 5.9525799561e+02 5.9519201660e+02 5.9508898926e+02 5.9494201660e+02 5.9479400635e+02 5.9465698242e+02 5.9454302979e+02 5.9432098389e+02 5.9407202148e+02 5.9386401367e+02 5.9363897705e+02 5.9336798096e+02 5.9313098145e+02 5.9297302246e+02 5.9280999756e+02 5.9268200684e+02 5.9264202881e+02 5.9248602295e+02 5.9212402344e+02 5.9158398438e+02 5.9121600342e+02 5.9117199707e+02 5.9121697998e+02 5.9122998047e+02 5.9125897217e+02 5.9127099609e+02 5.9129901123e+02 5.9133801270e+02 5.9136901855e+02 5.9141998291e+02 5.9153698730e+02 5.9167700195e+02 5.9182897949e+02 5.9196398926e+02 5.9207098389e+02 5.9219500732e+02 5.9232702637e+02 5.9246099854e+02 5.9261199951e+02 5.9276599121e+02 5.9289801025e+02
5.9539300537e+02 5.9540002441e+02 5.9540399170e+02 5.9538598633e+02 5.9530700684e+02 5.9524597168e+02 5.9517199707e+02 5.9506097412e+02 5.9491497803e+02 5.9479302979e+02 5.9468499756e+02 5.9455999756e+02 5.9435101318e+02 5.9411499023e+02 5.9388800049e+02 5.9364801025e+02 5.9338800049e+02 5.9315899658e+02 5.9298101807e+02 5.9280700684e+02 5.9267700195e+02 5.9262799072e+02 5.9248498535e+02 5.9214099121e+02 5.9160198975e+02 5.9119702148e+02 5.9111102295e+02 5.9114599609e+02 5.9116198730e+02 5.9119097900e+02 5.9120001221e+02 5.9123602295e+02 5.9128198242e+02 5.9129101563e+02 5.9135101318e+02 5.9146801758e+02 5.9158197021e+02 5.9171801758e+02 5.9186401367e+02 5.9197802734e+02 5.9208398438e+02 5.9221301270e+02 5.9234301758e+02 5.9248498535e+02 5.9262500000e+02 5.9275000000e+02
5.9536401367e+02 5.9536297607e+02 5.9535797119e+02 5.9534899902e+02 5.9530700684e+02 5.9522198486e+02 5.9513598633e+02 5.9503302002e+02 5.9490002441e+02 5.9480102539e+02 5.9469299316e+02 5.9453198242e+02 5.9439697266e+02 5.9420599365e+02 5.9391802979e+02 5.9363702393e+02 5.9340002441e+02 5.9319702148e+02 5.9299102783e+02 5.9282098389e+02 5.9272998047e+02 5.9265002441e+02 5.9249798584e+02 5.9216802979e+02 5.9165399170e+02 5.9118902588e+02 5.9104101563e+02 5.9106896973e+02 5.9109100342e+02 5.9111602783e+02 5.9112902832e+02 5.9116198730e+02 5.9120599365e+02 5.9122198486e+02 5.9129101563e+02 5.9139697266e+02 5.9149200439e+02 5.9162097168e+02 5.9176397705e+02 5.9188500977e+02 5.9197998047e+02 5.9210601807e+02 5.9221502686e+02 5.9232397461e+02 5.9245001221e+02 5.9259802246e+02
5.9533099365e+02 5.9532800293e+02 5.9532598877e+02 5.9531097412e+02 5.9526800537e+02 5.9518499756e+02 5.9510797119e+02 5.9502600098e+02 5.9490197754e+02 5.9478399658e+02 5.9467199707e+02 5.9451800537e+02 5.9440600586e+02 5.9421002197e+02 5.9390399170e+02 5.9365197754e+02 5.9343298340e+02 5.9323498535e+02 5.9302398682e+02 5.9283001709e+02 5.9271301270e+02 5.9263299561e+02 5.9248498535e+02 5.9217297363e+02 5.9167199707e+02 5.9116900635e+02 5.9096600342e+02 5.9099700928e+02 5.9103497314e+02 5.9104901123e+02 5.9106500244e+02 5.9108801270e+02 5.9113397217e+02 5.9117401123e+02 5.9124700928e+02 5.9133300781e+02 5.9142901611e+02 5.9154901123e+02 5.9167602539e+02 5.9178002930e+02 5.9186401367e+02 5.9197998047e+02 5.9209002686e+02 5.9219702148e+02 5.9232202148e+02 5.9245599365e+02
5.9528698730e+02 5.9528100586e+02 5.9528198242e+02 5.9526898193e+02 5.9522900391e+02 5.9515899658e+02 5.9508599854e+02 5.9500598145e+02 5.9490197754e+02 5.9478399658e+02 5.9466998291e+02 5.9453198242e+02 5.9441302490e+02 5.9420501709e+02 5.9393597412e+02 5.9370098877e+02 5.9346301270e+02 5.9326202393e+02 5.9305102539e+02 5.9284497070e+02 5.9270300293e+02 5.9261602783e+02 5.9248400879e+02 5.9219702148e+02 5.9172302246e+02 5.9119000244e+02 5.9092797852e+02 5.9092700195e+02 5.9096801758e+02 5.9098498535e+02 5.9100799561e+02 5.9102600098e+02 5.9105999756e+02 5.9110900879e+02 5.9118103027e+02 5.9126202393e+02 5.9138098145e+02 5.9148400879e+02 5.9158801270e+02 5.9167700195e+02 5.9176702881e+02 5.9187799072e+02 5.9197601318e+02 5.9207397461e+02 5.9219299316e+02 5.9232299805e+02
5.9522698975e+02 5.9522198486e+02 5.9522698975e+02 5.9521697998e+02 5.9517498779e+02 5.9512298584e+02 5.9505999756e+02 5.9497802734e+02 5.9489398193e+02 5.9478002930e+02 5.9466302490e+02 5.9454699707e+02 5.9443597412e+02 5.9424102783e+02 5.9402197266e+02 5.9379602051e+02 5.9349401855e+02 5.9325299072e+02 5.9302801514e+02 5.9282598877e+02 5.9269500732e+02 5.9262200928e+02 5.9251501465e+02 5.9225701904e+02 5.9179199219e+02 5.9121899414e+02 5.9090399170e+02 5.9086297607e+02 5.9090301514e+02 5.9092498779e+02 5.9094799805e+02 5.9095898438e+02 5.9097601318e+02 5.9103002930e+02 5.9110498047e+02 5.9117901611e+02 5.9130999756e+02 5.9140802002e+02 5.9150500488e+02 5.9159698486e+02 5.9169500732e+02 5.9179302979e+02 5.9188598633e+02 5.9197998047e+02 5.9207397461e+02 5.9219396973e+02
5.9516400146e+02 5.9515899658e+02 5.9516302490e+02 5.9515802002e+02 5.9512701416e+02 5.9509301758e+02 5.9504101563e+02 5.9495397949e+02 5.9487402344e+02 5.9476599121e+02 5.9464300537e+02 5.9453198242e+02 5.9442700195e+02 5.9426300049e+02 5.9409997559e+02 5.9387402344e+02 5.9350897217e+02 5.9319299316e+02 5.9295800781e+02 5.9278399658e+02 5.9269299316e+02 5.9263897705e+02 5.9255297852e+02 5.9232800293e+02 5.9190399170e+02 5.9127197266e+02 5.9090002441e+02 5.9081896973e+02 5.9084197998e+02 5.9086401367e+02 5.9087298584e+02 5.9087799072e+02 5.9089300537e+02 5.9096002197e+02 5.9105297852e+02 5.9112701416e+02 5.9121801758e+02 5.9132800293e+02 5.9142498779e+02 5.9152398682e+02 5.9161798096e+02 5.9168701172e+02 5.9178997803e+02 5.9190301514e+02 5.9199499512e+02 5.9209802246e+02
5.9511499023e+02 5.9512200928e+02 5.9511999512e+02 5.9511297607e+02 5.9508398438e+02 5.9506298828e+02 5.9501599121e+02 5.9493402100e+02 5.9485900879e+02 5.9476397705e+02 5.9465698242e+02 5.9453100586e+02 5.9441400146e+02 5.9426599121e+02 5.9408197021e+02 5.9380603027e+02 5.9340698242e+02 5.9313897705e+02 5.9295898438e+02 5.9280902100e+02 5.9270202637e+02 5.9265100098e+02 5.9257598877e+02 5.9236102295e+02 5.9195300293e+02 5.9131799316e+02 5.9085498047e+02 5.9074902344e+02 5.9079101563e+02 5.9079901123e+02 5.9079498291e+02 5.9081097412e+02 5.9083599854e+02 5.9088598633e+02 5.9099102783e+02 5.9107397461e+02 5.9115600586e+02 5.9126202393e+02 5.9134497070e+02 5.9143200684e+02 5.9151702881e+02 5.9159802246e+02 5.9169396973e+02 5.9180902100e+02 5.9192102051e+02 5.9202099609e+02
5.9504901123e+02 5.9506500244e+02 5.9507000732e+02 5.9508300781e+02 5.9507000732e+02 5.9504199219e+02 5.9498797607e+02 5.9490600586e+02 5.9482897949e+02 5.9475402832e+02 5.9465600586e+02 5.9452502441e+02 5.9437799072e+02 5.9419097900e+02 5.9397497559e+02 5.9370098877e+02 5.9335400391e+02 5.9311401367e+02 5.9297302246e+02 5.9283599854e+02 5.9271502686e+02 5.9269396973e+02 5.9264599609e+02 5.9243798828e+02 5.9202398682e+02 5.9137701416e+02 5.9084802246e+02 5.9068597412e+02 5.9072399902e+02 5.9073101807e+02 5.9072900391e+02 5.9075000000e+02 5.9077301025e+02 5.9082000732e+02 5.9092700195e+02 5.9101300049e+02 5.9108099365e+02 5.9118103027e+02 5.9126898193e+02 5.9134899902e+02 5.9142297363e+02 5.9151397705e+02 5.9160601807e+02 5.9171801758e+02 5.9184399414e+02 5.9194702148e+02
5.9500201416e+02 5.9501000977e+02 5.9502600098e+02 5.9505798340e+02 5.9506201172e+02 5.9502899170e+02 5.9496697998e+02 5.9487902832e+02 5.9479901123e+02 5.9473901367e+02 5.9463598633e+02 5.9449902344e+02 5.9434698486e+02 5.9414202881e+02 5.9392297363e+02 5.9368499756e+02 5.9337200928e+02 5.9309301758e+02 5.9295898438e+02 5.9283898926e+02 5.9272601318e+02 5.9275701904e+02 5.9273498535e+02 5.9253100586e+02 5.9210900879e+02 5.9145697021e+02 5.9087902832e+02 5.9064599609e+02 5.9064697266e+02 5.9065997314e+02 5.9066601563e+02 5.9068103027e+02 5.9069201660e+02 5.9075799561e+02 5.9087701416e+02 5.9096697998e+02 5.9101800537e+02 5.9110601807e+02 5.9119299316e+02 5.9126501465e+02 5.9133697510e+02 5.9141699219e+02 5.9151300049e+02 5.9164099121e+02 5.9178100586e+02 5.9188598633e+02
