TESTSERVER/10/12.asc
NCOLS 100
NROWS 100
XLLCORNER 7.9997500000e+03
YLLCORNER 2.8935025000e+05
CELLSIZE 5.0000000000e-01
NODATA_VALUE -9.9990000000e+03
[rows 80 to 99 of 100, columns 46 to 91 of 100]
5.8512200928e+02 5.8535498047e+02 5.8556896973e+02 5.8581597900e+02 5.8605603027e+02 5.8626397705e+02 5.8647698975e+02 5.8667901611e+02 5.8686999512e+02 5.8711297607e+02 5.8730902100e+02 5.8747900391e+02 5.8773199463e+02 5.8801800537e+02 5.8821997070e+02 5.8852099609e+02 5.8883099365e+02 5.8905401611e+02 5.8923699951e+02 5.8945098877e+02 5.8967901611e+02 5.8987402344e+02 5.9005297852e+02 5.9020599365e+02 5.9032501221e+02 5.9045001221e+02 5.9056201172e+02 5.9063201904e+02 5.9070397949e+02 5.9076800537e+02 5.9084301758e+02 5.9090197754e+02 5.9094799805e+02 5.9098602295e+02 5.9102899170e+02 5.9102197266e+02 5.9104199219e+02 5.9106799316e+02 5.9108502197e+02 5.9106701660e+02 5.9106097412e+02 5.9106500244e+02 5.9106500244e+02 5.9106402588e+02 5.9107702637e+02 5.9107800293e+02
5.8496600342e+02 5.8520397949e+02 5.8542199707e+02 5.8564398193e+02 5.8589801025e+02 5.8611401367e+02 5.8630297852e+02 5.8649902344e+02 5.8671099854e+02 5.8696099854e+02 5.8714801025e+02 5.8733099365e+02 5.8753601074e+02 5.8778601074e+02 5.8804199219e+02 5.8830200195e+02 5.8860400391e+02 5.8890197754e+02 5.8913800049e+02 5.8933099365e+02 5.8954602051e+02 5.8975000000e+02 5.8992797852e+02 5.9005798340e+02 5.9017700195e+02 5.9032202148e+02 5.9045501709e+02 5.9055499268e+02 5.9064801025e+02 5.9071899414e+02 5.9078002930e+02 5.9083300781e+02 5.9087799072e+02 5.9091802979e+02 5.9096899414e+02 5.9098400879e+02 5.9100000000e+02 5.9102099609e+02 5.9104101563e+02 5.9103601074e+02 5.9102600098e+02 5.9102099609e+02 5.9102001953e+02 5.9102301025e+02 5.9104199219e+02 5.9103900146e+02
5.8481799316e+02 5.8505401611e+02 5.8529199219e+02 5.8548999023e+02 5.8571301270e+02 5.8591699219e+02 5.8611901855e+02 5.8631097412e+02 5.8651202393e+02 5.8675897217e+02 5.8697100830e+02 5.8717498779e+02 5.8738201904e+02 5.8762097168e+02 5.8788702393e+02 5.8809899902e+02 5.8838800049e+02 5.8873297119e+02 5.8902197266e+02 5.8920501709e+02 5.8939898682e+02 5.8960900879e+02 5.8978002930e+02 5.8990698242e+02 5.9004602051e+02 5.9019000244e+02 5.9034197998e+02 5.9047802734e+02 5.9057598877e+02 5.9063201904e+02 5.9069000244e+02 5.9075201416e+02 5.9080401611e+02 5.9084497070e+02 5.9089099121e+02 5.9092102051e+02 5.9094799805e+02 5.9097399902e+02 5.9100201416e+02 5.9100000000e+02 5.9098999023e+02 5.9099200439e+02 5.9099798584e+02 5.9098999023e+02 5.9100299072e+02 5.9100500488e+02
5.8470397949e+02 5.8493499756e+02 5.8517700195e+02 5.8539300537e+02 5.8559600830e+02 5.8576898193e+02 5.8596502686e+02 5.8615802002e+02 5.8634002686e+02 5.8657397461e+02 5.8680297852e+02 5.8700598145e+02 5.8721801758e+02 5.8744598389e+02 5.8772302246e+02 5.8796502686e+02 5.8822198486e+02 5.8853302002e+02 5.8881896973e+02 5.8901702881e+02 5.8919897461e+02 5.8941198730e+02 5.8962298584e+02 5.8982000732e+02 5.8997802734e+02 5.9008300781e+02 5.9022198486e+02 5.9038598633e+02 5.9046099854e+02 5.9049597168e+02 5.9058599854e+02 5.9066601563e+02 5.9072497559e+02 5.9077197266e+02 5.9081597900e+02 5.9084600830e+02 5.9088897705e+02 5.9092199707e+02 5.9094396973e+02 5.9093902588e+02 5.9095397949e+02 5.9097601318e+02 5.9096899414e+02 5.9095599365e+02 5.9095800781e+02 5.9095501709e+02
5.8461602783e+02 5.8483398438e+02 5.8504199219e+02 5.8527398682e+02 5.8546801758e+02 5.8563397217e+02 5.8584698486e+02 5.8604699707e+02 5.8622399902e+02 5.8644000244e+02 5.8665899658e+02 5.8684802246e+02 5.8706097412e+02 5.8727001953e+02 5.8748400879e+02 5.8778601074e+02 5.8803698730e+02 5.8830200195e+02 5.8857397461e+02 5.8881097412e+02 5.8899401855e+02 5.8919396973e+02 5.8945098877e+02 5.8968701172e+02 5.8986401367e+02 5.8996600342e+02 5.9012200928e+02 5.9028900146e+02 5.9035998535e+02 5.9041198730e+02 5.9051202393e+02 5.9056298828e+02 5.9061901855e+02 5.9068200684e+02 5.9074902344e+02 5.9078497314e+02 5.9083300781e+02 5.9086297607e+02 5.9087402344e+02 5.9088598633e+02 5.9091601563e+02 5.9092498779e+02 5.9090197754e+02 5.9091601563e+02 5.9092199707e+02 5.9091302490e+02
5.8456201172e+02 5.8474597168e+02 5.8490301514e+02 5.8512902832e+02 5.8534698486e+02 5.8552600098e+02 5.8575000000e+02 5.8594702148e+02 5.8611700439e+02 5.8632702637e+02 5.8653100586e+02 5.8670697021e+02 5.8690100098e+02 5.8711199951e+02 5.8729199219e+02 5.8754400635e+02 5.8780200195e+02 5.8807397461e+02 5.8833001709e+02 5.8855603027e+02 5.8877801514e+02 5.8900201416e+02 5.8924902344e+02 5.8950097656e+02 5.8971697998e+02 5.8986102295e+02 5.9000897217e+02 5.9014202881e+02 5.9025799561e+02 5.9036102295e+02 5.9044201660e+02 5.9047900391e+02 5.9053698730e+02 5.9061199951e+02 5.9067999268e+02 5.9071899414e+02 5.9076501465e+02 5.9079998779e+02 5.9082598877e+02 5.9084399414e+02 5.9085302734e+02 5.9085900879e+02 5.9086199951e+02 5.9086602783e+02 5.9087200928e+02 5.9086798096e+02
5.8446899414e+02 5.8464801025e+02 5.8480297852e+02 5.8500299072e+02 5.8522100830e+02 5.8541998291e+02 5.8563800049e+02 5.8583599854e+02 5.8601098633e+02 5.8620300293e+02 5.8638800049e+02 5.8656701660e+02 5.8675402832e+02 5.8695397949e+02 5.8713299561e+02 5.8733599854e+02 5.8756402588e+02 5.8783197021e+02 5.8808300781e+02 5.8832000732e+02 5.8858398438e+02 5.8883099365e+02 5.8905297852e+02 5.8930401611e+02 5.8951702881e+02 5.8967797852e+02 5.8984600830e+02 5.8998400879e+02 5.9013299561e+02 5.9024902344e+02 5.9034399414e+02 5.9040698242e+02 5.9046997070e+02 5.9054400635e+02 5.9060699463e+02 5.9064398193e+02 5.9068200684e+02 5.9072399902e+02 5.9076397705e+02 5.9078802490e+02 5.9080297852e+02 5.9082098389e+02 5.9083001709e+02 5.9081896973e+02 5.9082598877e+02 5.9082702637e+02
5.8432800293e+02 5.8452197266e+02 5.8471301270e+02 5.8488500977e+02 5.8508398438e+02 5.8529498291e+02 5.8551300049e+02 5.8569799805e+02 5.8587402344e+02 5.8605603027e+02 5.8622497559e+02 5.8639099121e+02 5.8657000732e+02 5.8676501465e+02 5.8695098877e+02 5.8710601807e+02 5.8730603027e+02 5.8757397461e+02 5.8783398438e+02 5.8807397461e+02 5.8835601807e+02 5.8862902832e+02 5.8885601807e+02 5.8905700684e+02 5.8923699951e+02 5.8942102051e+02 5.8965002441e+02 5.8983001709e+02 5.9001000977e+02 5.9013201904e+02 5.9023699951e+02 5.9032501221e+02 5.9039202881e+02 5.9046099854e+02 5.9052801514e+02 5.9056896973e+02 5.9060601807e+02 5.9064697266e+02 5.9068902588e+02 5.9071899414e+02 5.9075097656e+02 5.9077801514e+02 5.9077697754e+02 5.9076800537e+02 5.9077600098e+02 5.9078100586e+02
5.8418200684e+02 5.8438201904e+02 5.8460198975e+02 5.8480297852e+02 5.8499102783e+02 5.8519299316e+02 5.8540802002e+02 5.8557000732e+02 5.8571002197e+02 5.8587097168e+02 5.8603399658e+02 5.8620202637e+02 5.8636499023e+02 5.8655200195e+02 5.8675598145e+02 5.8688800049e+02 5.8707598877e+02 5.8733697510e+02 5.8760498047e+02 5.8783300781e+02 5.8809197998e+02 5.8840100098e+02 5.8868402100e+02 5.8883398438e+02 5.8901702881e+02 5.8924700928e+02 5.8950299072e+02 5.8967401123e+02 5.8988098145e+02 5.9003198242e+02 5.9013397217e+02 5.9021899414e+02 5.9028497314e+02 5.9035400391e+02 5.9043200684e+02 5.9048901367e+02 5.9053698730e+02 5.9057702637e+02 5.9061999512e+02 5.9065399170e+02 5.9068402100e+02 5.9069299316e+02 5.9069897461e+02 5.9071398926e+02 5.9072302246e+02 5.9072802734e+02
5.8404797363e+02 5.8422998047e+02 5.8443298340e+02 5.8464501953e+02 5.8484301758e+02 5.8504797363e+02 5.8525799561e+02 5.8545599365e+02 5.8557598877e+02 5.8569000244e+02 5.8583502197e+02 5.8599298096e+02 5.8613702393e+02 5.8628802490e+02 5.8645098877e+02 5.8664001465e+02 5.8686901855e+02 5.8714202881e+02 5.8739501953e+02 5.8763500977e+02 5.8786700439e+02 5.8817700195e+02 5.8849499512e+02 5.8864398193e+02 5.8882299805e+02 5.8906201172e+02 5.8932000732e+02 5.8950500488e+02 5.8972698975e+02 5.8990997314e+02 5.9001800537e+02 5.9009899902e+02 5.9016998291e+02 5.9024700928e+02 5.9033502197e+02 5.9039697266e+02 5.9044500732e+02 5.9047998047e+02 5.9053698730e+02 5.9058697510e+02 5.9061102295e+02 5.9062200928e+02 5.9063897705e+02 5.9066198730e+02 5.9067797852e+02 5.9068701172e+02
5.8391101074e+02 5.8408300781e+02 5.8426800537e+02 5.8445501709e+02 5.8464599609e+02 5.8484002686e+02 5.8503900146e+02 5.8523602295e+02 5.8537298584e+02 5.8549200439e+02 5.8564001465e+02 5.8577301025e+02 5.8590600586e+02 5.8605603027e+02 5.8622198486e+02 5.8644598389e+02 5.8668200684e+02 5.8692999268e+02 5.8715399170e+02 5.8740600586e+02 5.8762402344e+02 5.8788397217e+02 5.8820898438e+02 5.8841101074e+02 5.8861602783e+02 5.8886499023e+02 5.8912097168e+02 5.8930499268e+02 5.8952502441e+02 5.8972497559e+02 5.8985400391e+02 5.8994799805e+02 5.9003997803e+02 5.9012500000e+02 5.9021600342e+02 5.9028497314e+02 5.9034100342e+02 5.9038598633e+02 5.9044799805e+02 5.9050299072e+02 5.9053100586e+02 5.9054901123e+02 5.9056201172e+02 5.9058398438e+02 5.9061499023e+02 5.9063299561e+02
5.8370202637e+02 5.8389202881e+02 5.8408398438e+02 5.8426000977e+02 5.8443103027e+02 5.8460699463e+02 5.8479498291e+02 5.8496600342e+02 5.8511901855e+02 5.8526000977e+02 5.8542901611e+02 5.8556201172e+02 5.8570898438e+02 5.8588500977e+02 5.8607800293e+02 5.8630603027e+02 5.8649102783e+02 5.8665802002e+02 5.8683898926e+02 5.8709399414e+02 5.8734399414e+02 5.8758801270e+02 5.8787500000e+02 5.8813397217e+02 5.8838299561e+02 5.8864801025e+02 5.8891302490e+02 5.8910400391e+02 5.8931097412e+02 5.8950897217e+02 5.8965502930e+02 5.8978302002e+02 5.8991302490e+02 5.9000500488e+02 5.9007702637e+02 5.9014599609e+02 5.9021997070e+02 5.9028198242e+02 5.9033801270e+02 5.9039501953e+02 5.9043597412e+02 5.9046301270e+02 5.9048297119e+02 5.9051098633e+02 5.9055102539e+02 5.9057598877e+02
5.8341601563e+02 5.8362097168e+02 5.8384399414e+02 5.8404901123e+02 5.8421801758e+02 5.8438299561e+02 5.8456896973e+02 5.8473797607e+02 5.8488201904e+02 5.8502600098e+02 5.8522399902e+02 5.8535699463e+02 5.8551397705e+02 5.8568798828e+02 5.8587097168e+02 5.8609997559e+02 5.8626000977e+02 5.8638598633e+02 5.8651898193e+02 5.8673999023e+02 5.8703100586e+02 5.8732702637e+02 5.8761199951e+02 5.8786999512e+02 5.8812298584e+02 5.8838397217e+02 5.8868701172e+02 5.8893200684e+02 5.8911700439e+02 5.8928698730e+02 5.8942797852e+02 5.8959399414e+02 5.8975598145e+02 5.8986199951e+02 5.8992700195e+02 5.8999102783e+02 5.9008197021e+02 5.9016198730e+02 5.9022399902e+02 5.9029498291e+02 5.9035101318e+02 5.9038500977e+02 5.9041400146e+02 5.9045098877e+02 5.9048901367e+02 5.9051098633e+02
5.8316601563e+02 5.8338299561e+02 5.8361602783e+02 5.8382800293e+02 5.8399298096e+02 5.8414398193e+02 5.8431500244e+02 5.8450897217e+02 5.8465698242e+02 5.8479602051e+02 5.8497900391e+02 5.8512298584e+02 5.8528997803e+02 5.8545599365e+02 5.8560699463e+02 5.8580200195e+02 5.8599401855e+02 5.8615301514e+02 5.8631097412e+02 5.8651202393e+02 5.8678198242e+02 5.8707501221e+02 5.8734698486e+02 5.8761798096e+02 5.8785797119e+02 5.8808801270e+02 5.8838098145e+02 5.8865301514e+02 5.8884802246e+02 5.8900299072e+02 5.8918701172e+02 5.8936602783e+02 5.8954901123e+02 5.8969598389e+02 5.8979901123e+02 5.8986901855e+02 5.8995800781e+02 5.9004400635e+02 5.9011199951e+02 5.9018298340e+02 5.9024499512e+02 5.9028497314e+02 5.9031298828e+02 5.9035900879e+02 5.9040399170e+02 5.9043200684e+02
5.8288897705e+02 5.8311602783e+02 5.8335302734e+02 5.8356402588e+02 5.8373999023e+02 5.8390502930e+02 5.8406402588e+02 5.8424298096e+02 5.8439202881e+02 5.8455798340e+02 5.8475897217e+02 5.8491601563e+02 5.8509301758e+02 5.8527600098e+02 5.8541900635e+02 5.8559100342e+02 5.8577801514e+02 5.8594500732e+02 5.8611401367e+02 5.8631201172e+02 5.8657501221e+02 5.8685101318e+02 5.8708197021e+02 5.8732598877e+02 5.8758001709e+02 5.8784399414e+02 5.8812701416e+02 5.8835400391e+02 5.8854400635e+02 5.8871697998e+02 5.8895202637e+02 5.8914801025e+02 5.8935101318e+02 5.8952502441e+02 5.8964599609e+02 5.8974102783e+02 5.8984100342e+02 5.8992797852e+02 5.8999200439e+02 5.9005499268e+02 5.9013201904e+02 5.9019299316e+02 5.9023101807e+02 5.9027600098e+02 5.9032098389e+02 5.9035302734e+02
5.8261499023e+02 5.8284100342e+02 5.8307397461e+02 5.8328302002e+02 5.8347497559e+02 5.8365997314e+02 5.8381701660e+02 5.8398498535e+02 5.8414801025e+02 5.8434698486e+02 5.8455603027e+02 5.8470397949e+02 5.8486602783e+02 5.8505499268e+02 5.8520898438e+02 5.8537597656e+02 5.8555700684e+02 5.8573699951e+02 5.8591998291e+02 5.8611901855e+02 5.8639001465e+02 5.8667199707e+02 5.8686401367e+02 5.8706701660e+02 5.8736401367e+02 5.8770098877e+02 5.8795501709e+02 5.8811700439e+02 5.8829602051e+02 5.8847302246e+02 5.8870898438e+02 5.8891601563e+02 5.8912902832e+02 5.8931597900e+02 5.8945098877e+02 5.8957000732e+02 5.8970098877e+02 5.8981298828e+02 5.8989398193e+02 5.8994396973e+02 5.9002001953e+02 5.9009197998e+02 5.9014202881e+02 5.9020001221e+02 5.9024798584e+02 5.9028002930e+02
5.8237097168e+02 5.8260101318e+02 5.8278399658e+02 5.8299499512e+02 5.8320202637e+02 5.8339202881e+02 5.8355700684e+02 5.8374499512e+02 5.8393597412e+02 5.8414202881e+02 5.8432501221e+02 5.8447900391e+02 5.8462902832e+02 5.8481701660e+02 5.8498498535e+02 5.8514599609e+02 5.8532598877e+02 5.8552600098e+02 5.8574298096e+02 5.8590301514e+02 5.8616699219e+02 5.8647802734e+02 5.8671801758e+02 5.8685400391e+02 5.8716497803e+02 5.8751800537e+02 5.8770300293e+02 5.8789300537e+02 5.8811102295e+02 5.8827398682e+02 5.8843298340e+02 5.8864501953e+02 5.8886798096e+02 5.8907800293e+02 5.8926300049e+02 5.8939099121e+02 5.8953997803e+02 5.8969702148e+02 5.8982202148e+02 5.8984802246e+02 5.8990399170e+02 5.8996697998e+02 5.9001599121e+02 5.9010302734e+02 5.9016601563e+02 5.9020697021e+02
5.8208898926e+02 5.8229101563e+02 5.8249499512e+02 5.8268103027e+02 5.8289599609e+02 5.8310797119e+02 5.8332098389e+02 5.8352301025e+02 5.8369299316e+02 5.8387902832e+02 5.8407000732e+02 5.8424597168e+02 5.8439697266e+02 5.8458001709e+02 5.8477398682e+02 5.8495300293e+02 5.8510699463e+02 5.8528802490e+02 5.8549499512e+02 5.8567199707e+02 5.8590600586e+02 5.8617602539e+02 5.8643298340e+02 5.8663397217e+02 5.8689099121e+02 5.8714599609e+02 5.8732000732e+02 5.8759002686e+02 5.8784997559e+02 5.8801300049e+02 5.8818499756e+02 5.8840399170e+02 5.8864599609e+02 5.8885998535e+02 5.8903698730e+02 5.8918701172e+02 5.8935601807e+02 5.8952001953e+02 5.8964599609e+02 5.8971301270e+02 5.8978997803e+02 5.8986700439e+02 5.8993402100e+02 5.9001397705e+02 5.9008398438e+02 5.9012402344e+02
5.8179901123e+02 5.8197802734e+02 5.8221600342e+02 5.8240997314e+02 5.8261700439e+02 5.8283197021e+02 5.8307397461e+02 5.8329602051e+02 5.8345697021e+02 5.8362799072e+02 5.8384698486e+02 5.8404699707e+02 5.8421002197e+02 5.8439300537e+02 5.8458001709e+02 5.8475500488e+02 5.8488299561e+02 5.8502001953e+02 5.8521301270e+02 5.8544097900e+02 5.8566101074e+02 5.8587500000e+02 5.8610601807e+02 5.8633502197e+02 5.8655999756e+02 5.8679101563e+02 5.8702197266e+02 5.8732598877e+02 5.8759002686e+02 5.8776898193e+02 5.8796899414e+02 5.8820800781e+02 5.8846197510e+02 5.8867297363e+02 5.8883502197e+02 5.8901501465e+02 5.8919000244e+02 5.8934399414e+02 5.8948699951e+02 5.8960797119e+02 5.8969201660e+02 5.8977600098e+02 5.8985699463e+02 5.8993902588e+02 5.9002899170e+02 5.9008099365e+02
5.8155401611e+02 5.8172302246e+02 5.8193701172e+02 5.8216699219e+02 5.8238397217e+02 5.8259002686e+02 5.8282299805e+02 5.8306500244e+02 5.8323400879e+02 5.8338897705e+02 5.8362902832e+02 5.8382897949e+02 5.8400299072e+02 5.8419799805e+02 5.8436700439e+02 5.8453399658e+02 5.8464599609e+02 5.8474298096e+02 5.8492401123e+02 5.8520800781e+02 5.8543798828e+02 5.8562799072e+02 5.8584802246e+02 5.8608099365e+02 5.8628698730e+02 5.8652600098e+02 5.8679998779e+02 5.8706701660e+02 5.8729699707e+02 5.8749200439e+02 5.8773199463e+02 5.8796801758e+02 5.8821301270e+02 5.8842797852e+02 5.8861700439e+02 5.8884497070e+02 5.8903698730e+02 5.8920300293e+02 5.8937500000e+02 5.8953601074e+02 5.8963299561e+02 5.8970397949e+02 5.8977600098e+02 5.8985400391e+02 5.8996398926e+02 5.9004400635e+02
