TESTSERVER/10/12.asc
NCOLS 100
NROWS 100
XLLCORNER 7.9997500000e+03
YLLCORNER 2.8935025000e+05
CELLSIZE 5.0000000000e-01
NODATA_VALUE -9.9990000000e+03
[rows 20 to 39 of 100, columns 46 to 91 of 100]
5.8832299805e+02 5.8848297119e+02 5.8864001465e+02 5.8877502441e+02 5.8894396973e+02 5.8912597656e+02 5.8929302979e+02 5.8945001221e+02 5.8962902832e+02 5.8982598877e+02 5.9003601074e+02 5.9018902588e+02 5.9036602783e+02 5.9053302002e+02 5.9069000244e+02 5.9089202881e+02 5.9106201172e+02 5.9122198486e+02 5.9140100098e+02 5.9157501221e+02 5.9172601318e+02 5.9188299561e+02 5.9205902100e+02 5.9220001221e+02 5.9232800293e+02 5.9246301270e+02 5.9259698486e+02 5.9270300293e+02 5.9279998779e+02 5.9286901855e+02 5.9291601563e+02 5.9295202637e+02 5.9296197510e+02 5.9296398926e+02 5.9296801758e+02 5.9297698975e+02 5.9297802734e+02 5.9297100830e+02 5.9297497559e+02 5.9297900391e+02 5.9296502686e+02 5.9294897461e+02 5.9293499756e+02 5.9292901611e+02 5.9292602539e+02 5.9291998291e+02
5.8828198242e+02 5.8844799805e+02 5.8860699463e+02 5.8875299072e+02 5.8892297363e+02 5.8908898926e+02 5.8926702881e+02 5.8941302490e+02 5.8957702637e+02 5.8978198242e+02 5.8999597168e+02 5.9015600586e+02 5.9032897949e+02 5.9050799561e+02 5.9067297363e+02 5.9087902832e+02 5.9105499268e+02 5.9120098877e+02 5.9136602783e+02 5.9154998779e+02 5.9169396973e+02 5.9185198975e+02 5.9202301025e+02 5.9216998291e+02 5.9230200195e+02 5.9244396973e+02 5.9257000732e+02 5.9267602539e+02 5.9278198242e+02 5.9285400391e+02 5.9289001465e+02 5.9291998291e+02 5.9291900635e+02 5.9292498779e+02 5.9294097900e+02 5.9294500732e+02 5.9294702148e+02 5.9294598389e+02 5.9295397949e+02 5.9295697021e+02 5.9294097900e+02 5.9292199707e+02 5.9291302490e+02 5.9291400146e+02 5.9290802002e+02 5.9289202881e+02
5.8826000977e+02 5.8841198730e+02 5.8856799316e+02 5.8871997070e+02 5.8889501953e+02 5.8906597900e+02 5.8925000000e+02 5.8940100098e+02 5.8955798340e+02 5.8975299072e+02 5.8995300293e+02 5.9012799072e+02 5.9030102539e+02 5.9047497559e+02 5.9064898682e+02 5.9084600830e+02 5.9102001953e+02 5.9116497803e+02 5.9132702637e+02 5.9151599121e+02 5.9166998291e+02 5.9182702637e+02 5.9199200439e+02 5.9214099121e+02 5.9228399658e+02 5.9243200684e+02 5.9254998779e+02 5.9265502930e+02 5.9275897217e+02 5.9282800293e+02 5.9286401367e+02 5.9289697266e+02 5.9289099121e+02 5.9289599609e+02 5.9291699219e+02 5.9291802979e+02 5.9292401123e+02 5.9292700195e+02 5.9292700195e+02 5.9293103027e+02 5.9291900635e+02 5.9289501953e+02 5.9288800049e+02 5.9288800049e+02 5.9288098145e+02 5.9285900879e+02
5.8823699951e+02 5.8838598633e+02 5.8853802490e+02 5.8869396973e+02 5.8886798096e+02 5.8903900146e+02 5.8921997070e+02 5.8938702393e+02 5.8954602051e+02 5.8971997070e+02 5.8990600586e+02 5.9010198975e+02 5.9028601074e+02 5.9045300293e+02 5.9063098145e+02 5.9082397461e+02 5.9100000000e+02 5.9114599609e+02 5.9130297852e+02 5.9149499512e+02 5.9166400146e+02 5.9182299805e+02 5.9198101807e+02 5.9212597656e+02 5.9227197266e+02 5.9241601563e+02 5.9252697754e+02 5.9263201904e+02 5.9273297119e+02 5.9280200195e+02 5.9284301758e+02 5.9287799072e+02 5.9287402344e+02 5.9287701416e+02 5.9289801025e+02 5.9289099121e+02 5.9289801025e+02 5.9290197754e+02 5.9289599609e+02 5.9290301514e+02 5.9289697266e+02 5.9287200928e+02 5.9285998535e+02 5.9285797119e+02 5.9284802246e+02 5.9282501221e+02
5.8819897461e+02 5.8836102295e+02 5.8852398682e+02 5.8866900635e+02 5.8882897949e+02 5.8899700928e+02 5.8918597412e+02 5.8935900879e+02 5.8952197266e+02 5.8968597412e+02 5.8986499023e+02 5.9006799316e+02 5.9026300049e+02 5.9042498779e+02 5.9059002686e+02 5.9079797363e+02 5.9097900391e+02 5.9112902832e+02 5.9127001953e+02 5.9146801758e+02 5.9164501953e+02 5.9180798340e+02 5.9197698975e+02 5.9211700439e+02 5.9225000000e+02 5.9238397217e+02 5.9250701904e+02 5.9260699463e+02 5.9270501709e+02 5.9277899170e+02 5.9283099365e+02 5.9286199951e+02 5.9285400391e+02 5.9285498047e+02 5.9288000488e+02 5.9287500000e+02 5.9288000488e+02 5.9288299561e+02 5.9286401367e+02 5.9286901855e+02 5.9286999512e+02 5.9284497070e+02 5.9282000732e+02 5.9283001709e+02 5.9282501221e+02 5.9279901123e+02
5.8816198730e+02 5.8832299805e+02 5.8847802734e+02 5.8863000488e+02 5.8879797363e+02 5.8897698975e+02 5.8916302490e+02 5.8932098389e+02 5.8949298096e+02 5.8967797852e+02 5.8985302734e+02 5.9002502441e+02 5.9022399902e+02 5.9040802002e+02 5.9058898926e+02 5.9078698730e+02 5.9096197510e+02 5.9111798096e+02 5.9125402832e+02 5.9143701172e+02 5.9162701416e+02 5.9179101563e+02 5.9193701172e+02 5.9209301758e+02 5.9222998047e+02 5.9235998535e+02 5.9248297119e+02 5.9258898926e+02 5.9269396973e+02 5.9276599121e+02 5.9280603027e+02 5.9283697510e+02 5.9283398438e+02 5.9282897949e+02 5.9283898926e+02 5.9285302734e+02 5.9285998535e+02 5.9285797119e+02 5.9284698486e+02 5.9284802246e+02 5.9284100342e+02 5.9281500244e+02 5.9278997803e+02 5.9278497314e+02 5.9278302002e+02 5.9275897217e+02
5.8812701416e+02 5.8828497314e+02 5.8843902588e+02 5.8858398438e+02 5.8876300049e+02 5.8895501709e+02 5.8914202881e+02 5.8929998779e+02 5.8947998047e+02 5.8967199707e+02 5.8984301758e+02 5.9000402832e+02 5.9019201660e+02 5.9039099121e+02 5.9058099365e+02 5.9077398682e+02 5.9095202637e+02 5.9111297607e+02 5.9124200439e+02 5.9140100098e+02 5.9159997559e+02 5.9177301025e+02 5.9190197754e+02 5.9206701660e+02 5.9221099854e+02 5.9234301758e+02 5.9246697998e+02 5.9257299805e+02 5.9267797852e+02 5.9274102783e+02 5.9276800537e+02 5.9279901123e+02 5.9280297852e+02 5.9279797363e+02 5.9280700684e+02 5.9282501221e+02 5.9282897949e+02 5.9282800293e+02 5.9282897949e+02 5.9282598877e+02 5.9281799316e+02 5.9279797363e+02 5.9277099609e+02 5.9275201416e+02 5.9274401855e+02 5.9272601318e+02
5.8810601807e+02 5.8826202393e+02 5.8841998291e+02 5.8856597900e+02 5.8874401855e+02 5.8893200684e+02 5.8911901855e+02 5.8928900146e+02 5.8946697998e+02 5.8965197754e+02 5.8982299805e+02 5.8999102783e+02 5.9015502930e+02 5.9033898926e+02 5.9054199219e+02 5.9074401855e+02 5.9092602539e+02 5.9108599854e+02 5.9122399902e+02 5.9137298584e+02 5.9157299805e+02 5.9175500488e+02 5.9188397217e+02 5.9203997803e+02 5.9218200684e+02 5.9231896973e+02 5.9244396973e+02 5.9254901123e+02 5.9264898682e+02 5.9270800781e+02 5.9273101807e+02 5.9276501465e+02 5.9277197266e+02 5.9276800537e+02 5.9278399658e+02 5.9279498291e+02 5.9279302979e+02 5.9279498291e+02 5.9279797363e+02 5.9279101563e+02 5.9278698730e+02 5.9277398682e+02 5.9274700928e+02 5.9272698975e+02 5.9271301270e+02 5.9269396973e+02
5.8808898926e+02 5.8824298096e+02 5.8840197754e+02 5.8855200195e+02 5.8872802734e+02 5.8889398193e+02 5.8905798340e+02 5.8926000977e+02 5.8944598389e+02 5.8962701416e+02 5.8979998779e+02 5.8996899414e+02 5.9012701416e+02 5.9031500244e+02 5.9052301025e+02 5.9072198486e+02 5.9089001465e+02 5.9104302979e+02 5.9118402100e+02 5.9134600830e+02 5.9153802490e+02 5.9173101807e+02 5.9188397217e+02 5.9202099609e+02 5.9215100098e+02 5.9228698730e+02 5.9242102051e+02 5.9252502441e+02 5.9262097168e+02 5.9268200684e+02 5.9271398926e+02 5.9274597168e+02 5.9274798584e+02 5.9274700928e+02 5.9276202393e+02 5.9276599121e+02 5.9276599121e+02 5.9277001953e+02 5.9276702881e+02 5.9275097656e+02 5.9273901367e+02 5.9272802734e+02 5.9271997070e+02 5.9270599365e+02 5.9269201660e+02 5.9267199707e+02
5.8804498291e+02 5.8819799805e+02 5.8836602783e+02 5.8853497314e+02 5.8869598389e+02 5.8884899902e+02 5.8902398682e+02 5.8922900391e+02 5.8942199707e+02 5.8959600830e+02 5.8976702881e+02 5.8992700195e+02 5.9009802246e+02 5.9030798340e+02 5.9049798584e+02 5.9068298340e+02 5.9084997559e+02 5.9101397705e+02 5.9117297363e+02 5.9134497070e+02 5.9151501465e+02 5.9168902588e+02 5.9184997559e+02 5.9200299072e+02 5.9213000488e+02 5.9227001953e+02 5.9240399170e+02 5.9250299072e+02 5.9260498047e+02 5.9266998291e+02 5.9269799805e+02 5.9272399902e+02 5.9271398926e+02 5.9271600342e+02 5.9273602295e+02 5.9273901367e+02 5.9274298096e+02 5.9274298096e+02 5.9273901367e+02 5.9273297119e+02 5.9272198486e+02 5.9271099854e+02 5.9270898438e+02 5.9268298340e+02 5.9266400146e+02 5.9265197754e+02
5.8800500488e+02 5.8816802979e+02 5.8833502197e+02 5.8850799561e+02 5.8865899658e+02 5.8882202148e+02 5.8902600098e+02 5.8922900391e+02 5.8940502930e+02 5.8956597900e+02 5.8974200439e+02 5.8989501953e+02 5.9005798340e+02 5.9026300049e+02 5.9046301270e+02 5.9065698242e+02 5.9081597900e+02 5.9098199463e+02 5.9115502930e+02 5.9132702637e+02 5.9147802734e+02 5.9163000488e+02 5.9179901123e+02 5.9196697998e+02 5.9210400391e+02 5.9224401855e+02 5.9237597656e+02 5.9247399902e+02 5.9257897949e+02 5.9264398193e+02 5.9266900635e+02 5.9269097900e+02 5.9268902588e+02 5.9270098877e+02 5.9272198486e+02 5.9271398926e+02 5.9271301270e+02 5.9271301270e+02 5.9271197510e+02 5.9271197510e+02 5.9270001221e+02 5.9268597412e+02 5.9268200684e+02 5.9265997314e+02 5.9264099121e+02 5.9262799072e+02
5.8799102783e+02 5.8815197754e+02 5.8830798340e+02 5.8848297119e+02 5.8864202881e+02 5.8881701660e+02 5.8902197266e+02 5.8920001221e+02 5.8936999512e+02 5.8953997803e+02 5.8971997070e+02 5.8987902832e+02 5.9003698730e+02 5.9022802734e+02 5.9043402100e+02 5.9063299561e+02 5.9079199219e+02 5.9096002197e+02 5.9113800049e+02 5.9131097412e+02 5.9146801758e+02 5.9161401367e+02 5.9177600098e+02 5.9194598389e+02 5.9208502197e+02 5.9221801758e+02 5.9234301758e+02 5.9244396973e+02 5.9254797363e+02 5.9261401367e+02 5.9264300537e+02 5.9267401123e+02 5.9267700195e+02 5.9268798828e+02 5.9270599365e+02 5.9269201660e+02 5.9268798828e+02 5.9268798828e+02 5.9268798828e+02 5.9268902588e+02 5.9267498779e+02 5.9265197754e+02 5.9263800049e+02 5.9262701416e+02 5.9261297607e+02 5.9259802246e+02
5.8797100830e+02 5.8812200928e+02 5.8827502441e+02 5.8845001221e+02 5.8862200928e+02 5.8879998779e+02 5.8897497559e+02 5.8914501953e+02 5.8933697510e+02 5.8952600098e+02 5.8968902588e+02 5.8986499023e+02 5.9003698730e+02 5.9022802734e+02 5.9042199707e+02 5.9060198975e+02 5.9076300049e+02 5.9092602539e+02 5.9110601807e+02 5.9131298828e+02 5.9148297119e+02 5.9161999512e+02 5.9176397705e+02 5.9194299316e+02 5.9208001709e+02 5.9220001221e+02 5.9231298828e+02 5.9241400146e+02 5.9250799561e+02 5.9257897949e+02 5.9262500000e+02 5.9265899658e+02 5.9266601563e+02 5.9267498779e+02 5.9268499756e+02 5.9267297363e+02 5.9266998291e+02 5.9266802979e+02 5.9266601563e+02 5.9266302490e+02 5.9264697266e+02 5.9262298584e+02 5.9260101318e+02 5.9259399414e+02 5.9258801270e+02 5.9257598877e+02
5.8792700195e+02 5.8808502197e+02 5.8826000977e+02 5.8842498779e+02 5.8859399414e+02 5.8877099609e+02 5.8893798828e+02 5.8912799072e+02 5.8932299805e+02 5.8950799561e+02 5.8966302490e+02 5.8982397461e+02 5.8998999023e+02 5.9018402100e+02 5.9038800049e+02 5.9058398438e+02 5.9075799561e+02 5.9092102051e+02 5.9109002686e+02 5.9128302002e+02 5.9144396973e+02 5.9158697510e+02 5.9174298096e+02 5.9191900635e+02 5.9206201172e+02 5.9218298340e+02 5.9228698730e+02 5.9239001465e+02 5.9248699951e+02 5.9255700684e+02 5.9259100342e+02 5.9262701416e+02 5.9263800049e+02 5.9264898682e+02 5.9266198730e+02 5.9265399170e+02 5.9265100098e+02 5.9264801025e+02 5.9264697266e+02 5.9263598633e+02 5.9261602783e+02 5.9259197998e+02 5.9256298828e+02 5.9256097412e+02 5.9257299805e+02 5.9255603027e+02
5.8789099121e+02 5.8805902100e+02 5.8824401855e+02 5.8840899658e+02 5.8857702637e+02 5.8874700928e+02 5.8891601563e+02 5.8911499023e+02 5.8928900146e+02 5.8946997070e+02 5.8965301514e+02 5.8983398438e+02 5.9001397705e+02 5.9018902588e+02 5.9037298584e+02 5.9056402588e+02 5.9074499512e+02 5.9091400146e+02 5.9107098389e+02 5.9126300049e+02 5.9142700195e+02 5.9157397461e+02 5.9172399902e+02 5.9188000488e+02 5.9202099609e+02 5.9215197754e+02 5.9226300049e+02 5.9237701416e+02 5.9247497559e+02 5.9254101563e+02 5.9257000732e+02 5.9260400391e+02 5.9261297607e+02 5.9262200928e+02 5.9263500977e+02 5.9263299561e+02 5.9263000488e+02 5.9262701416e+02 5.9262500000e+02 5.9260601807e+02 5.9258300781e+02 5.9256298828e+02 5.9253601074e+02 5.9253198242e+02 5.9254797363e+02 5.9252697754e+02
5.8784997559e+02 5.8802398682e+02 5.8821600342e+02 5.8837402344e+02 5.8854302979e+02 5.8871801758e+02 5.8890002441e+02 5.8909399414e+02 5.8924597168e+02 5.8942999268e+02 5.8964898682e+02 5.8984197998e+02 5.9003399658e+02 5.9018798828e+02 5.9035302734e+02 5.9054302979e+02 5.9073199463e+02 5.9090997314e+02 5.9106201172e+02 5.9125402832e+02 5.9142700195e+02 5.9157598877e+02 5.9171600342e+02 5.9184899902e+02 5.9198199463e+02 5.9212200928e+02 5.9224401855e+02 5.9235998535e+02 5.9245397949e+02 5.9252001953e+02 5.9255603027e+02 5.9258398438e+02 5.9258898926e+02 5.9259997559e+02 5.9261199951e+02 5.9261297607e+02 5.9260998535e+02 5.9260699463e+02 5.9260198975e+02 5.9257897949e+02 5.9255603027e+02 5.9254400635e+02 5.9252899170e+02 5.9251599121e+02 5.9252099609e+02 5.9249700928e+02
5.8782501221e+02 5.8801202393e+02 5.8821301270e+02 5.8836901855e+02 5.8852801514e+02 5.8869897461e+02 5.8888598633e+02 5.8906298828e+02 5.8922698975e+02 5.8941601563e+02 5.8961401367e+02 5.8981201172e+02 5.8999298096e+02 5.9015502930e+02 5.9030499268e+02 5.9051202393e+02 5.9071197510e+02 5.9090399170e+02 5.9106799316e+02 5.9123101807e+02 5.9140698242e+02 5.9157299805e+02 5.9173297119e+02 5.9184100342e+02 5.9196398926e+02 5.9210302734e+02 5.9221899414e+02 5.9232897949e+02 5.9242498779e+02 5.9249401855e+02 5.9253900146e+02 5.9255700684e+02 5.9257098389e+02 5.9259399414e+02 5.9260198975e+02 5.9259197998e+02 5.9258801270e+02 5.9258398438e+02 5.9257397461e+02 5.9255200195e+02 5.9253601074e+02 5.9252502441e+02 5.9250897217e+02 5.9250000000e+02 5.9248901367e+02 5.9246697998e+02
5.8779302979e+02 5.8797399902e+02 5.8819201660e+02 5.8836798096e+02 5.8852099609e+02 5.8867999268e+02 5.8888598633e+02 5.8904901123e+02 5.8920599365e+02 5.8940502930e+02 5.8960900879e+02 5.8979199219e+02 5.8997900391e+02 5.9014898682e+02 5.9028997803e+02 5.9047302246e+02 5.9068402100e+02 5.9089697266e+02 5.9107000732e+02 5.9122802734e+02 5.9139599609e+02 5.9155603027e+02 5.9170800781e+02 5.9182897949e+02 5.9194598389e+02 5.9207098389e+02 5.9218103027e+02 5.9229998779e+02 5.9240502930e+02 5.9247399902e+02 5.9251501465e+02 5.9253997803e+02 5.9255401611e+02 5.9256896973e+02 5.9258001709e+02 5.9257501221e+02 5.9257000732e+02 5.9256402588e+02 5.9254998779e+02 5.9253302002e+02 5.9253601074e+02 5.9252398682e+02 5.9250097656e+02 5.9248999023e+02 5.9246697998e+02 5.9244299316e+02
5.8776599121e+02 5.8794299316e+02 5.8815502930e+02 5.8834698486e+02 5.8851098633e+02 5.8867102051e+02 5.8888201904e+02 5.8904302979e+02 5.8920397949e+02 5.8939801025e+02 5.8960101318e+02 5.8978002930e+02 5.8996600342e+02 5.9014801025e+02 5.9029998779e+02 5.9045098877e+02 5.9064898682e+02 5.9086999512e+02 5.9105499268e+02 5.9121197510e+02 5.9136798096e+02 5.9153002930e+02 5.9168499756e+02 5.9181201172e+02 5.9192199707e+02 5.9203002930e+02 5.9214801025e+02 5.9226300049e+02 5.9236499023e+02 5.9244201660e+02 5.9248901367e+02 5.9251702881e+02 5.9253399658e+02 5.9254797363e+02 5.9256402588e+02 5.9255798340e+02 5.9255200195e+02 5.9254699707e+02 5.9253601074e+02 5.9252600098e+02 5.9252899170e+02 5.9251300049e+02 5.9248699951e+02 5.9247399902e+02 5.9245001221e+02 5.9242199707e+02
5.8775598145e+02 5.8793298340e+02 5.8812200928e+02 5.8831500244e+02 5.8849298096e+02 5.8866400146e+02 5.8886700439e+02 5.8902398682e+02 5.8920098877e+02 5.8939300537e+02 5.8958801270e+02 5.8976898193e+02 5.8994598389e+02 5.9013500977e+02 5.9030798340e+02 5.9045599365e+02 5.9063299561e+02 5.9083801270e+02 5.9103002930e+02 5.9119299316e+02 5.9133502197e+02 5.9149401855e+02 5.9166302490e+02 5.9178601074e+02 5.9188897705e+02 5.9198699951e+02 5.9211102295e+02 5.9222698975e+02 5.9232501221e+02 5.9240802002e+02 5.9246301270e+02 5.9249102783e+02 5.9251397705e+02 5.9253302002e+02 5.9255102539e+02 5.9253997803e+02 5.9253497314e+02 5.9252899170e+02 5.9252502441e+02 5.9251800537e+02 5.9251702881e+02 5.9249798584e+02 5.9247100830e+02 5.9246002197e+02 5.9243798828e+02 5.9241101074e+02
