TESTSERVER/10/13.asc
NCOLS 100
NROWS 100
XLLCORNER 7.9997500000e+03
YLLCORNER 2.8930025000e+05
CELLSIZE 5.0000000000e-01
NODATA_VALUE -9.9990000000e+03
[rows 80 to 99 of 100, columns 46 to 91 of 100]
5.6611999512e+02 5.6615600586e+02 5.6616302490e+02 5.6640698242e+02 5.6675402832e+02 5.6717199707e+02 5.6777502441e+02 5.6767498779e+02 5.6765301514e+02 5.6764001465e+02 5.6781896973e+02 5.6839697266e+02 5.6868200684e+02 5.6871899414e+02 5.6860601807e+02 5.6867401123e+02 5.6867602539e+02 5.6869000244e+02 5.6871301270e+02 5.6868798828e+02 5.6859802246e+02 5.6851898193e+02 5.6846099854e+02 5.6842999268e+02 5.6836700439e+02 5.6827301025e+02 5.6828497314e+02 5.6879302979e+02 5.6914599609e+02 5.6956298828e+02 5.7012402344e+02 5.7030499268e+02 5.7044299316e+02 5.7069897461e+02 5.7102099609e+02 5.7133801270e+02 5.7162097168e+02 5.7192901611e+02 5.7224902344e+02 5.7246002197e+02 5.7267797852e+02 5.7285601807e+02 5.7303399658e+02 5.7323901367e+02 5.7341101074e+02 5.7358801270e+02
5.6586297607e+02 5.6584899902e+02 5.6593103027e+02 5.6614001465e+02 5.6650299072e+02 5.6699700928e+02 5.6764898682e+02 5.6777197266e+02 5.6767297363e+02 5.6763800049e+02 5.6782299805e+02 5.6831298828e+02 5.6856799316e+02 5.6854302979e+02 5.6850402832e+02 5.6859002686e+02 5.6860900879e+02 5.6863201904e+02 5.6866601563e+02 5.6863000488e+02 5.6852801514e+02 5.6843499756e+02 5.6838897705e+02 5.6834698486e+02 5.6828100586e+02 5.6821398926e+02 5.6814599609e+02 5.6847497559e+02 5.6892297363e+02 5.6944500732e+02 5.6995697021e+02 5.7009997559e+02 5.7019396973e+02 5.7043200684e+02 5.7076300049e+02 5.7110699463e+02 5.7139898682e+02 5.7170898438e+02 5.7200402832e+02 5.7224902344e+02 5.7250402832e+02 5.7269702148e+02 5.7283599854e+02 5.7301098633e+02 5.7319201660e+02 5.7337402344e+02
5.6568402100e+02 5.6566101074e+02 5.6573400879e+02 5.6591802979e+02 5.6625897217e+02 5.6673400879e+02 5.6736798096e+02 5.6760400391e+02 5.6761901855e+02 5.6768402100e+02 5.6790802002e+02 5.6841900635e+02 5.6866998291e+02 5.6859802246e+02 5.6851202393e+02 5.6863201904e+02 5.6866101074e+02 5.6867498779e+02 5.6866802979e+02 5.6860302734e+02 5.6848199463e+02 5.6835998535e+02 5.6830999756e+02 5.6826702881e+02 5.6820501709e+02 5.6813800049e+02 5.6804498291e+02 5.6819097900e+02 5.6858398438e+02 5.6904901123e+02 5.6944799805e+02 5.6965600586e+02 5.6985900879e+02 5.7015698242e+02 5.7048199463e+02 5.7083099365e+02 5.7115197754e+02 5.7147802734e+02 5.7176202393e+02 5.7203601074e+02 5.7228997803e+02 5.7247100830e+02 5.7260302734e+02 5.7277600098e+02 5.7297802734e+02 5.7317797852e+02
5.6556402588e+02 5.6554998779e+02 5.6560198975e+02 5.6572302246e+02 5.6601397705e+02 5.6643798828e+02 5.6698498535e+02 5.6729199219e+02 5.6743200684e+02 5.6760101318e+02 5.6791900635e+02 5.6849401855e+02 5.6877697754e+02 5.6873199463e+02 5.6860198975e+02 5.6866302490e+02 5.6865698242e+02 5.6863897705e+02 5.6862500000e+02 5.6859100342e+02 5.6847802734e+02 5.6833300781e+02 5.6823602295e+02 5.6818200684e+02 5.6812902832e+02 5.6806500244e+02 5.6798498535e+02 5.6799200439e+02 5.6827099609e+02 5.6866802979e+02 5.6894702148e+02 5.6917700195e+02 5.6949200439e+02 5.6983898926e+02 5.7016998291e+02 5.7052398682e+02 5.7085498047e+02 5.7120300293e+02 5.7152398682e+02 5.7181500244e+02 5.7205297852e+02 5.7222497559e+02 5.7237200928e+02 5.7255700684e+02 5.7276702881e+02 5.7296997070e+02
5.6555297852e+02 5.6556500244e+02 5.6560400391e+02 5.6565502930e+02 5.6585900879e+02 5.6613800049e+02 5.6642199707e+02 5.6682702637e+02 5.6706201172e+02 5.6729498291e+02 5.6765301514e+02 5.6807397461e+02 5.6832702637e+02 5.6845098877e+02 5.6836499023e+02 5.6855102539e+02 5.6844299316e+02 5.6832897949e+02 5.6828497314e+02 5.6828100586e+02 5.6825000000e+02 5.6819702148e+02 5.6815997314e+02 5.6809002686e+02 5.6804302979e+02 5.6799597168e+02 5.6793402100e+02 5.6783502197e+02 5.6794702148e+02 5.6834698486e+02 5.6871002197e+02 5.6888299561e+02 5.6914099121e+02 5.6944702148e+02 5.6979400635e+02 5.7019097900e+02 5.7053100586e+02 5.7090301514e+02 5.7126501465e+02 5.7153601074e+02 5.7178802490e+02 5.7198699951e+02 5.7214501953e+02 5.7234802246e+02 5.7253900146e+02 5.7271600342e+02
5.6560998535e+02 5.6562200928e+02 5.6558697510e+02 5.6567602539e+02 5.6584100342e+02 5.6603002930e+02 5.6623101807e+02 5.6644500732e+02 5.6664801025e+02 5.6684698486e+02 5.6702398682e+02 5.6713000488e+02 5.6723999023e+02 5.6737097168e+02 5.6753302002e+02 5.6786901855e+02 5.6788098145e+02 5.6782501221e+02 5.6779302979e+02 5.6779797363e+02 5.6782702637e+02 5.6789599609e+02 5.6805499268e+02 5.6803302002e+02 5.6795300293e+02 5.6790899658e+02 5.6787097168e+02 5.6777001953e+02 5.6774200439e+02 5.6806597900e+02 5.6849902344e+02 5.6867797852e+02 5.6888897705e+02 5.6915399170e+02 5.6946502686e+02 5.6985302734e+02 5.7022399902e+02 5.7060498047e+02 5.7094299316e+02 5.7121502686e+02 5.7152398682e+02 5.7178100586e+02 5.7196801758e+02 5.7214801025e+02 5.7232000732e+02 5.7248101807e+02
5.6558599854e+02 5.6559399414e+02 5.6554797363e+02 5.6561499023e+02 5.6576202393e+02 5.6593298340e+02 5.6607299805e+02 5.6619097900e+02 5.6634399414e+02 5.6650000000e+02 5.6661199951e+02 5.6664501953e+02 5.6673797607e+02 5.6687500000e+02 5.6710699463e+02 5.6748101807e+02 5.6753802490e+02 5.6751098633e+02 5.6743402100e+02 5.6742700195e+02 5.6748999023e+02 5.6762701416e+02 5.6788500977e+02 5.6796099854e+02 5.6788098145e+02 5.6782598877e+02 5.6779101563e+02 5.6771301270e+02 5.6763098145e+02 5.6783099365e+02 5.6828100586e+02 5.6849200439e+02 5.6868597412e+02 5.6893103027e+02 5.6921301270e+02 5.6959100342e+02 5.6996697998e+02 5.7034399414e+02 5.7067297363e+02 5.7097802734e+02 5.7130902100e+02 5.7157702637e+02 5.7177301025e+02 5.7196099854e+02 5.7214001465e+02 5.7229199219e+02
5.6551501465e+02 5.6552099609e+02 5.6547998047e+02 5.6553997803e+02 5.6566998291e+02 5.6582299805e+02 5.6593902588e+02 5.6601501465e+02 5.6613201904e+02 5.6625598145e+02 5.6638598633e+02 5.6647100830e+02 5.6657501221e+02 5.6671600342e+02 5.6699102783e+02 5.6729901123e+02 5.6728900146e+02 5.6722302246e+02 5.6712902832e+02 5.6712298584e+02 5.6718798828e+02 5.6734399414e+02 5.6761999512e+02 5.6784698486e+02 5.6782702637e+02 5.6775402832e+02 5.6770697021e+02 5.6766497803e+02 5.6756097412e+02 5.6762298584e+02 5.6803002930e+02 5.6829602051e+02 5.6848797607e+02 5.6872601318e+02 5.6901501465e+02 5.6936297607e+02 5.6970697021e+02 5.7006701660e+02 5.7042700195e+02 5.7080798340e+02 5.7114697266e+02 5.7139202881e+02 5.7157299805e+02 5.7177197266e+02 5.7195800781e+02 5.7210797119e+02
5.6538800049e+02 5.6540197754e+02 5.6538000488e+02 5.6543402100e+02 5.6553698730e+02 5.6565899658e+02 5.6578302002e+02 5.6592102051e+02 5.6603198242e+02 5.6614599609e+02 5.6634002686e+02 5.6645501709e+02 5.6658001709e+02 5.6671398926e+02 5.6689398193e+02 5.6695001221e+02 5.6685601807e+02 5.6677197266e+02 5.6677197266e+02 5.6684497070e+02 5.6691302490e+02 5.6704901123e+02 5.6732000732e+02 5.6766998291e+02 5.6775299072e+02 5.6767901611e+02 5.6761602783e+02 5.6759301758e+02 5.6749700928e+02 5.6744396973e+02 5.6770098877e+02 5.6812500000e+02 5.6831097412e+02 5.6850897217e+02 5.6882800293e+02 5.6916699219e+02 5.6949499512e+02 5.6985601807e+02 5.7023400879e+02 5.7064801025e+02 5.7099798584e+02 5.7123498535e+02 5.7141302490e+02 5.7155902100e+02 5.7174298096e+02 5.7192102051e+02
5.6523699951e+02 5.6525897217e+02 5.6526098633e+02 5.6531597900e+02 5.6540100098e+02 5.6550402832e+02 5.6564099121e+02 5.6578302002e+02 5.6590197754e+02 5.6602099609e+02 5.6614001465e+02 5.6625701904e+02 5.6638000488e+02 5.6651098633e+02 5.6663500977e+02 5.6661102295e+02 5.6656500244e+02 5.6654699707e+02 5.6657702637e+02 5.6662902832e+02 5.6670800781e+02 5.6683001709e+02 5.6708801270e+02 5.6745800781e+02 5.6763897705e+02 5.6759997559e+02 5.6752197266e+02 5.6750201416e+02 5.6743701172e+02 5.6734899902e+02 5.6745098877e+02 5.6788598633e+02 5.6811901855e+02 5.6829797363e+02 5.6858898926e+02 5.6887597656e+02 5.6918798828e+02 5.6958502197e+02 5.7000701904e+02 5.7042602539e+02 5.7078198242e+02 5.7103497314e+02 5.7120898438e+02 5.7135498047e+02 5.7155499268e+02 5.7175299072e+02
5.6509997559e+02 5.6512200928e+02 5.6513098145e+02 5.6518798828e+02 5.6526800537e+02 5.6536602783e+02 5.6548602295e+02 5.6560900879e+02 5.6572100830e+02 5.6583300781e+02 5.6593902588e+02 5.6604699707e+02 5.6617700195e+02 5.6632397461e+02 5.6646697998e+02 5.6646899414e+02 5.6645300293e+02 5.6646398926e+02 5.6650701904e+02 5.6654699707e+02 5.6660302734e+02 5.6668597412e+02 5.6685699463e+02 5.6723199463e+02 5.6751702881e+02 5.6754602051e+02 5.6744799805e+02 5.6741699219e+02 5.6736602783e+02 5.6728302002e+02 5.6726898193e+02 5.6763598633e+02 5.6794799805e+02 5.6814001465e+02 5.6833502197e+02 5.6858898926e+02 5.6889202881e+02 5.6930200195e+02 5.6975402832e+02 5.7017102051e+02 5.7051397705e+02 5.7078198242e+02 5.7099499512e+02 5.7116101074e+02 5.7135400391e+02 5.7154498291e+02
5.6496099854e+02 5.6498199463e+02 5.6499200439e+02 5.6504400635e+02 5.6511901855e+02 5.6521099854e+02 5.6532098389e+02 5.6542999268e+02 5.6553497314e+02 5.6564001465e+02 5.6573199463e+02 5.6583898926e+02 5.6598699951e+02 5.6615899658e+02 5.6636102295e+02 5.6642199707e+02 5.6641900635e+02 5.6643103027e+02 5.6646697998e+02 5.6650000000e+02 5.6653997803e+02 5.6659100342e+02 5.6667199707e+02 5.6701098633e+02 5.6737500000e+02 5.6748400879e+02 5.6737597656e+02 5.6732702637e+02 5.6728601074e+02 5.6723199463e+02 5.6715802002e+02 5.6734301758e+02 5.6771197510e+02 5.6796398926e+02 5.6808300781e+02 5.6834802246e+02 5.6866101074e+02 5.6905603027e+02 5.6949499512e+02 5.6992797852e+02 5.7025598145e+02 5.7051702881e+02 5.7075000000e+02 5.7092602539e+02 5.7109802246e+02 5.7127801514e+02
5.6481701660e+02 5.6482897949e+02 5.6481701660e+02 5.6487701416e+02 5.6494299316e+02 5.6502502441e+02 5.6510400391e+02 5.6521899414e+02 5.6531097412e+02 5.6541601563e+02 5.6549499512e+02 5.6559497070e+02 5.6577301025e+02 5.6600500488e+02 5.6632702637e+02 5.6638500977e+02 5.6636999512e+02 5.6636901855e+02 5.6640399170e+02 5.6643701172e+02 5.6648999023e+02 5.6656201172e+02 5.6664501953e+02 5.6680700684e+02 5.6716699219e+02 5.6737597656e+02 5.6730401611e+02 5.6724499512e+02 5.6720397949e+02 5.6715600586e+02 5.6707800293e+02 5.6707000732e+02 5.6744598389e+02 5.6782598877e+02 5.6795001221e+02 5.6819897461e+02 5.6849401855e+02 5.6883300781e+02 5.6922698975e+02 5.6968298340e+02 5.7003002930e+02 5.7028399658e+02 5.7047900391e+02 5.7065802002e+02 5.7082000732e+02 5.7099102783e+02
5.6466900635e+02 5.6467602539e+02 5.6467297363e+02 5.6471197510e+02 5.6477099609e+02 5.6484100342e+02 5.6491302490e+02 5.6495898438e+02 5.6503100586e+02 5.6512902832e+02 5.6522302246e+02 5.6530902100e+02 5.6553002930e+02 5.6584197998e+02 5.6625500488e+02 5.6635900879e+02 5.6632598877e+02 5.6631896973e+02 5.6636102295e+02 5.6639001465e+02 5.6643499756e+02 5.6650897217e+02 5.6656298828e+02 5.6661499023e+02 5.6689898682e+02 5.6721301270e+02 5.6723101807e+02 5.6715600586e+02 5.6711297607e+02 5.6707202148e+02 5.6701599121e+02 5.6693402100e+02 5.6720800781e+02 5.6767700195e+02 5.6787097168e+02 5.6809698486e+02 5.6836401367e+02 5.6865997314e+02 5.6903002930e+02 5.6946099854e+02 5.6979998779e+02 5.7007800293e+02 5.7031500244e+02 5.7045800781e+02 5.7057897949e+02 5.7073101807e+02
5.6452899170e+02 5.6453497314e+02 5.6453100586e+02 5.6456298828e+02 5.6461499023e+02 5.6468103027e+02 5.6472998047e+02 5.6474200439e+02 5.6479797363e+02 5.6488299561e+02 5.6495202637e+02 5.6504998779e+02 5.6532000732e+02 5.6569396973e+02 5.6617498779e+02 5.6632702637e+02 5.6630603027e+02 5.6629797363e+02 5.6632598877e+02 5.6634899902e+02 5.6638201904e+02 5.6643597412e+02 5.6649499512e+02 5.6647698975e+02 5.6665698242e+02 5.6701599121e+02 5.6717901611e+02 5.6708398438e+02 5.6703399658e+02 5.6700097656e+02 5.6695898438e+02 5.6683502197e+02 5.6696002197e+02 5.6740698242e+02 5.6770898438e+02 5.6796899414e+02 5.6830102539e+02 5.6859802246e+02 5.6889202881e+02 5.6927899170e+02 5.6957000732e+02 5.6981201172e+02 5.7007897949e+02 5.7024298096e+02 5.7035900879e+02 5.7049798584e+02
5.6438897705e+02 5.6439599609e+02 5.6439202881e+02 5.6441802979e+02 5.6446502686e+02 5.6452502441e+02 5.6455603027e+02 5.6454199219e+02 5.6458300781e+02 5.6465600586e+02 5.6468902588e+02 5.6479797363e+02 5.6512097168e+02 5.6555902100e+02 5.6609997559e+02 5.6628802490e+02 5.6627600098e+02 5.6626599121e+02 5.6628302002e+02 5.6630297852e+02 5.6632800293e+02 5.6636798096e+02 5.6642797852e+02 5.6640899658e+02 5.6648797607e+02 5.6680499268e+02 5.6709497070e+02 5.6702197266e+02 5.6695898438e+02 5.6692199707e+02 5.6688897705e+02 5.6679498291e+02 5.6678601074e+02 5.6711499023e+02 5.6751800537e+02 5.6784399414e+02 5.6824700928e+02 5.6857000732e+02 5.6882202148e+02 5.6919396973e+02 5.6946398926e+02 5.6963500977e+02 5.6982299805e+02 5.6999499512e+02 5.7014599609e+02 5.7029302979e+02
5.6425701904e+02 5.6426800537e+02 5.6427899170e+02 5.6428497314e+02 5.6432397461e+02 5.6437200928e+02 5.6444097900e+02 5.6442297363e+02 5.6444201660e+02 5.6447198486e+02 5.6435198975e+02 5.6449902344e+02 5.6492901611e+02 5.6548498535e+02 5.6610900879e+02 5.6622100830e+02 5.6622802734e+02 5.6622900391e+02 5.6622399902e+02 5.6625097656e+02 5.6627502441e+02 5.6630999756e+02 5.6634997559e+02 5.6639697266e+02 5.6641400146e+02 5.6656799316e+02 5.6689202881e+02 5.6696197510e+02 5.6688201904e+02 5.6682202148e+02 5.6679797363e+02 5.6673101807e+02 5.6663299561e+02 5.6678399658e+02 5.6728497314e+02 5.6766400146e+02 5.6803399658e+02 5.6838299561e+02 5.6871997070e+02 5.6909600830e+02 5.6937298584e+02 5.6950500488e+02 5.6958599854e+02 5.6973602295e+02 5.6993103027e+02 5.7010198975e+02
5.6413098145e+02 5.6414202881e+02 5.6414099121e+02 5.6415899658e+02 5.6419396973e+02 5.6423498535e+02 5.6428497314e+02 5.6431201172e+02 5.6432702637e+02 5.6433898926e+02 5.6418298340e+02 5.6427801514e+02 5.6483099365e+02 5.6550799561e+02 5.6605798340e+02 5.6609802246e+02 5.6613299561e+02 5.6616101074e+02 5.6616900635e+02 5.6618798828e+02 5.6621301270e+02 5.6625598145e+02 5.6629998779e+02 5.6634899902e+02 5.6637298584e+02 5.6641400146e+02 5.6663500977e+02 5.6684301758e+02 5.6681597900e+02 5.6673602295e+02 5.6671301270e+02 5.6668402100e+02 5.6658801270e+02 5.6655700684e+02 5.6684399414e+02 5.6734399414e+02 5.6781701660e+02 5.6821801758e+02 5.6852899170e+02 5.6886602783e+02 5.6915197754e+02 5.6931097412e+02 5.6939300537e+02 5.6950897217e+02 5.6968298340e+02 5.6983697510e+02
5.6400097656e+02 5.6400598145e+02 5.6400000000e+02 5.6402099609e+02 5.6405499268e+02 5.6409497070e+02 5.6413000488e+02 5.6415002441e+02 5.6417297363e+02 5.6419897461e+02 5.6407501221e+02 5.6423101807e+02 5.6483502197e+02 5.6554998779e+02 5.6607501221e+02 5.6606799316e+02 5.6607098389e+02 5.6606799316e+02 5.6609197998e+02 5.6611199951e+02 5.6614099121e+02 5.6618402100e+02 5.6622998047e+02 5.6628100586e+02 5.6633898926e+02 5.6639300537e+02 5.6651202393e+02 5.6673797607e+02 5.6675097656e+02 5.6666998291e+02 5.6663098145e+02 5.6660699463e+02 5.6654602051e+02 5.6645898438e+02 5.6651898193e+02 5.6701599121e+02 5.6760601807e+02 5.6810400391e+02 5.6838299561e+02 5.6863201904e+02 5.6888098145e+02 5.6905700684e+02 5.6916101074e+02 5.6926098633e+02 5.6940899658e+02 5.6955999756e+02
5.6387500000e+02 5.6387097168e+02 5.6385498047e+02 5.6387597656e+02 5.6390997314e+02 5.6394799805e+02 5.6397698975e+02 5.6399499512e+02 5.6402899170e+02 5.6407098389e+02 5.6400201416e+02 5.6423400879e+02 5.6486602783e+02 5.6559197998e+02 5.6612902832e+02 5.6612298584e+02 5.6607501221e+02 5.6601397705e+02 5.6602801514e+02 5.6605798340e+02 5.6609197998e+02 5.6613201904e+02 5.6617401123e+02 5.6621502686e+02 5.6627099609e+02 5.6634100342e+02 5.6642797852e+02 5.6662500000e+02 5.6667602539e+02 5.6661602783e+02 5.6655700684e+02 5.6651098633e+02 5.6647900391e+02 5.6641900635e+02 5.6635198975e+02 5.6666699219e+02 5.6727099609e+02 5.6785198975e+02 5.6818902588e+02 5.6841900635e+02 5.6862200928e+02 5.6878601074e+02 5.6890399170e+02 5.6902301025e+02 5.6917797852e+02 5.6934899902e+02
