TESTSERVER/10/13.asc
NCOLS 100
NROWS 100
XLLCORNER 7.9997500000e+03
YLLCORNER 2.8930025000e+05
CELLSIZE 5.0000000000e-01
NODATA_VALUE -9.9990000000e+03
[rows 80 to 99 of 100, columns 0 to 45 of 100]
5.6244799805e+02 5.6244396973e+02 5.6244897461e+02 5.6245898438e+02 5.6248101807e+02 5.6251898193e+02 5.6256298828e+02 5.6261798096e+02 5.6269201660e+02 5.6279101563e+02 5.6286999512e+02 5.6295098877e+02 5.6303100586e+02 5.6313098145e+02 5.6319299316e+02 5.6323498535e+02 5.6326098633e+02 5.6331097412e+02 5.6322998047e+02 5.6308300781e+02 5.6296697998e+02 5.6297100830e+02 5.6299499512e+02 5.6303002930e+02 5.6307299805e+02 5.6316699219e+02 5.6325402832e+02 5.6332702637e+02 5.6345001221e+02 5.6353302002e+02 5.6368597412e+02 5.6396002197e+02 5.6450701904e+02 5.6522601318e+02 5.6549902344e+02 5.6542797852e+02 5.6532598877e+02 5.6537597656e+02 5.6544799805e+02 5.6554400635e+02 5.6565698242e+02 5.6577099609e+02 5.6586999512e+02 5.6596398926e+02 5.6604699707e+02 5.6608801270e+02
5.6243402100e+02 5.6241497803e+02 5.6241198730e+02 5.6241699219e+02 5.6244201660e+02 5.6248602295e+02 5.6252600098e+02 5.6257501221e+02 5.6265100098e+02 5.6273999023e+02 5.6281298828e+02 5.6288500977e+02 5.6295697021e+02 5.6301800537e+02 5.6305700684e+02 5.6307501221e+02 5.6305499268e+02 5.6304901123e+02 5.6303997803e+02 5.6298400879e+02 5.6293798828e+02 5.6293298340e+02 5.6295501709e+02 5.6300799561e+02 5.6304998779e+02 5.6312500000e+02 5.6320697021e+02 5.6331799316e+02 5.6342498779e+02 5.6349700928e+02 5.6362701416e+02 5.6397497559e+02 5.6459802246e+02 5.6524597168e+02 5.6547601318e+02 5.6541302490e+02 5.6533398438e+02 5.6534997559e+02 5.6539099121e+02 5.6546997070e+02 5.6557098389e+02 5.6565197754e+02 5.6573498535e+02 5.6581298828e+02 5.6588098145e+02 5.6589001465e+02
5.6241900635e+02 5.6239801025e+02 5.6239202881e+02 5.6239697266e+02 5.6242297363e+02 5.6246301270e+02 5.6250201416e+02 5.6255200195e+02 5.6262097168e+02 5.6269799805e+02 5.6276202393e+02 5.6282598877e+02 5.6289202881e+02 5.6293701172e+02 5.6296002197e+02 5.6296398926e+02 5.6291802979e+02 5.6288598633e+02 5.6289300537e+02 5.6290301514e+02 5.6291802979e+02 5.6291601563e+02 5.6293298340e+02 5.6297302246e+02 5.6300201416e+02 5.6307202148e+02 5.6316601563e+02 5.6330603027e+02 5.6338702393e+02 5.6346301270e+02 5.6364202881e+02 5.6403399658e+02 5.6464898682e+02 5.6518597412e+02 5.6538800049e+02 5.6536602783e+02 5.6533398438e+02 5.6533599854e+02 5.6535797119e+02 5.6541601563e+02 5.6549597168e+02 5.6555200195e+02 5.6561199951e+02 5.6567199707e+02 5.6572100830e+02 5.6571801758e+02
5.6241302490e+02 5.6239300537e+02 5.6238897705e+02 5.6239697266e+02 5.6242102051e+02 5.6245501709e+02 5.6249298096e+02 5.6254101563e+02 5.6260302734e+02 5.6266302490e+02 5.6271899414e+02 5.6277398682e+02 5.6283502197e+02 5.6287597656e+02 5.6289001465e+02 5.6288702393e+02 5.6285900879e+02 5.6284497070e+02 5.6285601807e+02 5.6290197754e+02 5.6293798828e+02 5.6291601563e+02 5.6291198730e+02 5.6293402100e+02 5.6295800781e+02 5.6301702881e+02 5.6309997559e+02 5.6322100830e+02 5.6332202148e+02 5.6346997070e+02 5.6371398926e+02 5.6409899902e+02 5.6459802246e+02 5.6501800537e+02 5.6523699951e+02 5.6530798340e+02 5.6533398438e+02 5.6531896973e+02 5.6533197021e+02 5.6537402344e+02 5.6543798828e+02 5.6547399902e+02 5.6551300049e+02 5.6555297852e+02 5.6558398438e+02 5.6558697510e+02
5.6245501709e+02 5.6241302490e+02 5.6240997314e+02 5.6241601563e+02 5.6244598389e+02 5.6247198486e+02 5.6250402832e+02 5.6253997803e+02 5.6258898926e+02 5.6264202881e+02 5.6268200684e+02 5.6272198486e+02 5.6276800537e+02 5.6281500244e+02 5.6283099365e+02 5.6283599854e+02 5.6283099365e+02 5.6282000732e+02 5.6285797119e+02 5.6294000244e+02 5.6299298096e+02 5.6293499756e+02 5.6288397217e+02 5.6289398193e+02 5.6294097900e+02 5.6298297119e+02 5.6304199219e+02 5.6311999512e+02 5.6325701904e+02 5.6352502441e+02 5.6382202148e+02 5.6410797119e+02 5.6438800049e+02 5.6476202393e+02 5.6502697754e+02 5.6521398926e+02 5.6530700684e+02 5.6531500244e+02 5.6532897949e+02 5.6536199951e+02 5.6541198730e+02 5.6544299316e+02 5.6547100830e+02 5.6548999023e+02 5.6552600098e+02 5.6553698730e+02
5.6247198486e+02 5.6245098877e+02 5.6244500732e+02 5.6244500732e+02 5.6246301270e+02 5.6249401855e+02 5.6251702881e+02 5.6253900146e+02 5.6257501221e+02 5.6261901855e+02 5.6265002441e+02 5.6268200684e+02 5.6271398926e+02 5.6273901367e+02 5.6276000977e+02 5.6277600098e+02 5.6278198242e+02 5.6276501465e+02 5.6283801270e+02 5.6296301270e+02 5.6303002930e+02 5.6296301270e+02 5.6286901855e+02 5.6284197998e+02 5.6287500000e+02 5.6292498779e+02 5.6298797607e+02 5.6306298828e+02 5.6319598389e+02 5.6346197510e+02 5.6371997070e+02 5.6392498779e+02 5.6412902832e+02 5.6445800781e+02 5.6472100830e+02 5.6490997314e+02 5.6499401855e+02 5.6503802490e+02 5.6511199951e+02 5.6520697021e+02 5.6530499268e+02 5.6540197754e+02 5.6546600342e+02 5.6550598145e+02 5.6553698730e+02 5.6558300781e+02
5.6248199463e+02 5.6246600342e+02 5.6246002197e+02 5.6246002197e+02 5.6247198486e+02 5.6249597168e+02 5.6251501465e+02 5.6253399658e+02 5.6255798340e+02 5.6258898926e+02 5.6261499023e+02 5.6264300537e+02 5.6266601563e+02 5.6268597412e+02 5.6270898438e+02 5.6272802734e+02 5.6273101807e+02 5.6271099854e+02 5.6279901123e+02 5.6294598389e+02 5.6303900146e+02 5.6296801758e+02 5.6284197998e+02 5.6279302979e+02 5.6282800293e+02 5.6288299561e+02 5.6293902588e+02 5.6300201416e+02 5.6312097168e+02 5.6331097412e+02 5.6348199463e+02 5.6364202881e+02 5.6384100342e+02 5.6412799072e+02 5.6436102295e+02 5.6453399658e+02 5.6461901855e+02 5.6470697021e+02 5.6483801270e+02 5.6499200439e+02 5.6515899658e+02 5.6530102539e+02 5.6539001465e+02 5.6545397949e+02 5.6550402832e+02 5.6555700684e+02
5.6248101807e+02 5.6246899414e+02 5.6246600342e+02 5.6246600342e+02 5.6247497559e+02 5.6249200439e+02 5.6250701904e+02 5.6252301025e+02 5.6253802490e+02 5.6255798340e+02 5.6258001709e+02 5.6260400391e+02 5.6262097168e+02 5.6264099121e+02 5.6266802979e+02 5.6268902588e+02 5.6269299316e+02 5.6266802979e+02 5.6274401855e+02 5.6287902832e+02 5.6297998047e+02 5.6293402100e+02 5.6282202148e+02 5.6277899170e+02 5.6281701660e+02 5.6285900879e+02 5.6289898682e+02 5.6294702148e+02 5.6304199219e+02 5.6314501953e+02 5.6324401855e+02 5.6339697266e+02 5.6362097168e+02 5.6385400391e+02 5.6404400635e+02 5.6418902588e+02 5.6427600098e+02 5.6440802002e+02 5.6458300781e+02 5.6478100586e+02 5.6499700928e+02 5.6516802979e+02 5.6527600098e+02 5.6535797119e+02 5.6542700195e+02 5.6548699951e+02
5.6246301270e+02 5.6245599365e+02 5.6245599365e+02 5.6245697021e+02 5.6246099854e+02 5.6248101807e+02 5.6249200439e+02 5.6250201416e+02 5.6250402832e+02 5.6251898193e+02 5.6253302002e+02 5.6255102539e+02 5.6257202148e+02 5.6260998535e+02 5.6263897705e+02 5.6266400146e+02 5.6266101074e+02 5.6264697266e+02 5.6268902588e+02 5.6276599121e+02 5.6282000732e+02 5.6284100342e+02 5.6279998779e+02 5.6278601074e+02 5.6282202148e+02 5.6283898926e+02 5.6287200928e+02 5.6291101074e+02 5.6297302246e+02 5.6301599121e+02 5.6310498047e+02 5.6329797363e+02 5.6356402588e+02 5.6371301270e+02 5.6387701416e+02 5.6401300049e+02 5.6415899658e+02 5.6425799561e+02 5.6445202637e+02 5.6465197754e+02 5.6484802246e+02 5.6499798584e+02 5.6511901855e+02 5.6521899414e+02 5.6529101563e+02 5.6535699463e+02
5.6244702148e+02 5.6244201660e+02 5.6244299316e+02 5.6244598389e+02 5.6245501709e+02 5.6246997070e+02 5.6247698975e+02 5.6248297119e+02 5.6247900391e+02 5.6247601318e+02 5.6248602295e+02 5.6250299072e+02 5.6254302979e+02 5.6259100342e+02 5.6261798096e+02 5.6264099121e+02 5.6263000488e+02 5.6261297607e+02 5.6264599609e+02 5.6269201660e+02 5.6272698975e+02 5.6272698975e+02 5.6273297119e+02 5.6275299072e+02 5.6279699707e+02 5.6283300781e+02 5.6287500000e+02 5.6290100098e+02 5.6292401123e+02 5.6294799805e+02 5.6302398682e+02 5.6320898438e+02 5.6345898438e+02 5.6365002441e+02 5.6383001709e+02 5.6399200439e+02 5.6409497070e+02 5.6422900391e+02 5.6440002441e+02 5.6456500244e+02 5.6473199463e+02 5.6486901855e+02 5.6498297119e+02 5.6507897949e+02 5.6515502930e+02 5.6520202637e+02
5.6243200684e+02 5.6243298340e+02 5.6243597412e+02 5.6243798828e+02 5.6244702148e+02 5.6245898438e+02 5.6246398926e+02 5.6246697998e+02 5.6245501709e+02 5.6244500732e+02 5.6245397949e+02 5.6246997070e+02 5.6251702881e+02 5.6256896973e+02 5.6259399414e+02 5.6261401367e+02 5.6261199951e+02 5.6260797119e+02 5.6263500977e+02 5.6266601563e+02 5.6268499756e+02 5.6267999268e+02 5.6269897461e+02 5.6272601318e+02 5.6275701904e+02 5.6279797363e+02 5.6283898926e+02 5.6287500000e+02 5.6287902832e+02 5.6290002441e+02 5.6295898438e+02 5.6312298584e+02 5.6336297607e+02 5.6356201172e+02 5.6375201416e+02 5.6392498779e+02 5.6404602051e+02 5.6416998291e+02 5.6432397461e+02 5.6446997070e+02 5.6462799072e+02 5.6476397705e+02 5.6486499023e+02 5.6495098877e+02 5.6501800537e+02 5.6506500244e+02
5.6241601563e+02 5.6242199707e+02 5.6242498779e+02 5.6242797852e+02 5.6243597412e+02 5.6244396973e+02 5.6244598389e+02 5.6244702148e+02 5.6243103027e+02 5.6241699219e+02 5.6242498779e+02 5.6244097900e+02 5.6248999023e+02 5.6254302979e+02 5.6256500244e+02 5.6258001709e+02 5.6259197998e+02 5.6261297607e+02 5.6264001465e+02 5.6266302490e+02 5.6267297363e+02 5.6266900635e+02 5.6268298340e+02 5.6270300293e+02 5.6272998047e+02 5.6276800537e+02 5.6279498291e+02 5.6283801270e+02 5.6284497070e+02 5.6286401367e+02 5.6291802979e+02 5.6307098389e+02 5.6328698730e+02 5.6348602295e+02 5.6368402100e+02 5.6386700439e+02 5.6400799561e+02 5.6412799072e+02 5.6426702881e+02 5.6439697266e+02 5.6453601074e+02 5.6465698242e+02 5.6474597168e+02 5.6482202148e+02 5.6488098145e+02 5.6492700195e+02
5.6240100098e+02 5.6240997314e+02 5.6241802979e+02 5.6242498779e+02 5.6243597412e+02 5.6243701172e+02 5.6244097900e+02 5.6244396973e+02 5.6245697021e+02 5.6240100098e+02 5.6238500977e+02 5.6239099121e+02 5.6245098877e+02 5.6252697754e+02 5.6255200195e+02 5.6256201172e+02 5.6258001709e+02 5.6260101318e+02 5.6263598633e+02 5.6265502930e+02 5.6263897705e+02 5.6263800049e+02 5.6266497803e+02 5.6269897461e+02 5.6272601318e+02 5.6275000000e+02 5.6276202393e+02 5.6279699707e+02 5.6281201172e+02 5.6280700684e+02 5.6286297607e+02 5.6301300049e+02 5.6322900391e+02 5.6343200684e+02 5.6362902832e+02 5.6381701660e+02 5.6400799561e+02 5.6413299561e+02 5.6425598145e+02 5.6435699463e+02 5.6444000244e+02 5.6453601074e+02 5.6461199951e+02 5.6467999268e+02 5.6475799561e+02 5.6479498291e+02
5.6239300537e+02 5.6240399170e+02 5.6241400146e+02 5.6241998291e+02 5.6242901611e+02 5.6244500732e+02 5.6244500732e+02 5.6244097900e+02 5.6245001221e+02 5.6240698242e+02 5.6233398438e+02 5.6229699707e+02 5.6234497070e+02 5.6243200684e+02 5.6247497559e+02 5.6250201416e+02 5.6250201416e+02 5.6253100586e+02 5.6258801270e+02 5.6261700439e+02 5.6259997559e+02 5.6259197998e+02 5.6263800049e+02 5.6269897461e+02 5.6272601318e+02 5.6277301025e+02 5.6275897217e+02 5.6275201416e+02 5.6278302002e+02 5.6276800537e+02 5.6281896973e+02 5.6298400879e+02 5.6319201660e+02 5.6338000488e+02 5.6358502197e+02 5.6378100586e+02 5.6398797607e+02 5.6414300537e+02 5.6424597168e+02 5.6431597900e+02 5.6436297607e+02 5.6443200684e+02 5.6449798584e+02 5.6455999756e+02 5.6462701416e+02 5.6465600586e+02
5.6238397217e+02 5.6239599609e+02 5.6240301514e+02 5.6240600586e+02 5.6241400146e+02 5.6242199707e+02 5.6240802002e+02 5.6238897705e+02 5.6240002441e+02 5.6235998535e+02 5.6226800537e+02 5.6220800781e+02 5.6222100830e+02 5.6227398682e+02 5.6232501221e+02 5.6237701416e+02 5.6241198730e+02 5.6245202637e+02 5.6252099609e+02 5.6256097412e+02 5.6255401611e+02 5.6252801514e+02 5.6256298828e+02 5.6264801025e+02 5.6270697021e+02 5.6283502197e+02 5.6283697510e+02 5.6276000977e+02 5.6275097656e+02 5.6272900391e+02 5.6275299072e+02 5.6288897705e+02 5.6310601807e+02 5.6332702637e+02 5.6355297852e+02 5.6376599121e+02 5.6398101807e+02 5.6411602783e+02 5.6419897461e+02 5.6425097656e+02 5.6427600098e+02 5.6433300781e+02 5.6439001465e+02 5.6444396973e+02 5.6449401855e+02 5.6451397705e+02
5.6237200928e+02 5.6238598633e+02 5.6239001465e+02 5.6238897705e+02 5.6238702393e+02 5.6237402344e+02 5.6234197998e+02 5.6230700684e+02 5.6228997803e+02 5.6224401855e+02 5.6216497803e+02 5.6211499023e+02 5.6211901855e+02 5.6213800049e+02 5.6218798828e+02 5.6226098633e+02 5.6234100342e+02 5.6239697266e+02 5.6246600342e+02 5.6250897217e+02 5.6251202393e+02 5.6246197510e+02 5.6247998047e+02 5.6258697510e+02 5.6269097900e+02 5.6283300781e+02 5.6285302734e+02 5.6274798584e+02 5.6271301270e+02 5.6269897461e+02 5.6270098877e+02 5.6279101563e+02 5.6300598145e+02 5.6328302002e+02 5.6353601074e+02 5.6376898193e+02 5.6398101807e+02 5.6407702637e+02 5.6413897705e+02 5.6417102051e+02 5.6417901611e+02 5.6422497559e+02 5.6427301025e+02 5.6432000732e+02 5.6435797119e+02 5.6437402344e+02
5.6239801025e+02 5.6239001465e+02 5.6239001465e+02 5.6237597656e+02 5.6242901611e+02 5.6233197021e+02 5.6223199463e+02 5.6215802002e+02 5.6208801270e+02 5.6207202148e+02 5.6204797363e+02 5.6204797363e+02 5.6208599854e+02 5.6207702637e+02 5.6210400391e+02 5.6219000244e+02 5.6232299805e+02 5.6239099121e+02 5.6245300293e+02 5.6248400879e+02 5.6247802734e+02 5.6242401123e+02 5.6244000244e+02 5.6254998779e+02 5.6269000244e+02 5.6272900391e+02 5.6273498535e+02 5.6269396973e+02 5.6267999268e+02 5.6267401123e+02 5.6267797852e+02 5.6274499512e+02 5.6293200684e+02 5.6324798584e+02 5.6355999756e+02 5.6384002686e+02 5.6405999756e+02 5.6404199219e+02 5.6406402588e+02 5.6406896973e+02 5.6406896973e+02 5.6410198975e+02 5.6413500977e+02 5.6417199707e+02 5.6420001221e+02 5.6423901367e+02
5.6236199951e+02 5.6235797119e+02 5.6233801270e+02 5.6230200195e+02 5.6227899170e+02 5.6219000244e+02 5.6209301758e+02 5.6204498291e+02 5.6204699707e+02 5.6203997803e+02 5.6204302979e+02 5.6206896973e+02 5.6210797119e+02 5.6211102295e+02 5.6208801270e+02 5.6212402344e+02 5.6224499512e+02 5.6239001465e+02 5.6248101807e+02 5.6250299072e+02 5.6247601318e+02 5.6244097900e+02 5.6246002197e+02 5.6255700684e+02 5.6268499756e+02 5.6269299316e+02 5.6267602539e+02 5.6265899658e+02 5.6264501953e+02 5.6264697266e+02 5.6264697266e+02 5.6268298340e+02 5.6287902832e+02 5.6320098877e+02 5.6354498291e+02 5.6382202148e+02 5.6395800781e+02 5.6395202637e+02 5.6394201660e+02 5.6393298340e+02 5.6392999268e+02 5.6395800781e+02 5.6399401855e+02 5.6403198242e+02 5.6407598877e+02 5.6411199951e+02
5.6229602051e+02 5.6227099609e+02 5.6223797607e+02 5.6219500732e+02 5.6213702393e+02 5.6207397461e+02 5.6203601074e+02 5.6202197266e+02 5.6203601074e+02 5.6204199219e+02 5.6205102539e+02 5.6207501221e+02 5.6212097168e+02 5.6214398193e+02 5.6210101318e+02 5.6207702637e+02 5.6214697266e+02 5.6232202148e+02 5.6243597412e+02 5.6247399902e+02 5.6245098877e+02 5.6243200684e+02 5.6245599365e+02 5.6253997803e+02 5.6263897705e+02 5.6267498779e+02 5.6266601563e+02 5.6264099121e+02 5.6261602783e+02 5.6262298584e+02 5.6263000488e+02 5.6265100098e+02 5.6282501221e+02 5.6315100098e+02 5.6347100830e+02 5.6369201660e+02 5.6377398682e+02 5.6376202393e+02 5.6375000000e+02 5.6375201416e+02 5.6376898193e+02 5.6380999756e+02 5.6385601807e+02 5.6390301514e+02 5.6395397949e+02 5.6398797607e+02
5.6220397949e+02 5.6216302490e+02 5.6212701416e+02 5.6209002686e+02 5.6204400635e+02 5.6203198242e+02 5.6202697754e+02 5.6202099609e+02 5.6203601074e+02 5.6205401611e+02 5.6205200195e+02 5.6205798340e+02 5.6210302734e+02 5.6216101074e+02 5.6213000488e+02 5.6208197021e+02 5.6208801270e+02 5.6221899414e+02 5.6233099365e+02 5.6239099121e+02 5.6238897705e+02 5.6238800049e+02 5.6242199707e+02 5.6248400879e+02 5.6254199219e+02 5.6261700439e+02 5.6265399170e+02 5.6263598633e+02 5.6260198975e+02 5.6259497070e+02 5.6260998535e+02 5.6261700439e+02 5.6274597168e+02 5.6306701660e+02 5.6335101318e+02 5.6352099609e+02 5.6354797363e+02 5.6352301025e+02 5.6351898193e+02 5.6353997803e+02 5.6359399414e+02 5.6365802002e+02 5.6371600342e+02 5.6377301025e+02 5.6383697510e+02 5.6386999512e+02
