TESTSERVER/10/14.asc
NCOLS 100
NROWS 100
XLLCORNER 7.9997500000e+03
YLLCORNER 2.8925025000e+05
CELLSIZE 5.0000000000e-01
NODATA_VALUE -9.9990000000e+03
[rows 80 to 99 of 100, columns 46 to 91 of 100]
5.5888702393e+02 5.5880798340e+02 5.5874401855e+02 5.5871197510e+02 5.5868200684e+02 5.5866601563e+02 5.5866497803e+02 5.5866998291e+02 5.5866497803e+02 5.5865698242e+02 5.5864801025e+02 5.5864099121e+02 5.5863397217e+02 5.5862701416e+02 5.5862902832e+02 5.5862701416e+02 5.5863397217e+02 5.5864697266e+02 5.5868798828e+02 5.5869702148e+02 5.5869299316e+02 5.5867999268e+02 5.5866601563e+02 5.5865502930e+02 5.5865197754e+02 5.5865399170e+02 5.5865502930e+02 5.5870800781e+02 5.5873199463e+02 5.5875500488e+02 5.5875097656e+02 5.5879101563e+02 5.5880499268e+02 5.5881799316e+02 5.5883697510e+02 5.5881701660e+02 5.5878900146e+02 5.5874298096e+02 5.5872497559e+02 5.5896197510e+02 5.5928900146e+02 5.5940002441e+02 5.5947698975e+02 5.5964001465e+02 5.5968597412e+02 5.5960101318e+02
5.5878698730e+02 5.5872198486e+02 5.5868597412e+02 5.5865802002e+02 5.5864300537e+02 5.5863500977e+02 5.5863500977e+02 5.5863800049e+02 5.5863598633e+02 5.5863397217e+02 5.5863000488e+02 5.5862200928e+02 5.5862200928e+02 5.5863098145e+02 5.5863598633e+02 5.5861999512e+02 5.5861700439e+02 5.5864202881e+02 5.5870898438e+02 5.5874200439e+02 5.5872900391e+02 5.5869897461e+02 5.5866302490e+02 5.5864300537e+02 5.5863000488e+02 5.5861999512e+02 5.5861102295e+02 5.5862097168e+02 5.5863299561e+02 5.5864599609e+02 5.5864801025e+02 5.5864697266e+02 5.5866400146e+02 5.5869201660e+02 5.5874499512e+02 5.5877697754e+02 5.5877301025e+02 5.5875701904e+02 5.5871197510e+02 5.5872802734e+02 5.5897998047e+02 5.5921197510e+02 5.5936199951e+02 5.5947601318e+02 5.5960198975e+02 5.5962799072e+02
5.5869897461e+02 5.5865698242e+02 5.5864099121e+02 5.5863201904e+02 5.5862597656e+02 5.5862200928e+02 5.5861901855e+02 5.5861999512e+02 5.5861798096e+02 5.5861700439e+02 5.5861798096e+02 5.5861297607e+02 5.5861700439e+02 5.5862799072e+02 5.5862402344e+02 5.5861401367e+02 5.5862902832e+02 5.5866601563e+02 5.5869000244e+02 5.5869000244e+02 5.5868597412e+02 5.5866601563e+02 5.5863397217e+02 5.5860998535e+02 5.5859497070e+02 5.5858099365e+02 5.5856201172e+02 5.5855200195e+02 5.5855200195e+02 5.5855200195e+02 5.5854400635e+02 5.5853802490e+02 5.5854797363e+02 5.5857000732e+02 5.5862902832e+02 5.5868701172e+02 5.5870898438e+02 5.5872601318e+02 5.5872399902e+02 5.5862298584e+02 5.5869702148e+02 5.5886401367e+02 5.5908398438e+02 5.5927099609e+02 5.5945300293e+02 5.5953002930e+02
5.5863397217e+02 5.5861602783e+02 5.5861499023e+02 5.5861901855e+02 5.5861798096e+02 5.5861401367e+02 5.5860797119e+02 5.5861102295e+02 5.5860797119e+02 5.5860498047e+02 5.5860699463e+02 5.5861199951e+02 5.5861901855e+02 5.5862500000e+02 5.5861798096e+02 5.5864398193e+02 5.5864898682e+02 5.5861999512e+02 5.5854302979e+02 5.5853802490e+02 5.5855401611e+02 5.5855902100e+02 5.5856896973e+02 5.5856097412e+02 5.5854400635e+02 5.5853002930e+02 5.5850598145e+02 5.5848199463e+02 5.5846997070e+02 5.5845898438e+02 5.5844299316e+02 5.5842901611e+02 5.5843103027e+02 5.5844500732e+02 5.5848602295e+02 5.5853100586e+02 5.5856896973e+02 5.5862097168e+02 5.5869299316e+02 5.5863098145e+02 5.5859899902e+02 5.5861901855e+02 5.5876702881e+02 5.5904797363e+02 5.5930499268e+02 5.5941400146e+02
5.5861102295e+02 5.5860699463e+02 5.5861102295e+02 5.5861401367e+02 5.5861102295e+02 5.5859802246e+02 5.5858300781e+02 5.5859497070e+02 5.5859301758e+02 5.5859100342e+02 5.5859698486e+02 5.5859197998e+02 5.5860498047e+02 5.5863000488e+02 5.5870898438e+02 5.5869097900e+02 5.5856097412e+02 5.5834600830e+02 5.5818701172e+02 5.5829400635e+02 5.5834497070e+02 5.5838897705e+02 5.5843798828e+02 5.5847399902e+02 5.5846600342e+02 5.5845300293e+02 5.5842297363e+02 5.5840600586e+02 5.5838299561e+02 5.5835797119e+02 5.5833001709e+02 5.5832000732e+02 5.5830102539e+02 5.5828601074e+02 5.5819396973e+02 5.5823400879e+02 5.5827600098e+02 5.5838500977e+02 5.5858300781e+02 5.5867401123e+02 5.5863397217e+02 5.5858197021e+02 5.5859899902e+02 5.5883801270e+02 5.5918298340e+02 5.5935302734e+02
5.5861297607e+02 5.5860101318e+02 5.5859497070e+02 5.5859899902e+02 5.5860400391e+02 5.5859197998e+02 5.5858001709e+02 5.5860101318e+02 5.5859399414e+02 5.5857800293e+02 5.5858801270e+02 5.5860998535e+02 5.5865002441e+02 5.5864398193e+02 5.5848498535e+02 5.5836297607e+02 5.5817797852e+02 5.5799902344e+02 5.5799102783e+02 5.5815301514e+02 5.5824200439e+02 5.5831201172e+02 5.5835900879e+02 5.5837402344e+02 5.5837597656e+02 5.5836700439e+02 5.5834497070e+02 5.5832299805e+02 5.5829797363e+02 5.5826898193e+02 5.5823901367e+02 5.5821099854e+02 5.5817797852e+02 5.5814099121e+02 5.5806298828e+02 5.5799102783e+02 5.5801800537e+02 5.5812701416e+02 5.5833697510e+02 5.5859997559e+02 5.5864300537e+02 5.5859698486e+02 5.5853698730e+02 5.5862298584e+02 5.5897497559e+02 5.5929101563e+02
5.5860101318e+02 5.5858697510e+02 5.5858300781e+02 5.5858300781e+02 5.5859002686e+02 5.5858697510e+02 5.5857202148e+02 5.5858898926e+02 5.5859100342e+02 5.5858697510e+02 5.5861999512e+02 5.5860400391e+02 5.5851800537e+02 5.5835900879e+02 5.5809399414e+02 5.5798797607e+02 5.5787902832e+02 5.5782098389e+02 5.5791302490e+02 5.5806097412e+02 5.5816497803e+02 5.5824298096e+02 5.5828399658e+02 5.5829302979e+02 5.5829797363e+02 5.5828997803e+02 5.5826898193e+02 5.5824700928e+02 5.5822497559e+02 5.5819702148e+02 5.5815997314e+02 5.5812200928e+02 5.5808697510e+02 5.5804699707e+02 5.5797497559e+02 5.5790502930e+02 5.5790502930e+02 5.5796502686e+02 5.5807702637e+02 5.5837799072e+02 5.5858099365e+02 5.5861798096e+02 5.5853302002e+02 5.5851599121e+02 5.5873797607e+02 5.5910400391e+02
5.5858898926e+02 5.5857702637e+02 5.5857897949e+02 5.5857397461e+02 5.5857598877e+02 5.5857702637e+02 5.5856298828e+02 5.5858697510e+02 5.5859600830e+02 5.5855798340e+02 5.5851397705e+02 5.5837701416e+02 5.5813598633e+02 5.5792901611e+02 5.5779699707e+02 5.5778497314e+02 5.5776800537e+02 5.5779699707e+02 5.5790002441e+02 5.5801202393e+02 5.5811499023e+02 5.5818701172e+02 5.5821197510e+02 5.5821600342e+02 5.5822302246e+02 5.5821697998e+02 5.5819799805e+02 5.5817999268e+02 5.5815899658e+02 5.5813299561e+02 5.5809399414e+02 5.5805401611e+02 5.5801800537e+02 5.5797698975e+02 5.5792797852e+02 5.5788702393e+02 5.5786602783e+02 5.5787597656e+02 5.5789898682e+02 5.5809997559e+02 5.5841198730e+02 5.5860302734e+02 5.5855798340e+02 5.5849298096e+02 5.5853997803e+02 5.5879998779e+02
5.5859698486e+02 5.5858300781e+02 5.5855499268e+02 5.5856597900e+02 5.5858898926e+02 5.5859997559e+02 5.5860998535e+02 5.5859600830e+02 5.5847698975e+02 5.5825598145e+02 5.5804797363e+02 5.5801501465e+02 5.5787298584e+02 5.5778198242e+02 5.5778198242e+02 5.5779901123e+02 5.5782202148e+02 5.5785101318e+02 5.5791302490e+02 5.5797998047e+02 5.5805401611e+02 5.5811199951e+02 5.5813000488e+02 5.5814099121e+02 5.5815197754e+02 5.5815301514e+02 5.5813800049e+02 5.5811602783e+02 5.5809997559e+02 5.5808001709e+02 5.5805401611e+02 5.5801300049e+02 5.5798199463e+02 5.5794598389e+02 5.5792498779e+02 5.5790899658e+02 5.5788702393e+02 5.5786901855e+02 5.5786102295e+02 5.5786999512e+02 5.5815399170e+02 5.5848400879e+02 5.5859600830e+02 5.5854101563e+02 5.5847698975e+02 5.5850598145e+02
5.5859497070e+02 5.5858398438e+02 5.5858801270e+02 5.5858801270e+02 5.5856500244e+02 5.5850299072e+02 5.5842602539e+02 5.5834100342e+02 5.5813897705e+02 5.5793103027e+02 5.5787597656e+02 5.5790197754e+02 5.5786499023e+02 5.5782000732e+02 5.5782299805e+02 5.5783197021e+02 5.5784197998e+02 5.5786199951e+02 5.5789099121e+02 5.5792901611e+02 5.5797601318e+02 5.5802697754e+02 5.5807000732e+02 5.5808197021e+02 5.5809600830e+02 5.5810198975e+02 5.5809197998e+02 5.5807397461e+02 5.5806298828e+02 5.5804797363e+02 5.5802600098e+02 5.5800000000e+02 5.5797601318e+02 5.5794897461e+02 5.5791601563e+02 5.5789599609e+02 5.5788201904e+02 5.5787298584e+02 5.5786401367e+02 5.5781701660e+02 5.5791900635e+02 5.5817700195e+02 5.5845697021e+02 5.5855102539e+02 5.5852899170e+02 5.5849700928e+02
5.5859100342e+02 5.5859197998e+02 5.5860498047e+02 5.5854199219e+02 5.5843103027e+02 5.5829199219e+02 5.5810797119e+02 5.5799200439e+02 5.5793902588e+02 5.5790100098e+02 5.5789697266e+02 5.5788897705e+02 5.5788397217e+02 5.5786901855e+02 5.5786700439e+02 5.5786102295e+02 5.5785900879e+02 5.5786602783e+02 5.5788000488e+02 5.5790399170e+02 5.5794097900e+02 5.5798199463e+02 5.5802398682e+02 5.5804199219e+02 5.5805401611e+02 5.5805902100e+02 5.5805401611e+02 5.5804302979e+02 5.5803198242e+02 5.5801898193e+02 5.5800299072e+02 5.5798297119e+02 5.5796197510e+02 5.5793798828e+02 5.5791198730e+02 5.5789099121e+02 5.5787500000e+02 5.5786602783e+02 5.5787097168e+02 5.5785400391e+02 5.5783801270e+02 5.5790997314e+02 5.5814697266e+02 5.5842102051e+02 5.5853802490e+02 5.5852697754e+02
5.5859899902e+02 5.5860900879e+02 5.5860302734e+02 5.5845898438e+02 5.5828198242e+02 5.5809899902e+02 5.5791601563e+02 5.5785400391e+02 5.5789099121e+02 5.5793200684e+02 5.5793597412e+02 5.5790399170e+02 5.5790802002e+02 5.5790802002e+02 5.5790197754e+02 5.5788800049e+02 5.5787597656e+02 5.5787298584e+02 5.5787902832e+02 5.5789501953e+02 5.5792199707e+02 5.5795397949e+02 5.5799200439e+02 5.5801300049e+02 5.5802197266e+02 5.5802600098e+02 5.5802301025e+02 5.5801599121e+02 5.5800598145e+02 5.5799499512e+02 5.5798199463e+02 5.5796801758e+02 5.5795098877e+02 5.5792999268e+02 5.5790997314e+02 5.5788897705e+02 5.5787097168e+02 5.5786297607e+02 5.5786199951e+02 5.5787097168e+02 5.5784997559e+02 5.5781597900e+02 5.5789099121e+02 5.5819097900e+02 5.5845001221e+02 5.5853601074e+02
5.5861798096e+02 5.5860101318e+02 5.5852697754e+02 5.5840002441e+02 5.5823101807e+02 5.5806896973e+02 5.5797497559e+02 5.5791497803e+02 5.5790997314e+02 5.5791802979e+02 5.5792102051e+02 5.5791699219e+02 5.5792999268e+02 5.5794299316e+02 5.5792797852e+02 5.5790899658e+02 5.5789398193e+02 5.5788598633e+02 5.5789801025e+02 5.5790600586e+02 5.5792199707e+02 5.5794201660e+02 5.5797802734e+02 5.5799798584e+02 5.5800598145e+02 5.5800897217e+02 5.5800799561e+02 5.5799298096e+02 5.5798400879e+02 5.5797497559e+02 5.5796899414e+02 5.5795800781e+02 5.5794396973e+02 5.5792901611e+02 5.5791101074e+02 5.5788702393e+02 5.5786999512e+02 5.5785998535e+02 5.5785699463e+02 5.5784698486e+02 5.5785400391e+02 5.5784497070e+02 5.5784600830e+02 5.5794598389e+02 5.5821002197e+02 5.5845898438e+02
5.5860198975e+02 5.5855902100e+02 5.5849298096e+02 5.5838800049e+02 5.5826898193e+02 5.5814501953e+02 5.5800500488e+02 5.5793200684e+02 5.5790997314e+02 5.5791302490e+02 5.5793103027e+02 5.5794000244e+02 5.5794897461e+02 5.5795300293e+02 5.5794396973e+02 5.5792297363e+02 5.5790997314e+02 5.5790301514e+02 5.5790502930e+02 5.5791699219e+02 5.5792901611e+02 5.5794299316e+02 5.5796801758e+02 5.5798498535e+02 5.5798999023e+02 5.5799200439e+02 5.5798498535e+02 5.5797399902e+02 5.5796600342e+02 5.5795800781e+02 5.5795202637e+02 5.5794396973e+02 5.5793298340e+02 5.5792102051e+02 5.5790600586e+02 5.5788897705e+02 5.5787500000e+02 5.5786297607e+02 5.5785601807e+02 5.5784100342e+02 5.5784197998e+02 5.5784802246e+02 5.5784802246e+02 5.5782598877e+02 5.5793402100e+02 5.5826098633e+02
5.5857501221e+02 5.5852899170e+02 5.5845599365e+02 5.5836297607e+02 5.5826702881e+02 5.5816699219e+02 5.5804302979e+02 5.5795800781e+02 5.5792901611e+02 5.5792700195e+02 5.5794598389e+02 5.5795898438e+02 5.5796600342e+02 5.5796697998e+02 5.5795397949e+02 5.5793200684e+02 5.5791998291e+02 5.5791101074e+02 5.5791101074e+02 5.5791802979e+02 5.5792797852e+02 5.5794000244e+02 5.5795800781e+02 5.5796697998e+02 5.5796997070e+02 5.5796997070e+02 5.5796398926e+02 5.5795397949e+02 5.5794799805e+02 5.5794097900e+02 5.5793499756e+02 5.5792901611e+02 5.5791998291e+02 5.5790899658e+02 5.5790002441e+02 5.5788897705e+02 5.5787500000e+02 5.5786199951e+02 5.5784802246e+02 5.5783197021e+02 5.5783599854e+02 5.5784600830e+02 5.5786297607e+02 5.5782598877e+02 5.5781597900e+02 5.5806500244e+02
5.5853900146e+02 5.5849102783e+02 5.5841802979e+02 5.5834002686e+02 5.5826300049e+02 5.5818499756e+02 5.5808197021e+02 5.5799401855e+02 5.5795898438e+02 5.5795098877e+02 5.5796502686e+02 5.5797399902e+02 5.5797698975e+02 5.5797399902e+02 5.5795800781e+02 5.5793701172e+02 5.5792401123e+02 5.5791601563e+02 5.5791400146e+02 5.5791802979e+02 5.5792602539e+02 5.5793597412e+02 5.5794799805e+02 5.5795098877e+02 5.5795202637e+02 5.5794897461e+02 5.5794299316e+02 5.5793701172e+02 5.5793103027e+02 5.5792498779e+02 5.5791998291e+02 5.5791601563e+02 5.5790802002e+02 5.5789898682e+02 5.5789202881e+02 5.5788598633e+02 5.5787298584e+02 5.5785900879e+02 5.5784100342e+02 5.5783300781e+02 5.5783599854e+02 5.5784301758e+02 5.5785400391e+02 5.5784698486e+02 5.5781097412e+02 5.5792401123e+02
5.5848297119e+02 5.5844000244e+02 5.5837597656e+02 5.5830902100e+02 5.5825299072e+02 5.5819702148e+02 5.5813000488e+02 5.5804498291e+02 5.5800299072e+02 5.5797497559e+02 5.5796398926e+02 5.5797802734e+02 5.5797198486e+02 5.5796502686e+02 5.5795202637e+02 5.5793499756e+02 5.5792297363e+02 5.5791400146e+02 5.5791198730e+02 5.5791802979e+02 5.5792199707e+02 5.5792700195e+02 5.5793103027e+02 5.5793499756e+02 5.5793200684e+02 5.5792700195e+02 5.5791802979e+02 5.5791802979e+02 5.5791302490e+02 5.5790899658e+02 5.5790502930e+02 5.5790301514e+02 5.5789801025e+02 5.5789300537e+02 5.5788800049e+02 5.5787902832e+02 5.5787097168e+02 5.5786102295e+02 5.5786901855e+02 5.5785101318e+02 5.5783898926e+02 5.5783502197e+02 5.5783502197e+02 5.5784698486e+02 5.5784997559e+02 5.5785797119e+02
5.5842700195e+02 5.5838702393e+02 5.5834100342e+02 5.5828198242e+02 5.5823297119e+02 5.5818298340e+02 5.5812200928e+02 5.5806298828e+02 5.5801898193e+02 5.5798400879e+02 5.5796801758e+02 5.5796801758e+02 5.5795800781e+02 5.5795001221e+02 5.5794097900e+02 5.5792498779e+02 5.5791400146e+02 5.5790698242e+02 5.5790997314e+02 5.5791802979e+02 5.5791998291e+02 5.5792102051e+02 5.5792297363e+02 5.5792199707e+02 5.5791802979e+02 5.5791302490e+02 5.5790698242e+02 5.5790399170e+02 5.5790002441e+02 5.5789697266e+02 5.5789599609e+02 5.5789300537e+02 5.5789099121e+02 5.5788800049e+02 5.5788299561e+02 5.5787701416e+02 5.5787298584e+02 5.5786901855e+02 5.5787097168e+02 5.5786199951e+02 5.5784600830e+02 5.5783502197e+02 5.5784002686e+02 5.5784197998e+02 5.5785498047e+02 5.5788800049e+02
5.5838702393e+02 5.5834399414e+02 5.5830700684e+02 5.5826000977e+02 5.5821398926e+02 5.5816699219e+02 5.5811199951e+02 5.5805999756e+02 5.5802001953e+02 5.5798797607e+02 5.5796997070e+02 5.5796197510e+02 5.5795098877e+02 5.5794201660e+02 5.5793103027e+02 5.5791699219e+02 5.5790899658e+02 5.5790399170e+02 5.5790899658e+02 5.5791601563e+02 5.5791699219e+02 5.5791699219e+02 5.5791601563e+02 5.5791302490e+02 5.5790899658e+02 5.5790399170e+02 5.5789801025e+02 5.5789501953e+02 5.5789202881e+02 5.5788897705e+02 5.5788800049e+02 5.5788500977e+02 5.5788299561e+02 5.5788000488e+02 5.5787799072e+02 5.5787597656e+02 5.5787200928e+02 5.5786798096e+02 5.5786798096e+02 5.5785797119e+02 5.5784100342e+02 5.5783099365e+02 5.5783300781e+02 5.5783300781e+02 5.5783197021e+02 5.5784899902e+02
5.5834899902e+02 5.5830401611e+02 5.5827197266e+02 5.5823602295e+02 5.5819299316e+02 5.5814697266e+02 5.5809802246e+02 5.5805297852e+02 5.5801702881e+02 5.5798797607e+02 5.5796899414e+02 5.5795599365e+02 5.5794396973e+02 5.5793402100e+02 5.5792199707e+02 5.5791101074e+02 5.5790502930e+02 5.5790301514e+02 5.5790802002e+02 5.5791302490e+02 5.5791400146e+02 5.5791302490e+02 5.5790997314e+02 5.5790600586e+02 5.5790197754e+02 5.5789697266e+02 5.5789202881e+02 5.5788800049e+02 5.5788500977e+02 5.5788299561e+02 5.5788201904e+02 5.5787902832e+02 5.5787597656e+02 5.5787298584e+02 5.5787298584e+02 5.5787200928e+02 5.5786999512e+02 5.5786602783e+02 5.5786199951e+02 5.5784899902e+02 5.5783300781e+02 5.5782202148e+02 5.5782000732e+02 5.5782000732e+02 5.5780902100e+02 5.5780902100e+02
