TESTSERVER/10/14.asc
NCOLS 100
NROWS 100
XLLCORNER 7.9997500000e+03
YLLCORNER 2.8925025000e+05
CELLSIZE 5.0000000000e-01
NODATA_VALUE -9.9990000000e+03
[rows 20 to 39 of 100, columns 0 to 45 of 100]
5.6157202148e+02 5.6158001709e+02 5.6159100342e+02 5.6160400391e+02 5.6161602783e+02 5.6161999512e+02 5.6161297607e+02 5.6160302734e+02 5.6160498047e+02 5.6160198975e+02 5.6159301758e+02 5.6157501221e+02 5.6152899170e+02 5.6149298096e+02 5.6146197510e+02 5.6143402100e+02 5.6140802002e+02 5.6139001465e+02 5.6139099121e+02 5.6140997314e+02 5.6145202637e+02 5.6145697021e+02 5.6144000244e+02 5.6144500732e+02 5.6145300293e+02 5.6147100830e+02 5.6146301270e+02 5.6143798828e+02 5.6139501953e+02 5.6138201904e+02 5.6141699219e+02 5.6145202637e+02 5.6146099854e+02 5.6155102539e+02 5.6166302490e+02 5.6177398682e+02 5.6186999512e+02 5.6197497559e+02 5.6207397461e+02 5.6209802246e+02 5.6204400635e+02 5.6202600098e+02 5.6201800537e+02 5.6202301025e+02 5.6205603027e+02 5.6219702148e+02
5.6154797363e+02 5.6156298828e+02 5.6157702637e+02 5.6159002686e+02 5.6160198975e+02 5.6160400391e+02 5.6160101318e+02 5.6159497070e+02 5.6158599854e+02 5.6157501221e+02 5.6156097412e+02 5.6154302979e+02 5.6151300049e+02 5.6148101807e+02 5.6145599365e+02 5.6143103027e+02 5.6140301514e+02 5.6138397217e+02 5.6138500977e+02 5.6140301514e+02 5.6144299316e+02 5.6145599365e+02 5.6143902588e+02 5.6144097900e+02 5.6144500732e+02 5.6145300293e+02 5.6144799805e+02 5.6144299316e+02 5.6142199707e+02 5.6140301514e+02 5.6141497803e+02 5.6144000244e+02 5.6144702148e+02 5.6149102783e+02 5.6156701660e+02 5.6166998291e+02 5.6176098633e+02 5.6186401367e+02 5.6197802734e+02 5.6204498291e+02 5.6203698730e+02 5.6200701904e+02 5.6197399902e+02 5.6197100830e+02 5.6198797607e+02 5.6211297607e+02
5.6152600098e+02 5.6154400635e+02 5.6155999756e+02 5.6157397461e+02 5.6158300781e+02 5.6158398438e+02 5.6158197021e+02 5.6157702637e+02 5.6156597900e+02 5.6155297852e+02 5.6153997803e+02 5.6152398682e+02 5.6150000000e+02 5.6147399902e+02 5.6145098877e+02 5.6142797852e+02 5.6140100098e+02 5.6138098145e+02 5.6138098145e+02 5.6139501953e+02 5.6143103027e+02 5.6145501709e+02 5.6144201660e+02 5.6143902588e+02 5.6143798828e+02 5.6144000244e+02 5.6143597412e+02 5.6144299316e+02 5.6144702148e+02 5.6142901611e+02 5.6142602539e+02 5.6143798828e+02 5.6144097900e+02 5.6145697021e+02 5.6148999023e+02 5.6155798340e+02 5.6164001465e+02 5.6172802734e+02 5.6184399414e+02 5.6195202637e+02 5.6201098633e+02 5.6199798584e+02 5.6195300293e+02 5.6193499756e+02 5.6191998291e+02 5.6199902344e+02
5.6150299072e+02 5.6152099609e+02 5.6153900146e+02 5.6155297852e+02 5.6155902100e+02 5.6155999756e+02 5.6155798340e+02 5.6155499268e+02 5.6154602051e+02 5.6153497314e+02 5.6152398682e+02 5.6150897217e+02 5.6148999023e+02 5.6146899414e+02 5.6144799805e+02 5.6142700195e+02 5.6140100098e+02 5.6138201904e+02 5.6137902832e+02 5.6138702393e+02 5.6141302490e+02 5.6144097900e+02 5.6143499756e+02 5.6142700195e+02 5.6141802979e+02 5.6143701172e+02 5.6144396973e+02 5.6145300293e+02 5.6145697021e+02 5.6144598389e+02 5.6143798828e+02 5.6143701172e+02 5.6143298340e+02 5.6144097900e+02 5.6144799805e+02 5.6148199463e+02 5.6154101563e+02 5.6160900879e+02 5.6171398926e+02 5.6184399414e+02 5.6195800781e+02 5.6198498535e+02 5.6194201660e+02 5.6190600586e+02 5.6186798096e+02 5.6188201904e+02
5.6147302246e+02 5.6148999023e+02 5.6150701904e+02 5.6152197266e+02 5.6152600098e+02 5.6152600098e+02 5.6152697754e+02 5.6152697754e+02 5.6152600098e+02 5.6152301025e+02 5.6151599121e+02 5.6150598145e+02 5.6148901367e+02 5.6146502686e+02 5.6144702148e+02 5.6142999268e+02 5.6141101074e+02 5.6139099121e+02 5.6138201904e+02 5.6137902832e+02 5.6138000488e+02 5.6142102051e+02 5.6143701172e+02 5.6143402100e+02 5.6141699219e+02 5.6144702148e+02 5.6146301270e+02 5.6146197510e+02 5.6144897461e+02 5.6145397949e+02 5.6143902588e+02 5.6142797852e+02 5.6142700195e+02 5.6143402100e+02 5.6143298340e+02 5.6144598389e+02 5.6147497559e+02 5.6153802490e+02 5.6162597656e+02 5.6174401855e+02 5.6185400391e+02 5.6195202637e+02 5.6195300293e+02 5.6190100098e+02 5.6180999756e+02 5.6177398682e+02
5.6144201660e+02 5.6145397949e+02 5.6147100830e+02 5.6148699951e+02 5.6149499512e+02 5.6149298096e+02 5.6149902344e+02 5.6150402832e+02 5.6150897217e+02 5.6151202393e+02 5.6151000977e+02 5.6150500488e+02 5.6148602295e+02 5.6146502686e+02 5.6145001221e+02 5.6143499756e+02 5.6141601563e+02 5.6139801025e+02 5.6138500977e+02 5.6137597656e+02 5.6137097168e+02 5.6140802002e+02 5.6142999268e+02 5.6142901611e+02 5.6141699219e+02 5.6144396973e+02 5.6146099854e+02 5.6146099854e+02 5.6143902588e+02 5.6144799805e+02 5.6144299316e+02 5.6143200684e+02 5.6141900635e+02 5.6142700195e+02 5.6142797852e+02 5.6143798828e+02 5.6144396973e+02 5.6148297119e+02 5.6155102539e+02 5.6164202881e+02 5.6175598145e+02 5.6187799072e+02 5.6193701172e+02 5.6189599609e+02 5.6174902344e+02 5.6156896973e+02
5.6140600586e+02 5.6141900635e+02 5.6143597412e+02 5.6145300293e+02 5.6146301270e+02 5.6146697998e+02 5.6147601318e+02 5.6148400879e+02 5.6149298096e+02 5.6150097656e+02 5.6150201416e+02 5.6150000000e+02 5.6148602295e+02 5.6146801758e+02 5.6145501709e+02 5.6144097900e+02 5.6142199707e+02 5.6140197754e+02 5.6138800049e+02 5.6137701416e+02 5.6136401367e+02 5.6139202881e+02 5.6141601563e+02 5.6142102051e+02 5.6141101074e+02 5.6143597412e+02 5.6145001221e+02 5.6146899414e+02 5.6147302246e+02 5.6147399902e+02 5.6145898438e+02 5.6144000244e+02 5.6141497803e+02 5.6141601563e+02 5.6141601563e+02 5.6142401123e+02 5.6142297363e+02 5.6144097900e+02 5.6148199463e+02 5.6154797363e+02 5.6165399170e+02 5.6180200195e+02 5.6190002441e+02 5.6190600586e+02 5.6177801514e+02 5.6138299561e+02
5.6136297607e+02 5.6138000488e+02 5.6139898682e+02 5.6141699219e+02 5.6143103027e+02 5.6144201660e+02 5.6145501709e+02 5.6146697998e+02 5.6147998047e+02 5.6149102783e+02 5.6149700928e+02 5.6149700928e+02 5.6148901367e+02 5.6147399902e+02 5.6146301270e+02 5.6145001221e+02 5.6143103027e+02 5.6140997314e+02 5.6139501953e+02 5.6138201904e+02 5.6136401367e+02 5.6137902832e+02 5.6140301514e+02 5.6141302490e+02 5.6140698242e+02 5.6142401123e+02 5.6143798828e+02 5.6147497559e+02 5.6149597168e+02 5.6149597168e+02 5.6148101807e+02 5.6146002197e+02 5.6143402100e+02 5.6141400146e+02 5.6139202881e+02 5.6139501953e+02 5.6140502930e+02 5.6141699219e+02 5.6143597412e+02 5.6147802734e+02 5.6156097412e+02 5.6170300293e+02 5.6183099365e+02 5.6189697266e+02 5.6189599609e+02 5.6144000244e+02
5.6130999756e+02 5.6133599854e+02 5.6135797119e+02 5.6138201904e+02 5.6140399170e+02 5.6141699219e+02 5.6143701172e+02 5.6145501709e+02 5.6147399902e+02 5.6148297119e+02 5.6149200439e+02 5.6149700928e+02 5.6149700928e+02 5.6148699951e+02 5.6147698975e+02 5.6146398926e+02 5.6144702148e+02 5.6142797852e+02 5.6140997314e+02 5.6139001465e+02 5.6136499023e+02 5.6137298584e+02 5.6138800049e+02 5.6140399170e+02 5.6141998291e+02 5.6142999268e+02 5.6144299316e+02 5.6146997070e+02 5.6146997070e+02 5.6147998047e+02 5.6148400879e+02 5.6147100830e+02 5.6143402100e+02 5.6140301514e+02 5.6136499023e+02 5.6134997559e+02 5.6136901855e+02 5.6140100098e+02 5.6141101074e+02 5.6142797852e+02 5.6147100830e+02 5.6156500244e+02 5.6166900635e+02 5.6176898193e+02 5.6192401123e+02 5.6163000488e+02
5.6125799561e+02 5.6128698730e+02 5.6131500244e+02 5.6134497070e+02 5.6137200928e+02 5.6139398193e+02 5.6141998291e+02 5.6144500732e+02 5.6146600342e+02 5.6147802734e+02 5.6149200439e+02 5.6150097656e+02 5.6150500488e+02 5.6150299072e+02 5.6149597168e+02 5.6148400879e+02 5.6146697998e+02 5.6145098877e+02 5.6143103027e+02 5.6140399170e+02 5.6137200928e+02 5.6136602783e+02 5.6137200928e+02 5.6138897705e+02 5.6141400146e+02 5.6142700195e+02 5.6144702148e+02 5.6148101807e+02 5.6148297119e+02 5.6148297119e+02 5.6148498535e+02 5.6146197510e+02 5.6140997314e+02 5.6137402344e+02 5.6134497070e+02 5.6132501221e+02 5.6134899902e+02 5.6138897705e+02 5.6139300537e+02 5.6138500977e+02 5.6140301514e+02 5.6144500732e+02 5.6149597168e+02 5.6157397461e+02 5.6177600098e+02 5.6168499756e+02
5.6120599365e+02 5.6123901367e+02 5.6127099609e+02 5.6130499268e+02 5.6134002686e+02 5.6137097168e+02 5.6140197754e+02 5.6143200684e+02 5.6145898438e+02 5.6147698975e+02 5.6149401855e+02 5.6150701904e+02 5.6151599121e+02 5.6151800537e+02 5.6151501465e+02 5.6150598145e+02 5.6149200439e+02 5.6147497559e+02 5.6145397949e+02 5.6142700195e+02 5.6138702393e+02 5.6136297607e+02 5.6136199951e+02 5.6137500000e+02 5.6140197754e+02 5.6141400146e+02 5.6142797852e+02 5.6146600342e+02 5.6148400879e+02 5.6148797607e+02 5.6148199463e+02 5.6144702148e+02 5.6140698242e+02 5.6137597656e+02 5.6135601807e+02 5.6135101318e+02 5.6136401367e+02 5.6138397217e+02 5.6138000488e+02 5.6136199951e+02 5.6135400391e+02 5.6136499023e+02 5.6138800049e+02 5.6144598389e+02 5.6161297607e+02 5.6178198242e+02
5.6115197754e+02 5.6119000244e+02 5.6122601318e+02 5.6126501465e+02 5.6130700684e+02 5.6134802246e+02 5.6138500977e+02 5.6141998291e+02 5.6145300293e+02 5.6147802734e+02 5.6149902344e+02 5.6151599121e+02 5.6152899170e+02 5.6153601074e+02 5.6153698730e+02 5.6153198242e+02 5.6152099609e+02 5.6150500488e+02 5.6148498535e+02 5.6145800781e+02 5.6141101074e+02 5.6136999512e+02 5.6135699463e+02 5.6136297607e+02 5.6139099121e+02 5.6140600586e+02 5.6141101074e+02 5.6143701172e+02 5.6145001221e+02 5.6145001221e+02 5.6144897461e+02 5.6142199707e+02 5.6139202881e+02 5.6138397217e+02 5.6137402344e+02 5.6136499023e+02 5.6134600830e+02 5.6134100342e+02 5.6133398438e+02 5.6132098389e+02 5.6130297852e+02 5.6129901123e+02 5.6130603027e+02 5.6134802246e+02 5.6148297119e+02 5.6184002686e+02
5.6109698486e+02 5.6114202881e+02 5.6118597412e+02 5.6123297119e+02 5.6129199219e+02 5.6132702637e+02 5.6136999512e+02 5.6141101074e+02 5.6145001221e+02 5.6148199463e+02 5.6151098633e+02 5.6153601074e+02 5.6155700684e+02 5.6155603027e+02 5.6156201172e+02 5.6156298828e+02 5.6156701660e+02 5.6154901123e+02 5.6152801514e+02 5.6149700928e+02 5.6144299316e+02 5.6139001465e+02 5.6135900879e+02 5.6135101318e+02 5.6138000488e+02 5.6140698242e+02 5.6141400146e+02 5.6141699219e+02 5.6139001465e+02 5.6139300537e+02 5.6141601563e+02 5.6141101074e+02 5.6136798096e+02 5.6135998535e+02 5.6134002686e+02 5.6129302979e+02 5.6124499512e+02 5.6122601318e+02 5.6123199463e+02 5.6124102783e+02 5.6122698975e+02 5.6123498535e+02 5.6123999023e+02 5.6127801514e+02 5.6135998535e+02 5.6163201904e+02
5.6104400635e+02 5.6109497070e+02 5.6114599609e+02 5.6120202637e+02 5.6125598145e+02 5.6130200195e+02 5.6135302734e+02 5.6140197754e+02 5.6144702148e+02 5.6148498535e+02 5.6152301025e+02 5.6155401611e+02 5.6157299805e+02 5.6157897949e+02 5.6158898926e+02 5.6159802246e+02 5.6160699463e+02 5.6160797119e+02 5.6159301758e+02 5.6156298828e+02 5.6149597168e+02 5.6141198730e+02 5.6136499023e+02 5.6134197998e+02 5.6136199951e+02 5.6138299561e+02 5.6139501953e+02 5.6140802002e+02 5.6139001465e+02 5.6139202881e+02 5.6140600586e+02 5.6137402344e+02 5.6132501221e+02 5.6125897217e+02 5.6118701172e+02 5.6111401367e+02 5.6105102539e+02 5.6104699707e+02 5.6109002686e+02 5.6113702393e+02 5.6115002441e+02 5.6117401123e+02 5.6118902588e+02 5.6121697998e+02 5.6124700928e+02 5.6138897705e+02
5.6098999023e+02 5.6104302979e+02 5.6109802246e+02 5.6115698242e+02 5.6121697998e+02 5.6127301025e+02 5.6133099365e+02 5.6138897705e+02 5.6144299316e+02 5.6148999023e+02 5.6153100586e+02 5.6156597900e+02 5.6159002686e+02 5.6160400391e+02 5.6161901855e+02 5.6163098145e+02 5.6164697266e+02 5.6165899658e+02 5.6165100098e+02 5.6162799072e+02 5.6155798340e+02 5.6146301270e+02 5.6140698242e+02 5.6137500000e+02 5.6136102295e+02 5.6139801025e+02 5.6142797852e+02 5.6143902588e+02 5.6141998291e+02 5.6139202881e+02 5.6134997559e+02 5.6128497314e+02 5.6122100830e+02 5.6107299805e+02 5.6097998047e+02 5.6092297363e+02 5.6087799072e+02 5.6090399170e+02 5.6094299316e+02 5.6097900391e+02 5.6101702881e+02 5.6106201172e+02 5.6109399414e+02 5.6112298584e+02 5.6112902832e+02 5.6123999023e+02
5.6093298340e+02 5.6098400879e+02 5.6104400635e+02 5.6110699463e+02 5.6117401123e+02 5.6124200439e+02 5.6130902100e+02 5.6137597656e+02 5.6144097900e+02 5.6149499512e+02 5.6154101563e+02 5.6158001709e+02 5.6160998535e+02 5.6163000488e+02 5.6165002441e+02 5.6166699219e+02 5.6168798828e+02 5.6170800781e+02 5.6170800781e+02 5.6169201660e+02 5.6163299561e+02 5.6154699707e+02 5.6149102783e+02 5.6145397949e+02 5.6144500732e+02 5.6156896973e+02 5.6158599854e+02 5.6152502441e+02 5.6145098877e+02 5.6135601807e+02 5.6128802490e+02 5.6128399658e+02 5.6118402100e+02 5.6090600586e+02 5.6077001953e+02 5.6074200439e+02 5.6075598145e+02 5.6079998779e+02 5.6082299805e+02 5.6084002686e+02 5.6086602783e+02 5.6090997314e+02 5.6095300293e+02 5.6098999023e+02 5.6100097656e+02 5.6108697510e+02
5.6088397217e+02 5.6091198730e+02 5.6096997070e+02 5.6104101563e+02 5.6111199951e+02 5.6119702148e+02 5.6127600098e+02 5.6135400391e+02 5.6143798828e+02 5.6150598145e+02 5.6155798340e+02 5.6159899902e+02 5.6163098145e+02 5.6166302490e+02 5.6168902588e+02 5.6171099854e+02 5.6173901367e+02 5.6175701904e+02 5.6176599121e+02 5.6176300049e+02 5.6179797363e+02 5.6169097900e+02 5.6160900879e+02 5.6157202148e+02 5.6162597656e+02 5.6180297852e+02 5.6173901367e+02 5.6157702637e+02 5.6147998047e+02 5.6129199219e+02 5.6117401123e+02 5.6118499756e+02 5.6112097168e+02 5.6085101318e+02 5.6061999512e+02 5.6056799316e+02 5.6061999512e+02 5.6066601563e+02 5.6069299316e+02 5.6071600342e+02 5.6073602295e+02 5.6078002930e+02 5.6081402588e+02 5.6084698486e+02 5.6087597656e+02 5.6093499756e+02
5.6078997803e+02 5.6083300781e+02 5.6089300537e+02 5.6097302246e+02 5.6106097412e+02 5.6114300537e+02 5.6123498535e+02 5.6132897949e+02 5.6143298340e+02 5.6151599121e+02 5.6157501221e+02 5.6161999512e+02 5.6166101074e+02 5.6170501709e+02 5.6173297119e+02 5.6175402832e+02 5.6177801514e+02 5.6180401611e+02 5.6181701660e+02 5.6182501221e+02 5.6184301758e+02 5.6180798340e+02 5.6176898193e+02 5.6178002930e+02 5.6181500244e+02 5.6192901611e+02 5.6188201904e+02 5.6172100830e+02 5.6150201416e+02 5.6134197998e+02 5.6109100342e+02 5.6097399902e+02 5.6098498535e+02 5.6086102295e+02 5.6060302734e+02 5.6044598389e+02 5.6046002197e+02 5.6051599121e+02 5.6054400635e+02 5.6056597900e+02 5.6060101318e+02 5.6065301514e+02 5.6068298340e+02 5.6071197510e+02 5.6074798584e+02 5.6079797363e+02
5.6070599365e+02 5.6076599121e+02 5.6083502197e+02 5.6092498779e+02 5.6102099609e+02 5.6111401367e+02 5.6121997070e+02 5.6132800293e+02 5.6144500732e+02 5.6153497314e+02 5.6159997559e+02 5.6165100098e+02 5.6169897461e+02 5.6174597168e+02 5.6177197266e+02 5.6178997803e+02 5.6181298828e+02 5.6183697510e+02 5.6184497070e+02 5.6184997559e+02 5.6184899902e+02 5.6185900879e+02 5.6188800049e+02 5.6190997314e+02 5.6188299561e+02 5.6182702637e+02 5.6166998291e+02 5.6143402100e+02 5.6108599854e+02 5.6110198975e+02 5.6100299072e+02 5.6082800293e+02 5.6077502441e+02 5.6082397461e+02 5.6066699219e+02 5.6044201660e+02 5.6033300781e+02 5.6034301758e+02 5.6038299561e+02 5.6042999268e+02 5.6048699951e+02 5.6053997803e+02 5.6055200195e+02 5.6057299805e+02 5.6061401367e+02 5.6065502930e+02
5.6063702393e+02 5.6069702148e+02 5.6077600098e+02 5.6087902832e+02 5.6099298096e+02 5.6110601807e+02 5.6122802734e+02 5.6135101318e+02 5.6147698975e+02 5.6157000732e+02 5.6164202881e+02 5.6169598389e+02 5.6174401855e+02 5.6178601074e+02 5.6180999756e+02 5.6182397461e+02 5.6183898926e+02 5.6184997559e+02 5.6185101318e+02 5.6185101318e+02 5.6184600830e+02 5.6187799072e+02 5.6189300537e+02 5.6181500244e+02 5.6162402344e+02 5.6118499756e+02 5.6091302490e+02 5.6077301025e+02 5.6058300781e+02 5.6064801025e+02 5.6073297119e+02 5.6066802979e+02 5.6061798096e+02 5.6078997803e+02 5.6071502686e+02 5.6046600342e+02 5.6027600098e+02 5.6021801758e+02 5.6025598145e+02 5.6032202148e+02 5.6037402344e+02 5.6043103027e+02 5.6043402100e+02 5.6044000244e+02 5.6047698975e+02 5.6051098633e+02
