TESTSERVER/10/15.asc
NCOLS 100
NROWS 100
XLLCORNER 7.9997500000e+03
YLLCORNER 2.8920025000e+05
CELLSIZE 5.0000000000e-01
NODATA_VALUE -9.9990000000e+03
[rows 0 to 19 of 100, columns 0 to 45 of 100]
5.5891400146e+02 5.5891900635e+02 5.5891302490e+02 5.5889202881e+02 5.5888201904e+02 5.5887701416e+02 5.5884698486e+02 5.5886102295e+02 5.5891802979e+02 5.5892401123e+02 5.5892498779e+02 5.5891802979e+02 5.5892700195e+02 5.5888800049e+02 5.5886999512e+02 5.5887097168e+02 5.5884899902e+02 5.5882800293e+02 5.5881298828e+02 5.5884002686e+02 5.5886401367e+02 5.5884399414e+02 5.5882800293e+02 5.5881597900e+02 5.5880297852e+02 5.5879998779e+02 5.5879400635e+02 5.5877899170e+02 5.5879498291e+02 5.5885302734e+02 5.5888800049e+02 5.5889697266e+02 5.5886999512e+02 5.5891900635e+02 5.5889898682e+02 5.5886700439e+02 5.5886199951e+02 5.5884802246e+02 5.5882202148e+02 5.5878002930e+02 5.5870397949e+02 5.5863500977e+02 5.5857098389e+02 5.5850598145e+02 5.5843402100e+02 5.5836798096e+02
5.5889398193e+02 5.5889801025e+02 5.5888500977e+02 5.5887500000e+02 5.5886798096e+02 5.5883801270e+02 5.5880401611e+02 5.5880902100e+02 5.5884698486e+02 5.5886999512e+02 5.5887902832e+02 5.5886602783e+02 5.5887200928e+02 5.5886102295e+02 5.5884899902e+02 5.5884997559e+02 5.5882501221e+02 5.5881701660e+02 5.5879901123e+02 5.5881799316e+02 5.5884899902e+02 5.5883599854e+02 5.5881701660e+02 5.5880603027e+02 5.5881298828e+02 5.5882397461e+02 5.5884301758e+02 5.5887597656e+02 5.5887402344e+02 5.5888299561e+02 5.5888397217e+02 5.5886798096e+02 5.5886297607e+02 5.5888201904e+02 5.5888000488e+02 5.5886999512e+02 5.5884100342e+02 5.5880200195e+02 5.5876501465e+02 5.5872302246e+02 5.5865899658e+02 5.5858502197e+02 5.5852502441e+02 5.5846301270e+02 5.5839398193e+02 5.5833300781e+02
5.5884497070e+02 5.5886901855e+02 5.5886199951e+02 5.5884997559e+02 5.5883898926e+02 5.5881896973e+02 5.5879699707e+02 5.5878100586e+02 5.5877697754e+02 5.5881896973e+02 5.5884497070e+02 5.5883300781e+02 5.5884301758e+02 5.5883398438e+02 5.5882800293e+02 5.5882202148e+02 5.5879101563e+02 5.5879199219e+02 5.5878497314e+02 5.5879101563e+02 5.5881799316e+02 5.5883898926e+02 5.5884100342e+02 5.5884197998e+02 5.5886901855e+02 5.5888397217e+02 5.5889001465e+02 5.5890301514e+02 5.5887402344e+02 5.5885198975e+02 5.5884100342e+02 5.5883197021e+02 5.5884301758e+02 5.5885699463e+02 5.5885302734e+02 5.5883801270e+02 5.5880102539e+02 5.5875701904e+02 5.5871697998e+02 5.5867102051e+02 5.5860601807e+02 5.5853698730e+02 5.5847802734e+02 5.5841802979e+02 5.5835198975e+02 5.5829400635e+02
5.5879699707e+02 5.5882397461e+02 5.5882202148e+02 5.5881500244e+02 5.5880999756e+02 5.5880700684e+02 5.5879302979e+02 5.5877301025e+02 5.5875299072e+02 5.5878002930e+02 5.5880700684e+02 5.5880999756e+02 5.5883300781e+02 5.5880999756e+02 5.5879199219e+02 5.5878997803e+02 5.5876098633e+02 5.5875701904e+02 5.5876300049e+02 5.5877197266e+02 5.5878802490e+02 5.5883300781e+02 5.5886297607e+02 5.5886798096e+02 5.5888098145e+02 5.5888500977e+02 5.5887701416e+02 5.5886798096e+02 5.5884301758e+02 5.5881896973e+02 5.5880999756e+02 5.5881597900e+02 5.5882702637e+02 5.5881896973e+02 5.5880999756e+02 5.5878900146e+02 5.5874798584e+02 5.5870300293e+02 5.5865899658e+02 5.5860998535e+02 5.5854797363e+02 5.5848498535e+02 5.5842797852e+02 5.5836999512e+02 5.5830700684e+02 5.5825201416e+02
5.5877600098e+02 5.5877502441e+02 5.5877899170e+02 5.5879302979e+02 5.5879498291e+02 5.5878601074e+02 5.5877301025e+02 5.5877099609e+02 5.5876599121e+02 5.5874200439e+02 5.5875402832e+02 5.5876000977e+02 5.5879101563e+02 5.5876397705e+02 5.5875897217e+02 5.5877099609e+02 5.5875000000e+02 5.5872601318e+02 5.5871002197e+02 5.5871801758e+02 5.5875402832e+02 5.5879400635e+02 5.5881701660e+02 5.5881298828e+02 5.5880999756e+02 5.5883099365e+02 5.5883697510e+02 5.5883801270e+02 5.5884100342e+02 5.5882202148e+02 5.5881701660e+02 5.5881896973e+02 5.5880798340e+02 5.5878198242e+02 5.5875897217e+02 5.5872698975e+02 5.5867797852e+02 5.5863702393e+02 5.5858801270e+02 5.5853601074e+02 5.5847198486e+02 5.5842498779e+02 5.5837298584e+02 5.5832202148e+02 5.5826599121e+02 5.5820697021e+02
5.5879400635e+02 5.5876098633e+02 5.5875097656e+02 5.5877197266e+02 5.5878100586e+02 5.5877600098e+02 5.5876397705e+02 5.5875000000e+02 5.5875598145e+02 5.5871697998e+02 5.5871697998e+02 5.5872198486e+02 5.5874798584e+02 5.5874798584e+02 5.5874298096e+02 5.5874499512e+02 5.5872601318e+02 5.5870697021e+02 5.5868701172e+02 5.5867498779e+02 5.5867102051e+02 5.5868798828e+02 5.5872100830e+02 5.5873901367e+02 5.5875598145e+02 5.5878601074e+02 5.5880499268e+02 5.5881298828e+02 5.5880700684e+02 5.5879199219e+02 5.5878302002e+02 5.5877197266e+02 5.5875897217e+02 5.5873797607e+02 5.5870800781e+02 5.5867199707e+02 5.5862402344e+02 5.5857299805e+02 5.5852398682e+02 5.5847198486e+02 5.5841400146e+02 5.5835797119e+02 5.5830798340e+02 5.5826202393e+02 5.5820898438e+02 5.5815502930e+02
5.5882800293e+02 5.5877502441e+02 5.5874597168e+02 5.5873999023e+02 5.5875402832e+02 5.5875402832e+02 5.5873400879e+02 5.5871600342e+02 5.5873699951e+02 5.5869702148e+02 5.5867901611e+02 5.5868103027e+02 5.5869897461e+02 5.5870697021e+02 5.5871197510e+02 5.5871002197e+02 5.5869000244e+02 5.5867901611e+02 5.5866497803e+02 5.5865197754e+02 5.5862298584e+02 5.5862500000e+02 5.5865997314e+02 5.5868701172e+02 5.5871502686e+02 5.5875000000e+02 5.5877099609e+02 5.5877697754e+02 5.5876300049e+02 5.5874499512e+02 5.5873400879e+02 5.5872100830e+02 5.5870501709e+02 5.5868200684e+02 5.5865301514e+02 5.5861700439e+02 5.5856799316e+02 5.5851599121e+02 5.5846899414e+02 5.5841802979e+02 5.5835797119e+02 5.5829901123e+02 5.5824798584e+02 5.5820098877e+02 5.5815197754e+02 5.5810498047e+02
5.5886297607e+02 5.5881201172e+02 5.5876300049e+02 5.5872802734e+02 5.5873101807e+02 5.5872802734e+02 5.5869396973e+02 5.5867297363e+02 5.5869897461e+02 5.5867700195e+02 5.5864801025e+02 5.5864202881e+02 5.5865002441e+02 5.5865502930e+02 5.5868798828e+02 5.5869201660e+02 5.5866497803e+02 5.5865002441e+02 5.5863299561e+02 5.5862500000e+02 5.5859600830e+02 5.5858099365e+02 5.5860498047e+02 5.5863800049e+02 5.5868200684e+02 5.5871899414e+02 5.5873498535e+02 5.5873400879e+02 5.5871099854e+02 5.5869000244e+02 5.5867700195e+02 5.5866198730e+02 5.5864501953e+02 5.5862298584e+02 5.5859399414e+02 5.5855798340e+02 5.5851098633e+02 5.5846099854e+02 5.5841400146e+02 5.5836401367e+02 5.5830401611e+02 5.5824200439e+02 5.5819000244e+02 5.5814099121e+02 5.5809600830e+02 5.5805603027e+02
5.5886901855e+02 5.5883398438e+02 5.5876300049e+02 5.5870800781e+02 5.5870202637e+02 5.5871502686e+02 5.5869201660e+02 5.5865600586e+02 5.5866101074e+02 5.5864398193e+02 5.5861700439e+02 5.5860900879e+02 5.5863201904e+02 5.5861999512e+02 5.5864898682e+02 5.5866497803e+02 5.5864398193e+02 5.5863000488e+02 5.5860498047e+02 5.5859002686e+02 5.5857598877e+02 5.5854602051e+02 5.5854699707e+02 5.5859197998e+02 5.5866302490e+02 5.5867700195e+02 5.5867797852e+02 5.5866699219e+02 5.5863397217e+02 5.5862200928e+02 5.5860699463e+02 5.5859002686e+02 5.5856701660e+02 5.5855499268e+02 5.5852801514e+02 5.5849700928e+02 5.5845800781e+02 5.5840899658e+02 5.5836602783e+02 5.5832000732e+02 5.5827001953e+02 5.5819598389e+02 5.5814001465e+02 5.5808599854e+02 5.5802398682e+02 5.5799700928e+02
5.5883599854e+02 5.5882202148e+02 5.5874700928e+02 5.5867602539e+02 5.5865197754e+02 5.5867999268e+02 5.5869396973e+02 5.5865600586e+02 5.5860101318e+02 5.5860699463e+02 5.5860498047e+02 5.5858898926e+02 5.5858697510e+02 5.5855297852e+02 5.5856500244e+02 5.5861798096e+02 5.5860998535e+02 5.5859600830e+02 5.5858099365e+02 5.5856701660e+02 5.5854901123e+02 5.5851501465e+02 5.5851098633e+02 5.5857800293e+02 5.5863299561e+02 5.5861401367e+02 5.5860198975e+02 5.5858599854e+02 5.5857000732e+02 5.5855700684e+02 5.5854199219e+02 5.5852600098e+02 5.5850897217e+02 5.5848797607e+02 5.5846301270e+02 5.5843597412e+02 5.5840197754e+02 5.5835998535e+02 5.5832098389e+02 5.5828100586e+02 5.5822497559e+02 5.5815802002e+02 5.5809899902e+02 5.5803900146e+02 5.5797100830e+02 5.5794396973e+02
5.5879498291e+02 5.5879199219e+02 5.5873699951e+02 5.5866198730e+02 5.5863098145e+02 5.5865100098e+02 5.5866198730e+02 5.5864099121e+02 5.5860198975e+02 5.5860400391e+02 5.5859698486e+02 5.5857299805e+02 5.5856201172e+02 5.5853601074e+02 5.5852001953e+02 5.5856500244e+02 5.5857800293e+02 5.5856701660e+02 5.5856097412e+02 5.5854602051e+02 5.5851300049e+02 5.5848199463e+02 5.5848101807e+02 5.5854797363e+02 5.5858697510e+02 5.5855798340e+02 5.5854302979e+02 5.5852502441e+02 5.5851300049e+02 5.5850299072e+02 5.5848901367e+02 5.5847302246e+02 5.5845501709e+02 5.5843103027e+02 5.5840502930e+02 5.5837799072e+02 5.5834802246e+02 5.5831097412e+02 5.5827301025e+02 5.5823297119e+02 5.5818200684e+02 5.5811798096e+02 5.5805902100e+02 5.5799700928e+02 5.5792999268e+02 5.5791400146e+02
5.5875000000e+02 5.5874798584e+02 5.5872698975e+02 5.5866900635e+02 5.5863000488e+02 5.5862298584e+02 5.5862402344e+02 5.5862799072e+02 5.5861999512e+02 5.5859301758e+02 5.5857397461e+02 5.5854797363e+02 5.5853002930e+02 5.5851202393e+02 5.5847900391e+02 5.5850701904e+02 5.5854101563e+02 5.5853997803e+02 5.5853802490e+02 5.5852099609e+02 5.5847601318e+02 5.5845599365e+02 5.5843798828e+02 5.5847198486e+02 5.5851800537e+02 5.5850299072e+02 5.5848999023e+02 5.5847497559e+02 5.5846502686e+02 5.5845599365e+02 5.5844097900e+02 5.5842401123e+02 5.5840399170e+02 5.5837799072e+02 5.5835198975e+02 5.5832501221e+02 5.5829699707e+02 5.5826300049e+02 5.5822601318e+02 5.5818701172e+02 5.5814099121e+02 5.5808300781e+02 5.5802398682e+02 5.5796197510e+02 5.5789801025e+02 5.5789300537e+02
5.5872198486e+02 5.5872900391e+02 5.5872601318e+02 5.5868298340e+02 5.5862701416e+02 5.5859301758e+02 5.5858398438e+02 5.5859802246e+02 5.5857397461e+02 5.5857000732e+02 5.5855102539e+02 5.5853302002e+02 5.5851599121e+02 5.5849298096e+02 5.5846197510e+02 5.5846002197e+02 5.5848602295e+02 5.5849499512e+02 5.5849798584e+02 5.5848797607e+02 5.5844897461e+02 5.5844000244e+02 5.5840600586e+02 5.5839697266e+02 5.5844702148e+02 5.5845202637e+02 5.5844598389e+02 5.5843499756e+02 5.5842999268e+02 5.5841601563e+02 5.5839801025e+02 5.5837799072e+02 5.5836102295e+02 5.5833398438e+02 5.5830700684e+02 5.5827801514e+02 5.5824597168e+02 5.5821398926e+02 5.5817797852e+02 5.5814099121e+02 5.5810400391e+02 5.5805200195e+02 5.5799700928e+02 5.5794000244e+02 5.5789501953e+02 5.5787799072e+02
5.5867199707e+02 5.5869201660e+02 5.5869299316e+02 5.5866601563e+02 5.5862701416e+02 5.5859100342e+02 5.5857397461e+02 5.5857202148e+02 5.5855700684e+02 5.5854302979e+02 5.5852301025e+02 5.5852001953e+02 5.5851300049e+02 5.5848400879e+02 5.5844598389e+02 5.5841400146e+02 5.5842901611e+02 5.5846600342e+02 5.5846398926e+02 5.5845599365e+02 5.5842199707e+02 5.5841497803e+02 5.5839099121e+02 5.5836199951e+02 5.5837902832e+02 5.5840002441e+02 5.5840698242e+02 5.5840502930e+02 5.5840197754e+02 5.5838397217e+02 5.5835998535e+02 5.5833502197e+02 5.5831597900e+02 5.5829302979e+02 5.5826397705e+02 5.5823400879e+02 5.5819897461e+02 5.5816601563e+02 5.5813299561e+02 5.5809698486e+02 5.5805798340e+02 5.5801202393e+02 5.5796502686e+02 5.5791699219e+02 5.5787200928e+02 5.5785699463e+02
5.5863702393e+02 5.5865399170e+02 5.5865600586e+02 5.5865301514e+02 5.5864801025e+02 5.5859497070e+02 5.5855902100e+02 5.5853900146e+02 5.5852697754e+02 5.5851397705e+02 5.5849597168e+02 5.5848699951e+02 5.5847497559e+02 5.5846099854e+02 5.5842901611e+02 5.5838201904e+02 5.5835998535e+02 5.5841601563e+02 5.5843103027e+02 5.5842297363e+02 5.5839501953e+02 5.5837902832e+02 5.5836199951e+02 5.5833697510e+02 5.5832098389e+02 5.5833898926e+02 5.5835498047e+02 5.5836999512e+02 5.5837597656e+02 5.5835198975e+02 5.5832299805e+02 5.5829400635e+02 5.5827001953e+02 5.5824597168e+02 5.5821801758e+02 5.5818701172e+02 5.5815301514e+02 5.5812097168e+02 5.5808801270e+02 5.5805297852e+02 5.5801300049e+02 5.5797100830e+02 5.5792999268e+02 5.5788800049e+02 5.5785198975e+02 5.5784899902e+02
5.5862200928e+02 5.5863800049e+02 5.5863500977e+02 5.5863702393e+02 5.5865600586e+02 5.5860302734e+02 5.5855999756e+02 5.5853302002e+02 5.5851000977e+02 5.5849298096e+02 5.5847497559e+02 5.5846398926e+02 5.5844201660e+02 5.5844097900e+02 5.5842102051e+02 5.5839001465e+02 5.5833001709e+02 5.5836199951e+02 5.5839099121e+02 5.5838500977e+02 5.5837097168e+02 5.5834698486e+02 5.5833001709e+02 5.5830798340e+02 5.5827600098e+02 5.5828198242e+02 5.5830798340e+02 5.5833801270e+02 5.5835198975e+02 5.5832000732e+02 5.5828497314e+02 5.5825201416e+02 5.5822399902e+02 5.5820001221e+02 5.5817102051e+02 5.5814001465e+02 5.5810797119e+02 5.5807897949e+02 5.5804602051e+02 5.5801202393e+02 5.5797302246e+02 5.5793597412e+02 5.5790100098e+02 5.5786499023e+02 5.5782702637e+02 5.5783197021e+02
5.5861499023e+02 5.5862597656e+02 5.5862500000e+02 5.5862402344e+02 5.5864300537e+02 5.5862298584e+02 5.5858197021e+02 5.5853900146e+02 5.5850097656e+02 5.5846398926e+02 5.5844396973e+02 5.5844097900e+02 5.5842700195e+02 5.5842401123e+02 5.5840600586e+02 5.5838800049e+02 5.5833398438e+02 5.5832000732e+02 5.5834899902e+02 5.5835302734e+02 5.5832897949e+02 5.5832000732e+02 5.5830102539e+02 5.5826898193e+02 5.5824597168e+02 5.5823498535e+02 5.5826898193e+02 5.5832598877e+02 5.5834002686e+02 5.5828198242e+02 5.5823297119e+02 5.5819201660e+02 5.5816302490e+02 5.5814898682e+02 5.5812298584e+02 5.5809600830e+02 5.5806896973e+02 5.5803601074e+02 5.5800598145e+02 5.5797399902e+02 5.5794299316e+02 5.5791198730e+02 5.5788201904e+02 5.5784899902e+02 5.5781597900e+02 5.5780798340e+02
5.5862097168e+02 5.5864697266e+02 5.5863897705e+02 5.5861798096e+02 5.5861602783e+02 5.5861499023e+02 5.5858398438e+02 5.5853002930e+02 5.5849298096e+02 5.5845898438e+02 5.5842700195e+02 5.5840502930e+02 5.5839099121e+02 5.5839202881e+02 5.5839202881e+02 5.5838397217e+02 5.5833697510e+02 5.5828698730e+02 5.5829498291e+02 5.5832598877e+02 5.5830798340e+02 5.5829699707e+02 5.5827801514e+02 5.5824200439e+02 5.5821997070e+02 5.5820397949e+02 5.5821197510e+02 5.5830102539e+02 5.5832598877e+02 5.5825799561e+02 5.5819000244e+02 5.5813500977e+02 5.5811602783e+02 5.5809802246e+02 5.5807397461e+02 5.5805200195e+02 5.5803002930e+02 5.5800299072e+02 5.5797698975e+02 5.5795098877e+02 5.5792602539e+02 5.5790502930e+02 5.5787799072e+02 5.5784899902e+02 5.5781597900e+02 5.5780401611e+02
5.5861297607e+02 5.5865197754e+02 5.5864300537e+02 5.5861499023e+02 5.5861297607e+02 5.5861199951e+02 5.5858502197e+02 5.5852899170e+02 5.5847302246e+02 5.5844201660e+02 5.5840997314e+02 5.5838098145e+02 5.5836401367e+02 5.5837500000e+02 5.5837701416e+02 5.5836401367e+02 5.5831097412e+02 5.5826202393e+02 5.5824298096e+02 5.5827801514e+02 5.5827899170e+02 5.5827001953e+02 5.5825201416e+02 5.5821801758e+02 5.5819396973e+02 5.5816699219e+02 5.5814599609e+02 5.5823699951e+02 5.5831500244e+02 5.5823901367e+02 5.5816497803e+02 5.5809899902e+02 5.5807000732e+02 5.5805297852e+02 5.5803100586e+02 5.5801000977e+02 5.5799499512e+02 5.5797497559e+02 5.5795098877e+02 5.5792797852e+02 5.5790899658e+02 5.5789099121e+02 5.5786700439e+02 5.5784301758e+02 5.5781500244e+02 5.5779901123e+02
5.5858197021e+02 5.5862597656e+02 5.5862597656e+02 5.5860900879e+02 5.5861602783e+02 5.5859100342e+02 5.5858001709e+02 5.5854199219e+02 5.5845599365e+02 5.5842498779e+02 5.5839599609e+02 5.5835101318e+02 5.5832702637e+02 5.5834899902e+02 5.5834197998e+02 5.5832098389e+02 5.5828198242e+02 5.5825000000e+02 5.5819897461e+02 5.5821697998e+02 5.5824102783e+02 5.5822802734e+02 5.5821600342e+02 5.5819299316e+02 5.5816998291e+02 5.5814697266e+02 5.5811499023e+02 5.5817999268e+02 5.5829498291e+02 5.5821600342e+02 5.5814099121e+02 5.5806597900e+02 5.5802697754e+02 5.5801397705e+02 5.5799298096e+02 5.5797399902e+02 5.5796197510e+02 5.5794702148e+02 5.5792602539e+02 5.5790600586e+02 5.5788897705e+02 5.5787200928e+02 5.5785198975e+02 5.5783197021e+02 5.5781097412e+02 5.5779602051e+02
