TESTSERVER/10/15.asc
NCOLS 100
NROWS 100
XLLCORNER 7.9997500000e+03
YLLCORNER 2.8920025000e+05
CELLSIZE 5.0000000000e-01
NODATA_VALUE -9.9990000000e+03
[rows 40 to 59 of 100, columns 46 to 91 of 100]
5.5743701172e+02 5.5745300293e+02 5.5747198486e+02 5.5750701904e+02 5.5753100586e+02 5.5750500488e+02 5.5740997314e+02 5.5735498047e+02 5.5734100342e+02 5.5732800293e+02 5.5729901123e+02 5.5725201416e+02 5.5721099854e+02 5.5717901611e+02 5.5715698242e+02 5.5714801025e+02 5.5714001465e+02 5.5714398193e+02 5.5715899658e+02 5.5712902832e+02 5.5707598877e+02 5.5702197266e+02 5.5697302246e+02 5.5695098877e+02 5.5692102051e+02 5.5689501953e+02 5.5687097168e+02 5.5682202148e+02 5.5680700684e+02 5.5680297852e+02 5.5679400635e+02 5.5678900146e+02 5.5677801514e+02 5.5675201416e+02 5.5672198486e+02 5.5671801758e+02 5.5671002197e+02 5.5669396973e+02 5.5668402100e+02 5.5666601563e+02 5.5664599609e+02 5.5663000488e+02 5.5662902832e+02 5.5662402344e+02 5.5661401367e+02 5.5659399414e+02
5.5733001709e+02 5.5733099365e+02 5.5734197998e+02 5.5736700439e+02 5.5739801025e+02 5.5739599609e+02 5.5733898926e+02 5.5728601074e+02 5.5728302002e+02 5.5728302002e+02 5.5725598145e+02 5.5721502686e+02 5.5717901611e+02 5.5715002441e+02 5.5713299561e+02 5.5712298584e+02 5.5712799072e+02 5.5714300537e+02 5.5715997314e+02 5.5715899658e+02 5.5712200928e+02 5.5706500244e+02 5.5700402832e+02 5.5695599365e+02 5.5691497803e+02 5.5688299561e+02 5.5685797119e+02 5.5684301758e+02 5.5683502197e+02 5.5681701660e+02 5.5678698730e+02 5.5677600098e+02 5.5676599121e+02 5.5673999023e+02 5.5671502686e+02 5.5671301270e+02 5.5670001221e+02 5.5667999268e+02 5.5666101074e+02 5.5665197754e+02 5.5663500977e+02 5.5661499023e+02 5.5661199951e+02 5.5660699463e+02 5.5659197998e+02 5.5658197021e+02
5.5727099609e+02 5.5725701904e+02 5.5724597168e+02 5.5724499512e+02 5.5724499512e+02 5.5723199463e+02 5.5721197510e+02 5.5718298340e+02 5.5718402100e+02 5.5719000244e+02 5.5717999268e+02 5.5715301514e+02 5.5712298584e+02 5.5709997559e+02 5.5708801270e+02 5.5707598877e+02 5.5708300781e+02 5.5710101318e+02 5.5712597656e+02 5.5713702393e+02 5.5711401367e+02 5.5707000732e+02 5.5701300049e+02 5.5696002197e+02 5.5691601563e+02 5.5688098145e+02 5.5685797119e+02 5.5686401367e+02 5.5685797119e+02 5.5683099365e+02 5.5679199219e+02 5.5677502441e+02 5.5675799561e+02 5.5673199463e+02 5.5670898438e+02 5.5669799805e+02 5.5668298340e+02 5.5666802979e+02 5.5665100098e+02 5.5664001465e+02 5.5662701416e+02 5.5660601807e+02 5.5659399414e+02 5.5658697510e+02 5.5657598877e+02 5.5657397461e+02
5.5724298096e+02 5.5721801758e+02 5.5719500732e+02 5.5717700195e+02 5.5715399170e+02 5.5712799072e+02 5.5711499023e+02 5.5709399414e+02 5.5709002686e+02 5.5709399414e+02 5.5709301758e+02 5.5707598877e+02 5.5704699707e+02 5.5702697754e+02 5.5702197266e+02 5.5701098633e+02 5.5701501465e+02 5.5702801514e+02 5.5704901123e+02 5.5706298828e+02 5.5705401611e+02 5.5702697754e+02 5.5698602295e+02 5.5693798828e+02 5.5690002441e+02 5.5687200928e+02 5.5685900879e+02 5.5686999512e+02 5.5686102295e+02 5.5683197021e+02 5.5679998779e+02 5.5678002930e+02 5.5676000977e+02 5.5673400879e+02 5.5670898438e+02 5.5668798828e+02 5.5667102051e+02 5.5665698242e+02 5.5664099121e+02 5.5662597656e+02 5.5661602783e+02 5.5659399414e+02 5.5658300781e+02 5.5657598877e+02 5.5656097412e+02 5.5655798340e+02
5.5722399902e+02 5.5719598389e+02 5.5715997314e+02 5.5714300537e+02 5.5712799072e+02 5.5711401367e+02 5.5709100342e+02 5.5705999756e+02 5.5704498291e+02 5.5703601074e+02 5.5702697754e+02 5.5700402832e+02 5.5697198486e+02 5.5693798828e+02 5.5690997314e+02 5.5693597412e+02 5.5693499756e+02 5.5693200684e+02 5.5691302490e+02 5.5692498779e+02 5.5692297363e+02 5.5691998291e+02 5.5689801025e+02 5.5688201904e+02 5.5685699463e+02 5.5684100342e+02 5.5684497070e+02 5.5684698486e+02 5.5683398438e+02 5.5681701660e+02 5.5679101563e+02 5.5676800537e+02 5.5674200439e+02 5.5671801758e+02 5.5670800781e+02 5.5669500732e+02 5.5667602539e+02 5.5665802002e+02 5.5663299561e+02 5.5661499023e+02 5.5660101318e+02 5.5658001709e+02 5.5657000732e+02 5.5656201172e+02 5.5654699707e+02 5.5654302979e+02
5.5720697021e+02 5.5718499756e+02 5.5716400146e+02 5.5713299561e+02 5.5711499023e+02 5.5709899902e+02 5.5706402588e+02 5.5704199219e+02 5.5702197266e+02 5.5700201416e+02 5.5698498535e+02 5.5697399902e+02 5.5694799805e+02 5.5690502930e+02 5.5688201904e+02 5.5689202881e+02 5.5688500977e+02 5.5686401367e+02 5.5683398438e+02 5.5681500244e+02 5.5680902100e+02 5.5681201172e+02 5.5681500244e+02 5.5680200195e+02 5.5678497314e+02 5.5677801514e+02 5.5678198242e+02 5.5677801514e+02 5.5677600098e+02 5.5677001953e+02 5.5676000977e+02 5.5675799561e+02 5.5673101807e+02 5.5670300293e+02 5.5669396973e+02 5.5667999268e+02 5.5665301514e+02 5.5663299561e+02 5.5660998535e+02 5.5660302734e+02 5.5659100342e+02 5.5657299805e+02 5.5655700684e+02 5.5653900146e+02 5.5652899170e+02 5.5653002930e+02
5.5720098877e+02 5.5717797852e+02 5.5716400146e+02 5.5713299561e+02 5.5711700439e+02 5.5709399414e+02 5.5704998779e+02 5.5703802490e+02 5.5701599121e+02 5.5699200439e+02 5.5696600342e+02 5.5695599365e+02 5.5693798828e+02 5.5690600586e+02 5.5688000488e+02 5.5687597656e+02 5.5685998535e+02 5.5683197021e+02 5.5679302979e+02 5.5676202393e+02 5.5675000000e+02 5.5674902344e+02 5.5674798584e+02 5.5672900391e+02 5.5671301270e+02 5.5670898438e+02 5.5671002197e+02 5.5669702148e+02 5.5669299316e+02 5.5668798828e+02 5.5668402100e+02 5.5669000244e+02 5.5667102051e+02 5.5664697266e+02 5.5664001465e+02 5.5664099121e+02 5.5662701416e+02 5.5661798096e+02 5.5660797119e+02 5.5659698486e+02 5.5657702637e+02 5.5655999756e+02 5.5655102539e+02 5.5652398682e+02 5.5650799561e+02 5.5651202393e+02
5.5719799805e+02 5.5717297363e+02 5.5715802002e+02 5.5713201904e+02 5.5711199951e+02 5.5708697510e+02 5.5705200195e+02 5.5703601074e+02 5.5700500488e+02 5.5698297119e+02 5.5695898438e+02 5.5694000244e+02 5.5692401123e+02 5.5690301514e+02 5.5688299561e+02 5.5686700439e+02 5.5684600830e+02 5.5681896973e+02 5.5678399658e+02 5.5674700928e+02 5.5672698975e+02 5.5671899414e+02 5.5671197510e+02 5.5668902588e+02 5.5666998291e+02 5.5666198730e+02 5.5665899658e+02 5.5663598633e+02 5.5662200928e+02 5.5661102295e+02 5.5659600830e+02 5.5659399414e+02 5.5658398438e+02 5.5656597900e+02 5.5655999756e+02 5.5656402588e+02 5.5656500244e+02 5.5657501221e+02 5.5658502197e+02 5.5657501221e+02 5.5654998779e+02 5.5653802490e+02 5.5654498291e+02 5.5652301025e+02 5.5649597168e+02 5.5648901367e+02
5.5720098877e+02 5.5716497803e+02 5.5712500000e+02 5.5712097168e+02 5.5709698486e+02 5.5707299805e+02 5.5705700684e+02 5.5702301025e+02 5.5699401855e+02 5.5697601318e+02 5.5695800781e+02 5.5692797852e+02 5.5690802002e+02 5.5689300537e+02 5.5687799072e+02 5.5685302734e+02 5.5683099365e+02 5.5681500244e+02 5.5679199219e+02 5.5675598145e+02 5.5673199463e+02 5.5671697998e+02 5.5671002197e+02 5.5668701172e+02 5.5666601563e+02 5.5664801025e+02 5.5664501953e+02 5.5661102295e+02 5.5659002686e+02 5.5657897949e+02 5.5654901123e+02 5.5653802490e+02 5.5653100586e+02 5.5651202393e+02 5.5650097656e+02 5.5648400879e+02 5.5647198486e+02 5.5646502686e+02 5.5646398926e+02 5.5646801758e+02 5.5645599365e+02 5.5645800781e+02 5.5647802734e+02 5.5647302246e+02 5.5645697021e+02 5.5644396973e+02
5.5719097900e+02 5.5716601563e+02 5.5713397217e+02 5.5711102295e+02 5.5708801270e+02 5.5706701660e+02 5.5705401611e+02 5.5702502441e+02 5.5700701904e+02 5.5699200439e+02 5.5696301270e+02 5.5692901611e+02 5.5691400146e+02 5.5690502930e+02 5.5688201904e+02 5.5685101318e+02 5.5683099365e+02 5.5681298828e+02 5.5678497314e+02 5.5676599121e+02 5.5674499512e+02 5.5672302246e+02 5.5670800781e+02 5.5669500732e+02 5.5667297363e+02 5.5664801025e+02 5.5663098145e+02 5.5659497070e+02 5.5657098389e+02 5.5656597900e+02 5.5653002930e+02 5.5652301025e+02 5.5651702881e+02 5.5649499512e+02 5.5648498535e+02 5.5646099854e+02 5.5644299316e+02 5.5641802979e+02 5.5639398193e+02 5.5637200928e+02 5.5636700439e+02 5.5635998535e+02 5.5635498047e+02 5.5634197998e+02 5.5633300781e+02 5.5632098389e+02
5.5719000244e+02 5.5716302490e+02 5.5714202881e+02 5.5711798096e+02 5.5710198975e+02 5.5707598877e+02 5.5704901123e+02 5.5702301025e+02 5.5700897217e+02 5.5698901367e+02 5.5694897461e+02 5.5691900635e+02 5.5691400146e+02 5.5690802002e+02 5.5688500977e+02 5.5686102295e+02 5.5683898926e+02 5.5681500244e+02 5.5677801514e+02 5.5676501465e+02 5.5674798584e+02 5.5672198486e+02 5.5670202637e+02 5.5668402100e+02 5.5665600586e+02 5.5662597656e+02 5.5660998535e+02 5.5658801270e+02 5.5655999756e+02 5.5653900146e+02 5.5650000000e+02 5.5649298096e+02 5.5648797607e+02 5.5646997070e+02 5.5646301270e+02 5.5643597412e+02 5.5641302490e+02 5.5640002441e+02 5.5637500000e+02 5.5634301758e+02 5.5633599854e+02 5.5631701660e+02 5.5629199219e+02 5.5627301025e+02 5.5625598145e+02 5.5623901367e+02
5.5718200684e+02 5.5715600586e+02 5.5714001465e+02 5.5711700439e+02 5.5710797119e+02 5.5708001709e+02 5.5704699707e+02 5.5702697754e+02 5.5700701904e+02 5.5697802734e+02 5.5693701172e+02 5.5690600586e+02 5.5690002441e+02 5.5689001465e+02 5.5687200928e+02 5.5685797119e+02 5.5683502197e+02 5.5680603027e+02 5.5676702881e+02 5.5675299072e+02 5.5673602295e+02 5.5670697021e+02 5.5668402100e+02 5.5666900635e+02 5.5664099121e+02 5.5661102295e+02 5.5659197998e+02 5.5656701660e+02 5.5654199219e+02 5.5652502441e+02 5.5648999023e+02 5.5647198486e+02 5.5645800781e+02 5.5643597412e+02 5.5642602539e+02 5.5640600586e+02 5.5638598633e+02 5.5637902832e+02 5.5635498047e+02 5.5632501221e+02 5.5631597900e+02 5.5629302979e+02 5.5626501465e+02 5.5624700928e+02 5.5622698975e+02 5.5620697021e+02
5.5716302490e+02 5.5713201904e+02 5.5710302734e+02 5.5708398438e+02 5.5708099365e+02 5.5706500244e+02 5.5704998779e+02 5.5702600098e+02 5.5700000000e+02 5.5697100830e+02 5.5694201660e+02 5.5690002441e+02 5.5688702393e+02 5.5686999512e+02 5.5684802246e+02 5.5682800293e+02 5.5679602051e+02 5.5677502441e+02 5.5675402832e+02 5.5673699951e+02 5.5671697998e+02 5.5668798828e+02 5.5666400146e+02 5.5665502930e+02 5.5664001465e+02 5.5661700439e+02 5.5658898926e+02 5.5654699707e+02 5.5652600098e+02 5.5652301025e+02 5.5649597168e+02 5.5646997070e+02 5.5644702148e+02 5.5641400146e+02 5.5638800049e+02 5.5637402344e+02 5.5635900879e+02 5.5634698486e+02 5.5631799316e+02 5.5628802490e+02 5.5628698730e+02 5.5626098633e+02 5.5623400879e+02 5.5621997070e+02 5.5620300293e+02 5.5618402100e+02
5.5722302246e+02 5.5717401123e+02 5.5713702393e+02 5.5710998535e+02 5.5709301758e+02 5.5707000732e+02 5.5705401611e+02 5.5702899170e+02 5.5700897217e+02 5.5698199463e+02 5.5694000244e+02 5.5691101074e+02 5.5689300537e+02 5.5687799072e+02 5.5684600830e+02 5.5681701660e+02 5.5677502441e+02 5.5676501465e+02 5.5675299072e+02 5.5671899414e+02 5.5669598389e+02 5.5667401123e+02 5.5665698242e+02 5.5662298584e+02 5.5661102295e+02 5.5660601807e+02 5.5658697510e+02 5.5654998779e+02 5.5653100586e+02 5.5652301025e+02 5.5647497559e+02 5.5643701172e+02 5.5641900635e+02 5.5639501953e+02 5.5637402344e+02 5.5636602783e+02 5.5634802246e+02 5.5632702637e+02 5.5630401611e+02 5.5627697754e+02 5.5627001953e+02 5.5623199463e+02 5.5621099854e+02 5.5620001221e+02 5.5617102051e+02 5.5613897705e+02
5.5726098633e+02 5.5726098633e+02 5.5725201416e+02 5.5721899414e+02 5.5714898682e+02 5.5709197998e+02 5.5708001709e+02 5.5704998779e+02 5.5702001953e+02 5.5700701904e+02 5.5696398926e+02 5.5693902588e+02 5.5690899658e+02 5.5687402344e+02 5.5682098389e+02 5.5681597900e+02 5.5679602051e+02 5.5678601074e+02 5.5676501465e+02 5.5671997070e+02 5.5669000244e+02 5.5666497803e+02 5.5664898682e+02 5.5661297607e+02 5.5659399414e+02 5.5658502197e+02 5.5656896973e+02 5.5654602051e+02 5.5652697754e+02 5.5651702881e+02 5.5646398926e+02 5.5642602539e+02 5.5640301514e+02 5.5638702393e+02 5.5638299561e+02 5.5636199951e+02 5.5632897949e+02 5.5630700684e+02 5.5629699707e+02 5.5626501465e+02 5.5625000000e+02 5.5621502686e+02 5.5619702148e+02 5.5618200684e+02 5.5615698242e+02 5.5613098145e+02
5.5691198730e+02 5.5691302490e+02 5.5702197266e+02 5.5711297607e+02 5.5711102295e+02 5.5712097168e+02 5.5709899902e+02 5.5709497070e+02 5.5705401611e+02 5.5702899170e+02 5.5699401855e+02 5.5697802734e+02 5.5694396973e+02 5.5688098145e+02 5.5679400635e+02 5.5680603027e+02 5.5681500244e+02 5.5680700684e+02 5.5676397705e+02 5.5672900391e+02 5.5670300293e+02 5.5667102051e+02 5.5664801025e+02 5.5663201904e+02 5.5660900879e+02 5.5658099365e+02 5.5655700684e+02 5.5653802490e+02 5.5651000977e+02 5.5649597168e+02 5.5645501709e+02 5.5643402100e+02 5.5640802002e+02 5.5638800049e+02 5.5638397217e+02 5.5634997559e+02 5.5631402588e+02 5.5629302979e+02 5.5628198242e+02 5.5624499512e+02 5.5622802734e+02 5.5620501709e+02 5.5618200684e+02 5.5616198730e+02 5.5614099121e+02 5.5611602783e+02
5.5632598877e+02 5.5602502441e+02 5.5580798340e+02 5.5620397949e+02 5.5645501709e+02 5.5678100586e+02 5.5689898682e+02 5.5703997803e+02 5.5707897949e+02 5.5706799316e+02 5.5705902100e+02 5.5698199463e+02 5.5694799805e+02 5.5691900635e+02 5.5686798096e+02 5.5678698730e+02 5.5679498291e+02 5.5678399658e+02 5.5675598145e+02 5.5673498535e+02 5.5671801758e+02 5.5669000244e+02 5.5666101074e+02 5.5662597656e+02 5.5659197998e+02 5.5656402588e+02 5.5653997803e+02 5.5652899170e+02 5.5650000000e+02 5.5648101807e+02 5.5646099854e+02 5.5644000244e+02 5.5641198730e+02 5.5637597656e+02 5.5633197021e+02 5.5632598877e+02 5.5630999756e+02 5.5627801514e+02 5.5623699951e+02 5.5622100830e+02 5.5621197510e+02 5.5619299316e+02 5.5616400146e+02 5.5613500977e+02 5.5611102295e+02 5.5608300781e+02
5.5634600830e+02 5.5572802734e+02 5.5522497559e+02 5.5507897949e+02 5.5524298096e+02 5.5558099365e+02 5.5578002930e+02 5.5602301025e+02 5.5634802246e+02 5.5673699951e+02 5.5684802246e+02 5.5678002930e+02 5.5672601318e+02 5.5674902344e+02 5.5680499268e+02 5.5677301025e+02 5.5681298828e+02 5.5684802246e+02 5.5683001709e+02 5.5674700928e+02 5.5666601563e+02 5.5662799072e+02 5.5662500000e+02 5.5660498047e+02 5.5656500244e+02 5.5653601074e+02 5.5652001953e+02 5.5651397705e+02 5.5650897217e+02 5.5650000000e+02 5.5647497559e+02 5.5645300293e+02 5.5641302490e+02 5.5637500000e+02 5.5635699463e+02 5.5632501221e+02 5.5629199219e+02 5.5625402832e+02 5.5623699951e+02 5.5620501709e+02 5.5617700195e+02 5.5614898682e+02 5.5613000488e+02 5.5612500000e+02 5.5609997559e+02 5.5607397461e+02
5.5624798584e+02 5.5555499268e+02 5.5506500244e+02 5.5475402832e+02 5.5472998047e+02 5.5486102295e+02 5.5492797852e+02 5.5502099609e+02 5.5531896973e+02 5.5577398682e+02 5.5594097900e+02 5.5590899658e+02 5.5594897461e+02 5.5608099365e+02 5.5631298828e+02 5.5641699219e+02 5.5650598145e+02 5.5660198975e+02 5.5665502930e+02 5.5668103027e+02 5.5659600830e+02 5.5653302002e+02 5.5654199219e+02 5.5654302979e+02 5.5653302002e+02 5.5651898193e+02 5.5651098633e+02 5.5649700928e+02 5.5650799561e+02 5.5651702881e+02 5.5648498535e+02 5.5648400879e+02 5.5643298340e+02 5.5636700439e+02 5.5636901855e+02 5.5634497070e+02 5.5627502441e+02 5.5622302246e+02 5.5625201416e+02 5.5623101807e+02 5.5619396973e+02 5.5615698242e+02 5.5613800049e+02 5.5612097168e+02 5.5607202148e+02 5.5603399658e+02
5.5614599609e+02 5.5544598389e+02 5.5510101318e+02 5.5485302734e+02 5.5478997803e+02 5.5481799316e+02 5.5472698975e+02 5.5465002441e+02 5.5470300293e+02 5.5488000488e+02 5.5492602539e+02 5.5495599365e+02 5.5504498291e+02 5.5517602539e+02 5.5539801025e+02 5.5548901367e+02 5.5555603027e+02 5.5567901611e+02 5.5585699463e+02 5.5607098389e+02 5.5611102295e+02 5.5613800049e+02 5.5628802490e+02 5.5636499023e+02 5.5641302490e+02 5.5643499756e+02 5.5644897461e+02 5.5640802002e+02 5.5642401123e+02 5.5645001221e+02 5.5642797852e+02 5.5645898438e+02 5.5640698242e+02 5.5632598877e+02 5.5635900879e+02 5.5636102295e+02 5.5626599121e+02 5.5619702148e+02 5.5623297119e+02 5.5624102783e+02 5.5622302246e+02 5.5620001221e+02 5.5619299316e+02 5.5616802979e+02 5.5609197998e+02 5.5603698730e+02
