TESTSERVER/10/16.asc
NCOLS 100
NROWS 100
XLLCORNER 7.9997500000e+03
YLLCORNER 2.8915025000e+05
CELLSIZE 5.0000000000e-01
NODATA_VALUE -9.9990000000e+03
[rows 80 to 99 of 100, columns 46 to 91 of 100]
5.5166302490e+02 5.5168298340e+02 5.5166699219e+02 5.5166101074e+02 5.5166998291e+02 5.5166802979e+02 5.5164599609e+02 5.5169201660e+02 5.5164801025e+02 5.5162402344e+02 5.5161798096e+02 5.5161102295e+02 5.5172198486e+02 5.5203497314e+02 5.5242401123e+02 5.5264202881e+02 5.5255902100e+02 5.5236999512e+02 5.5223400879e+02 5.5219000244e+02 5.5219897461e+02 5.5220202637e+02 5.5218499756e+02 5.5217602539e+02 5.5217199707e+02 5.5217901611e+02 5.5214801025e+02 5.5209802246e+02 5.5209497070e+02 5.5211999512e+02 5.5215899658e+02 5.5217401123e+02 5.5219201660e+02 5.5221398926e+02 5.5223199463e+02 5.5227099609e+02 5.5230798340e+02 5.5232501221e+02 5.5230297852e+02 5.5227398682e+02 5.5224401855e+02 5.5221997070e+02 5.5222100830e+02 5.5218298340e+02 5.5214099121e+02 5.5210198975e+02
5.5163000488e+02 5.5163500977e+02 5.5164099121e+02 5.5164001465e+02 5.5164801025e+02 5.5165899658e+02 5.5163702393e+02 5.5164001465e+02 5.5159997559e+02 5.5159197998e+02 5.5157800293e+02 5.5155102539e+02 5.5162701416e+02 5.5187500000e+02 5.5224700928e+02 5.5246801758e+02 5.5250000000e+02 5.5240197754e+02 5.5226800537e+02 5.5221197510e+02 5.5220599365e+02 5.5220599365e+02 5.5217901611e+02 5.5215997314e+02 5.5216699219e+02 5.5218200684e+02 5.5214001465e+02 5.5206799316e+02 5.5206500244e+02 5.5211102295e+02 5.5215197754e+02 5.5217297363e+02 5.5218798828e+02 5.5220202637e+02 5.5221002197e+02 5.5221997070e+02 5.5224798584e+02 5.5226300049e+02 5.5225500488e+02 5.5224102783e+02 5.5221697998e+02 5.5220098877e+02 5.5220599365e+02 5.5218200684e+02 5.5212500000e+02 5.5206097412e+02
5.5161297607e+02 5.5159600830e+02 5.5160797119e+02 5.5159997559e+02 5.5159497070e+02 5.5161102295e+02 5.5161199951e+02 5.5161999512e+02 5.5159497070e+02 5.5157299805e+02 5.5155200195e+02 5.5150500488e+02 5.5153497314e+02 5.5171899414e+02 5.5205401611e+02 5.5231500244e+02 5.5240301514e+02 5.5236102295e+02 5.5226202393e+02 5.5221197510e+02 5.5220098877e+02 5.5219500732e+02 5.5217700195e+02 5.5219598389e+02 5.5221301270e+02 5.5220397949e+02 5.5211700439e+02 5.5203997803e+02 5.5204901123e+02 5.5210797119e+02 5.5215002441e+02 5.5216900635e+02 5.5218402100e+02 5.5219598389e+02 5.5220397949e+02 5.5220202637e+02 5.5221301270e+02 5.5222497559e+02 5.5223297119e+02 5.5222998047e+02 5.5220800781e+02 5.5218402100e+02 5.5217797852e+02 5.5216497803e+02 5.5212097168e+02 5.5206201172e+02
5.5158300781e+02 5.5156402588e+02 5.5157299805e+02 5.5156298828e+02 5.5155499268e+02 5.5157299805e+02 5.5159197998e+02 5.5159399414e+02 5.5156500244e+02 5.5153002930e+02 5.5151702881e+02 5.5146600342e+02 5.5147100830e+02 5.5161700439e+02 5.5191302490e+02 5.5216998291e+02 5.5227301025e+02 5.5226000977e+02 5.5219897461e+02 5.5216497803e+02 5.5214599609e+02 5.5213098145e+02 5.5211499023e+02 5.5213702393e+02 5.5213397217e+02 5.5209899902e+02 5.5203198242e+02 5.5199102783e+02 5.5202398682e+02 5.5209497070e+02 5.5213598633e+02 5.5215301514e+02 5.5216699219e+02 5.5217797852e+02 5.5219000244e+02 5.5217999268e+02 5.5218103027e+02 5.5219396973e+02 5.5221502686e+02 5.5221398926e+02 5.5218298340e+02 5.5214501953e+02 5.5212097168e+02 5.5213299561e+02 5.5211999512e+02 5.5208398438e+02
5.5154400635e+02 5.5154302979e+02 5.5154602051e+02 5.5153399658e+02 5.5152001953e+02 5.5154302979e+02 5.5158001709e+02 5.5152398682e+02 5.5151300049e+02 5.5150500488e+02 5.5146899414e+02 5.5141497803e+02 5.5143701172e+02 5.5159600830e+02 5.5191802979e+02 5.5211297607e+02 5.5216400146e+02 5.5213299561e+02 5.5209100342e+02 5.5207202148e+02 5.5204101563e+02 5.5201202393e+02 5.5198498535e+02 5.5197100830e+02 5.5194299316e+02 5.5191998291e+02 5.5194598389e+02 5.5194097900e+02 5.5198699951e+02 5.5207397461e+02 5.5211297607e+02 5.5212097168e+02 5.5213000488e+02 5.5213598633e+02 5.5214099121e+02 5.5212799072e+02 5.5212298584e+02 5.5214202881e+02 5.5216699219e+02 5.5219097900e+02 5.5214099121e+02 5.5206097412e+02 5.5199902344e+02 5.5206597900e+02 5.5212298584e+02 5.5212200928e+02
5.5150000000e+02 5.5149902344e+02 5.5149499512e+02 5.5149499512e+02 5.5148297119e+02 5.5150701904e+02 5.5153399658e+02 5.5149902344e+02 5.5147302246e+02 5.5144598389e+02 5.5143298340e+02 5.5138598633e+02 5.5141497803e+02 5.5160400391e+02 5.5191400146e+02 5.5210797119e+02 5.5211499023e+02 5.5204302979e+02 5.5199798584e+02 5.5197998047e+02 5.5195599365e+02 5.5193701172e+02 5.5193499756e+02 5.5192999268e+02 5.5191101074e+02 5.5188800049e+02 5.5190502930e+02 5.5188800049e+02 5.5190899658e+02 5.5204101563e+02 5.5210900879e+02 5.5210998535e+02 5.5211700439e+02 5.5211999512e+02 5.5211700439e+02 5.5209698486e+02 5.5208898926e+02 5.5209100342e+02 5.5210601807e+02 5.5216998291e+02 5.5210797119e+02 5.5198400879e+02 5.5193798828e+02 5.5204199219e+02 5.5215100098e+02 5.5213500977e+02
5.5148602295e+02 5.5148101807e+02 5.5147100830e+02 5.5145898438e+02 5.5144897461e+02 5.5146099854e+02 5.5147698975e+02 5.5148297119e+02 5.5145599365e+02 5.5141101074e+02 5.5139599609e+02 5.5135302734e+02 5.5137799072e+02 5.5157397461e+02 5.5190002441e+02 5.5208898926e+02 5.5208599854e+02 5.5198699951e+02 5.5191802979e+02 5.5190997314e+02 5.5190802002e+02 5.5190399170e+02 5.5189501953e+02 5.5187298584e+02 5.5186602783e+02 5.5184997559e+02 5.5185601807e+02 5.5183398438e+02 5.5185198975e+02 5.5201501465e+02 5.5210302734e+02 5.5210302734e+02 5.5211199951e+02 5.5211102295e+02 5.5210302734e+02 5.5208898926e+02 5.5208099365e+02 5.5206896973e+02 5.5206097412e+02 5.5210797119e+02 5.5202600098e+02 5.5188098145e+02 5.5184802246e+02 5.5201000977e+02 5.5210797119e+02 5.5204699707e+02
5.5147302246e+02 5.5146099854e+02 5.5143499756e+02 5.5142602539e+02 5.5143200684e+02 5.5142498779e+02 5.5141497803e+02 5.5141302490e+02 5.5139501953e+02 5.5137402344e+02 5.5135797119e+02 5.5131799316e+02 5.5132501221e+02 5.5150097656e+02 5.5184100342e+02 5.5204797363e+02 5.5205401611e+02 5.5194897461e+02 5.5187097168e+02 5.5186602783e+02 5.5186602783e+02 5.5185900879e+02 5.5183398438e+02 5.5180499268e+02 5.5180798340e+02 5.5179797363e+02 5.5180200195e+02 5.5177801514e+02 5.5179699707e+02 5.5197698975e+02 5.5209100342e+02 5.5208697510e+02 5.5208697510e+02 5.5207897949e+02 5.5207800293e+02 5.5207702637e+02 5.5207299805e+02 5.5206298828e+02 5.5205102539e+02 5.5205401611e+02 5.5192602539e+02 5.5174200439e+02 5.5169799805e+02 5.5191302490e+02 5.5200201416e+02 5.5192297363e+02
5.5141400146e+02 5.5139300537e+02 5.5136499023e+02 5.5138598633e+02 5.5140301514e+02 5.5140197754e+02 5.5140502930e+02 5.5139300537e+02 5.5136102295e+02 5.5135101318e+02 5.5133300781e+02 5.5130603027e+02 5.5129998779e+02 5.5141699219e+02 5.5173797607e+02 5.5199102783e+02 5.5201202393e+02 5.5191998291e+02 5.5187402344e+02 5.5185198975e+02 5.5183300781e+02 5.5182000732e+02 5.5178100586e+02 5.5177697754e+02 5.5177600098e+02 5.5174700928e+02 5.5173901367e+02 5.5172802734e+02 5.5173498535e+02 5.5190802002e+02 5.5207598877e+02 5.5207000732e+02 5.5205603027e+02 5.5204901123e+02 5.5206201172e+02 5.5206701660e+02 5.5206597900e+02 5.5205798340e+02 5.5205700684e+02 5.5204302979e+02 5.5188299561e+02 5.5165600586e+02 5.5159600830e+02 5.5181896973e+02 5.5192401123e+02 5.5186499023e+02
5.5138201904e+02 5.5138299561e+02 5.5134002686e+02 5.5134698486e+02 5.5135900879e+02 5.5134997559e+02 5.5134002686e+02 5.5136199951e+02 5.5135601807e+02 5.5133599854e+02 5.5130999756e+02 5.5130401611e+02 5.5129498291e+02 5.5137500000e+02 5.5167401123e+02 5.5197698975e+02 5.5200097656e+02 5.5189300537e+02 5.5185998535e+02 5.5182501221e+02 5.5179901123e+02 5.5179998779e+02 5.5178399658e+02 5.5176000977e+02 5.5176098633e+02 5.5173199463e+02 5.5170800781e+02 5.5167401123e+02 5.5168298340e+02 5.5192199707e+02 5.5207897949e+02 5.5206701660e+02 5.5204302979e+02 5.5203198242e+02 5.5204101563e+02 5.5204498291e+02 5.5205401611e+02 5.5204699707e+02 5.5204199219e+02 5.5206701660e+02 5.5193402100e+02 5.5163598633e+02 5.5153399658e+02 5.5183197021e+02 5.5192901611e+02 5.5183099365e+02
5.5133898926e+02 5.5134600830e+02 5.5132299805e+02 5.5132299805e+02 5.5133001709e+02 5.5131799316e+02 5.5128302002e+02 5.5129998779e+02 5.5130999756e+02 5.5129302979e+02 5.5127197266e+02 5.5126898193e+02 5.5126000977e+02 5.5135601807e+02 5.5167901611e+02 5.5205297852e+02 5.5205798340e+02 5.5188299561e+02 5.5182299805e+02 5.5179302979e+02 5.5176800537e+02 5.5176702881e+02 5.5177099609e+02 5.5174200439e+02 5.5173699951e+02 5.5170599365e+02 5.5166699219e+02 5.5161700439e+02 5.5164501953e+02 5.5194097900e+02 5.5207299805e+02 5.5206402588e+02 5.5204699707e+02 5.5203802490e+02 5.5204101563e+02 5.5204302979e+02 5.5204901123e+02 5.5204797363e+02 5.5207397461e+02 5.5215997314e+02 5.5203802490e+02 5.5165600586e+02 5.5148901367e+02 5.5183099365e+02 5.5190399170e+02 5.5178100586e+02
5.5130700684e+02 5.5129901123e+02 5.5128100586e+02 5.5128100586e+02 5.5129602051e+02 5.5129498291e+02 5.5126098633e+02 5.5127600098e+02 5.5127600098e+02 5.5125402832e+02 5.5124102783e+02 5.5123602295e+02 5.5121801758e+02 5.5130200195e+02 5.5164599609e+02 5.5210198975e+02 5.5212200928e+02 5.5190197754e+02 5.5178997803e+02 5.5177301025e+02 5.5174700928e+02 5.5172900391e+02 5.5172802734e+02 5.5171002197e+02 5.5170098877e+02 5.5165997314e+02 5.5162097168e+02 5.5157000732e+02 5.5162597656e+02 5.5196002197e+02 5.5206597900e+02 5.5205700684e+02 5.5204797363e+02 5.5204199219e+02 5.5204400635e+02 5.5203601074e+02 5.5203900146e+02 5.5206201172e+02 5.5213800049e+02 5.5228900146e+02 5.5216198730e+02 5.5171099854e+02 5.5147497559e+02 5.5178601074e+02 5.5185302734e+02 5.5174499512e+02
5.5126898193e+02 5.5127398682e+02 5.5125201416e+02 5.5123999023e+02 5.5126202393e+02 5.5127398682e+02 5.5124597168e+02 5.5125897217e+02 5.5124597168e+02 5.5122698975e+02 5.5123498535e+02 5.5120397949e+02 5.5118597412e+02 5.5124597168e+02 5.5153198242e+02 5.5199102783e+02 5.5211297607e+02 5.5194299316e+02 5.5179199219e+02 5.5175299072e+02 5.5172900391e+02 5.5168798828e+02 5.5168103027e+02 5.5167602539e+02 5.5165899658e+02 5.5161499023e+02 5.5158697510e+02 5.5152197266e+02 5.5158300781e+02 5.5192297363e+02 5.5207397461e+02 5.5206701660e+02 5.5205902100e+02 5.5205999756e+02 5.5209100342e+02 5.5202502441e+02 5.5202398682e+02 5.5206597900e+02 5.5217901611e+02 5.5231402588e+02 5.5216900635e+02 5.5171502686e+02 5.5146197510e+02 5.5161602783e+02 5.5171697998e+02 5.5171502686e+02
5.5121801758e+02 5.5123699951e+02 5.5124298096e+02 5.5121697998e+02 5.5123101807e+02 5.5125299072e+02 5.5123101807e+02 5.5123797607e+02 5.5122802734e+02 5.5120800781e+02 5.5120501709e+02 5.5117401123e+02 5.5113500977e+02 5.5115197754e+02 5.5139300537e+02 5.5192199707e+02 5.5211499023e+02 5.5192700195e+02 5.5175000000e+02 5.5173602295e+02 5.5174499512e+02 5.5166998291e+02 5.5164398193e+02 5.5162902832e+02 5.5161700439e+02 5.5158502197e+02 5.5155401611e+02 5.5149597168e+02 5.5150000000e+02 5.5167602539e+02 5.5174700928e+02 5.5176098633e+02 5.5181896973e+02 5.5191998291e+02 5.5196899414e+02 5.5189801025e+02 5.5195202637e+02 5.5195697021e+02 5.5191101074e+02 5.5206402588e+02 5.5203399658e+02 5.5166699219e+02 5.5141101074e+02 5.5155102539e+02 5.5167199707e+02 5.5168499756e+02
5.5117102051e+02 5.5119702148e+02 5.5121002197e+02 5.5117297363e+02 5.5118402100e+02 5.5122497559e+02 5.5121600342e+02 5.5120501709e+02 5.5119201660e+02 5.5117297363e+02 5.5117199707e+02 5.5114697266e+02 5.5110601807e+02 5.5110498047e+02 5.5127502441e+02 5.5184100342e+02 5.5209399414e+02 5.5193402100e+02 5.5174798584e+02 5.5173400879e+02 5.5172998047e+02 5.5162500000e+02 5.5161401367e+02 5.5161499023e+02 5.5159997559e+02 5.5156597900e+02 5.5154498291e+02 5.5149499512e+02 5.5146398926e+02 5.5145800781e+02 5.5143701172e+02 5.5142999268e+02 5.5146301270e+02 5.5151800537e+02 5.5157000732e+02 5.5147998047e+02 5.5151800537e+02 5.5150000000e+02 5.5146398926e+02 5.5156097412e+02 5.5161798096e+02 5.5145001221e+02 5.5133898926e+02 5.5152197266e+02 5.5164801025e+02 5.5165002441e+02
5.5113397217e+02 5.5115002441e+02 5.5117102051e+02 5.5115899658e+02 5.5115502930e+02 5.5117999268e+02 5.5117297363e+02 5.5114300537e+02 5.5113702393e+02 5.5114599609e+02 5.5114398193e+02 5.5112799072e+02 5.5108502197e+02 5.5107397461e+02 5.5117797852e+02 5.5177197266e+02 5.5207000732e+02 5.5194500732e+02 5.5179602051e+02 5.5176000977e+02 5.5172698975e+02 5.5160302734e+02 5.5158300781e+02 5.5157897949e+02 5.5156799316e+02 5.5153997803e+02 5.5153399658e+02 5.5149200439e+02 5.5148297119e+02 5.5146301270e+02 5.5144598389e+02 5.5143798828e+02 5.5143200684e+02 5.5140899658e+02 5.5140301514e+02 5.5136798096e+02 5.5134197998e+02 5.5130999756e+02 5.5128601074e+02 5.5129998779e+02 5.5135101318e+02 5.5130902100e+02 5.5129302979e+02 5.5149902344e+02 5.5164099121e+02 5.5164202881e+02
5.5110198975e+02 5.5112097168e+02 5.5115399170e+02 5.5115502930e+02 5.5114300537e+02 5.5114300537e+02 5.5110797119e+02 5.5109899902e+02 5.5111602783e+02 5.5113098145e+02 5.5111798096e+02 5.5109997559e+02 5.5105499268e+02 5.5103900146e+02 5.5114099121e+02 5.5175201416e+02 5.5207501221e+02 5.5199597168e+02 5.5191497803e+02 5.5183099365e+02 5.5172998047e+02 5.5161499023e+02 5.5157202148e+02 5.5155401611e+02 5.5154699707e+02 5.5153002930e+02 5.5152899170e+02 5.5139801025e+02 5.5136499023e+02 5.5139099121e+02 5.5144000244e+02 5.5139001465e+02 5.5140002441e+02 5.5140100098e+02 5.5135498047e+02 5.5136700439e+02 5.5131597900e+02 5.5127697754e+02 5.5124499512e+02 5.5125500488e+02 5.5125500488e+02 5.5124298096e+02 5.5130401611e+02 5.5148400879e+02 5.5163397217e+02 5.5165997314e+02
5.5107897949e+02 5.5108300781e+02 5.5111102295e+02 5.5110400391e+02 5.5109497070e+02 5.5112097168e+02 5.5108898926e+02 5.5109100342e+02 5.5110498047e+02 5.5108898926e+02 5.5106298828e+02 5.5108502197e+02 5.5105603027e+02 5.5102801514e+02 5.5109997559e+02 5.5168499756e+02 5.5200799561e+02 5.5197802734e+02 5.5198699951e+02 5.5188702393e+02 5.5170098877e+02 5.5156097412e+02 5.5149902344e+02 5.5147698975e+02 5.5146502686e+02 5.5143798828e+02 5.5139501953e+02 5.5116601563e+02 5.5098101807e+02 5.5106799316e+02 5.5134197998e+02 5.5139697266e+02 5.5139801025e+02 5.5139398193e+02 5.5135998535e+02 5.5133398438e+02 5.5126202393e+02 5.5123498535e+02 5.5121398926e+02 5.5119799805e+02 5.5118200684e+02 5.5118103027e+02 5.5126501465e+02 5.5143402100e+02 5.5155902100e+02 5.5159301758e+02
5.5103100586e+02 5.5102197266e+02 5.5105902100e+02 5.5107098389e+02 5.5105999756e+02 5.5108599854e+02 5.5108001709e+02 5.5106597900e+02 5.5106402588e+02 5.5104302979e+02 5.5101702881e+02 5.5105102539e+02 5.5102197266e+02 5.5098602295e+02 5.5101702881e+02 5.5149700928e+02 5.5183898926e+02 5.5194201660e+02 5.5202801514e+02 5.5185900879e+02 5.5157702637e+02 5.5135797119e+02 5.5125897217e+02 5.5119201660e+02 5.5114501953e+02 5.5108898926e+02 5.5098400879e+02 5.5075598145e+02 5.5061102295e+02 5.5068103027e+02 5.5091900635e+02 5.5096697998e+02 5.5098999023e+02 5.5105102539e+02 5.5118597412e+02 5.5128997803e+02 5.5122399902e+02 5.5119702148e+02 5.5119598389e+02 5.5117199707e+02 5.5115002441e+02 5.5113800049e+02 5.5118499756e+02 5.5128900146e+02 5.5136901855e+02 5.5138897705e+02
5.5099102783e+02 5.5098297119e+02 5.5103198242e+02 5.5104400635e+02 5.5103399658e+02 5.5105102539e+02 5.5105999756e+02 5.5102502441e+02 5.5101397705e+02 5.5101098633e+02 5.5099102783e+02 5.5100097656e+02 5.5095898438e+02 5.5092999268e+02 5.5093798828e+02 5.5134100342e+02 5.5172802734e+02 5.5193701172e+02 5.5202502441e+02 5.5180200195e+02 5.5145898438e+02 5.5117297363e+02 5.5100701904e+02 5.5088397217e+02 5.5079199219e+02 5.5070501709e+02 5.5059698486e+02 5.5053302002e+02 5.5049798584e+02 5.5049102783e+02 5.5053002930e+02 5.5050402832e+02 5.5051202393e+02 5.5054498291e+02 5.5082897949e+02 5.5120697021e+02 5.5123400879e+02 5.5119500732e+02 5.5117901611e+02 5.5114898682e+02 5.5112298584e+02 5.5109698486e+02 5.5109197998e+02 5.5112500000e+02 5.5115100098e+02 5.5115197754e+02
