TESTSERVER/10/16.asc
NCOLS 100
NROWS 100
XLLCORNER 7.9997500000e+03
YLLCORNER 2.8915025000e+05
CELLSIZE 5.0000000000e-01
NODATA_VALUE -9.9990000000e+03
[rows 60 to 79 of 100, columns 0 to 45 of 100]
5.5341802979e+02 5.5340997314e+02 5.5342401123e+02 5.5343103027e+02 5.5341998291e+02 5.5340002441e+02 5.5339202881e+02 5.5339001465e+02 5.5338897705e+02 5.5337200928e+02 5.5336102295e+02 5.5333697510e+02 5.5328399658e+02 5.5326702881e+02 5.5325097656e+02 5.5321899414e+02 5.5317602539e+02 5.5311798096e+02 5.5308001709e+02 5.5309802246e+02 5.5314099121e+02 5.5315197754e+02 5.5297399902e+02 5.5270098877e+02 5.5258197021e+02 5.5262298584e+02 5.5261602783e+02 5.5263299561e+02 5.5267700195e+02 5.5268597412e+02 5.5267498779e+02 5.5266802979e+02 5.5266699219e+02 5.5266900635e+02 5.5264697266e+02 5.5262200928e+02 5.5259600830e+02 5.5254199219e+02 5.5248999023e+02 5.5245800781e+02 5.5244299316e+02 5.5243298340e+02 5.5241400146e+02 5.5240502930e+02 5.5240802002e+02 5.5240301514e+02
5.5341400146e+02 5.5339099121e+02 5.5339001465e+02 5.5340600586e+02 5.5340399170e+02 5.5338800049e+02 5.5336798096e+02 5.5334899902e+02 5.5333398438e+02 5.5330499268e+02 5.5329901123e+02 5.5330700684e+02 5.5327600098e+02 5.5323101807e+02 5.5320001221e+02 5.5315399170e+02 5.5311700439e+02 5.5308197021e+02 5.5303601074e+02 5.5303601074e+02 5.5307501221e+02 5.5308801270e+02 5.5293200684e+02 5.5267401123e+02 5.5255798340e+02 5.5256097412e+02 5.5257397461e+02 5.5259497070e+02 5.5263000488e+02 5.5264001465e+02 5.5262597656e+02 5.5263201904e+02 5.5263299561e+02 5.5262701416e+02 5.5259899902e+02 5.5257202148e+02 5.5252697754e+02 5.5250799561e+02 5.5246899414e+02 5.5241699219e+02 5.5240197754e+02 5.5239697266e+02 5.5238702393e+02 5.5235900879e+02 5.5235198975e+02 5.5237500000e+02
5.5357000732e+02 5.5344396973e+02 5.5337799072e+02 5.5336901855e+02 5.5336901855e+02 5.5335797119e+02 5.5333197021e+02 5.5329998779e+02 5.5327099609e+02 5.5322998047e+02 5.5321801758e+02 5.5323797607e+02 5.5323101807e+02 5.5318402100e+02 5.5314501953e+02 5.5310699463e+02 5.5308599854e+02 5.5306701660e+02 5.5301000977e+02 5.5298199463e+02 5.5299902344e+02 5.5299798584e+02 5.5286901855e+02 5.5264801025e+02 5.5254797363e+02 5.5253497314e+02 5.5254602051e+02 5.5255401611e+02 5.5258300781e+02 5.5259698486e+02 5.5258398438e+02 5.5259002686e+02 5.5259197998e+02 5.5259100342e+02 5.5257702637e+02 5.5254901123e+02 5.5250402832e+02 5.5250897217e+02 5.5246600342e+02 5.5239801025e+02 5.5235998535e+02 5.5235797119e+02 5.5236401367e+02 5.5233197021e+02 5.5231201172e+02 5.5233398438e+02
5.5373999023e+02 5.5350402832e+02 5.5337701416e+02 5.5333599854e+02 5.5332299805e+02 5.5331201172e+02 5.5328497314e+02 5.5324902344e+02 5.5321502686e+02 5.5316998291e+02 5.5315502930e+02 5.5317797852e+02 5.5317999268e+02 5.5313598633e+02 5.5310400391e+02 5.5308801270e+02 5.5310101318e+02 5.5310699463e+02 5.5302502441e+02 5.5295300293e+02 5.5295800781e+02 5.5295397949e+02 5.5282800293e+02 5.5261401367e+02 5.5251000977e+02 5.5250201416e+02 5.5250598145e+02 5.5250000000e+02 5.5253802490e+02 5.5255102539e+02 5.5254699707e+02 5.5254797363e+02 5.5254998779e+02 5.5254400635e+02 5.5253100586e+02 5.5250000000e+02 5.5248999023e+02 5.5249700928e+02 5.5242297363e+02 5.5234802246e+02 5.5230700684e+02 5.5230401611e+02 5.5231201172e+02 5.5228997803e+02 5.5228002930e+02 5.5229101563e+02
5.5364801025e+02 5.5347399902e+02 5.5335400391e+02 5.5331201172e+02 5.5328698730e+02 5.5325598145e+02 5.5323602295e+02 5.5321197510e+02 5.5318597412e+02 5.5314501953e+02 5.5314099121e+02 5.5316998291e+02 5.5316601563e+02 5.5312200928e+02 5.5309301758e+02 5.5309802246e+02 5.5318103027e+02 5.5323400879e+02 5.5311901855e+02 5.5296801758e+02 5.5295001221e+02 5.5293103027e+02 5.5278399658e+02 5.5256298828e+02 5.5244299316e+02 5.5245697021e+02 5.5246502686e+02 5.5245599365e+02 5.5250799561e+02 5.5249902344e+02 5.5249401855e+02 5.5249499512e+02 5.5251599121e+02 5.5251000977e+02 5.5249102783e+02 5.5246398926e+02 5.5246697998e+02 5.5244396973e+02 5.5236999512e+02 5.5231799316e+02 5.5227502441e+02 5.5228497314e+02 5.5228399658e+02 5.5226397705e+02 5.5224401855e+02 5.5224798584e+02
5.5344299316e+02 5.5333099365e+02 5.5326300049e+02 5.5324902344e+02 5.5323498535e+02 5.5321002197e+02 5.5319097900e+02 5.5315197754e+02 5.5309002686e+02 5.5307598877e+02 5.5305999756e+02 5.5307299805e+02 5.5311999512e+02 5.5314697266e+02 5.5314398193e+02 5.5318298340e+02 5.5330603027e+02 5.5340600586e+02 5.5325598145e+02 5.5299499512e+02 5.5289300537e+02 5.5289801025e+02 5.5276898193e+02 5.5255200195e+02 5.5242602539e+02 5.5241302490e+02 5.5240997314e+02 5.5239099121e+02 5.5246099854e+02 5.5246997070e+02 5.5247100830e+02 5.5245898438e+02 5.5246697998e+02 5.5247998047e+02 5.5246801758e+02 5.5245599365e+02 5.5241699219e+02 5.5238800049e+02 5.5234399414e+02 5.5228100586e+02 5.5224798584e+02 5.5223498535e+02 5.5224597168e+02 5.5223602295e+02 5.5219702148e+02 5.5221099854e+02
5.5325598145e+02 5.5319396973e+02 5.5316699219e+02 5.5317797852e+02 5.5318402100e+02 5.5316900635e+02 5.5315899658e+02 5.5311401367e+02 5.5302697754e+02 5.5302899170e+02 5.5302301025e+02 5.5302502441e+02 5.5307098389e+02 5.5309802246e+02 5.5309497070e+02 5.5314099121e+02 5.5329302979e+02 5.5342401123e+02 5.5327502441e+02 5.5299902344e+02 5.5287500000e+02 5.5289697266e+02 5.5276202393e+02 5.5253802490e+02 5.5240301514e+02 5.5238897705e+02 5.5238800049e+02 5.5235601807e+02 5.5240997314e+02 5.5243200684e+02 5.5242999268e+02 5.5242199707e+02 5.5242498779e+02 5.5244000244e+02 5.5242901611e+02 5.5242401123e+02 5.5238098145e+02 5.5233599854e+02 5.5232000732e+02 5.5224499512e+02 5.5222399902e+02 5.5220800781e+02 5.5221600342e+02 5.5220001221e+02 5.5216699219e+02 5.5217297363e+02
5.5316998291e+02 5.5314300537e+02 5.5313897705e+02 5.5315100098e+02 5.5315502930e+02 5.5313397217e+02 5.5312701416e+02 5.5309301758e+02 5.5301599121e+02 5.5303399658e+02 5.5303302002e+02 5.5301202393e+02 5.5300500488e+02 5.5297698975e+02 5.5294201660e+02 5.5297399902e+02 5.5313098145e+02 5.5328002930e+02 5.5317498779e+02 5.5295202637e+02 5.5285699463e+02 5.5286999512e+02 5.5270898438e+02 5.5247601318e+02 5.5234802246e+02 5.5235400391e+02 5.5235998535e+02 5.5231500244e+02 5.5235198975e+02 5.5238201904e+02 5.5237500000e+02 5.5238397217e+02 5.5239099121e+02 5.5239501953e+02 5.5237701416e+02 5.5236499023e+02 5.5232897949e+02 5.5229101563e+02 5.5232501221e+02 5.5222399902e+02 5.5217901611e+02 5.5217102051e+02 5.5218298340e+02 5.5217297363e+02 5.5216699219e+02 5.5215002441e+02
5.5317102051e+02 5.5313500977e+02 5.5311999512e+02 5.5311602783e+02 5.5310198975e+02 5.5308099365e+02 5.5306097412e+02 5.5302600098e+02 5.5296997070e+02 5.5298602295e+02 5.5297698975e+02 5.5294799805e+02 5.5292297363e+02 5.5287799072e+02 5.5282702637e+02 5.5283099365e+02 5.5293200684e+02 5.5308898926e+02 5.5305700684e+02 5.5292498779e+02 5.5282800293e+02 5.5276501465e+02 5.5261401367e+02 5.5242901611e+02 5.5231402588e+02 5.5231896973e+02 5.5233398438e+02 5.5228698730e+02 5.5230798340e+02 5.5233099365e+02 5.5232501221e+02 5.5235601807e+02 5.5234301758e+02 5.5234698486e+02 5.5233697510e+02 5.5232397461e+02 5.5228497314e+02 5.5228399658e+02 5.5232098389e+02 5.5219000244e+02 5.5214099121e+02 5.5214099121e+02 5.5215197754e+02 5.5213897705e+02 5.5209997559e+02 5.5210498047e+02
5.5308502197e+02 5.5303900146e+02 5.5301599121e+02 5.5301300049e+02 5.5301397705e+02 5.5300701904e+02 5.5298901367e+02 5.5295800781e+02 5.5290301514e+02 5.5291497803e+02 5.5293402100e+02 5.5291198730e+02 5.5286901855e+02 5.5286297607e+02 5.5283099365e+02 5.5282501221e+02 5.5291802979e+02 5.5301800537e+02 5.5299200439e+02 5.5288201904e+02 5.5275799561e+02 5.5267102051e+02 5.5254998779e+02 5.5241400146e+02 5.5227801514e+02 5.5225000000e+02 5.5227502441e+02 5.5224700928e+02 5.5226800537e+02 5.5230401611e+02 5.5229302979e+02 5.5231896973e+02 5.5232000732e+02 5.5229400635e+02 5.5228802490e+02 5.5229199219e+02 5.5229101563e+02 5.5237799072e+02 5.5244799805e+02 5.5219598389e+02 5.5208599854e+02 5.5210101318e+02 5.5209997559e+02 5.5209301758e+02 5.5207598877e+02 5.5206597900e+02
5.5298602295e+02 5.5295898438e+02 5.5293902588e+02 5.5292498779e+02 5.5292102051e+02 5.5291497803e+02 5.5290002441e+02 5.5288397217e+02 5.5284899902e+02 5.5286199951e+02 5.5288800049e+02 5.5285797119e+02 5.5279797363e+02 5.5280999756e+02 5.5279498291e+02 5.5279901123e+02 5.5288397217e+02 5.5294299316e+02 5.5290502930e+02 5.5280401611e+02 5.5269201660e+02 5.5259899902e+02 5.5249597168e+02 5.5238098145e+02 5.5225402832e+02 5.5220697021e+02 5.5222497559e+02 5.5220300293e+02 5.5220800781e+02 5.5225201416e+02 5.5226000977e+02 5.5227301025e+02 5.5228198242e+02 5.5225402832e+02 5.5225799561e+02 5.5227600098e+02 5.5228698730e+02 5.5237902832e+02 5.5245202637e+02 5.5217797852e+02 5.5205200195e+02 5.5206500244e+02 5.5206097412e+02 5.5207098389e+02 5.5207397461e+02 5.5203900146e+02
5.5288000488e+02 5.5288000488e+02 5.5286798096e+02 5.5284399414e+02 5.5282098389e+02 5.5280102539e+02 5.5279199219e+02 5.5279498291e+02 5.5277697754e+02 5.5279998779e+02 5.5282098389e+02 5.5278601074e+02 5.5273101807e+02 5.5275701904e+02 5.5275500488e+02 5.5275598145e+02 5.5281097412e+02 5.5283599854e+02 5.5279901123e+02 5.5272802734e+02 5.5265399170e+02 5.5256799316e+02 5.5247998047e+02 5.5237597656e+02 5.5224902344e+02 5.5218200684e+02 5.5219598389e+02 5.5217498779e+02 5.5217401123e+02 5.5221398926e+02 5.5222302246e+02 5.5222802734e+02 5.5223901367e+02 5.5222802734e+02 5.5222802734e+02 5.5221801758e+02 5.5222100830e+02 5.5233898926e+02 5.5242498779e+02 5.5218499756e+02 5.5204901123e+02 5.5203399658e+02 5.5201300049e+02 5.5202197266e+02 5.5202697754e+02 5.5200701904e+02
5.5280499268e+02 5.5279699707e+02 5.5279101563e+02 5.5276397705e+02 5.5271899414e+02 5.5270202637e+02 5.5270697021e+02 5.5271697998e+02 5.5271600342e+02 5.5273498535e+02 5.5274200439e+02 5.5271002197e+02 5.5267999268e+02 5.5272302246e+02 5.5273901367e+02 5.5273901367e+02 5.5273999023e+02 5.5272998047e+02 5.5270800781e+02 5.5268298340e+02 5.5267901611e+02 5.5262402344e+02 5.5254699707e+02 5.5242498779e+02 5.5226800537e+02 5.5215698242e+02 5.5213897705e+02 5.5213201904e+02 5.5215301514e+02 5.5220397949e+02 5.5220001221e+02 5.5219396973e+02 5.5218597412e+02 5.5217700195e+02 5.5217498779e+02 5.5217999268e+02 5.5216900635e+02 5.5233502197e+02 5.5241998291e+02 5.5219201660e+02 5.5202801514e+02 5.5201000977e+02 5.5198498535e+02 5.5197998047e+02 5.5196301270e+02 5.5197399902e+02
5.5276300049e+02 5.5274798584e+02 5.5272399902e+02 5.5269799805e+02 5.5266601563e+02 5.5265502930e+02 5.5266601563e+02 5.5268402100e+02 5.5269799805e+02 5.5268902588e+02 5.5267700195e+02 5.5265899658e+02 5.5267102051e+02 5.5268701172e+02 5.5269799805e+02 5.5271002197e+02 5.5269201660e+02 5.5266101074e+02 5.5266802979e+02 5.5267401123e+02 5.5266900635e+02 5.5266497803e+02 5.5259997559e+02 5.5245697021e+02 5.5224700928e+02 5.5212597656e+02 5.5211401367e+02 5.5211199951e+02 5.5209802246e+02 5.5214300537e+02 5.5214599609e+02 5.5216400146e+02 5.5215899658e+02 5.5214599609e+02 5.5214001465e+02 5.5214099121e+02 5.5209600830e+02 5.5221502686e+02 5.5237200928e+02 5.5218298340e+02 5.5197100830e+02 5.5196997070e+02 5.5195397949e+02 5.5195001221e+02 5.5194500732e+02 5.5193701172e+02
5.5274200439e+02 5.5272100830e+02 5.5270397949e+02 5.5269500732e+02 5.5267700195e+02 5.5266601563e+02 5.5266900635e+02 5.5267498779e+02 5.5269702148e+02 5.5269299316e+02 5.5267700195e+02 5.5266101074e+02 5.5268798828e+02 5.5269097900e+02 5.5267700195e+02 5.5266900635e+02 5.5265301514e+02 5.5263201904e+02 5.5266101074e+02 5.5266802979e+02 5.5261401367e+02 5.5260400391e+02 5.5254498291e+02 5.5240899658e+02 5.5220397949e+02 5.5208502197e+02 5.5208300781e+02 5.5208099365e+02 5.5204302979e+02 5.5209002686e+02 5.5209997559e+02 5.5212500000e+02 5.5211901855e+02 5.5212097168e+02 5.5212097168e+02 5.5212298584e+02 5.5208599854e+02 5.5211199951e+02 5.5233697510e+02 5.5225299072e+02 5.5196997070e+02 5.5193499756e+02 5.5192498779e+02 5.5192700195e+02 5.5192401123e+02 5.5190002441e+02
5.5275402832e+02 5.5273999023e+02 5.5274700928e+02 5.5276098633e+02 5.5275097656e+02 5.5274200439e+02 5.5273699951e+02 5.5272100830e+02 5.5271697998e+02 5.5273297119e+02 5.5271002197e+02 5.5266802979e+02 5.5268701172e+02 5.5271899414e+02 5.5268298340e+02 5.5263800049e+02 5.5262298584e+02 5.5261297607e+02 5.5262902832e+02 5.5261700439e+02 5.5251800537e+02 5.5249499512e+02 5.5244799805e+02 5.5233697510e+02 5.5214801025e+02 5.5204199219e+02 5.5203900146e+02 5.5203497314e+02 5.5199597168e+02 5.5205200195e+02 5.5206500244e+02 5.5207299805e+02 5.5207702637e+02 5.5208398438e+02 5.5209002686e+02 5.5209899902e+02 5.5207598877e+02 5.5202697754e+02 5.5224401855e+02 5.5222302246e+02 5.5194201660e+02 5.5189300537e+02 5.5189001465e+02 5.5189501953e+02 5.5188897705e+02 5.5187701416e+02
5.5278497314e+02 5.5276397705e+02 5.5277801514e+02 5.5279901123e+02 5.5280200195e+02 5.5281701660e+02 5.5281500244e+02 5.5277801514e+02 5.5272497559e+02 5.5273999023e+02 5.5270501709e+02 5.5263598633e+02 5.5265600586e+02 5.5271801758e+02 5.5267498779e+02 5.5261102295e+02 5.5259100342e+02 5.5255700684e+02 5.5253302002e+02 5.5250000000e+02 5.5242199707e+02 5.5239202881e+02 5.5237200928e+02 5.5230200195e+02 5.5212799072e+02 5.5200598145e+02 5.5199102783e+02 5.5198699951e+02 5.5196301270e+02 5.5200201416e+02 5.5202301025e+02 5.5204400635e+02 5.5206402588e+02 5.5204498291e+02 5.5205200195e+02 5.5204797363e+02 5.5201501465e+02 5.5200701904e+02 5.5211297607e+02 5.5205200195e+02 5.5187200928e+02 5.5184698486e+02 5.5184100342e+02 5.5184600830e+02 5.5184002686e+02 5.5182897949e+02
5.5276098633e+02 5.5275097656e+02 5.5276397705e+02 5.5278198242e+02 5.5279101563e+02 5.5280999756e+02 5.5279602051e+02 5.5272998047e+02 5.5266101074e+02 5.5269799805e+02 5.5266497803e+02 5.5258099365e+02 5.5258300781e+02 5.5261499023e+02 5.5258300781e+02 5.5257800293e+02 5.5261297607e+02 5.5253302002e+02 5.5248699951e+02 5.5244201660e+02 5.5238000488e+02 5.5235797119e+02 5.5236700439e+02 5.5232299805e+02 5.5215502930e+02 5.5198797607e+02 5.5195397949e+02 5.5194396973e+02 5.5189300537e+02 5.5196600342e+02 5.5199798584e+02 5.5200201416e+02 5.5201098633e+02 5.5202301025e+02 5.5202001953e+02 5.5201397705e+02 5.5200897217e+02 5.5195697021e+02 5.5195501709e+02 5.5191699219e+02 5.5186102295e+02 5.5180499268e+02 5.5179400635e+02 5.5180401611e+02 5.5179302979e+02 5.5177398682e+02
5.5271301270e+02 5.5271600342e+02 5.5271899414e+02 5.5271997070e+02 5.5271197510e+02 5.5272802734e+02 5.5272601318e+02 5.5266601563e+02 5.5259802246e+02 5.5264202881e+02 5.5261297607e+02 5.5252099609e+02 5.5250500488e+02 5.5252001953e+02 5.5249499512e+02 5.5251800537e+02 5.5257501221e+02 5.5249401855e+02 5.5245800781e+02 5.5241497803e+02 5.5236499023e+02 5.5236102295e+02 5.5237200928e+02 5.5232501221e+02 5.5214697266e+02 5.5194799805e+02 5.5191101074e+02 5.5190399170e+02 5.5184899902e+02 5.5192999268e+02 5.5197698975e+02 5.5198602295e+02 5.5198699951e+02 5.5198699951e+02 5.5198901367e+02 5.5198797607e+02 5.5196801758e+02 5.5188500977e+02 5.5184197998e+02 5.5183300781e+02 5.5184802246e+02 5.5177001953e+02 5.5174798584e+02 5.5176098633e+02 5.5176702881e+02 5.5176098633e+02
5.5265600586e+02 5.5265502930e+02 5.5264202881e+02 5.5262799072e+02 5.5261602783e+02 5.5263201904e+02 5.5265301514e+02 5.5261499023e+02 5.5254498291e+02 5.5258099365e+02 5.5256298828e+02 5.5248797607e+02 5.5246600342e+02 5.5247198486e+02 5.5244000244e+02 5.5244702148e+02 5.5249102783e+02 5.5244396973e+02 5.5241699219e+02 5.5238800049e+02 5.5235699463e+02 5.5235998535e+02 5.5235101318e+02 5.5227899170e+02 5.5209802246e+02 5.5190502930e+02 5.5186102295e+02 5.5185198975e+02 5.5180999756e+02 5.5189300537e+02 5.5194396973e+02 5.5194598389e+02 5.5195300293e+02 5.5194799805e+02 5.5195501709e+02 5.5195300293e+02 5.5191198730e+02 5.5189099121e+02 5.5195202637e+02 5.5195202637e+02 5.5185797119e+02 5.5175402832e+02 5.5172497559e+02 5.5173999023e+02 5.5174499512e+02 5.5173498535e+02
