TESTSERVER/10/17.asc
NCOLS 100
NROWS 100
XLLCORNER 7.9997500000e+03
YLLCORNER 2.8910025000e+05
CELLSIZE 5.0000000000e-01
NODATA_VALUE -9.9990000000e+03
[rows 20 to 39 of 100, columns 0 to 45 of 100]
5.5097100830e+02 5.5096997070e+02 5.5096801758e+02 5.5096997070e+02 5.5097998047e+02 5.5099499512e+02 5.5100701904e+02 5.5100897217e+02 5.5100201416e+02 5.5100402832e+02 5.5098699951e+02 5.5099401855e+02 5.5101800537e+02 5.5099102783e+02 5.5100701904e+02 5.5102099609e+02 5.5099597168e+02 5.5100701904e+02 5.5102301025e+02 5.5102197266e+02 5.5098101807e+02 5.5096502686e+02 5.5094299316e+02 5.5091998291e+02 5.5095898438e+02 5.5106597900e+02 5.5115997314e+02 5.5121398926e+02 5.5122698975e+02 5.5116400146e+02 5.5098901367e+02 5.5085797119e+02 5.5085601807e+02 5.5083398438e+02 5.5082299805e+02 5.5087799072e+02 5.5097900391e+02 5.5100500488e+02 5.5102099609e+02 5.5103698730e+02 5.5110198975e+02 5.5103900146e+02 5.5105102539e+02 5.5106097412e+02 5.5111102295e+02 5.5101800537e+02
5.5095001221e+02 5.5096099854e+02 5.5096301270e+02 5.5096398926e+02 5.5096600342e+02 5.5098199463e+02 5.5099102783e+02 5.5098602295e+02 5.5096899414e+02 5.5097601318e+02 5.5097802734e+02 5.5098699951e+02 5.5100097656e+02 5.5098199463e+02 5.5100201416e+02 5.5101800537e+02 5.5098999023e+02 5.5098699951e+02 5.5098297119e+02 5.5099102783e+02 5.5094598389e+02 5.5093103027e+02 5.5090698242e+02 5.5090100098e+02 5.5098297119e+02 5.5107202148e+02 5.5115802002e+02 5.5122302246e+02 5.5125598145e+02 5.5117199707e+02 5.5097497559e+02 5.5081597900e+02 5.5078198242e+02 5.5078601074e+02 5.5078900146e+02 5.5080700684e+02 5.5084802246e+02 5.5090100098e+02 5.5094799805e+02 5.5099499512e+02 5.5102600098e+02 5.5102502441e+02 5.5104602051e+02 5.5106500244e+02 5.5107800293e+02 5.5102301025e+02
5.5093902588e+02 5.5095300293e+02 5.5095599365e+02 5.5095800781e+02 5.5096002197e+02 5.5096600342e+02 5.5097399902e+02 5.5097497559e+02 5.5096600342e+02 5.5096899414e+02 5.5096398926e+02 5.5097302246e+02 5.5099298096e+02 5.5099597168e+02 5.5099597168e+02 5.5099902344e+02 5.5098400879e+02 5.5096997070e+02 5.5095300293e+02 5.5094897461e+02 5.5091302490e+02 5.5091998291e+02 5.5091198730e+02 5.5092700195e+02 5.5100598145e+02 5.5105603027e+02 5.5113299561e+02 5.5120001221e+02 5.5122998047e+02 5.5113500977e+02 5.5094201660e+02 5.5078198242e+02 5.5072802734e+02 5.5070397949e+02 5.5069396973e+02 5.5070202637e+02 5.5073101807e+02 5.5078002930e+02 5.5080499268e+02 5.5083697510e+02 5.5087902832e+02 5.5089398193e+02 5.5092102051e+02 5.5094396973e+02 5.5096301270e+02 5.5089099121e+02
5.5093798828e+02 5.5095001221e+02 5.5095202637e+02 5.5095599365e+02 5.5096002197e+02 5.5095898438e+02 5.5096600342e+02 5.5097497559e+02 5.5098297119e+02 5.5098101807e+02 5.5096099854e+02 5.5096197510e+02 5.5097900391e+02 5.5098498535e+02 5.5097399902e+02 5.5097302246e+02 5.5097399902e+02 5.5094799805e+02 5.5092498779e+02 5.5091400146e+02 5.5091400146e+02 5.5094702148e+02 5.5094299316e+02 5.5094702148e+02 5.5099700928e+02 5.5103802490e+02 5.5110198975e+02 5.5115600586e+02 5.5116497803e+02 5.5106701660e+02 5.5090502930e+02 5.5077801514e+02 5.5075000000e+02 5.5072399902e+02 5.5071002197e+02 5.5074102783e+02 5.5073901367e+02 5.5071801758e+02 5.5070800781e+02 5.5070599365e+02 5.5072802734e+02 5.5074102783e+02 5.5076599121e+02 5.5078802490e+02 5.5080999756e+02 5.5072900391e+02
5.5094097900e+02 5.5093798828e+02 5.5094702148e+02 5.5095898438e+02 5.5096099854e+02 5.5096197510e+02 5.5096502686e+02 5.5097100830e+02 5.5096997070e+02 5.5096099854e+02 5.5095397949e+02 5.5095898438e+02 5.5096899414e+02 5.5096697998e+02 5.5095397949e+02 5.5095697021e+02 5.5096099854e+02 5.5099499512e+02 5.5100701904e+02 5.5098602295e+02 5.5096099854e+02 5.5094702148e+02 5.5091998291e+02 5.5091101074e+02 5.5095501709e+02 5.5102398682e+02 5.5106896973e+02 5.5108801270e+02 5.5102899170e+02 5.5093701172e+02 5.5080499268e+02 5.5071899414e+02 5.5071099854e+02 5.5076702881e+02 5.5074499512e+02 5.5077099609e+02 5.5079602051e+02 5.5075097656e+02 5.5071398926e+02 5.5067700195e+02 5.5067102051e+02 5.5063000488e+02 5.5065197754e+02 5.5069500732e+02 5.5077301025e+02 5.5063897705e+02
5.5093701172e+02 5.5093701172e+02 5.5094396973e+02 5.5095599365e+02 5.5095202637e+02 5.5095397949e+02 5.5094598389e+02 5.5093597412e+02 5.5092700195e+02 5.5092797852e+02 5.5093701172e+02 5.5094598389e+02 5.5096899414e+02 5.5094500732e+02 5.5094396973e+02 5.5097698975e+02 5.5097698975e+02 5.5103698730e+02 5.5107501221e+02 5.5106097412e+02 5.5100299072e+02 5.5094897461e+02 5.5089801025e+02 5.5087097168e+02 5.5090399170e+02 5.5094598389e+02 5.5096997070e+02 5.5096997070e+02 5.5093103027e+02 5.5083398438e+02 5.5073101807e+02 5.5067498779e+02 5.5072399902e+02 5.5072802734e+02 5.5069201660e+02 5.5069097900e+02 5.5075402832e+02 5.5074499512e+02 5.5070300293e+02 5.5066198730e+02 5.5063098145e+02 5.5060400391e+02 5.5061199951e+02 5.5063299561e+02 5.5060900879e+02 5.5052001953e+02
5.5093499756e+02 5.5093103027e+02 5.5091400146e+02 5.5091101074e+02 5.5091302490e+02 5.5090600586e+02 5.5089202881e+02 5.5088702393e+02 5.5089801025e+02 5.5091198730e+02 5.5092199707e+02 5.5091998291e+02 5.5092602539e+02 5.5092498779e+02 5.5099902344e+02 5.5106799316e+02 5.5100897217e+02 5.5104797363e+02 5.5109100342e+02 5.5108197021e+02 5.5104400635e+02 5.5101397705e+02 5.5094897461e+02 5.5088702393e+02 5.5086901855e+02 5.5087097168e+02 5.5087597656e+02 5.5086901855e+02 5.5084600830e+02 5.5080999756e+02 5.5075701904e+02 5.5072998047e+02 5.5075097656e+02 5.5072302246e+02 5.5069396973e+02 5.5069000244e+02 5.5071697998e+02 5.5069702148e+02 5.5065899658e+02 5.5062799072e+02 5.5061199951e+02 5.5060101318e+02 5.5059997559e+02 5.5058898926e+02 5.5053601074e+02 5.5044702148e+02
5.5091101074e+02 5.5089801025e+02 5.5086798096e+02 5.5085699463e+02 5.5086602783e+02 5.5085498047e+02 5.5085198975e+02 5.5087298584e+02 5.5091802979e+02 5.5093798828e+02 5.5093298340e+02 5.5090899658e+02 5.5088500977e+02 5.5088702393e+02 5.5095501709e+02 5.5101300049e+02 5.5098602295e+02 5.5103100586e+02 5.5106597900e+02 5.5105999756e+02 5.5105902100e+02 5.5106597900e+02 5.5099798584e+02 5.5091101074e+02 5.5085198975e+02 5.5083197021e+02 5.5082702637e+02 5.5081896973e+02 5.5080603027e+02 5.5080798340e+02 5.5078698730e+02 5.5077197266e+02 5.5077600098e+02 5.5073699951e+02 5.5071600342e+02 5.5071099854e+02 5.5068701172e+02 5.5065100098e+02 5.5062799072e+02 5.5061999512e+02 5.5063201904e+02 5.5064398193e+02 5.5064099121e+02 5.5061199951e+02 5.5055401611e+02 5.5046002197e+02
5.5087500000e+02 5.5087402344e+02 5.5084399414e+02 5.5083300781e+02 5.5084301758e+02 5.5083099365e+02 5.5085400391e+02 5.5091101074e+02 5.5100000000e+02 5.5099902344e+02 5.5097302246e+02 5.5093499756e+02 5.5093902588e+02 5.5092602539e+02 5.5089898682e+02 5.5092297363e+02 5.5096697998e+02 5.5099200439e+02 5.5099700928e+02 5.5099499512e+02 5.5102099609e+02 5.5105401611e+02 5.5100299072e+02 5.5091101074e+02 5.5085797119e+02 5.5085400391e+02 5.5085699463e+02 5.5085400391e+02 5.5085998535e+02 5.5080798340e+02 5.5077899170e+02 5.5076599121e+02 5.5078002930e+02 5.5074298096e+02 5.5071301270e+02 5.5069097900e+02 5.5066699219e+02 5.5060498047e+02 5.5060601807e+02 5.5064001465e+02 5.5071099854e+02 5.5074102783e+02 5.5071002197e+02 5.5067199707e+02 5.5060601807e+02 5.5049597168e+02
5.5078698730e+02 5.5080603027e+02 5.5080102539e+02 5.5081500244e+02 5.5083099365e+02 5.5082702637e+02 5.5086199951e+02 5.5092199707e+02 5.5099200439e+02 5.5100897217e+02 5.5099401855e+02 5.5097802734e+02 5.5100701904e+02 5.5096600342e+02 5.5088598633e+02 5.5088800049e+02 5.5091302490e+02 5.5091198730e+02 5.5088800049e+02 5.5089697266e+02 5.5095001221e+02 5.5097399902e+02 5.5093402100e+02 5.5086499023e+02 5.5082299805e+02 5.5082098389e+02 5.5081896973e+02 5.5081097412e+02 5.5075000000e+02 5.5066900635e+02 5.5064697266e+02 5.5063702393e+02 5.5062402344e+02 5.5059698486e+02 5.5059899902e+02 5.5056597900e+02 5.5051000977e+02 5.5046099854e+02 5.5051599121e+02 5.5059301758e+02 5.5064300537e+02 5.5066900635e+02 5.5058398438e+02 5.5053601074e+02 5.5050201416e+02 5.5043701172e+02
5.5070898438e+02 5.5073699951e+02 5.5074902344e+02 5.5078100586e+02 5.5079699707e+02 5.5079498291e+02 5.5083398438e+02 5.5088800049e+02 5.5093499756e+02 5.5094201660e+02 5.5092999268e+02 5.5092602539e+02 5.5096301270e+02 5.5093499756e+02 5.5086102295e+02 5.5083001709e+02 5.5080999756e+02 5.5078802490e+02 5.5076098633e+02 5.5078302002e+02 5.5083697510e+02 5.5080999756e+02 5.5076501465e+02 5.5072900391e+02 5.5070501709e+02 5.5067498779e+02 5.5066400146e+02 5.5063397217e+02 5.5059002686e+02 5.5053497314e+02 5.5051501465e+02 5.5049700928e+02 5.5047802734e+02 5.5043902588e+02 5.5042901611e+02 5.5039001465e+02 5.5034997559e+02 5.5030902100e+02 5.5035998535e+02 5.5041497803e+02 5.5044097900e+02 5.5045098877e+02 5.5039202881e+02 5.5036602783e+02 5.5035900879e+02 5.5034301758e+02
5.5066497803e+02 5.5069396973e+02 5.5069396973e+02 5.5070697021e+02 5.5072497559e+02 5.5073901367e+02 5.5078399658e+02 5.5083197021e+02 5.5085302734e+02 5.5083398438e+02 5.5080798340e+02 5.5079998779e+02 5.5082098389e+02 5.5078601074e+02 5.5073901367e+02 5.5070397949e+02 5.5067797852e+02 5.5065997314e+02 5.5064398193e+02 5.5067297363e+02 5.5071899414e+02 5.5067199707e+02 5.5062799072e+02 5.5060498047e+02 5.5059802246e+02 5.5056201172e+02 5.5055401611e+02 5.5051702881e+02 5.5049798584e+02 5.5046600342e+02 5.5043597412e+02 5.5041302490e+02 5.5039300537e+02 5.5034698486e+02 5.5032598877e+02 5.5029498291e+02 5.5026501465e+02 5.5022601318e+02 5.5024798584e+02 5.5027801514e+02 5.5028900146e+02 5.5028997803e+02 5.5027502441e+02 5.5026800537e+02 5.5025299072e+02 5.5025799561e+02
5.5062500000e+02 5.5063201904e+02 5.5063598633e+02 5.5062799072e+02 5.5063098145e+02 5.5067602539e+02 5.5072100830e+02 5.5076000977e+02 5.5078302002e+02 5.5074700928e+02 5.5071002197e+02 5.5068902588e+02 5.5070001221e+02 5.5066802979e+02 5.5062298584e+02 5.5059002686e+02 5.5057202148e+02 5.5057800293e+02 5.5057598877e+02 5.5059899902e+02 5.5061499023e+02 5.5060998535e+02 5.5056597900e+02 5.5051397705e+02 5.5049102783e+02 5.5047198486e+02 5.5046301270e+02 5.5044097900e+02 5.5043103027e+02 5.5039697266e+02 5.5036999512e+02 5.5034997559e+02 5.5032897949e+02 5.5029400635e+02 5.5028601074e+02 5.5025701904e+02 5.5021002197e+02 5.5017797852e+02 5.5020697021e+02 5.5024798584e+02 5.5027502441e+02 5.5027301025e+02 5.5027001953e+02 5.5025000000e+02 5.5020001221e+02 5.5021801758e+02
5.5054797363e+02 5.5054699707e+02 5.5055902100e+02 5.5055603027e+02 5.5056896973e+02 5.5061199951e+02 5.5064599609e+02 5.5067199707e+02 5.5069201660e+02 5.5067901611e+02 5.5066101074e+02 5.5064697266e+02 5.5065399170e+02 5.5060900879e+02 5.5056298828e+02 5.5054797363e+02 5.5054699707e+02 5.5052697754e+02 5.5052301025e+02 5.5055902100e+02 5.5057800293e+02 5.5053002930e+02 5.5046899414e+02 5.5043298340e+02 5.5043798828e+02 5.5041802979e+02 5.5040197754e+02 5.5036901855e+02 5.5035900879e+02 5.5033599854e+02 5.5031701660e+02 5.5029302979e+02 5.5026501465e+02 5.5025598145e+02 5.5023901367e+02 5.5021099854e+02 5.5019299316e+02 5.5015802002e+02 5.5016302490e+02 5.5019000244e+02 5.5023498535e+02 5.5024401855e+02 5.5023297119e+02 5.5020202637e+02 5.5016497803e+02 5.5015899658e+02
5.5048297119e+02 5.5048101807e+02 5.5048199463e+02 5.5049499512e+02 5.5051898193e+02 5.5055102539e+02 5.5057299805e+02 5.5058599854e+02 5.5059301758e+02 5.5059802246e+02 5.5059997559e+02 5.5059497070e+02 5.5059301758e+02 5.5055603027e+02 5.5052301025e+02 5.5051098633e+02 5.5052099609e+02 5.5049200439e+02 5.5048602295e+02 5.5051800537e+02 5.5052001953e+02 5.5046002197e+02 5.5041802979e+02 5.5040502930e+02 5.5039697266e+02 5.5036901855e+02 5.5035400391e+02 5.5032000732e+02 5.5030499268e+02 5.5027398682e+02 5.5024798584e+02 5.5022802734e+02 5.5020501709e+02 5.5019897461e+02 5.5017797852e+02 5.5015698242e+02 5.5015802002e+02 5.5012902832e+02 5.5011700439e+02 5.5012799072e+02 5.5015802002e+02 5.5015997314e+02 5.5015997314e+02 5.5013397217e+02 5.5009698486e+02 5.5007800293e+02
5.5044702148e+02 5.5044702148e+02 5.5043701172e+02 5.5045800781e+02 5.5047399902e+02 5.5049499512e+02 5.5050799561e+02 5.5051202393e+02 5.5051098633e+02 5.5052398682e+02 5.5053497314e+02 5.5053497314e+02 5.5053100586e+02 5.5051702881e+02 5.5049499512e+02 5.5048199463e+02 5.5048999023e+02 5.5047100830e+02 5.5047399902e+02 5.5048498535e+02 5.5045202637e+02 5.5039599609e+02 5.5037799072e+02 5.5037200928e+02 5.5033801270e+02 5.5029602051e+02 5.5028399658e+02 5.5026397705e+02 5.5025500488e+02 5.5021801758e+02 5.5018597412e+02 5.5016302490e+02 5.5015197754e+02 5.5014801025e+02 5.5013598633e+02 5.5012200928e+02 5.5011901855e+02 5.5009399414e+02 5.5006500244e+02 5.5005700684e+02 5.5007800293e+02 5.5008697510e+02 5.5010101318e+02 5.5007299805e+02 5.5001501465e+02 5.5000897217e+02
5.5040899658e+02 5.5042199707e+02 5.5041302490e+02 5.5043798828e+02 5.5043701172e+02 5.5045001221e+02 5.5046197510e+02 5.5046600342e+02 5.5046997070e+02 5.5046997070e+02 5.5047802734e+02 5.5047698975e+02 5.5046997070e+02 5.5046002197e+02 5.5046002197e+02 5.5047399902e+02 5.5045300293e+02 5.5045397949e+02 5.5046197510e+02 5.5044396973e+02 5.5037597656e+02 5.5034002686e+02 5.5032299805e+02 5.5031402588e+02 5.5030297852e+02 5.5024700928e+02 5.5023400879e+02 5.5020098877e+02 5.5018298340e+02 5.5015802002e+02 5.5012701416e+02 5.5011199951e+02 5.5010302734e+02 5.5008197021e+02 5.5008099365e+02 5.5006799316e+02 5.5005603027e+02 5.5005102539e+02 5.5001702881e+02 5.4998699951e+02 5.5000701904e+02 5.4999499512e+02 5.4999597168e+02 5.4998101807e+02 5.4994897461e+02 5.4995501709e+02
5.5042498779e+02 5.5040802002e+02 5.5039001465e+02 5.5040399170e+02 5.5040997314e+02 5.5042498779e+02 5.5042700195e+02 5.5042498779e+02 5.5043402100e+02 5.5043902588e+02 5.5044097900e+02 5.5043798828e+02 5.5042700195e+02 5.5042602539e+02 5.5045202637e+02 5.5045501709e+02 5.5041302490e+02 5.5039801025e+02 5.5038897705e+02 5.5036602783e+02 5.5030102539e+02 5.5028698730e+02 5.5026202393e+02 5.5022198486e+02 5.5020898438e+02 5.5018402100e+02 5.5018103027e+02 5.5013397217e+02 5.5010601807e+02 5.5007897949e+02 5.5005401611e+02 5.5006201172e+02 5.5005902100e+02 5.5003802490e+02 5.5003601074e+02 5.5001501465e+02 5.4998498535e+02 5.4995202637e+02 5.4995001221e+02 5.4993902588e+02 5.4993200684e+02 5.4990899658e+02 5.4990002441e+02 5.4989801025e+02 5.4987701416e+02 5.4989801025e+02
5.5041601563e+02 5.5038897705e+02 5.5038397217e+02 5.5039099121e+02 5.5038598633e+02 5.5040301514e+02 5.5039697266e+02 5.5039001465e+02 5.5040197754e+02 5.5040899658e+02 5.5040600586e+02 5.5040100098e+02 5.5040301514e+02 5.5041601563e+02 5.5043298340e+02 5.5041802979e+02 5.5036999512e+02 5.5033801270e+02 5.5032598877e+02 5.5031298828e+02 5.5026800537e+02 5.5025799561e+02 5.5022601318e+02 5.5018103027e+02 5.5017498779e+02 5.5014398193e+02 5.5012799072e+02 5.5008001709e+02 5.5005700684e+02 5.5002502441e+02 5.5000201416e+02 5.5000402832e+02 5.4998797607e+02 5.4997100830e+02 5.4996099854e+02 5.4995300293e+02 5.4993701172e+02 5.4988201904e+02 5.4988201904e+02 5.4987097168e+02 5.4985498047e+02 5.4983697510e+02 5.4982299805e+02 5.4981701660e+02 5.4980401611e+02 5.4983801270e+02
5.5036798096e+02 5.5034698486e+02 5.5034802246e+02 5.5035998535e+02 5.5034399414e+02 5.5036999512e+02 5.5036999512e+02 5.5036297607e+02 5.5036999512e+02 5.5037500000e+02 5.5036999512e+02 5.5036499023e+02 5.5036602783e+02 5.5036700439e+02 5.5037799072e+02 5.5037701416e+02 5.5034197998e+02 5.5033001709e+02 5.5031701660e+02 5.5028900146e+02 5.5025000000e+02 5.5022698975e+02 5.5019799805e+02 5.5016198730e+02 5.5015698242e+02 5.5010900879e+02 5.5008099365e+02 5.5003002930e+02 5.5001300049e+02 5.4998199463e+02 5.4996002197e+02 5.4995098877e+02 5.4992797852e+02 5.4991699219e+02 5.4990301514e+02 5.4989202881e+02 5.4987902832e+02 5.4983001709e+02 5.4982397461e+02 5.4981701660e+02 5.4980603027e+02 5.4978198242e+02 5.4975799561e+02 5.4974902344e+02 5.4974700928e+02 5.4979101563e+02
