TESTSERVER/10/17.asc
NCOLS 100
NROWS 100
XLLCORNER 7.9997500000e+03
YLLCORNER 2.8910025000e+05
CELLSIZE 5.0000000000e-01
NODATA_VALUE -9.9990000000e+03
[rows 80 to 99 of 100, columns 46 to 91 of 100]
5.4888299561e+02 5.4891101074e+02 5.4894500732e+02 5.4892297363e+02 5.4889001465e+02 5.4885198975e+02 5.4879797363e+02 5.4874102783e+02 5.4867498779e+02 5.4860601807e+02 5.4853100586e+02 5.4848101807e+02 5.4848400879e+02 5.4852099609e+02 5.4854400635e+02 5.4853601074e+02 5.4852301025e+02 5.4850500488e+02 5.4848797607e+02 5.4849102783e+02 5.4849102783e+02 5.4851397705e+02 5.4858099365e+02 5.4869500732e+02 5.4875402832e+02 5.4876098633e+02 5.4871697998e+02 5.4867602539e+02 5.4864599609e+02 5.4861999512e+02 5.4859100342e+02 5.4858300781e+02 5.4858197021e+02 5.4858599854e+02 5.4858898926e+02 5.4859899902e+02 5.4859002686e+02 5.4857098389e+02 5.4855499268e+02 5.4855297852e+02 5.4854101563e+02 5.4854498291e+02 5.4855798340e+02 5.4855798340e+02 5.4855200195e+02 5.4854901123e+02
5.4885498047e+02 5.4888000488e+02 5.4891998291e+02 5.4890997314e+02 5.4888000488e+02 5.4883300781e+02 5.4877398682e+02 5.4871502686e+02 5.4865301514e+02 5.4858898926e+02 5.4852197266e+02 5.4846502686e+02 5.4846002197e+02 5.4848699951e+02 5.4850000000e+02 5.4849798584e+02 5.4849902344e+02 5.4847900391e+02 5.4846197510e+02 5.4847100830e+02 5.4846398926e+02 5.4847802734e+02 5.4854400635e+02 5.4866802979e+02 5.4872998047e+02 5.4872698975e+02 5.4867602539e+02 5.4863897705e+02 5.4861199951e+02 5.4859100342e+02 5.4857800293e+02 5.4857098389e+02 5.4856896973e+02 5.4856799316e+02 5.4855999756e+02 5.4856402588e+02 5.4855700684e+02 5.4853399658e+02 5.4851397705e+02 5.4851702881e+02 5.4851397705e+02 5.4851702881e+02 5.4852899170e+02 5.4853399658e+02 5.4853002930e+02 5.4852697754e+02
5.4883801270e+02 5.4886102295e+02 5.4889801025e+02 5.4889501953e+02 5.4886602783e+02 5.4881597900e+02 5.4874700928e+02 5.4868499756e+02 5.4862799072e+02 5.4857000732e+02 5.4850897217e+02 5.4843499756e+02 5.4842102051e+02 5.4844201660e+02 5.4844396973e+02 5.4844097900e+02 5.4845098877e+02 5.4844097900e+02 5.4842498779e+02 5.4843597412e+02 5.4843200684e+02 5.4844299316e+02 5.4850000000e+02 5.4861499023e+02 5.4867498779e+02 5.4867401123e+02 5.4863598633e+02 5.4860498047e+02 5.4858099365e+02 5.4856701660e+02 5.4856298828e+02 5.4855798340e+02 5.4855499268e+02 5.4854998779e+02 5.4853802490e+02 5.4853698730e+02 5.4852899170e+02 5.4850299072e+02 5.4847802734e+02 5.4847998047e+02 5.4848400879e+02 5.4849200439e+02 5.4850201416e+02 5.4850701904e+02 5.4850598145e+02 5.4850701904e+02
5.4882299805e+02 5.4884197998e+02 5.4887097168e+02 5.4887200928e+02 5.4884399414e+02 5.4879101563e+02 5.4871398926e+02 5.4864801025e+02 5.4859497070e+02 5.4854498291e+02 5.4849298096e+02 5.4840197754e+02 5.4837500000e+02 5.4839300537e+02 5.4839398193e+02 5.4839599609e+02 5.4841699219e+02 5.4841400146e+02 5.4838598633e+02 5.4839398193e+02 5.4839801025e+02 5.4840802002e+02 5.4845697021e+02 5.4856500244e+02 5.4862597656e+02 5.4863201904e+02 5.4860400391e+02 5.4857702637e+02 5.4855603027e+02 5.4854302979e+02 5.4853997803e+02 5.4853399658e+02 5.4853198242e+02 5.4852899170e+02 5.4851898193e+02 5.4851501465e+02 5.4850897217e+02 5.4848602295e+02 5.4845898438e+02 5.4846099854e+02 5.4846600342e+02 5.4847302246e+02 5.4847802734e+02 5.4847900391e+02 5.4847802734e+02 5.4848199463e+02
5.4880603027e+02 5.4882000732e+02 5.4883502197e+02 5.4882800293e+02 5.4879602051e+02 5.4874298096e+02 5.4866601563e+02 5.4860101318e+02 5.4855297852e+02 5.4851397705e+02 5.4848297119e+02 5.4839099121e+02 5.4834698486e+02 5.4835302734e+02 5.4836798096e+02 5.4836102295e+02 5.4838397217e+02 5.4838500977e+02 5.4836102295e+02 5.4836297607e+02 5.4836499023e+02 5.4837200928e+02 5.4841998291e+02 5.4852801514e+02 5.4859100342e+02 5.4859399414e+02 5.4858001709e+02 5.4855902100e+02 5.4853802490e+02 5.4852197266e+02 5.4851599121e+02 5.4850402832e+02 5.4850402832e+02 5.4850897217e+02 5.4850500488e+02 5.4847900391e+02 5.4847302246e+02 5.4845800781e+02 5.4844897461e+02 5.4844799805e+02 5.4844799805e+02 5.4845001221e+02 5.4845001221e+02 5.4845501709e+02 5.4845300293e+02 5.4845800781e+02
5.4877697754e+02 5.4878399658e+02 5.4878997803e+02 5.4877301025e+02 5.4873400879e+02 5.4868200684e+02 5.4861499023e+02 5.4855297852e+02 5.4851000977e+02 5.4847900391e+02 5.4844897461e+02 5.4837097168e+02 5.4832202148e+02 5.4832202148e+02 5.4834197998e+02 5.4834600830e+02 5.4835998535e+02 5.4834100342e+02 5.4832299805e+02 5.4833300781e+02 5.4833697510e+02 5.4834100342e+02 5.4838000488e+02 5.4850201416e+02 5.4856500244e+02 5.4854400635e+02 5.4854699707e+02 5.4854400635e+02 5.4851501465e+02 5.4849200439e+02 5.4847802734e+02 5.4846801758e+02 5.4847399902e+02 5.4848199463e+02 5.4847399902e+02 5.4846099854e+02 5.4844396973e+02 5.4842297363e+02 5.4841400146e+02 5.4841302490e+02 5.4841601563e+02 5.4842199707e+02 5.4841998291e+02 5.4842199707e+02 5.4841900635e+02 5.4842602539e+02
5.4874102783e+02 5.4874102783e+02 5.4874200439e+02 5.4872399902e+02 5.4868200684e+02 5.4862902832e+02 5.4856298828e+02 5.4850598145e+02 5.4846398926e+02 5.4843200684e+02 5.4840002441e+02 5.4833300781e+02 5.4829400635e+02 5.4829901123e+02 5.4832702637e+02 5.4833898926e+02 5.4834197998e+02 5.4830798340e+02 5.4828497314e+02 5.4830102539e+02 5.4831799316e+02 5.4832202148e+02 5.4834497070e+02 5.4847601318e+02 5.4854101563e+02 5.4851202393e+02 5.4850799561e+02 5.4851501465e+02 5.4849401855e+02 5.4847302246e+02 5.4845397949e+02 5.4844299316e+02 5.4844396973e+02 5.4844201660e+02 5.4842999268e+02 5.4843402100e+02 5.4841802979e+02 5.4839898682e+02 5.4838897705e+02 5.4838098145e+02 5.4837799072e+02 5.4838397217e+02 5.4838598633e+02 5.4839099121e+02 5.4839001465e+02 5.4839697266e+02
5.4870800781e+02 5.4870300293e+02 5.4869598389e+02 5.4867498779e+02 5.4863201904e+02 5.4857702637e+02 5.4851397705e+02 5.4846002197e+02 5.4841601563e+02 5.4838098145e+02 5.4834301758e+02 5.4829101563e+02 5.4826501465e+02 5.4827502441e+02 5.4830102539e+02 5.4830200195e+02 5.4829901123e+02 5.4826800537e+02 5.4824401855e+02 5.4825701904e+02 5.4828698730e+02 5.4829699707e+02 5.4830902100e+02 5.4843499756e+02 5.4851702881e+02 5.4850201416e+02 5.4848901367e+02 5.4849401855e+02 5.4848297119e+02 5.4846801758e+02 5.4843902588e+02 5.4842401123e+02 5.4841900635e+02 5.4841302490e+02 5.4840698242e+02 5.4841998291e+02 5.4840100098e+02 5.4837500000e+02 5.4835797119e+02 5.4834497070e+02 5.4834301758e+02 5.4835198975e+02 5.4835601807e+02 5.4836401367e+02 5.4836401367e+02 5.4837097168e+02
5.4868597412e+02 5.4867797852e+02 5.4865802002e+02 5.4862298584e+02 5.4858197021e+02 5.4853497314e+02 5.4848400879e+02 5.4841699219e+02 5.4836700439e+02 5.4832299805e+02 5.4827899170e+02 5.4824499512e+02 5.4822998047e+02 5.4823797607e+02 5.4824902344e+02 5.4824798584e+02 5.4824798584e+02 5.4823797607e+02 5.4823101807e+02 5.4821002197e+02 5.4824102783e+02 5.4826702881e+02 5.4827899170e+02 5.4838897705e+02 5.4849700928e+02 5.4851000977e+02 5.4847802734e+02 5.4846899414e+02 5.4845898438e+02 5.4844500732e+02 5.4841497803e+02 5.4840002441e+02 5.4840399170e+02 5.4840600586e+02 5.4840502930e+02 5.4839801025e+02 5.4836999512e+02 5.4834698486e+02 5.4832299805e+02 5.4831402588e+02 5.4832397461e+02 5.4834002686e+02 5.4833898926e+02 5.4833300781e+02 5.4832897949e+02 5.4833697510e+02
5.4866101074e+02 5.4865997314e+02 5.4862902832e+02 5.4857897949e+02 5.4853997803e+02 5.4849798584e+02 5.4845001221e+02 5.4839099121e+02 5.4833697510e+02 5.4828802490e+02 5.4824902344e+02 5.4821301270e+02 5.4820202637e+02 5.4820501709e+02 5.4820202637e+02 5.4821301270e+02 5.4821398926e+02 5.4820397949e+02 5.4820599365e+02 5.4819396973e+02 5.4821002197e+02 5.4823101807e+02 5.4823498535e+02 5.4833599854e+02 5.4851599121e+02 5.4856097412e+02 5.4848400879e+02 5.4845599365e+02 5.4843798828e+02 5.4841699219e+02 5.4838702393e+02 5.4837701416e+02 5.4837902832e+02 5.4837701416e+02 5.4836798096e+02 5.4835797119e+02 5.4833801270e+02 5.4832800293e+02 5.4830999756e+02 5.4829797363e+02 5.4829302979e+02 5.4829797363e+02 5.4829400635e+02 5.4829602051e+02 5.4829699707e+02 5.4830499268e+02
5.4862799072e+02 5.4863000488e+02 5.4859899902e+02 5.4854699707e+02 5.4850598145e+02 5.4846301270e+02 5.4841900635e+02 5.4836798096e+02 5.4831701660e+02 5.4826898193e+02 5.4822302246e+02 5.4818701172e+02 5.4818103027e+02 5.4818200684e+02 5.4816699219e+02 5.4818499756e+02 5.4818499756e+02 5.4816699219e+02 5.4816601563e+02 5.4816198730e+02 5.4817498779e+02 5.4819500732e+02 5.4819598389e+02 5.4827899170e+02 5.4851800537e+02 5.4862298584e+02 5.4852001953e+02 5.4845599365e+02 5.4841601563e+02 5.4838299561e+02 5.4835400391e+02 5.4834899902e+02 5.4835101318e+02 5.4834197998e+02 5.4833001709e+02 5.4833001709e+02 5.4831799316e+02 5.4830603027e+02 5.4827899170e+02 5.4826397705e+02 5.4824798584e+02 5.4825201416e+02 5.4825402832e+02 5.4826702881e+02 5.4827502441e+02 5.4828100586e+02
5.4858801270e+02 5.4859197998e+02 5.4856701660e+02 5.4851702881e+02 5.4847601318e+02 5.4843200684e+02 5.4839001465e+02 5.4834600830e+02 5.4829998779e+02 5.4825402832e+02 5.4820800781e+02 5.4816802979e+02 5.4815698242e+02 5.4815197754e+02 5.4813800049e+02 5.4815802002e+02 5.4815600586e+02 5.4813897705e+02 5.4812500000e+02 5.4811499023e+02 5.4813000488e+02 5.4815399170e+02 5.4815502930e+02 5.4821801758e+02 5.4848498535e+02 5.4864398193e+02 5.4854498291e+02 5.4844702148e+02 5.4838397217e+02 5.4834600830e+02 5.4832397461e+02 5.4832000732e+02 5.4832598877e+02 5.4831500244e+02 5.4829699707e+02 5.4829901123e+02 5.4828601074e+02 5.4826898193e+02 5.4825097656e+02 5.4824102783e+02 5.4822100830e+02 5.4822601318e+02 5.4822998047e+02 5.4824597168e+02 5.4825799561e+02 5.4826098633e+02
5.4854101563e+02 5.4854101563e+02 5.4851599121e+02 5.4848602295e+02 5.4844799805e+02 5.4840502930e+02 5.4836297607e+02 5.4832397461e+02 5.4828302002e+02 5.4824102783e+02 5.4820300293e+02 5.4815600586e+02 5.4813201904e+02 5.4812597656e+02 5.4812200928e+02 5.4812298584e+02 5.4812200928e+02 5.4811700439e+02 5.4810198975e+02 5.4809399414e+02 5.4810400391e+02 5.4812200928e+02 5.4812097168e+02 5.4817901611e+02 5.4842199707e+02 5.4858398438e+02 5.4850500488e+02 5.4840899658e+02 5.4834301758e+02 5.4831402588e+02 5.4830297852e+02 5.4829199219e+02 5.4829602051e+02 5.4828997803e+02 5.4827502441e+02 5.4826702881e+02 5.4825500488e+02 5.4823999023e+02 5.4823498535e+02 5.4822100830e+02 5.4820898438e+02 5.4821197510e+02 5.4821801758e+02 5.4822802734e+02 5.4823602295e+02 5.4824200439e+02
5.4849902344e+02 5.4849401855e+02 5.4847900391e+02 5.4845397949e+02 5.4842297363e+02 5.4838598633e+02 5.4834399414e+02 5.4830603027e+02 5.4826702881e+02 5.4822802734e+02 5.4818798828e+02 5.4814099121e+02 5.4811499023e+02 5.4810998535e+02 5.4811102295e+02 5.4811102295e+02 5.4809899902e+02 5.4809899902e+02 5.4808697510e+02 5.4809100342e+02 5.4808898926e+02 5.4808697510e+02 5.4808001709e+02 5.4812097168e+02 5.4833599854e+02 5.4847302246e+02 5.4841497803e+02 5.4836102295e+02 5.4830603027e+02 5.4827697754e+02 5.4827398682e+02 5.4826300049e+02 5.4826702881e+02 5.4826599121e+02 5.4824499512e+02 5.4823297119e+02 5.4822497559e+02 5.4821502686e+02 5.4820397949e+02 5.4820098877e+02 5.4819500732e+02 5.4819201660e+02 5.4819000244e+02 5.4820300293e+02 5.4821002197e+02 5.4821600342e+02
5.4846398926e+02 5.4845898438e+02 5.4844500732e+02 5.4842498779e+02 5.4839697266e+02 5.4836401367e+02 5.4832598877e+02 5.4829302979e+02 5.4825799561e+02 5.4822302246e+02 5.4818499756e+02 5.4813098145e+02 5.4809197998e+02 5.4808300781e+02 5.4808197021e+02 5.4808197021e+02 5.4807299805e+02 5.4807501221e+02 5.4806500244e+02 5.4806097412e+02 5.4805401611e+02 5.4804797363e+02 5.4804302979e+02 5.4806896973e+02 5.4824798584e+02 5.4837200928e+02 5.4834698486e+02 5.4832299805e+02 5.4827398682e+02 5.4823699951e+02 5.4823400879e+02 5.4822900391e+02 5.4823101807e+02 5.4823602295e+02 5.4821697998e+02 5.4820697021e+02 5.4819702148e+02 5.4818402100e+02 5.4817199707e+02 5.4816900635e+02 5.4816101074e+02 5.4815802002e+02 5.4816302490e+02 5.4817797852e+02 5.4818402100e+02 5.4819000244e+02
5.4843499756e+02 5.4842901611e+02 5.4841400146e+02 5.4839398193e+02 5.4836999512e+02 5.4834002686e+02 5.4830902100e+02 5.4828198242e+02 5.4825201416e+02 5.4821899414e+02 5.4819201660e+02 5.4812597656e+02 5.4806896973e+02 5.4805102539e+02 5.4804400635e+02 5.4804302979e+02 5.4803802490e+02 5.4803802490e+02 5.4804199219e+02 5.4803100586e+02 5.4802001953e+02 5.4801501465e+02 5.4801300049e+02 5.4802502441e+02 5.4817498779e+02 5.4830499268e+02 5.4830798340e+02 5.4829199219e+02 5.4824902344e+02 5.4820800781e+02 5.4820202637e+02 5.4820098877e+02 5.4819396973e+02 5.4819097900e+02 5.4818402100e+02 5.4817901611e+02 5.4816497803e+02 5.4815502930e+02 5.4815002441e+02 5.4814398193e+02 5.4813201904e+02 5.4813201904e+02 5.4814501953e+02 5.4815301514e+02 5.4815899658e+02 5.4816497803e+02
5.4841302490e+02 5.4840197754e+02 5.4838397217e+02 5.4836401367e+02 5.4834100342e+02 5.4831500244e+02 5.4828997803e+02 5.4827001953e+02 5.4824298096e+02 5.4821398926e+02 5.4820800781e+02 5.4812097168e+02 5.4804498291e+02 5.4801898193e+02 5.4801501465e+02 5.4801000977e+02 5.4801000977e+02 5.4801000977e+02 5.4802301025e+02 5.4801202393e+02 5.4799597168e+02 5.4798602295e+02 5.4797601318e+02 5.4798199463e+02 5.4809399414e+02 5.4823199463e+02 5.4826599121e+02 5.4826300049e+02 5.4823199463e+02 5.4819299316e+02 5.4818597412e+02 5.4818103027e+02 5.4816699219e+02 5.4815502930e+02 5.4815997314e+02 5.4815100098e+02 5.4813201904e+02 5.4812701416e+02 5.4812701416e+02 5.4811102295e+02 5.4809600830e+02 5.4810302734e+02 5.4812500000e+02 5.4813299561e+02 5.4813800049e+02 5.4813800049e+02
5.4838702393e+02 5.4836999512e+02 5.4835101318e+02 5.4833300781e+02 5.4831097412e+02 5.4828601074e+02 5.4826300049e+02 5.4824401855e+02 5.4821600342e+02 5.4818499756e+02 5.4815899658e+02 5.4806701660e+02 5.4800000000e+02 5.4798797607e+02 5.4798797607e+02 5.4798101807e+02 5.4798602295e+02 5.4798602295e+02 5.4798101807e+02 5.4797601318e+02 5.4796398926e+02 5.4795397949e+02 5.4794799805e+02 5.4794897461e+02 5.4803997803e+02 5.4819097900e+02 5.4823400879e+02 5.4822900391e+02 5.4820697021e+02 5.4816302490e+02 5.4815399170e+02 5.4815002441e+02 5.4814001465e+02 5.4813201904e+02 5.4812902832e+02 5.4811602783e+02 5.4810797119e+02 5.4810699463e+02 5.4809802246e+02 5.4808599854e+02 5.4807800293e+02 5.4808697510e+02 5.4810699463e+02 5.4812200928e+02 5.4812500000e+02 5.4812200928e+02
5.4835797119e+02 5.4834002686e+02 5.4831896973e+02 5.4830200195e+02 5.4828100586e+02 5.4825701904e+02 5.4823297119e+02 5.4821002197e+02 5.4817999268e+02 5.4814697266e+02 5.4810198975e+02 5.4801702881e+02 5.4796697998e+02 5.4796099854e+02 5.4796002197e+02 5.4796197510e+02 5.4797100830e+02 5.4796600342e+02 5.4795202637e+02 5.4794702148e+02 5.4794396973e+02 5.4793499756e+02 5.4792199707e+02 5.4791802979e+02 5.4798101807e+02 5.4812701416e+02 5.4821002197e+02 5.4820501709e+02 5.4818798828e+02 5.4815100098e+02 5.4813000488e+02 5.4811798096e+02 5.4809802246e+02 5.4809600830e+02 5.4809802246e+02 5.4809002686e+02 5.4808300781e+02 5.4807598877e+02 5.4806597900e+02 5.4806402588e+02 5.4806201172e+02 5.4806896973e+02 5.4808197021e+02 5.4810101318e+02 5.4810699463e+02 5.4810400391e+02
5.4833001709e+02 5.4831201172e+02 5.4828900146e+02 5.4827197266e+02 5.4825000000e+02 5.4822601318e+02 5.4820001221e+02 5.4817199707e+02 5.4813800049e+02 5.4810101318e+02 5.4805200195e+02 5.4798699951e+02 5.4794598389e+02 5.4793701172e+02 5.4792602539e+02 5.4794598389e+02 5.4796197510e+02 5.4795098877e+02 5.4792401123e+02 5.4791802979e+02 5.4792401123e+02 5.4791699219e+02 5.4789801025e+02 5.4789099121e+02 5.4792401123e+02 5.4804901123e+02 5.4817498779e+02 5.4818499756e+02 5.4817700195e+02 5.4814801025e+02 5.4811499023e+02 5.4808801270e+02 5.4806097412e+02 5.4806298828e+02 5.4806799316e+02 5.4807501221e+02 5.4806402588e+02 5.4804699707e+02 5.4803802490e+02 5.4803900146e+02 5.4803601074e+02 5.4803900146e+02 5.4805200195e+02 5.4807702637e+02 5.4808599854e+02 5.4808398438e+02
