TESTSERVER/10/17.asc
NCOLS 100
NROWS 100
XLLCORNER 7.9997500000e+03
YLLCORNER 2.8910025000e+05
CELLSIZE 5.0000000000e-01
NODATA_VALUE -9.9990000000e+03
[rows 60 to 79 of 100, columns 46 to 91 of 100]
5.4947399902e+02 5.4948797607e+02 5.4950598145e+02 5.4953497314e+02 5.4953900146e+02 5.4953198242e+02 5.4953997803e+02 5.4946502686e+02 5.4926501465e+02 5.4910498047e+02 5.4907501221e+02 5.4910601807e+02 5.4910601807e+02 5.4909899902e+02 5.4909002686e+02 5.4909802246e+02 5.4910601807e+02 5.4910601807e+02 5.4911602783e+02 5.4906500244e+02 5.4913098145e+02 5.4934698486e+02 5.4945697021e+02 5.4929797363e+02 5.4915002441e+02 5.4909197998e+02 5.4904602051e+02 5.4903198242e+02 5.4903601074e+02 5.4903497314e+02 5.4903399658e+02 5.4901397705e+02 5.4899499512e+02 5.4899200439e+02 5.4898699951e+02 5.4899200439e+02 5.4898297119e+02 5.4896697998e+02 5.4896899414e+02 5.4898999023e+02 5.4898699951e+02 5.4899902344e+02 5.4900000000e+02 5.4900097656e+02 5.4900299072e+02 5.4899200439e+02
5.4945599365e+02 5.4946502686e+02 5.4946899414e+02 5.4947198486e+02 5.4946398926e+02 5.4944299316e+02 5.4944702148e+02 5.4938299561e+02 5.4921697998e+02 5.4907800293e+02 5.4905798340e+02 5.4907897949e+02 5.4907397461e+02 5.4908197021e+02 5.4906097412e+02 5.4907098389e+02 5.4908300781e+02 5.4907598877e+02 5.4908099365e+02 5.4902697754e+02 5.4909698486e+02 5.4936102295e+02 5.4948400879e+02 5.4934497070e+02 5.4918597412e+02 5.4909899902e+02 5.4905499268e+02 5.4903601074e+02 5.4902600098e+02 5.4900897217e+02 5.4899902344e+02 5.4897802734e+02 5.4895800781e+02 5.4896502686e+02 5.4897802734e+02 5.4897998047e+02 5.4895800781e+02 5.4893798828e+02 5.4894702148e+02 5.4896301270e+02 5.4895898438e+02 5.4897198486e+02 5.4897100830e+02 5.4895599365e+02 5.4895697021e+02 5.4896197510e+02
5.4942999268e+02 5.4943701172e+02 5.4943402100e+02 5.4942297363e+02 5.4940399170e+02 5.4937402344e+02 5.4935302734e+02 5.4929797363e+02 5.4916900635e+02 5.4905297852e+02 5.4903100586e+02 5.4905401611e+02 5.4905102539e+02 5.4903900146e+02 5.4902001953e+02 5.4902801514e+02 5.4904797363e+02 5.4904302979e+02 5.4903997803e+02 5.4899200439e+02 5.4904400635e+02 5.4928302002e+02 5.4939599609e+02 5.4929199219e+02 5.4916802979e+02 5.4907702637e+02 5.4902899170e+02 5.4900299072e+02 5.4899401855e+02 5.4898999023e+02 5.4897998047e+02 5.4895501709e+02 5.4894201660e+02 5.4894598389e+02 5.4894799805e+02 5.4895501709e+02 5.4892700195e+02 5.4890399170e+02 5.4891998291e+02 5.4893597412e+02 5.4893200684e+02 5.4894500732e+02 5.4894598389e+02 5.4893103027e+02 5.4893499756e+02 5.4894396973e+02
5.4940100098e+02 5.4940600586e+02 5.4940100098e+02 5.4938201904e+02 5.4935601807e+02 5.4931799316e+02 5.4928100586e+02 5.4923498535e+02 5.4913397217e+02 5.4903002930e+02 5.4899102783e+02 5.4901300049e+02 5.4901202393e+02 5.4899499512e+02 5.4900799561e+02 5.4900299072e+02 5.4900701904e+02 5.4898999023e+02 5.4898797607e+02 5.4896899414e+02 5.4900299072e+02 5.4917700195e+02 5.4925201416e+02 5.4917602539e+02 5.4910498047e+02 5.4903802490e+02 5.4899401855e+02 5.4896899414e+02 5.4896502686e+02 5.4897399902e+02 5.4896997070e+02 5.4895898438e+02 5.4895599365e+02 5.4895202637e+02 5.4893701172e+02 5.4894396973e+02 5.4891497803e+02 5.4888897705e+02 5.4890197754e+02 5.4891601563e+02 5.4891302490e+02 5.4892297363e+02 5.4892797852e+02 5.4892199707e+02 5.4892700195e+02 5.4893200684e+02
5.4936901855e+02 5.4937500000e+02 5.4937097168e+02 5.4935498047e+02 5.4932800293e+02 5.4928601074e+02 5.4924102783e+02 5.4920098877e+02 5.4910400391e+02 5.4899700928e+02 5.4894396973e+02 5.4897998047e+02 5.4898602295e+02 5.4896502686e+02 5.4898999023e+02 5.4897302246e+02 5.4895202637e+02 5.4892901611e+02 5.4893200684e+02 5.4895098877e+02 5.4898297119e+02 5.4910699463e+02 5.4922998047e+02 5.4910498047e+02 5.4904400635e+02 5.4899499512e+02 5.4896002197e+02 5.4894500732e+02 5.4895098877e+02 5.4895599365e+02 5.4895098877e+02 5.4893902588e+02 5.4893200684e+02 5.4893103027e+02 5.4892797852e+02 5.4892498779e+02 5.4890502930e+02 5.4888800049e+02 5.4888897705e+02 5.4889801025e+02 5.4889697266e+02 5.4890899658e+02 5.4891900635e+02 5.4891699219e+02 5.4891802979e+02 5.4892102051e+02
5.4933197021e+02 5.4934497070e+02 5.4934600830e+02 5.4933398438e+02 5.4930798340e+02 5.4925897217e+02 5.4920098877e+02 5.4918103027e+02 5.4909399414e+02 5.4897900391e+02 5.4892602539e+02 5.4895800781e+02 5.4896801758e+02 5.4893902588e+02 5.4892602539e+02 5.4888201904e+02 5.4886102295e+02 5.4886297607e+02 5.4890802002e+02 5.4892999268e+02 5.4893298340e+02 5.4901898193e+02 5.4914300537e+02 5.4907897949e+02 5.4901397705e+02 5.4896301270e+02 5.4892999268e+02 5.4892602539e+02 5.4892999268e+02 5.4893200684e+02 5.4893200684e+02 5.4891302490e+02 5.4890698242e+02 5.4890802002e+02 5.4890197754e+02 5.4889697266e+02 5.4888000488e+02 5.4886602783e+02 5.4886901855e+02 5.4888000488e+02 5.4888299561e+02 5.4888897705e+02 5.4889099121e+02 5.4889202881e+02 5.4888897705e+02 5.4889300537e+02
5.4929901123e+02 5.4931896973e+02 5.4933502197e+02 5.4932598877e+02 5.4929400635e+02 5.4923602295e+02 5.4915399170e+02 5.4914202881e+02 5.4907702637e+02 5.4896502686e+02 5.4889697266e+02 5.4890997314e+02 5.4892102051e+02 5.4890100098e+02 5.4887597656e+02 5.4885400391e+02 5.4885302734e+02 5.4885900879e+02 5.4888800049e+02 5.4889898682e+02 5.4889697266e+02 5.4897802734e+02 5.4910101318e+02 5.4903698730e+02 5.4897302246e+02 5.4892602539e+02 5.4890002441e+02 5.4890698242e+02 5.4891400146e+02 5.4891699219e+02 5.4891601563e+02 5.4889202881e+02 5.4888702393e+02 5.4888800049e+02 5.4888000488e+02 5.4887701416e+02 5.4886297607e+02 5.4885302734e+02 5.4885601807e+02 5.4886999512e+02 5.4887298584e+02 5.4886901855e+02 5.4886798096e+02 5.4887200928e+02 5.4886401367e+02 5.4886199951e+02
5.4927301025e+02 5.4930297852e+02 5.4933398438e+02 5.4932702637e+02 5.4928601074e+02 5.4921600342e+02 5.4911700439e+02 5.4910302734e+02 5.4904901123e+02 5.4894396973e+02 5.4887402344e+02 5.4887402344e+02 5.4889501953e+02 5.4890002441e+02 5.4886700439e+02 5.4886602783e+02 5.4887200928e+02 5.4886798096e+02 5.4887200928e+02 5.4886602783e+02 5.4886602783e+02 5.4896997070e+02 5.4909399414e+02 5.4899499512e+02 5.4893597412e+02 5.4890502930e+02 5.4888299561e+02 5.4888299561e+02 5.4888702393e+02 5.4889099121e+02 5.4889202881e+02 5.4887597656e+02 5.4886999512e+02 5.4886700439e+02 5.4886102295e+02 5.4886401367e+02 5.4885101318e+02 5.4883898926e+02 5.4883898926e+02 5.4885101318e+02 5.4885198975e+02 5.4884600830e+02 5.4885302734e+02 5.4885998535e+02 5.4884698486e+02 5.4884301758e+02
5.4925500488e+02 5.4929602051e+02 5.4933697510e+02 5.4932702637e+02 5.4927801514e+02 5.4920001221e+02 5.4911602783e+02 5.4905603027e+02 5.4899499512e+02 5.4891400146e+02 5.4886499023e+02 5.4884997559e+02 5.4887200928e+02 5.4889599609e+02 5.4886499023e+02 5.4885601807e+02 5.4884197998e+02 5.4883599854e+02 5.4885302734e+02 5.4884100342e+02 5.4884100342e+02 5.4893902588e+02 5.4904101563e+02 5.4896801758e+02 5.4893103027e+02 5.4891601563e+02 5.4889099121e+02 5.4887200928e+02 5.4886499023e+02 5.4886401367e+02 5.4886199951e+02 5.4885498047e+02 5.4884899902e+02 5.4884197998e+02 5.4883599854e+02 5.4884899902e+02 5.4883502197e+02 5.4881597900e+02 5.4881500244e+02 5.4882098389e+02 5.4882501221e+02 5.4882897949e+02 5.4883099365e+02 5.4883502197e+02 5.4882897949e+02 5.4883001709e+02
5.4922998047e+02 5.4926898193e+02 5.4930603027e+02 5.4930102539e+02 5.4925201416e+02 5.4917297363e+02 5.4907202148e+02 5.4898901367e+02 5.4891802979e+02 5.4885900879e+02 5.4882202148e+02 5.4880200195e+02 5.4882098389e+02 5.4885302734e+02 5.4884698486e+02 5.4885998535e+02 5.4882299805e+02 5.4880401611e+02 5.4882299805e+02 5.4881500244e+02 5.4881500244e+02 5.4889099121e+02 5.4899401855e+02 5.4895300293e+02 5.4892401123e+02 5.4891198730e+02 5.4889300537e+02 5.4885797119e+02 5.4883898926e+02 5.4883502197e+02 5.4884002686e+02 5.4883801270e+02 5.4883099365e+02 5.4882397461e+02 5.4881597900e+02 5.4881701660e+02 5.4880902100e+02 5.4880297852e+02 5.4880102539e+02 5.4880297852e+02 5.4880499268e+02 5.4880603027e+02 5.4880902100e+02 5.4881896973e+02 5.4881298828e+02 5.4880999756e+02
5.4920098877e+02 5.4923297119e+02 5.4926300049e+02 5.4925799561e+02 5.4921002197e+02 5.4913000488e+02 5.4901702881e+02 5.4891699219e+02 5.4885198975e+02 5.4880902100e+02 5.4879400635e+02 5.4878497314e+02 5.4879797363e+02 5.4881896973e+02 5.4882098389e+02 5.4884997559e+02 5.4880499268e+02 5.4877600098e+02 5.4879302979e+02 5.4878997803e+02 5.4878900146e+02 5.4884802246e+02 5.4893902588e+02 5.4892401123e+02 5.4890997314e+02 5.4890997314e+02 5.4889300537e+02 5.4884100342e+02 5.4881201172e+02 5.4880499268e+02 5.4881500244e+02 5.4882000732e+02 5.4881500244e+02 5.4880499268e+02 5.4879699707e+02 5.4879400635e+02 5.4878698730e+02 5.4878100586e+02 5.4876800537e+02 5.4878100586e+02 5.4878601074e+02 5.4878497314e+02 5.4879101563e+02 5.4880297852e+02 5.4879199219e+02 5.4878100586e+02
5.4916900635e+02 5.4919299316e+02 5.4921600342e+02 5.4921002197e+02 5.4916400146e+02 5.4908801270e+02 5.4896899414e+02 5.4886401367e+02 5.4880999756e+02 5.4878100586e+02 5.4876898193e+02 5.4875897217e+02 5.4876202393e+02 5.4877099609e+02 5.4878497314e+02 5.4881402588e+02 5.4877099609e+02 5.4874597168e+02 5.4877001953e+02 5.4877001953e+02 5.4875897217e+02 5.4879797363e+02 5.4889099121e+02 5.4890100098e+02 5.4889898682e+02 5.4890197754e+02 5.4888299561e+02 5.4882397461e+02 5.4878997803e+02 5.4878100586e+02 5.4879400635e+02 5.4880102539e+02 5.4879302979e+02 5.4877801514e+02 5.4876800537e+02 5.4877099609e+02 5.4876702881e+02 5.4875701904e+02 5.4873400879e+02 5.4875000000e+02 5.4875097656e+02 5.4875000000e+02 5.4876300049e+02 5.4877899170e+02 5.4876599121e+02 5.4875299072e+02
5.4913800049e+02 5.4915502930e+02 5.4916998291e+02 5.4916400146e+02 5.4912097168e+02 5.4905102539e+02 5.4893701172e+02 5.4884600830e+02 5.4880200195e+02 5.4877398682e+02 5.4874102783e+02 5.4871899414e+02 5.4871697998e+02 5.4872698975e+02 5.4875201416e+02 5.4876000977e+02 5.4873199463e+02 5.4871899414e+02 5.4874298096e+02 5.4874401855e+02 5.4872399902e+02 5.4874499512e+02 5.4885900879e+02 5.4889099121e+02 5.4889202881e+02 5.4888201904e+02 5.4885302734e+02 5.4881701660e+02 5.4878997803e+02 5.4877801514e+02 5.4878002930e+02 5.4877899170e+02 5.4876702881e+02 5.4875097656e+02 5.4874499512e+02 5.4875000000e+02 5.4874499512e+02 5.4873498535e+02 5.4872198486e+02 5.4872802734e+02 5.4872399902e+02 5.4872399902e+02 5.4873199463e+02 5.4874200439e+02 5.4873602295e+02 5.4873199463e+02
5.4911700439e+02 5.4913702393e+02 5.4913897705e+02 5.4912200928e+02 5.4908502197e+02 5.4902099609e+02 5.4891802979e+02 5.4883197021e+02 5.4878601074e+02 5.4875000000e+02 5.4871099854e+02 5.4867199707e+02 5.4868200684e+02 5.4870800781e+02 5.4871997070e+02 5.4871301270e+02 5.4870098877e+02 5.4869299316e+02 5.4870898438e+02 5.4870697021e+02 5.4868798828e+02 5.4871600342e+02 5.4883502197e+02 5.4887097168e+02 5.4887799072e+02 5.4886499023e+02 5.4883599854e+02 5.4881097412e+02 5.4878900146e+02 5.4877099609e+02 5.4876397705e+02 5.4876000977e+02 5.4875402832e+02 5.4874597168e+02 5.4873999023e+02 5.4873602295e+02 5.4872100830e+02 5.4871002197e+02 5.4870697021e+02 5.4870697021e+02 5.4870898438e+02 5.4871197510e+02 5.4871997070e+02 5.4872900391e+02 5.4871697998e+02 5.4871099854e+02
5.4909899902e+02 5.4912097168e+02 5.4911700439e+02 5.4909399414e+02 5.4905700684e+02 5.4899597168e+02 5.4890399170e+02 5.4882202148e+02 5.4877099609e+02 5.4872802734e+02 5.4868298340e+02 5.4864202881e+02 5.4865997314e+02 5.4870397949e+02 5.4870800781e+02 5.4868597412e+02 5.4867602539e+02 5.4866601563e+02 5.4867498779e+02 5.4867700195e+02 5.4866302490e+02 5.4868499756e+02 5.4879199219e+02 5.4883898926e+02 5.4885198975e+02 5.4884301758e+02 5.4882000732e+02 5.4879901123e+02 5.4877600098e+02 5.4875701904e+02 5.4874597168e+02 5.4874102783e+02 5.4873498535e+02 5.4872802734e+02 5.4871997070e+02 5.4871697998e+02 5.4870397949e+02 5.4869000244e+02 5.4868798828e+02 5.4868902588e+02 5.4869201660e+02 5.4869396973e+02 5.4870202637e+02 5.4870599365e+02 5.4869201660e+02 5.4868701172e+02
5.4908099365e+02 5.4910400391e+02 5.4909997559e+02 5.4907501221e+02 5.4903497314e+02 5.4897399902e+02 5.4889202881e+02 5.4881597900e+02 5.4875799561e+02 5.4870697021e+02 5.4865301514e+02 5.4861602783e+02 5.4863397217e+02 5.4868402100e+02 5.4869500732e+02 5.4866699219e+02 5.4865502930e+02 5.4864099121e+02 5.4864398193e+02 5.4865197754e+02 5.4864099121e+02 5.4865600586e+02 5.4874798584e+02 5.4880200195e+02 5.4882098389e+02 5.4881799316e+02 5.4880401611e+02 5.4878601074e+02 5.4876300049e+02 5.4874200439e+02 5.4872698975e+02 5.4871899414e+02 5.4871197510e+02 5.4870599365e+02 5.4869598389e+02 5.4869799805e+02 5.4867797852e+02 5.4865997314e+02 5.4866497803e+02 5.4867102051e+02 5.4867297363e+02 5.4867602539e+02 5.4868103027e+02 5.4867797852e+02 5.4866601563e+02 5.4866400146e+02
5.4905603027e+02 5.4908398438e+02 5.4910998535e+02 5.4906402588e+02 5.4901300049e+02 5.4894799805e+02 5.4887402344e+02 5.4880902100e+02 5.4874798584e+02 5.4868798828e+02 5.4861700439e+02 5.4858001709e+02 5.4859497070e+02 5.4863299561e+02 5.4865301514e+02 5.4863702393e+02 5.4863000488e+02 5.4861602783e+02 5.4860998535e+02 5.4861700439e+02 5.4860900879e+02 5.4862799072e+02 5.4870501709e+02 5.4877502441e+02 5.4880603027e+02 5.4881201172e+02 5.4880102539e+02 5.4876898193e+02 5.4874499512e+02 5.4872198486e+02 5.4870501709e+02 5.4869500732e+02 5.4868597412e+02 5.4867901611e+02 5.4866998291e+02 5.4866699219e+02 5.4865698242e+02 5.4865100098e+02 5.4864398193e+02 5.4864697266e+02 5.4865002441e+02 5.4865502930e+02 5.4865997314e+02 5.4866101074e+02 5.4865100098e+02 5.4864099121e+02
5.4901000977e+02 5.4903802490e+02 5.4905499268e+02 5.4902398682e+02 5.4898901367e+02 5.4894299316e+02 5.4887701416e+02 5.4880603027e+02 5.4874401855e+02 5.4867901611e+02 5.4860400391e+02 5.4855902100e+02 5.4856896973e+02 5.4859197998e+02 5.4859002686e+02 5.4859301758e+02 5.4860101318e+02 5.4858300781e+02 5.4858502197e+02 5.4859002686e+02 5.4857598877e+02 5.4859002686e+02 5.4866802979e+02 5.4875799561e+02 5.4880200195e+02 5.4881402588e+02 5.4878497314e+02 5.4874902344e+02 5.4872302246e+02 5.4869799805e+02 5.4867999268e+02 5.4866998291e+02 5.4866400146e+02 5.4865899658e+02 5.4864801025e+02 5.4864099121e+02 5.4864099121e+02 5.4863397217e+02 5.4862799072e+02 5.4862500000e+02 5.4862200928e+02 5.4862902832e+02 5.4863897705e+02 5.4864697266e+02 5.4863800049e+02 5.4862298584e+02
5.4896197510e+02 5.4898602295e+02 5.4899798584e+02 5.4897100830e+02 5.4895202637e+02 5.4892498779e+02 5.4886602783e+02 5.4879199219e+02 5.4872601318e+02 5.4865802002e+02 5.4858197021e+02 5.4853497314e+02 5.4854602051e+02 5.4857098389e+02 5.4856896973e+02 5.4856799316e+02 5.4856799316e+02 5.4855297852e+02 5.4855999756e+02 5.4856500244e+02 5.4855102539e+02 5.4856701660e+02 5.4864300537e+02 5.4873400879e+02 5.4878399658e+02 5.4879901123e+02 5.4876702881e+02 5.4872802734e+02 5.4870098877e+02 5.4867602539e+02 5.4865301514e+02 5.4864001465e+02 5.4863702393e+02 5.4863598633e+02 5.4863201904e+02 5.4863000488e+02 5.4863098145e+02 5.4862500000e+02 5.4861999512e+02 5.4861602783e+02 5.4860400391e+02 5.4860900879e+02 5.4861700439e+02 5.4861602783e+02 5.4860900879e+02 5.4859899902e+02
5.4891900635e+02 5.4894299316e+02 5.4896099854e+02 5.4892999268e+02 5.4891198730e+02 5.4889001465e+02 5.4884100342e+02 5.4876898193e+02 5.4870098877e+02 5.4863098145e+02 5.4855401611e+02 5.4850500488e+02 5.4851702881e+02 5.4855603027e+02 5.4857098389e+02 5.4854699707e+02 5.4853399658e+02 5.4852502441e+02 5.4852899170e+02 5.4853100586e+02 5.4852301025e+02 5.4854602051e+02 5.4862200928e+02 5.4871002197e+02 5.4876300049e+02 5.4877899170e+02 5.4874499512e+02 5.4870501709e+02 5.4867700195e+02 5.4865100098e+02 5.4862597656e+02 5.4861102295e+02 5.4860797119e+02 5.4860998535e+02 5.4861700439e+02 5.4861602783e+02 5.4861199951e+02 5.4860302734e+02 5.4859497070e+02 5.4858801270e+02 5.4857202148e+02 5.4857897949e+02 5.4859002686e+02 5.4858300781e+02 5.4857702637e+02 5.4857299805e+02
