TESTSERVER/10/2.asc
NCOLS 100
NROWS 100
XLLCORNER 7.9997500000e+03
YLLCORNER 2.8985025000e+05
CELLSIZE 5.0000000000e-01
NODATA_VALUE -9.9990000000e+03
[rows 40 to 59 of 100, columns 46 to 91 of 100]
6.4427197266e+02 6.4481298828e+02 6.4553900146e+02 6.4626599121e+02 6.4693798828e+02 6.4780999756e+02 6.4850500488e+02 6.4897802734e+02 6.4939001465e+02 6.5003601074e+02 6.5063201904e+02 6.5114099121e+02 6.5150500488e+02 6.5182299805e+02 6.5206597900e+02 6.5232202148e+02 6.5269500732e+02 6.5298199463e+02 6.5325799561e+02 6.5345001221e+02 6.5360900879e+02 6.5375299072e+02 6.5395697021e+02 6.5423101807e+02 6.5446502686e+02 6.5468798828e+02 6.5495300293e+02 6.5528497314e+02 6.5563598633e+02 6.5594702148e+02 6.5618499756e+02 6.5636499023e+02 6.5659002686e+02 6.5683801270e+02 6.5701898193e+02 6.5717901611e+02 6.5728302002e+02 6.5750201416e+02 6.5776300049e+02 6.5802899170e+02 6.5829998779e+02 6.5848901367e+02 6.5862701416e+02 6.5879699707e+02 6.5900000000e+02 6.5879498291e+02
6.4458697510e+02 6.4528997803e+02 6.4602600098e+02 6.4669000244e+02 6.4730401611e+02 6.4806799316e+02 6.4866198730e+02 6.4908398438e+02 6.4955401611e+02 6.5018597412e+02 6.5070501709e+02 6.5112298584e+02 6.5147399902e+02 6.5184002686e+02 6.5209802246e+02 6.5234600830e+02 6.5272698975e+02 6.5296398926e+02 6.5326300049e+02 6.5352697754e+02 6.5369000244e+02 6.5379302979e+02 6.5397100830e+02 6.5425500488e+02 6.5446502686e+02 6.5469897461e+02 6.5499798584e+02 6.5531896973e+02 6.5564501953e+02 6.5596398926e+02 6.5622998047e+02 6.5640997314e+02 6.5660601807e+02 6.5684802246e+02 6.5707397461e+02 6.5726000977e+02 6.5732299805e+02 6.5752301025e+02 6.5779101563e+02 6.5805297852e+02 6.5831597900e+02 6.5848498535e+02 6.5861499023e+02 6.5876501465e+02 6.5888299561e+02 6.5869201660e+02
6.4493200684e+02 6.4581896973e+02 6.4650500488e+02 6.4708197021e+02 6.4764099121e+02 6.4822900391e+02 6.4871697998e+02 6.4917999268e+02 6.4976702881e+02 6.5034197998e+02 6.5073699951e+02 6.5110998535e+02 6.5154400635e+02 6.5194702148e+02 6.5220501709e+02 6.5243402100e+02 6.5273901367e+02 6.5295098877e+02 6.5330200195e+02 6.5359100342e+02 6.5373199463e+02 6.5383398438e+02 6.5401397705e+02 6.5430401611e+02 6.5451702881e+02 6.5473602295e+02 6.5503302002e+02 6.5534301758e+02 6.5564099121e+02 6.5596301270e+02 6.5626300049e+02 6.5647601318e+02 6.5667602539e+02 6.5691302490e+02 6.5716601563e+02 6.5738897705e+02 6.5744299316e+02 6.5759997559e+02 6.5781097412e+02 6.5801599121e+02 6.5828399658e+02 6.5846301270e+02 6.5856097412e+02 6.5865197754e+02 6.5871197510e+02 6.5861999512e+02
6.4534399414e+02 6.4624499512e+02 6.4686602783e+02 6.4741101074e+02 6.4796099854e+02 6.4838000488e+02 6.4878100586e+02 6.4930200195e+02 6.4999401855e+02 6.5047998047e+02 6.5077001953e+02 6.5114001465e+02 6.5165997314e+02 6.5204302979e+02 6.5230297852e+02 6.5253900146e+02 6.5278002930e+02 6.5303002930e+02 6.5337298584e+02 6.5359197998e+02 6.5374499512e+02 6.5388897705e+02 6.5408898926e+02 6.5435400391e+02 6.5457202148e+02 6.5479400635e+02 6.5506799316e+02 6.5536901855e+02 6.5566998291e+02 6.5597302246e+02 6.5626202393e+02 6.5648498535e+02 6.5672698975e+02 6.5701397705e+02 6.5727301025e+02 6.5749200439e+02 6.5757397461e+02 6.5770800781e+02 6.5785699463e+02 6.5799200439e+02 6.5821502686e+02 6.5839202881e+02 6.5846899414e+02 6.5853100586e+02 6.5857897949e+02 6.5857299805e+02
6.4585400391e+02 6.4654901123e+02 6.4710302734e+02 6.4777398682e+02 6.4828900146e+02 6.4854199219e+02 6.4892297363e+02 6.4949700928e+02 6.5010797119e+02 6.5052600098e+02 6.5084197998e+02 6.5125402832e+02 6.5176599121e+02 6.5208099365e+02 6.5234399414e+02 6.5261102295e+02 6.5284600830e+02 6.5310498047e+02 6.5339001465e+02 6.5357098389e+02 6.5378198242e+02 6.5398101807e+02 6.5419396973e+02 6.5439697266e+02 6.5457897949e+02 6.5483300781e+02 6.5510198975e+02 6.5540002441e+02 6.5573297119e+02 6.5603497314e+02 6.5628601074e+02 6.5649200439e+02 6.5676397705e+02 6.5710998535e+02 6.5739202881e+02 6.5756097412e+02 6.5761901855e+02 6.5771600342e+02 6.5785198975e+02 6.5797100830e+02 6.5805499268e+02 6.5817102051e+02 6.5823797607e+02 6.5831500244e+02 6.5843499756e+02 6.5846697998e+02
6.4631500244e+02 6.4682800293e+02 6.4730102539e+02 6.4800000000e+02 6.4838500977e+02 6.4866198730e+02 6.4915502930e+02 6.4974102783e+02 6.5019396973e+02 6.5056402588e+02 6.5095599365e+02 6.5139202881e+02 6.5182397461e+02 6.5210601807e+02 6.5240502930e+02 6.5271099854e+02 6.5295001221e+02 6.5313702393e+02 6.5333801270e+02 6.5355297852e+02 6.5376501465e+02 6.5401702881e+02 6.5427398682e+02 6.5445098877e+02 6.5462799072e+02 6.5488897705e+02 6.5514697266e+02 6.5542297363e+02 6.5573602295e+02 6.5605499268e+02 6.5632598877e+02 6.5653802490e+02 6.5680700684e+02 6.5711602783e+02 6.5741497803e+02 6.5758502197e+02 6.5761602783e+02 6.5764697266e+02 6.5770001221e+02 6.5776098633e+02 6.5785101318e+02 6.5789202881e+02 6.5789099121e+02 6.5790899658e+02 6.5798602295e+02 6.5797399902e+02
6.4668103027e+02 6.4717797852e+02 6.4766101074e+02 6.4814202881e+02 6.4844799805e+02 6.4885601807e+02 6.4940997314e+02 6.4992901611e+02 6.5030999756e+02 6.5072497559e+02 6.5115502930e+02 6.5156799316e+02 6.5192700195e+02 6.5220397949e+02 6.5251300049e+02 6.5280798340e+02 6.5300097656e+02 6.5312200928e+02 6.5327899170e+02 6.5352197266e+02 6.5376702881e+02 6.5404797363e+02 6.5431201172e+02 6.5445898438e+02 6.5466802979e+02 6.5491497803e+02 6.5519702148e+02 6.5548699951e+02 6.5576501465e+02 6.5608099365e+02 6.5634802246e+02 6.5655200195e+02 6.5680902100e+02 6.5709399414e+02 6.5738598633e+02 6.5758001709e+02 6.5766497803e+02 6.5775097656e+02 6.5782098389e+02 6.5787701416e+02 6.5792700195e+02 6.5793798828e+02 6.5790301514e+02 6.5788299561e+02 6.5792700195e+02 6.5789001465e+02
6.4699902344e+02 6.4750097656e+02 6.4793103027e+02 6.4829101563e+02 6.4866699219e+02 6.4917999268e+02 6.4968499756e+02 6.5009899902e+02 6.5049499512e+02 6.5096099854e+02 6.5139099121e+02 6.5175299072e+02 6.5205902100e+02 6.5232598877e+02 6.5258697510e+02 6.5281896973e+02 6.5299200439e+02 6.5312298584e+02 6.5328802490e+02 6.5352001953e+02 6.5377697754e+02 6.5406201172e+02 6.5431097412e+02 6.5445202637e+02 6.5467700195e+02 6.5493499756e+02 6.5524700928e+02 6.5556597900e+02 6.5581701660e+02 6.5610601807e+02 6.5635400391e+02 6.5653302002e+02 6.5678100586e+02 6.5706799316e+02 6.5735198975e+02 6.5757299805e+02 6.5771801758e+02 6.5787298584e+02 6.5802899170e+02 6.5814300537e+02 6.5817901611e+02 6.5820098877e+02 6.5818200684e+02 6.5816601563e+02 6.5822399902e+02 6.5821801758e+02
6.4735101318e+02 6.4776098633e+02 6.4812902832e+02 6.4851000977e+02 6.4900598145e+02 6.4951300049e+02 6.4987701416e+02 6.5024200439e+02 6.5074298096e+02 6.5120098877e+02 6.5157000732e+02 6.5186401367e+02 6.5213299561e+02 6.5240399170e+02 6.5260198975e+02 6.5277001953e+02 6.5298297119e+02 6.5317602539e+02 6.5335699463e+02 6.5356402588e+02 6.5382000732e+02 6.5410101318e+02 6.5431500244e+02 6.5447998047e+02 6.5472601318e+02 6.5498797607e+02 6.5525799561e+02 6.5556701660e+02 6.5589501953e+02 6.5614300537e+02 6.5634197998e+02 6.5650201416e+02 6.5675598145e+02 6.5704302979e+02 6.5731597900e+02 6.5753399658e+02 6.5768902588e+02 6.5787200928e+02 6.5808398438e+02 6.5826599121e+02 6.5834197998e+02 6.5836297607e+02 6.5837500000e+02 6.5839202881e+02 6.5837701416e+02 6.5835101318e+02
6.4761102295e+02 6.4805798340e+02 6.4854498291e+02 6.4897900391e+02 6.4939599609e+02 6.4975799561e+02 6.5001800537e+02 6.5035900879e+02 6.5087097168e+02 6.5142297363e+02 6.5171502686e+02 6.5192102051e+02 6.5219299316e+02 6.5245501709e+02 6.5261297607e+02 6.5273400879e+02 6.5294702148e+02 6.5316302490e+02 6.5339001465e+02 6.5361401367e+02 6.5384497070e+02 6.5411199951e+02 6.5429998779e+02 6.5448400879e+02 6.5478002930e+02 6.5506402588e+02 6.5531298828e+02 6.5557299805e+02 6.5588702393e+02 6.5616699219e+02 6.5635101318e+02 6.5648999023e+02 6.5668902588e+02 6.5698797607e+02 6.5727899170e+02 6.5750500488e+02 6.5770898438e+02 6.5792401123e+02 6.5815502930e+02 6.5833502197e+02 6.5841802979e+02 6.5845202637e+02 6.5850402832e+02 6.5856500244e+02 6.5852099609e+02 6.5839202881e+02
6.4809002686e+02 6.4859600830e+02 6.4907702637e+02 6.4943200684e+02 6.4967102051e+02 6.4990100098e+02 6.5012097168e+02 6.5044396973e+02 6.5087597656e+02 6.5139202881e+02 6.5172601318e+02 6.5195202637e+02 6.5222302246e+02 6.5244799805e+02 6.5261999512e+02 6.5275000000e+02 6.5294097900e+02 6.5316101074e+02 6.5340002441e+02 6.5361297607e+02 6.5384899902e+02 6.5414099121e+02 6.5433001709e+02 6.5452099609e+02 6.5485198975e+02 6.5514898682e+02 6.5541302490e+02 6.5564898682e+02 6.5589898682e+02 6.5615600586e+02 6.5635601807e+02 6.5651599121e+02 6.5668103027e+02 6.5696002197e+02 6.5727502441e+02 6.5753698730e+02 6.5776397705e+02 6.5799798584e+02 6.5823199463e+02 6.5839801025e+02 6.5846099854e+02 6.5849200439e+02 6.5853997803e+02 6.5857397461e+02 6.5850402832e+02 6.5835101318e+02
6.4864398193e+02 6.4905200195e+02 6.4939501953e+02 6.4963800049e+02 6.4980999756e+02 6.5000299072e+02 6.5023199463e+02 6.5054400635e+02 6.5087701416e+02 6.5130297852e+02 6.5170599365e+02 6.5197900391e+02 6.5220898438e+02 6.5236401367e+02 6.5256500244e+02 6.5273999023e+02 6.5293902588e+02 6.5318298340e+02 6.5342797852e+02 6.5363800049e+02 6.5392102051e+02 6.5420800781e+02 6.5438397217e+02 6.5459600830e+02 6.5496301270e+02 6.5526702881e+02 6.5551898193e+02 6.5572998047e+02 6.5592999268e+02 6.5615002441e+02 6.5636102295e+02 6.5653497314e+02 6.5667901611e+02 6.5692199707e+02 6.5724401855e+02 6.5753997803e+02 6.5778802490e+02 6.5803399658e+02 6.5825598145e+02 6.5840899658e+02 6.5847100830e+02 6.5849798584e+02 6.5852398682e+02 6.5850500488e+02 6.5839398193e+02 6.5824902344e+02
6.4890301514e+02 6.4922302246e+02 6.4945300293e+02 6.4966699219e+02 6.4989099121e+02 6.5010101318e+02 6.5036297607e+02 6.5066601563e+02 6.5097399902e+02 6.5131298828e+02 6.5169799805e+02 6.5197399902e+02 6.5214099121e+02 6.5229400635e+02 6.5249798584e+02 6.5274499512e+02 6.5297302246e+02 6.5316101074e+02 6.5342700195e+02 6.5374401855e+02 6.5406701660e+02 6.5427301025e+02 6.5440301514e+02 6.5462597656e+02 6.5500500488e+02 6.5534197998e+02 6.5557098389e+02 6.5574798584e+02 6.5595001221e+02 6.5619000244e+02 6.5640997314e+02 6.5656402588e+02 6.5667602539e+02 6.5690399170e+02 6.5720001221e+02 6.5749401855e+02 6.5778900146e+02 6.5805102539e+02 6.5825598145e+02 6.5839202881e+02 6.5849298096e+02 6.5850701904e+02 6.5850201416e+02 6.5844201660e+02 6.5833398438e+02 6.5818902588e+02
6.4900598145e+02 6.4925299072e+02 6.4946502686e+02 6.4968499756e+02 6.4987799072e+02 6.5009802246e+02 6.5039001465e+02 6.5070202637e+02 6.5099499512e+02 6.5132299805e+02 6.5166497803e+02 6.5190899658e+02 6.5207800293e+02 6.5226800537e+02 6.5247998047e+02 6.5277502441e+02 6.5304302979e+02 6.5320001221e+02 6.5347399902e+02 6.5384899902e+02 6.5419000244e+02 6.5437597656e+02 6.5446099854e+02 6.5466802979e+02 6.5504699707e+02 6.5543103027e+02 6.5565899658e+02 6.5578100586e+02 6.5593200684e+02 6.5617297363e+02 6.5640698242e+02 6.5657000732e+02 6.5670098877e+02 6.5692102051e+02 6.5720397949e+02 6.5750000000e+02 6.5782098389e+02 6.5811297607e+02 6.5829901123e+02 6.5839099121e+02 6.5843200684e+02 6.5844702148e+02 6.5844201660e+02 6.5838201904e+02 6.5825799561e+02 6.5813299561e+02
6.4902398682e+02 6.4923297119e+02 6.4946197510e+02 6.4971002197e+02 6.4989898682e+02 6.5009301758e+02 6.5038500977e+02 6.5071502686e+02 6.5103698730e+02 6.5135498047e+02 6.5164001465e+02 6.5187200928e+02 6.5209698486e+02 6.5230902100e+02 6.5250598145e+02 6.5278100586e+02 6.5305297852e+02 6.5326202393e+02 6.5354400635e+02 6.5391198730e+02 6.5423699951e+02 6.5441101074e+02 6.5449597168e+02 6.5471801758e+02 6.5509997559e+02 6.5544598389e+02 6.5565002441e+02 6.5577001953e+02 6.5590502930e+02 6.5612799072e+02 6.5638397217e+02 6.5658898926e+02 6.5675799561e+02 6.5695300293e+02 6.5722497559e+02 6.5752301025e+02 6.5784301758e+02 6.5811901855e+02 6.5827697754e+02 6.5833898926e+02 6.5836297607e+02 6.5836999512e+02 6.5833599854e+02 6.5827301025e+02 6.5814898682e+02 6.5799700928e+02
6.4901000977e+02 6.4922998047e+02 6.4948999023e+02 6.4976599121e+02 6.4996197510e+02 6.5012298584e+02 6.5040100098e+02 6.5074200439e+02 6.5108599854e+02 6.5138299561e+02 6.5164300537e+02 6.5189599609e+02 6.5216497803e+02 6.5237097168e+02 6.5254199219e+02 6.5277001953e+02 6.5304101563e+02 6.5331402588e+02 6.5359100342e+02 6.5391601563e+02 6.5420397949e+02 6.5439697266e+02 6.5450299072e+02 6.5472497559e+02 6.5509399414e+02 6.5536102295e+02 6.5554901123e+02 6.5571997070e+02 6.5591101074e+02 6.5614001465e+02 6.5640502930e+02 6.5663702393e+02 6.5683197021e+02 6.5698199463e+02 6.5722399902e+02 6.5751501465e+02 6.5782299805e+02 6.5806500244e+02 6.5819299316e+02 6.5824499512e+02 6.5829199219e+02 6.5829602051e+02 6.5821801758e+02 6.5813702393e+02 6.5802001953e+02 6.5783300781e+02
6.4901599121e+02 6.4928002930e+02 6.4954400635e+02 6.4981799316e+02 6.5003399658e+02 6.5018798828e+02 6.5045599365e+02 6.5079199219e+02 6.5109497070e+02 6.5136602783e+02 6.5166101074e+02 6.5195898438e+02 6.5223297119e+02 6.5240899658e+02 6.5259600830e+02 6.5283099365e+02 6.5311199951e+02 6.5334197998e+02 6.5360302734e+02 6.5389001465e+02 6.5416802979e+02 6.5438299561e+02 6.5450500488e+02 6.5469598389e+02 6.5498199463e+02 6.5528601074e+02 6.5550299072e+02 6.5571899414e+02 6.5595202637e+02 6.5617999268e+02 6.5642401123e+02 6.5665698242e+02 6.5686999512e+02 6.5700500488e+02 6.5720898438e+02 6.5748498535e+02 6.5778198242e+02 6.5799902344e+02 6.5810498047e+02 6.5816198730e+02 6.5822802734e+02 6.5821600342e+02 6.5814300537e+02 6.5803497314e+02 6.5786999512e+02 6.5771197510e+02
6.4903198242e+02 6.4929998779e+02 6.4954998779e+02 6.4980999756e+02 6.5004199219e+02 6.5023297119e+02 6.5046997070e+02 6.5075402832e+02 6.5104199219e+02 6.5133099365e+02 6.5166998291e+02 6.5199298096e+02 6.5223602295e+02 6.5241900635e+02 6.5262500000e+02 6.5288000488e+02 6.5315197754e+02 6.5337298584e+02 6.5363500977e+02 6.5390997314e+02 6.5416900635e+02 6.5438598633e+02 6.5450097656e+02 6.5468298340e+02 6.5497497559e+02 6.5528698730e+02 6.5557897949e+02 6.5585601807e+02 6.5612200928e+02 6.5633502197e+02 6.5652398682e+02 6.5672698975e+02 6.5694500732e+02 6.5708502197e+02 6.5725897217e+02 6.5749499512e+02 6.5774200439e+02 6.5795300293e+02 6.5806298828e+02 6.5810900879e+02 6.5813702393e+02 6.5812200928e+02 6.5805102539e+02 6.5788702393e+02 6.5768597412e+02 6.5762402344e+02
6.4907202148e+02 6.4931298828e+02 6.4953900146e+02 6.4977801514e+02 6.5000598145e+02 6.5027001953e+02 6.5052099609e+02 6.5074298096e+02 6.5100500488e+02 6.5128802490e+02 6.5159399414e+02 6.5191900635e+02 6.5221398926e+02 6.5242199707e+02 6.5265197754e+02 6.5291900635e+02 6.5318200684e+02 6.5342999268e+02 6.5368402100e+02 6.5392102051e+02 6.5414898682e+02 6.5436602783e+02 6.5448498535e+02 6.5468597412e+02 6.5501300049e+02 6.5532702637e+02 6.5563800049e+02 6.5595300293e+02 6.5625500488e+02 6.5649902344e+02 6.5668103027e+02 6.5685498047e+02 6.5703997803e+02 6.5718597412e+02 6.5735601807e+02 6.5755603027e+02 6.5772601318e+02 6.5787298584e+02 6.5797998047e+02 6.5804602051e+02 6.5806597900e+02 6.5804101563e+02 6.5791302490e+02 6.5771997070e+02 6.5759100342e+02 6.5757299805e+02
6.4908502197e+02 6.4930700684e+02 6.4951202393e+02 6.4974902344e+02 6.4999200439e+02 6.5033001709e+02 6.5061102295e+02 6.5078198242e+02 6.5101702881e+02 6.5127899170e+02 6.5152197266e+02 6.5182000732e+02 6.5216400146e+02 6.5240997314e+02 6.5266601563e+02 6.5292297363e+02 6.5313098145e+02 6.5341198730e+02 6.5372601318e+02 6.5396099854e+02 6.5419396973e+02 6.5439099121e+02 6.5451098633e+02 6.5474102783e+02 6.5507098389e+02 6.5535498047e+02 6.5563299561e+02 6.5594396973e+02 6.5627398682e+02 6.5658398438e+02 6.5681402588e+02 6.5698602295e+02 6.5712597656e+02 6.5724700928e+02 6.5741101074e+02 6.5760601807e+02 6.5773602295e+02 6.5780401611e+02 6.5790698242e+02 6.5801702881e+02 6.5808099365e+02 6.5800201416e+02 6.5776800537e+02 6.5758001709e+02 6.5752697754e+02 6.5753100586e+02
