TESTSERVER/10/2.asc
NCOLS 100
NROWS 100
XLLCORNER 7.9997500000e+03
YLLCORNER 2.8985025000e+05
CELLSIZE 5.0000000000e-01
NODATA_VALUE -9.9990000000e+03
[rows 20 to 39 of 100, columns 46 to 91 of 100]
6.3086999512e+02 6.3193499756e+02 6.3287200928e+02 6.3347698975e+02 6.3392999268e+02 6.3456500244e+02 6.3547497559e+02 6.3697100830e+02 6.3913897705e+02 6.4141497803e+02 6.4340301514e+02 6.4486199951e+02 6.4592199707e+02 6.4661602783e+02 6.4697399902e+02 6.4739398193e+02 6.4852099609e+02 6.5012500000e+02 6.5078900146e+02 6.5108197021e+02 6.5136199951e+02 6.5171398926e+02 6.5200000000e+02 6.5230102539e+02 6.5257702637e+02 6.5282202148e+02 6.5305200195e+02 6.5328302002e+02 6.5350000000e+02 6.5371398926e+02 6.5393597412e+02 6.5409399414e+02 6.5410900879e+02 6.5401098633e+02 6.5391400146e+02 6.5388201904e+02 6.5389001465e+02 6.5405102539e+02 6.5425201416e+02 6.5443701172e+02 6.5465802002e+02 6.5484197998e+02 6.5516198730e+02 6.5561798096e+02 6.5616900635e+02 6.5642999268e+02
6.3153497314e+02 6.3233898926e+02 6.3307800293e+02 6.3369299316e+02 6.3427801514e+02 6.3488500977e+02 6.3578698730e+02 6.3732098389e+02 6.3979498291e+02 6.4244000244e+02 6.4450799561e+02 6.4583599854e+02 6.4642297363e+02 6.4695898438e+02 6.4763299561e+02 6.4841601563e+02 6.4952600098e+02 6.5036297607e+02 6.5089202881e+02 6.5118402100e+02 6.5151599121e+02 6.5197198486e+02 6.5226599121e+02 6.5252398682e+02 6.5278601074e+02 6.5301599121e+02 6.5330700684e+02 6.5363299561e+02 6.5390301514e+02 6.5413299561e+02 6.5432098389e+02 6.5439300537e+02 6.5436199951e+02 6.5428100586e+02 6.5423602295e+02 6.5424298096e+02 6.5426300049e+02 6.5437298584e+02 6.5453997803e+02 6.5476702881e+02 6.5503002930e+02 6.5527099609e+02 6.5570599365e+02 6.5614501953e+02 6.5657501221e+02 6.5681597900e+02
6.3218200684e+02 6.3280902100e+02 6.3334100342e+02 6.3390502930e+02 6.3454901123e+02 6.3515997314e+02 6.3615600586e+02 6.3775598145e+02 6.4032897949e+02 6.4313800049e+02 6.4519299316e+02 6.4641900635e+02 6.4683898926e+02 6.4750201416e+02 6.4841497803e+02 6.4932202148e+02 6.5009600830e+02 6.5052899170e+02 6.5104998779e+02 6.5140100098e+02 6.5173602295e+02 6.5215997314e+02 6.5244201660e+02 6.5268499756e+02 6.5294299316e+02 6.5315100098e+02 6.5348400879e+02 6.5390899658e+02 6.5425299072e+02 6.5447100830e+02 6.5457598877e+02 6.5457702637e+02 6.5456896973e+02 6.5453497314e+02 6.5462097168e+02 6.5466802979e+02 6.5471301270e+02 6.5483801270e+02 6.5498297119e+02 6.5521801758e+02 6.5548797607e+02 6.5587097168e+02 6.5642498779e+02 6.5677099609e+02 6.5697100830e+02 6.5721600342e+02
6.3288800049e+02 6.3343298340e+02 6.3380297852e+02 6.3425897217e+02 6.3487597656e+02 6.3556896973e+02 6.3669097900e+02 6.3836602783e+02 6.4089099121e+02 6.4356402588e+02 6.4550500488e+02 6.4666302490e+02 6.4722698975e+02 6.4815802002e+02 6.4917297363e+02 6.5001800537e+02 6.5055102539e+02 6.5089300537e+02 6.5131701660e+02 6.5167602539e+02 6.5200500488e+02 6.5235101318e+02 6.5262402344e+02 6.5286700439e+02 6.5311401367e+02 6.5332702637e+02 6.5368902588e+02 6.5414697266e+02 6.5447601318e+02 6.5462500000e+02 6.5465802002e+02 6.5470098877e+02 6.5491802979e+02 6.5511102295e+02 6.5535101318e+02 6.5535101318e+02 6.5526599121e+02 6.5533001709e+02 6.5542297363e+02 6.5566601563e+02 6.5593402100e+02 6.5635101318e+02 6.5684197998e+02 6.5710198975e+02 6.5724902344e+02 6.5757299805e+02
6.3359997559e+02 6.3414099121e+02 6.3445599365e+02 6.3476300049e+02 6.3538000488e+02 6.3643902588e+02 6.3767797852e+02 6.3938000488e+02 6.4172302246e+02 6.4408001709e+02 6.4577502441e+02 6.4682098389e+02 6.4759600830e+02 6.4886602783e+02 6.4988702393e+02 6.5050598145e+02 6.5081298828e+02 6.5115100098e+02 6.5150701904e+02 6.5189001465e+02 6.5221099854e+02 6.5253601074e+02 6.5281701660e+02 6.5306201172e+02 6.5329101563e+02 6.5351898193e+02 6.5393200684e+02 6.5438897705e+02 6.5460400391e+02 6.5468200684e+02 6.5472601318e+02 6.5491601563e+02 6.5530297852e+02 6.5568200684e+02 6.5590301514e+02 6.5583398438e+02 6.5570898438e+02 6.5573101807e+02 6.5583001709e+02 6.5611102295e+02 6.5640399170e+02 6.5673999023e+02 6.5710302734e+02 6.5735198975e+02 6.5748101807e+02 6.5774798584e+02
6.3399902344e+02 6.3485699463e+02 6.3541198730e+02 6.3597900391e+02 6.3680200195e+02 6.3774499512e+02 6.3891101074e+02 6.4057598877e+02 6.4279302979e+02 6.4482800293e+02 6.4616998291e+02 6.4704400635e+02 6.4790899658e+02 6.4926098633e+02 6.5033197021e+02 6.5084600830e+02 6.5106799316e+02 6.5134100342e+02 6.5168499756e+02 6.5207000732e+02 6.5236199951e+02 6.5265899658e+02 6.5295599365e+02 6.5320697021e+02 6.5343200684e+02 6.5367901611e+02 6.5406201172e+02 6.5447698975e+02 6.5464202881e+02 6.5470300293e+02 6.5492700195e+02 6.5528997803e+02 6.5559100342e+02 6.5595599365e+02 6.5615899658e+02 6.5618298340e+02 6.5614099121e+02 6.5619702148e+02 6.5627502441e+02 6.5653802490e+02 6.5677001953e+02 6.5705798340e+02 6.5746899414e+02 6.5768298340e+02 6.5767602539e+02 6.5785302734e+02
6.3458300781e+02 6.3550000000e+02 6.3625000000e+02 6.3723699951e+02 6.3836401367e+02 6.3921398926e+02 6.4031701660e+02 6.4183001709e+02 6.4381097412e+02 6.4548297119e+02 6.4658300781e+02 6.4742797852e+02 6.4830999756e+02 6.4955401611e+02 6.5060900879e+02 6.5113000488e+02 6.5133398438e+02 6.5160400391e+02 6.5192102051e+02 6.5222302246e+02 6.5252600098e+02 6.5285900879e+02 6.5312902832e+02 6.5334197998e+02 6.5358099365e+02 6.5385797119e+02 6.5422198486e+02 6.5453997803e+02 6.5466400146e+02 6.5475500488e+02 6.5509197998e+02 6.5548199463e+02 6.5575402832e+02 6.5610998535e+02 6.5626202393e+02 6.5636798096e+02 6.5646899414e+02 6.5659100342e+02 6.5668701172e+02 6.5695697021e+02 6.5720300293e+02 6.5744897461e+02 6.5779901123e+02 6.5794396973e+02 6.5789398193e+02 6.5806799316e+02
6.3513800049e+02 6.3593402100e+02 6.3690899658e+02 6.3828900146e+02 6.3960797119e+02 6.4059301758e+02 6.4178002930e+02 6.4314801025e+02 6.4469702148e+02 6.4597802734e+02 6.4695098877e+02 6.4787200928e+02 6.4890100098e+02 6.5004199219e+02 6.5093597412e+02 6.5138098145e+02 6.5158001709e+02 6.5183697510e+02 6.5211401367e+02 6.5236700439e+02 6.5268701172e+02 6.5303698730e+02 6.5328698730e+02 6.5347302246e+02 6.5370501709e+02 6.5397601318e+02 6.5434802246e+02 6.5459002686e+02 6.5470599365e+02 6.5485797119e+02 6.5523199463e+02 6.5558697510e+02 6.5584399414e+02 6.5611901855e+02 6.5627899170e+02 6.5645898438e+02 6.5664099121e+02 6.5681896973e+02 6.5697100830e+02 6.5723498535e+02 6.5746801758e+02 6.5762500000e+02 6.5787799072e+02 6.5803802490e+02 6.5814001465e+02 6.5833697510e+02
6.3537097168e+02 6.3629101563e+02 6.3751397705e+02 6.3911297607e+02 6.4044897461e+02 6.4177899170e+02 6.4319702148e+02 6.4445001221e+02 6.4541802979e+02 6.4629901123e+02 6.4726800537e+02 6.4834497070e+02 6.4963201904e+02 6.5070098877e+02 6.5124902344e+02 6.5154498291e+02 6.5177301025e+02 6.5199798584e+02 6.5225500488e+02 6.5254699707e+02 6.5286102295e+02 6.5313397217e+02 6.5334600830e+02 6.5353002930e+02 6.5378802490e+02 6.5410302734e+02 6.5444702148e+02 6.5461798096e+02 6.5477001953e+02 6.5495397949e+02 6.5528002930e+02 6.5561700439e+02 6.5590100098e+02 6.5616497803e+02 6.5636700439e+02 6.5655902100e+02 6.5671099854e+02 6.5691900635e+02 6.5710498047e+02 6.5730102539e+02 6.5755700684e+02 6.5773498535e+02 6.5794201660e+02 6.5814501953e+02 6.5830902100e+02 6.5846099854e+02
6.3656500244e+02 6.3822198486e+02 6.3921697998e+02 6.4034002686e+02 6.4173297119e+02 6.4320898438e+02 6.4446099854e+02 6.4534600830e+02 6.4590301514e+02 6.4666101074e+02 6.4775299072e+02 6.4890399170e+02 6.4994598389e+02 6.5091101074e+02 6.5136700439e+02 6.5168499756e+02 6.5194299316e+02 6.5215502930e+02 6.5240002441e+02 6.5271301270e+02 6.5299102783e+02 6.5324200439e+02 6.5344396973e+02 6.5365399170e+02 6.5392498779e+02 6.5426300049e+02 6.5451397705e+02 6.5463500977e+02 6.5483599854e+02 6.5505603027e+02 6.5533300781e+02 6.5565698242e+02 6.5595300293e+02 6.5627197266e+02 6.5650402832e+02 6.5670697021e+02 6.5686297607e+02 6.5703302002e+02 6.5721697998e+02 6.5739300537e+02 6.5758801270e+02 6.5779199219e+02 6.5806597900e+02 6.5823498535e+02 6.5837402344e+02 6.5856402588e+02
6.3892700195e+02 6.4091802979e+02 6.4162097168e+02 6.4234301758e+02 6.4336602783e+02 6.4448400879e+02 6.4529199219e+02 6.4580200195e+02 6.4626898193e+02 6.4725500488e+02 6.4851000977e+02 6.4965600586e+02 6.5050402832e+02 6.5111700439e+02 6.5145098877e+02 6.5178601074e+02 6.5207800293e+02 6.5227801514e+02 6.5251202393e+02 6.5279400635e+02 6.5305700684e+02 6.5333398438e+02 6.5355999756e+02 6.5378399658e+02 6.5402801514e+02 6.5432397461e+02 6.5451898193e+02 6.5465600586e+02 6.5492999268e+02 6.5516998291e+02 6.5542401123e+02 6.5574298096e+02 6.5603900146e+02 6.5636602783e+02 6.5661401367e+02 6.5682800293e+02 6.5698999023e+02 6.5712097168e+02 6.5730700684e+02 6.5752001953e+02 6.5767999268e+02 6.5790698242e+02 6.5821002197e+02 6.5836901855e+02 6.5853302002e+02 6.5884399414e+02
6.4111798096e+02 6.4240100098e+02 6.4304302979e+02 6.4381201172e+02 6.4460900879e+02 6.4526397705e+02 6.4567797852e+02 6.4605499268e+02 6.4674597168e+02 6.4799798584e+02 6.4931500244e+02 6.5034002686e+02 6.5095202637e+02 6.5125000000e+02 6.5150598145e+02 6.5182299805e+02 6.5213702393e+02 6.5237500000e+02 6.5259698486e+02 6.5284197998e+02 6.5308801270e+02 6.5339898682e+02 6.5365502930e+02 6.5388000488e+02 6.5410900879e+02 6.5435198975e+02 6.5453698730e+02 6.5472698975e+02 6.5504901123e+02 6.5525299072e+02 6.5547900391e+02 6.5581201172e+02 6.5612701416e+02 6.5642999268e+02 6.5667297363e+02 6.5688201904e+02 6.5703399658e+02 6.5718200684e+02 6.5738397217e+02 6.5765197754e+02 6.5786401367e+02 6.5806799316e+02 6.5829797363e+02 6.5846099854e+02 6.5862298584e+02 6.5890301514e+02
6.4181597900e+02 6.4259802246e+02 6.4346301270e+02 6.4436798096e+02 6.4500299072e+02 6.4542498779e+02 6.4571398926e+02 6.4631201172e+02 6.4750701904e+02 6.4875097656e+02 6.4985101318e+02 6.5065502930e+02 6.5098297119e+02 6.5127301025e+02 6.5158599854e+02 6.5188000488e+02 6.5217901611e+02 6.5246697998e+02 6.5267199707e+02 6.5289599609e+02 6.5316101074e+02 6.5346502686e+02 6.5370800781e+02 6.5395098877e+02 6.5422497559e+02 6.5441699219e+02 6.5460998535e+02 6.5484497070e+02 6.5517999268e+02 6.5534002686e+02 6.5553601074e+02 6.5586700439e+02 6.5620599365e+02 6.5651599121e+02 6.5669000244e+02 6.5686602783e+02 6.5704400635e+02 6.5728198242e+02 6.5750701904e+02 6.5777600098e+02 6.5806402588e+02 6.5825000000e+02 6.5837902832e+02 6.5849700928e+02 6.5858801270e+02 6.5876098633e+02
6.4247998047e+02 6.4318798828e+02 6.4401202393e+02 6.4463397217e+02 6.4508398438e+02 6.4545300293e+02 6.4584399414e+02 6.4674200439e+02 6.4822497559e+02 6.4908898926e+02 6.4980902100e+02 6.5058801270e+02 6.5091601563e+02 6.5126501465e+02 6.5162902832e+02 6.5195300293e+02 6.5224902344e+02 6.5252301025e+02 6.5273498535e+02 6.5294097900e+02 6.5321002197e+02 6.5349401855e+02 6.5376098633e+02 6.5404302979e+02 6.5429901123e+02 6.5444598389e+02 6.5461999512e+02 6.5489801025e+02 6.5526702881e+02 6.5546697998e+02 6.5564599609e+02 6.5594702148e+02 6.5627197266e+02 6.5651397705e+02 6.5670300293e+02 6.5691497803e+02 6.5706799316e+02 6.5737902832e+02 6.5761901855e+02 6.5785998535e+02 6.5810101318e+02 6.5826800537e+02 6.5842297363e+02 6.5854199219e+02 6.5861499023e+02 6.5872601318e+02
6.4303100586e+02 6.4368200684e+02 6.4433801270e+02 6.4476800537e+02 6.4512402344e+02 6.4544897461e+02 6.4601898193e+02 6.4713299561e+02 6.4859399414e+02 6.4910900879e+02 6.4971398926e+02 6.5053002930e+02 6.5094799805e+02 6.5132702637e+02 6.5168902588e+02 6.5201202393e+02 6.5230902100e+02 6.5261401367e+02 6.5288000488e+02 6.5305999756e+02 6.5324200439e+02 6.5344799805e+02 6.5377600098e+02 6.5410400391e+02 6.5429400635e+02 6.5444702148e+02 6.5464398193e+02 6.5495501709e+02 6.5531402588e+02 6.5555499268e+02 6.5571801758e+02 6.5598999023e+02 6.5632702637e+02 6.5654797363e+02 6.5675000000e+02 6.5696301270e+02 6.5712902832e+02 6.5742602539e+02 6.5765899658e+02 6.5788800049e+02 6.5808099365e+02 6.5827197266e+02 6.5848797607e+02 6.5859497070e+02 6.5864501953e+02 6.5873797607e+02
6.4339801025e+02 6.4396697998e+02 6.4446398926e+02 6.4483502197e+02 6.4518798828e+02 6.4554302979e+02 6.4629901123e+02 6.4749499512e+02 6.4875897217e+02 6.4923999023e+02 6.4985198975e+02 6.5062701416e+02 6.5108898926e+02 6.5147998047e+02 6.5178997803e+02 6.5206799316e+02 6.5236901855e+02 6.5273400879e+02 6.5304400635e+02 6.5318701172e+02 6.5331097412e+02 6.5346502686e+02 6.5379901123e+02 6.5414697266e+02 6.5428601074e+02 6.5445001221e+02 6.5470202637e+02 6.5505499268e+02 6.5538299561e+02 6.5563897705e+02 6.5578802490e+02 6.5604498291e+02 6.5641400146e+02 6.5666497803e+02 6.5684100342e+02 6.5702801514e+02 6.5720397949e+02 6.5742999268e+02 6.5768701172e+02 6.5795599365e+02 6.5816198730e+02 6.5837701416e+02 6.5857202148e+02 6.5861798096e+02 6.5863702393e+02 6.5874700928e+02
6.4383300781e+02 6.4417602539e+02 6.4455700684e+02 6.4496099854e+02 6.4536401367e+02 6.4588800049e+02 6.4679498291e+02 6.4788201904e+02 6.4877697754e+02 6.4940698242e+02 6.5001000977e+02 6.5067297363e+02 6.5121801758e+02 6.5159002686e+02 6.5186700439e+02 6.5213897705e+02 6.5245599365e+02 6.5280200195e+02 6.5309802246e+02 6.5323602295e+02 6.5337597656e+02 6.5354199219e+02 6.5380200195e+02 6.5410601807e+02 6.5429101563e+02 6.5447100830e+02 6.5478900146e+02 6.5514898682e+02 6.5542297363e+02 6.5568103027e+02 6.5584497070e+02 6.5607501221e+02 6.5645001221e+02 6.5674200439e+02 6.5694097900e+02 6.5711199951e+02 6.5726501465e+02 6.5746801758e+02 6.5777398682e+02 6.5807800293e+02 6.5826300049e+02 6.5843902588e+02 6.5859197998e+02 6.5863098145e+02 6.5861602783e+02 6.5877697754e+02
6.4392602539e+02 6.4425000000e+02 6.4465600586e+02 6.4515100098e+02 6.4566101074e+02 6.4633300781e+02 6.4726898193e+02 6.4822998047e+02 6.4899401855e+02 6.4954400635e+02 6.5009399414e+02 6.5070800781e+02 6.5124200439e+02 6.5165197754e+02 6.5197198486e+02 6.5226501465e+02 6.5257299805e+02 6.5289801025e+02 6.5314898682e+02 6.5327398682e+02 6.5343499756e+02 6.5362597656e+02 6.5382598877e+02 6.5405603027e+02 6.5429998779e+02 6.5450299072e+02 6.5482501221e+02 6.5520397949e+02 6.5551202393e+02 6.5578802490e+02 6.5597601318e+02 6.5616302490e+02 6.5646997070e+02 6.5674102783e+02 6.5695800781e+02 6.5713500977e+02 6.5726202393e+02 6.5745397949e+02 6.5780603027e+02 6.5814501953e+02 6.5828497314e+02 6.5840698242e+02 6.5851800537e+02 6.5856298828e+02 6.5866198730e+02 6.5896697998e+02
6.4397601318e+02 6.4434497070e+02 6.4483697510e+02 6.4542700195e+02 6.4602502441e+02 6.4681597900e+02 6.4771600342e+02 6.4853698730e+02 6.4917297363e+02 6.4972698975e+02 6.5028900146e+02 6.5086700439e+02 6.5135400391e+02 6.5174798584e+02 6.5206201172e+02 6.5234997559e+02 6.5266497803e+02 6.5302301025e+02 6.5323498535e+02 6.5333099365e+02 6.5348101807e+02 6.5368798828e+02 6.5387200928e+02 6.5410400391e+02 6.5438598633e+02 6.5456298828e+02 6.5486401367e+02 6.5525000000e+02 6.5558001709e+02 6.5586700439e+02 6.5605401611e+02 6.5622802734e+02 6.5650799561e+02 6.5676098633e+02 6.5693902588e+02 6.5710400391e+02 6.5724401855e+02 6.5742999268e+02 6.5777301025e+02 6.5811401367e+02 6.5827899170e+02 6.5841198730e+02 6.5849902344e+02 6.5859301758e+02 6.5882098389e+02 6.5904498291e+02
6.4408398438e+02 6.4453002930e+02 6.4514300537e+02 6.4582000732e+02 6.4646899414e+02 6.4733502197e+02 6.4815197754e+02 6.4880297852e+02 6.4931597900e+02 6.4990899658e+02 6.5051098633e+02 6.5105999756e+02 6.5149298096e+02 6.5182202148e+02 6.5208801270e+02 6.5236199951e+02 6.5268701172e+02 6.5301599121e+02 6.5323797607e+02 6.5336401367e+02 6.5351300049e+02 6.5370800781e+02 6.5390997314e+02 6.5418499756e+02 6.5446197510e+02 6.5461602783e+02 6.5490100098e+02 6.5527600098e+02 6.5560198975e+02 6.5589501953e+02 6.5609301758e+02 6.5627099609e+02 6.5655499268e+02 6.5680297852e+02 6.5696002197e+02 6.5711700439e+02 6.5727301025e+02 6.5746899414e+02 6.5775402832e+02 6.5803802490e+02 6.5826098633e+02 6.5845697021e+02 6.5855700684e+02 6.5869702148e+02 6.5892602539e+02 6.5892498779e+02
