TESTSERVER/10/3.asc
NCOLS 100
NROWS 100
XLLCORNER 7.9997500000e+03
YLLCORNER 2.8980025000e+05
CELLSIZE 5.0000000000e-01
NODATA_VALUE -9.9990000000e+03
[rows 80 to 99 of 100, columns 46 to 91 of 100]
6.4656597900e+02 6.4656896973e+02 6.4657598877e+02 6.4659899902e+02 6.4664599609e+02 6.4667401123e+02 6.4670001221e+02 6.4673199463e+02 6.4678302002e+02 6.4685198975e+02 6.4693103027e+02 6.4700201416e+02 6.4704602051e+02 6.4708398438e+02 6.4712799072e+02 6.4715197754e+02 6.4716601563e+02 6.4721697998e+02 6.4725299072e+02 6.4728302002e+02 6.4732202148e+02 6.4737402344e+02 6.4739099121e+02 6.4740301514e+02 6.4741699219e+02 6.4741998291e+02 6.4741802979e+02 6.4741601563e+02 6.4743499756e+02 6.4743701172e+02 6.4744396973e+02 6.4744702148e+02 6.4744897461e+02 6.4748101807e+02 6.4751098633e+02 6.4752301025e+02 6.4752197266e+02 6.4754797363e+02 6.4757501221e+02 6.4761199951e+02 6.4763000488e+02 6.4766497803e+02 6.4768499756e+02 6.4770501709e+02 6.4773999023e+02 6.4776000977e+02
6.4653497314e+02 6.4655200195e+02 6.4658697510e+02 6.4662902832e+02 6.4666699219e+02 6.4671197510e+02 6.4675701904e+02 6.4684100342e+02 6.4693902588e+02 6.4701800537e+02 6.4709497070e+02 6.4712402344e+02 6.4712500000e+02 6.4715997314e+02 6.4720098877e+02 6.4721398926e+02 6.4723297119e+02 6.4729199219e+02 6.4732897949e+02 6.4735797119e+02 6.4739801025e+02 6.4742700195e+02 6.4744299316e+02 6.4745397949e+02 6.4746197510e+02 6.4746997070e+02 6.4747100830e+02 6.4746197510e+02 6.4747198486e+02 6.4748400879e+02 6.4748297119e+02 6.4748498535e+02 6.4749298096e+02 6.4751202393e+02 6.4753698730e+02 6.4755603027e+02 6.4757000732e+02 6.4758099365e+02 6.4761199951e+02 6.4764801025e+02 6.4765698242e+02 6.4767901611e+02 6.4769799805e+02 6.4771600342e+02 6.4773199463e+02 6.4776300049e+02
6.4654998779e+02 6.4656799316e+02 6.4659301758e+02 6.4665502930e+02 6.4673498535e+02 6.4683398438e+02 6.4691699219e+02 6.4702001953e+02 6.4709698486e+02 6.4714599609e+02 6.4718499756e+02 6.4720599365e+02 6.4720501709e+02 6.4724298096e+02 6.4727697754e+02 6.4728698730e+02 6.4732800293e+02 6.4738000488e+02 6.4740600586e+02 6.4742102051e+02 6.4744799805e+02 6.4746099854e+02 6.4748602295e+02 6.4750097656e+02 6.4750299072e+02 6.4750201416e+02 6.4750201416e+02 6.4750598145e+02 6.4751300049e+02 6.4752197266e+02 6.4751501465e+02 6.4751599121e+02 6.4754199219e+02 6.4756298828e+02 6.4757098389e+02 6.4758898926e+02 6.4762200928e+02 6.4761901855e+02 6.4762902832e+02 6.4765197754e+02 6.4766699219e+02 6.4768103027e+02 6.4770001221e+02 6.4772198486e+02 6.4773602295e+02 6.4776501465e+02
6.4656896973e+02 6.4661602783e+02 6.4668701172e+02 6.4678497314e+02 6.4688702393e+02 6.4697100830e+02 6.4704998779e+02 6.4713201904e+02 6.4718798828e+02 6.4724298096e+02 6.4727301025e+02 6.4730102539e+02 6.4731896973e+02 6.4734802246e+02 6.4736901855e+02 6.4738201904e+02 6.4741998291e+02 6.4745098877e+02 6.4747497559e+02 6.4747998047e+02 6.4749700928e+02 6.4752301025e+02 6.4754400635e+02 6.4753900146e+02 6.4754901123e+02 6.4754699707e+02 6.4753601074e+02 6.4754302979e+02 6.4755401611e+02 6.4755200195e+02 6.4753900146e+02 6.4754602051e+02 6.4757299805e+02 6.4759399414e+02 6.4759899902e+02 6.4760998535e+02 6.4762799072e+02 6.4763000488e+02 6.4764801025e+02 6.4766302490e+02 6.4767999268e+02 6.4769000244e+02 6.4770599365e+02 6.4772302246e+02 6.4773699951e+02 6.4776898193e+02
6.4665997314e+02 6.4676702881e+02 6.4687200928e+02 6.4696801758e+02 6.4707397461e+02 6.4713098145e+02 6.4718103027e+02 6.4725000000e+02 6.4731201172e+02 6.4736199951e+02 6.4738500977e+02 6.4740698242e+02 6.4742700195e+02 6.4746502686e+02 6.4747198486e+02 6.4747698975e+02 6.4747998047e+02 6.4750000000e+02 6.4750799561e+02 6.4750598145e+02 6.4753100586e+02 6.4757702637e+02 6.4758898926e+02 6.4756896973e+02 6.4756799316e+02 6.4758801270e+02 6.4756701660e+02 6.4756097412e+02 6.4757897949e+02 6.4758099365e+02 6.4757299805e+02 6.4758697510e+02 6.4759997559e+02 6.4761700439e+02 6.4762402344e+02 6.4763098145e+02 6.4764099121e+02 6.4764599609e+02 6.4766802979e+02 6.4768701172e+02 6.4769702148e+02 6.4769799805e+02 6.4771899414e+02 6.4774200439e+02 6.4775299072e+02 6.4776800537e+02
6.4688201904e+02 6.4699102783e+02 6.4708300781e+02 6.4716699219e+02 6.4725402832e+02 6.4731597900e+02 6.4735498047e+02 6.4741699219e+02 6.4746099854e+02 6.4748797607e+02 6.4750500488e+02 6.4753002930e+02 6.4754199219e+02 6.4756896973e+02 6.4757202148e+02 6.4756799316e+02 6.4755297852e+02 6.4756298828e+02 6.4756799316e+02 6.4755902100e+02 6.4758197021e+02 6.4762298584e+02 6.4762500000e+02 6.4761602783e+02 6.4760400391e+02 6.4761798096e+02 6.4760498047e+02 6.4759100342e+02 6.4759899902e+02 6.4759802246e+02 6.4760400391e+02 6.4762200928e+02 6.4762500000e+02 6.4764001465e+02 6.4764501953e+02 6.4765600586e+02 6.4766400146e+02 6.4765899658e+02 6.4767999268e+02 6.4770001221e+02 6.4769598389e+02 6.4772399902e+02 6.4774401855e+02 6.4776000977e+02 6.4775701904e+02 6.4777801514e+02
6.4713598633e+02 6.4724200439e+02 6.4731701660e+02 6.4738201904e+02 6.4742602539e+02 6.4747302246e+02 6.4750402832e+02 6.4754498291e+02 6.4758099365e+02 6.4760900879e+02 6.4760699463e+02 6.4763000488e+02 6.4765399170e+02 6.4765698242e+02 6.4765502930e+02 6.4764501953e+02 6.4761901855e+02 6.4762402344e+02 6.4762799072e+02 6.4761102295e+02 6.4762799072e+02 6.4765197754e+02 6.4765301514e+02 6.4765502930e+02 6.4763702393e+02 6.4764001465e+02 6.4763098145e+02 6.4762402344e+02 6.4762701416e+02 6.4762597656e+02 6.4764001465e+02 6.4765698242e+02 6.4765502930e+02 6.4766802979e+02 6.4766900635e+02 6.4767602539e+02 6.4768402100e+02 6.4768298340e+02 6.4770202637e+02 6.4772100830e+02 6.4771801758e+02 6.4774700928e+02 6.4775000000e+02 6.4775799561e+02 6.4777197266e+02 6.4780102539e+02
6.4736199951e+02 6.4743499756e+02 6.4749401855e+02 6.4754400635e+02 6.4756597900e+02 6.4759698486e+02 6.4762298584e+02 6.4765802002e+02 6.4768103027e+02 6.4770800781e+02 6.4770599365e+02 6.4772601318e+02 6.4774200439e+02 6.4774298096e+02 6.4774298096e+02 6.4772198486e+02 6.4769598389e+02 6.4769299316e+02 6.4768200684e+02 6.4766302490e+02 6.4767700195e+02 6.4770397949e+02 6.4769598389e+02 6.4767700195e+02 6.4766497803e+02 6.4766699219e+02 6.4766101074e+02 6.4765698242e+02 6.4765698242e+02 6.4766302490e+02 6.4767199707e+02 6.4767797852e+02 6.4767901611e+02 6.4769702148e+02 6.4769799805e+02 6.4769201660e+02 6.4771398926e+02 6.4771398926e+02 6.4772100830e+02 6.4773297119e+02 6.4774200439e+02 6.4777001953e+02 6.4777099609e+02 6.4777502441e+02 6.4779199219e+02 6.4780700684e+02
6.4749597168e+02 6.4756799316e+02 6.4762298584e+02 6.4765600586e+02 6.4766400146e+02 6.4770800781e+02 6.4773797607e+02 6.4776702881e+02 6.4777801514e+02 6.4776800537e+02 6.4777600098e+02 6.4779498291e+02 6.4779699707e+02 6.4780603027e+02 6.4780401611e+02 6.4776702881e+02 6.4771697998e+02 6.4772601318e+02 6.4772198486e+02 6.4771801758e+02 6.4771997070e+02 6.4774200439e+02 6.4773797607e+02 6.4770501709e+02 6.4769500732e+02 6.4769702148e+02 6.4769097900e+02 6.4768701172e+02 6.4770001221e+02 6.4769598389e+02 6.4769799805e+02 6.4770397949e+02 6.4771002197e+02 6.4772900391e+02 6.4772802734e+02 6.4771197510e+02 6.4774798584e+02 6.4773797607e+02 6.4774499512e+02 6.4776098633e+02 6.4776898193e+02 6.4778601074e+02 6.4778900146e+02 6.4779101563e+02 6.4780102539e+02 6.4780902100e+02
6.4763201904e+02 6.4766802979e+02 6.4770697021e+02 6.4774597168e+02 6.4777001953e+02 6.4780297852e+02 6.4781298828e+02 6.4782000732e+02 6.4783398438e+02 6.4783300781e+02 6.4785101318e+02 6.4785998535e+02 6.4785400391e+02 6.4785302734e+02 6.4785302734e+02 6.4782598877e+02 6.4777801514e+02 6.4776800537e+02 6.4776800537e+02 6.4775500488e+02 6.4775701904e+02 6.4776098633e+02 6.4775598145e+02 6.4774298096e+02 6.4773297119e+02 6.4773297119e+02 6.4772601318e+02 6.4771398926e+02 6.4771301270e+02 6.4771697998e+02 6.4772601318e+02 6.4772497559e+02 6.4771801758e+02 6.4773199463e+02 6.4773797607e+02 6.4773498535e+02 6.4775701904e+02 6.4775097656e+02 6.4775701904e+02 6.4777398682e+02 6.4778399658e+02 6.4779901123e+02 6.4779498291e+02 6.4780902100e+02 6.4782598877e+02 6.4784100342e+02
6.4772100830e+02 6.4775299072e+02 6.4778802490e+02 6.4782702637e+02 6.4784497070e+02 6.4786199951e+02 6.4787701416e+02 6.4788702393e+02 6.4789398193e+02 6.4789801025e+02 6.4790997314e+02 6.4791101074e+02 6.4790399170e+02 6.4790502930e+02 6.4789501953e+02 6.4786499023e+02 6.4782598877e+02 6.4780999756e+02 6.4780401611e+02 6.4778997803e+02 6.4778802490e+02 6.4778100586e+02 6.4777600098e+02 6.4777697754e+02 6.4777502441e+02 6.4776800537e+02 6.4775799561e+02 6.4775097656e+02 6.4775201416e+02 6.4775097656e+02 6.4775500488e+02 6.4775201416e+02 6.4775000000e+02 6.4776300049e+02 6.4776898193e+02 6.4776800537e+02 6.4777099609e+02 6.4777600098e+02 6.4778399658e+02 6.4779602051e+02 6.4778900146e+02 6.4781298828e+02 6.4781201172e+02 6.4783197021e+02 6.4784197998e+02 6.4786401367e+02
6.4777398682e+02 6.4783502197e+02 6.4786901855e+02 6.4788500977e+02 6.4790100098e+02 6.4793402100e+02 6.4795599365e+02 6.4796099854e+02 6.4795599365e+02 6.4795501709e+02 6.4795202637e+02 6.4795300293e+02 6.4795001221e+02 6.4795300293e+02 6.4793798828e+02 6.4790197754e+02 6.4786798096e+02 6.4785601807e+02 6.4784301758e+02 6.4782501221e+02 6.4781298828e+02 6.4780902100e+02 6.4780200195e+02 6.4780102539e+02 6.4780999756e+02 6.4779901123e+02 6.4779101563e+02 6.4779400635e+02 6.4779400635e+02 6.4778302002e+02 6.4778198242e+02 6.4779400635e+02 6.4778302002e+02 6.4777899170e+02 6.4778497314e+02 6.4778601074e+02 6.4779602051e+02 6.4779400635e+02 6.4779901123e+02 6.4781097412e+02 6.4781500244e+02 6.4784100342e+02 6.4783197021e+02 6.4785498047e+02 6.4786700439e+02 6.4789398193e+02
6.4787097168e+02 6.4790997314e+02 6.4794000244e+02 6.4796600342e+02 6.4800402832e+02 6.4801501465e+02 6.4801397705e+02 6.4800701904e+02 6.4801098633e+02 6.4801202393e+02 6.4800201416e+02 6.4800402832e+02 6.4800701904e+02 6.4800097656e+02 6.4797497559e+02 6.4793902588e+02 6.4791101074e+02 6.4790002441e+02 6.4788098145e+02 6.4787298584e+02 6.4789300537e+02 6.4785797119e+02 6.4784399414e+02 6.4783300781e+02 6.4782897949e+02 6.4782202148e+02 6.4782098389e+02 6.4783001709e+02 6.4781799316e+02 6.4781701660e+02 6.4780798340e+02 6.4781298828e+02 6.4780499268e+02 6.4779699707e+02 6.4779498291e+02 6.4779797363e+02 6.4781500244e+02 6.4780102539e+02 6.4781799316e+02 6.4782897949e+02 6.4785101318e+02 6.4785302734e+02 6.4784600830e+02 6.4787597656e+02 6.4790002441e+02 6.4791802979e+02
6.4793701172e+02 6.4797998047e+02 6.4800897217e+02 6.4803497314e+02 6.4805700684e+02 6.4805499268e+02 6.4805102539e+02 6.4805700684e+02 6.4806402588e+02 6.4806201172e+02 6.4805499268e+02 6.4805700684e+02 6.4804602051e+02 6.4803497314e+02 6.4800897217e+02 6.4797698975e+02 6.4795098877e+02 6.4795397949e+02 6.4794299316e+02 6.4792602539e+02 6.4792297363e+02 6.4789801025e+02 6.4788098145e+02 6.4785101318e+02 6.4785400391e+02 6.4785400391e+02 6.4785198975e+02 6.4785998535e+02 6.4784399414e+02 6.4784698486e+02 6.4784197998e+02 6.4782897949e+02 6.4782501221e+02 6.4781500244e+02 6.4782202148e+02 6.4782598877e+02 6.4782702637e+02 6.4783001709e+02 6.4784600830e+02 6.4785302734e+02 6.4787902832e+02 6.4788800049e+02 6.4788201904e+02 6.4790502930e+02 6.4791900635e+02 6.4793902588e+02
6.4802099609e+02 6.4806402588e+02 6.4808197021e+02 6.4809399414e+02 6.4809802246e+02 6.4811102295e+02 6.4811401367e+02 6.4811999512e+02 6.4811798096e+02 6.4810900879e+02 6.4810198975e+02 6.4810797119e+02 6.4808697510e+02 6.4806896973e+02 6.4804699707e+02 6.4802001953e+02 6.4801300049e+02 6.4800299072e+02 6.4798699951e+02 6.4797100830e+02 6.4795098877e+02 6.4793701172e+02 6.4792199707e+02 6.4788500977e+02 6.4788397217e+02 6.4788598633e+02 6.4788397217e+02 6.4789001465e+02 6.4788000488e+02 6.4788000488e+02 6.4788201904e+02 6.4787097168e+02 6.4786798096e+02 6.4786102295e+02 6.4786499023e+02 6.4785498047e+02 6.4784698486e+02 6.4785900879e+02 6.4788098145e+02 6.4788201904e+02 6.4790197754e+02 6.4791699219e+02 6.4791400146e+02 6.4793701172e+02 6.4794598389e+02 6.4796697998e+02
6.4809997559e+02 6.4811999512e+02 6.4813702393e+02 6.4815698242e+02 6.4816101074e+02 6.4817602539e+02 6.4817199707e+02 6.4816998291e+02 6.4816699219e+02 6.4815899658e+02 6.4814599609e+02 6.4815100098e+02 6.4813598633e+02 6.4810900879e+02 6.4808502197e+02 6.4806500244e+02 6.4807501221e+02 6.4806201172e+02 6.4803900146e+02 6.4802398682e+02 6.4800201416e+02 6.4797998047e+02 6.4796801758e+02 6.4794097900e+02 6.4793902588e+02 6.4793298340e+02 6.4792999268e+02 6.4793200684e+02 6.4792401123e+02 6.4791699219e+02 6.4791497803e+02 6.4790899658e+02 6.4790600586e+02 6.4790197754e+02 6.4790301514e+02 6.4789398193e+02 6.4789300537e+02 6.4789801025e+02 6.4791400146e+02 6.4791998291e+02 6.4793597412e+02 6.4794500732e+02 6.4793902588e+02 6.4795501709e+02 6.4797698975e+02 6.4800000000e+02
6.4816497803e+02 6.4816497803e+02 6.4818200684e+02 6.4820800781e+02 6.4820697021e+02 6.4821002197e+02 6.4820001221e+02 6.4820697021e+02 6.4820800781e+02 6.4821398926e+02 6.4819799805e+02 6.4819299316e+02 6.4817602539e+02 6.4814398193e+02 6.4812799072e+02 6.4811798096e+02 6.4811297607e+02 6.4810699463e+02 6.4809301758e+02 6.4808001709e+02 6.4806500244e+02 6.4803399658e+02 6.4802398682e+02 6.4801202393e+02 6.4801000977e+02 6.4799798584e+02 6.4798400879e+02 6.4796997070e+02 6.4794897461e+02 6.4795800781e+02 6.4796099854e+02 6.4795599365e+02 6.4792700195e+02 6.4793103027e+02 6.4794201660e+02 6.4794299316e+02 6.4793798828e+02 6.4793298340e+02 6.4794500732e+02 6.4796197510e+02 6.4796197510e+02 6.4797198486e+02 6.4797900391e+02 6.4799102783e+02 6.4800799561e+02 6.4802001953e+02
6.4820898438e+02 6.4822698975e+02 6.4823699951e+02 6.4824700928e+02 6.4824597168e+02 6.4824700928e+02 6.4825402832e+02 6.4826898193e+02 6.4826397705e+02 6.4826898193e+02 6.4826501465e+02 6.4824902344e+02 6.4822198486e+02 6.4818798828e+02 6.4817401123e+02 6.4818103027e+02 6.4816400146e+02 6.4815502930e+02 6.4814202881e+02 6.4811999512e+02 6.4810101318e+02 6.4807897949e+02 6.4807501221e+02 6.4804400635e+02 6.4803100586e+02 6.4802502441e+02 6.4800701904e+02 6.4798999023e+02 6.4797698975e+02 6.4797399902e+02 6.4798797607e+02 6.4798699951e+02 6.4797900391e+02 6.4797900391e+02 6.4797698975e+02 6.4797698975e+02 6.4798297119e+02 6.4797698975e+02 6.4799200439e+02 6.4800598145e+02 6.4800402832e+02 6.4802001953e+02 6.4801702881e+02 6.4802899170e+02 6.4804400635e+02 6.4806402588e+02
6.4825097656e+02 6.4827001953e+02 6.4827801514e+02 6.4828601074e+02 6.4828997803e+02 6.4829602051e+02 6.4830798340e+02 6.4832299805e+02 6.4832000732e+02 6.4832098389e+02 6.4831799316e+02 6.4828802490e+02 6.4825097656e+02 6.4824700928e+02 6.4822900391e+02 6.4822698975e+02 6.4822302246e+02 6.4820397949e+02 6.4819000244e+02 6.4816998291e+02 6.4814398193e+02 6.4812701416e+02 6.4813299561e+02 6.4810101318e+02 6.4807397461e+02 6.4807202148e+02 6.4805999756e+02 6.4804199219e+02 6.4803100586e+02 6.4802398682e+02 6.4803497314e+02 6.4802899170e+02 6.4801702881e+02 6.4801501465e+02 6.4802001953e+02 6.4802197266e+02 6.4802502441e+02 6.4802099609e+02 6.4802398682e+02 6.4802899170e+02 6.4803802490e+02 6.4804699707e+02 6.4804699707e+02 6.4806597900e+02 6.4807702637e+02 6.4809698486e+02
6.4829302979e+02 6.4830499268e+02 6.4830902100e+02 6.4832598877e+02 6.4833398438e+02 6.4834100342e+02 6.4834100342e+02 6.4835302734e+02 6.4836798096e+02 6.4836700439e+02 6.4836199951e+02 6.4833001709e+02 6.4829302979e+02 6.4829602051e+02 6.4828900146e+02 6.4827801514e+02 6.4826599121e+02 6.4824798584e+02 6.4823400879e+02 6.4822100830e+02 6.4820300293e+02 6.4818402100e+02 6.4819000244e+02 6.4816699219e+02 6.4814202881e+02 6.4813702393e+02 6.4811798096e+02 6.4809197998e+02 6.4808599854e+02 6.4808300781e+02 6.4807800293e+02 6.4806597900e+02 6.4804400635e+02 6.4805200195e+02 6.4805902100e+02 6.4806201172e+02 6.4805603027e+02 6.4805297852e+02 6.4805999756e+02 6.4806701660e+02 6.4808898926e+02 6.4808197021e+02 6.4808697510e+02 6.4810498047e+02 6.4811499023e+02 6.4813201904e+02
