TESTSERVER/10/3.asc
NCOLS 100
NROWS 100
XLLCORNER 7.9997500000e+03
YLLCORNER 2.8980025000e+05
CELLSIZE 5.0000000000e-01
NODATA_VALUE -9.9990000000e+03
[rows 80 to 99 of 100, columns 0 to 45 of 100]
6.4552502441e+02 6.4550402832e+02 6.4550500488e+02 6.4550701904e+02 6.4551898193e+02 6.4553399658e+02 6.4554302979e+02 6.4557202148e+02 6.4559600830e+02 6.4561499023e+02 6.4565600586e+02 6.4577600098e+02 6.4591802979e+02 6.4594396973e+02 6.4590100098e+02 6.4579498291e+02 6.4563397217e+02 6.4544702148e+02 6.4529901123e+02 6.4531201172e+02 6.4542999268e+02 6.4550299072e+02 6.4550500488e+02 6.4554101563e+02 6.4567297363e+02 6.4582501221e+02 6.4598602295e+02 6.4609399414e+02 6.4622698975e+02 6.4628698730e+02 6.4629998779e+02 6.4634002686e+02 6.4649200439e+02 6.4663201904e+02 6.4668103027e+02 6.4672900391e+02 6.4672399902e+02 6.4660601807e+02 6.4644799805e+02 6.4621899414e+02 6.4625201416e+02 6.4644598389e+02 6.4649798584e+02 6.4649499512e+02 6.4653497314e+02 6.4656896973e+02
6.4574200439e+02 6.4570599365e+02 6.4560400391e+02 6.4554699707e+02 6.4550701904e+02 6.4552001953e+02 6.4554699707e+02 6.4557299805e+02 6.4561999512e+02 6.4563201904e+02 6.4563897705e+02 6.4570202637e+02 6.4579498291e+02 6.4584899902e+02 6.4591699219e+02 6.4589599609e+02 6.4578601074e+02 6.4565502930e+02 6.4557000732e+02 6.4558502197e+02 6.4569299316e+02 6.4585302734e+02 6.4592700195e+02 6.4594201660e+02 6.4599401855e+02 6.4606701660e+02 6.4615502930e+02 6.4623498535e+02 6.4632702637e+02 6.4637701416e+02 6.4640802002e+02 6.4643499756e+02 6.4651202393e+02 6.4657098389e+02 6.4655999756e+02 6.4651599121e+02 6.4648400879e+02 6.4642297363e+02 6.4640399170e+02 6.4629199219e+02 6.4625799561e+02 6.4639300537e+02 6.4647198486e+02 6.4648699951e+02 6.4650701904e+02 6.4652398682e+02
6.4563397217e+02 6.4566198730e+02 6.4557598877e+02 6.4551800537e+02 6.4549798584e+02 6.4553302002e+02 6.4556500244e+02 6.4557098389e+02 6.4564300537e+02 6.4566101074e+02 6.4565698242e+02 6.4568902588e+02 6.4576000977e+02 6.4582299805e+02 6.4588299561e+02 6.4591900635e+02 6.4589501953e+02 6.4585198975e+02 6.4583398438e+02 6.4583001709e+02 6.4589202881e+02 6.4605102539e+02 6.4617901611e+02 6.4621398926e+02 6.4624102783e+02 6.4625701904e+02 6.4628601074e+02 6.4636199951e+02 6.4642999268e+02 6.4644598389e+02 6.4645300293e+02 6.4645001221e+02 6.4643103027e+02 6.4640100098e+02 6.4635900879e+02 6.4630603027e+02 6.4631500244e+02 6.4633099365e+02 6.4635998535e+02 6.4635498047e+02 6.4629498291e+02 6.4631896973e+02 6.4641601563e+02 6.4647399902e+02 6.4649298096e+02 6.4651000977e+02
6.4553802490e+02 6.4554498291e+02 6.4547802734e+02 6.4545098877e+02 6.4549200439e+02 6.4556500244e+02 6.4559399414e+02 6.4555297852e+02 6.4564001465e+02 6.4571398926e+02 6.4569897461e+02 6.4572302246e+02 6.4578997803e+02 6.4583197021e+02 6.4585797119e+02 6.4593402100e+02 6.4596002197e+02 6.4595697021e+02 6.4598797607e+02 6.4601800537e+02 6.4604998779e+02 6.4612200928e+02 6.4621197510e+02 6.4628601074e+02 6.4632897949e+02 6.4632897949e+02 6.4633398438e+02 6.4641699219e+02 6.4644897461e+02 6.4640002441e+02 6.4633099365e+02 6.4629602051e+02 6.4624298096e+02 6.4620697021e+02 6.4621398926e+02 6.4622302246e+02 6.4626898193e+02 6.4631097412e+02 6.4634197998e+02 6.4639001465e+02 6.4633099365e+02 6.4626702881e+02 6.4636297607e+02 6.4645501709e+02 6.4648498535e+02 6.4652301025e+02
6.4555798340e+02 6.4548101807e+02 6.4541802979e+02 6.4540698242e+02 6.4547601318e+02 6.4558001709e+02 6.4561602783e+02 6.4557598877e+02 6.4565100098e+02 6.4576898193e+02 6.4573199463e+02 6.4573297119e+02 6.4578802490e+02 6.4581597900e+02 6.4586700439e+02 6.4593402100e+02 6.4597302246e+02 6.4597802734e+02 6.4601000977e+02 6.4611499023e+02 6.4615997314e+02 6.4616302490e+02 6.4616998291e+02 6.4624298096e+02 6.4629699707e+02 6.4630297852e+02 6.4628997803e+02 6.4631201172e+02 6.4627801514e+02 6.4617199707e+02 6.4608398438e+02 6.4609899902e+02 6.4611297607e+02 6.4614398193e+02 6.4619000244e+02 6.4622302246e+02 6.4626098633e+02 6.4629901123e+02 6.4635498047e+02 6.4639202881e+02 6.4636999512e+02 6.4631701660e+02 6.4640698242e+02 6.4648297119e+02 6.4651202393e+02 6.4656701660e+02
6.4547802734e+02 6.4545397949e+02 6.4541302490e+02 6.4535900879e+02 6.4542297363e+02 6.4557098389e+02 6.4561798096e+02 6.4561901855e+02 6.4565100098e+02 6.4572302246e+02 6.4572399902e+02 6.4570697021e+02 6.4572302246e+02 6.4573199463e+02 6.4579998779e+02 6.4587200928e+02 6.4591802979e+02 6.4593402100e+02 6.4600500488e+02 6.4612902832e+02 6.4617401123e+02 6.4616400146e+02 6.4613897705e+02 6.4614300537e+02 6.4613897705e+02 6.4611999512e+02 6.4608502197e+02 6.4603002930e+02 6.4599499512e+02 6.4597302246e+02 6.4600299072e+02 6.4604101563e+02 6.4608099365e+02 6.4612902832e+02 6.4618298340e+02 6.4621899414e+02 6.4625201416e+02 6.4628100586e+02 6.4631201172e+02 6.4635302734e+02 6.4637097168e+02 6.4636102295e+02 6.4646600342e+02 6.4657702637e+02 6.4667199707e+02 6.4675799561e+02
6.4536199951e+02 6.4540100098e+02 6.4538598633e+02 6.4538201904e+02 6.4546099854e+02 6.4557299805e+02 6.4561602783e+02 6.4569396973e+02 6.4570599365e+02 6.4571301270e+02 6.4571301270e+02 6.4569000244e+02 6.4569396973e+02 6.4570800781e+02 6.4578198242e+02 6.4584399414e+02 6.4590197754e+02 6.4594897461e+02 6.4601898193e+02 6.4611297607e+02 6.4611297607e+02 6.4606097412e+02 6.4600897217e+02 6.4595501709e+02 6.4590899658e+02 6.4588702393e+02 6.4588702393e+02 6.4588000488e+02 6.4590997314e+02 6.4594799805e+02 6.4599102783e+02 6.4602899170e+02 6.4606799316e+02 6.4611297607e+02 6.4616198730e+02 6.4617498779e+02 6.4620098877e+02 6.4625402832e+02 6.4632397461e+02 6.4639801025e+02 6.4651000977e+02 6.4658300781e+02 6.4667700195e+02 6.4679498291e+02 6.4691601563e+02 6.4702600098e+02
6.4528497314e+02 6.4532897949e+02 6.4533801270e+02 6.4541497803e+02 6.4553601074e+02 6.4562701416e+02 6.4564697266e+02 6.4569500732e+02 6.4568798828e+02 6.4568103027e+02 6.4567199707e+02 6.4565002441e+02 6.4567602539e+02 6.4571502686e+02 6.4580200195e+02 6.4585302734e+02 6.4590399170e+02 6.4596899414e+02 6.4598297119e+02 6.4598498535e+02 6.4592602539e+02 6.4585101318e+02 6.4581500244e+02 6.4577600098e+02 6.4576501465e+02 6.4579101563e+02 6.4582800293e+02 6.4586199951e+02 6.4591198730e+02 6.4595001221e+02 6.4598199463e+02 6.4602600098e+02 6.4606097412e+02 6.4609899902e+02 6.4613299561e+02 6.4615002441e+02 6.4626501465e+02 6.4643798828e+02 6.4659497070e+02 6.4670898438e+02 6.4684997559e+02 6.4693402100e+02 6.4697900391e+02 6.4706201172e+02 6.4715802002e+02 6.4727001953e+02
6.4530401611e+02 6.4533197021e+02 6.4540100098e+02 6.4549499512e+02 6.4563000488e+02 6.4573101807e+02 6.4570898438e+02 6.4566400146e+02 6.4565301514e+02 6.4566400146e+02 6.4566900635e+02 6.4564697266e+02 6.4567602539e+02 6.4571600342e+02 6.4577502441e+02 6.4584600830e+02 6.4586401367e+02 6.4585900879e+02 6.4580902100e+02 6.4574298096e+02 6.4568402100e+02 6.4566101074e+02 6.4569201660e+02 6.4570898438e+02 6.4574902344e+02 6.4580700684e+02 6.4585699463e+02 6.4589099121e+02 6.4591998291e+02 6.4593701172e+02 6.4596801758e+02 6.4599499512e+02 6.4604302979e+02 6.4612200928e+02 6.4620800781e+02 6.4632897949e+02 6.4661102295e+02 6.4688500977e+02 6.4701898193e+02 6.4712097168e+02 6.4720501709e+02 6.4724700928e+02 6.4728100586e+02 6.4733801270e+02 6.4738897705e+02 6.4745202637e+02
6.4535998535e+02 6.4538000488e+02 6.4548297119e+02 6.4556896973e+02 6.4564599609e+02 6.4571697998e+02 6.4566900635e+02 6.4565502930e+02 6.4566101074e+02 6.4565197754e+02 6.4560302734e+02 6.4559698486e+02 6.4564001465e+02 6.4567602539e+02 6.4570599365e+02 6.4571301270e+02 6.4564898682e+02 6.4559197998e+02 6.4557397461e+02 6.4554797363e+02 6.4557397461e+02 6.4560797119e+02 6.4565600586e+02 6.4570599365e+02 6.4575598145e+02 6.4579797363e+02 6.4583099365e+02 6.4585400391e+02 6.4587402344e+02 6.4590100098e+02 6.4596997070e+02 6.4601397705e+02 6.4618701172e+02 6.4643499756e+02 6.4663299561e+02 6.4683001709e+02 6.4708099365e+02 6.4725097656e+02 6.4732897949e+02 6.4738201904e+02 6.4740502930e+02 6.4742401123e+02 6.4746301270e+02 6.4749298096e+02 6.4753802490e+02 6.4759600830e+02
6.4543200684e+02 6.4541900635e+02 6.4549597168e+02 6.4557202148e+02 6.4556799316e+02 6.4559301758e+02 6.4559301758e+02 6.4561102295e+02 6.4560797119e+02 6.4558398438e+02 6.4555297852e+02 6.4556402588e+02 6.4558398438e+02 6.4556597900e+02 6.4551800537e+02 6.4547802734e+02 6.4543701172e+02 6.4543200684e+02 6.4546600342e+02 6.4549700928e+02 6.4556097412e+02 6.4560900879e+02 6.4564801025e+02 6.4568499756e+02 6.4571899414e+02 6.4575299072e+02 6.4578399658e+02 6.4581097412e+02 6.4587799072e+02 6.4598199463e+02 6.4617602539e+02 6.4636700439e+02 6.4664599609e+02 6.4694299316e+02 6.4712200928e+02 6.4726397705e+02 6.4739599609e+02 6.4744799805e+02 6.4747302246e+02 6.4748199463e+02 6.4748901367e+02 6.4752301025e+02 6.4757702637e+02 6.4760498047e+02 6.4764099121e+02 6.4768499756e+02
6.4545599365e+02 6.4541101074e+02 6.4543103027e+02 6.4546502686e+02 6.4542999268e+02 6.4545898438e+02 6.4550402832e+02 6.4551300049e+02 6.4551501465e+02 6.4552801514e+02 6.4552301025e+02 6.4546600342e+02 6.4540002441e+02 6.4534497070e+02 6.4532702637e+02 6.4533801270e+02 6.4536602783e+02 6.4541101074e+02 6.4546099854e+02 6.4551501465e+02 6.4556597900e+02 6.4560101318e+02 6.4563098145e+02 6.4565502930e+02 6.4568798828e+02 6.4576501465e+02 6.4588299561e+02 6.4599200439e+02 6.4615899658e+02 6.4634698486e+02 6.4659399414e+02 6.4684399414e+02 6.4709497070e+02 6.4730401611e+02 6.4740399170e+02 6.4746600342e+02 6.4751202393e+02 6.4751898193e+02 6.4753100586e+02 6.4753802490e+02 6.4756298828e+02 6.4761499023e+02 6.4766400146e+02 6.4768798828e+02 6.4771697998e+02 6.4774597168e+02
6.4535400391e+02 6.4531799316e+02 6.4530200195e+02 6.4531597900e+02 6.4530798340e+02 6.4534997559e+02 6.4539801025e+02 6.4539398193e+02 6.4539501953e+02 6.4538500977e+02 6.4528900146e+02 6.4521899414e+02 6.4519799805e+02 6.4521502686e+02 6.4526300049e+02 6.4530401611e+02 6.4534698486e+02 6.4540301514e+02 6.4544799805e+02 6.4551000977e+02 6.4553198242e+02 6.4555603027e+02 6.4561798096e+02 6.4570001221e+02 6.4580798340e+02 6.4599298096e+02 6.4625799561e+02 6.4642901611e+02 6.4661102295e+02 6.4678002930e+02 6.4693402100e+02 6.4708898926e+02 6.4725598145e+02 6.4738897705e+02 6.4747198486e+02 6.4751300049e+02 6.4755603027e+02 6.4757501221e+02 6.4760302734e+02 6.4763000488e+02 6.4765399170e+02 6.4769000244e+02 6.4772698975e+02 6.4774597168e+02 6.4778601074e+02 6.4782702637e+02
6.4522100830e+02 6.4519598389e+02 6.4518298340e+02 6.4520202637e+02 6.4523199463e+02 6.4528302002e+02 6.4529400635e+02 6.4523699951e+02 6.4519201660e+02 6.4515502930e+02 6.4512902832e+02 6.4512500000e+02 6.4515399170e+02 6.4520098877e+02 6.4526501465e+02 6.4530401611e+02 6.4534997559e+02 6.4540301514e+02 6.4540100098e+02 6.4546502686e+02 6.4553497314e+02 6.4563800049e+02 6.4583398438e+02 6.4601098633e+02 6.4617498779e+02 6.4635998535e+02 6.4656402588e+02 6.4670098877e+02 6.4681597900e+02 6.4694201660e+02 6.4708599854e+02 6.4721997070e+02 6.4736602783e+02 6.4746197510e+02 6.4752697754e+02 6.4757897949e+02 6.4762799072e+02 6.4764300537e+02 6.4765301514e+02 6.4769299316e+02 6.4773101807e+02 6.4776397705e+02 6.4779998779e+02 6.4783898926e+02 6.4788000488e+02 6.4790502930e+02
6.4510601807e+02 6.4510302734e+02 6.4512097168e+02 6.4514801025e+02 6.4516601563e+02 6.4517102051e+02 6.4511999512e+02 6.4506799316e+02 6.4504797363e+02 6.4505798340e+02 6.4507000732e+02 6.4510400391e+02 6.4515399170e+02 6.4520202637e+02 6.4526098633e+02 6.4529797363e+02 6.4531799316e+02 6.4536102295e+02 6.4540698242e+02 6.4556201172e+02 6.4575000000e+02 6.4594702148e+02 6.4616497803e+02 6.4633898926e+02 6.4648999023e+02 6.4662799072e+02 6.4674700928e+02 6.4684197998e+02 6.4693902588e+02 6.4704699707e+02 6.4717498779e+02 6.4730102539e+02 6.4741900635e+02 6.4749200439e+02 6.4755200195e+02 6.4762799072e+02 6.4767700195e+02 6.4770300293e+02 6.4772302246e+02 6.4776800537e+02 6.4780902100e+02 6.4784197998e+02 6.4787200928e+02 6.4791400146e+02 6.4795001221e+02 6.4797698975e+02
6.4503601074e+02 6.4504400635e+02 6.4507000732e+02 6.4507501221e+02 6.4504998779e+02 6.4501202393e+02 6.4496502686e+02 6.4498199463e+02 6.4499902344e+02 6.4503198242e+02 6.4505603027e+02 6.4510498047e+02 6.4514697266e+02 6.4517199707e+02 6.4522198486e+02 6.4526098633e+02 6.4528100586e+02 6.4539501953e+02 6.4560302734e+02 6.4584002686e+02 6.4609100342e+02 6.4630499268e+02 6.4645599365e+02 6.4655499268e+02 6.4665301514e+02 6.4675097656e+02 6.4683697510e+02 6.4693701172e+02 6.4703497314e+02 6.4712799072e+02 6.4722198486e+02 6.4732897949e+02 6.4743701172e+02 6.4751898193e+02 6.4759497070e+02 6.4767401123e+02 6.4771502686e+02 6.4776098633e+02 6.4780603027e+02 6.4785400391e+02 6.4788702393e+02 6.4791101074e+02 6.4794396973e+02 6.4798199463e+02 6.4801800537e+02 6.4805798340e+02
6.4501599121e+02 6.4497802734e+02 6.4492297363e+02 6.4493798828e+02 6.4492199707e+02 6.4491302490e+02 6.4492700195e+02 6.4496002197e+02 6.4497900391e+02 6.4502099609e+02 6.4506597900e+02 6.4511297607e+02 6.4513897705e+02 6.4515197754e+02 6.4518701172e+02 6.4530200195e+02 6.4548498535e+02 6.4575299072e+02 6.4600402832e+02 6.4614099121e+02 6.4633502197e+02 6.4649902344e+02 6.4664697266e+02 6.4665002441e+02 6.4670001221e+02 6.4679400635e+02 6.4691497803e+02 6.4700299072e+02 6.4709497070e+02 6.4719299316e+02 6.4728601074e+02 6.4736602783e+02 6.4746301270e+02 6.4755902100e+02 6.4766400146e+02 6.4772698975e+02 6.4777197266e+02 6.4783697510e+02 6.4789202881e+02 6.4792999268e+02 6.4795599365e+02 6.4798199463e+02 6.4802600098e+02 6.4805798340e+02 6.4809301758e+02 6.4812597656e+02
6.4495800781e+02 6.4489898682e+02 6.4488098145e+02 6.4488000488e+02 6.4486102295e+02 6.4487402344e+02 6.4491101074e+02 6.4495300293e+02 6.4497900391e+02 6.4501599121e+02 6.4504498291e+02 6.4506201172e+02 6.4509002686e+02 6.4521301270e+02 6.4551202393e+02 6.4564398193e+02 6.4584899902e+02 6.4604699707e+02 6.4619097900e+02 6.4627801514e+02 6.4640899658e+02 6.4655297852e+02 6.4667999268e+02 6.4670501709e+02 6.4676702881e+02 6.4686102295e+02 6.4695800781e+02 6.4704998779e+02 6.4713201904e+02 6.4723901367e+02 6.4734600830e+02 6.4742297363e+02 6.4750402832e+02 6.4759698486e+02 6.4768402100e+02 6.4776098633e+02 6.4782299805e+02 6.4789398193e+02 6.4793902588e+02 6.4797497559e+02 6.4800598145e+02 6.4805102539e+02 6.4809497070e+02 6.4812200928e+02 6.4816802979e+02 6.4819000244e+02
6.4486499023e+02 6.4482800293e+02 6.4484497070e+02 6.4484698486e+02 6.4484301758e+02 6.4487402344e+02 6.4491900635e+02 6.4495599365e+02 6.4498199463e+02 6.4500299072e+02 6.4501599121e+02 6.4510498047e+02 6.4524798584e+02 6.4547698975e+02 6.4583801270e+02 6.4596301270e+02 6.4605902100e+02 6.4616400146e+02 6.4629699707e+02 6.4638397217e+02 6.4646398926e+02 6.4656201172e+02 6.4667199707e+02 6.4674597168e+02 6.4682897949e+02 6.4691400146e+02 6.4699102783e+02 6.4709899902e+02 6.4719299316e+02 6.4729199219e+02 6.4739001465e+02 6.4747900391e+02 6.4756298828e+02 6.4765600586e+02 6.4773199463e+02 6.4781597900e+02 6.4788098145e+02 6.4794799805e+02 6.4798699951e+02 6.4802197266e+02 6.4807098389e+02 6.4812597656e+02 6.4815997314e+02 6.4817797852e+02 6.4821899414e+02 6.4824102783e+02
6.4482202148e+02 6.4479400635e+02 6.4481402588e+02 6.4483599854e+02 6.4485900879e+02 6.4489300537e+02 6.4492498779e+02 6.4494000244e+02 6.4495599365e+02 6.4501300049e+02 6.4511798096e+02 6.4539599609e+02 6.4562200928e+02 6.4580902100e+02 6.4600097656e+02 6.4610101318e+02 6.4616601563e+02 6.4625097656e+02 6.4636999512e+02 6.4645202637e+02 6.4652197266e+02 6.4659899902e+02 6.4668499756e+02 6.4678802490e+02 6.4688397217e+02 6.4696600342e+02 6.4703399658e+02 6.4715600586e+02 6.4726202393e+02 6.4734997559e+02 6.4743597412e+02 6.4753900146e+02 6.4762097168e+02 6.4770300293e+02 6.4778399658e+02 6.4786700439e+02 6.4793298340e+02 6.4799902344e+02 6.4803997803e+02 6.4808398438e+02 6.4813598633e+02 6.4817797852e+02 6.4821301270e+02 6.4823999023e+02 6.4827899170e+02 6.4829101563e+02
