TESTSERVER/10/4.asc
NCOLS 100
NROWS 100
XLLCORNER 7.9997500000e+03
YLLCORNER 2.8975025000e+05
CELLSIZE 5.0000000000e-01
NODATA_VALUE -9.9990000000e+03
[rows 0 to 19 of 100, columns 0 to 45 of 100]
6.4479602051e+02 6.4477697754e+02 6.4481896973e+02 6.4486199951e+02 6.4489099121e+02 6.4490197754e+02 6.4490997314e+02 6.4492797852e+02 6.4500598145e+02 6.4521002197e+02 6.4548498535e+02 6.4567602539e+02 6.4582897949e+02 6.4594396973e+02 6.4604602051e+02 6.4615502930e+02 6.4622998047e+02 6.4631402588e+02 6.4640997314e+02 6.4649200439e+02 6.4658502197e+02 6.4665899658e+02 6.4672698975e+02 6.4683398438e+02 6.4692999268e+02 6.4701599121e+02 6.4710699463e+02 6.4721801758e+02 6.4731701660e+02 6.4740301514e+02 6.4750799561e+02 6.4759497070e+02 6.4766198730e+02 6.4773999023e+02 6.4783300781e+02 6.4792199707e+02 6.4797698975e+02 6.4803900146e+02 6.4809301758e+02 6.4814202881e+02 6.4818701172e+02 6.4821697998e+02 6.4825299072e+02 6.4827600098e+02 6.4831701660e+02 6.4832897949e+02
6.4479199219e+02 6.4480401611e+02 6.4484899902e+02 6.4486499023e+02 6.4486199951e+02 6.4486700439e+02 6.4494702148e+02 6.4509698486e+02 6.4528802490e+02 6.4552001953e+02 6.4569396973e+02 6.4580603027e+02 6.4591802979e+02 6.4601300049e+02 6.4610601807e+02 6.4620397949e+02 6.4628497314e+02 6.4636602783e+02 6.4645800781e+02 6.4654699707e+02 6.4663598633e+02 6.4670501709e+02 6.4677899170e+02 6.4688098145e+02 6.4697198486e+02 6.4705902100e+02 6.4715100098e+02 6.4725897217e+02 6.4736102295e+02 6.4745300293e+02 6.4754998779e+02 6.4763702393e+02 6.4771502686e+02 6.4779699707e+02 6.4788201904e+02 6.4797198486e+02 6.4802301025e+02 6.4808599854e+02 6.4812597656e+02 6.4816998291e+02 6.4821697998e+02 6.4826098633e+02 6.4829400635e+02 6.4831896973e+02 6.4834997559e+02 6.4836199951e+02
6.4480700684e+02 6.4482202148e+02 6.4484197998e+02 6.4483398438e+02 6.4486199951e+02 6.4495300293e+02 6.4512902832e+02 6.4536297607e+02 6.4553002930e+02 6.4567602539e+02 6.4578802490e+02 6.4587799072e+02 6.4596502686e+02 6.4606298828e+02 6.4616802979e+02 6.4626000977e+02 6.4634997559e+02 6.4642602539e+02 6.4651898193e+02 6.4661798096e+02 6.4669799805e+02 6.4677502441e+02 6.4686102295e+02 6.4694799805e+02 6.4702301025e+02 6.4711199951e+02 6.4720898438e+02 6.4730798340e+02 6.4741497803e+02 6.4751800537e+02 6.4760601807e+02 6.4768701172e+02 6.4777398682e+02 6.4786499023e+02 6.4794201660e+02 6.4801501465e+02 6.4806097412e+02 6.4811798096e+02 6.4815399170e+02 6.4820501709e+02 6.4824798584e+02 6.4829199219e+02 6.4832501221e+02 6.4834997559e+02 6.4837402344e+02 6.4838897705e+02
6.4481500244e+02 6.4481500244e+02 6.4481799316e+02 6.4485302734e+02 6.4500201416e+02 6.4520098877e+02 6.4537597656e+02 6.4557000732e+02 6.4567297363e+02 6.4575598145e+02 6.4584698486e+02 6.4595599365e+02 6.4603002930e+02 6.4611798096e+02 6.4622802734e+02 6.4631597900e+02 6.4641400146e+02 6.4650097656e+02 6.4659997559e+02 6.4669500732e+02 6.4677502441e+02 6.4685198975e+02 6.4692700195e+02 6.4700701904e+02 6.4708599854e+02 6.4717901611e+02 6.4727398682e+02 6.4737298584e+02 6.4747698975e+02 6.4758197021e+02 6.4766998291e+02 6.4775500488e+02 6.4783502197e+02 6.4791802979e+02 6.4798797607e+02 6.4804498291e+02 6.4809301758e+02 6.4815399170e+02 6.4819396973e+02 6.4824700928e+02 6.4828698730e+02 6.4832800293e+02 6.4835797119e+02 6.4837799072e+02 6.4840802002e+02 6.4842401123e+02
6.4478997803e+02 6.4479901123e+02 6.4485900879e+02 6.4502600098e+02 6.4525897217e+02 6.4544201660e+02 6.4552801514e+02 6.4565197754e+02 6.4575000000e+02 6.4582897949e+02 6.4590698242e+02 6.4603198242e+02 6.4610900879e+02 6.4618701172e+02 6.4630102539e+02 6.4637799072e+02 6.4647900391e+02 6.4657702637e+02 6.4667102051e+02 6.4675299072e+02 6.4683599854e+02 6.4690399170e+02 6.4697802734e+02 6.4704302979e+02 6.4712799072e+02 6.4723199463e+02 6.4732397461e+02 6.4743402100e+02 6.4754400635e+02 6.4764300537e+02 6.4772100830e+02 6.4779797363e+02 6.4786999512e+02 6.4794396973e+02 6.4800799561e+02 6.4806799316e+02 6.4812402344e+02 6.4818701172e+02 6.4822100830e+02 6.4827801514e+02 6.4832202148e+02 6.4836297607e+02 6.4839697266e+02 6.4841302490e+02 6.4842999268e+02 6.4845501709e+02
6.4479901123e+02 6.4489697266e+02 6.4506402588e+02 6.4526300049e+02 6.4545697021e+02 6.4558898926e+02 6.4566497803e+02 6.4573999023e+02 6.4581097412e+02 6.4590600586e+02 6.4597802734e+02 6.4608197021e+02 6.4616497803e+02 6.4624902344e+02 6.4634802246e+02 6.4642999268e+02 6.4653399658e+02 6.4662701416e+02 6.4671801758e+02 6.4679602051e+02 6.4689001465e+02 6.4696301270e+02 6.4704901123e+02 6.4710998535e+02 6.4719500732e+02 6.4730200195e+02 6.4738201904e+02 6.4748400879e+02 6.4758898926e+02 6.4768103027e+02 6.4774902344e+02 6.4782598877e+02 6.4789697266e+02 6.4796502686e+02 6.4803399658e+02 6.4809301758e+02 6.4814697266e+02 6.4820397949e+02 6.4825299072e+02 6.4830902100e+02 6.4834997559e+02 6.4838397217e+02 6.4840899658e+02 6.4844097900e+02 6.4847100830e+02 6.4850097656e+02
6.4489501953e+02 6.4505603027e+02 6.4525299072e+02 6.4541699219e+02 6.4554998779e+02 6.4564801025e+02 6.4573199463e+02 6.4579901123e+02 6.4585900879e+02 6.4595697021e+02 6.4602697754e+02 6.4612902832e+02 6.4621002197e+02 6.4628997803e+02 6.4639001465e+02 6.4647998047e+02 6.4657897949e+02 6.4667199707e+02 6.4676702881e+02 6.4684197998e+02 6.4693701172e+02 6.4701702881e+02 6.4710699463e+02 6.4717297363e+02 6.4725500488e+02 6.4735198975e+02 6.4743701172e+02 6.4752899170e+02 6.4761602783e+02 6.4770397949e+02 6.4777801514e+02 6.4785498047e+02 6.4793798828e+02 6.4800299072e+02 6.4807000732e+02 6.4813702393e+02 6.4818499756e+02 6.4823297119e+02 6.4828302002e+02 6.4832800293e+02 6.4836602783e+02 6.4840698242e+02 6.4843499756e+02 6.4847698975e+02 6.4851501465e+02 6.4854602051e+02
6.4503601074e+02 6.4520098877e+02 6.4535797119e+02 6.4547698975e+02 6.4556597900e+02 6.4564501953e+02 6.4573297119e+02 6.4582098389e+02 6.4589001465e+02 6.4597802734e+02 6.4605401611e+02 6.4616802979e+02 6.4625598145e+02 6.4633398438e+02 6.4643798828e+02 6.4652801514e+02 6.4662799072e+02 6.4672601318e+02 6.4681597900e+02 6.4689202881e+02 6.4698699951e+02 6.4706298828e+02 6.4714398193e+02 6.4722399902e+02 6.4731298828e+02 6.4740399170e+02 6.4749102783e+02 6.4757598877e+02 6.4765399170e+02 6.4773797607e+02 6.4782202148e+02 6.4790197754e+02 6.4798498535e+02 6.4804199219e+02 6.4809698486e+02 6.4816601563e+02 6.4821697998e+02 6.4826599121e+02 6.4830999756e+02 6.4834600830e+02 6.4838800049e+02 6.4843701172e+02 6.4846697998e+02 6.4851098633e+02 6.4855603027e+02 6.4859301758e+02
6.4513800049e+02 6.4526800537e+02 6.4537500000e+02 6.4548199463e+02 6.4557598877e+02 6.4566900635e+02 6.4576098633e+02 6.4585601807e+02 6.4595098877e+02 6.4603698730e+02 6.4611700439e+02 6.4621801758e+02 6.4630297852e+02 6.4638299561e+02 6.4647900391e+02 6.4655798340e+02 6.4666497803e+02 6.4678302002e+02 6.4688397217e+02 6.4697198486e+02 6.4706597900e+02 6.4712701416e+02 6.4720397949e+02 6.4728302002e+02 6.4736602783e+02 6.4745397949e+02 6.4753802490e+02 6.4763201904e+02 6.4770800781e+02 6.4777697754e+02 6.4785601807e+02 6.4794201660e+02 6.4801800537e+02 6.4807202148e+02 6.4813098145e+02 6.4817797852e+02 6.4823101807e+02 6.4828802490e+02 6.4833697510e+02 6.4838201904e+02 6.4843200684e+02 6.4847998047e+02 6.4850701904e+02 6.4855401611e+02 6.4859997559e+02 6.4864398193e+02
6.4520098877e+02 6.4532800293e+02 6.4544000244e+02 6.4552697754e+02 6.4562097168e+02 6.4572100830e+02 6.4580999756e+02 6.4590997314e+02 6.4600701904e+02 6.4609497070e+02 6.4617797852e+02 6.4626397705e+02 6.4634802246e+02 6.4643902588e+02 6.4652301025e+02 6.4660601807e+02 6.4671197510e+02 6.4682202148e+02 6.4692602539e+02 6.4702502441e+02 6.4711602783e+02 6.4717498779e+02 6.4725097656e+02 6.4733599854e+02 6.4741198730e+02 6.4750097656e+02 6.4758599854e+02 6.4767797852e+02 6.4775402832e+02 6.4782897949e+02 6.4789697266e+02 6.4797497559e+02 6.4804498291e+02 6.4810198975e+02 6.4816699219e+02 6.4821697998e+02 6.4826000977e+02 6.4831298828e+02 6.4836999512e+02 6.4842297363e+02 6.4847399902e+02 6.4851800537e+02 6.4855102539e+02 6.4860101318e+02 6.4865002441e+02 6.4870501709e+02
6.4538098145e+02 6.4549401855e+02 6.4558300781e+02 6.4563702393e+02 6.4570202637e+02 6.4578302002e+02 6.4586401367e+02 6.4594500732e+02 6.4603698730e+02 6.4613500977e+02 6.4623699951e+02 6.4632000732e+02 6.4640399170e+02 6.4648999023e+02 6.4657397461e+02 6.4666101074e+02 6.4676202393e+02 6.4686499023e+02 6.4696697998e+02 6.4706597900e+02 6.4715600586e+02 6.4722998047e+02 6.4731298828e+02 6.4739599609e+02 6.4747698975e+02 6.4756799316e+02 6.4763598633e+02 6.4771801758e+02 6.4780297852e+02 6.4788299561e+02 6.4794500732e+02 6.4800897217e+02 6.4807501221e+02 6.4813397217e+02 6.4819396973e+02 6.4825299072e+02 6.4829400635e+02 6.4833898926e+02 6.4838500977e+02 6.4845001221e+02 6.4851098633e+02 6.4855902100e+02 6.4860797119e+02 6.4865698242e+02 6.4870397949e+02 6.4876202393e+02
6.4561999512e+02 6.4571899414e+02 6.4578399658e+02 6.4581701660e+02 6.4585101318e+02 6.4589898682e+02 6.4595098877e+02 6.4601000977e+02 6.4609002686e+02 6.4617797852e+02 6.4628198242e+02 6.4636901855e+02 6.4645697021e+02 6.4654602051e+02 6.4662701416e+02 6.4671502686e+02 6.4680798340e+02 6.4690997314e+02 6.4702301025e+02 6.4712402344e+02 6.4720800781e+02 6.4728802490e+02 6.4737500000e+02 6.4745098877e+02 6.4752801514e+02 6.4761297607e+02 6.4768298340e+02 6.4777301025e+02 6.4785699463e+02 6.4792797852e+02 6.4798498535e+02 6.4804797363e+02 6.4811297607e+02 6.4816601563e+02 6.4821600342e+02 6.4828198242e+02 6.4832897949e+02 6.4836901855e+02 6.4841101074e+02 6.4849102783e+02 6.4856500244e+02 6.4861602783e+02 6.4867297363e+02 6.4872399902e+02 6.4877099609e+02 6.4882501221e+02
6.4580102539e+02 6.4589300537e+02 6.4596997070e+02 6.4601202393e+02 6.4604302979e+02 6.4606097412e+02 6.4605297852e+02 6.4610797119e+02 6.4617401123e+02 6.4624200439e+02 6.4633898926e+02 6.4642602539e+02 6.4650799561e+02 6.4661102295e+02 6.4669396973e+02 6.4677697754e+02 6.4685601807e+02 6.4694897461e+02 6.4707000732e+02 6.4717797852e+02 6.4726501465e+02 6.4734002686e+02 6.4742901611e+02 6.4750598145e+02 6.4757897949e+02 6.4765698242e+02 6.4773400879e+02 6.4782702637e+02 6.4789501953e+02 6.4796197510e+02 6.4802001953e+02 6.4809100342e+02 6.4815502930e+02 6.4820300293e+02 6.4826501465e+02 6.4831799316e+02 6.4836798096e+02 6.4842199707e+02 6.4847802734e+02 6.4854901123e+02 6.4861798096e+02 6.4867297363e+02 6.4873297119e+02 6.4879199219e+02 6.4885101318e+02 6.4890698242e+02
6.4587799072e+02 6.4597497559e+02 6.4606201172e+02 6.4612500000e+02 6.4617602539e+02 6.4620898438e+02 6.4621697998e+02 6.4624700928e+02 6.4626300049e+02 6.4630499268e+02 6.4639202881e+02 6.4648297119e+02 6.4656701660e+02 6.4666101074e+02 6.4675097656e+02 6.4683697510e+02 6.4691497803e+02 6.4700701904e+02 6.4712298584e+02 6.4723101807e+02 6.4732299805e+02 6.4740002441e+02 6.4749298096e+02 6.4756201172e+02 6.4761999512e+02 6.4769897461e+02 6.4778601074e+02 6.4786102295e+02 6.4793597412e+02 6.4800598145e+02 6.4805999756e+02 6.4812500000e+02 6.4819000244e+02 6.4824798584e+02 6.4830700684e+02 6.4835797119e+02 6.4841699219e+02 6.4847302246e+02 6.4854498291e+02 6.4861401367e+02 6.4866900635e+02 6.4872601318e+02 6.4879901123e+02 6.4886297607e+02 6.4891302490e+02 6.4896997070e+02
6.4589898682e+02 6.4599401855e+02 6.4608197021e+02 6.4615399170e+02 6.4621099854e+02 6.4626800537e+02 6.4631701660e+02 6.4634197998e+02 6.4634002686e+02 6.4636700439e+02 6.4645300293e+02 6.4655102539e+02 6.4664300537e+02 6.4672998047e+02 6.4681402588e+02 6.4689898682e+02 6.4698400879e+02 6.4707897949e+02 6.4717999268e+02 6.4728601074e+02 6.4737902832e+02 6.4745501709e+02 6.4753997803e+02 6.4760198975e+02 6.4766601563e+02 6.4775097656e+02 6.4783398438e+02 6.4790002441e+02 6.4797698975e+02 6.4805200195e+02 6.4810198975e+02 6.4816302490e+02 6.4822998047e+02 6.4829302979e+02 6.4834399414e+02 6.4840399170e+02 6.4846899414e+02 6.4852801514e+02 6.4860797119e+02 6.4867498779e+02 6.4873797607e+02 6.4881097412e+02 6.4886999512e+02 6.4892901611e+02 6.4898498535e+02 6.4904101563e+02
6.4588800049e+02 6.4597900391e+02 6.4606298828e+02 6.4614001465e+02 6.4620001221e+02 6.4626898193e+02 6.4634197998e+02 6.4638598633e+02 6.4640698242e+02 6.4643499756e+02 6.4650799561e+02 6.4660998535e+02 6.4671197510e+02 6.4680200195e+02 6.4688098145e+02 6.4696002197e+02 6.4704901123e+02 6.4714300537e+02 6.4723797607e+02 6.4734600830e+02 6.4743798828e+02 6.4751501465e+02 6.4759197998e+02 6.4765997314e+02 6.4773297119e+02 6.4780999756e+02 6.4786999512e+02 6.4794097900e+02 6.4802398682e+02 6.4810198975e+02 6.4815301514e+02 6.4821099854e+02 6.4827301025e+02 6.4833099365e+02 6.4838000488e+02 6.4845898438e+02 6.4853198242e+02 6.4859399414e+02 6.4866998291e+02 6.4874298096e+02 6.4880999756e+02 6.4887701416e+02 6.4892498779e+02 6.4899499512e+02 6.4905798340e+02 6.4910797119e+02
6.4589001465e+02 6.4597601318e+02 6.4605603027e+02 6.4614300537e+02 6.4620898438e+02 6.4628198242e+02 6.4635498047e+02 6.4642297363e+02 6.4646099854e+02 6.4648901367e+02 6.4655798340e+02 6.4666601563e+02 6.4676800537e+02 6.4686499023e+02 6.4695202637e+02 6.4703198242e+02 6.4711700439e+02 6.4720800781e+02 6.4731500244e+02 6.4740100098e+02 6.4748199463e+02 6.4755999756e+02 6.4764599609e+02 6.4772601318e+02 6.4780102539e+02 6.4787097168e+02 6.4793499756e+02 6.4800799561e+02 6.4808197021e+02 6.4815197754e+02 6.4820501709e+02 6.4826599121e+02 6.4832598877e+02 6.4838598633e+02 6.4844201660e+02 6.4852600098e+02 6.4859899902e+02 6.4865899658e+02 6.4872698975e+02 6.4882098389e+02 6.4888201904e+02 6.4892401123e+02 6.4897302246e+02 6.4905200195e+02 6.4911901855e+02 6.4917199707e+02
6.4590600586e+02 6.4599597168e+02 6.4608502197e+02 6.4615197754e+02 6.4621002197e+02 6.4629699707e+02 6.4637500000e+02 6.4644897461e+02 6.4650500488e+02 6.4655401611e+02 6.4662597656e+02 6.4672601318e+02 6.4682598877e+02 6.4692700195e+02 6.4702197266e+02 6.4710498047e+02 6.4720098877e+02 6.4728198242e+02 6.4737500000e+02 6.4746197510e+02 6.4754498291e+02 6.4762902832e+02 6.4771398926e+02 6.4777600098e+02 6.4784100342e+02 6.4791400146e+02 6.4798297119e+02 6.4805798340e+02 6.4813500977e+02 6.4820001221e+02 6.4825097656e+02 6.4831896973e+02 6.4838098145e+02 6.4845001221e+02 6.4852301025e+02 6.4859399414e+02 6.4865698242e+02 6.4871099854e+02 6.4877301025e+02 6.4885998535e+02 6.4892401123e+02 6.4898699951e+02 6.4905603027e+02 6.4911499023e+02 6.4917102051e+02 6.4922698975e+02
6.4589398193e+02 6.4599597168e+02 6.4608801270e+02 6.4615997314e+02 6.4622802734e+02 6.4631298828e+02 6.4638897705e+02 6.4646899414e+02 6.4654699707e+02 6.4661401367e+02 6.4668499756e+02 6.4677600098e+02 6.4689001465e+02 6.4700000000e+02 6.4709899902e+02 6.4717102051e+02 6.4726599121e+02 6.4735198975e+02 6.4744299316e+02 6.4752398682e+02 6.4759497070e+02 6.4767999268e+02 6.4776898193e+02 6.4782897949e+02 6.4789599609e+02 6.4797399902e+02 6.4803698730e+02 6.4811999512e+02 6.4820501709e+02 6.4827398682e+02 6.4832702637e+02 6.4838598633e+02 6.4844500732e+02 6.4851300049e+02 6.4858599854e+02 6.4864697266e+02 6.4871502686e+02 6.4878399658e+02 6.4884301758e+02 6.4891699219e+02 6.4898199463e+02 6.4905297852e+02 6.4911901855e+02 6.4916998291e+02 6.4922302246e+02 6.4928997803e+02
6.4588702393e+02 6.4599700928e+02 6.4609002686e+02 6.4619598389e+02 6.4628302002e+02 6.4635900879e+02 6.4641998291e+02 6.4649902344e+02 6.4658398438e+02 6.4665698242e+02 6.4672900391e+02 6.4681896973e+02 6.4694000244e+02 6.4705700684e+02 6.4716699219e+02 6.4725000000e+02 6.4733898926e+02 6.4742297363e+02 6.4752001953e+02 6.4759301758e+02 6.4765002441e+02 6.4773101807e+02 6.4782702637e+02 6.4789202881e+02 6.4796099854e+02 6.4803497314e+02 6.4808001709e+02 6.4816699219e+02 6.4825897217e+02 6.4833197021e+02 6.4839202881e+02 6.4845098877e+02 6.4851300049e+02 6.4857800293e+02 6.4864501953e+02 6.4870397949e+02 6.4878302002e+02 6.4885699463e+02 6.4891400146e+02 6.4898797607e+02 6.4904199219e+02 6.4909997559e+02 6.4915600586e+02 6.4922698975e+02 6.4929199219e+02 6.4935900879e+02
