TESTSERVER/10/4.asc
NCOLS 100
NROWS 100
XLLCORNER 7.9997500000e+03
YLLCORNER 2.8975025000e+05
CELLSIZE 5.0000000000e-01
NODATA_VALUE -9.9990000000e+03
[rows 60 to 79 of 100, columns 46 to 91 of 100]
6.5154998779e+02 6.5158697510e+02 6.5161499023e+02 6.5165698242e+02 6.5171502686e+02 6.5172100830e+02 6.5176098633e+02 6.5179797363e+02 6.5181896973e+02 6.5184600830e+02 6.5188598633e+02 6.5192901611e+02 6.5194702148e+02 6.5195501709e+02 6.5198400879e+02 6.5201000977e+02 6.5202099609e+02 6.5202502441e+02 6.5203601074e+02 6.5203900146e+02 6.5206298828e+02 6.5208599854e+02 6.5209600830e+02 6.5209600830e+02 6.5209399414e+02 6.5210302734e+02 6.5211297607e+02 6.5211401367e+02 6.5211999512e+02 6.5214398193e+02 6.5215399170e+02 6.5215301514e+02 6.5214697266e+02 6.5215399170e+02 6.5214300537e+02 6.5213299561e+02 6.5213201904e+02 6.5212902832e+02 6.5212200928e+02 6.5211401367e+02 6.5210699463e+02 6.5210400391e+02 6.5209997559e+02 6.5210498047e+02 6.5213000488e+02 6.5213201904e+02
6.5158697510e+02 6.5162298584e+02 6.5165301514e+02 6.5169500732e+02 6.5172698975e+02 6.5175097656e+02 6.5179901123e+02 6.5184301758e+02 6.5187298584e+02 6.5189398193e+02 6.5192498779e+02 6.5195800781e+02 6.5198297119e+02 6.5199102783e+02 6.5201000977e+02 6.5202600098e+02 6.5203302002e+02 6.5205902100e+02 6.5206799316e+02 6.5207897949e+02 6.5209497070e+02 6.5211700439e+02 6.5212902832e+02 6.5213397217e+02 6.5213397217e+02 6.5214099121e+02 6.5216900635e+02 6.5218298340e+02 6.5217999268e+02 6.5220397949e+02 6.5221997070e+02 6.5221801758e+02 6.5221697998e+02 6.5222601318e+02 6.5221697998e+02 6.5220501709e+02 6.5219897461e+02 6.5219897461e+02 6.5219000244e+02 6.5218902588e+02 6.5219000244e+02 6.5217999268e+02 6.5217999268e+02 6.5218701172e+02 6.5219500732e+02 6.5220202637e+02
6.5162402344e+02 6.5165502930e+02 6.5168103027e+02 6.5172601318e+02 6.5176000977e+02 6.5179797363e+02 6.5183300781e+02 6.5186999512e+02 6.5190600586e+02 6.5193103027e+02 6.5195001221e+02 6.5196997070e+02 6.5200201416e+02 6.5200897217e+02 6.5202197266e+02 6.5204797363e+02 6.5205700684e+02 6.5208398438e+02 6.5209802246e+02 6.5211901855e+02 6.5213299561e+02 6.5215600586e+02 6.5216400146e+02 6.5217401123e+02 6.5217901611e+02 6.5218798828e+02 6.5222100830e+02 6.5224401855e+02 6.5223901367e+02 6.5226397705e+02 6.5228497314e+02 6.5228900146e+02 6.5229101563e+02 6.5229302979e+02 6.5229101563e+02 6.5228302002e+02 6.5227398682e+02 6.5227600098e+02 6.5226501465e+02 6.5226501465e+02 6.5226800537e+02 6.5226501465e+02 6.5227099609e+02 6.5227697754e+02 6.5227801514e+02 6.5229199219e+02
6.5165399170e+02 6.5168298340e+02 6.5171099854e+02 6.5175598145e+02 6.5179797363e+02 6.5183898926e+02 6.5185198975e+02 6.5187701416e+02 6.5191900635e+02 6.5194598389e+02 6.5195599365e+02 6.5197998047e+02 6.5202502441e+02 6.5202600098e+02 6.5203802490e+02 6.5207501221e+02 6.5208599854e+02 6.5210302734e+02 6.5212298584e+02 6.5214801025e+02 6.5216802979e+02 6.5218701172e+02 6.5219500732e+02 6.5220697021e+02 6.5221997070e+02 6.5224200439e+02 6.5227600098e+02 6.5229998779e+02 6.5229699707e+02 6.5231500244e+02 6.5234497070e+02 6.5236499023e+02 6.5236499023e+02 6.5236901855e+02 6.5236999512e+02 6.5235998535e+02 6.5235302734e+02 6.5235498047e+02 6.5234802246e+02 6.5235400391e+02 6.5236199951e+02 6.5236602783e+02 6.5236999512e+02 6.5237402344e+02 6.5238000488e+02 6.5239398193e+02
6.5169201660e+02 6.5173199463e+02 6.5176599121e+02 6.5179602051e+02 6.5181896973e+02 6.5186499023e+02 6.5187597656e+02 6.5189599609e+02 6.5193701172e+02 6.5196997070e+02 6.5198699951e+02 6.5200201416e+02 6.5203198242e+02 6.5204699707e+02 6.5206097412e+02 6.5209100342e+02 6.5211798096e+02 6.5215197754e+02 6.5217199707e+02 6.5218701172e+02 6.5220800781e+02 6.5222198486e+02 6.5223199463e+02 6.5224700928e+02 6.5226898193e+02 6.5230902100e+02 6.5234698486e+02 6.5237799072e+02 6.5238897705e+02 6.5240502930e+02 6.5243499756e+02 6.5245599365e+02 6.5243902588e+02 6.5245697021e+02 6.5246197510e+02 6.5244000244e+02 6.5243298340e+02 6.5243902588e+02 6.5244299316e+02 6.5245501709e+02 6.5246801758e+02 6.5246899414e+02 6.5246099854e+02 6.5246600342e+02 6.5247497559e+02 6.5248498535e+02
6.5172698975e+02 6.5175897217e+02 6.5178900146e+02 6.5181799316e+02 6.5183898926e+02 6.5187298584e+02 6.5189001465e+02 6.5191699219e+02 6.5194097900e+02 6.5197497559e+02 6.5199499512e+02 6.5201000977e+02 6.5203698730e+02 6.5206097412e+02 6.5208398438e+02 6.5210699463e+02 6.5213897705e+02 6.5217297363e+02 6.5219097900e+02 6.5221600342e+02 6.5222802734e+02 6.5224902344e+02 6.5226202393e+02 6.5228497314e+02 6.5232202148e+02 6.5235797119e+02 6.5240600586e+02 6.5245898438e+02 6.5249200439e+02 6.5250402832e+02 6.5252099609e+02 6.5253802490e+02 6.5253198242e+02 6.5254302979e+02 6.5254699707e+02 6.5253198242e+02 6.5252001953e+02 6.5252301025e+02 6.5253302002e+02 6.5253802490e+02 6.5254498291e+02 6.5254199219e+02 6.5253802490e+02 6.5255499268e+02 6.5256298828e+02 6.5257397461e+02
6.5176000977e+02 6.5178302002e+02 6.5180798340e+02 6.5183898926e+02 6.5186102295e+02 6.5189001465e+02 6.5190899658e+02 6.5192999268e+02 6.5193597412e+02 6.5198199463e+02 6.5200598145e+02 6.5202600098e+02 6.5204302979e+02 6.5208300781e+02 6.5211700439e+02 6.5213201904e+02 6.5215002441e+02 6.5218597412e+02 6.5220898438e+02 6.5223999023e+02 6.5224700928e+02 6.5228302002e+02 6.5230798340e+02 6.5233898926e+02 6.5239099121e+02 6.5244097900e+02 6.5249499512e+02 6.5255102539e+02 6.5258898926e+02 6.5259997559e+02 6.5260400391e+02 6.5261401367e+02 6.5261901855e+02 6.5261700439e+02 6.5262298584e+02 6.5261700439e+02 6.5260400391e+02 6.5260601807e+02 6.5260699463e+02 6.5260797119e+02 6.5261499023e+02 6.5261901855e+02 6.5262500000e+02 6.5264099121e+02 6.5265197754e+02 6.5266699219e+02
6.5178198242e+02 6.5179602051e+02 6.5181402588e+02 6.5184497070e+02 6.5186798096e+02 6.5189801025e+02 6.5192102051e+02 6.5194396973e+02 6.5194799805e+02 6.5199401855e+02 6.5202301025e+02 6.5204797363e+02 6.5205603027e+02 6.5209997559e+02 6.5213500977e+02 6.5214398193e+02 6.5215600586e+02 6.5220202637e+02 6.5222998047e+02 6.5226599121e+02 6.5228601074e+02 6.5233599854e+02 6.5237500000e+02 6.5241900635e+02 6.5248400879e+02 6.5253399658e+02 6.5258398438e+02 6.5263000488e+02 6.5266198730e+02 6.5267401123e+02 6.5268103027e+02 6.5269500732e+02 6.5270599365e+02 6.5270001221e+02 6.5270397949e+02 6.5269299316e+02 6.5267297363e+02 6.5267297363e+02 6.5267199707e+02 6.5268200684e+02 6.5269598389e+02 6.5269897461e+02 6.5270599365e+02 6.5271099854e+02 6.5273101807e+02 6.5275000000e+02
6.5178997803e+02 6.5179901123e+02 6.5181701660e+02 6.5184301758e+02 6.5185699463e+02 6.5190301514e+02 6.5192700195e+02 6.5195300293e+02 6.5197302246e+02 6.5200598145e+02 6.5203900146e+02 6.5206799316e+02 6.5207800293e+02 6.5210601807e+02 6.5214001465e+02 6.5215698242e+02 6.5217797852e+02 6.5223297119e+02 6.5226397705e+02 6.5229498291e+02 6.5234002686e+02 6.5240100098e+02 6.5245098877e+02 6.5249700928e+02 6.5255401611e+02 6.5260498047e+02 6.5265399170e+02 6.5269799805e+02 6.5273602295e+02 6.5273602295e+02 6.5275500488e+02 6.5277600098e+02 6.5278198242e+02 6.5277502441e+02 6.5277600098e+02 6.5276300049e+02 6.5274200439e+02 6.5273498535e+02 6.5273699951e+02 6.5275201416e+02 6.5276501465e+02 6.5277398682e+02 6.5277197266e+02 6.5277600098e+02 6.5281097412e+02 6.5282702637e+02
6.5178497314e+02 6.5180297852e+02 6.5182598877e+02 6.5185198975e+02 6.5186499023e+02 6.5191497803e+02 6.5193798828e+02 6.5196600342e+02 6.5199902344e+02 6.5202099609e+02 6.5204699707e+02 6.5206701660e+02 6.5209497070e+02 6.5211700439e+02 6.5215600586e+02 6.5218701172e+02 6.5220001221e+02 6.5226202393e+02 6.5231298828e+02 6.5234100342e+02 6.5238897705e+02 6.5245202637e+02 6.5250799561e+02 6.5255200195e+02 6.5260400391e+02 6.5266101074e+02 6.5271197510e+02 6.5275500488e+02 6.5279199219e+02 6.5281500244e+02 6.5283099365e+02 6.5284002686e+02 6.5283599854e+02 6.5282897949e+02 6.5282897949e+02 6.5281896973e+02 6.5280499268e+02 6.5280401611e+02 6.5281402588e+02 6.5282000732e+02 6.5282501221e+02 6.5284698486e+02 6.5285498047e+02 6.5286798096e+02 6.5290698242e+02 6.5292401123e+02
6.5178302002e+02 6.5181500244e+02 6.5183099365e+02 6.5184899902e+02 6.5187298584e+02 6.5193200684e+02 6.5195397949e+02 6.5197698975e+02 6.5200897217e+02 6.5203100586e+02 6.5205603027e+02 6.5207800293e+02 6.5211297607e+02 6.5212597656e+02 6.5215600586e+02 6.5220300293e+02 6.5223901367e+02 6.5228900146e+02 6.5235198975e+02 6.5239202881e+02 6.5242999268e+02 6.5248901367e+02 6.5254797363e+02 6.5259399414e+02 6.5264099121e+02 6.5269396973e+02 6.5274499512e+02 6.5278900146e+02 6.5283197021e+02 6.5286602783e+02 6.5287902832e+02 6.5288098145e+02 6.5287701416e+02 6.5286798096e+02 6.5286798096e+02 6.5286499023e+02 6.5284997559e+02 6.5285498047e+02 6.5288000488e+02 6.5289001465e+02 6.5289599609e+02 6.5292498779e+02 6.5295098877e+02 6.5297100830e+02 6.5298901367e+02 6.5300201416e+02
6.5177099609e+02 6.5180798340e+02 6.5183197021e+02 6.5184600830e+02 6.5187200928e+02 6.5193200684e+02 6.5195697021e+02 6.5197900391e+02 6.5199597168e+02 6.5202899170e+02 6.5205999756e+02 6.5208197021e+02 6.5211297607e+02 6.5213897705e+02 6.5217297363e+02 6.5223400879e+02 6.5228698730e+02 6.5232098389e+02 6.5238702393e+02 6.5243597412e+02 6.5245898438e+02 6.5251202393e+02 6.5257598877e+02 6.5262799072e+02 6.5267297363e+02 6.5271600342e+02 6.5276501465e+02 6.5280902100e+02 6.5284600830e+02 6.5288397217e+02 6.5290100098e+02 6.5290600586e+02 6.5290502930e+02 6.5289697266e+02 6.5289501953e+02 6.5289697266e+02 6.5289398193e+02 6.5291101074e+02 6.5293798828e+02 6.5295697021e+02 6.5297399902e+02 6.5300201416e+02 6.5303198242e+02 6.5305297852e+02 6.5305999756e+02 6.5307299805e+02
6.5177301025e+02 6.5181298828e+02 6.5184698486e+02 6.5186102295e+02 6.5187701416e+02 6.5191699219e+02 6.5194201660e+02 6.5197399902e+02 6.5199700928e+02 6.5202600098e+02 6.5205401611e+02 6.5208001709e+02 6.5211199951e+02 6.5215600586e+02 6.5220397949e+02 6.5227197266e+02 6.5232202148e+02 6.5235699463e+02 6.5239697266e+02 6.5244702148e+02 6.5248901367e+02 6.5253100586e+02 6.5259301758e+02 6.5265100098e+02 6.5269702148e+02 6.5273199463e+02 6.5277301025e+02 6.5281298828e+02 6.5284497070e+02 6.5288500977e+02 6.5290899658e+02 6.5291699219e+02 6.5291802979e+02 6.5292199707e+02 6.5292602539e+02 6.5292797852e+02 6.5294299316e+02 6.5296301270e+02 6.5298400879e+02 6.5301599121e+02 6.5305200195e+02 6.5307598877e+02 6.5310198975e+02 6.5312902832e+02 6.5314001465e+02 6.5315502930e+02
6.5178100586e+02 6.5182202148e+02 6.5184600830e+02 6.5185699463e+02 6.5186499023e+02 6.5190301514e+02 6.5192602539e+02 6.5195599365e+02 6.5197998047e+02 6.5201000977e+02 6.5204998779e+02 6.5209197998e+02 6.5212500000e+02 6.5216802979e+02 6.5221697998e+02 6.5227697754e+02 6.5231896973e+02 6.5235198975e+02 6.5239697266e+02 6.5245800781e+02 6.5250897217e+02 6.5254901123e+02 6.5260302734e+02 6.5265698242e+02 6.5269201660e+02 6.5273400879e+02 6.5278601074e+02 6.5281701660e+02 6.5283599854e+02 6.5288000488e+02 6.5291101074e+02 6.5292199707e+02 6.5292700195e+02 6.5294702148e+02 6.5296099854e+02 6.5296600342e+02 6.5299499512e+02 6.5300701904e+02 6.5302697754e+02 6.5306201172e+02 6.5310198975e+02 6.5311901855e+02 6.5314099121e+02 6.5318103027e+02 6.5321002197e+02 6.5322302246e+02
6.5178002930e+02 6.5180902100e+02 6.5183099365e+02 6.5184899902e+02 6.5185302734e+02 6.5189202881e+02 6.5192700195e+02 6.5196002197e+02 6.5197698975e+02 6.5200799561e+02 6.5205401611e+02 6.5209497070e+02 6.5213598633e+02 6.5218402100e+02 6.5222998047e+02 6.5227801514e+02 6.5231402588e+02 6.5234899902e+02 6.5239001465e+02 6.5245202637e+02 6.5251202393e+02 6.5254901123e+02 6.5258898926e+02 6.5263299561e+02 6.5267498779e+02 6.5272698975e+02 6.5278302002e+02 6.5281298828e+02 6.5283197021e+02 6.5287200928e+02 6.5291400146e+02 6.5293499756e+02 6.5294097900e+02 6.5296600342e+02 6.5299102783e+02 6.5299401855e+02 6.5302197266e+02 6.5305297852e+02 6.5307702637e+02 6.5309802246e+02 6.5312402344e+02 6.5315399170e+02 6.5318499756e+02 6.5322497559e+02 6.5325201416e+02 6.5326501465e+02
6.5177301025e+02 6.5179101563e+02 6.5180798340e+02 6.5183197021e+02 6.5184497070e+02 6.5187597656e+02 6.5192199707e+02 6.5196197510e+02 6.5197998047e+02 6.5201599121e+02 6.5205700684e+02 6.5208898926e+02 6.5213702393e+02 6.5218402100e+02 6.5222497559e+02 6.5226898193e+02 6.5230902100e+02 6.5235400391e+02 6.5238500977e+02 6.5243597412e+02 6.5249298096e+02 6.5253100586e+02 6.5257501221e+02 6.5262597656e+02 6.5268499756e+02 6.5272998047e+02 6.5277197266e+02 6.5281097412e+02 6.5283801270e+02 6.5286999512e+02 6.5291198730e+02 6.5294201660e+02 6.5295202637e+02 6.5297802734e+02 6.5301599121e+02 6.5302301025e+02 6.5304400635e+02 6.5309002686e+02 6.5312597656e+02 6.5314398193e+02 6.5315997314e+02 6.5319201660e+02 6.5322399902e+02 6.5326397705e+02 6.5329199219e+02 6.5331597900e+02
6.5176397705e+02 6.5178100586e+02 6.5179901123e+02 6.5182098389e+02 6.5185101318e+02 6.5186499023e+02 6.5190502930e+02 6.5194500732e+02 6.5197698975e+02 6.5200897217e+02 6.5203997803e+02 6.5207598877e+02 6.5212799072e+02 6.5217401123e+02 6.5220697021e+02 6.5225201416e+02 6.5232098389e+02 6.5234997559e+02 6.5238201904e+02 6.5243499756e+02 6.5249902344e+02 6.5253900146e+02 6.5258001709e+02 6.5263500977e+02 6.5269897461e+02 6.5273797607e+02 6.5277099609e+02 6.5281097412e+02 6.5285198975e+02 6.5286602783e+02 6.5289898682e+02 6.5293298340e+02 6.5295898438e+02 6.5298602295e+02 6.5303399658e+02 6.5306701660e+02 6.5309197998e+02 6.5314001465e+02 6.5316998291e+02 6.5318597412e+02 6.5320898438e+02 6.5323498535e+02 6.5325598145e+02 6.5329400635e+02 6.5333398438e+02 6.5336401367e+02
6.5174401855e+02 6.5176800537e+02 6.5179302979e+02 6.5181500244e+02 6.5184002686e+02 6.5186401367e+02 6.5189300537e+02 6.5191900635e+02 6.5196002197e+02 6.5198901367e+02 6.5200598145e+02 6.5204797363e+02 6.5211602783e+02 6.5217401123e+02 6.5221197510e+02 6.5224200439e+02 6.5230603027e+02 6.5233801270e+02 6.5237200928e+02 6.5241699219e+02 6.5246899414e+02 6.5251898193e+02 6.5257598877e+02 6.5264099121e+02 6.5269702148e+02 6.5273101807e+02 6.5276501465e+02 6.5279797363e+02 6.5282897949e+02 6.5285601807e+02 6.5289300537e+02 6.5293200684e+02 6.5297497559e+02 6.5301397705e+02 6.5305297852e+02 6.5309497070e+02 6.5312402344e+02 6.5317199707e+02 6.5319598389e+02 6.5321697998e+02 6.5324700928e+02 6.5328497314e+02 6.5332299805e+02 6.5336102295e+02 6.5338500977e+02 6.5339898682e+02
6.5173699951e+02 6.5175799561e+02 6.5177697754e+02 6.5180297852e+02 6.5182501221e+02 6.5184100342e+02 6.5186798096e+02 6.5191400146e+02 6.5194500732e+02 6.5197900391e+02 6.5198901367e+02 6.5202398682e+02 6.5209399414e+02 6.5216400146e+02 6.5221197510e+02 6.5223699951e+02 6.5228100586e+02 6.5233300781e+02 6.5237298584e+02 6.5240399170e+02 6.5245300293e+02 6.5251202393e+02 6.5257299805e+02 6.5263800049e+02 6.5268402100e+02 6.5271502686e+02 6.5275500488e+02 6.5279400635e+02 6.5281500244e+02 6.5284802246e+02 6.5289398193e+02 6.5293902588e+02 6.5298901367e+02 6.5303100586e+02 6.5307702637e+02 6.5312799072e+02 6.5316998291e+02 6.5320800781e+02 6.5322802734e+02 6.5325201416e+02 6.5327502441e+02 6.5332299805e+02 6.5337200928e+02 6.5340197754e+02 6.5341601563e+02 6.5343402100e+02
6.5172302246e+02 6.5173498535e+02 6.5175701904e+02 6.5178802490e+02 6.5180999756e+02 6.5182897949e+02 6.5185101318e+02 6.5190600586e+02 6.5193597412e+02 6.5197497559e+02 6.5198901367e+02 6.5201898193e+02 6.5209600830e+02 6.5216699219e+02 6.5221301270e+02 6.5223498535e+02 6.5225701904e+02 6.5232098389e+02 6.5236199951e+02 6.5238800049e+02 6.5244097900e+02 6.5250500488e+02 6.5256500244e+02 6.5262200928e+02 6.5265997314e+02 6.5269598389e+02 6.5273999023e+02 6.5278399658e+02 6.5280798340e+02 6.5284301758e+02 6.5289697266e+02 6.5294702148e+02 6.5300000000e+02 6.5304400635e+02 6.5309399414e+02 6.5314898682e+02 6.5319598389e+02 6.5322802734e+02 6.5325598145e+02 6.5328900146e+02 6.5330102539e+02 6.5334600830e+02 6.5339300537e+02 6.5341497803e+02 6.5343200684e+02 6.5347698975e+02
