TESTSERVER/10/4.asc
NCOLS 100
NROWS 100
XLLCORNER 7.9997500000e+03
YLLCORNER 2.8975025000e+05
CELLSIZE 5.0000000000e-01
NODATA_VALUE -9.9990000000e+03
[rows 80 to 99 of 100, columns 46 to 91 of 100]
6.5169000244e+02 6.5171197510e+02 6.5174200439e+02 6.5177398682e+02 6.5179400635e+02 6.5183697510e+02 6.5184802246e+02 6.5187902832e+02 6.5192602539e+02 6.5196502686e+02 6.5199902344e+02 6.5201800537e+02 6.5209600830e+02 6.5215100098e+02 6.5218902588e+02 6.5222302246e+02 6.5226098633e+02 6.5229797363e+02 6.5234197998e+02 6.5239202881e+02 6.5243499756e+02 6.5248901367e+02 6.5255297852e+02 6.5259802246e+02 6.5262799072e+02 6.5267498779e+02 6.5271600342e+02 6.5276098633e+02 6.5280401611e+02 6.5284197998e+02 6.5288702393e+02 6.5293701172e+02 6.5299798584e+02 6.5306201172e+02 6.5310498047e+02 6.5314599609e+02 6.5319299316e+02 6.5323101807e+02 6.5327301025e+02 6.5331500244e+02 6.5333099365e+02 6.5336798096e+02 6.5341601563e+02 6.5343798828e+02 6.5346002197e+02 6.5350701904e+02
6.5166302490e+02 6.5169500732e+02 6.5172399902e+02 6.5175201416e+02 6.5177899170e+02 6.5182000732e+02 6.5183001709e+02 6.5185302734e+02 6.5190197754e+02 6.5195397949e+02 6.5201300049e+02 6.5202801514e+02 6.5207299805e+02 6.5212200928e+02 6.5216601563e+02 6.5219897461e+02 6.5223498535e+02 6.5226501465e+02 6.5231799316e+02 6.5237298584e+02 6.5241198730e+02 6.5245800781e+02 6.5253198242e+02 6.5258099365e+02 6.5262298584e+02 6.5266900635e+02 6.5270501709e+02 6.5275000000e+02 6.5279901123e+02 6.5283599854e+02 6.5288201904e+02 6.5293902588e+02 6.5299597168e+02 6.5304901123e+02 6.5310498047e+02 6.5314300537e+02 6.5318103027e+02 6.5323101807e+02 6.5328698730e+02 6.5334002686e+02 6.5336199951e+02 6.5339300537e+02 6.5343402100e+02 6.5346197510e+02 6.5348699951e+02 6.5351202393e+02
6.5164099121e+02 6.5167602539e+02 6.5170697021e+02 6.5172601318e+02 6.5175701904e+02 6.5180102539e+02 6.5182000732e+02 6.5184997559e+02 6.5188702393e+02 6.5192901611e+02 6.5198297119e+02 6.5201501465e+02 6.5204400635e+02 6.5208502197e+02 6.5213500977e+02 6.5216400146e+02 6.5220599365e+02 6.5224499512e+02 6.5230297852e+02 6.5236102295e+02 6.5240100098e+02 6.5244598389e+02 6.5251599121e+02 6.5256597900e+02 6.5261297607e+02 6.5265600586e+02 6.5268499756e+02 6.5272802734e+02 6.5277502441e+02 6.5281097412e+02 6.5286602783e+02 6.5293200684e+02 6.5297900391e+02 6.5301599121e+02 6.5308197021e+02 6.5313098145e+02 6.5316802979e+02 6.5322802734e+02 6.5328802490e+02 6.5334698486e+02 6.5337799072e+02 6.5340899658e+02 6.5344500732e+02 6.5347900391e+02 6.5351501465e+02 6.5353900146e+02
6.5161199951e+02 6.5164898682e+02 6.5169299316e+02 6.5171801758e+02 6.5173901367e+02 6.5177801514e+02 6.5180999756e+02 6.5184100342e+02 6.5186700439e+02 6.5190301514e+02 6.5194897461e+02 6.5198498535e+02 6.5200701904e+02 6.5204302979e+02 6.5210302734e+02 6.5213598633e+02 6.5217700195e+02 6.5222497559e+02 6.5227899170e+02 6.5234600830e+02 6.5238897705e+02 6.5243798828e+02 6.5250701904e+02 6.5255401611e+02 6.5259197998e+02 6.5263000488e+02 6.5265502930e+02 6.5269500732e+02 6.5274597168e+02 6.5279302979e+02 6.5284698486e+02 6.5291400146e+02 6.5295599365e+02 6.5299700928e+02 6.5306500244e+02 6.5312402344e+02 6.5316302490e+02 6.5322698975e+02 6.5327899170e+02 6.5333801270e+02 6.5337298584e+02 6.5340502930e+02 6.5344500732e+02 6.5348602295e+02 6.5352600098e+02 6.5355999756e+02
6.5157800293e+02 6.5161499023e+02 6.5167498779e+02 6.5170800781e+02 6.5171997070e+02 6.5175701904e+02 6.5178698730e+02 6.5180401611e+02 6.5183197021e+02 6.5187200928e+02 6.5191101074e+02 6.5194299316e+02 6.5198199463e+02 6.5200598145e+02 6.5205902100e+02 6.5211199951e+02 6.5215002441e+02 6.5220300293e+02 6.5223999023e+02 6.5230499268e+02 6.5238397217e+02 6.5242700195e+02 6.5248199463e+02 6.5252301025e+02 6.5254901123e+02 6.5259301758e+02 6.5262402344e+02 6.5266400146e+02 6.5271997070e+02 6.5277001953e+02 6.5282098389e+02 6.5288500977e+02 6.5294799805e+02 6.5299200439e+02 6.5304901123e+02 6.5310998535e+02 6.5315502930e+02 6.5320397949e+02 6.5325500488e+02 6.5330700684e+02 6.5335302734e+02 6.5339801025e+02 6.5343103027e+02 6.5346600342e+02 6.5350500488e+02 6.5354602051e+02
6.5153900146e+02 6.5158502197e+02 6.5164099121e+02 6.5168200684e+02 6.5170599365e+02 6.5173400879e+02 6.5176702881e+02 6.5178302002e+02 6.5181201172e+02 6.5184899902e+02 6.5188098145e+02 6.5190802002e+02 6.5195599365e+02 6.5197698975e+02 6.5201202393e+02 6.5207098389e+02 6.5212500000e+02 6.5218597412e+02 6.5221997070e+02 6.5227600098e+02 6.5235400391e+02 6.5237902832e+02 6.5241998291e+02 6.5247601318e+02 6.5251800537e+02 6.5255603027e+02 6.5259997559e+02 6.5265600586e+02 6.5270697021e+02 6.5275701904e+02 6.5280603027e+02 6.5286199951e+02 6.5292401123e+02 6.5297198486e+02 6.5302099609e+02 6.5307098389e+02 6.5312298584e+02 6.5318103027e+02 6.5323199463e+02 6.5328198242e+02 6.5333001709e+02 6.5337500000e+02 6.5341497803e+02 6.5345300293e+02 6.5349200439e+02 6.5352899170e+02
6.5151501465e+02 6.5155700684e+02 6.5160400391e+02 6.5165399170e+02 6.5169299316e+02 6.5171099854e+02 6.5174597168e+02 6.5176397705e+02 6.5179101563e+02 6.5181597900e+02 6.5184997559e+02 6.5187597656e+02 6.5191601563e+02 6.5194799805e+02 6.5198400879e+02 6.5204302979e+02 6.5210101318e+02 6.5216101074e+02 6.5219799805e+02 6.5224499512e+02 6.5231298828e+02 6.5234899902e+02 6.5239099121e+02 6.5244897461e+02 6.5249102783e+02 6.5252301025e+02 6.5257702637e+02 6.5263897705e+02 6.5268499756e+02 6.5274902344e+02 6.5279797363e+02 6.5283697510e+02 6.5288897705e+02 6.5293701172e+02 6.5299298096e+02 6.5304498291e+02 6.5309197998e+02 6.5315399170e+02 6.5320599365e+02 6.5325897217e+02 6.5330700684e+02 6.5336297607e+02 6.5341101074e+02 6.5344702148e+02 6.5348400879e+02 6.5351800537e+02
6.5147998047e+02 6.5151898193e+02 6.5157202148e+02 6.5162200928e+02 6.5166198730e+02 6.5167700195e+02 6.5170300293e+02 6.5172198486e+02 6.5176000977e+02 6.5177697754e+02 6.5181896973e+02 6.5185101318e+02 6.5186999512e+02 6.5191198730e+02 6.5195501709e+02 6.5201397705e+02 6.5207702637e+02 6.5213098145e+02 6.5216802979e+02 6.5221502686e+02 6.5226898193e+02 6.5231402588e+02 6.5236102295e+02 6.5241497803e+02 6.5245697021e+02 6.5249499512e+02 6.5255603027e+02 6.5261798096e+02 6.5265997314e+02 6.5272900391e+02 6.5278198242e+02 6.5281402588e+02 6.5286199951e+02 6.5290698242e+02 6.5296600342e+02 6.5302398682e+02 6.5306896973e+02 6.5313098145e+02 6.5318402100e+02 6.5324200439e+02 6.5328497314e+02 6.5335101318e+02 6.5339898682e+02 6.5342700195e+02 6.5346997070e+02 6.5350701904e+02
6.5142401123e+02 6.5147998047e+02 6.5153497314e+02 6.5157598877e+02 6.5161199951e+02 6.5164099121e+02 6.5165802002e+02 6.5169201660e+02 6.5173901367e+02 6.5174401855e+02 6.5177099609e+02 6.5180499268e+02 6.5182800293e+02 6.5188897705e+02 6.5192700195e+02 6.5198199463e+02 6.5204699707e+02 6.5209100342e+02 6.5212097168e+02 6.5217102051e+02 6.5224401855e+02 6.5228399658e+02 6.5232800293e+02 6.5237799072e+02 6.5242102051e+02 6.5246997070e+02 6.5252899170e+02 6.5258398438e+02 6.5261602783e+02 6.5267700195e+02 6.5273999023e+02 6.5278399658e+02 6.5284100342e+02 6.5288397217e+02 6.5293298340e+02 6.5299700928e+02 6.5304797363e+02 6.5311700439e+02 6.5318103027e+02 6.5323901367e+02 6.5326202393e+02 6.5332897949e+02 6.5337902832e+02 6.5340399170e+02 6.5345202637e+02 6.5349102783e+02
6.5137097168e+02 6.5143597412e+02 6.5149401855e+02 6.5153399658e+02 6.5157299805e+02 6.5161102295e+02 6.5163098145e+02 6.5166400146e+02 6.5170397949e+02 6.5172100830e+02 6.5174597168e+02 6.5177398682e+02 6.5181097412e+02 6.5185900879e+02 6.5188702393e+02 6.5193402100e+02 6.5199102783e+02 6.5205102539e+02 6.5208099365e+02 6.5212500000e+02 6.5219201660e+02 6.5225201416e+02 6.5229302979e+02 6.5232598877e+02 6.5236297607e+02 6.5242999268e+02 6.5247802734e+02 6.5252502441e+02 6.5256597900e+02 6.5262500000e+02 6.5267700195e+02 6.5271600342e+02 6.5277801514e+02 6.5284497070e+02 6.5290197754e+02 6.5297100830e+02 6.5302600098e+02 6.5308502197e+02 6.5315899658e+02 6.5322302246e+02 6.5325897217e+02 6.5331896973e+02 6.5336199951e+02 6.5339099121e+02 6.5342797852e+02 6.5347302246e+02
6.5132501221e+02 6.5138598633e+02 6.5143902588e+02 6.5148297119e+02 6.5153997803e+02 6.5157098389e+02 6.5159399414e+02 6.5161700439e+02 6.5165997314e+02 6.5168298340e+02 6.5170898438e+02 6.5174200439e+02 6.5178802490e+02 6.5183398438e+02 6.5185498047e+02 6.5189099121e+02 6.5194299316e+02 6.5200000000e+02 6.5203802490e+02 6.5208300781e+02 6.5213000488e+02 6.5219299316e+02 6.5223797607e+02 6.5226898193e+02 6.5231201172e+02 6.5237701416e+02 6.5241998291e+02 6.5246502686e+02 6.5251202393e+02 6.5257000732e+02 6.5263000488e+02 6.5268200684e+02 6.5273999023e+02 6.5280499268e+02 6.5287298584e+02 6.5294000244e+02 6.5299700928e+02 6.5305102539e+02 6.5311901855e+02 6.5319201660e+02 6.5325000000e+02 6.5329199219e+02 6.5333599854e+02 6.5337597656e+02 6.5340600586e+02 6.5345501709e+02
6.5127600098e+02 6.5132800293e+02 6.5138098145e+02 6.5143200684e+02 6.5149798584e+02 6.5152697754e+02 6.5155700684e+02 6.5157501221e+02 6.5163098145e+02 6.5165600586e+02 6.5167901611e+02 6.5170697021e+02 6.5175000000e+02 6.5180902100e+02 6.5182897949e+02 6.5185302734e+02 6.5190399170e+02 6.5195697021e+02 6.5199798584e+02 6.5204302979e+02 6.5207800293e+02 6.5213397217e+02 6.5217999268e+02 6.5221197510e+02 6.5225799561e+02 6.5231097412e+02 6.5235302734e+02 6.5240399170e+02 6.5245898438e+02 6.5251501465e+02 6.5258001709e+02 6.5264898682e+02 6.5270697021e+02 6.5277197266e+02 6.5284997559e+02 6.5291302490e+02 6.5297100830e+02 6.5302801514e+02 6.5308898926e+02 6.5316400146e+02 6.5323699951e+02 6.5327197266e+02 6.5331597900e+02 6.5336199951e+02 6.5338800049e+02 6.5343798828e+02
6.5121398926e+02 6.5127001953e+02 6.5131799316e+02 6.5137200928e+02 6.5144299316e+02 6.5147998047e+02 6.5151599121e+02 6.5154302979e+02 6.5158502197e+02 6.5162500000e+02 6.5164697266e+02 6.5166497803e+02 6.5169201660e+02 6.5174700928e+02 6.5178002930e+02 6.5180999756e+02 6.5185400391e+02 6.5191198730e+02 6.5195599365e+02 6.5199597168e+02 6.5202801514e+02 6.5206896973e+02 6.5211700439e+02 6.5215899658e+02 6.5220098877e+02 6.5225097656e+02 6.5230902100e+02 6.5236297607e+02 6.5241601563e+02 6.5247497559e+02 6.5253900146e+02 6.5261401367e+02 6.5267297363e+02 6.5273602295e+02 6.5281298828e+02 6.5288598633e+02 6.5295397949e+02 6.5301300049e+02 6.5308300781e+02 6.5315997314e+02 6.5321899414e+02 6.5325201416e+02 6.5329602051e+02 6.5334002686e+02 6.5337402344e+02 6.5341497803e+02
6.5114501953e+02 6.5120599365e+02 6.5126000977e+02 6.5130999756e+02 6.5138299561e+02 6.5142297363e+02 6.5146502686e+02 6.5149102783e+02 6.5153601074e+02 6.5158599854e+02 6.5160601807e+02 6.5161297607e+02 6.5164501953e+02 6.5169799805e+02 6.5173297119e+02 6.5176599121e+02 6.5180603027e+02 6.5185302734e+02 6.5189300537e+02 6.5194000244e+02 6.5197198486e+02 6.5199700928e+02 6.5205401611e+02 6.5211199951e+02 6.5216497803e+02 6.5220599365e+02 6.5227001953e+02 6.5232598877e+02 6.5237500000e+02 6.5244702148e+02 6.5251599121e+02 6.5258300781e+02 6.5265301514e+02 6.5272399902e+02 6.5279101563e+02 6.5286297607e+02 6.5293597412e+02 6.5300897217e+02 6.5306597900e+02 6.5311700439e+02 6.5316699219e+02 6.5320800781e+02 6.5325897217e+02 6.5330603027e+02 6.5334698486e+02 6.5339099121e+02
6.5108599854e+02 6.5115301514e+02 6.5120599365e+02 6.5125402832e+02 6.5131896973e+02 6.5136401367e+02 6.5141699219e+02 6.5144897461e+02 6.5148797607e+02 6.5153302002e+02 6.5156201172e+02 6.5158099365e+02 6.5161297607e+02 6.5165997314e+02 6.5169396973e+02 6.5172198486e+02 6.5175897217e+02 6.5179901123e+02 6.5184002686e+02 6.5189398193e+02 6.5192901611e+02 6.5195202637e+02 6.5200598145e+02 6.5206701660e+02 6.5212402344e+02 6.5214697266e+02 6.5220300293e+02 6.5227099609e+02 6.5233099365e+02 6.5241601563e+02 6.5248797607e+02 6.5254901123e+02 6.5261901855e+02 6.5270001221e+02 6.5276599121e+02 6.5283898926e+02 6.5290502930e+02 6.5296099854e+02 6.5300799561e+02 6.5305902100e+02 6.5311602783e+02 6.5316101074e+02 6.5321502686e+02 6.5326397705e+02 6.5331298828e+02 6.5335302734e+02
6.5103198242e+02 6.5109802246e+02 6.5114801025e+02 6.5119702148e+02 6.5125897217e+02 6.5131097412e+02 6.5136901855e+02 6.5140802002e+02 6.5144299316e+02 6.5147601318e+02 6.5151800537e+02 6.5154901123e+02 6.5158001709e+02 6.5161499023e+02 6.5164599609e+02 6.5167700195e+02 6.5171697998e+02 6.5176000977e+02 6.5179901123e+02 6.5184600830e+02 6.5188500977e+02 6.5191900635e+02 6.5196899414e+02 6.5201300049e+02 6.5207098389e+02 6.5210198975e+02 6.5215698242e+02 6.5223101807e+02 6.5229101563e+02 6.5237200928e+02 6.5244201660e+02 6.5250500488e+02 6.5258001709e+02 6.5265698242e+02 6.5271801758e+02 6.5278302002e+02 6.5284698486e+02 6.5289501953e+02 6.5294897461e+02 6.5301202393e+02 6.5306701660e+02 6.5311401367e+02 6.5316699219e+02 6.5321997070e+02 6.5327899170e+02 6.5332000732e+02
6.5099102783e+02 6.5104101563e+02 6.5109301758e+02 6.5115698242e+02 6.5121697998e+02 6.5126702881e+02 6.5131500244e+02 6.5135797119e+02 6.5140899658e+02 6.5144097900e+02 6.5148297119e+02 6.5151702881e+02 6.5154400635e+02 6.5157501221e+02 6.5160400391e+02 6.5164599609e+02 6.5168298340e+02 6.5171997070e+02 6.5175897217e+02 6.5179797363e+02 6.5183599854e+02 6.5187097168e+02 6.5191802979e+02 6.5195898438e+02 6.5201599121e+02 6.5207000732e+02 6.5212597656e+02 6.5219299316e+02 6.5225201416e+02 6.5232501221e+02 6.5238397217e+02 6.5244897461e+02 6.5253399658e+02 6.5260601807e+02 6.5266802979e+02 6.5271997070e+02 6.5278698730e+02 6.5284997559e+02 6.5291101074e+02 6.5296997070e+02 6.5301800537e+02 6.5307598877e+02 6.5313500977e+02 6.5317401123e+02 6.5323400879e+02 6.5327398682e+02
6.5095300293e+02 6.5100598145e+02 6.5104699707e+02 6.5109600830e+02 6.5115502930e+02 6.5121099854e+02 6.5126599121e+02 6.5131799316e+02 6.5137200928e+02 6.5141101074e+02 6.5144500732e+02 6.5147698975e+02 6.5150402832e+02 6.5153997803e+02 6.5157897949e+02 6.5161700439e+02 6.5164501953e+02 6.5167700195e+02 6.5171197510e+02 6.5174597168e+02 6.5177801514e+02 6.5181597900e+02 6.5186602783e+02 6.5190997314e+02 6.5197302246e+02 6.5202899170e+02 6.5207202148e+02 6.5213000488e+02 6.5219897461e+02 6.5228302002e+02 6.5234197998e+02 6.5239697266e+02 6.5246600342e+02 6.5253802490e+02 6.5260400391e+02 6.5266302490e+02 6.5273699951e+02 6.5281298828e+02 6.5286102295e+02 6.5291198730e+02 6.5296697998e+02 6.5302600098e+02 6.5308502197e+02 6.5312097168e+02 6.5318902588e+02 6.5322100830e+02
6.5089001465e+02 6.5094702148e+02 6.5099401855e+02 6.5103497314e+02 6.5109600830e+02 6.5115802002e+02 6.5122100830e+02 6.5127197266e+02 6.5132800293e+02 6.5137200928e+02 6.5140301514e+02 6.5143103027e+02 6.5145697021e+02 6.5148901367e+02 6.5153100586e+02 6.5156500244e+02 6.5159197998e+02 6.5162200928e+02 6.5165600586e+02 6.5170001221e+02 6.5174401855e+02 6.5178497314e+02 6.5182897949e+02 6.5187097168e+02 6.5192999268e+02 6.5198901367e+02 6.5202899170e+02 6.5208197021e+02 6.5215301514e+02 6.5223699951e+02 6.5229901123e+02 6.5234802246e+02 6.5240502930e+02 6.5247802734e+02 6.5254901123e+02 6.5260900879e+02 6.5267199707e+02 6.5274798584e+02 6.5280603027e+02 6.5286102295e+02 6.5290899658e+02 6.5296099854e+02 6.5302197266e+02 6.5306597900e+02 6.5311798096e+02 6.5315502930e+02
6.5081799316e+02 6.5087902832e+02 6.5093701172e+02 6.5098297119e+02 6.5103997803e+02 6.5109802246e+02 6.5116400146e+02 6.5121899414e+02 6.5127801514e+02 6.5132501221e+02 6.5136401367e+02 6.5139501953e+02 6.5142700195e+02 6.5145397949e+02 6.5148699951e+02 6.5151397705e+02 6.5154498291e+02 6.5158099365e+02 6.5161199951e+02 6.5165399170e+02 6.5170098877e+02 6.5174902344e+02 6.5179199219e+02 6.5183599854e+02 6.5188299561e+02 6.5193798828e+02 6.5198199463e+02 6.5203601074e+02 6.5210699463e+02 6.5218103027e+02 6.5224499512e+02 6.5229901123e+02 6.5235797119e+02 6.5243200684e+02 6.5250097656e+02 6.5255798340e+02 6.5260797119e+02 6.5267199707e+02 6.5273797607e+02 6.5279602051e+02 6.5284399414e+02 6.5289697266e+02 6.5295599365e+02 6.5300500488e+02 6.5304199219e+02 6.5308502197e+02
