TESTSERVER/10/5.asc
NCOLS 100
NROWS 100
XLLCORNER 7.9997500000e+03
YLLCORNER 2.8970025000e+05
CELLSIZE 5.0000000000e-01
NODATA_VALUE -9.9990000000e+03
[rows 60 to 79 of 100, columns 46 to 91 of 100]
6.4803002930e+02 6.4823400879e+02 6.4843402100e+02 6.4859899902e+02 6.4876397705e+02 6.4894897461e+02 6.4911401367e+02 6.4927502441e+02 6.4946801758e+02 6.4964898682e+02 6.4980902100e+02 6.4995300293e+02 6.5010900879e+02 6.5022198486e+02 6.5033197021e+02 6.5044897461e+02 6.5056201172e+02 6.5065698242e+02 6.5077001953e+02 6.5090002441e+02 6.5102001953e+02 6.5113098145e+02 6.5124200439e+02 6.5133801270e+02 6.5143798828e+02 6.5157202148e+02 6.5169000244e+02 6.5178900146e+02 6.5186999512e+02 6.5196099854e+02 6.5204602051e+02 6.5212701416e+02 6.5220599365e+02 6.5229101563e+02 6.5236602783e+02 6.5244000244e+02 6.5250598145e+02 6.5257598877e+02 6.5264202881e+02 6.5271600342e+02 6.5278900146e+02 6.5283697510e+02 6.5289898682e+02 6.5296801758e+02 6.5303302002e+02 6.5311102295e+02
6.4792199707e+02 6.4810797119e+02 6.4830999756e+02 6.4850201416e+02 6.4866998291e+02 6.4887097168e+02 6.4904998779e+02 6.4920202637e+02 6.4936798096e+02 6.4956799316e+02 6.4973199463e+02 6.4988098145e+02 6.5002697754e+02 6.5015100098e+02 6.5027001953e+02 6.5040301514e+02 6.5050897217e+02 6.5059899902e+02 6.5071002197e+02 6.5084002686e+02 6.5096697998e+02 6.5108697510e+02 6.5117700195e+02 6.5128698730e+02 6.5140698242e+02 6.5153002930e+02 6.5164898682e+02 6.5176098633e+02 6.5184100342e+02 6.5194097900e+02 6.5202502441e+02 6.5210101318e+02 6.5217999268e+02 6.5226898193e+02 6.5235198975e+02 6.5244500732e+02 6.5251501465e+02 6.5258001709e+02 6.5264300537e+02 6.5271801758e+02 6.5278900146e+02 6.5285400391e+02 6.5291802979e+02 6.5298602295e+02 6.5303601074e+02 6.5309600830e+02
6.4777502441e+02 6.4798101807e+02 6.4817602539e+02 6.4837799072e+02 6.4855499268e+02 6.4874298096e+02 6.4894299316e+02 6.4912097168e+02 6.4927697754e+02 6.4946099854e+02 6.4962902832e+02 6.4979901123e+02 6.4993103027e+02 6.5005102539e+02 6.5018200684e+02 6.5032702637e+02 6.5044598389e+02 6.5054998779e+02 6.5066302490e+02 6.5078802490e+02 6.5089697266e+02 6.5102001953e+02 6.5112298584e+02 6.5123999023e+02 6.5136999512e+02 6.5148699951e+02 6.5161602783e+02 6.5173901367e+02 6.5182299805e+02 6.5192199707e+02 6.5200201416e+02 6.5207501221e+02 6.5215899658e+02 6.5225201416e+02 6.5233502197e+02 6.5243902588e+02 6.5251501465e+02 6.5258898926e+02 6.5266497803e+02 6.5272998047e+02 6.5278698730e+02 6.5284802246e+02 6.5291400146e+02 6.5298297119e+02 6.5304602051e+02 6.5310498047e+02
6.4757800293e+02 6.4779901123e+02 6.4800000000e+02 6.4821502686e+02 6.4842901611e+02 6.4861798096e+02 6.4881298828e+02 6.4901202393e+02 6.4918798828e+02 6.4935900879e+02 6.4952697754e+02 6.4972399902e+02 6.4985400391e+02 6.4995202637e+02 6.5009399414e+02 6.5024499512e+02 6.5036999512e+02 6.5049298096e+02 6.5060198975e+02 6.5072998047e+02 6.5083898926e+02 6.5096099854e+02 6.5108300781e+02 6.5120898438e+02 6.5133398438e+02 6.5144299316e+02 6.5157098389e+02 6.5168298340e+02 6.5178997803e+02 6.5189801025e+02 6.5197698975e+02 6.5205499268e+02 6.5214501953e+02 6.5223602295e+02 6.5231500244e+02 6.5241699219e+02 6.5250000000e+02 6.5258697510e+02 6.5267102051e+02 6.5273297119e+02 6.5278302002e+02 6.5283898926e+02 6.5290899658e+02 6.5298297119e+02 6.5304901123e+02 6.5310699463e+02
6.4742498779e+02 6.4759600830e+02 6.4780297852e+02 6.4802697754e+02 6.4825402832e+02 6.4847100830e+02 6.4865698242e+02 6.4885101318e+02 6.4906298828e+02 6.4924597168e+02 6.4941497803e+02 6.4961602783e+02 6.4981097412e+02 6.4990502930e+02 6.5004199219e+02 6.5017797852e+02 6.5030297852e+02 6.5042999268e+02 6.5054101563e+02 6.5068402100e+02 6.5082000732e+02 6.5092102051e+02 6.5103100586e+02 6.5116302490e+02 6.5130999756e+02 6.5140997314e+02 6.5152801514e+02 6.5163098145e+02 6.5174298096e+02 6.5185498047e+02 6.5193902588e+02 6.5202197266e+02 6.5211999512e+02 6.5220800781e+02 6.5228997803e+02 6.5238702393e+02 6.5247900391e+02 6.5256896973e+02 6.5264202881e+02 6.5271197510e+02 6.5277398682e+02 6.5283502197e+02 6.5290600586e+02 6.5297497559e+02 6.5303802490e+02 6.5309600830e+02
6.4725701904e+02 6.4744598389e+02 6.4762097168e+02 6.4783300781e+02 6.4806298828e+02 6.4826501465e+02 6.4847198486e+02 6.4867700195e+02 6.4888598633e+02 6.4909002686e+02 6.4928497314e+02 6.4947100830e+02 6.4965997314e+02 6.4982202148e+02 6.4997497559e+02 6.5010797119e+02 6.5024298096e+02 6.5039001465e+02 6.5050299072e+02 6.5064001465e+02 6.5076501465e+02 6.5086798096e+02 6.5098101807e+02 6.5111499023e+02 6.5126202393e+02 6.5136499023e+02 6.5147601318e+02 6.5156298828e+02 6.5165802002e+02 6.5179199219e+02 6.5189599609e+02 6.5198400879e+02 6.5208197021e+02 6.5217602539e+02 6.5226800537e+02 6.5236901855e+02 6.5245300293e+02 6.5254602051e+02 6.5261102295e+02 6.5268298340e+02 6.5276098633e+02 6.5282800293e+02 6.5289398193e+02 6.5295898438e+02 6.5302197266e+02 6.5309100342e+02
6.4706799316e+02 6.4726501465e+02 6.4743103027e+02 6.4763500977e+02 6.4785601807e+02 6.4805798340e+02 6.4828399658e+02 6.4851501465e+02 6.4872100830e+02 6.4892102051e+02 6.4913897705e+02 6.4934497070e+02 6.4952502441e+02 6.4970599365e+02 6.4986199951e+02 6.5000897217e+02 6.5016802979e+02 6.5032299805e+02 6.5043902588e+02 6.5056597900e+02 6.5069500732e+02 6.5082501221e+02 6.5095800781e+02 6.5107897949e+02 6.5120001221e+02 6.5130297852e+02 6.5142401123e+02 6.5151098633e+02 6.5159399414e+02 6.5172998047e+02 6.5184002686e+02 6.5193499756e+02 6.5203802490e+02 6.5213800049e+02 6.5223699951e+02 6.5234399414e+02 6.5242297363e+02 6.5252197266e+02 6.5258697510e+02 6.5265600586e+02 6.5274200439e+02 6.5281201172e+02 6.5287597656e+02 6.5294000244e+02 6.5300402832e+02 6.5307098389e+02
6.4690197754e+02 6.4709399414e+02 6.4726300049e+02 6.4745599365e+02 6.4765301514e+02 6.4785198975e+02 6.4808001709e+02 6.4832000732e+02 6.4854400635e+02 6.4875402832e+02 6.4897802734e+02 6.4919897461e+02 6.4939202881e+02 6.4958197021e+02 6.4975097656e+02 6.4991302490e+02 6.5007299805e+02 6.5023498535e+02 6.5036700439e+02 6.5048999023e+02 6.5062200928e+02 6.5076599121e+02 6.5092297363e+02 6.5104602051e+02 6.5115600586e+02 6.5124298096e+02 6.5136999512e+02 6.5147399902e+02 6.5156201172e+02 6.5167602539e+02 6.5178302002e+02 6.5188598633e+02 6.5198999023e+02 6.5209197998e+02 6.5219702148e+02 6.5230700684e+02 6.5239099121e+02 6.5248999023e+02 6.5256500244e+02 6.5264099121e+02 6.5272100830e+02 6.5279101563e+02 6.5286499023e+02 6.5293298340e+02 6.5299200439e+02 6.5305700684e+02
6.4673602295e+02 6.4691699219e+02 6.4708001709e+02 6.4724700928e+02 6.4744500732e+02 6.4765899658e+02 6.4788098145e+02 6.4810601807e+02 6.4834997559e+02 6.4858801270e+02 6.4881298828e+02 6.4903100586e+02 6.4920898438e+02 6.4942199707e+02 6.4961901855e+02 6.4979797363e+02 6.4995697021e+02 6.5011901855e+02 6.5027398682e+02 6.5039801025e+02 6.5051898193e+02 6.5067700195e+02 6.5083300781e+02 6.5098400879e+02 6.5114898682e+02 6.5119598389e+02 6.5130401611e+02 6.5142297363e+02 6.5152301025e+02 6.5162402344e+02 6.5173101807e+02 6.5183599854e+02 6.5193798828e+02 6.5204498291e+02 6.5215502930e+02 6.5226599121e+02 6.5235797119e+02 6.5245202637e+02 6.5254400635e+02 6.5263598633e+02 6.5270697021e+02 6.5277099609e+02 6.5284600830e+02 6.5291998291e+02 6.5297900391e+02 6.5304302979e+02
6.4655297852e+02 6.4673797607e+02 6.4691302490e+02 6.4707702637e+02 6.4727801514e+02 6.4749298096e+02 6.4771002197e+02 6.4792102051e+02 6.4813201904e+02 6.4838800049e+02 6.4863702393e+02 6.4888598633e+02 6.4906896973e+02 6.4927398682e+02 6.4946801758e+02 6.4964697266e+02 6.4981597900e+02 6.4998297119e+02 6.5014801025e+02 6.5028002930e+02 6.5041900635e+02 6.5057598877e+02 6.5074499512e+02 6.5089898682e+02 6.5105102539e+02 6.5113000488e+02 6.5124499512e+02 6.5138000488e+02 6.5146899414e+02 6.5157202148e+02 6.5167602539e+02 6.5177301025e+02 6.5188201904e+02 6.5197601318e+02 6.5208502197e+02 6.5220397949e+02 6.5230297852e+02 6.5242102051e+02 6.5251599121e+02 6.5260400391e+02 6.5268402100e+02 6.5276202393e+02 6.5282202148e+02 6.5288702393e+02 6.5295697021e+02 6.5301397705e+02
6.4637701416e+02 6.4655999756e+02 6.4674597168e+02 6.4693200684e+02 6.4713397217e+02 6.4732202148e+02 6.4751702881e+02 6.4773297119e+02 6.4793298340e+02 6.4818402100e+02 6.4843103027e+02 6.4869396973e+02 6.4891400146e+02 6.4912799072e+02 6.4930700684e+02 6.4948199463e+02 6.4967102051e+02 6.4984802246e+02 6.5001599121e+02 6.5015399170e+02 6.5030700684e+02 6.5047100830e+02 6.5065100098e+02 6.5080499268e+02 6.5094000244e+02 6.5103900146e+02 6.5116601563e+02 6.5130999756e+02 6.5141302490e+02 6.5151702881e+02 6.5162902832e+02 6.5172900391e+02 6.5183300781e+02 6.5193200684e+02 6.5203198242e+02 6.5214099121e+02 6.5223797607e+02 6.5236798096e+02 6.5246899414e+02 6.5255999756e+02 6.5264300537e+02 6.5273797607e+02 6.5279602051e+02 6.5285400391e+02 6.5292199707e+02 6.5298101807e+02
6.4620202637e+02 6.4639697266e+02 6.4657397461e+02 6.4675000000e+02 6.4694897461e+02 6.4714300537e+02 6.4732501221e+02 6.4754101563e+02 6.4776098633e+02 6.4798797607e+02 6.4821997070e+02 6.4848602295e+02 6.4872497559e+02 6.4896099854e+02 6.4915002441e+02 6.4932299805e+02 6.4951397705e+02 6.4969702148e+02 6.4987402344e+02 6.5002398682e+02 6.5018798828e+02 6.5036999512e+02 6.5053002930e+02 6.5068402100e+02 6.5083197021e+02 6.5095202637e+02 6.5107202148e+02 6.5120397949e+02 6.5132800293e+02 6.5144299316e+02 6.5157299805e+02 6.5169396973e+02 6.5179602051e+02 6.5190197754e+02 6.5199499512e+02 6.5208697510e+02 6.5216998291e+02 6.5228900146e+02 6.5239801025e+02 6.5249700928e+02 6.5258300781e+02 6.5268402100e+02 6.5276202393e+02 6.5282800293e+02 6.5288897705e+02 6.5294500732e+02
6.4601000977e+02 6.4622802734e+02 6.4640002441e+02 6.4656298828e+02 6.4675897217e+02 6.4696398926e+02 6.4716101074e+02 6.4735900879e+02 6.4758099365e+02 6.4780798340e+02 6.4804101563e+02 6.4830700684e+02 6.4854400635e+02 6.4877099609e+02 6.4899700928e+02 6.4918200684e+02 6.4936602783e+02 6.4951397705e+02 6.4969000244e+02 6.4986602783e+02 6.5003497314e+02 6.5021899414e+02 6.5038800049e+02 6.5054901123e+02 6.5070300293e+02 6.5083398438e+02 6.5096002197e+02 6.5109100342e+02 6.5120599365e+02 6.5132702637e+02 6.5147302246e+02 6.5162097168e+02 6.5175500488e+02 6.5185498047e+02 6.5192498779e+02 6.5199798584e+02 6.5208502197e+02 6.5219000244e+02 6.5230798340e+02 6.5241802979e+02 6.5250598145e+02 6.5261102295e+02 6.5271600342e+02 6.5280297852e+02 6.5287597656e+02 6.5292102051e+02
6.4586700439e+02 6.4605200195e+02 6.4621801758e+02 6.4639801025e+02 6.4659002686e+02 6.4678601074e+02 6.4698400879e+02 6.4718499756e+02 6.4740600586e+02 6.4765100098e+02 6.4786297607e+02 6.4809497070e+02 6.4835400391e+02 6.4858801270e+02 6.4881500244e+02 6.4901300049e+02 6.4921997070e+02 6.4937701416e+02 6.4953100586e+02 6.4971697998e+02 6.4989801025e+02 6.5006799316e+02 6.5024298096e+02 6.5039697266e+02 6.5054302979e+02 6.5068298340e+02 6.5083398438e+02 6.5098199463e+02 6.5110198975e+02 6.5121301270e+02 6.5134197998e+02 6.5149401855e+02 6.5164898682e+02 6.5175701904e+02 6.5182000732e+02 6.5190100098e+02 6.5200299072e+02 6.5210900879e+02 6.5221600342e+02 6.5233197021e+02 6.5243499756e+02 6.5253802490e+02 6.5264898682e+02 6.5275000000e+02 6.5283599854e+02 6.5289697266e+02
6.4569702148e+02 6.4586700439e+02 6.4604302979e+02 6.4623999023e+02 6.4641699219e+02 6.4659497070e+02 6.4679998779e+02 6.4702398682e+02 6.4725000000e+02 6.4747100830e+02 6.4766400146e+02 6.4788897705e+02 6.4813397217e+02 6.4836798096e+02 6.4859698486e+02 6.4881500244e+02 6.4904901123e+02 6.4921197510e+02 6.4936199951e+02 6.4955297852e+02 6.4973602295e+02 6.4991900635e+02 6.5009698486e+02 6.5023602295e+02 6.5038098145e+02 6.5052502441e+02 6.5067297363e+02 6.5083099365e+02 6.5098498535e+02 6.5110101318e+02 6.5120599365e+02 6.5133898926e+02 6.5148400879e+02 6.5160900879e+02 6.5170202637e+02 6.5179400635e+02 6.5189202881e+02 6.5201300049e+02 6.5212597656e+02 6.5224298096e+02 6.5235302734e+02 6.5246002197e+02 6.5257501221e+02 6.5268902588e+02 6.5279400635e+02 6.5287597656e+02
6.4551300049e+02 6.4570202637e+02 6.4588098145e+02 6.4606201172e+02 6.4625097656e+02 6.4643597412e+02 6.4663500977e+02 6.4685498047e+02 6.4707598877e+02 6.4728900146e+02 6.4747302246e+02 6.4769897461e+02 6.4792401123e+02 6.4814697266e+02 6.4837799072e+02 6.4862097168e+02 6.4886901855e+02 6.4905102539e+02 6.4920501709e+02 6.4939001465e+02 6.4956097412e+02 6.4976599121e+02 6.4996002197e+02 6.5009600830e+02 6.5024200439e+02 6.5038800049e+02 6.5052502441e+02 6.5066802979e+02 6.5082501221e+02 6.5096197510e+02 6.5107299805e+02 6.5118798828e+02 6.5130999756e+02 6.5144598389e+02 6.5156097412e+02 6.5165698242e+02 6.5174902344e+02 6.5189898682e+02 6.5203198242e+02 6.5214697266e+02 6.5225799561e+02 6.5238000488e+02 6.5250299072e+02 6.5262200928e+02 6.5273400879e+02 6.5282897949e+02
6.4537298584e+02 6.4555999756e+02 6.4572399902e+02 6.4587402344e+02 6.4607000732e+02 6.4627600098e+02 6.4645800781e+02 6.4666302490e+02 6.4684100342e+02 6.4708801270e+02 6.4729602051e+02 6.4749298096e+02 6.4771697998e+02 6.4796301270e+02 6.4818298340e+02 6.4842901611e+02 6.4866400146e+02 6.4889001465e+02 6.4907800293e+02 6.4924597168e+02 6.4940997314e+02 6.4962298584e+02 6.4981896973e+02 6.4996600342e+02 6.5011199951e+02 6.5025402832e+02 6.5040197754e+02 6.5053399658e+02 6.5066302490e+02 6.5082397461e+02 6.5094201660e+02 6.5104302979e+02 6.5116998291e+02 6.5129498291e+02 6.5141302490e+02 6.5154199219e+02 6.5167102051e+02 6.5178698730e+02 6.5192797852e+02 6.5205700684e+02 6.5217498779e+02 6.5229498291e+02 6.5241497803e+02 6.5253497314e+02 6.5265301514e+02 6.5275598145e+02
6.4520300293e+02 6.4540899658e+02 6.4558599854e+02 6.4575097656e+02 6.4594702148e+02 6.4615002441e+02 6.4631298828e+02 6.4648797607e+02 6.4667498779e+02 6.4689599609e+02 6.4710699463e+02 6.4731402588e+02 6.4754602051e+02 6.4778302002e+02 6.4798999023e+02 6.4822998047e+02 6.4845599365e+02 6.4866302490e+02 6.4887500000e+02 6.4907397461e+02 6.4925201416e+02 6.4944396973e+02 6.4963702393e+02 6.4980200195e+02 6.4993798828e+02 6.5007897949e+02 6.5024700928e+02 6.5039801025e+02 6.5052099609e+02 6.5065802002e+02 6.5076501465e+02 6.5086499023e+02 6.5099700928e+02 6.5115002441e+02 6.5127197266e+02 6.5141900635e+02 6.5157897949e+02 6.5170599365e+02 6.5183697510e+02 6.5198199463e+02 6.5210101318e+02 6.5221099854e+02 6.5232000732e+02 6.5244097900e+02 6.5255902100e+02 6.5266900635e+02
6.4507702637e+02 6.4526702881e+02 6.4545501709e+02 6.4562799072e+02 6.4580700684e+02 6.4599902344e+02 6.4616802979e+02 6.4632397461e+02 6.4650897217e+02 6.4671801758e+02 6.4691497803e+02 6.4714599609e+02 6.4738098145e+02 6.4760198975e+02 6.4780999756e+02 6.4803198242e+02 6.4823901367e+02 6.4843298340e+02 6.4864398193e+02 6.4887500000e+02 6.4908599854e+02 6.4926599121e+02 6.4945501709e+02 6.4964001465e+02 6.4979400635e+02 6.4992401123e+02 6.5007800293e+02 6.5022900391e+02 6.5036102295e+02 6.5049597168e+02 6.5061999512e+02 6.5072998047e+02 6.5085302734e+02 6.5102197266e+02 6.5115600586e+02 6.5129901123e+02 6.5147100830e+02 6.5161700439e+02 6.5173699951e+02 6.5188000488e+02 6.5201702881e+02 6.5213098145e+02 6.5222698975e+02 6.5234197998e+02 6.5246801758e+02 6.5258398438e+02
6.4496502686e+02 6.4513299561e+02 6.4529797363e+02 6.4546600342e+02 6.4564202881e+02 6.4583398438e+02 6.4601501465e+02 6.4617901611e+02 6.4634698486e+02 6.4655700684e+02 6.4675097656e+02 6.4697698975e+02 6.4719598389e+02 6.4740997314e+02 6.4763702393e+02 6.4785900879e+02 6.4805700684e+02 6.4827001953e+02 6.4846697998e+02 6.4868597412e+02 6.4890899658e+02 6.4909301758e+02 6.4928100586e+02 6.4947998047e+02 6.4965502930e+02 6.4977697754e+02 6.4991497803e+02 6.5005102539e+02 6.5018798828e+02 6.5034197998e+02 6.5050299072e+02 6.5062597656e+02 6.5073498535e+02 6.5088800049e+02 6.5102697754e+02 6.5117498779e+02 6.5135998535e+02 6.5153198242e+02 6.5165100098e+02 6.5177899170e+02 6.5191400146e+02 6.5204302979e+02 6.5214501953e+02 6.5225299072e+02 6.5237402344e+02 6.5249102783e+02
