TESTSERVER/10/5.asc
NCOLS 100
NROWS 100
XLLCORNER 7.9997500000e+03
YLLCORNER 2.8970025000e+05
CELLSIZE 5.0000000000e-01
NODATA_VALUE -9.9990000000e+03
[rows 20 to 39 of 100, columns 0 to 45 of 100]
6.4472998047e+02 6.4491400146e+02 6.4506500244e+02 6.4519598389e+02 6.4534600830e+02 6.4550097656e+02 6.4565502930e+02 6.4580401611e+02 6.4594897461e+02 6.4609698486e+02 6.4622100830e+02 6.4631896973e+02 6.4643597412e+02 6.4653997803e+02 6.4665197754e+02 6.4674102783e+02 6.4686401367e+02 6.4697802734e+02 6.4706896973e+02 6.4716900635e+02 6.4726599121e+02 6.4735797119e+02 6.4743798828e+02 6.4753100586e+02 6.4762597656e+02 6.4773101807e+02 6.4783197021e+02 6.4791802979e+02 6.4801098633e+02 6.4810797119e+02 6.4822601318e+02 6.4830798340e+02 6.4837902832e+02 6.4846502686e+02 6.4856701660e+02 6.4863201904e+02 6.4871600342e+02 6.4880102539e+02 6.4889300537e+02 6.4896600342e+02 6.4903698730e+02 6.4912902832e+02 6.4920397949e+02 6.4928302002e+02 6.4937097168e+02 6.4945202637e+02
6.4463598633e+02 6.4483001709e+02 6.4499200439e+02 6.4511499023e+02 6.4525299072e+02 6.4540698242e+02 6.4554998779e+02 6.4570697021e+02 6.4586700439e+02 6.4601202393e+02 6.4613299561e+02 6.4625097656e+02 6.4638098145e+02 6.4650402832e+02 6.4661602783e+02 6.4669799805e+02 6.4682000732e+02 6.4693701172e+02 6.4702899170e+02 6.4713201904e+02 6.4723297119e+02 6.4733197021e+02 6.4741101074e+02 6.4751397705e+02 6.4759899902e+02 6.4770098877e+02 6.4780297852e+02 6.4789697266e+02 6.4800000000e+02 6.4808898926e+02 6.4818798828e+02 6.4826898193e+02 6.4835101318e+02 6.4842700195e+02 6.4851599121e+02 6.4860699463e+02 6.4869299316e+02 6.4877600098e+02 6.4886297607e+02 6.4892797852e+02 6.4901202393e+02 6.4910601807e+02 6.4917199707e+02 6.4924902344e+02 6.4933697510e+02 6.4941699219e+02
6.4453302002e+02 6.4472399902e+02 6.4490698242e+02 6.4504199219e+02 6.4516900635e+02 6.4532299805e+02 6.4547100830e+02 6.4563598633e+02 6.4578100586e+02 6.4591400146e+02 6.4605603027e+02 6.4618798828e+02 6.4632800293e+02 6.4646600342e+02 6.4656597900e+02 6.4664898682e+02 6.4676098633e+02 6.4688299561e+02 6.4698297119e+02 6.4708898926e+02 6.4718902588e+02 6.4729400635e+02 6.4738397217e+02 6.4749499512e+02 6.4758001709e+02 6.4767102051e+02 6.4776098633e+02 6.4785601807e+02 6.4796899414e+02 6.4806298828e+02 6.4815399170e+02 6.4824200439e+02 6.4832598877e+02 6.4840502930e+02 6.4850402832e+02 6.4860198975e+02 6.4867297363e+02 6.4873602295e+02 6.4882000732e+02 6.4889099121e+02 6.4898199463e+02 6.4907000732e+02 6.4915502930e+02 6.4922601318e+02 6.4930401611e+02 6.4937597656e+02
6.4443402100e+02 6.4462597656e+02 6.4480902100e+02 6.4496398926e+02 6.4510498047e+02 6.4526599121e+02 6.4541400146e+02 6.4557598877e+02 6.4571099854e+02 6.4584100342e+02 6.4598999023e+02 6.4612402344e+02 6.4626300049e+02 6.4640899658e+02 6.4651202393e+02 6.4661199951e+02 6.4671801758e+02 6.4684002686e+02 6.4695098877e+02 6.4705902100e+02 6.4715600586e+02 6.4726202393e+02 6.4737200928e+02 6.4748699951e+02 6.4756701660e+02 6.4764099121e+02 6.4772698975e+02 6.4782299805e+02 6.4792797852e+02 6.4802502441e+02 6.4811700439e+02 6.4821899414e+02 6.4829797363e+02 6.4838098145e+02 6.4848999023e+02 6.4858801270e+02 6.4865698242e+02 6.4870800781e+02 6.4878997803e+02 6.4888299561e+02 6.4896997070e+02 6.4903997803e+02 6.4913397217e+02 6.4920001221e+02 6.4925897217e+02 6.4932702637e+02
6.4434899902e+02 6.4453497314e+02 6.4470202637e+02 6.4486401367e+02 6.4502600098e+02 6.4519598389e+02 6.4534997559e+02 6.4549798584e+02 6.4564801025e+02 6.4579302979e+02 6.4592901611e+02 6.4605798340e+02 6.4619201660e+02 6.4632299805e+02 6.4642999268e+02 6.4654400635e+02 6.4665600586e+02 6.4677801514e+02 6.4690802002e+02 6.4701800537e+02 6.4713299561e+02 6.4725500488e+02 6.4736700439e+02 6.4745098877e+02 6.4753302002e+02 6.4760900879e+02 6.4769897461e+02 6.4779602051e+02 6.4789300537e+02 6.4797900391e+02 6.4806500244e+02 6.4818402100e+02 6.4826300049e+02 6.4834698486e+02 6.4845800781e+02 6.4856500244e+02 6.4865301514e+02 6.4870202637e+02 6.4876202393e+02 6.4887097168e+02 6.4895098877e+02 6.4901898193e+02 6.4911199951e+02 6.4916198730e+02 6.4922302246e+02 6.4929400635e+02
6.4425701904e+02 6.4442901611e+02 6.4459197998e+02 6.4475598145e+02 6.4492797852e+02 6.4510101318e+02 6.4526202393e+02 6.4541802979e+02 6.4558099365e+02 6.4573602295e+02 6.4585797119e+02 6.4598297119e+02 6.4611700439e+02 6.4624798584e+02 6.4635998535e+02 6.4647998047e+02 6.4659497070e+02 6.4671502686e+02 6.4685400391e+02 6.4698498535e+02 6.4711798096e+02 6.4723297119e+02 6.4733398438e+02 6.4744897461e+02 6.4752801514e+02 6.4759802246e+02 6.4767700195e+02 6.4777001953e+02 6.4786700439e+02 6.4795202637e+02 6.4802398682e+02 6.4813397217e+02 6.4823101807e+02 6.4831701660e+02 6.4843298340e+02 6.4853698730e+02 6.4862500000e+02 6.4869097900e+02 6.4876702881e+02 6.4886700439e+02 6.4893200684e+02 6.4899298096e+02 6.4906597900e+02 6.4913000488e+02 6.4920202637e+02 6.4926300049e+02
6.4416802979e+02 6.4431500244e+02 6.4447198486e+02 6.4464398193e+02 6.4482098389e+02 6.4499700928e+02 6.4516302490e+02 6.4533502197e+02 6.4550299072e+02 6.4565997314e+02 6.4578100586e+02 6.4590698242e+02 6.4604199219e+02 6.4618103027e+02 6.4629998779e+02 6.4642797852e+02 6.4655200195e+02 6.4667797852e+02 6.4681500244e+02 6.4694702148e+02 6.4707598877e+02 6.4719799805e+02 6.4729199219e+02 6.4740899658e+02 6.4748602295e+02 6.4756896973e+02 6.4764801025e+02 6.4775000000e+02 6.4785101318e+02 6.4792999268e+02 6.4800598145e+02 6.4810699463e+02 6.4821502686e+02 6.4830798340e+02 6.4840100098e+02 6.4850500488e+02 6.4859600830e+02 6.4867999268e+02 6.4875897217e+02 6.4883898926e+02 6.4889801025e+02 6.4896099854e+02 6.4903100586e+02 6.4910302734e+02 6.4916998291e+02 6.4924298096e+02
6.4407501221e+02 6.4421197510e+02 6.4437200928e+02 6.4454101563e+02 6.4471099854e+02 6.4489001465e+02 6.4506298828e+02 6.4523699951e+02 6.4540100098e+02 6.4556402588e+02 6.4570599365e+02 6.4583898926e+02 6.4597302246e+02 6.4610400391e+02 6.4622698975e+02 6.4635900879e+02 6.4649499512e+02 6.4663299561e+02 6.4677398682e+02 6.4689001465e+02 6.4701898193e+02 6.4715600586e+02 6.4724597168e+02 6.4733001709e+02 6.4742102051e+02 6.4753698730e+02 6.4761700439e+02 6.4772302246e+02 6.4783197021e+02 6.4790502930e+02 6.4798699951e+02 6.4807800293e+02 6.4818499756e+02 6.4829199219e+02 6.4837701416e+02 6.4848400879e+02 6.4856799316e+02 6.4864898682e+02 6.4872698975e+02 6.4879199219e+02 6.4885900879e+02 6.4892999268e+02 6.4901098633e+02 6.4908801270e+02 6.4916302490e+02 6.4925799561e+02
6.4396502686e+02 6.4410498047e+02 6.4426702881e+02 6.4443597412e+02 6.4461297607e+02 6.4478997803e+02 6.4495501709e+02 6.4512597656e+02 6.4529901123e+02 6.4546697998e+02 6.4562097168e+02 6.4576397705e+02 6.4590197754e+02 6.4601898193e+02 6.4614801025e+02 6.4629101563e+02 6.4643402100e+02 6.4658001709e+02 6.4672100830e+02 6.4683197021e+02 6.4694598389e+02 6.4707202148e+02 6.4718103027e+02 6.4727301025e+02 6.4737097168e+02 6.4750402832e+02 6.4760400391e+02 6.4769396973e+02 6.4780401611e+02 6.4788299561e+02 6.4796600342e+02 6.4805700684e+02 6.4816400146e+02 6.4826599121e+02 6.4836901855e+02 6.4846502686e+02 6.4854199219e+02 6.4861602783e+02 6.4869396973e+02 6.4875897217e+02 6.4883502197e+02 6.4891302490e+02 6.4899298096e+02 6.4907800293e+02 6.4915802002e+02 6.4923699951e+02
6.4388299561e+02 6.4402099609e+02 6.4417498779e+02 6.4433599854e+02 6.4450299072e+02 6.4467102051e+02 6.4484698486e+02 6.4502301025e+02 6.4520098877e+02 6.4537500000e+02 6.4552301025e+02 6.4567901611e+02 6.4582202148e+02 6.4593798828e+02 6.4605798340e+02 6.4620501709e+02 6.4635900879e+02 6.4651300049e+02 6.4664697266e+02 6.4677301025e+02 6.4688098145e+02 6.4700299072e+02 6.4711999512e+02 6.4722399902e+02 6.4733502197e+02 6.4745001221e+02 6.4754400635e+02 6.4765100098e+02 6.4776098633e+02 6.4785498047e+02 6.4795599365e+02 6.4803997803e+02 6.4814099121e+02 6.4824298096e+02 6.4833697510e+02 6.4842797852e+02 6.4851800537e+02 6.4859197998e+02 6.4867102051e+02 6.4874798584e+02 6.4882000732e+02 6.4890197754e+02 6.4898602295e+02 6.4906896973e+02 6.4915100098e+02 6.4922100830e+02
6.4378802490e+02 6.4393499756e+02 6.4407598877e+02 6.4422698975e+02 6.4439599609e+02 6.4457098389e+02 6.4475598145e+02 6.4492498779e+02 6.4509698486e+02 6.4526898193e+02 6.4541601563e+02 6.4557202148e+02 6.4571502686e+02 6.4584600830e+02 6.4599200439e+02 6.4612097168e+02 6.4627398682e+02 6.4642602539e+02 6.4656201172e+02 6.4670300293e+02 6.4682098389e+02 6.4695098877e+02 6.4708001709e+02 6.4717498779e+02 6.4728802490e+02 6.4741101074e+02 6.4751397705e+02 6.4762701416e+02 6.4772698975e+02 6.4781597900e+02 6.4791601563e+02 6.4802001953e+02 6.4813000488e+02 6.4823297119e+02 6.4832202148e+02 6.4840197754e+02 6.4848199463e+02 6.4855200195e+02 6.4864501953e+02 6.4873699951e+02 6.4880401611e+02 6.4889099121e+02 6.4897698975e+02 6.4904400635e+02 6.4913000488e+02 6.4921002197e+02
6.4367901611e+02 6.4383300781e+02 6.4397399902e+02 6.4412902832e+02 6.4429498291e+02 6.4447100830e+02 6.4465197754e+02 6.4481402588e+02 6.4498498535e+02 6.4515802002e+02 6.4530603027e+02 6.4545800781e+02 6.4560498047e+02 6.4575097656e+02 6.4591497803e+02 6.4604797363e+02 6.4619897461e+02 6.4634197998e+02 6.4647497559e+02 6.4661999512e+02 6.4673797607e+02 6.4686401367e+02 6.4700598145e+02 6.4711798096e+02 6.4723699951e+02 6.4737200928e+02 6.4748400879e+02 6.4759497070e+02 6.4769500732e+02 6.4778399658e+02 6.4788500977e+02 6.4799499512e+02 6.4809997559e+02 6.4820098877e+02 6.4830798340e+02 6.4838500977e+02 6.4845001221e+02 6.4851898193e+02 6.4862298584e+02 6.4872998047e+02 6.4880102539e+02 6.4888201904e+02 6.4896502686e+02 6.4902600098e+02 6.4911199951e+02 6.4918902588e+02
6.4358001709e+02 6.4373699951e+02 6.4389099121e+02 6.4403802490e+02 6.4419299316e+02 6.4435797119e+02 6.4452001953e+02 6.4470599365e+02 6.4487597656e+02 6.4504101563e+02 6.4521197510e+02 6.4536798096e+02 6.4550897217e+02 6.4565698242e+02 6.4579998779e+02 6.4596600342e+02 6.4611602783e+02 6.4624902344e+02 6.4638500977e+02 6.4652398682e+02 6.4665600586e+02 6.4679101563e+02 6.4693402100e+02 6.4705297852e+02 6.4717700195e+02 6.4730200195e+02 6.4741802979e+02 6.4754699707e+02 6.4766302490e+02 6.4777001953e+02 6.4787500000e+02 6.4796801758e+02 6.4805401611e+02 6.4815899658e+02 6.4827899170e+02 6.4835601807e+02 6.4842999268e+02 6.4851397705e+02 6.4861297607e+02 6.4871502686e+02 6.4879901123e+02 6.4887500000e+02 6.4894897461e+02 6.4902197266e+02 6.4909997559e+02 6.4916497803e+02
6.4348400879e+02 6.4362597656e+02 6.4379602051e+02 6.4393402100e+02 6.4408197021e+02 6.4424298096e+02 6.4440600586e+02 6.4458599854e+02 6.4475500488e+02 6.4491900635e+02 6.4508502197e+02 6.4525598145e+02 6.4540997314e+02 6.4556597900e+02 6.4570501709e+02 6.4586401367e+02 6.4601397705e+02 6.4615997314e+02 6.4629797363e+02 6.4643200684e+02 6.4657000732e+02 6.4672100830e+02 6.4684399414e+02 6.4696197510e+02 6.4710400391e+02 6.4723498535e+02 6.4737298584e+02 6.4750598145e+02 6.4761602783e+02 6.4772399902e+02 6.4782897949e+02 6.4791699219e+02 6.4801202393e+02 6.4810699463e+02 6.4821002197e+02 6.4831097412e+02 6.4840399170e+02 6.4850500488e+02 6.4860998535e+02 6.4869396973e+02 6.4879101563e+02 6.4888201904e+02 6.4894702148e+02 6.4901300049e+02 6.4909497070e+02 6.4916998291e+02
6.4337701416e+02 6.4352099609e+02 6.4369097900e+02 6.4382501221e+02 6.4397698975e+02 6.4413000488e+02 6.4427801514e+02 6.4445300293e+02 6.4463299561e+02 6.4480499268e+02 6.4496801758e+02 6.4513000488e+02 6.4529901123e+02 6.4546002197e+02 6.4561602783e+02 6.4577502441e+02 6.4591699219e+02 6.4604998779e+02 6.4619097900e+02 6.4633697510e+02 6.4648297119e+02 6.4663299561e+02 6.4676098633e+02 6.4688598633e+02 6.4702398682e+02 6.4715502930e+02 6.4729602051e+02 6.4743402100e+02 6.4755798340e+02 6.4766601563e+02 6.4777398682e+02 6.4785900879e+02 6.4797302246e+02 6.4807897949e+02 6.4817401123e+02 6.4828900146e+02 6.4839898682e+02 6.4849597168e+02 6.4860797119e+02 6.4868499756e+02 6.4877197266e+02 6.4887097168e+02 6.4895397949e+02 6.4902099609e+02 6.4910400391e+02 6.4917498779e+02
6.4324102783e+02 6.4339599609e+02 6.4355902100e+02 6.4369897461e+02 6.4385101318e+02 6.4399401855e+02 6.4413598633e+02 6.4430401611e+02 6.4448797607e+02 6.4466302490e+02 6.4483001709e+02 6.4499798584e+02 6.4516900635e+02 6.4532897949e+02 6.4550000000e+02 6.4565899658e+02 6.4581597900e+02 6.4595599365e+02 6.4608898926e+02 6.4623999023e+02 6.4639398193e+02 6.4653698730e+02 6.4666699219e+02 6.4679998779e+02 6.4693402100e+02 6.4706500244e+02 6.4720898438e+02 6.4734698486e+02 6.4748400879e+02 6.4759802246e+02 6.4769097900e+02 6.4778497314e+02 6.4791302490e+02 6.4804199219e+02 6.4815399170e+02 6.4826898193e+02 6.4838702393e+02 6.4847698975e+02 6.4859002686e+02 6.4866998291e+02 6.4874499512e+02 6.4884600830e+02 6.4895001221e+02 6.4903100586e+02 6.4910699463e+02 6.4917199707e+02
6.4310302734e+02 6.4325701904e+02 6.4340197754e+02 6.4354602051e+02 6.4369201660e+02 6.4384301758e+02 6.4402600098e+02 6.4415600586e+02 6.4432098389e+02 6.4448602295e+02 6.4465802002e+02 6.4485699463e+02 6.4503698730e+02 6.4519299316e+02 6.4535302734e+02 6.4552301025e+02 6.4570098877e+02 6.4586401367e+02 6.4598699951e+02 6.4614599609e+02 6.4629797363e+02 6.4643902588e+02 6.4657897949e+02 6.4670202637e+02 6.4684600830e+02 6.4698901367e+02 6.4713702393e+02 6.4727301025e+02 6.4740301514e+02 6.4751898193e+02 6.4761901855e+02 6.4773602295e+02 6.4786401367e+02 6.4800097656e+02 6.4812298584e+02 6.4825402832e+02 6.4836199951e+02 6.4844702148e+02 6.4855200195e+02 6.4864898682e+02 6.4873297119e+02 6.4881896973e+02 6.4894000244e+02 6.4904302979e+02 6.4911199951e+02 6.4917297363e+02
6.4298101807e+02 6.4312597656e+02 6.4326202393e+02 6.4339202881e+02 6.4354302979e+02 6.4369000244e+02 6.4384899902e+02 6.4400701904e+02 6.4417102051e+02 6.4434698486e+02 6.4452099609e+02 6.4471398926e+02 6.4489202881e+02 6.4504901123e+02 6.4521697998e+02 6.4538702393e+02 6.4556799316e+02 6.4573297119e+02 6.4587402344e+02 6.4604101563e+02 6.4618597412e+02 6.4633001709e+02 6.4646600342e+02 6.4659997559e+02 6.4675500488e+02 6.4689801025e+02 6.4704302979e+02 6.4719201660e+02 6.4733398438e+02 6.4743798828e+02 6.4754400635e+02 6.4768701172e+02 6.4783099365e+02 6.4796997070e+02 6.4808398438e+02 6.4820697021e+02 6.4831402588e+02 6.4841302490e+02 6.4853698730e+02 6.4863598633e+02 6.4872698975e+02 6.4881701660e+02 6.4893200684e+02 6.4903399658e+02 6.4912500000e+02 6.4919702148e+02
6.4281500244e+02 6.4297399902e+02 6.4311798096e+02 6.4325201416e+02 6.4340997314e+02 6.4353802490e+02 6.4368103027e+02 6.4386199951e+02 6.4402697754e+02 6.4420599365e+02 6.4437799072e+02 6.4456701660e+02 6.4474700928e+02 6.4490301514e+02 6.4506597900e+02 6.4525000000e+02 6.4543298340e+02 6.4559002686e+02 6.4574700928e+02 6.4591400146e+02 6.4605798340e+02 6.4620397949e+02 6.4633001709e+02 6.4647198486e+02 6.4663800049e+02 6.4679602051e+02 6.4695098877e+02 6.4708398438e+02 6.4723297119e+02 6.4735699463e+02 6.4747698975e+02 6.4764099121e+02 6.4779602051e+02 6.4792901611e+02 6.4805499268e+02 6.4816497803e+02 6.4826898193e+02 6.4837902832e+02 6.4851300049e+02 6.4861401367e+02 6.4870800781e+02 6.4880102539e+02 6.4890997314e+02 6.4902398682e+02 6.4913299561e+02 6.4921899414e+02
6.4262200928e+02 6.4278997803e+02 6.4296197510e+02 6.4312701416e+02 6.4328399658e+02 6.4338500977e+02 6.4352001953e+02 6.4370697021e+02 6.4387200928e+02 6.4404400635e+02 6.4421697998e+02 6.4440100098e+02 6.4458300781e+02 6.4474401855e+02 6.4491601563e+02 6.4511499023e+02 6.4528802490e+02 6.4543402100e+02 6.4559997559e+02 6.4576599121e+02 6.4592602539e+02 6.4609197998e+02 6.4622302246e+02 6.4635900879e+02 6.4652801514e+02 6.4669396973e+02 6.4684197998e+02 6.4696398926e+02 6.4712200928e+02 6.4727502441e+02 6.4741497803e+02 6.4759399414e+02 6.4775000000e+02 6.4787500000e+02 6.4802301025e+02 6.4813500977e+02 6.4824401855e+02 6.4835797119e+02 6.4848498535e+02 6.4859100342e+02 6.4869201660e+02 6.4878198242e+02 6.4889202881e+02 6.4902001953e+02 6.4912402344e+02 6.4921197510e+02
