TESTSERVER/10/6.asc
NCOLS 100
NROWS 100
XLLCORNER 7.9997500000e+03
YLLCORNER 2.8965025000e+05
CELLSIZE 5.0000000000e-01
NODATA_VALUE -9.9990000000e+03
[rows 0 to 19 of 100, columns 46 to 91 of 100]
6.4213500977e+02 6.4229699707e+02 6.4245098877e+02 6.4258502197e+02 6.4270501709e+02 6.4283898926e+02 6.4296801758e+02 6.4310998535e+02 6.4327600098e+02 6.4342297363e+02 6.4358502197e+02 6.4372497559e+02 6.4389202881e+02 6.4405297852e+02 6.4420501709e+02 6.4438201904e+02 6.4456597900e+02 6.4469500732e+02 6.4484002686e+02 6.4499798584e+02 6.4516497803e+02 6.4532702637e+02 6.4549102783e+02 6.4568902588e+02 6.4587500000e+02 6.4602697754e+02 6.4618798828e+02 6.4639501953e+02 6.4661401367e+02 6.4675701904e+02 6.4694299316e+02 6.4716198730e+02 6.4733898926e+02 6.4756799316e+02 6.4775201416e+02 6.4792401123e+02 6.4814898682e+02 6.4833801270e+02 6.4853399658e+02 6.4873199463e+02 6.4890899658e+02 6.4914001465e+02 6.4935101318e+02 6.4953002930e+02 6.4968103027e+02 6.4987298584e+02
6.4198999023e+02 6.4212597656e+02 6.4228997803e+02 6.4245001221e+02 6.4257000732e+02 6.4269897461e+02 6.4282897949e+02 6.4296801758e+02 6.4312597656e+02 6.4324700928e+02 6.4341101074e+02 6.4356799316e+02 6.4373297119e+02 6.4389501953e+02 6.4404199219e+02 6.4423199463e+02 6.4441302490e+02 6.4455200195e+02 6.4470202637e+02 6.4484899902e+02 6.4500299072e+02 6.4516998291e+02 6.4534497070e+02 6.4553900146e+02 6.4570202637e+02 6.4587597656e+02 6.4602600098e+02 6.4621502686e+02 6.4641699219e+02 6.4660302734e+02 6.4676599121e+02 6.4696398926e+02 6.4717297363e+02 6.4736798096e+02 6.4754602051e+02 6.4772998047e+02 6.4796997070e+02 6.4812902832e+02 6.4831799316e+02 6.4852001953e+02 6.4869598389e+02 6.4890698242e+02 6.4911999512e+02 6.4933398438e+02 6.4951599121e+02 6.4970202637e+02
6.4184197998e+02 6.4198199463e+02 6.4212298584e+02 6.4227801514e+02 6.4241497803e+02 6.4255297852e+02 6.4268499756e+02 6.4280798340e+02 6.4295697021e+02 6.4309899902e+02 6.4324401855e+02 6.4339599609e+02 6.4355603027e+02 6.4370001221e+02 6.4384802246e+02 6.4403497314e+02 6.4421398926e+02 6.4437298584e+02 6.4453399658e+02 6.4468402100e+02 6.4483099365e+02 6.4498699951e+02 6.4517700195e+02 6.4537799072e+02 6.4550402832e+02 6.4569201660e+02 6.4585498047e+02 6.4603399658e+02 6.4620599365e+02 6.4643402100e+02 6.4661901855e+02 6.4677099609e+02 6.4697601318e+02 6.4717401123e+02 6.4735601807e+02 6.4753497314e+02 6.4776501465e+02 6.4792498779e+02 6.4810198975e+02 6.4829901123e+02 6.4849499512e+02 6.4870202637e+02 6.4888201904e+02 6.4909600830e+02 6.4932702637e+02 6.4952801514e+02
6.4169598389e+02 6.4182897949e+02 6.4194799805e+02 6.4209899902e+02 6.4225000000e+02 6.4238800049e+02 6.4252301025e+02 6.4264697266e+02 6.4279498291e+02 6.4295001221e+02 6.4308001709e+02 6.4321899414e+02 6.4337701416e+02 6.4353198242e+02 6.4368200684e+02 6.4384997559e+02 6.4400701904e+02 6.4416601563e+02 6.4435101318e+02 6.4452899170e+02 6.4467999268e+02 6.4480401611e+02 6.4499902344e+02 6.4522998047e+02 6.4534301758e+02 6.4550201416e+02 6.4566302490e+02 6.4585101318e+02 6.4603002930e+02 6.4622900391e+02 6.4644000244e+02 6.4660101318e+02 6.4677801514e+02 6.4698101807e+02 6.4718103027e+02 6.4735101318e+02 6.4753198242e+02 6.4771099854e+02 6.4790002441e+02 6.4808300781e+02 6.4827899170e+02 6.4852801514e+02 6.4870300293e+02 6.4888897705e+02 6.4913702393e+02 6.4934002686e+02
6.4157098389e+02 6.4169000244e+02 6.4179797363e+02 6.4193902588e+02 6.4209100342e+02 6.4222698975e+02 6.4237097168e+02 6.4250402832e+02 6.4265301514e+02 6.4278601074e+02 6.4292498779e+02 6.4307202148e+02 6.4320697021e+02 6.4337402344e+02 6.4353601074e+02 6.4368902588e+02 6.4381597900e+02 6.4397399902e+02 6.4417199707e+02 6.4435101318e+02 6.4451300049e+02 6.4464300537e+02 6.4480499268e+02 6.4503198242e+02 6.4518298340e+02 6.4535601807e+02 6.4549102783e+02 6.4566601563e+02 6.4586999512e+02 6.4601898193e+02 6.4620098877e+02 6.4639898682e+02 6.4658697510e+02 6.4676501465e+02 6.4696801758e+02 6.4714300537e+02 6.4731298828e+02 6.4751800537e+02 6.4770697021e+02 6.4787200928e+02 6.4807000732e+02 6.4832501221e+02 6.4851300049e+02 6.4869702148e+02 6.4896099854e+02 6.4914599609e+02
6.4140301514e+02 6.4154199219e+02 6.4165899658e+02 6.4178399658e+02 6.4194396973e+02 6.4208697510e+02 6.4223101807e+02 6.4236102295e+02 6.4251300049e+02 6.4265002441e+02 6.4277600098e+02 6.4293200684e+02 6.4306799316e+02 6.4321197510e+02 6.4337097168e+02 6.4353497314e+02 6.4367797852e+02 6.4380401611e+02 6.4397998047e+02 6.4416400146e+02 6.4433300781e+02 6.4450598145e+02 6.4465899658e+02 6.4481402588e+02 6.4496899414e+02 6.4517602539e+02 6.4534497070e+02 6.4550897217e+02 6.4566198730e+02 6.4582299805e+02 6.4600799561e+02 6.4619702148e+02 6.4637902832e+02 6.4658599854e+02 6.4680297852e+02 6.4696099854e+02 6.4713000488e+02 6.4735601807e+02 6.4754400635e+02 6.4770001221e+02 6.4788000488e+02 6.4809497070e+02 6.4830603027e+02 6.4850402832e+02 6.4872497559e+02 6.4892102051e+02
6.4124798584e+02 6.4140100098e+02 6.4153497314e+02 6.4164501953e+02 6.4178399658e+02 6.4191900635e+02 6.4205700684e+02 6.4219897461e+02 6.4237298584e+02 6.4251300049e+02 6.4263897705e+02 6.4277398682e+02 6.4290301514e+02 6.4305297852e+02 6.4321197510e+02 6.4338500977e+02 6.4353698730e+02 6.4366400146e+02 6.4379400635e+02 6.4396502686e+02 6.4414202881e+02 6.4433398438e+02 6.4450799561e+02 6.4465502930e+02 6.4481201172e+02 6.4499401855e+02 6.4516497803e+02 6.4534497070e+02 6.4549499512e+02 6.4566302490e+02 6.4584100342e+02 6.4601898193e+02 6.4619897461e+02 6.4640301514e+02 6.4661901855e+02 6.4678601074e+02 6.4694500732e+02 6.4713397217e+02 6.4734301758e+02 6.4753802490e+02 6.4771398926e+02 6.4790002441e+02 6.4812298584e+02 6.4832098389e+02 6.4850701904e+02 6.4873199463e+02
6.4110900879e+02 6.4126300049e+02 6.4141900635e+02 6.4153198242e+02 6.4162597656e+02 6.4174902344e+02 6.4188397217e+02 6.4202899170e+02 6.4221099854e+02 6.4234698486e+02 6.4250000000e+02 6.4264501953e+02 6.4275701904e+02 6.4291497803e+02 6.4307299805e+02 6.4323602295e+02 6.4337402344e+02 6.4351300049e+02 6.4362402344e+02 6.4377697754e+02 6.4395800781e+02 6.4412799072e+02 6.4432000732e+02 6.4449597168e+02 6.4465698242e+02 6.4481402588e+02 6.4497399902e+02 6.4516601563e+02 6.4534802246e+02 6.4552301025e+02 6.4569897461e+02 6.4587200928e+02 6.4604998779e+02 6.4622302246e+02 6.4641601563e+02 6.4658801270e+02 6.4675402832e+02 6.4691601563e+02 6.4712597656e+02 6.4735198975e+02 6.4753698730e+02 6.4772497559e+02 6.4795599365e+02 6.4815899658e+02 6.4832098389e+02 6.4855102539e+02
6.4097497559e+02 6.4108801270e+02 6.4123199463e+02 6.4140002441e+02 6.4150097656e+02 6.4161401367e+02 6.4175701904e+02 6.4189099121e+02 6.4204797363e+02 6.4217602539e+02 6.4233398438e+02 6.4251098633e+02 6.4266998291e+02 6.4277502441e+02 6.4293200684e+02 6.4308502197e+02 6.4322998047e+02 6.4334899902e+02 6.4345898438e+02 6.4362402344e+02 6.4385797119e+02 6.4395697021e+02 6.4412402344e+02 6.4431500244e+02 6.4445898438e+02 6.4463897705e+02 6.4480798340e+02 6.4499200439e+02 6.4520098877e+02 6.4537402344e+02 6.4554199219e+02 6.4571502686e+02 6.4588897705e+02 6.4605297852e+02 6.4623400879e+02 6.4641400146e+02 6.4659802246e+02 6.4675799561e+02 6.4693499756e+02 6.4712902832e+02 6.4734698486e+02 6.4752899170e+02 6.4775701904e+02 6.4797399902e+02 6.4813800049e+02 6.4835302734e+02
6.4081799316e+02 6.4094897461e+02 6.4109002686e+02 6.4128399658e+02 6.4140399170e+02 6.4148602295e+02 6.4163299561e+02 6.4178002930e+02 6.4191302490e+02 6.4205902100e+02 6.4221301270e+02 6.4234802246e+02 6.4249597168e+02 6.4265301514e+02 6.4280401611e+02 6.4293798828e+02 6.4306298828e+02 6.4319897461e+02 6.4331097412e+02 6.4345397949e+02 6.4365301514e+02 6.4376898193e+02 6.4393103027e+02 6.4412597656e+02 6.4429797363e+02 6.4447399902e+02 6.4464300537e+02 6.4480700684e+02 6.4498400879e+02 6.4522302246e+02 6.4536700439e+02 6.4551501465e+02 6.4572399902e+02 6.4589898682e+02 6.4607299805e+02 6.4626702881e+02 6.4645098877e+02 6.4661199951e+02 6.4678601074e+02 6.4695202637e+02 6.4713897705e+02 6.4730700684e+02 6.4750799561e+02 6.4772998047e+02 6.4795098877e+02 6.4815502930e+02
6.4063500977e+02 6.4078302002e+02 6.4092901611e+02 6.4110601807e+02 6.4126000977e+02 6.4134997559e+02 6.4148797607e+02 6.4164599609e+02 6.4177197266e+02 6.4192797852e+02 6.4209100342e+02 6.4221197510e+02 6.4234100342e+02 6.4252001953e+02 6.4266497803e+02 6.4280700684e+02 6.4293798828e+02 6.4308697510e+02 6.4318902588e+02 6.4329901123e+02 6.4346697998e+02 6.4361401367e+02 6.4377600098e+02 6.4395098877e+02 6.4413598633e+02 6.4431097412e+02 6.4447802734e+02 6.4464801025e+02 6.4480499268e+02 6.4503399658e+02 6.4518200684e+02 6.4533898926e+02 6.4556298828e+02 6.4573901367e+02 6.4590100098e+02 6.4608697510e+02 6.4627398682e+02 6.4645098877e+02 6.4663397217e+02 6.4681097412e+02 6.4697802734e+02 6.4715502930e+02 6.4732897949e+02 6.4753302002e+02 6.4777697754e+02 6.4797698975e+02
6.4047302246e+02 6.4063702393e+02 6.4079199219e+02 6.4093200684e+02 6.4108300781e+02 6.4120501709e+02 6.4134002686e+02 6.4150000000e+02 6.4163598633e+02 6.4177899170e+02 6.4193798828e+02 6.4209301758e+02 6.4224102783e+02 6.4238598633e+02 6.4251599121e+02 6.4266998291e+02 6.4280499268e+02 6.4297198486e+02 6.4307800293e+02 6.4318200684e+02 6.4334600830e+02 6.4349597168e+02 6.4365698242e+02 6.4380902100e+02 6.4396997070e+02 6.4414697266e+02 6.4431201172e+02 6.4449298096e+02 6.4467102051e+02 6.4483898926e+02 6.4498297119e+02 6.4517102051e+02 6.4539001465e+02 6.4556896973e+02 6.4573602295e+02 6.4591802979e+02 6.4609399414e+02 6.4626300049e+02 6.4645202637e+02 6.4664599609e+02 6.4682000732e+02 6.4700000000e+02 6.4716601563e+02 6.4734802246e+02 6.4755499268e+02 6.4775402832e+02
6.4034399414e+02 6.4055700684e+02 6.4072998047e+02 6.4083001709e+02 6.4092102051e+02 6.4109197998e+02 6.4122497559e+02 6.4135797119e+02 6.4150500488e+02 6.4164001465e+02 6.4177301025e+02 6.4193499756e+02 6.4212097168e+02 6.4224102783e+02 6.4236901855e+02 6.4252697754e+02 6.4267401123e+02 6.4283300781e+02 6.4295697021e+02 6.4307598877e+02 6.4322900391e+02 6.4334698486e+02 6.4351800537e+02 6.4369598389e+02 6.4383697510e+02 6.4399499512e+02 6.4415301514e+02 6.4432702637e+02 6.4454400635e+02 6.4469299316e+02 6.4482202148e+02 6.4501702881e+02 6.4521099854e+02 6.4538000488e+02 6.4555798340e+02 6.4574902344e+02 6.4596600342e+02 6.4608697510e+02 6.4627001953e+02 6.4645800781e+02 6.4663397217e+02 6.4681799316e+02 6.4699700928e+02 6.4717102051e+02 6.4735998535e+02 6.4755200195e+02
6.4019201660e+02 6.4043798828e+02 6.4061798096e+02 6.4071099854e+02 6.4077398682e+02 6.4093597412e+02 6.4106402588e+02 6.4118798828e+02 6.4135198975e+02 6.4150701904e+02 6.4165197754e+02 6.4177697754e+02 6.4193298340e+02 6.4209100342e+02 6.4223297119e+02 6.4237298584e+02 6.4252398682e+02 6.4267401123e+02 6.4281298828e+02 6.4295599365e+02 6.4311999512e+02 6.4321197510e+02 6.4335601807e+02 6.4355297852e+02 6.4369702148e+02 6.4384802246e+02 6.4400201416e+02 6.4417199707e+02 6.4436700439e+02 6.4453900146e+02 6.4465802002e+02 6.4483801270e+02 6.4503997803e+02 6.4521398926e+02 6.4538000488e+02 6.4555297852e+02 6.4577502441e+02 6.4594097900e+02 6.4611401367e+02 6.4627600098e+02 6.4646600342e+02 6.4666900635e+02 6.4685101318e+02 6.4701202393e+02 6.4721997070e+02 6.4740197754e+02
6.4002899170e+02 6.4023400879e+02 6.4039697266e+02 6.4050598145e+02 6.4060302734e+02 6.4076397705e+02 6.4090698242e+02 6.4104101563e+02 6.4119897461e+02 6.4134802246e+02 6.4150598145e+02 6.4164898682e+02 6.4179498291e+02 6.4195098877e+02 6.4210101318e+02 6.4223797607e+02 6.4238897705e+02 6.4253497314e+02 6.4267401123e+02 6.4281298828e+02 6.4297802734e+02 6.4307098389e+02 6.4320898438e+02 6.4338702393e+02 6.4352197266e+02 6.4368499756e+02 6.4384399414e+02 6.4401599121e+02 6.4418200684e+02 6.4434600830e+02 6.4448602295e+02 6.4465997314e+02 6.4485198975e+02 6.4503399658e+02 6.4520697021e+02 6.4537799072e+02 6.4556402588e+02 6.4577197266e+02 6.4595300293e+02 6.4611199951e+02 6.4629400635e+02 6.4647302246e+02 6.4665100098e+02 6.4681896973e+02 6.4703997803e+02 6.4721600342e+02
6.3987097168e+02 6.4001800537e+02 6.4017700195e+02 6.4031701660e+02 6.4045001221e+02 6.4060400391e+02 6.4076501465e+02 6.4090997314e+02 6.4104797363e+02 6.4117797852e+02 6.4133599854e+02 6.4151202393e+02 6.4168200684e+02 6.4181701660e+02 6.4196398926e+02 6.4210198975e+02 6.4225701904e+02 6.4241699219e+02 6.4255798340e+02 6.4267401123e+02 6.4281500244e+02 6.4292498779e+02 6.4307397461e+02 6.4323498535e+02 6.4336297607e+02 6.4353802490e+02 6.4368701172e+02 6.4384399414e+02 6.4400000000e+02 6.4415301514e+02 6.4430902100e+02 6.4447100830e+02 6.4464697266e+02 6.4483801270e+02 6.4502001953e+02 6.4520300293e+02 6.4537799072e+02 6.4559899902e+02 6.4578601074e+02 6.4594299316e+02 6.4614099121e+02 6.4632397461e+02 6.4646398926e+02 6.4661901855e+02 6.4683099365e+02 6.4703198242e+02
6.3973199463e+02 6.3984399414e+02 6.4000598145e+02 6.4017199707e+02 6.4030700684e+02 6.4045202637e+02 6.4061798096e+02 6.4077301025e+02 6.4090899658e+02 6.4103601074e+02 6.4117901611e+02 6.4135699463e+02 6.4154699707e+02 6.4166802979e+02 6.4182897949e+02 6.4198498535e+02 6.4213397217e+02 6.4228497314e+02 6.4244201660e+02 6.4257598877e+02 6.4269598389e+02 6.4282501221e+02 6.4295697021e+02 6.4309497070e+02 6.4324401855e+02 6.4338397217e+02 6.4351098633e+02 6.4365301514e+02 6.4380603027e+02 6.4397998047e+02 6.4414202881e+02 6.4431701660e+02 6.4446301270e+02 6.4461999512e+02 6.4480798340e+02 6.4501800537e+02 6.4522399902e+02 6.4540399170e+02 6.4559899902e+02 6.4576599121e+02 6.4595001221e+02 6.4614697266e+02 6.4629699707e+02 6.4645098877e+02 6.4660998535e+02 6.4683599854e+02
6.3959399414e+02 6.3971002197e+02 6.3985699463e+02 6.4000201416e+02 6.4016198730e+02 6.4030297852e+02 6.4045800781e+02 6.4061999512e+02 6.4079302979e+02 6.4089898682e+02 6.4104400635e+02 6.4121398926e+02 6.4140698242e+02 6.4152899170e+02 6.4169299316e+02 6.4186401367e+02 6.4201000977e+02 6.4216198730e+02 6.4229998779e+02 6.4243200684e+02 6.4255902100e+02 6.4271801758e+02 6.4285699463e+02 6.4298199463e+02 6.4311901855e+02 6.4323602295e+02 6.4336297607e+02 6.4350000000e+02 6.4365100098e+02 6.4381097412e+02 6.4396502686e+02 6.4416802979e+02 6.4432702637e+02 6.4446502686e+02 6.4462298584e+02 6.4480700684e+02 6.4504302979e+02 6.4523101807e+02 6.4540698242e+02 6.4558099365e+02 6.4577600098e+02 6.4595001221e+02 6.4609997559e+02 6.4626702881e+02 6.4644702148e+02 6.4667498779e+02
6.3948498535e+02 6.3960302734e+02 6.3972302246e+02 6.3984997559e+02 6.4002001953e+02 6.4016198730e+02 6.4033001709e+02 6.4050201416e+02 6.4066998291e+02 6.4076501465e+02 6.4092999268e+02 6.4109497070e+02 6.4124597168e+02 6.4137799072e+02 6.4153802490e+02 6.4169500732e+02 6.4185198975e+02 6.4203900146e+02 6.4217797852e+02 6.4230798340e+02 6.4244598389e+02 6.4258898926e+02 6.4275201416e+02 6.4286798096e+02 6.4297601318e+02 6.4311901855e+02 6.4326300049e+02 6.4337701416e+02 6.4351702881e+02 6.4366900635e+02 6.4379199219e+02 6.4396502686e+02 6.4412799072e+02 6.4428002930e+02 6.4444799805e+02 6.4460900879e+02 6.4481799316e+02 6.4502899170e+02 6.4522399902e+02 6.4542102051e+02 6.4561199951e+02 6.4576702881e+02 6.4591497803e+02 6.4608801270e+02 6.4630200195e+02 6.4650799561e+02
6.3937402344e+02 6.3948297119e+02 6.3959600830e+02 6.3972399902e+02 6.3987298584e+02 6.4001800537e+02 6.4020800781e+02 6.4037701416e+02 6.4052502441e+02 6.4064599609e+02 6.4080499268e+02 6.4097497559e+02 6.4111700439e+02 6.4123498535e+02 6.4138500977e+02 6.4153497314e+02 6.4168902588e+02 6.4188201904e+02 6.4205102539e+02 6.4220098877e+02 6.4235498047e+02 6.4247100830e+02 6.4264898682e+02 6.4277502441e+02 6.4285101318e+02 6.4298199463e+02 6.4313598633e+02 6.4324499512e+02 6.4337500000e+02 6.4352099609e+02 6.4363098145e+02 6.4377502441e+02 6.4392199707e+02 6.4406896973e+02 6.4425299072e+02 6.4442199707e+02 6.4461102295e+02 6.4481298828e+02 6.4500500488e+02 6.4521301270e+02 6.4542797852e+02 6.4558099365e+02 6.4574102783e+02 6.4591699219e+02 6.4611499023e+02 6.4631402588e+02
