TESTSERVER/10/6.asc
NCOLS 100
NROWS 100
XLLCORNER 7.9997500000e+03
YLLCORNER 2.8965025000e+05
CELLSIZE 5.0000000000e-01
NODATA_VALUE -9.9990000000e+03
[rows 80 to 99 of 100, columns 46 to 91 of 100]
6.2462597656e+02 6.2478601074e+02 6.2490100098e+02 6.2500598145e+02 6.2514300537e+02 6.2523297119e+02 6.2537597656e+02 6.2552001953e+02 6.2564697266e+02 6.2578198242e+02 6.2591198730e+02 6.2607897949e+02 6.2620800781e+02 6.2638299561e+02 6.2653802490e+02 6.2668298340e+02 6.2682000732e+02 6.2700500488e+02 6.2719000244e+02 6.2736798096e+02 6.2753399658e+02 6.2769500732e+02 6.2788201904e+02 6.2804199219e+02 6.2818798828e+02 6.2829901123e+02 6.2840301514e+02 6.2849102783e+02 6.2859899902e+02 6.2865698242e+02 6.2871502686e+02 6.2877697754e+02 6.2886297607e+02 6.2894702148e+02 6.2908599854e+02 6.2922998047e+02 6.2935101318e+02 6.2946801758e+02 6.2958398438e+02 6.2969702148e+02 6.2978997803e+02 6.2990600586e+02 6.3004302979e+02 6.3018798828e+02 6.3028698730e+02 6.3038500977e+02
6.2440002441e+02 6.2454101563e+02 6.2465997314e+02 6.2479998779e+02 6.2493298340e+02 6.2501300049e+02 6.2514697266e+02 6.2530200195e+02 6.2544000244e+02 6.2556597900e+02 6.2569097900e+02 6.2583697510e+02 6.2597698975e+02 6.2615997314e+02 6.2630200195e+02 6.2644500732e+02 6.2660302734e+02 6.2676300049e+02 6.2694799805e+02 6.2714300537e+02 6.2731701660e+02 6.2744299316e+02 6.2761297607e+02 6.2779302979e+02 6.2798901367e+02 6.2810400391e+02 6.2822198486e+02 6.2831896973e+02 6.2840002441e+02 6.2845800781e+02 6.2852398682e+02 6.2861401367e+02 6.2869799805e+02 6.2876800537e+02 6.2888098145e+02 6.2902197266e+02 6.2915600586e+02 6.2929998779e+02 6.2941802979e+02 6.2948999023e+02 6.2959600830e+02 6.2972198486e+02 6.2985498047e+02 6.2997302246e+02 6.3003302002e+02 6.3017901611e+02
6.2414202881e+02 6.2426599121e+02 6.2440502930e+02 6.2457598877e+02 6.2471502686e+02 6.2480200195e+02 6.2492797852e+02 6.2506201172e+02 6.2520300293e+02 6.2535797119e+02 6.2548400879e+02 6.2561798096e+02 6.2576501465e+02 6.2589202881e+02 6.2602001953e+02 6.2620501709e+02 6.2639099121e+02 6.2655297852e+02 6.2671697998e+02 6.2688201904e+02 6.2705798340e+02 6.2718499756e+02 6.2734997559e+02 6.2753802490e+02 6.2772399902e+02 6.2784899902e+02 6.2799401855e+02 6.2811798096e+02 6.2820898438e+02 6.2826800537e+02 6.2833502197e+02 6.2842602539e+02 6.2852099609e+02 6.2860601807e+02 6.2869799805e+02 6.2880499268e+02 6.2893298340e+02 6.2907501221e+02 6.2920397949e+02 6.2930200195e+02 6.2941198730e+02 6.2953497314e+02 6.2968701172e+02 6.2981298828e+02 6.2986102295e+02 6.3000402832e+02
6.2388201904e+02 6.2400299072e+02 6.2414398193e+02 6.2430902100e+02 6.2447198486e+02 6.2458697510e+02 6.2470501709e+02 6.2481799316e+02 6.2493597412e+02 6.2509698486e+02 6.2521002197e+02 6.2534899902e+02 6.2554302979e+02 6.2565997314e+02 6.2576098633e+02 6.2594299316e+02 6.2611901855e+02 6.2628601074e+02 6.2646600342e+02 6.2663800049e+02 6.2680902100e+02 6.2694299316e+02 6.2712200928e+02 6.2731701660e+02 6.2747198486e+02 6.2762500000e+02 6.2776702881e+02 6.2789099121e+02 6.2800500488e+02 6.2807299805e+02 6.2814599609e+02 6.2823999023e+02 6.2833502197e+02 6.2842797852e+02 6.2854101563e+02 6.2863702393e+02 6.2871697998e+02 6.2883697510e+02 6.2896899414e+02 6.2911102295e+02 6.2921997070e+02 6.2933599854e+02 6.2949499512e+02 6.2963299561e+02 6.2971099854e+02 6.2984802246e+02
6.2363702393e+02 6.2375299072e+02 6.2390002441e+02 6.2404400635e+02 6.2420397949e+02 6.2429699707e+02 6.2443499756e+02 6.2457897949e+02 6.2469799805e+02 6.2481298828e+02 6.2495397949e+02 6.2509899902e+02 6.2525000000e+02 6.2540802002e+02 6.2554498291e+02 6.2572399902e+02 6.2587701416e+02 6.2604199219e+02 6.2621600342e+02 6.2640698242e+02 6.2656896973e+02 6.2670202637e+02 6.2687902832e+02 6.2707202148e+02 6.2721301270e+02 6.2741101074e+02 6.2756097412e+02 6.2768597412e+02 6.2781097412e+02 6.2788702393e+02 6.2794396973e+02 6.2802502441e+02 6.2812402344e+02 6.2821502686e+02 6.2833898926e+02 6.2844299316e+02 6.2853399658e+02 6.2862902832e+02 6.2875097656e+02 6.2890502930e+02 6.2902001953e+02 6.2913299561e+02 6.2926202393e+02 6.2938800049e+02 6.2951898193e+02 6.2966302490e+02
6.2341497803e+02 6.2353002930e+02 6.2367297363e+02 6.2381201172e+02 6.2396197510e+02 6.2406799316e+02 6.2420001221e+02 6.2433197021e+02 6.2444000244e+02 6.2456597900e+02 6.2471502686e+02 6.2485302734e+02 6.2497601318e+02 6.2514202881e+02 6.2531896973e+02 6.2551599121e+02 6.2567498779e+02 6.2580999756e+02 6.2597100830e+02 6.2618103027e+02 6.2630700684e+02 6.2645098877e+02 6.2663702393e+02 6.2683300781e+02 6.2696801758e+02 6.2714801025e+02 6.2730700684e+02 6.2745697021e+02 6.2760302734e+02 6.2769897461e+02 6.2777301025e+02 6.2783001709e+02 6.2793200684e+02 6.2803802490e+02 6.2814202881e+02 6.2823699951e+02 6.2835900879e+02 6.2845697021e+02 6.2858697510e+02 6.2873297119e+02 6.2882897949e+02 6.2894000244e+02 6.2906298828e+02 6.2919799805e+02 6.2935101318e+02 6.2950598145e+02
6.2318103027e+02 6.2332397461e+02 6.2344897461e+02 6.2357000732e+02 6.2371801758e+02 6.2384497070e+02 6.2396002197e+02 6.2408197021e+02 6.2419396973e+02 6.2431597900e+02 6.2446099854e+02 6.2461297607e+02 6.2474401855e+02 6.2490002441e+02 6.2507397461e+02 6.2525299072e+02 6.2542102051e+02 6.2558801270e+02 6.2574200439e+02 6.2593298340e+02 6.2607702637e+02 6.2623199463e+02 6.2641101074e+02 6.2661700439e+02 6.2675701904e+02 6.2691699219e+02 6.2705499268e+02 6.2717797852e+02 6.2729797363e+02 6.2741101074e+02 6.2756298828e+02 6.2765301514e+02 6.2773602295e+02 6.2782501221e+02 6.2793701172e+02 6.2804998779e+02 6.2815698242e+02 6.2825598145e+02 6.2839300537e+02 6.2853302002e+02 6.2863897705e+02 6.2875701904e+02 6.2887200928e+02 6.2900299072e+02 6.2913800049e+02 6.2929797363e+02
6.2296600342e+02 6.2311901855e+02 6.2323699951e+02 6.2334100342e+02 6.2347601318e+02 6.2363098145e+02 6.2373797607e+02 6.2385302734e+02 6.2397198486e+02 6.2408398438e+02 6.2421801758e+02 6.2438201904e+02 6.2453002930e+02 6.2467797852e+02 6.2482598877e+02 6.2496899414e+02 6.2512799072e+02 6.2532702637e+02 6.2551300049e+02 6.2568597412e+02 6.2584002686e+02 6.2601202393e+02 6.2617401123e+02 6.2636798096e+02 6.2653100586e+02 6.2669000244e+02 6.2682299805e+02 6.2693298340e+02 6.2702301025e+02 6.2713098145e+02 6.2729302979e+02 6.2741198730e+02 6.2752001953e+02 6.2757800293e+02 6.2771197510e+02 6.2785101318e+02 6.2793902588e+02 6.2807501221e+02 6.2819396973e+02 6.2830401611e+02 6.2843103027e+02 6.2857501221e+02 6.2869500732e+02 6.2881701660e+02 6.2892102051e+02 6.2906701660e+02
6.2271502686e+02 6.2288000488e+02 6.2301800537e+02 6.2313000488e+02 6.2326898193e+02 6.2343798828e+02 6.2354699707e+02 6.2364001465e+02 6.2374499512e+02 6.2386199951e+02 6.2400201416e+02 6.2415002441e+02 6.2426300049e+02 6.2442602539e+02 6.2457299805e+02 6.2470098877e+02 6.2486700439e+02 6.2505401611e+02 6.2522100830e+02 6.2541900635e+02 6.2559802246e+02 6.2578399658e+02 6.2594799805e+02 6.2610302734e+02 6.2626000977e+02 6.2642102051e+02 6.2656701660e+02 6.2671099854e+02 6.2683697510e+02 6.2692797852e+02 6.2702502441e+02 6.2714697266e+02 6.2729699707e+02 6.2736499023e+02 6.2749298096e+02 6.2764398193e+02 6.2772998047e+02 6.2787799072e+02 6.2801000977e+02 6.2811999512e+02 6.2824798584e+02 6.2838397217e+02 6.2851000977e+02 6.2864898682e+02 6.2876098633e+02 6.2886798096e+02
6.2246002197e+02 6.2263397217e+02 6.2279101563e+02 6.2291400146e+02 6.2305902100e+02 6.2322802734e+02 6.2336499023e+02 6.2346502686e+02 6.2355297852e+02 6.2366802979e+02 6.2381201172e+02 6.2392999268e+02 6.2403198242e+02 6.2416198730e+02 6.2430700684e+02 6.2446899414e+02 6.2464300537e+02 6.2481799316e+02 6.2495098877e+02 6.2512097168e+02 6.2532397461e+02 6.2552301025e+02 6.2568798828e+02 6.2584802246e+02 6.2600000000e+02 6.2617797852e+02 6.2633099365e+02 6.2645397949e+02 6.2658398438e+02 6.2671099854e+02 6.2682098389e+02 6.2693597412e+02 6.2702697754e+02 6.2711798096e+02 6.2724401855e+02 6.2739202881e+02 6.2751098633e+02 6.2764501953e+02 6.2779498291e+02 6.2792401123e+02 6.2804101563e+02 6.2818298340e+02 6.2829498291e+02 6.2844500732e+02 6.2861297607e+02 6.2871301270e+02
6.2226800537e+02 6.2243298340e+02 6.2258398438e+02 6.2271301270e+02 6.2284802246e+02 6.2300897217e+02 6.2314898682e+02 6.2327301025e+02 6.2336199951e+02 6.2347998047e+02 6.2362097168e+02 6.2373101807e+02 6.2384399414e+02 6.2394799805e+02 6.2407397461e+02 6.2423498535e+02 6.2442199707e+02 6.2459698486e+02 6.2473602295e+02 6.2489801025e+02 6.2507098389e+02 6.2522998047e+02 6.2538897705e+02 6.2556097412e+02 6.2573297119e+02 6.2592498779e+02 6.2607897949e+02 6.2618902588e+02 6.2630700684e+02 6.2642901611e+02 6.2654998779e+02 6.2668798828e+02 6.2679998779e+02 6.2689697266e+02 6.2701898193e+02 6.2714398193e+02 6.2729101563e+02 6.2743103027e+02 6.2756298828e+02 6.2769201660e+02 6.2782098389e+02 6.2796697998e+02 6.2812200928e+02 6.2827001953e+02 6.2844201660e+02 6.2855603027e+02
6.2208001709e+02 6.2222998047e+02 6.2235900879e+02 6.2249102783e+02 6.2262597656e+02 6.2279101563e+02 6.2293200684e+02 6.2306298828e+02 6.2316497803e+02 6.2327697754e+02 6.2342297363e+02 6.2353997803e+02 6.2364501953e+02 6.2374798584e+02 6.2388500977e+02 6.2402398682e+02 6.2417999268e+02 6.2432299805e+02 6.2449102783e+02 6.2467700195e+02 6.2483398438e+02 6.2497198486e+02 6.2512402344e+02 6.2529602051e+02 6.2545501709e+02 6.2563000488e+02 6.2577899170e+02 6.2589697266e+02 6.2602697754e+02 6.2615899658e+02 6.2628100586e+02 6.2641601563e+02 6.2657598877e+02 6.2668597412e+02 6.2680902100e+02 6.2691998291e+02 6.2706097412e+02 6.2721502686e+02 6.2733099365e+02 6.2746899414e+02 6.2761999512e+02 6.2777502441e+02 6.2795898438e+02 6.2809497070e+02 6.2822399902e+02 6.2833697510e+02
6.2188000488e+02 6.2199798584e+02 6.2213000488e+02 6.2227301025e+02 6.2240502930e+02 6.2256799316e+02 6.2271801758e+02 6.2284802246e+02 6.2297601318e+02 6.2307098389e+02 6.2320800781e+02 6.2334600830e+02 6.2344097900e+02 6.2357598877e+02 6.2372497559e+02 6.2384399414e+02 6.2396899414e+02 6.2406701660e+02 6.2422302246e+02 6.2440997314e+02 6.2456597900e+02 6.2474597168e+02 6.2489202881e+02 6.2504302979e+02 6.2517297363e+02 6.2532897949e+02 6.2546301270e+02 6.2558300781e+02 6.2572601318e+02 6.2587902832e+02 6.2602697754e+02 6.2614801025e+02 6.2628601074e+02 6.2639599609e+02 6.2654400635e+02 6.2668701172e+02 6.2682397461e+02 6.2695800781e+02 6.2704797363e+02 6.2721301270e+02 6.2741497803e+02 6.2754400635e+02 6.2769897461e+02 6.2786798096e+02 6.2801202393e+02 6.2807800293e+02
6.2164501953e+02 6.2178802490e+02 6.2193499756e+02 6.2205902100e+02 6.2219500732e+02 6.2234002686e+02 6.2247198486e+02 6.2261999512e+02 6.2275799561e+02 6.2286901855e+02 6.2303100586e+02 6.2316900635e+02 6.2326397705e+02 6.2340301514e+02 6.2352697754e+02 6.2363299561e+02 6.2376202393e+02 6.2387500000e+02 6.2400598145e+02 6.2416601563e+02 6.2432299805e+02 6.2449700928e+02 6.2464001465e+02 6.2477099609e+02 6.2487799072e+02 6.2505401611e+02 6.2520898438e+02 6.2532000732e+02 6.2544799805e+02 6.2561700439e+02 6.2580499268e+02 6.2594500732e+02 6.2604699707e+02 6.2613897705e+02 6.2626898193e+02 6.2641900635e+02 6.2657000732e+02 6.2671899414e+02 6.2681896973e+02 6.2696502686e+02 6.2713800049e+02 6.2729199219e+02 6.2743701172e+02 6.2758001709e+02 6.2771502686e+02 6.2782501221e+02
6.2140997314e+02 6.2155297852e+02 6.2170697021e+02 6.2184399414e+02 6.2199298096e+02 6.2213098145e+02 6.2226599121e+02 6.2241497803e+02 6.2254101563e+02 6.2266802979e+02 6.2283801270e+02 6.2298199463e+02 6.2308801270e+02 6.2320001221e+02 6.2331799316e+02 6.2343298340e+02 6.2356500244e+02 6.2368597412e+02 6.2381298828e+02 6.2396197510e+02 6.2409301758e+02 6.2424102783e+02 6.2438897705e+02 6.2453399658e+02 6.2465100098e+02 6.2481201172e+02 6.2497900391e+02 6.2509698486e+02 6.2519299316e+02 6.2534997559e+02 6.2553900146e+02 6.2571301270e+02 6.2583197021e+02 6.2592401123e+02 6.2603302002e+02 6.2615698242e+02 6.2628100586e+02 6.2644500732e+02 6.2658001709e+02 6.2672399902e+02 6.2685998535e+02 6.2702398682e+02 6.2719299316e+02 6.2734301758e+02 6.2746600342e+02 6.2757397461e+02
6.2123699951e+02 6.2136102295e+02 6.2148297119e+02 6.2162097168e+02 6.2176702881e+02 6.2190698242e+02 6.2205499268e+02 6.2220501709e+02 6.2232800293e+02 6.2246600342e+02 6.2261401367e+02 6.2276202393e+02 6.2288897705e+02 6.2300201416e+02 6.2312500000e+02 6.2323999023e+02 6.2335198975e+02 6.2346197510e+02 6.2359197998e+02 6.2375097656e+02 6.2388299561e+02 6.2400799561e+02 6.2415301514e+02 6.2429998779e+02 6.2443499756e+02 6.2459002686e+02 6.2474902344e+02 6.2488098145e+02 6.2497998047e+02 6.2510699463e+02 6.2525701904e+02 6.2543798828e+02 6.2559002686e+02 6.2569598389e+02 6.2580999756e+02 6.2592498779e+02 6.2603100586e+02 6.2617199707e+02 6.2631298828e+02 6.2647698975e+02 6.2661798096e+02 6.2676800537e+02 6.2694897461e+02 6.2711700439e+02 6.2723699951e+02 6.2733502197e+02
6.2103399658e+02 6.2113397217e+02 6.2125201416e+02 6.2139697266e+02 6.2156097412e+02 6.2167498779e+02 6.2180401611e+02 6.2196697998e+02 6.2212799072e+02 6.2224597168e+02 6.2239001465e+02 6.2253002930e+02 6.2269598389e+02 6.2283197021e+02 6.2294500732e+02 6.2303698730e+02 6.2313397217e+02 6.2327600098e+02 6.2338897705e+02 6.2352801514e+02 6.2365100098e+02 6.2379901123e+02 6.2394299316e+02 6.2407598877e+02 6.2420202637e+02 6.2434100342e+02 6.2449102783e+02 6.2465802002e+02 6.2481402588e+02 6.2494000244e+02 6.2505297852e+02 6.2520001221e+02 6.2533801270e+02 6.2542797852e+02 6.2554797363e+02 6.2569097900e+02 6.2584997559e+02 6.2592401123e+02 6.2604498291e+02 6.2621502686e+02 6.2635498047e+02 6.2650201416e+02 6.2669299316e+02 6.2686700439e+02 6.2696398926e+02 6.2708599854e+02
6.2081097412e+02 6.2093402100e+02 6.2106298828e+02 6.2119897461e+02 6.2134100342e+02 6.2145001221e+02 6.2158697510e+02 6.2174401855e+02 6.2190002441e+02 6.2201800537e+02 6.2218103027e+02 6.2234100342e+02 6.2250701904e+02 6.2264501953e+02 6.2274798584e+02 6.2284997559e+02 6.2293902588e+02 6.2308099365e+02 6.2319396973e+02 6.2333599854e+02 6.2345001221e+02 6.2358599854e+02 6.2371697998e+02 6.2385601807e+02 6.2398400879e+02 6.2412200928e+02 6.2426202393e+02 6.2441601563e+02 6.2457202148e+02 6.2473602295e+02 6.2488098145e+02 6.2502099609e+02 6.2511297607e+02 6.2520501709e+02 6.2533599854e+02 6.2546002197e+02 6.2558599854e+02 6.2568402100e+02 6.2579998779e+02 6.2595898438e+02 6.2609997559e+02 6.2623400879e+02 6.2639202881e+02 6.2656500244e+02 6.2668402100e+02 6.2684698486e+02
6.2062402344e+02 6.2073901367e+02 6.2085400391e+02 6.2098699951e+02 6.2112500000e+02 6.2124401855e+02 6.2137402344e+02 6.2152001953e+02 6.2167199707e+02 6.2179199219e+02 6.2195599365e+02 6.2212902832e+02 6.2225799561e+02 6.2238500977e+02 6.2251098633e+02 6.2264202881e+02 6.2273602295e+02 6.2288098145e+02 6.2299597168e+02 6.2312799072e+02 6.2325201416e+02 6.2337200928e+02 6.2348400879e+02 6.2362200928e+02 6.2375500488e+02 6.2391601563e+02 6.2406500244e+02 6.2420800781e+02 6.2434399414e+02 6.2449401855e+02 6.2464202881e+02 6.2478601074e+02 6.2490502930e+02 6.2500897217e+02 6.2513500977e+02 6.2523699951e+02 6.2532702637e+02 6.2545599365e+02 6.2558801270e+02 6.2573797607e+02 6.2586199951e+02 6.2597802734e+02 6.2610302734e+02 6.2625897217e+02 6.2640197754e+02 6.2659100342e+02
6.2044201660e+02 6.2054302979e+02 6.2065502930e+02 6.2079699707e+02 6.2091900635e+02 6.2104901123e+02 6.2117602539e+02 6.2131097412e+02 6.2146002197e+02 6.2158099365e+02 6.2173699951e+02 6.2190100098e+02 6.2200299072e+02 6.2211401367e+02 6.2227899170e+02 6.2244201660e+02 6.2253900146e+02 6.2266198730e+02 6.2276702881e+02 6.2288897705e+02 6.2302001953e+02 6.2314697266e+02 6.2326501465e+02 6.2339599609e+02 6.2351898193e+02 6.2369500732e+02 6.2385400391e+02 6.2400000000e+02 6.2413897705e+02 6.2427099609e+02 6.2439697266e+02 6.2453198242e+02 6.2467999268e+02 6.2480401611e+02 6.2494299316e+02 6.2505700684e+02 6.2512701416e+02 6.2523199463e+02 6.2536297607e+02 6.2550897217e+02 6.2562097168e+02 6.2573101807e+02 6.2584197998e+02 6.2597802734e+02 6.2612097168e+02 6.2630499268e+02
