TESTSERVER/10/6.asc
NCOLS 100
NROWS 100
XLLCORNER 7.9997500000e+03
YLLCORNER 2.8965025000e+05
CELLSIZE 5.0000000000e-01
NODATA_VALUE -9.9990000000e+03
[rows 0 to 19 of 100, columns 0 to 45 of 100]
6.3687097168e+02 6.3687298584e+02 6.3687200928e+02 6.3688702393e+02 6.3689501953e+02 6.3689398193e+02 6.3689398193e+02 6.3687902832e+02 6.3687597656e+02 6.3688397217e+02 6.3687799072e+02 6.3689898682e+02 6.3698602295e+02 6.3715899658e+02 6.3732897949e+02 6.3744500732e+02 6.3751098633e+02 6.3758898926e+02 6.3773297119e+02 6.3788800049e+02 6.3804498291e+02 6.3819500732e+02 6.3833300781e+02 6.3846398926e+02 6.3860101318e+02 6.3875201416e+02 6.3889898682e+02 6.3906298828e+02 6.3923101807e+02 6.3939398193e+02 6.3956597900e+02 6.3975402832e+02 6.3990301514e+02 6.4005401611e+02 6.4027301025e+02 6.4044598389e+02 6.4060101318e+02 6.4076000977e+02 6.4091998291e+02 6.4111901855e+02 6.4129400635e+02 6.4147302246e+02 6.4163201904e+02 6.4172399902e+02 6.4186199951e+02 6.4199700928e+02
6.3685198975e+02 6.3685302734e+02 6.3686401367e+02 6.3689898682e+02 6.3691400146e+02 6.3689898682e+02 6.3687902832e+02 6.3686102295e+02 6.3685101318e+02 6.3685797119e+02 6.3685302734e+02 6.3685302734e+02 6.3688201904e+02 6.3699102783e+02 6.3714501953e+02 6.3726300049e+02 6.3737200928e+02 6.3748797607e+02 6.3762500000e+02 6.3776300049e+02 6.3790698242e+02 6.3804498291e+02 6.3816101074e+02 6.3829199219e+02 6.3845501709e+02 6.3861602783e+02 6.3875402832e+02 6.3890301514e+02 6.3906201172e+02 6.3922698975e+02 6.3940802002e+02 6.3958801270e+02 6.3973797607e+02 6.3988397217e+02 6.4011499023e+02 6.4029797363e+02 6.4045300293e+02 6.4062500000e+02 6.4078900146e+02 6.4098400879e+02 6.4115997314e+02 6.4132000732e+02 6.4146600342e+02 6.4158001709e+02 6.4172399902e+02 6.4186999512e+02
6.3682897949e+02 6.3684497070e+02 6.3686901855e+02 6.3689801025e+02 6.3690600586e+02 6.3689001465e+02 6.3686602783e+02 6.3685302734e+02 6.3684002686e+02 6.3684301758e+02 6.3685498047e+02 6.3685302734e+02 6.3684997559e+02 6.3690399170e+02 6.3700500488e+02 6.3712701416e+02 6.3724700928e+02 6.3736700439e+02 6.3749597168e+02 6.3762799072e+02 6.3777301025e+02 6.3790899658e+02 6.3802001953e+02 6.3814099121e+02 6.3830499268e+02 6.3846899414e+02 6.3861901855e+02 6.3878002930e+02 6.3892401123e+02 6.3907897949e+02 6.3925402832e+02 6.3942797852e+02 6.3959698486e+02 6.3975897217e+02 6.3999102783e+02 6.4017602539e+02 6.4032501221e+02 6.4049200439e+02 6.4065002441e+02 6.4082598877e+02 6.4099401855e+02 6.4115899658e+02 6.4131701660e+02 6.4142700195e+02 6.4155902100e+02 6.4171398926e+02
6.3678802490e+02 6.3681799316e+02 6.3686199951e+02 6.3687097168e+02 6.3687500000e+02 6.3686700439e+02 6.3685198975e+02 6.3685101318e+02 6.3684497070e+02 6.3684399414e+02 6.3685302734e+02 6.3685699463e+02 6.3684600830e+02 6.3685797119e+02 6.3690802002e+02 6.3702301025e+02 6.3714398193e+02 6.3726098633e+02 6.3737097168e+02 6.3748498535e+02 6.3763897705e+02 6.3778698730e+02 6.3790100098e+02 6.3801898193e+02 6.3817102051e+02 6.3832299805e+02 6.3847399902e+02 6.3865197754e+02 6.3880401611e+02 6.3895202637e+02 6.3911499023e+02 6.3928698730e+02 6.3945697021e+02 6.3962799072e+02 6.3985900879e+02 6.4005603027e+02 6.4019097900e+02 6.4032897949e+02 6.4047998047e+02 6.4065899658e+02 6.4081896973e+02 6.4099298096e+02 6.4117700195e+02 6.4128198242e+02 6.4139801025e+02 6.4155200195e+02
6.3678802490e+02 6.3679602051e+02 6.3684100342e+02 6.3683697510e+02 6.3684497070e+02 6.3685101318e+02 6.3684399414e+02 6.3684399414e+02 6.3684899902e+02 6.3684600830e+02 6.3682299805e+02 6.3683801270e+02 6.3683898926e+02 6.3683001709e+02 6.3683599854e+02 6.3692199707e+02 6.3704998779e+02 6.3716900635e+02 6.3727099609e+02 6.3737597656e+02 6.3752099609e+02 6.3766198730e+02 6.3777398682e+02 6.3790899658e+02 6.3806597900e+02 6.3821002197e+02 6.3834497070e+02 6.3853497314e+02 6.3872198486e+02 6.3886199951e+02 6.3897497559e+02 6.3915399170e+02 6.3932397461e+02 6.3949102783e+02 6.3970300293e+02 6.3990301514e+02 6.4004602051e+02 6.4016998291e+02 6.4031896973e+02 6.4051599121e+02 6.4067498779e+02 6.4083697510e+02 6.4101000977e+02 6.4113299561e+02 6.4126000977e+02 6.4141198730e+02
6.3676501465e+02 6.3678100586e+02 6.3679699707e+02 6.3682299805e+02 6.3683801270e+02 6.3684497070e+02 6.3684497070e+02 6.3684600830e+02 6.3686199951e+02 6.3686499023e+02 6.3682501221e+02 6.3681402588e+02 6.3683599854e+02 6.3682702637e+02 6.3678802490e+02 6.3682202148e+02 6.3694097900e+02 6.3706500244e+02 6.3715899658e+02 6.3727899170e+02 6.3743597412e+02 6.3756597900e+02 6.3766802979e+02 6.3780102539e+02 6.3794897461e+02 6.3809002686e+02 6.3822302246e+02 6.3841101074e+02 6.3864398193e+02 6.3881298828e+02 6.3887200928e+02 6.3900701904e+02 6.3918200684e+02 6.3934997559e+02 6.3954699707e+02 6.3971600342e+02 6.3985101318e+02 6.4000000000e+02 6.4017498779e+02 6.4037597656e+02 6.4055102539e+02 6.4070599365e+02 6.4086297607e+02 6.4097900391e+02 6.4111700439e+02 6.4126202393e+02
6.3669396973e+02 6.3676300049e+02 6.3676000977e+02 6.3680499268e+02 6.3683197021e+02 6.3684197998e+02 6.3684698486e+02 6.3685900879e+02 6.3687902832e+02 6.3689001465e+02 6.3686297607e+02 6.3685101318e+02 6.3686297607e+02 6.3683001709e+02 6.3675402832e+02 6.3672698975e+02 6.3681097412e+02 6.3692498779e+02 6.3703497314e+02 6.3718402100e+02 6.3736297607e+02 6.3748602295e+02 6.3756500244e+02 6.3769396973e+02 6.3782897949e+02 6.3795599365e+02 6.3809197998e+02 6.3826599121e+02 6.3847802734e+02 6.3865399170e+02 6.3874102783e+02 6.3887097168e+02 6.3904302979e+02 6.3921002197e+02 6.3939300537e+02 6.3953497314e+02 6.3966497803e+02 6.3984497070e+02 6.4003698730e+02 6.4021697998e+02 6.4040100098e+02 6.4056799316e+02 6.4072698975e+02 6.4083398438e+02 6.4097497559e+02 6.4111602783e+02
6.3651000977e+02 6.3665197754e+02 6.3669598389e+02 6.3676898193e+02 6.3680999756e+02 6.3682501221e+02 6.3683599854e+02 6.3686297607e+02 6.3687597656e+02 6.3688397217e+02 6.3689001465e+02 6.3689398193e+02 6.3687097168e+02 6.3679998779e+02 6.3671301270e+02 6.3665002441e+02 6.3670599365e+02 6.3680902100e+02 6.3692199707e+02 6.3708300781e+02 6.3726098633e+02 6.3737799072e+02 6.3745599365e+02 6.3758898926e+02 6.3771801758e+02 6.3783398438e+02 6.3796899414e+02 6.3813098145e+02 6.3830401611e+02 6.3847198486e+02 6.3861199951e+02 6.3875201416e+02 6.3890899658e+02 6.3906298828e+02 6.3923999023e+02 6.3938800049e+02 6.3952197266e+02 6.3970098877e+02 6.3988897705e+02 6.4004498291e+02 6.4021697998e+02 6.4039202881e+02 6.4055200195e+02 6.4066802979e+02 6.4081402588e+02 6.4095800781e+02
6.3623199463e+02 6.3647900391e+02 6.3664099121e+02 6.3672497559e+02 6.3676702881e+02 6.3678100586e+02 6.3681500244e+02 6.3686199951e+02 6.3686602783e+02 6.3685797119e+02 6.3687402344e+02 6.3688897705e+02 6.3681799316e+02 6.3671197510e+02 6.3660797119e+02 6.3656402588e+02 6.3661798096e+02 6.3671899414e+02 6.3681500244e+02 6.3695098877e+02 6.3711199951e+02 6.3723901367e+02 6.3734002686e+02 6.3746997070e+02 6.3760101318e+02 6.3771801758e+02 6.3785998535e+02 6.3802197266e+02 6.3818499756e+02 6.3834600830e+02 6.3850000000e+02 6.3865100098e+02 6.3880603027e+02 6.3894897461e+02 6.3910198975e+02 6.3924902344e+02 6.3937597656e+02 6.3953497314e+02 6.3970599365e+02 6.3987402344e+02 6.4004302979e+02 6.4021002197e+02 6.4036199951e+02 6.4051300049e+02 6.4066998291e+02 6.4080700684e+02
6.3602899170e+02 6.3634802246e+02 6.3660699463e+02 6.3674597168e+02 6.3677899170e+02 6.3676800537e+02 6.3678900146e+02 6.3684399414e+02 6.3683801270e+02 6.3681500244e+02 6.3680603027e+02 6.3675299072e+02 6.3668103027e+02 6.3661700439e+02 6.3652899170e+02 6.3646600342e+02 6.3652099609e+02 6.3664001465e+02 6.3673999023e+02 6.3683300781e+02 6.3697698975e+02 6.3712097168e+02 6.3722802734e+02 6.3736102295e+02 6.3749102783e+02 6.3760797119e+02 6.3774700928e+02 6.3790100098e+02 6.3805902100e+02 6.3821099854e+02 6.3836999512e+02 6.3850701904e+02 6.3868902588e+02 6.3883898926e+02 6.3896197510e+02 6.3911297607e+02 6.3925598145e+02 6.3940502930e+02 6.3954400635e+02 6.3971801758e+02 6.3989398193e+02 6.4005499268e+02 6.4019396973e+02 6.4035302734e+02 6.4052600098e+02 6.4067602539e+02
6.3582000732e+02 6.3615197754e+02 6.3647198486e+02 6.3666400146e+02 6.3673602295e+02 6.3673999023e+02 6.3675097656e+02 6.3677899170e+02 6.3674798584e+02 6.3671002197e+02 6.3668798828e+02 6.3661602783e+02 6.3659899902e+02 6.3659197998e+02 6.3646502686e+02 6.3636199951e+02 6.3641699219e+02 6.3655200195e+02 6.3666998291e+02 6.3674102783e+02 6.3685302734e+02 6.3698297119e+02 6.3710998535e+02 6.3725500488e+02 6.3737298584e+02 6.3748498535e+02 6.3761901855e+02 6.3777801514e+02 6.3794201660e+02 6.3809899902e+02 6.3825701904e+02 6.3838897705e+02 6.3855499268e+02 6.3869598389e+02 6.3882598877e+02 6.3899200439e+02 6.3913500977e+02 6.3928198242e+02 6.3943499756e+02 6.3958099365e+02 6.3973797607e+02 6.3989300537e+02 6.4002697754e+02 6.4017102051e+02 6.4034497070e+02 6.4050402832e+02
6.3554901123e+02 6.3585302734e+02 6.3619799805e+02 6.3646600342e+02 6.3661102295e+02 6.3666101074e+02 6.3667498779e+02 6.3667297363e+02 6.3663000488e+02 6.3659899902e+02 6.3659100342e+02 6.3655102539e+02 6.3657000732e+02 6.3654901123e+02 6.3634399414e+02 6.3623400879e+02 6.3630102539e+02 6.3645599365e+02 6.3660797119e+02 6.3669097900e+02 6.3677398682e+02 6.3687597656e+02 6.3699401855e+02 6.3712500000e+02 6.3725000000e+02 6.3736999512e+02 6.3749298096e+02 6.3764300537e+02 6.3781402588e+02 6.3798199463e+02 6.3815002441e+02 6.3830297852e+02 6.3844201660e+02 6.3856201172e+02 6.3870202637e+02 6.3886901855e+02 6.3900201416e+02 6.3913897705e+02 6.3930200195e+02 6.3943902588e+02 6.3957800293e+02 6.3972698975e+02 6.3987799072e+02 6.4000897217e+02 6.4016497803e+02 6.4032800293e+02
6.3525701904e+02 6.3551599121e+02 6.3582897949e+02 6.3618902588e+02 6.3642602539e+02 6.3653900146e+02 6.3656402588e+02 6.3654101563e+02 6.3652001953e+02 6.3653399658e+02 6.3657000732e+02 6.3653100586e+02 6.3650201416e+02 6.3638299561e+02 6.3613098145e+02 6.3609600830e+02 6.3618701172e+02 6.3636199951e+02 6.3656201172e+02 6.3664801025e+02 6.3671801758e+02 6.3680297852e+02 6.3691699219e+02 6.3701702881e+02 6.3713897705e+02 6.3727697754e+02 6.3740698242e+02 6.3755200195e+02 6.3771099854e+02 6.3786901855e+02 6.3803698730e+02 6.3820202637e+02 6.3833898926e+02 6.3846398926e+02 6.3861297607e+02 6.3875598145e+02 6.3887500000e+02 6.3899798584e+02 6.3915399170e+02 6.3934197998e+02 6.3947198486e+02 6.3958197021e+02 6.3973699951e+02 6.3987200928e+02 6.4001397705e+02 6.4017102051e+02
6.3497399902e+02 6.3520898438e+02 6.3557299805e+02 6.3599700928e+02 6.3631097412e+02 6.3648400879e+02 6.3649499512e+02 6.3645599365e+02 6.3647998047e+02 6.3654699707e+02 6.3659197998e+02 6.3650897217e+02 6.3636499023e+02 6.3615197754e+02 6.3594897461e+02 6.3599499512e+02 6.3611700439e+02 6.3629302979e+02 6.3646502686e+02 6.3655603027e+02 6.3662902832e+02 6.3672100830e+02 6.3684600830e+02 6.3694500732e+02 6.3703997803e+02 6.3716998291e+02 6.3730297852e+02 6.3745599365e+02 6.3761401367e+02 6.3776202393e+02 6.3791198730e+02 6.3807098389e+02 6.3823797607e+02 6.3838098145e+02 6.3852398682e+02 6.3866699219e+02 6.3878698730e+02 6.3890502930e+02 6.3905401611e+02 6.3925000000e+02 6.3938500977e+02 6.3947497559e+02 6.3959600830e+02 6.3972601318e+02 6.3986798096e+02 6.4002001953e+02
6.3474798584e+02 6.3497601318e+02 6.3534301758e+02 6.3580700684e+02 6.3618798828e+02 6.3643200684e+02 6.3648602295e+02 6.3645898438e+02 6.3650201416e+02 6.3657299805e+02 6.3661401367e+02 6.3648400879e+02 6.3623901367e+02 6.3597698975e+02 6.3583697510e+02 6.3592797852e+02 6.3606500244e+02 6.3622698975e+02 6.3636297607e+02 6.3645397949e+02 6.3653900146e+02 6.3663800049e+02 6.3676300049e+02 6.3688397217e+02 6.3698101807e+02 6.3708502197e+02 6.3720599365e+02 6.3735101318e+02 6.3749700928e+02 6.3764501953e+02 6.3779101563e+02 6.3795300293e+02 6.3813299561e+02 6.3828497314e+02 6.3842700195e+02 6.3856402588e+02 6.3869201660e+02 6.3880798340e+02 6.3894000244e+02 6.3909100342e+02 6.3922698975e+02 6.3934100342e+02 6.3946099854e+02 6.3957299805e+02 6.3971697998e+02 6.3987902832e+02
6.3459100342e+02 6.3480200195e+02 6.3511602783e+02 6.3557501221e+02 6.3601202393e+02 6.3634002686e+02 6.3648699951e+02 6.3650500488e+02 6.3655603027e+02 6.3660601807e+02 6.3661901855e+02 6.3640997314e+02 6.3608599854e+02 6.3582897949e+02 6.3576501465e+02 6.3585601807e+02 6.3598797607e+02 6.3613299561e+02 6.3625000000e+02 6.3634899902e+02 6.3645001221e+02 6.3655999756e+02 6.3668298340e+02 6.3682299805e+02 6.3694299316e+02 6.3704400635e+02 6.3714697266e+02 6.3725402832e+02 6.3738000488e+02 6.3752697754e+02 6.3767297363e+02 6.3783502197e+02 6.3800598145e+02 6.3815997314e+02 6.3830700684e+02 6.3843402100e+02 6.3856701660e+02 6.3869799805e+02 6.3883599854e+02 6.3895098877e+02 6.3907702637e+02 6.3920800781e+02 6.3933801270e+02 6.3945001221e+02 6.3958599854e+02 6.3974298096e+02
6.3446398926e+02 6.3465502930e+02 6.3491198730e+02 6.3524902344e+02 6.3570599365e+02 6.3614501953e+02 6.3647900391e+02 6.3652697754e+02 6.3659100342e+02 6.3662200928e+02 6.3662799072e+02 6.3626202393e+02 6.3590899658e+02 6.3570898438e+02 6.3569396973e+02 6.3574102783e+02 6.3585998535e+02 6.3599200439e+02 6.3612500000e+02 6.3624902344e+02 6.3636401367e+02 6.3648498535e+02 6.3662200928e+02 6.3674798584e+02 6.3687402344e+02 6.3701098633e+02 6.3713800049e+02 6.3719702148e+02 6.3729797363e+02 6.3743298340e+02 6.3757098389e+02 6.3772302246e+02 6.3787402344e+02 6.3802099609e+02 6.3815997314e+02 6.3830902100e+02 6.3842999268e+02 6.3856701660e+02 6.3874499512e+02 6.3886102295e+02 6.3897100830e+02 6.3908697510e+02 6.3920898438e+02 6.3934698486e+02 6.3946997070e+02 6.3960198975e+02
6.3430200195e+02 6.3447601318e+02 6.3462701416e+02 6.3485998535e+02 6.3527600098e+02 6.3575897217e+02 6.3618902588e+02 6.3640301514e+02 6.3647198486e+02 6.3643103027e+02 6.3632299805e+02 6.3600897217e+02 6.3578601074e+02 6.3569500732e+02 6.3563702393e+02 6.3566699219e+02 6.3577600098e+02 6.3586102295e+02 6.3597802734e+02 6.3613201904e+02 6.3626202393e+02 6.3638500977e+02 6.3652801514e+02 6.3665197754e+02 6.3676702881e+02 6.3692199707e+02 6.3706201172e+02 6.3716198730e+02 6.3726702881e+02 6.3738598633e+02 6.3749798584e+02 6.3763000488e+02 6.3777099609e+02 6.3790002441e+02 6.3804602051e+02 6.3819799805e+02 6.3832000732e+02 6.3845599365e+02 6.3861798096e+02 6.3875402832e+02 6.3888000488e+02 6.3899401855e+02 6.3910601807e+02 6.3922698975e+02 6.3935101318e+02 6.3948199463e+02
6.3412402344e+02 6.3427197266e+02 6.3435302734e+02 6.3449102783e+02 6.3481402588e+02 6.3523699951e+02 6.3569598389e+02 6.3603198242e+02 6.3613299561e+02 6.3606201172e+02 6.3589801025e+02 6.3573101807e+02 6.3565197754e+02 6.3561102295e+02 6.3551800537e+02 6.3557897949e+02 6.3568798828e+02 6.3574902344e+02 6.3583898926e+02 6.3598602295e+02 6.3612402344e+02 6.3625000000e+02 6.3639300537e+02 6.3652301025e+02 6.3663397217e+02 6.3677600098e+02 6.3692797852e+02 6.3707202148e+02 6.3720501709e+02 6.3734197998e+02 6.3744097900e+02 6.3755401611e+02 6.3769000244e+02 6.3780603027e+02 6.3793701172e+02 6.3807202148e+02 6.3820800781e+02 6.3835900879e+02 6.3850701904e+02 6.3864501953e+02 6.3878002930e+02 6.3889697266e+02 6.3899798584e+02 6.3910498047e+02 6.3923901367e+02 6.3937298584e+02
6.3394702148e+02 6.3408398438e+02 6.3413598633e+02 6.3420300293e+02 6.3440197754e+02 6.3470202637e+02 6.3507397461e+02 6.3542999268e+02 6.3558099365e+02 6.3554101563e+02 6.3538098145e+02 6.3533398438e+02 6.3536499023e+02 6.3537701416e+02 6.3533099365e+02 6.3540502930e+02 6.3550402832e+02 6.3558398438e+02 6.3569500732e+02 6.3583801270e+02 6.3598101807e+02 6.3610601807e+02 6.3623901367e+02 6.3639599609e+02 6.3651898193e+02 6.3663000488e+02 6.3676300049e+02 6.3691802979e+02 6.3707299805e+02 6.3723901367e+02 6.3736297607e+02 6.3748199463e+02 6.3760302734e+02 6.3771301270e+02 6.3784197998e+02 6.3795898438e+02 6.3809301758e+02 6.3824298096e+02 6.3839398193e+02 6.3853698730e+02 6.3866802979e+02 6.3879101563e+02 6.3890698242e+02 6.3901202393e+02 6.3913500977e+02 6.3925799561e+02
