TESTSERVER/10/7.asc
NCOLS 100
NROWS 100
XLLCORNER 7.9997500000e+03
YLLCORNER 2.8960025000e+05
CELLSIZE 5.0000000000e-01
NODATA_VALUE -9.9990000000e+03
[rows 0 to 19 of 100, columns 46 to 91 of 100]
6.2025299072e+02 6.2037701416e+02 6.2048498535e+02 6.2060797119e+02 6.2071600342e+02 6.2085699463e+02 6.2098797607e+02 6.2111499023e+02 6.2127600098e+02 6.2137597656e+02 6.2152502441e+02 6.2167199707e+02 6.2178302002e+02 6.2190600586e+02 6.2206201172e+02 6.2220300293e+02 6.2230700684e+02 6.2241900635e+02 6.2252398682e+02 6.2263897705e+02 6.2275799561e+02 6.2290197754e+02 6.2303802490e+02 6.2317297363e+02 6.2329101563e+02 6.2345397949e+02 6.2361297607e+02 6.2376501465e+02 6.2391497803e+02 6.2406298828e+02 6.2420599365e+02 6.2433300781e+02 6.2445300293e+02 6.2456799316e+02 6.2470800781e+02 6.2484997559e+02 6.2495697021e+02 6.2504101563e+02 6.2513800049e+02 6.2526000977e+02 6.2536602783e+02 6.2550799561e+02 6.2563598633e+02 6.2575299072e+02 6.2587799072e+02 6.2603198242e+02
6.2010302734e+02 6.2020501709e+02 6.2030200195e+02 6.2041101074e+02 6.2053497314e+02 6.2066497803e+02 6.2079498291e+02 6.2093402100e+02 6.2108197021e+02 6.2117700195e+02 6.2132598877e+02 6.2146398926e+02 6.2158599854e+02 6.2170300293e+02 6.2183599854e+02 6.2195397949e+02 6.2204998779e+02 6.2218499756e+02 6.2229602051e+02 6.2240802002e+02 6.2253601074e+02 6.2266601563e+02 6.2280798340e+02 6.2294598389e+02 6.2305499268e+02 6.2320501709e+02 6.2335797119e+02 6.2351300049e+02 6.2366400146e+02 6.2382000732e+02 6.2396197510e+02 6.2408197021e+02 6.2419201660e+02 6.2432501221e+02 6.2445300293e+02 6.2458197021e+02 6.2472100830e+02 6.2486901855e+02 6.2497399902e+02 6.2508398438e+02 6.2517797852e+02 6.2529797363e+02 6.2540399170e+02 6.2551300049e+02 6.2563397217e+02 6.2577502441e+02
6.1993597412e+02 6.2002600098e+02 6.2011999512e+02 6.2022900391e+02 6.2036401367e+02 6.2047998047e+02 6.2060900879e+02 6.2074298096e+02 6.2086602783e+02 6.2097497559e+02 6.2112200928e+02 6.2125299072e+02 6.2137097168e+02 6.2149499512e+02 6.2162500000e+02 6.2174298096e+02 6.2182501221e+02 6.2195501709e+02 6.2207800293e+02 6.2219097900e+02 6.2232098389e+02 6.2245501709e+02 6.2258099365e+02 6.2271398926e+02 6.2283697510e+02 6.2297998047e+02 6.2311297607e+02 6.2325500488e+02 6.2341101074e+02 6.2358300781e+02 6.2374298096e+02 6.2387298584e+02 6.2398199463e+02 6.2411401367e+02 6.2424597168e+02 6.2436499023e+02 6.2448400879e+02 6.2464801025e+02 6.2477801514e+02 6.2490802002e+02 6.2500201416e+02 6.2508502197e+02 6.2516497803e+02 6.2526300049e+02 6.2537799072e+02 6.2551202393e+02
6.1975701904e+02 6.1984600830e+02 6.1994702148e+02 6.2005798340e+02 6.2018103027e+02 6.2029498291e+02 6.2043298340e+02 6.2056701660e+02 6.2067102051e+02 6.2078399658e+02 6.2091998291e+02 6.2104602051e+02 6.2116601563e+02 6.2128997803e+02 6.2141302490e+02 6.2151800537e+02 6.2160797119e+02 6.2174200439e+02 6.2186199951e+02 6.2197698975e+02 6.2210400391e+02 6.2225000000e+02 6.2235302734e+02 6.2248199463e+02 6.2262097168e+02 6.2275701904e+02 6.2288201904e+02 6.2302600098e+02 6.2317602539e+02 6.2334802246e+02 6.2351098633e+02 6.2365899658e+02 6.2378302002e+02 6.2391101074e+02 6.2404998779e+02 6.2417999268e+02 6.2428399658e+02 6.2441400146e+02 6.2453198242e+02 6.2468402100e+02 6.2480297852e+02 6.2488299561e+02 6.2496899414e+02 6.2507098389e+02 6.2516998291e+02 6.2529699707e+02
6.1960498047e+02 6.1970300293e+02 6.1980102539e+02 6.1990002441e+02 6.1999902344e+02 6.2014398193e+02 6.2027099609e+02 6.2039099121e+02 6.2050097656e+02 6.2059399414e+02 6.2070098877e+02 6.2084100342e+02 6.2100402832e+02 6.2110699463e+02 6.2121801758e+02 6.2130700684e+02 6.2139099121e+02 6.2151800537e+02 6.2162298584e+02 6.2173901367e+02 6.2188098145e+02 6.2202099609e+02 6.2213598633e+02 6.2228100586e+02 6.2239001465e+02 6.2250799561e+02 6.2263897705e+02 6.2280102539e+02 6.2297100830e+02 6.2311199951e+02 6.2326800537e+02 6.2341601563e+02 6.2354400635e+02 6.2368597412e+02 6.2382702637e+02 6.2397302246e+02 6.2410198975e+02 6.2418798828e+02 6.2428601074e+02 6.2441101074e+02 6.2452001953e+02 6.2463897705e+02 6.2475799561e+02 6.2489398193e+02 6.2502801514e+02 6.2509301758e+02
6.1944897461e+02 6.1955401611e+02 6.1964599609e+02 6.1975299072e+02 6.1985400391e+02 6.1998498535e+02 6.2009197998e+02 6.2019097900e+02 6.2030603027e+02 6.2041601563e+02 6.2051300049e+02 6.2064202881e+02 6.2078497314e+02 6.2090502930e+02 6.2102600098e+02 6.2110900879e+02 6.2120001221e+02 6.2130999756e+02 6.2139697266e+02 6.2149902344e+02 6.2165301514e+02 6.2178601074e+02 6.2190600586e+02 6.2205499268e+02 6.2217498779e+02 6.2230297852e+02 6.2244201660e+02 6.2258398438e+02 6.2272100830e+02 6.2287597656e+02 6.2304699707e+02 6.2318798828e+02 6.2330200195e+02 6.2344201660e+02 6.2357702637e+02 6.2371997070e+02 6.2384698486e+02 6.2396997070e+02 6.2409600830e+02 6.2420800781e+02 6.2428399658e+02 6.2439398193e+02 6.2449102783e+02 6.2462298584e+02 6.2478497314e+02 6.2486999512e+02
6.1929199219e+02 6.1939099121e+02 6.1948297119e+02 6.1958300781e+02 6.1968499756e+02 6.1979797363e+02 6.1991802979e+02 6.2002099609e+02 6.2012402344e+02 6.2024298096e+02 6.2034899902e+02 6.2046801758e+02 6.2058898926e+02 6.2070397949e+02 6.2081799316e+02 6.2090802002e+02 6.2101000977e+02 6.2110998535e+02 6.2119299316e+02 6.2129302979e+02 6.2144299316e+02 6.2155798340e+02 6.2166998291e+02 6.2181500244e+02 6.2195397949e+02 6.2209301758e+02 6.2224102783e+02 6.2237200928e+02 6.2248602295e+02 6.2263299561e+02 6.2278900146e+02 6.2293200684e+02 6.2306097412e+02 6.2320001221e+02 6.2333801270e+02 6.2348602295e+02 6.2359497070e+02 6.2371398926e+02 6.2384802246e+02 6.2397698975e+02 6.2406097412e+02 6.2418701172e+02 6.2425402832e+02 6.2433502197e+02 6.2447601318e+02 6.2461401367e+02
6.1912597656e+02 6.1924200439e+02 6.1933898926e+02 6.1943499756e+02 6.1953100586e+02 6.1961901855e+02 6.1974499512e+02 6.1985101318e+02 6.1993499756e+02 6.2003900146e+02 6.2015301514e+02 6.2028002930e+02 6.2040197754e+02 6.2051300049e+02 6.2062298584e+02 6.2072399902e+02 6.2081298828e+02 6.2091302490e+02 6.2100897217e+02 6.2111499023e+02 6.2125402832e+02 6.2136602783e+02 6.2147698975e+02 6.2160498047e+02 6.2174798584e+02 6.2188800049e+02 6.2202801514e+02 6.2215698242e+02 6.2227301025e+02 6.2240698242e+02 6.2254199219e+02 6.2268103027e+02 6.2282800293e+02 6.2295300293e+02 6.2308398438e+02 6.2323999023e+02 6.2335900879e+02 6.2346301270e+02 6.2358197021e+02 6.2372100830e+02 6.2381799316e+02 6.2395300293e+02 6.2402697754e+02 6.2409497070e+02 6.2420898438e+02 6.2436401367e+02
6.1899200439e+02 6.1910101318e+02 6.1919500732e+02 6.1928997803e+02 6.1939898682e+02 6.1947998047e+02 6.1957501221e+02 6.1967297363e+02 6.1977001953e+02 6.1985699463e+02 6.1995397949e+02 6.2007800293e+02 6.2020800781e+02 6.2030102539e+02 6.2042401123e+02 6.2054998779e+02 6.2063800049e+02 6.2073297119e+02 6.2084002686e+02 6.2094299316e+02 6.2103698730e+02 6.2118701172e+02 6.2131097412e+02 6.2141699219e+02 6.2155499268e+02 6.2168902588e+02 6.2182897949e+02 6.2195501709e+02 6.2205999756e+02 6.2219500732e+02 6.2232098389e+02 6.2244201660e+02 6.2257501221e+02 6.2270001221e+02 6.2282000732e+02 6.2297302246e+02 6.2311102295e+02 6.2321801758e+02 6.2332897949e+02 6.2346899414e+02 6.2358001709e+02 6.2369396973e+02 6.2378698730e+02 6.2388800049e+02 6.2402600098e+02 6.2413897705e+02
6.1882501221e+02 6.1892602539e+02 6.1902502441e+02 6.1913000488e+02 6.1924798584e+02 6.1932598877e+02 6.1939898682e+02 6.1949597168e+02 6.1960498047e+02 6.1970202637e+02 6.1980401611e+02 6.1991601563e+02 6.2002697754e+02 6.2011700439e+02 6.2022601318e+02 6.2033801270e+02 6.2045202637e+02 6.2056402588e+02 6.2066699219e+02 6.2077899170e+02 6.2086700439e+02 6.2099401855e+02 6.2112701416e+02 6.2123602295e+02 6.2136199951e+02 6.2150201416e+02 6.2163201904e+02 6.2175201416e+02 6.2185797119e+02 6.2198400879e+02 6.2210998535e+02 6.2223999023e+02 6.2237500000e+02 6.2250201416e+02 6.2261602783e+02 6.2273999023e+02 6.2287799072e+02 6.2299499512e+02 6.2310198975e+02 6.2324597168e+02 6.2335797119e+02 6.2345800781e+02 6.2355297852e+02 6.2365698242e+02 6.2380700684e+02 6.2392999268e+02
6.1866900635e+02 6.1876501465e+02 6.1886199951e+02 6.1898699951e+02 6.1909600830e+02 6.1917700195e+02 6.1924902344e+02 6.1934002686e+02 6.1942602539e+02 6.1952099609e+02 6.1963098145e+02 6.1973498535e+02 6.1984399414e+02 6.1993499756e+02 6.2003900146e+02 6.2015002441e+02 6.2027398682e+02 6.2038000488e+02 6.2048297119e+02 6.2059301758e+02 6.2069201660e+02 6.2081896973e+02 6.2096002197e+02 6.2107800293e+02 6.2119396973e+02 6.2132299805e+02 6.2143597412e+02 6.2156298828e+02 6.2168298340e+02 6.2180999756e+02 6.2194000244e+02 6.2205999756e+02 6.2218298340e+02 6.2232299805e+02 6.2243298340e+02 6.2254101563e+02 6.2267401123e+02 6.2278997803e+02 6.2287902832e+02 6.2301000977e+02 6.2312902832e+02 6.2322100830e+02 6.2332897949e+02 6.2344201660e+02 6.2356896973e+02 6.2369097900e+02
6.1852301025e+02 6.1860101318e+02 6.1869897461e+02 6.1883898926e+02 6.1892297363e+02 6.1899298096e+02 6.1908697510e+02 6.1919201660e+02 6.1927001953e+02 6.1936700439e+02 6.1946002197e+02 6.1955798340e+02 6.1967102051e+02 6.1975897217e+02 6.1985900879e+02 6.1997198486e+02 6.2008300781e+02 6.2018701172e+02 6.2031097412e+02 6.2042199707e+02 6.2051800537e+02 6.2062902832e+02 6.2077697754e+02 6.2091400146e+02 6.2103302002e+02 6.2114501953e+02 6.2126098633e+02 6.2139501953e+02 6.2150799561e+02 6.2164202881e+02 6.2177001953e+02 6.2187298584e+02 6.2198199463e+02 6.2211297607e+02 6.2222900391e+02 6.2233599854e+02 6.2245300293e+02 6.2257202148e+02 6.2266699219e+02 6.2279400635e+02 6.2291302490e+02 6.2300598145e+02 6.2312298584e+02 6.2325201416e+02 6.2335900879e+02 6.2347497559e+02
6.1837402344e+02 6.1846002197e+02 6.1855499268e+02 6.1866400146e+02 6.1874499512e+02 6.1880401611e+02 6.1890301514e+02 6.1902001953e+02 6.1910198975e+02 6.1921197510e+02 6.1929400635e+02 6.1938000488e+02 6.1949798584e+02 6.1960400391e+02 6.1968798828e+02 6.1978802490e+02 6.1991497803e+02 6.2001898193e+02 6.2014898682e+02 6.2025598145e+02 6.2036700439e+02 6.2047100830e+02 6.2059002686e+02 6.2072302246e+02 6.2084698486e+02 6.2096697998e+02 6.2109497070e+02 6.2121502686e+02 6.2131896973e+02 6.2145599365e+02 6.2156701660e+02 6.2165899658e+02 6.2177301025e+02 6.2190899658e+02 6.2203002930e+02 6.2213500977e+02 6.2223199463e+02 6.2236401367e+02 6.2247802734e+02 6.2259899902e+02 6.2270599365e+02 6.2280798340e+02 6.2290502930e+02 6.2303802490e+02 6.2316998291e+02 6.2328997803e+02
6.1823400879e+02 6.1829302979e+02 6.1839801025e+02 6.1848602295e+02 6.1853497314e+02 6.1861999512e+02 6.1870898438e+02 6.1880102539e+02 6.1890600586e+02 6.1901702881e+02 6.1910998535e+02 6.1919500732e+02 6.1929498291e+02 6.1940997314e+02 6.1949798584e+02 6.1959997559e+02 6.1973699951e+02 6.1984497070e+02 6.1998400879e+02 6.2010400391e+02 6.2020300293e+02 6.2030999756e+02 6.2043499756e+02 6.2056402588e+02 6.2068200684e+02 6.2079602051e+02 6.2090899658e+02 6.2102398682e+02 6.2114099121e+02 6.2127001953e+02 6.2139697266e+02 6.2151397705e+02 6.2161199951e+02 6.2172900391e+02 6.2184997559e+02 6.2196099854e+02 6.2205798340e+02 6.2219097900e+02 6.2229602051e+02 6.2240301514e+02 6.2251397705e+02 6.2264898682e+02 6.2273297119e+02 6.2284100342e+02 6.2296502686e+02 6.2309002686e+02
6.1808197021e+02 6.1812200928e+02 6.1821997070e+02 6.1830102539e+02 6.1834497070e+02 6.1844396973e+02 6.1852801514e+02 6.1861401367e+02 6.1871398926e+02 6.1880999756e+02 6.1890100098e+02 6.1900701904e+02 6.1910699463e+02 6.1923297119e+02 6.1933697510e+02 6.1944799805e+02 6.1957598877e+02 6.1967401123e+02 6.1981799316e+02 6.1995501709e+02 6.2004901123e+02 6.2014501953e+02 6.2027600098e+02 6.2040100098e+02 6.2051397705e+02 6.2063201904e+02 6.2074401855e+02 6.2085797119e+02 6.2097900391e+02 6.2109497070e+02 6.2120800781e+02 6.2134802246e+02 6.2146398926e+02 6.2156597900e+02 6.2168597412e+02 6.2180902100e+02 6.2190301514e+02 6.2200500488e+02 6.2211297607e+02 6.2222998047e+02 6.2234002686e+02 6.2248297119e+02 6.2258898926e+02 6.2270001221e+02 6.2280798340e+02 6.2292199707e+02
6.1791802979e+02 6.1798797607e+02 6.1806097412e+02 6.1811999512e+02 6.1817602539e+02 6.1826800537e+02 6.1835101318e+02 6.1843402100e+02 6.1851202393e+02 6.1861102295e+02 6.1869702148e+02 6.1880499268e+02 6.1890802002e+02 6.1902899170e+02 6.1914599609e+02 6.1927001953e+02 6.1939801025e+02 6.1949798584e+02 6.1964398193e+02 6.1978100586e+02 6.1988397217e+02 6.1997698975e+02 6.2011102295e+02 6.2023901367e+02 6.2035699463e+02 6.2047198486e+02 6.2058398438e+02 6.2069702148e+02 6.2081097412e+02 6.2092297363e+02 6.2102600098e+02 6.2116400146e+02 6.2130200195e+02 6.2140301514e+02 6.2151898193e+02 6.2164001465e+02 6.2173699951e+02 6.2183099365e+02 6.2194500732e+02 6.2207800293e+02 6.2218499756e+02 6.2230798340e+02 6.2243200684e+02 6.2254998779e+02 6.2266101074e+02 6.2277099609e+02
6.1775500488e+02 6.1782299805e+02 6.1786700439e+02 6.1793200684e+02 6.1799798584e+02 6.1807501221e+02 6.1817901611e+02 6.1825500488e+02 6.1830902100e+02 6.1842102051e+02 6.1851397705e+02 6.1861102295e+02 6.1870300293e+02 6.1881701660e+02 6.1892999268e+02 6.1905200195e+02 6.1919598389e+02 6.1931500244e+02 6.1946398926e+02 6.1959399414e+02 6.1971197510e+02 6.1981799316e+02 6.1995098877e+02 6.2007702637e+02 6.2019897461e+02 6.2030999756e+02 6.2041802979e+02 6.2053002930e+02 6.2063098145e+02 6.2074902344e+02 6.2088201904e+02 6.2100201416e+02 6.2111602783e+02 6.2123101807e+02 6.2134301758e+02 6.2144598389e+02 6.2155798340e+02 6.2167297363e+02 6.2178100586e+02 6.2191497803e+02 6.2203100586e+02 6.2212799072e+02 6.2225402832e+02 6.2236798096e+02 6.2249902344e+02 6.2261798096e+02
6.1759698486e+02 6.1763598633e+02 6.1770697021e+02 6.1777301025e+02 6.1781298828e+02 6.1788800049e+02 6.1799102783e+02 6.1806097412e+02 6.1814898682e+02 6.1822900391e+02 6.1831097412e+02 6.1841601563e+02 6.1849798584e+02 6.1861297607e+02 6.1872399902e+02 6.1882397461e+02 6.1898901367e+02 6.1913098145e+02 6.1926702881e+02 6.1939398193e+02 6.1951898193e+02 6.1963500977e+02 6.1977801514e+02 6.1990100098e+02 6.2002600098e+02 6.2014898682e+02 6.2026202393e+02 6.2037097168e+02 6.2046002197e+02 6.2057397461e+02 6.2070001221e+02 6.2081896973e+02 6.2093499756e+02 6.2104400635e+02 6.2115802002e+02 6.2127502441e+02 6.2140197754e+02 6.2151501465e+02 6.2161602783e+02 6.2173901367e+02 6.2184698486e+02 6.2200299072e+02 6.2214501953e+02 6.2224902344e+02 6.2235998535e+02 6.2249200439e+02
6.1744299316e+02 6.1746697998e+02 6.1755200195e+02 6.1761602783e+02 6.1764898682e+02 6.1772198486e+02 6.1780798340e+02 6.1788000488e+02 6.1797998047e+02 6.1805999756e+02 6.1814001465e+02 6.1823602295e+02 6.1831402588e+02 6.1842901611e+02 6.1853900146e+02 6.1863500977e+02 6.1879602051e+02 6.1891802979e+02 6.1904199219e+02 6.1917498779e+02 6.1931298828e+02 6.1944097900e+02 6.1959002686e+02 6.1971801758e+02 6.1982702637e+02 6.1995697021e+02 6.2008502197e+02 6.2020397949e+02 6.2029302979e+02 6.2038598633e+02 6.2048602295e+02 6.2061901855e+02 6.2075299072e+02 6.2084899902e+02 6.2096197510e+02 6.2109997559e+02 6.2123101807e+02 6.2132098389e+02 6.2142199707e+02 6.2156799316e+02 6.2169500732e+02 6.2185302734e+02 6.2199499512e+02 6.2211102295e+02 6.2221197510e+02 6.2236102295e+02
6.1726000977e+02 6.1727899170e+02 6.1735797119e+02 6.1743200684e+02 6.1749200439e+02 6.1756896973e+02 6.1763897705e+02 6.1770397949e+02 6.1780700684e+02 6.1790698242e+02 6.1798797607e+02 6.1808300781e+02 6.1817999268e+02 6.1828100586e+02 6.1839300537e+02 6.1849200439e+02 6.1861999512e+02 6.1872497559e+02 6.1885302734e+02 6.1898797607e+02 6.1911602783e+02 6.1923999023e+02 6.1937799072e+02 6.1951098633e+02 6.1962500000e+02 6.1975500488e+02 6.1988897705e+02 6.2001501465e+02 6.2011602783e+02 6.2021502686e+02 6.2030700684e+02 6.2043103027e+02 6.2055603027e+02 6.2065502930e+02 6.2077398682e+02 6.2092102051e+02 6.2104101563e+02 6.2112799072e+02 6.2123400879e+02 6.2140100098e+02 6.2155200195e+02 6.2171301270e+02 6.2186102295e+02 6.2198901367e+02 6.2209399414e+02 6.2224902344e+02
