TESTSERVER/10/7.asc
NCOLS 100
NROWS 100
XLLCORNER 7.9997500000e+03
YLLCORNER 2.8960025000e+05
CELLSIZE 5.0000000000e-01
NODATA_VALUE -9.9990000000e+03
[rows 20 to 39 of 100, columns 0 to 45 of 100]
6.1601000977e+02 6.1600000000e+02 6.1601000977e+02 6.1600299072e+02 6.1599499512e+02 6.1599597168e+02 6.1600500488e+02 6.1601599121e+02 6.1601599121e+02 6.1603497314e+02 6.1614300537e+02 6.1619799805e+02 6.1618103027e+02 6.1616900635e+02 6.1620202637e+02 6.1619897461e+02 6.1621502686e+02 6.1623699951e+02 6.1626702881e+02 6.1626800537e+02 6.1627502441e+02 6.1628198242e+02 6.1628997803e+02 6.1629998779e+02 6.1631701660e+02 6.1633898926e+02 6.1636401367e+02 6.1640600586e+02 6.1644396973e+02 6.1647900391e+02 6.1651501465e+02 6.1652899170e+02 6.1653002930e+02 6.1653002930e+02 6.1653002930e+02 6.1654199219e+02 6.1656500244e+02 6.1659197998e+02 6.1661602783e+02 6.1665399170e+02 6.1669500732e+02 6.1674200439e+02 6.1678900146e+02 6.1685400391e+02 6.1691900635e+02 6.1699597168e+02
6.1591900635e+02 6.1595001221e+02 6.1597198486e+02 6.1598498535e+02 6.1598199463e+02 6.1597399902e+02 6.1597998047e+02 6.1600500488e+02 6.1602398682e+02 6.1602697754e+02 6.1605700684e+02 6.1609802246e+02 6.1609899902e+02 6.1610601807e+02 6.1613598633e+02 6.1614599609e+02 6.1615600586e+02 6.1617297363e+02 6.1619201660e+02 6.1619897461e+02 6.1620800781e+02 6.1621801758e+02 6.1622601318e+02 6.1623199463e+02 6.1624597168e+02 6.1626501465e+02 6.1628601074e+02 6.1632299805e+02 6.1636499023e+02 6.1640100098e+02 6.1642901611e+02 6.1645800781e+02 6.1646697998e+02 6.1646301270e+02 6.1645001221e+02 6.1645599365e+02 6.1647698975e+02 6.1650500488e+02 6.1652301025e+02 6.1654797363e+02 6.1658001709e+02 6.1660900879e+02 6.1664898682e+02 6.1668402100e+02 6.1673699951e+02 6.1680297852e+02
6.1577001953e+02 6.1587298584e+02 6.1592401123e+02 6.1595098877e+02 6.1596099854e+02 6.1596002197e+02 6.1596502686e+02 6.1598498535e+02 6.1600000000e+02 6.1599102783e+02 6.1598400879e+02 6.1601000977e+02 6.1602697754e+02 6.1604302979e+02 6.1605603027e+02 6.1606597900e+02 6.1607702637e+02 6.1608898926e+02 6.1610302734e+02 6.1611401367e+02 6.1612701416e+02 6.1614398193e+02 6.1615301514e+02 6.1615802002e+02 6.1617401123e+02 6.1619396973e+02 6.1621301270e+02 6.1624499512e+02 6.1628100586e+02 6.1631201172e+02 6.1633300781e+02 6.1636297607e+02 6.1638201904e+02 6.1638299561e+02 6.1636901855e+02 6.1637097168e+02 6.1638897705e+02 6.1641302490e+02 6.1643103027e+02 6.1645599365e+02 6.1647698975e+02 6.1649798584e+02 6.1652600098e+02 6.1656201172e+02 6.1660900879e+02 6.1664898682e+02
6.1563098145e+02 6.1579400635e+02 6.1586901855e+02 6.1589898682e+02 6.1592199707e+02 6.1593402100e+02 6.1593902588e+02 6.1593902588e+02 6.1593298340e+02 6.1590899658e+02 6.1588897705e+02 6.1590301514e+02 6.1591900635e+02 6.1593701172e+02 6.1594799805e+02 6.1595697021e+02 6.1597198486e+02 6.1598602295e+02 6.1599902344e+02 6.1601098633e+02 6.1602899170e+02 6.1604998779e+02 6.1606402588e+02 6.1607598877e+02 6.1609698486e+02 6.1611999512e+02 6.1614300537e+02 6.1616900635e+02 6.1619598389e+02 6.1621697998e+02 6.1622698975e+02 6.1624700928e+02 6.1626397705e+02 6.1627001953e+02 6.1626300049e+02 6.1628198242e+02 6.1630999756e+02 6.1633197021e+02 6.1634399414e+02 6.1636798096e+02 6.1638702393e+02 6.1641400146e+02 6.1643298340e+02 6.1646600342e+02 6.1650701904e+02 6.1653997803e+02
6.1551202393e+02 6.1572100830e+02 6.1581298828e+02 6.1584997559e+02 6.1586901855e+02 6.1587500000e+02 6.1586602783e+02 6.1585699463e+02 6.1585198975e+02 6.1583801270e+02 6.1580603027e+02 6.1579400635e+02 6.1579699707e+02 6.1580798340e+02 6.1581298828e+02 6.1582598877e+02 6.1584497070e+02 6.1586499023e+02 6.1588598633e+02 6.1589697266e+02 6.1591101074e+02 6.1593200684e+02 6.1595202637e+02 6.1598400879e+02 6.1601397705e+02 6.1604797363e+02 6.1609399414e+02 6.1609802246e+02 6.1611401367e+02 6.1612200928e+02 6.1612097168e+02 6.1613201904e+02 6.1614501953e+02 6.1615002441e+02 6.1615698242e+02 6.1618200684e+02 6.1621801758e+02 6.1625097656e+02 6.1626898193e+02 6.1629797363e+02 6.1633697510e+02 6.1636999512e+02 6.1639001465e+02 6.1637902832e+02 6.1642102051e+02 6.1645202637e+02
6.1534399414e+02 6.1562298584e+02 6.1576098633e+02 6.1581500244e+02 6.1582702637e+02 6.1582098389e+02 6.1580700684e+02 6.1577600098e+02 6.1576000977e+02 6.1575799561e+02 6.1574200439e+02 6.1571899414e+02 6.1570800781e+02 6.1570697021e+02 6.1570397949e+02 6.1570800781e+02 6.1573400879e+02 6.1574798584e+02 6.1576000977e+02 6.1577301025e+02 6.1578002930e+02 6.1579901123e+02 6.1582299805e+02 6.1585101318e+02 6.1588702393e+02 6.1593597412e+02 6.1598797607e+02 6.1600897217e+02 6.1601800537e+02 6.1602197266e+02 6.1602600098e+02 6.1603002930e+02 6.1603497314e+02 6.1604302979e+02 6.1607299805e+02 6.1608898926e+02 6.1611901855e+02 6.1616101074e+02 6.1619799805e+02 6.1624401855e+02 6.1635998535e+02 6.1644897461e+02 6.1649200439e+02 6.1649597168e+02 6.1646697998e+02 6.1640899658e+02
6.1512799072e+02 6.1546301270e+02 6.1569097900e+02 6.1578198242e+02 6.1580603027e+02 6.1580297852e+02 6.1579797363e+02 6.1575598145e+02 6.1571697998e+02 6.1571600342e+02 6.1571197510e+02 6.1566998291e+02 6.1564099121e+02 6.1562500000e+02 6.1561297607e+02 6.1561401367e+02 6.1563500977e+02 6.1564501953e+02 6.1565002441e+02 6.1566198730e+02 6.1566802979e+02 6.1567999268e+02 6.1569201660e+02 6.1571301270e+02 6.1575201416e+02 6.1580603027e+02 6.1586499023e+02 6.1589099121e+02 6.1589398193e+02 6.1590100098e+02 6.1591699219e+02 6.1591900635e+02 6.1592102051e+02 6.1592999268e+02 6.1597399902e+02 6.1600598145e+02 6.1602801514e+02 6.1607202148e+02 6.1613397217e+02 6.1625000000e+02 6.1647497559e+02 6.1660699463e+02 6.1659100342e+02 6.1666699219e+02 6.1661901855e+02 6.1646997070e+02
6.1489898682e+02 6.1526397705e+02 6.1560101318e+02 6.1573699951e+02 6.1578601074e+02 6.1579699707e+02 6.1581201172e+02 6.1577600098e+02 6.1573602295e+02 6.1574401855e+02 6.1572302246e+02 6.1564898682e+02 6.1559802246e+02 6.1556402588e+02 6.1553997803e+02 6.1553399658e+02 6.1554998779e+02 6.1556201172e+02 6.1557000732e+02 6.1557299805e+02 6.1556799316e+02 6.1556896973e+02 6.1557800293e+02 6.1560101318e+02 6.1563702393e+02 6.1568402100e+02 6.1574102783e+02 6.1576501465e+02 6.1576800537e+02 6.1577801514e+02 6.1578802490e+02 6.1579199219e+02 6.1580603027e+02 6.1582202148e+02 6.1586297607e+02 6.1592199707e+02 6.1595501709e+02 6.1598797607e+02 6.1604901123e+02 6.1623498535e+02 6.1649798584e+02 6.1659399414e+02 6.1649401855e+02 6.1653900146e+02 6.1648199463e+02 6.1635797119e+02
6.1470300293e+02 6.1505999756e+02 6.1548297119e+02 6.1568402100e+02 6.1575000000e+02 6.1576702881e+02 6.1579901123e+02 6.1579602051e+02 6.1578100586e+02 6.1577600098e+02 6.1573602295e+02 6.1564501953e+02 6.1557098389e+02 6.1551898193e+02 6.1548297119e+02 6.1546502686e+02 6.1546502686e+02 6.1547399902e+02 6.1548901367e+02 6.1548999023e+02 6.1547302246e+02 6.1547399902e+02 6.1549902344e+02 6.1552899170e+02 6.1555297852e+02 6.1558197021e+02 6.1561499023e+02 6.1564697266e+02 6.1565600586e+02 6.1566198730e+02 6.1566101074e+02 6.1566699219e+02 6.1568701172e+02 6.1570898438e+02 6.1573699951e+02 6.1580200195e+02 6.1586102295e+02 6.1589801025e+02 6.1594500732e+02 6.1611798096e+02 6.1629400635e+02 6.1633197021e+02 6.1626397705e+02 6.1620501709e+02 6.1616802979e+02 6.1616400146e+02
6.1449798584e+02 6.1481799316e+02 6.1529400635e+02 6.1558197021e+02 6.1569299316e+02 6.1571502686e+02 6.1576000977e+02 6.1577801514e+02 6.1577697754e+02 6.1575402832e+02 6.1569299316e+02 6.1559600830e+02 6.1552600098e+02 6.1547601318e+02 6.1544799805e+02 6.1543103027e+02 6.1541400146e+02 6.1540502930e+02 6.1540899658e+02 6.1542297363e+02 6.1541998291e+02 6.1542498779e+02 6.1544702148e+02 6.1546002197e+02 6.1548101807e+02 6.1552197266e+02 6.1556500244e+02 6.1559197998e+02 6.1559002686e+02 6.1556500244e+02 6.1554400635e+02 6.1555297852e+02 6.1557098389e+02 6.1557000732e+02 6.1560797119e+02 6.1567901611e+02 6.1572998047e+02 6.1574700928e+02 6.1578802490e+02 6.1589697266e+02 6.1599902344e+02 6.1602301025e+02 6.1601397705e+02 6.1602600098e+02 6.1605603027e+02 6.1608697510e+02
6.1432098389e+02 6.1456701660e+02 6.1504602051e+02 6.1542401123e+02 6.1560900879e+02 6.1566302490e+02 6.1570098877e+02 6.1573297119e+02 6.1573498535e+02 6.1571002197e+02 6.1563897705e+02 6.1554602051e+02 6.1548400879e+02 6.1544201660e+02 6.1541900635e+02 6.1540399170e+02 6.1538500977e+02 6.1536999512e+02 6.1536602783e+02 6.1537799072e+02 6.1538397217e+02 6.1539099121e+02 6.1540600586e+02 6.1541302490e+02 6.1543499756e+02 6.1547802734e+02 6.1551098633e+02 6.1552801514e+02 6.1553100586e+02 6.1550299072e+02 6.1547302246e+02 6.1548699951e+02 6.1550097656e+02 6.1548101807e+02 6.1550500488e+02 6.1556799316e+02 6.1560998535e+02 6.1562097168e+02 6.1564697266e+02 6.1567602539e+02 6.1574200439e+02 6.1579602051e+02 6.1585198975e+02 6.1591900635e+02 6.1597698975e+02 6.1602197266e+02
6.1419201660e+02 6.1435302734e+02 6.1477502441e+02 6.1522601318e+02 6.1549597168e+02 6.1559698486e+02 6.1563201904e+02 6.1566699219e+02 6.1567102051e+02 6.1564697266e+02 6.1557897949e+02 6.1549902344e+02 6.1544702148e+02 6.1541101074e+02 6.1539001465e+02 6.1537097168e+02 6.1535498047e+02 6.1534399414e+02 6.1533898926e+02 6.1534197998e+02 6.1534802246e+02 6.1535101318e+02 6.1536199951e+02 6.1538500977e+02 6.1541497803e+02 6.1545202637e+02 6.1546997070e+02 6.1546697998e+02 6.1547802734e+02 6.1546600342e+02 6.1543798828e+02 6.1544500732e+02 6.1545397949e+02 6.1543298340e+02 6.1544299316e+02 6.1548400879e+02 6.1550500488e+02 6.1552600098e+02 6.1556896973e+02 6.1559698486e+02 6.1564501953e+02 6.1569201660e+02 6.1573297119e+02 6.1580798340e+02 6.1587402344e+02 6.1593402100e+02
6.1409002686e+02 6.1418298340e+02 6.1449102783e+02 6.1497998047e+02 6.1533300781e+02 6.1549798584e+02 6.1556597900e+02 6.1561602783e+02 6.1561901855e+02 6.1558502197e+02 6.1550897217e+02 6.1545800781e+02 6.1541998291e+02 6.1538800049e+02 6.1536102295e+02 6.1533502197e+02 6.1531799316e+02 6.1530902100e+02 6.1530200195e+02 6.1530999756e+02 6.1532000732e+02 6.1531701660e+02 6.1531701660e+02 6.1535498047e+02 6.1539300537e+02 6.1543298340e+02 6.1545501709e+02 6.1543499756e+02 6.1542602539e+02 6.1541601563e+02 6.1540802002e+02 6.1540802002e+02 6.1541101074e+02 6.1539398193e+02 6.1540399170e+02 6.1543798828e+02 6.1545300293e+02 6.1547302246e+02 6.1550799561e+02 6.1552398682e+02 6.1555700684e+02 6.1560101318e+02 6.1563702393e+02 6.1571197510e+02 6.1576397705e+02 6.1581097412e+02
6.1399499512e+02 6.1402697754e+02 6.1422601318e+02 6.1465698242e+02 6.1510400391e+02 6.1538500977e+02 6.1548901367e+02 6.1556799316e+02 6.1558697510e+02 6.1555200195e+02 6.1546801758e+02 6.1541998291e+02 6.1539001465e+02 6.1536102295e+02 6.1533300781e+02 6.1531097412e+02 6.1529400635e+02 6.1528497314e+02 6.1527801514e+02 6.1527697754e+02 6.1528900146e+02 6.1529602051e+02 6.1529901123e+02 6.1532397461e+02 6.1535400391e+02 6.1539001465e+02 6.1541198730e+02 6.1541101074e+02 6.1540899658e+02 6.1539898682e+02 6.1538098145e+02 6.1538598633e+02 6.1539697266e+02 6.1538598633e+02 6.1538397217e+02 6.1540301514e+02 6.1541101074e+02 6.1542797852e+02 6.1546398926e+02 6.1545202637e+02 6.1548400879e+02 6.1553002930e+02 6.1556896973e+02 6.1564099121e+02 6.1567901611e+02 6.1570098877e+02
6.1391601563e+02 6.1390399170e+02 6.1400598145e+02 6.1434899902e+02 6.1481799316e+02 6.1520898438e+02 6.1540197754e+02 6.1549102783e+02 6.1552899170e+02 6.1550897217e+02 6.1542901611e+02 6.1538201904e+02 6.1535498047e+02 6.1532897949e+02 6.1530603027e+02 6.1528601074e+02 6.1527001953e+02 6.1525897217e+02 6.1525598145e+02 6.1524798584e+02 6.1525201416e+02 6.1526800537e+02 6.1528100586e+02 6.1528997803e+02 6.1530999756e+02 6.1534197998e+02 6.1536199951e+02 6.1537500000e+02 6.1538299561e+02 6.1537701416e+02 6.1536297607e+02 6.1536798096e+02 6.1537402344e+02 6.1537701416e+02 6.1537902832e+02 6.1539001465e+02 6.1538897705e+02 6.1539398193e+02 6.1542602539e+02 6.1542700195e+02 6.1544799805e+02 6.1547900391e+02 6.1550500488e+02 6.1555297852e+02 6.1558001709e+02 6.1558502197e+02
6.1383300781e+02 6.1380401611e+02 6.1384698486e+02 6.1408898926e+02 6.1450897217e+02 6.1496002197e+02 6.1528601074e+02 6.1540502930e+02 6.1546600342e+02 6.1546301270e+02 6.1539300537e+02 6.1534399414e+02 6.1532000732e+02 6.1529699707e+02 6.1527502441e+02 6.1525500488e+02 6.1523999023e+02 6.1522900391e+02 6.1522802734e+02 6.1522302246e+02 6.1521697998e+02 6.1523297119e+02 6.1525598145e+02 6.1526000977e+02 6.1527099609e+02 6.1529699707e+02 6.1531298828e+02 6.1531896973e+02 6.1532897949e+02 6.1533300781e+02 6.1533099365e+02 6.1532897949e+02 6.1533502197e+02 6.1535198975e+02 6.1537097168e+02 6.1538397217e+02 6.1537701416e+02 6.1536602783e+02 6.1538397217e+02 6.1541101074e+02 6.1542498779e+02 6.1544299316e+02 6.1544799805e+02 6.1546502686e+02 6.1546801758e+02 6.1546899414e+02
6.1373400879e+02 6.1370397949e+02 6.1370098877e+02 6.1387701416e+02 6.1421697998e+02 6.1466900635e+02 6.1514300537e+02 6.1533599854e+02 6.1540301514e+02 6.1538800049e+02 6.1531597900e+02 6.1530401611e+02 6.1528198242e+02 6.1526098633e+02 6.1524102783e+02 6.1521899414e+02 6.1520202637e+02 6.1518798828e+02 6.1517498779e+02 6.1517797852e+02 6.1518298340e+02 6.1520001221e+02 6.1521997070e+02 6.1521197510e+02 6.1522497559e+02 6.1525000000e+02 6.1526599121e+02 6.1526202393e+02 6.1527502441e+02 6.1529302979e+02 6.1529699707e+02 6.1530401611e+02 6.1530999756e+02 6.1532299805e+02 6.1534301758e+02 6.1535198975e+02 6.1535797119e+02 6.1535797119e+02 6.1536297607e+02 6.1537097168e+02 6.1538201904e+02 6.1539697266e+02 6.1537597656e+02 6.1537701416e+02 6.1536700439e+02 6.1534698486e+02
6.1364202881e+02 6.1361199951e+02 6.1359301758e+02 6.1369299316e+02 6.1397302246e+02 6.1441497803e+02 6.1493902588e+02 6.1524298096e+02 6.1535498047e+02 6.1532702637e+02 6.1527301025e+02 6.1526202393e+02 6.1523999023e+02 6.1521899414e+02 6.1519799805e+02 6.1517700195e+02 6.1515802002e+02 6.1514202881e+02 6.1513000488e+02 6.1513598633e+02 6.1514501953e+02 6.1515698242e+02 6.1516900635e+02 6.1517700195e+02 6.1520300293e+02 6.1521398926e+02 6.1521502686e+02 6.1521997070e+02 6.1523199463e+02 6.1524902344e+02 6.1526202393e+02 6.1526202393e+02 6.1526800537e+02 6.1527502441e+02 6.1528100586e+02 6.1529602051e+02 6.1529302979e+02 6.1529199219e+02 6.1530700684e+02 6.1530700684e+02 6.1530200195e+02 6.1530297852e+02 6.1529101563e+02 6.1528198242e+02 6.1527197266e+02 6.1524200439e+02
6.1355603027e+02 6.1352697754e+02 6.1350500488e+02 6.1353399658e+02 6.1373999023e+02 6.1415600586e+02 6.1468402100e+02 6.1507202148e+02 6.1526702881e+02 6.1528601074e+02 6.1523400879e+02 6.1521697998e+02 6.1519500732e+02 6.1517498779e+02 6.1515502930e+02 6.1513299561e+02 6.1511602783e+02 6.1510101318e+02 6.1508898926e+02 6.1509100342e+02 6.1509399414e+02 6.1509698486e+02 6.1510198975e+02 6.1513000488e+02 6.1516302490e+02 6.1516497803e+02 6.1515399170e+02 6.1517199707e+02 6.1518597412e+02 6.1519299316e+02 6.1520300293e+02 6.1519000244e+02 6.1519702148e+02 6.1520898438e+02 6.1521899414e+02 6.1522998047e+02 6.1522601318e+02 6.1522100830e+02 6.1522802734e+02 6.1521502686e+02 6.1521600342e+02 6.1521899414e+02 6.1520898438e+02 6.1519097900e+02 6.1517700195e+02 6.1515197754e+02
6.1346697998e+02 6.1344201660e+02 6.1342199707e+02 6.1339801025e+02 6.1351397705e+02 6.1387097168e+02 6.1439599609e+02 6.1485797119e+02 6.1514099121e+02 6.1522802734e+02 6.1519598389e+02 6.1516802979e+02 6.1514801025e+02 6.1512799072e+02 6.1510797119e+02 6.1508898926e+02 6.1507397461e+02 6.1505999756e+02 6.1504498291e+02 6.1504101563e+02 6.1504101563e+02 6.1503997803e+02 6.1504101563e+02 6.1506597900e+02 6.1509301758e+02 6.1510198975e+02 6.1509802246e+02 6.1511798096e+02 6.1514300537e+02 6.1515502930e+02 6.1515502930e+02 6.1513800049e+02 6.1514697266e+02 6.1515502930e+02 6.1515698242e+02 6.1515502930e+02 6.1514501953e+02 6.1514300537e+02 6.1514697266e+02 6.1512701416e+02 6.1512597656e+02 6.1512402344e+02 6.1510900879e+02 6.1509802246e+02 6.1508099365e+02 6.1505102539e+02
