TESTSERVER/10/8.asc
NCOLS 100
NROWS 100
XLLCORNER 7.9997500000e+03
YLLCORNER 2.8955025000e+05
CELLSIZE 5.0000000000e-01
NODATA_VALUE -9.9990000000e+03
[rows 60 to 79 of 100, columns 0 to 45 of 100]
6.1270001221e+02 6.1295001221e+02 6.1317901611e+02 6.1336700439e+02 6.1359802246e+02 6.1386499023e+02 6.1414300537e+02 6.1435900879e+02 6.1459698486e+02 6.1484698486e+02 6.1506097412e+02 6.1519702148e+02 6.1529602051e+02 6.1540502930e+02 6.1563201904e+02 6.1586199951e+02 6.1606097412e+02 6.1620397949e+02 6.1630200195e+02 6.1640002441e+02 6.1648400879e+02 6.1655499268e+02 6.1661700439e+02 6.1672601318e+02 6.1679797363e+02 6.1682299805e+02 6.1678399658e+02 6.1668200684e+02 6.1669897461e+02 6.1680902100e+02 6.1689099121e+02 6.1681402588e+02 6.1672198486e+02 6.1658502197e+02 6.1646002197e+02 6.1646002197e+02 6.1645800781e+02 6.1640997314e+02 6.1632000732e+02 6.1621801758e+02 6.1610699463e+02 6.1599401855e+02 6.1590197754e+02 6.1587200928e+02 6.1587701416e+02 6.1589099121e+02
6.1265698242e+02 6.1290502930e+02 6.1311297607e+02 6.1328900146e+02 6.1350299072e+02 6.1376098633e+02 6.1404199219e+02 6.1427001953e+02 6.1449798584e+02 6.1473797607e+02 6.1495501709e+02 6.1515502930e+02 6.1535101318e+02 6.1552197266e+02 6.1572497559e+02 6.1596801758e+02 6.1616601563e+02 6.1629302979e+02 6.1636798096e+02 6.1646099854e+02 6.1653399658e+02 6.1659600830e+02 6.1665600586e+02 6.1674798584e+02 6.1683898926e+02 6.1689697266e+02 6.1691497803e+02 6.1690802002e+02 6.1691802979e+02 6.1695098877e+02 6.1702600098e+02 6.1707000732e+02 6.1700799561e+02 6.1687597656e+02 6.1676800537e+02 6.1674902344e+02 6.1672302246e+02 6.1667797852e+02 6.1661999512e+02 6.1654498291e+02 6.1644799805e+02 6.1635198975e+02 6.1627697754e+02 6.1623602295e+02 6.1621997070e+02 6.1622198486e+02
6.1251599121e+02 6.1275201416e+02 6.1296301270e+02 6.1314300537e+02 6.1335498047e+02 6.1360699463e+02 6.1387402344e+02 6.1410498047e+02 6.1433599854e+02 6.1457501221e+02 6.1480297852e+02 6.1503997803e+02 6.1528900146e+02 6.1548400879e+02 6.1564697266e+02 6.1590698242e+02 6.1613098145e+02 6.1628100586e+02 6.1636499023e+02 6.1647198486e+02 6.1657000732e+02 6.1664898682e+02 6.1670098877e+02 6.1674798584e+02 6.1681896973e+02 6.1689300537e+02 6.1695001221e+02 6.1700897217e+02 6.1705401611e+02 6.1706701660e+02 6.1709698486e+02 6.1718200684e+02 6.1719000244e+02 6.1712799072e+02 6.1705102539e+02 6.1700598145e+02 6.1698199463e+02 6.1696301270e+02 6.1694299316e+02 6.1688897705e+02 6.1681097412e+02 6.1672998047e+02 6.1666101074e+02 6.1660699463e+02 6.1657299805e+02 6.1656097412e+02
6.1231500244e+02 6.1253900146e+02 6.1274200439e+02 6.1293902588e+02 6.1316601563e+02 6.1342199707e+02 6.1367999268e+02 6.1392199707e+02 6.1415899658e+02 6.1438201904e+02 6.1460699463e+02 6.1484497070e+02 6.1510101318e+02 6.1529797363e+02 6.1544500732e+02 6.1571002197e+02 6.1595001221e+02 6.1612402344e+02 6.1623999023e+02 6.1638397217e+02 6.1652801514e+02 6.1664898682e+02 6.1672302246e+02 6.1674401855e+02 6.1679797363e+02 6.1687902832e+02 6.1695599365e+02 6.1703601074e+02 6.1711499023e+02 6.1716699219e+02 6.1721398926e+02 6.1731597900e+02 6.1737902832e+02 6.1737597656e+02 6.1731402588e+02 6.1727301025e+02 6.1728100586e+02 6.1730401611e+02 6.1730499268e+02 6.1725097656e+02 6.1719000244e+02 6.1712298584e+02 6.1706298828e+02 6.1700897217e+02 6.1696502686e+02 6.1694000244e+02
6.1208099365e+02 6.1229998779e+02 6.1250799561e+02 6.1272900391e+02 6.1298498535e+02 6.1325500488e+02 6.1351501465e+02 6.1375201416e+02 6.1397601318e+02 6.1417401123e+02 6.1437902832e+02 6.1461901855e+02 6.1487097168e+02 6.1508599854e+02 6.1526599121e+02 6.1546801758e+02 6.1568402100e+02 6.1586297607e+02 6.1599102783e+02 6.1618499756e+02 6.1637902832e+02 6.1655700684e+02 6.1670599365e+02 6.1675402832e+02 6.1681701660e+02 6.1690002441e+02 6.1701397705e+02 6.1709399414e+02 6.1718402100e+02 6.1729199219e+02 6.1741400146e+02 6.1749401855e+02 6.1756896973e+02 6.1759997559e+02 6.1758300781e+02 6.1759497070e+02 6.1763897705e+02 6.1768902588e+02 6.1769897461e+02 6.1762597656e+02 6.1757501221e+02 6.1752502441e+02 6.1750097656e+02 6.1745300293e+02 6.1740502930e+02 6.1736199951e+02
6.1180499268e+02 6.1200500488e+02 6.1225402832e+02 6.1252502441e+02 6.1280902100e+02 6.1308398438e+02 6.1331896973e+02 6.1354699707e+02 6.1377697754e+02 6.1398400879e+02 6.1418798828e+02 6.1442401123e+02 6.1467797852e+02 6.1490399170e+02 6.1508197021e+02 6.1525402832e+02 6.1542901611e+02 6.1559600830e+02 6.1574102783e+02 6.1592401123e+02 6.1612500000e+02 6.1632800293e+02 6.1653198242e+02 6.1670300293e+02 6.1682397461e+02 6.1691101074e+02 6.1701397705e+02 6.1713098145e+02 6.1722302246e+02 6.1732397461e+02 6.1745300293e+02 6.1755798340e+02 6.1767999268e+02 6.1777099609e+02 6.1782501221e+02 6.1790698242e+02 6.1796697998e+02 6.1800500488e+02 6.1802502441e+02 6.1800500488e+02 6.1796801758e+02 6.1792602539e+02 6.1790301514e+02 6.1788000488e+02 6.1782397461e+02 6.1776300049e+02
6.1153198242e+02 6.1171600342e+02 6.1200598145e+02 6.1232598877e+02 6.1261798096e+02 6.1287500000e+02 6.1309600830e+02 6.1333197021e+02 6.1357897949e+02 6.1379998779e+02 6.1400000000e+02 6.1421697998e+02 6.1447198486e+02 6.1470001221e+02 6.1487597656e+02 6.1502899170e+02 6.1517602539e+02 6.1533801270e+02 6.1550000000e+02 6.1567901611e+02 6.1589001465e+02 6.1611199951e+02 6.1632800293e+02 6.1657098389e+02 6.1676800537e+02 6.1690100098e+02 6.1700097656e+02 6.1712597656e+02 6.1723199463e+02 6.1732397461e+02 6.1743298340e+02 6.1756097412e+02 6.1772100830e+02 6.1786798096e+02 6.1798797607e+02 6.1810400391e+02 6.1820501709e+02 6.1828100586e+02 6.1832897949e+02 6.1834997559e+02 6.1833801270e+02 6.1830700684e+02 6.1826898193e+02 6.1824200439e+02 6.1818499756e+02 6.1811901855e+02
6.1125701904e+02 6.1144799805e+02 6.1176397705e+02 6.1212500000e+02 6.1241601563e+02 6.1265301514e+02 6.1286700439e+02 6.1310498047e+02 6.1335699463e+02 6.1359100342e+02 6.1379797363e+02 6.1400402832e+02 6.1425598145e+02 6.1447698975e+02 6.1464099121e+02 6.1479302979e+02 6.1492901611e+02 6.1509600830e+02 6.1527398682e+02 6.1545202637e+02 6.1567498779e+02 6.1590899658e+02 6.1612402344e+02 6.1638500977e+02 6.1662902832e+02 6.1680499268e+02 6.1693902588e+02 6.1709899902e+02 6.1725299072e+02 6.1737200928e+02 6.1745501709e+02 6.1755603027e+02 6.1769598389e+02 6.1785101318e+02 6.1802099609e+02 6.1816998291e+02 6.1832702637e+02 6.1847302246e+02 6.1857598877e+02 6.1862298584e+02 6.1864202881e+02 6.1863000488e+02 6.1858697510e+02 6.1855499268e+02 6.1850402832e+02 6.1844299316e+02
6.1103399658e+02 6.1124902344e+02 6.1154302979e+02 6.1188397217e+02 6.1217797852e+02 6.1242602539e+02 6.1264501953e+02 6.1286102295e+02 6.1310900879e+02 6.1335797119e+02 6.1357501221e+02 6.1379400635e+02 6.1404797363e+02 6.1426501465e+02 6.1440301514e+02 6.1454498291e+02 6.1468798828e+02 6.1485498047e+02 6.1504498291e+02 6.1523901367e+02 6.1546997070e+02 6.1571197510e+02 6.1594396973e+02 6.1618902588e+02 6.1642700195e+02 6.1661401367e+02 6.1677001953e+02 6.1697900391e+02 6.1718200684e+02 6.1736297607e+02 6.1749499512e+02 6.1757299805e+02 6.1765802002e+02 6.1778302002e+02 6.1795898438e+02 6.1813000488e+02 6.1832598877e+02 6.1853900146e+02 6.1872497559e+02 6.1879998779e+02 6.1885101318e+02 6.1886798096e+02 6.1887200928e+02 6.1885601807e+02 6.1881799316e+02 6.1876397705e+02
6.1083502197e+02 6.1107299805e+02 6.1132299805e+02 6.1160797119e+02 6.1189300537e+02 6.1215802002e+02 6.1238702393e+02 6.1260400391e+02 6.1285498047e+02 6.1311199951e+02 6.1333197021e+02 6.1353399658e+02 6.1378302002e+02 6.1401800537e+02 6.1417797852e+02 6.1432000732e+02 6.1446002197e+02 6.1460900879e+02 6.1478302002e+02 6.1498699951e+02 6.1522497559e+02 6.1547998047e+02 6.1572698975e+02 6.1599798584e+02 6.1624902344e+02 6.1643798828e+02 6.1659100342e+02 6.1679498291e+02 6.1700897217e+02 6.1723400879e+02 6.1743902588e+02 6.1758300781e+02 6.1768103027e+02 6.1776599121e+02 6.1789398193e+02 6.1807702637e+02 6.1826898193e+02 6.1847497559e+02 6.1869000244e+02 6.1886102295e+02 6.1898999023e+02 6.1908398438e+02 6.1916101074e+02 6.1920898438e+02 6.1918499756e+02 6.1910498047e+02
6.1059497070e+02 6.1085101318e+02 6.1109899902e+02 6.1135400391e+02 6.1162500000e+02 6.1189202881e+02 6.1213397217e+02 6.1236297607e+02 6.1262200928e+02 6.1288201904e+02 6.1309802246e+02 6.1327899170e+02 6.1351098633e+02 6.1374902344e+02 6.1393103027e+02 6.1408099365e+02 6.1422601318e+02 6.1437402344e+02 6.1453698730e+02 6.1473602295e+02 6.1497802734e+02 6.1524200439e+02 6.1549102783e+02 6.1575701904e+02 6.1602099609e+02 6.1623901367e+02 6.1641802979e+02 6.1662500000e+02 6.1683502197e+02 6.1705499268e+02 6.1727398682e+02 6.1748797607e+02 6.1766101074e+02 6.1776501465e+02 6.1785998535e+02 6.1802600098e+02 6.1819799805e+02 6.1839202881e+02 6.1860797119e+02 6.1882501221e+02 6.1902099609e+02 6.1919000244e+02 6.1933001709e+02 6.1944000244e+02 6.1946899414e+02 6.1941497803e+02
6.1035797119e+02 6.1061199951e+02 6.1087597656e+02 6.1111700439e+02 6.1137200928e+02 6.1163299561e+02 6.1188000488e+02 6.1211901855e+02 6.1237902832e+02 6.1264398193e+02 6.1287701416e+02 6.1307098389e+02 6.1329602051e+02 6.1351397705e+02 6.1368597412e+02 6.1384002686e+02 6.1399298096e+02 6.1414697266e+02 6.1430999756e+02 6.1450598145e+02 6.1474902344e+02 6.1501000977e+02 6.1524798584e+02 6.1548999023e+02 6.1575897217e+02 6.1600598145e+02 6.1622601318e+02 6.1645300293e+02 6.1666802979e+02 6.1686700439e+02 6.1705902100e+02 6.1730798340e+02 6.1755200195e+02 6.1772998047e+02 6.1786297607e+02 6.1799798584e+02 6.1813299561e+02 6.1830297852e+02 6.1851800537e+02 6.1874798584e+02 6.1897198486e+02 6.1917901611e+02 6.1935498047e+02 6.1951800537e+02 6.1963000488e+02 6.1965899658e+02
6.1013201904e+02 6.1037500000e+02 6.1064898682e+02 6.1089599609e+02 6.1113800049e+02 6.1138098145e+02 6.1161297607e+02 6.1184600830e+02 6.1209899902e+02 6.1236999512e+02 6.1263000488e+02 6.1288598633e+02 6.1312402344e+02 6.1331799316e+02 6.1346197510e+02 6.1361798096e+02 6.1377099609e+02 6.1392700195e+02 6.1408697510e+02 6.1430401611e+02 6.1454699707e+02 6.1480401611e+02 6.1504199219e+02 6.1526397705e+02 6.1551800537e+02 6.1576702881e+02 6.1598999023e+02 6.1624798584e+02 6.1648101807e+02 6.1667498779e+02 6.1687298584e+02 6.1713000488e+02 6.1738299561e+02 6.1761798096e+02 6.1786297607e+02 6.1800701904e+02 6.1811499023e+02 6.1824499512e+02 6.1841699219e+02 6.1865899658e+02 6.1887597656e+02 6.1908801270e+02 6.1928399658e+02 6.1948999023e+02 6.1968103027e+02 6.1982202148e+02
6.0990197754e+02 6.1014898682e+02 6.1041601563e+02 6.1066302490e+02 6.1090197754e+02 6.1113598633e+02 6.1135900879e+02 6.1157897949e+02 6.1182897949e+02 6.1209997559e+02 6.1238201904e+02 6.1266400146e+02 6.1292102051e+02 6.1313098145e+02 6.1328698730e+02 6.1343200684e+02 6.1357897949e+02 6.1373999023e+02 6.1391302490e+02 6.1411199951e+02 6.1435198975e+02 6.1461700439e+02 6.1487597656e+02 6.1509997559e+02 6.1531201172e+02 6.1552899170e+02 6.1576501465e+02 6.1603302002e+02 6.1625701904e+02 6.1645001221e+02 6.1669702148e+02 6.1697100830e+02 6.1719396973e+02 6.1743499756e+02 6.1773602295e+02 6.1799102783e+02 6.1816198730e+02 6.1828997803e+02 6.1841699219e+02 6.1858001709e+02 6.1876800537e+02 6.1897998047e+02 6.1919201660e+02 6.1939801025e+02 6.1960900879e+02 6.1980798340e+02
6.0967199707e+02 6.0992901611e+02 6.1019598389e+02 6.1044097900e+02 6.1067797852e+02 6.1090698242e+02 6.1112298584e+02 6.1133898926e+02 6.1158697510e+02 6.1185699463e+02 6.1214099121e+02 6.1242602539e+02 6.1269799805e+02 6.1293298340e+02 6.1311297607e+02 6.1325201416e+02 6.1339898682e+02 6.1357000732e+02 6.1375701904e+02 6.1393701172e+02 6.1416198730e+02 6.1441699219e+02 6.1468103027e+02 6.1491198730e+02 6.1511199951e+02 6.1531799316e+02 6.1555902100e+02 6.1582598877e+02 6.1605297852e+02 6.1625799561e+02 6.1653601074e+02 6.1680200195e+02 6.1700402832e+02 6.1725000000e+02 6.1756402588e+02 6.1789202881e+02 6.1813098145e+02 6.1830798340e+02 6.1844702148e+02 6.1857299805e+02 6.1874401855e+02 6.1894702148e+02 6.1914801025e+02 6.1933300781e+02 6.1953601074e+02 6.1974499512e+02
6.0946899414e+02 6.0973602295e+02 6.0999700928e+02 6.1023699951e+02 6.1047100830e+02 6.1069500732e+02 6.1090698242e+02 6.1112200928e+02 6.1136798096e+02 6.1163500977e+02 6.1191497803e+02 6.1219396973e+02 6.1247100830e+02 6.1272900391e+02 6.1294396973e+02 6.1309197998e+02 6.1323901367e+02 6.1341302490e+02 6.1361401367e+02 6.1378497314e+02 6.1398602295e+02 6.1421801758e+02 6.1446301270e+02 6.1470001221e+02 6.1491497803e+02 6.1513201904e+02 6.1537701416e+02 6.1564202881e+02 6.1589398193e+02 6.1612500000e+02 6.1639501953e+02 6.1663000488e+02 6.1682598877e+02 6.1708898926e+02 6.1740502930e+02 6.1773297119e+02 6.1798901367e+02 6.1821899414e+02 6.1843701172e+02 6.1859698486e+02 6.1878399658e+02 6.1898602295e+02 6.1916998291e+02 6.1935302734e+02 6.1953399658e+02 6.1971600342e+02
6.0929602051e+02 6.0956500244e+02 6.0983197021e+02 6.1005499268e+02 6.1028002930e+02 6.1050097656e+02 6.1072100830e+02 6.1094097900e+02 6.1118798828e+02 6.1144897461e+02 6.1173797607e+02 6.1199401855e+02 6.1226202393e+02 6.1252301025e+02 6.1277001953e+02 6.1295300293e+02 6.1310302734e+02 6.1327099609e+02 6.1348101807e+02 6.1365899658e+02 6.1382800293e+02 6.1402600098e+02 6.1425598145e+02 6.1448699951e+02 6.1472100830e+02 6.1495098877e+02 6.1520098877e+02 6.1546099854e+02 6.1573297119e+02 6.1599597168e+02 6.1623602295e+02 6.1645098877e+02 6.1668298340e+02 6.1697900391e+02 6.1729901123e+02 6.1758001709e+02 6.1779602051e+02 6.1803900146e+02 6.1835601807e+02 6.1858898926e+02 6.1882000732e+02 6.1903601074e+02 6.1923901367e+02 6.1942401123e+02 6.1959899902e+02 6.1975799561e+02
6.0912500000e+02 6.0938397217e+02 6.0963897705e+02 6.0986401367e+02 6.1008398438e+02 6.1030499268e+02 6.1053100586e+02 6.1077099609e+02 6.1101898193e+02 6.1127301025e+02 6.1153497314e+02 6.1180603027e+02 6.1206597900e+02 6.1231701660e+02 6.1256500244e+02 6.1278002930e+02 6.1295300293e+02 6.1313098145e+02 6.1333300781e+02 6.1351000977e+02 6.1365399170e+02 6.1383099365e+02 6.1405102539e+02 6.1428497314e+02 6.1453601074e+02 6.1477099609e+02 6.1504699707e+02 6.1531201172e+02 6.1556597900e+02 6.1582299805e+02 6.1605401611e+02 6.1627600098e+02 6.1656298828e+02 6.1686102295e+02 6.1714300537e+02 6.1743902588e+02 6.1766699219e+02 6.1788800049e+02 6.1819897461e+02 6.1847900391e+02 6.1874401855e+02 6.1898999023e+02 6.1922100830e+02 6.1944897461e+02 6.1965399170e+02 6.1982202148e+02
6.0896301270e+02 6.0920898438e+02 6.0945098877e+02 6.0967199707e+02 6.0989202881e+02 6.1011401367e+02 6.1034399414e+02 6.1058502197e+02 6.1082897949e+02 6.1107800293e+02 6.1133197021e+02 6.1159399414e+02 6.1184698486e+02 6.1209197998e+02 6.1233398438e+02 6.1255700684e+02 6.1275402832e+02 6.1294702148e+02 6.1314202881e+02 6.1331799316e+02 6.1347698975e+02 6.1365997314e+02 6.1386602783e+02 6.1409997559e+02 6.1436401367e+02 6.1460699463e+02 6.1489801025e+02 6.1516900635e+02 6.1542498779e+02 6.1568597412e+02 6.1590399170e+02 6.1611199951e+02 6.1642102051e+02 6.1672198486e+02 6.1700000000e+02 6.1729302979e+02 6.1752600098e+02 6.1772698975e+02 6.1801000977e+02 6.1831799316e+02 6.1860101318e+02 6.1886798096e+02 6.1911700439e+02 6.1936602783e+02 6.1962298584e+02 6.1985101318e+02
6.0880902100e+02 6.0904199219e+02 6.0926800537e+02 6.0948498535e+02 6.0970501709e+02 6.0992700195e+02 6.1015899658e+02 6.1039801025e+02 6.1063800049e+02 6.1088201904e+02 6.1112799072e+02 6.1137500000e+02 6.1161700439e+02 6.1185601807e+02 6.1208697510e+02 6.1230700684e+02 6.1252099609e+02 6.1273101807e+02 6.1292401123e+02 6.1310400391e+02 6.1329199219e+02 6.1349597168e+02 6.1371002197e+02 6.1395001221e+02 6.1420697021e+02 6.1445599365e+02 6.1476397705e+02 6.1503399658e+02 6.1530102539e+02 6.1557800293e+02 6.1577502441e+02 6.1594201660e+02 6.1624401855e+02 6.1655401611e+02 6.1684899902e+02 6.1712597656e+02 6.1736499023e+02 6.1756500244e+02 6.1782397461e+02 6.1813598633e+02 6.1841699219e+02 6.1868902588e+02 6.1895501709e+02 6.1920501709e+02 6.1950299072e+02 6.1980700684e+02
