TESTSERVER/10/8.asc
NCOLS 100
NROWS 100
XLLCORNER 7.9997500000e+03
YLLCORNER 2.8955025000e+05
CELLSIZE 5.0000000000e-01
NODATA_VALUE -9.9990000000e+03
[rows 60 to 79 of 100, columns 46 to 91 of 100]
6.1589202881e+02 6.1588397217e+02 6.1586798096e+02 6.1582897949e+02 6.1577502441e+02 6.1568298340e+02 6.1561102295e+02 6.1553302002e+02 6.1546697998e+02 6.1543200684e+02 6.1538201904e+02 6.1532299805e+02 6.1526800537e+02 6.1521099854e+02 6.1514398193e+02 6.1505297852e+02 6.1495800781e+02 6.1490502930e+02 6.1490698242e+02 6.1491699219e+02 6.1493597412e+02 6.1497698975e+02 6.1500500488e+02 6.1500000000e+02 6.1497302246e+02 6.1481500244e+02 6.1468701172e+02 6.1461798096e+02 6.1459301758e+02 6.1460400391e+02 6.1456500244e+02 6.1448999023e+02 6.1439300537e+02 6.1425701904e+02 6.1415502930e+02 6.1406500244e+02 6.1397601318e+02 6.1396002197e+02 6.1386901855e+02 6.1374298096e+02 6.1368902588e+02 6.1360400391e+02 6.1350799561e+02 6.1345501709e+02 6.1342797852e+02 6.1337701416e+02
6.1623101807e+02 6.1623602295e+02 6.1623400879e+02 6.1620300293e+02 6.1614300537e+02 6.1606201172e+02 6.1596600342e+02 6.1588500977e+02 6.1583300781e+02 6.1580102539e+02 6.1577099609e+02 6.1573797607e+02 6.1569299316e+02 6.1564501953e+02 6.1557897949e+02 6.1549102783e+02 6.1538897705e+02 6.1534301758e+02 6.1532702637e+02 6.1530102539e+02 6.1531896973e+02 6.1535797119e+02 6.1540997314e+02 6.1537200928e+02 6.1526300049e+02 6.1513598633e+02 6.1502899170e+02 6.1494299316e+02 6.1489898682e+02 6.1487597656e+02 6.1483099365e+02 6.1476202393e+02 6.1467602539e+02 6.1456500244e+02 6.1445800781e+02 6.1436102295e+02 6.1427801514e+02 6.1423199463e+02 6.1415301514e+02 6.1407202148e+02 6.1401898193e+02 6.1395397949e+02 6.1387097168e+02 6.1382397461e+02 6.1379602051e+02 6.1374401855e+02
6.1656896973e+02 6.1658001709e+02 6.1657897949e+02 6.1655200195e+02 6.1648797607e+02 6.1640100098e+02 6.1631402588e+02 6.1622998047e+02 6.1616198730e+02 6.1612701416e+02 6.1611297607e+02 6.1610797119e+02 6.1608398438e+02 6.1603601074e+02 6.1596899414e+02 6.1588201904e+02 6.1577197266e+02 6.1572497559e+02 6.1571899414e+02 6.1569000244e+02 6.1571099854e+02 6.1575299072e+02 6.1579901123e+02 6.1576300049e+02 6.1561602783e+02 6.1549102783e+02 6.1538098145e+02 6.1529302979e+02 6.1526098633e+02 6.1522399902e+02 6.1516198730e+02 6.1507800293e+02 6.1497601318e+02 6.1486401367e+02 6.1475799561e+02 6.1465600586e+02 6.1457098389e+02 6.1447698975e+02 6.1438702393e+02 6.1433300781e+02 6.1431500244e+02 6.1429998779e+02 6.1422399902e+02 6.1415802002e+02 6.1411999512e+02 6.1407598877e+02
6.1693902588e+02 6.1694000244e+02 6.1692602539e+02 6.1690100098e+02 6.1685601807e+02 6.1677197266e+02 6.1667297363e+02 6.1656402588e+02 6.1647497559e+02 6.1644000244e+02 6.1643798828e+02 6.1645098877e+02 6.1644097900e+02 6.1638299561e+02 6.1631799316e+02 6.1624902344e+02 6.1615698242e+02 6.1610998535e+02 6.1608898926e+02 6.1604602051e+02 6.1607098389e+02 6.1614099121e+02 6.1615100098e+02 6.1610498047e+02 6.1597198486e+02 6.1583697510e+02 6.1573297119e+02 6.1566802979e+02 6.1564398193e+02 6.1558398438e+02 6.1551300049e+02 6.1542498779e+02 6.1531701660e+02 6.1521801758e+02 6.1511401367e+02 6.1499700928e+02 6.1488897705e+02 6.1476300049e+02 6.1465197754e+02 6.1459698486e+02 6.1459197998e+02 6.1459899902e+02 6.1451397705e+02 6.1441497803e+02 6.1437597656e+02 6.1435797119e+02
6.1734197998e+02 6.1731597900e+02 6.1728302002e+02 6.1725897217e+02 6.1725097656e+02 6.1717498779e+02 6.1704901123e+02 6.1691302490e+02 6.1680999756e+02 6.1676898193e+02 6.1676599121e+02 6.1677899170e+02 6.1676300049e+02 6.1670800781e+02 6.1665698242e+02 6.1664202881e+02 6.1670800781e+02 6.1661297607e+02 6.1650201416e+02 6.1639898682e+02 6.1639300537e+02 6.1647302246e+02 6.1649200439e+02 6.1645397949e+02 6.1634197998e+02 6.1617797852e+02 6.1607098389e+02 6.1600097656e+02 6.1594097900e+02 6.1588500977e+02 6.1582598877e+02 6.1576702881e+02 6.1569097900e+02 6.1562097168e+02 6.1552899170e+02 6.1539898682e+02 6.1525897217e+02 6.1513098145e+02 6.1500799561e+02 6.1492199707e+02 6.1488397217e+02 6.1489501953e+02 6.1482800293e+02 6.1471002197e+02 6.1461798096e+02 6.1460302734e+02
6.1771002197e+02 6.1768597412e+02 6.1766302490e+02 6.1762902832e+02 6.1757397461e+02 6.1750299072e+02 6.1739801025e+02 6.1728497314e+02 6.1720098877e+02 6.1716302490e+02 6.1714398193e+02 6.1713500977e+02 6.1711901855e+02 6.1709802246e+02 6.1707202148e+02 6.1706201172e+02 6.1707800293e+02 6.1698498535e+02 6.1683599854e+02 6.1673400879e+02 6.1670800781e+02 6.1674200439e+02 6.1676098633e+02 6.1673999023e+02 6.1664697266e+02 6.1652099609e+02 6.1643798828e+02 6.1636499023e+02 6.1626898193e+02 6.1617797852e+02 6.1611297607e+02 6.1607299805e+02 6.1603997803e+02 6.1597198486e+02 6.1590301514e+02 6.1579901123e+02 6.1566101074e+02 6.1554901123e+02 6.1541198730e+02 6.1528497314e+02 6.1520098877e+02 6.1520501709e+02 6.1514202881e+02 6.1502301025e+02 6.1490502930e+02 6.1486297607e+02
6.1805798340e+02 6.1801702881e+02 6.1796600342e+02 6.1791699219e+02 6.1785998535e+02 6.1779101563e+02 6.1771002197e+02 6.1762298584e+02 6.1754901123e+02 6.1754498291e+02 6.1756597900e+02 6.1758599854e+02 6.1755798340e+02 6.1751800537e+02 6.1747198486e+02 6.1741400146e+02 6.1735101318e+02 6.1722100830e+02 6.1710101318e+02 6.1703900146e+02 6.1700897217e+02 6.1698498535e+02 6.1698999023e+02 6.1700500488e+02 6.1696997070e+02 6.1688897705e+02 6.1683001709e+02 6.1674401855e+02 6.1662500000e+02 6.1652301025e+02 6.1643103027e+02 6.1637500000e+02 6.1636901855e+02 6.1630401611e+02 6.1624102783e+02 6.1615002441e+02 6.1601599121e+02 6.1593103027e+02 6.1582000732e+02 6.1568902588e+02 6.1557897949e+02 6.1553802490e+02 6.1544396973e+02 6.1532299805e+02 6.1522302246e+02 6.1517199707e+02
6.1838897705e+02 6.1832299805e+02 6.1822601318e+02 6.1816900635e+02 6.1815100098e+02 6.1810302734e+02 6.1805297852e+02 6.1799102783e+02 6.1789398193e+02 6.1786700439e+02 6.1791198730e+02 6.1796997070e+02 6.1795898438e+02 6.1789697266e+02 6.1784301758e+02 6.1777301025e+02 6.1767297363e+02 6.1753601074e+02 6.1744299316e+02 6.1740502930e+02 6.1737097168e+02 6.1731201172e+02 6.1729602051e+02 6.1732501221e+02 6.1733300781e+02 6.1729998779e+02 6.1725000000e+02 6.1713702393e+02 6.1700097656e+02 6.1690899658e+02 6.1679699707e+02 6.1670898438e+02 6.1668902588e+02 6.1663500977e+02 6.1658197021e+02 6.1650799561e+02 6.1639898682e+02 6.1633801270e+02 6.1625897217e+02 6.1615502930e+02 6.1604602051e+02 6.1595800781e+02 6.1582702637e+02 6.1567901611e+02 6.1556597900e+02 6.1550299072e+02
6.1871002197e+02 6.1864398193e+02 6.1853997803e+02 6.1847302246e+02 6.1848400879e+02 6.1849700928e+02 6.1849798584e+02 6.1848797607e+02 6.1845397949e+02 6.1833599854e+02 6.1833197021e+02 6.1836102295e+02 6.1833502197e+02 6.1825897217e+02 6.1821600342e+02 6.1817401123e+02 6.1809899902e+02 6.1797802734e+02 6.1788598633e+02 6.1782702637e+02 6.1778100586e+02 6.1770800781e+02 6.1767199707e+02 6.1769097900e+02 6.1770697021e+02 6.1772802734e+02 6.1766802979e+02 6.1753198242e+02 6.1737902832e+02 6.1729199219e+02 6.1718597412e+02 6.1708001709e+02 6.1702398682e+02 6.1699401855e+02 6.1696301270e+02 6.1692401123e+02 6.1685797119e+02 6.1678100586e+02 6.1668701172e+02 6.1660601807e+02 6.1652801514e+02 6.1641601563e+02 6.1628802490e+02 6.1610900879e+02 6.1592700195e+02 6.1581402588e+02
6.1901800537e+02 6.1900000000e+02 6.1897900391e+02 6.1890100098e+02 6.1885198975e+02 6.1887902832e+02 6.1892102051e+02 6.1899597168e+02 6.1901898193e+02 6.1892700195e+02 6.1884301758e+02 6.1879901123e+02 6.1874700928e+02 6.1865002441e+02 6.1856896973e+02 6.1852099609e+02 6.1846099854e+02 6.1836297607e+02 6.1826397705e+02 6.1818798828e+02 6.1815002441e+02 6.1813000488e+02 6.1813098145e+02 6.1815698242e+02 6.1816900635e+02 6.1818902588e+02 6.1812597656e+02 6.1798901367e+02 6.1783197021e+02 6.1773199463e+02 6.1762500000e+02 6.1750799561e+02 6.1743402100e+02 6.1738800049e+02 6.1733599854e+02 6.1730902100e+02 6.1728601074e+02 6.1721197510e+02 6.1709600830e+02 6.1699597168e+02 6.1691601563e+02 6.1684899902e+02 6.1675500488e+02 6.1658502197e+02 6.1635498047e+02 6.1618200684e+02
6.1931597900e+02 6.1931097412e+02 6.1933697510e+02 6.1928802490e+02 6.1922399902e+02 6.1923199463e+02 6.1928100586e+02 6.1938500977e+02 6.1946099854e+02 6.1938598633e+02 6.1925500488e+02 6.1915197754e+02 6.1909399414e+02 6.1901800537e+02 6.1891998291e+02 6.1884002686e+02 6.1875799561e+02 6.1867797852e+02 6.1859997559e+02 6.1854101563e+02 6.1852099609e+02 6.1854199219e+02 6.1856402588e+02 6.1858898926e+02 6.1861999512e+02 6.1863397217e+02 6.1856201172e+02 6.1842102051e+02 6.1826898193e+02 6.1818499756e+02 6.1808801270e+02 6.1796600342e+02 6.1786499023e+02 6.1778399658e+02 6.1770599365e+02 6.1766198730e+02 6.1764202881e+02 6.1757299805e+02 6.1746600342e+02 6.1735302734e+02 6.1725598145e+02 6.1718798828e+02 6.1710302734e+02 6.1697100830e+02 6.1676898193e+02 6.1657098389e+02
6.1962902832e+02 6.1963598633e+02 6.1964202881e+02 6.1961297607e+02 6.1959997559e+02 6.1959899902e+02 6.1962298584e+02 6.1969598389e+02 6.1976397705e+02 6.1970599365e+02 6.1956500244e+02 6.1943798828e+02 6.1938098145e+02 6.1932800293e+02 6.1923699951e+02 6.1914099121e+02 6.1904400635e+02 6.1898901367e+02 6.1893200684e+02 6.1889001465e+02 6.1887298584e+02 6.1888800049e+02 6.1892797852e+02 6.1896697998e+02 6.1902398682e+02 6.1903100586e+02 6.1894897461e+02 6.1881201172e+02 6.1867199707e+02 6.1858599854e+02 6.1849499512e+02 6.1837402344e+02 6.1825598145e+02 6.1816400146e+02 6.1809301758e+02 6.1803997803e+02 6.1800402832e+02 6.1795202637e+02 6.1786297607e+02 6.1773797607e+02 6.1760302734e+02 6.1746899414e+02 6.1735198975e+02 6.1725299072e+02 6.1711700439e+02 6.1693902588e+02
6.1991998291e+02 6.1998101807e+02 6.1995800781e+02 6.1994897461e+02 6.2002301025e+02 6.2002001953e+02 6.2001800537e+02 6.2001599121e+02 6.2000500488e+02 6.1993298340e+02 6.1982598877e+02 6.1972302246e+02 6.1966400146e+02 6.1958300781e+02 6.1952099609e+02 6.1947302246e+02 6.1941699219e+02 6.1937097168e+02 6.1930700684e+02 6.1924700928e+02 6.1921899414e+02 6.1922900391e+02 6.1928997803e+02 6.1933398438e+02 6.1936700439e+02 6.1937097168e+02 6.1929400635e+02 6.1917498779e+02 6.1906402588e+02 6.1895300293e+02 6.1883697510e+02 6.1871899414e+02 6.1861901855e+02 6.1853497314e+02 6.1848400879e+02 6.1843402100e+02 6.1838702393e+02 6.1833398438e+02 6.1825897217e+02 6.1814099121e+02 6.1799102783e+02 6.1781298828e+02 6.1763702393e+02 6.1751202393e+02 6.1743402100e+02 6.1734698486e+02
6.1998699951e+02 6.2016198730e+02 6.2022802734e+02 6.2023699951e+02 6.2032098389e+02 6.2035900879e+02 6.2035699463e+02 6.2031799316e+02 6.2023297119e+02 6.2016497803e+02 6.2011199951e+02 6.2005102539e+02 6.1998797607e+02 6.1989001465e+02 6.1980499268e+02 6.1975201416e+02 6.1971600342e+02 6.1971899414e+02 6.1967498779e+02 6.1961297607e+02 6.1956402588e+02 6.1957000732e+02 6.1961199951e+02 6.1961401367e+02 6.1961499023e+02 6.1963500977e+02 6.1959399414e+02 6.1950799561e+02 6.1940100098e+02 6.1928198242e+02 6.1915301514e+02 6.1903900146e+02 6.1896099854e+02 6.1890100098e+02 6.1885998535e+02 6.1881701660e+02 6.1876898193e+02 6.1867498779e+02 6.1859100342e+02 6.1848699951e+02 6.1834197998e+02 6.1820001221e+02 6.1803100586e+02 6.1787200928e+02 6.1774499512e+02 6.1767498779e+02
6.1995501709e+02 6.2021002197e+02 6.2040002441e+02 6.2048498535e+02 6.2056799316e+02 6.2058599854e+02 6.2059497070e+02 6.2057702637e+02 6.2048400879e+02 6.2042700195e+02 6.2039599609e+02 6.2034100342e+02 6.2025201416e+02 6.2013598633e+02 6.2004797363e+02 6.2000000000e+02 6.1999902344e+02 6.2001397705e+02 6.2000299072e+02 6.1997100830e+02 6.1991802979e+02 6.1989001465e+02 6.1990802002e+02 6.1989599609e+02 6.1987902832e+02 6.1989599609e+02 6.1988201904e+02 6.1982501221e+02 6.1973699951e+02 6.1961199951e+02 6.1948101807e+02 6.1937402344e+02 6.1931097412e+02 6.1926000977e+02 6.1922100830e+02 6.1918798828e+02 6.1916601563e+02 6.1908697510e+02 6.1897100830e+02 6.1881896973e+02 6.1867199707e+02 6.1851599121e+02 6.1832598877e+02 6.1816302490e+02 6.1801300049e+02 6.1794799805e+02
6.1991302490e+02 6.2013702393e+02 6.2038598633e+02 6.2057397461e+02 6.2071002197e+02 6.2077301025e+02 6.2083398438e+02 6.2085198975e+02 6.2077398682e+02 6.2073999023e+02 6.2072900391e+02 6.2067199707e+02 6.2056597900e+02 6.2046899414e+02 6.2039501953e+02 6.2035699463e+02 6.2037097168e+02 6.2038000488e+02 6.2038098145e+02 6.2036499023e+02 6.2031097412e+02 6.2023602295e+02 6.2021801758e+02 6.2019500732e+02 6.2018103027e+02 6.2021002197e+02 6.2022399902e+02 6.2019000244e+02 6.2010198975e+02 6.1996697998e+02 6.1983697510e+02 6.1973699951e+02 6.1968902588e+02 6.1965502930e+02 6.1961499023e+02 6.1958099365e+02 6.1957202148e+02 6.1953997803e+02 6.1941198730e+02 6.1921997070e+02 6.1906201172e+02 6.1884899902e+02 6.1861401367e+02 6.1845001221e+02 6.1828698730e+02 6.1822900391e+02
6.1993402100e+02 6.2010400391e+02 6.2029998779e+02 6.2053900146e+02 6.2076501465e+02 6.2093298340e+02 6.2107000732e+02 6.2112402344e+02 6.2112500000e+02 6.2111102295e+02 6.2110601807e+02 6.2104797363e+02 6.2095397949e+02 6.2090301514e+02 6.2086102295e+02 6.2082098389e+02 6.2078399658e+02 6.2080200195e+02 6.2080102539e+02 6.2078002930e+02 6.2071398926e+02 6.2063397217e+02 6.2057000732e+02 6.2051702881e+02 6.2047399902e+02 6.2056701660e+02 6.2061602783e+02 6.2058898926e+02 6.2047601318e+02 6.2035101318e+02 6.2023602295e+02 6.2013299561e+02 6.2004400635e+02 6.2002398682e+02 6.2000402832e+02 6.1998400879e+02 6.1993902588e+02 6.1992700195e+02 6.1985498047e+02 6.1971002197e+02 6.1957098389e+02 6.1941400146e+02 6.1925201416e+02 6.1910797119e+02 6.1896099854e+02 6.1878198242e+02
6.1998297119e+02 6.2016497803e+02 6.2032800293e+02 6.2052001953e+02 6.2074700928e+02 6.2098797607e+02 6.2122698975e+02 6.2135400391e+02 6.2141601563e+02 6.2146099854e+02 6.2143200684e+02 6.2134301758e+02 6.2127099609e+02 6.2126702881e+02 6.2126000977e+02 6.2121301270e+02 6.2116400146e+02 6.2118902588e+02 6.2122497559e+02 6.2123400879e+02 6.2115899658e+02 6.2106896973e+02 6.2102899170e+02 6.2099798584e+02 6.2094598389e+02 6.2094897461e+02 6.2094799805e+02 6.2090600586e+02 6.2088702393e+02 6.2086499023e+02 6.2079101563e+02 6.2061499023e+02 6.2042797852e+02 6.2035900879e+02 6.2037097168e+02 6.2041900635e+02 6.2039398193e+02 6.2035400391e+02 6.2031597900e+02 6.2021002197e+02 6.2008697510e+02 6.2007202148e+02 6.2013397217e+02 6.2017999268e+02 6.2008502197e+02 6.1988800049e+02
6.2004101563e+02 6.2024798584e+02 6.2042498779e+02 6.2056799316e+02 6.2072198486e+02 6.2095202637e+02 6.2125799561e+02 6.2149200439e+02 6.2165197754e+02 6.2178002930e+02 6.2179797363e+02 6.2171002197e+02 6.2162799072e+02 6.2163500977e+02 6.2162402344e+02 6.2157897949e+02 6.2157397461e+02 6.2159197998e+02 6.2162799072e+02 6.2166198730e+02 6.2162799072e+02 6.2157299805e+02 6.2158300781e+02 6.2157397461e+02 6.2148901367e+02 6.2144000244e+02 6.2144201660e+02 6.2145898438e+02 6.2156500244e+02 6.2166101074e+02 6.2158898926e+02 6.2132098389e+02 6.2098999023e+02 6.2078601074e+02 6.2075299072e+02 6.2081799316e+02 6.2082501221e+02 6.2074902344e+02 6.2069702148e+02 6.2064501953e+02 6.2057598877e+02 6.2063397217e+02 6.2081402588e+02 6.2096197510e+02 6.2090997314e+02 6.2067901611e+02
6.2006701660e+02 6.2030603027e+02 6.2052301025e+02 6.2065698242e+02 6.2076599121e+02 6.2094500732e+02 6.2121997070e+02 6.2153698730e+02 6.2181799316e+02 6.2202600098e+02 6.2214099121e+02 6.2212500000e+02 6.2208300781e+02 6.2210101318e+02 6.2204901123e+02 6.2196997070e+02 6.2196697998e+02 6.2198999023e+02 6.2203302002e+02 6.2207800293e+02 6.2208801270e+02 6.2207702637e+02 6.2214300537e+02 6.2218103027e+02 6.2211901855e+02 6.2210498047e+02 6.2217199707e+02 6.2227001953e+02 6.2244299316e+02 6.2257299805e+02 6.2249200439e+02 6.2218597412e+02 6.2180999756e+02 6.2149798584e+02 6.2134997559e+02 6.2133099365e+02 6.2130200195e+02 6.2118402100e+02 6.2108398438e+02 6.2104302979e+02 6.2101800537e+02 6.2108697510e+02 6.2125701904e+02 6.2139202881e+02 6.2134399414e+02 6.2110797119e+02
