TESTSERVER/10/9.asc
NCOLS 100
NROWS 100
XLLCORNER 7.9997500000e+03
YLLCORNER 2.8950025000e+05
CELLSIZE 5.0000000000e-01
NODATA_VALUE -9.9990000000e+03
[rows 60 to 79 of 100, columns 46 to 91 of 100]
6.0831298828e+02 6.0861102295e+02 6.0888500977e+02 6.0914697266e+02 6.0940301514e+02 6.0965502930e+02 6.0991302490e+02 6.1017102051e+02 6.1043701172e+02 6.1068103027e+02 6.1090502930e+02 6.1111901855e+02 6.1134698486e+02 6.1156701660e+02 6.1179602051e+02 6.1202301025e+02 6.1224499512e+02 6.1245800781e+02 6.1270098877e+02 6.1297198486e+02 6.1325598145e+02 6.1350299072e+02 6.1371899414e+02 6.1392602539e+02 6.1413702393e+02 6.1438702393e+02 6.1464398193e+02 6.1487597656e+02 6.1508099365e+02 6.1523101807e+02 6.1540899658e+02 6.1564398193e+02 6.1589898682e+02 6.1605401611e+02 6.1618902588e+02 6.1636999512e+02 6.1663397217e+02 6.1685601807e+02 6.1708898926e+02 6.1735699463e+02 6.1759899902e+02 6.1784002686e+02 6.1805297852e+02 6.1822998047e+02 6.1841802979e+02 6.1860797119e+02
6.0817297363e+02 6.0846301270e+02 6.0873297119e+02 6.0899200439e+02 6.0924401855e+02 6.0949700928e+02 6.0975299072e+02 6.1000799561e+02 6.1027001953e+02 6.1052001953e+02 6.1075598145e+02 6.1098199463e+02 6.1120001221e+02 6.1141497803e+02 6.1161999512e+02 6.1182397461e+02 6.1203002930e+02 6.1225000000e+02 6.1250299072e+02 6.1277398682e+02 6.1305102539e+02 6.1329901123e+02 6.1352600098e+02 6.1375097656e+02 6.1398101807e+02 6.1422601318e+02 6.1446197510e+02 6.1467498779e+02 6.1486700439e+02 6.1502398682e+02 6.1519396973e+02 6.1540399170e+02 6.1566400146e+02 6.1587500000e+02 6.1603399658e+02 6.1620397949e+02 6.1641400146e+02 6.1662097168e+02 6.1685900879e+02 6.1711401367e+02 6.1735797119e+02 6.1759497070e+02 6.1783099365e+02 6.1804699707e+02 6.1825402832e+02 6.1842498779e+02
6.0801800537e+02 6.0829901123e+02 6.0856298828e+02 6.0882000732e+02 6.0907598877e+02 6.0933398438e+02 6.0958697510e+02 6.0983898926e+02 6.1009802246e+02 6.1035198975e+02 6.1059100342e+02 6.1082098389e+02 6.1104302979e+02 6.1124298096e+02 6.1142999268e+02 6.1161901855e+02 6.1180999756e+02 6.1203399658e+02 6.1229400635e+02 6.1256799316e+02 6.1284002686e+02 6.1308801270e+02 6.1332800293e+02 6.1357000732e+02 6.1381701660e+02 6.1407098389e+02 6.1429699707e+02 6.1448901367e+02 6.1465802002e+02 6.1484301758e+02 6.1503198242e+02 6.1523400879e+02 6.1546099854e+02 6.1567401123e+02 6.1583300781e+02 6.1600000000e+02 6.1619897461e+02 6.1641101074e+02 6.1665100098e+02 6.1690197754e+02 6.1714099121e+02 6.1736401367e+02 6.1759100342e+02 6.1780902100e+02 6.1803302002e+02 6.1823498535e+02
6.0784497070e+02 6.0811700439e+02 6.0837902832e+02 6.0864001465e+02 6.0890600586e+02 6.0916802979e+02 6.0941998291e+02 6.0966802979e+02 6.0992199707e+02 6.1017602539e+02 6.1041699219e+02 6.1064898682e+02 6.1086999512e+02 6.1105700684e+02 6.1123199463e+02 6.1140899658e+02 6.1159100342e+02 6.1181597900e+02 6.1207897949e+02 6.1235601807e+02 6.1262597656e+02 6.1287701416e+02 6.1312799072e+02 6.1338201904e+02 6.1364599609e+02 6.1391497803e+02 6.1413800049e+02 6.1431500244e+02 6.1446301270e+02 6.1466400146e+02 6.1486700439e+02 6.1505798340e+02 6.1524401855e+02 6.1543298340e+02 6.1559802246e+02 6.1577502441e+02 6.1598199463e+02 6.1620501709e+02 6.1644396973e+02 6.1669299316e+02 6.1693402100e+02 6.1715100098e+02 6.1735601807e+02 6.1754901123e+02 6.1773297119e+02 6.1794702148e+02
6.0767999268e+02 6.0793499756e+02 6.0819299316e+02 6.0846398926e+02 6.0875897217e+02 6.0901000977e+02 6.0925299072e+02 6.0949298096e+02 6.0972497559e+02 6.0997698975e+02 6.1021899414e+02 6.1045898438e+02 6.1068402100e+02 6.1086297607e+02 6.1104101563e+02 6.1121801758e+02 6.1139898682e+02 6.1160797119e+02 6.1186499023e+02 6.1213500977e+02 6.1239599609e+02 6.1266601563e+02 6.1292999268e+02 6.1319396973e+02 6.1346997070e+02 6.1375201416e+02 6.1397698975e+02 6.1415002441e+02 6.1430297852e+02 6.1447100830e+02 6.1465301514e+02 6.1482702637e+02 6.1498297119e+02 6.1517901611e+02 6.1536401367e+02 6.1555902100e+02 6.1577301025e+02 6.1600701904e+02 6.1624102783e+02 6.1647698975e+02 6.1671301270e+02 6.1693902588e+02 6.1713000488e+02 6.1729602051e+02 6.1744799805e+02 6.1763397217e+02
6.0754901123e+02 6.0780700684e+02 6.0806500244e+02 6.0833599854e+02 6.0861199951e+02 6.0884997559e+02 6.0908398438e+02 6.0931500244e+02 6.0953900146e+02 6.0977099609e+02 6.1001397705e+02 6.1025799561e+02 6.1048797607e+02 6.1068103027e+02 6.1087500000e+02 6.1106298828e+02 6.1122698975e+02 6.1143200684e+02 6.1167498779e+02 6.1193298340e+02 6.1220001221e+02 6.1246697998e+02 6.1273999023e+02 6.1301000977e+02 6.1328399658e+02 6.1355999756e+02 6.1379101563e+02 6.1398498535e+02 6.1415600586e+02 6.1431799316e+02 6.1447802734e+02 6.1463598633e+02 6.1480200195e+02 6.1498999023e+02 6.1517199707e+02 6.1537097168e+02 6.1559100342e+02 6.1582397461e+02 6.1604797363e+02 6.1626397705e+02 6.1647302246e+02 6.1667901611e+02 6.1686999512e+02 6.1705102539e+02 6.1722802734e+02 6.1740002441e+02
6.0741900635e+02 6.0770098877e+02 6.0795800781e+02 6.0820898438e+02 6.0845001221e+02 6.0867102051e+02 6.0890100098e+02 6.0912902832e+02 6.0934802246e+02 6.0957800293e+02 6.0981896973e+02 6.1006097412e+02 6.1029400635e+02 6.1049798584e+02 6.1069799805e+02 6.1089300537e+02 6.1106298828e+02 6.1126397705e+02 6.1150097656e+02 6.1175299072e+02 6.1201599121e+02 6.1228601074e+02 6.1255603027e+02 6.1282397461e+02 6.1308898926e+02 6.1334698486e+02 6.1357800293e+02 6.1378399658e+02 6.1398199463e+02 6.1418103027e+02 6.1433697510e+02 6.1448199463e+02 6.1464001465e+02 6.1480700684e+02 6.1497900391e+02 6.1517700195e+02 6.1540502930e+02 6.1563299561e+02 6.1584399414e+02 6.1604199219e+02 6.1623199463e+02 6.1641400146e+02 6.1659497070e+02 6.1678601074e+02 6.1699298096e+02 6.1717297363e+02
6.0727801514e+02 6.0756500244e+02 6.0780902100e+02 6.0803100586e+02 6.0825598145e+02 6.0848199463e+02 6.0870898438e+02 6.0893298340e+02 6.0915301514e+02 6.0938500977e+02 6.0962500000e+02 6.0986499023e+02 6.1010101318e+02 6.1031597900e+02 6.1052301025e+02 6.1072399902e+02 6.1090399170e+02 6.1110601807e+02 6.1133801270e+02 6.1158502197e+02 6.1184301758e+02 6.1210797119e+02 6.1237298584e+02 6.1263500977e+02 6.1289202881e+02 6.1313702393e+02 6.1336297607e+02 6.1356896973e+02 6.1376702881e+02 6.1399499512e+02 6.1416101074e+02 6.1430902100e+02 6.1447497559e+02 6.1463201904e+02 6.1479602051e+02 6.1498901367e+02 6.1521197510e+02 6.1543200684e+02 6.1563000488e+02 6.1581500244e+02 6.1599298096e+02 6.1616101074e+02 6.1633001709e+02 6.1651501465e+02 6.1671697998e+02 6.1690899658e+02
6.0709100342e+02 6.0738702393e+02 6.0760998535e+02 6.0780102539e+02 6.0803002930e+02 6.0827502441e+02 6.0850201416e+02 6.0872601318e+02 6.0894500732e+02 6.0919500732e+02 6.0943597412e+02 6.0967498779e+02 6.0990899658e+02 6.1013397217e+02 6.1035198975e+02 6.1056500244e+02 6.1077301025e+02 6.1096697998e+02 6.1119598389e+02 6.1143103027e+02 6.1168200684e+02 6.1193499756e+02 6.1218798828e+02 6.1243798828e+02 6.1268798828e+02 6.1293902588e+02 6.1316198730e+02 6.1336401367e+02 6.1354400635e+02 6.1374499512e+02 6.1392602539e+02 6.1409802246e+02 6.1429602051e+02 6.1446099854e+02 6.1462402344e+02 6.1480700684e+02 6.1502099609e+02 6.1521801758e+02 6.1540698242e+02 6.1558502197e+02 6.1575097656e+02 6.1592498779e+02 6.1608697510e+02 6.1625000000e+02 6.1639001465e+02 6.1659802246e+02
6.0695098877e+02 6.0720800781e+02 6.0741699219e+02 6.0759698486e+02 6.0781896973e+02 6.0805297852e+02 6.0829400635e+02 6.0853100586e+02 6.0875799561e+02 6.0900000000e+02 6.0924298096e+02 6.0948498535e+02 6.0971899414e+02 6.0994299316e+02 6.1016802979e+02 6.1039099121e+02 6.1060498047e+02 6.1082397461e+02 6.1105102539e+02 6.1127899170e+02 6.1151501465e+02 6.1175799561e+02 6.1199798584e+02 6.1223699951e+02 6.1248699951e+02 6.1273498535e+02 6.1295098877e+02 6.1315100098e+02 6.1332501221e+02 6.1351202393e+02 6.1370098877e+02 6.1389099121e+02 6.1409497070e+02 6.1427197266e+02 6.1443402100e+02 6.1460400391e+02 6.1479797363e+02 6.1498797607e+02 6.1517602539e+02 6.1535302734e+02 6.1552001953e+02 6.1569201660e+02 6.1585498047e+02 6.1600701904e+02 6.1614801025e+02 6.1632897949e+02
6.0680603027e+02 6.0704602051e+02 6.0725799561e+02 6.0744000244e+02 6.0764697266e+02 6.0786798096e+02 6.0810198975e+02 6.0834002686e+02 6.0857202148e+02 6.0880999756e+02 6.0905200195e+02 6.0929302979e+02 6.0952801514e+02 6.0975598145e+02 6.0998400879e+02 6.1021002197e+02 6.1043499756e+02 6.1065997314e+02 6.1088598633e+02 6.1111297607e+02 6.1134197998e+02 6.1157501221e+02 6.1180700684e+02 6.1203698730e+02 6.1227801514e+02 6.1251599121e+02 6.1272399902e+02 6.1291802979e+02 6.1309497070e+02 6.1329400635e+02 6.1349401855e+02 6.1369500732e+02 6.1390899658e+02 6.1409301758e+02 6.1425402832e+02 6.1441302490e+02 6.1459301758e+02 6.1477697754e+02 6.1495898438e+02 6.1513500977e+02 6.1530700684e+02 6.1548400879e+02 6.1565399170e+02 6.1580902100e+02 6.1595098877e+02 6.1611401367e+02
6.0665600586e+02 6.0690600586e+02 6.0713098145e+02 6.0730102539e+02 6.0750701904e+02 6.0771301270e+02 6.0792401123e+02 6.0814898682e+02 6.0838299561e+02 6.0862200928e+02 6.0886199951e+02 6.0910198975e+02 6.0933697510e+02 6.0957000732e+02 6.0980102539e+02 6.1003100586e+02 6.1026098633e+02 6.1048797607e+02 6.1071197510e+02 6.1093798828e+02 6.1116497803e+02 6.1138897705e+02 6.1161297607e+02 6.1183398438e+02 6.1206298828e+02 6.1228399658e+02 6.1248297119e+02 6.1267102051e+02 6.1285302734e+02 6.1307000732e+02 6.1328601074e+02 6.1350097656e+02 6.1372601318e+02 6.1392401123e+02 6.1409100342e+02 6.1424597168e+02 6.1441601563e+02 6.1458502197e+02 6.1475799561e+02 6.1493200684e+02 6.1511297607e+02 6.1530499268e+02 6.1549102783e+02 6.1565997314e+02 6.1581298828e+02 6.1596801758e+02
6.0655700684e+02 6.0680499268e+02 6.0703002930e+02 6.0720300293e+02 6.0739300537e+02 6.0758300781e+02 6.0776202393e+02 6.0796600342e+02 6.0819396973e+02 6.0842999268e+02 6.0866900635e+02 6.0891101074e+02 6.0914801025e+02 6.0937799072e+02 6.0961499023e+02 6.0985101318e+02 6.1008502197e+02 6.1030902100e+02 6.1053100586e+02 6.1075299072e+02 6.1097497559e+02 6.1120098877e+02 6.1141699219e+02 6.1162902832e+02 6.1183502197e+02 6.1203900146e+02 6.1222998047e+02 6.1241802979e+02 6.1261401367e+02 6.1283398438e+02 6.1306402588e+02 6.1329400635e+02 6.1352502441e+02 6.1373901367e+02 6.1392602539e+02 6.1409698486e+02 6.1426599121e+02 6.1442199707e+02 6.1458099365e+02 6.1474798584e+02 6.1492401123e+02 6.1513000488e+02 6.1533599854e+02 6.1553302002e+02 6.1572399902e+02 6.1587298584e+02
6.0646801758e+02 6.0671099854e+02 6.0693103027e+02 6.0711798096e+02 6.0729400635e+02 6.0745898438e+02 6.0763397217e+02 6.0784399414e+02 6.0805499268e+02 6.0826397705e+02 6.0848101807e+02 6.0871301270e+02 6.0895001221e+02 6.0917602539e+02 6.0941302490e+02 6.0965197754e+02 6.0989202881e+02 6.1011798096e+02 6.1034197998e+02 6.1056201172e+02 6.1078198242e+02 6.1100402832e+02 6.1121697998e+02 6.1142498779e+02 6.1162402344e+02 6.1181097412e+02 6.1200097656e+02 6.1219299316e+02 6.1239099121e+02 6.1260699463e+02 6.1283099365e+02 6.1306201172e+02 6.1330499268e+02 6.1353302002e+02 6.1373699951e+02 6.1392401123e+02 6.1409600830e+02 6.1426202393e+02 6.1442401123e+02 6.1458599854e+02 6.1475598145e+02 6.1495397949e+02 6.1516601563e+02 6.1537799072e+02 6.1557202148e+02 6.1573199463e+02
6.0639398193e+02 6.0663201904e+02 6.0684600830e+02 6.0703302002e+02 6.0720599365e+02 6.0736401367e+02 6.0752899170e+02 6.0772198486e+02 6.0791802979e+02 6.0811199951e+02 6.0830297852e+02 6.0851599121e+02 6.0875097656e+02 6.0897998047e+02 6.0921600342e+02 6.0945501709e+02 6.0969799805e+02 6.0992999268e+02 6.1015301514e+02 6.1037200928e+02 6.1058898926e+02 6.1080603027e+02 6.1101800537e+02 6.1122399902e+02 6.1141802979e+02 6.1160198975e+02 6.1179302979e+02 6.1198400879e+02 6.1217901611e+02 6.1238397217e+02 6.1259899902e+02 6.1282397461e+02 6.1306701660e+02 6.1330700684e+02 6.1352398682e+02 6.1372399902e+02 6.1390802002e+02 6.1408300781e+02 6.1425201416e+02 6.1441802979e+02 6.1458599854e+02 6.1478100586e+02 6.1499298096e+02 6.1520599365e+02 6.1539501953e+02 6.1556500244e+02
6.0630999756e+02 6.0653900146e+02 6.0675701904e+02 6.0694201660e+02 6.0712097168e+02 6.0729901123e+02 6.0745001221e+02 6.0760797119e+02 6.0778002930e+02 6.0796301270e+02 6.0813598633e+02 6.0832800293e+02 6.0855401611e+02 6.0878802490e+02 6.0902398682e+02 6.0926098633e+02 6.0950598145e+02 6.0974102783e+02 6.0996398926e+02 6.1018298340e+02 6.1039697266e+02 6.1060900879e+02 6.1081896973e+02 6.1102502441e+02 6.1121801758e+02 6.1140600586e+02 6.1159802246e+02 6.1178997803e+02 6.1197900391e+02 6.1216497803e+02 6.1236700439e+02 6.1257897949e+02 6.1281201172e+02 6.1305603027e+02 6.1328198242e+02 6.1349401855e+02 6.1369299316e+02 6.1388000488e+02 6.1405902100e+02 6.1423400879e+02 6.1440698242e+02 6.1459997559e+02 6.1480902100e+02 6.1501599121e+02 6.1519702148e+02 6.1536602783e+02
6.0620202637e+02 6.0641900635e+02 6.0664898682e+02 6.0684997559e+02 6.0704199219e+02 6.0721301270e+02 6.0735198975e+02 6.0748101807e+02 6.0761999512e+02 6.0780603027e+02 6.0797998047e+02 6.0816497803e+02 6.0838201904e+02 6.0860302734e+02 6.0883197021e+02 6.0906799316e+02 6.0931097412e+02 6.0954797363e+02 6.0977099609e+02 6.0998999023e+02 6.1019702148e+02 6.1040997314e+02 6.1061999512e+02 6.1082702637e+02 6.1104101563e+02 6.1123297119e+02 6.1142901611e+02 6.1162097168e+02 6.1180603027e+02 6.1196197510e+02 6.1214202881e+02 6.1233398438e+02 6.1253997803e+02 6.1277600098e+02 6.1300402832e+02 6.1322601318e+02 6.1341802979e+02 6.1363000488e+02 6.1382501221e+02 6.1401599121e+02 6.1420300293e+02 6.1441302490e+02 6.1461700439e+02 6.1480902100e+02 6.1497198486e+02 6.1514697266e+02
6.0604699707e+02 6.0628002930e+02 6.0653198242e+02 6.0673797607e+02 6.0692401123e+02 6.0709802246e+02 6.0722198486e+02 6.0734100342e+02 6.0747497559e+02 6.0763598633e+02 6.0783300781e+02 6.0805401611e+02 6.0825201416e+02 6.0845001221e+02 6.0866400146e+02 6.0889001465e+02 6.0913201904e+02 6.0936401367e+02 6.0958197021e+02 6.0979699707e+02 6.1000799561e+02 6.1021600342e+02 6.1042498779e+02 6.1063500977e+02 6.1085302734e+02 6.1106298828e+02 6.1126000977e+02 6.1144897461e+02 6.1162200928e+02 6.1176898193e+02 6.1192700195e+02 6.1209698486e+02 6.1229101563e+02 6.1251098633e+02 6.1273101807e+02 6.1295300293e+02 6.1316900635e+02 6.1337402344e+02 6.1357897949e+02 6.1378100586e+02 6.1398602295e+02 6.1420300293e+02 6.1440600586e+02 6.1459698486e+02 6.1476800537e+02 6.1494598389e+02
6.0587597656e+02 6.0612097168e+02 6.0639501953e+02 6.0660400391e+02 6.0678399658e+02 6.0696899414e+02 6.0710101318e+02 6.0722302246e+02 6.0735101318e+02 6.0750097656e+02 6.0769702148e+02 6.0792901611e+02 6.0812500000e+02 6.0831701660e+02 6.0852398682e+02 6.0873699951e+02 6.0896398926e+02 6.0918798828e+02 6.0940301514e+02 6.0961401367e+02 6.0982098389e+02 6.1002697754e+02 6.1023498535e+02 6.1044500732e+02 6.1066400146e+02 6.1087597656e+02 6.1107397461e+02 6.1126397705e+02 6.1143798828e+02 6.1157501221e+02 6.1171801758e+02 6.1187298584e+02 6.1205401611e+02 6.1226397705e+02 6.1247802734e+02 6.1269702148e+02 6.1291998291e+02 6.1313702393e+02 6.1334802246e+02 6.1355499268e+02 6.1376501465e+02 6.1398498535e+02 6.1419396973e+02 6.1439099121e+02 6.1457098389e+02 6.1475402832e+02
6.0566998291e+02 6.0592297363e+02 6.0621398926e+02 6.0644299316e+02 6.0662597656e+02 6.0682800293e+02 6.0698602295e+02 6.0711297607e+02 6.0722998047e+02 6.0737701416e+02 6.0754699707e+02 6.0775799561e+02 6.0797698975e+02 6.0818200684e+02 6.0838598633e+02 6.0859197998e+02 6.0880297852e+02 6.0901702881e+02 6.0922698975e+02 6.0943402100e+02 6.0963598633e+02 6.0983898926e+02 6.1004498291e+02 6.1025402832e+02 6.1047302246e+02 6.1068597412e+02 6.1088397217e+02 6.1107397461e+02 6.1125201416e+02 6.1138397217e+02 6.1151702881e+02 6.1166198730e+02 6.1183001709e+02 6.1202801514e+02 6.1223498535e+02 6.1245098877e+02 6.1267700195e+02 6.1290002441e+02 6.1311401367e+02 6.1332800293e+02 6.1354199219e+02 6.1376501465e+02 6.1398101807e+02 6.1418701172e+02 6.1438098145e+02 6.1457397461e+02
