TESTSERVER/10/9.asc
NCOLS 100
NROWS 100
XLLCORNER 7.9997500000e+03
YLLCORNER 2.8950025000e+05
CELLSIZE 5.0000000000e-01
NODATA_VALUE -9.9990000000e+03
[rows 40 to 59 of 100, columns 0 to 45 of 100]
6.0232299805e+02 6.0239398193e+02 6.0247698975e+02 6.0256097412e+02 6.0262200928e+02 6.0269500732e+02 6.0280102539e+02 6.0290502930e+02 6.0300299072e+02 6.0311999512e+02 6.0325799561e+02 6.0342199707e+02 6.0358898926e+02 6.0376501465e+02 6.0393597412e+02 6.0412597656e+02 6.0431597900e+02 6.0451397705e+02 6.0472302246e+02 6.0490502930e+02 6.0506896973e+02 6.0524401855e+02 6.0543103027e+02 6.0563299561e+02 6.0583099365e+02 6.0605401611e+02 6.0627697754e+02 6.0651202393e+02 6.0673901367e+02 6.0697100830e+02 6.0719097900e+02 6.0742199707e+02 6.0764898682e+02 6.0789501953e+02 6.0817999268e+02 6.0846002197e+02 6.0873699951e+02 6.0901098633e+02 6.0927502441e+02 6.0951800537e+02 6.0976300049e+02 6.1000299072e+02 6.1023797607e+02 6.1046997070e+02 6.1070501709e+02 6.1094201660e+02
6.0225897217e+02 6.0233398438e+02 6.0240802002e+02 6.0250201416e+02 6.0256402588e+02 6.0261401367e+02 6.0271002197e+02 6.0281597900e+02 6.0292797852e+02 6.0304101563e+02 6.0318402100e+02 6.0334997559e+02 6.0351098633e+02 6.0368298340e+02 6.0385498047e+02 6.0405102539e+02 6.0424401855e+02 6.0443298340e+02 6.0464099121e+02 6.0483398438e+02 6.0500701904e+02 6.0519396973e+02 6.0538397217e+02 6.0556097412e+02 6.0576202393e+02 6.0597601318e+02 6.0618701172e+02 6.0641900635e+02 6.0663897705e+02 6.0687298584e+02 6.0708197021e+02 6.0732598877e+02 6.0757000732e+02 6.0781097412e+02 6.0808502197e+02 6.0836199951e+02 6.0864001465e+02 6.0891400146e+02 6.0917297363e+02 6.0941900635e+02 6.0965997314e+02 6.0989599609e+02 6.1013098145e+02 6.1036499023e+02 6.1059802246e+02 6.1083197021e+02
6.0219201660e+02 6.0225701904e+02 6.0232299805e+02 6.0242199707e+02 6.0249700928e+02 6.0255603027e+02 6.0263598633e+02 6.0273699951e+02 6.0285498047e+02 6.0296697998e+02 6.0310900879e+02 6.0327301025e+02 6.0342602539e+02 6.0359802246e+02 6.0379101563e+02 6.0398400879e+02 6.0417102051e+02 6.0436401367e+02 6.0458197021e+02 6.0477697754e+02 6.0495599365e+02 6.0514898682e+02 6.0533898926e+02 6.0550500488e+02 6.0570300293e+02 6.0590997314e+02 6.0611901855e+02 6.0633599854e+02 6.0653601074e+02 6.0676599121e+02 6.0697601318e+02 6.0720697021e+02 6.0745599365e+02 6.0770898438e+02 6.0799200439e+02 6.0827600098e+02 6.0855499268e+02 6.0882397461e+02 6.0908001709e+02 6.0932501221e+02 6.0956201172e+02 6.0979498291e+02 6.1002301025e+02 6.1025299072e+02 6.1048602295e+02 6.1071899414e+02
6.0211499023e+02 6.0218402100e+02 6.0225299072e+02 6.0235302734e+02 6.0243402100e+02 6.0251000977e+02 6.0257202148e+02 6.0267700195e+02 6.0278900146e+02 6.0289398193e+02 6.0303302002e+02 6.0319396973e+02 6.0334497070e+02 6.0352801514e+02 6.0373297119e+02 6.0391699219e+02 6.0410400391e+02 6.0430700684e+02 6.0452502441e+02 6.0471502686e+02 6.0489599609e+02 6.0509197998e+02 6.0527801514e+02 6.0544396973e+02 6.0564599609e+02 6.0585198975e+02 6.0604797363e+02 6.0623901367e+02 6.0642700195e+02 6.0665301514e+02 6.0686499023e+02 6.0709698486e+02 6.0735400391e+02 6.0761499023e+02 6.0790600586e+02 6.0819500732e+02 6.0847497559e+02 6.0874499512e+02 6.0899597168e+02 6.0923199463e+02 6.0946398926e+02 6.0969299316e+02 6.0991302490e+02 6.1013800049e+02 6.1037097168e+02 6.1060302734e+02
6.0203601074e+02 6.0212701416e+02 6.0219799805e+02 6.0227398682e+02 6.0235101318e+02 6.0244299316e+02 6.0250000000e+02 6.0260998535e+02 6.0271997070e+02 6.0282202148e+02 6.0295800781e+02 6.0312701416e+02 6.0326898193e+02 6.0345098877e+02 6.0366400146e+02 6.0384899902e+02 6.0404797363e+02 6.0426501465e+02 6.0445898438e+02 6.0464599609e+02 6.0483099365e+02 6.0502301025e+02 6.0520800781e+02 6.0538800049e+02 6.0559002686e+02 6.0577502441e+02 6.0592700195e+02 6.0610900879e+02 6.0631701660e+02 6.0654400635e+02 6.0675299072e+02 6.0701898193e+02 6.0728302002e+02 6.0753900146e+02 6.0784399414e+02 6.0811102295e+02 6.0838702393e+02 6.0866302490e+02 6.0894299316e+02 6.0914398193e+02 6.0936297607e+02 6.0958099365e+02 6.0979498291e+02 6.1002398682e+02 6.1025500488e+02 6.1048699951e+02
6.0195001221e+02 6.0204302979e+02 6.0212402344e+02 6.0219598389e+02 6.0227398682e+02 6.0237298584e+02 6.0243298340e+02 6.0253002930e+02 6.0264801025e+02 6.0275701904e+02 6.0289398193e+02 6.0305401611e+02 6.0319000244e+02 6.0336499023e+02 6.0358001709e+02 6.0378601074e+02 6.0399499512e+02 6.0421697998e+02 6.0441497803e+02 6.0460797119e+02 6.0477899170e+02 6.0496002197e+02 6.0515600586e+02 6.0533197021e+02 6.0551800537e+02 6.0568798828e+02 6.0585198975e+02 6.0603002930e+02 6.0621899414e+02 6.0643902588e+02 6.0665301514e+02 6.0690002441e+02 6.0715997314e+02 6.0742401123e+02 6.0774499512e+02 6.0802502441e+02 6.0829101563e+02 6.0856500244e+02 6.0882702637e+02 6.0903900146e+02 6.0925500488e+02 6.0946997070e+02 6.0968402100e+02 6.0990698242e+02 6.1013397217e+02 6.1036499023e+02
6.0185998535e+02 6.0195098877e+02 6.0204602051e+02 6.0212902832e+02 6.0220697021e+02 6.0230999756e+02 6.0238702393e+02 6.0247302246e+02 6.0258502197e+02 6.0269201660e+02 6.0281896973e+02 6.0296697998e+02 6.0311102295e+02 6.0329101563e+02 6.0350402832e+02 6.0371697998e+02 6.0393701172e+02 6.0416699219e+02 6.0436999512e+02 6.0455700684e+02 6.0472399902e+02 6.0490197754e+02 6.0507397461e+02 6.0522497559e+02 6.0540899658e+02 6.0558898926e+02 6.0575097656e+02 6.0591802979e+02 6.0609600830e+02 6.0632202148e+02 6.0655401611e+02 6.0678497314e+02 6.0704101563e+02 6.0730902100e+02 6.0761199951e+02 6.0788299561e+02 6.0815197754e+02 6.0843902588e+02 6.0868701172e+02 6.0890698242e+02 6.0913098145e+02 6.0935302734e+02 6.0956402588e+02 6.0978002930e+02 6.1000500488e+02 6.1023400879e+02
6.0180102539e+02 6.0187902832e+02 6.0197399902e+02 6.0206298828e+02 6.0213299561e+02 6.0223602295e+02 6.0232800293e+02 6.0241802979e+02 6.0252697754e+02 6.0263500977e+02 6.0275299072e+02 6.0289300537e+02 6.0304400635e+02 6.0322497559e+02 6.0342199707e+02 6.0363098145e+02 6.0385302734e+02 6.0408398438e+02 6.0428900146e+02 6.0447698975e+02 6.0465399170e+02 6.0482702637e+02 6.0498297119e+02 6.0512597656e+02 6.0531500244e+02 6.0549298096e+02 6.0564599609e+02 6.0582299805e+02 6.0601098633e+02 6.0623602295e+02 6.0645300293e+02 6.0669000244e+02 6.0694598389e+02 6.0720697021e+02 6.0747100830e+02 6.0772399902e+02 6.0799200439e+02 6.0828802490e+02 6.0852099609e+02 6.0875299072e+02 6.0898602295e+02 6.0921697998e+02 6.0943200684e+02 6.0964398193e+02 6.0986999512e+02 6.1009802246e+02
6.0176397705e+02 6.0181500244e+02 6.0190197754e+02 6.0198901367e+02 6.0205798340e+02 6.0216900635e+02 6.0226202393e+02 6.0235699463e+02 6.0246997070e+02 6.0258398438e+02 6.0269500732e+02 6.0282897949e+02 6.0298101807e+02 6.0315399170e+02 6.0333801270e+02 6.0354998779e+02 6.0376501465e+02 6.0398199463e+02 6.0419500732e+02 6.0439001465e+02 6.0457000732e+02 6.0473999023e+02 6.0490600586e+02 6.0504602051e+02 6.0522698975e+02 6.0539898682e+02 6.0553997803e+02 6.0573400879e+02 6.0593499756e+02 6.0613702393e+02 6.0633801270e+02 6.0657299805e+02 6.0682397461e+02 6.0709301758e+02 6.0735302734e+02 6.0759399414e+02 6.0784197998e+02 6.0810302734e+02 6.0833300781e+02 6.0857897949e+02 6.0882501221e+02 6.0906597900e+02 6.0929699707e+02 6.0950598145e+02 6.0973101807e+02 6.0995599365e+02
6.0173101807e+02 6.0177697754e+02 6.0184100342e+02 6.0193200684e+02 6.0200799561e+02 6.0211700439e+02 6.0220898438e+02 6.0230102539e+02 6.0241101074e+02 6.0252502441e+02 6.0263299561e+02 6.0274597168e+02 6.0289697266e+02 6.0306097412e+02 6.0323199463e+02 6.0345001221e+02 6.0365600586e+02 6.0386700439e+02 6.0409197998e+02 6.0429602051e+02 6.0446398926e+02 6.0462799072e+02 6.0480603027e+02 6.0495501709e+02 6.0511700439e+02 6.0528302002e+02 6.0543499756e+02 6.0563397217e+02 6.0582000732e+02 6.0602301025e+02 6.0623901367e+02 6.0646197510e+02 6.0669702148e+02 6.0696099854e+02 6.0721997070e+02 6.0744799805e+02 6.0768499756e+02 6.0791699219e+02 6.0813800049e+02 6.0838500977e+02 6.0862902832e+02 6.0886901855e+02 6.0911798096e+02 6.0936102295e+02 6.0959399414e+02 6.0982299805e+02
6.0167901611e+02 6.0173602295e+02 6.0179199219e+02 6.0187500000e+02 6.0194299316e+02 6.0203997803e+02 6.0213000488e+02 6.0223498535e+02 6.0234600830e+02 6.0245800781e+02 6.0256896973e+02 6.0267901611e+02 6.0283001709e+02 6.0298602295e+02 6.0315899658e+02 6.0336199951e+02 6.0355401611e+02 6.0375701904e+02 6.0397497559e+02 6.0418597412e+02 6.0436199951e+02 6.0452801514e+02 6.0470800781e+02 6.0485601807e+02 6.0501501465e+02 6.0517901611e+02 6.0533502197e+02 6.0552801514e+02 6.0571002197e+02 6.0591802979e+02 6.0612500000e+02 6.0634301758e+02 6.0657299805e+02 6.0682702637e+02 6.0709002686e+02 6.0731799316e+02 6.0753900146e+02 6.0775000000e+02 6.0795501709e+02 6.0820300293e+02 6.0843499756e+02 6.0866998291e+02 6.0893798828e+02 6.0920501709e+02 6.0944799805e+02 6.0968499756e+02
6.0159997559e+02 6.0167102051e+02 6.0173498535e+02 6.0181597900e+02 6.0188800049e+02 6.0198797607e+02 6.0206097412e+02 6.0216497803e+02 6.0227697754e+02 6.0238800049e+02 6.0250701904e+02 6.0261901855e+02 6.0276501465e+02 6.0291101074e+02 6.0308801270e+02 6.0326300049e+02 6.0345001221e+02 6.0365197754e+02 6.0385101318e+02 6.0405700684e+02 6.0424102783e+02 6.0441497803e+02 6.0460498047e+02 6.0474200439e+02 6.0490997314e+02 6.0508898926e+02 6.0523699951e+02 6.0541900635e+02 6.0560302734e+02 6.0581402588e+02 6.0601098633e+02 6.0623602295e+02 6.0646801758e+02 6.0670599365e+02 6.0696301270e+02 6.0718701172e+02 6.0740502930e+02 6.0762298584e+02 6.0781402588e+02 6.0804797363e+02 6.0826397705e+02 6.0848999023e+02 6.0876300049e+02 6.0904199219e+02 6.0929498291e+02 6.0953900146e+02
6.0152600098e+02 6.0159399414e+02 6.0165899658e+02 6.0176098633e+02 6.0183898926e+02 6.0193298340e+02 6.0202099609e+02 6.0210998535e+02 6.0221997070e+02 6.0233300781e+02 6.0245300293e+02 6.0256799316e+02 6.0268597412e+02 6.0283099365e+02 6.0300097656e+02 6.0315002441e+02 6.0333801270e+02 6.0353698730e+02 6.0371801758e+02 6.0391101074e+02 6.0410198975e+02 6.0429101563e+02 6.0448498535e+02 6.0462799072e+02 6.0478601074e+02 6.0497302246e+02 6.0513897705e+02 6.0532000732e+02 6.0549499512e+02 6.0569702148e+02 6.0590802002e+02 6.0611602783e+02 6.0634802246e+02 6.0659301758e+02 6.0686901855e+02 6.0707800293e+02 6.0728997803e+02 6.0751202393e+02 6.0769201660e+02 6.0791900635e+02 6.0812097168e+02 6.0832598877e+02 6.0859197998e+02 6.0887902832e+02 6.0914099121e+02 6.0938397217e+02
6.0146197510e+02 6.0153002930e+02 6.0158801270e+02 6.0169000244e+02 6.0177600098e+02 6.0187402344e+02 6.0197399902e+02 6.0205798340e+02 6.0216998291e+02 6.0229901123e+02 6.0240997314e+02 6.0251800537e+02 6.0263000488e+02 6.0276098633e+02 6.0289801025e+02 6.0305297852e+02 6.0323199463e+02 6.0341400146e+02 6.0359002686e+02 6.0377001953e+02 6.0397399902e+02 6.0417297363e+02 6.0435998535e+02 6.0453002930e+02 6.0469097900e+02 6.0487200928e+02 6.0504400635e+02 6.0522698975e+02 6.0540002441e+02 6.0559197998e+02 6.0580401611e+02 6.0599798584e+02 6.0623199463e+02 6.0647900391e+02 6.0675000000e+02 6.0698297119e+02 6.0719897461e+02 6.0740399170e+02 6.0758001709e+02 6.0779602051e+02 6.0799401855e+02 6.0818701172e+02 6.0843298340e+02 6.0871301270e+02 6.0896697998e+02 6.0920697021e+02
6.0136901855e+02 6.0144897461e+02 6.0151202393e+02 6.0160601807e+02 6.0170697021e+02 6.0181701660e+02 6.0191998291e+02 6.0200000000e+02 6.0211297607e+02 6.0224597168e+02 6.0236297607e+02 6.0247399902e+02 6.0258099365e+02 6.0271002197e+02 6.0283001709e+02 6.0297900391e+02 6.0314001465e+02 6.0331097412e+02 6.0348101807e+02 6.0363397217e+02 6.0383300781e+02 6.0404101563e+02 6.0423999023e+02 6.0441400146e+02 6.0457702637e+02 6.0474200439e+02 6.0492700195e+02 6.0511901855e+02 6.0529498291e+02 6.0547998047e+02 6.0567797852e+02 6.0589202881e+02 6.0613702393e+02 6.0639099121e+02 6.0665002441e+02 6.0688397217e+02 6.0708801270e+02 6.0728302002e+02 6.0746197510e+02 6.0765100098e+02 6.0784497070e+02 6.0805798340e+02 6.0828399658e+02 6.0853698730e+02 6.0878002930e+02 6.0902099609e+02
6.0127099609e+02 6.0135498047e+02 6.0142999268e+02 6.0152301025e+02 6.0162701416e+02 6.0173602295e+02 6.0184399414e+02 6.0195001221e+02 6.0206402588e+02 6.0218798828e+02 6.0230499268e+02 6.0242199707e+02 6.0252600098e+02 6.0265002441e+02 6.0276397705e+02 6.0290399170e+02 6.0305200195e+02 6.0321301270e+02 6.0337402344e+02 6.0350097656e+02 6.0369097900e+02 6.0389898682e+02 6.0410101318e+02 6.0426800537e+02 6.0444702148e+02 6.0461297607e+02 6.0479602051e+02 6.0498699951e+02 6.0516802979e+02 6.0535498047e+02 6.0554602051e+02 6.0577301025e+02 6.0601800537e+02 6.0626599121e+02 6.0651702881e+02 6.0676202393e+02 6.0696398926e+02 6.0714898682e+02 6.0733001709e+02 6.0751202393e+02 6.0770098877e+02 6.0792199707e+02 6.0813800049e+02 6.0836700439e+02 6.0859802246e+02 6.0883898926e+02
6.0119396973e+02 6.0126898193e+02 6.0134899902e+02 6.0143902588e+02 6.0153802490e+02 6.0164801025e+02 6.0175897217e+02 6.0189501953e+02 6.0201098633e+02 6.0212402344e+02 6.0224700928e+02 6.0236602783e+02 6.0247399902e+02 6.0258801270e+02 6.0269702148e+02 6.0282202148e+02 6.0296099854e+02 6.0310797119e+02 6.0325500488e+02 6.0338897705e+02 6.0357397461e+02 6.0376898193e+02 6.0395397949e+02 6.0412097168e+02 6.0431701660e+02 6.0449597168e+02 6.0466699219e+02 6.0484600830e+02 6.0502697754e+02 6.0522497559e+02 6.0543402100e+02 6.0564099121e+02 6.0586199951e+02 6.0610101318e+02 6.0635797119e+02 6.0661999512e+02 6.0683197021e+02 6.0701300049e+02 6.0717199707e+02 6.0739300537e+02 6.0757598877e+02 6.0776702881e+02 6.0797698975e+02 6.0820098877e+02 6.0842797852e+02 6.0866400146e+02
6.0109600830e+02 6.0116302490e+02 6.0125299072e+02 6.0135101318e+02 6.0144897461e+02 6.0157501221e+02 6.0169299316e+02 6.0183099365e+02 6.0194897461e+02 6.0206701660e+02 6.0220001221e+02 6.0231597900e+02 6.0241802979e+02 6.0251898193e+02 6.0262500000e+02 6.0274200439e+02 6.0286999512e+02 6.0299597168e+02 6.0313201904e+02 6.0327697754e+02 6.0344299316e+02 6.0362298584e+02 6.0380999756e+02 6.0397497559e+02 6.0417498779e+02 6.0436602783e+02 6.0453399658e+02 6.0472497559e+02 6.0490698242e+02 6.0508697510e+02 6.0528497314e+02 6.0549401855e+02 6.0571301270e+02 6.0596002197e+02 6.0621398926e+02 6.0645001221e+02 6.0666998291e+02 6.0687500000e+02 6.0704400635e+02 6.0725598145e+02 6.0742797852e+02 6.0761102295e+02 6.0783398438e+02 6.0803302002e+02 6.0825097656e+02 6.0848297119e+02
6.0102099609e+02 6.0108197021e+02 6.0116601563e+02 6.0127697754e+02 6.0138000488e+02 6.0150799561e+02 6.0162200928e+02 6.0175598145e+02 6.0188299561e+02 6.0200402832e+02 6.0213299561e+02 6.0223901367e+02 6.0234100342e+02 6.0245001221e+02 6.0255401611e+02 6.0266302490e+02 6.0278100586e+02 6.0290197754e+02 6.0303900146e+02 6.0316998291e+02 6.0331701660e+02 6.0348797607e+02 6.0366400146e+02 6.0382702637e+02 6.0402001953e+02 6.0419702148e+02 6.0435900879e+02 6.0455102539e+02 6.0474200439e+02 6.0492199707e+02 6.0511602783e+02 6.0534698486e+02 6.0557397461e+02 6.0581097412e+02 6.0605200195e+02 6.0628399658e+02 6.0651202393e+02 6.0673101807e+02 6.0691900635e+02 6.0711401367e+02 6.0728900146e+02 6.0747802734e+02 6.0769299316e+02 6.0787902832e+02 6.0809197998e+02 6.0832800293e+02
6.0095300293e+02 6.0100799561e+02 6.0107800293e+02 6.0120300293e+02 6.0130999756e+02 6.0142602539e+02 6.0152697754e+02 6.0166101074e+02 6.0180102539e+02 6.0192901611e+02 6.0205499268e+02 6.0215802002e+02 6.0225701904e+02 6.0237597656e+02 6.0248400879e+02 6.0259100342e+02 6.0270001221e+02 6.0281597900e+02 6.0295300293e+02 6.0307000732e+02 6.0321197510e+02 6.0337701416e+02 6.0353997803e+02 6.0369702148e+02 6.0388201904e+02 6.0404400635e+02 6.0418597412e+02 6.0437597656e+02 6.0457800293e+02 6.0476599121e+02 6.0494897461e+02 6.0517102051e+02 6.0539398193e+02 6.0562799072e+02 6.0586798096e+02 6.0610998535e+02 6.0634899902e+02 6.0657098389e+02 6.0675598145e+02 6.0694201660e+02 6.0713299561e+02 6.0732800293e+02 6.0752197266e+02 6.0772601318e+02 6.0795501709e+02 6.0819799805e+02
