TESTSERVER/11/0.asc
NCOLS 100
NROWS 100
XLLCORNER 8.0497500000e+03
YLLCORNER 2.8995025000e+05
CELLSIZE 5.0000000000e-01
NODATA_VALUE -9.9990000000e+03
[rows 0 to 19 of 100, columns 0 to 45 of 100]
6.3990301514e+02 6.3973400879e+02 6.3950701904e+02 6.3928497314e+02 6.3917102051e+02 6.3914599609e+02 6.3919897461e+02 6.3924700928e+02 6.3925097656e+02 6.3917102051e+02 6.3898999023e+02 6.3875897217e+02 6.3851599121e+02 6.3827001953e+02 6.3807098389e+02 6.3781799316e+02 6.3755603027e+02 6.3737701416e+02 6.3722399902e+02 6.3724401855e+02 6.3726599121e+02 6.3722198486e+02 6.3708099365e+02 6.3697802734e+02 6.3692498779e+02 6.3688397217e+02 6.3683898926e+02 6.3675500488e+02 6.3664202881e+02 6.3651501465e+02 6.3638500977e+02 6.3625402832e+02 6.3605297852e+02 6.3583599854e+02 6.3562597656e+02 6.3548999023e+02 6.3535900879e+02 6.3522601318e+02 6.3507000732e+02 6.3491302490e+02 6.3479797363e+02 6.3477600098e+02 6.3481097412e+02 6.3474597168e+02 6.3469500732e+02 6.3467199707e+02
6.3960998535e+02 6.3942102051e+02 6.3920697021e+02 6.3905102539e+02 6.3899499512e+02 6.3900299072e+02 6.3906597900e+02 6.3908398438e+02 6.3903302002e+02 6.3888702393e+02 6.3865600586e+02 6.3839697266e+02 6.3810998535e+02 6.3781896973e+02 6.3759997559e+02 6.3733502197e+02 6.3709997559e+02 6.3700799561e+02 6.3700201416e+02 6.3701000977e+02 6.3701000977e+02 6.3696197510e+02 6.3692102051e+02 6.3689801025e+02 6.3682501221e+02 6.3672601318e+02 6.3659899902e+02 6.3645898438e+02 6.3631799316e+02 6.3617297363e+02 6.3602001953e+02 6.3585198975e+02 6.3566900635e+02 6.3548602295e+02 6.3530700684e+02 6.3518597412e+02 6.3507299805e+02 6.3494598389e+02 6.3479302979e+02 6.3464599609e+02 6.3455700684e+02 6.3452197266e+02 6.3453802490e+02 6.3449499512e+02 6.3444897461e+02 6.3440100098e+02
6.3928997803e+02 6.3911102295e+02 6.3893798828e+02 6.3888598633e+02 6.3888397217e+02 6.3890301514e+02 6.3893701172e+02 6.3889801025e+02 6.3876599121e+02 6.3854498291e+02 6.3827398682e+02 6.3797900391e+02 6.3763299561e+02 6.3732098389e+02 6.3714099121e+02 6.3698901367e+02 6.3687097168e+02 6.3685302734e+02 6.3689501953e+02 6.3689599609e+02 6.3687597656e+02 6.3681298828e+02 6.3677001953e+02 6.3673297119e+02 6.3662402344e+02 6.3646502686e+02 6.3626300049e+02 6.3609301758e+02 6.3594500732e+02 6.3580499268e+02 6.3565600586e+02 6.3549499512e+02 6.3534197998e+02 6.3519799805e+02 6.3505102539e+02 6.3493597412e+02 6.3483001709e+02 6.3471600342e+02 6.3459100342e+02 6.3449401855e+02 6.3441302490e+02 6.3435302734e+02 6.3434399414e+02 6.3432202148e+02 6.3426202393e+02 6.3419097900e+02
6.3898199463e+02 6.3884197998e+02 6.3873901367e+02 6.3877099609e+02 6.3878399658e+02 6.3878302002e+02 6.3877197266e+02 6.3866802979e+02 6.3845202637e+02 6.3816400146e+02 6.3785400391e+02 6.3753900146e+02 6.3722399902e+02 6.3699102783e+02 6.3689001465e+02 6.3684698486e+02 6.3679302979e+02 6.3676397705e+02 6.3678497314e+02 6.3677398682e+02 6.3672198486e+02 6.3662402344e+02 6.3652197266e+02 6.3642102051e+02 6.3627502441e+02 6.3607800293e+02 6.3584997559e+02 6.3568103027e+02 6.3554602051e+02 6.3542901611e+02 6.3529901123e+02 6.3516497803e+02 6.3505401611e+02 6.3495202637e+02 6.3483898926e+02 6.3473199463e+02 6.3463201904e+02 6.3453399658e+02 6.3444500732e+02 6.3440100098e+02 6.3433300781e+02 6.3426599121e+02 6.3422998047e+02 6.3420397949e+02 6.3412200928e+02 6.3402301025e+02
6.3871301270e+02 6.3862902832e+02 6.3861199951e+02 6.3864898682e+02 6.3864501953e+02 6.3859497070e+02 6.3848699951e+02 6.3833099365e+02 6.3806896973e+02 6.3776000977e+02 6.3744500732e+02 6.3715997314e+02 6.3697802734e+02 6.3689202881e+02 6.3684899902e+02 6.3679101563e+02 6.3671301270e+02 6.3664398193e+02 6.3664801025e+02 6.3654901123e+02 6.3643902588e+02 6.3630102539e+02 6.3613702393e+02 6.3597497559e+02 6.3580102539e+02 6.3561199951e+02 6.3542700195e+02 6.3528002930e+02 6.3515698242e+02 6.3505401611e+02 6.3494799805e+02 6.3485900879e+02 6.3478698730e+02 6.3471899414e+02 6.3464697266e+02 6.3454498291e+02 6.3445300293e+02 6.3437200928e+02 6.3430902100e+02 6.3426898193e+02 6.3422100830e+02 6.3417102051e+02 6.3414202881e+02 6.3407702637e+02 6.3397900391e+02 6.3385699463e+02
6.3848797607e+02 6.3849401855e+02 6.3854400635e+02 6.3854199219e+02 6.3845501709e+02 6.3829797363e+02 6.3808001709e+02 6.3784698486e+02 6.3761401367e+02 6.3737298584e+02 6.3713897705e+02 6.3697302246e+02 6.3686700439e+02 6.3681701660e+02 6.3677001953e+02 6.3673101807e+02 6.3668200684e+02 6.3652502441e+02 6.3632501221e+02 6.3614099121e+02 6.3599102783e+02 6.3584301758e+02 6.3565197754e+02 6.3546099854e+02 6.3529602051e+02 6.3514898682e+02 6.3501397705e+02 6.3487799072e+02 6.3475897217e+02 6.3466198730e+02 6.3461102295e+02 6.3457897949e+02 6.3453302002e+02 6.3448297119e+02 6.3442401123e+02 6.3434197998e+02 6.3425598145e+02 6.3417901611e+02 6.3412097168e+02 6.3410498047e+02 6.3406896973e+02 6.3402502441e+02 6.3398400879e+02 6.3392199707e+02 6.3382098389e+02 6.3369500732e+02
6.3834802246e+02 6.3840997314e+02 6.3845202637e+02 6.3837097168e+02 6.3819299316e+02 6.3794702148e+02 6.3765600586e+02 6.3741699219e+02 6.3724200439e+02 6.3708398438e+02 6.3693902588e+02 6.3687902832e+02 6.3680902100e+02 6.3673199463e+02 6.3662200928e+02 6.3652301025e+02 6.3642297363e+02 6.3615002441e+02 6.3584997559e+02 6.3562701416e+02 6.3544799805e+02 6.3529901123e+02 6.3514398193e+02 6.3497998047e+02 6.3484899902e+02 6.3473498535e+02 6.3462298584e+02 6.3449298096e+02 6.3439099121e+02 6.3430902100e+02 6.3427301025e+02 6.3426397705e+02 6.3423901367e+02 6.3420800781e+02 6.3416101074e+02 6.3409002686e+02 6.3401397705e+02 6.3394500732e+02 6.3389599609e+02 6.3389501953e+02 6.3386499023e+02 6.3381201172e+02 6.3374499512e+02 6.3368597412e+02 6.3359197998e+02 6.3347698975e+02
6.3824902344e+02 6.3829602051e+02 6.3826300049e+02 6.3810400391e+02 6.3787097168e+02 6.3759301758e+02 6.3731097412e+02 6.3711901855e+02 6.3700799561e+02 6.3691198730e+02 6.3680499268e+02 6.3677398682e+02 6.3667700195e+02 6.3651702881e+02 6.3628497314e+02 6.3600701904e+02 6.3579797363e+02 6.3553497314e+02 6.3535900879e+02 6.3514099121e+02 6.3491900635e+02 6.3476098633e+02 6.3465197754e+02 6.3453698730e+02 6.3443798828e+02 6.3434100342e+02 6.3423901367e+02 6.3413299561e+02 6.3404498291e+02 6.3397198486e+02 6.3392602539e+02 6.3391601563e+02 6.3390399170e+02 6.3388598633e+02 6.3384600830e+02 6.3378399658e+02 6.3371997070e+02 6.3366302490e+02 6.3361602783e+02 6.3360998535e+02 6.3357897949e+02 6.3351000977e+02 6.3341302490e+02 6.3334698486e+02 6.3326300049e+02 6.3316302490e+02
6.3806896973e+02 6.3802398682e+02 6.3789599609e+02 6.3772900391e+02 6.3751599121e+02 6.3729998779e+02 6.3713897705e+02 6.3701000977e+02 6.3692498779e+02 6.3682501221e+02 6.3673901367e+02 6.3657702637e+02 6.3636700439e+02 6.3611700439e+02 6.3585302734e+02 6.3558398438e+02 6.3535302734e+02 6.3515399170e+02 6.3500402832e+02 6.3475598145e+02 6.3447601318e+02 6.3428698730e+02 6.3418701172e+02 6.3408697510e+02 6.3401397705e+02 6.3393402100e+02 6.3385101318e+02 6.3378100586e+02 6.3371099854e+02 6.3364099121e+02 6.3357098389e+02 6.3352197266e+02 6.3350201416e+02 6.3348602295e+02 6.3344000244e+02 6.3340802002e+02 6.3335601807e+02 6.3330798340e+02 6.3326000977e+02 6.3325500488e+02 6.3321398926e+02 6.3313800049e+02 6.3301898193e+02 6.3294299316e+02 6.3286602783e+02 6.3277099609e+02
6.3778497314e+02 6.3767602539e+02 6.3755200195e+02 6.3738800049e+02 6.3723999023e+02 6.3710302734e+02 6.3700598145e+02 6.3694299316e+02 6.3682897949e+02 6.3667602539e+02 6.3648400879e+02 6.3622802734e+02 6.3596899414e+02 6.3571600342e+02 6.3548797607e+02 6.3524700928e+02 6.3501599121e+02 6.3482897949e+02 6.3466198730e+02 6.3437799072e+02 6.3406500244e+02 6.3385498047e+02 6.3376898193e+02 6.3371398926e+02 6.3366900635e+02 6.3360400391e+02 6.3351501465e+02 6.3342602539e+02 6.3335198975e+02 6.3328100586e+02 6.3319396973e+02 6.3312500000e+02 6.3308697510e+02 6.3305902100e+02 6.3304302979e+02 6.3301000977e+02 6.3296899414e+02 6.3292700195e+02 6.3290399170e+02 6.3289099121e+02 6.3284100342e+02 6.3276800537e+02 6.3266802979e+02 6.3256097412e+02 6.3246502686e+02 6.3234301758e+02
6.3755798340e+02 6.3741497803e+02 6.3728302002e+02 6.3715600586e+02 6.3703601074e+02 6.3692700195e+02 6.3685101318e+02 6.3677099609e+02 6.3662799072e+02 6.3644598389e+02 6.3622601318e+02 6.3594897461e+02 6.3566802979e+02 6.3539599609e+02 6.3515698242e+02 6.3489501953e+02 6.3464801025e+02 6.3446697998e+02 6.3432702637e+02 6.3406298828e+02 6.3374499512e+02 6.3352398682e+02 6.3346697998e+02 6.3346099854e+02 6.3341998291e+02 6.3332397461e+02 6.3318902588e+02 6.3306597900e+02 6.3296899414e+02 6.3288702393e+02 6.3280297852e+02 6.3273602295e+02 6.3269201660e+02 6.3265899658e+02 6.3263897705e+02 6.3261700439e+02 6.3258599854e+02 6.3255297852e+02 6.3253100586e+02 6.3251300049e+02 6.3246600342e+02 6.3239898682e+02 6.3230798340e+02 6.3216998291e+02 6.3204998779e+02 6.3191198730e+02
6.3738098145e+02 6.3722698975e+02 6.3709899902e+02 6.3698400879e+02 6.3686401367e+02 6.3675097656e+02 6.3665100098e+02 6.3652398682e+02 6.3635601807e+02 6.3615899658e+02 6.3596801758e+02 6.3571398926e+02 6.3541802979e+02 6.3512402344e+02 6.3485400391e+02 6.3455999756e+02 6.3430902100e+02 6.3413897705e+02 6.3401599121e+02 6.3380297852e+02 6.3352899170e+02 6.3334002686e+02 6.3333197021e+02 6.3335498047e+02 6.3327502441e+02 6.3310101318e+02 6.3286901855e+02 6.3269799805e+02 6.3257598877e+02 6.3248199463e+02 6.3240600586e+02 6.3234497070e+02 6.3229602051e+02 6.3225897217e+02 6.3223498535e+02 6.3221801758e+02 6.3219299316e+02 6.3216601563e+02 6.3214001465e+02 6.3211102295e+02 6.3206701660e+02 6.3200897217e+02 6.3193402100e+02 6.3178100586e+02 6.3165502930e+02 6.3151599121e+02
6.3726898193e+02 6.3713598633e+02 6.3701800537e+02 6.3684002686e+02 6.3668597412e+02 6.3653198242e+02 6.3635601807e+02 6.3621899414e+02 6.3604101563e+02 6.3585101318e+02 6.3566198730e+02 6.3546801758e+02 6.3517602539e+02 6.3486901855e+02 6.3456097412e+02 6.3426098633e+02 6.3402301025e+02 6.3385900879e+02 6.3371197510e+02 6.3354498291e+02 6.3336401367e+02 6.3327099609e+02 6.3336700439e+02 6.3336798096e+02 6.3321801758e+02 6.3292297363e+02 6.3257299805e+02 6.3233099365e+02 6.3217700195e+02 6.3207598877e+02 6.3201000977e+02 6.3195001221e+02 6.3189801025e+02 6.3185797119e+02 6.3183502197e+02 6.3181500244e+02 6.3178601074e+02 6.3175402832e+02 6.3170501709e+02 6.3167102051e+02 6.3162298584e+02 6.3157702637e+02 6.3154602051e+02 6.3141101074e+02 6.3127398682e+02 6.3112402344e+02
6.3712097168e+02 6.3698297119e+02 6.3682299805e+02 6.3665002441e+02 6.3647698975e+02 6.3630401611e+02 6.3611999512e+02 6.3594702148e+02 6.3578497314e+02 6.3560498047e+02 6.3540002441e+02 6.3517602539e+02 6.3490502930e+02 6.3460601807e+02 6.3430200195e+02 6.3401800537e+02 6.3379498291e+02 6.3363299561e+02 6.3344000244e+02 6.3323797607e+02 6.3311901855e+02 6.3314202881e+02 6.3323699951e+02 6.3318499756e+02 6.3300097656e+02 6.3267401123e+02 6.3225402832e+02 6.3197399902e+02 6.3180200195e+02 6.3169500732e+02 6.3163299561e+02 6.3157000732e+02 6.3151599121e+02 6.3147399902e+02 6.3145001221e+02 6.3142297363e+02 6.3138397217e+02 6.3134002686e+02 6.3128100586e+02 6.3119396973e+02 6.3112701416e+02 6.3108300781e+02 6.3107897949e+02 6.3094799805e+02 6.3081201172e+02 6.3068298340e+02
6.3695300293e+02 6.3679400635e+02 6.3662097168e+02 6.3644201660e+02 6.3626000977e+02 6.3608197021e+02 6.3588897705e+02 6.3571997070e+02 6.3557000732e+02 6.3540197754e+02 6.3519097900e+02 6.3496197510e+02 6.3469897461e+02 6.3440301514e+02 6.3409698486e+02 6.3379998779e+02 6.3354901123e+02 6.3336297607e+02 6.3316497803e+02 6.3295098877e+02 6.3283898926e+02 6.3284497070e+02 6.3286901855e+02 6.3278198242e+02 6.3258001709e+02 6.3227301025e+02 6.3189398193e+02 6.3162402344e+02 6.3144897461e+02 6.3133398438e+02 6.3127001953e+02 6.3121002197e+02 6.3115100098e+02 6.3110198975e+02 6.3106896973e+02 6.3103497314e+02 6.3099102783e+02 6.3094299316e+02 6.3087799072e+02 6.3078002930e+02 6.3070898438e+02 6.3066699219e+02 6.3065197754e+02 6.3054901123e+02 6.3048498535e+02 6.3042797852e+02
6.3678997803e+02 6.3660601807e+02 6.3641497803e+02 6.3622698975e+02 6.3603601074e+02 6.3585302734e+02 6.3566497803e+02 6.3551397705e+02 6.3537799072e+02 6.3522302246e+02 6.3502502441e+02 6.3479797363e+02 6.3453399658e+02 6.3423602295e+02 6.3392797852e+02 6.3361102295e+02 6.3331500244e+02 6.3310101318e+02 6.3293499756e+02 6.3273699951e+02 6.3259399414e+02 6.3250000000e+02 6.3240197754e+02 6.3228802490e+02 6.3208398438e+02 6.3181701660e+02 6.3152001953e+02 6.3129302979e+02 6.3112200928e+02 6.3100000000e+02 6.3092999268e+02 6.3086798096e+02 6.3079998779e+02 6.3073999023e+02 6.3069299316e+02 6.3065100098e+02 6.3060198975e+02 6.3054901123e+02 6.3049401855e+02 6.3041998291e+02 6.3035900879e+02 6.3032397461e+02 6.3032202148e+02 6.3028002930e+02 6.3026000977e+02 6.3022802734e+02
6.3661297607e+02 6.3641900635e+02 6.3621899414e+02 6.3599902344e+02 6.3580700684e+02 6.3563000488e+02 6.3546997070e+02 6.3531799316e+02 6.3519500732e+02 6.3505700684e+02 6.3491302490e+02 6.3465399170e+02 6.3436602783e+02 6.3405603027e+02 6.3374798584e+02 6.3343597412e+02 6.3314099121e+02 6.3293499756e+02 6.3281701660e+02 6.3259698486e+02 6.3239300537e+02 6.3221398926e+02 6.3204101563e+02 6.3184899902e+02 6.3163098145e+02 6.3139300537e+02 6.3115997314e+02 6.3098199463e+02 6.3082202148e+02 6.3069702148e+02 6.3061199951e+02 6.3054602051e+02 6.3047198486e+02 6.3039697266e+02 6.3031097412e+02 6.3025299072e+02 6.3020001221e+02 6.3015197754e+02 6.3011798096e+02 6.3008398438e+02 6.3004699707e+02 6.3001898193e+02 6.2999798584e+02 6.2997399902e+02 6.2992602539e+02 6.2986499023e+02
6.3643798828e+02 6.3622399902e+02 6.3600500488e+02 6.3577398682e+02 6.3557897949e+02 6.3539898682e+02 6.3523602295e+02 6.3509997559e+02 6.3497198486e+02 6.3483599854e+02 6.3469702148e+02 6.3445001221e+02 6.3412902832e+02 6.3380401611e+02 6.3350201416e+02 6.3320501709e+02 6.3294897461e+02 6.3274798584e+02 6.3258502197e+02 6.3239099121e+02 6.3218402100e+02 6.3198498535e+02 6.3180700684e+02 6.3159197998e+02 6.3132897949e+02 6.3106500244e+02 6.3084497070e+02 6.3069000244e+02 6.3055999756e+02 6.3044799805e+02 6.3035101318e+02 6.3024401855e+02 6.3014801025e+02 6.3005401611e+02 6.2995001221e+02 6.2985101318e+02 6.2978002930e+02 6.2972601318e+02 6.2968103027e+02 6.2963098145e+02 6.2959399414e+02 6.2956896973e+02 6.2956298828e+02 6.2958398438e+02 6.2954797363e+02 6.2948602295e+02
6.3628100586e+02 6.3603497314e+02 6.3579797363e+02 6.3556701660e+02 6.3535900879e+02 6.3516400146e+02 6.3498901367e+02 6.3484399414e+02 6.3470501709e+02 6.3456597900e+02 6.3443103027e+02 6.3420098877e+02 6.3389001465e+02 6.3355798340e+02 6.3326000977e+02 6.3296697998e+02 6.3270898438e+02 6.3247698975e+02 6.3231701660e+02 6.3217498779e+02 6.3199200439e+02 6.3179901123e+02 6.3160198975e+02 6.3133502197e+02 6.3104699707e+02 6.3077697754e+02 6.3056500244e+02 6.3044299316e+02 6.3034301758e+02 6.3023400879e+02 6.3010998535e+02 6.2996997070e+02 6.2984698486e+02 6.2973400879e+02 6.2962200928e+02 6.2951000977e+02 6.2942401123e+02 6.2935699463e+02 6.2929101563e+02 6.2921697998e+02 6.2917901611e+02 6.2916802979e+02 6.2918597412e+02 6.2920501709e+02 6.2916400146e+02 6.2911401367e+02
6.3613201904e+02 6.3585699463e+02 6.3560198975e+02 6.3536901855e+02 6.3514898682e+02 6.3493798828e+02 6.3473498535e+02 6.3455999756e+02 6.3440899658e+02 6.3426800537e+02 6.3413000488e+02 6.3394702148e+02 6.3367901611e+02 6.3335797119e+02 6.3307000732e+02 6.3279498291e+02 6.3252099609e+02 6.3226397705e+02 6.3210302734e+02 6.3195599365e+02 6.3176599121e+02 6.3157800293e+02 6.3137799072e+02 6.3107800293e+02 6.3078302002e+02 6.3052600098e+02 6.3033599854e+02 6.3024499512e+02 6.3016400146e+02 6.3004602051e+02 6.2989801025e+02 6.2973602295e+02 6.2958898926e+02 6.2945800781e+02 6.2934002686e+02 6.2922601318e+02 6.2913201904e+02 6.2905499268e+02 6.2897601318e+02 6.2888897705e+02 6.2884399414e+02 6.2883697510e+02 6.2887402344e+02 6.2887097168e+02 6.2882702637e+02 6.2878601074e+02
