TESTSERVER/11/0.asc
NCOLS 100
NROWS 100
XLLCORNER 8.0497500000e+03
YLLCORNER 2.8995025000e+05
CELLSIZE 5.0000000000e-01
NODATA_VALUE -9.9990000000e+03
[rows 20 to 39 of 100, columns 46 to 91 of 100]
6.2845098877e+02 6.2840399170e+02 6.2836901855e+02 6.2833398438e+02 6.2832897949e+02 6.2823498535e+02 6.2817999268e+02 6.2816900635e+02 6.2818597412e+02 6.2789300537e+02 6.2746600342e+02 6.2705700684e+02 6.2685101318e+02 6.2673101807e+02 6.2650000000e+02 6.2623498535e+02 6.2597601318e+02 6.2570800781e+02 6.2545397949e+02 6.2513598633e+02 6.2485400391e+02 6.2478002930e+02 6.2475000000e+02 6.2472698975e+02 6.2469897461e+02 6.2480102539e+02 6.2492999268e+02 6.2499700928e+02 6.2494396973e+02 6.2494702148e+02 6.2500799561e+02 6.2511401367e+02 6.2525897217e+02 6.2529602051e+02 6.2531402588e+02 6.2533502197e+02 6.2536102295e+02 6.2544396973e+02 6.2571002197e+02 6.2594396973e+02 6.2616101074e+02 6.2650799561e+02 6.2702600098e+02 6.2742797852e+02 6.2757897949e+02 6.2757299805e+02
6.2821997070e+02 6.2821502686e+02 6.2820697021e+02 6.2814001465e+02 6.2808001709e+02 6.2800402832e+02 6.2798199463e+02 6.2796099854e+02 6.2778997803e+02 6.2743499756e+02 6.2709698486e+02 6.2684197998e+02 6.2670599365e+02 6.2653997803e+02 6.2628997803e+02 6.2604797363e+02 6.2582800293e+02 6.2557000732e+02 6.2530999756e+02 6.2500598145e+02 6.2473999023e+02 6.2465698242e+02 6.2462200928e+02 6.2461999512e+02 6.2463000488e+02 6.2475097656e+02 6.2489300537e+02 6.2492797852e+02 6.2490899658e+02 6.2496801758e+02 6.2504302979e+02 6.2507299805e+02 6.2525201416e+02 6.2532397461e+02 6.2532501221e+02 6.2533398438e+02 6.2535198975e+02 6.2551501465e+02 6.2578100586e+02 6.2599597168e+02 6.2628497314e+02 6.2671002197e+02 6.2727398682e+02 6.2752398682e+02 6.2753497314e+02 6.2754400635e+02
6.2801599121e+02 6.2805401611e+02 6.2809698486e+02 6.2799597168e+02 6.2786499023e+02 6.2783001709e+02 6.2780297852e+02 6.2767401123e+02 6.2736700439e+02 6.2704901123e+02 6.2682098389e+02 6.2666198730e+02 6.2653002930e+02 6.2628302002e+02 6.2603002930e+02 6.2585198975e+02 6.2569500732e+02 6.2540399170e+02 6.2511901855e+02 6.2484399414e+02 6.2466198730e+02 6.2458801270e+02 6.2455902100e+02 6.2458197021e+02 6.2461499023e+02 6.2470800781e+02 6.2481597900e+02 6.2485601807e+02 6.2489300537e+02 6.2500402832e+02 6.2507702637e+02 6.2507000732e+02 6.2522601318e+02 6.2533599854e+02 6.2528698730e+02 6.2528497314e+02 6.2535400391e+02 6.2563098145e+02 6.2584197998e+02 6.2604199219e+02 6.2653900146e+02 6.2701898193e+02 6.2740399170e+02 6.2748901367e+02 6.2747802734e+02 6.2751397705e+02
6.2782800293e+02 6.2791302490e+02 6.2797998047e+02 6.2785699463e+02 6.2771502686e+02 6.2769097900e+02 6.2762597656e+02 6.2739398193e+02 6.2701898193e+02 6.2680102539e+02 6.2665802002e+02 6.2650897217e+02 6.2629998779e+02 6.2604199219e+02 6.2583197021e+02 6.2567297363e+02 6.2545599365e+02 6.2514300537e+02 6.2489202881e+02 6.2470599365e+02 6.2462902832e+02 6.2456597900e+02 6.2454699707e+02 6.2459600830e+02 6.2467901611e+02 6.2477398682e+02 6.2483599854e+02 6.2487597656e+02 6.2494396973e+02 6.2503900146e+02 6.2510400391e+02 6.2511700439e+02 6.2516699219e+02 6.2523400879e+02 6.2522998047e+02 6.2527600098e+02 6.2544097900e+02 6.2579199219e+02 6.2591101074e+02 6.2611102295e+02 6.2671899414e+02 6.2711199951e+02 6.2738500977e+02 6.2743200684e+02 6.2742901611e+02 6.2751300049e+02
6.2769799805e+02 6.2782202148e+02 6.2784698486e+02 6.2768499756e+02 6.2755999756e+02 6.2750201416e+02 6.2741198730e+02 6.2713598633e+02 6.2675402832e+02 6.2661999512e+02 6.2649298096e+02 6.2628997803e+02 6.2597802734e+02 6.2583300781e+02 6.2568499756e+02 6.2543402100e+02 6.2502001953e+02 6.2482501221e+02 6.2470501709e+02 6.2463702393e+02 6.2462097168e+02 6.2457299805e+02 6.2455798340e+02 6.2461901855e+02 6.2473999023e+02 6.2484002686e+02 6.2487701416e+02 6.2491802979e+02 6.2498699951e+02 6.2508801270e+02 6.2513397217e+02 6.2515002441e+02 6.2514202881e+02 6.2520202637e+02 6.2522601318e+02 6.2532397461e+02 6.2546197510e+02 6.2573699951e+02 6.2592498779e+02 6.2623901367e+02 6.2685302734e+02 6.2724102783e+02 6.2737298584e+02 6.2736499023e+02 6.2740997314e+02 6.2750299072e+02
6.2756799316e+02 6.2754400635e+02 6.2752600098e+02 6.2743200684e+02 6.2736901855e+02 6.2730798340e+02 6.2718402100e+02 6.2688702393e+02 6.2654400635e+02 6.2635699463e+02 6.2618499756e+02 6.2598199463e+02 6.2572698975e+02 6.2561199951e+02 6.2541802979e+02 6.2506896973e+02 6.2472497559e+02 6.2461798096e+02 6.2455200195e+02 6.2453100586e+02 6.2458300781e+02 6.2458697510e+02 6.2458001709e+02 6.2463897705e+02 6.2474902344e+02 6.2484301758e+02 6.2491998291e+02 6.2497302246e+02 6.2501098633e+02 6.2506402588e+02 6.2510797119e+02 6.2513201904e+02 6.2513598633e+02 6.2517102051e+02 6.2528698730e+02 6.2550201416e+02 6.2573999023e+02 6.2589001465e+02 6.2600799561e+02 6.2634497070e+02 6.2692297363e+02 6.2728997803e+02 6.2734497070e+02 6.2733099365e+02 6.2739398193e+02 6.2745697021e+02
6.2738897705e+02 6.2733001709e+02 6.2727899170e+02 6.2719299316e+02 6.2715502930e+02 6.2711102295e+02 6.2694500732e+02 6.2661700439e+02 6.2631500244e+02 6.2610601807e+02 6.2591198730e+02 6.2572698975e+02 6.2553802490e+02 6.2542797852e+02 6.2516802979e+02 6.2480102539e+02 6.2454400635e+02 6.2449700928e+02 6.2447802734e+02 6.2449102783e+02 6.2455200195e+02 6.2457598877e+02 6.2461102295e+02 6.2469799805e+02 6.2479901123e+02 6.2487500000e+02 6.2493902588e+02 6.2498199463e+02 6.2502502441e+02 6.2505700684e+02 6.2508502197e+02 6.2510900879e+02 6.2511102295e+02 6.2520098877e+02 6.2552502441e+02 6.2583599854e+02 6.2606597900e+02 6.2615197754e+02 6.2625402832e+02 6.2660198975e+02 6.2704699707e+02 6.2724102783e+02 6.2724102783e+02 6.2728698730e+02 6.2738897705e+02 6.2741900635e+02
6.2711199951e+02 6.2706799316e+02 6.2698901367e+02 6.2687097168e+02 6.2684301758e+02 6.2683898926e+02 6.2668298340e+02 6.2634802246e+02 6.2606896973e+02 6.2585998535e+02 6.2567102051e+02 6.2552197266e+02 6.2538897705e+02 6.2522601318e+02 6.2492102051e+02 6.2462298584e+02 6.2448297119e+02 6.2445697021e+02 6.2445800781e+02 6.2447698975e+02 6.2451501465e+02 6.2453698730e+02 6.2461297607e+02 6.2473699951e+02 6.2484100342e+02 6.2491101074e+02 6.2496502686e+02 6.2500799561e+02 6.2504498291e+02 6.2505700684e+02 6.2506201172e+02 6.2509399414e+02 6.2513500977e+02 6.2530499268e+02 6.2566400146e+02 6.2593298340e+02 6.2614697266e+02 6.2631896973e+02 6.2651898193e+02 6.2682397461e+02 6.2707702637e+02 6.2713598633e+02 6.2715802002e+02 6.2728399658e+02 6.2740002441e+02 6.2737500000e+02
6.2677001953e+02 6.2666302490e+02 6.2654302979e+02 6.2646398926e+02 6.2646997070e+02 6.2645300293e+02 6.2635302734e+02 6.2610900879e+02 6.2585198975e+02 6.2560998535e+02 6.2541497803e+02 6.2532299805e+02 6.2527502441e+02 6.2494598389e+02 6.2463098145e+02 6.2447998047e+02 6.2446899414e+02 6.2444897461e+02 6.2444799805e+02 6.2446197510e+02 6.2449401855e+02 6.2452600098e+02 6.2462597656e+02 6.2476501465e+02 6.2486602783e+02 6.2493402100e+02 6.2501000977e+02 6.2504699707e+02 6.2503900146e+02 6.2505603027e+02 6.2506097412e+02 6.2510601807e+02 6.2522698975e+02 6.2547802734e+02 6.2576800537e+02 6.2601098633e+02 6.2619500732e+02 6.2640197754e+02 6.2661901855e+02 6.2677502441e+02 6.2691497803e+02 6.2706701660e+02 6.2716302490e+02 6.2728900146e+02 6.2736901855e+02 6.2728802490e+02
6.2639099121e+02 6.2628198242e+02 6.2617797852e+02 6.2613397217e+02 6.2614801025e+02 6.2611499023e+02 6.2609600830e+02 6.2592602539e+02 6.2562500000e+02 6.2535900879e+02 6.2521197510e+02 6.2514898682e+02 6.2493200684e+02 6.2463897705e+02 6.2444897461e+02 6.2442498779e+02 6.2446697998e+02 6.2444799805e+02 6.2445300293e+02 6.2446697998e+02 6.2445599365e+02 6.2457000732e+02 6.2471899414e+02 6.2483398438e+02 6.2490600586e+02 6.2496002197e+02 6.2500402832e+02 6.2502099609e+02 6.2502899170e+02 6.2507598877e+02 6.2511401367e+02 6.2517797852e+02 6.2536297607e+02 6.2563299561e+02 6.2584399414e+02 6.2608001709e+02 6.2627301025e+02 6.2650000000e+02 6.2678399658e+02 6.2692102051e+02 6.2697802734e+02 6.2712402344e+02 6.2715899658e+02 6.2719897461e+02 6.2726000977e+02 6.2724499512e+02
6.2608398438e+02 6.2602197266e+02 6.2594396973e+02 6.2587902832e+02 6.2584100342e+02 6.2577398682e+02 6.2572497559e+02 6.2558898926e+02 6.2535900879e+02 6.2520397949e+02 6.2513000488e+02 6.2496002197e+02 6.2460498047e+02 6.2445202637e+02 6.2438598633e+02 6.2440698242e+02 6.2445300293e+02 6.2442700195e+02 6.2442999268e+02 6.2446398926e+02 6.2449401855e+02 6.2466497803e+02 6.2478997803e+02 6.2485198975e+02 6.2490899658e+02 6.2496502686e+02 6.2501501465e+02 6.2503100586e+02 6.2505603027e+02 6.2509802246e+02 6.2511901855e+02 6.2520300293e+02 6.2542797852e+02 6.2570202637e+02 6.2589398193e+02 6.2611798096e+02 6.2633599854e+02 6.2657702637e+02 6.2684197998e+02 6.2696099854e+02 6.2700097656e+02 6.2711901855e+02 6.2714898682e+02 6.2716400146e+02 6.2719097900e+02 6.2724499512e+02
6.2585797119e+02 6.2581500244e+02 6.2575000000e+02 6.2565502930e+02 6.2555603027e+02 6.2547998047e+02 6.2537298584e+02 6.2525000000e+02 6.2517297363e+02 6.2508898926e+02 6.2490698242e+02 6.2462500000e+02 6.2437597656e+02 6.2434698486e+02 6.2435198975e+02 6.2437200928e+02 6.2440301514e+02 6.2440399170e+02 6.2441998291e+02 6.2448101807e+02 6.2459802246e+02 6.2477801514e+02 6.2483197021e+02 6.2486401367e+02 6.2492297363e+02 6.2498797607e+02 6.2504400635e+02 6.2506701660e+02 6.2508697510e+02 6.2508599854e+02 6.2511499023e+02 6.2523498535e+02 6.2545202637e+02 6.2569396973e+02 6.2591198730e+02 6.2614398193e+02 6.2634002686e+02 6.2657397461e+02 6.2677697754e+02 6.2688897705e+02 6.2696801758e+02 6.2707098389e+02 6.2711602783e+02 6.2714599609e+02 6.2721099854e+02 6.2732800293e+02
6.2566601563e+02 6.2560101318e+02 6.2552697754e+02 6.2542700195e+02 6.2529302979e+02 6.2525701904e+02 6.2517401123e+02 6.2507800293e+02 6.2504901123e+02 6.2479302979e+02 6.2451397705e+02 6.2434301758e+02 6.2428900146e+02 6.2429602051e+02 6.2431402588e+02 6.2432501221e+02 6.2434600830e+02 6.2443798828e+02 6.2450097656e+02 6.2457202148e+02 6.2472198486e+02 6.2480200195e+02 6.2485198975e+02 6.2490502930e+02 6.2492498779e+02 6.2504602051e+02 6.2508599854e+02 6.2510998535e+02 6.2510699463e+02 6.2511401367e+02 6.2517498779e+02 6.2529101563e+02 6.2544000244e+02 6.2570001221e+02 6.2594702148e+02 6.2618103027e+02 6.2635498047e+02 6.2654400635e+02 6.2669897461e+02 6.2682202148e+02 6.2692498779e+02 6.2704699707e+02 6.2709399414e+02 6.2712701416e+02 6.2721099854e+02 6.2738598633e+02
6.2549902344e+02 6.2538500977e+02 6.2531298828e+02 6.2521002197e+02 6.2509197998e+02 6.2503497314e+02 6.2500500488e+02 6.2501501465e+02 6.2488598633e+02 6.2452398682e+02 6.2433197021e+02 6.2428198242e+02 6.2429699707e+02 6.2432397461e+02 6.2431597900e+02 6.2430700684e+02 6.2432202148e+02 6.2442297363e+02 6.2451000977e+02 6.2459197998e+02 6.2473199463e+02 6.2480499268e+02 6.2488397217e+02 6.2499200439e+02 6.2505999756e+02 6.2513098145e+02 6.2513201904e+02 6.2516699219e+02 6.2516998291e+02 6.2517102051e+02 6.2521002197e+02 6.2529199219e+02 6.2540100098e+02 6.2559197998e+02 6.2581701660e+02 6.2609600830e+02 6.2639398193e+02 6.2665698242e+02 6.2676202393e+02 6.2682202148e+02 6.2691601563e+02 6.2702502441e+02 6.2708502197e+02 6.2713500977e+02 6.2726397705e+02 6.2774298096e+02
6.2531201172e+02 6.2518402100e+02 6.2514300537e+02 6.2507098389e+02 6.2499700928e+02 6.2494299316e+02 6.2496600342e+02 6.2495697021e+02 6.2461999512e+02 6.2429101563e+02 6.2421697998e+02 6.2425402832e+02 6.2429400635e+02 6.2431799316e+02 6.2430297852e+02 6.2429199219e+02 6.2432501221e+02 6.2445098877e+02 6.2458197021e+02 6.2469299316e+02 6.2479602051e+02 6.2485400391e+02 6.2494201660e+02 6.2506402588e+02 6.2511700439e+02 6.2513800049e+02 6.2515002441e+02 6.2519396973e+02 6.2519097900e+02 6.2516998291e+02 6.2518902588e+02 6.2529199219e+02 6.2542901611e+02 6.2560400391e+02 6.2579998779e+02 6.2605401611e+02 6.2638800049e+02 6.2664898682e+02 6.2673498535e+02 6.2683398438e+02 6.2697900391e+02 6.2707897949e+02 6.2711798096e+02 6.2716302490e+02 6.2738201904e+02 6.2810101318e+02
6.2512402344e+02 6.2503100586e+02 6.2501800537e+02 6.2497998047e+02 6.2495800781e+02 6.2496801758e+02 6.2500402832e+02 6.2487097168e+02 6.2441900635e+02 6.2417498779e+02 6.2418798828e+02 6.2425201416e+02 6.2426800537e+02 6.2428100586e+02 6.2427301025e+02 6.2428900146e+02 6.2438000488e+02 6.2452899170e+02 6.2467199707e+02 6.2482598877e+02 6.2492102051e+02 6.2497802734e+02 6.2503302002e+02 6.2509301758e+02 6.2508801270e+02 6.2512097168e+02 6.2516900635e+02 6.2519201660e+02 6.2517999268e+02 6.2517700195e+02 6.2519897461e+02 6.2532000732e+02 6.2547198486e+02 6.2564801025e+02 6.2582800293e+02 6.2610302734e+02 6.2652301025e+02 6.2668499756e+02 6.2672497559e+02 6.2688201904e+02 6.2705200195e+02 6.2709899902e+02 6.2711602783e+02 6.2717498779e+02 6.2741601563e+02 6.2792700195e+02
6.2500097656e+02 6.2494702148e+02 6.2493597412e+02 6.2493298340e+02 6.2495098877e+02 6.2499499512e+02 6.2485498047e+02 6.2453802490e+02 6.2426000977e+02 6.2417602539e+02 6.2419097900e+02 6.2422497559e+02 6.2424798584e+02 6.2425598145e+02 6.2425897217e+02 6.2432702637e+02 6.2448199463e+02 6.2459002686e+02 6.2474401855e+02 6.2494201660e+02 6.2500897217e+02 6.2505999756e+02 6.2507000732e+02 6.2509497070e+02 6.2513397217e+02 6.2515899658e+02 6.2516998291e+02 6.2516302490e+02 6.2517102051e+02 6.2518798828e+02 6.2523199463e+02 6.2534698486e+02 6.2551098633e+02 6.2566400146e+02 6.2583801270e+02 6.2621899414e+02 6.2674401855e+02 6.2681402588e+02 6.2684197998e+02 6.2695898438e+02 6.2704901123e+02 6.2707501221e+02 6.2708599854e+02 6.2716198730e+02 6.2744097900e+02 6.2771502686e+02
6.2492797852e+02 6.2489300537e+02 6.2487799072e+02 6.2493298340e+02 6.2495599365e+02 6.2483398438e+02 6.2452301025e+02 6.2423602295e+02 6.2418103027e+02 6.2419000244e+02 6.2417797852e+02 6.2417700195e+02 6.2422100830e+02 6.2428302002e+02 6.2436901855e+02 6.2450897217e+02 6.2462298584e+02 6.2470098877e+02 6.2483697510e+02 6.2498498535e+02 6.2503002930e+02 6.2505902100e+02 6.2508898926e+02 6.2512701416e+02 6.2515301514e+02 6.2516400146e+02 6.2515600586e+02 6.2514599609e+02 6.2515600586e+02 6.2519702148e+02 6.2523699951e+02 6.2534301758e+02 6.2549798584e+02 6.2568902588e+02 6.2601599121e+02 6.2644000244e+02 6.2673602295e+02 6.2681799316e+02 6.2689697266e+02 6.2696801758e+02 6.2702502441e+02 6.2705499268e+02 6.2709802246e+02 6.2730499268e+02 6.2758502197e+02 6.2769000244e+02
6.2487298584e+02 6.2485498047e+02 6.2487902832e+02 6.2490899658e+02 6.2480297852e+02 6.2456097412e+02 6.2427001953e+02 6.2412500000e+02 6.2418798828e+02 6.2419702148e+02 6.2417401123e+02 6.2415698242e+02 6.2420397949e+02 6.2430999756e+02 6.2446600342e+02 6.2462597656e+02 6.2471600342e+02 6.2482397461e+02 6.2494799805e+02 6.2501702881e+02 6.2504797363e+02 6.2507800293e+02 6.2510699463e+02 6.2513397217e+02 6.2514599609e+02 6.2514202881e+02 6.2513598633e+02 6.2514501953e+02 6.2516198730e+02 6.2520202637e+02 6.2523199463e+02 6.2535900879e+02 6.2553997803e+02 6.2578802490e+02 6.2624499512e+02 6.2663598633e+02 6.2674200439e+02 6.2682702637e+02 6.2688897705e+02 6.2694097900e+02 6.2700701904e+02 6.2705499268e+02 6.2714801025e+02 6.2735498047e+02 6.2758599854e+02 6.2775799561e+02
6.2482702637e+02 6.2483801270e+02 6.2484301758e+02 6.2471502686e+02 6.2443902588e+02 6.2427301025e+02 6.2413702393e+02 6.2413299561e+02 6.2420898438e+02 6.2420397949e+02 6.2417700195e+02 6.2416497803e+02 6.2422998047e+02 6.2436798096e+02 6.2453997803e+02 6.2467199707e+02 6.2476300049e+02 6.2491699219e+02 6.2501397705e+02 6.2503802490e+02 6.2506402588e+02 6.2509399414e+02 6.2509497070e+02 6.2510900879e+02 6.2513201904e+02 6.2512701416e+02 6.2513702393e+02 6.2516198730e+02 6.2517297363e+02 6.2519897461e+02 6.2525201416e+02 6.2544201660e+02 6.2564398193e+02 6.2585601807e+02 6.2630603027e+02 6.2666699219e+02 6.2676599121e+02 6.2685900879e+02 6.2690997314e+02 6.2696197510e+02 6.2702001953e+02 6.2710198975e+02 6.2719396973e+02 6.2736602783e+02 6.2752197266e+02 6.2776501465e+02
