TESTSERVER/11/1.asc
NCOLS 100
NROWS 100
XLLCORNER 8.0497500000e+03
YLLCORNER 2.8990025000e+05
CELLSIZE 5.0000000000e-01
NODATA_VALUE -9.9990000000e+03
[rows 40 to 59 of 100, columns 46 to 91 of 100]
6.5584899902e+02 6.5584002686e+02 6.5586700439e+02 6.5588299561e+02 6.5591302490e+02 6.5601800537e+02 6.5612200928e+02 6.5604101563e+02 6.5590802002e+02 6.5594299316e+02 6.5617797852e+02 6.5629302979e+02 6.5622698975e+02 6.5614801025e+02 6.5611602783e+02 6.5605798340e+02 6.5594299316e+02 6.5590301514e+02 6.5580297852e+02 6.5569097900e+02 6.5560900879e+02 6.5553900146e+02 6.5544500732e+02 6.5537402344e+02 6.5532098389e+02 6.5524700928e+02 6.5516998291e+02 6.5509802246e+02 6.5503302002e+02 6.5494396973e+02 6.5486798096e+02 6.5480499268e+02 6.5471301270e+02 6.5464099121e+02 6.5456298828e+02 6.5449597168e+02 6.5438897705e+02 6.5428997803e+02 6.5421002197e+02 6.5412298584e+02 6.5402502441e+02 6.5395501709e+02 6.5387402344e+02 6.5383697510e+02 6.5384002686e+02 6.5392102051e+02
6.5620800781e+02 6.5621997070e+02 6.5628198242e+02 6.5632397461e+02 6.5632598877e+02 6.5641601563e+02 6.5647900391e+02 6.5639801025e+02 6.5635900879e+02 6.5646502686e+02 6.5651800537e+02 6.5647399902e+02 6.5639501953e+02 6.5629998779e+02 6.5624597168e+02 6.5615100098e+02 6.5603802490e+02 6.5596600342e+02 6.5586999512e+02 6.5576702881e+02 6.5570300293e+02 6.5562200928e+02 6.5551501465e+02 6.5543798828e+02 6.5535699463e+02 6.5529400635e+02 6.5520599365e+02 6.5513800049e+02 6.5509002686e+02 6.5498901367e+02 6.5491900635e+02 6.5483398438e+02 6.5476098633e+02 6.5468597412e+02 6.5460198975e+02 6.5452001953e+02 6.5443902588e+02 6.5435498047e+02 6.5428302002e+02 6.5420697021e+02 6.5416998291e+02 6.5410498047e+02 6.5412500000e+02 6.5426098633e+02 6.5445800781e+02 6.5464398193e+02
6.5665600586e+02 6.5667999268e+02 6.5672198486e+02 6.5674700928e+02 6.5677801514e+02 6.5681500244e+02 6.5678399658e+02 6.5673101807e+02 6.5671197510e+02 6.5671398926e+02 6.5663397217e+02 6.5653002930e+02 6.5646697998e+02 6.5635601807e+02 6.5630102539e+02 6.5621002197e+02 6.5611901855e+02 6.5604797363e+02 6.5595898438e+02 6.5585400391e+02 6.5578002930e+02 6.5567498779e+02 6.5557098389e+02 6.5550299072e+02 6.5540301514e+02 6.5535101318e+02 6.5527398682e+02 6.5518402100e+02 6.5511199951e+02 6.5499902344e+02 6.5493499756e+02 6.5484301758e+02 6.5477502441e+02 6.5471697998e+02 6.5464599609e+02 6.5456402588e+02 6.5448797607e+02 6.5443402100e+02 6.5437597656e+02 6.5435797119e+02 6.5440100098e+02 6.5452001953e+02 6.5470397949e+02 6.5502398682e+02 6.5539099121e+02 6.5577197266e+02
6.5703601074e+02 6.5703002930e+02 6.5703100586e+02 6.5707299805e+02 6.5714202881e+02 6.5710601807e+02 6.5698901367e+02 6.5692401123e+02 6.5686700439e+02 6.5678698730e+02 6.5671301270e+02 6.5663800049e+02 6.5655700684e+02 6.5643103027e+02 6.5636499023e+02 6.5627697754e+02 6.5617797852e+02 6.5609301758e+02 6.5601000977e+02 6.5591302490e+02 6.5582800293e+02 6.5572998047e+02 6.5563800049e+02 6.5555499268e+02 6.5545697021e+02 6.5536102295e+02 6.5527600098e+02 6.5518597412e+02 6.5511199951e+02 6.5500598145e+02 6.5494500732e+02 6.5488201904e+02 6.5481402588e+02 6.5476202393e+02 6.5471398926e+02 6.5465197754e+02 6.5461499023e+02 6.5460699463e+02 6.5471099854e+02 6.5500299072e+02 6.5526000977e+02 6.5552697754e+02 6.5574102783e+02 6.5599798584e+02 6.5627398682e+02 6.5652899170e+02
6.5729797363e+02 6.5726202393e+02 6.5722497559e+02 6.5724597168e+02 6.5726300049e+02 6.5720599365e+02 6.5709698486e+02 6.5701800537e+02 6.5695501709e+02 6.5688800049e+02 6.5680902100e+02 6.5670397949e+02 6.5659002686e+02 6.5646502686e+02 6.5640600586e+02 6.5634698486e+02 6.5626000977e+02 6.5616497803e+02 6.5608197021e+02 6.5596997070e+02 6.5585699463e+02 6.5577001953e+02 6.5567199707e+02 6.5556799316e+02 6.5548999023e+02 6.5539202881e+02 6.5530401611e+02 6.5521600342e+02 6.5516400146e+02 6.5509698486e+02 6.5503497314e+02 6.5498101807e+02 6.5488500977e+02 6.5488299561e+02 6.5492498779e+02 6.5500701904e+02 6.5508001709e+02 6.5518499756e+02 6.5550500488e+02 6.5601702881e+02 6.5620202637e+02 6.5663500977e+02 6.5707800293e+02 6.5711297607e+02 6.5710699463e+02 6.5728100586e+02
6.5759600830e+02 6.5744799805e+02 6.5738800049e+02 6.5739501953e+02 6.5737298584e+02 6.5728802490e+02 6.5719097900e+02 6.5710198975e+02 6.5702099609e+02 6.5694396973e+02 6.5685998535e+02 6.5675701904e+02 6.5665002441e+02 6.5652899170e+02 6.5645697021e+02 6.5639099121e+02 6.5628997803e+02 6.5618798828e+02 6.5609899902e+02 6.5600598145e+02 6.5589801025e+02 6.5579400635e+02 6.5569201660e+02 6.5559399414e+02 6.5550897217e+02 6.5544598389e+02 6.5536199951e+02 6.5528497314e+02 6.5527197266e+02 6.5524200439e+02 6.5518402100e+02 6.5521398926e+02 6.5529101563e+02 6.5533398438e+02 6.5548797607e+02 6.5572302246e+02 6.5597302246e+02 6.5620397949e+02 6.5662402344e+02 6.5695098877e+02 6.5714599609e+02 6.5750598145e+02 6.5787402344e+02 6.5805999756e+02 6.5823498535e+02 6.5858398438e+02
6.5771899414e+02 6.5755102539e+02 6.5750402832e+02 6.5749298096e+02 6.5744000244e+02 6.5732897949e+02 6.5723602295e+02 6.5714599609e+02 6.5705603027e+02 6.5696502686e+02 6.5689202881e+02 6.5680798340e+02 6.5670599365e+02 6.5659100342e+02 6.5650500488e+02 6.5643200684e+02 6.5630200195e+02 6.5620098877e+02 6.5610699463e+02 6.5600701904e+02 6.5589599609e+02 6.5581701660e+02 6.5573297119e+02 6.5564001465e+02 6.5553302002e+02 6.5547802734e+02 6.5544000244e+02 6.5545697021e+02 6.5557897949e+02 6.5577398682e+02 6.5576800537e+02 6.5588299561e+02 6.5615399170e+02 6.5629797363e+02 6.5649200439e+02 6.5674798584e+02 6.5701397705e+02 6.5726202393e+02 6.5756597900e+02 6.5780999756e+02 6.5809399414e+02 6.5841302490e+02 6.5867297363e+02 6.5897302246e+02 6.5914898682e+02 6.5929901123e+02
6.5773199463e+02 6.5763201904e+02 6.5760998535e+02 6.5756597900e+02 6.5749200439e+02 6.5738598633e+02 6.5729302979e+02 6.5719897461e+02 6.5712097168e+02 6.5702899170e+02 6.5695202637e+02 6.5685101318e+02 6.5675097656e+02 6.5663500977e+02 6.5654101563e+02 6.5645098877e+02 6.5631799316e+02 6.5623400879e+02 6.5614099121e+02 6.5603198242e+02 6.5593701172e+02 6.5587799072e+02 6.5579199219e+02 6.5573602295e+02 6.5570800781e+02 6.5574102783e+02 6.5585699463e+02 6.5599298096e+02 6.5621301270e+02 6.5639099121e+02 6.5645300293e+02 6.5678100586e+02 6.5721197510e+02 6.5736999512e+02 6.5750000000e+02 6.5768701172e+02 6.5788000488e+02 6.5813000488e+02 6.5836700439e+02 6.5861199951e+02 6.5890197754e+02 6.5926898193e+02 6.5941497803e+02 6.5953198242e+02 6.5959002686e+02 6.5963098145e+02
6.5779998779e+02 6.5773699951e+02 6.5767700195e+02 6.5761999512e+02 6.5755401611e+02 6.5744702148e+02 6.5736199951e+02 6.5727600098e+02 6.5720001221e+02 6.5708502197e+02 6.5699597168e+02 6.5688299561e+02 6.5677398682e+02 6.5669598389e+02 6.5658099365e+02 6.5649102783e+02 6.5637097168e+02 6.5627801514e+02 6.5618902588e+02 6.5614001465e+02 6.5616302490e+02 6.5617901611e+02 6.5613897705e+02 6.5619097900e+02 6.5629400635e+02 6.5642102051e+02 6.5659197998e+02 6.5683300781e+02 6.5715802002e+02 6.5707000732e+02 6.5719000244e+02 6.5765600586e+02 6.5784497070e+02 6.5802801514e+02 6.5810900879e+02 6.5825097656e+02 6.5856799316e+02 6.5897302246e+02 6.5925500488e+02 6.5948602295e+02 6.5968200684e+02 6.5974700928e+02 6.5979199219e+02 6.5982897949e+02 6.5989099121e+02 6.5994396973e+02
6.5786999512e+02 6.5779797363e+02 6.5772900391e+02 6.5766302490e+02 6.5757800293e+02 6.5750000000e+02 6.5741601563e+02 6.5731201172e+02 6.5720300293e+02 6.5709197998e+02 6.5701599121e+02 6.5692297363e+02 6.5684899902e+02 6.5675799561e+02 6.5666699219e+02 6.5658697510e+02 6.5649401855e+02 6.5649200439e+02 6.5654699707e+02 6.5658398438e+02 6.5661401367e+02 6.5673297119e+02 6.5673699951e+02 6.5677502441e+02 6.5687701416e+02 6.5705700684e+02 6.5730700684e+02 6.5761798096e+02 6.5783099365e+02 6.5810699463e+02 6.5834399414e+02 6.5860400391e+02 6.5884002686e+02 6.5911700439e+02 6.5925598145e+02 6.5946502686e+02 6.5966802979e+02 6.5981597900e+02 6.5984399414e+02 6.5991998291e+02 6.5998400879e+02 6.6002001953e+02 6.6013299561e+02 6.6021697998e+02 6.6023901367e+02 6.6028601074e+02
6.5796600342e+02 6.5787298584e+02 6.5779699707e+02 6.5772802734e+02 6.5763800049e+02 6.5755297852e+02 6.5744299316e+02 6.5732000732e+02 6.5720397949e+02 6.5711798096e+02 6.5705603027e+02 6.5697100830e+02 6.5691802979e+02 6.5690899658e+02 6.5693200684e+02 6.5690502930e+02 6.5686401367e+02 6.5693499756e+02 6.5707299805e+02 6.5716802979e+02 6.5722998047e+02 6.5734100342e+02 6.5736700439e+02 6.5739501953e+02 6.5754699707e+02 6.5772100830e+02 6.5799902344e+02 6.5834698486e+02 6.5859698486e+02 6.5907702637e+02 6.5928900146e+02 6.5948101807e+02 6.5975799561e+02 6.5984497070e+02 6.5995001221e+02 6.6005200195e+02 6.6008300781e+02 6.6011999512e+02 6.6016601563e+02 6.6024597168e+02 6.6028698730e+02 6.6037701416e+02 6.6047100830e+02 6.6053198242e+02 6.6057501221e+02 6.6066101074e+02
6.5803100586e+02 6.5795001221e+02 6.5786798096e+02 6.5778497314e+02 6.5768402100e+02 6.5757598877e+02 6.5746099854e+02 6.5735797119e+02 6.5725402832e+02 6.5719097900e+02 6.5716302490e+02 6.5713299561e+02 6.5717102051e+02 6.5724200439e+02 6.5734399414e+02 6.5738800049e+02 6.5749700928e+02 6.5754199219e+02 6.5764300537e+02 6.5777899170e+02 6.5795300293e+02 6.5807000732e+02 6.5811401367e+02 6.5813500977e+02 6.5826800537e+02 6.5836102295e+02 6.5858801270e+02 6.5901898193e+02 6.5940399170e+02 6.5966998291e+02 6.5977301025e+02 6.5991699219e+02 6.6011901855e+02 6.6008197021e+02 6.6014898682e+02 6.6026800537e+02 6.6035998535e+02 6.6047198486e+02 6.6052801514e+02 6.6059802246e+02 6.6066998291e+02 6.6076800537e+02 6.6081500244e+02 6.6085601807e+02 6.6092700195e+02 6.6102697754e+02
6.5808197021e+02 6.5802099609e+02 6.5794097900e+02 6.5783599854e+02 6.5771697998e+02 6.5762500000e+02 6.5752600098e+02 6.5743902588e+02 6.5736401367e+02 6.5741900635e+02 6.5750799561e+02 6.5755200195e+02 6.5770098877e+02 6.5784399414e+02 6.5793499756e+02 6.5796697998e+02 6.5812902832e+02 6.5835101318e+02 6.5849798584e+02 6.5860198975e+02 6.5872802734e+02 6.5878698730e+02 6.5878002930e+02 6.5876397705e+02 6.5864898682e+02 6.5895001221e+02 6.5935400391e+02 6.5972302246e+02 6.5986602783e+02 6.5996301270e+02 6.6008398438e+02 6.6022302246e+02 6.6041699219e+02 6.6047698975e+02 6.6049499512e+02 6.6055297852e+02 6.6071301270e+02 6.6083697510e+02 6.6081701660e+02 6.6091497803e+02 6.6101300049e+02 6.6108300781e+02 6.6116900635e+02 6.6127001953e+02 6.6134002686e+02 6.6148999023e+02
6.5819299316e+02 6.5809899902e+02 6.5800299072e+02 6.5788397217e+02 6.5776898193e+02 6.5769500732e+02 6.5765698242e+02 6.5767401123e+02 6.5774902344e+02 6.5786798096e+02 6.5810797119e+02 6.5822302246e+02 6.5833898926e+02 6.5847198486e+02 6.5863000488e+02 6.5874298096e+02 6.5882397461e+02 6.5897601318e+02 6.5922302246e+02 6.5946099854e+02 6.5960699463e+02 6.5959997559e+02 6.5951702881e+02 6.5969897461e+02 6.5974298096e+02 6.5993298340e+02 6.6023101807e+02 6.6034600830e+02 6.6032397461e+02 6.6039001465e+02 6.6045599365e+02 6.6054797363e+02 6.6070202637e+02 6.6076800537e+02 6.6080700684e+02 6.6086401367e+02 6.6105401611e+02 6.6119396973e+02 6.6115100098e+02 6.6119097900e+02 6.6130297852e+02 6.6136602783e+02 6.6149401855e+02 6.6164300537e+02 6.6173699951e+02 6.6202301025e+02
6.5825598145e+02 6.5813897705e+02 6.5801501465e+02 6.5791699219e+02 6.5790100098e+02 6.5792999268e+02 6.5805102539e+02 6.5820001221e+02 6.5837298584e+02 6.5858197021e+02 6.5873797607e+02 6.5883502197e+02 6.5894702148e+02 6.5914099121e+02 6.5938201904e+02 6.5950897217e+02 6.5955401611e+02 6.5972900391e+02 6.5999499512e+02 6.6021398926e+02 6.6033898926e+02 6.6042700195e+02 6.6038201904e+02 6.6050799561e+02 6.6054498291e+02 6.6055603027e+02 6.6063397217e+02 6.6065899658e+02 6.6069000244e+02 6.6077600098e+02 6.6079101563e+02 6.6085302734e+02 6.6101098633e+02 6.6109197998e+02 6.6112200928e+02 6.6119000244e+02 6.6136602783e+02 6.6148699951e+02 6.6147497559e+02 6.6152001953e+02 6.6163500977e+02 6.6174401855e+02 6.6192901611e+02 6.6210601807e+02 6.6222900391e+02 6.6245501709e+02
6.5828802490e+02 6.5816699219e+02 6.5807299805e+02 6.5807397461e+02 6.5819799805e+02 6.5838800049e+02 6.5861401367e+02 6.5881097412e+02 6.5896197510e+02 6.5917102051e+02 6.5934002686e+02 6.5953802490e+02 6.5971801758e+02 6.5994097900e+02 6.6019799805e+02 6.6037597656e+02 6.6053601074e+02 6.6067602539e+02 6.6071997070e+02 6.6074200439e+02 6.6077197266e+02 6.6084497070e+02 6.6079998779e+02 6.6079602051e+02 6.6079302979e+02 6.6078997803e+02 6.6086102295e+02 6.6090502930e+02 6.6096801758e+02 6.6110198975e+02 6.6114202881e+02 6.6118298340e+02 6.6129797363e+02 6.6136999512e+02 6.6142700195e+02 6.6152099609e+02 6.6167498779e+02 6.6172601318e+02 6.6173901367e+02 6.6184301758e+02 6.6194201660e+02 6.6212200928e+02 6.6236401367e+02 6.6251898193e+02 6.6255102539e+02 6.6259698486e+02
6.5833398438e+02 6.5826898193e+02 6.5829797363e+02 6.5844799805e+02 6.5870599365e+02 6.5897497559e+02 6.5914099121e+02 6.5933898926e+02 6.5972497559e+02 6.6012500000e+02 6.6040698242e+02 6.6051501465e+02 6.6081201172e+02 6.6094299316e+02 6.6106597900e+02 6.6117401123e+02 6.6125402832e+02 6.6124102783e+02 6.6114501953e+02 6.6108801270e+02 6.6108697510e+02 6.6110699463e+02 6.6109399414e+02 6.6108801270e+02 6.6103399658e+02 6.6104498291e+02 6.6117401123e+02 6.6125299072e+02 6.6129302979e+02 6.6139697266e+02 6.6145098877e+02 6.6147698975e+02 6.6154302979e+02 6.6163897705e+02 6.6171899414e+02 6.6182897949e+02 6.6197399902e+02 6.6196002197e+02 6.6198101807e+02 6.6209197998e+02 6.6213598633e+02 6.6233398438e+02 6.6255902100e+02 6.6265301514e+02 6.6265997314e+02 6.6270300293e+02
6.5840100098e+02 6.5850598145e+02 6.5873498535e+02 6.5898199463e+02 6.5932800293e+02 6.5967700195e+02 6.5988500977e+02 6.6013201904e+02 6.6049298096e+02 6.6084100342e+02 6.6098699951e+02 6.6107598877e+02 6.6130999756e+02 6.6144500732e+02 6.6148901367e+02 6.6150598145e+02 6.6153601074e+02 6.6152502441e+02 6.6148297119e+02 6.6144201660e+02 6.6143499756e+02 6.6143597412e+02 6.6137902832e+02 6.6135797119e+02 6.6135302734e+02 6.6141302490e+02 6.6149700928e+02 6.6152398682e+02 6.6152301025e+02 6.6163098145e+02 6.6174597168e+02 6.6178601074e+02 6.6182702637e+02 6.6189099121e+02 6.6196398926e+02 6.6201202393e+02 6.6199102783e+02 6.6193103027e+02 6.6207098389e+02 6.6234497070e+02 6.6244299316e+02 6.6257098389e+02 6.6272998047e+02 6.6270501709e+02 6.6272399902e+02 6.6283197021e+02
6.5867999268e+02 6.5897601318e+02 6.5933898926e+02 6.5962298584e+02 6.5991802979e+02 6.6024700928e+02 6.6043798828e+02 6.6065899658e+02 6.6096398926e+02 6.6118103027e+02 6.6127099609e+02 6.6138000488e+02 6.6154797363e+02 6.6166101074e+02 6.6169097900e+02 6.6169299316e+02 6.6170898438e+02 6.6171301270e+02 6.6169702148e+02 6.6169201660e+02 6.6171997070e+02 6.6173602295e+02 6.6168499756e+02 6.6164202881e+02 6.6167297363e+02 6.6170397949e+02 6.6169702148e+02 6.6172302246e+02 6.6177697754e+02 6.6189398193e+02 6.6207098389e+02 6.6210699463e+02 6.6209399414e+02 6.6212799072e+02 6.6216802979e+02 6.6212402344e+02 6.6207800293e+02 6.6233001709e+02 6.6242797852e+02 6.6259600830e+02 6.6272302246e+02 6.6284399414e+02 6.6299499512e+02 6.6301898193e+02 6.6308697510e+02 6.6305700684e+02
6.5917498779e+02 6.5960900879e+02 6.6000598145e+02 6.6028302002e+02 6.6053100586e+02 6.6083001709e+02 6.6097497559e+02 6.6114898682e+02 6.6140399170e+02 6.6153900146e+02 6.6155798340e+02 6.6159399414e+02 6.6165899658e+02 6.6173602295e+02 6.6177099609e+02 6.6179901123e+02 6.6183599854e+02 6.6184600830e+02 6.6185498047e+02 6.6188702393e+02 6.6192797852e+02 6.6195397949e+02 6.6195800781e+02 6.6191998291e+02 6.6190600586e+02 6.6188702393e+02 6.6188098145e+02 6.6204199219e+02 6.6226702881e+02 6.6237500000e+02 6.6246099854e+02 6.6238897705e+02 6.6234600830e+02 6.6238397217e+02 6.6241802979e+02 6.6241998291e+02 6.6244396973e+02 6.6291601563e+02 6.6286901855e+02 6.6280499268e+02 6.6294201660e+02 6.6311499023e+02 6.6326702881e+02 6.6334698486e+02 6.6352899170e+02 6.6336401367e+02
