TESTSERVER/11/1.asc
NCOLS 100
NROWS 100
XLLCORNER 8.0497500000e+03
YLLCORNER 2.8990025000e+05
CELLSIZE 5.0000000000e-01
NODATA_VALUE -9.9990000000e+03
[rows 0 to 19 of 100, columns 0 to 45 of 100]
6.2218597412e+02 6.2303302002e+02 6.2300799561e+02 6.2421002197e+02 6.2588201904e+02 6.2649102783e+02 6.2678100586e+02 6.2827099609e+02 6.2953601074e+02 6.3063000488e+02 6.3154498291e+02 6.3257598877e+02 6.3322802734e+02 6.3372399902e+02 6.3419897461e+02 6.3461700439e+02 6.3497998047e+02 6.3524298096e+02 6.3544897461e+02 6.3571899414e+02 6.3596002197e+02 6.3615600586e+02 6.3635198975e+02 6.3657800293e+02 6.3680401611e+02 6.3701898193e+02 6.3722302246e+02 6.3737902832e+02 6.3750598145e+02 6.3762298584e+02 6.3772998047e+02 6.3781597900e+02 6.3790600586e+02 6.3802600098e+02 6.3813800049e+02 6.3826501465e+02 6.3843597412e+02 6.3866302490e+02 6.3898498535e+02 6.3900299072e+02 6.3904602051e+02 6.3914202881e+02 6.3906097412e+02 6.3906799316e+02 6.3912500000e+02 6.3909497070e+02
6.2220501709e+02 6.2273901367e+02 6.2304302979e+02 6.2464099121e+02 6.2602899170e+02 6.2634002686e+02 6.2723999023e+02 6.2915698242e+02 6.3029797363e+02 6.3106298828e+02 6.3185699463e+02 6.3269396973e+02 6.3338500977e+02 6.3398602295e+02 6.3453497314e+02 6.3504400635e+02 6.3541101074e+02 6.3569000244e+02 6.3594396973e+02 6.3617602539e+02 6.3637097168e+02 6.3655700684e+02 6.3676599121e+02 6.3699499512e+02 6.3718597412e+02 6.3735998535e+02 6.3752301025e+02 6.3766101074e+02 6.3778399658e+02 6.3790802002e+02 6.3805798340e+02 6.3818701172e+02 6.3827697754e+02 6.3837298584e+02 6.3845898438e+02 6.3857397461e+02 6.3874499512e+02 6.3909002686e+02 6.3980798340e+02 6.3972698975e+02 6.3959100342e+02 6.3961700439e+02 6.3950402832e+02 6.3946801758e+02 6.3963897705e+02 6.3970300293e+02
6.2196600342e+02 6.2266101074e+02 6.2393902588e+02 6.2534899902e+02 6.2603100586e+02 6.2640997314e+02 6.2804901123e+02 6.2982397461e+02 6.3087902832e+02 6.3159100342e+02 6.3224499512e+02 6.3296002197e+02 6.3361901855e+02 6.3425000000e+02 6.3486700439e+02 6.3544500732e+02 6.3584399414e+02 6.3613702393e+02 6.3640600586e+02 6.3659399414e+02 6.3675598145e+02 6.3694897461e+02 6.3719201660e+02 6.3740698242e+02 6.3756799316e+02 6.3771301270e+02 6.3784497070e+02 6.3796398926e+02 6.3809197998e+02 6.3823699951e+02 6.3841699219e+02 6.3857702637e+02 6.3868902588e+02 6.3879199219e+02 6.3891101074e+02 6.3903698730e+02 6.3925701904e+02 6.3969097900e+02 6.4042498779e+02 6.4032000732e+02 6.4008001709e+02 6.4003698730e+02 6.3988598633e+02 6.3976202393e+02 6.3990698242e+02 6.4009002686e+02
6.2178100586e+02 6.2289300537e+02 6.2475097656e+02 6.2566198730e+02 6.2596997070e+02 6.2685900879e+02 6.2901300049e+02 6.3034899902e+02 6.3126202393e+02 6.3200897217e+02 6.3262200928e+02 6.3320397949e+02 6.3384301758e+02 6.3451501465e+02 6.3521899414e+02 6.3586602783e+02 6.3629400635e+02 6.3658898926e+02 6.3682397461e+02 6.3696697998e+02 6.3713098145e+02 6.3735699463e+02 6.3763397217e+02 6.3782800293e+02 6.3797100830e+02 6.3810101318e+02 6.3822698975e+02 6.3835601807e+02 6.3850000000e+02 6.3866900635e+02 6.3885601807e+02 6.3900000000e+02 6.3912902832e+02 6.3927001953e+02 6.3944702148e+02 6.3960601807e+02 6.3986499023e+02 6.4020697021e+02 6.4053399658e+02 6.4043200684e+02 6.4033197021e+02 6.4033898926e+02 6.4023297119e+02 6.4018902588e+02 6.4032702637e+02 6.4047302246e+02
6.2210400391e+02 6.2359600830e+02 6.2495697021e+02 6.2548602295e+02 6.2603900146e+02 6.2753497314e+02 6.2972698975e+02 6.3059997559e+02 6.3143701172e+02 6.3224902344e+02 6.3284100342e+02 6.3341101074e+02 6.3408300781e+02 6.3482501221e+02 6.3561401367e+02 6.3628802490e+02 6.3673199463e+02 6.3701501465e+02 6.3719201660e+02 6.3734100342e+02 6.3753399658e+02 6.3777197266e+02 6.3804302979e+02 6.3825799561e+02 6.3839001465e+02 6.3852697754e+02 6.3871301270e+02 6.3888500977e+02 6.3904998779e+02 6.3922497559e+02 6.3937200928e+02 6.3946301270e+02 6.3959899902e+02 6.3976300049e+02 6.3993402100e+02 6.4015301514e+02 6.4041699219e+02 6.4061401367e+02 6.4072302246e+02 6.4066699219e+02 6.4060101318e+02 6.4061700439e+02 6.4065197754e+02 6.4075000000e+02 6.4082702637e+02 6.4087402344e+02
6.2266198730e+02 6.2438299561e+02 6.2515600586e+02 6.2547399902e+02 6.2619598389e+02 6.2786901855e+02 6.2994500732e+02 6.3086199951e+02 6.3170300293e+02 6.3238500977e+02 6.3291198730e+02 6.3360998535e+02 6.3438897705e+02 6.3520202637e+02 6.3602197266e+02 6.3669500732e+02 6.3710302734e+02 6.3737298584e+02 6.3759899902e+02 6.3781799316e+02 6.3803601074e+02 6.3824700928e+02 6.3848797607e+02 6.3867199707e+02 6.3889501953e+02 6.3913000488e+02 6.3934301758e+02 6.3950799561e+02 6.3965997314e+02 6.3982702637e+02 6.3997900391e+02 6.4008001709e+02 6.4016497803e+02 6.4027697754e+02 6.4042999268e+02 6.4066101074e+02 6.4087298584e+02 6.4095697021e+02 6.4096600342e+02 6.4096398926e+02 6.4100799561e+02 6.4110900879e+02 6.4115698242e+02 6.4121697998e+02 6.4131701660e+02 6.4141802979e+02
6.2316998291e+02 6.2469598389e+02 6.2510998535e+02 6.2566101074e+02 6.2683300781e+02 6.2857501221e+02 6.3027899170e+02 6.3122198486e+02 6.3192401123e+02 6.3242602539e+02 6.3296502686e+02 6.3382000732e+02 6.3467602539e+02 6.3553100586e+02 6.3635498047e+02 6.3698797607e+02 6.3739001465e+02 6.3770300293e+02 6.3802398682e+02 6.3831701660e+02 6.3856402588e+02 6.3877899170e+02 6.3898999023e+02 6.3922100830e+02 6.3952697754e+02 6.3979101563e+02 6.3993902588e+02 6.4004199219e+02 6.4018701172e+02 6.4035900879e+02 6.4053399658e+02 6.4064202881e+02 6.4067199707e+02 6.4072998047e+02 6.4086901855e+02 6.4115899658e+02 6.4132800293e+02 6.4131500244e+02 6.4128802490e+02 6.4137597656e+02 6.4157897949e+02 6.4174298096e+02 6.4171899414e+02 6.4167199707e+02 6.4172399902e+02 6.4187200928e+02
6.2341802979e+02 6.2453997803e+02 6.2511499023e+02 6.2626300049e+02 6.2786700439e+02 6.2942498779e+02 6.3052697754e+02 6.3135797119e+02 6.3194799805e+02 6.3240197754e+02 6.3307702637e+02 6.3406298828e+02 6.3496997070e+02 6.3583197021e+02 6.3660302734e+02 6.3718103027e+02 6.3761401367e+02 6.3800897217e+02 6.3844299316e+02 6.3878198242e+02 6.3904699707e+02 6.3927099609e+02 6.3948901367e+02 6.3977398682e+02 6.4008697510e+02 6.4031298828e+02 6.4042297363e+02 6.4051599121e+02 6.4066400146e+02 6.4084100342e+02 6.4101397705e+02 6.4109997559e+02 6.4109399414e+02 6.4112902832e+02 6.4130499268e+02 6.4165802002e+02 6.4179998779e+02 6.4178002930e+02 6.4178399658e+02 6.4189202881e+02 6.4200299072e+02 6.4208099365e+02 6.4208300781e+02 6.4207098389e+02 6.4210797119e+02 6.4226300049e+02
6.2355902100e+02 6.2446398926e+02 6.2558398438e+02 6.2722698975e+02 6.2887402344e+02 6.2999798584e+02 6.3064202881e+02 6.3130401611e+02 6.3191302490e+02 6.3255102539e+02 6.3343298340e+02 6.3440899658e+02 6.3532299805e+02 6.3613598633e+02 6.3678302002e+02 6.3732397461e+02 6.3783502197e+02 6.3833099365e+02 6.3882397461e+02 6.3915802002e+02 6.3940802002e+02 6.3964202881e+02 6.3990002441e+02 6.4022601318e+02 6.4049102783e+02 6.4068200684e+02 6.4081500244e+02 6.4097900391e+02 6.4115399170e+02 6.4133197021e+02 6.4149700928e+02 6.4154400635e+02 6.4153698730e+02 6.4157202148e+02 6.4173901367e+02 6.4201800537e+02 6.4220501709e+02 6.4232299805e+02 6.4235400391e+02 6.4237097168e+02 6.4238201904e+02 6.4243499756e+02 6.4249798584e+02 6.4271099854e+02 6.4276898193e+02 6.4271301270e+02
6.2390997314e+02 6.2498699951e+02 6.2618701172e+02 6.2805401611e+02 6.2946002197e+02 6.3023101807e+02 6.3066699219e+02 6.3128997803e+02 6.3214801025e+02 6.3309899902e+02 6.3403698730e+02 6.3495898438e+02 6.3578302002e+02 6.3647399902e+02 6.3700598145e+02 6.3753802490e+02 6.3811199951e+02 6.3865502930e+02 6.3911798096e+02 6.3942901611e+02 6.3967602539e+02 6.3994598389e+02 6.4028900146e+02 6.4066101074e+02 6.4095898438e+02 6.4117297363e+02 6.4134197998e+02 6.4151501465e+02 6.4167700195e+02 6.4182800293e+02 6.4196899414e+02 6.4203399658e+02 6.4204699707e+02 6.4209899902e+02 6.4223999023e+02 6.4241802979e+02 6.4258502197e+02 6.4275000000e+02 6.4281298828e+02 6.4289599609e+02 6.4291998291e+02 6.4291998291e+02 6.4298400879e+02 6.4319201660e+02 6.4337298584e+02 6.4336102295e+02
6.2447998047e+02 6.2581701660e+02 6.2695599365e+02 6.2865997314e+02 6.2984997559e+02 6.3046801758e+02 6.3085797119e+02 6.3159100342e+02 6.3263201904e+02 6.3370800781e+02 6.3459301758e+02 6.3539697266e+02 6.3614099121e+02 6.3675598145e+02 6.3721697998e+02 6.3774902344e+02 6.3834997559e+02 6.3892102051e+02 6.3938098145e+02 6.3967700195e+02 6.3995001221e+02 6.4028497314e+02 6.4071398926e+02 6.4116198730e+02 6.4150500488e+02 6.4174700928e+02 6.4192498779e+02 6.4207202148e+02 6.4219598389e+02 6.4230798340e+02 6.4241998291e+02 6.4248797607e+02 6.4253497314e+02 6.4263598633e+02 6.4284301758e+02 6.4303997803e+02 6.4299700928e+02 6.4310101318e+02 6.4321600342e+02 6.4332098389e+02 6.4342999268e+02 6.4347497559e+02 6.4354302979e+02 6.4365197754e+02 6.4385198975e+02 6.4392401123e+02
6.2505297852e+02 6.2674298096e+02 6.2795001221e+02 6.2928497314e+02 6.3019799805e+02 6.3074700928e+02 6.3116198730e+02 6.3197399902e+02 6.3305200195e+02 6.3409197998e+02 6.3491101074e+02 6.3565802002e+02 6.3635400391e+02 6.3694396973e+02 6.3742199707e+02 6.3797497559e+02 6.3859197998e+02 6.3916802979e+02 6.3961700439e+02 6.3991699219e+02 6.4023699951e+02 6.4065399170e+02 6.4118298340e+02 6.4166497803e+02 6.4202099609e+02 6.4228698730e+02 6.4250402832e+02 6.4263598633e+02 6.4272198486e+02 6.4279101563e+02 6.4286297607e+02 6.4292199707e+02 6.4301501465e+02 6.4318200684e+02 6.4353601074e+02 6.4404199219e+02 6.4383898926e+02 6.4369201660e+02 6.4378198242e+02 6.4382000732e+02 6.4390301514e+02 6.4398199463e+02 6.4406896973e+02 6.4412597656e+02 6.4425799561e+02 6.4434197998e+02
6.2545098877e+02 6.2747302246e+02 6.2905401611e+02 6.2991101074e+02 6.3054199219e+02 6.3104998779e+02 6.3155700684e+02 6.3235302734e+02 6.3333697510e+02 6.3424499512e+02 6.3503198242e+02 6.3574102783e+02 6.3642401123e+02 6.3705603027e+02 6.3762597656e+02 6.3823297119e+02 6.3884600830e+02 6.3939300537e+02 6.3979998779e+02 6.4015301514e+02 6.4055200195e+02 6.4106402588e+02 6.4167297363e+02 6.4210400391e+02 6.4242602539e+02 6.4270599365e+02 6.4299499512e+02 6.4318701172e+02 6.4324298096e+02 6.4326300049e+02 6.4329302979e+02 6.4339801025e+02 6.4357000732e+02 6.4377600098e+02 6.4404498291e+02 6.4434899902e+02 6.4427697754e+02 6.4429199219e+02 6.4444598389e+02 6.4453399658e+02 6.4451898193e+02 6.4451397705e+02 6.4451397705e+02 6.4455798340e+02 6.4463000488e+02 6.4472900391e+02
6.2639001465e+02 6.2815600586e+02 6.2952801514e+02 6.3032897949e+02 6.3091699219e+02 6.3140502930e+02 6.3198297119e+02 6.3271801758e+02 6.3354998779e+02 6.3437597656e+02 6.3513897705e+02 6.3589501953e+02 6.3665600586e+02 6.3734399414e+02 6.3791699219e+02 6.3848901367e+02 6.3906896973e+02 6.3960400391e+02 6.4005700684e+02 6.4048699951e+02 6.4099102783e+02 6.4155499268e+02 6.4213000488e+02 6.4255200195e+02 6.4285498047e+02 6.4311700439e+02 6.4339501953e+02 6.4355999756e+02 6.4360302734e+02 6.4362097168e+02 6.4369799805e+02 6.4388702393e+02 6.4413098145e+02 6.4435900879e+02 6.4451000977e+02 6.4456799316e+02 6.4463897705e+02 6.4508398438e+02 6.4529901123e+02 6.4526000977e+02 6.4515301514e+02 6.4513098145e+02 6.4504901123e+02 6.4503497314e+02 6.4506500244e+02 6.4513702393e+02
6.2759698486e+02 6.2891802979e+02 6.3000598145e+02 6.3077001953e+02 6.3129199219e+02 6.3172198486e+02 6.3227697754e+02 6.3290899658e+02 6.3364300537e+02 6.3444097900e+02 6.3525500488e+02 6.3617797852e+02 6.3703601074e+02 6.3770397949e+02 6.3820300293e+02 6.3872302246e+02 6.3927099609e+02 6.3981500244e+02 6.4034899902e+02 6.4090399170e+02 6.4149102783e+02 6.4207897949e+02 6.4261798096e+02 6.4304302979e+02 6.4333300781e+02 6.4354901123e+02 6.4374298096e+02 6.4385400391e+02 6.4391198730e+02 6.4398199463e+02 6.4412298584e+02 6.4433300781e+02 6.4459002686e+02 6.4482501221e+02 6.4497900391e+02 6.4504699707e+02 6.4523199463e+02 6.4586499023e+02 6.4621099854e+02 6.4616198730e+02 6.4582501221e+02 6.4565802002e+02 6.4556201172e+02 6.4551702881e+02 6.4548901367e+02 6.4554901123e+02
6.2839599609e+02 6.2940899658e+02 6.3043499756e+02 6.3125000000e+02 6.3171801758e+02 6.3205798340e+02 6.3249798584e+02 6.3305798340e+02 6.3377197266e+02 6.3460900879e+02 6.3552697754e+02 6.3659197998e+02 6.3742602539e+02 6.3797900391e+02 6.3843298340e+02 6.3894598389e+02 6.3946697998e+02 6.4001800537e+02 6.4062097168e+02 6.4126898193e+02 6.4191802979e+02 6.4253302002e+02 6.4306896973e+02 6.4351300049e+02 6.4379400635e+02 6.4396502686e+02 6.4408300781e+02 6.4417498779e+02 6.4427197266e+02 6.4440698242e+02 6.4459899902e+02 6.4479101563e+02 6.4502600098e+02 6.4523699951e+02 6.4537097168e+02 6.4548400879e+02 6.4567700195e+02 6.4620001221e+02 6.4651702881e+02 6.4649902344e+02 6.4623901367e+02 6.4608197021e+02 6.4600799561e+02 6.4598498535e+02 6.4590802002e+02 6.4595599365e+02
6.2867401123e+02 6.2962500000e+02 6.3087298584e+02 6.3175598145e+02 6.3220397949e+02 6.3246099854e+02 6.3280700684e+02 6.3339300537e+02 6.3414697266e+02 6.3507702637e+02 6.3620098877e+02 6.3713098145e+02 6.3780999756e+02 6.3825000000e+02 6.3867901611e+02 6.3919299316e+02 6.3966699219e+02 6.4018597412e+02 6.4081500244e+02 6.4149200439e+02 6.4218902588e+02 6.4285900879e+02 6.4346899414e+02 6.4388397217e+02 6.4416802979e+02 6.4434497070e+02 6.4446502686e+02 6.4457598877e+02 6.4472497559e+02 6.4491400146e+02 6.4511901855e+02 6.4526702881e+02 6.4545800781e+02 6.4563598633e+02 6.4578399658e+02 6.4602502441e+02 6.4629498291e+02 6.4682098389e+02 6.4711602783e+02 6.4664898682e+02 6.4652697754e+02 6.4650701904e+02 6.4654101563e+02 6.4648101807e+02 6.4637902832e+02 6.4640301514e+02
6.2894799805e+02 6.2983502197e+02 6.3109002686e+02 6.3215002441e+02 6.3268597412e+02 6.3299597168e+02 6.3342297363e+02 6.3400201416e+02 6.3478802490e+02 6.3580603027e+02 6.3692102051e+02 6.3768103027e+02 6.3817797852e+02 6.3859197998e+02 6.3901098633e+02 6.3951800537e+02 6.3991497803e+02 6.4036798096e+02 6.4099298096e+02 6.4171502686e+02 6.4249401855e+02 6.4322698975e+02 6.4381597900e+02 6.4418499756e+02 6.4447198486e+02 6.4468200684e+02 6.4484600830e+02 6.4499798584e+02 6.4514697266e+02 6.4531597900e+02 6.4550299072e+02 6.4564801025e+02 6.4583599854e+02 6.4603100586e+02 6.4622302246e+02 6.4652099609e+02 6.4668298340e+02 6.4695501709e+02 6.4712799072e+02 6.4699798584e+02 6.4698297119e+02 6.4698101807e+02 6.4700402832e+02 6.4698400879e+02 6.4697100830e+02 6.4697698975e+02
6.2929901123e+02 6.3022900391e+02 6.3160198975e+02 6.3275097656e+02 6.3332702637e+02 6.3367797852e+02 6.3410498047e+02 6.3464801025e+02 6.3543103027e+02 6.3642498779e+02 6.3749902344e+02 6.3817297363e+02 6.3858197021e+02 6.3892102051e+02 6.3929602051e+02 6.3979199219e+02 6.4020697021e+02 6.4064001465e+02 6.4119799805e+02 6.4196801758e+02 6.4280499268e+02 6.4355798340e+02 6.4410900879e+02 6.4445898438e+02 6.4476300049e+02 6.4500500488e+02 6.4521801758e+02 6.4540100098e+02 6.4554498291e+02 6.4569702148e+02 6.4586602783e+02 6.4601501465e+02 6.4623498535e+02 6.4648699951e+02 6.4664501953e+02 6.4682000732e+02 6.4698999023e+02 6.4712298584e+02 6.4725402832e+02 6.4733502197e+02 6.4740399170e+02 6.4739801025e+02 6.4741400146e+02 6.4740698242e+02 6.4738000488e+02 6.4736999512e+02
6.2991497803e+02 6.3104602051e+02 6.3254699707e+02 6.3351098633e+02 6.3398498535e+02 6.3433001709e+02 6.3476501465e+02 6.3533898926e+02 6.3610101318e+02 6.3698602295e+02 6.3792498779e+02 6.3861798096e+02 6.3903002930e+02 6.3931097412e+02 6.3964801025e+02 6.4010601807e+02 6.4050598145e+02 6.4089398193e+02 6.4141998291e+02 6.4225897217e+02 6.4311199951e+02 6.4384399414e+02 6.4436199951e+02 6.4472302246e+02 6.4505499268e+02 6.4534399414e+02 6.4559997559e+02 6.4579302979e+02 6.4593798828e+02 6.4607897949e+02 6.4622497559e+02 6.4639001465e+02 6.4667401123e+02 6.4701599121e+02 6.4727600098e+02 6.4719500732e+02 6.4728698730e+02 6.4740802002e+02 6.4755102539e+02 6.4770098877e+02 6.4779302979e+02 6.4787500000e+02 6.4794299316e+02 6.4795001221e+02 6.4788299561e+02 6.4787902832e+02
