TESTSERVER/11/10.asc
NCOLS 100
NROWS 100
XLLCORNER 8.0497500000e+03
YLLCORNER 2.8945025000e+05
CELLSIZE 5.0000000000e-01
NODATA_VALUE -9.9990000000e+03
[rows 0 to 19 of 100, columns 0 to 45 of 100]
6.1206298828e+02 6.1226300049e+02 6.1244500732e+02 6.1265100098e+02 6.1283001709e+02 6.1299902344e+02 6.1315802002e+02 6.1332000732e+02 6.1348901367e+02 6.1367401123e+02 6.1387701416e+02 6.1412902832e+02 6.1437597656e+02 6.1460198975e+02 6.1479199219e+02 6.1497698975e+02 6.1521099854e+02 6.1544097900e+02 6.1562799072e+02 6.1583801270e+02 6.1608801270e+02 6.1633099365e+02 6.1655902100e+02 6.1675897217e+02 6.1690600586e+02 6.1701300049e+02 6.1711401367e+02 6.1720001221e+02 6.1734197998e+02 6.1755200195e+02 6.1782501221e+02 6.1804400635e+02 6.1822998047e+02 6.1841699219e+02 6.1859301758e+02 6.1872698975e+02 6.1892199707e+02 6.1921502686e+02 6.1960101318e+02 6.1995098877e+02 6.2020898438e+02 6.2039599609e+02 6.2056896973e+02 6.2076501465e+02 6.2094897461e+02 6.2109497070e+02
6.1184197998e+02 6.1202899170e+02 6.1221600342e+02 6.1240600586e+02 6.1258099365e+02 6.1274798584e+02 6.1291497803e+02 6.1307000732e+02 6.1324102783e+02 6.1344000244e+02 6.1367401123e+02 6.1394799805e+02 6.1420202637e+02 6.1442401123e+02 6.1460400391e+02 6.1478100586e+02 6.1498602295e+02 6.1519299316e+02 6.1539300537e+02 6.1563702393e+02 6.1587298584e+02 6.1609899902e+02 6.1633697510e+02 6.1651898193e+02 6.1665600586e+02 6.1677600098e+02 6.1690997314e+02 6.1701599121e+02 6.1714099121e+02 6.1732702637e+02 6.1756701660e+02 6.1780102539e+02 6.1798498535e+02 6.1813000488e+02 6.1829400635e+02 6.1845898438e+02 6.1865899658e+02 6.1893597412e+02 6.1928302002e+02 6.1965600586e+02 6.1996099854e+02 6.2014697266e+02 6.2029400635e+02 6.2046997070e+02 6.2068298340e+02 6.2088397217e+02
6.1163598633e+02 6.1181500244e+02 6.1199102783e+02 6.1216802979e+02 6.1233697510e+02 6.1250299072e+02 6.1266998291e+02 6.1282897949e+02 6.1300701904e+02 6.1321997070e+02 6.1347497559e+02 6.1375500488e+02 6.1400097656e+02 6.1421197510e+02 6.1440197754e+02 6.1458697510e+02 6.1476898193e+02 6.1494897461e+02 6.1515399170e+02 6.1540600586e+02 6.1561602783e+02 6.1583001709e+02 6.1608502197e+02 6.1627001953e+02 6.1641101074e+02 6.1654199219e+02 6.1669396973e+02 6.1682501221e+02 6.1697302246e+02 6.1715100098e+02 6.1734600830e+02 6.1755999756e+02 6.1773297119e+02 6.1785198975e+02 6.1799597168e+02 6.1818902588e+02 6.1840899658e+02 6.1868597412e+02 6.1901000977e+02 6.1939501953e+02 6.1972198486e+02 6.1991601563e+02 6.2003601074e+02 6.2011297607e+02 6.2029602051e+02 6.2054998779e+02
6.1144000244e+02 6.1161102295e+02 6.1177398682e+02 6.1193597412e+02 6.1209899902e+02 6.1226202393e+02 6.1242401123e+02 6.1259002686e+02 6.1278198242e+02 6.1301202393e+02 6.1327502441e+02 6.1354400635e+02 6.1377301025e+02 6.1397198486e+02 6.1417199707e+02 6.1437799072e+02 6.1455102539e+02 6.1471697998e+02 6.1490301514e+02 6.1511602783e+02 6.1531896973e+02 6.1554797363e+02 6.1582397461e+02 6.1602001953e+02 6.1617602539e+02 6.1632598877e+02 6.1647698975e+02 6.1662500000e+02 6.1680902100e+02 6.1700000000e+02 6.1717297363e+02 6.1736401367e+02 6.1752697754e+02 6.1763800049e+02 6.1775897217e+02 6.1795098877e+02 6.1818103027e+02 6.1845397949e+02 6.1875897217e+02 6.1911999512e+02 6.1943701172e+02 6.1964501953e+02 6.1980499268e+02 6.1987799072e+02 6.2000799561e+02 6.2022100830e+02
6.1126000977e+02 6.1142102051e+02 6.1156597900e+02 6.1171301270e+02 6.1186700439e+02 6.1202398682e+02 6.1217999268e+02 6.1236297607e+02 6.1257702637e+02 6.1282098389e+02 6.1308502197e+02 6.1331799316e+02 6.1352697754e+02 6.1371197510e+02 6.1389801025e+02 6.1411602783e+02 6.1430603027e+02 6.1449102783e+02 6.1468499756e+02 6.1486602783e+02 6.1508099365e+02 6.1532397461e+02 6.1558197021e+02 6.1576702881e+02 6.1593298340e+02 6.1610302734e+02 6.1628497314e+02 6.1645397949e+02 6.1665100098e+02 6.1684802246e+02 6.1702899170e+02 6.1719000244e+02 6.1733197021e+02 6.1745397949e+02 6.1759497070e+02 6.1775897217e+02 6.1797497559e+02 6.1823699951e+02 6.1850701904e+02 6.1879797363e+02 6.1909002686e+02 6.1931896973e+02 6.1952398682e+02 6.1970300293e+02 6.1983599854e+02 6.1997100830e+02
6.1108300781e+02 6.1124200439e+02 6.1138598633e+02 6.1152697754e+02 6.1167297363e+02 6.1182202148e+02 6.1197100830e+02 6.1214697266e+02 6.1235900879e+02 6.1259399414e+02 6.1285101318e+02 6.1308898926e+02 6.1328698730e+02 6.1346301270e+02 6.1363201904e+02 6.1382800293e+02 6.1402600098e+02 6.1423199463e+02 6.1444396973e+02 6.1465899658e+02 6.1489398193e+02 6.1513702393e+02 6.1537200928e+02 6.1554901123e+02 6.1569097900e+02 6.1584497070e+02 6.1603900146e+02 6.1625000000e+02 6.1646398926e+02 6.1666699219e+02 6.1684600830e+02 6.1699401855e+02 6.1711700439e+02 6.1723901367e+02 6.1739001465e+02 6.1754602051e+02 6.1774298096e+02 6.1800701904e+02 6.1826501465e+02 6.1850299072e+02 6.1875701904e+02 6.1897900391e+02 6.1920098877e+02 6.1943103027e+02 6.1960101318e+02 6.1974401855e+02
6.1090100098e+02 6.1106298828e+02 6.1120898438e+02 6.1134698486e+02 6.1148797607e+02 6.1163201904e+02 6.1177001953e+02 6.1193298340e+02 6.1213397217e+02 6.1235601807e+02 6.1259997559e+02 6.1283001709e+02 6.1302301025e+02 6.1319897461e+02 6.1336999512e+02 6.1355999756e+02 6.1376000977e+02 6.1397198486e+02 6.1420001221e+02 6.1443798828e+02 6.1468103027e+02 6.1491900635e+02 6.1513598633e+02 6.1530200195e+02 6.1543701172e+02 6.1558599854e+02 6.1578100586e+02 6.1600897217e+02 6.1624298096e+02 6.1646301270e+02 6.1665002441e+02 6.1679302979e+02 6.1691101074e+02 6.1703497314e+02 6.1719396973e+02 6.1734100342e+02 6.1751300049e+02 6.1776202393e+02 6.1802697754e+02 6.1825299072e+02 6.1848199463e+02 6.1869897461e+02 6.1891900635e+02 6.1916198730e+02 6.1935797119e+02 6.1951501465e+02
6.1072198486e+02 6.1088897705e+02 6.1103601074e+02 6.1116900635e+02 6.1130700684e+02 6.1144702148e+02 6.1157702637e+02 6.1172698975e+02 6.1191497803e+02 6.1211901855e+02 6.1233898926e+02 6.1254901123e+02 6.1273498535e+02 6.1291699219e+02 6.1310498047e+02 6.1331298828e+02 6.1352197266e+02 6.1373901367e+02 6.1397100830e+02 6.1421997070e+02 6.1446197510e+02 6.1468902588e+02 6.1488201904e+02 6.1504498291e+02 6.1519097900e+02 6.1534997559e+02 6.1554302979e+02 6.1576300049e+02 6.1600299072e+02 6.1623498535e+02 6.1643402100e+02 6.1658001709e+02 6.1670501709e+02 6.1683300781e+02 6.1699298096e+02 6.1713397217e+02 6.1728198242e+02 6.1750701904e+02 6.1777801514e+02 6.1800500488e+02 6.1821002197e+02 6.1842401123e+02 6.1865698242e+02 6.1888598633e+02 6.1908398438e+02 6.1925897217e+02
6.1055798340e+02 6.1072998047e+02 6.1089599609e+02 6.1101300049e+02 6.1114398193e+02 6.1127197266e+02 6.1139697266e+02 6.1153900146e+02 6.1170599365e+02 6.1188299561e+02 6.1205798340e+02 6.1225402832e+02 6.1243597412e+02 6.1262799072e+02 6.1283599854e+02 6.1307598877e+02 6.1331097412e+02 6.1354498291e+02 6.1378302002e+02 6.1401599121e+02 6.1424902344e+02 6.1446002197e+02 6.1464501953e+02 6.1481298828e+02 6.1498199463e+02 6.1515698242e+02 6.1534997559e+02 6.1554302979e+02 6.1577801514e+02 6.1601300049e+02 6.1621697998e+02 6.1636199951e+02 6.1649499512e+02 6.1662799072e+02 6.1677099609e+02 6.1691302490e+02 6.1706097412e+02 6.1724700928e+02 6.1747802734e+02 6.1773699951e+02 6.1790997314e+02 6.1810797119e+02 6.1837200928e+02 6.1857501221e+02 6.1876397705e+02 6.1896197510e+02
6.1039300537e+02 6.1057098389e+02 6.1072399902e+02 6.1085498047e+02 6.1097900391e+02 6.1109899902e+02 6.1121002197e+02 6.1135198975e+02 6.1151000977e+02 6.1167401123e+02 6.1183398438e+02 6.1199298096e+02 6.1217498779e+02 6.1237298584e+02 6.1259197998e+02 6.1283398438e+02 6.1308001709e+02 6.1332800293e+02 6.1357098389e+02 6.1381402588e+02 6.1404199219e+02 6.1424902344e+02 6.1444000244e+02 6.1461700439e+02 6.1477899170e+02 6.1494702148e+02 6.1514300537e+02 6.1536602783e+02 6.1561199951e+02 6.1583502197e+02 6.1601098633e+02 6.1614300537e+02 6.1626599121e+02 6.1639697266e+02 6.1653601074e+02 6.1666699219e+02 6.1683197021e+02 6.1701702881e+02 6.1721801758e+02 6.1746197510e+02 6.1763800049e+02 6.1778900146e+02 6.1800500488e+02 6.1822497559e+02 6.1844201660e+02 6.1866101074e+02
6.1020599365e+02 6.1038897705e+02 6.1054199219e+02 6.1066699219e+02 6.1079101563e+02 6.1090997314e+02 6.1102001953e+02 6.1115997314e+02 6.1131402588e+02 6.1147497559e+02 6.1162597656e+02 6.1177301025e+02 6.1195098877e+02 6.1214898682e+02 6.1236999512e+02 6.1261401367e+02 6.1286102295e+02 6.1310797119e+02 6.1335699463e+02 6.1360498047e+02 6.1383197021e+02 6.1403802490e+02 6.1423101807e+02 6.1440600586e+02 6.1456298828e+02 6.1472399902e+02 6.1491497803e+02 6.1516601563e+02 6.1542297363e+02 6.1564398193e+02 6.1580902100e+02 6.1592297363e+02 6.1603802490e+02 6.1616699219e+02 6.1630798340e+02 6.1643499756e+02 6.1659301758e+02 6.1676397705e+02 6.1694097900e+02 6.1717199707e+02 6.1736401367e+02 6.1751202393e+02 6.1769897461e+02 6.1791699219e+02 6.1813897705e+02 6.1835998535e+02
6.1000402832e+02 6.1019000244e+02 6.1034497070e+02 6.1046997070e+02 6.1059399414e+02 6.1071502686e+02 6.1082800293e+02 6.1096899414e+02 6.1112298584e+02 6.1128198242e+02 6.1143103027e+02 6.1157800293e+02 6.1175402832e+02 6.1195098877e+02 6.1217102051e+02 6.1240698242e+02 6.1264697266e+02 6.1288897705e+02 6.1313500977e+02 6.1338098145e+02 6.1360400391e+02 6.1381097412e+02 6.1400500488e+02 6.1417797852e+02 6.1433300781e+02 6.1449200439e+02 6.1467199707e+02 6.1491400146e+02 6.1516900635e+02 6.1539697266e+02 6.1558300781e+02 6.1569000244e+02 6.1580297852e+02 6.1593499756e+02 6.1608801270e+02 6.1621997070e+02 6.1635900879e+02 6.1651501465e+02 6.1668701172e+02 6.1689801025e+02 6.1709899902e+02 6.1728302002e+02 6.1748101807e+02 6.1766198730e+02 6.1785797119e+02 6.1806500244e+02
6.0979699707e+02 6.0999102783e+02 6.1014398193e+02 6.1025402832e+02 6.1037597656e+02 6.1050000000e+02 6.1062799072e+02 6.1078497314e+02 6.1093798828e+02 6.1109399414e+02 6.1125299072e+02 6.1141101074e+02 6.1159002686e+02 6.1178399658e+02 6.1199401855e+02 6.1221197510e+02 6.1243902588e+02 6.1266601563e+02 6.1288598633e+02 6.1311798096e+02 6.1332897949e+02 6.1353698730e+02 6.1374401855e+02 6.1393200684e+02 6.1409197998e+02 6.1425402832e+02 6.1444000244e+02 6.1464099121e+02 6.1486999512e+02 6.1509997559e+02 6.1529101563e+02 6.1543298340e+02 6.1555902100e+02 6.1570098877e+02 6.1587097168e+02 6.1602197266e+02 6.1615002441e+02 6.1630999756e+02 6.1655102539e+02 6.1671301270e+02 6.1688098145e+02 6.1709002686e+02 6.1732000732e+02 6.1742102051e+02 6.1758001709e+02 6.1777697754e+02
6.0955700684e+02 6.0974902344e+02 6.0989697266e+02 6.1002398682e+02 6.1015802002e+02 6.1029400635e+02 6.1044799805e+02 6.1061102295e+02 6.1076501465e+02 6.1092102051e+02 6.1107800293e+02 6.1124200439e+02 6.1142199707e+02 6.1161297607e+02 6.1181097412e+02 6.1202001953e+02 6.1222998047e+02 6.1243597412e+02 6.1264300537e+02 6.1285302734e+02 6.1305200195e+02 6.1325000000e+02 6.1347100830e+02 6.1366302490e+02 6.1382702637e+02 6.1399200439e+02 6.1418499756e+02 6.1440100098e+02 6.1461798096e+02 6.1483502197e+02 6.1502697754e+02 6.1517602539e+02 6.1532598877e+02 6.1548602295e+02 6.1567297363e+02 6.1582702637e+02 6.1592199707e+02 6.1604199219e+02 6.1626599121e+02 6.1648297119e+02 6.1660797119e+02 6.1676702881e+02 6.1699200439e+02 6.1713299561e+02 6.1729498291e+02 6.1749102783e+02
6.0930902100e+02 6.0949597168e+02 6.0966302490e+02 6.0982202148e+02 6.0997302246e+02 6.1012200928e+02 6.1027899170e+02 6.1043902588e+02 6.1059301758e+02 6.1075000000e+02 6.1090399170e+02 6.1106402588e+02 6.1124200439e+02 6.1143200684e+02 6.1163098145e+02 6.1183502197e+02 6.1203399658e+02 6.1222698975e+02 6.1241601563e+02 6.1261901855e+02 6.1280798340e+02 6.1299798584e+02 6.1320397949e+02 6.1339697266e+02 6.1356896973e+02 6.1374401855e+02 6.1395098877e+02 6.1418200684e+02 6.1440100098e+02 6.1461102295e+02 6.1479199219e+02 6.1494897461e+02 6.1511499023e+02 6.1529199219e+02 6.1547900391e+02 6.1559899902e+02 6.1568298340e+02 6.1578399658e+02 6.1596502686e+02 6.1617498779e+02 6.1631201172e+02 6.1644598389e+02 6.1664898682e+02 6.1683300781e+02 6.1702398682e+02 6.1722998047e+02
6.0908197021e+02 6.0927001953e+02 6.0945599365e+02 6.0964300537e+02 6.0981097412e+02 6.0996997070e+02 6.1012097168e+02 6.1027001953e+02 6.1042401123e+02 6.1058001709e+02 6.1073101807e+02 6.1088800049e+02 6.1106500244e+02 6.1125201416e+02 6.1145300293e+02 6.1165802002e+02 6.1184997559e+02 6.1203399658e+02 6.1220300293e+02 6.1239202881e+02 6.1257702637e+02 6.1276098633e+02 6.1295599365e+02 6.1315301514e+02 6.1334002686e+02 6.1352899170e+02 6.1375000000e+02 6.1399597168e+02 6.1421398926e+02 6.1441198730e+02 6.1457702637e+02 6.1473498535e+02 6.1491497803e+02 6.1510601807e+02 6.1530102539e+02 6.1539697266e+02 6.1549102783e+02 6.1560498047e+02 6.1576599121e+02 6.1596502686e+02 6.1611297607e+02 6.1623498535e+02 6.1639099121e+02 6.1658099365e+02 6.1678302002e+02 6.1699401855e+02
6.0886901855e+02 6.0906799316e+02 6.0928497314e+02 6.0949499512e+02 6.0967602539e+02 6.0983898926e+02 6.1000402832e+02 6.1011602783e+02 6.1025598145e+02 6.1040301514e+02 6.1055902100e+02 6.1071997070e+02 6.1089398193e+02 6.1107800293e+02 6.1128900146e+02 6.1148498535e+02 6.1167102051e+02 6.1184698486e+02 6.1201098633e+02 6.1216101074e+02 6.1233898926e+02 6.1253002930e+02 6.1274499512e+02 6.1295202637e+02 6.1315301514e+02 6.1335400391e+02 6.1359301758e+02 6.1383898926e+02 6.1404901123e+02 6.1422698975e+02 6.1435998535e+02 6.1451098633e+02 6.1470397949e+02 6.1490899658e+02 6.1509802246e+02 6.1522900391e+02 6.1535900879e+02 6.1550701904e+02 6.1569702148e+02 6.1587402344e+02 6.1601599121e+02 6.1611901855e+02 6.1621301270e+02 6.1636798096e+02 6.1654901123e+02 6.1674700928e+02
6.0869299316e+02 6.0890600586e+02 6.0913098145e+02 6.0935198975e+02 6.0953198242e+02 6.0968499756e+02 6.0982800293e+02 6.0994702148e+02 6.1007501221e+02 6.1021801758e+02 6.1038098145e+02 6.1055102539e+02 6.1072601318e+02 6.1090899658e+02 6.1110601807e+02 6.1129699707e+02 6.1147497559e+02 6.1164801025e+02 6.1180297852e+02 6.1194500732e+02 6.1211798096e+02 6.1231701660e+02 6.1253997803e+02 6.1278100586e+02 6.1299902344e+02 6.1320098877e+02 6.1341900635e+02 6.1364898682e+02 6.1384399414e+02 6.1400701904e+02 6.1412902832e+02 6.1427899170e+02 6.1447399902e+02 6.1467700195e+02 6.1487298584e+02 6.1502899170e+02 6.1518798828e+02 6.1535601807e+02 6.1556298828e+02 6.1578399658e+02 6.1594598389e+02 6.1606298828e+02 6.1613397217e+02 6.1621301270e+02 6.1633697510e+02 6.1649902344e+02
6.0851501465e+02 6.0873199463e+02 6.0895397949e+02 6.0917102051e+02 6.0934997559e+02 6.0950097656e+02 6.0963201904e+02 6.0974700928e+02 6.0987902832e+02 6.1002600098e+02 6.1019702148e+02 6.1037200928e+02 6.1054797363e+02 6.1073199463e+02 6.1092199707e+02 6.1110400391e+02 6.1128002930e+02 6.1145098877e+02 6.1160302734e+02 6.1174798584e+02 6.1192297363e+02 6.1212200928e+02 6.1233898926e+02 6.1259197998e+02 6.1282800293e+02 6.1303802490e+02 6.1323901367e+02 6.1344702148e+02 6.1362500000e+02 6.1377502441e+02 6.1390600586e+02 6.1406896973e+02 6.1426300049e+02 6.1446197510e+02 6.1465899658e+02 6.1483502197e+02 6.1500897217e+02 6.1518902588e+02 6.1540600586e+02 6.1563201904e+02 6.1580902100e+02 6.1594201660e+02 6.1603100586e+02 6.1609600830e+02 6.1619201660e+02 6.1633001709e+02
6.0831597900e+02 6.0853002930e+02 6.0875299072e+02 6.0896002197e+02 6.0914001465e+02 6.0929400635e+02 6.0942102051e+02 6.0953900146e+02 6.0967297363e+02 6.0982598877e+02 6.1000598145e+02 6.1018798828e+02 6.1036700439e+02 6.1055102539e+02 6.1073602295e+02 6.1091198730e+02 6.1108697510e+02 6.1125598145e+02 6.1141198730e+02 6.1156701660e+02 6.1174298096e+02 6.1193798828e+02 6.1213800049e+02 6.1237500000e+02 6.1261499023e+02 6.1283502197e+02 6.1304302979e+02 6.1324499512e+02 6.1341699219e+02 6.1356201172e+02 6.1370098877e+02 6.1387402344e+02 6.1406597900e+02 6.1426300049e+02 6.1445599365e+02 6.1464599609e+02 6.1482897949e+02 6.1501800537e+02 6.1522601318e+02 6.1542999268e+02 6.1561199951e+02 6.1576202393e+02 6.1587097168e+02 6.1593798828e+02 6.1603997803e+02 6.1617901611e+02
