TESTSERVER/11/10.asc
NCOLS 100
NROWS 100
XLLCORNER 8.0497500000e+03
YLLCORNER 2.8945025000e+05
CELLSIZE 5.0000000000e-01
NODATA_VALUE -9.9990000000e+03
[rows 20 to 39 of 100, columns 46 to 91 of 100]
6.1616699219e+02 6.1629302979e+02 6.1642199707e+02 6.1657800293e+02 6.1673901367e+02 6.1698999023e+02 6.1720800781e+02 6.1735699463e+02 6.1753802490e+02 6.1768597412e+02 6.1786602783e+02 6.1803802490e+02 6.1821002197e+02 6.1835601807e+02 6.1847497559e+02 6.1856097412e+02 6.1862402344e+02 6.1876300049e+02 6.1895898438e+02 6.1916400146e+02 6.1936798096e+02 6.1962298584e+02 6.1986602783e+02 6.2009997559e+02 6.2033697510e+02 6.2062298584e+02 6.2077301025e+02 6.2080902100e+02 6.2083898926e+02 6.2122802734e+02 6.2176098633e+02 6.2232501221e+02 6.2266900635e+02 6.2301300049e+02 6.2311102295e+02 6.2305297852e+02 6.2298199463e+02 6.2300299072e+02 6.2307098389e+02 6.2316198730e+02 6.2314697266e+02 6.2346398926e+02 6.2360498047e+02 6.2379101563e+02 6.2394097900e+02 6.2399499512e+02
6.1594799805e+02 6.1608898926e+02 6.1622802734e+02 6.1637402344e+02 6.1651397705e+02 6.1668298340e+02 6.1686700439e+02 6.1702502441e+02 6.1724902344e+02 6.1742797852e+02 6.1758197021e+02 6.1771997070e+02 6.1785198975e+02 6.1798901367e+02 6.1813299561e+02 6.1828198242e+02 6.1839202881e+02 6.1846600342e+02 6.1858099365e+02 6.1873101807e+02 6.1891900635e+02 6.1915197754e+02 6.1941101074e+02 6.1967297363e+02 6.1993499756e+02 6.2021502686e+02 6.2036901855e+02 6.2040600586e+02 6.2041101074e+02 6.2065802002e+02 6.2106597900e+02 6.2148999023e+02 6.2190802002e+02 6.2239099121e+02 6.2261700439e+02 6.2267297363e+02 6.2270898438e+02 6.2269500732e+02 6.2273901367e+02 6.2280297852e+02 6.2280102539e+02 6.2291802979e+02 6.2311102295e+02 6.2328198242e+02 6.2346697998e+02 6.2369500732e+02
6.1568902588e+02 6.1582299805e+02 6.1595800781e+02 6.1610699463e+02 6.1626800537e+02 6.1640997314e+02 6.1656402588e+02 6.1672399902e+02 6.1695397949e+02 6.1713800049e+02 6.1728399658e+02 6.1740802002e+02 6.1753601074e+02 6.1767401123e+02 6.1783099365e+02 6.1801397705e+02 6.1817498779e+02 6.1828601074e+02 6.1838800049e+02 6.1848999023e+02 6.1861602783e+02 6.1881097412e+02 6.1903802490e+02 6.1926000977e+02 6.1946197510e+02 6.1966101074e+02 6.1982800293e+02 6.1993902588e+02 6.2001501465e+02 6.2016998291e+02 6.2042199707e+02 6.2075097656e+02 6.2122601318e+02 6.2165197754e+02 6.2185601807e+02 6.2200000000e+02 6.2224700928e+02 6.2236700439e+02 6.2237500000e+02 6.2241497803e+02 6.2249200439e+02 6.2260198975e+02 6.2282598877e+02 6.2302099609e+02 6.2312902832e+02 6.2330297852e+02
6.1540600586e+02 6.1552001953e+02 6.1565002441e+02 6.1580902100e+02 6.1599102783e+02 6.1615100098e+02 6.1630700684e+02 6.1645898438e+02 6.1664697266e+02 6.1683197021e+02 6.1699298096e+02 6.1713397217e+02 6.1728601074e+02 6.1744500732e+02 6.1760900879e+02 6.1778900146e+02 6.1795098877e+02 6.1811102295e+02 6.1825201416e+02 6.1835101318e+02 6.1844799805e+02 6.1860797119e+02 6.1877697754e+02 6.1892901611e+02 6.1905603027e+02 6.1919396973e+02 6.1936798096e+02 6.1953997803e+02 6.1971099854e+02 6.1988299561e+02 6.2003900146e+02 6.2026898193e+02 6.2069299316e+02 6.2103198242e+02 6.2121301270e+02 6.2138500977e+02 6.2169500732e+02 6.2195800781e+02 6.2202697754e+02 6.2206097412e+02 6.2216802979e+02 6.2223797607e+02 6.2240002441e+02 6.2259600830e+02 6.2274597168e+02 6.2289300537e+02
6.1511602783e+02 6.1522100830e+02 6.1535400391e+02 6.1552099609e+02 6.1570800781e+02 6.1590197754e+02 6.1607299805e+02 6.1619799805e+02 6.1631799316e+02 6.1651599121e+02 6.1670800781e+02 6.1687799072e+02 6.1703497314e+02 6.1721301270e+02 6.1739801025e+02 6.1757897949e+02 6.1773602295e+02 6.1791699219e+02 6.1809997559e+02 6.1823297119e+02 6.1833697510e+02 6.1845501709e+02 6.1858300781e+02 6.1870202637e+02 6.1882000732e+02 6.1897198486e+02 6.1913702393e+02 6.1929797363e+02 6.1946600342e+02 6.1964398193e+02 6.1977001953e+02 6.1993200684e+02 6.2015600586e+02 6.2048297119e+02 6.2075598145e+02 6.2101599121e+02 6.2135302734e+02 6.2160699463e+02 6.2172802734e+02 6.2178601074e+02 6.2186700439e+02 6.2195501709e+02 6.2204998779e+02 6.2215100098e+02 6.2224902344e+02 6.2245202637e+02
6.1484497070e+02 6.1494500732e+02 6.1508599854e+02 6.1526000977e+02 6.1544500732e+02 6.1562701416e+02 6.1581097412e+02 6.1594598389e+02 6.1605200195e+02 6.1622802734e+02 6.1640698242e+02 6.1659100342e+02 6.1675701904e+02 6.1695800781e+02 6.1717602539e+02 6.1737701416e+02 6.1753601074e+02 6.1775402832e+02 6.1796899414e+02 6.1813000488e+02 6.1824102783e+02 6.1828601074e+02 6.1836602783e+02 6.1849298096e+02 6.1861999512e+02 6.1877099609e+02 6.1892901611e+02 6.1907299805e+02 6.1920599365e+02 6.1937402344e+02 6.1951599121e+02 6.1968701172e+02 6.1986798096e+02 6.2008898926e+02 6.2033197021e+02 6.2057098389e+02 6.2083001709e+02 6.2115301514e+02 6.2147601318e+02 6.2162597656e+02 6.2165100098e+02 6.2173297119e+02 6.2185101318e+02 6.2196398926e+02 6.2205499268e+02 6.2217700195e+02
6.1458001709e+02 6.1468103027e+02 6.1482598877e+02 6.1500000000e+02 6.1517498779e+02 6.1533801270e+02 6.1552398682e+02 6.1567797852e+02 6.1580200195e+02 6.1595599365e+02 6.1612298584e+02 6.1630200195e+02 6.1648400879e+02 6.1670397949e+02 6.1692901611e+02 6.1713702393e+02 6.1732501221e+02 6.1757501221e+02 6.1779199219e+02 6.1795697021e+02 6.1809600830e+02 6.1811700439e+02 6.1815301514e+02 6.1826397705e+02 6.1839501953e+02 6.1853302002e+02 6.1868701172e+02 6.1883801270e+02 6.1896899414e+02 6.1915399170e+02 6.1930297852e+02 6.1945697021e+02 6.1963098145e+02 6.1982702637e+02 6.2002398682e+02 6.2020898438e+02 6.2036999512e+02 6.2065802002e+02 6.2114697266e+02 6.2145800781e+02 6.2151397705e+02 6.2154901123e+02 6.2166802979e+02 6.2181201172e+02 6.2192199707e+02 6.2197698975e+02
6.1432800293e+02 6.1444299316e+02 6.1459002686e+02 6.1475598145e+02 6.1491601563e+02 6.1507098389e+02 6.1525799561e+02 6.1543499756e+02 6.1559100342e+02 6.1572497559e+02 6.1589300537e+02 6.1608001709e+02 6.1627001953e+02 6.1647802734e+02 6.1668402100e+02 6.1688897705e+02 6.1711401367e+02 6.1736999512e+02 6.1755999756e+02 6.1770501709e+02 6.1785601807e+02 6.1790802002e+02 6.1793701172e+02 6.1803002930e+02 6.1815301514e+02 6.1828399658e+02 6.1844000244e+02 6.1860101318e+02 6.1873699951e+02 6.1891998291e+02 6.1907702637e+02 6.1923498535e+02 6.1941802979e+02 6.1960900879e+02 6.1979602051e+02 6.1997399902e+02 6.2011999512e+02 6.2026501465e+02 6.2060797119e+02 6.2098199463e+02 6.2131201172e+02 6.2138897705e+02 6.2148699951e+02 6.2162597656e+02 6.2175500488e+02 6.2181201172e+02
6.1409301758e+02 6.1422100830e+02 6.1436499023e+02 6.1452398682e+02 6.1467602539e+02 6.1482397461e+02 6.1501098633e+02 6.1520697021e+02 6.1538397217e+02 6.1550402832e+02 6.1567401123e+02 6.1588800049e+02 6.1609399414e+02 6.1626702881e+02 6.1645898438e+02 6.1667199707e+02 6.1690100098e+02 6.1713897705e+02 6.1732202148e+02 6.1745898438e+02 6.1758898926e+02 6.1768597412e+02 6.1774298096e+02 6.1782397461e+02 6.1792999268e+02 6.1805401611e+02 6.1821002197e+02 6.1837097168e+02 6.1848602295e+02 6.1865802002e+02 6.1882397461e+02 6.1899499512e+02 6.1917797852e+02 6.1936700439e+02 6.1957000732e+02 6.1978497314e+02 6.1998498535e+02 6.2008801270e+02 6.2014300537e+02 6.2034197998e+02 6.2085797119e+02 6.2123699951e+02 6.2133398438e+02 6.2140899658e+02 6.2154199219e+02 6.2165600586e+02
6.1388397217e+02 6.1402301025e+02 6.1415600586e+02 6.1429699707e+02 6.1445898438e+02 6.1461901855e+02 6.1480200195e+02 6.1498999023e+02 6.1517498779e+02 6.1531799316e+02 6.1549298096e+02 6.1570397949e+02 6.1591400146e+02 6.1608001709e+02 6.1627099609e+02 6.1646997070e+02 6.1666101074e+02 6.1685400391e+02 6.1703399658e+02 6.1719500732e+02 6.1735699463e+02 6.1746801758e+02 6.1755603027e+02 6.1767498779e+02 6.1779998779e+02 6.1788000488e+02 6.1801000977e+02 6.1817297363e+02 6.1829199219e+02 6.1841699219e+02 6.1858001709e+02 6.1874200439e+02 6.1891497803e+02 6.1910699463e+02 6.1933697510e+02 6.1956799316e+02 6.1974798584e+02 6.1992797852e+02 6.2001098633e+02 6.2001898193e+02 6.2025500488e+02 6.2076397705e+02 6.2110900879e+02 6.2129101563e+02 6.2136499023e+02 6.2144097900e+02
6.1370300293e+02 6.1385998535e+02 6.1398297119e+02 6.1410699463e+02 6.1426300049e+02 6.1444299316e+02 6.1464202881e+02 6.1483001709e+02 6.1500097656e+02 6.1516699219e+02 6.1534002686e+02 6.1553497314e+02 6.1572698975e+02 6.1587597656e+02 6.1604498291e+02 6.1622998047e+02 6.1642401123e+02 6.1659002686e+02 6.1672399902e+02 6.1685900879e+02 6.1703100586e+02 6.1717297363e+02 6.1729797363e+02 6.1746600342e+02 6.1764001465e+02 6.1770202637e+02 6.1779901123e+02 6.1796600342e+02 6.1810900879e+02 6.1819299316e+02 6.1833398438e+02 6.1847900391e+02 6.1865399170e+02 6.1883697510e+02 6.1906402588e+02 6.1928802490e+02 6.1944598389e+02 6.1960498047e+02 6.1972302246e+02 6.1973901367e+02 6.1973901367e+02 6.2003399658e+02 6.2051898193e+02 6.2095501709e+02 6.2116101074e+02 6.2128601074e+02
6.1352801514e+02 6.1369299316e+02 6.1381799316e+02 6.1394500732e+02 6.1411102295e+02 6.1429797363e+02 6.1449200439e+02 6.1468200684e+02 6.1486401367e+02 6.1504400635e+02 6.1521099854e+02 6.1538098145e+02 6.1554699707e+02 6.1566601563e+02 6.1579998779e+02 6.1596197510e+02 6.1616497803e+02 6.1633300781e+02 6.1643701172e+02 6.1653997803e+02 6.1668402100e+02 6.1685498047e+02 6.1700402832e+02 6.1717999268e+02 6.1739202881e+02 6.1748797607e+02 6.1755902100e+02 6.1770697021e+02 6.1787298584e+02 6.1797198486e+02 6.1812298584e+02 6.1826397705e+02 6.1844702148e+02 6.1861798096e+02 6.1880999756e+02 6.1900701904e+02 6.1916998291e+02 6.1929101563e+02 6.1938098145e+02 6.1946002197e+02 6.1948999023e+02 6.1954199219e+02 6.1981298828e+02 6.2025701904e+02 6.2064001465e+02 6.2088800049e+02
6.1333300781e+02 6.1350299072e+02 6.1365002441e+02 6.1380297852e+02 6.1396997070e+02 6.1414001465e+02 6.1434197998e+02 6.1457299805e+02 6.1480603027e+02 6.1498602295e+02 6.1514898682e+02 6.1528900146e+02 6.1541198730e+02 6.1548797607e+02 6.1558197021e+02 6.1570898438e+02 6.1585400391e+02 6.1604797363e+02 6.1616400146e+02 6.1627099609e+02 6.1640600586e+02 6.1659698486e+02 6.1675299072e+02 6.1689300537e+02 6.1708001709e+02 6.1724102783e+02 6.1733001709e+02 6.1743298340e+02 6.1755700684e+02 6.1775500488e+02 6.1795599365e+02 6.1809899902e+02 6.1825598145e+02 6.1843701172e+02 6.1858697510e+02 6.1874499512e+02 6.1892401123e+02 6.1905401611e+02 6.1912097168e+02 6.1920098877e+02 6.1927801514e+02 6.1933898926e+02 6.1943402100e+02 6.1974798584e+02 6.2019500732e+02 6.2043798828e+02
6.1310797119e+02 6.1329199219e+02 6.1347802734e+02 6.1365802002e+02 6.1381799316e+02 6.1396502686e+02 6.1422100830e+02 6.1451702881e+02 6.1477301025e+02 6.1496301270e+02 6.1510797119e+02 6.1521801758e+02 6.1529901123e+02 6.1534497070e+02 6.1540502930e+02 6.1548602295e+02 6.1558599854e+02 6.1572802734e+02 6.1583898926e+02 6.1596801758e+02 6.1614202881e+02 6.1630603027e+02 6.1645397949e+02 6.1659197998e+02 6.1677301025e+02 6.1702801514e+02 6.1722198486e+02 6.1733300781e+02 6.1737597656e+02 6.1749298096e+02 6.1767797852e+02 6.1783099365e+02 6.1797900391e+02 6.1814501953e+02 6.1830297852e+02 6.1845300293e+02 6.1858697510e+02 6.1871697998e+02 6.1883197021e+02 6.1892901611e+02 6.1899200439e+02 6.1904901123e+02 6.1914001465e+02 6.1934802246e+02 6.1968103027e+02 6.2009802246e+02
6.1290002441e+02 6.1310900879e+02 6.1331201172e+02 6.1350000000e+02 6.1366400146e+02 6.1383502197e+02 6.1414501953e+02 6.1448602295e+02 6.1474902344e+02 6.1493103027e+02 6.1504101563e+02 6.1510797119e+02 6.1516101074e+02 6.1517901611e+02 6.1520898438e+02 6.1526599121e+02 6.1534399414e+02 6.1544396973e+02 6.1554199219e+02 6.1567199707e+02 6.1584399414e+02 6.1597900391e+02 6.1613299561e+02 6.1628497314e+02 6.1643298340e+02 6.1670898438e+02 6.1698602295e+02 6.1713702393e+02 6.1714801025e+02 6.1723602295e+02 6.1740301514e+02 6.1756201172e+02 6.1771697998e+02 6.1786700439e+02 6.1801599121e+02 6.1816198730e+02 6.1829998779e+02 6.1844799805e+02 6.1857299805e+02 6.1867999268e+02 6.1873999023e+02 6.1878002930e+02 6.1884197998e+02 6.1893798828e+02 6.1911102295e+02 6.1950000000e+02
6.1270501709e+02 6.1291497803e+02 6.1311297607e+02 6.1330603027e+02 6.1349401855e+02 6.1371502686e+02 6.1404699707e+02 6.1438702393e+02 6.1465802002e+02 6.1484899902e+02 6.1493798828e+02 6.1497100830e+02 6.1499902344e+02 6.1499200439e+02 6.1499902344e+02 6.1503997803e+02 6.1510699463e+02 6.1517999268e+02 6.1526702881e+02 6.1538500977e+02 6.1554498291e+02 6.1568902588e+02 6.1584899902e+02 6.1599102783e+02 6.1606896973e+02 6.1626397705e+02 6.1654998779e+02 6.1673797607e+02 6.1679498291e+02 6.1693701172e+02 6.1713098145e+02 6.1730297852e+02 6.1746197510e+02 6.1760797119e+02 6.1774200439e+02 6.1787298584e+02 6.1801898193e+02 6.1817297363e+02 6.1829998779e+02 6.1841400146e+02 6.1848498535e+02 6.1853601074e+02 6.1859698486e+02 6.1867401123e+02 6.1876300049e+02 6.1892401123e+02
6.1249499512e+02 6.1269299316e+02 6.1287701416e+02 6.1308001709e+02 6.1329998779e+02 6.1355798340e+02 6.1387597656e+02 6.1417401123e+02 6.1442498779e+02 6.1465997314e+02 6.1478698730e+02 6.1482397461e+02 6.1484100342e+02 6.1482501221e+02 6.1481097412e+02 6.1483502197e+02 6.1487902832e+02 6.1496502686e+02 6.1505499268e+02 6.1516302490e+02 6.1529498291e+02 6.1546099854e+02 6.1560601807e+02 6.1571502686e+02 6.1579302979e+02 6.1591900635e+02 6.1614001465e+02 6.1632397461e+02 6.1643103027e+02 6.1663800049e+02 6.1685302734e+02 6.1702099609e+02 6.1718298340e+02 6.1732397461e+02 6.1746002197e+02 6.1759002686e+02 6.1774700928e+02 6.1788397217e+02 6.1799798584e+02 6.1810101318e+02 6.1819000244e+02 6.1826397705e+02 6.1833697510e+02 6.1844396973e+02 6.1858398438e+02 6.1866400146e+02
6.1228497314e+02 6.1247497559e+02 6.1266699219e+02 6.1288397217e+02 6.1309002686e+02 6.1333898926e+02 6.1365502930e+02 6.1393103027e+02 6.1412799072e+02 6.1435198975e+02 6.1455700684e+02 6.1465698242e+02 6.1468597412e+02 6.1467297363e+02 6.1463397217e+02 6.1464599609e+02 6.1470397949e+02 6.1479302979e+02 6.1485998535e+02 6.1494201660e+02 6.1506896973e+02 6.1520599365e+02 6.1531799316e+02 6.1542401123e+02 6.1555401611e+02 6.1575000000e+02 6.1595697021e+02 6.1610797119e+02 6.1622302246e+02 6.1640197754e+02 6.1657299805e+02 6.1669702148e+02 6.1687597656e+02 6.1703002930e+02 6.1717602539e+02 6.1729699707e+02 6.1742498779e+02 6.1759399414e+02 6.1772100830e+02 6.1781896973e+02 6.1791101074e+02 6.1797998047e+02 6.1807000732e+02 6.1820300293e+02 6.1832702637e+02 6.1844299316e+02
6.1209802246e+02 6.1226000977e+02 6.1244396973e+02 6.1266101074e+02 6.1286401367e+02 6.1307397461e+02 6.1334399414e+02 6.1359997559e+02 6.1380603027e+02 6.1403399658e+02 6.1423602295e+02 6.1435900879e+02 6.1443902588e+02 6.1446997070e+02 6.1443701172e+02 6.1443902588e+02 6.1450299072e+02 6.1459100342e+02 6.1465899658e+02 6.1474200439e+02 6.1486602783e+02 6.1497100830e+02 6.1504602051e+02 6.1514001465e+02 6.1530999756e+02 6.1554199219e+02 6.1574401855e+02 6.1587298584e+02 6.1598699951e+02 6.1612701416e+02 6.1626599121e+02 6.1638800049e+02 6.1656597900e+02 6.1673297119e+02 6.1689202881e+02 6.1703002930e+02 6.1715698242e+02 6.1728002930e+02 6.1738598633e+02 6.1750500488e+02 6.1760998535e+02 6.1771099854e+02 6.1782000732e+02 6.1795397949e+02 6.1808801270e+02 6.1821398926e+02
6.1194097900e+02 6.1212097168e+02 6.1229199219e+02 6.1246600342e+02 6.1263500977e+02 6.1280700684e+02 6.1301300049e+02 6.1322399902e+02 6.1343402100e+02 6.1366101074e+02 6.1384301758e+02 6.1397302246e+02 6.1411999512e+02 6.1422900391e+02 6.1423699951e+02 6.1424401855e+02 6.1429998779e+02 6.1437500000e+02 6.1444201660e+02 6.1454302979e+02 6.1467199707e+02 6.1476098633e+02 6.1483599854e+02 6.1493200684e+02 6.1510198975e+02 6.1532397461e+02 6.1551000977e+02 6.1562799072e+02 6.1573699951e+02 6.1584698486e+02 6.1596997070e+02 6.1610601807e+02 6.1627502441e+02 6.1642700195e+02 6.1657702637e+02 6.1673602295e+02 6.1690698242e+02 6.1698901367e+02 6.1705401611e+02 6.1718499756e+02 6.1733197021e+02 6.1747802734e+02 6.1760400391e+02 6.1773797607e+02 6.1789501953e+02 6.1804498291e+02
