TESTSERVER/11/11.asc
NCOLS 100
NROWS 100
XLLCORNER 8.0497500000e+03
YLLCORNER 2.8940025000e+05
CELLSIZE 5.0000000000e-01
NODATA_VALUE -9.9990000000e+03
[rows 20 to 39 of 100, columns 46 to 91 of 100]
5.9937097168e+02 5.9939898682e+02 5.9943597412e+02 5.9946002197e+02 5.9947100830e+02 5.9949902344e+02 5.9953100586e+02 5.9955999756e+02 5.9958197021e+02 5.9962799072e+02 5.9969299316e+02 5.9975701904e+02 5.9980902100e+02 5.9983801270e+02 5.9988500977e+02 5.9990698242e+02 5.9994598389e+02 6.0000500488e+02 6.0005700684e+02 6.0008697510e+02 6.0012597656e+02 6.0017297363e+02 6.0021502686e+02 6.0028100586e+02 6.0034197998e+02 6.0040002441e+02 6.0045098877e+02 6.0050897217e+02 6.0055902100e+02 6.0060302734e+02 6.0066802979e+02 6.0071997070e+02 6.0078198242e+02 6.0086401367e+02 6.0092401123e+02 6.0098999023e+02 6.0108001709e+02 6.0115698242e+02 6.0122100830e+02 6.0131097412e+02 6.0137500000e+02 6.0142498779e+02 6.0148101807e+02 6.0156701660e+02 6.0163500977e+02 6.0171899414e+02
5.9928601074e+02 5.9931896973e+02 5.9933898926e+02 5.9936199951e+02 5.9937902832e+02 5.9940399170e+02 5.9943298340e+02 5.9946801758e+02 5.9950500488e+02 5.9953900146e+02 5.9958300781e+02 5.9965802002e+02 5.9973297119e+02 5.9977301025e+02 5.9980902100e+02 5.9983599854e+02 5.9988098145e+02 5.9992999268e+02 5.9996398926e+02 5.9999102783e+02 6.0003900146e+02 6.0008898926e+02 6.0012097168e+02 6.0017297363e+02 6.0023797607e+02 6.0029901123e+02 6.0034802246e+02 6.0040997314e+02 6.0046899414e+02 6.0051501465e+02 6.0058001709e+02 6.0064300537e+02 6.0069500732e+02 6.0076599121e+02 6.0082098389e+02 6.0086700439e+02 6.0094097900e+02 6.0102301025e+02 6.0110198975e+02 6.0118402100e+02 6.0125402832e+02 6.0131896973e+02 6.0138299561e+02 6.0145898438e+02 6.0152502441e+02 6.0160302734e+02
5.9920800781e+02 5.9924102783e+02 5.9925799561e+02 5.9928802490e+02 5.9930700684e+02 5.9933099365e+02 5.9935302734e+02 5.9939202881e+02 5.9943701172e+02 5.9947399902e+02 5.9950701904e+02 5.9956500244e+02 5.9963702393e+02 5.9968798828e+02 5.9973999023e+02 5.9977099609e+02 5.9980700684e+02 5.9984600830e+02 5.9986798096e+02 5.9989202881e+02 5.9993402100e+02 5.9998797607e+02 6.0003497314e+02 6.0009399414e+02 6.0014697266e+02 6.0019799805e+02 6.0024798584e+02 6.0031402588e+02 6.0037701416e+02 6.0042602539e+02 6.0048699951e+02 6.0055700684e+02 6.0061700439e+02 6.0068701172e+02 6.0073999023e+02 6.0078002930e+02 6.0083801270e+02 6.0091400146e+02 6.0099401855e+02 6.0105999756e+02 6.0112701416e+02 6.0120098877e+02 6.0127697754e+02 6.0135797119e+02 6.0142901611e+02 6.0149499512e+02
5.9913000488e+02 5.9916302490e+02 5.9918200684e+02 5.9920898438e+02 5.9923400879e+02 5.9926800537e+02 5.9930297852e+02 5.9933898926e+02 5.9936999512e+02 5.9940899658e+02 5.9945397949e+02 5.9949597168e+02 5.9954699707e+02 5.9959600830e+02 5.9965698242e+02 5.9969702148e+02 5.9973297119e+02 5.9976202393e+02 5.9978399658e+02 5.9981896973e+02 5.9984002686e+02 5.9988098145e+02 5.9994201660e+02 6.0000897217e+02 6.0005297852e+02 6.0009600830e+02 6.0014898682e+02 6.0021398926e+02 6.0028198242e+02 6.0033801270e+02 6.0040002441e+02 6.0046899414e+02 6.0053698730e+02 6.0060797119e+02 6.0065899658e+02 6.0071002197e+02 6.0076898193e+02 6.0083697510e+02 6.0090197754e+02 6.0096301270e+02 6.0102197266e+02 6.0109002686e+02 6.0116699219e+02 6.0124102783e+02 6.0131097412e+02 6.0137701416e+02
5.9905603027e+02 5.9908197021e+02 5.9910797119e+02 5.9913397217e+02 5.9916699219e+02 5.9920800781e+02 5.9924499512e+02 5.9929400635e+02 5.9931701660e+02 5.9935302734e+02 5.9940002441e+02 5.9943798828e+02 5.9948199463e+02 5.9952398682e+02 5.9957000732e+02 5.9961602783e+02 5.9966198730e+02 5.9967901611e+02 5.9968103027e+02 5.9973199463e+02 5.9975201416e+02 5.9978698730e+02 5.9984698486e+02 5.9992401123e+02 5.9997100830e+02 6.0001501465e+02 6.0006298828e+02 6.0011199951e+02 6.0017901611e+02 6.0024798584e+02 6.0031799316e+02 6.0037902832e+02 6.0044500732e+02 6.0051098633e+02 6.0056201172e+02 6.0061499023e+02 6.0068597412e+02 6.0075201416e+02 6.0080798340e+02 6.0089099121e+02 6.0095098877e+02 6.0100897217e+02 6.0108001709e+02 6.0113897705e+02 6.0119799805e+02 6.0126599121e+02
5.9898199463e+02 5.9900500488e+02 5.9903698730e+02 5.9907000732e+02 5.9910101318e+02 5.9913397217e+02 5.9917297363e+02 5.9923400879e+02 5.9927697754e+02 5.9931402588e+02 5.9934802246e+02 5.9938098145e+02 5.9942199707e+02 5.9946099854e+02 5.9949700928e+02 5.9953997803e+02 5.9957897949e+02 5.9960498047e+02 5.9961798096e+02 5.9964099121e+02 5.9966699219e+02 5.9971301270e+02 5.9976501465e+02 5.9981896973e+02 5.9986999512e+02 5.9993103027e+02 5.9998797607e+02 6.0002197266e+02 6.0007702637e+02 6.0014398193e+02 6.0021801758e+02 6.0028802490e+02 6.0035101318e+02 6.0041802979e+02 6.0046801758e+02 6.0051599121e+02 6.0059600830e+02 6.0067102051e+02 6.0072399902e+02 6.0079602051e+02 6.0086401367e+02 6.0093200684e+02 6.0099902344e+02 6.0106298828e+02 6.0112597656e+02 6.0119097900e+02
5.9890899658e+02 5.9892797852e+02 5.9895599365e+02 5.9900097656e+02 5.9903601074e+02 5.9907598877e+02 5.9911499023e+02 5.9915399170e+02 5.9919299316e+02 5.9922998047e+02 5.9928002930e+02 5.9930999756e+02 5.9934100342e+02 5.9937402344e+02 5.9941497803e+02 5.9945098877e+02 5.9948699951e+02 5.9952301025e+02 5.9955297852e+02 5.9956597900e+02 5.9959197998e+02 5.9963897705e+02 5.9968798828e+02 5.9972900391e+02 5.9976898193e+02 5.9983197021e+02 5.9990502930e+02 5.9994000244e+02 5.9999499512e+02 6.0005297852e+02 6.0011499023e+02 6.0019299316e+02 6.0026098633e+02 6.0032397461e+02 6.0037597656e+02 6.0043798828e+02 6.0051098633e+02 6.0058801270e+02 6.0065301514e+02 6.0070800781e+02 6.0077502441e+02 6.0084997559e+02 6.0091101074e+02 6.0097497559e+02 6.0103900146e+02 6.0110797119e+02
5.9881701660e+02 5.9883697510e+02 5.9886901855e+02 5.9892498779e+02 5.9896398926e+02 5.9899700928e+02 5.9902502441e+02 5.9904797363e+02 5.9908001709e+02 5.9912200928e+02 5.9918298340e+02 5.9921197510e+02 5.9924401855e+02 5.9927600098e+02 5.9932000732e+02 5.9934899902e+02 5.9937799072e+02 5.9941802979e+02 5.9946697998e+02 5.9949200439e+02 5.9951898193e+02 5.9955499268e+02 5.9960101318e+02 5.9965002441e+02 5.9968798828e+02 5.9973901367e+02 5.9980700684e+02 5.9985797119e+02 5.9992700195e+02 5.9998602295e+02 6.0003497314e+02 6.0010601807e+02 6.0017297363e+02 6.0023699951e+02 6.0029602051e+02 6.0036999512e+02 6.0042999268e+02 6.0049597168e+02 6.0057702637e+02 6.0062597656e+02 6.0069097900e+02 6.0076599121e+02 6.0083001709e+02 6.0089398193e+02 6.0095397949e+02 6.0102697754e+02
5.9871899414e+02 5.9874902344e+02 5.9878302002e+02 5.9883300781e+02 5.9886700439e+02 5.9888500977e+02 5.9889801025e+02 5.9893701172e+02 5.9897900391e+02 5.9902801514e+02 5.9906097412e+02 5.9909899902e+02 5.9914697266e+02 5.9917797852e+02 5.9919799805e+02 5.9924102783e+02 5.9926397705e+02 5.9930102539e+02 5.9934997559e+02 5.9939398193e+02 5.9943597412e+02 5.9946997070e+02 5.9950201416e+02 5.9956402588e+02 5.9962799072e+02 5.9967700195e+02 5.9971301270e+02 5.9977099609e+02 5.9984002686e+02 5.9990100098e+02 5.9995697021e+02 6.0001702881e+02 6.0007598877e+02 6.0014697266e+02 6.0022100830e+02 6.0030297852e+02 6.0036798096e+02 6.0042700195e+02 6.0050000000e+02 6.0054901123e+02 6.0060998535e+02 6.0068103027e+02 6.0075097656e+02 6.0081896973e+02 6.0087902832e+02 6.0095001221e+02
5.9863299561e+02 5.9865899658e+02 5.9868597412e+02 5.9872497559e+02 5.9875701904e+02 5.9877301025e+02 5.9879901123e+02 5.9884899902e+02 5.9888897705e+02 5.9892498779e+02 5.9895202637e+02 5.9899902344e+02 5.9905297852e+02 5.9909100342e+02 5.9910900879e+02 5.9913098145e+02 5.9915600586e+02 5.9919299316e+02 5.9924102783e+02 5.9929199219e+02 5.9934698486e+02 5.9939501953e+02 5.9943103027e+02 5.9948498535e+02 5.9954797363e+02 5.9961102295e+02 5.9965399170e+02 5.9970300293e+02 5.9975402832e+02 5.9980999756e+02 5.9988299561e+02 5.9994702148e+02 6.0000402832e+02 6.0007000732e+02 6.0013897705e+02 6.0021301270e+02 6.0028601074e+02 6.0034698486e+02 6.0040502930e+02 6.0046899414e+02 6.0053302002e+02 6.0060101318e+02 6.0067700195e+02 6.0073699951e+02 6.0080297852e+02 6.0087597656e+02
5.9854498291e+02 5.9856701660e+02 5.9859802246e+02 5.9862500000e+02 5.9865197754e+02 5.9867901611e+02 5.9872698975e+02 5.9877197266e+02 5.9879901123e+02 5.9882702637e+02 5.9885601807e+02 5.9890600586e+02 5.9895800781e+02 5.9899700928e+02 5.9902301025e+02 5.9904302979e+02 5.9907098389e+02 5.9911199951e+02 5.9915899658e+02 5.9921301270e+02 5.9926702881e+02 5.9932501221e+02 5.9936602783e+02 5.9941497803e+02 5.9946697998e+02 5.9953302002e+02 5.9959197998e+02 5.9965002441e+02 5.9969097900e+02 5.9973400879e+02 5.9980499268e+02 5.9986798096e+02 5.9993103027e+02 6.0000201416e+02 6.0006298828e+02 6.0012701416e+02 6.0020397949e+02 6.0027197266e+02 6.0032598877e+02 6.0038702393e+02 6.0044299316e+02 6.0050799561e+02 6.0059497070e+02 6.0066699219e+02 6.0073699951e+02 6.0081097412e+02
5.9845800781e+02 5.9847497559e+02 5.9850701904e+02 5.9853198242e+02 5.9856298828e+02 5.9859600830e+02 5.9864801025e+02 5.9866998291e+02 5.9868402100e+02 5.9871801758e+02 5.9876000977e+02 5.9881402588e+02 5.9886102295e+02 5.9890002441e+02 5.9893499756e+02 5.9896398926e+02 5.9899597168e+02 5.9904101563e+02 5.9908599854e+02 5.9914398193e+02 5.9918798828e+02 5.9924401855e+02 5.9930200195e+02 5.9935900879e+02 5.9941101074e+02 5.9946899414e+02 5.9952197266e+02 5.9958697510e+02 5.9962902832e+02 5.9966302490e+02 5.9970898438e+02 5.9977001953e+02 5.9984997559e+02 5.9993798828e+02 5.9999401855e+02 6.0005200195e+02 6.0012701416e+02 6.0020001221e+02 6.0025299072e+02 6.0031298828e+02 6.0036602783e+02 6.0042700195e+02 6.0051098633e+02 6.0058898926e+02 6.0065899658e+02 6.0073199463e+02
5.9836700439e+02 5.9838299561e+02 5.9840100098e+02 5.9845501709e+02 5.9849200439e+02 5.9851202393e+02 5.9855603027e+02 5.9859301758e+02 5.9860400391e+02 5.9862500000e+02 5.9865600586e+02 5.9871899414e+02 5.9876898193e+02 5.9880902100e+02 5.9884997559e+02 5.9888598633e+02 5.9892602539e+02 5.9897399902e+02 5.9901202393e+02 5.9908300781e+02 5.9913299561e+02 5.9918298340e+02 5.9924700928e+02 5.9929602051e+02 5.9935198975e+02 5.9940899658e+02 5.9946002197e+02 5.9950799561e+02 5.9955603027e+02 5.9959197998e+02 5.9961602783e+02 5.9967498779e+02 5.9977197266e+02 5.9986401367e+02 5.9992498779e+02 5.9997998047e+02 6.0004101563e+02 6.0010198975e+02 6.0016101074e+02 6.0023602295e+02 6.0029998779e+02 6.0036102295e+02 6.0043298340e+02 6.0051000977e+02 6.0058001709e+02 6.0064898682e+02
5.9823999023e+02 5.9827600098e+02 5.9831298828e+02 5.9836199951e+02 5.9839801025e+02 5.9842498779e+02 5.9848297119e+02 5.9854998779e+02 5.9857202148e+02 5.9856896973e+02 5.9858398438e+02 5.9864202881e+02 5.9869299316e+02 5.9873602295e+02 5.9878100586e+02 5.9882299805e+02 5.9886999512e+02 5.9891900635e+02 5.9896502686e+02 5.9902301025e+02 5.9907702637e+02 5.9912402344e+02 5.9918103027e+02 5.9922998047e+02 5.9928198242e+02 5.9934100342e+02 5.9939697266e+02 5.9944396973e+02 5.9948797607e+02 5.9952398682e+02 5.9956402588e+02 5.9963098145e+02 5.9971197510e+02 5.9978802490e+02 5.9985900879e+02 5.9992102051e+02 5.9998699951e+02 6.0005200195e+02 6.0010198975e+02 6.0016601563e+02 6.0023901367e+02 6.0030700684e+02 6.0037597656e+02 6.0044702148e+02 6.0051501465e+02 6.0058398438e+02
5.9818402100e+02 5.9821997070e+02 5.9825402832e+02 5.9827899170e+02 5.9831799316e+02 5.9837402344e+02 5.9842401123e+02 5.9848297119e+02 5.9851397705e+02 5.9852398682e+02 5.9854998779e+02 5.9859399414e+02 5.9863397217e+02 5.9867901611e+02 5.9872497559e+02 5.9876800537e+02 5.9882000732e+02 5.9886798096e+02 5.9891497803e+02 5.9896398926e+02 5.9901501465e+02 5.9906298828e+02 5.9912402344e+02 5.9917797852e+02 5.9922900391e+02 5.9928698730e+02 5.9934600830e+02 5.9938702393e+02 5.9943298340e+02 5.9947998047e+02 5.9952600098e+02 5.9959899902e+02 5.9967401123e+02 5.9973699951e+02 5.9979901123e+02 5.9986401367e+02 5.9992602539e+02 5.9999798584e+02 6.0005499268e+02 6.0010302734e+02 6.0016400146e+02 6.0023602295e+02 6.0031500244e+02 6.0037597656e+02 6.0044000244e+02 6.0051501465e+02
5.9816302490e+02 5.9819299316e+02 5.9822802734e+02 5.9824902344e+02 5.9827899170e+02 5.9833001709e+02 5.9835699463e+02 5.9840502930e+02 5.9844799805e+02 5.9848602295e+02 5.9853601074e+02 5.9856799316e+02 5.9859497070e+02 5.9863702393e+02 5.9868402100e+02 5.9872601318e+02 5.9877398682e+02 5.9881500244e+02 5.9886401367e+02 5.9891400146e+02 5.9896398926e+02 5.9901702881e+02 5.9907598877e+02 5.9913201904e+02 5.9918597412e+02 5.9924499512e+02 5.9929498291e+02 5.9932800293e+02 5.9938098145e+02 5.9943902588e+02 5.9948797607e+02 5.9955700684e+02 5.9963098145e+02 5.9968902588e+02 5.9973400879e+02 5.9979498291e+02 5.9985302734e+02 5.9992901611e+02 6.0000598145e+02 6.0005401611e+02 6.0009997559e+02 6.0016400146e+02 6.0024597168e+02 6.0030102539e+02 6.0036700439e+02 6.0045001221e+02
5.9813598633e+02 5.9816699219e+02 5.9820397949e+02 5.9823797607e+02 5.9826202393e+02 5.9828698730e+02 5.9829199219e+02 5.9835101318e+02 5.9840899658e+02 5.9846301270e+02 5.9851599121e+02 5.9854101563e+02 5.9856402588e+02 5.9859497070e+02 5.9863598633e+02 5.9867901611e+02 5.9872100830e+02 5.9876098633e+02 5.9881097412e+02 5.9887200928e+02 5.9892102051e+02 5.9897601318e+02 5.9903497314e+02 5.9908898926e+02 5.9914001465e+02 5.9918902588e+02 5.9923297119e+02 5.9927600098e+02 5.9933099365e+02 5.9938800049e+02 5.9945697021e+02 5.9950897217e+02 5.9956097412e+02 5.9961901855e+02 5.9966900635e+02 5.9972601318e+02 5.9978997803e+02 5.9986199951e+02 5.9992297363e+02 5.9998901367e+02 6.0004901123e+02 6.0011297607e+02 6.0018103027e+02 6.0023699951e+02 6.0030999756e+02 6.0039202881e+02
5.9809301758e+02 5.9812500000e+02 5.9816802979e+02 5.9820898438e+02 5.9823297119e+02 5.9825402832e+02 5.9826501465e+02 5.9831799316e+02 5.9837799072e+02 5.9842901611e+02 5.9847100830e+02 5.9848999023e+02 5.9851800537e+02 5.9855499268e+02 5.9859899902e+02 5.9864599609e+02 5.9868798828e+02 5.9873101807e+02 5.9877197266e+02 5.9883099365e+02 5.9888598633e+02 5.9893499756e+02 5.9898498535e+02 5.9903900146e+02 5.9908502197e+02 5.9913299561e+02 5.9918402100e+02 5.9923199463e+02 5.9928302002e+02 5.9933697510e+02 5.9940802002e+02 5.9947302246e+02 5.9951501465e+02 5.9956402588e+02 5.9961901855e+02 5.9967999268e+02 5.9974700928e+02 5.9981201172e+02 5.9986999512e+02 5.9994299316e+02 6.0001397705e+02 6.0007702637e+02 6.0014001465e+02 6.0019097900e+02 6.0025799561e+02 6.0032598877e+02
5.9805200195e+02 5.9807897949e+02 5.9812200928e+02 5.9817199707e+02 5.9820202637e+02 5.9823400879e+02 5.9826000977e+02 5.9829998779e+02 5.9835101318e+02 5.9839697266e+02 5.9843597412e+02 5.9845098877e+02 5.9847998047e+02 5.9852301025e+02 5.9856799316e+02 5.9861401367e+02 5.9865600586e+02 5.9869897461e+02 5.9873602295e+02 5.9878399658e+02 5.9884600830e+02 5.9889501953e+02 5.9893298340e+02 5.9898901367e+02 5.9904101563e+02 5.9909002686e+02 5.9913897705e+02 5.9919097900e+02 5.9924298096e+02 5.9929797363e+02 5.9935498047e+02 5.9943499756e+02 5.9947998047e+02 5.9952600098e+02 5.9958502197e+02 5.9963299561e+02 5.9969500732e+02 5.9976098633e+02 5.9983502197e+02 5.9990197754e+02 5.9996197510e+02 6.0002099609e+02 6.0008697510e+02 6.0014300537e+02 6.0021600342e+02 6.0027801514e+02
5.9802001953e+02 5.9803997803e+02 5.9807202148e+02 5.9812200928e+02 5.9815802002e+02 5.9820300293e+02 5.9824597168e+02 5.9827600098e+02 5.9832000732e+02 5.9836499023e+02 5.9840002441e+02 5.9842297363e+02 5.9845501709e+02 5.9850000000e+02 5.9853900146e+02 5.9858197021e+02 5.9862500000e+02 5.9866699219e+02 5.9870300293e+02 5.9874102783e+02 5.9880297852e+02 5.9886102295e+02 5.9889202881e+02 5.9894598389e+02 5.9900097656e+02 5.9905102539e+02 5.9909698486e+02 5.9914898682e+02 5.9920397949e+02 5.9926397705e+02 5.9930798340e+02 5.9938702393e+02 5.9944097900e+02 5.9948999023e+02 5.9956097412e+02 5.9960601807e+02 5.9965899658e+02 5.9972497559e+02 5.9981097412e+02 5.9987097168e+02 5.9991900635e+02 5.9997698975e+02 6.0004602051e+02 6.0009399414e+02 6.0017401123e+02 6.0023297119e+02
