TESTSERVER/11/11.asc
NCOLS 100
NROWS 100
XLLCORNER 8.0497500000e+03
YLLCORNER 2.8940025000e+05
CELLSIZE 5.0000000000e-01
NODATA_VALUE -9.9990000000e+03
[rows 40 to 59 of 100, columns 0 to 45 of 100]
5.9741198730e+02 5.9742297363e+02 5.9742498779e+02 5.9742602539e+02 5.9742498779e+02 5.9743499756e+02 5.9744097900e+02 5.9744598389e+02 5.9745001221e+02 5.9746301270e+02 5.9747198486e+02 5.9748199463e+02 5.9748999023e+02 5.9750701904e+02 5.9751800537e+02 5.9752899170e+02 5.9753497314e+02 5.9755200195e+02 5.9755999756e+02 5.9756701660e+02 5.9757299805e+02 5.9757598877e+02 5.9757800293e+02 5.9758001709e+02 5.9758502197e+02 5.9759399414e+02 5.9758398438e+02 5.9756701660e+02 5.9753698730e+02 5.9750701904e+02 5.9749401855e+02 5.9749597168e+02 5.9751098633e+02 5.9752502441e+02 5.9753601074e+02 5.9754302979e+02 5.9755902100e+02 5.9756799316e+02 5.9757501221e+02 5.9761798096e+02 5.9771099854e+02 5.9780297852e+02 5.9786798096e+02 5.9791302490e+02 5.9794897461e+02 5.9796899414e+02
5.9737402344e+02 5.9738500977e+02 5.9739001465e+02 5.9739501953e+02 5.9739801025e+02 5.9740502930e+02 5.9741198730e+02 5.9741802979e+02 5.9742700195e+02 5.9743798828e+02 5.9744598389e+02 5.9745501709e+02 5.9746801758e+02 5.9747998047e+02 5.9748901367e+02 5.9749798584e+02 5.9750897217e+02 5.9752001953e+02 5.9752899170e+02 5.9753802490e+02 5.9754302979e+02 5.9754199219e+02 5.9754498291e+02 5.9754699707e+02 5.9755499268e+02 5.9755401611e+02 5.9754199219e+02 5.9752600098e+02 5.9750799561e+02 5.9749597168e+02 5.9750097656e+02 5.9750897217e+02 5.9750598145e+02 5.9751202393e+02 5.9753698730e+02 5.9755297852e+02 5.9754199219e+02 5.9753198242e+02 5.9755102539e+02 5.9760699463e+02 5.9768798828e+02 5.9778100586e+02 5.9784197998e+02 5.9787799072e+02 5.9790899658e+02 5.9793402100e+02
5.9733898926e+02 5.9735302734e+02 5.9736199951e+02 5.9736999512e+02 5.9737402344e+02 5.9737902832e+02 5.9738598633e+02 5.9739398193e+02 5.9740502930e+02 5.9741699219e+02 5.9742602539e+02 5.9743499756e+02 5.9744598389e+02 5.9745599365e+02 5.9746502686e+02 5.9747399902e+02 5.9748400879e+02 5.9749200439e+02 5.9750097656e+02 5.9751000977e+02 5.9751397705e+02 5.9751300049e+02 5.9751702881e+02 5.9752099609e+02 5.9752801514e+02 5.9752697754e+02 5.9751501465e+02 5.9750000000e+02 5.9748797607e+02 5.9749499512e+02 5.9751300049e+02 5.9752301025e+02 5.9751202393e+02 5.9750897217e+02 5.9753198242e+02 5.9754199219e+02 5.9751397705e+02 5.9751397705e+02 5.9756500244e+02 5.9763098145e+02 5.9768200684e+02 5.9775799561e+02 5.9780902100e+02 5.9783502197e+02 5.9785900879e+02 5.9789099121e+02
5.9730499268e+02 5.9732098389e+02 5.9733398438e+02 5.9734497070e+02 5.9735101318e+02 5.9735498047e+02 5.9736401367e+02 5.9737200928e+02 5.9738397217e+02 5.9739599609e+02 5.9740502930e+02 5.9741400146e+02 5.9742401123e+02 5.9743298340e+02 5.9744201660e+02 5.9745098877e+02 5.9745697021e+02 5.9746398926e+02 5.9747302246e+02 5.9748199463e+02 5.9748602295e+02 5.9748602295e+02 5.9749102783e+02 5.9749597168e+02 5.9750500488e+02 5.9750701904e+02 5.9749700928e+02 5.9748400879e+02 5.9747802734e+02 5.9748498535e+02 5.9750201416e+02 5.9751397705e+02 5.9751098633e+02 5.9751202393e+02 5.9752697754e+02 5.9752301025e+02 5.9749798584e+02 5.9751702881e+02 5.9758898926e+02 5.9765698242e+02 5.9768701172e+02 5.9773797607e+02 5.9777502441e+02 5.9779400635e+02 5.9780999756e+02 5.9784497070e+02
5.9728198242e+02 5.9728802490e+02 5.9730297852e+02 5.9731701660e+02 5.9732501221e+02 5.9733697510e+02 5.9734698486e+02 5.9735601807e+02 5.9736602783e+02 5.9737500000e+02 5.9738201904e+02 5.9738800049e+02 5.9739099121e+02 5.9740698242e+02 5.9741497803e+02 5.9742401123e+02 5.9742999268e+02 5.9743701172e+02 5.9744500732e+02 5.9745300293e+02 5.9745898438e+02 5.9746398926e+02 5.9746997070e+02 5.9747601318e+02 5.9748297119e+02 5.9749102783e+02 5.9748901367e+02 5.9747802734e+02 5.9746697998e+02 5.9745697021e+02 5.9745697021e+02 5.9747100830e+02 5.9748297119e+02 5.9751599121e+02 5.9752697754e+02 5.9751000977e+02 5.9750097656e+02 5.9753002930e+02 5.9759802246e+02 5.9766302490e+02 5.9769799805e+02 5.9771997070e+02 5.9774798584e+02 5.9777197266e+02 5.9778399658e+02 5.9780999756e+02
5.9724200439e+02 5.9725097656e+02 5.9726800537e+02 5.9728601074e+02 5.9730200195e+02 5.9731597900e+02 5.9732800293e+02 5.9733801270e+02 5.9734899902e+02 5.9735900879e+02 5.9736499023e+02 5.9736901855e+02 5.9737500000e+02 5.9738598633e+02 5.9739300537e+02 5.9740002441e+02 5.9740802002e+02 5.9741497803e+02 5.9742199707e+02 5.9742901611e+02 5.9743597412e+02 5.9744396973e+02 5.9745001221e+02 5.9745599365e+02 5.9746197510e+02 5.9747698975e+02 5.9747802734e+02 5.9746697998e+02 5.9745001221e+02 5.9744097900e+02 5.9744396973e+02 5.9745501709e+02 5.9745697021e+02 5.9748901367e+02 5.9750201416e+02 5.9748999023e+02 5.9749700928e+02 5.9754602051e+02 5.9761297607e+02 5.9765899658e+02 5.9768402100e+02 5.9769799805e+02 5.9771899414e+02 5.9774298096e+02 5.9775402832e+02 5.9778399658e+02
5.9719799805e+02 5.9721197510e+02 5.9723498535e+02 5.9726000977e+02 5.9728002930e+02 5.9729498291e+02 5.9730798340e+02 5.9732000732e+02 5.9733099365e+02 5.9734301758e+02 5.9734899902e+02 5.9735400391e+02 5.9735900879e+02 5.9736700439e+02 5.9737298584e+02 5.9737902832e+02 5.9738598633e+02 5.9739202881e+02 5.9739898682e+02 5.9740502930e+02 5.9741302490e+02 5.9742102051e+02 5.9742797852e+02 5.9743298340e+02 5.9744097900e+02 5.9745098877e+02 5.9744500732e+02 5.9743200684e+02 5.9742102051e+02 5.9742602539e+02 5.9743798828e+02 5.9744799805e+02 5.9744598389e+02 5.9745898438e+02 5.9747302246e+02 5.9748400879e+02 5.9750500488e+02 5.9755798340e+02 5.9761499023e+02 5.9764697266e+02 5.9765802002e+02 5.9767102051e+02 5.9769500732e+02 5.9772198486e+02 5.9773797607e+02 5.9777197266e+02
5.9714898682e+02 5.9717297363e+02 5.9720397949e+02 5.9723498535e+02 5.9726202393e+02 5.9727697754e+02 5.9729199219e+02 5.9730499268e+02 5.9731597900e+02 5.9732598877e+02 5.9733398438e+02 5.9733898926e+02 5.9734301758e+02 5.9734698486e+02 5.9735198975e+02 5.9735699463e+02 5.9736297607e+02 5.9736901855e+02 5.9737500000e+02 5.9738098145e+02 5.9738897705e+02 5.9739898682e+02 5.9740399170e+02 5.9740802002e+02 5.9741400146e+02 5.9740698242e+02 5.9738800049e+02 5.9737500000e+02 5.9737902832e+02 5.9739501953e+02 5.9741497803e+02 5.9744000244e+02 5.9746002197e+02 5.9745501709e+02 5.9746301270e+02 5.9748199463e+02 5.9750701904e+02 5.9755700684e+02 5.9759600830e+02 5.9761401367e+02 5.9762298584e+02 5.9764898682e+02 5.9768597412e+02 5.9772198486e+02 5.9774298096e+02 5.9777001953e+02
5.9708300781e+02 5.9714300537e+02 5.9717999268e+02 5.9721002197e+02 5.9722399902e+02 5.9726300049e+02 5.9728100586e+02 5.9729400635e+02 5.9729498291e+02 5.9730798340e+02 5.9731896973e+02 5.9733001709e+02 5.9734002686e+02 5.9732702637e+02 5.9733001709e+02 5.9733197021e+02 5.9733599854e+02 5.9734399414e+02 5.9735101318e+02 5.9735900879e+02 5.9738299561e+02 5.9739099121e+02 5.9739202881e+02 5.9738702393e+02 5.9738201904e+02 5.9734899902e+02 5.9732000732e+02 5.9731500244e+02 5.9733599854e+02 5.9735400391e+02 5.9737097168e+02 5.9740502930e+02 5.9743200684e+02 5.9744000244e+02 5.9744500732e+02 5.9745300293e+02 5.9747601318e+02 5.9752899170e+02 5.9755798340e+02 5.9757000732e+02 5.9758502197e+02 5.9763201904e+02 5.9768103027e+02 5.9772100830e+02 5.9776702881e+02 5.9778002930e+02
5.9700799561e+02 5.9711297607e+02 5.9716198730e+02 5.9719598389e+02 5.9721899414e+02 5.9725097656e+02 5.9726800537e+02 5.9727697754e+02 5.9727801514e+02 5.9728601074e+02 5.9729602051e+02 5.9730700684e+02 5.9731097412e+02 5.9730499268e+02 5.9730603027e+02 5.9730700684e+02 5.9731201172e+02 5.9731896973e+02 5.9732598877e+02 5.9733502197e+02 5.9736499023e+02 5.9738500977e+02 5.9736901855e+02 5.9734100342e+02 5.9730700684e+02 5.9727899170e+02 5.9726898193e+02 5.9727502441e+02 5.9728997803e+02 5.9731298828e+02 5.9733502197e+02 5.9737200928e+02 5.9741198730e+02 5.9742498779e+02 5.9741601563e+02 5.9740698242e+02 5.9742901611e+02 5.9747802734e+02 5.9751098633e+02 5.9753198242e+02 5.9755200195e+02 5.9759802246e+02 5.9764202881e+02 5.9767401123e+02 5.9771997070e+02 5.9774102783e+02
5.9695501709e+02 5.9708502197e+02 5.9715399170e+02 5.9720501709e+02 5.9722900391e+02 5.9724902344e+02 5.9726202393e+02 5.9726702881e+02 5.9726397705e+02 5.9726397705e+02 5.9726800537e+02 5.9727301025e+02 5.9727899170e+02 5.9727801514e+02 5.9728002930e+02 5.9728198242e+02 5.9728601074e+02 5.9729101563e+02 5.9729797363e+02 5.9730798340e+02 5.9733801270e+02 5.9734698486e+02 5.9731597900e+02 5.9727600098e+02 5.9723199463e+02 5.9721899414e+02 5.9722399902e+02 5.9723602295e+02 5.9725201416e+02 5.9727899170e+02 5.9730700684e+02 5.9734301758e+02 5.9738000488e+02 5.9739599609e+02 5.9738500977e+02 5.9736901855e+02 5.9738299561e+02 5.9742102051e+02 5.9745599365e+02 5.9748498535e+02 5.9751000977e+02 5.9754302979e+02 5.9757800293e+02 5.9760699463e+02 5.9764099121e+02 5.9764801025e+02
5.9692999268e+02 5.9706701660e+02 5.9715899658e+02 5.9723101807e+02 5.9725701904e+02 5.9725701904e+02 5.9726599121e+02 5.9726599121e+02 5.9725299072e+02 5.9724102783e+02 5.9723797607e+02 5.9723699951e+02 5.9724298096e+02 5.9725000000e+02 5.9725201416e+02 5.9725500488e+02 5.9725799561e+02 5.9726202393e+02 5.9726898193e+02 5.9727801514e+02 5.9730102539e+02 5.9728900146e+02 5.9724700928e+02 5.9720202637e+02 5.9716900635e+02 5.9717602539e+02 5.9718701172e+02 5.9719799805e+02 5.9721801758e+02 5.9724200439e+02 5.9727001953e+02 5.9730798340e+02 5.9733801270e+02 5.9735601807e+02 5.9735302734e+02 5.9734197998e+02 5.9734802246e+02 5.9736700439e+02 5.9739898682e+02 5.9743298340e+02 5.9745697021e+02 5.9747399902e+02 5.9750097656e+02 5.9753302002e+02 5.9756701660e+02 5.9757397461e+02
5.9692602539e+02 5.9707702637e+02 5.9720599365e+02 5.9730902100e+02 5.9741198730e+02 5.9733099365e+02 5.9731597900e+02 5.9728399658e+02 5.9723797607e+02 5.9721899414e+02 5.9720501709e+02 5.9719799805e+02 5.9721002197e+02 5.9721697998e+02 5.9721997070e+02 5.9722399902e+02 5.9723297119e+02 5.9725000000e+02 5.9726397705e+02 5.9726898193e+02 5.9727001953e+02 5.9720697021e+02 5.9715600586e+02 5.9712597656e+02 5.9711602783e+02 5.9713500977e+02 5.9715002441e+02 5.9716400146e+02 5.9718597412e+02 5.9719396973e+02 5.9721502686e+02 5.9725500488e+02 5.9729101563e+02 5.9731097412e+02 5.9731701660e+02 5.9731597900e+02 5.9731701660e+02 5.9732501221e+02 5.9734698486e+02 5.9737500000e+02 5.9739501953e+02 5.9740899658e+02 5.9743402100e+02 5.9747198486e+02 5.9751000977e+02 5.9753601074e+02
5.9694702148e+02 5.9711901855e+02 5.9728002930e+02 5.9741900635e+02 5.9747698975e+02 5.9741699219e+02 5.9738201904e+02 5.9732202148e+02 5.9723498535e+02 5.9718798828e+02 5.9716900635e+02 5.9716497803e+02 5.9717602539e+02 5.9718298340e+02 5.9718798828e+02 5.9719500732e+02 5.9721301270e+02 5.9725000000e+02 5.9726202393e+02 5.9724902344e+02 5.9721899414e+02 5.9711901855e+02 5.9707000732e+02 5.9707000732e+02 5.9707501221e+02 5.9709197998e+02 5.9711199951e+02 5.9713201904e+02 5.9714801025e+02 5.9715899658e+02 5.9717498779e+02 5.9720501709e+02 5.9723901367e+02 5.9725598145e+02 5.9726898193e+02 5.9728002930e+02 5.9729797363e+02 5.9731799316e+02 5.9732897949e+02 5.9733099365e+02 5.9733697510e+02 5.9736602783e+02 5.9740399170e+02 5.9745001221e+02 5.9748901367e+02 5.9750097656e+02
5.9690802002e+02 5.9706701660e+02 5.9723699951e+02 5.9739697266e+02 5.9746801758e+02 5.9739801025e+02 5.9736700439e+02 5.9731097412e+02 5.9721197510e+02 5.9714898682e+02 5.9713098145e+02 5.9712701416e+02 5.9714001465e+02 5.9714898682e+02 5.9715698242e+02 5.9716699219e+02 5.9719201660e+02 5.9722698975e+02 5.9722497559e+02 5.9719201660e+02 5.9712597656e+02 5.9703002930e+02 5.9701300049e+02 5.9702899170e+02 5.9703497314e+02 5.9705499268e+02 5.9707501221e+02 5.9709497070e+02 5.9711297607e+02 5.9712701416e+02 5.9714001465e+02 5.9715698242e+02 5.9718597412e+02 5.9721099854e+02 5.9722802734e+02 5.9724700928e+02 5.9727697754e+02 5.9730999756e+02 5.9731597900e+02 5.9730102539e+02 5.9729400635e+02 5.9732501221e+02 5.9736297607e+02 5.9741101074e+02 5.9745898438e+02 5.9747198486e+02
5.9678601074e+02 5.9692700195e+02 5.9708697510e+02 5.9725500488e+02 5.9736700439e+02 5.9732299805e+02 5.9730102539e+02 5.9725701904e+02 5.9716802979e+02 5.9710400391e+02 5.9708697510e+02 5.9708502197e+02 5.9709997559e+02 5.9711297607e+02 5.9712402344e+02 5.9713702393e+02 5.9716900635e+02 5.9719396973e+02 5.9717199707e+02 5.9711700439e+02 5.9701501465e+02 5.9695599365e+02 5.9696502686e+02 5.9697998047e+02 5.9699298096e+02 5.9701800537e+02 5.9703802490e+02 5.9705798340e+02 5.9707800293e+02 5.9709399414e+02 5.9710601807e+02 5.9711499023e+02 5.9713800049e+02 5.9716900635e+02 5.9719000244e+02 5.9721099854e+02 5.9724401855e+02 5.9729101563e+02 5.9729699707e+02 5.9727600098e+02 5.9726397705e+02 5.9728997803e+02 5.9731597900e+02 5.9735797119e+02 5.9741900635e+02 5.9744097900e+02
5.9660900879e+02 5.9672601318e+02 5.9684997559e+02 5.9698400879e+02 5.9712097168e+02 5.9721997070e+02 5.9721997070e+02 5.9717901611e+02 5.9707702637e+02 5.9704400635e+02 5.9703997803e+02 5.9704699707e+02 5.9707897949e+02 5.9709100342e+02 5.9711199951e+02 5.9713000488e+02 5.9716400146e+02 5.9715197754e+02 5.9709899902e+02 5.9701300049e+02 5.9691900635e+02 5.9691699219e+02 5.9692901611e+02 5.9693597412e+02 5.9695397949e+02 5.9698199463e+02 5.9700299072e+02 5.9702099609e+02 5.9704400635e+02 5.9705999756e+02 5.9706896973e+02 5.9707397461e+02 5.9709399414e+02 5.9712701416e+02 5.9714898682e+02 5.9716699219e+02 5.9719598389e+02 5.9724902344e+02 5.9726202393e+02 5.9724902344e+02 5.9724401855e+02 5.9727001953e+02 5.9728601074e+02 5.9731701660e+02 5.9736999512e+02 5.9740197754e+02
5.9647399902e+02 5.9659899902e+02 5.9668402100e+02 5.9676501465e+02 5.9689099121e+02 5.9700799561e+02 5.9703601074e+02 5.9701202393e+02 5.9696899414e+02 5.9697698975e+02 5.9698699951e+02 5.9700000000e+02 5.9703002930e+02 5.9707598877e+02 5.9710900879e+02 5.9712799072e+02 5.9714001465e+02 5.9709899902e+02 5.9700000000e+02 5.9690502930e+02 5.9686102295e+02 5.9687402344e+02 5.9688098145e+02 5.9688098145e+02 5.9691302490e+02 5.9696301270e+02 5.9699499512e+02 5.9699401855e+02 5.9700402832e+02 5.9702600098e+02 5.9702899170e+02 5.9702801514e+02 5.9704602051e+02 5.9708001709e+02 5.9710400391e+02 5.9712097168e+02 5.9714898682e+02 5.9718298340e+02 5.9719598389e+02 5.9720001221e+02 5.9721502686e+02 5.9724700928e+02 5.9726599121e+02 5.9729199219e+02 5.9733599854e+02 5.9736401367e+02
5.9634600830e+02 5.9644097900e+02 5.9651800537e+02 5.9660998535e+02 5.9672998047e+02 5.9683099365e+02 5.9688299561e+02 5.9689599609e+02 5.9689697266e+02 5.9691900635e+02 5.9692999268e+02 5.9694097900e+02 5.9697198486e+02 5.9702398682e+02 5.9705499268e+02 5.9707000732e+02 5.9708099365e+02 5.9700598145e+02 5.9689099121e+02 5.9681597900e+02 5.9680603027e+02 5.9681701660e+02 5.9682202148e+02 5.9683801270e+02 5.9688598633e+02 5.9691998291e+02 5.9696301270e+02 5.9696398926e+02 5.9696697998e+02 5.9697601318e+02 5.9698199463e+02 5.9699401855e+02 5.9701098633e+02 5.9703802490e+02 5.9706097412e+02 5.9707897949e+02 5.9710198975e+02 5.9712298584e+02 5.9713500977e+02 5.9714398193e+02 5.9716601563e+02 5.9720501709e+02 5.9723498535e+02 5.9726501465e+02 5.9730200195e+02 5.9733099365e+02
5.9624200439e+02 5.9628997803e+02 5.9634497070e+02 5.9644396973e+02 5.9658197021e+02 5.9668597412e+02 5.9676397705e+02 5.9681402588e+02 5.9684600830e+02 5.9686700439e+02 5.9687799072e+02 5.9688500977e+02 5.9690698242e+02 5.9695098877e+02 5.9697399902e+02 5.9697998047e+02 5.9697100830e+02 5.9687402344e+02 5.9677697754e+02 5.9674200439e+02 5.9676098633e+02 5.9677001953e+02 5.9678399658e+02 5.9682897949e+02 5.9687500000e+02 5.9686602783e+02 5.9688897705e+02 5.9689398193e+02 5.9692602539e+02 5.9692797852e+02 5.9692901611e+02 5.9694500732e+02 5.9696502686e+02 5.9699298096e+02 5.9701702881e+02 5.9703497314e+02 5.9705401611e+02 5.9707202148e+02 5.9708398438e+02 5.9709399414e+02 5.9711102295e+02 5.9715600586e+02 5.9719897461e+02 5.9723297119e+02 5.9726300049e+02 5.9729498291e+02
