TESTSERVER/11/11.asc
NCOLS 100
NROWS 100
XLLCORNER 8.0497500000e+03
YLLCORNER 2.8940025000e+05
CELLSIZE 5.0000000000e-01
NODATA_VALUE -9.9990000000e+03
[rows 80 to 99 of 100, columns 0 to 45 of 100]
5.9495501709e+02 5.9494598389e+02 5.9494097900e+02 5.9493701172e+02 5.9493402100e+02 5.9493902588e+02 5.9494500732e+02 5.9494000244e+02 5.9494097900e+02 5.9493298340e+02 5.9493902588e+02 5.9506298828e+02 5.9530902100e+02 5.9535302734e+02 5.9534002686e+02 5.9532397461e+02 5.9529498291e+02 5.9526800537e+02 5.9526800537e+02 5.9531298828e+02 5.9536999512e+02 5.9540899658e+02 5.9545202637e+02 5.9549200439e+02 5.9553698730e+02 5.9555798340e+02 5.9557000732e+02 5.9559197998e+02 5.9561901855e+02 5.9563702393e+02 5.9565997314e+02 5.9567797852e+02 5.9569500732e+02 5.9571197510e+02 5.9576501465e+02 5.9584600830e+02 5.9592297363e+02 5.9607000732e+02 5.9615197754e+02 5.9619897461e+02 5.9618200684e+02 5.9618298340e+02 5.9619299316e+02 5.9622198486e+02 5.9626098633e+02 5.9630902100e+02
5.9490997314e+02 5.9491900635e+02 5.9492102051e+02 5.9491601563e+02 5.9490899658e+02 5.9491198730e+02 5.9490899658e+02 5.9491400146e+02 5.9491699219e+02 5.9492901611e+02 5.9491302490e+02 5.9491302490e+02 5.9501599121e+02 5.9516601563e+02 5.9527502441e+02 5.9530297852e+02 5.9526501465e+02 5.9520898438e+02 5.9518902588e+02 5.9520599365e+02 5.9524798584e+02 5.9529699707e+02 5.9534301758e+02 5.9538098145e+02 5.9542700195e+02 5.9546697998e+02 5.9549200439e+02 5.9551300049e+02 5.9553900146e+02 5.9555902100e+02 5.9557897949e+02 5.9560302734e+02 5.9563800049e+02 5.9565997314e+02 5.9568701172e+02 5.9572802734e+02 5.9579199219e+02 5.9586700439e+02 5.9592999268e+02 5.9597802734e+02 5.9601800537e+02 5.9606298828e+02 5.9610302734e+02 5.9614697266e+02 5.9619500732e+02 5.9626000977e+02
5.9483801270e+02 5.9485699463e+02 5.9487500000e+02 5.9488299561e+02 5.9487701416e+02 5.9487701416e+02 5.9487500000e+02 5.9488299561e+02 5.9488800049e+02 5.9490002441e+02 5.9489801025e+02 5.9488201904e+02 5.9488800049e+02 5.9498901367e+02 5.9510601807e+02 5.9517498779e+02 5.9517797852e+02 5.9515600586e+02 5.9514801025e+02 5.9513598633e+02 5.9513598633e+02 5.9517199707e+02 5.9521997070e+02 5.9526000977e+02 5.9530401611e+02 5.9535400391e+02 5.9538800049e+02 5.9542297363e+02 5.9546997070e+02 5.9550097656e+02 5.9552099609e+02 5.9554797363e+02 5.9559002686e+02 5.9561999512e+02 5.9564202881e+02 5.9566497803e+02 5.9570501709e+02 5.9574902344e+02 5.9579602051e+02 5.9584698486e+02 5.9590802002e+02 5.9597497559e+02 5.9602001953e+02 5.9607202148e+02 5.9613098145e+02 5.9620397949e+02
5.9476202393e+02 5.9478497314e+02 5.9480902100e+02 5.9482202148e+02 5.9482299805e+02 5.9484301758e+02 5.9484899902e+02 5.9485302734e+02 5.9485498047e+02 5.9485998535e+02 5.9486602783e+02 5.9486700439e+02 5.9487701416e+02 5.9489501953e+02 5.9494201660e+02 5.9500598145e+02 5.9504602051e+02 5.9507397461e+02 5.9508898926e+02 5.9505999756e+02 5.9503100586e+02 5.9505401611e+02 5.9509997559e+02 5.9514099121e+02 5.9517999268e+02 5.9523498535e+02 5.9527197266e+02 5.9531799316e+02 5.9538299561e+02 5.9542102051e+02 5.9544702148e+02 5.9547900391e+02 5.9552099609e+02 5.9556298828e+02 5.9559197998e+02 5.9561602783e+02 5.9564898682e+02 5.9568200684e+02 5.9572399902e+02 5.9577697754e+02 5.9583697510e+02 5.9589300537e+02 5.9593298340e+02 5.9599499512e+02 5.9606597900e+02 5.9612902832e+02
5.9472998047e+02 5.9474102783e+02 5.9474902344e+02 5.9474700928e+02 5.9474499512e+02 5.9478698730e+02 5.9481500244e+02 5.9482098389e+02 5.9481701660e+02 5.9482598877e+02 5.9483398438e+02 5.9484197998e+02 5.9486401367e+02 5.9486102295e+02 5.9486199951e+02 5.9489501953e+02 5.9493701172e+02 5.9498400879e+02 5.9499700928e+02 5.9495599365e+02 5.9493402100e+02 5.9496600342e+02 5.9500299072e+02 5.9503198242e+02 5.9506597900e+02 5.9511499023e+02 5.9515399170e+02 5.9520697021e+02 5.9526300049e+02 5.9530798340e+02 5.9534497070e+02 5.9538098145e+02 5.9542498779e+02 5.9547100830e+02 5.9551098633e+02 5.9554901123e+02 5.9559600830e+02 5.9562597656e+02 5.9566601563e+02 5.9570898438e+02 5.9575701904e+02 5.9580798340e+02 5.9585302734e+02 5.9591900635e+02 5.9599298096e+02 5.9604101563e+02
5.9465997314e+02 5.9468298340e+02 5.9468902588e+02 5.9468902588e+02 5.9467602539e+02 5.9470001221e+02 5.9474102783e+02 5.9477197266e+02 5.9478399658e+02 5.9479199219e+02 5.9480200195e+02 5.9481500244e+02 5.9482702637e+02 5.9483197021e+02 5.9483697510e+02 5.9484899902e+02 5.9486499023e+02 5.9489501953e+02 5.9490100098e+02 5.9486798096e+02 5.9485601807e+02 5.9487500000e+02 5.9490899658e+02 5.9494097900e+02 5.9497100830e+02 5.9501300049e+02 5.9505999756e+02 5.9510797119e+02 5.9515197754e+02 5.9519500732e+02 5.9523797607e+02 5.9528198242e+02 5.9532800293e+02 5.9537500000e+02 5.9542401123e+02 5.9547100830e+02 5.9552301025e+02 5.9555700684e+02 5.9559399414e+02 5.9562402344e+02 5.9567102051e+02 5.9572601318e+02 5.9577697754e+02 5.9584197998e+02 5.9591400146e+02 5.9597100830e+02
5.9458300781e+02 5.9460699463e+02 5.9461798096e+02 5.9462200928e+02 5.9460998535e+02 5.9461700439e+02 5.9464300537e+02 5.9467797852e+02 5.9471801758e+02 5.9474499512e+02 5.9476501465e+02 5.9477697754e+02 5.9478601074e+02 5.9479797363e+02 5.9480499268e+02 5.9481500244e+02 5.9482202148e+02 5.9483300781e+02 5.9484399414e+02 5.9484899902e+02 5.9483898926e+02 5.9481896973e+02 5.9482299805e+02 5.9484301758e+02 5.9486401367e+02 5.9490502930e+02 5.9495501709e+02 5.9499700928e+02 5.9504101563e+02 5.9507800293e+02 5.9512298584e+02 5.9516998291e+02 5.9521697998e+02 5.9527600098e+02 5.9533599854e+02 5.9538098145e+02 5.9542602539e+02 5.9546600342e+02 5.9551202393e+02 5.9554901123e+02 5.9559997559e+02 5.9564300537e+02 5.9569299316e+02 5.9576300049e+02 5.9582800293e+02 5.9589001465e+02
5.9450897217e+02 5.9453100586e+02 5.9453900146e+02 5.9454101563e+02 5.9453302002e+02 5.9453399658e+02 5.9454602051e+02 5.9457202148e+02 5.9461700439e+02 5.9466998291e+02 5.9472100830e+02 5.9474700928e+02 5.9475201416e+02 5.9476300049e+02 5.9476702881e+02 5.9477899170e+02 5.9479101563e+02 5.9479498291e+02 5.9480200195e+02 5.9482397461e+02 5.9484100342e+02 5.9482000732e+02 5.9479400635e+02 5.9478802490e+02 5.9479602051e+02 5.9481896973e+02 5.9485101318e+02 5.9488500977e+02 5.9492901611e+02 5.9496398926e+02 5.9500799561e+02 5.9505297852e+02 5.9509497070e+02 5.9515600586e+02 5.9522198486e+02 5.9526702881e+02 5.9531799316e+02 5.9536901855e+02 5.9542498779e+02 5.9547198486e+02 5.9552899170e+02 5.9557098389e+02 5.9562402344e+02 5.9569897461e+02 5.9575500488e+02 5.9580700684e+02
5.9442999268e+02 5.9445697021e+02 5.9445898438e+02 5.9445599365e+02 5.9445300293e+02 5.9446301270e+02 5.9447399902e+02 5.9449298096e+02 5.9451800537e+02 5.9454302979e+02 5.9462402344e+02 5.9470001221e+02 5.9472302246e+02 5.9473199463e+02 5.9472900391e+02 5.9473498535e+02 5.9474401855e+02 5.9476800537e+02 5.9477600098e+02 5.9478198242e+02 5.9479199219e+02 5.9481097412e+02 5.9480700684e+02 5.9478399658e+02 5.9476397705e+02 5.9477001953e+02 5.9478802490e+02 5.9481097412e+02 5.9483502197e+02 5.9487097168e+02 5.9490502930e+02 5.9494598389e+02 5.9498999023e+02 5.9504699707e+02 5.9510900879e+02 5.9516497803e+02 5.9522802734e+02 5.9527899170e+02 5.9533300781e+02 5.9538201904e+02 5.9544097900e+02 5.9550799561e+02 5.9556402588e+02 5.9563299561e+02 5.9569201660e+02 5.9572100830e+02
5.9433300781e+02 5.9437097168e+02 5.9438299561e+02 5.9438000488e+02 5.9436901855e+02 5.9438201904e+02 5.9439398193e+02 5.9440197754e+02 5.9442498779e+02 5.9443902588e+02 5.9450201416e+02 5.9459497070e+02 5.9465002441e+02 5.9468597412e+02 5.9470300293e+02 5.9471099854e+02 5.9470501709e+02 5.9472302246e+02 5.9474401855e+02 5.9475000000e+02 5.9475701904e+02 5.9477301025e+02 5.9479101563e+02 5.9478802490e+02 5.9476898193e+02 5.9474798584e+02 5.9474401855e+02 5.9475000000e+02 5.9477001953e+02 5.9478302002e+02 5.9480999756e+02 5.9484997559e+02 5.9489697266e+02 5.9494897461e+02 5.9500201416e+02 5.9506402588e+02 5.9513299561e+02 5.9517700195e+02 5.9524298096e+02 5.9529998779e+02 5.9535498047e+02 5.9542797852e+02 5.9548498535e+02 5.9554498291e+02 5.9560998535e+02 5.9565502930e+02
5.9424401855e+02 5.9427801514e+02 5.9429199219e+02 5.9429199219e+02 5.9428601074e+02 5.9429498291e+02 5.9431298828e+02 5.9433001709e+02 5.9435498047e+02 5.9437597656e+02 5.9440899658e+02 5.9447302246e+02 5.9453198242e+02 5.9459002686e+02 5.9464501953e+02 5.9468298340e+02 5.9467999268e+02 5.9467700195e+02 5.9468902588e+02 5.9470599365e+02 5.9472497559e+02 5.9473400879e+02 5.9474401855e+02 5.9475897217e+02 5.9477301025e+02 5.9476000977e+02 5.9473297119e+02 5.9471398926e+02 5.9472497559e+02 5.9472998047e+02 5.9475299072e+02 5.9478601074e+02 5.9482202148e+02 5.9486401367e+02 5.9490502930e+02 5.9496197510e+02 5.9502600098e+02 5.9506298828e+02 5.9513500977e+02 5.9520397949e+02 5.9526800537e+02 5.9533898926e+02 5.9539599609e+02 5.9546099854e+02 5.9553100586e+02 5.9558300781e+02
5.9417498779e+02 5.9419500732e+02 5.9420098877e+02 5.9420898438e+02 5.9422100830e+02 5.9423101807e+02 5.9425402832e+02 5.9428100586e+02 5.9430102539e+02 5.9432501221e+02 5.9434399414e+02 5.9437799072e+02 5.9442102051e+02 5.9446600342e+02 5.9453100586e+02 5.9460302734e+02 5.9464501953e+02 5.9465100098e+02 5.9465502930e+02 5.9466699219e+02 5.9469097900e+02 5.9470898438e+02 5.9471301270e+02 5.9472198486e+02 5.9474401855e+02 5.9475598145e+02 5.9475201416e+02 5.9472698975e+02 5.9470800781e+02 5.9471099854e+02 5.9472497559e+02 5.9474499512e+02 5.9476800537e+02 5.9479302979e+02 5.9482202148e+02 5.9486499023e+02 5.9491900635e+02 5.9495800781e+02 5.9502398682e+02 5.9509197998e+02 5.9516198730e+02 5.9523199463e+02 5.9529101563e+02 5.9536199951e+02 5.9543499756e+02 5.9548901367e+02
5.9412200928e+02 5.9413098145e+02 5.9413201904e+02 5.9415002441e+02 5.9416802979e+02 5.9417199707e+02 5.9419097900e+02 5.9421697998e+02 5.9423699951e+02 5.9425299072e+02 5.9427001953e+02 5.9429797363e+02 5.9433502197e+02 5.9436602783e+02 5.9440997314e+02 5.9446697998e+02 5.9452899170e+02 5.9461297607e+02 5.9464300537e+02 5.9464697266e+02 5.9465399170e+02 5.9466998291e+02 5.9467999268e+02 5.9469500732e+02 5.9471398926e+02 5.9472302246e+02 5.9474597168e+02 5.9475299072e+02 5.9472100830e+02 5.9470300293e+02 5.9470599365e+02 5.9471600342e+02 5.9472601318e+02 5.9473400879e+02 5.9475299072e+02 5.9478601074e+02 5.9483398438e+02 5.9487402344e+02 5.9491802979e+02 5.9496997070e+02 5.9505200195e+02 5.9514202881e+02 5.9520202637e+02 5.9526501465e+02 5.9533898926e+02 5.9539099121e+02
5.9407800293e+02 5.9408801270e+02 5.9408502197e+02 5.9410101318e+02 5.9411602783e+02 5.9412200928e+02 5.9413598633e+02 5.9415002441e+02 5.9416400146e+02 5.9417797852e+02 5.9419702148e+02 5.9421997070e+02 5.9424798584e+02 5.9428002930e+02 5.9431298828e+02 5.9435998535e+02 5.9440997314e+02 5.9448297119e+02 5.9455999756e+02 5.9461199951e+02 5.9464202881e+02 5.9464599609e+02 5.9465502930e+02 5.9467102051e+02 5.9468200684e+02 5.9469500732e+02 5.9470800781e+02 5.9473797607e+02 5.9476501465e+02 5.9475000000e+02 5.9471398926e+02 5.9468798828e+02 5.9468200684e+02 5.9468103027e+02 5.9469598389e+02 5.9472100830e+02 5.9476098633e+02 5.9478601074e+02 5.9481896973e+02 5.9486297607e+02 5.9494000244e+02 5.9501599121e+02 5.9507897949e+02 5.9515899658e+02 5.9523901367e+02 5.9529199219e+02
5.9402502441e+02 5.9403900146e+02 5.9404498291e+02 5.9405798340e+02 5.9406701660e+02 5.9407299805e+02 5.9408398438e+02 5.9409301758e+02 5.9410400391e+02 5.9411700439e+02 5.9413800049e+02 5.9415600586e+02 5.9417102051e+02 5.9419702148e+02 5.9421502686e+02 5.9426599121e+02 5.9432098389e+02 5.9435797119e+02 5.9443798828e+02 5.9452099609e+02 5.9459399414e+02 5.9462097168e+02 5.9463500977e+02 5.9463897705e+02 5.9464599609e+02 5.9466900635e+02 5.9468200684e+02 5.9470898438e+02 5.9474700928e+02 5.9476202393e+02 5.9475500488e+02 5.9472399902e+02 5.9469500732e+02 5.9467602539e+02 5.9466302490e+02 5.9466497803e+02 5.9469702148e+02 5.9472601318e+02 5.9475097656e+02 5.9478100586e+02 5.9484100342e+02 5.9489599609e+02 5.9496398926e+02 5.9504901123e+02 5.9511798096e+02 5.9518798828e+02
5.9397399902e+02 5.9398999023e+02 5.9400000000e+02 5.9401000977e+02 5.9401702881e+02 5.9402301025e+02 5.9403002930e+02 5.9404101563e+02 5.9405297852e+02 5.9405603027e+02 5.9407501221e+02 5.9409497070e+02 5.9411401367e+02 5.9413000488e+02 5.9413800049e+02 5.9418402100e+02 5.9423901367e+02 5.9426300049e+02 5.9432098389e+02 5.9439697266e+02 5.9448901367e+02 5.9455700684e+02 5.9459600830e+02 5.9460400391e+02 5.9460900879e+02 5.9463397217e+02 5.9465997314e+02 5.9468597412e+02 5.9470300293e+02 5.9471997070e+02 5.9475000000e+02 5.9475799561e+02 5.9474597168e+02 5.9471099854e+02 5.9466400146e+02 5.9463500977e+02 5.9465301514e+02 5.9467901611e+02 5.9469897461e+02 5.9472399902e+02 5.9476800537e+02 5.9480401611e+02 5.9487097168e+02 5.9495599365e+02 5.9500598145e+02 5.9508099365e+02
5.9393798828e+02 5.9394897461e+02 5.9395098877e+02 5.9395697021e+02 5.9397198486e+02 5.9397100830e+02 5.9397497559e+02 5.9398999023e+02 5.9399902344e+02 5.9399298096e+02 5.9400097656e+02 5.9402600098e+02 5.9406799316e+02 5.9407501221e+02 5.9408898926e+02 5.9411602783e+02 5.9413800049e+02 5.9417199707e+02 5.9422302246e+02 5.9428100586e+02 5.9435699463e+02 5.9445898438e+02 5.9453002930e+02 5.9456402588e+02 5.9458398438e+02 5.9459802246e+02 5.9461999512e+02 5.9465002441e+02 5.9467498779e+02 5.9469201660e+02 5.9470599365e+02 5.9472497559e+02 5.9475201416e+02 5.9474902344e+02 5.9470202637e+02 5.9465002441e+02 5.9462701416e+02 5.9463598633e+02 5.9465002441e+02 5.9467297363e+02 5.9469500732e+02 5.9473297119e+02 5.9478698730e+02 5.9485998535e+02 5.9490997314e+02 5.9497302246e+02
5.9388397217e+02 5.9390399170e+02 5.9390502930e+02 5.9390100098e+02 5.9389599609e+02 5.9390899658e+02 5.9392297363e+02 5.9393200684e+02 5.9393798828e+02 5.9394702148e+02 5.9395599365e+02 5.9396997070e+02 5.9399200439e+02 5.9400402832e+02 5.9403198242e+02 5.9405603027e+02 5.9405902100e+02 5.9409497070e+02 5.9414300537e+02 5.9418701172e+02 5.9425201416e+02 5.9433697510e+02 5.9441998291e+02 5.9450097656e+02 5.9455798340e+02 5.9458001709e+02 5.9458197021e+02 5.9460198975e+02 5.9463397217e+02 5.9465899658e+02 5.9467498779e+02 5.9469897461e+02 5.9472802734e+02 5.9474499512e+02 5.9474200439e+02 5.9471099854e+02 5.9466198730e+02 5.9462902832e+02 5.9461700439e+02 5.9462402344e+02 5.9464099121e+02 5.9468103027e+02 5.9472198486e+02 5.9476898193e+02 5.9481597900e+02 5.9487402344e+02
5.9383300781e+02 5.9385998535e+02 5.9386798096e+02 5.9386499023e+02 5.9385302734e+02 5.9386401367e+02 5.9387500000e+02 5.9388201904e+02 5.9388800049e+02 5.9389801025e+02 5.9390600586e+02 5.9391900635e+02 5.9393798828e+02 5.9395898438e+02 5.9397802734e+02 5.9399798584e+02 5.9400701904e+02 5.9404101563e+02 5.9407098389e+02 5.9410101318e+02 5.9415600586e+02 5.9423199463e+02 5.9430603027e+02 5.9439001465e+02 5.9446502686e+02 5.9453900146e+02 5.9455902100e+02 5.9457000732e+02 5.9459002686e+02 5.9460900879e+02 5.9463500977e+02 5.9466699219e+02 5.9469500732e+02 5.9470800781e+02 5.9473297119e+02 5.9474597168e+02 5.9472601318e+02 5.9468103027e+02 5.9463299561e+02 5.9460400391e+02 5.9460998535e+02 5.9464001465e+02 5.9467700195e+02 5.9471600342e+02 5.9475097656e+02 5.9479101563e+02
5.9378900146e+02 5.9381701660e+02 5.9382299805e+02 5.9382202148e+02 5.9381298828e+02 5.9381402588e+02 5.9382000732e+02 5.9382702637e+02 5.9383697510e+02 5.9383801270e+02 5.9384802246e+02 5.9386602783e+02 5.9388800049e+02 5.9390899658e+02 5.9391998291e+02 5.9393902588e+02 5.9396002197e+02 5.9399499512e+02 5.9401300049e+02 5.9403601074e+02 5.9407501221e+02 5.9413800049e+02 5.9420800781e+02 5.9427697754e+02 5.9433898926e+02 5.9444897461e+02 5.9451898193e+02 5.9455603027e+02 5.9457098389e+02 5.9458001709e+02 5.9460601807e+02 5.9463098145e+02 5.9465802002e+02 5.9467901611e+02 5.9469500732e+02 5.9471600342e+02 5.9474401855e+02 5.9473297119e+02 5.9468902588e+02 5.9463500977e+02 5.9460101318e+02 5.9460302734e+02 5.9463000488e+02 5.9466101074e+02 5.9469396973e+02 5.9472198486e+02
