TESTSERVER/11/12.asc
NCOLS 100
NROWS 100
XLLCORNER 8.0497500000e+03
YLLCORNER 2.8935025000e+05
CELLSIZE 5.0000000000e-01
NODATA_VALUE -9.9990000000e+03
[rows 0 to 19 of 100, columns 46 to 91 of 100]
5.9471002197e+02 5.9476702881e+02 5.9482501221e+02 5.9491400146e+02 5.9499102783e+02 5.9506298828e+02 5.9516101074e+02 5.9524298096e+02 5.9533099365e+02 5.9542199707e+02 5.9550500488e+02 5.9560699463e+02 5.9570098877e+02 5.9579998779e+02 5.9589801025e+02 5.9597100830e+02 5.9606097412e+02 5.9613800049e+02 5.9621801758e+02 5.9629302979e+02 5.9635400391e+02 5.9640698242e+02 5.9645898438e+02 5.9653302002e+02 5.9659197998e+02 5.9663702393e+02 5.9668103027e+02 5.9671600342e+02 5.9675097656e+02 5.9679199219e+02 5.9683502197e+02 5.9686499023e+02 5.9689599609e+02 5.9692797852e+02 5.9696801758e+02 5.9702502441e+02 5.9706597900e+02 5.9711602783e+02 5.9717498779e+02 5.9721697998e+02 5.9727197266e+02 5.9733001709e+02 5.9736199951e+02 5.9740197754e+02 5.9744799805e+02 5.9750097656e+02
5.9466601563e+02 5.9470697021e+02 5.9475201416e+02 5.9483197021e+02 5.9489898682e+02 5.9496801758e+02 5.9507299805e+02 5.9515502930e+02 5.9524200439e+02 5.9533801270e+02 5.9542401123e+02 5.9551300049e+02 5.9559301758e+02 5.9568902588e+02 5.9579302979e+02 5.9588000488e+02 5.9597302246e+02 5.9605499268e+02 5.9613702393e+02 5.9621697998e+02 5.9627502441e+02 5.9633300781e+02 5.9638500977e+02 5.9645697021e+02 5.9652197266e+02 5.9656799316e+02 5.9662200928e+02 5.9666601563e+02 5.9670098877e+02 5.9674200439e+02 5.9678601074e+02 5.9681298828e+02 5.9685400391e+02 5.9689300537e+02 5.9692199707e+02 5.9697399902e+02 5.9701000977e+02 5.9705999756e+02 5.9711999512e+02 5.9715997314e+02 5.9721398926e+02 5.9727099609e+02 5.9730499268e+02 5.9734301758e+02 5.9738800049e+02 5.9744897461e+02
5.9463000488e+02 5.9466497803e+02 5.9469702148e+02 5.9475897217e+02 5.9482202148e+02 5.9489001465e+02 5.9498901367e+02 5.9506799316e+02 5.9515100098e+02 5.9524700928e+02 5.9533898926e+02 5.9541802979e+02 5.9549298096e+02 5.9558502197e+02 5.9568298340e+02 5.9577001953e+02 5.9587097168e+02 5.9596301270e+02 5.9604699707e+02 5.9613201904e+02 5.9619500732e+02 5.9625402832e+02 5.9630999756e+02 5.9638098145e+02 5.9645300293e+02 5.9651000977e+02 5.9657098389e+02 5.9661700439e+02 5.9665301514e+02 5.9669097900e+02 5.9673297119e+02 5.9676599121e+02 5.9681402588e+02 5.9686199951e+02 5.9689599609e+02 5.9693200684e+02 5.9696600342e+02 5.9701599121e+02 5.9707397461e+02 5.9710601807e+02 5.9715301514e+02 5.9720697021e+02 5.9725701904e+02 5.9729901123e+02 5.9733398438e+02 5.9738201904e+02
5.9459497070e+02 5.9462597656e+02 5.9465997314e+02 5.9471502686e+02 5.9476898193e+02 5.9483099365e+02 5.9491198730e+02 5.9498797607e+02 5.9506298828e+02 5.9515502930e+02 5.9525402832e+02 5.9533697510e+02 5.9541198730e+02 5.9549597168e+02 5.9559497070e+02 5.9567797852e+02 5.9577600098e+02 5.9585900879e+02 5.9594299316e+02 5.9603198242e+02 5.9610498047e+02 5.9617297363e+02 5.9623699951e+02 5.9630700684e+02 5.9638201904e+02 5.9644702148e+02 5.9651397705e+02 5.9656597900e+02 5.9660998535e+02 5.9665002441e+02 5.9668798828e+02 5.9672998047e+02 5.9677600098e+02 5.9682800293e+02 5.9686999512e+02 5.9689599609e+02 5.9692797852e+02 5.9697802734e+02 5.9702801514e+02 5.9706402588e+02 5.9710998535e+02 5.9715502930e+02 5.9720697021e+02 5.9725500488e+02 5.9728497314e+02 5.9732202148e+02
5.9458801270e+02 5.9460498047e+02 5.9462200928e+02 5.9466998291e+02 5.9471899414e+02 5.9478002930e+02 5.9484197998e+02 5.9491198730e+02 5.9498699951e+02 5.9507397461e+02 5.9516400146e+02 5.9525299072e+02 5.9533001709e+02 5.9540698242e+02 5.9549798584e+02 5.9559100342e+02 5.9568798828e+02 5.9576599121e+02 5.9585101318e+02 5.9593597412e+02 5.9600799561e+02 5.9608300781e+02 5.9615301514e+02 5.9622998047e+02 5.9629699707e+02 5.9636199951e+02 5.9644500732e+02 5.9649902344e+02 5.9655603027e+02 5.9660302734e+02 5.9663500977e+02 5.9668402100e+02 5.9672302246e+02 5.9677697754e+02 5.9683300781e+02 5.9685900879e+02 5.9689501953e+02 5.9694598389e+02 5.9699102783e+02 5.9703601074e+02 5.9708001709e+02 5.9711297607e+02 5.9715399170e+02 5.9720001221e+02 5.9723699951e+02 5.9727502441e+02
5.9462097168e+02 5.9460498047e+02 5.9460101318e+02 5.9463500977e+02 5.9468298340e+02 5.9474298096e+02 5.9479699707e+02 5.9484997559e+02 5.9491802979e+02 5.9499902344e+02 5.9508197021e+02 5.9516302490e+02 5.9523797607e+02 5.9532098389e+02 5.9540802002e+02 5.9550097656e+02 5.9559002686e+02 5.9566101074e+02 5.9574102783e+02 5.9582501221e+02 5.9590301514e+02 5.9598199463e+02 5.9605603027e+02 5.9614202881e+02 5.9621398926e+02 5.9628997803e+02 5.9638000488e+02 5.9643499756e+02 5.9648999023e+02 5.9654302979e+02 5.9659399414e+02 5.9664697266e+02 5.9668298340e+02 5.9672900391e+02 5.9677600098e+02 5.9681097412e+02 5.9685101318e+02 5.9690600586e+02 5.9694897461e+02 5.9699401855e+02 5.9703601074e+02 5.9706500244e+02 5.9709197998e+02 5.9713299561e+02 5.9717999268e+02 5.9723199463e+02
5.9467498779e+02 5.9464300537e+02 5.9460400391e+02 5.9461499023e+02 5.9465802002e+02 5.9470697021e+02 5.9475000000e+02 5.9480401611e+02 5.9487200928e+02 5.9494799805e+02 5.9502099609e+02 5.9508197021e+02 5.9515197754e+02 5.9524401855e+02 5.9533197021e+02 5.9541900635e+02 5.9549700928e+02 5.9557299805e+02 5.9565301514e+02 5.9572998047e+02 5.9580700684e+02 5.9588098145e+02 5.9595800781e+02 5.9604998779e+02 5.9613000488e+02 5.9621099854e+02 5.9629998779e+02 5.9637097168e+02 5.9642999268e+02 5.9648699951e+02 5.9654797363e+02 5.9659600830e+02 5.9663598633e+02 5.9668701172e+02 5.9673101807e+02 5.9676898193e+02 5.9680401611e+02 5.9686199951e+02 5.9690802002e+02 5.9694299316e+02 5.9698101807e+02 5.9701599121e+02 5.9704797363e+02 5.9708697510e+02 5.9712298584e+02 5.9717102051e+02
5.9471099854e+02 5.9469897461e+02 5.9464898682e+02 5.9462500000e+02 5.9464599609e+02 5.9468298340e+02 5.9471801758e+02 5.9477001953e+02 5.9483801270e+02 5.9490802002e+02 5.9496600342e+02 5.9501800537e+02 5.9508197021e+02 5.9517602539e+02 5.9525897217e+02 5.9533801270e+02 5.9541400146e+02 5.9549798584e+02 5.9557598877e+02 5.9565399170e+02 5.9572399902e+02 5.9578302002e+02 5.9585797119e+02 5.9596002197e+02 5.9604699707e+02 5.9612597656e+02 5.9621002197e+02 5.9628997803e+02 5.9635998535e+02 5.9642498779e+02 5.9648901367e+02 5.9653198242e+02 5.9658300781e+02 5.9663500977e+02 5.9667602539e+02 5.9672100830e+02 5.9675799561e+02 5.9681298828e+02 5.9685601807e+02 5.9688500977e+02 5.9692401123e+02 5.9696398926e+02 5.9700299072e+02 5.9704199219e+02 5.9706896973e+02 5.9710998535e+02
5.9470800781e+02 5.9472601318e+02 5.9472100830e+02 5.9466400146e+02 5.9464801025e+02 5.9466699219e+02 5.9470001221e+02 5.9475201416e+02 5.9481896973e+02 5.9488201904e+02 5.9492999268e+02 5.9498797607e+02 5.9504400635e+02 5.9511700439e+02 5.9519097900e+02 5.9527099609e+02 5.9535400391e+02 5.9542498779e+02 5.9549102783e+02 5.9556799316e+02 5.9564202881e+02 5.9570202637e+02 5.9576202393e+02 5.9585797119e+02 5.9594702148e+02 5.9603399658e+02 5.9612097168e+02 5.9619500732e+02 5.9627197266e+02 5.9635498047e+02 5.9642700195e+02 5.9648297119e+02 5.9653601074e+02 5.9658099365e+02 5.9663500977e+02 5.9668402100e+02 5.9671997070e+02 5.9675897217e+02 5.9679302979e+02 5.9682702637e+02 5.9686901855e+02 5.9691101074e+02 5.9694799805e+02 5.9698901367e+02 5.9702801514e+02 5.9707299805e+02
5.9469097900e+02 5.9471502686e+02 5.9472601318e+02 5.9471697998e+02 5.9469299316e+02 5.9467297363e+02 5.9467297363e+02 5.9472497559e+02 5.9479602051e+02 5.9486499023e+02 5.9491198730e+02 5.9497399902e+02 5.9502001953e+02 5.9507702637e+02 5.9515197754e+02 5.9522698975e+02 5.9529797363e+02 5.9535400391e+02 5.9541302490e+02 5.9549200439e+02 5.9556701660e+02 5.9563201904e+02 5.9569396973e+02 5.9577197266e+02 5.9584899902e+02 5.9593798828e+02 5.9602697754e+02 5.9610400391e+02 5.9618103027e+02 5.9628002930e+02 5.9636499023e+02 5.9642797852e+02 5.9648101807e+02 5.9652801514e+02 5.9658099365e+02 5.9663800049e+02 5.9667401123e+02 5.9671398926e+02 5.9675701904e+02 5.9679302979e+02 5.9682299805e+02 5.9685900879e+02 5.9690197754e+02 5.9694799805e+02 5.9699597168e+02 5.9703900146e+02
5.9467102051e+02 5.9469702148e+02 5.9470898438e+02 5.9472802734e+02 5.9472802734e+02 5.9471600342e+02 5.9470397949e+02 5.9471197510e+02 5.9475701904e+02 5.9482598877e+02 5.9488897705e+02 5.9494702148e+02 5.9499401855e+02 5.9505200195e+02 5.9512402344e+02 5.9518902588e+02 5.9524798584e+02 5.9528900146e+02 5.9534399414e+02 5.9542797852e+02 5.9550097656e+02 5.9556402588e+02 5.9562902832e+02 5.9569799805e+02 5.9576599121e+02 5.9584899902e+02 5.9593402100e+02 5.9601800537e+02 5.9609399414e+02 5.9619000244e+02 5.9628198242e+02 5.9635400391e+02 5.9641497803e+02 5.9647302246e+02 5.9652697754e+02 5.9658697510e+02 5.9662500000e+02 5.9666497803e+02 5.9671398926e+02 5.9675299072e+02 5.9678198242e+02 5.9681799316e+02 5.9685900879e+02 5.9689300537e+02 5.9694396973e+02 5.9699102783e+02
5.9464001465e+02 5.9467102051e+02 5.9468402100e+02 5.9471099854e+02 5.9472601318e+02 5.9473498535e+02 5.9474700928e+02 5.9473999023e+02 5.9474499512e+02 5.9478900146e+02 5.9485498047e+02 5.9491101074e+02 5.9497100830e+02 5.9503997803e+02 5.9509997559e+02 5.9515502930e+02 5.9521099854e+02 5.9525000000e+02 5.9530297852e+02 5.9537597656e+02 5.9543701172e+02 5.9549401855e+02 5.9555999756e+02 5.9563201904e+02 5.9569702148e+02 5.9576800537e+02 5.9584100342e+02 5.9592102051e+02 5.9599700928e+02 5.9609002686e+02 5.9619000244e+02 5.9627197266e+02 5.9633801270e+02 5.9640399170e+02 5.9646600342e+02 5.9653399658e+02 5.9657397461e+02 5.9661297607e+02 5.9665698242e+02 5.9669598389e+02 5.9673999023e+02 5.9678198242e+02 5.9681799316e+02 5.9684100342e+02 5.9688800049e+02 5.9694500732e+02
5.9461901855e+02 5.9464599609e+02 5.9465600586e+02 5.9469299316e+02 5.9470898438e+02 5.9471301270e+02 5.9473199463e+02 5.9475097656e+02 5.9475201416e+02 5.9476800537e+02 5.9481298828e+02 5.9487097168e+02 5.9493798828e+02 5.9501000977e+02 5.9505798340e+02 5.9510601807e+02 5.9516601563e+02 5.9521997070e+02 5.9525701904e+02 5.9532397461e+02 5.9537701416e+02 5.9542999268e+02 5.9549499512e+02 5.9556597900e+02 5.9563598633e+02 5.9569897461e+02 5.9576098633e+02 5.9583001709e+02 5.9590899658e+02 5.9600598145e+02 5.9609899902e+02 5.9616699219e+02 5.9623400879e+02 5.9631097412e+02 5.9639801025e+02 5.9646197510e+02 5.9651501465e+02 5.9656402588e+02 5.9661297607e+02 5.9664898682e+02 5.9669299316e+02 5.9673199463e+02 5.9676599121e+02 5.9679699707e+02 5.9684197998e+02 5.9689801025e+02
5.9461901855e+02 5.9463098145e+02 5.9463702393e+02 5.9466497803e+02 5.9468798828e+02 5.9470098877e+02 5.9471801758e+02 5.9473498535e+02 5.9474700928e+02 5.9478002930e+02 5.9481402588e+02 5.9484698486e+02 5.9489599609e+02 5.9496502686e+02 5.9503302002e+02 5.9509399414e+02 5.9514501953e+02 5.9518701172e+02 5.9522198486e+02 5.9526397705e+02 5.9531799316e+02 5.9538299561e+02 5.9544097900e+02 5.9549798584e+02 5.9555999756e+02 5.9562097168e+02 5.9569000244e+02 5.9575598145e+02 5.9583197021e+02 5.9591900635e+02 5.9599401855e+02 5.9605700684e+02 5.9613299561e+02 5.9621502686e+02 5.9629699707e+02 5.9637500000e+02 5.9645001221e+02 5.9651397705e+02 5.9656298828e+02 5.9659997559e+02 5.9663897705e+02 5.9667401123e+02 5.9670202637e+02 5.9675097656e+02 5.9680798340e+02 5.9685302734e+02
5.9460797119e+02 5.9462902832e+02 5.9462701416e+02 5.9464001465e+02 5.9466998291e+02 5.9469396973e+02 5.9470501709e+02 5.9472302246e+02 5.9473297119e+02 5.9476501465e+02 5.9480297852e+02 5.9483398438e+02 5.9486602783e+02 5.9491802979e+02 5.9498797607e+02 5.9507702637e+02 5.9513897705e+02 5.9516497803e+02 5.9519299316e+02 5.9522497559e+02 5.9526599121e+02 5.9532598877e+02 5.9538598633e+02 5.9544396973e+02 5.9549401855e+02 5.9553698730e+02 5.9560699463e+02 5.9567602539e+02 5.9574798584e+02 5.9583099365e+02 5.9590899658e+02 5.9597302246e+02 5.9604400635e+02 5.9611602783e+02 5.9619097900e+02 5.9627502441e+02 5.9635797119e+02 5.9642797852e+02 5.9648498535e+02 5.9653497314e+02 5.9657800293e+02 5.9661602783e+02 5.9665301514e+02 5.9671398926e+02 5.9677301025e+02 5.9680798340e+02
5.9454699707e+02 5.9460699463e+02 5.9462402344e+02 5.9463000488e+02 5.9465197754e+02 5.9467102051e+02 5.9468298340e+02 5.9470599365e+02 5.9471801758e+02 5.9473901367e+02 5.9477301025e+02 5.9481597900e+02 5.9484899902e+02 5.9488800049e+02 5.9493798828e+02 5.9501898193e+02 5.9509100342e+02 5.9512298584e+02 5.9515502930e+02 5.9519500732e+02 5.9522698975e+02 5.9527697754e+02 5.9533599854e+02 5.9538897705e+02 5.9543499756e+02 5.9546997070e+02 5.9553399658e+02 5.9560699463e+02 5.9567401123e+02 5.9574798584e+02 5.9582397461e+02 5.9589599609e+02 5.9596398926e+02 5.9602398682e+02 5.9609698486e+02 5.9618298340e+02 5.9625500488e+02 5.9632299805e+02 5.9639099121e+02 5.9646099854e+02 5.9651702881e+02 5.9656402588e+02 5.9661102295e+02 5.9666497803e+02 5.9672198486e+02 5.9676098633e+02
5.9444000244e+02 5.9455102539e+02 5.9463800049e+02 5.9463201904e+02 5.9463201904e+02 5.9463702393e+02 5.9466900635e+02 5.9468701172e+02 5.9470397949e+02 5.9472198486e+02 5.9474499512e+02 5.9478198242e+02 5.9483300781e+02 5.9488000488e+02 5.9492999268e+02 5.9496502686e+02 5.9501800537e+02 5.9505902100e+02 5.9509698486e+02 5.9515301514e+02 5.9519299316e+02 5.9523797607e+02 5.9528601074e+02 5.9532299805e+02 5.9537200928e+02 5.9541802979e+02 5.9547900391e+02 5.9554199219e+02 5.9561102295e+02 5.9567602539e+02 5.9572802734e+02 5.9580798340e+02 5.9588000488e+02 5.9594000244e+02 5.9601202393e+02 5.9609497070e+02 5.9616302490e+02 5.9622900391e+02 5.9629302979e+02 5.9637200928e+02 5.9643200684e+02 5.9647900391e+02 5.9653399658e+02 5.9658801270e+02 5.9664099121e+02 5.9670098877e+02
5.9434600830e+02 5.9445697021e+02 5.9454498291e+02 5.9460302734e+02 5.9463500977e+02 5.9463702393e+02 5.9465002441e+02 5.9466699219e+02 5.9469201660e+02 5.9471600342e+02 5.9472601318e+02 5.9475402832e+02 5.9479302979e+02 5.9484399414e+02 5.9489697266e+02 5.9494000244e+02 5.9497698975e+02 5.9500402832e+02 5.9504998779e+02 5.9510198975e+02 5.9514099121e+02 5.9518499756e+02 5.9523999023e+02 5.9527801514e+02 5.9532299805e+02 5.9536798096e+02 5.9541998291e+02 5.9546301270e+02 5.9552600098e+02 5.9559899902e+02 5.9565100098e+02 5.9572198486e+02 5.9579302979e+02 5.9585400391e+02 5.9592999268e+02 5.9599798584e+02 5.9606402588e+02 5.9613000488e+02 5.9619201660e+02 5.9627301025e+02 5.9633599854e+02 5.9638702393e+02 5.9644702148e+02 5.9651098633e+02 5.9656799316e+02 5.9663000488e+02
5.9426501465e+02 5.9436602783e+02 5.9443701172e+02 5.9452600098e+02 5.9460101318e+02 5.9463702393e+02 5.9465301514e+02 5.9465301514e+02 5.9467297363e+02 5.9470501709e+02 5.9471301270e+02 5.9473297119e+02 5.9476000977e+02 5.9479400635e+02 5.9483898926e+02 5.9490301514e+02 5.9494702148e+02 5.9497198486e+02 5.9501202393e+02 5.9504498291e+02 5.9507800293e+02 5.9513000488e+02 5.9519598389e+02 5.9523400879e+02 5.9527398682e+02 5.9531799316e+02 5.9537097168e+02 5.9540600586e+02 5.9545800781e+02 5.9552301025e+02 5.9558099365e+02 5.9565002441e+02 5.9571197510e+02 5.9576702881e+02 5.9583898926e+02 5.9590399170e+02 5.9596301270e+02 5.9603100586e+02 5.9609197998e+02 5.9616802979e+02 5.9623297119e+02 5.9628900146e+02 5.9635302734e+02 5.9641802979e+02 5.9649200439e+02 5.9655999756e+02
5.9417401123e+02 5.9427197266e+02 5.9434002686e+02 5.9442401123e+02 5.9451202393e+02 5.9458599854e+02 5.9464501953e+02 5.9465301514e+02 5.9466198730e+02 5.9468798828e+02 5.9470898438e+02 5.9472302246e+02 5.9474102783e+02 5.9476202393e+02 5.9478802490e+02 5.9484002686e+02 5.9489398193e+02 5.9493103027e+02 5.9497198486e+02 5.9499200439e+02 5.9502801514e+02 5.9508300781e+02 5.9514001465e+02 5.9517700195e+02 5.9522302246e+02 5.9527197266e+02 5.9532098389e+02 5.9535797119e+02 5.9540600586e+02 5.9546197510e+02 5.9552001953e+02 5.9557702637e+02 5.9562701416e+02 5.9567602539e+02 5.9573699951e+02 5.9580200195e+02 5.9585900879e+02 5.9592700195e+02 5.9598901367e+02 5.9605999756e+02 5.9612298584e+02 5.9618402100e+02 5.9624401855e+02 5.9630499268e+02 5.9640502930e+02 5.9648797607e+02
