TESTSERVER/11/12.asc
NCOLS 100
NROWS 100
XLLCORNER 8.0497500000e+03
YLLCORNER 2.8935025000e+05
CELLSIZE 5.0000000000e-01
NODATA_VALUE -9.9990000000e+03
[rows 20 to 39 of 100, columns 0 to 45 of 100]
5.9289202881e+02 5.9288000488e+02 5.9286602783e+02 5.9286798096e+02 5.9285699463e+02 5.9285998535e+02 5.9286199951e+02 5.9286401367e+02 5.9287402344e+02 5.9288800049e+02 5.9289501953e+02 5.9290502930e+02 5.9292602539e+02 5.9294097900e+02 5.9296398926e+02 5.9299200439e+02 5.9302001953e+02 5.9302899170e+02 5.9306597900e+02 5.9310400391e+02 5.9314697266e+02 5.9320501709e+02 5.9323400879e+02 5.9324902344e+02 5.9328497314e+02 5.9331799316e+02 5.9334002686e+02 5.9336297607e+02 5.9338500977e+02 5.9340197754e+02 5.9342797852e+02 5.9347399902e+02 5.9351300049e+02 5.9353399658e+02 5.9355902100e+02 5.9359002686e+02 5.9362500000e+02 5.9367102051e+02 5.9370300293e+02 5.9373602295e+02 5.9378100586e+02 5.9380603027e+02 5.9385797119e+02 5.9393200684e+02 5.9397900391e+02 5.9404901123e+02
5.9286297607e+02 5.9286199951e+02 5.9284600830e+02 5.9284197998e+02 5.9282501221e+02 5.9282098389e+02 5.9282501221e+02 5.9282800293e+02 5.9283398438e+02 5.9284600830e+02 5.9285400391e+02 5.9286499023e+02 5.9288800049e+02 5.9290301514e+02 5.9291802979e+02 5.9294500732e+02 5.9298101807e+02 5.9297998047e+02 5.9302398682e+02 5.9305798340e+02 5.9309301758e+02 5.9315600586e+02 5.9320898438e+02 5.9323999023e+02 5.9327899170e+02 5.9329901123e+02 5.9332202148e+02 5.9334997559e+02 5.9336999512e+02 5.9338500977e+02 5.9340802002e+02 5.9344201660e+02 5.9347698975e+02 5.9350201416e+02 5.9352801514e+02 5.9355499268e+02 5.9359002686e+02 5.9364202881e+02 5.9366998291e+02 5.9370300293e+02 5.9375897217e+02 5.9378198242e+02 5.9382299805e+02 5.9388897705e+02 5.9394299316e+02 5.9399798584e+02
5.9282000732e+02 5.9282397461e+02 5.9281097412e+02 5.9280401611e+02 5.9279998779e+02 5.9278900146e+02 5.9278601074e+02 5.9278997803e+02 5.9279498291e+02 5.9281298828e+02 5.9282397461e+02 5.9283599854e+02 5.9286199951e+02 5.9288098145e+02 5.9289697266e+02 5.9291699219e+02 5.9294000244e+02 5.9294299316e+02 5.9298297119e+02 5.9301300049e+02 5.9303198242e+02 5.9308697510e+02 5.9314599609e+02 5.9318298340e+02 5.9323297119e+02 5.9326599121e+02 5.9328399658e+02 5.9331298828e+02 5.9334197998e+02 5.9337200928e+02 5.9340399170e+02 5.9342498779e+02 5.9344000244e+02 5.9346502686e+02 5.9349597168e+02 5.9352899170e+02 5.9356597900e+02 5.9360900879e+02 5.9364001465e+02 5.9367901611e+02 5.9373602295e+02 5.9375701904e+02 5.9379199219e+02 5.9384600830e+02 5.9389898682e+02 5.9394702148e+02
5.9277398682e+02 5.9277899170e+02 5.9277600098e+02 5.9277301025e+02 5.9277899170e+02 5.9276501465e+02 5.9275799561e+02 5.9275598145e+02 5.9275500488e+02 5.9278601074e+02 5.9279699707e+02 5.9280401611e+02 5.9283099365e+02 5.9284497070e+02 5.9286602783e+02 5.9289001465e+02 5.9289398193e+02 5.9289599609e+02 5.9292901611e+02 5.9296801758e+02 5.9299200439e+02 5.9303497314e+02 5.9308001709e+02 5.9311901855e+02 5.9316601563e+02 5.9320697021e+02 5.9322900391e+02 5.9326800537e+02 5.9330798340e+02 5.9334197998e+02 5.9339001465e+02 5.9341302490e+02 5.9341497803e+02 5.9343597412e+02 5.9347100830e+02 5.9351202393e+02 5.9355102539e+02 5.9358502197e+02 5.9362097168e+02 5.9365802002e+02 5.9369799805e+02 5.9372698975e+02 5.9377001953e+02 5.9382202148e+02 5.9386798096e+02 5.9391699219e+02
5.9274597168e+02 5.9273901367e+02 5.9273699951e+02 5.9273901367e+02 5.9274200439e+02 5.9273400879e+02 5.9273297119e+02 5.9272399902e+02 5.9270501709e+02 5.9275402832e+02 5.9276898193e+02 5.9276800537e+02 5.9278802490e+02 5.9280700684e+02 5.9282598877e+02 5.9285302734e+02 5.9286297607e+02 5.9286999512e+02 5.9289099121e+02 5.9293103027e+02 5.9295898438e+02 5.9297998047e+02 5.9300799561e+02 5.9305603027e+02 5.9311297607e+02 5.9314801025e+02 5.9317797852e+02 5.9323297119e+02 5.9327801514e+02 5.9330798340e+02 5.9335900879e+02 5.9339300537e+02 5.9340997314e+02 5.9341601563e+02 5.9344299316e+02 5.9348498535e+02 5.9352099609e+02 5.9356201172e+02 5.9360699463e+02 5.9363897705e+02 5.9365997314e+02 5.9370697021e+02 5.9376000977e+02 5.9380499268e+02 5.9383398438e+02 5.9388397217e+02
5.9270202637e+02 5.9270098877e+02 5.9270898438e+02 5.9271398926e+02 5.9271398926e+02 5.9270098877e+02 5.9268298340e+02 5.9267901611e+02 5.9268298340e+02 5.9270599365e+02 5.9272100830e+02 5.9272900391e+02 5.9275299072e+02 5.9277801514e+02 5.9279797363e+02 5.9281298828e+02 5.9282299805e+02 5.9284197998e+02 5.9286297607e+02 5.9289099121e+02 5.9291497803e+02 5.9293798828e+02 5.9296697998e+02 5.9300701904e+02 5.9304498291e+02 5.9308502197e+02 5.9313201904e+02 5.9319598389e+02 5.9324298096e+02 5.9327801514e+02 5.9331298828e+02 5.9334698486e+02 5.9340002441e+02 5.9341802979e+02 5.9344097900e+02 5.9347302246e+02 5.9349597168e+02 5.9354400635e+02 5.9358197021e+02 5.9361102295e+02 5.9364001465e+02 5.9368200684e+02 5.9372900391e+02 5.9376800537e+02 5.9380102539e+02 5.9385498047e+02
5.9266302490e+02 5.9266101074e+02 5.9267401123e+02 5.9267401123e+02 5.9266601563e+02 5.9266998291e+02 5.9265698242e+02 5.9265600586e+02 5.9266699219e+02 5.9267199707e+02 5.9269000244e+02 5.9271197510e+02 5.9273797607e+02 5.9274401855e+02 5.9276300049e+02 5.9278198242e+02 5.9279199219e+02 5.9282202148e+02 5.9284698486e+02 5.9286499023e+02 5.9288397217e+02 5.9291101074e+02 5.9293902588e+02 5.9297399902e+02 5.9300402832e+02 5.9304400635e+02 5.9309100342e+02 5.9315502930e+02 5.9320800781e+02 5.9325201416e+02 5.9327398682e+02 5.9329797363e+02 5.9336102295e+02 5.9340698242e+02 5.9343597412e+02 5.9346801758e+02 5.9348602295e+02 5.9352398682e+02 5.9355700684e+02 5.9359600830e+02 5.9362597656e+02 5.9365997314e+02 5.9370397949e+02 5.9374700928e+02 5.9378497314e+02 5.9383697510e+02
5.9262500000e+02 5.9261401367e+02 5.9262200928e+02 5.9262402344e+02 5.9262097168e+02 5.9263201904e+02 5.9263702393e+02 5.9263897705e+02 5.9264501953e+02 5.9264501953e+02 5.9266302490e+02 5.9268597412e+02 5.9270397949e+02 5.9270098877e+02 5.9271600342e+02 5.9273901367e+02 5.9275799561e+02 5.9279400635e+02 5.9282397461e+02 5.9284197998e+02 5.9285400391e+02 5.9287701416e+02 5.9290802002e+02 5.9294598389e+02 5.9297698975e+02 5.9301098633e+02 5.9304998779e+02 5.9309997559e+02 5.9315802002e+02 5.9321697998e+02 5.9324700928e+02 5.9326800537e+02 5.9331500244e+02 5.9336798096e+02 5.9341198730e+02 5.9346197510e+02 5.9349401855e+02 5.9351397705e+02 5.9353900146e+02 5.9358001709e+02 5.9361199951e+02 5.9364898682e+02 5.9369299316e+02 5.9373297119e+02 5.9377502441e+02 5.9382501221e+02
5.9258398438e+02 5.9257000732e+02 5.9257098389e+02 5.9259197998e+02 5.9261102295e+02 5.9260797119e+02 5.9260998535e+02 5.9261199951e+02 5.9260498047e+02 5.9262402344e+02 5.9263397217e+02 5.9264501953e+02 5.9266601563e+02 5.9265997314e+02 5.9267199707e+02 5.9269799805e+02 5.9273400879e+02 5.9275097656e+02 5.9278002930e+02 5.9280499268e+02 5.9282299805e+02 5.9284899902e+02 5.9288000488e+02 5.9291601563e+02 5.9294500732e+02 5.9298602295e+02 5.9303497314e+02 5.9307098389e+02 5.9311297607e+02 5.9316302490e+02 5.9320697021e+02 5.9324499512e+02 5.9329400635e+02 5.9332397461e+02 5.9337701416e+02 5.9345202637e+02 5.9350201416e+02 5.9352502441e+02 5.9354602051e+02 5.9357098389e+02 5.9359399414e+02 5.9363598633e+02 5.9367199707e+02 5.9370501709e+02 5.9374798584e+02 5.9380999756e+02
5.9254998779e+02 5.9254400635e+02 5.9254498291e+02 5.9255902100e+02 5.9256402588e+02 5.9256201172e+02 5.9257299805e+02 5.9258300781e+02 5.9257501221e+02 5.9259698486e+02 5.9260498047e+02 5.9261499023e+02 5.9263800049e+02 5.9263201904e+02 5.9264801025e+02 5.9267401123e+02 5.9269500732e+02 5.9271502686e+02 5.9274597168e+02 5.9277301025e+02 5.9279400635e+02 5.9281799316e+02 5.9285101318e+02 5.9288500977e+02 5.9290802002e+02 5.9295001221e+02 5.9299798584e+02 5.9303497314e+02 5.9306799316e+02 5.9310998535e+02 5.9316601563e+02 5.9321697998e+02 5.9327301025e+02 5.9330798340e+02 5.9335101318e+02 5.9342102051e+02 5.9348400879e+02 5.9351202393e+02 5.9354400635e+02 5.9356298828e+02 5.9358300781e+02 5.9360699463e+02 5.9364599609e+02 5.9369201660e+02 5.9373400879e+02 5.9377899170e+02
5.9252001953e+02 5.9251300049e+02 5.9251300049e+02 5.9251898193e+02 5.9251501465e+02 5.9252398682e+02 5.9253198242e+02 5.9254699707e+02 5.9254101563e+02 5.9255297852e+02 5.9256701660e+02 5.9257897949e+02 5.9259399414e+02 5.9259698486e+02 5.9262200928e+02 5.9264501953e+02 5.9265698242e+02 5.9268798828e+02 5.9271099854e+02 5.9273101807e+02 5.9276501465e+02 5.9279199219e+02 5.9282098389e+02 5.9285699463e+02 5.9288098145e+02 5.9291900635e+02 5.9295501709e+02 5.9299298096e+02 5.9303601074e+02 5.9307202148e+02 5.9312200928e+02 5.9317401123e+02 5.9322900391e+02 5.9329101563e+02 5.9334698486e+02 5.9339599609e+02 5.9346002197e+02 5.9350000000e+02 5.9353002930e+02 5.9354901123e+02 5.9358197021e+02 5.9360198975e+02 5.9364099121e+02 5.9368798828e+02 5.9371899414e+02 5.9376098633e+02
5.9249102783e+02 5.9247399902e+02 5.9246997070e+02 5.9247900391e+02 5.9247198486e+02 5.9247998047e+02 5.9248101807e+02 5.9249597168e+02 5.9250097656e+02 5.9251300049e+02 5.9253198242e+02 5.9254699707e+02 5.9255102539e+02 5.9255700684e+02 5.9259100342e+02 5.9261297607e+02 5.9262200928e+02 5.9266400146e+02 5.9268200684e+02 5.9270098877e+02 5.9273400879e+02 5.9276300049e+02 5.9279602051e+02 5.9283502197e+02 5.9285998535e+02 5.9288598633e+02 5.9291998291e+02 5.9296801758e+02 5.9301800537e+02 5.9304998779e+02 5.9308697510e+02 5.9313000488e+02 5.9317602539e+02 5.9324902344e+02 5.9333398438e+02 5.9337500000e+02 5.9341302490e+02 5.9346002197e+02 5.9350500488e+02 5.9353698730e+02 5.9357702637e+02 5.9359899902e+02 5.9362597656e+02 5.9366699219e+02 5.9370300293e+02 5.9375097656e+02
5.9246801758e+02 5.9245001221e+02 5.9243701172e+02 5.9244396973e+02 5.9244500732e+02 5.9245300293e+02 5.9244598389e+02 5.9244702148e+02 5.9246398926e+02 5.9248101807e+02 5.9249298096e+02 5.9250701904e+02 5.9252001953e+02 5.9252899170e+02 5.9256097412e+02 5.9258697510e+02 5.9259997559e+02 5.9263098145e+02 5.9264801025e+02 5.9267700195e+02 5.9271398926e+02 5.9273797607e+02 5.9277398682e+02 5.9280902100e+02 5.9283801270e+02 5.9286297607e+02 5.9289099121e+02 5.9294396973e+02 5.9298999023e+02 5.9301800537e+02 5.9305999756e+02 5.9311199951e+02 5.9316302490e+02 5.9319598389e+02 5.9327502441e+02 5.9333300781e+02 5.9336499023e+02 5.9341302490e+02 5.9346899414e+02 5.9352001953e+02 5.9357000732e+02 5.9360101318e+02 5.9361999512e+02 5.9364898682e+02 5.9368902588e+02 5.9374102783e+02
5.9244299316e+02 5.9242498779e+02 5.9241601563e+02 5.9242199707e+02 5.9241802979e+02 5.9242401123e+02 5.9241497803e+02 5.9241802979e+02 5.9244000244e+02 5.9245898438e+02 5.9246301270e+02 5.9246997070e+02 5.9249102783e+02 5.9250799561e+02 5.9252697754e+02 5.9255603027e+02 5.9257800293e+02 5.9260198975e+02 5.9261602783e+02 5.9264599609e+02 5.9268298340e+02 5.9270001221e+02 5.9272998047e+02 5.9276800537e+02 5.9281298828e+02 5.9284698486e+02 5.9287097168e+02 5.9292199707e+02 5.9296801758e+02 5.9299200439e+02 5.9302899170e+02 5.9307397461e+02 5.9311999512e+02 5.9316497803e+02 5.9321997070e+02 5.9328802490e+02 5.9333898926e+02 5.9339099121e+02 5.9344299316e+02 5.9349499512e+02 5.9354699707e+02 5.9358801270e+02 5.9361297607e+02 5.9363598633e+02 5.9367602539e+02 5.9371600342e+02
5.9242199707e+02 5.9239801025e+02 5.9238897705e+02 5.9239001465e+02 5.9238000488e+02 5.9238000488e+02 5.9238299561e+02 5.9240301514e+02 5.9240899658e+02 5.9241802979e+02 5.9242602539e+02 5.9243298340e+02 5.9245300293e+02 5.9247802734e+02 5.9249700928e+02 5.9252197266e+02 5.9254699707e+02 5.9256097412e+02 5.9258300781e+02 5.9262402344e+02 5.9265698242e+02 5.9267297363e+02 5.9270300293e+02 5.9274401855e+02 5.9278399658e+02 5.9281500244e+02 5.9284600830e+02 5.9289697266e+02 5.9293798828e+02 5.9296899414e+02 5.9300500488e+02 5.9304797363e+02 5.9309399414e+02 5.9314801025e+02 5.9319299316e+02 5.9325701904e+02 5.9331402588e+02 5.9336602783e+02 5.9341699219e+02 5.9346899414e+02 5.9352398682e+02 5.9357000732e+02 5.9360302734e+02 5.9363397217e+02 5.9366900635e+02 5.9370397949e+02
5.9239697266e+02 5.9236999512e+02 5.9236602783e+02 5.9237097168e+02 5.9235198975e+02 5.9234899902e+02 5.9234899902e+02 5.9236602783e+02 5.9236999512e+02 5.9237500000e+02 5.9239501953e+02 5.9240698242e+02 5.9241900635e+02 5.9244396973e+02 5.9246899414e+02 5.9249298096e+02 5.9251599121e+02 5.9253002930e+02 5.9255798340e+02 5.9260198975e+02 5.9262701416e+02 5.9264697266e+02 5.9267797852e+02 5.9271697998e+02 5.9275000000e+02 5.9278302002e+02 5.9282397461e+02 5.9287701416e+02 5.9290899658e+02 5.9294000244e+02 5.9297900391e+02 5.9303002930e+02 5.9308001709e+02 5.9313397217e+02 5.9317700195e+02 5.9323101807e+02 5.9328698730e+02 5.9334100342e+02 5.9339300537e+02 5.9344396973e+02 5.9350097656e+02 5.9354998779e+02 5.9359301758e+02 5.9363500977e+02 5.9366998291e+02 5.9370397949e+02
5.9236901855e+02 5.9234301758e+02 5.9233801270e+02 5.9233801270e+02 5.9232501221e+02 5.9232501221e+02 5.9232098389e+02 5.9232897949e+02 5.9233300781e+02 5.9234497070e+02 5.9236999512e+02 5.9238299561e+02 5.9238800049e+02 5.9241101074e+02 5.9243597412e+02 5.9246002197e+02 5.9248101807e+02 5.9249499512e+02 5.9252197266e+02 5.9257000732e+02 5.9260900879e+02 5.9262597656e+02 5.9264898682e+02 5.9268200684e+02 5.9271899414e+02 5.9275799561e+02 5.9280102539e+02 5.9284899902e+02 5.9289398193e+02 5.9291699219e+02 5.9296398926e+02 5.9302197266e+02 5.9306201172e+02 5.9311297607e+02 5.9316101074e+02 5.9321002197e+02 5.9326300049e+02 5.9331500244e+02 5.9336499023e+02 5.9341400146e+02 5.9346197510e+02 5.9351702881e+02 5.9356298828e+02 5.9360797119e+02 5.9365600586e+02 5.9369396973e+02
5.9235198975e+02 5.9233502197e+02 5.9233001709e+02 5.9232598877e+02 5.9230798340e+02 5.9229998779e+02 5.9231097412e+02 5.9231597900e+02 5.9231896973e+02 5.9233099365e+02 5.9234497070e+02 5.9235601807e+02 5.9236700439e+02 5.9238598633e+02 5.9240600586e+02 5.9242498779e+02 5.9244097900e+02 5.9246398926e+02 5.9249401855e+02 5.9253997803e+02 5.9258398438e+02 5.9260601807e+02 5.9263098145e+02 5.9267199707e+02 5.9269799805e+02 5.9273498535e+02 5.9278698730e+02 5.9282800293e+02 5.9286401367e+02 5.9289898682e+02 5.9294702148e+02 5.9299798584e+02 5.9303302002e+02 5.9309698486e+02 5.9314898682e+02 5.9319500732e+02 5.9325000000e+02 5.9330200195e+02 5.9334100342e+02 5.9337500000e+02 5.9341802979e+02 5.9347698975e+02 5.9353399658e+02 5.9358502197e+02 5.9362701416e+02 5.9367199707e+02
5.9231597900e+02 5.9231201172e+02 5.9231799316e+02 5.9231500244e+02 5.9228997803e+02 5.9227899170e+02 5.9229901123e+02 5.9229797363e+02 5.9229699707e+02 5.9231097412e+02 5.9232397461e+02 5.9233398438e+02 5.9234698486e+02 5.9236700439e+02 5.9237799072e+02 5.9238897705e+02 5.9240002441e+02 5.9244000244e+02 5.9246801758e+02 5.9250799561e+02 5.9255798340e+02 5.9257897949e+02 5.9261499023e+02 5.9266198730e+02 5.9268902588e+02 5.9272100830e+02 5.9276898193e+02 5.9281597900e+02 5.9284497070e+02 5.9287799072e+02 5.9292700195e+02 5.9297998047e+02 5.9302001953e+02 5.9307800293e+02 5.9313000488e+02 5.9317498779e+02 5.9322399902e+02 5.9328601074e+02 5.9333001709e+02 5.9335699463e+02 5.9339300537e+02 5.9344396973e+02 5.9350402832e+02 5.9355999756e+02 5.9359197998e+02 5.9363397217e+02
5.9227697754e+02 5.9228698730e+02 5.9230603027e+02 5.9229998779e+02 5.9227398682e+02 5.9226202393e+02 5.9228399658e+02 5.9228100586e+02 5.9227398682e+02 5.9228698730e+02 5.9230200195e+02 5.9230999756e+02 5.9232000732e+02 5.9233197021e+02 5.9234100342e+02 5.9235601807e+02 5.9236999512e+02 5.9241497803e+02 5.9244299316e+02 5.9247998047e+02 5.9252697754e+02 5.9254699707e+02 5.9259197998e+02 5.9264300537e+02 5.9267999268e+02 5.9270599365e+02 5.9274298096e+02 5.9279400635e+02 5.9282702637e+02 5.9285400391e+02 5.9289697266e+02 5.9295898438e+02 5.9301098633e+02 5.9305603027e+02 5.9310797119e+02 5.9315502930e+02 5.9319201660e+02 5.9325500488e+02 5.9330798340e+02 5.9333697510e+02 5.9337097168e+02 5.9341198730e+02 5.9347100830e+02 5.9352899170e+02 5.9357098389e+02 5.9360998535e+02
