TESTSERVER/11/13.asc
NCOLS 100
NROWS 100
XLLCORNER 8.0497500000e+03
YLLCORNER 2.8930025000e+05
CELLSIZE 5.0000000000e-01
NODATA_VALUE -9.9990000000e+03
[rows 60 to 79 of 100, columns 0 to 45 of 100]
5.7994598389e+02 5.8013397217e+02 5.8030902100e+02 5.8045697021e+02 5.8061499023e+02 5.8077502441e+02 5.8091802979e+02 5.8107800293e+02 5.8128198242e+02 5.8140301514e+02 5.8153198242e+02 5.8168103027e+02 5.8187402344e+02 5.8197900391e+02 5.8211901855e+02 5.8225500488e+02 5.8236401367e+02 5.8252899170e+02 5.8270800781e+02 5.8286901855e+02 5.8301300049e+02 5.8321398926e+02 5.8340301514e+02 5.8353601074e+02 5.8367297363e+02 5.8390502930e+02 5.8413702393e+02 5.8433599854e+02 5.8450799561e+02 5.8472399902e+02 5.8492999268e+02 5.8512402344e+02 5.8532501221e+02 5.8553002930e+02 5.8567297363e+02 5.8583801270e+02 5.8608398438e+02 5.8624597168e+02 5.8637902832e+02 5.8650000000e+02 5.8665802002e+02 5.8675097656e+02 5.8684002686e+02 5.8692297363e+02 5.8696197510e+02 5.8696997070e+02
5.7973199463e+02 5.7991802979e+02 5.8006597900e+02 5.8022100830e+02 5.8043402100e+02 5.8058197021e+02 5.8071600342e+02 5.8087402344e+02 5.8106896973e+02 5.8121600342e+02 5.8134600830e+02 5.8147998047e+02 5.8163098145e+02 5.8175799561e+02 5.8190197754e+02 5.8205999756e+02 5.8218103027e+02 5.8229101563e+02 5.8245898438e+02 5.8264801025e+02 5.8282000732e+02 5.8299102783e+02 5.8316198730e+02 5.8329797363e+02 5.8345599365e+02 5.8371997070e+02 5.8396099854e+02 5.8415197754e+02 5.8433801270e+02 5.8455902100e+02 5.8473498535e+02 5.8491900635e+02 5.8513299561e+02 5.8533197021e+02 5.8549298096e+02 5.8564599609e+02 5.8586999512e+02 5.8607598877e+02 5.8622601318e+02 5.8632800293e+02 5.8647900391e+02 5.8659197998e+02 5.8669799805e+02 5.8681097412e+02 5.8684100342e+02 5.8686999512e+02
5.7950500488e+02 5.7965802002e+02 5.7982000732e+02 5.8000402832e+02 5.8024700928e+02 5.8037500000e+02 5.8051501465e+02 5.8069201660e+02 5.8086999512e+02 5.8101599121e+02 5.8115600586e+02 5.8127697754e+02 5.8138299561e+02 5.8150000000e+02 5.8165899658e+02 5.8183697510e+02 5.8196197510e+02 5.8207397461e+02 5.8223999023e+02 5.8242901611e+02 5.8260400391e+02 5.8276898193e+02 5.8292999268e+02 5.8310400391e+02 5.8326202393e+02 5.8349700928e+02 5.8374499512e+02 5.8395800781e+02 5.8419299316e+02 5.8441699219e+02 5.8456201172e+02 5.8475097656e+02 5.8495202637e+02 5.8514501953e+02 5.8533801270e+02 5.8548797607e+02 5.8565502930e+02 5.8585601807e+02 5.8602697754e+02 5.8613000488e+02 5.8625897217e+02 5.8637200928e+02 5.8647998047e+02 5.8661901855e+02 5.8669799805e+02 5.8675201416e+02
5.7929797363e+02 5.7946002197e+02 5.7962902832e+02 5.7981298828e+02 5.8004797363e+02 5.8017297363e+02 5.8031097412e+02 5.8049401855e+02 5.8067999268e+02 5.8082202148e+02 5.8097100830e+02 5.8110998535e+02 5.8120397949e+02 5.8128198242e+02 5.8144097900e+02 5.8163397217e+02 5.8176397705e+02 5.8191198730e+02 5.8208697510e+02 5.8223901367e+02 5.8238897705e+02 5.8258697510e+02 5.8273699951e+02 5.8290802002e+02 5.8308599854e+02 5.8330798340e+02 5.8353601074e+02 5.8374499512e+02 5.8399499512e+02 5.8422100830e+02 5.8436798096e+02 5.8456597900e+02 5.8474597168e+02 5.8490301514e+02 5.8509899902e+02 5.8526898193e+02 5.8543701172e+02 5.8560498047e+02 5.8578802490e+02 5.8591400146e+02 5.8604199219e+02 5.8617199707e+02 5.8629498291e+02 5.8644799805e+02 5.8655700684e+02 5.8665100098e+02
5.7909698486e+02 5.7927502441e+02 5.7943499756e+02 5.7959698486e+02 5.7980200195e+02 5.7998699951e+02 5.8011700439e+02 5.8026599121e+02 5.8044598389e+02 5.8059802246e+02 5.8074597168e+02 5.8090502930e+02 5.8107000732e+02 5.8112597656e+02 5.8125201416e+02 5.8143402100e+02 5.8158697510e+02 5.8176501465e+02 5.8194598389e+02 5.8206896973e+02 5.8218597412e+02 5.8237902832e+02 5.8255200195e+02 5.8272900391e+02 5.8290301514e+02 5.8312799072e+02 5.8334197998e+02 5.8354699707e+02 5.8376000977e+02 5.8397802734e+02 5.8413800049e+02 5.8432397461e+02 5.8453900146e+02 5.8467498779e+02 5.8483398438e+02 5.8502600098e+02 5.8523297119e+02 5.8535900879e+02 5.8553302002e+02 5.8570001221e+02 5.8586297607e+02 5.8601300049e+02 5.8616198730e+02 5.8630102539e+02 5.8638201904e+02 5.8650000000e+02
5.7888897705e+02 5.7903698730e+02 5.7919500732e+02 5.7937097168e+02 5.7958898926e+02 5.7976397705e+02 5.7991998291e+02 5.8006298828e+02 5.8022198486e+02 5.8033898926e+02 5.8048199463e+02 5.8065997314e+02 5.8086602783e+02 5.8094702148e+02 5.8105603027e+02 5.8123400879e+02 5.8138500977e+02 5.8156896973e+02 5.8177801514e+02 5.8192901611e+02 5.8202600098e+02 5.8219097900e+02 5.8240698242e+02 5.8260601807e+02 5.8274499512e+02 5.8294396973e+02 5.8314697266e+02 5.8335302734e+02 5.8355798340e+02 5.8378302002e+02 5.8394897461e+02 5.8412701416e+02 5.8434002686e+02 5.8449597168e+02 5.8464099121e+02 5.8482000732e+02 5.8499499512e+02 5.8515502930e+02 5.8533197021e+02 5.8550598145e+02 5.8566699219e+02 5.8579199219e+02 5.8594097900e+02 5.8609698486e+02 5.8617999268e+02 5.8633001709e+02
5.7865100098e+02 5.7877099609e+02 5.7894000244e+02 5.7914202881e+02 5.7937799072e+02 5.7954199219e+02 5.7970098877e+02 5.7985198975e+02 5.8001098633e+02 5.8013598633e+02 5.8028497314e+02 5.8044500732e+02 5.8060198975e+02 5.8072399902e+02 5.8086297607e+02 5.8105902100e+02 5.8121197510e+02 5.8135900879e+02 5.8153497314e+02 5.8171099854e+02 5.8185699463e+02 5.8202099609e+02 5.8221502686e+02 5.8241998291e+02 5.8257299805e+02 5.8275701904e+02 5.8295697021e+02 5.8314801025e+02 5.8333197021e+02 5.8354797363e+02 5.8370501709e+02 5.8388299561e+02 5.8409899902e+02 5.8426000977e+02 5.8439599609e+02 5.8455999756e+02 5.8473400879e+02 5.8490600586e+02 5.8509100342e+02 5.8528002930e+02 5.8546801758e+02 5.8558502197e+02 5.8571197510e+02 5.8588098145e+02 5.8598602295e+02 5.8611499023e+02
5.7841998291e+02 5.7853601074e+02 5.7870300293e+02 5.7890301514e+02 5.7913897705e+02 5.7931597900e+02 5.7946801758e+02 5.7961999512e+02 5.7977899170e+02 5.7993103027e+02 5.8010498047e+02 5.8025299072e+02 5.8036798096e+02 5.8053302002e+02 5.8069000244e+02 5.8087701416e+02 5.8102398682e+02 5.8114697266e+02 5.8128002930e+02 5.8146600342e+02 5.8165802002e+02 5.8183197021e+02 5.8200799561e+02 5.8223498535e+02 5.8242602539e+02 5.8258197021e+02 5.8275201416e+02 5.8292199707e+02 5.8309997559e+02 5.8330200195e+02 5.8345300293e+02 5.8361602783e+02 5.8384399414e+02 5.8402502441e+02 5.8417901611e+02 5.8434600830e+02 5.8452099609e+02 5.8469299316e+02 5.8487500000e+02 5.8506097412e+02 5.8524902344e+02 5.8536901855e+02 5.8547198486e+02 5.8564001465e+02 5.8578601074e+02 5.8590197754e+02
5.7823400879e+02 5.7834600830e+02 5.7850500488e+02 5.7869000244e+02 5.7889801025e+02 5.7905297852e+02 5.7919897461e+02 5.7936999512e+02 5.7957299805e+02 5.7971002197e+02 5.7988000488e+02 5.8002801514e+02 5.8013098145e+02 5.8031799316e+02 5.8049798584e+02 5.8066802979e+02 5.8081298828e+02 5.8094097900e+02 5.8108898926e+02 5.8127001953e+02 5.8144396973e+02 5.8164801025e+02 5.8185498047e+02 5.8208001709e+02 5.8228900146e+02 5.8242797852e+02 5.8256597900e+02 5.8271899414e+02 5.8285699463e+02 5.8303601074e+02 5.8322100830e+02 5.8339001465e+02 5.8359100342e+02 5.8380297852e+02 5.8398901367e+02 5.8416198730e+02 5.8432598877e+02 5.8450897217e+02 5.8471197510e+02 5.8489697266e+02 5.8503900146e+02 5.8516802979e+02 5.8528002930e+02 5.8540997314e+02 5.8553497314e+02 5.8567401123e+02
5.7790899658e+02 5.7807098389e+02 5.7824499512e+02 5.7844702148e+02 5.7866802979e+02 5.7884197998e+02 5.7897399902e+02 5.7914099121e+02 5.7935198975e+02 5.7949499512e+02 5.7963098145e+02 5.7980297852e+02 5.7999700928e+02 5.8013397217e+02 5.8028198242e+02 5.8043597412e+02 5.8058502197e+02 5.8071600342e+02 5.8088397217e+02 5.8107000732e+02 5.8125201416e+02 5.8142602539e+02 5.8165197754e+02 5.8187200928e+02 5.8207897949e+02 5.8224401855e+02 5.8239300537e+02 5.8253802490e+02 5.8265600586e+02 5.8281402588e+02 5.8297302246e+02 5.8311901855e+02 5.8330297852e+02 5.8351702881e+02 5.8372497559e+02 5.8391998291e+02 5.8411901855e+02 5.8427899170e+02 5.8448297119e+02 5.8468103027e+02 5.8480798340e+02 5.8496398926e+02 5.8510998535e+02 5.8522998047e+02 5.8532098389e+02 5.8544500732e+02
5.7760900879e+02 5.7779498291e+02 5.7799200439e+02 5.7819799805e+02 5.7842901611e+02 5.7862298584e+02 5.7877398682e+02 5.7895001221e+02 5.7913702393e+02 5.7929101563e+02 5.7938800049e+02 5.7951000977e+02 5.7975500488e+02 5.7990600586e+02 5.8005603027e+02 5.8021398926e+02 5.8036700439e+02 5.8053198242e+02 5.8070300293e+02 5.8085998535e+02 5.8103802490e+02 5.8122100830e+02 5.8145202637e+02 5.8164599609e+02 5.8183599854e+02 5.8199499512e+02 5.8215600586e+02 5.8231298828e+02 5.8246301270e+02 5.8266302490e+02 5.8279998779e+02 5.8290502930e+02 5.8307397461e+02 5.8326898193e+02 5.8346197510e+02 5.8365197754e+02 5.8386199951e+02 5.8403100586e+02 5.8421099854e+02 5.8440100098e+02 5.8454998779e+02 5.8473901367e+02 5.8488897705e+02 5.8500000000e+02 5.8509802246e+02 5.8523199463e+02
5.7733001709e+02 5.7754797363e+02 5.7775701904e+02 5.7795599365e+02 5.7817199707e+02 5.7835699463e+02 5.7851599121e+02 5.7870001221e+02 5.7890899658e+02 5.7916101074e+02 5.7926800537e+02 5.7929797363e+02 5.7948498535e+02 5.7963800049e+02 5.7981597900e+02 5.7999200439e+02 5.8014099121e+02 5.8033502197e+02 5.8051397705e+02 5.8064697266e+02 5.8082501221e+02 5.8105902100e+02 5.8126397705e+02 5.8143701172e+02 5.8162097168e+02 5.8177502441e+02 5.8195202637e+02 5.8211297607e+02 5.8223999023e+02 5.8242199707e+02 5.8259002686e+02 5.8272497559e+02 5.8288897705e+02 5.8304101563e+02 5.8321301270e+02 5.8339202881e+02 5.8358197021e+02 5.8376300049e+02 5.8394000244e+02 5.8413000488e+02 5.8428698730e+02 5.8448797607e+02 5.8464398193e+02 5.8476098633e+02 5.8487402344e+02 5.8502197266e+02
5.7705700684e+02 5.7728002930e+02 5.7750799561e+02 5.7771697998e+02 5.7794500732e+02 5.7810302734e+02 5.7827502441e+02 5.7845501709e+02 5.7865600586e+02 5.7890002441e+02 5.7906402588e+02 5.7910699463e+02 5.7925701904e+02 5.7938800049e+02 5.7956896973e+02 5.7974597168e+02 5.7989099121e+02 5.8008599854e+02 5.8026098633e+02 5.8040197754e+02 5.8057897949e+02 5.8085498047e+02 5.8105297852e+02 5.8124102783e+02 5.8140197754e+02 5.8152899170e+02 5.8171197510e+02 5.8188000488e+02 5.8200598145e+02 5.8212902832e+02 5.8231298828e+02 5.8249499512e+02 5.8266998291e+02 5.8280798340e+02 5.8298297119e+02 5.8316998291e+02 5.8334600830e+02 5.8352301025e+02 5.8370001221e+02 5.8390100098e+02 5.8405902100e+02 5.8423999023e+02 5.8440399170e+02 5.8453698730e+02 5.8465802002e+02 5.8482000732e+02
5.7690600586e+02 5.7708398438e+02 5.7727697754e+02 5.7746398926e+02 5.7767602539e+02 5.7788299561e+02 5.7807397461e+02 5.7823797607e+02 5.7839202881e+02 5.7858099365e+02 5.7873797607e+02 5.7882202148e+02 5.7901098633e+02 5.7916198730e+02 5.7932897949e+02 5.7944201660e+02 5.7958197021e+02 5.7983502197e+02 5.8004998779e+02 5.8024401855e+02 5.8043298340e+02 5.8065002441e+02 5.8083898926e+02 5.8103698730e+02 5.8120098877e+02 5.8131298828e+02 5.8147302246e+02 5.8161401367e+02 5.8176702881e+02 5.8194097900e+02 5.8211102295e+02 5.8225799561e+02 5.8241998291e+02 5.8257098389e+02 5.8273999023e+02 5.8292401123e+02 5.8311499023e+02 5.8332397461e+02 5.8350402832e+02 5.8371301270e+02 5.8389898682e+02 5.8405700684e+02 5.8417797852e+02 5.8429901123e+02 5.8444500732e+02 5.8460699463e+02
5.7673602295e+02 5.7689697266e+02 5.7704901123e+02 5.7721502686e+02 5.7742797852e+02 5.7765197754e+02 5.7782000732e+02 5.7794702148e+02 5.7808197021e+02 5.7825299072e+02 5.7840600586e+02 5.7853002930e+02 5.7876300049e+02 5.7892498779e+02 5.7909600830e+02 5.7921899414e+02 5.7936102295e+02 5.7957897949e+02 5.7976599121e+02 5.7998999023e+02 5.8021099854e+02 5.8042297363e+02 5.8060198975e+02 5.8077899170e+02 5.8095098877e+02 5.8111199951e+02 5.8128100586e+02 5.8140002441e+02 5.8152697754e+02 5.8173498535e+02 5.8190802002e+02 5.8203198242e+02 5.8218200684e+02 5.8235302734e+02 5.8251501465e+02 5.8268701172e+02 5.8286901855e+02 5.8305102539e+02 5.8324102783e+02 5.8349798584e+02 5.8376599121e+02 5.8390997314e+02 5.8397497559e+02 5.8407000732e+02 5.8423901367e+02 5.8439898682e+02
5.7650799561e+02 5.7666101074e+02 5.7680700684e+02 5.7697302246e+02 5.7716302490e+02 5.7736700439e+02 5.7752099609e+02 5.7764898682e+02 5.7781097412e+02 5.7800097656e+02 5.7815100098e+02 5.7827001953e+02 5.7845202637e+02 5.7863299561e+02 5.7884899902e+02 5.7901800537e+02 5.7917901611e+02 5.7934497070e+02 5.7950701904e+02 5.7973699951e+02 5.7996002197e+02 5.8018103027e+02 5.8037298584e+02 5.8055603027e+02 5.8072497559e+02 5.8089099121e+02 5.8107202148e+02 5.8122601318e+02 5.8133697510e+02 5.8151599121e+02 5.8167700195e+02 5.8180401611e+02 5.8196697998e+02 5.8215399170e+02 5.8230401611e+02 5.8245501709e+02 5.8262902832e+02 5.8277899170e+02 5.8296301270e+02 5.8322698975e+02 5.8351599121e+02 5.8367999268e+02 5.8375897217e+02 5.8386102295e+02 5.8403698730e+02 5.8421398926e+02
5.7631799316e+02 5.7644702148e+02 5.7659802246e+02 5.7675897217e+02 5.7690802002e+02 5.7709600830e+02 5.7727502441e+02 5.7744396973e+02 5.7765100098e+02 5.7785198975e+02 5.7798498535e+02 5.7808001709e+02 5.7817602539e+02 5.7839801025e+02 5.7863500977e+02 5.7881500244e+02 5.7901202393e+02 5.7917602539e+02 5.7934899902e+02 5.7955499268e+02 5.7976898193e+02 5.7992999268e+02 5.8010601807e+02 5.8031701660e+02 5.8050000000e+02 5.8066198730e+02 5.8083502197e+02 5.8100299072e+02 5.8112902832e+02 5.8127001953e+02 5.8142602539e+02 5.8159100342e+02 5.8174700928e+02 5.8192297363e+02 5.8207397461e+02 5.8221697998e+02 5.8238000488e+02 5.8256896973e+02 5.8272802734e+02 5.8293597412e+02 5.8315100098e+02 5.8335198975e+02 5.8350598145e+02 5.8363397217e+02 5.8378198242e+02 5.8396997070e+02
5.7604302979e+02 5.7623101807e+02 5.7637902832e+02 5.7650598145e+02 5.7665899658e+02 5.7684197998e+02 5.7703900146e+02 5.7723797607e+02 5.7745898438e+02 5.7763800049e+02 5.7774499512e+02 5.7789398193e+02 5.7803997803e+02 5.7823400879e+02 5.7841198730e+02 5.7857397461e+02 5.7878100586e+02 5.7890100098e+02 5.7908599854e+02 5.7930102539e+02 5.7951800537e+02 5.7969598389e+02 5.7988500977e+02 5.8009698486e+02 5.8025598145e+02 5.8039898682e+02 5.8055999756e+02 5.8071997070e+02 5.8091198730e+02 5.8108001709e+02 5.8122802734e+02 5.8139099121e+02 5.8154602051e+02 5.8170098877e+02 5.8186999512e+02 5.8202001953e+02 5.8215002441e+02 5.8231799316e+02 5.8247698975e+02 5.8267199707e+02 5.8286401367e+02 5.8307598877e+02 5.8325897217e+02 5.8339801025e+02 5.8353997803e+02 5.8371801758e+02
5.7574200439e+02 5.7597399902e+02 5.7615301514e+02 5.7627099609e+02 5.7642199707e+02 5.7662701416e+02 5.7682397461e+02 5.7700799561e+02 5.7722399902e+02 5.7738800049e+02 5.7750201416e+02 5.7768298340e+02 5.7786102295e+02 5.7803302002e+02 5.7818402100e+02 5.7835900879e+02 5.7856799316e+02 5.7867498779e+02 5.7888000488e+02 5.7910198975e+02 5.7931097412e+02 5.7952001953e+02 5.7967199707e+02 5.7983801270e+02 5.8000701904e+02 5.8014099121e+02 5.8028802490e+02 5.8046801758e+02 5.8068103027e+02 5.8085400391e+02 5.8101098633e+02 5.8118402100e+02 5.8135198975e+02 5.8151300049e+02 5.8168701172e+02 5.8183398438e+02 5.8194598389e+02 5.8210101318e+02 5.8227697754e+02 5.8246099854e+02 5.8261700439e+02 5.8281402588e+02 5.8302001953e+02 5.8317602539e+02 5.8332098389e+02 5.8351202393e+02
5.7554699707e+02 5.7573999023e+02 5.7592297363e+02 5.7606201172e+02 5.7622198486e+02 5.7645202637e+02 5.7664599609e+02 5.7680798340e+02 5.7700201416e+02 5.7716802979e+02 5.7727697754e+02 5.7744702148e+02 5.7762799072e+02 5.7779797363e+02 5.7795898438e+02 5.7815698242e+02 5.7835900879e+02 5.7846697998e+02 5.7867102051e+02 5.7887799072e+02 5.7904602051e+02 5.7928601074e+02 5.7945697021e+02 5.7960400391e+02 5.7976599121e+02 5.7989898682e+02 5.8007098389e+02 5.8026300049e+02 5.8042102051e+02 5.8060998535e+02 5.8080499268e+02 5.8099902344e+02 5.8116497803e+02 5.8135101318e+02 5.8150201416e+02 5.8161401367e+02 5.8176000977e+02 5.8192199707e+02 5.8208697510e+02 5.8225299072e+02 5.8241497803e+02 5.8259100342e+02 5.8278302002e+02 5.8295001221e+02 5.8310400391e+02 5.8329101563e+02
