TESTSERVER/11/13.asc
NCOLS 100
NROWS 100
XLLCORNER 8.0497500000e+03
YLLCORNER 2.8930025000e+05
CELLSIZE 5.0000000000e-01
NODATA_VALUE -9.9990000000e+03
[rows 20 to 39 of 100, columns 0 to 45 of 100]
5.8799798584e+02 5.8818902588e+02 5.8835601807e+02 5.8855200195e+02 5.8873797607e+02 5.8891400146e+02 5.8906201172e+02 5.8919201660e+02 5.8930200195e+02 5.8938397217e+02 5.8944799805e+02 5.8947198486e+02 5.8948199463e+02 5.8949902344e+02 5.8951397705e+02 5.8952600098e+02 5.8954699707e+02 5.8956500244e+02 5.8956097412e+02 5.8959197998e+02 5.8959997559e+02 5.8959802246e+02 5.8960998535e+02 5.8961901855e+02 5.8960400391e+02 5.8961102295e+02 5.8963000488e+02 5.8963098145e+02 5.8961700439e+02 5.8960498047e+02 5.8959899902e+02 5.8960998535e+02 5.8963098145e+02 5.8963800049e+02 5.8964599609e+02 5.8965002441e+02 5.8965197754e+02 5.8966101074e+02 5.8966101074e+02 5.8967199707e+02 5.8970001221e+02 5.8972198486e+02 5.8972497559e+02 5.8973602295e+02 5.8975299072e+02 5.8976098633e+02
5.8777197266e+02 5.8795800781e+02 5.8812701416e+02 5.8835302734e+02 5.8858898926e+02 5.8881201172e+02 5.8896301270e+02 5.8907397461e+02 5.8918103027e+02 5.8928198242e+02 5.8937200928e+02 5.8944097900e+02 5.8947497559e+02 5.8944299316e+02 5.8944299316e+02 5.8946899414e+02 5.8950000000e+02 5.8951599121e+02 5.8951599121e+02 5.8953601074e+02 5.8954699707e+02 5.8955297852e+02 5.8956298828e+02 5.8957397461e+02 5.8957098389e+02 5.8957202148e+02 5.8956701660e+02 5.8956298828e+02 5.8956896973e+02 5.8957098389e+02 5.8957397461e+02 5.8958300781e+02 5.8958300781e+02 5.8959100342e+02 5.8960198975e+02 5.8959997559e+02 5.8960101318e+02 5.8962298584e+02 5.8962799072e+02 5.8962298584e+02 5.8963299561e+02 5.8965899658e+02 5.8967797852e+02 5.8968402100e+02 5.8969201660e+02 5.8970098877e+02
5.8752398682e+02 5.8773602295e+02 5.8790997314e+02 5.8813897705e+02 5.8838800049e+02 5.8864099121e+02 5.8883599854e+02 5.8896099854e+02 5.8908898926e+02 5.8921801758e+02 5.8930297852e+02 5.8936199951e+02 5.8940100098e+02 5.8938800049e+02 5.8939697266e+02 5.8942102051e+02 5.8945898438e+02 5.8947399902e+02 5.8947399902e+02 5.8948999023e+02 5.8949700928e+02 5.8951300049e+02 5.8952197266e+02 5.8952697754e+02 5.8952697754e+02 5.8952899170e+02 5.8952502441e+02 5.8952099609e+02 5.8952502441e+02 5.8952899170e+02 5.8953601074e+02 5.8954602051e+02 5.8953601074e+02 5.8953100586e+02 5.8954998779e+02 5.8955603027e+02 5.8954498291e+02 5.8957000732e+02 5.8957800293e+02 5.8957299805e+02 5.8957397461e+02 5.8958801270e+02 5.8961999512e+02 5.8963201904e+02 5.8963800049e+02 5.8964599609e+02
5.8728497314e+02 5.8750000000e+02 5.8771301270e+02 5.8796301270e+02 5.8821197510e+02 5.8845697021e+02 5.8868298340e+02 5.8883300781e+02 5.8900598145e+02 5.8917797852e+02 5.8925897217e+02 5.8928497314e+02 5.8930700684e+02 5.8934600830e+02 5.8938000488e+02 5.8939202881e+02 5.8940802002e+02 5.8942199707e+02 5.8942401123e+02 5.8945397949e+02 5.8945599365e+02 5.8945501709e+02 5.8946801758e+02 5.8948498535e+02 5.8947998047e+02 5.8948101807e+02 5.8949200439e+02 5.8949401855e+02 5.8947900391e+02 5.8947198486e+02 5.8947998047e+02 5.8949700928e+02 5.8950000000e+02 5.8948101807e+02 5.8949597168e+02 5.8950598145e+02 5.8948999023e+02 5.8951300049e+02 5.8952801514e+02 5.8953198242e+02 5.8954400635e+02 5.8953698730e+02 5.8955499268e+02 5.8958502197e+02 5.8959698486e+02 5.8959197998e+02
5.8706402588e+02 5.8728002930e+02 5.8755200195e+02 5.8783197021e+02 5.8808898926e+02 5.8830297852e+02 5.8849401855e+02 5.8865301514e+02 5.8885198975e+02 5.8905603027e+02 5.8917199707e+02 5.8921099854e+02 5.8925201416e+02 5.8929400635e+02 5.8933300781e+02 5.8935797119e+02 5.8936999512e+02 5.8938098145e+02 5.8938098145e+02 5.8940802002e+02 5.8940698242e+02 5.8940197754e+02 5.8941101074e+02 5.8944097900e+02 5.8944702148e+02 5.8942901611e+02 5.8944097900e+02 5.8944897461e+02 5.8942797852e+02 5.8942901611e+02 5.8943597412e+02 5.8945202637e+02 5.8948101807e+02 5.8945300293e+02 5.8944702148e+02 5.8945001221e+02 5.8944396973e+02 5.8945697021e+02 5.8947399902e+02 5.8949200439e+02 5.8950598145e+02 5.8950201416e+02 5.8949902344e+02 5.8953100586e+02 5.8955297852e+02 5.8953198242e+02
5.8682702637e+02 5.8705999756e+02 5.8734802246e+02 5.8763201904e+02 5.8789501953e+02 5.8812402344e+02 5.8831298828e+02 5.8849200439e+02 5.8869299316e+02 5.8889801025e+02 5.8906402588e+02 5.8914001465e+02 5.8917797852e+02 5.8922399902e+02 5.8928302002e+02 5.8932897949e+02 5.8933001709e+02 5.8933197021e+02 5.8932702637e+02 5.8934899902e+02 5.8935400391e+02 5.8937200928e+02 5.8937500000e+02 5.8938000488e+02 5.8939599609e+02 5.8939398193e+02 5.8938800049e+02 5.8939202881e+02 5.8937500000e+02 5.8938800049e+02 5.8939801025e+02 5.8939898682e+02 5.8940899658e+02 5.8940802002e+02 5.8941302490e+02 5.8941198730e+02 5.8940997314e+02 5.8942602539e+02 5.8944201660e+02 5.8945098877e+02 5.8945098877e+02 5.8946301270e+02 5.8946301270e+02 5.8946801758e+02 5.8947601318e+02 5.8947601318e+02
5.8652502441e+02 5.8679400635e+02 5.8712799072e+02 5.8742999268e+02 5.8768103027e+02 5.8791900635e+02 5.8811901855e+02 5.8830499268e+02 5.8850097656e+02 5.8873400879e+02 5.8894897461e+02 5.8906597900e+02 5.8910498047e+02 5.8913500977e+02 5.8921398926e+02 5.8928100586e+02 5.8927600098e+02 5.8928100586e+02 5.8928100586e+02 5.8929797363e+02 5.8930700684e+02 5.8932800293e+02 5.8933398438e+02 5.8932702637e+02 5.8933398438e+02 5.8935400391e+02 5.8935101318e+02 5.8934802246e+02 5.8933197021e+02 5.8934497070e+02 5.8935797119e+02 5.8935797119e+02 5.8935400391e+02 5.8935900879e+02 5.8936798096e+02 5.8936401367e+02 5.8936199951e+02 5.8937500000e+02 5.8940002441e+02 5.8941198730e+02 5.8940802002e+02 5.8941998291e+02 5.8942401123e+02 5.8942797852e+02 5.8942401123e+02 5.8942498779e+02
5.8627099609e+02 5.8656097412e+02 5.8694097900e+02 5.8727899170e+02 5.8750299072e+02 5.8768499756e+02 5.8790002441e+02 5.8810998535e+02 5.8830297852e+02 5.8857897949e+02 5.8882702637e+02 5.8896398926e+02 5.8903100586e+02 5.8905603027e+02 5.8912200928e+02 5.8918298340e+02 5.8921502686e+02 5.8924298096e+02 5.8924798584e+02 5.8925701904e+02 5.8925799561e+02 5.8926599121e+02 5.8928698730e+02 5.8929199219e+02 5.8928399658e+02 5.8929602051e+02 5.8930902100e+02 5.8930902100e+02 5.8928698730e+02 5.8929400635e+02 5.8930902100e+02 5.8931597900e+02 5.8931201172e+02 5.8930902100e+02 5.8932098389e+02 5.8932598877e+02 5.8932000732e+02 5.8931097412e+02 5.8933398438e+02 5.8935900879e+02 5.8937097168e+02 5.8936401367e+02 5.8936499023e+02 5.8938000488e+02 5.8937597656e+02 5.8937200928e+02
5.8612097168e+02 5.8638299561e+02 5.8673602295e+02 5.8711401367e+02 5.8737799072e+02 5.8745501709e+02 5.8765997314e+02 5.8790502930e+02 5.8813201904e+02 5.8843298340e+02 5.8868597412e+02 5.8882800293e+02 5.8893798828e+02 5.8899798584e+02 5.8905999756e+02 5.8910601807e+02 5.8917199707e+02 5.8918798828e+02 5.8918902588e+02 5.8922100830e+02 5.8921600342e+02 5.8921502686e+02 5.8923901367e+02 5.8926202393e+02 5.8926501465e+02 5.8924102783e+02 5.8924499512e+02 5.8925201416e+02 5.8922998047e+02 5.8924200439e+02 5.8925701904e+02 5.8926300049e+02 5.8926202393e+02 5.8925701904e+02 5.8926702881e+02 5.8928100586e+02 5.8929101563e+02 5.8927001953e+02 5.8927899170e+02 5.8930102539e+02 5.8932397461e+02 5.8930999756e+02 5.8930798340e+02 5.8932598877e+02 5.8933099365e+02 5.8933001709e+02
5.8593103027e+02 5.8617297363e+02 5.8650299072e+02 5.8690802002e+02 5.8719396973e+02 5.8729400635e+02 5.8750598145e+02 5.8773199463e+02 5.8793402100e+02 5.8820599365e+02 5.8845202637e+02 5.8862597656e+02 5.8877398682e+02 5.8888098145e+02 5.8897900391e+02 5.8904602051e+02 5.8911499023e+02 5.8913397217e+02 5.8913000488e+02 5.8915802002e+02 5.8916497803e+02 5.8917199707e+02 5.8918499756e+02 5.8919598389e+02 5.8919702148e+02 5.8919097900e+02 5.8918798828e+02 5.8919097900e+02 5.8918200684e+02 5.8919598389e+02 5.8920001221e+02 5.8920599365e+02 5.8921697998e+02 5.8921697998e+02 5.8921398926e+02 5.8922497559e+02 5.8923797607e+02 5.8922900391e+02 5.8924298096e+02 5.8925097656e+02 5.8926702881e+02 5.8926397705e+02 5.8925897217e+02 5.8927801514e+02 5.8930200195e+02 5.8929602051e+02
5.8574200439e+02 5.8595397949e+02 5.8624798584e+02 5.8661901855e+02 5.8693798828e+02 5.8715301514e+02 5.8741998291e+02 5.8765600586e+02 5.8784301758e+02 5.8803002930e+02 5.8824200439e+02 5.8846099854e+02 5.8862402344e+02 5.8877099609e+02 5.8889398193e+02 5.8897100830e+02 5.8903002930e+02 5.8905700684e+02 5.8906201172e+02 5.8908099365e+02 5.8910302734e+02 5.8912200928e+02 5.8913598633e+02 5.8913201904e+02 5.8911901855e+02 5.8913098145e+02 5.8914099121e+02 5.8914697266e+02 5.8913598633e+02 5.8914801025e+02 5.8914697266e+02 5.8915002441e+02 5.8916101074e+02 5.8917102051e+02 5.8916802979e+02 5.8916900635e+02 5.8918298340e+02 5.8918402100e+02 5.8920202637e+02 5.8921099854e+02 5.8922497559e+02 5.8923101807e+02 5.8923297119e+02 5.8923699951e+02 5.8924700928e+02 5.8924200439e+02
5.8556201172e+02 5.8576898193e+02 5.8603100586e+02 5.8633300781e+02 5.8664202881e+02 5.8694201660e+02 5.8725299072e+02 5.8752502441e+02 5.8773602295e+02 5.8787597656e+02 5.8807000732e+02 5.8832702637e+02 5.8849902344e+02 5.8863098145e+02 5.8876000977e+02 5.8886401367e+02 5.8892797852e+02 5.8897198486e+02 5.8899298096e+02 5.8902001953e+02 5.8903601074e+02 5.8905700684e+02 5.8908001709e+02 5.8908300781e+02 5.8905700684e+02 5.8905401611e+02 5.8907000732e+02 5.8907897949e+02 5.8907397461e+02 5.8909399414e+02 5.8909301758e+02 5.8909100342e+02 5.8909997559e+02 5.8911798096e+02 5.8912597656e+02 5.8912902832e+02 5.8913800049e+02 5.8913299561e+02 5.8914300537e+02 5.8915899658e+02 5.8917401123e+02 5.8918103027e+02 5.8918798828e+02 5.8918597412e+02 5.8918499756e+02 5.8918499756e+02
5.8537200928e+02 5.8559698486e+02 5.8584497070e+02 5.8608001709e+02 5.8633599854e+02 5.8660601807e+02 5.8691101074e+02 5.8720800781e+02 5.8745697021e+02 5.8767797852e+02 5.8788500977e+02 5.8813702393e+02 5.8835498047e+02 5.8848400879e+02 5.8860900879e+02 5.8873297119e+02 5.8880798340e+02 5.8887200928e+02 5.8891998291e+02 5.8897198486e+02 5.8899200439e+02 5.8895001221e+02 5.8898199463e+02 5.8901397705e+02 5.8900897217e+02 5.8899200439e+02 5.8900799561e+02 5.8902697754e+02 5.8902099609e+02 5.8902600098e+02 5.8902301025e+02 5.8903497314e+02 5.8904797363e+02 5.8905297852e+02 5.8906597900e+02 5.8908197021e+02 5.8909600830e+02 5.8908898926e+02 5.8909802246e+02 5.8911798096e+02 5.8912402344e+02 5.8911499023e+02 5.8912402344e+02 5.8913800049e+02 5.8915002441e+02 5.8914599609e+02
5.8517797852e+02 5.8544799805e+02 5.8570098877e+02 5.8590301514e+02 5.8613299561e+02 5.8639001465e+02 5.8667401123e+02 5.8695898438e+02 5.8728497314e+02 5.8755102539e+02 5.8777301025e+02 5.8797998047e+02 5.8818902588e+02 5.8835797119e+02 5.8847802734e+02 5.8857702637e+02 5.8866601563e+02 5.8874499512e+02 5.8880999756e+02 5.8885101318e+02 5.8887500000e+02 5.8887500000e+02 5.8890502930e+02 5.8893701172e+02 5.8895001221e+02 5.8895397949e+02 5.8896197510e+02 5.8895898438e+02 5.8894598389e+02 5.8897399902e+02 5.8896997070e+02 5.8896997070e+02 5.8898101807e+02 5.8900000000e+02 5.8901702881e+02 5.8903002930e+02 5.8904699707e+02 5.8904302979e+02 5.8904602051e+02 5.8905999756e+02 5.8906799316e+02 5.8907702637e+02 5.8908099365e+02 5.8908801270e+02 5.8909100342e+02 5.8909002686e+02
5.8500598145e+02 5.8529498291e+02 5.8554699707e+02 5.8572998047e+02 5.8595599365e+02 5.8623199463e+02 5.8648797607e+02 5.8677301025e+02 5.8716802979e+02 5.8747998047e+02 5.8769598389e+02 5.8783801270e+02 5.8800000000e+02 5.8818103027e+02 5.8830902100e+02 5.8841900635e+02 5.8852697754e+02 5.8859802246e+02 5.8867797852e+02 5.8874700928e+02 5.8879602051e+02 5.8882098389e+02 5.8884301758e+02 5.8886199951e+02 5.8887402344e+02 5.8888598633e+02 5.8889398193e+02 5.8889599609e+02 5.8889202881e+02 5.8891302490e+02 5.8891302490e+02 5.8890997314e+02 5.8891998291e+02 5.8894500732e+02 5.8896502686e+02 5.8897601318e+02 5.8899499512e+02 5.8898699951e+02 5.8898699951e+02 5.8899499512e+02 5.8900097656e+02 5.8901800537e+02 5.8902502441e+02 5.8903100586e+02 5.8902600098e+02 5.8903002930e+02
5.8490600586e+02 5.8514398193e+02 5.8535797119e+02 5.8553302002e+02 5.8576800537e+02 5.8602301025e+02 5.8625598145e+02 5.8654901123e+02 5.8699902344e+02 5.8738201904e+02 5.8761297607e+02 5.8770098877e+02 5.8779199219e+02 5.8795599365e+02 5.8811602783e+02 5.8827001953e+02 5.8840197754e+02 5.8847399902e+02 5.8854797363e+02 5.8862200928e+02 5.8868402100e+02 5.8872998047e+02 5.8876098633e+02 5.8878002930e+02 5.8879498291e+02 5.8880902100e+02 5.8882702637e+02 5.8883898926e+02 5.8883697510e+02 5.8884399414e+02 5.8884997559e+02 5.8885797119e+02 5.8886901855e+02 5.8888702393e+02 5.8889801025e+02 5.8890899658e+02 5.8892199707e+02 5.8891802979e+02 5.8893402100e+02 5.8895098877e+02 5.8894598389e+02 5.8894799805e+02 5.8896002197e+02 5.8897497559e+02 5.8896801758e+02 5.8898101807e+02
5.8485400391e+02 5.8500201416e+02 5.8518103027e+02 5.8537200928e+02 5.8562701416e+02 5.8580200195e+02 5.8603002930e+02 5.8634197998e+02 5.8676202393e+02 5.8715600586e+02 5.8740698242e+02 5.8751000977e+02 5.8763397217e+02 5.8775799561e+02 5.8792797852e+02 5.8809698486e+02 5.8826000977e+02 5.8837799072e+02 5.8846600342e+02 5.8853302002e+02 5.8859100342e+02 5.8862902832e+02 5.8866802979e+02 5.8869299316e+02 5.8871899414e+02 5.8871398926e+02 5.8874200439e+02 5.8877398682e+02 5.8877502441e+02 5.8877899170e+02 5.8877899170e+02 5.8879101563e+02 5.8880902100e+02 5.8881701660e+02 5.8882598877e+02 5.8883898926e+02 5.8884497070e+02 5.8884802246e+02 5.8886602783e+02 5.8888800049e+02 5.8889202881e+02 5.8889300537e+02 5.8890399170e+02 5.8891900635e+02 5.8891601563e+02 5.8892999268e+02
5.8464099121e+02 5.8480102539e+02 5.8499499512e+02 5.8520501709e+02 5.8543701172e+02 5.8561999512e+02 5.8584002686e+02 5.8608801270e+02 5.8644897461e+02 5.8686700439e+02 5.8713800049e+02 5.8724597168e+02 5.8739001465e+02 5.8755999756e+02 5.8772601318e+02 5.8788201904e+02 5.8806799316e+02 5.8825097656e+02 5.8836602783e+02 5.8841302490e+02 5.8848400879e+02 5.8856799316e+02 5.8860699463e+02 5.8862500000e+02 5.8863897705e+02 5.8864398193e+02 5.8865698242e+02 5.8867999268e+02 5.8868701172e+02 5.8870800781e+02 5.8871997070e+02 5.8872802734e+02 5.8874200439e+02 5.8874700928e+02 5.8875097656e+02 5.8876300049e+02 5.8877600098e+02 5.8878997803e+02 5.8880999756e+02 5.8882897949e+02 5.8884399414e+02 5.8884899902e+02 5.8885797119e+02 5.8887597656e+02 5.8888098145e+02 5.8887902832e+02
5.8441198730e+02 5.8459497070e+02 5.8480200195e+02 5.8501501465e+02 5.8524700928e+02 5.8544897461e+02 5.8567602539e+02 5.8586999512e+02 5.8613500977e+02 5.8649499512e+02 5.8681799316e+02 5.8700299072e+02 5.8714300537e+02 5.8732098389e+02 5.8749902344e+02 5.8768701172e+02 5.8787902832e+02 5.8803497314e+02 5.8816497803e+02 5.8824499512e+02 5.8833398438e+02 5.8844299316e+02 5.8849597168e+02 5.8851800537e+02 5.8855102539e+02 5.8858697510e+02 5.8859197998e+02 5.8859301758e+02 5.8860198975e+02 5.8863397217e+02 5.8865399170e+02 5.8866302490e+02 5.8866601563e+02 5.8867102051e+02 5.8867999268e+02 5.8869299316e+02 5.8870397949e+02 5.8871997070e+02 5.8874700928e+02 5.8876202393e+02 5.8878601074e+02 5.8879602051e+02 5.8880603027e+02 5.8882598877e+02 5.8883502197e+02 5.8883300781e+02
5.8421002197e+02 5.8443798828e+02 5.8464099121e+02 5.8482501221e+02 5.8505603027e+02 5.8527398682e+02 5.8550598145e+02 5.8568298340e+02 5.8587500000e+02 5.8609802246e+02 5.8639898682e+02 5.8666802979e+02 5.8688397217e+02 5.8708398438e+02 5.8727502441e+02 5.8748400879e+02 5.8768298340e+02 5.8783502197e+02 5.8798602295e+02 5.8809301758e+02 5.8817297363e+02 5.8829699707e+02 5.8837500000e+02 5.8841198730e+02 5.8844897461e+02 5.8850000000e+02 5.8852899170e+02 5.8853002930e+02 5.8852899170e+02 5.8855297852e+02 5.8856597900e+02 5.8857299805e+02 5.8858300781e+02 5.8859197998e+02 5.8860198975e+02 5.8862097168e+02 5.8863702393e+02 5.8864697266e+02 5.8867199707e+02 5.8868798828e+02 5.8871197510e+02 5.8873199463e+02 5.8874597168e+02 5.8876300049e+02 5.8877502441e+02 5.8878497314e+02
