TESTSERVER/11/14.asc
NCOLS 100
NROWS 100
XLLCORNER 8.0497500000e+03
YLLCORNER 2.8925025000e+05
CELLSIZE 5.0000000000e-01
NODATA_VALUE -9.9990000000e+03
[rows 40 to 59 of 100, columns 46 to 91 of 100]
5.7022399902e+02 5.7038500977e+02 5.7053100586e+02 5.7075201416e+02 5.7096301270e+02 5.7115100098e+02 5.7136999512e+02 5.7157598877e+02 5.7175701904e+02 5.7199298096e+02 5.7225201416e+02 5.7246197510e+02 5.7260797119e+02 5.7278698730e+02 5.7302600098e+02 5.7322497559e+02 5.7342602539e+02 5.7366900635e+02 5.7392401123e+02 5.7416900635e+02 5.7439801025e+02 5.7460400391e+02 5.7483197021e+02 5.7505902100e+02 5.7531701660e+02 5.7555102539e+02 5.7573699951e+02 5.7592401123e+02 5.7614501953e+02 5.7640301514e+02 5.7671697998e+02 5.7696899414e+02 5.7718902588e+02 5.7743597412e+02 5.7770001221e+02 5.7786297607e+02 5.7806298828e+02 5.7834600830e+02 5.7853802490e+02 5.7863800049e+02 5.7879302979e+02 5.7899102783e+02 5.7917999268e+02 5.7929901123e+02 5.7949102783e+02 5.7974499512e+02
5.7002197266e+02 5.7019396973e+02 5.7033197021e+02 5.7052697754e+02 5.7073498535e+02 5.7091101074e+02 5.7111297607e+02 5.7134698486e+02 5.7156201172e+02 5.7180297852e+02 5.7204602051e+02 5.7222497559e+02 5.7238702393e+02 5.7257299805e+02 5.7279998779e+02 5.7300701904e+02 5.7321002197e+02 5.7344702148e+02 5.7370300293e+02 5.7395098877e+02 5.7421697998e+02 5.7446899414e+02 5.7469500732e+02 5.7489501953e+02 5.7514001465e+02 5.7538598633e+02 5.7557202148e+02 5.7574798584e+02 5.7596502686e+02 5.7621600342e+02 5.7651599121e+02 5.7677801514e+02 5.7697399902e+02 5.7718902588e+02 5.7739697266e+02 5.7759301758e+02 5.7781597900e+02 5.7808099365e+02 5.7822900391e+02 5.7832897949e+02 5.7852197266e+02 5.7873999023e+02 5.7897198486e+02 5.7909197998e+02 5.7926599121e+02 5.7951501465e+02
5.6982501221e+02 5.6998797607e+02 5.7013397217e+02 5.7033001709e+02 5.7052398682e+02 5.7068701172e+02 5.7089300537e+02 5.7113702393e+02 5.7135400391e+02 5.7160101318e+02 5.7185101318e+02 5.7201898193e+02 5.7217700195e+02 5.7236102295e+02 5.7257098389e+02 5.7279797363e+02 5.7302801514e+02 5.7325000000e+02 5.7348999023e+02 5.7374499512e+02 5.7401501465e+02 5.7427600098e+02 5.7451098633e+02 5.7471301270e+02 5.7496801758e+02 5.7522998047e+02 5.7541497803e+02 5.7555999756e+02 5.7576098633e+02 5.7599298096e+02 5.7625402832e+02 5.7652197266e+02 5.7675000000e+02 5.7697100830e+02 5.7715997314e+02 5.7735601807e+02 5.7758502197e+02 5.7784100342e+02 5.7795501709e+02 5.7809100342e+02 5.7832000732e+02 5.7853002930e+02 5.7874401855e+02 5.7889801025e+02 5.7907501221e+02 5.7930297852e+02
5.6958599854e+02 5.6972698975e+02 5.6989202881e+02 5.7011102295e+02 5.7029498291e+02 5.7045697021e+02 5.7067797852e+02 5.7091101074e+02 5.7112500000e+02 5.7137298584e+02 5.7163000488e+02 5.7179602051e+02 5.7196502686e+02 5.7215802002e+02 5.7235998535e+02 5.7260400391e+02 5.7287799072e+02 5.7310198975e+02 5.7331298828e+02 5.7354797363e+02 5.7379699707e+02 5.7404602051e+02 5.7428997803e+02 5.7451397705e+02 5.7477001953e+02 5.7502600098e+02 5.7520300293e+02 5.7535400391e+02 5.7555401611e+02 5.7577001953e+02 5.7600799561e+02 5.7627197266e+02 5.7652197266e+02 5.7676000977e+02 5.7693798828e+02 5.7711999512e+02 5.7733697510e+02 5.7757397461e+02 5.7768701172e+02 5.7788800049e+02 5.7813299561e+02 5.7831597900e+02 5.7850500488e+02 5.7867797852e+02 5.7885198975e+02 5.7905102539e+02
5.6937298584e+02 5.6948199463e+02 5.6963397217e+02 5.6986602783e+02 5.7005499268e+02 5.7021697998e+02 5.7042999268e+02 5.7070300293e+02 5.7092498779e+02 5.7115002441e+02 5.7139099121e+02 5.7153802490e+02 5.7172497559e+02 5.7194500732e+02 5.7215502930e+02 5.7238000488e+02 5.7268402100e+02 5.7294500732e+02 5.7316101074e+02 5.7337799072e+02 5.7360998535e+02 5.7384197998e+02 5.7407800293e+02 5.7431201172e+02 5.7454101563e+02 5.7475598145e+02 5.7493701172e+02 5.7515100098e+02 5.7539202881e+02 5.7561798096e+02 5.7583398438e+02 5.7606097412e+02 5.7628802490e+02 5.7651702881e+02 5.7670300293e+02 5.7692498779e+02 5.7714202881e+02 5.7732598877e+02 5.7746801758e+02 5.7767797852e+02 5.7789599609e+02 5.7807702637e+02 5.7830603027e+02 5.7845397949e+02 5.7860900879e+02 5.7879400635e+02
5.6912402344e+02 5.6922497559e+02 5.6934497070e+02 5.6956799316e+02 5.6980999756e+02 5.7001202393e+02 5.7021600342e+02 5.7046997070e+02 5.7071301270e+02 5.7093798828e+02 5.7115802002e+02 5.7132501221e+02 5.7153002930e+02 5.7176702881e+02 5.7198199463e+02 5.7219799805e+02 5.7249902344e+02 5.7276501465e+02 5.7297399902e+02 5.7321997070e+02 5.7345898438e+02 5.7366400146e+02 5.7386102295e+02 5.7409698486e+02 5.7432299805e+02 5.7451898193e+02 5.7469097900e+02 5.7492901611e+02 5.7518798828e+02 5.7542602539e+02 5.7564099121e+02 5.7585198975e+02 5.7604699707e+02 5.7627001953e+02 5.7649597168e+02 5.7671600342e+02 5.7692498779e+02 5.7710900879e+02 5.7725897217e+02 5.7749401855e+02 5.7766998291e+02 5.7782202148e+02 5.7800402832e+02 5.7817102051e+02 5.7839001465e+02 5.7859997559e+02
5.6886499023e+02 5.6898400879e+02 5.6912200928e+02 5.6930999756e+02 5.6955200195e+02 5.6978198242e+02 5.6999700928e+02 5.7023699951e+02 5.7049597168e+02 5.7074200439e+02 5.7096899414e+02 5.7113897705e+02 5.7132800293e+02 5.7155603027e+02 5.7179101563e+02 5.7200701904e+02 5.7226800537e+02 5.7252398682e+02 5.7275799561e+02 5.7301898193e+02 5.7326202393e+02 5.7345599365e+02 5.7364398193e+02 5.7386999512e+02 5.7409197998e+02 5.7428900146e+02 5.7446301270e+02 5.7468597412e+02 5.7493200684e+02 5.7517498779e+02 5.7541601563e+02 5.7565197754e+02 5.7584197998e+02 5.7605297852e+02 5.7628399658e+02 5.7650201416e+02 5.7670300293e+02 5.7686901855e+02 5.7701599121e+02 5.7726898193e+02 5.7746502686e+02 5.7761297607e+02 5.7775799561e+02 5.7792102051e+02 5.7816998291e+02 5.7839001465e+02
5.6861798096e+02 5.6875500488e+02 5.6892901611e+02 5.6911999512e+02 5.6934997559e+02 5.6959899902e+02 5.6982897949e+02 5.7004101563e+02 5.7028997803e+02 5.7054101563e+02 5.7078002930e+02 5.7094000244e+02 5.7111499023e+02 5.7133001709e+02 5.7157202148e+02 5.7178698730e+02 5.7200598145e+02 5.7224401855e+02 5.7254101563e+02 5.7278399658e+02 5.7301000977e+02 5.7321801758e+02 5.7344500732e+02 5.7365802002e+02 5.7386700439e+02 5.7406402588e+02 5.7424597168e+02 5.7445098877e+02 5.7468200684e+02 5.7492602539e+02 5.7517999268e+02 5.7542700195e+02 5.7562701416e+02 5.7582299805e+02 5.7604400635e+02 5.7629199219e+02 5.7651800537e+02 5.7667498779e+02 5.7679797363e+02 5.7701702881e+02 5.7720800781e+02 5.7737402344e+02 5.7752801514e+02 5.7768499756e+02 5.7792797852e+02 5.7816302490e+02
5.6836401367e+02 5.6851397705e+02 5.6867602539e+02 5.6888897705e+02 5.6913397217e+02 5.6940301514e+02 5.6965301514e+02 5.6986401367e+02 5.7010601807e+02 5.7034600830e+02 5.7055999756e+02 5.7073999023e+02 5.7091699219e+02 5.7112402344e+02 5.7133099365e+02 5.7153900146e+02 5.7175500488e+02 5.7200201416e+02 5.7234997559e+02 5.7260101318e+02 5.7277301025e+02 5.7297399902e+02 5.7326397705e+02 5.7346099854e+02 5.7364599609e+02 5.7383197021e+02 5.7401599121e+02 5.7422802734e+02 5.7446002197e+02 5.7470898438e+02 5.7497497559e+02 5.7520397949e+02 5.7541400146e+02 5.7560900879e+02 5.7581799316e+02 5.7609997559e+02 5.7635302734e+02 5.7650598145e+02 5.7661401367e+02 5.7674298096e+02 5.7692401123e+02 5.7711199951e+02 5.7723999023e+02 5.7739202881e+02 5.7764599609e+02 5.7791802979e+02
5.6810601807e+02 5.6830700684e+02 5.6852197266e+02 5.6870501709e+02 5.6892797852e+02 5.6915002441e+02 5.6937097168e+02 5.6959802246e+02 5.6984997559e+02 5.7008801270e+02 5.7030102539e+02 5.7048199463e+02 5.7067797852e+02 5.7093798828e+02 5.7118499756e+02 5.7138098145e+02 5.7156500244e+02 5.7178997803e+02 5.7211499023e+02 5.7240100098e+02 5.7260101318e+02 5.7277899170e+02 5.7300897217e+02 5.7321801758e+02 5.7341400146e+02 5.7360400391e+02 5.7378601074e+02 5.7398602295e+02 5.7422497559e+02 5.7448498535e+02 5.7473498535e+02 5.7496801758e+02 5.7518298340e+02 5.7539599609e+02 5.7561602783e+02 5.7588702393e+02 5.7609997559e+02 5.7623797607e+02 5.7636999512e+02 5.7651599121e+02 5.7669000244e+02 5.7685998535e+02 5.7699499512e+02 5.7715002441e+02 5.7737500000e+02 5.7757397461e+02
5.6790698242e+02 5.6811901855e+02 5.6833801270e+02 5.6852600098e+02 5.6874902344e+02 5.6894299316e+02 5.6913800049e+02 5.6935699463e+02 5.6958502197e+02 5.6979998779e+02 5.7000897217e+02 5.7020697021e+02 5.7042901611e+02 5.7069702148e+02 5.7096398926e+02 5.7120697021e+02 5.7141497803e+02 5.7159301758e+02 5.7180499268e+02 5.7207800293e+02 5.7236401367e+02 5.7259899902e+02 5.7278002930e+02 5.7298797607e+02 5.7320001221e+02 5.7340100098e+02 5.7358697510e+02 5.7377600098e+02 5.7399902344e+02 5.7424200439e+02 5.7447900391e+02 5.7472497559e+02 5.7494000244e+02 5.7513500977e+02 5.7536798096e+02 5.7566699219e+02 5.7585101318e+02 5.7596502686e+02 5.7612200928e+02 5.7627502441e+02 5.7642602539e+02 5.7659100342e+02 5.7674499512e+02 5.7685198975e+02 5.7703497314e+02 5.7724798584e+02
5.6772601318e+02 5.6792297363e+02 5.6811901855e+02 5.6834802246e+02 5.6858801270e+02 5.6878198242e+02 5.6897601318e+02 5.6919201660e+02 5.6939501953e+02 5.6958398438e+02 5.6977600098e+02 5.6998797607e+02 5.7021801758e+02 5.7044000244e+02 5.7066302490e+02 5.7095501709e+02 5.7127001953e+02 5.7147100830e+02 5.7156701660e+02 5.7176000977e+02 5.7209100342e+02 5.7240997314e+02 5.7259997559e+02 5.7278900146e+02 5.7300799561e+02 5.7320800781e+02 5.7340100098e+02 5.7359899902e+02 5.7379602051e+02 5.7401000977e+02 5.7423498535e+02 5.7447698975e+02 5.7469396973e+02 5.7488299561e+02 5.7511798096e+02 5.7540997314e+02 5.7560400391e+02 5.7573297119e+02 5.7588000488e+02 5.7600897217e+02 5.7616802979e+02 5.7634997559e+02 5.7651501465e+02 5.7662701416e+02 5.7680102539e+02 5.7703100586e+02
5.6753497314e+02 5.6774102783e+02 5.6789001465e+02 5.6814202881e+02 5.6840301514e+02 5.6861901855e+02 5.6881298828e+02 5.6904901123e+02 5.6925701904e+02 5.6944097900e+02 5.6962200928e+02 5.6982702637e+02 5.7004998779e+02 5.7022497559e+02 5.7042797852e+02 5.7071997070e+02 5.7104699707e+02 5.7126800537e+02 5.7135699463e+02 5.7151098633e+02 5.7178802490e+02 5.7212902832e+02 5.7240100098e+02 5.7258300781e+02 5.7280401611e+02 5.7299401855e+02 5.7317199707e+02 5.7339801025e+02 5.7359197998e+02 5.7379602051e+02 5.7402001953e+02 5.7417999268e+02 5.7439501953e+02 5.7464099121e+02 5.7490002441e+02 5.7509600830e+02 5.7530102539e+02 5.7549200439e+02 5.7564898682e+02 5.7575701904e+02 5.7592498779e+02 5.7610498047e+02 5.7624798584e+02 5.7639801025e+02 5.7659997559e+02 5.7678900146e+02
5.6736901855e+02 5.6761798096e+02 5.6776800537e+02 5.6797399902e+02 5.6818798828e+02 5.6840399170e+02 5.6865600586e+02 5.6888598633e+02 5.6908099365e+02 5.6927600098e+02 5.6946697998e+02 5.6967102051e+02 5.6986798096e+02 5.7008300781e+02 5.7041601563e+02 5.7064599609e+02 5.7079302979e+02 5.7096502686e+02 5.7113299561e+02 5.7128100586e+02 5.7148999023e+02 5.7174700928e+02 5.7204602051e+02 5.7230999756e+02 5.7257897949e+02 5.7279400635e+02 5.7296197510e+02 5.7318701172e+02 5.7338098145e+02 5.7356597900e+02 5.7374902344e+02 5.7389202881e+02 5.7410198975e+02 5.7435699463e+02 5.7459600830e+02 5.7479498291e+02 5.7500402832e+02 5.7520001221e+02 5.7535998535e+02 5.7551098633e+02 5.7565899658e+02 5.7582098389e+02 5.7597802734e+02 5.7612097168e+02 5.7633001709e+02 5.7653802490e+02
5.6723602295e+02 5.6748602295e+02 5.6764099121e+02 5.6781597900e+02 5.6798199463e+02 5.6815997314e+02 5.6840899658e+02 5.6863000488e+02 5.6885797119e+02 5.6909497070e+02 5.6930401611e+02 5.6952197266e+02 5.6969000244e+02 5.6994799805e+02 5.7036798096e+02 5.7053601074e+02 5.7057598877e+02 5.7071997070e+02 5.7092401123e+02 5.7107897949e+02 5.7128100586e+02 5.7150000000e+02 5.7173699951e+02 5.7200000000e+02 5.7230499268e+02 5.7256799316e+02 5.7276000977e+02 5.7298101807e+02 5.7315997314e+02 5.7332397461e+02 5.7350000000e+02 5.7364398193e+02 5.7383502197e+02 5.7407000732e+02 5.7429901123e+02 5.7450799561e+02 5.7469500732e+02 5.7484802246e+02 5.7503900146e+02 5.7525201416e+02 5.7540698242e+02 5.7558099365e+02 5.7576202393e+02 5.7590399170e+02 5.7612200928e+02 5.7633197021e+02
5.6704302979e+02 5.6727600098e+02 5.6746301270e+02 5.6765002441e+02 5.6782000732e+02 5.6796398926e+02 5.6815997314e+02 5.6837902832e+02 5.6862902832e+02 5.6887902832e+02 5.6910400391e+02 5.6934997559e+02 5.6952197266e+02 5.6977697754e+02 5.7012298584e+02 5.7025799561e+02 5.7034100342e+02 5.7050402832e+02 5.7069598389e+02 5.7088000488e+02 5.7110198975e+02 5.7131701660e+02 5.7149401855e+02 5.7170202637e+02 5.7198901367e+02 5.7228100586e+02 5.7252502441e+02 5.7275500488e+02 5.7291900635e+02 5.7306799316e+02 5.7325701904e+02 5.7342199707e+02 5.7359899902e+02 5.7381201172e+02 5.7403698730e+02 5.7426397705e+02 5.7445001221e+02 5.7458300781e+02 5.7478100586e+02 5.7503198242e+02 5.7520800781e+02 5.7536798096e+02 5.7552398682e+02 5.7567700195e+02 5.7591101074e+02 5.7611901855e+02
5.6678198242e+02 5.6700500488e+02 5.6728002930e+02 5.6748999023e+02 5.6768200684e+02 5.6782702637e+02 5.6797399902e+02 5.6818103027e+02 5.6841400146e+02 5.6865502930e+02 5.6891302490e+02 5.6911798096e+02 5.6932299805e+02 5.6956201172e+02 5.6979199219e+02 5.6993499756e+02 5.7009802246e+02 5.7026800537e+02 5.7046398926e+02 5.7067602539e+02 5.7089398193e+02 5.7110101318e+02 5.7128399658e+02 5.7144702148e+02 5.7165100098e+02 5.7191699219e+02 5.7227001953e+02 5.7250598145e+02 5.7266900635e+02 5.7280700684e+02 5.7297802734e+02 5.7320599365e+02 5.7341198730e+02 5.7360302734e+02 5.7377899170e+02 5.7398797607e+02 5.7417901611e+02 5.7435400391e+02 5.7455798340e+02 5.7479901123e+02 5.7500897217e+02 5.7513397217e+02 5.7521997070e+02 5.7542401123e+02 5.7567102051e+02 5.7587298584e+02
5.6660101318e+02 5.6678302002e+02 5.6704797363e+02 5.6728497314e+02 5.6752001953e+02 5.6769702148e+02 5.6783197021e+02 5.6803698730e+02 5.6825402832e+02 5.6844598389e+02 5.6865502930e+02 5.6886199951e+02 5.6903198242e+02 5.6922601318e+02 5.6950799561e+02 5.6965197754e+02 5.6983398438e+02 5.7004101563e+02 5.7027801514e+02 5.7048297119e+02 5.7068402100e+02 5.7087799072e+02 5.7105999756e+02 5.7125201416e+02 5.7142999268e+02 5.7163201904e+02 5.7191198730e+02 5.7224798584e+02 5.7249298096e+02 5.7265600586e+02 5.7279199219e+02 5.7291900635e+02 5.7314202881e+02 5.7336700439e+02 5.7353802490e+02 5.7373999023e+02 5.7393402100e+02 5.7410699463e+02 5.7429901123e+02 5.7455603027e+02 5.7477502441e+02 5.7486499023e+02 5.7496197510e+02 5.7519000244e+02 5.7545098877e+02 5.7564001465e+02
5.6647100830e+02 5.6663000488e+02 5.6685302734e+02 5.6707397461e+02 5.6731597900e+02 5.6751501465e+02 5.6767700195e+02 5.6789398193e+02 5.6811901855e+02 5.6829400635e+02 5.6845898438e+02 5.6866198730e+02 5.6882299805e+02 5.6900201416e+02 5.6926800537e+02 5.6940002441e+02 5.6958197021e+02 5.6979901123e+02 5.7004101563e+02 5.7024200439e+02 5.7045202637e+02 5.7065698242e+02 5.7084997559e+02 5.7106896973e+02 5.7125402832e+02 5.7141900635e+02 5.7161297607e+02 5.7191400146e+02 5.7220001221e+02 5.7246502686e+02 5.7266198730e+02 5.7269000244e+02 5.7286297607e+02 5.7310101318e+02 5.7329901123e+02 5.7348901367e+02 5.7368701172e+02 5.7387799072e+02 5.7408502197e+02 5.7433099365e+02 5.7457000732e+02 5.7467297363e+02 5.7475097656e+02 5.7494500732e+02 5.7519702148e+02 5.7541900635e+02
5.6629400635e+02 5.6646997070e+02 5.6668798828e+02 5.6687799072e+02 5.6707501221e+02 5.6726397705e+02 5.6746697998e+02 5.6768597412e+02 5.6789697266e+02 5.6808099365e+02 5.6825799561e+02 5.6843499756e+02 5.6860699463e+02 5.6879498291e+02 5.6903497314e+02 5.6919000244e+02 5.6936499023e+02 5.6954302979e+02 5.6975299072e+02 5.6996697998e+02 5.7019500732e+02 5.7042700195e+02 5.7064099121e+02 5.7088000488e+02 5.7107897949e+02 5.7123101807e+02 5.7137597656e+02 5.7155999756e+02 5.7178100586e+02 5.7208599854e+02 5.7241601563e+02 5.7253399658e+02 5.7265502930e+02 5.7283599854e+02 5.7304302979e+02 5.7321801758e+02 5.7342401123e+02 5.7365502930e+02 5.7388000488e+02 5.7408300781e+02 5.7433197021e+02 5.7448498535e+02 5.7457800293e+02 5.7472302246e+02 5.7499499512e+02 5.7529998779e+02
