TESTSERVER/11/14.asc
NCOLS 100
NROWS 100
XLLCORNER 8.0497500000e+03
YLLCORNER 2.8925025000e+05
CELLSIZE 5.0000000000e-01
NODATA_VALUE -9.9990000000e+03
[rows 80 to 99 of 100, columns 0 to 45 of 100]
5.5964697266e+02 5.5963397217e+02 5.5964501953e+02 5.5964801025e+02 5.5964099121e+02 5.5965100098e+02 5.5963702393e+02 5.5962298584e+02 5.5961499023e+02 5.5971502686e+02 5.5985998535e+02 5.6001300049e+02 5.6011999512e+02 5.6010601807e+02 5.6007800293e+02 5.6001898193e+02 5.5991497803e+02 5.5987200928e+02 5.5985900879e+02 5.5986602783e+02 5.5988702393e+02 5.5992199707e+02 5.5997100830e+02 5.6002697754e+02 5.6009002686e+02 5.6017401123e+02 5.6024597168e+02 5.6032000732e+02 5.6039501953e+02 5.6047900391e+02 5.6055102539e+02 5.6061999512e+02 5.6067901611e+02 5.6074597168e+02 5.6083898926e+02 5.6094500732e+02 5.6108099365e+02 5.6122802734e+02 5.6133697510e+02 5.6141302490e+02 5.6146600342e+02 5.6146002197e+02 5.6145697021e+02 5.6143298340e+02 5.6134997559e+02 5.6130200195e+02
5.5958197021e+02 5.5957702637e+02 5.5958398438e+02 5.5958300781e+02 5.5957397461e+02 5.5957202148e+02 5.5955902100e+02 5.5955401611e+02 5.5955200195e+02 5.5964001465e+02 5.5974401855e+02 5.5983898926e+02 5.5985900879e+02 5.5978997803e+02 5.5976501465e+02 5.5973101807e+02 5.5966400146e+02 5.5962500000e+02 5.5963000488e+02 5.5965399170e+02 5.5970001221e+02 5.5975799561e+02 5.5981799316e+02 5.5988201904e+02 5.5995697021e+02 5.6004498291e+02 5.6011999512e+02 5.6019201660e+02 5.6025701904e+02 5.6032598877e+02 5.6040002441e+02 5.6047497559e+02 5.6053997803e+02 5.6061798096e+02 5.6071398926e+02 5.6081799316e+02 5.6094500732e+02 5.6108001709e+02 5.6118499756e+02 5.6127001953e+02 5.6133398438e+02 5.6134997559e+02 5.6134100342e+02 5.6131201172e+02 5.6125201416e+02 5.6120202637e+02
5.5951800537e+02 5.5951300049e+02 5.5951702881e+02 5.5950897217e+02 5.5949499512e+02 5.5949700928e+02 5.5948901367e+02 5.5948797607e+02 5.5950402832e+02 5.5951397705e+02 5.5950097656e+02 5.5948498535e+02 5.5946801758e+02 5.5944299316e+02 5.5944299316e+02 5.5943902588e+02 5.5939501953e+02 5.5937097168e+02 5.5939697266e+02 5.5944201660e+02 5.5951397705e+02 5.5959197998e+02 5.5966497803e+02 5.5973999023e+02 5.5982299805e+02 5.5990899658e+02 5.5998602295e+02 5.6005798340e+02 5.6012097168e+02 5.6018597412e+02 5.6025897217e+02 5.6033197021e+02 5.6040197754e+02 5.6048199463e+02 5.6057397461e+02 5.6067401123e+02 5.6080102539e+02 5.6093499756e+02 5.6103497314e+02 5.6111499023e+02 5.6117901611e+02 5.6120898438e+02 5.6120898438e+02 5.6118798828e+02 5.6113299561e+02 5.6109399414e+02
5.5945300293e+02 5.5944000244e+02 5.5944097900e+02 5.5943200684e+02 5.5942102051e+02 5.5942498779e+02 5.5941198730e+02 5.5941101074e+02 5.5945098877e+02 5.5933697510e+02 5.5915002441e+02 5.5898602295e+02 5.5897302246e+02 5.5904797363e+02 5.5907897949e+02 5.5911297607e+02 5.5911297607e+02 5.5911798096e+02 5.5916601563e+02 5.5923101807e+02 5.5932598877e+02 5.5942401123e+02 5.5950799561e+02 5.5959497070e+02 5.5968597412e+02 5.5977099609e+02 5.5984899902e+02 5.5992199707e+02 5.5998498535e+02 5.6004797363e+02 5.6011901855e+02 5.6019097900e+02 5.6026300049e+02 5.6034399414e+02 5.6043103027e+02 5.6052600098e+02 5.6065002441e+02 5.6077600098e+02 5.6086798096e+02 5.6094201660e+02 5.6100402832e+02 5.6104400635e+02 5.6105200195e+02 5.6103997803e+02 5.6099401855e+02 5.6096801758e+02
5.5938598633e+02 5.5936602783e+02 5.5936602783e+02 5.5936401367e+02 5.5935699463e+02 5.5935900879e+02 5.5933398438e+02 5.5932397461e+02 5.5935699463e+02 5.5912200928e+02 5.5869396973e+02 5.5832501221e+02 5.5821899414e+02 5.5853100586e+02 5.5863702393e+02 5.5874902344e+02 5.5882897949e+02 5.5887298584e+02 5.5895501709e+02 5.5904302979e+02 5.5914300537e+02 5.5925201416e+02 5.5935900879e+02 5.5946600342e+02 5.5957501221e+02 5.5963397217e+02 5.5971502686e+02 5.5978997803e+02 5.5985998535e+02 5.5991900635e+02 5.5998999023e+02 5.6005999756e+02 5.6013500977e+02 5.6020501709e+02 5.6028399658e+02 5.6036798096e+02 5.6046099854e+02 5.6058697510e+02 5.6066998291e+02 5.6074200439e+02 5.6078100586e+02 5.6082598877e+02 5.6084698486e+02 5.6085400391e+02 5.6082702637e+02 5.6082202148e+02
5.5931799316e+02 5.5929901123e+02 5.5929498291e+02 5.5929602051e+02 5.5928802490e+02 5.5927398682e+02 5.5926501465e+02 5.5925097656e+02 5.5927801514e+02 5.5898101807e+02 5.5835998535e+02 5.5783300781e+02 5.5782897949e+02 5.5806500244e+02 5.5820697021e+02 5.5836199951e+02 5.5853198242e+02 5.5865100098e+02 5.5875701904e+02 5.5885998535e+02 5.5896002197e+02 5.5907897949e+02 5.5919799805e+02 5.5931298828e+02 5.5941198730e+02 5.5948901367e+02 5.5957397461e+02 5.5965301514e+02 5.5971899414e+02 5.5978802490e+02 5.5986199951e+02 5.5993298340e+02 5.5999798584e+02 5.6006597900e+02 5.6013702393e+02 5.6021002197e+02 5.6029498291e+02 5.6038397217e+02 5.6045800781e+02 5.6052899170e+02 5.6058502197e+02 5.6060900879e+02 5.6063702393e+02 5.6065802002e+02 5.6065899658e+02 5.6066400146e+02
5.5925201416e+02 5.5923400879e+02 5.5923199463e+02 5.5922497559e+02 5.5920697021e+02 5.5919201660e+02 5.5919000244e+02 5.5917700195e+02 5.5920397949e+02 5.5889501953e+02 5.5823400879e+02 5.5767797852e+02 5.5763000488e+02 5.5780700684e+02 5.5793103027e+02 5.5807202148e+02 5.5826800537e+02 5.5843200684e+02 5.5854998779e+02 5.5866400146e+02 5.5878100586e+02 5.5890698242e+02 5.5902502441e+02 5.5914001465e+02 5.5924597168e+02 5.5933398438e+02 5.5942102051e+02 5.5950299072e+02 5.5957299805e+02 5.5964599609e+02 5.5972198486e+02 5.5979302979e+02 5.5985699463e+02 5.5992102051e+02 5.5998901367e+02 5.6005798340e+02 5.6012902832e+02 5.6020098877e+02 5.6026898193e+02 5.6033398438e+02 5.6039099121e+02 5.6042602539e+02 5.6045697021e+02 5.6047998047e+02 5.6049102783e+02 5.6051202393e+02
5.5919201660e+02 5.5916302490e+02 5.5916198730e+02 5.5915399170e+02 5.5912298584e+02 5.5911297607e+02 5.5911499023e+02 5.5910998535e+02 5.5914801025e+02 5.5886499023e+02 5.5822900391e+02 5.5768597412e+02 5.5756896973e+02 5.5766101074e+02 5.5775000000e+02 5.5786102295e+02 5.5804101563e+02 5.5822399902e+02 5.5835302734e+02 5.5847802734e+02 5.5860601807e+02 5.5873297119e+02 5.5885198975e+02 5.5896697998e+02 5.5907702637e+02 5.5917297363e+02 5.5926300049e+02 5.5934698486e+02 5.5942297363e+02 5.5950097656e+02 5.5957800293e+02 5.5965100098e+02 5.5971398926e+02 5.5977301025e+02 5.5983801270e+02 5.5990301514e+02 5.5996398926e+02 5.6002301025e+02 5.6008502197e+02 5.6014398193e+02 5.6020098877e+02 5.6024401855e+02 5.6027801514e+02 5.6030401611e+02 5.6032501221e+02 5.6035900879e+02
5.5913702393e+02 5.5909600830e+02 5.5908898926e+02 5.5908398438e+02 5.5905297852e+02 5.5903601074e+02 5.5903002930e+02 5.5902398682e+02 5.5903601074e+02 5.5893402100e+02 5.5828802490e+02 5.5769000244e+02 5.5760101318e+02 5.5760900879e+02 5.5764099121e+02 5.5769598389e+02 5.5779797363e+02 5.5798797607e+02 5.5813500977e+02 5.5828997803e+02 5.5844500732e+02 5.5855902100e+02 5.5868103027e+02 5.5879699707e+02 5.5890002441e+02 5.5899700928e+02 5.5909197998e+02 5.5918499756e+02 5.5927301025e+02 5.5934997559e+02 5.5942797852e+02 5.5950097656e+02 5.5956597900e+02 5.5962402344e+02 5.5968200684e+02 5.5973699951e+02 5.5978399658e+02 5.5984802246e+02 5.5990197754e+02 5.5995397949e+02 5.5999902344e+02 5.6005700684e+02 5.6010101318e+02 5.6014099121e+02 5.6017999268e+02 5.6020202637e+02
5.5905401611e+02 5.5902197266e+02 5.5901599121e+02 5.5900500488e+02 5.5898199463e+02 5.5896801758e+02 5.5895300293e+02 5.5892700195e+02 5.5896099854e+02 5.5904699707e+02 5.5832598877e+02 5.5764202881e+02 5.5761199951e+02 5.5760400391e+02 5.5759301758e+02 5.5759899902e+02 5.5766601563e+02 5.5778002930e+02 5.5791101074e+02 5.5806896973e+02 5.5824700928e+02 5.5838000488e+02 5.5850402832e+02 5.5861999512e+02 5.5872198486e+02 5.5881597900e+02 5.5891601563e+02 5.5901397705e+02 5.5910900879e+02 5.5919000244e+02 5.5926898193e+02 5.5934301758e+02 5.5941302490e+02 5.5947198486e+02 5.5952600098e+02 5.5957501221e+02 5.5962298584e+02 5.5967700195e+02 5.5972698975e+02 5.5977502441e+02 5.5982299805e+02 5.5986901855e+02 5.5991699219e+02 5.5996801758e+02 5.6000897217e+02 5.6004602051e+02
5.5898400879e+02 5.5894702148e+02 5.5893701172e+02 5.5893200684e+02 5.5891198730e+02 5.5889099121e+02 5.5886901855e+02 5.5884197998e+02 5.5889697266e+02 5.5890399170e+02 5.5816802979e+02 5.5760498047e+02 5.5763500977e+02 5.5761102295e+02 5.5759100342e+02 5.5757800293e+02 5.5759399414e+02 5.5766101074e+02 5.5775897217e+02 5.5788800049e+02 5.5805999756e+02 5.5820599365e+02 5.5832702637e+02 5.5844097900e+02 5.5854699707e+02 5.5864697266e+02 5.5874798584e+02 5.5884899902e+02 5.5894702148e+02 5.5903198242e+02 5.5911297607e+02 5.5919000244e+02 5.5926000977e+02 5.5932000732e+02 5.5937298584e+02 5.5942199707e+02 5.5946502686e+02 5.5951300049e+02 5.5956097412e+02 5.5960797119e+02 5.5965197754e+02 5.5969500732e+02 5.5973999023e+02 5.5978802490e+02 5.5983697510e+02 5.5988702393e+02
5.5891400146e+02 5.5887701416e+02 5.5886602783e+02 5.5886297607e+02 5.5884600830e+02 5.5882098389e+02 5.5878497314e+02 5.5874902344e+02 5.5881701660e+02 5.5865301514e+02 5.5794897461e+02 5.5756799316e+02 5.5764898682e+02 5.5760699463e+02 5.5758898926e+02 5.5757501221e+02 5.5756500244e+02 5.5759002686e+02 5.5765002441e+02 5.5774102783e+02 5.5788800049e+02 5.5803698730e+02 5.5815502930e+02 5.5826800537e+02 5.5837500000e+02 5.5847900391e+02 5.5858300781e+02 5.5868499756e+02 5.5878601074e+02 5.5887500000e+02 5.5895898438e+02 5.5903698730e+02 5.5910900879e+02 5.5916601563e+02 5.5921997070e+02 5.5926898193e+02 5.5930999756e+02 5.5935400391e+02 5.5940100098e+02 5.5944702148e+02 5.5948797607e+02 5.5952600098e+02 5.5956799316e+02 5.5961297607e+02 5.5966497803e+02 5.5972302246e+02
5.5882702637e+02 5.5881298828e+02 5.5879998779e+02 5.5878698730e+02 5.5877001953e+02 5.5874597168e+02 5.5871301270e+02 5.5867700195e+02 5.5874902344e+02 5.5849298096e+02 5.5785101318e+02 5.5759100342e+02 5.5763098145e+02 5.5760498047e+02 5.5758898926e+02 5.5757702637e+02 5.5756701660e+02 5.5755700684e+02 5.5757098389e+02 5.5760900879e+02 5.5768499756e+02 5.5784399414e+02 5.5795898438e+02 5.5807800293e+02 5.5819702148e+02 5.5831097412e+02 5.5841699219e+02 5.5852099609e+02 5.5862500000e+02 5.5871997070e+02 5.5880798340e+02 5.5888897705e+02 5.5895697021e+02 5.5901098633e+02 5.5906500244e+02 5.5911499023e+02 5.5916198730e+02 5.5920397949e+02 5.5924902344e+02 5.5929101563e+02 5.5932897949e+02 5.5936499023e+02 5.5940100098e+02 5.5943597412e+02 5.5947399902e+02 5.5955499268e+02
5.5877801514e+02 5.5873602295e+02 5.5872100830e+02 5.5869897461e+02 5.5868499756e+02 5.5865502930e+02 5.5862200928e+02 5.5859600830e+02 5.5866900635e+02 5.5840600586e+02 5.5780297852e+02 5.5762597656e+02 5.5763500977e+02 5.5760198975e+02 5.5758300781e+02 5.5756799316e+02 5.5755902100e+02 5.5755902100e+02 5.5755798340e+02 5.5755700684e+02 5.5759002686e+02 5.5767102051e+02 5.5776202393e+02 5.5787298584e+02 5.5801702881e+02 5.5813897705e+02 5.5824499512e+02 5.5835101318e+02 5.5846301270e+02 5.5856701660e+02 5.5865502930e+02 5.5873602295e+02 5.5880200195e+02 5.5885699463e+02 5.5891302490e+02 5.5896502686e+02 5.5901501465e+02 5.5906298828e+02 5.5910601807e+02 5.5914599609e+02 5.5918200684e+02 5.5921600342e+02 5.5924597168e+02 5.5927099609e+02 5.5930999756e+02 5.5937799072e+02
5.5873999023e+02 5.5866497803e+02 5.5864300537e+02 5.5862097168e+02 5.5860900879e+02 5.5858197021e+02 5.5854498291e+02 5.5852398682e+02 5.5859100342e+02 5.5825299072e+02 5.5774700928e+02 5.5765197754e+02 5.5764099121e+02 5.5759899902e+02 5.5757299805e+02 5.5755700684e+02 5.5754998779e+02 5.5755401611e+02 5.5755102539e+02 5.5754101563e+02 5.5753802490e+02 5.5757800293e+02 5.5763897705e+02 5.5772399902e+02 5.5785400391e+02 5.5798101807e+02 5.5808599854e+02 5.5819201660e+02 5.5830902100e+02 5.5841497803e+02 5.5850299072e+02 5.5858197021e+02 5.5865002441e+02 5.5870697021e+02 5.5876397705e+02 5.5881701660e+02 5.5886901855e+02 5.5891900635e+02 5.5896301270e+02 5.5900299072e+02 5.5903802490e+02 5.5906701660e+02 5.5909301758e+02 5.5911499023e+02 5.5914501953e+02 5.5919897461e+02
5.5868103027e+02 5.5860400391e+02 5.5857397461e+02 5.5855297852e+02 5.5853601074e+02 5.5850299072e+02 5.5846502686e+02 5.5844097900e+02 5.5850897217e+02 5.5808197021e+02 5.5768597412e+02 5.5766900635e+02 5.5764099121e+02 5.5759802246e+02 5.5756799316e+02 5.5755200195e+02 5.5754602051e+02 5.5754400635e+02 5.5753997803e+02 5.5753198242e+02 5.5752001953e+02 5.5752697754e+02 5.5755499268e+02 5.5760797119e+02 5.5771099854e+02 5.5783398438e+02 5.5793902588e+02 5.5804498291e+02 5.5816101074e+02 5.5826501465e+02 5.5835302734e+02 5.5843200684e+02 5.5850000000e+02 5.5855999756e+02 5.5861798096e+02 5.5867297363e+02 5.5872497559e+02 5.5877600098e+02 5.5882098389e+02 5.5886199951e+02 5.5889501953e+02 5.5891998291e+02 5.5894299316e+02 5.5896197510e+02 5.5898101807e+02 5.5901702881e+02
5.5857897949e+02 5.5852398682e+02 5.5850500488e+02 5.5848400879e+02 5.5846197510e+02 5.5843298340e+02 5.5839501953e+02 5.5835900879e+02 5.5832598877e+02 5.5789801025e+02 5.5764697266e+02 5.5767498779e+02 5.5763598633e+02 5.5760198975e+02 5.5757000732e+02 5.5755102539e+02 5.5754302979e+02 5.5753302002e+02 5.5752600098e+02 5.5752099609e+02 5.5751397705e+02 5.5750500488e+02 5.5750201416e+02 5.5752099609e+02 5.5757098389e+02 5.5768402100e+02 5.5778997803e+02 5.5790502930e+02 5.5802600098e+02 5.5811901855e+02 5.5820697021e+02 5.5828601074e+02 5.5835498047e+02 5.5841400146e+02 5.5847302246e+02 5.5852899170e+02 5.5858001709e+02 5.5863397217e+02 5.5868200684e+02 5.5872601318e+02 5.5876898193e+02 5.5878302002e+02 5.5879998779e+02 5.5880798340e+02 5.5880700684e+02 5.5883197021e+02
5.5852301025e+02 5.5847698975e+02 5.5845098877e+02 5.5843200684e+02 5.5840997314e+02 5.5837402344e+02 5.5833197021e+02 5.5829199219e+02 5.5833300781e+02 5.5803198242e+02 5.5772100830e+02 5.5766699219e+02 5.5763299561e+02 5.5760400391e+02 5.5757800293e+02 5.5755401611e+02 5.5753601074e+02 5.5752001953e+02 5.5750701904e+02 5.5749902344e+02 5.5749200439e+02 5.5749200439e+02 5.5748699951e+02 5.5748602295e+02 5.5750000000e+02 5.5756500244e+02 5.5765100098e+02 5.5775701904e+02 5.5788201904e+02 5.5798297119e+02 5.5806799316e+02 5.5814398193e+02 5.5821099854e+02 5.5827099609e+02 5.5833099365e+02 5.5838800049e+02 5.5844201660e+02 5.5849700928e+02 5.5854602051e+02 5.5859002686e+02 5.5862799072e+02 5.5864697266e+02 5.5865600586e+02 5.5865301514e+02 5.5864099121e+02 5.5864599609e+02
5.5847601318e+02 5.5843902588e+02 5.5840698242e+02 5.5837402344e+02 5.5834301758e+02 5.5831097412e+02 5.5827001953e+02 5.5821398926e+02 5.5823101807e+02 5.5810498047e+02 5.5781097412e+02 5.5769396973e+02 5.5764898682e+02 5.5760797119e+02 5.5758502197e+02 5.5756097412e+02 5.5753698730e+02 5.5751898193e+02 5.5749902344e+02 5.5748101807e+02 5.5746997070e+02 5.5747698975e+02 5.5747900391e+02 5.5747698975e+02 5.5746801758e+02 5.5749902344e+02 5.5755798340e+02 5.5763800049e+02 5.5774798584e+02 5.5785198975e+02 5.5793103027e+02 5.5800402832e+02 5.5807000732e+02 5.5813299561e+02 5.5819396973e+02 5.5825097656e+02 5.5830798340e+02 5.5836199951e+02 5.5840899658e+02 5.5845202637e+02 5.5848797607e+02 5.5850299072e+02 5.5850799561e+02 5.5850000000e+02 5.5847802734e+02 5.5846197510e+02
5.5842401123e+02 5.5839898682e+02 5.5836700439e+02 5.5831799316e+02 5.5828002930e+02 5.5825201416e+02 5.5821899414e+02 5.5815502930e+02 5.5812500000e+02 5.5808697510e+02 5.5784002686e+02 5.5771197510e+02 5.5767199707e+02 5.5761999512e+02 5.5759100342e+02 5.5756402588e+02 5.5753601074e+02 5.5752001953e+02 5.5749798584e+02 5.5747100830e+02 5.5745202637e+02 5.5745697021e+02 5.5745800781e+02 5.5745697021e+02 5.5744897461e+02 5.5746099854e+02 5.5749298096e+02 5.5754400635e+02 5.5762902832e+02 5.5772497559e+02 5.5779998779e+02 5.5786901855e+02 5.5793402100e+02 5.5800000000e+02 5.5806097412e+02 5.5811798096e+02 5.5817602539e+02 5.5822900391e+02 5.5827502441e+02 5.5831597900e+02 5.5834997559e+02 5.5835998535e+02 5.5835900879e+02 5.5834802246e+02 5.5831701660e+02 5.5828302002e+02
