TESTSERVER/11/15.asc
NCOLS 100
NROWS 100
XLLCORNER 8.0497500000e+03
YLLCORNER 2.8920025000e+05
CELLSIZE 5.0000000000e-01
NODATA_VALUE -9.9990000000e+03
[rows 60 to 79 of 100, columns 46 to 91 of 100]
5.5546398926e+02 5.5546002197e+02 5.5546697998e+02 5.5544396973e+02 5.5543298340e+02 5.5542199707e+02 5.5538397217e+02 5.5540502930e+02 5.5540002441e+02 5.5536297607e+02 5.5533599854e+02 5.5533398438e+02 5.5532397461e+02 5.5529998779e+02 5.5527600098e+02 5.5527899170e+02 5.5526000977e+02 5.5523999023e+02 5.5525097656e+02 5.5522302246e+02 5.5520599365e+02 5.5519299316e+02 5.5521502686e+02 5.5523400879e+02 5.5516400146e+02 5.5509197998e+02 5.5509802246e+02 5.5510101318e+02 5.5511102295e+02 5.5512597656e+02 5.5513098145e+02 5.5514300537e+02 5.5515899658e+02 5.5517498779e+02 5.5519299316e+02 5.5520001221e+02 5.5520202637e+02 5.5520300293e+02 5.5521398926e+02 5.5523101807e+02 5.5523297119e+02 5.5523199463e+02 5.5522198486e+02 5.5522900391e+02 5.5523498535e+02 5.5524597168e+02
5.5540802002e+02 5.5539697266e+02 5.5540600586e+02 5.5540399170e+02 5.5539099121e+02 5.5538800049e+02 5.5536602783e+02 5.5536999512e+02 5.5535498047e+02 5.5532702637e+02 5.5529901123e+02 5.5528601074e+02 5.5526702881e+02 5.5524700928e+02 5.5524102783e+02 5.5525402832e+02 5.5522998047e+02 5.5520697021e+02 5.5521502686e+02 5.5519897461e+02 5.5518701172e+02 5.5518597412e+02 5.5521697998e+02 5.5520202637e+02 5.5510101318e+02 5.5506500244e+02 5.5508697510e+02 5.5508300781e+02 5.5509197998e+02 5.5511102295e+02 5.5510302734e+02 5.5512200928e+02 5.5513800049e+02 5.5515600586e+02 5.5517602539e+02 5.5518200684e+02 5.5518597412e+02 5.5518798828e+02 5.5519299316e+02 5.5519299316e+02 5.5519396973e+02 5.5519299316e+02 5.5519000244e+02 5.5519000244e+02 5.5519702148e+02 5.5520898438e+02
5.5536901855e+02 5.5536499023e+02 5.5536297607e+02 5.5536798096e+02 5.5535699463e+02 5.5534600830e+02 5.5533099365e+02 5.5532397461e+02 5.5530902100e+02 5.5529797363e+02 5.5527899170e+02 5.5525799561e+02 5.5522900391e+02 5.5521398926e+02 5.5520300293e+02 5.5520800781e+02 5.5519000244e+02 5.5516699219e+02 5.5516802979e+02 5.5515698242e+02 5.5515802002e+02 5.5517297363e+02 5.5516497803e+02 5.5508502197e+02 5.5503997803e+02 5.5505603027e+02 5.5507202148e+02 5.5506799316e+02 5.5507299805e+02 5.5508801270e+02 5.5507501221e+02 5.5509497070e+02 5.5511901855e+02 5.5513897705e+02 5.5515100098e+02 5.5515802002e+02 5.5516198730e+02 5.5516699219e+02 5.5516998291e+02 5.5516601563e+02 5.5516601563e+02 5.5516699219e+02 5.5516302490e+02 5.5516400146e+02 5.5517297363e+02 5.5518798828e+02
5.5532897949e+02 5.5532299805e+02 5.5532299805e+02 5.5532397461e+02 5.5531500244e+02 5.5530700684e+02 5.5528997803e+02 5.5528497314e+02 5.5527502441e+02 5.5527197266e+02 5.5525500488e+02 5.5522399902e+02 5.5520098877e+02 5.5519396973e+02 5.5516699219e+02 5.5515399170e+02 5.5513500977e+02 5.5511700439e+02 5.5513500977e+02 5.5513397217e+02 5.5515399170e+02 5.5516302490e+02 5.5509997559e+02 5.5502301025e+02 5.5502899170e+02 5.5505200195e+02 5.5504302979e+02 5.5504101563e+02 5.5504101563e+02 5.5505902100e+02 5.5505798340e+02 5.5507098389e+02 5.5509802246e+02 5.5511999512e+02 5.5512298584e+02 5.5512799072e+02 5.5513201904e+02 5.5513800049e+02 5.5514398193e+02 5.5514001465e+02 5.5514202881e+02 5.5514501953e+02 5.5514001465e+02 5.5514099121e+02 5.5515301514e+02 5.5517102051e+02
5.5528002930e+02 5.5528601074e+02 5.5528601074e+02 5.5527697754e+02 5.5525799561e+02 5.5525201416e+02 5.5523797607e+02 5.5525402832e+02 5.5525598145e+02 5.5524102783e+02 5.5522100830e+02 5.5519702148e+02 5.5518298340e+02 5.5517700195e+02 5.5515002441e+02 5.5513000488e+02 5.5510198975e+02 5.5507598877e+02 5.5510699463e+02 5.5511499023e+02 5.5515100098e+02 5.5509802246e+02 5.5502398682e+02 5.5501599121e+02 5.5503698730e+02 5.5503698730e+02 5.5501501465e+02 5.5502301025e+02 5.5502398682e+02 5.5503997803e+02 5.5506500244e+02 5.5506097412e+02 5.5508197021e+02 5.5509997559e+02 5.5510198975e+02 5.5509600830e+02 5.5509698486e+02 5.5510400391e+02 5.5511700439e+02 5.5512200928e+02 5.5512799072e+02 5.5513201904e+02 5.5513397217e+02 5.5512597656e+02 5.5513800049e+02 5.5515600586e+02
5.5527301025e+02 5.5527600098e+02 5.5525799561e+02 5.5523901367e+02 5.5522601318e+02 5.5522302246e+02 5.5520800781e+02 5.5521099854e+02 5.5520300293e+02 5.5518200684e+02 5.5515802002e+02 5.5515899658e+02 5.5514599609e+02 5.5513500977e+02 5.5511798096e+02 5.5511401367e+02 5.5508197021e+02 5.5504302979e+02 5.5505401611e+02 5.5510699463e+02 5.5515802002e+02 5.5504199219e+02 5.5499597168e+02 5.5501202393e+02 5.5501702881e+02 5.5500799561e+02 5.5499499512e+02 5.5500598145e+02 5.5501702881e+02 5.5502502441e+02 5.5502099609e+02 5.5504602051e+02 5.5507000732e+02 5.5507897949e+02 5.5507501221e+02 5.5507299805e+02 5.5507397461e+02 5.5508001709e+02 5.5508599854e+02 5.5509399414e+02 5.5509899902e+02 5.5510101318e+02 5.5510198975e+02 5.5511199951e+02 5.5513000488e+02 5.5515301514e+02
5.5524700928e+02 5.5523999023e+02 5.5521899414e+02 5.5521398926e+02 5.5521197510e+02 5.5520098877e+02 5.5519000244e+02 5.5518798828e+02 5.5516802979e+02 5.5514398193e+02 5.5511999512e+02 5.5512200928e+02 5.5510198975e+02 5.5509100342e+02 5.5508099365e+02 5.5507897949e+02 5.5505700684e+02 5.5503900146e+02 5.5502801514e+02 5.5503601074e+02 5.5505102539e+02 5.5499700928e+02 5.5500402832e+02 5.5500299072e+02 5.5500000000e+02 5.5498199463e+02 5.5496099854e+02 5.5496801758e+02 5.5499499512e+02 5.5501501465e+02 5.5499902344e+02 5.5501702881e+02 5.5503399658e+02 5.5504998779e+02 5.5504797363e+02 5.5504998779e+02 5.5505603027e+02 5.5506097412e+02 5.5505902100e+02 5.5506097412e+02 5.5506298828e+02 5.5506500244e+02 5.5507202148e+02 5.5509197998e+02 5.5511798096e+02 5.5514801025e+02
5.5521697998e+02 5.5520501709e+02 5.5519097900e+02 5.5518798828e+02 5.5518701172e+02 5.5516601563e+02 5.5515600586e+02 5.5515997314e+02 5.5513397217e+02 5.5511602783e+02 5.5510699463e+02 5.5508697510e+02 5.5506097412e+02 5.5505401611e+02 5.5504400635e+02 5.5504901123e+02 5.5503802490e+02 5.5502801514e+02 5.5500201416e+02 5.5496600342e+02 5.5494897461e+02 5.5494396973e+02 5.5499597168e+02 5.5498797607e+02 5.5497802734e+02 5.5496398926e+02 5.5495098877e+02 5.5494897461e+02 5.5496997070e+02 5.5499700928e+02 5.5498901367e+02 5.5499200439e+02 5.5499200439e+02 5.5501501465e+02 5.5501202393e+02 5.5502801514e+02 5.5503698730e+02 5.5503900146e+02 5.5503302002e+02 5.5503198242e+02 5.5503100586e+02 5.5503302002e+02 5.5504199219e+02 5.5507098389e+02 5.5510498047e+02 5.5514300537e+02
5.5515399170e+02 5.5515502930e+02 5.5517199707e+02 5.5513800049e+02 5.5514001465e+02 5.5512902832e+02 5.5511499023e+02 5.5512500000e+02 5.5509497070e+02 5.5508099365e+02 5.5508197021e+02 5.5504400635e+02 5.5503002930e+02 5.5502197266e+02 5.5499401855e+02 5.5499401855e+02 5.5498797607e+02 5.5495898438e+02 5.5494702148e+02 5.5493701172e+02 5.5491802979e+02 5.5490100098e+02 5.5494097900e+02 5.5494897461e+02 5.5493798828e+02 5.5493298340e+02 5.5494598389e+02 5.5493701172e+02 5.5493597412e+02 5.5496197510e+02 5.5497399902e+02 5.5495599365e+02 5.5495599365e+02 5.5497998047e+02 5.5497100830e+02 5.5499798584e+02 5.5501000977e+02 5.5500897217e+02 5.5500701904e+02 5.5500299072e+02 5.5500000000e+02 5.5500299072e+02 5.5501300049e+02 5.5503601074e+02 5.5508502197e+02 5.5514898682e+02
5.5511901855e+02 5.5511901855e+02 5.5513098145e+02 5.5510900879e+02 5.5511401367e+02 5.5510601807e+02 5.5509497070e+02 5.5508697510e+02 5.5506500244e+02 5.5506597900e+02 5.5505499268e+02 5.5502502441e+02 5.5501098633e+02 5.5500097656e+02 5.5496899414e+02 5.5497100830e+02 5.5495800781e+02 5.5492797852e+02 5.5492797852e+02 5.5491302490e+02 5.5490399170e+02 5.5488897705e+02 5.5488098145e+02 5.5488000488e+02 5.5489697266e+02 5.5490100098e+02 5.5490997314e+02 5.5491400146e+02 5.5492401123e+02 5.5494299316e+02 5.5493597412e+02 5.5493597412e+02 5.5494000244e+02 5.5495397949e+02 5.5494201660e+02 5.5495300293e+02 5.5497399902e+02 5.5498297119e+02 5.5497802734e+02 5.5498199463e+02 5.5497998047e+02 5.5497802734e+02 5.5498797607e+02 5.5499902344e+02 5.5502398682e+02 5.5506402588e+02
5.5510101318e+02 5.5509497070e+02 5.5509698486e+02 5.5508197021e+02 5.5508697510e+02 5.5507397461e+02 5.5506597900e+02 5.5506201172e+02 5.5503997803e+02 5.5503802490e+02 5.5502099609e+02 5.5499902344e+02 5.5497900391e+02 5.5497601318e+02 5.5495501709e+02 5.5494500732e+02 5.5492700195e+02 5.5489898682e+02 5.5490002441e+02 5.5487200928e+02 5.5486102295e+02 5.5486102295e+02 5.5485198975e+02 5.5484497070e+02 5.5485797119e+02 5.5486297607e+02 5.5487200928e+02 5.5488000488e+02 5.5489398193e+02 5.5490600586e+02 5.5489300537e+02 5.5491601563e+02 5.5491699219e+02 5.5492199707e+02 5.5492199707e+02 5.5493798828e+02 5.5495001221e+02 5.5495697021e+02 5.5495397949e+02 5.5496099854e+02 5.5495898438e+02 5.5495800781e+02 5.5496899414e+02 5.5497998047e+02 5.5498602295e+02 5.5499499512e+02
5.5506799316e+02 5.5505297852e+02 5.5505902100e+02 5.5505200195e+02 5.5507897949e+02 5.5508300781e+02 5.5507098389e+02 5.5507397461e+02 5.5503601074e+02 5.5503100586e+02 5.5500701904e+02 5.5497497559e+02 5.5495001221e+02 5.5495098877e+02 5.5494799805e+02 5.5493103027e+02 5.5490997314e+02 5.5487799072e+02 5.5486199951e+02 5.5483502197e+02 5.5482397461e+02 5.5482299805e+02 5.5481799316e+02 5.5480798340e+02 5.5481799316e+02 5.5480999756e+02 5.5480999756e+02 5.5483001709e+02 5.5485601807e+02 5.5486798096e+02 5.5484899902e+02 5.5487500000e+02 5.5487402344e+02 5.5488201904e+02 5.5489697266e+02 5.5491699219e+02 5.5491699219e+02 5.5492498779e+02 5.5492901611e+02 5.5492999268e+02 5.5492602539e+02 5.5492901611e+02 5.5494299316e+02 5.5495800781e+02 5.5496502686e+02 5.5496997070e+02
5.5503997803e+02 5.5503100586e+02 5.5506097412e+02 5.5507800293e+02 5.5508599854e+02 5.5508300781e+02 5.5508001709e+02 5.5506500244e+02 5.5499499512e+02 5.5502600098e+02 5.5503198242e+02 5.5498498535e+02 5.5495202637e+02 5.5492297363e+02 5.5489599609e+02 5.5489398193e+02 5.5488702393e+02 5.5486700439e+02 5.5486102295e+02 5.5482800293e+02 5.5481097412e+02 5.5479797363e+02 5.5479400635e+02 5.5477301025e+02 5.5477099609e+02 5.5475799561e+02 5.5474902344e+02 5.5477001953e+02 5.5480102539e+02 5.5482598877e+02 5.5483898926e+02 5.5484100342e+02 5.5483898926e+02 5.5485101318e+02 5.5486901855e+02 5.5487298584e+02 5.5487701416e+02 5.5489898682e+02 5.5490997314e+02 5.5489898682e+02 5.5489801025e+02 5.5490698242e+02 5.5493402100e+02 5.5492199707e+02 5.5493402100e+02 5.5495300293e+02
5.5502502441e+02 5.5502398682e+02 5.5511102295e+02 5.5512402344e+02 5.5501202393e+02 5.5490802002e+02 5.5486199951e+02 5.5483599854e+02 5.5482702637e+02 5.5485601807e+02 5.5486901855e+02 5.5490997314e+02 5.5492901611e+02 5.5491497803e+02 5.5488299561e+02 5.5487500000e+02 5.5485498047e+02 5.5482598877e+02 5.5483099365e+02 5.5482299805e+02 5.5480200195e+02 5.5477001953e+02 5.5476800537e+02 5.5475000000e+02 5.5473101807e+02 5.5471600342e+02 5.5471301270e+02 5.5469702148e+02 5.5471301270e+02 5.5476098633e+02 5.5483099365e+02 5.5483697510e+02 5.5482202148e+02 5.5481799316e+02 5.5482897949e+02 5.5483801270e+02 5.5484497070e+02 5.5485797119e+02 5.5486602783e+02 5.5486602783e+02 5.5487500000e+02 5.5489099121e+02 5.5490002441e+02 5.5488897705e+02 5.5489697266e+02 5.5491699219e+02
5.5482299805e+02 5.5485400391e+02 5.5502502441e+02 5.5503698730e+02 5.5490399170e+02 5.5482397461e+02 5.5482299805e+02 5.5483898926e+02 5.5483502197e+02 5.5482202148e+02 5.5479998779e+02 5.5481701660e+02 5.5483898926e+02 5.5486700439e+02 5.5487799072e+02 5.5486602783e+02 5.5483300781e+02 5.5479998779e+02 5.5481201172e+02 5.5480102539e+02 5.5478198242e+02 5.5475000000e+02 5.5473797607e+02 5.5471600342e+02 5.5469500732e+02 5.5467401123e+02 5.5467602539e+02 5.5466101074e+02 5.5465502930e+02 5.5467401123e+02 5.5472601318e+02 5.5481298828e+02 5.5485400391e+02 5.5483197021e+02 5.5480102539e+02 5.5480603027e+02 5.5480902100e+02 5.5482098389e+02 5.5482000732e+02 5.5483398438e+02 5.5484899902e+02 5.5485601807e+02 5.5486499023e+02 5.5488098145e+02 5.5488397217e+02 5.5488800049e+02
5.5468402100e+02 5.5472900391e+02 5.5486700439e+02 5.5485400391e+02 5.5478698730e+02 5.5480401611e+02 5.5484399414e+02 5.5486700439e+02 5.5485998535e+02 5.5483898926e+02 5.5481701660e+02 5.5478002930e+02 5.5476397705e+02 5.5479101563e+02 5.5481896973e+02 5.5482397461e+02 5.5480999756e+02 5.5478399658e+02 5.5478698730e+02 5.5476098633e+02 5.5474700928e+02 5.5472497559e+02 5.5471398926e+02 5.5470001221e+02 5.5468103027e+02 5.5464697266e+02 5.5464501953e+02 5.5463098145e+02 5.5461901855e+02 5.5461102295e+02 5.5459197998e+02 5.5466400146e+02 5.5476800537e+02 5.5482501221e+02 5.5478497314e+02 5.5478399658e+02 5.5477502441e+02 5.5478399658e+02 5.5479699707e+02 5.5481298828e+02 5.5481201172e+02 5.5480603027e+02 5.5483001709e+02 5.5485302734e+02 5.5483801270e+02 5.5484497070e+02
5.5473602295e+02 5.5474902344e+02 5.5477001953e+02 5.5474401855e+02 5.5473400879e+02 5.5478399658e+02 5.5482800293e+02 5.5484399414e+02 5.5484399414e+02 5.5483398438e+02 5.5482897949e+02 5.5479602051e+02 5.5476501465e+02 5.5475402832e+02 5.5475598145e+02 5.5477502441e+02 5.5480499268e+02 5.5480102539e+02 5.5478002930e+02 5.5473199463e+02 5.5471997070e+02 5.5470599365e+02 5.5470001221e+02 5.5468499756e+02 5.5466400146e+02 5.5462402344e+02 5.5461901855e+02 5.5459100342e+02 5.5458001709e+02 5.5457897949e+02 5.5455902100e+02 5.5453198242e+02 5.5455999756e+02 5.5467297363e+02 5.5471801758e+02 5.5474902344e+02 5.5477099609e+02 5.5474902344e+02 5.5475299072e+02 5.5477600098e+02 5.5476501465e+02 5.5476397705e+02 5.5477697754e+02 5.5479901123e+02 5.5479498291e+02 5.5484301758e+02
5.5471899414e+02 5.5471398926e+02 5.5471002197e+02 5.5470501709e+02 5.5471301270e+02 5.5473999023e+02 5.5477899170e+02 5.5482702637e+02 5.5483697510e+02 5.5483197021e+02 5.5485198975e+02 5.5489300537e+02 5.5484197998e+02 5.5477801514e+02 5.5475500488e+02 5.5476800537e+02 5.5478100586e+02 5.5479302979e+02 5.5479400635e+02 5.5472900391e+02 5.5468798828e+02 5.5466998291e+02 5.5466802979e+02 5.5466101074e+02 5.5463897705e+02 5.5459899902e+02 5.5460101318e+02 5.5458001709e+02 5.5456402588e+02 5.5455798340e+02 5.5453399658e+02 5.5452502441e+02 5.5450201416e+02 5.5449798584e+02 5.5451098633e+02 5.5464099121e+02 5.5476501465e+02 5.5477600098e+02 5.5474102783e+02 5.5472998047e+02 5.5473699951e+02 5.5476300049e+02 5.5477697754e+02 5.5476501465e+02 5.5478302002e+02 5.5486999512e+02
5.5465600586e+02 5.5465399170e+02 5.5466400146e+02 5.5468798828e+02 5.5470898438e+02 5.5471502686e+02 5.5472198486e+02 5.5479199219e+02 5.5483001709e+02 5.5483697510e+02 5.5484399414e+02 5.5490002441e+02 5.5485302734e+02 5.5479602051e+02 5.5477899170e+02 5.5479101563e+02 5.5478302002e+02 5.5477502441e+02 5.5478198242e+02 5.5474700928e+02 5.5469598389e+02 5.5464801025e+02 5.5461401367e+02 5.5460601807e+02 5.5460699463e+02 5.5458001709e+02 5.5459002686e+02 5.5456701660e+02 5.5454901123e+02 5.5453601074e+02 5.5450500488e+02 5.5449298096e+02 5.5448498535e+02 5.5447198486e+02 5.5444897461e+02 5.5450201416e+02 5.5458398438e+02 5.5466802979e+02 5.5476501465e+02 5.5474798584e+02 5.5470300293e+02 5.5470501709e+02 5.5472601318e+02 5.5473199463e+02 5.5478198242e+02 5.5486401367e+02
5.5459301758e+02 5.5461700439e+02 5.5466101074e+02 5.5470800781e+02 5.5472302246e+02 5.5470300293e+02 5.5467901611e+02 5.5473498535e+02 5.5479901123e+02 5.5482202148e+02 5.5480102539e+02 5.5481500244e+02 5.5480102539e+02 5.5479998779e+02 5.5479699707e+02 5.5480401611e+02 5.5478601074e+02 5.5475299072e+02 5.5471899414e+02 5.5471697998e+02 5.5471002197e+02 5.5467199707e+02 5.5463397217e+02 5.5458099365e+02 5.5457800293e+02 5.5456097412e+02 5.5455902100e+02 5.5451599121e+02 5.5451300049e+02 5.5450201416e+02 5.5446801758e+02 5.5446502686e+02 5.5445599365e+02 5.5444897461e+02 5.5442901611e+02 5.5441900635e+02 5.5438702393e+02 5.5442602539e+02 5.5460498047e+02 5.5472100830e+02 5.5471801758e+02 5.5469702148e+02 5.5467700195e+02 5.5471398926e+02 5.5479498291e+02 5.5484802246e+02
