TESTSERVER/11/15.asc
NCOLS 100
NROWS 100
XLLCORNER 8.0497500000e+03
YLLCORNER 2.8920025000e+05
CELLSIZE 5.0000000000e-01
NODATA_VALUE -9.9990000000e+03
[rows 60 to 79 of 100, columns 0 to 45 of 100]
5.5580401611e+02 5.5577197266e+02 5.5576702881e+02 5.5574499512e+02 5.5572198486e+02 5.5571099854e+02 5.5569702148e+02 5.5570501709e+02 5.5572900391e+02 5.5571197510e+02 5.5570300293e+02 5.5567700195e+02 5.5566601563e+02 5.5565502930e+02 5.5565698242e+02 5.5566198730e+02 5.5566998291e+02 5.5563702393e+02 5.5562200928e+02 5.5562902832e+02 5.5565197754e+02 5.5564501953e+02 5.5565100098e+02 5.5563702393e+02 5.5562097168e+02 5.5561901855e+02 5.5562500000e+02 5.5560302734e+02 5.5557397461e+02 5.5556896973e+02 5.5557299805e+02 5.5556201172e+02 5.5553100586e+02 5.5552600098e+02 5.5552697754e+02 5.5551898193e+02 5.5550500488e+02 5.5551202393e+02 5.5550799561e+02 5.5549102783e+02 5.5548199463e+02 5.5549902344e+02 5.5548297119e+02 5.5549798584e+02 5.5548602295e+02 5.5548199463e+02
5.5585601807e+02 5.5583197021e+02 5.5579498291e+02 5.5573797607e+02 5.5571197510e+02 5.5570800781e+02 5.5569299316e+02 5.5567999268e+02 5.5567102051e+02 5.5565802002e+02 5.5565802002e+02 5.5562902832e+02 5.5561401367e+02 5.5560900879e+02 5.5561602783e+02 5.5562402344e+02 5.5562402344e+02 5.5559301758e+02 5.5559399414e+02 5.5560699463e+02 5.5561700439e+02 5.5561798096e+02 5.5562402344e+02 5.5560302734e+02 5.5558300781e+02 5.5558197021e+02 5.5559002686e+02 5.5557598877e+02 5.5556402588e+02 5.5555401611e+02 5.5554302979e+02 5.5551599121e+02 5.5550299072e+02 5.5548199463e+02 5.5548297119e+02 5.5548297119e+02 5.5548101807e+02 5.5547399902e+02 5.5547900391e+02 5.5546099854e+02 5.5544799805e+02 5.5547100830e+02 5.5545098877e+02 5.5545098877e+02 5.5542401123e+02 5.5542498779e+02
5.5588897705e+02 5.5588098145e+02 5.5584301758e+02 5.5578997803e+02 5.5576898193e+02 5.5574597168e+02 5.5570697021e+02 5.5568200684e+02 5.5567498779e+02 5.5566699219e+02 5.5565002441e+02 5.5561102295e+02 5.5557702637e+02 5.5555999756e+02 5.5555798340e+02 5.5556597900e+02 5.5557202148e+02 5.5555999756e+02 5.5557397461e+02 5.5558001709e+02 5.5557598877e+02 5.5558398438e+02 5.5557800293e+02 5.5555999756e+02 5.5554998779e+02 5.5554699707e+02 5.5554498291e+02 5.5554101563e+02 5.5555102539e+02 5.5552899170e+02 5.5551501465e+02 5.5548297119e+02 5.5547900391e+02 5.5545697021e+02 5.5545202637e+02 5.5544702148e+02 5.5544396973e+02 5.5544097900e+02 5.5544396973e+02 5.5543402100e+02 5.5542498779e+02 5.5543597412e+02 5.5541302490e+02 5.5540399170e+02 5.5538201904e+02 5.5538201904e+02
5.5585797119e+02 5.5585198975e+02 5.5583398438e+02 5.5581298828e+02 5.5579699707e+02 5.5576202393e+02 5.5571697998e+02 5.5570300293e+02 5.5571197510e+02 5.5570599365e+02 5.5569000244e+02 5.5565802002e+02 5.5560400391e+02 5.5556097412e+02 5.5551800537e+02 5.5550097656e+02 5.5552502441e+02 5.5553100586e+02 5.5554797363e+02 5.5554498291e+02 5.5552801514e+02 5.5553900146e+02 5.5553399658e+02 5.5552099609e+02 5.5552099609e+02 5.5551898193e+02 5.5550701904e+02 5.5549798584e+02 5.5550500488e+02 5.5549298096e+02 5.5548297119e+02 5.5546002197e+02 5.5546002197e+02 5.5542297363e+02 5.5541198730e+02 5.5541497803e+02 5.5540100098e+02 5.5540899658e+02 5.5540502930e+02 5.5540100098e+02 5.5540600586e+02 5.5539801025e+02 5.5537298584e+02 5.5536700439e+02 5.5535198975e+02 5.5534899902e+02
5.5578900146e+02 5.5578399658e+02 5.5577899170e+02 5.5578997803e+02 5.5581298828e+02 5.5574102783e+02 5.5571099854e+02 5.5570800781e+02 5.5572998047e+02 5.5576800537e+02 5.5580401611e+02 5.5575897217e+02 5.5568200684e+02 5.5565002441e+02 5.5556097412e+02 5.5548699951e+02 5.5546502686e+02 5.5547698975e+02 5.5549298096e+02 5.5548699951e+02 5.5547198486e+02 5.5548199463e+02 5.5548699951e+02 5.5547601318e+02 5.5547198486e+02 5.5547100830e+02 5.5548297119e+02 5.5548602295e+02 5.5549200439e+02 5.5547399902e+02 5.5545697021e+02 5.5542999268e+02 5.5540600586e+02 5.5539501953e+02 5.5538098145e+02 5.5538201904e+02 5.5538598633e+02 5.5538201904e+02 5.5536999512e+02 5.5535998535e+02 5.5536602783e+02 5.5535699463e+02 5.5533801270e+02 5.5534399414e+02 5.5532098389e+02 5.5529797363e+02
5.5578100586e+02 5.5575000000e+02 5.5575299072e+02 5.5575701904e+02 5.5574401855e+02 5.5572399902e+02 5.5572198486e+02 5.5570501709e+02 5.5569097900e+02 5.5574298096e+02 5.5580603027e+02 5.5582897949e+02 5.5579901123e+02 5.5575299072e+02 5.5563000488e+02 5.5551599121e+02 5.5543798828e+02 5.5540301514e+02 5.5541900635e+02 5.5543701172e+02 5.5544201660e+02 5.5544299316e+02 5.5544097900e+02 5.5542999268e+02 5.5544000244e+02 5.5542999268e+02 5.5543597412e+02 5.5544000244e+02 5.5542797852e+02 5.5542401123e+02 5.5541601563e+02 5.5538500977e+02 5.5537500000e+02 5.5534802246e+02 5.5533697510e+02 5.5534100342e+02 5.5535302734e+02 5.5534997559e+02 5.5535601807e+02 5.5534899902e+02 5.5532000732e+02 5.5532397461e+02 5.5531896973e+02 5.5531298828e+02 5.5528198242e+02 5.5527899170e+02
5.5580297852e+02 5.5579199219e+02 5.5582299805e+02 5.5578802490e+02 5.5564001465e+02 5.5560400391e+02 5.5568200684e+02 5.5571099854e+02 5.5566998291e+02 5.5569702148e+02 5.5577301025e+02 5.5584197998e+02 5.5586401367e+02 5.5583599854e+02 5.5575598145e+02 5.5563397217e+02 5.5549798584e+02 5.5537402344e+02 5.5536102295e+02 5.5539801025e+02 5.5539398193e+02 5.5539300537e+02 5.5538800049e+02 5.5537200928e+02 5.5537799072e+02 5.5537097168e+02 5.5537200928e+02 5.5538098145e+02 5.5536901855e+02 5.5536798096e+02 5.5537402344e+02 5.5534600830e+02 5.5533801270e+02 5.5530902100e+02 5.5530499268e+02 5.5531500244e+02 5.5531896973e+02 5.5531500244e+02 5.5531500244e+02 5.5530102539e+02 5.5528002930e+02 5.5528601074e+02 5.5528302002e+02 5.5527398682e+02 5.5525000000e+02 5.5525402832e+02
5.5577697754e+02 5.5580200195e+02 5.5586297607e+02 5.5580798340e+02 5.5556201172e+02 5.5547698975e+02 5.5559600830e+02 5.5568499756e+02 5.5567401123e+02 5.5568200684e+02 5.5574597168e+02 5.5582202148e+02 5.5585498047e+02 5.5588000488e+02 5.5590502930e+02 5.5579602051e+02 5.5559600830e+02 5.5538702393e+02 5.5530902100e+02 5.5533300781e+02 5.5533801270e+02 5.5534497070e+02 5.5534197998e+02 5.5532397461e+02 5.5532299805e+02 5.5532702637e+02 5.5531597900e+02 5.5532800293e+02 5.5533398438e+02 5.5532702637e+02 5.5533197021e+02 5.5530499268e+02 5.5529901123e+02 5.5528997803e+02 5.5529699707e+02 5.5529400635e+02 5.5528002930e+02 5.5528399658e+02 5.5526800537e+02 5.5525299072e+02 5.5525897217e+02 5.5524902344e+02 5.5523400879e+02 5.5523199463e+02 5.5522399902e+02 5.5523199463e+02
5.5557598877e+02 5.5568103027e+02 5.5573797607e+02 5.5571502686e+02 5.5560797119e+02 5.5547302246e+02 5.5551599121e+02 5.5561602783e+02 5.5565899658e+02 5.5568597412e+02 5.5572497559e+02 5.5577697754e+02 5.5580297852e+02 5.5585498047e+02 5.5592401123e+02 5.5584899902e+02 5.5562500000e+02 5.5536602783e+02 5.5526000977e+02 5.5527301025e+02 5.5527899170e+02 5.5528802490e+02 5.5529400635e+02 5.5528100586e+02 5.5529101563e+02 5.5529901123e+02 5.5528198242e+02 5.5529199219e+02 5.5528601074e+02 5.5528698730e+02 5.5529699707e+02 5.5527899170e+02 5.5525097656e+02 5.5523602295e+02 5.5524298096e+02 5.5524298096e+02 5.5524499512e+02 5.5523999023e+02 5.5522698975e+02 5.5521899414e+02 5.5521502686e+02 5.5521997070e+02 5.5520697021e+02 5.5520202637e+02 5.5517901611e+02 5.5517901611e+02
5.5549700928e+02 5.5553198242e+02 5.5556097412e+02 5.5559197998e+02 5.5562500000e+02 5.5550701904e+02 5.5550097656e+02 5.5558697510e+02 5.5564300537e+02 5.5565698242e+02 5.5569299316e+02 5.5573602295e+02 5.5577502441e+02 5.5586199951e+02 5.5593200684e+02 5.5586199951e+02 5.5562799072e+02 5.5534698486e+02 5.5522998047e+02 5.5522698975e+02 5.5524298096e+02 5.5523797607e+02 5.5524401855e+02 5.5523400879e+02 5.5524499512e+02 5.5525299072e+02 5.5523999023e+02 5.5523797607e+02 5.5523199463e+02 5.5524102783e+02 5.5524902344e+02 5.5524102783e+02 5.5521600342e+02 5.5518499756e+02 5.5518402100e+02 5.5519097900e+02 5.5519000244e+02 5.5519097900e+02 5.5519097900e+02 5.5518200684e+02 5.5517297363e+02 5.5517700195e+02 5.5516302490e+02 5.5516400146e+02 5.5513500977e+02 5.5513299561e+02
5.5547698975e+02 5.5546099854e+02 5.5543798828e+02 5.5542199707e+02 5.5547399902e+02 5.5545300293e+02 5.5548602295e+02 5.5558001709e+02 5.5562298584e+02 5.5561999512e+02 5.5564599609e+02 5.5567999268e+02 5.5573199463e+02 5.5584698486e+02 5.5591900635e+02 5.5585101318e+02 5.5560498047e+02 5.5532702637e+02 5.5520098877e+02 5.5515197754e+02 5.5518597412e+02 5.5518701172e+02 5.5519799805e+02 5.5519702148e+02 5.5519097900e+02 5.5520397949e+02 5.5519500732e+02 5.5519097900e+02 5.5519598389e+02 5.5519897461e+02 5.5519500732e+02 5.5519396973e+02 5.5517602539e+02 5.5515301514e+02 5.5515997314e+02 5.5517602539e+02 5.5515197754e+02 5.5515802002e+02 5.5516302490e+02 5.5514898682e+02 5.5513702393e+02 5.5513201904e+02 5.5512097168e+02 5.5512799072e+02 5.5510101318e+02 5.5510498047e+02
5.5548699951e+02 5.5547100830e+02 5.5543597412e+02 5.5538897705e+02 5.5538201904e+02 5.5540100098e+02 5.5545800781e+02 5.5555102539e+02 5.5558001709e+02 5.5556298828e+02 5.5557702637e+02 5.5559600830e+02 5.5564697266e+02 5.5576098633e+02 5.5582397461e+02 5.5576599121e+02 5.5555700684e+02 5.5533599854e+02 5.5518701172e+02 5.5509197998e+02 5.5513397217e+02 5.5514501953e+02 5.5514599609e+02 5.5515301514e+02 5.5515301514e+02 5.5515899658e+02 5.5514697266e+02 5.5515100098e+02 5.5516699219e+02 5.5517102051e+02 5.5516302490e+02 5.5516198730e+02 5.5515399170e+02 5.5512402344e+02 5.5512402344e+02 5.5513201904e+02 5.5511999512e+02 5.5512298584e+02 5.5511999512e+02 5.5510498047e+02 5.5508898926e+02 5.5508197021e+02 5.5507202148e+02 5.5508197021e+02 5.5507598877e+02 5.5507897949e+02
5.5547601318e+02 5.5546197510e+02 5.5543298340e+02 5.5541497803e+02 5.5540399170e+02 5.5538598633e+02 5.5541101074e+02 5.5546697998e+02 5.5548101807e+02 5.5548297119e+02 5.5549102783e+02 5.5549401855e+02 5.5550201416e+02 5.5556701660e+02 5.5560400391e+02 5.5556701660e+02 5.5544097900e+02 5.5532000732e+02 5.5520202637e+02 5.5509301758e+02 5.5505102539e+02 5.5509399414e+02 5.5510101318e+02 5.5509698486e+02 5.5510302734e+02 5.5510498047e+02 5.5510797119e+02 5.5511297607e+02 5.5513702393e+02 5.5513897705e+02 5.5512402344e+02 5.5511700439e+02 5.5511999512e+02 5.5511102295e+02 5.5509899902e+02 5.5508697510e+02 5.5509100342e+02 5.5508898926e+02 5.5505902100e+02 5.5505102539e+02 5.5505102539e+02 5.5505102539e+02 5.5504699707e+02 5.5503900146e+02 5.5504797363e+02 5.5505102539e+02
5.5546600342e+02 5.5544500732e+02 5.5542199707e+02 5.5539599609e+02 5.5537402344e+02 5.5535900879e+02 5.5535699463e+02 5.5536901855e+02 5.5537902832e+02 5.5538098145e+02 5.5538098145e+02 5.5536999512e+02 5.5534497070e+02 5.5536499023e+02 5.5538897705e+02 5.5535797119e+02 5.5524700928e+02 5.5522698975e+02 5.5517602539e+02 5.5504901123e+02 5.5498999023e+02 5.5503997803e+02 5.5504998779e+02 5.5505297852e+02 5.5505401611e+02 5.5506298828e+02 5.5507501221e+02 5.5507299805e+02 5.5508300781e+02 5.5509197998e+02 5.5507702637e+02 5.5507202148e+02 5.5508099365e+02 5.5507800293e+02 5.5506500244e+02 5.5504101563e+02 5.5504302979e+02 5.5504199219e+02 5.5503698730e+02 5.5502099609e+02 5.5500000000e+02 5.5500598145e+02 5.5501599121e+02 5.5501702881e+02 5.5505700684e+02 5.5507000732e+02
5.5545800781e+02 5.5544396973e+02 5.5542297363e+02 5.5538500977e+02 5.5535302734e+02 5.5533801270e+02 5.5532397461e+02 5.5531298828e+02 5.5529602051e+02 5.5528601074e+02 5.5526898193e+02 5.5524200439e+02 5.5520001221e+02 5.5519299316e+02 5.5520697021e+02 5.5518200684e+02 5.5508801270e+02 5.5510198975e+02 5.5509802246e+02 5.5500402832e+02 5.5496197510e+02 5.5500000000e+02 5.5501202393e+02 5.5502301025e+02 5.5501702881e+02 5.5503302002e+02 5.5503601074e+02 5.5502600098e+02 5.5503698730e+02 5.5505102539e+02 5.5504101563e+02 5.5504400635e+02 5.5504199219e+02 5.5503997803e+02 5.5503497314e+02 5.5501000977e+02 5.5501000977e+02 5.5501300049e+02 5.5500701904e+02 5.5497802734e+02 5.5496398926e+02 5.5500201416e+02 5.5502697754e+02 5.5499200439e+02 5.5495397949e+02 5.5489898682e+02
5.5544598389e+02 5.5543298340e+02 5.5539801025e+02 5.5537097168e+02 5.5534301758e+02 5.5532098389e+02 5.5530297852e+02 5.5528399658e+02 5.5524798584e+02 5.5521697998e+02 5.5518402100e+02 5.5514599609e+02 5.5509997559e+02 5.5507702637e+02 5.5507800293e+02 5.5506201172e+02 5.5500799561e+02 5.5500701904e+02 5.5500799561e+02 5.5496502686e+02 5.5494500732e+02 5.5496697998e+02 5.5497900391e+02 5.5499700928e+02 5.5498999023e+02 5.5499200439e+02 5.5499499512e+02 5.5498901367e+02 5.5500097656e+02 5.5500500488e+02 5.5499700928e+02 5.5499902344e+02 5.5500000000e+02 5.5500500488e+02 5.5500000000e+02 5.5497302246e+02 5.5497601318e+02 5.5496997070e+02 5.5496398926e+02 5.5494299316e+02 5.5497198486e+02 5.5498602295e+02 5.5494201660e+02 5.5483599854e+02 5.5475897217e+02 5.5472497559e+02
5.5543701172e+02 5.5540802002e+02 5.5537701416e+02 5.5536102295e+02 5.5534002686e+02 5.5531896973e+02 5.5529199219e+02 5.5527001953e+02 5.5523297119e+02 5.5519097900e+02 5.5514300537e+02 5.5509399414e+02 5.5506201172e+02 5.5503497314e+02 5.5501898193e+02 5.5500500488e+02 5.5498999023e+02 5.5498400879e+02 5.5497302246e+02 5.5494000244e+02 5.5490399170e+02 5.5493798828e+02 5.5494702148e+02 5.5495800781e+02 5.5496301270e+02 5.5496697998e+02 5.5497399902e+02 5.5497698975e+02 5.5498699951e+02 5.5498699951e+02 5.5498199463e+02 5.5496600342e+02 5.5496301270e+02 5.5495300293e+02 5.5494598389e+02 5.5494598389e+02 5.5495898438e+02 5.5491198730e+02 5.5492102051e+02 5.5495098877e+02 5.5497302246e+02 5.5485101318e+02 5.5473699951e+02 5.5468402100e+02 5.5471002197e+02 5.5472302246e+02
5.5542498779e+02 5.5539898682e+02 5.5535498047e+02 5.5533801270e+02 5.5534301758e+02 5.5531097412e+02 5.5527801514e+02 5.5525701904e+02 5.5523297119e+02 5.5518902588e+02 5.5514001465e+02 5.5509698486e+02 5.5506701660e+02 5.5503399658e+02 5.5501000977e+02 5.5498602295e+02 5.5497302246e+02 5.5496197510e+02 5.5494799805e+02 5.5492401123e+02 5.5486999512e+02 5.5488000488e+02 5.5489501953e+02 5.5490997314e+02 5.5491900635e+02 5.5493798828e+02 5.5494097900e+02 5.5494000244e+02 5.5494396973e+02 5.5493200684e+02 5.5491998291e+02 5.5491900635e+02 5.5492700195e+02 5.5491497803e+02 5.5489300537e+02 5.5489599609e+02 5.5492700195e+02 5.5493103027e+02 5.5492297363e+02 5.5486999512e+02 5.5477301025e+02 5.5469097900e+02 5.5466802979e+02 5.5468798828e+02 5.5472399902e+02 5.5472601318e+02
5.5540802002e+02 5.5539001465e+02 5.5534497070e+02 5.5532501221e+02 5.5532397461e+02 5.5528997803e+02 5.5526300049e+02 5.5524597168e+02 5.5522900391e+02 5.5517700195e+02 5.5513500977e+02 5.5509899902e+02 5.5506701660e+02 5.5503497314e+02 5.5500598145e+02 5.5496997070e+02 5.5495202637e+02 5.5494396973e+02 5.5491998291e+02 5.5489501953e+02 5.5484301758e+02 5.5483801270e+02 5.5485498047e+02 5.5485900879e+02 5.5486700439e+02 5.5489801025e+02 5.5490399170e+02 5.5491101074e+02 5.5491900635e+02 5.5489501953e+02 5.5487597656e+02 5.5487799072e+02 5.5488702393e+02 5.5488598633e+02 5.5486401367e+02 5.5486700439e+02 5.5491601563e+02 5.5489697266e+02 5.5478497314e+02 5.5468298340e+02 5.5464697266e+02 5.5465399170e+02 5.5467199707e+02 5.5469201660e+02 5.5469500732e+02 5.5467102051e+02
5.5539300537e+02 5.5537298584e+02 5.5533300781e+02 5.5531298828e+02 5.5529699707e+02 5.5527502441e+02 5.5525500488e+02 5.5523400879e+02 5.5520300293e+02 5.5515802002e+02 5.5512500000e+02 5.5508197021e+02 5.5504400635e+02 5.5501702881e+02 5.5499401855e+02 5.5496002197e+02 5.5493298340e+02 5.5492602539e+02 5.5489501953e+02 5.5486199951e+02 5.5481597900e+02 5.5480297852e+02 5.5482397461e+02 5.5482702637e+02 5.5484002686e+02 5.5487902832e+02 5.5487597656e+02 5.5486999512e+02 5.5486901855e+02 5.5485302734e+02 5.5484600830e+02 5.5485198975e+02 5.5486401367e+02 5.5484802246e+02 5.5484497070e+02 5.5487902832e+02 5.5489099121e+02 5.5478399658e+02 5.5463800049e+02 5.5459698486e+02 5.5463201904e+02 5.5465997314e+02 5.5466497803e+02 5.5464697266e+02 5.5462500000e+02 5.5459600830e+02
