TESTSERVER/11/16.asc
NCOLS 100
NROWS 100
XLLCORNER 8.0497500000e+03
YLLCORNER 2.8915025000e+05
CELLSIZE 5.0000000000e-01
NODATA_VALUE -9.9990000000e+03
[rows 20 to 39 of 100, columns 46 to 91 of 100]
5.5277001953e+02 5.5269702148e+02 5.5265802002e+02 5.5262500000e+02 5.5259698486e+02 5.5258197021e+02 5.5256896973e+02 5.5255401611e+02 5.5243103027e+02 5.5272198486e+02 5.5379199219e+02 5.5464801025e+02 5.5479901123e+02 5.5469097900e+02 5.5458898926e+02 5.5434600830e+02 5.5413500977e+02 5.5402899170e+02 5.5394201660e+02 5.5395300293e+02 5.5385198975e+02 5.5351098633e+02 5.5306298828e+02 5.5295300293e+02 5.5285498047e+02 5.5274700928e+02 5.5260302734e+02 5.5257299805e+02 5.5248297119e+02 5.5241302490e+02 5.5240197754e+02 5.5241802979e+02 5.5241302490e+02 5.5238800049e+02 5.5238702393e+02 5.5237500000e+02 5.5236798096e+02 5.5238897705e+02 5.5239697266e+02 5.5234301758e+02 5.5232098389e+02 5.5233502197e+02 5.5234698486e+02 5.5233001709e+02 5.5229302979e+02 5.5227197266e+02
5.5277801514e+02 5.5272998047e+02 5.5267297363e+02 5.5265502930e+02 5.5260900879e+02 5.5256701660e+02 5.5256701660e+02 5.5253002930e+02 5.5244500732e+02 5.5269598389e+02 5.5362402344e+02 5.5449597168e+02 5.5464599609e+02 5.5450402832e+02 5.5425097656e+02 5.5407000732e+02 5.5404498291e+02 5.5402398682e+02 5.5395599365e+02 5.5376702881e+02 5.5336499023e+02 5.5298400879e+02 5.5286602783e+02 5.5283300781e+02 5.5268597412e+02 5.5253601074e+02 5.5246502686e+02 5.5245800781e+02 5.5240997314e+02 5.5238500977e+02 5.5240197754e+02 5.5241802979e+02 5.5239599609e+02 5.5236401367e+02 5.5238299561e+02 5.5235998535e+02 5.5232897949e+02 5.5233099365e+02 5.5231896973e+02 5.5228601074e+02 5.5226800537e+02 5.5226000977e+02 5.5225201416e+02 5.5226599121e+02 5.5225799561e+02 5.5225701904e+02
5.5279998779e+02 5.5275500488e+02 5.5268597412e+02 5.5266802979e+02 5.5259997559e+02 5.5255798340e+02 5.5255102539e+02 5.5252398682e+02 5.5269299316e+02 5.5314599609e+02 5.5385998535e+02 5.5428601074e+02 5.5425402832e+02 5.5411999512e+02 5.5396997070e+02 5.5399200439e+02 5.5409002686e+02 5.5403399658e+02 5.5382598877e+02 5.5331298828e+02 5.5284899902e+02 5.5271600342e+02 5.5274102783e+02 5.5261401367e+02 5.5249298096e+02 5.5242297363e+02 5.5240100098e+02 5.5239501953e+02 5.5238897705e+02 5.5238598633e+02 5.5238598633e+02 5.5238098145e+02 5.5236297607e+02 5.5234399414e+02 5.5235797119e+02 5.5234002686e+02 5.5230200195e+02 5.5228997803e+02 5.5226898193e+02 5.5225799561e+02 5.5224401855e+02 5.5222302246e+02 5.5218499756e+02 5.5221197510e+02 5.5221801758e+02 5.5222998047e+02
5.5282000732e+02 5.5276599121e+02 5.5268402100e+02 5.5264801025e+02 5.5260498047e+02 5.5259899902e+02 5.5258001709e+02 5.5260699463e+02 5.5303002930e+02 5.5363598633e+02 5.5407000732e+02 5.5407598877e+02 5.5394097900e+02 5.5387097168e+02 5.5388702393e+02 5.5399401855e+02 5.5396301270e+02 5.5370800781e+02 5.5335400391e+02 5.5284301758e+02 5.5256201172e+02 5.5258502197e+02 5.5258099365e+02 5.5243200684e+02 5.5239300537e+02 5.5240197754e+02 5.5241497803e+02 5.5241101074e+02 5.5240502930e+02 5.5238201904e+02 5.5235797119e+02 5.5236297607e+02 5.5234802246e+02 5.5233599854e+02 5.5232000732e+02 5.5230401611e+02 5.5227697754e+02 5.5226202393e+02 5.5222900391e+02 5.5221502686e+02 5.5221099854e+02 5.5219799805e+02 5.5214599609e+02 5.5216802979e+02 5.5217498779e+02 5.5219598389e+02
5.5281701660e+02 5.5275299072e+02 5.5269702148e+02 5.5266699219e+02 5.5263201904e+02 5.5262799072e+02 5.5264599609e+02 5.5273297119e+02 5.5324798584e+02 5.5388800049e+02 5.5409301758e+02 5.5394799805e+02 5.5388598633e+02 5.5386499023e+02 5.5389898682e+02 5.5352398682e+02 5.5310998535e+02 5.5276501465e+02 5.5262902832e+02 5.5251202393e+02 5.5245397949e+02 5.5245397949e+02 5.5242297363e+02 5.5241400146e+02 5.5239202881e+02 5.5237902832e+02 5.5241497803e+02 5.5241198730e+02 5.5240197754e+02 5.5236499023e+02 5.5234899902e+02 5.5235699463e+02 5.5230999756e+02 5.5229498291e+02 5.5227502441e+02 5.5226800537e+02 5.5225500488e+02 5.5223101807e+02 5.5220300293e+02 5.5217700195e+02 5.5217102051e+02 5.5216198730e+02 5.5212500000e+02 5.5212097168e+02 5.5213000488e+02 5.5215002441e+02
5.5283898926e+02 5.5279400635e+02 5.5271997070e+02 5.5265197754e+02 5.5260601807e+02 5.5261798096e+02 5.5263897705e+02 5.5262902832e+02 5.5290100098e+02 5.5352801514e+02 5.5396398926e+02 5.5394299316e+02 5.5394000244e+02 5.5368103027e+02 5.5325500488e+02 5.5275897217e+02 5.5252301025e+02 5.5250701904e+02 5.5251898193e+02 5.5245098877e+02 5.5241699219e+02 5.5244000244e+02 5.5242797852e+02 5.5240899658e+02 5.5239001465e+02 5.5237298584e+02 5.5238500977e+02 5.5237500000e+02 5.5235797119e+02 5.5233197021e+02 5.5233300781e+02 5.5230700684e+02 5.5227099609e+02 5.5226800537e+02 5.5225598145e+02 5.5221997070e+02 5.5220001221e+02 5.5217901611e+02 5.5217498779e+02 5.5218798828e+02 5.5215997314e+02 5.5212701416e+02 5.5211199951e+02 5.5211297607e+02 5.5211700439e+02 5.5212097168e+02
5.5288201904e+02 5.5278100586e+02 5.5265997314e+02 5.5260601807e+02 5.5257202148e+02 5.5260101318e+02 5.5262097168e+02 5.5258001709e+02 5.5260400391e+02 5.5302600098e+02 5.5373400879e+02 5.5382897949e+02 5.5363098145e+02 5.5309100342e+02 5.5263702393e+02 5.5249298096e+02 5.5245898438e+02 5.5247302246e+02 5.5244097900e+02 5.5240002441e+02 5.5239099121e+02 5.5241900635e+02 5.5240002441e+02 5.5238897705e+02 5.5238299561e+02 5.5236700439e+02 5.5234997559e+02 5.5234197998e+02 5.5232897949e+02 5.5231201172e+02 5.5231201172e+02 5.5228100586e+02 5.5227099609e+02 5.5224700928e+02 5.5220898438e+02 5.5216998291e+02 5.5216400146e+02 5.5215197754e+02 5.5212597656e+02 5.5215600586e+02 5.5212799072e+02 5.5209002686e+02 5.5208502197e+02 5.5208502197e+02 5.5209100342e+02 5.5210302734e+02
5.5282397461e+02 5.5267602539e+02 5.5259002686e+02 5.5260400391e+02 5.5258502197e+02 5.5260198975e+02 5.5261798096e+02 5.5261700439e+02 5.5255297852e+02 5.5269500732e+02 5.5312799072e+02 5.5310900879e+02 5.5290100098e+02 5.5259002686e+02 5.5248400879e+02 5.5252801514e+02 5.5249597168e+02 5.5245098877e+02 5.5241699219e+02 5.5239398193e+02 5.5239099121e+02 5.5240100098e+02 5.5238500977e+02 5.5238201904e+02 5.5236798096e+02 5.5235198975e+02 5.5231701660e+02 5.5232000732e+02 5.5232501221e+02 5.5230499268e+02 5.5228399658e+02 5.5225000000e+02 5.5223101807e+02 5.5219299316e+02 5.5216802979e+02 5.5213897705e+02 5.5214300537e+02 5.5213598633e+02 5.5208502197e+02 5.5209197998e+02 5.5208300781e+02 5.5205999756e+02 5.5204699707e+02 5.5205499268e+02 5.5207397461e+02 5.5210498047e+02
5.5261999512e+02 5.5259100342e+02 5.5257000732e+02 5.5260302734e+02 5.5260601807e+02 5.5260797119e+02 5.5260601807e+02 5.5259899902e+02 5.5258898926e+02 5.5257000732e+02 5.5255700684e+02 5.5254901123e+02 5.5252697754e+02 5.5250402832e+02 5.5248999023e+02 5.5247601318e+02 5.5244000244e+02 5.5241900635e+02 5.5242999268e+02 5.5240301514e+02 5.5238598633e+02 5.5237298584e+02 5.5234698486e+02 5.5235900879e+02 5.5234600830e+02 5.5233697510e+02 5.5231500244e+02 5.5229901123e+02 5.5230499268e+02 5.5228900146e+02 5.5224902344e+02 5.5222100830e+02 5.5218298340e+02 5.5215301514e+02 5.5215399170e+02 5.5212597656e+02 5.5211602783e+02 5.5210101318e+02 5.5206799316e+02 5.5205902100e+02 5.5207397461e+02 5.5206896973e+02 5.5203100586e+02 5.5205499268e+02 5.5209002686e+02 5.5213397217e+02
5.5256597900e+02 5.5255297852e+02 5.5253601074e+02 5.5259301758e+02 5.5261798096e+02 5.5261401367e+02 5.5259698486e+02 5.5257000732e+02 5.5257098389e+02 5.5255200195e+02 5.5251098633e+02 5.5250299072e+02 5.5249700928e+02 5.5248999023e+02 5.5246197510e+02 5.5242297363e+02 5.5239801025e+02 5.5238598633e+02 5.5239099121e+02 5.5237298584e+02 5.5235302734e+02 5.5233801270e+02 5.5231597900e+02 5.5230999756e+02 5.5228997803e+02 5.5229302979e+02 5.5230297852e+02 5.5227099609e+02 5.5225598145e+02 5.5223498535e+02 5.5220098877e+02 5.5217602539e+02 5.5216198730e+02 5.5214202881e+02 5.5212298584e+02 5.5207598877e+02 5.5207000732e+02 5.5206799316e+02 5.5204302979e+02 5.5203900146e+02 5.5205200195e+02 5.5209002686e+02 5.5210302734e+02 5.5213800049e+02 5.5218902588e+02 5.5220697021e+02
5.5258599854e+02 5.5253698730e+02 5.5249200439e+02 5.5255297852e+02 5.5258398438e+02 5.5259399414e+02 5.5258398438e+02 5.5256597900e+02 5.5256201172e+02 5.5253601074e+02 5.5251000977e+02 5.5247998047e+02 5.5247198486e+02 5.5246600342e+02 5.5244598389e+02 5.5240997314e+02 5.5238598633e+02 5.5236297607e+02 5.5235797119e+02 5.5236297607e+02 5.5234100342e+02 5.5232897949e+02 5.5232000732e+02 5.5230200195e+02 5.5227001953e+02 5.5225201416e+02 5.5225402832e+02 5.5223999023e+02 5.5223498535e+02 5.5221099854e+02 5.5216400146e+02 5.5214202881e+02 5.5214599609e+02 5.5212298584e+02 5.5207397461e+02 5.5203601074e+02 5.5204901123e+02 5.5205798340e+02 5.5203198242e+02 5.5203002930e+02 5.5205297852e+02 5.5210498047e+02 5.5214202881e+02 5.5216699219e+02 5.5217498779e+02 5.5214801025e+02
5.5258197021e+02 5.5252801514e+02 5.5248498535e+02 5.5253497314e+02 5.5255700684e+02 5.5256201172e+02 5.5256597900e+02 5.5259497070e+02 5.5257000732e+02 5.5251098633e+02 5.5249298096e+02 5.5245898438e+02 5.5244799805e+02 5.5243701172e+02 5.5243200684e+02 5.5240301514e+02 5.5236401367e+02 5.5233197021e+02 5.5232501221e+02 5.5234899902e+02 5.5232202148e+02 5.5230102539e+02 5.5230798340e+02 5.5229498291e+02 5.5226000977e+02 5.5222399902e+02 5.5219897461e+02 5.5219201660e+02 5.5219500732e+02 5.5217999268e+02 5.5214697266e+02 5.5212200928e+02 5.5212402344e+02 5.5209600830e+02 5.5204498291e+02 5.5203002930e+02 5.5204901123e+02 5.5206097412e+02 5.5205200195e+02 5.5209002686e+02 5.5213500977e+02 5.5215002441e+02 5.5213098145e+02 5.5211700439e+02 5.5211102295e+02 5.5207598877e+02
5.5254199219e+02 5.5250897217e+02 5.5253698730e+02 5.5255102539e+02 5.5252697754e+02 5.5251501465e+02 5.5253198242e+02 5.5256402588e+02 5.5253601074e+02 5.5248797607e+02 5.5251501465e+02 5.5245202637e+02 5.5242401123e+02 5.5241101074e+02 5.5242199707e+02 5.5238000488e+02 5.5233599854e+02 5.5232501221e+02 5.5232299805e+02 5.5230603027e+02 5.5228802490e+02 5.5226599121e+02 5.5224298096e+02 5.5224700928e+02 5.5221301270e+02 5.5217999268e+02 5.5216998291e+02 5.5215100098e+02 5.5214001465e+02 5.5213500977e+02 5.5210302734e+02 5.5207897949e+02 5.5207598877e+02 5.5206799316e+02 5.5203002930e+02 5.5202197266e+02 5.5204797363e+02 5.5208001709e+02 5.5210198975e+02 5.5215698242e+02 5.5216998291e+02 5.5211700439e+02 5.5209802246e+02 5.5209100342e+02 5.5208502197e+02 5.5205603027e+02
5.5254199219e+02 5.5249298096e+02 5.5250097656e+02 5.5250799561e+02 5.5248602295e+02 5.5250402832e+02 5.5251397705e+02 5.5251501465e+02 5.5249499512e+02 5.5246502686e+02 5.5248400879e+02 5.5244396973e+02 5.5239898682e+02 5.5238897705e+02 5.5241400146e+02 5.5236199951e+02 5.5232202148e+02 5.5231799316e+02 5.5231201172e+02 5.5227099609e+02 5.5224597168e+02 5.5222802734e+02 5.5219500732e+02 5.5220202637e+02 5.5218103027e+02 5.5217999268e+02 5.5218597412e+02 5.5214099121e+02 5.5211102295e+02 5.5209301758e+02 5.5207598877e+02 5.5206201172e+02 5.5206402588e+02 5.5205603027e+02 5.5203900146e+02 5.5205102539e+02 5.5209497070e+02 5.5211499023e+02 5.5209698486e+02 5.5211297607e+02 5.5209802246e+02 5.5204797363e+02 5.5207202148e+02 5.5207000732e+02 5.5202099609e+02 5.5196502686e+02
5.5254400635e+02 5.5249499512e+02 5.5246502686e+02 5.5247302246e+02 5.5247302246e+02 5.5250500488e+02 5.5249298096e+02 5.5247698975e+02 5.5245397949e+02 5.5242602539e+02 5.5241998291e+02 5.5241497803e+02 5.5240100098e+02 5.5238897705e+02 5.5240100098e+02 5.5236297607e+02 5.5232598877e+02 5.5229699707e+02 5.5228302002e+02 5.5226702881e+02 5.5224902344e+02 5.5222497559e+02 5.5218597412e+02 5.5217401123e+02 5.5215698242e+02 5.5216302490e+02 5.5216302490e+02 5.5211102295e+02 5.5209002686e+02 5.5208801270e+02 5.5207202148e+02 5.5205798340e+02 5.5207702637e+02 5.5208502197e+02 5.5208502197e+02 5.5210400391e+02 5.5213098145e+02 5.5212298584e+02 5.5208099365e+02 5.5208099365e+02 5.5206799316e+02 5.5202697754e+02 5.5202001953e+02 5.5199700928e+02 5.5194799805e+02 5.5190399170e+02
5.5252600098e+02 5.5249200439e+02 5.5245397949e+02 5.5245397949e+02 5.5246002197e+02 5.5247802734e+02 5.5246301270e+02 5.5244598389e+02 5.5243298340e+02 5.5241699219e+02 5.5238598633e+02 5.5238000488e+02 5.5239300537e+02 5.5237597656e+02 5.5236999512e+02 5.5236102295e+02 5.5233300781e+02 5.5228399658e+02 5.5226098633e+02 5.5227398682e+02 5.5225000000e+02 5.5221099854e+02 5.5217401123e+02 5.5216400146e+02 5.5214202881e+02 5.5212097168e+02 5.5212200928e+02 5.5210498047e+02 5.5209197998e+02 5.5209197998e+02 5.5208502197e+02 5.5207702637e+02 5.5210601807e+02 5.5212200928e+02 5.5211499023e+02 5.5209497070e+02 5.5208801270e+02 5.5207397461e+02 5.5204302979e+02 5.5204400635e+02 5.5202301025e+02 5.5197100830e+02 5.5192700195e+02 5.5190802002e+02 5.5188397217e+02 5.5186102295e+02
5.5248101807e+02 5.5244299316e+02 5.5241497803e+02 5.5241400146e+02 5.5242102051e+02 5.5242999268e+02 5.5243402100e+02 5.5241998291e+02 5.5240997314e+02 5.5239202881e+02 5.5236297607e+02 5.5236798096e+02 5.5238500977e+02 5.5236297607e+02 5.5231799316e+02 5.5232702637e+02 5.5230297852e+02 5.5226397705e+02 5.5223602295e+02 5.5224401855e+02 5.5223699951e+02 5.5221197510e+02 5.5216497803e+02 5.5215600586e+02 5.5213000488e+02 5.5209002686e+02 5.5211999512e+02 5.5214898682e+02 5.5211999512e+02 5.5209399414e+02 5.5209899902e+02 5.5211499023e+02 5.5213702393e+02 5.5213598633e+02 5.5211297607e+02 5.5207299805e+02 5.5204498291e+02 5.5203198242e+02 5.5197900391e+02 5.5195001221e+02 5.5193798828e+02 5.5190997314e+02 5.5186102295e+02 5.5184600830e+02 5.5183398438e+02 5.5182000732e+02
5.5243701172e+02 5.5240802002e+02 5.5236602783e+02 5.5237597656e+02 5.5239202881e+02 5.5240698242e+02 5.5240502930e+02 5.5238800049e+02 5.5237902832e+02 5.5235699463e+02 5.5234997559e+02 5.5234497070e+02 5.5234399414e+02 5.5236602783e+02 5.5233502197e+02 5.5228802490e+02 5.5227197266e+02 5.5225897217e+02 5.5223400879e+02 5.5220800781e+02 5.5219299316e+02 5.5216497803e+02 5.5213500977e+02 5.5214300537e+02 5.5211700439e+02 5.5208398438e+02 5.5209899902e+02 5.5210900879e+02 5.5213397217e+02 5.5215802002e+02 5.5215301514e+02 5.5214501953e+02 5.5214599609e+02 5.5211798096e+02 5.5207897949e+02 5.5205102539e+02 5.5199798584e+02 5.5196002197e+02 5.5190899658e+02 5.5187701416e+02 5.5186602783e+02 5.5185198975e+02 5.5181896973e+02 5.5183898926e+02 5.5180999756e+02 5.5178302002e+02
5.5241101074e+02 5.5239697266e+02 5.5235998535e+02 5.5236401367e+02 5.5237701416e+02 5.5239801025e+02 5.5238000488e+02 5.5235998535e+02 5.5235699463e+02 5.5233502197e+02 5.5234399414e+02 5.5233898926e+02 5.5230999756e+02 5.5234100342e+02 5.5235797119e+02 5.5226000977e+02 5.5222802734e+02 5.5223297119e+02 5.5221697998e+02 5.5218597412e+02 5.5216101074e+02 5.5213098145e+02 5.5211401367e+02 5.5214202881e+02 5.5213800049e+02 5.5211102295e+02 5.5211102295e+02 5.5212402344e+02 5.5216601563e+02 5.5218902588e+02 5.5216699219e+02 5.5214398193e+02 5.5211798096e+02 5.5206402588e+02 5.5199902344e+02 5.5196002197e+02 5.5191998291e+02 5.5189697266e+02 5.5186499023e+02 5.5184497070e+02 5.5183697510e+02 5.5183300781e+02 5.5180603027e+02 5.5180902100e+02 5.5178302002e+02 5.5174902344e+02
5.5239398193e+02 5.5238702393e+02 5.5236499023e+02 5.5233898926e+02 5.5233502197e+02 5.5235498047e+02 5.5234301758e+02 5.5233898926e+02 5.5235101318e+02 5.5232897949e+02 5.5232702637e+02 5.5231298828e+02 5.5228802490e+02 5.5230798340e+02 5.5233197021e+02 5.5224798584e+02 5.5219097900e+02 5.5219897461e+02 5.5221301270e+02 5.5221301270e+02 5.5219702148e+02 5.5215899658e+02 5.5213800049e+02 5.5217999268e+02 5.5219799805e+02 5.5216998291e+02 5.5214501953e+02 5.5214300537e+02 5.5215698242e+02 5.5214202881e+02 5.5209399414e+02 5.5206402588e+02 5.5203002930e+02 5.5197698975e+02 5.5191900635e+02 5.5188299561e+02 5.5186602783e+02 5.5186602783e+02 5.5183502197e+02 5.5181500244e+02 5.5180401611e+02 5.5180499268e+02 5.5178497314e+02 5.5176300049e+02 5.5175402832e+02 5.5172900391e+02
