TESTSERVER/11/16.asc
NCOLS 100
NROWS 100
XLLCORNER 8.0497500000e+03
YLLCORNER 2.8915025000e+05
CELLSIZE 5.0000000000e-01
NODATA_VALUE -9.9990000000e+03
[rows 60 to 79 of 100, columns 46 to 91 of 100]
5.5198797607e+02 5.5192401123e+02 5.5190502930e+02 5.5190502930e+02 5.5189501953e+02 5.5189501953e+02 5.5189801025e+02 5.5189398193e+02 5.5187597656e+02 5.5186199951e+02 5.5184100342e+02 5.5181500244e+02 5.5179498291e+02 5.5177502441e+02 5.5175299072e+02 5.5172802734e+02 5.5171099854e+02 5.5169396973e+02 5.5167797852e+02 5.5166998291e+02 5.5163598633e+02 5.5161102295e+02 5.5161102295e+02 5.5160400391e+02 5.5158801270e+02 5.5156701660e+02 5.5156201172e+02 5.5153900146e+02 5.5152502441e+02 5.5151202393e+02 5.5151501465e+02 5.5148498535e+02 5.5147802734e+02 5.5146099854e+02 5.5144201660e+02 5.5141198730e+02 5.5139099121e+02 5.5138598633e+02 5.5140100098e+02 5.5135601807e+02 5.5132897949e+02 5.5130297852e+02 5.5129602051e+02 5.5128198242e+02 5.5126898193e+02 5.5124200439e+02
5.5195098877e+02 5.5188702393e+02 5.5188397217e+02 5.5188000488e+02 5.5187402344e+02 5.5187402344e+02 5.5185900879e+02 5.5185900879e+02 5.5184899902e+02 5.5183001709e+02 5.5180999756e+02 5.5179602051e+02 5.5176702881e+02 5.5175299072e+02 5.5174298096e+02 5.5168902588e+02 5.5166699219e+02 5.5166101074e+02 5.5165502930e+02 5.5163000488e+02 5.5159899902e+02 5.5157800293e+02 5.5158197021e+02 5.5158001709e+02 5.5156597900e+02 5.5153900146e+02 5.5152001953e+02 5.5151300049e+02 5.5150598145e+02 5.5148101807e+02 5.5147399902e+02 5.5145898438e+02 5.5145202637e+02 5.5142297363e+02 5.5140197754e+02 5.5138299561e+02 5.5138598633e+02 5.5137597656e+02 5.5134997559e+02 5.5131896973e+02 5.5130902100e+02 5.5128100586e+02 5.5127197266e+02 5.5125000000e+02 5.5124200439e+02 5.5122698975e+02
5.5195300293e+02 5.5189202881e+02 5.5185498047e+02 5.5183898926e+02 5.5185198975e+02 5.5185198975e+02 5.5182000732e+02 5.5182702637e+02 5.5181896973e+02 5.5180200195e+02 5.5178399658e+02 5.5175897217e+02 5.5172497559e+02 5.5171002197e+02 5.5170300293e+02 5.5164898682e+02 5.5162902832e+02 5.5162200928e+02 5.5161401367e+02 5.5159301758e+02 5.5156597900e+02 5.5155200195e+02 5.5155798340e+02 5.5154602051e+02 5.5153302002e+02 5.5151098633e+02 5.5148999023e+02 5.5147601318e+02 5.5146801758e+02 5.5144299316e+02 5.5143597412e+02 5.5142901611e+02 5.5142700195e+02 5.5140399170e+02 5.5139202881e+02 5.5138000488e+02 5.5136297607e+02 5.5133697510e+02 5.5130798340e+02 5.5129302979e+02 5.5128900146e+02 5.5126501465e+02 5.5125299072e+02 5.5122399902e+02 5.5122302246e+02 5.5120599365e+02
5.5189599609e+02 5.5184497070e+02 5.5181402588e+02 5.5181097412e+02 5.5182501221e+02 5.5181799316e+02 5.5178601074e+02 5.5178601074e+02 5.5177301025e+02 5.5175701904e+02 5.5173797607e+02 5.5171801758e+02 5.5168200684e+02 5.5165997314e+02 5.5165698242e+02 5.5161297607e+02 5.5159899902e+02 5.5159002686e+02 5.5156896973e+02 5.5155499268e+02 5.5153997803e+02 5.5152502441e+02 5.5152197266e+02 5.5150500488e+02 5.5149200439e+02 5.5146997070e+02 5.5145001221e+02 5.5143298340e+02 5.5143103027e+02 5.5141900635e+02 5.5141400146e+02 5.5140002441e+02 5.5139300537e+02 5.5137597656e+02 5.5134399414e+02 5.5134802246e+02 5.5133398438e+02 5.5129699707e+02 5.5127801514e+02 5.5125799561e+02 5.5124298096e+02 5.5121801758e+02 5.5120800781e+02 5.5118902588e+02 5.5118597412e+02 5.5116900635e+02
5.5183197021e+02 5.5180902100e+02 5.5181097412e+02 5.5179400635e+02 5.5178497314e+02 5.5178100586e+02 5.5178002930e+02 5.5175299072e+02 5.5173199463e+02 5.5170397949e+02 5.5167999268e+02 5.5168701172e+02 5.5165197754e+02 5.5162097168e+02 5.5162298584e+02 5.5158398438e+02 5.5156201172e+02 5.5154699707e+02 5.5152301025e+02 5.5151702881e+02 5.5151599121e+02 5.5149902344e+02 5.5146600342e+02 5.5147198486e+02 5.5146197510e+02 5.5142602539e+02 5.5139599609e+02 5.5140399170e+02 5.5140802002e+02 5.5139202881e+02 5.5138598633e+02 5.5136700439e+02 5.5135797119e+02 5.5134197998e+02 5.5131597900e+02 5.5131500244e+02 5.5132098389e+02 5.5128698730e+02 5.5127301025e+02 5.5121997070e+02 5.5119702148e+02 5.5118499756e+02 5.5118597412e+02 5.5117901611e+02 5.5115399170e+02 5.5113201904e+02
5.5182000732e+02 5.5179302979e+02 5.5179302979e+02 5.5176800537e+02 5.5175299072e+02 5.5176000977e+02 5.5175201416e+02 5.5172399902e+02 5.5171197510e+02 5.5169097900e+02 5.5165802002e+02 5.5163800049e+02 5.5161297607e+02 5.5160101318e+02 5.5158599854e+02 5.5155200195e+02 5.5153399658e+02 5.5151397705e+02 5.5150201416e+02 5.5148999023e+02 5.5146801758e+02 5.5146502686e+02 5.5145300293e+02 5.5143701172e+02 5.5141900635e+02 5.5138800049e+02 5.5136901855e+02 5.5138000488e+02 5.5137402344e+02 5.5135198975e+02 5.5134997559e+02 5.5133801270e+02 5.5133801270e+02 5.5132299805e+02 5.5130102539e+02 5.5127600098e+02 5.5125897217e+02 5.5122900391e+02 5.5121697998e+02 5.5117797852e+02 5.5115600586e+02 5.5114801025e+02 5.5114697266e+02 5.5111901855e+02 5.5112298584e+02 5.5112298584e+02
5.5179602051e+02 5.5177301025e+02 5.5177099609e+02 5.5175097656e+02 5.5173901367e+02 5.5173797607e+02 5.5171398926e+02 5.5169897461e+02 5.5168798828e+02 5.5166497803e+02 5.5163500977e+02 5.5160101318e+02 5.5158001709e+02 5.5157202148e+02 5.5154797363e+02 5.5151599121e+02 5.5149798584e+02 5.5148602295e+02 5.5146899414e+02 5.5145800781e+02 5.5142797852e+02 5.5142602539e+02 5.5143103027e+02 5.5140002441e+02 5.5137597656e+02 5.5135601807e+02 5.5134100342e+02 5.5133898926e+02 5.5133001709e+02 5.5131799316e+02 5.5131402588e+02 5.5129302979e+02 5.5129797363e+02 5.5128997803e+02 5.5127301025e+02 5.5123602295e+02 5.5121600342e+02 5.5118902588e+02 5.5116497803e+02 5.5113201904e+02 5.5111700439e+02 5.5111602783e+02 5.5112799072e+02 5.5109600830e+02 5.5109802246e+02 5.5109698486e+02
5.5178002930e+02 5.5176702881e+02 5.5174700928e+02 5.5171301270e+02 5.5171002197e+02 5.5171002197e+02 5.5167602539e+02 5.5167401123e+02 5.5166900635e+02 5.5163397217e+02 5.5160900879e+02 5.5157702637e+02 5.5155297852e+02 5.5153698730e+02 5.5152099609e+02 5.5148602295e+02 5.5146502686e+02 5.5145599365e+02 5.5142602539e+02 5.5142498779e+02 5.5139898682e+02 5.5138500977e+02 5.5138800049e+02 5.5136798096e+02 5.5134899902e+02 5.5133697510e+02 5.5131896973e+02 5.5130999756e+02 5.5129699707e+02 5.5128302002e+02 5.5127001953e+02 5.5125000000e+02 5.5125201416e+02 5.5123999023e+02 5.5122698975e+02 5.5120098877e+02 5.5119201660e+02 5.5117498779e+02 5.5114801025e+02 5.5111602783e+02 5.5110101318e+02 5.5108599854e+02 5.5109399414e+02 5.5107000732e+02 5.5105499268e+02 5.5104400635e+02
5.5174102783e+02 5.5175799561e+02 5.5173699951e+02 5.5169500732e+02 5.5169000244e+02 5.5169000244e+02 5.5165502930e+02 5.5163299561e+02 5.5163098145e+02 5.5160601807e+02 5.5156799316e+02 5.5155499268e+02 5.5153100586e+02 5.5150500488e+02 5.5148699951e+02 5.5144500732e+02 5.5143402100e+02 5.5142901611e+02 5.5139801025e+02 5.5139501953e+02 5.5137097168e+02 5.5134497070e+02 5.5133898926e+02 5.5133099365e+02 5.5131500244e+02 5.5128802490e+02 5.5127197266e+02 5.5128002930e+02 5.5126702881e+02 5.5123901367e+02 5.5121600342e+02 5.5122900391e+02 5.5122198486e+02 5.5118798828e+02 5.5117199707e+02 5.5116198730e+02 5.5115002441e+02 5.5113500977e+02 5.5112097168e+02 5.5108898926e+02 5.5107598877e+02 5.5104998779e+02 5.5104498291e+02 5.5102099609e+02 5.5102197266e+02 5.5101501465e+02
5.5169702148e+02 5.5171398926e+02 5.5169201660e+02 5.5167797852e+02 5.5166497803e+02 5.5166497803e+02 5.5163397217e+02 5.5160699463e+02 5.5160198975e+02 5.5158099365e+02 5.5153002930e+02 5.5152697754e+02 5.5150097656e+02 5.5146301270e+02 5.5145001221e+02 5.5142498779e+02 5.5140802002e+02 5.5139202881e+02 5.5136700439e+02 5.5135601807e+02 5.5133599854e+02 5.5131402588e+02 5.5130798340e+02 5.5128802490e+02 5.5127801514e+02 5.5125500488e+02 5.5124401855e+02 5.5123400879e+02 5.5122198486e+02 5.5119702148e+02 5.5118902588e+02 5.5117700195e+02 5.5117297363e+02 5.5114898682e+02 5.5113201904e+02 5.5111901855e+02 5.5111199951e+02 5.5108898926e+02 5.5106402588e+02 5.5104699707e+02 5.5105401611e+02 5.5102502441e+02 5.5102099609e+02 5.5098797607e+02 5.5099200439e+02 5.5098901367e+02
5.5166998291e+02 5.5167498779e+02 5.5164099121e+02 5.5164099121e+02 5.5163000488e+02 5.5162799072e+02 5.5159802246e+02 5.5157501221e+02 5.5156597900e+02 5.5154498291e+02 5.5150299072e+02 5.5149798584e+02 5.5147100830e+02 5.5143103027e+02 5.5142602539e+02 5.5139898682e+02 5.5137200928e+02 5.5135302734e+02 5.5133898926e+02 5.5132000732e+02 5.5130798340e+02 5.5128802490e+02 5.5127697754e+02 5.5126300049e+02 5.5124499512e+02 5.5121099854e+02 5.5119201660e+02 5.5118902588e+02 5.5117401123e+02 5.5115399170e+02 5.5115899658e+02 5.5113000488e+02 5.5113201904e+02 5.5112097168e+02 5.5109197998e+02 5.5107299805e+02 5.5107702637e+02 5.5105401611e+02 5.5102697754e+02 5.5101202393e+02 5.5101000977e+02 5.5097900391e+02 5.5097302246e+02 5.5095697021e+02 5.5094897461e+02 5.5093597412e+02
5.5167199707e+02 5.5166998291e+02 5.5162902832e+02 5.5161798096e+02 5.5159600830e+02 5.5158300781e+02 5.5155798340e+02 5.5155499268e+02 5.5154400635e+02 5.5151702881e+02 5.5149298096e+02 5.5148400879e+02 5.5144897461e+02 5.5141198730e+02 5.5140399170e+02 5.5136999512e+02 5.5133898926e+02 5.5132000732e+02 5.5131298828e+02 5.5128997803e+02 5.5127600098e+02 5.5125799561e+02 5.5124298096e+02 5.5122900391e+02 5.5120898438e+02 5.5117102051e+02 5.5115002441e+02 5.5116198730e+02 5.5114202881e+02 5.5111901855e+02 5.5111199951e+02 5.5109197998e+02 5.5109997559e+02 5.5108197021e+02 5.5104699707e+02 5.5102697754e+02 5.5102899170e+02 5.5100799561e+02 5.5099798584e+02 5.5097198486e+02 5.5095300293e+02 5.5093402100e+02 5.5092901611e+02 5.5092401123e+02 5.5091900635e+02 5.5089801025e+02
5.5167297363e+02 5.5165698242e+02 5.5163897705e+02 5.5159600830e+02 5.5155401611e+02 5.5154101563e+02 5.5153497314e+02 5.5153198242e+02 5.5151397705e+02 5.5148297119e+02 5.5147100830e+02 5.5145397949e+02 5.5141101074e+02 5.5138702393e+02 5.5138800049e+02 5.5135400391e+02 5.5134100342e+02 5.5132397461e+02 5.5129302979e+02 5.5126300049e+02 5.5122998047e+02 5.5122802734e+02 5.5121997070e+02 5.5118798828e+02 5.5117498779e+02 5.5114697266e+02 5.5112097168e+02 5.5112902832e+02 5.5111102295e+02 5.5108599854e+02 5.5107000732e+02 5.5106402588e+02 5.5104797363e+02 5.5102197266e+02 5.5101202393e+02 5.5097900391e+02 5.5096997070e+02 5.5095599365e+02 5.5095098877e+02 5.5092401123e+02 5.5090002441e+02 5.5089501953e+02 5.5090100098e+02 5.5087298584e+02 5.5088201904e+02 5.5087597656e+02
5.5162902832e+02 5.5161602783e+02 5.5160400391e+02 5.5159197998e+02 5.5154302979e+02 5.5151300049e+02 5.5151000977e+02 5.5150500488e+02 5.5148199463e+02 5.5145397949e+02 5.5144598389e+02 5.5141802979e+02 5.5138098145e+02 5.5135699463e+02 5.5134997559e+02 5.5131597900e+02 5.5130603027e+02 5.5130200195e+02 5.5126397705e+02 5.5123297119e+02 5.5119396973e+02 5.5117901611e+02 5.5117297363e+02 5.5114599609e+02 5.5113201904e+02 5.5110699463e+02 5.5108197021e+02 5.5108697510e+02 5.5106799316e+02 5.5105200195e+02 5.5105499268e+02 5.5102801514e+02 5.5100598145e+02 5.5098999023e+02 5.5098101807e+02 5.5093902588e+02 5.5092102051e+02 5.5090698242e+02 5.5090600586e+02 5.5088702393e+02 5.5086999512e+02 5.5085601807e+02 5.5084899902e+02 5.5083898926e+02 5.5083398438e+02 5.5082098389e+02
5.5160400391e+02 5.5159301758e+02 5.5156701660e+02 5.5155401611e+02 5.5151599121e+02 5.5148199463e+02 5.5147900391e+02 5.5147198486e+02 5.5145098877e+02 5.5143103027e+02 5.5141601563e+02 5.5137701416e+02 5.5133898926e+02 5.5132702637e+02 5.5133599854e+02 5.5130200195e+02 5.5127398682e+02 5.5125402832e+02 5.5122302246e+02 5.5119299316e+02 5.5117102051e+02 5.5115600586e+02 5.5114501953e+02 5.5111700439e+02 5.5110198975e+02 5.5107897949e+02 5.5105700684e+02 5.5105200195e+02 5.5102801514e+02 5.5101098633e+02 5.5101098633e+02 5.5098602295e+02 5.5096997070e+02 5.5095898438e+02 5.5093200684e+02 5.5089099121e+02 5.5089099121e+02 5.5088702393e+02 5.5087200928e+02 5.5085302734e+02 5.5083001709e+02 5.5081097412e+02 5.5080499268e+02 5.5079797363e+02 5.5078802490e+02 5.5077197266e+02
5.5156799316e+02 5.5157299805e+02 5.5154302979e+02 5.5151800537e+02 5.5149401855e+02 5.5146398926e+02 5.5145098877e+02 5.5144598389e+02 5.5141400146e+02 5.5139501953e+02 5.5137799072e+02 5.5135302734e+02 5.5130603027e+02 5.5128698730e+02 5.5129400635e+02 5.5127099609e+02 5.5124700928e+02 5.5122198486e+02 5.5119598389e+02 5.5116198730e+02 5.5113702393e+02 5.5112402344e+02 5.5111700439e+02 5.5108398438e+02 5.5106701660e+02 5.5104302979e+02 5.5102899170e+02 5.5102398682e+02 5.5099700928e+02 5.5097601318e+02 5.5096502686e+02 5.5093798828e+02 5.5092401123e+02 5.5090698242e+02 5.5088201904e+02 5.5084997559e+02 5.5085601807e+02 5.5085101318e+02 5.5081896973e+02 5.5080999756e+02 5.5079199219e+02 5.5078399658e+02 5.5078601074e+02 5.5076898193e+02 5.5075598145e+02 5.5074597168e+02
5.5153198242e+02 5.5155297852e+02 5.5152697754e+02 5.5149798584e+02 5.5146697998e+02 5.5143597412e+02 5.5142602539e+02 5.5142102051e+02 5.5138897705e+02 5.5136102295e+02 5.5135101318e+02 5.5132098389e+02 5.5127600098e+02 5.5125402832e+02 5.5124298096e+02 5.5123101807e+02 5.5121002197e+02 5.5119500732e+02 5.5118103027e+02 5.5114202881e+02 5.5111499023e+02 5.5109802246e+02 5.5107897949e+02 5.5104901123e+02 5.5102502441e+02 5.5100701904e+02 5.5099499512e+02 5.5097497559e+02 5.5095800781e+02 5.5094396973e+02 5.5093298340e+02 5.5090399170e+02 5.5087500000e+02 5.5084399414e+02 5.5084301758e+02 5.5082397461e+02 5.5081097412e+02 5.5079101563e+02 5.5078002930e+02 5.5077301025e+02 5.5076397705e+02 5.5074902344e+02 5.5073602295e+02 5.5072998047e+02 5.5069897461e+02 5.5069097900e+02
5.5148602295e+02 5.5151000977e+02 5.5149902344e+02 5.5146197510e+02 5.5143597412e+02 5.5140502930e+02 5.5138000488e+02 5.5138299561e+02 5.5136499023e+02 5.5134100342e+02 5.5133398438e+02 5.5129400635e+02 5.5124700928e+02 5.5123101807e+02 5.5121899414e+02 5.5119201660e+02 5.5116900635e+02 5.5116198730e+02 5.5114599609e+02 5.5111901855e+02 5.5110101318e+02 5.5107299805e+02 5.5104797363e+02 5.5102502441e+02 5.5100097656e+02 5.5096600342e+02 5.5093701172e+02 5.5093499756e+02 5.5091802979e+02 5.5089697266e+02 5.5088000488e+02 5.5086798096e+02 5.5085198975e+02 5.5081201172e+02 5.5080700684e+02 5.5079901123e+02 5.5078002930e+02 5.5074401855e+02 5.5072497559e+02 5.5073101807e+02 5.5072601318e+02 5.5070800781e+02 5.5068298340e+02 5.5067901611e+02 5.5068200684e+02 5.5066302490e+02
5.5144799805e+02 5.5148199463e+02 5.5150000000e+02 5.5145599365e+02 5.5142199707e+02 5.5138897705e+02 5.5135302734e+02 5.5135400391e+02 5.5133502197e+02 5.5131701660e+02 5.5130700684e+02 5.5126397705e+02 5.5122601318e+02 5.5121899414e+02 5.5120202637e+02 5.5117498779e+02 5.5115399170e+02 5.5114099121e+02 5.5111199951e+02 5.5108197021e+02 5.5106201172e+02 5.5103698730e+02 5.5102398682e+02 5.5098999023e+02 5.5096600342e+02 5.5093298340e+02 5.5090399170e+02 5.5090600586e+02 5.5089501953e+02 5.5087597656e+02 5.5085998535e+02 5.5084002686e+02 5.5082897949e+02 5.5078900146e+02 5.5077301025e+02 5.5075598145e+02 5.5073901367e+02 5.5070599365e+02 5.5069097900e+02 5.5069702148e+02 5.5068200684e+02 5.5067602539e+02 5.5065997314e+02 5.5065399170e+02 5.5065502930e+02 5.5062298584e+02
5.5143701172e+02 5.5145898438e+02 5.5147100830e+02 5.5143103027e+02 5.5139501953e+02 5.5136102295e+02 5.5133599854e+02 5.5132897949e+02 5.5131500244e+02 5.5130700684e+02 5.5127099609e+02 5.5123602295e+02 5.5120800781e+02 5.5119598389e+02 5.5117401123e+02 5.5115100098e+02 5.5113800049e+02 5.5112298584e+02 5.5109399414e+02 5.5106097412e+02 5.5103802490e+02 5.5101300049e+02 5.5099597168e+02 5.5095697021e+02 5.5093597412e+02 5.5090502930e+02 5.5087200928e+02 5.5086798096e+02 5.5086102295e+02 5.5083801270e+02 5.5083300781e+02 5.5081097412e+02 5.5080401611e+02 5.5076098633e+02 5.5074102783e+02 5.5072802734e+02 5.5071502686e+02 5.5068402100e+02 5.5066998291e+02 5.5067602539e+02 5.5065997314e+02 5.5065100098e+02 5.5062097168e+02 5.5061798096e+02 5.5060900879e+02 5.5057598877e+02
