TESTSERVER/11/2.asc
NCOLS 100
NROWS 100
XLLCORNER 8.0497500000e+03
YLLCORNER 2.8985025000e+05
CELLSIZE 5.0000000000e-01
NODATA_VALUE -9.9990000000e+03
[rows 60 to 79 of 100, columns 46 to 91 of 100]
6.5773999023e+02 6.5771398926e+02 6.5770300293e+02 6.5768902588e+02 6.5766302490e+02 6.5765100098e+02 6.5763800049e+02 6.5763201904e+02 6.5764398193e+02 6.5765301514e+02 6.5765997314e+02 6.5766198730e+02 6.5765197754e+02 6.5764898682e+02 6.5766198730e+02 6.5768902588e+02 6.5772900391e+02 6.5773199463e+02 6.5775201416e+02 6.5778100586e+02 6.5781500244e+02 6.5783697510e+02 6.5788897705e+02 6.5794500732e+02 6.5799700928e+02 6.5807098389e+02 6.5813702393e+02 6.5819598389e+02 6.5825402832e+02 6.5835198975e+02 6.5844299316e+02 6.5852197266e+02 6.5859802246e+02 6.5868701172e+02 6.5877502441e+02 6.5886798096e+02 6.5893902588e+02 6.5904302979e+02 6.5912402344e+02 6.5922698975e+02 6.5934497070e+02 6.5944598389e+02 6.5953698730e+02 6.5964001465e+02 6.5971398926e+02 6.5982397461e+02
6.5771502686e+02 6.5767602539e+02 6.5766101074e+02 6.5765899658e+02 6.5764697266e+02 6.5761798096e+02 6.5760699463e+02 6.5761297607e+02 6.5761297607e+02 6.5761401367e+02 6.5762200928e+02 6.5762298584e+02 6.5761999512e+02 6.5762298584e+02 6.5762500000e+02 6.5763397217e+02 6.5767297363e+02 6.5768701172e+02 6.5771099854e+02 6.5772302246e+02 6.5776202393e+02 6.5779602051e+02 6.5784802246e+02 6.5790100098e+02 6.5796899414e+02 6.5802502441e+02 6.5808599854e+02 6.5815002441e+02 6.5821502686e+02 6.5828802490e+02 6.5836700439e+02 6.5845300293e+02 6.5853198242e+02 6.5861401367e+02 6.5869598389e+02 6.5880102539e+02 6.5887597656e+02 6.5896099854e+02 6.5904199219e+02 6.5915100098e+02 6.5927697754e+02 6.5937402344e+02 6.5945697021e+02 6.5954901123e+02 6.5964501953e+02 6.5976000977e+02
6.5767297363e+02 6.5763897705e+02 6.5761499023e+02 6.5760900879e+02 6.5760601807e+02 6.5759002686e+02 6.5757501221e+02 6.5758197021e+02 6.5758099365e+02 6.5758502197e+02 6.5758398438e+02 6.5758398438e+02 6.5757702637e+02 6.5759197998e+02 6.5760101318e+02 6.5759802246e+02 6.5763299561e+02 6.5764001465e+02 6.5766601563e+02 6.5767999268e+02 6.5771899414e+02 6.5776300049e+02 6.5780999756e+02 6.5785601807e+02 6.5792498779e+02 6.5796899414e+02 6.5802801514e+02 6.5808697510e+02 6.5815997314e+02 6.5822302246e+02 6.5829602051e+02 6.5836999512e+02 6.5845001221e+02 6.5853497314e+02 6.5862097168e+02 6.5872497559e+02 6.5880798340e+02 6.5888299561e+02 6.5896398926e+02 6.5907299805e+02 6.5917602539e+02 6.5928497314e+02 6.5938098145e+02 6.5947998047e+02 6.5958001709e+02 6.5967102051e+02
6.5762097168e+02 6.5759698486e+02 6.5758599854e+02 6.5757598877e+02 6.5755297852e+02 6.5754998779e+02 6.5754199219e+02 6.5754302979e+02 6.5754302979e+02 6.5754797363e+02 6.5753601074e+02 6.5754602051e+02 6.5754101563e+02 6.5756298828e+02 6.5758197021e+02 6.5758197021e+02 6.5760101318e+02 6.5760699463e+02 6.5762500000e+02 6.5765100098e+02 6.5768701172e+02 6.5772802734e+02 6.5777197266e+02 6.5780902100e+02 6.5786798096e+02 6.5790802002e+02 6.5796398926e+02 6.5802502441e+02 6.5810101318e+02 6.5815502930e+02 6.5823602295e+02 6.5830499268e+02 6.5838500977e+02 6.5847198486e+02 6.5855603027e+02 6.5864398193e+02 6.5872399902e+02 6.5880902100e+02 6.5889599609e+02 6.5900097656e+02 6.5909399414e+02 6.5920800781e+02 6.5930603027e+02 6.5941400146e+02 6.5951098633e+02 6.5959197998e+02
6.5757397461e+02 6.5756799316e+02 6.5756701660e+02 6.5754699707e+02 6.5750701904e+02 6.5751800537e+02 6.5752099609e+02 6.5751202393e+02 6.5751702881e+02 6.5751599121e+02 6.5749597168e+02 6.5750500488e+02 6.5749798584e+02 6.5751202393e+02 6.5753198242e+02 6.5754797363e+02 6.5756500244e+02 6.5757897949e+02 6.5759301758e+02 6.5761700439e+02 6.5765100098e+02 6.5768902588e+02 6.5773999023e+02 6.5777502441e+02 6.5781201172e+02 6.5785302734e+02 6.5791601563e+02 6.5798101807e+02 6.5803601074e+02 6.5810699463e+02 6.5819201660e+02 6.5825402832e+02 6.5832897949e+02 6.5840600586e+02 6.5848797607e+02 6.5857299805e+02 6.5865301514e+02 6.5872601318e+02 6.5879998779e+02 6.5889898682e+02 6.5901501465e+02 6.5912402344e+02 6.5921502686e+02 6.5933099365e+02 6.5943200684e+02 6.5953302002e+02
6.5753198242e+02 6.5752099609e+02 6.5752398682e+02 6.5750897217e+02 6.5748797607e+02 6.5749798584e+02 6.5748999023e+02 6.5747998047e+02 6.5748400879e+02 6.5749298096e+02 6.5746600342e+02 6.5746600342e+02 6.5747302246e+02 6.5747698975e+02 6.5747302246e+02 6.5748999023e+02 6.5751599121e+02 6.5753601074e+02 6.5754998779e+02 6.5756896973e+02 6.5761401367e+02 6.5765100098e+02 6.5769799805e+02 6.5773901367e+02 6.5778399658e+02 6.5780902100e+02 6.5786798096e+02 6.5793200684e+02 6.5798498535e+02 6.5803997803e+02 6.5812701416e+02 6.5819299316e+02 6.5826202393e+02 6.5834002686e+02 6.5841998291e+02 6.5850201416e+02 6.5858898926e+02 6.5865698242e+02 6.5872802734e+02 6.5883099365e+02 6.5893701172e+02 6.5903900146e+02 6.5912701416e+02 6.5922998047e+02 6.5931500244e+02 6.5942901611e+02
6.5748999023e+02 6.5747198486e+02 6.5747497559e+02 6.5746899414e+02 6.5746697998e+02 6.5746502686e+02 6.5744396973e+02 6.5744201660e+02 6.5744396973e+02 6.5745599365e+02 6.5743798828e+02 6.5743701172e+02 6.5743402100e+02 6.5744201660e+02 6.5744201660e+02 6.5745001221e+02 6.5747302246e+02 6.5749902344e+02 6.5751800537e+02 6.5754199219e+02 6.5758099365e+02 6.5760302734e+02 6.5764398193e+02 6.5769201660e+02 6.5774200439e+02 6.5777197266e+02 6.5782000732e+02 6.5787902832e+02 6.5794702148e+02 6.5799700928e+02 6.5806500244e+02 6.5813098145e+02 6.5820098877e+02 6.5827600098e+02 6.5835498047e+02 6.5842999268e+02 6.5852001953e+02 6.5859100342e+02 6.5866497803e+02 6.5876702881e+02 6.5885699463e+02 6.5896997070e+02 6.5906701660e+02 6.5915502930e+02 6.5922601318e+02 6.5932897949e+02
6.5744897461e+02 6.5742700195e+02 6.5743103027e+02 6.5743597412e+02 6.5743902588e+02 6.5741998291e+02 6.5739300537e+02 6.5739801025e+02 6.5739898682e+02 6.5739801025e+02 6.5738500977e+02 6.5739099121e+02 6.5739501953e+02 6.5739501953e+02 6.5740197754e+02 6.5741900635e+02 6.5743103027e+02 6.5745202637e+02 6.5747998047e+02 6.5751599121e+02 6.5754400635e+02 6.5757000732e+02 6.5760797119e+02 6.5764001465e+02 6.5768701172e+02 6.5774499512e+02 6.5778698730e+02 6.5783197021e+02 6.5790197754e+02 6.5796197510e+02 6.5801300049e+02 6.5807299805e+02 6.5814202881e+02 6.5821099854e+02 6.5828900146e+02 6.5836999512e+02 6.5845800781e+02 6.5852301025e+02 6.5859600830e+02 6.5869299316e+02 6.5877398682e+02 6.5888299561e+02 6.5898297119e+02 6.5907501221e+02 6.5915399170e+02 6.5922998047e+02
6.5739001465e+02 6.5738000488e+02 6.5737597656e+02 6.5738201904e+02 6.5740197754e+02 6.5738397217e+02 6.5736297607e+02 6.5735699463e+02 6.5734802246e+02 6.5734899902e+02 6.5734002686e+02 6.5735101318e+02 6.5736999512e+02 6.5736999512e+02 6.5735900879e+02 6.5737298584e+02 6.5740100098e+02 6.5742602539e+02 6.5745599365e+02 6.5748602295e+02 6.5751000977e+02 6.5753601074e+02 6.5757098389e+02 6.5759100342e+02 6.5763098145e+02 6.5770501709e+02 6.5775000000e+02 6.5778497314e+02 6.5784301758e+02 6.5792297363e+02 6.5796197510e+02 6.5800598145e+02 6.5806701660e+02 6.5813299561e+02 6.5821398926e+02 6.5829998779e+02 6.5840698242e+02 6.5846801758e+02 6.5853198242e+02 6.5861602783e+02 6.5870800781e+02 6.5880401611e+02 6.5888598633e+02 6.5897698975e+02 6.5907000732e+02 6.5916400146e+02
6.5733398438e+02 6.5734698486e+02 6.5733197021e+02 6.5733502197e+02 6.5734899902e+02 6.5733099365e+02 6.5730999756e+02 6.5730700684e+02 6.5729901123e+02 6.5730798340e+02 6.5732000732e+02 6.5732397461e+02 6.5732501221e+02 6.5732800293e+02 6.5732897949e+02 6.5734100342e+02 6.5736999512e+02 6.5739202881e+02 6.5741802979e+02 6.5743597412e+02 6.5747399902e+02 6.5750000000e+02 6.5753399658e+02 6.5755999756e+02 6.5759399414e+02 6.5764599609e+02 6.5769702148e+02 6.5773699951e+02 6.5779101563e+02 6.5787298584e+02 6.5793103027e+02 6.5797698975e+02 6.5802899170e+02 6.5807897949e+02 6.5814697266e+02 6.5823101807e+02 6.5832202148e+02 6.5839501953e+02 6.5846301270e+02 6.5853900146e+02 6.5861401367e+02 6.5872198486e+02 6.5879998779e+02 6.5888500977e+02 6.5898999023e+02 6.5908502197e+02
6.5727197266e+02 6.5728399658e+02 6.5727099609e+02 6.5727301025e+02 6.5726898193e+02 6.5725701904e+02 6.5725299072e+02 6.5725402832e+02 6.5725097656e+02 6.5725799561e+02 6.5726898193e+02 6.5728100586e+02 6.5729602051e+02 6.5730297852e+02 6.5730798340e+02 6.5731402588e+02 6.5734600830e+02 6.5737298584e+02 6.5738897705e+02 6.5739599609e+02 6.5742700195e+02 6.5743200684e+02 6.5747302246e+02 6.5751397705e+02 6.5754797363e+02 6.5758599854e+02 6.5763201904e+02 6.5767901611e+02 6.5774102783e+02 6.5780902100e+02 6.5786798096e+02 6.5792199707e+02 6.5798199463e+02 6.5803601074e+02 6.5810198975e+02 6.5816998291e+02 6.5823400879e+02 6.5831896973e+02 6.5839300537e+02 6.5847601318e+02 6.5855499268e+02 6.5863800049e+02 6.5870898438e+02 6.5878601074e+02 6.5889398193e+02 6.5899102783e+02
6.5721997070e+02 6.5721398926e+02 6.5721099854e+02 6.5722100830e+02 6.5721002197e+02 6.5719000244e+02 6.5720001221e+02 6.5720501709e+02 6.5720501709e+02 6.5720501709e+02 6.5721197510e+02 6.5723797607e+02 6.5725701904e+02 6.5726800537e+02 6.5728100586e+02 6.5729498291e+02 6.5731298828e+02 6.5733801270e+02 6.5734698486e+02 6.5735797119e+02 6.5738397217e+02 6.5738299561e+02 6.5742199707e+02 6.5746002197e+02 6.5749401855e+02 6.5753802490e+02 6.5758001709e+02 6.5761999512e+02 6.5768298340e+02 6.5773999023e+02 6.5780102539e+02 6.5786297607e+02 6.5791998291e+02 6.5797698975e+02 6.5804998779e+02 6.5810498047e+02 6.5815802002e+02 6.5825000000e+02 6.5832501221e+02 6.5840698242e+02 6.5850598145e+02 6.5856799316e+02 6.5863000488e+02 6.5870098877e+02 6.5880102539e+02 6.5889801025e+02
6.5714599609e+02 6.5713897705e+02 6.5715002441e+02 6.5715600586e+02 6.5714501953e+02 6.5713098145e+02 6.5715002441e+02 6.5715399170e+02 6.5714202881e+02 6.5716497803e+02 6.5719500732e+02 6.5720697021e+02 6.5719299316e+02 6.5720300293e+02 6.5722497559e+02 6.5725000000e+02 6.5727697754e+02 6.5730700684e+02 6.5731097412e+02 6.5732000732e+02 6.5734997559e+02 6.5734997559e+02 6.5736999512e+02 6.5739898682e+02 6.5743597412e+02 6.5749902344e+02 6.5754199219e+02 6.5756799316e+02 6.5762200928e+02 6.5767999268e+02 6.5774102783e+02 6.5780798340e+02 6.5785900879e+02 6.5791802979e+02 6.5799298096e+02 6.5804998779e+02 6.5810302734e+02 6.5818902588e+02 6.5825897217e+02 6.5832800293e+02 6.5842102051e+02 6.5849902344e+02 6.5857098389e+02 6.5865002441e+02 6.5873101807e+02 6.5881597900e+02
6.5709399414e+02 6.5709301758e+02 6.5709399414e+02 6.5709698486e+02 6.5709997559e+02 6.5708099365e+02 6.5709399414e+02 6.5710302734e+02 6.5710198975e+02 6.5711700439e+02 6.5712500000e+02 6.5713800049e+02 6.5715502930e+02 6.5715100098e+02 6.5716198730e+02 6.5718701172e+02 6.5721801758e+02 6.5725897217e+02 6.5728002930e+02 6.5728198242e+02 6.5729998779e+02 6.5731097412e+02 6.5733099365e+02 6.5735302734e+02 6.5738897705e+02 6.5743597412e+02 6.5748498535e+02 6.5752197266e+02 6.5757397461e+02 6.5762097168e+02 6.5767999268e+02 6.5774102783e+02 6.5780200195e+02 6.5785900879e+02 6.5792999268e+02 6.5799401855e+02 6.5805499268e+02 6.5813598633e+02 6.5819702148e+02 6.5826000977e+02 6.5834399414e+02 6.5842498779e+02 6.5848699951e+02 6.5855603027e+02 6.5865100098e+02 6.5872497559e+02
6.5704602051e+02 6.5703002930e+02 6.5703198242e+02 6.5703497314e+02 6.5703497314e+02 6.5703198242e+02 6.5704199219e+02 6.5705102539e+02 6.5705902100e+02 6.5707000732e+02 6.5706701660e+02 6.5708502197e+02 6.5711297607e+02 6.5711401367e+02 6.5711901855e+02 6.5712298584e+02 6.5715997314e+02 6.5720098877e+02 6.5722302246e+02 6.5723199463e+02 6.5725000000e+02 6.5726599121e+02 6.5729797363e+02 6.5731500244e+02 6.5733599854e+02 6.5737701416e+02 6.5742602539e+02 6.5746997070e+02 6.5752502441e+02 6.5758197021e+02 6.5763702393e+02 6.5768402100e+02 6.5774200439e+02 6.5779901123e+02 6.5786700439e+02 6.5793597412e+02 6.5800799561e+02 6.5807800293e+02 6.5813702393e+02 6.5819598389e+02 6.5826800537e+02 6.5833502197e+02 6.5840002441e+02 6.5847100830e+02 6.5857397461e+02 6.5864099121e+02
6.5699597168e+02 6.5697497559e+02 6.5697802734e+02 6.5697802734e+02 6.5696899414e+02 6.5698297119e+02 6.5698797607e+02 6.5698999023e+02 6.5699298096e+02 6.5700402832e+02 6.5701300049e+02 6.5703399658e+02 6.5703997803e+02 6.5706298828e+02 6.5707702637e+02 6.5706896973e+02 6.5711199951e+02 6.5715100098e+02 6.5717401123e+02 6.5718902588e+02 6.5720501709e+02 6.5722497559e+02 6.5725500488e+02 6.5727502441e+02 6.5729101563e+02 6.5733398438e+02 6.5737701416e+02 6.5741900635e+02 6.5746502686e+02 6.5751800537e+02 6.5757800293e+02 6.5761999512e+02 6.5767199707e+02 6.5773101807e+02 6.5780200195e+02 6.5786297607e+02 6.5793701172e+02 6.5801202393e+02 6.5807702637e+02 6.5813500977e+02 6.5820599365e+02 6.5827197266e+02 6.5834802246e+02 6.5841497803e+02 6.5850299072e+02 6.5857299805e+02
6.5694500732e+02 6.5693701172e+02 6.5693499756e+02 6.5690600586e+02 6.5690002441e+02 6.5691699219e+02 6.5693103027e+02 6.5693798828e+02 6.5693103027e+02 6.5694598389e+02 6.5696899414e+02 6.5698400879e+02 6.5698400879e+02 6.5700402832e+02 6.5702600098e+02 6.5703198242e+02 6.5707702637e+02 6.5711602783e+02 6.5713897705e+02 6.5715600586e+02 6.5717498779e+02 6.5718798828e+02 6.5720697021e+02 6.5723199463e+02 6.5726300049e+02 6.5729699707e+02 6.5733697510e+02 6.5736901855e+02 6.5741101074e+02 6.5744299316e+02 6.5750598145e+02 6.5755999756e+02 6.5760900879e+02 6.5767602539e+02 6.5774102783e+02 6.5778601074e+02 6.5784600830e+02 6.5791900635e+02 6.5798901367e+02 6.5805200195e+02 6.5814001465e+02 6.5819201660e+02 6.5826098633e+02 6.5833398438e+02 6.5842401123e+02 6.5849102783e+02
6.5689697266e+02 6.5687902832e+02 6.5687701416e+02 6.5687097168e+02 6.5687500000e+02 6.5685900879e+02 6.5686999512e+02 6.5689697266e+02 6.5689300537e+02 6.5690698242e+02 6.5692199707e+02 6.5693701172e+02 6.5694299316e+02 6.5695800781e+02 6.5696899414e+02 6.5699102783e+02 6.5702801514e+02 6.5705902100e+02 6.5707598877e+02 6.5709899902e+02 6.5711102295e+02 6.5713201904e+02 6.5715802002e+02 6.5718200684e+02 6.5720800781e+02 6.5725000000e+02 6.5729998779e+02 6.5732702637e+02 6.5736199951e+02 6.5740698242e+02 6.5745898438e+02 6.5750299072e+02 6.5755700684e+02 6.5762902832e+02 6.5768499756e+02 6.5772802734e+02 6.5779101563e+02 6.5784997559e+02 6.5792401123e+02 6.5797601318e+02 6.5804498291e+02 6.5810400391e+02 6.5817700195e+02 6.5825799561e+02 6.5835302734e+02 6.5842199707e+02
6.5682702637e+02 6.5680902100e+02 6.5681799316e+02 6.5682800293e+02 6.5683502197e+02 6.5680297852e+02 6.5679602051e+02 6.5682202148e+02 6.5683099365e+02 6.5685302734e+02 6.5685797119e+02 6.5686798096e+02 6.5689300537e+02 6.5691699219e+02 6.5692297363e+02 6.5694299316e+02 6.5697497559e+02 6.5700299072e+02 6.5702099609e+02 6.5704699707e+02 6.5706701660e+02 6.5709802246e+02 6.5711999512e+02 6.5713702393e+02 6.5716198730e+02 6.5720098877e+02 6.5724401855e+02 6.5728198242e+02 6.5731896973e+02 6.5736901855e+02 6.5741198730e+02 6.5744799805e+02 6.5749902344e+02 6.5755999756e+02 6.5762097168e+02 6.5766302490e+02 6.5773199463e+02 6.5778698730e+02 6.5785797119e+02 6.5790502930e+02 6.5797698975e+02 6.5803601074e+02 6.5810198975e+02 6.5817401123e+02 6.5825598145e+02 6.5834002686e+02
6.5676800537e+02 6.5675598145e+02 6.5676202393e+02 6.5676599121e+02 6.5677099609e+02 6.5675201416e+02 6.5673901367e+02 6.5675097656e+02 6.5675402832e+02 6.5677899170e+02 6.5679901123e+02 6.5681298828e+02 6.5682800293e+02 6.5684497070e+02 6.5686602783e+02 6.5689801025e+02 6.5692102051e+02 6.5693499756e+02 6.5695599365e+02 6.5698699951e+02 6.5701000977e+02 6.5702801514e+02 6.5705700684e+02 6.5708398438e+02 6.5712200928e+02 6.5716400146e+02 6.5719500732e+02 6.5723101807e+02 6.5727899170e+02 6.5733099365e+02 6.5737298584e+02 6.5740698242e+02 6.5744500732e+02 6.5749902344e+02 6.5757000732e+02 6.5761401367e+02 6.5766998291e+02 6.5772399902e+02 6.5778399658e+02 6.5782702637e+02 6.5790100098e+02 6.5795898438e+02 6.5803997803e+02 6.5810498047e+02 6.5816699219e+02 6.5824597168e+02
