TESTSERVER/11/2.asc
NCOLS 100
NROWS 100
XLLCORNER 8.0497500000e+03
YLLCORNER 2.8985025000e+05
CELLSIZE 5.0000000000e-01
NODATA_VALUE -9.9990000000e+03
[rows 40 to 59 of 100, columns 0 to 45 of 100]
6.5840997314e+02 6.5838299561e+02 6.5840002441e+02 6.5845098877e+02 6.5849401855e+02 6.5853100586e+02 6.5855499268e+02 6.5858099365e+02 6.5861102295e+02 6.5863000488e+02 6.5867102051e+02 6.5868402100e+02 6.5871801758e+02 6.5876501465e+02 6.5885797119e+02 6.5892199707e+02 6.5901800537e+02 6.5908300781e+02 6.5910601807e+02 6.5910900879e+02 6.5914898682e+02 6.5917602539e+02 6.5919396973e+02 6.5921197510e+02 6.5922100830e+02 6.5920898438e+02 6.5920599365e+02 6.5921301270e+02 6.5922802734e+02 6.5924401855e+02 6.5925500488e+02 6.5924798584e+02 6.5923901367e+02 6.5925201416e+02 6.5924798584e+02 6.5924700928e+02 6.5923297119e+02 6.5921600342e+02 6.5921398926e+02 6.5921697998e+02 6.5919799805e+02 6.5918499756e+02 6.5917498779e+02 6.5915197754e+02 6.5911798096e+02 6.5908599854e+02
6.5834399414e+02 6.5833801270e+02 6.5837597656e+02 6.5842102051e+02 6.5845800781e+02 6.5849597168e+02 6.5853100586e+02 6.5852899170e+02 6.5854901123e+02 6.5858697510e+02 6.5862701416e+02 6.5865100098e+02 6.5870697021e+02 6.5878900146e+02 6.5889202881e+02 6.5895697021e+02 6.5903601074e+02 6.5909399414e+02 6.5911602783e+02 6.5911297607e+02 6.5914001465e+02 6.5917297363e+02 6.5917401123e+02 6.5919299316e+02 6.5920599365e+02 6.5919598389e+02 6.5917297363e+02 6.5917999268e+02 6.5919299316e+02 6.5920098877e+02 6.5918798828e+02 6.5918902588e+02 6.5919201660e+02 6.5918701172e+02 6.5917498779e+02 6.5917297363e+02 6.5915301514e+02 6.5914898682e+02 6.5913800049e+02 6.5913500977e+02 6.5911798096e+02 6.5910101318e+02 6.5907702637e+02 6.5905902100e+02 6.5902899170e+02 6.5900799561e+02
6.5830798340e+02 6.5832800293e+02 6.5837298584e+02 6.5839697266e+02 6.5843103027e+02 6.5846502686e+02 6.5848101807e+02 6.5848400879e+02 6.5850500488e+02 6.5855499268e+02 6.5858197021e+02 6.5863897705e+02 6.5873797607e+02 6.5883697510e+02 6.5892700195e+02 6.5897900391e+02 6.5902899170e+02 6.5907702637e+02 6.5910699463e+02 6.5912799072e+02 6.5914898682e+02 6.5916900635e+02 6.5915399170e+02 6.5916802979e+02 6.5917602539e+02 6.5916400146e+02 6.5913397217e+02 6.5914801025e+02 6.5915600586e+02 6.5914001465e+02 6.5912097168e+02 6.5912597656e+02 6.5912402344e+02 6.5910900879e+02 6.5909698486e+02 6.5909997559e+02 6.5908197021e+02 6.5907598877e+02 6.5905902100e+02 6.5904199219e+02 6.5903198242e+02 6.5901702881e+02 6.5898199463e+02 6.5896899414e+02 6.5894097900e+02 6.5890802002e+02
6.5826501465e+02 6.5830297852e+02 6.5834002686e+02 6.5836297607e+02 6.5839300537e+02 6.5841497803e+02 6.5841198730e+02 6.5844299316e+02 6.5848400879e+02 6.5853399658e+02 6.5855297852e+02 6.5864099121e+02 6.5875201416e+02 6.5885699463e+02 6.5894299316e+02 6.5898797607e+02 6.5903002930e+02 6.5906402588e+02 6.5907702637e+02 6.5911401367e+02 6.5912402344e+02 6.5913500977e+02 6.5912902832e+02 6.5913201904e+02 6.5912902832e+02 6.5911700439e+02 6.5909600830e+02 6.5909899902e+02 6.5910101318e+02 6.5907501221e+02 6.5906201172e+02 6.5905603027e+02 6.5903802490e+02 6.5902600098e+02 6.5901202393e+02 6.5901000977e+02 6.5900598145e+02 6.5899597168e+02 6.5898400879e+02 6.5896697998e+02 6.5895898438e+02 6.5893298340e+02 6.5888598633e+02 6.5887500000e+02 6.5884802246e+02 6.5881201172e+02
6.5821600342e+02 6.5826098633e+02 6.5829101563e+02 6.5832098389e+02 6.5834899902e+02 6.5836199951e+02 6.5836700439e+02 6.5839697266e+02 6.5845397949e+02 6.5850897217e+02 6.5855401611e+02 6.5861798096e+02 6.5872601318e+02 6.5884997559e+02 6.5894299316e+02 6.5897900391e+02 6.5901000977e+02 6.5902801514e+02 6.5903399658e+02 6.5906799316e+02 6.5906097412e+02 6.5906201172e+02 6.5907800293e+02 6.5908099365e+02 6.5907702637e+02 6.5907501221e+02 6.5904498291e+02 6.5901098633e+02 6.5902697754e+02 6.5902001953e+02 6.5901501465e+02 6.5899798584e+02 6.5897998047e+02 6.5896398926e+02 6.5894799805e+02 6.5893200684e+02 6.5892199707e+02 6.5890197754e+02 6.5889099121e+02 6.5888201904e+02 6.5887402344e+02 6.5883599854e+02 6.5880102539e+02 6.5877099609e+02 6.5873797607e+02 6.5871002197e+02
6.5819799805e+02 6.5822698975e+02 6.5824798584e+02 6.5826800537e+02 6.5829498291e+02 6.5830798340e+02 6.5831402588e+02 6.5836499023e+02 6.5843402100e+02 6.5850500488e+02 6.5856701660e+02 6.5863897705e+02 6.5875000000e+02 6.5884997559e+02 6.5891497803e+02 6.5894299316e+02 6.5896801758e+02 6.5898699951e+02 6.5898297119e+02 6.5900598145e+02 6.5899499512e+02 6.5899902344e+02 6.5902697754e+02 6.5902801514e+02 6.5901202393e+02 6.5900897217e+02 6.5898699951e+02 6.5896398926e+02 6.5897100830e+02 6.5894799805e+02 6.5894500732e+02 6.5891900635e+02 6.5890997314e+02 6.5890600586e+02 6.5890197754e+02 6.5887500000e+02 6.5885198975e+02 6.5882800293e+02 6.5883001709e+02 6.5879901123e+02 6.5877001953e+02 6.5873297119e+02 6.5870098877e+02 6.5868798828e+02 6.5866497803e+02 6.5863098145e+02
6.5813500977e+02 6.5815399170e+02 6.5817700195e+02 6.5821697998e+02 6.5824798584e+02 6.5826501465e+02 6.5827001953e+02 6.5836999512e+02 6.5844702148e+02 6.5850402832e+02 6.5857702637e+02 6.5865698242e+02 6.5876599121e+02 6.5884399414e+02 6.5889898682e+02 6.5890899658e+02 6.5892297363e+02 6.5893298340e+02 6.5892797852e+02 6.5893798828e+02 6.5893298340e+02 6.5893798828e+02 6.5895300293e+02 6.5895898438e+02 6.5893798828e+02 6.5893200684e+02 6.5892901611e+02 6.5891802979e+02 6.5890802002e+02 6.5888397217e+02 6.5886901855e+02 6.5885198975e+02 6.5882598877e+02 6.5882897949e+02 6.5882897949e+02 6.5880102539e+02 6.5879101563e+02 6.5877099609e+02 6.5876898193e+02 6.5872198486e+02 6.5869500732e+02 6.5866400146e+02 6.5861102295e+02 6.5859802246e+02 6.5858099365e+02 6.5854400635e+02
6.5811602783e+02 6.5812500000e+02 6.5812402344e+02 6.5816802979e+02 6.5819299316e+02 6.5822900391e+02 6.5826800537e+02 6.5837701416e+02 6.5843798828e+02 6.5849798584e+02 6.5858697510e+02 6.5866101074e+02 6.5875701904e+02 6.5880297852e+02 6.5884100342e+02 6.5885400391e+02 6.5886499023e+02 6.5886199951e+02 6.5886401367e+02 6.5886199951e+02 6.5886798096e+02 6.5888000488e+02 6.5888702393e+02 6.5888702393e+02 6.5887902832e+02 6.5886901855e+02 6.5885498047e+02 6.5884197998e+02 6.5883599854e+02 6.5882897949e+02 6.5880499268e+02 6.5879199219e+02 6.5875598145e+02 6.5875000000e+02 6.5873999023e+02 6.5871398926e+02 6.5870898438e+02 6.5868798828e+02 6.5867602539e+02 6.5863397217e+02 6.5860797119e+02 6.5858099365e+02 6.5853802490e+02 6.5852099609e+02 6.5849401855e+02 6.5845599365e+02
6.5810400391e+02 6.5812200928e+02 6.5812597656e+02 6.5815600586e+02 6.5819396973e+02 6.5826098633e+02 6.5832800293e+02 6.5835998535e+02 6.5839898682e+02 6.5849298096e+02 6.5860400391e+02 6.5866900635e+02 6.5875097656e+02 6.5877899170e+02 6.5879797363e+02 6.5880200195e+02 6.5880297852e+02 6.5879498291e+02 6.5880700684e+02 6.5879797363e+02 6.5880798340e+02 6.5882098389e+02 6.5882702637e+02 6.5880297852e+02 6.5879797363e+02 6.5880499268e+02 6.5878302002e+02 6.5877697754e+02 6.5877301025e+02 6.5877197266e+02 6.5873901367e+02 6.5871997070e+02 6.5870697021e+02 6.5869598389e+02 6.5866998291e+02 6.5863598633e+02 6.5863702393e+02 6.5863397217e+02 6.5862298584e+02 6.5855999756e+02 6.5852697754e+02 6.5850598145e+02 6.5848297119e+02 6.5847100830e+02 6.5843499756e+02 6.5838500977e+02
6.5808300781e+02 6.5809497070e+02 6.5811700439e+02 6.5813500977e+02 6.5818597412e+02 6.5826898193e+02 6.5832501221e+02 6.5833398438e+02 6.5841101074e+02 6.5852197266e+02 6.5861297607e+02 6.5867199707e+02 6.5871600342e+02 6.5872601318e+02 6.5876599121e+02 6.5875500488e+02 6.5874597168e+02 6.5874902344e+02 6.5876202393e+02 6.5875402832e+02 6.5876599121e+02 6.5875701904e+02 6.5875000000e+02 6.5874700928e+02 6.5873101807e+02 6.5871997070e+02 6.5871502686e+02 6.5873101807e+02 6.5872900391e+02 6.5870098877e+02 6.5867199707e+02 6.5865802002e+02 6.5864099121e+02 6.5861297607e+02 6.5859802246e+02 6.5857702637e+02 6.5856597900e+02 6.5854602051e+02 6.5853198242e+02 6.5848199463e+02 6.5845599365e+02 6.5845397949e+02 6.5841802979e+02 6.5837799072e+02 6.5835302734e+02 6.5832000732e+02
6.5804400635e+02 6.5804699707e+02 6.5809002686e+02 6.5812902832e+02 6.5820001221e+02 6.5828399658e+02 6.5831597900e+02 6.5833197021e+02 6.5844598389e+02 6.5855499268e+02 6.5863000488e+02 6.5866497803e+02 6.5868798828e+02 6.5868402100e+02 6.5872900391e+02 6.5870599365e+02 6.5869299316e+02 6.5869500732e+02 6.5869799805e+02 6.5870599365e+02 6.5870800781e+02 6.5868902588e+02 6.5867901611e+02 6.5868298340e+02 6.5867401123e+02 6.5866101074e+02 6.5866101074e+02 6.5867199707e+02 6.5867199707e+02 6.5864300537e+02 6.5862701416e+02 6.5861401367e+02 6.5858099365e+02 6.5855603027e+02 6.5854498291e+02 6.5852398682e+02 6.5851800537e+02 6.5848797607e+02 6.5846099854e+02 6.5841900635e+02 6.5839501953e+02 6.5839202881e+02 6.5835101318e+02 6.5831298828e+02 6.5829199219e+02 6.5826501465e+02
6.5799499512e+02 6.5802502441e+02 6.5810302734e+02 6.5814898682e+02 6.5821600342e+02 6.5828802490e+02 6.5831201172e+02 6.5836499023e+02 6.5848999023e+02 6.5856298828e+02 6.5860900879e+02 6.5861401367e+02 6.5863397217e+02 6.5862597656e+02 6.5864099121e+02 6.5863500977e+02 6.5863897705e+02 6.5863897705e+02 6.5864099121e+02 6.5864898682e+02 6.5864300537e+02 6.5863500977e+02 6.5862701416e+02 6.5863397217e+02 6.5863397217e+02 6.5861199951e+02 6.5861602783e+02 6.5860498047e+02 6.5859698486e+02 6.5857299805e+02 6.5856097412e+02 6.5854400635e+02 6.5851098633e+02 6.5848498535e+02 6.5847497559e+02 6.5847100830e+02 6.5846502686e+02 6.5843103027e+02 6.5840502930e+02 6.5836499023e+02 6.5833300781e+02 6.5831500244e+02 6.5827502441e+02 6.5825299072e+02 6.5823498535e+02 6.5821899414e+02
6.5797302246e+02 6.5804901123e+02 6.5814099121e+02 6.5817297363e+02 6.5822497559e+02 6.5828399658e+02 6.5830603027e+02 6.5840600586e+02 6.5851300049e+02 6.5856201172e+02 6.5857000732e+02 6.5856597900e+02 6.5858197021e+02 6.5858001709e+02 6.5856597900e+02 6.5857202148e+02 6.5859301758e+02 6.5859002686e+02 6.5858300781e+02 6.5858398438e+02 6.5858300781e+02 6.5858001709e+02 6.5856799316e+02 6.5855902100e+02 6.5855603027e+02 6.5855200195e+02 6.5856097412e+02 6.5853997803e+02 6.5854101563e+02 6.5853100586e+02 6.5851098633e+02 6.5848602295e+02 6.5845300293e+02 6.5843200684e+02 6.5842199707e+02 6.5841101074e+02 6.5839001465e+02 6.5835900879e+02 6.5834100342e+02 6.5830798340e+02 6.5826702881e+02 6.5823699951e+02 6.5821899414e+02 6.5819799805e+02 6.5817199707e+02 6.5815100098e+02
6.5796697998e+02 6.5807702637e+02 6.5815399170e+02 6.5818103027e+02 6.5823199463e+02 6.5827899170e+02 6.5833300781e+02 6.5845098877e+02 6.5850097656e+02 6.5853698730e+02 6.5853997803e+02 6.5852697754e+02 6.5852801514e+02 6.5853399658e+02 6.5852197266e+02 6.5852502441e+02 6.5853497314e+02 6.5852301025e+02 6.5851599121e+02 6.5852001953e+02 6.5852398682e+02 6.5851800537e+02 6.5850799561e+02 6.5851800537e+02 6.5850097656e+02 6.5849401855e+02 6.5849798584e+02 6.5848101807e+02 6.5848101807e+02 6.5847302246e+02 6.5844396973e+02 6.5842901611e+02 6.5841601563e+02 6.5840002441e+02 6.5839001465e+02 6.5835101318e+02 6.5832000732e+02 6.5829901123e+02 6.5828997803e+02 6.5824597168e+02 6.5820898438e+02 6.5818597412e+02 6.5818499756e+02 6.5815899658e+02 6.5813299561e+02 6.5811102295e+02
6.5800201416e+02 6.5811602783e+02 6.5815100098e+02 6.5819500732e+02 6.5825701904e+02 6.5831201172e+02 6.5839099121e+02 6.5847399902e+02 6.5849499512e+02 6.5850299072e+02 6.5849499512e+02 6.5849401855e+02 6.5848602295e+02 6.5847302246e+02 6.5847399902e+02 6.5850097656e+02 6.5849401855e+02 6.5847100830e+02 6.5846197510e+02 6.5847399902e+02 6.5847998047e+02 6.5847100830e+02 6.5845501709e+02 6.5846502686e+02 6.5844396973e+02 6.5843402100e+02 6.5843402100e+02 6.5841497803e+02 6.5841802979e+02 6.5841198730e+02 6.5838702393e+02 6.5838000488e+02 6.5837500000e+02 6.5835998535e+02 6.5835400391e+02 6.5829797363e+02 6.5826300049e+02 6.5823999023e+02 6.5823699951e+02 6.5818597412e+02 6.5816400146e+02 6.5814501953e+02 6.5812402344e+02 6.5810198975e+02 6.5807702637e+02 6.5805700684e+02
6.5807299805e+02 6.5814898682e+02 6.5814501953e+02 6.5820800781e+02 6.5828198242e+02 6.5834399414e+02 6.5842297363e+02 6.5845599365e+02 6.5846197510e+02 6.5845501709e+02 6.5844097900e+02 6.5843597412e+02 6.5843902588e+02 6.5843597412e+02 6.5844000244e+02 6.5844201660e+02 6.5842797852e+02 6.5842498779e+02 6.5842297363e+02 6.5843200684e+02 6.5842102051e+02 6.5840502930e+02 6.5840100098e+02 6.5840301514e+02 6.5839001465e+02 6.5837402344e+02 6.5837701416e+02 6.5836602783e+02 6.5836901855e+02 6.5836199951e+02 6.5834497070e+02 6.5833697510e+02 6.5832702637e+02 6.5830999756e+02 6.5830102539e+02 6.5824597168e+02 6.5822601318e+02 6.5820697021e+02 6.5818701172e+02 6.5814300537e+02 6.5813500977e+02 6.5811602783e+02 6.5806896973e+02 6.5805902100e+02 6.5803698730e+02 6.5801202393e+02
6.5813702393e+02 6.5815502930e+02 6.5814501953e+02 6.5822399902e+02 6.5829901123e+02 6.5835699463e+02 6.5841101074e+02 6.5843902588e+02 6.5842901611e+02 6.5841101074e+02 6.5841302490e+02 6.5839697266e+02 6.5839697266e+02 6.5839099121e+02 6.5839599609e+02 6.5838500977e+02 6.5837701416e+02 6.5837597656e+02 6.5836602783e+02 6.5837799072e+02 6.5837200928e+02 6.5835498047e+02 6.5834497070e+02 6.5835101318e+02 6.5833300781e+02 6.5830798340e+02 6.5832598877e+02 6.5831896973e+02 6.5831097412e+02 6.5830798340e+02 6.5830999756e+02 6.5830102539e+02 6.5828399658e+02 6.5826397705e+02 6.5823602295e+02 6.5820202637e+02 6.5818902588e+02 6.5816302490e+02 6.5814202881e+02 6.5810498047e+02 6.5807800293e+02 6.5806201172e+02 6.5802801514e+02 6.5801501465e+02 6.5799700928e+02 6.5796899414e+02
6.5817401123e+02 6.5815997314e+02 6.5818701172e+02 6.5826599121e+02 6.5830902100e+02 6.5835198975e+02 6.5839801025e+02 6.5841601563e+02 6.5839801025e+02 6.5837902832e+02 6.5837097168e+02 6.5836102295e+02 6.5836798096e+02 6.5835900879e+02 6.5835400391e+02 6.5834698486e+02 6.5834002686e+02 6.5832598877e+02 6.5832098389e+02 6.5831799316e+02 6.5831500244e+02 6.5831201172e+02 6.5829602051e+02 6.5829302979e+02 6.5829199219e+02 6.5827697754e+02 6.5826397705e+02 6.5826397705e+02 6.5826898193e+02 6.5826702881e+02 6.5826202393e+02 6.5824499512e+02 6.5823101807e+02 6.5821997070e+02 6.5820202637e+02 6.5817401123e+02 6.5815100098e+02 6.5811999512e+02 6.5809301758e+02 6.5805902100e+02 6.5803497314e+02 6.5801599121e+02 6.5797698975e+02 6.5796002197e+02 6.5793701172e+02 6.5791699219e+02
6.5823199463e+02 6.5822198486e+02 6.5827197266e+02 6.5831500244e+02 6.5831799316e+02 6.5834301758e+02 6.5836901855e+02 6.5837402344e+02 6.5835797119e+02 6.5832800293e+02 6.5832397461e+02 6.5832202148e+02 6.5832000732e+02 6.5830401611e+02 6.5828997803e+02 6.5828802490e+02 6.5829498291e+02 6.5828802490e+02 6.5828497314e+02 6.5827301025e+02 6.5826000977e+02 6.5825799561e+02 6.5824700928e+02 6.5824902344e+02 6.5823901367e+02 6.5822399902e+02 6.5821502686e+02 6.5821099854e+02 6.5822302246e+02 6.5821697998e+02 6.5820202637e+02 6.5819897461e+02 6.5819299316e+02 6.5816900635e+02 6.5814099121e+02 6.5811102295e+02 6.5808599854e+02 6.5806402588e+02 6.5804797363e+02 6.5801898193e+02 6.5799499512e+02 6.5797399902e+02 6.5792602539e+02 6.5790899658e+02 6.5788098145e+02 6.5785699463e+02
6.5827502441e+02 6.5827502441e+02 6.5832702637e+02 6.5831597900e+02 6.5830401611e+02 6.5833099365e+02 6.5833599854e+02 6.5834497070e+02 6.5832702637e+02 6.5828802490e+02 6.5828302002e+02 6.5827899170e+02 6.5827697754e+02 6.5826702881e+02 6.5824902344e+02 6.5824499512e+02 6.5825500488e+02 6.5824597168e+02 6.5823297119e+02 6.5822900391e+02 6.5821502686e+02 6.5820697021e+02 6.5819000244e+02 6.5820202637e+02 6.5819897461e+02 6.5817700195e+02 6.5817401123e+02 6.5816497803e+02 6.5817602539e+02 6.5816497803e+02 6.5813800049e+02 6.5814599609e+02 6.5814501953e+02 6.5811199951e+02 6.5807299805e+02 6.5804797363e+02 6.5802398682e+02 6.5800500488e+02 6.5799401855e+02 6.5796301270e+02 6.5793902588e+02 6.5791998291e+02 6.5787097168e+02 6.5785101318e+02 6.5782501221e+02 6.5780297852e+02
