TESTSERVER/11/2.asc
NCOLS 100
NROWS 100
XLLCORNER 8.0497500000e+03
YLLCORNER 2.8985025000e+05
CELLSIZE 5.0000000000e-01
NODATA_VALUE -9.9990000000e+03
[rows 0 to 19 of 100, columns 0 to 45 of 100]
6.5028601074e+02 6.5058801270e+02 6.5085699463e+02 6.5112298584e+02 6.5145001221e+02 6.5176702881e+02 6.5204302979e+02 6.5222900391e+02 6.5255999756e+02 6.5299499512e+02 6.5323199463e+02 6.5340802002e+02 6.5366699219e+02 6.5405200195e+02 6.5454199219e+02 6.5494000244e+02 6.5530902100e+02 6.5569396973e+02 6.5603997803e+02 6.5635797119e+02 6.5666101074e+02 6.5691101074e+02 6.5723297119e+02 6.5754302979e+02 6.5794299316e+02 6.5835797119e+02 6.5873297119e+02 6.5913201904e+02 6.5949401855e+02 6.5992999268e+02 6.6040802002e+02 6.6062200928e+02 6.6076800537e+02 6.6093701172e+02 6.6112701416e+02 6.6117901611e+02 6.6116802979e+02 6.6117199707e+02 6.6116400146e+02 6.6116601563e+02 6.6119000244e+02 6.6122100830e+02 6.6124700928e+02 6.6129302979e+02 6.6132897949e+02 6.6135900879e+02
6.5069201660e+02 6.5094097900e+02 6.5117102051e+02 6.5150500488e+02 6.5189300537e+02 6.5216497803e+02 6.5233697510e+02 6.5267797852e+02 6.5300598145e+02 6.5328002930e+02 6.5339202881e+02 6.5360998535e+02 6.5396997070e+02 6.5436602783e+02 6.5478900146e+02 6.5515002441e+02 6.5550000000e+02 6.5588598633e+02 6.5626898193e+02 6.5661602783e+02 6.5685101318e+02 6.5704400635e+02 6.5739001465e+02 6.5772802734e+02 6.5811700439e+02 6.5853997803e+02 6.5889501953e+02 6.5919500732e+02 6.5951599121e+02 6.5995202637e+02 6.6039001465e+02 6.6066497803e+02 6.6083001709e+02 6.6097601318e+02 6.6118200684e+02 6.6127301025e+02 6.6121301270e+02 6.6114801025e+02 6.6112097168e+02 6.6115600586e+02 6.6118402100e+02 6.6122698975e+02 6.6125799561e+02 6.6129302979e+02 6.6132000732e+02 6.6134802246e+02
6.5102801514e+02 6.5121398926e+02 6.5155603027e+02 6.5184399414e+02 6.5213598633e+02 6.5236297607e+02 6.5260198975e+02 6.5302197266e+02 6.5328601074e+02 6.5345397949e+02 6.5359301758e+02 6.5390802002e+02 6.5433099365e+02 6.5466400146e+02 6.5502899170e+02 6.5540399170e+02 6.5574102783e+02 6.5611297607e+02 6.5650598145e+02 6.5683300781e+02 6.5702301025e+02 6.5721197510e+02 6.5758197021e+02 6.5792700195e+02 6.5837799072e+02 6.5881799316e+02 6.5916101074e+02 6.5940502930e+02 6.5973602295e+02 6.6017901611e+02 6.6052301025e+02 6.6081597900e+02 6.6096801758e+02 6.6105700684e+02 6.6118597412e+02 6.6128198242e+02 6.6121398926e+02 6.6111700439e+02 6.6108898926e+02 6.6113098145e+02 6.6116400146e+02 6.6121997070e+02 6.6125500488e+02 6.6128198242e+02 6.6130200195e+02 6.6132397461e+02
6.5130102539e+02 6.5155603027e+02 6.5205499268e+02 6.5225402832e+02 6.5246600342e+02 6.5272601318e+02 6.5297802734e+02 6.5326800537e+02 6.5345001221e+02 6.5363800049e+02 6.5393701172e+02 6.5430102539e+02 6.5465301514e+02 6.5491998291e+02 6.5528802490e+02 6.5567199707e+02 6.5601000977e+02 6.5636602783e+02 6.5674902344e+02 6.5701599121e+02 6.5717700195e+02 6.5739501953e+02 6.5782202148e+02 6.5819396973e+02 6.5868200684e+02 6.5909802246e+02 6.5941198730e+02 6.5966497803e+02 6.5998400879e+02 6.6037500000e+02 6.6066497803e+02 6.6092700195e+02 6.6103698730e+02 6.6110198975e+02 6.6119799805e+02 6.6122998047e+02 6.6113299561e+02 6.6106597900e+02 6.6107598877e+02 6.6111798096e+02 6.6115399170e+02 6.6121002197e+02 6.6122900391e+02 6.6127398682e+02 6.6128698730e+02 6.6128497314e+02
6.5158300781e+02 6.5192797852e+02 6.5231298828e+02 6.5254400635e+02 6.5284002686e+02 6.5314801025e+02 6.5332897949e+02 6.5349102783e+02 6.5367401123e+02 6.5396099854e+02 6.5436199951e+02 6.5465899658e+02 6.5490899658e+02 6.5518200684e+02 6.5551599121e+02 6.5593402100e+02 6.5627801514e+02 6.5662597656e+02 6.5701702881e+02 6.5720898438e+02 6.5733801270e+02 6.5758502197e+02 6.5819500732e+02 6.5861499023e+02 6.5890002441e+02 6.5919598389e+02 6.5952001953e+02 6.5986700439e+02 6.6016998291e+02 6.6047900391e+02 6.6078198242e+02 6.6100598145e+02 6.6109100342e+02 6.6116802979e+02 6.6130297852e+02 6.6122497559e+02 6.6105798340e+02 6.6101898193e+02 6.6106298828e+02 6.6110400391e+02 6.6113397217e+02 6.6116998291e+02 6.6118200684e+02 6.6122698975e+02 6.6124499512e+02 6.6124298096e+02
6.5186999512e+02 6.5219702148e+02 6.5258502197e+02 6.5284497070e+02 6.5315502930e+02 6.5335498047e+02 6.5347998047e+02 6.5363800049e+02 6.5386297607e+02 6.5421502686e+02 6.5467401123e+02 6.5498797607e+02 6.5524298096e+02 6.5552502441e+02 6.5586700439e+02 6.5622302246e+02 6.5649499512e+02 6.5683398438e+02 6.5721899414e+02 6.5739599609e+02 6.5757598877e+02 6.5792102051e+02 6.5845697021e+02 6.5875897217e+02 6.5900701904e+02 6.5943298340e+02 6.5984197998e+02 6.6011602783e+02 6.6038201904e+02 6.6059497070e+02 6.6086499023e+02 6.6115600586e+02 6.6122198486e+02 6.6125500488e+02 6.6130102539e+02 6.6113098145e+02 6.6100299072e+02 6.6101397705e+02 6.6104101563e+02 6.6108300781e+02 6.6111901855e+02 6.6115197754e+02 6.6115899658e+02 6.6116400146e+02 6.6117901611e+02 6.6121099854e+02
6.5223797607e+02 6.5263897705e+02 6.5294299316e+02 6.5322100830e+02 6.5344299316e+02 6.5352001953e+02 6.5365100098e+02 6.5385797119e+02 6.5419799805e+02 6.5463800049e+02 6.5511102295e+02 6.5533898926e+02 6.5553497314e+02 6.5581201172e+02 6.5616900635e+02 6.5646899414e+02 6.5678302002e+02 6.5720001221e+02 6.5747900391e+02 6.5762701416e+02 6.5789898682e+02 6.5828399658e+02 6.5866198730e+02 6.5889398193e+02 6.5917102051e+02 6.5963500977e+02 6.6006500244e+02 6.6030603027e+02 6.6054602051e+02 6.6070599365e+02 6.6090301514e+02 6.6114398193e+02 6.6123400879e+02 6.6129101563e+02 6.6124102783e+02 6.6101800537e+02 6.6095697021e+02 6.6099200439e+02 6.6100000000e+02 6.6106298828e+02 6.6109997559e+02 6.6110601807e+02 6.6109399414e+02 6.6110498047e+02 6.6114801025e+02 6.6122302246e+02
6.5272802734e+02 6.5309698486e+02 6.5324499512e+02 6.5353198242e+02 6.5367602539e+02 6.5374102783e+02 6.5392700195e+02 6.5420599365e+02 6.5463000488e+02 6.5510900879e+02 6.5557299805e+02 6.5569396973e+02 6.5580499268e+02 6.5606402588e+02 6.5642102051e+02 6.5676800537e+02 6.5712597656e+02 6.5749200439e+02 6.5767498779e+02 6.5785900879e+02 6.5819500732e+02 6.5857702637e+02 6.5888800049e+02 6.5915100098e+02 6.5939898682e+02 6.5974102783e+02 6.6013800049e+02 6.6046899414e+02 6.6068298340e+02 6.6080102539e+02 6.6093402100e+02 6.6105603027e+02 6.6113299561e+02 6.6117999268e+02 6.6107202148e+02 6.6091900635e+02 6.6091302490e+02 6.6095898438e+02 6.6097601318e+02 6.6102197266e+02 6.6103399658e+02 6.6102301025e+02 6.6102899170e+02 6.6108197021e+02 6.6116198730e+02 6.6126300049e+02
6.5317700195e+02 6.5334802246e+02 6.5352398682e+02 6.5374200439e+02 6.5387200928e+02 6.5403100586e+02 6.5433502197e+02 6.5473297119e+02 6.5515399170e+02 6.5551300049e+02 6.5576300049e+02 6.5594097900e+02 6.5612097168e+02 6.5639898682e+02 6.5672399902e+02 6.5712097168e+02 6.5744500732e+02 6.5765197754e+02 6.5777099609e+02 6.5809002686e+02 6.5850097656e+02 6.5886199951e+02 6.5910198975e+02 6.5939300537e+02 6.5965802002e+02 6.5990899658e+02 6.6025897217e+02 6.6071398926e+02 6.6088800049e+02 6.6095697021e+02 6.6104498291e+02 6.6105999756e+02 6.6107000732e+02 6.6101000977e+02 6.6088201904e+02 6.6084197998e+02 6.6086798096e+02 6.6091900635e+02 6.6095300293e+02 6.6094799805e+02 6.6094500732e+02 6.6096697998e+02 6.6101202393e+02 6.6108697510e+02 6.6120001221e+02 6.6127899170e+02
6.5347302246e+02 6.5356896973e+02 6.5370501709e+02 6.5395098877e+02 6.5421600342e+02 6.5443701172e+02 6.5476702881e+02 6.5507800293e+02 6.5541400146e+02 6.5573797607e+02 6.5595001221e+02 6.5616601563e+02 6.5648400879e+02 6.5680902100e+02 6.5711602783e+02 6.5746899414e+02 6.5771099854e+02 6.5789898682e+02 6.5814801025e+02 6.5849499512e+02 6.5882800293e+02 6.5909399414e+02 6.5934002686e+02 6.5968103027e+02 6.6001501465e+02 6.6028802490e+02 6.6059399414e+02 6.6091601563e+02 6.6101702881e+02 6.6102197266e+02 6.6104998779e+02 6.6104797363e+02 6.6097802734e+02 6.6085400391e+02 6.6078198242e+02 6.6077697754e+02 6.6082501221e+02 6.6089099121e+02 6.6090301514e+02 6.6088397217e+02 6.6088397217e+02 6.6093499756e+02 6.6099401855e+02 6.6111700439e+02 6.6121301270e+02 6.6123901367e+02
6.5360998535e+02 6.5373797607e+02 6.5404797363e+02 6.5427697754e+02 6.5461401367e+02 6.5484899902e+02 6.5511401367e+02 6.5534899902e+02 6.5565600586e+02 6.5596197510e+02 6.5617498779e+02 6.5645300293e+02 6.5681500244e+02 6.5711297607e+02 6.5740002441e+02 6.5772698975e+02 6.5794897461e+02 6.5819201660e+02 6.5853002930e+02 6.5884497070e+02 6.5911199951e+02 6.5932598877e+02 6.5958300781e+02 6.6000201416e+02 6.6036297607e+02 6.6058398438e+02 6.6075701904e+02 6.6090802002e+02 6.6096398926e+02 6.6095800781e+02 6.6097198486e+02 6.6094598389e+02 6.6081799316e+02 6.6070898438e+02 6.6071002197e+02 6.6072302246e+02 6.6079101563e+02 6.6084802246e+02 6.6083898926e+02 6.6083099365e+02 6.6086199951e+02 6.6093902588e+02 6.6101098633e+02 6.6113299561e+02 6.6119396973e+02 6.6118298340e+02
6.5390197754e+02 6.5432800293e+02 6.5490502930e+02 6.5495300293e+02 6.5510400391e+02 6.5524298096e+02 6.5542999268e+02 6.5567700195e+02 6.5600000000e+02 6.5629302979e+02 6.5651501465e+02 6.5682098389e+02 6.5717199707e+02 6.5746099854e+02 6.5773297119e+02 6.5801501465e+02 6.5823199463e+02 6.5849902344e+02 6.5884899902e+02 6.5915502930e+02 6.5940502930e+02 6.5959600830e+02 6.5983599854e+02 6.6025897217e+02 6.6057800293e+02 6.6069897461e+02 6.6076000977e+02 6.6082299805e+02 6.6085400391e+02 6.6084899902e+02 6.6083300781e+02 6.6075000000e+02 6.6063800049e+02 6.6060900879e+02 6.6066497803e+02 6.6070800781e+02 6.6075402832e+02 6.6077001953e+02 6.6075799561e+02 6.6079498291e+02 6.6085302734e+02 6.6094299316e+02 6.6103698730e+02 6.6111297607e+02 6.6113500977e+02 6.6110699463e+02
6.5446997070e+02 6.5498602295e+02 6.5537500000e+02 6.5544598389e+02 6.5550000000e+02 6.5560998535e+02 6.5576702881e+02 6.5603601074e+02 6.5631597900e+02 6.5658502197e+02 6.5685998535e+02 6.5712902832e+02 6.5747497559e+02 6.5781402588e+02 6.5809698486e+02 6.5835699463e+02 6.5852600098e+02 6.5877697754e+02 6.5911602783e+02 6.5939697266e+02 6.5963500977e+02 6.5981500244e+02 6.6003100586e+02 6.6036297607e+02 6.6063098145e+02 6.6073101807e+02 6.6076898193e+02 6.6073901367e+02 6.6071697998e+02 6.6068798828e+02 6.6063397217e+02 6.6056097412e+02 6.6052801514e+02 6.6056597900e+02 6.6061700439e+02 6.6067498779e+02 6.6068597412e+02 6.6067700195e+02 6.6071502686e+02 6.6078698730e+02 6.6085400391e+02 6.6094598389e+02 6.6106597900e+02 6.6106896973e+02 6.6106298828e+02 6.6103900146e+02
6.5518103027e+02 6.5552001953e+02 6.5574499512e+02 6.5583300781e+02 6.5586798096e+02 6.5595800781e+02 6.5614697266e+02 6.5635198975e+02 6.5660797119e+02 6.5689697266e+02 6.5717901611e+02 6.5742297363e+02 6.5783398438e+02 6.5817602539e+02 6.5841198730e+02 6.5865197754e+02 6.5883300781e+02 6.5906799316e+02 6.5937097168e+02 6.5961102295e+02 6.5979302979e+02 6.5994201660e+02 6.6014599609e+02 6.6039398193e+02 6.6059802246e+02 6.6065997314e+02 6.6061999512e+02 6.6057702637e+02 6.6054797363e+02 6.6050000000e+02 6.6045001221e+02 6.6043701172e+02 6.6047497559e+02 6.6053997803e+02 6.6057299805e+02 6.6059301758e+02 6.6061499023e+02 6.6064697266e+02 6.6070397949e+02 6.6078601074e+02 6.6086499023e+02 6.6094799805e+02 6.6100500488e+02 6.6098297119e+02 6.6098602295e+02 6.6097802734e+02
6.5562200928e+02 6.5598498535e+02 6.5623498535e+02 6.5630200195e+02 6.5630499268e+02 6.5635797119e+02 6.5653399658e+02 6.5671801758e+02 6.5698400879e+02 6.5726702881e+02 6.5754101563e+02 6.5781597900e+02 6.5821997070e+02 6.5853302002e+02 6.5873101807e+02 6.5897698975e+02 6.5921301270e+02 6.5943902588e+02 6.5966101074e+02 6.5981701660e+02 6.5992199707e+02 6.6003601074e+02 6.6022399902e+02 6.6039001465e+02 6.6050799561e+02 6.6053100586e+02 6.6048297119e+02 6.6043597412e+02 6.6038897705e+02 6.6035699463e+02 6.6034301758e+02 6.6037902832e+02 6.6044201660e+02 6.6049798584e+02 6.6049798584e+02 6.6050402832e+02 6.6057299805e+02 6.6064599609e+02 6.6070898438e+02 6.6079101563e+02 6.6085302734e+02 6.6089599609e+02 6.6090502930e+02 6.6089599609e+02 6.6090698242e+02 6.6089501953e+02
6.5596899414e+02 6.5636102295e+02 6.5661602783e+02 6.5668499756e+02 6.5671002197e+02 6.5677600098e+02 6.5693798828e+02 6.5716699219e+02 6.5742199707e+02 6.5768103027e+02 6.5793298340e+02 6.5818597412e+02 6.5851898193e+02 6.5882000732e+02 6.5904400635e+02 6.5928100586e+02 6.5951702881e+02 6.5969299316e+02 6.5982098389e+02 6.5990997314e+02 6.5997399902e+02 6.6006201172e+02 6.6020501709e+02 6.6030499268e+02 6.6037097168e+02 6.6038098145e+02 6.6034100342e+02 6.6027899170e+02 6.6023999023e+02 6.6025897217e+02 6.6028002930e+02 6.6034002686e+02 6.6040100098e+02 6.6044201660e+02 6.6044097900e+02 6.6047601318e+02 6.6056097412e+02 6.6063201904e+02 6.6069702148e+02 6.6078497314e+02 6.6082598877e+02 6.6082897949e+02 6.6081201172e+02 6.6081597900e+02 6.6081597900e+02 6.6079498291e+02
6.5662200928e+02 6.5682598877e+02 6.5689898682e+02 6.5696099854e+02 6.5701397705e+02 6.5710699463e+02 6.5741998291e+02 6.5771997070e+02 6.5782299805e+02 6.5800897217e+02 6.5830297852e+02 6.5850897217e+02 6.5876599121e+02 6.5903698730e+02 6.5926098633e+02 6.5943200684e+02 6.5961700439e+02 6.5975097656e+02 6.5984600830e+02 6.5992401123e+02 6.5998699951e+02 6.6004998779e+02 6.6009899902e+02 6.6015600586e+02 6.6020599365e+02 6.6020599365e+02 6.6015997314e+02 6.6015197754e+02 6.6015899658e+02 6.6020697021e+02 6.6024200439e+02 6.6029797363e+02 6.6034399414e+02 6.6038299561e+02 6.6043798828e+02 6.6047601318e+02 6.6053997803e+02 6.6060797119e+02 6.6066699219e+02 6.6072998047e+02 6.6074597168e+02 6.6072998047e+02 6.6070898438e+02 6.6071398926e+02 6.6070001221e+02 6.6069396973e+02
6.5730700684e+02 6.5733300781e+02 6.5727899170e+02 6.5734698486e+02 6.5742602539e+02 6.5752197266e+02 6.5778302002e+02 6.5803698730e+02 6.5812402344e+02 6.5837902832e+02 6.5862799072e+02 6.5874597168e+02 6.5888800049e+02 6.5911297607e+02 6.5934802246e+02 6.5950402832e+02 6.5968902588e+02 6.5980603027e+02 6.5987500000e+02 6.5993499756e+02 6.5997302246e+02 6.6000201416e+02 6.6000201416e+02 6.6001599121e+02 6.6004699707e+02 6.6004199219e+02 6.6004498291e+02 6.6008398438e+02 6.6010900879e+02 6.6017498779e+02 6.6023498535e+02 6.6026202393e+02 6.6028601074e+02 6.6034100342e+02 6.6040301514e+02 6.6044500732e+02 6.6052301025e+02 6.6059698486e+02 6.6062799072e+02 6.6064398193e+02 6.6065100098e+02 6.6064202881e+02 6.6062799072e+02 6.6061901855e+02 6.6061102295e+02 6.6060101318e+02
6.5745800781e+02 6.5751599121e+02 6.5751397705e+02 6.5766497803e+02 6.5782897949e+02 6.5797802734e+02 6.5812597656e+02 6.5831298828e+02 6.5847198486e+02 6.5873901367e+02 6.5891400146e+02 6.5899102783e+02 6.5913800049e+02 6.5936499023e+02 6.5952801514e+02 6.5961999512e+02 6.5978198242e+02 6.5986499023e+02 6.5989697266e+02 6.5992901611e+02 6.5993402100e+02 6.5995697021e+02 6.5996398926e+02 6.5994598389e+02 6.5995300293e+02 6.5996197510e+02 6.5998297119e+02 6.6003601074e+02 6.6008502197e+02 6.6016302490e+02 6.6020501709e+02 6.6021197510e+02 6.6025299072e+02 6.6032098389e+02 6.6037701416e+02 6.6043402100e+02 6.6050299072e+02 6.6055200195e+02 6.6055499268e+02 6.6055102539e+02 6.6054998779e+02 6.6054602051e+02 6.6053497314e+02 6.6052801514e+02 6.6052301025e+02 6.6051098633e+02
6.5749401855e+02 6.5764202881e+02 6.5773297119e+02 6.5791497803e+02 6.5810900879e+02 6.5827801514e+02 6.5841699219e+02 6.5862500000e+02 6.5877502441e+02 6.5892498779e+02 6.5908099365e+02 6.5919500732e+02 6.5940002441e+02 6.5960900879e+02 6.5969000244e+02 6.5976000977e+02 6.5986999512e+02 6.5988397217e+02 6.5985900879e+02 6.5986798096e+02 6.5987902832e+02 6.5991699219e+02 6.5992297363e+02 6.5989801025e+02 6.5990100098e+02 6.5991699219e+02 6.5994500732e+02 6.6001702881e+02 6.6007000732e+02 6.6012500000e+02 6.6014697266e+02 6.6017102051e+02 6.6023297119e+02 6.6029498291e+02 6.6034899902e+02 6.6040997314e+02 6.6045397949e+02 6.6048199463e+02 6.6048199463e+02 6.6047698975e+02 6.6046099854e+02 6.6045001221e+02 6.6043200684e+02 6.6042401123e+02 6.6042297363e+02 6.6041198730e+02
