TESTSERVER/11/3.asc
NCOLS 100
NROWS 100
XLLCORNER 8.0497500000e+03
YLLCORNER 2.8980025000e+05
CELLSIZE 5.0000000000e-01
NODATA_VALUE -9.9990000000e+03
[rows 80 to 99 of 100, columns 46 to 91 of 100]
6.5065100098e+02 6.5073797607e+02 6.5082800293e+02 6.5092797852e+02 6.5102801514e+02 6.5110400391e+02 6.5118597412e+02 6.5125897217e+02 6.5134600830e+02 6.5140002441e+02 6.5146002197e+02 6.5153198242e+02 6.5159497070e+02 6.5156799316e+02 6.5155499268e+02 6.5154797363e+02 6.5158801270e+02 6.5159997559e+02 6.5165100098e+02 6.5171801758e+02 6.5179699707e+02 6.5188598633e+02 6.5195001221e+02 6.5200500488e+02 6.5208197021e+02 6.5214599609e+02 6.5219396973e+02 6.5225097656e+02 6.5230102539e+02 6.5231500244e+02 6.5234497070e+02 6.5238299561e+02 6.5241101074e+02 6.5243298340e+02 6.5246398926e+02 6.5247198486e+02 6.5248999023e+02 6.5251800537e+02 6.5253100586e+02 6.5254101563e+02 6.5256298828e+02 6.5259100342e+02 6.5262902832e+02 6.5266101074e+02 6.5269799805e+02 6.5274700928e+02
6.5070300293e+02 6.5079400635e+02 6.5088098145e+02 6.5096099854e+02 6.5104602051e+02 6.5113397217e+02 6.5122100830e+02 6.5128698730e+02 6.5137701416e+02 6.5143103027e+02 6.5149700928e+02 6.5156201172e+02 6.5163397217e+02 6.5170300293e+02 6.5174499512e+02 6.5176000977e+02 6.5176501465e+02 6.5173797607e+02 6.5171899414e+02 6.5171801758e+02 6.5176397705e+02 6.5184497070e+02 6.5191497803e+02 6.5198797607e+02 6.5207897949e+02 6.5215301514e+02 6.5221002197e+02 6.5225598145e+02 6.5229101563e+02 6.5234497070e+02 6.5238702393e+02 6.5242199707e+02 6.5245397949e+02 6.5248199463e+02 6.5250000000e+02 6.5251202393e+02 6.5253698730e+02 6.5254400635e+02 6.5253900146e+02 6.5255297852e+02 6.5257800293e+02 6.5261602783e+02 6.5265997314e+02 6.5269799805e+02 6.5272802734e+02 6.5276702881e+02
6.5075500488e+02 6.5084899902e+02 6.5093200684e+02 6.5100097656e+02 6.5108398438e+02 6.5116601563e+02 6.5125402832e+02 6.5132000732e+02 6.5140002441e+02 6.5144702148e+02 6.5151898193e+02 6.5158697510e+02 6.5165301514e+02 6.5171801758e+02 6.5177697754e+02 6.5183197021e+02 6.5188500977e+02 6.5192297363e+02 6.5192199707e+02 6.5187902832e+02 6.5183801270e+02 6.5184002686e+02 6.5188299561e+02 6.5193798828e+02 6.5201898193e+02 6.5210198975e+02 6.5219299316e+02 6.5226300049e+02 6.5229699707e+02 6.5234997559e+02 6.5240802002e+02 6.5245599365e+02 6.5248797607e+02 6.5252301025e+02 6.5254101563e+02 6.5256201172e+02 6.5257000732e+02 6.5258001709e+02 6.5256896973e+02 6.5258502197e+02 6.5260699463e+02 6.5264001465e+02 6.5267999268e+02 6.5273199463e+02 6.5276898193e+02 6.5279901123e+02
6.5079602051e+02 6.5088800049e+02 6.5097497559e+02 6.5105102539e+02 6.5113702393e+02 6.5121502686e+02 6.5130401611e+02 6.5136602783e+02 6.5142602539e+02 6.5147302246e+02 6.5154901123e+02 6.5161999512e+02 6.5169396973e+02 6.5174597168e+02 6.5179797363e+02 6.5185699463e+02 6.5191497803e+02 6.5198297119e+02 6.5203302002e+02 6.5205200195e+02 6.5202197266e+02 6.5197698975e+02 6.5196002197e+02 6.5193499756e+02 6.5196600342e+02 6.5204101563e+02 6.5213702393e+02 6.5224102783e+02 6.5231500244e+02 6.5235797119e+02 6.5241101074e+02 6.5246899414e+02 6.5252197266e+02 6.5256201172e+02 6.5257897949e+02 6.5259698486e+02 6.5259497070e+02 6.5261901855e+02 6.5261499023e+02 6.5262701416e+02 6.5263897705e+02 6.5266497803e+02 6.5269598389e+02 6.5274597168e+02 6.5278698730e+02 6.5281701660e+02
6.5085400391e+02 6.5094000244e+02 6.5101800537e+02 6.5109997559e+02 6.5117102051e+02 6.5125097656e+02 6.5132897949e+02 6.5138702393e+02 6.5144702148e+02 6.5151202393e+02 6.5158099365e+02 6.5164501953e+02 6.5171502686e+02 6.5177099609e+02 6.5182800293e+02 6.5188702393e+02 6.5195202637e+02 6.5200701904e+02 6.5205603027e+02 6.5212200928e+02 6.5215002441e+02 6.5217700195e+02 6.5215002441e+02 6.5207501221e+02 6.5201800537e+02 6.5203900146e+02 6.5210699463e+02 6.5222601318e+02 6.5232598877e+02 6.5238500977e+02 6.5243402100e+02 6.5247399902e+02 6.5252600098e+02 6.5259497070e+02 6.5261999512e+02 6.5262298584e+02 6.5262799072e+02 6.5263800049e+02 6.5265399170e+02 6.5267199707e+02 6.5267999268e+02 6.5269598389e+02 6.5272601318e+02 6.5276702881e+02 6.5279199219e+02 6.5284002686e+02
6.5089501953e+02 6.5098101807e+02 6.5106701660e+02 6.5114697266e+02 6.5121801758e+02 6.5129199219e+02 6.5136401367e+02 6.5142401123e+02 6.5149298096e+02 6.5154602051e+02 6.5161401367e+02 6.5167700195e+02 6.5173498535e+02 6.5179901123e+02 6.5186499023e+02 6.5191101074e+02 6.5196197510e+02 6.5202099609e+02 6.5207897949e+02 6.5214300537e+02 6.5217797852e+02 6.5223602295e+02 6.5225598145e+02 6.5224401855e+02 6.5220098877e+02 6.5213800049e+02 6.5212402344e+02 6.5219702148e+02 6.5228100586e+02 6.5235302734e+02 6.5243402100e+02 6.5247802734e+02 6.5251000977e+02 6.5259899902e+02 6.5265502930e+02 6.5267102051e+02 6.5268103027e+02 6.5270001221e+02 6.5271099854e+02 6.5272497559e+02 6.5273101807e+02 6.5274798584e+02 6.5278100586e+02 6.5279901123e+02 6.5280603027e+02 6.5285198975e+02
6.5093200684e+02 6.5101501465e+02 6.5109802246e+02 6.5117401123e+02 6.5126202393e+02 6.5134002686e+02 6.5140100098e+02 6.5146099854e+02 6.5153399658e+02 6.5158502197e+02 6.5164898682e+02 6.5171002197e+02 6.5176397705e+02 6.5182000732e+02 6.5188000488e+02 6.5193701172e+02 6.5199200439e+02 6.5203002930e+02 6.5209002686e+02 6.5215899658e+02 6.5220397949e+02 6.5225598145e+02 6.5229199219e+02 6.5233099365e+02 6.5235302734e+02 6.5232299805e+02 6.5224798584e+02 6.5221197510e+02 6.5222802734e+02 6.5229797363e+02 6.5239697266e+02 6.5246899414e+02 6.5251098633e+02 6.5258398438e+02 6.5265600586e+02 6.5271697998e+02 6.5273797607e+02 6.5275000000e+02 6.5276599121e+02 6.5277899170e+02 6.5278900146e+02 6.5280499268e+02 6.5283197021e+02 6.5284197998e+02 6.5285400391e+02 6.5289801025e+02
6.5097900391e+02 6.5106097412e+02 6.5113598633e+02 6.5121197510e+02 6.5129699707e+02 6.5135998535e+02 6.5141998291e+02 6.5148498535e+02 6.5156500244e+02 6.5161401367e+02 6.5167602539e+02 6.5173901367e+02 6.5179101563e+02 6.5184197998e+02 6.5189300537e+02 6.5195800781e+02 6.5202301025e+02 6.5206896973e+02 6.5212097168e+02 6.5217498779e+02 6.5221997070e+02 6.5227001953e+02 6.5231701660e+02 6.5236999512e+02 6.5242102051e+02 6.5244897461e+02 6.5240997314e+02 6.5233502197e+02 6.5226599121e+02 6.5228497314e+02 6.5237097168e+02 6.5246099854e+02 6.5253002930e+02 6.5258197021e+02 6.5263299561e+02 6.5271002197e+02 6.5278399658e+02 6.5279797363e+02 6.5281201172e+02 6.5283001709e+02 6.5283898926e+02 6.5283697510e+02 6.5287500000e+02 6.5289501953e+02 6.5289099121e+02 6.5292602539e+02
6.5101800537e+02 6.5109600830e+02 6.5117498779e+02 6.5125500488e+02 6.5132098389e+02 6.5137701416e+02 6.5145098877e+02 6.5151898193e+02 6.5159002686e+02 6.5163897705e+02 6.5170501709e+02 6.5175799561e+02 6.5178497314e+02 6.5185998535e+02 6.5192498779e+02 6.5198602295e+02 6.5203698730e+02 6.5209497070e+02 6.5214801025e+02 6.5219799805e+02 6.5223101807e+02 6.5228198242e+02 6.5234100342e+02 6.5240301514e+02 6.5245397949e+02 6.5248699951e+02 6.5251098633e+02 6.5250000000e+02 6.5240502930e+02 6.5234997559e+02 6.5240899658e+02 6.5250701904e+02 6.5258398438e+02 6.5262402344e+02 6.5264300537e+02 6.5268597412e+02 6.5276898193e+02 6.5283599854e+02 6.5284802246e+02 6.5286798096e+02 6.5289898682e+02 6.5289398193e+02 6.5292901611e+02 6.5293298340e+02 6.5294799805e+02 6.5296997070e+02
6.5102600098e+02 6.5110302734e+02 6.5118701172e+02 6.5127502441e+02 6.5133697510e+02 6.5140197754e+02 6.5146197510e+02 6.5152099609e+02 6.5160998535e+02 6.5166802979e+02 6.5173498535e+02 6.5178997803e+02 6.5184100342e+02 6.5189300537e+02 6.5195202637e+02 6.5200598145e+02 6.5205603027e+02 6.5212402344e+02 6.5216699219e+02 6.5222399902e+02 6.5226501465e+02 6.5231097412e+02 6.5236602783e+02 6.5242797852e+02 6.5248400879e+02 6.5253100586e+02 6.5256402588e+02 6.5260302734e+02 6.5258001709e+02 6.5250000000e+02 6.5247802734e+02 6.5252600098e+02 6.5260400391e+02 6.5267297363e+02 6.5269500732e+02 6.5270202637e+02 6.5272900391e+02 6.5283398438e+02 6.5291400146e+02 6.5293499756e+02 6.5294799805e+02 6.5295300293e+02 6.5297399902e+02 6.5298297119e+02 6.5299798584e+02 6.5302600098e+02
6.5104602051e+02 6.5111999512e+02 6.5119299316e+02 6.5126202393e+02 6.5131799316e+02 6.5140502930e+02 6.5147900391e+02 6.5153698730e+02 6.5161999512e+02 6.5168402100e+02 6.5175402832e+02 6.5181201172e+02 6.5188098145e+02 6.5192602539e+02 6.5198999023e+02 6.5203997803e+02 6.5208099365e+02 6.5214300537e+02 6.5219000244e+02 6.5224700928e+02 6.5229199219e+02 6.5234197998e+02 6.5239599609e+02 6.5244799805e+02 6.5250799561e+02 6.5255603027e+02 6.5259399414e+02 6.5264697266e+02 6.5268200684e+02 6.5263098145e+02 6.5257098389e+02 6.5257000732e+02 6.5263397217e+02 6.5271099854e+02 6.5275500488e+02 6.5275701904e+02 6.5274499512e+02 6.5280999756e+02 6.5293200684e+02 6.5299798584e+02 6.5299597168e+02 6.5300097656e+02 6.5302001953e+02 6.5302600098e+02 6.5303802490e+02 6.5307299805e+02
6.5106701660e+02 6.5113299561e+02 6.5121197510e+02 6.5128802490e+02 6.5134399414e+02 6.5142498779e+02 6.5149798584e+02 6.5155700684e+02 6.5163500977e+02 6.5169702148e+02 6.5177398682e+02 6.5183502197e+02 6.5190100098e+02 6.5194897461e+02 6.5201898193e+02 6.5207098389e+02 6.5211499023e+02 6.5216900635e+02 6.5221301270e+02 6.5227099609e+02 6.5231896973e+02 6.5236901855e+02 6.5243200684e+02 6.5248101807e+02 6.5253399658e+02 6.5258300781e+02 6.5263000488e+02 6.5266900635e+02 6.5269897461e+02 6.5271600342e+02 6.5270001221e+02 6.5267297363e+02 6.5266101074e+02 6.5271502686e+02 6.5278601074e+02 6.5281298828e+02 6.5280999756e+02 6.5280902100e+02 6.5289001465e+02 6.5300598145e+02 6.5304602051e+02 6.5304797363e+02 6.5307299805e+02 6.5308300781e+02 6.5308697510e+02 6.5311602783e+02
6.5108398438e+02 6.5113397217e+02 6.5121301270e+02 6.5130102539e+02 6.5138201904e+02 6.5144799805e+02 6.5151300049e+02 6.5158697510e+02 6.5166497803e+02 6.5172302246e+02 6.5179498291e+02 6.5185101318e+02 6.5190802002e+02 6.5197302246e+02 6.5203802490e+02 6.5208599854e+02 6.5213598633e+02 6.5218402100e+02 6.5222698975e+02 6.5229699707e+02 6.5235797119e+02 6.5240002441e+02 6.5246002197e+02 6.5251300049e+02 6.5256201172e+02 6.5260498047e+02 6.5265600586e+02 6.5269799805e+02 6.5271502686e+02 6.5276300049e+02 6.5279699707e+02 6.5277600098e+02 6.5269201660e+02 6.5271502686e+02 6.5280700684e+02 6.5287500000e+02 6.5289398193e+02 6.5285900879e+02 6.5286700439e+02 6.5298602295e+02 6.5310498047e+02 6.5311297607e+02 6.5311901855e+02 6.5312500000e+02 6.5315100098e+02 6.5317498779e+02
6.5107098389e+02 6.5114202881e+02 6.5122198486e+02 6.5129901123e+02 6.5138299561e+02 6.5145898438e+02 6.5152301025e+02 6.5160302734e+02 6.5168597412e+02 6.5174902344e+02 6.5182702637e+02 6.5188500977e+02 6.5192401123e+02 6.5197698975e+02 6.5204101563e+02 6.5209997559e+02 6.5215698242e+02 6.5221899414e+02 6.5226599121e+02 6.5232397461e+02 6.5238299561e+02 6.5242498779e+02 6.5247601318e+02 6.5252697754e+02 6.5258801270e+02 6.5263098145e+02 6.5266400146e+02 6.5271801758e+02 6.5275201416e+02 6.5279400635e+02 6.5284600830e+02 6.5287200928e+02 6.5282397461e+02 6.5277197266e+02 6.5279901123e+02 6.5290002441e+02 6.5296801758e+02 6.5294097900e+02 6.5291601563e+02 6.5297198486e+02 6.5309497070e+02 6.5315502930e+02 6.5316699219e+02 6.5317999268e+02 6.5322302246e+02 6.5323999023e+02
6.5108300781e+02 6.5114801025e+02 6.5123602295e+02 6.5131701660e+02 6.5139398193e+02 6.5146899414e+02 6.5152697754e+02 6.5159997559e+02 6.5168597412e+02 6.5174597168e+02 6.5182000732e+02 6.5188299561e+02 6.5194396973e+02 6.5200201416e+02 6.5206500244e+02 6.5212402344e+02 6.5217999268e+02 6.5223901367e+02 6.5228198242e+02 6.5234301758e+02 6.5239898682e+02 6.5244598389e+02 6.5249700928e+02 6.5254498291e+02 6.5260498047e+02 6.5264898682e+02 6.5268597412e+02 6.5274700928e+02 6.5278802490e+02 6.5282098389e+02 6.5286901855e+02 6.5291802979e+02 6.5294000244e+02 6.5288500977e+02 6.5283197021e+02 6.5290100098e+02 6.5301300049e+02 6.5302801514e+02 6.5299200439e+02 6.5298699951e+02 6.5307299805e+02 6.5318103027e+02 6.5322802734e+02 6.5324200439e+02 6.5326397705e+02 6.5327398682e+02
6.5108502197e+02 6.5116302490e+02 6.5126202393e+02 6.5133898926e+02 6.5141302490e+02 6.5148602295e+02 6.5153997803e+02 6.5160797119e+02 6.5168902588e+02 6.5175299072e+02 6.5182397461e+02 6.5188702393e+02 6.5196697998e+02 6.5202801514e+02 6.5209497070e+02 6.5215197754e+02 6.5220501709e+02 6.5226202393e+02 6.5230200195e+02 6.5236602783e+02 6.5241900635e+02 6.5247399902e+02 6.5252600098e+02 6.5256799316e+02 6.5262701416e+02 6.5267297363e+02 6.5271899414e+02 6.5277801514e+02 6.5282098389e+02 6.5285601807e+02 6.5289801025e+02 6.5294000244e+02 6.5299200439e+02 6.5300799561e+02 6.5293103027e+02 6.5291900635e+02 6.5301898193e+02 6.5310302734e+02 6.5308599854e+02 6.5304498291e+02 6.5307800293e+02 6.5318499756e+02 6.5327301025e+02 6.5329998779e+02 6.5330798340e+02 6.5331500244e+02
6.5109899902e+02 6.5116998291e+02 6.5126300049e+02 6.5135101318e+02 6.5143701172e+02 6.5149298096e+02 6.5156500244e+02 6.5163299561e+02 6.5170898438e+02 6.5178302002e+02 6.5185601807e+02 6.5192700195e+02 6.5199200439e+02 6.5203698730e+02 6.5210498047e+02 6.5216699219e+02 6.5222100830e+02 6.5228802490e+02 6.5232897949e+02 6.5238598633e+02 6.5243103027e+02 6.5248699951e+02 6.5254302979e+02 6.5259600830e+02 6.5266198730e+02 6.5270800781e+02 6.5275701904e+02 6.5280798340e+02 6.5284497070e+02 6.5289697266e+02 6.5293902588e+02 6.5296697998e+02 6.5301000977e+02 6.5308599854e+02 6.5307897949e+02 6.5301397705e+02 6.5300500488e+02 6.5313098145e+02 6.5317199707e+02 6.5313397217e+02 6.5312597656e+02 6.5317797852e+02 6.5329699707e+02 6.5336901855e+02 6.5336199951e+02 6.5337799072e+02
6.5110101318e+02 6.5117999268e+02 6.5127697754e+02 6.5134698486e+02 6.5142901611e+02 6.5151202393e+02 6.5158599854e+02 6.5164697266e+02 6.5171997070e+02 6.5179302979e+02 6.5186700439e+02 6.5194500732e+02 6.5200500488e+02 6.5205297852e+02 6.5212597656e+02 6.5219897461e+02 6.5224902344e+02 6.5230297852e+02 6.5234197998e+02 6.5239898682e+02 6.5245800781e+02 6.5252099609e+02 6.5257397461e+02 6.5263098145e+02 6.5269598389e+02 6.5273101807e+02 6.5278601074e+02 6.5284802246e+02 6.5288897705e+02 6.5292199707e+02 6.5296301270e+02 6.5300701904e+02 6.5304400635e+02 6.5310498047e+02 6.5316198730e+02 6.5311700439e+02 6.5303601074e+02 6.5310900879e+02 6.5322302246e+02 6.5323101807e+02 6.5318902588e+02 6.5319201660e+02 6.5329498291e+02 6.5340502930e+02 6.5341601563e+02 6.5342498779e+02
6.5110699463e+02 6.5118597412e+02 6.5127697754e+02 6.5134301758e+02 6.5141802979e+02 6.5151098633e+02 6.5158502197e+02 6.5165301514e+02 6.5172802734e+02 6.5180200195e+02 6.5188702393e+02 6.5196099854e+02 6.5202697754e+02 6.5207897949e+02 6.5215002441e+02 6.5222497559e+02 6.5226702881e+02 6.5231799316e+02 6.5236199951e+02 6.5242401123e+02 6.5248999023e+02 6.5254302979e+02 6.5259399414e+02 6.5265399170e+02 6.5271502686e+02 6.5276000977e+02 6.5281500244e+02 6.5288000488e+02 6.5292901611e+02 6.5296099854e+02 6.5300299072e+02 6.5304797363e+02 6.5308300781e+02 6.5311798096e+02 6.5319702148e+02 6.5322399902e+02 6.5317498779e+02 6.5310998535e+02 6.5319396973e+02 6.5328198242e+02 6.5328497314e+02 6.5324798584e+02 6.5329302979e+02 6.5341900635e+02 6.5346502686e+02 6.5347100830e+02
6.5111798096e+02 6.5119799805e+02 6.5127899170e+02 6.5135198975e+02 6.5141998291e+02 6.5151300049e+02 6.5159600830e+02 6.5167498779e+02 6.5174102783e+02 6.5181799316e+02 6.5190997314e+02 6.5197900391e+02 6.5205902100e+02 6.5211102295e+02 6.5216699219e+02 6.5222900391e+02 6.5228100586e+02 6.5233599854e+02 6.5238897705e+02 6.5245800781e+02 6.5251599121e+02 6.5256097412e+02 6.5261102295e+02 6.5267199707e+02 6.5273797607e+02 6.5279797363e+02 6.5286297607e+02 6.5291998291e+02 6.5296099854e+02 6.5300500488e+02 6.5304602051e+02 6.5307897949e+02 6.5311700439e+02 6.5314300537e+02 6.5320202637e+02 6.5327801514e+02 6.5332897949e+02 6.5322399902e+02 6.5319500732e+02 6.5328302002e+02 6.5334301758e+02 6.5332000732e+02 6.5333898926e+02 6.5344000244e+02 6.5352697754e+02 6.5354602051e+02
