TESTSERVER/11/3.asc
NCOLS 100
NROWS 100
XLLCORNER 8.0497500000e+03
YLLCORNER 2.8980025000e+05
CELLSIZE 5.0000000000e-01
NODATA_VALUE -9.9990000000e+03
[rows 40 to 59 of 100, columns 0 to 45 of 100]
6.5184600830e+02 6.5192102051e+02 6.5199401855e+02 6.5211102295e+02 6.5225000000e+02 6.5234997559e+02 6.5246301270e+02 6.5261999512e+02 6.5276898193e+02 6.5290502930e+02 6.5301300049e+02 6.5314099121e+02 6.5326800537e+02 6.5338098145e+02 6.5348101807e+02 6.5357202148e+02 6.5364202881e+02 6.5370001221e+02 6.5375701904e+02 6.5377001953e+02 6.5375097656e+02 6.5369396973e+02 6.5363800049e+02 6.5363397217e+02 6.5361499023e+02 6.5357897949e+02 6.5349102783e+02 6.5346099854e+02 6.5357598877e+02 6.5365100098e+02 6.5366601563e+02 6.5368499756e+02 6.5368200684e+02 6.5367602539e+02 6.5366400146e+02 6.5365502930e+02 6.5364599609e+02 6.5364001465e+02 6.5362799072e+02 6.5361602783e+02 6.5359997559e+02 6.5357397461e+02 6.5352502441e+02 6.5348101807e+02 6.5346099854e+02 6.5343298340e+02
6.5167797852e+02 6.5174200439e+02 6.5178900146e+02 6.5190502930e+02 6.5202099609e+02 6.5211602783e+02 6.5224401855e+02 6.5239801025e+02 6.5255999756e+02 6.5271197510e+02 6.5281597900e+02 6.5295202637e+02 6.5310101318e+02 6.5320697021e+02 6.5330999756e+02 6.5341802979e+02 6.5349401855e+02 6.5355200195e+02 6.5359100342e+02 6.5361297607e+02 6.5364300537e+02 6.5362597656e+02 6.5357000732e+02 6.5350701904e+02 6.5349298096e+02 6.5349200439e+02 6.5343402100e+02 6.5336901855e+02 6.5335601807e+02 6.5339697266e+02 6.5348699951e+02 6.5355603027e+02 6.5356597900e+02 6.5357098389e+02 6.5356500244e+02 6.5356298828e+02 6.5355603027e+02 6.5354998779e+02 6.5354101563e+02 6.5352398682e+02 6.5350201416e+02 6.5347100830e+02 6.5344299316e+02 6.5341802979e+02 6.5339501953e+02 6.5335498047e+02
6.5148699951e+02 6.5155999756e+02 6.5163702393e+02 6.5173400879e+02 6.5181500244e+02 6.5189001465e+02 6.5203002930e+02 6.5219396973e+02 6.5235400391e+02 6.5249401855e+02 6.5260601807e+02 6.5274700928e+02 6.5289501953e+02 6.5301702881e+02 6.5312402344e+02 6.5323602295e+02 6.5330499268e+02 6.5337799072e+02 6.5343200684e+02 6.5345599365e+02 6.5350097656e+02 6.5351098633e+02 6.5349102783e+02 6.5343597412e+02 6.5338397217e+02 6.5335198975e+02 6.5333001709e+02 6.5333001709e+02 6.5328399658e+02 6.5324401855e+02 6.5327099609e+02 6.5335900879e+02 6.5341900635e+02 6.5346398926e+02 6.5346600342e+02 6.5346697998e+02 6.5346502686e+02 6.5346002197e+02 6.5345697021e+02 6.5343902588e+02 6.5341302490e+02 6.5337799072e+02 6.5335797119e+02 6.5332702637e+02 6.5330499268e+02 6.5327398682e+02
6.5129901123e+02 6.5138598633e+02 6.5148699951e+02 6.5155603027e+02 6.5163500977e+02 6.5171600342e+02 6.5184100342e+02 6.5198797607e+02 6.5212500000e+02 6.5225299072e+02 6.5240100098e+02 6.5254699707e+02 6.5267901611e+02 6.5281298828e+02 6.5292797852e+02 6.5305102539e+02 6.5311499023e+02 6.5318499756e+02 6.5325000000e+02 6.5328399658e+02 6.5333197021e+02 6.5333801270e+02 6.5334100342e+02 6.5332800293e+02 6.5329302979e+02 6.5321697998e+02 6.5315600586e+02 6.5319097900e+02 6.5319897461e+02 6.5318298340e+02 6.5314599609e+02 6.5315899658e+02 6.5321398926e+02 6.5329998779e+02 6.5334698486e+02 6.5335900879e+02 6.5337097168e+02 6.5337500000e+02 6.5337902832e+02 6.5336199951e+02 6.5333001709e+02 6.5329101563e+02 6.5327001953e+02 6.5323602295e+02 6.5322399902e+02 6.5319799805e+02
6.5112701416e+02 6.5121197510e+02 6.5130102539e+02 6.5137200928e+02 6.5145898438e+02 6.5156896973e+02 6.5169396973e+02 6.5179602051e+02 6.5189801025e+02 6.5204101563e+02 6.5221197510e+02 6.5233599854e+02 6.5245697021e+02 6.5258801270e+02 6.5272497559e+02 6.5283898926e+02 6.5291497803e+02 6.5297497559e+02 6.5302600098e+02 6.5307598877e+02 6.5313098145e+02 6.5314801025e+02 6.5318597412e+02 6.5318798828e+02 6.5320501709e+02 6.5316802979e+02 6.5305603027e+02 6.5302099609e+02 6.5304901123e+02 6.5309301758e+02 6.5311798096e+02 6.5310101318e+02 6.5305200195e+02 6.5307202148e+02 6.5318103027e+02 6.5324499512e+02 6.5326898193e+02 6.5327398682e+02 6.5328497314e+02 6.5328002930e+02 6.5324200439e+02 6.5320599365e+02 6.5318103027e+02 6.5315197754e+02 6.5313098145e+02 6.5309899902e+02
6.5097100830e+02 6.5107098389e+02 6.5115301514e+02 6.5123199463e+02 6.5131701660e+02 6.5141302490e+02 6.5152099609e+02 6.5162701416e+02 6.5174298096e+02 6.5186798096e+02 6.5198101807e+02 6.5211102295e+02 6.5224499512e+02 6.5237597656e+02 6.5252197266e+02 6.5261602783e+02 6.5269097900e+02 6.5276898193e+02 6.5281896973e+02 6.5287799072e+02 6.5293298340e+02 6.5294097900e+02 6.5296002197e+02 6.5302502441e+02 6.5306298828e+02 6.5307800293e+02 6.5304199219e+02 6.5297198486e+02 6.5293298340e+02 6.5295001221e+02 6.5299597168e+02 6.5304699707e+02 6.5303100586e+02 6.5298199463e+02 6.5296002197e+02 6.5300598145e+02 6.5308801270e+02 6.5315698242e+02 6.5316497803e+02 6.5316101074e+02 6.5312298584e+02 6.5309301758e+02 6.5308697510e+02 6.5305499268e+02 6.5303802490e+02 6.5301501465e+02
6.5080401611e+02 6.5089801025e+02 6.5098602295e+02 6.5109002686e+02 6.5119097900e+02 6.5126800537e+02 6.5135498047e+02 6.5145800781e+02 6.5158099365e+02 6.5169396973e+02 6.5179199219e+02 6.5192401123e+02 6.5206097412e+02 6.5217999268e+02 6.5230902100e+02 6.5240100098e+02 6.5247900391e+02 6.5256298828e+02 6.5263098145e+02 6.5268701172e+02 6.5273400879e+02 6.5276098633e+02 6.5278997803e+02 6.5285498047e+02 6.5288800049e+02 6.5291101074e+02 6.5295202637e+02 6.5294500732e+02 6.5291302490e+02 6.5287200928e+02 6.5286199951e+02 6.5290197754e+02 6.5294500732e+02 6.5295001221e+02 6.5290698242e+02 6.5285498047e+02 6.5285699463e+02 6.5293402100e+02 6.5298797607e+02 6.5301898193e+02 6.5300500488e+02 6.5297698975e+02 6.5296899414e+02 6.5294000244e+02 6.5293499756e+02 6.5292700195e+02
6.5063000488e+02 6.5071899414e+02 6.5079302979e+02 6.5091400146e+02 6.5104602051e+02 6.5112799072e+02 6.5120501709e+02 6.5128100586e+02 6.5139801025e+02 6.5150402832e+02 6.5160699463e+02 6.5172100830e+02 6.5184899902e+02 6.5196899414e+02 6.5209100342e+02 6.5219799805e+02 6.5228997803e+02 6.5238702393e+02 6.5246899414e+02 6.5252301025e+02 6.5255700684e+02 6.5259197998e+02 6.5263800049e+02 6.5267297363e+02 6.5270697021e+02 6.5274499512e+02 6.5280102539e+02 6.5284100342e+02 6.5288397217e+02 6.5286999512e+02 6.5283398438e+02 6.5281799316e+02 6.5283398438e+02 6.5286999512e+02 6.5287902832e+02 6.5283398438e+02 6.5277398682e+02 6.5275000000e+02 6.5274902344e+02 6.5279199219e+02 6.5284100342e+02 6.5285198975e+02 6.5283697510e+02 6.5282397461e+02 6.5282397461e+02 6.5281799316e+02
6.5045098877e+02 6.5053698730e+02 6.5060699463e+02 6.5072998047e+02 6.5086700439e+02 6.5096197510e+02 6.5106500244e+02 6.5113500977e+02 6.5125402832e+02 6.5135797119e+02 6.5142999268e+02 6.5152502441e+02 6.5164001465e+02 6.5174902344e+02 6.5185998535e+02 6.5199798584e+02 6.5209497070e+02 6.5219702148e+02 6.5228198242e+02 6.5235900879e+02 6.5239898682e+02 6.5241998291e+02 6.5244598389e+02 6.5248699951e+02 6.5252697754e+02 6.5257598877e+02 6.5262402344e+02 6.5268701172e+02 6.5275201416e+02 6.5280401611e+02 6.5284399414e+02 6.5282202148e+02 6.5276800537e+02 6.5275299072e+02 6.5274597168e+02 6.5274499512e+02 6.5274499512e+02 6.5270800781e+02 6.5263897705e+02 6.5257800293e+02 6.5257897949e+02 6.5263000488e+02 6.5268402100e+02 6.5270098877e+02 6.5269702148e+02 6.5269000244e+02
6.5025097656e+02 6.5033300781e+02 6.5040997314e+02 6.5056201172e+02 6.5068402100e+02 6.5077600098e+02 6.5090899658e+02 6.5099298096e+02 6.5107897949e+02 6.5117797852e+02 6.5125799561e+02 6.5133001709e+02 6.5146002197e+02 6.5156500244e+02 6.5166302490e+02 6.5181896973e+02 6.5189898682e+02 6.5199798584e+02 6.5209600830e+02 6.5216302490e+02 6.5222698975e+02 6.5225799561e+02 6.5228997803e+02 6.5232800293e+02 6.5234399414e+02 6.5241198730e+02 6.5247198486e+02 6.5256097412e+02 6.5263897705e+02 6.5269000244e+02 6.5272399902e+02 6.5273999023e+02 6.5272198486e+02 6.5270599365e+02 6.5264099121e+02 6.5260302734e+02 6.5262500000e+02 6.5264398193e+02 6.5261798096e+02 6.5255798340e+02 6.5247998047e+02 6.5242700195e+02 6.5242700195e+02 6.5250598145e+02 6.5254797363e+02 6.5256298828e+02
6.5006402588e+02 6.5014398193e+02 6.5023101807e+02 6.5037701416e+02 6.5049700928e+02 6.5059002686e+02 6.5071301270e+02 6.5080297852e+02 6.5089697266e+02 6.5098699951e+02 6.5107598877e+02 6.5113201904e+02 6.5123797607e+02 6.5134997559e+02 6.5147399902e+02 6.5161798096e+02 6.5169097900e+02 6.5179199219e+02 6.5188598633e+02 6.5196099854e+02 6.5203302002e+02 6.5205999756e+02 6.5209100342e+02 6.5211999512e+02 6.5215399170e+02 6.5223699951e+02 6.5231597900e+02 6.5241900635e+02 6.5250000000e+02 6.5255700684e+02 6.5260101318e+02 6.5262298584e+02 6.5262701416e+02 6.5263500977e+02 6.5259399414e+02 6.5254199219e+02 6.5252697754e+02 6.5253302002e+02 6.5253302002e+02 6.5252099609e+02 6.5247601318e+02 6.5239599609e+02 6.5231402588e+02 6.5230200195e+02 6.5230603027e+02 6.5235998535e+02
6.4987902832e+02 6.4996600342e+02 6.5006500244e+02 6.5018298340e+02 6.5030102539e+02 6.5039398193e+02 6.5051000977e+02 6.5060699463e+02 6.5069598389e+02 6.5078399658e+02 6.5087097168e+02 6.5094299316e+02 6.5103198242e+02 6.5113201904e+02 6.5125500488e+02 6.5137902832e+02 6.5148101807e+02 6.5159002686e+02 6.5167797852e+02 6.5176000977e+02 6.5183099365e+02 6.5185699463e+02 6.5187200928e+02 6.5191497803e+02 6.5197601318e+02 6.5206298828e+02 6.5215100098e+02 6.5225500488e+02 6.5234399414e+02 6.5241601563e+02 6.5246997070e+02 6.5249298096e+02 6.5248199463e+02 6.5248498535e+02 6.5249798584e+02 6.5249798584e+02 6.5248699951e+02 6.5245800781e+02 6.5241998291e+02 6.5239898682e+02 6.5238598633e+02 6.5236297607e+02 6.5233197021e+02 6.5227398682e+02 6.5219799805e+02 6.5218701172e+02
6.4967401123e+02 6.4978100586e+02 6.4990197754e+02 6.5000598145e+02 6.5010601807e+02 6.5020098877e+02 6.5030999756e+02 6.5042498779e+02 6.5049499512e+02 6.5057702637e+02 6.5064599609e+02 6.5075402832e+02 6.5084301758e+02 6.5091101074e+02 6.5100097656e+02 6.5114398193e+02 6.5125598145e+02 6.5136297607e+02 6.5147497559e+02 6.5155200195e+02 6.5160198975e+02 6.5163201904e+02 6.5164898682e+02 6.5172100830e+02 6.5178601074e+02 6.5187200928e+02 6.5195800781e+02 6.5206298828e+02 6.5217700195e+02 6.5225799561e+02 6.5228900146e+02 6.5230798340e+02 6.5232098389e+02 6.5232202148e+02 6.5232702637e+02 6.5233099365e+02 6.5235302734e+02 6.5237402344e+02 6.5238299561e+02 6.5232098389e+02 6.5226501465e+02 6.5222802734e+02 6.5223101807e+02 6.5223400879e+02 6.5219897461e+02 6.5216400146e+02
6.4948297119e+02 6.4959698486e+02 6.4971197510e+02 6.4982702637e+02 6.4992602539e+02 6.5001501465e+02 6.5010601807e+02 6.5019897461e+02 6.5028399658e+02 6.5040100098e+02 6.5050598145e+02 6.5055700684e+02 6.5063299561e+02 6.5071002197e+02 6.5080499268e+02 6.5092602539e+02 6.5102899170e+02 6.5115399170e+02 6.5127502441e+02 6.5136102295e+02 6.5141699219e+02 6.5144702148e+02 6.5148498535e+02 6.5155401611e+02 6.5161102295e+02 6.5167199707e+02 6.5175598145e+02 6.5185998535e+02 6.5197100830e+02 6.5205999756e+02 6.5210998535e+02 6.5214202881e+02 6.5217102051e+02 6.5216601563e+02 6.5216302490e+02 6.5219500732e+02 6.5220098877e+02 6.5219897461e+02 6.5220098877e+02 6.5221398926e+02 6.5219201660e+02 6.5214898682e+02 6.5213800049e+02 6.5213500977e+02 6.5211499023e+02 6.5209100342e+02
6.4931402588e+02 6.4943200684e+02 6.4954699707e+02 6.4966998291e+02 6.4978900146e+02 6.4987200928e+02 6.4994799805e+02 6.5003698730e+02 6.5013299561e+02 6.5025598145e+02 6.5037597656e+02 6.5040899658e+02 6.5046600342e+02 6.5054101563e+02 6.5061401367e+02 6.5072198486e+02 6.5082501221e+02 6.5096301270e+02 6.5107897949e+02 6.5117999268e+02 6.5125097656e+02 6.5127899170e+02 6.5132501221e+02 6.5138000488e+02 6.5144799805e+02 6.5151098633e+02 6.5158898926e+02 6.5169097900e+02 6.5179699707e+02 6.5189202881e+02 6.5194201660e+02 6.5196697998e+02 6.5200000000e+02 6.5202197266e+02 6.5201800537e+02 6.5204400635e+02 6.5203900146e+02 6.5201898193e+02 6.5199902344e+02 6.5201800537e+02 6.5204602051e+02 6.5207202148e+02 6.5209399414e+02 6.5207598877e+02 6.5203802490e+02 6.5198699951e+02
6.4917700195e+02 6.4930102539e+02 6.4942199707e+02 6.4952502441e+02 6.4964202881e+02 6.4972698975e+02 6.4979797363e+02 6.4988397217e+02 6.5000598145e+02 6.5013397217e+02 6.5023498535e+02 6.5028601074e+02 6.5034997559e+02 6.5041900635e+02 6.5046600342e+02 6.5056896973e+02 6.5065899658e+02 6.5078302002e+02 6.5089501953e+02 6.5100000000e+02 6.5108099365e+02 6.5110998535e+02 6.5116101074e+02 6.5121697998e+02 6.5127697754e+02 6.5133001709e+02 6.5140600586e+02 6.5149798584e+02 6.5159997559e+02 6.5168597412e+02 6.5173498535e+02 6.5177502441e+02 6.5180200195e+02 6.5183898926e+02 6.5183300781e+02 6.5184497070e+02 6.5185400391e+02 6.5184399414e+02 6.5181896973e+02 6.5181500244e+02 6.5182702637e+02 6.5186798096e+02 6.5194000244e+02 6.5197698975e+02 6.5198699951e+02 6.5196002197e+02
6.4907702637e+02 6.4918701172e+02 6.4929998779e+02 6.4940301514e+02 6.4950897217e+02 6.4959100342e+02 6.4966998291e+02 6.4975799561e+02 6.4987500000e+02 6.5001397705e+02 6.5012902832e+02 6.5017102051e+02 6.5023101807e+02 6.5031597900e+02 6.5040600586e+02 6.5046398926e+02 6.5053100586e+02 6.5062402344e+02 6.5073498535e+02 6.5083898926e+02 6.5092498779e+02 6.5096997070e+02 6.5103100586e+02 6.5109002686e+02 6.5112902832e+02 6.5116699219e+02 6.5126300049e+02 6.5131799316e+02 6.5140100098e+02 6.5147198486e+02 6.5152801514e+02 6.5159002686e+02 6.5159802246e+02 6.5161700439e+02 6.5162298584e+02 6.5165301514e+02 6.5167199707e+02 6.5165502930e+02 6.5163702393e+02 6.5161798096e+02 6.5160699463e+02 6.5163201904e+02 6.5171301270e+02 6.5177197266e+02 6.5183801270e+02 6.5190399170e+02
6.4896002197e+02 6.4908001709e+02 6.4918200684e+02 6.4927600098e+02 6.4937799072e+02 6.4947100830e+02 6.4954400635e+02 6.4963598633e+02 6.4974902344e+02 6.4988397217e+02 6.4998999023e+02 6.5007202148e+02 6.5015100098e+02 6.5023199463e+02 6.5028802490e+02 6.5033398438e+02 6.5040197754e+02 6.5049499512e+02 6.5059301758e+02 6.5070397949e+02 6.5079101563e+02 6.5083300781e+02 6.5089202881e+02 6.5095300293e+02 6.5099102783e+02 6.5102801514e+02 6.5110198975e+02 6.5113397217e+02 6.5119500732e+02 6.5125299072e+02 6.5131201172e+02 6.5136901855e+02 6.5138397217e+02 6.5139300537e+02 6.5140002441e+02 6.5142797852e+02 6.5143902588e+02 6.5141998291e+02 6.5142498779e+02 6.5142797852e+02 6.5144598389e+02 6.5147100830e+02 6.5152301025e+02 6.5158197021e+02 6.5165002441e+02 6.5174200439e+02
6.4885400391e+02 6.4896099854e+02 6.4904998779e+02 6.4913500977e+02 6.4922900391e+02 6.4933300781e+02 6.4941400146e+02 6.4951202393e+02 6.4961401367e+02 6.4973797607e+02 6.4985198975e+02 6.4993798828e+02 6.5000897217e+02 6.5008697510e+02 6.5014697266e+02 6.5020098877e+02 6.5026202393e+02 6.5036102295e+02 6.5045098877e+02 6.5053497314e+02 6.5062902832e+02 6.5070202637e+02 6.5076000977e+02 6.5081298828e+02 6.5083502197e+02 6.5086199951e+02 6.5091900635e+02 6.5092297363e+02 6.5096002197e+02 6.5100000000e+02 6.5106402588e+02 6.5112500000e+02 6.5116101074e+02 6.5117498779e+02 6.5119702148e+02 6.5121697998e+02 6.5122497559e+02 6.5124798584e+02 6.5127301025e+02 6.5127502441e+02 6.5129400635e+02 6.5132501221e+02 6.5138800049e+02 6.5143798828e+02 6.5148797607e+02 6.5155499268e+02
6.4874102783e+02 6.4882897949e+02 6.4890502930e+02 6.4899298096e+02 6.4909399414e+02 6.4920397949e+02 6.4928302002e+02 6.4937701416e+02 6.4946398926e+02 6.4958898926e+02 6.4971197510e+02 6.4977301025e+02 6.4982702637e+02 6.4990502930e+02 6.4996502686e+02 6.5003100586e+02 6.5009497070e+02 6.5019500732e+02 6.5028497314e+02 6.5035998535e+02 6.5045697021e+02 6.5054998779e+02 6.5061401367e+02 6.5067999268e+02 6.5069500732e+02 6.5070397949e+02 6.5073602295e+02 6.5072302246e+02 6.5074298096e+02 6.5078698730e+02 6.5084698486e+02 6.5091101074e+02 6.5096697998e+02 6.5098797607e+02 6.5099597168e+02 6.5101702881e+02 6.5102801514e+02 6.5106799316e+02 6.5109997559e+02 6.5113897705e+02 6.5116400146e+02 6.5121002197e+02 6.5128302002e+02 6.5133300781e+02 6.5137298584e+02 6.5140899658e+02
