TESTSERVER/11/3.asc
NCOLS 100
NROWS 100
XLLCORNER 8.0497500000e+03
YLLCORNER 2.8980025000e+05
CELLSIZE 5.0000000000e-01
NODATA_VALUE -9.9990000000e+03
[rows 0 to 19 of 100, columns 46 to 91 of 100]
6.5570300293e+02 6.5570501709e+02 6.5570202637e+02 6.5569000244e+02 6.5566302490e+02 6.5565600586e+02 6.5565802002e+02 6.5567102051e+02 6.5566900635e+02 6.5566302490e+02 6.5567199707e+02 6.5569000244e+02 6.5569500732e+02 6.5570800781e+02 6.5570898438e+02 6.5571301270e+02 6.5572497559e+02 6.5575097656e+02 6.5577197266e+02 6.5578802490e+02 6.5579998779e+02 6.5582397461e+02 6.5585302734e+02 6.5587298584e+02 6.5590002441e+02 6.5594201660e+02 6.5596899414e+02 6.5598400879e+02 6.5601599121e+02 6.5604302979e+02 6.5608099365e+02 6.5611199951e+02 6.5613201904e+02 6.5617401123e+02 6.5621997070e+02 6.5626000977e+02 6.5629797363e+02 6.5634698486e+02 6.5639300537e+02 6.5643798828e+02 6.5647601318e+02 6.5652600098e+02 6.5656201172e+02 6.5661901855e+02 6.5665802002e+02 6.5671600342e+02
6.5565399170e+02 6.5565399170e+02 6.5564898682e+02 6.5564202881e+02 6.5561999512e+02 6.5561798096e+02 6.5560998535e+02 6.5560900879e+02 6.5562298584e+02 6.5561297607e+02 6.5562200928e+02 6.5563098145e+02 6.5563397217e+02 6.5564398193e+02 6.5566302490e+02 6.5566900635e+02 6.5566699219e+02 6.5569396973e+02 6.5570397949e+02 6.5573101807e+02 6.5575500488e+02 6.5577301025e+02 6.5580700684e+02 6.5582000732e+02 6.5584497070e+02 6.5588000488e+02 6.5590301514e+02 6.5593402100e+02 6.5597198486e+02 6.5598400879e+02 6.5600799561e+02 6.5603497314e+02 6.5607501221e+02 6.5610699463e+02 6.5614898682e+02 6.5620001221e+02 6.5624102783e+02 6.5627899170e+02 6.5632202148e+02 6.5637799072e+02 6.5639697266e+02 6.5644000244e+02 6.5649298096e+02 6.5654901123e+02 6.5658398438e+02 6.5663299561e+02
6.5559002686e+02 6.5559497070e+02 6.5558898926e+02 6.5558898926e+02 6.5558697510e+02 6.5556799316e+02 6.5555297852e+02 6.5554797363e+02 6.5556896973e+02 6.5555200195e+02 6.5556402588e+02 6.5557098389e+02 6.5558001709e+02 6.5559399414e+02 6.5561199951e+02 6.5561700439e+02 6.5561999512e+02 6.5564697266e+02 6.5565802002e+02 6.5568499756e+02 6.5571600342e+02 6.5571899414e+02 6.5574298096e+02 6.5576898193e+02 6.5578802490e+02 6.5581597900e+02 6.5584100342e+02 6.5586700439e+02 6.5589697266e+02 6.5591400146e+02 6.5594702148e+02 6.5598400879e+02 6.5603002930e+02 6.5605603027e+02 6.5608599854e+02 6.5612701416e+02 6.5617199707e+02 6.5620800781e+02 6.5625299072e+02 6.5630798340e+02 6.5633599854e+02 6.5638397217e+02 6.5643200684e+02 6.5647100830e+02 6.5651098633e+02 6.5656201172e+02
6.5554400635e+02 6.5554302979e+02 6.5553100586e+02 6.5552899170e+02 6.5554101563e+02 6.5551501465e+02 6.5549597168e+02 6.5549200439e+02 6.5551098633e+02 6.5549597168e+02 6.5550799561e+02 6.5551202393e+02 6.5551702881e+02 6.5553900146e+02 6.5555297852e+02 6.5556201172e+02 6.5558099365e+02 6.5559698486e+02 6.5560900879e+02 6.5562500000e+02 6.5564697266e+02 6.5566400146e+02 6.5568597412e+02 6.5570898438e+02 6.5572698975e+02 6.5575402832e+02 6.5577197266e+02 6.5579199219e+02 6.5582000732e+02 6.5584100342e+02 6.5588299561e+02 6.5591802979e+02 6.5595202637e+02 6.5598999023e+02 6.5602899170e+02 6.5605297852e+02 6.5609497070e+02 6.5613800049e+02 6.5618701172e+02 6.5623999023e+02 6.5627502441e+02 6.5631701660e+02 6.5636999512e+02 6.5641302490e+02 6.5645300293e+02 6.5650000000e+02
6.5549200439e+02 6.5548999023e+02 6.5547998047e+02 6.5547497559e+02 6.5546899414e+02 6.5547698975e+02 6.5546398926e+02 6.5545300293e+02 6.5545697021e+02 6.5544598389e+02 6.5543597412e+02 6.5544500732e+02 6.5545001221e+02 6.5546899414e+02 6.5548602295e+02 6.5550299072e+02 6.5551397705e+02 6.5552502441e+02 6.5553802490e+02 6.5555902100e+02 6.5559899902e+02 6.5562097168e+02 6.5563500977e+02 6.5564300537e+02 6.5565802002e+02 6.5568701172e+02 6.5571099854e+02 6.5573602295e+02 6.5578198242e+02 6.5577398682e+02 6.5581597900e+02 6.5585900879e+02 6.5589099121e+02 6.5592797852e+02 6.5596600342e+02 6.5598901367e+02 6.5602899170e+02 6.5606896973e+02 6.5611102295e+02 6.5615600586e+02 6.5619702148e+02 6.5623602295e+02 6.5629699707e+02 6.5634802246e+02 6.5637701416e+02 6.5642401123e+02
6.5544897461e+02 6.5544897461e+02 6.5543200684e+02 6.5542901611e+02 6.5541900635e+02 6.5541802979e+02 6.5540600586e+02 6.5539202881e+02 6.5538098145e+02 6.5539001465e+02 6.5539398193e+02 6.5539898682e+02 6.5538702393e+02 6.5540301514e+02 6.5541802979e+02 6.5544799805e+02 6.5545898438e+02 6.5547100830e+02 6.5548199463e+02 6.5550097656e+02 6.5552502441e+02 6.5553002930e+02 6.5554400635e+02 6.5556097412e+02 6.5559600830e+02 6.5561700439e+02 6.5564697266e+02 6.5567498779e+02 6.5571197510e+02 6.5571697998e+02 6.5575799561e+02 6.5578198242e+02 6.5581701660e+02 6.5584899902e+02 6.5588500977e+02 6.5591198730e+02 6.5594897461e+02 6.5599902344e+02 6.5603302002e+02 6.5607800293e+02 6.5612500000e+02 6.5616198730e+02 6.5620202637e+02 6.5626397705e+02 6.5631201172e+02 6.5636297607e+02
6.5539801025e+02 6.5539398193e+02 6.5538201904e+02 6.5538800049e+02 6.5537298584e+02 6.5535601807e+02 6.5534899902e+02 6.5534899902e+02 6.5533599854e+02 6.5534100342e+02 6.5534899902e+02 6.5535198975e+02 6.5534197998e+02 6.5534399414e+02 6.5534497070e+02 6.5537402344e+02 6.5539398193e+02 6.5540698242e+02 6.5542797852e+02 6.5544500732e+02 6.5545599365e+02 6.5546801758e+02 6.5548297119e+02 6.5548999023e+02 6.5551599121e+02 6.5554699707e+02 6.5557098389e+02 6.5558398438e+02 6.5561798096e+02 6.5565002441e+02 6.5569702148e+02 6.5570898438e+02 6.5573901367e+02 6.5577398682e+02 6.5582000732e+02 6.5584802246e+02 6.5586602783e+02 6.5591497803e+02 6.5595397949e+02 6.5600799561e+02 6.5605499268e+02 6.5609100342e+02 6.5612597656e+02 6.5618902588e+02 6.5624499512e+02 6.5628698730e+02
6.5534802246e+02 6.5534497070e+02 6.5533898926e+02 6.5534197998e+02 6.5532897949e+02 6.5530999756e+02 6.5529901123e+02 6.5530603027e+02 6.5529101563e+02 6.5528302002e+02 6.5528900146e+02 6.5530297852e+02 6.5529797363e+02 6.5529199219e+02 6.5528100586e+02 6.5528997803e+02 6.5532000732e+02 6.5534301758e+02 6.5536499023e+02 6.5538000488e+02 6.5538800049e+02 6.5540600586e+02 6.5541601563e+02 6.5542102051e+02 6.5543597412e+02 6.5548199463e+02 6.5550500488e+02 6.5550799561e+02 6.5554199219e+02 6.5557299805e+02 6.5561901855e+02 6.5564501953e+02 6.5567401123e+02 6.5570599365e+02 6.5575201416e+02 6.5579602051e+02 6.5582098389e+02 6.5584197998e+02 6.5589001465e+02 6.5593902588e+02 6.5598199463e+02 6.5601898193e+02 6.5605401611e+02 6.5610797119e+02 6.5616900635e+02 6.5622802734e+02
6.5532299805e+02 6.5530902100e+02 6.5531597900e+02 6.5530999756e+02 6.5530603027e+02 6.5528497314e+02 6.5525299072e+02 6.5524499512e+02 6.5523498535e+02 6.5523699951e+02 6.5523297119e+02 6.5523699951e+02 6.5522302246e+02 6.5523400879e+02 6.5523699951e+02 6.5523602295e+02 6.5525897217e+02 6.5528698730e+02 6.5529699707e+02 6.5530297852e+02 6.5530999756e+02 6.5532897949e+02 6.5534497070e+02 6.5536401367e+02 6.5538098145e+02 6.5541198730e+02 6.5543200684e+02 6.5544500732e+02 6.5548101807e+02 6.5551300049e+02 6.5555102539e+02 6.5559002686e+02 6.5561700439e+02 6.5563800049e+02 6.5567401123e+02 6.5571398926e+02 6.5575097656e+02 6.5578399658e+02 6.5582501221e+02 6.5585797119e+02 6.5590197754e+02 6.5595599365e+02 6.5599700928e+02 6.5603100586e+02 6.5606799316e+02 6.5613299561e+02
6.5529998779e+02 6.5528002930e+02 6.5526501465e+02 6.5525500488e+02 6.5525402832e+02 6.5522900391e+02 6.5521197510e+02 6.5520599365e+02 6.5519396973e+02 6.5517999268e+02 6.5517700195e+02 6.5518798828e+02 6.5517102051e+02 6.5518701172e+02 6.5519897461e+02 6.5520501709e+02 6.5521398926e+02 6.5522900391e+02 6.5522802734e+02 6.5523400879e+02 6.5525000000e+02 6.5527197266e+02 6.5529400635e+02 6.5530499268e+02 6.5530999756e+02 6.5534600830e+02 6.5536999512e+02 6.5539001465e+02 6.5542401123e+02 6.5545202637e+02 6.5547497559e+02 6.5550500488e+02 6.5553802490e+02 6.5557501221e+02 6.5559997559e+02 6.5562200928e+02 6.5565100098e+02 6.5570202637e+02 6.5575598145e+02 6.5578900146e+02 6.5581201172e+02 6.5586602783e+02 6.5591400146e+02 6.5595599365e+02 6.5598797607e+02 6.5603302002e+02
6.5524902344e+02 6.5522302246e+02 6.5520001221e+02 6.5520098877e+02 6.5520800781e+02 6.5518798828e+02 6.5517602539e+02 6.5516400146e+02 6.5515399170e+02 6.5512402344e+02 6.5512902832e+02 6.5513800049e+02 6.5511199951e+02 6.5512597656e+02 6.5514300537e+02 6.5515698242e+02 6.5516400146e+02 6.5517102051e+02 6.5516900635e+02 6.5516699219e+02 6.5519396973e+02 6.5520697021e+02 6.5521697998e+02 6.5523297119e+02 6.5525598145e+02 6.5528198242e+02 6.5530102539e+02 6.5531896973e+02 6.5534997559e+02 6.5538702393e+02 6.5540698242e+02 6.5543200684e+02 6.5545202637e+02 6.5549499512e+02 6.5553497314e+02 6.5556097412e+02 6.5558502197e+02 6.5562097168e+02 6.5566302490e+02 6.5570800781e+02 6.5573602295e+02 6.5578601074e+02 6.5583697510e+02 6.5589398193e+02 6.5593597412e+02 6.5596502686e+02
6.5520098877e+02 6.5517602539e+02 6.5515600586e+02 6.5515502930e+02 6.5514801025e+02 6.5512902832e+02 6.5512200928e+02 6.5511401367e+02 6.5511297607e+02 6.5507897949e+02 6.5507800293e+02 6.5508300781e+02 6.5507397461e+02 6.5508697510e+02 6.5508898926e+02 6.5509100342e+02 6.5510302734e+02 6.5511401367e+02 6.5511297607e+02 6.5509899902e+02 6.5511499023e+02 6.5513098145e+02 6.5515698242e+02 6.5518200684e+02 6.5520800781e+02 6.5521197510e+02 6.5523602295e+02 6.5525598145e+02 6.5527899170e+02 6.5530902100e+02 6.5533001709e+02 6.5536602783e+02 6.5539001465e+02 6.5541497803e+02 6.5545300293e+02 6.5548999023e+02 6.5551702881e+02 6.5554602051e+02 6.5558300781e+02 6.5563098145e+02 6.5565502930e+02 6.5571197510e+02 6.5576397705e+02 6.5582000732e+02 6.5586499023e+02 6.5590100098e+02
6.5516998291e+02 6.5514801025e+02 6.5512597656e+02 6.5510302734e+02 6.5508898926e+02 6.5508197021e+02 6.5506799316e+02 6.5506097412e+02 6.5505200195e+02 6.5503002930e+02 6.5501898193e+02 6.5503100586e+02 6.5504498291e+02 6.5504699707e+02 6.5503100586e+02 6.5502301025e+02 6.5503002930e+02 6.5503802490e+02 6.5504400635e+02 6.5503497314e+02 6.5504901123e+02 6.5507000732e+02 6.5510302734e+02 6.5511798096e+02 6.5514202881e+02 6.5513500977e+02 6.5516400146e+02 6.5518798828e+02 6.5520599365e+02 6.5524102783e+02 6.5525701904e+02 6.5529699707e+02 6.5533099365e+02 6.5533697510e+02 6.5535900879e+02 6.5540100098e+02 6.5541998291e+02 6.5546099854e+02 6.5550701904e+02 6.5556201172e+02 6.5558697510e+02 6.5563500977e+02 6.5568902588e+02 6.5573498535e+02 6.5577099609e+02 6.5582000732e+02
6.5512200928e+02 6.5510101318e+02 6.5507598877e+02 6.5505499268e+02 6.5504199219e+02 6.5501000977e+02 6.5499798584e+02 6.5500299072e+02 6.5500097656e+02 6.5498400879e+02 6.5497302246e+02 6.5498400879e+02 6.5498498535e+02 6.5498797607e+02 6.5497601318e+02 6.5496600342e+02 6.5496899414e+02 6.5497399902e+02 6.5498400879e+02 6.5498498535e+02 6.5500000000e+02 6.5501098633e+02 6.5503100586e+02 6.5504699707e+02 6.5508398438e+02 6.5508197021e+02 6.5510400391e+02 6.5514398193e+02 6.5514697266e+02 6.5517602539e+02 6.5519702148e+02 6.5522900391e+02 6.5524401855e+02 6.5526599121e+02 6.5529101563e+02 6.5532098389e+02 6.5533898926e+02 6.5539001465e+02 6.5543597412e+02 6.5548297119e+02 6.5550402832e+02 6.5555200195e+02 6.5560400391e+02 6.5565600586e+02 6.5568798828e+02 6.5573101807e+02
6.5506799316e+02 6.5504901123e+02 6.5503002930e+02 6.5501098633e+02 6.5499102783e+02 6.5496697998e+02 6.5495300293e+02 6.5494702148e+02 6.5495397949e+02 6.5493798828e+02 6.5492797852e+02 6.5493200684e+02 6.5492401123e+02 6.5491802979e+02 6.5490802002e+02 6.5490502930e+02 6.5490502930e+02 6.5490399170e+02 6.5492102051e+02 6.5492297363e+02 6.5493798828e+02 6.5494396973e+02 6.5495697021e+02 6.5496801758e+02 6.5499798584e+02 6.5502099609e+02 6.5504498291e+02 6.5507897949e+02 6.5508502197e+02 6.5511199951e+02 6.5512597656e+02 6.5515399170e+02 6.5516900635e+02 6.5520202637e+02 6.5523101807e+02 6.5525701904e+02 6.5527899170e+02 6.5532397461e+02 6.5535699463e+02 6.5539300537e+02 6.5543499756e+02 6.5547497559e+02 6.5551800537e+02 6.5558697510e+02 6.5562500000e+02 6.5565002441e+02
6.5500000000e+02 6.5499200439e+02 6.5498498535e+02 6.5496398926e+02 6.5493402100e+02 6.5492700195e+02 6.5491400146e+02 6.5489697266e+02 6.5490502930e+02 6.5489599609e+02 6.5488702393e+02 6.5488098145e+02 6.5487097168e+02 6.5486102295e+02 6.5484899902e+02 6.5485302734e+02 6.5486499023e+02 6.5484997559e+02 6.5485900879e+02 6.5485101318e+02 6.5486297607e+02 6.5488201904e+02 6.5490502930e+02 6.5492498779e+02 6.5494500732e+02 6.5495397949e+02 6.5497100830e+02 6.5498797607e+02 6.5502099609e+02 6.5505401611e+02 6.5506298828e+02 6.5508300781e+02 6.5509899902e+02 6.5512500000e+02 6.5515100098e+02 6.5517700195e+02 6.5521099854e+02 6.5524902344e+02 6.5527801514e+02 6.5530902100e+02 6.5536700439e+02 6.5541101074e+02 6.5545098877e+02 6.5551300049e+02 6.5555902100e+02 6.5559002686e+02
6.5492401123e+02 6.5494097900e+02 6.5492901611e+02 6.5490100098e+02 6.5490502930e+02 6.5487298584e+02 6.5485900879e+02 6.5485400391e+02 6.5484399414e+02 6.5484197998e+02 6.5483801270e+02 6.5483099365e+02 6.5481799316e+02 6.5481597900e+02 6.5480999756e+02 6.5480798340e+02 6.5481298828e+02 6.5481201172e+02 6.5480499268e+02 6.5478802490e+02 6.5480798340e+02 6.5481896973e+02 6.5484497070e+02 6.5487902832e+02 6.5488702393e+02 6.5489801025e+02 6.5489801025e+02 6.5491101074e+02 6.5496002197e+02 6.5499597168e+02 6.5500799561e+02 6.5502398682e+02 6.5502502441e+02 6.5504998779e+02 6.5508001709e+02 6.5510198975e+02 6.5512200928e+02 6.5516101074e+02 6.5520300293e+02 6.5524700928e+02 6.5528997803e+02 6.5534497070e+02 6.5539001465e+02 6.5543298340e+02 6.5547900391e+02 6.5553100586e+02
6.5488800049e+02 6.5485998535e+02 6.5485302734e+02 6.5484698486e+02 6.5486199951e+02 6.5483599854e+02 6.5482202148e+02 6.5482000732e+02 6.5479901123e+02 6.5478698730e+02 6.5478198242e+02 6.5478002930e+02 6.5476599121e+02 6.5476300049e+02 6.5475701904e+02 6.5475402832e+02 6.5475402832e+02 6.5473602295e+02 6.5473199463e+02 6.5473101807e+02 6.5475097656e+02 6.5475897217e+02 6.5478601074e+02 6.5480499268e+02 6.5480297852e+02 6.5481799316e+02 6.5482800293e+02 6.5485198975e+02 6.5488500977e+02 6.5491802979e+02 6.5493499756e+02 6.5494897461e+02 6.5496197510e+02 6.5499597168e+02 6.5502899170e+02 6.5504302979e+02 6.5505902100e+02 6.5509802246e+02 6.5513800049e+02 6.5517498779e+02 6.5520397949e+02 6.5526000977e+02 6.5532202148e+02 6.5535699463e+02 6.5540100098e+02 6.5544702148e+02
6.5484399414e+02 6.5480999756e+02 6.5480798340e+02 6.5479199219e+02 6.5478601074e+02 6.5477899170e+02 6.5478100586e+02 6.5476702881e+02 6.5475000000e+02 6.5473602295e+02 6.5473400879e+02 6.5473199463e+02 6.5471600342e+02 6.5471099854e+02 6.5470898438e+02 6.5470800781e+02 6.5470202637e+02 6.5467999268e+02 6.5467297363e+02 6.5468200684e+02 6.5470001221e+02 6.5470501709e+02 6.5472802734e+02 6.5474401855e+02 6.5473901367e+02 6.5475799561e+02 6.5476501465e+02 6.5478399658e+02 6.5481097412e+02 6.5482702637e+02 6.5485498047e+02 6.5488598633e+02 6.5492102051e+02 6.5493701172e+02 6.5495300293e+02 6.5497399902e+02 6.5500097656e+02 6.5503698730e+02 6.5506201172e+02 6.5509802246e+02 6.5513598633e+02 6.5518298340e+02 6.5524902344e+02 6.5527801514e+02 6.5530798340e+02 6.5535900879e+02
6.5478698730e+02 6.5475402832e+02 6.5475299072e+02 6.5474700928e+02 6.5472698975e+02 6.5471801758e+02 6.5472802734e+02 6.5471600342e+02 6.5469799805e+02 6.5468902588e+02 6.5468597412e+02 6.5468701172e+02 6.5466601563e+02 6.5465100098e+02 6.5465301514e+02 6.5465100098e+02 6.5464398193e+02 6.5464898682e+02 6.5463598633e+02 6.5463299561e+02 6.5464599609e+02 6.5465997314e+02 6.5467700195e+02 6.5468200684e+02 6.5467602539e+02 6.5470001221e+02 6.5471600342e+02 6.5473297119e+02 6.5474597168e+02 6.5476702881e+02 6.5479797363e+02 6.5482598877e+02 6.5484197998e+02 6.5484899902e+02 6.5486602783e+02 6.5490399170e+02 6.5493597412e+02 6.5496899414e+02 6.5499102783e+02 6.5503100586e+02 6.5507299805e+02 6.5509802246e+02 6.5515997314e+02 6.5519097900e+02 6.5522998047e+02 6.5528399658e+02
