TESTSERVER/11/4.asc
NCOLS 100
NROWS 100
XLLCORNER 8.0497500000e+03
YLLCORNER 2.8975025000e+05
CELLSIZE 5.0000000000e-01
NODATA_VALUE -9.9990000000e+03
[rows 0 to 19 of 100, columns 46 to 91 of 100]
6.5112701416e+02 6.5121099854e+02 6.5128497314e+02 6.5136401367e+02 6.5143597412e+02 6.5152899170e+02 6.5160601807e+02 6.5168200684e+02 6.5176000977e+02 6.5184197998e+02 6.5191998291e+02 6.5198999023e+02 6.5207202148e+02 6.5212799072e+02 6.5218200684e+02 6.5223498535e+02 6.5229998779e+02 6.5235601807e+02 6.5240399170e+02 6.5246801758e+02 6.5252502441e+02 6.5258300781e+02 6.5263702393e+02 6.5270001221e+02 6.5276898193e+02 6.5283300781e+02 6.5290301514e+02 6.5295098877e+02 6.5297698975e+02 6.5302801514e+02 6.5307202148e+02 6.5310601807e+02 6.5313702393e+02 6.5316998291e+02 6.5322399902e+02 6.5329699707e+02 6.5336901855e+02 6.5338000488e+02 6.5330297852e+02 6.5330798340e+02 6.5336999512e+02 6.5338201904e+02 6.5339398193e+02 6.5344702148e+02 6.5353198242e+02 6.5358197021e+02
6.5113702393e+02 6.5121301270e+02 6.5129302979e+02 6.5138201904e+02 6.5146502686e+02 6.5154400635e+02 6.5161901855e+02 6.5169598389e+02 6.5177600098e+02 6.5185198975e+02 6.5193499756e+02 6.5201397705e+02 6.5208801270e+02 6.5212298584e+02 6.5219097900e+02 6.5225299072e+02 6.5230999756e+02 6.5237701416e+02 6.5241998291e+02 6.5249102783e+02 6.5256097412e+02 6.5261798096e+02 6.5266900635e+02 6.5272900391e+02 6.5279602051e+02 6.5285699463e+02 6.5292901611e+02 6.5297900391e+02 6.5300799561e+02 6.5304797363e+02 6.5309100342e+02 6.5313500977e+02 6.5317602539e+02 6.5320599365e+02 6.5325000000e+02 6.5331097412e+02 6.5337298584e+02 6.5345300293e+02 6.5341900635e+02 6.5335498047e+02 6.5337701416e+02 6.5342602539e+02 6.5345001221e+02 6.5346997070e+02 6.5353002930e+02 6.5360699463e+02
6.5116101074e+02 6.5123101807e+02 6.5130902100e+02 6.5139300537e+02 6.5147698975e+02 6.5155603027e+02 6.5162597656e+02 6.5170300293e+02 6.5179498291e+02 6.5186602783e+02 6.5194598389e+02 6.5202502441e+02 6.5208502197e+02 6.5212799072e+02 6.5220001221e+02 6.5225799561e+02 6.5230999756e+02 6.5238000488e+02 6.5243902588e+02 6.5252301025e+02 6.5257897949e+02 6.5263702393e+02 6.5269500732e+02 6.5275500488e+02 6.5282397461e+02 6.5287500000e+02 6.5294702148e+02 6.5299499512e+02 6.5302697754e+02 6.5306701660e+02 6.5311602783e+02 6.5315600586e+02 6.5319897461e+02 6.5324700928e+02 6.5328997803e+02 6.5334197998e+02 6.5340002441e+02 6.5349700928e+02 6.5353497314e+02 6.5345599365e+02 6.5339697266e+02 6.5345501709e+02 6.5350402832e+02 6.5350701904e+02 6.5352600098e+02 6.5361499023e+02
6.5116900635e+02 6.5125201416e+02 6.5134002686e+02 6.5140502930e+02 6.5146899414e+02 6.5156201172e+02 6.5164501953e+02 6.5171997070e+02 6.5181298828e+02 6.5187500000e+02 6.5194097900e+02 6.5201000977e+02 6.5207202148e+02 6.5214202881e+02 6.5222198486e+02 6.5228100586e+02 6.5233801270e+02 6.5241101074e+02 6.5246899414e+02 6.5253698730e+02 6.5258502197e+02 6.5265301514e+02 6.5271099854e+02 6.5277502441e+02 6.5284197998e+02 6.5289501953e+02 6.5296301270e+02 6.5300897217e+02 6.5304699707e+02 6.5308398438e+02 6.5314398193e+02 6.5318103027e+02 6.5322601318e+02 6.5328302002e+02 6.5332702637e+02 6.5337597656e+02 6.5343701172e+02 6.5350799561e+02 6.5357598877e+02 6.5356298828e+02 6.5347302246e+02 6.5346801758e+02 6.5353900146e+02 6.5357299805e+02 6.5355603027e+02 6.5361297607e+02
6.5117199707e+02 6.5126397705e+02 6.5135498047e+02 6.5141900635e+02 6.5148498535e+02 6.5158599854e+02 6.5166400146e+02 6.5173400879e+02 6.5182702637e+02 6.5189398193e+02 6.5195501709e+02 6.5202197266e+02 6.5209497070e+02 6.5215802002e+02 6.5223199463e+02 6.5229602051e+02 6.5236102295e+02 6.5243701172e+02 6.5248797607e+02 6.5254498291e+02 6.5260797119e+02 6.5268701172e+02 6.5274902344e+02 6.5280798340e+02 6.5285198975e+02 6.5291101074e+02 6.5297399902e+02 6.5302301025e+02 6.5308099365e+02 6.5313000488e+02 6.5317700195e+02 6.5321197510e+02 6.5327398682e+02 6.5332501221e+02 6.5337097168e+02 6.5340899658e+02 6.5346197510e+02 6.5352899170e+02 6.5359802246e+02 6.5364697266e+02 6.5361602783e+02 6.5351898193e+02 6.5354498291e+02 6.5360498047e+02 6.5361901855e+02 6.5363500977e+02
6.5119702148e+02 6.5128399658e+02 6.5135400391e+02 6.5142700195e+02 6.5150201416e+02 6.5159100342e+02 6.5166497803e+02 6.5173797607e+02 6.5182299805e+02 6.5190002441e+02 6.5197100830e+02 6.5203698730e+02 6.5210900879e+02 6.5217102051e+02 6.5225201416e+02 6.5232598877e+02 6.5238201904e+02 6.5244799805e+02 6.5250799561e+02 6.5257202148e+02 6.5263201904e+02 6.5269799805e+02 6.5275299072e+02 6.5281298828e+02 6.5286297607e+02 6.5292199707e+02 6.5297802734e+02 6.5302398682e+02 6.5308398438e+02 6.5313598633e+02 6.5318902588e+02 6.5323400879e+02 6.5330798340e+02 6.5336297607e+02 6.5341900635e+02 6.5344500732e+02 6.5348797607e+02 6.5355902100e+02 6.5362298584e+02 6.5368499756e+02 6.5371502686e+02 6.5363201904e+02 6.5357897949e+02 6.5361199951e+02 6.5366802979e+02 6.5368902588e+02
6.5121899414e+02 6.5130200195e+02 6.5136199951e+02 6.5144201660e+02 6.5151501465e+02 6.5159600830e+02 6.5167700195e+02 6.5175201416e+02 6.5182397461e+02 6.5189300537e+02 6.5197601318e+02 6.5205200195e+02 6.5211798096e+02 6.5219702148e+02 6.5227398682e+02 6.5233197021e+02 6.5238800049e+02 6.5245898438e+02 6.5252600098e+02 6.5259301758e+02 6.5264898682e+02 6.5271002197e+02 6.5276800537e+02 6.5283099365e+02 6.5288702393e+02 6.5293200684e+02 6.5298999023e+02 6.5305200195e+02 6.5310601807e+02 6.5316101074e+02 6.5322399902e+02 6.5326898193e+02 6.5333099365e+02 6.5338201904e+02 6.5343298340e+02 6.5347802734e+02 6.5353002930e+02 6.5358697510e+02 6.5364202881e+02 6.5370300293e+02 6.5375201416e+02 6.5373400879e+02 6.5365600586e+02 6.5361999512e+02 6.5369897461e+02 6.5374401855e+02
6.5123699951e+02 6.5131402588e+02 6.5137701416e+02 6.5146099854e+02 6.5153100586e+02 6.5162097168e+02 6.5170001221e+02 6.5177099609e+02 6.5184698486e+02 6.5191699219e+02 6.5199499512e+02 6.5206896973e+02 6.5213000488e+02 6.5220501709e+02 6.5228002930e+02 6.5233502197e+02 6.5240197754e+02 6.5248699951e+02 6.5255102539e+02 6.5261297607e+02 6.5266900635e+02 6.5273602295e+02 6.5279101563e+02 6.5285198975e+02 6.5291699219e+02 6.5295501709e+02 6.5302197266e+02 6.5309600830e+02 6.5314099121e+02 6.5319201660e+02 6.5326300049e+02 6.5331500244e+02 6.5335900879e+02 6.5340802002e+02 6.5345599365e+02 6.5351800537e+02 6.5357202148e+02 6.5362298584e+02 6.5367297363e+02 6.5372698975e+02 6.5376300049e+02 6.5380999756e+02 6.5377301025e+02 6.5368701172e+02 6.5373199463e+02 6.5379400635e+02
6.5124597168e+02 6.5133398438e+02 6.5140997314e+02 6.5148999023e+02 6.5155798340e+02 6.5164001465e+02 6.5171600342e+02 6.5178997803e+02 6.5185998535e+02 6.5194299316e+02 6.5200897217e+02 6.5207897949e+02 6.5214501953e+02 6.5221997070e+02 6.5228997803e+02 6.5236297607e+02 6.5244097900e+02 6.5250701904e+02 6.5256097412e+02 6.5261999512e+02 6.5268499756e+02 6.5275201416e+02 6.5280798340e+02 6.5286602783e+02 6.5294299316e+02 6.5299499512e+02 6.5305603027e+02 6.5311999512e+02 6.5316400146e+02 6.5321002197e+02 6.5328198242e+02 6.5334301758e+02 6.5340399170e+02 6.5344897461e+02 6.5350299072e+02 6.5355700684e+02 6.5361401367e+02 6.5366601563e+02 6.5370202637e+02 6.5374902344e+02 6.5379400635e+02 6.5383801270e+02 6.5385302734e+02 6.5377899170e+02 6.5375097656e+02 6.5382800293e+02
6.5127899170e+02 6.5135498047e+02 6.5143402100e+02 6.5151098633e+02 6.5157897949e+02 6.5165899658e+02 6.5173297119e+02 6.5180499268e+02 6.5188702393e+02 6.5197100830e+02 6.5203997803e+02 6.5211199951e+02 6.5217999268e+02 6.5225402832e+02 6.5230902100e+02 6.5238098145e+02 6.5244897461e+02 6.5250799561e+02 6.5256597900e+02 6.5263598633e+02 6.5270697021e+02 6.5276898193e+02 6.5283398438e+02 6.5289501953e+02 6.5295898438e+02 6.5301599121e+02 6.5307897949e+02 6.5314300537e+02 6.5319000244e+02 6.5324700928e+02 6.5331597900e+02 6.5338299561e+02 6.5343200684e+02 6.5349902344e+02 6.5355499268e+02 6.5360302734e+02 6.5365197754e+02 6.5369702148e+02 6.5373101807e+02 6.5377697754e+02 6.5380999756e+02 6.5385498047e+02 6.5390399170e+02 6.5387597656e+02 6.5381597900e+02 6.5384301758e+02
6.5131799316e+02 6.5138397217e+02 6.5145599365e+02 6.5153302002e+02 6.5159997559e+02 6.5168798828e+02 6.5176501465e+02 6.5183001709e+02 6.5190600586e+02 6.5198297119e+02 6.5206097412e+02 6.5213397217e+02 6.5220001221e+02 6.5226800537e+02 6.5233001709e+02 6.5240502930e+02 6.5246002197e+02 6.5252001953e+02 6.5257202148e+02 6.5265399170e+02 6.5273999023e+02 6.5279101563e+02 6.5285198975e+02 6.5290600586e+02 6.5295599365e+02 6.5302301025e+02 6.5308898926e+02 6.5315802002e+02 6.5321899414e+02 6.5327899170e+02 6.5334399414e+02 6.5341497803e+02 6.5346997070e+02 6.5353802490e+02 6.5358697510e+02 6.5363000488e+02 6.5367999268e+02 6.5372998047e+02 6.5377099609e+02 6.5381701660e+02 6.5384600830e+02 6.5388598633e+02 6.5394097900e+02 6.5396997070e+02 6.5392498779e+02 6.5388098145e+02
6.5133801270e+02 6.5140698242e+02 6.5148101807e+02 6.5155603027e+02 6.5161401367e+02 6.5171301270e+02 6.5179498291e+02 6.5185601807e+02 6.5192297363e+02 6.5199798584e+02 6.5207897949e+02 6.5214801025e+02 6.5220800781e+02 6.5227398682e+02 6.5234399414e+02 6.5242797852e+02 6.5247698975e+02 6.5253698730e+02 6.5258398438e+02 6.5266101074e+02 6.5274798584e+02 6.5280102539e+02 6.5286999512e+02 6.5292797852e+02 6.5297900391e+02 6.5304199219e+02 6.5310998535e+02 6.5318597412e+02 6.5325701904e+02 6.5331500244e+02 6.5338000488e+02 6.5344396973e+02 6.5349700928e+02 6.5355700684e+02 6.5360998535e+02 6.5365399170e+02 6.5370697021e+02 6.5376202393e+02 6.5380798340e+02 6.5385198975e+02 6.5388299561e+02 6.5391601563e+02 6.5395898438e+02 6.5400701904e+02 6.5401397705e+02 6.5395599365e+02
6.5135797119e+02 6.5143103027e+02 6.5150598145e+02 6.5157598877e+02 6.5164099121e+02 6.5172601318e+02 6.5180603027e+02 6.5186901855e+02 6.5194097900e+02 6.5201702881e+02 6.5209100342e+02 6.5215698242e+02 6.5222399902e+02 6.5229602051e+02 6.5236499023e+02 6.5243902588e+02 6.5250097656e+02 6.5256402588e+02 6.5261901855e+02 6.5267797852e+02 6.5274597168e+02 6.5281799316e+02 6.5289099121e+02 6.5295001221e+02 6.5301397705e+02 6.5308300781e+02 6.5315600586e+02 6.5322497559e+02 6.5328497314e+02 6.5334997559e+02 6.5341998291e+02 6.5347198486e+02 6.5352899170e+02 6.5358801270e+02 6.5363702393e+02 6.5368798828e+02 6.5375402832e+02 6.5379101563e+02 6.5383001709e+02 6.5387701416e+02 6.5392102051e+02 6.5394598389e+02 6.5398699951e+02 6.5403601074e+02 6.5409002686e+02 6.5407702637e+02
6.5138000488e+02 6.5145599365e+02 6.5152899170e+02 6.5160302734e+02 6.5167297363e+02 6.5175402832e+02 6.5183801270e+02 6.5189099121e+02 6.5196301270e+02 6.5203198242e+02 6.5210498047e+02 6.5217498779e+02 6.5224597168e+02 6.5231701660e+02 6.5237701416e+02 6.5244201660e+02 6.5252001953e+02 6.5258599854e+02 6.5264099121e+02 6.5270001221e+02 6.5276501465e+02 6.5283502197e+02 6.5290002441e+02 6.5296600342e+02 6.5303900146e+02 6.5311199951e+02 6.5319299316e+02 6.5325299072e+02 6.5330102539e+02 6.5336499023e+02 6.5343200684e+02 6.5348797607e+02 6.5355603027e+02 6.5360601807e+02 6.5365100098e+02 6.5370202637e+02 6.5376000977e+02 6.5379998779e+02 6.5384600830e+02 6.5390002441e+02 6.5393902588e+02 6.5397802734e+02 6.5402899170e+02 6.5407000732e+02 6.5411602783e+02 6.5413201904e+02
6.5141101074e+02 6.5148297119e+02 6.5155603027e+02 6.5163000488e+02 6.5170202637e+02 6.5177600098e+02 6.5185498047e+02 6.5191400146e+02 6.5199200439e+02 6.5205603027e+02 6.5213598633e+02 6.5219799805e+02 6.5225598145e+02 6.5233001709e+02 6.5239898682e+02 6.5246002197e+02 6.5252001953e+02 6.5258801270e+02 6.5264898682e+02 6.5271801758e+02 6.5278100586e+02 6.5284802246e+02 6.5292498779e+02 6.5300201416e+02 6.5307501221e+02 6.5314697266e+02 6.5322497559e+02 6.5328497314e+02 6.5333197021e+02 6.5339501953e+02 6.5345397949e+02 6.5351397705e+02 6.5358599854e+02 6.5363098145e+02 6.5367498779e+02 6.5372698975e+02 6.5377697754e+02 6.5382202148e+02 6.5386499023e+02 6.5392498779e+02 6.5396997070e+02 6.5401397705e+02 6.5405999756e+02 6.5409600830e+02 6.5413897705e+02 6.5417999268e+02
6.5144000244e+02 6.5151000977e+02 6.5158300781e+02 6.5165698242e+02 6.5173199463e+02 6.5180603027e+02 6.5187799072e+02 6.5194201660e+02 6.5201702881e+02 6.5207501221e+02 6.5215502930e+02 6.5221600342e+02 6.5227600098e+02 6.5235400391e+02 6.5242797852e+02 6.5248101807e+02 6.5253497314e+02 6.5261102295e+02 6.5267297363e+02 6.5274499512e+02 6.5280798340e+02 6.5286901855e+02 6.5295697021e+02 6.5303997803e+02 6.5311199951e+02 6.5317797852e+02 6.5324798584e+02 6.5331500244e+02 6.5336602783e+02 6.5342498779e+02 6.5348498535e+02 6.5354302979e+02 6.5360797119e+02 6.5366198730e+02 6.5371301270e+02 6.5376300049e+02 6.5380102539e+02 6.5384997559e+02 6.5389398193e+02 6.5395697021e+02 6.5401300049e+02 6.5405603027e+02 6.5409698486e+02 6.5413201904e+02 6.5416998291e+02 6.5421002197e+02
6.5146197510e+02 6.5153198242e+02 6.5160498047e+02 6.5168298340e+02 6.5175201416e+02 6.5181597900e+02 6.5188800049e+02 6.5195501709e+02 6.5202398682e+02 6.5209301758e+02 6.5216699219e+02 6.5223999023e+02 6.5231298828e+02 6.5238000488e+02 6.5244201660e+02 6.5249798584e+02 6.5257397461e+02 6.5264501953e+02 6.5270697021e+02 6.5277801514e+02 6.5285198975e+02 6.5291400146e+02 6.5299401855e+02 6.5306298828e+02 6.5314300537e+02 6.5320898438e+02 6.5327801514e+02 6.5334698486e+02 6.5339202881e+02 6.5345397949e+02 6.5352001953e+02 6.5357202148e+02 6.5362799072e+02 6.5369396973e+02 6.5374200439e+02 6.5378302002e+02 6.5381500244e+02 6.5387500000e+02 6.5392797852e+02 6.5398602295e+02 6.5404797363e+02 6.5409899902e+02 6.5413299561e+02 6.5416101074e+02 6.5420501709e+02 6.5425598145e+02
6.5147198486e+02 6.5155798340e+02 6.5164599609e+02 6.5173498535e+02 6.5179901123e+02 6.5184698486e+02 6.5191998291e+02 6.5199401855e+02 6.5205798340e+02 6.5212799072e+02 6.5219702148e+02 6.5226300049e+02 6.5233898926e+02 6.5239202881e+02 6.5245898438e+02 6.5252899170e+02 6.5260302734e+02 6.5268103027e+02 6.5274102783e+02 6.5280902100e+02 6.5288598633e+02 6.5295098877e+02 6.5302600098e+02 6.5309100342e+02 6.5317401123e+02 6.5323901367e+02 6.5330798340e+02 6.5337298584e+02 6.5341998291e+02 6.5348498535e+02 6.5356201172e+02 6.5361401367e+02 6.5366302490e+02 6.5371899414e+02 6.5376202393e+02 6.5381097412e+02 6.5385797119e+02 6.5391400146e+02 6.5396301270e+02 6.5401702881e+02 6.5407501221e+02 6.5411798096e+02 6.5416699219e+02 6.5420001221e+02 6.5425097656e+02 6.5430798340e+02
6.5150701904e+02 6.5159399414e+02 6.5167797852e+02 6.5175897217e+02 6.5181799316e+02 6.5187799072e+02 6.5196099854e+02 6.5203002930e+02 6.5208502197e+02 6.5215002441e+02 6.5221697998e+02 6.5228497314e+02 6.5236102295e+02 6.5242498779e+02 6.5248699951e+02 6.5255297852e+02 6.5262701416e+02 6.5271398926e+02 6.5278399658e+02 6.5284899902e+02 6.5292297363e+02 6.5298901367e+02 6.5306097412e+02 6.5312902832e+02 6.5320001221e+02 6.5326702881e+02 6.5333898926e+02 6.5340502930e+02 6.5346002197e+02 6.5351098633e+02 6.5357800293e+02 6.5363397217e+02 6.5369396973e+02 6.5374401855e+02 6.5379199219e+02 6.5384698486e+02 6.5389300537e+02 6.5394799805e+02 6.5400299072e+02 6.5405297852e+02 6.5409698486e+02 6.5415197754e+02 6.5421398926e+02 6.5424902344e+02 6.5430200195e+02 6.5435400391e+02
6.5154101563e+02 6.5162701416e+02 6.5170599365e+02 6.5177600098e+02 6.5183300781e+02 6.5191497803e+02 6.5199401855e+02 6.5205102539e+02 6.5211401367e+02 6.5217700195e+02 6.5224298096e+02 6.5231298828e+02 6.5238800049e+02 6.5246301270e+02 6.5251501465e+02 6.5258697510e+02 6.5266900635e+02 6.5274700928e+02 6.5281896973e+02 6.5288397217e+02 6.5295397949e+02 6.5302197266e+02 6.5309802246e+02 6.5316400146e+02 6.5322802734e+02 6.5330102539e+02 6.5337597656e+02 6.5343499756e+02 6.5349102783e+02 6.5354101563e+02 6.5359802246e+02 6.5365301514e+02 6.5371997070e+02 6.5376800537e+02 6.5382299805e+02 6.5388598633e+02 6.5393499756e+02 6.5399298096e+02 6.5404998779e+02 6.5409899902e+02 6.5413299561e+02 6.5419299316e+02 6.5425799561e+02 6.5429699707e+02 6.5434600830e+02 6.5439001465e+02
