TESTSERVER/11/4.asc
NCOLS 100
NROWS 100
XLLCORNER 8.0497500000e+03
YLLCORNER 2.8975025000e+05
CELLSIZE 5.0000000000e-01
NODATA_VALUE -9.9990000000e+03
[rows 80 to 99 of 100, columns 46 to 91 of 100]
6.5510302734e+02 6.5512799072e+02 6.5515698242e+02 6.5518798828e+02 6.5521801758e+02 6.5524700928e+02 6.5527197266e+02 6.5530102539e+02 6.5533001709e+02 6.5537799072e+02 6.5540802002e+02 6.5544598389e+02 6.5548101807e+02 6.5551098633e+02 6.5554302979e+02 6.5557098389e+02 6.5559600830e+02 6.5564300537e+02 6.5567401123e+02 6.5569201660e+02 6.5572497559e+02 6.5574902344e+02 6.5576702881e+02 6.5579901123e+02 6.5584600830e+02 6.5586901855e+02 6.5590197754e+02 6.5593902588e+02 6.5598101807e+02 6.5601397705e+02 6.5604797363e+02 6.5609600830e+02 6.5614202881e+02 6.5617999268e+02 6.5621099854e+02 6.5625701904e+02 6.5628698730e+02 6.5629699707e+02 6.5632897949e+02 6.5635101318e+02 6.5636602783e+02 6.5639898682e+02 6.5642700195e+02 6.5646600342e+02 6.5650299072e+02 6.5652899170e+02
6.5514001465e+02 6.5517999268e+02 6.5520800781e+02 6.5523699951e+02 6.5526202393e+02 6.5529901123e+02 6.5533300781e+02 6.5535900879e+02 6.5538000488e+02 6.5541998291e+02 6.5544799805e+02 6.5547698975e+02 6.5552001953e+02 6.5554400635e+02 6.5557000732e+02 6.5560900879e+02 6.5564398193e+02 6.5567401123e+02 6.5571099854e+02 6.5572601318e+02 6.5572802734e+02 6.5576898193e+02 6.5579199219e+02 6.5582299805e+02 6.5586401367e+02 6.5590197754e+02 6.5594097900e+02 6.5597802734e+02 6.5602600098e+02 6.5606701660e+02 6.5610400391e+02 6.5614501953e+02 6.5617297363e+02 6.5620898438e+02 6.5623797607e+02 6.5627502441e+02 6.5630102539e+02 6.5632098389e+02 6.5634698486e+02 6.5637701416e+02 6.5640802002e+02 6.5643499756e+02 6.5647399902e+02 6.5651098633e+02 6.5654400635e+02 6.5655999756e+02
6.5517901611e+02 6.5521697998e+02 6.5525701904e+02 6.5528997803e+02 6.5530700684e+02 6.5534002686e+02 6.5536999512e+02 6.5539801025e+02 6.5542498779e+02 6.5545397949e+02 6.5548999023e+02 6.5551098633e+02 6.5554998779e+02 6.5558197021e+02 6.5560498047e+02 6.5564202881e+02 6.5567901611e+02 6.5570501709e+02 6.5573901367e+02 6.5575701904e+02 6.5575402832e+02 6.5578698730e+02 6.5582897949e+02 6.5587597656e+02 6.5591400146e+02 6.5595300293e+02 6.5598699951e+02 6.5602600098e+02 6.5607000732e+02 6.5610101318e+02 6.5614801025e+02 6.5619201660e+02 6.5619702148e+02 6.5623101807e+02 6.5626599121e+02 6.5629699707e+02 6.5632000732e+02 6.5634899902e+02 6.5637799072e+02 6.5640899658e+02 6.5644799805e+02 6.5647802734e+02 6.5651501465e+02 6.5654199219e+02 6.5657598877e+02 6.5658801270e+02
6.5522998047e+02 6.5527099609e+02 6.5530902100e+02 6.5533801270e+02 6.5535198975e+02 6.5538397217e+02 6.5540502930e+02 6.5544000244e+02 6.5547698975e+02 6.5549499512e+02 6.5552600098e+02 6.5554998779e+02 6.5558801270e+02 6.5562298584e+02 6.5564697266e+02 6.5567102051e+02 6.5569897461e+02 6.5572802734e+02 6.5576800537e+02 6.5579199219e+02 6.5579797363e+02 6.5582000732e+02 6.5586901855e+02 6.5592102051e+02 6.5596398926e+02 6.5599298096e+02 6.5602398682e+02 6.5607202148e+02 6.5611199951e+02 6.5613098145e+02 6.5617797852e+02 6.5621801758e+02 6.5622998047e+02 6.5626898193e+02 6.5629602051e+02 6.5632299805e+02 6.5635400391e+02 6.5639501953e+02 6.5642199707e+02 6.5644500732e+02 6.5648498535e+02 6.5651098633e+02 6.5653997803e+02 6.5656402588e+02 6.5659698486e+02 6.5661798096e+02
6.5528399658e+02 6.5532299805e+02 6.5535101318e+02 6.5537402344e+02 6.5540698242e+02 6.5542602539e+02 6.5544097900e+02 6.5546801758e+02 6.5549597168e+02 6.5553100586e+02 6.5555798340e+02 6.5558898926e+02 6.5562200928e+02 6.5565301514e+02 6.5568298340e+02 6.5569799805e+02 6.5572497559e+02 6.5575299072e+02 6.5579199219e+02 6.5583099365e+02 6.5584997559e+02 6.5588397217e+02 6.5591601563e+02 6.5595300293e+02 6.5599499512e+02 6.5602301025e+02 6.5605798340e+02 6.5610498047e+02 6.5613702393e+02 6.5616497803e+02 6.5620098877e+02 6.5623602295e+02 6.5626898193e+02 6.5630999756e+02 6.5633197021e+02 6.5636199951e+02 6.5639300537e+02 6.5644299316e+02 6.5646502686e+02 6.5647497559e+02 6.5650402832e+02 6.5653002930e+02 6.5655700684e+02 6.5658398438e+02 6.5661102295e+02 6.5664898682e+02
6.5532501221e+02 6.5536499023e+02 6.5539001465e+02 6.5541101074e+02 6.5544396973e+02 6.5546502686e+02 6.5548498535e+02 6.5550500488e+02 6.5553002930e+02 6.5557098389e+02 6.5561199951e+02 6.5563702393e+02 6.5565002441e+02 6.5566699219e+02 6.5570397949e+02 6.5573498535e+02 6.5577697754e+02 6.5580102539e+02 6.5584197998e+02 6.5588098145e+02 6.5590100098e+02 6.5593103027e+02 6.5596398926e+02 6.5599401855e+02 6.5602600098e+02 6.5605603027e+02 6.5609899902e+02 6.5614398193e+02 6.5618298340e+02 6.5621697998e+02 6.5624700928e+02 6.5627502441e+02 6.5631298828e+02 6.5634100342e+02 6.5637200928e+02 6.5641497803e+02 6.5642901611e+02 6.5645501709e+02 6.5649200439e+02 6.5651599121e+02 6.5653302002e+02 6.5655798340e+02 6.5658599854e+02 6.5661401367e+02 6.5664398193e+02 6.5667297363e+02
6.5536401367e+02 6.5539001465e+02 6.5541699219e+02 6.5544702148e+02 6.5547900391e+02 6.5550299072e+02 6.5552502441e+02 6.5554199219e+02 6.5556799316e+02 6.5560699463e+02 6.5563598633e+02 6.5565899658e+02 6.5567797852e+02 6.5568499756e+02 6.5572698975e+02 6.5577801514e+02 6.5582501221e+02 6.5585498047e+02 6.5588702393e+02 6.5590997314e+02 6.5593597412e+02 6.5596600342e+02 6.5601000977e+02 6.5603802490e+02 6.5606500244e+02 6.5610302734e+02 6.5614599609e+02 6.5618499756e+02 6.5622497559e+02 6.5626098633e+02 6.5628399658e+02 6.5631201172e+02 6.5635302734e+02 6.5637701416e+02 6.5641302490e+02 6.5645098877e+02 6.5646099854e+02 6.5646997070e+02 6.5651098633e+02 6.5654797363e+02 6.5656201172e+02 6.5658898926e+02 6.5661602783e+02 6.5664300537e+02 6.5667602539e+02 6.5670001221e+02
6.5539599609e+02 6.5540899658e+02 6.5544299316e+02 6.5548400879e+02 6.5551202393e+02 6.5553497314e+02 6.5555700684e+02 6.5557501221e+02 6.5559600830e+02 6.5562597656e+02 6.5564898682e+02 6.5569299316e+02 6.5572100830e+02 6.5573400879e+02 6.5577502441e+02 6.5582598877e+02 6.5586297607e+02 6.5589801025e+02 6.5593499756e+02 6.5595501709e+02 6.5598297119e+02 6.5601202393e+02 6.5605200195e+02 6.5607702637e+02 6.5610101318e+02 6.5614001465e+02 6.5618103027e+02 6.5621997070e+02 6.5626898193e+02 6.5630798340e+02 6.5632598877e+02 6.5635400391e+02 6.5639300537e+02 6.5641699219e+02 6.5644702148e+02 6.5647497559e+02 6.5648901367e+02 6.5650598145e+02 6.5654199219e+02 6.5658001709e+02 6.5659497070e+02 6.5661901855e+02 6.5664599609e+02 6.5667401123e+02 6.5670599365e+02 6.5673400879e+02
6.5542102051e+02 6.5544299316e+02 6.5547698975e+02 6.5551000977e+02 6.5553198242e+02 6.5554699707e+02 6.5556799316e+02 6.5559698486e+02 6.5562500000e+02 6.5565502930e+02 6.5567797852e+02 6.5572698975e+02 6.5577502441e+02 6.5579998779e+02 6.5583099365e+02 6.5586499023e+02 6.5590399170e+02 6.5593499756e+02 6.5596899414e+02 6.5599298096e+02 6.5602001953e+02 6.5605999756e+02 6.5609197998e+02 6.5611499023e+02 6.5614501953e+02 6.5617401123e+02 6.5621002197e+02 6.5625299072e+02 6.5630700684e+02 6.5635101318e+02 6.5636602783e+02 6.5639202881e+02 6.5642498779e+02 6.5645697021e+02 6.5647399902e+02 6.5649401855e+02 6.5651800537e+02 6.5654101563e+02 6.5657702637e+02 6.5660498047e+02 6.5661499023e+02 6.5665002441e+02 6.5667498779e+02 6.5670098877e+02 6.5672698975e+02 6.5675402832e+02
6.5545300293e+02 6.5548101807e+02 6.5550701904e+02 6.5552697754e+02 6.5555999756e+02 6.5559002686e+02 6.5560302734e+02 6.5562597656e+02 6.5566497803e+02 6.5571502686e+02 6.5573297119e+02 6.5576000977e+02 6.5580999756e+02 6.5583801270e+02 6.5587298584e+02 6.5590399170e+02 6.5594897461e+02 6.5598199463e+02 6.5600897217e+02 6.5603198242e+02 6.5605999756e+02 6.5609002686e+02 6.5612799072e+02 6.5616198730e+02 6.5617498779e+02 6.5620202637e+02 6.5625598145e+02 6.5630798340e+02 6.5634399414e+02 6.5638397217e+02 6.5640502930e+02 6.5642199707e+02 6.5644799805e+02 6.5647399902e+02 6.5649102783e+02 6.5651800537e+02 6.5654699707e+02 6.5657000732e+02 6.5660699463e+02 6.5663000488e+02 6.5664599609e+02 6.5667999268e+02 6.5670202637e+02 6.5673297119e+02 6.5676098633e+02 6.5677301025e+02
6.5546197510e+02 6.5550097656e+02 6.5553497314e+02 6.5554901123e+02 6.5558398438e+02 6.5563500977e+02 6.5565399170e+02 6.5567999268e+02 6.5571502686e+02 6.5575799561e+02 6.5577697754e+02 6.5579302979e+02 6.5584100342e+02 6.5588000488e+02 6.5591400146e+02 6.5594396973e+02 6.5598400879e+02 6.5602001953e+02 6.5604498291e+02 6.5607800293e+02 6.5610699463e+02 6.5612799072e+02 6.5616998291e+02 6.5620697021e+02 6.5621899414e+02 6.5624401855e+02 6.5629797363e+02 6.5635101318e+02 6.5638000488e+02 6.5640301514e+02 6.5643701172e+02 6.5646398926e+02 6.5648101807e+02 6.5649597168e+02 6.5651702881e+02 6.5655902100e+02 6.5658801270e+02 6.5660302734e+02 6.5664099121e+02 6.5666497803e+02 6.5668298340e+02 6.5670697021e+02 6.5672601318e+02 6.5674700928e+02 6.5677502441e+02 6.5678900146e+02
6.5548199463e+02 6.5551898193e+02 6.5556298828e+02 6.5558099365e+02 6.5561102295e+02 6.5566101074e+02 6.5568902588e+02 6.5571801758e+02 6.5575299072e+02 6.5577899170e+02 6.5580999756e+02 6.5584100342e+02 6.5586999512e+02 6.5591302490e+02 6.5595300293e+02 6.5598400879e+02 6.5601501465e+02 6.5605798340e+02 6.5608197021e+02 6.5611199951e+02 6.5615002441e+02 6.5617498779e+02 6.5621301270e+02 6.5625000000e+02 6.5628198242e+02 6.5630102539e+02 6.5633502197e+02 6.5637799072e+02 6.5640899658e+02 6.5642297363e+02 6.5645001221e+02 6.5648699951e+02 6.5650701904e+02 6.5652899170e+02 6.5655200195e+02 6.5658599854e+02 6.5661901855e+02 6.5663897705e+02 6.5666699219e+02 6.5668402100e+02 6.5670300293e+02 6.5673199463e+02 6.5675598145e+02 6.5676702881e+02 6.5677899170e+02 6.5680999756e+02
6.5552398682e+02 6.5555603027e+02 6.5559197998e+02 6.5562298584e+02 6.5565002441e+02 6.5569000244e+02 6.5571997070e+02 6.5574499512e+02 6.5579901123e+02 6.5581201172e+02 6.5583697510e+02 6.5588397217e+02 6.5591497803e+02 6.5594500732e+02 6.5599597168e+02 6.5602801514e+02 6.5605200195e+02 6.5609100342e+02 6.5612500000e+02 6.5615502930e+02 6.5618902588e+02 6.5622302246e+02 6.5625299072e+02 6.5628698730e+02 6.5632098389e+02 6.5635101318e+02 6.5637500000e+02 6.5640301514e+02 6.5642700195e+02 6.5646002197e+02 6.5647802734e+02 6.5650000000e+02 6.5651702881e+02 6.5655902100e+02 6.5658898926e+02 6.5661700439e+02 6.5664697266e+02 6.5667401123e+02 6.5668701172e+02 6.5670501709e+02 6.5673901367e+02 6.5675402832e+02 6.5677099609e+02 6.5679400635e+02 6.5680603027e+02 6.5683300781e+02
6.5556097412e+02 6.5559600830e+02 6.5562597656e+02 6.5565399170e+02 6.5567401123e+02 6.5571600342e+02 6.5575201416e+02 6.5577697754e+02 6.5582000732e+02 6.5584301758e+02 6.5587902832e+02 6.5591802979e+02 6.5595697021e+02 6.5597399902e+02 6.5602001953e+02 6.5605902100e+02 6.5608697510e+02 6.5612200928e+02 6.5615502930e+02 6.5618798828e+02 6.5622399902e+02 6.5626397705e+02 6.5629400635e+02 6.5632098389e+02 6.5635101318e+02 6.5638800049e+02 6.5641198730e+02 6.5643701172e+02 6.5645300293e+02 6.5648797607e+02 6.5651000977e+02 6.5653302002e+02 6.5655999756e+02 6.5659301758e+02 6.5662298584e+02 6.5665002441e+02 6.5667797852e+02 6.5669500732e+02 6.5671502686e+02 6.5673699951e+02 6.5675897217e+02 6.5676800537e+02 6.5678698730e+02 6.5681896973e+02 6.5684399414e+02 6.5686499023e+02
6.5557800293e+02 6.5561401367e+02 6.5564898682e+02 6.5568103027e+02 6.5570697021e+02 6.5574102783e+02 6.5577600098e+02 6.5581097412e+02 6.5585101318e+02 6.5587902832e+02 6.5591198730e+02 6.5594500732e+02 6.5598901367e+02 6.5600598145e+02 6.5604101563e+02 6.5608898926e+02 6.5612402344e+02 6.5615399170e+02 6.5618701172e+02 6.5621997070e+02 6.5625701904e+02 6.5629998779e+02 6.5633398438e+02 6.5635498047e+02 6.5637701416e+02 6.5641101074e+02 6.5644201660e+02 6.5646801758e+02 6.5648699951e+02 6.5651702881e+02 6.5653900146e+02 6.5656201172e+02 6.5659100342e+02 6.5661297607e+02 6.5664599609e+02 6.5667999268e+02 6.5671002197e+02 6.5671398926e+02 6.5673498535e+02 6.5675299072e+02 6.5678302002e+02 6.5680902100e+02 6.5682598877e+02 6.5684899902e+02 6.5687799072e+02 6.5690197754e+02
6.5559600830e+02 6.5562799072e+02 6.5566699219e+02 6.5570501709e+02 6.5573400879e+02 6.5576098633e+02 6.5578698730e+02 6.5583001709e+02 6.5587701416e+02 6.5590399170e+02 6.5594097900e+02 6.5597198486e+02 6.5601202393e+02 6.5603802490e+02 6.5607000732e+02 6.5611901855e+02 6.5615899658e+02 6.5618597412e+02 6.5621899414e+02 6.5625097656e+02 6.5628302002e+02 6.5632098389e+02 6.5635400391e+02 6.5637799072e+02 6.5641198730e+02 6.5644000244e+02 6.5646600342e+02 6.5648797607e+02 6.5651202393e+02 6.5654302979e+02 6.5656701660e+02 6.5658300781e+02 6.5660198975e+02 6.5662701416e+02 6.5666400146e+02 6.5670300293e+02 6.5673101807e+02 6.5673602295e+02 6.5676098633e+02 6.5677600098e+02 6.5681097412e+02 6.5684600830e+02 6.5685998535e+02 6.5687200928e+02 6.5690502930e+02 6.5693200684e+02
6.5562402344e+02 6.5565197754e+02 6.5568798828e+02 6.5572601318e+02 6.5576800537e+02 6.5578497314e+02 6.5581201172e+02 6.5584997559e+02 6.5588702393e+02 6.5592901611e+02 6.5597802734e+02 6.5601098633e+02 6.5604199219e+02 6.5607501221e+02 6.5610101318e+02 6.5614001465e+02 6.5618798828e+02 6.5621600342e+02 6.5624597168e+02 6.5627697754e+02 6.5630902100e+02 6.5633502197e+02 6.5637097168e+02 6.5640698242e+02 6.5644500732e+02 6.5647302246e+02 6.5649597168e+02 6.5652001953e+02 6.5653997803e+02 6.5656500244e+02 6.5659997559e+02 6.5660797119e+02 6.5660900879e+02 6.5665899658e+02 6.5669299316e+02 6.5671899414e+02 6.5674200439e+02 6.5675701904e+02 6.5678997803e+02 6.5681597900e+02 6.5685302734e+02 6.5686798096e+02 6.5689099121e+02 6.5690502930e+02 6.5693103027e+02 6.5695501709e+02
6.5563897705e+02 6.5566998291e+02 6.5570300293e+02 6.5574102783e+02 6.5578100586e+02 6.5580999756e+02 6.5583697510e+02 6.5586700439e+02 6.5590997314e+02 6.5595800781e+02 6.5600097656e+02 6.5604101563e+02 6.5608502197e+02 6.5612402344e+02 6.5615002441e+02 6.5617401123e+02 6.5621197510e+02 6.5624200439e+02 6.5626702881e+02 6.5628997803e+02 6.5632702637e+02 6.5636199951e+02 6.5639300537e+02 6.5642700195e+02 6.5646600342e+02 6.5649200439e+02 6.5651202393e+02 6.5654498291e+02 6.5656500244e+02 6.5658801270e+02 6.5662298584e+02 6.5664099121e+02 6.5664599609e+02 6.5668402100e+02 6.5671600342e+02 6.5673999023e+02 6.5676202393e+02 6.5678399658e+02 6.5682501221e+02 6.5685601807e+02 6.5687298584e+02 6.5689898682e+02 6.5692102051e+02 6.5693402100e+02 6.5695001221e+02 6.5696398926e+02
6.5565698242e+02 6.5568597412e+02 6.5571197510e+02 6.5576000977e+02 6.5579302979e+02 6.5583197021e+02 6.5586401367e+02 6.5588800049e+02 6.5592602539e+02 6.5598400879e+02 6.5602697754e+02 6.5607000732e+02 6.5611798096e+02 6.5614398193e+02 6.5616900635e+02 6.5619500732e+02 6.5622900391e+02 6.5626599121e+02 6.5629199219e+02 6.5631701660e+02 6.5635101318e+02 6.5639001465e+02 6.5641802979e+02 6.5644897461e+02 6.5648699951e+02 6.5651501465e+02 6.5653698730e+02 6.5657000732e+02 6.5659197998e+02 6.5661199951e+02 6.5663897705e+02 6.5666601563e+02 6.5668902588e+02 6.5671197510e+02 6.5673999023e+02 6.5676397705e+02 6.5679400635e+02 6.5681799316e+02 6.5685101318e+02 6.5687597656e+02 6.5689001465e+02 6.5692401123e+02 6.5694201660e+02 6.5696801758e+02 6.5698498535e+02 6.5700299072e+02
6.5567297363e+02 6.5570098877e+02 6.5572998047e+02 6.5578497314e+02 6.5581201172e+02 6.5585601807e+02 6.5589898682e+02 6.5593103027e+02 6.5595501709e+02 6.5600799561e+02 6.5605102539e+02 6.5609002686e+02 6.5613000488e+02 6.5616302490e+02 6.5619702148e+02 6.5622198486e+02 6.5624200439e+02 6.5627502441e+02 6.5630603027e+02 6.5634197998e+02 6.5638098145e+02 6.5642199707e+02 6.5645098877e+02 6.5648101807e+02 6.5651000977e+02 6.5654498291e+02 6.5656896973e+02 6.5659497070e+02 6.5661798096e+02 6.5664501953e+02 6.5666699219e+02 6.5668798828e+02 6.5671600342e+02 6.5674102783e+02 6.5677197266e+02 6.5679998779e+02 6.5683300781e+02 6.5685699463e+02 6.5687902832e+02 6.5690100098e+02 6.5692199707e+02 6.5695001221e+02 6.5696502686e+02 6.5698999023e+02 6.5700701904e+02 6.5702197266e+02
