TESTSERVER/11/5.asc
NCOLS 100
NROWS 100
XLLCORNER 8.0497500000e+03
YLLCORNER 2.8970025000e+05
CELLSIZE 5.0000000000e-01
NODATA_VALUE -9.9990000000e+03
[rows 40 to 59 of 100, columns 0 to 45 of 100]
6.5325799561e+02 6.5329797363e+02 6.5334997559e+02 6.5340197754e+02 6.5345599365e+02 6.5350701904e+02 6.5354400635e+02 6.5359497070e+02 6.5364398193e+02 6.5368499756e+02 6.5374597168e+02 6.5380102539e+02 6.5384899902e+02 6.5390197754e+02 6.5396899414e+02 6.5403497314e+02 6.5408697510e+02 6.5413299561e+02 6.5418701172e+02 6.5425598145e+02 6.5432299805e+02 6.5438299561e+02 6.5443701172e+02 6.5450402832e+02 6.5456500244e+02 6.5462200928e+02 6.5470001221e+02 6.5477301025e+02 6.5483898926e+02 6.5490100098e+02 6.5497302246e+02 6.5503302002e+02 6.5510498047e+02 6.5517602539e+02 6.5525000000e+02 6.5532501221e+02 6.5538897705e+02 6.5545300293e+02 6.5553002930e+02 6.5559997559e+02 6.5566802979e+02 6.5574102783e+02 6.5580102539e+02 6.5587200928e+02 6.5594500732e+02 6.5601397705e+02
6.5328002930e+02 6.5332299805e+02 6.5336102295e+02 6.5341900635e+02 6.5346997070e+02 6.5351397705e+02 6.5355297852e+02 6.5359399414e+02 6.5364599609e+02 6.5369897461e+02 6.5375299072e+02 6.5381201172e+02 6.5387200928e+02 6.5392901611e+02 6.5398297119e+02 6.5405401611e+02 6.5409802246e+02 6.5413098145e+02 6.5419799805e+02 6.5426300049e+02 6.5432897949e+02 6.5439501953e+02 6.5445501709e+02 6.5451599121e+02 6.5458697510e+02 6.5465197754e+02 6.5471197510e+02 6.5478997803e+02 6.5484899902e+02 6.5490301514e+02 6.5496997070e+02 6.5504302979e+02 6.5511999512e+02 6.5519201660e+02 6.5526300049e+02 6.5532397461e+02 6.5539599609e+02 6.5546502686e+02 6.5553900146e+02 6.5560699463e+02 6.5567797852e+02 6.5574597168e+02 6.5580700684e+02 6.5588500977e+02 6.5595599365e+02 6.5602899170e+02
6.5330200195e+02 6.5334600830e+02 6.5337799072e+02 6.5343103027e+02 6.5348602295e+02 6.5352899170e+02 6.5356597900e+02 6.5360198975e+02 6.5365698242e+02 6.5371899414e+02 6.5377502441e+02 6.5382501221e+02 6.5389001465e+02 6.5395300293e+02 6.5400097656e+02 6.5405603027e+02 6.5410601807e+02 6.5415600586e+02 6.5422601318e+02 6.5427697754e+02 6.5434197998e+02 6.5441601563e+02 6.5448101807e+02 6.5454498291e+02 6.5460797119e+02 6.5467498779e+02 6.5471801758e+02 6.5480297852e+02 6.5486999512e+02 6.5492401123e+02 6.5498297119e+02 6.5505499268e+02 6.5512799072e+02 6.5520098877e+02 6.5526300049e+02 6.5532000732e+02 6.5540100098e+02 6.5547601318e+02 6.5554498291e+02 6.5561798096e+02 6.5569000244e+02 6.5575299072e+02 6.5581896973e+02 6.5589300537e+02 6.5595397949e+02 6.5602398682e+02
6.5330401611e+02 6.5334997559e+02 6.5339202881e+02 6.5344201660e+02 6.5350000000e+02 6.5354699707e+02 6.5359002686e+02 6.5363800049e+02 6.5369598389e+02 6.5375299072e+02 6.5380999756e+02 6.5385699463e+02 6.5391198730e+02 6.5397198486e+02 6.5402502441e+02 6.5406201172e+02 6.5410797119e+02 6.5417901611e+02 6.5424798584e+02 6.5430297852e+02 6.5437200928e+02 6.5444396973e+02 6.5450299072e+02 6.5456500244e+02 6.5461901855e+02 6.5467700195e+02 6.5473297119e+02 6.5481097412e+02 6.5487298584e+02 6.5493798828e+02 6.5499700928e+02 6.5505999756e+02 6.5512500000e+02 6.5520098877e+02 6.5527099609e+02 6.5533502197e+02 6.5541101074e+02 6.5548400879e+02 6.5555499268e+02 6.5562597656e+02 6.5569598389e+02 6.5575701904e+02 6.5582202148e+02 6.5589501953e+02 6.5595202637e+02 6.5601599121e+02
6.5330798340e+02 6.5336102295e+02 6.5340301514e+02 6.5345300293e+02 6.5350701904e+02 6.5355499268e+02 6.5359301758e+02 6.5366601563e+02 6.5372100830e+02 6.5376898193e+02 6.5382702637e+02 6.5388800049e+02 6.5392999268e+02 6.5398199463e+02 6.5404498291e+02 6.5407897949e+02 6.5412200928e+02 6.5418798828e+02 6.5427197266e+02 6.5433599854e+02 6.5440301514e+02 6.5446600342e+02 6.5451898193e+02 6.5457397461e+02 6.5463800049e+02 6.5470202637e+02 6.5476300049e+02 6.5481402588e+02 6.5486901855e+02 6.5494799805e+02 6.5501599121e+02 6.5506799316e+02 6.5512500000e+02 6.5520501709e+02 6.5529602051e+02 6.5535302734e+02 6.5541601563e+02 6.5548797607e+02 6.5556500244e+02 6.5563500977e+02 6.5569897461e+02 6.5575701904e+02 6.5583300781e+02 6.5590197754e+02 6.5596697998e+02 6.5602600098e+02
6.5332800293e+02 6.5337902832e+02 6.5342498779e+02 6.5347601318e+02 6.5352197266e+02 6.5357202148e+02 6.5361700439e+02 6.5367999268e+02 6.5374200439e+02 6.5379498291e+02 6.5384600830e+02 6.5391198730e+02 6.5394500732e+02 6.5398699951e+02 6.5404699707e+02 6.5409997559e+02 6.5416302490e+02 6.5421899414e+02 6.5429199219e+02 6.5434997559e+02 6.5440698242e+02 6.5446398926e+02 6.5451800537e+02 6.5457702637e+02 6.5464300537e+02 6.5471801758e+02 6.5478002930e+02 6.5482397461e+02 6.5488201904e+02 6.5495800781e+02 6.5503198242e+02 6.5509197998e+02 6.5514300537e+02 6.5521099854e+02 6.5528698730e+02 6.5535699463e+02 6.5542999268e+02 6.5550097656e+02 6.5557098389e+02 6.5563598633e+02 6.5570599365e+02 6.5577502441e+02 6.5583697510e+02 6.5590502930e+02 6.5597399902e+02 6.5603302002e+02
6.5333697510e+02 6.5338500977e+02 6.5344598389e+02 6.5350299072e+02 6.5354498291e+02 6.5359002686e+02 6.5363800049e+02 6.5369598389e+02 6.5375500488e+02 6.5380999756e+02 6.5386297607e+02 6.5392297363e+02 6.5396002197e+02 6.5401202393e+02 6.5406701660e+02 6.5412402344e+02 6.5419702148e+02 6.5424597168e+02 6.5430297852e+02 6.5435302734e+02 6.5441400146e+02 6.5447302246e+02 6.5452899170e+02 6.5459997559e+02 6.5466101074e+02 6.5473699951e+02 6.5480102539e+02 6.5484399414e+02 6.5490399170e+02 6.5496600342e+02 6.5503399658e+02 6.5510498047e+02 6.5516198730e+02 6.5522302246e+02 6.5527697754e+02 6.5535900879e+02 6.5544299316e+02 6.5550500488e+02 6.5556896973e+02 6.5563800049e+02 6.5570697021e+02 6.5577600098e+02 6.5583197021e+02 6.5589202881e+02 6.5595599365e+02 6.5602398682e+02
6.5335198975e+02 6.5340399170e+02 6.5346899414e+02 6.5352600098e+02 6.5356701660e+02 6.5360699463e+02 6.5365100098e+02 6.5370501709e+02 6.5376397705e+02 6.5382598877e+02 6.5388598633e+02 6.5393597412e+02 6.5398602295e+02 6.5405297852e+02 6.5409600830e+02 6.5414001465e+02 6.5422100830e+02 6.5427600098e+02 6.5431896973e+02 6.5435900879e+02 6.5442901611e+02 6.5450201416e+02 6.5456500244e+02 6.5462902832e+02 6.5468402100e+02 6.5475299072e+02 6.5481597900e+02 6.5486199951e+02 6.5492401123e+02 6.5498699951e+02 6.5504699707e+02 6.5511901855e+02 6.5518402100e+02 6.5524200439e+02 6.5529199219e+02 6.5536199951e+02 6.5544299316e+02 6.5551098633e+02 6.5557501221e+02 6.5564300537e+02 6.5570202637e+02 6.5577099609e+02 6.5583099365e+02 6.5589001465e+02 6.5594799805e+02 6.5601397705e+02
6.5337799072e+02 6.5342901611e+02 6.5348101807e+02 6.5354101563e+02 6.5359301758e+02 6.5364202881e+02 6.5367199707e+02 6.5371398926e+02 6.5378302002e+02 6.5385998535e+02 6.5391900635e+02 6.5395599365e+02 6.5401300049e+02 6.5407800293e+02 6.5412500000e+02 6.5416497803e+02 6.5422302246e+02 6.5429302979e+02 6.5434698486e+02 6.5439099121e+02 6.5445001221e+02 6.5452301025e+02 6.5459600830e+02 6.5464099121e+02 6.5469598389e+02 6.5476702881e+02 6.5483398438e+02 6.5487701416e+02 6.5494000244e+02 6.5500799561e+02 6.5505499268e+02 6.5512298584e+02 6.5519097900e+02 6.5525598145e+02 6.5532000732e+02 6.5537902832e+02 6.5544000244e+02 6.5551898193e+02 6.5559899902e+02 6.5565502930e+02 6.5570800781e+02 6.5577099609e+02 6.5582598877e+02 6.5590002441e+02 6.5595599365e+02 6.5601000977e+02
6.5341198730e+02 6.5345697021e+02 6.5350097656e+02 6.5354797363e+02 6.5359899902e+02 6.5365600586e+02 6.5369598389e+02 6.5374102783e+02 6.5380902100e+02 6.5387597656e+02 6.5393200684e+02 6.5399200439e+02 6.5404400635e+02 6.5409399414e+02 6.5414801025e+02 6.5419396973e+02 6.5423699951e+02 6.5430999756e+02 6.5438397217e+02 6.5442999268e+02 6.5447998047e+02 6.5453900146e+02 6.5461199951e+02 6.5465997314e+02 6.5472198486e+02 6.5479797363e+02 6.5485900879e+02 6.5490997314e+02 6.5495898438e+02 6.5501202393e+02 6.5507000732e+02 6.5514697266e+02 6.5521197510e+02 6.5527899170e+02 6.5535198975e+02 6.5540197754e+02 6.5544500732e+02 6.5551501465e+02 6.5560400391e+02 6.5566497803e+02 6.5571301270e+02 6.5577301025e+02 6.5583099365e+02 6.5589501953e+02 6.5595001221e+02 6.5601300049e+02
6.5343499756e+02 6.5347497559e+02 6.5351800537e+02 6.5355603027e+02 6.5359899902e+02 6.5365698242e+02 6.5371697998e+02 6.5377801514e+02 6.5383898926e+02 6.5389300537e+02 6.5394702148e+02 6.5401501465e+02 6.5406201172e+02 6.5411102295e+02 6.5416998291e+02 6.5421801758e+02 6.5427398682e+02 6.5433801270e+02 6.5439898682e+02 6.5445300293e+02 6.5450500488e+02 6.5455297852e+02 6.5461798096e+02 6.5467297363e+02 6.5473797607e+02 6.5480603027e+02 6.5486798096e+02 6.5492602539e+02 6.5498400879e+02 6.5503900146e+02 6.5509497070e+02 6.5517401123e+02 6.5523297119e+02 6.5528802490e+02 6.5535699463e+02 6.5542700195e+02 6.5547900391e+02 6.5552899170e+02 6.5560302734e+02 6.5566802979e+02 6.5571301270e+02 6.5577697754e+02 6.5585101318e+02 6.5590197754e+02 6.5595202637e+02 6.5601898193e+02
6.5344799805e+02 6.5349298096e+02 6.5354101563e+02 6.5358300781e+02 6.5362097168e+02 6.5367401123e+02 6.5374499512e+02 6.5380999756e+02 6.5385998535e+02 6.5390502930e+02 6.5395697021e+02 6.5402697754e+02 6.5407702637e+02 6.5413897705e+02 6.5419799805e+02 6.5423999023e+02 6.5431201172e+02 6.5437597656e+02 6.5441601563e+02 6.5446997070e+02 6.5453900146e+02 6.5459100342e+02 6.5464202881e+02 6.5469299316e+02 6.5475701904e+02 6.5482202148e+02 6.5487799072e+02 6.5493499756e+02 6.5499798584e+02 6.5506097412e+02 6.5512200928e+02 6.5518499756e+02 6.5524401855e+02 6.5529998779e+02 6.5535699463e+02 6.5543200684e+02 6.5548797607e+02 6.5553302002e+02 6.5559802246e+02 6.5566802979e+02 6.5571899414e+02 6.5578002930e+02 6.5585302734e+02 6.5589501953e+02 6.5594500732e+02 6.5601202393e+02
6.5345697021e+02 6.5350598145e+02 6.5355297852e+02 6.5361901855e+02 6.5366302490e+02 6.5370599365e+02 6.5376202393e+02 6.5381799316e+02 6.5386798096e+02 6.5392102051e+02 6.5397998047e+02 6.5404498291e+02 6.5410400391e+02 6.5417498779e+02 6.5423101807e+02 6.5426800537e+02 6.5433300781e+02 6.5439898682e+02 6.5445501709e+02 6.5448999023e+02 6.5456500244e+02 6.5462701416e+02 6.5467102051e+02 6.5472198486e+02 6.5478601074e+02 6.5485101318e+02 6.5489300537e+02 6.5495397949e+02 6.5501000977e+02 6.5507800293e+02 6.5515600586e+02 6.5519598389e+02 6.5525097656e+02 6.5531500244e+02 6.5535998535e+02 6.5542199707e+02 6.5548797607e+02 6.5555102539e+02 6.5560797119e+02 6.5566601563e+02 6.5572998047e+02 6.5578399658e+02 6.5583599854e+02 6.5588201904e+02 6.5593298340e+02 6.5600299072e+02
6.5346600342e+02 6.5352301025e+02 6.5357702637e+02 6.5364697266e+02 6.5370001221e+02 6.5373999023e+02 6.5378399658e+02 6.5382897949e+02 6.5388201904e+02 6.5394500732e+02 6.5400701904e+02 6.5406597900e+02 6.5412402344e+02 6.5419000244e+02 6.5425500488e+02 6.5429998779e+02 6.5435699463e+02 6.5441101074e+02 6.5446600342e+02 6.5452301025e+02 6.5457501221e+02 6.5463299561e+02 6.5470599365e+02 6.5475500488e+02 6.5479400635e+02 6.5485699463e+02 6.5493298340e+02 6.5498797607e+02 6.5503997803e+02 6.5510601807e+02 6.5517602539e+02 6.5522100830e+02 6.5527697754e+02 6.5533599854e+02 6.5538000488e+02 6.5542999268e+02 6.5548400879e+02 6.5555102539e+02 6.5563299561e+02 6.5569000244e+02 6.5574401855e+02 6.5578601074e+02 6.5583099365e+02 6.5589801025e+02 6.5595501709e+02 6.5600097656e+02
6.5351599121e+02 6.5356201172e+02 6.5360498047e+02 6.5366198730e+02 6.5371301270e+02 6.5375897217e+02 6.5381201172e+02 6.5385601807e+02 6.5390997314e+02 6.5397698975e+02 6.5404302979e+02 6.5409802246e+02 6.5415002441e+02 6.5420300293e+02 6.5426898193e+02 6.5432897949e+02 6.5439300537e+02 6.5445001221e+02 6.5449597168e+02 6.5455603027e+02 6.5459600830e+02 6.5465100098e+02 6.5473498535e+02 6.5478698730e+02 6.5481896973e+02 6.5486700439e+02 6.5494500732e+02 6.5500799561e+02 6.5506402588e+02 6.5512298584e+02 6.5518200684e+02 6.5524499512e+02 6.5529901123e+02 6.5534899902e+02 6.5539501953e+02 6.5545501709e+02 6.5550299072e+02 6.5556097412e+02 6.5564300537e+02 6.5569799805e+02 6.5574401855e+02 6.5578802490e+02 6.5584002686e+02 6.5590301514e+02 6.5596197510e+02 6.5600201416e+02
6.5354797363e+02 6.5358300781e+02 6.5363201904e+02 6.5368402100e+02 6.5372601318e+02 6.5377899170e+02 6.5384497070e+02 6.5389300537e+02 6.5394598389e+02 6.5400598145e+02 6.5407202148e+02 6.5413598633e+02 6.5418298340e+02 6.5422302246e+02 6.5428399658e+02 6.5434497070e+02 6.5441198730e+02 6.5447399902e+02 6.5453399658e+02 6.5458801270e+02 6.5463201904e+02 6.5467797852e+02 6.5474401855e+02 6.5480297852e+02 6.5485498047e+02 6.5490100098e+02 6.5495898438e+02 6.5501702881e+02 6.5508599854e+02 6.5514300537e+02 6.5518597412e+02 6.5525799561e+02 6.5531097412e+02 6.5536798096e+02 6.5542401123e+02 6.5548199463e+02 6.5553302002e+02 6.5557800293e+02 6.5564202881e+02 6.5570300293e+02 6.5575299072e+02 6.5579699707e+02 6.5584197998e+02 6.5590002441e+02 6.5595001221e+02 6.5599401855e+02
6.5355401611e+02 6.5359600830e+02 6.5366601563e+02 6.5371197510e+02 6.5375402832e+02 6.5380902100e+02 6.5387701416e+02 6.5393103027e+02 6.5397900391e+02 6.5403198242e+02 6.5409600830e+02 6.5417102051e+02 6.5421697998e+02 6.5424798584e+02 6.5430297852e+02 6.5436401367e+02 6.5443402100e+02 6.5449499512e+02 6.5455297852e+02 6.5460900879e+02 6.5467401123e+02 6.5472998047e+02 6.5476397705e+02 6.5481201172e+02 6.5487097168e+02 6.5493298340e+02 6.5500201416e+02 6.5503997803e+02 6.5510302734e+02 6.5516699219e+02 6.5521002197e+02 6.5525500488e+02 6.5530798340e+02 6.5538098145e+02 6.5545001221e+02 6.5548699951e+02 6.5555200195e+02 6.5559899902e+02 6.5563897705e+02 6.5571099854e+02 6.5576300049e+02 6.5580700684e+02 6.5584802246e+02 6.5589697266e+02 6.5595501709e+02 6.5600500488e+02
6.5358300781e+02 6.5362200928e+02 6.5368402100e+02 6.5373199463e+02 6.5378302002e+02 6.5384100342e+02 6.5390301514e+02 6.5395800781e+02 6.5400799561e+02 6.5405798340e+02 6.5410797119e+02 6.5418200684e+02 6.5424597168e+02 6.5428900146e+02 6.5432702637e+02 6.5438299561e+02 6.5445800781e+02 6.5452398682e+02 6.5458398438e+02 6.5463702393e+02 6.5470098877e+02 6.5474902344e+02 6.5479602051e+02 6.5483398438e+02 6.5487799072e+02 6.5495300293e+02 6.5502801514e+02 6.5506402588e+02 6.5510601807e+02 6.5516302490e+02 6.5522802734e+02 6.5528100586e+02 6.5533001709e+02 6.5539697266e+02 6.5545300293e+02 6.5550000000e+02 6.5555798340e+02 6.5559997559e+02 6.5565100098e+02 6.5568402100e+02 6.5574102783e+02 6.5581298828e+02 6.5586102295e+02 6.5589801025e+02 6.5595202637e+02 6.5600701904e+02
6.5359100342e+02 6.5363800049e+02 6.5369500732e+02 6.5375299072e+02 6.5381298828e+02 6.5386602783e+02 6.5392401123e+02 6.5398101807e+02 6.5403698730e+02 6.5409197998e+02 6.5413098145e+02 6.5419500732e+02 6.5425799561e+02 6.5431500244e+02 6.5435900879e+02 6.5440301514e+02 6.5447302246e+02 6.5454400635e+02 6.5460498047e+02 6.5466699219e+02 6.5472601318e+02 6.5477502441e+02 6.5483099365e+02 6.5486297607e+02 6.5489898682e+02 6.5496502686e+02 6.5503302002e+02 6.5509002686e+02 6.5514202881e+02 6.5518298340e+02 6.5523602295e+02 6.5530902100e+02 6.5536901855e+02 6.5542401123e+02 6.5546502686e+02 6.5551000977e+02 6.5555798340e+02 6.5559899902e+02 6.5566497803e+02 6.5568103027e+02 6.5573797607e+02 6.5581402588e+02 6.5585900879e+02 6.5590100098e+02 6.5595202637e+02 6.5600598145e+02
6.5360400391e+02 6.5365197754e+02 6.5371099854e+02 6.5377899170e+02 6.5383697510e+02 6.5388299561e+02 6.5394000244e+02 6.5399902344e+02 6.5405297852e+02 6.5411401367e+02 6.5416302490e+02 6.5421600342e+02 6.5427099609e+02 6.5433898926e+02 6.5441101074e+02 6.5444201660e+02 6.5448999023e+02 6.5455798340e+02 6.5462701416e+02 6.5469201660e+02 6.5474499512e+02 6.5479901123e+02 6.5484997559e+02 6.5490301514e+02 6.5493902588e+02 6.5497698975e+02 6.5502502441e+02 6.5509899902e+02 6.5517297363e+02 6.5521899414e+02 6.5525299072e+02 6.5531402588e+02 6.5538397217e+02 6.5544201660e+02 6.5548199463e+02 6.5551202393e+02 6.5556799316e+02 6.5562097168e+02 6.5567297363e+02 6.5570001221e+02 6.5575000000e+02 6.5580999756e+02 6.5585498047e+02 6.5590698242e+02 6.5595300293e+02 6.5599902344e+02
