TESTSERVER/11/5.asc
NCOLS 100
NROWS 100
XLLCORNER 8.0497500000e+03
YLLCORNER 2.8970025000e+05
CELLSIZE 5.0000000000e-01
NODATA_VALUE -9.9990000000e+03
[rows 0 to 19 of 100, columns 46 to 91 of 100]
6.5568798828e+02 6.5572601318e+02 6.5575701904e+02 6.5580200195e+02 6.5583599854e+02 6.5586901855e+02 6.5592102051e+02 6.5596899414e+02 6.5599499512e+02 6.5602697754e+02 6.5607299805e+02 6.5610998535e+02 6.5613897705e+02 6.5617498779e+02 6.5621301270e+02 6.5624499512e+02 6.5627398682e+02 6.5631097412e+02 6.5634301758e+02 6.5637500000e+02 6.5640997314e+02 6.5644000244e+02 6.5647998047e+02 6.5651000977e+02 6.5652502441e+02 6.5657000732e+02 6.5659301758e+02 6.5661602783e+02 6.5664501953e+02 6.5667297363e+02 6.5669097900e+02 6.5670697021e+02 6.5673400879e+02 6.5677600098e+02 6.5680499268e+02 6.5682702637e+02 6.5686297607e+02 6.5688500977e+02 6.5689898682e+02 6.5692297363e+02 6.5693701172e+02 6.5696197510e+02 6.5698400879e+02 6.5700402832e+02 6.5703399658e+02 6.5705401611e+02
6.5570397949e+02 6.5574597168e+02 6.5577801514e+02 6.5581298828e+02 6.5586297607e+02 6.5590399170e+02 6.5594500732e+02 6.5599102783e+02 6.5601800537e+02 6.5605401611e+02 6.5609698486e+02 6.5613500977e+02 6.5616198730e+02 6.5620202637e+02 6.5622802734e+02 6.5626000977e+02 6.5629602051e+02 6.5633001709e+02 6.5636999512e+02 6.5640698242e+02 6.5643103027e+02 6.5646301270e+02 6.5650000000e+02 6.5654498291e+02 6.5656201172e+02 6.5658801270e+02 6.5660601807e+02 6.5663702393e+02 6.5666900635e+02 6.5670397949e+02 6.5672198486e+02 6.5674499512e+02 6.5677600098e+02 6.5680499268e+02 6.5682501221e+02 6.5684197998e+02 6.5688397217e+02 6.5691400146e+02 6.5691802979e+02 6.5693298340e+02 6.5694201660e+02 6.5697601318e+02 6.5700799561e+02 6.5702197266e+02 6.5704302979e+02 6.5706402588e+02
6.5571197510e+02 6.5575299072e+02 6.5579101563e+02 6.5583801270e+02 6.5588897705e+02 6.5593103027e+02 6.5596600342e+02 6.5600201416e+02 6.5603198242e+02 6.5607397461e+02 6.5610998535e+02 6.5614501953e+02 6.5618103027e+02 6.5622497559e+02 6.5625000000e+02 6.5628399658e+02 6.5632000732e+02 6.5635400391e+02 6.5639801025e+02 6.5643402100e+02 6.5645098877e+02 6.5648400879e+02 6.5651501465e+02 6.5655297852e+02 6.5658502197e+02 6.5661499023e+02 6.5663897705e+02 6.5666601563e+02 6.5668597412e+02 6.5672302246e+02 6.5674798584e+02 6.5677301025e+02 6.5680200195e+02 6.5682501221e+02 6.5684497070e+02 6.5685900879e+02 6.5689501953e+02 6.5693298340e+02 6.5695599365e+02 6.5696997070e+02 6.5696398926e+02 6.5698699951e+02 6.5702099609e+02 6.5703900146e+02 6.5704998779e+02 6.5707501221e+02
6.5572900391e+02 6.5577301025e+02 6.5581799316e+02 6.5586999512e+02 6.5590600586e+02 6.5594500732e+02 6.5597998047e+02 6.5601000977e+02 6.5604498291e+02 6.5609399414e+02 6.5612500000e+02 6.5615997314e+02 6.5620098877e+02 6.5624597168e+02 6.5627899170e+02 6.5631097412e+02 6.5633398438e+02 6.5637902832e+02 6.5641900635e+02 6.5645202637e+02 6.5647900391e+02 6.5650701904e+02 6.5653497314e+02 6.5656597900e+02 6.5659899902e+02 6.5664099121e+02 6.5667401123e+02 6.5669799805e+02 6.5671801758e+02 6.5675000000e+02 6.5677301025e+02 6.5679797363e+02 6.5682897949e+02 6.5685400391e+02 6.5686999512e+02 6.5688299561e+02 6.5692297363e+02 6.5694897461e+02 6.5698297119e+02 6.5700000000e+02 6.5699298096e+02 6.5700897217e+02 6.5703900146e+02 6.5705798340e+02 6.5706701660e+02 6.5709197998e+02
6.5574597168e+02 6.5579498291e+02 6.5585101318e+02 6.5589099121e+02 6.5591998291e+02 6.5596899414e+02 6.5600402832e+02 6.5602697754e+02 6.5607000732e+02 6.5610900879e+02 6.5614501953e+02 6.5618298340e+02 6.5622302246e+02 6.5626800537e+02 6.5630499268e+02 6.5632897949e+02 6.5635699463e+02 6.5640698242e+02 6.5643701172e+02 6.5646600342e+02 6.5650701904e+02 6.5653698730e+02 6.5656597900e+02 6.5659100342e+02 6.5662701416e+02 6.5666497803e+02 6.5669500732e+02 6.5672399902e+02 6.5675598145e+02 6.5678601074e+02 6.5680401611e+02 6.5682598877e+02 6.5684399414e+02 6.5686401367e+02 6.5688098145e+02 6.5690399170e+02 6.5694299316e+02 6.5695697021e+02 6.5699200439e+02 6.5700897217e+02 6.5701501465e+02 6.5702899170e+02 6.5704699707e+02 6.5706597900e+02 6.5708801270e+02 6.5712200928e+02
6.5577398682e+02 6.5580902100e+02 6.5585498047e+02 6.5590600586e+02 6.5594000244e+02 6.5598199463e+02 6.5601800537e+02 6.5603997803e+02 6.5609600830e+02 6.5613500977e+02 6.5617297363e+02 6.5621099854e+02 6.5624798584e+02 6.5628198242e+02 6.5631298828e+02 6.5634899902e+02 6.5638000488e+02 6.5643103027e+02 6.5645501709e+02 6.5648400879e+02 6.5652502441e+02 6.5655297852e+02 6.5658300781e+02 6.5661199951e+02 6.5664300537e+02 6.5667602539e+02 6.5670800781e+02 6.5673901367e+02 6.5677398682e+02 6.5679797363e+02 6.5681701660e+02 6.5683801270e+02 6.5686401367e+02 6.5688397217e+02 6.5690399170e+02 6.5693200684e+02 6.5696502686e+02 6.5698199463e+02 6.5700701904e+02 6.5702502441e+02 6.5704302979e+02 6.5706201172e+02 6.5707800293e+02 6.5709698486e+02 6.5713000488e+02 6.5715802002e+02
6.5578302002e+02 6.5582000732e+02 6.5585900879e+02 6.5590301514e+02 6.5594000244e+02 6.5599902344e+02 6.5603698730e+02 6.5607000732e+02 6.5612500000e+02 6.5615899658e+02 6.5619702148e+02 6.5623498535e+02 6.5627301025e+02 6.5630798340e+02 6.5633599854e+02 6.5637200928e+02 6.5641101074e+02 6.5645397949e+02 6.5647698975e+02 6.5650701904e+02 6.5653900146e+02 6.5657202148e+02 6.5660198975e+02 6.5663098145e+02 6.5665997314e+02 6.5669097900e+02 6.5672198486e+02 6.5675299072e+02 6.5678497314e+02 6.5680401611e+02 6.5683099365e+02 6.5685998535e+02 6.5688897705e+02 6.5690997314e+02 6.5693200684e+02 6.5695599365e+02 6.5697998047e+02 6.5700201416e+02 6.5702197266e+02 6.5704498291e+02 6.5706597900e+02 6.5708197021e+02 6.5710198975e+02 6.5712200928e+02 6.5714300537e+02 6.5716302490e+02
6.5578198242e+02 6.5582800293e+02 6.5586798096e+02 6.5590802002e+02 6.5594500732e+02 6.5602001953e+02 6.5606896973e+02 6.5610601807e+02 6.5614599609e+02 6.5618298340e+02 6.5622100830e+02 6.5625897217e+02 6.5629302979e+02 6.5632800293e+02 6.5636499023e+02 6.5639898682e+02 6.5644299316e+02 6.5647802734e+02 6.5650402832e+02 6.5653698730e+02 6.5655902100e+02 6.5659100342e+02 6.5661999512e+02 6.5664898682e+02 6.5667602539e+02 6.5670501709e+02 6.5673602295e+02 6.5676800537e+02 6.5679901123e+02 6.5682098389e+02 6.5684399414e+02 6.5687200928e+02 6.5690600586e+02 6.5692797852e+02 6.5694598389e+02 6.5696398926e+02 6.5699798584e+02 6.5703198242e+02 6.5704498291e+02 6.5706402588e+02 6.5708599854e+02 6.5710198975e+02 6.5712701416e+02 6.5715399170e+02 6.5715802002e+02 6.5716601563e+02
6.5578698730e+02 6.5583801270e+02 6.5588201904e+02 6.5593298340e+02 6.5597601318e+02 6.5602600098e+02 6.5608599854e+02 6.5612500000e+02 6.5615899658e+02 6.5620300293e+02 6.5624298096e+02 6.5628601074e+02 6.5631201172e+02 6.5635101318e+02 6.5639599609e+02 6.5642999268e+02 6.5646899414e+02 6.5648797607e+02 6.5651501465e+02 6.5654998779e+02 6.5658099365e+02 6.5660797119e+02 6.5663897705e+02 6.5667199707e+02 6.5669598389e+02 6.5671697998e+02 6.5675097656e+02 6.5678302002e+02 6.5680798340e+02 6.5683599854e+02 6.5685198975e+02 6.5687500000e+02 6.5690997314e+02 6.5693402100e+02 6.5695202637e+02 6.5697302246e+02 6.5702001953e+02 6.5705499268e+02 6.5706799316e+02 6.5708300781e+02 6.5709997559e+02 6.5712200928e+02 6.5714398193e+02 6.5717498779e+02 6.5719299316e+02 6.5719702148e+02
6.5579901123e+02 6.5584899902e+02 6.5589898682e+02 6.5595001221e+02 6.5600299072e+02 6.5605603027e+02 6.5610797119e+02 6.5614697266e+02 6.5619000244e+02 6.5622601318e+02 6.5626098633e+02 6.5630603027e+02 6.5633502197e+02 6.5636199951e+02 6.5640502930e+02 6.5644799805e+02 6.5648297119e+02 6.5651202393e+02 6.5654101563e+02 6.5657397461e+02 6.5660400391e+02 6.5662298584e+02 6.5664801025e+02 6.5668499756e+02 6.5671301270e+02 6.5673101807e+02 6.5677099609e+02 6.5680499268e+02 6.5681896973e+02 6.5684002686e+02 6.5685998535e+02 6.5688897705e+02 6.5691900635e+02 6.5694598389e+02 6.5697100830e+02 6.5700201416e+02 6.5703497314e+02 6.5707000732e+02 6.5708300781e+02 6.5710302734e+02 6.5711401367e+02 6.5713897705e+02 6.5716601563e+02 6.5719500732e+02 6.5721398926e+02 6.5723498535e+02
6.5580999756e+02 6.5586401367e+02 6.5591497803e+02 6.5596600342e+02 6.5602398682e+02 6.5607800293e+02 6.5611602783e+02 6.5615997314e+02 6.5621002197e+02 6.5624200439e+02 6.5627197266e+02 6.5631799316e+02 6.5635198975e+02 6.5638201904e+02 6.5642602539e+02 6.5646997070e+02 6.5649700928e+02 6.5653698730e+02 6.5656799316e+02 6.5659997559e+02 6.5662402344e+02 6.5664398193e+02 6.5666900635e+02 6.5669897461e+02 6.5672998047e+02 6.5676098633e+02 6.5678997803e+02 6.5681500244e+02 6.5683197021e+02 6.5685400391e+02 6.5687701416e+02 6.5690301514e+02 6.5693402100e+02 6.5696997070e+02 6.5700201416e+02 6.5703698730e+02 6.5705401611e+02 6.5707897949e+02 6.5709100342e+02 6.5711700439e+02 6.5713500977e+02 6.5716601563e+02 6.5718597412e+02 6.5720697021e+02 6.5722399902e+02 6.5725799561e+02
6.5582800293e+02 6.5588000488e+02 6.5592999268e+02 6.5598101807e+02 6.5603399658e+02 6.5608801270e+02 6.5613000488e+02 6.5617498779e+02 6.5621697998e+02 6.5625402832e+02 6.5629199219e+02 6.5633502197e+02 6.5636700439e+02 6.5641101074e+02 6.5645098877e+02 6.5649401855e+02 6.5652197266e+02 6.5655700684e+02 6.5658898926e+02 6.5661602783e+02 6.5663702393e+02 6.5666198730e+02 6.5669000244e+02 6.5671997070e+02 6.5674902344e+02 6.5678399658e+02 6.5680102539e+02 6.5682202148e+02 6.5684301758e+02 6.5686700439e+02 6.5689398193e+02 6.5691497803e+02 6.5695800781e+02 6.5699298096e+02 6.5702398682e+02 6.5705603027e+02 6.5706799316e+02 6.5708502197e+02 6.5710601807e+02 6.5713500977e+02 6.5714898682e+02 6.5717102051e+02 6.5719000244e+02 6.5721398926e+02 6.5723297119e+02 6.5726000977e+02
6.5583599854e+02 6.5589599609e+02 6.5594897461e+02 6.5600000000e+02 6.5604998779e+02 6.5610198975e+02 6.5615002441e+02 6.5619201660e+02 6.5622802734e+02 6.5627801514e+02 6.5632702637e+02 6.5636199951e+02 6.5639501953e+02 6.5644097900e+02 6.5647601318e+02 6.5650897217e+02 6.5654699707e+02 6.5657098389e+02 6.5660198975e+02 6.5663000488e+02 6.5665698242e+02 6.5668597412e+02 6.5671697998e+02 6.5674798584e+02 6.5678497314e+02 6.5679901123e+02 6.5680999756e+02 6.5683197021e+02 6.5687097168e+02 6.5689099121e+02 6.5693200684e+02 6.5695697021e+02 6.5699401855e+02 6.5701501465e+02 6.5704101563e+02 6.5707397461e+02 6.5709002686e+02 6.5709698486e+02 6.5711401367e+02 6.5714801025e+02 6.5716802979e+02 6.5717199707e+02 6.5719598389e+02 6.5723297119e+02 6.5726000977e+02 6.5727099609e+02
6.5584197998e+02 6.5590502930e+02 6.5595098877e+02 6.5600799561e+02 6.5607397461e+02 6.5612500000e+02 6.5617102051e+02 6.5621697998e+02 6.5625799561e+02 6.5630603027e+02 6.5634997559e+02 6.5638397217e+02 6.5642199707e+02 6.5646502686e+02 6.5650701904e+02 6.5653100586e+02 6.5655902100e+02 6.5659002686e+02 6.5661999512e+02 6.5665002441e+02 6.5668200684e+02 6.5672100830e+02 6.5674597168e+02 6.5676000977e+02 6.5678497314e+02 6.5680700684e+02 6.5682098389e+02 6.5684002686e+02 6.5688299561e+02 6.5692401123e+02 6.5696502686e+02 6.5698901367e+02 6.5700799561e+02 6.5702197266e+02 6.5704699707e+02 6.5708398438e+02 6.5709899902e+02 6.5711297607e+02 6.5713201904e+02 6.5715600586e+02 6.5717901611e+02 6.5719201660e+02 6.5721301270e+02 6.5725097656e+02 6.5727398682e+02 6.5729101563e+02
6.5585101318e+02 6.5592297363e+02 6.5596997070e+02 6.5602502441e+02 6.5609100342e+02 6.5615100098e+02 6.5620202637e+02 6.5624298096e+02 6.5628399658e+02 6.5633300781e+02 6.5637701416e+02 6.5641198730e+02 6.5644201660e+02 6.5648901367e+02 6.5653601074e+02 6.5655499268e+02 6.5657702637e+02 6.5660998535e+02 6.5664099121e+02 6.5667102051e+02 6.5670098877e+02 6.5673498535e+02 6.5676501465e+02 6.5678399658e+02 6.5679199219e+02 6.5680999756e+02 6.5683801270e+02 6.5686901855e+02 6.5690899658e+02 6.5694000244e+02 6.5696697998e+02 6.5699499512e+02 6.5701501465e+02 6.5703399658e+02 6.5705902100e+02 6.5708898926e+02 6.5710498047e+02 6.5711602783e+02 6.5713397217e+02 6.5715100098e+02 6.5717797852e+02 6.5720501709e+02 6.5722302246e+02 6.5725097656e+02 6.5727099609e+02 6.5729998779e+02
6.5586297607e+02 6.5593701172e+02 6.5599499512e+02 6.5605102539e+02 6.5610498047e+02 6.5616400146e+02 6.5622399902e+02 6.5626800537e+02 6.5630999756e+02 6.5635302734e+02 6.5639300537e+02 6.5643402100e+02 6.5646197510e+02 6.5650799561e+02 6.5654699707e+02 6.5656597900e+02 6.5659497070e+02 6.5663000488e+02 6.5666101074e+02 6.5669097900e+02 6.5672198486e+02 6.5675097656e+02 6.5677899170e+02 6.5680798340e+02 6.5681402588e+02 6.5682598877e+02 6.5686401367e+02 6.5690100098e+02 6.5693298340e+02 6.5694500732e+02 6.5696997070e+02 6.5700299072e+02 6.5702697754e+02 6.5705401611e+02 6.5707202148e+02 6.5709301758e+02 6.5710601807e+02 6.5711798096e+02 6.5714001465e+02 6.5715301514e+02 6.5717401123e+02 6.5721002197e+02 6.5723602295e+02 6.5726599121e+02 6.5728302002e+02 6.5730999756e+02
6.5589099121e+02 6.5594097900e+02 6.5600500488e+02 6.5607501221e+02 6.5612597656e+02 6.5617999268e+02 6.5624102783e+02 6.5628997803e+02 6.5633502197e+02 6.5637298584e+02 6.5641101074e+02 6.5645501709e+02 6.5650201416e+02 6.5653100586e+02 6.5656896973e+02 6.5659497070e+02 6.5661499023e+02 6.5665301514e+02 6.5668298340e+02 6.5671197510e+02 6.5674200439e+02 6.5676599121e+02 6.5678900146e+02 6.5682501221e+02 6.5684802246e+02 6.5685797119e+02 6.5688299561e+02 6.5692498779e+02 6.5694500732e+02 6.5695300293e+02 6.5698699951e+02 6.5702197266e+02 6.5703997803e+02 6.5707098389e+02 6.5708099365e+02 6.5709899902e+02 6.5711297607e+02 6.5713598633e+02 6.5716400146e+02 6.5718597412e+02 6.5719299316e+02 6.5721600342e+02 6.5725500488e+02 6.5728802490e+02 6.5729498291e+02 6.5731597900e+02
6.5590197754e+02 6.5596002197e+02 6.5601898193e+02 6.5608898926e+02 6.5615301514e+02 6.5620898438e+02 6.5625897217e+02 6.5630700684e+02 6.5635601807e+02 6.5639801025e+02 6.5643200684e+02 6.5647399902e+02 6.5652197266e+02 6.5655401611e+02 6.5659100342e+02 6.5662298584e+02 6.5663702393e+02 6.5667102051e+02 6.5670501709e+02 6.5672998047e+02 6.5675299072e+02 6.5678399658e+02 6.5681799316e+02 6.5685699463e+02 6.5687298584e+02 6.5688598633e+02 6.5690100098e+02 6.5693402100e+02 6.5695397949e+02 6.5697497559e+02 6.5701000977e+02 6.5703802490e+02 6.5705999756e+02 6.5708197021e+02 6.5709899902e+02 6.5712097168e+02 6.5713598633e+02 6.5716400146e+02 6.5718701172e+02 6.5720898438e+02 6.5722302246e+02 6.5724102783e+02 6.5726501465e+02 6.5728802490e+02 6.5730499268e+02 6.5733001709e+02
6.5591302490e+02 6.5597998047e+02 6.5603900146e+02 6.5610400391e+02 6.5617401123e+02 6.5623400879e+02 6.5627502441e+02 6.5631799316e+02 6.5637298584e+02 6.5641302490e+02 6.5644500732e+02 6.5648901367e+02 6.5653100586e+02 6.5658398438e+02 6.5661602783e+02 6.5664202881e+02 6.5665002441e+02 6.5668597412e+02 6.5672399902e+02 6.5676098633e+02 6.5678802490e+02 6.5681701660e+02 6.5684802246e+02 6.5687500000e+02 6.5689099121e+02 6.5691998291e+02 6.5693597412e+02 6.5696099854e+02 6.5697802734e+02 6.5699798584e+02 6.5702502441e+02 6.5704797363e+02 6.5707397461e+02 6.5709301758e+02 6.5711700439e+02 6.5715100098e+02 6.5717297363e+02 6.5719299316e+02 6.5720202637e+02 6.5721997070e+02 6.5723797607e+02 6.5725299072e+02 6.5726800537e+02 6.5729998779e+02 6.5732598877e+02 6.5734002686e+02
6.5593103027e+02 6.5601300049e+02 6.5607897949e+02 6.5612902832e+02 6.5619000244e+02 6.5624499512e+02 6.5629400635e+02 6.5633099365e+02 6.5638598633e+02 6.5642901611e+02 6.5646899414e+02 6.5651501465e+02 6.5654797363e+02 6.5659002686e+02 6.5661499023e+02 6.5664300537e+02 6.5666497803e+02 6.5671600342e+02 6.5675500488e+02 6.5679199219e+02 6.5682202148e+02 6.5684399414e+02 6.5686401367e+02 6.5688299561e+02 6.5690698242e+02 6.5694702148e+02 6.5696600342e+02 6.5698901367e+02 6.5701000977e+02 6.5703302002e+02 6.5705401611e+02 6.5707397461e+02 6.5709301758e+02 6.5711999512e+02 6.5714501953e+02 6.5717498779e+02 6.5719097900e+02 6.5721301270e+02 6.5722802734e+02 6.5724700928e+02 6.5726300049e+02 6.5727697754e+02 6.5728900146e+02 6.5732299805e+02 6.5734100342e+02 6.5733898926e+02
