TESTSERVER/11/5.asc
NCOLS 100
NROWS 100
XLLCORNER 8.0497500000e+03
YLLCORNER 2.8970025000e+05
CELLSIZE 5.0000000000e-01
NODATA_VALUE -9.9990000000e+03
[rows 80 to 99 of 100, columns 46 to 91 of 100]
6.5612402344e+02 6.5615997314e+02 6.5620501709e+02 6.5624798584e+02 6.5629101563e+02 6.5630603027e+02 6.5635400391e+02 6.5639599609e+02 6.5641802979e+02 6.5645098877e+02 6.5648498535e+02 6.5651898193e+02 6.5654400635e+02 6.5657897949e+02 6.5663299561e+02 6.5668402100e+02 6.5671697998e+02 6.5675897217e+02 6.5680499268e+02 6.5684399414e+02 6.5688702393e+02 6.5692102051e+02 6.5696600342e+02 6.5700299072e+02 6.5702099609e+02 6.5705102539e+02 6.5708898926e+02 6.5713299561e+02 6.5715802002e+02 6.5718402100e+02 6.5721600342e+02 6.5725000000e+02 6.5728198242e+02 6.5729998779e+02 6.5732202148e+02 6.5737200928e+02 6.5742498779e+02 6.5745800781e+02 6.5749597168e+02 6.5753802490e+02 6.5756896973e+02 6.5759301758e+02 6.5762298584e+02 6.5766302490e+02 6.5770300293e+02 6.5772198486e+02
6.5613500977e+02 6.5617297363e+02 6.5621099854e+02 6.5624298096e+02 6.5628900146e+02 6.5630798340e+02 6.5634600830e+02 6.5638098145e+02 6.5641497803e+02 6.5645599365e+02 6.5649200439e+02 6.5652001953e+02 6.5655200195e+02 6.5658398438e+02 6.5663500977e+02 6.5669000244e+02 6.5673498535e+02 6.5677301025e+02 6.5682897949e+02 6.5685900879e+02 6.5689697266e+02 6.5692901611e+02 6.5695697021e+02 6.5698699951e+02 6.5701702881e+02 6.5705297852e+02 6.5708697510e+02 6.5713000488e+02 6.5715197754e+02 6.5717498779e+02 6.5719702148e+02 6.5722900391e+02 6.5727697754e+02 6.5729901123e+02 6.5732299805e+02 6.5737402344e+02 6.5742602539e+02 6.5746197510e+02 6.5749102783e+02 6.5752801514e+02 6.5756298828e+02 6.5758801270e+02 6.5761499023e+02 6.5765002441e+02 6.5769299316e+02 6.5771301270e+02
6.5612902832e+02 6.5615399170e+02 6.5618597412e+02 6.5621899414e+02 6.5627301025e+02 6.5631298828e+02 6.5634698486e+02 6.5637597656e+02 6.5641802979e+02 6.5646197510e+02 6.5649499512e+02 6.5652600098e+02 6.5656896973e+02 6.5660400391e+02 6.5664599609e+02 6.5669799805e+02 6.5675402832e+02 6.5678399658e+02 6.5683697510e+02 6.5686901855e+02 6.5689599609e+02 6.5692700195e+02 6.5694799805e+02 6.5697698975e+02 6.5700897217e+02 6.5704199219e+02 6.5707000732e+02 6.5710400391e+02 6.5711999512e+02 6.5715100098e+02 6.5717901611e+02 6.5721600342e+02 6.5726501465e+02 6.5730297852e+02 6.5733099365e+02 6.5737500000e+02 6.5742797852e+02 6.5745300293e+02 6.5747497559e+02 6.5751501465e+02 6.5755200195e+02 6.5758001709e+02 6.5760302734e+02 6.5763702393e+02 6.5768499756e+02 6.5770800781e+02
6.5610101318e+02 6.5614099121e+02 6.5618902588e+02 6.5622100830e+02 6.5625598145e+02 6.5630200195e+02 6.5634600830e+02 6.5638500977e+02 6.5642999268e+02 6.5647497559e+02 6.5650701904e+02 6.5653802490e+02 6.5658099365e+02 6.5662701416e+02 6.5666400146e+02 6.5671002197e+02 6.5676702881e+02 6.5678997803e+02 6.5682897949e+02 6.5686199951e+02 6.5688500977e+02 6.5691900635e+02 6.5694201660e+02 6.5696697998e+02 6.5699700928e+02 6.5702197266e+02 6.5704797363e+02 6.5708599854e+02 6.5710601807e+02 6.5714300537e+02 6.5718103027e+02 6.5721899414e+02 6.5725598145e+02 6.5730798340e+02 6.5734698486e+02 6.5738098145e+02 6.5741400146e+02 6.5743902588e+02 6.5746502686e+02 6.5750000000e+02 6.5753802490e+02 6.5756597900e+02 6.5759100342e+02 6.5762298584e+02 6.5766400146e+02 6.5769000244e+02
6.5608398438e+02 6.5613800049e+02 6.5619897461e+02 6.5623498535e+02 6.5626202393e+02 6.5630499268e+02 6.5635101318e+02 6.5638800049e+02 6.5642999268e+02 6.5647198486e+02 6.5651202393e+02 6.5655499268e+02 6.5658898926e+02 6.5663897705e+02 6.5667999268e+02 6.5672198486e+02 6.5678002930e+02 6.5679901123e+02 6.5681298828e+02 6.5683898926e+02 6.5687298584e+02 6.5690301514e+02 6.5692901611e+02 6.5695202637e+02 6.5697698975e+02 6.5701202393e+02 6.5703997803e+02 6.5708398438e+02 6.5711798096e+02 6.5715399170e+02 6.5720001221e+02 6.5723199463e+02 6.5726300049e+02 6.5731097412e+02 6.5735900879e+02 6.5739001465e+02 6.5740802002e+02 6.5743499756e+02 6.5747698975e+02 6.5751000977e+02 6.5755700684e+02 6.5757299805e+02 6.5761102295e+02 6.5764300537e+02 6.5763500977e+02 6.5766198730e+02
6.5610699463e+02 6.5614300537e+02 6.5619598389e+02 6.5623602295e+02 6.5626898193e+02 6.5629901123e+02 6.5634197998e+02 6.5639501953e+02 6.5645300293e+02 6.5648602295e+02 6.5652600098e+02 6.5657501221e+02 6.5661102295e+02 6.5665600586e+02 6.5668597412e+02 6.5671002197e+02 6.5675598145e+02 6.5678302002e+02 6.5681097412e+02 6.5683898926e+02 6.5687402344e+02 6.5689398193e+02 6.5691900635e+02 6.5694396973e+02 6.5698199463e+02 6.5700701904e+02 6.5703900146e+02 6.5709497070e+02 6.5713897705e+02 6.5716900635e+02 6.5720898438e+02 6.5723901367e+02 6.5726501465e+02 6.5729699707e+02 6.5734497070e+02 6.5738598633e+02 6.5741400146e+02 6.5743402100e+02 6.5747100830e+02 6.5750000000e+02 6.5753698730e+02 6.5756298828e+02 6.5759899902e+02 6.5762902832e+02 6.5761700439e+02 6.5764501953e+02
6.5612200928e+02 6.5615100098e+02 6.5618798828e+02 6.5622698975e+02 6.5627697754e+02 6.5630603027e+02 6.5635302734e+02 6.5641198730e+02 6.5646899414e+02 6.5650299072e+02 6.5653399658e+02 6.5657598877e+02 6.5661798096e+02 6.5665899658e+02 6.5668701172e+02 6.5670697021e+02 6.5674200439e+02 6.5677197266e+02 6.5679699707e+02 6.5682397461e+02 6.5686102295e+02 6.5688702393e+02 6.5691302490e+02 6.5694201660e+02 6.5698297119e+02 6.5701000977e+02 6.5704901123e+02 6.5710699463e+02 6.5714599609e+02 6.5717199707e+02 6.5721002197e+02 6.5724102783e+02 6.5726898193e+02 6.5730200195e+02 6.5734100342e+02 6.5738397217e+02 6.5741497803e+02 6.5743499756e+02 6.5746398926e+02 6.5749200439e+02 6.5751898193e+02 6.5753997803e+02 6.5755499268e+02 6.5758398438e+02 6.5761499023e+02 6.5764398193e+02
6.5610900879e+02 6.5614099121e+02 6.5618402100e+02 6.5623699951e+02 6.5629699707e+02 6.5632800293e+02 6.5638000488e+02 6.5643103027e+02 6.5647399902e+02 6.5651098633e+02 6.5653802490e+02 6.5657000732e+02 6.5661102295e+02 6.5665600586e+02 6.5667999268e+02 6.5671099854e+02 6.5673999023e+02 6.5677398682e+02 6.5679699707e+02 6.5681097412e+02 6.5684399414e+02 6.5688397217e+02 6.5692199707e+02 6.5695501709e+02 6.5699200439e+02 6.5703497314e+02 6.5707397461e+02 6.5711999512e+02 6.5714300537e+02 6.5717102051e+02 6.5721099854e+02 6.5724200439e+02 6.5727899170e+02 6.5732397461e+02 6.5734899902e+02 6.5737902832e+02 6.5740802002e+02 6.5742498779e+02 6.5744201660e+02 6.5746600342e+02 6.5750000000e+02 6.5751702881e+02 6.5753002930e+02 6.5756402588e+02 6.5760998535e+02 6.5764202881e+02
6.5611199951e+02 6.5615100098e+02 6.5620001221e+02 6.5625299072e+02 6.5630902100e+02 6.5634997559e+02 6.5640899658e+02 6.5645001221e+02 6.5646197510e+02 6.5649700928e+02 6.5652600098e+02 6.5655999756e+02 6.5659899902e+02 6.5665502930e+02 6.5667999268e+02 6.5670202637e+02 6.5673101807e+02 6.5676202393e+02 6.5679302979e+02 6.5681402588e+02 6.5684698486e+02 6.5688800049e+02 6.5694500732e+02 6.5698699951e+02 6.5701202393e+02 6.5705200195e+02 6.5708599854e+02 6.5712500000e+02 6.5714202881e+02 6.5718798828e+02 6.5722399902e+02 6.5725402832e+02 6.5730902100e+02 6.5733502197e+02 6.5735302734e+02 6.5737097168e+02 6.5739801025e+02 6.5740899658e+02 6.5741900635e+02 6.5744598389e+02 6.5749401855e+02 6.5751202393e+02 6.5754498291e+02 6.5757800293e+02 6.5760699463e+02 6.5763702393e+02
6.5612902832e+02 6.5617401123e+02 6.5622998047e+02 6.5627502441e+02 6.5631597900e+02 6.5635400391e+02 6.5639599609e+02 6.5643597412e+02 6.5646002197e+02 6.5649597168e+02 6.5653399658e+02 6.5657202148e+02 6.5659997559e+02 6.5663500977e+02 6.5666802979e+02 6.5669299316e+02 6.5672698975e+02 6.5676300049e+02 6.5679699707e+02 6.5684002686e+02 6.5688000488e+02 6.5692498779e+02 6.5696197510e+02 6.5698797607e+02 6.5702398682e+02 6.5706298828e+02 6.5709802246e+02 6.5713201904e+02 6.5715197754e+02 6.5719000244e+02 6.5722802734e+02 6.5726898193e+02 6.5730999756e+02 6.5733099365e+02 6.5734698486e+02 6.5735998535e+02 6.5737500000e+02 6.5739697266e+02 6.5742901611e+02 6.5745599365e+02 6.5749102783e+02 6.5751000977e+02 6.5754602051e+02 6.5758697510e+02 6.5760400391e+02 6.5763397217e+02
6.5614801025e+02 6.5619897461e+02 6.5624902344e+02 6.5628497314e+02 6.5631896973e+02 6.5634802246e+02 6.5638000488e+02 6.5641497803e+02 6.5645202637e+02 6.5649200439e+02 6.5652301025e+02 6.5655297852e+02 6.5658898926e+02 6.5661499023e+02 6.5664801025e+02 6.5668298340e+02 6.5672900391e+02 6.5676000977e+02 6.5680200195e+02 6.5685998535e+02 6.5691101074e+02 6.5694201660e+02 6.5697100830e+02 6.5700097656e+02 6.5703698730e+02 6.5707202148e+02 6.5710699463e+02 6.5714300537e+02 6.5717498779e+02 6.5720397949e+02 6.5723699951e+02 6.5727001953e+02 6.5729199219e+02 6.5731701660e+02 6.5733398438e+02 6.5734899902e+02 6.5736499023e+02 6.5738500977e+02 6.5742999268e+02 6.5746600342e+02 6.5748199463e+02 6.5749499512e+02 6.5752697754e+02 6.5757098389e+02 6.5759600830e+02 6.5762799072e+02
6.5615502930e+02 6.5620599365e+02 6.5624401855e+02 6.5627398682e+02 6.5631500244e+02 6.5634600830e+02 6.5637701416e+02 6.5641497803e+02 6.5645001221e+02 6.5647698975e+02 6.5649102783e+02 6.5652600098e+02 6.5658801270e+02 6.5661401367e+02 6.5665698242e+02 6.5668902588e+02 6.5673400879e+02 6.5677001953e+02 6.5681402588e+02 6.5686499023e+02 6.5691900635e+02 6.5694201660e+02 6.5697497559e+02 6.5701397705e+02 6.5704797363e+02 6.5708197021e+02 6.5711999512e+02 6.5715399170e+02 6.5717901611e+02 6.5720300293e+02 6.5723498535e+02 6.5726098633e+02 6.5726898193e+02 6.5729699707e+02 6.5732299805e+02 6.5734197998e+02 6.5736798096e+02 6.5739001465e+02 6.5742901611e+02 6.5746398926e+02 6.5748797607e+02 6.5750897217e+02 6.5752600098e+02 6.5756298828e+02 6.5760302734e+02 6.5762902832e+02
6.5615502930e+02 6.5620599365e+02 6.5624597168e+02 6.5627502441e+02 6.5630401611e+02 6.5634197998e+02 6.5636999512e+02 6.5640698242e+02 6.5644799805e+02 6.5647100830e+02 6.5648101807e+02 6.5651501465e+02 6.5656402588e+02 6.5663201904e+02 6.5668902588e+02 6.5670697021e+02 6.5675598145e+02 6.5680200195e+02 6.5683801270e+02 6.5686999512e+02 6.5691802979e+02 6.5695599365e+02 6.5699798584e+02 6.5702099609e+02 6.5704901123e+02 6.5709197998e+02 6.5713000488e+02 6.5715899658e+02 6.5717401123e+02 6.5719201660e+02 6.5722198486e+02 6.5724401855e+02 6.5725299072e+02 6.5728997803e+02 6.5733300781e+02 6.5735601807e+02 6.5737500000e+02 6.5740002441e+02 6.5743200684e+02 6.5745697021e+02 6.5747698975e+02 6.5751098633e+02 6.5753302002e+02 6.5756402588e+02 6.5758898926e+02 6.5761199951e+02
6.5616900635e+02 6.5620599365e+02 6.5623602295e+02 6.5626599121e+02 6.5629901123e+02 6.5633502197e+02 6.5636700439e+02 6.5640502930e+02 6.5643103027e+02 6.5645397949e+02 6.5649200439e+02 6.5653900146e+02 6.5659100342e+02 6.5663897705e+02 6.5669396973e+02 6.5672100830e+02 6.5677502441e+02 6.5681402588e+02 6.5685797119e+02 6.5688598633e+02 6.5692401123e+02 6.5696002197e+02 6.5700897217e+02 6.5703802490e+02 6.5705401611e+02 6.5709399414e+02 6.5712298584e+02 6.5715197754e+02 6.5717797852e+02 6.5719097900e+02 6.5721502686e+02 6.5723699951e+02 6.5725299072e+02 6.5729998779e+02 6.5734997559e+02 6.5736999512e+02 6.5738000488e+02 6.5739202881e+02 6.5741699219e+02 6.5745001221e+02 6.5748101807e+02 6.5751098633e+02 6.5753997803e+02 6.5756597900e+02 6.5759002686e+02 6.5762097168e+02
6.5615100098e+02 6.5619299316e+02 6.5622100830e+02 6.5624798584e+02 6.5628399658e+02 6.5632299805e+02 6.5636102295e+02 6.5640301514e+02 6.5642901611e+02 6.5646997070e+02 6.5652502441e+02 6.5657299805e+02 6.5662298584e+02 6.5664898682e+02 6.5668902588e+02 6.5672198486e+02 6.5677099609e+02 6.5681402588e+02 6.5686602783e+02 6.5690301514e+02 6.5693902588e+02 6.5696600342e+02 6.5700897217e+02 6.5704699707e+02 6.5706402588e+02 6.5709497070e+02 6.5711999512e+02 6.5714300537e+02 6.5717102051e+02 6.5718902588e+02 6.5721801758e+02 6.5724902344e+02 6.5727197266e+02 6.5731402588e+02 6.5734899902e+02 6.5736700439e+02 6.5737701416e+02 6.5739202881e+02 6.5742199707e+02 6.5745397949e+02 6.5748400879e+02 6.5751599121e+02 6.5754699707e+02 6.5757299805e+02 6.5760302734e+02 6.5763897705e+02
6.5611798096e+02 6.5616802979e+02 6.5621099854e+02 6.5624200439e+02 6.5627001953e+02 6.5631500244e+02 6.5635699463e+02 6.5640100098e+02 6.5644500732e+02 6.5650097656e+02 6.5655200195e+02 6.5658599854e+02 6.5663098145e+02 6.5665899658e+02 6.5669299316e+02 6.5673297119e+02 6.5679602051e+02 6.5682702637e+02 6.5686499023e+02 6.5690997314e+02 6.5694097900e+02 6.5696801758e+02 6.5700701904e+02 6.5704602051e+02 6.5706597900e+02 6.5708599854e+02 6.5711199951e+02 6.5713897705e+02 6.5716699219e+02 6.5719299316e+02 6.5722802734e+02 6.5725897217e+02 6.5728601074e+02 6.5732000732e+02 6.5733898926e+02 6.5735797119e+02 6.5737701416e+02 6.5740100098e+02 6.5743597412e+02 6.5746697998e+02 6.5749597168e+02 6.5752099609e+02 6.5755401611e+02 6.5758502197e+02 6.5761199951e+02 6.5764599609e+02
6.5610498047e+02 6.5613897705e+02 6.5619097900e+02 6.5623400879e+02 6.5627099609e+02 6.5632702637e+02 6.5637298584e+02 6.5641998291e+02 6.5646301270e+02 6.5650500488e+02 6.5654602051e+02 6.5659100342e+02 6.5663299561e+02 6.5666802979e+02 6.5670501709e+02 6.5674102783e+02 6.5679998779e+02 6.5683502197e+02 6.5687097168e+02 6.5691101074e+02 6.5693402100e+02 6.5696398926e+02 6.5699902344e+02 6.5703198242e+02 6.5704998779e+02 6.5707800293e+02 6.5711700439e+02 6.5715802002e+02 6.5718402100e+02 6.5720397949e+02 6.5723297119e+02 6.5726702881e+02 6.5729602051e+02 6.5731597900e+02 6.5733502197e+02 6.5736102295e+02 6.5739300537e+02 6.5740899658e+02 6.5744500732e+02 6.5747601318e+02 6.5751599121e+02 6.5753802490e+02 6.5756896973e+02 6.5760198975e+02 6.5761999512e+02 6.5764501953e+02
6.5608398438e+02 6.5612799072e+02 6.5617797852e+02 6.5623498535e+02 6.5628997803e+02 6.5634399414e+02 6.5638598633e+02 6.5643103027e+02 6.5647802734e+02 6.5652502441e+02 6.5656402588e+02 6.5661401367e+02 6.5666302490e+02 6.5669299316e+02 6.5672802734e+02 6.5675097656e+02 6.5677899170e+02 6.5682800293e+02 6.5688299561e+02 6.5692901611e+02 6.5694799805e+02 6.5696697998e+02 6.5699902344e+02 6.5703302002e+02 6.5705297852e+02 6.5708502197e+02 6.5713201904e+02 6.5717297363e+02 6.5719201660e+02 6.5721398926e+02 6.5723297119e+02 6.5726098633e+02 6.5728698730e+02 6.5731799316e+02 6.5734899902e+02 6.5737200928e+02 6.5739398193e+02 6.5741302490e+02 6.5745501709e+02 6.5748498535e+02 6.5752301025e+02 6.5754400635e+02 6.5756097412e+02 6.5759802246e+02 6.5762799072e+02 6.5764697266e+02
6.5608099365e+02 6.5613397217e+02 6.5618798828e+02 6.5625000000e+02 6.5630200195e+02 6.5634899902e+02 6.5639501953e+02 6.5645202637e+02 6.5650299072e+02 6.5654199219e+02 6.5657501221e+02 6.5662097168e+02 6.5666900635e+02 6.5669897461e+02 6.5673699951e+02 6.5676098633e+02 6.5678601074e+02 6.5683801270e+02 6.5688897705e+02 6.5692401123e+02 6.5694598389e+02 6.5696697998e+02 6.5699597168e+02 6.5702801514e+02 6.5706097412e+02 6.5710198975e+02 6.5714202881e+02 6.5716998291e+02 6.5719201660e+02 6.5722900391e+02 6.5725299072e+02 6.5727600098e+02 6.5728900146e+02 6.5731597900e+02 6.5735101318e+02 6.5738500977e+02 6.5741302490e+02 6.5744000244e+02 6.5746997070e+02 6.5749298096e+02 6.5753198242e+02 6.5755603027e+02 6.5756402588e+02 6.5759197998e+02 6.5762701416e+02 6.5764898682e+02
6.5610302734e+02 6.5616699219e+02 6.5621398926e+02 6.5626000977e+02 6.5630401611e+02 6.5635797119e+02 6.5641699219e+02 6.5647497559e+02 6.5651898193e+02 6.5655603027e+02 6.5659197998e+02 6.5663397217e+02 6.5667199707e+02 6.5670202637e+02 6.5674298096e+02 6.5677099609e+02 6.5680902100e+02 6.5685498047e+02 6.5688201904e+02 6.5690802002e+02 6.5693798828e+02 6.5696398926e+02 6.5699700928e+02 6.5703497314e+02 6.5707299805e+02 6.5711102295e+02 6.5714697266e+02 6.5717297363e+02 6.5719500732e+02 6.5723101807e+02 6.5726000977e+02 6.5728198242e+02 6.5729998779e+02 6.5731799316e+02 6.5735699463e+02 6.5739300537e+02 6.5742498779e+02 6.5745202637e+02 6.5747198486e+02 6.5749401855e+02 6.5753601074e+02 6.5756799316e+02 6.5758398438e+02 6.5760198975e+02 6.5762500000e+02 6.5765100098e+02
