TESTSERVER/11/6.asc
NCOLS 100
NROWS 100
XLLCORNER 8.0497500000e+03
YLLCORNER 2.8965025000e+05
CELLSIZE 5.0000000000e-01
NODATA_VALUE -9.9990000000e+03
[rows 0 to 19 of 100, columns 0 to 45 of 100]
6.5131402588e+02 6.5152398682e+02 6.5170697021e+02 6.5184100342e+02 6.5199200439e+02 6.5212597656e+02 6.5223101807e+02 6.5231201172e+02 6.5242602539e+02 6.5256097412e+02 6.5266802979e+02 6.5279602051e+02 6.5291601563e+02 6.5304699707e+02 6.5318902588e+02 6.5333099365e+02 6.5347302246e+02 6.5360302734e+02 6.5371301270e+02 6.5384002686e+02 6.5395397949e+02 6.5405499268e+02 6.5414697266e+02 6.5424401855e+02 6.5436297607e+02 6.5447302246e+02 6.5455798340e+02 6.5466400146e+02 6.5477801514e+02 6.5488702393e+02 6.5500299072e+02 6.5510797119e+02 6.5520599365e+02 6.5528198242e+02 6.5534399414e+02 6.5542102051e+02 6.5548901367e+02 6.5555499268e+02 6.5561602783e+02 6.5567602539e+02 6.5573602295e+02 6.5579901123e+02 6.5586199951e+02 6.5592797852e+02 6.5598999023e+02 6.5605700684e+02
6.5114599609e+02 6.5134002686e+02 6.5155499268e+02 6.5172100830e+02 6.5184802246e+02 6.5196002197e+02 6.5205297852e+02 6.5216601563e+02 6.5227197266e+02 6.5237701416e+02 6.5250201416e+02 6.5265197754e+02 6.5280297852e+02 6.5294500732e+02 6.5309301758e+02 6.5323498535e+02 6.5338397217e+02 6.5352502441e+02 6.5364501953e+02 6.5376098633e+02 6.5388299561e+02 6.5399597168e+02 6.5409698486e+02 6.5419799805e+02 6.5429998779e+02 6.5440399170e+02 6.5450799561e+02 6.5461297607e+02 6.5472198486e+02 6.5482598877e+02 6.5495098877e+02 6.5505902100e+02 6.5516900635e+02 6.5525299072e+02 6.5532202148e+02 6.5540197754e+02 6.5546502686e+02 6.5552301025e+02 6.5559600830e+02 6.5567102051e+02 6.5572998047e+02 6.5578601074e+02 6.5586297607e+02 6.5592999268e+02 6.5599597168e+02 6.5606201172e+02
6.5100799561e+02 6.5115698242e+02 6.5137701416e+02 6.5156896973e+02 6.5170300293e+02 6.5180499268e+02 6.5186999512e+02 6.5196600342e+02 6.5208197021e+02 6.5221398926e+02 6.5235900879e+02 6.5251397705e+02 6.5268597412e+02 6.5285400391e+02 6.5300799561e+02 6.5313598633e+02 6.5328601074e+02 6.5344097900e+02 6.5356799316e+02 6.5368402100e+02 6.5381500244e+02 6.5394000244e+02 6.5404400635e+02 6.5414300537e+02 6.5423297119e+02 6.5433599854e+02 6.5444000244e+02 6.5454797363e+02 6.5466302490e+02 6.5477502441e+02 6.5490698242e+02 6.5500897217e+02 6.5511199951e+02 6.5520397949e+02 6.5528399658e+02 6.5537200928e+02 6.5543200684e+02 6.5549298096e+02 6.5557501221e+02 6.5565997314e+02 6.5572698975e+02 6.5579699707e+02 6.5586798096e+02 6.5593200684e+02 6.5599700928e+02 6.5606201172e+02
6.5087597656e+02 6.5100799561e+02 6.5117999268e+02 6.5134698486e+02 6.5149200439e+02 6.5162200928e+02 6.5171502686e+02 6.5181201172e+02 6.5192901611e+02 6.5207800293e+02 6.5224200439e+02 6.5239001465e+02 6.5254901123e+02 6.5272802734e+02 6.5290197754e+02 6.5304699707e+02 6.5320001221e+02 6.5335101318e+02 6.5347399902e+02 6.5359698486e+02 6.5372998047e+02 6.5385699463e+02 6.5396600342e+02 6.5407702637e+02 6.5417401123e+02 6.5428198242e+02 6.5437799072e+02 6.5448400879e+02 6.5459997559e+02 6.5471801758e+02 6.5484997559e+02 6.5495300293e+02 6.5505999756e+02 6.5515997314e+02 6.5524200439e+02 6.5532397461e+02 6.5539501953e+02 6.5547601318e+02 6.5557000732e+02 6.5565802002e+02 6.5572698975e+02 6.5580499268e+02 6.5586798096e+02 6.5593200684e+02 6.5599798584e+02 6.5606298828e+02
6.5070202637e+02 6.5084802246e+02 6.5099401855e+02 6.5117797852e+02 6.5133697510e+02 6.5144897461e+02 6.5155700684e+02 6.5170599365e+02 6.5182598877e+02 6.5195300293e+02 6.5210101318e+02 6.5227301025e+02 6.5241699219e+02 6.5258398438e+02 6.5277301025e+02 6.5296697998e+02 6.5311700439e+02 6.5323999023e+02 6.5336297607e+02 6.5349200439e+02 6.5362500000e+02 6.5375201416e+02 6.5387799072e+02 6.5400201416e+02 6.5411297607e+02 6.5422198486e+02 6.5433001709e+02 6.5443902588e+02 6.5454199219e+02 6.5465301514e+02 6.5477502441e+02 6.5489697266e+02 6.5501800537e+02 6.5511999512e+02 6.5520599365e+02 6.5527600098e+02 6.5536999512e+02 6.5547302246e+02 6.5555700684e+02 6.5564099121e+02 6.5570898438e+02 6.5578698730e+02 6.5585601807e+02 6.5592199707e+02 6.5599298096e+02 6.5606201172e+02
6.5057501221e+02 6.5071197510e+02 6.5085601807e+02 6.5101702881e+02 6.5117498779e+02 6.5131097412e+02 6.5143902588e+02 6.5158197021e+02 6.5171899414e+02 6.5184301758e+02 6.5197399902e+02 6.5217797852e+02 6.5233599854e+02 6.5248999023e+02 6.5267700195e+02 6.5285998535e+02 6.5300799561e+02 6.5312298584e+02 6.5325402832e+02 6.5338299561e+02 6.5350299072e+02 6.5363800049e+02 6.5378399658e+02 6.5391302490e+02 6.5403698730e+02 6.5415802002e+02 6.5428399658e+02 6.5439599609e+02 6.5449597168e+02 6.5459997559e+02 6.5471899414e+02 6.5483398438e+02 6.5496099854e+02 6.5507598877e+02 6.5517401123e+02 6.5525598145e+02 6.5534997559e+02 6.5544500732e+02 6.5552301025e+02 6.5560797119e+02 6.5569000244e+02 6.5576800537e+02 6.5582598877e+02 6.5589501953e+02 6.5596997070e+02 6.5603497314e+02
6.5044500732e+02 6.5060498047e+02 6.5075201416e+02 6.5087500000e+02 6.5102398682e+02 6.5116802979e+02 6.5131097412e+02 6.5146697998e+02 6.5163397217e+02 6.5177801514e+02 6.5189398193e+02 6.5207000732e+02 6.5224200439e+02 6.5240399170e+02 6.5256701660e+02 6.5271301270e+02 6.5286199951e+02 6.5298901367e+02 6.5313299561e+02 6.5325299072e+02 6.5337200928e+02 6.5352099609e+02 6.5367901611e+02 6.5381298828e+02 6.5395397949e+02 6.5408599854e+02 6.5421899414e+02 6.5434698486e+02 6.5445697021e+02 6.5456097412e+02 6.5466601563e+02 6.5477502441e+02 6.5490100098e+02 6.5501599121e+02 6.5511999512e+02 6.5521997070e+02 6.5531597900e+02 6.5540399170e+02 6.5548101807e+02 6.5556201172e+02 6.5565002441e+02 6.5573199463e+02 6.5578900146e+02 6.5587799072e+02 6.5595098877e+02 6.5600500488e+02
6.5029901123e+02 6.5048699951e+02 6.5066198730e+02 6.5076800537e+02 6.5092700195e+02 6.5107897949e+02 6.5121899414e+02 6.5138299561e+02 6.5154699707e+02 6.5168798828e+02 6.5182598877e+02 6.5196099854e+02 6.5210900879e+02 6.5226501465e+02 6.5241900635e+02 6.5256201172e+02 6.5270300293e+02 6.5283502197e+02 6.5299200439e+02 6.5312799072e+02 6.5326300049e+02 6.5341601563e+02 6.5357598877e+02 6.5371697998e+02 6.5386700439e+02 6.5400799561e+02 6.5414202881e+02 6.5427899170e+02 6.5440698242e+02 6.5451501465e+02 6.5461798096e+02 6.5474200439e+02 6.5485498047e+02 6.5495300293e+02 6.5506201172e+02 6.5518402100e+02 6.5528399658e+02 6.5536999512e+02 6.5544598389e+02 6.5552600098e+02 6.5561401367e+02 6.5570098877e+02 6.5576501465e+02 6.5585101318e+02 6.5591900635e+02 6.5597100830e+02
6.5016400146e+02 6.5035998535e+02 6.5057501221e+02 6.5068902588e+02 6.5083099365e+02 6.5098297119e+02 6.5112200928e+02 6.5131500244e+02 6.5147998047e+02 6.5158697510e+02 6.5169897461e+02 6.5188201904e+02 6.5200701904e+02 6.5212298584e+02 6.5225897217e+02 6.5243103027e+02 6.5257098389e+02 6.5268798828e+02 6.5282800293e+02 6.5300598145e+02 6.5317199707e+02 6.5331500244e+02 6.5346697998e+02 6.5362402344e+02 6.5377899170e+02 6.5393298340e+02 6.5408599854e+02 6.5420898438e+02 6.5434802246e+02 6.5445697021e+02 6.5457501221e+02 6.5469097900e+02 6.5481799316e+02 6.5491601563e+02 6.5502801514e+02 6.5514801025e+02 6.5525598145e+02 6.5534197998e+02 6.5541900635e+02 6.5549499512e+02 6.5557000732e+02 6.5566198730e+02 6.5574597168e+02 6.5582000732e+02 6.5587500000e+02 6.5592700195e+02
6.5002197266e+02 6.5023101807e+02 6.5046197510e+02 6.5063299561e+02 6.5075799561e+02 6.5088500977e+02 6.5105297852e+02 6.5121002197e+02 6.5139801025e+02 6.5153698730e+02 6.5162298584e+02 6.5178100586e+02 6.5193103027e+02 6.5205297852e+02 6.5215301514e+02 6.5227197266e+02 6.5242498779e+02 6.5258599854e+02 6.5272100830e+02 6.5287902832e+02 6.5307397461e+02 6.5322998047e+02 6.5336401367e+02 6.5351702881e+02 6.5367700195e+02 6.5383099365e+02 6.5398602295e+02 6.5413000488e+02 6.5428002930e+02 6.5439501953e+02 6.5452600098e+02 6.5463500977e+02 6.5476800537e+02 6.5487799072e+02 6.5497399902e+02 6.5509399414e+02 6.5521099854e+02 6.5529901123e+02 6.5539099121e+02 6.5546801758e+02 6.5553497314e+02 6.5561999512e+02 6.5570501709e+02 6.5578198242e+02 6.5584497070e+02 6.5590399170e+02
6.4991101074e+02 6.5010797119e+02 6.5030999756e+02 6.5053601074e+02 6.5066699219e+02 6.5077697754e+02 6.5096899414e+02 6.5111602783e+02 6.5126599121e+02 6.5140997314e+02 6.5153399658e+02 6.5168298340e+02 6.5183300781e+02 6.5196600342e+02 6.5205401611e+02 6.5214202881e+02 6.5228497314e+02 6.5247198486e+02 6.5262097168e+02 6.5276702881e+02 6.5294702148e+02 6.5312799072e+02 6.5330200195e+02 6.5345501709e+02 6.5360101318e+02 6.5375201416e+02 6.5390802002e+02 6.5405999756e+02 6.5420898438e+02 6.5432397461e+02 6.5446002197e+02 6.5457702637e+02 6.5471099854e+02 6.5483099365e+02 6.5492700195e+02 6.5504797363e+02 6.5516497803e+02 6.5526098633e+02 6.5537097168e+02 6.5543499756e+02 6.5548699951e+02 6.5556701660e+02 6.5565100098e+02 6.5573498535e+02 6.5580902100e+02 6.5588500977e+02
6.4977001953e+02 6.4997100830e+02 6.5014300537e+02 6.5038000488e+02 6.5054901123e+02 6.5067199707e+02 6.5083398438e+02 6.5098602295e+02 6.5112799072e+02 6.5127899170e+02 6.5144500732e+02 6.5158398438e+02 6.5172100830e+02 6.5186297607e+02 6.5195800781e+02 6.5205700684e+02 6.5219299316e+02 6.5236901855e+02 6.5251501465e+02 6.5267498779e+02 6.5283197021e+02 6.5301501465e+02 6.5322998047e+02 6.5340002441e+02 6.5353302002e+02 6.5366802979e+02 6.5382397461e+02 6.5398199463e+02 6.5413598633e+02 6.5426501465e+02 6.5439898682e+02 6.5451898193e+02 6.5464801025e+02 6.5477600098e+02 6.5488800049e+02 6.5501501465e+02 6.5512402344e+02 6.5521600342e+02 6.5532897949e+02 6.5539001465e+02 6.5544396973e+02 6.5552801514e+02 6.5560198975e+02 6.5568103027e+02 6.5577099609e+02 6.5586199951e+02
6.4957397461e+02 6.4979699707e+02 6.5000701904e+02 6.5018798828e+02 6.5037402344e+02 6.5053900146e+02 6.5068200684e+02 6.5082000732e+02 6.5097900391e+02 6.5114300537e+02 6.5128997803e+02 6.5142498779e+02 6.5157702637e+02 6.5172802734e+02 6.5184997559e+02 6.5196398926e+02 6.5210198975e+02 6.5226000977e+02 6.5241601563e+02 6.5260101318e+02 6.5276898193e+02 6.5292797852e+02 6.5310498047e+02 6.5329400635e+02 6.5345397949e+02 6.5357800293e+02 6.5372601318e+02 6.5390197754e+02 6.5404699707e+02 6.5419598389e+02 6.5436199951e+02 6.5447399902e+02 6.5459802246e+02 6.5473199463e+02 6.5484997559e+02 6.5497100830e+02 6.5508300781e+02 6.5518103027e+02 6.5527301025e+02 6.5533300781e+02 6.5539898682e+02 6.5548999023e+02 6.5556097412e+02 6.5564898682e+02 6.5573901367e+02 6.5582897949e+02
6.4938397217e+02 6.4960302734e+02 6.4982598877e+02 6.5000201416e+02 6.5017602539e+02 6.5037298584e+02 6.5055200195e+02 6.5070001221e+02 6.5084399414e+02 6.5098699951e+02 6.5111602783e+02 6.5126202393e+02 6.5142901611e+02 6.5159802246e+02 6.5174298096e+02 6.5186700439e+02 6.5200201416e+02 6.5217700195e+02 6.5235198975e+02 6.5253302002e+02 6.5269897461e+02 6.5287500000e+02 6.5304998779e+02 6.5319702148e+02 6.5334802246e+02 6.5350201416e+02 6.5367401123e+02 6.5380499268e+02 6.5394299316e+02 6.5411602783e+02 6.5429998779e+02 6.5442102051e+02 6.5455401611e+02 6.5469097900e+02 6.5480603027e+02 6.5491400146e+02 6.5503802490e+02 6.5515002441e+02 6.5522698975e+02 6.5529101563e+02 6.5536199951e+02 6.5545202637e+02 6.5552801514e+02 6.5562097168e+02 6.5569897461e+02 6.5578302002e+02
6.4921099854e+02 6.4944500732e+02 6.4965100098e+02 6.4984002686e+02 6.4999597168e+02 6.5017700195e+02 6.5038598633e+02 6.5056298828e+02 6.5070098877e+02 6.5083197021e+02 6.5096099854e+02 6.5111401367e+02 6.5127697754e+02 6.5146301270e+02 6.5164001465e+02 6.5177197266e+02 6.5191998291e+02 6.5212597656e+02 6.5230798340e+02 6.5247302246e+02 6.5263897705e+02 6.5282098389e+02 6.5299700928e+02 6.5312500000e+02 6.5324499512e+02 6.5340399170e+02 6.5359899902e+02 6.5371801758e+02 6.5385900879e+02 6.5403802490e+02 6.5422998047e+02 6.5437298584e+02 6.5451800537e+02 6.5465301514e+02 6.5475598145e+02 6.5485101318e+02 6.5498297119e+02 6.5510498047e+02 6.5518402100e+02 6.5526501465e+02 6.5533801270e+02 6.5541497803e+02 6.5549700928e+02 6.5559002686e+02 6.5566601563e+02 6.5574798584e+02
6.4900402832e+02 6.4926000977e+02 6.4944598389e+02 6.4964801025e+02 6.4980603027e+02 6.4996600342e+02 6.5017102051e+02 6.5037200928e+02 6.5052502441e+02 6.5063897705e+02 6.5077899170e+02 6.5093902588e+02 6.5109899902e+02 6.5130700684e+02 6.5152197266e+02 6.5167602539e+02 6.5183898926e+02 6.5206097412e+02 6.5226098633e+02 6.5240997314e+02 6.5257098389e+02 6.5274200439e+02 6.5291101074e+02 6.5306201172e+02 6.5317297363e+02 6.5331097412e+02 6.5349401855e+02 6.5364001465e+02 6.5379797363e+02 6.5396301270e+02 6.5414599609e+02 6.5431201172e+02 6.5446997070e+02 6.5460400391e+02 6.5470397949e+02 6.5481298828e+02 6.5494097900e+02 6.5504797363e+02 6.5515100098e+02 6.5524700928e+02 6.5532098389e+02 6.5538702393e+02 6.5546600342e+02 6.5555603027e+02 6.5563500977e+02 6.5571801758e+02
6.4879101563e+02 6.4903601074e+02 6.4923199463e+02 6.4943298340e+02 6.4961798096e+02 6.4980200195e+02 6.4996801758e+02 6.5015899658e+02 6.5033197021e+02 6.5044299316e+02 6.5060601807e+02 6.5077301025e+02 6.5092498779e+02 6.5114300537e+02 6.5137402344e+02 6.5156799316e+02 6.5174902344e+02 6.5196301270e+02 6.5216302490e+02 6.5228802490e+02 6.5244897461e+02 6.5261798096e+02 6.5279498291e+02 6.5296301270e+02 6.5309698486e+02 6.5321801758e+02 6.5334802246e+02 6.5352099609e+02 6.5371502686e+02 6.5389202881e+02 6.5405999756e+02 6.5423797607e+02 6.5440698242e+02 6.5454101563e+02 6.5464001465e+02 6.5478302002e+02 6.5490197754e+02 6.5499200439e+02 6.5510797119e+02 6.5521502686e+02 6.5529998779e+02 6.5537597656e+02 6.5544097900e+02 6.5552001953e+02 6.5559497070e+02 6.5567901611e+02
6.4859399414e+02 6.4884197998e+02 6.4907202148e+02 6.4926300049e+02 6.4943103027e+02 6.4961297607e+02 6.4977398682e+02 6.4998999023e+02 6.5018597412e+02 6.5028302002e+02 6.5042797852e+02 6.5061199951e+02 6.5076702881e+02 6.5097998047e+02 6.5121899414e+02 6.5145800781e+02 6.5165899658e+02 6.5185400391e+02 6.5205499268e+02 6.5219097900e+02 6.5233898926e+02 6.5248297119e+02 6.5263299561e+02 6.5281701660e+02 6.5297198486e+02 6.5309301758e+02 6.5321600342e+02 6.5337799072e+02 6.5359997559e+02 6.5381402588e+02 6.5399298096e+02 6.5414898682e+02 6.5432397461e+02 6.5447100830e+02 6.5458197021e+02 6.5473797607e+02 6.5486602783e+02 6.5496600342e+02 6.5507202148e+02 6.5516998291e+02 6.5526000977e+02 6.5534997559e+02 6.5542498779e+02 6.5549401855e+02 6.5556298828e+02 6.5563500977e+02
6.4840002441e+02 6.4864001465e+02 6.4887701416e+02 6.4907702637e+02 6.4925000000e+02 6.4944299316e+02 6.4961297607e+02 6.4980700684e+02 6.5000701904e+02 6.5012402344e+02 6.5025299072e+02 6.5043298340e+02 6.5060302734e+02 6.5080798340e+02 6.5103100586e+02 6.5127801514e+02 6.5151800537e+02 6.5173297119e+02 6.5192700195e+02 6.5208099365e+02 6.5221099854e+02 6.5233398438e+02 6.5246502686e+02 6.5265301514e+02 6.5282897949e+02 6.5296301270e+02 6.5310498047e+02 6.5327697754e+02 6.5346899414e+02 6.5367602539e+02 6.5388598633e+02 6.5405700684e+02 6.5424200439e+02 6.5439501953e+02 6.5453100586e+02 6.5468902588e+02 6.5481298828e+02 6.5492797852e+02 6.5503802490e+02 6.5513098145e+02 6.5522601318e+02 6.5531896973e+02 6.5539697266e+02 6.5547198486e+02 6.5554498291e+02 6.5560998535e+02
6.4824499512e+02 6.4848297119e+02 6.4869702148e+02 6.4888897705e+02 6.4906597900e+02 6.4927502441e+02 6.4946600342e+02 6.4962597656e+02 6.4983300781e+02 6.4998999023e+02 6.5011798096e+02 6.5027301025e+02 6.5044897461e+02 6.5064697266e+02 6.5085900879e+02 6.5109997559e+02 6.5134100342e+02 6.5158801270e+02 6.5178900146e+02 6.5193200684e+02 6.5205297852e+02 6.5218200684e+02 6.5233502197e+02 6.5253302002e+02 6.5271997070e+02 6.5285699463e+02 6.5298999023e+02 6.5316998291e+02 6.5334100342e+02 6.5351702881e+02 6.5372497559e+02 6.5395697021e+02 6.5416198730e+02 6.5430798340e+02 6.5446301270e+02 6.5462799072e+02 6.5477001953e+02 6.5490100098e+02 6.5501202393e+02 6.5509399414e+02 6.5518103027e+02 6.5527301025e+02 6.5535998535e+02 6.5545098877e+02 6.5553002930e+02 6.5559301758e+02
