TESTSERVER/11/6.asc
NCOLS 100
NROWS 100
XLLCORNER 8.0497500000e+03
YLLCORNER 2.8965025000e+05
CELLSIZE 5.0000000000e-01
NODATA_VALUE -9.9990000000e+03
[rows 40 to 59 of 100, columns 46 to 91 of 100]
6.5308502197e+02 6.5335198975e+02 6.5358300781e+02 6.5379602051e+02 6.5402099609e+02 6.5422698975e+02 6.5448699951e+02 6.5478997803e+02 6.5502001953e+02 6.5521099854e+02 6.5541101074e+02 6.5558697510e+02 6.5568499756e+02 6.5574597168e+02 6.5582397461e+02 6.5591802979e+02 6.5601599121e+02 6.5611297607e+02 6.5621997070e+02 6.5630603027e+02 6.5636102295e+02 6.5645300293e+02 6.5651800537e+02 6.5659399414e+02 6.5668798828e+02 6.5675097656e+02 6.5679797363e+02 6.5684497070e+02 6.5689398193e+02 6.5691400146e+02 6.5695397949e+02 6.5697802734e+02 6.5701098633e+02 6.5704998779e+02 6.5709301758e+02 6.5713000488e+02 6.5716198730e+02 6.5719799805e+02 6.5723797607e+02 6.5726898193e+02 6.5728497314e+02 6.5734802246e+02 6.5739099121e+02 6.5741998291e+02 6.5745300293e+02 6.5748498535e+02
6.5282397461e+02 6.5307299805e+02 6.5336102295e+02 6.5360900879e+02 6.5381896973e+02 6.5405200195e+02 6.5430401611e+02 6.5459899902e+02 6.5487097168e+02 6.5510400391e+02 6.5530700684e+02 6.5549200439e+02 6.5559698486e+02 6.5566497803e+02 6.5574298096e+02 6.5582501221e+02 6.5593902588e+02 6.5607299805e+02 6.5616699219e+02 6.5623297119e+02 6.5630102539e+02 6.5639398193e+02 6.5646899414e+02 6.5655798340e+02 6.5664801025e+02 6.5671801758e+02 6.5677001953e+02 6.5680603027e+02 6.5685101318e+02 6.5687298584e+02 6.5691497803e+02 6.5694598389e+02 6.5697100830e+02 6.5701501465e+02 6.5705401611e+02 6.5708001709e+02 6.5711499023e+02 6.5714697266e+02 6.5719897461e+02 6.5724597168e+02 6.5726800537e+02 6.5731097412e+02 6.5734997559e+02 6.5738702393e+02 6.5741900635e+02 6.5745300293e+02
6.5254901123e+02 6.5280700684e+02 6.5314801025e+02 6.5343597412e+02 6.5364202881e+02 6.5387298584e+02 6.5409997559e+02 6.5437500000e+02 6.5468597412e+02 6.5495300293e+02 6.5517102051e+02 6.5536602783e+02 6.5549401855e+02 6.5556799316e+02 6.5563397217e+02 6.5571197510e+02 6.5585900879e+02 6.5600897217e+02 6.5611102295e+02 6.5618200684e+02 6.5627301025e+02 6.5634802246e+02 6.5642498779e+02 6.5651800537e+02 6.5659197998e+02 6.5665997314e+02 6.5671997070e+02 6.5675299072e+02 6.5678698730e+02 6.5682299805e+02 6.5687097168e+02 6.5690197754e+02 6.5692999268e+02 6.5697399902e+02 6.5702001953e+02 6.5704498291e+02 6.5707800293e+02 6.5710101318e+02 6.5714697266e+02 6.5719897461e+02 6.5723901367e+02 6.5727502441e+02 6.5731298828e+02 6.5734899902e+02 6.5738299561e+02 6.5742102051e+02
6.5226202393e+02 6.5255603027e+02 6.5293402100e+02 6.5325701904e+02 6.5346697998e+02 6.5369396973e+02 6.5390197754e+02 6.5415399170e+02 6.5447802734e+02 6.5476202393e+02 6.5497497559e+02 6.5517297363e+02 6.5535498047e+02 6.5546002197e+02 6.5552899170e+02 6.5560998535e+02 6.5579400635e+02 6.5593798828e+02 6.5605102539e+02 6.5613897705e+02 6.5623797607e+02 6.5630200195e+02 6.5637500000e+02 6.5645800781e+02 6.5652197266e+02 6.5658898926e+02 6.5665197754e+02 6.5669000244e+02 6.5673297119e+02 6.5678302002e+02 6.5683599854e+02 6.5686401367e+02 6.5688800049e+02 6.5692401123e+02 6.5697302246e+02 6.5700598145e+02 6.5703900146e+02 6.5706701660e+02 6.5710400391e+02 6.5714697266e+02 6.5719396973e+02 6.5723400879e+02 6.5727697754e+02 6.5731097412e+02 6.5734497070e+02 6.5738800049e+02
6.5199200439e+02 6.5226098633e+02 6.5260498047e+02 6.5292700195e+02 6.5316198730e+02 6.5346301270e+02 6.5371398926e+02 6.5393200684e+02 6.5420898438e+02 6.5453900146e+02 6.5478198242e+02 6.5502502441e+02 6.5529797363e+02 6.5535998535e+02 6.5544500732e+02 6.5554101563e+02 6.5571997070e+02 6.5585601807e+02 6.5596301270e+02 6.5604199219e+02 6.5612402344e+02 6.5621801758e+02 6.5629602051e+02 6.5636798096e+02 6.5644201660e+02 6.5651000977e+02 6.5655902100e+02 6.5660699463e+02 6.5667102051e+02 6.5671997070e+02 6.5676599121e+02 6.5681701660e+02 6.5686199951e+02 6.5688702393e+02 6.5692297363e+02 6.5695098877e+02 6.5698797607e+02 6.5703002930e+02 6.5707000732e+02 6.5710797119e+02 6.5714300537e+02 6.5718597412e+02 6.5724102783e+02 6.5728399658e+02 6.5731201172e+02 6.5734997559e+02
6.5167700195e+02 6.5191802979e+02 6.5218798828e+02 6.5248199463e+02 6.5277600098e+02 6.5310101318e+02 6.5342498779e+02 6.5365997314e+02 6.5390197754e+02 6.5425598145e+02 6.5457202148e+02 6.5488098145e+02 6.5513000488e+02 6.5523901367e+02 6.5535198975e+02 6.5544299316e+02 6.5556097412e+02 6.5569000244e+02 6.5580999756e+02 6.5592102051e+02 6.5602398682e+02 6.5611499023e+02 6.5620800781e+02 6.5628601074e+02 6.5635601807e+02 6.5642297363e+02 6.5648797607e+02 6.5654400635e+02 6.5658697510e+02 6.5664300537e+02 6.5670202637e+02 6.5675201416e+02 6.5680297852e+02 6.5684399414e+02 6.5687701416e+02 6.5690502930e+02 6.5694702148e+02 6.5698498535e+02 6.5702197266e+02 6.5706201172e+02 6.5709899902e+02 6.5713702393e+02 6.5718701172e+02 6.5723699951e+02 6.5728002930e+02 6.5731500244e+02
6.5139801025e+02 6.5164300537e+02 6.5189202881e+02 6.5216302490e+02 6.5245202637e+02 6.5274597168e+02 6.5311499023e+02 6.5343298340e+02 6.5367498779e+02 6.5398797607e+02 6.5430700684e+02 6.5461199951e+02 6.5483599854e+02 6.5501501465e+02 6.5521197510e+02 6.5533599854e+02 6.5542797852e+02 6.5556298828e+02 6.5569396973e+02 6.5580200195e+02 6.5590002441e+02 6.5599700928e+02 6.5609197998e+02 6.5619097900e+02 6.5627697754e+02 6.5633398438e+02 6.5640600586e+02 6.5647998047e+02 6.5652301025e+02 6.5657501221e+02 6.5663800049e+02 6.5668103027e+02 6.5673602295e+02 6.5678100586e+02 6.5682202148e+02 6.5686102295e+02 6.5690301514e+02 6.5693798828e+02 6.5697900391e+02 6.5701702881e+02 6.5705499268e+02 6.5710601807e+02 6.5714501953e+02 6.5718402100e+02 6.5723699951e+02 6.5727600098e+02
6.5114202881e+02 6.5141302490e+02 6.5167297363e+02 6.5192901611e+02 6.5219897461e+02 6.5243701172e+02 6.5277502441e+02 6.5314398193e+02 6.5344702148e+02 6.5373498535e+02 6.5403100586e+02 6.5430798340e+02 6.5451300049e+02 6.5470599365e+02 6.5500000000e+02 6.5522399902e+02 6.5533099365e+02 6.5542999268e+02 6.5557800293e+02 6.5567797852e+02 6.5576800537e+02 6.5588000488e+02 6.5596801758e+02 6.5609197998e+02 6.5621002197e+02 6.5627502441e+02 6.5634997559e+02 6.5644201660e+02 6.5648297119e+02 6.5650299072e+02 6.5655902100e+02 6.5660699463e+02 6.5666601563e+02 6.5671301270e+02 6.5676702881e+02 6.5682299805e+02 6.5685797119e+02 6.5688500977e+02 6.5692401123e+02 6.5695898438e+02 6.5700500488e+02 6.5705700684e+02 6.5709899902e+02 6.5714202881e+02 6.5719500732e+02 6.5722399902e+02
6.5082397461e+02 6.5114599609e+02 6.5143597412e+02 6.5170098877e+02 6.5196997070e+02 6.5218298340e+02 6.5243402100e+02 6.5278497314e+02 6.5316302490e+02 6.5349499512e+02 6.5381799316e+02 6.5412200928e+02 6.5436499023e+02 6.5441900635e+02 6.5465502930e+02 6.5493902588e+02 6.5516302490e+02 6.5524200439e+02 6.5539599609e+02 6.5552301025e+02 6.5563897705e+02 6.5575097656e+02 6.5585699463e+02 6.5600201416e+02 6.5611999512e+02 6.5622802734e+02 6.5630603027e+02 6.5637701416e+02 6.5643298340e+02 6.5644702148e+02 6.5647698975e+02 6.5653002930e+02 6.5657501221e+02 6.5663598633e+02 6.5670397949e+02 6.5676098633e+02 6.5679199219e+02 6.5683099365e+02 6.5686297607e+02 6.5689697266e+02 6.5695300293e+02 6.5699401855e+02 6.5704400635e+02 6.5709802246e+02 6.5714398193e+02 6.5718402100e+02
6.5054199219e+02 6.5079302979e+02 6.5110699463e+02 6.5140600586e+02 6.5169201660e+02 6.5189501953e+02 6.5208801270e+02 6.5241998291e+02 6.5279797363e+02 6.5313000488e+02 6.5345599365e+02 6.5378399658e+02 6.5407202148e+02 6.5417901611e+02 6.5432501221e+02 6.5452197266e+02 6.5475799561e+02 6.5492102051e+02 6.5510498047e+02 6.5527697754e+02 6.5546099854e+02 6.5560797119e+02 6.5574499512e+02 6.5590100098e+02 6.5602197266e+02 6.5615698242e+02 6.5628601074e+02 6.5635797119e+02 6.5642199707e+02 6.5645300293e+02 6.5644396973e+02 6.5647302246e+02 6.5651800537e+02 6.5656402588e+02 6.5662500000e+02 6.5668798828e+02 6.5672802734e+02 6.5677899170e+02 6.5681701660e+02 6.5685601807e+02 6.5690197754e+02 6.5694201660e+02 6.5699902344e+02 6.5705297852e+02 6.5708898926e+02 6.5713201904e+02
6.5031896973e+02 6.5050097656e+02 6.5080297852e+02 6.5111798096e+02 6.5140698242e+02 6.5162097168e+02 6.5177697754e+02 6.5205700684e+02 6.5240899658e+02 6.5271697998e+02 6.5301702881e+02 6.5332598877e+02 6.5362097168e+02 6.5381701660e+02 6.5399902344e+02 6.5416198730e+02 6.5433898926e+02 6.5459600830e+02 6.5483001709e+02 6.5502001953e+02 6.5525500488e+02 6.5548498535e+02 6.5565100098e+02 6.5579602051e+02 6.5592700195e+02 6.5607202148e+02 6.5621002197e+02 6.5628100586e+02 6.5637597656e+02 6.5645202637e+02 6.5643701172e+02 6.5644000244e+02 6.5650201416e+02 6.5654101563e+02 6.5655297852e+02 6.5660101318e+02 6.5665600586e+02 6.5670898438e+02 6.5675897217e+02 6.5680902100e+02 6.5685302734e+02 6.5689697266e+02 6.5695202637e+02 6.5700000000e+02 6.5703399658e+02 6.5707501221e+02
6.5010699463e+02 6.5027099609e+02 6.5053002930e+02 6.5081402588e+02 6.5108001709e+02 6.5133599854e+02 6.5149700928e+02 6.5171697998e+02 6.5204498291e+02 6.5234399414e+02 6.5260998535e+02 6.5288201904e+02 6.5314099121e+02 6.5336700439e+02 6.5359698486e+02 6.5378002930e+02 6.5395300293e+02 6.5426300049e+02 6.5455297852e+02 6.5478399658e+02 6.5504699707e+02 6.5533398438e+02 6.5552001953e+02 6.5566497803e+02 6.5581701660e+02 6.5596502686e+02 6.5610400391e+02 6.5619299316e+02 6.5629302979e+02 6.5638702393e+02 6.5638397217e+02 6.5637902832e+02 6.5645098877e+02 6.5649200439e+02 6.5649200439e+02 6.5651397705e+02 6.5657598877e+02 6.5663397217e+02 6.5668902588e+02 6.5675000000e+02 6.5680200195e+02 6.5684997559e+02 6.5690600586e+02 6.5694897461e+02 6.5697900391e+02 6.5701702881e+02
6.4987902832e+02 6.5005102539e+02 6.5026098633e+02 6.5048999023e+02 6.5075201416e+02 6.5103002930e+02 6.5123699951e+02 6.5142797852e+02 6.5168298340e+02 6.5198999023e+02 6.5222601318e+02 6.5249499512e+02 6.5278198242e+02 6.5295697021e+02 6.5317797852e+02 6.5339898682e+02 6.5357501221e+02 6.5385101318e+02 6.5420501709e+02 6.5455603027e+02 6.5483898926e+02 6.5511401367e+02 6.5531597900e+02 6.5549597168e+02 6.5569396973e+02 6.5583801270e+02 6.5597497559e+02 6.5609002686e+02 6.5619097900e+02 6.5626501465e+02 6.5629302979e+02 6.5632501221e+02 6.5643402100e+02 6.5645202637e+02 6.5649597168e+02 6.5651300049e+02 6.5651501465e+02 6.5657098389e+02 6.5662799072e+02 6.5669500732e+02 6.5676800537e+02 6.5680700684e+02 6.5685198975e+02 6.5688702393e+02 6.5691699219e+02 6.5695898438e+02
6.4968597412e+02 6.4982800293e+02 6.4999902344e+02 6.5017999268e+02 6.5040899658e+02 6.5067401123e+02 6.5092901611e+02 6.5118200684e+02 6.5141101074e+02 6.5165502930e+02 6.5186602783e+02 6.5213598633e+02 6.5241101074e+02 6.5260601807e+02 6.5283099365e+02 6.5308300781e+02 6.5327899170e+02 6.5347100830e+02 6.5384997559e+02 6.5435498047e+02 6.5470300293e+02 6.5488098145e+02 6.5507000732e+02 6.5527899170e+02 6.5549401855e+02 6.5564697266e+02 6.5578497314e+02 6.5591998291e+02 6.5606597900e+02 6.5617498779e+02 6.5625701904e+02 6.5629602051e+02 6.5632397461e+02 6.5633898926e+02 6.5642602539e+02 6.5648901367e+02 6.5648797607e+02 6.5654797363e+02 6.5660498047e+02 6.5663500977e+02 6.5667901611e+02 6.5673297119e+02 6.5677398682e+02 6.5681097412e+02 6.5684600830e+02 6.5689001465e+02
6.4935998535e+02 6.4953698730e+02 6.4972302246e+02 6.4988397217e+02 6.5005902100e+02 6.5029199219e+02 6.5059197998e+02 6.5091900635e+02 6.5116699219e+02 6.5138201904e+02 6.5156402588e+02 6.5180297852e+02 6.5206896973e+02 6.5231597900e+02 6.5252801514e+02 6.5274200439e+02 6.5293499756e+02 6.5309197998e+02 6.5343798828e+02 6.5401800537e+02 6.5448602295e+02 6.5463201904e+02 6.5480798340e+02 6.5502197266e+02 6.5525097656e+02 6.5544201660e+02 6.5559698486e+02 6.5575097656e+02 6.5592297363e+02 6.5606701660e+02 6.5620300293e+02 6.5627001953e+02 6.5626501465e+02 6.5628802490e+02 6.5637902832e+02 6.5643701172e+02 6.5643298340e+02 6.5651300049e+02 6.5658398438e+02 6.5660302734e+02 6.5661700439e+02 6.5665600586e+02 6.5668902588e+02 6.5672900391e+02 6.5677801514e+02 6.5682800293e+02
6.4899597168e+02 6.4917602539e+02 6.4939898682e+02 6.4959399414e+02 6.4977801514e+02 6.4996099854e+02 6.5026397705e+02 6.5064599609e+02 6.5091497803e+02 6.5111102295e+02 6.5126702881e+02 6.5146002197e+02 6.5172302246e+02 6.5201599121e+02 6.5220697021e+02 6.5237597656e+02 6.5258599854e+02 6.5276202393e+02 6.5301898193e+02 6.5349200439e+02 6.5399102783e+02 6.5423498535e+02 6.5448297119e+02 6.5472100830e+02 6.5494396973e+02 6.5516601563e+02 6.5537200928e+02 6.5557897949e+02 6.5577801514e+02 6.5593499756e+02 6.5609399414e+02 6.5619598389e+02 6.5621899414e+02 6.5624298096e+02 6.5629998779e+02 6.5634002686e+02 6.5635101318e+02 6.5642199707e+02 6.5649401855e+02 6.5652899170e+02 6.5657897949e+02 6.5661199951e+02 6.5662902832e+02 6.5665899658e+02 6.5671502686e+02 6.5676202393e+02
6.4873400879e+02 6.4886297607e+02 6.4906500244e+02 6.4931097412e+02 6.4955102539e+02 6.4967401123e+02 6.4988702393e+02 6.5025000000e+02 6.5059698486e+02 6.5083300781e+02 6.5101300049e+02 6.5118298340e+02 6.5135797119e+02 6.5160198975e+02 6.5181701660e+02 6.5203497314e+02 6.5228601074e+02 6.5248602295e+02 6.5269000244e+02 6.5299298096e+02 6.5338201904e+02 6.5377301025e+02 6.5414001465e+02 6.5442498779e+02 6.5462902832e+02 6.5480401611e+02 6.5505798340e+02 6.5535198975e+02 6.5565600586e+02 6.5577801514e+02 6.5590301514e+02 6.5601098633e+02 6.5610601807e+02 6.5615698242e+02 6.5617797852e+02 6.5621697998e+02 6.5630499268e+02 6.5641900635e+02 6.5647900391e+02 6.5648400879e+02 6.5655798340e+02 6.5661499023e+02 6.5662097168e+02 6.5662597656e+02 6.5665600586e+02 6.5671099854e+02
6.4841900635e+02 6.4858502197e+02 6.4876599121e+02 6.4900897217e+02 6.4925598145e+02 6.4948999023e+02 6.4968701172e+02 6.4992297363e+02 6.5021697998e+02 6.5046697998e+02 6.5070001221e+02 6.5094598389e+02 6.5110601807e+02 6.5127398682e+02 6.5150402832e+02 6.5177001953e+02 6.5200299072e+02 6.5216400146e+02 6.5237097168e+02 6.5262799072e+02 6.5296398926e+02 6.5335498047e+02 6.5373199463e+02 6.5405603027e+02 6.5430999756e+02 6.5449798584e+02 6.5473297119e+02 6.5503497314e+02 6.5537298584e+02 6.5555200195e+02 6.5566998291e+02 6.5576702881e+02 6.5588299561e+02 6.5599798584e+02 6.5606799316e+02 6.5612597656e+02 6.5621502686e+02 6.5637701416e+02 6.5645800781e+02 6.5643103027e+02 6.5644000244e+02 6.5649200439e+02 6.5654498291e+02 6.5657000732e+02 6.5660601807e+02 6.5665600586e+02
6.4807501221e+02 6.4830499268e+02 6.4852600098e+02 6.4876599121e+02 6.4898101807e+02 6.4925897217e+02 6.4953002930e+02 6.4976202393e+02 6.4999102783e+02 6.5017199707e+02 6.5035198975e+02 6.5060900879e+02 6.5081701660e+02 6.5096600342e+02 6.5119201660e+02 6.5146997070e+02 6.5171099854e+02 6.5189599609e+02 6.5210797119e+02 6.5233001709e+02 6.5259399414e+02 6.5292797852e+02 6.5329101563e+02 6.5363800049e+02 6.5395098877e+02 6.5420300293e+02 6.5442797852e+02 6.5469299316e+02 6.5499298096e+02 6.5522900391e+02 6.5539398193e+02 6.5550598145e+02 6.5562799072e+02 6.5577099609e+02 6.5589001465e+02 6.5598901367e+02 6.5608300781e+02 6.5620800781e+02 6.5631201172e+02 6.5634100342e+02 6.5634802246e+02 6.5638397217e+02 6.5645202637e+02 6.5650500488e+02 6.5656201172e+02 6.5658599854e+02
6.4778997803e+02 6.4802301025e+02 6.4826000977e+02 6.4851898193e+02 6.4876098633e+02 6.4900500488e+02 6.4927301025e+02 6.4951000977e+02 6.4973602295e+02 6.4988397217e+02 6.5001098633e+02 6.5023602295e+02 6.5048498535e+02 6.5064898682e+02 6.5086199951e+02 6.5113299561e+02 6.5139801025e+02 6.5163500977e+02 6.5187200928e+02 6.5209997559e+02 6.5234002686e+02 6.5262298584e+02 6.5293902588e+02 6.5326000977e+02 6.5357702637e+02 6.5389300537e+02 6.5412902832e+02 6.5435302734e+02 6.5461102295e+02 6.5488598633e+02 6.5509399414e+02 6.5522698975e+02 6.5536401367e+02 6.5552001953e+02 6.5567401123e+02 6.5582098389e+02 6.5595599365e+02 6.5607000732e+02 6.5618499756e+02 6.5626202393e+02 6.5629602051e+02 6.5633898926e+02 6.5639001465e+02 6.5644000244e+02 6.5649902344e+02 6.5650402832e+02
