TESTSERVER/11/6.asc
NCOLS 100
NROWS 100
XLLCORNER 8.0497500000e+03
YLLCORNER 2.8965025000e+05
CELLSIZE 5.0000000000e-01
NODATA_VALUE -9.9990000000e+03
[rows 80 to 99 of 100, columns 46 to 91 of 100]
6.4155401611e+02 6.4176800537e+02 6.4199597168e+02 6.4223797607e+02 6.4248999023e+02 6.4274401855e+02 6.4295501709e+02 6.4316900635e+02 6.4341699219e+02 6.4364398193e+02 6.4388800049e+02 6.4414398193e+02 6.4440600586e+02 6.4461999512e+02 6.4482897949e+02 6.4503302002e+02 6.4522601318e+02 6.4540502930e+02 6.4559301758e+02 6.4579797363e+02 6.4602697754e+02 6.4622302246e+02 6.4644201660e+02 6.4670098877e+02 6.4697100830e+02 6.4714202881e+02 6.4731500244e+02 6.4749597168e+02 6.4767102051e+02 6.4787200928e+02 6.4807501221e+02 6.4830499268e+02 6.4854302979e+02 6.4887200928e+02 6.4919201660e+02 6.4949700928e+02 6.4976300049e+02 6.4993902588e+02 6.5017401123e+02 6.5044201660e+02 6.5074499512e+02 6.5099902344e+02 6.5122900391e+02 6.5148699951e+02 6.5178601074e+02 6.5198797607e+02
6.4129602051e+02 6.4151501465e+02 6.4172497559e+02 6.4195599365e+02 6.4220697021e+02 6.4244598389e+02 6.4267700195e+02 6.4290100098e+02 6.4311297607e+02 6.4333502197e+02 6.4357897949e+02 6.4383599854e+02 6.4409100342e+02 6.4428997803e+02 6.4449597168e+02 6.4471997070e+02 6.4492297363e+02 6.4510198975e+02 6.4528198242e+02 6.4548199463e+02 6.4572399902e+02 6.4593402100e+02 6.4616400146e+02 6.4641802979e+02 6.4666400146e+02 6.4683502197e+02 6.4700598145e+02 6.4719201660e+02 6.4737500000e+02 6.4755200195e+02 6.4776702881e+02 6.4800097656e+02 6.4823101807e+02 6.4849298096e+02 6.4876800537e+02 6.4906701660e+02 6.4940100098e+02 6.4965002441e+02 6.4986297607e+02 6.5007702637e+02 6.5033898926e+02 6.5063299561e+02 6.5087902832e+02 6.5115399170e+02 6.5148101807e+02 6.5172198486e+02
6.4100701904e+02 6.4123400879e+02 6.4146502686e+02 6.4169897461e+02 6.4194000244e+02 6.4216998291e+02 6.4241497803e+02 6.4264501953e+02 6.4282299805e+02 6.4304400635e+02 6.4328497314e+02 6.4353399658e+02 6.4377697754e+02 6.4395300293e+02 6.4415100098e+02 6.4438201904e+02 6.4460400391e+02 6.4479602051e+02 6.4498498535e+02 6.4518402100e+02 6.4543402100e+02 6.4565399170e+02 6.4588098145e+02 6.4611499023e+02 6.4633398438e+02 6.4650598145e+02 6.4669201660e+02 6.4691198730e+02 6.4712402344e+02 6.4724798584e+02 6.4744299316e+02 6.4768902588e+02 6.4795898438e+02 6.4820898438e+02 6.4844201660e+02 6.4870697021e+02 6.4903198242e+02 6.4935302734e+02 6.4958697510e+02 6.4975000000e+02 6.4994000244e+02 6.5021801758e+02 6.5048101807e+02 6.5076000977e+02 6.5108300781e+02 6.5138000488e+02
6.4071600342e+02 6.4095300293e+02 6.4119897461e+02 6.4143798828e+02 6.4167602539e+02 6.4189300537e+02 6.4211798096e+02 6.4234100342e+02 6.4252502441e+02 6.4274102783e+02 6.4297302246e+02 6.4321502686e+02 6.4346197510e+02 6.4364898682e+02 6.4383697510e+02 6.4405401611e+02 6.4428002930e+02 6.4448199463e+02 6.4468103027e+02 6.4488800049e+02 6.4514501953e+02 6.4536798096e+02 6.4558300781e+02 6.4579998779e+02 6.4601098633e+02 6.4619702148e+02 6.4639898682e+02 6.4664599609e+02 6.4689801025e+02 6.4700799561e+02 6.4716198730e+02 6.4738500977e+02 6.4767401123e+02 6.4795599365e+02 6.4819396973e+02 6.4843798828e+02 6.4871301270e+02 6.4903497314e+02 6.4928002930e+02 6.4944702148e+02 6.4962701416e+02 6.4985699463e+02 6.5010900879e+02 6.5036901855e+02 6.5065502930e+02 6.5097302246e+02
6.4044500732e+02 6.4067498779e+02 6.4090802002e+02 6.4115100098e+02 6.4138598633e+02 6.4160101318e+02 6.4180200195e+02 6.4201898193e+02 6.4223797607e+02 6.4245397949e+02 6.4266900635e+02 6.4287799072e+02 6.4308398438e+02 6.4334497070e+02 6.4353997803e+02 6.4372802734e+02 6.4394000244e+02 6.4414898682e+02 6.4434698486e+02 6.4457000732e+02 6.4484002686e+02 6.4508502197e+02 6.4530401611e+02 6.4551098633e+02 6.4573699951e+02 6.4594598389e+02 6.4614202881e+02 6.4637298584e+02 6.4663598633e+02 6.4680499268e+02 6.4691998291e+02 6.4708099365e+02 6.4733398438e+02 6.4765301514e+02 6.4794097900e+02 6.4819299316e+02 6.4840399170e+02 6.4865301514e+02 6.4890502930e+02 6.4913598633e+02 6.4936499023e+02 6.4959197998e+02 6.4982702637e+02 6.5007098389e+02 6.5032702637e+02 6.5059197998e+02
6.4016497803e+02 6.4038397217e+02 6.4060601807e+02 6.4084899902e+02 6.4108599854e+02 6.4129400635e+02 6.4151501465e+02 6.4174798584e+02 6.4196997070e+02 6.4220898438e+02 6.4244702148e+02 6.4264398193e+02 6.4281097412e+02 6.4301098633e+02 6.4320599365e+02 6.4341400146e+02 6.4365100098e+02 6.4386499023e+02 6.4405102539e+02 6.4425897217e+02 6.4452001953e+02 6.4478497314e+02 6.4502099609e+02 6.4524401855e+02 6.4549102783e+02 6.4571801758e+02 6.4590197754e+02 6.4610498047e+02 6.4637902832e+02 6.4662298584e+02 6.4673101807e+02 6.4683300781e+02 6.4704797363e+02 6.4735302734e+02 6.4765301514e+02 6.4791497803e+02 6.4815399170e+02 6.4836901855e+02 6.4859197998e+02 6.4881701660e+02 6.4906402588e+02 6.4934399414e+02 6.4958300781e+02 6.4978802490e+02 6.5001300049e+02 6.5025402832e+02
6.3986297607e+02 6.4007202148e+02 6.4028302002e+02 6.4051300049e+02 6.4075701904e+02 6.4097497559e+02 6.4119897461e+02 6.4143402100e+02 6.4166101074e+02 6.4190997314e+02 6.4215997314e+02 6.4237799072e+02 6.4256799316e+02 6.4273602295e+02 6.4290100098e+02 6.4310601807e+02 6.4336401367e+02 6.4360498047e+02 6.4380200195e+02 6.4400500488e+02 6.4424700928e+02 6.4449798584e+02 6.4473101807e+02 6.4495898438e+02 6.4522100830e+02 6.4546600342e+02 6.4565100098e+02 6.4583300781e+02 6.4607098389e+02 6.4633300781e+02 6.4646697998e+02 6.4656799316e+02 6.4676098633e+02 6.4707598877e+02 6.4736602783e+02 6.4760601807e+02 6.4785400391e+02 6.4808398438e+02 6.4829901123e+02 6.4852099609e+02 6.4877600098e+02 6.4909197998e+02 6.4934100342e+02 6.4952899170e+02 6.4972302246e+02 6.4996997070e+02
6.3955603027e+02 6.3975701904e+02 6.3996197510e+02 6.4018402100e+02 6.4044299316e+02 6.4068200684e+02 6.4089697266e+02 6.4111199951e+02 6.4133697510e+02 6.4156201172e+02 6.4178399658e+02 6.4202197266e+02 6.4229901123e+02 6.4250000000e+02 6.4264300537e+02 6.4282000732e+02 6.4307598877e+02 6.4335198975e+02 6.4356799316e+02 6.4377301025e+02 6.4399298096e+02 6.4422802734e+02 6.4445300293e+02 6.4467602539e+02 6.4492999268e+02 6.4518200684e+02 6.4537298584e+02 6.4553802490e+02 6.4572399902e+02 6.4594201660e+02 6.4612200928e+02 6.4627899170e+02 6.4646002197e+02 6.4675402832e+02 6.4703900146e+02 6.4727197266e+02 6.4751397705e+02 6.4775897217e+02 6.4800000000e+02 6.4823797607e+02 6.4847601318e+02 6.4876300049e+02 6.4901702881e+02 6.4922900391e+02 6.4942999268e+02 6.4968798828e+02
6.3928900146e+02 6.3948199463e+02 6.3970098877e+02 6.3993103027e+02 6.4018499756e+02 6.4042297363e+02 6.4063598633e+02 6.4083599854e+02 6.4104998779e+02 6.4122601318e+02 6.4140600586e+02 6.4164300537e+02 6.4195599365e+02 6.4224499512e+02 6.4241497803e+02 6.4256896973e+02 6.4278002930e+02 6.4309497070e+02 6.4332397461e+02 6.4351800537e+02 6.4370697021e+02 6.4394396973e+02 6.4417498779e+02 6.4439599609e+02 6.4463500977e+02 6.4487799072e+02 6.4507397461e+02 6.4524499512e+02 6.4542901611e+02 6.4558801270e+02 6.4578997803e+02 6.4600701904e+02 6.4620501709e+02 6.4641802979e+02 6.4667901611e+02 6.4692999268e+02 6.4719201660e+02 6.4742602539e+02 6.4770697021e+02 6.4796801758e+02 6.4815698242e+02 6.4835797119e+02 6.4859899902e+02 6.4885198975e+02 6.4908898926e+02 6.4932598877e+02
6.3894702148e+02 6.3918798828e+02 6.3944201660e+02 6.3969500732e+02 6.3992102051e+02 6.4013201904e+02 6.4032501221e+02 6.4052099609e+02 6.4074200439e+02 6.4093499756e+02 6.4112500000e+02 6.4134997559e+02 6.4163000488e+02 6.4190899658e+02 6.4212701416e+02 6.4231799316e+02 6.4253100586e+02 6.4279797363e+02 6.4301599121e+02 6.4321099854e+02 6.4340600586e+02 6.4363299561e+02 6.4387097168e+02 6.4409997559e+02 6.4432202148e+02 6.4454302979e+02 6.4474499512e+02 6.4492999268e+02 6.4511499023e+02 6.4528497314e+02 6.4545697021e+02 6.4564599609e+02 6.4585302734e+02 6.4605902100e+02 6.4629602051e+02 6.4656500244e+02 6.4684997559e+02 6.4708099365e+02 6.4737298584e+02 6.4764898682e+02 6.4786798096e+02 6.4805603027e+02 6.4826397705e+02 6.4848797607e+02 6.4870599365e+02 6.4891198730e+02
6.3859100342e+02 6.3887097168e+02 6.3915802002e+02 6.3943597412e+02 6.3966400146e+02 6.3985900879e+02 6.4003997803e+02 6.4022900391e+02 6.4045001221e+02 6.4066497803e+02 6.4087402344e+02 6.4109698486e+02 6.4133398438e+02 6.4159600830e+02 6.4183099365e+02 6.4204602051e+02 6.4226300049e+02 6.4247399902e+02 6.4267297363e+02 6.4287799072e+02 6.4308898926e+02 6.4331298828e+02 6.4355902100e+02 6.4380798340e+02 6.4403900146e+02 6.4425000000e+02 6.4443798828e+02 6.4460302734e+02 6.4477801514e+02 6.4496197510e+02 6.4512902832e+02 6.4530401611e+02 6.4551397705e+02 6.4572100830e+02 6.4594598389e+02 6.4621600342e+02 6.4651501465e+02 6.4676202393e+02 6.4705902100e+02 6.4733099365e+02 6.4754199219e+02 6.4773602295e+02 6.4793597412e+02 6.4816400146e+02 6.4839898682e+02 6.4855798340e+02
6.3827001953e+02 6.3856201172e+02 6.3885400391e+02 6.3912799072e+02 6.3938201904e+02 6.3959100342e+02 6.3977899170e+02 6.3997100830e+02 6.4018103027e+02 6.4040100098e+02 6.4063098145e+02 6.4086102295e+02 6.4107598877e+02 6.4130902100e+02 6.4153601074e+02 6.4175097656e+02 6.4196899414e+02 6.4216101074e+02 6.4234301758e+02 6.4253900146e+02 6.4275097656e+02 6.4297198486e+02 6.4322100830e+02 6.4348602295e+02 6.4374298096e+02 6.4396301270e+02 6.4413897705e+02 6.4428302002e+02 6.4443701172e+02 6.4463000488e+02 6.4480902100e+02 6.4498602295e+02 6.4519598389e+02 6.4541601563e+02 6.4564001465e+02 6.4590197754e+02 6.4618597412e+02 6.4643597412e+02 6.4673400879e+02 6.4698999023e+02 6.4716198730e+02 6.4735900879e+02 6.4756896973e+02 6.4782000732e+02 6.4809399414e+02 6.4824401855e+02
6.3799102783e+02 6.3828900146e+02 6.3857000732e+02 6.3881402588e+02 6.3903900146e+02 6.3928900146e+02 6.3950500488e+02 6.3971997070e+02 6.3993200684e+02 6.4014697266e+02 6.4038702393e+02 6.4063201904e+02 6.4087402344e+02 6.4105401611e+02 6.4124401855e+02 6.4143402100e+02 6.4163098145e+02 6.4184698486e+02 6.4203399658e+02 6.4221801758e+02 6.4242401123e+02 6.4261798096e+02 6.4284899902e+02 6.4309899902e+02 6.4335198975e+02 6.4359698486e+02 6.4379400635e+02 6.4396398926e+02 6.4411499023e+02 6.4429101563e+02 6.4448400879e+02 6.4467401123e+02 6.4487701416e+02 6.4510900879e+02 6.4535198975e+02 6.4559100342e+02 6.4580798340e+02 6.4608099365e+02 6.4632702637e+02 6.4654901123e+02 6.4674200439e+02 6.4695599365e+02 6.4718200684e+02 6.4741699219e+02 6.4765197754e+02 6.4789697266e+02
6.3770397949e+02 6.3799700928e+02 6.3829699707e+02 6.3856097412e+02 6.3876000977e+02 6.3896600342e+02 6.3918402100e+02 6.3941601563e+02 6.3965100098e+02 6.3987402344e+02 6.4011199951e+02 6.4035699463e+02 6.4059301758e+02 6.4077301025e+02 6.4093402100e+02 6.4109802246e+02 6.4128100586e+02 6.4148901367e+02 6.4169097900e+02 6.4189099121e+02 6.4210400391e+02 6.4228698730e+02 6.4248400879e+02 6.4270300293e+02 6.4294598389e+02 6.4317602539e+02 6.4339801025e+02 6.4360998535e+02 6.4379302979e+02 6.4397900391e+02 6.4414697266e+02 6.4429901123e+02 6.4449499512e+02 6.4477301025e+02 6.4504602051e+02 6.4527600098e+02 6.4547497559e+02 6.4572900391e+02 6.4593298340e+02 6.4613098145e+02 6.4632702637e+02 6.4652801514e+02 6.4673400879e+02 6.4696801758e+02 6.4720300293e+02 6.4743499756e+02
6.3739697266e+02 6.3765002441e+02 6.3794000244e+02 6.3823199463e+02 6.3847100830e+02 6.3866101074e+02 6.3886999512e+02 6.3910302734e+02 6.3935400391e+02 6.3958801270e+02 6.3981896973e+02 6.4004998779e+02 6.4027099609e+02 6.4044799805e+02 6.4061199951e+02 6.4077801514e+02 6.4095599365e+02 6.4115301514e+02 6.4135498047e+02 6.4155603027e+02 6.4177502441e+02 6.4196099854e+02 6.4215002441e+02 6.4236102295e+02 6.4259301758e+02 6.4279998779e+02 6.4300201416e+02 6.4321002197e+02 6.4340600586e+02 6.4361401367e+02 6.4379602051e+02 6.4394598389e+02 6.4411199951e+02 6.4434899902e+02 6.4461700439e+02 6.4488500977e+02 6.4514099121e+02 6.4534899902e+02 6.4551300049e+02 6.4568902588e+02 6.4586999512e+02 6.4603900146e+02 6.4621600342e+02 6.4644897461e+02 6.4671899414e+02 6.4695697021e+02
6.3708398438e+02 6.3731597900e+02 6.3759002686e+02 6.3789099121e+02 6.3817700195e+02 6.3837799072e+02 6.3858398438e+02 6.3880798340e+02 6.3905700684e+02 6.3929797363e+02 6.3952099609e+02 6.3973297119e+02 6.3992999268e+02 6.4011297607e+02 6.4029998779e+02 6.4048498535e+02 6.4067297363e+02 6.4086297607e+02 6.4105401611e+02 6.4124798584e+02 6.4145098877e+02 6.4164300537e+02 6.4183599854e+02 6.4203900146e+02 6.4225598145e+02 6.4244500732e+02 6.4262097168e+02 6.4280200195e+02 6.4297399902e+02 6.4318798828e+02 6.4340399170e+02 6.4358001709e+02 6.4374102783e+02 6.4390899658e+02 6.4413397217e+02 6.4441900635e+02 6.4475000000e+02 6.4495697021e+02 6.4511102295e+02 6.4527197266e+02 6.4542498779e+02 6.4557299805e+02 6.4573101807e+02 6.4594299316e+02 6.4621899414e+02 6.4645397949e+02
6.3677801514e+02 6.3705603027e+02 6.3732501221e+02 6.3760302734e+02 6.3786401367e+02 6.3809497070e+02 6.3831701660e+02 6.3853997803e+02 6.3879400635e+02 6.3901098633e+02 6.3922198486e+02 6.3941900635e+02 6.3960699463e+02 6.3981402588e+02 6.4002099609e+02 6.4022302246e+02 6.4042297363e+02 6.4061297607e+02 6.4078802490e+02 6.4095800781e+02 6.4114300537e+02 6.4133599854e+02 6.4152801514e+02 6.4171502686e+02 6.4190197754e+02 6.4209002686e+02 6.4225500488e+02 6.4241198730e+02 6.4256701660e+02 6.4276702881e+02 6.4297900391e+02 6.4316601563e+02 6.4335400391e+02 6.4353802490e+02 6.4370501709e+02 6.4392602539e+02 6.4417297363e+02 6.4446301270e+02 6.4468701172e+02 6.4488897705e+02 6.4504498291e+02 6.4519598389e+02 6.4535400391e+02 6.4553698730e+02 6.4575097656e+02 6.4600299072e+02
6.3651501465e+02 6.3678900146e+02 6.3704797363e+02 6.3731097412e+02 6.3755798340e+02 6.3780200195e+02 6.3804101563e+02 6.3825097656e+02 6.3846197510e+02 6.3867602539e+02 6.3889898682e+02 6.3911602783e+02 6.3932897949e+02 6.3955102539e+02 6.3976800537e+02 6.3997100830e+02 6.4018402100e+02 6.4043298340e+02 6.4059497070e+02 6.4070898438e+02 6.4087200928e+02 6.4104901123e+02 6.4122100830e+02 6.4139099121e+02 6.4157397461e+02 6.4174902344e+02 6.4189501953e+02 6.4202899170e+02 6.4218701172e+02 6.4238000488e+02 6.4257000732e+02 6.4275598145e+02 6.4295800781e+02 6.4314697266e+02 6.4331896973e+02 6.4351898193e+02 6.4376300049e+02 6.4401300049e+02 6.4421398926e+02 6.4440100098e+02 6.4457098389e+02 6.4476098633e+02 6.4496899414e+02 6.4517700195e+02 6.4538397217e+02 6.4563897705e+02
6.3621899414e+02 6.3650000000e+02 6.3676599121e+02 6.3702600098e+02 6.3726898193e+02 6.3752801514e+02 6.3775799561e+02 6.3794702148e+02 6.3813800049e+02 6.3835998535e+02 6.3858898926e+02 6.3881597900e+02 6.3903802490e+02 6.3927001953e+02 6.3950097656e+02 6.3971197510e+02 6.3991601563e+02 6.4017199707e+02 6.4035198975e+02 6.4046197510e+02 6.4059802246e+02 6.4076202393e+02 6.4092297363e+02 6.4108197021e+02 6.4125402832e+02 6.4142498779e+02 6.4155798340e+02 6.4167102051e+02 6.4181298828e+02 6.4198797607e+02 6.4216900635e+02 6.4235998535e+02 6.4257598877e+02 6.4277001953e+02 6.4294500732e+02 6.4312200928e+02 6.4334399414e+02 6.4359100342e+02 6.4377697754e+02 6.4397601318e+02 6.4418402100e+02 6.4439300537e+02 6.4459802246e+02 6.4479199219e+02 6.4498797607e+02 6.4522399902e+02
6.3591601563e+02 6.3621099854e+02 6.3648602295e+02 6.3673797607e+02 6.3696398926e+02 6.3722198486e+02 6.3745098877e+02 6.3764501953e+02 6.3784002686e+02 6.3806402588e+02 6.3828997803e+02 6.3851098633e+02 6.3872198486e+02 6.3895800781e+02 6.3920202637e+02 6.3942498779e+02 6.3961199951e+02 6.3983001709e+02 6.4003802490e+02 6.4018298340e+02 6.4031799316e+02 6.4047100830e+02 6.4062200928e+02 6.4077301025e+02 6.4094201660e+02 6.4111700439e+02 6.4124700928e+02 6.4135400391e+02 6.4147802734e+02 6.4163397217e+02 6.4180798340e+02 6.4199902344e+02 6.4220599365e+02 6.4241198730e+02 6.4260797119e+02 6.4277899170e+02 6.4295397949e+02 6.4318701172e+02 6.4337097168e+02 6.4358197021e+02 6.4382299805e+02 6.4403997803e+02 6.4421899414e+02 6.4438299561e+02 6.4457098389e+02 6.4478802490e+02
