TESTSERVER/11/7.asc
NCOLS 100
NROWS 100
XLLCORNER 8.0497500000e+03
YLLCORNER 2.8960025000e+05
CELLSIZE 5.0000000000e-01
NODATA_VALUE -9.9990000000e+03
[rows 20 to 39 of 100, columns 46 to 91 of 100]
6.2967498779e+02 6.2986401367e+02 6.3003002930e+02 6.3019201660e+02 6.3034002686e+02 6.3053100586e+02 6.3068701172e+02 6.3081799316e+02 6.3093798828e+02 6.3108697510e+02 6.3127697754e+02 6.3148400879e+02 6.3168701172e+02 6.3185198975e+02 6.3204101563e+02 6.3225299072e+02 6.3249597168e+02 6.3265197754e+02 6.3280200195e+02 6.3299401855e+02 6.3324102783e+02 6.3343701172e+02 6.3360699463e+02 6.3376098633e+02 6.3392901611e+02 6.3406896973e+02 6.3421197510e+02 6.3436901855e+02 6.3458300781e+02 6.3482501221e+02 6.3502801514e+02 6.3522802734e+02 6.3541302490e+02 6.3566101074e+02 6.3586901855e+02 6.3607702637e+02 6.3629302979e+02 6.3654498291e+02 6.3675402832e+02 6.3694201660e+02 6.3710198975e+02 6.3725500488e+02 6.3741198730e+02 6.3757202148e+02 6.3772198486e+02 6.3792999268e+02
6.2940600586e+02 6.2957397461e+02 6.2975201416e+02 6.2989099121e+02 6.3003497314e+02 6.3022302246e+02 6.3039501953e+02 6.3055798340e+02 6.3071502686e+02 6.3086700439e+02 6.3103100586e+02 6.3121899414e+02 6.3144299316e+02 6.3165197754e+02 6.3184100342e+02 6.3203100586e+02 6.3221997070e+02 6.3236798096e+02 6.3256097412e+02 6.3281799316e+02 6.3307598877e+02 6.3323101807e+02 6.3334899902e+02 6.3348400879e+02 6.3365997314e+02 6.3385101318e+02 6.3402502441e+02 6.3419396973e+02 6.3436199951e+02 6.3455700684e+02 6.3474200439e+02 6.3492602539e+02 6.3510198975e+02 6.3529400635e+02 6.3547998047e+02 6.3567297363e+02 6.3585699463e+02 6.3605798340e+02 6.3628002930e+02 6.3648999023e+02 6.3668597412e+02 6.3688299561e+02 6.3706201172e+02 6.3723797607e+02 6.3738897705e+02 6.3757397461e+02
6.2913397217e+02 6.2932299805e+02 6.2951501465e+02 6.2965197754e+02 6.2976000977e+02 6.2991497803e+02 6.3008197021e+02 6.3026000977e+02 6.3046002197e+02 6.3063598633e+02 6.3079101563e+02 6.3096398926e+02 6.3118499756e+02 6.3141400146e+02 6.3161297607e+02 6.3179797363e+02 6.3196197510e+02 6.3210699463e+02 6.3232000732e+02 6.3259002686e+02 6.3283801270e+02 6.3297601318e+02 6.3309600830e+02 6.3325097656e+02 6.3342797852e+02 6.3360797119e+02 6.3381597900e+02 6.3402697754e+02 6.3416900635e+02 6.3430700684e+02 6.3447998047e+02 6.3465997314e+02 6.3482897949e+02 6.3498602295e+02 6.3514801025e+02 6.3531799316e+02 6.3546301270e+02 6.3561901855e+02 6.3582202148e+02 6.3602197266e+02 6.3622198486e+02 6.3642797852e+02 6.3663299561e+02 6.3683502197e+02 6.3699499512e+02 6.3714501953e+02
6.2882800293e+02 6.2904302979e+02 6.2924102783e+02 6.2938201904e+02 6.2949200439e+02 6.2963000488e+02 6.2978497314e+02 6.2995800781e+02 6.3016900635e+02 6.3037298584e+02 6.3053100586e+02 6.3068798828e+02 6.3087597656e+02 6.3109899902e+02 6.3130902100e+02 6.3150701904e+02 6.3169299316e+02 6.3182800293e+02 6.3200799561e+02 6.3222998047e+02 6.3244702148e+02 6.3260998535e+02 6.3278802490e+02 6.3300897217e+02 6.3319598389e+02 6.3331298828e+02 6.3352001953e+02 6.3376800537e+02 6.3393298340e+02 6.3404699707e+02 6.3421197510e+02 6.3439599609e+02 6.3457702637e+02 6.3471398926e+02 6.3485601807e+02 6.3500299072e+02 6.3514398193e+02 6.3528997803e+02 6.3546502686e+02 6.3563800049e+02 6.3579901123e+02 6.3597601318e+02 6.3618103027e+02 6.3638800049e+02 6.3656500244e+02 6.3671997070e+02
6.2859100342e+02 6.2875299072e+02 6.2890600586e+02 6.2903698730e+02 6.2917102051e+02 6.2937902832e+02 6.2953302002e+02 6.2967401123e+02 6.2981201172e+02 6.3006896973e+02 6.3025402832e+02 6.3038800049e+02 6.3050598145e+02 6.3069500732e+02 6.3090100098e+02 6.3112402344e+02 6.3135797119e+02 6.3152801514e+02 6.3167102051e+02 6.3182897949e+02 6.3197497559e+02 6.3213800049e+02 6.3234899902e+02 6.3262500000e+02 6.3287701416e+02 6.3295501709e+02 6.3312799072e+02 6.3337597656e+02 6.3360302734e+02 6.3375299072e+02 6.3391400146e+02 6.3410302734e+02 6.3433502197e+02 6.3448199463e+02 6.3461798096e+02 6.3475701904e+02 6.3494500732e+02 6.3510198975e+02 6.3525799561e+02 6.3540197754e+02 6.3554998779e+02 6.3565197754e+02 6.3581597900e+02 6.3598699951e+02 6.3615002441e+02 6.3636602783e+02
6.2844598389e+02 6.2859802246e+02 6.2872497559e+02 6.2884997559e+02 6.2897802734e+02 6.2915899658e+02 6.2931298828e+02 6.2943103027e+02 6.2955603027e+02 6.2977801514e+02 6.2999298096e+02 6.3014202881e+02 6.3023101807e+02 6.3035998535e+02 6.3052502441e+02 6.3072497559e+02 6.3095898438e+02 6.3113397217e+02 6.3130102539e+02 6.3146899414e+02 6.3164099121e+02 6.3179699707e+02 6.3193298340e+02 6.3210797119e+02 6.3235699463e+02 6.3251599121e+02 6.3268701172e+02 6.3290600586e+02 6.3315997314e+02 6.3336798096e+02 6.3354400635e+02 6.3373199463e+02 6.3395599365e+02 6.3413201904e+02 6.3429602051e+02 6.3445501709e+02 6.3460797119e+02 6.3479998779e+02 6.3498699951e+02 6.3514398193e+02 6.3526300049e+02 6.3539801025e+02 6.3558898926e+02 6.3576898193e+02 6.3589001465e+02 6.3605999756e+02
6.2824499512e+02 6.2840197754e+02 6.2855297852e+02 6.2870501709e+02 6.2884997559e+02 6.2902398682e+02 6.2916998291e+02 6.2928497314e+02 6.2940301514e+02 6.2958197021e+02 6.2976702881e+02 6.2991699219e+02 6.3001202393e+02 6.3012200928e+02 6.3026501465e+02 6.3043402100e+02 6.3062701416e+02 6.3079797363e+02 6.3097399902e+02 6.3114697266e+02 6.3132299805e+02 6.3148602295e+02 6.3163000488e+02 6.3177899170e+02 6.3198199463e+02 6.3215502930e+02 6.3230798340e+02 6.3248999023e+02 6.3272198486e+02 6.3295202637e+02 6.3314099121e+02 6.3333398438e+02 6.3354400635e+02 6.3370697021e+02 6.3387597656e+02 6.3404699707e+02 6.3420300293e+02 6.3438800049e+02 6.3458197021e+02 6.3474798584e+02 6.3487298584e+02 6.3502697754e+02 6.3526599121e+02 6.3549102783e+02 6.3560797119e+02 6.3578399658e+02
6.2795501709e+02 6.2813702393e+02 6.2833001709e+02 6.2852502441e+02 6.2870397949e+02 6.2888897705e+02 6.2904101563e+02 6.2916497803e+02 6.2930798340e+02 6.2947698975e+02 6.2960498047e+02 6.2972698975e+02 6.2984600830e+02 6.2996997070e+02 6.3009802246e+02 6.3023498535e+02 6.3039001465e+02 6.3057897949e+02 6.3077197266e+02 6.3094799805e+02 6.3110797119e+02 6.3125402832e+02 6.3141900635e+02 6.3158300781e+02 6.3176501465e+02 6.3192602539e+02 6.3205798340e+02 6.3219598389e+02 6.3235101318e+02 6.3255603027e+02 6.3274902344e+02 6.3294799805e+02 6.3315100098e+02 6.3329797363e+02 6.3346697998e+02 6.3364398193e+02 6.3380999756e+02 6.3397998047e+02 6.3415502930e+02 6.3431298828e+02 6.3446398926e+02 6.3460900879e+02 6.3485302734e+02 6.3511901855e+02 6.3527398682e+02 6.3546697998e+02
6.2761499023e+02 6.2780603027e+02 6.2802197266e+02 6.2823901367e+02 6.2841101074e+02 6.2863500977e+02 6.2881799316e+02 6.2897302246e+02 6.2913098145e+02 6.2930798340e+02 6.2941900635e+02 6.2953698730e+02 6.2971099854e+02 6.2986999512e+02 6.2998101807e+02 6.3008398438e+02 6.3021398926e+02 6.3041802979e+02 6.3064599609e+02 6.3085498047e+02 6.3102801514e+02 6.3113500977e+02 6.3127197266e+02 6.3140899658e+02 6.3155902100e+02 6.3173498535e+02 6.3187799072e+02 6.3201501465e+02 6.3213702393e+02 6.3221197510e+02 6.3238397217e+02 6.3258398438e+02 6.3276898193e+02 6.3294299316e+02 6.3313000488e+02 6.3331402588e+02 6.3348901367e+02 6.3366101074e+02 6.3381298828e+02 6.3395898438e+02 6.3413800049e+02 6.3426898193e+02 6.3445300293e+02 6.3471099854e+02 6.3496997070e+02 6.3515600586e+02
6.2734600830e+02 6.2748901367e+02 6.2765197754e+02 6.2785498047e+02 6.2807800293e+02 6.2827502441e+02 6.2845202637e+02 6.2858898926e+02 6.2871002197e+02 6.2889398193e+02 6.2906201172e+02 6.2925598145e+02 6.2948498535e+02 6.2966699219e+02 6.2978698730e+02 6.2988702393e+02 6.3001000977e+02 6.3020098877e+02 6.3044000244e+02 6.3067199707e+02 6.3088397217e+02 6.3108502197e+02 6.3124597168e+02 6.3138598633e+02 6.3150097656e+02 6.3162799072e+02 6.3178698730e+02 6.3195501709e+02 6.3209399414e+02 6.3213397217e+02 6.3221099854e+02 6.3233001709e+02 6.3247900391e+02 6.3262200928e+02 6.3282598877e+02 6.3303802490e+02 6.3320501709e+02 6.3335900879e+02 6.3350500488e+02 6.3364801025e+02 6.3380200195e+02 6.3393701172e+02 6.3409399414e+02 6.3432299805e+02 6.3458300781e+02 6.3482299805e+02
6.2708801270e+02 6.2721099854e+02 6.2733801270e+02 6.2752099609e+02 6.2775500488e+02 6.2794000244e+02 6.2810998535e+02 6.2825000000e+02 6.2839099121e+02 6.2857501221e+02 6.2873797607e+02 6.2893200684e+02 6.2916601563e+02 6.2935900879e+02 6.2950799561e+02 6.2964300537e+02 6.2979302979e+02 6.2998199463e+02 6.3020800781e+02 6.3042999268e+02 6.3062902832e+02 6.3083898926e+02 6.3104797363e+02 6.3123999023e+02 6.3139202881e+02 6.3152697754e+02 6.3167199707e+02 6.3182202148e+02 6.3197302246e+02 6.3203900146e+02 6.3210198975e+02 6.3218902588e+02 6.3229699707e+02 6.3238702393e+02 6.3253802490e+02 6.3271398926e+02 6.3287097168e+02 6.3300402832e+02 6.3313500977e+02 6.3326898193e+02 6.3342498779e+02 6.3358801270e+02 6.3377099609e+02 6.3398297119e+02 6.3420202637e+02 6.3451702881e+02
6.2680401611e+02 6.2695501709e+02 6.2708398438e+02 6.2725000000e+02 6.2746600342e+02 6.2763897705e+02 6.2780200195e+02 6.2795098877e+02 6.2811602783e+02 6.2829602051e+02 6.2844299316e+02 6.2861401367e+02 6.2881896973e+02 6.2901898193e+02 6.2920300293e+02 6.2937902832e+02 6.2956701660e+02 6.2975701904e+02 6.2996600342e+02 6.3017700195e+02 6.3035797119e+02 6.3053497314e+02 6.3074700928e+02 6.3096002197e+02 6.3116497803e+02 6.3130798340e+02 6.3143298340e+02 6.3156298828e+02 6.3172802734e+02 6.3184698486e+02 6.3193902588e+02 6.3203997803e+02 6.3215100098e+02 6.3221899414e+02 6.3231298828e+02 6.3242401123e+02 6.3254302979e+02 6.3266900635e+02 6.3279302979e+02 6.3292602539e+02 6.3309600830e+02 6.3330102539e+02 6.3348699951e+02 6.3364501953e+02 6.3378302002e+02 6.3406201172e+02
6.2646997070e+02 6.2668402100e+02 6.2685998535e+02 6.2703002930e+02 6.2721099854e+02 6.2736798096e+02 6.2751397705e+02 6.2765100098e+02 6.2778497314e+02 6.2796899414e+02 6.2813397217e+02 6.2830798340e+02 6.2849499512e+02 6.2871600342e+02 6.2892797852e+02 6.2913000488e+02 6.2931097412e+02 6.2949200439e+02 6.2969500732e+02 6.2991101074e+02 6.3014099121e+02 6.3032202148e+02 6.3048400879e+02 6.3065899658e+02 6.3087500000e+02 6.3103399658e+02 6.3115502930e+02 6.3128198242e+02 6.3144500732e+02 6.3155603027e+02 6.3166802979e+02 6.3178698730e+02 6.3191101074e+02 6.3204998779e+02 6.3214599609e+02 6.3223699951e+02 6.3238800049e+02 6.3245800781e+02 6.3257098389e+02 6.3269201660e+02 6.3288201904e+02 6.3310498047e+02 6.3325299072e+02 6.3333300781e+02 6.3337402344e+02 6.3342602539e+02
6.2630401611e+02 6.2647198486e+02 6.2663397217e+02 6.2676702881e+02 6.2690301514e+02 6.2706597900e+02 6.2722100830e+02 6.2736700439e+02 6.2751300049e+02 6.2769299316e+02 6.2787402344e+02 6.2804602051e+02 6.2821899414e+02 6.2843298340e+02 6.2865399170e+02 6.2886102295e+02 6.2904602051e+02 6.2922198486e+02 6.2941400146e+02 6.2960601807e+02 6.2981201172e+02 6.3003100586e+02 6.3021197510e+02 6.3037097168e+02 6.3053497314e+02 6.3071697998e+02 6.3087799072e+02 6.3103900146e+02 6.3121002197e+02 6.3131500244e+02 6.3140802002e+02 6.3149798584e+02 6.3160900879e+02 6.3172698975e+02 6.3185699463e+02 6.3200500488e+02 6.3217999268e+02 6.3232800293e+02 6.3243402100e+02 6.3251300049e+02 6.3266302490e+02 6.3284802246e+02 6.3296697998e+02 6.3307000732e+02 6.3316302490e+02 6.3322900391e+02
6.2610797119e+02 6.2626702881e+02 6.2641198730e+02 6.2652398682e+02 6.2662799072e+02 6.2677697754e+02 6.2693298340e+02 6.2709197998e+02 6.2725299072e+02 6.2744500732e+02 6.2765002441e+02 6.2783502197e+02 6.2797998047e+02 6.2816302490e+02 6.2837799072e+02 6.2859100342e+02 6.2878302002e+02 6.2895501709e+02 6.2914099121e+02 6.2932098389e+02 6.2949798584e+02 6.2969000244e+02 6.2987902832e+02 6.3004797363e+02 6.3020898438e+02 6.3040802002e+02 6.3056799316e+02 6.3073602295e+02 6.3093298340e+02 6.3107098389e+02 6.3116497803e+02 6.3124499512e+02 6.3134301758e+02 6.3143298340e+02 6.3154101563e+02 6.3166900635e+02 6.3183502197e+02 6.3199597168e+02 6.3214501953e+02 6.3226898193e+02 6.3240899658e+02 6.3253900146e+02 6.3264398193e+02 6.3276000977e+02 6.3289898682e+02 6.3303198242e+02
6.2587500000e+02 6.2604302979e+02 6.2619598389e+02 6.2631896973e+02 6.2641802979e+02 6.2653497314e+02 6.2667102051e+02 6.2683099365e+02 6.2700598145e+02 6.2719500732e+02 6.2740997314e+02 6.2760797119e+02 6.2775201416e+02 6.2791699219e+02 6.2811999512e+02 6.2832897949e+02 6.2851599121e+02 6.2867297363e+02 6.2884899902e+02 6.2902502441e+02 6.2919799805e+02 6.2936999512e+02 6.2955499268e+02 6.2972802734e+02 6.2989697266e+02 6.3011798096e+02 6.3028002930e+02 6.3044097900e+02 6.3062500000e+02 6.3077600098e+02 6.3088000488e+02 6.3096801758e+02 6.3108001709e+02 6.3117498779e+02 6.3127099609e+02 6.3137597656e+02 6.3148797607e+02 6.3160601807e+02 6.3177197266e+02 6.3194396973e+02 6.3211901855e+02 6.3226702881e+02 6.3238098145e+02 6.3248498535e+02 6.3261102295e+02 6.3277899170e+02
6.2564501953e+02 6.2580798340e+02 6.2597998047e+02 6.2613897705e+02 6.2627697754e+02 6.2633599854e+02 6.2643701172e+02 6.2658697510e+02 6.2676898193e+02 6.2695599365e+02 6.2716101074e+02 6.2734301758e+02 6.2748498535e+02 6.2765997314e+02 6.2786102295e+02 6.2806896973e+02 6.2824499512e+02 6.2836999512e+02 6.2852502441e+02 6.2869702148e+02 6.2888098145e+02 6.2908599854e+02 6.2927600098e+02 6.2945202637e+02 6.2960601807e+02 6.2978100586e+02 6.2995599365e+02 6.3013500977e+02 6.3032202148e+02 6.3043402100e+02 6.3054101563e+02 6.3064501953e+02 6.3074298096e+02 6.3088299561e+02 6.3101800537e+02 6.3114398193e+02 6.3128399658e+02 6.3138500977e+02 6.3151800537e+02 6.3165399170e+02 6.3180102539e+02 6.3198297119e+02 6.3212200928e+02 6.3223797607e+02 6.3236798096e+02 6.3253100586e+02
6.2547601318e+02 6.2564099121e+02 6.2578002930e+02 6.2588201904e+02 6.2599902344e+02 6.2611199951e+02 6.2621899414e+02 6.2635699463e+02 6.2650598145e+02 6.2666400146e+02 6.2686102295e+02 6.2704302979e+02 6.2720697021e+02 6.2736499023e+02 6.2756298828e+02 6.2777099609e+02 6.2793200684e+02 6.2806597900e+02 6.2822601318e+02 6.2840600586e+02 6.2859899902e+02 6.2878900146e+02 6.2896801758e+02 6.2917700195e+02 6.2937799072e+02 6.2953698730e+02 6.2965802002e+02 6.2977301025e+02 6.2991802979e+02 6.3006597900e+02 6.3022302246e+02 6.3038098145e+02 6.3050299072e+02 6.3060998535e+02 6.3072998047e+02 6.3085699463e+02 6.3102398682e+02 6.3116900635e+02 6.3129498291e+02 6.3142199707e+02 6.3156298828e+02 6.3170697021e+02 6.3183697510e+02 6.3197900391e+02 6.3212902832e+02 6.3224902344e+02
6.2527899170e+02 6.2543499756e+02 6.2555297852e+02 6.2561499023e+02 6.2569598389e+02 6.2583502197e+02 6.2596899414e+02 6.2611199951e+02 6.2624298096e+02 6.2637097168e+02 6.2653698730e+02 6.2671099854e+02 6.2690600586e+02 6.2706500244e+02 6.2724700928e+02 6.2744097900e+02 6.2760198975e+02 6.2775897217e+02 6.2793597412e+02 6.2812200928e+02 6.2830603027e+02 6.2848199463e+02 6.2864300537e+02 6.2884002686e+02 6.2905401611e+02 6.2922302246e+02 6.2935699463e+02 6.2947399902e+02 6.2959600830e+02 6.2973999023e+02 6.2989001465e+02 6.3005102539e+02 6.3019201660e+02 6.3030603027e+02 6.3043499756e+02 6.3057501221e+02 6.3074298096e+02 6.3086499023e+02 6.3096600342e+02 6.3108599854e+02 6.3127301025e+02 6.3145898438e+02 6.3159301758e+02 6.3172802734e+02 6.3187097168e+02 6.3200598145e+02
6.2508197021e+02 6.2521099854e+02 6.2532501221e+02 6.2538500977e+02 6.2543902588e+02 6.2555798340e+02 6.2569299316e+02 6.2583697510e+02 6.2596099854e+02 6.2608001709e+02 6.2623797607e+02 6.2641400146e+02 6.2661602783e+02 6.2676202393e+02 6.2692297363e+02 6.2710498047e+02 6.2728302002e+02 6.2745697021e+02 6.2763897705e+02 6.2781201172e+02 6.2796801758e+02 6.2814697266e+02 6.2831701660e+02 6.2850097656e+02 6.2868402100e+02 6.2884301758e+02 6.2901898193e+02 6.2919299316e+02 6.2932897949e+02 6.2945501709e+02 6.2957000732e+02 6.2969500732e+02 6.2984197998e+02 6.2997302246e+02 6.3011297607e+02 6.3025598145e+02 6.3040698242e+02 6.3052502441e+02 6.3063299561e+02 6.3072802734e+02 6.3089001465e+02 6.3111499023e+02 6.3127502441e+02 6.3141497803e+02 6.3154101563e+02 6.3169299316e+02
