TESTSERVER/11/7.asc
NCOLS 100
NROWS 100
XLLCORNER 8.0497500000e+03
YLLCORNER 2.8960025000e+05
CELLSIZE 5.0000000000e-01
NODATA_VALUE -9.9990000000e+03
[rows 0 to 19 of 100, columns 46 to 91 of 100]
6.3562402344e+02 6.3589898682e+02 6.3617199707e+02 6.3641497803e+02 6.3661901855e+02 6.3686901855e+02 6.3711901855e+02 6.3735400391e+02 6.3757299805e+02 6.3776898193e+02 6.3798797607e+02 6.3819598389e+02 6.3837902832e+02 6.3861901855e+02 6.3887200928e+02 6.3910998535e+02 6.3932397461e+02 6.3954101563e+02 6.3975402832e+02 6.3991802979e+02 6.4004998779e+02 6.4018298340e+02 6.4031097412e+02 6.4044799805e+02 6.4061602783e+02 6.4079199219e+02 6.4092999268e+02 6.4104901123e+02 6.4116900635e+02 6.4131896973e+02 6.4149798584e+02 6.4168402100e+02 6.4185198975e+02 6.4206097412e+02 6.4228002930e+02 6.4245800781e+02 6.4259600830e+02 6.4279797363e+02 6.4298297119e+02 6.4318298340e+02 6.4341497803e+02 6.4363201904e+02 6.4381701660e+02 6.4399298096e+02 6.4417700195e+02 6.4440997314e+02
6.3530102539e+02 6.3556097412e+02 6.3584301758e+02 6.3610498047e+02 6.3631701660e+02 6.3655102539e+02 6.3680798340e+02 6.3705200195e+02 6.3725097656e+02 6.3744000244e+02 6.3765502930e+02 6.3786700439e+02 6.3805401611e+02 6.3828900146e+02 6.3854602051e+02 6.3879699707e+02 6.3903698730e+02 6.3928900146e+02 6.3949298096e+02 6.3963800049e+02 6.3976599121e+02 6.3991101074e+02 6.4002502441e+02 6.4014001465e+02 6.4028198242e+02 6.4043701172e+02 6.4058099365e+02 6.4071997070e+02 6.4085797119e+02 6.4101702881e+02 6.4117297363e+02 6.4133197021e+02 6.4149700928e+02 6.4170300293e+02 6.4191400146e+02 6.4208300781e+02 6.4222399902e+02 6.4241198730e+02 6.4259197998e+02 6.4276202393e+02 6.4294396973e+02 6.4315197754e+02 6.4337200928e+02 6.4359698486e+02 6.4382000732e+02 6.4407598877e+02
6.3499200439e+02 6.3525402832e+02 6.3553900146e+02 6.3580999756e+02 6.3603002930e+02 6.3624700928e+02 6.3648498535e+02 6.3671197510e+02 6.3691101074e+02 6.3711102295e+02 6.3732800293e+02 6.3754602051e+02 6.3774597168e+02 6.3798297119e+02 6.3823999023e+02 6.3849597168e+02 6.3874102783e+02 6.3898297119e+02 6.3917999268e+02 6.3932598877e+02 6.3946502686e+02 6.3960900879e+02 6.3971600342e+02 6.3981799316e+02 6.3994500732e+02 6.4008300781e+02 6.4022399902e+02 6.4036700439e+02 6.4051300049e+02 6.4068798828e+02 6.4085601807e+02 6.4102502441e+02 6.4119598389e+02 6.4136401367e+02 6.4154998779e+02 6.4172399902e+02 6.4188397217e+02 6.4205999756e+02 6.4223602295e+02 6.4239398193e+02 6.4254602051e+02 6.4273498535e+02 6.4294097900e+02 6.4315997314e+02 6.4338299561e+02 6.4362200928e+02
6.3468902588e+02 6.3494702148e+02 6.3522399902e+02 6.3549597168e+02 6.3572198486e+02 6.3594000244e+02 6.3616198730e+02 6.3636999512e+02 6.3658197021e+02 6.3680200195e+02 6.3702197266e+02 6.3724102783e+02 6.3744799805e+02 6.3768499756e+02 6.3793298340e+02 6.3818298340e+02 6.3843798828e+02 6.3867297363e+02 6.3885400391e+02 6.3899798584e+02 6.3914300537e+02 6.3926898193e+02 6.3937902832e+02 6.3948901367e+02 6.3961499023e+02 6.3974902344e+02 6.3988500977e+02 6.4003100586e+02 6.4018402100e+02 6.4036199951e+02 6.4054901123e+02 6.4074200439e+02 6.4092602539e+02 6.4107598877e+02 6.4124102783e+02 6.4141302490e+02 6.4158099365e+02 6.4174401855e+02 6.4191802979e+02 6.4208099365e+02 6.4222900391e+02 6.4239697266e+02 6.4257598877e+02 6.4276501465e+02 6.4294299316e+02 6.4312597656e+02
6.3438098145e+02 6.3463201904e+02 6.3488800049e+02 6.3514398193e+02 6.3538000488e+02 6.3564099121e+02 6.3586999512e+02 6.3607000732e+02 6.3627099609e+02 6.3650097656e+02 6.3671899414e+02 6.3692700195e+02 6.3713500977e+02 6.3737799072e+02 6.3761102295e+02 6.3783697510e+02 6.3806799316e+02 6.3833197021e+02 6.3850097656e+02 6.3865197754e+02 6.3879998779e+02 6.3891302490e+02 6.3904199219e+02 6.3917199707e+02 6.3931201172e+02 6.3946899414e+02 6.3959997559e+02 6.3973901367e+02 6.3990899658e+02 6.4007299805e+02 6.4025500488e+02 6.4044598389e+02 6.4062799072e+02 6.4082397461e+02 6.4098498535e+02 6.4114001465e+02 6.4129797363e+02 6.4143701172e+02 6.4159802246e+02 6.4176397705e+02 6.4191101074e+02 6.4208801270e+02 6.4227398682e+02 6.4246301270e+02 6.4264300537e+02 6.4275897217e+02
6.3407098389e+02 6.3432000732e+02 6.3456896973e+02 6.3481896973e+02 6.3507202148e+02 6.3533599854e+02 6.3556799316e+02 6.3576800537e+02 6.3595202637e+02 6.3617401123e+02 6.3638397217e+02 6.3658898926e+02 6.3679400635e+02 6.3701898193e+02 6.3724700928e+02 6.3746697998e+02 6.3770001221e+02 6.3793597412e+02 6.3811199951e+02 6.3828997803e+02 6.3846002197e+02 6.3859899902e+02 6.3873602295e+02 6.3886700439e+02 6.3901702881e+02 6.3920001221e+02 6.3934497070e+02 6.3948699951e+02 6.3964501953e+02 6.3979302979e+02 6.3997998047e+02 6.4017999268e+02 6.4035998535e+02 6.4054400635e+02 6.4070697021e+02 6.4087500000e+02 6.4104797363e+02 6.4116699219e+02 6.4128302002e+02 6.4140997314e+02 6.4154498291e+02 6.4171801758e+02 6.4192199707e+02 6.4212701416e+02 6.4231799316e+02 6.4248199463e+02
6.3376000977e+02 6.3400000000e+02 6.3424499512e+02 6.3449298096e+02 6.3474298096e+02 6.3500402832e+02 6.3524200439e+02 6.3545098877e+02 6.3563397217e+02 6.3583001709e+02 6.3603002930e+02 6.3624102783e+02 6.3645697021e+02 6.3666699219e+02 6.3687597656e+02 6.3708697510e+02 6.3732098389e+02 6.3753997803e+02 6.3772302246e+02 6.3791802979e+02 6.3810900879e+02 6.3826702881e+02 6.3841601563e+02 6.3855999756e+02 6.3872399902e+02 6.3892498779e+02 6.3910400391e+02 6.3927502441e+02 6.3943798828e+02 6.3956701660e+02 6.3973699951e+02 6.3992700195e+02 6.4009399414e+02 6.4026702881e+02 6.4044000244e+02 6.4061297607e+02 6.4077301025e+02 6.4088000488e+02 6.4097900391e+02 6.4109100342e+02 6.4121197510e+02 6.4136700439e+02 6.4156298828e+02 6.4176202393e+02 6.4195098877e+02 6.4212597656e+02
6.3345300293e+02 6.3368402100e+02 6.3392102051e+02 6.3416101074e+02 6.3440100098e+02 6.3465100098e+02 6.3489501953e+02 6.3511901855e+02 6.3530999756e+02 6.3548400879e+02 6.3567602539e+02 6.3589398193e+02 6.3612200928e+02 6.3632800293e+02 6.3652697754e+02 6.3672399902e+02 6.3694000244e+02 6.3716601563e+02 6.3735900879e+02 6.3755798340e+02 6.3775299072e+02 6.3791998291e+02 6.3808099365e+02 6.3823999023e+02 6.3842199707e+02 6.3863397217e+02 6.3883599854e+02 6.3903698730e+02 6.3922698975e+02 6.3934802246e+02 6.3948199463e+02 6.3964599609e+02 6.3981799316e+02 6.4000201416e+02 6.4019097900e+02 6.4036297607e+02 6.4049102783e+02 6.4057897949e+02 6.4066601563e+02 6.4076898193e+02 6.4088098145e+02 6.4101000977e+02 6.4118298340e+02 6.4137200928e+02 6.4156701660e+02 6.4175299072e+02
6.3314202881e+02 6.3337799072e+02 6.3360601807e+02 6.3383398438e+02 6.3406597900e+02 6.3429797363e+02 6.3453802490e+02 6.3476800537e+02 6.3497198486e+02 6.3515399170e+02 6.3534698486e+02 6.3556097412e+02 6.3577697754e+02 6.3600500488e+02 6.3621301270e+02 6.3640197754e+02 6.3659301758e+02 6.3682397461e+02 6.3702301025e+02 6.3721002197e+02 6.3741400146e+02 6.3759100342e+02 6.3775799561e+02 6.3793103027e+02 6.3812097168e+02 6.3832800293e+02 6.3852398682e+02 6.3872302246e+02 6.3891900635e+02 6.3907098389e+02 6.3919000244e+02 6.3933599854e+02 6.3952301025e+02 6.3971997070e+02 6.3991998291e+02 6.4010101318e+02 6.4024298096e+02 6.4030297852e+02 6.4035900879e+02 6.4043298340e+02 6.4052801514e+02 6.4063897705e+02 6.4079302979e+02 6.4097100830e+02 6.4116497803e+02 6.4140100098e+02
6.3285498047e+02 6.3308099365e+02 6.3330200195e+02 6.3352001953e+02 6.3374200439e+02 6.3397399902e+02 6.3420501709e+02 6.3443103027e+02 6.3464300537e+02 6.3483697510e+02 6.3503399658e+02 6.3524102783e+02 6.3545800781e+02 6.3567797852e+02 6.3588201904e+02 6.3606799316e+02 6.3625598145e+02 6.3648602295e+02 6.3668701172e+02 6.3687902832e+02 6.3709002686e+02 6.3727899170e+02 6.3745300293e+02 6.3762097168e+02 6.3780798340e+02 6.3801898193e+02 6.3821197510e+02 6.3839599609e+02 6.3858099365e+02 6.3874597168e+02 6.3889599609e+02 6.3906097412e+02 6.3923901367e+02 6.3941601563e+02 6.3960198975e+02 6.3977600098e+02 6.3993701172e+02 6.4002301025e+02 6.4007098389e+02 6.4013098145e+02 6.4022497559e+02 6.4033898926e+02 6.4048901367e+02 6.4066699219e+02 6.4087500000e+02 6.4109899902e+02
6.3258001709e+02 6.3279602051e+02 6.3300402832e+02 6.3321099854e+02 6.3341998291e+02 6.3364398193e+02 6.3387200928e+02 6.3409698486e+02 6.3431500244e+02 6.3452502441e+02 6.3472900391e+02 6.3493798828e+02 6.3515301514e+02 6.3536499023e+02 6.3556799316e+02 6.3576000977e+02 6.3594897461e+02 6.3615997314e+02 6.3635797119e+02 6.3655401611e+02 6.3676800537e+02 6.3697100830e+02 6.3715502930e+02 6.3732299805e+02 6.3750000000e+02 6.3769598389e+02 6.3788397217e+02 6.3806799316e+02 6.3825000000e+02 6.3842498779e+02 6.3859399414e+02 6.3877301025e+02 6.3893597412e+02 6.3909100342e+02 6.3926397705e+02 6.3943103027e+02 6.3959399414e+02 6.3970397949e+02 6.3976702881e+02 6.3983697510e+02 6.3995098877e+02 6.4008898926e+02 6.4022100830e+02 6.4037298584e+02 6.4058001709e+02 6.4080297852e+02
6.3231799316e+02 6.3252001953e+02 6.3271301270e+02 6.3290502930e+02 6.3310101318e+02 6.3331597900e+02 6.3353698730e+02 6.3376098633e+02 6.3398999023e+02 6.3421398926e+02 6.3441900635e+02 6.3462799072e+02 6.3484600830e+02 6.3505499268e+02 6.3526300049e+02 6.3547399902e+02 6.3568402100e+02 6.3588000488e+02 6.3605999756e+02 6.3623999023e+02 6.3643798828e+02 6.3664599609e+02 6.3684100342e+02 6.3702197266e+02 6.3720697021e+02 6.3739099121e+02 6.3757299805e+02 6.3775500488e+02 6.3793798828e+02 6.3811199951e+02 6.3828302002e+02 6.3845697021e+02 6.3860900879e+02 6.3875299072e+02 6.3891302490e+02 6.3907098389e+02 6.3922900391e+02 6.3935998535e+02 6.3944799805e+02 6.3954302979e+02 6.3968597412e+02 6.3986602783e+02 6.3999298096e+02 6.4011102295e+02 6.4029302979e+02 6.4049798584e+02
6.3207098389e+02 6.3225000000e+02 6.3242700195e+02 6.3260498047e+02 6.3278100586e+02 6.3298901367e+02 6.3320898438e+02 6.3343402100e+02 6.3367401123e+02 6.3389501953e+02 6.3409802246e+02 6.3430499268e+02 6.3453698730e+02 6.3471801758e+02 6.3491998291e+02 6.3514801025e+02 6.3539398193e+02 6.3561401367e+02 6.3578497314e+02 6.3594097900e+02 6.3609802246e+02 6.3629797363e+02 6.3650097656e+02 6.3670800781e+02 6.3691900635e+02 6.3711499023e+02 6.3728997803e+02 6.3746301270e+02 6.3764300537e+02 6.3780999756e+02 6.3796899414e+02 6.3812097168e+02 6.3825897217e+02 6.3840899658e+02 6.3855902100e+02 6.3871099854e+02 6.3886901855e+02 6.3901599121e+02 6.3913000488e+02 6.3924597168e+02 6.3938598633e+02 6.3958599854e+02 6.3973498535e+02 6.3986401367e+02 6.4001702881e+02 6.4019897461e+02
6.3180297852e+02 6.3196997070e+02 6.3214099121e+02 6.3231298828e+02 6.3248101807e+02 6.3267700195e+02 6.3289001465e+02 6.3310601807e+02 6.3333001709e+02 6.3355401611e+02 6.3376501465e+02 6.3397698975e+02 6.3419000244e+02 6.3437597656e+02 6.3456402588e+02 6.3477899170e+02 6.3503399658e+02 6.3527899170e+02 6.3548797607e+02 6.3566601563e+02 6.3582202148e+02 6.3600097656e+02 6.3618902588e+02 6.3639202881e+02 6.3660302734e+02 6.3679400635e+02 6.3696697998e+02 6.3714001465e+02 6.3732000732e+02 6.3749700928e+02 6.3765698242e+02 6.3780401611e+02 6.3793798828e+02 6.3807897949e+02 6.3823101807e+02 6.3838702393e+02 6.3855499268e+02 6.3870898438e+02 6.3884002686e+02 6.3896398926e+02 6.3908697510e+02 6.3922900391e+02 6.3938397217e+02 6.3955603027e+02 6.3975201416e+02 6.3997399902e+02
6.3153198242e+02 6.3168597412e+02 6.3184899902e+02 6.3201397705e+02 6.3217602539e+02 6.3236297607e+02 6.3256097412e+02 6.3276098633e+02 6.3296697998e+02 6.3317797852e+02 6.3337597656e+02 6.3357800293e+02 6.3378497314e+02 6.3398498535e+02 6.3418200684e+02 6.3439898682e+02 6.3465197754e+02 6.3491497803e+02 6.3515502930e+02 6.3536199951e+02 6.3553601074e+02 6.3570300293e+02 6.3587298584e+02 6.3606201172e+02 6.3625799561e+02 6.3643499756e+02 6.3660900879e+02 6.3679101563e+02 6.3698101807e+02 6.3716802979e+02 6.3733599854e+02 6.3748901367e+02 6.3762200928e+02 6.3776202393e+02 6.3792102051e+02 6.3808502197e+02 6.3826000977e+02 6.3842700195e+02 6.3857098389e+02 6.3870697021e+02 6.3883697510e+02 6.3895397949e+02 6.3908697510e+02 6.3925598145e+02 6.3945501709e+02 6.3966400146e+02
6.3125500488e+02 6.3139898682e+02 6.3155297852e+02 6.3171002197e+02 6.3186798096e+02 6.3204699707e+02 6.3222998047e+02 6.3240997314e+02 6.3259100342e+02 6.3277099609e+02 6.3294500732e+02 6.3313201904e+02 6.3333099365e+02 6.3355401611e+02 6.3377197266e+02 6.3400201416e+02 6.3425598145e+02 6.3451397705e+02 6.3476800537e+02 6.3499902344e+02 6.3520501709e+02 6.3536199951e+02 6.3551599121e+02 6.3569201660e+02 6.3587597656e+02 6.3604699707e+02 6.3622698975e+02 6.3641802979e+02 6.3661700439e+02 6.3681500244e+02 6.3699499512e+02 6.3715997314e+02 6.3730102539e+02 6.3744799805e+02 6.3761499023e+02 6.3778900146e+02 6.3797601318e+02 6.3815698242e+02 6.3831500244e+02 6.3845898438e+02 6.3860498047e+02 6.3873101807e+02 6.3884497070e+02 6.3899499512e+02 6.3916302490e+02 6.3931500244e+02
6.3098400879e+02 6.3110601807e+02 6.3124499512e+02 6.3138800049e+02 6.3154101563e+02 6.3173297119e+02 6.3189300537e+02 6.3204498291e+02 6.3215997314e+02 6.3232000732e+02 6.3247698975e+02 6.3265899658e+02 6.3286901855e+02 6.3310699463e+02 6.3334997559e+02 6.3360302734e+02 6.3385699463e+02 6.3409399414e+02 6.3433502197e+02 6.3458099365e+02 6.3481896973e+02 6.3497100830e+02 6.3511401367e+02 6.3527600098e+02 6.3545098877e+02 6.3564202881e+02 6.3583300781e+02 6.3603302002e+02 6.3622601318e+02 6.3641998291e+02 6.3661401367e+02 6.3680200195e+02 6.3697100830e+02 6.3713000488e+02 6.3731402588e+02 6.3750598145e+02 6.3772497559e+02 6.3789801025e+02 6.3805902100e+02 6.3820001221e+02 6.3830401611e+02 6.3846600342e+02 6.3860198975e+02 6.3875402832e+02 6.3893499756e+02 6.3904797363e+02
6.3072198486e+02 6.3082098389e+02 6.3094702148e+02 6.3108300781e+02 6.3124102783e+02 6.3141802979e+02 6.3156402588e+02 6.3169702148e+02 6.3180200195e+02 6.3191900635e+02 6.3209399414e+02 6.3229699707e+02 6.3251098633e+02 6.3271099854e+02 6.3295098877e+02 6.3321301270e+02 6.3346502686e+02 6.3367901611e+02 6.3389001465e+02 6.3412402344e+02 6.3437298584e+02 6.3455200195e+02 6.3469500732e+02 6.3484698486e+02 6.3503601074e+02 6.3522698975e+02 6.3541900635e+02 6.3561798096e+02 6.3580603027e+02 6.3598699951e+02 6.3618597412e+02 6.3638897705e+02 6.3658898926e+02 6.3677697754e+02 6.3697601318e+02 6.3718103027e+02 6.3741400146e+02 6.3763098145e+02 6.3779199219e+02 6.3791900635e+02 6.3801599121e+02 6.3815502930e+02 6.3830499268e+02 6.3846502686e+02 6.3865002441e+02 6.3880603027e+02
6.3042700195e+02 6.3052600098e+02 6.3065600586e+02 6.3079699707e+02 6.3094799805e+02 6.3111199951e+02 6.3125402832e+02 6.3138000488e+02 6.3147601318e+02 6.3160302734e+02 6.3179400635e+02 6.3200701904e+02 6.3221197510e+02 6.3238397217e+02 6.3260400391e+02 6.3285302734e+02 6.3309497070e+02 6.3328997803e+02 6.3347900391e+02 6.3369000244e+02 6.3394702148e+02 6.3414300537e+02 6.3428900146e+02 6.3443597412e+02 6.3461499023e+02 6.3479199219e+02 6.3497601318e+02 6.3517199707e+02 6.3537500000e+02 6.3556799316e+02 6.3577197266e+02 6.3598199463e+02 6.3620300293e+02 6.3641198730e+02 6.3661798096e+02 6.3682598877e+02 6.3707598877e+02 6.3732098389e+02 6.3749102783e+02 6.3762701416e+02 6.3772802734e+02 6.3786297607e+02 6.3802001953e+02 6.3818701172e+02 6.3836499023e+02 6.3852801514e+02
6.3009002686e+02 6.3021099854e+02 6.3035302734e+02 6.3050799561e+02 6.3065997314e+02 6.3081597900e+02 6.3095800781e+02 6.3108300781e+02 6.3118597412e+02 6.3133001709e+02 6.3153002930e+02 6.3174700928e+02 6.3194396973e+02 6.3209997559e+02 6.3230200195e+02 6.3253497314e+02 6.3276300049e+02 6.3295098877e+02 6.3311999512e+02 6.3331097412e+02 6.3355999756e+02 6.3377099609e+02 6.3392498779e+02 6.3407098389e+02 6.3423400879e+02 6.3438897705e+02 6.3455700684e+02 6.3474200439e+02 6.3496301270e+02 6.3517199707e+02 6.3537701416e+02 6.3559002686e+02 6.3582202148e+02 6.3604302979e+02 6.3625097656e+02 6.3645800781e+02 6.3671002197e+02 6.3696697998e+02 6.3715100098e+02 6.3730499268e+02 6.3742700195e+02 6.3756799316e+02 6.3772698975e+02 6.3789501953e+02 6.3806402588e+02 6.3824401855e+02
