TESTSERVER/11/8.asc
NCOLS 100
NROWS 100
XLLCORNER 8.0497500000e+03
YLLCORNER 2.8955025000e+05
CELLSIZE 5.0000000000e-01
NODATA_VALUE -9.9990000000e+03
[rows 20 to 39 of 100, columns 46 to 91 of 100]
6.1089300537e+02 6.1096801758e+02 6.1102600098e+02 6.1106896973e+02 6.1113299561e+02 6.1120202637e+02 6.1126599121e+02 6.1132800293e+02 6.1138500977e+02 6.1144598389e+02 6.1148498535e+02 6.1152099609e+02 6.1155200195e+02 6.1154602051e+02 6.1159497070e+02 6.1167999268e+02 6.1171697998e+02 6.1175701904e+02 6.1176898193e+02 6.1179602051e+02 6.1184197998e+02 6.1189697266e+02 6.1195202637e+02 6.1199200439e+02 6.1202600098e+02 6.1205798340e+02 6.1210198975e+02 6.1216699219e+02 6.1225097656e+02 6.1234301758e+02 6.1240197754e+02 6.1248297119e+02 6.1253198242e+02 6.1258898926e+02 6.1270098877e+02 6.1280798340e+02 6.1289599609e+02 6.1297601318e+02 6.1304498291e+02 6.1313299561e+02 6.1320898438e+02 6.1330999756e+02 6.1340002441e+02 6.1349401855e+02 6.1362402344e+02 6.1370098877e+02
6.1085601807e+02 6.1090301514e+02 6.1097302246e+02 6.1105297852e+02 6.1110797119e+02 6.1115502930e+02 6.1121398926e+02 6.1126501465e+02 6.1131896973e+02 6.1138000488e+02 6.1142901611e+02 6.1146502686e+02 6.1150201416e+02 6.1148999023e+02 6.1151898193e+02 6.1160400391e+02 6.1164599609e+02 6.1167498779e+02 6.1169097900e+02 6.1171899414e+02 6.1174597168e+02 6.1178100586e+02 6.1183398438e+02 6.1188397217e+02 6.1192199707e+02 6.1196301270e+02 6.1200701904e+02 6.1205499268e+02 6.1210998535e+02 6.1219897461e+02 6.1226702881e+02 6.1234002686e+02 6.1238702393e+02 6.1246398926e+02 6.1255401611e+02 6.1263598633e+02 6.1273101807e+02 6.1281701660e+02 6.1287597656e+02 6.1295697021e+02 6.1304302979e+02 6.1312902832e+02 6.1318298340e+02 6.1324700928e+02 6.1337298584e+02 6.1346197510e+02
6.1081799316e+02 6.1088500977e+02 6.1095098877e+02 6.1101800537e+02 6.1105102539e+02 6.1107702637e+02 6.1113702393e+02 6.1118701172e+02 6.1124499512e+02 6.1131402588e+02 6.1137200928e+02 6.1140899658e+02 6.1143902588e+02 6.1144000244e+02 6.1145599365e+02 6.1152502441e+02 6.1159002686e+02 6.1162298584e+02 6.1163000488e+02 6.1164001465e+02 6.1165002441e+02 6.1166497803e+02 6.1170697021e+02 6.1176202393e+02 6.1180297852e+02 6.1183001709e+02 6.1188098145e+02 6.1194201660e+02 6.1198797607e+02 6.1205603027e+02 6.1212500000e+02 6.1220300293e+02 6.1225598145e+02 6.1235400391e+02 6.1245202637e+02 6.1251898193e+02 6.1260797119e+02 6.1271197510e+02 6.1275701904e+02 6.1282501221e+02 6.1290802002e+02 6.1299401855e+02 6.1304101563e+02 6.1309399414e+02 6.1318402100e+02 6.1325000000e+02
6.1077099609e+02 6.1084802246e+02 6.1089501953e+02 6.1093402100e+02 6.1096301270e+02 6.1100402832e+02 6.1108001709e+02 6.1113500977e+02 6.1118103027e+02 6.1124499512e+02 6.1130999756e+02 6.1135198975e+02 6.1136798096e+02 6.1138299561e+02 6.1140197754e+02 6.1145397949e+02 6.1152099609e+02 6.1156597900e+02 6.1156597900e+02 6.1155798340e+02 6.1155798340e+02 6.1156701660e+02 6.1159997559e+02 6.1164801025e+02 6.1168597412e+02 6.1170501709e+02 6.1176300049e+02 6.1183398438e+02 6.1188800049e+02 6.1194702148e+02 6.1201599121e+02 6.1210101318e+02 6.1215197754e+02 6.1225000000e+02 6.1236297607e+02 6.1242401123e+02 6.1249102783e+02 6.1260198975e+02 6.1263702393e+02 6.1269598389e+02 6.1277801514e+02 6.1285699463e+02 6.1291400146e+02 6.1297601318e+02 6.1304699707e+02 6.1309802246e+02
6.1073999023e+02 6.1077301025e+02 6.1080798340e+02 6.1084899902e+02 6.1087799072e+02 6.1095098877e+02 6.1103802490e+02 6.1109399414e+02 6.1112097168e+02 6.1117199707e+02 6.1123101807e+02 6.1128302002e+02 6.1130102539e+02 6.1132501221e+02 6.1135498047e+02 6.1140301514e+02 6.1144500732e+02 6.1146600342e+02 6.1147698975e+02 6.1148498535e+02 6.1150000000e+02 6.1150598145e+02 6.1152398682e+02 6.1155798340e+02 6.1158801270e+02 6.1163000488e+02 6.1169097900e+02 6.1174102783e+02 6.1177502441e+02 6.1182702637e+02 6.1190502930e+02 6.1199298096e+02 6.1204199219e+02 6.1213702393e+02 6.1224597168e+02 6.1232397461e+02 6.1237902832e+02 6.1247802734e+02 6.1251397705e+02 6.1257897949e+02 6.1266802979e+02 6.1271398926e+02 6.1277099609e+02 6.1283398438e+02 6.1292297363e+02 6.1297601318e+02
6.1071099854e+02 6.1074597168e+02 6.1078100586e+02 6.1081597900e+02 6.1084399414e+02 6.1090100098e+02 6.1095397949e+02 6.1100799561e+02 6.1106201172e+02 6.1109997559e+02 6.1113098145e+02 6.1118798828e+02 6.1123297119e+02 6.1126800537e+02 6.1129302979e+02 6.1132299805e+02 6.1135498047e+02 6.1136602783e+02 6.1139501953e+02 6.1142401123e+02 6.1144097900e+02 6.1145202637e+02 6.1146398926e+02 6.1149298096e+02 6.1152502441e+02 6.1155798340e+02 6.1161602783e+02 6.1166302490e+02 6.1169201660e+02 6.1174499512e+02 6.1180297852e+02 6.1186999512e+02 6.1194201660e+02 6.1203100586e+02 6.1210198975e+02 6.1217999268e+02 6.1227001953e+02 6.1235699463e+02 6.1240600586e+02 6.1249499512e+02 6.1258898926e+02 6.1263598633e+02 6.1269799805e+02 6.1275402832e+02 6.1281701660e+02 6.1287298584e+02
6.1065899658e+02 6.1071398926e+02 6.1076300049e+02 6.1079602051e+02 6.1081500244e+02 6.1085302734e+02 6.1086901855e+02 6.1090100098e+02 6.1096502686e+02 6.1100598145e+02 6.1103900146e+02 6.1110302734e+02 6.1116198730e+02 6.1120800781e+02 6.1122698975e+02 6.1123797607e+02 6.1127001953e+02 6.1129101563e+02 6.1131701660e+02 6.1133697510e+02 6.1134301758e+02 6.1135900879e+02 6.1139801025e+02 6.1143701172e+02 6.1146502686e+02 6.1149499512e+02 6.1154901123e+02 6.1159698486e+02 6.1163299561e+02 6.1168701172e+02 6.1172302246e+02 6.1178100586e+02 6.1186798096e+02 6.1193402100e+02 6.1198297119e+02 6.1206402588e+02 6.1217199707e+02 6.1225701904e+02 6.1233099365e+02 6.1240997314e+02 6.1246899414e+02 6.1252001953e+02 6.1258300781e+02 6.1265002441e+02 6.1271997070e+02 6.1277001953e+02
6.1062500000e+02 6.1066198730e+02 6.1071197510e+02 6.1074902344e+02 6.1077899170e+02 6.1082800293e+02 6.1084997559e+02 6.1086901855e+02 6.1090502930e+02 6.1093798828e+02 6.1097601318e+02 6.1103698730e+02 6.1108697510e+02 6.1114398193e+02 6.1117498779e+02 6.1118798828e+02 6.1122802734e+02 6.1125897217e+02 6.1126702881e+02 6.1126202393e+02 6.1126800537e+02 6.1129101563e+02 6.1133197021e+02 6.1137200928e+02 6.1141101074e+02 6.1144097900e+02 6.1148999023e+02 6.1154199219e+02 6.1158300781e+02 6.1163500977e+02 6.1166101074e+02 6.1171197510e+02 6.1179101563e+02 6.1183801270e+02 6.1188897705e+02 6.1197698975e+02 6.1208801270e+02 6.1217700195e+02 6.1226000977e+02 6.1232000732e+02 6.1235601807e+02 6.1240802002e+02 6.1247198486e+02 6.1255200195e+02 6.1263299561e+02 6.1266802979e+02
6.1060400391e+02 6.1064801025e+02 6.1068701172e+02 6.1072698975e+02 6.1076501465e+02 6.1079797363e+02 6.1084301758e+02 6.1087902832e+02 6.1089001465e+02 6.1090802002e+02 6.1093798828e+02 6.1099200439e+02 6.1104699707e+02 6.1109399414e+02 6.1112097168e+02 6.1112799072e+02 6.1116101074e+02 6.1121398926e+02 6.1121899414e+02 6.1121502686e+02 6.1123199463e+02 6.1125897217e+02 6.1128399658e+02 6.1131402588e+02 6.1137500000e+02 6.1140802002e+02 6.1145800781e+02 6.1151300049e+02 6.1154699707e+02 6.1159497070e+02 6.1163000488e+02 6.1167901611e+02 6.1173797607e+02 6.1176397705e+02 6.1182702637e+02 6.1191497803e+02 6.1201397705e+02 6.1208001709e+02 6.1214697266e+02 6.1222198486e+02 6.1229400635e+02 6.1233197021e+02 6.1239697266e+02 6.1248699951e+02 6.1256701660e+02 6.1260101318e+02
6.1057702637e+02 6.1063702393e+02 6.1066998291e+02 6.1071099854e+02 6.1073498535e+02 6.1074597168e+02 6.1077197266e+02 6.1080102539e+02 6.1083697510e+02 6.1087799072e+02 6.1091101074e+02 6.1096502686e+02 6.1102099609e+02 6.1105297852e+02 6.1106896973e+02 6.1107299805e+02 6.1109399414e+02 6.1114398193e+02 6.1116601563e+02 6.1117999268e+02 6.1119897461e+02 6.1122497559e+02 6.1125201416e+02 6.1127801514e+02 6.1133599854e+02 6.1137402344e+02 6.1141699219e+02 6.1145501709e+02 6.1148101807e+02 6.1155200195e+02 6.1159698486e+02 6.1165002441e+02 6.1170202637e+02 6.1172601318e+02 6.1178497314e+02 6.1185699463e+02 6.1194000244e+02 6.1199499512e+02 6.1206500244e+02 6.1215600586e+02 6.1223297119e+02 6.1226501465e+02 6.1233197021e+02 6.1240997314e+02 6.1247698975e+02 6.1251202393e+02
6.1054998779e+02 6.1059002686e+02 6.1061602783e+02 6.1065997314e+02 6.1068597412e+02 6.1072497559e+02 6.1076098633e+02 6.1078497314e+02 6.1080902100e+02 6.1086297607e+02 6.1089202881e+02 6.1093597412e+02 6.1098498535e+02 6.1101702881e+02 6.1104101563e+02 6.1104302979e+02 6.1104797363e+02 6.1108001709e+02 6.1111102295e+02 6.1114599609e+02 6.1117199707e+02 6.1119000244e+02 6.1121002197e+02 6.1123999023e+02 6.1129901123e+02 6.1133599854e+02 6.1137097168e+02 6.1141101074e+02 6.1143701172e+02 6.1150000000e+02 6.1153997803e+02 6.1160198975e+02 6.1165899658e+02 6.1167797852e+02 6.1173797607e+02 6.1180200195e+02 6.1187597656e+02 6.1194299316e+02 6.1201501465e+02 6.1208697510e+02 6.1215600586e+02 6.1220098877e+02 6.1228698730e+02 6.1236297607e+02 6.1240301514e+02 6.1243798828e+02
6.1061102295e+02 6.1061901855e+02 6.1061499023e+02 6.1062298584e+02 6.1063800049e+02 6.1069097900e+02 6.1074200439e+02 6.1077398682e+02 6.1078997803e+02 6.1084100342e+02 6.1086401367e+02 6.1089898682e+02 6.1094201660e+02 6.1098602295e+02 6.1102197266e+02 6.1102801514e+02 6.1102600098e+02 6.1106298828e+02 6.1109600830e+02 6.1111901855e+02 6.1113598633e+02 6.1114801025e+02 6.1115502930e+02 6.1117901611e+02 6.1123602295e+02 6.1129400635e+02 6.1134301758e+02 6.1139599609e+02 6.1141998291e+02 6.1146899414e+02 6.1149798584e+02 6.1154901123e+02 6.1160699463e+02 6.1164001465e+02 6.1170098877e+02 6.1175897217e+02 6.1182598877e+02 6.1189599609e+02 6.1197198486e+02 6.1203698730e+02 6.1209698486e+02 6.1215600586e+02 6.1225201416e+02 6.1232501221e+02 6.1235198975e+02 6.1239398193e+02
6.1072302246e+02 6.1080102539e+02 6.1078302002e+02 6.1070202637e+02 6.1065100098e+02 6.1066101074e+02 6.1070300293e+02 6.1075000000e+02 6.1078399658e+02 6.1079498291e+02 6.1081298828e+02 6.1084802246e+02 6.1088800049e+02 6.1092602539e+02 6.1096002197e+02 6.1097601318e+02 6.1098101807e+02 6.1103698730e+02 6.1108197021e+02 6.1109997559e+02 6.1111700439e+02 6.1114898682e+02 6.1114697266e+02 6.1115502930e+02 6.1117401123e+02 6.1123199463e+02 6.1130297852e+02 6.1136602783e+02 6.1139898682e+02 6.1146002197e+02 6.1149102783e+02 6.1152197266e+02 6.1154797363e+02 6.1159899902e+02 6.1166699219e+02 6.1172698975e+02 6.1178997803e+02 6.1185302734e+02 6.1191400146e+02 6.1199499512e+02 6.1207702637e+02 6.1211901855e+02 6.1219500732e+02 6.1225701904e+02 6.1228900146e+02 6.1235101318e+02
6.1058197021e+02 6.1088800049e+02 6.1101702881e+02 6.1093402100e+02 6.1082000732e+02 6.1078802490e+02 6.1076702881e+02 6.1076599121e+02 6.1078601074e+02 6.1079498291e+02 6.1081500244e+02 6.1082098389e+02 6.1083398438e+02 6.1086199951e+02 6.1090301514e+02 6.1093298340e+02 6.1094702148e+02 6.1098400879e+02 6.1102197266e+02 6.1105999756e+02 6.1109600830e+02 6.1112500000e+02 6.1113500977e+02 6.1115600586e+02 6.1116302490e+02 6.1118798828e+02 6.1124597168e+02 6.1131201172e+02 6.1134802246e+02 6.1140899658e+02 6.1145300293e+02 6.1150201416e+02 6.1152502441e+02 6.1153997803e+02 6.1158398438e+02 6.1166497803e+02 6.1174298096e+02 6.1180102539e+02 6.1185101318e+02 6.1191998291e+02 6.1199798584e+02 6.1206701660e+02 6.1215502930e+02 6.1221697998e+02 6.1225097656e+02 6.1228997803e+02
6.1016699219e+02 6.1061999512e+02 6.1096002197e+02 6.1104998779e+02 6.1101000977e+02 6.1101898193e+02 6.1094598389e+02 6.1087500000e+02 6.1083898926e+02 6.1089099121e+02 6.1091400146e+02 6.1088800049e+02 6.1084899902e+02 6.1083898926e+02 6.1085900879e+02 6.1089202881e+02 6.1091400146e+02 6.1093798828e+02 6.1096197510e+02 6.1099499512e+02 6.1103698730e+02 6.1107598877e+02 6.1110601807e+02 6.1113397217e+02 6.1115600586e+02 6.1118701172e+02 6.1122900391e+02 6.1127899170e+02 6.1130603027e+02 6.1134698486e+02 6.1140502930e+02 6.1146997070e+02 6.1150000000e+02 6.1150598145e+02 6.1154302979e+02 6.1162298584e+02 6.1168798828e+02 6.1173901367e+02 6.1179199219e+02 6.1185498047e+02 6.1191802979e+02 6.1198297119e+02 6.1206896973e+02 6.1214202881e+02 6.1219201660e+02 6.1221697998e+02
6.0970501709e+02 6.1009197998e+02 6.1050500488e+02 6.1077001953e+02 6.1086999512e+02 6.1091400146e+02 6.1083398438e+02 6.1075897217e+02 6.1070697021e+02 6.1072998047e+02 6.1080102539e+02 6.1086602783e+02 6.1087298584e+02 6.1086798096e+02 6.1086401367e+02 6.1086798096e+02 6.1088299561e+02 6.1089898682e+02 6.1091400146e+02 6.1093499756e+02 6.1096801758e+02 6.1102197266e+02 6.1105499268e+02 6.1106097412e+02 6.1109899902e+02 6.1115301514e+02 6.1120599365e+02 6.1126702881e+02 6.1131201172e+02 6.1133398438e+02 6.1138201904e+02 6.1142797852e+02 6.1144702148e+02 6.1146197510e+02 6.1152001953e+02 6.1159698486e+02 6.1165399170e+02 6.1170397949e+02 6.1173901367e+02 6.1179400635e+02 6.1184600830e+02 6.1190698242e+02 6.1198101807e+02 6.1205603027e+02 6.1212799072e+02 6.1216497803e+02
6.0944000244e+02 6.0958599854e+02 6.0984899902e+02 6.1012097168e+02 6.1026702881e+02 6.1031896973e+02 6.1031799316e+02 6.1036700439e+02 6.1042297363e+02 6.1030102539e+02 6.1036401367e+02 6.1055102539e+02 6.1070599365e+02 6.1084197998e+02 6.1091497803e+02 6.1089099121e+02 6.1082702637e+02 6.1088000488e+02 6.1089697266e+02 6.1091802979e+02 6.1093798828e+02 6.1095800781e+02 6.1097601318e+02 6.1098498535e+02 6.1103198242e+02 6.1108801270e+02 6.1114300537e+02 6.1121502686e+02 6.1126898193e+02 6.1133599854e+02 6.1139099121e+02 6.1142199707e+02 6.1145800781e+02 6.1144799805e+02 6.1148901367e+02 6.1155798340e+02 6.1161999512e+02 6.1168298340e+02 6.1171099854e+02 6.1175897217e+02 6.1179498291e+02 6.1185302734e+02 6.1191198730e+02 6.1195800781e+02 6.1202301025e+02 6.1207702637e+02
6.0936999512e+02 6.0937701416e+02 6.0945501709e+02 6.0956597900e+02 6.0971502686e+02 6.0984002686e+02 6.0992297363e+02 6.1001898193e+02 6.1014099121e+02 6.1018701172e+02 6.1028399658e+02 6.1041497803e+02 6.1047497559e+02 6.1063897705e+02 6.1087902832e+02 6.1100000000e+02 6.1098699951e+02 6.1098101807e+02 6.1092401123e+02 6.1089300537e+02 6.1090502930e+02 6.1092297363e+02 6.1095599365e+02 6.1100402832e+02 6.1103198242e+02 6.1106799316e+02 6.1111297607e+02 6.1117901611e+02 6.1123498535e+02 6.1133197021e+02 6.1136901855e+02 6.1138897705e+02 6.1145800781e+02 6.1146002197e+02 6.1149102783e+02 6.1153997803e+02 6.1154602051e+02 6.1158801270e+02 6.1163098145e+02 6.1169897461e+02 6.1174499512e+02 6.1177099609e+02 6.1185998535e+02 6.1191101074e+02 6.1194500732e+02 6.1200799561e+02
6.0939202881e+02 6.0936401367e+02 6.0936602783e+02 6.0940002441e+02 6.0947198486e+02 6.0954901123e+02 6.0962701416e+02 6.0973602295e+02 6.0988702393e+02 6.1003302002e+02 6.1020898438e+02 6.1038000488e+02 6.1036199951e+02 6.1040502930e+02 6.1062298584e+02 6.1081201172e+02 6.1090802002e+02 6.1100799561e+02 6.1102301025e+02 6.1103100586e+02 6.1101397705e+02 6.1098400879e+02 6.1097302246e+02 6.1100598145e+02 6.1102301025e+02 6.1107800293e+02 6.1110900879e+02 6.1114898682e+02 6.1118402100e+02 6.1126098633e+02 6.1129901123e+02 6.1132397461e+02 6.1139398193e+02 6.1142498779e+02 6.1147497559e+02 6.1154199219e+02 6.1154400635e+02 6.1154602051e+02 6.1156896973e+02 6.1162701416e+02 6.1167700195e+02 6.1170098877e+02 6.1178497314e+02 6.1183001709e+02 6.1185302734e+02 6.1193298340e+02
6.0953100586e+02 6.0945202637e+02 6.0940899658e+02 6.0941900635e+02 6.0943499756e+02 6.0944201660e+02 6.0947698975e+02 6.0956298828e+02 6.0968298340e+02 6.0976898193e+02 6.0996099854e+02 6.1020501709e+02 6.1021002197e+02 6.1010302734e+02 6.1017700195e+02 6.1030200195e+02 6.1044201660e+02 6.1065997314e+02 6.1089099121e+02 6.1111102295e+02 6.1114599609e+02 6.1107299805e+02 6.1102099609e+02 6.1100701904e+02 6.1100201416e+02 6.1106298828e+02 6.1109399414e+02 6.1113397217e+02 6.1116497803e+02 6.1120098877e+02 6.1124597168e+02 6.1128997803e+02 6.1134497070e+02 6.1138702393e+02 6.1141400146e+02 6.1146600342e+02 6.1151397705e+02 6.1154699707e+02 6.1155700684e+02 6.1158801270e+02 6.1163098145e+02 6.1166998291e+02 6.1171398926e+02 6.1172698975e+02 6.1174597168e+02 6.1181201172e+02
