TESTSERVER/11/8.asc
NCOLS 100
NROWS 100
XLLCORNER 8.0497500000e+03
YLLCORNER 2.8955025000e+05
CELLSIZE 5.0000000000e-01
NODATA_VALUE -9.9990000000e+03
[rows 20 to 39 of 100, columns 0 to 45 of 100]
6.0934497070e+02 6.0938800049e+02 6.0944799805e+02 6.0948400879e+02 6.0947399902e+02 6.0943499756e+02 6.0942401123e+02 6.0944299316e+02 6.0947601318e+02 6.0952398682e+02 6.0957397461e+02 6.0958398438e+02 6.0960601807e+02 6.0959002686e+02 6.0952801514e+02 6.0940399170e+02 6.0932098389e+02 6.0927197266e+02 6.0924102783e+02 6.0920898438e+02 6.0926000977e+02 6.0928601074e+02 6.0929101563e+02 6.0931500244e+02 6.0936401367e+02 6.0942602539e+02 6.0948101807e+02 6.0952899170e+02 6.0959899902e+02 6.0966497803e+02 6.0971197510e+02 6.0980603027e+02 6.0995501709e+02 6.1010699463e+02 6.1019000244e+02 6.1028802490e+02 6.1037402344e+02 6.1043499756e+02 6.1046600342e+02 6.1053601074e+02 6.1058801270e+02 6.1063299561e+02 6.1066601563e+02 6.1071197510e+02 6.1077001953e+02 6.1083099365e+02
6.0923199463e+02 6.0922497559e+02 6.0920898438e+02 6.0930700684e+02 6.0930902100e+02 6.0923297119e+02 6.0918200684e+02 6.0922900391e+02 6.0926000977e+02 6.0930401611e+02 6.0938201904e+02 6.0946099854e+02 6.0956201172e+02 6.0963098145e+02 6.0962200928e+02 6.0954602051e+02 6.0943597412e+02 6.0933898926e+02 6.0928302002e+02 6.0929101563e+02 6.0935101318e+02 6.0937799072e+02 6.0936401367e+02 6.0935498047e+02 6.0936199951e+02 6.0939501953e+02 6.0943597412e+02 6.0947802734e+02 6.0955401611e+02 6.0963098145e+02 6.0971502686e+02 6.0984899902e+02 6.0994500732e+02 6.1003198242e+02 6.1013299561e+02 6.1023602295e+02 6.1028997803e+02 6.1037097168e+02 6.1044396973e+02 6.1048400879e+02 6.1049902344e+02 6.1055902100e+02 6.1060699463e+02 6.1065698242e+02 6.1072302246e+02 6.1078900146e+02
6.0886602783e+02 6.0880401611e+02 6.0873297119e+02 6.0883502197e+02 6.0887402344e+02 6.0884100342e+02 6.0883099365e+02 6.0889099121e+02 6.0892700195e+02 6.0896197510e+02 6.0903802490e+02 6.0915100098e+02 6.0931597900e+02 6.0947100830e+02 6.0955401611e+02 6.0959698486e+02 6.0956701660e+02 6.0950000000e+02 6.0942797852e+02 6.0939300537e+02 6.0938598633e+02 6.0937701416e+02 6.0938098145e+02 6.0939501953e+02 6.0940100098e+02 6.0941400146e+02 6.0942700195e+02 6.0948602295e+02 6.0958197021e+02 6.0967700195e+02 6.0978100586e+02 6.0993902588e+02 6.1002398682e+02 6.1008197021e+02 6.1016900635e+02 6.1026898193e+02 6.1029400635e+02 6.1033898926e+02 6.1038201904e+02 6.1041302490e+02 6.1047100830e+02 6.1059997559e+02 6.1066802979e+02 6.1069598389e+02 6.1072998047e+02 6.1076702881e+02
6.0839099121e+02 6.0832098389e+02 6.0827001953e+02 6.0836199951e+02 6.0843298340e+02 6.0846099854e+02 6.0852301025e+02 6.0860998535e+02 6.0865197754e+02 6.0866900635e+02 6.0870098877e+02 6.0877697754e+02 6.0892999268e+02 6.0909899902e+02 6.0924298096e+02 6.0941699219e+02 6.0953698730e+02 6.0959997559e+02 6.0959399414e+02 6.0951599121e+02 6.0943200684e+02 6.0937597656e+02 6.0939099121e+02 6.0942999268e+02 6.0944097900e+02 6.0944396973e+02 6.0944799805e+02 6.0951000977e+02 6.0959301758e+02 6.0966900635e+02 6.0978497314e+02 6.0996697998e+02 6.1008001709e+02 6.1014099121e+02 6.1021398926e+02 6.1028900146e+02 6.1029602051e+02 6.1030700684e+02 6.1034100342e+02 6.1041400146e+02 6.1049700928e+02 6.1061199951e+02 6.1066601563e+02 6.1067700195e+02 6.1069897461e+02 6.1072100830e+02
6.0810998535e+02 6.0809002686e+02 6.0814300537e+02 6.0821002197e+02 6.0828002930e+02 6.0832598877e+02 6.0838500977e+02 6.0847900391e+02 6.0852301025e+02 6.0851501465e+02 6.0849102783e+02 6.0854199219e+02 6.0860302734e+02 6.0866101074e+02 6.0870898438e+02 6.0896197510e+02 6.0920397949e+02 6.0944000244e+02 6.0962200928e+02 6.0960797119e+02 6.0951800537e+02 6.0944799805e+02 6.0947698975e+02 6.0953302002e+02 6.0952197266e+02 6.0948901367e+02 6.0952502441e+02 6.0955401611e+02 6.0959698486e+02 6.0963397217e+02 6.0969598389e+02 6.0992297363e+02 6.1008001709e+02 6.1013800049e+02 6.1018902588e+02 6.1023199463e+02 6.1025598145e+02 6.1032000732e+02 6.1040899658e+02 6.1046398926e+02 6.1049597168e+02 6.1053399658e+02 6.1058001709e+02 6.1062298584e+02 6.1068298340e+02 6.1071398926e+02
6.0801501465e+02 6.0804400635e+02 6.0811499023e+02 6.0818499756e+02 6.0822998047e+02 6.0827301025e+02 6.0832800293e+02 6.0840301514e+02 6.0844799805e+02 6.0846002197e+02 6.0846899414e+02 6.0851702881e+02 6.0854199219e+02 6.0856201172e+02 6.0859399414e+02 6.0865399170e+02 6.0876599121e+02 6.0892602539e+02 6.0913299561e+02 6.0930102539e+02 6.0942797852e+02 6.0954101563e+02 6.0964801025e+02 6.0975598145e+02 6.0970697021e+02 6.0959197998e+02 6.0962097168e+02 6.0978900146e+02 6.0981896973e+02 6.0975097656e+02 6.0966400146e+02 6.0976800537e+02 6.0993402100e+02 6.1005798340e+02 6.1013800049e+02 6.1026300049e+02 6.1036700439e+02 6.1040502930e+02 6.1041198730e+02 6.1041998291e+02 6.1044396973e+02 6.1048999023e+02 6.1054400635e+02 6.1058801270e+02 6.1064398193e+02 6.1068798828e+02
6.0807098389e+02 6.0817999268e+02 6.0829901123e+02 6.0832202148e+02 6.0829699707e+02 6.0827600098e+02 6.0830603027e+02 6.0836602783e+02 6.0841101074e+02 6.0843499756e+02 6.0845599365e+02 6.0850402832e+02 6.0852099609e+02 6.0853198242e+02 6.0855902100e+02 6.0856097412e+02 6.0858300781e+02 6.0864300537e+02 6.0873498535e+02 6.0883898926e+02 6.0901202393e+02 6.0921899414e+02 6.0944799805e+02 6.0959698486e+02 6.0955102539e+02 6.0941497803e+02 6.0941802979e+02 6.0960198975e+02 6.0958001709e+02 6.0942901611e+02 6.0928399658e+02 6.0924902344e+02 6.0936700439e+02 6.0953100586e+02 6.0976599121e+02 6.1014501953e+02 6.1039801025e+02 6.1044201660e+02 6.1040600586e+02 6.1042297363e+02 6.1043798828e+02 6.1046301270e+02 6.1051397705e+02 6.1054302979e+02 6.1056298828e+02 6.1060900879e+02
6.0835101318e+02 6.0856896973e+02 6.0873999023e+02 6.0873602295e+02 6.0862902832e+02 6.0850201416e+02 6.0844000244e+02 6.0845501709e+02 6.0846398926e+02 6.0846197510e+02 6.0847198486e+02 6.0851599121e+02 6.0853302002e+02 6.0853802490e+02 6.0856500244e+02 6.0857897949e+02 6.0858197021e+02 6.0859698486e+02 6.0861102295e+02 6.0861901855e+02 6.0868499756e+02 6.0879498291e+02 6.0897399902e+02 6.0909497070e+02 6.0911602783e+02 6.0906298828e+02 6.0903997803e+02 6.0912597656e+02 6.0911102295e+02 6.0903002930e+02 6.0898400879e+02 6.0897497559e+02 6.0900701904e+02 6.0906701660e+02 6.0926397705e+02 6.0962200928e+02 6.0995501709e+02 6.1013000488e+02 6.1021899414e+02 6.1036401367e+02 6.1043597412e+02 6.1044299316e+02 6.1047802734e+02 6.1052001953e+02 6.1054400635e+02 6.1059002686e+02
6.0886602783e+02 6.0916699219e+02 6.0929797363e+02 6.0924902344e+02 6.0913800049e+02 6.0896398926e+02 6.0880401611e+02 6.0874597168e+02 6.0871600342e+02 6.0866400146e+02 6.0858801270e+02 6.0858898926e+02 6.0856201172e+02 6.0855297852e+02 6.0858599854e+02 6.0858898926e+02 6.0860101318e+02 6.0861700439e+02 6.0865197754e+02 6.0868200684e+02 6.0866601563e+02 6.0866101074e+02 6.0869598389e+02 6.0872100830e+02 6.0883898926e+02 6.0892498779e+02 6.0891802979e+02 6.0891101074e+02 6.0894799805e+02 6.0895397949e+02 6.0897100830e+02 6.0904901123e+02 6.0902502441e+02 6.0896398926e+02 6.0903399658e+02 6.0919396973e+02 6.0938299561e+02 6.0958099365e+02 6.0972601318e+02 6.1009802246e+02 6.1034997559e+02 6.1043902588e+02 6.1045898438e+02 6.1049401855e+02 6.1053002930e+02 6.1057800293e+02
6.0926501465e+02 6.0943798828e+02 6.0941400146e+02 6.0935900879e+02 6.0933599854e+02 6.0926800537e+02 6.0912500000e+02 6.0908599854e+02 6.0910101318e+02 6.0906201172e+02 6.0896099854e+02 6.0890399170e+02 6.0874700928e+02 6.0860400391e+02 6.0860998535e+02 6.0866101074e+02 6.0867102051e+02 6.0865802002e+02 6.0869201660e+02 6.0869897461e+02 6.0868200684e+02 6.0870898438e+02 6.0873400879e+02 6.0872998047e+02 6.0880603027e+02 6.0886901855e+02 6.0884399414e+02 6.0884802246e+02 6.0888500977e+02 6.0892297363e+02 6.0894598389e+02 6.0900701904e+02 6.0902899170e+02 6.0898699951e+02 6.0902502441e+02 6.0907800293e+02 6.0916497803e+02 6.0933099365e+02 6.0951800537e+02 6.0983801270e+02 6.1015197754e+02 6.1037298584e+02 6.1048297119e+02 6.1050402832e+02 6.1050701904e+02 6.1053802490e+02
6.0941998291e+02 6.0945300293e+02 6.0938299561e+02 6.0932397461e+02 6.0932598877e+02 6.0932800293e+02 6.0927801514e+02 6.0928302002e+02 6.0932501221e+02 6.0932501221e+02 6.0928698730e+02 6.0925201416e+02 6.0904400635e+02 6.0879998779e+02 6.0873297119e+02 6.0882598877e+02 6.0885498047e+02 6.0881896973e+02 6.0878497314e+02 6.0873901367e+02 6.0874700928e+02 6.0878601074e+02 6.0878002930e+02 6.0873699951e+02 6.0876898193e+02 6.0880902100e+02 6.0878198242e+02 6.0877899170e+02 6.0885198975e+02 6.0895202637e+02 6.0900500488e+02 6.0902099609e+02 6.0907501221e+02 6.0906201172e+02 6.0903399658e+02 6.0901501465e+02 6.0904101563e+02 6.0915698242e+02 6.0934002686e+02 6.0959802246e+02 6.0991900635e+02 6.1025500488e+02 6.1051000977e+02 6.1059301758e+02 6.1057000732e+02 6.1054302979e+02
6.0945501709e+02 6.0940399170e+02 6.0934497070e+02 6.0929199219e+02 6.0929199219e+02 6.0931402588e+02 6.0931402588e+02 6.0933801270e+02 6.0939300537e+02 6.0942901611e+02 6.0944500732e+02 6.0944702148e+02 6.0929901123e+02 6.0907598877e+02 6.0897399902e+02 6.0906097412e+02 6.0910601807e+02 6.0907397461e+02 6.0901098633e+02 6.0892797852e+02 6.0890600586e+02 6.0890301514e+02 6.0887500000e+02 6.0880902100e+02 6.0880999756e+02 6.0884802246e+02 6.0884197998e+02 6.0885400391e+02 6.0892999268e+02 6.0901501465e+02 6.0905102539e+02 6.0904498291e+02 6.0907598877e+02 6.0908001709e+02 6.0905798340e+02 6.0904699707e+02 6.0904699707e+02 6.0910400391e+02 6.0921997070e+02 6.0938598633e+02 6.0965301514e+02 6.1001397705e+02 6.1036297607e+02 6.1056500244e+02 6.1061499023e+02 6.1061401367e+02
6.0947601318e+02 6.0942102051e+02 6.0939099121e+02 6.0935400391e+02 6.0932598877e+02 6.0931799316e+02 6.0932598877e+02 6.0932897949e+02 6.0936602783e+02 6.0941302490e+02 6.0944000244e+02 6.0947998047e+02 6.0945501709e+02 6.0936199951e+02 6.0932000732e+02 6.0934600830e+02 6.0937597656e+02 6.0936999512e+02 6.0936499023e+02 6.0931402588e+02 6.0924401855e+02 6.0917700195e+02 6.0912701416e+02 6.0904302979e+02 6.0899102783e+02 6.0898999023e+02 6.0896197510e+02 6.0898199463e+02 6.0900701904e+02 6.0900598145e+02 6.0900402832e+02 6.0906500244e+02 6.0908099365e+02 6.0910302734e+02 6.0913702393e+02 6.0911602783e+02 6.0909399414e+02 6.0911297607e+02 6.0916699219e+02 6.0922698975e+02 6.0939697266e+02 6.0968103027e+02 6.1000701904e+02 6.1022601318e+02 6.1041302490e+02 6.1057702637e+02
6.0951202393e+02 6.0945599365e+02 6.0941198730e+02 6.0939398193e+02 6.0937597656e+02 6.0938000488e+02 6.0940002441e+02 6.0936199951e+02 6.0933898926e+02 6.0936199951e+02 6.0940600586e+02 6.0946197510e+02 6.0948901367e+02 6.0947399902e+02 6.0948797607e+02 6.0955200195e+02 6.0958398438e+02 6.0959698486e+02 6.0960797119e+02 6.0963201904e+02 6.0960998535e+02 6.0954699707e+02 6.0946002197e+02 6.0937799072e+02 6.0926397705e+02 6.0921801758e+02 6.0918200684e+02 6.0917901611e+02 6.0914898682e+02 6.0905102539e+02 6.0901501465e+02 6.0909497070e+02 6.0915802002e+02 6.0919000244e+02 6.0919201660e+02 6.0916601563e+02 6.0914300537e+02 6.0915802002e+02 6.0918200684e+02 6.0915197754e+02 6.0924102783e+02 6.0942498779e+02 6.0965399170e+02 6.0985797119e+02 6.1010302734e+02 6.1032598877e+02
6.0952197266e+02 6.0947497559e+02 6.0943200684e+02 6.0941101074e+02 6.0940002441e+02 6.0941101074e+02 6.0942401123e+02 6.0936901855e+02 6.0931701660e+02 6.0931500244e+02 6.0935900879e+02 6.0940197754e+02 6.0942401123e+02 6.0943402100e+02 6.0947998047e+02 6.0953100586e+02 6.0957800293e+02 6.0962298584e+02 6.0965002441e+02 6.0968402100e+02 6.0970202637e+02 6.0966198730e+02 6.0957501221e+02 6.0952899170e+02 6.0942102051e+02 6.0939898682e+02 6.0942700195e+02 6.0948101807e+02 6.0946099854e+02 6.0933898926e+02 6.0926000977e+02 6.0925097656e+02 6.0926800537e+02 6.0924298096e+02 6.0920501709e+02 6.0919299316e+02 6.0918298340e+02 6.0920599365e+02 6.0924200439e+02 6.0920697021e+02 6.0924298096e+02 6.0930700684e+02 6.0938800049e+02 6.0953100586e+02 6.0972198486e+02 6.0990100098e+02
6.0953497314e+02 6.0950097656e+02 6.0946099854e+02 6.0941998291e+02 6.0939398193e+02 6.0939202881e+02 6.0938201904e+02 6.0933697510e+02 6.0930102539e+02 6.0929302979e+02 6.0933001709e+02 6.0936401367e+02 6.0936199951e+02 6.0936401367e+02 6.0940600586e+02 6.0941302490e+02 6.0944396973e+02 6.0948498535e+02 6.0950097656e+02 6.0952801514e+02 6.0959002686e+02 6.0959002686e+02 6.0954101563e+02 6.0955902100e+02 6.0944702148e+02 6.0939697266e+02 6.0950897217e+02 6.0965301514e+02 6.0968798828e+02 6.0962200928e+02 6.0959100342e+02 6.0957702637e+02 6.0958099365e+02 6.0952398682e+02 6.0942797852e+02 6.0937200928e+02 6.0932098389e+02 6.0930200195e+02 6.0931799316e+02 6.0929302979e+02 6.0929498291e+02 6.0928900146e+02 6.0929797363e+02 6.0934600830e+02 6.0942401123e+02 6.0951300049e+02
6.0956402588e+02 6.0953497314e+02 6.0949700928e+02 6.0942797852e+02 6.0938000488e+02 6.0935797119e+02 6.0933300781e+02 6.0929998779e+02 6.0929699707e+02 6.0930902100e+02 6.0934100342e+02 6.0935302734e+02 6.0934497070e+02 6.0934600830e+02 6.0938299561e+02 6.0938000488e+02 6.0938598633e+02 6.0938598633e+02 6.0937097168e+02 6.0940002441e+02 6.0948999023e+02 6.0954101563e+02 6.0956597900e+02 6.0961999512e+02 6.0951397705e+02 6.0939697266e+02 6.0948498535e+02 6.0966699219e+02 6.0974102783e+02 6.0973901367e+02 6.0977301025e+02 6.0986499023e+02 6.0991900635e+02 6.0992498779e+02 6.0986602783e+02 6.0973999023e+02 6.0960797119e+02 6.0950097656e+02 6.0945397949e+02 6.0940502930e+02 6.0934802246e+02 6.0930902100e+02 6.0932098389e+02 6.0934197998e+02 6.0933898926e+02 6.0936401367e+02
6.0960498047e+02 6.0956097412e+02 6.0950799561e+02 6.0943402100e+02 6.0936999512e+02 6.0933801270e+02 6.0930999756e+02 6.0929699707e+02 6.0930902100e+02 6.0932598877e+02 6.0934802246e+02 6.0938201904e+02 6.0939099121e+02 6.0937902832e+02 6.0940301514e+02 6.0942401123e+02 6.0944097900e+02 6.0944201660e+02 6.0940600586e+02 6.0940100098e+02 6.0947198486e+02 6.0954602051e+02 6.0959802246e+02 6.0967797852e+02 6.0960198975e+02 6.0945397949e+02 6.0944000244e+02 6.0959997559e+02 6.0971197510e+02 6.0976501465e+02 6.0983502197e+02 6.0994799805e+02 6.1001702881e+02 6.1008898926e+02 6.1010400391e+02 6.1000299072e+02 6.0987597656e+02 6.0978698730e+02 6.0971301270e+02 6.0960400391e+02 6.0946502686e+02 6.0935198975e+02 6.0930902100e+02 6.0929901123e+02 6.0928900146e+02 6.0932501221e+02
6.0964398193e+02 6.0958502197e+02 6.0950598145e+02 6.0942102051e+02 6.0935302734e+02 6.0932098389e+02 6.0929699707e+02 6.0929901123e+02 6.0933001709e+02 6.0935900879e+02 6.0936901855e+02 6.0943200684e+02 6.0946301270e+02 6.0944299316e+02 6.0943701172e+02 6.0945098877e+02 6.0946398926e+02 6.0946301270e+02 6.0943402100e+02 6.0941900635e+02 6.0945001221e+02 6.0949200439e+02 6.0955297852e+02 6.0967199707e+02 6.0967401123e+02 6.0958197021e+02 6.0951501465e+02 6.0957299805e+02 6.0967199707e+02 6.0976300049e+02 6.0984997559e+02 6.0993902588e+02 6.1001800537e+02 6.1015698242e+02 6.1025701904e+02 6.1013702393e+02 6.1001300049e+02 6.0997998047e+02 6.0998400879e+02 6.0993499756e+02 6.0978198242e+02 6.0959600830e+02 6.0948498535e+02 6.0940502930e+02 6.0937799072e+02 6.0938500977e+02
6.0964801025e+02 6.0958001709e+02 6.0949200439e+02 6.0940997314e+02 6.0935302734e+02 6.0933099365e+02 6.0930102539e+02 6.0928399658e+02 6.0932598877e+02 6.0938500977e+02 6.0940100098e+02 6.0945300293e+02 6.0947802734e+02 6.0945202637e+02 6.0943902588e+02 6.0943902588e+02 6.0944201660e+02 6.0944000244e+02 6.0942797852e+02 6.0942401123e+02 6.0942797852e+02 6.0943402100e+02 6.0948999023e+02 6.0961199951e+02 6.0966998291e+02 6.0967297363e+02 6.0965399170e+02 6.0961499023e+02 6.0965197754e+02 6.0974102783e+02 6.0984497070e+02 6.0993499756e+02 6.0999200439e+02 6.1012597656e+02 6.1028198242e+02 6.1019396973e+02 6.1009497070e+02 6.1011199951e+02 6.1017102051e+02 6.1018200684e+02 6.1010101318e+02 6.0998999023e+02 6.0990997314e+02 6.0978399658e+02 6.0970397949e+02 6.0962097168e+02
