TESTSERVER/11/9.asc
NCOLS 100
NROWS 100
XLLCORNER 8.0497500000e+03
YLLCORNER 2.8950025000e+05
CELLSIZE 5.0000000000e-01
NODATA_VALUE -9.9990000000e+03
[rows 0 to 19 of 100, columns 46 to 91 of 100]
6.2094000244e+02 6.2086700439e+02 6.2085498047e+02 6.2086999512e+02 6.2088000488e+02 6.2080603027e+02 6.2064599609e+02 6.2051800537e+02 6.2046697998e+02 6.2033099365e+02 6.2022302246e+02 6.2007299805e+02 6.1988000488e+02 6.1972998047e+02 6.1957397461e+02 6.1940802002e+02 6.1922900391e+02 6.1904602051e+02 6.1889801025e+02 6.1874902344e+02 6.1858300781e+02 6.1842999268e+02 6.1826800537e+02 6.1808599854e+02 6.1790997314e+02 6.1756097412e+02 6.1701300049e+02 6.1645397949e+02 6.1605798340e+02 6.1572399902e+02 6.1533197021e+02 6.1501300049e+02 6.1483001709e+02 6.1468597412e+02 6.1458300781e+02 6.1445202637e+02 6.1422399902e+02 6.1406701660e+02 6.1400402832e+02 6.1396997070e+02 6.1392102051e+02 6.1386199951e+02 6.1380401611e+02 6.1377301025e+02 6.1376300049e+02 6.1375097656e+02
6.2131500244e+02 6.2118701172e+02 6.2112701416e+02 6.2109899902e+02 6.2107202148e+02 6.2099499512e+02 6.2088397217e+02 6.2081402588e+02 6.2078002930e+02 6.2068597412e+02 6.2055297852e+02 6.2036999512e+02 6.2016998291e+02 6.2001000977e+02 6.1986700439e+02 6.1972900391e+02 6.1957299805e+02 6.1940698242e+02 6.1924700928e+02 6.1907598877e+02 6.1888598633e+02 6.1870098877e+02 6.1851800537e+02 6.1836798096e+02 6.1823400879e+02 6.1779302979e+02 6.1716802979e+02 6.1658697510e+02 6.1621502686e+02 6.1590600586e+02 6.1555999756e+02 6.1528900146e+02 6.1511499023e+02 6.1494299316e+02 6.1481298828e+02 6.1464801025e+02 6.1436798096e+02 6.1412298584e+02 6.1403002930e+02 6.1399298096e+02 6.1396197510e+02 6.1393402100e+02 6.1388201904e+02 6.1383001709e+02 6.1379302979e+02 6.1376000977e+02
6.2166198730e+02 6.2150701904e+02 6.2139599609e+02 6.2132000732e+02 6.2125000000e+02 6.2117498779e+02 6.2110601807e+02 6.2106097412e+02 6.2102301025e+02 6.2093701172e+02 6.2081896973e+02 6.2066198730e+02 6.2047998047e+02 6.2032202148e+02 6.2018701172e+02 6.2006201172e+02 6.1993200684e+02 6.1979797363e+02 6.1961798096e+02 6.1940002441e+02 6.1917602539e+02 6.1897302246e+02 6.1879101563e+02 6.1866101074e+02 6.1853198242e+02 6.1801098633e+02 6.1736102295e+02 6.1679498291e+02 6.1642602539e+02 6.1611401367e+02 6.1583898926e+02 6.1561602783e+02 6.1540399170e+02 6.1521600342e+02 6.1508898926e+02 6.1490502930e+02 6.1459100342e+02 6.1425598145e+02 6.1409002686e+02 6.1402697754e+02 6.1398901367e+02 6.1396398926e+02 6.1393103027e+02 6.1388702393e+02 6.1384497070e+02 6.1380700684e+02
6.2202600098e+02 6.2185302734e+02 6.2170800781e+02 6.2159197998e+02 6.2149298096e+02 6.2142102051e+02 6.2137200928e+02 6.2133197021e+02 6.2125799561e+02 6.2113897705e+02 6.2103399658e+02 6.2091998291e+02 6.2078601074e+02 6.2064001465e+02 6.2051098633e+02 6.2038800049e+02 6.2026202393e+02 6.2014300537e+02 6.1995001221e+02 6.1970501709e+02 6.1946801758e+02 6.1926300049e+02 6.1909100342e+02 6.1896197510e+02 6.1878900146e+02 6.1823101807e+02 6.1761401367e+02 6.1709698486e+02 6.1672100830e+02 6.1638098145e+02 6.1612902832e+02 6.1590698242e+02 6.1564300537e+02 6.1543298340e+02 6.1530200195e+02 6.1510400391e+02 6.1476300049e+02 6.1441400146e+02 6.1421398926e+02 6.1411297607e+02 6.1404699707e+02 6.1398901367e+02 6.1395898438e+02 6.1393402100e+02 6.1390802002e+02 6.1388500977e+02
6.2240502930e+02 6.2222698975e+02 6.2207501221e+02 6.2195001221e+02 6.2184600830e+02 6.2170697021e+02 6.2165002441e+02 6.2162500000e+02 6.2155700684e+02 6.2139001465e+02 6.2125701904e+02 6.2114801025e+02 6.2105999756e+02 6.2094097900e+02 6.2082202148e+02 6.2069598389e+02 6.2055200195e+02 6.2040100098e+02 6.2021502686e+02 6.1999700928e+02 6.1979302979e+02 6.1955700684e+02 6.1938800049e+02 6.1924597168e+02 6.1902502441e+02 6.1846197510e+02 6.1791900635e+02 6.1745898438e+02 6.1704498291e+02 6.1667602539e+02 6.1639898682e+02 6.1613702393e+02 6.1581701660e+02 6.1554699707e+02 6.1535302734e+02 6.1511700439e+02 6.1475299072e+02 6.1454302979e+02 6.1438897705e+02 6.1425701904e+02 6.1416998291e+02 6.1409497070e+02 6.1402697754e+02 6.1398498535e+02 6.1395001221e+02 6.1395898438e+02
6.2269201660e+02 6.2254797363e+02 6.2242797852e+02 6.2232299805e+02 6.2219000244e+02 6.2201000977e+02 6.2192102051e+02 6.2191497803e+02 6.2188800049e+02 6.2175598145e+02 6.2158697510e+02 6.2141998291e+02 6.2130200195e+02 6.2121502686e+02 6.2112200928e+02 6.2101000977e+02 6.2085498047e+02 6.2066302490e+02 6.2047399902e+02 6.2027899170e+02 6.2008001709e+02 6.1984399414e+02 6.1966802979e+02 6.1952697754e+02 6.1928198242e+02 6.1873699951e+02 6.1820098877e+02 6.1772399902e+02 6.1730902100e+02 6.1695800781e+02 6.1664599609e+02 6.1633697510e+02 6.1599298096e+02 6.1565100098e+02 6.1537597656e+02 6.1513397217e+02 6.1488500977e+02 6.1469396973e+02 6.1456701660e+02 6.1446301270e+02 6.1440600586e+02 6.1431097412e+02 6.1419201660e+02 6.1409997559e+02 6.1404602051e+02 6.1401501465e+02
6.2301800537e+02 6.2288397217e+02 6.2277899170e+02 6.2266497803e+02 6.2252301025e+02 6.2234997559e+02 6.2223199463e+02 6.2217901611e+02 6.2214501953e+02 6.2203997803e+02 6.2187902832e+02 6.2169799805e+02 6.2155200195e+02 6.2146801758e+02 6.2137799072e+02 6.2127301025e+02 6.2113598633e+02 6.2095697021e+02 6.2078302002e+02 6.2059497070e+02 6.2038000488e+02 6.2015197754e+02 6.1996801758e+02 6.1981597900e+02 6.1957299805e+02 6.1905200195e+02 6.1850201416e+02 6.1798199463e+02 6.1754797363e+02 6.1717797852e+02 6.1680603027e+02 6.1644500732e+02 6.1610699463e+02 6.1578802490e+02 6.1548699951e+02 6.1524401855e+02 6.1505499268e+02 6.1490997314e+02 6.1482598877e+02 6.1478802490e+02 6.1475000000e+02 6.1461901855e+02 6.1447100830e+02 6.1433599854e+02 6.1423699951e+02 6.1416400146e+02
6.2333001709e+02 6.2322100830e+02 6.2313000488e+02 6.2301300049e+02 6.2285198975e+02 6.2268902588e+02 6.2255200195e+02 6.2243200684e+02 6.2233801270e+02 6.2224499512e+02 6.2211199951e+02 6.2195501709e+02 6.2181896973e+02 6.2172497559e+02 6.2161901855e+02 6.2151599121e+02 6.2141101074e+02 6.2127099609e+02 6.2112298584e+02 6.2093402100e+02 6.2069097900e+02 6.2046099854e+02 6.2026501465e+02 6.2010198975e+02 6.1986602783e+02 6.1937500000e+02 6.1880297852e+02 6.1823101807e+02 6.1775897217e+02 6.1736401367e+02 6.1694598389e+02 6.1655297852e+02 6.1620898438e+02 6.1593902588e+02 6.1566802979e+02 6.1544000244e+02 6.1526599121e+02 6.1515502930e+02 6.1508697510e+02 6.1508099365e+02 6.1505499268e+02 6.1492700195e+02 6.1479199219e+02 6.1464599609e+02 6.1448901367e+02 6.1438299561e+02
6.2360699463e+02 6.2352301025e+02 6.2345800781e+02 6.2337097168e+02 6.2320501709e+02 6.2303601074e+02 6.2289398193e+02 6.2273797607e+02 6.2259899902e+02 6.2246099854e+02 6.2234197998e+02 6.2221697998e+02 6.2208898926e+02 6.2199102783e+02 6.2187200928e+02 6.2177502441e+02 6.2171002197e+02 6.2158898926e+02 6.2145202637e+02 6.2126098633e+02 6.2101397705e+02 6.2076800537e+02 6.2054400635e+02 6.2034301758e+02 6.2014001465e+02 6.1973400879e+02 6.1913800049e+02 6.1849499512e+02 6.1796697998e+02 6.1757397461e+02 6.1714898682e+02 6.1674298096e+02 6.1639001465e+02 6.1611499023e+02 6.1588800049e+02 6.1569097900e+02 6.1551599121e+02 6.1539898682e+02 6.1533697510e+02 6.1532598877e+02 6.1527697754e+02 6.1515600586e+02 6.1503900146e+02 6.1490698242e+02 6.1470202637e+02 6.1456799316e+02
6.2389697266e+02 6.2381201172e+02 6.2375299072e+02 6.2369000244e+02 6.2357800293e+02 6.2343798828e+02 6.2329901123e+02 6.2311999512e+02 6.2293798828e+02 6.2278100586e+02 6.2263702393e+02 6.2251202393e+02 6.2241400146e+02 6.2230902100e+02 6.2217401123e+02 6.2205200195e+02 6.2195697021e+02 6.2183697510e+02 6.2168701172e+02 6.2151397705e+02 6.2131298828e+02 6.2107800293e+02 6.2083300781e+02 6.2060302734e+02 6.2041497803e+02 6.2008099365e+02 6.1948901367e+02 6.1879101563e+02 6.1823602295e+02 6.1782000732e+02 6.1736499023e+02 6.1694702148e+02 6.1660198975e+02 6.1635400391e+02 6.1616497803e+02 6.1599902344e+02 6.1583599854e+02 6.1570501709e+02 6.1563897705e+02 6.1562402344e+02 6.1557501221e+02 6.1545001221e+02 6.1531298828e+02 6.1517498779e+02 6.1498297119e+02 6.1477197266e+02
6.2420001221e+02 6.2413500977e+02 6.2407098389e+02 6.2400701904e+02 6.2391699219e+02 6.2378900146e+02 6.2365698242e+02 6.2348101807e+02 6.2330603027e+02 6.2314300537e+02 6.2298797607e+02 6.2286901855e+02 6.2280102539e+02 6.2268298340e+02 6.2250500488e+02 6.2232702637e+02 6.2218798828e+02 6.2205603027e+02 6.2190100098e+02 6.2173999023e+02 6.2158300781e+02 6.2138201904e+02 6.2114501953e+02 6.2090197754e+02 6.2069299316e+02 6.2041400146e+02 6.1986499023e+02 6.1916998291e+02 6.1857397461e+02 6.1815399170e+02 6.1772802734e+02 6.1732897949e+02 6.1694799805e+02 6.1668597412e+02 6.1652801514e+02 6.1637097168e+02 6.1619897461e+02 6.1608197021e+02 6.1601300049e+02 6.1596197510e+02 6.1591400146e+02 6.1586199951e+02 6.1574102783e+02 6.1555499268e+02 6.1531896973e+02 6.1504400635e+02
6.2450000000e+02 6.2445397949e+02 6.2439599609e+02 6.2432702637e+02 6.2423999023e+02 6.2411297607e+02 6.2398101807e+02 6.2383398438e+02 6.2369396973e+02 6.2353601074e+02 6.2338897705e+02 6.2327502441e+02 6.2320599365e+02 6.2307202148e+02 6.2285900879e+02 6.2263500977e+02 6.2245599365e+02 6.2229199219e+02 6.2212902832e+02 6.2198297119e+02 6.2184497070e+02 6.2167700195e+02 6.2146600342e+02 6.2122698975e+02 6.2099700928e+02 6.2074902344e+02 6.2026599121e+02 6.1962097168e+02 6.1898797607e+02 6.1862701416e+02 6.1832501221e+02 6.1799700928e+02 6.1756896973e+02 6.1722497559e+02 6.1701397705e+02 6.1681799316e+02 6.1661297607e+02 6.1652398682e+02 6.1643798828e+02 6.1632598877e+02 6.1625299072e+02 6.1626202393e+02 6.1616302490e+02 6.1595098877e+02 6.1567401123e+02 6.1534698486e+02
6.2485900879e+02 6.2475000000e+02 6.2471099854e+02 6.2463500977e+02 6.2452801514e+02 6.2443200684e+02 6.2431201172e+02 6.2417797852e+02 6.2405102539e+02 6.2392102051e+02 6.2379400635e+02 6.2367199707e+02 6.2355798340e+02 6.2341198730e+02 6.2319702148e+02 6.2297100830e+02 6.2277502441e+02 6.2256500244e+02 6.2238702393e+02 6.2225201416e+02 6.2214202881e+02 6.2197998047e+02 6.2179400635e+02 6.2158001709e+02 6.2135101318e+02 6.2107397461e+02 6.2065197754e+02 6.2009899902e+02 6.1951000977e+02 6.1917498779e+02 6.1902697754e+02 6.1880102539e+02 6.1832800293e+02 6.1787902832e+02 6.1755102539e+02 6.1729602051e+02 6.1706402588e+02 6.1697100830e+02 6.1688800049e+02 6.1674798584e+02 6.1655102539e+02 6.1649499512e+02 6.1639398193e+02 6.1622100830e+02 6.1600000000e+02 6.1569000244e+02
6.2527801514e+02 6.2509899902e+02 6.2500598145e+02 6.2491198730e+02 6.2477697754e+02 6.2467102051e+02 6.2459197998e+02 6.2449499512e+02 6.2438500977e+02 6.2427502441e+02 6.2414398193e+02 6.2400598145e+02 6.2385400391e+02 6.2369500732e+02 6.2348101807e+02 6.2326800537e+02 6.2308099365e+02 6.2288397217e+02 6.2269598389e+02 6.2254901123e+02 6.2242797852e+02 6.2229602051e+02 6.2212799072e+02 6.2192199707e+02 6.2170501709e+02 6.2144500732e+02 6.2108502197e+02 6.2064599609e+02 6.2018597412e+02 6.1994500732e+02 6.1978802490e+02 6.1948602295e+02 6.1889801025e+02 6.1837597656e+02 6.1806500244e+02 6.1786700439e+02 6.1763098145e+02 6.1742602539e+02 6.1733197021e+02 6.1720098877e+02 6.1696600342e+02 6.1679699707e+02 6.1662402344e+02 6.1641601563e+02 6.1620800781e+02 6.1600299072e+02
6.2552398682e+02 6.2534002686e+02 6.2521600342e+02 6.2510998535e+02 6.2498297119e+02 6.2487200928e+02 6.2481896973e+02 6.2477697754e+02 6.2470001221e+02 6.2460302734e+02 6.2446899414e+02 6.2433099365e+02 6.2416998291e+02 6.2397399902e+02 6.2374298096e+02 6.2353900146e+02 6.2336602783e+02 6.2318103027e+02 6.2299798584e+02 6.2284301758e+02 6.2270697021e+02 6.2258801270e+02 6.2243798828e+02 6.2224798584e+02 6.2203601074e+02 6.2180603027e+02 6.2151397705e+02 6.2117700195e+02 6.2084802246e+02 6.2069396973e+02 6.2052899170e+02 6.2019201660e+02 6.1954302979e+02 6.1896697998e+02 6.1870697021e+02 6.1854199219e+02 6.1827099609e+02 6.1797399902e+02 6.1782000732e+02 6.1765802002e+02 6.1739697266e+02 6.1716400146e+02 6.1693298340e+02 6.1668701172e+02 6.1647497559e+02 6.1630603027e+02
6.2564898682e+02 6.2548400879e+02 6.2535400391e+02 6.2524298096e+02 6.2514501953e+02 6.2506799316e+02 6.2503997803e+02 6.2502099609e+02 6.2496301270e+02 6.2488598633e+02 6.2475799561e+02 6.2461700439e+02 6.2445202637e+02 6.2423498535e+02 6.2400201416e+02 6.2382202148e+02 6.2365802002e+02 6.2346197510e+02 6.2328601074e+02 6.2313000488e+02 6.2298602295e+02 6.2285198975e+02 6.2271502686e+02 6.2253997803e+02 6.2231597900e+02 6.2210998535e+02 6.2187597656e+02 6.2162097168e+02 6.2136798096e+02 6.2121301270e+02 6.2104302979e+02 6.2076800537e+02 6.2028399658e+02 6.1980999756e+02 6.1958001709e+02 6.1935400391e+02 6.1895098877e+02 6.1853601074e+02 6.1830102539e+02 6.1809698486e+02 6.1780603027e+02 6.1755798340e+02 6.1731597900e+02 6.1706500244e+02 6.1685498047e+02 6.1669000244e+02
6.2581402588e+02 6.2567498779e+02 6.2557202148e+02 6.2547302246e+02 6.2537402344e+02 6.2530102539e+02 6.2529797363e+02 6.2527600098e+02 6.2519396973e+02 6.2511297607e+02 6.2497198486e+02 6.2480297852e+02 6.2465301514e+02 6.2444702148e+02 6.2422497559e+02 6.2408001709e+02 6.2397698975e+02 6.2375799561e+02 6.2358197021e+02 6.2342901611e+02 6.2326898193e+02 6.2309197998e+02 6.2294396973e+02 6.2275897217e+02 6.2251800537e+02 6.2234301758e+02 6.2214801025e+02 6.2194201660e+02 6.2171099854e+02 6.2149298096e+02 6.2130401611e+02 6.2113800049e+02 6.2095397949e+02 6.2078302002e+02 6.2057800293e+02 6.2025701904e+02 6.1971801758e+02 6.1911901855e+02 6.1876098633e+02 6.1849902344e+02 6.1817199707e+02 6.1794702148e+02 6.1773101807e+02 6.1751898193e+02 6.1732000732e+02 6.1716802979e+02
6.2615100098e+02 6.2599597168e+02 6.2591101074e+02 6.2582598877e+02 6.2567999268e+02 6.2558398438e+02 6.2559399414e+02 6.2559002686e+02 6.2548297119e+02 6.2533599854e+02 6.2513702393e+02 6.2494897461e+02 6.2484301758e+02 6.2469000244e+02 6.2447802734e+02 6.2431701660e+02 6.2419201660e+02 6.2397198486e+02 6.2379602051e+02 6.2364501953e+02 6.2346197510e+02 6.2328497314e+02 6.2314801025e+02 6.2298297119e+02 6.2276397705e+02 6.2257299805e+02 6.2239202881e+02 6.2220300293e+02 6.2198699951e+02 6.2176702881e+02 6.2157000732e+02 6.2139300537e+02 6.2123498535e+02 6.2110302734e+02 6.2096099854e+02 6.2076397705e+02 6.2031701660e+02 6.1969396973e+02 6.1931402588e+02 6.1910998535e+02 6.1884600830e+02 6.1849798584e+02 6.1823400879e+02 6.1805603027e+02 6.1790997314e+02 6.1768200684e+02
6.2655297852e+02 6.2639001465e+02 6.2629602051e+02 6.2620098877e+02 6.2604400635e+02 6.2592199707e+02 6.2590997314e+02 6.2591302490e+02 6.2581097412e+02 6.2561102295e+02 6.2537902832e+02 6.2517498779e+02 6.2504797363e+02 6.2492102051e+02 6.2476202393e+02 6.2461199951e+02 6.2444097900e+02 6.2420599365e+02 6.2400897217e+02 6.2383599854e+02 6.2365197754e+02 6.2349700928e+02 6.2335797119e+02 6.2317901611e+02 6.2297100830e+02 6.2277301025e+02 6.2259399414e+02 6.2242602539e+02 6.2223297119e+02 6.2201202393e+02 6.2182702637e+02 6.2164801025e+02 6.2145397949e+02 6.2133001709e+02 6.2120898438e+02 6.2108300781e+02 6.2082098389e+02 6.2036901855e+02 6.2003198242e+02 6.1984997559e+02 6.1967102051e+02 6.1936297607e+02 6.1909197998e+02 6.1890100098e+02 6.1873901367e+02 6.1843597412e+02
6.2693200684e+02 6.2678302002e+02 6.2667297363e+02 6.2657202148e+02 6.2644396973e+02 6.2629797363e+02 6.2622399902e+02 6.2619598389e+02 6.2610400391e+02 6.2589001465e+02 6.2566601563e+02 6.2546899414e+02 6.2530499268e+02 6.2517102051e+02 6.2504302979e+02 6.2489898682e+02 6.2470098877e+02 6.2449401855e+02 6.2429400635e+02 6.2409997559e+02 6.2391302490e+02 6.2376098633e+02 6.2360302734e+02 6.2338702393e+02 6.2316900635e+02 6.2297802734e+02 6.2279699707e+02 6.2264398193e+02 6.2248199463e+02 6.2227600098e+02 6.2209802246e+02 6.2192199707e+02 6.2174200439e+02 6.2163500977e+02 6.2150097656e+02 6.2137298584e+02 6.2121502686e+02 6.2096398926e+02 6.2071002197e+02 6.2053198242e+02 6.2040002441e+02 6.2020300293e+02 6.1998602295e+02 6.1979199219e+02 6.1958001709e+02 6.1925097656e+02
