TESTSERVER/11/9.asc
NCOLS 100
NROWS 100
XLLCORNER 8.0497500000e+03
YLLCORNER 2.8950025000e+05
CELLSIZE 5.0000000000e-01
NODATA_VALUE -9.9990000000e+03
[rows 20 to 39 of 100, columns 0 to 45 of 100]
6.2863897705e+02 6.2873498535e+02 6.2880999756e+02 6.2891400146e+02 6.2906799316e+02 6.2926000977e+02 6.2945300293e+02 6.2967297363e+02 6.2983801270e+02 6.2996002197e+02 6.3009002686e+02 6.3022497559e+02 6.3037701416e+02 6.3052600098e+02 6.3063897705e+02 6.3076000977e+02 6.3083801270e+02 6.3083502197e+02 6.3076501465e+02 6.3058898926e+02 6.3046502686e+02 6.3038397217e+02 6.3038201904e+02 6.3024200439e+02 6.3010400391e+02 6.2998699951e+02 6.2991302490e+02 6.2988598633e+02 6.2979998779e+02 6.2969299316e+02 6.2957299805e+02 6.2935302734e+02 6.2916302490e+02 6.2904998779e+02 6.2891699219e+02 6.2879199219e+02 6.2867297363e+02 6.2851599121e+02 6.2835498047e+02 6.2822900391e+02 6.2809497070e+02 6.2800402832e+02 6.2793200684e+02 6.2780102539e+02 6.2759002686e+02 6.2738702393e+02
6.2867102051e+02 6.2877697754e+02 6.2881701660e+02 6.2889300537e+02 6.2903497314e+02 6.2921301270e+02 6.2939801025e+02 6.2965502930e+02 6.2986999512e+02 6.3001702881e+02 6.3010101318e+02 6.3020098877e+02 6.3031402588e+02 6.3043597412e+02 6.3056298828e+02 6.3068798828e+02 6.3083398438e+02 6.3093200684e+02 6.3091497803e+02 6.3083099365e+02 6.3073498535e+02 6.3066198730e+02 6.3067102051e+02 6.3065301514e+02 6.3053198242e+02 6.3036499023e+02 6.3020800781e+02 6.3010198975e+02 6.3004302979e+02 6.2997802734e+02 6.2986901855e+02 6.2968902588e+02 6.2949902344e+02 6.2937402344e+02 6.2925000000e+02 6.2913702393e+02 6.2901202393e+02 6.2885900879e+02 6.2868798828e+02 6.2854302979e+02 6.2839501953e+02 6.2824200439e+02 6.2811499023e+02 6.2801098633e+02 6.2790100098e+02 6.2775799561e+02
6.2866699219e+02 6.2879699707e+02 6.2882800293e+02 6.2888897705e+02 6.2902197266e+02 6.2918298340e+02 6.2934497070e+02 6.2961602783e+02 6.2986499023e+02 6.3003900146e+02 6.3011199951e+02 6.3018402100e+02 6.3027502441e+02 6.3037402344e+02 6.3047497559e+02 6.3057501221e+02 6.3072802734e+02 6.3087701416e+02 6.3096197510e+02 6.3099401855e+02 6.3098999023e+02 6.3095300293e+02 6.3092102051e+02 6.3093103027e+02 6.3087200928e+02 6.3074200439e+02 6.3058697510e+02 6.3039599609e+02 6.3028302002e+02 6.3024200439e+02 6.3017102051e+02 6.3007098389e+02 6.2988201904e+02 6.2970202637e+02 6.2957202148e+02 6.2946600342e+02 6.2934497070e+02 6.2923498535e+02 6.2908898926e+02 6.2891101074e+02 6.2873797607e+02 6.2857299805e+02 6.2844396973e+02 6.2829400635e+02 6.2818701172e+02 6.2806896973e+02
6.2860601807e+02 6.2877801514e+02 6.2883398438e+02 6.2888397217e+02 6.2900799561e+02 6.2915698242e+02 6.2929901123e+02 6.2955999756e+02 6.2981799316e+02 6.3001501465e+02 6.3011401367e+02 6.3019097900e+02 6.3027301025e+02 6.3035797119e+02 6.3044201660e+02 6.3050299072e+02 6.3062200928e+02 6.3077001953e+02 6.3091400146e+02 6.3105798340e+02 6.3117602539e+02 6.3122100830e+02 6.3117797852e+02 6.3115802002e+02 6.3113702393e+02 6.3106799316e+02 6.3097497559e+02 6.3077398682e+02 6.3059802246e+02 6.3052398682e+02 6.3044702148e+02 6.3043200684e+02 6.3028002930e+02 6.3004699707e+02 6.2987298584e+02 6.2976000977e+02 6.2965100098e+02 6.2957598877e+02 6.2947601318e+02 6.2933801270e+02 6.2917700195e+02 6.2897802734e+02 6.2886102295e+02 6.2868103027e+02 6.2851300049e+02 6.2835101318e+02
6.2848999023e+02 6.2869702148e+02 6.2882897949e+02 6.2886602783e+02 6.2895800781e+02 6.2908898926e+02 6.2924798584e+02 6.2950000000e+02 6.2974798584e+02 6.2995397949e+02 6.3008898926e+02 6.3018798828e+02 6.3028100586e+02 6.3037200928e+02 6.3045300293e+02 6.3049200439e+02 6.3056597900e+02 6.3067901611e+02 6.3082202148e+02 6.3102801514e+02 6.3125701904e+02 6.3142297363e+02 6.3149700928e+02 6.3141699219e+02 6.3136499023e+02 6.3132202148e+02 6.3130902100e+02 6.3115997314e+02 6.3097698975e+02 6.3082800293e+02 6.3070501709e+02 6.3063702393e+02 6.3051501465e+02 6.3034399414e+02 6.3021997070e+02 6.3008599854e+02 6.2997198486e+02 6.2988397217e+02 6.2980999756e+02 6.2974597168e+02 6.2961401367e+02 6.2935101318e+02 6.2915997314e+02 6.2904602051e+02 6.2887701416e+02 6.2868402100e+02
6.2834997559e+02 6.2858801270e+02 6.2877899170e+02 6.2885498047e+02 6.2890399170e+02 6.2900097656e+02 6.2919097900e+02 6.2946600342e+02 6.2972198486e+02 6.2993402100e+02 6.3008801270e+02 6.3017901611e+02 6.3026397705e+02 6.3034497070e+02 6.3041699219e+02 6.3047497559e+02 6.3054302979e+02 6.3063500977e+02 6.3075299072e+02 6.3091699219e+02 6.3112500000e+02 6.3132299805e+02 6.3146697998e+02 6.3154199219e+02 6.3154199219e+02 6.3152301025e+02 6.3153601074e+02 6.3146002197e+02 6.3131201172e+02 6.3115100098e+02 6.3100500488e+02 6.3088897705e+02 6.3073199463e+02 6.3057501221e+02 6.3048199463e+02 6.3038201904e+02 6.3030499268e+02 6.3023797607e+02 6.3014398193e+02 6.3001098633e+02 6.2988397217e+02 6.2965502930e+02 6.2943597412e+02 6.2930603027e+02 6.2917602539e+02 6.2902398682e+02
6.2815600586e+02 6.2841699219e+02 6.2865197754e+02 6.2878497314e+02 6.2884497070e+02 6.2893200684e+02 6.2912597656e+02 6.2940600586e+02 6.2967102051e+02 6.2990002441e+02 6.3007397461e+02 6.3016802979e+02 6.3025000000e+02 6.3032501221e+02 6.3038800049e+02 6.3045697021e+02 6.3053002930e+02 6.3060998535e+02 6.3070300293e+02 6.3081201172e+02 6.3096697998e+02 6.3114501953e+02 6.3131701660e+02 6.3147497559e+02 6.3156298828e+02 6.3161901855e+02 6.3167401123e+02 6.3167700195e+02 6.3159802246e+02 6.3145397949e+02 6.3127398682e+02 6.3112799072e+02 6.3098297119e+02 6.3084997559e+02 6.3076300049e+02 6.3064398193e+02 6.3058099365e+02 6.3054998779e+02 6.3046197510e+02 6.3029199219e+02 6.3019500732e+02 6.3007299805e+02 6.2983001709e+02 6.2960498047e+02 6.2945501709e+02 6.2932800293e+02
6.2794299316e+02 6.2820300293e+02 6.2845599365e+02 6.2864501953e+02 6.2874401855e+02 6.2884100342e+02 6.2903002930e+02 6.2930297852e+02 6.2956896973e+02 6.2980902100e+02 6.3000299072e+02 6.3011199951e+02 6.3021398926e+02 6.3030700684e+02 6.3038201904e+02 6.3045202637e+02 6.3052600098e+02 6.3060101318e+02 6.3067999268e+02 6.3076702881e+02 6.3087799072e+02 6.3101702881e+02 6.3116601563e+02 6.3132299805e+02 6.3145501709e+02 6.3157397461e+02 6.3169201660e+02 6.3178698730e+02 6.3179797363e+02 6.3170202637e+02 6.3152001953e+02 6.3135198975e+02 6.3123602295e+02 6.3114300537e+02 6.3106500244e+02 6.3092401123e+02 6.3082800293e+02 6.3079998779e+02 6.3075897217e+02 6.3061499023e+02 6.3046697998e+02 6.3033300781e+02 6.3015399170e+02 6.2991900635e+02 6.2973498535e+02 6.2959600830e+02
6.2776300049e+02 6.2800000000e+02 6.2824102783e+02 6.2845001221e+02 6.2859399414e+02 6.2871301270e+02 6.2889801025e+02 6.2916802979e+02 6.2942498779e+02 6.2966601563e+02 6.2987402344e+02 6.3000500488e+02 6.3014300537e+02 6.3027600098e+02 6.3038098145e+02 6.3045098877e+02 6.3052197266e+02 6.3058898926e+02 6.3066198730e+02 6.3078100586e+02 6.3089202881e+02 6.3100402832e+02 6.3111401367e+02 6.3121398926e+02 6.3132299805e+02 6.3144799805e+02 6.3160498047e+02 6.3178302002e+02 6.3188598633e+02 6.3189697266e+02 6.3185998535e+02 6.3161297607e+02 6.3147802734e+02 6.3138500977e+02 6.3129498291e+02 6.3118402100e+02 6.3105700684e+02 6.3097998047e+02 6.3090399170e+02 6.3082800293e+02 6.3068103027e+02 6.3049597168e+02 6.3034600830e+02 6.3016601563e+02 6.2999401855e+02 6.2985198975e+02
6.2759197998e+02 6.2781597900e+02 6.2804101563e+02 6.2823901367e+02 6.2839697266e+02 6.2854901123e+02 6.2877398682e+02 6.2904699707e+02 6.2929998779e+02 6.2953302002e+02 6.2972399902e+02 6.2988000488e+02 6.3005902100e+02 6.3021899414e+02 6.3033398438e+02 6.3042901611e+02 6.3050201416e+02 6.3056799316e+02 6.3065997314e+02 6.3079199219e+02 6.3091601563e+02 6.3103399658e+02 6.3113702393e+02 6.3121301270e+02 6.3128302002e+02 6.3136199951e+02 6.3147998047e+02 6.3162597656e+02 6.3175500488e+02 6.3183898926e+02 6.3188299561e+02 6.3184399414e+02 6.3179901123e+02 6.3170501709e+02 6.3154498291e+02 6.3139398193e+02 6.3128100586e+02 6.3119598389e+02 6.3109399414e+02 6.3100000000e+02 6.3089398193e+02 6.3074798584e+02 6.3060400391e+02 6.3042999268e+02 6.3026800537e+02 6.3011499023e+02
6.2738500977e+02 6.2760900879e+02 6.2781799316e+02 6.2799798584e+02 6.2815197754e+02 6.2833801270e+02 6.2863800049e+02 6.2894097900e+02 6.2919201660e+02 6.2941101074e+02 6.2958697510e+02 6.2975402832e+02 6.2994702148e+02 6.3011901855e+02 6.3024798584e+02 6.3035699463e+02 6.3043597412e+02 6.3050799561e+02 6.3062701416e+02 6.3077697754e+02 6.3090899658e+02 6.3103302002e+02 6.3112597656e+02 6.3118597412e+02 6.3124902344e+02 6.3131896973e+02 6.3140698242e+02 6.3151800537e+02 6.3163000488e+02 6.3172497559e+02 6.3181201172e+02 6.3190399170e+02 6.3198101807e+02 6.3198101807e+02 6.3187200928e+02 6.3177099609e+02 6.3167498779e+02 6.3155798340e+02 6.3140002441e+02 6.3125799561e+02 6.3114697266e+02 6.3101898193e+02 6.3084100342e+02 6.3064801025e+02 6.3047399902e+02 6.3031799316e+02
6.2713000488e+02 6.2736602783e+02 6.2757501221e+02 6.2774902344e+02 6.2790100098e+02 6.2811199951e+02 6.2846801758e+02 6.2880700684e+02 6.2907098389e+02 6.2928802490e+02 6.2946801758e+02 6.2963897705e+02 6.2981896973e+02 6.2998101807e+02 6.3011499023e+02 6.3023901367e+02 6.3033099365e+02 6.3041198730e+02 6.3053100586e+02 6.3068499756e+02 6.3083599854e+02 6.3097399902e+02 6.3106701660e+02 6.3112097168e+02 6.3119097900e+02 6.3126599121e+02 6.3135601807e+02 6.3147698975e+02 6.3157397461e+02 6.3165600586e+02 6.3174200439e+02 6.3184399414e+02 6.3194396973e+02 6.3200799561e+02 6.3203100586e+02 6.3203497314e+02 6.3197497559e+02 6.3185400391e+02 6.3171398926e+02 6.3155902100e+02 6.3141101074e+02 6.3125000000e+02 6.3104400635e+02 6.3084497070e+02 6.3065997314e+02 6.3050000000e+02
6.2683898926e+02 6.2709997559e+02 6.2733502197e+02 6.2752099609e+02 6.2768798828e+02 6.2790899658e+02 6.2825299072e+02 6.2860797119e+02 6.2890399170e+02 6.2914202881e+02 6.2933197021e+02 6.2952398682e+02 6.2968902588e+02 6.2983099365e+02 6.2996197510e+02 6.3008697510e+02 6.3019799805e+02 6.3029302979e+02 6.3038800049e+02 6.3052197266e+02 6.3068701172e+02 6.3085400391e+02 6.3097698975e+02 6.3104498291e+02 6.3111700439e+02 6.3119299316e+02 6.3128601074e+02 6.3142102051e+02 6.3153399658e+02 6.3162402344e+02 6.3170898438e+02 6.3180902100e+02 6.3188800049e+02 6.3192498779e+02 6.3197497559e+02 6.3205297852e+02 6.3206201172e+02 6.3202001953e+02 6.3203900146e+02 6.3189501953e+02 6.3168597412e+02 6.3145202637e+02 6.3125598145e+02 6.3109197998e+02 6.3091802979e+02 6.3074798584e+02
6.2658197021e+02 6.2683599854e+02 6.2705798340e+02 6.2726098633e+02 6.2745800781e+02 6.2768798828e+02 6.2798901367e+02 6.2832702637e+02 6.2866699219e+02 6.2896398926e+02 6.2917401123e+02 6.2935498047e+02 6.2952801514e+02 6.2968103027e+02 6.2983001709e+02 6.2995697021e+02 6.3006298828e+02 6.3016900635e+02 6.3028100586e+02 6.3041101074e+02 6.3055999756e+02 6.3070800781e+02 6.3083099365e+02 6.3092797852e+02 6.3101501465e+02 6.3110400391e+02 6.3121099854e+02 6.3134497070e+02 6.3146099854e+02 6.3156402588e+02 6.3165197754e+02 6.3172698975e+02 6.3182800293e+02 6.3187799072e+02 6.3190997314e+02 6.3199401855e+02 6.3206799316e+02 6.3210400391e+02 6.3216302490e+02 6.3211401367e+02 6.3194299316e+02 6.3171197510e+02 6.3152197266e+02 6.3138598633e+02 6.3122900391e+02 6.3106500244e+02
6.2629302979e+02 6.2652301025e+02 6.2672399902e+02 6.2693402100e+02 6.2717797852e+02 6.2745001221e+02 6.2773602295e+02 6.2804498291e+02 6.2841601563e+02 6.2878399658e+02 6.2905499268e+02 6.2920800781e+02 6.2936999512e+02 6.2953100586e+02 6.2969396973e+02 6.2981701660e+02 6.2991302490e+02 6.3002301025e+02 6.3016101074e+02 6.3030798340e+02 6.3046099854e+02 6.3061199951e+02 6.3073699951e+02 6.3084899902e+02 6.3092901611e+02 6.3099597168e+02 6.3110400391e+02 6.3124298096e+02 6.3136297607e+02 6.3148901367e+02 6.3160998535e+02 6.3166699219e+02 6.3171997070e+02 6.3177001953e+02 6.3183502197e+02 6.3191302490e+02 6.3202099609e+02 6.3211102295e+02 6.3217999268e+02 6.3219500732e+02 6.3214099121e+02 6.3198498535e+02 6.3179400635e+02 6.3166998291e+02 6.3153497314e+02 6.3139099121e+02
6.2596197510e+02 6.2617498779e+02 6.2638397217e+02 6.2661499023e+02 6.2689801025e+02 6.2720599365e+02 6.2750097656e+02 6.2777398682e+02 6.2815002441e+02 6.2856896973e+02 6.2892797852e+02 6.2906402588e+02 6.2919299316e+02 6.2934301758e+02 6.2951800537e+02 6.2963897705e+02 6.2973999023e+02 6.2986700439e+02 6.3002697754e+02 6.3017602539e+02 6.3033300781e+02 6.3050799561e+02 6.3068200684e+02 6.3082397461e+02 6.3089202881e+02 6.3091699219e+02 6.3098699951e+02 6.3110900879e+02 6.3122601318e+02 6.3137500000e+02 6.3153997803e+02 6.3163598633e+02 6.3168200684e+02 6.3170800781e+02 6.3176098633e+02 6.3182800293e+02 6.3195098877e+02 6.3207501221e+02 6.3216900635e+02 6.3219299316e+02 6.3222100830e+02 6.3216101074e+02 6.3201599121e+02 6.3190301514e+02 6.3180401611e+02 6.3169201660e+02
6.2563500977e+02 6.2584899902e+02 6.2607897949e+02 6.2635198975e+02 6.2663897705e+02 6.2694598389e+02 6.2725598145e+02 6.2754199219e+02 6.2789099121e+02 6.2829498291e+02 6.2866699219e+02 6.2887799072e+02 6.2897698975e+02 6.2909497070e+02 6.2925897217e+02 6.2941802979e+02 6.2955200195e+02 6.2970800781e+02 6.2988500977e+02 6.3002600098e+02 6.3016400146e+02 6.3034497070e+02 6.3057501221e+02 6.3075897217e+02 6.3084197998e+02 6.3086901855e+02 6.3092102051e+02 6.3099499512e+02 6.3109997559e+02 6.3123999023e+02 6.3139697266e+02 6.3155499268e+02 6.3166302490e+02 6.3169799805e+02 6.3170697021e+02 6.3174798584e+02 6.3184497070e+02 6.3197601318e+02 6.3211102295e+02 6.3217999268e+02 6.3221099854e+02 6.3221197510e+02 6.3214599609e+02 6.3205798340e+02 6.3199298096e+02 6.3192199707e+02
6.2536999512e+02 6.2559600830e+02 6.2583197021e+02 6.2611102295e+02 6.2640100098e+02 6.2670898438e+02 6.2701898193e+02 6.2729998779e+02 6.2763098145e+02 6.2799700928e+02 6.2832598877e+02 6.2855102539e+02 6.2869702148e+02 6.2882800293e+02 6.2899902344e+02 6.2916900635e+02 6.2933898926e+02 6.2952502441e+02 6.2973101807e+02 6.2990899658e+02 6.3005102539e+02 6.3021099854e+02 6.3041802979e+02 6.3060302734e+02 6.3071600342e+02 6.3077801514e+02 6.3083502197e+02 6.3089202881e+02 6.3098498535e+02 6.3111700439e+02 6.3128100586e+02 6.3142999268e+02 6.3156201172e+02 6.3165002441e+02 6.3169500732e+02 6.3173797607e+02 6.3178601074e+02 6.3184497070e+02 6.3194000244e+02 6.3205102539e+02 6.3212701416e+02 6.3216601563e+02 6.3216497803e+02 6.3214501953e+02 6.3212298584e+02 6.3208898926e+02
6.2513397217e+02 6.2537597656e+02 6.2561102295e+02 6.2587597656e+02 6.2617498779e+02 6.2649298096e+02 6.2680297852e+02 6.2706896973e+02 6.2738702393e+02 6.2773602295e+02 6.2803302002e+02 6.2825701904e+02 6.2842602539e+02 6.2857098389e+02 6.2874700928e+02 6.2893200684e+02 6.2912298584e+02 6.2933599854e+02 6.2955902100e+02 6.2976397705e+02 6.2993103027e+02 6.3008697510e+02 6.3026501465e+02 6.3044897461e+02 6.3058197021e+02 6.3067102051e+02 6.3073999023e+02 6.3081298828e+02 6.3090002441e+02 6.3102001953e+02 6.3118902588e+02 6.3133300781e+02 6.3144097900e+02 6.3152801514e+02 6.3160699463e+02 6.3170001221e+02 6.3177197266e+02 6.3182098389e+02 6.3185900879e+02 6.3194500732e+02 6.3202600098e+02 6.3208599854e+02 6.3213098145e+02 6.3216802979e+02 6.3219500732e+02 6.3220001221e+02
6.2490698242e+02 6.2516802979e+02 6.2541699219e+02 6.2567602539e+02 6.2597698975e+02 6.2629400635e+02 6.2659600830e+02 6.2684197998e+02 6.2714599609e+02 6.2748498535e+02 6.2778002930e+02 6.2800402832e+02 6.2817297363e+02 6.2831701660e+02 6.2848699951e+02 6.2866601563e+02 6.2886602783e+02 6.2910101318e+02 6.2934197998e+02 6.2955499268e+02 6.2974499512e+02 6.2991601563e+02 6.3009100342e+02 6.3027301025e+02 6.3042401123e+02 6.3053698730e+02 6.3062500000e+02 6.3073901367e+02 6.3084197998e+02 6.3094299316e+02 6.3108001709e+02 6.3120800781e+02 6.3130297852e+02 6.3137799072e+02 6.3144299316e+02 6.3155603027e+02 6.3168902588e+02 6.3180603027e+02 6.3184899902e+02 6.3189202881e+02 6.3195397949e+02 6.3201098633e+02 6.3206896973e+02 6.3213598633e+02 6.3219396973e+02 6.3222900391e+02
