TESTSERVER/4/0.asc
NCOLS 100
NROWS 100
XLLCORNER 7.6997500000e+03
YLLCORNER 2.8995025000e+05
CELLSIZE 5.0000000000e-01
NODATA_VALUE -9.9990000000e+03
[rows 60 to 79 of 100, columns 46 to 91 of 100]
6.5562701416e+02 6.5558502197e+02 6.5553802490e+02 6.5548297119e+02 6.5543103027e+02 6.5539697266e+02 6.5534802246e+02 6.5530499268e+02 6.5525701904e+02 6.5518701172e+02 6.5514501953e+02 6.5508001709e+02 6.5501000977e+02 6.5496002197e+02 6.5490399170e+02 6.5485101318e+02 6.5477099609e+02 6.5471997070e+02 6.5465399170e+02 6.5459100342e+02 6.5454302979e+02 6.5453497314e+02 6.5452600098e+02 6.5453399658e+02 6.5451202393e+02 6.5448498535e+02 6.5447198486e+02 6.5445898438e+02 6.5444702148e+02 6.5442199707e+02 6.5441497803e+02 6.5445599365e+02 6.5452197266e+02 6.5455102539e+02 6.5451702881e+02 6.5448999023e+02 6.5444897461e+02 6.5442700195e+02 6.5443402100e+02 6.5440100098e+02 6.5439697266e+02 6.5439801025e+02 6.5441900635e+02 6.5443402100e+02 6.5444500732e+02 6.5444201660e+02
6.5563598633e+02 6.5558502197e+02 6.5552697754e+02 6.5547497559e+02 6.5544396973e+02 6.5540002441e+02 6.5533398438e+02 6.5527600098e+02 6.5523901367e+02 6.5517901611e+02 6.5510998535e+02 6.5503698730e+02 6.5498999023e+02 6.5494598389e+02 6.5488299561e+02 6.5482299805e+02 6.5474597168e+02 6.5470001221e+02 6.5464099121e+02 6.5458502197e+02 6.5452600098e+02 6.5450500488e+02 6.5449200439e+02 6.5447698975e+02 6.5447698975e+02 6.5446398926e+02 6.5445300293e+02 6.5441601563e+02 6.5437597656e+02 6.5436901855e+02 6.5435699463e+02 6.5437500000e+02 6.5445397949e+02 6.5448400879e+02 6.5446197510e+02 6.5446398926e+02 6.5442401123e+02 6.5438098145e+02 6.5440399170e+02 6.5438702393e+02 6.5438397217e+02 6.5438098145e+02 6.5441101074e+02 6.5441900635e+02 6.5441802979e+02 6.5443103027e+02
6.5562200928e+02 6.5558197021e+02 6.5553002930e+02 6.5546502686e+02 6.5544299316e+02 6.5540301514e+02 6.5532800293e+02 6.5526098633e+02 6.5521002197e+02 6.5516699219e+02 6.5510302734e+02 6.5503601074e+02 6.5500000000e+02 6.5495098877e+02 6.5488800049e+02 6.5483001709e+02 6.5474902344e+02 6.5467700195e+02 6.5461401367e+02 6.5457397461e+02 6.5451300049e+02 6.5448602295e+02 6.5445501709e+02 6.5443298340e+02 6.5443597412e+02 6.5442297363e+02 6.5441101074e+02 6.5439398193e+02 6.5436199951e+02 6.5436798096e+02 6.5435797119e+02 6.5435601807e+02 6.5439801025e+02 6.5441400146e+02 6.5441198730e+02 6.5442199707e+02 6.5438098145e+02 6.5434100342e+02 6.5435699463e+02 6.5436700439e+02 6.5439697266e+02 6.5437597656e+02 6.5439001465e+02 6.5438598633e+02 6.5439202881e+02 6.5441802979e+02
6.5559899902e+02 6.5557202148e+02 6.5553302002e+02 6.5545098877e+02 6.5542999268e+02 6.5539599609e+02 6.5531799316e+02 6.5524798584e+02 6.5519201660e+02 6.5516497803e+02 6.5511700439e+02 6.5505700684e+02 6.5500598145e+02 6.5496099854e+02 6.5490197754e+02 6.5483801270e+02 6.5477301025e+02 6.5469500732e+02 6.5462200928e+02 6.5456896973e+02 6.5449597168e+02 6.5446502686e+02 6.5443402100e+02 6.5442797852e+02 6.5440802002e+02 6.5439501953e+02 6.5437902832e+02 6.5436297607e+02 6.5435101318e+02 6.5434997559e+02 6.5434600830e+02 6.5432897949e+02 6.5434802246e+02 6.5435198975e+02 6.5435498047e+02 6.5436499023e+02 6.5433697510e+02 6.5431201172e+02 6.5433197021e+02 6.5435198975e+02 6.5438201904e+02 6.5436102295e+02 6.5437597656e+02 6.5437402344e+02 6.5438397217e+02 6.5439898682e+02
6.5557202148e+02 6.5553802490e+02 6.5549597168e+02 6.5542999268e+02 6.5542102051e+02 6.5536798096e+02 6.5530102539e+02 6.5526300049e+02 6.5521197510e+02 6.5517401123e+02 6.5512402344e+02 6.5507800293e+02 6.5501599121e+02 6.5497399902e+02 6.5491497803e+02 6.5484997559e+02 6.5476599121e+02 6.5470098877e+02 6.5461102295e+02 6.5453198242e+02 6.5446502686e+02 6.5444500732e+02 6.5441198730e+02 6.5441101074e+02 6.5440100098e+02 6.5439697266e+02 6.5436401367e+02 6.5431896973e+02 6.5429498291e+02 6.5428302002e+02 6.5428399658e+02 6.5428100586e+02 6.5431896973e+02 6.5432800293e+02 6.5430999756e+02 6.5431500244e+02 6.5428399658e+02 6.5429901123e+02 6.5433599854e+02 6.5435198975e+02 6.5435601807e+02 6.5435498047e+02 6.5437097168e+02 6.5435498047e+02 6.5434997559e+02 6.5437402344e+02
6.5550897217e+02 6.5549102783e+02 6.5546002197e+02 6.5541601563e+02 6.5539398193e+02 6.5534600830e+02 6.5527801514e+02 6.5523901367e+02 6.5519201660e+02 6.5514001465e+02 6.5511700439e+02 6.5508599854e+02 6.5503997803e+02 6.5499200439e+02 6.5493402100e+02 6.5486499023e+02 6.5475799561e+02 6.5466101074e+02 6.5458599854e+02 6.5451202393e+02 6.5443701172e+02 6.5441302490e+02 6.5437701416e+02 6.5437402344e+02 6.5436700439e+02 6.5434600830e+02 6.5432299805e+02 6.5429797363e+02 6.5428997803e+02 6.5427600098e+02 6.5426702881e+02 6.5425799561e+02 6.5429998779e+02 6.5430902100e+02 6.5428100586e+02 6.5427899170e+02 6.5427398682e+02 6.5428997803e+02 6.5431402588e+02 6.5433697510e+02 6.5433898926e+02 6.5432702637e+02 6.5433697510e+02 6.5434002686e+02 6.5434899902e+02 6.5436297607e+02
6.5548199463e+02 6.5546002197e+02 6.5542199707e+02 6.5540301514e+02 6.5537701416e+02 6.5533801270e+02 6.5528100586e+02 6.5523297119e+02 6.5520202637e+02 6.5513800049e+02 6.5511700439e+02 6.5508898926e+02 6.5505102539e+02 6.5499700928e+02 6.5493103027e+02 6.5485998535e+02 6.5475500488e+02 6.5463702393e+02 6.5456701660e+02 6.5449597168e+02 6.5441198730e+02 6.5438299561e+02 6.5434997559e+02 6.5435198975e+02 6.5435797119e+02 6.5432800293e+02 6.5429699707e+02 6.5426599121e+02 6.5425201416e+02 6.5423999023e+02 6.5423901367e+02 6.5423699951e+02 6.5425402832e+02 6.5426202393e+02 6.5424597168e+02 6.5424200439e+02 6.5426098633e+02 6.5428997803e+02 6.5431402588e+02 6.5432202148e+02 6.5430499268e+02 6.5430798340e+02 6.5431701660e+02 6.5432897949e+02 6.5433001709e+02 6.5433001709e+02
6.5545800781e+02 6.5543103027e+02 6.5537597656e+02 6.5534802246e+02 6.5536999512e+02 6.5536798096e+02 6.5533300781e+02 6.5526599121e+02 6.5521301270e+02 6.5512902832e+02 6.5508398438e+02 6.5505297852e+02 6.5503497314e+02 6.5500000000e+02 6.5492797852e+02 6.5483197021e+02 6.5472100830e+02 6.5460699463e+02 6.5452001953e+02 6.5444500732e+02 6.5439001465e+02 6.5436499023e+02 6.5433801270e+02 6.5435101318e+02 6.5435101318e+02 6.5429602051e+02 6.5427001953e+02 6.5425299072e+02 6.5421899414e+02 6.5420501709e+02 6.5420397949e+02 6.5422198486e+02 6.5423602295e+02 6.5423297119e+02 6.5423101807e+02 6.5423199463e+02 6.5424700928e+02 6.5426599121e+02 6.5428802490e+02 6.5429302979e+02 6.5428497314e+02 6.5429602051e+02 6.5429797363e+02 6.5430200195e+02 6.5430200195e+02 6.5430902100e+02
6.5542602539e+02 6.5538800049e+02 6.5535699463e+02 6.5531896973e+02 6.5534497070e+02 6.5544097900e+02 6.5541802979e+02 6.5528601074e+02 6.5518402100e+02 6.5512200928e+02 6.5508502197e+02 6.5505200195e+02 6.5501098633e+02 6.5498199463e+02 6.5493902588e+02 6.5483300781e+02 6.5470697021e+02 6.5462701416e+02 6.5451599121e+02 6.5443103027e+02 6.5440600586e+02 6.5436700439e+02 6.5433099365e+02 6.5433898926e+02 6.5432397461e+02 6.5428601074e+02 6.5426300049e+02 6.5422998047e+02 6.5419799805e+02 6.5420098877e+02 6.5419097900e+02 6.5420501709e+02 6.5423199463e+02 6.5420501709e+02 6.5420501709e+02 6.5422497559e+02 6.5423901367e+02 6.5425000000e+02 6.5427001953e+02 6.5426800537e+02 6.5425299072e+02 6.5427301025e+02 6.5428698730e+02 6.5428698730e+02 6.5429302979e+02 6.5430297852e+02
6.5541400146e+02 6.5536102295e+02 6.5534100342e+02 6.5532702637e+02 6.5534100342e+02 6.5538299561e+02 6.5537097168e+02 6.5526702881e+02 6.5516900635e+02 6.5510601807e+02 6.5507501221e+02 6.5503100586e+02 6.5498699951e+02 6.5495501709e+02 6.5491998291e+02 6.5483300781e+02 6.5470800781e+02 6.5460101318e+02 6.5450799561e+02 6.5444097900e+02 6.5438000488e+02 6.5435400391e+02 6.5431896973e+02 6.5432000732e+02 6.5430902100e+02 6.5428198242e+02 6.5424597168e+02 6.5421997070e+02 6.5418402100e+02 6.5419201660e+02 6.5417999268e+02 6.5417901611e+02 6.5420599365e+02 6.5421600342e+02 6.5421197510e+02 6.5421600342e+02 6.5422601318e+02 6.5425000000e+02 6.5425598145e+02 6.5426300049e+02 6.5426098633e+02 6.5425299072e+02 6.5427197266e+02 6.5427099609e+02 6.5427197266e+02 6.5427001953e+02
6.5539099121e+02 6.5533898926e+02 6.5530499268e+02 6.5527099609e+02 6.5523602295e+02 6.5523199463e+02 6.5523999023e+02 6.5520501709e+02 6.5512402344e+02 6.5504797363e+02 6.5501098633e+02 6.5498199463e+02 6.5497100830e+02 6.5493499756e+02 6.5489398193e+02 6.5482299805e+02 6.5471398926e+02 6.5458599854e+02 6.5448602295e+02 6.5442297363e+02 6.5435699463e+02 6.5432702637e+02 6.5428698730e+02 6.5428601074e+02 6.5428100586e+02 6.5425500488e+02 6.5421697998e+02 6.5418499756e+02 6.5415100098e+02 6.5416302490e+02 6.5416101074e+02 6.5416900635e+02 6.5417602539e+02 6.5419897461e+02 6.5420098877e+02 6.5420202637e+02 6.5420898438e+02 6.5423797607e+02 6.5423999023e+02 6.5425000000e+02 6.5426000977e+02 6.5424102783e+02 6.5425299072e+02 6.5425897217e+02 6.5426000977e+02 6.5425598145e+02
6.5531298828e+02 6.5529602051e+02 6.5526702881e+02 6.5521002197e+02 6.5515802002e+02 6.5516101074e+02 6.5514001465e+02 6.5510601807e+02 6.5505499268e+02 6.5501202393e+02 6.5495800781e+02 6.5493402100e+02 6.5493499756e+02 6.5489801025e+02 6.5486602783e+02 6.5479602051e+02 6.5469897461e+02 6.5458300781e+02 6.5447601318e+02 6.5441497803e+02 6.5435400391e+02 6.5431298828e+02 6.5427301025e+02 6.5425598145e+02 6.5424200439e+02 6.5421099854e+02 6.5417797852e+02 6.5415197754e+02 6.5412701416e+02 6.5412298584e+02 6.5413598633e+02 6.5415100098e+02 6.5415301514e+02 6.5416802979e+02 6.5417297363e+02 6.5418103027e+02 6.5420202637e+02 6.5421997070e+02 6.5423199463e+02 6.5423699951e+02 6.5423498535e+02 6.5423400879e+02 6.5424700928e+02 6.5425701904e+02 6.5425299072e+02 6.5424700928e+02
6.5522698975e+02 6.5521801758e+02 6.5519000244e+02 6.5515997314e+02 6.5510900879e+02 6.5511999512e+02 6.5509002686e+02 6.5505102539e+02 6.5504101563e+02 6.5496502686e+02 6.5491101074e+02 6.5489001465e+02 6.5490399170e+02 6.5489501953e+02 6.5486901855e+02 6.5478997803e+02 6.5467401123e+02 6.5457202148e+02 6.5448498535e+02 6.5440899658e+02 6.5432397461e+02 6.5429797363e+02 6.5425799561e+02 6.5424700928e+02 6.5422399902e+02 6.5418798828e+02 6.5416400146e+02 6.5414001465e+02 6.5410900879e+02 6.5410998535e+02 6.5413800049e+02 6.5414599609e+02 6.5415802002e+02 6.5417199707e+02 6.5417199707e+02 6.5416601563e+02 6.5418103027e+02 6.5418499756e+02 6.5420501709e+02 6.5421801758e+02 6.5421398926e+02 6.5421697998e+02 6.5423199463e+02 6.5422497559e+02 6.5421697998e+02 6.5422802734e+02
6.5516998291e+02 6.5514398193e+02 6.5510302734e+02 6.5509600830e+02 6.5507098389e+02 6.5502801514e+02 6.5497302246e+02 6.5494000244e+02 6.5492999268e+02 6.5485400391e+02 6.5483801270e+02 6.5485699463e+02 6.5488598633e+02 6.5487200928e+02 6.5484997559e+02 6.5478497314e+02 6.5464599609e+02 6.5456201172e+02 6.5445501709e+02 6.5437097168e+02 6.5430700684e+02 6.5427301025e+02 6.5422698975e+02 6.5422601318e+02 6.5419598389e+02 6.5416198730e+02 6.5413702393e+02 6.5410302734e+02 6.5409600830e+02 6.5411602783e+02 6.5413098145e+02 6.5412799072e+02 6.5413397217e+02 6.5416302490e+02 6.5416198730e+02 6.5414898682e+02 6.5416998291e+02 6.5418103027e+02 6.5420001221e+02 6.5421197510e+02 6.5420397949e+02 6.5420501709e+02 6.5422198486e+02 6.5421398926e+02 6.5421301270e+02 6.5421899414e+02
6.5513598633e+02 6.5508599854e+02 6.5502099609e+02 6.5499700928e+02 6.5498498535e+02 6.5493902588e+02 6.5487298584e+02 6.5483898926e+02 6.5484197998e+02 6.5479400635e+02 6.5480999756e+02 6.5484100342e+02 6.5486199951e+02 6.5483697510e+02 6.5480603027e+02 6.5475598145e+02 6.5463201904e+02 6.5452600098e+02 6.5440997314e+02 6.5433099365e+02 6.5428302002e+02 6.5424102783e+02 6.5418902588e+02 6.5417602539e+02 6.5413397217e+02 6.5412200928e+02 6.5410797119e+02 6.5408502197e+02 6.5408398438e+02 6.5409698486e+02 6.5410900879e+02 6.5411602783e+02 6.5411798096e+02 6.5414599609e+02 6.5414398193e+02 6.5413299561e+02 6.5415301514e+02 6.5417401123e+02 6.5417901611e+02 6.5419500732e+02 6.5419097900e+02 6.5417797852e+02 6.5419598389e+02 6.5419702148e+02 6.5420300293e+02 6.5421197510e+02
6.5507897949e+02 6.5504101563e+02 6.5497998047e+02 6.5492199707e+02 6.5489501953e+02 6.5484497070e+02 6.5478900146e+02 6.5476898193e+02 6.5479400635e+02 6.5475201416e+02 6.5477899170e+02 6.5482598877e+02 6.5482598877e+02 6.5479498291e+02 6.5476501465e+02 6.5471502686e+02 6.5459997559e+02 6.5447497559e+02 6.5436901855e+02 6.5428698730e+02 6.5423797607e+02 6.5421197510e+02 6.5416900635e+02 6.5414898682e+02 6.5411102295e+02 6.5409997559e+02 6.5408398438e+02 6.5407000732e+02 6.5406701660e+02 6.5408502197e+02 6.5409497070e+02 6.5411199951e+02 6.5411798096e+02 6.5413897705e+02 6.5413201904e+02 6.5412597656e+02 6.5414099121e+02 6.5417199707e+02 6.5416802979e+02 6.5417999268e+02 6.5418402100e+02 6.5417797852e+02 6.5419299316e+02 6.5418798828e+02 6.5419201660e+02 6.5419598389e+02
6.5498498535e+02 6.5498797607e+02 6.5493597412e+02 6.5488000488e+02 6.5487597656e+02 6.5481799316e+02 6.5477301025e+02 6.5473999023e+02 6.5475799561e+02 6.5472698975e+02 6.5472601318e+02 6.5475701904e+02 6.5476898193e+02 6.5475500488e+02 6.5472900391e+02 6.5465997314e+02 6.5455798340e+02 6.5444201660e+02 6.5433502197e+02 6.5423199463e+02 6.5416601563e+02 6.5417297363e+02 6.5414898682e+02 6.5411901855e+02 6.5413201904e+02 6.5409301758e+02 6.5407299805e+02 6.5406701660e+02 6.5407202148e+02 6.5408300781e+02 6.5407897949e+02 6.5409802246e+02 6.5413702393e+02 6.5412701416e+02 6.5411297607e+02 6.5411602783e+02 6.5413897705e+02 6.5415698242e+02 6.5416699219e+02 6.5417602539e+02 6.5415899658e+02 6.5416699219e+02 6.5418298340e+02 6.5418103027e+02 6.5417102051e+02 6.5420202637e+02
6.5495800781e+02 6.5497698975e+02 6.5489202881e+02 6.5483300781e+02 6.5480902100e+02 6.5477301025e+02 6.5475701904e+02 6.5471099854e+02 6.5471002197e+02 6.5467297363e+02 6.5464898682e+02 6.5465100098e+02 6.5466699219e+02 6.5468798828e+02 6.5467602539e+02 6.5461499023e+02 6.5452398682e+02 6.5442199707e+02 6.5428802490e+02 6.5420098877e+02 6.5415100098e+02 6.5413598633e+02 6.5411401367e+02 6.5409497070e+02 6.5410101318e+02 6.5407897949e+02 6.5405700684e+02 6.5404498291e+02 6.5406500244e+02 6.5407299805e+02 6.5408197021e+02 6.5408197021e+02 6.5411602783e+02 6.5412200928e+02 6.5412097168e+02 6.5411199951e+02 6.5412298584e+02 6.5412902832e+02 6.5414202881e+02 6.5414898682e+02 6.5413800049e+02 6.5415197754e+02 6.5415802002e+02 6.5416699219e+02 6.5417102051e+02 6.5419396973e+02
6.5492199707e+02 6.5492199707e+02 6.5482897949e+02 6.5477899170e+02 6.5475299072e+02 6.5474200439e+02 6.5473101807e+02 6.5468902588e+02 6.5466998291e+02 6.5462200928e+02 6.5459497070e+02 6.5458801270e+02 6.5459197998e+02 6.5460302734e+02 6.5459600830e+02 6.5454302979e+02 6.5445898438e+02 6.5437597656e+02 6.5423101807e+02 6.5415301514e+02 6.5412701416e+02 6.5410699463e+02 6.5408801270e+02 6.5406896973e+02 6.5405999756e+02 6.5405499268e+02 6.5403399658e+02 6.5403002930e+02 6.5405297852e+02 6.5405902100e+02 6.5408099365e+02 6.5407299805e+02 6.5409997559e+02 6.5410900879e+02 6.5410699463e+02 6.5409802246e+02 6.5411102295e+02 6.5412500000e+02 6.5413397217e+02 6.5414202881e+02 6.5413702393e+02 6.5416101074e+02 6.5415399170e+02 6.5415301514e+02 6.5416400146e+02 6.5417102051e+02
6.5484197998e+02 6.5481097412e+02 6.5474298096e+02 6.5472802734e+02 6.5471197510e+02 6.5469299316e+02 6.5468798828e+02 6.5467199707e+02 6.5463000488e+02 6.5457800293e+02 6.5457000732e+02 6.5456799316e+02 6.5455102539e+02 6.5453198242e+02 6.5451800537e+02 6.5447100830e+02 6.5438800049e+02 6.5432000732e+02 6.5421697998e+02 6.5415100098e+02 6.5410998535e+02 6.5409399414e+02 6.5407397461e+02 6.5405401611e+02 6.5403698730e+02 6.5402899170e+02 6.5402600098e+02 6.5403601074e+02 6.5404498291e+02 6.5404797363e+02 6.5406597900e+02 6.5406500244e+02 6.5408099365e+02 6.5408599854e+02 6.5408599854e+02 6.5408197021e+02 6.5409600830e+02 6.5411199951e+02 6.5411999512e+02 6.5413000488e+02 6.5411700439e+02 6.5413800049e+02 6.5414001465e+02 6.5413702393e+02 6.5414697266e+02 6.5415802002e+02
