TESTSERVER/4/0.asc
NCOLS 100
NROWS 100
XLLCORNER 7.6997500000e+03
YLLCORNER 2.8995025000e+05
CELLSIZE 5.0000000000e-01
NODATA_VALUE -9.9990000000e+03
[rows 20 to 39 of 100, columns 0 to 45 of 100]
6.5644598389e+02 6.5648101807e+02 6.5649499512e+02 6.5652197266e+02 6.5655297852e+02 6.5658197021e+02 6.5660198975e+02 6.5663397217e+02 6.5669702148e+02 6.5674700928e+02 6.5678399658e+02 6.5679302979e+02 6.5684600830e+02 6.5688397217e+02 6.5692102051e+02 6.5696600342e+02 6.5703900146e+02 6.5710498047e+02 6.5715802002e+02 6.5722302246e+02 6.5726202393e+02 6.5730700684e+02 6.5737500000e+02 6.5746002197e+02 6.5755102539e+02 6.5762500000e+02 6.5771899414e+02 6.5779998779e+02 6.5792602539e+02 6.5804797363e+02 6.5807397461e+02 6.5813897705e+02 6.5816998291e+02 6.5818200684e+02 6.5818597412e+02 6.5820599365e+02 6.5816601563e+02 6.5813500977e+02 6.5816699219e+02 6.5817297363e+02 6.5817602539e+02 6.5815502930e+02 6.5812200928e+02 6.5811401367e+02 6.5809997559e+02 6.5807000732e+02
6.5641900635e+02 6.5643597412e+02 6.5646099854e+02 6.5650000000e+02 6.5652301025e+02 6.5655499268e+02 6.5658398438e+02 6.5659399414e+02 6.5664202881e+02 6.5670300293e+02 6.5675097656e+02 6.5677301025e+02 6.5680902100e+02 6.5684301758e+02 6.5686602783e+02 6.5692797852e+02 6.5699200439e+02 6.5704199219e+02 6.5710302734e+02 6.5716998291e+02 6.5722100830e+02 6.5727398682e+02 6.5734100342e+02 6.5742102051e+02 6.5749902344e+02 6.5759997559e+02 6.5771600342e+02 6.5781597900e+02 6.5791699219e+02 6.5800201416e+02 6.5804101563e+02 6.5810400391e+02 6.5810998535e+02 6.5811700439e+02 6.5810797119e+02 6.5809002686e+02 6.5806298828e+02 6.5805902100e+02 6.5806298828e+02 6.5807000732e+02 6.5807299805e+02 6.5804699707e+02 6.5803399658e+02 6.5802197266e+02 6.5800799561e+02 6.5798400879e+02
6.5638000488e+02 6.5640899658e+02 6.5643701172e+02 6.5647198486e+02 6.5649499512e+02 6.5652502441e+02 6.5654699707e+02 6.5655700684e+02 6.5659600830e+02 6.5663000488e+02 6.5666601563e+02 6.5669500732e+02 6.5673901367e+02 6.5678302002e+02 6.5681402588e+02 6.5686401367e+02 6.5692602539e+02 6.5698101807e+02 6.5706597900e+02 6.5711798096e+02 6.5718402100e+02 6.5726202393e+02 6.5733300781e+02 6.5740698242e+02 6.5748999023e+02 6.5760699463e+02 6.5773101807e+02 6.5782598877e+02 6.5790399170e+02 6.5797399902e+02 6.5801397705e+02 6.5803399658e+02 6.5803698730e+02 6.5803900146e+02 6.5800897217e+02 6.5797198486e+02 6.5796002197e+02 6.5796997070e+02 6.5797198486e+02 6.5794500732e+02 6.5793200684e+02 6.5792700195e+02 6.5792901611e+02 6.5792297363e+02 6.5791302490e+02 6.5790802002e+02
6.5635198975e+02 6.5637799072e+02 6.5639398193e+02 6.5643200684e+02 6.5646997070e+02 6.5649499512e+02 6.5649499512e+02 6.5650598145e+02 6.5654302979e+02 6.5656799316e+02 6.5659899902e+02 6.5663800049e+02 6.5668902588e+02 6.5673699951e+02 6.5676702881e+02 6.5680999756e+02 6.5688201904e+02 6.5694396973e+02 6.5703802490e+02 6.5709002686e+02 6.5716699219e+02 6.5725097656e+02 6.5732098389e+02 6.5740802002e+02 6.5752099609e+02 6.5763800049e+02 6.5774700928e+02 6.5781298828e+02 6.5787597656e+02 6.5793902588e+02 6.5794097900e+02 6.5795098877e+02 6.5796099854e+02 6.5793701172e+02 6.5787902832e+02 6.5786999512e+02 6.5785797119e+02 6.5784100342e+02 6.5783300781e+02 6.5779797363e+02 6.5778802490e+02 6.5779998779e+02 6.5780798340e+02 6.5781097412e+02 6.5780401611e+02 6.5780200195e+02
6.5631402588e+02 6.5634100342e+02 6.5638000488e+02 6.5641699219e+02 6.5645898438e+02 6.5648297119e+02 6.5647900391e+02 6.5648498535e+02 6.5650799561e+02 6.5654101563e+02 6.5655102539e+02 6.5659802246e+02 6.5665399170e+02 6.5669500732e+02 6.5671697998e+02 6.5678399658e+02 6.5683898926e+02 6.5690600586e+02 6.5697497559e+02 6.5706500244e+02 6.5716101074e+02 6.5722302246e+02 6.5728399658e+02 6.5741802979e+02 6.5755700684e+02 6.5765502930e+02 6.5774102783e+02 6.5780102539e+02 6.5784698486e+02 6.5787902832e+02 6.5784600830e+02 6.5787799072e+02 6.5786401367e+02 6.5780499268e+02 6.5774700928e+02 6.5778399658e+02 6.5779199219e+02 6.5774798584e+02 6.5771899414e+02 6.5772100830e+02 6.5769702148e+02 6.5769702148e+02 6.5770001221e+02 6.5767901611e+02 6.5767602539e+02 6.5768701172e+02
6.5630700684e+02 6.5634002686e+02 6.5636999512e+02 6.5639599609e+02 6.5643103027e+02 6.5645501709e+02 6.5645098877e+02 6.5646899414e+02 6.5650000000e+02 6.5653198242e+02 6.5653497314e+02 6.5656701660e+02 6.5661499023e+02 6.5666101074e+02 6.5669299316e+02 6.5677197266e+02 6.5681201172e+02 6.5688000488e+02 6.5695697021e+02 6.5705102539e+02 6.5715802002e+02 6.5721997070e+02 6.5728997803e+02 6.5745697021e+02 6.5756597900e+02 6.5763000488e+02 6.5769799805e+02 6.5775097656e+02 6.5777301025e+02 6.5778198242e+02 6.5778002930e+02 6.5779699707e+02 6.5775299072e+02 6.5769702148e+02 6.5766198730e+02 6.5766601563e+02 6.5765698242e+02 6.5761401367e+02 6.5759899902e+02 6.5759100342e+02 6.5757299805e+02 6.5757598877e+02 6.5756298828e+02 6.5757397461e+02 6.5758801270e+02 6.5759399414e+02
6.5629199219e+02 6.5632897949e+02 6.5637097168e+02 6.5639300537e+02 6.5641802979e+02 6.5642700195e+02 6.5642700195e+02 6.5644598389e+02 6.5647998047e+02 6.5651397705e+02 6.5653002930e+02 6.5655401611e+02 6.5659899902e+02 6.5665002441e+02 6.5669000244e+02 6.5674798584e+02 6.5679797363e+02 6.5688201904e+02 6.5696697998e+02 6.5703900146e+02 6.5713598633e+02 6.5722900391e+02 6.5733801270e+02 6.5747100830e+02 6.5754199219e+02 6.5760101318e+02 6.5766302490e+02 6.5767700195e+02 6.5769702148e+02 6.5770898438e+02 6.5769500732e+02 6.5767297363e+02 6.5762200928e+02 6.5759002686e+02 6.5755798340e+02 6.5754400635e+02 6.5752099609e+02 6.5748199463e+02 6.5748400879e+02 6.5747497559e+02 6.5747100830e+02 6.5746600342e+02 6.5745599365e+02 6.5746899414e+02 6.5747497559e+02 6.5747497559e+02
6.5628802490e+02 6.5632202148e+02 6.5636602783e+02 6.5639001465e+02 6.5641900635e+02 6.5642102051e+02 6.5641198730e+02 6.5644000244e+02 6.5646600342e+02 6.5649798584e+02 6.5651800537e+02 6.5654199219e+02 6.5658300781e+02 6.5663000488e+02 6.5667999268e+02 6.5673699951e+02 6.5680499268e+02 6.5689599609e+02 6.5696398926e+02 6.5701898193e+02 6.5712799072e+02 6.5725598145e+02 6.5736199951e+02 6.5744897461e+02 6.5751501465e+02 6.5756500244e+02 6.5760498047e+02 6.5759600830e+02 6.5760797119e+02 6.5762701416e+02 6.5758801270e+02 6.5754602051e+02 6.5750598145e+02 6.5748901367e+02 6.5742297363e+02 6.5740802002e+02 6.5740197754e+02 6.5737597656e+02 6.5737597656e+02 6.5737597656e+02 6.5737097168e+02 6.5735302734e+02 6.5735498047e+02 6.5735998535e+02 6.5735699463e+02 6.5734698486e+02
6.5628698730e+02 6.5633300781e+02 6.5638098145e+02 6.5639202881e+02 6.5641699219e+02 6.5641900635e+02 6.5640698242e+02 6.5643200684e+02 6.5646002197e+02 6.5648699951e+02 6.5651702881e+02 6.5655499268e+02 6.5659002686e+02 6.5662402344e+02 6.5665502930e+02 6.5675402832e+02 6.5683697510e+02 6.5690997314e+02 6.5696600342e+02 6.5702398682e+02 6.5715197754e+02 6.5727301025e+02 6.5733502197e+02 6.5741400146e+02 6.5747900391e+02 6.5749200439e+02 6.5751300049e+02 6.5752197266e+02 6.5751599121e+02 6.5750097656e+02 6.5746002197e+02 6.5742199707e+02 6.5738800049e+02 6.5736297607e+02 6.5730603027e+02 6.5728698730e+02 6.5728302002e+02 6.5727899170e+02 6.5727301025e+02 6.5726702881e+02 6.5724499512e+02 6.5723901367e+02 6.5724902344e+02 6.5725097656e+02 6.5723901367e+02 6.5723199463e+02
6.5628198242e+02 6.5631799316e+02 6.5635498047e+02 6.5639001465e+02 6.5642401123e+02 6.5641400146e+02 6.5641400146e+02 6.5642901611e+02 6.5644897461e+02 6.5648297119e+02 6.5651501465e+02 6.5654998779e+02 6.5659399414e+02 6.5662597656e+02 6.5666497803e+02 6.5675201416e+02 6.5681402588e+02 6.5689801025e+02 6.5695098877e+02 6.5703802490e+02 6.5717102051e+02 6.5726800537e+02 6.5731896973e+02 6.5738598633e+02 6.5741998291e+02 6.5741101074e+02 6.5744702148e+02 6.5745599365e+02 6.5742700195e+02 6.5738500977e+02 6.5733099365e+02 6.5731500244e+02 6.5730902100e+02 6.5728302002e+02 6.5722497559e+02 6.5721899414e+02 6.5721099854e+02 6.5718597412e+02 6.5715899658e+02 6.5713201904e+02 6.5711199951e+02 6.5713201904e+02 6.5716302490e+02 6.5714697266e+02 6.5713598633e+02 6.5712402344e+02
6.5627001953e+02 6.5630297852e+02 6.5634399414e+02 6.5636999512e+02 6.5639202881e+02 6.5640301514e+02 6.5641601563e+02 6.5642401123e+02 6.5643499756e+02 6.5647900391e+02 6.5649902344e+02 6.5652899170e+02 6.5657397461e+02 6.5661401367e+02 6.5667797852e+02 6.5677398682e+02 6.5680700684e+02 6.5687200928e+02 6.5694396973e+02 6.5705902100e+02 6.5716802979e+02 6.5725402832e+02 6.5729400635e+02 6.5733099365e+02 6.5734899902e+02 6.5734600830e+02 6.5736999512e+02 6.5734698486e+02 6.5730700684e+02 6.5727899170e+02 6.5722302246e+02 6.5721099854e+02 6.5722198486e+02 6.5719598389e+02 6.5712500000e+02 6.5713897705e+02 6.5712701416e+02 6.5709399414e+02 6.5706500244e+02 6.5703302002e+02 6.5704302979e+02 6.5706597900e+02 6.5707897949e+02 6.5706701660e+02 6.5704797363e+02 6.5701300049e+02
6.5624200439e+02 6.5628601074e+02 6.5633300781e+02 6.5635498047e+02 6.5637799072e+02 6.5639898682e+02 6.5640399170e+02 6.5640698242e+02 6.5642199707e+02 6.5647198486e+02 6.5648297119e+02 6.5651300049e+02 6.5655798340e+02 6.5660498047e+02 6.5666900635e+02 6.5676501465e+02 6.5680700684e+02 6.5688397217e+02 6.5696502686e+02 6.5706500244e+02 6.5714898682e+02 6.5722302246e+02 6.5724298096e+02 6.5726599121e+02 6.5727899170e+02 6.5727502441e+02 6.5727899170e+02 6.5722998047e+02 6.5719702148e+02 6.5718298340e+02 6.5712799072e+02 6.5713201904e+02 6.5712402344e+02 6.5708398438e+02 6.5701800537e+02 6.5703900146e+02 6.5702099609e+02 6.5699200439e+02 6.5696301270e+02 6.5695599365e+02 6.5699597168e+02 6.5699298096e+02 6.5697900391e+02 6.5697998047e+02 6.5695599365e+02 6.5692102051e+02
6.5622100830e+02 6.5627301025e+02 6.5633599854e+02 6.5634399414e+02 6.5636901855e+02 6.5638500977e+02 6.5637799072e+02 6.5639001465e+02 6.5640899658e+02 6.5644702148e+02 6.5644799805e+02 6.5648797607e+02 6.5654498291e+02 6.5659497070e+02 6.5665600586e+02 6.5675201416e+02 6.5682299805e+02 6.5690399170e+02 6.5696600342e+02 6.5703497314e+02 6.5711401367e+02 6.5717498779e+02 6.5715698242e+02 6.5718298340e+02 6.5719702148e+02 6.5717901611e+02 6.5716699219e+02 6.5712701416e+02 6.5711297607e+02 6.5710699463e+02 6.5707501221e+02 6.5703997803e+02 6.5701800537e+02 6.5701898193e+02 6.5696600342e+02 6.5694598389e+02 6.5693902588e+02 6.5691101074e+02 6.5686999512e+02 6.5690197754e+02 6.5693798828e+02 6.5691302490e+02 6.5689697266e+02 6.5689099121e+02 6.5687200928e+02 6.5685101318e+02
6.5620800781e+02 6.5623699951e+02 6.5627899170e+02 6.5630999756e+02 6.5634399414e+02 6.5636798096e+02 6.5636901855e+02 6.5636798096e+02 6.5638500977e+02 6.5642901611e+02 6.5643701172e+02 6.5647399902e+02 6.5653302002e+02 6.5659301758e+02 6.5665698242e+02 6.5676501465e+02 6.5685601807e+02 6.5692199707e+02 6.5697198486e+02 6.5702301025e+02 6.5708697510e+02 6.5712701416e+02 6.5711499023e+02 6.5712097168e+02 6.5711401367e+02 6.5707702637e+02 6.5706201172e+02 6.5703100586e+02 6.5701599121e+02 6.5701202393e+02 6.5697900391e+02 6.5695697021e+02 6.5693798828e+02 6.5693402100e+02 6.5688098145e+02 6.5685998535e+02 6.5685797119e+02 6.5685998535e+02 6.5683599854e+02 6.5684301758e+02 6.5682397461e+02 6.5680902100e+02 6.5683697510e+02 6.5681298828e+02 6.5677502441e+02 6.5674102783e+02
6.5620098877e+02 6.5622601318e+02 6.5624200439e+02 6.5628302002e+02 6.5630999756e+02 6.5633398438e+02 6.5634399414e+02 6.5635498047e+02 6.5636700439e+02 6.5640301514e+02 6.5643402100e+02 6.5647302246e+02 6.5652801514e+02 6.5659497070e+02 6.5666198730e+02 6.5676800537e+02 6.5685601807e+02 6.5691998291e+02 6.5697399902e+02 6.5700500488e+02 6.5704498291e+02 6.5706799316e+02 6.5704901123e+02 6.5701898193e+02 6.5699401855e+02 6.5696801758e+02 6.5696099854e+02 6.5695300293e+02 6.5694702148e+02 6.5692199707e+02 6.5689300537e+02 6.5689599609e+02 6.5686297607e+02 6.5685998535e+02 6.5681701660e+02 6.5678802490e+02 6.5676501465e+02 6.5676300049e+02 6.5675500488e+02 6.5675299072e+02 6.5673901367e+02 6.5673699951e+02 6.5675701904e+02 6.5672998047e+02 6.5669598389e+02 6.5665100098e+02
6.5618902588e+02 6.5621899414e+02 6.5621997070e+02 6.5624902344e+02 6.5627001953e+02 6.5629998779e+02 6.5631298828e+02 6.5632598877e+02 6.5634802246e+02 6.5639001465e+02 6.5644097900e+02 6.5647698975e+02 6.5652600098e+02 6.5660601807e+02 6.5668402100e+02 6.5677502441e+02 6.5685601807e+02 6.5691699219e+02 6.5695898438e+02 6.5696697998e+02 6.5698699951e+02 6.5698797607e+02 6.5695501709e+02 6.5691302490e+02 6.5689300537e+02 6.5688299561e+02 6.5688800049e+02 6.5689202881e+02 6.5688000488e+02 6.5685101318e+02 6.5682202148e+02 6.5682598877e+02 6.5678497314e+02 6.5679199219e+02 6.5676800537e+02 6.5672302246e+02 6.5667999268e+02 6.5666699219e+02 6.5667498779e+02 6.5667700195e+02 6.5667401123e+02 6.5667901611e+02 6.5667602539e+02 6.5666302490e+02 6.5663098145e+02 6.5657800293e+02
6.5616998291e+02 6.5618902588e+02 6.5620898438e+02 6.5621502686e+02 6.5623901367e+02 6.5627398682e+02 6.5628802490e+02 6.5631097412e+02 6.5635400391e+02 6.5639099121e+02 6.5643103027e+02 6.5648101807e+02 6.5653302002e+02 6.5662298584e+02 6.5669799805e+02 6.5678601074e+02 6.5685998535e+02 6.5689501953e+02 6.5691400146e+02 6.5691601563e+02 6.5692999268e+02 6.5691400146e+02 6.5686999512e+02 6.5683099365e+02 6.5682501221e+02 6.5681097412e+02 6.5681201172e+02 6.5681597900e+02 6.5679302979e+02 6.5678497314e+02 6.5677197266e+02 6.5678802490e+02 6.5675799561e+02 6.5674298096e+02 6.5673400879e+02 6.5666900635e+02 6.5663500977e+02 6.5662402344e+02 6.5664697266e+02 6.5664300537e+02 6.5662402344e+02 6.5662298584e+02 6.5661199951e+02 6.5659002686e+02 6.5655499268e+02 6.5649798584e+02
6.5615502930e+02 6.5617602539e+02 6.5619598389e+02 6.5620599365e+02 6.5622100830e+02 6.5624401855e+02 6.5626501465e+02 6.5630499268e+02 6.5634899902e+02 6.5638800049e+02 6.5643200684e+02 6.5650701904e+02 6.5657800293e+02 6.5664801025e+02 6.5670300293e+02 6.5677899170e+02 6.5683898926e+02 6.5685101318e+02 6.5685498047e+02 6.5686297607e+02 6.5685998535e+02 6.5682800293e+02 6.5679199219e+02 6.5677197266e+02 6.5676300049e+02 6.5673999023e+02 6.5673498535e+02 6.5672900391e+02 6.5673101807e+02 6.5672698975e+02 6.5672497559e+02 6.5673999023e+02 6.5670300293e+02 6.5667602539e+02 6.5664697266e+02 6.5661602783e+02 6.5659802246e+02 6.5659100342e+02 6.5659197998e+02 6.5659197998e+02 6.5656799316e+02 6.5656597900e+02 6.5657202148e+02 6.5652801514e+02 6.5648101807e+02 6.5641400146e+02
6.5614697266e+02 6.5616998291e+02 6.5617102051e+02 6.5618499756e+02 6.5620300293e+02 6.5622399902e+02 6.5624298096e+02 6.5628002930e+02 6.5632800293e+02 6.5637799072e+02 6.5642498779e+02 6.5652197266e+02 6.5659600830e+02 6.5665399170e+02 6.5670599365e+02 6.5675402832e+02 6.5678900146e+02 6.5679797363e+02 6.5679400635e+02 6.5680102539e+02 6.5677099609e+02 6.5673797607e+02 6.5670800781e+02 6.5671002197e+02 6.5670697021e+02 6.5669000244e+02 6.5669500732e+02 6.5669097900e+02 6.5671002197e+02 6.5669799805e+02 6.5667901611e+02 6.5668298340e+02 6.5665197754e+02 6.5663098145e+02 6.5659698486e+02 6.5658398438e+02 6.5656799316e+02 6.5657397461e+02 6.5657702637e+02 6.5658099365e+02 6.5653802490e+02 6.5650402832e+02 6.5649499512e+02 6.5644702148e+02 6.5639300537e+02 6.5634002686e+02
6.5615600586e+02 6.5619000244e+02 6.5617401123e+02 6.5617498779e+02 6.5618902588e+02 6.5621099854e+02 6.5623101807e+02 6.5626202393e+02 6.5631201172e+02 6.5638500977e+02 6.5645202637e+02 6.5653698730e+02 6.5659802246e+02 6.5665399170e+02 6.5669500732e+02 6.5671801758e+02 6.5672497559e+02 6.5673297119e+02 6.5672900391e+02 6.5670202637e+02 6.5666601563e+02 6.5666400146e+02 6.5664300537e+02 6.5665100098e+02 6.5664697266e+02 6.5663897705e+02 6.5665197754e+02 6.5665100098e+02 6.5665698242e+02 6.5665600586e+02 6.5664599609e+02 6.5665698242e+02 6.5663500977e+02 6.5662097168e+02 6.5659802246e+02 6.5658898926e+02 6.5656402588e+02 6.5655798340e+02 6.5655102539e+02 6.5655798340e+02 6.5651202393e+02 6.5647399902e+02 6.5644598389e+02 6.5637799072e+02 6.5631896973e+02 6.5627398682e+02
