TESTSERVER/4/1.asc
NCOLS 100
NROWS 100
XLLCORNER 7.6997500000e+03
YLLCORNER 2.8990025000e+05
CELLSIZE 5.0000000000e-01
NODATA_VALUE -9.9990000000e+03
[rows 0 to 19 of 100, columns 46 to 91 of 100]
6.5388702393e+02 6.5386602783e+02 6.5383697510e+02 6.5381201172e+02 6.5376599121e+02 6.5366497803e+02 6.5360900879e+02 6.5360400391e+02 6.5364898682e+02 6.5367700195e+02 6.5361999512e+02 6.5356500244e+02 6.5351599121e+02 6.5354101563e+02 6.5358300781e+02 6.5360101318e+02 6.5359899902e+02 6.5362200928e+02 6.5364300537e+02 6.5366400146e+02 6.5369799805e+02 6.5371099854e+02 6.5371600342e+02 6.5376000977e+02 6.5378002930e+02 6.5380499268e+02 6.5382000732e+02 6.5383697510e+02 6.5387799072e+02 6.5389300537e+02 6.5391198730e+02 6.5396002197e+02 6.5400500488e+02 6.5397900391e+02 6.5399700928e+02 6.5400097656e+02 6.5400897217e+02 6.5403100586e+02 6.5406201172e+02 6.5405401611e+02 6.5402197266e+02 6.5404998779e+02 6.5409497070e+02 6.5412597656e+02 6.5415698242e+02 6.5416699219e+02
6.5377001953e+02 6.5376501465e+02 6.5373199463e+02 6.5369299316e+02 6.5368402100e+02 6.5358801270e+02 6.5352099609e+02 6.5351702881e+02 6.5356597900e+02 6.5361102295e+02 6.5355798340e+02 6.5351702881e+02 6.5351300049e+02 6.5351202393e+02 6.5354602051e+02 6.5356799316e+02 6.5357501221e+02 6.5360101318e+02 6.5362799072e+02 6.5365502930e+02 6.5367797852e+02 6.5369500732e+02 6.5371002197e+02 6.5376501465e+02 6.5379498291e+02 6.5381799316e+02 6.5383502197e+02 6.5385198975e+02 6.5386999512e+02 6.5390002441e+02 6.5391998291e+02 6.5394000244e+02 6.5398297119e+02 6.5398699951e+02 6.5399902344e+02 6.5400299072e+02 6.5402001953e+02 6.5403399658e+02 6.5405902100e+02 6.5403900146e+02 6.5404101563e+02 6.5408099365e+02 6.5411102295e+02 6.5411700439e+02 6.5413201904e+02 6.5415997314e+02
6.5365502930e+02 6.5362799072e+02 6.5360101318e+02 6.5357702637e+02 6.5356500244e+02 6.5350598145e+02 6.5346502686e+02 6.5346801758e+02 6.5348602295e+02 6.5350201416e+02 6.5346398926e+02 6.5344897461e+02 6.5346899414e+02 6.5345397949e+02 6.5351300049e+02 6.5355102539e+02 6.5356701660e+02 6.5360101318e+02 6.5361602783e+02 6.5363000488e+02 6.5365399170e+02 6.5367602539e+02 6.5370300293e+02 6.5375598145e+02 6.5379101563e+02 6.5380700684e+02 6.5382598877e+02 6.5384301758e+02 6.5385900879e+02 6.5389599609e+02 6.5393701172e+02 6.5394201660e+02 6.5395800781e+02 6.5398797607e+02 6.5399902344e+02 6.5400897217e+02 6.5403198242e+02 6.5403802490e+02 6.5404797363e+02 6.5404199219e+02 6.5407202148e+02 6.5410601807e+02 6.5412799072e+02 6.5412597656e+02 6.5413800049e+02 6.5417901611e+02
6.5352398682e+02 6.5349499512e+02 6.5349298096e+02 6.5348400879e+02 6.5345898438e+02 6.5342901611e+02 6.5341900635e+02 6.5342199707e+02 6.5340100098e+02 6.5338897705e+02 6.5337799072e+02 6.5339398193e+02 6.5343200684e+02 6.5344201660e+02 6.5351397705e+02 6.5355102539e+02 6.5355401611e+02 6.5358599854e+02 6.5359802246e+02 6.5361401367e+02 6.5365100098e+02 6.5366302490e+02 6.5370300293e+02 6.5376397705e+02 6.5378002930e+02 6.5379101563e+02 6.5380902100e+02 6.5382702637e+02 6.5385198975e+02 6.5387597656e+02 6.5392602539e+02 6.5394897461e+02 6.5396600342e+02 6.5397998047e+02 6.5398400879e+02 6.5399298096e+02 6.5402398682e+02 6.5403900146e+02 6.5405999756e+02 6.5407598877e+02 6.5409002686e+02 6.5410797119e+02 6.5413397217e+02 6.5415002441e+02 6.5415399170e+02 6.5418798828e+02
6.5345697021e+02 6.5342901611e+02 6.5338702393e+02 6.5338098145e+02 6.5344396973e+02 6.5339398193e+02 6.5335998535e+02 6.5335198975e+02 6.5333599854e+02 6.5334002686e+02 6.5335498047e+02 6.5339001465e+02 6.5342901611e+02 6.5342999268e+02 6.5349298096e+02 6.5352502441e+02 6.5353100586e+02 6.5357202148e+02 6.5358300781e+02 6.5359997559e+02 6.5364501953e+02 6.5365997314e+02 6.5369702148e+02 6.5375299072e+02 6.5376702881e+02 6.5381097412e+02 6.5382397461e+02 6.5383197021e+02 6.5384899902e+02 6.5389501953e+02 6.5392401123e+02 6.5394201660e+02 6.5396697998e+02 6.5399298096e+02 6.5400701904e+02 6.5400097656e+02 6.5401800537e+02 6.5404797363e+02 6.5408898926e+02 6.5411297607e+02 6.5410101318e+02 6.5411102295e+02 6.5412701416e+02 6.5413897705e+02 6.5416101074e+02 6.5419799805e+02
6.5335998535e+02 6.5336401367e+02 6.5333300781e+02 6.5331701660e+02 6.5333898926e+02 6.5332000732e+02 6.5327600098e+02 6.5326397705e+02 6.5328198242e+02 6.5329699707e+02 6.5331097412e+02 6.5335601807e+02 6.5339898682e+02 6.5340997314e+02 6.5345697021e+02 6.5348602295e+02 6.5350402832e+02 6.5355798340e+02 6.5357501221e+02 6.5360198975e+02 6.5363897705e+02 6.5366802979e+02 6.5369000244e+02 6.5374597168e+02 6.5377899170e+02 6.5380499268e+02 6.5382202148e+02 6.5383001709e+02 6.5385498047e+02 6.5390698242e+02 6.5393499756e+02 6.5395800781e+02 6.5396099854e+02 6.5398498535e+02 6.5401501465e+02 6.5400500488e+02 6.5403302002e+02 6.5404998779e+02 6.5406799316e+02 6.5409399414e+02 6.5410601807e+02 6.5412701416e+02 6.5413800049e+02 6.5415399170e+02 6.5417498779e+02 6.5418499756e+02
6.5329998779e+02 6.5330499268e+02 6.5328100586e+02 6.5325500488e+02 6.5324298096e+02 6.5322497559e+02 6.5320202637e+02 6.5320098877e+02 6.5321502686e+02 6.5325299072e+02 6.5328698730e+02 6.5332800293e+02 6.5335998535e+02 6.5339898682e+02 6.5345202637e+02 6.5346600342e+02 6.5347900391e+02 6.5351702881e+02 6.5355798340e+02 6.5359399414e+02 6.5361700439e+02 6.5364697266e+02 6.5368200684e+02 6.5373699951e+02 6.5378002930e+02 6.5380499268e+02 6.5381896973e+02 6.5383502197e+02 6.5387298584e+02 6.5390301514e+02 6.5392297363e+02 6.5394299316e+02 6.5395599365e+02 6.5397399902e+02 6.5399902344e+02 6.5399798584e+02 6.5404101563e+02 6.5406298828e+02 6.5407702637e+02 6.5410699463e+02 6.5410900879e+02 6.5412701416e+02 6.5414398193e+02 6.5416802979e+02 6.5418103027e+02 6.5418499756e+02
6.5327600098e+02 6.5329101563e+02 6.5322302246e+02 6.5316900635e+02 6.5316601563e+02 6.5315899658e+02 6.5317797852e+02 6.5317700195e+02 6.5317901611e+02 6.5322302246e+02 6.5326300049e+02 6.5330798340e+02 6.5333898926e+02 6.5337701416e+02 6.5344097900e+02 6.5347998047e+02 6.5349902344e+02 6.5351501465e+02 6.5354797363e+02 6.5357800293e+02 6.5361602783e+02 6.5364202881e+02 6.5368298340e+02 6.5372698975e+02 6.5376000977e+02 6.5379998779e+02 6.5380401611e+02 6.5382702637e+02 6.5387701416e+02 6.5389099121e+02 6.5390802002e+02 6.5394299316e+02 6.5396197510e+02 6.5397399902e+02 6.5398999023e+02 6.5400000000e+02 6.5403100586e+02 6.5406896973e+02 6.5408801270e+02 6.5410101318e+02 6.5408801270e+02 6.5410797119e+02 6.5413397217e+02 6.5416400146e+02 6.5417999268e+02 6.5420501709e+02
6.5323400879e+02 6.5322601318e+02 6.5314501953e+02 6.5311700439e+02 6.5313098145e+02 6.5313098145e+02 6.5313397217e+02 6.5313897705e+02 6.5317999268e+02 6.5321398926e+02 6.5325500488e+02 6.5328900146e+02 6.5333001709e+02 6.5335400391e+02 6.5339898682e+02 6.5344299316e+02 6.5348797607e+02 6.5350201416e+02 6.5353900146e+02 6.5356201172e+02 6.5361798096e+02 6.5363598633e+02 6.5368200684e+02 6.5372900391e+02 6.5376202393e+02 6.5379797363e+02 6.5380798340e+02 6.5382897949e+02 6.5385400391e+02 6.5389697266e+02 6.5392401123e+02 6.5395098877e+02 6.5395397949e+02 6.5398101807e+02 6.5399700928e+02 6.5400598145e+02 6.5401501465e+02 6.5405700684e+02 6.5408197021e+02 6.5409899902e+02 6.5409802246e+02 6.5410400391e+02 6.5413000488e+02 6.5415899658e+02 6.5418402100e+02 6.5424200439e+02
6.5311401367e+02 6.5308300781e+02 6.5299298096e+02 6.5302197266e+02 6.5307501221e+02 6.5309100342e+02 6.5309802246e+02 6.5312597656e+02 6.5316802979e+02 6.5319201660e+02 6.5323498535e+02 6.5326800537e+02 6.5333398438e+02 6.5335601807e+02 6.5341101074e+02 6.5344799805e+02 6.5346099854e+02 6.5348498535e+02 6.5352301025e+02 6.5356201172e+02 6.5363299561e+02 6.5365502930e+02 6.5366900635e+02 6.5371697998e+02 6.5374401855e+02 6.5378002930e+02 6.5381298828e+02 6.5382397461e+02 6.5385797119e+02 6.5389300537e+02 6.5392199707e+02 6.5394799805e+02 6.5396600342e+02 6.5397698975e+02 6.5399700928e+02 6.5402398682e+02 6.5403997803e+02 6.5407000732e+02 6.5408801270e+02 6.5410797119e+02 6.5410900879e+02 6.5411401367e+02 6.5412902832e+02 6.5417602539e+02 6.5421398926e+02 6.5428302002e+02
6.5295098877e+02 6.5298101807e+02 6.5297998047e+02 6.5302099609e+02 6.5303399658e+02 6.5303802490e+02 6.5306500244e+02 6.5310699463e+02 6.5315197754e+02 6.5318200684e+02 6.5322100830e+02 6.5325799561e+02 6.5331500244e+02 6.5333697510e+02 6.5339001465e+02 6.5342498779e+02 6.5343499756e+02 6.5347399902e+02 6.5350500488e+02 6.5354699707e+02 6.5360601807e+02 6.5363201904e+02 6.5364801025e+02 6.5371099854e+02 6.5374102783e+02 6.5376397705e+02 6.5382000732e+02 6.5383502197e+02 6.5385900879e+02 6.5388500977e+02 6.5391900635e+02 6.5394598389e+02 6.5397601318e+02 6.5397998047e+02 6.5400201416e+02 6.5403601074e+02 6.5405603027e+02 6.5406896973e+02 6.5407397461e+02 6.5409301758e+02 6.5410302734e+02 6.5412597656e+02 6.5412902832e+02 6.5417700195e+02 6.5423199463e+02 6.5429901123e+02
6.5284197998e+02 6.5292901611e+02 6.5295697021e+02 6.5296801758e+02 6.5298901367e+02 6.5300201416e+02 6.5304400635e+02 6.5309802246e+02 6.5313201904e+02 6.5316497803e+02 6.5320697021e+02 6.5324102783e+02 6.5328302002e+02 6.5332800293e+02 6.5339001465e+02 6.5341900635e+02 6.5341400146e+02 6.5346697998e+02 6.5349401855e+02 6.5352899170e+02 6.5357501221e+02 6.5361499023e+02 6.5363702393e+02 6.5369702148e+02 6.5373901367e+02 6.5375799561e+02 6.5381896973e+02 6.5384100342e+02 6.5387500000e+02 6.5389099121e+02 6.5391998291e+02 6.5395098877e+02 6.5399102783e+02 6.5399499512e+02 6.5400299072e+02 6.5402001953e+02 6.5404797363e+02 6.5407702637e+02 6.5407501221e+02 6.5409802246e+02 6.5410198975e+02 6.5412298584e+02 6.5412298584e+02 6.5416198730e+02 6.5422497559e+02 6.5429302979e+02
6.5282000732e+02 6.5288598633e+02 6.5291802979e+02 6.5293902588e+02 6.5299200439e+02 6.5301501465e+02 6.5304699707e+02 6.5308197021e+02 6.5309600830e+02 6.5313299561e+02 6.5319799805e+02 6.5322998047e+02 6.5324597168e+02 6.5330798340e+02 6.5337097168e+02 6.5339697266e+02 6.5337597656e+02 6.5345001221e+02 6.5349102783e+02 6.5352801514e+02 6.5359399414e+02 6.5364599609e+02 6.5368402100e+02 6.5373199463e+02 6.5375299072e+02 6.5378002930e+02 6.5382000732e+02 6.5382897949e+02 6.5386499023e+02 6.5390002441e+02 6.5392297363e+02 6.5394097900e+02 6.5398901367e+02 6.5400000000e+02 6.5400299072e+02 6.5401300049e+02 6.5404302979e+02 6.5407702637e+02 6.5408300781e+02 6.5410998535e+02 6.5410699463e+02 6.5410601807e+02 6.5413000488e+02 6.5417498779e+02 6.5421899414e+02 6.5428100586e+02
6.5281298828e+02 6.5284497070e+02 6.5286297607e+02 6.5289801025e+02 6.5295202637e+02 6.5297998047e+02 6.5301702881e+02 6.5304101563e+02 6.5308300781e+02 6.5312701416e+02 6.5317901611e+02 6.5320001221e+02 6.5324200439e+02 6.5327099609e+02 6.5332598877e+02 6.5334399414e+02 6.5337902832e+02 6.5343200684e+02 6.5347900391e+02 6.5353497314e+02 6.5359002686e+02 6.5363098145e+02 6.5366699219e+02 6.5372802734e+02 6.5376098633e+02 6.5380297852e+02 6.5384497070e+02 6.5384899902e+02 6.5387500000e+02 6.5390002441e+02 6.5392901611e+02 6.5396398926e+02 6.5400000000e+02 6.5399298096e+02 6.5399597168e+02 6.5401300049e+02 6.5403399658e+02 6.5406500244e+02 6.5409100342e+02 6.5411199951e+02 6.5410302734e+02 6.5411199951e+02 6.5414801025e+02 6.5420001221e+02 6.5423797607e+02 6.5428302002e+02
6.5277801514e+02 6.5281597900e+02 6.5283398438e+02 6.5288897705e+02 6.5294097900e+02 6.5295001221e+02 6.5298101807e+02 6.5300299072e+02 6.5305603027e+02 6.5309497070e+02 6.5314801025e+02 6.5317700195e+02 6.5321099854e+02 6.5323797607e+02 6.5329901123e+02 6.5331500244e+02 6.5334802246e+02 6.5341400146e+02 6.5347802734e+02 6.5353601074e+02 6.5357098389e+02 6.5361297607e+02 6.5363500977e+02 6.5368402100e+02 6.5373498535e+02 6.5380700684e+02 6.5386798096e+02 6.5388098145e+02 6.5389599609e+02 6.5389599609e+02 6.5391497803e+02 6.5396398926e+02 6.5400799561e+02 6.5400598145e+02 6.5401800537e+02 6.5402600098e+02 6.5403497314e+02 6.5407897949e+02 6.5409997559e+02 6.5410302734e+02 6.5411901855e+02 6.5414398193e+02 6.5417602539e+02 6.5422100830e+02 6.5425000000e+02 6.5428601074e+02
6.5273901367e+02 6.5278900146e+02 6.5281896973e+02 6.5287500000e+02 6.5291900635e+02 6.5294500732e+02 6.5297100830e+02 6.5298498535e+02 6.5303100586e+02 6.5306896973e+02 6.5311999512e+02 6.5314099121e+02 6.5315600586e+02 6.5319097900e+02 6.5324401855e+02 6.5328997803e+02 6.5333697510e+02 6.5342901611e+02 6.5347497559e+02 6.5351300049e+02 6.5354699707e+02 6.5359997559e+02 6.5361901855e+02 6.5365399170e+02 6.5371899414e+02 6.5379101563e+02 6.5385198975e+02 6.5388299561e+02 6.5391302490e+02 6.5391601563e+02 6.5393402100e+02 6.5397198486e+02 6.5398199463e+02 6.5399298096e+02 6.5402301025e+02 6.5402801514e+02 6.5403802490e+02 6.5408300781e+02 6.5409197998e+02 6.5409497070e+02 6.5413000488e+02 6.5414801025e+02 6.5418298340e+02 6.5421697998e+02 6.5424298096e+02 6.5427502441e+02
6.5271502686e+02 6.5275799561e+02 6.5279400635e+02 6.5285101318e+02 6.5288897705e+02 6.5291497803e+02 6.5292797852e+02 6.5296197510e+02 6.5304797363e+02 6.5305499268e+02 6.5305603027e+02 6.5306896973e+02 6.5310699463e+02 6.5314300537e+02 6.5320397949e+02 6.5327398682e+02 6.5333502197e+02 6.5342199707e+02 6.5345599365e+02 6.5349700928e+02 6.5353802490e+02 6.5357098389e+02 6.5361297607e+02 6.5365197754e+02 6.5370202637e+02 6.5376702881e+02 6.5381896973e+02 6.5386700439e+02 6.5391900635e+02 6.5395397949e+02 6.5396899414e+02 6.5399401855e+02 6.5401098633e+02 6.5400799561e+02 6.5402600098e+02 6.5402502441e+02 6.5404101563e+02 6.5407202148e+02 6.5408599854e+02 6.5410302734e+02 6.5411798096e+02 6.5414898682e+02 6.5418597412e+02 6.5420697021e+02 6.5424102783e+02 6.5425097656e+02
6.5267999268e+02 6.5272698975e+02 6.5275897217e+02 6.5281799316e+02 6.5285400391e+02 6.5289202881e+02 6.5292700195e+02 6.5295001221e+02 6.5301098633e+02 6.5297698975e+02 6.5297198486e+02 6.5300799561e+02 6.5303002930e+02 6.5310601807e+02 6.5320397949e+02 6.5326300049e+02 6.5330798340e+02 6.5338598633e+02 6.5343298340e+02 6.5347698975e+02 6.5350701904e+02 6.5353698730e+02 6.5358502197e+02 6.5365002441e+02 6.5369799805e+02 6.5374700928e+02 6.5380499268e+02 6.5385797119e+02 6.5390698242e+02 6.5394000244e+02 6.5397198486e+02 6.5400299072e+02 6.5401898193e+02 6.5403002930e+02 6.5401898193e+02 6.5402001953e+02 6.5404797363e+02 6.5407202148e+02 6.5409997559e+02 6.5411798096e+02 6.5413500977e+02 6.5417498779e+02 6.5420202637e+02 6.5420501709e+02 6.5422900391e+02 6.5423199463e+02
6.5265399170e+02 6.5270098877e+02 6.5273901367e+02 6.5279998779e+02 6.5283099365e+02 6.5285699463e+02 6.5289099121e+02 6.5289801025e+02 6.5291198730e+02 6.5286901855e+02 6.5288897705e+02 6.5295202637e+02 6.5299401855e+02 6.5307202148e+02 6.5318103027e+02 6.5324700928e+02 6.5328302002e+02 6.5334698486e+02 6.5339697266e+02 6.5344500732e+02 6.5346502686e+02 6.5350000000e+02 6.5353900146e+02 6.5361901855e+02 6.5369799805e+02 6.5376702881e+02 6.5380902100e+02 6.5383599854e+02 6.5387298584e+02 6.5390502930e+02 6.5393902588e+02 6.5398699951e+02 6.5402099609e+02 6.5403399658e+02 6.5402502441e+02 6.5402502441e+02 6.5405603027e+02 6.5407598877e+02 6.5411102295e+02 6.5413800049e+02 6.5415002441e+02 6.5417602539e+02 6.5419897461e+02 6.5419500732e+02 6.5420697021e+02 6.5422198486e+02
6.5262799072e+02 6.5267199707e+02 6.5271600342e+02 6.5276501465e+02 6.5279602051e+02 6.5281597900e+02 6.5283801270e+02 6.5283001709e+02 6.5282000732e+02 6.5280499268e+02 6.5285498047e+02 6.5290997314e+02 6.5299597168e+02 6.5307397461e+02 6.5315802002e+02 6.5321301270e+02 6.5325299072e+02 6.5330700684e+02 6.5335601807e+02 6.5340197754e+02 6.5342602539e+02 6.5346398926e+02 6.5349401855e+02 6.5357098389e+02 6.5364599609e+02 6.5372698975e+02 6.5377301025e+02 6.5379498291e+02 6.5383099365e+02 6.5385797119e+02 6.5388397217e+02 6.5394097900e+02 6.5399597168e+02 6.5401300049e+02 6.5403802490e+02 6.5404998779e+02 6.5406799316e+02 6.5409802246e+02 6.5412097168e+02 6.5414202881e+02 6.5415997314e+02 6.5417602539e+02 6.5419299316e+02 6.5418200684e+02 6.5419799805e+02 6.5422198486e+02
