TESTSERVER/4/1.asc
NCOLS 100
NROWS 100
XLLCORNER 7.6997500000e+03
YLLCORNER 2.8990025000e+05
CELLSIZE 5.0000000000e-01
NODATA_VALUE -9.9990000000e+03
[rows 60 to 79 of 100, columns 0 to 45 of 100]
6.4989801025e+02 6.4994097900e+02 6.4996697998e+02 6.5004602051e+02 6.5008599854e+02 6.5010998535e+02 6.5016699219e+02 6.5020300293e+02 6.5023999023e+02 6.5026898193e+02 6.5029101563e+02 6.5032598877e+02 6.5034399414e+02 6.5036999512e+02 6.5039801025e+02 6.5042199707e+02 6.5044097900e+02 6.5045501709e+02 6.5045202637e+02 6.5042901611e+02 6.5039801025e+02 6.5037097168e+02 6.5032598877e+02 6.5029699707e+02 6.5027398682e+02 6.5023999023e+02 6.5016400146e+02 6.5011700439e+02 6.5010101318e+02 6.5007000732e+02 6.5009497070e+02 6.5005297852e+02 6.5005499268e+02 6.5006097412e+02 6.5006097412e+02 6.5011401367e+02 6.5017102051e+02 6.5018200684e+02 6.5019000244e+02 6.5023101807e+02 6.5027301025e+02 6.5031799316e+02 6.5036199951e+02 6.5044097900e+02 6.5047497559e+02 6.5047497559e+02
6.4986602783e+02 6.4991802979e+02 6.4996099854e+02 6.5002899170e+02 6.5005700684e+02 6.5009399414e+02 6.5017102051e+02 6.5018798828e+02 6.5020501709e+02 6.5023602295e+02 6.5027801514e+02 6.5031298828e+02 6.5032702637e+02 6.5035400391e+02 6.5036102295e+02 6.5039801025e+02 6.5041400146e+02 6.5040600586e+02 6.5037701416e+02 6.5036602783e+02 6.5033599854e+02 6.5032702637e+02 6.5027099609e+02 6.5025701904e+02 6.5021801758e+02 6.5018499756e+02 6.5011297607e+02 6.5007897949e+02 6.5006701660e+02 6.5003399658e+02 6.5004400635e+02 6.5002502441e+02 6.5004101563e+02 6.5004498291e+02 6.5001098633e+02 6.5008697510e+02 6.5011102295e+02 6.5010900879e+02 6.5013201904e+02 6.5015899658e+02 6.5020202637e+02 6.5026300049e+02 6.5030401611e+02 6.5035998535e+02 6.5037097168e+02 6.5036602783e+02
6.4985601807e+02 6.4989801025e+02 6.4994897461e+02 6.5001000977e+02 6.5003802490e+02 6.5008801270e+02 6.5015100098e+02 6.5015600586e+02 6.5016998291e+02 6.5021398926e+02 6.5026000977e+02 6.5027502441e+02 6.5028997803e+02 6.5032598877e+02 6.5032299805e+02 6.5035797119e+02 6.5037597656e+02 6.5034600830e+02 6.5030499268e+02 6.5030200195e+02 6.5026800537e+02 6.5024902344e+02 6.5018902588e+02 6.5019396973e+02 6.5015301514e+02 6.5013201904e+02 6.5005700684e+02 6.5002801514e+02 6.5002001953e+02 6.4999298096e+02 6.4999700928e+02 6.4997100830e+02 6.4999200439e+02 6.5000000000e+02 6.4996697998e+02 6.5004998779e+02 6.5005401611e+02 6.5004101563e+02 6.5005700684e+02 6.5007098389e+02 6.5011102295e+02 6.5017498779e+02 6.5020501709e+02 6.5025897217e+02 6.5027899170e+02 6.5030401611e+02
6.4984997559e+02 6.4988702393e+02 6.4993103027e+02 6.4998901367e+02 6.5002600098e+02 6.5007202148e+02 6.5011602783e+02 6.5012701416e+02 6.5014501953e+02 6.5019201660e+02 6.5023297119e+02 6.5024902344e+02 6.5025598145e+02 6.5029699707e+02 6.5030700684e+02 6.5030603027e+02 6.5031201172e+02 6.5028002930e+02 6.5024102783e+02 6.5023999023e+02 6.5021197510e+02 6.5017102051e+02 6.5011102295e+02 6.5011297607e+02 6.5007598877e+02 6.5006298828e+02 6.5000701904e+02 6.4997998047e+02 6.4997302246e+02 6.4996099854e+02 6.4996002197e+02 6.4993200684e+02 6.4996002197e+02 6.4996002197e+02 6.4992498779e+02 6.4999499512e+02 6.5000201416e+02 6.4999798584e+02 6.5000598145e+02 6.5001800537e+02 6.5001300049e+02 6.5005798340e+02 6.5010699463e+02 6.5017102051e+02 6.5020098877e+02 6.5023901367e+02
6.4982098389e+02 6.4988000488e+02 6.4991497803e+02 6.4998199463e+02 6.5002398682e+02 6.5005798340e+02 6.5008300781e+02 6.5009197998e+02 6.5012597656e+02 6.5016900635e+02 6.5019097900e+02 6.5022497559e+02 6.5023498535e+02 6.5026599121e+02 6.5028900146e+02 6.5026702881e+02 6.5025097656e+02 6.5022399902e+02 6.5020300293e+02 6.5018200684e+02 6.5014898682e+02 6.5009600830e+02 6.5003497314e+02 6.5004101563e+02 6.5000799561e+02 6.4996899414e+02 6.4993798828e+02 6.4993902588e+02 6.4995300293e+02 6.4994897461e+02 6.4992102051e+02 6.4990399170e+02 6.4993798828e+02 6.4993200684e+02 6.4990802002e+02 6.4996002197e+02 6.4998901367e+02 6.4999798584e+02 6.4999499512e+02 6.4998199463e+02 6.4998400879e+02 6.5001000977e+02 6.5004199219e+02 6.5008502197e+02 6.5012298584e+02 6.5015698242e+02
6.4980603027e+02 6.4986199951e+02 6.4991998291e+02 6.4997900391e+02 6.5000500488e+02 6.5002301025e+02 6.5004498291e+02 6.5006500244e+02 6.5009497070e+02 6.5013800049e+02 6.5016900635e+02 6.5019500732e+02 6.5021197510e+02 6.5022802734e+02 6.5021002197e+02 6.5019500732e+02 6.5018499756e+02 6.5015301514e+02 6.5013598633e+02 6.5011602783e+02 6.5007299805e+02 6.5003198242e+02 6.4997601318e+02 6.4995800781e+02 6.4995501709e+02 6.4996502686e+02 6.4993701172e+02 6.4990197754e+02 6.4989398193e+02 6.4991699219e+02 6.4993798828e+02 6.4988299561e+02 6.4989398193e+02 6.4989300537e+02 6.4987902832e+02 6.4995202637e+02 6.4996301270e+02 6.4994500732e+02 6.4993499756e+02 6.4993200684e+02 6.4993798828e+02 6.4994201660e+02 6.4996899414e+02 6.5000598145e+02 6.5002197266e+02 6.5005499268e+02
6.4979998779e+02 6.4985302734e+02 6.4991601563e+02 6.4994500732e+02 6.4996899414e+02 6.4998797607e+02 6.5002801514e+02 6.5005700684e+02 6.5007501221e+02 6.5011199951e+02 6.5014202881e+02 6.5016302490e+02 6.5018298340e+02 6.5019000244e+02 6.5014501953e+02 6.5011401367e+02 6.5011199951e+02 6.5009100342e+02 6.5007598877e+02 6.5005401611e+02 6.5000701904e+02 6.4997601318e+02 6.4996002197e+02 6.4995599365e+02 6.4992901611e+02 6.4990899658e+02 6.4986700439e+02 6.4986401367e+02 6.4985498047e+02 6.4988000488e+02 6.4992498779e+02 6.4986499023e+02 6.4984802246e+02 6.4983502197e+02 6.4984002686e+02 6.4990997314e+02 6.4989801025e+02 6.4987902832e+02 6.4986798096e+02 6.4988397217e+02 6.4988500977e+02 6.4988800049e+02 6.4991998291e+02 6.4995697021e+02 6.4996899414e+02 6.5000598145e+02
6.4980700684e+02 6.4985498047e+02 6.4990399170e+02 6.4990997314e+02 6.4994000244e+02 6.4996502686e+02 6.5001599121e+02 6.5003997803e+02 6.5005902100e+02 6.5009002686e+02 6.5011700439e+02 6.5013800049e+02 6.5015002441e+02 6.5014898682e+02 6.5010900879e+02 6.5006500244e+02 6.5006597900e+02 6.5006201172e+02 6.5003698730e+02 6.5000201416e+02 6.4995898438e+02 6.4994097900e+02 6.4993701172e+02 6.4996099854e+02 6.4990301514e+02 6.4984600830e+02 6.4982202148e+02 6.4983398438e+02 6.4981097412e+02 6.4982299805e+02 6.4984600830e+02 6.4981500244e+02 6.4981597900e+02 6.4980798340e+02 6.4983099365e+02 6.4986102295e+02 6.4984301758e+02 6.4984997559e+02 6.4983697510e+02 6.4985198975e+02 6.4984997559e+02 6.4986499023e+02 6.4988201904e+02 6.4990002441e+02 6.4992102051e+02 6.4995501709e+02
6.4980798340e+02 6.4984399414e+02 6.4989099121e+02 6.4990002441e+02 6.4992602539e+02 6.4995501709e+02 6.4998901367e+02 6.5000402832e+02 6.5002899170e+02 6.5005297852e+02 6.5008502197e+02 6.5010498047e+02 6.5010198975e+02 6.5008502197e+02 6.5004400635e+02 6.5002600098e+02 6.5003601074e+02 6.5003802490e+02 6.4998797607e+02 6.4994000244e+02 6.4991302490e+02 6.4990899658e+02 6.4988098145e+02 6.4990301514e+02 6.4986499023e+02 6.4981097412e+02 6.4978002930e+02 6.4976098633e+02 6.4973999023e+02 6.4974700928e+02 6.4974200439e+02 6.4975402832e+02 6.4978002930e+02 6.4978497314e+02 6.4978997803e+02 6.4980798340e+02 6.4981201172e+02 6.4983099365e+02 6.4981097412e+02 6.4980102539e+02 6.4980700684e+02 6.4984197998e+02 6.4985198975e+02 6.4986199951e+02 6.4986401367e+02 6.4986602783e+02
6.4979498291e+02 6.4981097412e+02 6.4984802246e+02 6.4986901855e+02 6.4989898682e+02 6.4994299316e+02 6.4997302246e+02 6.4997998047e+02 6.5000598145e+02 6.5003302002e+02 6.5005102539e+02 6.5007202148e+02 6.5007202148e+02 6.5004699707e+02 6.5002398682e+02 6.4999499512e+02 6.4999102783e+02 6.4998699951e+02 6.4995300293e+02 6.4991198730e+02 6.4987200928e+02 6.4985302734e+02 6.4984698486e+02 6.4984002686e+02 6.4978698730e+02 6.4975000000e+02 6.4974401855e+02 6.4971502686e+02 6.4971801758e+02 6.4972302246e+02 6.4972698975e+02 6.4971398926e+02 6.4973400879e+02 6.4972998047e+02 6.4971502686e+02 6.4975799561e+02 6.4977502441e+02 6.4980700684e+02 6.4980401611e+02 6.4978698730e+02 6.4979602051e+02 6.4982501221e+02 6.4984497070e+02 6.4982598877e+02 6.4981597900e+02 6.4983502197e+02
6.4976300049e+02 6.4978198242e+02 6.4981799316e+02 6.4984100342e+02 6.4987298584e+02 6.4991601563e+02 6.4994201660e+02 6.4995098877e+02 6.4997302246e+02 6.5000598145e+02 6.5001397705e+02 6.5001898193e+02 6.5001098633e+02 6.4999401855e+02 6.4998699951e+02 6.4996899414e+02 6.4996697998e+02 6.4995599365e+02 6.4992602539e+02 6.4989599609e+02 6.4985198975e+02 6.4982000732e+02 6.4981097412e+02 6.4979498291e+02 6.4974597168e+02 6.4972601318e+02 6.4972900391e+02 6.4969201660e+02 6.4967297363e+02 6.4966302490e+02 6.4966998291e+02 6.4965002441e+02 6.4968200684e+02 6.4970397949e+02 6.4969799805e+02 6.4972100830e+02 6.4971899414e+02 6.4975201416e+02 6.4976501465e+02 6.4975598145e+02 6.4978601074e+02 6.4982501221e+02 6.4983697510e+02 6.4979602051e+02 6.4978802490e+02 6.4980401611e+02
6.4974102783e+02 6.4977697754e+02 6.4981298828e+02 6.4982202148e+02 6.4984600830e+02 6.4988500977e+02 6.4990802002e+02 6.4993200684e+02 6.4995599365e+02 6.4997900391e+02 6.4997698975e+02 6.4997601318e+02 6.4995300293e+02 6.4993402100e+02 6.4992901611e+02 6.4992297363e+02 6.4993200684e+02 6.4992901611e+02 6.4989202881e+02 6.4985797119e+02 6.4982202148e+02 6.4978601074e+02 6.4975097656e+02 6.4974597168e+02 6.4971600342e+02 6.4970599365e+02 6.4970202637e+02 6.4965802002e+02 6.4963897705e+02 6.4963897705e+02 6.4963201904e+02 6.4962402344e+02 6.4966601563e+02 6.4968701172e+02 6.4969000244e+02 6.4971197510e+02 6.4968597412e+02 6.4970300293e+02 6.4971600342e+02 6.4972601318e+02 6.4975701904e+02 6.4978997803e+02 6.4980798340e+02 6.4976397705e+02 6.4976000977e+02 6.4978198242e+02
6.4972100830e+02 6.4976000977e+02 6.4978399658e+02 6.4980700684e+02 6.4983398438e+02 6.4986901855e+02 6.4988098145e+02 6.4990002441e+02 6.4993200684e+02 6.4992700195e+02 6.4992602539e+02 6.4994500732e+02 6.4991802979e+02 6.4989398193e+02 6.4987799072e+02 6.4987200928e+02 6.4987902832e+02 6.4985998535e+02 6.4980700684e+02 6.4980297852e+02 6.4978698730e+02 6.4976397705e+02 6.4970397949e+02 6.4968798828e+02 6.4969299316e+02 6.4969299316e+02 6.4966497803e+02 6.4963702393e+02 6.4961102295e+02 6.4960101318e+02 6.4958502197e+02 6.4959899902e+02 6.4966699219e+02 6.4969201660e+02 6.4967901611e+02 6.4968499756e+02 6.4966400146e+02 6.4967199707e+02 6.4970397949e+02 6.4972900391e+02 6.4974902344e+02 6.4976098633e+02 6.4975897217e+02 6.4977600098e+02 6.4978900146e+02 6.4983099365e+02
6.4971600342e+02 6.4973901367e+02 6.4977099609e+02 6.4979498291e+02 6.4981097412e+02 6.4984899902e+02 6.4987597656e+02 6.4988702393e+02 6.4990002441e+02 6.4989300537e+02 6.4987799072e+02 6.4988201904e+02 6.4985302734e+02 6.4984399414e+02 6.4983801270e+02 6.4981402588e+02 6.4982501221e+02 6.4981799316e+02 6.4979400635e+02 6.4979199219e+02 6.4976599121e+02 6.4972302246e+02 6.4966497803e+02 6.4967999268e+02 6.4968402100e+02 6.4968798828e+02 6.4971099854e+02 6.4965399170e+02 6.4959002686e+02 6.4959301758e+02 6.4960699463e+02 6.4958898926e+02 6.4966198730e+02 6.4971197510e+02 6.4968103027e+02 6.4966400146e+02 6.4966802979e+02 6.4968200684e+02 6.4970202637e+02 6.4972698975e+02 6.4977502441e+02 6.4980603027e+02 6.4978399658e+02 6.4982000732e+02 6.4985302734e+02 6.4988201904e+02
6.4969598389e+02 6.4971801758e+02 6.4975701904e+02 6.4978497314e+02 6.4980200195e+02 6.4983801270e+02 6.4985302734e+02 6.4984997559e+02 6.4985900879e+02 6.4985900879e+02 6.4984002686e+02 6.4983300781e+02 6.4980401611e+02 6.4979699707e+02 6.4979498291e+02 6.4976800537e+02 6.4978399658e+02 6.4979302979e+02 6.4976300049e+02 6.4976501465e+02 6.4976098633e+02 6.4971997070e+02 6.4965502930e+02 6.4966900635e+02 6.4966699219e+02 6.4968402100e+02 6.4972100830e+02 6.4965100098e+02 6.4958197021e+02 6.4959301758e+02 6.4961901855e+02 6.4961401367e+02 6.4967700195e+02 6.4971502686e+02 6.4970599365e+02 6.4972900391e+02 6.4976501465e+02 6.4978399658e+02 6.4976599121e+02 6.4978302002e+02 6.4981500244e+02 6.4982598877e+02 6.4979699707e+02 6.4982397461e+02 6.4985699463e+02 6.4987597656e+02
6.4967602539e+02 6.4970501709e+02 6.4973999023e+02 6.4977600098e+02 6.4980297852e+02 6.4982598877e+02 6.4981402588e+02 6.4980499268e+02 6.4980700684e+02 6.4980102539e+02 6.4979901123e+02 6.4979901123e+02 6.4977697754e+02 6.4976300049e+02 6.4974499512e+02 6.4972100830e+02 6.4974200439e+02 6.4975598145e+02 6.4972698975e+02 6.4972601318e+02 6.4972601318e+02 6.4968499756e+02 6.4962902832e+02 6.4963000488e+02 6.4963000488e+02 6.4964099121e+02 6.4965502930e+02 6.4961199951e+02 6.4959899902e+02 6.4963000488e+02 6.4966198730e+02 6.4967797852e+02 6.4972601318e+02 6.4976098633e+02 6.4976800537e+02 6.4980401611e+02 6.4982299805e+02 6.4982598877e+02 6.4978900146e+02 6.4979101563e+02 6.4980297852e+02 6.4979998779e+02 6.4978601074e+02 6.4981201172e+02 6.4983898926e+02 6.4985601807e+02
6.4966802979e+02 6.4970098877e+02 6.4971697998e+02 6.4973901367e+02 6.4978100586e+02 6.4979101563e+02 6.4978698730e+02 6.4976800537e+02 6.4976000977e+02 6.4975897217e+02 6.4976800537e+02 6.4974597168e+02 6.4973400879e+02 6.4973101807e+02 6.4972998047e+02 6.4971197510e+02 6.4972100830e+02 6.4971600342e+02 6.4968597412e+02 6.4969799805e+02 6.4969097900e+02 6.4966101074e+02 6.4962097168e+02 6.4961901855e+02 6.4962500000e+02 6.4963397217e+02 6.4967797852e+02 6.4967297363e+02 6.4967999268e+02 6.4971002197e+02 6.4972100830e+02 6.4972998047e+02 6.4975402832e+02 6.4976898193e+02 6.4975402832e+02 6.4978698730e+02 6.4978302002e+02 6.4977502441e+02 6.4976898193e+02 6.4977600098e+02 6.4978698730e+02 6.4979400635e+02 6.4978100586e+02 6.4981500244e+02 6.4983801270e+02 6.4984497070e+02
6.4965301514e+02 6.4968902588e+02 6.4971997070e+02 6.4971997070e+02 6.4973297119e+02 6.4974102783e+02 6.4972802734e+02 6.4971801758e+02 6.4973101807e+02 6.4973901367e+02 6.4971997070e+02 6.4970501709e+02 6.4968798828e+02 6.4968103027e+02 6.4968701172e+02 6.4966900635e+02 6.4969097900e+02 6.4971398926e+02 6.4968597412e+02 6.4968902588e+02 6.4966900635e+02 6.4965698242e+02 6.4963098145e+02 6.4965899658e+02 6.4967199707e+02 6.4967797852e+02 6.4970599365e+02 6.4971197510e+02 6.4971899414e+02 6.4973297119e+02 6.4974298096e+02 6.4971697998e+02 6.4972198486e+02 6.4974102783e+02 6.4972998047e+02 6.4976000977e+02 6.4978802490e+02 6.4978802490e+02 6.4976800537e+02 6.4977801514e+02 6.4978100586e+02 6.4978002930e+02 6.4977001953e+02 6.4977197266e+02 6.4978002930e+02 6.4979199219e+02
6.4964599609e+02 6.4967999268e+02 6.4969396973e+02 6.4968200684e+02 6.4968798828e+02 6.4970599365e+02 6.4970001221e+02 6.4969702148e+02 6.4969897461e+02 6.4970202637e+02 6.4967700195e+02 6.4966601563e+02 6.4965100098e+02 6.4965100098e+02 6.4966198730e+02 6.4965100098e+02 6.4968103027e+02 6.4970898438e+02 6.4967602539e+02 6.4966497803e+02 6.4966101074e+02 6.4966101074e+02 6.4964001465e+02 6.4968402100e+02 6.4968499756e+02 6.4968103027e+02 6.4968902588e+02 6.4970599365e+02 6.4970898438e+02 6.4972198486e+02 6.4975000000e+02 6.4971801758e+02 6.4970300293e+02 6.4972302246e+02 6.4972802734e+02 6.4974597168e+02 6.4976599121e+02 6.4978497314e+02 6.4975299072e+02 6.4974902344e+02 6.4974298096e+02 6.4973901367e+02 6.4974597168e+02 6.4974102783e+02 6.4974499512e+02 6.4976300049e+02
6.4964697266e+02 6.4965502930e+02 6.4963897705e+02 6.4963702393e+02 6.4964801025e+02 6.4966497803e+02 6.4966497803e+02 6.4966601563e+02 6.4966998291e+02 6.4966802979e+02 6.4964599609e+02 6.4964300537e+02 6.4963500977e+02 6.4963598633e+02 6.4963299561e+02 6.4964300537e+02 6.4967999268e+02 6.4968798828e+02 6.4965802002e+02 6.4964501953e+02 6.4965802002e+02 6.4965899658e+02 6.4964398193e+02 6.4968701172e+02 6.4968402100e+02 6.4967498779e+02 6.4968200684e+02 6.4970001221e+02 6.4970098877e+02 6.4971197510e+02 6.4972802734e+02 6.4970697021e+02 6.4967297363e+02 6.4968200684e+02 6.4971301270e+02 6.4971697998e+02 6.4971997070e+02 6.4975201416e+02 6.4973498535e+02 6.4973602295e+02 6.4972998047e+02 6.4972198486e+02 6.4974102783e+02 6.4973400879e+02 6.4973101807e+02 6.4974298096e+02
