TESTSERVER/4/10.asc
NCOLS 100
NROWS 100
XLLCORNER 7.6997500000e+03
YLLCORNER 2.8945025000e+05
CELLSIZE 5.0000000000e-01
NODATA_VALUE -9.9990000000e+03
[rows 0 to 19 of 100, columns 46 to 91 of 100]
5.9098797607e+02 5.9100097656e+02 5.9102600098e+02 5.9104998779e+02 5.9107299805e+02 5.9105297852e+02 5.9105999756e+02 5.9107202148e+02 5.9106597900e+02 5.9104901123e+02 5.9106896973e+02 5.9107501221e+02 5.9104998779e+02 5.9104400635e+02 5.9100701904e+02 5.9108001709e+02 5.9138098145e+02 5.9133898926e+02 5.9112597656e+02 5.9106500244e+02 5.9118298340e+02 5.9156298828e+02 5.9209497070e+02 5.9242602539e+02 5.9246502686e+02 5.9244500732e+02 5.9246099854e+02 5.9251202393e+02 5.9253002930e+02 5.9251300049e+02 5.9250299072e+02 5.9250402832e+02 5.9250201416e+02 5.9253002930e+02 5.9252899170e+02 5.9251397705e+02 5.9251300049e+02 5.9251599121e+02 5.9253802490e+02 5.9256799316e+02 5.9257800293e+02 5.9258898926e+02 5.9260900879e+02 5.9263702393e+02 5.9265698242e+02 5.9263702393e+02
5.9098199463e+02 5.9099298096e+02 5.9103002930e+02 5.9104199219e+02 5.9104901123e+02 5.9104998779e+02 5.9106500244e+02 5.9108001709e+02 5.9108801270e+02 5.9107299805e+02 5.9108398438e+02 5.9108300781e+02 5.9104998779e+02 5.9105999756e+02 5.9103002930e+02 5.9101098633e+02 5.9116802979e+02 5.9119201660e+02 5.9109100342e+02 5.9104901123e+02 5.9110498047e+02 5.9137799072e+02 5.9186700439e+02 5.9227600098e+02 5.9240002441e+02 5.9244396973e+02 5.9247198486e+02 5.9250000000e+02 5.9252001953e+02 5.9252301025e+02 5.9250201416e+02 5.9248101807e+02 5.9247497559e+02 5.9250799561e+02 5.9251098633e+02 5.9249298096e+02 5.9249401855e+02 5.9250500488e+02 5.9253997803e+02 5.9257397461e+02 5.9257397461e+02 5.9256799316e+02 5.9258599854e+02 5.9260498047e+02 5.9260198975e+02 5.9259197998e+02
5.9097100830e+02 5.9098199463e+02 5.9102301025e+02 5.9103601074e+02 5.9103100586e+02 5.9106097412e+02 5.9107598877e+02 5.9107397461e+02 5.9108801270e+02 5.9108502197e+02 5.9109301758e+02 5.9108697510e+02 5.9105798340e+02 5.9103900146e+02 5.9101098633e+02 5.9097900391e+02 5.9100299072e+02 5.9104602051e+02 5.9102398682e+02 5.9100500488e+02 5.9107202148e+02 5.9125402832e+02 5.9168902588e+02 5.9215997314e+02 5.9237902832e+02 5.9242199707e+02 5.9245599365e+02 5.9247900391e+02 5.9247900391e+02 5.9247698975e+02 5.9246899414e+02 5.9245300293e+02 5.9245300293e+02 5.9249298096e+02 5.9251300049e+02 5.9250701904e+02 5.9249298096e+02 5.9249401855e+02 5.9251898193e+02 5.9254498291e+02 5.9253399658e+02 5.9252600098e+02 5.9255700684e+02 5.9258398438e+02 5.9256597900e+02 5.9254901123e+02
5.9097399902e+02 5.9097497559e+02 5.9100097656e+02 5.9102801514e+02 5.9103698730e+02 5.9105902100e+02 5.9106896973e+02 5.9105999756e+02 5.9107202148e+02 5.9107299805e+02 5.9107800293e+02 5.9106097412e+02 5.9104199219e+02 5.9104302979e+02 5.9101800537e+02 5.9099102783e+02 5.9099102783e+02 5.9101202393e+02 5.9099902344e+02 5.9100299072e+02 5.9106500244e+02 5.9117401123e+02 5.9155401611e+02 5.9207202148e+02 5.9237500000e+02 5.9240197754e+02 5.9243597412e+02 5.9245202637e+02 5.9242102051e+02 5.9239898682e+02 5.9242602539e+02 5.9243902588e+02 5.9243902588e+02 5.9246502686e+02 5.9249902344e+02 5.9251702881e+02 5.9249102783e+02 5.9246899414e+02 5.9247900391e+02 5.9249102783e+02 5.9248101807e+02 5.9248602295e+02 5.9252600098e+02 5.9255297852e+02 5.9253698730e+02 5.9253100586e+02
5.9099200439e+02 5.9098999023e+02 5.9099200439e+02 5.9102001953e+02 5.9105401611e+02 5.9104199219e+02 5.9104797363e+02 5.9104199219e+02 5.9104699707e+02 5.9107000732e+02 5.9107897949e+02 5.9107702637e+02 5.9104400635e+02 5.9104901123e+02 5.9103802490e+02 5.9102197266e+02 5.9100897217e+02 5.9101702881e+02 5.9101501465e+02 5.9103302002e+02 5.9104400635e+02 5.9107800293e+02 5.9139501953e+02 5.9194396973e+02 5.9234899902e+02 5.9237200928e+02 5.9239801025e+02 5.9241497803e+02 5.9241101074e+02 5.9238000488e+02 5.9245300293e+02 5.9250897217e+02 5.9248699951e+02 5.9244897461e+02 5.9245898438e+02 5.9247302246e+02 5.9243402100e+02 5.9243701172e+02 5.9244000244e+02 5.9244396973e+02 5.9244702148e+02 5.9245599365e+02 5.9248101807e+02 5.9249597168e+02 5.9248797607e+02 5.9250701904e+02
5.9098901367e+02 5.9099798584e+02 5.9100000000e+02 5.9100500488e+02 5.9103399658e+02 5.9102697754e+02 5.9103497314e+02 5.9103100586e+02 5.9104602051e+02 5.9107202148e+02 5.9105297852e+02 5.9105798340e+02 5.9102697754e+02 5.9101501465e+02 5.9101599121e+02 5.9100897217e+02 5.9098101807e+02 5.9100402832e+02 5.9099401855e+02 5.9101300049e+02 5.9103900146e+02 5.9101599121e+02 5.9118701172e+02 5.9167401123e+02 5.9217498779e+02 5.9223901367e+02 5.9225299072e+02 5.9226000977e+02 5.9229400635e+02 5.9234997559e+02 5.9246997070e+02 5.9256097412e+02 5.9253399658e+02 5.9249298096e+02 5.9247399902e+02 5.9244799805e+02 5.9241802979e+02 5.9243402100e+02 5.9244299316e+02 5.9243597412e+02 5.9244000244e+02 5.9246600342e+02 5.9246099854e+02 5.9245501709e+02 5.9242901611e+02 5.9244598389e+02
5.9097198486e+02 5.9098999023e+02 5.9099200439e+02 5.9099401855e+02 5.9102600098e+02 5.9103900146e+02 5.9104998779e+02 5.9103601074e+02 5.9103100586e+02 5.9104101563e+02 5.9102801514e+02 5.9103497314e+02 5.9101501465e+02 5.9100598145e+02 5.9099298096e+02 5.9097601318e+02 5.9095300293e+02 5.9099200439e+02 5.9098101807e+02 5.9097998047e+02 5.9100500488e+02 5.9100701904e+02 5.9106799316e+02 5.9139099121e+02 5.9189202881e+02 5.9206500244e+02 5.9212799072e+02 5.9215197754e+02 5.9220001221e+02 5.9230200195e+02 5.9244396973e+02 5.9255499268e+02 5.9256701660e+02 5.9254901123e+02 5.9252099609e+02 5.9247399902e+02 5.9243200684e+02 5.9245001221e+02 5.9245098877e+02 5.9244000244e+02 5.9244097900e+02 5.9247399902e+02 5.9246301270e+02 5.9242602539e+02 5.9235302734e+02 5.9233801270e+02
5.9097399902e+02 5.9098699951e+02 5.9098699951e+02 5.9098901367e+02 5.9100201416e+02 5.9103100586e+02 5.9105798340e+02 5.9104498291e+02 5.9101702881e+02 5.9102197266e+02 5.9102697754e+02 5.9103100586e+02 5.9101800537e+02 5.9101300049e+02 5.9098699951e+02 5.9096099854e+02 5.9095697021e+02 5.9096600342e+02 5.9094702148e+02 5.9094299316e+02 5.9095800781e+02 5.9098699951e+02 5.9100000000e+02 5.9116998291e+02 5.9158197021e+02 5.9187799072e+02 5.9201599121e+02 5.9207299805e+02 5.9213500977e+02 5.9226000977e+02 5.9239501953e+02 5.9250299072e+02 5.9255200195e+02 5.9257397461e+02 5.9255401611e+02 5.9250201416e+02 5.9247198486e+02 5.9247802734e+02 5.9243798828e+02 5.9240197754e+02 5.9241699219e+02 5.9241101074e+02 5.9233898926e+02 5.9226202393e+02 5.9217199707e+02 5.9207202148e+02
5.9097601318e+02 5.9097100830e+02 5.9096997070e+02 5.9097802734e+02 5.9097302246e+02 5.9099102783e+02 5.9103601074e+02 5.9103997803e+02 5.9100299072e+02 5.9100097656e+02 5.9102099609e+02 5.9103198242e+02 5.9100500488e+02 5.9099597168e+02 5.9094897461e+02 5.9091302490e+02 5.9094897461e+02 5.9092999268e+02 5.9089697266e+02 5.9090502930e+02 5.9092602539e+02 5.9093902588e+02 5.9095898438e+02 5.9105102539e+02 5.9130102539e+02 5.9167199707e+02 5.9187402344e+02 5.9196899414e+02 5.9203497314e+02 5.9217797852e+02 5.9229302979e+02 5.9238098145e+02 5.9244897461e+02 5.9251397705e+02 5.9252099609e+02 5.9250299072e+02 5.9253100586e+02 5.9245397949e+02 5.9233001709e+02 5.9223297119e+02 5.9228399658e+02 5.9217297363e+02 5.9196997070e+02 5.9186297607e+02 5.9181500244e+02 5.9170599365e+02
5.9094897461e+02 5.9094799805e+02 5.9093798828e+02 5.9094500732e+02 5.9096301270e+02 5.9098602295e+02 5.9101202393e+02 5.9101800537e+02 5.9100799561e+02 5.9100799561e+02 5.9101898193e+02 5.9102697754e+02 5.9098797607e+02 5.9095800781e+02 5.9091198730e+02 5.9088000488e+02 5.9090600586e+02 5.9091802979e+02 5.9089398193e+02 5.9089202881e+02 5.9090197754e+02 5.9091497803e+02 5.9094799805e+02 5.9103399658e+02 5.9120800781e+02 5.9147698975e+02 5.9168103027e+02 5.9180603027e+02 5.9190301514e+02 5.9204602051e+02 5.9216900635e+02 5.9225097656e+02 5.9231201172e+02 5.9237402344e+02 5.9239001465e+02 5.9239099121e+02 5.9238598633e+02 5.9225201416e+02 5.9204797363e+02 5.9187402344e+02 5.9180902100e+02 5.9169702148e+02 5.9157000732e+02 5.9148797607e+02 5.9144097900e+02 5.9137200928e+02
5.9090997314e+02 5.9093103027e+02 5.9093103027e+02 5.9093402100e+02 5.9095898438e+02 5.9097198486e+02 5.9097998047e+02 5.9098400879e+02 5.9099102783e+02 5.9099700928e+02 5.9099298096e+02 5.9099102783e+02 5.9095800781e+02 5.9092297363e+02 5.9091699219e+02 5.9089202881e+02 5.9087701416e+02 5.9088397217e+02 5.9086297607e+02 5.9086401367e+02 5.9088702393e+02 5.9091699219e+02 5.9095202637e+02 5.9102099609e+02 5.9114898682e+02 5.9134197998e+02 5.9151898193e+02 5.9165899658e+02 5.9177899170e+02 5.9189001465e+02 5.9199200439e+02 5.9206896973e+02 5.9212298584e+02 5.9213897705e+02 5.9211199951e+02 5.9207501221e+02 5.9203497314e+02 5.9186999512e+02 5.9165100098e+02 5.9146301270e+02 5.9136901855e+02 5.9131597900e+02 5.9124401855e+02 5.9116497803e+02 5.9109600830e+02 5.9103002930e+02
5.9088897705e+02 5.9091198730e+02 5.9091900635e+02 5.9092297363e+02 5.9093798828e+02 5.9093402100e+02 5.9093902588e+02 5.9095001221e+02 5.9095501709e+02 5.9097100830e+02 5.9097302246e+02 5.9096502686e+02 5.9093798828e+02 5.9089001465e+02 5.9089697266e+02 5.9088800049e+02 5.9086297607e+02 5.9084399414e+02 5.9080401611e+02 5.9081201172e+02 5.9087097168e+02 5.9091900635e+02 5.9095501709e+02 5.9100701904e+02 5.9109997559e+02 5.9122698975e+02 5.9136199951e+02 5.9149597168e+02 5.9164501953e+02 5.9172100830e+02 5.9176300049e+02 5.9180798340e+02 5.9185601807e+02 5.9183300781e+02 5.9175799561e+02 5.9166601563e+02 5.9158300781e+02 5.9144396973e+02 5.9126898193e+02 5.9111199951e+02 5.9102899170e+02 5.9101397705e+02 5.9096099854e+02 5.9087402344e+02 5.9079797363e+02 5.9072302246e+02
5.9090002441e+02 5.9089202881e+02 5.9088000488e+02 5.9088201904e+02 5.9088201904e+02 5.9087799072e+02 5.9089697266e+02 5.9091400146e+02 5.9091998291e+02 5.9093298340e+02 5.9095001221e+02 5.9094000244e+02 5.9092999268e+02 5.9089501953e+02 5.9086297607e+02 5.9085998535e+02 5.9085101318e+02 5.9082598877e+02 5.9080700684e+02 5.9083599854e+02 5.9089501953e+02 5.9090002441e+02 5.9092700195e+02 5.9096600342e+02 5.9103698730e+02 5.9113598633e+02 5.9122900391e+02 5.9132800293e+02 5.9146600342e+02 5.9149700928e+02 5.9146801758e+02 5.9147198486e+02 5.9151599121e+02 5.9150897217e+02 5.9141497803e+02 5.9128198242e+02 5.9117700195e+02 5.9110797119e+02 5.9098901367e+02 5.9086102295e+02 5.9076397705e+02 5.9072802734e+02 5.9067401123e+02 5.9059399414e+02 5.9051702881e+02 5.9046697998e+02
5.9087799072e+02 5.9086602783e+02 5.9084802246e+02 5.9083898926e+02 5.9084002686e+02 5.9083801270e+02 5.9084698486e+02 5.9084698486e+02 5.9086798096e+02 5.9090502930e+02 5.9092199707e+02 5.9089898682e+02 5.9088098145e+02 5.9086602783e+02 5.9084497070e+02 5.9084600830e+02 5.9085198975e+02 5.9082702637e+02 5.9082202148e+02 5.9083898926e+02 5.9086901855e+02 5.9086199951e+02 5.9087799072e+02 5.9091601563e+02 5.9097900391e+02 5.9105700684e+02 5.9111602783e+02 5.9116302490e+02 5.9118701172e+02 5.9116497803e+02 5.9116802979e+02 5.9120202637e+02 5.9121697998e+02 5.9117901611e+02 5.9107299805e+02 5.9095697021e+02 5.9092401123e+02 5.9089801025e+02 5.9077801514e+02 5.9063201904e+02 5.9053497314e+02 5.9045397949e+02 5.9037597656e+02 5.9030297852e+02 5.9022601318e+02 5.9019000244e+02
5.9084100342e+02 5.9081701660e+02 5.9080499268e+02 5.9080102539e+02 5.9080798340e+02 5.9079998779e+02 5.9079199219e+02 5.9078900146e+02 5.9081298828e+02 5.9084698486e+02 5.9086901855e+02 5.9086199951e+02 5.9085699463e+02 5.9085797119e+02 5.9083801270e+02 5.9084002686e+02 5.9086102295e+02 5.9083801270e+02 5.9082299805e+02 5.9082098389e+02 5.9081597900e+02 5.9079602051e+02 5.9080798340e+02 5.9084002686e+02 5.9090100098e+02 5.9095098877e+02 5.9096801758e+02 5.9096801758e+02 5.9092602539e+02 5.9088397217e+02 5.9089801025e+02 5.9091699219e+02 5.9088897705e+02 5.9081298828e+02 5.9073101807e+02 5.9068798828e+02 5.9071697998e+02 5.9071997070e+02 5.9061901855e+02 5.9047302246e+02 5.9037402344e+02 5.9027600098e+02 5.9016101074e+02 5.9006597900e+02 5.8998797607e+02 5.8996197510e+02
5.9080798340e+02 5.9076800537e+02 5.9075799561e+02 5.9076300049e+02 5.9077398682e+02 5.9076202393e+02 5.9075201416e+02 5.9075500488e+02 5.9077301025e+02 5.9080102539e+02 5.9082397461e+02 5.9082098389e+02 5.9082299805e+02 5.9083398438e+02 5.9081799316e+02 5.9083801270e+02 5.9086602783e+02 5.9082202148e+02 5.9079199219e+02 5.9076702881e+02 5.9072900391e+02 5.9069799805e+02 5.9070697021e+02 5.9073602295e+02 5.9078997803e+02 5.9081097412e+02 5.9078997803e+02 5.9075201416e+02 5.9068499756e+02 5.9064697266e+02 5.9064801025e+02 5.9064202881e+02 5.9061499023e+02 5.9054901123e+02 5.9049401855e+02 5.9048699951e+02 5.9051397705e+02 5.9053601074e+02 5.9046002197e+02 5.9032397461e+02 5.9021398926e+02 5.9010699463e+02 5.8997698975e+02 5.8987701416e+02 5.8981298828e+02 5.8978399658e+02
5.9079101563e+02 5.9076202393e+02 5.9073699951e+02 5.9072698975e+02 5.9072601318e+02 5.9072900391e+02 5.9072399902e+02 5.9072399902e+02 5.9073797607e+02 5.9075097656e+02 5.9077001953e+02 5.9075402832e+02 5.9073999023e+02 5.9074401855e+02 5.9074597168e+02 5.9077801514e+02 5.9078900146e+02 5.9075000000e+02 5.9069799805e+02 5.9064599609e+02 5.9059100342e+02 5.9057800293e+02 5.9058697510e+02 5.9060998535e+02 5.9065802002e+02 5.9063500977e+02 5.9056597900e+02 5.9049499512e+02 5.9043902588e+02 5.9045098877e+02 5.9045501709e+02 5.9045898438e+02 5.9046301270e+02 5.9038702393e+02 5.9032000732e+02 5.9027697754e+02 5.9022998047e+02 5.9024200439e+02 5.9018200684e+02 5.9008599854e+02 5.8997399902e+02 5.8986297607e+02 5.8976501465e+02 5.8969598389e+02 5.8964697266e+02 5.8960302734e+02
5.9076898193e+02 5.9075000000e+02 5.9072399902e+02 5.9069396973e+02 5.9066601563e+02 5.9067797852e+02 5.9067401123e+02 5.9068902588e+02 5.9069500732e+02 5.9068597412e+02 5.9067797852e+02 5.9063397217e+02 5.9062500000e+02 5.9062701416e+02 5.9065899658e+02 5.9069201660e+02 5.9067498779e+02 5.9062200928e+02 5.9055499268e+02 5.9048699951e+02 5.9044396973e+02 5.9044201660e+02 5.9045898438e+02 5.9047900391e+02 5.9050299072e+02 5.9044897461e+02 5.9033801270e+02 5.9025598145e+02 5.9024401855e+02 5.9025701904e+02 5.9025000000e+02 5.9025500488e+02 5.9024401855e+02 5.9016400146e+02 5.9010101318e+02 5.9005297852e+02 5.9000799561e+02 5.8995397949e+02 5.8988598633e+02 5.8982299805e+02 5.8976000977e+02 5.8968402100e+02 5.8960900879e+02 5.8952801514e+02 5.8944702148e+02 5.8939697266e+02
5.9076000977e+02 5.9074200439e+02 5.9069598389e+02 5.9063897705e+02 5.9058398438e+02 5.9058099365e+02 5.9058599854e+02 5.9060998535e+02 5.9059301758e+02 5.9056597900e+02 5.9056402588e+02 5.9053698730e+02 5.9053698730e+02 5.9051000977e+02 5.9053497314e+02 5.9056597900e+02 5.9052197266e+02 5.9045501709e+02 5.9038598633e+02 5.9031896973e+02 5.9028002930e+02 5.9028497314e+02 5.9030700684e+02 5.9032897949e+02 5.9033197021e+02 5.9026202393e+02 5.9015698242e+02 5.9008300781e+02 5.9007598877e+02 5.9007397461e+02 5.9004797363e+02 5.9003399658e+02 5.9001800537e+02 5.8996099854e+02 5.8991302490e+02 5.8987402344e+02 5.8982000732e+02 5.8974798584e+02 5.8967901611e+02 5.8961901855e+02 5.8957598877e+02 5.8954101563e+02 5.8946398926e+02 5.8935797119e+02 5.8925598145e+02 5.8922198486e+02
5.9070300293e+02 5.9066699219e+02 5.9060900879e+02 5.9055603027e+02 5.9052398682e+02 5.9049102783e+02 5.9048602295e+02 5.9049798584e+02 5.9045300293e+02 5.9038897705e+02 5.9041601563e+02 5.9042199707e+02 5.9039398193e+02 5.9033599854e+02 5.9033197021e+02 5.9035101318e+02 5.9032000732e+02 5.9025500488e+02 5.9018798828e+02 5.9013299561e+02 5.9010900879e+02 5.9012200928e+02 5.9014898682e+02 5.9017199707e+02 5.9016601563e+02 5.9011199951e+02 5.9003302002e+02 5.8996997070e+02 5.8995300293e+02 5.8994097900e+02 5.8989697266e+02 5.8985400391e+02 5.8982299805e+02 5.8977398682e+02 5.8972802734e+02 5.8968499756e+02 5.8962298584e+02 5.8954498291e+02 5.8947698975e+02 5.8941601563e+02 5.8937500000e+02 5.8935101318e+02 5.8926702881e+02 5.8914801025e+02 5.8904101563e+02 5.8899597168e+02
