TESTSERVER/4/10.asc
NCOLS 100
NROWS 100
XLLCORNER 7.6997500000e+03
YLLCORNER 2.8945025000e+05
CELLSIZE 5.0000000000e-01
NODATA_VALUE -9.9990000000e+03
[rows 20 to 39 of 100, columns 0 to 45 of 100]
5.8884399414e+02 5.8884997559e+02 5.8885900879e+02 5.8891101074e+02 5.8891802979e+02 5.8892401123e+02 5.8894702148e+02 5.8892797852e+02 5.8891101074e+02 5.8892700195e+02 5.8903900146e+02 5.8913098145e+02 5.8916601563e+02 5.8919000244e+02 5.8920599365e+02 5.8927502441e+02 5.8930102539e+02 5.8927398682e+02 5.8923602295e+02 5.8921600342e+02 5.8921600342e+02 5.8918597412e+02 5.8914898682e+02 5.8910498047e+02 5.8911999512e+02 5.8921997070e+02 5.8933197021e+02 5.8935699463e+02 5.8928302002e+02 5.8918902588e+02 5.8911999512e+02 5.8908099365e+02 5.8902600098e+02 5.8903302002e+02 5.8910498047e+02 5.8912500000e+02 5.8916802979e+02 5.8930401611e+02 5.8948400879e+02 5.8960900879e+02 5.8972698975e+02 5.8984301758e+02 5.8996801758e+02 5.9022900391e+02 5.9041400146e+02 5.9052197266e+02
5.8880102539e+02 5.8882000732e+02 5.8883801270e+02 5.8887701416e+02 5.8887799072e+02 5.8885601807e+02 5.8883898926e+02 5.8885998535e+02 5.8884997559e+02 5.8886602783e+02 5.8897698975e+02 5.8909899902e+02 5.8917498779e+02 5.8920898438e+02 5.8918798828e+02 5.8921197510e+02 5.8926800537e+02 5.8924298096e+02 5.8916699219e+02 5.8915698242e+02 5.8917102051e+02 5.8914501953e+02 5.8905200195e+02 5.8898797607e+02 5.8900097656e+02 5.8909002686e+02 5.8920098877e+02 5.8922399902e+02 5.8912799072e+02 5.8903002930e+02 5.8899298096e+02 5.8895202637e+02 5.8887200928e+02 5.8886499023e+02 5.8898400879e+02 5.8905200195e+02 5.8911700439e+02 5.8925000000e+02 5.8942700195e+02 5.8949902344e+02 5.8956298828e+02 5.8967102051e+02 5.8981799316e+02 5.9000701904e+02 5.9016802979e+02 5.9027697754e+02
5.8872198486e+02 5.8876800537e+02 5.8880798340e+02 5.8882397461e+02 5.8879602051e+02 5.8874902344e+02 5.8871197510e+02 5.8872802734e+02 5.8872497559e+02 5.8878100586e+02 5.8891302490e+02 5.8902801514e+02 5.8912701416e+02 5.8921197510e+02 5.8921997070e+02 5.8919000244e+02 5.8921899414e+02 5.8920800781e+02 5.8911999512e+02 5.8909399414e+02 5.8908898926e+02 5.8905999756e+02 5.8897302246e+02 5.8893103027e+02 5.8893701172e+02 5.8898999023e+02 5.8907000732e+02 5.8909301758e+02 5.8900799561e+02 5.8891998291e+02 5.8889599609e+02 5.8886602783e+02 5.8880401611e+02 5.8879998779e+02 5.8890802002e+02 5.8902899170e+02 5.8912097168e+02 5.8925097656e+02 5.8942297363e+02 5.8944702148e+02 5.8944201660e+02 5.8952899170e+02 5.8969299316e+02 5.8982397461e+02 5.8995397949e+02 5.9007202148e+02
5.8861798096e+02 5.8868402100e+02 5.8874200439e+02 5.8875701904e+02 5.8871697998e+02 5.8866302490e+02 5.8864300537e+02 5.8864099121e+02 5.8863397217e+02 5.8869097900e+02 5.8883300781e+02 5.8895397949e+02 5.8906298828e+02 5.8919299316e+02 5.8923199463e+02 5.8919097900e+02 5.8915802002e+02 5.8912597656e+02 5.8906799316e+02 5.8904101563e+02 5.8900097656e+02 5.8897100830e+02 5.8892797852e+02 5.8891302490e+02 5.8889697266e+02 5.8890002441e+02 5.8893200684e+02 5.8895397949e+02 5.8890802002e+02 5.8885797119e+02 5.8884399414e+02 5.8884802246e+02 5.8883898926e+02 5.8883502197e+02 5.8885498047e+02 5.8900097656e+02 5.8909698486e+02 5.8920800781e+02 5.8937902832e+02 5.8939501953e+02 5.8935101318e+02 5.8939300537e+02 5.8953900146e+02 5.8966198730e+02 5.8979901123e+02 5.8992602539e+02
5.8852801514e+02 5.8859301758e+02 5.8865197754e+02 5.8868298340e+02 5.8866601563e+02 5.8863000488e+02 5.8863000488e+02 5.8862902832e+02 5.8860198975e+02 5.8862500000e+02 5.8873602295e+02 5.8886401367e+02 5.8896997070e+02 5.8907800293e+02 5.8911102295e+02 5.8912402344e+02 5.8907702637e+02 5.8901000977e+02 5.8896301270e+02 5.8894299316e+02 5.8891198730e+02 5.8889398193e+02 5.8885797119e+02 5.8882501221e+02 5.8880102539e+02 5.8879302979e+02 5.8881201172e+02 5.8881896973e+02 5.8880200195e+02 5.8878399658e+02 5.8878601074e+02 5.8883001709e+02 5.8888702393e+02 5.8888098145e+02 5.8882000732e+02 5.8889599609e+02 5.8897198486e+02 5.8904602051e+02 5.8914697266e+02 5.8923602295e+02 5.8921801758e+02 5.8924499512e+02 5.8935101318e+02 5.8949798584e+02 5.8965997314e+02 5.8977301025e+02
5.8847998047e+02 5.8854302979e+02 5.8858898926e+02 5.8862200928e+02 5.8864501953e+02 5.8864001465e+02 5.8863397217e+02 5.8860101318e+02 5.8855603027e+02 5.8856402588e+02 5.8865002441e+02 5.8876702881e+02 5.8885900879e+02 5.8893597412e+02 5.8898602295e+02 5.8899200439e+02 5.8896801758e+02 5.8893103027e+02 5.8888201904e+02 5.8881896973e+02 5.8881201172e+02 5.8881201172e+02 5.8875000000e+02 5.8867999268e+02 5.8865100098e+02 5.8863800049e+02 5.8864801025e+02 5.8869799805e+02 5.8872601318e+02 5.8872399902e+02 5.8873101807e+02 5.8879302979e+02 5.8887402344e+02 5.8887500000e+02 5.8883697510e+02 5.8880102539e+02 5.8884002686e+02 5.8887902832e+02 5.8890698242e+02 5.8896002197e+02 5.8902697754e+02 5.8913500977e+02 5.8926000977e+02 5.8935699463e+02 5.8949298096e+02 5.8958099365e+02
5.8846502686e+02 5.8849200439e+02 5.8852301025e+02 5.8857598877e+02 5.8862500000e+02 5.8863598633e+02 5.8860601807e+02 5.8853198242e+02 5.8848101807e+02 5.8848199463e+02 5.8853002930e+02 5.8864398193e+02 5.8874700928e+02 5.8880999756e+02 5.8884899902e+02 5.8885101318e+02 5.8883099365e+02 5.8881500244e+02 5.8879101563e+02 5.8871099854e+02 5.8869500732e+02 5.8870501709e+02 5.8862097168e+02 5.8851702881e+02 5.8846398926e+02 5.8844396973e+02 5.8847998047e+02 5.8860101318e+02 5.8869598389e+02 5.8873297119e+02 5.8872100830e+02 5.8873699951e+02 5.8878601074e+02 5.8877801514e+02 5.8874298096e+02 5.8865802002e+02 5.8872198486e+02 5.8880297852e+02 5.8881500244e+02 5.8885101318e+02 5.8892700195e+02 5.8901098633e+02 5.8910198975e+02 5.8919500732e+02 5.8931097412e+02 5.8937597656e+02
5.8846002197e+02 5.8843701172e+02 5.8844299316e+02 5.8850799561e+02 5.8856500244e+02 5.8857598877e+02 5.8853302002e+02 5.8845697021e+02 5.8841497803e+02 5.8841998291e+02 5.8844097900e+02 5.8852502441e+02 5.8862597656e+02 5.8868402100e+02 5.8870202637e+02 5.8870098877e+02 5.8867498779e+02 5.8865698242e+02 5.8867199707e+02 5.8862402344e+02 5.8860400391e+02 5.8859802246e+02 5.8849902344e+02 5.8838500977e+02 5.8832000732e+02 5.8830297852e+02 5.8835797119e+02 5.8851702881e+02 5.8866601563e+02 5.8874902344e+02 5.8873602295e+02 5.8870001221e+02 5.8869097900e+02 5.8866699219e+02 5.8861602783e+02 5.8851098633e+02 5.8856500244e+02 5.8869000244e+02 5.8878002930e+02 5.8883398438e+02 5.8887402344e+02 5.8889202881e+02 5.8891998291e+02 5.8896502686e+02 5.8905401611e+02 5.8912200928e+02
5.8842401123e+02 5.8838897705e+02 5.8836798096e+02 5.8841497803e+02 5.8845501709e+02 5.8847302246e+02 5.8845001221e+02 5.8839501953e+02 5.8838000488e+02 5.8841802979e+02 5.8845098877e+02 5.8849102783e+02 5.8855499268e+02 5.8858300781e+02 5.8857397461e+02 5.8857000732e+02 5.8854901123e+02 5.8852697754e+02 5.8855999756e+02 5.8853399658e+02 5.8852801514e+02 5.8850897217e+02 5.8840600586e+02 5.8832501221e+02 5.8828198242e+02 5.8826898193e+02 5.8829498291e+02 5.8842401123e+02 5.8858099365e+02 5.8868298340e+02 5.8867901611e+02 5.8864202881e+02 5.8857000732e+02 5.8852099609e+02 5.8847900391e+02 5.8838299561e+02 5.8840399170e+02 5.8854699707e+02 5.8871502686e+02 5.8878100586e+02 5.8880102539e+02 5.8879602051e+02 5.8880401611e+02 5.8875598145e+02 5.8880297852e+02 5.8887200928e+02
5.8835797119e+02 5.8834100342e+02 5.8831402588e+02 5.8833502197e+02 5.8836102295e+02 5.8839501953e+02 5.8840997314e+02 5.8837402344e+02 5.8838397217e+02 5.8846002197e+02 5.8850097656e+02 5.8852697754e+02 5.8853399658e+02 5.8850299072e+02 5.8845599365e+02 5.8845001221e+02 5.8845202637e+02 5.8844500732e+02 5.8847198486e+02 5.8847900391e+02 5.8848901367e+02 5.8846899414e+02 5.8839501953e+02 5.8831298828e+02 5.8827001953e+02 5.8826501465e+02 5.8830700684e+02 5.8839697266e+02 5.8851599121e+02 5.8858502197e+02 5.8857098389e+02 5.8853100586e+02 5.8845098877e+02 5.8837500000e+02 5.8834002686e+02 5.8827801514e+02 5.8831201172e+02 5.8847802734e+02 5.8866601563e+02 5.8872802734e+02 5.8874401855e+02 5.8873101807e+02 5.8871099854e+02 5.8869299316e+02 5.8869500732e+02 5.8871301270e+02
5.8831097412e+02 5.8829998779e+02 5.8826501465e+02 5.8825897217e+02 5.8828002930e+02 5.8832501221e+02 5.8836602783e+02 5.8835797119e+02 5.8839898682e+02 5.8848797607e+02 5.8851702881e+02 5.8852301025e+02 5.8848699951e+02 5.8841302490e+02 5.8834497070e+02 5.8834301758e+02 5.8837701416e+02 5.8840399170e+02 5.8841900635e+02 5.8843402100e+02 5.8845599365e+02 5.8845202637e+02 5.8841302490e+02 5.8832800293e+02 5.8827301025e+02 5.8826397705e+02 5.8831500244e+02 5.8841699219e+02 5.8853002930e+02 5.8858300781e+02 5.8853302002e+02 5.8843499756e+02 5.8834301758e+02 5.8825201416e+02 5.8819799805e+02 5.8816900635e+02 5.8821502686e+02 5.8837097168e+02 5.8856500244e+02 5.8866198730e+02 5.8867297363e+02 5.8861499023e+02 5.8855200195e+02 5.8854998779e+02 5.8853198242e+02 5.8852801514e+02
5.8828698730e+02 5.8827398682e+02 5.8823498535e+02 5.8823297119e+02 5.8827197266e+02 5.8833099365e+02 5.8837500000e+02 5.8837799072e+02 5.8840899658e+02 5.8846801758e+02 5.8846697998e+02 5.8844500732e+02 5.8838500977e+02 5.8830700684e+02 5.8825402832e+02 5.8826098633e+02 5.8831701660e+02 5.8837500000e+02 5.8839300537e+02 5.8839599609e+02 5.8842797852e+02 5.8846002197e+02 5.8844201660e+02 5.8834698486e+02 5.8829498291e+02 5.8830102539e+02 5.8836499023e+02 5.8849102783e+02 5.8859399414e+02 5.8861102295e+02 5.8851397705e+02 5.8835101318e+02 5.8823101807e+02 5.8813000488e+02 5.8807702637e+02 5.8807299805e+02 5.8811499023e+02 5.8822497559e+02 5.8838702393e+02 5.8850201416e+02 5.8849298096e+02 5.8839202881e+02 5.8830603027e+02 5.8830297852e+02 5.8830999756e+02 5.8834100342e+02
5.8827099609e+02 5.8824200439e+02 5.8820501709e+02 5.8823297119e+02 5.8830999756e+02 5.8838500977e+02 5.8842498779e+02 5.8841101074e+02 5.8838201904e+02 5.8838000488e+02 5.8835998535e+02 5.8832702637e+02 5.8826098633e+02 5.8820501709e+02 5.8818798828e+02 5.8821697998e+02 5.8827600098e+02 5.8833001709e+02 5.8834497070e+02 5.8834197998e+02 5.8837701416e+02 5.8843701172e+02 5.8846697998e+02 5.8837402344e+02 5.8833801270e+02 5.8838201904e+02 5.8849700928e+02 5.8859301758e+02 5.8862500000e+02 5.8855102539e+02 5.8839801025e+02 5.8823400879e+02 5.8810797119e+02 5.8802301025e+02 5.8799798584e+02 5.8802398682e+02 5.8806201172e+02 5.8812902832e+02 5.8822100830e+02 5.8828198242e+02 5.8827600098e+02 5.8820697021e+02 5.8816101074e+02 5.8815997314e+02 5.8818798828e+02 5.8823199463e+02
5.8819299316e+02 5.8816900635e+02 5.8818902588e+02 5.8827099609e+02 5.8837597656e+02 5.8843402100e+02 5.8842797852e+02 5.8838000488e+02 5.8831097412e+02 5.8828399658e+02 5.8825701904e+02 5.8821502686e+02 5.8816998291e+02 5.8814898682e+02 5.8817297363e+02 5.8821502686e+02 5.8825402832e+02 5.8828100586e+02 5.8828698730e+02 5.8827197266e+02 5.8826898193e+02 5.8830603027e+02 5.8836602783e+02 5.8834802246e+02 5.8835400391e+02 5.8841400146e+02 5.8852801514e+02 5.8861499023e+02 5.8858801270e+02 5.8846600342e+02 5.8828601074e+02 5.8810302734e+02 5.8798999023e+02 5.8792297363e+02 5.8790802002e+02 5.8795599365e+02 5.8800598145e+02 5.8805700684e+02 5.8811297607e+02 5.8815899658e+02 5.8817498779e+02 5.8814898682e+02 5.8815301514e+02 5.8817901611e+02 5.8819799805e+02 5.8820898438e+02
5.8810498047e+02 5.8811700439e+02 5.8819201660e+02 5.8830297852e+02 5.8841601563e+02 5.8844897461e+02 5.8840997314e+02 5.8835302734e+02 5.8825598145e+02 5.8820202637e+02 5.8816802979e+02 5.8811798096e+02 5.8810400391e+02 5.8812200928e+02 5.8817999268e+02 5.8822900391e+02 5.8825701904e+02 5.8826000977e+02 5.8823999023e+02 5.8819396973e+02 5.8815100098e+02 5.8815698242e+02 5.8821899414e+02 5.8826202393e+02 5.8830902100e+02 5.8837402344e+02 5.8845501709e+02 5.8849499512e+02 5.8843597412e+02 5.8832000732e+02 5.8816400146e+02 5.8798699951e+02 5.8789697266e+02 5.8783801270e+02 5.8781097412e+02 5.8784698486e+02 5.8789697266e+02 5.8795202637e+02 5.8801000977e+02 5.8807397461e+02 5.8811499023e+02 5.8813000488e+02 5.8817297363e+02 5.8821301270e+02 5.8822601318e+02 5.8821398926e+02
5.8808599854e+02 5.8811199951e+02 5.8819897461e+02 5.8830603027e+02 5.8840698242e+02 5.8842602539e+02 5.8838500977e+02 5.8834002686e+02 5.8823199463e+02 5.8815502930e+02 5.8812200928e+02 5.8806799316e+02 5.8807702637e+02 5.8811798096e+02 5.8819598389e+02 5.8826300049e+02 5.8829101563e+02 5.8827001953e+02 5.8820599365e+02 5.8811999512e+02 5.8804602051e+02 5.8802899170e+02 5.8807098389e+02 5.8814501953e+02 5.8821697998e+02 5.8827899170e+02 5.8832598877e+02 5.8832800293e+02 5.8825201416e+02 5.8815997314e+02 5.8804699707e+02 5.8789898682e+02 5.8783099365e+02 5.8776599121e+02 5.8771099854e+02 5.8771801758e+02 5.8773498535e+02 5.8777801514e+02 5.8785699463e+02 5.8795001221e+02 5.8803997803e+02 5.8811602783e+02 5.8819097900e+02 5.8823498535e+02 5.8823101807e+02 5.8820001221e+02
5.8811499023e+02 5.8812200928e+02 5.8817602539e+02 5.8825799561e+02 5.8833001709e+02 5.8834997559e+02 5.8833898926e+02 5.8830200195e+02 5.8821099854e+02 5.8813897705e+02 5.8811602783e+02 5.8808801270e+02 5.8809301758e+02 5.8813500977e+02 5.8820697021e+02 5.8828698730e+02 5.8832397461e+02 5.8828601074e+02 5.8818798828e+02 5.8804797363e+02 5.8796600342e+02 5.8795397949e+02 5.8796801758e+02 5.8802697754e+02 5.8810400391e+02 5.8816400146e+02 5.8818798828e+02 5.8817102051e+02 5.8809197998e+02 5.8801800537e+02 5.8795697021e+02 5.8786602783e+02 5.8781097412e+02 5.8772100830e+02 5.8761999512e+02 5.8761199951e+02 5.8760498047e+02 5.8761999512e+02 5.8771502686e+02 5.8782800293e+02 5.8794897461e+02 5.8807098389e+02 5.8816497803e+02 5.8823400879e+02 5.8821697998e+02 5.8817999268e+02
5.8816400146e+02 5.8815997314e+02 5.8816497803e+02 5.8820599365e+02 5.8824401855e+02 5.8825402832e+02 5.8825000000e+02 5.8821600342e+02 5.8812902832e+02 5.8806896973e+02 5.8805603027e+02 5.8807000732e+02 5.8811297607e+02 5.8817700195e+02 5.8822601318e+02 5.8828399658e+02 5.8829699707e+02 5.8822998047e+02 5.8812298584e+02 5.8798297119e+02 5.8791497803e+02 5.8791601563e+02 5.8791802979e+02 5.8793499756e+02 5.8797601318e+02 5.8801202393e+02 5.8803002930e+02 5.8801599121e+02 5.8796697998e+02 5.8792199707e+02 5.8789099121e+02 5.8783398438e+02 5.8779797363e+02 5.8771398926e+02 5.8759600830e+02 5.8755102539e+02 5.8753198242e+02 5.8752899170e+02 5.8761499023e+02 5.8773297119e+02 5.8785699463e+02 5.8799597168e+02 5.8811102295e+02 5.8817999268e+02 5.8816699219e+02 5.8812402344e+02
5.8817602539e+02 5.8819299316e+02 5.8818902588e+02 5.8818499756e+02 5.8817401123e+02 5.8817401123e+02 5.8818298340e+02 5.8816497803e+02 5.8808398438e+02 5.8802197266e+02 5.8799700928e+02 5.8800701904e+02 5.8806097412e+02 5.8813397217e+02 5.8816900635e+02 5.8820202637e+02 5.8819299316e+02 5.8813098145e+02 5.8804699707e+02 5.8792999268e+02 5.8789099121e+02 5.8789501953e+02 5.8787902832e+02 5.8786499023e+02 5.8786798096e+02 5.8787597656e+02 5.8788702393e+02 5.8789697266e+02 5.8788397217e+02 5.8786602783e+02 5.8784197998e+02 5.8779199219e+02 5.8776202393e+02 5.8770898438e+02 5.8762200928e+02 5.8754400635e+02 5.8750097656e+02 5.8749200439e+02 5.8756298828e+02 5.8767297363e+02 5.8780499268e+02 5.8794799805e+02 5.8805603027e+02 5.8808801270e+02 5.8809399414e+02 5.8805102539e+02
5.8815802002e+02 5.8818200684e+02 5.8816802979e+02 5.8812402344e+02 5.8807202148e+02 5.8806201172e+02 5.8808197021e+02 5.8808801270e+02 5.8805700684e+02 5.8802899170e+02 5.8798901367e+02 5.8795800781e+02 5.8797198486e+02 5.8801098633e+02 5.8803997803e+02 5.8805297852e+02 5.8803601074e+02 5.8799902344e+02 5.8796002197e+02 5.8789801025e+02 5.8788098145e+02 5.8786602783e+02 5.8783001709e+02 5.8779998779e+02 5.8777502441e+02 5.8776202393e+02 5.8776599121e+02 5.8779699707e+02 5.8781500244e+02 5.8781597900e+02 5.8780102539e+02 5.8777697754e+02 5.8775500488e+02 5.8772601318e+02 5.8767498779e+02 5.8756500244e+02 5.8748602295e+02 5.8747698975e+02 5.8754901123e+02 5.8765698242e+02 5.8777197266e+02 5.8786798096e+02 5.8792700195e+02 5.8795202637e+02 5.8800701904e+02 5.8795001221e+02
