TESTSERVER/4/10.asc
NCOLS 100
NROWS 100
XLLCORNER 7.6997500000e+03
YLLCORNER 2.8945025000e+05
CELLSIZE 5.0000000000e-01
NODATA_VALUE -9.9990000000e+03
[rows 0 to 19 of 100, columns 0 to 45 of 100]
5.8921099854e+02 5.8927197266e+02 5.8927801514e+02 5.8928302002e+02 5.8934002686e+02 5.8941101074e+02 5.8944598389e+02 5.8941101074e+02 5.8939099121e+02 5.8938702393e+02 5.8938397217e+02 5.8942199707e+02 5.8944500732e+02 5.8948797607e+02 5.8957098389e+02 5.8965301514e+02 5.8969897461e+02 5.8970599365e+02 5.8968701172e+02 5.8969396973e+02 5.8975299072e+02 5.8986297607e+02 5.8995697021e+02 5.9004699707e+02 5.9011700439e+02 5.9013598633e+02 5.9013897705e+02 5.9016998291e+02 5.9022698975e+02 5.9025500488e+02 5.9024200439e+02 5.9026397705e+02 5.9034100342e+02 5.9042102051e+02 5.9046502686e+02 5.9055200195e+02 5.9061199951e+02 5.9067797852e+02 5.9078900146e+02 5.9085699463e+02 5.9088897705e+02 5.9090600586e+02 5.9093701172e+02 5.9096301270e+02 5.9096697998e+02 5.9098797607e+02
5.8915899658e+02 5.8920397949e+02 5.8920501709e+02 5.8922198486e+02 5.8928002930e+02 5.8935198975e+02 5.8939801025e+02 5.8938299561e+02 5.8935699463e+02 5.8932000732e+02 5.8929699707e+02 5.8932397461e+02 5.8938702393e+02 5.8948199463e+02 5.8959497070e+02 5.8967199707e+02 5.8969897461e+02 5.8967797852e+02 5.8964300537e+02 5.8963598633e+02 5.8965600586e+02 5.8973901367e+02 5.8983197021e+02 5.8993103027e+02 5.9001202393e+02 5.9007598877e+02 5.9010699463e+02 5.9011700439e+02 5.9018200684e+02 5.9021801758e+02 5.9021697998e+02 5.9026300049e+02 5.9035797119e+02 5.9043499756e+02 5.9047302246e+02 5.9054302979e+02 5.9063000488e+02 5.9072399902e+02 5.9081500244e+02 5.9086901855e+02 5.9089697266e+02 5.9089898682e+02 5.9092297363e+02 5.9094702148e+02 5.9094299316e+02 5.9096002197e+02
5.8909997559e+02 5.8914300537e+02 5.8916101074e+02 5.8918200684e+02 5.8923498535e+02 5.8930200195e+02 5.8935198975e+02 5.8936102295e+02 5.8932897949e+02 5.8927899170e+02 5.8924798584e+02 5.8927197266e+02 5.8935699463e+02 5.8947302246e+02 5.8960302734e+02 5.8966802979e+02 5.8967602539e+02 5.8963500977e+02 5.8960797119e+02 5.8959997559e+02 5.8958697510e+02 5.8963897705e+02 5.8973498535e+02 5.8985101318e+02 5.8992401123e+02 5.8999798584e+02 5.9007202148e+02 5.9008898926e+02 5.9014202881e+02 5.9016802979e+02 5.9016900635e+02 5.9021997070e+02 5.9036901855e+02 5.9049401855e+02 5.9051300049e+02 5.9053698730e+02 5.9061102295e+02 5.9070898438e+02 5.9080401611e+02 5.9087597656e+02 5.9091302490e+02 5.9090899658e+02 5.9091400146e+02 5.9095001221e+02 5.9096301270e+02 5.9096002197e+02
5.8907098389e+02 5.8913098145e+02 5.8917401123e+02 5.8919000244e+02 5.8922302246e+02 5.8927301025e+02 5.8931701660e+02 5.8933300781e+02 5.8930798340e+02 5.8927801514e+02 5.8927899170e+02 5.8932098389e+02 5.8938897705e+02 5.8947302246e+02 5.8958599854e+02 5.8963397217e+02 5.8963702393e+02 5.8960302734e+02 5.8960900879e+02 5.8961499023e+02 5.8960699463e+02 5.8965698242e+02 5.8972497559e+02 5.8982598877e+02 5.8986999512e+02 5.8991998291e+02 5.9002502441e+02 5.9009497070e+02 5.9014001465e+02 5.9013800049e+02 5.9012200928e+02 5.9017999268e+02 5.9036901855e+02 5.9053698730e+02 5.9055700684e+02 5.9057098389e+02 5.9062799072e+02 5.9070501709e+02 5.9078900146e+02 5.9087402344e+02 5.9092199707e+02 5.9093103027e+02 5.9093298340e+02 5.9097100830e+02 5.9099298096e+02 5.9097302246e+02
5.8910400391e+02 5.8918798828e+02 5.8926300049e+02 5.8924700928e+02 5.8924798584e+02 5.8927697754e+02 5.8931597900e+02 5.8933001709e+02 5.8934497070e+02 5.8934997559e+02 5.8938897705e+02 5.8942901611e+02 5.8945202637e+02 5.8948297119e+02 5.8956402588e+02 5.8960900879e+02 5.8961499023e+02 5.8960400391e+02 5.8964801025e+02 5.8967797852e+02 5.8970202637e+02 5.8974401855e+02 5.8977697754e+02 5.8982202148e+02 5.8983197021e+02 5.8984301758e+02 5.8992999268e+02 5.9006597900e+02 5.9013702393e+02 5.9013702393e+02 5.9012200928e+02 5.9015301514e+02 5.9027197266e+02 5.9045202637e+02 5.9054602051e+02 5.9057202148e+02 5.9064099121e+02 5.9072100830e+02 5.9080798340e+02 5.9085400391e+02 5.9090899658e+02 5.9095397949e+02 5.9099102783e+02 5.9098999023e+02 5.9099798584e+02 5.9098498535e+02
5.8915399170e+02 5.8922900391e+02 5.8928100586e+02 5.8926397705e+02 5.8925500488e+02 5.8928399658e+02 5.8934600830e+02 5.8935699463e+02 5.8939697266e+02 5.8942999268e+02 5.8945697021e+02 5.8947998047e+02 5.8948602295e+02 5.8948602295e+02 5.8952600098e+02 5.8958801270e+02 5.8960302734e+02 5.8959698486e+02 5.8963500977e+02 5.8969097900e+02 5.8973498535e+02 5.8975897217e+02 5.8976702881e+02 5.8980700684e+02 5.8982800293e+02 5.8982000732e+02 5.8983300781e+02 5.8997802734e+02 5.9007299805e+02 5.9010400391e+02 5.9012597656e+02 5.9006597900e+02 5.9007397461e+02 5.9024597168e+02 5.9042401123e+02 5.9053900146e+02 5.9062799072e+02 5.9072497559e+02 5.9082202148e+02 5.9086901855e+02 5.9090899658e+02 5.9093597412e+02 5.9096197510e+02 5.9096398926e+02 5.9097497559e+02 5.9097698975e+02
5.8916198730e+02 5.8922302246e+02 5.8925598145e+02 5.8924102783e+02 5.8923797607e+02 5.8925598145e+02 5.8931201172e+02 5.8935302734e+02 5.8942199707e+02 5.8947698975e+02 5.8947998047e+02 5.8946197510e+02 5.8946002197e+02 5.8944799805e+02 5.8947100830e+02 5.8956500244e+02 5.8960198975e+02 5.8959698486e+02 5.8962402344e+02 5.8968499756e+02 5.8972802734e+02 5.8974401855e+02 5.8975701904e+02 5.8979199219e+02 5.8978900146e+02 5.8977301025e+02 5.8976599121e+02 5.8989501953e+02 5.9000097656e+02 5.9006597900e+02 5.9010601807e+02 5.9001702881e+02 5.8999798584e+02 5.9014398193e+02 5.9033099365e+02 5.9051397705e+02 5.9060699463e+02 5.9068597412e+02 5.9079699707e+02 5.9086401367e+02 5.9090100098e+02 5.9092199707e+02 5.9094201660e+02 5.9095001221e+02 5.9095599365e+02 5.9095697021e+02
5.8912701416e+02 5.8917401123e+02 5.8920599365e+02 5.8921697998e+02 5.8923297119e+02 5.8923498535e+02 5.8924200439e+02 5.8928997803e+02 5.8937097168e+02 5.8946801758e+02 5.8949102783e+02 5.8943402100e+02 5.8941497803e+02 5.8940002441e+02 5.8941900635e+02 5.8954199219e+02 5.8961297607e+02 5.8962597656e+02 5.8966198730e+02 5.8969396973e+02 5.8970397949e+02 5.8970202637e+02 5.8971899414e+02 5.8973602295e+02 5.8971997070e+02 5.8971197510e+02 5.8972100830e+02 5.8980700684e+02 5.8992297363e+02 5.9002502441e+02 5.9006500244e+02 5.9000799561e+02 5.9000500488e+02 5.9012902832e+02 5.9029199219e+02 5.9050000000e+02 5.9059002686e+02 5.9065197754e+02 5.9075897217e+02 5.9082501221e+02 5.9086700439e+02 5.9089898682e+02 5.9091601563e+02 5.9092498779e+02 5.9094598389e+02 5.9095800781e+02
5.8906298828e+02 5.8910302734e+02 5.8915502930e+02 5.8922302246e+02 5.8927697754e+02 5.8927301025e+02 5.8920800781e+02 5.8920501709e+02 5.8926098633e+02 5.8938598633e+02 5.8944000244e+02 5.8936401367e+02 5.8932702637e+02 5.8933001709e+02 5.8936999512e+02 5.8947802734e+02 5.8957397461e+02 5.8964398193e+02 5.8971801758e+02 5.8970599365e+02 5.8967401123e+02 5.8965899658e+02 5.8966900635e+02 5.8966400146e+02 5.8965600586e+02 5.8966998291e+02 5.8971697998e+02 5.8975299072e+02 5.8985101318e+02 5.8995501709e+02 5.8996997070e+02 5.8992797852e+02 5.8994396973e+02 5.9007299805e+02 5.9025000000e+02 5.9044799805e+02 5.9056701660e+02 5.9064398193e+02 5.9074499512e+02 5.9080401611e+02 5.9084802246e+02 5.9088702393e+02 5.9090899658e+02 5.9090600586e+02 5.9093499756e+02 5.9096502686e+02
5.8900402832e+02 5.8904199219e+02 5.8910900879e+02 5.8920697021e+02 5.8928399658e+02 5.8928302002e+02 5.8918103027e+02 5.8911102295e+02 5.8914202881e+02 5.8923498535e+02 5.8926501465e+02 5.8921502686e+02 5.8922399902e+02 5.8926098633e+02 5.8930798340e+02 5.8939202881e+02 5.8949902344e+02 5.8958300781e+02 5.8963800049e+02 5.8963598633e+02 5.8959899902e+02 5.8958001709e+02 5.8959399414e+02 5.8960302734e+02 5.8960797119e+02 5.8963500977e+02 5.8971301270e+02 5.8978802490e+02 5.8981799316e+02 5.8985400391e+02 5.8987402344e+02 5.8985198975e+02 5.8986401367e+02 5.9000500488e+02 5.9022198486e+02 5.9039398193e+02 5.9053302002e+02 5.9062402344e+02 5.9073602295e+02 5.9080700684e+02 5.9084802246e+02 5.9087402344e+02 5.9089001465e+02 5.9090802002e+02 5.9093798828e+02 5.9096099854e+02
5.8896697998e+02 5.8900701904e+02 5.8907000732e+02 5.8915802002e+02 5.8922998047e+02 5.8922601318e+02 5.8911901855e+02 5.8902801514e+02 5.8904797363e+02 5.8909497070e+02 5.8909600830e+02 5.8909997559e+02 5.8914898682e+02 5.8921099854e+02 5.8926800537e+02 5.8933697510e+02 5.8943798828e+02 5.8952197266e+02 5.8955297852e+02 5.8955297852e+02 5.8954400635e+02 5.8954602051e+02 5.8955798340e+02 5.8956799316e+02 5.8957000732e+02 5.8959698486e+02 5.8967401123e+02 5.8976800537e+02 5.8979602051e+02 5.8979400635e+02 5.8979302979e+02 5.8978900146e+02 5.8978698730e+02 5.8990301514e+02 5.9014300537e+02 5.9032702637e+02 5.9048297119e+02 5.9058001709e+02 5.9069201660e+02 5.9078198242e+02 5.9083398438e+02 5.9085699463e+02 5.9087298584e+02 5.9089697266e+02 5.9090802002e+02 5.9091998291e+02
5.8894897461e+02 5.8898901367e+02 5.8905200195e+02 5.8912500000e+02 5.8917199707e+02 5.8915399170e+02 5.8906896973e+02 5.8898901367e+02 5.8900000000e+02 5.8901098633e+02 5.8899298096e+02 5.8903698730e+02 5.8912402344e+02 5.8921600342e+02 5.8926702881e+02 5.8932800293e+02 5.8939599609e+02 5.8945599365e+02 5.8948297119e+02 5.8948699951e+02 5.8952600098e+02 5.8957202148e+02 5.8958502197e+02 5.8956201172e+02 5.8953802490e+02 5.8954998779e+02 5.8959899902e+02 5.8969598389e+02 5.8977197266e+02 5.8978601074e+02 5.8974902344e+02 5.8974902344e+02 5.8973797607e+02 5.8979498291e+02 5.8998498535e+02 5.9017602539e+02 5.9038397217e+02 5.9051702881e+02 5.9063201904e+02 5.9072900391e+02 5.9079400635e+02 5.9082800293e+02 5.9085699463e+02 5.9088500977e+02 5.9088702393e+02 5.9089599609e+02
5.8893798828e+02 5.8897399902e+02 5.8902801514e+02 5.8911499023e+02 5.8914398193e+02 5.8911297607e+02 5.8905499268e+02 5.8898901367e+02 5.8898602295e+02 5.8899597168e+02 5.8899200439e+02 5.8904101563e+02 5.8914501953e+02 5.8925799561e+02 5.8927600098e+02 5.8934600830e+02 5.8936700439e+02 5.8936798096e+02 5.8940399170e+02 5.8941302490e+02 5.8948901367e+02 5.8958300781e+02 5.8960198975e+02 5.8956597900e+02 5.8951000977e+02 5.8949298096e+02 5.8950897217e+02 5.8959197998e+02 5.8968499756e+02 5.8972900391e+02 5.8971301270e+02 5.8971502686e+02 5.8969500732e+02 5.8971301270e+02 5.8983801270e+02 5.9001300049e+02 5.9025799561e+02 5.9045202637e+02 5.9055700684e+02 5.9063397217e+02 5.9071197510e+02 5.9078497314e+02 5.9080798340e+02 5.9083502197e+02 5.9086102295e+02 5.9088598633e+02
5.8895898438e+02 5.8898400879e+02 5.8901300049e+02 5.8905200195e+02 5.8909301758e+02 5.8909600830e+02 5.8906298828e+02 5.8900897217e+02 5.8900402832e+02 5.8901202393e+02 5.8901702881e+02 5.8907299805e+02 5.8915600586e+02 5.8926000977e+02 5.8931500244e+02 5.8935601807e+02 5.8935998535e+02 5.8933300781e+02 5.8934197998e+02 5.8933197021e+02 5.8938000488e+02 5.8944702148e+02 5.8944799805e+02 5.8944799805e+02 5.8941900635e+02 5.8938702393e+02 5.8938702393e+02 5.8946301270e+02 5.8955999756e+02 5.8963299561e+02 5.8967498779e+02 5.8967999268e+02 5.8962500000e+02 5.8963000488e+02 5.8970397949e+02 5.8984497070e+02 5.9008898926e+02 5.9033197021e+02 5.9049798584e+02 5.9056701660e+02 5.9063098145e+02 5.9072998047e+02 5.9077099609e+02 5.9080200195e+02 5.9084600830e+02 5.9086999512e+02
5.8900000000e+02 5.8901098633e+02 5.8900701904e+02 5.8899200439e+02 5.8901501465e+02 5.8904498291e+02 5.8905102539e+02 5.8903399658e+02 5.8902001953e+02 5.8900299072e+02 5.8902001953e+02 5.8910302734e+02 5.8917199707e+02 5.8923797607e+02 5.8932598877e+02 5.8933001709e+02 5.8930401611e+02 5.8926599121e+02 5.8925402832e+02 5.8924298096e+02 5.8927398682e+02 5.8932598877e+02 5.8934100342e+02 5.8934899902e+02 5.8934197998e+02 5.8932897949e+02 5.8933599854e+02 5.8940997314e+02 5.8948999023e+02 5.8955798340e+02 5.8962701416e+02 5.8961401367e+02 5.8953601074e+02 5.8953601074e+02 5.8958197021e+02 5.8969299316e+02 5.8992102051e+02 5.9018597412e+02 5.9041497803e+02 5.9052600098e+02 5.9057397461e+02 5.9066302490e+02 5.9073699951e+02 5.9078198242e+02 5.9082000732e+02 5.9084497070e+02
5.8900097656e+02 5.8900701904e+02 5.8899401855e+02 5.8896502686e+02 5.8896502686e+02 5.8899401855e+02 5.8902697754e+02 5.8905902100e+02 5.8905700684e+02 5.8901898193e+02 5.8903002930e+02 5.8912402344e+02 5.8919702148e+02 5.8922998047e+02 5.8925000000e+02 5.8923199463e+02 5.8921099854e+02 5.8918298340e+02 5.8917602539e+02 5.8918298340e+02 5.8922399902e+02 5.8928198242e+02 5.8931500244e+02 5.8929602051e+02 5.8928198242e+02 5.8928900146e+02 5.8931799316e+02 5.8939801025e+02 5.8944897461e+02 5.8947198486e+02 5.8953601074e+02 5.8953802490e+02 5.8946398926e+02 5.8944897461e+02 5.8948901367e+02 5.8958197021e+02 5.8977899170e+02 5.9002197266e+02 5.9027398682e+02 5.9046502686e+02 5.9053997803e+02 5.9060998535e+02 5.9069598389e+02 5.9075799561e+02 5.9079797363e+02 5.9083099365e+02
5.8895001221e+02 5.8897399902e+02 5.8899298096e+02 5.8897601318e+02 5.8896099854e+02 5.8898498535e+02 5.8903399658e+02 5.8909197998e+02 5.8909997559e+02 5.8904699707e+02 5.8904498291e+02 5.8911499023e+02 5.8919702148e+02 5.8925799561e+02 5.8923400879e+02 5.8920098877e+02 5.8919000244e+02 5.8916101074e+02 5.8915600586e+02 5.8918103027e+02 5.8923297119e+02 5.8929400635e+02 5.8933300781e+02 5.8930603027e+02 5.8928198242e+02 5.8928997803e+02 5.8933502197e+02 5.8941699219e+02 5.8944799805e+02 5.8941699219e+02 5.8939599609e+02 5.8942700195e+02 5.8941699219e+02 5.8940301514e+02 5.8940197754e+02 5.8952398682e+02 5.8967401123e+02 5.8986297607e+02 5.9011499023e+02 5.9039501953e+02 5.9051397705e+02 5.9057098389e+02 5.9066497803e+02 5.9073797607e+02 5.9077001953e+02 5.9079302979e+02
5.8894299316e+02 5.8897497559e+02 5.8900500488e+02 5.8895898438e+02 5.8893402100e+02 5.8897900391e+02 5.8902801514e+02 5.8906097412e+02 5.8908001709e+02 5.8906201172e+02 5.8905999756e+02 5.8909802246e+02 5.8913500977e+02 5.8921099854e+02 5.8926702881e+02 5.8930499268e+02 5.8927301025e+02 5.8918200684e+02 5.8917498779e+02 5.8921301270e+02 5.8926800537e+02 5.8929400635e+02 5.8932000732e+02 5.8931500244e+02 5.8929101563e+02 5.8929699707e+02 5.8931799316e+02 5.8934497070e+02 5.8938299561e+02 5.8939898682e+02 5.8938800049e+02 5.8940600586e+02 5.8936999512e+02 5.8931597900e+02 5.8929400635e+02 5.8940502930e+02 5.8952001953e+02 5.8969598389e+02 5.8995898438e+02 5.9024597168e+02 5.9041601563e+02 5.9051599121e+02 5.9061602783e+02 5.9069598389e+02 5.9073101807e+02 5.9075299072e+02
5.8891101074e+02 5.8894598389e+02 5.8897998047e+02 5.8893402100e+02 5.8891198730e+02 5.8896002197e+02 5.8900299072e+02 5.8902801514e+02 5.8906896973e+02 5.8907501221e+02 5.8907299805e+02 5.8914001465e+02 5.8915399170e+02 5.8919897461e+02 5.8928900146e+02 5.8939501953e+02 5.8934301758e+02 5.8923101807e+02 5.8921997070e+02 5.8925299072e+02 5.8928698730e+02 5.8927001953e+02 5.8927197266e+02 5.8925598145e+02 5.8924499512e+02 5.8927899170e+02 5.8932397461e+02 5.8933300781e+02 5.8933801270e+02 5.8933697510e+02 5.8929699707e+02 5.8929101563e+02 5.8926800537e+02 5.8924102783e+02 5.8922998047e+02 5.8929498291e+02 5.8937500000e+02 5.8953997803e+02 5.8978802490e+02 5.9001397705e+02 5.9018798828e+02 5.9033001709e+02 5.9047998047e+02 5.9060601807e+02 5.9068200684e+02 5.9073199463e+02
5.8887097168e+02 5.8890002441e+02 5.8893499756e+02 5.8892498779e+02 5.8890502930e+02 5.8893499756e+02 5.8896697998e+02 5.8898797607e+02 5.8901702881e+02 5.8902801514e+02 5.8906201172e+02 5.8915100098e+02 5.8917102051e+02 5.8919396973e+02 5.8926000977e+02 5.8936297607e+02 5.8933898926e+02 5.8927600098e+02 5.8925701904e+02 5.8925500488e+02 5.8926300049e+02 5.8921899414e+02 5.8919702148e+02 5.8917797852e+02 5.8918597412e+02 5.8926501465e+02 5.8936798096e+02 5.8939599609e+02 5.8934899902e+02 5.8927398682e+02 5.8919299316e+02 5.8917602539e+02 5.8915600586e+02 5.8916302490e+02 5.8918499756e+02 5.8919799805e+02 5.8924499512e+02 5.8939801025e+02 5.8961700439e+02 5.8977197266e+02 5.8991601563e+02 5.9006597900e+02 5.9025799561e+02 5.9045202637e+02 5.9059002686e+02 5.9067602539e+02
