TESTSERVER/4/11.asc
NCOLS 100
NROWS 100
XLLCORNER 7.6997500000e+03
YLLCORNER 2.8940025000e+05
CELLSIZE 5.0000000000e-01
NODATA_VALUE -9.9990000000e+03
[rows 20 to 39 of 100, columns 0 to 45 of 100]
5.7010699463e+02 5.6992199707e+02 5.6976702881e+02 5.6956701660e+02 5.6940301514e+02 5.6928698730e+02 5.6913000488e+02 5.6897802734e+02 5.6891900635e+02 5.6882702637e+02 5.6871997070e+02 5.6859002686e+02 5.6843701172e+02 5.6828399658e+02 5.6812799072e+02 5.6799401855e+02 5.6790197754e+02 5.6782000732e+02 5.6772900391e+02 5.6756402588e+02 5.6726800537e+02 5.6701702881e+02 5.6681597900e+02 5.6660400391e+02 5.6630499268e+02 5.6604699707e+02 5.6592901611e+02 5.6590197754e+02 5.6619000244e+02 5.6620098877e+02 5.6627899170e+02 5.6634100342e+02 5.6638897705e+02 5.6636401367e+02 5.6634600830e+02 5.6633001709e+02 5.6627600098e+02 5.6621801758e+02 5.6611297607e+02 5.6596502686e+02 5.6578601074e+02 5.6546997070e+02 5.6520098877e+02 5.6505401611e+02 5.6507598877e+02 5.6529302979e+02
5.6976599121e+02 5.6964599609e+02 5.6950598145e+02 5.6931402588e+02 5.6913702393e+02 5.6904199219e+02 5.6889697266e+02 5.6871697998e+02 5.6865997314e+02 5.6858502197e+02 5.6846997070e+02 5.6830102539e+02 5.6811199951e+02 5.6797399902e+02 5.6787402344e+02 5.6780297852e+02 5.6774798584e+02 5.6763299561e+02 5.6739300537e+02 5.6710797119e+02 5.6680102539e+02 5.6656799316e+02 5.6640502930e+02 5.6627801514e+02 5.6616802979e+02 5.6611102295e+02 5.6608099365e+02 5.6606896973e+02 5.6606597900e+02 5.6607202148e+02 5.6608801270e+02 5.6610900879e+02 5.6616101074e+02 5.6615100098e+02 5.6613800049e+02 5.6615100098e+02 5.6613800049e+02 5.6607598877e+02 5.6596099854e+02 5.6580102539e+02 5.6567102051e+02 5.6541101074e+02 5.6511901855e+02 5.6494000244e+02 5.6490399170e+02 5.6542401123e+02
5.6948297119e+02 5.6937902832e+02 5.6926098633e+02 5.6905401611e+02 5.6883300781e+02 5.6877502441e+02 5.6871197510e+02 5.6856201172e+02 5.6846099854e+02 5.6835302734e+02 5.6818499756e+02 5.6797698975e+02 5.6782000732e+02 5.6777502441e+02 5.6776599121e+02 5.6772900391e+02 5.6757202148e+02 5.6729199219e+02 5.6695501709e+02 5.6663702393e+02 5.6641497803e+02 5.6627197266e+02 5.6615899658e+02 5.6608801270e+02 5.6609197998e+02 5.6608697510e+02 5.6604699707e+02 5.6601800537e+02 5.6598199463e+02 5.6594396973e+02 5.6593200684e+02 5.6592700195e+02 5.6595098877e+02 5.6590502930e+02 5.6589599609e+02 5.6595202637e+02 5.6599200439e+02 5.6593597412e+02 5.6582299805e+02 5.6566198730e+02 5.6553198242e+02 5.6529797363e+02 5.6498498535e+02 5.6475402832e+02 5.6469201660e+02 5.6541302490e+02
5.6925402832e+02 5.6915802002e+02 5.6902899170e+02 5.6880902100e+02 5.6858197021e+02 5.6853997803e+02 5.6852301025e+02 5.6839001465e+02 5.6822497559e+02 5.6807598877e+02 5.6789001465e+02 5.6771099854e+02 5.6765002441e+02 5.6770501709e+02 5.6775500488e+02 5.6768298340e+02 5.6734899902e+02 5.6693200684e+02 5.6655401611e+02 5.6625897217e+02 5.6616198730e+02 5.6610498047e+02 5.6603302002e+02 5.6600402832e+02 5.6605700684e+02 5.6606201172e+02 5.6601702881e+02 5.6597802734e+02 5.6592498779e+02 5.6586297607e+02 5.6582598877e+02 5.6579901123e+02 5.6577398682e+02 5.6567901611e+02 5.6566601563e+02 5.6573999023e+02 5.6583197021e+02 5.6580200195e+02 5.6569799805e+02 5.6553802490e+02 5.6539599609e+02 5.6516802979e+02 5.6483197021e+02 5.6453997803e+02 5.6444396973e+02 5.6523400879e+02
5.6902398682e+02 5.6892199707e+02 5.6875097656e+02 5.6855401611e+02 5.6844201660e+02 5.6837298584e+02 5.6827899170e+02 5.6809600830e+02 5.6790899658e+02 5.6778198242e+02 5.6766699219e+02 5.6759997559e+02 5.6769500732e+02 5.6769000244e+02 5.6766699219e+02 5.6751898193e+02 5.6715502930e+02 5.6671197510e+02 5.6641699219e+02 5.6619799805e+02 5.6621197510e+02 5.6611401367e+02 5.6605999756e+02 5.6603601074e+02 5.6606402588e+02 5.6602301025e+02 5.6597998047e+02 5.6594000244e+02 5.6591900635e+02 5.6584002686e+02 5.6578302002e+02 5.6572900391e+02 5.6564202881e+02 5.6553302002e+02 5.6550799561e+02 5.6554998779e+02 5.6566101074e+02 5.6569201660e+02 5.6560699463e+02 5.6546197510e+02 5.6531799316e+02 5.6508599854e+02 5.6471301270e+02 5.6434802246e+02 5.6415197754e+02 5.6479400635e+02
5.6874200439e+02 5.6871002197e+02 5.6862500000e+02 5.6842401123e+02 5.6822900391e+02 5.6814202881e+02 5.6805999756e+02 5.6790899658e+02 5.6773797607e+02 5.6762298584e+02 5.6750500488e+02 5.6743499756e+02 5.6743499756e+02 5.6741998291e+02 5.6734301758e+02 5.6721997070e+02 5.6696697998e+02 5.6665698242e+02 5.6645098877e+02 5.6626800537e+02 5.6615002441e+02 5.6610400391e+02 5.6603997803e+02 5.6599298096e+02 5.6596502686e+02 5.6592700195e+02 5.6588897705e+02 5.6585498047e+02 5.6583001709e+02 5.6579101563e+02 5.6573699951e+02 5.6567901611e+02 5.6559002686e+02 5.6549200439e+02 5.6545202637e+02 5.6546099854e+02 5.6552697754e+02 5.6558599854e+02 5.6557397461e+02 5.6547302246e+02 5.6530102539e+02 5.6508599854e+02 5.6465600586e+02 5.6418798828e+02 5.6391998291e+02 5.6408801270e+02
5.6863702393e+02 5.6857098389e+02 5.6846997070e+02 5.6823797607e+02 5.6802301025e+02 5.6800799561e+02 5.6794702148e+02 5.6780603027e+02 5.6755200195e+02 5.6737097168e+02 5.6724700928e+02 5.6716302490e+02 5.6713897705e+02 5.6713098145e+02 5.6707098389e+02 5.6696697998e+02 5.6677001953e+02 5.6653002930e+02 5.6635302734e+02 5.6619299316e+02 5.6607098389e+02 5.6600402832e+02 5.6593597412e+02 5.6588598633e+02 5.6585699463e+02 5.6582397461e+02 5.6578900146e+02 5.6575598145e+02 5.6573297119e+02 5.6570202637e+02 5.6565600586e+02 5.6560498047e+02 5.6553997803e+02 5.6545599365e+02 5.6539398193e+02 5.6537200928e+02 5.6539801025e+02 5.6550299072e+02 5.6555603027e+02 5.6549902344e+02 5.6529998779e+02 5.6506597900e+02 5.6461901855e+02 5.6407598877e+02 5.6377398682e+02 5.6374798584e+02
5.6861199951e+02 5.6833197021e+02 5.6811999512e+02 5.6793798828e+02 5.6781097412e+02 5.6775897217e+02 5.6764898682e+02 5.6748999023e+02 5.6722198486e+02 5.6702801514e+02 5.6691699219e+02 5.6684002686e+02 5.6682202148e+02 5.6683801270e+02 5.6679797363e+02 5.6671697998e+02 5.6656896973e+02 5.6638397217e+02 5.6623400879e+02 5.6609497070e+02 5.6597497559e+02 5.6589300537e+02 5.6582397461e+02 5.6577197266e+02 5.6574298096e+02 5.6571502686e+02 5.6568200684e+02 5.6565002441e+02 5.6562902832e+02 5.6560601807e+02 5.6556896973e+02 5.6552801514e+02 5.6548797607e+02 5.6542102051e+02 5.6534197998e+02 5.6528698730e+02 5.6527301025e+02 5.6539898682e+02 5.6549200439e+02 5.6547100830e+02 5.6528002930e+02 5.6505297852e+02 5.6462701416e+02 5.6404901123e+02 5.6369299316e+02 5.6367297363e+02
5.6851702881e+02 5.6796997070e+02 5.6779998779e+02 5.6777398682e+02 5.6754699707e+02 5.6713500977e+02 5.6690197754e+02 5.6673498535e+02 5.6656097412e+02 5.6659197998e+02 5.6654199219e+02 5.6650799561e+02 5.6653698730e+02 5.6655401611e+02 5.6653002930e+02 5.6647399902e+02 5.6635601807e+02 5.6622601318e+02 5.6611102295e+02 5.6599499512e+02 5.6588000488e+02 5.6577697754e+02 5.6570599365e+02 5.6564697266e+02 5.6559197998e+02 5.6558898926e+02 5.6556402588e+02 5.6554101563e+02 5.6551898193e+02 5.6549700928e+02 5.6547399902e+02 5.6544799805e+02 5.6543701172e+02 5.6538500977e+02 5.6529998779e+02 5.6521997070e+02 5.6515301514e+02 5.6521997070e+02 5.6532098389e+02 5.6534301758e+02 5.6517901611e+02 5.6514300537e+02 5.6475097656e+02 5.6412799072e+02 5.6367401123e+02 5.6367602539e+02
5.6835601807e+02 5.6790600586e+02 5.6760198975e+02 5.6713897705e+02 5.6657800293e+02 5.6626397705e+02 5.6609899902e+02 5.6602502441e+02 5.6609197998e+02 5.6617401123e+02 5.6617797852e+02 5.6618701172e+02 5.6624597168e+02 5.6629302979e+02 5.6627899170e+02 5.6623901367e+02 5.6615698242e+02 5.6605902100e+02 5.6596801758e+02 5.6587097168e+02 5.6575000000e+02 5.6565802002e+02 5.6559399414e+02 5.6553698730e+02 5.6549499512e+02 5.6547497559e+02 5.6545397949e+02 5.6543597412e+02 5.6541998291e+02 5.6539801025e+02 5.6538201904e+02 5.6536199951e+02 5.6535998535e+02 5.6531298828e+02 5.6522399902e+02 5.6514099121e+02 5.6507202148e+02 5.6506896973e+02 5.6512500000e+02 5.6511700439e+02 5.6503601074e+02 5.6501800537e+02 5.6452899170e+02 5.6390600586e+02 5.6365100098e+02 5.6366302490e+02
5.6777697754e+02 5.6723699951e+02 5.6678002930e+02 5.6610498047e+02 5.6572100830e+02 5.6563598633e+02 5.6555499268e+02 5.6556500244e+02 5.6571899414e+02 5.6582702637e+02 5.6585302734e+02 5.6589001465e+02 5.6597900391e+02 5.6604400635e+02 5.6604699707e+02 5.6602197266e+02 5.6596502686e+02 5.6589099121e+02 5.6581402588e+02 5.6572998047e+02 5.6562597656e+02 5.6554498291e+02 5.6548901367e+02 5.6544000244e+02 5.6540197754e+02 5.6537902832e+02 5.6535498047e+02 5.6533599854e+02 5.6532299805e+02 5.6530902100e+02 5.6529400635e+02 5.6527801514e+02 5.6528100586e+02 5.6523199463e+02 5.6513800049e+02 5.6505798340e+02 5.6501000977e+02 5.6499401855e+02 5.6497802734e+02 5.6484497070e+02 5.6458300781e+02 5.6435498047e+02 5.6398400879e+02 5.6366601563e+02 5.6364099121e+02 5.6365802002e+02
5.6682397461e+02 5.6628100586e+02 5.6602301025e+02 5.6550500488e+02 5.6528100586e+02 5.6526300049e+02 5.6522302246e+02 5.6526599121e+02 5.6542401123e+02 5.6552301025e+02 5.6556701660e+02 5.6562597656e+02 5.6573297119e+02 5.6580798340e+02 5.6582598877e+02 5.6581597900e+02 5.6577697754e+02 5.6572399902e+02 5.6566302490e+02 5.6559399414e+02 5.6550598145e+02 5.6543499756e+02 5.6538598633e+02 5.6534399414e+02 5.6531201172e+02 5.6528497314e+02 5.6525897217e+02 5.6523901367e+02 5.6522802734e+02 5.6521697998e+02 5.6520501709e+02 5.6519097900e+02 5.6520501709e+02 5.6515899658e+02 5.6505999756e+02 5.6497900391e+02 5.6494201660e+02 5.6493402100e+02 5.6487097168e+02 5.6460797119e+02 5.6413098145e+02 5.6380499268e+02 5.6362799072e+02 5.6358001709e+02 5.6364697266e+02 5.6364398193e+02
5.6621502686e+02 5.6607202148e+02 5.6600799561e+02 5.6562902832e+02 5.6523602295e+02 5.6513500977e+02 5.6510101318e+02 5.6511297607e+02 5.6519396973e+02 5.6523199463e+02 5.6529602051e+02 5.6537902832e+02 5.6548297119e+02 5.6557897949e+02 5.6562799072e+02 5.6565502930e+02 5.6565802002e+02 5.6555700684e+02 5.6551501465e+02 5.6546600342e+02 5.6541101074e+02 5.6535101318e+02 5.6531701660e+02 5.6528601074e+02 5.6528399658e+02 5.6521502686e+02 5.6518402100e+02 5.6515600586e+02 5.6513702393e+02 5.6513598633e+02 5.6513702393e+02 5.6513897705e+02 5.6519000244e+02 5.6511102295e+02 5.6500402832e+02 5.6490698242e+02 5.6484899902e+02 5.6487200928e+02 5.6481201172e+02 5.6450500488e+02 5.6395397949e+02 5.6368402100e+02 5.6361199951e+02 5.6361102295e+02 5.6361602783e+02 5.6362500000e+02
5.6579199219e+02 5.6556298828e+02 5.6542602539e+02 5.6524902344e+02 5.6503698730e+02 5.6493298340e+02 5.6482702637e+02 5.6477197266e+02 5.6482501221e+02 5.6490600586e+02 5.6499499512e+02 5.6510198975e+02 5.6524200439e+02 5.6534497070e+02 5.6540899658e+02 5.6545800781e+02 5.6544702148e+02 5.6538000488e+02 5.6535198975e+02 5.6531799316e+02 5.6528198242e+02 5.6526300049e+02 5.6523901367e+02 5.6521099854e+02 5.6517199707e+02 5.6512799072e+02 5.6509301758e+02 5.6505700684e+02 5.6503198242e+02 5.6504302979e+02 5.6504797363e+02 5.6505603027e+02 5.6509698486e+02 5.6506402588e+02 5.6495501709e+02 5.6483898926e+02 5.6475000000e+02 5.6473498535e+02 5.6469799805e+02 5.6446600342e+02 5.6398699951e+02 5.6372497559e+02 5.6363800049e+02 5.6360601807e+02 5.6360699463e+02 5.6360498047e+02
5.6529602051e+02 5.6507501221e+02 5.6503002930e+02 5.6498101807e+02 5.6483001709e+02 5.6465100098e+02 5.6448297119e+02 5.6439202881e+02 5.6449499512e+02 5.6464599609e+02 5.6475000000e+02 5.6486901855e+02 5.6502099609e+02 5.6512500000e+02 5.6518798828e+02 5.6523602295e+02 5.6524200439e+02 5.6520501709e+02 5.6518798828e+02 5.6516497803e+02 5.6514801025e+02 5.6514001465e+02 5.6511602783e+02 5.6508898926e+02 5.6504998779e+02 5.6500701904e+02 5.6497100830e+02 5.6493499756e+02 5.6490997314e+02 5.6491302490e+02 5.6490899658e+02 5.6490802002e+02 5.6494897461e+02 5.6493103027e+02 5.6483099365e+02 5.6472302246e+02 5.6463500977e+02 5.6459100342e+02 5.6457598877e+02 5.6443298340e+02 5.6406201172e+02 5.6378198242e+02 5.6366802979e+02 5.6360400391e+02 5.6359301758e+02 5.6359100342e+02
5.6498699951e+02 5.6489300537e+02 5.6484197998e+02 5.6476599121e+02 5.6461199951e+02 5.6439099121e+02 5.6419598389e+02 5.6409698486e+02 5.6423901367e+02 5.6443200684e+02 5.6454797363e+02 5.6467498779e+02 5.6482202148e+02 5.6491802979e+02 5.6497900391e+02 5.6502502441e+02 5.6504400635e+02 5.6503100586e+02 5.6502502441e+02 5.6501300049e+02 5.6500799561e+02 5.6500402832e+02 5.6498199463e+02 5.6495599365e+02 5.6491601563e+02 5.6487200928e+02 5.6483599854e+02 5.6479998779e+02 5.6477197266e+02 5.6476202393e+02 5.6474798584e+02 5.6473699951e+02 5.6474499512e+02 5.6471301270e+02 5.6463299561e+02 5.6454901123e+02 5.6448999023e+02 5.6442700195e+02 5.6441900635e+02 5.6435797119e+02 5.6411102295e+02 5.6383599854e+02 5.6369299316e+02 5.6360101318e+02 5.6357897949e+02 5.6358099365e+02
5.6482800293e+02 5.6471002197e+02 5.6459802246e+02 5.6447302246e+02 5.6435699463e+02 5.6416400146e+02 5.6398101807e+02 5.6392999268e+02 5.6414599609e+02 5.6430102539e+02 5.6443200684e+02 5.6455499268e+02 5.6468597412e+02 5.6472601318e+02 5.6477398682e+02 5.6481097412e+02 5.6482202148e+02 5.6485797119e+02 5.6486999512e+02 5.6487500000e+02 5.6486901855e+02 5.6484100342e+02 5.6481896973e+02 5.6478900146e+02 5.6474798584e+02 5.6472497559e+02 5.6468701172e+02 5.6464599609e+02 5.6459997559e+02 5.6457800293e+02 5.6454498291e+02 5.6451702881e+02 5.6446697998e+02 5.6443402100e+02 5.6437402344e+02 5.6432299805e+02 5.6433099365e+02 5.6427502441e+02 5.6423498535e+02 5.6421899414e+02 5.6414398193e+02 5.6386798096e+02 5.6369201660e+02 5.6358398438e+02 5.6356097412e+02 5.6356597900e+02
5.6461102295e+02 5.6448199463e+02 5.6438598633e+02 5.6427099609e+02 5.6416101074e+02 5.6400097656e+02 5.6386798096e+02 5.6389898682e+02 5.6408502197e+02 5.6421301270e+02 5.6433197021e+02 5.6443200684e+02 5.6450701904e+02 5.6454602051e+02 5.6458697510e+02 5.6461901855e+02 5.6465002441e+02 5.6468298340e+02 5.6470098877e+02 5.6471099854e+02 5.6470001221e+02 5.6466802979e+02 5.6464202881e+02 5.6460900879e+02 5.6458099365e+02 5.6455102539e+02 5.6450897217e+02 5.6446502686e+02 5.6441900635e+02 5.6437298584e+02 5.6432598877e+02 5.6428302002e+02 5.6424401855e+02 5.6417498779e+02 5.6409301758e+02 5.6403601074e+02 5.6404699707e+02 5.6410498047e+02 5.6408697510e+02 5.6407202148e+02 5.6404400635e+02 5.6390502930e+02 5.6375598145e+02 5.6360900879e+02 5.6354101563e+02 5.6353100586e+02
5.6442401123e+02 5.6427899170e+02 5.6419201660e+02 5.6409802246e+02 5.6399499512e+02 5.6388897705e+02 5.6380297852e+02 5.6384301758e+02 5.6398602295e+02 5.6407702637e+02 5.6417700195e+02 5.6426202393e+02 5.6432897949e+02 5.6437200928e+02 5.6441699219e+02 5.6445300293e+02 5.6448602295e+02 5.6451599121e+02 5.6453302002e+02 5.6454199219e+02 5.6453601074e+02 5.6451000977e+02 5.6448400879e+02 5.6445098877e+02 5.6441601563e+02 5.6437902832e+02 5.6433599854e+02 5.6429101563e+02 5.6424200439e+02 5.6418902588e+02 5.6413598633e+02 5.6408599854e+02 5.6402600098e+02 5.6394097900e+02 5.6386700439e+02 5.6381701660e+02 5.6381500244e+02 5.6393103027e+02 5.6394201660e+02 5.6392199707e+02 5.6391998291e+02 5.6389898682e+02 5.6381500244e+02 5.6366198730e+02 5.6354797363e+02 5.6351397705e+02
5.6424597168e+02 5.6410797119e+02 5.6403601074e+02 5.6397100830e+02 5.6388201904e+02 5.6382800293e+02 5.6377301025e+02 5.6378100586e+02 5.6384802246e+02 5.6392602539e+02 5.6401098633e+02 5.6408502197e+02 5.6415100098e+02 5.6420501709e+02 5.6425402832e+02 5.6429498291e+02 5.6433001709e+02 5.6435900879e+02 5.6437500000e+02 5.6438201904e+02 5.6437799072e+02 5.6435498047e+02 5.6432800293e+02 5.6429498291e+02 5.6425402832e+02 5.6421002197e+02 5.6416601563e+02 5.6411901855e+02 5.6406701660e+02 5.6401098633e+02 5.6395300293e+02 5.6389697266e+02 5.6382501221e+02 5.6376599121e+02 5.6372900391e+02 5.6370501709e+02 5.6371099854e+02 5.6382299805e+02 5.6382598877e+02 5.6379199219e+02 5.6378900146e+02 5.6380902100e+02 5.6378900146e+02 5.6367700195e+02 5.6355401611e+02 5.6352600098e+02
