TESTSERVER/4/11.asc
NCOLS 100
NROWS 100
XLLCORNER 7.6997500000e+03
YLLCORNER 2.8940025000e+05
CELLSIZE 5.0000000000e-01
NODATA_VALUE -9.9990000000e+03
[rows 80 to 99 of 100, columns 0 to 45 of 100]
5.6093103027e+02 5.6098602295e+02 5.6105902100e+02 5.6101098633e+02 5.6084802246e+02 5.6079101563e+02 5.6078698730e+02 5.6079901123e+02 5.6084002686e+02 5.6094097900e+02 5.6104101563e+02 5.6111602783e+02 5.6114202881e+02 5.6110302734e+02 5.6111102295e+02 5.6111297607e+02 5.6108197021e+02 5.6099200439e+02 5.6098400879e+02 5.6102801514e+02 5.6107800293e+02 5.6110400391e+02 5.6111199951e+02 5.6112799072e+02 5.6117401123e+02 5.6125097656e+02 5.6131896973e+02 5.6136602783e+02 5.6140698242e+02 5.6144299316e+02 5.6146600342e+02 5.6148999023e+02 5.6152600098e+02 5.6154498291e+02 5.6157000732e+02 5.6160998535e+02 5.6165997314e+02 5.6168402100e+02 5.6173699951e+02 5.6178601074e+02 5.6180798340e+02 5.6184301758e+02 5.6188702393e+02 5.6192498779e+02 5.6196600342e+02 5.6201202393e+02
5.6086602783e+02 5.6082397461e+02 5.6084100342e+02 5.6082598877e+02 5.6078802490e+02 5.6077697754e+02 5.6077398682e+02 5.6078100586e+02 5.6080700684e+02 5.6088897705e+02 5.6101300049e+02 5.6111999512e+02 5.6111798096e+02 5.6107299805e+02 5.6110101318e+02 5.6113000488e+02 5.6108599854e+02 5.6097601318e+02 5.6094702148e+02 5.6098901367e+02 5.6103198242e+02 5.6106701660e+02 5.6107501221e+02 5.6109301758e+02 5.6114300537e+02 5.6121197510e+02 5.6127801514e+02 5.6132202148e+02 5.6135797119e+02 5.6137902832e+02 5.6140802002e+02 5.6144702148e+02 5.6147497559e+02 5.6151397705e+02 5.6154699707e+02 5.6158697510e+02 5.6163397217e+02 5.6165698242e+02 5.6169897461e+02 5.6174401855e+02 5.6178100586e+02 5.6181500244e+02 5.6185900879e+02 5.6189697266e+02 5.6194000244e+02 5.6197998047e+02
5.6085601807e+02 5.6079400635e+02 5.6077801514e+02 5.6077899170e+02 5.6078100586e+02 5.6077502441e+02 5.6076300049e+02 5.6075402832e+02 5.6075701904e+02 5.6080499268e+02 5.6093200684e+02 5.6103698730e+02 5.6103601074e+02 5.6101702881e+02 5.6105798340e+02 5.6109600830e+02 5.6106097412e+02 5.6095397949e+02 5.6091601563e+02 5.6094500732e+02 5.6098498535e+02 5.6103100586e+02 5.6105499268e+02 5.6108599854e+02 5.6112799072e+02 5.6117797852e+02 5.6123199463e+02 5.6126898193e+02 5.6130700684e+02 5.6133099365e+02 5.6136499023e+02 5.6140600586e+02 5.6142498779e+02 5.6147100830e+02 5.6151300049e+02 5.6155401611e+02 5.6159997559e+02 5.6162701416e+02 5.6166802979e+02 5.6171600342e+02 5.6176300049e+02 5.6179302979e+02 5.6183099365e+02 5.6186999512e+02 5.6191101074e+02 5.6194598389e+02
5.6087200928e+02 5.6080798340e+02 5.6076501465e+02 5.6076202393e+02 5.6076702881e+02 5.6076300049e+02 5.6074597168e+02 5.6073199463e+02 5.6072601318e+02 5.6074102783e+02 5.6083398438e+02 5.6091302490e+02 5.6092797852e+02 5.6093298340e+02 5.6097698975e+02 5.6101800537e+02 5.6100402832e+02 5.6092999268e+02 5.6089599609e+02 5.6091198730e+02 5.6094702148e+02 5.6099298096e+02 5.6102801514e+02 5.6106701660e+02 5.6110601807e+02 5.6114898682e+02 5.6119500732e+02 5.6122698975e+02 5.6126300049e+02 5.6129498291e+02 5.6133197021e+02 5.6137500000e+02 5.6140100098e+02 5.6144000244e+02 5.6147601318e+02 5.6151501465e+02 5.6155798340e+02 5.6158898926e+02 5.6163897705e+02 5.6169000244e+02 5.6173498535e+02 5.6176702881e+02 5.6180999756e+02 5.6185302734e+02 5.6188000488e+02 5.6191302490e+02
5.6088897705e+02 5.6081701660e+02 5.6075799561e+02 5.6073999023e+02 5.6073999023e+02 5.6074401855e+02 5.6073297119e+02 5.6071997070e+02 5.6071502686e+02 5.6069702148e+02 5.6072497559e+02 5.6076098633e+02 5.6077600098e+02 5.6083801270e+02 5.6087402344e+02 5.6090802002e+02 5.6092297363e+02 5.6090100098e+02 5.6088000488e+02 5.6088598633e+02 5.6091601563e+02 5.6095898438e+02 5.6099798584e+02 5.6103698730e+02 5.6106896973e+02 5.6111199951e+02 5.6115100098e+02 5.6118701172e+02 5.6122100830e+02 5.6126599121e+02 5.6131097412e+02 5.6134600830e+02 5.6137298584e+02 5.6141400146e+02 5.6144000244e+02 5.6147497559e+02 5.6152502441e+02 5.6156097412e+02 5.6161602783e+02 5.6166497803e+02 5.6170300293e+02 5.6177099609e+02 5.6182501221e+02 5.6185900879e+02 5.6186999512e+02 5.6189300537e+02
5.6088800049e+02 5.6083599854e+02 5.6077801514e+02 5.6074401855e+02 5.6072998047e+02 5.6072198486e+02 5.6070898438e+02 5.6068902588e+02 5.6068200684e+02 5.6065997314e+02 5.6064501953e+02 5.6065100098e+02 5.6066497803e+02 5.6070898438e+02 5.6074902344e+02 5.6078997803e+02 5.6083398438e+02 5.6084100342e+02 5.6083502197e+02 5.6085302734e+02 5.6088897705e+02 5.6093103027e+02 5.6096099854e+02 5.6099700928e+02 5.6103399658e+02 5.6106701660e+02 5.6110601807e+02 5.6114898682e+02 5.6118499756e+02 5.6122802734e+02 5.6126800537e+02 5.6129901123e+02 5.6132800293e+02 5.6136999512e+02 5.6140399170e+02 5.6144097900e+02 5.6149298096e+02 5.6152801514e+02 5.6158801270e+02 5.6165802002e+02 5.6173797607e+02 5.6180999756e+02 5.6184301758e+02 5.6186901855e+02 5.6188702393e+02 5.6189697266e+02
5.6087799072e+02 5.6083898926e+02 5.6077899170e+02 5.6073400879e+02 5.6070501709e+02 5.6068499756e+02 5.6067700195e+02 5.6066302490e+02 5.6064501953e+02 5.6061999512e+02 5.6059600830e+02 5.6059399414e+02 5.6060498047e+02 5.6063098145e+02 5.6066900635e+02 5.6070898438e+02 5.6073699951e+02 5.6075701904e+02 5.6078002930e+02 5.6081402588e+02 5.6085302734e+02 5.6089099121e+02 5.6092102051e+02 5.6096099854e+02 5.6099902344e+02 5.6102899170e+02 5.6106701660e+02 5.6111297607e+02 5.6114898682e+02 5.6118499756e+02 5.6122900391e+02 5.6126800537e+02 5.6130102539e+02 5.6133898926e+02 5.6137402344e+02 5.6140899658e+02 5.6146002197e+02 5.6149902344e+02 5.6157897949e+02 5.6167700195e+02 5.6177600098e+02 5.6183502197e+02 5.6184899902e+02 5.6187298584e+02 5.6189001465e+02 5.6189801025e+02
5.6085601807e+02 5.6081402588e+02 5.6075598145e+02 5.6070397949e+02 5.6066497803e+02 5.6063500977e+02 5.6062402344e+02 5.6060601807e+02 5.6058300781e+02 5.6056799316e+02 5.6054998779e+02 5.6055499268e+02 5.6056597900e+02 5.6057000732e+02 5.6059698486e+02 5.6063201904e+02 5.6065698242e+02 5.6069201660e+02 5.6073199463e+02 5.6077001953e+02 5.6080603027e+02 5.6084197998e+02 5.6087701416e+02 5.6091900635e+02 5.6096002197e+02 5.6099597168e+02 5.6103601074e+02 5.6108001709e+02 5.6111798096e+02 5.6114801025e+02 5.6119201660e+02 5.6123297119e+02 5.6126800537e+02 5.6130499268e+02 5.6134100342e+02 5.6138201904e+02 5.6144000244e+02 5.6150701904e+02 5.6161199951e+02 5.6171398926e+02 5.6179400635e+02 5.6185302734e+02 5.6185601807e+02 5.6186798096e+02 5.6188598633e+02 5.6190197754e+02
5.6082501221e+02 5.6075897217e+02 5.6070599365e+02 5.6065997314e+02 5.6060998535e+02 5.6058801270e+02 5.6056298828e+02 5.6053198242e+02 5.6051800537e+02 5.6050500488e+02 5.6048999023e+02 5.6049102783e+02 5.6050701904e+02 5.6049798584e+02 5.6051397705e+02 5.6055200195e+02 5.6060498047e+02 5.6065802002e+02 5.6069799805e+02 5.6072698975e+02 5.6077301025e+02 5.6081402588e+02 5.6084698486e+02 5.6087799072e+02 5.6091302490e+02 5.6095501709e+02 5.6100000000e+02 5.6104400635e+02 5.6108697510e+02 5.6111700439e+02 5.6114697266e+02 5.6117199707e+02 5.6120697021e+02 5.6126501465e+02 5.6130902100e+02 5.6136297607e+02 5.6145300293e+02 5.6157202148e+02 5.6169598389e+02 5.6177001953e+02 5.6181402588e+02 5.6189099121e+02 5.6189300537e+02 5.6187902832e+02 5.6189801025e+02 5.6190399170e+02
5.6080700684e+02 5.6070599365e+02 5.6064099121e+02 5.6060797119e+02 5.6057000732e+02 5.6052502441e+02 5.6046899414e+02 5.6043200684e+02 5.6042602539e+02 5.6042700195e+02 5.6042102051e+02 5.6041699219e+02 5.6042602539e+02 5.6045001221e+02 5.6048602295e+02 5.6052697754e+02 5.6057800293e+02 5.6062799072e+02 5.6065802002e+02 5.6068298340e+02 5.6073101807e+02 5.6077502441e+02 5.6081298828e+02 5.6084899902e+02 5.6087902832e+02 5.6092199707e+02 5.6096197510e+02 5.6099499512e+02 5.6103900146e+02 5.6107897949e+02 5.6109600830e+02 5.6111102295e+02 5.6115899658e+02 5.6122198486e+02 5.6127398682e+02 5.6134497070e+02 5.6144897461e+02 5.6158898926e+02 5.6173297119e+02 5.6181799316e+02 5.6184997559e+02 5.6191101074e+02 5.6192102051e+02 5.6189599609e+02 5.6189599609e+02 5.6190399170e+02
5.6076098633e+02 5.6062799072e+02 5.6054901123e+02 5.6051898193e+02 5.6048297119e+02 5.6040197754e+02 5.6033801270e+02 5.6031201172e+02 5.6030102539e+02 5.6030297852e+02 5.6031799316e+02 5.6033697510e+02 5.6036798096e+02 5.6041302490e+02 5.6045599365e+02 5.6049401855e+02 5.6054498291e+02 5.6058801270e+02 5.6061499023e+02 5.6064300537e+02 5.6068701172e+02 5.6072802734e+02 5.6077001953e+02 5.6081402588e+02 5.6084802246e+02 5.6088000488e+02 5.6091101074e+02 5.6093902588e+02 5.6098602295e+02 5.6104199219e+02 5.6106597900e+02 5.6108801270e+02 5.6114202881e+02 5.6119396973e+02 5.6124597168e+02 5.6131799316e+02 5.6140899658e+02 5.6151702881e+02 5.6165899658e+02 5.6178900146e+02 5.6186700439e+02 5.6191497803e+02 5.6193103027e+02 5.6191400146e+02 5.6189398193e+02 5.6190301514e+02
5.6067498779e+02 5.6053698730e+02 5.6045098877e+02 5.6039099121e+02 5.6033001709e+02 5.6023901367e+02 5.6019396973e+02 5.6019598389e+02 5.6020001221e+02 5.6021801758e+02 5.6025299072e+02 5.6029101563e+02 5.6033300781e+02 5.6037799072e+02 5.6041998291e+02 5.6045898438e+02 5.6051098633e+02 5.6055297852e+02 5.6057299805e+02 5.6060198975e+02 5.6065197754e+02 5.6069598389e+02 5.6073297119e+02 5.6077301025e+02 5.6080297852e+02 5.6082702637e+02 5.6085900879e+02 5.6089202881e+02 5.6093902588e+02 5.6099798584e+02 5.6103698730e+02 5.6107598877e+02 5.6112500000e+02 5.6116601563e+02 5.6121600342e+02 5.6128198242e+02 5.6136499023e+02 5.6144396973e+02 5.6155902100e+02 5.6170501709e+02 5.6182397461e+02 5.6188000488e+02 5.6192498779e+02 5.6195599365e+02 5.6194000244e+02 5.6190301514e+02
5.6058300781e+02 5.6050299072e+02 5.6039801025e+02 5.6025402832e+02 5.6012200928e+02 5.6007299805e+02 5.6007098389e+02 5.6010998535e+02 5.6015301514e+02 5.6018701172e+02 5.6022399902e+02 5.6026397705e+02 5.6030999756e+02 5.6034899902e+02 5.6038397217e+02 5.6041900635e+02 5.6046301270e+02 5.6051202393e+02 5.6053399658e+02 5.6056298828e+02 5.6061102295e+02 5.6066198730e+02 5.6069097900e+02 5.6072497559e+02 5.6076300049e+02 5.6079498291e+02 5.6082397461e+02 5.6085699463e+02 5.6090502930e+02 5.6095202637e+02 5.6100000000e+02 5.6104901123e+02 5.6108599854e+02 5.6113598633e+02 5.6119598389e+02 5.6126300049e+02 5.6134399414e+02 5.6140698242e+02 5.6148498535e+02 5.6160198975e+02 5.6173602295e+02 5.6180700684e+02 5.6189599609e+02 5.6200701904e+02 5.6202502441e+02 5.6192297363e+02
5.6046697998e+02 5.6038098145e+02 5.6022100830e+02 5.6005700684e+02 5.5997802734e+02 5.5998797607e+02 5.6002502441e+02 5.6007000732e+02 5.6010998535e+02 5.6015100098e+02 5.6019097900e+02 5.6023199463e+02 5.6027502441e+02 5.6031402588e+02 5.6034197998e+02 5.6037701416e+02 5.6042700195e+02 5.6046899414e+02 5.6049499512e+02 5.6052801514e+02 5.6057800293e+02 5.6061602783e+02 5.6064398193e+02 5.6067797852e+02 5.6071801758e+02 5.6075000000e+02 5.6078198242e+02 5.6082897949e+02 5.6088201904e+02 5.6092901611e+02 5.6098400879e+02 5.6104602051e+02 5.6108801270e+02 5.6113201904e+02 5.6118499756e+02 5.6124798584e+02 5.6132098389e+02 5.6136901855e+02 5.6142901611e+02 5.6152301025e+02 5.6164697266e+02 5.6176202393e+02 5.6185101318e+02 5.6195501709e+02 5.6200299072e+02 5.6194598389e+02
5.6021398926e+02 5.6005902100e+02 5.5994097900e+02 5.5988800049e+02 5.5990997314e+02 5.5995202637e+02 5.5998797607e+02 5.6002801514e+02 5.6007202148e+02 5.6011798096e+02 5.6015502930e+02 5.6019201660e+02 5.6023101807e+02 5.6027099609e+02 5.6030401611e+02 5.6034698486e+02 5.6039697266e+02 5.6042999268e+02 5.6047100830e+02 5.6050897217e+02 5.6055700684e+02 5.6059301758e+02 5.6061102295e+02 5.6063397217e+02 5.6066302490e+02 5.6070800781e+02 5.6076599121e+02 5.6082501221e+02 5.6087298584e+02 5.6091900635e+02 5.6097399902e+02 5.6104199219e+02 5.6109197998e+02 5.6112799072e+02 5.6117401123e+02 5.6122698975e+02 5.6128302002e+02 5.6133398438e+02 5.6140100098e+02 5.6148400879e+02 5.6157702637e+02 5.6169500732e+02 5.6178802490e+02 5.6188598633e+02 5.6196899414e+02 5.6197900391e+02
5.5986700439e+02 5.5978399658e+02 5.5978302002e+02 5.5983398438e+02 5.5988500977e+02 5.5992700195e+02 5.5996197510e+02 5.6000000000e+02 5.6004699707e+02 5.6008398438e+02 5.6011700439e+02 5.6015301514e+02 5.6019396973e+02 5.6023797607e+02 5.6027197266e+02 5.6030700684e+02 5.6034301758e+02 5.6040002441e+02 5.6048999023e+02 5.6053198242e+02 5.6053900146e+02 5.6055999756e+02 5.6057299805e+02 5.6059997559e+02 5.6063500977e+02 5.6070397949e+02 5.6077697754e+02 5.6082702637e+02 5.6087200928e+02 5.6091998291e+02 5.6097100830e+02 5.6103497314e+02 5.6108599854e+02 5.6111700439e+02 5.6115899658e+02 5.6121002197e+02 5.6125201416e+02 5.6130499268e+02 5.6138201904e+02 5.6145202637e+02 5.6151599121e+02 5.6162402344e+02 5.6172302246e+02 5.6182397461e+02 5.6191900635e+02 5.6198999023e+02
5.5970300293e+02 5.5973602295e+02 5.5978302002e+02 5.5981799316e+02 5.5984899902e+02 5.5989898682e+02 5.5993902588e+02 5.5997802734e+02 5.6001098633e+02 5.6004699707e+02 5.6008801270e+02 5.6013201904e+02 5.6016998291e+02 5.6021002197e+02 5.6021997070e+02 5.6022802734e+02 5.6025500488e+02 5.6034497070e+02 5.6043499756e+02 5.6047302246e+02 5.6048297119e+02 5.6050799561e+02 5.6054400635e+02 5.6058898926e+02 5.6063098145e+02 5.6071502686e+02 5.6078399658e+02 5.6082397461e+02 5.6087500000e+02 5.6092700195e+02 5.6097497559e+02 5.6102697754e+02 5.6107397461e+02 5.6109802246e+02 5.6113098145e+02 5.6117999268e+02 5.6123797607e+02 5.6129901123e+02 5.6137298584e+02 5.6142901611e+02 5.6147601318e+02 5.6156896973e+02 5.6167999268e+02 5.6178698730e+02 5.6186901855e+02 5.6195300293e+02
5.5967999268e+02 5.5971997070e+02 5.5975000000e+02 5.5978100586e+02 5.5982800293e+02 5.5986901855e+02 5.5990600586e+02 5.5993798828e+02 5.5997198486e+02 5.6002001953e+02 5.6005999756e+02 5.6008599854e+02 5.6010498047e+02 5.6013702393e+02 5.6014801025e+02 5.6016400146e+02 5.6020800781e+02 5.6026800537e+02 5.6031597900e+02 5.6036401367e+02 5.6042797852e+02 5.6048199463e+02 5.6053698730e+02 5.6059600830e+02 5.6064001465e+02 5.6070001221e+02 5.6076098633e+02 5.6080999756e+02 5.6086798096e+02 5.6091998291e+02 5.6097198486e+02 5.6102197266e+02 5.6106097412e+02 5.6108001709e+02 5.6111602783e+02 5.6117700195e+02 5.6125598145e+02 5.6132501221e+02 5.6138397217e+02 5.6143402100e+02 5.6148498535e+02 5.6153399658e+02 5.6160900879e+02 5.6172497559e+02 5.6183197021e+02 5.6193902588e+02
5.5965698242e+02 5.5969500732e+02 5.5972998047e+02 5.5976501465e+02 5.5980700684e+02 5.5984100342e+02 5.5987200928e+02 5.5989501953e+02 5.5992602539e+02 5.5998297119e+02 5.6001702881e+02 5.6002801514e+02 5.6003198242e+02 5.6005798340e+02 5.6008502197e+02 5.6012298584e+02 5.6016900635e+02 5.6022198486e+02 5.6027600098e+02 5.6034301758e+02 5.6041900635e+02 5.6048101807e+02 5.6053698730e+02 5.6058898926e+02 5.6063598633e+02 5.6069299316e+02 5.6076000977e+02 5.6081597900e+02 5.6086499023e+02 5.6091802979e+02 5.6097497559e+02 5.6102301025e+02 5.6104901123e+02 5.6107000732e+02 5.6112097168e+02 5.6119201660e+02 5.6126599121e+02 5.6132397461e+02 5.6136602783e+02 5.6141400146e+02 5.6147698975e+02 5.6150799561e+02 5.6155102539e+02 5.6164898682e+02 5.6177001953e+02 5.6190502930e+02
5.5962200928e+02 5.5965502930e+02 5.5969500732e+02 5.5973901367e+02 5.5977502441e+02 5.5980999756e+02 5.5983898926e+02 5.5985498047e+02 5.5988299561e+02 5.5993298340e+02 5.5995898438e+02 5.5996899414e+02 5.5997998047e+02 5.6000598145e+02 5.6004199219e+02 5.6009997559e+02 5.6016302490e+02 5.6022998047e+02 5.6029400635e+02 5.6036102295e+02 5.6042102051e+02 5.6047100830e+02 5.6052398682e+02 5.6057598877e+02 5.6062701416e+02 5.6068902588e+02 5.6076397705e+02 5.6082202148e+02 5.6086602783e+02 5.6091802979e+02 5.6097100830e+02 5.6101397705e+02 5.6103802490e+02 5.6107000732e+02 5.6112597656e+02 5.6119000244e+02 5.6123999023e+02 5.6128002930e+02 5.6132000732e+02 5.6137500000e+02 5.6143902588e+02 5.6147998047e+02 5.6151800537e+02 5.6157397461e+02 5.6165997314e+02 5.6179101563e+02
