TESTSERVER/4/12.asc
NCOLS 100
NROWS 100
XLLCORNER 7.6997500000e+03
YLLCORNER 2.8935025000e+05
CELLSIZE 5.0000000000e-01
NODATA_VALUE -9.9990000000e+03
[rows 0 to 19 of 100, columns 46 to 91 of 100]
5.6182501221e+02 5.6192199707e+02 5.6200097656e+02 5.6202001953e+02 5.6195800781e+02 5.6189300537e+02 5.6188098145e+02 5.6190899658e+02 5.6191400146e+02 5.6190802002e+02 5.6191900635e+02 5.6193701172e+02 5.6195898438e+02 5.6199499512e+02 5.6208197021e+02 5.6216802979e+02 5.6219897461e+02 5.6221099854e+02 5.6219702148e+02 5.6221997070e+02 5.6224597168e+02 5.6227801514e+02 5.6233300781e+02 5.6235797119e+02 5.6236999512e+02 5.6236297607e+02 5.6232299805e+02 5.6231701660e+02 5.6231402588e+02 5.6231097412e+02 5.6230603027e+02 5.6229101563e+02 5.6228302002e+02 5.6228601074e+02 5.6229302979e+02 5.6231597900e+02 5.6232202148e+02 5.6232098389e+02 5.6232800293e+02 5.6243597412e+02 5.6259497070e+02 5.6269799805e+02 5.6270300293e+02 5.6270800781e+02 5.6277197266e+02 5.6283599854e+02
5.6171301270e+02 5.6183502197e+02 5.6195300293e+02 5.6206799316e+02 5.6204901123e+02 5.6195898438e+02 5.6188800049e+02 5.6189300537e+02 5.6190698242e+02 5.6190698242e+02 5.6191802979e+02 5.6192498779e+02 5.6192602539e+02 5.6196099854e+02 5.6207299805e+02 5.6217602539e+02 5.6220697021e+02 5.6220300293e+02 5.6218200684e+02 5.6219299316e+02 5.6221502686e+02 5.6224700928e+02 5.6229602051e+02 5.6233099365e+02 5.6233502197e+02 5.6231701660e+02 5.6228698730e+02 5.6227899170e+02 5.6228002930e+02 5.6228002930e+02 5.6227600098e+02 5.6227197266e+02 5.6227001953e+02 5.6227600098e+02 5.6229199219e+02 5.6231298828e+02 5.6232098389e+02 5.6231896973e+02 5.6231500244e+02 5.6235601807e+02 5.6250897217e+02 5.6266998291e+02 5.6272698975e+02 5.6271002197e+02 5.6267602539e+02 5.6265600586e+02
5.6164099121e+02 5.6177801514e+02 5.6189599609e+02 5.6204797363e+02 5.6208801270e+02 5.6201702881e+02 5.6191400146e+02 5.6188598633e+02 5.6189599609e+02 5.6190301514e+02 5.6191302490e+02 5.6191998291e+02 5.6191302490e+02 5.6194799805e+02 5.6206500244e+02 5.6216497803e+02 5.6220300293e+02 5.6219897461e+02 5.6217602539e+02 5.6217999268e+02 5.6219598389e+02 5.6221899414e+02 5.6225402832e+02 5.6227600098e+02 5.6227801514e+02 5.6226702881e+02 5.6225402832e+02 5.6225799561e+02 5.6226202393e+02 5.6226202393e+02 5.6226202393e+02 5.6227001953e+02 5.6226599121e+02 5.6227301025e+02 5.6229797363e+02 5.6231896973e+02 5.6232000732e+02 5.6231097412e+02 5.6230902100e+02 5.6232800293e+02 5.6246002197e+02 5.6262200928e+02 5.6268499756e+02 5.6265399170e+02 5.6260101318e+02 5.6258099365e+02
5.6155603027e+02 5.6166497803e+02 5.6181402588e+02 5.6196002197e+02 5.6205102539e+02 5.6204302979e+02 5.6196398926e+02 5.6189599609e+02 5.6188598633e+02 5.6189697266e+02 5.6190600586e+02 5.6191497803e+02 5.6190802002e+02 5.6193298340e+02 5.6203100586e+02 5.6213500977e+02 5.6218298340e+02 5.6218902588e+02 5.6217297363e+02 5.6217602539e+02 5.6218402100e+02 5.6219702148e+02 5.6221398926e+02 5.6222399902e+02 5.6222802734e+02 5.6222802734e+02 5.6223400879e+02 5.6224597168e+02 5.6225299072e+02 5.6225201416e+02 5.6225402832e+02 5.6227197266e+02 5.6226898193e+02 5.6227301025e+02 5.6229498291e+02 5.6230603027e+02 5.6230297852e+02 5.6230200195e+02 5.6231896973e+02 5.6234899902e+02 5.6244598389e+02 5.6255700684e+02 5.6259197998e+02 5.6258398438e+02 5.6256799316e+02 5.6258197021e+02
5.6150598145e+02 5.6157702637e+02 5.6175799561e+02 5.6187799072e+02 5.6197302246e+02 5.6201501465e+02 5.6198999023e+02 5.6192901611e+02 5.6187799072e+02 5.6188000488e+02 5.6190301514e+02 5.6190698242e+02 5.6190399170e+02 5.6191400146e+02 5.6196697998e+02 5.6207299805e+02 5.6213800049e+02 5.6216302490e+02 5.6217498779e+02 5.6218597412e+02 5.6218798828e+02 5.6218499756e+02 5.6217401123e+02 5.6218701172e+02 5.6220098877e+02 5.6221301270e+02 5.6223297119e+02 5.6224499512e+02 5.6224798584e+02 5.6224298096e+02 5.6223699951e+02 5.6226098633e+02 5.6226800537e+02 5.6226599121e+02 5.6226397705e+02 5.6227697754e+02 5.6229498291e+02 5.6232800293e+02 5.6240301514e+02 5.6242602539e+02 5.6247198486e+02 5.6251599121e+02 5.6254699707e+02 5.6257501221e+02 5.6257897949e+02 5.6258801270e+02
5.6147399902e+02 5.6150701904e+02 5.6163098145e+02 5.6177301025e+02 5.6189398193e+02 5.6195098877e+02 5.6194500732e+02 5.6192602539e+02 5.6188299561e+02 5.6185498047e+02 5.6187902832e+02 5.6190100098e+02 5.6190502930e+02 5.6190301514e+02 5.6191802979e+02 5.6198602295e+02 5.6205902100e+02 5.6210900879e+02 5.6214099121e+02 5.6217102051e+02 5.6218798828e+02 5.6218499756e+02 5.6216601563e+02 5.6216900635e+02 5.6218701172e+02 5.6220202637e+02 5.6222802734e+02 5.6225799561e+02 5.6225402832e+02 5.6223999023e+02 5.6223400879e+02 5.6224700928e+02 5.6224798584e+02 5.6224401855e+02 5.6225799561e+02 5.6231799316e+02 5.6236999512e+02 5.6240399170e+02 5.6246398926e+02 5.6248699951e+02 5.6248797607e+02 5.6251098633e+02 5.6254699707e+02 5.6256597900e+02 5.6257202148e+02 5.6258502197e+02
5.6145599365e+02 5.6147900391e+02 5.6153002930e+02 5.6165002441e+02 5.6177398682e+02 5.6182702637e+02 5.6182098389e+02 5.6188299561e+02 5.6190197754e+02 5.6186297607e+02 5.6185699463e+02 5.6187902832e+02 5.6189398193e+02 5.6189398193e+02 5.6189099121e+02 5.6192602539e+02 5.6197998047e+02 5.6202697754e+02 5.6206500244e+02 5.6210797119e+02 5.6213500977e+02 5.6214300537e+02 5.6213897705e+02 5.6216101074e+02 5.6217797852e+02 5.6218402100e+02 5.6221002197e+02 5.6224298096e+02 5.6223901367e+02 5.6222998047e+02 5.6222998047e+02 5.6223199463e+02 5.6222497559e+02 5.6222399902e+02 5.6225500488e+02 5.6232000732e+02 5.6236102295e+02 5.6237902832e+02 5.6241802979e+02 5.6244598389e+02 5.6245697021e+02 5.6248498535e+02 5.6252502441e+02 5.6253997803e+02 5.6255102539e+02 5.6257299805e+02
5.6141802979e+02 5.6145397949e+02 5.6146197510e+02 5.6152899170e+02 5.6162200928e+02 5.6166802979e+02 5.6168402100e+02 5.6183001709e+02 5.6192901611e+02 5.6191302490e+02 5.6187200928e+02 5.6186602783e+02 5.6188800049e+02 5.6189398193e+02 5.6188201904e+02 5.6189599609e+02 5.6192498779e+02 5.6195300293e+02 5.6198199463e+02 5.6201702881e+02 5.6203900146e+02 5.6204901123e+02 5.6205499268e+02 5.6212298584e+02 5.6216601563e+02 5.6216802979e+02 5.6218798828e+02 5.6221398926e+02 5.6221502686e+02 5.6221801758e+02 5.6223297119e+02 5.6223901367e+02 5.6223101807e+02 5.6222302246e+02 5.6223797607e+02 5.6226599121e+02 5.6228601074e+02 5.6230297852e+02 5.6234399414e+02 5.6239398193e+02 5.6243597412e+02 5.6247698975e+02 5.6250897217e+02 5.6252099609e+02 5.6253601074e+02 5.6255902100e+02
5.6135498047e+02 5.6140197754e+02 5.6140997314e+02 5.6144000244e+02 5.6150000000e+02 5.6155200195e+02 5.6160900879e+02 5.6175598145e+02 5.6188598633e+02 5.6192498779e+02 5.6190002441e+02 5.6186798096e+02 5.6188500977e+02 5.6189599609e+02 5.6189300537e+02 5.6188598633e+02 5.6190399170e+02 5.6192102051e+02 5.6191601563e+02 5.6193298340e+02 5.6192901611e+02 5.6192102051e+02 5.6191601563e+02 5.6203997803e+02 5.6214501953e+02 5.6216302490e+02 5.6216601563e+02 5.6219897461e+02 5.6221002197e+02 5.6222497559e+02 5.6222698975e+02 5.6222601318e+02 5.6222802734e+02 5.6222100830e+02 5.6222998047e+02 5.6223797607e+02 5.6225598145e+02 5.6228802490e+02 5.6233697510e+02 5.6238897705e+02 5.6244097900e+02 5.6247998047e+02 5.6250000000e+02 5.6251702881e+02 5.6253802490e+02 5.6255902100e+02
5.6130297852e+02 5.6134197998e+02 5.6136102295e+02 5.6137200928e+02 5.6141198730e+02 5.6146899414e+02 5.6153802490e+02 5.6162701416e+02 5.6174499512e+02 5.6186102295e+02 5.6191497803e+02 5.6187500000e+02 5.6187402344e+02 5.6189300537e+02 5.6190197754e+02 5.6187701416e+02 5.6188299561e+02 5.6190301514e+02 5.6191101074e+02 5.6191802979e+02 5.6190997314e+02 5.6189801025e+02 5.6190997314e+02 5.6195501709e+02 5.6206597900e+02 5.6213598633e+02 5.6215002441e+02 5.6216400146e+02 5.6217901611e+02 5.6218902588e+02 5.6216802979e+02 5.6216400146e+02 5.6217999268e+02 5.6219299316e+02 5.6220800781e+02 5.6223199463e+02 5.6225897217e+02 5.6229199219e+02 5.6232897949e+02 5.6237902832e+02 5.6242999268e+02 5.6246600342e+02 5.6248498535e+02 5.6250799561e+02 5.6252801514e+02 5.6254901123e+02
5.6123699951e+02 5.6127899170e+02 5.6131896973e+02 5.6132098389e+02 5.6134600830e+02 5.6140197754e+02 5.6147198486e+02 5.6152001953e+02 5.6161798096e+02 5.6180102539e+02 5.6192901611e+02 5.6189300537e+02 5.6187097168e+02 5.6188098145e+02 5.6189202881e+02 5.6187298584e+02 5.6186798096e+02 5.6187097168e+02 5.6188397217e+02 5.6191101074e+02 5.6192102051e+02 5.6192297363e+02 5.6193798828e+02 5.6193103027e+02 5.6198797607e+02 5.6204302979e+02 5.6207598877e+02 5.6209002686e+02 5.6210101318e+02 5.6211102295e+02 5.6210601807e+02 5.6211499023e+02 5.6214501953e+02 5.6217297363e+02 5.6219396973e+02 5.6222100830e+02 5.6225402832e+02 5.6228698730e+02 5.6231799316e+02 5.6236401367e+02 5.6241400146e+02 5.6245397949e+02 5.6247399902e+02 5.6249401855e+02 5.6251501465e+02 5.6253497314e+02
5.6115899658e+02 5.6120800781e+02 5.6126098633e+02 5.6127600098e+02 5.6129998779e+02 5.6134301758e+02 5.6140399170e+02 5.6146899414e+02 5.6153698730e+02 5.6172198486e+02 5.6188397217e+02 5.6188299561e+02 5.6187298584e+02 5.6187200928e+02 5.6187597656e+02 5.6187799072e+02 5.6188098145e+02 5.6187597656e+02 5.6187402344e+02 5.6189501953e+02 5.6190301514e+02 5.6191302490e+02 5.6194500732e+02 5.6194500732e+02 5.6197302246e+02 5.6199798584e+02 5.6201202393e+02 5.6203399658e+02 5.6204699707e+02 5.6206597900e+02 5.6207702637e+02 5.6209301758e+02 5.6212597656e+02 5.6215698242e+02 5.6217700195e+02 5.6220202637e+02 5.6223602295e+02 5.6227197266e+02 5.6231201172e+02 5.6235400391e+02 5.6239697266e+02 5.6243499756e+02 5.6246197510e+02 5.6248101807e+02 5.6250201416e+02 5.6252197266e+02
5.6109997559e+02 5.6114898682e+02 5.6118402100e+02 5.6121197510e+02 5.6124902344e+02 5.6128100586e+02 5.6131500244e+02 5.6134698486e+02 5.6139300537e+02 5.6154400635e+02 5.6171801758e+02 5.6181597900e+02 5.6187200928e+02 5.6187701416e+02 5.6187200928e+02 5.6187402344e+02 5.6188598633e+02 5.6189599609e+02 5.6189300537e+02 5.6190002441e+02 5.6189001465e+02 5.6189099121e+02 5.6191601563e+02 5.6192199707e+02 5.6194201660e+02 5.6197601318e+02 5.6199597168e+02 5.6201397705e+02 5.6203100586e+02 5.6204901123e+02 5.6206402588e+02 5.6207397461e+02 5.6210198975e+02 5.6212902832e+02 5.6215197754e+02 5.6217797852e+02 5.6220898438e+02 5.6224700928e+02 5.6230200195e+02 5.6234399414e+02 5.6237701416e+02 5.6240600586e+02 5.6243402100e+02 5.6246801758e+02 5.6248999023e+02 5.6250799561e+02
5.6105499268e+02 5.6109899902e+02 5.6113000488e+02 5.6115698242e+02 5.6119201660e+02 5.6121697998e+02 5.6124200439e+02 5.6126098633e+02 5.6129302979e+02 5.6140802002e+02 5.6157098389e+02 5.6172497559e+02 5.6186297607e+02 5.6189801025e+02 5.6186999512e+02 5.6186798096e+02 5.6187500000e+02 5.6189099121e+02 5.6188500977e+02 5.6189501953e+02 5.6189001465e+02 5.6188500977e+02 5.6189697266e+02 5.6191101074e+02 5.6192797852e+02 5.6195098877e+02 5.6197198486e+02 5.6198999023e+02 5.6200598145e+02 5.6202197266e+02 5.6203802490e+02 5.6205200195e+02 5.6208197021e+02 5.6211199951e+02 5.6213500977e+02 5.6216699219e+02 5.6220202637e+02 5.6223498535e+02 5.6227801514e+02 5.6232501221e+02 5.6236499023e+02 5.6239300537e+02 5.6242401123e+02 5.6246002197e+02 5.6248498535e+02 5.6249798584e+02
5.6101202393e+02 5.6104998779e+02 5.6108001709e+02 5.6110797119e+02 5.6113397217e+02 5.6114697266e+02 5.6117297363e+02 5.6120202637e+02 5.6122198486e+02 5.6129498291e+02 5.6141900635e+02 5.6159301758e+02 5.6181500244e+02 5.6191998291e+02 5.6188098145e+02 5.6186901855e+02 5.6186901855e+02 5.6187500000e+02 5.6187097168e+02 5.6187298584e+02 5.6187097168e+02 5.6187402344e+02 5.6188500977e+02 5.6190002441e+02 5.6192797852e+02 5.6194702148e+02 5.6195098877e+02 5.6196600342e+02 5.6198199463e+02 5.6199902344e+02 5.6201202393e+02 5.6203100586e+02 5.6206402588e+02 5.6209802246e+02 5.6212402344e+02 5.6216101074e+02 5.6220202637e+02 5.6223199463e+02 5.6226202393e+02 5.6230401611e+02 5.6235400391e+02 5.6240301514e+02 5.6244702148e+02 5.6246899414e+02 5.6247802734e+02 5.6248199463e+02
5.6098797607e+02 5.6101800537e+02 5.6104797363e+02 5.6107800293e+02 5.6109197998e+02 5.6110400391e+02 5.6113000488e+02 5.6114801025e+02 5.6115502930e+02 5.6119500732e+02 5.6126397705e+02 5.6142901611e+02 5.6171697998e+02 5.6191601563e+02 5.6190502930e+02 5.6187200928e+02 5.6186999512e+02 5.6186901855e+02 5.6185900879e+02 5.6185101318e+02 5.6184600830e+02 5.6185400391e+02 5.6186999512e+02 5.6187799072e+02 5.6191198730e+02 5.6193103027e+02 5.6192797852e+02 5.6194299316e+02 5.6195898438e+02 5.6197497559e+02 5.6198797607e+02 5.6201300049e+02 5.6204400635e+02 5.6207598877e+02 5.6210699463e+02 5.6214501953e+02 5.6219097900e+02 5.6222601318e+02 5.6225897217e+02 5.6229699707e+02 5.6234600830e+02 5.6241497803e+02 5.6248101807e+02 5.6250598145e+02 5.6249597168e+02 5.6248199463e+02
5.6098901367e+02 5.6099798584e+02 5.6100402832e+02 5.6104699707e+02 5.6105603027e+02 5.6107397461e+02 5.6111401367e+02 5.6110699463e+02 5.6110699463e+02 5.6112597656e+02 5.6115301514e+02 5.6127001953e+02 5.6156597900e+02 5.6184600830e+02 5.6193701172e+02 5.6186499023e+02 5.6184997559e+02 5.6185998535e+02 5.6185699463e+02 5.6182397461e+02 5.6183001709e+02 5.6184197998e+02 5.6186199951e+02 5.6187402344e+02 5.6189202881e+02 5.6190197754e+02 5.6190802002e+02 5.6192297363e+02 5.6193798828e+02 5.6195001221e+02 5.6196997070e+02 5.6200000000e+02 5.6202398682e+02 5.6204901123e+02 5.6207702637e+02 5.6211700439e+02 5.6216601563e+02 5.6221099854e+02 5.6225897217e+02 5.6230700684e+02 5.6234698486e+02 5.6240600586e+02 5.6249102783e+02 5.6254199219e+02 5.6252801514e+02 5.6249298096e+02
5.6097100830e+02 5.6098101807e+02 5.6097601318e+02 5.6101599121e+02 5.6103399658e+02 5.6104797363e+02 5.6106799316e+02 5.6105999756e+02 5.6107202148e+02 5.6108099365e+02 5.6107702637e+02 5.6112902832e+02 5.6138201904e+02 5.6169799805e+02 5.6189001465e+02 5.6189001465e+02 5.6185101318e+02 5.6184899902e+02 5.6183801270e+02 5.6183001709e+02 5.6183599854e+02 5.6183300781e+02 5.6184399414e+02 5.6185699463e+02 5.6186798096e+02 5.6187902832e+02 5.6188702393e+02 5.6190197754e+02 5.6192401123e+02 5.6194097900e+02 5.6196801758e+02 5.6199298096e+02 5.6201501465e+02 5.6204101563e+02 5.6206799316e+02 5.6210498047e+02 5.6214898682e+02 5.6219702148e+02 5.6225000000e+02 5.6229998779e+02 5.6234197998e+02 5.6239202881e+02 5.6246697998e+02 5.6249200439e+02 5.6249298096e+02 5.6248699951e+02
5.6095397949e+02 5.6096697998e+02 5.6095599365e+02 5.6097998047e+02 5.6100500488e+02 5.6102801514e+02 5.6103100586e+02 5.6102301025e+02 5.6104199219e+02 5.6104602051e+02 5.6103302002e+02 5.6103601074e+02 5.6119396973e+02 5.6144897461e+02 5.6168499756e+02 5.6179998779e+02 5.6182397461e+02 5.6182598877e+02 5.6181896973e+02 5.6182897949e+02 5.6182501221e+02 5.6181402588e+02 5.6182299805e+02 5.6183697510e+02 5.6184802246e+02 5.6185998535e+02 5.6186602783e+02 5.6187597656e+02 5.6190002441e+02 5.6192498779e+02 5.6195599365e+02 5.6198602295e+02 5.6201397705e+02 5.6204400635e+02 5.6206500244e+02 5.6209698486e+02 5.6213702393e+02 5.6218597412e+02 5.6223999023e+02 5.6228497314e+02 5.6232702637e+02 5.6236602783e+02 5.6241302490e+02 5.6243103027e+02 5.6246099854e+02 5.6247900391e+02
5.6093200684e+02 5.6094097900e+02 5.6093701172e+02 5.6093902588e+02 5.6095397949e+02 5.6098498535e+02 5.6099102783e+02 5.6099200439e+02 5.6100897217e+02 5.6100598145e+02 5.6099798584e+02 5.6098297119e+02 5.6104998779e+02 5.6119598389e+02 5.6138500977e+02 5.6159802246e+02 5.6174401855e+02 5.6180297852e+02 5.6180499268e+02 5.6181298828e+02 5.6180499268e+02 5.6179901123e+02 5.6180700684e+02 5.6181799316e+02 5.6182897949e+02 5.6184002686e+02 5.6184899902e+02 5.6186297607e+02 5.6187902832e+02 5.6189697266e+02 5.6192797852e+02 5.6197100830e+02 5.6200299072e+02 5.6203399658e+02 5.6205902100e+02 5.6209197998e+02 5.6213098145e+02 5.6217901611e+02 5.6222998047e+02 5.6226702881e+02 5.6231097412e+02 5.6234899902e+02 5.6238201904e+02 5.6240399170e+02 5.6244598389e+02 5.6247198486e+02
