TESTSERVER/4/12.asc
NCOLS 100
NROWS 100
XLLCORNER 7.6997500000e+03
YLLCORNER 2.8935025000e+05
CELLSIZE 5.0000000000e-01
NODATA_VALUE -9.9990000000e+03
[rows 60 to 79 of 100, columns 0 to 45 of 100]
5.5803399658e+02 5.5814001465e+02 5.5814898682e+02 5.5811602783e+02 5.5813098145e+02 5.5816497803e+02 5.5820800781e+02 5.5825598145e+02 5.5828900146e+02 5.5832202148e+02 5.5835699463e+02 5.5838800049e+02 5.5842297363e+02 5.5846502686e+02 5.5849102783e+02 5.5850402832e+02 5.5852502441e+02 5.5854998779e+02 5.5856701660e+02 5.5858001709e+02 5.5859100342e+02 5.5859802246e+02 5.5858599854e+02 5.5855902100e+02 5.5851501465e+02 5.5846197510e+02 5.5849700928e+02 5.5857800293e+02 5.5862500000e+02 5.5866198730e+02 5.5868499756e+02 5.5869097900e+02 5.5870202637e+02 5.5872302246e+02 5.5874798584e+02 5.5878497314e+02 5.5881500244e+02 5.5884698486e+02 5.5888397217e+02 5.5890301514e+02 5.5888897705e+02 5.5892199707e+02 5.5900500488e+02 5.5909002686e+02 5.5913598633e+02 5.5914801025e+02
5.5808099365e+02 5.5808697510e+02 5.5808001709e+02 5.5808001709e+02 5.5811700439e+02 5.5815899658e+02 5.5818902588e+02 5.5822497559e+02 5.5826501465e+02 5.5830603027e+02 5.5834197998e+02 5.5837799072e+02 5.5841497803e+02 5.5845501709e+02 5.5848199463e+02 5.5850299072e+02 5.5852301025e+02 5.5854699707e+02 5.5856701660e+02 5.5857800293e+02 5.5857598877e+02 5.5856701660e+02 5.5854797363e+02 5.5852099609e+02 5.5849200439e+02 5.5844799805e+02 5.5844598389e+02 5.5851098633e+02 5.5858398438e+02 5.5861602783e+02 5.5864300537e+02 5.5866101074e+02 5.5867901611e+02 5.5870098877e+02 5.5872399902e+02 5.5875897217e+02 5.5878802490e+02 5.5882000732e+02 5.5885699463e+02 5.5888098145e+02 5.5887298584e+02 5.5890502930e+02 5.5899597168e+02 5.5908697510e+02 5.5912799072e+02 5.5913598633e+02
5.5802099609e+02 5.5802301025e+02 5.5803198242e+02 5.5805798340e+02 5.5810198975e+02 5.5813897705e+02 5.5817102051e+02 5.5820397949e+02 5.5823797607e+02 5.5828198242e+02 5.5831896973e+02 5.5836199951e+02 5.5840502930e+02 5.5843798828e+02 5.5846801758e+02 5.5849902344e+02 5.5852099609e+02 5.5854498291e+02 5.5856298828e+02 5.5857000732e+02 5.5855902100e+02 5.5854101563e+02 5.5851898193e+02 5.5849597168e+02 5.5847998047e+02 5.5845501709e+02 5.5843499756e+02 5.5846697998e+02 5.5854699707e+02 5.5859002686e+02 5.5861798096e+02 5.5864501953e+02 5.5866998291e+02 5.5868499756e+02 5.5869500732e+02 5.5872302246e+02 5.5875500488e+02 5.5878497314e+02 5.5881799316e+02 5.5884399414e+02 5.5885198975e+02 5.5888702393e+02 5.5894500732e+02 5.5902099609e+02 5.5910302734e+02 5.5912298584e+02
5.5795898438e+02 5.5798498535e+02 5.5801098633e+02 5.5804400635e+02 5.5808001709e+02 5.5811199951e+02 5.5815002441e+02 5.5818701172e+02 5.5821697998e+02 5.5825799561e+02 5.5829498291e+02 5.5834100342e+02 5.5838598633e+02 5.5841497803e+02 5.5845098877e+02 5.5848797607e+02 5.5851000977e+02 5.5853399658e+02 5.5854998779e+02 5.5855499268e+02 5.5853900146e+02 5.5851702881e+02 5.5849902344e+02 5.5848297119e+02 5.5847802734e+02 5.5847601318e+02 5.5845501709e+02 5.5845300293e+02 5.5850299072e+02 5.5856500244e+02 5.5860101318e+02 5.5862799072e+02 5.5865002441e+02 5.5865899658e+02 5.5865502930e+02 5.5867797852e+02 5.5871502686e+02 5.5874401855e+02 5.5877502441e+02 5.5880499268e+02 5.5882501221e+02 5.5885797119e+02 5.5888800049e+02 5.5895800781e+02 5.5908898926e+02 5.5911901855e+02
5.5794097900e+02 5.5796801758e+02 5.5799499512e+02 5.5802697754e+02 5.5805999756e+02 5.5809399414e+02 5.5813201904e+02 5.5816699219e+02 5.5820001221e+02 5.5824102783e+02 5.5828100586e+02 5.5832098389e+02 5.5835302734e+02 5.5839300537e+02 5.5843103027e+02 5.5846398926e+02 5.5848297119e+02 5.5850500488e+02 5.5851800537e+02 5.5852301025e+02 5.5851098633e+02 5.5849798584e+02 5.5848901367e+02 5.5848297119e+02 5.5848199463e+02 5.5848101807e+02 5.5847100830e+02 5.5845697021e+02 5.5844897461e+02 5.5852197266e+02 5.5858001709e+02 5.5860699463e+02 5.5862298584e+02 5.5863397217e+02 5.5863598633e+02 5.5864501953e+02 5.5865399170e+02 5.5869299316e+02 5.5873498535e+02 5.5877099609e+02 5.5879901123e+02 5.5881402588e+02 5.5887500000e+02 5.5900500488e+02 5.5910400391e+02 5.5913201904e+02
5.5791198730e+02 5.5794201660e+02 5.5796197510e+02 5.5799499512e+02 5.5803302002e+02 5.5806500244e+02 5.5810699463e+02 5.5815002441e+02 5.5818798828e+02 5.5822802734e+02 5.5826898193e+02 5.5830603027e+02 5.5833898926e+02 5.5838000488e+02 5.5841601563e+02 5.5844396973e+02 5.5846099854e+02 5.5847198486e+02 5.5848199463e+02 5.5848901367e+02 5.5848602295e+02 5.5847900391e+02 5.5847802734e+02 5.5847900391e+02 5.5848199463e+02 5.5848199463e+02 5.5847900391e+02 5.5847497559e+02 5.5846398926e+02 5.5848101807e+02 5.5853601074e+02 5.5858197021e+02 5.5859997559e+02 5.5860797119e+02 5.5861499023e+02 5.5862097168e+02 5.5862597656e+02 5.5865802002e+02 5.5869396973e+02 5.5871197510e+02 5.5877001953e+02 5.5885302734e+02 5.5894799805e+02 5.5907800293e+02 5.5913397217e+02 5.5916101074e+02
5.5788201904e+02 5.5791101074e+02 5.5793402100e+02 5.5797100830e+02 5.5801800537e+02 5.5805401611e+02 5.5809802246e+02 5.5814300537e+02 5.5817901611e+02 5.5821801758e+02 5.5825799561e+02 5.5829400635e+02 5.5832702637e+02 5.5836499023e+02 5.5839801025e+02 5.5842297363e+02 5.5843499756e+02 5.5844396973e+02 5.5845501709e+02 5.5846301270e+02 5.5846301270e+02 5.5846301270e+02 5.5846697998e+02 5.5847302246e+02 5.5848297119e+02 5.5849102783e+02 5.5849298096e+02 5.5849298096e+02 5.5849102783e+02 5.5846899414e+02 5.5849902344e+02 5.5855401611e+02 5.5857800293e+02 5.5858398438e+02 5.5859002686e+02 5.5859698486e+02 5.5859899902e+02 5.5861297607e+02 5.5864001465e+02 5.5866601563e+02 5.5880102539e+02 5.5896697998e+02 5.5900701904e+02 5.5908398438e+02 5.5915997314e+02 5.5921502686e+02
5.5785699463e+02 5.5788500977e+02 5.5792102051e+02 5.5796997070e+02 5.5801702881e+02 5.5805102539e+02 5.5809399414e+02 5.5813500977e+02 5.5816802979e+02 5.5820898438e+02 5.5824798584e+02 5.5828198242e+02 5.5831500244e+02 5.5834497070e+02 5.5837298584e+02 5.5839599609e+02 5.5840698242e+02 5.5841601563e+02 5.5842901611e+02 5.5843798828e+02 5.5844097900e+02 5.5844702148e+02 5.5845697021e+02 5.5846801758e+02 5.5848297119e+02 5.5849700928e+02 5.5850402832e+02 5.5850799561e+02 5.5851300049e+02 5.5847998047e+02 5.5847601318e+02 5.5851599121e+02 5.5855297852e+02 5.5855902100e+02 5.5856597900e+02 5.5857202148e+02 5.5857000732e+02 5.5857299805e+02 5.5861401367e+02 5.5867901611e+02 5.5888702393e+02 5.5908898926e+02 5.5908001709e+02 5.5911700439e+02 5.5920599365e+02 5.5925000000e+02
5.5783801270e+02 5.5787402344e+02 5.5791400146e+02 5.5796099854e+02 5.5800097656e+02 5.5804302979e+02 5.5808398438e+02 5.5812200928e+02 5.5815997314e+02 5.5820300293e+02 5.5823999023e+02 5.5827197266e+02 5.5829797363e+02 5.5831896973e+02 5.5834002686e+02 5.5835797119e+02 5.5836999512e+02 5.5838800049e+02 5.5840301514e+02 5.5841699219e+02 5.5842700195e+02 5.5842999268e+02 5.5844396973e+02 5.5846099854e+02 5.5847998047e+02 5.5849597168e+02 5.5850897217e+02 5.5851599121e+02 5.5851397705e+02 5.5849499512e+02 5.5847100830e+02 5.5848199463e+02 5.5852398682e+02 5.5854101563e+02 5.5854498291e+02 5.5854498291e+02 5.5854998779e+02 5.5859399414e+02 5.5869702148e+02 5.5883099365e+02 5.5903198242e+02 5.5919897461e+02 5.5920098877e+02 5.5922998047e+02 5.5931201172e+02 5.5925000000e+02
5.5782598877e+02 5.5786700439e+02 5.5790502930e+02 5.5794500732e+02 5.5798901367e+02 5.5803601074e+02 5.5807897949e+02 5.5811901855e+02 5.5816198730e+02 5.5820202637e+02 5.5823199463e+02 5.5825701904e+02 5.5827502441e+02 5.5828900146e+02 5.5830603027e+02 5.5832299805e+02 5.5834002686e+02 5.5835699463e+02 5.5837402344e+02 5.5839099121e+02 5.5840100098e+02 5.5840899658e+02 5.5842602539e+02 5.5844702148e+02 5.5847497559e+02 5.5849902344e+02 5.5851501465e+02 5.5852301025e+02 5.5852398682e+02 5.5849902344e+02 5.5847601318e+02 5.5847399902e+02 5.5850097656e+02 5.5853100586e+02 5.5854101563e+02 5.5853302002e+02 5.5852899170e+02 5.5863000488e+02 5.5882000732e+02 5.5900402832e+02 5.5910998535e+02 5.5927398682e+02 5.5936102295e+02 5.5933197021e+02 5.5922302246e+02 5.5906500244e+02
5.5781201172e+02 5.5785498047e+02 5.5789398193e+02 5.5793499756e+02 5.5798297119e+02 5.5803900146e+02 5.5808599854e+02 5.5812701416e+02 5.5816198730e+02 5.5819299316e+02 5.5821801758e+02 5.5823797607e+02 5.5824902344e+02 5.5826098633e+02 5.5827697754e+02 5.5829400635e+02 5.5830999756e+02 5.5832598877e+02 5.5834301758e+02 5.5835998535e+02 5.5837402344e+02 5.5838702393e+02 5.5840698242e+02 5.5843103027e+02 5.5846502686e+02 5.5849597168e+02 5.5851599121e+02 5.5852697754e+02 5.5853100586e+02 5.5850500488e+02 5.5847900391e+02 5.5846899414e+02 5.5847900391e+02 5.5851202393e+02 5.5852697754e+02 5.5851202393e+02 5.5849298096e+02 5.5862402344e+02 5.5885699463e+02 5.5904498291e+02 5.5912200928e+02 5.5925897217e+02 5.5926599121e+02 5.5911700439e+02 5.5896398926e+02 5.5888098145e+02
5.5780401611e+02 5.5784197998e+02 5.5788500977e+02 5.5793402100e+02 5.5798699951e+02 5.5804602051e+02 5.5809698486e+02 5.5813500977e+02 5.5815698242e+02 5.5817700195e+02 5.5819702148e+02 5.5821301270e+02 5.5821997070e+02 5.5823199463e+02 5.5824798584e+02 5.5826501465e+02 5.5828002930e+02 5.5829498291e+02 5.5831201172e+02 5.5832897949e+02 5.5834497070e+02 5.5836297607e+02 5.5838598633e+02 5.5841302490e+02 5.5845098877e+02 5.5848602295e+02 5.5851000977e+02 5.5852502441e+02 5.5853399658e+02 5.5851202393e+02 5.5848699951e+02 5.5847497559e+02 5.5847497559e+02 5.5849298096e+02 5.5850299072e+02 5.5848901367e+02 5.5846801758e+02 5.5858300781e+02 5.5881799316e+02 5.5899902344e+02 5.5905798340e+02 5.5908801270e+02 5.5897900391e+02 5.5883300781e+02 5.5880798340e+02 5.5882397461e+02
5.5779400635e+02 5.5783300781e+02 5.5788500977e+02 5.5794702148e+02 5.5801202393e+02 5.5804998779e+02 5.5809002686e+02 5.5811999512e+02 5.5812902832e+02 5.5814599609e+02 5.5816302490e+02 5.5817700195e+02 5.5818597412e+02 5.5820202637e+02 5.5821801758e+02 5.5823400879e+02 5.5824597168e+02 5.5826300049e+02 5.5828002930e+02 5.5829901123e+02 5.5832098389e+02 5.5834197998e+02 5.5836798096e+02 5.5839599609e+02 5.5842401123e+02 5.5846002197e+02 5.5848901367e+02 5.5851202393e+02 5.5853198242e+02 5.5852197266e+02 5.5851000977e+02 5.5850201416e+02 5.5850097656e+02 5.5849102783e+02 5.5848699951e+02 5.5847900391e+02 5.5847100830e+02 5.5849401855e+02 5.5867999268e+02 5.5890899658e+02 5.5897998047e+02 5.5880798340e+02 5.5873901367e+02 5.5874902344e+02 5.5878802490e+02 5.5879602051e+02
5.5779302979e+02 5.5784600830e+02 5.5789801025e+02 5.5795001221e+02 5.5800000000e+02 5.5802801514e+02 5.5805700684e+02 5.5808300781e+02 5.5809899902e+02 5.5811102295e+02 5.5812902832e+02 5.5814501953e+02 5.5815899658e+02 5.5817401123e+02 5.5818902588e+02 5.5820202637e+02 5.5821502686e+02 5.5823101807e+02 5.5824798584e+02 5.5826702881e+02 5.5828997803e+02 5.5831799316e+02 5.5834399414e+02 5.5836999512e+02 5.5839801025e+02 5.5843103027e+02 5.5846099854e+02 5.5848797607e+02 5.5851397705e+02 5.5851702881e+02 5.5851501465e+02 5.5851098633e+02 5.5850701904e+02 5.5850097656e+02 5.5849499512e+02 5.5848999023e+02 5.5848602295e+02 5.5844201660e+02 5.5851098633e+02 5.5877398682e+02 5.5896600342e+02 5.5879797363e+02 5.5869702148e+02 5.5871197510e+02 5.5874499512e+02 5.5873901367e+02
5.5780798340e+02 5.5786499023e+02 5.5790997314e+02 5.5795098877e+02 5.5797900391e+02 5.5799902344e+02 5.5802398682e+02 5.5804797363e+02 5.5806597900e+02 5.5808099365e+02 5.5809997559e+02 5.5811700439e+02 5.5813098145e+02 5.5814599609e+02 5.5815997314e+02 5.5817297363e+02 5.5818402100e+02 5.5819897461e+02 5.5821697998e+02 5.5823602295e+02 5.5826000977e+02 5.5828802490e+02 5.5831402588e+02 5.5834002686e+02 5.5837097168e+02 5.5840802002e+02 5.5843701172e+02 5.5846502686e+02 5.5849298096e+02 5.5850299072e+02 5.5850799561e+02 5.5851000977e+02 5.5851098633e+02 5.5851300049e+02 5.5851300049e+02 5.5851098633e+02 5.5851000977e+02 5.5845898438e+02 5.5846502686e+02 5.5866601563e+02 5.5893200684e+02 5.5884100342e+02 5.5871801758e+02 5.5869201660e+02 5.5870599365e+02 5.5870501709e+02
5.5783898926e+02 5.5787799072e+02 5.5791302490e+02 5.5793902588e+02 5.5794897461e+02 5.5796398926e+02 5.5798699951e+02 5.5801000977e+02 5.5803100586e+02 5.5805102539e+02 5.5807098389e+02 5.5808898926e+02 5.5810302734e+02 5.5811700439e+02 5.5813000488e+02 5.5814300537e+02 5.5815399170e+02 5.5816802979e+02 5.5818499756e+02 5.5820501709e+02 5.5822998047e+02 5.5825799561e+02 5.5828399658e+02 5.5830999756e+02 5.5834301758e+02 5.5838098145e+02 5.5841198730e+02 5.5844000244e+02 5.5846801758e+02 5.5848602295e+02 5.5849798584e+02 5.5850500488e+02 5.5851202393e+02 5.5852301025e+02 5.5853002930e+02 5.5853100586e+02 5.5852301025e+02 5.5848797607e+02 5.5846002197e+02 5.5852697754e+02 5.5872802734e+02 5.5876098633e+02 5.5870202637e+02 5.5867901611e+02 5.5868103027e+02 5.5868798828e+02
5.5784600830e+02 5.5786798096e+02 5.5788598633e+02 5.5789801025e+02 5.5789898682e+02 5.5792602539e+02 5.5794897461e+02 5.5797399902e+02 5.5800402832e+02 5.5802197266e+02 5.5804400635e+02 5.5806402588e+02 5.5807897949e+02 5.5808801270e+02 5.5810101318e+02 5.5811401367e+02 5.5812500000e+02 5.5813702393e+02 5.5815399170e+02 5.5817297363e+02 5.5819396973e+02 5.5822698975e+02 5.5825402832e+02 5.5828100586e+02 5.5831097412e+02 5.5834899902e+02 5.5838098145e+02 5.5841198730e+02 5.5844097900e+02 5.5846398926e+02 5.5848199463e+02 5.5849700928e+02 5.5850701904e+02 5.5852197266e+02 5.5853198242e+02 5.5853399658e+02 5.5853399658e+02 5.5850799561e+02 5.5848901367e+02 5.5846502686e+02 5.5847698975e+02 5.5860601807e+02 5.5867498779e+02 5.5867999268e+02 5.5867797852e+02 5.5868200684e+02
5.5782299805e+02 5.5782501221e+02 5.5784002686e+02 5.5785302734e+02 5.5786499023e+02 5.5788702393e+02 5.5791198730e+02 5.5793902588e+02 5.5796997070e+02 5.5799499512e+02 5.5801800537e+02 5.5803802490e+02 5.5804998779e+02 5.5805999756e+02 5.5807299805e+02 5.5808502197e+02 5.5809497070e+02 5.5810699463e+02 5.5812402344e+02 5.5814202881e+02 5.5816601563e+02 5.5819702148e+02 5.5822497559e+02 5.5825299072e+02 5.5828399658e+02 5.5831896973e+02 5.5835198975e+02 5.5838397217e+02 5.5841497803e+02 5.5844000244e+02 5.5846301270e+02 5.5848199463e+02 5.5850000000e+02 5.5851501465e+02 5.5852301025e+02 5.5852301025e+02 5.5851702881e+02 5.5849597168e+02 5.5849102783e+02 5.5847900391e+02 5.5845202637e+02 5.5852301025e+02 5.5866400146e+02 5.5869897461e+02 5.5865502930e+02 5.5867102051e+02
5.5778497314e+02 5.5778399658e+02 5.5780200195e+02 5.5781799316e+02 5.5782897949e+02 5.5784698486e+02 5.5787200928e+02 5.5789898682e+02 5.5793200684e+02 5.5796099854e+02 5.5798498535e+02 5.5800598145e+02 5.5802001953e+02 5.5802899170e+02 5.5804199219e+02 5.5805499268e+02 5.5806298828e+02 5.5807598877e+02 5.5809301758e+02 5.5811199951e+02 5.5813702393e+02 5.5816998291e+02 5.5819799805e+02 5.5822601318e+02 5.5825701904e+02 5.5829199219e+02 5.5832501221e+02 5.5835699463e+02 5.5839001465e+02 5.5841802979e+02 5.5844299316e+02 5.5846600342e+02 5.5848999023e+02 5.5851098633e+02 5.5851800537e+02 5.5851800537e+02 5.5850701904e+02 5.5849700928e+02 5.5849401855e+02 5.5847998047e+02 5.5845202637e+02 5.5846099854e+02 5.5861499023e+02 5.5871899414e+02 5.5865399170e+02 5.5865002441e+02
5.5773101807e+02 5.5773699951e+02 5.5775701904e+02 5.5777801514e+02 5.5778997803e+02 5.5780499268e+02 5.5782897949e+02 5.5785601807e+02 5.5789001465e+02 5.5792297363e+02 5.5794799805e+02 5.5796997070e+02 5.5798602295e+02 5.5799597168e+02 5.5800897217e+02 5.5802197266e+02 5.5803100586e+02 5.5804302979e+02 5.5806097412e+02 5.5808099365e+02 5.5810900879e+02 5.5814202881e+02 5.5816998291e+02 5.5819799805e+02 5.5822998047e+02 5.5826599121e+02 5.5829797363e+02 5.5833001709e+02 5.5836401367e+02 5.5839501953e+02 5.5842401123e+02 5.5845001221e+02 5.5847802734e+02 5.5850299072e+02 5.5851300049e+02 5.5851300049e+02 5.5850500488e+02 5.5850402832e+02 5.5850000000e+02 5.5848498535e+02 5.5846398926e+02 5.5842999268e+02 5.5853601074e+02 5.5869097900e+02 5.5868298340e+02 5.5863397217e+02
