TESTSERVER/4/12.asc
NCOLS 100
NROWS 100
XLLCORNER 7.6997500000e+03
YLLCORNER 2.8935025000e+05
CELLSIZE 5.0000000000e-01
NODATA_VALUE -9.9990000000e+03
[rows 40 to 59 of 100, columns 46 to 91 of 100]
5.6004498291e+02 5.6006097412e+02 5.6008697510e+02 5.6011700439e+02 5.6016802979e+02 5.6021697998e+02 5.6025201416e+02 5.6023602295e+02 5.6023400879e+02 5.6026000977e+02 5.6029498291e+02 5.6030603027e+02 5.6032299805e+02 5.6035601807e+02 5.6039300537e+02 5.6041998291e+02 5.6043499756e+02 5.6046899414e+02 5.6051202393e+02 5.6053601074e+02 5.6053002930e+02 5.6053802490e+02 5.6057800293e+02 5.6063897705e+02 5.6070898438e+02 5.6073797607e+02 5.6069396973e+02 5.6071502686e+02 5.6091400146e+02 5.6126000977e+02 5.6164898682e+02 5.6180401611e+02 5.6180700684e+02 5.6177502441e+02 5.6177697754e+02 5.6183801270e+02 5.6189099121e+02 5.6193902588e+02 5.6197698975e+02 5.6201000977e+02 5.6205297852e+02 5.6210601807e+02 5.6216101074e+02 5.6223400879e+02 5.6230297852e+02 5.6237298584e+02
5.6000402832e+02 5.6003198242e+02 5.6006500244e+02 5.6007702637e+02 5.6011602783e+02 5.6015802002e+02 5.6020397949e+02 5.6021398926e+02 5.6019500732e+02 5.6020397949e+02 5.6024102783e+02 5.6025799561e+02 5.6025598145e+02 5.6024597168e+02 5.6028601074e+02 5.6035900879e+02 5.6040002441e+02 5.6043597412e+02 5.6048400879e+02 5.6051702881e+02 5.6050299072e+02 5.6050701904e+02 5.6056799316e+02 5.6062701416e+02 5.6068701172e+02 5.6072399902e+02 5.6069598389e+02 5.6069000244e+02 5.6080297852e+02 5.6108398438e+02 5.6152899170e+02 5.6179101563e+02 5.6180999756e+02 5.6177001953e+02 5.6178399658e+02 5.6183801270e+02 5.6189300537e+02 5.6194000244e+02 5.6197802734e+02 5.6201599121e+02 5.6207702637e+02 5.6213897705e+02 5.6218597412e+02 5.6225701904e+02 5.6233398438e+02 5.6241302490e+02
5.5995300293e+02 5.5999298096e+02 5.6003002930e+02 5.6003802490e+02 5.6006896973e+02 5.6010302734e+02 5.6014599609e+02 5.6018798828e+02 5.6019000244e+02 5.6018103027e+02 5.6019000244e+02 5.6020397949e+02 5.6020300293e+02 5.6017797852e+02 5.6021600342e+02 5.6030401611e+02 5.6036602783e+02 5.6040997314e+02 5.6044799805e+02 5.6048498535e+02 5.6048400879e+02 5.6049499512e+02 5.6056201172e+02 5.6063500977e+02 5.6068597412e+02 5.6071899414e+02 5.6071002197e+02 5.6070501709e+02 5.6079101563e+02 5.6102899170e+02 5.6142199707e+02 5.6172698975e+02 5.6181201172e+02 5.6180999756e+02 5.6181201172e+02 5.6183599854e+02 5.6188299561e+02 5.6193298340e+02 5.6197900391e+02 5.6202502441e+02 5.6209002686e+02 5.6215698242e+02 5.6221197510e+02 5.6228601074e+02 5.6236700439e+02 5.6245001221e+02
5.5989202881e+02 5.5993902588e+02 5.5998297119e+02 5.6000097656e+02 5.6003100586e+02 5.6005798340e+02 5.6009802246e+02 5.6014801025e+02 5.6017199707e+02 5.6016400146e+02 5.6015502930e+02 5.6017297363e+02 5.6019500732e+02 5.6020202637e+02 5.6022998047e+02 5.6028497314e+02 5.6033697510e+02 5.6037500000e+02 5.6040502930e+02 5.6043798828e+02 5.6046197510e+02 5.6049401855e+02 5.6055297852e+02 5.6062799072e+02 5.6067700195e+02 5.6070300293e+02 5.6070800781e+02 5.6074499512e+02 5.6084002686e+02 5.6104699707e+02 5.6136199951e+02 5.6163897705e+02 5.6177398682e+02 5.6182702637e+02 5.6182702637e+02 5.6182702637e+02 5.6186499023e+02 5.6191400146e+02 5.6197198486e+02 5.6203002930e+02 5.6209698486e+02 5.6216998291e+02 5.6223797607e+02 5.6231402588e+02 5.6239599609e+02 5.6247698975e+02
5.5983099365e+02 5.5987902832e+02 5.5994000244e+02 5.5996600342e+02 5.5999298096e+02 5.6001202393e+02 5.6005902100e+02 5.6009002686e+02 5.6011798096e+02 5.6013098145e+02 5.6013098145e+02 5.6015002441e+02 5.6018597412e+02 5.6021997070e+02 5.6023699951e+02 5.6025299072e+02 5.6029797363e+02 5.6033898926e+02 5.6037597656e+02 5.6039801025e+02 5.6043597412e+02 5.6048797607e+02 5.6053900146e+02 5.6059002686e+02 5.6063598633e+02 5.6067102051e+02 5.6071099854e+02 5.6080200195e+02 5.6094500732e+02 5.6114001465e+02 5.6138000488e+02 5.6154302979e+02 5.6169396973e+02 5.6180700684e+02 5.6183599854e+02 5.6182501221e+02 5.6185601807e+02 5.6189801025e+02 5.6196301270e+02 5.6203198242e+02 5.6209802246e+02 5.6217401123e+02 5.6225000000e+02 5.6232897949e+02 5.6240698242e+02 5.6248400879e+02
5.5978302002e+02 5.5982897949e+02 5.5989099121e+02 5.5993103027e+02 5.5994299316e+02 5.5994500732e+02 5.5999102783e+02 5.6002502441e+02 5.6005999756e+02 5.6009497070e+02 5.6009997559e+02 5.6011199951e+02 5.6015197754e+02 5.6019299316e+02 5.6020898438e+02 5.6021697998e+02 5.6026000977e+02 5.6030902100e+02 5.6035101318e+02 5.6037799072e+02 5.6041601563e+02 5.6046801758e+02 5.6052197266e+02 5.6058300781e+02 5.6063897705e+02 5.6069201660e+02 5.6076599121e+02 5.6087298584e+02 5.6100402832e+02 5.6115802002e+02 5.6130999756e+02 5.6137597656e+02 5.6151000977e+02 5.6170098877e+02 5.6185198975e+02 5.6181896973e+02 5.6183599854e+02 5.6189202881e+02 5.6196600342e+02 5.6203698730e+02 5.6209802246e+02 5.6216802979e+02 5.6224401855e+02 5.6232702637e+02 5.6239898682e+02 5.6246801758e+02
5.5975897217e+02 5.5979602051e+02 5.5983398438e+02 5.5987902832e+02 5.5989801025e+02 5.5990301514e+02 5.5994000244e+02 5.5997399902e+02 5.6000598145e+02 5.6004901123e+02 5.6007397461e+02 5.6008300781e+02 5.6010900879e+02 5.6014801025e+02 5.6017602539e+02 5.6019097900e+02 5.6022302246e+02 5.6026397705e+02 5.6031701660e+02 5.6034899902e+02 5.6039398193e+02 5.6045202637e+02 5.6051300049e+02 5.6057897949e+02 5.6064697266e+02 5.6071600342e+02 5.6080200195e+02 5.6090100098e+02 5.6100402832e+02 5.6111602783e+02 5.6120300293e+02 5.6118402100e+02 5.6128802490e+02 5.6151501465e+02 5.6180401611e+02 5.6184100342e+02 5.6183099365e+02 5.6188500977e+02 5.6196600342e+02 5.6203399658e+02 5.6210601807e+02 5.6218298340e+02 5.6225701904e+02 5.6233502197e+02 5.6239898682e+02 5.6245501709e+02
5.5972998047e+02 5.5975500488e+02 5.5977502441e+02 5.5982000732e+02 5.5985498047e+02 5.5987597656e+02 5.5990600586e+02 5.5992401123e+02 5.5995202637e+02 5.6000402832e+02 5.6004901123e+02 5.6006298828e+02 5.6007202148e+02 5.6010198975e+02 5.6013598633e+02 5.6017102051e+02 5.6020098877e+02 5.6023297119e+02 5.6028399658e+02 5.6031799316e+02 5.6036999512e+02 5.6044201660e+02 5.6050799561e+02 5.6057299805e+02 5.6064697266e+02 5.6072497559e+02 5.6081402588e+02 5.6090002441e+02 5.6097802734e+02 5.6105200195e+02 5.6111297607e+02 5.6105999756e+02 5.6110998535e+02 5.6130499268e+02 5.6162902832e+02 5.6184497070e+02 5.6184600830e+02 5.6186602783e+02 5.6195300293e+02 5.6202801514e+02 5.6211401367e+02 5.6220098877e+02 5.6227197266e+02 5.6234497070e+02 5.6240502930e+02 5.6245202637e+02
5.5968798828e+02 5.5970800781e+02 5.5973297119e+02 5.5976702881e+02 5.5980700684e+02 5.5984497070e+02 5.5988800049e+02 5.5988397217e+02 5.5990802002e+02 5.5996099854e+02 5.6000897217e+02 5.6003399658e+02 5.6004302979e+02 5.6005603027e+02 5.6008001709e+02 5.6014898682e+02 5.6019799805e+02 5.6023797607e+02 5.6026898193e+02 5.6029498291e+02 5.6035101318e+02 5.6043200684e+02 5.6050598145e+02 5.6056597900e+02 5.6064001465e+02 5.6071801758e+02 5.6079797363e+02 5.6087701416e+02 5.6093902588e+02 5.6099200439e+02 5.6104901123e+02 5.6106298828e+02 5.6106799316e+02 5.6113598633e+02 5.6126300049e+02 5.6182501221e+02 5.6192498779e+02 5.6187597656e+02 5.6191802979e+02 5.6201000977e+02 5.6210900879e+02 5.6220098877e+02 5.6227600098e+02 5.6235198975e+02 5.6240899658e+02 5.6245397949e+02
5.5963500977e+02 5.5965899658e+02 5.5968902588e+02 5.5971697998e+02 5.5975402832e+02 5.5979602051e+02 5.5983502197e+02 5.5985400391e+02 5.5987500000e+02 5.5990997314e+02 5.5995202637e+02 5.5998199463e+02 5.6000799561e+02 5.6004199219e+02 5.6008697510e+02 5.6013299561e+02 5.6016699219e+02 5.6022601318e+02 5.6029199219e+02 5.6030700684e+02 5.6034600830e+02 5.6041400146e+02 5.6049298096e+02 5.6056097412e+02 5.6063098145e+02 5.6070202637e+02 5.6078002930e+02 5.6085498047e+02 5.6092102051e+02 5.6098498535e+02 5.6104302979e+02 5.6108099365e+02 5.6112200928e+02 5.6115802002e+02 5.6121697998e+02 5.6161401367e+02 5.6189898682e+02 5.6193402100e+02 5.6189202881e+02 5.6198400879e+02 5.6208801270e+02 5.6218402100e+02 5.6227001953e+02 5.6235101318e+02 5.6240100098e+02 5.6245001221e+02
5.5958502197e+02 5.5961199951e+02 5.5964599609e+02 5.5966497803e+02 5.5970001221e+02 5.5974102783e+02 5.5977001953e+02 5.5980499268e+02 5.5983300781e+02 5.5986798096e+02 5.5990899658e+02 5.5994097900e+02 5.5997900391e+02 5.6002600098e+02 5.6007299805e+02 5.6008197021e+02 5.6013702393e+02 5.6027197266e+02 5.6036102295e+02 5.6033502197e+02 5.6035699463e+02 5.6041101074e+02 5.6048400879e+02 5.6055200195e+02 5.6061700439e+02 5.6068103027e+02 5.6075201416e+02 5.6082800293e+02 5.6090301514e+02 5.6098101807e+02 5.6105200195e+02 5.6110400391e+02 5.6115399170e+02 5.6118701172e+02 5.6117401123e+02 5.6131597900e+02 5.6167797852e+02 5.6189801025e+02 5.6188000488e+02 5.6195001221e+02 5.6205102539e+02 5.6215100098e+02 5.6224200439e+02 5.6233599854e+02 5.6239501953e+02 5.6244598389e+02
5.5954101563e+02 5.5957000732e+02 5.5960998535e+02 5.5962402344e+02 5.5965301514e+02 5.5968200684e+02 5.5970001221e+02 5.5973602295e+02 5.5976501465e+02 5.5980902100e+02 5.5985797119e+02 5.5989300537e+02 5.5992999268e+02 5.5997698975e+02 5.6001702881e+02 5.6009100342e+02 5.6022100830e+02 5.6037298584e+02 5.6041302490e+02 5.6035998535e+02 5.6037097168e+02 5.6041400146e+02 5.6047900391e+02 5.6054302979e+02 5.6060198975e+02 5.6065997314e+02 5.6071801758e+02 5.6078997803e+02 5.6087597656e+02 5.6097198486e+02 5.6107299805e+02 5.6114898682e+02 5.6119396973e+02 5.6121002197e+02 5.6119201660e+02 5.6117102051e+02 5.6144702148e+02 5.6176098633e+02 5.6186602783e+02 5.6190502930e+02 5.6200000000e+02 5.6210400391e+02 5.6220300293e+02 5.6231298828e+02 5.6239501953e+02 5.6245697021e+02
5.5948199463e+02 5.5952697754e+02 5.5957702637e+02 5.5957897949e+02 5.5958599854e+02 5.5961602783e+02 5.5965002441e+02 5.5968798828e+02 5.5971502686e+02 5.5976000977e+02 5.5979498291e+02 5.5983502197e+02 5.5986798096e+02 5.5991998291e+02 5.6002502441e+02 5.6028497314e+02 5.6040997314e+02 5.6039801025e+02 5.6035699463e+02 5.6037097168e+02 5.6038598633e+02 5.6042401123e+02 5.6047601318e+02 5.6052899170e+02 5.6058398438e+02 5.6063800049e+02 5.6067797852e+02 5.6075000000e+02 5.6084600830e+02 5.6095501709e+02 5.6107202148e+02 5.6117297363e+02 5.6121600342e+02 5.6122601318e+02 5.6122302246e+02 5.6120800781e+02 5.6127502441e+02 5.6149798584e+02 5.6182098389e+02 5.6188000488e+02 5.6193597412e+02 5.6203900146e+02 5.6217498779e+02 5.6229699707e+02 5.6240600586e+02 5.6248297119e+02
5.5942999268e+02 5.5948101807e+02 5.5952502441e+02 5.5955603027e+02 5.5956097412e+02 5.5958599854e+02 5.5962200928e+02 5.5965997314e+02 5.5967901611e+02 5.5971997070e+02 5.5975598145e+02 5.5980700684e+02 5.5988800049e+02 5.6003698730e+02 5.6023101807e+02 5.6038397217e+02 5.6040997314e+02 5.6035900879e+02 5.6032800293e+02 5.6034997559e+02 5.6036999512e+02 5.6040502930e+02 5.6044201660e+02 5.6049200439e+02 5.6055798340e+02 5.6063000488e+02 5.6069598389e+02 5.6076898193e+02 5.6085998535e+02 5.6095800781e+02 5.6107202148e+02 5.6116601563e+02 5.6122198486e+02 5.6124700928e+02 5.6125000000e+02 5.6124798584e+02 5.6123602295e+02 5.6134497070e+02 5.6168499756e+02 5.6190698242e+02 5.6193798828e+02 5.6197100830e+02 5.6209802246e+02 5.6222900391e+02 5.6235198975e+02 5.6245098877e+02
5.5938000488e+02 5.5943902588e+02 5.5947302246e+02 5.5950701904e+02 5.5953698730e+02 5.5956097412e+02 5.5958697510e+02 5.5962097168e+02 5.5964898682e+02 5.5969299316e+02 5.5974700928e+02 5.5986401367e+02 5.6002697754e+02 5.6019598389e+02 5.6028698730e+02 5.6032098389e+02 5.6031298828e+02 5.6028198242e+02 5.6028100586e+02 5.6029699707e+02 5.6031799316e+02 5.6035601807e+02 5.6039898682e+02 5.6045599365e+02 5.6053497314e+02 5.6062298584e+02 5.6071502686e+02 5.6079400635e+02 5.6088000488e+02 5.6097100830e+02 5.6107800293e+02 5.6117602539e+02 5.6123901367e+02 5.6127301025e+02 5.6127899170e+02 5.6128997803e+02 5.6127001953e+02 5.6128698730e+02 5.6148498535e+02 5.6181896973e+02 5.6197100830e+02 5.6197900391e+02 5.6202600098e+02 5.6215802002e+02 5.6228997803e+02 5.6240600586e+02
5.5932702637e+02 5.5939300537e+02 5.5943701172e+02 5.5946697998e+02 5.5950402832e+02 5.5952398682e+02 5.5955200195e+02 5.5958197021e+02 5.5960198975e+02 5.5966400146e+02 5.5982598877e+02 5.5997302246e+02 5.6010101318e+02 5.6016198730e+02 5.6014599609e+02 5.6017999268e+02 5.6019097900e+02 5.6020098877e+02 5.6022100830e+02 5.6023400879e+02 5.6026000977e+02 5.6030499268e+02 5.6036102295e+02 5.6042797852e+02 5.6051702881e+02 5.6061798096e+02 5.6073101807e+02 5.6081597900e+02 5.6089697266e+02 5.6098297119e+02 5.6108599854e+02 5.6118597412e+02 5.6125701904e+02 5.6129998779e+02 5.6130297852e+02 5.6130798340e+02 5.6130102539e+02 5.6127600098e+02 5.6132501221e+02 5.6164300537e+02 5.6193298340e+02 5.6199401855e+02 5.6197900391e+02 5.6209197998e+02 5.6222100830e+02 5.6234802246e+02
5.5928997803e+02 5.5934698486e+02 5.5937298584e+02 5.5941497803e+02 5.5945697021e+02 5.5949798584e+02 5.5952099609e+02 5.5955297852e+02 5.5961102295e+02 5.5977600098e+02 5.5999700928e+02 5.6006896973e+02 5.6012097168e+02 5.6011901855e+02 5.6007501221e+02 5.6008697510e+02 5.6011499023e+02 5.6013500977e+02 5.6013702393e+02 5.6016900635e+02 5.6021099854e+02 5.6027197266e+02 5.6035797119e+02 5.6043701172e+02 5.6053100586e+02 5.6062799072e+02 5.6073602295e+02 5.6082800293e+02 5.6090600586e+02 5.6098602295e+02 5.6107202148e+02 5.6117199707e+02 5.6124499512e+02 5.6129998779e+02 5.6134197998e+02 5.6132702637e+02 5.6131201172e+02 5.6129699707e+02 5.6130798340e+02 5.6143200684e+02 5.6171002197e+02 5.6189202881e+02 5.6194598389e+02 5.6203900146e+02 5.6214001465e+02 5.6226702881e+02
5.5922399902e+02 5.5928698730e+02 5.5938397217e+02 5.5937902832e+02 5.5937597656e+02 5.5945202637e+02 5.5951800537e+02 5.5965399170e+02 5.5980700684e+02 5.5999499512e+02 5.6015600586e+02 5.6024499512e+02 5.6027301025e+02 5.6021197510e+02 5.6008801270e+02 5.6006402588e+02 5.6007202148e+02 5.6008300781e+02 5.6009002686e+02 5.6013397217e+02 5.6019702148e+02 5.6027801514e+02 5.6037799072e+02 5.6048101807e+02 5.6056896973e+02 5.6065100098e+02 5.6073797607e+02 5.6082397461e+02 5.6090100098e+02 5.6097698975e+02 5.6106298828e+02 5.6114801025e+02 5.6121398926e+02 5.6127099609e+02 5.6132702637e+02 5.6133099365e+02 5.6131597900e+02 5.6130902100e+02 5.6130798340e+02 5.6130902100e+02 5.6144201660e+02 5.6165502930e+02 5.6186401367e+02 5.6197302246e+02 5.6205700684e+02 5.6218499756e+02
5.5920098877e+02 5.5933197021e+02 5.5954302979e+02 5.5948498535e+02 5.5936999512e+02 5.5946301270e+02 5.5957897949e+02 5.5976000977e+02 5.5992602539e+02 5.6007397461e+02 5.6017700195e+02 5.6026202393e+02 5.6026800537e+02 5.6018103027e+02 5.6004602051e+02 5.6001599121e+02 5.6002502441e+02 5.6004602051e+02 5.6007501221e+02 5.6013397217e+02 5.6020397949e+02 5.6029199219e+02 5.6039898682e+02 5.6049902344e+02 5.6058197021e+02 5.6065899658e+02 5.6073602295e+02 5.6081597900e+02 5.6089300537e+02 5.6096801758e+02 5.6105200195e+02 5.6113500977e+02 5.6120098877e+02 5.6125701904e+02 5.6131201172e+02 5.6132702637e+02 5.6132501221e+02 5.6132397461e+02 5.6133697510e+02 5.6129901123e+02 5.6130999756e+02 5.6147198486e+02 5.6177697754e+02 5.6192102051e+02 5.6198101807e+02 5.6208801270e+02
5.5921197510e+02 5.5937298584e+02 5.5958599854e+02 5.5954400635e+02 5.5945300293e+02 5.5958001709e+02 5.5964898682e+02 5.5975000000e+02 5.5987402344e+02 5.5997302246e+02 5.6003997803e+02 5.6010302734e+02 5.6009197998e+02 5.6002099609e+02 5.5994598389e+02 5.5994799805e+02 5.5998901367e+02 5.6004901123e+02 5.6010498047e+02 5.6015997314e+02 5.6023199463e+02 5.6031896973e+02 5.6041998291e+02 5.6051300049e+02 5.6059002686e+02 5.6066198730e+02 5.6073400879e+02 5.6080999756e+02 5.6088500977e+02 5.6095898438e+02 5.6103997803e+02 5.6111999512e+02 5.6118499756e+02 5.6124200439e+02 5.6129498291e+02 5.6132501221e+02 5.6133599854e+02 5.6134399414e+02 5.6136401367e+02 5.6135101318e+02 5.6129797363e+02 5.6136901855e+02 5.6167999268e+02 5.6187799072e+02 5.6192700195e+02 5.6200201416e+02
