TESTSERVER/4/13.asc
NCOLS 100
NROWS 100
XLLCORNER 7.6997500000e+03
YLLCORNER 2.8930025000e+05
CELLSIZE 5.0000000000e-01
NODATA_VALUE -9.9990000000e+03
[rows 20 to 39 of 100, columns 46 to 91 of 100]
5.5853302002e+02 5.5858300781e+02 5.5862799072e+02 5.5870501709e+02 5.5875598145e+02 5.5879797363e+02 5.5883001709e+02 5.5876702881e+02 5.5868200684e+02 5.5862500000e+02 5.5861901855e+02 5.5863397217e+02 5.5862701416e+02 5.5860998535e+02 5.5859002686e+02 5.5857598877e+02 5.5859802246e+02 5.5862200928e+02 5.5862402344e+02 5.5862298584e+02 5.5865899658e+02 5.5872601318e+02 5.5882299805e+02 5.5893298340e+02 5.5896398926e+02 5.5897497559e+02 5.5898400879e+02 5.5898999023e+02 5.5900097656e+02 5.5901000977e+02 5.5901800537e+02 5.5903198242e+02 5.5904498291e+02 5.5907299805e+02 5.5912402344e+02 5.5922399902e+02 5.5939300537e+02 5.5956402588e+02 5.5965002441e+02 5.5966900635e+02 5.5966198730e+02 5.5959899902e+02 5.5952301025e+02 5.5946099854e+02 5.5947601318e+02 5.5953302002e+02
5.5848901367e+02 5.5853399658e+02 5.5858099365e+02 5.5863598633e+02 5.5869299316e+02 5.5875097656e+02 5.5882202148e+02 5.5881402588e+02 5.5874499512e+02 5.5866601563e+02 5.5861999512e+02 5.5863000488e+02 5.5862097168e+02 5.5860302734e+02 5.5859899902e+02 5.5857897949e+02 5.5858001709e+02 5.5861602783e+02 5.5863299561e+02 5.5862402344e+02 5.5863397217e+02 5.5867102051e+02 5.5875500488e+02 5.5884698486e+02 5.5891601563e+02 5.5896801758e+02 5.5898400879e+02 5.5897698975e+02 5.5897198486e+02 5.5898602295e+02 5.5901397705e+02 5.5903399658e+02 5.5903698730e+02 5.5905102539e+02 5.5909399414e+02 5.5915100098e+02 5.5925000000e+02 5.5940802002e+02 5.5953399658e+02 5.5953802490e+02 5.5948498535e+02 5.5940002441e+02 5.5937799072e+02 5.5940802002e+02 5.5946099854e+02 5.5951599121e+02
5.5844598389e+02 5.5848797607e+02 5.5853198242e+02 5.5858801270e+02 5.5864398193e+02 5.5870202637e+02 5.5879901123e+02 5.5884899902e+02 5.5879400635e+02 5.5870098877e+02 5.5860601807e+02 5.5858697510e+02 5.5859002686e+02 5.5858398438e+02 5.5859301758e+02 5.5858398438e+02 5.5857800293e+02 5.5860699463e+02 5.5863098145e+02 5.5862097168e+02 5.5861798096e+02 5.5863500977e+02 5.5868798828e+02 5.5876898193e+02 5.5885400391e+02 5.5893298340e+02 5.5896899414e+02 5.5897399902e+02 5.5895599365e+02 5.5896002197e+02 5.5899200439e+02 5.5902099609e+02 5.5903302002e+02 5.5904199219e+02 5.5907501221e+02 5.5912500000e+02 5.5916998291e+02 5.5923602295e+02 5.5931298828e+02 5.5932000732e+02 5.5931500244e+02 5.5931097412e+02 5.5934899902e+02 5.5940301514e+02 5.5945697021e+02 5.5950299072e+02
5.5840502930e+02 5.5844201660e+02 5.5848199463e+02 5.5853497314e+02 5.5858898926e+02 5.5864599609e+02 5.5874902344e+02 5.5883398438e+02 5.5879602051e+02 5.5870001221e+02 5.5857098389e+02 5.5852899170e+02 5.5855200195e+02 5.5856799316e+02 5.5858197021e+02 5.5859100342e+02 5.5858502197e+02 5.5859197998e+02 5.5860498047e+02 5.5860302734e+02 5.5859399414e+02 5.5859497070e+02 5.5862200928e+02 5.5868499756e+02 5.5876898193e+02 5.5885198975e+02 5.5890600586e+02 5.5897802734e+02 5.5896997070e+02 5.5894799805e+02 5.5896197510e+02 5.5899200439e+02 5.5902001953e+02 5.5903601074e+02 5.5905102539e+02 5.5909197998e+02 5.5913098145e+02 5.5916198730e+02 5.5919000244e+02 5.5921502686e+02 5.5925701904e+02 5.5930102539e+02 5.5934997559e+02 5.5939501953e+02 5.5944201660e+02 5.5948602295e+02
5.5835998535e+02 5.5838598633e+02 5.5840698242e+02 5.5847497559e+02 5.5853302002e+02 5.5859497070e+02 5.5871600342e+02 5.5876501465e+02 5.5872900391e+02 5.5863897705e+02 5.5850598145e+02 5.5847302246e+02 5.5851300049e+02 5.5855297852e+02 5.5857397461e+02 5.5859197998e+02 5.5859197998e+02 5.5857299805e+02 5.5855999756e+02 5.5856799316e+02 5.5855999756e+02 5.5855499268e+02 5.5855297852e+02 5.5860101318e+02 5.5866601563e+02 5.5873101807e+02 5.5880499268e+02 5.5893103027e+02 5.5898999023e+02 5.5897497559e+02 5.5895501709e+02 5.5897601318e+02 5.5899798584e+02 5.5901202393e+02 5.5902001953e+02 5.5904699707e+02 5.5909100342e+02 5.5913299561e+02 5.5916497803e+02 5.5919897461e+02 5.5924401855e+02 5.5928900146e+02 5.5932598877e+02 5.5936602783e+02 5.5941497803e+02 5.5946002197e+02
5.5831799316e+02 5.5833398438e+02 5.5835998535e+02 5.5841699219e+02 5.5846899414e+02 5.5852301025e+02 5.5860998535e+02 5.5863299561e+02 5.5857397461e+02 5.5849798584e+02 5.5842498779e+02 5.5843597412e+02 5.5848101807e+02 5.5852697754e+02 5.5855999756e+02 5.5858099365e+02 5.5858197021e+02 5.5855902100e+02 5.5853802490e+02 5.5853399658e+02 5.5853100586e+02 5.5853399658e+02 5.5853100586e+02 5.5855798340e+02 5.5859899902e+02 5.5863800049e+02 5.5868902588e+02 5.5883099365e+02 5.5895397949e+02 5.5899102783e+02 5.5894299316e+02 5.5894097900e+02 5.5895098877e+02 5.5896301270e+02 5.5899401855e+02 5.5902600098e+02 5.5905700684e+02 5.5909197998e+02 5.5913201904e+02 5.5917297363e+02 5.5921697998e+02 5.5926702881e+02 5.5931298828e+02 5.5934197998e+02 5.5937799072e+02 5.5942700195e+02
5.5828497314e+02 5.5829602051e+02 5.5831500244e+02 5.5835699463e+02 5.5839300537e+02 5.5842901611e+02 5.5847497559e+02 5.5846301270e+02 5.5842199707e+02 5.5839001465e+02 5.5837097168e+02 5.5840698242e+02 5.5844598389e+02 5.5849102783e+02 5.5852001953e+02 5.5852099609e+02 5.5851702881e+02 5.5850799561e+02 5.5850799561e+02 5.5850500488e+02 5.5850402832e+02 5.5851599121e+02 5.5852197266e+02 5.5853601074e+02 5.5856402588e+02 5.5859301758e+02 5.5862402344e+02 5.5873498535e+02 5.5887500000e+02 5.5895001221e+02 5.5891497803e+02 5.5889001465e+02 5.5890399170e+02 5.5892901611e+02 5.5896997070e+02 5.5900402832e+02 5.5903100586e+02 5.5906597900e+02 5.5911602783e+02 5.5916302490e+02 5.5919702148e+02 5.5923699951e+02 5.5928601074e+02 5.5932098389e+02 5.5936999512e+02 5.5943902588e+02
5.5825799561e+02 5.5826397705e+02 5.5827099609e+02 5.5829302979e+02 5.5831097412e+02 5.5832702637e+02 5.5833502197e+02 5.5831597900e+02 5.5831799316e+02 5.5833599854e+02 5.5835699463e+02 5.5839898682e+02 5.5842401123e+02 5.5844201660e+02 5.5845098877e+02 5.5844396973e+02 5.5844799805e+02 5.5846002197e+02 5.5848199463e+02 5.5848999023e+02 5.5848797607e+02 5.5849902344e+02 5.5851202393e+02 5.5852301025e+02 5.5854400635e+02 5.5856799316e+02 5.5859399414e+02 5.5865502930e+02 5.5876599121e+02 5.5885699463e+02 5.5887097168e+02 5.5884698486e+02 5.5887097168e+02 5.5890698242e+02 5.5894201660e+02 5.5897399902e+02 5.5900897217e+02 5.5905499268e+02 5.5910302734e+02 5.5914599609e+02 5.5917498779e+02 5.5921301270e+02 5.5926098633e+02 5.5932897949e+02 5.5940698242e+02 5.5948199463e+02
5.5823999023e+02 5.5823999023e+02 5.5823999023e+02 5.5822998047e+02 5.5821502686e+02 5.5820397949e+02 5.5820800781e+02 5.5823602295e+02 5.5827502441e+02 5.5831896973e+02 5.5835797119e+02 5.5839801025e+02 5.5839801025e+02 5.5837902832e+02 5.5839001465e+02 5.5840197754e+02 5.5841900635e+02 5.5843798828e+02 5.5846197510e+02 5.5847302246e+02 5.5846997070e+02 5.5847900391e+02 5.5850097656e+02 5.5851800537e+02 5.5853698730e+02 5.5855102539e+02 5.5857299805e+02 5.5862701416e+02 5.5868701172e+02 5.5876397705e+02 5.5882702637e+02 5.5881097412e+02 5.5884301758e+02 5.5888397217e+02 5.5892297363e+02 5.5894702148e+02 5.5898901367e+02 5.5904498291e+02 5.5909399414e+02 5.5912097168e+02 5.5915002441e+02 5.5919799805e+02 5.5927099609e+02 5.5938800049e+02 5.5946197510e+02 5.5949499512e+02
5.5823498535e+02 5.5822601318e+02 5.5821398926e+02 5.5820098877e+02 5.5818103027e+02 5.5816400146e+02 5.5818298340e+02 5.5822900391e+02 5.5827301025e+02 5.5830297852e+02 5.5831402588e+02 5.5831402588e+02 5.5831799316e+02 5.5832897949e+02 5.5835900879e+02 5.5837298584e+02 5.5839300537e+02 5.5840399170e+02 5.5842700195e+02 5.5843902588e+02 5.5844396973e+02 5.5846099854e+02 5.5847998047e+02 5.5849798584e+02 5.5852398682e+02 5.5855200195e+02 5.5857299805e+02 5.5861102295e+02 5.5866101074e+02 5.5872198486e+02 5.5875701904e+02 5.5877697754e+02 5.5882598877e+02 5.5886102295e+02 5.5889398193e+02 5.5893902588e+02 5.5897998047e+02 5.5902197266e+02 5.5906402588e+02 5.5909497070e+02 5.5915100098e+02 5.5923699951e+02 5.5934600830e+02 5.5943597412e+02 5.5945098877e+02 5.5943902588e+02
5.5821600342e+02 5.5820202637e+02 5.5818701172e+02 5.5817102051e+02 5.5816699219e+02 5.5816198730e+02 5.5817102051e+02 5.5821002197e+02 5.5825500488e+02 5.5827502441e+02 5.5825897217e+02 5.5825299072e+02 5.5827801514e+02 5.5830499268e+02 5.5833099365e+02 5.5834497070e+02 5.5836700439e+02 5.5837799072e+02 5.5839300537e+02 5.5839898682e+02 5.5841198730e+02 5.5844000244e+02 5.5845898438e+02 5.5847802734e+02 5.5850500488e+02 5.5853399658e+02 5.5855999756e+02 5.5858898926e+02 5.5863897705e+02 5.5869097900e+02 5.5871398926e+02 5.5875097656e+02 5.5880401611e+02 5.5883801270e+02 5.5886602783e+02 5.5891802979e+02 5.5895501709e+02 5.5898498535e+02 5.5904400635e+02 5.5910900879e+02 5.5919702148e+02 5.5928997803e+02 5.5937200928e+02 5.5940197754e+02 5.5938897705e+02 5.5937200928e+02
5.5818597412e+02 5.5816900635e+02 5.5815997314e+02 5.5815197754e+02 5.5815502930e+02 5.5815802002e+02 5.5816400146e+02 5.5819396973e+02 5.5822802734e+02 5.5824902344e+02 5.5824200439e+02 5.5823498535e+02 5.5826300049e+02 5.5828198242e+02 5.5829998779e+02 5.5831298828e+02 5.5833398438e+02 5.5834698486e+02 5.5835601807e+02 5.5836102295e+02 5.5837799072e+02 5.5840997314e+02 5.5843200684e+02 5.5845898438e+02 5.5848101807e+02 5.5850299072e+02 5.5853900146e+02 5.5857800293e+02 5.5862298584e+02 5.5866601563e+02 5.5869500732e+02 5.5872601318e+02 5.5877301025e+02 5.5881201172e+02 5.5884197998e+02 5.5888299561e+02 5.5891998291e+02 5.5896502686e+02 5.5906201172e+02 5.5915802002e+02 5.5923400879e+02 5.5928399658e+02 5.5930401611e+02 5.5930200195e+02 5.5931201172e+02 5.5933001709e+02
5.5814202881e+02 5.5813397217e+02 5.5814001465e+02 5.5814501953e+02 5.5815002441e+02 5.5815301514e+02 5.5815899658e+02 5.5818103027e+02 5.5820697021e+02 5.5823297119e+02 5.5825097656e+02 5.5821899414e+02 5.5822998047e+02 5.5825201416e+02 5.5826800537e+02 5.5827398682e+02 5.5829199219e+02 5.5830798340e+02 5.5831201172e+02 5.5832702637e+02 5.5834899902e+02 5.5837701416e+02 5.5840600586e+02 5.5842901611e+02 5.5845001221e+02 5.5848199463e+02 5.5852197266e+02 5.5855401611e+02 5.5858697510e+02 5.5862097168e+02 5.5865802002e+02 5.5871197510e+02 5.5875500488e+02 5.5878900146e+02 5.5882098389e+02 5.5887402344e+02 5.5895098877e+02 5.5904199219e+02 5.5915502930e+02 5.5919299316e+02 5.5920501709e+02 5.5920300293e+02 5.5920397949e+02 5.5921600342e+02 5.5925500488e+02 5.5930297852e+02
5.5811798096e+02 5.5811199951e+02 5.5811700439e+02 5.5812701416e+02 5.5813500977e+02 5.5814202881e+02 5.5815502930e+02 5.5816998291e+02 5.5818402100e+02 5.5820098877e+02 5.5823901367e+02 5.5821899414e+02 5.5819500732e+02 5.5820599365e+02 5.5823101807e+02 5.5823797607e+02 5.5825299072e+02 5.5827301025e+02 5.5827899170e+02 5.5829498291e+02 5.5831701660e+02 5.5833599854e+02 5.5835998535e+02 5.5838897705e+02 5.5842999268e+02 5.5847900391e+02 5.5850799561e+02 5.5853198242e+02 5.5856500244e+02 5.5860198975e+02 5.5863800049e+02 5.5868597412e+02 5.5872497559e+02 5.5876300049e+02 5.5882299805e+02 5.5891400146e+02 5.5901599121e+02 5.5910699463e+02 5.5918200684e+02 5.5915698242e+02 5.5913702393e+02 5.5914801025e+02 5.5916400146e+02 5.5919299316e+02 5.5923901367e+02 5.5928198242e+02
5.5807897949e+02 5.5807000732e+02 5.5808197021e+02 5.5808898926e+02 5.5810198975e+02 5.5811499023e+02 5.5813500977e+02 5.5815197754e+02 5.5815197754e+02 5.5815997314e+02 5.5820898438e+02 5.5823400879e+02 5.5820098877e+02 5.5816998291e+02 5.5818701172e+02 5.5819702148e+02 5.5821301270e+02 5.5823498535e+02 5.5824902344e+02 5.5826397705e+02 5.5827801514e+02 5.5829498291e+02 5.5833099365e+02 5.5838000488e+02 5.5842102051e+02 5.5845501709e+02 5.5848400879e+02 5.5851397705e+02 5.5854498291e+02 5.5858300781e+02 5.5862200928e+02 5.5866497803e+02 5.5870599365e+02 5.5875598145e+02 5.5883197021e+02 5.5892999268e+02 5.5902001953e+02 5.5908801270e+02 5.5911401367e+02 5.5909301758e+02 5.5912597656e+02 5.5916601563e+02 5.5917102051e+02 5.5919097900e+02 5.5922497559e+02 5.5925097656e+02
5.5802398682e+02 5.5802001953e+02 5.5804400635e+02 5.5804400635e+02 5.5806201172e+02 5.5808001709e+02 5.5809802246e+02 5.5811901855e+02 5.5812799072e+02 5.5814501953e+02 5.5818200684e+02 5.5822900391e+02 5.5822900391e+02 5.5816601563e+02 5.5814501953e+02 5.5815802002e+02 5.5817297363e+02 5.5819097900e+02 5.5820697021e+02 5.5822497559e+02 5.5824401855e+02 5.5827197266e+02 5.5831597900e+02 5.5836901855e+02 5.5840301514e+02 5.5842498779e+02 5.5845898438e+02 5.5849597168e+02 5.5852600098e+02 5.5855999756e+02 5.5860400391e+02 5.5864398193e+02 5.5868798828e+02 5.5874902344e+02 5.5883599854e+02 5.5892401123e+02 5.5898901367e+02 5.5902502441e+02 5.5902197266e+02 5.5907000732e+02 5.5917999268e+02 5.5923901367e+02 5.5919500732e+02 5.5917901611e+02 5.5919702148e+02 5.5921502686e+02
5.5795397949e+02 5.5797399902e+02 5.5800500488e+02 5.5800000000e+02 5.5801599121e+02 5.5803601074e+02 5.5804498291e+02 5.5806402588e+02 5.5808898926e+02 5.5812097168e+02 5.5815399170e+02 5.5819097900e+02 5.5823400879e+02 5.5818798828e+02 5.5809197998e+02 5.5812500000e+02 5.5814099121e+02 5.5814898682e+02 5.5815301514e+02 5.5817797852e+02 5.5821997070e+02 5.5826098633e+02 5.5829199219e+02 5.5832800293e+02 5.5836499023e+02 5.5840197754e+02 5.5844500732e+02 5.5846997070e+02 5.5850201416e+02 5.5854199219e+02 5.5858398438e+02 5.5861199951e+02 5.5865698242e+02 5.5872399902e+02 5.5880798340e+02 5.5889300537e+02 5.5894396973e+02 5.5896502686e+02 5.5897302246e+02 5.5908300781e+02 5.5922302246e+02 5.5927301025e+02 5.5919702148e+02 5.5915301514e+02 5.5917498779e+02 5.5919897461e+02
5.5790197754e+02 5.5793701172e+02 5.5795800781e+02 5.5796002197e+02 5.5797802734e+02 5.5799700928e+02 5.5800000000e+02 5.5802398682e+02 5.5805499268e+02 5.5809497070e+02 5.5813800049e+02 5.5815502930e+02 5.5820697021e+02 5.5821301270e+02 5.5811102295e+02 5.5807897949e+02 5.5809002686e+02 5.5810198975e+02 5.5811700439e+02 5.5815399170e+02 5.5819500732e+02 5.5822998047e+02 5.5826501465e+02 5.5830902100e+02 5.5834197998e+02 5.5837097168e+02 5.5840899658e+02 5.5843798828e+02 5.5847698975e+02 5.5851300049e+02 5.5854302979e+02 5.5856597900e+02 5.5860302734e+02 5.5866497803e+02 5.5874902344e+02 5.5883502197e+02 5.5889599609e+02 5.5892797852e+02 5.5893597412e+02 5.5901898193e+02 5.5912799072e+02 5.5917999268e+02 5.5913702393e+02 5.5911999512e+02 5.5915197754e+02 5.5917901611e+02
5.5786602783e+02 5.5789501953e+02 5.5790997314e+02 5.5792297363e+02 5.5794702148e+02 5.5795697021e+02 5.5795599365e+02 5.5798901367e+02 5.5802301025e+02 5.5806701660e+02 5.5811401367e+02 5.5812500000e+02 5.5818402100e+02 5.5823297119e+02 5.5816302490e+02 5.5805902100e+02 5.5803900146e+02 5.5806500244e+02 5.5809802246e+02 5.5813397217e+02 5.5816601563e+02 5.5819799805e+02 5.5823999023e+02 5.5829101563e+02 5.5832098389e+02 5.5834301758e+02 5.5838702393e+02 5.5843798828e+02 5.5848101807e+02 5.5850701904e+02 5.5851800537e+02 5.5852600098e+02 5.5854901123e+02 5.5859802246e+02 5.5868103027e+02 5.5877502441e+02 5.5884399414e+02 5.5889001465e+02 5.5890600586e+02 5.5893902588e+02 5.5901501465e+02 5.5907000732e+02 5.5906597900e+02 5.5907397461e+02 5.5910797119e+02 5.5913897705e+02
5.5783398438e+02 5.5786102295e+02 5.5788299561e+02 5.5789398193e+02 5.5791601563e+02 5.5791998291e+02 5.5792297363e+02 5.5795599365e+02 5.5798400879e+02 5.5802197266e+02 5.5807000732e+02 5.5810900879e+02 5.5817199707e+02 5.5821997070e+02 5.5816497803e+02 5.5803601074e+02 5.5800897217e+02 5.5804498291e+02 5.5807501221e+02 5.5810998535e+02 5.5814599609e+02 5.5817999268e+02 5.5821600342e+02 5.5826098633e+02 5.5829498291e+02 5.5832501221e+02 5.5838598633e+02 5.5846502686e+02 5.5850897217e+02 5.5852301025e+02 5.5851599121e+02 5.5851098633e+02 5.5851800537e+02 5.5854602051e+02 5.5861297607e+02 5.5870599365e+02 5.5878497314e+02 5.5885101318e+02 5.5888800049e+02 5.5888500977e+02 5.5892797852e+02 5.5898101807e+02 5.5901098633e+02 5.5903399658e+02 5.5906500244e+02 5.5909997559e+02
