TESTSERVER/4/13.asc
NCOLS 100
NROWS 100
XLLCORNER 7.6997500000e+03
YLLCORNER 2.8930025000e+05
CELLSIZE 5.0000000000e-01
NODATA_VALUE -9.9990000000e+03
[rows 80 to 99 of 100, columns 46 to 91 of 100]
5.5680798340e+02 5.5683398438e+02 5.5684497070e+02 5.5686798096e+02 5.5689300537e+02 5.5690899658e+02 5.5693298340e+02 5.5694897461e+02 5.5696697998e+02 5.5698498535e+02 5.5700897217e+02 5.5703399658e+02 5.5705902100e+02 5.5710400391e+02 5.5713800049e+02 5.5715997314e+02 5.5718298340e+02 5.5720397949e+02 5.5722198486e+02 5.5724200439e+02 5.5725598145e+02 5.5726800537e+02 5.5727600098e+02 5.5725201416e+02 5.5723901367e+02 5.5723602295e+02 5.5725000000e+02 5.5728900146e+02 5.5732098389e+02 5.5735900879e+02 5.5740002441e+02 5.5746899414e+02 5.5752398682e+02 5.5758300781e+02 5.5765600586e+02 5.5767297363e+02 5.5770397949e+02 5.5771801758e+02 5.5772399902e+02 5.5767199707e+02 5.5765197754e+02 5.5763897705e+02 5.5762402344e+02 5.5763000488e+02 5.5767199707e+02 5.5773797607e+02
5.5678900146e+02 5.5681799316e+02 5.5683898926e+02 5.5686901855e+02 5.5689898682e+02 5.5690997314e+02 5.5693298340e+02 5.5695098877e+02 5.5696502686e+02 5.5697998047e+02 5.5700097656e+02 5.5702099609e+02 5.5703399658e+02 5.5706597900e+02 5.5709399414e+02 5.5711999512e+02 5.5714801025e+02 5.5717602539e+02 5.5720599365e+02 5.5723199463e+02 5.5725097656e+02 5.5726300049e+02 5.5726599121e+02 5.5726202393e+02 5.5726098633e+02 5.5725500488e+02 5.5725402832e+02 5.5726501465e+02 5.5728601074e+02 5.5732098389e+02 5.5737298584e+02 5.5743402100e+02 5.5749700928e+02 5.5757098389e+02 5.5764697266e+02 5.5769897461e+02 5.5773699951e+02 5.5774902344e+02 5.5771997070e+02 5.5768103027e+02 5.5765600586e+02 5.5763702393e+02 5.5762500000e+02 5.5761199951e+02 5.5762298584e+02 5.5766802979e+02
5.5678302002e+02 5.5680999756e+02 5.5683599854e+02 5.5687500000e+02 5.5690802002e+02 5.5691802979e+02 5.5693402100e+02 5.5694799805e+02 5.5696197510e+02 5.5697698975e+02 5.5699200439e+02 5.5700799561e+02 5.5701702881e+02 5.5703997803e+02 5.5706402588e+02 5.5709100342e+02 5.5711999512e+02 5.5715197754e+02 5.5718701172e+02 5.5722100830e+02 5.5725201416e+02 5.5726800537e+02 5.5726599121e+02 5.5727099609e+02 5.5727697754e+02 5.5727301025e+02 5.5726397705e+02 5.5726300049e+02 5.5727801514e+02 5.5730798340e+02 5.5735900879e+02 5.5741900635e+02 5.5747802734e+02 5.5754498291e+02 5.5763000488e+02 5.5769799805e+02 5.5773101807e+02 5.5773602295e+02 5.5769500732e+02 5.5765600586e+02 5.5763702393e+02 5.5762402344e+02 5.5762097168e+02 5.5760998535e+02 5.5761602783e+02 5.5765002441e+02
5.5676000977e+02 5.5679901123e+02 5.5683502197e+02 5.5688000488e+02 5.5691198730e+02 5.5692498779e+02 5.5693200684e+02 5.5694396973e+02 5.5695898438e+02 5.5697302246e+02 5.5698297119e+02 5.5699200439e+02 5.5700500488e+02 5.5702502441e+02 5.5704101563e+02 5.5706500244e+02 5.5709301758e+02 5.5712500000e+02 5.5716101074e+02 5.5720098877e+02 5.5724200439e+02 5.5726898193e+02 5.5726702881e+02 5.5727899170e+02 5.5728900146e+02 5.5728802490e+02 5.5727899170e+02 5.5727600098e+02 5.5728497314e+02 5.5730999756e+02 5.5735601807e+02 5.5740802002e+02 5.5746002197e+02 5.5751702881e+02 5.5759802246e+02 5.5766900635e+02 5.5769598389e+02 5.5769299316e+02 5.5764300537e+02 5.5760900879e+02 5.5759899902e+02 5.5759802246e+02 5.5760601807e+02 5.5760302734e+02 5.5761602783e+02 5.5764801025e+02
5.5671502686e+02 5.5677398682e+02 5.5683398438e+02 5.5687701416e+02 5.5691802979e+02 5.5694299316e+02 5.5695202637e+02 5.5694500732e+02 5.5695397949e+02 5.5696502686e+02 5.5696899414e+02 5.5697302246e+02 5.5698901367e+02 5.5700598145e+02 5.5701501465e+02 5.5703698730e+02 5.5706500244e+02 5.5709497070e+02 5.5712597656e+02 5.5715698242e+02 5.5720800781e+02 5.5725402832e+02 5.5725799561e+02 5.5728302002e+02 5.5729797363e+02 5.5729901123e+02 5.5729400635e+02 5.5729498291e+02 5.5730499268e+02 5.5733001709e+02 5.5737097168e+02 5.5739801025e+02 5.5742999268e+02 5.5746099854e+02 5.5748498535e+02 5.5759997559e+02 5.5763000488e+02 5.5761602783e+02 5.5752600098e+02 5.5752801514e+02 5.5753997803e+02 5.5755999756e+02 5.5758300781e+02 5.5758398438e+02 5.5760302734e+02 5.5763500977e+02
5.5669097900e+02 5.5675201416e+02 5.5682098389e+02 5.5687500000e+02 5.5691400146e+02 5.5693499756e+02 5.5694299316e+02 5.5694201660e+02 5.5694396973e+02 5.5694897461e+02 5.5695599365e+02 5.5696600342e+02 5.5697998047e+02 5.5699499512e+02 5.5700402832e+02 5.5701800537e+02 5.5704498291e+02 5.5707202148e+02 5.5708898926e+02 5.5711700439e+02 5.5716601563e+02 5.5722302246e+02 5.5724700928e+02 5.5727600098e+02 5.5728497314e+02 5.5728900146e+02 5.5728900146e+02 5.5729797363e+02 5.5731896973e+02 5.5734997559e+02 5.5737597656e+02 5.5739300537e+02 5.5740600586e+02 5.5741497803e+02 5.5743597412e+02 5.5749200439e+02 5.5751800537e+02 5.5751202393e+02 5.5747998047e+02 5.5748400879e+02 5.5749499512e+02 5.5751300049e+02 5.5754199219e+02 5.5756097412e+02 5.5759100342e+02 5.5761999512e+02
5.5664501953e+02 5.5671801758e+02 5.5679998779e+02 5.5686297607e+02 5.5689599609e+02 5.5690502930e+02 5.5690997314e+02 5.5691998291e+02 5.5693103027e+02 5.5693902588e+02 5.5694500732e+02 5.5695300293e+02 5.5695898438e+02 5.5697601318e+02 5.5698999023e+02 5.5699700928e+02 5.5701599121e+02 5.5704400635e+02 5.5706298828e+02 5.5708099365e+02 5.5711999512e+02 5.5717297363e+02 5.5721197510e+02 5.5724499512e+02 5.5725402832e+02 5.5726800537e+02 5.5728100586e+02 5.5728997803e+02 5.5731402588e+02 5.5734399414e+02 5.5736901855e+02 5.5738500977e+02 5.5739501953e+02 5.5740002441e+02 5.5740502930e+02 5.5742498779e+02 5.5744201660e+02 5.5744897461e+02 5.5745397949e+02 5.5746697998e+02 5.5746997070e+02 5.5748199463e+02 5.5751000977e+02 5.5754901123e+02 5.5759002686e+02 5.5761602783e+02
5.5656597900e+02 5.5665502930e+02 5.5675299072e+02 5.5682897949e+02 5.5686102295e+02 5.5686499023e+02 5.5686602783e+02 5.5689001465e+02 5.5691198730e+02 5.5692401123e+02 5.5692999268e+02 5.5693298340e+02 5.5693200684e+02 5.5694897461e+02 5.5696997070e+02 5.5697698975e+02 5.5699200439e+02 5.5701800537e+02 5.5703900146e+02 5.5705297852e+02 5.5708099365e+02 5.5712597656e+02 5.5716998291e+02 5.5721002197e+02 5.5722198486e+02 5.5724102783e+02 5.5726397705e+02 5.5727301025e+02 5.5729699707e+02 5.5732501221e+02 5.5734997559e+02 5.5737200928e+02 5.5738397217e+02 5.5739099121e+02 5.5739202881e+02 5.5739599609e+02 5.5740802002e+02 5.5742102051e+02 5.5743701172e+02 5.5745202637e+02 5.5745599365e+02 5.5746197510e+02 5.5748498535e+02 5.5753601074e+02 5.5758502197e+02 5.5761499023e+02
5.5644799805e+02 5.5655102539e+02 5.5666497803e+02 5.5677001953e+02 5.5681402588e+02 5.5682702637e+02 5.5684301758e+02 5.5685699463e+02 5.5687902832e+02 5.5688800049e+02 5.5689801025e+02 5.5690997314e+02 5.5690997314e+02 5.5691998291e+02 5.5693902588e+02 5.5695800781e+02 5.5697601318e+02 5.5699499512e+02 5.5701898193e+02 5.5703997803e+02 5.5705700684e+02 5.5708599854e+02 5.5712597656e+02 5.5718298340e+02 5.5719897461e+02 5.5721197510e+02 5.5723901367e+02 5.5725701904e+02 5.5728198242e+02 5.5730603027e+02 5.5732202148e+02 5.5734899902e+02 5.5736901855e+02 5.5737902832e+02 5.5738299561e+02 5.5739202881e+02 5.5739501953e+02 5.5740100098e+02 5.5740802002e+02 5.5742999268e+02 5.5744299316e+02 5.5744897461e+02 5.5746502686e+02 5.5751000977e+02 5.5755297852e+02 5.5758801270e+02
5.5632702637e+02 5.5643798828e+02 5.5657299805e+02 5.5668902588e+02 5.5674401855e+02 5.5676898193e+02 5.5679998779e+02 5.5683502197e+02 5.5684802246e+02 5.5684698486e+02 5.5685400391e+02 5.5685900879e+02 5.5686499023e+02 5.5687597656e+02 5.5689801025e+02 5.5692401123e+02 5.5694702148e+02 5.5696600342e+02 5.5698602295e+02 5.5701000977e+02 5.5703302002e+02 5.5706097412e+02 5.5707897949e+02 5.5713500977e+02 5.5716400146e+02 5.5718298340e+02 5.5720898438e+02 5.5722802734e+02 5.5725598145e+02 5.5728100586e+02 5.5730102539e+02 5.5732501221e+02 5.5734600830e+02 5.5735601807e+02 5.5736199951e+02 5.5736401367e+02 5.5735900879e+02 5.5736901855e+02 5.5739398193e+02 5.5741101074e+02 5.5742498779e+02 5.5743499756e+02 5.5744799805e+02 5.5747802734e+02 5.5750799561e+02 5.5753997803e+02
5.5621899414e+02 5.5633599854e+02 5.5648999023e+02 5.5663098145e+02 5.5669201660e+02 5.5671301270e+02 5.5673901367e+02 5.5679498291e+02 5.5681500244e+02 5.5681597900e+02 5.5681402588e+02 5.5680700684e+02 5.5682598877e+02 5.5684497070e+02 5.5685699463e+02 5.5687597656e+02 5.5690100098e+02 5.5692199707e+02 5.5694598389e+02 5.5697497559e+02 5.5700598145e+02 5.5703601074e+02 5.5703997803e+02 5.5708300781e+02 5.5711602783e+02 5.5714398193e+02 5.5717199707e+02 5.5719598389e+02 5.5722198486e+02 5.5724597168e+02 5.5727099609e+02 5.5729199219e+02 5.5731402588e+02 5.5732299805e+02 5.5732702637e+02 5.5732098389e+02 5.5732000732e+02 5.5734002686e+02 5.5737097168e+02 5.5739001465e+02 5.5740301514e+02 5.5741198730e+02 5.5742401123e+02 5.5744897461e+02 5.5747802734e+02 5.5751202393e+02
5.5612097168e+02 5.5623797607e+02 5.5641802979e+02 5.5659399414e+02 5.5665600586e+02 5.5666497803e+02 5.5667498779e+02 5.5672399902e+02 5.5674902344e+02 5.5676397705e+02 5.5677301025e+02 5.5677001953e+02 5.5679901123e+02 5.5682000732e+02 5.5682098389e+02 5.5683801270e+02 5.5686499023e+02 5.5688800049e+02 5.5691400146e+02 5.5694500732e+02 5.5697698975e+02 5.5700701904e+02 5.5701098633e+02 5.5703802490e+02 5.5706597900e+02 5.5709698486e+02 5.5712902832e+02 5.5716400146e+02 5.5719097900e+02 5.5720800781e+02 5.5722802734e+02 5.5725402832e+02 5.5728002930e+02 5.5729199219e+02 5.5729101563e+02 5.5728601074e+02 5.5729400635e+02 5.5731799316e+02 5.5734301758e+02 5.5736901855e+02 5.5738598633e+02 5.5739099121e+02 5.5739501953e+02 5.5741998291e+02 5.5745202637e+02 5.5749102783e+02
5.5602600098e+02 5.5611102295e+02 5.5629199219e+02 5.5658197021e+02 5.5664202881e+02 5.5664801025e+02 5.5663598633e+02 5.5663897705e+02 5.5667498779e+02 5.5671697998e+02 5.5674597168e+02 5.5675201416e+02 5.5677197266e+02 5.5677697754e+02 5.5677301025e+02 5.5679199219e+02 5.5682397461e+02 5.5685699463e+02 5.5688201904e+02 5.5690600586e+02 5.5693499756e+02 5.5696801758e+02 5.5698699951e+02 5.5700201416e+02 5.5702001953e+02 5.5704498291e+02 5.5707800293e+02 5.5712500000e+02 5.5715502930e+02 5.5716900635e+02 5.5718499756e+02 5.5722302246e+02 5.5725897217e+02 5.5727301025e+02 5.5726202393e+02 5.5726202393e+02 5.5727301025e+02 5.5729699707e+02 5.5731896973e+02 5.5735198975e+02 5.5737500000e+02 5.5737799072e+02 5.5736901855e+02 5.5739801025e+02 5.5743597412e+02 5.5747900391e+02
5.5597900391e+02 5.5600598145e+02 5.5609997559e+02 5.5633001709e+02 5.5649102783e+02 5.5664501953e+02 5.5666699219e+02 5.5661798096e+02 5.5664001465e+02 5.5667498779e+02 5.5670898438e+02 5.5673400879e+02 5.5675299072e+02 5.5675402832e+02 5.5675897217e+02 5.5677301025e+02 5.5679998779e+02 5.5682800293e+02 5.5684802246e+02 5.5687597656e+02 5.5691400146e+02 5.5694598389e+02 5.5696002197e+02 5.5696899414e+02 5.5697698975e+02 5.5700000000e+02 5.5703497314e+02 5.5707702637e+02 5.5710302734e+02 5.5712298584e+02 5.5715100098e+02 5.5719000244e+02 5.5722601318e+02 5.5723498535e+02 5.5722900391e+02 5.5723297119e+02 5.5723999023e+02 5.5726202393e+02 5.5728601074e+02 5.5731500244e+02 5.5733197021e+02 5.5733502197e+02 5.5734100342e+02 5.5738598633e+02 5.5743200684e+02 5.5748101807e+02
5.5596099854e+02 5.5597998047e+02 5.5597601318e+02 5.5605297852e+02 5.5622998047e+02 5.5648297119e+02 5.5665197754e+02 5.5662902832e+02 5.5662597656e+02 5.5664001465e+02 5.5665802002e+02 5.5670001221e+02 5.5673699951e+02 5.5674401855e+02 5.5674597168e+02 5.5675500488e+02 5.5678002930e+02 5.5680603027e+02 5.5682098389e+02 5.5685101318e+02 5.5689300537e+02 5.5692297363e+02 5.5693298340e+02 5.5694201660e+02 5.5694897461e+02 5.5697302246e+02 5.5700299072e+02 5.5703900146e+02 5.5705700684e+02 5.5707800293e+02 5.5711798096e+02 5.5715600586e+02 5.5718798828e+02 5.5719396973e+02 5.5719201660e+02 5.5719702148e+02 5.5720800781e+02 5.5722802734e+02 5.5724597168e+02 5.5726800537e+02 5.5728198242e+02 5.5728997803e+02 5.5731597900e+02 5.5737097168e+02 5.5742700195e+02 5.5748602295e+02
5.5594702148e+02 5.5596301270e+02 5.5595300293e+02 5.5594201660e+02 5.5601599121e+02 5.5621398926e+02 5.5647302246e+02 5.5657598877e+02 5.5662799072e+02 5.5664501953e+02 5.5664898682e+02 5.5666699219e+02 5.5670001221e+02 5.5671997070e+02 5.5672601318e+02 5.5672802734e+02 5.5675299072e+02 5.5678302002e+02 5.5680102539e+02 5.5683197021e+02 5.5687597656e+02 5.5690997314e+02 5.5692401123e+02 5.5693402100e+02 5.5693798828e+02 5.5695501709e+02 5.5697399902e+02 5.5700097656e+02 5.5701702881e+02 5.5704199219e+02 5.5708300781e+02 5.5711798096e+02 5.5715100098e+02 5.5715802002e+02 5.5715399170e+02 5.5716198730e+02 5.5717901611e+02 5.5719897461e+02 5.5721197510e+02 5.5723101807e+02 5.5724499512e+02 5.5726098633e+02 5.5729699707e+02 5.5735601807e+02 5.5741900635e+02 5.5748602295e+02
5.5592700195e+02 5.5593902588e+02 5.5594000244e+02 5.5595397949e+02 5.5594702148e+02 5.5599597168e+02 5.5612799072e+02 5.5637298584e+02 5.5657000732e+02 5.5667602539e+02 5.5668200684e+02 5.5665399170e+02 5.5665100098e+02 5.5667700195e+02 5.5669500732e+02 5.5670800781e+02 5.5672900391e+02 5.5675701904e+02 5.5679302979e+02 5.5682397461e+02 5.5685797119e+02 5.5690002441e+02 5.5694000244e+02 5.5694897461e+02 5.5694000244e+02 5.5694396973e+02 5.5695300293e+02 5.5697399902e+02 5.5699597168e+02 5.5702697754e+02 5.5705401611e+02 5.5708197021e+02 5.5711297607e+02 5.5712500000e+02 5.5712402344e+02 5.5713800049e+02 5.5715301514e+02 5.5716998291e+02 5.5718902588e+02 5.5720800781e+02 5.5722497559e+02 5.5724798584e+02 5.5728802490e+02 5.5734002686e+02 5.5740600586e+02 5.5747497559e+02
5.5591900635e+02 5.5592602539e+02 5.5592297363e+02 5.5592999268e+02 5.5594299316e+02 5.5595697021e+02 5.5599200439e+02 5.5605999756e+02 5.5627099609e+02 5.5655902100e+02 5.5671197510e+02 5.5667199707e+02 5.5662902832e+02 5.5663098145e+02 5.5665899658e+02 5.5668499756e+02 5.5671002197e+02 5.5674200439e+02 5.5677697754e+02 5.5680499268e+02 5.5683001709e+02 5.5688500977e+02 5.5695300293e+02 5.5697900391e+02 5.5695300293e+02 5.5693402100e+02 5.5694396973e+02 5.5696997070e+02 5.5698400879e+02 5.5700897217e+02 5.5702697754e+02 5.5704901123e+02 5.5707800293e+02 5.5709698486e+02 5.5710601807e+02 5.5711798096e+02 5.5712902832e+02 5.5714300537e+02 5.5716497803e+02 5.5718200684e+02 5.5719897461e+02 5.5722399902e+02 5.5726300049e+02 5.5732098389e+02 5.5738299561e+02 5.5744598389e+02
5.5590899658e+02 5.5591302490e+02 5.5591198730e+02 5.5591497803e+02 5.5592602539e+02 5.5593298340e+02 5.5594702148e+02 5.5593298340e+02 5.5598602295e+02 5.5617999268e+02 5.5650201416e+02 5.5663800049e+02 5.5665100098e+02 5.5666900635e+02 5.5668701172e+02 5.5668103027e+02 5.5669396973e+02 5.5672497559e+02 5.5675299072e+02 5.5677197266e+02 5.5680102539e+02 5.5686798096e+02 5.5694396973e+02 5.5697100830e+02 5.5694396973e+02 5.5691802979e+02 5.5692498779e+02 5.5695202637e+02 5.5696600342e+02 5.5698699951e+02 5.5700299072e+02 5.5701702881e+02 5.5704602051e+02 5.5707397461e+02 5.5709197998e+02 5.5709899902e+02 5.5711102295e+02 5.5712500000e+02 5.5714501953e+02 5.5715899658e+02 5.5717401123e+02 5.5719598389e+02 5.5723699951e+02 5.5729699707e+02 5.5735498047e+02 5.5741497803e+02
5.5589898682e+02 5.5590301514e+02 5.5590698242e+02 5.5590802002e+02 5.5591900635e+02 5.5592498779e+02 5.5594097900e+02 5.5595300293e+02 5.5592102051e+02 5.5592102051e+02 5.5611499023e+02 5.5637799072e+02 5.5653802490e+02 5.5670202637e+02 5.5676397705e+02 5.5668798828e+02 5.5667797852e+02 5.5670300293e+02 5.5672698975e+02 5.5674499512e+02 5.5677398682e+02 5.5683197021e+02 5.5688897705e+02 5.5690600586e+02 5.5689501953e+02 5.5688299561e+02 5.5689398193e+02 5.5692401123e+02 5.5694299316e+02 5.5696600342e+02 5.5698297119e+02 5.5698999023e+02 5.5701501465e+02 5.5704602051e+02 5.5707397461e+02 5.5708398438e+02 5.5709698486e+02 5.5711297607e+02 5.5713000488e+02 5.5714099121e+02 5.5715399170e+02 5.5717401123e+02 5.5721398926e+02 5.5727301025e+02 5.5733001709e+02 5.5738500977e+02
