TESTSERVER/4/14.asc
NCOLS 100
NROWS 100
XLLCORNER 7.6997500000e+03
YLLCORNER 2.8925025000e+05
CELLSIZE 5.0000000000e-01
NODATA_VALUE -9.9990000000e+03
[rows 80 to 99 of 100, columns 46 to 91 of 100]
5.5257598877e+02 5.5261602783e+02 5.5268499756e+02 5.5272900391e+02 5.5278802490e+02 5.5285699463e+02 5.5288397217e+02 5.5289001465e+02 5.5291900635e+02 5.5295599365e+02 5.5300201416e+02 5.5306402588e+02 5.5311102295e+02 5.5313500977e+02 5.5316900635e+02 5.5317901611e+02 5.5320202637e+02 5.5322900391e+02 5.5324798584e+02 5.5319500732e+02 5.5315002441e+02 5.5310601807e+02 5.5306500244e+02 5.5308001709e+02 5.5308398438e+02 5.5307897949e+02 5.5307000732e+02 5.5308697510e+02 5.5311798096e+02 5.5315698242e+02 5.5319799805e+02 5.5322198486e+02 5.5324597168e+02 5.5326300049e+02 5.5326098633e+02 5.5326202393e+02 5.5331201172e+02 5.5339599609e+02 5.5344500732e+02 5.5347497559e+02 5.5348498535e+02 5.5350500488e+02 5.5355297852e+02 5.5359899902e+02 5.5363598633e+02 5.5368499756e+02
5.5262799072e+02 5.5267602539e+02 5.5272802734e+02 5.5276702881e+02 5.5281097412e+02 5.5287298584e+02 5.5290100098e+02 5.5291699219e+02 5.5296099854e+02 5.5300799561e+02 5.5306799316e+02 5.5313897705e+02 5.5314202881e+02 5.5311102295e+02 5.5309600830e+02 5.5309399414e+02 5.5307897949e+02 5.5306799316e+02 5.5306799316e+02 5.5302697754e+02 5.5300201416e+02 5.5298297119e+02 5.5299499512e+02 5.5301098633e+02 5.5301501465e+02 5.5302899170e+02 5.5302801514e+02 5.5303497314e+02 5.5306701660e+02 5.5311401367e+02 5.5315899658e+02 5.5317999268e+02 5.5320397949e+02 5.5321801758e+02 5.5321197510e+02 5.5317297363e+02 5.5317999268e+02 5.5323999023e+02 5.5328497314e+02 5.5331097412e+02 5.5332397461e+02 5.5333599854e+02 5.5337200928e+02 5.5341601563e+02 5.5345397949e+02 5.5349200439e+02
5.5266302490e+02 5.5270397949e+02 5.5274700928e+02 5.5279998779e+02 5.5284301758e+02 5.5290002441e+02 5.5294702148e+02 5.5297399902e+02 5.5299798584e+02 5.5300598145e+02 5.5302197266e+02 5.5304602051e+02 5.5300402832e+02 5.5295202637e+02 5.5294702148e+02 5.5296398926e+02 5.5295202637e+02 5.5293597412e+02 5.5293902588e+02 5.5293597412e+02 5.5293798828e+02 5.5293597412e+02 5.5296099854e+02 5.5297802734e+02 5.5297900391e+02 5.5298999023e+02 5.5298602295e+02 5.5299597168e+02 5.5303100586e+02 5.5307598877e+02 5.5310900879e+02 5.5311798096e+02 5.5314300537e+02 5.5316802979e+02 5.5316900635e+02 5.5311700439e+02 5.5310998535e+02 5.5314801025e+02 5.5316601563e+02 5.5317602539e+02 5.5318798828e+02 5.5319201660e+02 5.5321099854e+02 5.5324700928e+02 5.5327697754e+02 5.5330700684e+02
5.5271002197e+02 5.5276898193e+02 5.5281896973e+02 5.5288598633e+02 5.5291101074e+02 5.5293402100e+02 5.5295397949e+02 5.5294299316e+02 5.5292901611e+02 5.5290100098e+02 5.5289599609e+02 5.5289300537e+02 5.5285198975e+02 5.5282897949e+02 5.5285400391e+02 5.5289202881e+02 5.5289599609e+02 5.5288702393e+02 5.5289099121e+02 5.5289801025e+02 5.5290997314e+02 5.5290997314e+02 5.5292102051e+02 5.5293103027e+02 5.5293298340e+02 5.5294000244e+02 5.5293597412e+02 5.5295599365e+02 5.5298797607e+02 5.5302001953e+02 5.5303100586e+02 5.5302301025e+02 5.5305200195e+02 5.5309698486e+02 5.5313098145e+02 5.5310699463e+02 5.5309399414e+02 5.5309802246e+02 5.5307897949e+02 5.5307202148e+02 5.5307800293e+02 5.5308099365e+02 5.5309301758e+02 5.5311999512e+02 5.5314099121e+02 5.5316198730e+02
5.5277697754e+02 5.5286199951e+02 5.5288598633e+02 5.5289398193e+02 5.5286798096e+02 5.5284002686e+02 5.5283898926e+02 5.5282702637e+02 5.5282897949e+02 5.5283502197e+02 5.5284399414e+02 5.5282897949e+02 5.5280200195e+02 5.5280798340e+02 5.5283398438e+02 5.5286401367e+02 5.5287298584e+02 5.5286700439e+02 5.5286102295e+02 5.5286297607e+02 5.5287902832e+02 5.5288201904e+02 5.5288397217e+02 5.5288201904e+02 5.5289099121e+02 5.5290502930e+02 5.5290301514e+02 5.5291699219e+02 5.5293402100e+02 5.5294097900e+02 5.5292498779e+02 5.5291302490e+02 5.5294097900e+02 5.5300097656e+02 5.5306597900e+02 5.5309600830e+02 5.5307598877e+02 5.5303399658e+02 5.5298199463e+02 5.5296997070e+02 5.5296899414e+02 5.5298101807e+02 5.5300097656e+02 5.5302398682e+02 5.5304699707e+02 5.5306701660e+02
5.5274597168e+02 5.5279498291e+02 5.5277899170e+02 5.5275000000e+02 5.5273999023e+02 5.5273400879e+02 5.5276898193e+02 5.5278399658e+02 5.5280902100e+02 5.5282501221e+02 5.5281896973e+02 5.5280297852e+02 5.5278198242e+02 5.5279302979e+02 5.5279998779e+02 5.5280999756e+02 5.5282702637e+02 5.5283300781e+02 5.5283398438e+02 5.5283300781e+02 5.5284497070e+02 5.5285601807e+02 5.5286102295e+02 5.5285699463e+02 5.5286901855e+02 5.5287597656e+02 5.5287701416e+02 5.5288299561e+02 5.5288500977e+02 5.5288500977e+02 5.5288201904e+02 5.5286999512e+02 5.5288000488e+02 5.5291302490e+02 5.5295202637e+02 5.5299102783e+02 5.5300000000e+02 5.5296899414e+02 5.5291198730e+02 5.5288897705e+02 5.5287799072e+02 5.5288397217e+02 5.5291101074e+02 5.5294396973e+02 5.5297802734e+02 5.5300299072e+02
5.5267999268e+02 5.5269897461e+02 5.5270001221e+02 5.5271899414e+02 5.5272698975e+02 5.5272900391e+02 5.5276599121e+02 5.5277801514e+02 5.5278198242e+02 5.5278100586e+02 5.5277197266e+02 5.5276202393e+02 5.5276397705e+02 5.5278601074e+02 5.5279199219e+02 5.5279302979e+02 5.5280603027e+02 5.5281799316e+02 5.5282800293e+02 5.5283502197e+02 5.5283099365e+02 5.5283099365e+02 5.5283801270e+02 5.5283898926e+02 5.5284997559e+02 5.5284899902e+02 5.5284497070e+02 5.5284899902e+02 5.5284698486e+02 5.5285101318e+02 5.5285998535e+02 5.5286700439e+02 5.5287500000e+02 5.5288598633e+02 5.5290197754e+02 5.5291400146e+02 5.5291900635e+02 5.5289300537e+02 5.5284301758e+02 5.5282702637e+02 5.5281298828e+02 5.5280902100e+02 5.5283801270e+02 5.5288702393e+02 5.5293103027e+02 5.5296301270e+02
5.5266101074e+02 5.5266400146e+02 5.5268298340e+02 5.5271997070e+02 5.5272698975e+02 5.5273400879e+02 5.5277099609e+02 5.5276098633e+02 5.5274700928e+02 5.5274700928e+02 5.5274401855e+02 5.5274798584e+02 5.5276501465e+02 5.5278302002e+02 5.5278900146e+02 5.5279199219e+02 5.5280297852e+02 5.5281597900e+02 5.5284997559e+02 5.5288598633e+02 5.5284600830e+02 5.5281701660e+02 5.5282800293e+02 5.5283001709e+02 5.5283697510e+02 5.5282800293e+02 5.5281597900e+02 5.5281799316e+02 5.5281402588e+02 5.5281402588e+02 5.5282397461e+02 5.5286199951e+02 5.5288000488e+02 5.5288000488e+02 5.5287500000e+02 5.5285601807e+02 5.5285101318e+02 5.5283099365e+02 5.5279400635e+02 5.5278997803e+02 5.5277197266e+02 5.5275897217e+02 5.5278399658e+02 5.5284399414e+02 5.5289898682e+02 5.5293902588e+02
5.5268200684e+02 5.5267602539e+02 5.5269000244e+02 5.5271697998e+02 5.5271899414e+02 5.5272601318e+02 5.5275799561e+02 5.5274700928e+02 5.5274298096e+02 5.5275897217e+02 5.5276599121e+02 5.5277001953e+02 5.5278302002e+02 5.5278302002e+02 5.5278497314e+02 5.5279901123e+02 5.5280999756e+02 5.5282000732e+02 5.5285699463e+02 5.5289300537e+02 5.5284600830e+02 5.5281097412e+02 5.5282299805e+02 5.5282098389e+02 5.5281701660e+02 5.5280700684e+02 5.5279199219e+02 5.5278802490e+02 5.5278302002e+02 5.5277001953e+02 5.5275402832e+02 5.5282501221e+02 5.5286297607e+02 5.5285198975e+02 5.5280902100e+02 5.5280102539e+02 5.5281799316e+02 5.5282501221e+02 5.5279101563e+02 5.5276800537e+02 5.5274597168e+02 5.5273199463e+02 5.5274597168e+02 5.5280700684e+02 5.5287097168e+02 5.5290899658e+02
5.5270001221e+02 5.5268798828e+02 5.5269799805e+02 5.5272900391e+02 5.5273297119e+02 5.5273400879e+02 5.5275402832e+02 5.5275201416e+02 5.5274499512e+02 5.5274499512e+02 5.5274798584e+02 5.5276898193e+02 5.5278497314e+02 5.5278399658e+02 5.5278698730e+02 5.5280902100e+02 5.5281701660e+02 5.5281201172e+02 5.5282397461e+02 5.5283398438e+02 5.5282202148e+02 5.5281097412e+02 5.5281500244e+02 5.5281201172e+02 5.5279998779e+02 5.5278497314e+02 5.5277697754e+02 5.5276702881e+02 5.5274798584e+02 5.5272802734e+02 5.5270202637e+02 5.5273199463e+02 5.5277099609e+02 5.5276098633e+02 5.5272698975e+02 5.5274700928e+02 5.5278399658e+02 5.5281701660e+02 5.5278601074e+02 5.5273999023e+02 5.5271398926e+02 5.5270599365e+02 5.5272198486e+02 5.5276202393e+02 5.5280102539e+02 5.5281500244e+02
5.5271600342e+02 5.5270001221e+02 5.5270001221e+02 5.5272302246e+02 5.5273400879e+02 5.5273699951e+02 5.5275201416e+02 5.5276599121e+02 5.5275799561e+02 5.5273999023e+02 5.5273797607e+02 5.5276098633e+02 5.5277801514e+02 5.5278002930e+02 5.5278198242e+02 5.5279400635e+02 5.5279498291e+02 5.5279101563e+02 5.5279498291e+02 5.5280102539e+02 5.5280902100e+02 5.5280798340e+02 5.5280297852e+02 5.5279901123e+02 5.5278601074e+02 5.5276397705e+02 5.5275500488e+02 5.5274798584e+02 5.5271801758e+02 5.5269097900e+02 5.5265600586e+02 5.5263598633e+02 5.5264099121e+02 5.5264300537e+02 5.5264599609e+02 5.5267797852e+02 5.5270202637e+02 5.5272802734e+02 5.5271801758e+02 5.5268402100e+02 5.5266601563e+02 5.5266400146e+02 5.5267401123e+02 5.5267999268e+02 5.5269299316e+02 5.5269500732e+02
5.5272698975e+02 5.5271099854e+02 5.5270599365e+02 5.5271301270e+02 5.5271997070e+02 5.5272100830e+02 5.5272802734e+02 5.5275097656e+02 5.5275799561e+02 5.5274902344e+02 5.5274798584e+02 5.5276501465e+02 5.5277301025e+02 5.5277502441e+02 5.5278002930e+02 5.5277301025e+02 5.5276898193e+02 5.5277001953e+02 5.5278302002e+02 5.5278997803e+02 5.5280102539e+02 5.5280297852e+02 5.5279302979e+02 5.5278302002e+02 5.5276898193e+02 5.5274499512e+02 5.5273199463e+02 5.5271899414e+02 5.5268902588e+02 5.5265698242e+02 5.5261901855e+02 5.5259399414e+02 5.5258197021e+02 5.5257800293e+02 5.5257202148e+02 5.5258300781e+02 5.5257897949e+02 5.5258599854e+02 5.5259802246e+02 5.5259002686e+02 5.5258099365e+02 5.5258300781e+02 5.5259301758e+02 5.5258898926e+02 5.5259301758e+02 5.5259698486e+02
5.5272802734e+02 5.5271899414e+02 5.5271502686e+02 5.5270501709e+02 5.5270501709e+02 5.5270501709e+02 5.5270300293e+02 5.5272198486e+02 5.5273498535e+02 5.5274298096e+02 5.5275000000e+02 5.5276000977e+02 5.5277001953e+02 5.5276898193e+02 5.5277001953e+02 5.5276501465e+02 5.5276397705e+02 5.5276599121e+02 5.5277600098e+02 5.5276300049e+02 5.5277099609e+02 5.5278198242e+02 5.5278302002e+02 5.5277099609e+02 5.5275097656e+02 5.5273602295e+02 5.5271899414e+02 5.5268798828e+02 5.5266699219e+02 5.5263800049e+02 5.5259100342e+02 5.5256597900e+02 5.5256201172e+02 5.5255297852e+02 5.5252502441e+02 5.5250000000e+02 5.5247998047e+02 5.5247198486e+02 5.5246801758e+02 5.5247601318e+02 5.5247100830e+02 5.5247399902e+02 5.5249700928e+02 5.5251599121e+02 5.5252801514e+02 5.5254400635e+02
5.5272302246e+02 5.5272100830e+02 5.5271997070e+02 5.5272100830e+02 5.5273602295e+02 5.5275299072e+02 5.5275000000e+02 5.5277600098e+02 5.5277600098e+02 5.5275598145e+02 5.5275000000e+02 5.5276000977e+02 5.5276098633e+02 5.5275500488e+02 5.5274700928e+02 5.5275598145e+02 5.5277398682e+02 5.5277899170e+02 5.5278002930e+02 5.5275598145e+02 5.5276898193e+02 5.5278100586e+02 5.5277398682e+02 5.5276599121e+02 5.5273999023e+02 5.5272100830e+02 5.5270397949e+02 5.5266802979e+02 5.5264801025e+02 5.5262097168e+02 5.5257397461e+02 5.5253698730e+02 5.5252301025e+02 5.5251098633e+02 5.5248699951e+02 5.5245898438e+02 5.5244299316e+02 5.5243902588e+02 5.5243402100e+02 5.5242901611e+02 5.5241802979e+02 5.5242602539e+02 5.5245800781e+02 5.5247601318e+02 5.5248797607e+02 5.5250799561e+02
5.5271997070e+02 5.5271801758e+02 5.5271997070e+02 5.5272802734e+02 5.5275402832e+02 5.5278802490e+02 5.5279699707e+02 5.5283697510e+02 5.5283398438e+02 5.5280499268e+02 5.5277099609e+02 5.5276000977e+02 5.5275000000e+02 5.5274902344e+02 5.5275701904e+02 5.5276898193e+02 5.5278698730e+02 5.5278497314e+02 5.5277899170e+02 5.5275701904e+02 5.5276098633e+02 5.5276599121e+02 5.5275701904e+02 5.5275500488e+02 5.5272601318e+02 5.5269097900e+02 5.5267602539e+02 5.5264501953e+02 5.5262097168e+02 5.5259197998e+02 5.5254602051e+02 5.5251000977e+02 5.5249700928e+02 5.5247802734e+02 5.5245098877e+02 5.5241998291e+02 5.5240600586e+02 5.5240600586e+02 5.5240197754e+02 5.5239599609e+02 5.5238897705e+02 5.5240100098e+02 5.5242700195e+02 5.5244201660e+02 5.5245599365e+02 5.5247302246e+02
5.5271197510e+02 5.5271099854e+02 5.5271502686e+02 5.5272100830e+02 5.5274499512e+02 5.5278399658e+02 5.5282000732e+02 5.5287402344e+02 5.5285900879e+02 5.5284197998e+02 5.5279302979e+02 5.5276702881e+02 5.5275897217e+02 5.5276300049e+02 5.5277001953e+02 5.5277197266e+02 5.5278399658e+02 5.5277899170e+02 5.5277001953e+02 5.5275097656e+02 5.5274798584e+02 5.5274902344e+02 5.5273999023e+02 5.5273400879e+02 5.5271002197e+02 5.5267297363e+02 5.5265100098e+02 5.5261700439e+02 5.5259197998e+02 5.5256597900e+02 5.5252197266e+02 5.5248199463e+02 5.5246801758e+02 5.5244201660e+02 5.5240997314e+02 5.5238201904e+02 5.5237200928e+02 5.5236999512e+02 5.5235498047e+02 5.5234698486e+02 5.5235302734e+02 5.5237298584e+02 5.5239398193e+02 5.5241400146e+02 5.5242999268e+02 5.5244598389e+02
5.5270300293e+02 5.5270599365e+02 5.5271197510e+02 5.5271099854e+02 5.5272100830e+02 5.5274298096e+02 5.5277001953e+02 5.5282598877e+02 5.5282897949e+02 5.5283099365e+02 5.5280499268e+02 5.5277197266e+02 5.5277600098e+02 5.5278100586e+02 5.5277301025e+02 5.5276599121e+02 5.5277697754e+02 5.5277502441e+02 5.5277197266e+02 5.5276800537e+02 5.5275799561e+02 5.5275097656e+02 5.5273199463e+02 5.5271099854e+02 5.5269702148e+02 5.5267401123e+02 5.5263800049e+02 5.5259197998e+02 5.5256201172e+02 5.5254400635e+02 5.5249798584e+02 5.5245300293e+02 5.5243103027e+02 5.5240600586e+02 5.5236999512e+02 5.5234301758e+02 5.5233697510e+02 5.5233099365e+02 5.5230499268e+02 5.5230401611e+02 5.5232202148e+02 5.5234600830e+02 5.5236297607e+02 5.5238397217e+02 5.5240600586e+02 5.5242297363e+02
5.5269000244e+02 5.5269799805e+02 5.5270397949e+02 5.5270599365e+02 5.5271801758e+02 5.5273400879e+02 5.5274798584e+02 5.5277099609e+02 5.5279498291e+02 5.5280401611e+02 5.5279602051e+02 5.5277899170e+02 5.5277899170e+02 5.5277600098e+02 5.5277600098e+02 5.5276898193e+02 5.5276702881e+02 5.5276300049e+02 5.5276501465e+02 5.5275701904e+02 5.5273797607e+02 5.5272802734e+02 5.5271099854e+02 5.5271002197e+02 5.5270300293e+02 5.5267297363e+02 5.5264501953e+02 5.5258502197e+02 5.5253198242e+02 5.5249298096e+02 5.5244299316e+02 5.5240802002e+02 5.5238800049e+02 5.5237298584e+02 5.5233898926e+02 5.5229901123e+02 5.5228100586e+02 5.5227697754e+02 5.5227398682e+02 5.5227801514e+02 5.5228698730e+02 5.5230401611e+02 5.5232800293e+02 5.5235400391e+02 5.5237597656e+02 5.5239398193e+02
5.5266900635e+02 5.5267700195e+02 5.5268902588e+02 5.5269702148e+02 5.5271002197e+02 5.5272601318e+02 5.5273699951e+02 5.5275500488e+02 5.5278002930e+02 5.5279199219e+02 5.5278601074e+02 5.5278302002e+02 5.5278198242e+02 5.5277398682e+02 5.5277197266e+02 5.5276599121e+02 5.5277001953e+02 5.5276098633e+02 5.5274902344e+02 5.5273199463e+02 5.5272698975e+02 5.5274499512e+02 5.5274700928e+02 5.5276098633e+02 5.5276202393e+02 5.5272998047e+02 5.5269897461e+02 5.5263500977e+02 5.5255499268e+02 5.5247399902e+02 5.5239398193e+02 5.5235900879e+02 5.5233801270e+02 5.5231597900e+02 5.5228002930e+02 5.5224298096e+02 5.5222399902e+02 5.5222698975e+02 5.5223797607e+02 5.5225000000e+02 5.5225299072e+02 5.5226501465e+02 5.5229302979e+02 5.5232397461e+02 5.5233898926e+02 5.5234698486e+02
5.5263897705e+02 5.5264697266e+02 5.5266302490e+02 5.5267797852e+02 5.5269299316e+02 5.5271099854e+02 5.5273199463e+02 5.5276098633e+02 5.5278497314e+02 5.5279400635e+02 5.5278698730e+02 5.5279101563e+02 5.5278198242e+02 5.5277398682e+02 5.5277001953e+02 5.5275799561e+02 5.5276898193e+02 5.5275701904e+02 5.5274499512e+02 5.5273602295e+02 5.5275299072e+02 5.5279901123e+02 5.5281097412e+02 5.5280700684e+02 5.5280798340e+02 5.5277099609e+02 5.5272497559e+02 5.5267999268e+02 5.5260998535e+02 5.5250097656e+02 5.5236297607e+02 5.5228399658e+02 5.5225598145e+02 5.5223498535e+02 5.5220202637e+02 5.5217602539e+02 5.5217498779e+02 5.5218902588e+02 5.5218902588e+02 5.5220397949e+02 5.5221398926e+02 5.5223602295e+02 5.5227001953e+02 5.5229302979e+02 5.5228698730e+02 5.5227001953e+02
