TESTSERVER/4/14.asc
NCOLS 100
NROWS 100
XLLCORNER 7.6997500000e+03
YLLCORNER 2.8925025000e+05
CELLSIZE 5.0000000000e-01
NODATA_VALUE -9.9990000000e+03
[rows 20 to 39 of 100, columns 46 to 91 of 100]
5.5509899902e+02 5.5521997070e+02 5.5535101318e+02 5.5553497314e+02 5.5561102295e+02 5.5565301514e+02 5.5559997559e+02 5.5551898193e+02 5.5547100830e+02 5.5542999268e+02 5.5542999268e+02 5.5537298584e+02 5.5527099609e+02 5.5516802979e+02 5.5509698486e+02 5.5515502930e+02 5.5518597412e+02 5.5523999023e+02 5.5532702637e+02 5.5545300293e+02 5.5556896973e+02 5.5563598633e+02 5.5565899658e+02 5.5567602539e+02 5.5567401123e+02 5.5566198730e+02 5.5565502930e+02 5.5566497803e+02 5.5566900635e+02 5.5567602539e+02 5.5568597412e+02 5.5568597412e+02 5.5568200684e+02 5.5567199707e+02 5.5566400146e+02 5.5567102051e+02 5.5565698242e+02 5.5564202881e+02 5.5564001465e+02 5.5566601563e+02 5.5579901123e+02 5.5601702881e+02 5.5631298828e+02 5.5666699219e+02 5.5683697510e+02 5.5688702393e+02
5.5506701660e+02 5.5516601563e+02 5.5527899170e+02 5.5536999512e+02 5.5543701172e+02 5.5548999023e+02 5.5551800537e+02 5.5550598145e+02 5.5550000000e+02 5.5548498535e+02 5.5551300049e+02 5.5550701904e+02 5.5539398193e+02 5.5525897217e+02 5.5513500977e+02 5.5512902832e+02 5.5515802002e+02 5.5517901611e+02 5.5521502686e+02 5.5528802490e+02 5.5539599609e+02 5.5550897217e+02 5.5559301758e+02 5.5564801025e+02 5.5566497803e+02 5.5566302490e+02 5.5565301514e+02 5.5565502930e+02 5.5565502930e+02 5.5565698242e+02 5.5566601563e+02 5.5566998291e+02 5.5566900635e+02 5.5566101074e+02 5.5564599609e+02 5.5563897705e+02 5.5563098145e+02 5.5562500000e+02 5.5561499023e+02 5.5557897949e+02 5.5557800293e+02 5.5567199707e+02 5.5591497803e+02 5.5633099365e+02 5.5670202637e+02 5.5689599609e+02
5.5502899170e+02 5.5512402344e+02 5.5521398926e+02 5.5528002930e+02 5.5534100342e+02 5.5538897705e+02 5.5544097900e+02 5.5547802734e+02 5.5549401855e+02 5.5550201416e+02 5.5556402588e+02 5.5557897949e+02 5.5546502686e+02 5.5531799316e+02 5.5518298340e+02 5.5511700439e+02 5.5511901855e+02 5.5513000488e+02 5.5515301514e+02 5.5519000244e+02 5.5526599121e+02 5.5537902832e+02 5.5549298096e+02 5.5557098389e+02 5.5561199951e+02 5.5563897705e+02 5.5564599609e+02 5.5564801025e+02 5.5564202881e+02 5.5563397217e+02 5.5563897705e+02 5.5564599609e+02 5.5564697266e+02 5.5564202881e+02 5.5563299561e+02 5.5562500000e+02 5.5561602783e+02 5.5560900879e+02 5.5561401367e+02 5.5558502197e+02 5.5553900146e+02 5.5554498291e+02 5.5564300537e+02 5.5590301514e+02 5.5633300781e+02 5.5669702148e+02
5.5498498535e+02 5.5507397461e+02 5.5515197754e+02 5.5520599365e+02 5.5526202393e+02 5.5530603027e+02 5.5536700439e+02 5.5543499756e+02 5.5547100830e+02 5.5550000000e+02 5.5557000732e+02 5.5557702637e+02 5.5546301270e+02 5.5531402588e+02 5.5518597412e+02 5.5508300781e+02 5.5507202148e+02 5.5509600830e+02 5.5513000488e+02 5.5515197754e+02 5.5519396973e+02 5.5527398682e+02 5.5537097168e+02 5.5545001221e+02 5.5551202393e+02 5.5557501221e+02 5.5562200928e+02 5.5565100098e+02 5.5564697266e+02 5.5562701416e+02 5.5561297607e+02 5.5561798096e+02 5.5562097168e+02 5.5561901855e+02 5.5561499023e+02 5.5560900879e+02 5.5560101318e+02 5.5559698486e+02 5.5560797119e+02 5.5560198975e+02 5.5555798340e+02 5.5553002930e+02 5.5553997803e+02 5.5556701660e+02 5.5584197998e+02 5.5620300293e+02
5.5493103027e+02 5.5501000977e+02 5.5509100342e+02 5.5515600586e+02 5.5521301270e+02 5.5526202393e+02 5.5532299805e+02 5.5536401367e+02 5.5540802002e+02 5.5544799805e+02 5.5546002197e+02 5.5546301270e+02 5.5536798096e+02 5.5525000000e+02 5.5514599609e+02 5.5505798340e+02 5.5505401611e+02 5.5507598877e+02 5.5510699463e+02 5.5513000488e+02 5.5514898682e+02 5.5519500732e+02 5.5525701904e+02 5.5532000732e+02 5.5539599609e+02 5.5548498535e+02 5.5555700684e+02 5.5563201904e+02 5.5565502930e+02 5.5563500977e+02 5.5559802246e+02 5.5559497070e+02 5.5559600830e+02 5.5559600830e+02 5.5559497070e+02 5.5558398438e+02 5.5558197021e+02 5.5558697510e+02 5.5558898926e+02 5.5557800293e+02 5.5555798340e+02 5.5554101563e+02 5.5553802490e+02 5.5548602295e+02 5.5549200439e+02 5.5560400391e+02
5.5486901855e+02 5.5494097900e+02 5.5502099609e+02 5.5509197998e+02 5.5515197754e+02 5.5520800781e+02 5.5525201416e+02 5.5528302002e+02 5.5531500244e+02 5.5534002686e+02 5.5536401367e+02 5.5533001709e+02 5.5526397705e+02 5.5518402100e+02 5.5509399414e+02 5.5503997803e+02 5.5503601074e+02 5.5506201172e+02 5.5509899902e+02 5.5510998535e+02 5.5511999512e+02 5.5515399170e+02 5.5520001221e+02 5.5524401855e+02 5.5530902100e+02 5.5539202881e+02 5.5547900391e+02 5.5556500244e+02 5.5561798096e+02 5.5562902832e+02 5.5559802246e+02 5.5558197021e+02 5.5557501221e+02 5.5557598877e+02 5.5557202148e+02 5.5556097412e+02 5.5556298828e+02 5.5557202148e+02 5.5556799316e+02 5.5554602051e+02 5.5553399658e+02 5.5552801514e+02 5.5551800537e+02 5.5550402832e+02 5.5547601318e+02 5.5545501709e+02
5.5480902100e+02 5.5487902832e+02 5.5495098877e+02 5.5501599121e+02 5.5507397461e+02 5.5512902832e+02 5.5517797852e+02 5.5521002197e+02 5.5523699951e+02 5.5525402832e+02 5.5526397705e+02 5.5522998047e+02 5.5517797852e+02 5.5511499023e+02 5.5504797363e+02 5.5501397705e+02 5.5501702881e+02 5.5504400635e+02 5.5507800293e+02 5.5508898926e+02 5.5511499023e+02 5.5514697266e+02 5.5517602539e+02 5.5520898438e+02 5.5525500488e+02 5.5531896973e+02 5.5539099121e+02 5.5547698975e+02 5.5554998779e+02 5.5559197998e+02 5.5558801270e+02 5.5556597900e+02 5.5555603027e+02 5.5555499268e+02 5.5554901123e+02 5.5553900146e+02 5.5553997803e+02 5.5554400635e+02 5.5553601074e+02 5.5551800537e+02 5.5551000977e+02 5.5550598145e+02 5.5549499512e+02 5.5549200439e+02 5.5547601318e+02 5.5544299316e+02
5.5474700928e+02 5.5481402588e+02 5.5488000488e+02 5.5494000244e+02 5.5499700928e+02 5.5504998779e+02 5.5510101318e+02 5.5513098145e+02 5.5515100098e+02 5.5516302490e+02 5.5516101074e+02 5.5513000488e+02 5.5509100342e+02 5.5504400635e+02 5.5500097656e+02 5.5498498535e+02 5.5498699951e+02 5.5500897217e+02 5.5503601074e+02 5.5505999756e+02 5.5510900879e+02 5.5514801025e+02 5.5516802979e+02 5.5519598389e+02 5.5523199463e+02 5.5527899170e+02 5.5532897949e+02 5.5540301514e+02 5.5548199463e+02 5.5554101563e+02 5.5556201172e+02 5.5555297852e+02 5.5554901123e+02 5.5554699707e+02 5.5553497314e+02 5.5551800537e+02 5.5551501465e+02 5.5551702881e+02 5.5551397705e+02 5.5550000000e+02 5.5549298096e+02 5.5548901367e+02 5.5547497559e+02 5.5546398926e+02 5.5545300293e+02 5.5543597412e+02
5.5467901611e+02 5.5473901367e+02 5.5479602051e+02 5.5486499023e+02 5.5491998291e+02 5.5496997070e+02 5.5501000977e+02 5.5503900146e+02 5.5505200195e+02 5.5505499268e+02 5.5503198242e+02 5.5502001953e+02 5.5499298096e+02 5.5496697998e+02 5.5494702148e+02 5.5493798828e+02 5.5494097900e+02 5.5496099854e+02 5.5499401855e+02 5.5502697754e+02 5.5507598877e+02 5.5511602783e+02 5.5514697266e+02 5.5517999268e+02 5.5522497559e+02 5.5526898193e+02 5.5530102539e+02 5.5536102295e+02 5.5542297363e+02 5.5547399902e+02 5.5549700928e+02 5.5553497314e+02 5.5556097412e+02 5.5556799316e+02 5.5554199219e+02 5.5550201416e+02 5.5548901367e+02 5.5550097656e+02 5.5552197266e+02 5.5550000000e+02 5.5548699951e+02 5.5548297119e+02 5.5547399902e+02 5.5545001221e+02 5.5542498779e+02 5.5540899658e+02
5.5460900879e+02 5.5466400146e+02 5.5472698975e+02 5.5479101563e+02 5.5484100342e+02 5.5488598633e+02 5.5492602539e+02 5.5494897461e+02 5.5496002197e+02 5.5496099854e+02 5.5494500732e+02 5.5491601563e+02 5.5489599609e+02 5.5488201904e+02 5.5487298584e+02 5.5487200928e+02 5.5489001465e+02 5.5491699219e+02 5.5494799805e+02 5.5498199463e+02 5.5503100586e+02 5.5507897949e+02 5.5512597656e+02 5.5517199707e+02 5.5522998047e+02 5.5527697754e+02 5.5530798340e+02 5.5536602783e+02 5.5541601563e+02 5.5545397949e+02 5.5548297119e+02 5.5552697754e+02 5.5557397461e+02 5.5559197998e+02 5.5557098389e+02 5.5552099609e+02 5.5548297119e+02 5.5547399902e+02 5.5548101807e+02 5.5547601318e+02 5.5546997070e+02 5.5546697998e+02 5.5546002197e+02 5.5544396973e+02 5.5541900635e+02 5.5539398193e+02
5.5454901123e+02 5.5460198975e+02 5.5466101074e+02 5.5471899414e+02 5.5476599121e+02 5.5480700684e+02 5.5484497070e+02 5.5486999512e+02 5.5488098145e+02 5.5488397217e+02 5.5486401367e+02 5.5483599854e+02 5.5482000732e+02 5.5480999756e+02 5.5480499268e+02 5.5481402588e+02 5.5484100342e+02 5.5487200928e+02 5.5489801025e+02 5.5492999268e+02 5.5497900391e+02 5.5503100586e+02 5.5508697510e+02 5.5513897705e+02 5.5521099854e+02 5.5527301025e+02 5.5531097412e+02 5.5536999512e+02 5.5542102051e+02 5.5545800781e+02 5.5548498535e+02 5.5553100586e+02 5.5557202148e+02 5.5558502197e+02 5.5556799316e+02 5.5553399658e+02 5.5550097656e+02 5.5547198486e+02 5.5544897461e+02 5.5545098877e+02 5.5545098877e+02 5.5544500732e+02 5.5542901611e+02 5.5542498779e+02 5.5540698242e+02 5.5538000488e+02
5.5449298096e+02 5.5454302979e+02 5.5459698486e+02 5.5465002441e+02 5.5469396973e+02 5.5473297119e+02 5.5476898193e+02 5.5479400635e+02 5.5480700684e+02 5.5481097412e+02 5.5479302979e+02 5.5476702881e+02 5.5475500488e+02 5.5474700928e+02 5.5474499512e+02 5.5476397705e+02 5.5479699707e+02 5.5482897949e+02 5.5485198975e+02 5.5488299561e+02 5.5492602539e+02 5.5497601318e+02 5.5502197266e+02 5.5506500244e+02 5.5515100098e+02 5.5523699951e+02 5.5529498291e+02 5.5536499023e+02 5.5542602539e+02 5.5546899414e+02 5.5549798584e+02 5.5553497314e+02 5.5556097412e+02 5.5556298828e+02 5.5554498291e+02 5.5553100586e+02 5.5552301025e+02 5.5549798584e+02 5.5545202637e+02 5.5543200684e+02 5.5542602539e+02 5.5542102051e+02 5.5540197754e+02 5.5539697266e+02 5.5537902832e+02 5.5535400391e+02
5.5443798828e+02 5.5448400879e+02 5.5453002930e+02 5.5458300781e+02 5.5462402344e+02 5.5465997314e+02 5.5469097900e+02 5.5471801758e+02 5.5473297119e+02 5.5474102783e+02 5.5474200439e+02 5.5471197510e+02 5.5469396973e+02 5.5468701172e+02 5.5469702148e+02 5.5472601318e+02 5.5475897217e+02 5.5478802490e+02 5.5481097412e+02 5.5482897949e+02 5.5485101318e+02 5.5488702393e+02 5.5493402100e+02 5.5501300049e+02 5.5509802246e+02 5.5517602539e+02 5.5525097656e+02 5.5534698486e+02 5.5542199707e+02 5.5547998047e+02 5.5553698730e+02 5.5555700684e+02 5.5556201172e+02 5.5555499268e+02 5.5553900146e+02 5.5553002930e+02 5.5552301025e+02 5.5550799561e+02 5.5548400879e+02 5.5543103027e+02 5.5540600586e+02 5.5540100098e+02 5.5539599609e+02 5.5537097168e+02 5.5534802246e+02 5.5532897949e+02
5.5438897705e+02 5.5443103027e+02 5.5447698975e+02 5.5452099609e+02 5.5455999756e+02 5.5459399414e+02 5.5462597656e+02 5.5464801025e+02 5.5466101074e+02 5.5466998291e+02 5.5467401123e+02 5.5465197754e+02 5.5463598633e+02 5.5463800049e+02 5.5466198730e+02 5.5469396973e+02 5.5472497559e+02 5.5474700928e+02 5.5476397705e+02 5.5477301025e+02 5.5478900146e+02 5.5481799316e+02 5.5486199951e+02 5.5495697021e+02 5.5504302979e+02 5.5512298584e+02 5.5522302246e+02 5.5533398438e+02 5.5542297363e+02 5.5550299072e+02 5.5557800293e+02 5.5559301758e+02 5.5556298828e+02 5.5554400635e+02 5.5553399658e+02 5.5551800537e+02 5.5550799561e+02 5.5550402832e+02 5.5550097656e+02 5.5545800781e+02 5.5541900635e+02 5.5538897705e+02 5.5536102295e+02 5.5534600830e+02 5.5533599854e+02 5.5531896973e+02
5.5434497070e+02 5.5438500977e+02 5.5442602539e+02 5.5446600342e+02 5.5450097656e+02 5.5453302002e+02 5.5456402588e+02 5.5458599854e+02 5.5459802246e+02 5.5460498047e+02 5.5460601807e+02 5.5459497070e+02 5.5459197998e+02 5.5460400391e+02 5.5462902832e+02 5.5465600586e+02 5.5468103027e+02 5.5469799805e+02 5.5471301270e+02 5.5472698975e+02 5.5474798584e+02 5.5478802490e+02 5.5483502197e+02 5.5491699219e+02 5.5501000977e+02 5.5509802246e+02 5.5520599365e+02 5.5534497070e+02 5.5545599365e+02 5.5553698730e+02 5.5559100342e+02 5.5558197021e+02 5.5554901123e+02 5.5553802490e+02 5.5553002930e+02 5.5551300049e+02 5.5550701904e+02 5.5550897217e+02 5.5550897217e+02 5.5547900391e+02 5.5544799805e+02 5.5540997314e+02 5.5535797119e+02 5.5532501221e+02 5.5531201172e+02 5.5530297852e+02
5.5430297852e+02 5.5434100342e+02 5.5437902832e+02 5.5441400146e+02 5.5444799805e+02 5.5447698975e+02 5.5450598145e+02 5.5452697754e+02 5.5453802490e+02 5.5454302979e+02 5.5454302979e+02 5.5454498291e+02 5.5455499268e+02 5.5457397461e+02 5.5459899902e+02 5.5461798096e+02 5.5463299561e+02 5.5464398193e+02 5.5466198730e+02 5.5468103027e+02 5.5470397949e+02 5.5477197266e+02 5.5485601807e+02 5.5492498779e+02 5.5500598145e+02 5.5508099365e+02 5.5517602539e+02 5.5534698486e+02 5.5548400879e+02 5.5556201172e+02 5.5558300781e+02 5.5555798340e+02 5.5554199219e+02 5.5554302979e+02 5.5553002930e+02 5.5551501465e+02 5.5551098633e+02 5.5550897217e+02 5.5549798584e+02 5.5547497559e+02 5.5545599365e+02 5.5542901611e+02 5.5538299561e+02 5.5533197021e+02 5.5529797363e+02 5.5527697754e+02
5.5426397705e+02 5.5429699707e+02 5.5432800293e+02 5.5436999512e+02 5.5440197754e+02 5.5442999268e+02 5.5445300293e+02 5.5446600342e+02 5.5447601318e+02 5.5448400879e+02 5.5449499512e+02 5.5450799561e+02 5.5452502441e+02 5.5454199219e+02 5.5457202148e+02 5.5459301758e+02 5.5459100342e+02 5.5459100342e+02 5.5461199951e+02 5.5463000488e+02 5.5465802002e+02 5.5474401855e+02 5.5483001709e+02 5.5490899658e+02 5.5497998047e+02 5.5503802490e+02 5.5510998535e+02 5.5530401611e+02 5.5546002197e+02 5.5554699707e+02 5.5556500244e+02 5.5554998779e+02 5.5553601074e+02 5.5553198242e+02 5.5552600098e+02 5.5550701904e+02 5.5550201416e+02 5.5549401855e+02 5.5547698975e+02 5.5546697998e+02 5.5545300293e+02 5.5543103027e+02 5.5539898682e+02 5.5536499023e+02 5.5532098389e+02 5.5526397705e+02
5.5423101807e+02 5.5426098633e+02 5.5429302979e+02 5.5433001709e+02 5.5436102295e+02 5.5438800049e+02 5.5440502930e+02 5.5440997314e+02 5.5442297363e+02 5.5443902588e+02 5.5445898438e+02 5.5448101807e+02 5.5449499512e+02 5.5450402832e+02 5.5454199219e+02 5.5458001709e+02 5.5457098389e+02 5.5455999756e+02 5.5458099365e+02 5.5459497070e+02 5.5460797119e+02 5.5464801025e+02 5.5471301270e+02 5.5478997803e+02 5.5486901855e+02 5.5495300293e+02 5.5505200195e+02 5.5524499512e+02 5.5541198730e+02 5.5551599121e+02 5.5554797363e+02 5.5553698730e+02 5.5552197266e+02 5.5551397705e+02 5.5550799561e+02 5.5549200439e+02 5.5549298096e+02 5.5549597168e+02 5.5547399902e+02 5.5546697998e+02 5.5545202637e+02 5.5542498779e+02 5.5539599609e+02 5.5536999512e+02 5.5534399414e+02 5.5528601074e+02
5.5419897461e+02 5.5422900391e+02 5.5425799561e+02 5.5428997803e+02 5.5431896973e+02 5.5434497070e+02 5.5436199951e+02 5.5436999512e+02 5.5438702393e+02 5.5440600586e+02 5.5442700195e+02 5.5444702148e+02 5.5446600342e+02 5.5447698975e+02 5.5449298096e+02 5.5451599121e+02 5.5453002930e+02 5.5453997803e+02 5.5456097412e+02 5.5457702637e+02 5.5459002686e+02 5.5461199951e+02 5.5464099121e+02 5.5468597412e+02 5.5475799561e+02 5.5486102295e+02 5.5498498535e+02 5.5516699219e+02 5.5533801270e+02 5.5546197510e+02 5.5551702881e+02 5.5552697754e+02 5.5551898193e+02 5.5551000977e+02 5.5550097656e+02 5.5548400879e+02 5.5548400879e+02 5.5549200439e+02 5.5546899414e+02 5.5545202637e+02 5.5543499756e+02 5.5540899658e+02 5.5538000488e+02 5.5535699463e+02 5.5534197998e+02 5.5530200195e+02
5.5416802979e+02 5.5419799805e+02 5.5422497559e+02 5.5425402832e+02 5.5428100586e+02 5.5430401611e+02 5.5432397461e+02 5.5434002686e+02 5.5435900879e+02 5.5438000488e+02 5.5439898682e+02 5.5441802979e+02 5.5444500732e+02 5.5446398926e+02 5.5446600342e+02 5.5446502686e+02 5.5448699951e+02 5.5450897217e+02 5.5452600098e+02 5.5455401611e+02 5.5457897949e+02 5.5460302734e+02 5.5461999512e+02 5.5463702393e+02 5.5468103027e+02 5.5476702881e+02 5.5488397217e+02 5.5505102539e+02 5.5522497559e+02 5.5537200928e+02 5.5545599365e+02 5.5549798584e+02 5.5551397705e+02 5.5551501465e+02 5.5550299072e+02 5.5548199463e+02 5.5547900391e+02 5.5548602295e+02 5.5546099854e+02 5.5543499756e+02 5.5541900635e+02 5.5539801025e+02 5.5537200928e+02 5.5534698486e+02 5.5533099365e+02 5.5529797363e+02
