TESTSERVER/4/16.asc
NCOLS 100
NROWS 100
XLLCORNER 7.6997500000e+03
YLLCORNER 2.8915025000e+05
CELLSIZE 5.0000000000e-01
NODATA_VALUE -9.9990000000e+03
[rows 80 to 99 of 100, columns 46 to 91 of 100]
5.4805200195e+02 5.4807800293e+02 5.4807702637e+02 5.4808197021e+02 5.4811297607e+02 5.4814300537e+02 5.4815899658e+02 5.4820599365e+02 5.4823901367e+02 5.4825299072e+02 5.4826202393e+02 5.4826800537e+02 5.4826098633e+02 5.4825000000e+02 5.4824700928e+02 5.4825402832e+02 5.4823498535e+02 5.4820898438e+02 5.4821697998e+02 5.4822302246e+02 5.4821002197e+02 5.4819500732e+02 5.4818798828e+02 5.4818597412e+02 5.4818597412e+02 5.4818597412e+02 5.4818200684e+02 5.4817401123e+02 5.4815802002e+02 5.4814898682e+02 5.4813897705e+02 5.4811102295e+02 5.4809399414e+02 5.4807800293e+02 5.4807702637e+02 5.4808801270e+02 5.4808898926e+02 5.4809600830e+02 5.4809698486e+02 5.4809100342e+02 5.4807800293e+02 5.4805999756e+02 5.4805200195e+02 5.4799200439e+02 5.4796997070e+02 5.4795202637e+02
5.4801202393e+02 5.4803100586e+02 5.4803002930e+02 5.4803900146e+02 5.4807098389e+02 5.4810302734e+02 5.4812597656e+02 5.4816900635e+02 5.4819702148e+02 5.4820397949e+02 5.4821197510e+02 5.4822302246e+02 5.4821398926e+02 5.4819299316e+02 5.4818798828e+02 5.4820001221e+02 5.4818402100e+02 5.4815997314e+02 5.4817297363e+02 5.4816802979e+02 5.4815197754e+02 5.4814801025e+02 5.4813897705e+02 5.4814501953e+02 5.4815100098e+02 5.4815100098e+02 5.4814599609e+02 5.4812799072e+02 5.4811199951e+02 5.4809600830e+02 5.4808001709e+02 5.4806701660e+02 5.4805200195e+02 5.4804998779e+02 5.4805603027e+02 5.4806701660e+02 5.4806500244e+02 5.4806298828e+02 5.4805297852e+02 5.4804199219e+02 5.4802600098e+02 5.4800701904e+02 5.4799700928e+02 5.4794500732e+02 5.4792102051e+02 5.4790600586e+02
5.4796398926e+02 5.4798297119e+02 5.4799798584e+02 5.4802001953e+02 5.4804797363e+02 5.4806896973e+02 5.4808801270e+02 5.4811700439e+02 5.4814398193e+02 5.4815997314e+02 5.4816601563e+02 5.4816699219e+02 5.4816198730e+02 5.4815002441e+02 5.4814300537e+02 5.4815197754e+02 5.4813201904e+02 5.4810699463e+02 5.4812200928e+02 5.4811602783e+02 5.4810998535e+02 5.4810699463e+02 5.4810699463e+02 5.4812097168e+02 5.4811602783e+02 5.4810601807e+02 5.4809997559e+02 5.4808502197e+02 5.4807098389e+02 5.4805401611e+02 5.4804101563e+02 5.4804302979e+02 5.4802398682e+02 5.4802001953e+02 5.4802398682e+02 5.4803302002e+02 5.4802398682e+02 5.4802099609e+02 5.4801397705e+02 5.4799700928e+02 5.4798297119e+02 5.4797100830e+02 5.4794396973e+02 5.4789898682e+02 5.4787597656e+02 5.4785797119e+02
5.4792297363e+02 5.4794299316e+02 5.4796600342e+02 5.4798797607e+02 5.4800701904e+02 5.4802600098e+02 5.4804498291e+02 5.4805999756e+02 5.4808502197e+02 5.4811102295e+02 5.4811602783e+02 5.4811102295e+02 5.4811199951e+02 5.4810400391e+02 5.4810198975e+02 5.4810797119e+02 5.4808502197e+02 5.4805700684e+02 5.4806402588e+02 5.4807000732e+02 5.4807098389e+02 5.4806799316e+02 5.4807397461e+02 5.4809100342e+02 5.4808001709e+02 5.4805902100e+02 5.4805200195e+02 5.4804901123e+02 5.4803002930e+02 5.4801397705e+02 5.4800897217e+02 5.4800799561e+02 5.4798797607e+02 5.4797998047e+02 5.4796997070e+02 5.4797998047e+02 5.4796398926e+02 5.4795501709e+02 5.4795697021e+02 5.4794201660e+02 5.4792700195e+02 5.4791302490e+02 5.4787701416e+02 5.4783599854e+02 5.4781701660e+02 5.4779400635e+02
5.4788299561e+02 5.4790197754e+02 5.4793402100e+02 5.4794598389e+02 5.4796301270e+02 5.4799102783e+02 5.4800897217e+02 5.4801501465e+02 5.4802197266e+02 5.4803802490e+02 5.4804797363e+02 5.4805603027e+02 5.4806701660e+02 5.4806402588e+02 5.4805700684e+02 5.4804699707e+02 5.4803100586e+02 5.4801599121e+02 5.4803900146e+02 5.4802398682e+02 5.4802801514e+02 5.4803497314e+02 5.4803900146e+02 5.4804400635e+02 5.4804901123e+02 5.4804101563e+02 5.4803302002e+02 5.4802600098e+02 5.4800000000e+02 5.4797698975e+02 5.4797399902e+02 5.4795697021e+02 5.4795501709e+02 5.4795098877e+02 5.4792401123e+02 5.4792498779e+02 5.4790899658e+02 5.4789099121e+02 5.4788201904e+02 5.4786999512e+02 5.4786401367e+02 5.4784497070e+02 5.4781402588e+02 5.4780102539e+02 5.4778198242e+02 5.4774798584e+02
5.4783898926e+02 5.4786798096e+02 5.4789801025e+02 5.4790600586e+02 5.4794000244e+02 5.4796197510e+02 5.4796997070e+02 5.4798699951e+02 5.4799700928e+02 5.4800402832e+02 5.4801898193e+02 5.4801599121e+02 5.4801501465e+02 5.4800701904e+02 5.4800598145e+02 5.4799902344e+02 5.4798297119e+02 5.4797198486e+02 5.4798901367e+02 5.4799102783e+02 5.4800402832e+02 5.4800799561e+02 5.4800402832e+02 5.4801000977e+02 5.4801300049e+02 5.4799902344e+02 5.4798400879e+02 5.4796899414e+02 5.4795300293e+02 5.4794097900e+02 5.4792901611e+02 5.4790802002e+02 5.4790301514e+02 5.4789697266e+02 5.4787902832e+02 5.4786999512e+02 5.4785900879e+02 5.4784497070e+02 5.4783697510e+02 5.4782299805e+02 5.4781500244e+02 5.4779602051e+02 5.4777197266e+02 5.4772900391e+02 5.4771398926e+02 5.4769396973e+02
5.4779400635e+02 5.4782598877e+02 5.4784399414e+02 5.4785699463e+02 5.4790399170e+02 5.4792602539e+02 5.4794000244e+02 5.4794799805e+02 5.4795501709e+02 5.4795697021e+02 5.4797302246e+02 5.4797100830e+02 5.4796697998e+02 5.4795300293e+02 5.4795001221e+02 5.4794500732e+02 5.4793499756e+02 5.4793597412e+02 5.4794598389e+02 5.4795202637e+02 5.4797100830e+02 5.4796899414e+02 5.4795800781e+02 5.4796697998e+02 5.4796398926e+02 5.4795202637e+02 5.4795098877e+02 5.4793597412e+02 5.4791998291e+02 5.4790502930e+02 5.4788800049e+02 5.4786297607e+02 5.4784997559e+02 5.4784301758e+02 5.4783398438e+02 5.4781896973e+02 5.4780297852e+02 5.4778997803e+02 5.4777801514e+02 5.4776800537e+02 5.4776702881e+02 5.4774902344e+02 5.4772302246e+02 5.4767199707e+02 5.4766198730e+02 5.4765600586e+02
5.4775598145e+02 5.4778698730e+02 5.4778802490e+02 5.4781201172e+02 5.4786499023e+02 5.4788098145e+02 5.4790301514e+02 5.4789898682e+02 5.4791302490e+02 5.4791400146e+02 5.4791601563e+02 5.4790997314e+02 5.4790899658e+02 5.4790002441e+02 5.4789898682e+02 5.4789599609e+02 5.4789300537e+02 5.4789898682e+02 5.4790698242e+02 5.4790600586e+02 5.4791900635e+02 5.4792297363e+02 5.4791699219e+02 5.4793499756e+02 5.4792999268e+02 5.4791900635e+02 5.4792700195e+02 5.4790899658e+02 5.4788702393e+02 5.4786499023e+02 5.4784899902e+02 5.4782598877e+02 5.4780999756e+02 5.4780102539e+02 5.4778302002e+02 5.4777001953e+02 5.4775402832e+02 5.4774798584e+02 5.4773901367e+02 5.4772302246e+02 5.4772198486e+02 5.4770697021e+02 5.4767901611e+02 5.4763201904e+02 5.4762097168e+02 5.4761297607e+02
5.4772198486e+02 5.4775097656e+02 5.4775897217e+02 5.4778698730e+02 5.4781201172e+02 5.4782000732e+02 5.4784997559e+02 5.4785198975e+02 5.4786700439e+02 5.4787097168e+02 5.4787597656e+02 5.4786602783e+02 5.4786401367e+02 5.4784899902e+02 5.4784698486e+02 5.4785900879e+02 5.4786602783e+02 5.4786102295e+02 5.4785900879e+02 5.4784899902e+02 5.4786102295e+02 5.4786901855e+02 5.4787402344e+02 5.4788098145e+02 5.4788000488e+02 5.4786999512e+02 5.4787402344e+02 5.4785900879e+02 5.4783599854e+02 5.4782098389e+02 5.4781201172e+02 5.4778601074e+02 5.4776898193e+02 5.4775701904e+02 5.4773797607e+02 5.4772399902e+02 5.4770599365e+02 5.4769799805e+02 5.4770397949e+02 5.4767999268e+02 5.4767102051e+02 5.4766101074e+02 5.4762298584e+02 5.4758398438e+02 5.4757202148e+02 5.4754797363e+02
5.4768798828e+02 5.4771801758e+02 5.4772698975e+02 5.4774597168e+02 5.4777001953e+02 5.4778100586e+02 5.4780200195e+02 5.4780603027e+02 5.4782397461e+02 5.4782598877e+02 5.4782397461e+02 5.4780700684e+02 5.4780603027e+02 5.4780401611e+02 5.4780200195e+02 5.4781500244e+02 5.4782299805e+02 5.4782000732e+02 5.4782098389e+02 5.4782501221e+02 5.4784301758e+02 5.4784399414e+02 5.4783502197e+02 5.4784100342e+02 5.4784301758e+02 5.4783099365e+02 5.4782800293e+02 5.4782299805e+02 5.4779602051e+02 5.4777697754e+02 5.4776098633e+02 5.4773999023e+02 5.4772198486e+02 5.4770898438e+02 5.4768597412e+02 5.4767401123e+02 5.4765197754e+02 5.4763800049e+02 5.4765698242e+02 5.4763897705e+02 5.4762597656e+02 5.4760699463e+02 5.4756500244e+02 5.4752197266e+02 5.4749902344e+02 5.4749200439e+02
5.4766497803e+02 5.4768902588e+02 5.4769598389e+02 5.4771002197e+02 5.4772198486e+02 5.4773498535e+02 5.4776098633e+02 5.4776599121e+02 5.4778698730e+02 5.4778900146e+02 5.4777801514e+02 5.4775897217e+02 5.4776202393e+02 5.4776599121e+02 5.4775897217e+02 5.4776800537e+02 5.4777801514e+02 5.4777697754e+02 5.4778198242e+02 5.4779400635e+02 5.4780902100e+02 5.4780999756e+02 5.4779699707e+02 5.4780401611e+02 5.4780603027e+02 5.4779302979e+02 5.4778002930e+02 5.4777398682e+02 5.4774902344e+02 5.4772802734e+02 5.4770898438e+02 5.4769396973e+02 5.4768103027e+02 5.4766601563e+02 5.4764001465e+02 5.4763397217e+02 5.4762097168e+02 5.4760900879e+02 5.4761901855e+02 5.4760198975e+02 5.4757202148e+02 5.4753900146e+02 5.4749499512e+02 5.4746502686e+02 5.4744598389e+02 5.4743902588e+02
5.4763000488e+02 5.4765301514e+02 5.4766601563e+02 5.4767401123e+02 5.4768103027e+02 5.4769500732e+02 5.4770800781e+02 5.4771697998e+02 5.4773797607e+02 5.4774102783e+02 5.4774200439e+02 5.4772802734e+02 5.4772198486e+02 5.4771997070e+02 5.4772399902e+02 5.4773602295e+02 5.4774102783e+02 5.4773602295e+02 5.4774102783e+02 5.4775299072e+02 5.4775897217e+02 5.4777001953e+02 5.4776599121e+02 5.4776397705e+02 5.4776202393e+02 5.4775000000e+02 5.4773602295e+02 5.4771502686e+02 5.4769396973e+02 5.4768103027e+02 5.4766101074e+02 5.4764801025e+02 5.4764501953e+02 5.4762402344e+02 5.4759497070e+02 5.4758898926e+02 5.4758001709e+02 5.4756701660e+02 5.4756701660e+02 5.4755200195e+02 5.4751599121e+02 5.4747900391e+02 5.4743597412e+02 5.4741998291e+02 5.4740698242e+02 5.4738500977e+02
5.4759197998e+02 5.4761700439e+02 5.4762799072e+02 5.4762200928e+02 5.4763702393e+02 5.4765899658e+02 5.4766198730e+02 5.4766802979e+02 5.4768701172e+02 5.4768902588e+02 5.4768798828e+02 5.4767999268e+02 5.4767199707e+02 5.4767297363e+02 5.4769500732e+02 5.4770202637e+02 5.4769702148e+02 5.4769396973e+02 5.4769598389e+02 5.4769598389e+02 5.4771099854e+02 5.4772399902e+02 5.4771997070e+02 5.4771997070e+02 5.4771398926e+02 5.4770098877e+02 5.4769299316e+02 5.4767602539e+02 5.4765502930e+02 5.4764300537e+02 5.4762097168e+02 5.4760302734e+02 5.4759600830e+02 5.4757000732e+02 5.4754400635e+02 5.4754400635e+02 5.4753399658e+02 5.4751599121e+02 5.4751000977e+02 5.4748297119e+02 5.4744000244e+02 5.4740698242e+02 5.4737701416e+02 5.4737200928e+02 5.4735601807e+02 5.4731701660e+02
5.4755401611e+02 5.4757202148e+02 5.4756896973e+02 5.4757299805e+02 5.4759100342e+02 5.4761102295e+02 5.4762298584e+02 5.4762597656e+02 5.4763500977e+02 5.4764001465e+02 5.4763598633e+02 5.4763397217e+02 5.4763800049e+02 5.4763702393e+02 5.4765197754e+02 5.4766101074e+02 5.4766601563e+02 5.4766900635e+02 5.4766302490e+02 5.4766101074e+02 5.4766900635e+02 5.4767199707e+02 5.4766900635e+02 5.4767999268e+02 5.4767602539e+02 5.4765802002e+02 5.4764898682e+02 5.4764001465e+02 5.4761602783e+02 5.4759802246e+02 5.4757598877e+02 5.4755902100e+02 5.4754699707e+02 5.4751300049e+02 5.4749597168e+02 5.4748699951e+02 5.4747198486e+02 5.4745898438e+02 5.4744299316e+02 5.4741497803e+02 5.4737500000e+02 5.4734002686e+02 5.4731097412e+02 5.4730603027e+02 5.4729797363e+02 5.4725701904e+02
5.4749499512e+02 5.4751098633e+02 5.4751397705e+02 5.4752801514e+02 5.4755200195e+02 5.4757000732e+02 5.4758099365e+02 5.4757800293e+02 5.4757800293e+02 5.4758398438e+02 5.4758801270e+02 5.4758398438e+02 5.4759301758e+02 5.4759899902e+02 5.4762097168e+02 5.4762402344e+02 5.4762402344e+02 5.4762799072e+02 5.4762402344e+02 5.4761901855e+02 5.4762097168e+02 5.4762500000e+02 5.4763098145e+02 5.4763397217e+02 5.4762701416e+02 5.4761199951e+02 5.4760302734e+02 5.4759802246e+02 5.4757000732e+02 5.4754699707e+02 5.4753302002e+02 5.4751202393e+02 5.4749200439e+02 5.4745697021e+02 5.4743701172e+02 5.4741998291e+02 5.4739898682e+02 5.4738897705e+02 5.4738201904e+02 5.4735797119e+02 5.4732000732e+02 5.4728802490e+02 5.4726098633e+02 5.4724200439e+02 5.4723101807e+02 5.4720501709e+02
5.4743902588e+02 5.4745202637e+02 5.4745202637e+02 5.4747601318e+02 5.4750201416e+02 5.4751501465e+02 5.4752301025e+02 5.4752697754e+02 5.4752001953e+02 5.4752600098e+02 5.4755102539e+02 5.4754101563e+02 5.4755297852e+02 5.4756500244e+02 5.4758898926e+02 5.4758398438e+02 5.4757702637e+02 5.4758099365e+02 5.4758197021e+02 5.4757299805e+02 5.4757098389e+02 5.4757397461e+02 5.4758398438e+02 5.4757702637e+02 5.4756799316e+02 5.4756201172e+02 5.4755200195e+02 5.4754302979e+02 5.4751800537e+02 5.4749798584e+02 5.4747900391e+02 5.4745501709e+02 5.4743701172e+02 5.4741198730e+02 5.4738397217e+02 5.4736901855e+02 5.4735101318e+02 5.4734002686e+02 5.4732598877e+02 5.4729302979e+02 5.4726098633e+02 5.4724401855e+02 5.4721697998e+02 5.4718298340e+02 5.4716400146e+02 5.4715197754e+02
5.4739001465e+02 5.4740899658e+02 5.4739801025e+02 5.4742498779e+02 5.4744702148e+02 5.4745098877e+02 5.4745898438e+02 5.4747399902e+02 5.4747100830e+02 5.4747802734e+02 5.4750201416e+02 5.4749597168e+02 5.4751098633e+02 5.4751702881e+02 5.4751599121e+02 5.4753399658e+02 5.4754101563e+02 5.4754400635e+02 5.4755603027e+02 5.4753100586e+02 5.4752301025e+02 5.4752801514e+02 5.4753100586e+02 5.4752001953e+02 5.4751300049e+02 5.4751202393e+02 5.4750500488e+02 5.4747802734e+02 5.4746801758e+02 5.4745300293e+02 5.4741802979e+02 5.4739697266e+02 5.4738598633e+02 5.4736499023e+02 5.4733801270e+02 5.4732202148e+02 5.4730200195e+02 5.4727899170e+02 5.4725299072e+02 5.4723498535e+02 5.4721697998e+02 5.4720397949e+02 5.4715600586e+02 5.4713098145e+02 5.4710699463e+02 5.4709899902e+02
5.4732598877e+02 5.4735900879e+02 5.4735699463e+02 5.4737799072e+02 5.4739202881e+02 5.4739099121e+02 5.4740502930e+02 5.4742401123e+02 5.4743298340e+02 5.4744201660e+02 5.4745800781e+02 5.4745800781e+02 5.4746997070e+02 5.4747698975e+02 5.4748498535e+02 5.4748901367e+02 5.4749200439e+02 5.4749200439e+02 5.4750598145e+02 5.4749499512e+02 5.4748699951e+02 5.4748101807e+02 5.4747900391e+02 5.4747601318e+02 5.4746197510e+02 5.4745300293e+02 5.4745001221e+02 5.4742297363e+02 5.4740399170e+02 5.4738397217e+02 5.4735998535e+02 5.4734802246e+02 5.4733300781e+02 5.4731298828e+02 5.4729302979e+02 5.4727697754e+02 5.4724798584e+02 5.4721899414e+02 5.4720697021e+02 5.4718402100e+02 5.4716198730e+02 5.4715399170e+02 5.4711798096e+02 5.4709802246e+02 5.4708001709e+02 5.4706701660e+02
5.4726898193e+02 5.4730499268e+02 5.4731500244e+02 5.4732800293e+02 5.4734600830e+02 5.4734997559e+02 5.4735699463e+02 5.4736297607e+02 5.4738201904e+02 5.4740100098e+02 5.4741998291e+02 5.4741998291e+02 5.4742401123e+02 5.4742999268e+02 5.4745001221e+02 5.4744702148e+02 5.4744799805e+02 5.4745300293e+02 5.4746002197e+02 5.4745001221e+02 5.4744396973e+02 5.4743402100e+02 5.4742498779e+02 5.4742498779e+02 5.4741101074e+02 5.4739697266e+02 5.4739099121e+02 5.4737097168e+02 5.4734497070e+02 5.4733099365e+02 5.4732000732e+02 5.4729602051e+02 5.4727801514e+02 5.4726000977e+02 5.4723901367e+02 5.4723297119e+02 5.4720800781e+02 5.4717498779e+02 5.4716400146e+02 5.4714898682e+02 5.4711602783e+02 5.4710198975e+02 5.4708697510e+02 5.4707202148e+02 5.4705999756e+02 5.4704998779e+02
5.4722601318e+02 5.4727001953e+02 5.4728698730e+02 5.4729101563e+02 5.4729901123e+02 5.4730401611e+02 5.4731298828e+02 5.4732202148e+02 5.4734698486e+02 5.4736499023e+02 5.4738000488e+02 5.4737902832e+02 5.4738000488e+02 5.4738598633e+02 5.4740802002e+02 5.4740802002e+02 5.4740802002e+02 5.4741400146e+02 5.4741198730e+02 5.4739898682e+02 5.4739697266e+02 5.4738299561e+02 5.4736700439e+02 5.4736401367e+02 5.4734399414e+02 5.4733001709e+02 5.4733001709e+02 5.4730700684e+02 5.4727899170e+02 5.4727502441e+02 5.4727398682e+02 5.4724499512e+02 5.4722998047e+02 5.4721899414e+02 5.4719799805e+02 5.4719500732e+02 5.4717498779e+02 5.4713800049e+02 5.4712500000e+02 5.4712097168e+02 5.4709197998e+02 5.4707299805e+02 5.4705700684e+02 5.4704199219e+02 5.4703198242e+02 5.4702398682e+02
