TESTSERVER/4/16.asc
NCOLS 100
NROWS 100
XLLCORNER 7.6997500000e+03
YLLCORNER 2.8915025000e+05
CELLSIZE 5.0000000000e-01
NODATA_VALUE -9.9990000000e+03
[rows 0 to 19 of 100, columns 46 to 91 of 100]
5.4936199951e+02 5.4936297607e+02 5.4936401367e+02 5.4936499023e+02 5.4936499023e+02 5.4936602783e+02 5.4936700439e+02 5.4936901855e+02 5.4936901855e+02 5.4936901855e+02 5.4936798096e+02 5.4936999512e+02 5.4936901855e+02 5.4936901855e+02 5.4936798096e+02 5.4936700439e+02 5.4936602783e+02 5.4936499023e+02 5.4936499023e+02 5.4936401367e+02 5.4936297607e+02 5.4936199951e+02 5.4936199951e+02 5.4936102295e+02 5.4935998535e+02 5.4935998535e+02 5.4935797119e+02 5.4935900879e+02 5.4935699463e+02 5.4935498047e+02 5.4935198975e+02 5.4935101318e+02 5.4935101318e+02 5.4935400391e+02 5.4936102295e+02 5.4937298584e+02 5.4936297607e+02 5.4934301758e+02 5.4934399414e+02 5.4933197021e+02 5.4933398438e+02 5.4932202148e+02 5.4927801514e+02 5.4924401855e+02 5.4922802734e+02 5.4923297119e+02
5.4936401367e+02 5.4936401367e+02 5.4936602783e+02 5.4936700439e+02 5.4936700439e+02 5.4936700439e+02 5.4936798096e+02 5.4936901855e+02 5.4936798096e+02 5.4936798096e+02 5.4936798096e+02 5.4936901855e+02 5.4936798096e+02 5.4936798096e+02 5.4936798096e+02 5.4936700439e+02 5.4936700439e+02 5.4936602783e+02 5.4936499023e+02 5.4936401367e+02 5.4936297607e+02 5.4936102295e+02 5.4936102295e+02 5.4936102295e+02 5.4935998535e+02 5.4935900879e+02 5.4935601807e+02 5.4935400391e+02 5.4935400391e+02 5.4935400391e+02 5.4935198975e+02 5.4935198975e+02 5.4935302734e+02 5.4935498047e+02 5.4936102295e+02 5.4937200928e+02 5.4937597656e+02 5.4937500000e+02 5.4937500000e+02 5.4937500000e+02 5.4936798096e+02 5.4935101318e+02 5.4931402588e+02 5.4928997803e+02 5.4926202393e+02 5.4923101807e+02
5.4936700439e+02 5.4936700439e+02 5.4936798096e+02 5.4936798096e+02 5.4936798096e+02 5.4936798096e+02 5.4936901855e+02 5.4936901855e+02 5.4936901855e+02 5.4936798096e+02 5.4936798096e+02 5.4936798096e+02 5.4936798096e+02 5.4936798096e+02 5.4936700439e+02 5.4936700439e+02 5.4936602783e+02 5.4936499023e+02 5.4936401367e+02 5.4936297607e+02 5.4936199951e+02 5.4936102295e+02 5.4936102295e+02 5.4935998535e+02 5.4935900879e+02 5.4935797119e+02 5.4935498047e+02 5.4935302734e+02 5.4935198975e+02 5.4935198975e+02 5.4935198975e+02 5.4935302734e+02 5.4935400391e+02 5.4935601807e+02 5.4935699463e+02 5.4936602783e+02 5.4937597656e+02 5.4938201904e+02 5.4938702393e+02 5.4939599609e+02 5.4939202881e+02 5.4937402344e+02 5.4933398438e+02 5.4931402588e+02 5.4929400635e+02 5.4926202393e+02
5.4936999512e+02 5.4936901855e+02 5.4936901855e+02 5.4936999512e+02 5.4936901855e+02 5.4936901855e+02 5.4936999512e+02 5.4936901855e+02 5.4936901855e+02 5.4936798096e+02 5.4936798096e+02 5.4936798096e+02 5.4936798096e+02 5.4936700439e+02 5.4936700439e+02 5.4936602783e+02 5.4936602783e+02 5.4936499023e+02 5.4936401367e+02 5.4936297607e+02 5.4936102295e+02 5.4935998535e+02 5.4935998535e+02 5.4935998535e+02 5.4935900879e+02 5.4935699463e+02 5.4935498047e+02 5.4935302734e+02 5.4935198975e+02 5.4935101318e+02 5.4935198975e+02 5.4935302734e+02 5.4935400391e+02 5.4935498047e+02 5.4935101318e+02 5.4935699463e+02 5.4936798096e+02 5.4937799072e+02 5.4938299561e+02 5.4939599609e+02 5.4940002441e+02 5.4939099121e+02 5.4935400391e+02 5.4931701660e+02 5.4929998779e+02 5.4928198242e+02
5.4937500000e+02 5.4937402344e+02 5.4937402344e+02 5.4937200928e+02 5.4937097168e+02 5.4937097168e+02 5.4936999512e+02 5.4936999512e+02 5.4936901855e+02 5.4936798096e+02 5.4936700439e+02 5.4936700439e+02 5.4936700439e+02 5.4936602783e+02 5.4936602783e+02 5.4936499023e+02 5.4936499023e+02 5.4936401367e+02 5.4936401367e+02 5.4936297607e+02 5.4936102295e+02 5.4935998535e+02 5.4935900879e+02 5.4935797119e+02 5.4935797119e+02 5.4935601807e+02 5.4935498047e+02 5.4935302734e+02 5.4935302734e+02 5.4935198975e+02 5.4935101318e+02 5.4935101318e+02 5.4935302734e+02 5.4935400391e+02 5.4935797119e+02 5.4935400391e+02 5.4935998535e+02 5.4936602783e+02 5.4937200928e+02 5.4938299561e+02 5.4939001465e+02 5.4939099121e+02 5.4936700439e+02 5.4932299805e+02 5.4929199219e+02 5.4928198242e+02
5.4937597656e+02 5.4937500000e+02 5.4937500000e+02 5.4937298584e+02 5.4937200928e+02 5.4937097168e+02 5.4936999512e+02 5.4936999512e+02 5.4936901855e+02 5.4936798096e+02 5.4936798096e+02 5.4936700439e+02 5.4936700439e+02 5.4936602783e+02 5.4936499023e+02 5.4936499023e+02 5.4936499023e+02 5.4936401367e+02 5.4936297607e+02 5.4936297607e+02 5.4936102295e+02 5.4935998535e+02 5.4935900879e+02 5.4935699463e+02 5.4935699463e+02 5.4935601807e+02 5.4935498047e+02 5.4935498047e+02 5.4935400391e+02 5.4935302734e+02 5.4935101318e+02 5.4934997559e+02 5.4935101318e+02 5.4935400391e+02 5.4935699463e+02 5.4935900879e+02 5.4936102295e+02 5.4936297607e+02 5.4936602783e+02 5.4937200928e+02 5.4937597656e+02 5.4937200928e+02 5.4936102295e+02 5.4933300781e+02 5.4930902100e+02 5.4929400635e+02
5.4937500000e+02 5.4937500000e+02 5.4937402344e+02 5.4937298584e+02 5.4937200928e+02 5.4937097168e+02 5.4937097168e+02 5.4936999512e+02 5.4936901855e+02 5.4936798096e+02 5.4936798096e+02 5.4936700439e+02 5.4936602783e+02 5.4936499023e+02 5.4936499023e+02 5.4936499023e+02 5.4936401367e+02 5.4936401367e+02 5.4936297607e+02 5.4936199951e+02 5.4936102295e+02 5.4935998535e+02 5.4935900879e+02 5.4935699463e+02 5.4935699463e+02 5.4935601807e+02 5.4935498047e+02 5.4935498047e+02 5.4935400391e+02 5.4935302734e+02 5.4935101318e+02 5.4934899902e+02 5.4934997559e+02 5.4935302734e+02 5.4935601807e+02 5.4935900879e+02 5.4936102295e+02 5.4936401367e+02 5.4935998535e+02 5.4935900879e+02 5.4936297607e+02 5.4936199951e+02 5.4935302734e+02 5.4933599854e+02 5.4932098389e+02 5.4930700684e+02
5.4937500000e+02 5.4937402344e+02 5.4937402344e+02 5.4937298584e+02 5.4937298584e+02 5.4937200928e+02 5.4937097168e+02 5.4936999512e+02 5.4936901855e+02 5.4936798096e+02 5.4936798096e+02 5.4936700439e+02 5.4936602783e+02 5.4936499023e+02 5.4936401367e+02 5.4936401367e+02 5.4936401367e+02 5.4936297607e+02 5.4936199951e+02 5.4936102295e+02 5.4935998535e+02 5.4935998535e+02 5.4935900879e+02 5.4935797119e+02 5.4935699463e+02 5.4935601807e+02 5.4935498047e+02 5.4935498047e+02 5.4935400391e+02 5.4935302734e+02 5.4935101318e+02 5.4934997559e+02 5.4935101318e+02 5.4935302734e+02 5.4935601807e+02 5.4935998535e+02 5.4936199951e+02 5.4936401367e+02 5.4935699463e+02 5.4934997559e+02 5.4935400391e+02 5.4935601807e+02 5.4934997559e+02 5.4934301758e+02 5.4933599854e+02 5.4932598877e+02
5.4937597656e+02 5.4937701416e+02 5.4937701416e+02 5.4937402344e+02 5.4937402344e+02 5.4937298584e+02 5.4937298584e+02 5.4937097168e+02 5.4936999512e+02 5.4936901855e+02 5.4936798096e+02 5.4936700439e+02 5.4936602783e+02 5.4936499023e+02 5.4936401367e+02 5.4936401367e+02 5.4936297607e+02 5.4936297607e+02 5.4936199951e+02 5.4936102295e+02 5.4935998535e+02 5.4935900879e+02 5.4935797119e+02 5.4935797119e+02 5.4935699463e+02 5.4935601807e+02 5.4935498047e+02 5.4935498047e+02 5.4935498047e+02 5.4935498047e+02 5.4935498047e+02 5.4935302734e+02 5.4935302734e+02 5.4935498047e+02 5.4935797119e+02 5.4935998535e+02 5.4936102295e+02 5.4936297607e+02 5.4936102295e+02 5.4935302734e+02 5.4935400391e+02 5.4935601807e+02 5.4935498047e+02 5.4935400391e+02 5.4935601807e+02 5.4935400391e+02
5.4937597656e+02 5.4937597656e+02 5.4937500000e+02 5.4937298584e+02 5.4937298584e+02 5.4937298584e+02 5.4937200928e+02 5.4936999512e+02 5.4936901855e+02 5.4936798096e+02 5.4936700439e+02 5.4936602783e+02 5.4936499023e+02 5.4936401367e+02 5.4936401367e+02 5.4936401367e+02 5.4936297607e+02 5.4936199951e+02 5.4936199951e+02 5.4936102295e+02 5.4935998535e+02 5.4935998535e+02 5.4935900879e+02 5.4935699463e+02 5.4935601807e+02 5.4935601807e+02 5.4935498047e+02 5.4935601807e+02 5.4935601807e+02 5.4935601807e+02 5.4935498047e+02 5.4935498047e+02 5.4935498047e+02 5.4935601807e+02 5.4935797119e+02 5.4935998535e+02 5.4935998535e+02 5.4936102295e+02 5.4935998535e+02 5.4935699463e+02 5.4935601807e+02 5.4935498047e+02 5.4935400391e+02 5.4935797119e+02 5.4936401367e+02 5.4936798096e+02
5.4937298584e+02 5.4937402344e+02 5.4937298584e+02 5.4937200928e+02 5.4937200928e+02 5.4937200928e+02 5.4937097168e+02 5.4936999512e+02 5.4936901855e+02 5.4936798096e+02 5.4936700439e+02 5.4936602783e+02 5.4936499023e+02 5.4936401367e+02 5.4936401367e+02 5.4936297607e+02 5.4936297607e+02 5.4936199951e+02 5.4936102295e+02 5.4936102295e+02 5.4935998535e+02 5.4935998535e+02 5.4935900879e+02 5.4935699463e+02 5.4935601807e+02 5.4935601807e+02 5.4935498047e+02 5.4935601807e+02 5.4935601807e+02 5.4935601807e+02 5.4935498047e+02 5.4935498047e+02 5.4935601807e+02 5.4935601807e+02 5.4935797119e+02 5.4935900879e+02 5.4935998535e+02 5.4935998535e+02 5.4935900879e+02 5.4935601807e+02 5.4935498047e+02 5.4935400391e+02 5.4935302734e+02 5.4935797119e+02 5.4936401367e+02 5.4936901855e+02
5.4937097168e+02 5.4937200928e+02 5.4937200928e+02 5.4937097168e+02 5.4937097168e+02 5.4936999512e+02 5.4936999512e+02 5.4936901855e+02 5.4936798096e+02 5.4936700439e+02 5.4936602783e+02 5.4936602783e+02 5.4936499023e+02 5.4936401367e+02 5.4936401367e+02 5.4936297607e+02 5.4936297607e+02 5.4936199951e+02 5.4936102295e+02 5.4936102295e+02 5.4935998535e+02 5.4935998535e+02 5.4935900879e+02 5.4935699463e+02 5.4935601807e+02 5.4935601807e+02 5.4935601807e+02 5.4935601807e+02 5.4935601807e+02 5.4935601807e+02 5.4935601807e+02 5.4935498047e+02 5.4935601807e+02 5.4935601807e+02 5.4935797119e+02 5.4935900879e+02 5.4935900879e+02 5.4935998535e+02 5.4935900879e+02 5.4935601807e+02 5.4935498047e+02 5.4935400391e+02 5.4935302734e+02 5.4935498047e+02 5.4935900879e+02 5.4936199951e+02
5.4936901855e+02 5.4936901855e+02 5.4936999512e+02 5.4936999512e+02 5.4936999512e+02 5.4936999512e+02 5.4936999512e+02 5.4936798096e+02 5.4936798096e+02 5.4936700439e+02 5.4936700439e+02 5.4936499023e+02 5.4936499023e+02 5.4936401367e+02 5.4936297607e+02 5.4936297607e+02 5.4936199951e+02 5.4936199951e+02 5.4936199951e+02 5.4936102295e+02 5.4935998535e+02 5.4935900879e+02 5.4935900879e+02 5.4935797119e+02 5.4935699463e+02 5.4935601807e+02 5.4935601807e+02 5.4935601807e+02 5.4935601807e+02 5.4935601807e+02 5.4935601807e+02 5.4935601807e+02 5.4935699463e+02 5.4935699463e+02 5.4935699463e+02 5.4935797119e+02 5.4935900879e+02 5.4935998535e+02 5.4936102295e+02 5.4935900879e+02 5.4935699463e+02 5.4935699463e+02 5.4935797119e+02 5.4935498047e+02 5.4935302734e+02 5.4934698486e+02
5.4936700439e+02 5.4936798096e+02 5.4936798096e+02 5.4936798096e+02 5.4936901855e+02 5.4936901855e+02 5.4936901855e+02 5.4936798096e+02 5.4936700439e+02 5.4936700439e+02 5.4936602783e+02 5.4936499023e+02 5.4936401367e+02 5.4936401367e+02 5.4936297607e+02 5.4936297607e+02 5.4936199951e+02 5.4936199951e+02 5.4936102295e+02 5.4936102295e+02 5.4935998535e+02 5.4935900879e+02 5.4935900879e+02 5.4935797119e+02 5.4935699463e+02 5.4935699463e+02 5.4935601807e+02 5.4935601807e+02 5.4935498047e+02 5.4935498047e+02 5.4935601807e+02 5.4935699463e+02 5.4935699463e+02 5.4935797119e+02 5.4935797119e+02 5.4935900879e+02 5.4935998535e+02 5.4936102295e+02 5.4936102295e+02 5.4935998535e+02 5.4935998535e+02 5.4935998535e+02 5.4935998535e+02 5.4935998535e+02 5.4935198975e+02 5.4933898926e+02
5.4936602783e+02 5.4936602783e+02 5.4936700439e+02 5.4936700439e+02 5.4936700439e+02 5.4936798096e+02 5.4936798096e+02 5.4936700439e+02 5.4936602783e+02 5.4936602783e+02 5.4936499023e+02 5.4936401367e+02 5.4936401367e+02 5.4936401367e+02 5.4936297607e+02 5.4936297607e+02 5.4936199951e+02 5.4936199951e+02 5.4936102295e+02 5.4935998535e+02 5.4935998535e+02 5.4935900879e+02 5.4935900879e+02 5.4935797119e+02 5.4935699463e+02 5.4935699463e+02 5.4935601807e+02 5.4935601807e+02 5.4935601807e+02 5.4935498047e+02 5.4935601807e+02 5.4935699463e+02 5.4935699463e+02 5.4935797119e+02 5.4935797119e+02 5.4935900879e+02 5.4936102295e+02 5.4936199951e+02 5.4936199951e+02 5.4936102295e+02 5.4936102295e+02 5.4935998535e+02 5.4936102295e+02 5.4935900879e+02 5.4934997559e+02 5.4933599854e+02
5.4936401367e+02 5.4936499023e+02 5.4936499023e+02 5.4936499023e+02 5.4936602783e+02 5.4936602783e+02 5.4936602783e+02 5.4936499023e+02 5.4936499023e+02 5.4936499023e+02 5.4936499023e+02 5.4936401367e+02 5.4936401367e+02 5.4936297607e+02 5.4936297607e+02 5.4936297607e+02 5.4936199951e+02 5.4936102295e+02 5.4936102295e+02 5.4935998535e+02 5.4935998535e+02 5.4935900879e+02 5.4935900879e+02 5.4935797119e+02 5.4935699463e+02 5.4935699463e+02 5.4935601807e+02 5.4935601807e+02 5.4935601807e+02 5.4935601807e+02 5.4935601807e+02 5.4935699463e+02 5.4935699463e+02 5.4935797119e+02 5.4935900879e+02 5.4935998535e+02 5.4936102295e+02 5.4936297607e+02 5.4936297607e+02 5.4936199951e+02 5.4936102295e+02 5.4936102295e+02 5.4936199951e+02 5.4935900879e+02 5.4934899902e+02 5.4933599854e+02
5.4936297607e+02 5.4936297607e+02 5.4936401367e+02 5.4936401367e+02 5.4936401367e+02 5.4936401367e+02 5.4936499023e+02 5.4936401367e+02 5.4936401367e+02 5.4936401367e+02 5.4936401367e+02 5.4936297607e+02 5.4936297607e+02 5.4936297607e+02 5.4936297607e+02 5.4936199951e+02 5.4936199951e+02 5.4936102295e+02 5.4936102295e+02 5.4935998535e+02 5.4935998535e+02 5.4935900879e+02 5.4935900879e+02 5.4935797119e+02 5.4935797119e+02 5.4935699463e+02 5.4935699463e+02 5.4935601807e+02 5.4935601807e+02 5.4935601807e+02 5.4935601807e+02 5.4935699463e+02 5.4935699463e+02 5.4935797119e+02 5.4935900879e+02 5.4936199951e+02 5.4936297607e+02 5.4936499023e+02 5.4936901855e+02 5.4936798096e+02 5.4936700439e+02 5.4936499023e+02 5.4936602783e+02 5.4936102295e+02 5.4935101318e+02 5.4933801270e+02
5.4936102295e+02 5.4936199951e+02 5.4936297607e+02 5.4936297607e+02 5.4936297607e+02 5.4936401367e+02 5.4936401367e+02 5.4936401367e+02 5.4936401367e+02 5.4936401367e+02 5.4936401367e+02 5.4936297607e+02 5.4936297607e+02 5.4936297607e+02 5.4936297607e+02 5.4936199951e+02 5.4936199951e+02 5.4936102295e+02 5.4936102295e+02 5.4935998535e+02 5.4935998535e+02 5.4935900879e+02 5.4935900879e+02 5.4935900879e+02 5.4935797119e+02 5.4935797119e+02 5.4935699463e+02 5.4935601807e+02 5.4935601807e+02 5.4935601807e+02 5.4935601807e+02 5.4935699463e+02 5.4935699463e+02 5.4935797119e+02 5.4935900879e+02 5.4936199951e+02 5.4936401367e+02 5.4936602783e+02 5.4936999512e+02 5.4937298584e+02 5.4937200928e+02 5.4936700439e+02 5.4936199951e+02 5.4935498047e+02 5.4934301758e+02 5.4933300781e+02
5.4935998535e+02 5.4936102295e+02 5.4936102295e+02 5.4936102295e+02 5.4936199951e+02 5.4936199951e+02 5.4936297607e+02 5.4936297607e+02 5.4936297607e+02 5.4936297607e+02 5.4936297607e+02 5.4936297607e+02 5.4936297607e+02 5.4936297607e+02 5.4936297607e+02 5.4936199951e+02 5.4936199951e+02 5.4936102295e+02 5.4936102295e+02 5.4935998535e+02 5.4935998535e+02 5.4935900879e+02 5.4935900879e+02 5.4935900879e+02 5.4935900879e+02 5.4935797119e+02 5.4935699463e+02 5.4935601807e+02 5.4935601807e+02 5.4935601807e+02 5.4935601807e+02 5.4935699463e+02 5.4935699463e+02 5.4935797119e+02 5.4935900879e+02 5.4936102295e+02 5.4936297607e+02 5.4936499023e+02 5.4936901855e+02 5.4937298584e+02 5.4936999512e+02 5.4936499023e+02 5.4935900879e+02 5.4934600830e+02 5.4933197021e+02 5.4932299805e+02
5.4935900879e+02 5.4935900879e+02 5.4935998535e+02 5.4935998535e+02 5.4936102295e+02 5.4936102295e+02 5.4936102295e+02 5.4936102295e+02 5.4936199951e+02 5.4936199951e+02 5.4936199951e+02 5.4936199951e+02 5.4936199951e+02 5.4936199951e+02 5.4936199951e+02 5.4936199951e+02 5.4936102295e+02 5.4936102295e+02 5.4936102295e+02 5.4935998535e+02 5.4935998535e+02 5.4935900879e+02 5.4935900879e+02 5.4935900879e+02 5.4935900879e+02 5.4935797119e+02 5.4935699463e+02 5.4935699463e+02 5.4935601807e+02 5.4935601807e+02 5.4935601807e+02 5.4935699463e+02 5.4935797119e+02 5.4935900879e+02 5.4935900879e+02 5.4935998535e+02 5.4936199951e+02 5.4936401367e+02 5.4936798096e+02 5.4937097168e+02 5.4936901855e+02 5.4936401367e+02 5.4935900879e+02 5.4934301758e+02 5.4932598877e+02 5.4931701660e+02
