TESTSERVER/4/16.asc
NCOLS 100
NROWS 100
XLLCORNER 7.6997500000e+03
YLLCORNER 2.8915025000e+05
CELLSIZE 5.0000000000e-01
NODATA_VALUE -9.9990000000e+03
[rows 40 to 59 of 100, columns 0 to 45 of 100]
5.4801202393e+02 5.4802600098e+02 5.4840600586e+02 5.4892700195e+02 5.4897100830e+02 5.4878997803e+02 5.4885400391e+02 5.4897399902e+02 5.4910998535e+02 5.4918499756e+02 5.4921801758e+02 5.4926397705e+02 5.4930102539e+02 5.4936199951e+02 5.4930401611e+02 5.4910498047e+02 5.4888299561e+02 5.4895397949e+02 5.4901397705e+02 5.4906597900e+02 5.4914501953e+02 5.4920898438e+02 5.4926800537e+02 5.4930297852e+02 5.4932098389e+02 5.4933001709e+02 5.4933502197e+02 5.4933898926e+02 5.4934899902e+02 5.4935699463e+02 5.4936499023e+02 5.4937097168e+02 5.4937298584e+02 5.4936700439e+02 5.4936798096e+02 5.4936901855e+02 5.4936999512e+02 5.4936401367e+02 5.4936499023e+02 5.4936499023e+02 5.4936499023e+02 5.4936602783e+02 5.4936700439e+02 5.4936798096e+02 5.4936999512e+02 5.4936798096e+02
5.4798400879e+02 5.4801300049e+02 5.4810900879e+02 5.4855999756e+02 5.4894201660e+02 5.4889001465e+02 5.4888000488e+02 5.4891802979e+02 5.4902197266e+02 5.4911999512e+02 5.4914697266e+02 5.4912701416e+02 5.4909002686e+02 5.4911700439e+02 5.4908801270e+02 5.4890600586e+02 5.4882202148e+02 5.4891998291e+02 5.4896697998e+02 5.4898999023e+02 5.4904400635e+02 5.4911999512e+02 5.4920300293e+02 5.4926098633e+02 5.4928900146e+02 5.4931500244e+02 5.4932299805e+02 5.4932800293e+02 5.4934197998e+02 5.4934899902e+02 5.4935498047e+02 5.4936199951e+02 5.4936199951e+02 5.4936102295e+02 5.4936401367e+02 5.4936602783e+02 5.4936499023e+02 5.4936297607e+02 5.4936401367e+02 5.4936401367e+02 5.4936499023e+02 5.4936602783e+02 5.4936798096e+02 5.4936999512e+02 5.4936901855e+02 5.4936798096e+02
5.4794702148e+02 5.4801300049e+02 5.4803002930e+02 5.4818597412e+02 5.4856701660e+02 5.4880603027e+02 5.4889898682e+02 5.4892700195e+02 5.4894201660e+02 5.4906500244e+02 5.4911401367e+02 5.4906597900e+02 5.4900299072e+02 5.4902099609e+02 5.4901300049e+02 5.4888897705e+02 5.4883099365e+02 5.4888201904e+02 5.4890600586e+02 5.4891101074e+02 5.4894396973e+02 5.4902301025e+02 5.4912097168e+02 5.4920202637e+02 5.4924499512e+02 5.4928698730e+02 5.4931201172e+02 5.4932397461e+02 5.4933300781e+02 5.4933801270e+02 5.4934301758e+02 5.4934802246e+02 5.4934997559e+02 5.4935302734e+02 5.4935601807e+02 5.4935900879e+02 5.4935998535e+02 5.4936102295e+02 5.4936199951e+02 5.4936401367e+02 5.4936499023e+02 5.4936602783e+02 5.4936700439e+02 5.4936901855e+02 5.4936901855e+02 5.4936798096e+02
5.4791198730e+02 5.4796301270e+02 5.4802600098e+02 5.4805999756e+02 5.4814898682e+02 5.4845202637e+02 5.4874298096e+02 5.4891400146e+02 5.4885797119e+02 5.4894702148e+02 5.4899499512e+02 5.4901098633e+02 5.4900201416e+02 5.4902001953e+02 5.4901599121e+02 5.4893902588e+02 5.4883300781e+02 5.4883099365e+02 5.4884899902e+02 5.4884997559e+02 5.4886199951e+02 5.4893298340e+02 5.4903100586e+02 5.4912799072e+02 5.4919299316e+02 5.4924798584e+02 5.4929302979e+02 5.4931799316e+02 5.4931896973e+02 5.4932098389e+02 5.4932800293e+02 5.4933398438e+02 5.4933801270e+02 5.4934399414e+02 5.4934802246e+02 5.4935101318e+02 5.4935498047e+02 5.4935797119e+02 5.4936102295e+02 5.4936297607e+02 5.4936499023e+02 5.4936499023e+02 5.4936602783e+02 5.4936798096e+02 5.4936901855e+02 5.4936798096e+02
5.4786297607e+02 5.4791601563e+02 5.4797900391e+02 5.4803198242e+02 5.4805297852e+02 5.4812902832e+02 5.4835198975e+02 5.4867700195e+02 5.4883099365e+02 5.4878601074e+02 5.4881597900e+02 5.4893298340e+02 5.4905499268e+02 5.4907000732e+02 5.4899700928e+02 5.4884802246e+02 5.4874401855e+02 5.4876397705e+02 5.4879998779e+02 5.4881500244e+02 5.4880999756e+02 5.4886999512e+02 5.4896002197e+02 5.4906402588e+02 5.4914697266e+02 5.4920202637e+02 5.4926098633e+02 5.4930499268e+02 5.4930499268e+02 5.4929998779e+02 5.4930999756e+02 5.4931896973e+02 5.4932299805e+02 5.4933697510e+02 5.4934301758e+02 5.4934600830e+02 5.4934997559e+02 5.4935797119e+02 5.4936199951e+02 5.4936602783e+02 5.4936798096e+02 5.4936700439e+02 5.4936798096e+02 5.4936901855e+02 5.4937097168e+02 5.4936999512e+02
5.4782000732e+02 5.4785101318e+02 5.4791699219e+02 5.4797399902e+02 5.4800598145e+02 5.4807598877e+02 5.4815899658e+02 5.4831896973e+02 5.4844799805e+02 5.4857000732e+02 5.4862799072e+02 5.4869598389e+02 5.4883599854e+02 5.4889300537e+02 5.4881896973e+02 5.4866998291e+02 5.4866699219e+02 5.4871697998e+02 5.4875500488e+02 5.4876800537e+02 5.4877398682e+02 5.4881298828e+02 5.4888397217e+02 5.4897698975e+02 5.4904998779e+02 5.4912597656e+02 5.4920001221e+02 5.4926800537e+02 5.4928601074e+02 5.4929302979e+02 5.4930401611e+02 5.4931500244e+02 5.4932098389e+02 5.4933697510e+02 5.4934399414e+02 5.4934600830e+02 5.4934600830e+02 5.4935699463e+02 5.4936602783e+02 5.4936999512e+02 5.4936798096e+02 5.4936901855e+02 5.4936999512e+02 5.4936901855e+02 5.4936798096e+02 5.4936999512e+02
5.4780102539e+02 5.4782501221e+02 5.4787402344e+02 5.4792901611e+02 5.4796801758e+02 5.4804699707e+02 5.4809100342e+02 5.4811999512e+02 5.4814801025e+02 5.4825500488e+02 5.4832098389e+02 5.4835998535e+02 5.4845397949e+02 5.4850000000e+02 5.4853900146e+02 5.4855102539e+02 5.4861700439e+02 5.4867199707e+02 5.4870697021e+02 5.4871899414e+02 5.4874102783e+02 5.4876898193e+02 5.4882202148e+02 5.4889398193e+02 5.4895697021e+02 5.4903100586e+02 5.4910797119e+02 5.4919799805e+02 5.4925201416e+02 5.4927600098e+02 5.4929797363e+02 5.4931402588e+02 5.4931701660e+02 5.4933001709e+02 5.4933801270e+02 5.4934002686e+02 5.4934100342e+02 5.4935400391e+02 5.4936499023e+02 5.4937097168e+02 5.4936901855e+02 5.4936700439e+02 5.4936700439e+02 5.4936700439e+02 5.4936602783e+02 5.4936700439e+02
5.4776599121e+02 5.4780297852e+02 5.4784600830e+02 5.4790197754e+02 5.4794097900e+02 5.4800097656e+02 5.4805603027e+02 5.4809399414e+02 5.4812799072e+02 5.4818200684e+02 5.4823602295e+02 5.4827197266e+02 5.4832000732e+02 5.4837902832e+02 5.4845599365e+02 5.4852001953e+02 5.4858197021e+02 5.4863598633e+02 5.4866998291e+02 5.4868597412e+02 5.4870202637e+02 5.4872497559e+02 5.4876898193e+02 5.4883099365e+02 5.4890002441e+02 5.4894897461e+02 5.4900701904e+02 5.4910498047e+02 5.4919396973e+02 5.4923498535e+02 5.4927502441e+02 5.4930499268e+02 5.4930700684e+02 5.4931500244e+02 5.4932501221e+02 5.4933099365e+02 5.4933599854e+02 5.4935198975e+02 5.4936602783e+02 5.4937298584e+02 5.4936901855e+02 5.4936401367e+02 5.4936401367e+02 5.4936297607e+02 5.4936297607e+02 5.4936499023e+02
5.4772100830e+02 5.4778399658e+02 5.4783197021e+02 5.4787701416e+02 5.4790002441e+02 5.4795501709e+02 5.4800097656e+02 5.4804498291e+02 5.4810400391e+02 5.4814398193e+02 5.4819299316e+02 5.4824902344e+02 5.4830401611e+02 5.4835198975e+02 5.4840899658e+02 5.4846697998e+02 5.4854199219e+02 5.4859698486e+02 5.4864099121e+02 5.4866497803e+02 5.4867102051e+02 5.4870202637e+02 5.4873797607e+02 5.4878997803e+02 5.4885101318e+02 5.4888098145e+02 5.4892401123e+02 5.4900799561e+02 5.4909997559e+02 5.4916802979e+02 5.4923199463e+02 5.4928497314e+02 5.4928399658e+02 5.4929400635e+02 5.4930499268e+02 5.4931201172e+02 5.4932397461e+02 5.4935699463e+02 5.4937500000e+02 5.4938098145e+02 5.4936999512e+02 5.4935998535e+02 5.4935797119e+02 5.4935699463e+02 5.4935498047e+02 5.4936102295e+02
5.4767901611e+02 5.4772698975e+02 5.4777502441e+02 5.4781500244e+02 5.4785900879e+02 5.4791601563e+02 5.4796301270e+02 5.4799902344e+02 5.4805297852e+02 5.4808898926e+02 5.4814099121e+02 5.4819897461e+02 5.4825598145e+02 5.4829797363e+02 5.4836199951e+02 5.4842602539e+02 5.4849499512e+02 5.4855401611e+02 5.4860400391e+02 5.4862902832e+02 5.4861798096e+02 5.4865502930e+02 5.4870300293e+02 5.4875799561e+02 5.4880798340e+02 5.4882897949e+02 5.4887597656e+02 5.4894396973e+02 5.4900799561e+02 5.4906298828e+02 5.4913897705e+02 5.4921997070e+02 5.4925402832e+02 5.4927398682e+02 5.4928900146e+02 5.4929498291e+02 5.4932098389e+02 5.4936199951e+02 5.4937500000e+02 5.4937200928e+02 5.4935498047e+02 5.4934899902e+02 5.4934997559e+02 5.4935101318e+02 5.4935302734e+02 5.4935699463e+02
5.4762402344e+02 5.4766497803e+02 5.4771600342e+02 5.4775701904e+02 5.4780999756e+02 5.4786499023e+02 5.4791699219e+02 5.4795300293e+02 5.4800000000e+02 5.4804602051e+02 5.4810198975e+02 5.4815600586e+02 5.4820898438e+02 5.4825000000e+02 5.4832702637e+02 5.4840002441e+02 5.4845898438e+02 5.4851898193e+02 5.4856597900e+02 5.4859197998e+02 5.4857897949e+02 5.4860498047e+02 5.4865502930e+02 5.4871398926e+02 5.4876098633e+02 5.4879101563e+02 5.4884002686e+02 5.4890002441e+02 5.4894299316e+02 5.4897302246e+02 5.4903002930e+02 5.4911602783e+02 5.4919500732e+02 5.4924298096e+02 5.4927801514e+02 5.4930499268e+02 5.4933697510e+02 5.4936297607e+02 5.4936499023e+02 5.4935400391e+02 5.4933898926e+02 5.4934100342e+02 5.4934497070e+02 5.4934899902e+02 5.4935198975e+02 5.4935498047e+02
5.4755798340e+02 5.4760198975e+02 5.4766699219e+02 5.4771697998e+02 5.4776898193e+02 5.4782897949e+02 5.4787097168e+02 5.4790100098e+02 5.4796099854e+02 5.4802697754e+02 5.4807702637e+02 5.4812097168e+02 5.4817797852e+02 5.4821301270e+02 5.4828497314e+02 5.4835699463e+02 5.4842297363e+02 5.4848297119e+02 5.4851599121e+02 5.4853698730e+02 5.4854302979e+02 5.4855700684e+02 5.4859997559e+02 5.4865997314e+02 5.4870800781e+02 5.4875097656e+02 5.4880499268e+02 5.4886297607e+02 5.4890600586e+02 5.4893103027e+02 5.4895300293e+02 5.4901599121e+02 5.4911199951e+02 5.4918597412e+02 5.4924700928e+02 5.4930700684e+02 5.4934899902e+02 5.4935699463e+02 5.4935198975e+02 5.4933697510e+02 5.4932501221e+02 5.4933398438e+02 5.4934100342e+02 5.4934802246e+02 5.4935198975e+02 5.4935498047e+02
5.4750097656e+02 5.4754302979e+02 5.4761700439e+02 5.4767999268e+02 5.4772302246e+02 5.4778002930e+02 5.4781500244e+02 5.4786199951e+02 5.4793902588e+02 5.4800299072e+02 5.4805200195e+02 5.4809497070e+02 5.4815502930e+02 5.4817797852e+02 5.4823901367e+02 5.4831201172e+02 5.4837799072e+02 5.4843402100e+02 5.4846899414e+02 5.4850000000e+02 5.4852398682e+02 5.4851599121e+02 5.4855102539e+02 5.4860601807e+02 5.4864300537e+02 5.4869500732e+02 5.4875299072e+02 5.4881298828e+02 5.4886102295e+02 5.4889801025e+02 5.4889898682e+02 5.4892498779e+02 5.4900598145e+02 5.4909899902e+02 5.4917602539e+02 5.4925701904e+02 5.4933502197e+02 5.4933599854e+02 5.4932897949e+02 5.4931701660e+02 5.4932299805e+02 5.4933001709e+02 5.4933898926e+02 5.4934497070e+02 5.4934698486e+02 5.4935699463e+02
5.4744799805e+02 5.4748901367e+02 5.4756201172e+02 5.4762799072e+02 5.4767401123e+02 5.4773400879e+02 5.4778100586e+02 5.4784399414e+02 5.4791400146e+02 5.4796997070e+02 5.4801599121e+02 5.4805200195e+02 5.4810699463e+02 5.4814697266e+02 5.4819702148e+02 5.4825701904e+02 5.4832397461e+02 5.4839099121e+02 5.4843798828e+02 5.4846997070e+02 5.4849200439e+02 5.4850000000e+02 5.4852502441e+02 5.4857501221e+02 5.4861798096e+02 5.4865100098e+02 5.4870800781e+02 5.4877197266e+02 5.4881402588e+02 5.4884600830e+02 5.4885302734e+02 5.4887799072e+02 5.4892602539e+02 5.4900097656e+02 5.4908001709e+02 5.4916400146e+02 5.4924401855e+02 5.4927697754e+02 5.4929199219e+02 5.4930102539e+02 5.4931298828e+02 5.4932098389e+02 5.4932897949e+02 5.4933398438e+02 5.4934197998e+02 5.4935998535e+02
5.4738702393e+02 5.4744201660e+02 5.4751098633e+02 5.4756799316e+02 5.4762902832e+02 5.4770501709e+02 5.4776800537e+02 5.4782800293e+02 5.4787701416e+02 5.4792199707e+02 5.4796301270e+02 5.4800299072e+02 5.4805902100e+02 5.4811499023e+02 5.4816101074e+02 5.4821697998e+02 5.4827697754e+02 5.4833398438e+02 5.4839099121e+02 5.4842901611e+02 5.4845397949e+02 5.4849401855e+02 5.4852197266e+02 5.4855603027e+02 5.4859100342e+02 5.4861297607e+02 5.4866302490e+02 5.4871197510e+02 5.4874200439e+02 5.4877301025e+02 5.4878997803e+02 5.4883099365e+02 5.4887500000e+02 5.4892602539e+02 5.4899499512e+02 5.4908001709e+02 5.4915399170e+02 5.4920599365e+02 5.4924597168e+02 5.4927502441e+02 5.4929199219e+02 5.4930297852e+02 5.4931298828e+02 5.4932098389e+02 5.4933898926e+02 5.4936602783e+02
5.4733197021e+02 5.4738702393e+02 5.4745599365e+02 5.4750402832e+02 5.4756799316e+02 5.4764300537e+02 5.4771301270e+02 5.4777099609e+02 5.4782800293e+02 5.4787799072e+02 5.4792602539e+02 5.4797601318e+02 5.4803002930e+02 5.4808001709e+02 5.4813299561e+02 5.4819000244e+02 5.4823999023e+02 5.4827697754e+02 5.4833502197e+02 5.4838098145e+02 5.4841101074e+02 5.4846197510e+02 5.4849798584e+02 5.4852899170e+02 5.4855499268e+02 5.4856799316e+02 5.4860601807e+02 5.4864001465e+02 5.4866101074e+02 5.4869097900e+02 5.4871398926e+02 5.4877001953e+02 5.4883697510e+02 5.4888702393e+02 5.4893701172e+02 5.4901202393e+02 5.4908300781e+02 5.4914697266e+02 5.4920501709e+02 5.4924700928e+02 5.4926800537e+02 5.4928198242e+02 5.4929901123e+02 5.4931597900e+02 5.4934301758e+02 5.4937200928e+02
5.4727697754e+02 5.4733801270e+02 5.4740502930e+02 5.4744097900e+02 5.4751202393e+02 5.4757800293e+02 5.4764398193e+02 5.4770001221e+02 5.4777398682e+02 5.4784301758e+02 5.4790399170e+02 5.4795397949e+02 5.4799200439e+02 5.4804302979e+02 5.4810400391e+02 5.4815002441e+02 5.4818798828e+02 5.4823297119e+02 5.4827600098e+02 5.4831799316e+02 5.4837799072e+02 5.4841802979e+02 5.4845300293e+02 5.4848199463e+02 5.4850500488e+02 5.4852197266e+02 5.4855200195e+02 5.4858197021e+02 5.4860900879e+02 5.4863897705e+02 5.4866601563e+02 5.4871801758e+02 5.4878997803e+02 5.4885900879e+02 5.4890600586e+02 5.4895898438e+02 5.4902697754e+02 5.4909002686e+02 5.4915100098e+02 5.4920098877e+02 5.4922802734e+02 5.4926599121e+02 5.4929901123e+02 5.4933001709e+02 5.4938299561e+02 5.4939300537e+02
5.4723602295e+02 5.4726800537e+02 5.4732897949e+02 5.4738800049e+02 5.4745697021e+02 5.4751898193e+02 5.4759497070e+02 5.4765301514e+02 5.4773199463e+02 5.4778399658e+02 5.4784600830e+02 5.4790197754e+02 5.4795501709e+02 5.4800701904e+02 5.4805798340e+02 5.4810198975e+02 5.4814398193e+02 5.4818402100e+02 5.4822100830e+02 5.4826300049e+02 5.4832702637e+02 5.4836297607e+02 5.4839599609e+02 5.4842797852e+02 5.4845800781e+02 5.4848297119e+02 5.4851599121e+02 5.4854602051e+02 5.4855999756e+02 5.4859600830e+02 5.4862298584e+02 5.4866900635e+02 5.4874200439e+02 5.4881402588e+02 5.4886798096e+02 5.4891900635e+02 5.4896997070e+02 5.4901898193e+02 5.4907702637e+02 5.4913702393e+02 5.4919500732e+02 5.4925701904e+02 5.4931597900e+02 5.4936401367e+02 5.4940002441e+02 5.4941198730e+02
5.4719598389e+02 5.4721899414e+02 5.4727502441e+02 5.4734100342e+02 5.4739300537e+02 5.4744598389e+02 5.4753100586e+02 5.4759600830e+02 5.4767199707e+02 5.4771801758e+02 5.4779101563e+02 5.4785797119e+02 5.4791900635e+02 5.4796899414e+02 5.4802099609e+02 5.4806701660e+02 5.4810601807e+02 5.4814501953e+02 5.4817901611e+02 5.4821398926e+02 5.4825897217e+02 5.4829797363e+02 5.4832800293e+02 5.4836499023e+02 5.4841302490e+02 5.4843701172e+02 5.4846899414e+02 5.4850500488e+02 5.4852197266e+02 5.4855200195e+02 5.4857299805e+02 5.4861499023e+02 5.4867700195e+02 5.4874902344e+02 5.4881097412e+02 5.4886798096e+02 5.4891400146e+02 5.4895898438e+02 5.4902099609e+02 5.4908898926e+02 5.4916198730e+02 5.4924401855e+02 5.4931799316e+02 5.4937597656e+02 5.4940100098e+02 5.4940100098e+02
5.4715997314e+02 5.4719201660e+02 5.4723498535e+02 5.4728497314e+02 5.4733099365e+02 5.4738702393e+02 5.4747399902e+02 5.4754199219e+02 5.4760998535e+02 5.4765899658e+02 5.4773602295e+02 5.4780297852e+02 5.4787701416e+02 5.4793103027e+02 5.4799298096e+02 5.4803698730e+02 5.4806597900e+02 5.4810797119e+02 5.4814398193e+02 5.4817401123e+02 5.4819897461e+02 5.4825000000e+02 5.4828198242e+02 5.4831597900e+02 5.4836798096e+02 5.4838702393e+02 5.4841900635e+02 5.4845898438e+02 5.4848699951e+02 5.4851300049e+02 5.4852697754e+02 5.4855798340e+02 5.4859497070e+02 5.4865899658e+02 5.4873199463e+02 5.4880297852e+02 5.4886102295e+02 5.4890899658e+02 5.4897198486e+02 5.4904400635e+02 5.4912298584e+02 5.4920800781e+02 5.4928900146e+02 5.4935302734e+02 5.4937799072e+02 5.4937597656e+02
