TESTSERVER/4/18.asc
NCOLS 100
NROWS 100
XLLCORNER 7.6997500000e+03
YLLCORNER 2.8905025000e+05
CELLSIZE 5.0000000000e-01
NODATA_VALUE -9.9990000000e+03
[rows 20 to 39 of 100, columns 46 to 91 of 100]
5.4465899658e+02 5.4467401123e+02 5.4473602295e+02 5.4469299316e+02 5.4468200684e+02 5.4470599365e+02 5.4475299072e+02 5.4478399658e+02 5.4482800293e+02 5.4486798096e+02 5.4491699219e+02 5.4495697021e+02 5.4499102783e+02 5.4501501465e+02 5.4503497314e+02 5.4509100342e+02 5.4514801025e+02 5.4519097900e+02 5.4521899414e+02 5.4525201416e+02 5.4529998779e+02 5.4536499023e+02 5.4539398193e+02 5.4540600586e+02 5.4543103027e+02 5.4546002197e+02 5.4549401855e+02 5.4552502441e+02 5.4555499268e+02 5.4557501221e+02 5.4558099365e+02 5.4557202148e+02 5.4557299805e+02 5.4557501221e+02 5.4557800293e+02 5.4557897949e+02 5.4558099365e+02 5.4558300781e+02 5.4558300781e+02 5.4558398438e+02 5.4558599854e+02 5.4558697510e+02 5.4558801270e+02 5.4559100342e+02 5.4559197998e+02 5.4559301758e+02
5.4467102051e+02 5.4469396973e+02 5.4475897217e+02 5.4471697998e+02 5.4469201660e+02 5.4471801758e+02 5.4475701904e+02 5.4479199219e+02 5.4483599854e+02 5.4488299561e+02 5.4493701172e+02 5.4498101807e+02 5.4501501465e+02 5.4504101563e+02 5.4506500244e+02 5.4511700439e+02 5.4516699219e+02 5.4521099854e+02 5.4525799561e+02 5.4528601074e+02 5.4532501221e+02 5.4537701416e+02 5.4540399170e+02 5.4542498779e+02 5.4545001221e+02 5.4547601318e+02 5.4550897217e+02 5.4553900146e+02 5.4555999756e+02 5.4557501221e+02 5.4558001709e+02 5.4557598877e+02 5.4557702637e+02 5.4557800293e+02 5.4557897949e+02 5.4558099365e+02 5.4558197021e+02 5.4558300781e+02 5.4558398438e+02 5.4558502197e+02 5.4558502197e+02 5.4558599854e+02 5.4558801270e+02 5.4559002686e+02 5.4559100342e+02 5.4559197998e+02
5.4470697021e+02 5.4471099854e+02 5.4473400879e+02 5.4470098877e+02 5.4469396973e+02 5.4472601318e+02 5.4476000977e+02 5.4480200195e+02 5.4485400391e+02 5.4490399170e+02 5.4495300293e+02 5.4500402832e+02 5.4504199219e+02 5.4507098389e+02 5.4509899902e+02 5.4514001465e+02 5.4518499756e+02 5.4523602295e+02 5.4529699707e+02 5.4532598877e+02 5.4535101318e+02 5.4538800049e+02 5.4541802979e+02 5.4544598389e+02 5.4547302246e+02 5.4549798584e+02 5.4552801514e+02 5.4555200195e+02 5.4556799316e+02 5.4557897949e+02 5.4557897949e+02 5.4557598877e+02 5.4557702637e+02 5.4557897949e+02 5.4558001709e+02 5.4558197021e+02 5.4558300781e+02 5.4558398438e+02 5.4558502197e+02 5.4558502197e+02 5.4558599854e+02 5.4558697510e+02 5.4558801270e+02 5.4559002686e+02 5.4559100342e+02 5.4559197998e+02
5.4467297363e+02 5.4466198730e+02 5.4467297363e+02 5.4467700195e+02 5.4469500732e+02 5.4472900391e+02 5.4476202393e+02 5.4481799316e+02 5.4487298584e+02 5.4492102051e+02 5.4496600342e+02 5.4502099609e+02 5.4505999756e+02 5.4508898926e+02 5.4512298584e+02 5.4516400146e+02 5.4521002197e+02 5.4526397705e+02 5.4532598877e+02 5.4535198975e+02 5.4536798096e+02 5.4539898682e+02 5.4543902588e+02 5.4547497559e+02 5.4550402832e+02 5.4552801514e+02 5.4554901123e+02 5.4556402588e+02 5.4557598877e+02 5.4558099365e+02 5.4557897949e+02 5.4557702637e+02 5.4557897949e+02 5.4558001709e+02 5.4558099365e+02 5.4558300781e+02 5.4558398438e+02 5.4558502197e+02 5.4558599854e+02 5.4558599854e+02 5.4558697510e+02 5.4558801270e+02 5.4558898926e+02 5.4558898926e+02 5.4559100342e+02 5.4559100342e+02
5.4459197998e+02 5.4458300781e+02 5.4462597656e+02 5.4466699219e+02 5.4469598389e+02 5.4472399902e+02 5.4477099609e+02 5.4483099365e+02 5.4488201904e+02 5.4492901611e+02 5.4498101807e+02 5.4502697754e+02 5.4506402588e+02 5.4509600830e+02 5.4513397217e+02 5.4518798828e+02 5.4524401855e+02 5.4529901123e+02 5.4534802246e+02 5.4535998535e+02 5.4537799072e+02 5.4541497803e+02 5.4546600342e+02 5.4550799561e+02 5.4553802490e+02 5.4555999756e+02 5.4557299805e+02 5.4557299805e+02 5.4557800293e+02 5.4558001709e+02 5.4557800293e+02 5.4557800293e+02 5.4558001709e+02 5.4558197021e+02 5.4558300781e+02 5.4558300781e+02 5.4558398438e+02 5.4558502197e+02 5.4558599854e+02 5.4558599854e+02 5.4558697510e+02 5.4558697510e+02 5.4558801270e+02 5.4558898926e+02 5.4559002686e+02 5.4559100342e+02
5.4457800293e+02 5.4460101318e+02 5.4463299561e+02 5.4467797852e+02 5.4471697998e+02 5.4475000000e+02 5.4479199219e+02 5.4484100342e+02 5.4489099121e+02 5.4494299316e+02 5.4498999023e+02 5.4502398682e+02 5.4506597900e+02 5.4510797119e+02 5.4515197754e+02 5.4520697021e+02 5.4526397705e+02 5.4531500244e+02 5.4534899902e+02 5.4536999512e+02 5.4540600586e+02 5.4545202637e+02 5.4550299072e+02 5.4553698730e+02 5.4556201172e+02 5.4557800293e+02 5.4557897949e+02 5.4557501221e+02 5.4557598877e+02 5.4557800293e+02 5.4557897949e+02 5.4558001709e+02 5.4558099365e+02 5.4558300781e+02 5.4558398438e+02 5.4558502197e+02 5.4558502197e+02 5.4558599854e+02 5.4558697510e+02 5.4558697510e+02 5.4558697510e+02 5.4558697510e+02 5.4558801270e+02 5.4559002686e+02 5.4559100342e+02 5.4559100342e+02
5.4457098389e+02 5.4460601807e+02 5.4464001465e+02 5.4468701172e+02 5.4473101807e+02 5.4476702881e+02 5.4480798340e+02 5.4485198975e+02 5.4490002441e+02 5.4494897461e+02 5.4498901367e+02 5.4501397705e+02 5.4505902100e+02 5.4511999512e+02 5.4517700195e+02 5.4522998047e+02 5.4528399658e+02 5.4533099365e+02 5.4536199951e+02 5.4540002441e+02 5.4545001221e+02 5.4549798584e+02 5.4553601074e+02 5.4555902100e+02 5.4557702637e+02 5.4558599854e+02 5.4558197021e+02 5.4557598877e+02 5.4557800293e+02 5.4558001709e+02 5.4558099365e+02 5.4558099365e+02 5.4558300781e+02 5.4558502197e+02 5.4558599854e+02 5.4558599854e+02 5.4558697510e+02 5.4558801270e+02 5.4558801270e+02 5.4558801270e+02 5.4558801270e+02 5.4558801270e+02 5.4558898926e+02 5.4559002686e+02 5.4559100342e+02 5.4559100342e+02
5.4456701660e+02 5.4459997559e+02 5.4463800049e+02 5.4468103027e+02 5.4472698975e+02 5.4477197266e+02 5.4481896973e+02 5.4485900879e+02 5.4490100098e+02 5.4494299316e+02 5.4497601318e+02 5.4498901367e+02 5.4503900146e+02 5.4512298584e+02 5.4520001221e+02 5.4525402832e+02 5.4530499268e+02 5.4535101318e+02 5.4538702393e+02 5.4543701172e+02 5.4549298096e+02 5.4553698730e+02 5.4555902100e+02 5.4557397461e+02 5.4558502197e+02 5.4558898926e+02 5.4558099365e+02 5.4557800293e+02 5.4557897949e+02 5.4558099365e+02 5.4558197021e+02 5.4558300781e+02 5.4558502197e+02 5.4558599854e+02 5.4558801270e+02 5.4558801270e+02 5.4558898926e+02 5.4558898926e+02 5.4559002686e+02 5.4558898926e+02 5.4558898926e+02 5.4558898926e+02 5.4558898926e+02 5.4559002686e+02 5.4559100342e+02 5.4559100342e+02
5.4455999756e+02 5.4459100342e+02 5.4463000488e+02 5.4466802979e+02 5.4471997070e+02 5.4478002930e+02 5.4483502197e+02 5.4486798096e+02 5.4490002441e+02 5.4493597412e+02 5.4496899414e+02 5.4497698975e+02 5.4503399658e+02 5.4513201904e+02 5.4521801758e+02 5.4527600098e+02 5.4532800293e+02 5.4537402344e+02 5.4541699219e+02 5.4547198486e+02 5.4552301025e+02 5.4555902100e+02 5.4557000732e+02 5.4557598877e+02 5.4557897949e+02 5.4558001709e+02 5.4557397461e+02 5.4557702637e+02 5.4557897949e+02 5.4558001709e+02 5.4558099365e+02 5.4558502197e+02 5.4558599854e+02 5.4558801270e+02 5.4558801270e+02 5.4558898926e+02 5.4559002686e+02 5.4559002686e+02 5.4559002686e+02 5.4559002686e+02 5.4559002686e+02 5.4558898926e+02 5.4558801270e+02 5.4559002686e+02 5.4559002686e+02 5.4559002686e+02
5.4455700684e+02 5.4459802246e+02 5.4464501953e+02 5.4468701172e+02 5.4472698975e+02 5.4477600098e+02 5.4482501221e+02 5.4486602783e+02 5.4489099121e+02 5.4492797852e+02 5.4497601318e+02 5.4500598145e+02 5.4507000732e+02 5.4516900635e+02 5.4525598145e+02 5.4530798340e+02 5.4535900879e+02 5.4540899658e+02 5.4546301270e+02 5.4551599121e+02 5.4555401611e+02 5.4557702637e+02 5.4557800293e+02 5.4557202148e+02 5.4557299805e+02 5.4557501221e+02 5.4557702637e+02 5.4557897949e+02 5.4558001709e+02 5.4558099365e+02 5.4558398438e+02 5.4558697510e+02 5.4558801270e+02 5.4558898926e+02 5.4559100342e+02 5.4559100342e+02 5.4559100342e+02 5.4559197998e+02 5.4559197998e+02 5.4559197998e+02 5.4559100342e+02 5.4559100342e+02 5.4559002686e+02 5.4559100342e+02 5.4559100342e+02 5.4559100342e+02
5.4456298828e+02 5.4460601807e+02 5.4465197754e+02 5.4471398926e+02 5.4475701904e+02 5.4478698730e+02 5.4482202148e+02 5.4485797119e+02 5.4488800049e+02 5.4493402100e+02 5.4500500488e+02 5.4506597900e+02 5.4514300537e+02 5.4523199463e+02 5.4530798340e+02 5.4535498047e+02 5.4540502930e+02 5.4545800781e+02 5.4551397705e+02 5.4555401611e+02 5.4558001709e+02 5.4559197998e+02 5.4558300781e+02 5.4557501221e+02 5.4557598877e+02 5.4557800293e+02 5.4558001709e+02 5.4558300781e+02 5.4558398438e+02 5.4558502197e+02 5.4558801270e+02 5.4558898926e+02 5.4559100342e+02 5.4559197998e+02 5.4559301758e+02 5.4559301758e+02 5.4559301758e+02 5.4559399414e+02 5.4559497070e+02 5.4559399414e+02 5.4559301758e+02 5.4559197998e+02 5.4559197998e+02 5.4559301758e+02 5.4559301758e+02 5.4559301758e+02
5.4457299805e+02 5.4461602783e+02 5.4466101074e+02 5.4472399902e+02 5.4476501465e+02 5.4478601074e+02 5.4482702637e+02 5.4486798096e+02 5.4491998291e+02 5.4498699951e+02 5.4506597900e+02 5.4514099121e+02 5.4522698975e+02 5.4530700684e+02 5.4536602783e+02 5.4540997314e+02 5.4545898438e+02 5.4551098633e+02 5.4556097412e+02 5.4558502197e+02 5.4559698486e+02 5.4559899902e+02 5.4558599854e+02 5.4558001709e+02 5.4558099365e+02 5.4558197021e+02 5.4558398438e+02 5.4558599854e+02 5.4558801270e+02 5.4558898926e+02 5.4559100342e+02 5.4559197998e+02 5.4559301758e+02 5.4559399414e+02 5.4559497070e+02 5.4559497070e+02 5.4559600830e+02 5.4559600830e+02 5.4559600830e+02 5.4559600830e+02 5.4559497070e+02 5.4559399414e+02 5.4559399414e+02 5.4559497070e+02 5.4559497070e+02 5.4559497070e+02
5.4458502197e+02 5.4463800049e+02 5.4468798828e+02 5.4473498535e+02 5.4476300049e+02 5.4479101563e+02 5.4484600830e+02 5.4490301514e+02 5.4496697998e+02 5.4504199219e+02 5.4512402344e+02 5.4520202637e+02 5.4529199219e+02 5.4537200928e+02 5.4542199707e+02 5.4546502686e+02 5.4551397705e+02 5.4555798340e+02 5.4558697510e+02 5.4559802246e+02 5.4559802246e+02 5.4559301758e+02 5.4558398438e+02 5.4558599854e+02 5.4558599854e+02 5.4558599854e+02 5.4558801270e+02 5.4559100342e+02 5.4559100342e+02 5.4559100342e+02 5.4559100342e+02 5.4559399414e+02 5.4559497070e+02 5.4559600830e+02 5.4559600830e+02 5.4559802246e+02 5.4559802246e+02 5.4559899902e+02 5.4559802246e+02 5.4559698486e+02 5.4559698486e+02 5.4559600830e+02 5.4559600830e+02 5.4559600830e+02 5.4559698486e+02 5.4559698486e+02
5.4459698486e+02 5.4465502930e+02 5.4470202637e+02 5.4474902344e+02 5.4478302002e+02 5.4482598877e+02 5.4488201904e+02 5.4493798828e+02 5.4498999023e+02 5.4506896973e+02 5.4515600586e+02 5.4524102783e+02 5.4534802246e+02 5.4544396973e+02 5.4548999023e+02 5.4552301025e+02 5.4556201172e+02 5.4559197998e+02 5.4560101318e+02 5.4559997559e+02 5.4559899902e+02 5.4559600830e+02 5.4559301758e+02 5.4559399414e+02 5.4559301758e+02 5.4559197998e+02 5.4559399414e+02 5.4559600830e+02 5.4559399414e+02 5.4559301758e+02 5.4559497070e+02 5.4559802246e+02 5.4559802246e+02 5.4559802246e+02 5.4559899902e+02 5.4559997559e+02 5.4560101318e+02 5.4560101318e+02 5.4560101318e+02 5.4559997559e+02 5.4559997559e+02 5.4559997559e+02 5.4559899902e+02 5.4559899902e+02 5.4559899902e+02 5.4559899902e+02
5.4461499023e+02 5.4466400146e+02 5.4470098877e+02 5.4475097656e+02 5.4478997803e+02 5.4484197998e+02 5.4489898682e+02 5.4499499512e+02 5.4508001709e+02 5.4516101074e+02 5.4521197510e+02 5.4527301025e+02 5.4536499023e+02 5.4547198486e+02 5.4554101563e+02 5.4556701660e+02 5.4559497070e+02 5.4561199951e+02 5.4560998535e+02 5.4560797119e+02 5.4560797119e+02 5.4560498047e+02 5.4560198975e+02 5.4560101318e+02 5.4559997559e+02 5.4559899902e+02 5.4559899902e+02 5.4559997559e+02 5.4559899902e+02 5.4559802246e+02 5.4559899902e+02 5.4560101318e+02 5.4560101318e+02 5.4560101318e+02 5.4560198975e+02 5.4560302734e+02 5.4560302734e+02 5.4560302734e+02 5.4560302734e+02 5.4560302734e+02 5.4560198975e+02 5.4560198975e+02 5.4560198975e+02 5.4560198975e+02 5.4560198975e+02 5.4560302734e+02
5.4462500000e+02 5.4466400146e+02 5.4470599365e+02 5.4476098633e+02 5.4480499268e+02 5.4487902832e+02 5.4499102783e+02 5.4518701172e+02 5.4535699463e+02 5.4546301270e+02 5.4544598389e+02 5.4539300537e+02 5.4539001465e+02 5.4545898438e+02 5.4556500244e+02 5.4560400391e+02 5.4561901855e+02 5.4562402344e+02 5.4561602783e+02 5.4561602783e+02 5.4561700439e+02 5.4561401367e+02 5.4560998535e+02 5.4560797119e+02 5.4560699463e+02 5.4560601807e+02 5.4560498047e+02 5.4560498047e+02 5.4560400391e+02 5.4560302734e+02 5.4560198975e+02 5.4560400391e+02 5.4560400391e+02 5.4560400391e+02 5.4560498047e+02 5.4560498047e+02 5.4560498047e+02 5.4560498047e+02 5.4560601807e+02 5.4560498047e+02 5.4560498047e+02 5.4560498047e+02 5.4560498047e+02 5.4560498047e+02 5.4560601807e+02 5.4560601807e+02
5.4463397217e+02 5.4466601563e+02 5.4471502686e+02 5.4479199219e+02 5.4485797119e+02 5.4501000977e+02 5.4527899170e+02 5.4547601318e+02 5.4567901611e+02 5.4585400391e+02 5.4596502686e+02 5.4575097656e+02 5.4558099365e+02 5.4551300049e+02 5.4557598877e+02 5.4563500977e+02 5.4564001465e+02 5.4563397217e+02 5.4561999512e+02 5.4562097168e+02 5.4562097168e+02 5.4561999512e+02 5.4561901855e+02 5.4561499023e+02 5.4561401367e+02 5.4561199951e+02 5.4561102295e+02 5.4560998535e+02 5.4560900879e+02 5.4560699463e+02 5.4560601807e+02 5.4560699463e+02 5.4560699463e+02 5.4560601807e+02 5.4560601807e+02 5.4560797119e+02 5.4560699463e+02 5.4560699463e+02 5.4560797119e+02 5.4560797119e+02 5.4560900879e+02 5.4560797119e+02 5.4560998535e+02 5.4560900879e+02 5.4560900879e+02 5.4560998535e+02
5.4463702393e+02 5.4467901611e+02 5.4473101807e+02 5.4481298828e+02 5.4491699219e+02 5.4515698242e+02 5.4551898193e+02 5.4578198242e+02 5.4597100830e+02 5.4615002441e+02 5.4625598145e+02 5.4620001221e+02 5.4598901367e+02 5.4576397705e+02 5.4564898682e+02 5.4565600586e+02 5.4565399170e+02 5.4564398193e+02 5.4563098145e+02 5.4562701416e+02 5.4562298584e+02 5.4562298584e+02 5.4562298584e+02 5.4561999512e+02 5.4561798096e+02 5.4561602783e+02 5.4561499023e+02 5.4561499023e+02 5.4561199951e+02 5.4560900879e+02 5.4560900879e+02 5.4561102295e+02 5.4560998535e+02 5.4560900879e+02 5.4560900879e+02 5.4560998535e+02 5.4560998535e+02 5.4560998535e+02 5.4560998535e+02 5.4561102295e+02 5.4561102295e+02 5.4561199951e+02 5.4561102295e+02 5.4561102295e+02 5.4561199951e+02 5.4561199951e+02
5.4465698242e+02 5.4469396973e+02 5.4476898193e+02 5.4489898682e+02 5.4506201172e+02 5.4539599609e+02 5.4580200195e+02 5.4598602295e+02 5.4607702637e+02 5.4619299316e+02 5.4633001709e+02 5.4638800049e+02 5.4616400146e+02 5.4586499023e+02 5.4567102051e+02 5.4566900635e+02 5.4566699219e+02 5.4565698242e+02 5.4564300537e+02 5.4563598633e+02 5.4563098145e+02 5.4562799072e+02 5.4562799072e+02 5.4562500000e+02 5.4562298584e+02 5.4561999512e+02 5.4561999512e+02 5.4561798096e+02 5.4561602783e+02 5.4561297607e+02 5.4561199951e+02 5.4561401367e+02 5.4561297607e+02 5.4561102295e+02 5.4561199951e+02 5.4561199951e+02 5.4561199951e+02 5.4561199951e+02 5.4561199951e+02 5.4561297607e+02 5.4561297607e+02 5.4561401367e+02 5.4561401367e+02 5.4561401367e+02 5.4561401367e+02 5.4561401367e+02
5.4467498779e+02 5.4472302246e+02 5.4489001465e+02 5.4507598877e+02 5.4526098633e+02 5.4559399414e+02 5.4589898682e+02 5.4595697021e+02 5.4601098633e+02 5.4612298584e+02 5.4628698730e+02 5.4634002686e+02 5.4609399414e+02 5.4578601074e+02 5.4564099121e+02 5.4567199707e+02 5.4567797852e+02 5.4567199707e+02 5.4565698242e+02 5.4564501953e+02 5.4563897705e+02 5.4563598633e+02 5.4563299561e+02 5.4563000488e+02 5.4562701416e+02 5.4562500000e+02 5.4562402344e+02 5.4562200928e+02 5.4561901855e+02 5.4561700439e+02 5.4561499023e+02 5.4561602783e+02 5.4561499023e+02 5.4561401367e+02 5.4561401367e+02 5.4561401367e+02 5.4561401367e+02 5.4561401367e+02 5.4561401367e+02 5.4561401367e+02 5.4561499023e+02 5.4561499023e+02 5.4561602783e+02 5.4561602783e+02 5.4561602783e+02 5.4561700439e+02
