TESTSERVER/4/18.asc
NCOLS 100
NROWS 100
XLLCORNER 7.6997500000e+03
YLLCORNER 2.8905025000e+05
CELLSIZE 5.0000000000e-01
NODATA_VALUE -9.9990000000e+03
[rows 60 to 79 of 100, columns 0 to 45 of 100]
5.4329400635e+02 5.4329699707e+02 5.4330798340e+02 5.4331896973e+02 5.4332598877e+02 5.4335198975e+02 5.4336798096e+02 5.4338598633e+02 5.4340600586e+02 5.4342102051e+02 5.4344097900e+02 5.4346099854e+02 5.4348101807e+02 5.4351501465e+02 5.4354498291e+02 5.4355700684e+02 5.4355999756e+02 5.4356597900e+02 5.4355700684e+02 5.4353601074e+02 5.4351702881e+02 5.4351898193e+02 5.4352899170e+02 5.4354998779e+02 5.4357501221e+02 5.4360302734e+02 5.4363098145e+02 5.4365802002e+02 5.4367401123e+02 5.4369000244e+02 5.4371099854e+02 5.4372998047e+02 5.4373699951e+02 5.4374499512e+02 5.4376202393e+02 5.4378198242e+02 5.4379998779e+02 5.4380999756e+02 5.4381298828e+02 5.4382598877e+02 5.4383300781e+02 5.4381799316e+02 5.4389099121e+02 5.4396997070e+02 5.4397698975e+02 5.4403100586e+02
5.4324902344e+02 5.4325201416e+02 5.4327197266e+02 5.4328900146e+02 5.4330499268e+02 5.4332702637e+02 5.4334497070e+02 5.4336401367e+02 5.4338201904e+02 5.4339001465e+02 5.4341601563e+02 5.4344299316e+02 5.4346301270e+02 5.4348400879e+02 5.4351098633e+02 5.4352301025e+02 5.4353399658e+02 5.4353997803e+02 5.4353698730e+02 5.4352197266e+02 5.4350402832e+02 5.4349401855e+02 5.4348901367e+02 5.4350897217e+02 5.4354498291e+02 5.4358197021e+02 5.4361499023e+02 5.4364599609e+02 5.4366302490e+02 5.4368902588e+02 5.4371502686e+02 5.4372998047e+02 5.4373400879e+02 5.4373901367e+02 5.4375000000e+02 5.4376599121e+02 5.4378198242e+02 5.4379400635e+02 5.4379400635e+02 5.4378997803e+02 5.4378900146e+02 5.4380902100e+02 5.4387799072e+02 5.4391802979e+02 5.4392797852e+02 5.4398699951e+02
5.4321899414e+02 5.4322802734e+02 5.4325402832e+02 5.4327197266e+02 5.4328601074e+02 5.4330700684e+02 5.4332598877e+02 5.4334497070e+02 5.4336199951e+02 5.4336700439e+02 5.4339501953e+02 5.4342199707e+02 5.4344000244e+02 5.4345800781e+02 5.4347399902e+02 5.4348699951e+02 5.4350201416e+02 5.4351000977e+02 5.4351300049e+02 5.4350201416e+02 5.4348602295e+02 5.4346997070e+02 5.4345599365e+02 5.4347497559e+02 5.4352502441e+02 5.4356097412e+02 5.4358898926e+02 5.4362500000e+02 5.4364898682e+02 5.4368402100e+02 5.4370800781e+02 5.4371600342e+02 5.4372399902e+02 5.4373602295e+02 5.4374499512e+02 5.4374700928e+02 5.4375701904e+02 5.4377801514e+02 5.4378900146e+02 5.4379199219e+02 5.4378601074e+02 5.4380200195e+02 5.4384802246e+02 5.4387799072e+02 5.4389202881e+02 5.4395898438e+02
5.4320001221e+02 5.4321502686e+02 5.4324499512e+02 5.4326000977e+02 5.4326898193e+02 5.4328802490e+02 5.4330700684e+02 5.4332598877e+02 5.4334698486e+02 5.4335797119e+02 5.4338598633e+02 5.4340899658e+02 5.4341400146e+02 5.4342797852e+02 5.4344000244e+02 5.4345397949e+02 5.4346197510e+02 5.4347100830e+02 5.4347497559e+02 5.4346697998e+02 5.4345800781e+02 5.4345001221e+02 5.4344299316e+02 5.4346099854e+02 5.4351098633e+02 5.4354302979e+02 5.4356701660e+02 5.4360797119e+02 5.4363800049e+02 5.4366699219e+02 5.4368402100e+02 5.4369396973e+02 5.4370599365e+02 5.4371600342e+02 5.4372998047e+02 5.4372802734e+02 5.4372998047e+02 5.4375097656e+02 5.4377099609e+02 5.4379199219e+02 5.4379602051e+02 5.4379199219e+02 5.4380297852e+02 5.4381097412e+02 5.4382000732e+02 5.4390698242e+02
5.4318798828e+02 5.4320202637e+02 5.4322900391e+02 5.4324798584e+02 5.4325799561e+02 5.4327099609e+02 5.4329101563e+02 5.4331097412e+02 5.4333300781e+02 5.4334600830e+02 5.4337097168e+02 5.4339099121e+02 5.4339398193e+02 5.4339099121e+02 5.4340399170e+02 5.4341998291e+02 5.4343200684e+02 5.4344097900e+02 5.4344702148e+02 5.4344000244e+02 5.4343798828e+02 5.4343902588e+02 5.4344500732e+02 5.4346002197e+02 5.4349200439e+02 5.4353302002e+02 5.4356500244e+02 5.4360198975e+02 5.4363397217e+02 5.4364697266e+02 5.4365600586e+02 5.4366699219e+02 5.4368200684e+02 5.4368798828e+02 5.4370001221e+02 5.4370697021e+02 5.4370898438e+02 5.4371502686e+02 5.4373199463e+02 5.4376098633e+02 5.4378198242e+02 5.4379199219e+02 5.4379699707e+02 5.4378997803e+02 5.4378601074e+02 5.4384698486e+02
5.4316497803e+02 5.4318597412e+02 5.4320501709e+02 5.4322198486e+02 5.4323602295e+02 5.4325299072e+02 5.4327301025e+02 5.4329302979e+02 5.4331402588e+02 5.4333001709e+02 5.4335498047e+02 5.4336602783e+02 5.4336199951e+02 5.4336297607e+02 5.4338098145e+02 5.4339697266e+02 5.4341302490e+02 5.4343499756e+02 5.4344000244e+02 5.4343298340e+02 5.4343200684e+02 5.4343200684e+02 5.4344000244e+02 5.4345300293e+02 5.4347601318e+02 5.4351000977e+02 5.4354699707e+02 5.4358197021e+02 5.4360998535e+02 5.4362200928e+02 5.4363299561e+02 5.4364501953e+02 5.4365899658e+02 5.4366601563e+02 5.4367199707e+02 5.4367901611e+02 5.4368597412e+02 5.4369201660e+02 5.4369299316e+02 5.4370697021e+02 5.4374298096e+02 5.4376599121e+02 5.4378802490e+02 5.4379101563e+02 5.4377398682e+02 5.4379998779e+02
5.4314398193e+02 5.4316400146e+02 5.4318200684e+02 5.4320098877e+02 5.4321600342e+02 5.4323297119e+02 5.4325299072e+02 5.4327398682e+02 5.4329797363e+02 5.4331701660e+02 5.4334002686e+02 5.4334497070e+02 5.4333898926e+02 5.4335498047e+02 5.4337402344e+02 5.4338397217e+02 5.4339001465e+02 5.4341400146e+02 5.4342602539e+02 5.4342999268e+02 5.4342797852e+02 5.4342901611e+02 5.4344000244e+02 5.4344897461e+02 5.4347100830e+02 5.4350500488e+02 5.4353997803e+02 5.4357299805e+02 5.4358801270e+02 5.4359899902e+02 5.4361102295e+02 5.4362200928e+02 5.4363500977e+02 5.4364099121e+02 5.4364697266e+02 5.4365399170e+02 5.4365600586e+02 5.4367297363e+02 5.4367999268e+02 5.4367901611e+02 5.4369897461e+02 5.4373297119e+02 5.4376599121e+02 5.4378399658e+02 5.4377899170e+02 5.4378198242e+02
5.4312701416e+02 5.4314300537e+02 5.4316198730e+02 5.4317999268e+02 5.4319598389e+02 5.4321301270e+02 5.4323400879e+02 5.4325402832e+02 5.4327801514e+02 5.4329302979e+02 5.4331500244e+02 5.4332098389e+02 5.4332000732e+02 5.4334600830e+02 5.4336798096e+02 5.4337701416e+02 5.4337298584e+02 5.4339099121e+02 5.4340997314e+02 5.4342498779e+02 5.4342700195e+02 5.4343103027e+02 5.4344097900e+02 5.4344702148e+02 5.4346997070e+02 5.4350299072e+02 5.4353100586e+02 5.4355700684e+02 5.4356402588e+02 5.4357598877e+02 5.4358697510e+02 5.4359899902e+02 5.4361102295e+02 5.4361700439e+02 5.4362200928e+02 5.4362902832e+02 5.4363000488e+02 5.4365301514e+02 5.4367102051e+02 5.4366802979e+02 5.4366497803e+02 5.4369000244e+02 5.4372302246e+02 5.4375598145e+02 5.4377502441e+02 5.4378802490e+02
5.4310797119e+02 5.4312701416e+02 5.4314300537e+02 5.4315899658e+02 5.4316900635e+02 5.4318798828e+02 5.4321002197e+02 5.4323199463e+02 5.4326202393e+02 5.4328002930e+02 5.4329400635e+02 5.4329400635e+02 5.4329498291e+02 5.4332702637e+02 5.4334899902e+02 5.4336199951e+02 5.4336798096e+02 5.4337402344e+02 5.4339300537e+02 5.4341400146e+02 5.4342901611e+02 5.4343298340e+02 5.4343701172e+02 5.4344201660e+02 5.4346997070e+02 5.4349401855e+02 5.4351300049e+02 5.4353100586e+02 5.4354400635e+02 5.4355297852e+02 5.4356298828e+02 5.4357299805e+02 5.4358099365e+02 5.4359100342e+02 5.4359899902e+02 5.4360699463e+02 5.4361798096e+02 5.4363299561e+02 5.4364599609e+02 5.4365197754e+02 5.4365600586e+02 5.4365997314e+02 5.4368298340e+02 5.4371899414e+02 5.4374798584e+02 5.4377697754e+02
5.4308099365e+02 5.4310498047e+02 5.4312298584e+02 5.4313800049e+02 5.4315197754e+02 5.4317102051e+02 5.4319396973e+02 5.4321899414e+02 5.4324902344e+02 5.4326599121e+02 5.4327801514e+02 5.4327600098e+02 5.4328302002e+02 5.4331298828e+02 5.4333001709e+02 5.4334301758e+02 5.4335101318e+02 5.4335498047e+02 5.4337701416e+02 5.4340997314e+02 5.4342700195e+02 5.4342797852e+02 5.4342498779e+02 5.4343499756e+02 5.4345898438e+02 5.4347698975e+02 5.4349401855e+02 5.4351202393e+02 5.4353002930e+02 5.4353802490e+02 5.4354699707e+02 5.4355603027e+02 5.4356500244e+02 5.4357501221e+02 5.4358398438e+02 5.4359301758e+02 5.4360198975e+02 5.4361199951e+02 5.4362298584e+02 5.4363397217e+02 5.4364202881e+02 5.4365002441e+02 5.4366699219e+02 5.4369000244e+02 5.4371600342e+02 5.4374499512e+02
5.4305902100e+02 5.4308099365e+02 5.4309899902e+02 5.4311999512e+02 5.4314398193e+02 5.4316400146e+02 5.4318402100e+02 5.4320697021e+02 5.4323699951e+02 5.4324597168e+02 5.4325799561e+02 5.4326702881e+02 5.4328302002e+02 5.4329602051e+02 5.4330902100e+02 5.4333099365e+02 5.4334197998e+02 5.4334399414e+02 5.4336499023e+02 5.4339801025e+02 5.4341198730e+02 5.4341699219e+02 5.4341699219e+02 5.4342602539e+02 5.4344396973e+02 5.4346099854e+02 5.4347900391e+02 5.4349700928e+02 5.4351397705e+02 5.4352301025e+02 5.4353302002e+02 5.4354199219e+02 5.4354998779e+02 5.4355902100e+02 5.4356799316e+02 5.4357702637e+02 5.4358502197e+02 5.4359497070e+02 5.4360601807e+02 5.4361700439e+02 5.4362701416e+02 5.4362902832e+02 5.4364501953e+02 5.4366497803e+02 5.4368103027e+02 5.4370202637e+02
5.4302899170e+02 5.4305999756e+02 5.4308197021e+02 5.4310400391e+02 5.4313397217e+02 5.4315600586e+02 5.4317297363e+02 5.4319500732e+02 5.4321997070e+02 5.4322302246e+02 5.4323297119e+02 5.4324700928e+02 5.4327600098e+02 5.4328802490e+02 5.4329797363e+02 5.4332202148e+02 5.4334399414e+02 5.4335198975e+02 5.4336102295e+02 5.4337799072e+02 5.4339300537e+02 5.4340698242e+02 5.4340802002e+02 5.4341400146e+02 5.4342999268e+02 5.4344598389e+02 5.4346398926e+02 5.4348101807e+02 5.4350000000e+02 5.4350897217e+02 5.4351800537e+02 5.4352697754e+02 5.4353497314e+02 5.4354302979e+02 5.4355200195e+02 5.4356097412e+02 5.4356896973e+02 5.4357800293e+02 5.4358898926e+02 5.4360101318e+02 5.4361499023e+02 5.4361102295e+02 5.4362402344e+02 5.4364801025e+02 5.4365399170e+02 5.4366802979e+02
5.4299102783e+02 5.4303497314e+02 5.4306701660e+02 5.4308697510e+02 5.4310699463e+02 5.4313000488e+02 5.4315100098e+02 5.4317297363e+02 5.4319299316e+02 5.4320098877e+02 5.4321899414e+02 5.4323297119e+02 5.4325799561e+02 5.4327899170e+02 5.4329199219e+02 5.4330297852e+02 5.4332098389e+02 5.4334197998e+02 5.4335198975e+02 5.4336602783e+02 5.4339001465e+02 5.4340502930e+02 5.4340301514e+02 5.4340502930e+02 5.4342498779e+02 5.4343402100e+02 5.4344799805e+02 5.4346301270e+02 5.4347497559e+02 5.4349902344e+02 5.4350897217e+02 5.4351300049e+02 5.4352001953e+02 5.4353198242e+02 5.4354101563e+02 5.4354602051e+02 5.4355603027e+02 5.4355603027e+02 5.4356896973e+02 5.4358502197e+02 5.4359399414e+02 5.4360498047e+02 5.4361199951e+02 5.4362500000e+02 5.4362402344e+02 5.4364801025e+02
5.4296899414e+02 5.4300598145e+02 5.4304302979e+02 5.4306201172e+02 5.4307800293e+02 5.4310302734e+02 5.4312500000e+02 5.4314697266e+02 5.4316699219e+02 5.4317901611e+02 5.4321502686e+02 5.4324102783e+02 5.4325701904e+02 5.4326702881e+02 5.4328198242e+02 5.4329602051e+02 5.4330401611e+02 5.4332000732e+02 5.4333599854e+02 5.4335601807e+02 5.4339001465e+02 5.4340399170e+02 5.4339898682e+02 5.4339801025e+02 5.4341400146e+02 5.4342401123e+02 5.4343499756e+02 5.4344598389e+02 5.4345599365e+02 5.4348101807e+02 5.4349401855e+02 5.4350201416e+02 5.4351898193e+02 5.4353302002e+02 5.4353900146e+02 5.4353601074e+02 5.4353497314e+02 5.4353302002e+02 5.4355499268e+02 5.4357598877e+02 5.4357000732e+02 5.4358502197e+02 5.4359698486e+02 5.4360797119e+02 5.4360400391e+02 5.4362597656e+02
5.4294702148e+02 5.4298199463e+02 5.4301702881e+02 5.4303698730e+02 5.4305297852e+02 5.4308001709e+02 5.4310101318e+02 5.4312298584e+02 5.4314202881e+02 5.4315899658e+02 5.4319702148e+02 5.4322698975e+02 5.4325000000e+02 5.4327001953e+02 5.4328302002e+02 5.4329199219e+02 5.4330102539e+02 5.4331201172e+02 5.4332299805e+02 5.4333697510e+02 5.4336999512e+02 5.4339202881e+02 5.4339300537e+02 5.4339398193e+02 5.4340197754e+02 5.4340997314e+02 5.4342102051e+02 5.4343200684e+02 5.4344299316e+02 5.4346398926e+02 5.4347497559e+02 5.4348797607e+02 5.4350598145e+02 5.4351202393e+02 5.4351501465e+02 5.4351501465e+02 5.4351898193e+02 5.4352697754e+02 5.4354498291e+02 5.4356402588e+02 5.4355902100e+02 5.4356799316e+02 5.4358099365e+02 5.4359600830e+02 5.4360101318e+02 5.4361700439e+02
5.4292901611e+02 5.4296002197e+02 5.4299102783e+02 5.4301501465e+02 5.4303399658e+02 5.4305603027e+02 5.4307702637e+02 5.4309899902e+02 5.4311700439e+02 5.4313000488e+02 5.4315997314e+02 5.4319201660e+02 5.4322601318e+02 5.4325799561e+02 5.4327197266e+02 5.4327697754e+02 5.4328802490e+02 5.4329602051e+02 5.4330999756e+02 5.4332202148e+02 5.4334399414e+02 5.4336901855e+02 5.4338000488e+02 5.4338500977e+02 5.4338702393e+02 5.4339599609e+02 5.4340802002e+02 5.4341900635e+02 5.4343103027e+02 5.4345098877e+02 5.4346398926e+02 5.4347497559e+02 5.4348498535e+02 5.4348699951e+02 5.4348999023e+02 5.4349700928e+02 5.4351599121e+02 5.4352697754e+02 5.4353497314e+02 5.4354901123e+02 5.4354998779e+02 5.4355700684e+02 5.4357702637e+02 5.4359301758e+02 5.4359002686e+02 5.4360400391e+02
5.4291101074e+02 5.4294702148e+02 5.4297100830e+02 5.4299499512e+02 5.4302099609e+02 5.4303399658e+02 5.4305297852e+02 5.4307202148e+02 5.4309100342e+02 5.4309802246e+02 5.4312097168e+02 5.4315197754e+02 5.4318499756e+02 5.4321899414e+02 5.4324102783e+02 5.4325299072e+02 5.4326800537e+02 5.4327801514e+02 5.4329699707e+02 5.4331597900e+02 5.4333197021e+02 5.4334399414e+02 5.4335900879e+02 5.4336999512e+02 5.4337902832e+02 5.4338500977e+02 5.4339398193e+02 5.4340399170e+02 5.4340997314e+02 5.4342797852e+02 5.4344396973e+02 5.4345800781e+02 5.4346502686e+02 5.4346997070e+02 5.4347601318e+02 5.4348602295e+02 5.4350201416e+02 5.4351501465e+02 5.4352301025e+02 5.4353497314e+02 5.4353900146e+02 5.4355798340e+02 5.4357098389e+02 5.4356896973e+02 5.4356097412e+02 5.4358502197e+02
5.4289001465e+02 5.4292901611e+02 5.4295202637e+02 5.4297399902e+02 5.4299401855e+02 5.4301098633e+02 5.4303601074e+02 5.4305297852e+02 5.4307098389e+02 5.4308502197e+02 5.4310198975e+02 5.4311901855e+02 5.4314398193e+02 5.4316400146e+02 5.4318499756e+02 5.4321099854e+02 5.4323901367e+02 5.4326397705e+02 5.4327600098e+02 5.4328497314e+02 5.4331201172e+02 5.4332800293e+02 5.4334002686e+02 5.4335302734e+02 5.4336401367e+02 5.4337097168e+02 5.4337902832e+02 5.4338800049e+02 5.4339501953e+02 5.4340899658e+02 5.4342401123e+02 5.4343902588e+02 5.4345202637e+02 5.4345800781e+02 5.4346697998e+02 5.4347601318e+02 5.4348797607e+02 5.4349902344e+02 5.4350701904e+02 5.4351599121e+02 5.4352099609e+02 5.4353698730e+02 5.4353802490e+02 5.4353399658e+02 5.4354498291e+02 5.4357299805e+02
5.4289001465e+02 5.4292199707e+02 5.4294500732e+02 5.4296502686e+02 5.4297900391e+02 5.4299102783e+02 5.4301898193e+02 5.4304101563e+02 5.4305401611e+02 5.4306597900e+02 5.4308599854e+02 5.4309802246e+02 5.4311602783e+02 5.4313397217e+02 5.4315197754e+02 5.4317297363e+02 5.4320202637e+02 5.4324102783e+02 5.4325299072e+02 5.4326000977e+02 5.4329498291e+02 5.4331298828e+02 5.4332598877e+02 5.4333898926e+02 5.4334899902e+02 5.4335601807e+02 5.4336401367e+02 5.4337200928e+02 5.4338000488e+02 5.4339398193e+02 5.4340899658e+02 5.4342297363e+02 5.4343798828e+02 5.4344598389e+02 5.4345501709e+02 5.4346398926e+02 5.4347302246e+02 5.4348297119e+02 5.4349102783e+02 5.4349902344e+02 5.4350500488e+02 5.4350799561e+02 5.4351000977e+02 5.4352197266e+02 5.4354101563e+02 5.4356097412e+02
5.4289801025e+02 5.4291802979e+02 5.4294000244e+02 5.4296398926e+02 5.4297399902e+02 5.4298199463e+02 5.4300402832e+02 5.4302398682e+02 5.4303399658e+02 5.4304199219e+02 5.4306201172e+02 5.4308001709e+02 5.4310198975e+02 5.4311798096e+02 5.4313500977e+02 5.4314599609e+02 5.4316400146e+02 5.4321197510e+02 5.4323699951e+02 5.4325598145e+02 5.4328601074e+02 5.4329797363e+02 5.4331097412e+02 5.4332397461e+02 5.4333398438e+02 5.4334002686e+02 5.4334802246e+02 5.4335699463e+02 5.4336401367e+02 5.4337902832e+02 5.4339300537e+02 5.4340802002e+02 5.4342401123e+02 5.4343402100e+02 5.4344299316e+02 5.4345098877e+02 5.4345898438e+02 5.4346600342e+02 5.4347399902e+02 5.4348199463e+02 5.4348602295e+02 5.4347998047e+02 5.4349102783e+02 5.4351501465e+02 5.4353497314e+02 5.4355297852e+02
