TESTSERVER/4/18.asc
NCOLS 100
NROWS 100
XLLCORNER 7.6997500000e+03
YLLCORNER 2.8905025000e+05
CELLSIZE 5.0000000000e-01
NODATA_VALUE -9.9990000000e+03
[rows 80 to 99 of 100, columns 0 to 45 of 100]
5.4288397217e+02 5.4289801025e+02 5.4292102051e+02 5.4294799805e+02 5.4296502686e+02 5.4297998047e+02 5.4298999023e+02 5.4299298096e+02 5.4299298096e+02 5.4300598145e+02 5.4302197266e+02 5.4305200195e+02 5.4309399414e+02 5.4309899902e+02 5.4311199951e+02 5.4312500000e+02 5.4314501953e+02 5.4318103027e+02 5.4321899414e+02 5.4325000000e+02 5.4327899170e+02 5.4328497314e+02 5.4329602051e+02 5.4330700684e+02 5.4330999756e+02 5.4332397461e+02 5.4333398438e+02 5.4334497070e+02 5.4335498047e+02 5.4336499023e+02 5.4338000488e+02 5.4339501953e+02 5.4341302490e+02 5.4342498779e+02 5.4343499756e+02 5.4344097900e+02 5.4343701172e+02 5.4345300293e+02 5.4346398926e+02 5.4346801758e+02 5.4346197510e+02 5.4346502686e+02 5.4348101807e+02 5.4350598145e+02 5.4352099609e+02 5.4353997803e+02
5.4286700439e+02 5.4287799072e+02 5.4289398193e+02 5.4291400146e+02 5.4294598389e+02 5.4296801758e+02 5.4298199463e+02 5.4297900391e+02 5.4297198486e+02 5.4298400879e+02 5.4300402832e+02 5.4302801514e+02 5.4306097412e+02 5.4306896973e+02 5.4307800293e+02 5.4309802246e+02 5.4312500000e+02 5.4315802002e+02 5.4318902588e+02 5.4321997070e+02 5.4325000000e+02 5.4325201416e+02 5.4327001953e+02 5.4328698730e+02 5.4328802490e+02 5.4329797363e+02 5.4331097412e+02 5.4332299805e+02 5.4333502197e+02 5.4334997559e+02 5.4336602783e+02 5.4338201904e+02 5.4339300537e+02 5.4340502930e+02 5.4342199707e+02 5.4342999268e+02 5.4342700195e+02 5.4343902588e+02 5.4344500732e+02 5.4344396973e+02 5.4344598389e+02 5.4346002197e+02 5.4348199463e+02 5.4350000000e+02 5.4351000977e+02 5.4354199219e+02
5.4284698486e+02 5.4286102295e+02 5.4287500000e+02 5.4289501953e+02 5.4293200684e+02 5.4296899414e+02 5.4298297119e+02 5.4297601318e+02 5.4296502686e+02 5.4296801758e+02 5.4299298096e+02 5.4301300049e+02 5.4302801514e+02 5.4303802490e+02 5.4305102539e+02 5.4307299805e+02 5.4310198975e+02 5.4313000488e+02 5.4316198730e+02 5.4319299316e+02 5.4321899414e+02 5.4321997070e+02 5.4324298096e+02 5.4326098633e+02 5.4326202393e+02 5.4327398682e+02 5.4328601074e+02 5.4329797363e+02 5.4331500244e+02 5.4333398438e+02 5.4334997559e+02 5.4336602783e+02 5.4338098145e+02 5.4338897705e+02 5.4340100098e+02 5.4340997314e+02 5.4341802979e+02 5.4342297363e+02 5.4342602539e+02 5.4342700195e+02 5.4343103027e+02 5.4344897461e+02 5.4346801758e+02 5.4348498535e+02 5.4351202393e+02 5.4354699707e+02
5.4282501221e+02 5.4284600830e+02 5.4286102295e+02 5.4288000488e+02 5.4291699219e+02 5.4296600342e+02 5.4298297119e+02 5.4297399902e+02 5.4296697998e+02 5.4296502686e+02 5.4297900391e+02 5.4299200439e+02 5.4299798584e+02 5.4300598145e+02 5.4302697754e+02 5.4304901123e+02 5.4307397461e+02 5.4310302734e+02 5.4313397217e+02 5.4316601563e+02 5.4319201660e+02 5.4319799805e+02 5.4321801758e+02 5.4323101807e+02 5.4323400879e+02 5.4324902344e+02 5.4326098633e+02 5.4327398682e+02 5.4329400635e+02 5.4331799316e+02 5.4333502197e+02 5.4334997559e+02 5.4336999512e+02 5.4337902832e+02 5.4338702393e+02 5.4339599609e+02 5.4339398193e+02 5.4339398193e+02 5.4340997314e+02 5.4342102051e+02 5.4341802979e+02 5.4342901611e+02 5.4344799805e+02 5.4347601318e+02 5.4351599121e+02 5.4353100586e+02
5.4279602051e+02 5.4282800293e+02 5.4284899902e+02 5.4286602783e+02 5.4287701416e+02 5.4292901611e+02 5.4295300293e+02 5.4295898438e+02 5.4295898438e+02 5.4296899414e+02 5.4297399902e+02 5.4296997070e+02 5.4296801758e+02 5.4297998047e+02 5.4300299072e+02 5.4302697754e+02 5.4305297852e+02 5.4307702637e+02 5.4310601807e+02 5.4313500977e+02 5.4316302490e+02 5.4317797852e+02 5.4319598389e+02 5.4320697021e+02 5.4321502686e+02 5.4322198486e+02 5.4323101807e+02 5.4324700928e+02 5.4327001953e+02 5.4330200195e+02 5.4331597900e+02 5.4333099365e+02 5.4335198975e+02 5.4336102295e+02 5.4337402344e+02 5.4337298584e+02 5.4334600830e+02 5.4335900879e+02 5.4338800049e+02 5.4340002441e+02 5.4339099121e+02 5.4340002441e+02 5.4343798828e+02 5.4348297119e+02 5.4350500488e+02 5.4349499512e+02
5.4276501465e+02 5.4280200195e+02 5.4282702637e+02 5.4284399414e+02 5.4285302734e+02 5.4288500977e+02 5.4291198730e+02 5.4293402100e+02 5.4295397949e+02 5.4296301270e+02 5.4296899414e+02 5.4296197510e+02 5.4296301270e+02 5.4297698975e+02 5.4299499512e+02 5.4301300049e+02 5.4303900146e+02 5.4305700684e+02 5.4308001709e+02 5.4311199951e+02 5.4314300537e+02 5.4315600586e+02 5.4317102051e+02 5.4318103027e+02 5.4319000244e+02 5.4320599365e+02 5.4321502686e+02 5.4322100830e+02 5.4323101807e+02 5.4327099609e+02 5.4329400635e+02 5.4331097412e+02 5.4332800293e+02 5.4333300781e+02 5.4333898926e+02 5.4333599854e+02 5.4332501221e+02 5.4334301758e+02 5.4336297607e+02 5.4336901855e+02 5.4336798096e+02 5.4339599609e+02 5.4343597412e+02 5.4346099854e+02 5.4347100830e+02 5.4348400879e+02
5.4273297119e+02 5.4277398682e+02 5.4280401611e+02 5.4282501221e+02 5.4283300781e+02 5.4285498047e+02 5.4288201904e+02 5.4290899658e+02 5.4294799805e+02 5.4296801758e+02 5.4295800781e+02 5.4294500732e+02 5.4295697021e+02 5.4297302246e+02 5.4298999023e+02 5.4299902344e+02 5.4301300049e+02 5.4303900146e+02 5.4305902100e+02 5.4308801270e+02 5.4312298584e+02 5.4313800049e+02 5.4315399170e+02 5.4316802979e+02 5.4316998291e+02 5.4317999268e+02 5.4319396973e+02 5.4319799805e+02 5.4320697021e+02 5.4323901367e+02 5.4326300049e+02 5.4328302002e+02 5.4329602051e+02 5.4329998779e+02 5.4330200195e+02 5.4330401611e+02 5.4330401611e+02 5.4331701660e+02 5.4333099365e+02 5.4334002686e+02 5.4335400391e+02 5.4340002441e+02 5.4342102051e+02 5.4342297363e+02 5.4343902588e+02 5.4346600342e+02
5.4270098877e+02 5.4274499512e+02 5.4277801514e+02 5.4280401611e+02 5.4281500244e+02 5.4283099365e+02 5.4285400391e+02 5.4288098145e+02 5.4291998291e+02 5.4295599365e+02 5.4294299316e+02 5.4292700195e+02 5.4295098877e+02 5.4296600342e+02 5.4297497559e+02 5.4297998047e+02 5.4298797607e+02 5.4301599121e+02 5.4303399658e+02 5.4305902100e+02 5.4309802246e+02 5.4311199951e+02 5.4312799072e+02 5.4314898682e+02 5.4315600586e+02 5.4315997314e+02 5.4317102051e+02 5.4317602539e+02 5.4319000244e+02 5.4320800781e+02 5.4323101807e+02 5.4325299072e+02 5.4325000000e+02 5.4325701904e+02 5.4327398682e+02 5.4328302002e+02 5.4327801514e+02 5.4328698730e+02 5.4330603027e+02 5.4332501221e+02 5.4334399414e+02 5.4338299561e+02 5.4339300537e+02 5.4339599609e+02 5.4341900635e+02 5.4343902588e+02
5.4267102051e+02 5.4271197510e+02 5.4274798584e+02 5.4278002930e+02 5.4280798340e+02 5.4282098389e+02 5.4283599854e+02 5.4284997559e+02 5.4285498047e+02 5.4291101074e+02 5.4292999268e+02 5.4292199707e+02 5.4292401123e+02 5.4294799805e+02 5.4294396973e+02 5.4294897461e+02 5.4296301270e+02 5.4298297119e+02 5.4300799561e+02 5.4303399658e+02 5.4306298828e+02 5.4308398438e+02 5.4309997559e+02 5.4311901855e+02 5.4313098145e+02 5.4313500977e+02 5.4313702393e+02 5.4314300537e+02 5.4315600586e+02 5.4317297363e+02 5.4320300293e+02 5.4322497559e+02 5.4320898438e+02 5.4321600342e+02 5.4324700928e+02 5.4325097656e+02 5.4324298096e+02 5.4326397705e+02 5.4329901123e+02 5.4332598877e+02 5.4334600830e+02 5.4336700439e+02 5.4337701416e+02 5.4338598633e+02 5.4339300537e+02 5.4341802979e+02
5.4264300537e+02 5.4268103027e+02 5.4271997070e+02 5.4275500488e+02 5.4278997803e+02 5.4281896973e+02 5.4283599854e+02 5.4284197998e+02 5.4283502197e+02 5.4286999512e+02 5.4291400146e+02 5.4293200684e+02 5.4292401123e+02 5.4291900635e+02 5.4290899658e+02 5.4291699219e+02 5.4293902588e+02 5.4295300293e+02 5.4297601318e+02 5.4299902344e+02 5.4302600098e+02 5.4306298828e+02 5.4308801270e+02 5.4309997559e+02 5.4309802246e+02 5.4309802246e+02 5.4309698486e+02 5.4310302734e+02 5.4311499023e+02 5.4314202881e+02 5.4317401123e+02 5.4319897461e+02 5.4320001221e+02 5.4319799805e+02 5.4320501709e+02 5.4320098877e+02 5.4321301270e+02 5.4325799561e+02 5.4330401611e+02 5.4332501221e+02 5.4334002686e+02 5.4336102295e+02 5.4336700439e+02 5.4337298584e+02 5.4338598633e+02 5.4341400146e+02
5.4261700439e+02 5.4265698242e+02 5.4269702148e+02 5.4273498535e+02 5.4277398682e+02 5.4280902100e+02 5.4282897949e+02 5.4283801270e+02 5.4283001709e+02 5.4284100342e+02 5.4288702393e+02 5.4292700195e+02 5.4293298340e+02 5.4291198730e+02 5.4289501953e+02 5.4290100098e+02 5.4291998291e+02 5.4292199707e+02 5.4294000244e+02 5.4297698975e+02 5.4300500488e+02 5.4303802490e+02 5.4306500244e+02 5.4307299805e+02 5.4307000732e+02 5.4307098389e+02 5.4306701660e+02 5.4307202148e+02 5.4308599854e+02 5.4310601807e+02 5.4313299561e+02 5.4316101074e+02 5.4316900635e+02 5.4316497803e+02 5.4316601563e+02 5.4317199707e+02 5.4319897461e+02 5.4325201416e+02 5.4329400635e+02 5.4330902100e+02 5.4332800293e+02 5.4335302734e+02 5.4335498047e+02 5.4336102295e+02 5.4338500977e+02 5.4340899658e+02
5.4259197998e+02 5.4263500977e+02 5.4267700195e+02 5.4271600342e+02 5.4275799561e+02 5.4279699707e+02 5.4282098389e+02 5.4283197021e+02 5.4282897949e+02 5.4282202148e+02 5.4286102295e+02 5.4291601563e+02 5.4294799805e+02 5.4293103027e+02 5.4290502930e+02 5.4290197754e+02 5.4291198730e+02 5.4291101074e+02 5.4292401123e+02 5.4296301270e+02 5.4298797607e+02 5.4300897217e+02 5.4303399658e+02 5.4304498291e+02 5.4304498291e+02 5.4303997803e+02 5.4303601074e+02 5.4304302979e+02 5.4305401611e+02 5.4306799316e+02 5.4309399414e+02 5.4312097168e+02 5.4312200928e+02 5.4312701416e+02 5.4314697266e+02 5.4317297363e+02 5.4320397949e+02 5.4325000000e+02 5.4327899170e+02 5.4329101563e+02 5.4331402588e+02 5.4333197021e+02 5.4333697510e+02 5.4335302734e+02 5.4338397217e+02 5.4340301514e+02
5.4257098389e+02 5.4262298584e+02 5.4266699219e+02 5.4270599365e+02 5.4275097656e+02 5.4278198242e+02 5.4280200195e+02 5.4281500244e+02 5.4280999756e+02 5.4282598877e+02 5.4286602783e+02 5.4291802979e+02 5.4296197510e+02 5.4294299316e+02 5.4291400146e+02 5.4290600586e+02 5.4291699219e+02 5.4292700195e+02 5.4294000244e+02 5.4296099854e+02 5.4298199463e+02 5.4298901367e+02 5.4300402832e+02 5.4301898193e+02 5.4302801514e+02 5.4301702881e+02 5.4301098633e+02 5.4300897217e+02 5.4300402832e+02 5.4303497314e+02 5.4307098389e+02 5.4309197998e+02 5.4309002686e+02 5.4310699463e+02 5.4313397217e+02 5.4316802979e+02 5.4320001221e+02 5.4325000000e+02 5.4327801514e+02 5.4329101563e+02 5.4330499268e+02 5.4331201172e+02 5.4332397461e+02 5.4334899902e+02 5.4338397217e+02 5.4341101074e+02
5.4255603027e+02 5.4261602783e+02 5.4265802002e+02 5.4269299316e+02 5.4272497559e+02 5.4274499512e+02 5.4276202393e+02 5.4278601074e+02 5.4280902100e+02 5.4284100342e+02 5.4288299561e+02 5.4291601563e+02 5.4292999268e+02 5.4291802979e+02 5.4290502930e+02 5.4290698242e+02 5.4292102051e+02 5.4293200684e+02 5.4294897461e+02 5.4296301270e+02 5.4297302246e+02 5.4297900391e+02 5.4297998047e+02 5.4298297119e+02 5.4299200439e+02 5.4300097656e+02 5.4299401855e+02 5.4298297119e+02 5.4297601318e+02 5.4301000977e+02 5.4304602051e+02 5.4306402588e+02 5.4307397461e+02 5.4309802246e+02 5.4313201904e+02 5.4317602539e+02 5.4319799805e+02 5.4323498535e+02 5.4326397705e+02 5.4328002930e+02 5.4329302979e+02 5.4331201172e+02 5.4332800293e+02 5.4334600830e+02 5.4337097168e+02 5.4338800049e+02
5.4254199219e+02 5.4259899902e+02 5.4263800049e+02 5.4266900635e+02 5.4269097900e+02 5.4270599365e+02 5.4273498535e+02 5.4277502441e+02 5.4281896973e+02 5.4285601807e+02 5.4288397217e+02 5.4289398193e+02 5.4288800049e+02 5.4288598633e+02 5.4289202881e+02 5.4290698242e+02 5.4292401123e+02 5.4293701172e+02 5.4295098877e+02 5.4295300293e+02 5.4295300293e+02 5.4296002197e+02 5.4296197510e+02 5.4296398926e+02 5.4297399902e+02 5.4298999023e+02 5.4298297119e+02 5.4297601318e+02 5.4297302246e+02 5.4299902344e+02 5.4302600098e+02 5.4304498291e+02 5.4306799316e+02 5.4310101318e+02 5.4314099121e+02 5.4318298340e+02 5.4320300293e+02 5.4322900391e+02 5.4324902344e+02 5.4326202393e+02 5.4327801514e+02 5.4329797363e+02 5.4331799316e+02 5.4333697510e+02 5.4335302734e+02 5.4336499023e+02
5.4252697754e+02 5.4257897949e+02 5.4261499023e+02 5.4264001465e+02 5.4265197754e+02 5.4267102051e+02 5.4271398926e+02 5.4276702881e+02 5.4282098389e+02 5.4284698486e+02 5.4285900879e+02 5.4285699463e+02 5.4285498047e+02 5.4286401367e+02 5.4288500977e+02 5.4290698242e+02 5.4291900635e+02 5.4293103027e+02 5.4294299316e+02 5.4294201660e+02 5.4293902588e+02 5.4294201660e+02 5.4295001221e+02 5.4295697021e+02 5.4295800781e+02 5.4296997070e+02 5.4297302246e+02 5.4297601318e+02 5.4297601318e+02 5.4299102783e+02 5.4301202393e+02 5.4303802490e+02 5.4307299805e+02 5.4310998535e+02 5.4314697266e+02 5.4317901611e+02 5.4320001221e+02 5.4322198486e+02 5.4323699951e+02 5.4325097656e+02 5.4326501465e+02 5.4328302002e+02 5.4330999756e+02 5.4332598877e+02 5.4333398438e+02 5.4335101318e+02
5.4252801514e+02 5.4256097412e+02 5.4258599854e+02 5.4260302734e+02 5.4260900879e+02 5.4264398193e+02 5.4269396973e+02 5.4274200439e+02 5.4276599121e+02 5.4280102539e+02 5.4280499268e+02 5.4280999756e+02 5.4283697510e+02 5.4285601807e+02 5.4288500977e+02 5.4290399170e+02 5.4290698242e+02 5.4291400146e+02 5.4292498779e+02 5.4293402100e+02 5.4295001221e+02 5.4294598389e+02 5.4294702148e+02 5.4294598389e+02 5.4293701172e+02 5.4294702148e+02 5.4295098877e+02 5.4295501709e+02 5.4295001221e+02 5.4296801758e+02 5.4299902344e+02 5.4304302979e+02 5.4308001709e+02 5.4311102295e+02 5.4314202881e+02 5.4316802979e+02 5.4317797852e+02 5.4319000244e+02 5.4321398926e+02 5.4323901367e+02 5.4325097656e+02 5.4327197266e+02 5.4329699707e+02 5.4330401611e+02 5.4331097412e+02 5.4334301758e+02
5.4252398682e+02 5.4255999756e+02 5.4258197021e+02 5.4259899902e+02 5.4262298584e+02 5.4265600586e+02 5.4267901611e+02 5.4269396973e+02 5.4271502686e+02 5.4274298096e+02 5.4275299072e+02 5.4277398682e+02 5.4281799316e+02 5.4283801270e+02 5.4286602783e+02 5.4288000488e+02 5.4287799072e+02 5.4289300537e+02 5.4291101074e+02 5.4292602539e+02 5.4293200684e+02 5.4292602539e+02 5.4292102051e+02 5.4291400146e+02 5.4291302490e+02 5.4291802979e+02 5.4291601563e+02 5.4292602539e+02 5.4293298340e+02 5.4296197510e+02 5.4300201416e+02 5.4304302979e+02 5.4306500244e+02 5.4309399414e+02 5.4312902832e+02 5.4315002441e+02 5.4315600586e+02 5.4317498779e+02 5.4319299316e+02 5.4321600342e+02 5.4323999023e+02 5.4325299072e+02 5.4326397705e+02 5.4328302002e+02 5.4330999756e+02 5.4333599854e+02
5.4250299072e+02 5.4253900146e+02 5.4256799316e+02 5.4259301758e+02 5.4262701416e+02 5.4265600586e+02 5.4266198730e+02 5.4266497803e+02 5.4268200684e+02 5.4270599365e+02 5.4272198486e+02 5.4275500488e+02 5.4280297852e+02 5.4281799316e+02 5.4283898926e+02 5.4283898926e+02 5.4283502197e+02 5.4285699463e+02 5.4288299561e+02 5.4290502930e+02 5.4291101074e+02 5.4290002441e+02 5.4289398193e+02 5.4288800049e+02 5.4288397217e+02 5.4287701416e+02 5.4288000488e+02 5.4290502930e+02 5.4292901611e+02 5.4296899414e+02 5.4300799561e+02 5.4303900146e+02 5.4306298828e+02 5.4308801270e+02 5.4310998535e+02 5.4312500000e+02 5.4313702393e+02 5.4316802979e+02 5.4317901611e+02 5.4319396973e+02 5.4321997070e+02 5.4322998047e+02 5.4324499512e+02 5.4327502441e+02 5.4330603027e+02 5.4332202148e+02
5.4246002197e+02 5.4250000000e+02 5.4253698730e+02 5.4256701660e+02 5.4260101318e+02 5.4262298584e+02 5.4262701416e+02 5.4263702393e+02 5.4266198730e+02 5.4268402100e+02 5.4270202637e+02 5.4273901367e+02 5.4277801514e+02 5.4279199219e+02 5.4280902100e+02 5.4280499268e+02 5.4280499268e+02 5.4282897949e+02 5.4285400391e+02 5.4287701416e+02 5.4288598633e+02 5.4287298584e+02 5.4286700439e+02 5.4286102295e+02 5.4285302734e+02 5.4284899902e+02 5.4286602783e+02 5.4289801025e+02 5.4292797852e+02 5.4296398926e+02 5.4299200439e+02 5.4301599121e+02 5.4305102539e+02 5.4306701660e+02 5.4308300781e+02 5.4310601807e+02 5.4313201904e+02 5.4316101074e+02 5.4316601563e+02 5.4317700195e+02 5.4320202637e+02 5.4321697998e+02 5.4323797607e+02 5.4326202393e+02 5.4328601074e+02 5.4330297852e+02
