TESTSERVER/4/19.asc
NCOLS 100
NROWS 100
XLLCORNER 7.6997500000e+03
YLLCORNER 2.8900025000e+05
CELLSIZE 5.0000000000e-01
NODATA_VALUE -9.9990000000e+03
[rows 40 to 59 of 100, columns 46 to 91 of 100]
5.4310601807e+02 5.4313201904e+02 5.4315197754e+02 5.4316802979e+02 5.4317797852e+02 5.4316998291e+02 5.4316802979e+02 5.4319097900e+02 5.4317700195e+02 5.4315100098e+02 5.4314898682e+02 5.4317199707e+02 5.4317297363e+02 5.4315197754e+02 5.4313299561e+02 5.4311602783e+02 5.4309497070e+02 5.4307598877e+02 5.4306799316e+02 5.4307397461e+02 5.4308898926e+02 5.4311199951e+02 5.4313897705e+02 5.4317297363e+02 5.4322497559e+02 5.4328100586e+02 5.4334197998e+02 5.4338201904e+02 5.4342297363e+02 5.4348797607e+02 5.4355297852e+02 5.4360601807e+02 5.4364898682e+02 5.4367999268e+02 5.4371997070e+02 5.4376098633e+02 5.4379498291e+02 5.4381402588e+02 5.4383001709e+02 5.4385400391e+02 5.4386199951e+02 5.4385400391e+02 5.4384497070e+02 5.4383099365e+02 5.4381799316e+02 5.4380401611e+02
5.4309002686e+02 5.4311901855e+02 5.4314001465e+02 5.4315100098e+02 5.4314697266e+02 5.4312298584e+02 5.4310699463e+02 5.4311199951e+02 5.4308599854e+02 5.4305200195e+02 5.4303900146e+02 5.4305499268e+02 5.4305798340e+02 5.4304199219e+02 5.4302600098e+02 5.4300299072e+02 5.4297497559e+02 5.4296301270e+02 5.4295898438e+02 5.4298699951e+02 5.4301098633e+02 5.4303100586e+02 5.4304101563e+02 5.4306597900e+02 5.4310900879e+02 5.4316198730e+02 5.4322601318e+02 5.4327697754e+02 5.4332098389e+02 5.4338500977e+02 5.4345202637e+02 5.4351898193e+02 5.4357897949e+02 5.4362597656e+02 5.4367999268e+02 5.4372998047e+02 5.4377001953e+02 5.4379797363e+02 5.4381597900e+02 5.4383197021e+02 5.4383801270e+02 5.4383599854e+02 5.4383300781e+02 5.4382501221e+02 5.4381201172e+02 5.4379498291e+02
5.4307098389e+02 5.4309600830e+02 5.4310900879e+02 5.4310797119e+02 5.4308300781e+02 5.4304302979e+02 5.4301702881e+02 5.4301202393e+02 5.4298699951e+02 5.4295697021e+02 5.4293200684e+02 5.4292700195e+02 5.4291900635e+02 5.4290502930e+02 5.4289697266e+02 5.4286901855e+02 5.4284301758e+02 5.4284002686e+02 5.4284600830e+02 5.4287799072e+02 5.4290197754e+02 5.4292102051e+02 5.4292901611e+02 5.4294500732e+02 5.4297900391e+02 5.4302899170e+02 5.4310101318e+02 5.4315899658e+02 5.4320800781e+02 5.4327301025e+02 5.4334399414e+02 5.4342401123e+02 5.4349102783e+02 5.4354797363e+02 5.4362097168e+02 5.4368103027e+02 5.4372399902e+02 5.4376397705e+02 5.4379199219e+02 5.4381597900e+02 5.4382397461e+02 5.4382501221e+02 5.4382598877e+02 5.4382098389e+02 5.4381097412e+02 5.4379498291e+02
5.4304498291e+02 5.4305902100e+02 5.4305200195e+02 5.4303900146e+02 5.4300000000e+02 5.4295001221e+02 5.4292199707e+02 5.4291302490e+02 5.4289099121e+02 5.4286102295e+02 5.4282501221e+02 5.4279901123e+02 5.4277099609e+02 5.4275000000e+02 5.4274798584e+02 5.4273400879e+02 5.4272900391e+02 5.4273999023e+02 5.4275097656e+02 5.4277502441e+02 5.4279302979e+02 5.4280999756e+02 5.4282598877e+02 5.4283697510e+02 5.4285998535e+02 5.4290502930e+02 5.4297497559e+02 5.4302697754e+02 5.4308300781e+02 5.4316198730e+02 5.4324200439e+02 5.4333197021e+02 5.4340100098e+02 5.4346099854e+02 5.4353997803e+02 5.4360198975e+02 5.4365399170e+02 5.4370898438e+02 5.4375299072e+02 5.4379498291e+02 5.4381201172e+02 5.4381201172e+02 5.4381201172e+02 5.4380798340e+02 5.4380499268e+02 5.4379602051e+02
5.4300701904e+02 5.4300500488e+02 5.4298699951e+02 5.4296899414e+02 5.4293200684e+02 5.4289001465e+02 5.4285198975e+02 5.4283599854e+02 5.4280798340e+02 5.4276702881e+02 5.4271600342e+02 5.4267297363e+02 5.4263800049e+02 5.4261297607e+02 5.4261401367e+02 5.4262799072e+02 5.4265002441e+02 5.4267199707e+02 5.4268200684e+02 5.4270202637e+02 5.4272100830e+02 5.4273297119e+02 5.4274597168e+02 5.4276898193e+02 5.4279101563e+02 5.4281298828e+02 5.4284100342e+02 5.4289501953e+02 5.4295898438e+02 5.4304901123e+02 5.4313098145e+02 5.4322802734e+02 5.4330999756e+02 5.4337701416e+02 5.4344702148e+02 5.4350402832e+02 5.4356597900e+02 5.4363299561e+02 5.4369201660e+02 5.4375000000e+02 5.4377600098e+02 5.4378100586e+02 5.4379199219e+02 5.4378601074e+02 5.4378497314e+02 5.4378198242e+02
5.4295697021e+02 5.4293701172e+02 5.4291198730e+02 5.4288397217e+02 5.4285699463e+02 5.4283300781e+02 5.4279199219e+02 5.4276599121e+02 5.4272497559e+02 5.4266601563e+02 5.4260302734e+02 5.4255401611e+02 5.4252398682e+02 5.4251300049e+02 5.4253900146e+02 5.4256097412e+02 5.4258599854e+02 5.4261199951e+02 5.4263000488e+02 5.4268103027e+02 5.4265899658e+02 5.4257202148e+02 5.4250000000e+02 5.4256402588e+02 5.4268701172e+02 5.4276702881e+02 5.4277301025e+02 5.4278399658e+02 5.4283300781e+02 5.4291998291e+02 5.4301300049e+02 5.4311602783e+02 5.4320697021e+02 5.4327697754e+02 5.4334497070e+02 5.4341802979e+02 5.4349499512e+02 5.4356597900e+02 5.4362500000e+02 5.4368798828e+02 5.4373297119e+02 5.4375701904e+02 5.4377099609e+02 5.4377001953e+02 5.4376599121e+02 5.4376300049e+02
5.4290197754e+02 5.4286999512e+02 5.4283599854e+02 5.4280200195e+02 5.4277697754e+02 5.4275500488e+02 5.4271997070e+02 5.4268103027e+02 5.4263000488e+02 5.4256597900e+02 5.4250799561e+02 5.4245397949e+02 5.4242401123e+02 5.4242602539e+02 5.4246600342e+02 5.4248602295e+02 5.4252197266e+02 5.4256402588e+02 5.4259899902e+02 5.4260998535e+02 5.4250000000e+02 5.4234899902e+02 5.4225897217e+02 5.4229199219e+02 5.4244702148e+02 5.4261602783e+02 5.4271600342e+02 5.4272497559e+02 5.4274597168e+02 5.4280999756e+02 5.4290002441e+02 5.4300402832e+02 5.4310400391e+02 5.4318499756e+02 5.4325799561e+02 5.4333898926e+02 5.4341998291e+02 5.4349102783e+02 5.4355200195e+02 5.4361297607e+02 5.4367199707e+02 5.4371197510e+02 5.4373400879e+02 5.4374401855e+02 5.4374200439e+02 5.4373901367e+02
5.4284301758e+02 5.4280102539e+02 5.4276501465e+02 5.4273999023e+02 5.4271099854e+02 5.4267498779e+02 5.4264099121e+02 5.4259802246e+02 5.4253997803e+02 5.4247998047e+02 5.4243402100e+02 5.4238702393e+02 5.4235699463e+02 5.4236297607e+02 5.4240002441e+02 5.4242498779e+02 5.4247497559e+02 5.4252899170e+02 5.4255200195e+02 5.4245202637e+02 5.4230102539e+02 5.4220501709e+02 5.4220001221e+02 5.4218701172e+02 5.4224798584e+02 5.4240399170e+02 5.4260699463e+02 5.4268798828e+02 5.4270599365e+02 5.4273699951e+02 5.4279901123e+02 5.4289300537e+02 5.4299700928e+02 5.4309197998e+02 5.4316998291e+02 5.4325097656e+02 5.4333801270e+02 5.4341302490e+02 5.4347802734e+02 5.4353601074e+02 5.4360498047e+02 5.4365399170e+02 5.4368798828e+02 5.4371502686e+02 5.4372198486e+02 5.4371899414e+02
5.4277801514e+02 5.4273602295e+02 5.4270300293e+02 5.4267498779e+02 5.4264099121e+02 5.4259802246e+02 5.4255102539e+02 5.4251800537e+02 5.4246099854e+02 5.4240600586e+02 5.4236297607e+02 5.4233898926e+02 5.4231799316e+02 5.4232000732e+02 5.4235900879e+02 5.4240802002e+02 5.4246002197e+02 5.4248797607e+02 5.4243798828e+02 5.4228302002e+02 5.4218103027e+02 5.4218597412e+02 5.4221697998e+02 5.4221301270e+02 5.4219299316e+02 5.4223199463e+02 5.4231597900e+02 5.4258898926e+02 5.4267401123e+02 5.4268499756e+02 5.4271899414e+02 5.4279699707e+02 5.4288500977e+02 5.4298297119e+02 5.4307299805e+02 5.4315802002e+02 5.4326397705e+02 5.4335400391e+02 5.4341497803e+02 5.4347497559e+02 5.4354901123e+02 5.4360601807e+02 5.4365100098e+02 5.4367901611e+02 5.4369897461e+02 5.4370098877e+02
5.4269097900e+02 5.4266497803e+02 5.4263800049e+02 5.4260400391e+02 5.4256402588e+02 5.4252600098e+02 5.4248400879e+02 5.4242999268e+02 5.4238098145e+02 5.4234497070e+02 5.4232202148e+02 5.4229998779e+02 5.4227801514e+02 5.4228002930e+02 5.4233001709e+02 5.4237597656e+02 5.4240197754e+02 5.4240100098e+02 5.4236297607e+02 5.4223699951e+02 5.4218499756e+02 5.4220202637e+02 5.4221398926e+02 5.4220697021e+02 5.4220697021e+02 5.4221099854e+02 5.4222497559e+02 5.4239099121e+02 5.4258197021e+02 5.4266802979e+02 5.4267999268e+02 5.4272399902e+02 5.4278900146e+02 5.4287597656e+02 5.4297601318e+02 5.4306896973e+02 5.4317297363e+02 5.4326702881e+02 5.4333898926e+02 5.4341400146e+02 5.4348797607e+02 5.4354302979e+02 5.4358801270e+02 5.4361999512e+02 5.4365197754e+02 5.4366497803e+02
5.4261798096e+02 5.4258697510e+02 5.4256402588e+02 5.4253601074e+02 5.4249102783e+02 5.4245300293e+02 5.4241699219e+02 5.4236297607e+02 5.4232702637e+02 5.4230700684e+02 5.4229302979e+02 5.4227502441e+02 5.4225500488e+02 5.4225097656e+02 5.4228900146e+02 5.4231597900e+02 5.4232897949e+02 5.4232098389e+02 5.4228997803e+02 5.4222399902e+02 5.4219897461e+02 5.4221301270e+02 5.4221197510e+02 5.4220599365e+02 5.4220800781e+02 5.4220397949e+02 5.4218298340e+02 5.4219000244e+02 5.4233599854e+02 5.4254699707e+02 5.4268402100e+02 5.4269500732e+02 5.4272198486e+02 5.4277197266e+02 5.4286798096e+02 5.4297497559e+02 5.4308099365e+02 5.4317297363e+02 5.4324597168e+02 5.4332501221e+02 5.4339898682e+02 5.4346099854e+02 5.4351898193e+02 5.4356500244e+02 5.4361102295e+02 5.4363201904e+02
5.4255603027e+02 5.4251898193e+02 5.4248602295e+02 5.4245300293e+02 5.4241101074e+02 5.4237200928e+02 5.4234301758e+02 5.4230603027e+02 5.4228601074e+02 5.4227398682e+02 5.4226397705e+02 5.4225799561e+02 5.4224401855e+02 5.4222900391e+02 5.4223999023e+02 5.4225299072e+02 5.4226000977e+02 5.4225799561e+02 5.4224597168e+02 5.4222698975e+02 5.4221099854e+02 5.4221502686e+02 5.4220898438e+02 5.4220098877e+02 5.4220098877e+02 5.4219396973e+02 5.4219097900e+02 5.4215899658e+02 5.4217498779e+02 5.4235400391e+02 5.4260198975e+02 5.4267297363e+02 5.4269702148e+02 5.4270697021e+02 5.4276898193e+02 5.4287597656e+02 5.4298498535e+02 5.4306896973e+02 5.4313397217e+02 5.4321801758e+02 5.4329901123e+02 5.4337701416e+02 5.4344799805e+02 5.4350799561e+02 5.4356701660e+02 5.4359600830e+02
5.4248400879e+02 5.4244799805e+02 5.4240600586e+02 5.4237298584e+02 5.4233599854e+02 5.4230297852e+02 5.4227899170e+02 5.4226098633e+02 5.4225299072e+02 5.4224700928e+02 5.4223999023e+02 5.4223602295e+02 5.4222601318e+02 5.4220397949e+02 5.4219598389e+02 5.4220898438e+02 5.4221801758e+02 5.4222601318e+02 5.4222399902e+02 5.4221600342e+02 5.4220098877e+02 5.4219702148e+02 5.4220599365e+02 5.4220098877e+02 5.4219201660e+02 5.4218798828e+02 5.4219201660e+02 5.4219799805e+02 5.4217102051e+02 5.4217999268e+02 5.4226397705e+02 5.4253100586e+02 5.4266302490e+02 5.4269097900e+02 5.4269097900e+02 5.4278198242e+02 5.4287701416e+02 5.4295501709e+02 5.4302697754e+02 5.4312402344e+02 5.4321502686e+02 5.4329998779e+02 5.4336798096e+02 5.4343597412e+02 5.4351397705e+02 5.4355798340e+02
5.4240197754e+02 5.4236999512e+02 5.4234197998e+02 5.4231799316e+02 5.4228698730e+02 5.4225500488e+02 5.4222802734e+02 5.4221002197e+02 5.4221002197e+02 5.4221600342e+02 5.4221600342e+02 5.4221197510e+02 5.4220202637e+02 5.4218798828e+02 5.4217999268e+02 5.4219097900e+02 5.4220098877e+02 5.4221002197e+02 5.4221002197e+02 5.4220001221e+02 5.4219500732e+02 5.4219201660e+02 5.4219897461e+02 5.4219799805e+02 5.4218902588e+02 5.4218597412e+02 5.4219000244e+02 5.4218798828e+02 5.4218200684e+02 5.4218103027e+02 5.4217797852e+02 5.4233300781e+02 5.4253399658e+02 5.4265899658e+02 5.4267297363e+02 5.4270599365e+02 5.4277697754e+02 5.4285198975e+02 5.4292797852e+02 5.4302197266e+02 5.4312402344e+02 5.4321398926e+02 5.4328601074e+02 5.4337902832e+02 5.4346899414e+02 5.4351702881e+02
5.4234002686e+02 5.4230700684e+02 5.4229101563e+02 5.4227600098e+02 5.4224902344e+02 5.4221502686e+02 5.4218798828e+02 5.4217498779e+02 5.4217901611e+02 5.4219000244e+02 5.4219702148e+02 5.4219299316e+02 5.4218499756e+02 5.4217700195e+02 5.4217199707e+02 5.4217999268e+02 5.4219000244e+02 5.4220001221e+02 5.4220300293e+02 5.4219598389e+02 5.4219201660e+02 5.4218798828e+02 5.4219299316e+02 5.4219000244e+02 5.4218200684e+02 5.4218103027e+02 5.4219000244e+02 5.4219702148e+02 5.4218701172e+02 5.4217602539e+02 5.4216302490e+02 5.4220300293e+02 5.4234600830e+02 5.4252197266e+02 5.4263500977e+02 5.4268597412e+02 5.4273602295e+02 5.4278601074e+02 5.4284100342e+02 5.4292700195e+02 5.4303100586e+02 5.4313201904e+02 5.4321697998e+02 5.4331298828e+02 5.4340301514e+02 5.4345599365e+02
5.4228802490e+02 5.4226000977e+02 5.4225799561e+02 5.4225097656e+02 5.4222399902e+02 5.4218798828e+02 5.4216302490e+02 5.4215698242e+02 5.4216302490e+02 5.4217602539e+02 5.4218298340e+02 5.4217999268e+02 5.4217498779e+02 5.4217102051e+02 5.4217102051e+02 5.4217797852e+02 5.4218798828e+02 5.4219799805e+02 5.4220300293e+02 5.4219897461e+02 5.4219500732e+02 5.4219201660e+02 5.4219396973e+02 5.4219000244e+02 5.4218298340e+02 5.4217999268e+02 5.4219000244e+02 5.4220098877e+02 5.4218701172e+02 5.4217199707e+02 5.4217102051e+02 5.4215100098e+02 5.4218902588e+02 5.4232702637e+02 5.4251702881e+02 5.4264697266e+02 5.4269702148e+02 5.4272100830e+02 5.4276098633e+02 5.4283801270e+02 5.4293103027e+02 5.4303698730e+02 5.4313800049e+02 5.4323699951e+02 5.4332897949e+02 5.4338800049e+02
5.4223498535e+02 5.4221801758e+02 5.4222698975e+02 5.4223498535e+02 5.4221502686e+02 5.4218798828e+02 5.4217999268e+02 5.4217102051e+02 5.4217297363e+02 5.4217797852e+02 5.4218402100e+02 5.4217797852e+02 5.4217498779e+02 5.4217498779e+02 5.4218200684e+02 5.4218701172e+02 5.4219396973e+02 5.4220202637e+02 5.4220800781e+02 5.4220898438e+02 5.4220800781e+02 5.4220599365e+02 5.4221002197e+02 5.4220599365e+02 5.4219799805e+02 5.4219000244e+02 5.4218402100e+02 5.4219299316e+02 5.4218798828e+02 5.4217901611e+02 5.4216302490e+02 5.4216400146e+02 5.4216302490e+02 5.4220202637e+02 5.4229400635e+02 5.4252099609e+02 5.4260302734e+02 5.4262097168e+02 5.4266302490e+02 5.4274298096e+02 5.4283001709e+02 5.4293701172e+02 5.4304998779e+02 5.4315997314e+02 5.4325897217e+02 5.4332800293e+02
5.4220202637e+02 5.4219702148e+02 5.4222100830e+02 5.4222698975e+02 5.4221600342e+02 5.4220098877e+02 5.4218701172e+02 5.4218902588e+02 5.4218798828e+02 5.4218701172e+02 5.4218597412e+02 5.4218103027e+02 5.4217999268e+02 5.4217999268e+02 5.4218798828e+02 5.4219702148e+02 5.4220202637e+02 5.4220697021e+02 5.4221502686e+02 5.4222198486e+02 5.4222399902e+02 5.4222399902e+02 5.4222497559e+02 5.4222100830e+02 5.4221398926e+02 5.4220397949e+02 5.4219201660e+02 5.4219000244e+02 5.4218798828e+02 5.4218298340e+02 5.4217401123e+02 5.4217401123e+02 5.4217297363e+02 5.4217199707e+02 5.4218597412e+02 5.4228698730e+02 5.4239300537e+02 5.4246197510e+02 5.4254797363e+02 5.4263897705e+02 5.4273797607e+02 5.4285998535e+02 5.4298297119e+02 5.4308697510e+02 5.4318597412e+02 5.4326702881e+02
5.4218597412e+02 5.4219299316e+02 5.4222198486e+02 5.4222698975e+02 5.4221899414e+02 5.4220599365e+02 5.4219500732e+02 5.4219500732e+02 5.4219299316e+02 5.4219201660e+02 5.4218902588e+02 5.4218499756e+02 5.4218402100e+02 5.4218597412e+02 5.4219396973e+02 5.4220397949e+02 5.4220898438e+02 5.4221398926e+02 5.4222302246e+02 5.4222998047e+02 5.4223297119e+02 5.4223498535e+02 5.4223699951e+02 5.4223498535e+02 5.4222802734e+02 5.4221697998e+02 5.4220300293e+02 5.4219396973e+02 5.4218798828e+02 5.4218298340e+02 5.4217999268e+02 5.4218597412e+02 5.4218200684e+02 5.4216900635e+02 5.4215301514e+02 5.4217602539e+02 5.4225000000e+02 5.4233300781e+02 5.4244299316e+02 5.4254699707e+02 5.4265399170e+02 5.4277502441e+02 5.4289398193e+02 5.4299597168e+02 5.4310101318e+02 5.4320098877e+02
5.4218499756e+02 5.4220098877e+02 5.4222698975e+02 5.4222900391e+02 5.4222302246e+02 5.4221301270e+02 5.4220202637e+02 5.4220098877e+02 5.4219897461e+02 5.4219702148e+02 5.4219299316e+02 5.4219000244e+02 5.4219000244e+02 5.4219201660e+02 5.4220098877e+02 5.4221002197e+02 5.4221600342e+02 5.4222100830e+02 5.4222900391e+02 5.4223699951e+02 5.4224102783e+02 5.4224401855e+02 5.4224700928e+02 5.4224597168e+02 5.4223999023e+02 5.4222900391e+02 5.4221697998e+02 5.4220202637e+02 5.4219201660e+02 5.4218597412e+02 5.4218103027e+02 5.4219299316e+02 5.4219396973e+02 5.4218200684e+02 5.4216101074e+02 5.4215698242e+02 5.4219097900e+02 5.4225000000e+02 5.4235198975e+02 5.4245697021e+02 5.4256500244e+02 5.4268499756e+02 5.4279602051e+02 5.4289697266e+02 5.4300701904e+02 5.4312402344e+02
