TESTSERVER/4/19.asc
NCOLS 100
NROWS 100
XLLCORNER 7.6997500000e+03
YLLCORNER 2.8900025000e+05
CELLSIZE 5.0000000000e-01
NODATA_VALUE -9.9990000000e+03
[rows 0 to 19 of 100, columns 46 to 91 of 100]
5.4330700684e+02 5.4332800293e+02 5.4334100342e+02 5.4336602783e+02 5.4339398193e+02 5.4341900635e+02 5.4343402100e+02 5.4345501709e+02 5.4347497559e+02 5.4349298096e+02 5.4350598145e+02 5.4352001953e+02 5.4354199219e+02 5.4355798340e+02 5.4356799316e+02 5.4360998535e+02 5.4364300537e+02 5.4365997314e+02 5.4366900635e+02 5.4367999268e+02 5.4369500732e+02 5.4370800781e+02 5.4371002197e+02 5.4372100830e+02 5.4373999023e+02 5.4376300049e+02 5.4378002930e+02 5.4382501221e+02 5.4387597656e+02 5.4388702393e+02 5.4387402344e+02 5.4385699463e+02 5.4383801270e+02 5.4382897949e+02 5.4384002686e+02 5.4390600586e+02 5.4395001221e+02 5.4397100830e+02 5.4398901367e+02 5.4396301270e+02 5.4393798828e+02 5.4393701172e+02 5.4396502686e+02 5.4397198486e+02 5.4397900391e+02 5.4399597168e+02
5.4329797363e+02 5.4331799316e+02 5.4333599854e+02 5.4336102295e+02 5.4338500977e+02 5.4341101074e+02 5.4342700195e+02 5.4344396973e+02 5.4346600342e+02 5.4347998047e+02 5.4348999023e+02 5.4352001953e+02 5.4354699707e+02 5.4355902100e+02 5.4356500244e+02 5.4359997559e+02 5.4362701416e+02 5.4364501953e+02 5.4366101074e+02 5.4366699219e+02 5.4367797852e+02 5.4369299316e+02 5.4370697021e+02 5.4371398926e+02 5.4372998047e+02 5.4374798584e+02 5.4375799561e+02 5.4378399658e+02 5.4381597900e+02 5.4381799316e+02 5.4381500244e+02 5.4381597900e+02 5.4380603027e+02 5.4381896973e+02 5.4386102295e+02 5.4391900635e+02 5.4394396973e+02 5.4394000244e+02 5.4394598389e+02 5.4392901611e+02 5.4390100098e+02 5.4390502930e+02 5.4392602539e+02 5.4392999268e+02 5.4394299316e+02 5.4397601318e+02
5.4328900146e+02 5.4330798340e+02 5.4333300781e+02 5.4335601807e+02 5.4337298584e+02 5.4340100098e+02 5.4341699219e+02 5.4343402100e+02 5.4345397949e+02 5.4346301270e+02 5.4347198486e+02 5.4350799561e+02 5.4353900146e+02 5.4355102539e+02 5.4356201172e+02 5.4358898926e+02 5.4360998535e+02 5.4363299561e+02 5.4365502930e+02 5.4365399170e+02 5.4366497803e+02 5.4368499756e+02 5.4370800781e+02 5.4371398926e+02 5.4372399902e+02 5.4373602295e+02 5.4373999023e+02 5.4374798584e+02 5.4376898193e+02 5.4376898193e+02 5.4376202393e+02 5.4377801514e+02 5.4379901123e+02 5.4384497070e+02 5.4390600586e+02 5.4394500732e+02 5.4393902588e+02 5.4390600586e+02 5.4390002441e+02 5.4389898682e+02 5.4388000488e+02 5.4388299561e+02 5.4389501953e+02 5.4389697266e+02 5.4391699219e+02 5.4394702148e+02
5.4327600098e+02 5.4329699707e+02 5.4332598877e+02 5.4334100342e+02 5.4335498047e+02 5.4338299561e+02 5.4340100098e+02 5.4342602539e+02 5.4345001221e+02 5.4346099854e+02 5.4346899414e+02 5.4350500488e+02 5.4353601074e+02 5.4354699707e+02 5.4355102539e+02 5.4357000732e+02 5.4358697510e+02 5.4361102295e+02 5.4363897705e+02 5.4363897705e+02 5.4365698242e+02 5.4368200684e+02 5.4370501709e+02 5.4370898438e+02 5.4371801758e+02 5.4373101807e+02 5.4373400879e+02 5.4373297119e+02 5.4374499512e+02 5.4374597168e+02 5.4374102783e+02 5.4377697754e+02 5.4382598877e+02 5.4388800049e+02 5.4394201660e+02 5.4396398926e+02 5.4393798828e+02 5.4388800049e+02 5.4386798096e+02 5.4386602783e+02 5.4385998535e+02 5.4387097168e+02 5.4388299561e+02 5.4388500977e+02 5.4390502930e+02 5.4392999268e+02
5.4326000977e+02 5.4328497314e+02 5.4330499268e+02 5.4332098389e+02 5.4334100342e+02 5.4336700439e+02 5.4338702393e+02 5.4341802979e+02 5.4344598389e+02 5.4346099854e+02 5.4347302246e+02 5.4350701904e+02 5.4353601074e+02 5.4355102539e+02 5.4355200195e+02 5.4355902100e+02 5.4357598877e+02 5.4359197998e+02 5.4360998535e+02 5.4361901855e+02 5.4364202881e+02 5.4367297363e+02 5.4369299316e+02 5.4370202637e+02 5.4371398926e+02 5.4372998047e+02 5.4373901367e+02 5.4373498535e+02 5.4372998047e+02 5.4373101807e+02 5.4374597168e+02 5.4379699707e+02 5.4385601807e+02 5.4389898682e+02 5.4390802002e+02 5.4393103027e+02 5.4391699219e+02 5.4388000488e+02 5.4386297607e+02 5.4385601807e+02 5.4384899902e+02 5.4386499023e+02 5.4388702393e+02 5.4388299561e+02 5.4389801025e+02 5.4392297363e+02
5.4324700928e+02 5.4326898193e+02 5.4329498291e+02 5.4331597900e+02 5.4334002686e+02 5.4336297607e+02 5.4338800049e+02 5.4341699219e+02 5.4343701172e+02 5.4344500732e+02 5.4345800781e+02 5.4349401855e+02 5.4352197266e+02 5.4353997803e+02 5.4354101563e+02 5.4355297852e+02 5.4356896973e+02 5.4358502197e+02 5.4359997559e+02 5.4360998535e+02 5.4363397217e+02 5.4366497803e+02 5.4368701172e+02 5.4369500732e+02 5.4370898438e+02 5.4372802734e+02 5.4373699951e+02 5.4372802734e+02 5.4372601318e+02 5.4373797607e+02 5.4376702881e+02 5.4382397461e+02 5.4387200928e+02 5.4388800049e+02 5.4387402344e+02 5.4387298584e+02 5.4386102295e+02 5.4384698486e+02 5.4385601807e+02 5.4386999512e+02 5.4386199951e+02 5.4386499023e+02 5.4388500977e+02 5.4389099121e+02 5.4389599609e+02 5.4390802002e+02
5.4322900391e+02 5.4325097656e+02 5.4328601074e+02 5.4331201172e+02 5.4333599854e+02 5.4335900879e+02 5.4338299561e+02 5.4339801025e+02 5.4341497803e+02 5.4342498779e+02 5.4344201660e+02 5.4348199463e+02 5.4351000977e+02 5.4352398682e+02 5.4352899170e+02 5.4354400635e+02 5.4355999756e+02 5.4357598877e+02 5.4359301758e+02 5.4360198975e+02 5.4362500000e+02 5.4365600586e+02 5.4367797852e+02 5.4368597412e+02 5.4370098877e+02 5.4372100830e+02 5.4372601318e+02 5.4371502686e+02 5.4372601318e+02 5.4375701904e+02 5.4379498291e+02 5.4384100342e+02 5.4387402344e+02 5.4387597656e+02 5.4385498047e+02 5.4384100342e+02 5.4382098389e+02 5.4381701660e+02 5.4383502197e+02 5.4385998535e+02 5.4386401367e+02 5.4386499023e+02 5.4387701416e+02 5.4389001465e+02 5.4389501953e+02 5.4389898682e+02
5.4321301270e+02 5.4323999023e+02 5.4328198242e+02 5.4330798340e+02 5.4333099365e+02 5.4335498047e+02 5.4338000488e+02 5.4339501953e+02 5.4341302490e+02 5.4341900635e+02 5.4344000244e+02 5.4347998047e+02 5.4349902344e+02 5.4350701904e+02 5.4351800537e+02 5.4353497314e+02 5.4355102539e+02 5.4356701660e+02 5.4358398438e+02 5.4359197998e+02 5.4361499023e+02 5.4364599609e+02 5.4366699219e+02 5.4367602539e+02 5.4369097900e+02 5.4370898438e+02 5.4371301270e+02 5.4371398926e+02 5.4374597168e+02 5.4379101563e+02 5.4383099365e+02 5.4385400391e+02 5.4386602783e+02 5.4385900879e+02 5.4383898926e+02 5.4382202148e+02 5.4380798340e+02 5.4381201172e+02 5.4382800293e+02 5.4384399414e+02 5.4385498047e+02 5.4386401367e+02 5.4387298584e+02 5.4388299561e+02 5.4389099121e+02 5.4389398193e+02
5.4321099854e+02 5.4323999023e+02 5.4327801514e+02 5.4330499268e+02 5.4332702637e+02 5.4334899902e+02 5.4336700439e+02 5.4339801025e+02 5.4341601563e+02 5.4341998291e+02 5.4345001221e+02 5.4347198486e+02 5.4347998047e+02 5.4349200439e+02 5.4350897217e+02 5.4352801514e+02 5.4354400635e+02 5.4355999756e+02 5.4358300781e+02 5.4359301758e+02 5.4361401367e+02 5.4364001465e+02 5.4365600586e+02 5.4366802979e+02 5.4368200684e+02 5.4369799805e+02 5.4370501709e+02 5.4373498535e+02 5.4378601074e+02 5.4383300781e+02 5.4385601807e+02 5.4385601807e+02 5.4384600830e+02 5.4383099365e+02 5.4381298828e+02 5.4381298828e+02 5.4381799316e+02 5.4383001709e+02 5.4383599854e+02 5.4383697510e+02 5.4384301758e+02 5.4386401367e+02 5.4388598633e+02 5.4388397217e+02 5.4389001465e+02 5.4389599609e+02
5.4321301270e+02 5.4324102783e+02 5.4327398682e+02 5.4329998779e+02 5.4332000732e+02 5.4334100342e+02 5.4335699463e+02 5.4338598633e+02 5.4340997314e+02 5.4341998291e+02 5.4343701172e+02 5.4345397949e+02 5.4346899414e+02 5.4348797607e+02 5.4350500488e+02 5.4353002930e+02 5.4354400635e+02 5.4355700684e+02 5.4357897949e+02 5.4358898926e+02 5.4360498047e+02 5.4363201904e+02 5.4365301514e+02 5.4365899658e+02 5.4367602539e+02 5.4370300293e+02 5.4372998047e+02 5.4377600098e+02 5.4382897949e+02 5.4386798096e+02 5.4387701416e+02 5.4384802246e+02 5.4382501221e+02 5.4380798340e+02 5.4379901123e+02 5.4379699707e+02 5.4380999756e+02 5.4382397461e+02 5.4382800293e+02 5.4382897949e+02 5.4383197021e+02 5.4385101318e+02 5.4387597656e+02 5.4387701416e+02 5.4388000488e+02 5.4388299561e+02
5.4321197510e+02 5.4323999023e+02 5.4327001953e+02 5.4329302979e+02 5.4331402588e+02 5.4333398438e+02 5.4335400391e+02 5.4337902832e+02 5.4339898682e+02 5.4340600586e+02 5.4341497803e+02 5.4343402100e+02 5.4345202637e+02 5.4347399902e+02 5.4349499512e+02 5.4352197266e+02 5.4353698730e+02 5.4355297852e+02 5.4357702637e+02 5.4358099365e+02 5.4360302734e+02 5.4364001465e+02 5.4365100098e+02 5.4365502930e+02 5.4368402100e+02 5.4373101807e+02 5.4377301025e+02 5.4381298828e+02 5.4385302734e+02 5.4387799072e+02 5.4388201904e+02 5.4384197998e+02 5.4381097412e+02 5.4379797363e+02 5.4379302979e+02 5.4379101563e+02 5.4380999756e+02 5.4382202148e+02 5.4382098389e+02 5.4382202148e+02 5.4382897949e+02 5.4384698486e+02 5.4386401367e+02 5.4385998535e+02 5.4386999512e+02 5.4387799072e+02
5.4321197510e+02 5.4323901367e+02 5.4326599121e+02 5.4328698730e+02 5.4330700684e+02 5.4332702637e+02 5.4334997559e+02 5.4337902832e+02 5.4339398193e+02 5.4339202881e+02 5.4339898682e+02 5.4342297363e+02 5.4343902588e+02 5.4345800781e+02 5.4348699951e+02 5.4351800537e+02 5.4353497314e+02 5.4355603027e+02 5.4358197021e+02 5.4358099365e+02 5.4360900879e+02 5.4364697266e+02 5.4364697266e+02 5.4366900635e+02 5.4372302246e+02 5.4378601074e+02 5.4382397461e+02 5.4384002686e+02 5.4385400391e+02 5.4385998535e+02 5.4386102295e+02 5.4382501221e+02 5.4380200195e+02 5.4379797363e+02 5.4379998779e+02 5.4380102539e+02 5.4381500244e+02 5.4381896973e+02 5.4381402588e+02 5.4381500244e+02 5.4382501221e+02 5.4384301758e+02 5.4385998535e+02 5.4384802246e+02 5.4385498047e+02 5.4386499023e+02
5.4320599365e+02 5.4322998047e+02 5.4326800537e+02 5.4328100586e+02 5.4329998779e+02 5.4332000732e+02 5.4333898926e+02 5.4337597656e+02 5.4339001465e+02 5.4338598633e+02 5.4339202881e+02 5.4341998291e+02 5.4343402100e+02 5.4345001221e+02 5.4347601318e+02 5.4351702881e+02 5.4353399658e+02 5.4355499268e+02 5.4358099365e+02 5.4358502197e+02 5.4359698486e+02 5.4361901855e+02 5.4363897705e+02 5.4370800781e+02 5.4378802490e+02 5.4384802246e+02 5.4386102295e+02 5.4384698486e+02 5.4383300781e+02 5.4381597900e+02 5.4380102539e+02 5.4379498291e+02 5.4378802490e+02 5.4379498291e+02 5.4380902100e+02 5.4381597900e+02 5.4382000732e+02 5.4382098389e+02 5.4382202148e+02 5.4381298828e+02 5.4381896973e+02 5.4383697510e+02 5.4386700439e+02 5.4386999512e+02 5.4386901855e+02 5.4387799072e+02
5.4320300293e+02 5.4321398926e+02 5.4325701904e+02 5.4327502441e+02 5.4329400635e+02 5.4331298828e+02 5.4333197021e+02 5.4335699463e+02 5.4336798096e+02 5.4338000488e+02 5.4340197754e+02 5.4342199707e+02 5.4343298340e+02 5.4344799805e+02 5.4347302246e+02 5.4351202393e+02 5.4353698730e+02 5.4355798340e+02 5.4358398438e+02 5.4358099365e+02 5.4358801270e+02 5.4362298584e+02 5.4366497803e+02 5.4372601318e+02 5.4379498291e+02 5.4383898926e+02 5.4383898926e+02 5.4381799316e+02 5.4380401611e+02 5.4379199219e+02 5.4378002930e+02 5.4378399658e+02 5.4379302979e+02 5.4380102539e+02 5.4381298828e+02 5.4381896973e+02 5.4382299805e+02 5.4382702637e+02 5.4383001709e+02 5.4382702637e+02 5.4382299805e+02 5.4383502197e+02 5.4387500000e+02 5.4388500977e+02 5.4388598633e+02 5.4389202881e+02
5.4320300293e+02 5.4321301270e+02 5.4324902344e+02 5.4326898193e+02 5.4328802490e+02 5.4330700684e+02 5.4332702637e+02 5.4334899902e+02 5.4336499023e+02 5.4338702393e+02 5.4341198730e+02 5.4342498779e+02 5.4343499756e+02 5.4345098877e+02 5.4347601318e+02 5.4350701904e+02 5.4353302002e+02 5.4355902100e+02 5.4358197021e+02 5.4358099365e+02 5.4360302734e+02 5.4365399170e+02 5.4369897461e+02 5.4374298096e+02 5.4378900146e+02 5.4381799316e+02 5.4381799316e+02 5.4379699707e+02 5.4378198242e+02 5.4377801514e+02 5.4378100586e+02 5.4378900146e+02 5.4379998779e+02 5.4381201172e+02 5.4381799316e+02 5.4382098389e+02 5.4382501221e+02 5.4383001709e+02 5.4383599854e+02 5.4383898926e+02 5.4382702637e+02 5.4382897949e+02 5.4386499023e+02 5.4388598633e+02 5.4389501953e+02 5.4390301514e+02
5.4319299316e+02 5.4320599365e+02 5.4324102783e+02 5.4326300049e+02 5.4328198242e+02 5.4330102539e+02 5.4332299805e+02 5.4335498047e+02 5.4337402344e+02 5.4339099121e+02 5.4340698242e+02 5.4342498779e+02 5.4344000244e+02 5.4346002197e+02 5.4348498535e+02 5.4350701904e+02 5.4353302002e+02 5.4356097412e+02 5.4357397461e+02 5.4358197021e+02 5.4363000488e+02 5.4369897461e+02 5.4373699951e+02 5.4376599121e+02 5.4378601074e+02 5.4379498291e+02 5.4379302979e+02 5.4377697754e+02 5.4376501465e+02 5.4377001953e+02 5.4378900146e+02 5.4379101563e+02 5.4379602051e+02 5.4380999756e+02 5.4381896973e+02 5.4382397461e+02 5.4382800293e+02 5.4383197021e+02 5.4383697510e+02 5.4384301758e+02 5.4383099365e+02 5.4382702637e+02 5.4384997559e+02 5.4388000488e+02 5.4390100098e+02 5.4391302490e+02
5.4317700195e+02 5.4319702148e+02 5.4322698975e+02 5.4325799561e+02 5.4327801514e+02 5.4329498291e+02 5.4331298828e+02 5.4335900879e+02 5.4338500977e+02 5.4339697266e+02 5.4340600586e+02 5.4342498779e+02 5.4344598389e+02 5.4346600342e+02 5.4348199463e+02 5.4350097656e+02 5.4352600098e+02 5.4355297852e+02 5.4355798340e+02 5.4358599854e+02 5.4365502930e+02 5.4373797607e+02 5.4377301025e+02 5.4379101563e+02 5.4378198242e+02 5.4376702881e+02 5.4375897217e+02 5.4374401855e+02 5.4373901367e+02 5.4375500488e+02 5.4378302002e+02 5.4379498291e+02 5.4379699707e+02 5.4380999756e+02 5.4382098389e+02 5.4382299805e+02 5.4382897949e+02 5.4383502197e+02 5.4383697510e+02 5.4384197998e+02 5.4383300781e+02 5.4382800293e+02 5.4383801270e+02 5.4387597656e+02 5.4390802002e+02 5.4392297363e+02
5.4318298340e+02 5.4320098877e+02 5.4323400879e+02 5.4326202393e+02 5.4328399658e+02 5.4330401611e+02 5.4332299805e+02 5.4336297607e+02 5.4338702393e+02 5.4339599609e+02 5.4340197754e+02 5.4342498779e+02 5.4344201660e+02 5.4345202637e+02 5.4346600342e+02 5.4349401855e+02 5.4351898193e+02 5.4355499268e+02 5.4358898926e+02 5.4362597656e+02 5.4367999268e+02 5.4373999023e+02 5.4376898193e+02 5.4376300049e+02 5.4374401855e+02 5.4372601318e+02 5.4371398926e+02 5.4372198486e+02 5.4373602295e+02 5.4374798584e+02 5.4375201416e+02 5.4378399658e+02 5.4379797363e+02 5.4381201172e+02 5.4382299805e+02 5.4381896973e+02 5.4382800293e+02 5.4383697510e+02 5.4384002686e+02 5.4384100342e+02 5.4383300781e+02 5.4383099365e+02 5.4384002686e+02 5.4387500000e+02 5.4390802002e+02 5.4392700195e+02
5.4319097900e+02 5.4320599365e+02 5.4323699951e+02 5.4326098633e+02 5.4328601074e+02 5.4331402588e+02 5.4333898926e+02 5.4336798096e+02 5.4338500977e+02 5.4338897705e+02 5.4339898682e+02 5.4343402100e+02 5.4345202637e+02 5.4345898438e+02 5.4347399902e+02 5.4350299072e+02 5.4353198242e+02 5.4358502197e+02 5.4363201904e+02 5.4365502930e+02 5.4368298340e+02 5.4371099854e+02 5.4371899414e+02 5.4371002197e+02 5.4370202637e+02 5.4369500732e+02 5.4369598389e+02 5.4371899414e+02 5.4373999023e+02 5.4375000000e+02 5.4375000000e+02 5.4378198242e+02 5.4379797363e+02 5.4381298828e+02 5.4382598877e+02 5.4382299805e+02 5.4383398438e+02 5.4384197998e+02 5.4384002686e+02 5.4383801270e+02 5.4383197021e+02 5.4383502197e+02 5.4384399414e+02 5.4387200928e+02 5.4390301514e+02 5.4392297363e+02
5.4320300293e+02 5.4321801758e+02 5.4324200439e+02 5.4326098633e+02 5.4328802490e+02 5.4332202148e+02 5.4334698486e+02 5.4336199951e+02 5.4337902832e+02 5.4338800049e+02 5.4340197754e+02 5.4343402100e+02 5.4345800781e+02 5.4347399902e+02 5.4349597168e+02 5.4351702881e+02 5.4355902100e+02 5.4363299561e+02 5.4367700195e+02 5.4368298340e+02 5.4368402100e+02 5.4367999268e+02 5.4366802979e+02 5.4366802979e+02 5.4367602539e+02 5.4368402100e+02 5.4369097900e+02 5.4370800781e+02 5.4372100830e+02 5.4373699951e+02 5.4375897217e+02 5.4378497314e+02 5.4379699707e+02 5.4381402588e+02 5.4382702637e+02 5.4382897949e+02 5.4384197998e+02 5.4384698486e+02 5.4384301758e+02 5.4383599854e+02 5.4382702637e+02 5.4383001709e+02 5.4384002686e+02 5.4386199951e+02 5.4388702393e+02 5.4390802002e+02
