TESTSERVER/4/19.asc
NCOLS 100
NROWS 100
XLLCORNER 7.6997500000e+03
YLLCORNER 2.8900025000e+05
CELLSIZE 5.0000000000e-01
NODATA_VALUE -9.9990000000e+03
[rows 80 to 99 of 100, columns 46 to 91 of 100]
5.4217199707e+02 5.4219702148e+02 5.4223101807e+02 5.4223199463e+02 5.4223297119e+02 5.4222698975e+02 5.4221398926e+02 5.4222100830e+02 5.4222601318e+02 5.4223101807e+02 5.4223797607e+02 5.4224902344e+02 5.4225701904e+02 5.4226300049e+02 5.4225299072e+02 5.4225897217e+02 5.4223602295e+02 5.4220800781e+02 5.4217999268e+02 5.4216802979e+02 5.4216302490e+02 5.4216497803e+02 5.4217102051e+02 5.4217797852e+02 5.4217901611e+02 5.4217797852e+02 5.4217797852e+02 5.4218597412e+02 5.4218902588e+02 5.4218597412e+02 5.4217297363e+02 5.4218499756e+02 5.4219396973e+02 5.4219201660e+02 5.4220098877e+02 5.4225097656e+02 5.4229602051e+02 5.4233001709e+02 5.4236798096e+02 5.4240802002e+02 5.4243499756e+02 5.4247198486e+02 5.4252600098e+02 5.4257202148e+02 5.4261602783e+02 5.4265502930e+02
5.4214801025e+02 5.4216900635e+02 5.4219897461e+02 5.4221197510e+02 5.4221697998e+02 5.4221301270e+02 5.4220300293e+02 5.4220599365e+02 5.4221099854e+02 5.4221502686e+02 5.4222302246e+02 5.4223101807e+02 5.4223199463e+02 5.4222601318e+02 5.4221398926e+02 5.4219598389e+02 5.4218597412e+02 5.4217498779e+02 5.4216101074e+02 5.4216497803e+02 5.4217102051e+02 5.4217602539e+02 5.4217700195e+02 5.4217901611e+02 5.4218103027e+02 5.4218499756e+02 5.4219097900e+02 5.4220300293e+02 5.4220001221e+02 5.4219299316e+02 5.4218103027e+02 5.4218103027e+02 5.4219000244e+02 5.4220202637e+02 5.4223297119e+02 5.4229199219e+02 5.4233697510e+02 5.4236401367e+02 5.4239099121e+02 5.4241302490e+02 5.4243402100e+02 5.4247497559e+02 5.4252398682e+02 5.4255401611e+02 5.4258300781e+02 5.4261700439e+02
5.4212402344e+02 5.4213800049e+02 5.4216101074e+02 5.4217901611e+02 5.4219000244e+02 5.4219500732e+02 5.4219396973e+02 5.4219598389e+02 5.4219897461e+02 5.4220300293e+02 5.4221099854e+02 5.4221997070e+02 5.4221801758e+02 5.4221099854e+02 5.4219598389e+02 5.4217797852e+02 5.4217102051e+02 5.4216900635e+02 5.4216400146e+02 5.4217199707e+02 5.4218103027e+02 5.4218701172e+02 5.4218597412e+02 5.4218499756e+02 5.4218902588e+02 5.4219598389e+02 5.4220300293e+02 5.4220800781e+02 5.4219799805e+02 5.4218902588e+02 5.4218298340e+02 5.4219702148e+02 5.4222998047e+02 5.4225598145e+02 5.4227801514e+02 5.4231701660e+02 5.4234802246e+02 5.4236499023e+02 5.4238897705e+02 5.4241302490e+02 5.4243298340e+02 5.4246801758e+02 5.4250500488e+02 5.4252801514e+02 5.4255603027e+02 5.4258502197e+02
5.4210400391e+02 5.4211499023e+02 5.4212902832e+02 5.4214801025e+02 5.4216400146e+02 5.4217602539e+02 5.4218499756e+02 5.4219000244e+02 5.4219299316e+02 5.4219598389e+02 5.4220501709e+02 5.4221301270e+02 5.4221002197e+02 5.4220098877e+02 5.4218499756e+02 5.4216900635e+02 5.4216802979e+02 5.4217498779e+02 5.4217700195e+02 5.4217700195e+02 5.4218200684e+02 5.4219201660e+02 5.4219500732e+02 5.4219299316e+02 5.4219598389e+02 5.4220300293e+02 5.4220599365e+02 5.4220397949e+02 5.4219299316e+02 5.4218402100e+02 5.4218103027e+02 5.4222900391e+02 5.4229199219e+02 5.4232299805e+02 5.4232000732e+02 5.4233502197e+02 5.4235101318e+02 5.4235900879e+02 5.4237701416e+02 5.4240600586e+02 5.4242901611e+02 5.4245397949e+02 5.4247497559e+02 5.4250000000e+02 5.4253302002e+02 5.4256298828e+02
5.4209100342e+02 5.4209698486e+02 5.4210900879e+02 5.4212597656e+02 5.4214099121e+02 5.4215802002e+02 5.4218499756e+02 5.4218902588e+02 5.4219201660e+02 5.4219500732e+02 5.4221002197e+02 5.4221099854e+02 5.4220397949e+02 5.4219299316e+02 5.4218402100e+02 5.4217199707e+02 5.4217901611e+02 5.4219000244e+02 5.4218798828e+02 5.4218200684e+02 5.4218499756e+02 5.4219299316e+02 5.4219799805e+02 5.4219201660e+02 5.4219396973e+02 5.4219799805e+02 5.4219799805e+02 5.4219201660e+02 5.4218798828e+02 5.4218597412e+02 5.4218902588e+02 5.4225799561e+02 5.4233197021e+02 5.4236401367e+02 5.4237097168e+02 5.4237902832e+02 5.4237200928e+02 5.4236700439e+02 5.4238201904e+02 5.4240399170e+02 5.4242498779e+02 5.4244500732e+02 5.4246600342e+02 5.4248297119e+02 5.4250598145e+02 5.4253399658e+02
5.4208398438e+02 5.4209399414e+02 5.4211199951e+02 5.4211901855e+02 5.4212500000e+02 5.4214599609e+02 5.4219299316e+02 5.4220098877e+02 5.4219799805e+02 5.4219897461e+02 5.4220599365e+02 5.4220202637e+02 5.4218597412e+02 5.4217102051e+02 5.4216302490e+02 5.4216302490e+02 5.4217498779e+02 5.4219000244e+02 5.4219000244e+02 5.4217901611e+02 5.4218200684e+02 5.4219299316e+02 5.4220202637e+02 5.4218902588e+02 5.4218200684e+02 5.4218597412e+02 5.4219396973e+02 5.4218902588e+02 5.4218701172e+02 5.4219500732e+02 5.4220202637e+02 5.4226098633e+02 5.4233502197e+02 5.4239099121e+02 5.4242999268e+02 5.4245300293e+02 5.4243103027e+02 5.4239599609e+02 5.4238500977e+02 5.4240502930e+02 5.4242297363e+02 5.4244000244e+02 5.4246099854e+02 5.4247998047e+02 5.4248498535e+02 5.4250402832e+02
5.4208697510e+02 5.4209698486e+02 5.4210900879e+02 5.4211199951e+02 5.4211999512e+02 5.4214697266e+02 5.4220202637e+02 5.4220501709e+02 5.4219598389e+02 5.4219299316e+02 5.4219799805e+02 5.4219000244e+02 5.4217297363e+02 5.4215802002e+02 5.4215600586e+02 5.4216900635e+02 5.4218200684e+02 5.4219097900e+02 5.4218798828e+02 5.4217797852e+02 5.4218200684e+02 5.4219702148e+02 5.4220397949e+02 5.4218499756e+02 5.4217498779e+02 5.4218103027e+02 5.4219500732e+02 5.4218902588e+02 5.4217901611e+02 5.4218402100e+02 5.4220397949e+02 5.4224798584e+02 5.4231402588e+02 5.4238397217e+02 5.4244799805e+02 5.4248901367e+02 5.4247399902e+02 5.4243103027e+02 5.4239599609e+02 5.4240600586e+02 5.4242401123e+02 5.4243902588e+02 5.4245697021e+02 5.4247900391e+02 5.4247998047e+02 5.4249200439e+02
5.4208801270e+02 5.4209301758e+02 5.4209899902e+02 5.4210900879e+02 5.4212902832e+02 5.4216601563e+02 5.4221197510e+02 5.4220300293e+02 5.4218902588e+02 5.4218402100e+02 5.4218902588e+02 5.4218298340e+02 5.4216802979e+02 5.4215698242e+02 5.4216699219e+02 5.4218200684e+02 5.4218798828e+02 5.4218798828e+02 5.4217901611e+02 5.4217498779e+02 5.4218103027e+02 5.4219299316e+02 5.4219897461e+02 5.4218103027e+02 5.4217102051e+02 5.4217797852e+02 5.4219500732e+02 5.4219396973e+02 5.4218200684e+02 5.4217602539e+02 5.4219702148e+02 5.4223602295e+02 5.4228698730e+02 5.4234899902e+02 5.4241198730e+02 5.4245697021e+02 5.4246099854e+02 5.4243499756e+02 5.4240100098e+02 5.4239697266e+02 5.4241101074e+02 5.4243200684e+02 5.4245202637e+02 5.4247698975e+02 5.4248101807e+02 5.4249200439e+02
5.4209399414e+02 5.4209698486e+02 5.4208801270e+02 5.4210699463e+02 5.4215502930e+02 5.4220300293e+02 5.4221997070e+02 5.4219097900e+02 5.4217999268e+02 5.4217602539e+02 5.4217199707e+02 5.4217700195e+02 5.4217297363e+02 5.4217297363e+02 5.4218402100e+02 5.4218798828e+02 5.4219097900e+02 5.4218597412e+02 5.4216400146e+02 5.4216699219e+02 5.4217498779e+02 5.4218402100e+02 5.4218701172e+02 5.4217901611e+02 5.4217199707e+02 5.4217602539e+02 5.4219000244e+02 5.4221301270e+02 5.4221301270e+02 5.4219097900e+02 5.4216802979e+02 5.4221398926e+02 5.4226501465e+02 5.4231597900e+02 5.4235198975e+02 5.4238397217e+02 5.4240600586e+02 5.4240997314e+02 5.4240197754e+02 5.4238702393e+02 5.4239501953e+02 5.4242199707e+02 5.4244299316e+02 5.4246600342e+02 5.4247900391e+02 5.4249798584e+02
5.4208599854e+02 5.4208898926e+02 5.4210797119e+02 5.4215600586e+02 5.4221002197e+02 5.4221099854e+02 5.4215399170e+02 5.4214898682e+02 5.4216900635e+02 5.4217901611e+02 5.4217102051e+02 5.4217297363e+02 5.4217602539e+02 5.4217999268e+02 5.4218701172e+02 5.4219500732e+02 5.4220098877e+02 5.4219299316e+02 5.4216802979e+02 5.4216802979e+02 5.4217602539e+02 5.4218499756e+02 5.4218597412e+02 5.4217901611e+02 5.4217901611e+02 5.4218499756e+02 5.4220300293e+02 5.4222601318e+02 5.4223101807e+02 5.4221398926e+02 5.4217797852e+02 5.4218902588e+02 5.4223297119e+02 5.4228198242e+02 5.4230902100e+02 5.4233801270e+02 5.4236602783e+02 5.4237701416e+02 5.4236297607e+02 5.4235900879e+02 5.4238000488e+02 5.4240997314e+02 5.4242199707e+02 5.4245599365e+02 5.4248199463e+02 5.4249700928e+02
5.4208801270e+02 5.4211199951e+02 5.4215301514e+02 5.4217401123e+02 5.4218103027e+02 5.4215802002e+02 5.4212200928e+02 5.4214202881e+02 5.4216400146e+02 5.4217199707e+02 5.4216900635e+02 5.4217297363e+02 5.4217700195e+02 5.4217999268e+02 5.4218701172e+02 5.4219500732e+02 5.4220300293e+02 5.4219897461e+02 5.4218499756e+02 5.4217797852e+02 5.4217901611e+02 5.4218402100e+02 5.4218298340e+02 5.4218103027e+02 5.4218701172e+02 5.4219799805e+02 5.4221899414e+02 5.4224401855e+02 5.4225000000e+02 5.4223400879e+02 5.4219702148e+02 5.4218103027e+02 5.4220300293e+02 5.4223901367e+02 5.4226702881e+02 5.4230401611e+02 5.4233898926e+02 5.4235101318e+02 5.4233300781e+02 5.4233398438e+02 5.4236102295e+02 5.4239300537e+02 5.4240600586e+02 5.4244396973e+02 5.4247198486e+02 5.4248199463e+02
5.4211102295e+02 5.4215002441e+02 5.4215600586e+02 5.4214001465e+02 5.4212799072e+02 5.4212701416e+02 5.4213397217e+02 5.4215301514e+02 5.4216198730e+02 5.4216101074e+02 5.4216699219e+02 5.4217297363e+02 5.4217700195e+02 5.4217999268e+02 5.4218798828e+02 5.4219299316e+02 5.4220202637e+02 5.4220501709e+02 5.4220098877e+02 5.4218402100e+02 5.4217297363e+02 5.4217498779e+02 5.4218298340e+02 5.4219097900e+02 5.4220098877e+02 5.4221502686e+02 5.4223498535e+02 5.4225701904e+02 5.4226202393e+02 5.4224597168e+02 5.4221099854e+02 5.4218200684e+02 5.4218701172e+02 5.4220697021e+02 5.4222900391e+02 5.4226898193e+02 5.4231201172e+02 5.4233197021e+02 5.4231896973e+02 5.4231500244e+02 5.4234002686e+02 5.4237402344e+02 5.4239099121e+02 5.4241601563e+02 5.4244299316e+02 5.4245001221e+02
5.4209100342e+02 5.4211199951e+02 5.4210198975e+02 5.4209997559e+02 5.4210998535e+02 5.4212500000e+02 5.4213500977e+02 5.4215197754e+02 5.4215802002e+02 5.4215698242e+02 5.4216998291e+02 5.4217498779e+02 5.4217797852e+02 5.4218200684e+02 5.4218701172e+02 5.4218902588e+02 5.4219500732e+02 5.4220001221e+02 5.4220397949e+02 5.4218597412e+02 5.4217199707e+02 5.4217498779e+02 5.4219598389e+02 5.4221398926e+02 5.4222601318e+02 5.4223699951e+02 5.4224298096e+02 5.4225000000e+02 5.4225000000e+02 5.4223999023e+02 5.4221502686e+02 5.4219500732e+02 5.4219201660e+02 5.4219396973e+02 5.4220098877e+02 5.4223498535e+02 5.4227398682e+02 5.4230200195e+02 5.4230499268e+02 5.4229998779e+02 5.4231799316e+02 5.4234802246e+02 5.4236602783e+02 5.4238702393e+02 5.4240502930e+02 5.4241998291e+02
5.4207397461e+02 5.4208801270e+02 5.4208697510e+02 5.4209899902e+02 5.4210998535e+02 5.4211499023e+02 5.4213098145e+02 5.4215002441e+02 5.4216302490e+02 5.4216601563e+02 5.4217102051e+02 5.4217602539e+02 5.4217999268e+02 5.4218402100e+02 5.4218597412e+02 5.4218200684e+02 5.4218499756e+02 5.4218902588e+02 5.4220202637e+02 5.4219799805e+02 5.4219598389e+02 5.4220599365e+02 5.4222601318e+02 5.4223797607e+02 5.4224700928e+02 5.4225201416e+02 5.4224902344e+02 5.4224200439e+02 5.4223699951e+02 5.4223199463e+02 5.4222497559e+02 5.4221899414e+02 5.4221197510e+02 5.4220501709e+02 5.4219500732e+02 5.4220599365e+02 5.4223199463e+02 5.4225402832e+02 5.4226300049e+02 5.4227001953e+02 5.4229302979e+02 5.4232000732e+02 5.4233502197e+02 5.4234899902e+02 5.4235198975e+02 5.4237402344e+02
5.4206201172e+02 5.4206896973e+02 5.4206799316e+02 5.4209100342e+02 5.4211401367e+02 5.4211999512e+02 5.4213201904e+02 5.4215002441e+02 5.4216302490e+02 5.4216900635e+02 5.4217297363e+02 5.4217700195e+02 5.4218103027e+02 5.4218499756e+02 5.4218902588e+02 5.4218499756e+02 5.4218902588e+02 5.4219396973e+02 5.4220397949e+02 5.4220800781e+02 5.4221502686e+02 5.4223101807e+02 5.4224902344e+02 5.4225299072e+02 5.4225799561e+02 5.4225897217e+02 5.4225201416e+02 5.4224200439e+02 5.4223602295e+02 5.4222998047e+02 5.4222998047e+02 5.4222998047e+02 5.4222100830e+02 5.4221099854e+02 5.4219299316e+02 5.4218902588e+02 5.4220300293e+02 5.4221801758e+02 5.4222698975e+02 5.4224499512e+02 5.4227502441e+02 5.4230700684e+02 5.4232098389e+02 5.4232800293e+02 5.4232800293e+02 5.4235198975e+02
5.4204199219e+02 5.4205200195e+02 5.4205401611e+02 5.4208898926e+02 5.4212500000e+02 5.4213397217e+02 5.4213800049e+02 5.4215002441e+02 5.4215997314e+02 5.4216699219e+02 5.4217297363e+02 5.4217700195e+02 5.4218103027e+02 5.4218499756e+02 5.4219097900e+02 5.4219097900e+02 5.4219702148e+02 5.4220397949e+02 5.4221002197e+02 5.4221899414e+02 5.4223199463e+02 5.4224902344e+02 5.4226300049e+02 5.4226202393e+02 5.4226397705e+02 5.4226202393e+02 5.4225201416e+02 5.4224102783e+02 5.4223297119e+02 5.4222698975e+02 5.4222998047e+02 5.4223400879e+02 5.4222399902e+02 5.4221301270e+02 5.4219500732e+02 5.4218499756e+02 5.4219000244e+02 5.4219799805e+02 5.4220599365e+02 5.4222698975e+02 5.4225500488e+02 5.4229101563e+02 5.4230297852e+02 5.4231298828e+02 5.4232598877e+02 5.4235198975e+02
5.4202301025e+02 5.4203399658e+02 5.4203997803e+02 5.4208197021e+02 5.4211700439e+02 5.4212701416e+02 5.4213201904e+02 5.4214501953e+02 5.4215301514e+02 5.4215899658e+02 5.4216601563e+02 5.4217602539e+02 5.4217901611e+02 5.4218298340e+02 5.4219299316e+02 5.4219396973e+02 5.4219799805e+02 5.4220501709e+02 5.4221502686e+02 5.4223498535e+02 5.4224902344e+02 5.4226098633e+02 5.4226202393e+02 5.4225897217e+02 5.4225500488e+02 5.4225000000e+02 5.4223498535e+02 5.4223199463e+02 5.4222399902e+02 5.4221697998e+02 5.4222100830e+02 5.4222698975e+02 5.4221899414e+02 5.4220898438e+02 5.4219799805e+02 5.4219299316e+02 5.4219500732e+02 5.4219799805e+02 5.4220300293e+02 5.4220800781e+02 5.4222497559e+02 5.4225500488e+02 5.4227301025e+02 5.4228900146e+02 5.4231298828e+02 5.4233300781e+02
5.4201702881e+02 5.4201800537e+02 5.4202801514e+02 5.4206298828e+02 5.4209301758e+02 5.4211102295e+02 5.4212402344e+02 5.4213201904e+02 5.4213800049e+02 5.4214599609e+02 5.4216101074e+02 5.4216900635e+02 5.4216900635e+02 5.4217297363e+02 5.4218798828e+02 5.4219299316e+02 5.4219702148e+02 5.4220697021e+02 5.4222802734e+02 5.4224902344e+02 5.4226098633e+02 5.4226300049e+02 5.4225897217e+02 5.4224902344e+02 5.4224102783e+02 5.4223400879e+02 5.4222802734e+02 5.4222100830e+02 5.4221502686e+02 5.4221002197e+02 5.4221197510e+02 5.4221099854e+02 5.4220501709e+02 5.4220001221e+02 5.4219702148e+02 5.4220001221e+02 5.4220300293e+02 5.4220397949e+02 5.4220001221e+02 5.4219799805e+02 5.4220501709e+02 5.4222802734e+02 5.4224499512e+02 5.4226397705e+02 5.4229699707e+02 5.4232397461e+02
5.4199798584e+02 5.4200701904e+02 5.4203002930e+02 5.4205902100e+02 5.4209100342e+02 5.4211297607e+02 5.4212402344e+02 5.4212799072e+02 5.4213800049e+02 5.4215002441e+02 5.4215301514e+02 5.4215197754e+02 5.4215600586e+02 5.4216699219e+02 5.4218499756e+02 5.4219299316e+02 5.4220098877e+02 5.4221997070e+02 5.4224902344e+02 5.4226800537e+02 5.4227398682e+02 5.4226800537e+02 5.4225402832e+02 5.4224102783e+02 5.4223297119e+02 5.4222698975e+02 5.4222100830e+02 5.4221502686e+02 5.4221002197e+02 5.4220697021e+02 5.4220397949e+02 5.4220098877e+02 5.4219799805e+02 5.4219598389e+02 5.4219897461e+02 5.4220300293e+02 5.4220599365e+02 5.4220599365e+02 5.4220098877e+02 5.4219396973e+02 5.4218597412e+02 5.4220202637e+02 5.4222698975e+02 5.4225299072e+02 5.4228900146e+02 5.4231597900e+02
5.4197399902e+02 5.4199902344e+02 5.4203601074e+02 5.4207800293e+02 5.4211901855e+02 5.4213800049e+02 5.4213800049e+02 5.4214202881e+02 5.4215301514e+02 5.4216101074e+02 5.4214898682e+02 5.4213598633e+02 5.4214300537e+02 5.4215997314e+02 5.4218499756e+02 5.4219702148e+02 5.4220697021e+02 5.4222802734e+02 5.4226300049e+02 5.4228198242e+02 5.4228302002e+02 5.4226898193e+02 5.4224597168e+02 5.4223297119e+02 5.4222399902e+02 5.4221697998e+02 5.4221197510e+02 5.4220800781e+02 5.4220501709e+02 5.4220300293e+02 5.4219897461e+02 5.4219396973e+02 5.4219396973e+02 5.4219500732e+02 5.4220098877e+02 5.4220697021e+02 5.4220800781e+02 5.4220697021e+02 5.4220202637e+02 5.4218902588e+02 5.4216900635e+02 5.4217999268e+02 5.4221801758e+02 5.4225402832e+02 5.4228997803e+02 5.4230902100e+02
