TESTSERVER/4/2.asc
NCOLS 100
NROWS 100
XLLCORNER 7.6997500000e+03
YLLCORNER 2.8985025000e+05
CELLSIZE 5.0000000000e-01
NODATA_VALUE -9.9990000000e+03
[rows 0 to 19 of 100, columns 0 to 45 of 100]
6.4880999756e+02 6.4881097412e+02 6.4877899170e+02 6.4873602295e+02 6.4875598145e+02 6.4877600098e+02 6.4877502441e+02 6.4878002930e+02 6.4875799561e+02 6.4878100586e+02 6.4883001709e+02 6.4886499023e+02 6.4885302734e+02 6.4883300781e+02 6.4880401611e+02 6.4878302002e+02 6.4880297852e+02 6.4884002686e+02 6.4889898682e+02 6.4891802979e+02 6.4892901611e+02 6.4892999268e+02 6.4892102051e+02 6.4889001465e+02 6.4887500000e+02 6.4888702393e+02 6.4889801025e+02 6.4887298584e+02 6.4884600830e+02 6.4884802246e+02 6.4887200928e+02 6.4882897949e+02 6.4882598877e+02 6.4884100342e+02 6.4883502197e+02 6.4884997559e+02 6.4886700439e+02 6.4884600830e+02 6.4883599854e+02 6.4888897705e+02 6.4884497070e+02 6.4884100342e+02 6.4885302734e+02 6.4885198975e+02 6.4883001709e+02 6.4882897949e+02
6.4883099365e+02 6.4880999756e+02 6.4879101563e+02 6.4878002930e+02 6.4878698730e+02 6.4877801514e+02 6.4877801514e+02 6.4882299805e+02 6.4882897949e+02 6.4880401611e+02 6.4879199219e+02 6.4882897949e+02 6.4884497070e+02 6.4884802246e+02 6.4881097412e+02 6.4878002930e+02 6.4875000000e+02 6.4879797363e+02 6.4890197754e+02 6.4895898438e+02 6.4896502686e+02 6.4895300293e+02 6.4895001221e+02 6.4889501953e+02 6.4886102295e+02 6.4888299561e+02 6.4890197754e+02 6.4888000488e+02 6.4887597656e+02 6.4885900879e+02 6.4885900879e+02 6.4882897949e+02 6.4882000732e+02 6.4884002686e+02 6.4883697510e+02 6.4883001709e+02 6.4886199951e+02 6.4888800049e+02 6.4884002686e+02 6.4884301758e+02 6.4879901123e+02 6.4879199219e+02 6.4881701660e+02 6.4881597900e+02 6.4879998779e+02 6.4881097412e+02
6.4885699463e+02 6.4884802246e+02 6.4882202148e+02 6.4882397461e+02 6.4881402588e+02 6.4879901123e+02 6.4881298828e+02 6.4886901855e+02 6.4888397217e+02 6.4882299805e+02 6.4882202148e+02 6.4878900146e+02 6.4881500244e+02 6.4881500244e+02 6.4879699707e+02 6.4877398682e+02 6.4867700195e+02 6.4864697266e+02 6.4876501465e+02 6.4886602783e+02 6.4890997314e+02 6.4893298340e+02 6.4895599365e+02 6.4890399170e+02 6.4884802246e+02 6.4885797119e+02 6.4890399170e+02 6.4887799072e+02 6.4887200928e+02 6.4885101318e+02 6.4883502197e+02 6.4881097412e+02 6.4879602051e+02 6.4880902100e+02 6.4881799316e+02 6.4881201172e+02 6.4883197021e+02 6.4886199951e+02 6.4884399414e+02 6.4885198975e+02 6.4881500244e+02 6.4878698730e+02 6.4880297852e+02 6.4879101563e+02 6.4877697754e+02 6.4878002930e+02
6.4885998535e+02 6.4887298584e+02 6.4886297607e+02 6.4886499023e+02 6.4884399414e+02 6.4884002686e+02 6.4888897705e+02 6.4890997314e+02 6.4891198730e+02 6.4890301514e+02 6.4894000244e+02 6.4882800293e+02 6.4882800293e+02 6.4878698730e+02 6.4880798340e+02 6.4881597900e+02 6.4871899414e+02 6.4860101318e+02 6.4860797119e+02 6.4868701172e+02 6.4875201416e+02 6.4883001709e+02 6.4891302490e+02 6.4889501953e+02 6.4882702637e+02 6.4882299805e+02 6.4887597656e+02 6.4884600830e+02 6.4883898926e+02 6.4882397461e+02 6.4880798340e+02 6.4881402588e+02 6.4880102539e+02 6.4880297852e+02 6.4881500244e+02 6.4882397461e+02 6.4881402588e+02 6.4883398438e+02 6.4884002686e+02 6.4885101318e+02 6.4882397461e+02 6.4878497314e+02 6.4878601074e+02 6.4875799561e+02 6.4875201416e+02 6.4875598145e+02
6.4886602783e+02 6.4887597656e+02 6.4887902832e+02 6.4888702393e+02 6.4887597656e+02 6.4888397217e+02 6.4891601563e+02 6.4892901611e+02 6.4892498779e+02 6.4892498779e+02 6.4885900879e+02 6.4881896973e+02 6.4882897949e+02 6.4880603027e+02 6.4884497070e+02 6.4885198975e+02 6.4883197021e+02 6.4876501465e+02 6.4867102051e+02 6.4862402344e+02 6.4860699463e+02 6.4864202881e+02 6.4872399902e+02 6.4876098633e+02 6.4876300049e+02 6.4879302979e+02 6.4883001709e+02 6.4881402588e+02 6.4881500244e+02 6.4880401611e+02 6.4878002930e+02 6.4878198242e+02 6.4878399658e+02 6.4878399658e+02 6.4879101563e+02 6.4882202148e+02 6.4881799316e+02 6.4882202148e+02 6.4883398438e+02 6.4880798340e+02 6.4878802490e+02 6.4876300049e+02 6.4874798584e+02 6.4873999023e+02 6.4871997070e+02 6.4872497559e+02
6.4886700439e+02 6.4889099121e+02 6.4890399170e+02 6.4890899658e+02 6.4892102051e+02 6.4896697998e+02 6.4902502441e+02 6.4900299072e+02 6.4894396973e+02 6.4888702393e+02 6.4883697510e+02 6.4882000732e+02 6.4880401611e+02 6.4883697510e+02 6.4890399170e+02 6.4888800049e+02 6.4887597656e+02 6.4882397461e+02 6.4877398682e+02 6.4874902344e+02 6.4866601563e+02 6.4859997559e+02 6.4857098389e+02 6.4852197266e+02 6.4859301758e+02 6.4869097900e+02 6.4874200439e+02 6.4876098633e+02 6.4876898193e+02 6.4875701904e+02 6.4874298096e+02 6.4874401855e+02 6.4875201416e+02 6.4876202393e+02 6.4877899170e+02 6.4878997803e+02 6.4880700684e+02 6.4881402588e+02 6.4881402588e+02 6.4880902100e+02 6.4879797363e+02 6.4876300049e+02 6.4872802734e+02 6.4869097900e+02 6.4866198730e+02 6.4866802979e+02
6.4885699463e+02 6.4887200928e+02 6.4888201904e+02 6.4888702393e+02 6.4894500732e+02 6.4904998779e+02 6.4917901611e+02 6.4914801025e+02 6.4901702881e+02 6.4888702393e+02 6.4884399414e+02 6.4885601807e+02 6.4883398438e+02 6.4889300537e+02 6.4893200684e+02 6.4890600586e+02 6.4891497803e+02 6.4887402344e+02 6.4884197998e+02 6.4882598877e+02 6.4878100586e+02 6.4874102783e+02 6.4867901611e+02 6.4859002686e+02 6.4857897949e+02 6.4857800293e+02 6.4858697510e+02 6.4861199951e+02 6.4864300537e+02 6.4865100098e+02 6.4866302490e+02 6.4867498779e+02 6.4869500732e+02 6.4871997070e+02 6.4875097656e+02 6.4875201416e+02 6.4877801514e+02 6.4879602051e+02 6.4878997803e+02 6.4878399658e+02 6.4877197266e+02 6.4874102783e+02 6.4869799805e+02 6.4867498779e+02 6.4865197754e+02 6.4864599609e+02
6.4885998535e+02 6.4889501953e+02 6.4891198730e+02 6.4889599609e+02 6.4896600342e+02 6.4913299561e+02 6.4936700439e+02 6.4940100098e+02 6.4923297119e+02 6.4901300049e+02 6.4888800049e+02 6.4888800049e+02 6.4887902832e+02 6.4892102051e+02 6.4892498779e+02 6.4890301514e+02 6.4891900635e+02 6.4889099121e+02 6.4885797119e+02 6.4884600830e+02 6.4883898926e+02 6.4884997559e+02 6.4883398438e+02 6.4877301025e+02 6.4872900391e+02 6.4866601563e+02 6.4861102295e+02 6.4855200195e+02 6.4855102539e+02 6.4855499268e+02 6.4857098389e+02 6.4856896973e+02 6.4859399414e+02 6.4863000488e+02 6.4867297363e+02 6.4868798828e+02 6.4872802734e+02 6.4875201416e+02 6.4874798584e+02 6.4874902344e+02 6.4872900391e+02 6.4869396973e+02 6.4865197754e+02 6.4863702393e+02 6.4862200928e+02 6.4861901855e+02
6.4886102295e+02 6.4891497803e+02 6.4892401123e+02 6.4891900635e+02 6.4902001953e+02 6.4921801758e+02 6.4946801758e+02 6.4961401367e+02 6.4949200439e+02 6.4925097656e+02 6.4904797363e+02 6.4898797607e+02 6.4896697998e+02 6.4895300293e+02 6.4894201660e+02 6.4890997314e+02 6.4892901611e+02 6.4893103027e+02 6.4890502930e+02 6.4888702393e+02 6.4885900879e+02 6.4884899902e+02 6.4885400391e+02 6.4883502197e+02 6.4883801270e+02 6.4886901855e+02 6.4885998535e+02 6.4867901611e+02 6.4862200928e+02 6.4859698486e+02 6.4855603027e+02 6.4853698730e+02 6.4852899170e+02 6.4853002930e+02 6.4857598877e+02 6.4859301758e+02 6.4863598633e+02 6.4867102051e+02 6.4867297363e+02 6.4867999268e+02 6.4867999268e+02 6.4865997314e+02 6.4861700439e+02 6.4859600830e+02 6.4858197021e+02 6.4858801270e+02
6.4889898682e+02 6.4893402100e+02 6.4894396973e+02 6.4894598389e+02 6.4905297852e+02 6.4924700928e+02 6.4945098877e+02 6.4956097412e+02 6.4951898193e+02 6.4940997314e+02 6.4932800293e+02 6.4922100830e+02 6.4903198242e+02 6.4895697021e+02 6.4899102783e+02 6.4897399902e+02 6.4897100830e+02 6.4896197510e+02 6.4892901611e+02 6.4891497803e+02 6.4888201904e+02 6.4885400391e+02 6.4884802246e+02 6.4885198975e+02 6.4887902832e+02 6.4890100098e+02 6.4887902832e+02 6.4877899170e+02 6.4875299072e+02 6.4873199463e+02 6.4868701172e+02 6.4867102051e+02 6.4863800049e+02 6.4858697510e+02 6.4856500244e+02 6.4854400635e+02 6.4855200195e+02 6.4856701660e+02 6.4857299805e+02 6.4855798340e+02 6.4856402588e+02 6.4858099365e+02 6.4856500244e+02 6.4855603027e+02 6.4855297852e+02 6.4856402588e+02
6.4890502930e+02 6.4893701172e+02 6.4896301270e+02 6.4896398926e+02 6.4906097412e+02 6.4923297119e+02 6.4939300537e+02 6.4948297119e+02 6.4948498535e+02 6.4944702148e+02 6.4940100098e+02 6.4922399902e+02 6.4899902344e+02 6.4896398926e+02 6.4903302002e+02 6.4899902344e+02 6.4898297119e+02 6.4896899414e+02 6.4894299316e+02 6.4894201660e+02 6.4891900635e+02 6.4889300537e+02 6.4887902832e+02 6.4886901855e+02 6.4888299561e+02 6.4886798096e+02 6.4883502197e+02 6.4881201172e+02 6.4881097412e+02 6.4879901123e+02 6.4878900146e+02 6.4875897217e+02 6.4873297119e+02 6.4870599365e+02 6.4866998291e+02 6.4866998291e+02 6.4863000488e+02 6.4858398438e+02 6.4857202148e+02 6.4854498291e+02 6.4851599121e+02 6.4852099609e+02 6.4853100586e+02 6.4851898193e+02 6.4851000977e+02 6.4852697754e+02
6.4889501953e+02 6.4892102051e+02 6.4896801758e+02 6.4897497559e+02 6.4904199219e+02 6.4917102051e+02 6.4930603027e+02 6.4939801025e+02 6.4942102051e+02 6.4939001465e+02 6.4930499268e+02 6.4914300537e+02 6.4898199463e+02 6.4896697998e+02 6.4900598145e+02 6.4897399902e+02 6.4896899414e+02 6.4897497559e+02 6.4896502686e+02 6.4896398926e+02 6.4894702148e+02 6.4892700195e+02 6.4891601563e+02 6.4889001465e+02 6.4889099121e+02 6.4886901855e+02 6.4884899902e+02 6.4884002686e+02 6.4883502197e+02 6.4882501221e+02 6.4883001709e+02 6.4879199219e+02 6.4876098633e+02 6.4875701904e+02 6.4874499512e+02 6.4876702881e+02 6.4874499512e+02 6.4867797852e+02 6.4865698242e+02 6.4864801025e+02 6.4860498047e+02 6.4857897949e+02 6.4857202148e+02 6.4854400635e+02 6.4851800537e+02 6.4852600098e+02
6.4894000244e+02 6.4895599365e+02 6.4897698975e+02 6.4898602295e+02 6.4900701904e+02 6.4907501221e+02 6.4918499756e+02 6.4930902100e+02 6.4934698486e+02 6.4928601074e+02 6.4915100098e+02 6.4906701660e+02 6.4897601318e+02 6.4896197510e+02 6.4898797607e+02 6.4898199463e+02 6.4897998047e+02 6.4898901367e+02 6.4900598145e+02 6.4898199463e+02 6.4896398926e+02 6.4895800781e+02 6.4895800781e+02 6.4892498779e+02 6.4889898682e+02 6.4887799072e+02 6.4886401367e+02 6.4884802246e+02 6.4884197998e+02 6.4884100342e+02 6.4883599854e+02 6.4881896973e+02 6.4879498291e+02 6.4879901123e+02 6.4880499268e+02 6.4880297852e+02 6.4878802490e+02 6.4872698975e+02 6.4869598389e+02 6.4869897461e+02 6.4867401123e+02 6.4865802002e+02 6.4864300537e+02 6.4861499023e+02 6.4857897949e+02 6.4856500244e+02
6.4893200684e+02 6.4895697021e+02 6.4897900391e+02 6.4898797607e+02 6.4898699951e+02 6.4899902344e+02 6.4904699707e+02 6.4909997559e+02 6.4912097168e+02 6.4907800293e+02 6.4900402832e+02 6.4897900391e+02 6.4896002197e+02 6.4898199463e+02 6.4900598145e+02 6.4898400879e+02 6.4898400879e+02 6.4900299072e+02 6.4901800537e+02 6.4901898193e+02 6.4899102783e+02 6.4897497559e+02 6.4896697998e+02 6.4894799805e+02 6.4893701172e+02 6.4892700195e+02 6.4891699219e+02 6.4888299561e+02 6.4887799072e+02 6.4887097168e+02 6.4886798096e+02 6.4884997559e+02 6.4882702637e+02 6.4882800293e+02 6.4883197021e+02 6.4882702637e+02 6.4881097412e+02 6.4878198242e+02 6.4875402832e+02 6.4874798584e+02 6.4872900391e+02 6.4870697021e+02 6.4868200684e+02 6.4866601563e+02 6.4862597656e+02 6.4860900879e+02
6.4894702148e+02 6.4897100830e+02 6.4897900391e+02 6.4898699951e+02 6.4899401855e+02 6.4899499512e+02 6.4902502441e+02 6.4904302979e+02 6.4902899170e+02 6.4900097656e+02 6.4897998047e+02 6.4898297119e+02 6.4899102783e+02 6.4902001953e+02 6.4903997803e+02 6.4900500488e+02 6.4900799561e+02 6.4902502441e+02 6.4901098633e+02 6.4902197266e+02 6.4899902344e+02 6.4898199463e+02 6.4898699951e+02 6.4897198486e+02 6.4897302246e+02 6.4897100830e+02 6.4896997070e+02 6.4893402100e+02 6.4891400146e+02 6.4889202881e+02 6.4890100098e+02 6.4888299561e+02 6.4886199951e+02 6.4885699463e+02 6.4885498047e+02 6.4885900879e+02 6.4883898926e+02 6.4881201172e+02 6.4878302002e+02 6.4877502441e+02 6.4874401855e+02 6.4872998047e+02 6.4869897461e+02 6.4867199707e+02 6.4864099121e+02 6.4862902832e+02
6.4896197510e+02 6.4899200439e+02 6.4899200439e+02 6.4899700928e+02 6.4901098633e+02 6.4902502441e+02 6.4905603027e+02 6.4904400635e+02 6.4901098633e+02 6.4900299072e+02 6.4898797607e+02 6.4899200439e+02 6.4900701904e+02 6.4902502441e+02 6.4907098389e+02 6.4903900146e+02 6.4903002930e+02 6.4902899170e+02 6.4900598145e+02 6.4902600098e+02 6.4900299072e+02 6.4899499512e+02 6.4903198242e+02 6.4901098633e+02 6.4900097656e+02 6.4897998047e+02 6.4898297119e+02 6.4895300293e+02 6.4893103027e+02 6.4890698242e+02 6.4892297363e+02 6.4890600586e+02 6.4889398193e+02 6.4888598633e+02 6.4885797119e+02 6.4884802246e+02 6.4887097168e+02 6.4887597656e+02 6.4880798340e+02 6.4880499268e+02 6.4877600098e+02 6.4877398682e+02 6.4874401855e+02 6.4869396973e+02 6.4866497803e+02 6.4865301514e+02
6.4896502686e+02 6.4898297119e+02 6.4900299072e+02 6.4902801514e+02 6.4903302002e+02 6.4903802490e+02 6.4906298828e+02 6.4902801514e+02 6.4900201416e+02 6.4901702881e+02 6.4900897217e+02 6.4901599121e+02 6.4901800537e+02 6.4902697754e+02 6.4908300781e+02 6.4904901123e+02 6.4904699707e+02 6.4904699707e+02 6.4903302002e+02 6.4903497314e+02 6.4901702881e+02 6.4901397705e+02 6.4904199219e+02 6.4900598145e+02 6.4901397705e+02 6.4899700928e+02 6.4899499512e+02 6.4896099854e+02 6.4892999268e+02 6.4891699219e+02 6.4892297363e+02 6.4889898682e+02 6.4890197754e+02 6.4890600586e+02 6.4887200928e+02 6.4885900879e+02 6.4893902588e+02 6.4899597168e+02 6.4888800049e+02 6.4881402588e+02 6.4879199219e+02 6.4879797363e+02 6.4875701904e+02 6.4870898438e+02 6.4869299316e+02 6.4869799805e+02
6.4897601318e+02 6.4897998047e+02 6.4900897217e+02 6.4903399658e+02 6.4902099609e+02 6.4901397705e+02 6.4903997803e+02 6.4903302002e+02 6.4902600098e+02 6.4903802490e+02 6.4903601074e+02 6.4904101563e+02 6.4904498291e+02 6.4903802490e+02 6.4909002686e+02 6.4905200195e+02 6.4905200195e+02 6.4905798340e+02 6.4904797363e+02 6.4905902100e+02 6.4905603027e+02 6.4902398682e+02 6.4901300049e+02 6.4901300049e+02 6.4903100586e+02 6.4901202393e+02 6.4899798584e+02 6.4896099854e+02 6.4892901611e+02 6.4894299316e+02 6.4895098877e+02 6.4892901611e+02 6.4893499756e+02 6.4894201660e+02 6.4890899658e+02 6.4889801025e+02 6.4893298340e+02 6.4896398926e+02 6.4886999512e+02 6.4881402588e+02 6.4881500244e+02 6.4881402588e+02 6.4878198242e+02 6.4875299072e+02 6.4873101807e+02 6.4872998047e+02
6.4897399902e+02 6.4897900391e+02 6.4899102783e+02 6.4901599121e+02 6.4901397705e+02 6.4900299072e+02 6.4902197266e+02 6.4903698730e+02 6.4904101563e+02 6.4905603027e+02 6.4905102539e+02 6.4904602051e+02 6.4905499268e+02 6.4905700684e+02 6.4909997559e+02 6.4905700684e+02 6.4906500244e+02 6.4908197021e+02 6.4906799316e+02 6.4908300781e+02 6.4907702637e+02 6.4906097412e+02 6.4905798340e+02 6.4903900146e+02 6.4903198242e+02 6.4902801514e+02 6.4902197266e+02 6.4898602295e+02 6.4896197510e+02 6.4897802734e+02 6.4898297119e+02 6.4896997070e+02 6.4897497559e+02 6.4898199463e+02 6.4897100830e+02 6.4896697998e+02 6.4891699219e+02 6.4888800049e+02 6.4885601807e+02 6.4883599854e+02 6.4884497070e+02 6.4885198975e+02 6.4883300781e+02 6.4881701660e+02 6.4878601074e+02 6.4877502441e+02
6.4899597168e+02 6.4899298096e+02 6.4897302246e+02 6.4899798584e+02 6.4901300049e+02 6.4901397705e+02 6.4903002930e+02 6.4904498291e+02 6.4903900146e+02 6.4905902100e+02 6.4904498291e+02 6.4906500244e+02 6.4907501221e+02 6.4906799316e+02 6.4909600830e+02 6.4907202148e+02 6.4909399414e+02 6.4911297607e+02 6.4909399414e+02 6.4908502197e+02 6.4907897949e+02 6.4907897949e+02 6.4909197998e+02 6.4906097412e+02 6.4905401611e+02 6.4905499268e+02 6.4904498291e+02 6.4902697754e+02 6.4901702881e+02 6.4900500488e+02 6.4901501465e+02 6.4900201416e+02 6.4899902344e+02 6.4899298096e+02 6.4898602295e+02 6.4899102783e+02 6.4894201660e+02 6.4889599609e+02 6.4887500000e+02 6.4885699463e+02 6.4884399414e+02 6.4885601807e+02 6.4885198975e+02 6.4884698486e+02 6.4882202148e+02 6.4882098389e+02
