TESTSERVER/4/3.asc
NCOLS 100
NROWS 100
XLLCORNER 7.6997500000e+03
YLLCORNER 2.8980025000e+05
CELLSIZE 5.0000000000e-01
NODATA_VALUE -9.9990000000e+03
[rows 60 to 79 of 100, columns 46 to 91 of 100]
6.4782702637e+02 6.4787298584e+02 6.4790899658e+02 6.4794201660e+02 6.4798400879e+02 6.4803198242e+02 6.4807202148e+02 6.4808898926e+02 6.4812799072e+02 6.4815997314e+02 6.4820501709e+02 6.4825500488e+02 6.4829400635e+02 6.4833502197e+02 6.4834899902e+02 6.4837597656e+02 6.4843902588e+02 6.4847802734e+02 6.4849499512e+02 6.4853399658e+02 6.4857800293e+02 6.4860198975e+02 6.4864501953e+02 6.4869799805e+02 6.4870501709e+02 6.4875201416e+02 6.4880297852e+02 6.4884002686e+02 6.4885900879e+02 6.4892401123e+02 6.4898400879e+02 6.4902398682e+02 6.4904302979e+02 6.4908001709e+02 6.4912097168e+02 6.4915301514e+02 6.4918701172e+02 6.4924902344e+02 6.4928002930e+02 6.4929998779e+02 6.4934899902e+02 6.4935699463e+02 6.4938702393e+02 6.4942102051e+02 6.4945397949e+02 6.4949200439e+02
6.4772100830e+02 6.4776000977e+02 6.4778900146e+02 6.4782598877e+02 6.4786700439e+02 6.4791497803e+02 6.4796197510e+02 6.4797900391e+02 6.4803100586e+02 6.4805902100e+02 6.4809100342e+02 6.4815002441e+02 6.4818902588e+02 6.4822198486e+02 6.4825799561e+02 6.4829797363e+02 6.4833599854e+02 6.4836401367e+02 6.4838897705e+02 6.4843499756e+02 6.4849700928e+02 6.4853601074e+02 6.4857501221e+02 6.4860699463e+02 6.4862701416e+02 6.4867602539e+02 6.4872698975e+02 6.4877502441e+02 6.4880798340e+02 6.4885699463e+02 6.4889001465e+02 6.4891302490e+02 6.4896697998e+02 6.4902197266e+02 6.4905902100e+02 6.4909399414e+02 6.4912097168e+02 6.4916497803e+02 6.4921099854e+02 6.4925000000e+02 6.4928399658e+02 6.4930798340e+02 6.4933697510e+02 6.4936499023e+02 6.4939398193e+02 6.4942999268e+02
6.4760400391e+02 6.4764697266e+02 6.4768200684e+02 6.4771997070e+02 6.4775201416e+02 6.4778497314e+02 6.4783398438e+02 6.4787097168e+02 6.4791497803e+02 6.4795697021e+02 6.4799597168e+02 6.4804797363e+02 6.4808599854e+02 6.4811798096e+02 6.4815899658e+02 6.4820501709e+02 6.4824200439e+02 6.4827600098e+02 6.4830999756e+02 6.4836401367e+02 6.4840197754e+02 6.4844000244e+02 6.4848498535e+02 6.4852001953e+02 6.4855798340e+02 6.4860101318e+02 6.4864001465e+02 6.4869201660e+02 6.4873797607e+02 6.4879101563e+02 6.4882202148e+02 6.4884197998e+02 6.4889697266e+02 6.4895697021e+02 6.4899102783e+02 6.4902899170e+02 6.4906799316e+02 6.4910797119e+02 6.4914898682e+02 6.4917797852e+02 6.4921600342e+02 6.4925897217e+02 6.4929302979e+02 6.4932397461e+02 6.4935601807e+02 6.4938397217e+02
6.4746801758e+02 6.4752197266e+02 6.4757299805e+02 6.4761999512e+02 6.4765399170e+02 6.4768499756e+02 6.4772198486e+02 6.4776300049e+02 6.4779400635e+02 6.4784600830e+02 6.4789599609e+02 6.4794396973e+02 6.4798400879e+02 6.4801098633e+02 6.4804901123e+02 6.4809497070e+02 6.4814801025e+02 6.4819897461e+02 6.4823498535e+02 6.4828399658e+02 6.4830401611e+02 6.4835900879e+02 6.4840399170e+02 6.4843701172e+02 6.4848498535e+02 6.4852801514e+02 6.4856701660e+02 6.4861798096e+02 6.4865600586e+02 6.4870300293e+02 6.4875299072e+02 6.4879302979e+02 6.4882397461e+02 6.4888098145e+02 6.4891900635e+02 6.4896099854e+02 6.4901098633e+02 6.4905297852e+02 6.4908502197e+02 6.4909802246e+02 6.4913201904e+02 6.4917797852e+02 6.4922100830e+02 6.4926098633e+02 6.4929302979e+02 6.4932000732e+02
6.4735601807e+02 6.4740399170e+02 6.4745098877e+02 6.4750000000e+02 6.4754400635e+02 6.4760198975e+02 6.4763201904e+02 6.4765997314e+02 6.4769097900e+02 6.4773901367e+02 6.4777600098e+02 6.4782501221e+02 6.4788201904e+02 6.4792401123e+02 6.4795397949e+02 6.4799499512e+02 6.4804602051e+02 6.4809100342e+02 6.4813500977e+02 6.4818798828e+02 6.4823101807e+02 6.4829199219e+02 6.4832702637e+02 6.4835400391e+02 6.4839801025e+02 6.4844799805e+02 6.4850201416e+02 6.4856597900e+02 6.4864202881e+02 6.4864099121e+02 6.4866601563e+02 6.4870800781e+02 6.4874597168e+02 6.4880200195e+02 6.4884002686e+02 6.4887200928e+02 6.4891699219e+02 6.4896997070e+02 6.4901000977e+02 6.4903100586e+02 6.4905603027e+02 6.4909698486e+02 6.4913702393e+02 6.4917199707e+02 6.4920397949e+02 6.4923797607e+02
6.4722601318e+02 6.4727398682e+02 6.4732299805e+02 6.4737597656e+02 6.4741302490e+02 6.4748297119e+02 6.4753601074e+02 6.4757098389e+02 6.4761999512e+02 6.4764898682e+02 6.4766400146e+02 6.4770800781e+02 6.4777001953e+02 6.4783197021e+02 6.4786999512e+02 6.4790997314e+02 6.4795898438e+02 6.4799401855e+02 6.4803497314e+02 6.4809497070e+02 6.4815698242e+02 6.4821197510e+02 6.4825500488e+02 6.4829901123e+02 6.4834002686e+02 6.4838000488e+02 6.4842498779e+02 6.4847601318e+02 6.4851898193e+02 6.4856799316e+02 6.4860601807e+02 6.4863897705e+02 6.4866497803e+02 6.4873101807e+02 6.4878698730e+02 6.4880902100e+02 6.4883697510e+02 6.4887597656e+02 6.4892102051e+02 6.4896099854e+02 6.4899597168e+02 6.4903698730e+02 6.4908300781e+02 6.4911499023e+02 6.4914398193e+02 6.4917102051e+02
6.4709997559e+02 6.4715301514e+02 6.4720001221e+02 6.4725299072e+02 6.4730200195e+02 6.4737200928e+02 6.4742797852e+02 6.4747698975e+02 6.4754302979e+02 6.4757598877e+02 6.4758697510e+02 6.4762097168e+02 6.4766802979e+02 6.4772198486e+02 6.4776000977e+02 6.4779797363e+02 6.4785699463e+02 6.4790399170e+02 6.4795098877e+02 6.4800701904e+02 6.4806201172e+02 6.4810601807e+02 6.4815502930e+02 6.4821197510e+02 6.4827001953e+02 6.4830798340e+02 6.4835302734e+02 6.4840301514e+02 6.4842199707e+02 6.4846600342e+02 6.4851599121e+02 6.4855902100e+02 6.4858801270e+02 6.4863800049e+02 6.4870397949e+02 6.4874102783e+02 6.4877099609e+02 6.4880401611e+02 6.4883801270e+02 6.4887902832e+02 6.4892999268e+02 6.4897198486e+02 6.4901800537e+02 6.4905102539e+02 6.4907397461e+02 6.4909399414e+02
6.4698699951e+02 6.4703802490e+02 6.4708001709e+02 6.4712799072e+02 6.4718597412e+02 6.4723602295e+02 6.4728900146e+02 6.4735400391e+02 6.4742297363e+02 6.4747698975e+02 6.4750701904e+02 6.4753997803e+02 6.4758502197e+02 6.4762500000e+02 6.4765698242e+02 6.4768902588e+02 6.4774700928e+02 6.4780401611e+02 6.4786102295e+02 6.4791802979e+02 6.4796997070e+02 6.4802301025e+02 6.4807098389e+02 6.4811297607e+02 6.4816998291e+02 6.4822302246e+02 6.4827398682e+02 6.4832800293e+02 6.4835601807e+02 6.4839501953e+02 6.4843902588e+02 6.4847998047e+02 6.4852197266e+02 6.4856500244e+02 6.4862402344e+02 6.4867602539e+02 6.4871398926e+02 6.4875201416e+02 6.4878002930e+02 6.4880798340e+02 6.4884802246e+02 6.4888500977e+02 6.4892498779e+02 6.4896099854e+02 6.4899597168e+02 6.4903399658e+02
6.4686798096e+02 6.4691601563e+02 6.4695800781e+02 6.4701000977e+02 6.4708099365e+02 6.4710900879e+02 6.4716302490e+02 6.4723199463e+02 6.4730200195e+02 6.4735699463e+02 6.4739599609e+02 6.4744702148e+02 6.4751300049e+02 6.4755297852e+02 6.4757000732e+02 6.4759698486e+02 6.4765002441e+02 6.4770898438e+02 6.4777099609e+02 6.4783898926e+02 6.4789697266e+02 6.4793597412e+02 6.4799401855e+02 6.4803399658e+02 6.4809399414e+02 6.4814801025e+02 6.4819897461e+02 6.4823602295e+02 6.4827301025e+02 6.4832897949e+02 6.4838201904e+02 6.4842797852e+02 6.4847198486e+02 6.4851397705e+02 6.4854901123e+02 6.4859399414e+02 6.4863201904e+02 6.4869201660e+02 6.4872698975e+02 6.4875097656e+02 6.4878997803e+02 6.4881597900e+02 6.4884497070e+02 6.4887402344e+02 6.4891998291e+02 6.4896801758e+02
6.4672497559e+02 6.4678802490e+02 6.4682299805e+02 6.4685797119e+02 6.4693798828e+02 6.4699798584e+02 6.4704699707e+02 6.4710400391e+02 6.4717602539e+02 6.4722198486e+02 6.4726702881e+02 6.4732000732e+02 6.4737799072e+02 6.4743298340e+02 6.4747100830e+02 6.4751300049e+02 6.4755902100e+02 6.4760797119e+02 6.4766802979e+02 6.4774401855e+02 6.4779797363e+02 6.4784497070e+02 6.4790802002e+02 6.4795697021e+02 6.4800201416e+02 6.4805902100e+02 6.4811401367e+02 6.4815802002e+02 6.4821002197e+02 6.4826702881e+02 6.4831500244e+02 6.4836602783e+02 6.4841998291e+02 6.4846502686e+02 6.4848999023e+02 6.4852099609e+02 6.4856097412e+02 6.4862097168e+02 6.4866400146e+02 6.4869396973e+02 6.4872998047e+02 6.4876300049e+02 6.4879998779e+02 6.4882598877e+02 6.4885998535e+02 6.4889300537e+02
6.4662701416e+02 6.4667602539e+02 6.4667999268e+02 6.4668597412e+02 6.4676800537e+02 6.4684899902e+02 6.4691198730e+02 6.4696398926e+02 6.4703302002e+02 6.4708599854e+02 6.4714501953e+02 6.4720800781e+02 6.4725701904e+02 6.4732299805e+02 6.4737097168e+02 6.4742102051e+02 6.4747497559e+02 6.4753002930e+02 6.4757598877e+02 6.4764501953e+02 6.4770300293e+02 6.4775598145e+02 6.4782299805e+02 6.4787902832e+02 6.4792602539e+02 6.4798400879e+02 6.4804400635e+02 6.4809301758e+02 6.4814001465e+02 6.4819396973e+02 6.4823699951e+02 6.4828601074e+02 6.4834600830e+02 6.4839801025e+02 6.4843701172e+02 6.4847497559e+02 6.4851702881e+02 6.4855999756e+02 6.4859301758e+02 6.4862902832e+02 6.4867199707e+02 6.4870202637e+02 6.4874298096e+02 6.4877099609e+02 6.4880700684e+02 6.4883398438e+02
6.4650500488e+02 6.4653601074e+02 6.4651800537e+02 6.4652801514e+02 6.4660699463e+02 6.4669396973e+02 6.4677301025e+02 6.4682098389e+02 6.4688500977e+02 6.4695098877e+02 6.4702197266e+02 6.4709600830e+02 6.4714398193e+02 6.4720501709e+02 6.4726000977e+02 6.4731402588e+02 6.4737799072e+02 6.4744396973e+02 6.4748400879e+02 6.4754998779e+02 6.4761199951e+02 6.4766302490e+02 6.4773297119e+02 6.4779797363e+02 6.4784497070e+02 6.4790997314e+02 6.4797198486e+02 6.4802001953e+02 6.4806298828e+02 6.4811999512e+02 6.4817401123e+02 6.4822698975e+02 6.4827600098e+02 6.4832397461e+02 6.4837200928e+02 6.4841998291e+02 6.4846600342e+02 6.4850500488e+02 6.4853399658e+02 6.4857202148e+02 6.4861401367e+02 6.4863299561e+02 6.4867199707e+02 6.4871697998e+02 6.4875799561e+02 6.4878698730e+02
6.4619299316e+02 6.4639801025e+02 6.4643200684e+02 6.4644299316e+02 6.4647497559e+02 6.4656799316e+02 6.4664599609e+02 6.4669500732e+02 6.4676000977e+02 6.4682897949e+02 6.4689697266e+02 6.4696899414e+02 6.4701800537e+02 6.4708197021e+02 6.4714599609e+02 6.4721197510e+02 6.4727099609e+02 6.4732800293e+02 6.4737902832e+02 6.4744799805e+02 6.4750799561e+02 6.4755297852e+02 6.4763098145e+02 6.4770599365e+02 6.4777301025e+02 6.4784497070e+02 6.4790698242e+02 6.4794799805e+02 6.4799401855e+02 6.4804302979e+02 6.4810498047e+02 6.4816198730e+02 6.4821099854e+02 6.4825299072e+02 6.4830798340e+02 6.4835302734e+02 6.4838800049e+02 6.4844097900e+02 6.4847698975e+02 6.4852197266e+02 6.4855902100e+02 6.4859197998e+02 6.4861401367e+02 6.4865301514e+02 6.4868103027e+02 6.4872100830e+02
6.4591198730e+02 6.4613000488e+02 6.4629302979e+02 6.4637402344e+02 6.4637402344e+02 6.4642797852e+02 6.4649200439e+02 6.4655798340e+02 6.4664001465e+02 6.4672198486e+02 6.4675799561e+02 6.4680102539e+02 6.4687799072e+02 6.4694201660e+02 6.4701501465e+02 6.4710198975e+02 6.4717602539e+02 6.4722698975e+02 6.4727197266e+02 6.4733697510e+02 6.4739697266e+02 6.4746997070e+02 6.4755200195e+02 6.4762402344e+02 6.4768701172e+02 6.4775299072e+02 6.4782800293e+02 6.4788201904e+02 6.4794000244e+02 6.4799499512e+02 6.4804699707e+02 6.4809600830e+02 6.4814898682e+02 6.4819702148e+02 6.4825201416e+02 6.4829302979e+02 6.4833300781e+02 6.4838000488e+02 6.4841497803e+02 6.4846899414e+02 6.4851702881e+02 6.4853802490e+02 6.4855603027e+02 6.4859899902e+02 6.4863201904e+02 6.4866101074e+02
6.4575799561e+02 6.4583300781e+02 6.4601397705e+02 6.4621197510e+02 6.4627801514e+02 6.4632000732e+02 6.4636602783e+02 6.4640698242e+02 6.4648999023e+02 6.4657897949e+02 6.4661499023e+02 6.4664202881e+02 6.4671997070e+02 6.4678997803e+02 6.4686499023e+02 6.4696002197e+02 6.4703997803e+02 6.4709899902e+02 6.4716198730e+02 6.4723199463e+02 6.4728601074e+02 6.4737799072e+02 6.4745697021e+02 6.4752197266e+02 6.4757800293e+02 6.4765600586e+02 6.4774401855e+02 6.4779797363e+02 6.4785998535e+02 6.4791699219e+02 6.4797601318e+02 6.4802899170e+02 6.4809002686e+02 6.4814300537e+02 6.4819097900e+02 6.4823101807e+02 6.4828900146e+02 6.4833801270e+02 6.4836999512e+02 6.4841497803e+02 6.4845697021e+02 6.4848400879e+02 6.4851599121e+02 6.4855499268e+02 6.4858599854e+02 6.4861798096e+02
6.4575402832e+02 6.4571099854e+02 6.4576898193e+02 6.4596301270e+02 6.4611798096e+02 6.4619299316e+02 6.4623699951e+02 6.4625598145e+02 6.4634600830e+02 6.4642102051e+02 6.4647998047e+02 6.4651501465e+02 6.4656597900e+02 6.4663500977e+02 6.4670898438e+02 6.4680200195e+02 6.4686798096e+02 6.4694299316e+02 6.4703002930e+02 6.4711199951e+02 6.4718103027e+02 6.4725701904e+02 6.4734002686e+02 6.4741400146e+02 6.4746502686e+02 6.4755798340e+02 6.4765698242e+02 6.4771600342e+02 6.4778198242e+02 6.4784100342e+02 6.4790502930e+02 6.4796002197e+02 6.4803198242e+02 6.4808898926e+02 6.4813897705e+02 6.4818701172e+02 6.4824902344e+02 6.4829302979e+02 6.4832598877e+02 6.4836199951e+02 6.4839801025e+02 6.4843499756e+02 6.4847399902e+02 6.4851000977e+02 6.4853497314e+02 6.4857299805e+02
6.4573400879e+02 6.4571197510e+02 6.4567199707e+02 6.4569097900e+02 6.4577600098e+02 6.4598101807e+02 6.4608300781e+02 6.4614300537e+02 6.4622998047e+02 6.4626800537e+02 6.4633197021e+02 6.4638098145e+02 6.4641302490e+02 6.4645397949e+02 6.4651397705e+02 6.4661700439e+02 6.4672900391e+02 6.4679901123e+02 6.4689398193e+02 6.4697302246e+02 6.4704901123e+02 6.4713500977e+02 6.4721697998e+02 6.4731402588e+02 6.4737701416e+02 6.4744500732e+02 6.4754498291e+02 6.4761901855e+02 6.4769500732e+02 6.4776800537e+02 6.4783398438e+02 6.4788800049e+02 6.4797302246e+02 6.4803002930e+02 6.4809197998e+02 6.4815100098e+02 6.4821600342e+02 6.4823797607e+02 6.4828002930e+02 6.4831402588e+02 6.4834600830e+02 6.4839202881e+02 6.4842999268e+02 6.4846899414e+02 6.4848901367e+02 6.4851397705e+02
6.4566699219e+02 6.4568597412e+02 6.4566198730e+02 6.4559997559e+02 6.4558801270e+02 6.4572198486e+02 6.4590899658e+02 6.4605102539e+02 6.4609002686e+02 6.4614202881e+02 6.4620898438e+02 6.4625402832e+02 6.4632598877e+02 6.4645300293e+02 6.4650097656e+02 6.4650299072e+02 6.4652398682e+02 6.4661499023e+02 6.4673400879e+02 6.4682800293e+02 6.4692199707e+02 6.4701202393e+02 6.4709002686e+02 6.4717297363e+02 6.4723602295e+02 6.4731896973e+02 6.4741998291e+02 6.4749798584e+02 6.4758398438e+02 6.4767199707e+02 6.4775000000e+02 6.4781896973e+02 6.4789801025e+02 6.4796697998e+02 6.4803302002e+02 6.4808197021e+02 6.4814501953e+02 6.4819299316e+02 6.4823699951e+02 6.4827099609e+02 6.4831201172e+02 6.4835998535e+02 6.4838800049e+02 6.4842102051e+02 6.4844897461e+02 6.4846801758e+02
6.4558300781e+02 6.4560797119e+02 6.4562200928e+02 6.4557000732e+02 6.4550598145e+02 6.4551702881e+02 6.4568103027e+02 6.4590600586e+02 6.4599499512e+02 6.4603997803e+02 6.4608099365e+02 6.4609497070e+02 6.4617401123e+02 6.4638201904e+02 6.4651397705e+02 6.4649597168e+02 6.4643402100e+02 6.4648199463e+02 6.4654498291e+02 6.4665197754e+02 6.4681097412e+02 6.4689697266e+02 6.4696997070e+02 6.4704498291e+02 6.4712200928e+02 6.4720397949e+02 6.4729602051e+02 6.4738500977e+02 6.4748101807e+02 6.4756097412e+02 6.4764697266e+02 6.4773400879e+02 6.4782598877e+02 6.4791198730e+02 6.4797497559e+02 6.4802502441e+02 6.4809100342e+02 6.4814599609e+02 6.4819396973e+02 6.4823199463e+02 6.4827398682e+02 6.4832000732e+02 6.4835101318e+02 6.4838201904e+02 6.4841400146e+02 6.4843103027e+02
6.4553601074e+02 6.4552001953e+02 6.4553002930e+02 6.4551599121e+02 6.4548101807e+02 6.4542700195e+02 6.4545501709e+02 6.4563897705e+02 6.4584997559e+02 6.4596502686e+02 6.4603198242e+02 6.4602001953e+02 6.4605102539e+02 6.4616198730e+02 6.4632800293e+02 6.4640899658e+02 6.4642999268e+02 6.4647698975e+02 6.4645599365e+02 6.4652301025e+02 6.4669799805e+02 6.4678802490e+02 6.4686499023e+02 6.4693499756e+02 6.4701501465e+02 6.4708599854e+02 6.4716699219e+02 6.4725897217e+02 6.4735699463e+02 6.4744598389e+02 6.4753601074e+02 6.4761700439e+02 6.4772399902e+02 6.4782098389e+02 6.4790399170e+02 6.4797198486e+02 6.4803601074e+02 6.4809301758e+02 6.4815100098e+02 6.4819702148e+02 6.4823400879e+02 6.4827301025e+02 6.4830603027e+02 6.4833898926e+02 6.4837097168e+02 6.4839300537e+02
