TESTSERVER/4/3.asc
NCOLS 100
NROWS 100
XLLCORNER 7.6997500000e+03
YLLCORNER 2.8980025000e+05
CELLSIZE 5.0000000000e-01
NODATA_VALUE -9.9990000000e+03
[rows 0 to 19 of 100, columns 46 to 91 of 100]
6.5097802734e+02 6.5090600586e+02 6.5084698486e+02 6.5082598877e+02 6.5080603027e+02 6.5074298096e+02 6.5072802734e+02 6.5069097900e+02 6.5066601563e+02 6.5062799072e+02 6.5061401367e+02 6.5058599854e+02 6.5054199219e+02 6.5053698730e+02 6.5048797607e+02 6.5045202637e+02 6.5043402100e+02 6.5042602539e+02 6.5040301514e+02 6.5038598633e+02 6.5038702393e+02 6.5035198975e+02 6.5032397461e+02 6.5030297852e+02 6.5027600098e+02 6.5023602295e+02 6.5020697021e+02 6.5020098877e+02 6.5019097900e+02 6.5017901611e+02 6.5016400146e+02 6.5014599609e+02 6.5012701416e+02 6.5009301758e+02 6.5007800293e+02 6.5008697510e+02 6.5008001709e+02 6.5005700684e+02 6.5005102539e+02 6.5004901123e+02 6.5004602051e+02 6.5001202393e+02 6.4998797607e+02 6.4998699951e+02 6.5000897217e+02 6.4999597168e+02
6.5094598389e+02 6.5089501953e+02 6.5084899902e+02 6.5083300781e+02 6.5077301025e+02 6.5073901367e+02 6.5073602295e+02 6.5068597412e+02 6.5067199707e+02 6.5064697266e+02 6.5062597656e+02 6.5059002686e+02 6.5055999756e+02 6.5053997803e+02 6.5048797607e+02 6.5045697021e+02 6.5044000244e+02 6.5043298340e+02 6.5041802979e+02 6.5038800049e+02 6.5037097168e+02 6.5037298584e+02 6.5036401367e+02 6.5033801270e+02 6.5029101563e+02 6.5025299072e+02 6.5022900391e+02 6.5022802734e+02 6.5022802734e+02 6.5020501709e+02 6.5020202637e+02 6.5018402100e+02 6.5015600586e+02 6.5013897705e+02 6.5012902832e+02 6.5012298584e+02 6.5011798096e+02 6.5010601807e+02 6.5008801270e+02 6.5005999756e+02 6.5005700684e+02 6.5003802490e+02 6.5002398682e+02 6.5001599121e+02 6.5001800537e+02 6.5001702881e+02
6.5092700195e+02 6.5089398193e+02 6.5086901855e+02 6.5084399414e+02 6.5077398682e+02 6.5074401855e+02 6.5073602295e+02 6.5069396973e+02 6.5069299316e+02 6.5066302490e+02 6.5065502930e+02 6.5061700439e+02 6.5057702637e+02 6.5054901123e+02 6.5051800537e+02 6.5048498535e+02 6.5044799805e+02 6.5043499756e+02 6.5042901611e+02 6.5041497803e+02 6.5040197754e+02 6.5039801025e+02 6.5037200928e+02 6.5034802246e+02 6.5031500244e+02 6.5027801514e+02 6.5025897217e+02 6.5025097656e+02 6.5024597168e+02 6.5021899414e+02 6.5022698975e+02 6.5022100830e+02 6.5018499756e+02 6.5016900635e+02 6.5015502930e+02 6.5015301514e+02 6.5015197754e+02 6.5014099121e+02 6.5011102295e+02 6.5008300781e+02 6.5009399414e+02 6.5007897949e+02 6.5006799316e+02 6.5007299805e+02 6.5005499268e+02 6.5005798340e+02
6.5094299316e+02 6.5090899658e+02 6.5086999512e+02 6.5084100342e+02 6.5078698730e+02 6.5075201416e+02 6.5074102783e+02 6.5070202637e+02 6.5070300293e+02 6.5066601563e+02 6.5065502930e+02 6.5060998535e+02 6.5057098389e+02 6.5054602051e+02 6.5053002930e+02 6.5050299072e+02 6.5047399902e+02 6.5045098877e+02 6.5044201660e+02 6.5044000244e+02 6.5042901611e+02 6.5040997314e+02 6.5037902832e+02 6.5035998535e+02 6.5034002686e+02 6.5030999756e+02 6.5030102539e+02 6.5028997803e+02 6.5027600098e+02 6.5024200439e+02 6.5024102783e+02 6.5024200439e+02 6.5020697021e+02 6.5019598389e+02 6.5017102051e+02 6.5016699219e+02 6.5017102051e+02 6.5017297363e+02 6.5014202881e+02 6.5012402344e+02 6.5012799072e+02 6.5010998535e+02 6.5010400391e+02 6.5012500000e+02 6.5010998535e+02 6.5010797119e+02
6.5088598633e+02 6.5088098145e+02 6.5084197998e+02 6.5081597900e+02 6.5080603027e+02 6.5077398682e+02 6.5075201416e+02 6.5069500732e+02 6.5068298340e+02 6.5067102051e+02 6.5065197754e+02 6.5061999512e+02 6.5060601807e+02 6.5055603027e+02 6.5051898193e+02 6.5049700928e+02 6.5048498535e+02 6.5045800781e+02 6.5046002197e+02 6.5046002197e+02 6.5042999268e+02 6.5041802979e+02 6.5039697266e+02 6.5037402344e+02 6.5035998535e+02 6.5033697510e+02 6.5032098389e+02 6.5032098389e+02 6.5031298828e+02 6.5028601074e+02 6.5027502441e+02 6.5025000000e+02 6.5021600342e+02 6.5021899414e+02 6.5020300293e+02 6.5020001221e+02 6.5019097900e+02 6.5020898438e+02 6.5019500732e+02 6.5017297363e+02 6.5014697266e+02 6.5014099121e+02 6.5013897705e+02 6.5015197754e+02 6.5015100098e+02 6.5015100098e+02
6.5088299561e+02 6.5087402344e+02 6.5084497070e+02 6.5081402588e+02 6.5078997803e+02 6.5076501465e+02 6.5074597168e+02 6.5069500732e+02 6.5068200684e+02 6.5067602539e+02 6.5065002441e+02 6.5060198975e+02 6.5058599854e+02 6.5057098389e+02 6.5054901123e+02 6.5051800537e+02 6.5049102783e+02 6.5047900391e+02 6.5046997070e+02 6.5045397949e+02 6.5043597412e+02 6.5044000244e+02 6.5041802979e+02 6.5039300537e+02 6.5037097168e+02 6.5035302734e+02 6.5033398438e+02 6.5035601807e+02 6.5033599854e+02 6.5031500244e+02 6.5032202148e+02 6.5030200195e+02 6.5026300049e+02 6.5025000000e+02 6.5024401855e+02 6.5025201416e+02 6.5022698975e+02 6.5024401855e+02 6.5022900391e+02 6.5020800781e+02 6.5020202637e+02 6.5018597412e+02 6.5017297363e+02 6.5017901611e+02 6.5016802979e+02 6.5017901611e+02
6.5088800049e+02 6.5087200928e+02 6.5083697510e+02 6.5080401611e+02 6.5077099609e+02 6.5074902344e+02 6.5073400879e+02 6.5070202637e+02 6.5069702148e+02 6.5065802002e+02 6.5062902832e+02 6.5058398438e+02 6.5057800293e+02 6.5058599854e+02 6.5056896973e+02 6.5053997803e+02 6.5051098633e+02 6.5050299072e+02 6.5049200439e+02 6.5047100830e+02 6.5045202637e+02 6.5044500732e+02 6.5043597412e+02 6.5042102051e+02 6.5039001465e+02 6.5038098145e+02 6.5035101318e+02 6.5035900879e+02 6.5035101318e+02 6.5034399414e+02 6.5035900879e+02 6.5035302734e+02 6.5032598877e+02 6.5029901123e+02 6.5028302002e+02 6.5029199219e+02 6.5028002930e+02 6.5028100586e+02 6.5026599121e+02 6.5025201416e+02 6.5025299072e+02 6.5021301270e+02 6.5020300293e+02 6.5021197510e+02 6.5019396973e+02 6.5020300293e+02
6.5090502930e+02 6.5087902832e+02 6.5083099365e+02 6.5079901123e+02 6.5076702881e+02 6.5075097656e+02 6.5072802734e+02 6.5069598389e+02 6.5070098877e+02 6.5065802002e+02 6.5063598633e+02 6.5060101318e+02 6.5060601807e+02 6.5060198975e+02 6.5056597900e+02 6.5052899170e+02 6.5051098633e+02 6.5051599121e+02 6.5050500488e+02 6.5048199463e+02 6.5047100830e+02 6.5045800781e+02 6.5044702148e+02 6.5044500732e+02 6.5041699219e+02 6.5041198730e+02 6.5038598633e+02 6.5039001465e+02 6.5037402344e+02 6.5035900879e+02 6.5037597656e+02 6.5037597656e+02 6.5034997559e+02 6.5034197998e+02 6.5033398438e+02 6.5034100342e+02 6.5033898926e+02 6.5033197021e+02 6.5031799316e+02 6.5030401611e+02 6.5029797363e+02 6.5025000000e+02 6.5024200439e+02 6.5025201416e+02 6.5023699951e+02 6.5024401855e+02
6.5088897705e+02 6.5085797119e+02 6.5083697510e+02 6.5081402588e+02 6.5077197266e+02 6.5074902344e+02 6.5073602295e+02 6.5070300293e+02 6.5069500732e+02 6.5067797852e+02 6.5065698242e+02 6.5062500000e+02 6.5062097168e+02 6.5061602783e+02 6.5058697510e+02 6.5056597900e+02 6.5054699707e+02 6.5053399658e+02 6.5051702881e+02 6.5049499512e+02 6.5050000000e+02 6.5048901367e+02 6.5046197510e+02 6.5045898438e+02 6.5045098877e+02 6.5044000244e+02 6.5040399170e+02 6.5040399170e+02 6.5041198730e+02 6.5039697266e+02 6.5039801025e+02 6.5039202881e+02 6.5036901855e+02 6.5036297607e+02 6.5037298584e+02 6.5037597656e+02 6.5035498047e+02 6.5037097168e+02 6.5035900879e+02 6.5034002686e+02 6.5032397461e+02 6.5029901123e+02 6.5028601074e+02 6.5029101563e+02 6.5027801514e+02 6.5029901123e+02
6.5089697266e+02 6.5087402344e+02 6.5083099365e+02 6.5080200195e+02 6.5077001953e+02 6.5074700928e+02 6.5073101807e+02 6.5071600342e+02 6.5070697021e+02 6.5067999268e+02 6.5067199707e+02 6.5064801025e+02 6.5062799072e+02 6.5063098145e+02 6.5059997559e+02 6.5057299805e+02 6.5053399658e+02 6.5054699707e+02 6.5054699707e+02 6.5053198242e+02 6.5052001953e+02 6.5049700928e+02 6.5047698975e+02 6.5046801758e+02 6.5046600342e+02 6.5045501709e+02 6.5042102051e+02 6.5042401123e+02 6.5042901611e+02 6.5043902588e+02 6.5041998291e+02 6.5040301514e+02 6.5040301514e+02 6.5039697266e+02 6.5040197754e+02 6.5041998291e+02 6.5041400146e+02 6.5040600586e+02 6.5039801025e+02 6.5038702393e+02 6.5037799072e+02 6.5036700439e+02 6.5034197998e+02 6.5034002686e+02 6.5033001709e+02 6.5033197021e+02
6.5089501953e+02 6.5085797119e+02 6.5082598877e+02 6.5080401611e+02 6.5077197266e+02 6.5074798584e+02 6.5072497559e+02 6.5070501709e+02 6.5070800781e+02 6.5068200684e+02 6.5066198730e+02 6.5064398193e+02 6.5061798096e+02 6.5062200928e+02 6.5060797119e+02 6.5058099365e+02 6.5054400635e+02 6.5055297852e+02 6.5055297852e+02 6.5053302002e+02 6.5051599121e+02 6.5052099609e+02 6.5051397705e+02 6.5049401855e+02 6.5048101807e+02 6.5045898438e+02 6.5044598389e+02 6.5045501709e+02 6.5044500732e+02 6.5044799805e+02 6.5043298340e+02 6.5042498779e+02 6.5043200684e+02 6.5041699219e+02 6.5042401123e+02 6.5045501709e+02 6.5045098877e+02 6.5043902588e+02 6.5043200684e+02 6.5042901611e+02 6.5042602539e+02 6.5040502930e+02 6.5038299561e+02 6.5038397217e+02 6.5038201904e+02 6.5035900879e+02
6.5086297607e+02 6.5083599854e+02 6.5083398438e+02 6.5081597900e+02 6.5077001953e+02 6.5074200439e+02 6.5071997070e+02 6.5069702148e+02 6.5069396973e+02 6.5068298340e+02 6.5065997314e+02 6.5065197754e+02 6.5063397217e+02 6.5063201904e+02 6.5060400391e+02 6.5058001709e+02 6.5057000732e+02 6.5056402588e+02 6.5055401611e+02 6.5053698730e+02 6.5051898193e+02 6.5053198242e+02 6.5053302002e+02 6.5051397705e+02 6.5050000000e+02 6.5047900391e+02 6.5047802734e+02 6.5048699951e+02 6.5047399902e+02 6.5046398926e+02 6.5046899414e+02 6.5046600342e+02 6.5045202637e+02 6.5044000244e+02 6.5045098877e+02 6.5048602295e+02 6.5046801758e+02 6.5046600342e+02 6.5046099854e+02 6.5045202637e+02 6.5044897461e+02 6.5044000244e+02 6.5042602539e+02 6.5042797852e+02 6.5042901611e+02 6.5040197754e+02
6.5084197998e+02 6.5082000732e+02 6.5081597900e+02 6.5081799316e+02 6.5076202393e+02 6.5073602295e+02 6.5072601318e+02 6.5071099854e+02 6.5069000244e+02 6.5067602539e+02 6.5066699219e+02 6.5067102051e+02 6.5064898682e+02 6.5063500977e+02 6.5059997559e+02 6.5058697510e+02 6.5054302979e+02 6.5055902100e+02 6.5056799316e+02 6.5056597900e+02 6.5054901123e+02 6.5053802490e+02 6.5053100586e+02 6.5052600098e+02 6.5053497314e+02 6.5052502441e+02 6.5049597168e+02 6.5048297119e+02 6.5047900391e+02 6.5050598145e+02 6.5051300049e+02 6.5048199463e+02 6.5047497559e+02 6.5047399902e+02 6.5046600342e+02 6.5048797607e+02 6.5049200439e+02 6.5049798584e+02 6.5050201416e+02 6.5048797607e+02 6.5047399902e+02 6.5048400879e+02 6.5047698975e+02 6.5047302246e+02 6.5046398926e+02 6.5046099854e+02
6.5079998779e+02 6.5080798340e+02 6.5078198242e+02 6.5078497314e+02 6.5075500488e+02 6.5072302246e+02 6.5070898438e+02 6.5069897461e+02 6.5069799805e+02 6.5067602539e+02 6.5065698242e+02 6.5065502930e+02 6.5062701416e+02 6.5062701416e+02 6.5061297607e+02 6.5060101318e+02 6.5054901123e+02 6.5055902100e+02 6.5057098389e+02 6.5057299805e+02 6.5055902100e+02 6.5054498291e+02 6.5053497314e+02 6.5053100586e+02 6.5052301025e+02 6.5051800537e+02 6.5050097656e+02 6.5051202393e+02 6.5050402832e+02 6.5050799561e+02 6.5050799561e+02 6.5049102783e+02 6.5050000000e+02 6.5050299072e+02 6.5048699951e+02 6.5050299072e+02 6.5050799561e+02 6.5052697754e+02 6.5052801514e+02 6.5052502441e+02 6.5052301025e+02 6.5052301025e+02 6.5051300049e+02 6.5050500488e+02 6.5048797607e+02 6.5050299072e+02
6.5078198242e+02 6.5079101563e+02 6.5077001953e+02 6.5075897217e+02 6.5072900391e+02 6.5070697021e+02 6.5069396973e+02 6.5067999268e+02 6.5068298340e+02 6.5066699219e+02 6.5064202881e+02 6.5063098145e+02 6.5061798096e+02 6.5062298584e+02 6.5060198975e+02 6.5057897949e+02 6.5054901123e+02 6.5057397461e+02 6.5057501221e+02 6.5057598877e+02 6.5057000732e+02 6.5055401611e+02 6.5054498291e+02 6.5054797363e+02 6.5053900146e+02 6.5053302002e+02 6.5052099609e+02 6.5054199219e+02 6.5053399658e+02 6.5052899170e+02 6.5053802490e+02 6.5053100586e+02 6.5052899170e+02 6.5051702881e+02 6.5051202393e+02 6.5052301025e+02 6.5052099609e+02 6.5054498291e+02 6.5054400635e+02 6.5054400635e+02 6.5055200195e+02 6.5054199219e+02 6.5053198242e+02 6.5053497314e+02 6.5052502441e+02 6.5052502441e+02
6.5076501465e+02 6.5076300049e+02 6.5074499512e+02 6.5072900391e+02 6.5070898438e+02 6.5067901611e+02 6.5066198730e+02 6.5064801025e+02 6.5064898682e+02 6.5065301514e+02 6.5063500977e+02 6.5062500000e+02 6.5061602783e+02 6.5061700439e+02 6.5060498047e+02 6.5059301758e+02 6.5055603027e+02 6.5057501221e+02 6.5057897949e+02 6.5057897949e+02 6.5057098389e+02 6.5056298828e+02 6.5055603027e+02 6.5055200195e+02 6.5054199219e+02 6.5053802490e+02 6.5051800537e+02 6.5053698730e+02 6.5056500244e+02 6.5054901123e+02 6.5055102539e+02 6.5055499268e+02 6.5055999756e+02 6.5053997803e+02 6.5053802490e+02 6.5054498291e+02 6.5054199219e+02 6.5056298828e+02 6.5056701660e+02 6.5057202148e+02 6.5058801270e+02 6.5057397461e+02 6.5056298828e+02 6.5057501221e+02 6.5057000732e+02 6.5055700684e+02
6.5072900391e+02 6.5071997070e+02 6.5071502686e+02 6.5071301270e+02 6.5071899414e+02 6.5066699219e+02 6.5064501953e+02 6.5065399170e+02 6.5062902832e+02 6.5062200928e+02 6.5061199951e+02 6.5060998535e+02 6.5060900879e+02 6.5060302734e+02 6.5058697510e+02 6.5057501221e+02 6.5054901123e+02 6.5055902100e+02 6.5056799316e+02 6.5057501221e+02 6.5055700684e+02 6.5057098389e+02 6.5056701660e+02 6.5055297852e+02 6.5055401611e+02 6.5054998779e+02 6.5053997803e+02 6.5055603027e+02 6.5057598877e+02 6.5057202148e+02 6.5057000732e+02 6.5055700684e+02 6.5055102539e+02 6.5054101563e+02 6.5054602051e+02 6.5055798340e+02 6.5057098389e+02 6.5058197021e+02 6.5058599854e+02 6.5058898926e+02 6.5060101318e+02 6.5059197998e+02 6.5059301758e+02 6.5060400391e+02 6.5059100342e+02 6.5059100342e+02
6.5070001221e+02 6.5071099854e+02 6.5070501709e+02 6.5068597412e+02 6.5066101074e+02 6.5064501953e+02 6.5063397217e+02 6.5063598633e+02 6.5062597656e+02 6.5061999512e+02 6.5061499023e+02 6.5061499023e+02 6.5061102295e+02 6.5059600830e+02 6.5059002686e+02 6.5058398438e+02 6.5054797363e+02 6.5056896973e+02 6.5056701660e+02 6.5056402588e+02 6.5056402588e+02 6.5056701660e+02 6.5055999756e+02 6.5056201172e+02 6.5056201172e+02 6.5055200195e+02 6.5055798340e+02 6.5057702637e+02 6.5057598877e+02 6.5059600830e+02 6.5058898926e+02 6.5057000732e+02 6.5056298828e+02 6.5055499268e+02 6.5055798340e+02 6.5057897949e+02 6.5059802246e+02 6.5060198975e+02 6.5061199951e+02 6.5061499023e+02 6.5061901855e+02 6.5060400391e+02 6.5060699463e+02 6.5062500000e+02 6.5063598633e+02 6.5061999512e+02
6.5066400146e+02 6.5067797852e+02 6.5066699219e+02 6.5065002441e+02 6.5063201904e+02 6.5062902832e+02 6.5061901855e+02 6.5061999512e+02 6.5061700439e+02 6.5061102295e+02 6.5060400391e+02 6.5059301758e+02 6.5058697510e+02 6.5058099365e+02 6.5057000732e+02 6.5055798340e+02 6.5053302002e+02 6.5055297852e+02 6.5055798340e+02 6.5056597900e+02 6.5057000732e+02 6.5057299805e+02 6.5057299805e+02 6.5057702637e+02 6.5056597900e+02 6.5056097412e+02 6.5056799316e+02 6.5059301758e+02 6.5059100342e+02 6.5060101318e+02 6.5059600830e+02 6.5058197021e+02 6.5057000732e+02 6.5056298828e+02 6.5057702637e+02 6.5060400391e+02 6.5062402344e+02 6.5062097168e+02 6.5063201904e+02 6.5063299561e+02 6.5063702393e+02 6.5063397217e+02 6.5062799072e+02 6.5064202881e+02 6.5066302490e+02 6.5065802002e+02
6.5062799072e+02 6.5063098145e+02 6.5062200928e+02 6.5063000488e+02 6.5061401367e+02 6.5059600830e+02 6.5058197021e+02 6.5059600830e+02 6.5059497070e+02 6.5059002686e+02 6.5057702637e+02 6.5057098389e+02 6.5057501221e+02 6.5058001709e+02 6.5055999756e+02 6.5053997803e+02 6.5053399658e+02 6.5054602051e+02 6.5055499268e+02 6.5056701660e+02 6.5056701660e+02 6.5057000732e+02 6.5056701660e+02 6.5057501221e+02 6.5057397461e+02 6.5055999756e+02 6.5056298828e+02 6.5058099365e+02 6.5059301758e+02 6.5061102295e+02 6.5060198975e+02 6.5058502197e+02 6.5058898926e+02 6.5059301758e+02 6.5060601807e+02 6.5061798096e+02 6.5064001465e+02 6.5063800049e+02 6.5065002441e+02 6.5065600586e+02 6.5066198730e+02 6.5066302490e+02 6.5065502930e+02 6.5066198730e+02 6.5067297363e+02 6.5067297363e+02
