TESTSERVER/4/4.asc
NCOLS 100
NROWS 100
XLLCORNER 7.6997500000e+03
YLLCORNER 2.8975025000e+05
CELLSIZE 5.0000000000e-01
NODATA_VALUE -9.9990000000e+03
[rows 60 to 79 of 100, columns 0 to 45 of 100]
6.2807800293e+02 6.2838598633e+02 6.2867602539e+02 6.2886798096e+02 6.2904302979e+02 6.2920098877e+02 6.2935998535e+02 6.2942199707e+02 6.2944000244e+02 6.2946099854e+02 6.2949798584e+02 6.2951599121e+02 6.2952099609e+02 6.2951800537e+02 6.2952197266e+02 6.2951800537e+02 6.2952099609e+02 6.2952502441e+02 6.2952899170e+02 6.2951501465e+02 6.2945001221e+02 6.2939398193e+02 6.2937298584e+02 6.2932000732e+02 6.2926800537e+02 6.2922497559e+02 6.2920001221e+02 6.2914202881e+02 6.2908898926e+02 6.2904498291e+02 6.2902600098e+02 6.2899700928e+02 6.2894299316e+02 6.2889099121e+02 6.2885198975e+02 6.2876599121e+02 6.2868298340e+02 6.2864001465e+02 6.2862597656e+02 6.2859997559e+02 6.2855401611e+02 6.2846801758e+02 6.2832598877e+02 6.2819897461e+02 6.2808898926e+02 6.2802001953e+02
6.2810699463e+02 6.2839697266e+02 6.2865100098e+02 6.2884100342e+02 6.2899401855e+02 6.2913201904e+02 6.2927697754e+02 6.2936102295e+02 6.2939001465e+02 6.2940600586e+02 6.2943701172e+02 6.2946398926e+02 6.2946899414e+02 6.2946600342e+02 6.2947998047e+02 6.2948101807e+02 6.2948602295e+02 6.2949102783e+02 6.2949798584e+02 6.2949200439e+02 6.2943103027e+02 6.2936901855e+02 6.2935900879e+02 6.2933001709e+02 6.2927001953e+02 6.2920397949e+02 6.2916400146e+02 6.2911499023e+02 6.2906097412e+02 6.2900598145e+02 6.2896997070e+02 6.2894500732e+02 6.2890100098e+02 6.2886199951e+02 6.2881597900e+02 6.2877398682e+02 6.2871697998e+02 6.2865899658e+02 6.2861297607e+02 6.2856201172e+02 6.2849200439e+02 6.2840002441e+02 6.2830102539e+02 6.2821002197e+02 6.2811700439e+02 6.2804302979e+02
6.2811199951e+02 6.2836401367e+02 6.2859497070e+02 6.2877801514e+02 6.2892498779e+02 6.2905902100e+02 6.2919500732e+02 6.2929400635e+02 6.2934497070e+02 6.2936199951e+02 6.2938000488e+02 6.2941601563e+02 6.2942199707e+02 6.2942199707e+02 6.2943499756e+02 6.2943200684e+02 6.2944201660e+02 6.2945300293e+02 6.2946099854e+02 6.2945300293e+02 6.2940802002e+02 6.2934497070e+02 6.2931896973e+02 6.2930102539e+02 6.2924700928e+02 6.2917901611e+02 6.2913702393e+02 6.2909197998e+02 6.2903900146e+02 6.2897998047e+02 6.2892700195e+02 6.2889697266e+02 6.2886297607e+02 6.2882501221e+02 6.2876599121e+02 6.2874200439e+02 6.2870599365e+02 6.2866998291e+02 6.2864001465e+02 6.2859399414e+02 6.2852398682e+02 6.2843103027e+02 6.2833300781e+02 6.2825402832e+02 6.2816998291e+02 6.2809002686e+02
6.2811199951e+02 6.2831402588e+02 6.2852099609e+02 6.2870599365e+02 6.2886102295e+02 6.2900598145e+02 6.2914202881e+02 6.2922998047e+02 6.2928399658e+02 6.2929998779e+02 6.2931597900e+02 6.2935797119e+02 6.2936700439e+02 6.2936999512e+02 6.2938500977e+02 6.2938702393e+02 6.2939898682e+02 6.2941198730e+02 6.2942102051e+02 6.2941101074e+02 6.2938098145e+02 6.2932299805e+02 6.2927197266e+02 6.2925000000e+02 6.2920898438e+02 6.2914801025e+02 6.2910601807e+02 6.2905798340e+02 6.2901000977e+02 6.2895800781e+02 6.2890600586e+02 6.2887298584e+02 6.2883398438e+02 6.2879101563e+02 6.2872900391e+02 6.2869598389e+02 6.2865698242e+02 6.2863500977e+02 6.2863702393e+02 6.2861401367e+02 6.2855603027e+02 6.2847601318e+02 6.2838397217e+02 6.2831597900e+02 6.2824200439e+02 6.2816198730e+02
6.2811700439e+02 6.2827001953e+02 6.2843798828e+02 6.2863299561e+02 6.2881298828e+02 6.2898999023e+02 6.2916699219e+02 6.2918499756e+02 6.2919500732e+02 6.2920697021e+02 6.2923400879e+02 6.2930401611e+02 6.2932202148e+02 6.2932501221e+02 6.2933599854e+02 6.2935101318e+02 6.2936602783e+02 6.2937298584e+02 6.2938397217e+02 6.2937701416e+02 6.2934698486e+02 6.2929498291e+02 6.2923199463e+02 6.2920001221e+02 6.2915399170e+02 6.2909600830e+02 6.2904998779e+02 6.2900402832e+02 6.2896502686e+02 6.2892297363e+02 6.2887701416e+02 6.2885101318e+02 6.2881701660e+02 6.2877301025e+02 6.2871801758e+02 6.2866699219e+02 6.2862097168e+02 6.2859497070e+02 6.2858398438e+02 6.2856201172e+02 6.2852502441e+02 6.2847497559e+02 6.2842199707e+02 6.2837097168e+02 6.2830999756e+02 6.2824102783e+02
6.2811199951e+02 6.2826300049e+02 6.2842999268e+02 6.2860101318e+02 6.2876800537e+02 6.2893298340e+02 6.2910302734e+02 6.2910699463e+02 6.2907000732e+02 6.2909698486e+02 6.2918103027e+02 6.2925402832e+02 6.2927099609e+02 6.2927197266e+02 6.2929302979e+02 6.2931201172e+02 6.2932299805e+02 6.2932702637e+02 6.2933697510e+02 6.2933898926e+02 6.2930798340e+02 6.2925201416e+02 6.2920202637e+02 6.2915100098e+02 6.2909698486e+02 6.2905603027e+02 6.2901501465e+02 6.2896398926e+02 6.2891998291e+02 6.2887597656e+02 6.2884301758e+02 6.2881701660e+02 6.2878698730e+02 6.2874798584e+02 6.2870001221e+02 6.2864801025e+02 6.2860601807e+02 6.2857598877e+02 6.2854901123e+02 6.2851800537e+02 6.2848699951e+02 6.2845397949e+02 6.2842901611e+02 6.2840301514e+02 6.2836499023e+02 6.2832299805e+02
6.2810797119e+02 6.2826702881e+02 6.2844299316e+02 6.2860302734e+02 6.2873602295e+02 6.2885699463e+02 6.2898602295e+02 6.2902697754e+02 6.2903601074e+02 6.2909002686e+02 6.2916699219e+02 6.2920697021e+02 6.2922100830e+02 6.2922802734e+02 6.2924700928e+02 6.2926501465e+02 6.2927301025e+02 6.2928100586e+02 6.2929400635e+02 6.2929901123e+02 6.2927600098e+02 6.2923101807e+02 6.2918597412e+02 6.2911700439e+02 6.2906201172e+02 6.2902801514e+02 6.2899298096e+02 6.2894799805e+02 6.2890600586e+02 6.2885699463e+02 6.2880902100e+02 6.2878002930e+02 6.2875598145e+02 6.2872302246e+02 6.2867401123e+02 6.2863000488e+02 6.2859399414e+02 6.2855999756e+02 6.2853002930e+02 6.2850299072e+02 6.2846997070e+02 6.2843701172e+02 6.2841601563e+02 6.2840197754e+02 6.2838598633e+02 6.2836700439e+02
6.2810302734e+02 6.2827099609e+02 6.2845300293e+02 6.2860400391e+02 6.2871002197e+02 6.2879498291e+02 6.2888500977e+02 6.2897497559e+02 6.2904302979e+02 6.2910498047e+02 6.2913702393e+02 6.2915698242e+02 6.2917901611e+02 6.2919000244e+02 6.2919598389e+02 6.2921600342e+02 6.2922802734e+02 6.2924597168e+02 6.2926300049e+02 6.2926300049e+02 6.2924597168e+02 6.2921002197e+02 6.2915997314e+02 6.2909002686e+02 6.2904699707e+02 6.2903601074e+02 6.2902600098e+02 6.2895098877e+02 6.2888000488e+02 6.2882598877e+02 6.2878399658e+02 6.2875598145e+02 6.2872900391e+02 6.2869201660e+02 6.2864599609e+02 6.2861102295e+02 6.2856799316e+02 6.2852801514e+02 6.2851202393e+02 6.2849102783e+02 6.2844897461e+02 6.2840802002e+02 6.2838598633e+02 6.2836999512e+02 6.2836102295e+02 6.2835699463e+02
6.2809497070e+02 6.2826300049e+02 6.2842797852e+02 6.2856597900e+02 6.2866400146e+02 6.2875000000e+02 6.2884002686e+02 6.2891400146e+02 6.2899298096e+02 6.2905102539e+02 6.2907397461e+02 6.2909997559e+02 6.2912902832e+02 6.2913800049e+02 6.2915002441e+02 6.2917498779e+02 6.2919897461e+02 6.2922302246e+02 6.2924499512e+02 6.2923101807e+02 6.2920898438e+02 6.2917700195e+02 6.2912402344e+02 6.2907299805e+02 6.2905200195e+02 6.2907702637e+02 6.2911798096e+02 6.2898699951e+02 6.2885400391e+02 6.2878302002e+02 6.2876397705e+02 6.2873400879e+02 6.2869299316e+02 6.2865197754e+02 6.2860601807e+02 6.2858697510e+02 6.2853997803e+02 6.2850799561e+02 6.2849798584e+02 6.2846801758e+02 6.2841699219e+02 6.2837402344e+02 6.2834497070e+02 6.2831799316e+02 6.2830798340e+02 6.2830999756e+02
6.2806597900e+02 6.2823400879e+02 6.2838299561e+02 6.2850201416e+02 6.2859497070e+02 6.2869396973e+02 6.2878399658e+02 6.2886499023e+02 6.2894702148e+02 6.2900701904e+02 6.2903601074e+02 6.2905401611e+02 6.2907702637e+02 6.2909600830e+02 6.2911798096e+02 6.2914599609e+02 6.2916497803e+02 6.2917498779e+02 6.2919702148e+02 6.2919299316e+02 6.2917401123e+02 6.2915600586e+02 6.2912097168e+02 6.2907702637e+02 6.2905102539e+02 6.2906500244e+02 6.2910699463e+02 6.2901702881e+02 6.2890100098e+02 6.2883300781e+02 6.2880999756e+02 6.2873901367e+02 6.2866802979e+02 6.2861102295e+02 6.2855499268e+02 6.2853302002e+02 6.2850201416e+02 6.2848297119e+02 6.2847198486e+02 6.2843798828e+02 6.2839202881e+02 6.2835101318e+02 6.2831500244e+02 6.2827502441e+02 6.2825799561e+02 6.2826202393e+02
6.2800201416e+02 6.2818701172e+02 6.2834399414e+02 6.2844799805e+02 6.2854101563e+02 6.2865197754e+02 6.2876000977e+02 6.2884997559e+02 6.2892297363e+02 6.2897100830e+02 6.2900000000e+02 6.2901800537e+02 6.2903698730e+02 6.2905700684e+02 6.2907800293e+02 6.2910498047e+02 6.2912902832e+02 6.2913800049e+02 6.2915600586e+02 6.2916101074e+02 6.2914398193e+02 6.2912097168e+02 6.2909399414e+02 6.2906896973e+02 6.2905297852e+02 6.2905200195e+02 6.2904901123e+02 6.2897198486e+02 6.2890002441e+02 6.2885900879e+02 6.2882501221e+02 6.2875201416e+02 6.2868902588e+02 6.2863201904e+02 6.2855401611e+02 6.2851202393e+02 6.2846899414e+02 6.2843597412e+02 6.2842199707e+02 6.2839501953e+02 6.2835998535e+02 6.2832897949e+02 6.2829498291e+02 6.2824902344e+02 6.2822100830e+02 6.2821197510e+02
6.2791400146e+02 6.2812097168e+02 6.2830499268e+02 6.2841302490e+02 6.2853002930e+02 6.2867102051e+02 6.2879302979e+02 6.2886102295e+02 6.2890399170e+02 6.2892901611e+02 6.2895397949e+02 6.2898101807e+02 6.2899798584e+02 6.2901397705e+02 6.2902899170e+02 6.2906201172e+02 6.2909399414e+02 6.2911102295e+02 6.2912902832e+02 6.2913201904e+02 6.2911901855e+02 6.2909197998e+02 6.2906597900e+02 6.2905102539e+02 6.2903302002e+02 6.2900598145e+02 6.2896002197e+02 6.2888500977e+02 6.2885302734e+02 6.2884002686e+02 6.2878698730e+02 6.2871502686e+02 6.2867700195e+02 6.2863598633e+02 6.2856896973e+02 6.2852697754e+02 6.2847399902e+02 6.2841802979e+02 6.2838299561e+02 6.2834698486e+02 6.2831701660e+02 6.2830499268e+02 6.2828399658e+02 6.2823297119e+02 6.2819000244e+02 6.2816400146e+02
6.2786798096e+02 6.2807098389e+02 6.2825897217e+02 6.2840600586e+02 6.2856298828e+02 6.2874499512e+02 6.2891699219e+02 6.2887097168e+02 6.2886499023e+02 6.2887402344e+02 6.2890100098e+02 6.2892999268e+02 6.2895697021e+02 6.2898297119e+02 6.2898602295e+02 6.2902197266e+02 6.2905297852e+02 6.2907299805e+02 6.2909197998e+02 6.2909197998e+02 6.2907897949e+02 6.2905798340e+02 6.2904699707e+02 6.2903399658e+02 6.2899401855e+02 6.2893499756e+02 6.2886999512e+02 6.2880499268e+02 6.2879998779e+02 6.2879797363e+02 6.2873498535e+02 6.2865502930e+02 6.2861401367e+02 6.2859002686e+02 6.2854498291e+02 6.2850000000e+02 6.2846301270e+02 6.2841497803e+02 6.2837597656e+02 6.2830297852e+02 6.2825897217e+02 6.2826098633e+02 6.2828399658e+02 6.2821801758e+02 6.2816497803e+02 6.2812799072e+02
6.2785900879e+02 6.2805401611e+02 6.2824102783e+02 6.2839697266e+02 6.2854199219e+02 6.2869598389e+02 6.2883197021e+02 6.2880798340e+02 6.2881298828e+02 6.2884301758e+02 6.2887298584e+02 6.2889099121e+02 6.2891699219e+02 6.2894702148e+02 6.2896197510e+02 6.2899298096e+02 6.2901300049e+02 6.2903601074e+02 6.2906201172e+02 6.2905200195e+02 6.2904498291e+02 6.2903601074e+02 6.2902099609e+02 6.2899102783e+02 6.2894396973e+02 6.2887902832e+02 6.2880999756e+02 6.2875201416e+02 6.2872399902e+02 6.2869500732e+02 6.2865899658e+02 6.2860998535e+02 6.2855401611e+02 6.2852502441e+02 6.2848297119e+02 6.2845697021e+02 6.2842901611e+02 6.2839001465e+02 6.2835998535e+02 6.2829797363e+02 6.2824401855e+02 6.2821099854e+02 6.2820599365e+02 6.2817297363e+02 6.2813397217e+02 6.2811102295e+02
6.2786102295e+02 6.2805700684e+02 6.2823602295e+02 6.2838397217e+02 6.2851397705e+02 6.2864202881e+02 6.2875701904e+02 6.2876397705e+02 6.2877600098e+02 6.2880700684e+02 6.2883599854e+02 6.2885302734e+02 6.2888000488e+02 6.2890502930e+02 6.2892797852e+02 6.2895898438e+02 6.2897900391e+02 6.2900598145e+02 6.2903198242e+02 6.2902001953e+02 6.2901397705e+02 6.2901000977e+02 6.2899102783e+02 6.2894396973e+02 6.2889697266e+02 6.2883898926e+02 6.2876702881e+02 6.2871600342e+02 6.2866900635e+02 6.2862701416e+02 6.2860601807e+02 6.2855999756e+02 6.2850201416e+02 6.2847802734e+02 6.2843298340e+02 6.2839801025e+02 6.2837500000e+02 6.2835498047e+02 6.2833197021e+02 6.2828198242e+02 6.2824401855e+02 6.2820697021e+02 6.2816497803e+02 6.2812902832e+02 6.2808398438e+02 6.2805401611e+02
6.2786401367e+02 6.2805499268e+02 6.2822601318e+02 6.2836602783e+02 6.2849298096e+02 6.2861798096e+02 6.2871997070e+02 6.2873699951e+02 6.2874798584e+02 6.2877197266e+02 6.2879797363e+02 6.2882098389e+02 6.2884698486e+02 6.2886199951e+02 6.2888800049e+02 6.2892199707e+02 6.2894299316e+02 6.2896697998e+02 6.2898901367e+02 6.2898199463e+02 6.2897399902e+02 6.2896301270e+02 6.2894897461e+02 6.2888598633e+02 6.2883300781e+02 6.2877600098e+02 6.2871301270e+02 6.2866302490e+02 6.2861199951e+02 6.2857202148e+02 6.2855401611e+02 6.2849798584e+02 6.2843597412e+02 6.2841802979e+02 6.2838702393e+02 6.2834497070e+02 6.2831402588e+02 6.2829602051e+02 6.2826800537e+02 6.2822302246e+02 6.2819897461e+02 6.2817797852e+02 6.2813500977e+02 6.2809197998e+02 6.2803399658e+02 6.2799200439e+02
6.2785198975e+02 6.2803100586e+02 6.2820501709e+02 6.2834802246e+02 6.2848400879e+02 6.2860498047e+02 6.2867498779e+02 6.2869000244e+02 6.2870697021e+02 6.2873602295e+02 6.2877197266e+02 6.2878997803e+02 6.2881597900e+02 6.2883697510e+02 6.2884997559e+02 6.2888500977e+02 6.2890802002e+02 6.2892700195e+02 6.2894897461e+02 6.2894396973e+02 6.2893597412e+02 6.2892901611e+02 6.2890301514e+02 6.2880999756e+02 6.2874597168e+02 6.2868902588e+02 6.2866302490e+02 6.2860198975e+02 6.2855200195e+02 6.2851300049e+02 6.2847601318e+02 6.2843402100e+02 6.2838299561e+02 6.2835998535e+02 6.2834600830e+02 6.2830902100e+02 6.2826800537e+02 6.2822802734e+02 6.2818701172e+02 6.2814599609e+02 6.2813299561e+02 6.2812200928e+02 6.2808599854e+02 6.2803497314e+02 6.2799298096e+02 6.2796398926e+02
6.2786199951e+02 6.2804699707e+02 6.2824499512e+02 6.2841802979e+02 6.2852301025e+02 6.2858599854e+02 6.2862298584e+02 6.2864801025e+02 6.2866699219e+02 6.2869799805e+02 6.2873999023e+02 6.2874700928e+02 6.2877001953e+02 6.2880902100e+02 6.2883099365e+02 6.2885998535e+02 6.2888397217e+02 6.2890002441e+02 6.2891198730e+02 6.2890899658e+02 6.2890698242e+02 6.2889099121e+02 6.2882299805e+02 6.2873602295e+02 6.2868298340e+02 6.2863299561e+02 6.2860699463e+02 6.2855297852e+02 6.2850299072e+02 6.2846502686e+02 6.2843200684e+02 6.2837597656e+02 6.2831701660e+02 6.2828802490e+02 6.2826702881e+02 6.2823602295e+02 6.2820898438e+02 6.2816998291e+02 6.2812500000e+02 6.2809698486e+02 6.2806799316e+02 6.2803997803e+02 6.2800500488e+02 6.2795697021e+02 6.2793798828e+02 6.2791900635e+02
6.2791400146e+02 6.2809600830e+02 6.2829901123e+02 6.2846600342e+02 6.2853399658e+02 6.2855999756e+02 6.2858099365e+02 6.2861700439e+02 6.2863598633e+02 6.2866198730e+02 6.2870300293e+02 6.2872399902e+02 6.2874102783e+02 6.2877099609e+02 6.2880700684e+02 6.2883599854e+02 6.2885699463e+02 6.2886401367e+02 6.2886199951e+02 6.2886199951e+02 6.2885998535e+02 6.2882202148e+02 6.2874700928e+02 6.2868798828e+02 6.2864001465e+02 6.2858300781e+02 6.2854400635e+02 6.2849700928e+02 6.2845202637e+02 6.2841601563e+02 6.2838000488e+02 6.2832202148e+02 6.2826501465e+02 6.2823199463e+02 6.2820098877e+02 6.2817102051e+02 6.2815002441e+02 6.2810797119e+02 6.2805902100e+02 6.2803100586e+02 6.2799597168e+02 6.2796301270e+02 6.2793402100e+02 6.2789599609e+02 6.2788598633e+02 6.2787097168e+02
6.2798400879e+02 6.2815301514e+02 6.2833197021e+02 6.2845599365e+02 6.2849902344e+02 6.2851397705e+02 6.2853698730e+02 6.2858197021e+02 6.2860998535e+02 6.2863800049e+02 6.2866998291e+02 6.2870202637e+02 6.2871899414e+02 6.2873999023e+02 6.2877600098e+02 6.2880700684e+02 6.2882800293e+02 6.2883099365e+02 6.2882202148e+02 6.2881799316e+02 6.2880102539e+02 6.2874200439e+02 6.2868200684e+02 6.2865100098e+02 6.2859497070e+02 6.2853198242e+02 6.2849102783e+02 6.2845800781e+02 6.2841802979e+02 6.2837298584e+02 6.2831500244e+02 6.2826098633e+02 6.2821002197e+02 6.2817297363e+02 6.2813800049e+02 6.2810797119e+02 6.2808801270e+02 6.2804498291e+02 6.2799902344e+02 6.2797198486e+02 6.2793902588e+02 6.2790899658e+02 6.2788201904e+02 6.2785400391e+02 6.2784899902e+02 6.2783300781e+02
