TESTSERVER/4/4.asc
NCOLS 100
NROWS 100
XLLCORNER 7.6997500000e+03
YLLCORNER 2.8975025000e+05
CELLSIZE 5.0000000000e-01
NODATA_VALUE -9.9990000000e+03
[rows 80 to 99 of 100, columns 46 to 91 of 100]
6.2777801514e+02 6.2771301270e+02 6.2769000244e+02 6.2768902588e+02 6.2767700195e+02 6.2765600586e+02 6.2763098145e+02 6.2759698486e+02 6.2757000732e+02 6.2754901123e+02 6.2753601074e+02 6.2750799561e+02 6.2748400879e+02 6.2747399902e+02 6.2744799805e+02 6.2741601563e+02 6.2736499023e+02 6.2732202148e+02 6.2728698730e+02 6.2725799561e+02 6.2723602295e+02 6.2718402100e+02 6.2714898682e+02 6.2711700439e+02 6.2708801270e+02 6.2704101563e+02 6.2700701904e+02 6.2699499512e+02 6.2702301025e+02 6.2708300781e+02 6.2713201904e+02 6.2714898682e+02 6.2709997559e+02 6.2709497070e+02 6.2723797607e+02 6.2738201904e+02 6.2739202881e+02 6.2756701660e+02 6.2776300049e+02 6.2785498047e+02 6.2780798340e+02 6.2781500244e+02 6.2785699463e+02 6.2790399170e+02 6.2797601318e+02 6.2807299805e+02
6.2774200439e+02 6.2769702148e+02 6.2766198730e+02 6.2765002441e+02 6.2764300537e+02 6.2763000488e+02 6.2761199951e+02 6.2757501221e+02 6.2754498291e+02 6.2753198242e+02 6.2751501465e+02 6.2747998047e+02 6.2745098877e+02 6.2743701172e+02 6.2740002441e+02 6.2737402344e+02 6.2735101318e+02 6.2731298828e+02 6.2727099609e+02 6.2723602295e+02 6.2720898438e+02 6.2716601563e+02 6.2713702393e+02 6.2710101318e+02 6.2705401611e+02 6.2699597168e+02 6.2696301270e+02 6.2694897461e+02 6.2693902588e+02 6.2692700195e+02 6.2695501709e+02 6.2697998047e+02 6.2693798828e+02 6.2688098145e+02 6.2696002197e+02 6.2711102295e+02 6.2718798828e+02 6.2734497070e+02 6.2748297119e+02 6.2755297852e+02 6.2759600830e+02 6.2764599609e+02 6.2770300293e+02 6.2774798584e+02 6.2781597900e+02 6.2789300537e+02
6.2767498779e+02 6.2766302490e+02 6.2763201904e+02 6.2760998535e+02 6.2760400391e+02 6.2759002686e+02 6.2757897949e+02 6.2755902100e+02 6.2754101563e+02 6.2752001953e+02 6.2748999023e+02 6.2744799805e+02 6.2741998291e+02 6.2740502930e+02 6.2735900879e+02 6.2733001709e+02 6.2731597900e+02 6.2728002930e+02 6.2724597168e+02 6.2721502686e+02 6.2718298340e+02 6.2714001465e+02 6.2710699463e+02 6.2706298828e+02 6.2701098633e+02 6.2696002197e+02 6.2693701172e+02 6.2692102051e+02 6.2689398193e+02 6.2684899902e+02 6.2684497070e+02 6.2683801270e+02 6.2678497314e+02 6.2670599365e+02 6.2671600342e+02 6.2686499023e+02 6.2702398682e+02 6.2716601563e+02 6.2725500488e+02 6.2732702637e+02 6.2741400146e+02 6.2748400879e+02 6.2755297852e+02 6.2760797119e+02 6.2767297363e+02 6.2772900391e+02
6.2759100342e+02 6.2759802246e+02 6.2757299805e+02 6.2755102539e+02 6.2755102539e+02 6.2754101563e+02 6.2753601074e+02 6.2753302002e+02 6.2752099609e+02 6.2748999023e+02 6.2745300293e+02 6.2741302490e+02 6.2739300537e+02 6.2737500000e+02 6.2732897949e+02 6.2729699707e+02 6.2727197266e+02 6.2723797607e+02 6.2721301270e+02 6.2719201660e+02 6.2716601563e+02 6.2711999512e+02 6.2707702637e+02 6.2702398682e+02 6.2697698975e+02 6.2693902588e+02 6.2691198730e+02 6.2688397217e+02 6.2685498047e+02 6.2682501221e+02 6.2680603027e+02 6.2677801514e+02 6.2671398926e+02 6.2663098145e+02 6.2661297607e+02 6.2671502686e+02 6.2682702637e+02 6.2699499512e+02 6.2710601807e+02 6.2719396973e+02 6.2726501465e+02 6.2733697510e+02 6.2740600586e+02 6.2745800781e+02 6.2751702881e+02 6.2757501221e+02
6.2753399658e+02 6.2753002930e+02 6.2750897217e+02 6.2748999023e+02 6.2750299072e+02 6.2749700928e+02 6.2748101807e+02 6.2747601318e+02 6.2744097900e+02 6.2742199707e+02 6.2740698242e+02 6.2739202881e+02 6.2738397217e+02 6.2734301758e+02 6.2729400635e+02 6.2725799561e+02 6.2722698975e+02 6.2720397949e+02 6.2717999268e+02 6.2715997314e+02 6.2714501953e+02 6.2709698486e+02 6.2705700684e+02 6.2700500488e+02 6.2694897461e+02 6.2691601563e+02 6.2688897705e+02 6.2685601807e+02 6.2682501221e+02 6.2679101563e+02 6.2676000977e+02 6.2673999023e+02 6.2672100830e+02 6.2667102051e+02 6.2664599609e+02 6.2662902832e+02 6.2654699707e+02 6.2664501953e+02 6.2682800293e+02 6.2701599121e+02 6.2715997314e+02 6.2718701172e+02 6.2724700928e+02 6.2729400635e+02 6.2735302734e+02 6.2742602539e+02
6.2748699951e+02 6.2749102783e+02 6.2747100830e+02 6.2745397949e+02 6.2745898438e+02 6.2743499756e+02 6.2741497803e+02 6.2740997314e+02 6.2737902832e+02 6.2738500977e+02 6.2738598633e+02 6.2735400391e+02 6.2733300781e+02 6.2729998779e+02 6.2725897217e+02 6.2722100830e+02 6.2718200684e+02 6.2716101074e+02 6.2713897705e+02 6.2711199951e+02 6.2709002686e+02 6.2705999756e+02 6.2704101563e+02 6.2700402832e+02 6.2694702148e+02 6.2689599609e+02 6.2686102295e+02 6.2682897949e+02 6.2680499268e+02 6.2677099609e+02 6.2673797607e+02 6.2671301270e+02 6.2669396973e+02 6.2666699219e+02 6.2661999512e+02 6.2655902100e+02 6.2646398926e+02 6.2640899658e+02 6.2644500732e+02 6.2658197021e+02 6.2677301025e+02 6.2692602539e+02 6.2708197021e+02 6.2717999268e+02 6.2722497559e+02 6.2728302002e+02
6.2741998291e+02 6.2741601563e+02 6.2740100098e+02 6.2739300537e+02 6.2739300537e+02 6.2736798096e+02 6.2735900879e+02 6.2735998535e+02 6.2734600830e+02 6.2733697510e+02 6.2732800293e+02 6.2728497314e+02 6.2725201416e+02 6.2722497559e+02 6.2721002197e+02 6.2718298340e+02 6.2713800049e+02 6.2710797119e+02 6.2708502197e+02 6.2705700684e+02 6.2703497314e+02 6.2702099609e+02 6.2701098633e+02 6.2698101807e+02 6.2693798828e+02 6.2688897705e+02 6.2684301758e+02 6.2680102539e+02 6.2677801514e+02 6.2674499512e+02 6.2671197510e+02 6.2668597412e+02 6.2666900635e+02 6.2664001465e+02 6.2659399414e+02 6.2654901123e+02 6.2648400879e+02 6.2639099121e+02 6.2630297852e+02 6.2628698730e+02 6.2635601807e+02 6.2648999023e+02 6.2672497559e+02 6.2693798828e+02 6.2705700684e+02 6.2714099121e+02
6.2735498047e+02 6.2734399414e+02 6.2733398438e+02 6.2732800293e+02 6.2732702637e+02 6.2732501221e+02 6.2731298828e+02 6.2731597900e+02 6.2732598877e+02 6.2728601074e+02 6.2726000977e+02 6.2722100830e+02 6.2718798828e+02 6.2715997314e+02 6.2714697266e+02 6.2712200928e+02 6.2709497070e+02 6.2707098389e+02 6.2704602051e+02 6.2701300049e+02 6.2698901367e+02 6.2697998047e+02 6.2696502686e+02 6.2693597412e+02 6.2691497803e+02 6.2687902832e+02 6.2683502197e+02 6.2678900146e+02 6.2675701904e+02 6.2672302246e+02 6.2669201660e+02 6.2666400146e+02 6.2664398193e+02 6.2660900879e+02 6.2658300781e+02 6.2656201172e+02 6.2651202393e+02 6.2647100830e+02 6.2636401367e+02 6.2625402832e+02 6.2617700195e+02 6.2618798828e+02 6.2635302734e+02 6.2658697510e+02 6.2681597900e+02 6.2699798584e+02
6.2730999756e+02 6.2730102539e+02 6.2728997803e+02 6.2727301025e+02 6.2725299072e+02 6.2725201416e+02 6.2725000000e+02 6.2725299072e+02 6.2726501465e+02 6.2722802734e+02 6.2720599365e+02 6.2717199707e+02 6.2714599609e+02 6.2712799072e+02 6.2709100342e+02 6.2705200195e+02 6.2703497314e+02 6.2701501465e+02 6.2699499512e+02 6.2696502686e+02 6.2694299316e+02 6.2692797852e+02 6.2690698242e+02 6.2688000488e+02 6.2686901855e+02 6.2683502197e+02 6.2679998779e+02 6.2677001953e+02 6.2674700928e+02 6.2670501709e+02 6.2667199707e+02 6.2663598633e+02 6.2660797119e+02 6.2658197021e+02 6.2656201172e+02 6.2653302002e+02 6.2647497559e+02 6.2645599365e+02 6.2640197754e+02 6.2632397461e+02 6.2624902344e+02 6.2620397949e+02 6.2622399902e+02 6.2633300781e+02 6.2653100586e+02 6.2682299805e+02
6.2726898193e+02 6.2726501465e+02 6.2723699951e+02 6.2721301270e+02 6.2718798828e+02 6.2716900635e+02 6.2715502930e+02 6.2715802002e+02 6.2716497803e+02 6.2714398193e+02 6.2713702393e+02 6.2710400391e+02 6.2708300781e+02 6.2707202148e+02 6.2703900146e+02 6.2701202393e+02 6.2699798584e+02 6.2697698975e+02 6.2696197510e+02 6.2693597412e+02 6.2691699219e+02 6.2688897705e+02 6.2685601807e+02 6.2682800293e+02 6.2680902100e+02 6.2678302002e+02 6.2675897217e+02 6.2673699951e+02 6.2670397949e+02 6.2667700195e+02 6.2665197754e+02 6.2661102295e+02 6.2656799316e+02 6.2654302979e+02 6.2652697754e+02 6.2650299072e+02 6.2645202637e+02 6.2641400146e+02 6.2635601807e+02 6.2629901123e+02 6.2626202393e+02 6.2623297119e+02 6.2619396973e+02 6.2619097900e+02 6.2628698730e+02 6.2651300049e+02
6.2722100830e+02 6.2720697021e+02 6.2716998291e+02 6.2714801025e+02 6.2713702393e+02 6.2710302734e+02 6.2707202148e+02 6.2707702637e+02 6.2709002686e+02 6.2706500244e+02 6.2704901123e+02 6.2702099609e+02 6.2700299072e+02 6.2698901367e+02 6.2696997070e+02 6.2696002197e+02 6.2695202637e+02 6.2695202637e+02 6.2694500732e+02 6.2690002441e+02 6.2685998535e+02 6.2683801270e+02 6.2681402588e+02 6.2679199219e+02 6.2676300049e+02 6.2672900391e+02 6.2669897461e+02 6.2667602539e+02 6.2664501953e+02 6.2663098145e+02 6.2662097168e+02 6.2659100342e+02 6.2655200195e+02 6.2651898193e+02 6.2648297119e+02 6.2644500732e+02 6.2640997314e+02 6.2636999512e+02 6.2630902100e+02 6.2625500488e+02 6.2622497559e+02 6.2618798828e+02 6.2612097168e+02 6.2606500244e+02 6.2609497070e+02 6.2623199463e+02
6.2714898682e+02 6.2713000488e+02 6.2709497070e+02 6.2708001709e+02 6.2707897949e+02 6.2704101563e+02 6.2699798584e+02 6.2700000000e+02 6.2701800537e+02 6.2699102783e+02 6.2696502686e+02 6.2694000244e+02 6.2692401123e+02 6.2690301514e+02 6.2689801025e+02 6.2690399170e+02 6.2689300537e+02 6.2688897705e+02 6.2687799072e+02 6.2683001709e+02 6.2678302002e+02 6.2676702881e+02 6.2675097656e+02 6.2673901367e+02 6.2672100830e+02 6.2668798828e+02 6.2664001465e+02 6.2661297607e+02 6.2659399414e+02 6.2658197021e+02 6.2657397461e+02 6.2655200195e+02 6.2652801514e+02 6.2650201416e+02 6.2645501709e+02 6.2640301514e+02 6.2637402344e+02 6.2632897949e+02 6.2627301025e+02 6.2622601318e+02 6.2618701172e+02 6.2613598633e+02 6.2606597900e+02 6.2600701904e+02 6.2601000977e+02 6.2605499268e+02
6.2704498291e+02 6.2705798340e+02 6.2704199219e+02 6.2701397705e+02 6.2697601318e+02 6.2695800781e+02 6.2691601563e+02 6.2689801025e+02 6.2688397217e+02 6.2688702393e+02 6.2688598633e+02 6.2688000488e+02 6.2687097168e+02 6.2684100342e+02 6.2683001709e+02 6.2683599854e+02 6.2683300781e+02 6.2680499268e+02 6.2677697754e+02 6.2674902344e+02 6.2672601318e+02 6.2669799805e+02 6.2667602539e+02 6.2665997314e+02 6.2664801025e+02 6.2663299561e+02 6.2659301758e+02 6.2657000732e+02 6.2656701660e+02 6.2654602051e+02 6.2652600098e+02 6.2649597168e+02 6.2647497559e+02 6.2647698975e+02 6.2644897461e+02 6.2640197754e+02 6.2635699463e+02 6.2629797363e+02 6.2624597168e+02 6.2620501709e+02 6.2617401123e+02 6.2611199951e+02 6.2603698730e+02 6.2598999023e+02 6.2599200439e+02 6.2597302246e+02
6.2699298096e+02 6.2700799561e+02 6.2699298096e+02 6.2694396973e+02 6.2688897705e+02 6.2685302734e+02 6.2682800293e+02 6.2681896973e+02 6.2681500244e+02 6.2680401611e+02 6.2679901123e+02 6.2679699707e+02 6.2680401611e+02 6.2678198242e+02 6.2676000977e+02 6.2674798584e+02 6.2675598145e+02 6.2674597168e+02 6.2671801758e+02 6.2669299316e+02 6.2667102051e+02 6.2664398193e+02 6.2661602783e+02 6.2659802246e+02 6.2658801270e+02 6.2657897949e+02 6.2656201172e+02 6.2653198242e+02 6.2651397705e+02 6.2648699951e+02 6.2647399902e+02 6.2645098877e+02 6.2642901611e+02 6.2642102051e+02 6.2640502930e+02 6.2637799072e+02 6.2634002686e+02 6.2627197266e+02 6.2620800781e+02 6.2616198730e+02 6.2612799072e+02 6.2608398438e+02 6.2602801514e+02 6.2596502686e+02 6.2592401123e+02 6.2587799072e+02
6.2696002197e+02 6.2694897461e+02 6.2691802979e+02 6.2686102295e+02 6.2680200195e+02 6.2676098633e+02 6.2675097656e+02 6.2676098633e+02 6.2676300049e+02 6.2675000000e+02 6.2673498535e+02 6.2672399902e+02 6.2673199463e+02 6.2672399902e+02 6.2671099854e+02 6.2669201660e+02 6.2668902588e+02 6.2668298340e+02 6.2665997314e+02 6.2664599609e+02 6.2663201904e+02 6.2659802246e+02 6.2656701660e+02 6.2654797363e+02 6.2654400635e+02 6.2655401611e+02 6.2653399658e+02 6.2648699951e+02 6.2646899414e+02 6.2645397949e+02 6.2644500732e+02 6.2642498779e+02 6.2638702393e+02 6.2636901855e+02 6.2635101318e+02 6.2632897949e+02 6.2630200195e+02 6.2624401855e+02 6.2617797852e+02 6.2611602783e+02 6.2606298828e+02 6.2602502441e+02 6.2598999023e+02 6.2594000244e+02 6.2588500977e+02 6.2583099365e+02
6.2690802002e+02 6.2687597656e+02 6.2684301758e+02 6.2679199219e+02 6.2672900391e+02 6.2669097900e+02 6.2669598389e+02 6.2671899414e+02 6.2671197510e+02 6.2669702148e+02 6.2668200684e+02 6.2666198730e+02 6.2666699219e+02 6.2668200684e+02 6.2668402100e+02 6.2665802002e+02 6.2663702393e+02 6.2663098145e+02 6.2660797119e+02 6.2660198975e+02 6.2660198975e+02 6.2656402588e+02 6.2652801514e+02 6.2650598145e+02 6.2650799561e+02 6.2652001953e+02 6.2648797607e+02 6.2643200684e+02 6.2641998291e+02 6.2641497803e+02 6.2640600586e+02 6.2639398193e+02 6.2635797119e+02 6.2633898926e+02 6.2631097412e+02 6.2627801514e+02 6.2625598145e+02 6.2621697998e+02 6.2616400146e+02 6.2610198975e+02 6.2603302002e+02 6.2597399902e+02 6.2593200684e+02 6.2589398193e+02 6.2586199951e+02 6.2581402588e+02
6.2682598877e+02 6.2679901123e+02 6.2677398682e+02 6.2672698975e+02 6.2666400146e+02 6.2663098145e+02 6.2664898682e+02 6.2667401123e+02 6.2665197754e+02 6.2664099121e+02 6.2662402344e+02 6.2659997559e+02 6.2659301758e+02 6.2663000488e+02 6.2664398193e+02 6.2661102295e+02 6.2658300781e+02 6.2658502197e+02 6.2655999756e+02 6.2654797363e+02 6.2656799316e+02 6.2654101563e+02 6.2649700928e+02 6.2646697998e+02 6.2646600342e+02 6.2645300293e+02 6.2642199707e+02 6.2638598633e+02 6.2637701416e+02 6.2636999512e+02 6.2633001709e+02 6.2630603027e+02 6.2630603027e+02 6.2629901123e+02 6.2627301025e+02 6.2623699951e+02 6.2621301270e+02 6.2617401123e+02 6.2614697266e+02 6.2611901855e+02 6.2607397461e+02 6.2598602295e+02 6.2591101074e+02 6.2586297607e+02 6.2584399414e+02 6.2579199219e+02
6.2676898193e+02 6.2673400879e+02 6.2669500732e+02 6.2664801025e+02 6.2660699463e+02 6.2657598877e+02 6.2659399414e+02 6.2661401367e+02 6.2657897949e+02 6.2657397461e+02 6.2656500244e+02 6.2654302979e+02 6.2653198242e+02 6.2656201172e+02 6.2658099365e+02 6.2655798340e+02 6.2653997803e+02 6.2653002930e+02 6.2650598145e+02 6.2649597168e+02 6.2651397705e+02 6.2649798584e+02 6.2645599365e+02 6.2641998291e+02 6.2640002441e+02 6.2638000488e+02 6.2637298584e+02 6.2635900879e+02 6.2634497070e+02 6.2634399414e+02 6.2629699707e+02 6.2625598145e+02 6.2624200439e+02 6.2623602295e+02 6.2622802734e+02 6.2621002197e+02 6.2617401123e+02 6.2612902832e+02 6.2609002686e+02 6.2606799316e+02 6.2605700684e+02 6.2600097656e+02 6.2592102051e+02 6.2585498047e+02 6.2582598877e+02 6.2577197266e+02
6.2671697998e+02 6.2666998291e+02 6.2662298584e+02 6.2659100342e+02 6.2656896973e+02 6.2654199219e+02 6.2653900146e+02 6.2653100586e+02 6.2649499512e+02 6.2650402832e+02 6.2650701904e+02 6.2649700928e+02 6.2649298096e+02 6.2650799561e+02 6.2651702881e+02 6.2650000000e+02 6.2648901367e+02 6.2647198486e+02 6.2645501709e+02 6.2644299316e+02 6.2644396973e+02 6.2643298340e+02 6.2640100098e+02 6.2636798096e+02 6.2634698486e+02 6.2633398438e+02 6.2634100342e+02 6.2634100342e+02 6.2632000732e+02 6.2630200195e+02 6.2626397705e+02 6.2622698975e+02 6.2620599365e+02 6.2619598389e+02 6.2618597412e+02 6.2616998291e+02 6.2613702393e+02 6.2612097168e+02 6.2607397461e+02 6.2602001953e+02 6.2600701904e+02 6.2596801758e+02 6.2590100098e+02 6.2583801270e+02 6.2579998779e+02 6.2573797607e+02
6.2667797852e+02 6.2660998535e+02 6.2656402588e+02 6.2654302979e+02 6.2652197266e+02 6.2651202393e+02 6.2648999023e+02 6.2645599365e+02 6.2643499756e+02 6.2644500732e+02 6.2644897461e+02 6.2644702148e+02 6.2645202637e+02 6.2645800781e+02 6.2645300293e+02 6.2643103027e+02 6.2641699219e+02 6.2641198730e+02 6.2641101074e+02 6.2640100098e+02 6.2638098145e+02 6.2636798096e+02 6.2634301758e+02 6.2631799316e+02 6.2630200195e+02 6.2628997803e+02 6.2630102539e+02 6.2630902100e+02 6.2628802490e+02 6.2624798584e+02 6.2621697998e+02 6.2619598389e+02 6.2617901611e+02 6.2616601563e+02 6.2614202881e+02 6.2611401367e+02 6.2608300781e+02 6.2608599854e+02 6.2606097412e+02 6.2600299072e+02 6.2595397949e+02 6.2589599609e+02 6.2584802246e+02 6.2580999756e+02 6.2577697754e+02 6.2570300293e+02
