TESTSERVER/4/5.asc
NCOLS 100
NROWS 100
XLLCORNER 7.6997500000e+03
YLLCORNER 2.8970025000e+05
CELLSIZE 5.0000000000e-01
NODATA_VALUE -9.9990000000e+03
[rows 20 to 39 of 100, columns 0 to 45 of 100]
6.2616497803e+02 6.2613800049e+02 6.2614001465e+02 6.2613098145e+02 6.2611297607e+02 6.2610998535e+02 6.2611499023e+02 6.2609497070e+02 6.2609100342e+02 6.2608898926e+02 6.2606896973e+02 6.2603497314e+02 6.2602600098e+02 6.2606597900e+02 6.2609100342e+02 6.2608001709e+02 6.2606402588e+02 6.2605999756e+02 6.2605798340e+02 6.2601800537e+02 6.2598400879e+02 6.2598797607e+02 6.2602600098e+02 6.2603900146e+02 6.2604101563e+02 6.2601000977e+02 6.2599597168e+02 6.2601800537e+02 6.2598901367e+02 6.2594500732e+02 6.2592700195e+02 6.2594201660e+02 6.2594000244e+02 6.2592700195e+02 6.2589898682e+02 6.2588702393e+02 6.2588000488e+02 6.2586901855e+02 6.2585101318e+02 6.2583099365e+02 6.2581402588e+02 6.2579498291e+02 6.2575701904e+02 6.2572399902e+02 6.2571697998e+02 6.2571301270e+02
6.2610900879e+02 6.2607098389e+02 6.2606896973e+02 6.2608398438e+02 6.2607299805e+02 6.2607202148e+02 6.2605401611e+02 6.2604101563e+02 6.2605297852e+02 6.2605700684e+02 6.2604302979e+02 6.2602600098e+02 6.2601898193e+02 6.2602600098e+02 6.2602801514e+02 6.2603497314e+02 6.2603997803e+02 6.2602801514e+02 6.2599700928e+02 6.2596697998e+02 6.2594299316e+02 6.2596398926e+02 6.2602899170e+02 6.2604602051e+02 6.2600000000e+02 6.2595202637e+02 6.2596502686e+02 6.2600701904e+02 6.2597601318e+02 6.2591198730e+02 6.2588098145e+02 6.2590600586e+02 6.2590698242e+02 6.2589898682e+02 6.2588000488e+02 6.2586199951e+02 6.2584899902e+02 6.2583398438e+02 6.2580297852e+02 6.2578198242e+02 6.2576898193e+02 6.2575598145e+02 6.2572698975e+02 6.2568902588e+02 6.2569598389e+02 6.2570300293e+02
6.2606500244e+02 6.2603802490e+02 6.2602502441e+02 6.2605401611e+02 6.2605200195e+02 6.2605401611e+02 6.2603399658e+02 6.2603002930e+02 6.2603802490e+02 6.2603900146e+02 6.2601300049e+02 6.2603399658e+02 6.2605200195e+02 6.2601397705e+02 6.2597399902e+02 6.2599102783e+02 6.2602899170e+02 6.2602197266e+02 6.2596600342e+02 6.2596301270e+02 6.2595098877e+02 6.2595599365e+02 6.2600701904e+02 6.2599902344e+02 6.2594299316e+02 6.2591400146e+02 6.2595001221e+02 6.2597198486e+02 6.2593298340e+02 6.2587902832e+02 6.2586401367e+02 6.2588500977e+02 6.2587200928e+02 6.2585797119e+02 6.2584002686e+02 6.2580999756e+02 6.2579797363e+02 6.2579101563e+02 6.2576098633e+02 6.2574102783e+02 6.2572399902e+02 6.2570898438e+02 6.2568798828e+02 6.2567498779e+02 6.2568499756e+02 6.2568200684e+02
6.2598999023e+02 6.2598297119e+02 6.2597399902e+02 6.2599102783e+02 6.2599499512e+02 6.2601702881e+02 6.2601397705e+02 6.2599902344e+02 6.2599200439e+02 6.2600201416e+02 6.2598498535e+02 6.2599798584e+02 6.2602197266e+02 6.2598901367e+02 6.2593103027e+02 6.2592602539e+02 6.2596801758e+02 6.2597900391e+02 6.2592999268e+02 6.2592700195e+02 6.2592700195e+02 6.2593298340e+02 6.2597497559e+02 6.2594500732e+02 6.2589398193e+02 6.2589300537e+02 6.2594396973e+02 6.2593200684e+02 6.2587902832e+02 6.2584100342e+02 6.2584100342e+02 6.2585101318e+02 6.2583001709e+02 6.2580902100e+02 6.2578497314e+02 6.2575299072e+02 6.2575000000e+02 6.2575000000e+02 6.2572802734e+02 6.2571997070e+02 6.2570300293e+02 6.2568298340e+02 6.2565502930e+02 6.2564300537e+02 6.2564697266e+02 6.2563397217e+02
6.2594702148e+02 6.2592498779e+02 6.2591497803e+02 6.2592199707e+02 6.2592602539e+02 6.2594897461e+02 6.2596099854e+02 6.2593103027e+02 6.2593298340e+02 6.2596002197e+02 6.2594897461e+02 6.2593798828e+02 6.2593902588e+02 6.2594299316e+02 6.2591198730e+02 6.2587701416e+02 6.2589202881e+02 6.2592199707e+02 6.2591497803e+02 6.2590698242e+02 6.2589801025e+02 6.2592199707e+02 6.2597601318e+02 6.2592602539e+02 6.2587799072e+02 6.2587597656e+02 6.2592102051e+02 6.2589697266e+02 6.2584600830e+02 6.2581298828e+02 6.2579302979e+02 6.2580700684e+02 6.2579901123e+02 6.2578198242e+02 6.2574499512e+02 6.2573400879e+02 6.2573999023e+02 6.2571801758e+02 6.2570001221e+02 6.2571099854e+02 6.2569500732e+02 6.2567602539e+02 6.2563098145e+02 6.2559698486e+02 6.2559301758e+02 6.2559100342e+02
6.2602301025e+02 6.2598699951e+02 6.2593902588e+02 6.2588397217e+02 6.2585900879e+02 6.2587298584e+02 6.2591198730e+02 6.2590600586e+02 6.2590502930e+02 6.2591900635e+02 6.2591802979e+02 6.2590502930e+02 6.2589697266e+02 6.2590301514e+02 6.2589501953e+02 6.2587799072e+02 6.2588299561e+02 6.2589898682e+02 6.2586999512e+02 6.2588702393e+02 6.2587597656e+02 6.2586798096e+02 6.2588397217e+02 6.2585699463e+02 6.2585699463e+02 6.2588000488e+02 6.2588897705e+02 6.2586901855e+02 6.2584698486e+02 6.2581298828e+02 6.2575598145e+02 6.2575701904e+02 6.2577301025e+02 6.2576599121e+02 6.2572601318e+02 6.2573999023e+02 6.2574499512e+02 6.2568902588e+02 6.2565002441e+02 6.2565698242e+02 6.2563397217e+02 6.2561700439e+02 6.2560400391e+02 6.2557501221e+02 6.2557598877e+02 6.2558001709e+02
6.2606597900e+02 6.2603698730e+02 6.2599102783e+02 6.2591802979e+02 6.2585498047e+02 6.2583502197e+02 6.2585900879e+02 6.2586297607e+02 6.2586602783e+02 6.2589202881e+02 6.2591900635e+02 6.2590301514e+02 6.2587402344e+02 6.2586901855e+02 6.2587097168e+02 6.2585900879e+02 6.2585498047e+02 6.2586901855e+02 6.2583801270e+02 6.2584100342e+02 6.2583697510e+02 6.2581701660e+02 6.2582000732e+02 6.2581201172e+02 6.2584997559e+02 6.2588702393e+02 6.2585198975e+02 6.2580700684e+02 6.2580700684e+02 6.2579101563e+02 6.2572802734e+02 6.2573699951e+02 6.2574798584e+02 6.2572802734e+02 6.2569598389e+02 6.2570202637e+02 6.2568798828e+02 6.2564801025e+02 6.2561602783e+02 6.2561102295e+02 6.2559301758e+02 6.2558398438e+02 6.2557501221e+02 6.2554998779e+02 6.2555798340e+02 6.2556896973e+02
6.2606799316e+02 6.2604998779e+02 6.2602697754e+02 6.2598400879e+02 6.2591900635e+02 6.2587799072e+02 6.2586499023e+02 6.2585198975e+02 6.2584497070e+02 6.2586798096e+02 6.2590802002e+02 6.2590100098e+02 6.2586499023e+02 6.2584899902e+02 6.2585101318e+02 6.2584002686e+02 6.2582702637e+02 6.2584301758e+02 6.2585101318e+02 6.2581402588e+02 6.2579498291e+02 6.2578802490e+02 6.2580401611e+02 6.2580603027e+02 6.2584197998e+02 6.2585198975e+02 6.2579199219e+02 6.2573498535e+02 6.2574298096e+02 6.2574102783e+02 6.2569799805e+02 6.2571801758e+02 6.2571697998e+02 6.2569299316e+02 6.2567401123e+02 6.2565399170e+02 6.2562597656e+02 6.2561602783e+02 6.2560198975e+02 6.2558801270e+02 6.2557702637e+02 6.2556896973e+02 6.2554699707e+02 6.2551599121e+02 6.2553399658e+02 6.2554901123e+02
6.2604400635e+02 6.2602600098e+02 6.2600799561e+02 6.2601098633e+02 6.2599102783e+02 6.2597100830e+02 6.2595697021e+02 6.2593298340e+02 6.2590399170e+02 6.2588800049e+02 6.2586499023e+02 6.2583398438e+02 6.2580902100e+02 6.2580102539e+02 6.2580102539e+02 6.2583001709e+02 6.2582800293e+02 6.2582702637e+02 6.2583099365e+02 6.2576702881e+02 6.2573797607e+02 6.2576599121e+02 6.2578802490e+02 6.2578198242e+02 6.2578900146e+02 6.2576000977e+02 6.2571301270e+02 6.2572698975e+02 6.2573297119e+02 6.2571099854e+02 6.2566699219e+02 6.2566900635e+02 6.2567297363e+02 6.2566802979e+02 6.2565002441e+02 6.2561602783e+02 6.2558502197e+02 6.2558099365e+02 6.2557098389e+02 6.2555603027e+02 6.2554602051e+02 6.2553698730e+02 6.2550897217e+02 6.2546997070e+02 6.2548101807e+02 6.2550000000e+02
6.2604901123e+02 6.2603900146e+02 6.2602697754e+02 6.2601501465e+02 6.2600402832e+02 6.2599902344e+02 6.2600402832e+02 6.2600897217e+02 6.2601397705e+02 6.2601000977e+02 6.2595599365e+02 6.2588000488e+02 6.2582501221e+02 6.2579498291e+02 6.2577600098e+02 6.2578100586e+02 6.2578601074e+02 6.2578601074e+02 6.2578900146e+02 6.2574902344e+02 6.2572802734e+02 6.2573498535e+02 6.2573400879e+02 6.2574401855e+02 6.2575201416e+02 6.2571899414e+02 6.2570001221e+02 6.2572698975e+02 6.2571697998e+02 6.2567797852e+02 6.2565100098e+02 6.2565802002e+02 6.2565399170e+02 6.2563299561e+02 6.2560400391e+02 6.2558398438e+02 6.2557800293e+02 6.2557397461e+02 6.2554699707e+02 6.2553302002e+02 6.2552801514e+02 6.2551599121e+02 6.2548602295e+02 6.2545098877e+02 6.2543499756e+02 6.2544097900e+02
6.2604901123e+02 6.2604101563e+02 6.2603100586e+02 6.2602099609e+02 6.2601397705e+02 6.2601300049e+02 6.2601599121e+02 6.2602502441e+02 6.2603497314e+02 6.2603100586e+02 6.2599102783e+02 6.2596697998e+02 6.2593499756e+02 6.2589599609e+02 6.2582702637e+02 6.2577301025e+02 6.2575201416e+02 6.2575201416e+02 6.2578100586e+02 6.2578601074e+02 6.2575897217e+02 6.2573199463e+02 6.2570898438e+02 6.2572998047e+02 6.2573797607e+02 6.2570397949e+02 6.2568597412e+02 6.2570898438e+02 6.2568499756e+02 6.2564099121e+02 6.2562402344e+02 6.2562701416e+02 6.2561700439e+02 6.2559600830e+02 6.2557098389e+02 6.2556298828e+02 6.2556201172e+02 6.2554797363e+02 6.2551397705e+02 6.2551898193e+02 6.2552502441e+02 6.2550500488e+02 6.2546197510e+02 6.2543798828e+02 6.2541998291e+02 6.2542297363e+02
6.2605798340e+02 6.2604199219e+02 6.2602899170e+02 6.2602502441e+02 6.2601898193e+02 6.2601898193e+02 6.2601599121e+02 6.2601397705e+02 6.2601098633e+02 6.2599102783e+02 6.2594097900e+02 6.2596398926e+02 6.2598199463e+02 6.2597100830e+02 6.2590997314e+02 6.2583197021e+02 6.2578399658e+02 6.2576098633e+02 6.2577801514e+02 6.2579101563e+02 6.2575799561e+02 6.2572601318e+02 6.2571502686e+02 6.2571398926e+02 6.2570501709e+02 6.2566601563e+02 6.2563000488e+02 6.2564898682e+02 6.2564300537e+02 6.2561102295e+02 6.2559399414e+02 6.2560101318e+02 6.2559399414e+02 6.2557897949e+02 6.2555401611e+02 6.2554602051e+02 6.2553997803e+02 6.2551300049e+02 6.2546899414e+02 6.2548297119e+02 6.2549902344e+02 6.2547998047e+02 6.2543103027e+02 6.2541601563e+02 6.2540100098e+02 6.2539801025e+02
6.2610900879e+02 6.2606701660e+02 6.2599902344e+02 6.2601397705e+02 6.2601000977e+02 6.2601098633e+02 6.2601898193e+02 6.2601300049e+02 6.2599597168e+02 6.2596099854e+02 6.2590399170e+02 6.2589099121e+02 6.2591900635e+02 6.2594702148e+02 6.2596697998e+02 6.2592700195e+02 6.2588897705e+02 6.2584600830e+02 6.2580603027e+02 6.2577197266e+02 6.2573797607e+02 6.2571899414e+02 6.2570300293e+02 6.2569799805e+02 6.2565802002e+02 6.2561499023e+02 6.2556500244e+02 6.2557000732e+02 6.2560101318e+02 6.2558502197e+02 6.2555200195e+02 6.2557501221e+02 6.2557501221e+02 6.2555700684e+02 6.2553698730e+02 6.2553601074e+02 6.2551702881e+02 6.2547497559e+02 6.2542401123e+02 6.2542401123e+02 6.2543798828e+02 6.2542999268e+02 6.2541302490e+02 6.2539099121e+02 6.2538500977e+02 6.2536602783e+02
6.2624700928e+02 6.2622497559e+02 6.2616101074e+02 6.2610101318e+02 6.2604797363e+02 6.2600201416e+02 6.2598297119e+02 6.2597399902e+02 6.2597601318e+02 6.2597198486e+02 6.2595001221e+02 6.2592498779e+02 6.2591601563e+02 6.2590997314e+02 6.2591497803e+02 6.2590698242e+02 6.2591601563e+02 6.2592199707e+02 6.2589202881e+02 6.2583898926e+02 6.2579998779e+02 6.2575299072e+02 6.2570098877e+02 6.2565997314e+02 6.2561798096e+02 6.2560101318e+02 6.2557397461e+02 6.2555102539e+02 6.2554400635e+02 6.2550299072e+02 6.2547399902e+02 6.2553198242e+02 6.2554498291e+02 6.2552301025e+02 6.2552600098e+02 6.2552600098e+02 6.2549401855e+02 6.2544299316e+02 6.2539697266e+02 6.2539501953e+02 6.2540502930e+02 6.2541101074e+02 6.2539697266e+02 6.2538897705e+02 6.2540802002e+02 6.2538201904e+02
6.2637402344e+02 6.2638897705e+02 6.2635400391e+02 6.2625701904e+02 6.2616101074e+02 6.2606799316e+02 6.2599401855e+02 6.2595697021e+02 6.2595599365e+02 6.2595697021e+02 6.2595800781e+02 6.2594702148e+02 6.2593499756e+02 6.2591699219e+02 6.2588800049e+02 6.2585900879e+02 6.2586602783e+02 6.2588299561e+02 6.2589300537e+02 6.2588098145e+02 6.2588000488e+02 6.2585998535e+02 6.2579498291e+02 6.2570001221e+02 6.2563897705e+02 6.2563397217e+02 6.2563299561e+02 6.2558398438e+02 6.2553002930e+02 6.2547698975e+02 6.2544702148e+02 6.2545397949e+02 6.2545697021e+02 6.2545800781e+02 6.2548999023e+02 6.2550299072e+02 6.2548400879e+02 6.2544396973e+02 6.2540399170e+02 6.2539300537e+02 6.2539300537e+02 6.2539697266e+02 6.2538397217e+02 6.2536700439e+02 6.2537902832e+02 6.2535797119e+02
6.2648199463e+02 6.2652801514e+02 6.2653802490e+02 6.2643902588e+02 6.2632000732e+02 6.2619799805e+02 6.2608001709e+02 6.2601202393e+02 6.2599200439e+02 6.2597698975e+02 6.2595697021e+02 6.2593902588e+02 6.2593597412e+02 6.2592797852e+02 6.2589801025e+02 6.2586102295e+02 6.2584399414e+02 6.2583599854e+02 6.2584698486e+02 6.2586102295e+02 6.2589599609e+02 6.2592199707e+02 6.2589801025e+02 6.2581097412e+02 6.2574700928e+02 6.2572497559e+02 6.2569897461e+02 6.2565399170e+02 6.2559698486e+02 6.2554400635e+02 6.2550897217e+02 6.2543701172e+02 6.2539801025e+02 6.2538897705e+02 6.2541497803e+02 6.2544799805e+02 6.2545501709e+02 6.2544299316e+02 6.2541998291e+02 6.2539697266e+02 6.2537701416e+02 6.2537597656e+02 6.2537200928e+02 6.2534301758e+02 6.2533898926e+02 6.2532897949e+02
6.2654199219e+02 6.2660900879e+02 6.2664697266e+02 6.2659698486e+02 6.2649798584e+02 6.2639300537e+02 6.2632098389e+02 6.2620599365e+02 6.2615399170e+02 6.2608697510e+02 6.2597998047e+02 6.2592199707e+02 6.2590197754e+02 6.2590802002e+02 6.2591497803e+02 6.2591802979e+02 6.2590100098e+02 6.2586901855e+02 6.2584600830e+02 6.2581896973e+02 6.2583099365e+02 6.2585498047e+02 6.2586401367e+02 6.2590100098e+02 6.2589697266e+02 6.2584997559e+02 6.2574401855e+02 6.2571099854e+02 6.2570001221e+02 6.2566101074e+02 6.2561700439e+02 6.2552398682e+02 6.2545800781e+02 6.2540502930e+02 6.2536199951e+02 6.2535797119e+02 6.2537298584e+02 6.2539599609e+02 6.2540899658e+02 6.2538397217e+02 6.2534301758e+02 6.2533197021e+02 6.2534399414e+02 6.2531701660e+02 6.2530902100e+02 6.2530603027e+02
6.2659698486e+02 6.2666302490e+02 6.2672900391e+02 6.2670300293e+02 6.2664398193e+02 6.2658197021e+02 6.2652600098e+02 6.2650598145e+02 6.2647399902e+02 6.2641101074e+02 6.2628198242e+02 6.2610998535e+02 6.2598400879e+02 6.2590502930e+02 6.2588397217e+02 6.2588897705e+02 6.2588500977e+02 6.2588000488e+02 6.2586602783e+02 6.2584100342e+02 6.2583197021e+02 6.2582299805e+02 6.2580200195e+02 6.2580297852e+02 6.2583502197e+02 6.2585101318e+02 6.2580603027e+02 6.2577099609e+02 6.2573797607e+02 6.2569000244e+02 6.2565600586e+02 6.2559301758e+02 6.2552502441e+02 6.2545501709e+02 6.2539697266e+02 6.2535498047e+02 6.2532897949e+02 6.2532202148e+02 6.2534002686e+02 6.2534997559e+02 6.2531896973e+02 6.2532202148e+02 6.2534197998e+02 6.2531701660e+02 6.2530401611e+02 6.2529101563e+02
6.2670800781e+02 6.2676202393e+02 6.2681597900e+02 6.2680297852e+02 6.2676397705e+02 6.2672497559e+02 6.2670501709e+02 6.2672601318e+02 6.2672497559e+02 6.2669000244e+02 6.2659899902e+02 6.2643499756e+02 6.2624401855e+02 6.2607202148e+02 6.2595001221e+02 6.2588702393e+02 6.2584497070e+02 6.2582800293e+02 6.2584600830e+02 6.2584399414e+02 6.2584100342e+02 6.2583001709e+02 6.2580200195e+02 6.2576800537e+02 6.2577197266e+02 6.2579400635e+02 6.2579602051e+02 6.2580499268e+02 6.2578497314e+02 6.2575897217e+02 6.2572998047e+02 6.2565698242e+02 6.2557397461e+02 6.2550097656e+02 6.2546697998e+02 6.2544201660e+02 6.2538800049e+02 6.2532397461e+02 6.2529199219e+02 6.2529602051e+02 6.2527197266e+02 6.2527697754e+02 6.2530401611e+02 6.2530499268e+02 6.2530700684e+02 6.2530401611e+02
6.2686401367e+02 6.2689697266e+02 6.2691198730e+02 6.2689099121e+02 6.2686901855e+02 6.2684899902e+02 6.2685101318e+02 6.2689300537e+02 6.2691601563e+02 6.2690502930e+02 6.2686102295e+02 6.2676702881e+02 6.2659100342e+02 6.2638800049e+02 6.2619299316e+02 6.2605603027e+02 6.2594201660e+02 6.2585797119e+02 6.2584600830e+02 6.2584497070e+02 6.2583801270e+02 6.2583197021e+02 6.2582501221e+02 6.2579797363e+02 6.2577301025e+02 6.2575701904e+02 6.2573400879e+02 6.2573797607e+02 6.2573699951e+02 6.2574700928e+02 6.2575799561e+02 6.2572302246e+02 6.2565899658e+02 6.2559497070e+02 6.2556298828e+02 6.2554699707e+02 6.2549298096e+02 6.2540100098e+02 6.2531896973e+02 6.2529699707e+02 6.2524798584e+02 6.2521697998e+02 6.2521997070e+02 6.2523602295e+02 6.2525701904e+02 6.2527697754e+02
