TESTSERVER/4/5.asc
NCOLS 100
NROWS 100
XLLCORNER 7.6997500000e+03
YLLCORNER 2.8970025000e+05
CELLSIZE 5.0000000000e-01
NODATA_VALUE -9.9990000000e+03
[rows 80 to 99 of 100, columns 0 to 45 of 100]
6.2926898193e+02 6.2940600586e+02 6.2954699707e+02 6.2969299316e+02 6.2983300781e+02 6.2996600342e+02 6.3009197998e+02 6.3020001221e+02 6.3029797363e+02 6.3039801025e+02 6.3050000000e+02 6.3062402344e+02 6.3076898193e+02 6.3091497803e+02 6.3104602051e+02 6.3113702393e+02 6.3119500732e+02 6.3123901367e+02 6.3130200195e+02 6.3137200928e+02 6.3143902588e+02 6.3148699951e+02 6.3151300049e+02 6.3149102783e+02 6.3144799805e+02 6.3140997314e+02 6.3137500000e+02 6.3129699707e+02 6.3113598633e+02 6.3100402832e+02 6.3096697998e+02 6.3100897217e+02 6.3101300049e+02 6.3096997070e+02 6.3089099121e+02 6.3075299072e+02 6.3058801270e+02 6.3042700195e+02 6.3031500244e+02 6.3028601074e+02 6.3026000977e+02 6.3021801758e+02 6.3014801025e+02 6.3002197266e+02 6.2986102295e+02 6.2968402100e+02
6.2917199707e+02 6.2930902100e+02 6.2945202637e+02 6.2959698486e+02 6.2973101807e+02 6.2985900879e+02 6.2998699951e+02 6.3009197998e+02 6.3019000244e+02 6.3029498291e+02 6.3041802979e+02 6.3055603027e+02 6.3069500732e+02 6.3083599854e+02 6.3098101807e+02 6.3108801270e+02 6.3117498779e+02 6.3125299072e+02 6.3133398438e+02 6.3143103027e+02 6.3150097656e+02 6.3155200195e+02 6.3158599854e+02 6.3155902100e+02 6.3150897217e+02 6.3145898438e+02 6.3142797852e+02 6.3134100342e+02 6.3123199463e+02 6.3113397217e+02 6.3107897949e+02 6.3112799072e+02 6.3115399170e+02 6.3114300537e+02 6.3110601807e+02 6.3101098633e+02 6.3086999512e+02 6.3071301270e+02 6.3057702637e+02 6.3051800537e+02 6.3046002197e+02 6.3038500977e+02 6.3028399658e+02 6.3015100098e+02 6.2999200439e+02 6.2983001709e+02
6.2906799316e+02 6.2920697021e+02 6.2935198975e+02 6.2949700928e+02 6.2962902832e+02 6.2975500488e+02 6.2987500000e+02 6.2997802734e+02 6.3008001709e+02 6.3019097900e+02 6.3032000732e+02 6.3046197510e+02 6.3060498047e+02 6.3075000000e+02 6.3090100098e+02 6.3103100586e+02 6.3114001465e+02 6.3123699951e+02 6.3133398438e+02 6.3143200684e+02 6.3150897217e+02 6.3156896973e+02 6.3160998535e+02 6.3158697510e+02 6.3153997803e+02 6.3148901367e+02 6.3145800781e+02 6.3140301514e+02 6.3132299805e+02 6.3124902344e+02 6.3120098877e+02 6.3124597168e+02 6.3128698730e+02 6.3130200195e+02 6.3129400635e+02 6.3122802734e+02 6.3110998535e+02 6.3096600342e+02 6.3083300781e+02 6.3075799561e+02 6.3067498779e+02 6.3057000732e+02 6.3042797852e+02 6.3027600098e+02 6.3012200928e+02 6.2997198486e+02
6.2895599365e+02 6.2909802246e+02 6.2924499512e+02 6.2938800049e+02 6.2951898193e+02 6.2964300537e+02 6.2975500488e+02 6.2985198975e+02 6.2995599365e+02 6.3007098389e+02 6.3020898438e+02 6.3035797119e+02 6.3050598145e+02 6.3065399170e+02 6.3080700684e+02 6.3095098877e+02 6.3107800293e+02 6.3119500732e+02 6.3129699707e+02 6.3138897705e+02 6.3147100830e+02 6.3154302979e+02 6.3159698486e+02 6.3158599854e+02 6.3155102539e+02 6.3150402832e+02 6.3147900391e+02 6.3145501709e+02 6.3140502930e+02 6.3135400391e+02 6.3131799316e+02 6.3135198975e+02 6.3138897705e+02 6.3141400146e+02 6.3142700195e+02 6.3138702393e+02 6.3129699707e+02 6.3117700195e+02 6.3106298828e+02 6.3098101807e+02 6.3088598633e+02 6.3076300049e+02 6.3059698486e+02 6.3042901611e+02 6.3027001953e+02 6.3011798096e+02
6.2883697510e+02 6.2898297119e+02 6.2913397217e+02 6.2926702881e+02 6.2939501953e+02 6.2951599121e+02 6.2961297607e+02 6.2971600342e+02 6.2982501221e+02 6.2994702148e+02 6.3008300781e+02 6.3024298096e+02 6.3039801025e+02 6.3055102539e+02 6.3069799805e+02 6.3084301758e+02 6.3098199463e+02 6.3111199951e+02 6.3121801758e+02 6.3130902100e+02 6.3139599609e+02 6.3147900391e+02 6.3154699707e+02 6.3157397461e+02 6.3156097412e+02 6.3152801514e+02 6.3151800537e+02 6.3149700928e+02 6.3146600342e+02 6.3143597412e+02 6.3142999268e+02 6.3144201660e+02 6.3145898438e+02 6.3147802734e+02 6.3149200439e+02 6.3146801758e+02 6.3140600586e+02 6.3132299805e+02 6.3124401855e+02 6.3117901611e+02 6.3108197021e+02 6.3096099854e+02 6.3081298828e+02 6.3063800049e+02 6.3045001221e+02 6.3026098633e+02
6.2870098877e+02 6.2884600830e+02 6.2899499512e+02 6.2913299561e+02 6.2926000977e+02 6.2938098145e+02 6.2948400879e+02 6.2958300781e+02 6.2970300293e+02 6.2983300781e+02 6.2997198486e+02 6.3013201904e+02 6.3029199219e+02 6.3044702148e+02 6.3059802246e+02 6.3073901367e+02 6.3087402344e+02 6.3100402832e+02 6.3112799072e+02 6.3123297119e+02 6.3132702637e+02 6.3141400146e+02 6.3150897217e+02 6.3155999756e+02 6.3156201172e+02 6.3153802490e+02 6.3151501465e+02 6.3150000000e+02 6.3148498535e+02 6.3147900391e+02 6.3148400879e+02 6.3149597168e+02 6.3150897217e+02 6.3152197266e+02 6.3153100586e+02 6.3151800537e+02 6.3148199463e+02 6.3142901611e+02 6.3137902832e+02 6.3133898926e+02 6.3126300049e+02 6.3115197754e+02 6.3101501465e+02 6.3083697510e+02 6.3061199951e+02 6.3038201904e+02
6.2855902100e+02 6.2870300293e+02 6.2885101318e+02 6.2899200439e+02 6.2912200928e+02 6.2924499512e+02 6.2934899902e+02 6.2945202637e+02 6.2957702637e+02 6.2971197510e+02 6.2986102295e+02 6.3002502441e+02 6.3018499756e+02 6.3034100342e+02 6.3049401855e+02 6.3063598633e+02 6.3077197266e+02 6.3090197754e+02 6.3103100586e+02 6.3114898682e+02 6.3125201416e+02 6.3134600830e+02 6.3145202637e+02 6.3152197266e+02 6.3153302002e+02 6.3151800537e+02 6.3148999023e+02 6.3147998047e+02 6.3148400879e+02 6.3149798584e+02 6.3151702881e+02 6.3153100586e+02 6.3154602051e+02 6.3155603027e+02 6.3156201172e+02 6.3156402588e+02 6.3154498291e+02 6.3151202393e+02 6.3147601318e+02 6.3145300293e+02 6.3139300537e+02 6.3128997803e+02 6.3114898682e+02 6.3095697021e+02 6.3072497559e+02 6.3049499512e+02
6.2841302490e+02 6.2855499268e+02 6.2870300293e+02 6.2884301758e+02 6.2897601318e+02 6.2910198975e+02 6.2921002197e+02 6.2931896973e+02 6.2944799805e+02 6.2958801270e+02 6.2974499512e+02 6.2991302490e+02 6.3007299805e+02 6.3022998047e+02 6.3038201904e+02 6.3052502441e+02 6.3066302490e+02 6.3079400635e+02 6.3092700195e+02 6.3105603027e+02 6.3116802979e+02 6.3126898193e+02 6.3138201904e+02 6.3146099854e+02 6.3148199463e+02 6.3147698975e+02 6.3145098877e+02 6.3145001221e+02 6.3147302246e+02 6.3150598145e+02 6.3153802490e+02 6.3155999756e+02 6.3158099365e+02 6.3159197998e+02 6.3159497070e+02 6.3159802246e+02 6.3158197021e+02 6.3155700684e+02 6.3152899170e+02 6.3151000977e+02 6.3145697021e+02 6.3135699463e+02 6.3121099854e+02 6.3101397705e+02 6.3080499268e+02 6.3060797119e+02
6.2826000977e+02 6.2839801025e+02 6.2854101563e+02 6.2868499756e+02 6.2881896973e+02 6.2895001221e+02 6.2906701660e+02 6.2918298340e+02 6.2931896973e+02 6.2946197510e+02 6.2962701416e+02 6.2979797363e+02 6.2995697021e+02 6.3011401367e+02 6.3026898193e+02 6.3041101074e+02 6.3055102539e+02 6.3068798828e+02 6.3083001709e+02 6.3096099854e+02 6.3108697510e+02 6.3119897461e+02 6.3132501221e+02 6.3139202881e+02 6.3141400146e+02 6.3141302490e+02 6.3137902832e+02 6.3141302490e+02 6.3145800781e+02 6.3151000977e+02 6.3155499268e+02 6.3159899902e+02 6.3163299561e+02 6.3164898682e+02 6.3165399170e+02 6.3163201904e+02 6.3160400391e+02 6.3156701660e+02 6.3151397705e+02 6.3149499512e+02 6.3143798828e+02 6.3134301758e+02 6.3119799805e+02 6.3103601074e+02 6.3086999512e+02 6.3072497559e+02
6.2810302734e+02 6.2823999023e+02 6.2838299561e+02 6.2852099609e+02 6.2865698242e+02 6.2879101563e+02 6.2891900635e+02 6.2904998779e+02 6.2919000244e+02 6.2933599854e+02 6.2949499512e+02 6.2966497803e+02 6.2982397461e+02 6.2998101807e+02 6.3014001465e+02 6.3029400635e+02 6.3043798828e+02 6.3057897949e+02 6.3071697998e+02 6.3086297607e+02 6.3100299072e+02 6.3112701416e+02 6.3124499512e+02 6.3132800293e+02 6.3135699463e+02 6.3136199951e+02 6.3136401367e+02 6.3140997314e+02 6.3147497559e+02 6.3154400635e+02 6.3160101318e+02 6.3164599609e+02 6.3167901611e+02 6.3170001221e+02 6.3170001221e+02 6.3167602539e+02 6.3163397217e+02 6.3157598877e+02 6.3150097656e+02 6.3144396973e+02 6.3138000488e+02 6.3129498291e+02 6.3118499756e+02 6.3106701660e+02 6.3095697021e+02 6.3085797119e+02
6.2794396973e+02 6.2808001709e+02 6.2822100830e+02 6.2835998535e+02 6.2849597168e+02 6.2863098145e+02 6.2876702881e+02 6.2890698242e+02 6.2904998779e+02 6.2919799805e+02 6.2935498047e+02 6.2952301025e+02 6.2968402100e+02 6.2984197998e+02 6.3000500488e+02 6.3016497803e+02 6.3031298828e+02 6.3045599365e+02 6.3059600830e+02 6.3074902344e+02 6.3089801025e+02 6.3103198242e+02 6.3115899658e+02 6.3125500488e+02 6.3130200195e+02 6.3132800293e+02 6.3135198975e+02 6.3141699219e+02 6.3149902344e+02 6.3158300781e+02 6.3165002441e+02 6.3168200684e+02 6.3170697021e+02 6.3172497559e+02 6.3173199463e+02 6.3171002197e+02 6.3166302490e+02 6.3159600830e+02 6.3149499512e+02 6.3141802979e+02 6.3135699463e+02 6.3128399658e+02 6.3119598389e+02 6.3111999512e+02 6.3104998779e+02 6.3098297119e+02
6.2778100586e+02 6.2791601563e+02 6.2805603027e+02 6.2819500732e+02 6.2833197021e+02 6.2846801758e+02 6.2860900879e+02 6.2875500488e+02 6.2890100098e+02 6.2905200195e+02 6.2921002197e+02 6.2937597656e+02 6.2953900146e+02 6.2969799805e+02 6.2986401367e+02 6.3002697754e+02 6.3017602539e+02 6.3032202148e+02 6.3046502686e+02 6.3062500000e+02 6.3078198242e+02 6.3092602539e+02 6.3106097412e+02 6.3117102051e+02 6.3123797607e+02 6.3128601074e+02 6.3133001709e+02 6.3141497803e+02 6.3151397705e+02 6.3161297607e+02 6.3169201660e+02 6.3171002197e+02 6.3172100830e+02 6.3173297119e+02 6.3175000000e+02 6.3173400879e+02 6.3168902588e+02 6.3161901855e+02 6.3150500488e+02 6.3142401123e+02 6.3137097168e+02 6.3131500244e+02 6.3125000000e+02 6.3120202637e+02 6.3115197754e+02 6.3109600830e+02
6.2761199951e+02 6.2774597168e+02 6.2788702393e+02 6.2802600098e+02 6.2816101074e+02 6.2829602051e+02 6.2842797852e+02 6.2858898926e+02 6.2873797607e+02 6.2889202881e+02 6.2904602051e+02 6.2922198486e+02 6.2939202881e+02 6.2955999756e+02 6.2974597168e+02 6.2988500977e+02 6.3002697754e+02 6.3016900635e+02 6.3032501221e+02 6.3049902344e+02 6.3066400146e+02 6.3081799316e+02 6.3097900391e+02 6.3108300781e+02 6.3116497803e+02 6.3123101807e+02 6.3129498291e+02 6.3140502930e+02 6.3152502441e+02 6.3163702393e+02 6.3175000000e+02 6.3173297119e+02 6.3172198486e+02 6.3173101807e+02 6.3176702881e+02 6.3173602295e+02 6.3168798828e+02 6.3162701416e+02 6.3155999756e+02 6.3148602295e+02 6.3144598389e+02 6.3140899658e+02 6.3139099121e+02 6.3132702637e+02 6.3127099609e+02 6.3119598389e+02
6.2744598389e+02 6.2758398438e+02 6.2772698975e+02 6.2786401367e+02 6.2799798584e+02 6.2813201904e+02 6.2827099609e+02 6.2842199707e+02 6.2857299805e+02 6.2872802734e+02 6.2889099121e+02 6.2906402588e+02 6.2923699951e+02 6.2941101074e+02 6.2958300781e+02 6.2973101807e+02 6.2986199951e+02 6.2999401855e+02 6.3014501953e+02 6.3033197021e+02 6.3051599121e+02 6.3068701172e+02 6.3083801270e+02 6.3095697021e+02 6.3105499268e+02 6.3114202881e+02 6.3123400879e+02 6.3137500000e+02 6.3151202393e+02 6.3162902832e+02 6.3171600342e+02 6.3171697998e+02 6.3172399902e+02 6.3175000000e+02 6.3177099609e+02 6.3172497559e+02 6.3167700195e+02 6.3163000488e+02 6.3159698486e+02 6.3157000732e+02 6.3153997803e+02 6.3151000977e+02 6.3148999023e+02 6.3145202637e+02 6.3137597656e+02 6.3126702881e+02
6.2727502441e+02 6.2741900635e+02 6.2756597900e+02 6.2770599365e+02 6.2784399414e+02 6.2798101807e+02 6.2811700439e+02 6.2826300049e+02 6.2841302490e+02 6.2856701660e+02 6.2872998047e+02 6.2890100098e+02 6.2907000732e+02 6.2923901367e+02 6.2940399170e+02 6.2955401611e+02 6.2968499756e+02 6.2981097412e+02 6.2995202637e+02 6.3014001465e+02 6.3033801270e+02 6.3052801514e+02 6.3068798828e+02 6.3080499268e+02 6.3091802979e+02 6.3102600098e+02 6.3114398193e+02 6.3129901123e+02 6.3144201660e+02 6.3155999756e+02 6.3164001465e+02 6.3166699219e+02 6.3170397949e+02 6.3174499512e+02 6.3175097656e+02 6.3169897461e+02 6.3165698242e+02 6.3161901855e+02 6.3159899902e+02 6.3158697510e+02 6.3156799316e+02 6.3154498291e+02 6.3153002930e+02 6.3149902344e+02 6.3142498779e+02 6.3131597900e+02
6.2709497070e+02 6.2724401855e+02 6.2740002441e+02 6.2754797363e+02 6.2769299316e+02 6.2783398438e+02 6.2796398926e+02 6.2809899902e+02 6.2824902344e+02 6.2840197754e+02 6.2856500244e+02 6.2872998047e+02 6.2889398193e+02 6.2905798340e+02 6.2921801758e+02 6.2937597656e+02 6.2951202393e+02 6.2963598633e+02 6.2976098633e+02 6.2994097900e+02 6.3015100098e+02 6.3035900879e+02 6.3053601074e+02 6.3065399170e+02 6.3077301025e+02 6.3089501953e+02 6.3103002930e+02 6.3119097900e+02 6.3133502197e+02 6.3145202637e+02 6.3152600098e+02 6.3157702637e+02 6.3163800049e+02 6.3169201660e+02 6.3169598389e+02 6.3164697266e+02 6.3160998535e+02 6.3158001709e+02 6.3156597900e+02 6.3156097412e+02 6.3154901123e+02 6.3153100586e+02 6.3151000977e+02 6.3148699951e+02 6.3143798828e+02 6.3135498047e+02
6.2689599609e+02 6.2705700684e+02 6.2723602295e+02 6.2739398193e+02 6.2754602051e+02 6.2769201660e+02 6.2782397461e+02 6.2794000244e+02 6.2808398438e+02 6.2823699951e+02 6.2837597656e+02 6.2853302002e+02 6.2869299316e+02 6.2885699463e+02 6.2903100586e+02 6.2921697998e+02 6.2936602783e+02 6.2948901367e+02 6.2959197998e+02 6.2974700928e+02 6.2996099854e+02 6.3019000244e+02 6.3038598633e+02 6.3051397705e+02 6.3063598633e+02 6.3075897217e+02 6.3086999512e+02 6.3104199219e+02 6.3118902588e+02 6.3130999756e+02 6.3138201904e+02 6.3145098877e+02 6.3152398682e+02 6.3158300781e+02 6.3159399414e+02 6.3156298828e+02 6.3153198242e+02 6.3150701904e+02 6.3147900391e+02 6.3148602295e+02 6.3147802734e+02 6.3146398926e+02 6.3144396973e+02 6.3144201660e+02 6.3142102051e+02 6.3137902832e+02
6.2667901611e+02 6.2685400391e+02 6.2704498291e+02 6.2722497559e+02 6.2739300537e+02 6.2755200195e+02 6.2769702148e+02 6.2782598877e+02 6.2797100830e+02 6.2812701416e+02 6.2828399658e+02 6.2841497803e+02 6.2854602051e+02 6.2868798828e+02 6.2885601807e+02 6.2904998779e+02 6.2922698975e+02 6.2937902832e+02 6.2950201416e+02 6.2963500977e+02 6.2984301758e+02 6.3008001709e+02 6.3027899170e+02 6.3040399170e+02 6.3052801514e+02 6.3065002441e+02 6.3076098633e+02 6.3090600586e+02 6.3105603027e+02 6.3117700195e+02 6.3126098633e+02 6.3132800293e+02 6.3139501953e+02 6.3144500732e+02 6.3147399902e+02 6.3144897461e+02 6.3142901611e+02 6.3141699219e+02 6.3141699219e+02 6.3142199707e+02 6.3142602539e+02 6.3142797852e+02 6.3144299316e+02 6.3146197510e+02 6.3144897461e+02 6.3142102051e+02
6.2646502686e+02 6.2664697266e+02 6.2684600830e+02 6.2704400635e+02 6.2723101807e+02 6.2741198730e+02 6.2758001709e+02 6.2772900391e+02 6.2788702393e+02 6.2804699707e+02 6.2821502686e+02 6.2834002686e+02 6.2844000244e+02 6.2855603027e+02 6.2870599365e+02 6.2889599609e+02 6.2908697510e+02 6.2927001953e+02 6.2942999268e+02 6.2958502197e+02 6.2979699707e+02 6.3002197266e+02 6.3019799805e+02 6.3031402588e+02 6.3043499756e+02 6.3055798340e+02 6.3067297363e+02 6.3081597900e+02 6.3096197510e+02 6.3108001709e+02 6.3116802979e+02 6.3124102783e+02 6.3130603027e+02 6.3135101318e+02 6.3136700439e+02 6.3134802246e+02 6.3134301758e+02 6.3134997559e+02 6.3137200928e+02 6.3139501953e+02 6.3141302490e+02 6.3142901611e+02 6.3145898438e+02 6.3149298096e+02 6.3149700928e+02 6.3148498535e+02
6.2625799561e+02 6.2644299316e+02 6.2664898682e+02 6.2686401367e+02 6.2707202148e+02 6.2727502441e+02 6.2746697998e+02 6.2764300537e+02 6.2781500244e+02 6.2797802734e+02 6.2814099121e+02 6.2824401855e+02 6.2832000732e+02 6.2841998291e+02 6.2857702637e+02 6.2876599121e+02 6.2896301270e+02 6.2916900635e+02 6.2936297607e+02 6.2955603027e+02 6.2978002930e+02 6.2998297119e+02 6.3011602783e+02 6.3021801758e+02 6.3033599854e+02 6.3046002197e+02 6.3059002686e+02 6.3073901367e+02 6.3088000488e+02 6.3099499512e+02 6.3108898926e+02 6.3117297363e+02 6.3124200439e+02 6.3128399658e+02 6.3128100586e+02 6.3126300049e+02 6.3127502441e+02 6.3130401611e+02 6.3134802246e+02 6.3138702393e+02 6.3142102051e+02 6.3144897461e+02 6.3148498535e+02 6.3152801514e+02 6.3154699707e+02 6.3154998779e+02
