TESTSERVER/4/6.asc
NCOLS 100
NROWS 100
XLLCORNER 7.6997500000e+03
YLLCORNER 2.8965025000e+05
CELLSIZE 5.0000000000e-01
NODATA_VALUE -9.9990000000e+03
[rows 40 to 59 of 100, columns 46 to 91 of 100]
6.2618902588e+02 6.2625701904e+02 6.2633898926e+02 6.2641802979e+02 6.2649597168e+02 6.2651501465e+02 6.2655603027e+02 6.2661901855e+02 6.2670800781e+02 6.2684197998e+02 6.2697900391e+02 6.2710198975e+02 6.2719299316e+02 6.2725402832e+02 6.2730700684e+02 6.2735101318e+02 6.2739300537e+02 6.2751599121e+02 6.2767602539e+02 6.2785699463e+02 6.2802099609e+02 6.2819396973e+02 6.2836102295e+02 6.2853900146e+02 6.2871002197e+02 6.2886901855e+02 6.2902801514e+02 6.2918103027e+02 6.2932202148e+02 6.2944201660e+02 6.2956597900e+02 6.2967999268e+02 6.2980297852e+02 6.2987902832e+02 6.2991900635e+02 6.2994702148e+02 6.2996600342e+02 6.2998297119e+02 6.3004699707e+02 6.3015399170e+02 6.3029199219e+02 6.3047698975e+02 6.3061999512e+02 6.3071197510e+02 6.3078100586e+02 6.3076202393e+02
6.2591601563e+02 6.2600500488e+02 6.2611499023e+02 6.2624401855e+02 6.2636297607e+02 6.2639501953e+02 6.2642297363e+02 6.2646899414e+02 6.2654199219e+02 6.2666101074e+02 6.2678302002e+02 6.2689202881e+02 6.2696398926e+02 6.2700097656e+02 6.2704901123e+02 6.2711199951e+02 6.2719299316e+02 6.2730700684e+02 6.2745697021e+02 6.2762500000e+02 6.2778302002e+02 6.2796099854e+02 6.2815100098e+02 6.2833001709e+02 6.2849102783e+02 6.2863702393e+02 6.2879302979e+02 6.2895501709e+02 6.2911297607e+02 6.2924902344e+02 6.2937402344e+02 6.2948797607e+02 6.2962097168e+02 6.2971398926e+02 6.2975000000e+02 6.2977001953e+02 6.2978698730e+02 6.2979998779e+02 6.2988299561e+02 6.3001098633e+02 6.3015100098e+02 6.3035900879e+02 6.3053802490e+02 6.3066302490e+02 6.3074798584e+02 6.3076000977e+02
6.2560302734e+02 6.2569396973e+02 6.2582702637e+02 6.2600000000e+02 6.2617797852e+02 6.2624401855e+02 6.2627398682e+02 6.2629998779e+02 6.2634899902e+02 6.2645098877e+02 6.2657000732e+02 6.2668200684e+02 6.2676000977e+02 6.2680700684e+02 6.2686700439e+02 6.2694500732e+02 6.2703698730e+02 6.2715197754e+02 6.2729199219e+02 6.2743701172e+02 6.2756097412e+02 6.2772601318e+02 6.2792102051e+02 6.2810400391e+02 6.2825897217e+02 6.2840301514e+02 6.2855798340e+02 6.2872497559e+02 6.2889898682e+02 6.2904797363e+02 6.2917199707e+02 6.2928198242e+02 6.2940502930e+02 6.2949798584e+02 6.2955499268e+02 6.2960797119e+02 6.2965600586e+02 6.2967401123e+02 6.2973999023e+02 6.2985198975e+02 6.2999499512e+02 6.3021600342e+02 6.3041802979e+02 6.3056701660e+02 6.3066198730e+02 6.3069598389e+02
6.2532000732e+02 6.2538800049e+02 6.2550799561e+02 6.2569097900e+02 6.2590899658e+02 6.2601702881e+02 6.2606799316e+02 6.2609997559e+02 6.2614099121e+02 6.2623400879e+02 6.2635699463e+02 6.2647399902e+02 6.2656597900e+02 6.2663299561e+02 6.2670300293e+02 6.2678802490e+02 6.2688299561e+02 6.2700201416e+02 6.2713299561e+02 6.2725500488e+02 6.2734997559e+02 6.2749597168e+02 6.2769396973e+02 6.2788397217e+02 6.2803302002e+02 6.2817102051e+02 6.2832702637e+02 6.2849700928e+02 6.2867999268e+02 6.2883398438e+02 6.2895599365e+02 6.2906201172e+02 6.2916101074e+02 6.2925000000e+02 6.2934399414e+02 6.2944799805e+02 6.2955297852e+02 6.2959301758e+02 6.2962402344e+02 6.2970001221e+02 6.2984802246e+02 6.3007598877e+02 6.3028198242e+02 6.3043200684e+02 6.3052398682e+02 6.3056500244e+02
6.2512298584e+02 6.2514001465e+02 6.2520599365e+02 6.2534002686e+02 6.2550897217e+02 6.2567498779e+02 6.2577801514e+02 6.2586199951e+02 6.2595599365e+02 6.2605401611e+02 6.2617102051e+02 6.2628399658e+02 6.2637799072e+02 6.2644702148e+02 6.2652502441e+02 6.2660699463e+02 6.2669299316e+02 6.2681799316e+02 6.2693200684e+02 6.2703399658e+02 6.2711102295e+02 6.2726501465e+02 6.2747900391e+02 6.2769396973e+02 6.2785601807e+02 6.2795898438e+02 6.2809600830e+02 6.2826000977e+02 6.2846197510e+02 6.2862298584e+02 6.2873901367e+02 6.2882800293e+02 6.2890197754e+02 6.2897497559e+02 6.2908697510e+02 6.2922698975e+02 6.2934802246e+02 6.2951000977e+02 6.2955999756e+02 6.2961199951e+02 6.2974298096e+02 6.2997998047e+02 6.3016699219e+02 6.3029998779e+02 6.3039202881e+02 6.3040301514e+02
6.2496002197e+02 6.2497302246e+02 6.2500201416e+02 6.2507702637e+02 6.2521600342e+02 6.2537799072e+02 6.2552301025e+02 6.2565502930e+02 6.2576000977e+02 6.2585601807e+02 6.2596301270e+02 6.2607397461e+02 6.2617199707e+02 6.2625000000e+02 6.2634997559e+02 6.2644500732e+02 6.2652398682e+02 6.2662597656e+02 6.2672998047e+02 6.2683697510e+02 6.2693402100e+02 6.2705401611e+02 6.2723699951e+02 6.2745300293e+02 6.2763397217e+02 6.2776800537e+02 6.2788397217e+02 6.2801501465e+02 6.2819396973e+02 6.2839697266e+02 6.2851599121e+02 6.2857202148e+02 6.2862402344e+02 6.2871002197e+02 6.2882000732e+02 6.2893402100e+02 6.2907501221e+02 6.2927697754e+02 6.2942999268e+02 6.2952301025e+02 6.2964099121e+02 6.2989001465e+02 6.3008001709e+02 6.3019897461e+02 6.3027801514e+02 6.3026599121e+02
6.2475299072e+02 6.2478997803e+02 6.2485198975e+02 6.2493103027e+02 6.2502099609e+02 6.2516601563e+02 6.2531701660e+02 6.2545501709e+02 6.2554998779e+02 6.2561901855e+02 6.2571301270e+02 6.2581701660e+02 6.2591998291e+02 6.2600598145e+02 6.2612799072e+02 6.2625000000e+02 6.2633898926e+02 6.2643701172e+02 6.2656097412e+02 6.2669500732e+02 6.2680603027e+02 6.2689697266e+02 6.2702398682e+02 6.2719598389e+02 6.2737799072e+02 6.2753802490e+02 6.2768298340e+02 6.2782299805e+02 6.2797100830e+02 6.2812500000e+02 6.2821697998e+02 6.2825897217e+02 6.2833502197e+02 6.2847802734e+02 6.2861199951e+02 6.2871899414e+02 6.2883599854e+02 6.2903997803e+02 6.2922802734e+02 6.2935699463e+02 6.2949700928e+02 6.2976800537e+02 6.2996899414e+02 6.3007397461e+02 6.3012500000e+02 6.3010400391e+02
6.2452502441e+02 6.2458197021e+02 6.2467602539e+02 6.2477600098e+02 6.2485498047e+02 6.2498297119e+02 6.2512500000e+02 6.2525402832e+02 6.2533398438e+02 6.2537902832e+02 6.2545599365e+02 6.2554901123e+02 6.2565100098e+02 6.2573999023e+02 6.2587799072e+02 6.2601800537e+02 6.2613299561e+02 6.2625097656e+02 6.2638897705e+02 6.2653802490e+02 6.2666302490e+02 6.2675097656e+02 6.2684197998e+02 6.2696697998e+02 6.2712402344e+02 6.2729400635e+02 6.2746899414e+02 6.2763800049e+02 6.2779400635e+02 6.2790197754e+02 6.2796697998e+02 6.2801000977e+02 6.2810998535e+02 6.2828997803e+02 6.2845397949e+02 6.2858398438e+02 6.2870098877e+02 6.2885699463e+02 6.2901300049e+02 6.2913598633e+02 6.2929602051e+02 6.2956701660e+02 6.2977099609e+02 6.2987402344e+02 6.2991101074e+02 6.2990899658e+02
6.2429901123e+02 6.2438299561e+02 6.2446600342e+02 6.2456097412e+02 6.2463702393e+02 6.2477899170e+02 6.2491497803e+02 6.2503198242e+02 6.2510198975e+02 6.2516900635e+02 6.2523400879e+02 6.2531097412e+02 6.2540502930e+02 6.2551898193e+02 6.2565997314e+02 6.2578997803e+02 6.2589599609e+02 6.2605102539e+02 6.2618597412e+02 6.2631896973e+02 6.2644201660e+02 6.2656701660e+02 6.2666101074e+02 6.2675799561e+02 6.2688598633e+02 6.2705798340e+02 6.2723400879e+02 6.2741101074e+02 6.2758801270e+02 6.2777600098e+02 6.2785900879e+02 6.2789898682e+02 6.2797900391e+02 6.2815100098e+02 6.2833197021e+02 6.2850402832e+02 6.2869000244e+02 6.2877001953e+02 6.2884899902e+02 6.2892199707e+02 6.2904498291e+02 6.2927301025e+02 6.2946301270e+02 6.2958197021e+02 6.2963598633e+02 6.2967498779e+02
6.2407598877e+02 6.2415301514e+02 6.2425097656e+02 6.2435998535e+02 6.2444201660e+02 6.2459002686e+02 6.2473901367e+02 6.2484698486e+02 6.2490301514e+02 6.2495397949e+02 6.2501202393e+02 6.2509002686e+02 6.2519500732e+02 6.2534197998e+02 6.2549597168e+02 6.2561199951e+02 6.2569396973e+02 6.2581402588e+02 6.2594097900e+02 6.2606298828e+02 6.2618402100e+02 6.2631500244e+02 6.2644396973e+02 6.2656402588e+02 6.2668200684e+02 6.2683599854e+02 6.2698999023e+02 6.2713299561e+02 6.2731402588e+02 6.2759100342e+02 6.2770501709e+02 6.2774102783e+02 6.2783502197e+02 6.2803900146e+02 6.2820397949e+02 6.2833599854e+02 6.2849597168e+02 6.2865197754e+02 6.2873498535e+02 6.2876501465e+02 6.2881701660e+02 6.2897100830e+02 6.2912902832e+02 6.2924798584e+02 6.2933099365e+02 6.2938897705e+02
6.2381701660e+02 6.2390698242e+02 6.2400897217e+02 6.2411602783e+02 6.2421899414e+02 6.2438702393e+02 6.2454199219e+02 6.2464501953e+02 6.2468701172e+02 6.2472198486e+02 6.2478002930e+02 6.2486700439e+02 6.2497698975e+02 6.2511700439e+02 6.2526898193e+02 6.2538098145e+02 6.2545599365e+02 6.2555902100e+02 6.2567999268e+02 6.2580102539e+02 6.2591998291e+02 6.2605999756e+02 6.2622601318e+02 6.2637597656e+02 6.2649499512e+02 6.2662298584e+02 6.2674902344e+02 6.2685797119e+02 6.2701300049e+02 6.2729699707e+02 6.2743402100e+02 6.2751098633e+02 6.2765997314e+02 6.2789398193e+02 6.2804498291e+02 6.2814099121e+02 6.2826599121e+02 6.2843103027e+02 6.2852398682e+02 6.2856201172e+02 6.2860601807e+02 6.2872198486e+02 6.2885198975e+02 6.2896801758e+02 6.2906402588e+02 6.2912799072e+02
6.2355297852e+02 6.2366601563e+02 6.2376300049e+02 6.2385601807e+02 6.2397399902e+02 6.2414501953e+02 6.2429302979e+02 6.2439300537e+02 6.2444097900e+02 6.2447900391e+02 6.2454498291e+02 6.2464398193e+02 6.2475598145e+02 6.2486102295e+02 6.2498602295e+02 6.2509399414e+02 6.2518402100e+02 6.2528997803e+02 6.2540899658e+02 6.2552899170e+02 6.2565600586e+02 6.2581799316e+02 6.2601202393e+02 6.2618701172e+02 6.2631597900e+02 6.2642498779e+02 6.2652600098e+02 6.2661102295e+02 6.2672302246e+02 6.2696697998e+02 6.2713201904e+02 6.2726300049e+02 6.2745599365e+02 6.2769201660e+02 6.2782598877e+02 6.2790502930e+02 6.2802398682e+02 6.2815100098e+02 6.2824401855e+02 6.2832202148e+02 6.2840698242e+02 6.2850897217e+02 6.2862500000e+02 6.2873498535e+02 6.2883197021e+02 6.2889697266e+02
6.2334600830e+02 6.2346600342e+02 6.2354699707e+02 6.2361901855e+02 6.2372497559e+02 6.2386999512e+02 6.2399200439e+02 6.2409002686e+02 6.2415997314e+02 6.2422302246e+02 6.2430798340e+02 6.2442102051e+02 6.2454797363e+02 6.2462799072e+02 6.2473199463e+02 6.2484802246e+02 6.2495898438e+02 6.2506597900e+02 6.2517498779e+02 6.2527600098e+02 6.2540698242e+02 6.2559399414e+02 6.2578100586e+02 6.2594598389e+02 6.2607000732e+02 6.2620800781e+02 6.2630700684e+02 6.2639300537e+02 6.2649700928e+02 6.2669897461e+02 6.2690600586e+02 6.2707397461e+02 6.2722399902e+02 6.2744799805e+02 6.2757299805e+02 6.2765301514e+02 6.2779602051e+02 6.2787902832e+02 6.2795800781e+02 6.2806799316e+02 6.2818499756e+02 6.2829101563e+02 6.2840698242e+02 6.2851300049e+02 6.2859997559e+02 6.2866998291e+02
6.2321801758e+02 6.2330999756e+02 6.2337799072e+02 6.2344799805e+02 6.2355297852e+02 6.2367401123e+02 6.2375598145e+02 6.2382501221e+02 6.2389801025e+02 6.2398400879e+02 6.2409197998e+02 6.2421197510e+02 6.2433502197e+02 6.2441998291e+02 6.2453399658e+02 6.2465301514e+02 6.2473199463e+02 6.2482897949e+02 6.2493798828e+02 6.2505798340e+02 6.2521099854e+02 6.2537097168e+02 6.2551000977e+02 6.2563702393e+02 6.2578601074e+02 6.2594299316e+02 6.2605902100e+02 6.2615600586e+02 6.2626898193e+02 6.2644702148e+02 6.2665399170e+02 6.2684100342e+02 6.2699798584e+02 6.2719897461e+02 6.2732098389e+02 6.2739801025e+02 6.2752301025e+02 6.2759197998e+02 6.2767401123e+02 6.2780102539e+02 6.2793597412e+02 6.2805401611e+02 6.2819799805e+02 6.2832598877e+02 6.2840399170e+02 6.2845300293e+02
6.2311999512e+02 6.2320898438e+02 6.2327301025e+02 6.2334399414e+02 6.2342999268e+02 6.2350598145e+02 6.2357202148e+02 6.2363397217e+02 6.2370202637e+02 6.2380200195e+02 6.2391400146e+02 6.2402801514e+02 6.2413299561e+02 6.2421197510e+02 6.2432202148e+02 6.2442999268e+02 6.2449200439e+02 6.2457800293e+02 6.2468798828e+02 6.2482098389e+02 6.2498901367e+02 6.2514599609e+02 6.2528900146e+02 6.2542199707e+02 6.2555999756e+02 6.2571502686e+02 6.2582897949e+02 6.2592102051e+02 6.2604498291e+02 6.2622198486e+02 6.2640002441e+02 6.2657000732e+02 6.2674798584e+02 6.2692999268e+02 6.2704199219e+02 6.2713299561e+02 6.2727301025e+02 6.2733001709e+02 6.2741101074e+02 6.2755102539e+02 6.2769000244e+02 6.2780603027e+02 6.2796502686e+02 6.2811102295e+02 6.2820098877e+02 6.2827197266e+02
6.2301501465e+02 6.2313000488e+02 6.2318902588e+02 6.2323498535e+02 6.2328900146e+02 6.2333599854e+02 6.2340502930e+02 6.2349298096e+02 6.2357598877e+02 6.2365997314e+02 6.2375000000e+02 6.2383898926e+02 6.2392401123e+02 6.2400000000e+02 6.2409899902e+02 6.2419598389e+02 6.2425897217e+02 6.2434600830e+02 6.2445397949e+02 6.2458599854e+02 6.2476702881e+02 6.2494299316e+02 6.2510498047e+02 6.2525299072e+02 6.2536901855e+02 6.2551000977e+02 6.2561798096e+02 6.2570300293e+02 6.2583898926e+02 6.2606298828e+02 6.2622399902e+02 6.2634399414e+02 6.2649200439e+02 6.2665301514e+02 6.2675701904e+02 6.2687200928e+02 6.2705297852e+02 6.2711401367e+02 6.2717700195e+02 6.2730401611e+02 6.2743597412e+02 6.2754699707e+02 6.2770800781e+02 6.2786602783e+02 6.2797698975e+02 6.2809997559e+02
6.2286102295e+02 6.2302001953e+02 6.2308898926e+02 6.2309802246e+02 6.2309698486e+02 6.2313500977e+02 6.2321899414e+02 6.2335302734e+02 6.2351397705e+02 6.2354199219e+02 6.2358398438e+02 6.2364300537e+02 6.2371899414e+02 6.2380999756e+02 6.2390502930e+02 6.2399401855e+02 6.2407397461e+02 6.2416699219e+02 6.2427697754e+02 6.2440399170e+02 6.2457098389e+02 6.2476300049e+02 6.2493499756e+02 6.2508898926e+02 6.2519500732e+02 6.2532299805e+02 6.2542498779e+02 6.2550201416e+02 6.2563299561e+02 6.2590899658e+02 6.2608801270e+02 6.2615502930e+02 6.2623400879e+02 6.2638500977e+02 6.2650799561e+02 6.2665197754e+02 6.2684399414e+02 6.2690399170e+02 6.2695001221e+02 6.2704302979e+02 6.2716302490e+02 6.2732098389e+02 6.2748199463e+02 6.2763299561e+02 6.2774700928e+02 6.2788098145e+02
6.2272802734e+02 6.2283001709e+02 6.2286798096e+02 6.2289801025e+02 6.2291601563e+02 6.2294000244e+02 6.2302502441e+02 6.2316198730e+02 6.2332202148e+02 6.2335400391e+02 6.2338098145e+02 6.2343103027e+02 6.2349902344e+02 6.2360302734e+02 6.2370898438e+02 6.2380798340e+02 6.2389202881e+02 6.2399499512e+02 6.2412402344e+02 6.2424499512e+02 6.2434997559e+02 6.2449902344e+02 6.2466900635e+02 6.2484399414e+02 6.2497302246e+02 6.2514300537e+02 6.2525402832e+02 6.2529998779e+02 6.2540002441e+02 6.2560699463e+02 6.2579498291e+02 6.2588897705e+02 6.2599298096e+02 6.2614202881e+02 6.2629400635e+02 6.2645800781e+02 6.2660101318e+02 6.2665399170e+02 6.2671899414e+02 6.2680200195e+02 6.2693701172e+02 6.2713397217e+02 6.2733300781e+02 6.2750201416e+02 6.2761297607e+02 6.2770202637e+02
6.2259399414e+02 6.2266101074e+02 6.2266699219e+02 6.2269500732e+02 6.2274798584e+02 6.2280499268e+02 6.2288800049e+02 6.2298901367e+02 6.2309399414e+02 6.2312200928e+02 6.2314202881e+02 6.2318298340e+02 6.2325299072e+02 6.2336798096e+02 6.2348797607e+02 6.2360198975e+02 6.2369201660e+02 6.2379602051e+02 6.2394396973e+02 6.2407397461e+02 6.2415100098e+02 6.2425500488e+02 6.2440301514e+02 6.2459802246e+02 6.2476898193e+02 6.2493103027e+02 6.2504998779e+02 6.2510601807e+02 6.2517797852e+02 6.2530102539e+02 6.2548199463e+02 6.2563098145e+02 6.2577197266e+02 6.2594000244e+02 6.2610797119e+02 6.2626898193e+02 6.2639001465e+02 6.2644702148e+02 6.2650701904e+02 6.2659002686e+02 6.2674200439e+02 6.2695898438e+02 6.2716900635e+02 6.2734600830e+02 6.2747900391e+02 6.2754998779e+02
6.2242999268e+02 6.2248297119e+02 6.2249902344e+02 6.2253302002e+02 6.2259100342e+02 6.2266400146e+02 6.2274401855e+02 6.2280999756e+02 6.2286199951e+02 6.2288299561e+02 6.2289898682e+02 6.2293499756e+02 6.2301000977e+02 6.2313397217e+02 6.2327001953e+02 6.2339501953e+02 6.2348797607e+02 6.2358502197e+02 6.2374298096e+02 6.2388598633e+02 6.2396301270e+02 6.2404101563e+02 6.2416802979e+02 6.2438098145e+02 6.2459197998e+02 6.2471502686e+02 6.2482299805e+02 6.2489801025e+02 6.2496997070e+02 6.2505902100e+02 6.2523400879e+02 6.2541802979e+02 6.2557800293e+02 6.2577600098e+02 6.2594396973e+02 6.2608197021e+02 6.2620697021e+02 6.2628100586e+02 6.2633801270e+02 6.2641699219e+02 6.2656402588e+02 6.2676000977e+02 6.2694201660e+02 6.2710400391e+02 6.2725000000e+02 6.2733398438e+02
