TESTSERVER/4/6.asc
NCOLS 100
NROWS 100
XLLCORNER 7.6997500000e+03
YLLCORNER 2.8965025000e+05
CELLSIZE 5.0000000000e-01
NODATA_VALUE -9.9990000000e+03
[rows 20 to 39 of 100, columns 0 to 45 of 100]
6.2376800537e+02 6.2384100342e+02 6.2384100342e+02 6.2394000244e+02 6.2408599854e+02 6.2425402832e+02 6.2443298340e+02 6.2460302734e+02 6.2472302246e+02 6.2483398438e+02 6.2495599365e+02 6.2508697510e+02 6.2520800781e+02 6.2532397461e+02 6.2544799805e+02 6.2557202148e+02 6.2571301270e+02 6.2585998535e+02 6.2602001953e+02 6.2616998291e+02 6.2631201172e+02 6.2644396973e+02 6.2656597900e+02 6.2664697266e+02 6.2675897217e+02 6.2688397217e+02 6.2704302979e+02 6.2720397949e+02 6.2737402344e+02 6.2754302979e+02 6.2771099854e+02 6.2787597656e+02 6.2805603027e+02 6.2824597168e+02 6.2842199707e+02 6.2853802490e+02 6.2863098145e+02 6.2870800781e+02 6.2878601074e+02 6.2890002441e+02 6.2904797363e+02 6.2919097900e+02 6.2932897949e+02 6.2948498535e+02 6.2958099365e+02 6.2961499023e+02
6.2356896973e+02 6.2365301514e+02 6.2367401123e+02 6.2377301025e+02 6.2392401123e+02 6.2408898926e+02 6.2427301025e+02 6.2442999268e+02 6.2454998779e+02 6.2465997314e+02 6.2477801514e+02 6.2490698242e+02 6.2503002930e+02 6.2515698242e+02 6.2530200195e+02 6.2545800781e+02 6.2560998535e+02 6.2576599121e+02 6.2593103027e+02 6.2609899902e+02 6.2624798584e+02 6.2637597656e+02 6.2647100830e+02 6.2655499268e+02 6.2665698242e+02 6.2677099609e+02 6.2689801025e+02 6.2704901123e+02 6.2720800781e+02 6.2736401367e+02 6.2750799561e+02 6.2766101074e+02 6.2783697510e+02 6.2802600098e+02 6.2820599365e+02 6.2833099365e+02 6.2842901611e+02 6.2851397705e+02 6.2859497070e+02 6.2870697021e+02 6.2886199951e+02 6.2902801514e+02 6.2921197510e+02 6.2941601563e+02 6.2952502441e+02 6.2956097412e+02
6.2336798096e+02 6.2346502686e+02 6.2350500488e+02 6.2360998535e+02 6.2376800537e+02 6.2393798828e+02 6.2411901855e+02 6.2427801514e+02 6.2440399170e+02 6.2451501465e+02 6.2462902832e+02 6.2475000000e+02 6.2486700439e+02 6.2499401855e+02 6.2515301514e+02 6.2532501221e+02 6.2548699951e+02 6.2565197754e+02 6.2582800293e+02 6.2599902344e+02 6.2614099121e+02 6.2626000977e+02 6.2634600830e+02 6.2642700195e+02 6.2652001953e+02 6.2662298584e+02 6.2673999023e+02 6.2687799072e+02 6.2702398682e+02 6.2717102051e+02 6.2729901123e+02 6.2743499756e+02 6.2760302734e+02 6.2778302002e+02 6.2796197510e+02 6.2809698486e+02 6.2820098877e+02 6.2829602051e+02 6.2839202881e+02 6.2850799561e+02 6.2866101074e+02 6.2882501221e+02 6.2900402832e+02 6.2920202637e+02 6.2933099365e+02 6.2940502930e+02
6.2315802002e+02 6.2326898193e+02 6.2333099365e+02 6.2344598389e+02 6.2361297607e+02 6.2379101563e+02 6.2397399902e+02 6.2414202881e+02 6.2428198242e+02 6.2440100098e+02 6.2451000977e+02 6.2461102295e+02 6.2471502686e+02 6.2483502197e+02 6.2499902344e+02 6.2518499756e+02 6.2535699463e+02 6.2553002930e+02 6.2571099854e+02 6.2587200928e+02 6.2600500488e+02 6.2611102295e+02 6.2619396973e+02 6.2627600098e+02 6.2636199951e+02 6.2645800781e+02 6.2656799316e+02 6.2669799805e+02 6.2683599854e+02 6.2697497559e+02 6.2709698486e+02 6.2722497559e+02 6.2738201904e+02 6.2754699707e+02 6.2771600342e+02 6.2785498047e+02 6.2796600342e+02 6.2807299805e+02 6.2819299316e+02 6.2832501221e+02 6.2846899414e+02 6.2861798096e+02 6.2876702881e+02 6.2893499756e+02 6.2908197021e+02 6.2920202637e+02
6.2291998291e+02 6.2304498291e+02 6.2315197754e+02 6.2329101563e+02 6.2346502686e+02 6.2364599609e+02 6.2384197998e+02 6.2402697754e+02 6.2418298340e+02 6.2430902100e+02 6.2441101074e+02 6.2448101807e+02 6.2456201172e+02 6.2466802979e+02 6.2482598877e+02 6.2503900146e+02 6.2522198486e+02 6.2540502930e+02 6.2558801270e+02 6.2573602295e+02 6.2584997559e+02 6.2593902588e+02 6.2600201416e+02 6.2609002686e+02 6.2617199707e+02 6.2626599121e+02 6.2636602783e+02 6.2650201416e+02 6.2663897705e+02 6.2677899170e+02 6.2691400146e+02 6.2705102539e+02 6.2719799805e+02 6.2734497070e+02 6.2749200439e+02 6.2762597656e+02 6.2774700928e+02 6.2787200928e+02 6.2802398682e+02 6.2816497803e+02 6.2830999756e+02 6.2844598389e+02 6.2858099365e+02 6.2870697021e+02 6.2885699463e+02 6.2901098633e+02
6.2266198730e+02 6.2281799316e+02 6.2296398926e+02 6.2313397217e+02 6.2332000732e+02 6.2351000977e+02 6.2371197510e+02 6.2391601563e+02 6.2407501221e+02 6.2419299316e+02 6.2427001953e+02 6.2431097412e+02 6.2438397217e+02 6.2450000000e+02 6.2467901611e+02 6.2489501953e+02 6.2508801270e+02 6.2527398682e+02 6.2545397949e+02 6.2559802246e+02 6.2570202637e+02 6.2578198242e+02 6.2584997559e+02 6.2590802002e+02 6.2597698975e+02 6.2607098389e+02 6.2618798828e+02 6.2631799316e+02 6.2646801758e+02 6.2662500000e+02 6.2678497314e+02 6.2693402100e+02 6.2707800293e+02 6.2721502686e+02 6.2733300781e+02 6.2744201660e+02 6.2756402588e+02 6.2769500732e+02 6.2783801270e+02 6.2798999023e+02 6.2814099121e+02 6.2828601074e+02 6.2841998291e+02 6.2854101563e+02 6.2868298340e+02 6.2884399414e+02
6.2240502930e+02 6.2259301758e+02 6.2277600098e+02 6.2297100830e+02 6.2317297363e+02 6.2337298584e+02 6.2357800293e+02 6.2378302002e+02 6.2394201660e+02 6.2405700684e+02 6.2411700439e+02 6.2413397217e+02 6.2420599365e+02 6.2433099365e+02 6.2452398682e+02 6.2474298096e+02 6.2493701172e+02 6.2512097168e+02 6.2529699707e+02 6.2544000244e+02 6.2554498291e+02 6.2563397217e+02 6.2571002197e+02 6.2574798584e+02 6.2580902100e+02 6.2590502930e+02 6.2603198242e+02 6.2617297363e+02 6.2633197021e+02 6.2649700928e+02 6.2666699219e+02 6.2682000732e+02 6.2696197510e+02 6.2709197998e+02 6.2719000244e+02 6.2728302002e+02 6.2739898682e+02 6.2752398682e+02 6.2766302490e+02 6.2780999756e+02 6.2795800781e+02 6.2810198975e+02 6.2823999023e+02 6.2836199951e+02 6.2850000000e+02 6.2866802979e+02
6.2213800049e+02 6.2235998535e+02 6.2258599854e+02 6.2280999756e+02 6.2302502441e+02 6.2323199463e+02 6.2343499756e+02 6.2362597656e+02 6.2378002930e+02 6.2389398193e+02 6.2395697021e+02 6.2397900391e+02 6.2404901123e+02 6.2416802979e+02 6.2436499023e+02 6.2458502197e+02 6.2477502441e+02 6.2495098877e+02 6.2511999512e+02 6.2525598145e+02 6.2536999512e+02 6.2547601318e+02 6.2557202148e+02 6.2559997559e+02 6.2565899658e+02 6.2575897217e+02 6.2589801025e+02 6.2604998779e+02 6.2621197510e+02 6.2638000488e+02 6.2654602051e+02 6.2670001221e+02 6.2684399414e+02 6.2697198486e+02 6.2706298828e+02 6.2714697266e+02 6.2725598145e+02 6.2737298584e+02 6.2750402832e+02 6.2764099121e+02 6.2777899170e+02 6.2791601563e+02 6.2804797363e+02 6.2816198730e+02 6.2829199219e+02 6.2845898438e+02
6.2186999512e+02 6.2213897705e+02 6.2244500732e+02 6.2267401123e+02 6.2289898682e+02 6.2309698486e+02 6.2327197266e+02 6.2343200684e+02 6.2356896973e+02 6.2369097900e+02 6.2380902100e+02 6.2385998535e+02 6.2391900635e+02 6.2401800537e+02 6.2420501709e+02 6.2442199707e+02 6.2459802246e+02 6.2477099609e+02 6.2493597412e+02 6.2504302979e+02 6.2515899658e+02 6.2528601074e+02 6.2541998291e+02 6.2545397949e+02 6.2552099609e+02 6.2563800049e+02 6.2580603027e+02 6.2594598389e+02 6.2609698486e+02 6.2625000000e+02 6.2638800049e+02 6.2656597900e+02 6.2671997070e+02 6.2685101318e+02 6.2695599365e+02 6.2704199219e+02 6.2714300537e+02 6.2724700928e+02 6.2736401367e+02 6.2748602295e+02 6.2761297607e+02 6.2774200439e+02 6.2785900879e+02 6.2795202637e+02 6.2806896973e+02 6.2822802734e+02
6.2161297607e+02 6.2193902588e+02 6.2226397705e+02 6.2254998779e+02 6.2278698730e+02 6.2296697998e+02 6.2310198975e+02 6.2321099854e+02 6.2331500244e+02 6.2343902588e+02 6.2360101318e+02 6.2373602295e+02 6.2381402588e+02 6.2393701172e+02 6.2411499023e+02 6.2428302002e+02 6.2444299316e+02 6.2460198975e+02 6.2475701904e+02 6.2485601807e+02 6.2495599365e+02 6.2506402588e+02 6.2519097900e+02 6.2526599121e+02 6.2535699463e+02 6.2548797607e+02 6.2564398193e+02 6.2580499268e+02 6.2594799805e+02 6.2608197021e+02 6.2621502686e+02 6.2640399170e+02 6.2657897949e+02 6.2672399902e+02 6.2683599854e+02 6.2693902588e+02 6.2703698730e+02 6.2713299561e+02 6.2723699951e+02 6.2735900879e+02 6.2748901367e+02 6.2761401367e+02 6.2772198486e+02 6.2779400635e+02 6.2789001465e+02 6.2803802490e+02
6.2133502197e+02 6.2170898438e+02 6.2205999756e+02 6.2236199951e+02 6.2260699463e+02 6.2278601074e+02 6.2290002441e+02 6.2297100830e+02 6.2306097412e+02 6.2318701172e+02 6.2338000488e+02 6.2355200195e+02 6.2365399170e+02 6.2381097412e+02 6.2399200439e+02 6.2414099121e+02 6.2429400635e+02 6.2444097900e+02 6.2458300781e+02 6.2469299316e+02 6.2480102539e+02 6.2490301514e+02 6.2501202393e+02 6.2510601807e+02 6.2520300293e+02 6.2531896973e+02 6.2545501709e+02 6.2561798096e+02 6.2576702881e+02 6.2590600586e+02 6.2604199219e+02 6.2624298096e+02 6.2643402100e+02 6.2659698486e+02 6.2672198486e+02 6.2683099365e+02 6.2692700195e+02 6.2701599121e+02 6.2711102295e+02 6.2723498535e+02 6.2735900879e+02 6.2747302246e+02 6.2757397461e+02 6.2763098145e+02 6.2769201660e+02 6.2781500244e+02
6.2102899170e+02 6.2144396973e+02 6.2182000732e+02 6.2212902832e+02 6.2238000488e+02 6.2255798340e+02 6.2266302490e+02 6.2272100830e+02 6.2280999756e+02 6.2294500732e+02 6.2315698242e+02 6.2333099365e+02 6.2344000244e+02 6.2360699463e+02 6.2381097412e+02 6.2397497559e+02 6.2413201904e+02 6.2427899170e+02 6.2441900635e+02 6.2455700684e+02 6.2469299316e+02 6.2480700684e+02 6.2489801025e+02 6.2499200439e+02 6.2508300781e+02 6.2518103027e+02 6.2528900146e+02 6.2544000244e+02 6.2558599854e+02 6.2572900391e+02 6.2587799072e+02 6.2609301758e+02 6.2630102539e+02 6.2648101807e+02 6.2661798096e+02 6.2672698975e+02 6.2682000732e+02 6.2689898682e+02 6.2697698975e+02 6.2708398438e+02 6.2719201660e+02 6.2728900146e+02 6.2737597656e+02 6.2741998291e+02 6.2745599365e+02 6.2755200195e+02
6.2066900635e+02 6.2113598633e+02 6.2157800293e+02 6.2189300537e+02 6.2214001465e+02 6.2229602051e+02 6.2238201904e+02 6.2247900391e+02 6.2257598877e+02 6.2271398926e+02 6.2291802979e+02 6.2311602783e+02 6.2323797607e+02 6.2338397217e+02 6.2356799316e+02 6.2377502441e+02 6.2394897461e+02 6.2411297607e+02 6.2428002930e+02 6.2444702148e+02 6.2460601807e+02 6.2473699951e+02 6.2483801270e+02 6.2491101074e+02 6.2500500488e+02 6.2510198975e+02 6.2521502686e+02 6.2531896973e+02 6.2543499756e+02 6.2556402588e+02 6.2571899414e+02 6.2596600342e+02 6.2619201660e+02 6.2637701416e+02 6.2650897217e+02 6.2663702393e+02 6.2672698975e+02 6.2678802490e+02 6.2682098389e+02 6.2689898682e+02 6.2698297119e+02 6.2706201172e+02 6.2712097168e+02 6.2718798828e+02 6.2722698975e+02 6.2729699707e+02
6.2017401123e+02 6.2067199707e+02 6.2114501953e+02 6.2150598145e+02 6.2178399658e+02 6.2199597168e+02 6.2216998291e+02 6.2230798340e+02 6.2241601563e+02 6.2253802490e+02 6.2270599365e+02 6.2289898682e+02 6.2307397461e+02 6.2321997070e+02 6.2336700439e+02 6.2356402588e+02 6.2376702881e+02 6.2396697998e+02 6.2415698242e+02 6.2433697510e+02 6.2448699951e+02 6.2461401367e+02 6.2472802734e+02 6.2482702637e+02 6.2493597412e+02 6.2504400635e+02 6.2513598633e+02 6.2521997070e+02 6.2530102539e+02 6.2541302490e+02 6.2557299805e+02 6.2581097412e+02 6.2603497314e+02 6.2621502686e+02 6.2634600830e+02 6.2648797607e+02 6.2658502197e+02 6.2664001465e+02 6.2666198730e+02 6.2670300293e+02 6.2676501465e+02 6.2684100342e+02 6.2692797852e+02 6.2703900146e+02 6.2709301758e+02 6.2713500977e+02
6.1967498779e+02 6.2011102295e+02 6.2059100342e+02 6.2098498535e+02 6.2132000732e+02 6.2163000488e+02 6.2192797852e+02 6.2213500977e+02 6.2228802490e+02 6.2241900635e+02 6.2254901123e+02 6.2270898438e+02 6.2290197754e+02 6.2306701660e+02 6.2319500732e+02 6.2338201904e+02 6.2359899902e+02 6.2382000732e+02 6.2402801514e+02 6.2421398926e+02 6.2435998535e+02 6.2448199463e+02 6.2459899902e+02 6.2470501709e+02 6.2480700684e+02 6.2490802002e+02 6.2499798584e+02 6.2508001709e+02 6.2515502930e+02 6.2526397705e+02 6.2541998291e+02 6.2561401367e+02 6.2580999756e+02 6.2598498535e+02 6.2612500000e+02 6.2626898193e+02 6.2637298584e+02 6.2643701172e+02 6.2646997070e+02 6.2650701904e+02 6.2656402588e+02 6.2664398193e+02 6.2675598145e+02 6.2691400146e+02 6.2698901367e+02 6.2702001953e+02
6.1927099609e+02 6.1958697510e+02 6.2003997803e+02 6.2048101807e+02 6.2085797119e+02 6.2122698975e+02 6.2160601807e+02 6.2189599609e+02 6.2212500000e+02 6.2230401611e+02 6.2244299316e+02 6.2256500244e+02 6.2273999023e+02 6.2291101074e+02 6.2304901123e+02 6.2322900391e+02 6.2344702148e+02 6.2367102051e+02 6.2387799072e+02 6.2405499268e+02 6.2419500732e+02 6.2431597900e+02 6.2443597412e+02 6.2452899170e+02 6.2461401367e+02 6.2470202637e+02 6.2480102539e+02 6.2490100098e+02 6.2498699951e+02 6.2509899902e+02 6.2524902344e+02 6.2539599609e+02 6.2555603027e+02 6.2571697998e+02 6.2586499023e+02 6.2600598145e+02 6.2611401367e+02 6.2618902588e+02 6.2623999023e+02 6.2629901123e+02 6.2637597656e+02 6.2647399902e+02 6.2660198975e+02 6.2677502441e+02 6.2686602783e+02 6.2689697266e+02
6.1904400635e+02 6.1922900391e+02 6.1957202148e+02 6.2002197266e+02 6.2042401123e+02 6.2081597900e+02 6.2120098877e+02 6.2154602051e+02 6.2185601807e+02 6.2211700439e+02 6.2234301758e+02 6.2245599365e+02 6.2258197021e+02 6.2273498535e+02 6.2291699219e+02 6.2309600830e+02 6.2330700684e+02 6.2351599121e+02 6.2370300293e+02 6.2385400391e+02 6.2399200439e+02 6.2412097168e+02 6.2422302246e+02 6.2431097412e+02 6.2438397217e+02 6.2446801758e+02 6.2457299805e+02 6.2468902588e+02 6.2478997803e+02 6.2490301514e+02 6.2503802490e+02 6.2517297363e+02 6.2530700684e+02 6.2545300293e+02 6.2560900879e+02 6.2572802734e+02 6.2582897949e+02 6.2590600586e+02 6.2596899414e+02 6.2608300781e+02 6.2619702148e+02 6.2632598877e+02 6.2647399902e+02 6.2662597656e+02 6.2670800781e+02 6.2673602295e+02
6.1895098877e+02 6.1902697754e+02 6.1922497559e+02 6.1953997803e+02 6.1994201660e+02 6.2038397217e+02 6.2078997803e+02 6.2115100098e+02 6.2151098633e+02 6.2185900879e+02 6.2217700195e+02 6.2236499023e+02 6.2247601318e+02 6.2257800293e+02 6.2274298096e+02 6.2294598389e+02 6.2315197754e+02 6.2333801270e+02 6.2349102783e+02 6.2365197754e+02 6.2381298828e+02 6.2395202637e+02 6.2403997803e+02 6.2410900879e+02 6.2416900635e+02 6.2424200439e+02 6.2435498047e+02 6.2447497559e+02 6.2456402588e+02 6.2466198730e+02 6.2479101563e+02 6.2492498779e+02 6.2505102539e+02 6.2518103027e+02 6.2533001709e+02 6.2547900391e+02 6.2559899902e+02 6.2569396973e+02 6.2578302002e+02 6.2590899658e+02 6.2604101563e+02 6.2617999268e+02 6.2633197021e+02 6.2646502686e+02 6.2652801514e+02 6.2656097412e+02
6.1890899658e+02 6.1890002441e+02 6.1896997070e+02 6.1912097168e+02 6.1940600586e+02 6.1979699707e+02 6.2023699951e+02 6.2061798096e+02 6.2102398682e+02 6.2145898438e+02 6.2188299561e+02 6.2220599365e+02 6.2237597656e+02 6.2246398926e+02 6.2258197021e+02 6.2277697754e+02 6.2296899414e+02 6.2312799072e+02 6.2324200439e+02 6.2340197754e+02 6.2359197998e+02 6.2376501465e+02 6.2386700439e+02 6.2391302490e+02 6.2394897461e+02 6.2400201416e+02 6.2411401367e+02 6.2423400879e+02 6.2431597900e+02 6.2441198730e+02 6.2454400635e+02 6.2467401123e+02 6.2478302002e+02 6.2489398193e+02 6.2503601074e+02 6.2520397949e+02 6.2535198975e+02 6.2547698975e+02 6.2558898926e+02 6.2573699951e+02 6.2589300537e+02 6.2604302979e+02 6.2617297363e+02 6.2627099609e+02 6.2633099365e+02 6.2638800049e+02
6.1889599609e+02 6.1884002686e+02 6.1883099365e+02 6.1886401367e+02 6.1899700928e+02 6.1923999023e+02 6.1961102295e+02 6.1997802734e+02 6.2040301514e+02 6.2090002441e+02 6.2140997314e+02 6.2185302734e+02 6.2212799072e+02 6.2227697754e+02 6.2240301514e+02 6.2257800293e+02 6.2275299072e+02 6.2288897705e+02 6.2296502686e+02 6.2309100342e+02 6.2329602051e+02 6.2351702881e+02 6.2367901611e+02 6.2371502686e+02 6.2373297119e+02 6.2376702881e+02 6.2386401367e+02 6.2397900391e+02 6.2406799316e+02 6.2417401123e+02 6.2432000732e+02 6.2445001221e+02 6.2454498291e+02 6.2463897705e+02 6.2476702881e+02 6.2493499756e+02 6.2509600830e+02 6.2523901367e+02 6.2536602783e+02 6.2552600098e+02 6.2569897461e+02 6.2586401367e+02 6.2599499512e+02 6.2607800293e+02 6.2614001465e+02 6.2621997070e+02
