TESTSERVER/4/7.asc
NCOLS 100
NROWS 100
XLLCORNER 7.6997500000e+03
YLLCORNER 2.8960025000e+05
CELLSIZE 5.0000000000e-01
NODATA_VALUE -9.9990000000e+03
[rows 20 to 39 of 100, columns 0 to 45 of 100]
5.9805798340e+02 5.9813098145e+02 5.9820397949e+02 5.9828900146e+02 5.9842797852e+02 5.9859497070e+02 5.9873498535e+02 5.9887500000e+02 5.9901702881e+02 5.9915301514e+02 5.9926501465e+02 5.9935998535e+02 5.9947100830e+02 5.9961700439e+02 5.9980999756e+02 6.0003698730e+02 6.0027001953e+02 6.0047100830e+02 6.0064001465e+02 6.0078399658e+02 6.0094799805e+02 6.0110601807e+02 6.0125097656e+02 6.0133801270e+02 6.0144500732e+02 6.0158502197e+02 6.0175000000e+02 6.0185699463e+02 6.0199102783e+02 6.0216302490e+02 6.0237402344e+02 6.0257702637e+02 6.0275500488e+02 6.0289898682e+02 6.0301501465e+02 6.0316699219e+02 6.0334301758e+02 6.0351000977e+02 6.0365899658e+02 6.0381298828e+02 6.0397198486e+02 6.0415899658e+02 6.0437402344e+02 6.0456896973e+02 6.0475097656e+02 6.0493402100e+02
5.9788897705e+02 5.9795098877e+02 5.9802197266e+02 5.9811999512e+02 5.9825402832e+02 5.9840002441e+02 5.9851202393e+02 5.9861401367e+02 5.9873297119e+02 5.9886102295e+02 5.9899102783e+02 5.9912097168e+02 5.9925500488e+02 5.9941497803e+02 5.9962402344e+02 5.9988000488e+02 6.0011499023e+02 6.0029498291e+02 6.0041198730e+02 6.0054302979e+02 6.0069097900e+02 6.0084002686e+02 6.0099902344e+02 6.0111401367e+02 6.0119396973e+02 6.0130798340e+02 6.0147802734e+02 6.0164099121e+02 6.0179498291e+02 6.0195001221e+02 6.0213702393e+02 6.0233898926e+02 6.0251098633e+02 6.0266101074e+02 6.0278100586e+02 6.0290100098e+02 6.0305999756e+02 6.0322198486e+02 6.0336901855e+02 6.0352398682e+02 6.0369201660e+02 6.0388098145e+02 6.0409100342e+02 6.0428900146e+02 6.0447698975e+02 6.0465197754e+02
5.9771398926e+02 5.9778100586e+02 5.9786901855e+02 5.9797601318e+02 5.9808398438e+02 5.9819097900e+02 5.9828002930e+02 5.9836499023e+02 5.9847399902e+02 5.9860498047e+02 5.9873901367e+02 5.9887597656e+02 5.9902600098e+02 5.9920001221e+02 5.9941198730e+02 5.9965100098e+02 5.9986798096e+02 6.0003302002e+02 6.0014801025e+02 6.0028497314e+02 6.0042700195e+02 6.0057202148e+02 6.0073400879e+02 6.0087902832e+02 6.0097399902e+02 6.0108697510e+02 6.0125897217e+02 6.0146801758e+02 6.0163598633e+02 6.0176800537e+02 6.0190002441e+02 6.0207598877e+02 6.0223999023e+02 6.0239697266e+02 6.0253601074e+02 6.0265301514e+02 6.0279998779e+02 6.0295501709e+02 6.0309497070e+02 6.0325799561e+02 6.0343298340e+02 6.0361901855e+02 6.0380902100e+02 6.0400000000e+02 6.0418402100e+02 6.0435498047e+02
5.9752502441e+02 5.9761199951e+02 5.9771398926e+02 5.9780200195e+02 5.9788598633e+02 5.9796801758e+02 5.9804400635e+02 5.9812902832e+02 5.9824102783e+02 5.9838397217e+02 5.9852301025e+02 5.9865698242e+02 5.9881500244e+02 5.9899200439e+02 5.9918402100e+02 5.9939001465e+02 5.9958697510e+02 5.9974499512e+02 5.9987200928e+02 6.0001000977e+02 6.0015100098e+02 6.0029699707e+02 6.0045397949e+02 6.0060998535e+02 6.0072998047e+02 6.0086297607e+02 6.0103302002e+02 6.0123602295e+02 6.0140899658e+02 6.0154699707e+02 6.0167102051e+02 6.0182897949e+02 6.0198602295e+02 6.0214099121e+02 6.0228802490e+02 6.0241998291e+02 6.0256597900e+02 6.0270800781e+02 6.0283801270e+02 6.0299798584e+02 6.0316998291e+02 6.0334802246e+02 6.0352001953e+02 6.0369702148e+02 6.0387701416e+02 6.0404797363e+02
5.9732598877e+02 5.9743902588e+02 5.9755401611e+02 5.9760101318e+02 5.9768902588e+02 5.9776898193e+02 5.9783099365e+02 5.9791497803e+02 5.9803100586e+02 5.9817999268e+02 5.9832598877e+02 5.9847998047e+02 5.9864202881e+02 5.9879901123e+02 5.9895001221e+02 5.9913500977e+02 5.9932098389e+02 5.9947900391e+02 5.9959002686e+02 5.9972497559e+02 5.9986602783e+02 6.0001702881e+02 6.0018298340e+02 6.0031799316e+02 6.0044799805e+02 6.0060101318e+02 6.0077301025e+02 6.0093200684e+02 6.0110400391e+02 6.0127697754e+02 6.0142297363e+02 6.0157598877e+02 6.0173699951e+02 6.0189697266e+02 6.0203997803e+02 6.0219598389e+02 6.0234600830e+02 6.0247601318e+02 6.0257501221e+02 6.0272399902e+02 6.0287902832e+02 6.0304797363e+02 6.0322399902e+02 6.0337402344e+02 6.0354699707e+02 6.0372399902e+02
5.9712200928e+02 5.9722399902e+02 5.9732501221e+02 5.9737500000e+02 5.9747399902e+02 5.9756500244e+02 5.9763598633e+02 5.9773297119e+02 5.9785198975e+02 5.9800500488e+02 5.9817797852e+02 5.9836199951e+02 5.9850097656e+02 5.9860998535e+02 5.9873400879e+02 5.9888500977e+02 5.9903601074e+02 5.9917401123e+02 5.9929901123e+02 5.9944097900e+02 5.9958398438e+02 5.9974298096e+02 5.9991601563e+02 6.0004699707e+02 6.0017498779e+02 6.0033398438e+02 6.0051000977e+02 6.0065802002e+02 6.0083898926e+02 6.0102099609e+02 6.0115100098e+02 6.0131597900e+02 6.0149298096e+02 6.0165002441e+02 6.0177697754e+02 6.0193402100e+02 6.0209197998e+02 6.0223999023e+02 6.0236999512e+02 6.0250701904e+02 6.0261901855e+02 6.0273297119e+02 6.0289202881e+02 6.0305603027e+02 6.0322497559e+02 6.0339801025e+02
5.9692602539e+02 5.9701000977e+02 5.9709497070e+02 5.9714398193e+02 5.9724298096e+02 5.9735198975e+02 5.9745001221e+02 5.9754901123e+02 5.9766900635e+02 5.9782202148e+02 5.9799401855e+02 5.9817498779e+02 5.9830401611e+02 5.9840502930e+02 5.9853497314e+02 5.9865197754e+02 5.9876300049e+02 5.9889001465e+02 5.9904199219e+02 5.9918902588e+02 5.9932702637e+02 5.9947698975e+02 5.9964501953e+02 5.9977600098e+02 5.9991101074e+02 6.0007501221e+02 6.0025299072e+02 6.0039099121e+02 6.0056201172e+02 6.0073199463e+02 6.0085797119e+02 6.0103302002e+02 6.0121997070e+02 6.0138897705e+02 6.0151098633e+02 6.0164801025e+02 6.0180798340e+02 6.0197601318e+02 6.0214300537e+02 6.0228997803e+02 6.0238000488e+02 6.0245800781e+02 6.0258502197e+02 6.0275402832e+02 6.0292999268e+02 6.0310498047e+02
5.9677099609e+02 5.9683697510e+02 5.9689898682e+02 5.9695202637e+02 5.9706701660e+02 5.9720501709e+02 5.9732702637e+02 5.9741198730e+02 5.9750500488e+02 5.9762597656e+02 5.9776202393e+02 5.9791302490e+02 5.9804400635e+02 5.9817401123e+02 5.9834197998e+02 5.9843798828e+02 5.9851599121e+02 5.9863702393e+02 5.9881402588e+02 5.9896600342e+02 5.9909698486e+02 5.9923101807e+02 5.9938500977e+02 5.9952099609e+02 5.9966601563e+02 5.9983697510e+02 6.0001599121e+02 6.0013702393e+02 6.0028802490e+02 6.0044097900e+02 6.0056097412e+02 6.0071301270e+02 6.0089099121e+02 6.0107702637e+02 6.0121997070e+02 6.0134100342e+02 6.0149597168e+02 6.0166900635e+02 6.0183697510e+02 6.0197998047e+02 6.0208300781e+02 6.0216699219e+02 6.0228100586e+02 6.0245697021e+02 6.0264398193e+02 6.0282299805e+02
5.9669598389e+02 5.9672198486e+02 5.9674798584e+02 5.9683197021e+02 5.9698297119e+02 5.9715399170e+02 5.9729797363e+02 5.9737097168e+02 5.9740100098e+02 5.9743902588e+02 5.9750799561e+02 5.9763000488e+02 5.9778002930e+02 5.9795202637e+02 5.9813800049e+02 5.9821899414e+02 5.9828002930e+02 5.9839099121e+02 5.9857897949e+02 5.9874798584e+02 5.9888299561e+02 5.9901501465e+02 5.9916101074e+02 5.9929498291e+02 5.9944299316e+02 5.9961798096e+02 5.9979498291e+02 5.9988800049e+02 6.0002099609e+02 6.0016699219e+02 6.0028302002e+02 6.0039099121e+02 6.0053302002e+02 6.0071301270e+02 6.0089202881e+02 6.0102600098e+02 6.0118798828e+02 6.0134997559e+02 6.0147998047e+02 6.0161901855e+02 6.0175299072e+02 6.0186999512e+02 6.0198602295e+02 6.0215002441e+02 6.0234301758e+02 6.0252099609e+02
5.9657800293e+02 5.9655999756e+02 5.9656896973e+02 5.9668798828e+02 5.9687902832e+02 5.9709802246e+02 5.9728002930e+02 5.9739599609e+02 5.9739398193e+02 5.9733599854e+02 5.9729199219e+02 5.9737902832e+02 5.9754998779e+02 5.9771801758e+02 5.9783300781e+02 5.9792199707e+02 5.9802600098e+02 5.9816699219e+02 5.9835998535e+02 5.9852301025e+02 5.9868499756e+02 5.9884100342e+02 5.9898999023e+02 5.9911199951e+02 5.9921899414e+02 5.9934197998e+02 5.9948797607e+02 5.9960601807e+02 5.9974499512e+02 5.9989099121e+02 6.0001202393e+02 6.0013702393e+02 6.0025701904e+02 6.0040100098e+02 6.0057202148e+02 6.0073797607e+02 6.0092999268e+02 6.0110900879e+02 6.0122698975e+02 6.0134399414e+02 6.0148101807e+02 6.0161602783e+02 6.0172601318e+02 6.0185198975e+02 6.0200000000e+02 6.0214398193e+02
5.9631597900e+02 5.9632299805e+02 5.9637597656e+02 5.9650201416e+02 5.9667602539e+02 5.9691998291e+02 5.9718798828e+02 5.9737597656e+02 5.9738702393e+02 5.9728002930e+02 5.9714300537e+02 5.9715600586e+02 5.9730798340e+02 5.9746899414e+02 5.9755603027e+02 5.9766497803e+02 5.9779901123e+02 5.9796899414e+02 5.9818298340e+02 5.9835797119e+02 5.9852502441e+02 5.9867602539e+02 5.9881500244e+02 5.9893902588e+02 5.9903100586e+02 5.9912597656e+02 5.9924298096e+02 5.9935699463e+02 5.9947802734e+02 5.9961102295e+02 5.9975000000e+02 5.9989501953e+02 6.0002697754e+02 6.0016699219e+02 6.0031500244e+02 6.0046502686e+02 6.0063500977e+02 6.0079998779e+02 6.0092199707e+02 6.0102801514e+02 6.0115802002e+02 6.0130102539e+02 6.0143402100e+02 6.0154998779e+02 6.0168103027e+02 6.0181701660e+02
5.9603198242e+02 5.9608197021e+02 5.9619598389e+02 5.9631896973e+02 5.9643103027e+02 5.9664801025e+02 5.9696997070e+02 5.9722302246e+02 5.9728601074e+02 5.9720501709e+02 5.9705200195e+02 5.9699102783e+02 5.9708898926e+02 5.9723498535e+02 5.9733697510e+02 5.9745599365e+02 5.9759497070e+02 5.9777197266e+02 5.9800097656e+02 5.9819598389e+02 5.9837097168e+02 5.9851800537e+02 5.9863702393e+02 5.9874902344e+02 5.9884399414e+02 5.9894500732e+02 5.9907098389e+02 5.9917102051e+02 5.9925799561e+02 5.9936798096e+02 5.9951000977e+02 5.9965600586e+02 5.9979498291e+02 5.9994201660e+02 6.0008697510e+02 6.0021502686e+02 6.0035498047e+02 6.0049401855e+02 6.0060797119e+02 6.0069201660e+02 6.0080700684e+02 6.0095501709e+02 6.0110699463e+02 6.0121899414e+02 6.0135101318e+02 6.0149902344e+02
5.9586602783e+02 5.9592901611e+02 5.9602600098e+02 5.9612597656e+02 5.9618402100e+02 5.9633502197e+02 5.9659997559e+02 5.9683697510e+02 5.9696899414e+02 5.9699700928e+02 5.9693798828e+02 5.9687799072e+02 5.9690197754e+02 5.9701501465e+02 5.9714599609e+02 5.9727600098e+02 5.9740197754e+02 5.9756402588e+02 5.9777398682e+02 5.9797100830e+02 5.9816400146e+02 5.9833599854e+02 5.9846899414e+02 5.9856500244e+02 5.9866101074e+02 5.9877398682e+02 5.9890502930e+02 5.9900000000e+02 5.9906201172e+02 5.9914898682e+02 5.9927398682e+02 5.9941198730e+02 5.9953497314e+02 5.9967999268e+02 5.9984100342e+02 5.9998101807e+02 6.0012500000e+02 6.0025000000e+02 6.0034899902e+02 6.0040899658e+02 6.0050201416e+02 6.0064202881e+02 6.0078601074e+02 6.0089801025e+02 6.0103198242e+02 6.0117700195e+02
5.9581500244e+02 5.9585998535e+02 5.9589697266e+02 5.9598297119e+02 5.9603997803e+02 5.9612402344e+02 5.9625799561e+02 5.9642199707e+02 5.9658300781e+02 5.9670397949e+02 5.9677899170e+02 5.9675799561e+02 5.9675897217e+02 5.9684600830e+02 5.9696301270e+02 5.9706298828e+02 5.9718103027e+02 5.9734899902e+02 5.9757202148e+02 5.9775201416e+02 5.9793597412e+02 5.9811901855e+02 5.9827801514e+02 5.9839398193e+02 5.9851000977e+02 5.9863098145e+02 5.9874102783e+02 5.9880999756e+02 5.9885998535e+02 5.9893103027e+02 5.9903900146e+02 5.9916497803e+02 5.9927697754e+02 5.9939697266e+02 5.9952899170e+02 5.9967401123e+02 5.9982299805e+02 5.9995697021e+02 6.0006896973e+02 6.0015002441e+02 6.0022802734e+02 6.0033898926e+02 6.0046398926e+02 6.0060198975e+02 6.0074597168e+02 6.0088598633e+02
5.9570800781e+02 5.9575598145e+02 5.9578997803e+02 5.9586901855e+02 5.9592999268e+02 5.9599499512e+02 5.9606597900e+02 5.9620599365e+02 5.9636499023e+02 5.9650201416e+02 5.9660998535e+02 5.9664202881e+02 5.9666101074e+02 5.9673101807e+02 5.9681896973e+02 5.9689398193e+02 5.9699798584e+02 5.9715899658e+02 5.9737097168e+02 5.9753601074e+02 5.9771600342e+02 5.9791198730e+02 5.9808502197e+02 5.9819702148e+02 5.9831298828e+02 5.9843701172e+02 5.9854797363e+02 5.9861401367e+02 5.9865899658e+02 5.9871899414e+02 5.9880999756e+02 5.9893103027e+02 5.9904400635e+02 5.9914801025e+02 5.9924499512e+02 5.9936499023e+02 5.9951397705e+02 5.9969201660e+02 5.9987500000e+02 5.9998498535e+02 6.0003900146e+02 6.0009399414e+02 6.0016699219e+02 6.0028601074e+02 6.0042199707e+02 6.0055902100e+02
5.9553900146e+02 5.9560797119e+02 5.9568298340e+02 5.9575000000e+02 5.9581097412e+02 5.9588299561e+02 5.9595599365e+02 5.9609497070e+02 5.9623400879e+02 5.9634698486e+02 5.9643798828e+02 5.9651098633e+02 5.9656298828e+02 5.9663098145e+02 5.9670202637e+02 5.9676098633e+02 5.9684301758e+02 5.9697302246e+02 5.9715197754e+02 5.9731701660e+02 5.9749902344e+02 5.9770397949e+02 5.9788299561e+02 5.9798602295e+02 5.9809197998e+02 5.9821301270e+02 5.9833898926e+02 5.9841900635e+02 5.9846398926e+02 5.9852197266e+02 5.9860302734e+02 5.9872302246e+02 5.9883599854e+02 5.9893103027e+02 5.9901202393e+02 5.9910699463e+02 5.9924102783e+02 5.9944500732e+02 5.9968298340e+02 5.9982098389e+02 5.9986297607e+02 5.9988000488e+02 5.9991198730e+02 5.9999200439e+02 6.0010498047e+02 6.0023199463e+02
5.9537799072e+02 5.9546002197e+02 5.9553802490e+02 5.9559899902e+02 5.9565301514e+02 5.9572399902e+02 5.9580200195e+02 5.9590899658e+02 5.9602197266e+02 5.9612597656e+02 5.9621398926e+02 5.9633398438e+02 5.9643103027e+02 5.9651599121e+02 5.9658099365e+02 5.9662298584e+02 5.9667297363e+02 5.9676702881e+02 5.9690899658e+02 5.9708801270e+02 5.9727600098e+02 5.9747198486e+02 5.9764501953e+02 5.9776000977e+02 5.9785900879e+02 5.9796899414e+02 5.9810498047e+02 5.9821099854e+02 5.9827398682e+02 5.9833697510e+02 5.9841900635e+02 5.9853399658e+02 5.9863000488e+02 5.9871398926e+02 5.9878997803e+02 5.9888800049e+02 5.9899798584e+02 5.9916101074e+02 5.9934600830e+02 5.9949200439e+02 5.9956097412e+02 5.9961297607e+02 5.9967999268e+02 5.9976397705e+02 5.9985498047e+02 5.9995397949e+02
5.9525500488e+02 5.9531896973e+02 5.9539801025e+02 5.9545800781e+02 5.9552099609e+02 5.9559399414e+02 5.9567999268e+02 5.9576397705e+02 5.9586901855e+02 5.9597802734e+02 5.9608300781e+02 5.9618902588e+02 5.9630499268e+02 5.9638702393e+02 5.9642498779e+02 5.9644598389e+02 5.9648297119e+02 5.9657098389e+02 5.9671301270e+02 5.9687902832e+02 5.9705700684e+02 5.9722998047e+02 5.9737902832e+02 5.9750598145e+02 5.9761999512e+02 5.9771600342e+02 5.9782897949e+02 5.9794702148e+02 5.9804797363e+02 5.9814099121e+02 5.9823498535e+02 5.9834802246e+02 5.9844500732e+02 5.9852502441e+02 5.9860601807e+02 5.9871002197e+02 5.9881298828e+02 5.9892401123e+02 5.9903900146e+02 5.9913598633e+02 5.9924401855e+02 5.9936798096e+02 5.9948199463e+02 5.9956799316e+02 5.9966101074e+02 5.9976098633e+02
5.9515197754e+02 5.9520501709e+02 5.9528100586e+02 5.9535400391e+02 5.9542297363e+02 5.9549499512e+02 5.9558001709e+02 5.9567901611e+02 5.9579498291e+02 5.9591601563e+02 5.9601898193e+02 5.9611499023e+02 5.9622900391e+02 5.9629498291e+02 5.9628900146e+02 5.9627301025e+02 5.9629901123e+02 5.9638000488e+02 5.9651000977e+02 5.9665802002e+02 5.9683502197e+02 5.9701000977e+02 5.9715301514e+02 5.9728802490e+02 5.9742102051e+02 5.9752197266e+02 5.9759802246e+02 5.9770697021e+02 5.9782202148e+02 5.9794000244e+02 5.9805798340e+02 5.9819000244e+02 5.9830297852e+02 5.9839099121e+02 5.9847497559e+02 5.9858398438e+02 5.9868200684e+02 5.9877001953e+02 5.9885699463e+02 5.9895202637e+02 5.9906896973e+02 5.9921301270e+02 5.9933898926e+02 5.9942700195e+02 5.9952502441e+02 5.9962500000e+02
5.9505798340e+02 5.9509802246e+02 5.9516802979e+02 5.9525299072e+02 5.9532800293e+02 5.9539599609e+02 5.9547497559e+02 5.9557897949e+02 5.9569702148e+02 5.9582299805e+02 5.9593499756e+02 5.9604199219e+02 5.9617401123e+02 5.9624700928e+02 5.9622497559e+02 5.9616900635e+02 5.9616198730e+02 5.9621502686e+02 5.9631701660e+02 5.9643499756e+02 5.9660998535e+02 5.9679797363e+02 5.9694799805e+02 5.9708599854e+02 5.9723797607e+02 5.9735302734e+02 5.9740802002e+02 5.9750201416e+02 5.9761798096e+02 5.9775097656e+02 5.9789300537e+02 5.9804797363e+02 5.9817999268e+02 5.9828601074e+02 5.9837701416e+02 5.9848498535e+02 5.9858300781e+02 5.9867102051e+02 5.9876397705e+02 5.9886700439e+02 5.9897802734e+02 5.9911102295e+02 5.9922698975e+02 5.9932702637e+02 5.9942999268e+02 5.9952301025e+02
