TESTSERVER/4/7.asc
NCOLS 100
NROWS 100
XLLCORNER 7.6997500000e+03
YLLCORNER 2.8960025000e+05
CELLSIZE 5.0000000000e-01
NODATA_VALUE -9.9990000000e+03
[rows 60 to 79 of 100, columns 46 to 91 of 100]
5.9662298584e+02 5.9667999268e+02 5.9672399902e+02 5.9675897217e+02 5.9678997803e+02 5.9680200195e+02 5.9681402588e+02 5.9683398438e+02 5.9686602783e+02 5.9693597412e+02 5.9703002930e+02 5.9715301514e+02 5.9729699707e+02 5.9742999268e+02 5.9756097412e+02 5.9766497803e+02 5.9773602295e+02 5.9779699707e+02 5.9781500244e+02 5.9780798340e+02 5.9779498291e+02 5.9783001709e+02 5.9792199707e+02 5.9803100586e+02 5.9811499023e+02 5.9815100098e+02 5.9816998291e+02 5.9819299316e+02 5.9823199463e+02 5.9827697754e+02 5.9834802246e+02 5.9843200684e+02 5.9853601074e+02 5.9867901611e+02 5.9884497070e+02 5.9896697998e+02 5.9900701904e+02 5.9898498535e+02 5.9900097656e+02 5.9908099365e+02 5.9919598389e+02 5.9931097412e+02 5.9942401123e+02 5.9954400635e+02 5.9965899658e+02 5.9976397705e+02
5.9647399902e+02 5.9654901123e+02 5.9661700439e+02 5.9666400146e+02 5.9669000244e+02 5.9669396973e+02 5.9669897461e+02 5.9671301270e+02 5.9674499512e+02 5.9680798340e+02 5.9690002441e+02 5.9702001953e+02 5.9714898682e+02 5.9728002930e+02 5.9739599609e+02 5.9748699951e+02 5.9755297852e+02 5.9760601807e+02 5.9762799072e+02 5.9763500977e+02 5.9764001465e+02 5.9768597412e+02 5.9777398682e+02 5.9788397217e+02 5.9798797607e+02 5.9803399658e+02 5.9805401611e+02 5.9807000732e+02 5.9809600830e+02 5.9812701416e+02 5.9819201660e+02 5.9829101563e+02 5.9843298340e+02 5.9860900879e+02 5.9875799561e+02 5.9882501221e+02 5.9882299805e+02 5.9881896973e+02 5.9884301758e+02 5.9891497803e+02 5.9902099609e+02 5.9913000488e+02 5.9924499512e+02 5.9936798096e+02 5.9949200439e+02 5.9960498047e+02
5.9634301758e+02 5.9642102051e+02 5.9650598145e+02 5.9656799316e+02 5.9659399414e+02 5.9659197998e+02 5.9659497070e+02 5.9660699463e+02 5.9663702393e+02 5.9669000244e+02 5.9677398682e+02 5.9688201904e+02 5.9700500488e+02 5.9712402344e+02 5.9722698975e+02 5.9731097412e+02 5.9737200928e+02 5.9741302490e+02 5.9743798828e+02 5.9745599365e+02 5.9748400879e+02 5.9753900146e+02 5.9762597656e+02 5.9773602295e+02 5.9784698486e+02 5.9790502930e+02 5.9792901611e+02 5.9794201660e+02 5.9796502686e+02 5.9801098633e+02 5.9808001709e+02 5.9817700195e+02 5.9832202148e+02 5.9850897217e+02 5.9864697266e+02 5.9868499756e+02 5.9865802002e+02 5.9866601563e+02 5.9869702148e+02 5.9877502441e+02 5.9888897705e+02 5.9899798584e+02 5.9911602783e+02 5.9924401855e+02 5.9937200928e+02 5.9948498535e+02
5.9623400879e+02 5.9630499268e+02 5.9639398193e+02 5.9646600342e+02 5.9649798584e+02 5.9650201416e+02 5.9650598145e+02 5.9651397705e+02 5.9654101563e+02 5.9659100342e+02 5.9666400146e+02 5.9675799561e+02 5.9686999512e+02 5.9697302246e+02 5.9706097412e+02 5.9713897705e+02 5.9720098877e+02 5.9723797607e+02 5.9726501465e+02 5.9729302979e+02 5.9733697510e+02 5.9739599609e+02 5.9747900391e+02 5.9758197021e+02 5.9769299316e+02 5.9776300049e+02 5.9779498291e+02 5.9780902100e+02 5.9782800293e+02 5.9789300537e+02 5.9797998047e+02 5.9807897949e+02 5.9821002197e+02 5.9835699463e+02 5.9846697998e+02 5.9850897217e+02 5.9850598145e+02 5.9852398682e+02 5.9855700684e+02 5.9864501953e+02 5.9878497314e+02 5.9890100098e+02 5.9902197266e+02 5.9915600586e+02 5.9928802490e+02 5.9939300537e+02
5.9614398193e+02 5.9620599365e+02 5.9628497314e+02 5.9635797119e+02 5.9640301514e+02 5.9642401123e+02 5.9643200684e+02 5.9643798828e+02 5.9645599365e+02 5.9651599121e+02 5.9658502197e+02 5.9666400146e+02 5.9675201416e+02 5.9682598877e+02 5.9690301514e+02 5.9698101807e+02 5.9704998779e+02 5.9709002686e+02 5.9713000488e+02 5.9717102051e+02 5.9722399902e+02 5.9726397705e+02 5.9733697510e+02 5.9742498779e+02 5.9752600098e+02 5.9760797119e+02 5.9765197754e+02 5.9767901611e+02 5.9769598389e+02 5.9774499512e+02 5.9783502197e+02 5.9793902588e+02 5.9805499268e+02 5.9816998291e+02 5.9823797607e+02 5.9829302979e+02 5.9835699463e+02 5.9839898682e+02 5.9843701172e+02 5.9852600098e+02 5.9867797852e+02 5.9879998779e+02 5.9892700195e+02 5.9907202148e+02 5.9921398926e+02 5.9930499268e+02
5.9604101563e+02 5.9610498047e+02 5.9618798828e+02 5.9627001953e+02 5.9632397461e+02 5.9636102295e+02 5.9637902832e+02 5.9639099121e+02 5.9641101074e+02 5.9646301270e+02 5.9652099609e+02 5.9657800293e+02 5.9662799072e+02 5.9668597412e+02 5.9675598145e+02 5.9683197021e+02 5.9690399170e+02 5.9696197510e+02 5.9701397705e+02 5.9706097412e+02 5.9709802246e+02 5.9713500977e+02 5.9720202637e+02 5.9728399658e+02 5.9737597656e+02 5.9744500732e+02 5.9749902344e+02 5.9753997803e+02 5.9756799316e+02 5.9761901855e+02 5.9769702148e+02 5.9778900146e+02 5.9788299561e+02 5.9797302246e+02 5.9804199219e+02 5.9809997559e+02 5.9817700195e+02 5.9825598145e+02 5.9832397461e+02 5.9841802979e+02 5.9854699707e+02 5.9865100098e+02 5.9878002930e+02 5.9893298340e+02 5.9908599854e+02 5.9919299316e+02
5.9595098877e+02 5.9600500488e+02 5.9608398438e+02 5.9616900635e+02 5.9623199463e+02 5.9628399658e+02 5.9631799316e+02 5.9634197998e+02 5.9636700439e+02 5.9640997314e+02 5.9645202637e+02 5.9648797607e+02 5.9651397705e+02 5.9655902100e+02 5.9661798096e+02 5.9668701172e+02 5.9676300049e+02 5.9683197021e+02 5.9688800049e+02 5.9693597412e+02 5.9697302246e+02 5.9700598145e+02 5.9706597900e+02 5.9714398193e+02 5.9722698975e+02 5.9729602051e+02 5.9735601807e+02 5.9740301514e+02 5.9743597412e+02 5.9747802734e+02 5.9754498291e+02 5.9762597656e+02 5.9771099854e+02 5.9781201172e+02 5.9789202881e+02 5.9795599365e+02 5.9803100586e+02 5.9813201904e+02 5.9823400879e+02 5.9833398438e+02 5.9842498779e+02 5.9850201416e+02 5.9861999512e+02 5.9876702881e+02 5.9892602539e+02 5.9903900146e+02
5.9587298584e+02 5.9591302490e+02 5.9597900391e+02 5.9605798340e+02 5.9612701416e+02 5.9618701172e+02 5.9623400879e+02 5.9627197266e+02 5.9630798340e+02 5.9635101318e+02 5.9638397217e+02 5.9640502930e+02 5.9641302490e+02 5.9644500732e+02 5.9649499512e+02 5.9655499268e+02 5.9662902832e+02 5.9670501709e+02 5.9676397705e+02 5.9681298828e+02 5.9684997559e+02 5.9687902832e+02 5.9693298340e+02 5.9700402832e+02 5.9708300781e+02 5.9715399170e+02 5.9721600342e+02 5.9726702881e+02 5.9729400635e+02 5.9732000732e+02 5.9737902832e+02 5.9745300293e+02 5.9753997803e+02 5.9766601563e+02 5.9775799561e+02 5.9782299805e+02 5.9790002441e+02 5.9801898193e+02 5.9814501953e+02 5.9825201416e+02 5.9831701660e+02 5.9837402344e+02 5.9847601318e+02 5.9860797119e+02 5.9875402832e+02 5.9886602783e+02
5.9583697510e+02 5.9584802246e+02 5.9588897705e+02 5.9595098877e+02 5.9602001953e+02 5.9606298828e+02 5.9611602783e+02 5.9617199707e+02 5.9622998047e+02 5.9628002930e+02 5.9631201172e+02 5.9632702637e+02 5.9633300781e+02 5.9633599854e+02 5.9637402344e+02 5.9643200684e+02 5.9649597168e+02 5.9657702637e+02 5.9663897705e+02 5.9668902588e+02 5.9671801758e+02 5.9674798584e+02 5.9679302979e+02 5.9685400391e+02 5.9692102051e+02 5.9701098633e+02 5.9707299805e+02 5.9712298584e+02 5.9713299561e+02 5.9715802002e+02 5.9721099854e+02 5.9728399658e+02 5.9737298584e+02 5.9750299072e+02 5.9760101318e+02 5.9767401123e+02 5.9776800537e+02 5.9789898682e+02 5.9803399658e+02 5.9814697266e+02 5.9822900391e+02 5.9828900146e+02 5.9837701416e+02 5.9848498535e+02 5.9860900879e+02 5.9871197510e+02
5.9572399902e+02 5.9578900146e+02 5.9582501221e+02 5.9586499023e+02 5.9591101074e+02 5.9595001221e+02 5.9600402832e+02 5.9606500244e+02 5.9613201904e+02 5.9618402100e+02 5.9621697998e+02 5.9623797607e+02 5.9625097656e+02 5.9625598145e+02 5.9629101563e+02 5.9635198975e+02 5.9641699219e+02 5.9648101807e+02 5.9654101563e+02 5.9658599854e+02 5.9661602783e+02 5.9663897705e+02 5.9667498779e+02 5.9672698975e+02 5.9679400635e+02 5.9685900879e+02 5.9691601563e+02 5.9696398926e+02 5.9698498535e+02 5.9700402832e+02 5.9705798340e+02 5.9713098145e+02 5.9722601318e+02 5.9734301758e+02 5.9745202637e+02 5.9755499268e+02 5.9766601563e+02 5.9780603027e+02 5.9794500732e+02 5.9806701660e+02 5.9815698242e+02 5.9823101807e+02 5.9831799316e+02 5.9841802979e+02 5.9852899170e+02 5.9864001465e+02
5.9550598145e+02 5.9561700439e+02 5.9567602539e+02 5.9571697998e+02 5.9575598145e+02 5.9582800293e+02 5.9589599609e+02 5.9596197510e+02 5.9602697754e+02 5.9607000732e+02 5.9610699463e+02 5.9614300537e+02 5.9617700195e+02 5.9620202637e+02 5.9624401855e+02 5.9630297852e+02 5.9636297607e+02 5.9642102051e+02 5.9647601318e+02 5.9651599121e+02 5.9653900146e+02 5.9656201172e+02 5.9659399414e+02 5.9663702393e+02 5.9669000244e+02 5.9674200439e+02 5.9678900146e+02 5.9683197021e+02 5.9685601807e+02 5.9688000488e+02 5.9693798828e+02 5.9701501465e+02 5.9711499023e+02 5.9722900391e+02 5.9734197998e+02 5.9745098877e+02 5.9756500244e+02 5.9770898438e+02 5.9785198975e+02 5.9797802734e+02 5.9806799316e+02 5.9814398193e+02 5.9823297119e+02 5.9833001709e+02 5.9844000244e+02 5.9855798340e+02
5.9523498535e+02 5.9536102295e+02 5.9543798828e+02 5.9548297119e+02 5.9552600098e+02 5.9564801025e+02 5.9575097656e+02 5.9583697510e+02 5.9590399170e+02 5.9594299316e+02 5.9598999023e+02 5.9604602051e+02 5.9610699463e+02 5.9615502930e+02 5.9620800781e+02 5.9626898193e+02 5.9632098389e+02 5.9637500000e+02 5.9642797852e+02 5.9646502686e+02 5.9648297119e+02 5.9650701904e+02 5.9653601074e+02 5.9657000732e+02 5.9660998535e+02 5.9665100098e+02 5.9668902588e+02 5.9672698975e+02 5.9675500488e+02 5.9679602051e+02 5.9685900879e+02 5.9693798828e+02 5.9703900146e+02 5.9715002441e+02 5.9725402832e+02 5.9735302734e+02 5.9745397949e+02 5.9759698486e+02 5.9773901367e+02 5.9786199951e+02 5.9794897461e+02 5.9802801514e+02 5.9811901855e+02 5.9821801758e+02 5.9832598877e+02 5.9844598389e+02
5.9499298096e+02 5.9509698486e+02 5.9516198730e+02 5.9520001221e+02 5.9522698975e+02 5.9539599609e+02 5.9554602051e+02 5.9567199707e+02 5.9578198242e+02 5.9582202148e+02 5.9588000488e+02 5.9595697021e+02 5.9604901123e+02 5.9610400391e+02 5.9616198730e+02 5.9621697998e+02 5.9624597168e+02 5.9631701660e+02 5.9637902832e+02 5.9641699219e+02 5.9642797852e+02 5.9646301270e+02 5.9649102783e+02 5.9651702881e+02 5.9654797363e+02 5.9658300781e+02 5.9660998535e+02 5.9664202881e+02 5.9667498779e+02 5.9674200439e+02 5.9681500244e+02 5.9689599609e+02 5.9698699951e+02 5.9707800293e+02 5.9716497803e+02 5.9724700928e+02 5.9733300781e+02 5.9745697021e+02 5.9757897949e+02 5.9769097900e+02 5.9775897217e+02 5.9785900879e+02 5.9795697021e+02 5.9805603027e+02 5.9815502930e+02 5.9828601074e+02
5.9488098145e+02 5.9495300293e+02 5.9499902344e+02 5.9502801514e+02 5.9507202148e+02 5.9517602539e+02 5.9529699707e+02 5.9543597412e+02 5.9558599854e+02 5.9568499756e+02 5.9577197266e+02 5.9586499023e+02 5.9596899414e+02 5.9607202148e+02 5.9614398193e+02 5.9619598389e+02 5.9622198486e+02 5.9628997803e+02 5.9635601807e+02 5.9637402344e+02 5.9636999512e+02 5.9642199707e+02 5.9645202637e+02 5.9647998047e+02 5.9651599121e+02 5.9654400635e+02 5.9658300781e+02 5.9663897705e+02 5.9669500732e+02 5.9673999023e+02 5.9678997803e+02 5.9685601807e+02 5.9692401123e+02 5.9699200439e+02 5.9706298828e+02 5.9713598633e+02 5.9721002197e+02 5.9730499268e+02 5.9740399170e+02 5.9750201416e+02 5.9759802246e+02 5.9769000244e+02 5.9778497314e+02 5.9788201904e+02 5.9798699951e+02 5.9809399414e+02
5.9480798340e+02 5.9487799072e+02 5.9491198730e+02 5.9492700195e+02 5.9495098877e+02 5.9500500488e+02 5.9508502197e+02 5.9519799805e+02 5.9534802246e+02 5.9546801758e+02 5.9556701660e+02 5.9566699219e+02 5.9578802490e+02 5.9593597412e+02 5.9604901123e+02 5.9615002441e+02 5.9622698975e+02 5.9630200195e+02 5.9634497070e+02 5.9632598877e+02 5.9628997803e+02 5.9633898926e+02 5.9636999512e+02 5.9640197754e+02 5.9644897461e+02 5.9650000000e+02 5.9657897949e+02 5.9667297363e+02 5.9673199463e+02 5.9673901367e+02 5.9676000977e+02 5.9680297852e+02 5.9685699463e+02 5.9690899658e+02 5.9696600342e+02 5.9702600098e+02 5.9709100342e+02 5.9717297363e+02 5.9726000977e+02 5.9734600830e+02 5.9744097900e+02 5.9753900146e+02 5.9763098145e+02 5.9772497559e+02 5.9782098389e+02 5.9791802979e+02
5.9475799561e+02 5.9484002686e+02 5.9487298584e+02 5.9487402344e+02 5.9487701416e+02 5.9491497803e+02 5.9496502686e+02 5.9503802490e+02 5.9513702393e+02 5.9523699951e+02 5.9532397461e+02 5.9541101074e+02 5.9552301025e+02 5.9566998291e+02 5.9581201172e+02 5.9597802734e+02 5.9615600586e+02 5.9624499512e+02 5.9627600098e+02 5.9624200439e+02 5.9619598389e+02 5.9623602295e+02 5.9626702881e+02 5.9630297852e+02 5.9635900879e+02 5.9644500732e+02 5.9655603027e+02 5.9667102051e+02 5.9672497559e+02 5.9670001221e+02 5.9669799805e+02 5.9672698975e+02 5.9677899170e+02 5.9682702637e+02 5.9687298584e+02 5.9692297363e+02 5.9698101807e+02 5.9705401611e+02 5.9712799072e+02 5.9720300293e+02 5.9729302979e+02 5.9739099121e+02 5.9747998047e+02 5.9757000732e+02 5.9766198730e+02 5.9775097656e+02
5.9470898438e+02 5.9480999756e+02 5.9485198975e+02 5.9484197998e+02 5.9482000732e+02 5.9490100098e+02 5.9495300293e+02 5.9498400879e+02 5.9501800537e+02 5.9507897949e+02 5.9514001465e+02 5.9519500732e+02 5.9524700928e+02 5.9535797119e+02 5.9548602295e+02 5.9566998291e+02 5.9587298584e+02 5.9600201416e+02 5.9607897949e+02 5.9611102295e+02 5.9612799072e+02 5.9615002441e+02 5.9617999268e+02 5.9620697021e+02 5.9623797607e+02 5.9634997559e+02 5.9646997070e+02 5.9657598877e+02 5.9660900879e+02 5.9659197998e+02 5.9658898926e+02 5.9662597656e+02 5.9670501709e+02 5.9675000000e+02 5.9678997803e+02 5.9683001709e+02 5.9688397217e+02 5.9694299316e+02 5.9700000000e+02 5.9705999756e+02 5.9711999512e+02 5.9723901367e+02 5.9732397461e+02 5.9741101074e+02 5.9749298096e+02 5.9758197021e+02
5.9464099121e+02 5.9475299072e+02 5.9480902100e+02 5.9481298828e+02 5.9481201172e+02 5.9491998291e+02 5.9496398926e+02 5.9496301270e+02 5.9497100830e+02 5.9503802490e+02 5.9508697510e+02 5.9511401367e+02 5.9514501953e+02 5.9519500732e+02 5.9523999023e+02 5.9530902100e+02 5.9542901611e+02 5.9557000732e+02 5.9574597168e+02 5.9590002441e+02 5.9598797607e+02 5.9604199219e+02 5.9608599854e+02 5.9610101318e+02 5.9609399414e+02 5.9614801025e+02 5.9624298096e+02 5.9634002686e+02 5.9639202881e+02 5.9640997314e+02 5.9646301270e+02 5.9654498291e+02 5.9662701416e+02 5.9667102051e+02 5.9671301270e+02 5.9675097656e+02 5.9679699707e+02 5.9685101318e+02 5.9690399170e+02 5.9696002197e+02 5.9702600098e+02 5.9711102295e+02 5.9718902588e+02 5.9727001953e+02 5.9734997559e+02 5.9741998291e+02
5.9449499512e+02 5.9459997559e+02 5.9467700195e+02 5.9472302246e+02 5.9477099609e+02 5.9488702393e+02 5.9490399170e+02 5.9488397217e+02 5.9491101074e+02 5.9499597168e+02 5.9503698730e+02 5.9505798340e+02 5.9508099365e+02 5.9510198975e+02 5.9510797119e+02 5.9511798096e+02 5.9516601563e+02 5.9526800537e+02 5.9542199707e+02 5.9558801270e+02 5.9573297119e+02 5.9581402588e+02 5.9589099121e+02 5.9594000244e+02 5.9595300293e+02 5.9597698975e+02 5.9603698730e+02 5.9610900879e+02 5.9617199707e+02 5.9625299072e+02 5.9635797119e+02 5.9646697998e+02 5.9654101563e+02 5.9657800293e+02 5.9662200928e+02 5.9666400146e+02 5.9671099854e+02 5.9676702881e+02 5.9682702637e+02 5.9688800049e+02 5.9694396973e+02 5.9700701904e+02 5.9707800293e+02 5.9715100098e+02 5.9722198486e+02 5.9728698730e+02
5.9428698730e+02 5.9438397217e+02 5.9447399902e+02 5.9455902100e+02 5.9465197754e+02 5.9475500488e+02 5.9476300049e+02 5.9475097656e+02 5.9481097412e+02 5.9488702393e+02 5.9492199707e+02 5.9495599365e+02 5.9500897217e+02 5.9504400635e+02 5.9505603027e+02 5.9505700684e+02 5.9508898926e+02 5.9515502930e+02 5.9522302246e+02 5.9532397461e+02 5.9546301270e+02 5.9554699707e+02 5.9563897705e+02 5.9571899414e+02 5.9578302002e+02 5.9584399414e+02 5.9590301514e+02 5.9595397949e+02 5.9600299072e+02 5.9613098145e+02 5.9626397705e+02 5.9637402344e+02 5.9643298340e+02 5.9647198486e+02 5.9652099609e+02 5.9657000732e+02 5.9661999512e+02 5.9668200684e+02 5.9675000000e+02 5.9681896973e+02 5.9686999512e+02 5.9691699219e+02 5.9698101807e+02 5.9704602051e+02 5.9710900879e+02 5.9717102051e+02
