TESTSERVER/4/8.asc
NCOLS 100
NROWS 100
XLLCORNER 7.6997500000e+03
YLLCORNER 2.8955025000e+05
CELLSIZE 5.0000000000e-01
NODATA_VALUE -9.9990000000e+03
[rows 80 to 99 of 100, columns 46 to 91 of 100]
5.9159197998e+02 5.9164599609e+02 5.9168499756e+02 5.9172497559e+02 5.9177099609e+02 5.9183801270e+02 5.9191802979e+02 5.9198199463e+02 5.9201702881e+02 5.9205499268e+02 5.9210797119e+02 5.9217602539e+02 5.9223498535e+02 5.9228497314e+02 5.9233001709e+02 5.9235400391e+02 5.9237597656e+02 5.9244897461e+02 5.9252301025e+02 5.9259899902e+02 5.9268902588e+02 5.9275701904e+02 5.9283398438e+02 5.9288299561e+02 5.9285998535e+02 5.9282000732e+02 5.9282702637e+02 5.9286999512e+02 5.9294799805e+02 5.9312701416e+02 5.9332098389e+02 5.9346997070e+02 5.9350500488e+02 5.9339300537e+02 5.9337298584e+02 5.9344201660e+02 5.9347198486e+02 5.9341198730e+02 5.9344097900e+02 5.9351202393e+02 5.9365197754e+02 5.9376898193e+02 5.9385797119e+02 5.9391302490e+02 5.9393499756e+02 5.9392297363e+02
5.9159698486e+02 5.9164599609e+02 5.9166900635e+02 5.9169702148e+02 5.9175799561e+02 5.9183898926e+02 5.9192297363e+02 5.9198602295e+02 5.9203198242e+02 5.9208099365e+02 5.9213500977e+02 5.9219299316e+02 5.9223901367e+02 5.9228198242e+02 5.9233898926e+02 5.9238897705e+02 5.9242401123e+02 5.9248602295e+02 5.9254901123e+02 5.9263000488e+02 5.9272302246e+02 5.9278698730e+02 5.9283197021e+02 5.9283599854e+02 5.9277301025e+02 5.9272998047e+02 5.9275000000e+02 5.9283801270e+02 5.9299798584e+02 5.9320397949e+02 5.9339898682e+02 5.9355603027e+02 5.9360998535e+02 5.9350500488e+02 5.9340301514e+02 5.9340502930e+02 5.9344598389e+02 5.9343902588e+02 5.9350201416e+02 5.9361999512e+02 5.9380297852e+02 5.9388702393e+02 5.9389202881e+02 5.9389697266e+02 5.9390600586e+02 5.9390502930e+02
5.9158898926e+02 5.9163897705e+02 5.9165997314e+02 5.9168798828e+02 5.9176202393e+02 5.9185498047e+02 5.9192999268e+02 5.9198498535e+02 5.9203601074e+02 5.9209399414e+02 5.9215100098e+02 5.9220098877e+02 5.9223999023e+02 5.9228497314e+02 5.9234899902e+02 5.9241198730e+02 5.9245697021e+02 5.9250201416e+02 5.9256402588e+02 5.9265600586e+02 5.9274700928e+02 5.9277398682e+02 5.9276300049e+02 5.9273901367e+02 5.9269396973e+02 5.9269396973e+02 5.9274499512e+02 5.9286297607e+02 5.9305102539e+02 5.9325500488e+02 5.9343499756e+02 5.9358300781e+02 5.9364099121e+02 5.9352197266e+02 5.9334899902e+02 5.9329797363e+02 5.9338897705e+02 5.9348199463e+02 5.9357598877e+02 5.9369897461e+02 5.9387902832e+02 5.9394702148e+02 5.9390502930e+02 5.9387597656e+02 5.9388897705e+02 5.9393902588e+02
5.9158502197e+02 5.9164599609e+02 5.9167999268e+02 5.9171600342e+02 5.9178900146e+02 5.9187200928e+02 5.9193200684e+02 5.9197399902e+02 5.9202600098e+02 5.9209399414e+02 5.9215802002e+02 5.9221301270e+02 5.9225500488e+02 5.9229901123e+02 5.9236199951e+02 5.9242797852e+02 5.9247601318e+02 5.9251599121e+02 5.9258898926e+02 5.9268103027e+02 5.9274102783e+02 5.9272497559e+02 5.9268499756e+02 5.9266497803e+02 5.9266302490e+02 5.9270501709e+02 5.9276800537e+02 5.9287597656e+02 5.9304901123e+02 5.9323999023e+02 5.9341998291e+02 5.9355401611e+02 5.9359100342e+02 5.9347900391e+02 5.9330401611e+02 5.9324401855e+02 5.9335302734e+02 5.9349298096e+02 5.9360699463e+02 5.9372302246e+02 5.9388098145e+02 5.9395001221e+02 5.9390502930e+02 5.9386999512e+02 5.9389801025e+02 5.9400500488e+02
5.9159600830e+02 5.9165301514e+02 5.9170300293e+02 5.9175000000e+02 5.9181097412e+02 5.9187200928e+02 5.9192797852e+02 5.9197100830e+02 5.9201898193e+02 5.9208599854e+02 5.9215399170e+02 5.9222100830e+02 5.9227301025e+02 5.9232897949e+02 5.9238800049e+02 5.9244598389e+02 5.9249200439e+02 5.9253802490e+02 5.9260302734e+02 5.9265600586e+02 5.9265802002e+02 5.9268103027e+02 5.9267999268e+02 5.9267700195e+02 5.9270898438e+02 5.9276898193e+02 5.9282202148e+02 5.9291497803e+02 5.9305902100e+02 5.9321197510e+02 5.9337402344e+02 5.9348400879e+02 5.9349102783e+02 5.9342498779e+02 5.9332501221e+02 5.9329302979e+02 5.9335699463e+02 5.9348101807e+02 5.9360900879e+02 5.9374798584e+02 5.9386499023e+02 5.9391400146e+02 5.9390002441e+02 5.9389099121e+02 5.9394097900e+02 5.9405700684e+02
5.9160900879e+02 5.9166101074e+02 5.9170697021e+02 5.9175500488e+02 5.9180902100e+02 5.9186297607e+02 5.9192297363e+02 5.9197698975e+02 5.9202398682e+02 5.9208001709e+02 5.9214202881e+02 5.9221697998e+02 5.9229901123e+02 5.9236999512e+02 5.9242999268e+02 5.9248297119e+02 5.9253900146e+02 5.9257897949e+02 5.9260400391e+02 5.9262799072e+02 5.9266601563e+02 5.9274298096e+02 5.9279797363e+02 5.9283001709e+02 5.9287500000e+02 5.9289501953e+02 5.9287701416e+02 5.9295098877e+02 5.9310900879e+02 5.9321099854e+02 5.9330700684e+02 5.9339202881e+02 5.9343200684e+02 5.9339599609e+02 5.9335302734e+02 5.9334600830e+02 5.9336700439e+02 5.9344500732e+02 5.9357702637e+02 5.9374102783e+02 5.9383898926e+02 5.9384301758e+02 5.9382202148e+02 5.9386297607e+02 5.9398999023e+02 5.9410498047e+02
5.9163000488e+02 5.9168103027e+02 5.9172399902e+02 5.9176702881e+02 5.9181701660e+02 5.9186401367e+02 5.9191998291e+02 5.9197399902e+02 5.9202697754e+02 5.9208197021e+02 5.9214801025e+02 5.9223901367e+02 5.9233502197e+02 5.9239898682e+02 5.9245300293e+02 5.9250000000e+02 5.9255401611e+02 5.9259100342e+02 5.9262799072e+02 5.9267401123e+02 5.9274401855e+02 5.9284197998e+02 5.9295300293e+02 5.9304400635e+02 5.9307897949e+02 5.9304797363e+02 5.9296002197e+02 5.9296801758e+02 5.9309698486e+02 5.9319201660e+02 5.9326300049e+02 5.9334002686e+02 5.9341101074e+02 5.9338500977e+02 5.9335302734e+02 5.9334399414e+02 5.9335699463e+02 5.9343597412e+02 5.9357800293e+02 5.9372998047e+02 5.9380102539e+02 5.9380102539e+02 5.9380700684e+02 5.9390197754e+02 5.9406402588e+02 5.9417999268e+02
5.9165698242e+02 5.9170800781e+02 5.9174597168e+02 5.9178002930e+02 5.9182897949e+02 5.9187701416e+02 5.9193103027e+02 5.9198699951e+02 5.9204602051e+02 5.9210498047e+02 5.9216802979e+02 5.9226098633e+02 5.9235797119e+02 5.9241101074e+02 5.9245898438e+02 5.9250201416e+02 5.9254199219e+02 5.9259197998e+02 5.9266900635e+02 5.9275000000e+02 5.9283001709e+02 5.9291601563e+02 5.9305499268e+02 5.9318402100e+02 5.9322802734e+02 5.9318103027e+02 5.9306097412e+02 5.9300500488e+02 5.9306402588e+02 5.9315698242e+02 5.9322302246e+02 5.9328802490e+02 5.9336999512e+02 5.9336102295e+02 5.9333599854e+02 5.9333599854e+02 5.9336700439e+02 5.9344702148e+02 5.9359197998e+02 5.9371899414e+02 5.9376898193e+02 5.9379101563e+02 5.9383599854e+02 5.9396099854e+02 5.9410998535e+02 5.9421600342e+02
5.9167199707e+02 5.9171801758e+02 5.9174902344e+02 5.9178002930e+02 5.9182098389e+02 5.9189300537e+02 5.9195898438e+02 5.9202502441e+02 5.9209301758e+02 5.9214801025e+02 5.9219702148e+02 5.9226000977e+02 5.9232397461e+02 5.9239398193e+02 5.9244500732e+02 5.9249401855e+02 5.9253900146e+02 5.9261102295e+02 5.9270898438e+02 5.9279602051e+02 5.9285302734e+02 5.9294097900e+02 5.9308697510e+02 5.9321997070e+02 5.9324597168e+02 5.9318902588e+02 5.9309399414e+02 5.9303698730e+02 5.9306402588e+02 5.9314202881e+02 5.9319000244e+02 5.9323199463e+02 5.9329302979e+02 5.9333801270e+02 5.9335302734e+02 5.9337597656e+02 5.9341400146e+02 5.9346697998e+02 5.9358801270e+02 5.9369396973e+02 5.9375799561e+02 5.9379901123e+02 5.9384698486e+02 5.9396197510e+02 5.9408697510e+02 5.9415997314e+02
5.9167401123e+02 5.9171801758e+02 5.9175500488e+02 5.9178900146e+02 5.9184197998e+02 5.9191302490e+02 5.9198101807e+02 5.9204602051e+02 5.9209197998e+02 5.9213098145e+02 5.9217498779e+02 5.9222399902e+02 5.9228497314e+02 5.9235998535e+02 5.9243200684e+02 5.9250201416e+02 5.9256896973e+02 5.9265002441e+02 5.9272998047e+02 5.9279901123e+02 5.9284600830e+02 5.9293798828e+02 5.9311798096e+02 5.9323797607e+02 5.9319396973e+02 5.9308599854e+02 5.9302398682e+02 5.9301599121e+02 5.9305401611e+02 5.9311602783e+02 5.9316699219e+02 5.9321801758e+02 5.9328399658e+02 5.9333099365e+02 5.9335101318e+02 5.9338098145e+02 5.9342199707e+02 5.9349597168e+02 5.9362200928e+02 5.9371002197e+02 5.9376098633e+02 5.9382202148e+02 5.9386401367e+02 5.9394897461e+02 5.9405603027e+02 5.9411700439e+02
5.9168298340e+02 5.9172601318e+02 5.9177001953e+02 5.9181402588e+02 5.9186700439e+02 5.9192901611e+02 5.9199102783e+02 5.9204998779e+02 5.9208801270e+02 5.9211901855e+02 5.9215600586e+02 5.9220001221e+02 5.9225897217e+02 5.9234600830e+02 5.9242999268e+02 5.9251397705e+02 5.9259600830e+02 5.9267602539e+02 5.9274298096e+02 5.9279998779e+02 5.9284497070e+02 5.9294500732e+02 5.9311102295e+02 5.9319000244e+02 5.9310601807e+02 5.9299298096e+02 5.9297100830e+02 5.9300799561e+02 5.9305102539e+02 5.9309600830e+02 5.9315698242e+02 5.9321899414e+02 5.9327600098e+02 5.9330102539e+02 5.9333001709e+02 5.9339599609e+02 5.9347601318e+02 5.9356097412e+02 5.9366101074e+02 5.9372198486e+02 5.9376098633e+02 5.9384197998e+02 5.9389398193e+02 5.9394702148e+02 5.9399298096e+02 5.9401397705e+02
5.9169799805e+02 5.9174102783e+02 5.9179101563e+02 5.9184197998e+02 5.9189001465e+02 5.9194097900e+02 5.9199798584e+02 5.9205200195e+02 5.9209301758e+02 5.9212902832e+02 5.9215997314e+02 5.9220001221e+02 5.9225500488e+02 5.9234600830e+02 5.9243701172e+02 5.9252697754e+02 5.9261798096e+02 5.9269097900e+02 5.9274597168e+02 5.9279498291e+02 5.9284497070e+02 5.9294500732e+02 5.9306201172e+02 5.9309100342e+02 5.9301397705e+02 5.9293798828e+02 5.9295599365e+02 5.9303399658e+02 5.9307800293e+02 5.9310601807e+02 5.9317901611e+02 5.9325299072e+02 5.9330603027e+02 5.9332299805e+02 5.9337200928e+02 5.9347302246e+02 5.9355902100e+02 5.9361102295e+02 5.9366699219e+02 5.9370599365e+02 5.9376098633e+02 5.9385498047e+02 5.9390502930e+02 5.9392297363e+02 5.9390301514e+02 5.9390197754e+02
5.9172601318e+02 5.9176397705e+02 5.9181799316e+02 5.9187097168e+02 5.9190502930e+02 5.9195501709e+02 5.9201000977e+02 5.9206402588e+02 5.9210900879e+02 5.9215399170e+02 5.9219201660e+02 5.9223101807e+02 5.9228601074e+02 5.9236199951e+02 5.9245202637e+02 5.9254302979e+02 5.9264398193e+02 5.9271301270e+02 5.9275500488e+02 5.9279400635e+02 5.9285498047e+02 5.9292498779e+02 5.9299499512e+02 5.9299902344e+02 5.9295001221e+02 5.9293103027e+02 5.9298199463e+02 5.9307000732e+02 5.9309899902e+02 5.9312701416e+02 5.9320098877e+02 5.9328698730e+02 5.9334399414e+02 5.9338800049e+02 5.9345898438e+02 5.9354998779e+02 5.9360498047e+02 5.9363098145e+02 5.9366601563e+02 5.9369799805e+02 5.9376000977e+02 5.9382598877e+02 5.9384399414e+02 5.9383398438e+02 5.9381201172e+02 5.9384802246e+02
5.9176000977e+02 5.9180902100e+02 5.9185498047e+02 5.9188397217e+02 5.9190600586e+02 5.9197100830e+02 5.9203698730e+02 5.9210400391e+02 5.9215399170e+02 5.9220001221e+02 5.9224700928e+02 5.9228900146e+02 5.9232702637e+02 5.9238800049e+02 5.9246899414e+02 5.9255700684e+02 5.9265502930e+02 5.9271197510e+02 5.9272802734e+02 5.9275500488e+02 5.9283300781e+02 5.9289300537e+02 5.9294702148e+02 5.9295202637e+02 5.9292401123e+02 5.9294396973e+02 5.9300799561e+02 5.9308300781e+02 5.9310400391e+02 5.9313098145e+02 5.9320599365e+02 5.9330102539e+02 5.9336199951e+02 5.9341400146e+02 5.9350000000e+02 5.9358300781e+02 5.9364202881e+02 5.9368402100e+02 5.9371301270e+02 5.9372100830e+02 5.9373400879e+02 5.9375000000e+02 5.9374902344e+02 5.9375598145e+02 5.9376202393e+02 5.9379302979e+02
5.9180297852e+02 5.9185101318e+02 5.9188500977e+02 5.9190197754e+02 5.9192700195e+02 5.9200201416e+02 5.9207202148e+02 5.9214398193e+02 5.9220397949e+02 5.9225500488e+02 5.9229998779e+02 5.9233599854e+02 5.9236102295e+02 5.9240899658e+02 5.9248297119e+02 5.9257000732e+02 5.9266699219e+02 5.9270098877e+02 5.9268597412e+02 5.9269097900e+02 5.9277001953e+02 5.9283599854e+02 5.9289898682e+02 5.9292901611e+02 5.9292602539e+02 5.9294897461e+02 5.9300500488e+02 5.9307299805e+02 5.9311297607e+02 5.9315600586e+02 5.9322698975e+02 5.9331298828e+02 5.9337200928e+02 5.9342700195e+02 5.9350897217e+02 5.9358898926e+02 5.9365002441e+02 5.9367700195e+02 5.9367700195e+02 5.9366198730e+02 5.9366400146e+02 5.9367602539e+02 5.9367999268e+02 5.9369897461e+02 5.9371600342e+02 5.9375299072e+02
5.9182897949e+02 5.9186401367e+02 5.9189697266e+02 5.9192999268e+02 5.9197601318e+02 5.9204797363e+02 5.9211901855e+02 5.9218902588e+02 5.9225299072e+02 5.9230401611e+02 5.9234002686e+02 5.9236499023e+02 5.9238000488e+02 5.9242297363e+02 5.9249298096e+02 5.9258099365e+02 5.9268798828e+02 5.9272302246e+02 5.9268499756e+02 5.9266497803e+02 5.9272198486e+02 5.9278997803e+02 5.9285998535e+02 5.9291302490e+02 5.9293597412e+02 5.9296801758e+02 5.9302001953e+02 5.9308197021e+02 5.9314300537e+02 5.9318499756e+02 5.9323901367e+02 5.9330902100e+02 5.9337097168e+02 5.9342602539e+02 5.9349200439e+02 5.9355798340e+02 5.9360601807e+02 5.9359399414e+02 5.9356896973e+02 5.9355999756e+02 5.9358300781e+02 5.9360797119e+02 5.9361999512e+02 5.9365100098e+02 5.9370300293e+02 5.9375598145e+02
5.9178997803e+02 5.9183300781e+02 5.9188598633e+02 5.9196801758e+02 5.9205999756e+02 5.9211499023e+02 5.9217797852e+02 5.9223602295e+02 5.9228198242e+02 5.9233398438e+02 5.9235400391e+02 5.9236602783e+02 5.9237402344e+02 5.9241601563e+02 5.9248699951e+02 5.9258099365e+02 5.9269702148e+02 5.9274902344e+02 5.9273400879e+02 5.9272302246e+02 5.9277801514e+02 5.9281097412e+02 5.9285998535e+02 5.9290802002e+02 5.9293902588e+02 5.9301000977e+02 5.9308197021e+02 5.9313299561e+02 5.9318597412e+02 5.9320697021e+02 5.9322100830e+02 5.9327801514e+02 5.9335601807e+02 5.9339398193e+02 5.9343902588e+02 5.9347900391e+02 5.9350500488e+02 5.9348797607e+02 5.9347998047e+02 5.9349597168e+02 5.9352398682e+02 5.9355499268e+02 5.9358599854e+02 5.9363702393e+02 5.9370697021e+02 5.9374902344e+02
5.9175201416e+02 5.9183197021e+02 5.9193597412e+02 5.9204498291e+02 5.9213098145e+02 5.9219299316e+02 5.9225402832e+02 5.9230700684e+02 5.9234698486e+02 5.9238000488e+02 5.9238500977e+02 5.9237902832e+02 5.9237298584e+02 5.9240301514e+02 5.9248699951e+02 5.9259802246e+02 5.9270800781e+02 5.9276800537e+02 5.9280999756e+02 5.9284802246e+02 5.9288897705e+02 5.9291198730e+02 5.9292498779e+02 5.9293200684e+02 5.9294702148e+02 5.9301501465e+02 5.9310699463e+02 5.9316802979e+02 5.9321301270e+02 5.9323400879e+02 5.9321997070e+02 5.9325897217e+02 5.9332702637e+02 5.9335601807e+02 5.9338000488e+02 5.9338598633e+02 5.9340899658e+02 5.9341900635e+02 5.9343798828e+02 5.9347198486e+02 5.9351000977e+02 5.9354901123e+02 5.9359399414e+02 5.9365301514e+02 5.9373199463e+02 5.9379199219e+02
5.9178002930e+02 5.9188702393e+02 5.9200500488e+02 5.9211199951e+02 5.9219097900e+02 5.9225799561e+02 5.9231701660e+02 5.9236798096e+02 5.9240899658e+02 5.9243402100e+02 5.9242199707e+02 5.9239300537e+02 5.9235998535e+02 5.9238201904e+02 5.9247998047e+02 5.9260797119e+02 5.9272698975e+02 5.9279302979e+02 5.9284497070e+02 5.9288598633e+02 5.9291998291e+02 5.9295898438e+02 5.9296301270e+02 5.9294097900e+02 5.9292797852e+02 5.9296099854e+02 5.9305401611e+02 5.9313702393e+02 5.9320300293e+02 5.9323101807e+02 5.9322100830e+02 5.9323901367e+02 5.9327099609e+02 5.9329498291e+02 5.9331799316e+02 5.9332397461e+02 5.9334100342e+02 5.9336700439e+02 5.9340802002e+02 5.9345800781e+02 5.9351300049e+02 5.9356201172e+02 5.9362402344e+02 5.9370001221e+02 5.9379101563e+02 5.9384301758e+02
5.9183398438e+02 5.9193597412e+02 5.9205297852e+02 5.9216400146e+02 5.9224401855e+02 5.9230499268e+02 5.9235797119e+02 5.9240698242e+02 5.9245397949e+02 5.9246997070e+02 5.9243798828e+02 5.9238500977e+02 5.9232702637e+02 5.9233898926e+02 5.9244500732e+02 5.9259100342e+02 5.9272601318e+02 5.9280200195e+02 5.9284802246e+02 5.9286798096e+02 5.9288500977e+02 5.9294799805e+02 5.9296697998e+02 5.9293402100e+02 5.9291302490e+02 5.9292401123e+02 5.9299902344e+02 5.9307897949e+02 5.9314099121e+02 5.9316198730e+02 5.9316302490e+02 5.9317901611e+02 5.9320599365e+02 5.9323199463e+02 5.9325799561e+02 5.9327801514e+02 5.9331097412e+02 5.9336297607e+02 5.9341900635e+02 5.9346502686e+02 5.9352600098e+02 5.9359802246e+02 5.9367999268e+02 5.9376702881e+02 5.9385198975e+02 5.9387500000e+02
