TESTSERVER/4/8.asc
NCOLS 100
NROWS 100
XLLCORNER 7.6997500000e+03
YLLCORNER 2.8955025000e+05
CELLSIZE 5.0000000000e-01
NODATA_VALUE -9.9990000000e+03
[rows 40 to 59 of 100, columns 0 to 45 of 100]
5.8956701660e+02 5.8960998535e+02 5.8966101074e+02 5.8968902588e+02 5.8971600342e+02 5.8975299072e+02 5.8979998779e+02 5.8982299805e+02 5.8985498047e+02 5.8990997314e+02 5.8994702148e+02 5.8998199463e+02 5.9001800537e+02 5.9005102539e+02 5.9009002686e+02 5.9012902832e+02 5.9016101074e+02 5.9019799805e+02 5.9024200439e+02 5.9028302002e+02 5.9033300781e+02 5.9038299561e+02 5.9041802979e+02 5.9044799805e+02 5.9048602295e+02 5.9051599121e+02 5.9054998779e+02 5.9058898926e+02 5.9062902832e+02 5.9066802979e+02 5.9070800781e+02 5.9074298096e+02 5.9078302002e+02 5.9082299805e+02 5.9086102295e+02 5.9090399170e+02 5.9094396973e+02 5.9098901367e+02 5.9103698730e+02 5.9108099365e+02 5.9110998535e+02 5.9114099121e+02 5.9117797852e+02 5.9121899414e+02 5.9125897217e+02 5.9129998779e+02
5.8956597900e+02 5.8961102295e+02 5.8966101074e+02 5.8969598389e+02 5.8972302246e+02 5.8975201416e+02 5.8978802490e+02 5.8982098389e+02 5.8985400391e+02 5.8989898682e+02 5.8993103027e+02 5.8997900391e+02 5.9001800537e+02 5.9005401611e+02 5.9008502197e+02 5.9011401367e+02 5.9014398193e+02 5.9017901611e+02 5.9021899414e+02 5.9027197266e+02 5.9033099365e+02 5.9038598633e+02 5.9041998291e+02 5.9045098877e+02 5.9048901367e+02 5.9052001953e+02 5.9055200195e+02 5.9058898926e+02 5.9062799072e+02 5.9066802979e+02 5.9070800781e+02 5.9074700928e+02 5.9078497314e+02 5.9082299805e+02 5.9086297607e+02 5.9089898682e+02 5.9093798828e+02 5.9098297119e+02 5.9103198242e+02 5.9107800293e+02 5.9111700439e+02 5.9115502930e+02 5.9118597412e+02 5.9122497559e+02 5.9126702881e+02 5.9130902100e+02
5.8956799316e+02 5.8960498047e+02 5.8965002441e+02 5.8968798828e+02 5.8972497559e+02 5.8975402832e+02 5.8978497314e+02 5.8981799316e+02 5.8985198975e+02 5.8988598633e+02 5.8991699219e+02 5.8996899414e+02 5.9001000977e+02 5.9004699707e+02 5.9007897949e+02 5.9011401367e+02 5.9014599609e+02 5.9017797852e+02 5.9021099854e+02 5.9026300049e+02 5.9033099365e+02 5.9039001465e+02 5.9041699219e+02 5.9045098877e+02 5.9049401855e+02 5.9052801514e+02 5.9055200195e+02 5.9058898926e+02 5.9062799072e+02 5.9066802979e+02 5.9070697021e+02 5.9074597168e+02 5.9078497314e+02 5.9082299805e+02 5.9086199951e+02 5.9089501953e+02 5.9093298340e+02 5.9097698975e+02 5.9102001953e+02 5.9106799316e+02 5.9111700439e+02 5.9116101074e+02 5.9119299316e+02 5.9123199463e+02 5.9127398682e+02 5.9131500244e+02
5.8957000732e+02 5.8960101318e+02 5.8964202881e+02 5.8968103027e+02 5.8972198486e+02 5.8975598145e+02 5.8978601074e+02 5.8982397461e+02 5.8985797119e+02 5.8988800049e+02 5.8992297363e+02 5.8997198486e+02 5.9000402832e+02 5.9003698730e+02 5.9007397461e+02 5.9011602783e+02 5.9015197754e+02 5.9018499756e+02 5.9021697998e+02 5.9026501465e+02 5.9032897949e+02 5.9038201904e+02 5.9039599609e+02 5.9042199707e+02 5.9047698975e+02 5.9052301025e+02 5.9054901123e+02 5.9058898926e+02 5.9062799072e+02 5.9066802979e+02 5.9070697021e+02 5.9074597168e+02 5.9078399658e+02 5.9082202148e+02 5.9085797119e+02 5.9088897705e+02 5.9092700195e+02 5.9097100830e+02 5.9101098633e+02 5.9105902100e+02 5.9111199951e+02 5.9115997314e+02 5.9119702148e+02 5.9123901367e+02 5.9128100586e+02 5.9132202148e+02
5.8957800293e+02 5.8961602783e+02 5.8964898682e+02 5.8967999268e+02 5.8971697998e+02 5.8975299072e+02 5.8978900146e+02 5.8983398438e+02 5.8987200928e+02 5.8989898682e+02 5.8992901611e+02 5.8997399902e+02 5.8999798584e+02 5.9003100586e+02 5.9007702637e+02 5.9010900879e+02 5.9014501953e+02 5.9018200684e+02 5.9022497559e+02 5.9027697754e+02 5.9033197021e+02 5.9037097168e+02 5.9038201904e+02 5.9040002441e+02 5.9045599365e+02 5.9051501465e+02 5.9055401611e+02 5.9058898926e+02 5.9062799072e+02 5.9066699219e+02 5.9070697021e+02 5.9074401855e+02 5.9078399658e+02 5.9082202148e+02 5.9086199951e+02 5.9089099121e+02 5.9092999268e+02 5.9097100830e+02 5.9101098633e+02 5.9105798340e+02 5.9110797119e+02 5.9115600586e+02 5.9119598389e+02 5.9124102783e+02 5.9128497314e+02 5.9132800293e+02
5.8957397461e+02 5.8961798096e+02 5.8965502930e+02 5.8968701172e+02 5.8972601318e+02 5.8975799561e+02 5.8978802490e+02 5.8982598877e+02 5.8986297607e+02 5.8989898682e+02 5.8993701172e+02 5.8997900391e+02 5.9000897217e+02 5.9004400635e+02 5.9008502197e+02 5.9011401367e+02 5.9013800049e+02 5.9016802979e+02 5.9021801758e+02 5.9027899170e+02 5.9032299805e+02 5.9034802246e+02 5.9036602783e+02 5.9040100098e+02 5.9045001221e+02 5.9050402832e+02 5.9054699707e+02 5.9058599854e+02 5.9062402344e+02 5.9066101074e+02 5.9069598389e+02 5.9073400879e+02 5.9077899170e+02 5.9081500244e+02 5.9085797119e+02 5.9089599609e+02 5.9093402100e+02 5.9096899414e+02 5.9100097656e+02 5.9104699707e+02 5.9110400391e+02 5.9115197754e+02 5.9119000244e+02 5.9123297119e+02 5.9127899170e+02 5.9132501221e+02
5.8957202148e+02 5.8961700439e+02 5.8965399170e+02 5.8969201660e+02 5.8972900391e+02 5.8976098633e+02 5.8979901123e+02 5.8984002686e+02 5.8987298584e+02 5.8990899658e+02 5.8994500732e+02 5.8998498535e+02 5.9002197266e+02 5.9005603027e+02 5.9009497070e+02 5.9013000488e+02 5.9015100098e+02 5.9017401123e+02 5.9021502686e+02 5.9027001953e+02 5.9030499268e+02 5.9032897949e+02 5.9035198975e+02 5.9039898682e+02 5.9044396973e+02 5.9048901367e+02 5.9053802490e+02 5.9058398438e+02 5.9062298584e+02 5.9065997314e+02 5.9068798828e+02 5.9072399902e+02 5.9076898193e+02 5.9080603027e+02 5.9084698486e+02 5.9088800049e+02 5.9092602539e+02 5.9096002197e+02 5.9098999023e+02 5.9103802490e+02 5.9109899902e+02 5.9114898682e+02 5.9118597412e+02 5.9123101807e+02 5.9127600098e+02 5.9132202148e+02
5.8958001709e+02 5.8962200928e+02 5.8966101074e+02 5.8970397949e+02 5.8974200439e+02 5.8977697754e+02 5.8981500244e+02 5.8984997559e+02 5.8988299561e+02 5.8991900635e+02 5.8995501709e+02 5.8999200439e+02 5.9003100586e+02 5.9006201172e+02 5.9010198975e+02 5.9014398193e+02 5.9017199707e+02 5.9019799805e+02 5.9022900391e+02 5.9026898193e+02 5.9029998779e+02 5.9033001709e+02 5.9035797119e+02 5.9040399170e+02 5.9044598389e+02 5.9048498535e+02 5.9053302002e+02 5.9058398438e+02 5.9062402344e+02 5.9066400146e+02 5.9069500732e+02 5.9072497559e+02 5.9076599121e+02 5.9080297852e+02 5.9084497070e+02 5.9088299561e+02 5.9092199707e+02 5.9095697021e+02 5.9098999023e+02 5.9103997803e+02 5.9109698486e+02 5.9114398193e+02 5.9118103027e+02 5.9122802734e+02 5.9127301025e+02 5.9131896973e+02
5.8959197998e+02 5.8963201904e+02 5.8966302490e+02 5.8971398926e+02 5.8975402832e+02 5.8978698730e+02 5.8981500244e+02 5.8984698486e+02 5.8988201904e+02 5.8992498779e+02 5.8997100830e+02 5.9000097656e+02 5.9003100586e+02 5.9006500244e+02 5.9010498047e+02 5.9014099121e+02 5.9017901611e+02 5.9021997070e+02 5.9025598145e+02 5.9028601074e+02 5.9031298828e+02 5.9034600830e+02 5.9037902832e+02 5.9041699219e+02 5.9045599365e+02 5.9049298096e+02 5.9053399658e+02 5.9057299805e+02 5.9061401367e+02 5.9065802002e+02 5.9070300293e+02 5.9073400879e+02 5.9076501465e+02 5.9079998779e+02 5.9084899902e+02 5.9088500977e+02 5.9092602539e+02 5.9096301270e+02 5.9099902344e+02 5.9104797363e+02 5.9109600830e+02 5.9113702393e+02 5.9117498779e+02 5.9122802734e+02 5.9127301025e+02 5.9131597900e+02
5.8959301758e+02 5.8963702393e+02 5.8966998291e+02 5.8971600342e+02 5.8975201416e+02 5.8978497314e+02 5.8981896973e+02 5.8985302734e+02 5.8988800049e+02 5.8993200684e+02 5.8998297119e+02 5.9001397705e+02 5.9003698730e+02 5.9007000732e+02 5.9010797119e+02 5.9014398193e+02 5.9018597412e+02 5.9022998047e+02 5.9027197266e+02 5.9030200195e+02 5.9033197021e+02 5.9036102295e+02 5.9038098145e+02 5.9041601563e+02 5.9045800781e+02 5.9050097656e+02 5.9054101563e+02 5.9058099365e+02 5.9061999512e+02 5.9065698242e+02 5.9069799805e+02 5.9073999023e+02 5.9077301025e+02 5.9080499268e+02 5.9084899902e+02 5.9088702393e+02 5.9092602539e+02 5.9096099854e+02 5.9099700928e+02 5.9104101563e+02 5.9109002686e+02 5.9113397217e+02 5.9117401123e+02 5.9123199463e+02 5.9127502441e+02 5.9131597900e+02
5.8958502197e+02 5.8963299561e+02 5.8967199707e+02 5.8971197510e+02 5.8974597168e+02 5.8977899170e+02 5.8981597900e+02 5.8985498047e+02 5.8989001465e+02 5.8993200684e+02 5.8997802734e+02 5.9001098633e+02 5.9003601074e+02 5.9007000732e+02 5.9011401367e+02 5.9015197754e+02 5.9019396973e+02 5.9023901367e+02 5.9028198242e+02 5.9031701660e+02 5.9034997559e+02 5.9037500000e+02 5.9039300537e+02 5.9042498779e+02 5.9046301270e+02 5.9050299072e+02 5.9054602051e+02 5.9059301758e+02 5.9063397217e+02 5.9066699219e+02 5.9070001221e+02 5.9074200439e+02 5.9078302002e+02 5.9082000732e+02 5.9085699463e+02 5.9089801025e+02 5.9093298340e+02 5.9096398926e+02 5.9099902344e+02 5.9104101563e+02 5.9109100342e+02 5.9113702393e+02 5.9118298340e+02 5.9123297119e+02 5.9126800537e+02 5.9130798340e+02
5.8957501221e+02 5.8962597656e+02 5.8966802979e+02 5.8970202637e+02 5.8973999023e+02 5.8977899170e+02 5.8981896973e+02 5.8986401367e+02 5.8989599609e+02 5.8992901611e+02 5.8996398926e+02 5.9000299072e+02 5.9003802490e+02 5.9007800293e+02 5.9011499023e+02 5.9015002441e+02 5.9019702148e+02 5.9024102783e+02 5.9027301025e+02 5.9030902100e+02 5.9034899902e+02 5.9038397217e+02 5.9041400146e+02 5.9045001221e+02 5.9047900391e+02 5.9050799561e+02 5.9054602051e+02 5.9059698486e+02 5.9064099121e+02 5.9067700195e+02 5.9071301270e+02 5.9075201416e+02 5.9079498291e+02 5.9083300781e+02 5.9086798096e+02 5.9090698242e+02 5.9094000244e+02 5.9097198486e+02 5.9101000977e+02 5.9105200195e+02 5.9109698486e+02 5.9114001465e+02 5.9118402100e+02 5.9122998047e+02 5.9126397705e+02 5.9130902100e+02
5.8957202148e+02 5.8962200928e+02 5.8966497803e+02 5.8970098877e+02 5.8974102783e+02 5.8978601074e+02 5.8983502197e+02 5.8987902832e+02 5.8990698242e+02 5.8993200684e+02 5.8995898438e+02 5.8999902344e+02 5.9004400635e+02 5.9008502197e+02 5.9010797119e+02 5.9014300537e+02 5.9019097900e+02 5.9023101807e+02 5.9025799561e+02 5.9029797363e+02 5.9035101318e+02 5.9039697266e+02 5.9042999268e+02 5.9046502686e+02 5.9049401855e+02 5.9052001953e+02 5.9054302979e+02 5.9059301758e+02 5.9064202881e+02 5.9068798828e+02 5.9073602295e+02 5.9077697754e+02 5.9082202148e+02 5.9085699463e+02 5.9088098145e+02 5.9091699219e+02 5.9095001221e+02 5.9098400879e+02 5.9102398682e+02 5.9106402588e+02 5.9110302734e+02 5.9114001465e+02 5.9118200684e+02 5.9122497559e+02 5.9126702881e+02 5.9131402588e+02
5.8958599854e+02 5.8963000488e+02 5.8966699219e+02 5.8971002197e+02 5.8974700928e+02 5.8978399658e+02 5.8982202148e+02 5.8986297607e+02 5.8989099121e+02 5.8991998291e+02 5.8995697021e+02 5.8999401855e+02 5.9003601074e+02 5.9007702637e+02 5.9010998535e+02 5.9014697266e+02 5.9019000244e+02 5.9022900391e+02 5.9026898193e+02 5.9031500244e+02 5.9035900879e+02 5.9040600586e+02 5.9044097900e+02 5.9047198486e+02 5.9049902344e+02 5.9052301025e+02 5.9054699707e+02 5.9060900879e+02 5.9065997314e+02 5.9070501709e+02 5.9074200439e+02 5.9078497314e+02 5.9083197021e+02 5.9086102295e+02 5.9088800049e+02 5.9092700195e+02 5.9096398926e+02 5.9100097656e+02 5.9103698730e+02 5.9107598877e+02 5.9111700439e+02 5.9115600586e+02 5.9119500732e+02 5.9123901367e+02 5.9128198242e+02 5.9132598877e+02
5.8958599854e+02 5.8962597656e+02 5.8966198730e+02 5.8970300293e+02 5.8973999023e+02 5.8977697754e+02 5.8981500244e+02 5.8985601807e+02 5.8988397217e+02 5.8991400146e+02 5.8995397949e+02 5.8998901367e+02 5.9002398682e+02 5.9006298828e+02 5.9010302734e+02 5.9014300537e+02 5.9018200684e+02 5.9022100830e+02 5.9026898193e+02 5.9031896973e+02 5.9035900879e+02 5.9040802002e+02 5.9044097900e+02 5.9047100830e+02 5.9049798584e+02 5.9052697754e+02 5.9056201172e+02 5.9061999512e+02 5.9066601563e+02 5.9070800781e+02 5.9074401855e+02 5.9078497314e+02 5.9082897949e+02 5.9086199951e+02 5.9090100098e+02 5.9094000244e+02 5.9097601318e+02 5.9101300049e+02 5.9104998779e+02 5.9109100342e+02 5.9113098145e+02 5.9117102051e+02 5.9120898438e+02 5.9125201416e+02 5.9129602051e+02 5.9133898926e+02
5.8957800293e+02 5.8961798096e+02 5.8965899658e+02 5.8969299316e+02 5.8972998047e+02 5.8977301025e+02 5.8981500244e+02 5.8985198975e+02 5.8988000488e+02 5.8991198730e+02 5.8994702148e+02 5.8998297119e+02 5.9001397705e+02 5.9005102539e+02 5.9009100342e+02 5.9012902832e+02 5.9017102051e+02 5.9021301270e+02 5.9026000977e+02 5.9031097412e+02 5.9035400391e+02 5.9040399170e+02 5.9043902588e+02 5.9046801758e+02 5.9050097656e+02 5.9054199219e+02 5.9058801270e+02 5.9062701416e+02 5.9066302490e+02 5.9070697021e+02 5.9074298096e+02 5.9078100586e+02 5.9082702637e+02 5.9087097168e+02 5.9091400146e+02 5.9095202637e+02 5.9098901367e+02 5.9102600098e+02 5.9106402588e+02 5.9110601807e+02 5.9114501953e+02 5.9118597412e+02 5.9122399902e+02 5.9126501465e+02 5.9130902100e+02 5.9135198975e+02
5.8957202148e+02 5.8961700439e+02 5.8966400146e+02 5.8968902588e+02 5.8972399902e+02 5.8976800537e+02 5.8980798340e+02 5.8983697510e+02 5.8986901855e+02 5.8990197754e+02 5.8993298340e+02 5.8997302246e+02 5.9000897217e+02 5.9004699707e+02 5.9007702637e+02 5.9011499023e+02 5.9016101074e+02 5.9020501709e+02 5.9024499512e+02 5.9029400635e+02 5.9033502197e+02 5.9038598633e+02 5.9043597412e+02 5.9046697998e+02 5.9050402832e+02 5.9055200195e+02 5.9059100342e+02 5.9062097168e+02 5.9065997314e+02 5.9070697021e+02 5.9074401855e+02 5.9078399658e+02 5.9083197021e+02 5.9087902832e+02 5.9092102051e+02 5.9096099854e+02 5.9100000000e+02 5.9103997803e+02 5.9107702637e+02 5.9111700439e+02 5.9115997314e+02 5.9120300293e+02 5.9124401855e+02 5.9127899170e+02 5.9132299805e+02 5.9136602783e+02
5.8957000732e+02 5.8961401367e+02 5.8965698242e+02 5.8969201660e+02 5.8972698975e+02 5.8976202393e+02 5.8979797363e+02 5.8983300781e+02 5.8986297607e+02 5.8989300537e+02 5.8992297363e+02 5.8995501709e+02 5.8999200439e+02 5.9003497314e+02 5.9007098389e+02 5.9010900879e+02 5.9014697266e+02 5.9018402100e+02 5.9022802734e+02 5.9027801514e+02 5.9032501221e+02 5.9037597656e+02 5.9041998291e+02 5.9045800781e+02 5.9049298096e+02 5.9053802490e+02 5.9057897949e+02 5.9061499023e+02 5.9065802002e+02 5.9070800781e+02 5.9075201416e+02 5.9079498291e+02 5.9083697510e+02 5.9088098145e+02 5.9092401123e+02 5.9096600342e+02 5.9101000977e+02 5.9105401611e+02 5.9109301758e+02 5.9112701416e+02 5.9116497803e+02 5.9120300293e+02 5.9124499512e+02 5.9128997803e+02 5.9134301758e+02 5.9139398193e+02
5.8955499268e+02 5.8960198975e+02 5.8964398193e+02 5.8968701172e+02 5.8972497559e+02 5.8975598145e+02 5.8979199219e+02 5.8982598877e+02 5.8985601807e+02 5.8988702393e+02 5.8991497803e+02 5.8994598389e+02 5.8998199463e+02 5.9002197266e+02 5.9005603027e+02 5.9009399414e+02 5.9013702393e+02 5.9017700195e+02 5.9022302246e+02 5.9027301025e+02 5.9031500244e+02 5.9036199951e+02 5.9040301514e+02 5.9044299316e+02 5.9047802734e+02 5.9052099609e+02 5.9057202148e+02 5.9061199951e+02 5.9065698242e+02 5.9070697021e+02 5.9075299072e+02 5.9079699707e+02 5.9083599854e+02 5.9087701416e+02 5.9092297363e+02 5.9097601318e+02 5.9102197266e+02 5.9106500244e+02 5.9110198975e+02 5.9113299561e+02 5.9117102051e+02 5.9121002197e+02 5.9125201416e+02 5.9129699707e+02 5.9135400391e+02 5.9140899658e+02
5.8954199219e+02 5.8959002686e+02 5.8963098145e+02 5.8967999268e+02 5.8972100830e+02 5.8975000000e+02 5.8978802490e+02 5.8981896973e+02 5.8984899902e+02 5.8988000488e+02 5.8990899658e+02 5.8994201660e+02 5.8997601318e+02 5.9001000977e+02 5.9003997803e+02 5.9007897949e+02 5.9012597656e+02 5.9017102051e+02 5.9022302246e+02 5.9026800537e+02 5.9029797363e+02 5.9033898926e+02 5.9038201904e+02 5.9042297363e+02 5.9046002197e+02 5.9050299072e+02 5.9056097412e+02 5.9060699463e+02 5.9065002441e+02 5.9069598389e+02 5.9074102783e+02 5.9078997803e+02 5.9082702637e+02 5.9086602783e+02 5.9091497803e+02 5.9097497559e+02 5.9102099609e+02 5.9106201172e+02 5.9109600830e+02 5.9112597656e+02 5.9117199707e+02 5.9122100830e+02 5.9126397705e+02 5.9130499268e+02 5.9136297607e+02 5.9142102051e+02
