TESTSERVER/22/0.asc
NCOLS 100
NROWS 100
XLLCORNER 8.5997500000e+03
YLLCORNER 2.8995025000e+05
CELLSIZE 5.0000000000e-01
NODATA_VALUE -9.9990000000e+03
[rows 60 to 79 of 100, columns 46 to 91 of 100]
8.3484497070e+02 8.3513897705e+02 8.3537402344e+02 8.3546899414e+02 8.3554797363e+02 8.3566900635e+02 8.3581402588e+02 8.3596600342e+02 8.3614001465e+02 8.3632202148e+02 8.3646801758e+02 8.3666900635e+02 8.3687902832e+02 8.3712799072e+02 8.3743499756e+02 8.3772698975e+02 8.3786102295e+02 8.3795397949e+02 8.3821301270e+02 8.3832397461e+02 8.3842297363e+02 8.3860900879e+02 8.3894897461e+02 8.3925897217e+02 8.3952001953e+02 8.3972900391e+02 8.3990899658e+02 8.4011901855e+02 8.4035498047e+02 8.4060998535e+02 8.4087500000e+02 8.4111401367e+02 8.4129699707e+02 8.4146099854e+02 8.4166198730e+02 8.4192901611e+02 8.4213897705e+02 8.4234100342e+02 8.4252697754e+02 8.4286401367e+02 8.4326300049e+02 8.4364001465e+02 8.4391302490e+02 8.4421801758e+02 8.4451599121e+02 8.4478302002e+02
8.3459301758e+02 8.3482202148e+02 8.3504199219e+02 8.3517999268e+02 8.3530102539e+02 8.3543701172e+02 8.3557299805e+02 8.3572198486e+02 8.3590600586e+02 8.3606799316e+02 8.3621899414e+02 8.3641101074e+02 8.3661199951e+02 8.3687701416e+02 8.3717199707e+02 8.3735498047e+02 8.3751000977e+02 8.3772698975e+02 8.3795800781e+02 8.3802899170e+02 8.3811901855e+02 8.3836499023e+02 8.3876702881e+02 8.3907397461e+02 8.3927899170e+02 8.3945202637e+02 8.3964599609e+02 8.3986901855e+02 8.4012701416e+02 8.4041802979e+02 8.4072198486e+02 8.4090399170e+02 8.4105200195e+02 8.4121502686e+02 8.4140197754e+02 8.4163598633e+02 8.4189099121e+02 8.4213299561e+02 8.4231097412e+02 8.4255798340e+02 8.4289898682e+02 8.4325402832e+02 8.4354199219e+02 8.4383099365e+02 8.4413598633e+02 8.4440698242e+02
8.3434301758e+02 8.3452398682e+02 8.3470599365e+02 8.3487701416e+02 8.3504998779e+02 8.3523199463e+02 8.3539501953e+02 8.3553198242e+02 8.3566802979e+02 8.3578698730e+02 8.3595397949e+02 8.3614801025e+02 8.3633898926e+02 8.3657702637e+02 8.3684197998e+02 8.3700000000e+02 8.3718499756e+02 8.3744000244e+02 8.3765301514e+02 8.3776501465e+02 8.3789001465e+02 8.3816101074e+02 8.3858398438e+02 8.3889801025e+02 8.3907202148e+02 8.3922497559e+02 8.3944396973e+02 8.3968902588e+02 8.3993402100e+02 8.4022399902e+02 8.4055102539e+02 8.4068499756e+02 8.4079797363e+02 8.4094799805e+02 8.4115002441e+02 8.4141601563e+02 8.4169299316e+02 8.4194799805e+02 8.4211999512e+02 8.4230798340e+02 8.4259802246e+02 8.4292199707e+02 8.4320599365e+02 8.4348797607e+02 8.4379302979e+02 8.4406896973e+02
8.3411901855e+02 8.3424102783e+02 8.3438299561e+02 8.3457800293e+02 8.3478100586e+02 8.3499798584e+02 8.3521600342e+02 8.3535400391e+02 8.3542602539e+02 8.3549401855e+02 8.3565698242e+02 8.3587500000e+02 8.3607397461e+02 8.3628100586e+02 8.3651300049e+02 8.3671301270e+02 8.3692797852e+02 8.3715399170e+02 8.3733599854e+02 8.3753399658e+02 8.3769702148e+02 8.3796697998e+02 8.3837402344e+02 8.3869201660e+02 8.3885797119e+02 8.3901599121e+02 8.3927697754e+02 8.3959301758e+02 8.3980999756e+02 8.4001397705e+02 8.4029498291e+02 8.4045300293e+02 8.4057000732e+02 8.4071197510e+02 8.4092297363e+02 8.4121899414e+02 8.4150201416e+02 8.4175500488e+02 8.4193597412e+02 8.4211499023e+02 8.4237298584e+02 8.4267102051e+02 8.4294897461e+02 8.4324200439e+02 8.4355297852e+02 8.4383099365e+02
8.3385400391e+02 8.3394799805e+02 8.3407397461e+02 8.3426501465e+02 8.3446301270e+02 8.3468298340e+02 8.3490100098e+02 8.3505200195e+02 8.3513598633e+02 8.3520697021e+02 8.3536700439e+02 8.3563299561e+02 8.3587200928e+02 8.3607098389e+02 8.3626599121e+02 8.3645501709e+02 8.3665002441e+02 8.3688598633e+02 8.3709600830e+02 8.3730200195e+02 8.3748602295e+02 8.3774499512e+02 8.3814801025e+02 8.3844097900e+02 8.3861401367e+02 8.3878698730e+02 8.3904797363e+02 8.3944097900e+02 8.3968499756e+02 8.3980297852e+02 8.3991400146e+02 8.4015698242e+02 8.4034899902e+02 8.4052398682e+02 8.4070599365e+02 8.4102197266e+02 8.4128497314e+02 8.4151202393e+02 8.4172601318e+02 8.4194897461e+02 8.4219000244e+02 8.4245898438e+02 8.4273901367e+02 8.4309002686e+02 8.4341900635e+02 8.4370202637e+02
8.3354400635e+02 8.3367602539e+02 8.3378900146e+02 8.3396697998e+02 8.3416198730e+02 8.3438397217e+02 8.3459197998e+02 8.3474798584e+02 8.3488397217e+02 8.3499298096e+02 8.3514501953e+02 8.3542401123e+02 8.3569799805e+02 8.3589099121e+02 8.3602301025e+02 8.3621502686e+02 8.3640301514e+02 8.3663897705e+02 8.3684497070e+02 8.3709197998e+02 8.3728802490e+02 8.3753698730e+02 8.3791101074e+02 8.3817498779e+02 8.3833801270e+02 8.3851098633e+02 8.3877398682e+02 8.3912701416e+02 8.3940197754e+02 8.3956799316e+02 8.3967102051e+02 8.3986102295e+02 8.4009497070e+02 8.4032897949e+02 8.4051501465e+02 8.4078100586e+02 8.4102899170e+02 8.4124700928e+02 8.4149200439e+02 8.4175299072e+02 8.4199902344e+02 8.4224102783e+02 8.4251501465e+02 8.4286999512e+02 8.4322601318e+02 8.4353698730e+02
8.3322900391e+02 8.3339202881e+02 8.3349700928e+02 8.3366802979e+02 8.3385900879e+02 8.3407800293e+02 8.3429998779e+02 8.3449499512e+02 8.3467297363e+02 8.3479797363e+02 8.3491198730e+02 8.3515997314e+02 8.3545202637e+02 8.3567401123e+02 8.3580902100e+02 8.3601300049e+02 8.3620397949e+02 8.3641198730e+02 8.3661102295e+02 8.3685400391e+02 8.3709100342e+02 8.3737402344e+02 8.3772497559e+02 8.3795202637e+02 8.3812701416e+02 8.3833300781e+02 8.3857598877e+02 8.3883300781e+02 8.3908197021e+02 8.3929199219e+02 8.3946398926e+02 8.3961901855e+02 8.3984802246e+02 8.4013800049e+02 8.4034802246e+02 8.4057397461e+02 8.4083001709e+02 8.4106298828e+02 8.4130499268e+02 8.4157202148e+02 8.4181701660e+02 8.4204101563e+02 8.4229101563e+02 8.4263500977e+02 8.4298400879e+02 8.4329699707e+02
8.3295300293e+02 8.3311102295e+02 8.3322399902e+02 8.3340301514e+02 8.3360699463e+02 8.3384698486e+02 8.3408599854e+02 8.3428601074e+02 8.3445800781e+02 8.3457501221e+02 8.3467901611e+02 8.3487200928e+02 8.3515899658e+02 8.3543103027e+02 8.3561102295e+02 8.3576397705e+02 8.3594799805e+02 8.3616601563e+02 8.3638098145e+02 8.3660900879e+02 8.3688000488e+02 8.3721801758e+02 8.3758502197e+02 8.3776202393e+02 8.3794201660e+02 8.3818701172e+02 8.3842999268e+02 8.3861602783e+02 8.3885198975e+02 8.3909497070e+02 8.3928100586e+02 8.3943597412e+02 8.3965899658e+02 8.3995599365e+02 8.4018701172e+02 8.4040600586e+02 8.4067602539e+02 8.4092498779e+02 8.4114501953e+02 8.4139300537e+02 8.4163000488e+02 8.4184600830e+02 8.4208398438e+02 8.4240197754e+02 8.4272198486e+02 8.4301397705e+02
8.3275000000e+02 8.3289801025e+02 8.3300799561e+02 8.3317999268e+02 8.3338098145e+02 8.3363598633e+02 8.3393701172e+02 8.3412701416e+02 8.3426898193e+02 8.3438201904e+02 8.3452099609e+02 8.3459301758e+02 8.3482299805e+02 8.3512500000e+02 8.3534399414e+02 8.3544201660e+02 8.3564001465e+02 8.3589697266e+02 8.3613397217e+02 8.3634600830e+02 8.3661798096e+02 8.3700598145e+02 8.3739801025e+02 8.3754602051e+02 8.3769799805e+02 8.3792700195e+02 8.3817102051e+02 8.3841101074e+02 8.3870800781e+02 8.3899798584e+02 8.3915197754e+02 8.3930401611e+02 8.3953399658e+02 8.3977001953e+02 8.3999401855e+02 8.4021600342e+02 8.4049597168e+02 8.4075897217e+02 8.4094500732e+02 8.4119702148e+02 8.4144299316e+02 8.4167999268e+02 8.4192602539e+02 8.4218499756e+02 8.4246697998e+02 8.4272698975e+02
8.3245501709e+02 8.3266400146e+02 8.3282897949e+02 8.3301000977e+02 8.3318298340e+02 8.3339202881e+02 8.3366601563e+02 8.3389001465e+02 8.3405297852e+02 8.3416900635e+02 8.3431201172e+02 8.3440399170e+02 8.3453198242e+02 8.3476000977e+02 8.3501397705e+02 8.3514801025e+02 8.3534497070e+02 8.3560498047e+02 8.3585900879e+02 8.3609197998e+02 8.3635101318e+02 8.3673797607e+02 8.3711297607e+02 8.3724499512e+02 8.3738000488e+02 8.3755200195e+02 8.3778100586e+02 8.3808398438e+02 8.3843499756e+02 8.3872399902e+02 8.3886798096e+02 8.3907202148e+02 8.3934899902e+02 8.3958697510e+02 8.3977099609e+02 8.3998199463e+02 8.4029400635e+02 8.4057098389e+02 8.4074902344e+02 8.4099597168e+02 8.4123400879e+02 8.4146197510e+02 8.4170800781e+02 8.4197302246e+02 8.4221997070e+02 8.4245202637e+02
8.3218499756e+02 8.3241400146e+02 8.3262402344e+02 8.3280102539e+02 8.3294201660e+02 8.3309497070e+02 8.3331500244e+02 8.3357702637e+02 8.3378302002e+02 8.3390002441e+02 8.3403399658e+02 8.3420697021e+02 8.3434399414e+02 8.3451098633e+02 8.3473901367e+02 8.3489599609e+02 8.3507000732e+02 8.3532702637e+02 8.3562799072e+02 8.3589898682e+02 8.3613598633e+02 8.3644897461e+02 8.3677197266e+02 8.3694097900e+02 8.3707501221e+02 8.3721697998e+02 8.3741302490e+02 8.3772601318e+02 8.3807897949e+02 8.3836297607e+02 8.3852600098e+02 8.3876202393e+02 8.3908300781e+02 8.3938000488e+02 8.3959997559e+02 8.3981097412e+02 8.4009698486e+02 8.4033099365e+02 8.4050701904e+02 8.4076599121e+02 8.4098797607e+02 8.4120697021e+02 8.4149298096e+02 8.4178198242e+02 8.4200500488e+02 8.4221099854e+02
8.3198199463e+02 8.3219500732e+02 8.3240301514e+02 8.3254602051e+02 8.3265997314e+02 8.3277899170e+02 8.3296197510e+02 8.3323999023e+02 8.3347802734e+02 8.3361499023e+02 8.3374798584e+02 8.3397900391e+02 8.3417401123e+02 8.3432098389e+02 8.3450701904e+02 8.3465698242e+02 8.3479699707e+02 8.3503399658e+02 8.3535699463e+02 8.3565802002e+02 8.3588299561e+02 8.3613098145e+02 8.3642199707e+02 8.3664898682e+02 8.3681097412e+02 8.3695202637e+02 8.3712701416e+02 8.3740197754e+02 8.3772497559e+02 8.3801202393e+02 8.3822497559e+02 8.3849102783e+02 8.3881402588e+02 8.3913598633e+02 8.3940002441e+02 8.3965600586e+02 8.3992401123e+02 8.4011700439e+02 8.4029302979e+02 8.4054797363e+02 8.4075897217e+02 8.4099298096e+02 8.4132397461e+02 8.4162597656e+02 8.4183099365e+02 8.4201098633e+02
8.3184301758e+02 8.3200000000e+02 8.3218200684e+02 8.3232897949e+02 8.3243103027e+02 8.3253497314e+02 8.3268798828e+02 8.3292401123e+02 8.3316900635e+02 8.3335699463e+02 8.3350799561e+02 8.3374597168e+02 8.3398699951e+02 8.3415100098e+02 8.3429901123e+02 8.3446301270e+02 8.3460601807e+02 8.3479199219e+02 8.3494299316e+02 8.3534100342e+02 8.3559899902e+02 8.3581402588e+02 8.3609197998e+02 8.3638800049e+02 8.3659497070e+02 8.3675701904e+02 8.3692797852e+02 8.3715399170e+02 8.3742498779e+02 8.3771398926e+02 8.3801702881e+02 8.3831701660e+02 8.3858398438e+02 8.3886401367e+02 8.3911602783e+02 8.3941101074e+02 8.3972302246e+02 8.3996002197e+02 8.4016101074e+02 8.4037701416e+02 8.4057800293e+02 8.4083898926e+02 8.4122698975e+02 8.4146697998e+02 8.4163598633e+02 8.4180200195e+02
8.3163500977e+02 8.3177801514e+02 8.3191998291e+02 8.3205999756e+02 8.3218499756e+02 8.3230401611e+02 8.3244500732e+02 8.3265301514e+02 8.3290600586e+02 8.3313800049e+02 8.3334600830e+02 8.3358197021e+02 8.3379602051e+02 8.3397998047e+02 8.3413000488e+02 8.3433197021e+02 8.3459002686e+02 8.3487597656e+02 8.3505700684e+02 8.3524902344e+02 8.3535400391e+02 8.3555102539e+02 8.3581402588e+02 8.3611199951e+02 8.3634497070e+02 8.3655102539e+02 8.3677301025e+02 8.3695599365e+02 8.3715197754e+02 8.3740802002e+02 8.3773999023e+02 8.3803997803e+02 8.3830200195e+02 8.3858697510e+02 8.3881500244e+02 8.3910998535e+02 8.3946301270e+02 8.3977099609e+02 8.4004302979e+02 8.4025097656e+02 8.4040899658e+02 8.4061401367e+02 8.4091101074e+02 8.4114300537e+02 8.4132202148e+02 8.4151397705e+02
8.3137799072e+02 8.3150500488e+02 8.3163000488e+02 8.3177099609e+02 8.3191400146e+02 8.3205603027e+02 8.3222198486e+02 8.3242297363e+02 8.3264501953e+02 8.3286999512e+02 8.3310797119e+02 8.3338000488e+02 8.3359197998e+02 8.3380297852e+02 8.3399298096e+02 8.3423498535e+02 8.3463000488e+02 8.3498797607e+02 8.3512701416e+02 8.3520001221e+02 8.3513201904e+02 8.3530798340e+02 8.3556597900e+02 8.3580798340e+02 8.3603497314e+02 8.3628198242e+02 8.3654302979e+02 8.3667999268e+02 8.3685998535e+02 8.3713098145e+02 8.3747198486e+02 8.3774499512e+02 8.3801098633e+02 8.3831597900e+02 8.3855700684e+02 8.3888500977e+02 8.3925299072e+02 8.3956701660e+02 8.3987902832e+02 8.4009301758e+02 8.4020697021e+02 8.4034497070e+02 8.4056097412e+02 8.4077697754e+02 8.4099798584e+02 8.4123400879e+02
8.3112200928e+02 8.3122900391e+02 8.3134600830e+02 8.3149499512e+02 8.3165600586e+02 8.3181896973e+02 8.3200402832e+02 8.3218103027e+02 8.3234802246e+02 8.3255200195e+02 8.3281799316e+02 8.3313098145e+02 8.3334002686e+02 8.3355603027e+02 8.3380798340e+02 8.3401202393e+02 8.3438299561e+02 8.3466998291e+02 8.3468902588e+02 8.3481597900e+02 8.3490002441e+02 8.3510498047e+02 8.3532800293e+02 8.3551098633e+02 8.3571697998e+02 8.3597698975e+02 8.3626599121e+02 8.3641601563e+02 8.3661297607e+02 8.3688800049e+02 8.3723101807e+02 8.3752398682e+02 8.3778302002e+02 8.3807098389e+02 8.3831298828e+02 8.3870098877e+02 8.3906298828e+02 8.3933697510e+02 8.3964801025e+02 8.3987500000e+02 8.3997302246e+02 8.4006896973e+02 8.4023901367e+02 8.4045300293e+02 8.4070001221e+02 8.4097198486e+02
8.3092797852e+02 8.3098297119e+02 8.3107000732e+02 8.3126202393e+02 8.3144396973e+02 8.3162097168e+02 8.3178997803e+02 8.3193298340e+02 8.3208599854e+02 8.3231298828e+02 8.3265502930e+02 8.3294097900e+02 8.3312597656e+02 8.3329302979e+02 8.3349401855e+02 8.3369598389e+02 8.3395697021e+02 8.3421301270e+02 8.3432397461e+02 8.3446502686e+02 8.3469097900e+02 8.3489099121e+02 8.3508197021e+02 8.3526898193e+02 8.3546899414e+02 8.3571398926e+02 8.3601800537e+02 8.3622900391e+02 8.3641302490e+02 8.3663897705e+02 8.3689801025e+02 8.3726599121e+02 8.3755200195e+02 8.3780499268e+02 8.3799597168e+02 8.3836401367e+02 8.3872698975e+02 8.3900897217e+02 8.3932800293e+02 8.3959002686e+02 8.3970202637e+02 8.3980603027e+02 8.3999700928e+02 8.4019396973e+02 8.4043402100e+02 8.4071301270e+02
8.3075799561e+02 8.3079302979e+02 8.3086297607e+02 8.3103399658e+02 8.3121502686e+02 8.3140002441e+02 8.3158001709e+02 8.3170599365e+02 8.3185998535e+02 8.3209600830e+02 8.3241302490e+02 8.3269799805e+02 8.3292901611e+02 8.3314001465e+02 8.3333300781e+02 8.3348602295e+02 8.3364599609e+02 8.3384997559e+02 8.3406402588e+02 8.3430902100e+02 8.3450701904e+02 8.3470599365e+02 8.3491699219e+02 8.3511199951e+02 8.3529400635e+02 8.3548699951e+02 8.3575402832e+02 8.3600701904e+02 8.3619396973e+02 8.3641802979e+02 8.3669799805e+02 8.3704101563e+02 8.3734600830e+02 8.3760198975e+02 8.3775701904e+02 8.3799200439e+02 8.3832897949e+02 8.3862799072e+02 8.3894702148e+02 8.3922497559e+02 8.3938500977e+02 8.3955297852e+02 8.3980700684e+02 8.3999798584e+02 8.4020697021e+02 8.4043200684e+02
8.3049401855e+02 8.3057800293e+02 8.3066302490e+02 8.3081201172e+02 8.3097900391e+02 8.3116699219e+02 8.3137200928e+02 8.3149401855e+02 8.3162799072e+02 8.3183099365e+02 8.3210302734e+02 8.3237597656e+02 8.3263800049e+02 8.3289398193e+02 8.3313000488e+02 8.3328002930e+02 8.3340600586e+02 8.3357897949e+02 8.3378802490e+02 8.3401898193e+02 8.3422601318e+02 8.3444396973e+02 8.3467102051e+02 8.3488897705e+02 8.3508697510e+02 8.3527502441e+02 8.3550201416e+02 8.3574298096e+02 8.3596600342e+02 8.3622399902e+02 8.3651300049e+02 8.3682897949e+02 8.3711499023e+02 8.3736602783e+02 8.3755999756e+02 8.3777600098e+02 8.3805499268e+02 8.3833001709e+02 8.3863397217e+02 8.3891900635e+02 8.3911700439e+02 8.3929602051e+02 8.3956500244e+02 8.3977600098e+02 8.3999798584e+02 8.4020397949e+02
8.3022900391e+02 8.3037500000e+02 8.3049200439e+02 8.3062097168e+02 8.3077001953e+02 8.3095001221e+02 8.3116699219e+02 8.3130499268e+02 8.3142297363e+02 8.3157897949e+02 8.3179302979e+02 8.3204199219e+02 8.3231597900e+02 8.3259600830e+02 8.3285699463e+02 8.3304101563e+02 8.3318103027e+02 8.3334600830e+02 8.3353497314e+02 8.3375500488e+02 8.3401000977e+02 8.3422900391e+02 8.3441601563e+02 8.3464898682e+02 8.3487597656e+02 8.3509698486e+02 8.3532897949e+02 8.3554498291e+02 8.3576000977e+02 8.3603002930e+02 8.3631402588e+02 8.3660198975e+02 8.3685400391e+02 8.3709802246e+02 8.3735601807e+02 8.3761700439e+02 8.3784899902e+02 8.3808502197e+02 8.3837200928e+02 8.3866497803e+02 8.3889001465e+02 8.3906701660e+02 8.3930102539e+02 8.3952301025e+02 8.3976202393e+02 8.3998297119e+02
