TESTSERVER/22/0.asc
NCOLS 100
NROWS 100
XLLCORNER 8.5997500000e+03
YLLCORNER 2.8995025000e+05
CELLSIZE 5.0000000000e-01
NODATA_VALUE -9.9990000000e+03
[rows 60 to 79 of 100, columns 0 to 45 of 100]
8.2609600830e+02 8.2630401611e+02 8.2650402832e+02 8.2674499512e+02 8.2696697998e+02 8.2722497559e+02 8.2747302246e+02 8.2761700439e+02 8.2774902344e+02 8.2795202637e+02 8.2814599609e+02 8.2833898926e+02 8.2850500488e+02 8.2863897705e+02 8.2871301270e+02 8.2882202148e+02 8.2896600342e+02 8.2919598389e+02 8.2942901611e+02 8.2962097168e+02 8.2979101563e+02 8.2995300293e+02 8.3013098145e+02 8.3028002930e+02 8.3043798828e+02 8.3072399902e+02 8.3102197266e+02 8.3123297119e+02 8.3137402344e+02 8.3155200195e+02 8.3170800781e+02 8.3184997559e+02 8.3199597168e+02 8.3216400146e+02 8.3238800049e+02 8.3260400391e+02 8.3277099609e+02 8.3292797852e+02 8.3310601807e+02 8.3325299072e+02 8.3338800049e+02 8.3362500000e+02 8.3385101318e+02 8.3411700439e+02 8.3440301514e+02 8.3457098389e+02
8.2607000732e+02 8.2621997070e+02 8.2636999512e+02 8.2657897949e+02 8.2678698730e+02 8.2708599854e+02 8.2734997559e+02 8.2753997803e+02 8.2769598389e+02 8.2787402344e+02 8.2805200195e+02 8.2822698975e+02 8.2840502930e+02 8.2855102539e+02 8.2863598633e+02 8.2872698975e+02 8.2883099365e+02 8.2902697754e+02 8.2926702881e+02 8.2947100830e+02 8.2966998291e+02 8.2983099365e+02 8.2998901367e+02 8.3013500977e+02 8.3031201172e+02 8.3050500488e+02 8.3073797607e+02 8.3098602295e+02 8.3119702148e+02 8.3137200928e+02 8.3153698730e+02 8.3169299316e+02 8.3182202148e+02 8.3201000977e+02 8.3224700928e+02 8.3247698975e+02 8.3267102051e+02 8.3277600098e+02 8.3294598389e+02 8.3314099121e+02 8.3322900391e+02 8.3337799072e+02 8.3358197021e+02 8.3381799316e+02 8.3409899902e+02 8.3434802246e+02
8.2606896973e+02 8.2613897705e+02 8.2627197266e+02 8.2642498779e+02 8.2661999512e+02 8.2692999268e+02 8.2719396973e+02 8.2740197754e+02 8.2759399414e+02 8.2777398682e+02 8.2794897461e+02 8.2812500000e+02 8.2832501221e+02 8.2850500488e+02 8.2859497070e+02 8.2866699219e+02 8.2874298096e+02 8.2890802002e+02 8.2911102295e+02 8.2930603027e+02 8.2953302002e+02 8.2970202637e+02 8.2985101318e+02 8.3000701904e+02 8.3022900391e+02 8.3040899658e+02 8.3059100342e+02 8.3079400635e+02 8.3099499512e+02 8.3114099121e+02 8.3131500244e+02 8.3151599121e+02 8.3170697021e+02 8.3192602539e+02 8.3216400146e+02 8.3237402344e+02 8.3255499268e+02 8.3265301514e+02 8.3279199219e+02 8.3298498535e+02 8.3306701660e+02 8.3318902588e+02 8.3340301514e+02 8.3363598633e+02 8.3386401367e+02 8.3411798096e+02
8.2604302979e+02 8.2604998779e+02 8.2617199707e+02 8.2632897949e+02 8.2653399658e+02 8.2683001709e+02 8.2708001709e+02 8.2727099609e+02 8.2746099854e+02 8.2764697266e+02 8.2782098389e+02 8.2800097656e+02 8.2820599365e+02 8.2841101074e+02 8.2853198242e+02 8.2861499023e+02 8.2867700195e+02 8.2881097412e+02 8.2898999023e+02 8.2918298340e+02 8.2942401123e+02 8.2955798340e+02 8.2971301270e+02 8.2988500977e+02 8.3013897705e+02 8.3031201172e+02 8.3044799805e+02 8.3059997559e+02 8.3077502441e+02 8.3090399170e+02 8.3109802246e+02 8.3135699463e+02 8.3162298584e+02 8.3187799072e+02 8.3210498047e+02 8.3227801514e+02 8.3240502930e+02 8.3251098633e+02 8.3260998535e+02 8.3277899170e+02 8.3289398193e+02 8.3297998047e+02 8.3319299316e+02 8.3345098877e+02 8.3368701172e+02 8.3393499756e+02
8.2595898438e+02 8.2599499512e+02 8.2610900879e+02 8.2628997803e+02 8.2648901367e+02 8.2678002930e+02 8.2701898193e+02 8.2718902588e+02 8.2734197998e+02 8.2750701904e+02 8.2767498779e+02 8.2784802246e+02 8.2804400635e+02 8.2824597168e+02 8.2842401123e+02 8.2856402588e+02 8.2864001465e+02 8.2875000000e+02 8.2889898682e+02 8.2910998535e+02 8.2942700195e+02 8.2948901367e+02 8.2962200928e+02 8.2980102539e+02 8.3000799561e+02 8.3012200928e+02 8.3022698975e+02 8.3036700439e+02 8.3056097412e+02 8.3071801758e+02 8.3094000244e+02 8.3123498535e+02 8.3151098633e+02 8.3175097656e+02 8.3197802734e+02 8.3215197754e+02 8.3226300049e+02 8.3236499023e+02 8.3243402100e+02 8.3257299805e+02 8.3273699951e+02 8.3278100586e+02 8.3295898438e+02 8.3321697998e+02 8.3346398926e+02 8.3369299316e+02
8.2584197998e+02 8.2587701416e+02 8.2599298096e+02 8.2623297119e+02 8.2647302246e+02 8.2668200684e+02 8.2685900879e+02 8.2703601074e+02 8.2722998047e+02 8.2740600586e+02 8.2757800293e+02 8.2773999023e+02 8.2789801025e+02 8.2805603027e+02 8.2825097656e+02 8.2845001221e+02 8.2856597900e+02 8.2868103027e+02 8.2884899902e+02 8.2909100342e+02 8.2941601563e+02 8.2946801758e+02 8.2953802490e+02 8.2968902588e+02 8.2985797119e+02 8.2998400879e+02 8.3011199951e+02 8.3025097656e+02 8.3042199707e+02 8.3059497070e+02 8.3084301758e+02 8.3114202881e+02 8.3138800049e+02 8.3157501221e+02 8.3180200195e+02 8.3200500488e+02 8.3215301514e+02 8.3225201416e+02 8.3227899170e+02 8.3235797119e+02 8.3251800537e+02 8.3263299561e+02 8.3278302002e+02 8.3297698975e+02 8.3314898682e+02 8.3333300781e+02
8.2574200439e+02 8.2579797363e+02 8.2593298340e+02 8.2618298340e+02 8.2644000244e+02 8.2660797119e+02 8.2674102783e+02 8.2692797852e+02 8.2714801025e+02 8.2734399414e+02 8.2753601074e+02 8.2769799805e+02 8.2782299805e+02 8.2796398926e+02 8.2812902832e+02 8.2831298828e+02 8.2844396973e+02 8.2856298828e+02 8.2875097656e+02 8.2896502686e+02 8.2922198486e+02 8.2933801270e+02 8.2939898682e+02 8.2952398682e+02 8.2967797852e+02 8.2983398438e+02 8.2998199463e+02 8.3010601807e+02 8.3025000000e+02 8.3042999268e+02 8.3069000244e+02 8.3098699951e+02 8.3121398926e+02 8.3139898682e+02 8.3161798096e+02 8.3182202148e+02 8.3198400879e+02 8.3208398438e+02 8.3210101318e+02 8.3215997314e+02 8.3231097412e+02 8.3246997070e+02 8.3261798096e+02 8.3276300049e+02 8.3287097168e+02 8.3300097656e+02
8.2563000488e+02 8.2570697021e+02 8.2586901855e+02 8.2611401367e+02 8.2634997559e+02 8.2649798584e+02 8.2662902832e+02 8.2683801270e+02 8.2707000732e+02 8.2728997803e+02 8.2750500488e+02 8.2767199707e+02 8.2778698730e+02 8.2794000244e+02 8.2804302979e+02 8.2815502930e+02 8.2827502441e+02 8.2842498779e+02 8.2863098145e+02 8.2878399658e+02 8.2891998291e+02 8.2906701660e+02 8.2917401123e+02 8.2930499268e+02 8.2946099854e+02 8.2963702393e+02 8.2977001953e+02 8.2985302734e+02 8.2997698975e+02 8.3016998291e+02 8.3043103027e+02 8.3071997070e+02 8.3096099854e+02 8.3117700195e+02 8.3139300537e+02 8.3158502197e+02 8.3174700928e+02 8.3185900879e+02 8.3189501953e+02 8.3197399902e+02 8.3212402344e+02 8.3226702881e+02 8.3242999268e+02 8.3257800293e+02 8.3266400146e+02 8.3276098633e+02
8.2549102783e+02 8.2556799316e+02 8.2574902344e+02 8.2600097656e+02 8.2623400879e+02 8.2635797119e+02 8.2650897217e+02 8.2672998047e+02 8.2696197510e+02 8.2719396973e+02 8.2742498779e+02 8.2759698486e+02 8.2769299316e+02 8.2784497070e+02 8.2790399170e+02 8.2794500732e+02 8.2805102539e+02 8.2827099609e+02 8.2850598145e+02 8.2863500977e+02 8.2873602295e+02 8.2887402344e+02 8.2898400879e+02 8.2912701416e+02 8.2934197998e+02 8.2946502686e+02 8.2954797363e+02 8.2959698486e+02 8.2970898438e+02 8.2993402100e+02 8.3018402100e+02 8.3043103027e+02 8.3067102051e+02 8.3092797852e+02 8.3113201904e+02 8.3130798340e+02 8.3151702881e+02 8.3163299561e+02 8.3169598389e+02 8.3181298828e+02 8.3195599365e+02 8.3203100586e+02 8.3218200684e+02 8.3234698486e+02 8.3244299316e+02 8.3256896973e+02
8.2529699707e+02 8.2542199707e+02 8.2562402344e+02 8.2588702393e+02 8.2610400391e+02 8.2625299072e+02 8.2641998291e+02 8.2665002441e+02 8.2689501953e+02 8.2710302734e+02 8.2731097412e+02 8.2742901611e+02 8.2746099854e+02 8.2754498291e+02 8.2764501953e+02 8.2776300049e+02 8.2791900635e+02 8.2810900879e+02 8.2830297852e+02 8.2846600342e+02 8.2863098145e+02 8.2877502441e+02 8.2883502197e+02 8.2893499756e+02 8.2915100098e+02 8.2929901123e+02 8.2936999512e+02 8.2942700195e+02 8.2953100586e+02 8.2976300049e+02 8.3001098633e+02 8.3024597168e+02 8.3049200439e+02 8.3070501709e+02 8.3085101318e+02 8.3101300049e+02 8.3126599121e+02 8.3144500732e+02 8.3154302979e+02 8.3167199707e+02 8.3178900146e+02 8.3180499268e+02 8.3189599609e+02 8.3204101563e+02 8.3216101074e+02 8.3226702881e+02
8.2509899902e+02 8.2527398682e+02 8.2549700928e+02 8.2574798584e+02 8.2593200684e+02 8.2610101318e+02 8.2627197266e+02 8.2646301270e+02 8.2671197510e+02 8.2696398926e+02 8.2715301514e+02 8.2722998047e+02 8.2725201416e+02 8.2732702637e+02 8.2746997070e+02 8.2764898682e+02 8.2781701660e+02 8.2796002197e+02 8.2811602783e+02 8.2829998779e+02 8.2849902344e+02 8.2864001465e+02 8.2869299316e+02 8.2877197266e+02 8.2890600586e+02 8.2904901123e+02 8.2915600586e+02 8.2924902344e+02 8.2936999512e+02 8.2956896973e+02 8.2978698730e+02 8.3000598145e+02 8.3025500488e+02 8.3044500732e+02 8.3056402588e+02 8.3071899414e+02 8.3096099854e+02 8.3113702393e+02 8.3126300049e+02 8.3140802002e+02 8.3152502441e+02 8.3153900146e+02 8.3160797119e+02 8.3175000000e+02 8.3190997314e+02 8.3201397705e+02
8.2495397949e+02 8.2515002441e+02 8.2536401367e+02 8.2557501221e+02 8.2573797607e+02 8.2593701172e+02 8.2614001465e+02 8.2628698730e+02 8.2646600342e+02 8.2674200439e+02 8.2693298340e+02 8.2701300049e+02 8.2705999756e+02 8.2715100098e+02 8.2732202148e+02 8.2752801514e+02 8.2769897461e+02 8.2782501221e+02 8.2795300293e+02 8.2812500000e+02 8.2831500244e+02 8.2843298340e+02 8.2852801514e+02 8.2865100098e+02 8.2871398926e+02 8.2882800293e+02 8.2897998047e+02 8.2912402344e+02 8.2925201416e+02 8.2939099121e+02 8.2955297852e+02 8.2973797607e+02 8.2996600342e+02 8.3014501953e+02 8.3026300049e+02 8.3040502930e+02 8.3059698486e+02 8.3074401855e+02 8.3090802002e+02 8.3108697510e+02 8.3122998047e+02 8.3128198242e+02 8.3138299561e+02 8.3155297852e+02 8.3173199463e+02 8.3183697510e+02
8.2484600830e+02 8.2504998779e+02 8.2525201416e+02 8.2541302490e+02 8.2555902100e+02 8.2574401855e+02 8.2600500488e+02 8.2616601563e+02 8.2623101807e+02 8.2646899414e+02 8.2664801025e+02 8.2675598145e+02 8.2684301758e+02 8.2695800781e+02 8.2712597656e+02 8.2732299805e+02 8.2749499512e+02 8.2766601563e+02 8.2780999756e+02 8.2799102783e+02 8.2817797852e+02 8.2824200439e+02 8.2833001709e+02 8.2850402832e+02 8.2862500000e+02 8.2867999268e+02 8.2883099365e+02 8.2899200439e+02 8.2910998535e+02 8.2923101807e+02 8.2935400391e+02 8.2949597168e+02 8.2969201660e+02 8.2984197998e+02 8.2996398926e+02 8.3008398438e+02 8.3019396973e+02 8.3035797119e+02 8.3057000732e+02 8.3078802490e+02 8.3090600586e+02 8.3102197266e+02 8.3117797852e+02 8.3137597656e+02 8.3155297852e+02 8.3170800781e+02
8.2472497559e+02 8.2496997070e+02 8.2520098877e+02 8.2530200195e+02 8.2538800049e+02 8.2550500488e+02 8.2574401855e+02 8.2597302246e+02 8.2609497070e+02 8.2624597168e+02 8.2638397217e+02 8.2651202393e+02 8.2664202881e+02 8.2677398682e+02 8.2692401123e+02 8.2709698486e+02 8.2728497314e+02 8.2742999268e+02 8.2757598877e+02 8.2775000000e+02 8.2791198730e+02 8.2795501709e+02 8.2808300781e+02 8.2828302002e+02 8.2842700195e+02 8.2853497314e+02 8.2868298340e+02 8.2878997803e+02 8.2886901855e+02 8.2900598145e+02 8.2914801025e+02 8.2929199219e+02 8.2946697998e+02 8.2960101318e+02 8.2972698975e+02 8.2984002686e+02 8.2993701172e+02 8.3004699707e+02 8.3025500488e+02 8.3051098633e+02 8.3068902588e+02 8.3081201172e+02 8.3096502686e+02 8.3113201904e+02 8.3130902100e+02 8.3147802734e+02
8.2466101074e+02 8.2489300537e+02 8.2510998535e+02 8.2522302246e+02 8.2531500244e+02 8.2542401123e+02 8.2560699463e+02 8.2581500244e+02 8.2597802734e+02 8.2609100342e+02 8.2621197510e+02 8.2634899902e+02 8.2647998047e+02 8.2662298584e+02 8.2678399658e+02 8.2697100830e+02 8.2717700195e+02 8.2728698730e+02 8.2736297607e+02 8.2748498535e+02 8.2763800049e+02 8.2775299072e+02 8.2790301514e+02 8.2807202148e+02 8.2821502686e+02 8.2835998535e+02 8.2847601318e+02 8.2854199219e+02 8.2861798096e+02 8.2877801514e+02 8.2895397949e+02 8.2912902832e+02 8.2931597900e+02 8.2944500732e+02 8.2957501221e+02 8.2969000244e+02 8.2976000977e+02 8.2980902100e+02 8.2998498535e+02 8.3025000000e+02 8.3045800781e+02 8.3058001709e+02 8.3071899414e+02 8.3087200928e+02 8.3104498291e+02 8.3122198486e+02
8.2461102295e+02 8.2482598877e+02 8.2499902344e+02 8.2514599609e+02 8.2528399658e+02 8.2542797852e+02 8.2559301758e+02 8.2575500488e+02 8.2590399170e+02 8.2599401855e+02 8.2610498047e+02 8.2625000000e+02 8.2637597656e+02 8.2652697754e+02 8.2670501709e+02 8.2690899658e+02 8.2713201904e+02 8.2725299072e+02 8.2727001953e+02 8.2731597900e+02 8.2744201660e+02 8.2761798096e+02 8.2776702881e+02 8.2789801025e+02 8.2802301025e+02 8.2815197754e+02 8.2823498535e+02 8.2829998779e+02 8.2841400146e+02 8.2863000488e+02 8.2884100342e+02 8.2902099609e+02 8.2917901611e+02 8.2931500244e+02 8.2946002197e+02 8.2957098389e+02 8.2961297607e+02 8.2963201904e+02 8.2975897217e+02 8.2997900391e+02 8.3018597412e+02 8.3032098389e+02 8.3045202637e+02 8.3059997559e+02 8.3079400635e+02 8.3098199463e+02
8.2450299072e+02 8.2470501709e+02 8.2486901855e+02 8.2504901123e+02 8.2524200439e+02 8.2540100098e+02 8.2556597900e+02 8.2570397949e+02 8.2581402588e+02 8.2589599609e+02 8.2601898193e+02 8.2618597412e+02 8.2630603027e+02 8.2643298340e+02 8.2661499023e+02 8.2680798340e+02 8.2700097656e+02 8.2714697266e+02 8.2717401123e+02 8.2719097900e+02 8.2730401611e+02 8.2748699951e+02 8.2763500977e+02 8.2776702881e+02 8.2788397217e+02 8.2797998047e+02 8.2805499268e+02 8.2812298584e+02 8.2824298096e+02 8.2849499512e+02 8.2873797607e+02 8.2889801025e+02 8.2901800537e+02 8.2919396973e+02 8.2934997559e+02 8.2942498779e+02 8.2943402100e+02 8.2946997070e+02 8.2955401611e+02 8.2969897461e+02 8.2990997314e+02 8.3005798340e+02 8.3018103027e+02 8.3032299805e+02 8.3054797363e+02 8.3081097412e+02
8.2441802979e+02 8.2458801270e+02 8.2475598145e+02 8.2494598389e+02 8.2515197754e+02 8.2531896973e+02 8.2546197510e+02 8.2557598877e+02 8.2569299316e+02 8.2583099365e+02 8.2595300293e+02 8.2606097412e+02 8.2617401123e+02 8.2632702637e+02 8.2649902344e+02 8.2669097900e+02 8.2685900879e+02 8.2695098877e+02 8.2699798584e+02 8.2704302979e+02 8.2716101074e+02 8.2732098389e+02 8.2746197510e+02 8.2759197998e+02 8.2769897461e+02 8.2780700684e+02 8.2789599609e+02 8.2795300293e+02 8.2803900146e+02 8.2821502686e+02 8.2845501709e+02 8.2864300537e+02 8.2881201172e+02 8.2896899414e+02 8.2911401367e+02 8.2919702148e+02 8.2920397949e+02 8.2924597168e+02 8.2933697510e+02 8.2946801758e+02 8.2965802002e+02 8.2982501221e+02 8.2994000244e+02 8.3006402588e+02 8.3030700684e+02 8.3061700439e+02
8.2428497314e+02 8.2447399902e+02 8.2464898682e+02 8.2482800293e+02 8.2503997803e+02 8.2522601318e+02 8.2534002686e+02 8.2542999268e+02 8.2557501221e+02 8.2577600098e+02 8.2589099121e+02 8.2593798828e+02 8.2603497314e+02 8.2617797852e+02 8.2632897949e+02 8.2652600098e+02 8.2668597412e+02 8.2677197266e+02 8.2682897949e+02 8.2688500977e+02 8.2700402832e+02 8.2714697266e+02 8.2728198242e+02 8.2741302490e+02 8.2754602051e+02 8.2770001221e+02 8.2779699707e+02 8.2784497070e+02 8.2791601563e+02 8.2806597900e+02 8.2827197266e+02 8.2842602539e+02 8.2857501221e+02 8.2871301270e+02 8.2885498047e+02 8.2895898438e+02 8.2898199463e+02 8.2901300049e+02 8.2910601807e+02 8.2923297119e+02 8.2939898682e+02 8.2957598877e+02 8.2970098877e+02 8.2982098389e+02 8.3003198242e+02 8.3031701660e+02
8.2409197998e+02 8.2429101563e+02 8.2450201416e+02 8.2468200684e+02 8.2488800049e+02 8.2509301758e+02 8.2522198486e+02 8.2531701660e+02 8.2546398926e+02 8.2565100098e+02 8.2578198242e+02 8.2584100342e+02 8.2591998291e+02 8.2601300049e+02 8.2615002441e+02 8.2634197998e+02 8.2650299072e+02 8.2660699463e+02 8.2666198730e+02 8.2671099854e+02 8.2680700684e+02 8.2693597412e+02 8.2708099365e+02 8.2722302246e+02 8.2737298584e+02 8.2755902100e+02 8.2766601563e+02 8.2770397949e+02 8.2776501465e+02 8.2787902832e+02 8.2803100586e+02 8.2814801025e+02 8.2830798340e+02 8.2848199463e+02 8.2860601807e+02 8.2868402100e+02 8.2872698975e+02 8.2876599121e+02 8.2886199951e+02 8.2898699951e+02 8.2912799072e+02 8.2931597900e+02 8.2947198486e+02 8.2960699463e+02 8.2978302002e+02 8.3002099609e+02
