TESTSERVER/22/1.asc
NCOLS 100
NROWS 100
XLLCORNER 8.5997500000e+03
YLLCORNER 2.8990025000e+05
CELLSIZE 5.0000000000e-01
NODATA_VALUE -9.9990000000e+03
[rows 20 to 39 of 100, columns 46 to 91 of 100]
8.2250097656e+02 8.2260699463e+02 8.2275201416e+02 8.2285699463e+02 8.2306097412e+02 8.2326098633e+02 8.2348199463e+02 8.2371502686e+02 8.2400201416e+02 8.2424597168e+02 8.2436700439e+02 8.2458697510e+02 8.2475299072e+02 8.2486798096e+02 8.2494396973e+02 8.2507800293e+02 8.2526202393e+02 8.2537402344e+02 8.2546301270e+02 8.2559698486e+02 8.2577899170e+02 8.2604302979e+02 8.2633300781e+02 8.2657598877e+02 8.2685198975e+02 8.2709399414e+02 8.2734197998e+02 8.2771502686e+02 8.2783398438e+02 8.2792401123e+02 8.2810900879e+02 8.2831201172e+02 8.2848400879e+02 8.2865899658e+02 8.2881701660e+02 8.2911401367e+02 8.2943103027e+02 8.2963098145e+02 8.2981597900e+02 8.2995800781e+02 8.3015802002e+02 8.3041101074e+02 8.3064801025e+02 8.3086798096e+02 8.3106201172e+02 8.3125598145e+02
8.2235601807e+02 8.2246197510e+02 8.2257598877e+02 8.2270599365e+02 8.2293103027e+02 8.2321502686e+02 8.2352600098e+02 8.2376501465e+02 8.2401501465e+02 8.2425598145e+02 8.2443200684e+02 8.2453497314e+02 8.2463201904e+02 8.2477899170e+02 8.2485601807e+02 8.2497399902e+02 8.2518902588e+02 8.2524700928e+02 8.2529302979e+02 8.2548797607e+02 8.2569201660e+02 8.2591302490e+02 8.2617797852e+02 8.2641400146e+02 8.2689599609e+02 8.2723797607e+02 8.2738397217e+02 8.2761700439e+02 8.2770202637e+02 8.2786602783e+02 8.2806097412e+02 8.2819097900e+02 8.2834600830e+02 8.2851800537e+02 8.2871099854e+02 8.2896197510e+02 8.2922698975e+02 8.2950598145e+02 8.2977001953e+02 8.2992498779e+02 8.3008099365e+02 8.3024798584e+02 8.3044000244e+02 8.3065301514e+02 8.3084698486e+02 8.3104699707e+02
8.2223199463e+02 8.2234002686e+02 8.2244598389e+02 8.2261297607e+02 8.2287402344e+02 8.2320599365e+02 8.2355700684e+02 8.2377301025e+02 8.2398199463e+02 8.2419799805e+02 8.2437200928e+02 8.2442401123e+02 8.2445001221e+02 8.2458300781e+02 8.2469598389e+02 8.2484197998e+02 8.2511297607e+02 8.2515100098e+02 8.2515301514e+02 8.2536499023e+02 8.2560601807e+02 8.2581500244e+02 8.2605102539e+02 8.2639001465e+02 8.2690802002e+02 8.2716601563e+02 8.2738397217e+02 8.2756097412e+02 8.2760400391e+02 8.2778997803e+02 8.2798797607e+02 8.2811700439e+02 8.2825299072e+02 8.2841900635e+02 8.2863201904e+02 8.2884100342e+02 8.2907000732e+02 8.2937298584e+02 8.2969500732e+02 8.2987298584e+02 8.3001501465e+02 8.3013299561e+02 8.3027801514e+02 8.3047998047e+02 8.3065899658e+02 8.3084100342e+02
8.2208099365e+02 8.2220300293e+02 8.2233697510e+02 8.2254797363e+02 8.2283099365e+02 8.2315802002e+02 8.2347100830e+02 8.2361102295e+02 8.2375598145e+02 8.2389898682e+02 8.2400500488e+02 8.2403900146e+02 8.2408099365e+02 8.2423400879e+02 8.2441198730e+02 8.2456402588e+02 8.2489801025e+02 8.2503802490e+02 8.2507897949e+02 8.2528002930e+02 8.2552899170e+02 8.2574499512e+02 8.2597497559e+02 8.2652697754e+02 8.2701098633e+02 8.2704699707e+02 8.2731402588e+02 8.2760498047e+02 8.2765399170e+02 8.2779901123e+02 8.2796997070e+02 8.2809497070e+02 8.2817401123e+02 8.2830902100e+02 8.2854199219e+02 8.2876000977e+02 8.2898101807e+02 8.2923999023e+02 8.2952197266e+02 8.2974102783e+02 8.2991302490e+02 8.3003802490e+02 8.3017498779e+02 8.3037402344e+02 8.3053698730e+02 8.3069500732e+02
8.2192700195e+02 8.2205798340e+02 8.2226800537e+02 8.2248901367e+02 8.2274700928e+02 8.2301800537e+02 8.2313397217e+02 8.2325701904e+02 8.2338098145e+02 8.2348297119e+02 8.2356097412e+02 8.2362200928e+02 8.2375000000e+02 8.2392401123e+02 8.2404998779e+02 8.2425799561e+02 8.2460302734e+02 8.2485601807e+02 8.2493298340e+02 8.2519598389e+02 8.2545098877e+02 8.2566601563e+02 8.2592602539e+02 8.2643597412e+02 8.2685900879e+02 8.2688598633e+02 8.2710998535e+02 8.2757397461e+02 8.2774597168e+02 8.2785101318e+02 8.2794299316e+02 8.2807397461e+02 8.2807501221e+02 8.2817901611e+02 8.2841998291e+02 8.2867297363e+02 8.2895202637e+02 8.2916400146e+02 8.2929199219e+02 8.2952099609e+02 8.2976397705e+02 8.2994897461e+02 8.3009399414e+02 8.3028399658e+02 8.3043701172e+02 8.3058001709e+02
8.2172998047e+02 8.2185498047e+02 8.2206097412e+02 8.2225299072e+02 8.2241400146e+02 8.2257501221e+02 8.2274700928e+02 8.2291900635e+02 8.2306896973e+02 8.2319897461e+02 8.2331896973e+02 8.2341998291e+02 8.2358502197e+02 8.2379699707e+02 8.2395300293e+02 8.2410601807e+02 8.2436102295e+02 8.2460998535e+02 8.2478497314e+02 8.2512597656e+02 8.2537500000e+02 8.2556799316e+02 8.2577099609e+02 8.2610797119e+02 8.2649102783e+02 8.2668402100e+02 8.2694702148e+02 8.2737200928e+02 8.2758697510e+02 8.2766699219e+02 8.2778002930e+02 8.2792999268e+02 8.2794000244e+02 8.2806201172e+02 8.2832299805e+02 8.2861999512e+02 8.2884997559e+02 8.2902099609e+02 8.2918298340e+02 8.2938000488e+02 8.2961798096e+02 8.2982299805e+02 8.2998297119e+02 8.3013702393e+02 8.3028497314e+02 8.3041900635e+02
8.2155798340e+02 8.2166699219e+02 8.2185797119e+02 8.2204199219e+02 8.2219396973e+02 8.2234802246e+02 8.2254998779e+02 8.2273699951e+02 8.2290600586e+02 8.2305999756e+02 8.2320800781e+02 8.2332897949e+02 8.2350000000e+02 8.2369396973e+02 8.2383398438e+02 8.2399102783e+02 8.2419598389e+02 8.2440802002e+02 8.2460198975e+02 8.2495202637e+02 8.2526702881e+02 8.2553997803e+02 8.2572998047e+02 8.2597198486e+02 8.2628100586e+02 8.2652801514e+02 8.2678900146e+02 8.2716302490e+02 8.2734997559e+02 8.2741400146e+02 8.2752398682e+02 8.2769299316e+02 8.2781701660e+02 8.2797900391e+02 8.2823901367e+02 8.2857598877e+02 8.2873797607e+02 8.2885998535e+02 8.2908300781e+02 8.2928100586e+02 8.2946801758e+02 8.2965197754e+02 8.2982098389e+02 8.2996301270e+02 8.3013397217e+02 8.3028997803e+02
8.2150000000e+02 8.2162298584e+02 8.2181402588e+02 8.2202697754e+02 8.2220300293e+02 8.2237200928e+02 8.2255200195e+02 8.2271801758e+02 8.2288702393e+02 8.2304602051e+02 8.2320397949e+02 8.2333398438e+02 8.2351000977e+02 8.2368298340e+02 8.2379199219e+02 8.2393701172e+02 8.2414202881e+02 8.2434002686e+02 8.2450500488e+02 8.2473999023e+02 8.2501599121e+02 8.2537902832e+02 8.2566302490e+02 8.2588201904e+02 8.2615399170e+02 8.2642297363e+02 8.2670300293e+02 8.2704797363e+02 8.2720300293e+02 8.2725299072e+02 8.2735900879e+02 8.2755902100e+02 8.2775598145e+02 8.2792102051e+02 8.2813000488e+02 8.2844299316e+02 8.2864801025e+02 8.2880401611e+02 8.2900299072e+02 8.2916802979e+02 8.2931701660e+02 8.2949102783e+02 8.2965802002e+02 8.2980297852e+02 8.2999700928e+02 8.3017102051e+02
8.2150500488e+02 8.2167602539e+02 8.2186297607e+02 8.2207501221e+02 8.2226800537e+02 8.2244799805e+02 8.2263598633e+02 8.2281298828e+02 8.2296398926e+02 8.2310302734e+02 8.2322998047e+02 8.2337902832e+02 8.2355499268e+02 8.2373999023e+02 8.2389801025e+02 8.2397698975e+02 8.2414099121e+02 8.2433697510e+02 8.2451397705e+02 8.2467999268e+02 8.2486102295e+02 8.2517700195e+02 8.2553802490e+02 8.2581799316e+02 8.2606896973e+02 8.2630499268e+02 8.2660900879e+02 8.2692700195e+02 8.2710699463e+02 8.2718798828e+02 8.2730297852e+02 8.2748699951e+02 8.2769097900e+02 8.2789599609e+02 8.2807598877e+02 8.2824798584e+02 8.2853997803e+02 8.2879901123e+02 8.2897601318e+02 8.2906298828e+02 8.2917602539e+02 8.2936602783e+02 8.2953900146e+02 8.2969299316e+02 8.2988800049e+02 8.3005297852e+02
8.2152197266e+02 8.2171197510e+02 8.2193798828e+02 8.2218597412e+02 8.2240197754e+02 8.2258599854e+02 8.2280902100e+02 8.2301599121e+02 8.2311297607e+02 8.2320202637e+02 8.2337298584e+02 8.2357702637e+02 8.2371600342e+02 8.2384497070e+02 8.2396301270e+02 8.2403997803e+02 8.2420098877e+02 8.2437200928e+02 8.2453100586e+02 8.2470001221e+02 8.2489099121e+02 8.2510198975e+02 8.2536401367e+02 8.2570300293e+02 8.2599499512e+02 8.2619299316e+02 8.2645397949e+02 8.2678601074e+02 8.2701898193e+02 8.2713897705e+02 8.2725897217e+02 8.2741699219e+02 8.2764398193e+02 8.2792602539e+02 8.2805999756e+02 8.2807598877e+02 8.2829498291e+02 8.2856896973e+02 8.2880200195e+02 8.2893298340e+02 8.2905499268e+02 8.2923602295e+02 8.2939801025e+02 8.2959100342e+02 8.2975402832e+02 8.2985498047e+02
8.2152899170e+02 8.2173297119e+02 8.2199597168e+02 8.2228601074e+02 8.2248199463e+02 8.2262597656e+02 8.2286602783e+02 8.2312097168e+02 8.2320800781e+02 8.2328302002e+02 8.2350299072e+02 8.2376800537e+02 8.2385699463e+02 8.2395599365e+02 8.2407897949e+02 8.2421997070e+02 8.2444299316e+02 8.2455200195e+02 8.2463201904e+02 8.2477099609e+02 8.2492498779e+02 8.2508801270e+02 8.2527398682e+02 8.2550897217e+02 8.2584802246e+02 8.2615899658e+02 8.2639898682e+02 8.2666998291e+02 8.2688702393e+02 8.2704901123e+02 8.2720501709e+02 8.2736499023e+02 8.2760101318e+02 8.2788299561e+02 8.2800201416e+02 8.2801599121e+02 8.2815698242e+02 8.2838397217e+02 8.2863299561e+02 8.2879998779e+02 8.2896002197e+02 8.2913299561e+02 8.2932800293e+02 8.2957800293e+02 8.2970599365e+02 8.2972302246e+02
8.2147802734e+02 8.2167602539e+02 8.2195300293e+02 8.2224902344e+02 8.2239898682e+02 8.2250097656e+02 8.2275897217e+02 8.2305700684e+02 8.2316601563e+02 8.2324798584e+02 8.2344500732e+02 8.2366101074e+02 8.2373199463e+02 8.2390002441e+02 8.2420397949e+02 8.2444897461e+02 8.2474499512e+02 8.2482897949e+02 8.2484899902e+02 8.2492901611e+02 8.2500897217e+02 8.2510900879e+02 8.2527801514e+02 8.2544500732e+02 8.2571099854e+02 8.2607598877e+02 8.2635998535e+02 8.2657800293e+02 8.2676300049e+02 8.2693701172e+02 8.2711999512e+02 8.2731097412e+02 8.2754101563e+02 8.2777197266e+02 8.2788000488e+02 8.2796997070e+02 8.2809100342e+02 8.2828802490e+02 8.2852001953e+02 8.2870098877e+02 8.2891802979e+02 8.2911297607e+02 8.2933398438e+02 8.2963299561e+02 8.2973602295e+02 8.2967401123e+02
8.2138500977e+02 8.2154901123e+02 8.2175701904e+02 8.2205999756e+02 8.2220599365e+02 8.2232598877e+02 8.2259301758e+02 8.2285601807e+02 8.2299499512e+02 8.2309899902e+02 8.2322302246e+02 8.2337701416e+02 8.2346801758e+02 8.2371301270e+02 8.2421197510e+02 8.2460601807e+02 8.2485302734e+02 8.2493298340e+02 8.2500598145e+02 8.2511798096e+02 8.2517901611e+02 8.2523297119e+02 8.2531402588e+02 8.2546899414e+02 8.2564501953e+02 8.2587402344e+02 8.2614300537e+02 8.2645300293e+02 8.2666802979e+02 8.2684301758e+02 8.2703802490e+02 8.2725598145e+02 8.2746600342e+02 8.2763299561e+02 8.2776800537e+02 8.2791400146e+02 8.2803802490e+02 8.2822601318e+02 8.2844702148e+02 8.2862500000e+02 8.2888299561e+02 8.2909802246e+02 8.2925897217e+02 8.2950402832e+02 8.2962597656e+02 8.2960302734e+02
8.2129699707e+02 8.2145501709e+02 8.2162097168e+02 8.2183898926e+02 8.2202197266e+02 8.2218402100e+02 8.2239697266e+02 8.2264501953e+02 8.2282299805e+02 8.2295697021e+02 8.2310400391e+02 8.2326599121e+02 8.2336199951e+02 8.2354400635e+02 8.2399700928e+02 8.2442498779e+02 8.2470599365e+02 8.2486401367e+02 8.2501702881e+02 8.2519299316e+02 8.2531597900e+02 8.2541198730e+02 8.2548999023e+02 8.2554998779e+02 8.2567401123e+02 8.2584399414e+02 8.2603900146e+02 8.2628497314e+02 8.2651300049e+02 8.2671301270e+02 8.2694201660e+02 8.2714801025e+02 8.2734301758e+02 8.2750701904e+02 8.2766699219e+02 8.2777697754e+02 8.2801000977e+02 8.2823602295e+02 8.2840997314e+02 8.2867401123e+02 8.2903802490e+02 8.2919299316e+02 8.2915399170e+02 8.2925201416e+02 8.2937200928e+02 8.2943597412e+02
8.2118597412e+02 8.2133099365e+02 8.2147998047e+02 8.2168103027e+02 8.2188201904e+02 8.2206402588e+02 8.2227001953e+02 8.2254199219e+02 8.2272100830e+02 8.2283502197e+02 8.2296099854e+02 8.2315899658e+02 8.2328802490e+02 8.2344799805e+02 8.2393597412e+02 8.2448901367e+02 8.2478002930e+02 8.2488000488e+02 8.2497900391e+02 8.2519396973e+02 8.2533502197e+02 8.2547900391e+02 8.2564398193e+02 8.2570397949e+02 8.2576501465e+02 8.2586102295e+02 8.2601898193e+02 8.2619702148e+02 8.2637701416e+02 8.2657299805e+02 8.2679602051e+02 8.2699798584e+02 8.2719201660e+02 8.2738897705e+02 8.2760498047e+02 8.2770397949e+02 8.2800097656e+02 8.2826300049e+02 8.2838397217e+02 8.2865502930e+02 8.2900402832e+02 8.2911199951e+02 8.2903900146e+02 8.2909899902e+02 8.2920599365e+02 8.2931298828e+02
8.2105902100e+02 8.2118902588e+02 8.2135699463e+02 8.2158001709e+02 8.2179199219e+02 8.2198101807e+02 8.2219897461e+02 8.2249401855e+02 8.2265600586e+02 8.2274102783e+02 8.2284600830e+02 8.2305798340e+02 8.2316601563e+02 8.2323699951e+02 8.2373797607e+02 8.2447302246e+02 8.2480499268e+02 8.2486102295e+02 8.2491802979e+02 8.2518597412e+02 8.2529901123e+02 8.2539697266e+02 8.2564001465e+02 8.2580603027e+02 8.2590899658e+02 8.2596398926e+02 8.2607702637e+02 8.2620501709e+02 8.2634802246e+02 8.2652801514e+02 8.2671697998e+02 8.2689697266e+02 8.2707202148e+02 8.2725598145e+02 8.2745800781e+02 8.2759802246e+02 8.2789001465e+02 8.2814801025e+02 8.2827801514e+02 8.2848498535e+02 8.2870397949e+02 8.2882897949e+02 8.2891198730e+02 8.2901501465e+02 8.2914001465e+02 8.2926898193e+02
8.2094396973e+02 8.2107397461e+02 8.2126098633e+02 8.2155401611e+02 8.2176599121e+02 8.2194396973e+02 8.2217498779e+02 8.2240399170e+02 8.2255401611e+02 8.2265502930e+02 8.2276599121e+02 8.2293103027e+02 8.2303002930e+02 8.2309399414e+02 8.2346301270e+02 8.2423400879e+02 8.2473297119e+02 8.2488500977e+02 8.2488098145e+02 8.2511901855e+02 8.2524499512e+02 8.2537097168e+02 8.2558599854e+02 8.2577398682e+02 8.2597302246e+02 8.2610400391e+02 8.2618499756e+02 8.2624798584e+02 8.2634997559e+02 8.2651098633e+02 8.2669201660e+02 8.2687500000e+02 8.2705401611e+02 8.2720898438e+02 8.2733300781e+02 8.2749700928e+02 8.2773699951e+02 8.2795501709e+02 8.2812402344e+02 8.2830999756e+02 8.2846197510e+02 8.2862298584e+02 8.2881896973e+02 8.2896002197e+02 8.2910498047e+02 8.2922497559e+02
8.2091601563e+02 8.2101898193e+02 8.2122900391e+02 8.2152899170e+02 8.2174499512e+02 8.2194299316e+02 8.2215197754e+02 8.2233300781e+02 8.2246301270e+02 8.2256597900e+02 8.2268597412e+02 8.2281701660e+02 8.2297698975e+02 8.2310797119e+02 8.2332702637e+02 8.2393499756e+02 8.2446301270e+02 8.2470397949e+02 8.2475201416e+02 8.2504901123e+02 8.2529400635e+02 8.2546197510e+02 8.2558099365e+02 8.2574499512e+02 8.2595697021e+02 8.2615197754e+02 8.2625500488e+02 8.2632598877e+02 8.2641198730e+02 8.2653399658e+02 8.2669000244e+02 8.2685400391e+02 8.2701898193e+02 8.2721197510e+02 8.2739398193e+02 8.2755297852e+02 8.2775500488e+02 8.2792498779e+02 8.2807501221e+02 8.2827099609e+02 8.2844598389e+02 8.2860400391e+02 8.2876898193e+02 8.2893402100e+02 8.2908300781e+02 8.2920202637e+02
8.2095501709e+02 8.2104302979e+02 8.2124401855e+02 8.2147198486e+02 8.2167602539e+02 8.2190301514e+02 8.2208801270e+02 8.2228198242e+02 8.2240698242e+02 8.2248999023e+02 8.2262200928e+02 8.2275402832e+02 8.2295397949e+02 8.2310400391e+02 8.2324298096e+02 8.2359802246e+02 8.2395800781e+02 8.2420300293e+02 8.2440997314e+02 8.2489898682e+02 8.2520300293e+02 8.2533801270e+02 8.2542700195e+02 8.2557000732e+02 8.2578100586e+02 8.2604602051e+02 8.2624902344e+02 8.2640802002e+02 8.2652301025e+02 8.2660601807e+02 8.2673297119e+02 8.2686297607e+02 8.2702697754e+02 8.2724401855e+02 8.2741198730e+02 8.2757501221e+02 8.2777001953e+02 8.2794000244e+02 8.2810998535e+02 8.2830297852e+02 8.2847198486e+02 8.2863598633e+02 8.2880798340e+02 8.2896997070e+02 8.2911102295e+02 8.2922998047e+02
8.2090399170e+02 8.2103302002e+02 8.2124499512e+02 8.2144396973e+02 8.2161999512e+02 8.2181799316e+02 8.2199499512e+02 8.2219396973e+02 8.2232299805e+02 8.2242901611e+02 8.2258001709e+02 8.2275097656e+02 8.2298199463e+02 8.2312799072e+02 8.2324499512e+02 8.2343798828e+02 8.2362500000e+02 8.2380499268e+02 8.2403399658e+02 8.2448999023e+02 8.2482098389e+02 8.2506298828e+02 8.2527600098e+02 8.2540899658e+02 8.2562500000e+02 8.2592297363e+02 8.2619702148e+02 8.2644702148e+02 8.2661401367e+02 8.2668402100e+02 8.2679901123e+02 8.2689099121e+02 8.2704199219e+02 8.2725402832e+02 8.2741900635e+02 8.2759497070e+02 8.2779602051e+02 8.2797698975e+02 8.2818200684e+02 8.2841497803e+02 8.2859899902e+02 8.2876898193e+02 8.2895800781e+02 8.2906896973e+02 8.2917797852e+02 8.2928002930e+02
