TESTSERVER/22/1.asc
NCOLS 100
NROWS 100
XLLCORNER 8.5997500000e+03
YLLCORNER 2.8990025000e+05
CELLSIZE 5.0000000000e-01
NODATA_VALUE -9.9990000000e+03
[rows 60 to 79 of 100, columns 46 to 91 of 100]
8.1807299805e+02 8.1824200439e+02 8.1845599365e+02 8.1867797852e+02 8.1891101074e+02 8.1913397217e+02 8.1933099365e+02 8.1952099609e+02 8.1974902344e+02 8.2000402832e+02 8.2028802490e+02 8.2056298828e+02 8.2079699707e+02 8.2101397705e+02 8.2121398926e+02 8.2150500488e+02 8.2186199951e+02 8.2221301270e+02 8.2248797607e+02 8.2275000000e+02 8.2304602051e+02 8.2336901855e+02 8.2372601318e+02 8.2405499268e+02 8.2430603027e+02 8.2455603027e+02 8.2479699707e+02 8.2499700928e+02 8.2517999268e+02 8.2536401367e+02 8.2555700684e+02 8.2583197021e+02 8.2606597900e+02 8.2627301025e+02 8.2648498535e+02 8.2680200195e+02 8.2712200928e+02 8.2739801025e+02 8.2763000488e+02 8.2793200684e+02 8.2821697998e+02 8.2844799805e+02 8.2874200439e+02 8.2902301025e+02 8.2933502197e+02 8.2961401367e+02
8.1799700928e+02 8.1817901611e+02 8.1843200684e+02 8.1869201660e+02 8.1890802002e+02 8.1910498047e+02 8.1929199219e+02 8.1948699951e+02 8.1971002197e+02 8.1994396973e+02 8.2019000244e+02 8.2041998291e+02 8.2064398193e+02 8.2086700439e+02 8.2107202148e+02 8.2134600830e+02 8.2168200684e+02 8.2202801514e+02 8.2232202148e+02 8.2257897949e+02 8.2288702393e+02 8.2321697998e+02 8.2355200195e+02 8.2386499023e+02 8.2415502930e+02 8.2441497803e+02 8.2465100098e+02 8.2484301758e+02 8.2501202393e+02 8.2519201660e+02 8.2540698242e+02 8.2569299316e+02 8.2594702148e+02 8.2617498779e+02 8.2643402100e+02 8.2677001953e+02 8.2708502197e+02 8.2735101318e+02 8.2757202148e+02 8.2785400391e+02 8.2813897705e+02 8.2841198730e+02 8.2869097900e+02 8.2896899414e+02 8.2927899170e+02 8.2954101563e+02
8.1798400879e+02 8.1817102051e+02 8.1842297363e+02 8.1866400146e+02 8.1885900879e+02 8.1904400635e+02 8.1924902344e+02 8.1948999023e+02 8.1971398926e+02 8.1991900635e+02 8.2011798096e+02 8.2029498291e+02 8.2048602295e+02 8.2069897461e+02 8.2092797852e+02 8.2119897461e+02 8.2151599121e+02 8.2184497070e+02 8.2214001465e+02 8.2240698242e+02 8.2271600342e+02 8.2304602051e+02 8.2337902832e+02 8.2369702148e+02 8.2399597168e+02 8.2426501465e+02 8.2450402832e+02 8.2469396973e+02 8.2486102295e+02 8.2504797363e+02 8.2527697754e+02 8.2557702637e+02 8.2584997559e+02 8.2609197998e+02 8.2635699463e+02 8.2669799805e+02 8.2701800537e+02 8.2729602051e+02 8.2753302002e+02 8.2780401611e+02 8.2807299805e+02 8.2834399414e+02 8.2862200928e+02 8.2890502930e+02 8.2921002197e+02 8.2943798828e+02
8.1799102783e+02 8.1818200684e+02 8.1841699219e+02 8.1861401367e+02 8.1878100586e+02 8.1895397949e+02 8.1918298340e+02 8.1946899414e+02 8.1969897461e+02 8.1988397217e+02 8.2004901123e+02 8.2019097900e+02 8.2035198975e+02 8.2054998779e+02 8.2079901123e+02 8.2107299805e+02 8.2136700439e+02 8.2167199707e+02 8.2196002197e+02 8.2224200439e+02 8.2255401611e+02 8.2288598633e+02 8.2321997070e+02 8.2354101563e+02 8.2384399414e+02 8.2411999512e+02 8.2436798096e+02 8.2456701660e+02 8.2474200439e+02 8.2493902588e+02 8.2517901611e+02 8.2549298096e+02 8.2577697754e+02 8.2601098633e+02 8.2623901367e+02 8.2656298828e+02 8.2689697266e+02 8.2720397949e+02 8.2747100830e+02 8.2772998047e+02 8.2797802734e+02 8.2823400879e+02 8.2850799561e+02 8.2881896973e+02 8.2912902832e+02 8.2934002686e+02
8.1795599365e+02 8.1817602539e+02 8.1840301514e+02 8.1855401611e+02 8.1868402100e+02 8.1884100342e+02 8.1908697510e+02 8.1937402344e+02 8.1960699463e+02 8.1979400635e+02 8.1996801758e+02 8.2012500000e+02 8.2028100586e+02 8.2046899414e+02 8.2073101807e+02 8.2098602295e+02 8.2125097656e+02 8.2152502441e+02 8.2180102539e+02 8.2209497070e+02 8.2240802002e+02 8.2273602295e+02 8.2307897949e+02 8.2340899658e+02 8.2370599365e+02 8.2397998047e+02 8.2422698975e+02 8.2444702148e+02 8.2464202881e+02 8.2485601807e+02 8.2512200928e+02 8.2544500732e+02 8.2571997070e+02 8.2592102051e+02 8.2609100342e+02 8.2638201904e+02 8.2672802734e+02 8.2706896973e+02 8.2733099365e+02 8.2757598877e+02 8.2780798340e+02 8.2805902100e+02 8.2834100342e+02 8.2869299316e+02 8.2901501465e+02 8.2923901367e+02
8.1786102295e+02 8.1810900879e+02 8.1834197998e+02 8.1851202393e+02 8.1863500977e+02 8.1878399658e+02 8.1901898193e+02 8.1928002930e+02 8.1951098633e+02 8.1971697998e+02 8.1990899658e+02 8.2008300781e+02 8.2024499512e+02 8.2042797852e+02 8.2065997314e+02 8.2091198730e+02 8.2116101074e+02 8.2141900635e+02 8.2168701172e+02 8.2198101807e+02 8.2229602051e+02 8.2262097168e+02 8.2297100830e+02 8.2329998779e+02 8.2358697510e+02 8.2385400391e+02 8.2410400391e+02 8.2433300781e+02 8.2455700684e+02 8.2479797363e+02 8.2507800293e+02 8.2541497803e+02 8.2567797852e+02 8.2586602783e+02 8.2601702881e+02 8.2624798584e+02 8.2657397461e+02 8.2691998291e+02 8.2718597412e+02 8.2740600586e+02 8.2763800049e+02 8.2789801025e+02 8.2820800781e+02 8.2856298828e+02 8.2888500977e+02 8.2912597656e+02
8.1773498535e+02 8.1798400879e+02 8.1822100830e+02 8.1840399170e+02 8.1854602051e+02 8.1871502686e+02 8.1894396973e+02 8.1918701172e+02 8.1941900635e+02 8.1963500977e+02 8.1985498047e+02 8.2005603027e+02 8.2022399902e+02 8.2039801025e+02 8.2060400391e+02 8.2084197998e+02 8.2108398438e+02 8.2133300781e+02 8.2159399414e+02 8.2189398193e+02 8.2221002197e+02 8.2253302002e+02 8.2286700439e+02 8.2317999268e+02 8.2346301270e+02 8.2372802734e+02 8.2397698975e+02 8.2421801758e+02 8.2445800781e+02 8.2471502686e+02 8.2500701904e+02 8.2533398438e+02 8.2559197998e+02 8.2578802490e+02 8.2595800781e+02 8.2615899658e+02 8.2644897461e+02 8.2678002930e+02 8.2706500244e+02 8.2729998779e+02 8.2753601074e+02 8.2778900146e+02 8.2808599854e+02 8.2841699219e+02 8.2872998047e+02 8.2897900391e+02
8.1759100342e+02 8.1782501221e+02 8.1804400635e+02 8.1822100830e+02 8.1838800049e+02 8.1859301758e+02 8.1884497070e+02 8.1908300781e+02 8.1931500244e+02 8.1953900146e+02 8.1977899170e+02 8.2000598145e+02 8.2018597412e+02 8.2036199951e+02 8.2054998779e+02 8.2078002930e+02 8.2101800537e+02 8.2126098633e+02 8.2151599121e+02 8.2181799316e+02 8.2213098145e+02 8.2244799805e+02 8.2276098633e+02 8.2305603027e+02 8.2333398438e+02 8.2359600830e+02 8.2384197998e+02 8.2408502197e+02 8.2433599854e+02 8.2460198975e+02 8.2489501953e+02 8.2520300293e+02 8.2545898438e+02 8.2566900635e+02 8.2586798096e+02 8.2604998779e+02 8.2630902100e+02 8.2662701416e+02 8.2694097900e+02 8.2720397949e+02 8.2744799805e+02 8.2769201660e+02 8.2796099854e+02 8.2826000977e+02 8.2855902100e+02 8.2882000732e+02
8.1744598389e+02 8.1765899658e+02 8.1785198975e+02 8.1798999023e+02 8.1817901611e+02 8.1841998291e+02 8.1871301270e+02 8.1896899414e+02 8.1920397949e+02 8.1943200684e+02 8.1966601563e+02 8.1989697266e+02 8.2009600830e+02 8.2028601074e+02 8.2049200439e+02 8.2071801758e+02 8.2095300293e+02 8.2119799805e+02 8.2145697021e+02 8.2173999023e+02 8.2205902100e+02 8.2238098145e+02 8.2270501709e+02 8.2294299316e+02 8.2320397949e+02 8.2345397949e+02 8.2368597412e+02 8.2392700195e+02 8.2417999268e+02 8.2444799805e+02 8.2473999023e+02 8.2502502441e+02 8.2527301025e+02 8.2550000000e+02 8.2571801758e+02 8.2590100098e+02 8.2613201904e+02 8.2641998291e+02 8.2675201416e+02 8.2709100342e+02 8.2734100342e+02 8.2756896973e+02 8.2781896973e+02 8.2811401367e+02 8.2840301514e+02 8.2866699219e+02
8.1730297852e+02 8.1748901367e+02 8.1765301514e+02 8.1778900146e+02 8.1797601318e+02 8.1822302246e+02 8.1853698730e+02 8.1882501221e+02 8.1908502197e+02 8.1932897949e+02 8.1956298828e+02 8.1977899170e+02 8.1997100830e+02 8.2016802979e+02 8.2040197754e+02 8.2064501953e+02 8.2088098145e+02 8.2112597656e+02 8.2137701416e+02 8.2166400146e+02 8.2199401855e+02 8.2233001709e+02 8.2261199951e+02 8.2284698486e+02 8.2308398438e+02 8.2330902100e+02 8.2352600098e+02 8.2375500488e+02 8.2400201416e+02 8.2426000977e+02 8.2454602051e+02 8.2481701660e+02 8.2504901123e+02 8.2526800537e+02 8.2548297119e+02 8.2570300293e+02 8.2594097900e+02 8.2621099854e+02 8.2652502441e+02 8.2686798096e+02 8.2716101074e+02 8.2741497803e+02 8.2768200684e+02 8.2798199463e+02 8.2826300049e+02 8.2851898193e+02
8.1715502930e+02 8.1730798340e+02 8.1745697021e+02 8.1759899902e+02 8.1778698730e+02 8.1803698730e+02 8.1835900879e+02 8.1867297363e+02 8.1895501709e+02 8.1921697998e+02 8.1945697021e+02 8.1965698242e+02 8.1984197998e+02 8.2003997803e+02 8.2028802490e+02 8.2054699707e+02 8.2078698730e+02 8.2102697754e+02 8.2126800537e+02 8.2154498291e+02 8.2186499023e+02 8.2219396973e+02 8.2247497559e+02 8.2270800781e+02 8.2293798828e+02 8.2315301514e+02 8.2335498047e+02 8.2357098389e+02 8.2380902100e+02 8.2405798340e+02 8.2433001709e+02 8.2458697510e+02 8.2481097412e+02 8.2502502441e+02 8.2523797607e+02 8.2546801758e+02 8.2571002197e+02 8.2597399902e+02 8.2626800537e+02 8.2660998535e+02 8.2694897461e+02 8.2723699951e+02 8.2751000977e+02 8.2780102539e+02 8.2806896973e+02 8.2832000732e+02
8.1701501465e+02 8.1714001465e+02 8.1727398682e+02 8.1742401123e+02 8.1761401367e+02 8.1786401367e+02 8.1818902588e+02 8.1852398682e+02 8.1882397461e+02 8.1909997559e+02 8.1934802246e+02 8.1954101563e+02 8.1971502686e+02 8.1990802002e+02 8.2015802002e+02 8.2042498779e+02 8.2066497803e+02 8.2089898682e+02 8.2112701416e+02 8.2138299561e+02 8.2168402100e+02 8.2200097656e+02 8.2228997803e+02 8.2253601074e+02 8.2276599121e+02 8.2297802734e+02 8.2317297363e+02 8.2338000488e+02 8.2360797119e+02 8.2384802246e+02 8.2410498047e+02 8.2435302734e+02 8.2457501221e+02 8.2478997803e+02 8.2500799561e+02 8.2524499512e+02 8.2548400879e+02 8.2573400879e+02 8.2601000977e+02 8.2635998535e+02 8.2672998047e+02 8.2704602051e+02 8.2732202148e+02 8.2759497070e+02 8.2784698486e+02 8.2809100342e+02
8.1689599609e+02 8.1699798584e+02 8.1710998535e+02 8.1726000977e+02 8.1746099854e+02 8.1771899414e+02 8.1804602051e+02 8.1838000488e+02 8.1869201660e+02 8.1897900391e+02 8.1923297119e+02 8.1942901611e+02 8.1961297607e+02 8.1980401611e+02 8.2002099609e+02 8.2026501465e+02 8.2050097656e+02 8.2073400879e+02 8.2095898438e+02 8.2119799805e+02 8.2146801758e+02 8.2175299072e+02 8.2202398682e+02 8.2231597900e+02 8.2255700684e+02 8.2278100586e+02 8.2298400879e+02 8.2318798828e+02 8.2340600586e+02 8.2363500977e+02 8.2387500000e+02 8.2411999512e+02 8.2434997559e+02 8.2457800293e+02 8.2482800293e+02 8.2506597900e+02 8.2530401611e+02 8.2554302979e+02 8.2581402588e+02 8.2613800049e+02 8.2650201416e+02 8.2684100342e+02 8.2714398193e+02 8.2740600586e+02 8.2765698242e+02 8.2790600586e+02
8.1678601074e+02 8.1688201904e+02 8.1700299072e+02 8.1714202881e+02 8.1734002686e+02 8.1760699463e+02 8.1793200684e+02 8.1826000977e+02 8.1857202148e+02 8.1886102295e+02 8.1910601807e+02 8.1930499268e+02 8.1950598145e+02 8.1970098877e+02 8.1988897705e+02 8.2009802246e+02 8.2032598877e+02 8.2055700684e+02 8.2077001953e+02 8.2099401855e+02 8.2124597168e+02 8.2151000977e+02 8.2179498291e+02 8.2207702637e+02 8.2233197021e+02 8.2257202148e+02 8.2279101563e+02 8.2300097656e+02 8.2321697998e+02 8.2344201660e+02 8.2367999268e+02 8.2391802979e+02 8.2415301514e+02 8.2439001465e+02 8.2464202881e+02 8.2489398193e+02 8.2514001465e+02 8.2540002441e+02 8.2566900635e+02 8.2598999023e+02 8.2633001709e+02 8.2666101074e+02 8.2696697998e+02 8.2723699951e+02 8.2750097656e+02 8.2775701904e+02
8.1668902588e+02 8.1679199219e+02 8.1691998291e+02 8.1704901123e+02 8.1723400879e+02 8.1749499512e+02 8.1781701660e+02 8.1813702393e+02 8.1844000244e+02 8.1872198486e+02 8.1895599365e+02 8.1915997314e+02 8.1936901855e+02 8.1956701660e+02 8.1974902344e+02 8.1994000244e+02 8.2015600586e+02 8.2037799072e+02 8.2058099365e+02 8.2079302979e+02 8.2103802490e+02 8.2129602051e+02 8.2157299805e+02 8.2185498047e+02 8.2211700439e+02 8.2236499023e+02 8.2259802246e+02 8.2282000732e+02 8.2304400635e+02 8.2327099609e+02 8.2350598145e+02 8.2374401855e+02 8.2397900391e+02 8.2421301270e+02 8.2445697021e+02 8.2470001221e+02 8.2495001221e+02 8.2522698975e+02 8.2551599121e+02 8.2583099365e+02 8.2616198730e+02 8.2648498535e+02 8.2678601074e+02 8.2705999756e+02 8.2732299805e+02 8.2757897949e+02
8.1660302734e+02 8.1671697998e+02 8.1684399414e+02 8.1695300293e+02 8.1711901855e+02 8.1736499023e+02 8.1767901611e+02 8.1798901367e+02 8.1828002930e+02 8.1854998779e+02 8.1877398682e+02 8.1898699951e+02 8.1920697021e+02 8.1941302490e+02 8.1959600830e+02 8.1977502441e+02 8.1997802734e+02 8.2019097900e+02 8.2039202881e+02 8.2060198975e+02 8.2084100342e+02 8.2109301758e+02 8.2135900879e+02 8.2163500977e+02 8.2190100098e+02 8.2215698242e+02 8.2240399170e+02 8.2264501953e+02 8.2287902832e+02 8.2311102295e+02 8.2334497070e+02 8.2358300781e+02 8.2381701660e+02 8.2404797363e+02 8.2427600098e+02 8.2450201416e+02 8.2475500488e+02 8.2504498291e+02 8.2535601807e+02 8.2566497803e+02 8.2598699951e+02 8.2629901123e+02 8.2659399414e+02 8.2686798096e+02 8.2713098145e+02 8.2738702393e+02
8.1653302002e+02 8.1665399170e+02 8.1676098633e+02 8.1684002686e+02 8.1697302246e+02 8.1719702148e+02 8.1750000000e+02 8.1779302979e+02 8.1805902100e+02 8.1830200195e+02 8.1850402832e+02 8.1877899170e+02 8.1901397705e+02 8.1922998047e+02 8.1940502930e+02 8.1959399414e+02 8.1978900146e+02 8.1999298096e+02 8.2019702148e+02 8.2041699219e+02 8.2065100098e+02 8.2089801025e+02 8.2114898682e+02 8.2141101074e+02 8.2167700195e+02 8.2194097900e+02 8.2219897461e+02 8.2247198486e+02 8.2272601318e+02 8.2296600342e+02 8.2320098877e+02 8.2342102051e+02 8.2365100098e+02 8.2387701416e+02 8.2409600830e+02 8.2432202148e+02 8.2457800293e+02 8.2486901855e+02 8.2518902588e+02 8.2550000000e+02 8.2580102539e+02 8.2609600830e+02 8.2637097168e+02 8.2665197754e+02 8.2691802979e+02 8.2717700195e+02
8.1646899414e+02 8.1658099365e+02 8.1666802979e+02 8.1672900391e+02 8.1681701660e+02 8.1699499512e+02 8.1728601074e+02 8.1756097412e+02 8.1780499268e+02 8.1802502441e+02 8.1827197266e+02 8.1855999756e+02 8.1880700684e+02 8.1903399658e+02 8.1922900391e+02 8.1940802002e+02 8.1959997559e+02 8.1979901123e+02 8.2000299072e+02 8.2021502686e+02 8.2044799805e+02 8.2069500732e+02 8.2094500732e+02 8.2119097900e+02 8.2145697021e+02 8.2172998047e+02 8.2200299072e+02 8.2228601074e+02 8.2255499268e+02 8.2279901123e+02 8.2301501465e+02 8.2323199463e+02 8.2345800781e+02 8.2368200684e+02 8.2390899658e+02 8.2415197754e+02 8.2441497803e+02 8.2469799805e+02 8.2501702881e+02 8.2533300781e+02 8.2561798096e+02 8.2589599609e+02 8.2617297363e+02 8.2645098877e+02 8.2672802734e+02 8.2699902344e+02
8.1640301514e+02 8.1651501465e+02 8.1659698486e+02 8.1665301514e+02 8.1671502686e+02 8.1685198975e+02 8.1711499023e+02 8.1738702393e+02 8.1762200928e+02 8.1783599854e+02 8.1808801270e+02 8.1838201904e+02 8.1863000488e+02 8.1885998535e+02 8.1905700684e+02 8.1922998047e+02 8.1941699219e+02 8.1961102295e+02 8.1980603027e+02 8.2001300049e+02 8.2024499512e+02 8.2049401855e+02 8.2074700928e+02 8.2099401855e+02 8.2126397705e+02 8.2153997803e+02 8.2181201172e+02 8.2208398438e+02 8.2234899902e+02 8.2259002686e+02 8.2280700684e+02 8.2302899170e+02 8.2325402832e+02 8.2347802734e+02 8.2371002197e+02 8.2396002197e+02 8.2422802734e+02 8.2451397705e+02 8.2483398438e+02 8.2514599609e+02 8.2542602539e+02 8.2569799805e+02 8.2597100830e+02 8.2625500488e+02 8.2654199219e+02 8.2682501221e+02
8.1633197021e+02 8.1644897461e+02 8.1653399658e+02 8.1659497070e+02 8.1665100098e+02 8.1676800537e+02 8.1700701904e+02 8.1727301025e+02 8.1750201416e+02 8.1771697998e+02 8.1796398926e+02 8.1824499512e+02 8.1848699951e+02 8.1870898438e+02 8.1889398193e+02 8.1905603027e+02 8.1923699951e+02 8.1942498779e+02 8.1961199951e+02 8.1981201172e+02 8.2004400635e+02 8.2029400635e+02 8.2055700684e+02 8.2080999756e+02 8.2107897949e+02 8.2135601807e+02 8.2162298584e+02 8.2187500000e+02 8.2212799072e+02 8.2236102295e+02 8.2258502197e+02 8.2282000732e+02 8.2304199219e+02 8.2326599121e+02 8.2349902344e+02 8.2375598145e+02 8.2402899170e+02 8.2431896973e+02 8.2463598633e+02 8.2494097900e+02 8.2521899414e+02 8.2548999023e+02 8.2575701904e+02 8.2604302979e+02 8.2634002686e+02 8.2663702393e+02
