TESTSERVER/22/10.asc
NCOLS 100
NROWS 100
XLLCORNER 8.5997500000e+03
YLLCORNER 2.8945025000e+05
CELLSIZE 5.0000000000e-01
NODATA_VALUE -9.9990000000e+03
[rows 60 to 79 of 100, columns 46 to 91 of 100]
6.6889300537e+02 6.6897698975e+02 6.6907098389e+02 6.6915600586e+02 6.6922302246e+02 6.6928601074e+02 6.6935797119e+02 6.6943298340e+02 6.6950000000e+02 6.6956799316e+02 6.6964697266e+02 6.6973400879e+02 6.6980401611e+02 6.6987402344e+02 6.6996502686e+02 6.7004901123e+02 6.7012701416e+02 6.7020202637e+02 6.7026000977e+02 6.7031701660e+02 6.7037902832e+02 6.7043701172e+02 6.7048999023e+02 6.7056298828e+02 6.7064099121e+02 6.7070001221e+02 6.7075402832e+02 6.7080700684e+02 6.7087298584e+02 6.7095599365e+02 6.7101000977e+02 6.7106097412e+02 6.7110900879e+02 6.7114501953e+02 6.7120697021e+02 6.7128997803e+02 6.7136700439e+02 6.7141998291e+02 6.7147198486e+02 6.7153900146e+02 6.7159197998e+02 6.7165899658e+02 6.7170697021e+02 6.7178997803e+02 6.7186401367e+02 6.7192602539e+02
6.6877099609e+02 6.6884802246e+02 6.6892901611e+02 6.6901300049e+02 6.6908502197e+02 6.6914599609e+02 6.6921099854e+02 6.6928302002e+02 6.6935101318e+02 6.6943298340e+02 6.6951397705e+02 6.6958801270e+02 6.6965502930e+02 6.6973199463e+02 6.6981097412e+02 6.6988500977e+02 6.6996600342e+02 6.7002197266e+02 6.7007702637e+02 6.7014300537e+02 6.7019598389e+02 6.7025701904e+02 6.7032897949e+02 6.7038800049e+02 6.7046899414e+02 6.7053900146e+02 6.7060699463e+02 6.7065399170e+02 6.7070800781e+02 6.7078399658e+02 6.7084197998e+02 6.7089501953e+02 6.7095098877e+02 6.7099902344e+02 6.7106402588e+02 6.7113299561e+02 6.7121002197e+02 6.7127197266e+02 6.7132598877e+02 6.7138800049e+02 6.7143200684e+02 6.7150299072e+02 6.7157202148e+02 6.7165301514e+02 6.7171697998e+02 6.7177301025e+02
6.6864300537e+02 6.6871997070e+02 6.6879699707e+02 6.6887701416e+02 6.6895697021e+02 6.6901800537e+02 6.6907202148e+02 6.6914599609e+02 6.6921600342e+02 6.6930200195e+02 6.6937500000e+02 6.6943597412e+02 6.6950500488e+02 6.6959002686e+02 6.6966198730e+02 6.6972601318e+02 6.6980102539e+02 6.6985601807e+02 6.6991101074e+02 6.6997601318e+02 6.7002600098e+02 6.7009197998e+02 6.7016699219e+02 6.7023199463e+02 6.7030700684e+02 6.7036798096e+02 6.7043701172e+02 6.7049298096e+02 6.7053997803e+02 6.7061102295e+02 6.7067999268e+02 6.7073699951e+02 6.7079302979e+02 6.7084197998e+02 6.7090301514e+02 6.7097601318e+02 6.7105200195e+02 6.7111499023e+02 6.7117797852e+02 6.7124401855e+02 6.7128997803e+02 6.7135998535e+02 6.7142999268e+02 6.7150097656e+02 6.7155902100e+02 6.7162200928e+02
6.6851898193e+02 6.6859698486e+02 6.6867498779e+02 6.6875000000e+02 6.6882501221e+02 6.6889202881e+02 6.6895300293e+02 6.6902502441e+02 6.6909497070e+02 6.6916900635e+02 6.6923797607e+02 6.6930499268e+02 6.6937500000e+02 6.6944598389e+02 6.6951000977e+02 6.6957501221e+02 6.6963299561e+02 6.6968701172e+02 6.6974200439e+02 6.6979602051e+02 6.6985601807e+02 6.6993200684e+02 6.7000701904e+02 6.7007299805e+02 6.7014001465e+02 6.7019897461e+02 6.7026397705e+02 6.7033300781e+02 6.7038299561e+02 6.7045501709e+02 6.7052197266e+02 6.7057397461e+02 6.7064099121e+02 6.7070800781e+02 6.7075799561e+02 6.7081799316e+02 6.7088397217e+02 6.7094702148e+02 6.7101501465e+02 6.7109197998e+02 6.7115301514e+02 6.7123199463e+02 6.7128900146e+02 6.7135601807e+02 6.7141699219e+02 6.7148297119e+02
6.6840100098e+02 6.6847802734e+02 6.6856201172e+02 6.6863702393e+02 6.6871398926e+02 6.6878100586e+02 6.6884100342e+02 6.6890301514e+02 6.6897998047e+02 6.6904302979e+02 6.6910101318e+02 6.6916900635e+02 6.6923199463e+02 6.6927600098e+02 6.6933599854e+02 6.6940600586e+02 6.6946099854e+02 6.6951702881e+02 6.6957800293e+02 6.6962298584e+02 6.6968298340e+02 6.6976397705e+02 6.6984197998e+02 6.6990002441e+02 6.6996697998e+02 6.7004498291e+02 6.7009997559e+02 6.7016998291e+02 6.7022698975e+02 6.7029302979e+02 6.7034197998e+02 6.7039202881e+02 6.7047601318e+02 6.7055902100e+02 6.7062402344e+02 6.7067498779e+02 6.7073901367e+02 6.7079302979e+02 6.7083697510e+02 6.7090197754e+02 6.7097802734e+02 6.7106896973e+02 6.7113897705e+02 6.7121099854e+02 6.7127600098e+02 6.7133099365e+02
6.6829400635e+02 6.6838201904e+02 6.6846697998e+02 6.6855102539e+02 6.6862200928e+02 6.6867797852e+02 6.6872802734e+02 6.6878002930e+02 6.6883398438e+02 6.6888397217e+02 6.6894000244e+02 6.6900201416e+02 6.6905700684e+02 6.6909497070e+02 6.6915197754e+02 6.6922601318e+02 6.6928802490e+02 6.6932897949e+02 6.6939898682e+02 6.6945898438e+02 6.6952398682e+02 6.6959899902e+02 6.6967297363e+02 6.6973400879e+02 6.6979901123e+02 6.6987500000e+02 6.6993597412e+02 6.6999700928e+02 6.7007098389e+02 6.7014099121e+02 6.7018798828e+02 6.7024200439e+02 6.7031597900e+02 6.7038702393e+02 6.7045501709e+02 6.7051397705e+02 6.7059100342e+02 6.7065399170e+02 6.7071002197e+02 6.7077099609e+02 6.7084997559e+02 6.7092102051e+02 6.7099700928e+02 6.7106597900e+02 6.7112402344e+02 6.7119299316e+02
6.6820397949e+02 6.6829101563e+02 6.6836798096e+02 6.6844897461e+02 6.6848999023e+02 6.6853100586e+02 6.6858099365e+02 6.6863098145e+02 6.6867901611e+02 6.6872601318e+02 6.6877697754e+02 6.6882202148e+02 6.6886199951e+02 6.6890997314e+02 6.6897302246e+02 6.6903399658e+02 6.6909899902e+02 6.6915100098e+02 6.6922998047e+02 6.6930499268e+02 6.6937500000e+02 6.6944299316e+02 6.6950598145e+02 6.6957000732e+02 6.6963598633e+02 6.6970300293e+02 6.6976202393e+02 6.6982598877e+02 6.6990399170e+02 6.6997198486e+02 6.7003497314e+02 6.7010601807e+02 6.7017199707e+02 6.7023101807e+02 6.7029699707e+02 6.7035900879e+02 6.7042401123e+02 6.7048297119e+02 6.7055999756e+02 6.7063500977e+02 6.7071301270e+02 6.7078698730e+02 6.7085998535e+02 6.7091699219e+02 6.7096997070e+02 6.7103900146e+02
6.6809698486e+02 6.6817297363e+02 6.6824902344e+02 6.6831597900e+02 6.6832897949e+02 6.6836102295e+02 6.6841302490e+02 6.6846398926e+02 6.6850500488e+02 6.6854699707e+02 6.6859802246e+02 6.6863702393e+02 6.6866699219e+02 6.6872698975e+02 6.6879998779e+02 6.6885699463e+02 6.6892401123e+02 6.6899298096e+02 6.6907098389e+02 6.6914398193e+02 6.6921697998e+02 6.6929602051e+02 6.6935302734e+02 6.6941900635e+02 6.6948602295e+02 6.6954400635e+02 6.6959497070e+02 6.6966400146e+02 6.6973699951e+02 6.6979998779e+02 6.6986999512e+02 6.6994201660e+02 6.7001202393e+02 6.7007702637e+02 6.7014202881e+02 6.7020098877e+02 6.7025799561e+02 6.7031597900e+02 6.7038598633e+02 6.7046801758e+02 6.7054199219e+02 6.7062402344e+02 6.7069396973e+02 6.7075299072e+02 6.7082000732e+02 6.7089599609e+02
6.6794897461e+02 6.6802697754e+02 6.6809698486e+02 6.6813397217e+02 6.6814898682e+02 6.6819396973e+02 6.6823199463e+02 6.6827001953e+02 6.6831402588e+02 6.6835998535e+02 6.6840997314e+02 6.6845202637e+02 6.6848901367e+02 6.6855902100e+02 6.6863299561e+02 6.6869097900e+02 6.6877001953e+02 6.6884600830e+02 6.6891998291e+02 6.6898901367e+02 6.6905999756e+02 6.6914697266e+02 6.6920001221e+02 6.6925500488e+02 6.6932501221e+02 6.6938500977e+02 6.6944299316e+02 6.6950799561e+02 6.6957299805e+02 6.6963397217e+02 6.6970098877e+02 6.6976000977e+02 6.6983398438e+02 6.6989697266e+02 6.6996301270e+02 6.7004699707e+02 6.7011999512e+02 6.7017901611e+02 6.7024700928e+02 6.7030499268e+02 6.7036700439e+02 6.7043798828e+02 6.7050897217e+02 6.7058099365e+02 6.7067602539e+02 6.7075799561e+02
6.6777001953e+02 6.6784497070e+02 6.6790899658e+02 6.6794396973e+02 6.6795800781e+02 6.6801202393e+02 6.6805401611e+02 6.6808502197e+02 6.6814099121e+02 6.6819097900e+02 6.6823699951e+02 6.6827801514e+02 6.6833801270e+02 6.6840399170e+02 6.6846997070e+02 6.6853497314e+02 6.6861999512e+02 6.6868200684e+02 6.6875799561e+02 6.6884002686e+02 6.6891302490e+02 6.6898400879e+02 6.6904400635e+02 6.6909899902e+02 6.6915600586e+02 6.6922100830e+02 6.6929199219e+02 6.6936199951e+02 6.6942297363e+02 6.6949298096e+02 6.6955200195e+02 6.6960400391e+02 6.6967297363e+02 6.6974401855e+02 6.6980902100e+02 6.6988897705e+02 6.6995599365e+02 6.7002398682e+02 6.7010302734e+02 6.7015399170e+02 6.7020397949e+02 6.7027197266e+02 6.7034997559e+02 6.7041802979e+02 6.7050000000e+02 6.7056500244e+02
6.6756298828e+02 6.6764300537e+02 6.6770397949e+02 6.6774102783e+02 6.6776202393e+02 6.6782397461e+02 6.6787701416e+02 6.6790600586e+02 6.6796502686e+02 6.6802301025e+02 6.6807397461e+02 6.6812500000e+02 6.6819000244e+02 6.6824200439e+02 6.6830499268e+02 6.6837701416e+02 6.6846398926e+02 6.6853302002e+02 6.6861199951e+02 6.6868701172e+02 6.6875701904e+02 6.6881298828e+02 6.6887597656e+02 6.6894097900e+02 6.6899401855e+02 6.6906896973e+02 6.6913500977e+02 6.6920001221e+02 6.6926300049e+02 6.6933697510e+02 6.6939599609e+02 6.6945697021e+02 6.6952099609e+02 6.6959497070e+02 6.6965600586e+02 6.6971899414e+02 6.6977697754e+02 6.6984197998e+02 6.6991400146e+02 6.6996997070e+02 6.7003497314e+02 6.7010498047e+02 6.7018597412e+02 6.7026800537e+02 6.7033599854e+02 6.7039001465e+02
6.6735302734e+02 6.6743798828e+02 6.6750299072e+02 6.6754998779e+02 6.6758001709e+02 6.6763897705e+02 6.6770001221e+02 6.6774102783e+02 6.6779797363e+02 6.6785498047e+02 6.6791101074e+02 6.6797601318e+02 6.6802801514e+02 6.6809100342e+02 6.6815698242e+02 6.6822302246e+02 6.6830798340e+02 6.6837799072e+02 6.6845501709e+02 6.6852001953e+02 6.6858697510e+02 6.6863897705e+02 6.6870001221e+02 6.6877301025e+02 6.6883300781e+02 6.6890899658e+02 6.6896600342e+02 6.6902899170e+02 6.6909997559e+02 6.6916802979e+02 6.6923297119e+02 6.6930603027e+02 6.6936798096e+02 6.6943402100e+02 6.6948699951e+02 6.6954699707e+02 6.6960998535e+02 6.6966900635e+02 6.6972900391e+02 6.6979199219e+02 6.6986401367e+02 6.6991998291e+02 6.6998999023e+02 6.7008502197e+02 6.7016101074e+02 6.7022998047e+02
6.6716900635e+02 6.6723602295e+02 6.6730700684e+02 6.6737200928e+02 6.6740502930e+02 6.6747100830e+02 6.6752099609e+02 6.6756896973e+02 6.6763000488e+02 6.6769201660e+02 6.6775299072e+02 6.6781799316e+02 6.6784997559e+02 6.6792797852e+02 6.6801599121e+02 6.6807897949e+02 6.6814697266e+02 6.6820599365e+02 6.6828497314e+02 6.6834197998e+02 6.6839599609e+02 6.6847302246e+02 6.6853601074e+02 6.6860900879e+02 6.6866900635e+02 6.6873101807e+02 6.6879498291e+02 6.6885797119e+02 6.6892199707e+02 6.6899102783e+02 6.6905603027e+02 6.6913098145e+02 6.6918597412e+02 6.6924700928e+02 6.6930798340e+02 6.6937902832e+02 6.6945001221e+02 6.6950000000e+02 6.6956701660e+02 6.6962799072e+02 6.6969201660e+02 6.6975500488e+02 6.6982202148e+02 6.6990002441e+02 6.6998498535e+02 6.7005700684e+02
6.6697399902e+02 6.6703198242e+02 6.6711401367e+02 6.6718298340e+02 6.6723400879e+02 6.6729602051e+02 6.6734301758e+02 6.6739599609e+02 6.6746801758e+02 6.6753198242e+02 6.6759100342e+02 6.6765600586e+02 6.6770098877e+02 6.6777197266e+02 6.6785699463e+02 6.6792602539e+02 6.6798498535e+02 6.6804602051e+02 6.6811401367e+02 6.6817102051e+02 6.6822698975e+02 6.6830700684e+02 6.6837500000e+02 6.6843798828e+02 6.6850299072e+02 6.6856402588e+02 6.6862799072e+02 6.6869000244e+02 6.6875299072e+02 6.6882501221e+02 6.6888000488e+02 6.6894201660e+02 6.6900598145e+02 6.6908398438e+02 6.6915399170e+02 6.6921197510e+02 6.6927502441e+02 6.6933898926e+02 6.6941101074e+02 6.6946997070e+02 6.6954302979e+02 6.6960797119e+02 6.6967797852e+02 6.6974401855e+02 6.6982501221e+02 6.6989501953e+02
6.6678497314e+02 6.6684698486e+02 6.6692700195e+02 6.6699102783e+02 6.6704400635e+02 6.6710797119e+02 6.6717297363e+02 6.6723199463e+02 6.6729797363e+02 6.6736901855e+02 6.6742999268e+02 6.6749597168e+02 6.6755499268e+02 6.6761297607e+02 6.6768597412e+02 6.6775201416e+02 6.6781799316e+02 6.6788500977e+02 6.6794000244e+02 6.6798797607e+02 6.6804797363e+02 6.6812799072e+02 6.6820098877e+02 6.6827197266e+02 6.6834399414e+02 6.6840802002e+02 6.6847100830e+02 6.6852899170e+02 6.6858697510e+02 6.6866198730e+02 6.6871002197e+02 6.6876397705e+02 6.6882098389e+02 6.6889001465e+02 6.6896502686e+02 6.6903198242e+02 6.6910900879e+02 6.6916802979e+02 6.6923699951e+02 6.6929797363e+02 6.6937200928e+02 6.6943798828e+02 6.6952001953e+02 6.6959399414e+02 6.6965802002e+02 6.6972698975e+02
6.6659698486e+02 6.6666699219e+02 6.6674401855e+02 6.6680401611e+02 6.6684899902e+02 6.6692297363e+02 6.6700201416e+02 6.6706097412e+02 6.6711499023e+02 6.6719299316e+02 6.6725201416e+02 6.6731402588e+02 6.6738201904e+02 6.6743902588e+02 6.6750701904e+02 6.6757397461e+02 6.6764501953e+02 6.6771197510e+02 6.6777197266e+02 6.6782299805e+02 6.6788702393e+02 6.6796197510e+02 6.6802899170e+02 6.6810400391e+02 6.6817797852e+02 6.6824401855e+02 6.6830902100e+02 6.6836401367e+02 6.6841900635e+02 6.6847998047e+02 6.6853100586e+02 6.6859802246e+02 6.6865997314e+02 6.6871801758e+02 6.6878002930e+02 6.6885498047e+02 6.6894000244e+02 6.6900402832e+02 6.6908099365e+02 6.6913800049e+02 6.6919897461e+02 6.6927301025e+02 6.6935498047e+02 6.6942999268e+02 6.6949902344e+02 6.6957397461e+02
6.6641699219e+02 6.6648699951e+02 6.6655999756e+02 6.6662298584e+02 6.6667297363e+02 6.6674102783e+02 6.6680902100e+02 6.6687097168e+02 6.6693402100e+02 6.6701098633e+02 6.6705999756e+02 6.6712402344e+02 6.6721197510e+02 6.6726501465e+02 6.6732202148e+02 6.6738702393e+02 6.6746502686e+02 6.6754199219e+02 6.6760699463e+02 6.6766601563e+02 6.6773297119e+02 6.6779199219e+02 6.6784802246e+02 6.6791998291e+02 6.6800402832e+02 6.6807202148e+02 6.6813000488e+02 6.6818499756e+02 6.6824499512e+02 6.6829602051e+02 6.6835998535e+02 6.6843200684e+02 6.6849401855e+02 6.6854901123e+02 6.6861102295e+02 6.6868298340e+02 6.6875799561e+02 6.6882098389e+02 6.6890301514e+02 6.6896301270e+02 6.6900701904e+02 6.6911297607e+02 6.6919500732e+02 6.6926202393e+02 6.6932897949e+02 6.6940002441e+02
6.6624298096e+02 6.6631799316e+02 6.6637500000e+02 6.6642401123e+02 6.6647601318e+02 6.6654998779e+02 6.6661798096e+02 6.6668298340e+02 6.6675897217e+02 6.6682098389e+02 6.6687097168e+02 6.6694598389e+02 6.6702001953e+02 6.6707598877e+02 6.6714099121e+02 6.6721398926e+02 6.6728198242e+02 6.6734899902e+02 6.6741101074e+02 6.6748101807e+02 6.6755102539e+02 6.6761401367e+02 6.6768298340e+02 6.6775097656e+02 6.6782299805e+02 6.6789202881e+02 6.6795397949e+02 6.6801202393e+02 6.6807000732e+02 6.6812200928e+02 6.6818298340e+02 6.6825201416e+02 6.6832702637e+02 6.6837701416e+02 6.6844201660e+02 6.6851300049e+02 6.6858502197e+02 6.6865100098e+02 6.6872198486e+02 6.6877899170e+02 6.6883398438e+02 6.6892102051e+02 6.6901397705e+02 6.6909100342e+02 6.6915997314e+02 6.6924200439e+02
6.6606298828e+02 6.6613299561e+02 6.6618499756e+02 6.6623199463e+02 6.6628601074e+02 6.6635998535e+02 6.6641998291e+02 6.6648297119e+02 6.6655999756e+02 6.6662701416e+02 6.6668200684e+02 6.6675000000e+02 6.6681799316e+02 6.6687902832e+02 6.6695001221e+02 6.6703302002e+02 6.6710101318e+02 6.6715899658e+02 6.6722399902e+02 6.6729797363e+02 6.6736602783e+02 6.6743701172e+02 6.6751098633e+02 6.6756799316e+02 6.6763299561e+02 6.6770001221e+02 6.6776300049e+02 6.6782897949e+02 6.6789099121e+02 6.6795397949e+02 6.6801898193e+02 6.6807702637e+02 6.6814801025e+02 6.6821197510e+02 6.6827197266e+02 6.6834197998e+02 6.6842401123e+02 6.6849102783e+02 6.6855700684e+02 6.6861499023e+02 6.6867498779e+02 6.6873602295e+02 6.6883197021e+02 6.6891900635e+02 6.6898797607e+02 6.6908001709e+02
6.6585998535e+02 6.6592199707e+02 6.6597998047e+02 6.6604199219e+02 6.6610400391e+02 6.6617102051e+02 6.6622802734e+02 6.6629302979e+02 6.6636499023e+02 6.6643402100e+02 6.6649499512e+02 6.6656402588e+02 6.6662701416e+02 6.6669500732e+02 6.6675701904e+02 6.6683001709e+02 6.6690600586e+02 6.6696600342e+02 6.6703698730e+02 6.6710400391e+02 6.6716998291e+02 6.6724798584e+02 6.6732299805e+02 6.6737799072e+02 6.6744702148e+02 6.6750402832e+02 6.6756799316e+02 6.6764001465e+02 6.6770800781e+02 6.6778601074e+02 6.6785101318e+02 6.6790100098e+02 6.6796801758e+02 6.6804302979e+02 6.6809997559e+02 6.6816699219e+02 6.6825299072e+02 6.6832897949e+02 6.6839501953e+02 6.6845501709e+02 6.6851300049e+02 6.6856597900e+02 6.6866101074e+02 6.6874499512e+02 6.6880700684e+02 6.6889801025e+02
