TESTSERVER/22/10.asc
NCOLS 100
NROWS 100
XLLCORNER 8.5997500000e+03
YLLCORNER 2.8945025000e+05
CELLSIZE 5.0000000000e-01
NODATA_VALUE -9.9990000000e+03
[rows 60 to 79 of 100, columns 0 to 45 of 100]
6.6514599609e+02 6.6525500488e+02 6.6534301758e+02 6.6542199707e+02 6.6551898193e+02 6.6557000732e+02 6.6563201904e+02 6.6567700195e+02 6.6573101807e+02 6.6579797363e+02 6.6586297607e+02 6.6595300293e+02 6.6604797363e+02 6.6614001465e+02 6.6621002197e+02 6.6628601074e+02 6.6637097168e+02 6.6645202637e+02 6.6653601074e+02 6.6661401367e+02 6.6671301270e+02 6.6679901123e+02 6.6688397217e+02 6.6696801758e+02 6.6703198242e+02 6.6711700439e+02 6.6718103027e+02 6.6725897217e+02 6.6735900879e+02 6.6744000244e+02 6.6752398682e+02 6.6761199951e+02 6.6770697021e+02 6.6778997803e+02 6.6788800049e+02 6.6796600342e+02 6.6804602051e+02 6.6813800049e+02 6.6822802734e+02 6.6830200195e+02 6.6838000488e+02 6.6847900391e+02 6.6855401611e+02 6.6861999512e+02 6.6871099854e+02 6.6881298828e+02
6.6495001221e+02 6.6508697510e+02 6.6514697266e+02 6.6526397705e+02 6.6540997314e+02 6.6546600342e+02 6.6554602051e+02 6.6560498047e+02 6.6565899658e+02 6.6572100830e+02 6.6579400635e+02 6.6585797119e+02 6.6592401123e+02 6.6600799561e+02 6.6607501221e+02 6.6615802002e+02 6.6624200439e+02 6.6632598877e+02 6.6640600586e+02 6.6648999023e+02 6.6659399414e+02 6.6668200684e+02 6.6677899170e+02 6.6685998535e+02 6.6692102051e+02 6.6701898193e+02 6.6709802246e+02 6.6716998291e+02 6.6725598145e+02 6.6735198975e+02 6.6743902588e+02 6.6751898193e+02 6.6760302734e+02 6.6768499756e+02 6.6779302979e+02 6.6786798096e+02 6.6795599365e+02 6.6803802490e+02 6.6812402344e+02 6.6820397949e+02 6.6828698730e+02 6.6838201904e+02 6.6845501709e+02 6.6852801514e+02 6.6860998535e+02 6.6868902588e+02
6.6465502930e+02 6.6481298828e+02 6.6488800049e+02 6.6502398682e+02 6.6517901611e+02 6.6528802490e+02 6.6543103027e+02 6.6550299072e+02 6.6558599854e+02 6.6564697266e+02 6.6571697998e+02 6.6578002930e+02 6.6583300781e+02 6.6590698242e+02 6.6597100830e+02 6.6604101563e+02 6.6612097168e+02 6.6621197510e+02 6.6628497314e+02 6.6636700439e+02 6.6646801758e+02 6.6654998779e+02 6.6665002441e+02 6.6672802734e+02 6.6679998779e+02 6.6689801025e+02 6.6697601318e+02 6.6704797363e+02 6.6713201904e+02 6.6723400879e+02 6.6732501221e+02 6.6740698242e+02 6.6750000000e+02 6.6758801270e+02 6.6768499756e+02 6.6775897217e+02 6.6785101318e+02 6.6793402100e+02 6.6802001953e+02 6.6810101318e+02 6.6819000244e+02 6.6828002930e+02 6.6834497070e+02 6.6841998291e+02 6.6849499512e+02 6.6856597900e+02
6.6431201172e+02 6.6448999023e+02 6.6462597656e+02 6.6474700928e+02 6.6490698242e+02 6.6505603027e+02 6.6522198486e+02 6.6532702637e+02 6.6546801758e+02 6.6554998779e+02 6.6562500000e+02 6.6569702148e+02 6.6575299072e+02 6.6583197021e+02 6.6589801025e+02 6.6595898438e+02 6.6604101563e+02 6.6612200928e+02 6.6618597412e+02 6.6626898193e+02 6.6635400391e+02 6.6643499756e+02 6.6653497314e+02 6.6660797119e+02 6.6669299316e+02 6.6678698730e+02 6.6684698486e+02 6.6691601563e+02 6.6701000977e+02 6.6709997559e+02 6.6718103027e+02 6.6726000977e+02 6.6736602783e+02 6.6745599365e+02 6.6754998779e+02 6.6763098145e+02 6.6772399902e+02 6.6781402588e+02 6.6790399170e+02 6.6797900391e+02 6.6807098389e+02 6.6815399170e+02 6.6821398926e+02 6.6828497314e+02 6.6835699463e+02 6.6843597412e+02
6.6395697021e+02 6.6418902588e+02 6.6441198730e+02 6.6451300049e+02 6.6469702148e+02 6.6479998779e+02 6.6492401123e+02 6.6508398438e+02 6.6523797607e+02 6.6536297607e+02 6.6551800537e+02 6.6558300781e+02 6.6564398193e+02 6.6574798584e+02 6.6582202148e+02 6.6590002441e+02 6.6599401855e+02 6.6604602051e+02 6.6610797119e+02 6.6617498779e+02 6.6625201416e+02 6.6633697510e+02 6.6644299316e+02 6.6652099609e+02 6.6659002686e+02 6.6667700195e+02 6.6673901367e+02 6.6681097412e+02 6.6690197754e+02 6.6698699951e+02 6.6705902100e+02 6.6712799072e+02 6.6721600342e+02 6.6729998779e+02 6.6740698242e+02 6.6749401855e+02 6.6757800293e+02 6.6767401123e+02 6.6776599121e+02 6.6784197998e+02 6.6794000244e+02 6.6802600098e+02 6.6808801270e+02 6.6815502930e+02 6.6822302246e+02 6.6830999756e+02
6.6374200439e+02 6.6389398193e+02 6.6408197021e+02 6.6420501709e+02 6.6436999512e+02 6.6452099609e+02 6.6467199707e+02 6.6482800293e+02 6.6498901367e+02 6.6511297607e+02 6.6527099609e+02 6.6538299561e+02 6.6548797607e+02 6.6561297607e+02 6.6570202637e+02 6.6579101563e+02 6.6588598633e+02 6.6594702148e+02 6.6602001953e+02 6.6609600830e+02 6.6617700195e+02 6.6625701904e+02 6.6634899902e+02 6.6642401123e+02 6.6650000000e+02 6.6658001709e+02 6.6664898682e+02 6.6672900391e+02 6.6680401611e+02 6.6687902832e+02 6.6694598389e+02 6.6702197266e+02 6.6712097168e+02 6.6719799805e+02 6.6728601074e+02 6.6736602783e+02 6.6745800781e+02 6.6754998779e+02 6.6763702393e+02 6.6771997070e+02 6.6780902100e+02 6.6788000488e+02 6.6795300293e+02 6.6803399658e+02 6.6811798096e+02 6.6820098877e+02
6.6344799805e+02 6.6358099365e+02 6.6376098633e+02 6.6391101074e+02 6.6406201172e+02 6.6423901367e+02 6.6439099121e+02 6.6454101563e+02 6.6473498535e+02 6.6485101318e+02 6.6497302246e+02 6.6516601563e+02 6.6533099365e+02 6.6547399902e+02 6.6557800293e+02 6.6561297607e+02 6.6570800781e+02 6.6580603027e+02 6.6589501953e+02 6.6598101807e+02 6.6607098389e+02 6.6615997314e+02 6.6625201416e+02 6.6633001709e+02 6.6640502930e+02 6.6648999023e+02 6.6656500244e+02 6.6663598633e+02 6.6670800781e+02 6.6679101563e+02 6.6685900879e+02 6.6693103027e+02 6.6701800537e+02 6.6709301758e+02 6.6717797852e+02 6.6725598145e+02 6.6734197998e+02 6.6741699219e+02 6.6750097656e+02 6.6758599854e+02 6.6767901611e+02 6.6775299072e+02 6.6783300781e+02 6.6792297363e+02 6.6801800537e+02 6.6810699463e+02
6.6317797852e+02 6.6330700684e+02 6.6348602295e+02 6.6366101074e+02 6.6380902100e+02 6.6396002197e+02 6.6409002686e+02 6.6421502686e+02 6.6438500977e+02 6.6453698730e+02 6.6467297363e+02 6.6491400146e+02 6.6510101318e+02 6.6525402832e+02 6.6537500000e+02 6.6539300537e+02 6.6549401855e+02 6.6559899902e+02 6.6569897461e+02 6.6579400635e+02 6.6588299561e+02 6.6597399902e+02 6.6608801270e+02 6.6619598389e+02 6.6628302002e+02 6.6638702393e+02 6.6646502686e+02 6.6653601074e+02 6.6660498047e+02 6.6669299316e+02 6.6677197266e+02 6.6685400391e+02 6.6692199707e+02 6.6700299072e+02 6.6708197021e+02 6.6716400146e+02 6.6725799561e+02 6.6733001709e+02 6.6740100098e+02 6.6746801758e+02 6.6756201172e+02 6.6765600586e+02 6.6773602295e+02 6.6783898926e+02 6.6793200684e+02 6.6801397705e+02
6.6297900391e+02 6.6310797119e+02 6.6324798584e+02 6.6340600586e+02 6.6353997803e+02 6.6367297363e+02 6.6381896973e+02 6.6394702148e+02 6.6405603027e+02 6.6423999023e+02 6.6440997314e+02 6.6461499023e+02 6.6477697754e+02 6.6486102295e+02 6.6495001221e+02 6.6507299805e+02 6.6521997070e+02 6.6534497070e+02 6.6545898438e+02 6.6557299805e+02 6.6564697266e+02 6.6574401855e+02 6.6586499023e+02 6.6598199463e+02 6.6607598877e+02 6.6618103027e+02 6.6625201416e+02 6.6635498047e+02 6.6644799805e+02 6.6653002930e+02 6.6661199951e+02 6.6671301270e+02 6.6682202148e+02 6.6690197754e+02 6.6696301270e+02 6.6705200195e+02 6.6715502930e+02 6.6723901367e+02 6.6731799316e+02 6.6736499023e+02 6.6745599365e+02 6.6756201172e+02 6.6763800049e+02 6.6773498535e+02 6.6780401611e+02 6.6786999512e+02
6.6276000977e+02 6.6289300537e+02 6.6302099609e+02 6.6313201904e+02 6.6325402832e+02 6.6339300537e+02 6.6357702637e+02 6.6373498535e+02 6.6381500244e+02 6.6392700195e+02 6.6408197021e+02 6.6425799561e+02 6.6442797852e+02 6.6453802490e+02 6.6462701416e+02 6.6476000977e+02 6.6493701172e+02 6.6510400391e+02 6.6524298096e+02 6.6534197998e+02 6.6541601563e+02 6.6551397705e+02 6.6560699463e+02 6.6568597412e+02 6.6578900146e+02 6.6592102051e+02 6.6601599121e+02 6.6610498047e+02 6.6621801758e+02 6.6632598877e+02 6.6639697266e+02 6.6648999023e+02 6.6660400391e+02 6.6669702148e+02 6.6676397705e+02 6.6685601807e+02 6.6695202637e+02 6.6704797363e+02 6.6712799072e+02 6.6720300293e+02 6.6729797363e+02 6.6740197754e+02 6.6747802734e+02 6.6758599854e+02 6.6764501953e+02 6.6769396973e+02
6.6253100586e+02 6.6266198730e+02 6.6279101563e+02 6.6290002441e+02 6.6303100586e+02 6.6315802002e+02 6.6332598877e+02 6.6347998047e+02 6.6357000732e+02 6.6364398193e+02 6.6376000977e+02 6.6389801025e+02 6.6407202148e+02 6.6424298096e+02 6.6435998535e+02 6.6447802734e+02 6.6465399170e+02 6.6482501221e+02 6.6496899414e+02 6.6506201172e+02 6.6515502930e+02 6.6526898193e+02 6.6536199951e+02 6.6543103027e+02 6.6552398682e+02 6.6565197754e+02 6.6577001953e+02 6.6585900879e+02 6.6597198486e+02 6.6607299805e+02 6.6612200928e+02 6.6622998047e+02 6.6635797119e+02 6.6646502686e+02 6.6654901123e+02 6.6661999512e+02 6.6670800781e+02 6.6682202148e+02 6.6691302490e+02 6.6698699951e+02 6.6707702637e+02 6.6717797852e+02 6.6725500488e+02 6.6737701416e+02 6.6744500732e+02 6.6749401855e+02
6.6236102295e+02 6.6244500732e+02 6.6254699707e+02 6.6266900635e+02 6.6279998779e+02 6.6291198730e+02 6.6307299805e+02 6.6320202637e+02 6.6331298828e+02 6.6338500977e+02 6.6345800781e+02 6.6359197998e+02 6.6377899170e+02 6.6395098877e+02 6.6408300781e+02 6.6419299316e+02 6.6434600830e+02 6.6450299072e+02 6.6467199707e+02 6.6478399658e+02 6.6488000488e+02 6.6498602295e+02 6.6509399414e+02 6.6519396973e+02 6.6526898193e+02 6.6538000488e+02 6.6550897217e+02 6.6560302734e+02 6.6570697021e+02 6.6578900146e+02 6.6585400391e+02 6.6600201416e+02 6.6613397217e+02 6.6622497559e+02 6.6632202148e+02 6.6640802002e+02 6.6650201416e+02 6.6660400391e+02 6.6669500732e+02 6.6676397705e+02 6.6683801270e+02 6.6694000244e+02 6.6702899170e+02 6.6714300537e+02 6.6721600342e+02 6.6727899170e+02
6.6216802979e+02 6.6221899414e+02 6.6231500244e+02 6.6244500732e+02 6.6255401611e+02 6.6267700195e+02 6.6285400391e+02 6.6295001221e+02 6.6307501221e+02 6.6314300537e+02 6.6320397949e+02 6.6338000488e+02 6.6354400635e+02 6.6366900635e+02 6.6381298828e+02 6.6391497803e+02 6.6406097412e+02 6.6420397949e+02 6.6435198975e+02 6.6449700928e+02 6.6458398438e+02 6.6465100098e+02 6.6476599121e+02 6.6489898682e+02 6.6500897217e+02 6.6514099121e+02 6.6524798584e+02 6.6535101318e+02 6.6545397949e+02 6.6553900146e+02 6.6564398193e+02 6.6578900146e+02 6.6591601563e+02 6.6599798584e+02 6.6606201172e+02 6.6618402100e+02 6.6629699707e+02 6.6637298584e+02 6.6646997070e+02 6.6656597900e+02 6.6663000488e+02 6.6672900391e+02 6.6683197021e+02 6.6691302490e+02 6.6698498535e+02 6.6707098389e+02
6.6191900635e+02 6.6199298096e+02 6.6209301758e+02 6.6223199463e+02 6.6236999512e+02 6.6248999023e+02 6.6259497070e+02 6.6267700195e+02 6.6280200195e+02 6.6291101074e+02 6.6302502441e+02 6.6321997070e+02 6.6334399414e+02 6.6341802979e+02 6.6354901123e+02 6.6366302490e+02 6.6380700684e+02 6.6393902588e+02 6.6406298828e+02 6.6417797852e+02 6.6428802490e+02 6.6437799072e+02 6.6451702881e+02 6.6464300537e+02 6.6476397705e+02 6.6490197754e+02 6.6500299072e+02 6.6512097168e+02 6.6522998047e+02 6.6532800293e+02 6.6542297363e+02 6.6554602051e+02 6.6567498779e+02 6.6577398682e+02 6.6583398438e+02 6.6593200684e+02 6.6604998779e+02 6.6613397217e+02 6.6623699951e+02 6.6633697510e+02 6.6642199707e+02 6.6652301025e+02 6.6661297607e+02 6.6669702148e+02 6.6677899170e+02 6.6687597656e+02
6.6168499756e+02 6.6177899170e+02 6.6186999512e+02 6.6200000000e+02 6.6214801025e+02 6.6227502441e+02 6.6237799072e+02 6.6246899414e+02 6.6257299805e+02 6.6268499756e+02 6.6279998779e+02 6.6298199463e+02 6.6310900879e+02 6.6317797852e+02 6.6329602051e+02 6.6344097900e+02 6.6356597900e+02 6.6366601563e+02 6.6378900146e+02 6.6389898682e+02 6.6403198242e+02 6.6415698242e+02 6.6431097412e+02 6.6443298340e+02 6.6455102539e+02 6.6471197510e+02 6.6483001709e+02 6.6491900635e+02 6.6501300049e+02 6.6512298584e+02 6.6521398926e+02 6.6530499268e+02 6.6542700195e+02 6.6554602051e+02 6.6563500977e+02 6.6571502686e+02 6.6581201172e+02 6.6590698242e+02 6.6601098633e+02 6.6611700439e+02 6.6622802734e+02 6.6632098389e+02 6.6641601563e+02 6.6651098633e+02 6.6659100342e+02 6.6669201660e+02
6.6147100830e+02 6.6158502197e+02 6.6167797852e+02 6.6179498291e+02 6.6191601563e+02 6.6203900146e+02 6.6216400146e+02 6.6226098633e+02 6.6235998535e+02 6.6247399902e+02 6.6257897949e+02 6.6271002197e+02 6.6283398438e+02 6.6293499756e+02 6.6305200195e+02 6.6322399902e+02 6.6333502197e+02 6.6340802002e+02 6.6355102539e+02 6.6368597412e+02 6.6384002686e+02 6.6397802734e+02 6.6410601807e+02 6.6423101807e+02 6.6434600830e+02 6.6451501465e+02 6.6465399170e+02 6.6471301270e+02 6.6479699707e+02 6.6492199707e+02 6.6503900146e+02 6.6512597656e+02 6.6522601318e+02 6.6533300781e+02 6.6543701172e+02 6.6552001953e+02 6.6560601807e+02 6.6570697021e+02 6.6580700684e+02 6.6591302490e+02 6.6603002930e+02 6.6612200928e+02 6.6623901367e+02 6.6634600830e+02 6.6642401123e+02 6.6651300049e+02
6.6123699951e+02 6.6136102295e+02 6.6146197510e+02 6.6156896973e+02 6.6168499756e+02 6.6181402588e+02 6.6196197510e+02 6.6204797363e+02 6.6215698242e+02 6.6228002930e+02 6.6237597656e+02 6.6248602295e+02 6.6258502197e+02 6.6270300293e+02 6.6281500244e+02 6.6295697021e+02 6.6305700684e+02 6.6314599609e+02 6.6332397461e+02 6.6350598145e+02 6.6367297363e+02 6.6381799316e+02 6.6392602539e+02 6.6403399658e+02 6.6413397217e+02 6.6426800537e+02 6.6439202881e+02 6.6449700928e+02 6.6459600830e+02 6.6470001221e+02 6.6477801514e+02 6.6493499756e+02 6.6503100586e+02 6.6510699463e+02 6.6518402100e+02 6.6530297852e+02 6.6540600586e+02 6.6549902344e+02 6.6560900879e+02 6.6572998047e+02 6.6584600830e+02 6.6594000244e+02 6.6605700684e+02 6.6616900635e+02 6.6626300049e+02 6.6634399414e+02
6.6097900391e+02 6.6109698486e+02 6.6121301270e+02 6.6130798340e+02 6.6142602539e+02 6.6157897949e+02 6.6173602295e+02 6.6184399414e+02 6.6197698975e+02 6.6209497070e+02 6.6216802979e+02 6.6230499268e+02 6.6241601563e+02 6.6252502441e+02 6.6262097168e+02 6.6272998047e+02 6.6284301758e+02 6.6296099854e+02 6.6312097168e+02 6.6332598877e+02 6.6347698975e+02 6.6358898926e+02 6.6371899414e+02 6.6386999512e+02 6.6396502686e+02 6.6407702637e+02 6.6419097900e+02 6.6427697754e+02 6.6438201904e+02 6.6449700928e+02 6.6458801270e+02 6.6471997070e+02 6.6483599854e+02 6.6492199707e+02 6.6499902344e+02 6.6511199951e+02 6.6521899414e+02 6.6531896973e+02 6.6544702148e+02 6.6555902100e+02 6.6566198730e+02 6.6576000977e+02 6.6586999512e+02 6.6599102783e+02 6.6608197021e+02 6.6615802002e+02
6.6076702881e+02 6.6085998535e+02 6.6096301270e+02 6.6103802490e+02 6.6114898682e+02 6.6129998779e+02 6.6145599365e+02 6.6158801270e+02 6.6174499512e+02 6.6188598633e+02 6.6197497559e+02 6.6209899902e+02 6.6220898438e+02 6.6232800293e+02 6.6243499756e+02 6.6253601074e+02 6.6264099121e+02 6.6277001953e+02 6.6290600586e+02 6.6308398438e+02 6.6323101807e+02 6.6334497070e+02 6.6350402832e+02 6.6367498779e+02 6.6377600098e+02 6.6388397217e+02 6.6398901367e+02 6.6408502197e+02 6.6419299316e+02 6.6429901123e+02 6.6439898682e+02 6.6452502441e+02 6.6463000488e+02 6.6470697021e+02 6.6479602051e+02 6.6493298340e+02 6.6504901123e+02 6.6515802002e+02 6.6527301025e+02 6.6538500977e+02 6.6549597168e+02 6.6559802246e+02 6.6568597412e+02 6.6579699707e+02 6.6589099121e+02 6.6597302246e+02
6.6063897705e+02 6.6071002197e+02 6.6078997803e+02 6.6085302734e+02 6.6094500732e+02 6.6106402588e+02 6.6118200684e+02 6.6131597900e+02 6.6146997070e+02 6.6162799072e+02 6.6175897217e+02 6.6186798096e+02 6.6199200439e+02 6.6212701416e+02 6.6223400879e+02 6.6233898926e+02 6.6244897461e+02 6.6258001709e+02 6.6270300293e+02 6.6284301758e+02 6.6298297119e+02 6.6311401367e+02 6.6327099609e+02 6.6341497803e+02 6.6353399658e+02 6.6367102051e+02 6.6379797363e+02 6.6390002441e+02 6.6400701904e+02 6.6410797119e+02 6.6422100830e+02 6.6433001709e+02 6.6441101074e+02 6.6449902344e+02 6.6461602783e+02 6.6475598145e+02 6.6488000488e+02 6.6500201416e+02 6.6510101318e+02 6.6520800781e+02 6.6532000732e+02 6.6541900635e+02 6.6551000977e+02 6.6560699463e+02 6.6569396973e+02 6.6577502441e+02
