TESTSERVER/22/10.asc
NCOLS 100
NROWS 100
XLLCORNER 8.5997500000e+03
YLLCORNER 2.8945025000e+05
CELLSIZE 5.0000000000e-01
NODATA_VALUE -9.9990000000e+03
[rows 0 to 19 of 100, columns 0 to 45 of 100]
6.7253601074e+02 6.7257897949e+02 6.7265698242e+02 6.7273999023e+02 6.7279602051e+02 6.7286798096e+02 6.7293902588e+02 6.7302197266e+02 6.7309802246e+02 6.7318298340e+02 6.7326000977e+02 6.7333001709e+02 6.7340002441e+02 6.7347698975e+02 6.7355999756e+02 6.7364099121e+02 6.7372100830e+02 6.7379400635e+02 6.7389001465e+02 6.7398699951e+02 6.7406799316e+02 6.7415802002e+02 6.7424102783e+02 6.7430700684e+02 6.7440899658e+02 6.7449597168e+02 6.7455798340e+02 6.7463702393e+02 6.7473400879e+02 6.7479498291e+02 6.7488397217e+02 6.7497900391e+02 6.7505999756e+02 6.7511401367e+02 6.7518902588e+02 6.7527197266e+02 6.7536901855e+02 6.7543597412e+02 6.7549597168e+02 6.7556402588e+02 6.7562799072e+02 6.7570697021e+02 6.7578198242e+02 6.7586401367e+02 6.7592999268e+02 6.7600097656e+02
6.7239501953e+02 6.7245501709e+02 6.7252899170e+02 6.7259600830e+02 6.7265399170e+02 6.7273101807e+02 6.7280401611e+02 6.7288800049e+02 6.7296600342e+02 6.7304498291e+02 6.7312200928e+02 6.7320202637e+02 6.7328698730e+02 6.7335900879e+02 6.7343298340e+02 6.7352001953e+02 6.7359802246e+02 6.7368103027e+02 6.7377398682e+02 6.7386199951e+02 6.7394799805e+02 6.7403601074e+02 6.7411901855e+02 6.7418701172e+02 6.7428002930e+02 6.7436798096e+02 6.7444299316e+02 6.7451898193e+02 6.7461102295e+02 6.7467602539e+02 6.7476501465e+02 6.7484997559e+02 6.7493402100e+02 6.7501202393e+02 6.7509399414e+02 6.7517102051e+02 6.7524700928e+02 6.7532000732e+02 6.7538598633e+02 6.7546197510e+02 6.7552697754e+02 6.7561401367e+02 6.7569396973e+02 6.7577197266e+02 6.7582702637e+02 6.7590301514e+02
6.7222802734e+02 6.7231500244e+02 6.7239501953e+02 6.7245800781e+02 6.7251898193e+02 6.7260400391e+02 6.7267901611e+02 6.7275598145e+02 6.7282501221e+02 6.7290698242e+02 6.7298602295e+02 6.7307000732e+02 6.7316497803e+02 6.7322802734e+02 6.7330297852e+02 6.7339801025e+02 6.7347900391e+02 6.7354901123e+02 6.7363800049e+02 6.7373101807e+02 6.7382598877e+02 6.7390197754e+02 6.7399200439e+02 6.7406799316e+02 6.7415899658e+02 6.7425299072e+02 6.7433898926e+02 6.7441601563e+02 6.7450000000e+02 6.7457202148e+02 6.7464898682e+02 6.7473199463e+02 6.7482299805e+02 6.7491101074e+02 6.7499200439e+02 6.7507800293e+02 6.7516101074e+02 6.7523498535e+02 6.7530297852e+02 6.7537799072e+02 6.7544299316e+02 6.7552801514e+02 6.7560601807e+02 6.7568103027e+02 6.7574401855e+02 6.7581597900e+02
6.7208398438e+02 6.7217401123e+02 6.7225897217e+02 6.7232702637e+02 6.7239300537e+02 6.7247198486e+02 6.7254101563e+02 6.7261999512e+02 6.7269201660e+02 6.7276702881e+02 6.7284301758e+02 6.7292199707e+02 6.7302502441e+02 6.7309600830e+02 6.7317297363e+02 6.7326800537e+02 6.7335498047e+02 6.7341802979e+02 6.7350299072e+02 6.7359600830e+02 6.7370300293e+02 6.7377600098e+02 6.7387298584e+02 6.7395501709e+02 6.7403997803e+02 6.7413098145e+02 6.7421002197e+02 6.7428399658e+02 6.7436999512e+02 6.7446398926e+02 6.7453802490e+02 6.7462799072e+02 6.7473297119e+02 6.7481097412e+02 6.7489001465e+02 6.7498199463e+02 6.7507000732e+02 6.7513897705e+02 6.7520800781e+02 6.7527801514e+02 6.7534497070e+02 6.7542797852e+02 6.7550097656e+02 6.7557897949e+02 6.7565698242e+02 6.7572100830e+02
6.7198199463e+02 6.7204901123e+02 6.7211999512e+02 6.7219500732e+02 6.7227197266e+02 6.7233697510e+02 6.7239501953e+02 6.7247900391e+02 6.7255603027e+02 6.7263598633e+02 6.7271697998e+02 6.7279199219e+02 6.7287902832e+02 6.7296197510e+02 6.7304302979e+02 6.7313800049e+02 6.7322998047e+02 6.7331597900e+02 6.7340600586e+02 6.7348297119e+02 6.7357397461e+02 6.7365600586e+02 6.7375701904e+02 6.7385101318e+02 6.7391497803e+02 6.7400299072e+02 6.7409100342e+02 6.7417498779e+02 6.7428198242e+02 6.7437200928e+02 6.7445098877e+02 6.7453698730e+02 6.7463500977e+02 6.7469299316e+02 6.7477502441e+02 6.7486199951e+02 6.7494598389e+02 6.7502697754e+02 6.7510900879e+02 6.7517401123e+02 6.7524102783e+02 6.7532202148e+02 6.7539099121e+02 6.7547100830e+02 6.7555297852e+02 6.7561102295e+02
6.7185900879e+02 6.7190997314e+02 6.7196899414e+02 6.7204602051e+02 6.7212799072e+02 6.7220397949e+02 6.7226098633e+02 6.7234100342e+02 6.7241699219e+02 6.7250598145e+02 6.7259497070e+02 6.7267498779e+02 6.7275897217e+02 6.7282897949e+02 6.7290301514e+02 6.7299597168e+02 6.7310699463e+02 6.7319799805e+02 6.7329400635e+02 6.7338098145e+02 6.7345697021e+02 6.7353698730e+02 6.7362597656e+02 6.7371502686e+02 6.7380603027e+02 6.7389599609e+02 6.7399401855e+02 6.7408697510e+02 6.7417700195e+02 6.7425402832e+02 6.7434002686e+02 6.7441400146e+02 6.7449401855e+02 6.7458398438e+02 6.7468103027e+02 6.7476098633e+02 6.7483099365e+02 6.7491802979e+02 6.7501098633e+02 6.7508398438e+02 6.7515698242e+02 6.7524200439e+02 6.7530102539e+02 6.7538201904e+02 6.7545501709e+02 6.7553497314e+02
6.7171301270e+02 6.7177398682e+02 6.7184197998e+02 6.7191601563e+02 6.7199298096e+02 6.7206896973e+02 6.7212902832e+02 6.7221398926e+02 6.7229998779e+02 6.7237902832e+02 6.7245599365e+02 6.7253601074e+02 6.7262597656e+02 6.7270501709e+02 6.7278497314e+02 6.7287799072e+02 6.7298699951e+02 6.7307098389e+02 6.7316601563e+02 6.7325799561e+02 6.7333398438e+02 6.7342199707e+02 6.7351501465e+02 6.7360601807e+02 6.7370300293e+02 6.7378802490e+02 6.7387701416e+02 6.7396801758e+02 6.7405102539e+02 6.7413299561e+02 6.7422198486e+02 6.7429199219e+02 6.7436102295e+02 6.7446697998e+02 6.7457202148e+02 6.7465502930e+02 6.7473400879e+02 6.7481701660e+02 6.7490802002e+02 6.7498297119e+02 6.7505902100e+02 6.7514099121e+02 6.7520300293e+02 6.7528497314e+02 6.7535198975e+02 6.7542901611e+02
6.7157299805e+02 6.7163397217e+02 6.7171197510e+02 6.7179302979e+02 6.7187298584e+02 6.7194598389e+02 6.7200097656e+02 6.7207800293e+02 6.7217199707e+02 6.7225500488e+02 6.7233197021e+02 6.7241601563e+02 6.7250097656e+02 6.7257800293e+02 6.7266998291e+02 6.7276501465e+02 6.7286798096e+02 6.7294897461e+02 6.7304498291e+02 6.7314202881e+02 6.7322399902e+02 6.7332098389e+02 6.7341302490e+02 6.7349597168e+02 6.7357501221e+02 6.7366497803e+02 6.7375097656e+02 6.7383801270e+02 6.7392102051e+02 6.7401202393e+02 6.7410498047e+02 6.7418200684e+02 6.7426202393e+02 6.7436102295e+02 6.7445599365e+02 6.7454101563e+02 6.7463897705e+02 6.7471801758e+02 6.7479901123e+02 6.7487597656e+02 6.7495202637e+02 6.7502697754e+02 6.7510101318e+02 6.7518798828e+02 6.7526300049e+02 6.7533197021e+02
6.7143103027e+02 6.7151397705e+02 6.7159497070e+02 6.7166400146e+02 6.7171600342e+02 6.7180603027e+02 6.7187597656e+02 6.7196002197e+02 6.7203698730e+02 6.7212500000e+02 6.7220202637e+02 6.7228601074e+02 6.7238000488e+02 6.7246099854e+02 6.7256402588e+02 6.7266198730e+02 6.7275097656e+02 6.7282897949e+02 6.7293103027e+02 6.7303100586e+02 6.7311999512e+02 6.7319897461e+02 6.7328802490e+02 6.7337200928e+02 6.7344598389e+02 6.7354199219e+02 6.7363397217e+02 6.7371997070e+02 6.7380798340e+02 6.7388800049e+02 6.7397100830e+02 6.7405902100e+02 6.7416802979e+02 6.7425500488e+02 6.7433801270e+02 6.7442102051e+02 6.7451300049e+02 6.7460101318e+02 6.7467700195e+02 6.7476098633e+02 6.7483502197e+02 6.7492498779e+02 6.7500897217e+02 6.7509497070e+02 6.7516497803e+02 6.7523901367e+02
6.7128198242e+02 6.7136602783e+02 6.7144897461e+02 6.7151202393e+02 6.7158099365e+02 6.7167901611e+02 6.7175000000e+02 6.7183697510e+02 6.7192102051e+02 6.7199298096e+02 6.7207397461e+02 6.7215899658e+02 6.7225799561e+02 6.7233599854e+02 6.7243798828e+02 6.7253302002e+02 6.7262097168e+02 6.7271002197e+02 6.7280499268e+02 6.7289001465e+02 6.7297302246e+02 6.7305603027e+02 6.7315301514e+02 6.7324597168e+02 6.7332897949e+02 6.7343200684e+02 6.7351898193e+02 6.7360198975e+02 6.7369702148e+02 6.7377502441e+02 6.7385601807e+02 6.7394598389e+02 6.7404699707e+02 6.7413000488e+02 6.7421697998e+02 6.7430700684e+02 6.7439697266e+02 6.7448101807e+02 6.7457000732e+02 6.7466302490e+02 6.7473101807e+02 6.7482397461e+02 6.7490502930e+02 6.7498498535e+02 6.7505798340e+02 6.7513702393e+02
6.7114300537e+02 6.7122497559e+02 6.7130902100e+02 6.7138201904e+02 6.7146002197e+02 6.7153900146e+02 6.7161602783e+02 6.7170898438e+02 6.7180401611e+02 6.7187597656e+02 6.7196197510e+02 6.7204498291e+02 6.7213397217e+02 6.7221997070e+02 6.7231500244e+02 6.7240197754e+02 6.7248901367e+02 6.7258502197e+02 6.7268200684e+02 6.7276501465e+02 6.7284802246e+02 6.7294201660e+02 6.7303997803e+02 6.7312902832e+02 6.7321002197e+02 6.7331701660e+02 6.7340301514e+02 6.7349597168e+02 6.7358801270e+02 6.7366497803e+02 6.7375701904e+02 6.7384802246e+02 6.7393701172e+02 6.7401098633e+02 6.7410101318e+02 6.7419299316e+02 6.7428302002e+02 6.7437097168e+02 6.7446600342e+02 6.7455603027e+02 6.7462200928e+02 6.7471697998e+02 6.7479199219e+02 6.7487500000e+02 6.7495098877e+02 6.7503601074e+02
6.7102398682e+02 6.7109497070e+02 6.7117199707e+02 6.7125402832e+02 6.7134497070e+02 6.7141198730e+02 6.7148699951e+02 6.7157800293e+02 6.7167498779e+02 6.7175598145e+02 6.7183697510e+02 6.7191400146e+02 6.7200000000e+02 6.7209497070e+02 6.7218402100e+02 6.7227801514e+02 6.7237402344e+02 6.7246997070e+02 6.7255902100e+02 6.7264398193e+02 6.7273602295e+02 6.7283502197e+02 6.7292199707e+02 6.7300598145e+02 6.7309301758e+02 6.7319201660e+02 6.7328302002e+02 6.7339300537e+02 6.7347900391e+02 6.7354302979e+02 6.7363800049e+02 6.7373199463e+02 6.7382702637e+02 6.7390301514e+02 6.7398901367e+02 6.7407098389e+02 6.7415698242e+02 6.7425500488e+02 6.7434802246e+02 6.7443402100e+02 6.7450799561e+02 6.7459600830e+02 6.7467297363e+02 6.7476501465e+02 6.7484301758e+02 6.7492401123e+02
6.7090197754e+02 6.7096099854e+02 6.7103601074e+02 6.7111602783e+02 6.7118902588e+02 6.7127197266e+02 6.7134997559e+02 6.7144299316e+02 6.7153100586e+02 6.7160797119e+02 6.7169097900e+02 6.7178302002e+02 6.7188500977e+02 6.7196398926e+02 6.7205499268e+02 6.7216198730e+02 6.7225701904e+02 6.7234600830e+02 6.7243597412e+02 6.7252697754e+02 6.7262097168e+02 6.7271197510e+02 6.7279400635e+02 6.7288299561e+02 6.7298602295e+02 6.7306201172e+02 6.7315502930e+02 6.7326397705e+02 6.7334698486e+02 6.7341699219e+02 6.7351300049e+02 6.7360198975e+02 6.7369299316e+02 6.7378198242e+02 6.7386700439e+02 6.7394396973e+02 6.7403198242e+02 6.7412701416e+02 6.7421801758e+02 6.7431597900e+02 6.7440197754e+02 6.7448101807e+02 6.7456097412e+02 6.7465197754e+02 6.7472601318e+02 6.7481201172e+02
6.7078399658e+02 6.7083300781e+02 6.7091302490e+02 6.7099200439e+02 6.7105603027e+02 6.7113897705e+02 6.7122601318e+02 6.7132098389e+02 6.7139300537e+02 6.7147601318e+02 6.7156701660e+02 6.7166198730e+02 6.7175897217e+02 6.7183697510e+02 6.7193499756e+02 6.7204101563e+02 6.7213098145e+02 6.7220501709e+02 6.7230700684e+02 6.7240301514e+02 6.7249499512e+02 6.7257202148e+02 6.7265899658e+02 6.7276098633e+02 6.7285797119e+02 6.7292797852e+02 6.7301800537e+02 6.7312298584e+02 6.7320800781e+02 6.7330297852e+02 6.7340197754e+02 6.7348101807e+02 6.7356701660e+02 6.7365100098e+02 6.7373999023e+02 6.7382501221e+02 6.7391900635e+02 6.7400897217e+02 6.7410400391e+02 6.7419702148e+02 6.7426098633e+02 6.7436401367e+02 6.7445501709e+02 6.7454302979e+02 6.7463397217e+02 6.7472198486e+02
6.7065301514e+02 6.7071099854e+02 6.7079602051e+02 6.7087597656e+02 6.7094799805e+02 6.7101800537e+02 6.7110498047e+02 6.7120202637e+02 6.7127502441e+02 6.7134899902e+02 6.7143298340e+02 6.7152697754e+02 6.7161798096e+02 6.7171002197e+02 6.7181597900e+02 6.7190197754e+02 6.7198797607e+02 6.7207702637e+02 6.7218298340e+02 6.7227301025e+02 6.7236401367e+02 6.7243902588e+02 6.7253002930e+02 6.7262902832e+02 6.7272601318e+02 6.7282299805e+02 6.7290899658e+02 6.7299902344e+02 6.7309497070e+02 6.7319897461e+02 6.7328802490e+02 6.7336999512e+02 6.7345800781e+02 6.7354699707e+02 6.7363800049e+02 6.7372802734e+02 6.7382098389e+02 6.7390301514e+02 6.7399200439e+02 6.7408502197e+02 6.7415002441e+02 6.7426300049e+02 6.7434899902e+02 6.7443298340e+02 6.7452600098e+02 6.7461700439e+02
6.7051599121e+02 6.7058898926e+02 6.7067401123e+02 6.7075299072e+02 6.7084197998e+02 6.7090502930e+02 6.7098199463e+02 6.7107098389e+02 6.7115301514e+02 6.7123199463e+02 6.7131500244e+02 6.7140600586e+02 6.7148498535e+02 6.7158001709e+02 6.7167999268e+02 6.7175201416e+02 6.7184600830e+02 6.7195697021e+02 6.7206298828e+02 6.7215100098e+02 6.7223602295e+02 6.7232501221e+02 6.7242700195e+02 6.7251800537e+02 6.7260400391e+02 6.7271697998e+02 6.7279797363e+02 6.7288201904e+02 6.7298297119e+02 6.7308398438e+02 6.7316699219e+02 6.7326501465e+02 6.7335900879e+02 6.7343402100e+02 6.7351898193e+02 6.7361401367e+02 6.7370300293e+02 6.7379400635e+02 6.7388299561e+02 6.7396801758e+02 6.7404498291e+02 6.7415100098e+02 6.7422900391e+02 6.7431799316e+02 6.7440301514e+02 6.7448797607e+02
6.7039001465e+02 6.7047497559e+02 6.7055200195e+02 6.7062902832e+02 6.7070800781e+02 6.7077600098e+02 6.7085797119e+02 6.7093902588e+02 6.7102099609e+02 6.7109802246e+02 6.7119299316e+02 6.7128497314e+02 6.7136499023e+02 6.7145898438e+02 6.7155499268e+02 6.7163702393e+02 6.7174401855e+02 6.7182800293e+02 6.7191900635e+02 6.7201800537e+02 6.7210400391e+02 6.7219097900e+02 6.7229699707e+02 6.7239001465e+02 6.7247900391e+02 6.7257897949e+02 6.7267199707e+02 6.7276898193e+02 6.7285601807e+02 6.7295098877e+02 6.7302600098e+02 6.7311297607e+02 6.7322100830e+02 6.7329400635e+02 6.7337902832e+02 6.7347900391e+02 6.7355603027e+02 6.7365899658e+02 6.7375000000e+02 6.7382598877e+02 6.7391497803e+02 6.7402301025e+02 6.7410498047e+02 6.7420300293e+02 6.7428497314e+02 6.7436901855e+02
6.7026000977e+02 6.7034002686e+02 6.7040899658e+02 6.7049200439e+02 6.7057202148e+02 6.7065399170e+02 6.7073901367e+02 6.7081701660e+02 6.7089398193e+02 6.7098400879e+02 6.7107800293e+02 6.7116699219e+02 6.7125201416e+02 6.7134600830e+02 6.7143402100e+02 6.7151397705e+02 6.7161700439e+02 6.7169299316e+02 6.7177398682e+02 6.7186602783e+02 6.7195397949e+02 6.7206201172e+02 6.7216198730e+02 6.7224700928e+02 6.7233599854e+02 6.7243103027e+02 6.7252697754e+02 6.7262597656e+02 6.7271899414e+02 6.7281201172e+02 6.7289501953e+02 6.7297302246e+02 6.7307702637e+02 6.7315600586e+02 6.7325598145e+02 6.7335699463e+02 6.7344396973e+02 6.7354602051e+02 6.7363397217e+02 6.7371697998e+02 6.7380603027e+02 6.7390997314e+02 6.7399700928e+02 6.7409802246e+02 6.7419396973e+02 6.7427697754e+02
6.7013702393e+02 6.7021600342e+02 6.7029199219e+02 6.7036401367e+02 6.7045001221e+02 6.7053002930e+02 6.7061700439e+02 6.7070001221e+02 6.7078302002e+02 6.7086297607e+02 6.7094201660e+02 6.7102801514e+02 6.7112298584e+02 6.7120697021e+02 6.7128802490e+02 6.7137200928e+02 6.7147998047e+02 6.7155902100e+02 6.7164599609e+02 6.7173101807e+02 6.7181500244e+02 6.7193298340e+02 6.7203100586e+02 6.7212799072e+02 6.7221997070e+02 6.7231597900e+02 6.7240899658e+02 6.7251202393e+02 6.7260797119e+02 6.7269097900e+02 6.7278399658e+02 6.7286700439e+02 6.7295501709e+02 6.7304602051e+02 6.7314001465e+02 6.7321600342e+02 6.7331298828e+02 6.7341497803e+02 6.7350897217e+02 6.7361102295e+02 6.7369097900e+02 6.7378802490e+02 6.7387799072e+02 6.7397302246e+02 6.7407202148e+02 6.7416699219e+02
6.7000799561e+02 6.7008099365e+02 6.7017102051e+02 6.7024700928e+02 6.7033300781e+02 6.7039501953e+02 6.7047399902e+02 6.7056201172e+02 6.7065997314e+02 6.7074200439e+02 6.7081201172e+02 6.7089398193e+02 6.7098699951e+02 6.7107397461e+02 6.7115997314e+02 6.7124798584e+02 6.7135601807e+02 6.7143298340e+02 6.7151898193e+02 6.7160699463e+02 6.7169702148e+02 6.7180401611e+02 6.7189398193e+02 6.7200000000e+02 6.7209497070e+02 6.7219097900e+02 6.7228900146e+02 6.7239599609e+02 6.7248602295e+02 6.7256799316e+02 6.7265802002e+02 6.7274298096e+02 6.7282501221e+02 6.7293200684e+02 6.7302099609e+02 6.7308300781e+02 6.7318701172e+02 6.7326800537e+02 6.7337097168e+02 6.7348101807e+02 6.7356298828e+02 6.7365997314e+02 6.7375299072e+02 6.7383898926e+02 6.7392199707e+02 6.7403198242e+02
