TESTSERVER/22/11.asc
NCOLS 100
NROWS 100
XLLCORNER 8.5997500000e+03
YLLCORNER 2.8940025000e+05
CELLSIZE 5.0000000000e-01
NODATA_VALUE -9.9990000000e+03
[rows 80 to 99 of 100, columns 46 to 91 of 100]
6.4583801270e+02 6.4588702393e+02 6.4594598389e+02 6.4600701904e+02 6.4605798340e+02 6.4612597656e+02 6.4617700195e+02 6.4624200439e+02 6.4631402588e+02 6.4636199951e+02 6.4642297363e+02 6.4648101807e+02 6.4654901123e+02 6.4664001465e+02 6.4670001221e+02 6.4675500488e+02 6.4682598877e+02 6.4689202881e+02 6.4695501709e+02 6.4701898193e+02 6.4708001709e+02 6.4713598633e+02 6.4719000244e+02 6.4725201416e+02 6.4731097412e+02 6.4736499023e+02 6.4742102051e+02 6.4747698975e+02 6.4753997803e+02 6.4759497070e+02 6.4765002441e+02 6.4770697021e+02 6.4775500488e+02 6.4781402588e+02 6.4787402344e+02 6.4793597412e+02 6.4800201416e+02 6.4803100586e+02 6.4807098389e+02 6.4811999512e+02 6.4817602539e+02 6.4823602295e+02 6.4829101563e+02 6.4834100342e+02 6.4837799072e+02 6.4840997314e+02
6.4566497803e+02 6.4573101807e+02 6.4579797363e+02 6.4586297607e+02 6.4591802979e+02 6.4596997070e+02 6.4601000977e+02 6.4607098389e+02 6.4613702393e+02 6.4618902588e+02 6.4625500488e+02 6.4631097412e+02 6.4638598633e+02 6.4645800781e+02 6.4650799561e+02 6.4656298828e+02 6.4663000488e+02 6.4669396973e+02 6.4675500488e+02 6.4682098389e+02 6.4688201904e+02 6.4694598389e+02 6.4699700928e+02 6.4705401611e+02 6.4712402344e+02 6.4717401123e+02 6.4722900391e+02 6.4728900146e+02 6.4733898926e+02 6.4739599609e+02 6.4746099854e+02 6.4752001953e+02 6.4756701660e+02 6.4763201904e+02 6.4768499756e+02 6.4773602295e+02 6.4779101563e+02 6.4783197021e+02 6.4788201904e+02 6.4792401123e+02 6.4796398926e+02 6.4801702881e+02 6.4806799316e+02 6.4811999512e+02 6.4817498779e+02 6.4822302246e+02
6.4551702881e+02 6.4557501221e+02 6.4564001465e+02 6.4569702148e+02 6.4574798584e+02 6.4579998779e+02 6.4585400391e+02 6.4591302490e+02 6.4596697998e+02 6.4602099609e+02 6.4608801270e+02 6.4614898682e+02 6.4621600342e+02 6.4627899170e+02 6.4633300781e+02 6.4639300537e+02 6.4645300293e+02 6.4651397705e+02 6.4657299805e+02 6.4663702393e+02 6.4669702148e+02 6.4676000977e+02 6.4680902100e+02 6.4686401367e+02 6.4693200684e+02 6.4698498535e+02 6.4703497314e+02 6.4709002686e+02 6.4714501953e+02 6.4720599365e+02 6.4726300049e+02 6.4731799316e+02 6.4736499023e+02 6.4742999268e+02 6.4748699951e+02 6.4753698730e+02 6.4758197021e+02 6.4762597656e+02 6.4767498779e+02 6.4771197510e+02 6.4775799561e+02 6.4781402588e+02 6.4786297607e+02 6.4791101074e+02 6.4796002197e+02 6.4801000977e+02
6.4537597656e+02 6.4543298340e+02 6.4549597168e+02 6.4554699707e+02 6.4559600830e+02 6.4565197754e+02 6.4570300293e+02 6.4575299072e+02 6.4580700684e+02 6.4585601807e+02 6.4591802979e+02 6.4599102783e+02 6.4605401611e+02 6.4610699463e+02 6.4615899658e+02 6.4621600342e+02 6.4627301025e+02 6.4634197998e+02 6.4640502930e+02 6.4646899414e+02 6.4652600098e+02 6.4658099365e+02 6.4663098145e+02 6.4668103027e+02 6.4673199463e+02 6.4678997803e+02 6.4684497070e+02 6.4689599609e+02 6.4695501709e+02 6.4701702881e+02 6.4706597900e+02 6.4711901855e+02 6.4716101074e+02 6.4722198486e+02 6.4728399658e+02 6.4733697510e+02 6.4738000488e+02 6.4742901611e+02 6.4747100830e+02 6.4750598145e+02 6.4755700684e+02 6.4761199951e+02 6.4765600586e+02 6.4770001221e+02 6.4774401855e+02 6.4779199219e+02
6.4522802734e+02 6.4528802490e+02 6.4534802246e+02 6.4540399170e+02 6.4546197510e+02 6.4552099609e+02 6.4555603027e+02 6.4559497070e+02 6.4566101074e+02 6.4570697021e+02 6.4575402832e+02 6.4581402588e+02 6.4588897705e+02 6.4593701172e+02 6.4599102783e+02 6.4604199219e+02 6.4609301758e+02 6.4615698242e+02 6.4621997070e+02 6.4628302002e+02 6.4633599854e+02 6.4639001465e+02 6.4645001221e+02 6.4650097656e+02 6.4653497314e+02 6.4659399414e+02 6.4665698242e+02 6.4671002197e+02 6.4677301025e+02 6.4683001709e+02 6.4688702393e+02 6.4693597412e+02 6.4696600342e+02 6.4701202393e+02 6.4706799316e+02 6.4712200928e+02 6.4716101074e+02 6.4721997070e+02 6.4726202393e+02 6.4729699707e+02 6.4734698486e+02 6.4739099121e+02 6.4743499756e+02 6.4748297119e+02 6.4754400635e+02 6.4759100342e+02
6.4509899902e+02 6.4514898682e+02 6.4520397949e+02 6.4526300049e+02 6.4531298828e+02 6.4536499023e+02 6.4540399170e+02 6.4544897461e+02 6.4550897217e+02 6.4556701660e+02 6.4561102295e+02 6.4565698242e+02 6.4571301270e+02 6.4576202393e+02 6.4582098389e+02 6.4587298584e+02 6.4592999268e+02 6.4598602295e+02 6.4604101563e+02 6.4610101318e+02 6.4615698242e+02 6.4621002197e+02 6.4626300049e+02 6.4632098389e+02 6.4637200928e+02 6.4641802979e+02 6.4647601318e+02 6.4653399658e+02 6.4659100342e+02 6.4665002441e+02 6.4670800781e+02 6.4674798584e+02 6.4678100586e+02 6.4682598877e+02 6.4687097168e+02 6.4692199707e+02 6.4697198486e+02 6.4700897217e+02 6.4705499268e+02 6.4710302734e+02 6.4715100098e+02 6.4720202637e+02 6.4724298096e+02 6.4728497314e+02 6.4733300781e+02 6.4738800049e+02
6.4496197510e+02 6.4501000977e+02 6.4506201172e+02 6.4512200928e+02 6.4517199707e+02 6.4521301270e+02 6.4524597168e+02 6.4529998779e+02 6.4536102295e+02 6.4542602539e+02 6.4546398926e+02 6.4549401855e+02 6.4554699707e+02 6.4560601807e+02 6.4566497803e+02 6.4571801758e+02 6.4577600098e+02 6.4582501221e+02 6.4587298584e+02 6.4593499756e+02 6.4599401855e+02 6.4604901123e+02 6.4609600830e+02 6.4615197754e+02 6.4621099854e+02 6.4624102783e+02 6.4629400635e+02 6.4635198975e+02 6.4640502930e+02 6.4645501709e+02 6.4651397705e+02 6.4656201172e+02 6.4660400391e+02 6.4665002441e+02 6.4669396973e+02 6.4674298096e+02 6.4678698730e+02 6.4682397461e+02 6.4687701416e+02 6.4692297363e+02 6.4695397949e+02 6.4701000977e+02 6.4705603027e+02 6.4709802246e+02 6.4713500977e+02 6.4719500732e+02
6.4483001709e+02 6.4487799072e+02 6.4492797852e+02 6.4498602295e+02 6.4503802490e+02 6.4507897949e+02 6.4511602783e+02 6.4517602539e+02 6.4523199463e+02 6.4529302979e+02 6.4532397461e+02 6.4535302734e+02 6.4540197754e+02 6.4546398926e+02 6.4552197266e+02 6.4557202148e+02 6.4562701416e+02 6.4567498779e+02 6.4571697998e+02 6.4577301025e+02 6.4583099365e+02 6.4588000488e+02 6.4592700195e+02 6.4597998047e+02 6.4603698730e+02 6.4606701660e+02 6.4612500000e+02 6.4617999268e+02 6.4622698975e+02 6.4627398682e+02 6.4633300781e+02 6.4638598633e+02 6.4643298340e+02 6.4647802734e+02 6.4652502441e+02 6.4657098389e+02 6.4660797119e+02 6.4665600586e+02 6.4670800781e+02 6.4674597168e+02 6.4677301025e+02 6.4682702637e+02 6.4687298584e+02 6.4691802979e+02 6.4696398926e+02 6.4701702881e+02
6.4471600342e+02 6.4476098633e+02 6.4480798340e+02 6.4485699463e+02 6.4489801025e+02 6.4493597412e+02 6.4498498535e+02 6.4503997803e+02 6.4509002686e+02 6.4513598633e+02 6.4517498779e+02 6.4521899414e+02 6.4526702881e+02 6.4532501221e+02 6.4537902832e+02 6.4542297363e+02 6.4546502686e+02 6.4552398682e+02 6.4557202148e+02 6.4561999512e+02 6.4567999268e+02 6.4572900391e+02 6.4577301025e+02 6.4581896973e+02 6.4585601807e+02 6.4589202881e+02 6.4595397949e+02 6.4600402832e+02 6.4604699707e+02 6.4610601807e+02 6.4616497803e+02 6.4620800781e+02 6.4625299072e+02 6.4632000732e+02 6.4636297607e+02 6.4640600586e+02 6.4644598389e+02 6.4649401855e+02 6.4653997803e+02 6.4657299805e+02 6.4660198975e+02 6.4665600586e+02 6.4671398926e+02 6.4676098633e+02 6.4680798340e+02 6.4684399414e+02
6.4461297607e+02 6.4464801025e+02 6.4468902588e+02 6.4474102783e+02 6.4477899170e+02 6.4482000732e+02 6.4487298584e+02 6.4492602539e+02 6.4496899414e+02 6.4500000000e+02 6.4504199219e+02 6.4508502197e+02 6.4513500977e+02 6.4518798828e+02 6.4524700928e+02 6.4529699707e+02 6.4533197021e+02 6.4537701416e+02 6.4542102051e+02 6.4546801758e+02 6.4553100586e+02 6.4557598877e+02 6.4562298584e+02 6.4567901611e+02 6.4571398926e+02 6.4574597168e+02 6.4580200195e+02 6.4584997559e+02 6.4588201904e+02 6.4593200684e+02 6.4598797607e+02 6.4603100586e+02 6.4608001709e+02 6.4615002441e+02 6.4619000244e+02 6.4622497559e+02 6.4627099609e+02 6.4631701660e+02 6.4636199951e+02 6.4640600586e+02 6.4644000244e+02 6.4647998047e+02 6.4653698730e+02 6.4658697510e+02 6.4663000488e+02 6.4666900635e+02
6.4452502441e+02 6.4454797363e+02 6.4458099365e+02 6.4463000488e+02 6.4466497803e+02 6.4470300293e+02 6.4475097656e+02 6.4480603027e+02 6.4485101318e+02 6.4488598633e+02 6.4492700195e+02 6.4496197510e+02 6.4501300049e+02 6.4505999756e+02 6.4511499023e+02 6.4516400146e+02 6.4520397949e+02 6.4524700928e+02 6.4529498291e+02 6.4533898926e+02 6.4537701416e+02 6.4541302490e+02 6.4546301270e+02 6.4552398682e+02 6.4556201172e+02 6.4559698486e+02 6.4565002441e+02 6.4569500732e+02 6.4573297119e+02 6.4578698730e+02 6.4584002686e+02 6.4588201904e+02 6.4592297363e+02 6.4598199463e+02 6.4602301025e+02 6.4605401611e+02 6.4609899902e+02 6.4614697266e+02 6.4619396973e+02 6.4624597168e+02 6.4628497314e+02 6.4631896973e+02 6.4636798096e+02 6.4641400146e+02 6.4645697021e+02 6.4649499512e+02
6.4441699219e+02 6.4444396973e+02 6.4448297119e+02 6.4452899170e+02 6.4456500244e+02 6.4460302734e+02 6.4463897705e+02 6.4468499756e+02 6.4472302246e+02 6.4476300049e+02 6.4481097412e+02 6.4484698486e+02 6.4489001465e+02 6.4493499756e+02 6.4498400879e+02 6.4502398682e+02 6.4506896973e+02 6.4510998535e+02 6.4515899658e+02 6.4520397949e+02 6.4523797607e+02 6.4527502441e+02 6.4531799316e+02 6.4537298584e+02 6.4541497803e+02 6.4545697021e+02 6.4550201416e+02 6.4554199219e+02 6.4558801270e+02 6.4564099121e+02 6.4568701172e+02 6.4573199463e+02 6.4577600098e+02 6.4582202148e+02 6.4585900879e+02 6.4589501953e+02 6.4594396973e+02 6.4600299072e+02 6.4604797363e+02 6.4609002686e+02 6.4612902832e+02 6.4616400146e+02 6.4621002197e+02 6.4625000000e+02 6.4628497314e+02 6.4632000732e+02
6.4427197266e+02 6.4432299805e+02 6.4437701416e+02 6.4442700195e+02 6.4447302246e+02 6.4450500488e+02 6.4454302979e+02 6.4458197021e+02 6.4462298584e+02 6.4464898682e+02 6.4469097900e+02 6.4472998047e+02 6.4477697754e+02 6.4482000732e+02 6.4485797119e+02 6.4489202881e+02 6.4493701172e+02 6.4497698975e+02 6.4501202393e+02 6.4505700684e+02 6.4510797119e+02 6.4515802002e+02 6.4519299316e+02 6.4523797607e+02 6.4529400635e+02 6.4533001709e+02 6.4537097168e+02 6.4541400146e+02 6.4546197510e+02 6.4549499512e+02 6.4553497314e+02 6.4558502197e+02 6.4562701416e+02 6.4567602539e+02 6.4571197510e+02 6.4575799561e+02 6.4580902100e+02 6.4587500000e+02 6.4590899658e+02 6.4593499756e+02 6.4597198486e+02 6.4601000977e+02 6.4605401611e+02 6.4609002686e+02 6.4611602783e+02 6.4615802002e+02
6.4410699463e+02 6.4417102051e+02 6.4423199463e+02 6.4428802490e+02 6.4434600830e+02 6.4440002441e+02 6.4445697021e+02 6.4448999023e+02 6.4451599121e+02 6.4456701660e+02 6.4460998535e+02 6.4463598633e+02 6.4467797852e+02 6.4472497559e+02 6.4474902344e+02 6.4477801514e+02 6.4481896973e+02 6.4485797119e+02 6.4489001465e+02 6.4492797852e+02 6.4497497559e+02 6.4503900146e+02 6.4507702637e+02 6.4511102295e+02 6.4516198730e+02 6.4520300293e+02 6.4524798584e+02 6.4529498291e+02 6.4533898926e+02 6.4537097168e+02 6.4540301514e+02 6.4544799805e+02 6.4548602295e+02 6.4553497314e+02 6.4557098389e+02 6.4561700439e+02 6.4567401123e+02 6.4572100830e+02 6.4575799561e+02 6.4578997803e+02 6.4581500244e+02 6.4584698486e+02 6.4589300537e+02 6.4593298340e+02 6.4596600342e+02 6.4600897217e+02
6.4395697021e+02 6.4401599121e+02 6.4408001709e+02 6.4414697266e+02 6.4420800781e+02 6.4427398682e+02 6.4433300781e+02 6.4437298584e+02 6.4440997314e+02 6.4446502686e+02 6.4450897217e+02 6.4453802490e+02 6.4457800293e+02 6.4462402344e+02 6.4465002441e+02 6.4468103027e+02 6.4471697998e+02 6.4475000000e+02 6.4478002930e+02 6.4482000732e+02 6.4486602783e+02 6.4491601563e+02 6.4495397949e+02 6.4499200439e+02 6.4503997803e+02 6.4508398438e+02 6.4512298584e+02 6.4516497803e+02 6.4520800781e+02 6.4524798584e+02 6.4527899170e+02 6.4531597900e+02 6.4535302734e+02 6.4540301514e+02 6.4544598389e+02 6.4549102783e+02 6.4554302979e+02 6.4557800293e+02 6.4561199951e+02 6.4564599609e+02 6.4566699219e+02 6.4569702148e+02 6.4574298096e+02 6.4578997803e+02 6.4582897949e+02 6.4586199951e+02
6.4383697510e+02 6.4388702393e+02 6.4394201660e+02 6.4400897217e+02 6.4406896973e+02 6.4414099121e+02 6.4419799805e+02 6.4425201416e+02 6.4431298828e+02 6.4435699463e+02 6.4439300537e+02 6.4441699219e+02 6.4445397949e+02 6.4450201416e+02 6.4453497314e+02 6.4456896973e+02 6.4460900879e+02 6.4464099121e+02 6.4466699219e+02 6.4471099854e+02 6.4476599121e+02 6.4480798340e+02 6.4484600830e+02 6.4489001465e+02 6.4492199707e+02 6.4496002197e+02 6.4499499512e+02 6.4503302002e+02 6.4507397461e+02 6.4511999512e+02 6.4515600586e+02 6.4519396973e+02 6.4522399902e+02 6.4526898193e+02 6.4531500244e+02 6.4535699463e+02 6.4540399170e+02 6.4543103027e+02 6.4546398926e+02 6.4550799561e+02 6.4553802490e+02 6.4556896973e+02 6.4561499023e+02 6.4566802979e+02 6.4570098877e+02 6.4572900391e+02
6.4372497559e+02 6.4375799561e+02 6.4380102539e+02 6.4385498047e+02 6.4391699219e+02 6.4399597168e+02 6.4404901123e+02 6.4410900879e+02 6.4418103027e+02 6.4422900391e+02 6.4426397705e+02 6.4428601074e+02 6.4431402588e+02 6.4435998535e+02 6.4440600586e+02 6.4444000244e+02 6.4446997070e+02 6.4450500488e+02 6.4454400635e+02 6.4459497070e+02 6.4465698242e+02 6.4469799805e+02 6.4473297119e+02 6.4477600098e+02 6.4480603027e+02 6.4484698486e+02 6.4488000488e+02 6.4490997314e+02 6.4494799805e+02 6.4500201416e+02 6.4504901123e+02 6.4508898926e+02 6.4512097168e+02 6.4515802002e+02 6.4520098877e+02 6.4522698975e+02 6.4526800537e+02 6.4529901123e+02 6.4533599854e+02 6.4538098145e+02 6.4541699219e+02 6.4543798828e+02 6.4548797607e+02 6.4554199219e+02 6.4557000732e+02 6.4560498047e+02
6.4359600830e+02 6.4361102295e+02 6.4366101074e+02 6.4372601318e+02 6.4378997803e+02 6.4384399414e+02 6.4389001465e+02 6.4396697998e+02 6.4404699707e+02 6.4408099365e+02 6.4411999512e+02 6.4415301514e+02 6.4419097900e+02 6.4423797607e+02 6.4428497314e+02 6.4432299805e+02 6.4435601807e+02 6.4438397217e+02 6.4443103027e+02 6.4448297119e+02 6.4454101563e+02 6.4458697510e+02 6.4463000488e+02 6.4467102051e+02 6.4470202637e+02 6.4474200439e+02 6.4477301025e+02 6.4480603027e+02 6.4485101318e+02 6.4489398193e+02 6.4494299316e+02 6.4498297119e+02 6.4501501465e+02 6.4504797363e+02 6.4508801270e+02 6.4510900879e+02 6.4514801025e+02 6.4518402100e+02 6.4521997070e+02 6.4524902344e+02 6.4529400635e+02 6.4531799316e+02 6.4535900879e+02 6.4540600586e+02 6.4544299316e+02 6.4548999023e+02
6.4346301270e+02 6.4348297119e+02 6.4353900146e+02 6.4361102295e+02 6.4367102051e+02 6.4371899414e+02 6.4376098633e+02 6.4382397461e+02 6.4389599609e+02 6.4393597412e+02 6.4397698975e+02 6.4401702881e+02 6.4406597900e+02 6.4411499023e+02 6.4416601563e+02 6.4421600342e+02 6.4425598145e+02 6.4429400635e+02 6.4433898926e+02 6.4438098145e+02 6.4442602539e+02 6.4447601318e+02 6.4453002930e+02 6.4457598877e+02 6.4460400391e+02 6.4463500977e+02 6.4466302490e+02 6.4470098877e+02 6.4475299072e+02 6.4479602051e+02 6.4484197998e+02 6.4487799072e+02 6.4490997314e+02 6.4494702148e+02 6.4498400879e+02 6.4500402832e+02 6.4503302002e+02 6.4507598877e+02 6.4511199951e+02 6.4514300537e+02 6.4518200684e+02 6.4520898438e+02 6.4524798584e+02 6.4529199219e+02 6.4532800293e+02 6.4536999512e+02
6.4334899902e+02 6.4338000488e+02 6.4343798828e+02 6.4351000977e+02 6.4355401611e+02 6.4360302734e+02 6.4364398193e+02 6.4368902588e+02 6.4373199463e+02 6.4377398682e+02 6.4382000732e+02 6.4386199951e+02 6.4391497803e+02 6.4396398926e+02 6.4401300049e+02 6.4406701660e+02 6.4411999512e+02 6.4417297363e+02 6.4421997070e+02 6.4426599121e+02 6.4431597900e+02 6.4436102295e+02 6.4440997314e+02 6.4445300293e+02 6.4448498535e+02 6.4452001953e+02 6.4455297852e+02 6.4459197998e+02 6.4463702393e+02 6.4469000244e+02 6.4473999023e+02 6.4477801514e+02 6.4480798340e+02 6.4484301758e+02 6.4488201904e+02 6.4490997314e+02 6.4492700195e+02 6.4496600342e+02 6.4499700928e+02 6.4503302002e+02 6.4506701660e+02 6.4509600830e+02 6.4513598633e+02 6.4517999268e+02 6.4521801758e+02 6.4525097656e+02
