TESTSERVER/22/11.asc
NCOLS 100
NROWS 100
XLLCORNER 8.5997500000e+03
YLLCORNER 2.8940025000e+05
CELLSIZE 5.0000000000e-01
NODATA_VALUE -9.9990000000e+03
[rows 60 to 79 of 100, columns 0 to 45 of 100]
6.4584600830e+02 6.4593701172e+02 6.4604302979e+02 6.4616400146e+02 6.4626300049e+02 6.4634698486e+02 6.4643701172e+02 6.4654199219e+02 6.4662799072e+02 6.4672198486e+02 6.4682897949e+02 6.4692602539e+02 6.4698797607e+02 6.4706097412e+02 6.4717401123e+02 6.4726098633e+02 6.4734100342e+02 6.4743200684e+02 6.4752600098e+02 6.4760400391e+02 6.4770202637e+02 6.4778802490e+02 6.4785998535e+02 6.4792999268e+02 6.4801898193e+02 6.4810498047e+02 6.4818103027e+02 6.4827600098e+02 6.4836798096e+02 6.4847302246e+02 6.4857501221e+02 6.4865002441e+02 6.4874298096e+02 6.4883398438e+02 6.4890399170e+02 6.4901202393e+02 6.4909197998e+02 6.4915698242e+02 6.4924902344e+02 6.4934802246e+02 6.4941998291e+02 6.4949401855e+02 6.4958599854e+02 6.4967498779e+02 6.4975500488e+02 6.4982800293e+02
6.4569097900e+02 6.4578601074e+02 6.4589099121e+02 6.4598797607e+02 6.4608001709e+02 6.4616802979e+02 6.4626800537e+02 6.4636602783e+02 6.4644500732e+02 6.4653601074e+02 6.4663800049e+02 6.4672698975e+02 6.4678997803e+02 6.4685601807e+02 6.4694799805e+02 6.4703802490e+02 6.4713201904e+02 6.4721502686e+02 6.4728900146e+02 6.4737701416e+02 6.4746997070e+02 6.4755603027e+02 6.4764599609e+02 6.4771899414e+02 6.4781097412e+02 6.4789300537e+02 6.4796197510e+02 6.4805902100e+02 6.4815002441e+02 6.4823699951e+02 6.4832800293e+02 6.4843597412e+02 6.4853002930e+02 6.4860400391e+02 6.4868103027e+02 6.4876898193e+02 6.4885101318e+02 6.4893798828e+02 6.4903198242e+02 6.4912597656e+02 6.4919897461e+02 6.4927398682e+02 6.4936102295e+02 6.4944097900e+02 6.4952099609e+02 6.4960101318e+02
6.4553302002e+02 6.4563897705e+02 6.4573602295e+02 6.4581701660e+02 6.4590997314e+02 6.4600299072e+02 6.4609997559e+02 6.4619500732e+02 6.4627502441e+02 6.4636499023e+02 6.4645397949e+02 6.4653002930e+02 6.4659997559e+02 6.4666900635e+02 6.4674700928e+02 6.4682000732e+02 6.4691802979e+02 6.4700097656e+02 6.4706896973e+02 6.4716699219e+02 6.4725299072e+02 6.4733697510e+02 6.4742199707e+02 6.4750000000e+02 6.4758801270e+02 6.4767199707e+02 6.4775201416e+02 6.4783502197e+02 6.4792401123e+02 6.4800500488e+02 6.4808801270e+02 6.4820697021e+02 6.4830999756e+02 6.4839099121e+02 6.4846899414e+02 6.4854901123e+02 6.4863299561e+02 6.4872198486e+02 6.4879998779e+02 6.4888702393e+02 6.4896301270e+02 6.4904199219e+02 6.4913702393e+02 6.4921600342e+02 6.4930102539e+02 6.4938500977e+02
6.4538598633e+02 6.4548797607e+02 6.4557897949e+02 6.4565802002e+02 6.4575097656e+02 6.4584301758e+02 6.4592102051e+02 6.4600598145e+02 6.4609997559e+02 6.4620001221e+02 6.4628198242e+02 6.4634399414e+02 6.4640997314e+02 6.4648199463e+02 6.4656597900e+02 6.4663201904e+02 6.4672802734e+02 6.4681500244e+02 6.4688397217e+02 6.4696997070e+02 6.4705102539e+02 6.4713500977e+02 6.4720397949e+02 6.4728399658e+02 6.4736199951e+02 6.4744201660e+02 6.4753497314e+02 6.4761401367e+02 6.4770697021e+02 6.4779400635e+02 6.4787500000e+02 6.4797698975e+02 6.4807702637e+02 6.4816601563e+02 6.4825000000e+02 6.4834197998e+02 6.4842797852e+02 6.4850598145e+02 6.4856402588e+02 6.4865997314e+02 6.4873999023e+02 6.4880999756e+02 6.4890802002e+02 6.4899401855e+02 6.4908398438e+02 6.4916998291e+02
6.4526397705e+02 6.4535601807e+02 6.4542797852e+02 6.4551000977e+02 6.4559301758e+02 6.4567901611e+02 6.4576501465e+02 6.4583502197e+02 6.4593402100e+02 6.4603002930e+02 6.4609497070e+02 6.4616101074e+02 6.4622900391e+02 6.4630102539e+02 6.4639398193e+02 6.4645800781e+02 6.4653698730e+02 6.4661102295e+02 6.4667102051e+02 6.4676599121e+02 6.4685101318e+02 6.4693701172e+02 6.4701300049e+02 6.4708300781e+02 6.4715502930e+02 6.4722698975e+02 6.4731298828e+02 6.4740399170e+02 6.4749499512e+02 6.4759002686e+02 6.4768103027e+02 6.4775299072e+02 6.4784399414e+02 6.4793402100e+02 6.4801300049e+02 6.4810101318e+02 6.4819201660e+02 6.4827801514e+02 6.4834399414e+02 6.4846398926e+02 6.4855102539e+02 6.4860302734e+02 6.4868402100e+02 6.4877600098e+02 6.4885797119e+02 6.4893701172e+02
6.4511297607e+02 6.4520697021e+02 6.4528698730e+02 6.4536798096e+02 6.4544299316e+02 6.4552001953e+02 6.4560400391e+02 6.4568103027e+02 6.4576800537e+02 6.4585101318e+02 6.4591101074e+02 6.4598602295e+02 6.4605999756e+02 6.4612701416e+02 6.4620898438e+02 6.4626898193e+02 6.4634002686e+02 6.4641101074e+02 6.4647802734e+02 6.4657397461e+02 6.4665997314e+02 6.4674102783e+02 6.4681500244e+02 6.4687799072e+02 6.4695397949e+02 6.4702398682e+02 6.4710198975e+02 6.4719097900e+02 6.4727099609e+02 6.4736602783e+02 6.4746301270e+02 6.4753302002e+02 6.4763201904e+02 6.4773498535e+02 6.4781097412e+02 6.4789001465e+02 6.4796997070e+02 6.4805499268e+02 6.4812597656e+02 6.4823797607e+02 6.4833300781e+02 6.4839501953e+02 6.4847497559e+02 6.4855603027e+02 6.4862597656e+02 6.4870800781e+02
6.4497100830e+02 6.4505902100e+02 6.4513598633e+02 6.4521600342e+02 6.4529699707e+02 6.4537500000e+02 6.4545501709e+02 6.4553302002e+02 6.4560998535e+02 6.4568298340e+02 6.4574700928e+02 6.4581799316e+02 6.4587902832e+02 6.4594201660e+02 6.4602801514e+02 6.4609698486e+02 6.4615600586e+02 6.4622497559e+02 6.4630499268e+02 6.4638598633e+02 6.4645800781e+02 6.4653002930e+02 6.4660302734e+02 6.4666400146e+02 6.4674499512e+02 6.4682202148e+02 6.4690002441e+02 6.4697900391e+02 6.4705999756e+02 6.4715399170e+02 6.4724298096e+02 6.4731201172e+02 6.4740802002e+02 6.4750097656e+02 6.4758801270e+02 6.4768103027e+02 6.4776000977e+02 6.4784100342e+02 6.4790899658e+02 6.4800500488e+02 6.4809301758e+02 6.4816497803e+02 6.4826098633e+02 6.4834399414e+02 6.4841101074e+02 6.4850201416e+02
6.4482202148e+02 6.4490399170e+02 6.4496997070e+02 6.4504699707e+02 6.4513000488e+02 6.4521398926e+02 6.4530297852e+02 6.4539801025e+02 6.4547100830e+02 6.4552801514e+02 6.4559197998e+02 6.4566198730e+02 6.4571002197e+02 6.4577197266e+02 6.4585101318e+02 6.4591601563e+02 6.4597399902e+02 6.4604400635e+02 6.4612402344e+02 6.4619799805e+02 6.4626702881e+02 6.4633099365e+02 6.4639898682e+02 6.4646801758e+02 6.4654699707e+02 6.4663098145e+02 6.4670898438e+02 6.4677600098e+02 6.4685900879e+02 6.4695098877e+02 6.4703497314e+02 6.4710400391e+02 6.4719097900e+02 6.4727001953e+02 6.4735400391e+02 6.4745001221e+02 6.4754199219e+02 6.4763201904e+02 6.4769897461e+02 6.4778698730e+02 6.4786297607e+02 6.4793402100e+02 6.4802801514e+02 6.4810601807e+02 6.4818402100e+02 6.4828399658e+02
6.4466601563e+02 6.4473999023e+02 6.4480603027e+02 6.4487701416e+02 6.4494897461e+02 6.4503399658e+02 6.4512799072e+02 6.4524200439e+02 6.4532397461e+02 6.4538201904e+02 6.4543798828e+02 6.4550500488e+02 6.4555798340e+02 6.4561602783e+02 6.4566601563e+02 6.4572601318e+02 6.4578997803e+02 6.4586499023e+02 6.4593103027e+02 6.4601397705e+02 6.4609497070e+02 6.4615802002e+02 6.4620300293e+02 6.4628698730e+02 6.4637402344e+02 6.4645697021e+02 6.4653100586e+02 6.4658502197e+02 6.4666198730e+02 6.4675097656e+02 6.4683300781e+02 6.4691699219e+02 6.4700299072e+02 6.4708099365e+02 6.4715600586e+02 6.4722998047e+02 6.4731597900e+02 6.4740600586e+02 6.4748602295e+02 6.4756597900e+02 6.4764001465e+02 6.4772399902e+02 6.4781298828e+02 6.4788000488e+02 6.4796600342e+02 6.4806402588e+02
6.4458099365e+02 6.4463201904e+02 6.4466998291e+02 6.4471301270e+02 6.4477502441e+02 6.4486199951e+02 6.4496301270e+02 6.4507501221e+02 6.4516802979e+02 6.4524401855e+02 6.4529901123e+02 6.4535797119e+02 6.4541802979e+02 6.4546899414e+02 6.4551599121e+02 6.4557702637e+02 6.4563299561e+02 6.4569598389e+02 6.4576898193e+02 6.4583300781e+02 6.4590301514e+02 6.4597302246e+02 6.4602301025e+02 6.4610198975e+02 6.4620001221e+02 6.4627502441e+02 6.4634698486e+02 6.4641900635e+02 6.4648999023e+02 6.4656500244e+02 6.4663702393e+02 6.4670800781e+02 6.4679498291e+02 6.4688598633e+02 6.4696502686e+02 6.4704101563e+02 6.4712701416e+02 6.4720800781e+02 6.4727301025e+02 6.4735699463e+02 6.4743103027e+02 6.4751098633e+02 6.4759600830e+02 6.4768298340e+02 6.4776702881e+02 6.4784497070e+02
6.4447399902e+02 6.4451000977e+02 6.4452899170e+02 6.4456097412e+02 6.4461199951e+02 6.4468902588e+02 6.4478698730e+02 6.4490399170e+02 6.4500897217e+02 6.4509802246e+02 6.4515600586e+02 6.4522497559e+02 6.4528698730e+02 6.4533099365e+02 6.4537500000e+02 6.4542199707e+02 6.4547601318e+02 6.4553601074e+02 6.4560797119e+02 6.4566497803e+02 6.4573498535e+02 6.4580499268e+02 6.4585601807e+02 6.4592700195e+02 6.4601098633e+02 6.4607800293e+02 6.4616400146e+02 6.4624499512e+02 6.4630902100e+02 6.4638500977e+02 6.4646002197e+02 6.4653399658e+02 6.4661700439e+02 6.4669097900e+02 6.4675201416e+02 6.4683898926e+02 6.4693499756e+02 6.4701300049e+02 6.4706701660e+02 6.4715600586e+02 6.4723602295e+02 6.4730999756e+02 6.4738702393e+02 6.4747100830e+02 6.4754901123e+02 6.4762402344e+02
6.4435400391e+02 6.4438098145e+02 6.4440802002e+02 6.4443499756e+02 6.4446997070e+02 6.4452899170e+02 6.4462097168e+02 6.4473797607e+02 6.4484899902e+02 6.4494598389e+02 6.4501000977e+02 6.4508502197e+02 6.4515002441e+02 6.4519500732e+02 6.4523602295e+02 6.4527301025e+02 6.4533197021e+02 6.4539398193e+02 6.4544799805e+02 6.4551397705e+02 6.4558898926e+02 6.4565100098e+02 6.4570001221e+02 6.4577197266e+02 6.4584497070e+02 6.4590899658e+02 6.4599597168e+02 6.4606201172e+02 6.4612200928e+02 6.4620397949e+02 6.4627899170e+02 6.4635400391e+02 6.4644097900e+02 6.4650799561e+02 6.4655401611e+02 6.4663201904e+02 6.4672802734e+02 6.4681201172e+02 6.4687402344e+02 6.4695898438e+02 6.4703497314e+02 6.4710400391e+02 6.4718103027e+02 6.4725299072e+02 6.4732397461e+02 6.4740802002e+02
6.4425500488e+02 6.4427502441e+02 6.4431201172e+02 6.4434399414e+02 6.4437200928e+02 6.4440899658e+02 6.4448199463e+02 6.4459698486e+02 6.4470202637e+02 6.4479901123e+02 6.4487402344e+02 6.4495202637e+02 6.4501202393e+02 6.4505200195e+02 6.4507501221e+02 6.4513098145e+02 6.4519396973e+02 6.4525402832e+02 6.4530603027e+02 6.4536999512e+02 6.4543597412e+02 6.4549298096e+02 6.4554699707e+02 6.4561499023e+02 6.4567999268e+02 6.4575299072e+02 6.4583599854e+02 6.4588299561e+02 6.4594598389e+02 6.4603100586e+02 6.4609100342e+02 6.4616101074e+02 6.4625097656e+02 6.4633398438e+02 6.4640197754e+02 6.4645800781e+02 6.4653100586e+02 6.4660998535e+02 6.4667797852e+02 6.4675299072e+02 6.4682397461e+02 6.4689202881e+02 6.4696801758e+02 6.4703997803e+02 6.4711199951e+02 6.4719799805e+02
6.4414300537e+02 6.4415502930e+02 6.4419500732e+02 6.4423101807e+02 6.4425897217e+02 6.4430297852e+02 6.4438397217e+02 6.4446697998e+02 6.4455902100e+02 6.4465301514e+02 6.4473999023e+02 6.4482000732e+02 6.4486297607e+02 6.4489300537e+02 6.4493200684e+02 6.4499902344e+02 6.4505102539e+02 6.4509997559e+02 6.4515600586e+02 6.4521002197e+02 6.4527301025e+02 6.4533898926e+02 6.4540301514e+02 6.4546600342e+02 6.4552099609e+02 6.4558502197e+02 6.4566699219e+02 6.4572302246e+02 6.4577600098e+02 6.4585601807e+02 6.4592297363e+02 6.4599401855e+02 6.4607598877e+02 6.4615197754e+02 6.4623101807e+02 6.4630603027e+02 6.4636999512e+02 6.4643298340e+02 6.4648999023e+02 6.4655902100e+02 6.4662500000e+02 6.4669702148e+02 6.4677600098e+02 6.4684399414e+02 6.4692401123e+02 6.4700799561e+02
6.4402899170e+02 6.4404302979e+02 6.4407098389e+02 6.4409802246e+02 6.4412597656e+02 6.4417602539e+02 6.4425799561e+02 6.4433099365e+02 6.4441699219e+02 6.4450598145e+02 6.4459698486e+02 6.4467602539e+02 6.4472497559e+02 6.4475598145e+02 6.4478198242e+02 6.4483001709e+02 6.4488000488e+02 6.4493200684e+02 6.4499798584e+02 6.4505902100e+02 6.4512701416e+02 6.4519396973e+02 6.4525799561e+02 6.4531597900e+02 6.4537200928e+02 6.4543200684e+02 6.4550500488e+02 6.4557202148e+02 6.4562097168e+02 6.4569396973e+02 6.4576501465e+02 6.4583502197e+02 6.4590899658e+02 6.4597698975e+02 6.4604901123e+02 6.4611798096e+02 6.4618499756e+02 6.4625000000e+02 6.4630902100e+02 6.4638897705e+02 6.4645397949e+02 6.4652600098e+02 6.4659997559e+02 6.4665802002e+02 6.4673699951e+02 6.4681500244e+02
6.4390301514e+02 6.4392901611e+02 6.4394598389e+02 6.4397100830e+02 6.4400299072e+02 6.4404797363e+02 6.4411297607e+02 6.4419396973e+02 6.4428497314e+02 6.4437200928e+02 6.4445202637e+02 6.4452899170e+02 6.4459600830e+02 6.4463897705e+02 6.4464801025e+02 6.4466802979e+02 6.4470501709e+02 6.4475299072e+02 6.4481896973e+02 6.4490399170e+02 6.4499700928e+02 6.4507098389e+02 6.4512298584e+02 6.4517401123e+02 6.4523199463e+02 6.4529400635e+02 6.4535900879e+02 6.4542700195e+02 6.4548101807e+02 6.4554400635e+02 6.4560900879e+02 6.4567602539e+02 6.4574102783e+02 6.4580200195e+02 6.4587402344e+02 6.4593597412e+02 6.4600598145e+02 6.4607800293e+02 6.4613702393e+02 6.4622302246e+02 6.4628601074e+02 6.4635198975e+02 6.4642498779e+02 6.4647802734e+02 6.4654199219e+02 6.4660797119e+02
6.4374298096e+02 6.4377197266e+02 6.4380798340e+02 6.4384002686e+02 6.4387500000e+02 6.4392102051e+02 6.4398400879e+02 6.4405798340e+02 6.4414599609e+02 6.4423297119e+02 6.4430200195e+02 6.4438897705e+02 6.4446301270e+02 6.4451000977e+02 6.4453399658e+02 6.4454901123e+02 6.4455902100e+02 6.4459002686e+02 6.4464801025e+02 6.4474902344e+02 6.4486102295e+02 6.4494897461e+02 6.4500402832e+02 6.4505798340e+02 6.4510498047e+02 6.4514898682e+02 6.4520001221e+02 6.4526702881e+02 6.4532598877e+02 6.4539001465e+02 6.4545599365e+02 6.4552001953e+02 6.4558001709e+02 6.4564398193e+02 6.4572399902e+02 6.4578601074e+02 6.4585302734e+02 6.4592602539e+02 6.4597601318e+02 6.4605200195e+02 6.4611199951e+02 6.4616497803e+02 6.4623199463e+02 6.4629901123e+02 6.4635601807e+02 6.4641802979e+02
6.4358001709e+02 6.4360498047e+02 6.4365197754e+02 6.4370300293e+02 6.4374298096e+02 6.4379199219e+02 6.4386297607e+02 6.4393200684e+02 6.4400897217e+02 6.4409899902e+02 6.4417901611e+02 6.4425402832e+02 6.4432800293e+02 6.4437500000e+02 6.4440197754e+02 6.4443200684e+02 6.4443798828e+02 6.4446301270e+02 6.4451702881e+02 6.4460998535e+02 6.4471899414e+02 6.4479699707e+02 6.4485797119e+02 6.4492498779e+02 6.4497900391e+02 6.4502301025e+02 6.4507299805e+02 6.4511901855e+02 6.4517498779e+02 6.4524401855e+02 6.4530798340e+02 6.4536499023e+02 6.4542401123e+02 6.4548999023e+02 6.4556701660e+02 6.4563397217e+02 6.4569500732e+02 6.4576202393e+02 6.4581500244e+02 6.4589801025e+02 6.4594897461e+02 6.4598699951e+02 6.4605102539e+02 6.4611999512e+02 6.4617700195e+02 6.4624401855e+02
6.4344897461e+02 6.4350402832e+02 6.4355603027e+02 6.4361102295e+02 6.4364398193e+02 6.4369500732e+02 6.4375897217e+02 6.4381597900e+02 6.4388299561e+02 6.4396301270e+02 6.4403601074e+02 6.4411102295e+02 6.4419598389e+02 6.4425097656e+02 6.4427801514e+02 6.4431597900e+02 6.4433197021e+02 6.4436602783e+02 6.4442498779e+02 6.4450201416e+02 6.4458502197e+02 6.4465502930e+02 6.4472802734e+02 6.4478997803e+02 6.4484600830e+02 6.4489898682e+02 6.4496002197e+02 6.4500201416e+02 6.4505401611e+02 6.4511499023e+02 6.4516699219e+02 6.4522100830e+02 6.4528302002e+02 6.4534899902e+02 6.4541998291e+02 6.4548999023e+02 6.4554400635e+02 6.4560101318e+02 6.4564898682e+02 6.4572698975e+02 6.4578698730e+02 6.4583697510e+02 6.4590002441e+02 6.4595898438e+02 6.4600897217e+02 6.4607000732e+02
6.4336102295e+02 6.4343200684e+02 6.4347302246e+02 6.4350799561e+02 6.4352899170e+02 6.4358197021e+02 6.4364398193e+02 6.4369500732e+02 6.4375701904e+02 6.4382202148e+02 6.4388000488e+02 6.4395397949e+02 6.4403997803e+02 6.4410998535e+02 6.4415100098e+02 6.4419500732e+02 6.4422601318e+02 6.4426599121e+02 6.4432000732e+02 6.4439599609e+02 6.4446801758e+02 6.4453997803e+02 6.4461602783e+02 6.4467102051e+02 6.4471801758e+02 6.4476202393e+02 6.4482598877e+02 6.4488397217e+02 6.4494000244e+02 6.4499499512e+02 6.4503399658e+02 6.4508502197e+02 6.4515002441e+02 6.4521301270e+02 6.4527697754e+02 6.4534197998e+02 6.4539202881e+02 6.4544897461e+02 6.4550500488e+02 6.4557202148e+02 6.4563000488e+02 6.4568499756e+02 6.4575201416e+02 6.4581097412e+02 6.4585998535e+02 6.4591497803e+02
