TESTSERVER/22/11.asc
NCOLS 100
NROWS 100
XLLCORNER 8.5997500000e+03
YLLCORNER 2.8940025000e+05
CELLSIZE 5.0000000000e-01
NODATA_VALUE -9.9990000000e+03
[rows 20 to 39 of 100, columns 46 to 91 of 100]
6.5756597900e+02 6.5762200928e+02 6.5768402100e+02 6.5773999023e+02 6.5779101563e+02 6.5787701416e+02 6.5796099854e+02 6.5803302002e+02 6.5809997559e+02 6.5817602539e+02 6.5824298096e+02 6.5830700684e+02 6.5838800049e+02 6.5846398926e+02 6.5852697754e+02 6.5859197998e+02 6.5868103027e+02 6.5877398682e+02 6.5886499023e+02 6.5895397949e+02 6.5902502441e+02 6.5910101318e+02 6.5918701172e+02 6.5928100586e+02 6.5936602783e+02 6.5946301270e+02 6.5957598877e+02 6.5967901611e+02 6.5974200439e+02 6.5980999756e+02 6.5990802002e+02 6.6003698730e+02 6.6014398193e+02 6.6025701904e+02 6.6044097900e+02 6.6060699463e+02 6.6066497803e+02 6.6068298340e+02 6.6078698730e+02 6.6092498779e+02 6.6100598145e+02 6.6109698486e+02 6.6124798584e+02 6.6140502930e+02 6.6157598877e+02 6.6169201660e+02
6.5739801025e+02 6.5746301270e+02 6.5753900146e+02 6.5760699463e+02 6.5765997314e+02 6.5773101807e+02 6.5780499268e+02 6.5786901855e+02 6.5793200684e+02 6.5800402832e+02 6.5807598877e+02 6.5814202881e+02 6.5821899414e+02 6.5827697754e+02 6.5834399414e+02 6.5842602539e+02 6.5849902344e+02 6.5857501221e+02 6.5866302490e+02 6.5875000000e+02 6.5882098389e+02 6.5888800049e+02 6.5897698975e+02 6.5908001709e+02 6.5916900635e+02 6.5925000000e+02 6.5934899902e+02 6.5944897461e+02 6.5951702881e+02 6.5958697510e+02 6.5966101074e+02 6.5976202393e+02 6.5986602783e+02 6.5996197510e+02 6.6008599854e+02 6.6021398926e+02 6.6033697510e+02 6.6038397217e+02 6.6048101807e+02 6.6064099121e+02 6.6077099609e+02 6.6085900879e+02 6.6101501465e+02 6.6119000244e+02 6.6132202148e+02 6.6142199707e+02
6.5721502686e+02 6.5728698730e+02 6.5736798096e+02 6.5744702148e+02 6.5751702881e+02 6.5758898926e+02 6.5765399170e+02 6.5770599365e+02 6.5776800537e+02 6.5785101318e+02 6.5792199707e+02 6.5798498535e+02 6.5806402588e+02 6.5812200928e+02 6.5817999268e+02 6.5825201416e+02 6.5833300781e+02 6.5840899658e+02 6.5848400879e+02 6.5855603027e+02 6.5862597656e+02 6.5870300293e+02 6.5878399658e+02 6.5886999512e+02 6.5895800781e+02 6.5904400635e+02 6.5913299561e+02 6.5922302246e+02 6.5929199219e+02 6.5935998535e+02 6.5942102051e+02 6.5950701904e+02 6.5961297607e+02 6.5972100830e+02 6.5982202148e+02 6.5992797852e+02 6.6006500244e+02 6.6012597656e+02 6.6022698975e+02 6.6038800049e+02 6.6053100586e+02 6.6062200928e+02 6.6076599121e+02 6.6092602539e+02 6.6103399658e+02 6.6114300537e+02
6.5706298828e+02 6.5713098145e+02 6.5719799805e+02 6.5727301025e+02 6.5734802246e+02 6.5743200684e+02 6.5750500488e+02 6.5755603027e+02 6.5762097168e+02 6.5770898438e+02 6.5777697754e+02 6.5783099365e+02 6.5790301514e+02 6.5797399902e+02 6.5803100586e+02 6.5809497070e+02 6.5817498779e+02 6.5824401855e+02 6.5831201172e+02 6.5838299561e+02 6.5844598389e+02 6.5853302002e+02 6.5860601807e+02 6.5867498779e+02 6.5875299072e+02 6.5884100342e+02 6.5892901611e+02 6.5901202393e+02 6.5907702637e+02 6.5914898682e+02 6.5920501709e+02 6.5928002930e+02 6.5938299561e+02 6.5948199463e+02 6.5957800293e+02 6.5969299316e+02 6.5981097412e+02 6.5988397217e+02 6.5998498535e+02 6.6010400391e+02 6.6021899414e+02 6.6032000732e+02 6.6044201660e+02 6.6058502197e+02 6.6072399902e+02 6.6086602783e+02
6.5690502930e+02 6.5698699951e+02 6.5705102539e+02 6.5711499023e+02 6.5717498779e+02 6.5725799561e+02 6.5733502197e+02 6.5740100098e+02 6.5746899414e+02 6.5755999756e+02 6.5762500000e+02 6.5767102051e+02 6.5774700928e+02 6.5781799316e+02 6.5788201904e+02 6.5795300293e+02 6.5802001953e+02 6.5807397461e+02 6.5814599609e+02 6.5821600342e+02 6.5827502441e+02 6.5834100342e+02 6.5841900635e+02 6.5850701904e+02 6.5858300781e+02 6.5865502930e+02 6.5873400879e+02 6.5880499268e+02 6.5887402344e+02 6.5895501709e+02 6.5901898193e+02 6.5908099365e+02 6.5917199707e+02 6.5926397705e+02 6.5936901855e+02 6.5947399902e+02 6.5953100586e+02 6.5964099121e+02 6.5974499512e+02 6.5982202148e+02 6.5989801025e+02 6.6001397705e+02 6.6010601807e+02 6.6023901367e+02 6.6042999268e+02 6.6060797119e+02
6.5673699951e+02 6.5681500244e+02 6.5689898682e+02 6.5697601318e+02 6.5703497314e+02 6.5710601807e+02 6.5716198730e+02 6.5723101807e+02 6.5730499268e+02 6.5739599609e+02 6.5746600342e+02 6.5751800537e+02 6.5759399414e+02 6.5765802002e+02 6.5771997070e+02 6.5780102539e+02 6.5786401367e+02 6.5791802979e+02 6.5799902344e+02 6.5806799316e+02 6.5813098145e+02 6.5818200684e+02 6.5822998047e+02 6.5830999756e+02 6.5839300537e+02 6.5846801758e+02 6.5854400635e+02 6.5861199951e+02 6.5868103027e+02 6.5875701904e+02 6.5882702637e+02 6.5889697266e+02 6.5898797607e+02 6.5906799316e+02 6.5916400146e+02 6.5924902344e+02 6.5931201172e+02 6.5940600586e+02 6.5948797607e+02 6.5957098389e+02 6.5965899658e+02 6.5975701904e+02 6.5984399414e+02 6.5996398926e+02 6.6013098145e+02 6.6030499268e+02
6.5657800293e+02 6.5663201904e+02 6.5671600342e+02 6.5680401611e+02 6.5687298584e+02 6.5694500732e+02 6.5699902344e+02 6.5706298828e+02 6.5713897705e+02 6.5722802734e+02 6.5730297852e+02 6.5736700439e+02 6.5743597412e+02 6.5749798584e+02 6.5755700684e+02 6.5763299561e+02 6.5770697021e+02 6.5777600098e+02 6.5785498047e+02 6.5792297363e+02 6.5798400879e+02 6.5804199219e+02 6.5807702637e+02 6.5813299561e+02 6.5821197510e+02 6.5828601074e+02 6.5835601807e+02 6.5842498779e+02 6.5849597168e+02 6.5857098389e+02 6.5863897705e+02 6.5870800781e+02 6.5879199219e+02 6.5888598633e+02 6.5897198486e+02 6.5903198242e+02 6.5910498047e+02 6.5918200684e+02 6.5925097656e+02 6.5933697510e+02 6.5944201660e+02 6.5953601074e+02 6.5961700439e+02 6.5972399902e+02 6.5985498047e+02 6.5998999023e+02
6.5640002441e+02 6.5645098877e+02 6.5653002930e+02 6.5661901855e+02 6.5669299316e+02 6.5675000000e+02 6.5681402588e+02 6.5690197754e+02 6.5698699951e+02 6.5706402588e+02 6.5713098145e+02 6.5719396973e+02 6.5725701904e+02 6.5732897949e+02 6.5738800049e+02 6.5745501709e+02 6.5753802490e+02 6.5760998535e+02 6.5769299316e+02 6.5777099609e+02 6.5781799316e+02 6.5788098145e+02 6.5793298340e+02 6.5798297119e+02 6.5804797363e+02 6.5811401367e+02 6.5817901611e+02 6.5825299072e+02 6.5833197021e+02 6.5839898682e+02 6.5846600342e+02 6.5853100586e+02 6.5859698486e+02 6.5869799805e+02 6.5877301025e+02 6.5882299805e+02 6.5890698242e+02 6.5898699951e+02 6.5905902100e+02 6.5914300537e+02 6.5924200439e+02 6.5933697510e+02 6.5941400146e+02 6.5950701904e+02 6.5961401367e+02 6.5971997070e+02
6.5621099854e+02 6.5627502441e+02 6.5635498047e+02 6.5643798828e+02 6.5651202393e+02 6.5655902100e+02 6.5662500000e+02 6.5672497559e+02 6.5681097412e+02 6.5689202881e+02 6.5696002197e+02 6.5701702881e+02 6.5706597900e+02 6.5716198730e+02 6.5723199463e+02 6.5728497314e+02 6.5734698486e+02 6.5743701172e+02 6.5751898193e+02 6.5759899902e+02 6.5764801025e+02 6.5771301270e+02 6.5777697754e+02 6.5783697510e+02 6.5789398193e+02 6.5796099854e+02 6.5802600098e+02 6.5809899902e+02 6.5817297363e+02 6.5822399902e+02 6.5829602051e+02 6.5836999512e+02 6.5843597412e+02 6.5850402832e+02 6.5856500244e+02 6.5863800049e+02 6.5871801758e+02 6.5879101563e+02 6.5887097168e+02 6.5896502686e+02 6.5904998779e+02 6.5913702393e+02 6.5922802734e+02 6.5931402588e+02 6.5939398193e+02 6.5950000000e+02
6.5603900146e+02 6.5611297607e+02 6.5619201660e+02 6.5625897217e+02 6.5631402588e+02 6.5638897705e+02 6.5647100830e+02 6.5655798340e+02 6.5663702393e+02 6.5671002197e+02 6.5679101563e+02 6.5685699463e+02 6.5691497803e+02 6.5701098633e+02 6.5708197021e+02 6.5713397217e+02 6.5719201660e+02 6.5725897217e+02 6.5733197021e+02 6.5741900635e+02 6.5748602295e+02 6.5753900146e+02 6.5759698486e+02 6.5766699219e+02 6.5774401855e+02 6.5782800293e+02 6.5789697266e+02 6.5795202637e+02 6.5801300049e+02 6.5807098389e+02 6.5814099121e+02 6.5820697021e+02 6.5825500488e+02 6.5832501221e+02 6.5839202881e+02 6.5847100830e+02 6.5853997803e+02 6.5860601807e+02 6.5867102051e+02 6.5876397705e+02 6.5885198975e+02 6.5893798828e+02 6.5902197266e+02 6.5910900879e+02 6.5920098877e+02 6.5930798340e+02
6.5586297607e+02 6.5594396973e+02 6.5602502441e+02 6.5608502197e+02 6.5613098145e+02 6.5622198486e+02 6.5630700684e+02 6.5638000488e+02 6.5645501709e+02 6.5653399658e+02 6.5661297607e+02 6.5669000244e+02 6.5676000977e+02 6.5683697510e+02 6.5689697266e+02 6.5695898438e+02 6.5702398682e+02 6.5707702637e+02 6.5714599609e+02 6.5722698975e+02 6.5730297852e+02 6.5735900879e+02 6.5742199707e+02 6.5749597168e+02 6.5756500244e+02 6.5764599609e+02 6.5772698975e+02 6.5778802490e+02 6.5784399414e+02 6.5791998291e+02 6.5798901367e+02 6.5804797363e+02 6.5809600830e+02 6.5816998291e+02 6.5823199463e+02 6.5830200195e+02 6.5837902832e+02 6.5845001221e+02 6.5851202393e+02 6.5859002686e+02 6.5866601563e+02 6.5874401855e+02 6.5882299805e+02 6.5891699219e+02 6.5901202393e+02 6.5910498047e+02
6.5567199707e+02 6.5574798584e+02 6.5582800293e+02 6.5588500977e+02 6.5595098877e+02 6.5605401611e+02 6.5612701416e+02 6.5618499756e+02 6.5626300049e+02 6.5636199951e+02 6.5643798828e+02 6.5651300049e+02 6.5658398438e+02 6.5664398193e+02 6.5671099854e+02 6.5678698730e+02 6.5685101318e+02 6.5690197754e+02 6.5696899414e+02 6.5704400635e+02 6.5711602783e+02 6.5718298340e+02 6.5725701904e+02 6.5733001709e+02 6.5739202881e+02 6.5746398926e+02 6.5754797363e+02 6.5761199951e+02 6.5766601563e+02 6.5773999023e+02 6.5781298828e+02 6.5788201904e+02 6.5793499756e+02 6.5800402832e+02 6.5807397461e+02 6.5814099121e+02 6.5822198486e+02 6.5829498291e+02 6.5835498047e+02 6.5842797852e+02 6.5850299072e+02 6.5857800293e+02 6.5865100098e+02 6.5873901367e+02 6.5882598877e+02 6.5890399170e+02
6.5548602295e+02 6.5556500244e+02 6.5564697266e+02 6.5570202637e+02 6.5577301025e+02 6.5586901855e+02 6.5594201660e+02 6.5600097656e+02 6.5607501221e+02 6.5618200684e+02 6.5625201416e+02 6.5632397461e+02 6.5639001465e+02 6.5645599365e+02 6.5652899170e+02 6.5659997559e+02 6.5666998291e+02 6.5673199463e+02 6.5678997803e+02 6.5685900879e+02 6.5692498779e+02 6.5700701904e+02 6.5708599854e+02 6.5715600586e+02 6.5723297119e+02 6.5730603027e+02 6.5737799072e+02 6.5744799805e+02 6.5750897217e+02 6.5757299805e+02 6.5765802002e+02 6.5772998047e+02 6.5777600098e+02 6.5783697510e+02 6.5791699219e+02 6.5797900391e+02 6.5805902100e+02 6.5813702393e+02 6.5819097900e+02 6.5826202393e+02 6.5833099365e+02 6.5843200684e+02 6.5850598145e+02 6.5857397461e+02 6.5863800049e+02 6.5871398926e+02
6.5530603027e+02 6.5536700439e+02 6.5545098877e+02 6.5552502441e+02 6.5560400391e+02 6.5569598389e+02 6.5577600098e+02 6.5584002686e+02 6.5590899658e+02 6.5598797607e+02 6.5606298828e+02 6.5613500977e+02 6.5620001221e+02 6.5627398682e+02 6.5635400391e+02 6.5641802979e+02 6.5648699951e+02 6.5654901123e+02 6.5660601807e+02 6.5667498779e+02 6.5674200439e+02 6.5681500244e+02 6.5688702393e+02 6.5696002197e+02 6.5703900146e+02 6.5711999512e+02 6.5718499756e+02 6.5726599121e+02 6.5733898926e+02 6.5740802002e+02 6.5748699951e+02 6.5755200195e+02 6.5761602783e+02 6.5769396973e+02 6.5777197266e+02 6.5783099365e+02 6.5790502930e+02 6.5798602295e+02 6.5804101563e+02 6.5811401367e+02 6.5817401123e+02 6.5825000000e+02 6.5833398438e+02 6.5841101074e+02 6.5846899414e+02 6.5853997803e+02
6.5512200928e+02 6.5518200684e+02 6.5526397705e+02 6.5534197998e+02 6.5542199707e+02 6.5551702881e+02 6.5559301758e+02 6.5565997314e+02 6.5571899414e+02 6.5579998779e+02 6.5588000488e+02 6.5594702148e+02 6.5600097656e+02 6.5606799316e+02 6.5615301514e+02 6.5622601318e+02 6.5629998779e+02 6.5636602783e+02 6.5642901611e+02 6.5650500488e+02 6.5656896973e+02 6.5662500000e+02 6.5669396973e+02 6.5677099609e+02 6.5684802246e+02 6.5693103027e+02 6.5699499512e+02 6.5707702637e+02 6.5715399170e+02 6.5723101807e+02 6.5730603027e+02 6.5737902832e+02 6.5746301270e+02 6.5753601074e+02 6.5761700439e+02 6.5768902588e+02 6.5775500488e+02 6.5781597900e+02 6.5787200928e+02 6.5795001221e+02 6.5803002930e+02 6.5809301758e+02 6.5817102051e+02 6.5824401855e+02 6.5830297852e+02 6.5839202881e+02
6.5494702148e+02 6.5501702881e+02 6.5510198975e+02 6.5517401123e+02 6.5523901367e+02 6.5532501221e+02 6.5539501953e+02 6.5546301270e+02 6.5552398682e+02 6.5561602783e+02 6.5569799805e+02 6.5575799561e+02 6.5581298828e+02 6.5587902832e+02 6.5595202637e+02 6.5602398682e+02 6.5609899902e+02 6.5616900635e+02 6.5623602295e+02 6.5631896973e+02 6.5639398193e+02 6.5645501709e+02 6.5652197266e+02 6.5659197998e+02 6.5666198730e+02 6.5674401855e+02 6.5680798340e+02 6.5688299561e+02 6.5696502686e+02 6.5703802490e+02 6.5711199951e+02 6.5720599365e+02 6.5729602051e+02 6.5735498047e+02 6.5743499756e+02 6.5751702881e+02 6.5759301758e+02 6.5765100098e+02 6.5771002197e+02 6.5778399658e+02 6.5787097168e+02 6.5793103027e+02 6.5800701904e+02 6.5808197021e+02 6.5814398193e+02 6.5822399902e+02
6.5476501465e+02 6.5484002686e+02 6.5491900635e+02 6.5498498535e+02 6.5505700684e+02 6.5514001465e+02 6.5520697021e+02 6.5527099609e+02 6.5534802246e+02 6.5542797852e+02 6.5549597168e+02 6.5555902100e+02 6.5564501953e+02 6.5571899414e+02 6.5577099609e+02 6.5583801270e+02 6.5591198730e+02 6.5597100830e+02 6.5604602051e+02 6.5613201904e+02 6.5620898438e+02 6.5627600098e+02 6.5634399414e+02 6.5641601563e+02 6.5649401855e+02 6.5656201172e+02 6.5662799072e+02 6.5669201660e+02 6.5676702881e+02 6.5683398438e+02 6.5691198730e+02 6.5700799561e+02 6.5708502197e+02 6.5716400146e+02 6.5724902344e+02 6.5732702637e+02 6.5741101074e+02 6.5749597168e+02 6.5754998779e+02 6.5760900879e+02 6.5770202637e+02 6.5776300049e+02 6.5783197021e+02 6.5791998291e+02 6.5797302246e+02 6.5804400635e+02
6.5456500244e+02 6.5465802002e+02 6.5474298096e+02 6.5480401611e+02 6.5486401367e+02 6.5494299316e+02 6.5501800537e+02 6.5508398438e+02 6.5517401123e+02 6.5524798584e+02 6.5531402588e+02 6.5537500000e+02 6.5544598389e+02 6.5552899170e+02 6.5558898926e+02 6.5566198730e+02 6.5573199463e+02 6.5578900146e+02 6.5586602783e+02 6.5594500732e+02 6.5600000000e+02 6.5607897949e+02 6.5615600586e+02 6.5623297119e+02 6.5629400635e+02 6.5636798096e+02 6.5644396973e+02 6.5651599121e+02 6.5659002686e+02 6.5664898682e+02 6.5672100830e+02 6.5680798340e+02 6.5688598633e+02 6.5697497559e+02 6.5706597900e+02 6.5715301514e+02 6.5723297119e+02 6.5731597900e+02 6.5739001465e+02 6.5745397949e+02 6.5752697754e+02 6.5760498047e+02 6.5766699219e+02 6.5775000000e+02 6.5782501221e+02 6.5789398193e+02
6.5437701416e+02 6.5447198486e+02 6.5455499268e+02 6.5461401367e+02 6.5466699219e+02 6.5473498535e+02 6.5481298828e+02 6.5489099121e+02 6.5498498535e+02 6.5505603027e+02 6.5512902832e+02 6.5519299316e+02 6.5523999023e+02 6.5531799316e+02 6.5539599609e+02 6.5547802734e+02 6.5554602051e+02 6.5560797119e+02 6.5569201660e+02 6.5576501465e+02 6.5581799316e+02 6.5588598633e+02 6.5595202637e+02 6.5603002930e+02 6.5609899902e+02 6.5617498779e+02 6.5624499512e+02 6.5632299805e+02 6.5639300537e+02 6.5645001221e+02 6.5652502441e+02 6.5660699463e+02 6.5668499756e+02 6.5677398682e+02 6.5685900879e+02 6.5694897461e+02 6.5703802490e+02 6.5712097168e+02 6.5720800781e+02 6.5728100586e+02 6.5733801270e+02 6.5742797852e+02 6.5749700928e+02 6.5758197021e+02 6.5767999268e+02 6.5774200439e+02
6.5418402100e+02 6.5426800537e+02 6.5434197998e+02 6.5440997314e+02 6.5447698975e+02 6.5453399658e+02 6.5460400391e+02 6.5468402100e+02 6.5477001953e+02 6.5483898926e+02 6.5492297363e+02 6.5500299072e+02 6.5505401611e+02 6.5512597656e+02 6.5519897461e+02 6.5527301025e+02 6.5534197998e+02 6.5540997314e+02 6.5549700928e+02 6.5556402588e+02 6.5563000488e+02 6.5569598389e+02 6.5576098633e+02 6.5584497070e+02 6.5590997314e+02 6.5597900391e+02 6.5605499268e+02 6.5613800049e+02 6.5619201660e+02 6.5625000000e+02 6.5632897949e+02 6.5640899658e+02 6.5648602295e+02 6.5656201172e+02 6.5663201904e+02 6.5671801758e+02 6.5681402588e+02 6.5690197754e+02 6.5699700928e+02 6.5708300781e+02 6.5714801025e+02 6.5722802734e+02 6.5729797363e+02 6.5738702393e+02 6.5749401855e+02 6.5755603027e+02
