TESTSERVER/22/12.asc
NCOLS 100
NROWS 100
XLLCORNER 8.5997500000e+03
YLLCORNER 2.8935025000e+05
CELLSIZE 5.0000000000e-01
NODATA_VALUE -9.9990000000e+03
[rows 0 to 19 of 100, columns 46 to 91 of 100]
6.4323901367e+02 6.4326501465e+02 6.4331597900e+02 6.4338598633e+02 6.4342199707e+02 6.4347198486e+02 6.4351800537e+02 6.4356597900e+02 6.4360498047e+02 6.4363397217e+02 6.4367797852e+02 6.4371301270e+02 6.4375097656e+02 6.4380902100e+02 6.4386700439e+02 6.4391601563e+02 6.4395800781e+02 6.4402899170e+02 6.4407202148e+02 6.4412500000e+02 6.4419396973e+02 6.4424200439e+02 6.4427801514e+02 6.4431097412e+02 6.4434100342e+02 6.4438299561e+02 6.4442498779e+02 6.4446002197e+02 6.4449102783e+02 6.4455999756e+02 6.4462597656e+02 6.4467498779e+02 6.4471002197e+02 6.4473901367e+02 6.4477899170e+02 6.4480999756e+02 6.4481799316e+02 6.4486297607e+02 6.4489300537e+02 6.4491900635e+02 6.4494299316e+02 6.4497802734e+02 6.4501800537e+02 6.4506097412e+02 6.4510400391e+02 6.4513000488e+02
6.4314300537e+02 6.4315399170e+02 6.4317199707e+02 6.4321801758e+02 6.4325000000e+02 6.4330700684e+02 6.4336602783e+02 6.4342401123e+02 6.4348199463e+02 6.4351800537e+02 6.4354797363e+02 6.4358599854e+02 6.4363299561e+02 6.4368402100e+02 6.4373498535e+02 6.4377697754e+02 6.4381402588e+02 6.4387200928e+02 6.4391802979e+02 6.4396997070e+02 6.4403100586e+02 6.4409197998e+02 6.4413201904e+02 6.4416400146e+02 6.4420202637e+02 6.4425598145e+02 6.4429302979e+02 6.4429998779e+02 6.4431402588e+02 6.4439398193e+02 6.4448498535e+02 6.4455401611e+02 6.4460498047e+02 6.4463702393e+02 6.4466198730e+02 6.4469598389e+02 6.4471801758e+02 6.4474902344e+02 6.4477600098e+02 6.4481201172e+02 6.4484399414e+02 6.4487799072e+02 6.4491497803e+02 6.4495098877e+02 6.4499200439e+02 6.4501898193e+02
6.4312097168e+02 6.4311401367e+02 6.4311401367e+02 6.4313397217e+02 6.4315002441e+02 6.4317999268e+02 6.4321197510e+02 6.4325299072e+02 6.4331896973e+02 6.4335900879e+02 6.4339202881e+02 6.4343798828e+02 6.4349200439e+02 6.4355499268e+02 6.4361199951e+02 6.4365600586e+02 6.4369598389e+02 6.4373498535e+02 6.4377301025e+02 6.4381896973e+02 6.4387701416e+02 6.4393902588e+02 6.4397601318e+02 6.4401098633e+02 6.4405798340e+02 6.4412597656e+02 6.4416802979e+02 6.4417999268e+02 6.4420098877e+02 6.4427301025e+02 6.4435699463e+02 6.4442102051e+02 6.4446801758e+02 6.4451702881e+02 6.4454797363e+02 6.4458099365e+02 6.4460998535e+02 6.4462701416e+02 6.4464801025e+02 6.4469201660e+02 6.4472802734e+02 6.4475897217e+02 6.4479699707e+02 6.4483001709e+02 6.4487597656e+02 6.4491400146e+02
6.4313800049e+02 6.4313201904e+02 6.4312902832e+02 6.4312799072e+02 6.4312902832e+02 6.4313897705e+02 6.4314001465e+02 6.4315301514e+02 6.4320098877e+02 6.4322698975e+02 6.4325500488e+02 6.4329699707e+02 6.4334100342e+02 6.4340301514e+02 6.4346997070e+02 6.4352197266e+02 6.4356701660e+02 6.4360998535e+02 6.4364898682e+02 6.4369299316e+02 6.4375097656e+02 6.4380700684e+02 6.4385198975e+02 6.4389599609e+02 6.4393402100e+02 6.4398699951e+02 6.4402899170e+02 6.4406201172e+02 6.4410400391e+02 6.4416601563e+02 6.4422900391e+02 6.4428002930e+02 6.4431298828e+02 6.4436499023e+02 6.4440100098e+02 6.4443103027e+02 6.4447302246e+02 6.4448901367e+02 6.4451300049e+02 6.4456298828e+02 6.4459997559e+02 6.4462701416e+02 6.4466497803e+02 6.4470098877e+02 6.4474499512e+02 6.4479101563e+02
6.4313397217e+02 6.4314898682e+02 6.4314398193e+02 6.4312902832e+02 6.4313800049e+02 6.4316101074e+02 6.4316601563e+02 6.4317401123e+02 6.4319097900e+02 6.4318298340e+02 6.4319598389e+02 6.4321301270e+02 6.4323101807e+02 6.4326898193e+02 6.4332000732e+02 6.4336700439e+02 6.4339697266e+02 6.4347497559e+02 6.4353302002e+02 6.4357397461e+02 6.4360601807e+02 6.4367901611e+02 6.4374200439e+02 6.4379797363e+02 6.4382897949e+02 6.4385302734e+02 6.4387701416e+02 6.4392199707e+02 6.4398199463e+02 6.4403002930e+02 6.4408099365e+02 6.4412799072e+02 6.4416400146e+02 6.4420800781e+02 6.4424700928e+02 6.4428302002e+02 6.4433801270e+02 6.4435498047e+02 6.4438897705e+02 6.4443499756e+02 6.4446502686e+02 6.4448699951e+02 6.4452197266e+02 6.4457098389e+02 6.4461999512e+02 6.4465802002e+02
6.4312701416e+02 6.4313299561e+02 6.4313000488e+02 6.4311999512e+02 6.4314300537e+02 6.4317498779e+02 6.4317102051e+02 6.4317999268e+02 6.4318200684e+02 6.4316699219e+02 6.4318798828e+02 6.4320300293e+02 6.4320599365e+02 6.4321197510e+02 6.4324597168e+02 6.4328198242e+02 6.4329998779e+02 6.4334600830e+02 6.4340899658e+02 6.4346502686e+02 6.4350598145e+02 6.4355401611e+02 6.4360998535e+02 6.4365600586e+02 6.4368798828e+02 6.4372100830e+02 6.4375000000e+02 6.4378997803e+02 6.4384497070e+02 6.4389801025e+02 6.4394897461e+02 6.4398699951e+02 6.4402301025e+02 6.4407299805e+02 6.4411297607e+02 6.4415301514e+02 6.4420001221e+02 6.4421002197e+02 6.4425000000e+02 6.4430297852e+02 6.4434802246e+02 6.4435998535e+02 6.4439398193e+02 6.4445501709e+02 6.4449401855e+02 6.4453002930e+02
6.4310101318e+02 6.4309802246e+02 6.4311199951e+02 6.4311700439e+02 6.4314300537e+02 6.4316400146e+02 6.4316601563e+02 6.4318499756e+02 6.4318701172e+02 6.4317901611e+02 6.4319396973e+02 6.4320098877e+02 6.4320599365e+02 6.4321099854e+02 6.4323797607e+02 6.4326397705e+02 6.4327301025e+02 6.4329302979e+02 6.4333099365e+02 6.4337200928e+02 6.4341302490e+02 6.4346197510e+02 6.4350201416e+02 6.4352398682e+02 6.4354797363e+02 6.4359100342e+02 6.4362200928e+02 6.4365301514e+02 6.4370202637e+02 6.4376098633e+02 6.4381298828e+02 6.4384997559e+02 6.4388897705e+02 6.4394000244e+02 6.4397900391e+02 6.4401098633e+02 6.4405297852e+02 6.4407397461e+02 6.4412402344e+02 6.4417901611e+02 6.4422802734e+02 6.4424200439e+02 6.4427398682e+02 6.4432598877e+02 6.4436602783e+02 6.4441198730e+02
6.4307800293e+02 6.4307397461e+02 6.4309997559e+02 6.4311297607e+02 6.4313500977e+02 6.4315997314e+02 6.4317700195e+02 6.4319897461e+02 6.4319897461e+02 6.4320501709e+02 6.4321099854e+02 6.4321398926e+02 6.4322399902e+02 6.4323400879e+02 6.4324902344e+02 6.4326098633e+02 6.4327899170e+02 6.4330200195e+02 6.4332098389e+02 6.4333197021e+02 6.4335198975e+02 6.4338702393e+02 6.4340997314e+02 6.4342401123e+02 6.4344897461e+02 6.4348199463e+02 6.4349798584e+02 6.4351599121e+02 6.4357098389e+02 6.4362701416e+02 6.4367901611e+02 6.4372698975e+02 6.4377197266e+02 6.4381896973e+02 6.4386401367e+02 6.4389398193e+02 6.4392700195e+02 6.4395800781e+02 6.4401098633e+02 6.4406097412e+02 6.4410998535e+02 6.4412500000e+02 6.4415002441e+02 6.4419299316e+02 6.4423699951e+02 6.4428100586e+02
6.4308599854e+02 6.4308001709e+02 6.4309600830e+02 6.4310699463e+02 6.4312200928e+02 6.4314599609e+02 6.4317999268e+02 6.4319598389e+02 6.4318499756e+02 6.4320697021e+02 6.4322399902e+02 6.4323297119e+02 6.4324798584e+02 6.4327197266e+02 6.4328302002e+02 6.4327899170e+02 6.4328698730e+02 6.4330700684e+02 6.4331701660e+02 6.4332598877e+02 6.4334802246e+02 6.4336499023e+02 6.4337097168e+02 6.4338397217e+02 6.4341998291e+02 6.4343597412e+02 6.4344299316e+02 6.4344799805e+02 6.4348602295e+02 6.4351898193e+02 6.4356799316e+02 6.4362902832e+02 6.4366998291e+02 6.4371997070e+02 6.4376501465e+02 6.4379498291e+02 6.4383099365e+02 6.4384802246e+02 6.4388098145e+02 6.4392901611e+02 6.4398999023e+02 6.4401098633e+02 6.4403100586e+02 6.4406799316e+02 6.4410302734e+02 6.4414300537e+02
6.4307702637e+02 6.4308001709e+02 6.4309997559e+02 6.4309802246e+02 6.4310797119e+02 6.4313702393e+02 6.4315698242e+02 6.4318298340e+02 6.4319097900e+02 6.4320098877e+02 6.4321099854e+02 6.4322100830e+02 6.4323699951e+02 6.4326300049e+02 6.4328601074e+02 6.4328900146e+02 6.4329602051e+02 6.4330798340e+02 6.4330401611e+02 6.4331201172e+02 6.4333898926e+02 6.4336499023e+02 6.4337701416e+02 6.4338500977e+02 6.4340100098e+02 6.4341302490e+02 6.4342498779e+02 6.4344299316e+02 6.4346801758e+02 6.4348901367e+02 6.4351098633e+02 6.4354101563e+02 6.4357299805e+02 6.4362799072e+02 6.4366900635e+02 6.4370001221e+02 6.4374102783e+02 6.4377301025e+02 6.4379101563e+02 6.4382598877e+02 6.4386901855e+02 6.4388201904e+02 6.4390002441e+02 6.4393701172e+02 6.4398498535e+02 6.4402801514e+02
6.4308801270e+02 6.4309399414e+02 6.4310699463e+02 6.4310198975e+02 6.4311199951e+02 6.4314099121e+02 6.4315100098e+02 6.4317102051e+02 6.4318200684e+02 6.4318902588e+02 6.4319299316e+02 6.4321002197e+02 6.4322998047e+02 6.4325097656e+02 6.4327301025e+02 6.4328198242e+02 6.4328698730e+02 6.4329302979e+02 6.4329199219e+02 6.4330603027e+02 6.4333502197e+02 6.4336297607e+02 6.4336999512e+02 6.4338397217e+02 6.4340600586e+02 6.4342102051e+02 6.4342700195e+02 6.4344598389e+02 6.4345697021e+02 6.4347698975e+02 6.4349102783e+02 6.4350402832e+02 6.4352801514e+02 6.4355798340e+02 6.4359100342e+02 6.4361700439e+02 6.4363800049e+02 6.4367199707e+02 6.4369702148e+02 6.4373400879e+02 6.4377600098e+02 6.4380798340e+02 6.4383599854e+02 6.4386602783e+02 6.4390002441e+02 6.4393902588e+02
6.4309301758e+02 6.4309899902e+02 6.4311102295e+02 6.4311297607e+02 6.4311999512e+02 6.4314801025e+02 6.4315399170e+02 6.4316497803e+02 6.4316900635e+02 6.4317797852e+02 6.4318499756e+02 6.4320202637e+02 6.4322198486e+02 6.4323498535e+02 6.4325000000e+02 6.4326202393e+02 6.4327197266e+02 6.4328302002e+02 6.4329400635e+02 6.4331896973e+02 6.4334002686e+02 6.4335998535e+02 6.4336499023e+02 6.4339099121e+02 6.4341802979e+02 6.4344097900e+02 6.4344396973e+02 6.4345599365e+02 6.4345599365e+02 6.4348400879e+02 6.4350799561e+02 6.4351501465e+02 6.4353100586e+02 6.4354699707e+02 6.4356097412e+02 6.4357598877e+02 6.4358697510e+02 6.4360302734e+02 6.4362597656e+02 6.4366400146e+02 6.4370697021e+02 6.4373901367e+02 6.4378100586e+02 6.4381701660e+02 6.4383697510e+02 6.4387500000e+02
6.4308197021e+02 6.4309100342e+02 6.4310302734e+02 6.4310601807e+02 6.4312097168e+02 6.4314398193e+02 6.4314501953e+02 6.4315399170e+02 6.4317102051e+02 6.4318103027e+02 6.4317999268e+02 6.4318499756e+02 6.4319396973e+02 6.4321398926e+02 6.4322900391e+02 6.4325097656e+02 6.4327197266e+02 6.4327899170e+02 6.4328698730e+02 6.4331402588e+02 6.4333502197e+02 6.4334997559e+02 6.4336700439e+02 6.4339300537e+02 6.4340698242e+02 6.4343597412e+02 6.4345397949e+02 6.4347100830e+02 6.4347497559e+02 6.4350201416e+02 6.4353302002e+02 6.4353399658e+02 6.4353802490e+02 6.4355297852e+02 6.4356597900e+02 6.4359197998e+02 6.4361999512e+02 6.4362298584e+02 6.4363500977e+02 6.4365399170e+02 6.4367901611e+02 6.4369299316e+02 6.4372698975e+02 6.4375897217e+02 6.4376300049e+02 6.4380200195e+02
6.4310900879e+02 6.4310198975e+02 6.4310699463e+02 6.4311199951e+02 6.4311297607e+02 6.4312597656e+02 6.4313598633e+02 6.4315502930e+02 6.4318298340e+02 6.4320800781e+02 6.4320098877e+02 6.4320599365e+02 6.4322198486e+02 6.4321600342e+02 6.4323400879e+02 6.4325701904e+02 6.4326599121e+02 6.4327099609e+02 6.4327502441e+02 6.4330401611e+02 6.4333801270e+02 6.4335998535e+02 6.4337298584e+02 6.4338500977e+02 6.4340100098e+02 6.4341802979e+02 6.4344000244e+02 6.4345800781e+02 6.4346899414e+02 6.4349798584e+02 6.4353302002e+02 6.4354602051e+02 6.4355700684e+02 6.4358001709e+02 6.4359600830e+02 6.4362701416e+02 6.4364801025e+02 6.4364300537e+02 6.4365301514e+02 6.4367901611e+02 6.4370300293e+02 6.4372998047e+02 6.4375299072e+02 6.4377099609e+02 6.4377099609e+02 6.4378802490e+02
6.4309997559e+02 6.4310302734e+02 6.4312200928e+02 6.4313201904e+02 6.4312799072e+02 6.4313702393e+02 6.4314898682e+02 6.4316400146e+02 6.4318200684e+02 6.4320001221e+02 6.4318701172e+02 6.4319201660e+02 6.4322100830e+02 6.4321801758e+02 6.4323199463e+02 6.4324499512e+02 6.4325598145e+02 6.4326898193e+02 6.4327899170e+02 6.4329901123e+02 6.4332702637e+02 6.4335198975e+02 6.4336102295e+02 6.4337298584e+02 6.4340002441e+02 6.4341198730e+02 6.4343499756e+02 6.4345800781e+02 6.4347198486e+02 6.4348797607e+02 6.4351898193e+02 6.4354101563e+02 6.4354498291e+02 6.4357897949e+02 6.4359497070e+02 6.4362500000e+02 6.4364801025e+02 6.4365899658e+02 6.4367797852e+02 6.4371197510e+02 6.4372900391e+02 6.4375701904e+02 6.4377600098e+02 6.4379602051e+02 6.4379998779e+02 6.4381298828e+02
6.4307202148e+02 6.4307897949e+02 6.4310498047e+02 6.4312200928e+02 6.4313397217e+02 6.4314898682e+02 6.4316198730e+02 6.4317102051e+02 6.4318499756e+02 6.4318701172e+02 6.4315899658e+02 6.4315997314e+02 6.4320501709e+02 6.4321600342e+02 6.4322399902e+02 6.4322802734e+02 6.4323797607e+02 6.4325201416e+02 6.4327502441e+02 6.4329602051e+02 6.4331097412e+02 6.4333001709e+02 6.4333898926e+02 6.4336297607e+02 6.4340399170e+02 6.4341601563e+02 6.4342999268e+02 6.4345501709e+02 6.4347399902e+02 6.4347998047e+02 6.4351000977e+02 6.4353601074e+02 6.4353302002e+02 6.4356402588e+02 6.4356799316e+02 6.4358898926e+02 6.4361798096e+02 6.4364697266e+02 6.4366802979e+02 6.4370001221e+02 6.4371899414e+02 6.4375299072e+02 6.4377600098e+02 6.4379901123e+02 6.4380102539e+02 6.4382299805e+02
6.4307000732e+02 6.4308502197e+02 6.4309802246e+02 6.4309899902e+02 6.4311901855e+02 6.4314898682e+02 6.4316699219e+02 6.4317901611e+02 6.4319897461e+02 6.4321301270e+02 6.4318902588e+02 6.4319598389e+02 6.4324499512e+02 6.4324700928e+02 6.4324499512e+02 6.4323498535e+02 6.4323297119e+02 6.4323797607e+02 6.4326202393e+02 6.4328497314e+02 6.4329797363e+02 6.4332000732e+02 6.4333697510e+02 6.4335699463e+02 6.4338000488e+02 6.4339898682e+02 6.4340899658e+02 6.4343402100e+02 6.4346600342e+02 6.4348297119e+02 6.4350402832e+02 6.4352301025e+02 6.4353002930e+02 6.4354998779e+02 6.4355603027e+02 6.4357598877e+02 6.4360198975e+02 6.4363397217e+02 6.4365301514e+02 6.4367999268e+02 6.4371502686e+02 6.4374597168e+02 6.4376599121e+02 6.4378002930e+02 6.4380401611e+02 6.4381799316e+02
6.4305902100e+02 6.4308197021e+02 6.4310198975e+02 6.4310601807e+02 6.4311700439e+02 6.4313201904e+02 6.4313800049e+02 6.4314599609e+02 6.4316802979e+02 6.4320599365e+02 6.4320098877e+02 6.4320800781e+02 6.4324798584e+02 6.4326000977e+02 6.4325500488e+02 6.4324401855e+02 6.4324798584e+02 6.4325402832e+02 6.4326300049e+02 6.4327502441e+02 6.4329901123e+02 6.4333197021e+02 6.4333502197e+02 6.4334899902e+02 6.4336901855e+02 6.4339300537e+02 6.4341101074e+02 6.4342401123e+02 6.4343298340e+02 6.4346099854e+02 6.4349102783e+02 6.4350701904e+02 6.4351599121e+02 6.4353302002e+02 6.4354602051e+02 6.4356799316e+02 6.4358502197e+02 6.4362597656e+02 6.4364501953e+02 6.4366699219e+02 6.4370697021e+02 6.4373699951e+02 6.4375500488e+02 6.4376501465e+02 6.4378497314e+02 6.4380200195e+02
6.4305102539e+02 6.4306896973e+02 6.4308801270e+02 6.4310198975e+02 6.4310699463e+02 6.4311700439e+02 6.4312799072e+02 6.4314501953e+02 6.4316497803e+02 6.4319396973e+02 6.4319598389e+02 6.4319702148e+02 6.4321899414e+02 6.4323400879e+02 6.4324401855e+02 6.4323999023e+02 6.4325201416e+02 6.4326501465e+02 6.4326898193e+02 6.4327398682e+02 6.4329400635e+02 6.4332000732e+02 6.4332800293e+02 6.4335198975e+02 6.4336999512e+02 6.4337902832e+02 6.4340197754e+02 6.4341900635e+02 6.4343103027e+02 6.4346002197e+02 6.4347802734e+02 6.4349499512e+02 6.4351300049e+02 6.4352502441e+02 6.4354400635e+02 6.4356799316e+02 6.4358099365e+02 6.4361901855e+02 6.4363500977e+02 6.4365600586e+02 6.4368597412e+02 6.4371301270e+02 6.4374200439e+02 6.4375701904e+02 6.4376397705e+02 6.4377398682e+02
6.4304400635e+02 6.4305999756e+02 6.4306896973e+02 6.4307800293e+02 6.4308300781e+02 6.4309399414e+02 6.4311499023e+02 6.4314501953e+02 6.4316998291e+02 6.4318499756e+02 6.4319201660e+02 6.4319299316e+02 6.4320202637e+02 6.4321997070e+02 6.4323602295e+02 6.4323400879e+02 6.4324798584e+02 6.4326300049e+02 6.4326599121e+02 6.4327801514e+02 6.4330102539e+02 6.4331799316e+02 6.4332299805e+02 6.4334698486e+02 6.4336102295e+02 6.4335797119e+02 6.4338098145e+02 6.4340197754e+02 6.4341497803e+02 6.4344000244e+02 6.4345599365e+02 6.4347698975e+02 6.4350097656e+02 6.4350500488e+02 6.4352398682e+02 6.4355499268e+02 6.4357299805e+02 6.4359802246e+02 6.4361700439e+02 6.4364501953e+02 6.4366302490e+02 6.4369201660e+02 6.4372100830e+02 6.4373498535e+02 6.4374102783e+02 6.4375500488e+02
