TESTSERVER/22/12.asc
NCOLS 100
NROWS 100
XLLCORNER 8.5997500000e+03
YLLCORNER 2.8935025000e+05
CELLSIZE 5.0000000000e-01
NODATA_VALUE -9.9990000000e+03
[rows 20 to 39 of 100, columns 0 to 45 of 100]
6.4262701416e+02 6.4259002686e+02 6.4252899170e+02 6.4253802490e+02 6.4250402832e+02 6.4243103027e+02 6.4235302734e+02 6.4235101318e+02 6.4240002441e+02 6.4239001465e+02 6.4237902832e+02 6.4245501709e+02 6.4248901367e+02 6.4251898193e+02 6.4254302979e+02 6.4253900146e+02 6.4254602051e+02 6.4254998779e+02 6.4257098389e+02 6.4258099365e+02 6.4258697510e+02 6.4260699463e+02 6.4263098145e+02 6.4264599609e+02 6.4265698242e+02 6.4268499756e+02 6.4270599365e+02 6.4270599365e+02 6.4271398926e+02 6.4274102783e+02 6.4274700928e+02 6.4275402832e+02 6.4276501465e+02 6.4278601074e+02 6.4282397461e+02 6.4282501221e+02 6.4284600830e+02 6.4287799072e+02 6.4288598633e+02 6.4289099121e+02 6.4290100098e+02 6.4290802002e+02 6.4291198730e+02 6.4295300293e+02 6.4297601318e+02 6.4299798584e+02
6.4271502686e+02 6.4270098877e+02 6.4265698242e+02 6.4264001465e+02 6.4261602783e+02 6.4257501221e+02 6.4254998779e+02 6.4249597168e+02 6.4243902588e+02 6.4235900879e+02 6.4238598633e+02 6.4252899170e+02 6.4257397461e+02 6.4258300781e+02 6.4258099365e+02 6.4253100586e+02 6.4253802490e+02 6.4253399658e+02 6.4254602051e+02 6.4255798340e+02 6.4257299805e+02 6.4259600830e+02 6.4261602783e+02 6.4264099121e+02 6.4265899658e+02 6.4267199707e+02 6.4268499756e+02 6.4269598389e+02 6.4271997070e+02 6.4275201416e+02 6.4274597168e+02 6.4276202393e+02 6.4276202393e+02 6.4277697754e+02 6.4281500244e+02 6.4281799316e+02 6.4284802246e+02 6.4287097168e+02 6.4287500000e+02 6.4288500977e+02 6.4289202881e+02 6.4290197754e+02 6.4291900635e+02 6.4294702148e+02 6.4297198486e+02 6.4299597168e+02
6.4276098633e+02 6.4275402832e+02 6.4272998047e+02 6.4272302246e+02 6.4270898438e+02 6.4267700195e+02 6.4267797852e+02 6.4265197754e+02 6.4259600830e+02 6.4251000977e+02 6.4249499512e+02 6.4260699463e+02 6.4264697266e+02 6.4262500000e+02 6.4256799316e+02 6.4253198242e+02 6.4257000732e+02 6.4255999756e+02 6.4254400635e+02 6.4254797363e+02 6.4256298828e+02 6.4258697510e+02 6.4260498047e+02 6.4263000488e+02 6.4265002441e+02 6.4265802002e+02 6.4266802979e+02 6.4268402100e+02 6.4270697021e+02 6.4273400879e+02 6.4273199463e+02 6.4276501465e+02 6.4277697754e+02 6.4279101563e+02 6.4281500244e+02 6.4281701660e+02 6.4283697510e+02 6.4285601807e+02 6.4286901855e+02 6.4288201904e+02 6.4289099121e+02 6.4291400146e+02 6.4294201660e+02 6.4296002197e+02 6.4297698975e+02 6.4298498535e+02
6.4279602051e+02 6.4280700684e+02 6.4279498291e+02 6.4280200195e+02 6.4279400635e+02 6.4275799561e+02 6.4275201416e+02 6.4273199463e+02 6.4271398926e+02 6.4268298340e+02 6.4264202881e+02 6.4264599609e+02 6.4263598633e+02 6.4258197021e+02 6.4250201416e+02 6.4251202393e+02 6.4256799316e+02 6.4256201172e+02 6.4254302979e+02 6.4255499268e+02 6.4256597900e+02 6.4257501221e+02 6.4258197021e+02 6.4259399414e+02 6.4262298584e+02 6.4264398193e+02 6.4265698242e+02 6.4267700195e+02 6.4269097900e+02 6.4270001221e+02 6.4271099854e+02 6.4274401855e+02 6.4276397705e+02 6.4278698730e+02 6.4280700684e+02 6.4282000732e+02 6.4283197021e+02 6.4285198975e+02 6.4286499023e+02 6.4288201904e+02 6.4289099121e+02 6.4291497803e+02 6.4294299316e+02 6.4295501709e+02 6.4296197510e+02 6.4297399902e+02
6.4283398438e+02 6.4284802246e+02 6.4285400391e+02 6.4286499023e+02 6.4284899902e+02 6.4281597900e+02 6.4282897949e+02 6.4277398682e+02 6.4273602295e+02 6.4272998047e+02 6.4271398926e+02 6.4269897461e+02 6.4269702148e+02 6.4265899658e+02 6.4259002686e+02 6.4255999756e+02 6.4254797363e+02 6.4252600098e+02 6.4253002930e+02 6.4255499268e+02 6.4256298828e+02 6.4256500244e+02 6.4257501221e+02 6.4256097412e+02 6.4258300781e+02 6.4260601807e+02 6.4263201904e+02 6.4267999268e+02 6.4269396973e+02 6.4269598389e+02 6.4271301270e+02 6.4271899414e+02 6.4272900391e+02 6.4275299072e+02 6.4278997803e+02 6.4280902100e+02 6.4282397461e+02 6.4284497070e+02 6.4284698486e+02 6.4286901855e+02 6.4287799072e+02 6.4288800049e+02 6.4288897705e+02 6.4291998291e+02 6.4294299316e+02 6.4297698975e+02
6.4291699219e+02 6.4290600586e+02 6.4290802002e+02 6.4291198730e+02 6.4289202881e+02 6.4285302734e+02 6.4286999512e+02 6.4283898926e+02 6.4280700684e+02 6.4279101563e+02 6.4277899170e+02 6.4274597168e+02 6.4275097656e+02 6.4274200439e+02 6.4270599365e+02 6.4268298340e+02 6.4264001465e+02 6.4259002686e+02 6.4256597900e+02 6.4256500244e+02 6.4256799316e+02 6.4256097412e+02 6.4253997803e+02 6.4255999756e+02 6.4258001709e+02 6.4258197021e+02 6.4259698486e+02 6.4262799072e+02 6.4263800049e+02 6.4267297363e+02 6.4270800781e+02 6.4273199463e+02 6.4274298096e+02 6.4274798584e+02 6.4275897217e+02 6.4276397705e+02 6.4278399658e+02 6.4282800293e+02 6.4284802246e+02 6.4286102295e+02 6.4286401367e+02 6.4286401367e+02 6.4286700439e+02 6.4289202881e+02 6.4292700195e+02 6.4295800781e+02
6.4296197510e+02 6.4295098877e+02 6.4294598389e+02 6.4293701172e+02 6.4291998291e+02 6.4290100098e+02 6.4291900635e+02 6.4289599609e+02 6.4288000488e+02 6.4286700439e+02 6.4284698486e+02 6.4280999756e+02 6.4279998779e+02 6.4277697754e+02 6.4274597168e+02 6.4272399902e+02 6.4269897461e+02 6.4266601563e+02 6.4264398193e+02 6.4261499023e+02 6.4258502197e+02 6.4253302002e+02 6.4249499512e+02 6.4253002930e+02 6.4255603027e+02 6.4258300781e+02 6.4261798096e+02 6.4261297607e+02 6.4259197998e+02 6.4260900879e+02 6.4263500977e+02 6.4268298340e+02 6.4272601318e+02 6.4274499512e+02 6.4274499512e+02 6.4274700928e+02 6.4276800537e+02 6.4279998779e+02 6.4282000732e+02 6.4283898926e+02 6.4284698486e+02 6.4285699463e+02 6.4287298584e+02 6.4289501953e+02 6.4292602539e+02 6.4295599365e+02
6.4298999023e+02 6.4298199463e+02 6.4297802734e+02 6.4297698975e+02 6.4296997070e+02 6.4295202637e+02 6.4295800781e+02 6.4293298340e+02 6.4291900635e+02 6.4291802979e+02 6.4291101074e+02 6.4288201904e+02 6.4286499023e+02 6.4283099365e+02 6.4278802490e+02 6.4276501465e+02 6.4275598145e+02 6.4273901367e+02 6.4272399902e+02 6.4270001221e+02 6.4266302490e+02 6.4260101318e+02 6.4256597900e+02 6.4255999756e+02 6.4254101563e+02 6.4256799316e+02 6.4261798096e+02 6.4261102295e+02 6.4259399414e+02 6.4259899902e+02 6.4260699463e+02 6.4263201904e+02 6.4267797852e+02 6.4271099854e+02 6.4271997070e+02 6.4274597168e+02 6.4277301025e+02 6.4278601074e+02 6.4279302979e+02 6.4281097412e+02 6.4281701660e+02 6.4283801270e+02 6.4286798096e+02 6.4289599609e+02 6.4292797852e+02 6.4295599365e+02
6.4304101563e+02 6.4302801514e+02 6.4301898193e+02 6.4303399658e+02 6.4303002930e+02 6.4300799561e+02 6.4299700928e+02 6.4298199463e+02 6.4296197510e+02 6.4296197510e+02 6.4297497559e+02 6.4294396973e+02 6.4292498779e+02 6.4289300537e+02 6.4285101318e+02 6.4284197998e+02 6.4283502197e+02 6.4281402588e+02 6.4279101563e+02 6.4277600098e+02 6.4275799561e+02 6.4272802734e+02 6.4270697021e+02 6.4269299316e+02 6.4263800049e+02 6.4262500000e+02 6.4264898682e+02 6.4262500000e+02 6.4260699463e+02 6.4262402344e+02 6.4264898682e+02 6.4264300537e+02 6.4265002441e+02 6.4266497803e+02 6.4267797852e+02 6.4272100830e+02 6.4274597168e+02 6.4276098633e+02 6.4279998779e+02 6.4281201172e+02 6.4280999756e+02 6.4282501221e+02 6.4284600830e+02 6.4287200928e+02 6.4290600586e+02 6.4293200684e+02
6.4308898926e+02 6.4308001709e+02 6.4307501221e+02 6.4307000732e+02 6.4305700684e+02 6.4304699707e+02 6.4304400635e+02 6.4304400635e+02 6.4303302002e+02 6.4302697754e+02 6.4303497314e+02 6.4300000000e+02 6.4297998047e+02 6.4294500732e+02 6.4291699219e+02 6.4291198730e+02 6.4290100098e+02 6.4289099121e+02 6.4288000488e+02 6.4285601807e+02 6.4282299805e+02 6.4279602051e+02 6.4277502441e+02 6.4275299072e+02 6.4273297119e+02 6.4274499512e+02 6.4277301025e+02 6.4274499512e+02 6.4268597412e+02 6.4263897705e+02 6.4262701416e+02 6.4261999512e+02 6.4264898682e+02 6.4271899414e+02 6.4273999023e+02 6.4272100830e+02 6.4270697021e+02 6.4272100830e+02 6.4276800537e+02 6.4279400635e+02 6.4282098389e+02 6.4284100342e+02 6.4282897949e+02 6.4284100342e+02 6.4287500000e+02 6.4290100098e+02
6.4315100098e+02 6.4315002441e+02 6.4313598633e+02 6.4312902832e+02 6.4313098145e+02 6.4312298584e+02 6.4310797119e+02 6.4311102295e+02 6.4310400391e+02 6.4309802246e+02 6.4309301758e+02 6.4305401611e+02 6.4303997803e+02 6.4301702881e+02 6.4299298096e+02 6.4298199463e+02 6.4296197510e+02 6.4294799805e+02 6.4294299316e+02 6.4292102051e+02 6.4289202881e+02 6.4286602783e+02 6.4284802246e+02 6.4282000732e+02 6.4280499268e+02 6.4279602051e+02 6.4280297852e+02 6.4277801514e+02 6.4273602295e+02 6.4270397949e+02 6.4267999268e+02 6.4265997314e+02 6.4265399170e+02 6.4268902588e+02 6.4271801758e+02 6.4270001221e+02 6.4268499756e+02 6.4271301270e+02 6.4274102783e+02 6.4273797607e+02 6.4276599121e+02 6.4279199219e+02 6.4279998779e+02 6.4282800293e+02 6.4285797119e+02 6.4288500977e+02
6.4322802734e+02 6.4323797607e+02 6.4321301270e+02 6.4322497559e+02 6.4324401855e+02 6.4323901367e+02 6.4321398926e+02 6.4320501709e+02 6.4320300293e+02 6.4320098877e+02 6.4318298340e+02 6.4314300537e+02 6.4311401367e+02 6.4308398438e+02 6.4306097412e+02 6.4304400635e+02 6.4302600098e+02 6.4301202393e+02 6.4300402832e+02 6.4298498535e+02 6.4296398926e+02 6.4294097900e+02 6.4292401123e+02 6.4290899658e+02 6.4288897705e+02 6.4284002686e+02 6.4281597900e+02 6.4279901123e+02 6.4278601074e+02 6.4278601074e+02 6.4276501465e+02 6.4275000000e+02 6.4271997070e+02 6.4270202637e+02 6.4269897461e+02 6.4265399170e+02 6.4264099121e+02 6.4269000244e+02 6.4272998047e+02 6.4272601318e+02 6.4272497559e+02 6.4273999023e+02 6.4276397705e+02 6.4278802490e+02 6.4280200195e+02 6.4283697510e+02
6.4333599854e+02 6.4334899902e+02 6.4334497070e+02 6.4335302734e+02 6.4335400391e+02 6.4335101318e+02 6.4333801270e+02 6.4332202148e+02 6.4331701660e+02 6.4330401611e+02 6.4328497314e+02 6.4324298096e+02 6.4319897461e+02 6.4316601563e+02 6.4314398193e+02 6.4311700439e+02 6.4310498047e+02 6.4308898926e+02 6.4306298828e+02 6.4305200195e+02 6.4303100586e+02 6.4300402832e+02 6.4297399902e+02 6.4297698975e+02 6.4295800781e+02 6.4291400146e+02 6.4289697266e+02 6.4287200928e+02 6.4286199951e+02 6.4285498047e+02 6.4281298828e+02 6.4279101563e+02 6.4277502441e+02 6.4277099609e+02 6.4277398682e+02 6.4269201660e+02 6.4265600586e+02 6.4268298340e+02 6.4269097900e+02 6.4271697998e+02 6.4272302246e+02 6.4273699951e+02 6.4277099609e+02 6.4274700928e+02 6.4273699951e+02 6.4276702881e+02
6.4345599365e+02 6.4347497559e+02 6.4348199463e+02 6.4348999023e+02 6.4349499512e+02 6.4348999023e+02 6.4346398926e+02 6.4345001221e+02 6.4344097900e+02 6.4341802979e+02 6.4339099121e+02 6.4335998535e+02 6.4332598877e+02 6.4328399658e+02 6.4324499512e+02 6.4319799805e+02 6.4316302490e+02 6.4312799072e+02 6.4311901855e+02 6.4309497070e+02 6.4307702637e+02 6.4305999756e+02 6.4303302002e+02 6.4303997803e+02 6.4302001953e+02 6.4298901367e+02 6.4297698975e+02 6.4295397949e+02 6.4293402100e+02 6.4291900635e+02 6.4288000488e+02 6.4286499023e+02 6.4284399414e+02 6.4281701660e+02 6.4280401611e+02 6.4276300049e+02 6.4273999023e+02 6.4272802734e+02 6.4270202637e+02 6.4269500732e+02 6.4270898438e+02 6.4271197510e+02 6.4271600342e+02 6.4273901367e+02 6.4275701904e+02 6.4277502441e+02
6.4359899902e+02 6.4361499023e+02 6.4361499023e+02 6.4361499023e+02 6.4362902832e+02 6.4362902832e+02 6.4360400391e+02 6.4358300781e+02 6.4356201172e+02 6.4353198242e+02 6.4349700928e+02 6.4346697998e+02 6.4344201660e+02 6.4340100098e+02 6.4335400391e+02 6.4330102539e+02 6.4324902344e+02 6.4320202637e+02 6.4318597412e+02 6.4315600586e+02 6.4313598633e+02 6.4311999512e+02 6.4310101318e+02 6.4309197998e+02 6.4307397461e+02 6.4305603027e+02 6.4303802490e+02 6.4301501465e+02 6.4299499512e+02 6.4298199463e+02 6.4294097900e+02 6.4292297363e+02 6.4291101074e+02 6.4288397217e+02 6.4285797119e+02 6.4283001709e+02 6.4281500244e+02 6.4279498291e+02 6.4277398682e+02 6.4276397705e+02 6.4276000977e+02 6.4273602295e+02 6.4268902588e+02 6.4273101807e+02 6.4275799561e+02 6.4277697754e+02
6.4375000000e+02 6.4375897217e+02 6.4375500488e+02 6.4375299072e+02 6.4377398682e+02 6.4377398682e+02 6.4374499512e+02 6.4371600342e+02 6.4368200684e+02 6.4365197754e+02 6.4361901855e+02 6.4357501221e+02 6.4355102539e+02 6.4351501465e+02 6.4346899414e+02 6.4341802979e+02 6.4336297607e+02 6.4330798340e+02 6.4327197266e+02 6.4323400879e+02 6.4320397949e+02 6.4318499756e+02 6.4317199707e+02 6.4314300537e+02 6.4312500000e+02 6.4311297607e+02 6.4309698486e+02 6.4307897949e+02 6.4305798340e+02 6.4304498291e+02 6.4300402832e+02 6.4297698975e+02 6.4296997070e+02 6.4295098877e+02 6.4292297363e+02 6.4289300537e+02 6.4287701416e+02 6.4285699463e+02 6.4284002686e+02 6.4284698486e+02 6.4284802246e+02 6.4282299805e+02 6.4276098633e+02 6.4277502441e+02 6.4276501465e+02 6.4277697754e+02
6.4389898682e+02 6.4390399170e+02 6.4390197754e+02 6.4391400146e+02 6.4393103027e+02 6.4391601563e+02 6.4389398193e+02 6.4386401367e+02 6.4382202148e+02 6.4379199219e+02 6.4376000977e+02 6.4370800781e+02 6.4367602539e+02 6.4363598633e+02 6.4357897949e+02 6.4353399658e+02 6.4348297119e+02 6.4342102051e+02 6.4336999512e+02 6.4332501221e+02 6.4328302002e+02 6.4325500488e+02 6.4323699951e+02 6.4319702148e+02 6.4318597412e+02 6.4317199707e+02 6.4316101074e+02 6.4314501953e+02 6.4311798096e+02 6.4310302734e+02 6.4307800293e+02 6.4305200195e+02 6.4304199219e+02 6.4302099609e+02 6.4298602295e+02 6.4296197510e+02 6.4294598389e+02 6.4291699219e+02 6.4288397217e+02 6.4289697266e+02 6.4289697266e+02 6.4288201904e+02 6.4285998535e+02 6.4285998535e+02 6.4284002686e+02 6.4283697510e+02
6.4407598877e+02 6.4406896973e+02 6.4405401611e+02 6.4405603027e+02 6.4407202148e+02 6.4405902100e+02 6.4403900146e+02 6.4398999023e+02 6.4395001221e+02 6.4392498779e+02 6.4388598633e+02 6.4383398438e+02 6.4379602051e+02 6.4375299072e+02 6.4370001221e+02 6.4365698242e+02 6.4359698486e+02 6.4352600098e+02 6.4346899414e+02 6.4341497803e+02 6.4335797119e+02 6.4333398438e+02 6.4331500244e+02 6.4328100586e+02 6.4326202393e+02 6.4323297119e+02 6.4322302246e+02 6.4320501709e+02 6.4317297363e+02 6.4316699219e+02 6.4316101074e+02 6.4313702393e+02 6.4312500000e+02 6.4310302734e+02 6.4307000732e+02 6.4303198242e+02 6.4300701904e+02 6.4298602295e+02 6.4296099854e+02 6.4296099854e+02 6.4295300293e+02 6.4293499756e+02 6.4292297363e+02 6.4292401123e+02 6.4291198730e+02 6.4290698242e+02
6.4424298096e+02 6.4422802734e+02 6.4420800781e+02 6.4420800781e+02 6.4421197510e+02 6.4419299316e+02 6.4416900635e+02 6.4411700439e+02 6.4407299805e+02 6.4404797363e+02 6.4401000977e+02 6.4395697021e+02 6.4391601563e+02 6.4386401367e+02 6.4381402588e+02 6.4377197266e+02 6.4371197510e+02 6.4364202881e+02 6.4358001709e+02 6.4352001953e+02 6.4344702148e+02 6.4340600586e+02 6.4337597656e+02 6.4335601807e+02 6.4332397461e+02 6.4328601074e+02 6.4327398682e+02 6.4325701904e+02 6.4322802734e+02 6.4322100830e+02 6.4321697998e+02 6.4319897461e+02 6.4319299316e+02 6.4317700195e+02 6.4315301514e+02 6.4311199951e+02 6.4308197021e+02 6.4306298828e+02 6.4304199219e+02 6.4302197266e+02 6.4299798584e+02 6.4297998047e+02 6.4297601318e+02 6.4298101807e+02 6.4296899414e+02 6.4296398926e+02
6.4440100098e+02 6.4437500000e+02 6.4435302734e+02 6.4435797119e+02 6.4435699463e+02 6.4432800293e+02 6.4430200195e+02 6.4426202393e+02 6.4421899414e+02 6.4417999268e+02 6.4413598633e+02 6.4408398438e+02 6.4403900146e+02 6.4397900391e+02 6.4393103027e+02 6.4388098145e+02 6.4381896973e+02 6.4374798584e+02 6.4368103027e+02 6.4362200928e+02 6.4354101563e+02 6.4348101807e+02 6.4343902588e+02 6.4341900635e+02 6.4337597656e+02 6.4333599854e+02 6.4331799316e+02 6.4329602051e+02 6.4327899170e+02 6.4328002930e+02 6.4326898193e+02 6.4325799561e+02 6.4325299072e+02 6.4324102783e+02 6.4322399902e+02 6.4319702148e+02 6.4317102051e+02 6.4314801025e+02 6.4312298584e+02 6.4309197998e+02 6.4306097412e+02 6.4303802490e+02 6.4303198242e+02 6.4303900146e+02 6.4302301025e+02 6.4302099609e+02
