TESTSERVER/22/13.asc
NCOLS 100
NROWS 100
XLLCORNER 8.5997500000e+03
YLLCORNER 2.8930025000e+05
CELLSIZE 5.0000000000e-01
NODATA_VALUE -9.9990000000e+03
[rows 60 to 79 of 100, columns 0 to 45 of 100]
6.4305700684e+02 6.4309399414e+02 6.4312597656e+02 6.4316802979e+02 6.4324597168e+02 6.4332397461e+02 6.4336999512e+02 6.4339099121e+02 6.4342102051e+02 6.4347497559e+02 6.4353497314e+02 6.4362298584e+02 6.4371801758e+02 6.4378802490e+02 6.4384399414e+02 6.4392797852e+02 6.4400299072e+02 6.4407800293e+02 6.4416497803e+02 6.4425201416e+02 6.4434197998e+02 6.4444000244e+02 6.4453802490e+02 6.4460601807e+02 6.4467297363e+02 6.4473797607e+02 6.4479699707e+02 6.4485601807e+02 6.4492199707e+02 6.4500201416e+02 6.4509301758e+02 6.4519097900e+02 6.4527099609e+02 6.4534600830e+02 6.4541302490e+02 6.4547601318e+02 6.4554199219e+02 6.4560198975e+02 6.4566198730e+02 6.4572497559e+02 6.4578997803e+02 6.4584802246e+02 6.4590600586e+02 6.4598297119e+02 6.4605603027e+02 6.4611199951e+02
6.4295202637e+02 6.4299499512e+02 6.4304302979e+02 6.4311401367e+02 6.4322198486e+02 6.4330499268e+02 6.4333599854e+02 6.4332897949e+02 6.4334399414e+02 6.4339599609e+02 6.4345898438e+02 6.4353698730e+02 6.4362402344e+02 6.4369897461e+02 6.4376202393e+02 6.4384301758e+02 6.4393103027e+02 6.4401300049e+02 6.4409802246e+02 6.4418103027e+02 6.4427502441e+02 6.4438098145e+02 6.4448297119e+02 6.4456298828e+02 6.4463000488e+02 6.4469799805e+02 6.4475598145e+02 6.4482800293e+02 6.4489898682e+02 6.4497698975e+02 6.4506799316e+02 6.4516601563e+02 6.4524597168e+02 6.4532299805e+02 6.4539398193e+02 6.4544897461e+02 6.4551702881e+02 6.4557501221e+02 6.4563000488e+02 6.4570001221e+02 6.4576800537e+02 6.4582800293e+02 6.4589099121e+02 6.4596502686e+02 6.4603802490e+02 6.4609899902e+02
6.4286798096e+02 6.4289697266e+02 6.4295501709e+02 6.4307397461e+02 6.4322802734e+02 6.4333801270e+02 6.4337200928e+02 6.4333898926e+02 6.4331500244e+02 6.4333398438e+02 6.4337902832e+02 6.4346099854e+02 6.4355499268e+02 6.4362902832e+02 6.4369097900e+02 6.4377600098e+02 6.4386499023e+02 6.4395300293e+02 6.4403900146e+02 6.4411798096e+02 6.4420599365e+02 6.4431298828e+02 6.4442199707e+02 6.4451599121e+02 6.4459002686e+02 6.4466101074e+02 6.4472698975e+02 6.4480401611e+02 6.4487500000e+02 6.4494799805e+02 6.4503802490e+02 6.4512402344e+02 6.4520202637e+02 6.4527697754e+02 6.4535101318e+02 6.4541400146e+02 6.4548602295e+02 6.4554498291e+02 6.4559698486e+02 6.4567498779e+02 6.4575201416e+02 6.4582000732e+02 6.4588800049e+02 6.4595397949e+02 6.4602600098e+02 6.4609100342e+02
6.4280999756e+02 6.4281799316e+02 6.4286999512e+02 6.4301397705e+02 6.4319097900e+02 6.4332897949e+02 6.4339300537e+02 6.4335699463e+02 6.4330902100e+02 6.4329797363e+02 6.4332000732e+02 6.4340399170e+02 6.4349401855e+02 6.4355999756e+02 6.4363201904e+02 6.4372302246e+02 6.4380603027e+02 6.4389398193e+02 6.4397698975e+02 6.4404998779e+02 6.4413800049e+02 6.4425000000e+02 6.4436102295e+02 6.4445898438e+02 6.4454302979e+02 6.4462402344e+02 6.4470397949e+02 6.4478100586e+02 6.4484899902e+02 6.4491699219e+02 6.4500402832e+02 6.4508300781e+02 6.4515802002e+02 6.4523699951e+02 6.4531298828e+02 6.4538598633e+02 6.4546197510e+02 6.4552197266e+02 6.4557202148e+02 6.4565301514e+02 6.4573797607e+02 6.4581402588e+02 6.4588500977e+02 6.4594598389e+02 6.4601599121e+02 6.4608502197e+02
6.4277398682e+02 6.4279199219e+02 6.4284197998e+02 6.4292401123e+02 6.4306201172e+02 6.4319201660e+02 6.4325000000e+02 6.4327801514e+02 6.4326000977e+02 6.4326202393e+02 6.4329998779e+02 6.4337097168e+02 6.4342901611e+02 6.4349798584e+02 6.4359002686e+02 6.4366601563e+02 6.4374798584e+02 6.4383300781e+02 6.4390899658e+02 6.4397998047e+02 6.4407299805e+02 6.4419097900e+02 6.4430102539e+02 6.4441699219e+02 6.4451300049e+02 6.4459600830e+02 6.4467797852e+02 6.4475097656e+02 6.4481896973e+02 6.4488000488e+02 6.4496099854e+02 6.4504199219e+02 6.4511499023e+02 6.4520501709e+02 6.4528802490e+02 6.4536499023e+02 6.4544897461e+02 6.4551397705e+02 6.4555902100e+02 6.4563702393e+02 6.4572100830e+02 6.4580297852e+02 6.4587200928e+02 6.4593298340e+02 6.4600500488e+02 6.4607702637e+02
6.4270397949e+02 6.4274200439e+02 6.4277697754e+02 6.4281402588e+02 6.4290197754e+02 6.4301098633e+02 6.4309899902e+02 6.4314501953e+02 6.4316998291e+02 6.4321301270e+02 6.4328802490e+02 6.4335998535e+02 6.4339398193e+02 6.4345599365e+02 6.4354302979e+02 6.4361401367e+02 6.4368701172e+02 6.4376599121e+02 6.4385400391e+02 6.4393298340e+02 6.4402899170e+02 6.4414501953e+02 6.4424597168e+02 6.4435699463e+02 6.4446899414e+02 6.4456201172e+02 6.4465301514e+02 6.4472998047e+02 6.4479699707e+02 6.4485302734e+02 6.4492999268e+02 6.4500201416e+02 6.4507202148e+02 6.4516497803e+02 6.4526098633e+02 6.4534002686e+02 6.4542602539e+02 6.4550201416e+02 6.4555401611e+02 6.4562597656e+02 6.4571600342e+02 6.4580902100e+02 6.4587402344e+02 6.4593200684e+02 6.4601098633e+02 6.4608801270e+02
6.4267199707e+02 6.4271099854e+02 6.4272900391e+02 6.4272900391e+02 6.4276800537e+02 6.4285498047e+02 6.4295300293e+02 6.4302600098e+02 6.4308801270e+02 6.4317199707e+02 6.4325598145e+02 6.4331097412e+02 6.4334899902e+02 6.4341400146e+02 6.4349499512e+02 6.4356201172e+02 6.4363000488e+02 6.4370898438e+02 6.4380401611e+02 6.4389300537e+02 6.4399499512e+02 6.4410400391e+02 6.4419598389e+02 6.4430700684e+02 6.4442602539e+02 6.4453302002e+02 6.4463000488e+02 6.4471002197e+02 6.4478100586e+02 6.4484301758e+02 6.4492498779e+02 6.4500402832e+02 6.4507299805e+02 6.4515802002e+02 6.4525201416e+02 6.4533898926e+02 6.4541497803e+02 6.4548400879e+02 6.4554302979e+02 6.4562097168e+02 6.4571197510e+02 6.4580401611e+02 6.4587097168e+02 6.4593597412e+02 6.4602197266e+02 6.4610400391e+02
6.4264501953e+02 6.4268499756e+02 6.4268402100e+02 6.4264300537e+02 6.4264202881e+02 6.4272900391e+02 6.4284197998e+02 6.4292498779e+02 6.4301098633e+02 6.4312200928e+02 6.4321099854e+02 6.4325701904e+02 6.4331201172e+02 6.4338299561e+02 6.4344500732e+02 6.4351397705e+02 6.4358801270e+02 6.4367297363e+02 6.4377197266e+02 6.4386199951e+02 6.4396398926e+02 6.4406597900e+02 6.4415997314e+02 6.4427197266e+02 6.4438897705e+02 6.4450299072e+02 6.4460498047e+02 6.4469299316e+02 6.4477697754e+02 6.4485198975e+02 6.4494097900e+02 6.4503497314e+02 6.4510900879e+02 6.4518402100e+02 6.4525701904e+02 6.4534100342e+02 6.4541101074e+02 6.4547399902e+02 6.4553698730e+02 6.4561999512e+02 6.4570800781e+02 6.4578900146e+02 6.4586700439e+02 6.4594299316e+02 6.4603198242e+02 6.4611901855e+02
6.4259399414e+02 6.4263500977e+02 6.4258001709e+02 6.4248498535e+02 6.4247399902e+02 6.4260498047e+02 6.4278698730e+02 6.4284997559e+02 6.4294097900e+02 6.4306896973e+02 6.4317498779e+02 6.4322698975e+02 6.4329199219e+02 6.4335797119e+02 6.4339202881e+02 6.4346801758e+02 6.4355700684e+02 6.4365698242e+02 6.4375500488e+02 6.4383502197e+02 6.4392700195e+02 6.4403198242e+02 6.4413800049e+02 6.4424700928e+02 6.4435601807e+02 6.4446600342e+02 6.4457397461e+02 6.4468298340e+02 6.4478302002e+02 6.4486999512e+02 6.4495800781e+02 6.4504602051e+02 6.4513098145e+02 6.4520898438e+02 6.4527301025e+02 6.4533801270e+02 6.4540600586e+02 6.4547198486e+02 6.4554101563e+02 6.4562402344e+02 6.4570397949e+02 6.4577899170e+02 6.4587097168e+02 6.4595001221e+02 6.4603900146e+02 6.4613598633e+02
6.4255798340e+02 6.4259100342e+02 6.4246697998e+02 6.4229302979e+02 6.4229101563e+02 6.4249298096e+02 6.4276800537e+02 6.4283300781e+02 6.4291302490e+02 6.4305200195e+02 6.4316302490e+02 6.4322399902e+02 6.4329602051e+02 6.4336602783e+02 6.4338598633e+02 6.4343200684e+02 6.4352099609e+02 6.4363397217e+02 6.4373901367e+02 6.4381799316e+02 6.4390997314e+02 6.4401702881e+02 6.4411700439e+02 6.4421801758e+02 6.4434002686e+02 6.4446197510e+02 6.4456402588e+02 6.4467498779e+02 6.4478497314e+02 6.4488000488e+02 6.4496600342e+02 6.4505200195e+02 6.4513598633e+02 6.4521502686e+02 6.4528100586e+02 6.4534600830e+02 6.4541400146e+02 6.4548199463e+02 6.4555102539e+02 6.4563299561e+02 6.4570697021e+02 6.4578601074e+02 6.4588500977e+02 6.4596398926e+02 6.4604901123e+02 6.4614099121e+02
6.4258099365e+02 6.4259100342e+02 6.4241601563e+02 6.4222302246e+02 6.4222399902e+02 6.4244201660e+02 6.4275097656e+02 6.4282299805e+02 6.4289202881e+02 6.4301501465e+02 6.4312500000e+02 6.4321398926e+02 6.4329797363e+02 6.4336297607e+02 6.4339001465e+02 6.4343200684e+02 6.4351300049e+02 6.4362097168e+02 6.4372497559e+02 6.4380798340e+02 6.4390100098e+02 6.4400299072e+02 6.4409802246e+02 6.4419897461e+02 6.4432702637e+02 6.4445697021e+02 6.4455902100e+02 6.4466400146e+02 6.4477801514e+02 6.4488299561e+02 6.4497601318e+02 6.4505999756e+02 6.4513897705e+02 6.4521600342e+02 6.4528601074e+02 6.4535400391e+02 6.4542199707e+02 6.4548999023e+02 6.4555999756e+02 6.4563897705e+02 6.4571099854e+02 6.4579400635e+02 6.4589202881e+02 6.4598199463e+02 6.4607202148e+02 6.4615301514e+02
6.4262902832e+02 6.4261102295e+02 6.4240197754e+02 6.4221398926e+02 6.4221301270e+02 6.4242102051e+02 6.4271301270e+02 6.4279498291e+02 6.4286798096e+02 6.4298297119e+02 6.4308898926e+02 6.4320300293e+02 6.4329302979e+02 6.4335101318e+02 6.4338500977e+02 6.4344201660e+02 6.4352301025e+02 6.4361798096e+02 6.4371002197e+02 6.4379901123e+02 6.4389801025e+02 6.4400201416e+02 6.4409698486e+02 6.4419500732e+02 6.4431597900e+02 6.4443798828e+02 6.4453698730e+02 6.4464898682e+02 6.4476599121e+02 6.4487097168e+02 6.4497198486e+02 6.4506201172e+02 6.4514099121e+02 6.4521801758e+02 6.4529199219e+02 6.4536199951e+02 6.4542999268e+02 6.4549798584e+02 6.4556701660e+02 6.4564697266e+02 6.4572198486e+02 6.4580499268e+02 6.4589099121e+02 6.4599200439e+02 6.4609399414e+02 6.4617498779e+02
6.4261798096e+02 6.4256799316e+02 6.4233599854e+02 6.4217297363e+02 6.4219500732e+02 6.4240100098e+02 6.4261102295e+02 6.4273101807e+02 6.4283599854e+02 6.4295397949e+02 6.4305401611e+02 6.4316802979e+02 6.4326800537e+02 6.4334002686e+02 6.4337597656e+02 6.4343499756e+02 6.4352398682e+02 6.4361102295e+02 6.4368902588e+02 6.4378698730e+02 6.4389599609e+02 6.4400500488e+02 6.4410101318e+02 6.4419799805e+02 6.4431597900e+02 6.4443298340e+02 6.4452301025e+02 6.4464300537e+02 6.4476397705e+02 6.4486199951e+02 6.4495898438e+02 6.4506500244e+02 6.4515197754e+02 6.4523101807e+02 6.4530999756e+02 6.4537402344e+02 6.4543902588e+02 6.4550701904e+02 6.4557598877e+02 6.4565997314e+02 6.4573999023e+02 6.4581799316e+02 6.4589202881e+02 6.4599298096e+02 6.4610699463e+02 6.4619500732e+02
6.4250701904e+02 6.4243402100e+02 6.4222802734e+02 6.4210198975e+02 6.4216101074e+02 6.4238897705e+02 6.4258801270e+02 6.4268902588e+02 6.4280603027e+02 6.4292401123e+02 6.4301898193e+02 6.4311297607e+02 6.4321197510e+02 6.4330798340e+02 6.4337902832e+02 6.4345501709e+02 6.4354302979e+02 6.4361999512e+02 6.4368902588e+02 6.4379302979e+02 6.4390301514e+02 6.4401000977e+02 6.4411199951e+02 6.4420501709e+02 6.4431201172e+02 6.4443701172e+02 6.4454199219e+02 6.4464898682e+02 6.4476800537e+02 6.4487402344e+02 6.4497802734e+02 6.4508300781e+02 6.4516802979e+02 6.4524401855e+02 6.4531402588e+02 6.4538800049e+02 6.4546099854e+02 6.4553497314e+02 6.4560797119e+02 6.4569000244e+02 6.4577099609e+02 6.4584997559e+02 6.4592797852e+02 6.4601898193e+02 6.4612097168e+02 6.4621099854e+02
6.4237200928e+02 6.4228601074e+02 6.4211901855e+02 6.4205603027e+02 6.4216900635e+02 6.4240502930e+02 6.4257897949e+02 6.4267700195e+02 6.4278601074e+02 6.4289898682e+02 6.4299597168e+02 6.4308599854e+02 6.4317602539e+02 6.4327801514e+02 6.4336700439e+02 6.4345697021e+02 6.4354998779e+02 6.4363000488e+02 6.4370697021e+02 6.4381097412e+02 6.4390997314e+02 6.4401098633e+02 6.4412701416e+02 6.4421997070e+02 6.4431097412e+02 6.4442999268e+02 6.4455200195e+02 6.4465899658e+02 6.4477502441e+02 6.4488299561e+02 6.4498901367e+02 6.4508697510e+02 6.4517199707e+02 6.4525299072e+02 6.4532299805e+02 6.4540002441e+02 6.4548101807e+02 6.4556701660e+02 6.4564501953e+02 6.4572497559e+02 6.4580499268e+02 6.4588500977e+02 6.4596600342e+02 6.4605798340e+02 6.4615197754e+02 6.4623498535e+02
6.4225701904e+02 6.4215600586e+02 6.4203802490e+02 6.4206701660e+02 6.4223602295e+02 6.4245001221e+02 6.4257000732e+02 6.4266601563e+02 6.4277099609e+02 6.4288201904e+02 6.4297900391e+02 6.4306799316e+02 6.4314697266e+02 6.4324700928e+02 6.4334301758e+02 6.4343798828e+02 6.4354797363e+02 6.4364398193e+02 6.4372698975e+02 6.4383197021e+02 6.4392401123e+02 6.4401501465e+02 6.4414202881e+02 6.4424200439e+02 6.4432098389e+02 6.4442797852e+02 6.4455200195e+02 6.4466101074e+02 6.4477697754e+02 6.4488397217e+02 6.4498199463e+02 6.4507202148e+02 6.4516497803e+02 6.4526098633e+02 6.4534497070e+02 6.4541302490e+02 6.4549597168e+02 6.4559497070e+02 6.4568298340e+02 6.4575897217e+02 6.4583898926e+02 6.4591900635e+02 6.4600097656e+02 6.4609002686e+02 6.4617901611e+02 6.4625598145e+02
6.4215002441e+02 6.4203002930e+02 6.4196398926e+02 6.4211499023e+02 6.4230102539e+02 6.4245800781e+02 6.4254498291e+02 6.4265002441e+02 6.4276098633e+02 6.4287402344e+02 6.4296697998e+02 6.4306402588e+02 6.4314099121e+02 6.4323602295e+02 6.4333801270e+02 6.4343298340e+02 6.4357098389e+02 6.4369396973e+02 6.4376702881e+02 6.4384600830e+02 6.4393701172e+02 6.4402301025e+02 6.4413000488e+02 6.4424700928e+02 6.4433502197e+02 6.4443499756e+02 6.4454699707e+02 6.4465301514e+02 6.4477197266e+02 6.4488397217e+02 6.4498699951e+02 6.4507202148e+02 6.4516998291e+02 6.4527197266e+02 6.4536297607e+02 6.4543200684e+02 6.4551397705e+02 6.4561999512e+02 6.4571801758e+02 6.4579797363e+02 6.4587597656e+02 6.4595001221e+02 6.4603399658e+02 6.4611901855e+02 6.4620501709e+02 6.4628497314e+02
6.4204699707e+02 6.4194097900e+02 6.4196899414e+02 6.4214697266e+02 6.4231500244e+02 6.4244097900e+02 6.4253997803e+02 6.4264599609e+02 6.4276098633e+02 6.4288500977e+02 6.4297900391e+02 6.4306298828e+02 6.4314801025e+02 6.4324499512e+02 6.4333300781e+02 6.4342102051e+02 6.4354302979e+02 6.4366101074e+02 6.4374902344e+02 6.4386102295e+02 6.4397198486e+02 6.4405999756e+02 6.4414001465e+02 6.4423498535e+02 6.4433398438e+02 6.4445202637e+02 6.4455798340e+02 6.4465899658e+02 6.4477899170e+02 6.4489501953e+02 6.4499401855e+02 6.4507800293e+02 6.4517901611e+02 6.4528497314e+02 6.4537597656e+02 6.4545397949e+02 6.4553802490e+02 6.4564398193e+02 6.4574902344e+02 6.4584301758e+02 6.4592700195e+02 6.4600500488e+02 6.4609197998e+02 6.4615997314e+02 6.4622601318e+02 6.4630999756e+02
6.4196600342e+02 6.4190301514e+02 6.4200799561e+02 6.4217901611e+02 6.4230297852e+02 6.4240197754e+02 6.4251202393e+02 6.4261499023e+02 6.4273498535e+02 6.4287298584e+02 6.4297998047e+02 6.4304797363e+02 6.4312500000e+02 6.4321899414e+02 6.4331799316e+02 6.4339801025e+02 6.4350402832e+02 6.4362597656e+02 6.4372900391e+02 6.4386602783e+02 6.4399298096e+02 6.4409899902e+02 6.4417999268e+02 6.4425402832e+02 6.4434100342e+02 6.4445800781e+02 6.4456896973e+02 6.4467199707e+02 6.4478997803e+02 6.4490502930e+02 6.4500402832e+02 6.4509197998e+02 6.4519500732e+02 6.4529901123e+02 6.4538800049e+02 6.4547998047e+02 6.4556799316e+02 6.4566400146e+02 6.4576599121e+02 6.4586999512e+02 6.4596301270e+02 6.4605102539e+02 6.4613897705e+02 6.4619702148e+02 6.4625701904e+02 6.4633801270e+02
6.4191198730e+02 6.4189801025e+02 6.4204797363e+02 6.4219299316e+02 6.4227899170e+02 6.4236199951e+02 6.4247998047e+02 6.4258599854e+02 6.4270300293e+02 6.4283898926e+02 6.4295800781e+02 6.4303698730e+02 6.4310998535e+02 6.4320202637e+02 6.4332501221e+02 6.4339801025e+02 6.4349700928e+02 6.4362597656e+02 6.4371801758e+02 6.4386297607e+02 6.4399700928e+02 6.4412500000e+02 6.4422998047e+02 6.4430297852e+02 6.4436700439e+02 6.4446801758e+02 6.4458599854e+02 6.4468798828e+02 6.4480297852e+02 6.4491998291e+02 6.4503002930e+02 6.4512597656e+02 6.4521899414e+02 6.4530798340e+02 6.4539001465e+02 6.4549798584e+02 6.4559399414e+02 6.4568103027e+02 6.4577099609e+02 6.4587597656e+02 6.4597497559e+02 6.4607000732e+02 6.4616101074e+02 6.4622698975e+02 6.4629302979e+02 6.4636999512e+02
