TESTSERVER/22/13.asc
NCOLS 100
NROWS 100
XLLCORNER 8.5997500000e+03
YLLCORNER 2.8930025000e+05
CELLSIZE 5.0000000000e-01
NODATA_VALUE -9.9990000000e+03
[rows 0 to 19 of 100, columns 46 to 91 of 100]
6.4729302979e+02 6.4725299072e+02 6.4721997070e+02 6.4718902588e+02 6.4715899658e+02 6.4712402344e+02 6.4711102295e+02 6.4709497070e+02 6.4707800293e+02 6.4708099365e+02 6.4707702637e+02 6.4707897949e+02 6.4707598877e+02 6.4706896973e+02 6.4704998779e+02 6.4703698730e+02 6.4703601074e+02 6.4701300049e+02 6.4700299072e+02 6.4698400879e+02 6.4698297119e+02 6.4696899414e+02 6.4695697021e+02 6.4693798828e+02 6.4692297363e+02 6.4691802979e+02 6.4691699219e+02 6.4691802979e+02 6.4691497803e+02 6.4691900635e+02 6.4693103027e+02 6.4693798828e+02 6.4691198730e+02 6.4688299561e+02 6.4686297607e+02 6.4680798340e+02 6.4675799561e+02 6.4671301270e+02 6.4666900635e+02 6.4662402344e+02 6.4659698486e+02 6.4658099365e+02 6.4657299805e+02 6.4655297852e+02 6.4652301025e+02 6.4651599121e+02
6.4737097168e+02 6.4734197998e+02 6.4732098389e+02 6.4729498291e+02 6.4726800537e+02 6.4722100830e+02 6.4719097900e+02 6.4716900635e+02 6.4713201904e+02 6.4712200928e+02 6.4712097168e+02 6.4713000488e+02 6.4711602783e+02 6.4711499023e+02 6.4710797119e+02 6.4710400391e+02 6.4710302734e+02 6.4708697510e+02 6.4706701660e+02 6.4703002930e+02 6.4701702881e+02 6.4699298096e+02 6.4697900391e+02 6.4696197510e+02 6.4695397949e+02 6.4694799805e+02 6.4693597412e+02 6.4693103027e+02 6.4692602539e+02 6.4692797852e+02 6.4693902588e+02 6.4695300293e+02 6.4696197510e+02 6.4696899414e+02 6.4696600342e+02 6.4693902588e+02 6.4689501953e+02 6.4684899902e+02 6.4679498291e+02 6.4674499512e+02 6.4671197510e+02 6.4667102051e+02 6.4664300537e+02 6.4661499023e+02 6.4659197998e+02 6.4659002686e+02
6.4744598389e+02 6.4742602539e+02 6.4740600586e+02 6.4737902832e+02 6.4735601807e+02 6.4731799316e+02 6.4728997803e+02 6.4725897217e+02 6.4720800781e+02 6.4719396973e+02 6.4718298340e+02 6.4717797852e+02 6.4715802002e+02 6.4716302490e+02 6.4716101074e+02 6.4715698242e+02 6.4715301514e+02 6.4715301514e+02 6.4713897705e+02 6.4711401367e+02 6.4710699463e+02 6.4707800293e+02 6.4705200195e+02 6.4702301025e+02 6.4700799561e+02 6.4698400879e+02 6.4695898438e+02 6.4694500732e+02 6.4694000244e+02 6.4694396973e+02 6.4694598389e+02 6.4695501709e+02 6.4696697998e+02 6.4697302246e+02 6.4698498535e+02 6.4698199463e+02 6.4696697998e+02 6.4694702148e+02 6.4690899658e+02 6.4687402344e+02 6.4684600830e+02 6.4679199219e+02 6.4674902344e+02 6.4671099854e+02 6.4668103027e+02 6.4666497803e+02
6.4751898193e+02 6.4751000977e+02 6.4749401855e+02 6.4745599365e+02 6.4742602539e+02 6.4741699219e+02 6.4740502930e+02 6.4736901855e+02 6.4731597900e+02 6.4729199219e+02 6.4726397705e+02 6.4724200439e+02 6.4721899414e+02 6.4722198486e+02 6.4721197510e+02 6.4719598389e+02 6.4718402100e+02 6.4719500732e+02 6.4719201660e+02 6.4718103027e+02 6.4718402100e+02 6.4717498779e+02 6.4716101074e+02 6.4713702393e+02 6.4710998535e+02 6.4706597900e+02 6.4701800537e+02 6.4698101807e+02 6.4696502686e+02 6.4697198486e+02 6.4696600342e+02 6.4696997070e+02 6.4697998047e+02 6.4697998047e+02 6.4698498535e+02 6.4697698975e+02 6.4696801758e+02 6.4696600342e+02 6.4695397949e+02 6.4694299316e+02 6.4694000244e+02 6.4690002441e+02 6.4686297607e+02 6.4682598877e+02 6.4678802490e+02 6.4674597168e+02
6.4759899902e+02 6.4761798096e+02 6.4760900879e+02 6.4756097412e+02 6.4751202393e+02 6.4750598145e+02 6.4750402832e+02 6.4746899414e+02 6.4742999268e+02 6.4740502930e+02 6.4737200928e+02 6.4734301758e+02 6.4730499268e+02 6.4728601074e+02 6.4727600098e+02 6.4725799561e+02 6.4723699951e+02 6.4723199463e+02 6.4723602295e+02 6.4722900391e+02 6.4722601318e+02 6.4723901367e+02 6.4723602295e+02 6.4722302246e+02 6.4720501709e+02 6.4717602539e+02 6.4712902832e+02 6.4707897949e+02 6.4704797363e+02 6.4702398682e+02 6.4699902344e+02 6.4699499512e+02 6.4700201416e+02 6.4700897217e+02 6.4701501465e+02 6.4700799561e+02 6.4699597168e+02 6.4696600342e+02 6.4695397949e+02 6.4695501709e+02 6.4696697998e+02 6.4695202637e+02 6.4693298340e+02 6.4691101074e+02 6.4689300537e+02 6.4683697510e+02
6.4771502686e+02 6.4777697754e+02 6.4777600098e+02 6.4771697998e+02 6.4764697266e+02 6.4761798096e+02 6.4760101318e+02 6.4756597900e+02 6.4753497314e+02 6.4752398682e+02 6.4749200439e+02 6.4745001221e+02 6.4740002441e+02 6.4737298584e+02 6.4735400391e+02 6.4732598877e+02 6.4730401611e+02 6.4728601074e+02 6.4727697754e+02 6.4726599121e+02 6.4727001953e+02 6.4728302002e+02 6.4728399658e+02 6.4727502441e+02 6.4725799561e+02 6.4724401855e+02 6.4721697998e+02 6.4718103027e+02 6.4714501953e+02 6.4712097168e+02 6.4708502197e+02 6.4705999756e+02 6.4704797363e+02 6.4702801514e+02 6.4702197266e+02 6.4702001953e+02 6.4701000977e+02 6.4699597168e+02 6.4698297119e+02 6.4697497559e+02 6.4696697998e+02 6.4695800781e+02 6.4695202637e+02 6.4693902588e+02 6.4692901611e+02 6.4690100098e+02
6.4780999756e+02 6.4790698242e+02 6.4791302490e+02 6.4784997559e+02 6.4777301025e+02 6.4773101807e+02 6.4770800781e+02 6.4768103027e+02 6.4765100098e+02 6.4764001465e+02 6.4760699463e+02 6.4755700684e+02 6.4750201416e+02 6.4747100830e+02 6.4744201660e+02 6.4740698242e+02 6.4738201904e+02 6.4735601807e+02 6.4733099365e+02 6.4731097412e+02 6.4731298828e+02 6.4730999756e+02 6.4731298828e+02 6.4730798340e+02 6.4728698730e+02 6.4727001953e+02 6.4725299072e+02 6.4722900391e+02 6.4720202637e+02 6.4718902588e+02 6.4716601563e+02 6.4714398193e+02 6.4712298584e+02 6.4709497070e+02 6.4707299805e+02 6.4705200195e+02 6.4702398682e+02 6.4700402832e+02 6.4699401855e+02 6.4698797607e+02 6.4697497559e+02 6.4696899414e+02 6.4696301270e+02 6.4694702148e+02 6.4693298340e+02 6.4690997314e+02
6.4784100342e+02 6.4794702148e+02 6.4797302246e+02 6.4794097900e+02 6.4789099121e+02 6.4784399414e+02 6.4782202148e+02 6.4780603027e+02 6.4777099609e+02 6.4774902344e+02 6.4771099854e+02 6.4766198730e+02 6.4760900879e+02 6.4757397461e+02 6.4753497314e+02 6.4749700928e+02 6.4746600342e+02 6.4743298340e+02 6.4739501953e+02 6.4736499023e+02 6.4735998535e+02 6.4734497070e+02 6.4734002686e+02 6.4733001709e+02 6.4731402588e+02 6.4729400635e+02 6.4727697754e+02 6.4725500488e+02 6.4722998047e+02 6.4721502686e+02 6.4719897461e+02 6.4718200684e+02 6.4717199707e+02 6.4716302490e+02 6.4714398193e+02 6.4711199951e+02 6.4706201172e+02 6.4702197266e+02 6.4699798584e+02 6.4698400879e+02 6.4697497559e+02 6.4697399902e+02 6.4697198486e+02 6.4695800781e+02 6.4693597412e+02 6.4691198730e+02
6.4782501221e+02 6.4790600586e+02 6.4796301270e+02 6.4798999023e+02 6.4798999023e+02 6.4795001221e+02 6.4792602539e+02 6.4791497803e+02 6.4788397217e+02 6.4782299805e+02 6.4777099609e+02 6.4773498535e+02 6.4770599365e+02 6.4767297363e+02 6.4762200928e+02 6.4757598877e+02 6.4753399658e+02 6.4750500488e+02 6.4746002197e+02 6.4742199707e+02 6.4741900635e+02 6.4739398193e+02 6.4737500000e+02 6.4735699463e+02 6.4734002686e+02 6.4732397461e+02 6.4730200195e+02 6.4727099609e+02 6.4723699951e+02 6.4722900391e+02 6.4721502686e+02 6.4719799805e+02 6.4718200684e+02 6.4718798828e+02 6.4717999268e+02 6.4715502930e+02 6.4710302734e+02 6.4706298828e+02 6.4702301025e+02 6.4698901367e+02 6.4696301270e+02 6.4695800781e+02 6.4695898438e+02 6.4695599365e+02 6.4694299316e+02 6.4693103027e+02
6.4783801270e+02 6.4790600586e+02 6.4796099854e+02 6.4800097656e+02 6.4801800537e+02 6.4800897217e+02 6.4800701904e+02 6.4800201416e+02 6.4796398926e+02 6.4790899658e+02 6.4784997559e+02 6.4781701660e+02 6.4778997803e+02 6.4775897217e+02 6.4771099854e+02 6.4766400146e+02 6.4761499023e+02 6.4758197021e+02 6.4752600098e+02 6.4748498535e+02 6.4747198486e+02 6.4744396973e+02 6.4742401123e+02 6.4740197754e+02 6.4737298584e+02 6.4735601807e+02 6.4732800293e+02 6.4728997803e+02 6.4726202393e+02 6.4725500488e+02 6.4724298096e+02 6.4722802734e+02 6.4721301270e+02 6.4720697021e+02 6.4719299316e+02 6.4716900635e+02 6.4712298584e+02 6.4709100342e+02 6.4705200195e+02 6.4701702881e+02 6.4699298096e+02 6.4697497559e+02 6.4696301270e+02 6.4695300293e+02 6.4693798828e+02 6.4692602539e+02
6.4783697510e+02 6.4789599609e+02 6.4794702148e+02 6.4799700928e+02 6.4803302002e+02 6.4804199219e+02 6.4805102539e+02 6.4804797363e+02 6.4801397705e+02 6.4798101807e+02 6.4793402100e+02 6.4789599609e+02 6.4785900879e+02 6.4782299805e+02 6.4778100586e+02 6.4774200439e+02 6.4769396973e+02 6.4765698242e+02 6.4759899902e+02 6.4755700684e+02 6.4753302002e+02 6.4750500488e+02 6.4747601318e+02 6.4744299316e+02 6.4740698242e+02 6.4738702393e+02 6.4735900879e+02 6.4732202148e+02 6.4729498291e+02 6.4728497314e+02 6.4727099609e+02 6.4725402832e+02 6.4723999023e+02 6.4722601318e+02 6.4720800781e+02 6.4718597412e+02 6.4714898682e+02 6.4711499023e+02 6.4707702637e+02 6.4704797363e+02 6.4703198242e+02 6.4701599121e+02 6.4699902344e+02 6.4697998047e+02 6.4695800781e+02 6.4694000244e+02
6.4784497070e+02 6.4789001465e+02 6.4793499756e+02 6.4798602295e+02 6.4802899170e+02 6.4804302979e+02 6.4805401611e+02 6.4805700684e+02 6.4803900146e+02 6.4801300049e+02 6.4797900391e+02 6.4794598389e+02 6.4790802002e+02 6.4786602783e+02 6.4783099365e+02 6.4780499268e+02 6.4776800537e+02 6.4772601318e+02 6.4767199707e+02 6.4762701416e+02 6.4759197998e+02 6.4755798340e+02 6.4752001953e+02 6.4747998047e+02 6.4744897461e+02 6.4741699219e+02 6.4738598633e+02 6.4735302734e+02 6.4732800293e+02 6.4731298828e+02 6.4729400635e+02 6.4727502441e+02 6.4726098633e+02 6.4724401855e+02 6.4722399902e+02 6.4720202637e+02 6.4717102051e+02 6.4713098145e+02 6.4709802246e+02 6.4707501221e+02 6.4706298828e+02 6.4705297852e+02 6.4703698730e+02 6.4701898193e+02 6.4699700928e+02 6.4698699951e+02
6.4786700439e+02 6.4789398193e+02 6.4792901611e+02 6.4796997070e+02 6.4801397705e+02 6.4803100586e+02 6.4804199219e+02 6.4805102539e+02 6.4805999756e+02 6.4802899170e+02 6.4800000000e+02 6.4798199463e+02 6.4795697021e+02 6.4790899658e+02 6.4787500000e+02 6.4785302734e+02 6.4783697510e+02 6.4780102539e+02 6.4774700928e+02 6.4769598389e+02 6.4764801025e+02 6.4759197998e+02 6.4754400635e+02 6.4750201416e+02 6.4746997070e+02 6.4744500732e+02 6.4741101074e+02 6.4738098145e+02 6.4736199951e+02 6.4733801270e+02 6.4731201172e+02 6.4728802490e+02 6.4727502441e+02 6.4726300049e+02 6.4724102783e+02 6.4721600342e+02 6.4718701172e+02 6.4715100098e+02 6.4712200928e+02 6.4710400391e+02 6.4709497070e+02 6.4707598877e+02 6.4705700684e+02 6.4704400635e+02 6.4702899170e+02 6.4702398682e+02
6.4786401367e+02 6.4789202881e+02 6.4792401123e+02 6.4795300293e+02 6.4799200439e+02 6.4801202393e+02 6.4802301025e+02 6.4803497314e+02 6.4804199219e+02 6.4802899170e+02 6.4801000977e+02 6.4798901367e+02 6.4796697998e+02 6.4794897461e+02 6.4792901611e+02 6.4790600586e+02 6.4788598633e+02 6.4785900879e+02 6.4779998779e+02 6.4774401855e+02 6.4768597412e+02 6.4761901855e+02 6.4757702637e+02 6.4753802490e+02 6.4749902344e+02 6.4747399902e+02 6.4745001221e+02 6.4741998291e+02 6.4738702393e+02 6.4736602783e+02 6.4733398438e+02 6.4730401611e+02 6.4729302979e+02 6.4727899170e+02 6.4725299072e+02 6.4721997070e+02 6.4718597412e+02 6.4716302490e+02 6.4714001465e+02 6.4712200928e+02 6.4710601807e+02 6.4709002686e+02 6.4707397461e+02 6.4706097412e+02 6.4704699707e+02 6.4704498291e+02
6.4788098145e+02 6.4789501953e+02 6.4792297363e+02 6.4795001221e+02 6.4797900391e+02 6.4799499512e+02 6.4800598145e+02 6.4801800537e+02 6.4802899170e+02 6.4802600098e+02 6.4800598145e+02 6.4798602295e+02 6.4796801758e+02 6.4796099854e+02 6.4795098877e+02 6.4793499756e+02 6.4791101074e+02 6.4788702393e+02 6.4783197021e+02 6.4777801514e+02 6.4771997070e+02 6.4765802002e+02 6.4761700439e+02 6.4757598877e+02 6.4753698730e+02 6.4751098633e+02 6.4748901367e+02 6.4745300293e+02 6.4741497803e+02 6.4739300537e+02 6.4736199951e+02 6.4733099365e+02 6.4731402588e+02 6.4729901123e+02 6.4726702881e+02 6.4722601318e+02 6.4719000244e+02 6.4717401123e+02 6.4715301514e+02 6.4713897705e+02 6.4712402344e+02 6.4710900879e+02 6.4709100342e+02 6.4707397461e+02 6.4705999756e+02 6.4705700684e+02
6.4788598633e+02 6.4788598633e+02 6.4791601563e+02 6.4795098877e+02 6.4796899414e+02 6.4797802734e+02 6.4798999023e+02 6.4800097656e+02 6.4801599121e+02 6.4801300049e+02 6.4799200439e+02 6.4797497559e+02 6.4796502686e+02 6.4795599365e+02 6.4794799805e+02 6.4793902588e+02 6.4792102051e+02 6.4789898682e+02 6.4785302734e+02 6.4780401611e+02 6.4775097656e+02 6.4769799805e+02 6.4765301514e+02 6.4760797119e+02 6.4757098389e+02 6.4754101563e+02 6.4751599121e+02 6.4748101807e+02 6.4744299316e+02 6.4741497803e+02 6.4738800049e+02 6.4736102295e+02 6.4733801270e+02 6.4731597900e+02 6.4727600098e+02 6.4723797607e+02 6.4720898438e+02 6.4719201660e+02 6.4717102051e+02 6.4715600586e+02 6.4714300537e+02 6.4713098145e+02 6.4711102295e+02 6.4708697510e+02 6.4706799316e+02 6.4705700684e+02
6.4786999512e+02 6.4787597656e+02 6.4790600586e+02 6.4794097900e+02 6.4795697021e+02 6.4795800781e+02 6.4797302246e+02 6.4798699951e+02 6.4798101807e+02 6.4798602295e+02 6.4797198486e+02 6.4795697021e+02 6.4795202637e+02 6.4794201660e+02 6.4793103027e+02 6.4792602539e+02 6.4791900635e+02 6.4790100098e+02 6.4785998535e+02 6.4781500244e+02 6.4777301025e+02 6.4772100830e+02 6.4767102051e+02 6.4762500000e+02 6.4758898926e+02 6.4755499268e+02 6.4753002930e+02 6.4750299072e+02 6.4746801758e+02 6.4743200684e+02 6.4740802002e+02 6.4739001465e+02 6.4737097168e+02 6.4733502197e+02 6.4728802490e+02 6.4725097656e+02 6.4723101807e+02 6.4721697998e+02 6.4719000244e+02 6.4716601563e+02 6.4715600586e+02 6.4714300537e+02 6.4712902832e+02 6.4710797119e+02 6.4708398438e+02 6.4706201172e+02
6.4785601807e+02 6.4787500000e+02 6.4789202881e+02 6.4791699219e+02 6.4792401123e+02 6.4794097900e+02 6.4796697998e+02 6.4797698975e+02 6.4795599365e+02 6.4795501709e+02 6.4795001221e+02 6.4794500732e+02 6.4794299316e+02 6.4793597412e+02 6.4792297363e+02 6.4791400146e+02 6.4791601563e+02 6.4790399170e+02 6.4786297607e+02 6.4782098389e+02 6.4778601074e+02 6.4773101807e+02 6.4768200684e+02 6.4763800049e+02 6.4760198975e+02 6.4757202148e+02 6.4754998779e+02 6.4751702881e+02 6.4748602295e+02 6.4745202637e+02 6.4742199707e+02 6.4740002441e+02 6.4737701416e+02 6.4734899902e+02 6.4730798340e+02 6.4727197266e+02 6.4724298096e+02 6.4723797607e+02 6.4721697998e+02 6.4718597412e+02 6.4716497803e+02 6.4715100098e+02 6.4713000488e+02 6.4710699463e+02 6.4708099365e+02 6.4707098389e+02
6.4783197021e+02 6.4785601807e+02 6.4787200928e+02 6.4789599609e+02 6.4791101074e+02 6.4794396973e+02 6.4795898438e+02 6.4795001221e+02 6.4793200684e+02 6.4793499756e+02 6.4793499756e+02 6.4793298340e+02 6.4793298340e+02 6.4793103027e+02 6.4792102051e+02 6.4790802002e+02 6.4790802002e+02 6.4789599609e+02 6.4785601807e+02 6.4781597900e+02 6.4777502441e+02 6.4772100830e+02 6.4768402100e+02 6.4764697266e+02 6.4760900879e+02 6.4758197021e+02 6.4756298828e+02 6.4753100586e+02 6.4750000000e+02 6.4746697998e+02 6.4743597412e+02 6.4741198730e+02 6.4738299561e+02 6.4736102295e+02 6.4732299805e+02 6.4728802490e+02 6.4725799561e+02 6.4724499512e+02 6.4722802734e+02 6.4719396973e+02 6.4716497803e+02 6.4715502930e+02 6.4713800049e+02 6.4711999512e+02 6.4709698486e+02 6.4709002686e+02
6.4780102539e+02 6.4782202148e+02 6.4784100342e+02 6.4787200928e+02 6.4790197754e+02 6.4792999268e+02 6.4792999268e+02 6.4791699219e+02 6.4791198730e+02 6.4792199707e+02 6.4791998291e+02 6.4791198730e+02 6.4791497803e+02 6.4791302490e+02 6.4790802002e+02 6.4789599609e+02 6.4789099121e+02 6.4787298584e+02 6.4783697510e+02 6.4779998779e+02 6.4775402832e+02 6.4770800781e+02 6.4768597412e+02 6.4765698242e+02 6.4761700439e+02 6.4759197998e+02 6.4757598877e+02 6.4754498291e+02 6.4751098633e+02 6.4747998047e+02 6.4745397949e+02 6.4742999268e+02 6.4739202881e+02 6.4737097168e+02 6.4733801270e+02 6.4730401611e+02 6.4727899170e+02 6.4726098633e+02 6.4724200439e+02 6.4720898438e+02 6.4717901611e+02 6.4716198730e+02 6.4714501953e+02 6.4713598633e+02 6.4711901855e+02 6.4711199951e+02
