TESTSERVER/22/13.asc
NCOLS 100
NROWS 100
XLLCORNER 8.5997500000e+03
YLLCORNER 2.8930025000e+05
CELLSIZE 5.0000000000e-01
NODATA_VALUE -9.9990000000e+03
[rows 80 to 99 of 100, columns 46 to 91 of 100]
6.4647601318e+02 6.4654699707e+02 6.4661700439e+02 6.4669396973e+02 6.4676397705e+02 6.4682000732e+02 6.4688000488e+02 6.4694799805e+02 6.4701501465e+02 6.4706701660e+02 6.4709899902e+02 6.4712097168e+02 6.4714001465e+02 6.4716302490e+02 6.4716400146e+02 6.4715197754e+02 6.4715100098e+02 6.4715502930e+02 6.4715100098e+02 6.4713500977e+02 6.4711602783e+02 6.4710101318e+02 6.4709802246e+02 6.4709600830e+02 6.4708801270e+02 6.4709497070e+02 6.4709100342e+02 6.4708898926e+02 6.4708898926e+02 6.4708300781e+02 6.4709301758e+02 6.4710998535e+02 6.4712500000e+02 6.4713098145e+02 6.4714001465e+02 6.4715197754e+02 6.4715600586e+02 6.4717199707e+02 6.4719897461e+02 6.4722698975e+02 6.4724401855e+02 6.4727001953e+02 6.4728698730e+02 6.4731896973e+02 6.4735302734e+02 6.4736199951e+02
6.4649401855e+02 6.4657800293e+02 6.4665197754e+02 6.4672198486e+02 6.4678698730e+02 6.4685400391e+02 6.4690899658e+02 6.4696997070e+02 6.4703399658e+02 6.4708801270e+02 6.4712402344e+02 6.4714099121e+02 6.4716302490e+02 6.4719097900e+02 6.4720599365e+02 6.4720098877e+02 6.4718902588e+02 6.4718701172e+02 6.4717797852e+02 6.4716198730e+02 6.4714300537e+02 6.4712097168e+02 6.4711297607e+02 6.4711102295e+02 6.4710101318e+02 6.4709698486e+02 6.4709197998e+02 6.4709197998e+02 6.4708898926e+02 6.4708502197e+02 6.4708801270e+02 6.4709899902e+02 6.4711700439e+02 6.4712500000e+02 6.4713299561e+02 6.4714001465e+02 6.4715100098e+02 6.4716400146e+02 6.4718200684e+02 6.4721002197e+02 6.4723901367e+02 6.4727197266e+02 6.4728698730e+02 6.4731298828e+02 6.4733599854e+02 6.4735699463e+02
6.4651300049e+02 6.4660198975e+02 6.4668798828e+02 6.4676098633e+02 6.4681201172e+02 6.4687402344e+02 6.4692700195e+02 6.4698498535e+02 6.4703997803e+02 6.4709301758e+02 6.4713598633e+02 6.4716101074e+02 6.4718798828e+02 6.4721801758e+02 6.4723199463e+02 6.4722698975e+02 6.4721398926e+02 6.4720397949e+02 6.4718798828e+02 6.4717401123e+02 6.4715899658e+02 6.4713500977e+02 6.4712402344e+02 6.4712200928e+02 6.4711901855e+02 6.4710101318e+02 6.4708599854e+02 6.4708898926e+02 6.4709002686e+02 6.4709100342e+02 6.4709301758e+02 6.4709698486e+02 6.4710797119e+02 6.4711602783e+02 6.4712402344e+02 6.4713098145e+02 6.4714099121e+02 6.4715399170e+02 6.4716802979e+02 6.4719396973e+02 6.4722998047e+02 6.4726202393e+02 6.4727600098e+02 6.4729797363e+02 6.4732299805e+02 6.4735498047e+02
6.4653302002e+02 6.4660900879e+02 6.4670001221e+02 6.4678100586e+02 6.4682897949e+02 6.4688201904e+02 6.4693402100e+02 6.4699200439e+02 6.4704101563e+02 6.4708599854e+02 6.4713598633e+02 6.4716900635e+02 6.4719299316e+02 6.4722100830e+02 6.4723199463e+02 6.4722802734e+02 6.4722998047e+02 6.4721997070e+02 6.4719396973e+02 6.4717498779e+02 6.4715997314e+02 6.4714001465e+02 6.4712500000e+02 6.4711602783e+02 6.4711297607e+02 6.4709899902e+02 6.4708398438e+02 6.4708502197e+02 6.4708502197e+02 6.4709301758e+02 6.4709997559e+02 6.4710101318e+02 6.4709997559e+02 6.4710699463e+02 6.4711401367e+02 6.4712200928e+02 6.4713098145e+02 6.4714501953e+02 6.4716101074e+02 6.4718499756e+02 6.4721899414e+02 6.4724499512e+02 6.4726202393e+02 6.4728900146e+02 6.4731500244e+02 6.4734100342e+02
6.4654302979e+02 6.4662402344e+02 6.4670397949e+02 6.4678002930e+02 6.4683502197e+02 6.4688500977e+02 6.4693701172e+02 6.4699401855e+02 6.4704901123e+02 6.4708599854e+02 6.4713000488e+02 6.4716101074e+02 6.4718298340e+02 6.4721801758e+02 6.4723199463e+02 6.4723199463e+02 6.4724401855e+02 6.4722900391e+02 6.4719500732e+02 6.4716900635e+02 6.4715899658e+02 6.4714202881e+02 6.4712597656e+02 6.4710797119e+02 6.4709399414e+02 6.4709301758e+02 6.4709002686e+02 6.4708502197e+02 6.4707299805e+02 6.4707702637e+02 6.4709100342e+02 6.4710198975e+02 6.4710498047e+02 6.4709899902e+02 6.4710302734e+02 6.4710998535e+02 6.4711798096e+02 6.4713299561e+02 6.4715399170e+02 6.4717999268e+02 6.4721002197e+02 6.4721997070e+02 6.4724499512e+02 6.4728198242e+02 6.4731597900e+02 6.4732598877e+02
6.4654101563e+02 6.4662402344e+02 6.4670300293e+02 6.4678198242e+02 6.4684301758e+02 6.4688800049e+02 6.4693798828e+02 6.4699401855e+02 6.4704699707e+02 6.4709002686e+02 6.4711798096e+02 6.4714001465e+02 6.4716699219e+02 6.4720599365e+02 6.4722399902e+02 6.4722601318e+02 6.4722802734e+02 6.4722100830e+02 6.4719897461e+02 6.4717297363e+02 6.4715399170e+02 6.4714099121e+02 6.4713299561e+02 6.4712200928e+02 6.4709698486e+02 6.4709399414e+02 6.4709802246e+02 6.4709600830e+02 6.4708300781e+02 6.4707598877e+02 6.4708001709e+02 6.4708898926e+02 6.4709600830e+02 6.4709197998e+02 6.4709002686e+02 6.4709600830e+02 6.4711102295e+02 6.4713201904e+02 6.4714697266e+02 6.4716198730e+02 6.4718902588e+02 6.4720397949e+02 6.4723297119e+02 6.4727197266e+02 6.4729998779e+02 6.4731799316e+02
6.4653302002e+02 6.4660900879e+02 6.4668902588e+02 6.4677099609e+02 6.4682397461e+02 6.4686798096e+02 6.4692297363e+02 6.4698101807e+02 6.4702899170e+02 6.4707202148e+02 6.4709002686e+02 6.4709997559e+02 6.4712200928e+02 6.4716601563e+02 6.4719201660e+02 6.4720001221e+02 6.4719799805e+02 6.4718597412e+02 6.4717199707e+02 6.4715301514e+02 6.4712701416e+02 6.4711499023e+02 6.4711700439e+02 6.4711700439e+02 6.4709497070e+02 6.4707897949e+02 6.4707800293e+02 6.4708001709e+02 6.4707598877e+02 6.4707800293e+02 6.4707800293e+02 6.4707800293e+02 6.4708398438e+02 6.4708300781e+02 6.4708300781e+02 6.4709100342e+02 6.4710198975e+02 6.4711798096e+02 6.4713500977e+02 6.4715100098e+02 6.4717498779e+02 6.4719799805e+02 6.4722497559e+02 6.4725598145e+02 6.4728198242e+02 6.4731097412e+02
6.4650097656e+02 6.4657800293e+02 6.4665997314e+02 6.4674298096e+02 6.4678997803e+02 6.4683001709e+02 6.4689099121e+02 6.4695599365e+02 6.4700402832e+02 6.4704699707e+02 6.4707000732e+02 6.4707598877e+02 6.4708300781e+02 6.4712402344e+02 6.4715002441e+02 6.4716198730e+02 6.4716400146e+02 6.4714300537e+02 6.4712597656e+02 6.4711297607e+02 6.4709197998e+02 6.4709100342e+02 6.4709899902e+02 6.4710198975e+02 6.4708801270e+02 6.4706799316e+02 6.4705999756e+02 6.4706201172e+02 6.4706298828e+02 6.4706799316e+02 6.4707202148e+02 6.4707000732e+02 6.4707202148e+02 6.4707501221e+02 6.4707598877e+02 6.4708599854e+02 6.4709399414e+02 6.4709802246e+02 6.4711401367e+02 6.4713702393e+02 6.4716400146e+02 6.4719097900e+02 6.4721398926e+02 6.4723797607e+02 6.4726800537e+02 6.4730603027e+02
6.4644702148e+02 6.4652801514e+02 6.4660699463e+02 6.4668701172e+02 6.4675000000e+02 6.4678698730e+02 6.4684899902e+02 6.4692401123e+02 6.4698498535e+02 6.4702697754e+02 6.4706201172e+02 6.4707897949e+02 6.4707397461e+02 6.4708398438e+02 6.4709600830e+02 6.4711297607e+02 6.4712799072e+02 6.4710998535e+02 6.4708898926e+02 6.4707501221e+02 6.4707501221e+02 6.4709100342e+02 6.4709600830e+02 6.4708801270e+02 6.4708502197e+02 6.4705700684e+02 6.4704602051e+02 6.4704400635e+02 6.4705102539e+02 6.4704498291e+02 6.4705603027e+02 6.4706500244e+02 6.4707202148e+02 6.4707501221e+02 6.4706896973e+02 6.4707098389e+02 6.4707702637e+02 6.4709002686e+02 6.4710302734e+02 6.4712902832e+02 6.4716198730e+02 6.4718701172e+02 6.4720800781e+02 6.4722998047e+02 6.4725598145e+02 6.4729699707e+02
6.4638299561e+02 6.4647100830e+02 6.4655297852e+02 6.4663000488e+02 6.4669000244e+02 6.4673297119e+02 6.4680102539e+02 6.4687799072e+02 6.4693298340e+02 6.4697497559e+02 6.4700701904e+02 6.4704400635e+02 6.4705700684e+02 6.4705902100e+02 6.4706298828e+02 6.4707598877e+02 6.4708398438e+02 6.4707397461e+02 6.4706298828e+02 6.4705401611e+02 6.4706298828e+02 6.4707702637e+02 6.4706701660e+02 6.4705102539e+02 6.4705200195e+02 6.4703900146e+02 6.4702801514e+02 6.4702502441e+02 6.4703302002e+02 6.4703802490e+02 6.4705200195e+02 6.4705700684e+02 6.4705603027e+02 6.4705999756e+02 6.4706298828e+02 6.4706896973e+02 6.4707702637e+02 6.4709002686e+02 6.4710302734e+02 6.4712097168e+02 6.4715197754e+02 6.4717498779e+02 6.4720098877e+02 6.4722601318e+02 6.4724902344e+02 6.4728198242e+02
6.4631500244e+02 6.4640197754e+02 6.4648297119e+02 6.4655700684e+02 6.4661798096e+02 6.4667297363e+02 6.4674200439e+02 6.4681097412e+02 6.4686700439e+02 6.4691699219e+02 6.4694598389e+02 6.4698797607e+02 6.4701800537e+02 6.4703399658e+02 6.4703997803e+02 6.4704302979e+02 6.4704400635e+02 6.4704101563e+02 6.4703997803e+02 6.4703698730e+02 6.4703698730e+02 6.4703997803e+02 6.4702697754e+02 6.4701599121e+02 6.4701702881e+02 6.4701599121e+02 6.4701800537e+02 6.4702001953e+02 6.4701800537e+02 6.4702600098e+02 6.4703997803e+02 6.4703997803e+02 6.4703698730e+02 6.4704797363e+02 6.4705798340e+02 6.4706500244e+02 6.4706799316e+02 6.4708001709e+02 6.4709497070e+02 6.4710900879e+02 6.4713299561e+02 6.4715197754e+02 6.4717700195e+02 6.4720397949e+02 6.4722900391e+02 6.4725402832e+02
6.4623797607e+02 6.4631298828e+02 6.4638897705e+02 6.4646301270e+02 6.4652899170e+02 6.4659600830e+02 6.4666198730e+02 6.4672399902e+02 6.4678399658e+02 6.4684698486e+02 6.4688500977e+02 6.4692602539e+02 6.4695898438e+02 6.4698400879e+02 6.4699401855e+02 6.4699902344e+02 6.4700402832e+02 6.4700598145e+02 6.4700701904e+02 6.4700598145e+02 6.4700000000e+02 6.4700402832e+02 6.4699700928e+02 6.4698999023e+02 6.4698498535e+02 6.4698400879e+02 6.4699200439e+02 6.4699902344e+02 6.4699597168e+02 6.4700402832e+02 6.4701000977e+02 6.4700799561e+02 6.4701202393e+02 6.4703100586e+02 6.4704498291e+02 6.4704998779e+02 6.4704901123e+02 6.4705798340e+02 6.4707501221e+02 6.4709197998e+02 6.4711499023e+02 6.4713201904e+02 6.4715301514e+02 6.4717999268e+02 6.4720898438e+02 6.4723297119e+02
6.4616601563e+02 6.4621899414e+02 6.4628802490e+02 6.4636602783e+02 6.4643798828e+02 6.4650897217e+02 6.4657501221e+02 6.4664202881e+02 6.4671398926e+02 6.4677301025e+02 6.4682702637e+02 6.4686700439e+02 6.4689398193e+02 6.4692199707e+02 6.4694000244e+02 6.4695098877e+02 6.4696197510e+02 6.4696502686e+02 6.4696301270e+02 6.4696002197e+02 6.4695898438e+02 6.4695501709e+02 6.4695001221e+02 6.4695001221e+02 6.4695202637e+02 6.4694799805e+02 6.4695501709e+02 6.4696398926e+02 6.4696899414e+02 6.4697698975e+02 6.4697601318e+02 6.4697698975e+02 6.4698498535e+02 6.4700500488e+02 6.4702398682e+02 6.4703002930e+02 6.4703002930e+02 6.4703900146e+02 6.4705603027e+02 6.4707800293e+02 6.4710601807e+02 6.4712500000e+02 6.4714501953e+02 6.4716802979e+02 6.4719799805e+02 6.4722497559e+02
6.4609698486e+02 6.4614599609e+02 6.4620501709e+02 6.4627801514e+02 6.4635900879e+02 6.4643298340e+02 6.4649700928e+02 6.4657598877e+02 6.4664501953e+02 6.4670800781e+02 6.4676300049e+02 6.4680999756e+02 6.4683300781e+02 6.4685101318e+02 6.4686999512e+02 6.4688800049e+02 6.4690301514e+02 6.4691302490e+02 6.4691400146e+02 6.4690600586e+02 6.4690197754e+02 6.4690002441e+02 6.4690197754e+02 6.4691400146e+02 6.4692199707e+02 6.4691998291e+02 6.4692498779e+02 6.4692999268e+02 6.4693499756e+02 6.4694500732e+02 6.4694799805e+02 6.4695300293e+02 6.4696502686e+02 6.4698797607e+02 6.4701202393e+02 6.4702197266e+02 6.4702301025e+02 6.4703198242e+02 6.4704998779e+02 6.4706799316e+02 6.4709100342e+02 6.4711999512e+02 6.4714599609e+02 6.4716400146e+02 6.4718402100e+02 6.4720800781e+02
6.4601898193e+02 6.4606201172e+02 6.4611499023e+02 6.4618597412e+02 6.4626599121e+02 6.4633502197e+02 6.4640802002e+02 6.4649401855e+02 6.4655798340e+02 6.4661999512e+02 6.4667297363e+02 6.4672302246e+02 6.4675201416e+02 6.4677099609e+02 6.4679101563e+02 6.4681298828e+02 6.4683197021e+02 6.4684698486e+02 6.4685400391e+02 6.4684899902e+02 6.4685101318e+02 6.4685699463e+02 6.4686700439e+02 6.4688000488e+02 6.4688500977e+02 6.4688598633e+02 6.4689099121e+02 6.4689697266e+02 6.4690301514e+02 6.4691900635e+02 6.4692700195e+02 6.4693200684e+02 6.4694201660e+02 6.4695697021e+02 6.4697802734e+02 6.4699401855e+02 6.4701000977e+02 6.4702197266e+02 6.4703802490e+02 6.4705902100e+02 6.4708599854e+02 6.4711199951e+02 6.4713800049e+02 6.4715301514e+02 6.4716900635e+02 6.4719396973e+02
6.4593103027e+02 6.4596600342e+02 6.4602099609e+02 6.4609399414e+02 6.4616699219e+02 6.4623797607e+02 6.4632000732e+02 6.4640600586e+02 6.4646600342e+02 6.4653302002e+02 6.4659002686e+02 6.4663702393e+02 6.4666400146e+02 6.4669500732e+02 6.4672198486e+02 6.4674298096e+02 6.4676300049e+02 6.4678198242e+02 6.4678997803e+02 6.4679199219e+02 6.4680603027e+02 6.4681402588e+02 6.4682702637e+02 6.4683801270e+02 6.4684399414e+02 6.4685302734e+02 6.4685797119e+02 6.4686297607e+02 6.4686798096e+02 6.4688598633e+02 6.4690399170e+02 6.4691302490e+02 6.4691699219e+02 6.4692602539e+02 6.4694201660e+02 6.4696099854e+02 6.4698901367e+02 6.4700598145e+02 6.4702301025e+02 6.4704998779e+02 6.4708001709e+02 6.4709802246e+02 6.4712298584e+02 6.4713800049e+02 6.4715100098e+02 6.4717498779e+02
6.4583300781e+02 6.4586798096e+02 6.4592797852e+02 6.4600201416e+02 6.4606402588e+02 6.4613702393e+02 6.4621899414e+02 6.4630603027e+02 6.4637298584e+02 6.4644897461e+02 6.4651800537e+02 6.4656201172e+02 6.4657598877e+02 6.4662402344e+02 6.4665997314e+02 6.4667999268e+02 6.4670800781e+02 6.4672399902e+02 6.4672802734e+02 6.4673400879e+02 6.4675701904e+02 6.4676098633e+02 6.4677398682e+02 6.4678601074e+02 6.4679302979e+02 6.4681799316e+02 6.4683001709e+02 6.4683697510e+02 6.4683398438e+02 6.4684497070e+02 6.4686999512e+02 6.4688800049e+02 6.4689501953e+02 6.4689898682e+02 6.4691400146e+02 6.4693402100e+02 6.4696301270e+02 6.4698498535e+02 6.4700299072e+02 6.4703302002e+02 6.4706701660e+02 6.4708599854e+02 6.4711102295e+02 6.4712500000e+02 6.4713299561e+02 6.4715002441e+02
6.4571899414e+02 6.4576501465e+02 6.4582501221e+02 6.4590301514e+02 6.4597399902e+02 6.4604400635e+02 6.4612298584e+02 6.4621697998e+02 6.4629699707e+02 6.4636401367e+02 6.4642797852e+02 6.4647399902e+02 6.4649597168e+02 6.4654998779e+02 6.4658801270e+02 6.4661199951e+02 6.4664300537e+02 6.4666400146e+02 6.4667700195e+02 6.4668200684e+02 6.4669201660e+02 6.4670300293e+02 6.4672198486e+02 6.4673901367e+02 6.4675097656e+02 6.4676702881e+02 6.4678802490e+02 6.4680798340e+02 6.4680902100e+02 6.4682000732e+02 6.4683898926e+02 6.4685498047e+02 6.4686999512e+02 6.4688500977e+02 6.4690301514e+02 6.4692297363e+02 6.4694702148e+02 6.4695898438e+02 6.4697698975e+02 6.4701599121e+02 6.4704797363e+02 6.4707598877e+02 6.4710198975e+02 6.4712402344e+02 6.4714300537e+02 6.4715899658e+02
6.4561102295e+02 6.4566601563e+02 6.4573797607e+02 6.4581896973e+02 6.4588500977e+02 6.4595202637e+02 6.4602899170e+02 6.4612597656e+02 6.4622399902e+02 6.4628698730e+02 6.4634197998e+02 6.4639599609e+02 6.4643701172e+02 6.4648297119e+02 6.4651397705e+02 6.4653997803e+02 6.4657299805e+02 6.4660198975e+02 6.4661700439e+02 6.4662200928e+02 6.4663299561e+02 6.4664898682e+02 6.4666601563e+02 6.4668902588e+02 6.4670697021e+02 6.4672399902e+02 6.4674902344e+02 6.4677197266e+02 6.4678002930e+02 6.4679998779e+02 6.4681500244e+02 6.4682598877e+02 6.4684600830e+02 6.4686401367e+02 6.4688098145e+02 6.4690002441e+02 6.4691998291e+02 6.4692700195e+02 6.4695098877e+02 6.4699597168e+02 6.4702600098e+02 6.4706097412e+02 6.4708898926e+02 6.4711199951e+02 6.4713800049e+02 6.4716497803e+02
6.4552398682e+02 6.4557598877e+02 6.4565698242e+02 6.4573999023e+02 6.4579901123e+02 6.4586297607e+02 6.4594299316e+02 6.4603997803e+02 6.4614202881e+02 6.4620599365e+02 6.4626098633e+02 6.4632397461e+02 6.4637597656e+02 6.4641699219e+02 6.4644598389e+02 6.4646899414e+02 6.4649401855e+02 6.4652600098e+02 6.4654400635e+02 6.4655603027e+02 6.4658001709e+02 6.4660101318e+02 6.4661401367e+02 6.4664099121e+02 6.4666699219e+02 6.4668798828e+02 6.4671600342e+02 6.4673400879e+02 6.4674298096e+02 6.4677301025e+02 6.4678601074e+02 6.4679400635e+02 6.4681701660e+02 6.4683599854e+02 6.4685601807e+02 6.4687500000e+02 6.4689099121e+02 6.4690600586e+02 6.4693701172e+02 6.4697802734e+02 6.4700299072e+02 6.4704400635e+02 6.4707501221e+02 6.4709802246e+02 6.4712200928e+02 6.4715600586e+02
