TESTSERVER/22/14.asc
NCOLS 100
NROWS 100
XLLCORNER 8.5997500000e+03
YLLCORNER 2.8925025000e+05
CELLSIZE 5.0000000000e-01
NODATA_VALUE -9.9990000000e+03
[rows 40 to 59 of 100, columns 46 to 91 of 100]
6.4471801758e+02 6.4485797119e+02 6.4501898193e+02 6.4517401123e+02 6.4532397461e+02 6.4542700195e+02 6.4555798340e+02 6.4571099854e+02 6.4583502197e+02 6.4600402832e+02 6.4614202881e+02 6.4627697754e+02 6.4645697021e+02 6.4665502930e+02 6.4684802246e+02 6.4696899414e+02 6.4702301025e+02 6.4710302734e+02 6.4714099121e+02 6.4712298584e+02 6.4709100342e+02 6.4711999512e+02 6.4715698242e+02 6.4722900391e+02 6.4732897949e+02 6.4744500732e+02 6.4748400879e+02 6.4747497559e+02 6.4746600342e+02 6.4751000977e+02 6.4756201172e+02 6.4759802246e+02 6.4762597656e+02 6.4766101074e+02 6.4769201660e+02 6.4772497559e+02 6.4776202393e+02 6.4778802490e+02 6.4781597900e+02 6.4784899902e+02 6.4787799072e+02 6.4790802002e+02 6.4793103027e+02 6.4794201660e+02 6.4796697998e+02 6.4798199463e+02
6.4466998291e+02 6.4481402588e+02 6.4496997070e+02 6.4511700439e+02 6.4526000977e+02 6.4537597656e+02 6.4551098633e+02 6.4563800049e+02 6.4575598145e+02 6.4589801025e+02 6.4605902100e+02 6.4624499512e+02 6.4644201660e+02 6.4664300537e+02 6.4680902100e+02 6.4690197754e+02 6.4694702148e+02 6.4701202393e+02 6.4704400635e+02 6.4705200195e+02 6.4707702637e+02 6.4713397217e+02 6.4718402100e+02 6.4725299072e+02 6.4737097168e+02 6.4748297119e+02 6.4754797363e+02 6.4756701660e+02 6.4754998779e+02 6.4757000732e+02 6.4760198975e+02 6.4763098145e+02 6.4765399170e+02 6.4769097900e+02 6.4772100830e+02 6.4775201416e+02 6.4779797363e+02 6.4782702637e+02 6.4784997559e+02 6.4788500977e+02 6.4791601563e+02 6.4794396973e+02 6.4797601318e+02 6.4798797607e+02 6.4800701904e+02 6.4802099609e+02
6.4461499023e+02 6.4476202393e+02 6.4491497803e+02 6.4506097412e+02 6.4520800781e+02 6.4536102295e+02 6.4553497314e+02 6.4563800049e+02 6.4569897461e+02 6.4580401611e+02 6.4594500732e+02 6.4611901855e+02 6.4631298828e+02 6.4651599121e+02 6.4667797852e+02 6.4678497314e+02 6.4685101318e+02 6.4691601563e+02 6.4695098877e+02 6.4697198486e+02 6.4703399658e+02 6.4712402344e+02 6.4719799805e+02 6.4728399658e+02 6.4740399170e+02 6.4752697754e+02 6.4761602783e+02 6.4765899658e+02 6.4765301514e+02 6.4762200928e+02 6.4762097168e+02 6.4764501953e+02 6.4766998291e+02 6.4771801758e+02 6.4774700928e+02 6.4777301025e+02 6.4781701660e+02 6.4785400391e+02 6.4788397217e+02 6.4792797852e+02 6.4796301270e+02 6.4798602295e+02 6.4801599121e+02 6.4803100586e+02 6.4804699707e+02 6.4805798340e+02
6.4455798340e+02 6.4472100830e+02 6.4487500000e+02 6.4501702881e+02 6.4516802979e+02 6.4533898926e+02 6.4553997803e+02 6.4563201904e+02 6.4564801025e+02 6.4573400879e+02 6.4584698486e+02 6.4597601318e+02 6.4613702393e+02 6.4633099365e+02 6.4650097656e+02 6.4664697266e+02 6.4677197266e+02 6.4684497070e+02 6.4688397217e+02 6.4691302490e+02 6.4698901367e+02 6.4710601807e+02 6.4720599365e+02 6.4730401611e+02 6.4742199707e+02 6.4755798340e+02 6.4767498779e+02 6.4775201416e+02 6.4777697754e+02 6.4769598389e+02 6.4764501953e+02 6.4766198730e+02 6.4769897461e+02 6.4774401855e+02 6.4777099609e+02 6.4779699707e+02 6.4783801270e+02 6.4788201904e+02 6.4791802979e+02 6.4796301270e+02 6.4800299072e+02 6.4802197266e+02 6.4804998779e+02 6.4807098389e+02 6.4808697510e+02 6.4809497070e+02
6.4449401855e+02 6.4467700195e+02 6.4483001709e+02 6.4497601318e+02 6.4511798096e+02 6.4525402832e+02 6.4541497803e+02 6.4552398682e+02 6.4559698486e+02 6.4570202637e+02 6.4580499268e+02 6.4590502930e+02 6.4601898193e+02 6.4614801025e+02 6.4632397461e+02 6.4653302002e+02 6.4675299072e+02 6.4683197021e+02 6.4688397217e+02 6.4691497803e+02 6.4698602295e+02 6.4708398438e+02 6.4719598389e+02 6.4731097412e+02 6.4743402100e+02 6.4756402588e+02 6.4770800781e+02 6.4782702637e+02 6.4791601563e+02 6.4780200195e+02 6.4768701172e+02 6.4767901611e+02 6.4773400879e+02 6.4775299072e+02 6.4777398682e+02 6.4781298828e+02 6.4786102295e+02 6.4791302490e+02 6.4795300293e+02 6.4800000000e+02 6.4803802490e+02 6.4805200195e+02 6.4807702637e+02 6.4810198975e+02 6.4812200928e+02 6.4813098145e+02
6.4444097900e+02 6.4461401367e+02 6.4477301025e+02 6.4494299316e+02 6.4509301758e+02 6.4519396973e+02 6.4531402588e+02 6.4544097900e+02 6.4556402588e+02 6.4568200684e+02 6.4577197266e+02 6.4585797119e+02 6.4595300293e+02 6.4604797363e+02 6.4617999268e+02 6.4636297607e+02 6.4656201172e+02 6.4673400879e+02 6.4685400391e+02 6.4693103027e+02 6.4697998047e+02 6.4705798340e+02 6.4716601563e+02 6.4728698730e+02 6.4740997314e+02 6.4755200195e+02 6.4770098877e+02 6.4782598877e+02 6.4793298340e+02 6.4783898926e+02 6.4770202637e+02 6.4768798828e+02 6.4774902344e+02 6.4776702881e+02 6.4779400635e+02 6.4784100342e+02 6.4789898682e+02 6.4795098877e+02 6.4799298096e+02 6.4803802490e+02 6.4806701660e+02 6.4808697510e+02 6.4810601807e+02 6.4812597656e+02 6.4814697266e+02 6.4815698242e+02
6.4438000488e+02 6.4455200195e+02 6.4471697998e+02 6.4489202881e+02 6.4505999756e+02 6.4517498779e+02 6.4527899170e+02 6.4539697266e+02 6.4552398682e+02 6.4563000488e+02 6.4571600342e+02 6.4579901123e+02 6.4588800049e+02 6.4598297119e+02 6.4608697510e+02 6.4622302246e+02 6.4637701416e+02 6.4657098389e+02 6.4672802734e+02 6.4684997559e+02 6.4693499756e+02 6.4701599121e+02 6.4712597656e+02 6.4724597168e+02 6.4736700439e+02 6.4750701904e+02 6.4765100098e+02 6.4777301025e+02 6.4788098145e+02 6.4781097412e+02 6.4769799805e+02 6.4769799805e+02 6.4776098633e+02 6.4779400635e+02 6.4783300781e+02 6.4788098145e+02 6.4792999268e+02 6.4797698975e+02 6.4802001953e+02 6.4806097412e+02 6.4809100342e+02 6.4811700439e+02 6.4813397217e+02 6.4815100098e+02 6.4816998291e+02 6.4818298340e+02
6.4429199219e+02 6.4447399902e+02 6.4465301514e+02 6.4482098389e+02 6.4499200439e+02 6.4513702393e+02 6.4525000000e+02 6.4534899902e+02 6.4545501709e+02 6.4553399658e+02 6.4562200928e+02 6.4572497559e+02 6.4582702637e+02 6.4593798828e+02 6.4603497314e+02 6.4614300537e+02 6.4625402832e+02 6.4641802979e+02 6.4657000732e+02 6.4671301270e+02 6.4685198975e+02 6.4695397949e+02 6.4706701660e+02 6.4718902588e+02 6.4730798340e+02 6.4743597412e+02 6.4757000732e+02 6.4768499756e+02 6.4777697754e+02 6.4773699951e+02 6.4767700195e+02 6.4770202637e+02 6.4776800537e+02 6.4781896973e+02 6.4786602783e+02 6.4790899658e+02 6.4794799805e+02 6.4799499512e+02 6.4804101563e+02 6.4808398438e+02 6.4811700439e+02 6.4813800049e+02 6.4815698242e+02 6.4817102051e+02 6.4819000244e+02 6.4820898438e+02
6.4419097900e+02 6.4437500000e+02 6.4456799316e+02 6.4474200439e+02 6.4490698242e+02 6.4507897949e+02 6.4522399902e+02 6.4532501221e+02 6.4540600586e+02 6.4546899414e+02 6.4556402588e+02 6.4567700195e+02 6.4577600098e+02 6.4589202881e+02 6.4598297119e+02 6.4607897949e+02 6.4619799805e+02 6.4634002686e+02 6.4644897461e+02 6.4658898926e+02 6.4677600098e+02 6.4687500000e+02 6.4699597168e+02 6.4712200928e+02 6.4725000000e+02 6.4735498047e+02 6.4746398926e+02 6.4756500244e+02 6.4763800049e+02 6.4765600586e+02 6.4766101074e+02 6.4770501709e+02 6.4777197266e+02 6.4783099365e+02 6.4787097168e+02 6.4790997314e+02 6.4795300293e+02 6.4800500488e+02 6.4805200195e+02 6.4810198975e+02 6.4813702393e+02 6.4815301514e+02 6.4817401123e+02 6.4819000244e+02 6.4821301270e+02 6.4823498535e+02
6.4408898926e+02 6.4427301025e+02 6.4446697998e+02 6.4466198730e+02 6.4483001709e+02 6.4500402832e+02 6.4517700195e+02 6.4530798340e+02 6.4536999512e+02 6.4542102051e+02 6.4551397705e+02 6.4562500000e+02 6.4571801758e+02 6.4582397461e+02 6.4591400146e+02 6.4600598145e+02 6.4610601807e+02 6.4626397705e+02 6.4636700439e+02 6.4649102783e+02 6.4666101074e+02 6.4677899170e+02 6.4690997314e+02 6.4704699707e+02 6.4717102051e+02 6.4727301025e+02 6.4736999512e+02 6.4746002197e+02 6.4755902100e+02 6.4760498047e+02 6.4763897705e+02 6.4769598389e+02 6.4776898193e+02 6.4783697510e+02 6.4788000488e+02 6.4792401123e+02 6.4796600342e+02 6.4801501465e+02 6.4805798340e+02 6.4810302734e+02 6.4813598633e+02 6.4815997314e+02 6.4818902588e+02 6.4820599365e+02 6.4823297119e+02 6.4824700928e+02
6.4396997070e+02 6.4415399170e+02 6.4434002686e+02 6.4453601074e+02 6.4472698975e+02 6.4491198730e+02 6.4508898926e+02 6.4523699951e+02 6.4532098389e+02 6.4538299561e+02 6.4545202637e+02 6.4553900146e+02 6.4562902832e+02 6.4573297119e+02 6.4583801270e+02 6.4593902588e+02 6.4602801514e+02 6.4619799805e+02 6.4633197021e+02 6.4643902588e+02 6.4656097412e+02 6.4667401123e+02 6.4680401611e+02 6.4694396973e+02 6.4707098389e+02 6.4718103027e+02 6.4728497314e+02 6.4737799072e+02 6.4748199463e+02 6.4755200195e+02 6.4760400391e+02 6.4767199707e+02 6.4774597168e+02 6.4781597900e+02 6.4786602783e+02 6.4791302490e+02 6.4795898438e+02 6.4800897217e+02 6.4805902100e+02 6.4811102295e+02 6.4814501953e+02 6.4816400146e+02 6.4819799805e+02 6.4822198486e+02 6.4824798584e+02 6.4826000977e+02
6.4383398438e+02 6.4402301025e+02 6.4420501709e+02 6.4439801025e+02 6.4459600830e+02 6.4479901123e+02 6.4498199463e+02 6.4513000488e+02 6.4523199463e+02 6.4532501221e+02 6.4538702393e+02 6.4545599365e+02 6.4553900146e+02 6.4563702393e+02 6.4575201416e+02 6.4587902832e+02 6.4601000977e+02 6.4620001221e+02 6.4633697510e+02 6.4641101074e+02 6.4647601318e+02 6.4657098389e+02 6.4669299316e+02 6.4682598877e+02 6.4695599365e+02 6.4708197021e+02 6.4719799805e+02 6.4730297852e+02 6.4740301514e+02 6.4748699951e+02 6.4756201172e+02 6.4763897705e+02 6.4771398926e+02 6.4778802490e+02 6.4784899902e+02 6.4790600586e+02 6.4795898438e+02 6.4801702881e+02 6.4807501221e+02 6.4812597656e+02 6.4815802002e+02 6.4817401123e+02 6.4820599365e+02 6.4823400879e+02 6.4825701904e+02 6.4827301025e+02
6.4370599365e+02 6.4389501953e+02 6.4408001709e+02 6.4426501465e+02 6.4446301270e+02 6.4464898682e+02 6.4483099365e+02 6.4498797607e+02 6.4511297607e+02 6.4522399902e+02 6.4530603027e+02 6.4538201904e+02 6.4547698975e+02 6.4556402588e+02 6.4566101074e+02 6.4581298828e+02 6.4600897217e+02 6.4615502930e+02 6.4625402832e+02 6.4631500244e+02 6.4638500977e+02 6.4648297119e+02 6.4659002686e+02 6.4670898438e+02 6.4682800293e+02 6.4698101807e+02 6.4711297607e+02 6.4722698975e+02 6.4733801270e+02 6.4743499756e+02 6.4752502441e+02 6.4761102295e+02 6.4768902588e+02 6.4776300049e+02 6.4784301758e+02 6.4791198730e+02 6.4796600342e+02 6.4802398682e+02 6.4808398438e+02 6.4813000488e+02 6.4816497803e+02 6.4819396973e+02 6.4821997070e+02 6.4824700928e+02 6.4826702881e+02 6.4828002930e+02
6.4359002686e+02 6.4377001953e+02 6.4394799805e+02 6.4412701416e+02 6.4432397461e+02 6.4451800537e+02 6.4469702148e+02 6.4486199951e+02 6.4500500488e+02 6.4511901855e+02 6.4521697998e+02 6.4529699707e+02 6.4538000488e+02 6.4547302246e+02 6.4558300781e+02 6.4572601318e+02 6.4589398193e+02 6.4601501465e+02 6.4610601807e+02 6.4620397949e+02 6.4631402588e+02 6.4642102051e+02 6.4652197266e+02 6.4664001465e+02 6.4677099609e+02 6.4690100098e+02 6.4702697754e+02 6.4714599609e+02 6.4726599121e+02 6.4737402344e+02 6.4746197510e+02 6.4755798340e+02 6.4765002441e+02 6.4773199463e+02 6.4782397461e+02 6.4790197754e+02 6.4795800781e+02 6.4801300049e+02 6.4806799316e+02 6.4811499023e+02 6.4816497803e+02 6.4820501709e+02 6.4822998047e+02 6.4825598145e+02 6.4827600098e+02 6.4828399658e+02
6.4346301270e+02 6.4363201904e+02 6.4380902100e+02 6.4399200439e+02 6.4417999268e+02 6.4437200928e+02 6.4455499268e+02 6.4472399902e+02 6.4487200928e+02 6.4499401855e+02 6.4511602783e+02 6.4521099854e+02 6.4528002930e+02 6.4536401367e+02 6.4549298096e+02 6.4562902832e+02 6.4574902344e+02 6.4585797119e+02 6.4596197510e+02 6.4608502197e+02 6.4621398926e+02 6.4633099365e+02 6.4645202637e+02 6.4658001709e+02 6.4670898438e+02 6.4682397461e+02 6.4694299316e+02 6.4706500244e+02 6.4718499756e+02 6.4729302979e+02 6.4739202881e+02 6.4750500488e+02 6.4760900879e+02 6.4770501709e+02 6.4780798340e+02 6.4788897705e+02 6.4794097900e+02 6.4799102783e+02 6.4804498291e+02 6.4809497070e+02 6.4815100098e+02 6.4819500732e+02 6.4822497559e+02 6.4825500488e+02 6.4827899170e+02 6.4828698730e+02
6.4333099365e+02 6.4349499512e+02 6.4367199707e+02 6.4385699463e+02 6.4403002930e+02 6.4420800781e+02 6.4440002441e+02 6.4458001709e+02 6.4473199463e+02 6.4485101318e+02 6.4498699951e+02 6.4509802246e+02 6.4517999268e+02 6.4528601074e+02 6.4541998291e+02 6.4553497314e+02 6.4563897705e+02 6.4574200439e+02 6.4583697510e+02 6.4595501709e+02 6.4608898926e+02 6.4621697998e+02 6.4636700439e+02 6.4650500488e+02 6.4662701416e+02 6.4675000000e+02 6.4687298584e+02 6.4699401855e+02 6.4710900879e+02 6.4722399902e+02 6.4733697510e+02 6.4745599365e+02 6.4755499268e+02 6.4765698242e+02 6.4776898193e+02 6.4785601807e+02 6.4791302490e+02 6.4796801758e+02 6.4802301025e+02 6.4807397461e+02 6.4812799072e+02 6.4817498779e+02 6.4820898438e+02 6.4824102783e+02 6.4827697754e+02 6.4828698730e+02
6.4319500732e+02 6.4335998535e+02 6.4352899170e+02 6.4371197510e+02 6.4389001465e+02 6.4406201172e+02 6.4425097656e+02 6.4443200684e+02 6.4458697510e+02 6.4471697998e+02 6.4485198975e+02 6.4496697998e+02 6.4507299805e+02 6.4522900391e+02 6.4535400391e+02 6.4542102051e+02 6.4551702881e+02 6.4565600586e+02 6.4574499512e+02 6.4585699463e+02 6.4597399902e+02 6.4610101318e+02 6.4626300049e+02 6.4640502930e+02 6.4652697754e+02 6.4666101074e+02 6.4679797363e+02 6.4692401123e+02 6.4704400635e+02 6.4716699219e+02 6.4728497314e+02 6.4740197754e+02 6.4751501465e+02 6.4759497070e+02 6.4769396973e+02 6.4779400635e+02 6.4788098145e+02 6.4794097900e+02 6.4799401855e+02 6.4804498291e+02 6.4811199951e+02 6.4815100098e+02 6.4818402100e+02 6.4821801758e+02 6.4826098633e+02 6.4828802490e+02
6.4304400635e+02 6.4321697998e+02 6.4338500977e+02 6.4356097412e+02 6.4373999023e+02 6.4390802002e+02 6.4409100342e+02 6.4426800537e+02 6.4442401123e+02 6.4457202148e+02 6.4471398926e+02 6.4484100342e+02 6.4496301270e+02 6.4514001465e+02 6.4525598145e+02 6.4530798340e+02 6.4540100098e+02 6.4553497314e+02 6.4562902832e+02 6.4573400879e+02 6.4585601807e+02 6.4599700928e+02 6.4614801025e+02 6.4628302002e+02 6.4642297363e+02 6.4654998779e+02 6.4668597412e+02 6.4682000732e+02 6.4696002197e+02 6.4709100342e+02 6.4721502686e+02 6.4734600830e+02 6.4746697998e+02 6.4755798340e+02 6.4764697266e+02 6.4773901367e+02 6.4782397461e+02 6.4789599609e+02 6.4795898438e+02 6.4802197266e+02 6.4808599854e+02 6.4811798096e+02 6.4814898682e+02 6.4818798828e+02 6.4823797607e+02 6.4827801514e+02
6.4288201904e+02 6.4305798340e+02 6.4322998047e+02 6.4340399170e+02 6.4358898926e+02 6.4376000977e+02 6.4393701172e+02 6.4409899902e+02 6.4424798584e+02 6.4440197754e+02 6.4454901123e+02 6.4469799805e+02 6.4484100342e+02 6.4497998047e+02 6.4508099365e+02 6.4516699219e+02 6.4527801514e+02 6.4540600586e+02 6.4550500488e+02 6.4560900879e+02 6.4573400879e+02 6.4588000488e+02 6.4602600098e+02 6.4616601563e+02 6.4631896973e+02 6.4644500732e+02 6.4658001709e+02 6.4671600342e+02 6.4686297607e+02 6.4699798584e+02 6.4712097168e+02 6.4725097656e+02 6.4737902832e+02 6.4749700928e+02 6.4759997559e+02 6.4769201660e+02 6.4777398682e+02 6.4785198975e+02 6.4791802979e+02 6.4798400879e+02 6.4805401611e+02 6.4809301758e+02 6.4813000488e+02 6.4817102051e+02 6.4821997070e+02 6.4826397705e+02
6.4272497559e+02 6.4289801025e+02 6.4307598877e+02 6.4325000000e+02 6.4344201660e+02 6.4362402344e+02 6.4379998779e+02 6.4394799805e+02 6.4408001709e+02 6.4422900391e+02 6.4439398193e+02 6.4457098389e+02 6.4473297119e+02 6.4483801270e+02 6.4492297363e+02 6.4502398682e+02 6.4514697266e+02 6.4527001953e+02 6.4537298584e+02 6.4548400879e+02 6.4561602783e+02 6.4576098633e+02 6.4590002441e+02 6.4604199219e+02 6.4621099854e+02 6.4635498047e+02 6.4649200439e+02 6.4661901855e+02 6.4675299072e+02 6.4688897705e+02 6.4701000977e+02 6.4713800049e+02 6.4727801514e+02 6.4740899658e+02 6.4752197266e+02 6.4762597656e+02 6.4771899414e+02 6.4780499268e+02 6.4787597656e+02 6.4794702148e+02 6.4802301025e+02 6.4807098389e+02 6.4811199951e+02 6.4815197754e+02 6.4819702148e+02 6.4823699951e+02
