TESTSERVER/22/14.asc
NCOLS 100
NROWS 100
XLLCORNER 8.5997500000e+03
YLLCORNER 2.8925025000e+05
CELLSIZE 5.0000000000e-01
NODATA_VALUE -9.9990000000e+03
[rows 80 to 99 of 100, columns 46 to 91 of 100]
6.3996899414e+02 6.4007598877e+02 6.4019598389e+02 6.4032098389e+02 6.4042700195e+02 6.4056201172e+02 6.4068902588e+02 6.4079998779e+02 6.4091497803e+02 6.4104199219e+02 6.4116101074e+02 6.4128100586e+02 6.4141699219e+02 6.4149798584e+02 6.4160699463e+02 6.4172399902e+02 6.4183697510e+02 6.4196697998e+02 6.4208300781e+02 6.4219598389e+02 6.4234002686e+02 6.4246197510e+02 6.4258398438e+02 6.4271801758e+02 6.4286798096e+02 6.4300897217e+02 6.4313598633e+02 6.4326702881e+02 6.4340802002e+02 6.4350701904e+02 6.4362701416e+02 6.4375500488e+02 6.4389300537e+02 6.4403198242e+02 6.4414801025e+02 6.4426202393e+02 6.4439501953e+02 6.4452001953e+02 6.4464099121e+02 6.4477600098e+02 6.4492297363e+02 6.4504498291e+02 6.4516497803e+02 6.4527899170e+02 6.4538299561e+02 6.4549298096e+02
6.3986798096e+02 6.3996600342e+02 6.4007501221e+02 6.4019201660e+02 6.4028900146e+02 6.4042498779e+02 6.4055700684e+02 6.4066601563e+02 6.4077600098e+02 6.4088397217e+02 6.4100097656e+02 6.4112200928e+02 6.4125299072e+02 6.4134100342e+02 6.4144299316e+02 6.4155700684e+02 6.4168103027e+02 6.4182202148e+02 6.4194000244e+02 6.4204400635e+02 6.4217999268e+02 6.4230401611e+02 6.4242401123e+02 6.4255999756e+02 6.4270300293e+02 6.4283099365e+02 6.4296398926e+02 6.4310601807e+02 6.4323400879e+02 6.4333801270e+02 6.4346502686e+02 6.4359899902e+02 6.4373297119e+02 6.4386700439e+02 6.4398199463e+02 6.4409899902e+02 6.4423101807e+02 6.4435498047e+02 6.4447497559e+02 6.4461102295e+02 6.4475500488e+02 6.4487298584e+02 6.4499200439e+02 6.4510400391e+02 6.4521600342e+02 6.4533898926e+02
6.3974700928e+02 6.3983898926e+02 6.3994500732e+02 6.4005798340e+02 6.4015899658e+02 6.4028802490e+02 6.4041497803e+02 6.4051599121e+02 6.4061901855e+02 6.4071697998e+02 6.4083801270e+02 6.4096398926e+02 6.4109399414e+02 6.4119201660e+02 6.4128900146e+02 6.4139801025e+02 6.4151702881e+02 6.4165502930e+02 6.4178100586e+02 6.4188897705e+02 6.4202099609e+02 6.4214398193e+02 6.4226501465e+02 6.4239501953e+02 6.4252502441e+02 6.4265399170e+02 6.4279400635e+02 6.4293103027e+02 6.4305401611e+02 6.4316699219e+02 6.4330102539e+02 6.4344201660e+02 6.4357397461e+02 6.4369897461e+02 6.4381097412e+02 6.4392602539e+02 6.4405902100e+02 6.4418597412e+02 6.4430499268e+02 6.4444201660e+02 6.4458502197e+02 6.4469799805e+02 6.4481500244e+02 6.4493597412e+02 6.4505902100e+02 6.4518402100e+02
6.3961602783e+02 6.3971301270e+02 6.3981701660e+02 6.3992700195e+02 6.4002697754e+02 6.4014501953e+02 6.4027099609e+02 6.4036700439e+02 6.4046197510e+02 6.4055499268e+02 6.4067700195e+02 6.4080297852e+02 6.4092901611e+02 6.4102697754e+02 6.4113397217e+02 6.4125000000e+02 6.4135998535e+02 6.4148901367e+02 6.4161499023e+02 6.4172900391e+02 6.4186401367e+02 6.4198199463e+02 6.4210198975e+02 6.4222100830e+02 6.4234600830e+02 6.4247802734e+02 6.4261297607e+02 6.4273999023e+02 6.4287500000e+02 6.4299597168e+02 6.4313098145e+02 6.4326800537e+02 6.4340301514e+02 6.4353002930e+02 6.4363702393e+02 6.4375598145e+02 6.4389898682e+02 6.4402398682e+02 6.4414099121e+02 6.4427600098e+02 6.4441400146e+02 6.4451898193e+02 6.4463800049e+02 6.4476702881e+02 6.4489501953e+02 6.4502197266e+02
6.3948999023e+02 6.3959802246e+02 6.3969396973e+02 6.3979199219e+02 6.3988500977e+02 6.4000598145e+02 6.4012902832e+02 6.4022998047e+02 6.4032098389e+02 6.4040698242e+02 6.4052001953e+02 6.4063702393e+02 6.4075598145e+02 6.4084600830e+02 6.4095898438e+02 6.4108001709e+02 6.4118499756e+02 6.4132598877e+02 6.4145098877e+02 6.4157702637e+02 6.4170800781e+02 6.4181500244e+02 6.4192797852e+02 6.4204400635e+02 6.4217999268e+02 6.4231500244e+02 6.4243499756e+02 6.4256201172e+02 6.4270697021e+02 6.4282098389e+02 6.4295001221e+02 6.4307800293e+02 6.4321002197e+02 6.4334997559e+02 6.4346398926e+02 6.4358898926e+02 6.4372497559e+02 6.4386199951e+02 6.4397399902e+02 6.4409997559e+02 6.4422497559e+02 6.4434997559e+02 6.4448101807e+02 6.4460699463e+02 6.4471099854e+02 6.4484197998e+02
6.3935400391e+02 6.3946099854e+02 6.3955999756e+02 6.3965698242e+02 6.3974902344e+02 6.3986199951e+02 6.3997198486e+02 6.4006701660e+02 6.4015997314e+02 6.4026000977e+02 6.4037500000e+02 6.4048199463e+02 6.4059002686e+02 6.4067700195e+02 6.4079400635e+02 6.4091302490e+02 6.4101702881e+02 6.4114398193e+02 6.4126397705e+02 6.4139300537e+02 6.4152398682e+02 6.4163000488e+02 6.4175097656e+02 6.4188000488e+02 6.4202099609e+02 6.4215502930e+02 6.4227197266e+02 6.4239599609e+02 6.4252697754e+02 6.4263000488e+02 6.4275701904e+02 6.4289099121e+02 6.4302398682e+02 6.4316802979e+02 6.4329400635e+02 6.4341998291e+02 6.4355401611e+02 6.4368402100e+02 6.4379699707e+02 6.4392199707e+02 6.4405297852e+02 6.4417901611e+02 6.4432000732e+02 6.4445001221e+02 6.4454998779e+02 6.4467498779e+02
6.3922900391e+02 6.3933099365e+02 6.3943200684e+02 6.3952099609e+02 6.3960101318e+02 6.3970800781e+02 6.3981298828e+02 6.3990502930e+02 6.4000000000e+02 6.4010101318e+02 6.4021899414e+02 6.4032202148e+02 6.4042199707e+02 6.4050201416e+02 6.4061700439e+02 6.4074298096e+02 6.4085699463e+02 6.4097698975e+02 6.4109497070e+02 6.4122198486e+02 6.4134698486e+02 6.4145300293e+02 6.4157800293e+02 6.4170697021e+02 6.4184002686e+02 6.4197698975e+02 6.4210198975e+02 6.4222900391e+02 6.4235797119e+02 6.4246899414e+02 6.4259399414e+02 6.4271697998e+02 6.4284002686e+02 6.4298297119e+02 6.4311999512e+02 6.4325299072e+02 6.4338598633e+02 6.4351702881e+02 6.4362902832e+02 6.4375799561e+02 6.4389300537e+02 6.4401202393e+02 6.4414398193e+02 6.4427197266e+02 6.4438500977e+02 6.4452398682e+02
6.3910998535e+02 6.3919799805e+02 6.3929400635e+02 6.3937597656e+02 6.3944799805e+02 6.3955499268e+02 6.3966101074e+02 6.3975500488e+02 6.3984698486e+02 6.3993798828e+02 6.4005603027e+02 6.4016302490e+02 6.4026702881e+02 6.4034301758e+02 6.4045300293e+02 6.4057897949e+02 6.4070397949e+02 6.4081701660e+02 6.4092999268e+02 6.4105499268e+02 6.4117602539e+02 6.4129302979e+02 6.4141802979e+02 6.4153698730e+02 6.4165301514e+02 6.4178900146e+02 6.4192498779e+02 6.4205603027e+02 6.4217797852e+02 6.4229498291e+02 6.4242999268e+02 6.4255499268e+02 6.4267102051e+02 6.4279998779e+02 6.4293701172e+02 6.4307800293e+02 6.4320898438e+02 6.4334301758e+02 6.4345898438e+02 6.4358898926e+02 6.4372497559e+02 6.4385101318e+02 6.4397302246e+02 6.4409301758e+02 6.4421002197e+02 6.4435498047e+02
6.3898101807e+02 6.3905700684e+02 6.3914300537e+02 6.3922399902e+02 6.3929699707e+02 6.3940399170e+02 6.3951300049e+02 6.3961102295e+02 6.3970397949e+02 6.3979699707e+02 6.3990197754e+02 6.4000500488e+02 6.4011901855e+02 6.4020501709e+02 6.4030902100e+02 6.4042401123e+02 6.4053302002e+02 6.4065399170e+02 6.4076300049e+02 6.4088201904e+02 6.4100701904e+02 6.4113299561e+02 6.4125201416e+02 6.4136199951e+02 6.4147698975e+02 6.4160601807e+02 6.4173999023e+02 6.4186700439e+02 6.4199102783e+02 6.4209399414e+02 6.4223199463e+02 6.4237597656e+02 6.4251397705e+02 6.4262799072e+02 6.4275500488e+02 6.4289398193e+02 6.4302301025e+02 6.4315997314e+02 6.4328900146e+02 6.4341699219e+02 6.4353698730e+02 6.4367700195e+02 6.4380401611e+02 6.4392602539e+02 6.4404602051e+02 6.4417901611e+02
6.3883398438e+02 6.3891400146e+02 6.3899902344e+02 6.3908099365e+02 6.3915301514e+02 6.3925402832e+02 6.3936602783e+02 6.3946502686e+02 6.3955102539e+02 6.3964398193e+02 6.3974700928e+02 6.3984802246e+02 6.3997302246e+02 6.4006298828e+02 6.4016900635e+02 6.4028002930e+02 6.4038702393e+02 6.4050299072e+02 6.4060601807e+02 6.4072198486e+02 6.4083599854e+02 6.4096099854e+02 6.4107299805e+02 6.4118402100e+02 6.4130700684e+02 6.4143298340e+02 6.4156097412e+02 6.4168499756e+02 6.4182299805e+02 6.4192797852e+02 6.4204998779e+02 6.4218499756e+02 6.4232800293e+02 6.4245501709e+02 6.4256896973e+02 6.4270397949e+02 6.4284399414e+02 6.4297399902e+02 6.4310400391e+02 6.4323699951e+02 6.4336199951e+02 6.4350897217e+02 6.4363299561e+02 6.4375598145e+02 6.4388299561e+02 6.4401599121e+02
6.3867401123e+02 6.3876300049e+02 6.3885900879e+02 6.3894799805e+02 6.3901397705e+02 6.3910699463e+02 6.3921997070e+02 6.3931500244e+02 6.3939202881e+02 6.3948101807e+02 6.3959399414e+02 6.3970599365e+02 6.3982397461e+02 6.3990301514e+02 6.4001098633e+02 6.4012597656e+02 6.4022698975e+02 6.4033197021e+02 6.4042901611e+02 6.4054797363e+02 6.4066699219e+02 6.4078900146e+02 6.4090802002e+02 6.4102801514e+02 6.4115502930e+02 6.4127502441e+02 6.4139697266e+02 6.4151599121e+02 6.4165002441e+02 6.4175897217e+02 6.4187500000e+02 6.4200402832e+02 6.4214398193e+02 6.4227301025e+02 6.4238098145e+02 6.4251000977e+02 6.4265698242e+02 6.4278997803e+02 6.4291699219e+02 6.4304998779e+02 6.4318298340e+02 6.4333398438e+02 6.4345898438e+02 6.4358697510e+02 6.4371301270e+02 6.4384002686e+02
6.3851501465e+02 6.3860998535e+02 6.3871002197e+02 6.3880102539e+02 6.3887298584e+02 6.3896899414e+02 6.3907897949e+02 6.3916699219e+02 6.3923797607e+02 6.3932000732e+02 6.3943798828e+02 6.3954901123e+02 6.3965802002e+02 6.3973797607e+02 6.3985198975e+02 6.3996697998e+02 6.4006500244e+02 6.4016900635e+02 6.4026000977e+02 6.4037200928e+02 6.4049798584e+02 6.4062597656e+02 6.4075000000e+02 6.4087200928e+02 6.4099700928e+02 6.4110900879e+02 6.4122399902e+02 6.4133697510e+02 6.4146697998e+02 6.4157702637e+02 6.4169396973e+02 6.4182299805e+02 6.4196002197e+02 6.4208801270e+02 6.4220202637e+02 6.4232897949e+02 6.4246600342e+02 6.4259997559e+02 6.4272900391e+02 6.4286297607e+02 6.4300299072e+02 6.4315002441e+02 6.4328302002e+02 6.4342102051e+02 6.4353601074e+02 6.4366699219e+02
6.3837402344e+02 6.3846502686e+02 6.3856097412e+02 6.3864501953e+02 6.3872100830e+02 6.3881701660e+02 6.3892297363e+02 6.3901397705e+02 6.3909399414e+02 6.3917498779e+02 6.3927697754e+02 6.3936999512e+02 6.3947802734e+02 6.3957598877e+02 6.3969097900e+02 6.3979901123e+02 6.3988299561e+02 6.4000299072e+02 6.4009399414e+02 6.4019702148e+02 6.4032800293e+02 6.4046398926e+02 6.4058398438e+02 6.4069500732e+02 6.4080603027e+02 6.4093902588e+02 6.4105401611e+02 6.4115698242e+02 6.4127301025e+02 6.4138702393e+02 6.4151000977e+02 6.4164001465e+02 6.4177001953e+02 6.4190301514e+02 6.4202001953e+02 6.4214599609e+02 6.4228002930e+02 6.4241302490e+02 6.4254498291e+02 6.4268298340e+02 6.4282598877e+02 6.4296099854e+02 6.4310198975e+02 6.4324798584e+02 6.4336999512e+02 6.4351202393e+02
6.3823297119e+02 6.3832000732e+02 6.3841497803e+02 6.3849597168e+02 6.3856201172e+02 6.3865197754e+02 6.3875500488e+02 6.3884997559e+02 6.3893701172e+02 6.3902801514e+02 6.3911999512e+02 6.3920697021e+02 6.3932598877e+02 6.3942102051e+02 6.3952600098e+02 6.3962298584e+02 6.3971398926e+02 6.3983197021e+02 6.3993701172e+02 6.4004602051e+02 6.4016998291e+02 6.4029602051e+02 6.4041302490e+02 6.4052697754e+02 6.4064398193e+02 6.4076300049e+02 6.4087402344e+02 6.4097698975e+02 6.4109497070e+02 6.4119201660e+02 6.4131597900e+02 6.4145098877e+02 6.4158801270e+02 6.4172998047e+02 6.4183898926e+02 6.4195898438e+02 6.4209497070e+02 6.4223199463e+02 6.4236499023e+02 6.4250701904e+02 6.4264697266e+02 6.4278497314e+02 6.4291802979e+02 6.4305999756e+02 6.4319299316e+02 6.4334197998e+02
6.3808599854e+02 6.3817297363e+02 6.3826501465e+02 6.3834802246e+02 6.3841601563e+02 6.3850598145e+02 6.3860101318e+02 6.3868701172e+02 6.3877398682e+02 6.3886102295e+02 6.3895300293e+02 6.3904998779e+02 6.3917199707e+02 6.3926000977e+02 6.3935699463e+02 6.3945098877e+02 6.3954797363e+02 6.3966497803e+02 6.3978002930e+02 6.3989801025e+02 6.4001599121e+02 6.4013000488e+02 6.4024499512e+02 6.4035699463e+02 6.4047399902e+02 6.4058300781e+02 6.4069396973e+02 6.4080200195e+02 6.4092401123e+02 6.4102600098e+02 6.4115100098e+02 6.4128698730e+02 6.4141699219e+02 6.4154602051e+02 6.4165698242e+02 6.4178497314e+02 6.4191601563e+02 6.4205798340e+02 6.4219097900e+02 6.4233502197e+02 6.4247698975e+02 6.4260900879e+02 6.4273498535e+02 6.4286798096e+02 6.4299902344e+02 6.4315100098e+02
6.3793902588e+02 6.3802197266e+02 6.3811297607e+02 6.3820202637e+02 6.3827398682e+02 6.3836401367e+02 6.3845202637e+02 6.3853002930e+02 6.3861199951e+02 6.3869396973e+02 6.3879101563e+02 6.3889501953e+02 6.3901098633e+02 6.3909301758e+02 6.3918798828e+02 6.3928302002e+02 6.3938397217e+02 6.3949700928e+02 6.3960900879e+02 6.3972601318e+02 6.3984197998e+02 6.3995001221e+02 6.4006402588e+02 6.4017498779e+02 6.4029101563e+02 6.4040197754e+02 6.4052099609e+02 6.4063098145e+02 6.4075000000e+02 6.4085900879e+02 6.4097900391e+02 6.4111102295e+02 6.4124298096e+02 6.4136102295e+02 6.4147497559e+02 6.4160699463e+02 6.4173498535e+02 6.4188000488e+02 6.4201702881e+02 6.4216302490e+02 6.4230401611e+02 6.4243200684e+02 6.4255999756e+02 6.4269097900e+02 6.4281298828e+02 6.4296398926e+02
6.3777697754e+02 6.3785699463e+02 6.3795001221e+02 6.3804101563e+02 6.3810699463e+02 6.3820300293e+02 6.3829199219e+02 6.3836999512e+02 6.3844396973e+02 6.3853302002e+02 6.3863098145e+02 6.3873297119e+02 6.3883898926e+02 6.3891497803e+02 6.3901300049e+02 6.3911700439e+02 6.3921600342e+02 6.3932501221e+02 6.3943200684e+02 6.3953698730e+02 6.3965802002e+02 6.3976599121e+02 6.3988000488e+02 6.4000000000e+02 6.4011602783e+02 6.4022998047e+02 6.4034399414e+02 6.4045501709e+02 6.4058300781e+02 6.4069702148e+02 6.4080401611e+02 6.4092297363e+02 6.4105401611e+02 6.4118200684e+02 6.4130401611e+02 6.4142700195e+02 6.4154797363e+02 6.4170697021e+02 6.4184197998e+02 6.4197698975e+02 6.4211901855e+02 6.4225701904e+02 6.4238397217e+02 6.4251202393e+02 6.4264697266e+02 6.4278497314e+02
6.3761401367e+02 6.3769702148e+02 6.3779199219e+02 6.3787701416e+02 6.3795202637e+02 6.3804400635e+02 6.3813800049e+02 6.3821502686e+02 6.3829302979e+02 6.3837799072e+02 6.3846600342e+02 6.3855700684e+02 6.3865997314e+02 6.3872900391e+02 6.3882800293e+02 6.3894097900e+02 6.3905200195e+02 6.3915997314e+02 6.3926702881e+02 6.3936602783e+02 6.3948400879e+02 6.3959301758e+02 6.3970098877e+02 6.3981298828e+02 6.3993701172e+02 6.4005700684e+02 6.4016601563e+02 6.4027502441e+02 6.4040399170e+02 6.4052197266e+02 6.4063500977e+02 6.4074700928e+02 6.4086700439e+02 6.4100598145e+02 6.4113500977e+02 6.4125598145e+02 6.4137597656e+02 6.4152801514e+02 6.4165399170e+02 6.4177899170e+02 6.4191601563e+02 6.4206298828e+02 6.4219097900e+02 6.4231500244e+02 6.4244799805e+02 6.4259997559e+02
6.3748297119e+02 6.3756701660e+02 6.3765399170e+02 6.3772998047e+02 6.3779699707e+02 6.3788299561e+02 6.3797900391e+02 6.3805902100e+02 6.3814202881e+02 6.3821398926e+02 6.3830297852e+02 6.3838897705e+02 6.3849298096e+02 6.3856896973e+02 6.3867102051e+02 6.3878002930e+02 6.3888598633e+02 6.3899200439e+02 6.3909399414e+02 6.3919299316e+02 6.3931701660e+02 6.3942999268e+02 6.3952600098e+02 6.3963397217e+02 6.3976202393e+02 6.3987701416e+02 6.3998199463e+02 6.4009197998e+02 6.4022100830e+02 6.4033502197e+02 6.4044799805e+02 6.4056500244e+02 6.4069299316e+02 6.4083599854e+02 6.4096002197e+02 6.4108502197e+02 6.4121002197e+02 6.4135198975e+02 6.4147399902e+02 6.4159399414e+02 6.4172399902e+02 6.4186297607e+02 6.4199499512e+02 6.4212701416e+02 6.4225402832e+02 6.4240100098e+02
6.3735400391e+02 6.3742700195e+02 6.3750598145e+02 6.3757598877e+02 6.3763897705e+02 6.3772302246e+02 6.3781500244e+02 6.3789599609e+02 6.3798699951e+02 6.3805499268e+02 6.3814801025e+02 6.3823199463e+02 6.3833801270e+02 6.3841998291e+02 6.3852099609e+02 6.3862402344e+02 6.3872601318e+02 6.3883398438e+02 6.3893298340e+02 6.3902899170e+02 6.3914501953e+02 6.3926397705e+02 6.3935900879e+02 6.3946997070e+02 6.3959399414e+02 6.3969396973e+02 6.3979699707e+02 6.3991400146e+02 6.4004699707e+02 6.4015802002e+02 6.4027197266e+02 6.4039398193e+02 6.4053497314e+02 6.4067602539e+02 6.4079498291e+02 6.4091699219e+02 6.4103802490e+02 6.4116802979e+02 6.4128900146e+02 6.4140997314e+02 6.4153900146e+02 6.4166802979e+02 6.4179797363e+02 6.4193701172e+02 6.4207299805e+02 6.4220898438e+02
