TESTSERVER/22/14.asc
NCOLS 100
NROWS 100
XLLCORNER 8.5997500000e+03
YLLCORNER 2.8925025000e+05
CELLSIZE 5.0000000000e-01
NODATA_VALUE -9.9990000000e+03
[rows 40 to 59 of 100, columns 0 to 45 of 100]
6.4045098877e+02 6.4045800781e+02 6.4044097900e+02 6.4042199707e+02 6.4041302490e+02 6.4041699219e+02 6.4041101074e+02 6.4040698242e+02 6.4039898682e+02 6.4035699463e+02 6.4031799316e+02 6.4030102539e+02 6.4031402588e+02 6.4037298584e+02 6.4050799561e+02 6.4059600830e+02 6.4069897461e+02 6.4080401611e+02 6.4091601563e+02 6.4100000000e+02 6.4109899902e+02 6.4119897461e+02 6.4130297852e+02 6.4141802979e+02 6.4153497314e+02 6.4165997314e+02 6.4178900146e+02 6.4192999268e+02 6.4206298828e+02 6.4219799805e+02 6.4233001709e+02 6.4245697021e+02 6.4259698486e+02 6.4274298096e+02 6.4288598633e+02 6.4305102539e+02 6.4321697998e+02 6.4339001465e+02 6.4356298828e+02 6.4372302246e+02 6.4388098145e+02 6.4403302002e+02 6.4416699219e+02 6.4428002930e+02 6.4440197754e+02 6.4457098389e+02
6.4044299316e+02 6.4044897461e+02 6.4044396973e+02 6.4042602539e+02 6.4041802979e+02 6.4042700195e+02 6.4042700195e+02 6.4041302490e+02 6.4041101074e+02 6.4040002441e+02 6.4038299561e+02 6.4036999512e+02 6.4039099121e+02 6.4044598389e+02 6.4052697754e+02 6.4061102295e+02 6.4070202637e+02 6.4079602051e+02 6.4088598633e+02 6.4097399902e+02 6.4106799316e+02 6.4116400146e+02 6.4126397705e+02 6.4137402344e+02 6.4148901367e+02 6.4161102295e+02 6.4173999023e+02 6.4187500000e+02 6.4201000977e+02 6.4214801025e+02 6.4228497314e+02 6.4241302490e+02 6.4254901123e+02 6.4268701172e+02 6.4282702637e+02 6.4297198486e+02 6.4313397217e+02 6.4330603027e+02 6.4348901367e+02 6.4366101074e+02 6.4382598877e+02 6.4398498535e+02 6.4412298584e+02 6.4423602295e+02 6.4435498047e+02 6.4451599121e+02
6.4044396973e+02 6.4044598389e+02 6.4044702148e+02 6.4043298340e+02 6.4042700195e+02 6.4043499756e+02 6.4044702148e+02 6.4043597412e+02 6.4042498779e+02 6.4042797852e+02 6.4043200684e+02 6.4041601563e+02 6.4042797852e+02 6.4046600342e+02 6.4053002930e+02 6.4060302734e+02 6.4068298340e+02 6.4076800537e+02 6.4085101318e+02 6.4093701172e+02 6.4103002930e+02 6.4112500000e+02 6.4122198486e+02 6.4133001709e+02 6.4144500732e+02 6.4156597900e+02 6.4169097900e+02 6.4182098389e+02 6.4195501709e+02 6.4209399414e+02 6.4223797607e+02 6.4237298584e+02 6.4250299072e+02 6.4263500977e+02 6.4276300049e+02 6.4289697266e+02 6.4304998779e+02 6.4321502686e+02 6.4339501953e+02 6.4357598877e+02 6.4375598145e+02 6.4392498779e+02 6.4406799316e+02 6.4420202637e+02 6.4432800293e+02 6.4447302246e+02
6.4044598389e+02 6.4044598389e+02 6.4044799805e+02 6.4044299316e+02 6.4043597412e+02 6.4043597412e+02 6.4044702148e+02 6.4044097900e+02 6.4042901611e+02 6.4042999268e+02 6.4044299316e+02 6.4043902588e+02 6.4044396973e+02 6.4046801758e+02 6.4051898193e+02 6.4058697510e+02 6.4065600586e+02 6.4073199463e+02 6.4080902100e+02 6.4089501953e+02 6.4098699951e+02 6.4108001709e+02 6.4117498779e+02 6.4128302002e+02 6.4139697266e+02 6.4151702881e+02 6.4164099121e+02 6.4176800537e+02 6.4190197754e+02 6.4203997803e+02 6.4219000244e+02 6.4232897949e+02 6.4245501709e+02 6.4258001709e+02 6.4269201660e+02 6.4281298828e+02 6.4295800781e+02 6.4311602783e+02 6.4328497314e+02 6.4347497559e+02 6.4367102051e+02 6.4384197998e+02 6.4398797607e+02 6.4414202881e+02 6.4428002930e+02 6.4441998291e+02
6.4044396973e+02 6.4044299316e+02 6.4043902588e+02 6.4044299316e+02 6.4043402100e+02 6.4042498779e+02 6.4042797852e+02 6.4043103027e+02 6.4043298340e+02 6.4043701172e+02 6.4043597412e+02 6.4044201660e+02 6.4044598389e+02 6.4045599365e+02 6.4048101807e+02 6.4055700684e+02 6.4061798096e+02 6.4068798828e+02 6.4075897217e+02 6.4084301758e+02 6.4093298340e+02 6.4103002930e+02 6.4113897705e+02 6.4123602295e+02 6.4134698486e+02 6.4146301270e+02 6.4158599854e+02 6.4171899414e+02 6.4185400391e+02 6.4199401855e+02 6.4215502930e+02 6.4229602051e+02 6.4242102051e+02 6.4253198242e+02 6.4260900879e+02 6.4271801758e+02 6.4285699463e+02 6.4300799561e+02 6.4318103027e+02 6.4338598633e+02 6.4357501221e+02 6.4374200439e+02 6.4389697266e+02 6.4406298828e+02 6.4420800781e+02 6.4434600830e+02
6.4043597412e+02 6.4043298340e+02 6.4043103027e+02 6.4043798828e+02 6.4042999268e+02 6.4042199707e+02 6.4042401123e+02 6.4043103027e+02 6.4043597412e+02 6.4043798828e+02 6.4043402100e+02 6.4043902588e+02 6.4044396973e+02 6.4045001221e+02 6.4046899414e+02 6.4052502441e+02 6.4057702637e+02 6.4063897705e+02 6.4070800781e+02 6.4078698730e+02 6.4087402344e+02 6.4097399902e+02 6.4108300781e+02 6.4118798828e+02 6.4129901123e+02 6.4141400146e+02 6.4153601074e+02 6.4166802979e+02 6.4180401611e+02 6.4194799805e+02 6.4210998535e+02 6.4226202393e+02 6.4238201904e+02 6.4247998047e+02 6.4254699707e+02 6.4264501953e+02 6.4277600098e+02 6.4291699219e+02 6.4308300781e+02 6.4328002930e+02 6.4345599365e+02 6.4362799072e+02 6.4378997803e+02 6.4397497559e+02 6.4413800049e+02 6.4428002930e+02
6.4042401123e+02 6.4042199707e+02 6.4041998291e+02 6.4042999268e+02 6.4042498779e+02 6.4041900635e+02 6.4041900635e+02 6.4042401123e+02 6.4042797852e+02 6.4043499756e+02 6.4043499756e+02 6.4043499756e+02 6.4044000244e+02 6.4044598389e+02 6.4045898438e+02 6.4049798584e+02 6.4053997803e+02 6.4059100342e+02 6.4065399170e+02 6.4073199463e+02 6.4081597900e+02 6.4091198730e+02 6.4101898193e+02 6.4113000488e+02 6.4124298096e+02 6.4136102295e+02 6.4148101807e+02 6.4160998535e+02 6.4174902344e+02 6.4189501953e+02 6.4205798340e+02 6.4220001221e+02 6.4231097412e+02 6.4240197754e+02 6.4247399902e+02 6.4257702637e+02 6.4270697021e+02 6.4284100342e+02 6.4299102783e+02 6.4316400146e+02 6.4334002686e+02 6.4351397705e+02 6.4367498779e+02 6.4386401367e+02 6.4403997803e+02 6.4419897461e+02
6.4041302490e+02 6.4040997314e+02 6.4040802002e+02 6.4041802979e+02 6.4041497803e+02 6.4040997314e+02 6.4040698242e+02 6.4040502930e+02 6.4040600586e+02 6.4041802979e+02 6.4042901611e+02 6.4043103027e+02 6.4043597412e+02 6.4044201660e+02 6.4044897461e+02 6.4047302246e+02 6.4050402832e+02 6.4054498291e+02 6.4059899902e+02 6.4067297363e+02 6.4075201416e+02 6.4084399414e+02 6.4094897461e+02 6.4106201172e+02 6.4117901611e+02 6.4129797363e+02 6.4141900635e+02 6.4154901123e+02 6.4168902588e+02 6.4183697510e+02 6.4199597168e+02 6.4211999512e+02 6.4222100830e+02 6.4230603027e+02 6.4238201904e+02 6.4249597168e+02 6.4263201904e+02 6.4276702881e+02 6.4290502930e+02 6.4305902100e+02 6.4322601318e+02 6.4339599609e+02 6.4355902100e+02 6.4374902344e+02 6.4393798828e+02 6.4410900879e+02
6.4040301514e+02 6.4039300537e+02 6.4037902832e+02 6.4039099121e+02 6.4039398193e+02 6.4039599609e+02 6.4039099121e+02 6.4038500977e+02 6.4038702393e+02 6.4039599609e+02 6.4040899658e+02 6.4042498779e+02 6.4043200684e+02 6.4043902588e+02 6.4044097900e+02 6.4044702148e+02 6.4046801758e+02 6.4050097656e+02 6.4054199219e+02 6.4059698486e+02 6.4066699219e+02 6.4075500488e+02 6.4084997559e+02 6.4097698975e+02 6.4110198975e+02 6.4123602295e+02 6.4138702393e+02 6.4149798584e+02 6.4163702393e+02 6.4177697754e+02 6.4192700195e+02 6.4201898193e+02 6.4209197998e+02 6.4217498779e+02 6.4228198242e+02 6.4240301514e+02 6.4254498291e+02 6.4267999268e+02 6.4281201172e+02 6.4295599365e+02 6.4311297607e+02 6.4327801514e+02 6.4344598389e+02 6.4363800049e+02 6.4383398438e+02 6.4401300049e+02
6.4038598633e+02 6.4037200928e+02 6.4036999512e+02 6.4037799072e+02 6.4037799072e+02 6.4037799072e+02 6.4037597656e+02 6.4037200928e+02 6.4037799072e+02 6.4038800049e+02 6.4039898682e+02 6.4040698242e+02 6.4041601563e+02 6.4042401123e+02 6.4042901611e+02 6.4044097900e+02 6.4045800781e+02 6.4048199463e+02 6.4051202393e+02 6.4053997803e+02 6.4058801270e+02 6.4065997314e+02 6.4076397705e+02 6.4087799072e+02 6.4100000000e+02 6.4113500977e+02 6.4128497314e+02 6.4142498779e+02 6.4155700684e+02 6.4167797852e+02 6.4179199219e+02 6.4185601807e+02 6.4192797852e+02 6.4204199219e+02 6.4219500732e+02 6.4232702637e+02 6.4246398926e+02 6.4258697510e+02 6.4271398926e+02 6.4283898926e+02 6.4299298096e+02 6.4316497803e+02 6.4333197021e+02 6.4352697754e+02 6.4371398926e+02 6.4389501953e+02
6.4036798096e+02 6.4035699463e+02 6.4035601807e+02 6.4036401367e+02 6.4036499023e+02 6.4036700439e+02 6.4036999512e+02 6.4036700439e+02 6.4036798096e+02 6.4037298584e+02 6.4038500977e+02 6.4039202881e+02 6.4040002441e+02 6.4040899658e+02 6.4041900635e+02 6.4044201660e+02 6.4046197510e+02 6.4048199463e+02 6.4049798584e+02 6.4051000977e+02 6.4053997803e+02 6.4059197998e+02 6.4068103027e+02 6.4078900146e+02 6.4089898682e+02 6.4102099609e+02 6.4116802979e+02 6.4131500244e+02 6.4144201660e+02 6.4155700684e+02 6.4165197754e+02 6.4171801758e+02 6.4181201172e+02 6.4194396973e+02 6.4209997559e+02 6.4223602295e+02 6.4237097168e+02 6.4248699951e+02 6.4261499023e+02 6.4273498535e+02 6.4287701416e+02 6.4304699707e+02 6.4321801758e+02 6.4341302490e+02 6.4358197021e+02 6.4375897217e+02
6.4035797119e+02 6.4034497070e+02 6.4034100342e+02 6.4034600830e+02 6.4034698486e+02 6.4035302734e+02 6.4036602783e+02 6.4036297607e+02 6.4035400391e+02 6.4035198975e+02 6.4036602783e+02 6.4037597656e+02 6.4038500977e+02 6.4039398193e+02 6.4040399170e+02 6.4043499756e+02 6.4046197510e+02 6.4048199463e+02 6.4049499512e+02 6.4049499512e+02 6.4050701904e+02 6.4053997803e+02 6.4060699463e+02 6.4070098877e+02 6.4079602051e+02 6.4090197754e+02 6.4103900146e+02 6.4118798828e+02 6.4130999756e+02 6.4142102051e+02 6.4151300049e+02 6.4160198975e+02 6.4171301270e+02 6.4184899902e+02 6.4199102783e+02 6.4213397217e+02 6.4227197266e+02 6.4238800049e+02 6.4252001953e+02 6.4265002441e+02 6.4278399658e+02 6.4293701172e+02 6.4310198975e+02 6.4329302979e+02 6.4345202637e+02 6.4361999512e+02
6.4034997559e+02 6.4033697510e+02 6.4033398438e+02 6.4032800293e+02 6.4031896973e+02 6.4032598877e+02 6.4034899902e+02 6.4034197998e+02 6.4033398438e+02 6.4033099365e+02 6.4034899902e+02 6.4035797119e+02 6.4036602783e+02 6.4037597656e+02 6.4039202881e+02 6.4041699219e+02 6.4044500732e+02 6.4047100830e+02 6.4048999023e+02 6.4049499512e+02 6.4049798584e+02 6.4051098633e+02 6.4054498291e+02 6.4060498047e+02 6.4066601563e+02 6.4073901367e+02 6.4081701660e+02 6.4102197266e+02 6.4115301514e+02 6.4127197266e+02 6.4138500977e+02 6.4150402832e+02 6.4162200928e+02 6.4174401855e+02 6.4187500000e+02 6.4202899170e+02 6.4216601563e+02 6.4228002930e+02 6.4241198730e+02 6.4255999756e+02 6.4269201660e+02 6.4282897949e+02 6.4297998047e+02 6.4316101074e+02 6.4333001709e+02 6.4350598145e+02
6.4033801270e+02 6.4032202148e+02 6.4031701660e+02 6.4031896973e+02 6.4029602051e+02 6.4028198242e+02 6.4030700684e+02 6.4031799316e+02 6.4032098389e+02 6.4031701660e+02 6.4031298828e+02 6.4031597900e+02 6.4033599854e+02 6.4035900879e+02 6.4036999512e+02 6.4039099121e+02 6.4041400146e+02 6.4043701172e+02 6.4046502686e+02 6.4048901367e+02 6.4050299072e+02 6.4051702881e+02 6.4053497314e+02 6.4055798340e+02 6.4057598877e+02 6.4061199951e+02 6.4071899414e+02 6.4088098145e+02 6.4101898193e+02 6.4115301514e+02 6.4128698730e+02 6.4141802979e+02 6.4153198242e+02 6.4165197754e+02 6.4179101563e+02 6.4192498779e+02 6.4205401611e+02 6.4216900635e+02 6.4230102539e+02 6.4244299316e+02 6.4257800293e+02 6.4272100830e+02 6.4287701416e+02 6.4304699707e+02 6.4321197510e+02 6.4339202881e+02
6.4031201172e+02 6.4030102539e+02 6.4029602051e+02 6.4030499268e+02 6.4029101563e+02 6.4027099609e+02 6.4028198242e+02 6.4029901123e+02 6.4030798340e+02 6.4029797363e+02 6.4027398682e+02 6.4027197266e+02 6.4029901123e+02 6.4033502197e+02 6.4034600830e+02 6.4036199951e+02 6.4038500977e+02 6.4040802002e+02 6.4043298340e+02 6.4046697998e+02 6.4049401855e+02 6.4051800537e+02 6.4053900146e+02 6.4055700684e+02 6.4056597900e+02 6.4059399414e+02 6.4068298340e+02 6.4081799316e+02 6.4094598389e+02 6.4108099365e+02 6.4122601318e+02 6.4134197998e+02 6.4143902588e+02 6.4155200195e+02 6.4169000244e+02 6.4181097412e+02 6.4193701172e+02 6.4206298828e+02 6.4220397949e+02 6.4233001709e+02 6.4245300293e+02 6.4260101318e+02 6.4276800537e+02 6.4293402100e+02 6.4309197998e+02 6.4326898193e+02
6.4027801514e+02 6.4027600098e+02 6.4027001953e+02 6.4027301025e+02 6.4028100586e+02 6.4028002930e+02 6.4027801514e+02 6.4028302002e+02 6.4028802490e+02 6.4027697754e+02 6.4025000000e+02 6.4023999023e+02 6.4026501465e+02 6.4030297852e+02 6.4031799316e+02 6.4033197021e+02 6.4035498047e+02 6.4037799072e+02 6.4039697266e+02 6.4042999268e+02 6.4046697998e+02 6.4050201416e+02 6.4053601074e+02 6.4056298828e+02 6.4057800293e+02 6.4060998535e+02 6.4068798828e+02 6.4079498291e+02 6.4091101074e+02 6.4104498291e+02 6.4120599365e+02 6.4129400635e+02 6.4134997559e+02 6.4143701172e+02 6.4157299805e+02 6.4169598389e+02 6.4181799316e+02 6.4194500732e+02 6.4209698486e+02 6.4221997070e+02 6.4234100342e+02 6.4248901367e+02 6.4265100098e+02 6.4280603027e+02 6.4296697998e+02 6.4314599609e+02
6.4025201416e+02 6.4024597168e+02 6.4023901367e+02 6.4024102783e+02 6.4024902344e+02 6.4026300049e+02 6.4026800537e+02 6.4026300049e+02 6.4026000977e+02 6.4025097656e+02 6.4023797607e+02 6.4022802734e+02 6.4024401855e+02 6.4027502441e+02 6.4029797363e+02 6.4030798340e+02 6.4032501221e+02 6.4034100342e+02 6.4034899902e+02 6.4038299561e+02 6.4042199707e+02 6.4046301270e+02 6.4050000000e+02 6.4054199219e+02 6.4057598877e+02 6.4062500000e+02 6.4070300293e+02 6.4077398682e+02 6.4088098145e+02 6.4103302002e+02 6.4121398926e+02 6.4125299072e+02 6.4125201416e+02 6.4130700684e+02 6.4144598389e+02 6.4157800293e+02 6.4169799805e+02 6.4182098389e+02 6.4196801758e+02 6.4210400391e+02 6.4223699951e+02 6.4237597656e+02 6.4251000977e+02 6.4266198730e+02 6.4283001709e+02 6.4301599121e+02
6.4023498535e+02 6.4023602295e+02 6.4023199463e+02 6.4023999023e+02 6.4023400879e+02 6.4023101807e+02 6.4023999023e+02 6.4025000000e+02 6.4024902344e+02 6.4023400879e+02 6.4022100830e+02 6.4021502686e+02 6.4023101807e+02 6.4025598145e+02 6.4027099609e+02 6.4028100586e+02 6.4029101563e+02 6.4030102539e+02 6.4031298828e+02 6.4033898926e+02 6.4037097168e+02 6.4040802002e+02 6.4044598389e+02 6.4048901367e+02 6.4053302002e+02 6.4058300781e+02 6.4064001465e+02 6.4070697021e+02 6.4082598877e+02 6.4098901367e+02 6.4112902832e+02 6.4114001465e+02 6.4111401367e+02 6.4116497803e+02 6.4130200195e+02 6.4144000244e+02 6.4156896973e+02 6.4169000244e+02 6.4182800293e+02 6.4196801758e+02 6.4210400391e+02 6.4223400879e+02 6.4237097168e+02 6.4252001953e+02 6.4268798828e+02 6.4287298584e+02
6.4023101807e+02 6.4022998047e+02 6.4020898438e+02 6.4022198486e+02 6.4023602295e+02 6.4024597168e+02 6.4024200439e+02 6.4023901367e+02 6.4023400879e+02 6.4022198486e+02 6.4021099854e+02 6.4020800781e+02 6.4021398926e+02 6.4022998047e+02 6.4024102783e+02 6.4024902344e+02 6.4025897217e+02 6.4026898193e+02 6.4028002930e+02 6.4029998779e+02 6.4032501221e+02 6.4035699463e+02 6.4039398193e+02 6.4044000244e+02 6.4048199463e+02 6.4052899170e+02 6.4058300781e+02 6.4065802002e+02 6.4077099609e+02 6.4090600586e+02 6.4100598145e+02 6.4101098633e+02 6.4099499512e+02 6.4104797363e+02 6.4116699219e+02 6.4129498291e+02 6.4142602539e+02 6.4155401611e+02 6.4169897461e+02 6.4184802246e+02 6.4197998047e+02 6.4210302734e+02 6.4224102783e+02 6.4239202881e+02 6.4255499268e+02 6.4272698975e+02
6.4017700195e+02 6.4016601563e+02 6.4015301514e+02 6.4017401123e+02 6.4021600342e+02 6.4025097656e+02 6.4024298096e+02 6.4021301270e+02 6.4020300293e+02 6.4020098877e+02 6.4019702148e+02 6.4019396973e+02 6.4019201660e+02 6.4019897461e+02 6.4020800781e+02 6.4021600342e+02 6.4022601318e+02 6.4023699951e+02 6.4024798584e+02 6.4026202393e+02 6.4028100586e+02 6.4030902100e+02 6.4034698486e+02 6.4038897705e+02 6.4042797852e+02 6.4047198486e+02 6.4053100586e+02 6.4061102295e+02 6.4070300293e+02 6.4080102539e+02 6.4086901855e+02 6.4089501953e+02 6.4090600586e+02 6.4095697021e+02 6.4105297852e+02 6.4116198730e+02 6.4127899170e+02 6.4140802002e+02 6.4155902100e+02 6.4171197510e+02 6.4184698486e+02 6.4197198486e+02 6.4211499023e+02 6.4227301025e+02 6.4243103027e+02 6.4258801270e+02
