TESTSERVER/22/15.asc
NCOLS 100
NROWS 100
XLLCORNER 8.5997500000e+03
YLLCORNER 2.8920025000e+05
CELLSIZE 5.0000000000e-01
NODATA_VALUE -9.9990000000e+03
[rows 20 to 39 of 100, columns 0 to 45 of 100]
6.3380297852e+02 6.3378802490e+02 6.3379302979e+02 6.3379998779e+02 6.3379797363e+02 6.3379797363e+02 6.3381402588e+02 6.3382598877e+02 6.3383300781e+02 6.3383697510e+02 6.3384802246e+02 6.3385797119e+02 6.3385101318e+02 6.3383502197e+02 6.3382000732e+02 6.3380700684e+02 6.3380603027e+02 6.3380297852e+02 6.3379901123e+02 6.3381097412e+02 6.3381896973e+02 6.3383599854e+02 6.3385400391e+02 6.3385601807e+02 6.3387097168e+02 6.3389202881e+02 6.3389898682e+02 6.3391601563e+02 6.3393701172e+02 6.3396002197e+02 6.3398602295e+02 6.3399902344e+02 6.3402600098e+02 6.3404498291e+02 6.3405798340e+02 6.3408898926e+02 6.3411499023e+02 6.3413800049e+02 6.3415502930e+02 6.3417901611e+02 6.3421502686e+02 6.3425500488e+02 6.3430102539e+02 6.3434197998e+02 6.3437902832e+02 6.3441601563e+02
6.3371099854e+02 6.3371197510e+02 6.3373101807e+02 6.3373602295e+02 6.3373101807e+02 6.3372802734e+02 6.3373297119e+02 6.3373999023e+02 6.3374597168e+02 6.3374902344e+02 6.3375201416e+02 6.3376000977e+02 6.3374597168e+02 6.3372900391e+02 6.3372601318e+02 6.3372302246e+02 6.3371801758e+02 6.3371197510e+02 6.3370800781e+02 6.3371801758e+02 6.3372497559e+02 6.3374200439e+02 6.3375701904e+02 6.3375201416e+02 6.3376202393e+02 6.3378100586e+02 6.3379101563e+02 6.3380798340e+02 6.3382000732e+02 6.3383801270e+02 6.3386798096e+02 6.3388702393e+02 6.3391802979e+02 6.3393597412e+02 6.3394396973e+02 6.3398101807e+02 6.3400299072e+02 6.3401599121e+02 6.3403601074e+02 6.3405603027e+02 6.3408398438e+02 6.3411798096e+02 6.3416497803e+02 6.3420001221e+02 6.3423901367e+02 6.3427697754e+02
6.3364001465e+02 6.3364801025e+02 6.3366400146e+02 6.3365899658e+02 6.3364898682e+02 6.3365002441e+02 6.3365301514e+02 6.3365899658e+02 6.3366400146e+02 6.3366601563e+02 6.3365997314e+02 6.3365600586e+02 6.3363201904e+02 6.3361102295e+02 6.3361499023e+02 6.3362097168e+02 6.3361602783e+02 6.3361602783e+02 6.3362597656e+02 6.3363500977e+02 6.3364501953e+02 6.3366198730e+02 6.3367102051e+02 6.3366400146e+02 6.3367199707e+02 6.3368902588e+02 6.3370001221e+02 6.3371197510e+02 6.3371600342e+02 6.3373297119e+02 6.3376397705e+02 6.3378100586e+02 6.3380200195e+02 6.3381799316e+02 6.3383099365e+02 6.3386700439e+02 6.3388500977e+02 6.3390002441e+02 6.3393103027e+02 6.3394897461e+02 6.3396997070e+02 6.3400000000e+02 6.3403601074e+02 6.3406097412e+02 6.3410601807e+02 6.3415100098e+02
6.3357397461e+02 6.3357202148e+02 6.3358300781e+02 6.3357897949e+02 6.3356799316e+02 6.3357501221e+02 6.3358197021e+02 6.3358697510e+02 6.3359002686e+02 6.3359002686e+02 6.3357299805e+02 6.3355499268e+02 6.3352398682e+02 6.3350000000e+02 6.3350701904e+02 6.3351397705e+02 6.3351000977e+02 6.3352099609e+02 6.3354498291e+02 6.3355603027e+02 6.3357000732e+02 6.3358502197e+02 6.3358502197e+02 6.3358300781e+02 6.3358898926e+02 6.3360198975e+02 6.3361102295e+02 6.3361901855e+02 6.3361901855e+02 6.3363500977e+02 6.3366101074e+02 6.3367199707e+02 6.3368597412e+02 6.3369702148e+02 6.3371398926e+02 6.3374298096e+02 6.3376098633e+02 6.3378302002e+02 6.3382397461e+02 6.3383502197e+02 6.3385101318e+02 6.3388500977e+02 6.3391900635e+02 6.3393597412e+02 6.3397900391e+02 6.3402502441e+02
6.3350701904e+02 6.3349499512e+02 6.3349700928e+02 6.3350598145e+02 6.3350097656e+02 6.3350897217e+02 6.3352197266e+02 6.3352197266e+02 6.3351898193e+02 6.3351501465e+02 6.3350097656e+02 6.3345697021e+02 6.3342797852e+02 6.3341198730e+02 6.3340997314e+02 6.3341101074e+02 6.3340997314e+02 6.3342999268e+02 6.3346099854e+02 6.3347100830e+02 6.3347998047e+02 6.3348999023e+02 6.3349700928e+02 6.3349700928e+02 6.3350402832e+02 6.3351000977e+02 6.3350402832e+02 6.3350097656e+02 6.3350500488e+02 6.3352301025e+02 6.3354797363e+02 6.3355902100e+02 6.3357098389e+02 6.3357897949e+02 6.3359399414e+02 6.3361297607e+02 6.3363000488e+02 6.3365802002e+02 6.3369299316e+02 6.3370697021e+02 6.3371899414e+02 6.3376397705e+02 6.3381402588e+02 6.3382397461e+02 6.3385302734e+02 6.3388201904e+02
6.3344097900e+02 6.3343902588e+02 6.3343902588e+02 6.3344201660e+02 6.3343499756e+02 6.3343902588e+02 6.3344299316e+02 6.3344702148e+02 6.3344097900e+02 6.3341601563e+02 6.3339099121e+02 6.3336199951e+02 6.3333898926e+02 6.3333001709e+02 6.3332299805e+02 6.3331799316e+02 6.3332501221e+02 6.3334698486e+02 6.3336297607e+02 6.3337597656e+02 6.3338500977e+02 6.3339801025e+02 6.3339898682e+02 6.3339398193e+02 6.3340197754e+02 6.3340502930e+02 6.3338897705e+02 6.3338000488e+02 6.3339300537e+02 6.3341302490e+02 6.3343499756e+02 6.3345397949e+02 6.3346801758e+02 6.3347198486e+02 6.3348400879e+02 6.3351000977e+02 6.3351800537e+02 6.3353302002e+02 6.3355999756e+02 6.3358001709e+02 6.3360601807e+02 6.3364501953e+02 6.3367602539e+02 6.3368798828e+02 6.3371502686e+02 6.3373901367e+02
6.3335699463e+02 6.3336199951e+02 6.3335601807e+02 6.3336102295e+02 6.3335900879e+02 6.3335998535e+02 6.3336297607e+02 6.3336999512e+02 6.3336102295e+02 6.3332598877e+02 6.3329101563e+02 6.3326898193e+02 6.3325500488e+02 6.3325097656e+02 6.3324597168e+02 6.3324597168e+02 6.3325799561e+02 6.3327301025e+02 6.3328002930e+02 6.3329199219e+02 6.3329498291e+02 6.3330603027e+02 6.3330603027e+02 6.3329998779e+02 6.3330499268e+02 6.3330297852e+02 6.3327600098e+02 6.3326800537e+02 6.3329199219e+02 6.3331201172e+02 6.3333001709e+02 6.3335400391e+02 6.3337097168e+02 6.3337500000e+02 6.3338299561e+02 6.3341101074e+02 6.3341601563e+02 6.3342102051e+02 6.3344000244e+02 6.3346502686e+02 6.3349798584e+02 6.3353100586e+02 6.3355603027e+02 6.3357397461e+02 6.3360101318e+02 6.3362097168e+02
6.3328002930e+02 6.3328399658e+02 6.3327502441e+02 6.3328601074e+02 6.3328802490e+02 6.3328698730e+02 6.3328802490e+02 6.3328698730e+02 6.3327301025e+02 6.3323999023e+02 6.3320300293e+02 6.3318701172e+02 6.3317901611e+02 6.3317498779e+02 6.3317102051e+02 6.3317700195e+02 6.3319000244e+02 6.3319897461e+02 6.3320397949e+02 6.3321301270e+02 6.3320800781e+02 6.3321301270e+02 6.3321099854e+02 6.3320800781e+02 6.3321197510e+02 6.3320599365e+02 6.3317401123e+02 6.3316900635e+02 6.3319000244e+02 6.3320397949e+02 6.3321899414e+02 6.3324401855e+02 6.3325897217e+02 6.3326501465e+02 6.3327600098e+02 6.3330401611e+02 6.3331097412e+02 6.3331402588e+02 6.3333599854e+02 6.3335400391e+02 6.3337902832e+02 6.3341198730e+02 6.3344299316e+02 6.3345800781e+02 6.3348297119e+02 6.3350500488e+02
6.3321801758e+02 6.3321697998e+02 6.3321002197e+02 6.3321600342e+02 6.3321801758e+02 6.3321502686e+02 6.3321301270e+02 6.3320501709e+02 6.3318597412e+02 6.3315197754e+02 6.3311297607e+02 6.3311798096e+02 6.3310900879e+02 6.3310101318e+02 6.3309997559e+02 6.3310699463e+02 6.3311297607e+02 6.3311999512e+02 6.3311999512e+02 6.3312097168e+02 6.3311798096e+02 6.3311999512e+02 6.3312097168e+02 6.3311401367e+02 6.3311700439e+02 6.3310900879e+02 6.3308502197e+02 6.3308502197e+02 6.3309002686e+02 6.3309100342e+02 6.3310601807e+02 6.3313201904e+02 6.3314398193e+02 6.3314801025e+02 6.3315698242e+02 6.3319000244e+02 6.3320397949e+02 6.3321197510e+02 6.3323199463e+02 6.3323999023e+02 6.3325201416e+02 6.3328399658e+02 6.3331701660e+02 6.3332598877e+02 6.3334899902e+02 6.3337902832e+02
6.3313000488e+02 6.3313000488e+02 6.3313598633e+02 6.3313299561e+02 6.3313397217e+02 6.3313500977e+02 6.3312902832e+02 6.3311700439e+02 6.3309899902e+02 6.3306896973e+02 6.3303601074e+02 6.3304199219e+02 6.3303302002e+02 6.3303601074e+02 6.3304302979e+02 6.3304302979e+02 6.3304400635e+02 6.3304302979e+02 6.3303497314e+02 6.3303399658e+02 6.3303002930e+02 6.3303100586e+02 6.3303100586e+02 6.3302301025e+02 6.3301898193e+02 6.3301397705e+02 6.3300299072e+02 6.3300402832e+02 6.3299798584e+02 6.3299700928e+02 6.3300598145e+02 6.3301501465e+02 6.3302197266e+02 6.3302899170e+02 6.3303900146e+02 6.3306799316e+02 6.3309301758e+02 6.3311199951e+02 6.3312402344e+02 6.3312200928e+02 6.3313800049e+02 6.3316900635e+02 6.3319201660e+02 6.3320800781e+02 6.3323101807e+02 6.3325201416e+02
6.3305102539e+02 6.3305798340e+02 6.3307202148e+02 6.3307000732e+02 6.3306597900e+02 6.3305999756e+02 6.3304998779e+02 6.3303802490e+02 6.3300897217e+02 6.3297900391e+02 6.3295501709e+02 6.3295800781e+02 6.3295397949e+02 6.3296197510e+02 6.3297497559e+02 6.3297601318e+02 6.3297100830e+02 6.3296301270e+02 6.3295300293e+02 6.3295300293e+02 6.3294897461e+02 6.3295001221e+02 6.3295098877e+02 6.3293798828e+02 6.3292797852e+02 6.3292700195e+02 6.3292401123e+02 6.3291497803e+02 6.3290399170e+02 6.3290502930e+02 6.3291497803e+02 6.3290997314e+02 6.3291198730e+02 6.3291802979e+02 6.3292602539e+02 6.3294396973e+02 6.3296899414e+02 6.3299499512e+02 6.3300598145e+02 6.3300299072e+02 6.3302301025e+02 6.3305401611e+02 6.3307202148e+02 6.3308898926e+02 6.3311199951e+02 6.3313000488e+02
6.3299298096e+02 6.3300598145e+02 6.3301501465e+02 6.3301800537e+02 6.3301098633e+02 6.3299499512e+02 6.3297900391e+02 6.3296502686e+02 6.3292797852e+02 6.3289898682e+02 6.3288201904e+02 6.3288598633e+02 6.3288500977e+02 6.3289398193e+02 6.3290502930e+02 6.3290197754e+02 6.3289599609e+02 6.3288500977e+02 6.3287500000e+02 6.3287597656e+02 6.3287200928e+02 6.3287200928e+02 6.3286798096e+02 6.3284997559e+02 6.3283801270e+02 6.3284002686e+02 6.3283898926e+02 6.3282897949e+02 6.3281799316e+02 6.3281597900e+02 6.3282397461e+02 6.3281201172e+02 6.3281097412e+02 6.3281298828e+02 6.3282000732e+02 6.3282897949e+02 6.3284600830e+02 6.3286798096e+02 6.3287902832e+02 6.3288397217e+02 6.3290899658e+02 6.3294299316e+02 6.3296099854e+02 6.3297497559e+02 6.3299798584e+02 6.3301702881e+02
6.3293902588e+02 6.3295501709e+02 6.3296002197e+02 6.3296099854e+02 6.3295098877e+02 6.3292797852e+02 6.3290002441e+02 6.3288397217e+02 6.3285302734e+02 6.3283001709e+02 6.3282000732e+02 6.3282000732e+02 6.3282202148e+02 6.3282897949e+02 6.3283001709e+02 6.3282501221e+02 6.3282098389e+02 6.3281597900e+02 6.3279302979e+02 6.3278900146e+02 6.3278900146e+02 6.3278900146e+02 6.3278399658e+02 6.3276599121e+02 6.3275598145e+02 6.3275701904e+02 6.3275000000e+02 6.3274597168e+02 6.3272998047e+02 6.3271899414e+02 6.3271801758e+02 6.3271600342e+02 6.3271301270e+02 6.3271197510e+02 6.3271398926e+02 6.3272601318e+02 6.3273498535e+02 6.3274700928e+02 6.3275402832e+02 6.3277197266e+02 6.3279400635e+02 6.3282098389e+02 6.3284600830e+02 6.3286199951e+02 6.3288500977e+02 6.3290899658e+02
6.3288702393e+02 6.3290100098e+02 6.3289599609e+02 6.3289202881e+02 6.3288000488e+02 6.3285498047e+02 6.3282897949e+02 6.3281701660e+02 6.3279400635e+02 6.3276702881e+02 6.3275000000e+02 6.3275701904e+02 6.3275701904e+02 6.3275000000e+02 6.3274902344e+02 6.3275000000e+02 6.3274700928e+02 6.3273901367e+02 6.3272100830e+02 6.3271197510e+02 6.3271099854e+02 6.3270800781e+02 6.3270202637e+02 6.3268902588e+02 6.3268103027e+02 6.3267401123e+02 6.3266101074e+02 6.3264801025e+02 6.3262200928e+02 6.3261499023e+02 6.3262500000e+02 6.3261602783e+02 6.3260498047e+02 6.3260198975e+02 6.3260601807e+02 6.3261700439e+02 6.3262597656e+02 6.3263397217e+02 6.3263500977e+02 6.3264898682e+02 6.3267102051e+02 6.3269396973e+02 6.3271600342e+02 6.3274597168e+02 6.3277801514e+02 6.3279797363e+02
6.3282202148e+02 6.3282897949e+02 6.3282800293e+02 6.3281799316e+02 6.3279901123e+02 6.3277398682e+02 6.3275598145e+02 6.3274401855e+02 6.3272302246e+02 6.3270202637e+02 6.3268701172e+02 6.3270202637e+02 6.3269702148e+02 6.3267999268e+02 6.3268103027e+02 6.3268499756e+02 6.3268499756e+02 6.3267401123e+02 6.3265899658e+02 6.3264898682e+02 6.3264099121e+02 6.3263201904e+02 6.3262298584e+02 6.3261499023e+02 6.3260797119e+02 6.3259197998e+02 6.3257501221e+02 6.3255700684e+02 6.3253100586e+02 6.3252502441e+02 6.3253802490e+02 6.3252801514e+02 6.3251300049e+02 6.3250000000e+02 6.3250097656e+02 6.3250701904e+02 6.3251501465e+02 6.3252301025e+02 6.3252197266e+02 6.3252899170e+02 6.3254602051e+02 6.3256500244e+02 6.3258398438e+02 6.3261901855e+02 6.3265399170e+02 6.3267297363e+02
6.3275897217e+02 6.3275701904e+02 6.3275799561e+02 6.3274298096e+02 6.3271899414e+02 6.3269598389e+02 6.3268200684e+02 6.3266699219e+02 6.3264898682e+02 6.3264001465e+02 6.3262799072e+02 6.3264300537e+02 6.3264099121e+02 6.3262701416e+02 6.3263201904e+02 6.3264099121e+02 6.3264202881e+02 6.3262200928e+02 6.3259802246e+02 6.3258599854e+02 6.3257299805e+02 6.3255700684e+02 6.3254400635e+02 6.3254199219e+02 6.3253100586e+02 6.3250500488e+02 6.3248400879e+02 6.3247601318e+02 6.3245397949e+02 6.3244396973e+02 6.3244799805e+02 6.3244201660e+02 6.3243200684e+02 6.3241400146e+02 6.3240899658e+02 6.3240899658e+02 6.3241198730e+02 6.3241998291e+02 6.3242297363e+02 6.3242199707e+02 6.3243103027e+02 6.3244500732e+02 6.3246502686e+02 6.3249401855e+02 6.3252502441e+02 6.3254400635e+02
6.3271197510e+02 6.3270300293e+02 6.3268902588e+02 6.3266699219e+02 6.3264398193e+02 6.3262799072e+02 6.3260998535e+02 6.3258697510e+02 6.3257897949e+02 6.3258099365e+02 6.3258099365e+02 6.3258099365e+02 6.3257897949e+02 6.3257397461e+02 6.3257501221e+02 6.3258697510e+02 6.3259197998e+02 6.3257098389e+02 6.3253698730e+02 6.3252001953e+02 6.3250299072e+02 6.3248101807e+02 6.3246002197e+02 6.3245800781e+02 6.3244201660e+02 6.3241101074e+02 6.3239398193e+02 6.3239697266e+02 6.3237902832e+02 6.3236199951e+02 6.3236199951e+02 6.3234997559e+02 6.3234698486e+02 6.3233197021e+02 6.3231799316e+02 6.3232397461e+02 6.3232202148e+02 6.3232800293e+02 6.3233898926e+02 6.3233300781e+02 6.3233599854e+02 6.3234899902e+02 6.3237200928e+02 6.3238299561e+02 6.3240301514e+02 6.3241998291e+02
6.3266198730e+02 6.3265301514e+02 6.3262799072e+02 6.3259399414e+02 6.3257202148e+02 6.3256201172e+02 6.3254602051e+02 6.3252398682e+02 6.3252301025e+02 6.3253100586e+02 6.3253198242e+02 6.3253002930e+02 6.3252600098e+02 6.3252301025e+02 6.3252001953e+02 6.3252301025e+02 6.3252801514e+02 6.3251501465e+02 6.3248999023e+02 6.3246502686e+02 6.3243902588e+02 6.3241101074e+02 6.3238201904e+02 6.3237200928e+02 6.3235601807e+02 6.3232897949e+02 6.3231201172e+02 6.3230902100e+02 6.3228802490e+02 6.3227301025e+02 6.3227398682e+02 6.3225897217e+02 6.3225500488e+02 6.3224401855e+02 6.3223400879e+02 6.3223999023e+02 6.3223498535e+02 6.3223101807e+02 6.3222802734e+02 6.3222497559e+02 6.3223400879e+02 6.3225402832e+02 6.3226800537e+02 6.3227001953e+02 6.3228399658e+02 6.3229998779e+02
6.3260498047e+02 6.3258697510e+02 6.3255401611e+02 6.3252301025e+02 6.3250598145e+02 6.3250097656e+02 6.3249401855e+02 6.3247998047e+02 6.3248199463e+02 6.3248797607e+02 6.3248297119e+02 6.3247900391e+02 6.3247497559e+02 6.3247100830e+02 6.3246899414e+02 6.3245697021e+02 6.3244897461e+02 6.3243798828e+02 6.3242401123e+02 6.3240100098e+02 6.3237097168e+02 6.3234301758e+02 6.3231701660e+02 6.3230200195e+02 6.3228302002e+02 6.3225799561e+02 6.3223699951e+02 6.3222802734e+02 6.3220599365e+02 6.3219097900e+02 6.3218701172e+02 6.3217297363e+02 6.3216699219e+02 6.3215301514e+02 6.3213897705e+02 6.3214300537e+02 6.3213702393e+02 6.3213000488e+02 6.3211798096e+02 6.3211297607e+02 6.3212200928e+02 6.3213800049e+02 6.3215100098e+02 6.3215698242e+02 6.3217102051e+02 6.3218701172e+02
6.3253698730e+02 6.3251000977e+02 6.3247698975e+02 6.3245599365e+02 6.3244799805e+02 6.3244598389e+02 6.3244299316e+02 6.3243902588e+02 6.3244299316e+02 6.3244201660e+02 6.3243200684e+02 6.3242797852e+02 6.3242401123e+02 6.3241998291e+02 6.3241497803e+02 6.3239697266e+02 6.3238397217e+02 6.3237097168e+02 6.3235498047e+02 6.3232897949e+02 6.3229998779e+02 6.3227502441e+02 6.3224798584e+02 6.3222802734e+02 6.3220800781e+02 6.3218701172e+02 6.3216699219e+02 6.3215997314e+02 6.3213702393e+02 6.3211499023e+02 6.3210198975e+02 6.3209100342e+02 6.3208300781e+02 6.3206402588e+02 6.3204400635e+02 6.3204400635e+02 6.3203900146e+02 6.3203302002e+02 6.3202301025e+02 6.3201800537e+02 6.3202099609e+02 6.3202801514e+02 6.3203900146e+02 6.3204602051e+02 6.3205499268e+02 6.3206597900e+02
