TESTSERVER/22/15.asc
NCOLS 100
NROWS 100
XLLCORNER 8.5997500000e+03
YLLCORNER 2.8920025000e+05
CELLSIZE 5.0000000000e-01
NODATA_VALUE -9.9990000000e+03
[rows 40 to 59 of 100, columns 46 to 91 of 100]
6.3195098877e+02 6.3197900391e+02 6.3200097656e+02 6.3201202393e+02 6.3203497314e+02 6.3208599854e+02 6.3212298584e+02 6.3215301514e+02 6.3218798828e+02 6.3221899414e+02 6.3224597168e+02 6.3227502441e+02 6.3229998779e+02 6.3232299805e+02 6.3235498047e+02 6.3238397217e+02 6.3242901611e+02 6.3247399902e+02 6.3251599121e+02 6.3255700684e+02 6.3260699463e+02 6.3264801025e+02 6.3269299316e+02 6.3273999023e+02 6.3278002930e+02 6.3283599854e+02 6.3290301514e+02 6.3297399902e+02 6.3303100586e+02 6.3308898926e+02 6.3316198730e+02 6.3323498535e+02 6.3330603027e+02 6.3337298584e+02 6.3343103027e+02 6.3349597168e+02 6.3357598877e+02 6.3366302490e+02 6.3376202393e+02 6.3385198975e+02 6.3393402100e+02 6.3401702881e+02 6.3410998535e+02 6.3419702148e+02 6.3426702881e+02 6.3436499023e+02
6.3185498047e+02 6.3189202881e+02 6.3190997314e+02 6.3191400146e+02 6.3192901611e+02 6.3197497559e+02 6.3201202393e+02 6.3204400635e+02 6.3206597900e+02 6.3209698486e+02 6.3213598633e+02 6.3216497803e+02 6.3217498779e+02 6.3219500732e+02 6.3222998047e+02 6.3225402832e+02 6.3228900146e+02 6.3232897949e+02 6.3236901855e+02 6.3240997314e+02 6.3245300293e+02 6.3248797607e+02 6.3253399658e+02 6.3258801270e+02 6.3263500977e+02 6.3269702148e+02 6.3275000000e+02 6.3280700684e+02 6.3287402344e+02 6.3293701172e+02 6.3300701904e+02 6.3306701660e+02 6.3312799072e+02 6.3319598389e+02 6.3325701904e+02 6.3332702637e+02 6.3341302490e+02 6.3349298096e+02 6.3358197021e+02 6.3367498779e+02 6.3375897217e+02 6.3383898926e+02 6.3393298340e+02 6.3402197266e+02 6.3409600830e+02 6.3418798828e+02
6.3176098633e+02 6.3179101563e+02 6.3181298828e+02 6.3181701660e+02 6.3182702637e+02 6.3186499023e+02 6.3190002441e+02 6.3193200684e+02 6.3195202637e+02 6.3197601318e+02 6.3201000977e+02 6.3203497314e+02 6.3204699707e+02 6.3206298828e+02 6.3209197998e+02 6.3211199951e+02 6.3215698242e+02 6.3219396973e+02 6.3222998047e+02 6.3227099609e+02 6.3230902100e+02 6.3233697510e+02 6.3238800049e+02 6.3245501709e+02 6.3249597168e+02 6.3255798340e+02 6.3260302734e+02 6.3264801025e+02 6.3271801758e+02 6.3278497314e+02 6.3285198975e+02 6.3290899658e+02 6.3296502686e+02 6.3303802490e+02 6.3310198975e+02 6.3316601563e+02 6.3324700928e+02 6.3332501221e+02 6.3340802002e+02 6.3349298096e+02 6.3357299805e+02 6.3365197754e+02 6.3374700928e+02 6.3384002686e+02 6.3392102051e+02 6.3401098633e+02
6.3167602539e+02 6.3170202637e+02 6.3171600342e+02 6.3171997070e+02 6.3172802734e+02 6.3176098633e+02 6.3179199219e+02 6.3181701660e+02 6.3182897949e+02 6.3184802246e+02 6.3188000488e+02 6.3190600586e+02 6.3192797852e+02 6.3193298340e+02 6.3195599365e+02 6.3197802734e+02 6.3202398682e+02 6.3205499268e+02 6.3208801270e+02 6.3213299561e+02 6.3217901611e+02 6.3220300293e+02 6.3224700928e+02 6.3231597900e+02 6.3235797119e+02 6.3241601563e+02 6.3246099854e+02 6.3250201416e+02 6.3256402588e+02 6.3263000488e+02 6.3269299316e+02 6.3274902344e+02 6.3280700684e+02 6.3288299561e+02 6.3294702148e+02 6.3300799561e+02 6.3308197021e+02 6.3316101074e+02 6.3324102783e+02 6.3332000732e+02 6.3339501953e+02 6.3346600342e+02 6.3355499268e+02 6.3364697266e+02 6.3373498535e+02 6.3382598877e+02
6.3158502197e+02 6.3161798096e+02 6.3161499023e+02 6.3160998535e+02 6.3161999512e+02 6.3166198730e+02 6.3169598389e+02 6.3171002197e+02 6.3170898438e+02 6.3172100830e+02 6.3175402832e+02 6.3177697754e+02 6.3179498291e+02 6.3179901123e+02 6.3181799316e+02 6.3184497070e+02 6.3188500977e+02 6.3192401123e+02 6.3195397949e+02 6.3199102783e+02 6.3203900146e+02 6.3208197021e+02 6.3212097168e+02 6.3217999268e+02 6.3223101807e+02 6.3227502441e+02 6.3232098389e+02 6.3236297607e+02 6.3240899658e+02 6.3247497559e+02 6.3253900146e+02 6.3259100342e+02 6.3264398193e+02 6.3271398926e+02 6.3278002930e+02 6.3284698486e+02 6.3292401123e+02 6.3300097656e+02 6.3307897949e+02 6.3315502930e+02 6.3321997070e+02 6.3328802490e+02 6.3337200928e+02 6.3346197510e+02 6.3354199219e+02 6.3363000488e+02
6.3146899414e+02 6.3150402832e+02 6.3150701904e+02 6.3150201416e+02 6.3150799561e+02 6.3153698730e+02 6.3157000732e+02 6.3158099365e+02 6.3159002686e+02 6.3160400391e+02 6.3162298584e+02 6.3163702393e+02 6.3165301514e+02 6.3165399170e+02 6.3167199707e+02 6.3170501709e+02 6.3174798584e+02 6.3178802490e+02 6.3181896973e+02 6.3184600830e+02 6.3188897705e+02 6.3194299316e+02 6.3198297119e+02 6.3202697754e+02 6.3207000732e+02 6.3211102295e+02 6.3215899658e+02 6.3221099854e+02 6.3226300049e+02 6.3231500244e+02 6.3236901855e+02 6.3241699219e+02 6.3247998047e+02 6.3254797363e+02 6.3261499023e+02 6.3268298340e+02 6.3275402832e+02 6.3283197021e+02 6.3290600586e+02 6.3297900391e+02 6.3303198242e+02 6.3309899902e+02 6.3319000244e+02 6.3328497314e+02 6.3336401367e+02 6.3344897461e+02
6.3133502197e+02 6.3136999512e+02 6.3139099121e+02 6.3139801025e+02 6.3140197754e+02 6.3141802979e+02 6.3144000244e+02 6.3144598389e+02 6.3146197510e+02 6.3148400879e+02 6.3149902344e+02 6.3150097656e+02 6.3151202393e+02 6.3151300049e+02 6.3153698730e+02 6.3157397461e+02 6.3161297607e+02 6.3164697266e+02 6.3169000244e+02 6.3171899414e+02 6.3175701904e+02 6.3181500244e+02 6.3184600830e+02 6.3187701416e+02 6.3192102051e+02 6.3196197510e+02 6.3200201416e+02 6.3205499268e+02 6.3211199951e+02 6.3215600586e+02 6.3220800781e+02 6.3226098633e+02 6.3232501221e+02 6.3238201904e+02 6.3244299316e+02 6.3250799561e+02 6.3257800293e+02 6.3266198730e+02 6.3273199463e+02 6.3280200195e+02 6.3285998535e+02 6.3293298340e+02 6.3301898193e+02 6.3310400391e+02 6.3317700195e+02 6.3325598145e+02
6.3122100830e+02 6.3124200439e+02 6.3127001953e+02 6.3128497314e+02 6.3128698730e+02 6.3130102539e+02 6.3132098389e+02 6.3133001709e+02 6.3133898926e+02 6.3135498047e+02 6.3136297607e+02 6.3135900879e+02 6.3137200928e+02 6.3138702393e+02 6.3142199707e+02 6.3145202637e+02 6.3147399902e+02 6.3151202393e+02 6.3155798340e+02 6.3158300781e+02 6.3161999512e+02 6.3168402100e+02 6.3171301270e+02 6.3173602295e+02 6.3177697754e+02 6.3181298828e+02 6.3184600830e+02 6.3189697266e+02 6.3195397949e+02 6.3199597168e+02 6.3205102539e+02 6.3210699463e+02 6.3216998291e+02 6.3222100830e+02 6.3227099609e+02 6.3233197021e+02 6.3241101074e+02 6.3250097656e+02 6.3256402588e+02 6.3263299561e+02 6.3269897461e+02 6.3276898193e+02 6.3284899902e+02 6.3292401123e+02 6.3299902344e+02 6.3307800293e+02
6.3115301514e+02 6.3115502930e+02 6.3115997314e+02 6.3116198730e+02 6.3116400146e+02 6.3117999268e+02 6.3119000244e+02 6.3119396973e+02 6.3119299316e+02 6.3120202637e+02 6.3120800781e+02 6.3122302246e+02 6.3125500488e+02 6.3128302002e+02 6.3131597900e+02 6.3132800293e+02 6.3132800293e+02 6.3137701416e+02 6.3141900635e+02 6.3143597412e+02 6.3146697998e+02 6.3153497314e+02 6.3157397461e+02 6.3159899902e+02 6.3162902832e+02 6.3166198730e+02 6.3169799805e+02 6.3175000000e+02 6.3179901123e+02 6.3184497070e+02 6.3189697266e+02 6.3194702148e+02 6.3200402832e+02 6.3205999756e+02 6.3210998535e+02 6.3217602539e+02 6.3225897217e+02 6.3233599854e+02 6.3239599609e+02 6.3245898438e+02 6.3251702881e+02 6.3259002686e+02 6.3267102051e+02 6.3275097656e+02 6.3284002686e+02 6.3291699219e+02
6.3106597900e+02 6.3106896973e+02 6.3107202148e+02 6.3106597900e+02 6.3105798340e+02 6.3106896973e+02 6.3107000732e+02 6.3106799316e+02 6.3108599854e+02 6.3109100342e+02 6.3109002686e+02 6.3110198975e+02 6.3112500000e+02 6.3115100098e+02 6.3117498779e+02 6.3119000244e+02 6.3121997070e+02 6.3125598145e+02 6.3127899170e+02 6.3128900146e+02 6.3132299805e+02 6.3138500977e+02 6.3142297363e+02 6.3144396973e+02 6.3147100830e+02 6.3150201416e+02 6.3154797363e+02 6.3160699463e+02 6.3165502930e+02 6.3170098877e+02 6.3175500488e+02 6.3180401611e+02 6.3185998535e+02 6.3190100098e+02 6.3195098877e+02 6.3202197266e+02 6.3209698486e+02 6.3215997314e+02 6.3222399902e+02 6.3228601074e+02 6.3234497070e+02 6.3240997314e+02 6.3248901367e+02 6.3257702637e+02 6.3266699219e+02 6.3274102783e+02
6.3096099854e+02 6.3096600342e+02 6.3098101807e+02 6.3097900391e+02 6.3096099854e+02 6.3097399902e+02 6.3097302246e+02 6.3096502686e+02 6.3098297119e+02 6.3098297119e+02 6.3097802734e+02 6.3098498535e+02 6.3100000000e+02 6.3102001953e+02 6.3103698730e+02 6.3104998779e+02 6.3107702637e+02 6.3110101318e+02 6.3112500000e+02 6.3115100098e+02 6.3119598389e+02 6.3123699951e+02 6.3126898193e+02 6.3129498291e+02 6.3131896973e+02 6.3134802246e+02 6.3139001465e+02 6.3144799805e+02 6.3149902344e+02 6.3155401611e+02 6.3160900879e+02 6.3165600586e+02 6.3171301270e+02 6.3174902344e+02 6.3179699707e+02 6.3186700439e+02 6.3192999268e+02 6.3198797607e+02 6.3205499268e+02 6.3211499023e+02 6.3217797852e+02 6.3223797607e+02 6.3231597900e+02 6.3240301514e+02 6.3249298096e+02 6.3257098389e+02
6.3084899902e+02 6.3085101318e+02 6.3086999512e+02 6.3087402344e+02 6.3085601807e+02 6.3086297607e+02 6.3085900879e+02 6.3084497070e+02 6.3085797119e+02 6.3085900879e+02 6.3085699463e+02 6.3086297607e+02 6.3087597656e+02 6.3089398193e+02 6.3091101074e+02 6.3091900635e+02 6.3092901611e+02 6.3095397949e+02 6.3098602295e+02 6.3102600098e+02 6.3107299805e+02 6.3109497070e+02 6.3112200928e+02 6.3115197754e+02 6.3116998291e+02 6.3120001221e+02 6.3123797607e+02 6.3128900146e+02 6.3133599854e+02 6.3139801025e+02 6.3145202637e+02 6.3149597168e+02 6.3155700684e+02 6.3160198975e+02 6.3165002441e+02 6.3171002197e+02 6.3176397705e+02 6.3182397461e+02 6.3188702393e+02 6.3194299316e+02 6.3200402832e+02 6.3206402588e+02 6.3214398193e+02 6.3222998047e+02 6.3231298828e+02 6.3239202881e+02
6.3075500488e+02 6.3075299072e+02 6.3076000977e+02 6.3076501465e+02 6.3076300049e+02 6.3074499512e+02 6.3072998047e+02 6.3071502686e+02 6.3071899414e+02 6.3073602295e+02 6.3073999023e+02 6.3074700928e+02 6.3075000000e+02 6.3076098633e+02 6.3078802490e+02 6.3080200195e+02 6.3080902100e+02 6.3083599854e+02 6.3086700439e+02 6.3090301514e+02 6.3094299316e+02 6.3096801758e+02 6.3099200439e+02 6.3101300049e+02 6.3101397705e+02 6.3104797363e+02 6.3109002686e+02 6.3113702393e+02 6.3118798828e+02 6.3123797607e+02 6.3128698730e+02 6.3133300781e+02 6.3138800049e+02 6.3144396973e+02 6.3149798584e+02 6.3155297852e+02 6.3160498047e+02 6.3166601563e+02 6.3172302246e+02 6.3177600098e+02 6.3182897949e+02 6.3188702393e+02 6.3197497559e+02 6.3206597900e+02 6.3213897705e+02 6.3220397949e+02
6.3065899658e+02 6.3065899658e+02 6.3065002441e+02 6.3064001465e+02 6.3064099121e+02 6.3063397217e+02 6.3062097168e+02 6.3060302734e+02 6.3059301758e+02 6.3059399414e+02 6.3060601807e+02 6.3063000488e+02 6.3063702393e+02 6.3063397217e+02 6.3065502930e+02 6.3066998291e+02 6.3067901611e+02 6.3070501709e+02 6.3073602295e+02 6.3076098633e+02 6.3079498291e+02 6.3082299805e+02 6.3083697510e+02 6.3085601807e+02 6.3088098145e+02 6.3091198730e+02 6.3094702148e+02 6.3099499512e+02 6.3104101563e+02 6.3108001709e+02 6.3112402344e+02 6.3117401123e+02 6.3123400879e+02 6.3129400635e+02 6.3134997559e+02 6.3139599609e+02 6.3144000244e+02 6.3150097656e+02 6.3155798340e+02 6.3161499023e+02 6.3167901611e+02 6.3173297119e+02 6.3180902100e+02 6.3189398193e+02 6.3196099854e+02 6.3202001953e+02
6.3055401611e+02 6.3055200195e+02 6.3053601074e+02 6.3051501465e+02 6.3051397705e+02 6.3051397705e+02 6.3050897217e+02 6.3049401855e+02 6.3048999023e+02 6.3047698975e+02 6.3048400879e+02 6.3050598145e+02 6.3051397705e+02 6.3050799561e+02 6.3052600098e+02 6.3054400635e+02 6.3055902100e+02 6.3058599854e+02 6.3061401367e+02 6.3063299561e+02 6.3065100098e+02 6.3066699219e+02 6.3068499756e+02 6.3070501709e+02 6.3074298096e+02 6.3078100586e+02 6.3081298828e+02 6.3085498047e+02 6.3089501953e+02 6.3092602539e+02 6.3096502686e+02 6.3101397705e+02 6.3107800293e+02 6.3113500977e+02 6.3118798828e+02 6.3123699951e+02 6.3127899170e+02 6.3133697510e+02 6.3139599609e+02 6.3145501709e+02 6.3152502441e+02 6.3158001709e+02 6.3164697266e+02 6.3171997070e+02 6.3178198242e+02 6.3184399414e+02
6.3043298340e+02 6.3042901611e+02 6.3041699219e+02 6.3039599609e+02 6.3039300537e+02 6.3039501953e+02 6.3039801025e+02 6.3038500977e+02 6.3039001465e+02 6.3037298584e+02 6.3037500000e+02 6.3038897705e+02 6.3038800049e+02 6.3038702393e+02 6.3040399170e+02 6.3042102051e+02 6.3043298340e+02 6.3046002197e+02 6.3048797607e+02 6.3050598145e+02 6.3052099609e+02 6.3053198242e+02 6.3055902100e+02 6.3058001709e+02 6.3060998535e+02 6.3065002441e+02 6.3067999268e+02 6.3071697998e+02 6.3075402832e+02 6.3078399658e+02 6.3082000732e+02 6.3086401367e+02 6.3091900635e+02 6.3096502686e+02 6.3101702881e+02 6.3107098389e+02 6.3111798096e+02 6.3117498779e+02 6.3123101807e+02 6.3128100586e+02 6.3134899902e+02 6.3140502930e+02 6.3146899414e+02 6.3153900146e+02 6.3160302734e+02 6.3167700195e+02
6.3030999756e+02 6.3030999756e+02 6.3029699707e+02 6.3027801514e+02 6.3028802490e+02 6.3029302979e+02 6.3028997803e+02 6.3027502441e+02 6.3026800537e+02 6.3024700928e+02 6.3025097656e+02 6.3026202393e+02 6.3027600098e+02 6.3028198242e+02 6.3029602051e+02 6.3031097412e+02 6.3032598877e+02 6.3033099365e+02 6.3035498047e+02 6.3037200928e+02 6.3039001465e+02 6.3041198730e+02 6.3043902588e+02 6.3046697998e+02 6.3049597168e+02 6.3051300049e+02 6.3053900146e+02 6.3057702637e+02 6.3061401367e+02 6.3064898682e+02 6.3068798828e+02 6.3072601318e+02 6.3076898193e+02 6.3080499268e+02 6.3085101318e+02 6.3089898682e+02 6.3094097900e+02 6.3099597168e+02 6.3105603027e+02 6.3110797119e+02 6.3116699219e+02 6.3122601318e+02 6.3129302979e+02 6.3136499023e+02 6.3143103027e+02 6.3149902344e+02
6.3022601318e+02 6.3021697998e+02 6.3019598389e+02 6.3017199707e+02 6.3017700195e+02 6.3018103027e+02 6.3016302490e+02 6.3013702393e+02 6.3012799072e+02 6.3012500000e+02 6.3013800049e+02 6.3015399170e+02 6.3017199707e+02 6.3017199707e+02 6.3018298340e+02 6.3019799805e+02 6.3021197510e+02 6.3021801758e+02 6.3023699951e+02 6.3024700928e+02 6.3026501465e+02 6.3029498291e+02 6.3031298828e+02 6.3033801270e+02 6.3036798096e+02 6.3038500977e+02 6.3040301514e+02 6.3043597412e+02 6.3047100830e+02 6.3050500488e+02 6.3053198242e+02 6.3055902100e+02 6.3059698486e+02 6.3064300537e+02 6.3069598389e+02 6.3074499512e+02 6.3078399658e+02 6.3083898926e+02 6.3090100098e+02 6.3095800781e+02 6.3101599121e+02 6.3106402588e+02 6.3112200928e+02 6.3118798828e+02 6.3125299072e+02 6.3131799316e+02
6.3013299561e+02 6.3010900879e+02 6.3008300781e+02 6.3005603027e+02 6.3005401611e+02 6.3005401611e+02 6.3004199219e+02 6.3002301025e+02 6.3001800537e+02 6.3002001953e+02 6.3003100586e+02 6.3004302979e+02 6.3005401611e+02 6.3005700684e+02 6.3007202148e+02 6.3008001709e+02 6.3008599854e+02 6.3009197998e+02 6.3011297607e+02 6.3012298584e+02 6.3013500977e+02 6.3016699219e+02 6.3018499756e+02 6.3020300293e+02 6.3022601318e+02 6.3024499512e+02 6.3026202393e+02 6.3028601074e+02 6.3031701660e+02 6.3035302734e+02 6.3037402344e+02 6.3039398193e+02 6.3043298340e+02 6.3047900391e+02 6.3053100586e+02 6.3058001709e+02 6.3062200928e+02 6.3067498779e+02 6.3073297119e+02 6.3078802490e+02 6.3084997559e+02 6.3089898682e+02 6.3095800781e+02 6.3102197266e+02 6.3108197021e+02 6.3114202881e+02
6.3004199219e+02 6.3001000977e+02 6.2998101807e+02 6.2995300293e+02 6.2994097900e+02 6.2993902588e+02 6.2993402100e+02 6.2992700195e+02 6.2992498779e+02 6.2991998291e+02 6.2991900635e+02 6.2992199707e+02 6.2992700195e+02 6.2993597412e+02 6.2995098877e+02 6.2995599365e+02 6.2995898438e+02 6.2996502686e+02 6.2998498535e+02 6.2999597168e+02 6.3000500488e+02 6.3003399658e+02 6.3004498291e+02 6.3005499268e+02 6.3007397461e+02 6.3009899902e+02 6.3011999512e+02 6.3013897705e+02 6.3016101074e+02 6.3020501709e+02 6.3023699951e+02 6.3026202393e+02 6.3029602051e+02 6.3033197021e+02 6.3037298584e+02 6.3042102051e+02 6.3046502686e+02 6.3050897217e+02 6.3056298828e+02 6.3061999512e+02 6.3068798828e+02 6.3073999023e+02 6.3079699707e+02 6.3085797119e+02 6.3091601563e+02 6.3097399902e+02
