TESTSERVER/22/16.asc
NCOLS 100
NROWS 100
XLLCORNER 8.5997500000e+03
YLLCORNER 2.8915025000e+05
CELLSIZE 5.0000000000e-01
NODATA_VALUE -9.9990000000e+03
[rows 80 to 99 of 100, columns 0 to 45 of 100]
6.0469299316e+02 6.0475897217e+02 6.0484600830e+02 6.0494500732e+02 6.0501098633e+02 6.0509600830e+02 6.0520599365e+02 6.0530102539e+02 6.0540997314e+02 6.0552600098e+02 6.0562902832e+02 6.0573999023e+02 6.0583001709e+02 6.0590997314e+02 6.0598199463e+02 6.0607702637e+02 6.0618499756e+02 6.0629400635e+02 6.0639801025e+02 6.0650402832e+02 6.0660198975e+02 6.0669897461e+02 6.0679302979e+02 6.0688702393e+02 6.0702899170e+02 6.0719000244e+02 6.0736700439e+02 6.0754901123e+02 6.0778002930e+02 6.0800701904e+02 6.0819201660e+02 6.0832800293e+02 6.0841998291e+02 6.0848901367e+02 6.0859802246e+02 6.0879901123e+02 6.0895800781e+02 6.0910101318e+02 6.0927600098e+02 6.0949298096e+02 6.0966601563e+02 6.0978802490e+02 6.0991400146e+02 6.1011901855e+02 6.1027301025e+02 6.1043597412e+02
6.0444000244e+02 6.0450097656e+02 6.0456298828e+02 6.0462799072e+02 6.0469396973e+02 6.0477697754e+02 6.0489001465e+02 6.0500701904e+02 6.0511901855e+02 6.0522802734e+02 6.0533599854e+02 6.0544201660e+02 6.0554101563e+02 6.0563800049e+02 6.0573699951e+02 6.0585601807e+02 6.0597302246e+02 6.0608697510e+02 6.0620697021e+02 6.0632702637e+02 6.0643798828e+02 6.0655102539e+02 6.0666302490e+02 6.0678802490e+02 6.0693701172e+02 6.0709802246e+02 6.0726800537e+02 6.0747100830e+02 6.0773797607e+02 6.0798797607e+02 6.0811798096e+02 6.0824200439e+02 6.0834002686e+02 6.0842102051e+02 6.0852502441e+02 6.0872601318e+02 6.0890802002e+02 6.0906799316e+02 6.0925097656e+02 6.0943402100e+02 6.0955902100e+02 6.0970898438e+02 6.0990502930e+02 6.1010601807e+02 6.1027099609e+02 6.1043701172e+02
6.0415399170e+02 6.0421899414e+02 6.0426300049e+02 6.0430297852e+02 6.0439300537e+02 6.0450201416e+02 6.0460400391e+02 6.0472601318e+02 6.0484197998e+02 6.0495202637e+02 6.0506097412e+02 6.0517401123e+02 6.0528100586e+02 6.0538897705e+02 6.0550897217e+02 6.0564801025e+02 6.0577600098e+02 6.0590301514e+02 6.0603302002e+02 6.0616400146e+02 6.0628802490e+02 6.0641101074e+02 6.0653601074e+02 6.0667700195e+02 6.0682702637e+02 6.0698400879e+02 6.0713098145e+02 6.0729602051e+02 6.0754901123e+02 6.0780200195e+02 6.0794396973e+02 6.0809100342e+02 6.0823498535e+02 6.0835900879e+02 6.0845800781e+02 6.0863897705e+02 6.0884002686e+02 6.0903002930e+02 6.0919598389e+02 6.0934997559e+02 6.0948602295e+02 6.0966101074e+02 6.0988500977e+02 6.1009698486e+02 6.1027001953e+02 6.1044299316e+02
6.0385900879e+02 6.0392700195e+02 6.0397302246e+02 6.0400500488e+02 6.0411102295e+02 6.0424298096e+02 6.0433801270e+02 6.0445898438e+02 6.0458099365e+02 6.0469598389e+02 6.0481298828e+02 6.0493402100e+02 6.0504699707e+02 6.0516497803e+02 6.0530297852e+02 6.0546002197e+02 6.0559997559e+02 6.0573797607e+02 6.0587701416e+02 6.0601702881e+02 6.0615100098e+02 6.0628198242e+02 6.0640899658e+02 6.0655200195e+02 6.0670098877e+02 6.0685101318e+02 6.0698199463e+02 6.0711602783e+02 6.0734497070e+02 6.0759197998e+02 6.0776202393e+02 6.0795001221e+02 6.0814898682e+02 6.0831799316e+02 6.0840301514e+02 6.0855102539e+02 6.0877502441e+02 6.0901397705e+02 6.0918298340e+02 6.0934497070e+02 6.0949798584e+02 6.0966101074e+02 6.0984698486e+02 6.1005297852e+02 6.1023400879e+02 6.1041900635e+02
6.0357202148e+02 6.0364300537e+02 6.0370599365e+02 6.0376000977e+02 6.0383801270e+02 6.0394702148e+02 6.0404797363e+02 6.0420300293e+02 6.0433300781e+02 6.0446002197e+02 6.0459899902e+02 6.0472198486e+02 6.0484497070e+02 6.0497100830e+02 6.0512298584e+02 6.0528698730e+02 6.0543798828e+02 6.0559002686e+02 6.0574102783e+02 6.0588098145e+02 6.0601898193e+02 6.0615399170e+02 6.0627502441e+02 6.0641101074e+02 6.0655700684e+02 6.0671197510e+02 6.0686199951e+02 6.0699798584e+02 6.0722497559e+02 6.0747302246e+02 6.0766601563e+02 6.0785797119e+02 6.0808502197e+02 6.0828802490e+02 6.0837597656e+02 6.0848199463e+02 6.0870501709e+02 6.0896600342e+02 6.0917102051e+02 6.0936199951e+02 6.0949700928e+02 6.0964697266e+02 6.0983300781e+02 6.1001300049e+02 6.1020001221e+02 6.1040002441e+02
6.0332000732e+02 6.0338000488e+02 6.0345697021e+02 6.0351702881e+02 6.0358099365e+02 6.0368402100e+02 6.0383099365e+02 6.0398199463e+02 6.0410998535e+02 6.0424597168e+02 6.0440997314e+02 6.0455499268e+02 6.0469000244e+02 6.0482501221e+02 6.0496997070e+02 6.0512701416e+02 6.0528497314e+02 6.0544500732e+02 6.0560498047e+02 6.0575097656e+02 6.0589202881e+02 6.0603198242e+02 6.0617401123e+02 6.0629602051e+02 6.0643402100e+02 6.0659899902e+02 6.0673797607e+02 6.0689801025e+02 6.0713897705e+02 6.0738098145e+02 6.0754400635e+02 6.0772802734e+02 6.0797601318e+02 6.0820697021e+02 6.0829602051e+02 6.0841601563e+02 6.0864099121e+02 6.0889801025e+02 6.0911700439e+02 6.0930200195e+02 6.0945800781e+02 6.0960900879e+02 6.0979901123e+02 6.0998602295e+02 6.1017498779e+02 6.1039898682e+02
6.0309301758e+02 6.0315502930e+02 6.0322998047e+02 6.0329400635e+02 6.0336999512e+02 6.0346801758e+02 6.0362402344e+02 6.0378601074e+02 6.0393200684e+02 6.0408502197e+02 6.0425299072e+02 6.0440997314e+02 6.0455798340e+02 6.0470202637e+02 6.0484399414e+02 6.0499700928e+02 6.0515899658e+02 6.0532202148e+02 6.0548498535e+02 6.0563500977e+02 6.0577899170e+02 6.0592297363e+02 6.0607299805e+02 6.0620501709e+02 6.0634100342e+02 6.0650097656e+02 6.0662799072e+02 6.0681402588e+02 6.0704998779e+02 6.0726300049e+02 6.0741198730e+02 6.0758502197e+02 6.0784197998e+02 6.0807397461e+02 6.0818499756e+02 6.0833197021e+02 6.0857202148e+02 6.0883898926e+02 6.0907397461e+02 6.0924798584e+02 6.0941699219e+02 6.0957598877e+02 6.0977301025e+02 6.1000500488e+02 6.1023199463e+02 6.1047399902e+02
6.0289599609e+02 6.0296997070e+02 6.0305401611e+02 6.0311700439e+02 6.0320898438e+02 6.0330999756e+02 6.0344097900e+02 6.0360198975e+02 6.0376000977e+02 6.0393103027e+02 6.0410498047e+02 6.0427099609e+02 6.0443402100e+02 6.0459002686e+02 6.0473400879e+02 6.0488702393e+02 6.0505102539e+02 6.0521502686e+02 6.0538098145e+02 6.0553302002e+02 6.0567498779e+02 6.0581597900e+02 6.0596301270e+02 6.0610699463e+02 6.0624102783e+02 6.0638897705e+02 6.0652301025e+02 6.0672802734e+02 6.0694097900e+02 6.0713500977e+02 6.0732501221e+02 6.0752099609e+02 6.0778100586e+02 6.0801000977e+02 6.0813500977e+02 6.0830200195e+02 6.0854998779e+02 6.0882098389e+02 6.0906896973e+02 6.0923199463e+02 6.0939697266e+02 6.0957299805e+02 6.0978399658e+02 6.1006896973e+02 6.1034399414e+02 6.1060400391e+02
6.0275097656e+02 6.0284301758e+02 6.0296099854e+02 6.0304498291e+02 6.0315997314e+02 6.0325897217e+02 6.0331597900e+02 6.0343499756e+02 6.0358398438e+02 6.0375000000e+02 6.0391998291e+02 6.0412298584e+02 6.0430499268e+02 6.0447698975e+02 6.0463800049e+02 6.0479797363e+02 6.0496301270e+02 6.0512500000e+02 6.0529199219e+02 6.0544500732e+02 6.0558398438e+02 6.0571899414e+02 6.0586798096e+02 6.0601599121e+02 6.0613598633e+02 6.0626501465e+02 6.0641400146e+02 6.0661999512e+02 6.0681597900e+02 6.0702502441e+02 6.0726397705e+02 6.0751501465e+02 6.0778100586e+02 6.0802600098e+02 6.0816802979e+02 6.0833300781e+02 6.0857397461e+02 6.0883001709e+02 6.0903302002e+02 6.0919702148e+02 6.0937902832e+02 6.0959997559e+02 6.0984301758e+02 6.1012701416e+02 6.1043200684e+02 6.1072601318e+02
6.0263500977e+02 6.0273602295e+02 6.0285400391e+02 6.0294799805e+02 6.0306896973e+02 6.0318902588e+02 6.0328900146e+02 6.0339398193e+02 6.0351098633e+02 6.0363702393e+02 6.0379901123e+02 6.0398602295e+02 6.0416400146e+02 6.0434197998e+02 6.0451501465e+02 6.0468798828e+02 6.0485797119e+02 6.0502398682e+02 6.0519299316e+02 6.0536297607e+02 6.0550799561e+02 6.0564001465e+02 6.0576397705e+02 6.0589099121e+02 6.0600897217e+02 6.0615100098e+02 6.0633300781e+02 6.0655102539e+02 6.0676098633e+02 6.0698602295e+02 6.0724597168e+02 6.0748999023e+02 6.0774200439e+02 6.0801300049e+02 6.0821002197e+02 6.0837597656e+02 6.0858898926e+02 6.0880798340e+02 6.0900201416e+02 6.0917901611e+02 6.0938098145e+02 6.0963397217e+02 6.0988299561e+02 6.1020001221e+02 6.1057299805e+02 6.1094201660e+02
6.0253900146e+02 6.0263500977e+02 6.0273999023e+02 6.0285601807e+02 6.0300897217e+02 6.0314398193e+02 6.0325402832e+02 6.0334100342e+02 6.0345397949e+02 6.0359399414e+02 6.0374499512e+02 6.0389501953e+02 6.0405700684e+02 6.0422802734e+02 6.0440502930e+02 6.0458398438e+02 6.0475598145e+02 6.0492498779e+02 6.0509100342e+02 6.0526098633e+02 6.0540802002e+02 6.0554199219e+02 6.0565600586e+02 6.0576800537e+02 6.0591998291e+02 6.0609802246e+02 6.0629998779e+02 6.0652697754e+02 6.0674597168e+02 6.0697100830e+02 6.0723199463e+02 6.0748901367e+02 6.0774200439e+02 6.0801501465e+02 6.0823498535e+02 6.0841497803e+02 6.0859497070e+02 6.0878900146e+02 6.0899401855e+02 6.0916998291e+02 6.0938397217e+02 6.0966998291e+02 6.1000000000e+02 6.1038500977e+02 6.1079400635e+02 6.1118798828e+02
6.0246502686e+02 6.0255700684e+02 6.0266400146e+02 6.0282000732e+02 6.0300500488e+02 6.0313299561e+02 6.0320001221e+02 6.0325598145e+02 6.0336798096e+02 6.0353698730e+02 6.0371398926e+02 6.0383300781e+02 6.0397601318e+02 6.0413500977e+02 6.0431201172e+02 6.0449597168e+02 6.0466998291e+02 6.0483898926e+02 6.0499597168e+02 6.0515502930e+02 6.0530401611e+02 6.0544201660e+02 6.0556201172e+02 6.0570098877e+02 6.0588800049e+02 6.0608898926e+02 6.0629602051e+02 6.0653601074e+02 6.0676599121e+02 6.0699401855e+02 6.0725299072e+02 6.0751202393e+02 6.0777301025e+02 6.0803601074e+02 6.0824499512e+02 6.0843597412e+02 6.0860900879e+02 6.0881799316e+02 6.0906298828e+02 6.0925402832e+02 6.0951202393e+02 6.0987298584e+02 6.1029400635e+02 6.1068597412e+02 6.1106201172e+02 6.1141198730e+02
6.0241998291e+02 6.0251501465e+02 6.0264501953e+02 6.0277899170e+02 6.0294201660e+02 6.0303997803e+02 6.0310101318e+02 6.0320202637e+02 6.0330999756e+02 6.0347399902e+02 6.0367102051e+02 6.0378802490e+02 6.0391101074e+02 6.0405902100e+02 6.0423901367e+02 6.0443103027e+02 6.0460797119e+02 6.0477197266e+02 6.0491302490e+02 6.0505700684e+02 6.0520697021e+02 6.0535998535e+02 6.0552899170e+02 6.0570202637e+02 6.0589697266e+02 6.0609002686e+02 6.0629998779e+02 6.0655603027e+02 6.0681402588e+02 6.0706402588e+02 6.0732397461e+02 6.0756799316e+02 6.0783300781e+02 6.0808300781e+02 6.0826300049e+02 6.0845001221e+02 6.0865899658e+02 6.0891900635e+02 6.0920898438e+02 6.0949902344e+02 6.0985797119e+02 6.1028399658e+02 6.1071997070e+02 6.1104400635e+02 6.1133300781e+02 6.1158801270e+02
6.0235400391e+02 6.0246099854e+02 6.0262902832e+02 6.0271002197e+02 6.0279699707e+02 6.0290301514e+02 6.0305401611e+02 6.0318499756e+02 6.0331201172e+02 6.0347698975e+02 6.0365301514e+02 6.0374597168e+02 6.0386199951e+02 6.0400598145e+02 6.0419396973e+02 6.0439898682e+02 6.0457598877e+02 6.0473400879e+02 6.0485998535e+02 6.0498297119e+02 6.0513500977e+02 6.0530200195e+02 6.0550402832e+02 6.0576599121e+02 6.0597802734e+02 6.0614697266e+02 6.0634197998e+02 6.0660400391e+02 6.0685900879e+02 6.0708898926e+02 6.0734698486e+02 6.0760998535e+02 6.0786999512e+02 6.0810998535e+02 6.0830401611e+02 6.0849499512e+02 6.0874798584e+02 6.0905902100e+02 6.0940197754e+02 6.0978698730e+02 6.1019000244e+02 6.1059698486e+02 6.1097998047e+02 6.1129797363e+02 6.1156402588e+02 6.1178802490e+02
6.0227502441e+02 6.0240399170e+02 6.0257501221e+02 6.0266601563e+02 6.0274401855e+02 6.0287298584e+02 6.0304901123e+02 6.0317901611e+02 6.0331298828e+02 6.0347100830e+02 6.0361901855e+02 6.0370800781e+02 6.0382397461e+02 6.0397198486e+02 6.0416497803e+02 6.0437200928e+02 6.0454498291e+02 6.0470001221e+02 6.0481896973e+02 6.0494000244e+02 6.0509301758e+02 6.0526300049e+02 6.0548400879e+02 6.0578698730e+02 6.0600299072e+02 6.0615997314e+02 6.0635797119e+02 6.0663098145e+02 6.0688702393e+02 6.0710699463e+02 6.0735699463e+02 6.0764599609e+02 6.0790802002e+02 6.0813500977e+02 6.0832598877e+02 6.0853198242e+02 6.0882098389e+02 6.0918298340e+02 6.0958398438e+02 6.0999597168e+02 6.1040802002e+02 6.1080999756e+02 6.1116400146e+02 6.1146197510e+02 6.1172100830e+02 6.1193402100e+02
6.0220697021e+02 6.0234997559e+02 6.0248297119e+02 6.0261297607e+02 6.0272497559e+02 6.0285797119e+02 6.0300598145e+02 6.0313897705e+02 6.0328601074e+02 6.0344702148e+02 6.0358398438e+02 6.0367700195e+02 6.0379901123e+02 6.0395599365e+02 6.0415301514e+02 6.0435198975e+02 6.0452099609e+02 6.0467199707e+02 6.0479199219e+02 6.0491900635e+02 6.0507397461e+02 6.0524597168e+02 6.0545397949e+02 6.0572900391e+02 6.0595300293e+02 6.0613500977e+02 6.0636901855e+02 6.0665600586e+02 6.0692999268e+02 6.0716699219e+02 6.0740802002e+02 6.0771002197e+02 6.0796899414e+02 6.0817401123e+02 6.0836102295e+02 6.0858697510e+02 6.0890698242e+02 6.0930902100e+02 6.0974700928e+02 6.1016302490e+02 6.1057098389e+02 6.1095800781e+02 6.1128198242e+02 6.1157000732e+02 6.1183398438e+02 6.1205499268e+02
6.0215502930e+02 6.0230798340e+02 6.0241601563e+02 6.0253399658e+02 6.0267498779e+02 6.0283502197e+02 6.0295898438e+02 6.0308099365e+02 6.0324401855e+02 6.0342999268e+02 6.0355102539e+02 6.0365502930e+02 6.0378997803e+02 6.0396002197e+02 6.0415399170e+02 6.0432897949e+02 6.0448999023e+02 6.0463800049e+02 6.0477899170e+02 6.0492297363e+02 6.0508197021e+02 6.0525402832e+02 6.0544097900e+02 6.0566802979e+02 6.0591900635e+02 6.0615802002e+02 6.0643701172e+02 6.0672698975e+02 6.0701599121e+02 6.0728100586e+02 6.0751501465e+02 6.0777502441e+02 6.0802099609e+02 6.0822601318e+02 6.0841900635e+02 6.0868499756e+02 6.0901898193e+02 6.0942498779e+02 6.0986102295e+02 6.1028302002e+02 6.1066497803e+02 6.1102001953e+02 6.1133197021e+02 6.1164501953e+02 6.1191900635e+02 6.1216699219e+02
6.0209802246e+02 6.0227001953e+02 6.0239398193e+02 6.0250299072e+02 6.0265197754e+02 6.0281500244e+02 6.0292999268e+02 6.0304901123e+02 6.0321002197e+02 6.0338897705e+02 6.0349298096e+02 6.0362701416e+02 6.0378100586e+02 6.0395898438e+02 6.0414501953e+02 6.0430499268e+02 6.0446301270e+02 6.0461901855e+02 6.0477001953e+02 6.0492102051e+02 6.0508697510e+02 6.0526202393e+02 6.0544598389e+02 6.0567199707e+02 6.0594396973e+02 6.0621899414e+02 6.0651702881e+02 6.0681500244e+02 6.0711199951e+02 6.0738397217e+02 6.0762200928e+02 6.0785101318e+02 6.0808502197e+02 6.0828802490e+02 6.0849798584e+02 6.0882501221e+02 6.0917602539e+02 6.0956597900e+02 6.1000598145e+02 6.1040600586e+02 6.1076501465e+02 6.1110302734e+02 6.1144500732e+02 6.1176599121e+02 6.1205102539e+02 6.1232397461e+02
6.0202099609e+02 6.0220300293e+02 6.0235400391e+02 6.0250201416e+02 6.0266497803e+02 6.0281201172e+02 6.0291400146e+02 6.0303900146e+02 6.0320300293e+02 6.0336901855e+02 6.0346899414e+02 6.0362200928e+02 6.0378900146e+02 6.0396997070e+02 6.0414300537e+02 6.0429699707e+02 6.0445898438e+02 6.0462097168e+02 6.0477899170e+02 6.0493597412e+02 6.0510900879e+02 6.0528802490e+02 6.0547399902e+02 6.0573602295e+02 6.0601702881e+02 6.0628997803e+02 6.0658001709e+02 6.0691601563e+02 6.0724298096e+02 6.0750402832e+02 6.0773400879e+02 6.0797198486e+02 6.0819500732e+02 6.0839099121e+02 6.0864398193e+02 6.0902197266e+02 6.0939501953e+02 6.0977197266e+02 6.1017797852e+02 6.1055999756e+02 6.1090301514e+02 6.1122998047e+02 6.1155798340e+02 6.1188098145e+02 6.1217999268e+02 6.1246697998e+02
6.0193798828e+02 6.0213000488e+02 6.0230200195e+02 6.0248199463e+02 6.0265698242e+02 6.0280401611e+02 6.0290899658e+02 6.0303997803e+02 6.0319299316e+02 6.0334802246e+02 6.0346801758e+02 6.0363299561e+02 6.0381097412e+02 6.0399102783e+02 6.0415100098e+02 6.0430297852e+02 6.0446997070e+02 6.0464202881e+02 6.0481201172e+02 6.0498101807e+02 6.0516198730e+02 6.0534802246e+02 6.0553698730e+02 6.0582000732e+02 6.0610699463e+02 6.0640997314e+02 6.0669598389e+02 6.0704101563e+02 6.0738000488e+02 6.0762097168e+02 6.0783898926e+02 6.0809497070e+02 6.0830798340e+02 6.0851800537e+02 6.0884698486e+02 6.0926202393e+02 6.0964898682e+02 6.1000799561e+02 6.1036102295e+02 6.1070697021e+02 6.1102801514e+02 6.1134100342e+02 6.1165502930e+02 6.1197601318e+02 6.1228399658e+02 6.1258197021e+02
