TESTSERVER/22/16.asc
NCOLS 100
NROWS 100
XLLCORNER 8.5997500000e+03
YLLCORNER 2.8915025000e+05
CELLSIZE 5.0000000000e-01
NODATA_VALUE -9.9990000000e+03
[rows 0 to 19 of 100, columns 0 to 45 of 100]
6.3054699707e+02 6.3050598145e+02 6.3048699951e+02 6.3049298096e+02 6.3053198242e+02 6.3057598877e+02 6.3059301758e+02 6.3060900879e+02 6.3066900635e+02 6.3071801758e+02 6.3069000244e+02 6.3060198975e+02 6.3049700928e+02 6.3041802979e+02 6.3034698486e+02 6.3021502686e+02 6.3003497314e+02 6.2983001709e+02 6.2965301514e+02 6.2961297607e+02 6.2958898926e+02 6.2953698730e+02 6.2949200439e+02 6.2941900635e+02 6.2928698730e+02 6.2913800049e+02 6.2904998779e+02 6.2901501465e+02 6.2897998047e+02 6.2893499756e+02 6.2888702393e+02 6.2884899902e+02 6.2880999756e+02 6.2877001953e+02 6.2871301270e+02 6.2858502197e+02 6.2839001465e+02 6.2816998291e+02 6.2796997070e+02 6.2783599854e+02 6.2770898438e+02 6.2757000732e+02 6.2743200684e+02 6.2734600830e+02 6.2729797363e+02 6.2727398682e+02
6.3052099609e+02 6.3047998047e+02 6.3045001221e+02 6.3042797852e+02 6.3041497803e+02 6.3041302490e+02 6.3039599609e+02 6.3041302490e+02 6.3050701904e+02 6.3059002686e+02 6.3055102539e+02 6.3048797607e+02 6.3043701172e+02 6.3036401367e+02 6.3025500488e+02 6.3009497070e+02 6.2986297607e+02 6.2966101074e+02 6.2957299805e+02 6.2958599854e+02 6.2956799316e+02 6.2953002930e+02 6.2950598145e+02 6.2940698242e+02 6.2924401855e+02 6.2910498047e+02 6.2904901123e+02 6.2901898193e+02 6.2899700928e+02 6.2896502686e+02 6.2890997314e+02 6.2888201904e+02 6.2885601807e+02 6.2880200195e+02 6.2869097900e+02 6.2850701904e+02 6.2828302002e+02 6.2804797363e+02 6.2783398438e+02 6.2769097900e+02 6.2753997803e+02 6.2735797119e+02 6.2720300293e+02 6.2714801025e+02 6.2713500977e+02 6.2714202881e+02
6.3046697998e+02 6.3043402100e+02 6.3038598633e+02 6.3031298828e+02 6.3024200439e+02 6.3020001221e+02 6.3016601563e+02 6.3014202881e+02 6.3021301270e+02 6.3031402588e+02 6.3033801270e+02 6.3036798096e+02 6.3037500000e+02 6.3029199219e+02 6.3013000488e+02 6.2994702148e+02 6.2973199463e+02 6.2959197998e+02 6.2957299805e+02 6.2957702637e+02 6.2955102539e+02 6.2952301025e+02 6.2949102783e+02 6.2934600830e+02 6.2917602539e+02 6.2907202148e+02 6.2904901123e+02 6.2902600098e+02 6.2901599121e+02 6.2899298096e+02 6.2894299316e+02 6.2892700195e+02 6.2887799072e+02 6.2876397705e+02 6.2859100342e+02 6.2838897705e+02 6.2816497803e+02 6.2793701172e+02 6.2772998047e+02 6.2753802490e+02 6.2730603027e+02 6.2709497070e+02 6.2698297119e+02 6.2696801758e+02 6.2698400879e+02 6.2700897217e+02
6.3034301758e+02 6.3032397461e+02 6.3026300049e+02 6.3014697266e+02 6.3003802490e+02 6.2997399902e+02 6.2993902588e+02 6.2988598633e+02 6.2991497803e+02 6.3001397705e+02 6.3010797119e+02 6.3021801758e+02 6.3026501465e+02 6.3018499756e+02 6.3000097656e+02 6.2982202148e+02 6.2965997314e+02 6.2958502197e+02 6.2959301758e+02 6.2957702637e+02 6.2954602051e+02 6.2951800537e+02 6.2945098877e+02 6.2927197266e+02 6.2912500000e+02 6.2907000732e+02 6.2907098389e+02 6.2904602051e+02 6.2902600098e+02 6.2900598145e+02 6.2897100830e+02 6.2895001221e+02 6.2885302734e+02 6.2867498779e+02 6.2846197510e+02 6.2824597168e+02 6.2802502441e+02 6.2780102539e+02 6.2756799316e+02 6.2731701660e+02 6.2707397461e+02 6.2691497803e+02 6.2687200928e+02 6.2688702393e+02 6.2690197754e+02 6.2692199707e+02
6.3009301758e+02 6.3008099365e+02 6.3004400635e+02 6.2997100830e+02 6.2986901855e+02 6.2978302002e+02 6.2971801758e+02 6.2969396973e+02 6.2969598389e+02 6.2977697754e+02 6.2995898438e+02 6.3010198975e+02 6.3014599609e+02 6.3009002686e+02 6.2998901367e+02 6.2976702881e+02 6.2963702393e+02 6.2959002686e+02 6.2959100342e+02 6.2956896973e+02 6.2954302979e+02 6.2951098633e+02 6.2941900635e+02 6.2922198486e+02 6.2911199951e+02 6.2908898926e+02 6.2909600830e+02 6.2906201172e+02 6.2902600098e+02 6.2901397705e+02 6.2899700928e+02 6.2890899658e+02 6.2877197266e+02 6.2860797119e+02 6.2844702148e+02 6.2814501953e+02 6.2785998535e+02 6.2758599854e+02 6.2730499268e+02 6.2705102539e+02 6.2694201660e+02 6.2689001465e+02 6.2684600830e+02 6.2686602783e+02 6.2686901855e+02 6.2687097168e+02
6.2977099609e+02 6.2976599121e+02 6.2979101563e+02 6.2977301025e+02 6.2971801758e+02 6.2963299561e+02 6.2953698730e+02 6.2949102783e+02 6.2948101807e+02 6.2958502197e+02 6.2989300537e+02 6.3007800293e+02 6.2999902344e+02 6.2989099121e+02 6.2983697510e+02 6.2971099854e+02 6.2960400391e+02 6.2956500244e+02 6.2956097412e+02 6.2956097412e+02 6.2954998779e+02 6.2950097656e+02 6.2936199951e+02 6.2917602539e+02 6.2910101318e+02 6.2909698486e+02 6.2908898926e+02 6.2904199219e+02 6.2902099609e+02 6.2902398682e+02 6.2895599365e+02 6.2879998779e+02 6.2867102051e+02 6.2857598877e+02 6.2834301758e+02 6.2793902588e+02 6.2758197021e+02 6.2729400635e+02 6.2706097412e+02 6.2693200684e+02 6.2694201660e+02 6.2693200684e+02 6.2688397217e+02 6.2685498047e+02 6.2684899902e+02 6.2685198975e+02
6.2944299316e+02 6.2944897461e+02 6.2950097656e+02 6.2954302979e+02 6.2953399658e+02 6.2947198486e+02 6.2935998535e+02 6.2929602051e+02 6.2927197266e+02 6.2934100342e+02 6.2960498047e+02 6.2970800781e+02 6.2958898926e+02 6.2953002930e+02 6.2959802246e+02 6.2958898926e+02 6.2957000732e+02 6.2957202148e+02 6.2954901123e+02 6.2953997803e+02 6.2952600098e+02 6.2945202637e+02 6.2929699707e+02 6.2914697266e+02 6.2909899902e+02 6.2910498047e+02 6.2908898926e+02 6.2903399658e+02 6.2901800537e+02 6.2899798584e+02 6.2886700439e+02 6.2862500000e+02 6.2845697021e+02 6.2836798096e+02 6.2809698486e+02 6.2765100098e+02 6.2730798340e+02 6.2706597900e+02 6.2693499756e+02 6.2693298340e+02 6.2695202637e+02 6.2694598389e+02 6.2693298340e+02 6.2687500000e+02 6.2683398438e+02 6.2681896973e+02
6.2909497070e+02 6.2910900879e+02 6.2918103027e+02 6.2928100586e+02 6.2932397461e+02 6.2929602051e+02 6.2918798828e+02 6.2911297607e+02 6.2906201172e+02 6.2904699707e+02 6.2915502930e+02 6.2918402100e+02 6.2912298584e+02 6.2917102051e+02 6.2933197021e+02 6.2940997314e+02 6.2948498535e+02 6.2954199219e+02 6.2952099609e+02 6.2950097656e+02 6.2947698975e+02 6.2937097168e+02 6.2921600342e+02 6.2910900879e+02 6.2906896973e+02 6.2906896973e+02 6.2905999756e+02 6.2903100586e+02 6.2901397705e+02 6.2893200684e+02 6.2872198486e+02 6.2833599854e+02 6.2807397461e+02 6.2795599365e+02 6.2773602295e+02 6.2736499023e+02 6.2709197998e+02 6.2693103027e+02 6.2690997314e+02 6.2694598389e+02 6.2694201660e+02 6.2693298340e+02 6.2695098877e+02 6.2690899658e+02 6.2684301758e+02 6.2678601074e+02
6.2874298096e+02 6.2876000977e+02 6.2883898926e+02 6.2898901367e+02 6.2908001709e+02 6.2909899902e+02 6.2904498291e+02 6.2892999268e+02 6.2885498047e+02 6.2879498291e+02 6.2880902100e+02 6.2885101318e+02 6.2886999512e+02 6.2892602539e+02 6.2903302002e+02 6.2914099121e+02 6.2923999023e+02 6.2933001709e+02 6.2936401367e+02 6.2940197754e+02 6.2940698242e+02 6.2928900146e+02 6.2912701416e+02 6.2904797363e+02 6.2899401855e+02 6.2898297119e+02 6.2897998047e+02 6.2900201416e+02 6.2896600342e+02 6.2882800293e+02 6.2855102539e+02 6.2801702881e+02 6.2766699219e+02 6.2749200439e+02 6.2733398438e+02 6.2716497803e+02 6.2702398682e+02 6.2694500732e+02 6.2693103027e+02 6.2693798828e+02 6.2694000244e+02 6.2694097900e+02 6.2694396973e+02 6.2694897461e+02 6.2690698242e+02 6.2681402588e+02
6.2840399170e+02 6.2843902588e+02 6.2853900146e+02 6.2870501709e+02 6.2881701660e+02 6.2887200928e+02 6.2885498047e+02 6.2874902344e+02 6.2864599609e+02 6.2857000732e+02 6.2854498291e+02 6.2859802246e+02 6.2864801025e+02 6.2868798828e+02 6.2873602295e+02 6.2880297852e+02 6.2889501953e+02 6.2897802734e+02 6.2901397705e+02 6.2912097168e+02 6.2922198486e+02 6.2919201660e+02 6.2909698486e+02 6.2902600098e+02 6.2896600342e+02 6.2895898438e+02 6.2896301270e+02 6.2890997314e+02 6.2877899170e+02 6.2854998779e+02 6.2816802979e+02 6.2766302490e+02 6.2735101318e+02 6.2719201660e+02 6.2718402100e+02 6.2712902832e+02 6.2704602051e+02 6.2697802734e+02 6.2692602539e+02 6.2691497803e+02 6.2692498779e+02 6.2693701172e+02 6.2693103027e+02 6.2696002197e+02 6.2694598389e+02 6.2684698486e+02
6.2808898926e+02 6.2814300537e+02 6.2825897217e+02 6.2843298340e+02 6.2855999756e+02 6.2864099121e+02 6.2866101074e+02 6.2858001709e+02 6.2846697998e+02 6.2836499023e+02 6.2830200195e+02 6.2832299805e+02 6.2837097168e+02 6.2842999268e+02 6.2848297119e+02 6.2851702881e+02 6.2858001709e+02 6.2864202881e+02 6.2867602539e+02 6.2881298828e+02 6.2897802734e+02 6.2905798340e+02 6.2907501221e+02 6.2906799316e+02 6.2903802490e+02 6.2900897217e+02 6.2894396973e+02 6.2872998047e+02 6.2849499512e+02 6.2821997070e+02 6.2783099365e+02 6.2741601563e+02 6.2715399170e+02 6.2704797363e+02 6.2710400391e+02 6.2709301758e+02 6.2702899170e+02 6.2697497559e+02 6.2692700195e+02 6.2690802002e+02 6.2691802979e+02 6.2693103027e+02 6.2693597412e+02 6.2695800781e+02 6.2689501953e+02 6.2675097656e+02
6.2780401611e+02 6.2787500000e+02 6.2799700928e+02 6.2816497803e+02 6.2829998779e+02 6.2839801025e+02 6.2843597412e+02 6.2839099121e+02 6.2829498291e+02 6.2817797852e+02 6.2807098389e+02 6.2803198242e+02 6.2805700684e+02 6.2813897705e+02 6.2821801758e+02 6.2823101807e+02 6.2827099609e+02 6.2831597900e+02 6.2835302734e+02 6.2850299072e+02 6.2869500732e+02 6.2886102295e+02 6.2899298096e+02 6.2907598877e+02 6.2906402588e+02 6.2896697998e+02 6.2879101563e+02 6.2850299072e+02 6.2826202393e+02 6.2800897217e+02 6.2761999512e+02 6.2727099609e+02 6.2707000732e+02 6.2701202393e+02 6.2707897949e+02 6.2706597900e+02 6.2701800537e+02 6.2697497559e+02 6.2693298340e+02 6.2691601563e+02 6.2692102051e+02 6.2692700195e+02 6.2693499756e+02 6.2690399170e+02 6.2675097656e+02 6.2656201172e+02
6.2756500244e+02 6.2765301514e+02 6.2777301025e+02 6.2788598633e+02 6.2801000977e+02 6.2812097168e+02 6.2821801758e+02 6.2819702148e+02 6.2812402344e+02 6.2798999023e+02 6.2782702637e+02 6.2773901367e+02 6.2773400879e+02 6.2781500244e+02 6.2791198730e+02 6.2794000244e+02 6.2797698975e+02 6.2801300049e+02 6.2803002930e+02 6.2815802002e+02 6.2834399414e+02 6.2855401611e+02 6.2878198242e+02 6.2895800781e+02 6.2890399170e+02 6.2869299316e+02 6.2840600586e+02 6.2824401855e+02 6.2807202148e+02 6.2785198975e+02 6.2749700928e+02 6.2720599365e+02 6.2706896973e+02 6.2704699707e+02 6.2711401367e+02 6.2706701660e+02 6.2702697754e+02 6.2698797607e+02 6.2695898438e+02 6.2694097900e+02 6.2693798828e+02 6.2692102051e+02 6.2689001465e+02 6.2675097656e+02 6.2656402588e+02 6.2638897705e+02
6.2733300781e+02 6.2742199707e+02 6.2750897217e+02 6.2760198975e+02 6.2770599365e+02 6.2781298828e+02 6.2793798828e+02 6.2798400879e+02 6.2794500732e+02 6.2783599854e+02 6.2767999268e+02 6.2754998779e+02 6.2749200439e+02 6.2752502441e+02 6.2760900879e+02 6.2767102051e+02 6.2773602295e+02 6.2779199219e+02 6.2782098389e+02 6.2787500000e+02 6.2799700928e+02 6.2819897461e+02 6.2853302002e+02 6.2874102783e+02 6.2864099121e+02 6.2837799072e+02 6.2815100098e+02 6.2802899170e+02 6.2787701416e+02 6.2766998291e+02 6.2739697266e+02 6.2719598389e+02 6.2708001709e+02 6.2704901123e+02 6.2708197021e+02 6.2706799316e+02 6.2703198242e+02 6.2699597168e+02 6.2696899414e+02 6.2696697998e+02 6.2693103027e+02 6.2685998535e+02 6.2675000000e+02 6.2655700684e+02 6.2638397217e+02 6.2624298096e+02
6.2707598877e+02 6.2715997314e+02 6.2723901367e+02 6.2732098389e+02 6.2741802979e+02 6.2751898193e+02 6.2763000488e+02 6.2772698975e+02 6.2774700928e+02 6.2768701172e+02 6.2756097412e+02 6.2741699219e+02 6.2732299805e+02 6.2730297852e+02 6.2733197021e+02 6.2738397217e+02 6.2746301270e+02 6.2755499268e+02 6.2762500000e+02 6.2765899658e+02 6.2772998047e+02 6.2789801025e+02 6.2820898438e+02 6.2838299561e+02 6.2829101563e+02 6.2807299805e+02 6.2791198730e+02 6.2781201172e+02 6.2769000244e+02 6.2753601074e+02 6.2733898926e+02 6.2718103027e+02 6.2707702637e+02 6.2703100586e+02 6.2703802490e+02 6.2703100586e+02 6.2700201416e+02 6.2696697998e+02 6.2694799805e+02 6.2693499756e+02 6.2686499023e+02 6.2675500488e+02 6.2660699463e+02 6.2639697266e+02 6.2622399902e+02 6.2609899902e+02
6.2680902100e+02 6.2688897705e+02 6.2696099854e+02 6.2703900146e+02 6.2713201904e+02 6.2723101807e+02 6.2731799316e+02 6.2744299316e+02 6.2752600098e+02 6.2752697754e+02 6.2744799805e+02 6.2732501221e+02 6.2723101807e+02 6.2717797852e+02 6.2714501953e+02 6.2711901855e+02 6.2714398193e+02 6.2724200439e+02 6.2736901855e+02 6.2742999268e+02 6.2747998047e+02 6.2759002686e+02 6.2779901123e+02 6.2793103027e+02 6.2787500000e+02 6.2775799561e+02 6.2768298340e+02 6.2757800293e+02 6.2748199463e+02 6.2739398193e+02 6.2729199219e+02 6.2716101074e+02 6.2705902100e+02 6.2699200439e+02 6.2697698975e+02 6.2697497559e+02 6.2694897461e+02 6.2691497803e+02 6.2688702393e+02 6.2684197998e+02 6.2674401855e+02 6.2660900879e+02 6.2645599365e+02 6.2626501465e+02 6.2610400391e+02 6.2598101807e+02
6.2653002930e+02 6.2660998535e+02 6.2671600342e+02 6.2678802490e+02 6.2687902832e+02 6.2697100830e+02 6.2707702637e+02 6.2718298340e+02 6.2729199219e+02 6.2734301758e+02 6.2731799316e+02 6.2724700928e+02 6.2719299316e+02 6.2713098145e+02 6.2706701660e+02 6.2694299316e+02 6.2686602783e+02 6.2691699219e+02 6.2705798340e+02 6.2715197754e+02 6.2720697021e+02 6.2729199219e+02 6.2744097900e+02 6.2750299072e+02 6.2747998047e+02 6.2744396973e+02 6.2742401123e+02 6.2731597900e+02 6.2723602295e+02 6.2720501709e+02 6.2723999023e+02 6.2714898682e+02 6.2702600098e+02 6.2692401123e+02 6.2693200684e+02 6.2694396973e+02 6.2691497803e+02 6.2685699463e+02 6.2676098633e+02 6.2669000244e+02 6.2657501221e+02 6.2643200684e+02 6.2628698730e+02 6.2614801025e+02 6.2601599121e+02 6.2588897705e+02
6.2624401855e+02 6.2632800293e+02 6.2643103027e+02 6.2653399658e+02 6.2662200928e+02 6.2670599365e+02 6.2680798340e+02 6.2693798828e+02 6.2702801514e+02 6.2708697510e+02 6.2710601807e+02 6.2711102295e+02 6.2709301758e+02 6.2703497314e+02 6.2694201660e+02 6.2677801514e+02 6.2668103027e+02 6.2667797852e+02 6.2671697998e+02 6.2675201416e+02 6.2681298828e+02 6.2692498779e+02 6.2709100342e+02 6.2714001465e+02 6.2702899170e+02 6.2685498047e+02 6.2674700928e+02 6.2671899414e+02 6.2673999023e+02 6.2679797363e+02 6.2686999512e+02 6.2692700195e+02 6.2689001465e+02 6.2683697510e+02 6.2682202148e+02 6.2684301758e+02 6.2680499268e+02 6.2671697998e+02 6.2658398438e+02 6.2649902344e+02 6.2639001465e+02 6.2625097656e+02 6.2613000488e+02 6.2602502441e+02 6.2590399170e+02 6.2577502441e+02
6.2594396973e+02 6.2602899170e+02 6.2613098145e+02 6.2622998047e+02 6.2631597900e+02 6.2639599609e+02 6.2648602295e+02 6.2659698486e+02 6.2669201660e+02 6.2677398682e+02 6.2684399414e+02 6.2690100098e+02 6.2691497803e+02 6.2688397217e+02 6.2679602051e+02 6.2663299561e+02 6.2655297852e+02 6.2652099609e+02 6.2648101807e+02 6.2645599365e+02 6.2646899414e+02 6.2651397705e+02 6.2661999512e+02 6.2662597656e+02 6.2642797852e+02 6.2615899658e+02 6.2600598145e+02 6.2599200439e+02 6.2604901123e+02 6.2615197754e+02 6.2627398682e+02 6.2640997314e+02 6.2648297119e+02 6.2652502441e+02 6.2653198242e+02 6.2653399658e+02 6.2651599121e+02 6.2645898438e+02 6.2635998535e+02 6.2628698730e+02 6.2620599365e+02 6.2609802246e+02 6.2599499512e+02 6.2588397217e+02 6.2574700928e+02 6.2560900879e+02
6.2562902832e+02 6.2571600342e+02 6.2581402588e+02 6.2590301514e+02 6.2598498535e+02 6.2605902100e+02 6.2611602783e+02 6.2619598389e+02 6.2630401611e+02 6.2641998291e+02 6.2654199219e+02 6.2662200928e+02 6.2666302490e+02 6.2666802979e+02 6.2664099121e+02 6.2655297852e+02 6.2648901367e+02 6.2643798828e+02 6.2636102295e+02 6.2629602051e+02 6.2624298096e+02 6.2619299316e+02 6.2619299316e+02 6.2617102051e+02 6.2596997070e+02 6.2570599365e+02 6.2553399658e+02 6.2546398926e+02 6.2547802734e+02 6.2555200195e+02 6.2565502930e+02 6.2577899170e+02 6.2590197754e+02 6.2600701904e+02 6.2607501221e+02 6.2610797119e+02 6.2613598633e+02 6.2614202881e+02 6.2611499023e+02 6.2605798340e+02 6.2600897217e+02 6.2594299316e+02 6.2586602783e+02 6.2574499512e+02 6.2559698486e+02 6.2545397949e+02
