TESTSERVER/22/16.asc
NCOLS 100
NROWS 100
XLLCORNER 8.5997500000e+03
YLLCORNER 2.8915025000e+05
CELLSIZE 5.0000000000e-01
NODATA_VALUE -9.9990000000e+03
[rows 60 to 79 of 100, columns 46 to 91 of 100]
6.1392102051e+02 6.1407000732e+02 6.1420300293e+02 6.1435797119e+02 6.1449700928e+02 6.1462902832e+02 6.1476702881e+02 6.1494500732e+02 6.1510400391e+02 6.1525897217e+02 6.1541400146e+02 6.1561798096e+02 6.1589398193e+02 6.1614001465e+02 6.1647802734e+02 6.1685400391e+02 6.1714898682e+02 6.1742901611e+02 6.1767797852e+02 6.1792401123e+02 6.1815698242e+02 6.1838800049e+02 6.1855798340e+02 6.1872198486e+02 6.1896398926e+02 6.1946002197e+02 6.1960101318e+02 6.1952600098e+02 6.1950299072e+02 6.1953302002e+02 6.1962402344e+02 6.1974700928e+02 6.1981597900e+02 6.1992999268e+02 6.2012402344e+02 6.2035498047e+02 6.2065698242e+02 6.2092297363e+02 6.2121600342e+02 6.2153802490e+02 6.2193499756e+02 6.2231097412e+02 6.2260998535e+02 6.2281701660e+02 6.2288897705e+02 6.2289300537e+02
6.1377001953e+02 6.1390997314e+02 6.1403698730e+02 6.1419299316e+02 6.1439398193e+02 6.1453002930e+02 6.1462597656e+02 6.1478302002e+02 6.1495098877e+02 6.1509899902e+02 6.1524700928e+02 6.1540002441e+02 6.1564898682e+02 6.1592797852e+02 6.1627899170e+02 6.1662097168e+02 6.1689202881e+02 6.1720397949e+02 6.1751202393e+02 6.1775897217e+02 6.1799200439e+02 6.1818298340e+02 6.1834899902e+02 6.1849798584e+02 6.1867199707e+02 6.1902697754e+02 6.1938000488e+02 6.1950097656e+02 6.1947100830e+02 6.1946398926e+02 6.1948199463e+02 6.1958197021e+02 6.1964898682e+02 6.1970501709e+02 6.1985797119e+02 6.2010400391e+02 6.2038897705e+02 6.2065301514e+02 6.2095800781e+02 6.2130200195e+02 6.2164898682e+02 6.2202600098e+02 6.2240600586e+02 6.2267700195e+02 6.2279199219e+02 6.2280200195e+02
6.1359002686e+02 6.1373101807e+02 6.1388800049e+02 6.1407598877e+02 6.1432098389e+02 6.1445397949e+02 6.1451202393e+02 6.1463702393e+02 6.1479699707e+02 6.1496197510e+02 6.1511401367e+02 6.1523400879e+02 6.1544201660e+02 6.1573498535e+02 6.1608801270e+02 6.1644500732e+02 6.1671899414e+02 6.1701098633e+02 6.1733898926e+02 6.1758801270e+02 6.1776501465e+02 6.1791998291e+02 6.1811401367e+02 6.1832000732e+02 6.1849200439e+02 6.1867901611e+02 6.1903900146e+02 6.1933398438e+02 6.1942602539e+02 6.1943103027e+02 6.1939099121e+02 6.1942700195e+02 6.1951300049e+02 6.1954498291e+02 6.1964697266e+02 6.1987902832e+02 6.2018298340e+02 6.2045898438e+02 6.2077697754e+02 6.2109802246e+02 6.2140301514e+02 6.2180499268e+02 6.2222900391e+02 6.2254602051e+02 6.2267199707e+02 6.2266198730e+02
6.1339398193e+02 6.1358398438e+02 6.1379400635e+02 6.1398101807e+02 6.1416900635e+02 6.1428802490e+02 6.1439001465e+02 6.1454498291e+02 6.1466601563e+02 6.1479699707e+02 6.1494097900e+02 6.1505700684e+02 6.1525701904e+02 6.1554699707e+02 6.1589801025e+02 6.1628198242e+02 6.1656298828e+02 6.1680102539e+02 6.1711499023e+02 6.1734802246e+02 6.1749298096e+02 6.1764202881e+02 6.1784301758e+02 6.1809997559e+02 6.1835198975e+02 6.1854101563e+02 6.1880798340e+02 6.1910498047e+02 6.1931201172e+02 6.1939202881e+02 6.1936199951e+02 6.1932202148e+02 6.1937597656e+02 6.1943298340e+02 6.1947698975e+02 6.1966900635e+02 6.1998901367e+02 6.2028497314e+02 6.2060198975e+02 6.2090100098e+02 6.2117797852e+02 6.2159698486e+02 6.2204602051e+02 6.2238897705e+02 6.2250701904e+02 6.2247198486e+02
6.1319097900e+02 6.1346600342e+02 6.1371197510e+02 6.1384802246e+02 6.1392199707e+02 6.1407598877e+02 6.1426599121e+02 6.1448101807e+02 6.1463201904e+02 6.1469500732e+02 6.1477697754e+02 6.1487701416e+02 6.1505102539e+02 6.1529400635e+02 6.1559002686e+02 6.1595800781e+02 6.1629302979e+02 6.1659698486e+02 6.1691101074e+02 6.1712597656e+02 6.1728601074e+02 6.1750000000e+02 6.1766601563e+02 6.1789501953e+02 6.1820098877e+02 6.1850897217e+02 6.1875897217e+02 6.1897802734e+02 6.1919201660e+02 6.1931500244e+02 6.1934197998e+02 6.1928399658e+02 6.1924200439e+02 6.1934197998e+02 6.1936199951e+02 6.1946997070e+02 6.1973199463e+02 6.2005499268e+02 6.2037402344e+02 6.2067297363e+02 6.2095202637e+02 6.2137402344e+02 6.2183697510e+02 6.2221099854e+02 6.2238598633e+02 6.2235998535e+02
6.1303698730e+02 6.1329699707e+02 6.1347698975e+02 6.1356201172e+02 6.1364398193e+02 6.1390100098e+02 6.1412701416e+02 6.1435498047e+02 6.1457098389e+02 6.1464898682e+02 6.1461297607e+02 6.1462701416e+02 6.1479302979e+02 6.1501501465e+02 6.1523797607e+02 6.1557800293e+02 6.1595098877e+02 6.1628802490e+02 6.1664202881e+02 6.1689501953e+02 6.1707800293e+02 6.1734600830e+02 6.1755297852e+02 6.1775402832e+02 6.1804498291e+02 6.1839697266e+02 6.1863397217e+02 6.1884399414e+02 6.1909997559e+02 6.1922601318e+02 6.1927801514e+02 6.1927001953e+02 6.1921899414e+02 6.1925299072e+02 6.1927801514e+02 6.1933697510e+02 6.1953302002e+02 6.1980200195e+02 6.2009802246e+02 6.2042401123e+02 6.2082598877e+02 6.2129199219e+02 6.2174499512e+02 6.2207598877e+02 6.2219702148e+02 6.2216198730e+02
6.1287200928e+02 6.1301800537e+02 6.1310198975e+02 6.1318402100e+02 6.1332897949e+02 6.1361102295e+02 6.1383197021e+02 6.1405700684e+02 6.1432000732e+02 6.1446899414e+02 6.1444598389e+02 6.1446002197e+02 6.1462097168e+02 6.1480798340e+02 6.1502899170e+02 6.1541601563e+02 6.1580700684e+02 6.1608300781e+02 6.1641101074e+02 6.1668798828e+02 6.1690698242e+02 6.1717901611e+02 6.1739599609e+02 6.1758898926e+02 6.1784497070e+02 6.1817999268e+02 6.1841900635e+02 6.1863598633e+02 6.1893402100e+02 6.1911401367e+02 6.1919799805e+02 6.1923101807e+02 6.1920202637e+02 6.1917700195e+02 6.1921002197e+02 6.1926000977e+02 6.1937200928e+02 6.1960797119e+02 6.1988897705e+02 6.2024298096e+02 6.2073400879e+02 6.2123699951e+02 6.2165899658e+02 6.2194299316e+02 6.2204101563e+02 6.2202697754e+02
6.1258300781e+02 6.1265100098e+02 6.1272900391e+02 6.1288000488e+02 6.1305700684e+02 6.1328601074e+02 6.1348199463e+02 6.1369702148e+02 6.1396600342e+02 6.1416601563e+02 6.1424597168e+02 6.1435900879e+02 6.1457000732e+02 6.1472802734e+02 6.1490301514e+02 6.1526501465e+02 6.1570300293e+02 6.1598498535e+02 6.1626501465e+02 6.1652001953e+02 6.1676098633e+02 6.1702502441e+02 6.1724401855e+02 6.1744702148e+02 6.1767602539e+02 6.1798297119e+02 6.1826300049e+02 6.1848602295e+02 6.1875402832e+02 6.1897399902e+02 6.1909497070e+02 6.1916497803e+02 6.1917498779e+02 6.1912701416e+02 6.1914801025e+02 6.1920202637e+02 6.1924798584e+02 6.1946502686e+02 6.1973797607e+02 6.2009802246e+02 6.2059698486e+02 6.2108801270e+02 6.2149102783e+02 6.2177398682e+02 6.2189001465e+02 6.2189202881e+02
6.1219396973e+02 6.1230102539e+02 6.1246899414e+02 6.1267401123e+02 6.1286102295e+02 6.1305999756e+02 6.1325799561e+02 6.1347698975e+02 6.1373199463e+02 6.1389202881e+02 6.1404901123e+02 6.1425598145e+02 6.1450402832e+02 6.1467797852e+02 6.1476800537e+02 6.1497198486e+02 6.1535498047e+02 6.1579797363e+02 6.1609301758e+02 6.1631896973e+02 6.1657702637e+02 6.1685498047e+02 6.1707202148e+02 6.1729602051e+02 6.1755102539e+02 6.1785198975e+02 6.1817700195e+02 6.1841302490e+02 6.1863500977e+02 6.1886798096e+02 6.1900701904e+02 6.1909197998e+02 6.1912597656e+02 6.1909997559e+02 6.1909301758e+02 6.1913897705e+02 6.1917401123e+02 6.1934100342e+02 6.1961999512e+02 6.1996099854e+02 6.2038098145e+02 6.2084802246e+02 6.2127398682e+02 6.2161700439e+02 6.2173797607e+02 6.2170800781e+02
6.1191198730e+02 6.1205902100e+02 6.1226800537e+02 6.1246600342e+02 6.1267199707e+02 6.1290600586e+02 6.1311401367e+02 6.1329998779e+02 6.1347601318e+02 6.1365100098e+02 6.1385498047e+02 6.1408398438e+02 6.1432800293e+02 6.1452099609e+02 6.1466302490e+02 6.1481201172e+02 6.1504797363e+02 6.1550299072e+02 6.1593402100e+02 6.1620300293e+02 6.1643402100e+02 6.1671002197e+02 6.1691601563e+02 6.1713098145e+02 6.1738702393e+02 6.1769897461e+02 6.1804302979e+02 6.1828802490e+02 6.1850402832e+02 6.1878601074e+02 6.1894396973e+02 6.1901202393e+02 6.1906402588e+02 6.1907299805e+02 6.1903601074e+02 6.1905102539e+02 6.1911499023e+02 6.1923999023e+02 6.1949597168e+02 6.1980603027e+02 6.2014801025e+02 6.2054498291e+02 6.2098699951e+02 6.2140002441e+02 6.2160601807e+02 6.2160498047e+02
6.1167401123e+02 6.1182202148e+02 6.1203302002e+02 6.1224597168e+02 6.1247399902e+02 6.1271099854e+02 6.1290698242e+02 6.1306597900e+02 6.1323297119e+02 6.1343402100e+02 6.1364599609e+02 6.1386102295e+02 6.1410601807e+02 6.1431799316e+02 6.1453399658e+02 6.1475000000e+02 6.1489801025e+02 6.1529101563e+02 6.1576300049e+02 6.1607202148e+02 6.1626501465e+02 6.1652801514e+02 6.1673699951e+02 6.1694897461e+02 6.1722100830e+02 6.1757202148e+02 6.1790502930e+02 6.1813299561e+02 6.1835797119e+02 6.1867297363e+02 6.1886499023e+02 6.1894299316e+02 6.1898297119e+02 6.1903302002e+02 6.1900500488e+02 6.1899298096e+02 6.1905700684e+02 6.1915100098e+02 6.1935900879e+02 6.1966198730e+02 6.2000000000e+02 6.2039202881e+02 6.2081597900e+02 6.2120397949e+02 6.2141497803e+02 6.2141101074e+02
6.1167199707e+02 6.1173999023e+02 6.1187701416e+02 6.1206799316e+02 6.1229699707e+02 6.1252398682e+02 6.1271600342e+02 6.1287902832e+02 6.1306597900e+02 6.1329199219e+02 6.1348999023e+02 6.1366497803e+02 6.1388897705e+02 6.1411602783e+02 6.1437298584e+02 6.1468499756e+02 6.1489501953e+02 6.1514398193e+02 6.1554998779e+02 6.1587402344e+02 6.1607897949e+02 6.1634301758e+02 6.1657000732e+02 6.1678302002e+02 6.1705401611e+02 6.1744299316e+02 6.1775701904e+02 6.1796002197e+02 6.1820800781e+02 6.1851501465e+02 6.1874200439e+02 6.1885797119e+02 6.1887799072e+02 6.1895697021e+02 6.1897302246e+02 6.1895098877e+02 6.1898297119e+02 6.1907397461e+02 6.1924401855e+02 6.1954101563e+02 6.1989801025e+02 6.2032897949e+02 6.2076300049e+02 6.2109997559e+02 6.2126397705e+02 6.2125897217e+02
6.1176800537e+02 6.1177398682e+02 6.1178100586e+02 6.1192199707e+02 6.1214599609e+02 6.1235900879e+02 6.1254602051e+02 6.1271398926e+02 6.1291699219e+02 6.1320599365e+02 6.1340301514e+02 6.1354101563e+02 6.1373199463e+02 6.1400500488e+02 6.1424798584e+02 6.1457598877e+02 6.1494396973e+02 6.1508197021e+02 6.1536798096e+02 6.1570202637e+02 6.1595800781e+02 6.1621697998e+02 6.1645599365e+02 6.1667901611e+02 6.1692498779e+02 6.1728997803e+02 6.1760797119e+02 6.1782501221e+02 6.1806701660e+02 6.1834301758e+02 6.1858599854e+02 6.1876000977e+02 6.1880603027e+02 6.1886700439e+02 6.1892901611e+02 6.1892401123e+02 6.1891198730e+02 6.1900000000e+02 6.1914599609e+02 6.1940100098e+02 6.1973101807e+02 6.2021002197e+02 6.2068499756e+02 6.2100701904e+02 6.2110699463e+02 6.2113299561e+02
6.1140802002e+02 6.1151000977e+02 6.1160797119e+02 6.1179901123e+02 6.1202398682e+02 6.1221099854e+02 6.1235797119e+02 6.1248602295e+02 6.1272198486e+02 6.1310400391e+02 6.1333099365e+02 6.1344799805e+02 6.1362799072e+02 6.1395001221e+02 6.1418798828e+02 6.1445697021e+02 6.1484100342e+02 6.1505401611e+02 6.1528100586e+02 6.1555798340e+02 6.1579797363e+02 6.1601599121e+02 6.1625897217e+02 6.1655401611e+02 6.1684802246e+02 6.1716302490e+02 6.1750799561e+02 6.1774298096e+02 6.1793298340e+02 6.1815698242e+02 6.1841497803e+02 6.1865997314e+02 6.1874798584e+02 6.1880102539e+02 6.1887701416e+02 6.1890100098e+02 6.1886700439e+02 6.1891101074e+02 6.1902099609e+02 6.1924902344e+02 6.1956402588e+02 6.2003302002e+02 6.2051501465e+02 6.2082598877e+02 6.2088800049e+02 6.2094000244e+02
6.1110601807e+02 6.1128802490e+02 6.1147100830e+02 6.1168200684e+02 6.1189501953e+02 6.1206597900e+02 6.1220001221e+02 6.1233300781e+02 6.1256701660e+02 6.1294500732e+02 6.1318298340e+02 6.1331799316e+02 6.1350299072e+02 6.1384100342e+02 6.1410198975e+02 6.1433801270e+02 6.1466400146e+02 6.1497198486e+02 6.1519799805e+02 6.1540399170e+02 6.1560998535e+02 6.1580700684e+02 6.1608197021e+02 6.1646398926e+02 6.1681298828e+02 6.1712200928e+02 6.1744702148e+02 6.1767901611e+02 6.1785601807e+02 6.1803302002e+02 6.1829101563e+02 6.1856896973e+02 6.1869598389e+02 6.1874499512e+02 6.1881500244e+02 6.1886700439e+02 6.1883599854e+02 6.1884497070e+02 6.1892602539e+02 6.1913397217e+02 6.1943701172e+02 6.1991497803e+02 6.2038201904e+02 6.2067297363e+02 6.2072802734e+02 6.2081799316e+02
6.1097900391e+02 6.1116601563e+02 6.1133898926e+02 6.1152801514e+02 6.1174700928e+02 6.1191699219e+02 6.1207299805e+02 6.1226098633e+02 6.1249102783e+02 6.1278802490e+02 6.1302099609e+02 6.1320001221e+02 6.1339697266e+02 6.1369799805e+02 6.1397802734e+02 6.1422100830e+02 6.1449102783e+02 6.1486901855e+02 6.1515399170e+02 6.1533898926e+02 6.1548901367e+02 6.1565698242e+02 6.1596600342e+02 6.1641198730e+02 6.1676397705e+02 6.1706097412e+02 6.1734997559e+02 6.1758099365e+02 6.1779101563e+02 6.1796099854e+02 6.1821197510e+02 6.1847802734e+02 6.1862701416e+02 6.1868701172e+02 6.1874499512e+02 6.1882098389e+02 6.1882800293e+02 6.1882202148e+02 6.1887298584e+02 6.1905200195e+02 6.1934497070e+02 6.1984802246e+02 6.2031701660e+02 6.2057897949e+02 6.2059997559e+02 6.2069598389e+02
6.1086999512e+02 6.1102502441e+02 6.1117199707e+02 6.1135601807e+02 6.1159600830e+02 6.1177197266e+02 6.1194598389e+02 6.1217901611e+02 6.1243499756e+02 6.1269799805e+02 6.1291998291e+02 6.1311901855e+02 6.1330798340e+02 6.1355401611e+02 6.1383502197e+02 6.1411901855e+02 6.1440600586e+02 6.1474401855e+02 6.1508697510e+02 6.1531896973e+02 6.1544299316e+02 6.1557397461e+02 6.1589697266e+02 6.1636700439e+02 6.1673699951e+02 6.1705700684e+02 6.1733801270e+02 6.1752301025e+02 6.1772900391e+02 6.1792498779e+02 6.1813098145e+02 6.1833300781e+02 6.1852301025e+02 6.1863098145e+02 6.1868701172e+02 6.1876599121e+02 6.1880999756e+02 6.1880297852e+02 6.1883599854e+02 6.1899597168e+02 6.1928399658e+02 6.1978302002e+02 6.2025000000e+02 6.2048901367e+02 6.2047900391e+02 6.2057202148e+02
6.1078601074e+02 6.1090997314e+02 6.1106500244e+02 6.1125799561e+02 6.1150402832e+02 6.1170800781e+02 6.1187701416e+02 6.1210101318e+02 6.1237500000e+02 6.1263800049e+02 6.1285198975e+02 6.1303399658e+02 6.1323199463e+02 6.1348101807e+02 6.1376898193e+02 6.1405999756e+02 6.1432098389e+02 6.1462097168e+02 6.1496600342e+02 6.1524200439e+02 6.1541998291e+02 6.1559600830e+02 6.1587902832e+02 6.1624200439e+02 6.1652099609e+02 6.1691998291e+02 6.1742700195e+02 6.1764801025e+02 6.1775500488e+02 6.1797302246e+02 6.1816302490e+02 6.1824102783e+02 6.1837402344e+02 6.1855700684e+02 6.1862597656e+02 6.1871002197e+02 6.1876599121e+02 6.1876702881e+02 6.1879901123e+02 6.1894598389e+02 6.1919897461e+02 6.1965399170e+02 6.2012902832e+02 6.2037799072e+02 6.2037701416e+02 6.2044299316e+02
6.1070898438e+02 6.1084497070e+02 6.1101501465e+02 6.1120001221e+02 6.1143298340e+02 6.1167498779e+02 6.1184600830e+02 6.1205297852e+02 6.1230999756e+02 6.1255297852e+02 6.1275897217e+02 6.1294897461e+02 6.1316601563e+02 6.1342602539e+02 6.1372302246e+02 6.1401397705e+02 6.1426300049e+02 6.1453198242e+02 6.1485998535e+02 6.1515399170e+02 6.1538500977e+02 6.1561401367e+02 6.1590002441e+02 6.1627502441e+02 6.1666198730e+02 6.1707098389e+02 6.1756500244e+02 6.1778601074e+02 6.1783502197e+02 6.1803497314e+02 6.1822399902e+02 6.1826898193e+02 6.1834399414e+02 6.1853399658e+02 6.1860601807e+02 6.1868701172e+02 6.1873699951e+02 6.1874298096e+02 6.1878198242e+02 6.1891699219e+02 6.1914599609e+02 6.1951202393e+02 6.1993499756e+02 6.2021301270e+02 6.2027697754e+02 6.2033300781e+02
6.1066302490e+02 6.1083398438e+02 6.1102398682e+02 6.1119897461e+02 6.1140802002e+02 6.1165600586e+02 6.1183300781e+02 6.1202197266e+02 6.1225500488e+02 6.1247497559e+02 6.1267602539e+02 6.1288299561e+02 6.1311700439e+02 6.1338702393e+02 6.1368798828e+02 6.1397302246e+02 6.1422302246e+02 6.1448199463e+02 6.1478002930e+02 6.1507397461e+02 6.1533599854e+02 6.1564599609e+02 6.1603198242e+02 6.1651702881e+02 6.1700701904e+02 6.1736199951e+02 6.1768402100e+02 6.1783599854e+02 6.1788000488e+02 6.1805297852e+02 6.1816998291e+02 6.1820300293e+02 6.1832501221e+02 6.1850897217e+02 6.1858300781e+02 6.1865802002e+02 6.1871502686e+02 6.1871801758e+02 6.1876898193e+02 6.1891497803e+02 6.1912799072e+02 6.1941400146e+02 6.1977001953e+02 6.2006597900e+02 6.2018597412e+02 6.2023498535e+02
