TESTSERVER/22/17.asc
NCOLS 100
NROWS 100
XLLCORNER 8.5997500000e+03
YLLCORNER 2.8910025000e+05
CELLSIZE 5.0000000000e-01
NODATA_VALUE -9.9990000000e+03
[rows 80 to 99 of 100, columns 0 to 45 of 100]
5.9059899902e+02 5.9081402588e+02 5.9102801514e+02 5.9126098633e+02 5.9152099609e+02 5.9175897217e+02 5.9198901367e+02 5.9217602539e+02 5.9236901855e+02 5.9256402588e+02 5.9275299072e+02 5.9298498535e+02 5.9317297363e+02 5.9336602783e+02 5.9358599854e+02 5.9377197266e+02 5.9397302246e+02 5.9419299316e+02 5.9439801025e+02 5.9458599854e+02 5.9480603027e+02 5.9502899170e+02 5.9525897217e+02 5.9548297119e+02 5.9569000244e+02 5.9588702393e+02 5.9608801270e+02 5.9627801514e+02 5.9646899414e+02 5.9667401123e+02 5.9687402344e+02 5.9710302734e+02 5.9734899902e+02 5.9756298828e+02 5.9774902344e+02 5.9790600586e+02 5.9812402344e+02 5.9837597656e+02 5.9858398438e+02 5.9876501465e+02 5.9897100830e+02 5.9915301514e+02 5.9928900146e+02 5.9955297852e+02 5.9978198242e+02 6.0002001953e+02
5.9037902832e+02 5.9058697510e+02 5.9080200195e+02 5.9103601074e+02 5.9130999756e+02 5.9153900146e+02 5.9175402832e+02 5.9195001221e+02 5.9216802979e+02 5.9236700439e+02 5.9253900146e+02 5.9275500488e+02 5.9293298340e+02 5.9314501953e+02 5.9336901855e+02 5.9354998779e+02 5.9373297119e+02 5.9393103027e+02 5.9415301514e+02 5.9435998535e+02 5.9457897949e+02 5.9479400635e+02 5.9502502441e+02 5.9525897217e+02 5.9547399902e+02 5.9567498779e+02 5.9587597656e+02 5.9606597900e+02 5.9624401855e+02 5.9644000244e+02 5.9665899658e+02 5.9686499023e+02 5.9709301758e+02 5.9732202148e+02 5.9752502441e+02 5.9768902588e+02 5.9789202881e+02 5.9811297607e+02 5.9829498291e+02 5.9848297119e+02 5.9875299072e+02 5.9898400879e+02 5.9912097168e+02 5.9929498291e+02 5.9949298096e+02 5.9972802734e+02
5.9013000488e+02 5.9033502197e+02 5.9054901123e+02 5.9078002930e+02 5.9103997803e+02 5.9127001953e+02 5.9151599121e+02 5.9170599365e+02 5.9192999268e+02 5.9214099121e+02 5.9232702637e+02 5.9253698730e+02 5.9270098877e+02 5.9291198730e+02 5.9313702393e+02 5.9332299805e+02 5.9350402832e+02 5.9370001221e+02 5.9391802979e+02 5.9412500000e+02 5.9435198975e+02 5.9457000732e+02 5.9479699707e+02 5.9502301025e+02 5.9523400879e+02 5.9543499756e+02 5.9563397217e+02 5.9583898926e+02 5.9603802490e+02 5.9624499512e+02 5.9645800781e+02 5.9664501953e+02 5.9684802246e+02 5.9706799316e+02 5.9728399658e+02 5.9745599365e+02 5.9765899658e+02 5.9785998535e+02 5.9802502441e+02 5.9824401855e+02 5.9854199219e+02 5.9877502441e+02 5.9892602539e+02 5.9906799316e+02 5.9922802734e+02 5.9944702148e+02
5.8987597656e+02 5.9007800293e+02 5.9028497314e+02 5.9054101563e+02 5.9079101563e+02 5.9101000977e+02 5.9127899170e+02 5.9147802734e+02 5.9169598389e+02 5.9190600586e+02 5.9210998535e+02 5.9231799316e+02 5.9247998047e+02 5.9268499756e+02 5.9292102051e+02 5.9311297607e+02 5.9329498291e+02 5.9349499512e+02 5.9369897461e+02 5.9390197754e+02 5.9413702393e+02 5.9435101318e+02 5.9457397461e+02 5.9479498291e+02 5.9500000000e+02 5.9519500732e+02 5.9538299561e+02 5.9558502197e+02 5.9579400635e+02 5.9601098633e+02 5.9622998047e+02 5.9642498779e+02 5.9662500000e+02 5.9683502197e+02 5.9705297852e+02 5.9722698975e+02 5.9743402100e+02 5.9763397217e+02 5.9779302979e+02 5.9803601074e+02 5.9832299805e+02 5.9852099609e+02 5.9869500732e+02 5.9885101318e+02 5.9899700928e+02 5.9920697021e+02
5.8965002441e+02 5.8984301758e+02 5.9002899170e+02 5.9029901123e+02 5.9056402588e+02 5.9077697754e+02 5.9102197266e+02 5.9126599121e+02 5.9149102783e+02 5.9169897461e+02 5.9190698242e+02 5.9209802246e+02 5.9227801514e+02 5.9248699951e+02 5.9272100830e+02 5.9290997314e+02 5.9310101318e+02 5.9330603027e+02 5.9351098633e+02 5.9371801758e+02 5.9393597412e+02 5.9412902832e+02 5.9435400391e+02 5.9458898926e+02 5.9479998779e+02 5.9499597168e+02 5.9517297363e+02 5.9535699463e+02 5.9554302979e+02 5.9574298096e+02 5.9595599365e+02 5.9619396973e+02 5.9641101074e+02 5.9661499023e+02 5.9682202148e+02 5.9697698975e+02 5.9718798828e+02 5.9741302490e+02 5.9759197998e+02 5.9783300781e+02 5.9812500000e+02 5.9834600830e+02 5.9856799316e+02 5.9869897461e+02 5.9881896973e+02 5.9901300049e+02
5.8943298340e+02 5.8962097168e+02 5.8979699707e+02 5.9002899170e+02 5.9028802490e+02 5.9052502441e+02 5.9079699707e+02 5.9104199219e+02 5.9125897217e+02 5.9147399902e+02 5.9169201660e+02 5.9189300537e+02 5.9206799316e+02 5.9227697754e+02 5.9249102783e+02 5.9266802979e+02 5.9288000488e+02 5.9311297607e+02 5.9332299805e+02 5.9353302002e+02 5.9374102783e+02 5.9392602539e+02 5.9413098145e+02 5.9435198975e+02 5.9456402588e+02 5.9477600098e+02 5.9496899414e+02 5.9516400146e+02 5.9533398438e+02 5.9551501465e+02 5.9572900391e+02 5.9595098877e+02 5.9617297363e+02 5.9638098145e+02 5.9657702637e+02 5.9674401855e+02 5.9695397949e+02 5.9717401123e+02 5.9737902832e+02 5.9760699463e+02 5.9787097168e+02 5.9815002441e+02 5.9848297119e+02 5.9859399414e+02 5.9865197754e+02 5.9882098389e+02
5.8924401855e+02 5.8942102051e+02 5.8959399414e+02 5.8979797363e+02 5.9003302002e+02 5.9027600098e+02 5.9056298828e+02 5.9080102539e+02 5.9102197266e+02 5.9123602295e+02 5.9146099854e+02 5.9168103027e+02 5.9184899902e+02 5.9205200195e+02 5.9227001953e+02 5.9246099854e+02 5.9266802979e+02 5.9288702393e+02 5.9309698486e+02 5.9331402588e+02 5.9353198242e+02 5.9372900391e+02 5.9391802979e+02 5.9411401367e+02 5.9431701660e+02 5.9453601074e+02 5.9474597168e+02 5.9495501709e+02 5.9513702393e+02 5.9531896973e+02 5.9551898193e+02 5.9570697021e+02 5.9591802979e+02 5.9614099121e+02 5.9634802246e+02 5.9652099609e+02 5.9672900391e+02 5.9694702148e+02 5.9717999268e+02 5.9739697266e+02 5.9761901855e+02 5.9792199707e+02 5.9831201172e+02 5.9844897461e+02 5.9852301025e+02 5.9866101074e+02
5.8903399658e+02 5.8921099854e+02 5.8939300537e+02 5.8958398438e+02 5.8978302002e+02 5.8999798584e+02 5.9028997803e+02 5.9054998779e+02 5.9079302979e+02 5.9100500488e+02 5.9121398926e+02 5.9144897461e+02 5.9163201904e+02 5.9183502197e+02 5.9205401611e+02 5.9226397705e+02 5.9246301270e+02 5.9265899658e+02 5.9286297607e+02 5.9308599854e+02 5.9331298828e+02 5.9352398682e+02 5.9371301270e+02 5.9390100098e+02 5.9409399414e+02 5.9430499268e+02 5.9451599121e+02 5.9472399902e+02 5.9492297363e+02 5.9511999512e+02 5.9532299805e+02 5.9549102783e+02 5.9567999268e+02 5.9589898682e+02 5.9611798096e+02 5.9630297852e+02 5.9652197266e+02 5.9674902344e+02 5.9699298096e+02 5.9720397949e+02 5.9739202881e+02 5.9765502930e+02 5.9800299072e+02 5.9823400879e+02 5.9841101074e+02 5.9856201172e+02
5.8880798340e+02 5.8900201416e+02 5.8919299316e+02 5.8936199951e+02 5.8953802490e+02 5.8973901367e+02 5.9000500488e+02 5.9027502441e+02 5.9053497314e+02 5.9074798584e+02 5.9095300293e+02 5.9120397949e+02 5.9141699219e+02 5.9163299561e+02 5.9183801270e+02 5.9204699707e+02 5.9224798584e+02 5.9244201660e+02 5.9264801025e+02 5.9287500000e+02 5.9308898926e+02 5.9329498291e+02 5.9350097656e+02 5.9369702148e+02 5.9389202881e+02 5.9409100342e+02 5.9429797363e+02 5.9449902344e+02 5.9469201660e+02 5.9489898682e+02 5.9511999512e+02 5.9529901123e+02 5.9547802734e+02 5.9567901611e+02 5.9587402344e+02 5.9608001709e+02 5.9631500244e+02 5.9653302002e+02 5.9676800537e+02 5.9700097656e+02 5.9720001221e+02 5.9739697266e+02 5.9762701416e+02 5.9794396973e+02 5.9823297119e+02 5.9844097900e+02
5.8860400391e+02 5.8878002930e+02 5.8896301270e+02 5.8914099121e+02 5.8932501221e+02 5.8953302002e+02 5.8977398682e+02 5.9001098633e+02 5.9026599121e+02 5.9048498535e+02 5.9071099854e+02 5.9096398926e+02 5.9116400146e+02 5.9137701416e+02 5.9160302734e+02 5.9182202148e+02 5.9203497314e+02 5.9223400879e+02 5.9243298340e+02 5.9265899658e+02 5.9288299561e+02 5.9309600830e+02 5.9329302979e+02 5.9347399902e+02 5.9367297363e+02 5.9387902832e+02 5.9408001709e+02 5.9428002930e+02 5.9445501709e+02 5.9464599609e+02 5.9486499023e+02 5.9504998779e+02 5.9525097656e+02 5.9547497559e+02 5.9568298340e+02 5.9586499023e+02 5.9610101318e+02 5.9631701660e+02 5.9652301025e+02 5.9676898193e+02 5.9698901367e+02 5.9719500732e+02 5.9741400146e+02 5.9765600586e+02 5.9791302490e+02 5.9813397217e+02
5.8841601563e+02 5.8858197021e+02 5.8874298096e+02 5.8892602539e+02 5.8911901855e+02 5.8932397461e+02 5.8954498291e+02 5.8976898193e+02 5.9001202393e+02 5.9023297119e+02 5.9047302246e+02 5.9073101807e+02 5.9093200684e+02 5.9115002441e+02 5.9139398193e+02 5.9161499023e+02 5.9183398438e+02 5.9203497314e+02 5.9223400879e+02 5.9245898438e+02 5.9268597412e+02 5.9290197754e+02 5.9309002686e+02 5.9325299072e+02 5.9344299316e+02 5.9364697266e+02 5.9384002686e+02 5.9404602051e+02 5.9422698975e+02 5.9441101074e+02 5.9461901855e+02 5.9481799316e+02 5.9503100586e+02 5.9526300049e+02 5.9548199463e+02 5.9565802002e+02 5.9587298584e+02 5.9608502197e+02 5.9629998779e+02 5.9655102539e+02 5.9677197266e+02 5.9698400879e+02 5.9721600342e+02 5.9742498779e+02 5.9764001465e+02 5.9785302734e+02
5.8822900391e+02 5.8839898682e+02 5.8854498291e+02 5.8871801758e+02 5.8890698242e+02 5.8911102295e+02 5.8933300781e+02 5.8955499268e+02 5.8978100586e+02 5.8999200439e+02 5.9022998047e+02 5.9049700928e+02 5.9072100830e+02 5.9095599365e+02 5.9119799805e+02 5.9141497803e+02 5.9163000488e+02 5.9182800293e+02 5.9203399658e+02 5.9225097656e+02 5.9246801758e+02 5.9268597412e+02 5.9288598633e+02 5.9305499268e+02 5.9323999023e+02 5.9343103027e+02 5.9360400391e+02 5.9381097412e+02 5.9401098633e+02 5.9420001221e+02 5.9439801025e+02 5.9461297607e+02 5.9482501221e+02 5.9503997803e+02 5.9525500488e+02 5.9545501709e+02 5.9567498779e+02 5.9589202881e+02 5.9612298584e+02 5.9635699463e+02 5.9656799316e+02 5.9678497314e+02 5.9702899170e+02 5.9725000000e+02 5.9744598389e+02 5.9764599609e+02
5.8801898193e+02 5.8819396973e+02 5.8836199951e+02 5.8853100586e+02 5.8870697021e+02 5.8891101074e+02 5.8914801025e+02 5.8936199951e+02 5.8957202148e+02 5.8977099609e+02 5.8997399902e+02 5.9024700928e+02 5.9049902344e+02 5.9074597168e+02 5.9097302246e+02 5.9121099854e+02 5.9143103027e+02 5.9163299561e+02 5.9183197021e+02 5.9203997803e+02 5.9223699951e+02 5.9245098877e+02 5.9266601563e+02 5.9285900879e+02 5.9304998779e+02 5.9323101807e+02 5.9338897705e+02 5.9359100342e+02 5.9379998779e+02 5.9399700928e+02 5.9419000244e+02 5.9442199707e+02 5.9463201904e+02 5.9483502197e+02 5.9506097412e+02 5.9526702881e+02 5.9548199463e+02 5.9570202637e+02 5.9593103027e+02 5.9614801025e+02 5.9635101318e+02 5.9656896973e+02 5.9680499268e+02 5.9705297852e+02 5.9725402832e+02 5.9744201660e+02
5.8779602051e+02 5.8798297119e+02 5.8816900635e+02 5.8837097168e+02 5.8854199219e+02 5.8871502686e+02 5.8893499756e+02 5.8913897705e+02 5.8936499023e+02 5.8957897949e+02 5.8977301025e+02 5.9002001953e+02 5.9026098633e+02 5.9050701904e+02 5.9075598145e+02 5.9098101807e+02 5.9121197510e+02 5.9143200684e+02 5.9162597656e+02 5.9181298828e+02 5.9200897217e+02 5.9222601318e+02 5.9244000244e+02 5.9263299561e+02 5.9282800293e+02 5.9301300049e+02 5.9318402100e+02 5.9338201904e+02 5.9357800293e+02 5.9376898193e+02 5.9396002197e+02 5.9418499756e+02 5.9440100098e+02 5.9461602783e+02 5.9484399414e+02 5.9507000732e+02 5.9527600098e+02 5.9547998047e+02 5.9568798828e+02 5.9591101074e+02 5.9614099121e+02 5.9636901855e+02 5.9659399414e+02 5.9682702637e+02 5.9702801514e+02 5.9721697998e+02
5.8756896973e+02 5.8776098633e+02 5.8794299316e+02 5.8816802979e+02 5.8835900879e+02 5.8853100586e+02 5.8874102783e+02 5.8893902588e+02 5.8917602539e+02 5.8941400146e+02 5.8960998535e+02 5.8980603027e+02 5.9001202393e+02 5.9025598145e+02 5.9054400635e+02 5.9076702881e+02 5.9098901367e+02 5.9121197510e+02 5.9141101074e+02 5.9159002686e+02 5.9178002930e+02 5.9198999023e+02 5.9220501709e+02 5.9240698242e+02 5.9260797119e+02 5.9279302979e+02 5.9297302246e+02 5.9316900635e+02 5.9335400391e+02 5.9354101563e+02 5.9373901367e+02 5.9395501709e+02 5.9416497803e+02 5.9437902832e+02 5.9460900879e+02 5.9484197998e+02 5.9506097412e+02 5.9526501465e+02 5.9545697021e+02 5.9568103027e+02 5.9592199707e+02 5.9615997314e+02 5.9638000488e+02 5.9659497070e+02 5.9679602051e+02 5.9699700928e+02
5.8738000488e+02 5.8753900146e+02 5.8769598389e+02 5.8793200684e+02 5.8814501953e+02 5.8833197021e+02 5.8854602051e+02 5.8873797607e+02 5.8896398926e+02 5.8920397949e+02 5.8942797852e+02 5.8961700439e+02 5.8979998779e+02 5.9002197266e+02 5.9031298828e+02 5.9055102539e+02 5.9077398682e+02 5.9098999023e+02 5.9119097900e+02 5.9137902832e+02 5.9156402588e+02 5.9176098633e+02 5.9196600342e+02 5.9217700195e+02 5.9239001465e+02 5.9257501221e+02 5.9275799561e+02 5.9295800781e+02 5.9313800049e+02 5.9332202148e+02 5.9352398682e+02 5.9373699951e+02 5.9394799805e+02 5.9416101074e+02 5.9438201904e+02 5.9459497070e+02 5.9483697510e+02 5.9506500244e+02 5.9526000977e+02 5.9547198486e+02 5.9569897461e+02 5.9593103027e+02 5.9615301514e+02 5.9636999512e+02 5.9658001709e+02 5.9678900146e+02
5.8723297119e+02 5.8733502197e+02 5.8745202637e+02 5.8767999268e+02 5.8790197754e+02 5.8811499023e+02 5.8836401367e+02 5.8853497314e+02 5.8873699951e+02 5.8895300293e+02 5.8918597412e+02 5.8942297363e+02 5.8961700439e+02 5.8981298828e+02 5.9005200195e+02 5.9031500244e+02 5.9057202148e+02 5.9078601074e+02 5.9096099854e+02 5.9116699219e+02 5.9135797119e+02 5.9155102539e+02 5.9174700928e+02 5.9194299316e+02 5.9215502930e+02 5.9235601807e+02 5.9254101563e+02 5.9274102783e+02 5.9293200684e+02 5.9312097168e+02 5.9331500244e+02 5.9352398682e+02 5.9373999023e+02 5.9396002197e+02 5.9417602539e+02 5.9437200928e+02 5.9460198975e+02 5.9483599854e+02 5.9505401611e+02 5.9526599121e+02 5.9548199463e+02 5.9570501709e+02 5.9592401123e+02 5.9614801025e+02 5.9637500000e+02 5.9659100342e+02
5.8712298584e+02 5.8719702148e+02 5.8729901123e+02 5.8746801758e+02 5.8765502930e+02 5.8785998535e+02 5.8810699463e+02 5.8831896973e+02 5.8854199219e+02 5.8873901367e+02 5.8895300293e+02 5.8919097900e+02 5.8940002441e+02 5.8960198975e+02 5.8983502197e+02 5.9004699707e+02 5.9030603027e+02 5.9056201172e+02 5.9077001953e+02 5.9093902588e+02 5.9111102295e+02 5.9130700684e+02 5.9151300049e+02 5.9170001221e+02 5.9191101074e+02 5.9211602783e+02 5.9230102539e+02 5.9250598145e+02 5.9271002197e+02 5.9290301514e+02 5.9309600830e+02 5.9330603027e+02 5.9352301025e+02 5.9374102783e+02 5.9395501709e+02 5.9416302490e+02 5.9439099121e+02 5.9461602783e+02 5.9482800293e+02 5.9504498291e+02 5.9526397705e+02 5.9549102783e+02 5.9570599365e+02 5.9590802002e+02 5.9612799072e+02 5.9635498047e+02
5.8704699707e+02 5.8712597656e+02 5.8720001221e+02 5.8730603027e+02 5.8744097900e+02 5.8760797119e+02 5.8781097412e+02 5.8804699707e+02 5.8832397461e+02 5.8854998779e+02 5.8875598145e+02 5.8897601318e+02 5.8918902588e+02 5.8939898682e+02 5.8963201904e+02 5.8982897949e+02 5.9004199219e+02 5.9027899170e+02 5.9052001953e+02 5.9070800781e+02 5.9088800049e+02 5.9109301758e+02 5.9129302979e+02 5.9147100830e+02 5.9168902588e+02 5.9189697266e+02 5.9208197021e+02 5.9228399658e+02 5.9248901367e+02 5.9268298340e+02 5.9287701416e+02 5.9309802246e+02 5.9332098389e+02 5.9353698730e+02 5.9374499512e+02 5.9394702148e+02 5.9416497803e+02 5.9438299561e+02 5.9459802246e+02 5.9481402588e+02 5.9503601074e+02 5.9527600098e+02 5.9550598145e+02 5.9569897461e+02 5.9590600586e+02 5.9613098145e+02
5.8693103027e+02 5.8705102539e+02 5.8713598633e+02 5.8720599365e+02 5.8730200195e+02 5.8743103027e+02 5.8758001709e+02 5.8778100586e+02 5.8806201172e+02 5.8832397461e+02 5.8855603027e+02 5.8876000977e+02 5.8897399902e+02 5.8918902588e+02 5.8941998291e+02 5.8964001465e+02 5.8983502197e+02 5.9003002930e+02 5.9025201416e+02 5.9046997070e+02 5.9066998291e+02 5.9088800049e+02 5.9109301758e+02 5.9127197266e+02 5.9149298096e+02 5.9170300293e+02 5.9188598633e+02 5.9207702637e+02 5.9227600098e+02 5.9247100830e+02 5.9266699219e+02 5.9289599609e+02 5.9312097168e+02 5.9333801270e+02 5.9354797363e+02 5.9373400879e+02 5.9394097900e+02 5.9415698242e+02 5.9438201904e+02 5.9459698486e+02 5.9481701660e+02 5.9506402588e+02 5.9531201172e+02 5.9551501465e+02 5.9571600342e+02 5.9593298340e+02
