TESTSERVER/22/17.asc
NCOLS 100
NROWS 100
XLLCORNER 8.5997500000e+03
YLLCORNER 2.8910025000e+05
CELLSIZE 5.0000000000e-01
NODATA_VALUE -9.9990000000e+03
[rows 60 to 79 of 100, columns 46 to 91 of 100]
6.0402899170e+02 6.0456799316e+02 6.0521502686e+02 6.0582299805e+02 6.0611401367e+02 6.0613397217e+02 6.0598297119e+02 6.0584899902e+02 6.0582598877e+02 6.0588000488e+02 6.0594000244e+02 6.0601000977e+02 6.0612200928e+02 6.0626202393e+02 6.0637701416e+02 6.0644299316e+02 6.0651098633e+02 6.0654400635e+02 6.0665197754e+02 6.0689300537e+02 6.0721002197e+02 6.0740399170e+02 6.0752801514e+02 6.0763397217e+02 6.0775500488e+02 6.0778802490e+02 6.0780603027e+02 6.0785601807e+02 6.0792999268e+02 6.0797802734e+02 6.0805401611e+02 6.0817401123e+02 6.0831799316e+02 6.0852301025e+02 6.0868103027e+02 6.0884100342e+02 6.0902197266e+02 6.0919500732e+02 6.0938500977e+02 6.0953497314e+02 6.0961199951e+02 6.0979797363e+02 6.0996502686e+02 6.1004901123e+02 6.1006597900e+02 6.1015301514e+02
6.0375799561e+02 6.0402697754e+02 6.0478698730e+02 6.0561102295e+02 6.0585400391e+02 6.0595397949e+02 6.0587500000e+02 6.0574401855e+02 6.0568701172e+02 6.0570098877e+02 6.0577099609e+02 6.0585900879e+02 6.0593103027e+02 6.0600701904e+02 6.0612298584e+02 6.0623297119e+02 6.0634899902e+02 6.0644000244e+02 6.0653497314e+02 6.0674102783e+02 6.0703601074e+02 6.0724102783e+02 6.0737097168e+02 6.0746997070e+02 6.0757598877e+02 6.0765502930e+02 6.0771899414e+02 6.0779699707e+02 6.0786499023e+02 6.0785699463e+02 6.0790100098e+02 6.0802099609e+02 6.0814599609e+02 6.0830499268e+02 6.0843798828e+02 6.0860400391e+02 6.0881500244e+02 6.0903302002e+02 6.0926202393e+02 6.0942498779e+02 6.0949902344e+02 6.0962097168e+02 6.0977801514e+02 6.0988299561e+02 6.0988800049e+02 6.0988702393e+02
6.0353601074e+02 6.0371197510e+02 6.0447497559e+02 6.0536999512e+02 6.0555902100e+02 6.0562799072e+02 6.0565899658e+02 6.0561297607e+02 6.0557000732e+02 6.0557202148e+02 6.0564099121e+02 6.0571600342e+02 6.0575201416e+02 6.0579699707e+02 6.0591198730e+02 6.0604699707e+02 6.0618402100e+02 6.0629302979e+02 6.0637701416e+02 6.0654699707e+02 6.0680700684e+02 6.0702398682e+02 6.0717999268e+02 6.0730200195e+02 6.0742401123e+02 6.0755200195e+02 6.0764801025e+02 6.0771002197e+02 6.0772601318e+02 6.0766998291e+02 6.0768902588e+02 6.0780499268e+02 6.0793402100e+02 6.0805102539e+02 6.0816802979e+02 6.0833197021e+02 6.0856896973e+02 6.0885998535e+02 6.0914202881e+02 6.0933001709e+02 6.0939300537e+02 6.0940802002e+02 6.0948297119e+02 6.0958502197e+02 6.0965997314e+02 6.0968103027e+02
6.0337097168e+02 6.0354797363e+02 6.0414300537e+02 6.0495300293e+02 6.0527697754e+02 6.0530401611e+02 6.0539398193e+02 6.0544201660e+02 6.0544897461e+02 6.0544500732e+02 6.0548101807e+02 6.0551599121e+02 6.0554699707e+02 6.0561602783e+02 6.0574700928e+02 6.0590301514e+02 6.0603997803e+02 6.0612298584e+02 6.0618902588e+02 6.0632397461e+02 6.0655200195e+02 6.0678601074e+02 6.0698199463e+02 6.0714801025e+02 6.0731597900e+02 6.0749401855e+02 6.0759698486e+02 6.0760601807e+02 6.0756799316e+02 6.0751702881e+02 6.0750000000e+02 6.0757598877e+02 6.0770501709e+02 6.0782800293e+02 6.0793902588e+02 6.0808898926e+02 6.0832702637e+02 6.0861602783e+02 6.0889099121e+02 6.0909002686e+02 6.0919799805e+02 6.0915698242e+02 6.0915997314e+02 6.0924298096e+02 6.0936999512e+02 6.0946099854e+02
6.0322698975e+02 6.0334899902e+02 6.0360498047e+02 6.0421398926e+02 6.0494097900e+02 6.0506298828e+02 6.0506701660e+02 6.0512298584e+02 6.0517797852e+02 6.0527600098e+02 6.0525799561e+02 6.0523101807e+02 6.0530102539e+02 6.0540802002e+02 6.0555798340e+02 6.0575201416e+02 6.0592199707e+02 6.0597497559e+02 6.0603198242e+02 6.0614099121e+02 6.0630499268e+02 6.0655798340e+02 6.0681500244e+02 6.0702801514e+02 6.0721801758e+02 6.0742297363e+02 6.0753497314e+02 6.0752899170e+02 6.0750299072e+02 6.0742102051e+02 6.0735498047e+02 6.0736602783e+02 6.0745599365e+02 6.0761602783e+02 6.0773901367e+02 6.0787701416e+02 6.0811499023e+02 6.0837597656e+02 6.0855798340e+02 6.0872802734e+02 6.0886401367e+02 6.0886901855e+02 6.0887402344e+02 6.0894000244e+02 6.0907202148e+02 6.0921997070e+02
6.0314099121e+02 6.0323101807e+02 6.0326397705e+02 6.0358099365e+02 6.0434002686e+02 6.0480297852e+02 6.0485302734e+02 6.0490301514e+02 6.0497802734e+02 6.0510998535e+02 6.0506896973e+02 6.0500701904e+02 6.0514801025e+02 6.0533001709e+02 6.0546301270e+02 6.0558099365e+02 6.0571502686e+02 6.0581799316e+02 6.0590502930e+02 6.0601202393e+02 6.0614898682e+02 6.0639599609e+02 6.0667498779e+02 6.0690301514e+02 6.0709497070e+02 6.0732598877e+02 6.0744799805e+02 6.0746398926e+02 6.0742401123e+02 6.0730499268e+02 6.0722302246e+02 6.0721801758e+02 6.0728100586e+02 6.0742498779e+02 6.0755999756e+02 6.0767700195e+02 6.0785601807e+02 6.0804699707e+02 6.0818902588e+02 6.0834100342e+02 6.0848297119e+02 6.0856896973e+02 6.0863800049e+02 6.0873101807e+02 6.0886401367e+02 6.0902600098e+02
6.0303698730e+02 6.0306298828e+02 6.0302398682e+02 6.0332501221e+02 6.0420202637e+02 6.0459301758e+02 6.0460601807e+02 6.0473297119e+02 6.0486199951e+02 6.0489801025e+02 6.0484802246e+02 6.0484002686e+02 6.0508099365e+02 6.0538397217e+02 6.0552099609e+02 6.0547698975e+02 6.0545001221e+02 6.0558502197e+02 6.0572998047e+02 6.0589398193e+02 6.0605700684e+02 6.0630499268e+02 6.0658599854e+02 6.0680902100e+02 6.0697601318e+02 6.0715899658e+02 6.0723400879e+02 6.0725500488e+02 6.0722198486e+02 6.0711499023e+02 6.0707299805e+02 6.0707800293e+02 6.0711199951e+02 6.0722497559e+02 6.0736297607e+02 6.0747100830e+02 6.0758801270e+02 6.0772399902e+02 6.0786999512e+02 6.0803698730e+02 6.0820898438e+02 6.0834997559e+02 6.0846002197e+02 6.0857501221e+02 6.0871099854e+02 6.0888000488e+02
6.0286602783e+02 6.0282397461e+02 6.0285699463e+02 6.0342999268e+02 6.0457000732e+02 6.0469201660e+02 6.0447698975e+02 6.0453100586e+02 6.0465698242e+02 6.0463702393e+02 6.0460400391e+02 6.0464599609e+02 6.0489599609e+02 6.0524102783e+02 6.0537902832e+02 6.0527197266e+02 6.0520501709e+02 6.0535101318e+02 6.0554199219e+02 6.0577600098e+02 6.0599200439e+02 6.0622698975e+02 6.0649298096e+02 6.0670599365e+02 6.0682598877e+02 6.0688201904e+02 6.0688299561e+02 6.0690600586e+02 6.0691101074e+02 6.0686700439e+02 6.0688397217e+02 6.0691998291e+02 6.0694097900e+02 6.0702001953e+02 6.0714300537e+02 6.0724700928e+02 6.0735900879e+02 6.0749902344e+02 6.0765698242e+02 6.0784399414e+02 6.0804302979e+02 6.0820599365e+02 6.0833398438e+02 6.0845397949e+02 6.0859100342e+02 6.0875097656e+02
6.0271099854e+02 6.0259497070e+02 6.0262701416e+02 6.0311102295e+02 6.0409997559e+02 6.0456298828e+02 6.0442700195e+02 6.0427801514e+02 6.0421099854e+02 6.0427398682e+02 6.0432501221e+02 6.0439599609e+02 6.0452001953e+02 6.0472100830e+02 6.0484899902e+02 6.0489300537e+02 6.0503900146e+02 6.0520800781e+02 6.0539300537e+02 6.0565002441e+02 6.0586499023e+02 6.0607397461e+02 6.0631402588e+02 6.0653100586e+02 6.0663397217e+02 6.0659997559e+02 6.0657800293e+02 6.0661199951e+02 6.0665100098e+02 6.0663702393e+02 6.0667401123e+02 6.0673602295e+02 6.0678002930e+02 6.0685998535e+02 6.0696099854e+02 6.0705999756e+02 6.0719702148e+02 6.0735198975e+02 6.0750799561e+02 6.0770001221e+02 6.0792102051e+02 6.0807897949e+02 6.0821899414e+02 6.0835198975e+02 6.0848101807e+02 6.0862597656e+02
6.0238702393e+02 6.0235302734e+02 6.0234197998e+02 6.0253497314e+02 6.0301599121e+02 6.0351300049e+02 6.0374700928e+02 6.0382800293e+02 6.0386199951e+02 6.0394799805e+02 6.0406799316e+02 6.0422198486e+02 6.0434802246e+02 6.0441802979e+02 6.0453900146e+02 6.0468200684e+02 6.0488201904e+02 6.0508197021e+02 6.0524798584e+02 6.0548297119e+02 6.0566497803e+02 6.0579699707e+02 6.0600500488e+02 6.0622399902e+02 6.0634698486e+02 6.0635998535e+02 6.0636798096e+02 6.0639697266e+02 6.0644000244e+02 6.0646697998e+02 6.0649401855e+02 6.0654901123e+02 6.0663800049e+02 6.0671398926e+02 6.0680902100e+02 6.0692797852e+02 6.0708099365e+02 6.0725201416e+02 6.0741198730e+02 6.0759301758e+02 6.0779101563e+02 6.0795397949e+02 6.0813299561e+02 6.0829199219e+02 6.0839801025e+02 6.0848602295e+02
6.0206597900e+02 6.0212097168e+02 6.0214099121e+02 6.0222198486e+02 6.0242999268e+02 6.0270697021e+02 6.0299298096e+02 6.0325500488e+02 6.0349902344e+02 6.0370599365e+02 6.0389099121e+02 6.0407800293e+02 6.0421997070e+02 6.0424401855e+02 6.0433300781e+02 6.0450598145e+02 6.0472302246e+02 6.0488800049e+02 6.0503399658e+02 6.0524798584e+02 6.0543597412e+02 6.0555102539e+02 6.0572698975e+02 6.0591497803e+02 6.0602301025e+02 6.0608599854e+02 6.0615698242e+02 6.0619201660e+02 6.0620397949e+02 6.0624102783e+02 6.0628601074e+02 6.0636102295e+02 6.0650500488e+02 6.0659301758e+02 6.0670300293e+02 6.0685400391e+02 6.0700598145e+02 6.0717700195e+02 6.0734002686e+02 6.0750598145e+02 6.0767602539e+02 6.0785601807e+02 6.0806597900e+02 6.0824902344e+02 6.0833300781e+02 6.0835498047e+02
6.0179101563e+02 6.0186798096e+02 6.0194500732e+02 6.0205102539e+02 6.0226000977e+02 6.0246899414e+02 6.0268103027e+02 6.0293298340e+02 6.0327502441e+02 6.0360498047e+02 6.0378601074e+02 6.0394000244e+02 6.0411499023e+02 6.0413000488e+02 6.0414697266e+02 6.0432098389e+02 6.0456097412e+02 6.0466998291e+02 6.0479602051e+02 6.0497900391e+02 6.0516802979e+02 6.0532800293e+02 6.0551501465e+02 6.0568402100e+02 6.0577502441e+02 6.0587298584e+02 6.0598797607e+02 6.0604302979e+02 6.0600897217e+02 6.0602600098e+02 6.0610302734e+02 6.0622302246e+02 6.0638702393e+02 6.0650598145e+02 6.0663800049e+02 6.0679199219e+02 6.0693499756e+02 6.0708898926e+02 6.0723699951e+02 6.0739001465e+02 6.0754400635e+02 6.0771502686e+02 6.0793499756e+02 6.0814202881e+02 6.0824798584e+02 6.0823901367e+02
6.0158398438e+02 6.0162799072e+02 6.0170898438e+02 6.0184600830e+02 6.0205297852e+02 6.0234997559e+02 6.0257202148e+02 6.0275799561e+02 6.0307598877e+02 6.0345800781e+02 6.0359802246e+02 6.0369897461e+02 6.0390100098e+02 6.0407800293e+02 6.0404602051e+02 6.0414300537e+02 6.0436499023e+02 6.0443597412e+02 6.0455902100e+02 6.0470397949e+02 6.0485601807e+02 6.0505401611e+02 6.0526898193e+02 6.0544897461e+02 6.0555102539e+02 6.0564697266e+02 6.0575701904e+02 6.0583599854e+02 6.0584698486e+02 6.0587701416e+02 6.0597998047e+02 6.0613000488e+02 6.0628802490e+02 6.0640399170e+02 6.0653399658e+02 6.0666198730e+02 6.0679797363e+02 6.0691497803e+02 6.0704302979e+02 6.0720001221e+02 6.0734497070e+02 6.0747998047e+02 6.0767498779e+02 6.0789501953e+02 6.0804699707e+02 6.0810400391e+02
6.0131402588e+02 6.0140399170e+02 6.0151300049e+02 6.0165600586e+02 6.0186102295e+02 6.0213397217e+02 6.0235998535e+02 6.0252398682e+02 6.0277099609e+02 6.0309899902e+02 6.0325701904e+02 6.0338299561e+02 6.0360699463e+02 6.0381500244e+02 6.0384698486e+02 6.0388500977e+02 6.0403100586e+02 6.0415600586e+02 6.0433898926e+02 6.0450598145e+02 6.0466601563e+02 6.0483398438e+02 6.0502502441e+02 6.0519799805e+02 6.0529998779e+02 6.0538897705e+02 6.0549102783e+02 6.0559301758e+02 6.0568298340e+02 6.0577801514e+02 6.0586199951e+02 6.0599700928e+02 6.0614300537e+02 6.0623297119e+02 6.0636999512e+02 6.0650799561e+02 6.0662799072e+02 6.0672100830e+02 6.0686102295e+02 6.0703802490e+02 6.0718701172e+02 6.0728802490e+02 6.0742498779e+02 6.0760699463e+02 6.0777899170e+02 6.0791802979e+02
6.0103399658e+02 6.0116302490e+02 6.0132800293e+02 6.0151300049e+02 6.0171600342e+02 6.0194897461e+02 6.0216400146e+02 6.0234600830e+02 6.0257702637e+02 6.0283502197e+02 6.0302099609e+02 6.0320202637e+02 6.0341400146e+02 6.0359600830e+02 6.0368499756e+02 6.0374798584e+02 6.0386700439e+02 6.0401397705e+02 6.0418103027e+02 6.0434399414e+02 6.0450097656e+02 6.0465997314e+02 6.0483697510e+02 6.0500201416e+02 6.0510797119e+02 6.0519000244e+02 6.0527697754e+02 6.0538299561e+02 6.0553601074e+02 6.0568499756e+02 6.0571997070e+02 6.0578399658e+02 6.0590502930e+02 6.0606799316e+02 6.0626898193e+02 6.0639398193e+02 6.0644702148e+02 6.0653997803e+02 6.0671697998e+02 6.0690600586e+02 6.0704101563e+02 6.0714898682e+02 6.0726898193e+02 6.0742297363e+02 6.0759002686e+02 6.0775000000e+02
6.0087097168e+02 6.0104498291e+02 6.0125701904e+02 6.0147198486e+02 6.0168597412e+02 6.0191400146e+02 6.0212298584e+02 6.0232299805e+02 6.0255297852e+02 6.0276501465e+02 6.0296197510e+02 6.0317901611e+02 6.0340002441e+02 6.0355200195e+02 6.0363897705e+02 6.0370202637e+02 6.0378802490e+02 6.0389202881e+02 6.0400097656e+02 6.0412902832e+02 6.0427899170e+02 6.0443298340e+02 6.0458697510e+02 6.0474298096e+02 6.0487799072e+02 6.0496997070e+02 6.0505401611e+02 6.0515600586e+02 6.0531799316e+02 6.0546197510e+02 6.0549298096e+02 6.0553100586e+02 6.0563897705e+02 6.0589099121e+02 6.0615802002e+02 6.0627502441e+02 6.0627099609e+02 6.0636199951e+02 6.0654998779e+02 6.0673498535e+02 6.0686602783e+02 6.0700701904e+02 6.0714398193e+02 6.0729400635e+02 6.0745898438e+02 6.0761401367e+02
6.0087097168e+02 6.0105499268e+02 6.0126800537e+02 6.0148297119e+02 6.0171398926e+02 6.0194799805e+02 6.0215997314e+02 6.0236297607e+02 6.0259197998e+02 6.0280200195e+02 6.0298602295e+02 6.0319598389e+02 6.0344396973e+02 6.0358197021e+02 6.0364099121e+02 6.0368701172e+02 6.0378002930e+02 6.0385101318e+02 6.0392602539e+02 6.0401599121e+02 6.0414001465e+02 6.0423199463e+02 6.0433898926e+02 6.0446099854e+02 6.0457598877e+02 6.0470800781e+02 6.0482098389e+02 6.0491601563e+02 6.0499200439e+02 6.0512799072e+02 6.0524102783e+02 6.0534100342e+02 6.0545599365e+02 6.0564599609e+02 6.0588000488e+02 6.0603601074e+02 6.0610400391e+02 6.0620300293e+02 6.0637200928e+02 6.0655401611e+02 6.0673199463e+02 6.0685302734e+02 6.0700299072e+02 6.0715600586e+02 6.0731896973e+02 6.0748699951e+02
6.0081597900e+02 6.0101300049e+02 6.0122302246e+02 6.0143499756e+02 6.0164801025e+02 6.0185302734e+02 6.0206402588e+02 6.0228399658e+02 6.0249597168e+02 6.0271899414e+02 6.0291900635e+02 6.0310797119e+02 6.0330401611e+02 6.0345697021e+02 6.0355603027e+02 6.0363299561e+02 6.0371398926e+02 6.0381402588e+02 6.0390002441e+02 6.0400000000e+02 6.0410900879e+02 6.0419702148e+02 6.0429699707e+02 6.0441601563e+02 6.0453100586e+02 6.0463397217e+02 6.0472900391e+02 6.0479797363e+02 6.0486401367e+02 6.0496697998e+02 6.0507000732e+02 6.0517102051e+02 6.0528997803e+02 6.0543103027e+02 6.0560900879e+02 6.0577502441e+02 6.0589099121e+02 6.0601599121e+02 6.0618402100e+02 6.0635998535e+02 6.0653100586e+02 6.0668103027e+02 6.0683502197e+02 6.0699102783e+02 6.0714300537e+02 6.0730798340e+02
6.0069396973e+02 6.0091601563e+02 6.0114599609e+02 6.0134899902e+02 6.0152197266e+02 6.0165997314e+02 6.0183099365e+02 6.0204699707e+02 6.0226702881e+02 6.0247698975e+02 6.0267602539e+02 6.0284997559e+02 6.0300701904e+02 6.0315002441e+02 6.0327899170e+02 6.0339300537e+02 6.0350000000e+02 6.0361401367e+02 6.0372198486e+02 6.0384899902e+02 6.0398797607e+02 6.0408801270e+02 6.0419598389e+02 6.0432000732e+02 6.0444000244e+02 6.0456298828e+02 6.0467901611e+02 6.0478002930e+02 6.0485101318e+02 6.0491802979e+02 6.0499200439e+02 6.0507299805e+02 6.0516802979e+02 6.0527301025e+02 6.0540802002e+02 6.0554199219e+02 6.0566198730e+02 6.0578997803e+02 6.0595397949e+02 6.0611901855e+02 6.0627801514e+02 6.0643902588e+02 6.0659497070e+02 6.0675201416e+02 6.0690197754e+02 6.0706402588e+02
6.0049798584e+02 6.0076702881e+02 6.0104901123e+02 6.0125000000e+02 6.0136401367e+02 6.0144000244e+02 6.0155999756e+02 6.0175500488e+02 6.0198498535e+02 6.0217797852e+02 6.0236199951e+02 6.0252099609e+02 6.0265997314e+02 6.0278997803e+02 6.0292999268e+02 6.0306097412e+02 6.0318298340e+02 6.0330102539e+02 6.0342999268e+02 6.0358398438e+02 6.0375000000e+02 6.0385998535e+02 6.0398101807e+02 6.0411297607e+02 6.0423297119e+02 6.0434899902e+02 6.0449401855e+02 6.0466198730e+02 6.0479302979e+02 6.0486602783e+02 6.0495300293e+02 6.0504498291e+02 6.0512200928e+02 6.0521697998e+02 6.0532000732e+02 6.0541400146e+02 6.0551800537e+02 6.0563000488e+02 6.0575897217e+02 6.0589300537e+02 6.0603601074e+02 6.0619000244e+02 6.0633197021e+02 6.0647900391e+02 6.0662799072e+02 6.0678601074e+02
