TESTSERVER/22/18.asc
NCOLS 100
NROWS 100
XLLCORNER 8.5997500000e+03
YLLCORNER 2.8905025000e+05
CELLSIZE 5.0000000000e-01
NODATA_VALUE -9.9990000000e+03
[rows 40 to 59 of 100, columns 46 to 91 of 100]
5.8752600098e+02 5.8771002197e+02 5.8789599609e+02 5.8808398438e+02 5.8827197266e+02 5.8845202637e+02 5.8864697266e+02 5.8884301758e+02 5.8905499268e+02 5.8929302979e+02 5.8952899170e+02 5.8975897217e+02 5.8997399902e+02 5.9016497803e+02 5.9029797363e+02 5.9039300537e+02 5.9051397705e+02 5.9066802979e+02 5.9085998535e+02 5.9111700439e+02 5.9140997314e+02 5.9167297363e+02 5.9192199707e+02 5.9216400146e+02 5.9241497803e+02 5.9265997314e+02 5.9290899658e+02 5.9315802002e+02 5.9337298584e+02 5.9362402344e+02 5.9386297607e+02 5.9408697510e+02 5.9432800293e+02 5.9455798340e+02 5.9478002930e+02 5.9502801514e+02 5.9527099609e+02 5.9550402832e+02 5.9575701904e+02 5.9599700928e+02 5.9623297119e+02 5.9650598145e+02 5.9674102783e+02 5.9693200684e+02 5.9714898682e+02 5.9738397217e+02
5.8733898926e+02 5.8750299072e+02 5.8768701172e+02 5.8788800049e+02 5.8808398438e+02 5.8826599121e+02 5.8844201660e+02 5.8863299561e+02 5.8886798096e+02 5.8908001709e+02 5.8928698730e+02 5.8951898193e+02 5.8975799561e+02 5.9000500488e+02 5.9019598389e+02 5.9032299805e+02 5.9043701172e+02 5.9055200195e+02 5.9068298340e+02 5.9086798096e+02 5.9110101318e+02 5.9138000488e+02 5.9166497803e+02 5.9192797852e+02 5.9218499756e+02 5.9243798828e+02 5.9269000244e+02 5.9292999268e+02 5.9314801025e+02 5.9339099121e+02 5.9364801025e+02 5.9386798096e+02 5.9409301758e+02 5.9433398438e+02 5.9456097412e+02 5.9479797363e+02 5.9503601074e+02 5.9527398682e+02 5.9552001953e+02 5.9576202393e+02 5.9601800537e+02 5.9628100586e+02 5.9651702881e+02 5.9672601318e+02 5.9693902588e+02 5.9716998291e+02
5.8714202881e+02 5.8731597900e+02 5.8749798584e+02 5.8768798828e+02 5.8787597656e+02 5.8806597900e+02 5.8823602295e+02 5.8841699219e+02 5.8865100098e+02 5.8884600830e+02 5.8904199219e+02 5.8927398682e+02 5.8951397705e+02 5.8977600098e+02 5.9001397705e+02 5.9020001221e+02 5.9035998535e+02 5.9048297119e+02 5.9058197021e+02 5.9070202637e+02 5.9085601807e+02 5.9108801270e+02 5.9135797119e+02 5.9163500977e+02 5.9190997314e+02 5.9217297363e+02 5.9243701172e+02 5.9269201660e+02 5.9293597412e+02 5.9316302490e+02 5.9341400146e+02 5.9364099121e+02 5.9387200928e+02 5.9410198975e+02 5.9433398438e+02 5.9458099365e+02 5.9482000732e+02 5.9506298828e+02 5.9530401611e+02 5.9553399658e+02 5.9579302979e+02 5.9605902100e+02 5.9629302979e+02 5.9652398682e+02 5.9674700928e+02 5.9696600342e+02
5.8694897461e+02 5.8713299561e+02 5.8731298828e+02 5.8749200439e+02 5.8766699219e+02 5.8785797119e+02 5.8803900146e+02 5.8822302246e+02 5.8843902588e+02 5.8862402344e+02 5.8881597900e+02 5.8903399658e+02 5.8926300049e+02 5.8951800537e+02 5.8976800537e+02 5.8999298096e+02 5.9021997070e+02 5.9039801025e+02 5.9051501465e+02 5.9061199951e+02 5.9071301270e+02 5.9086700439e+02 5.9107098389e+02 5.9132202148e+02 5.9161297607e+02 5.9189300537e+02 5.9215802002e+02 5.9242401123e+02 5.9270397949e+02 5.9294000244e+02 5.9318499756e+02 5.9341802979e+02 5.9366101074e+02 5.9388098145e+02 5.9410797119e+02 5.9436798096e+02 5.9461798096e+02 5.9485400391e+02 5.9510101318e+02 5.9532800293e+02 5.9557000732e+02 5.9584497070e+02 5.9608502197e+02 5.9632702637e+02 5.9656402588e+02 5.9678698730e+02
5.8676300049e+02 5.8693902588e+02 5.8712097168e+02 5.8730700684e+02 5.8749298096e+02 5.8765600586e+02 5.8783898926e+02 5.8803497314e+02 5.8823297119e+02 5.8841198730e+02 5.8859802246e+02 5.8880401611e+02 5.8901898193e+02 5.8927398682e+02 5.8950897217e+02 5.8973498535e+02 5.8997998047e+02 5.9023999023e+02 5.9041601563e+02 5.9054199219e+02 5.9065002441e+02 5.9073901367e+02 5.9086798096e+02 5.9105200195e+02 5.9128802490e+02 5.9161401367e+02 5.9188800049e+02 5.9215698242e+02 5.9244799805e+02 5.9270098877e+02 5.9294702148e+02 5.9317602539e+02 5.9341400146e+02 5.9365600586e+02 5.9388000488e+02 5.9413500977e+02 5.9439202881e+02 5.9463000488e+02 5.9488299561e+02 5.9513299561e+02 5.9537298584e+02 5.9562799072e+02 5.9587097168e+02 5.9610900879e+02 5.9634301758e+02 5.9659002686e+02
5.8657098389e+02 5.8675097656e+02 5.8693103027e+02 5.8711199951e+02 5.8729998779e+02 5.8747198486e+02 5.8764501953e+02 5.8783001709e+02 5.8803002930e+02 5.8820898438e+02 5.8838000488e+02 5.8856896973e+02 5.8876898193e+02 5.8902001953e+02 5.8925402832e+02 5.8948101807e+02 5.8973101807e+02 5.8999798584e+02 5.9023498535e+02 5.9042901611e+02 5.9057397461e+02 5.9067401123e+02 5.9076898193e+02 5.9088500977e+02 5.9105902100e+02 5.9131201172e+02 5.9158398438e+02 5.9187500000e+02 5.9218902588e+02 5.9248199463e+02 5.9273901367e+02 5.9296099854e+02 5.9319500732e+02 5.9344396973e+02 5.9367297363e+02 5.9392102051e+02 5.9417102051e+02 5.9442297363e+02 5.9468298340e+02 5.9493298340e+02 5.9516601563e+02 5.9542102051e+02 5.9566497803e+02 5.9590802002e+02 5.9614300537e+02 5.9638598633e+02
5.8638299561e+02 5.8656597900e+02 5.8674902344e+02 5.8692700195e+02 5.8710797119e+02 5.8728698730e+02 5.8746099854e+02 5.8763397217e+02 5.8782098389e+02 5.8800000000e+02 5.8817401123e+02 5.8836798096e+02 5.8856896973e+02 5.8878802490e+02 5.8900299072e+02 5.8922802734e+02 5.8948400879e+02 5.8973400879e+02 5.9000000000e+02 5.9024700928e+02 5.9044097900e+02 5.9060699463e+02 5.9072100830e+02 5.9080700684e+02 5.9092797852e+02 5.9109100342e+02 5.9130999756e+02 5.9158197021e+02 5.9189099121e+02 5.9219897461e+02 5.9248901367e+02 5.9273699951e+02 5.9298699951e+02 5.9324298096e+02 5.9346997070e+02 5.9371301270e+02 5.9395800781e+02 5.9420898438e+02 5.9447900391e+02 5.9473602295e+02 5.9495202637e+02 5.9519396973e+02 5.9545202637e+02 5.9571502686e+02 5.9595800781e+02 5.9619000244e+02
5.8621398926e+02 5.8639099121e+02 5.8657598877e+02 5.8675598145e+02 5.8692797852e+02 5.8710198975e+02 5.8727899170e+02 5.8745397949e+02 5.8763000488e+02 5.8780102539e+02 5.8797802734e+02 5.8817700195e+02 5.8837799072e+02 5.8857098389e+02 5.8876702881e+02 5.8898498535e+02 5.8923901367e+02 5.8946600342e+02 5.8972802734e+02 5.8998999023e+02 5.9021398926e+02 5.9044702148e+02 5.9063000488e+02 5.9075500488e+02 5.9087402344e+02 5.9098297119e+02 5.9112902832e+02 5.9133898926e+02 5.9160900879e+02 5.9189202881e+02 5.9218902588e+02 5.9247998047e+02 5.9277001953e+02 5.9302502441e+02 5.9324597168e+02 5.9349401855e+02 5.9375000000e+02 5.9398699951e+02 5.9425799561e+02 5.9452899170e+02 5.9474902344e+02 5.9497198486e+02 5.9522802734e+02 5.9550701904e+02 5.9575201416e+02 5.9597802734e+02
5.8604498291e+02 5.8622601318e+02 5.8640698242e+02 5.8658697510e+02 5.8674700928e+02 5.8690698242e+02 5.8708502197e+02 5.8727899170e+02 5.8745501709e+02 5.8761901855e+02 5.8778497314e+02 5.8796600342e+02 5.8815399170e+02 5.8836999512e+02 5.8856701660e+02 5.8876098633e+02 5.8897998047e+02 5.8921697998e+02 5.8945800781e+02 5.8970800781e+02 5.8994702148e+02 5.9020697021e+02 5.9045800781e+02 5.9066497803e+02 5.9083398438e+02 5.9093298340e+02 5.9103802490e+02 5.9118103027e+02 5.9136999512e+02 5.9161297607e+02 5.9188702393e+02 5.9220001221e+02 5.9253601074e+02 5.9279998779e+02 5.9302001953e+02 5.9326501465e+02 5.9352197266e+02 5.9376000977e+02 5.9402801514e+02 5.9430700684e+02 5.9455999756e+02 5.9477301025e+02 5.9500201416e+02 5.9527197266e+02 5.9553997803e+02 5.9576300049e+02
5.8588800049e+02 5.8605200195e+02 5.8621502686e+02 5.8639001465e+02 5.8656500244e+02 5.8673199463e+02 5.8689898682e+02 5.8708801270e+02 5.8727099609e+02 5.8743902588e+02 5.8759997559e+02 5.8777899170e+02 5.8796197510e+02 5.8817297363e+02 5.8836999512e+02 5.8855798340e+02 5.8877697754e+02 5.8898498535e+02 5.8919702148e+02 5.8943499756e+02 5.8968200684e+02 5.8994702148e+02 5.9021697998e+02 5.9047198486e+02 5.9070098877e+02 5.9085699463e+02 5.9097497559e+02 5.9108801270e+02 5.9123101807e+02 5.9140399170e+02 5.9162402344e+02 5.9189501953e+02 5.9222802734e+02 5.9254699707e+02 5.9281298828e+02 5.9305700684e+02 5.9330401611e+02 5.9354400635e+02 5.9380700684e+02 5.9407800293e+02 5.9434002686e+02 5.9459497070e+02 5.9481201172e+02 5.9504199219e+02 5.9529400635e+02 5.9554302979e+02
5.8571197510e+02 5.8586401367e+02 5.8600799561e+02 5.8617700195e+02 5.8637097168e+02 5.8655401611e+02 5.8672399902e+02 5.8689898682e+02 5.8707397461e+02 5.8724597168e+02 5.8741699219e+02 5.8759899902e+02 5.8778002930e+02 5.8797698975e+02 5.8816699219e+02 5.8835797119e+02 5.8858398438e+02 5.8878002930e+02 5.8897900391e+02 5.8920397949e+02 5.8943902588e+02 5.8968499756e+02 5.8994000244e+02 5.9021899414e+02 5.9050000000e+02 5.9070697021e+02 5.9088098145e+02 5.9102001953e+02 5.9114398193e+02 5.9127398682e+02 5.9142901611e+02 5.9162799072e+02 5.9189599609e+02 5.9222698975e+02 5.9255297852e+02 5.9282800293e+02 5.9306799316e+02 5.9331896973e+02 5.9358502197e+02 5.9384802246e+02 5.9410302734e+02 5.9438397217e+02 5.9462597656e+02 5.9484197998e+02 5.9506597900e+02 5.9532702637e+02
5.8552197266e+02 5.8567700195e+02 5.8581799316e+02 5.8598101807e+02 5.8617999268e+02 5.8636999512e+02 5.8654302979e+02 5.8671697998e+02 5.8688598633e+02 5.8705700684e+02 5.8723400879e+02 5.8741998291e+02 5.8760101318e+02 5.8778900146e+02 5.8797601318e+02 5.8815899658e+02 5.8837298584e+02 5.8857202148e+02 5.8877899170e+02 5.8899700928e+02 5.8921899414e+02 5.8945001221e+02 5.8967901611e+02 5.8995397949e+02 5.9026599121e+02 5.9049902344e+02 5.9071600342e+02 5.9090997314e+02 5.9107397461e+02 5.9120898438e+02 5.9132397461e+02 5.9144500732e+02 5.9161602783e+02 5.9188000488e+02 5.9221997070e+02 5.9254400635e+02 5.9281701660e+02 5.9309100342e+02 5.9336499023e+02 5.9362500000e+02 5.9387298584e+02 5.9413598633e+02 5.9440502930e+02 5.9464697266e+02 5.9486798096e+02 5.9511700439e+02
5.8532702637e+02 5.8549298096e+02 5.8564697266e+02 5.8581402588e+02 5.8599798584e+02 5.8617999268e+02 5.8634899902e+02 5.8653302002e+02 5.8671600342e+02 5.8688098145e+02 5.8705603027e+02 5.8723699951e+02 5.8741900635e+02 5.8761297607e+02 5.8780401611e+02 5.8798498535e+02 5.8816998291e+02 5.8836499023e+02 5.8858099365e+02 5.8879101563e+02 5.8899499512e+02 5.8923101807e+02 5.8946398926e+02 5.8972100830e+02 5.9000701904e+02 5.9026501465e+02 5.9049298096e+02 5.9072601318e+02 5.9094299316e+02 5.9111199951e+02 5.9125299072e+02 5.9135498047e+02 5.9145098877e+02 5.9161999512e+02 5.9189801025e+02 5.9223101807e+02 5.9253997803e+02 5.9285601807e+02 5.9313897705e+02 5.9340100098e+02 5.9366802979e+02 5.9388897705e+02 5.9414697266e+02 5.9442498779e+02 5.9467498779e+02 5.9489300537e+02
5.8512200928e+02 5.8528802490e+02 5.8545397949e+02 5.8564001465e+02 5.8582897949e+02 5.8599499512e+02 5.8615002441e+02 5.8633801270e+02 5.8654602051e+02 5.8671502686e+02 5.8688702393e+02 5.8706500244e+02 5.8723999023e+02 5.8742199707e+02 5.8760998535e+02 5.8779901123e+02 5.8798297119e+02 5.8816400146e+02 5.8838500977e+02 5.8859197998e+02 5.8878497314e+02 5.8901098633e+02 5.8924902344e+02 5.8949200439e+02 5.8974902344e+02 5.8999499512e+02 5.9025201416e+02 5.9051202393e+02 5.9076397705e+02 5.9098297119e+02 5.9117498779e+02 5.9130902100e+02 5.9139801025e+02 5.9151000977e+02 5.9168902588e+02 5.9193701172e+02 5.9222198486e+02 5.9255999756e+02 5.9285400391e+02 5.9312799072e+02 5.9342602539e+02 5.9367700195e+02 5.9392102051e+02 5.9418701172e+02 5.9444396973e+02 5.9468499756e+02
5.8492199707e+02 5.8509899902e+02 5.8526702881e+02 5.8545202637e+02 5.8564001465e+02 5.8582000732e+02 5.8598498535e+02 5.8616699219e+02 5.8636102295e+02 5.8653601074e+02 5.8670501709e+02 5.8687597656e+02 5.8705297852e+02 5.8723901367e+02 5.8742498779e+02 5.8760900879e+02 5.8780200195e+02 5.8798400879e+02 5.8819396973e+02 5.8839697266e+02 5.8859802246e+02 5.8881500244e+02 5.8904101563e+02 5.8927502441e+02 5.8951397705e+02 5.8974200439e+02 5.8999902344e+02 5.9027301025e+02 5.9054901123e+02 5.9079901123e+02 5.9102502441e+02 5.9121502686e+02 5.9135998535e+02 5.9146801758e+02 5.9157397461e+02 5.9172601318e+02 5.9194799805e+02 5.9225402832e+02 5.9255999756e+02 5.9286901855e+02 5.9318402100e+02 5.9346697998e+02 5.9371600342e+02 5.9396502686e+02 5.9420898438e+02 5.9446899414e+02
5.8473400879e+02 5.8491302490e+02 5.8507897949e+02 5.8524902344e+02 5.8543298340e+02 5.8563299561e+02 5.8581799316e+02 5.8599798584e+02 5.8616900635e+02 5.8635400391e+02 5.8652600098e+02 5.8669500732e+02 5.8687799072e+02 5.8707000732e+02 5.8725598145e+02 5.8743402100e+02 5.8762597656e+02 5.8780999756e+02 5.8800402832e+02 5.8819897461e+02 5.8841101074e+02 5.8861798096e+02 5.8883099365e+02 5.8906201172e+02 5.8929302979e+02 5.8950598145e+02 5.8975598145e+02 5.9002899170e+02 5.9030200195e+02 5.9056500244e+02 5.9082299805e+02 5.9105401611e+02 5.9125598145e+02 5.9140698242e+02 5.9152398682e+02 5.9163702393e+02 5.9178399658e+02 5.9200799561e+02 5.9228698730e+02 5.9259899902e+02 5.9289801025e+02 5.9320800781e+02 5.9348797607e+02 5.9374700928e+02 5.9398400879e+02 5.9424700928e+02
5.8456799316e+02 5.8472802734e+02 5.8489501953e+02 5.8505999756e+02 5.8521997070e+02 5.8542498779e+02 5.8562402344e+02 5.8581597900e+02 5.8598999023e+02 5.8617999268e+02 5.8636102295e+02 5.8653497314e+02 5.8671502686e+02 5.8690301514e+02 5.8709100342e+02 5.8727197266e+02 5.8745202637e+02 5.8763397217e+02 5.8782299805e+02 5.8801898193e+02 5.8822302246e+02 5.8841699219e+02 5.8862402344e+02 5.8884802246e+02 5.8906701660e+02 5.8927398682e+02 5.8950799561e+02 5.8977099609e+02 5.9003302002e+02 5.9031298828e+02 5.9059100342e+02 5.9084497070e+02 5.9109197998e+02 5.9128198242e+02 5.9145697021e+02 5.9159301758e+02 5.9171197510e+02 5.9182598877e+02 5.9202099609e+02 5.9229101563e+02 5.9257202148e+02 5.9291699219e+02 5.9324102783e+02 5.9352099609e+02 5.9377099609e+02 5.9402801514e+02
5.8435900879e+02 5.8453399658e+02 5.8470397949e+02 5.8486901855e+02 5.8502600098e+02 5.8522399902e+02 5.8542700195e+02 5.8564398193e+02 5.8582800293e+02 5.8601000977e+02 5.8618798828e+02 5.8636297607e+02 5.8654302979e+02 5.8671997070e+02 5.8690698242e+02 5.8709802246e+02 5.8728497314e+02 5.8744097900e+02 5.8762701416e+02 5.8783001709e+02 5.8802801514e+02 5.8821099854e+02 5.8841900635e+02 5.8863201904e+02 5.8884698486e+02 5.8904602051e+02 5.8927600098e+02 5.8952697754e+02 5.8976898193e+02 5.9003698730e+02 5.9030902100e+02 5.9058898926e+02 5.9086901855e+02 5.9109600830e+02 5.9131402588e+02 5.9149102783e+02 5.9164599609e+02 5.9176098633e+02 5.9187701416e+02 5.9205102539e+02 5.9228601074e+02 5.9260400391e+02 5.9292297363e+02 5.9324499512e+02 5.9354400635e+02 5.9379797363e+02
5.8414501953e+02 5.8433599854e+02 5.8450799561e+02 5.8467102051e+02 5.8483801270e+02 5.8503002930e+02 5.8522198486e+02 5.8544702148e+02 5.8564599609e+02 5.8582098389e+02 5.8599798584e+02 5.8617999268e+02 5.8636199951e+02 5.8653100586e+02 5.8671099854e+02 5.8690002441e+02 5.8709197998e+02 5.8724700928e+02 5.8743402100e+02 5.8763897705e+02 5.8783398438e+02 5.8802600098e+02 5.8823602295e+02 5.8843402100e+02 5.8863800049e+02 5.8884100342e+02 5.8907000732e+02 5.8929797363e+02 5.8950402832e+02 5.8976202393e+02 5.9003601074e+02 5.9031896973e+02 5.9059399414e+02 5.9085198975e+02 5.9110998535e+02 5.9132397461e+02 5.9152197266e+02 5.9169500732e+02 5.9180603027e+02 5.9191101074e+02 5.9207299805e+02 5.9229901123e+02 5.9256597900e+02 5.9289801025e+02 5.9323797607e+02 5.9351898193e+02
5.8395800781e+02 5.8414501953e+02 5.8431402588e+02 5.8447497559e+02 5.8465197754e+02 5.8483801270e+02 5.8502197266e+02 5.8523999023e+02 5.8544201660e+02 5.8562200928e+02 5.8580200195e+02 5.8598699951e+02 5.8617102051e+02 5.8634997559e+02 5.8652801514e+02 5.8670599365e+02 5.8689501953e+02 5.8706701660e+02 5.8726202393e+02 5.8746002197e+02 5.8763800049e+02 5.8783697510e+02 5.8803997803e+02 5.8821997070e+02 5.8842401123e+02 5.8863598633e+02 5.8885302734e+02 5.8906201172e+02 5.8925897217e+02 5.8951501465e+02 5.8978601074e+02 5.9005401611e+02 5.9031298828e+02 5.9057501221e+02 5.9085601807e+02 5.9110302734e+02 5.9133398438e+02 5.9155902100e+02 5.9172302246e+02 5.9185101318e+02 5.9198297119e+02 5.9211401367e+02 5.9229699707e+02 5.9257299805e+02 5.9288000488e+02 5.9319201660e+02
