TESTSERVER/22/18.asc
NCOLS 100
NROWS 100
XLLCORNER 8.5997500000e+03
YLLCORNER 2.8905025000e+05
CELLSIZE 5.0000000000e-01
NODATA_VALUE -9.9990000000e+03
[rows 60 to 79 of 100, columns 0 to 45 of 100]
5.7582000732e+02 5.7601000977e+02 5.7619396973e+02 5.7639801025e+02 5.7663098145e+02 5.7685302734e+02 5.7704498291e+02 5.7727899170e+02 5.7751397705e+02 5.7771600342e+02 5.7793298340e+02 5.7815301514e+02 5.7834698486e+02 5.7855401611e+02 5.7877398682e+02 5.7896002197e+02 5.7915399170e+02 5.7933697510e+02 5.7950701904e+02 5.7969201660e+02 5.7987799072e+02 5.8004901123e+02 5.8020800781e+02 5.8037402344e+02 5.8052600098e+02 5.8068103027e+02 5.8083697510e+02 5.8099401855e+02 5.8115197754e+02 5.8130798340e+02 5.8144299316e+02 5.8157598877e+02 5.8173101807e+02 5.8186401367e+02 5.8200402832e+02 5.8216998291e+02 5.8231201172e+02 5.8243597412e+02 5.8256402588e+02 5.8271301270e+02 5.8284600830e+02 5.8299700928e+02 5.8318200684e+02 5.8331597900e+02 5.8347100830e+02 5.8363397217e+02
5.7567999268e+02 5.7587902832e+02 5.7605999756e+02 5.7624401855e+02 5.7646801758e+02 5.7669500732e+02 5.7688000488e+02 5.7709600830e+02 5.7734899902e+02 5.7757000732e+02 5.7777099609e+02 5.7797998047e+02 5.7816998291e+02 5.7836999512e+02 5.7859600830e+02 5.7879498291e+02 5.7897198486e+02 5.7914001465e+02 5.7930700684e+02 5.7950598145e+02 5.7969299316e+02 5.7985400391e+02 5.8000598145e+02 5.8018200684e+02 5.8033197021e+02 5.8047399902e+02 5.8063000488e+02 5.8079101563e+02 5.8093902588e+02 5.8109698486e+02 5.8125799561e+02 5.8140997314e+02 5.8155297852e+02 5.8167401123e+02 5.8180499268e+02 5.8196801758e+02 5.8211999512e+02 5.8224597168e+02 5.8238500977e+02 5.8253497314e+02 5.8266101074e+02 5.8280401611e+02 5.8299200439e+02 5.8313800049e+02 5.8330401611e+02 5.8346600342e+02
5.7552899170e+02 5.7571997070e+02 5.7591400146e+02 5.7609899902e+02 5.7630700684e+02 5.7653802490e+02 5.7673901367e+02 5.7693798828e+02 5.7717797852e+02 5.7739599609e+02 5.7758898926e+02 5.7780401611e+02 5.7800799561e+02 5.7820501709e+02 5.7841400146e+02 5.7862200928e+02 5.7880297852e+02 5.7897100830e+02 5.7912402344e+02 5.7930798340e+02 5.7948498535e+02 5.7964001465e+02 5.7979400635e+02 5.7995397949e+02 5.8010900879e+02 5.8026098633e+02 5.8042199707e+02 5.8059100342e+02 5.8075000000e+02 5.8091601563e+02 5.8108001709e+02 5.8121997070e+02 5.8135699463e+02 5.8148400879e+02 5.8161901855e+02 5.8177600098e+02 5.8192700195e+02 5.8206201172e+02 5.8220501709e+02 5.8235998535e+02 5.8248901367e+02 5.8262799072e+02 5.8280700684e+02 5.8295501709e+02 5.8311901855e+02 5.8327801514e+02
5.7538598633e+02 5.7555999756e+02 5.7575201416e+02 5.7595202637e+02 5.7614398193e+02 5.7636297607e+02 5.7657800293e+02 5.7677697754e+02 5.7699499512e+02 5.7720001221e+02 5.7740502930e+02 5.7763397217e+02 5.7784997559e+02 5.7804400635e+02 5.7823999023e+02 5.7844702148e+02 5.7861700439e+02 5.7878900146e+02 5.7894897461e+02 5.7911499023e+02 5.7928100586e+02 5.7943902588e+02 5.7959802246e+02 5.7974499512e+02 5.7990197754e+02 5.8006201172e+02 5.8022900391e+02 5.8039398193e+02 5.8055499268e+02 5.8072302246e+02 5.8088500977e+02 5.8102197266e+02 5.8116302490e+02 5.8129901123e+02 5.8144000244e+02 5.8158502197e+02 5.8172802734e+02 5.8186499023e+02 5.8201202393e+02 5.8216497803e+02 5.8230102539e+02 5.8244396973e+02 5.8261999512e+02 5.8276098633e+02 5.8290698242e+02 5.8305700684e+02
5.7525402832e+02 5.7543298340e+02 5.7561199951e+02 5.7581402588e+02 5.7599200439e+02 5.7618402100e+02 5.7639599609e+02 5.7660998535e+02 5.7682702637e+02 5.7702697754e+02 5.7723101807e+02 5.7745098877e+02 5.7766699219e+02 5.7786602783e+02 5.7806500244e+02 5.7827502441e+02 5.7842999268e+02 5.7859600830e+02 5.7877398682e+02 5.7893902588e+02 5.7909197998e+02 5.7924298096e+02 5.7940301514e+02 5.7958398438e+02 5.7974597168e+02 5.7989599609e+02 5.8003997803e+02 5.8019500732e+02 5.8034399414e+02 5.8050799561e+02 5.8065899658e+02 5.8082202148e+02 5.8098602295e+02 5.8112701416e+02 5.8125799561e+02 5.8138897705e+02 5.8151898193e+02 5.8165698242e+02 5.8180999756e+02 5.8196600342e+02 5.8210498047e+02 5.8225402832e+02 5.8244396973e+02 5.8255700684e+02 5.8267999268e+02 5.8282702637e+02
5.7511401367e+02 5.7529101563e+02 5.7546899414e+02 5.7567999268e+02 5.7585998535e+02 5.7603802490e+02 5.7622601318e+02 5.7643402100e+02 5.7666198730e+02 5.7686199951e+02 5.7701800537e+02 5.7722802734e+02 5.7745898438e+02 5.7766998291e+02 5.7787500000e+02 5.7809399414e+02 5.7826800537e+02 5.7842901611e+02 5.7859997559e+02 5.7878002930e+02 5.7893298340e+02 5.7907000732e+02 5.7921697998e+02 5.7939398193e+02 5.7955499268e+02 5.7969702148e+02 5.7984399414e+02 5.8000500488e+02 5.8014398193e+02 5.8029797363e+02 5.8045599365e+02 5.8060998535e+02 5.8077001953e+02 5.8091802979e+02 5.8106896973e+02 5.8121301270e+02 5.8133300781e+02 5.8145397949e+02 5.8161102295e+02 5.8178497314e+02 5.8192401123e+02 5.8205999756e+02 5.8224298096e+02 5.8235797119e+02 5.8248199463e+02 5.8262701416e+02
5.7496197510e+02 5.7513299561e+02 5.7531896973e+02 5.7553100586e+02 5.7571600342e+02 5.7589300537e+02 5.7607202148e+02 5.7626599121e+02 5.7648199463e+02 5.7668402100e+02 5.7684497070e+02 5.7704797363e+02 5.7726300049e+02 5.7747302246e+02 5.7769598389e+02 5.7791497803e+02 5.7810302734e+02 5.7826501465e+02 5.7841699219e+02 5.7858502197e+02 5.7875000000e+02 5.7889898682e+02 5.7903997803e+02 5.7920599365e+02 5.7936401367e+02 5.7950799561e+02 5.7965502930e+02 5.7982702637e+02 5.7996502686e+02 5.8010498047e+02 5.8026300049e+02 5.8040301514e+02 5.8054602051e+02 5.8069000244e+02 5.8085601807e+02 5.8101501465e+02 5.8114599609e+02 5.8127301025e+02 5.8142199707e+02 5.8158898926e+02 5.8172802734e+02 5.8186199951e+02 5.8202801514e+02 5.8214898682e+02 5.8228302002e+02 5.8242602539e+02
5.7481298828e+02 5.7497998047e+02 5.7516302490e+02 5.7536602783e+02 5.7555603027e+02 5.7574401855e+02 5.7592297363e+02 5.7609899902e+02 5.7628399658e+02 5.7647601318e+02 5.7667498779e+02 5.7689501953e+02 5.7708197021e+02 5.7726898193e+02 5.7750897217e+02 5.7772998047e+02 5.7792602539e+02 5.7808599854e+02 5.7822601318e+02 5.7838098145e+02 5.7855700684e+02 5.7872802734e+02 5.7887097168e+02 5.7902001953e+02 5.7917297363e+02 5.7932202148e+02 5.7946697998e+02 5.7963098145e+02 5.7977197266e+02 5.7991400146e+02 5.8007000732e+02 5.8020697021e+02 5.8034497070e+02 5.8047698975e+02 5.8063000488e+02 5.8079302979e+02 5.8094000244e+02 5.8108502197e+02 5.8123498535e+02 5.8138397217e+02 5.8152099609e+02 5.8165997314e+02 5.8182098389e+02 5.8194500732e+02 5.8208099365e+02 5.8221997070e+02
5.7467102051e+02 5.7484399414e+02 5.7501000977e+02 5.7521099854e+02 5.7539300537e+02 5.7557598877e+02 5.7574902344e+02 5.7593597412e+02 5.7609997559e+02 5.7626501465e+02 5.7645397949e+02 5.7670800781e+02 5.7691302490e+02 5.7709399414e+02 5.7729498291e+02 5.7752099609e+02 5.7771600342e+02 5.7787298584e+02 5.7801702881e+02 5.7818200684e+02 5.7836102295e+02 5.7853698730e+02 5.7869396973e+02 5.7883502197e+02 5.7897802734e+02 5.7913299561e+02 5.7928802490e+02 5.7941497803e+02 5.7955798340e+02 5.7970898438e+02 5.7985998535e+02 5.8000701904e+02 5.8015997314e+02 5.8028997803e+02 5.8041802979e+02 5.8056402588e+02 5.8071197510e+02 5.8086700439e+02 5.8103198242e+02 5.8118701172e+02 5.8131701660e+02 5.8145697021e+02 5.8162597656e+02 5.8175201416e+02 5.8188598633e+02 5.8201501465e+02
5.7450701904e+02 5.7469299316e+02 5.7484497070e+02 5.7504602051e+02 5.7522698975e+02 5.7540502930e+02 5.7556097412e+02 5.7573901367e+02 5.7592297363e+02 5.7609197998e+02 5.7625299072e+02 5.7648602295e+02 5.7671002197e+02 5.7690002441e+02 5.7708197021e+02 5.7729199219e+02 5.7749700928e+02 5.7767700195e+02 5.7782702637e+02 5.7799499512e+02 5.7817901611e+02 5.7834497070e+02 5.7849700928e+02 5.7865197754e+02 5.7878997803e+02 5.7893402100e+02 5.7907299805e+02 5.7921197510e+02 5.7936102295e+02 5.7949298096e+02 5.7963598633e+02 5.7979199219e+02 5.7996197510e+02 5.8011102295e+02 5.8022900391e+02 5.8035699463e+02 5.8050097656e+02 5.8065399170e+02 5.8081799316e+02 5.8098101807e+02 5.8111199951e+02 5.8123901367e+02 5.8140502930e+02 5.8154699707e+02 5.8170098877e+02 5.8182202148e+02
5.7433697510e+02 5.7451898193e+02 5.7468103027e+02 5.7486700439e+02 5.7504400635e+02 5.7521398926e+02 5.7537097168e+02 5.7555297852e+02 5.7574401855e+02 5.7591900635e+02 5.7607000732e+02 5.7627099609e+02 5.7648101807e+02 5.7667602539e+02 5.7688201904e+02 5.7708697510e+02 5.7727099609e+02 5.7744897461e+02 5.7762200928e+02 5.7779699707e+02 5.7797302246e+02 5.7812500000e+02 5.7826599121e+02 5.7842102051e+02 5.7856701660e+02 5.7870898438e+02 5.7884002686e+02 5.7899102783e+02 5.7914001465e+02 5.7927502441e+02 5.7941998291e+02 5.7956298828e+02 5.7972998047e+02 5.7988598633e+02 5.8001702881e+02 5.8014697266e+02 5.8029400635e+02 5.8044799805e+02 5.8060400391e+02 5.8075799561e+02 5.8090002441e+02 5.8103900146e+02 5.8120098877e+02 5.8133197021e+02 5.8148400879e+02 5.8161499023e+02
5.7419097900e+02 5.7436401367e+02 5.7452301025e+02 5.7469201660e+02 5.7485400391e+02 5.7501202393e+02 5.7517297363e+02 5.7536297607e+02 5.7554998779e+02 5.7572802734e+02 5.7589501953e+02 5.7607299805e+02 5.7625799561e+02 5.7644799805e+02 5.7667297363e+02 5.7689001465e+02 5.7704797363e+02 5.7721301270e+02 5.7740502930e+02 5.7757202148e+02 5.7773797607e+02 5.7788702393e+02 5.7802197266e+02 5.7817401123e+02 5.7832800293e+02 5.7847601318e+02 5.7860498047e+02 5.7875299072e+02 5.7889398193e+02 5.7903802490e+02 5.7920001221e+02 5.7934301758e+02 5.7950000000e+02 5.7964801025e+02 5.7978601074e+02 5.7993200684e+02 5.8008599854e+02 5.8023699951e+02 5.8038000488e+02 5.8051599121e+02 5.8066699219e+02 5.8082598877e+02 5.8100000000e+02 5.8112097168e+02 5.8126702881e+02 5.8141198730e+02
5.7403497314e+02 5.7419500732e+02 5.7434002686e+02 5.7451202393e+02 5.7467498779e+02 5.7483197021e+02 5.7498699951e+02 5.7516302490e+02 5.7534899902e+02 5.7552801514e+02 5.7569097900e+02 5.7587500000e+02 5.7605401611e+02 5.7623498535e+02 5.7644097900e+02 5.7665600586e+02 5.7682501221e+02 5.7700097656e+02 5.7717797852e+02 5.7734997559e+02 5.7751599121e+02 5.7766998291e+02 5.7780499268e+02 5.7794500732e+02 5.7809698486e+02 5.7824401855e+02 5.7837500000e+02 5.7852001953e+02 5.7865802002e+02 5.7879400635e+02 5.7894299316e+02 5.7911102295e+02 5.7927502441e+02 5.7942102051e+02 5.7954901123e+02 5.7971099854e+02 5.7986999512e+02 5.8001702881e+02 5.8014697266e+02 5.8028399658e+02 5.8042901611e+02 5.8058697510e+02 5.8076000977e+02 5.8089501953e+02 5.8106701660e+02 5.8122698975e+02
5.7384899902e+02 5.7400897217e+02 5.7415399170e+02 5.7431298828e+02 5.7447802734e+02 5.7464300537e+02 5.7478601074e+02 5.7496997070e+02 5.7516900635e+02 5.7533898926e+02 5.7548101807e+02 5.7568103027e+02 5.7587597656e+02 5.7604199219e+02 5.7619799805e+02 5.7640197754e+02 5.7659497070e+02 5.7677600098e+02 5.7694897461e+02 5.7712799072e+02 5.7728802490e+02 5.7743798828e+02 5.7758300781e+02 5.7771600342e+02 5.7784802246e+02 5.7799499512e+02 5.7813897705e+02 5.7828302002e+02 5.7843200684e+02 5.7856701660e+02 5.7870397949e+02 5.7885797119e+02 5.7901898193e+02 5.7917498779e+02 5.7931500244e+02 5.7946197510e+02 5.7961199951e+02 5.7977301025e+02 5.7992999268e+02 5.8006896973e+02 5.8020001221e+02 5.8034600830e+02 5.8051599121e+02 5.8064501953e+02 5.8082202148e+02 5.8100201416e+02
5.7369000244e+02 5.7383599854e+02 5.7396398926e+02 5.7411499023e+02 5.7427301025e+02 5.7443103027e+02 5.7458502197e+02 5.7477398682e+02 5.7497198486e+02 5.7514099121e+02 5.7527801514e+02 5.7547998047e+02 5.7568499756e+02 5.7585400391e+02 5.7599200439e+02 5.7616101074e+02 5.7634301758e+02 5.7652001953e+02 5.7670098877e+02 5.7688598633e+02 5.7704602051e+02 5.7718701172e+02 5.7733099365e+02 5.7746600342e+02 5.7759997559e+02 5.7775201416e+02 5.7790301514e+02 5.7803601074e+02 5.7818103027e+02 5.7832897949e+02 5.7847900391e+02 5.7863800049e+02 5.7878601074e+02 5.7893499756e+02 5.7908099365e+02 5.7922302246e+02 5.7935998535e+02 5.7951800537e+02 5.7969201660e+02 5.7983599854e+02 5.7996600342e+02 5.8010601807e+02 5.8027197266e+02 5.8041699219e+02 5.8058197021e+02 5.8075402832e+02
5.7352697754e+02 5.7364898682e+02 5.7377899170e+02 5.7394500732e+02 5.7408801270e+02 5.7423101807e+02 5.7439801025e+02 5.7457299805e+02 5.7475402832e+02 5.7492602539e+02 5.7507501221e+02 5.7525897217e+02 5.7545001221e+02 5.7563000488e+02 5.7579998779e+02 5.7595098877e+02 5.7610101318e+02 5.7626702881e+02 5.7644799805e+02 5.7661700439e+02 5.7678399658e+02 5.7694097900e+02 5.7708300781e+02 5.7722601318e+02 5.7736401367e+02 5.7750799561e+02 5.7765899658e+02 5.7779901123e+02 5.7792498779e+02 5.7806500244e+02 5.7822497559e+02 5.7838897705e+02 5.7853198242e+02 5.7868200684e+02 5.7884002686e+02 5.7899298096e+02 5.7913397217e+02 5.7928399658e+02 5.7944799805e+02 5.7960101318e+02 5.7973498535e+02 5.7987200928e+02 5.8004602051e+02 5.8020898438e+02 5.8036901855e+02 5.8052697754e+02
5.7334497070e+02 5.7346697998e+02 5.7361297607e+02 5.7377197266e+02 5.7390899658e+02 5.7405200195e+02 5.7421502686e+02 5.7437200928e+02 5.7453698730e+02 5.7471398926e+02 5.7489099121e+02 5.7504901123e+02 5.7520898438e+02 5.7538000488e+02 5.7557299805e+02 5.7574102783e+02 5.7586700439e+02 5.7601397705e+02 5.7619000244e+02 5.7633801270e+02 5.7649499512e+02 5.7667199707e+02 5.7684399414e+02 5.7699102783e+02 5.7712597656e+02 5.7725201416e+02 5.7738397217e+02 5.7756402588e+02 5.7768200684e+02 5.7780102539e+02 5.7793701172e+02 5.7809802246e+02 5.7824902344e+02 5.7841601563e+02 5.7860198975e+02 5.7874902344e+02 5.7889501953e+02 5.7903997803e+02 5.7919702148e+02 5.7936499023e+02 5.7949902344e+02 5.7963800049e+02 5.7983398438e+02 5.7998400879e+02 5.8014801025e+02 5.8031701660e+02
5.7314202881e+02 5.7327899170e+02 5.7342999268e+02 5.7357299805e+02 5.7372100830e+02 5.7387097168e+02 5.7402001953e+02 5.7417700195e+02 5.7435101318e+02 5.7451098633e+02 5.7465698242e+02 5.7483398438e+02 5.7500097656e+02 5.7516497803e+02 5.7533300781e+02 5.7549298096e+02 5.7564099121e+02 5.7577899170e+02 5.7592602539e+02 5.7605999756e+02 5.7621301270e+02 5.7638299561e+02 5.7656201172e+02 5.7672802734e+02 5.7687597656e+02 5.7701098633e+02 5.7713598633e+02 5.7728997803e+02 5.7742297363e+02 5.7756500244e+02 5.7771099854e+02 5.7784600830e+02 5.7798999023e+02 5.7814898682e+02 5.7833001709e+02 5.7848199463e+02 5.7863702393e+02 5.7878399658e+02 5.7893902588e+02 5.7912500000e+02 5.7927398682e+02 5.7941802979e+02 5.7960797119e+02 5.7972998047e+02 5.7988299561e+02 5.8006500244e+02
5.7297399902e+02 5.7310198975e+02 5.7324700928e+02 5.7339001465e+02 5.7353497314e+02 5.7367700195e+02 5.7382501221e+02 5.7398297119e+02 5.7415502930e+02 5.7430499268e+02 5.7443298340e+02 5.7460601807e+02 5.7477697754e+02 5.7494500732e+02 5.7510699463e+02 5.7525598145e+02 5.7540997314e+02 5.7555798340e+02 5.7570001221e+02 5.7582397461e+02 5.7596002197e+02 5.7611798096e+02 5.7628997803e+02 5.7644500732e+02 5.7659899902e+02 5.7675000000e+02 5.7688598633e+02 5.7702398682e+02 5.7714501953e+02 5.7729699707e+02 5.7746997070e+02 5.7760699463e+02 5.7774902344e+02 5.7789501953e+02 5.7805401611e+02 5.7820898438e+02 5.7837799072e+02 5.7853900146e+02 5.7869799805e+02 5.7888397217e+02 5.7904602051e+02 5.7920098877e+02 5.7937500000e+02 5.7949298096e+02 5.7964099121e+02 5.7982000732e+02
5.7282598877e+02 5.7294000244e+02 5.7306597900e+02 5.7321002197e+02 5.7335198975e+02 5.7348797607e+02 5.7363000488e+02 5.7378900146e+02 5.7395300293e+02 5.7409997559e+02 5.7423101807e+02 5.7439001465e+02 5.7455297852e+02 5.7471899414e+02 5.7488500977e+02 5.7503302002e+02 5.7517297363e+02 5.7532000732e+02 5.7548199463e+02 5.7560498047e+02 5.7572302246e+02 5.7586297607e+02 5.7602398682e+02 5.7617297363e+02 5.7632800293e+02 5.7648297119e+02 5.7662902832e+02 5.7677899170e+02 5.7688598633e+02 5.7702600098e+02 5.7720202637e+02 5.7735498047e+02 5.7750799561e+02 5.7765002441e+02 5.7778601074e+02 5.7793597412e+02 5.7811602783e+02 5.7829699707e+02 5.7846997070e+02 5.7862597656e+02 5.7877301025e+02 5.7893597412e+02 5.7912902832e+02 5.7926800537e+02 5.7942498779e+02 5.7960998535e+02
