TESTSERVER/22/19.asc
NCOLS 100
NROWS 100
XLLCORNER 8.5997500000e+03
YLLCORNER 2.8900025000e+05
CELLSIZE 5.0000000000e-01
NODATA_VALUE -9.9990000000e+03
[rows 0 to 19 of 100, columns 46 to 91 of 100]
5.7448297119e+02 5.7466101074e+02 5.7487500000e+02 5.7509997559e+02 5.7529998779e+02 5.7552197266e+02 5.7570898438e+02 5.7589501953e+02 5.7609802246e+02 5.7631201172e+02 5.7651599121e+02 5.7669396973e+02 5.7689898682e+02 5.7711798096e+02 5.7728802490e+02 5.7746398926e+02 5.7767102051e+02 5.7791601563e+02 5.7816400146e+02 5.7837200928e+02 5.7857202148e+02 5.7882800293e+02 5.7903997803e+02 5.7922900391e+02 5.7940698242e+02 5.7961297607e+02 5.7984600830e+02 5.8006097412e+02 5.8025897217e+02 5.8048199463e+02 5.8067700195e+02 5.8088098145e+02 5.8111499023e+02 5.8137597656e+02 5.8162902832e+02 5.8186499023e+02 5.8210302734e+02 5.8232501221e+02 5.8256500244e+02 5.8280401611e+02 5.8304797363e+02 5.8326599121e+02 5.8349798584e+02 5.8378601074e+02 5.8407501221e+02 5.8429400635e+02
5.7427502441e+02 5.7441198730e+02 5.7458599854e+02 5.7479302979e+02 5.7501000977e+02 5.7525201416e+02 5.7545397949e+02 5.7564300537e+02 5.7583599854e+02 5.7604498291e+02 5.7627301025e+02 5.7645898438e+02 5.7665100098e+02 5.7685797119e+02 5.7706097412e+02 5.7725897217e+02 5.7743701172e+02 5.7764697266e+02 5.7790802002e+02 5.7813897705e+02 5.7832397461e+02 5.7854101563e+02 5.7877697754e+02 5.7898797607e+02 5.7917602539e+02 5.7935797119e+02 5.7959100342e+02 5.7983697510e+02 5.8005798340e+02 5.8024200439e+02 5.8043902588e+02 5.8066198730e+02 5.8089001465e+02 5.8113000488e+02 5.8139801025e+02 5.8166802979e+02 5.8190301514e+02 5.8211700439e+02 5.8235400391e+02 5.8259100342e+02 5.8284997559e+02 5.8308898926e+02 5.8328802490e+02 5.8353601074e+02 5.8382000732e+02 5.8409100342e+02
5.7399700928e+02 5.7417999268e+02 5.7435400391e+02 5.7453198242e+02 5.7472100830e+02 5.7496899414e+02 5.7519396973e+02 5.7540698242e+02 5.7560498047e+02 5.7578002930e+02 5.7602502441e+02 5.7624597168e+02 5.7642901611e+02 5.7661199951e+02 5.7681799316e+02 5.7703802490e+02 5.7723101807e+02 5.7738897705e+02 5.7760601807e+02 5.7783697510e+02 5.7806201172e+02 5.7826397705e+02 5.7850299072e+02 5.7874102783e+02 5.7895697021e+02 5.7913397217e+02 5.7934600830e+02 5.7959497070e+02 5.7984600830e+02 5.8002600098e+02 5.8022302246e+02 5.8044500732e+02 5.8067602539e+02 5.8092498779e+02 5.8117700195e+02 5.8143103027e+02 5.8168402100e+02 5.8192199707e+02 5.8215899658e+02 5.8238000488e+02 5.8262701416e+02 5.8289398193e+02 5.8310797119e+02 5.8333197021e+02 5.8356701660e+02 5.8384600830e+02
5.7365997314e+02 5.7389099121e+02 5.7411602783e+02 5.7429797363e+02 5.7444396973e+02 5.7468103027e+02 5.7492602539e+02 5.7516699219e+02 5.7538299561e+02 5.7553900146e+02 5.7577197266e+02 5.7601300049e+02 5.7621697998e+02 5.7639099121e+02 5.7656799316e+02 5.7677801514e+02 5.7700000000e+02 5.7715997314e+02 5.7734100342e+02 5.7754901123e+02 5.7780297852e+02 5.7801300049e+02 5.7824102783e+02 5.7847998047e+02 5.7871801758e+02 5.7892602539e+02 5.7912402344e+02 5.7934197998e+02 5.7959002686e+02 5.7980297852e+02 5.8001202393e+02 5.8022302246e+02 5.8044500732e+02 5.8071301270e+02 5.8096697998e+02 5.8119702148e+02 5.8145599365e+02 5.8170501709e+02 5.8195098877e+02 5.8217297363e+02 5.8240100098e+02 5.8266302490e+02 5.8290899658e+02 5.8315600586e+02 5.8337402344e+02 5.8360998535e+02
5.7337500000e+02 5.7355700684e+02 5.7381701660e+02 5.7405798340e+02 5.7422900391e+02 5.7442297363e+02 5.7465399170e+02 5.7489801025e+02 5.7512500000e+02 5.7530102539e+02 5.7551098633e+02 5.7574102783e+02 5.7596801758e+02 5.7616601563e+02 5.7633197021e+02 5.7651397705e+02 5.7673297119e+02 5.7693499756e+02 5.7712097168e+02 5.7730603027e+02 5.7753302002e+02 5.7778002930e+02 5.7799798584e+02 5.7820898438e+02 5.7843298340e+02 5.7868902588e+02 5.7890600586e+02 5.7910302734e+02 5.7932897949e+02 5.7956701660e+02 5.7979302979e+02 5.7999902344e+02 5.8021997070e+02 5.8048797607e+02 5.8075701904e+02 5.8098602295e+02 5.8122302246e+02 5.8147399902e+02 5.8172698975e+02 5.8197698975e+02 5.8220098877e+02 5.8242401123e+02 5.8267797852e+02 5.8296697998e+02 5.8323101807e+02 5.8341601563e+02
5.7317401123e+02 5.7333599854e+02 5.7354199219e+02 5.7379400635e+02 5.7402600098e+02 5.7421801758e+02 5.7441101074e+02 5.7463000488e+02 5.7486401367e+02 5.7506097412e+02 5.7528100586e+02 5.7550402832e+02 5.7571502686e+02 5.7592199707e+02 5.7612097168e+02 5.7630401611e+02 5.7649597168e+02 5.7669500732e+02 5.7690698242e+02 5.7710198975e+02 5.7729400635e+02 5.7749700928e+02 5.7772497559e+02 5.7794702148e+02 5.7817297363e+02 5.7842700195e+02 5.7867901611e+02 5.7890301514e+02 5.7909899902e+02 5.7932299805e+02 5.7957202148e+02 5.7978802490e+02 5.8000598145e+02 5.8025299072e+02 5.8051098633e+02 5.8076000977e+02 5.8100701904e+02 5.8125897217e+02 5.8150598145e+02 5.8175000000e+02 5.8199102783e+02 5.8223400879e+02 5.8247198486e+02 5.8273999023e+02 5.8303100586e+02 5.8326501465e+02
5.7291601563e+02 5.7313299561e+02 5.7331500244e+02 5.7352502441e+02 5.7376702881e+02 5.7401202393e+02 5.7420898438e+02 5.7438897705e+02 5.7460699463e+02 5.7484100342e+02 5.7507897949e+02 5.7529101563e+02 5.7547802734e+02 5.7567297363e+02 5.7588500977e+02 5.7609899902e+02 5.7629699707e+02 5.7645599365e+02 5.7666400146e+02 5.7688598633e+02 5.7708197021e+02 5.7724597168e+02 5.7746801758e+02 5.7769702148e+02 5.7792901611e+02 5.7816101074e+02 5.7841497803e+02 5.7866101074e+02 5.7886199951e+02 5.7907598877e+02 5.7932598877e+02 5.7955297852e+02 5.7978997803e+02 5.8003002930e+02 5.8026800537e+02 5.8051702881e+02 5.8078802490e+02 5.8105700684e+02 5.8129602051e+02 5.8152301025e+02 5.8177001953e+02 5.8203900146e+02 5.8227502441e+02 5.8250402832e+02 5.8277398682e+02 5.8306097412e+02
5.7261999512e+02 5.7288500977e+02 5.7310302734e+02 5.7329699707e+02 5.7349401855e+02 5.7375799561e+02 5.7398498535e+02 5.7416400146e+02 5.7435400391e+02 5.7458801270e+02 5.7483801270e+02 5.7505700684e+02 5.7525701904e+02 5.7543798828e+02 5.7563500977e+02 5.7585998535e+02 5.7607800293e+02 5.7622399902e+02 5.7640698242e+02 5.7663299561e+02 5.7686297607e+02 5.7702502441e+02 5.7723297119e+02 5.7745898438e+02 5.7769201660e+02 5.7790600586e+02 5.7814501953e+02 5.7839398193e+02 5.7861700439e+02 5.7885198975e+02 5.7909197998e+02 5.7930499268e+02 5.7955297852e+02 5.7981597900e+02 5.8006097412e+02 5.8029199219e+02 5.8054699707e+02 5.8083197021e+02 5.8108197021e+02 5.8130297852e+02 5.8153802490e+02 5.8181402588e+02 5.8207397461e+02 5.8230297852e+02 5.8253601074e+02 5.8282501221e+02
5.7238702393e+02 5.7259002686e+02 5.7284600830e+02 5.7308300781e+02 5.7327697754e+02 5.7345300293e+02 5.7367901611e+02 5.7392199707e+02 5.7414697266e+02 5.7433197021e+02 5.7457501221e+02 5.7481799316e+02 5.7504101563e+02 5.7522497559e+02 5.7540197754e+02 5.7560400391e+02 5.7582202148e+02 5.7600799561e+02 5.7617401123e+02 5.7637097168e+02 5.7661499023e+02 5.7679797363e+02 5.7699902344e+02 5.7721600342e+02 5.7745202637e+02 5.7767602539e+02 5.7791802979e+02 5.7814898682e+02 5.7836102295e+02 5.7863897705e+02 5.7888000488e+02 5.7907299805e+02 5.7929199219e+02 5.7958099365e+02 5.7986901855e+02 5.8009802246e+02 5.8028802490e+02 5.8057098389e+02 5.8085601807e+02 5.8109399414e+02 5.8130700684e+02 5.8157000732e+02 5.8184497070e+02 5.8211798096e+02 5.8237200928e+02 5.8260900879e+02
5.7214300537e+02 5.7233898926e+02 5.7256597900e+02 5.7280603027e+02 5.7303601074e+02 5.7323699951e+02 5.7343701172e+02 5.7366497803e+02 5.7392797852e+02 5.7415100098e+02 5.7436297607e+02 5.7458197021e+02 5.7479998779e+02 5.7499798584e+02 5.7517199707e+02 5.7535601807e+02 5.7557299805e+02 5.7578802490e+02 5.7597198486e+02 5.7614398193e+02 5.7636102295e+02 5.7657897949e+02 5.7679400635e+02 5.7699597168e+02 5.7722100830e+02 5.7744598389e+02 5.7768902588e+02 5.7791699219e+02 5.7812097168e+02 5.7838299561e+02 5.7864398193e+02 5.7886499023e+02 5.7907299805e+02 5.7933099365e+02 5.7963500977e+02 5.7990399170e+02 5.8009997559e+02 5.8033300781e+02 5.8062298584e+02 5.8090399170e+02 5.8112701416e+02 5.8134301758e+02 5.8159399414e+02 5.8187902832e+02 5.8215802002e+02 5.8240899658e+02
5.7190802002e+02 5.7212298584e+02 5.7233599854e+02 5.7254101563e+02 5.7276800537e+02 5.7302899170e+02 5.7323297119e+02 5.7341601563e+02 5.7365698242e+02 5.7392401123e+02 5.7415802002e+02 5.7435400391e+02 5.7455499268e+02 5.7477301025e+02 5.7496398926e+02 5.7514398193e+02 5.7533502197e+02 5.7554602051e+02 5.7574798584e+02 5.7592901611e+02 5.7613201904e+02 5.7634997559e+02 5.7657000732e+02 5.7677099609e+02 5.7697399902e+02 5.7719500732e+02 5.7744598389e+02 5.7769000244e+02 5.7791900635e+02 5.7814398193e+02 5.7837799072e+02 5.7862097168e+02 5.7887799072e+02 5.7911499023e+02 5.7938800049e+02 5.7968200684e+02 5.7993200684e+02 5.8014300537e+02 5.8040301514e+02 5.8068200684e+02 5.8092901611e+02 5.8114300537e+02 5.8138201904e+02 5.8165100098e+02 5.8193298340e+02 5.8221697998e+02
5.7166900635e+02 5.7188897705e+02 5.7210998535e+02 5.7231097412e+02 5.7250097656e+02 5.7275097656e+02 5.7298901367e+02 5.7319897461e+02 5.7340698242e+02 5.7365197754e+02 5.7391497803e+02 5.7413000488e+02 5.7431597900e+02 5.7452502441e+02 5.7473699951e+02 5.7493103027e+02 5.7511199951e+02 5.7531201172e+02 5.7552398682e+02 5.7571899414e+02 5.7591601563e+02 5.7610302734e+02 5.7632299805e+02 5.7653997803e+02 5.7674102783e+02 5.7695898438e+02 5.7721502686e+02 5.7746600342e+02 5.7771502686e+02 5.7795001221e+02 5.7815399170e+02 5.7837902832e+02 5.7866601563e+02 5.7890600586e+02 5.7913897705e+02 5.7941802979e+02 5.7972198486e+02 5.7995599365e+02 5.8019396973e+02 5.8044201660e+02 5.8070202637e+02 5.8095397949e+02 5.8119396973e+02 5.8144000244e+02 5.8169598389e+02 5.8198101807e+02
5.7144396973e+02 5.7161401367e+02 5.7182702637e+02 5.7206298828e+02 5.7229199219e+02 5.7249401855e+02 5.7272399902e+02 5.7297399902e+02 5.7321099854e+02 5.7339001465e+02 5.7362298584e+02 5.7386999512e+02 5.7411700439e+02 5.7427600098e+02 5.7448101807e+02 5.7470300293e+02 5.7492102051e+02 5.7510400391e+02 5.7530999756e+02 5.7551098633e+02 5.7569799805e+02 5.7587500000e+02 5.7609802246e+02 5.7633001709e+02 5.7654400635e+02 5.7674798584e+02 5.7699499512e+02 5.7723999023e+02 5.7746398926e+02 5.7773901367e+02 5.7797497559e+02 5.7818597412e+02 5.7844299316e+02 5.7872900391e+02 5.7895599365e+02 5.7917297363e+02 5.7946997070e+02 5.7973699951e+02 5.7998498535e+02 5.8021099854e+02 5.8044702148e+02 5.8073901367e+02 5.8099700928e+02 5.8123498535e+02 5.8147399902e+02 5.8171099854e+02
5.7122601318e+02 5.7139501953e+02 5.7157397461e+02 5.7178198242e+02 5.7201501465e+02 5.7225201416e+02 5.7246398926e+02 5.7268798828e+02 5.7294299316e+02 5.7318103027e+02 5.7338299561e+02 5.7359002686e+02 5.7385601807e+02 5.7406500244e+02 5.7426000977e+02 5.7445898438e+02 5.7467999268e+02 5.7488800049e+02 5.7509399414e+02 5.7530603027e+02 5.7550299072e+02 5.7568200684e+02 5.7589898682e+02 5.7611102295e+02 5.7632299805e+02 5.7652697754e+02 5.7676300049e+02 5.7701000977e+02 5.7723400879e+02 5.7749298096e+02 5.7776397705e+02 5.7800201416e+02 5.7822399902e+02 5.7848101807e+02 5.7875299072e+02 5.7896697998e+02 5.7920800781e+02 5.7950000000e+02 5.7977697754e+02 5.8000598145e+02 5.8021697998e+02 5.8048602295e+02 5.8075897217e+02 5.8101501465e+02 5.8125201416e+02 5.8148498535e+02
5.7098602295e+02 5.7119299316e+02 5.7136999512e+02 5.7154998779e+02 5.7175897217e+02 5.7200402832e+02 5.7222497559e+02 5.7243499756e+02 5.7265600586e+02 5.7293200684e+02 5.7317498779e+02 5.7336199951e+02 5.7358099365e+02 5.7381896973e+02 5.7403698730e+02 5.7422900391e+02 5.7442901611e+02 5.7466101074e+02 5.7488201904e+02 5.7508502197e+02 5.7528100586e+02 5.7548199463e+02 5.7569799805e+02 5.7589599609e+02 5.7610699463e+02 5.7632598877e+02 5.7655603027e+02 5.7679602051e+02 5.7702600098e+02 5.7726501465e+02 5.7752801514e+02 5.7778100586e+02 5.7801202393e+02 5.7824499512e+02 5.7852398682e+02 5.7878198242e+02 5.7901800537e+02 5.7927502441e+02 5.7954199219e+02 5.7980200195e+02 5.8002697754e+02 5.8025500488e+02 5.8052099609e+02 5.8079901123e+02 5.8105700684e+02 5.8129699707e+02
5.7073199463e+02 5.7096301270e+02 5.7115899658e+02 5.7133801270e+02 5.7152301025e+02 5.7174597168e+02 5.7198901367e+02 5.7222497559e+02 5.7242102051e+02 5.7264599609e+02 5.7291601563e+02 5.7312597656e+02 5.7331597900e+02 5.7355401611e+02 5.7379901123e+02 5.7401000977e+02 5.7419097900e+02 5.7441601563e+02 5.7465802002e+02 5.7485498047e+02 5.7503997803e+02 5.7526000977e+02 5.7548699951e+02 5.7569097900e+02 5.7589801025e+02 5.7612097168e+02 5.7635101318e+02 5.7658300781e+02 5.7681701660e+02 5.7705401611e+02 5.7728997803e+02 5.7753802490e+02 5.7780200195e+02 5.7804302979e+02 5.7828399658e+02 5.7854797363e+02 5.7883197021e+02 5.7905297852e+02 5.7929199219e+02 5.7957397461e+02 5.7982702637e+02 5.8004797363e+02 5.8029498291e+02 5.8058001709e+02 5.8085498047e+02 5.8109301758e+02
5.7049298096e+02 5.7069897461e+02 5.7091101074e+02 5.7111999512e+02 5.7132702637e+02 5.7148999023e+02 5.7172802734e+02 5.7201300049e+02 5.7226702881e+02 5.7241101074e+02 5.7263897705e+02 5.7288702393e+02 5.7311499023e+02 5.7330200195e+02 5.7353100586e+02 5.7377600098e+02 5.7399499512e+02 5.7416900635e+02 5.7440301514e+02 5.7461999512e+02 5.7482501221e+02 5.7501599121e+02 5.7525000000e+02 5.7547601318e+02 5.7569799805e+02 5.7591601563e+02 5.7615002441e+02 5.7637402344e+02 5.7658099365e+02 5.7684100342e+02 5.7706298828e+02 5.7729498291e+02 5.7757800293e+02 5.7784600830e+02 5.7807000732e+02 5.7829400635e+02 5.7858300781e+02 5.7883697510e+02 5.7906097412e+02 5.7932098389e+02 5.7958300781e+02 5.7984197998e+02 5.8007800293e+02 5.8033398438e+02 5.8060198975e+02 5.8084497070e+02
5.7028198242e+02 5.7046600342e+02 5.7065197754e+02 5.7086199951e+02 5.7109997559e+02 5.7129400635e+02 5.7147698975e+02 5.7171997070e+02 5.7197802734e+02 5.7219799805e+02 5.7240698242e+02 5.7262799072e+02 5.7287500000e+02 5.7305999756e+02 5.7324902344e+02 5.7349499512e+02 5.7376300049e+02 5.7397698975e+02 5.7416900635e+02 5.7438098145e+02 5.7461798096e+02 5.7480902100e+02 5.7502600098e+02 5.7524102783e+02 5.7548297119e+02 5.7571002197e+02 5.7594201660e+02 5.7616998291e+02 5.7638000488e+02 5.7662701416e+02 5.7684899902e+02 5.7706402588e+02 5.7731799316e+02 5.7760797119e+02 5.7785998535e+02 5.7807098389e+02 5.7831701660e+02 5.7861199951e+02 5.7885498047e+02 5.7906597900e+02 5.7931701660e+02 5.7963000488e+02 5.7988702393e+02 5.8011102295e+02 5.8034899902e+02 5.8059802246e+02
5.7003900146e+02 5.7024102783e+02 5.7042401123e+02 5.7060302734e+02 5.7081500244e+02 5.7106597900e+02 5.7125598145e+02 5.7144299316e+02 5.7165698242e+02 5.7193499756e+02 5.7217602539e+02 5.7238299561e+02 5.7261401367e+02 5.7283898926e+02 5.7303002930e+02 5.7324200439e+02 5.7350701904e+02 5.7376501465e+02 5.7396502686e+02 5.7416198730e+02 5.7438598633e+02 5.7459698486e+02 5.7481799316e+02 5.7503100586e+02 5.7527600098e+02 5.7550000000e+02 5.7572100830e+02 5.7595001221e+02 5.7617999268e+02 5.7641400146e+02 5.7663397217e+02 5.7685601807e+02 5.7709600830e+02 5.7736901855e+02 5.7763299561e+02 5.7786798096e+02 5.7808898926e+02 5.7836401367e+02 5.7864099121e+02 5.7886102295e+02 5.7907397461e+02 5.7937597656e+02 5.7965997314e+02 5.7990399170e+02 5.8011901855e+02 5.8034600830e+02
5.6978100586e+02 5.7000799561e+02 5.7021697998e+02 5.7038201904e+02 5.7053198242e+02 5.7078900146e+02 5.7102899170e+02 5.7123297119e+02 5.7140502930e+02 5.7165002441e+02 5.7190899658e+02 5.7213897705e+02 5.7235998535e+02 5.7261199951e+02 5.7283801270e+02 5.7303399658e+02 5.7324298096e+02 5.7350000000e+02 5.7373901367e+02 5.7395397949e+02 5.7415399170e+02 5.7436199951e+02 5.7459399414e+02 5.7482202148e+02 5.7507000732e+02 5.7528601074e+02 5.7550402832e+02 5.7573297119e+02 5.7596801758e+02 5.7621002197e+02 5.7641900635e+02 5.7664202881e+02 5.7689801025e+02 5.7714099121e+02 5.7739599609e+02 5.7765899658e+02 5.7790301514e+02 5.7812097168e+02 5.7840399170e+02 5.7867297363e+02 5.7888098145e+02 5.7911401367e+02 5.7939001465e+02 5.7967401123e+02 5.7990802002e+02 5.8010198975e+02
