TESTSERVER/22/19.asc
NCOLS 100
NROWS 100
XLLCORNER 8.5997500000e+03
YLLCORNER 2.8900025000e+05
CELLSIZE 5.0000000000e-01
NODATA_VALUE -9.9990000000e+03
[rows 20 to 39 of 100, columns 46 to 91 of 100]
5.6953399658e+02 5.6972601318e+02 5.6995397949e+02 5.7016400146e+02 5.7032702637e+02 5.7051702881e+02 5.7075799561e+02 5.7101397705e+02 5.7122698975e+02 5.7139001465e+02 5.7160601807e+02 5.7186297607e+02 5.7214001465e+02 5.7236199951e+02 5.7261199951e+02 5.7283599854e+02 5.7301098633e+02 5.7321099854e+02 5.7346801758e+02 5.7372998047e+02 5.7397900391e+02 5.7412902832e+02 5.7434497070e+02 5.7458398438e+02 5.7483898926e+02 5.7506097412e+02 5.7529400635e+02 5.7552899170e+02 5.7575000000e+02 5.7600097656e+02 5.7620697021e+02 5.7640997314e+02 5.7666400146e+02 5.7691802979e+02 5.7715197754e+02 5.7742297363e+02 5.7769598389e+02 5.7790899658e+02 5.7815899658e+02 5.7844598389e+02 5.7870202637e+02 5.7886999512e+02 5.7910699463e+02 5.7941998291e+02 5.7971099854e+02 5.7990002441e+02
5.6928698730e+02 5.6946600342e+02 5.6966900635e+02 5.6990698242e+02 5.7011401367e+02 5.7029498291e+02 5.7049798584e+02 5.7074298096e+02 5.7099597168e+02 5.7118902588e+02 5.7136602783e+02 5.7157098389e+02 5.7185400391e+02 5.7210400391e+02 5.7235101318e+02 5.7259399414e+02 5.7279199219e+02 5.7296502686e+02 5.7317700195e+02 5.7343902588e+02 5.7374798584e+02 5.7394000244e+02 5.7412298584e+02 5.7433398438e+02 5.7460699463e+02 5.7483898926e+02 5.7507501221e+02 5.7531097412e+02 5.7553497314e+02 5.7575000000e+02 5.7596997070e+02 5.7619201660e+02 5.7642999268e+02 5.7669702148e+02 5.7695202637e+02 5.7720898438e+02 5.7745800781e+02 5.7771197510e+02 5.7796002197e+02 5.7820300293e+02 5.7846099854e+02 5.7867602539e+02 5.7889202881e+02 5.7915698242e+02 5.7944097900e+02 5.7967602539e+02
5.6905798340e+02 5.6923400879e+02 5.6942797852e+02 5.6964501953e+02 5.6986401367e+02 5.7007897949e+02 5.7026702881e+02 5.7047698975e+02 5.7072698975e+02 5.7097100830e+02 5.7116699219e+02 5.7133599854e+02 5.7156896973e+02 5.7182299805e+02 5.7207897949e+02 5.7232897949e+02 5.7255200195e+02 5.7275799561e+02 5.7294396973e+02 5.7316198730e+02 5.7347100830e+02 5.7372698975e+02 5.7392498779e+02 5.7411602783e+02 5.7436901855e+02 5.7460998535e+02 5.7485101318e+02 5.7508197021e+02 5.7531597900e+02 5.7553497314e+02 5.7575299072e+02 5.7597497559e+02 5.7620202637e+02 5.7646502686e+02 5.7673797607e+02 5.7700000000e+02 5.7723699951e+02 5.7749700928e+02 5.7775402832e+02 5.7798699951e+02 5.7822100830e+02 5.7847399902e+02 5.7870697021e+02 5.7892297363e+02 5.7915100098e+02 5.7942297363e+02
5.6882800293e+02 5.6900701904e+02 5.6920697021e+02 5.6940197754e+02 5.6959600830e+02 5.6983599854e+02 5.7003302002e+02 5.7022198486e+02 5.7044097900e+02 5.7070501709e+02 5.7094097900e+02 5.7113000488e+02 5.7133801270e+02 5.7155603027e+02 5.7180999756e+02 5.7207202148e+02 5.7230499268e+02 5.7254602051e+02 5.7274700928e+02 5.7293499756e+02 5.7320202637e+02 5.7348297119e+02 5.7372198486e+02 5.7393298340e+02 5.7413800049e+02 5.7435797119e+02 5.7460302734e+02 5.7483300781e+02 5.7507000732e+02 5.7532397461e+02 5.7554498291e+02 5.7575799561e+02 5.7600000000e+02 5.7622900391e+02 5.7648498535e+02 5.7675299072e+02 5.7701000977e+02 5.7725897217e+02 5.7751898193e+02 5.7776702881e+02 5.7799298096e+02 5.7823400879e+02 5.7850000000e+02 5.7871502686e+02 5.7889501953e+02 5.7917102051e+02
5.6859997559e+02 5.6877600098e+02 5.6896697998e+02 5.6916101074e+02 5.6935101318e+02 5.6957702637e+02 5.6978997803e+02 5.6999499512e+02 5.7020300293e+02 5.7043597412e+02 5.7069201660e+02 5.7092602539e+02 5.7115997314e+02 5.7132098389e+02 5.7154101563e+02 5.7180700684e+02 5.7205798340e+02 5.7229797363e+02 5.7253100586e+02 5.7273602295e+02 5.7294799805e+02 5.7319702148e+02 5.7346099854e+02 5.7371899414e+02 5.7392498779e+02 5.7412097168e+02 5.7436102295e+02 5.7460198975e+02 5.7483398438e+02 5.7508398438e+02 5.7532598877e+02 5.7554797363e+02 5.7580700684e+02 5.7606701660e+02 5.7627801514e+02 5.7650897217e+02 5.7676397705e+02 5.7702398682e+02 5.7728302002e+02 5.7753302002e+02 5.7776202393e+02 5.7797998047e+02 5.7825598145e+02 5.7851098633e+02 5.7871502686e+02 5.7892199707e+02
5.6836700439e+02 5.6853497314e+02 5.6871600342e+02 5.6891699219e+02 5.6912402344e+02 5.6934899902e+02 5.6956201172e+02 5.6978900146e+02 5.7001599121e+02 5.7021197510e+02 5.7042401123e+02 5.7064697266e+02 5.7090600586e+02 5.7111798096e+02 5.7133099365e+02 5.7155401611e+02 5.7179498291e+02 5.7204797363e+02 5.7230603027e+02 5.7254101563e+02 5.7275097656e+02 5.7293597412e+02 5.7316699219e+02 5.7343798828e+02 5.7370098877e+02 5.7391198730e+02 5.7412500000e+02 5.7435699463e+02 5.7460797119e+02 5.7486602783e+02 5.7511798096e+02 5.7533398438e+02 5.7556597900e+02 5.7585797119e+02 5.7609600830e+02 5.7630102539e+02 5.7653302002e+02 5.7677899170e+02 5.7704797363e+02 5.7729699707e+02 5.7751202393e+02 5.7773498535e+02 5.7798999023e+02 5.7826300049e+02 5.7852697754e+02 5.7869299316e+02
5.6811499023e+02 5.6829797363e+02 5.6848999023e+02 5.6868902588e+02 5.6889001465e+02 5.6910498047e+02 5.6932202148e+02 5.6954901123e+02 5.6978302002e+02 5.6999102783e+02 5.7019000244e+02 5.7038598633e+02 5.7063000488e+02 5.7090698242e+02 5.7115399170e+02 5.7135797119e+02 5.7155102539e+02 5.7178399658e+02 5.7205603027e+02 5.7231597900e+02 5.7255499268e+02 5.7272998047e+02 5.7293103027e+02 5.7318402100e+02 5.7345898438e+02 5.7369201660e+02 5.7388897705e+02 5.7409399414e+02 5.7434997559e+02 5.7461199951e+02 5.7488201904e+02 5.7512902832e+02 5.7535498047e+02 5.7562200928e+02 5.7588098145e+02 5.7608697510e+02 5.7628601074e+02 5.7652697754e+02 5.7680798340e+02 5.7706298828e+02 5.7726397705e+02 5.7749298096e+02 5.7773498535e+02 5.7799200439e+02 5.7829400635e+02 5.7849798584e+02
5.6786297607e+02 5.6806097412e+02 5.6826898193e+02 5.6846099854e+02 5.6866101074e+02 5.6886297607e+02 5.6907702637e+02 5.6930499268e+02 5.6952899170e+02 5.6976800537e+02 5.6999200439e+02 5.7017602539e+02 5.7036297607e+02 5.7065002441e+02 5.7092700195e+02 5.7115600586e+02 5.7134399414e+02 5.7153802490e+02 5.7179101563e+02 5.7205297852e+02 5.7231201172e+02 5.7251898193e+02 5.7271600342e+02 5.7293902588e+02 5.7319097900e+02 5.7344396973e+02 5.7365997314e+02 5.7385900879e+02 5.7410699463e+02 5.7435998535e+02 5.7461901855e+02 5.7487799072e+02 5.7513299561e+02 5.7538201904e+02 5.7565100098e+02 5.7587200928e+02 5.7605102539e+02 5.7627197266e+02 5.7655499268e+02 5.7681896973e+02 5.7701702881e+02 5.7725500488e+02 5.7751202393e+02 5.7775097656e+02 5.7801898193e+02 5.7828900146e+02
5.6763201904e+02 5.6783898926e+02 5.6803802490e+02 5.6822399902e+02 5.6844000244e+02 5.6864398193e+02 5.6885699463e+02 5.6908599854e+02 5.6929400635e+02 5.6951202393e+02 5.6975598145e+02 5.6997198486e+02 5.7014697266e+02 5.7037200928e+02 5.7064099121e+02 5.7090997314e+02 5.7115802002e+02 5.7135198975e+02 5.7155499268e+02 5.7178302002e+02 5.7205200195e+02 5.7229400635e+02 5.7250500488e+02 5.7269598389e+02 5.7292401123e+02 5.7320397949e+02 5.7345697021e+02 5.7366998291e+02 5.7389300537e+02 5.7417102051e+02 5.7440100098e+02 5.7462500000e+02 5.7487902832e+02 5.7515301514e+02 5.7541302490e+02 5.7564898682e+02 5.7586102295e+02 5.7603198242e+02 5.7628997803e+02 5.7656097412e+02 5.7678002930e+02 5.7702697754e+02 5.7731097412e+02 5.7756500244e+02 5.7777398682e+02 5.7804302979e+02
5.6738299561e+02 5.6759100342e+02 5.6779199219e+02 5.6798699951e+02 5.6820202637e+02 5.6842999268e+02 5.6864501953e+02 5.6884899902e+02 5.6905902100e+02 5.6927801514e+02 5.6952197266e+02 5.6976397705e+02 5.6995397949e+02 5.7015100098e+02 5.7038098145e+02 5.7064001465e+02 5.7090698242e+02 5.7114697266e+02 5.7134197998e+02 5.7152899170e+02 5.7177899170e+02 5.7204602051e+02 5.7227899170e+02 5.7247100830e+02 5.7268499756e+02 5.7297399902e+02 5.7325000000e+02 5.7347698975e+02 5.7368298340e+02 5.7397100830e+02 5.7422802734e+02 5.7443402100e+02 5.7464001465e+02 5.7491802979e+02 5.7516601563e+02 5.7539697266e+02 5.7565399170e+02 5.7583898926e+02 5.7605297852e+02 5.7631298828e+02 5.7655700684e+02 5.7680999756e+02 5.7708801270e+02 5.7734899902e+02 5.7757299805e+02 5.7779998779e+02
5.6718298340e+02 5.6737902832e+02 5.6757501221e+02 5.6777099609e+02 5.6796801758e+02 5.6820599365e+02 5.6843103027e+02 5.6862298584e+02 5.6881896973e+02 5.6904901123e+02 5.6928601074e+02 5.6951898193e+02 5.6973699951e+02 5.6994396973e+02 5.7014801025e+02 5.7038098145e+02 5.7064001465e+02 5.7090197754e+02 5.7112298584e+02 5.7130603027e+02 5.7152600098e+02 5.7178698730e+02 5.7204498291e+02 5.7227099609e+02 5.7247900391e+02 5.7272198486e+02 5.7300299072e+02 5.7326702881e+02 5.7347698975e+02 5.7370697021e+02 5.7399102783e+02 5.7424200439e+02 5.7442901611e+02 5.7465899658e+02 5.7491101074e+02 5.7514501953e+02 5.7541601563e+02 5.7565600586e+02 5.7585498047e+02 5.7608398438e+02 5.7634002686e+02 5.7660101318e+02 5.7686700439e+02 5.7712298584e+02 5.7736999512e+02 5.7758697510e+02
5.6699597168e+02 5.6718902588e+02 5.6737799072e+02 5.6756402588e+02 5.6774401855e+02 5.6798101807e+02 5.6821697998e+02 5.6841601563e+02 5.6860198975e+02 5.6883300781e+02 5.6906701660e+02 5.6928399658e+02 5.6950402832e+02 5.6974200439e+02 5.6994500732e+02 5.7015399170e+02 5.7039099121e+02 5.7064697266e+02 5.7089501953e+02 5.7110601807e+02 5.7131799316e+02 5.7154199219e+02 5.7179602051e+02 5.7206500244e+02 5.7229998779e+02 5.7248199463e+02 5.7274102783e+02 5.7302899170e+02 5.7327001953e+02 5.7347698975e+02 5.7373699951e+02 5.7400402832e+02 5.7422601318e+02 5.7444702148e+02 5.7469702148e+02 5.7491802979e+02 5.7516198730e+02 5.7546301270e+02 5.7568902588e+02 5.7588299561e+02 5.7610498047e+02 5.7637500000e+02 5.7663201904e+02 5.7688201904e+02 5.7713702393e+02 5.7736499023e+02
5.6676300049e+02 5.6697698975e+02 5.6718499756e+02 5.6737402344e+02 5.6753698730e+02 5.6776202393e+02 5.6799401855e+02 5.6819799805e+02 5.6840502930e+02 5.6862597656e+02 5.6884997559e+02 5.6906298828e+02 5.6926397705e+02 5.6952301025e+02 5.6974200439e+02 5.6994598389e+02 5.7016101074e+02 5.7040197754e+02 5.7064599609e+02 5.7087701416e+02 5.7111602783e+02 5.7131799316e+02 5.7153900146e+02 5.7182397461e+02 5.7211901855e+02 5.7228698730e+02 5.7250402832e+02 5.7277502441e+02 5.7304199219e+02 5.7331597900e+02 5.7352801514e+02 5.7374700928e+02 5.7401202393e+02 5.7425201416e+02 5.7449499512e+02 5.7471801758e+02 5.7494396973e+02 5.7522900391e+02 5.7549102783e+02 5.7568298340e+02 5.7584497070e+02 5.7611798096e+02 5.7638000488e+02 5.7663000488e+02 5.7684802246e+02 5.7712298584e+02
5.6655499268e+02 5.6674798584e+02 5.6696197510e+02 5.6716601563e+02 5.6734399414e+02 5.6755603027e+02 5.6777899170e+02 5.6797698975e+02 5.6818798828e+02 5.6840399170e+02 5.6860998535e+02 5.6882000732e+02 5.6904101563e+02 5.6929400635e+02 5.6952801514e+02 5.6974102783e+02 5.6993798828e+02 5.7018402100e+02 5.7042199707e+02 5.7063800049e+02 5.7090002441e+02 5.7111999512e+02 5.7130902100e+02 5.7155200195e+02 5.7186901855e+02 5.7211102295e+02 5.7231701660e+02 5.7254498291e+02 5.7282299805e+02 5.7313000488e+02 5.7331500244e+02 5.7348797607e+02 5.7375299072e+02 5.7403497314e+02 5.7426800537e+02 5.7449798584e+02 5.7473101807e+02 5.7498199463e+02 5.7522802734e+02 5.7544201660e+02 5.7563702393e+02 5.7587200928e+02 5.7613000488e+02 5.7641400146e+02 5.7664599609e+02 5.7689202881e+02
5.6637402344e+02 5.6655603027e+02 5.6674401855e+02 5.6694396973e+02 5.6714501953e+02 5.6734997559e+02 5.6756597900e+02 5.6777197266e+02 5.6798400879e+02 5.6819500732e+02 5.6838598633e+02 5.6858502197e+02 5.6881799316e+02 5.6907000732e+02 5.6930700684e+02 5.6952899170e+02 5.6973101807e+02 5.6997601318e+02 5.7021301270e+02 5.7042401123e+02 5.7068298340e+02 5.7091802979e+02 5.7110998535e+02 5.7132299805e+02 5.7160699463e+02 5.7189001465e+02 5.7212298584e+02 5.7233599854e+02 5.7258599854e+02 5.7287799072e+02 5.7309100342e+02 5.7328002930e+02 5.7352001953e+02 5.7380798340e+02 5.7403997803e+02 5.7427197266e+02 5.7451202393e+02 5.7475201416e+02 5.7498498535e+02 5.7520397949e+02 5.7545001221e+02 5.7567401123e+02 5.7588397217e+02 5.7615899658e+02 5.7643103027e+02 5.7666900635e+02
5.6617700195e+02 5.6636901855e+02 5.6653900146e+02 5.6671899414e+02 5.6692999268e+02 5.6713800049e+02 5.6734197998e+02 5.6755499268e+02 5.6778002930e+02 5.6798797607e+02 5.6817901611e+02 5.6838098145e+02 5.6859899902e+02 5.6883398438e+02 5.6906500244e+02 5.6929699707e+02 5.6953100586e+02 5.6976898193e+02 5.6999200439e+02 5.7020397949e+02 5.7046002197e+02 5.7068902588e+02 5.7090899658e+02 5.7112799072e+02 5.7136297607e+02 5.7162799072e+02 5.7189801025e+02 5.7213299561e+02 5.7235198975e+02 5.7260797119e+02 5.7286401367e+02 5.7310699463e+02 5.7333001709e+02 5.7358001709e+02 5.7382000732e+02 5.7405999756e+02 5.7428601074e+02 5.7451000977e+02 5.7474401855e+02 5.7495098877e+02 5.7519799805e+02 5.7548797607e+02 5.7569799805e+02 5.7591400146e+02 5.7618200684e+02 5.7644000244e+02
5.6595397949e+02 5.6617999268e+02 5.6636199951e+02 5.6652197266e+02 5.6669500732e+02 5.6692199707e+02 5.6713299561e+02 5.6734698486e+02 5.6756402588e+02 5.6776202393e+02 5.6796801758e+02 5.6819799805e+02 5.6841198730e+02 5.6860601807e+02 5.6882000732e+02 5.6905700684e+02 5.6932098389e+02 5.6956799316e+02 5.6976898193e+02 5.6998199463e+02 5.7025799561e+02 5.7045898438e+02 5.7067700195e+02 5.7091101074e+02 5.7113897705e+02 5.7136401367e+02 5.7165100098e+02 5.7192498779e+02 5.7214801025e+02 5.7236602783e+02 5.7262402344e+02 5.7290502930e+02 5.7316198730e+02 5.7335601807e+02 5.7359301758e+02 5.7383001709e+02 5.7403302002e+02 5.7425402832e+02 5.7449798584e+02 5.7470300293e+02 5.7488500977e+02 5.7522601318e+02 5.7551702881e+02 5.7570697021e+02 5.7591101074e+02 5.7620800781e+02
5.6576800537e+02 5.6596801758e+02 5.6617401123e+02 5.6636102295e+02 5.6653997803e+02 5.6672601318e+02 5.6693499756e+02 5.6714801025e+02 5.6734197998e+02 5.6752697754e+02 5.6773901367e+02 5.6797497559e+02 5.6819299316e+02 5.6839801025e+02 5.6860900879e+02 5.6883898926e+02 5.6909301758e+02 5.6933801270e+02 5.6953997803e+02 5.6974401855e+02 5.6999902344e+02 5.7021697998e+02 5.7043597412e+02 5.7068298340e+02 5.7094201660e+02 5.7114300537e+02 5.7139202881e+02 5.7167199707e+02 5.7193298340e+02 5.7214898682e+02 5.7238397217e+02 5.7266198730e+02 5.7295397949e+02 5.7316699219e+02 5.7337597656e+02 5.7360601807e+02 5.7383502197e+02 5.7405499268e+02 5.7427001953e+02 5.7448999023e+02 5.7470001221e+02 5.7496099854e+02 5.7525402832e+02 5.7550097656e+02 5.7568798828e+02 5.7592199707e+02
5.6559002686e+02 5.6576702881e+02 5.6595098877e+02 5.6615502930e+02 5.6637298584e+02 5.6654699707e+02 5.6673101807e+02 5.6693402100e+02 5.6712902832e+02 5.6730999756e+02 5.6751000977e+02 5.6773199463e+02 5.6795697021e+02 5.6817999268e+02 5.6840197754e+02 5.6863702393e+02 5.6886901855e+02 5.6909698486e+02 5.6932501221e+02 5.6953997803e+02 5.6975799561e+02 5.6997802734e+02 5.7021002197e+02 5.7046301270e+02 5.7074499512e+02 5.7096801758e+02 5.7118402100e+02 5.7142602539e+02 5.7169799805e+02 5.7193499756e+02 5.7215100098e+02 5.7240600586e+02 5.7270300293e+02 5.7295501709e+02 5.7316900635e+02 5.7338201904e+02 5.7361401367e+02 5.7384497070e+02 5.7404901123e+02 5.7427001953e+02 5.7450598145e+02 5.7474700928e+02 5.7499298096e+02 5.7526501465e+02 5.7550000000e+02 5.7567199707e+02
5.6539697266e+02 5.6558300781e+02 5.6575799561e+02 5.6594396973e+02 5.6616699219e+02 5.6636700439e+02 5.6653698730e+02 5.6671899414e+02 5.6691497803e+02 5.6709698486e+02 5.6729302979e+02 5.6750500488e+02 5.6772998047e+02 5.6796398926e+02 5.6819097900e+02 5.6842999268e+02 5.6865802002e+02 5.6888098145e+02 5.6912799072e+02 5.6935699463e+02 5.6956597900e+02 5.6975701904e+02 5.6998901367e+02 5.7025097656e+02 5.7052899170e+02 5.7078198242e+02 5.7100598145e+02 5.7121801758e+02 5.7146197510e+02 5.7172302246e+02 5.7194000244e+02 5.7216400146e+02 5.7242999268e+02 5.7270898438e+02 5.7294799805e+02 5.7315002441e+02 5.7336901855e+02 5.7364398193e+02 5.7385400391e+02 5.7404400635e+02 5.7427099609e+02 5.7453399658e+02 5.7476599121e+02 5.7502398682e+02 5.7529901123e+02 5.7547900391e+02
