TESTSERVER/22/19.asc
NCOLS 100
NROWS 100
XLLCORNER 8.5997500000e+03
YLLCORNER 2.8900025000e+05
CELLSIZE 5.0000000000e-01
NODATA_VALUE -9.9990000000e+03
[rows 40 to 59 of 100, columns 0 to 45 of 100]
5.6080999756e+02 5.6070501709e+02 5.6057598877e+02 5.6045800781e+02 5.6042401123e+02 5.6040997314e+02 5.6041497803e+02 5.6043798828e+02 5.6042401123e+02 5.6040899658e+02 5.6038897705e+02 5.6041601563e+02 5.6041302490e+02 5.6038299561e+02 5.6040301514e+02 5.6031500244e+02 5.6036199951e+02 5.6058300781e+02 5.6079302979e+02 5.6113397217e+02 5.6142901611e+02 5.6175897217e+02 5.6206701660e+02 5.6201599121e+02 5.6200299072e+02 5.6204699707e+02 5.6217498779e+02 5.6246997070e+02 5.6272900391e+02 5.6293597412e+02 5.6309197998e+02 5.6329797363e+02 5.6352301025e+02 5.6375402832e+02 5.6394598389e+02 5.6409997559e+02 5.6415899658e+02 5.6411901855e+02 5.6405603027e+02 5.6403497314e+02 5.6400500488e+02 5.6401300049e+02 5.6412500000e+02 5.6444000244e+02 5.6477398682e+02 5.6504602051e+02
5.6059100342e+02 5.6056298828e+02 5.6049902344e+02 5.6046697998e+02 5.6045697021e+02 5.6045800781e+02 5.6048498535e+02 5.6046600342e+02 5.6043200684e+02 5.6040399170e+02 5.6038800049e+02 5.6039202881e+02 5.6039801025e+02 5.6040197754e+02 5.6042102051e+02 5.6040197754e+02 5.6037799072e+02 5.6038800049e+02 5.6043701172e+02 5.6050799561e+02 5.6073498535e+02 5.6124298096e+02 5.6183801270e+02 5.6202697754e+02 5.6209399414e+02 5.6210101318e+02 5.6209002686e+02 5.6217797852e+02 5.6236700439e+02 5.6255999756e+02 5.6273699951e+02 5.6292199707e+02 5.6307397461e+02 5.6323699951e+02 5.6348498535e+02 5.6379302979e+02 5.6402801514e+02 5.6410198975e+02 5.6405401611e+02 5.6402600098e+02 5.6400402832e+02 5.6398797607e+02 5.6400897217e+02 5.6413500977e+02 5.6443499756e+02 5.6481402588e+02
5.6036999512e+02 5.6038397217e+02 5.6037799072e+02 5.6040301514e+02 5.6043402100e+02 5.6047399902e+02 5.6053002930e+02 5.6052301025e+02 5.6049401855e+02 5.6045800781e+02 5.6041601563e+02 5.6040197754e+02 5.6040399170e+02 5.6040997314e+02 5.6042401123e+02 5.6042700195e+02 5.6041302490e+02 5.6038897705e+02 5.6037298584e+02 5.6031500244e+02 5.6035601807e+02 5.6071099854e+02 5.6132598877e+02 5.6176800537e+02 5.6205798340e+02 5.6219396973e+02 5.6215600586e+02 5.6210601807e+02 5.6217498779e+02 5.6226202393e+02 5.6235302734e+02 5.6252899170e+02 5.6270501709e+02 5.6288897705e+02 5.6312500000e+02 5.6343200684e+02 5.6377600098e+02 5.6399499512e+02 5.6404101563e+02 5.6401800537e+02 5.6400000000e+02 5.6397698975e+02 5.6396801758e+02 5.6395599365e+02 5.6410998535e+02 5.6444799805e+02
5.6011499023e+02 5.6016900635e+02 5.6020697021e+02 5.6027600098e+02 5.6034899902e+02 5.6042700195e+02 5.6051800537e+02 5.6054302979e+02 5.6053100586e+02 5.6050201416e+02 5.6045697021e+02 5.6043103027e+02 5.6042700195e+02 5.6043798828e+02 5.6044702148e+02 5.6043298340e+02 5.6042700195e+02 5.6041802979e+02 5.6041699219e+02 5.6038201904e+02 5.6031799316e+02 5.6041101074e+02 5.6069897461e+02 5.6121899414e+02 5.6167797852e+02 5.6196197510e+02 5.6202899170e+02 5.6194897461e+02 5.6196099854e+02 5.6199798584e+02 5.6202001953e+02 5.6220300293e+02 5.6243701172e+02 5.6268103027e+02 5.6292498779e+02 5.6318103027e+02 5.6356701660e+02 5.6389697266e+02 5.6405102539e+02 5.6403900146e+02 5.6401098633e+02 5.6398199463e+02 5.6398400879e+02 5.6393200684e+02 5.6393902588e+02 5.6411602783e+02
5.5978100586e+02 5.5986798096e+02 5.5990802002e+02 5.6005999756e+02 5.6017199707e+02 5.6028601074e+02 5.6039099121e+02 5.6046697998e+02 5.6048999023e+02 5.6048901367e+02 5.6046398926e+02 5.6045001221e+02 5.6045098877e+02 5.6046697998e+02 5.6049298096e+02 5.6047998047e+02 5.6046502686e+02 5.6044598389e+02 5.6042700195e+02 5.6044702148e+02 5.6042700195e+02 5.6038000488e+02 5.6033697510e+02 5.6046997070e+02 5.6088000488e+02 5.6123699951e+02 5.6126000977e+02 5.6137902832e+02 5.6148400879e+02 5.6159197998e+02 5.6171398926e+02 5.6196301270e+02 5.6222198486e+02 5.6250201416e+02 5.6278900146e+02 5.6308398438e+02 5.6348297119e+02 5.6386700439e+02 5.6413397217e+02 5.6409301758e+02 5.6404199219e+02 5.6400000000e+02 5.6399102783e+02 5.6396197510e+02 5.6392498779e+02 5.6396398926e+02
5.5944500732e+02 5.5954199219e+02 5.5964398193e+02 5.5976800537e+02 5.5988000488e+02 5.5999200439e+02 5.6013201904e+02 5.6022198486e+02 5.6026501465e+02 5.6028802490e+02 5.6030798340e+02 5.6034399414e+02 5.6036401367e+02 5.6038299561e+02 5.6042797852e+02 5.6046899414e+02 5.6045300293e+02 5.6040197754e+02 5.6037902832e+02 5.6038800049e+02 5.6031701660e+02 5.6026098633e+02 5.6021002197e+02 5.6015997314e+02 5.6032000732e+02 5.6050701904e+02 5.6059802246e+02 5.6081201172e+02 5.6102301025e+02 5.6122100830e+02 5.6145501709e+02 5.6170800781e+02 5.6196697998e+02 5.6224798584e+02 5.6254998779e+02 5.6290997314e+02 5.6329699707e+02 5.6365100098e+02 5.6393200684e+02 5.6398901367e+02 5.6397601318e+02 5.6399200439e+02 5.6400299072e+02 5.6396099854e+02 5.6392199707e+02 5.6391497803e+02
5.5916900635e+02 5.5927502441e+02 5.5938000488e+02 5.5949798584e+02 5.5960498047e+02 5.5971398926e+02 5.5985797119e+02 5.5996899414e+02 5.6002502441e+02 5.6006201172e+02 5.6010998535e+02 5.6017498779e+02 5.6020599365e+02 5.6023297119e+02 5.6028802490e+02 5.6033502197e+02 5.6030999756e+02 5.6023498535e+02 5.6016900635e+02 5.6008398438e+02 5.5996002197e+02 5.5990802002e+02 5.5996002197e+02 5.6004199219e+02 5.6021099854e+02 5.6036199951e+02 5.6044702148e+02 5.6062902832e+02 5.6081500244e+02 5.6100201416e+02 5.6122198486e+02 5.6146002197e+02 5.6170800781e+02 5.6197900391e+02 5.6225897217e+02 5.6257598877e+02 5.6291497803e+02 5.6322698975e+02 5.6346997070e+02 5.6357897949e+02 5.6370098877e+02 5.6386901855e+02 5.6398999023e+02 5.6398498535e+02 5.6394201660e+02 5.6390600586e+02
5.5890002441e+02 5.5901202393e+02 5.5911901855e+02 5.5922399902e+02 5.5932897949e+02 5.5943402100e+02 5.5957202148e+02 5.5969097900e+02 5.5976000977e+02 5.5980902100e+02 5.5987097168e+02 5.5994598389e+02 5.5998400879e+02 5.6001702881e+02 5.6006896973e+02 5.6010601807e+02 5.6006701660e+02 5.5997399902e+02 5.5982299805e+02 5.5963500977e+02 5.5951397705e+02 5.5950897217e+02 5.5963397217e+02 5.5981799316e+02 5.6006597900e+02 5.6027502441e+02 5.6039099121e+02 5.6052398682e+02 5.6067602539e+02 5.6083099365e+02 5.6100701904e+02 5.6122698975e+02 5.6145800781e+02 5.6170599365e+02 5.6195202637e+02 5.6219799805e+02 5.6246600342e+02 5.6272302246e+02 5.6292102051e+02 5.6309100342e+02 5.6334002686e+02 5.6363397217e+02 5.6387200928e+02 5.6397302246e+02 5.6395898438e+02 5.6391802979e+02
5.5863098145e+02 5.5875201416e+02 5.5885797119e+02 5.5894598389e+02 5.5904199219e+02 5.5913702393e+02 5.5922900391e+02 5.5936602783e+02 5.5944396973e+02 5.5950799561e+02 5.5952398682e+02 5.5960498047e+02 5.5963800049e+02 5.5966400146e+02 5.5965502930e+02 5.5974499512e+02 5.5969097900e+02 5.5959600830e+02 5.5940698242e+02 5.5921398926e+02 5.5915100098e+02 5.5920898438e+02 5.5936499023e+02 5.5955297852e+02 5.5977099609e+02 5.5997198486e+02 5.6013000488e+02 5.6030798340e+02 5.6047601318e+02 5.6064398193e+02 5.6080999756e+02 5.6099902344e+02 5.6121600342e+02 5.6144500732e+02 5.6167797852e+02 5.6186297607e+02 5.6207702637e+02 5.6229199219e+02 5.6251300049e+02 5.6275500488e+02 5.6304101563e+02 5.6333801270e+02 5.6362902832e+02 5.6388598633e+02 5.6395501709e+02 5.6392797852e+02
5.5836102295e+02 5.5848199463e+02 5.5858502197e+02 5.5866601563e+02 5.5875598145e+02 5.5884600830e+02 5.5894500732e+02 5.5904199219e+02 5.5911700439e+02 5.5918200684e+02 5.5923400879e+02 5.5927301025e+02 5.5929901123e+02 5.5931500244e+02 5.5934600830e+02 5.5934301758e+02 5.5928601074e+02 5.5920300293e+02 5.5905603027e+02 5.5888897705e+02 5.5886700439e+02 5.5895599365e+02 5.5914001465e+02 5.5935101318e+02 5.5955401611e+02 5.5972497559e+02 5.5987200928e+02 5.6003997803e+02 5.6021899414e+02 5.6040100098e+02 5.6057501221e+02 5.6077197266e+02 5.6098199463e+02 5.6119201660e+02 5.6138500977e+02 5.6155297852e+02 5.6176397705e+02 5.6199298096e+02 5.6221697998e+02 5.6249102783e+02 5.6277398682e+02 5.6305902100e+02 5.6335400391e+02 5.6368103027e+02 5.6386199951e+02 5.6392297363e+02
5.5810101318e+02 5.5821697998e+02 5.5831799316e+02 5.5839697266e+02 5.5848699951e+02 5.5857598877e+02 5.5866998291e+02 5.5875897217e+02 5.5883099365e+02 5.5889099121e+02 5.5895001221e+02 5.5899798584e+02 5.5902600098e+02 5.5904302979e+02 5.5904602051e+02 5.5901599121e+02 5.5896099854e+02 5.5888000488e+02 5.5874102783e+02 5.5860998535e+02 5.5862597656e+02 5.5874902344e+02 5.5893798828e+02 5.5914202881e+02 5.5934497070e+02 5.5951397705e+02 5.5965899658e+02 5.5980902100e+02 5.5997399902e+02 5.6015002441e+02 5.6033898926e+02 5.6054498291e+02 5.6074298096e+02 5.6092999268e+02 5.6110699463e+02 5.6127697754e+02 5.6148699951e+02 5.6171801758e+02 5.6195300293e+02 5.6221398926e+02 5.6246502686e+02 5.6272698975e+02 5.6303198242e+02 5.6336499023e+02 5.6365002441e+02 5.6388500977e+02
5.5784301758e+02 5.5795599365e+02 5.5805499268e+02 5.5813397217e+02 5.5822399902e+02 5.5831298828e+02 5.5840502930e+02 5.5848797607e+02 5.5855700684e+02 5.5861401367e+02 5.5867297363e+02 5.5872698975e+02 5.5875500488e+02 5.5877301025e+02 5.5876202393e+02 5.5871997070e+02 5.5866802979e+02 5.5858898926e+02 5.5845098877e+02 5.5834997559e+02 5.5841101074e+02 5.5857501221e+02 5.5877001953e+02 5.5894299316e+02 5.5912597656e+02 5.5929302979e+02 5.5946301270e+02 5.5961901855e+02 5.5977099609e+02 5.5993499756e+02 5.6012402344e+02 5.6032397461e+02 5.6051202393e+02 5.6069000244e+02 5.6086297607e+02 5.6103997803e+02 5.6124902344e+02 5.6147497559e+02 5.6170697021e+02 5.6194000244e+02 5.6215002441e+02 5.6240100098e+02 5.6275701904e+02 5.6301202393e+02 5.6330200195e+02 5.6367797852e+02
5.5759002686e+02 5.5769702148e+02 5.5779901123e+02 5.5788299561e+02 5.5797100830e+02 5.5805798340e+02 5.5814898682e+02 5.5823400879e+02 5.5830297852e+02 5.5836102295e+02 5.5841400146e+02 5.5844500732e+02 5.5846502686e+02 5.5847497559e+02 5.5846398926e+02 5.5845800781e+02 5.5839697266e+02 5.5830700684e+02 5.5811199951e+02 5.5807202148e+02 5.5820800781e+02 5.5845300293e+02 5.5871002197e+02 5.5878198242e+02 5.5890698242e+02 5.5905700684e+02 5.5924499512e+02 5.5942498779e+02 5.5958502197e+02 5.5974700928e+02 5.5993402100e+02 5.6010900879e+02 5.6028198242e+02 5.6046099854e+02 5.6065002441e+02 5.6082397461e+02 5.6102502441e+02 5.6123498535e+02 5.6144299316e+02 5.6168701172e+02 5.6195697021e+02 5.6228497314e+02 5.6265698242e+02 5.6278698730e+02 5.6294396973e+02 5.6329400635e+02
5.5733599854e+02 5.5744097900e+02 5.5754602051e+02 5.5764001465e+02 5.5773199463e+02 5.5782098389e+02 5.5791400146e+02 5.5800000000e+02 5.5807098389e+02 5.5813000488e+02 5.5817199707e+02 5.5819500732e+02 5.5821697998e+02 5.5822900391e+02 5.5824499512e+02 5.5823498535e+02 5.5817700195e+02 5.5808599854e+02 5.5790002441e+02 5.5782598877e+02 5.5801702881e+02 5.5832897949e+02 5.5859002686e+02 5.5871301270e+02 5.5879302979e+02 5.5888201904e+02 5.5902899170e+02 5.5920001221e+02 5.5935601807e+02 5.5951501465e+02 5.5969097900e+02 5.5986499023e+02 5.6002899170e+02 5.6021301270e+02 5.6042498779e+02 5.6062701416e+02 5.6082800293e+02 5.6102600098e+02 5.6124597168e+02 5.6150598145e+02 5.6188098145e+02 5.6229797363e+02 5.6268597412e+02 5.6275500488e+02 5.6280700684e+02 5.6303601074e+02
5.5708300781e+02 5.5718798828e+02 5.5729498291e+02 5.5739501953e+02 5.5749102783e+02 5.5758599854e+02 5.5768200684e+02 5.5776501465e+02 5.5783300781e+02 5.5789099121e+02 5.5793298340e+02 5.5796899414e+02 5.5800201416e+02 5.5802502441e+02 5.5804699707e+02 5.5804901123e+02 5.5801098633e+02 5.5794097900e+02 5.5778601074e+02 5.5772399902e+02 5.5787097168e+02 5.5812500000e+02 5.5836499023e+02 5.5856402588e+02 5.5866101074e+02 5.5872198486e+02 5.5881896973e+02 5.5896398926e+02 5.5911199951e+02 5.5927001953e+02 5.5944598389e+02 5.5962500000e+02 5.5979400635e+02 5.5998101807e+02 5.6021099854e+02 5.6043902588e+02 5.6063201904e+02 5.6081097412e+02 5.6102099609e+02 5.6133099365e+02 5.6178698730e+02 5.6228100586e+02 5.6271398926e+02 5.6275299072e+02 5.6273999023e+02 5.6285699463e+02
5.5683001709e+02 5.5693597412e+02 5.5704498291e+02 5.5715197754e+02 5.5725299072e+02 5.5735302734e+02 5.5745202637e+02 5.5753198242e+02 5.5759802246e+02 5.5765197754e+02 5.5769799805e+02 5.5775097656e+02 5.5779602051e+02 5.5783197021e+02 5.5786798096e+02 5.5789398193e+02 5.5787902832e+02 5.5783398438e+02 5.5774902344e+02 5.5771502686e+02 5.5777301025e+02 5.5790698242e+02 5.5805401611e+02 5.5828900146e+02 5.5842999268e+02 5.5851300049e+02 5.5860797119e+02 5.5874401855e+02 5.5888702393e+02 5.5904302979e+02 5.5921600342e+02 5.5940802002e+02 5.5958502197e+02 5.5977001953e+02 5.5999298096e+02 5.6021697998e+02 5.6037701416e+02 5.6051501465e+02 5.6071301270e+02 5.6109899902e+02 5.6164398193e+02 5.6222302246e+02 5.6271502686e+02 5.6276397705e+02 5.6273297119e+02 5.6276501465e+02
5.5658001709e+02 5.5669097900e+02 5.5681201172e+02 5.5691497803e+02 5.5702301025e+02 5.5712701416e+02 5.5722900391e+02 5.5730102539e+02 5.5737298584e+02 5.5743798828e+02 5.5751000977e+02 5.5755200195e+02 5.5762701416e+02 5.5769598389e+02 5.5780999756e+02 5.5779602051e+02 5.5780200195e+02 5.5778698730e+02 5.5780700684e+02 5.5775000000e+02 5.5772399902e+02 5.5773797607e+02 5.5780798340e+02 5.5795202637e+02 5.5812402344e+02 5.5826898193e+02 5.5839202881e+02 5.5853198242e+02 5.5867901611e+02 5.5883001709e+02 5.5898999023e+02 5.5918902588e+02 5.5938500977e+02 5.5957702637e+02 5.5978198242e+02 5.5989398193e+02 5.5997998047e+02 5.6008502197e+02 5.6028497314e+02 5.6073797607e+02 5.6132299805e+02 5.6196197510e+02 5.6249102783e+02 5.6275598145e+02 5.6278997803e+02 5.6277899170e+02
5.5633099365e+02 5.5644500732e+02 5.5656500244e+02 5.5668103027e+02 5.5678997803e+02 5.5689501953e+02 5.5698602295e+02 5.5705603027e+02 5.5713598633e+02 5.5721697998e+02 5.5728802490e+02 5.5736999512e+02 5.5746398926e+02 5.5755102539e+02 5.5764801025e+02 5.5768902588e+02 5.5766900635e+02 5.5764300537e+02 5.5771197510e+02 5.5780200195e+02 5.5778698730e+02 5.5775201416e+02 5.5772698975e+02 5.5775000000e+02 5.5787097168e+02 5.5803100586e+02 5.5817498779e+02 5.5831896973e+02 5.5846899414e+02 5.5862402344e+02 5.5878002930e+02 5.5898199463e+02 5.5920098877e+02 5.5940600586e+02 5.5954400635e+02 5.5953100586e+02 5.5955999756e+02 5.5966497803e+02 5.5991400146e+02 5.6037500000e+02 5.6092700195e+02 5.6154998779e+02 5.6226800537e+02 5.6265002441e+02 5.6278497314e+02 5.6280102539e+02
5.5607897949e+02 5.5619299316e+02 5.5631500244e+02 5.5643499756e+02 5.5654400635e+02 5.5665100098e+02 5.5673901367e+02 5.5680798340e+02 5.5689001465e+02 5.5697198486e+02 5.5706201172e+02 5.5716601563e+02 5.5726202393e+02 5.5734698486e+02 5.5745098877e+02 5.5746600342e+02 5.5740802002e+02 5.5735400391e+02 5.5741900635e+02 5.5772198486e+02 5.5784899902e+02 5.5780603027e+02 5.5763098145e+02 5.5756896973e+02 5.5765002441e+02 5.5780297852e+02 5.5796002197e+02 5.5810699463e+02 5.5825598145e+02 5.5841601563e+02 5.5858697510e+02 5.5880102539e+02 5.5901599121e+02 5.5919702148e+02 5.5925799561e+02 5.5917999268e+02 5.5919702148e+02 5.5930999756e+02 5.5960498047e+02 5.6010302734e+02 5.6066400146e+02 5.6128497314e+02 5.6203100586e+02 5.6251800537e+02 5.6271697998e+02 5.6278399658e+02
5.5582702637e+02 5.5594000244e+02 5.5606097412e+02 5.5618298340e+02 5.5629302979e+02 5.5640002441e+02 5.5648901367e+02 5.5655999756e+02 5.5664300537e+02 5.5672802734e+02 5.5683001709e+02 5.5694702148e+02 5.5704400635e+02 5.5712500000e+02 5.5721398926e+02 5.5716900635e+02 5.5706201172e+02 5.5697198486e+02 5.5694000244e+02 5.5735998535e+02 5.5768200684e+02 5.5770800781e+02 5.5742199707e+02 5.5732897949e+02 5.5742602539e+02 5.5759002686e+02 5.5775402832e+02 5.5789501953e+02 5.5803900146e+02 5.5820300293e+02 5.5839398193e+02 5.5860699463e+02 5.5878900146e+02 5.5891699219e+02 5.5891998291e+02 5.5885400391e+02 5.5889300537e+02 5.5904199219e+02 5.5938897705e+02 5.5990399170e+02 5.6046002197e+02 5.6106298828e+02 5.6179602051e+02 5.6235101318e+02 5.6262097168e+02 5.6275201416e+02
