TESTSERVER/22/2.asc
NCOLS 100
NROWS 100
XLLCORNER 8.5997500000e+03
YLLCORNER 2.8985025000e+05
CELLSIZE 5.0000000000e-01
NODATA_VALUE -9.9990000000e+03
[rows 80 to 99 of 100, columns 46 to 91 of 100]
7.9314300537e+02 7.9332897949e+02 7.9350799561e+02 7.9365600586e+02 7.9377899170e+02 7.9390197754e+02 7.9405102539e+02 7.9416601563e+02 7.9429400635e+02 7.9439599609e+02 7.9447302246e+02 7.9459100342e+02 7.9476501465e+02 7.9494702148e+02 7.9507598877e+02 7.9513897705e+02 7.9518902588e+02 7.9525897217e+02 7.9539599609e+02 7.9555297852e+02 7.9569000244e+02 7.9584002686e+02 7.9600299072e+02 7.9611700439e+02 7.9620501709e+02 7.9629901123e+02 7.9641699219e+02 7.9652502441e+02 7.9663299561e+02 7.9674200439e+02 7.9685699463e+02 7.9699798584e+02 7.9721398926e+02 7.9746301270e+02 7.9770098877e+02 7.9788201904e+02 7.9802001953e+02 7.9813000488e+02 7.9826702881e+02 7.9846398926e+02 7.9864099121e+02 7.9879199219e+02 7.9890899658e+02 7.9904302979e+02 7.9922302246e+02 7.9941802979e+02
7.9278100586e+02 7.9296002197e+02 7.9314599609e+02 7.9330401611e+02 7.9343798828e+02 7.9356597900e+02 7.9369396973e+02 7.9379699707e+02 7.9391601563e+02 7.9403698730e+02 7.9414099121e+02 7.9420898438e+02 7.9435198975e+02 7.9454400635e+02 7.9471801758e+02 7.9481298828e+02 7.9488702393e+02 7.9497497559e+02 7.9510198975e+02 7.9524401855e+02 7.9537298584e+02 7.9551702881e+02 7.9569500732e+02 7.9582098389e+02 7.9591497803e+02 7.9600799561e+02 7.9612902832e+02 7.9630902100e+02 7.9640502930e+02 7.9646002197e+02 7.9652697754e+02 7.9661401367e+02 7.9683599854e+02 7.9713397217e+02 7.9736901855e+02 7.9751300049e+02 7.9766802979e+02 7.9784399414e+02 7.9802697754e+02 7.9826599121e+02 7.9844598389e+02 7.9854602051e+02 7.9861401367e+02 7.9871600342e+02 7.9887402344e+02 7.9906597900e+02
7.9246502686e+02 7.9261798096e+02 7.9280102539e+02 7.9296301270e+02 7.9309197998e+02 7.9321398926e+02 7.9333502197e+02 7.9344201660e+02 7.9357098389e+02 7.9371197510e+02 7.9384301758e+02 7.9389202881e+02 7.9399499512e+02 7.9416101074e+02 7.9434497070e+02 7.9447802734e+02 7.9458001709e+02 7.9468402100e+02 7.9480902100e+02 7.9494702148e+02 7.9507501221e+02 7.9521502686e+02 7.9538500977e+02 7.9551098633e+02 7.9560101318e+02 7.9568701172e+02 7.9580297852e+02 7.9599200439e+02 7.9609899902e+02 7.9615502930e+02 7.9621502686e+02 7.9630700684e+02 7.9652697754e+02 7.9682702637e+02 7.9704400635e+02 7.9717102051e+02 7.9734600830e+02 7.9756201172e+02 7.9775701904e+02 7.9800000000e+02 7.9817498779e+02 7.9826000977e+02 7.9829901123e+02 7.9838299561e+02 7.9853900146e+02 7.9873400879e+02
7.9218200684e+02 7.9231201172e+02 7.9247998047e+02 7.9263098145e+02 7.9275299072e+02 7.9286602783e+02 7.9298297119e+02 7.9310302734e+02 7.9324700928e+02 7.9340600586e+02 7.9355297852e+02 7.9361999512e+02 7.9370397949e+02 7.9383099365e+02 7.9399200439e+02 7.9415301514e+02 7.9428002930e+02 7.9439801025e+02 7.9452099609e+02 7.9465899658e+02 7.9478497314e+02 7.9491699219e+02 7.9507397461e+02 7.9519598389e+02 7.9528198242e+02 7.9536401367e+02 7.9545300293e+02 7.9559100342e+02 7.9570599365e+02 7.9579699707e+02 7.9588897705e+02 7.9599401855e+02 7.9620898438e+02 7.9650000000e+02 7.9672100830e+02 7.9686102295e+02 7.9704302979e+02 7.9725799561e+02 7.9745001221e+02 7.9768103027e+02 7.9785302734e+02 7.9794500732e+02 7.9798999023e+02 7.9808599854e+02 7.9825701904e+02 7.9845501709e+02
7.9193402100e+02 7.9204901123e+02 7.9218902588e+02 7.9231402588e+02 7.9242797852e+02 7.9254199219e+02 7.9266601563e+02 7.9278399658e+02 7.9292901611e+02 7.9309002686e+02 7.9323999023e+02 7.9335498047e+02 7.9344897461e+02 7.9354901123e+02 7.9368298340e+02 7.9385400391e+02 7.9399102783e+02 7.9410900879e+02 7.9424902344e+02 7.9438098145e+02 7.9449902344e+02 7.9461602783e+02 7.9476501465e+02 7.9489398193e+02 7.9497601318e+02 7.9504998779e+02 7.9513299561e+02 7.9523901367e+02 7.9534600830e+02 7.9545599365e+02 7.9554602051e+02 7.9570001221e+02 7.9592401123e+02 7.9619299316e+02 7.9640100098e+02 7.9657800293e+02 7.9677600098e+02 7.9696801758e+02 7.9715399170e+02 7.9734002686e+02 7.9749700928e+02 7.9760498047e+02 7.9767999268e+02 7.9781500244e+02 7.9798602295e+02 7.9815100098e+02
7.9168298340e+02 7.9178497314e+02 7.9189599609e+02 7.9200799561e+02 7.9211999512e+02 7.9223901367e+02 7.9235400391e+02 7.9247399902e+02 7.9261499023e+02 7.9276599121e+02 7.9293298340e+02 7.9308197021e+02 7.9320501709e+02 7.9331500244e+02 7.9342700195e+02 7.9359002686e+02 7.9371600342e+02 7.9383001709e+02 7.9400097656e+02 7.9416400146e+02 7.9427801514e+02 7.9434497070e+02 7.9443499756e+02 7.9457397461e+02 7.9468597412e+02 7.9479998779e+02 7.9492602539e+02 7.9503601074e+02 7.9513397217e+02 7.9522100830e+02 7.9529602051e+02 7.9544299316e+02 7.9567297363e+02 7.9593597412e+02 7.9617102051e+02 7.9636798096e+02 7.9656896973e+02 7.9673797607e+02 7.9686602783e+02 7.9702197266e+02 7.9715301514e+02 7.9726000977e+02 7.9736999512e+02 7.9753997803e+02 7.9771801758e+02 7.9786102295e+02
7.9141900635e+02 7.9150897217e+02 7.9160797119e+02 7.9171002197e+02 7.9181799316e+02 7.9193402100e+02 7.9204797363e+02 7.9217401123e+02 7.9232000732e+02 7.9247100830e+02 7.9263800049e+02 7.9282501221e+02 7.9298400879e+02 7.9310998535e+02 7.9321002197e+02 7.9334600830e+02 7.9346002197e+02 7.9357702637e+02 7.9375500488e+02 7.9394201660e+02 7.9406402588e+02 7.9411199951e+02 7.9415502930e+02 7.9425799561e+02 7.9438397217e+02 7.9454498291e+02 7.9471697998e+02 7.9483697510e+02 7.9493902588e+02 7.9501800537e+02 7.9507202148e+02 7.9519702148e+02 7.9540997314e+02 7.9566198730e+02 7.9590002441e+02 7.9607897949e+02 7.9627099609e+02 7.9644897461e+02 7.9657202148e+02 7.9671301270e+02 7.9683801270e+02 7.9694897461e+02 7.9707702637e+02 7.9727301025e+02 7.9746301270e+02 7.9760797119e+02
7.9115002441e+02 7.9123199463e+02 7.9132598877e+02 7.9142199707e+02 7.9152502441e+02 7.9163897705e+02 7.9175097656e+02 7.9188598633e+02 7.9204199219e+02 7.9219897461e+02 7.9235797119e+02 7.9257000732e+02 7.9276300049e+02 7.9290802002e+02 7.9300500488e+02 7.9311700439e+02 7.9321997070e+02 7.9333398438e+02 7.9348699951e+02 7.9365399170e+02 7.9376898193e+02 7.9382598877e+02 7.9388897705e+02 7.9395599365e+02 7.9406799316e+02 7.9425201416e+02 7.9446600342e+02 7.9460797119e+02 7.9472601318e+02 7.9481097412e+02 7.9486999512e+02 7.9497399902e+02 7.9514501953e+02 7.9536199951e+02 7.9558197021e+02 7.9574902344e+02 7.9594097900e+02 7.9615100098e+02 7.9629699707e+02 7.9643298340e+02 7.9655902100e+02 7.9667901611e+02 7.9681896973e+02 7.9701599121e+02 7.9720300293e+02 7.9735101318e+02
7.9085198975e+02 7.9093597412e+02 7.9103900146e+02 7.9114501953e+02 7.9124700928e+02 7.9135900879e+02 7.9147900391e+02 7.9161199951e+02 7.9177398682e+02 7.9194201660e+02 7.9211602783e+02 7.9231097412e+02 7.9250701904e+02 7.9266699219e+02 7.9278399658e+02 7.9288098145e+02 7.9296899414e+02 7.9306799316e+02 7.9317700195e+02 7.9332800293e+02 7.9342901611e+02 7.9349597168e+02 7.9359301758e+02 7.9369000244e+02 7.9378100586e+02 7.9394396973e+02 7.9414398193e+02 7.9432299805e+02 7.9446301270e+02 7.9457598877e+02 7.9469897461e+02 7.9480297852e+02 7.9491400146e+02 7.9505798340e+02 7.9524700928e+02 7.9544299316e+02 7.9565301514e+02 7.9589398193e+02 7.9606500244e+02 7.9618798828e+02 7.9632501221e+02 7.9646398926e+02 7.9657702637e+02 7.9675402832e+02 7.9692700195e+02 7.9707397461e+02
7.9055902100e+02 7.9064898682e+02 7.9076702881e+02 7.9087097168e+02 7.9097998047e+02 7.9109698486e+02 7.9121899414e+02 7.9135900879e+02 7.9152398682e+02 7.9170599365e+02 7.9189697266e+02 7.9209600830e+02 7.9226898193e+02 7.9241802979e+02 7.9253601074e+02 7.9263702393e+02 7.9272497559e+02 7.9281201172e+02 7.9290502930e+02 7.9301702881e+02 7.9310998535e+02 7.9317401123e+02 7.9326800537e+02 7.9340698242e+02 7.9350897217e+02 7.9364001465e+02 7.9382501221e+02 7.9401898193e+02 7.9419097900e+02 7.9433599854e+02 7.9448602295e+02 7.9461499023e+02 7.9470098877e+02 7.9481799316e+02 7.9501098633e+02 7.9518402100e+02 7.9539398193e+02 7.9566101074e+02 7.9585998535e+02 7.9597998047e+02 7.9611700439e+02 7.9627001953e+02 7.9638702393e+02 7.9650897217e+02 7.9666497803e+02 7.9682897949e+02
7.9029797363e+02 7.9038800049e+02 7.9050500488e+02 7.9060900879e+02 7.9072100830e+02 7.9084197998e+02 7.9096697998e+02 7.9110900879e+02 7.9128100586e+02 7.9146899414e+02 7.9167498779e+02 7.9187500000e+02 7.9204199219e+02 7.9217901611e+02 7.9229101563e+02 7.9240600586e+02 7.9250097656e+02 7.9258697510e+02 7.9267602539e+02 7.9275201416e+02 7.9280603027e+02 7.9284600830e+02 7.9292602539e+02 7.9308898926e+02 7.9321697998e+02 7.9335302734e+02 7.9353601074e+02 7.9375097656e+02 7.9393701172e+02 7.9408898926e+02 7.9422900391e+02 7.9434301758e+02 7.9443902588e+02 7.9458300781e+02 7.9481896973e+02 7.9497998047e+02 7.9516400146e+02 7.9541497803e+02 7.9562902832e+02 7.9577301025e+02 7.9592199707e+02 7.9607897949e+02 7.9620300293e+02 7.9629302979e+02 7.9642602539e+02 7.9658898926e+02
7.9005102539e+02 7.9014300537e+02 7.9025598145e+02 7.9035900879e+02 7.9047198486e+02 7.9059600830e+02 7.9072601318e+02 7.9086901855e+02 7.9104101563e+02 7.9123101807e+02 7.9144299316e+02 7.9164202881e+02 7.9180297852e+02 7.9193103027e+02 7.9203198242e+02 7.9214099121e+02 7.9223699951e+02 7.9232598877e+02 7.9242401123e+02 7.9250201416e+02 7.9254199219e+02 7.9257501221e+02 7.9264801025e+02 7.9282501221e+02 7.9298297119e+02 7.9313098145e+02 7.9330603027e+02 7.9351397705e+02 7.9369000244e+02 7.9382897949e+02 7.9393597412e+02 7.9403900146e+02 7.9415802002e+02 7.9432598877e+02 7.9458502197e+02 7.9475500488e+02 7.9491998291e+02 7.9514599609e+02 7.9538201904e+02 7.9557501221e+02 7.9573999023e+02 7.9589202881e+02 7.9601599121e+02 7.9609197998e+02 7.9620098877e+02 7.9634497070e+02
7.8982202148e+02 7.8991400146e+02 7.9001898193e+02 7.9012799072e+02 7.9023999023e+02 7.9036297607e+02 7.9049700928e+02 7.9063800049e+02 7.9080297852e+02 7.9098400879e+02 7.9118200684e+02 7.9138500977e+02 7.9154101563e+02 7.9166400146e+02 7.9174499512e+02 7.9182897949e+02 7.9191497803e+02 7.9200299072e+02 7.9210797119e+02 7.9220599365e+02 7.9227301025e+02 7.9233801270e+02 7.9246002197e+02 7.9263000488e+02 7.9280798340e+02 7.9296697998e+02 7.9310699463e+02 7.9328198242e+02 7.9343298340e+02 7.9354797363e+02 7.9362701416e+02 7.9375799561e+02 7.9391998291e+02 7.9409197998e+02 7.9426599121e+02 7.9446099854e+02 7.9465997314e+02 7.9488500977e+02 7.9511999512e+02 7.9536901855e+02 7.9553698730e+02 7.9565899658e+02 7.9578002930e+02 7.9589801025e+02 7.9599200439e+02 7.9610797119e+02
7.8959899902e+02 7.8970202637e+02 7.8980499268e+02 7.8991302490e+02 7.9002197266e+02 7.9014202881e+02 7.9027301025e+02 7.9041302490e+02 7.9056402588e+02 7.9072802734e+02 7.9091601563e+02 7.9110101318e+02 7.9125598145e+02 7.9138098145e+02 7.9145599365e+02 7.9149902344e+02 7.9157000732e+02 7.9165502930e+02 7.9175701904e+02 7.9190899658e+02 7.9203601074e+02 7.9212902832e+02 7.9228002930e+02 7.9246197510e+02 7.9263299561e+02 7.9276898193e+02 7.9286901855e+02 7.9301702881e+02 7.9315197754e+02 7.9326300049e+02 7.9334497070e+02 7.9350701904e+02 7.9371502686e+02 7.9390698242e+02 7.9406402588e+02 7.9418902588e+02 7.9438897705e+02 7.9461901855e+02 7.9481097412e+02 7.9506097412e+02 7.9525000000e+02 7.9538500977e+02 7.9553002930e+02 7.9567901611e+02 7.9577001953e+02 7.9586499023e+02
7.8935998535e+02 7.8947998047e+02 7.8958197021e+02 7.8968701172e+02 7.8979699707e+02 7.8991601563e+02 7.9004602051e+02 7.9017797852e+02 7.9031597900e+02 7.9046600342e+02 7.9063500977e+02 7.9080700684e+02 7.9096099854e+02 7.9109399414e+02 7.9118798828e+02 7.9123297119e+02 7.9129797363e+02 7.9137597656e+02 7.9145800781e+02 7.9164202881e+02 7.9180902100e+02 7.9190100098e+02 7.9203100586e+02 7.9219396973e+02 7.9234600830e+02 7.9248797607e+02 7.9260900879e+02 7.9273999023e+02 7.9285699463e+02 7.9296197510e+02 7.9304998779e+02 7.9321801758e+02 7.9343200684e+02 7.9362902832e+02 7.9377502441e+02 7.9386999512e+02 7.9408599854e+02 7.9432800293e+02 7.9448901367e+02 7.9471099854e+02 7.9491802979e+02 7.9509997559e+02 7.9527398682e+02 7.9543701172e+02 7.9554101563e+02 7.9562500000e+02
7.8910400391e+02 7.8923797607e+02 7.8934600830e+02 7.8945397949e+02 7.8956597900e+02 7.8968402100e+02 7.8981201172e+02 7.8993200684e+02 7.9005499268e+02 7.9019097900e+02 7.9034002686e+02 7.9049798584e+02 7.9065698242e+02 7.9080401611e+02 7.9092999268e+02 7.9100701904e+02 7.9107702637e+02 7.9114599609e+02 7.9121197510e+02 7.9137799072e+02 7.9153900146e+02 7.9160797119e+02 7.9170501709e+02 7.9182897949e+02 7.9196801758e+02 7.9215301514e+02 7.9234301758e+02 7.9245001221e+02 7.9254498291e+02 7.9264300537e+02 7.9273199463e+02 7.9288000488e+02 7.9307299805e+02 7.9325598145e+02 7.9339501953e+02 7.9351202393e+02 7.9376501465e+02 7.9401898193e+02 7.9418298340e+02 7.9439599609e+02 7.9460198975e+02 7.9480297852e+02 7.9500097656e+02 7.9519396973e+02 7.9531201172e+02 7.9537500000e+02
7.8882702637e+02 7.8896899414e+02 7.8908502197e+02 7.8920098877e+02 7.8931597900e+02 7.8943798828e+02 7.8956097412e+02 7.8966900635e+02 7.8977801514e+02 7.8989801025e+02 7.9002502441e+02 7.9017901611e+02 7.9033898926e+02 7.9050598145e+02 7.9068701172e+02 7.9079400635e+02 7.9086401367e+02 7.9092401123e+02 7.9100402832e+02 7.9113201904e+02 7.9126000977e+02 7.9133001709e+02 7.9140502930e+02 7.9150402832e+02 7.9162597656e+02 7.9186798096e+02 7.9212298584e+02 7.9214898682e+02 7.9221398926e+02 7.9230102539e+02 7.9241601563e+02 7.9253399658e+02 7.9268902588e+02 7.9284997559e+02 7.9297802734e+02 7.9315600586e+02 7.9342901611e+02 7.9367401123e+02 7.9387597656e+02 7.9412500000e+02 7.9431500244e+02 7.9450299072e+02 7.9474401855e+02 7.9494097900e+02 7.9505700684e+02 7.9509301758e+02
7.8856896973e+02 7.8870898438e+02 7.8883001709e+02 7.8892297363e+02 7.8902398682e+02 7.8914099121e+02 7.8926800537e+02 7.8938098145e+02 7.8949401855e+02 7.8961798096e+02 7.8975897217e+02 7.8989398193e+02 7.9003497314e+02 7.9019201660e+02 7.9038897705e+02 7.9055297852e+02 7.9064501953e+02 7.9070898438e+02 7.9078399658e+02 7.9087402344e+02 7.9099499512e+02 7.9108801270e+02 7.9115100098e+02 7.9126397705e+02 7.9140399170e+02 7.9162402344e+02 7.9178698730e+02 7.9182702637e+02 7.9188201904e+02 7.9197302246e+02 7.9209899902e+02 7.9222302246e+02 7.9237500000e+02 7.9253002930e+02 7.9266900635e+02 7.9285302734e+02 7.9309399414e+02 7.9331298828e+02 7.9356402588e+02 7.9386901855e+02 7.9403997803e+02 7.9416802979e+02 7.9436499023e+02 7.9451397705e+02 7.9469000244e+02 7.9487799072e+02
7.8830499268e+02 7.8844500732e+02 7.8856298828e+02 7.8863201904e+02 7.8871697998e+02 7.8882598877e+02 7.8895599365e+02 7.8908197021e+02 7.8921002197e+02 7.8935302734e+02 7.8950897217e+02 7.8963702393e+02 7.8976397705e+02 7.8990502930e+02 7.9009497070e+02 7.9029302979e+02 7.9041802979e+02 7.9049902344e+02 7.9058398438e+02 7.9067700195e+02 7.9078002930e+02 7.9087298584e+02 7.9093499756e+02 7.9099902344e+02 7.9113800049e+02 7.9133197021e+02 7.9141400146e+02 7.9147601318e+02 7.9155798340e+02 7.9167102051e+02 7.9181097412e+02 7.9193902588e+02 7.9208300781e+02 7.9222100830e+02 7.9234997559e+02 7.9257800293e+02 7.9282897949e+02 7.9304602051e+02 7.9326000977e+02 7.9355200195e+02 7.9374700928e+02 7.9385601807e+02 7.9398199463e+02 7.9409399414e+02 7.9426898193e+02 7.9449401855e+02
7.8801599121e+02 7.8815301514e+02 7.8827197266e+02 7.8832202148e+02 7.8839501953e+02 7.8849798584e+02 7.8863201904e+02 7.8877301025e+02 7.8891900635e+02 7.8908197021e+02 7.8926000977e+02 7.8939099121e+02 7.8950799561e+02 7.8963500977e+02 7.8980902100e+02 7.9001898193e+02 7.9017297363e+02 7.9027001953e+02 7.9035900879e+02 7.9046801758e+02 7.9056097412e+02 7.9064697266e+02 7.9071801758e+02 7.9075402832e+02 7.9086297607e+02 7.9101098633e+02 7.9104498291e+02 7.9112902832e+02 7.9124597168e+02 7.9139202881e+02 7.9155102539e+02 7.9167901611e+02 7.9180102539e+02 7.9191302490e+02 7.9203198242e+02 7.9225799561e+02 7.9251000977e+02 7.9272802734e+02 7.9290301514e+02 7.9315197754e+02 7.9337200928e+02 7.9349597168e+02 7.9359197998e+02 7.9371899414e+02 7.9388299561e+02 7.9405700684e+02
