TESTSERVER/22/2.asc
NCOLS 100
NROWS 100
XLLCORNER 8.5997500000e+03
YLLCORNER 2.8985025000e+05
CELLSIZE 5.0000000000e-01
NODATA_VALUE -9.9990000000e+03
[rows 0 to 19 of 100, columns 0 to 45 of 100]
8.0657000732e+02 8.0676300049e+02 8.0687597656e+02 8.0696197510e+02 8.0700897217e+02 8.0705999756e+02 8.0715399170e+02 8.0722900391e+02 8.0728002930e+02 8.0739599609e+02 8.0750799561e+02 8.0765997314e+02 8.0794396973e+02 8.0816998291e+02 8.0835998535e+02 8.0855603027e+02 8.0872900391e+02 8.0889599609e+02 8.0902697754e+02 8.0912799072e+02 8.0920098877e+02 8.0928399658e+02 8.0940502930e+02 8.0955902100e+02 8.0974597168e+02 8.0993798828e+02 8.1011700439e+02 8.1026501465e+02 8.1037799072e+02 8.1050897217e+02 8.1064300537e+02 8.1077600098e+02 8.1090301514e+02 8.1101898193e+02 8.1113500977e+02 8.1120397949e+02 8.1124499512e+02 8.1132202148e+02 8.1150701904e+02 8.1171997070e+02 8.1187500000e+02 8.1199499512e+02 8.1218103027e+02 8.1236999512e+02 8.1251898193e+02 8.1267602539e+02
8.0632897949e+02 8.0659399414e+02 8.0674597168e+02 8.0681097412e+02 8.0688397217e+02 8.0695001221e+02 8.0700402832e+02 8.0706500244e+02 8.0719500732e+02 8.0733300781e+02 8.0739501953e+02 8.0755102539e+02 8.0785302734e+02 8.0797601318e+02 8.0814398193e+02 8.0836499023e+02 8.0855102539e+02 8.0869097900e+02 8.0883099365e+02 8.0895800781e+02 8.0905798340e+02 8.0916302490e+02 8.0926098633e+02 8.0938598633e+02 8.0955499268e+02 8.0975598145e+02 8.0992700195e+02 8.1005902100e+02 8.1016400146e+02 8.1034100342e+02 8.1050799561e+02 8.1065698242e+02 8.1079498291e+02 8.1094897461e+02 8.1107098389e+02 8.1112500000e+02 8.1110498047e+02 8.1115698242e+02 8.1132299805e+02 8.1152301025e+02 8.1169598389e+02 8.1186297607e+02 8.1206298828e+02 8.1225500488e+02 8.1242700195e+02 8.1263201904e+02
8.0602099609e+02 8.0629602051e+02 8.0650701904e+02 8.0661199951e+02 8.0671502686e+02 8.0678802490e+02 8.0683398438e+02 8.0691802979e+02 8.0712298584e+02 8.0723297119e+02 8.0725897217e+02 8.0743200684e+02 8.0772900391e+02 8.0782098389e+02 8.0800000000e+02 8.0823297119e+02 8.0840899658e+02 8.0851397705e+02 8.0864202881e+02 8.0878497314e+02 8.0890600586e+02 8.0900201416e+02 8.0907501221e+02 8.0917102051e+02 8.0931298828e+02 8.0949102783e+02 8.0965002441e+02 8.0977801514e+02 8.0989398193e+02 8.1010101318e+02 8.1029498291e+02 8.1046801758e+02 8.1062200928e+02 8.1078399658e+02 8.1090899658e+02 8.1095800781e+02 8.1094000244e+02 8.1099401855e+02 8.1114099121e+02 8.1132598877e+02 8.1151098633e+02 8.1171697998e+02 8.1194396973e+02 8.1212902832e+02 8.1228198242e+02 8.1250598145e+02
8.0577099609e+02 8.0600799561e+02 8.0622198486e+02 8.0635900879e+02 8.0648699951e+02 8.0659197998e+02 8.0667297363e+02 8.0679101563e+02 8.0700500488e+02 8.0710699463e+02 8.0714300537e+02 8.0731500244e+02 8.0758001709e+02 8.0769201660e+02 8.0788598633e+02 8.0810699463e+02 8.0825000000e+02 8.0833099365e+02 8.0845397949e+02 8.0860900879e+02 8.0872998047e+02 8.0879998779e+02 8.0884997559e+02 8.0891900635e+02 8.0902899170e+02 8.0917102051e+02 8.0932098389e+02 8.0945800781e+02 8.0959997559e+02 8.0982702637e+02 8.1003900146e+02 8.1023199463e+02 8.1039300537e+02 8.1054400635e+02 8.1067199707e+02 8.1073199463e+02 8.1074200439e+02 8.1081402588e+02 8.1095001221e+02 8.1112298584e+02 8.1129797363e+02 8.1152398682e+02 8.1179302979e+02 8.1198999023e+02 8.1210900879e+02 8.1230200195e+02
8.0559399414e+02 8.0576202393e+02 8.0593597412e+02 8.0608300781e+02 8.0621801758e+02 8.0636798096e+02 8.0652600098e+02 8.0667602539e+02 8.0682800293e+02 8.0697698975e+02 8.0709600830e+02 8.0726202393e+02 8.0745098877e+02 8.0758001709e+02 8.0775299072e+02 8.0791601563e+02 8.0800299072e+02 8.0809899902e+02 8.0823297119e+02 8.0839099121e+02 8.0849401855e+02 8.0854901123e+02 8.0858898926e+02 8.0864501953e+02 8.0872302246e+02 8.0884100342e+02 8.0899401855e+02 8.0915802002e+02 8.0932897949e+02 8.0953900146e+02 8.0976300049e+02 8.0996997070e+02 8.1013800049e+02 8.1028698730e+02 8.1040899658e+02 8.1048602295e+02 8.1053399658e+02 8.1061798096e+02 8.1075598145e+02 8.1092797852e+02 8.1110101318e+02 8.1132299805e+02 8.1158099365e+02 8.1179797363e+02 8.1196197510e+02 8.1210498047e+02
8.0544396973e+02 8.0559399414e+02 8.0573101807e+02 8.0585601807e+02 8.0595800781e+02 8.0611798096e+02 8.0633898926e+02 8.0653399658e+02 8.0670501709e+02 8.0687402344e+02 8.0705297852e+02 8.0722100830e+02 8.0733099365e+02 8.0742102051e+02 8.0754400635e+02 8.0765600586e+02 8.0774902344e+02 8.0785101318e+02 8.0797900391e+02 8.0811798096e+02 8.0822198486e+02 8.0826702881e+02 8.0831500244e+02 8.0838500977e+02 8.0847998047e+02 8.0857598877e+02 8.0872302246e+02 8.0889697266e+02 8.0907397461e+02 8.0926000977e+02 8.0947698975e+02 8.0970202637e+02 8.0990802002e+02 8.1007397461e+02 8.1020300293e+02 8.1029602051e+02 8.1035998535e+02 8.1042498779e+02 8.1055902100e+02 8.1075598145e+02 8.1095697021e+02 8.1114300537e+02 8.1135601807e+02 8.1156896973e+02 8.1174401855e+02 8.1190698242e+02
8.0533599854e+02 8.0545300293e+02 8.0554998779e+02 8.0566900635e+02 8.0576501465e+02 8.0592999268e+02 8.0617700195e+02 8.0638897705e+02 8.0657501221e+02 8.0675299072e+02 8.0694598389e+02 8.0711199951e+02 8.0716400146e+02 8.0721997070e+02 8.0732501221e+02 8.0741601563e+02 8.0750598145e+02 8.0762402344e+02 8.0774102783e+02 8.0786297607e+02 8.0796600342e+02 8.0802398682e+02 8.0807897949e+02 8.0815802002e+02 8.0827099609e+02 8.0836999512e+02 8.0849102783e+02 8.0864300537e+02 8.0883001709e+02 8.0901702881e+02 8.0922698975e+02 8.0945898438e+02 8.0970098877e+02 8.0989398193e+02 8.1004498291e+02 8.1015899658e+02 8.1024102783e+02 8.1028601074e+02 8.1040399170e+02 8.1060198975e+02 8.1082098389e+02 8.1098999023e+02 8.1117297363e+02 8.1136199951e+02 8.1153399658e+02 8.1169396973e+02
8.0524700928e+02 8.0531201172e+02 8.0535900879e+02 8.0546697998e+02 8.0559301758e+02 8.0579400635e+02 8.0604699707e+02 8.0625701904e+02 8.0644201660e+02 8.0660101318e+02 8.0677398682e+02 8.0693103027e+02 8.0697497559e+02 8.0702801514e+02 8.0713702393e+02 8.0721899414e+02 8.0729602051e+02 8.0743402100e+02 8.0755200195e+02 8.0766497803e+02 8.0777502441e+02 8.0785198975e+02 8.0791802979e+02 8.0800097656e+02 8.0811901855e+02 8.0823199463e+02 8.0832501221e+02 8.0844000244e+02 8.0863098145e+02 8.0883697510e+02 8.0903698730e+02 8.0925799561e+02 8.0950299072e+02 8.0971502686e+02 8.0988598633e+02 8.1001702881e+02 8.1012298584e+02 8.1017297363e+02 8.1027600098e+02 8.1045697021e+02 8.1066998291e+02 8.1084197998e+02 8.1100402832e+02 8.1116699219e+02 8.1131896973e+02 8.1148602295e+02
8.0511700439e+02 8.0513299561e+02 8.0513702393e+02 8.0521997070e+02 8.0537799072e+02 8.0563098145e+02 8.0587902832e+02 8.0608801270e+02 8.0627502441e+02 8.0643798828e+02 8.0660198975e+02 8.0674700928e+02 8.0681597900e+02 8.0685400391e+02 8.0697802734e+02 8.0707897949e+02 8.0714501953e+02 8.0726599121e+02 8.0739501953e+02 8.0751800537e+02 8.0765502930e+02 8.0776599121e+02 8.0783898926e+02 8.0791900635e+02 8.0805200195e+02 8.0817498779e+02 8.0825299072e+02 8.0832800293e+02 8.0847399902e+02 8.0872497559e+02 8.0891101074e+02 8.0908697510e+02 8.0929998779e+02 8.0949102783e+02 8.0965899658e+02 8.0980102539e+02 8.0991101074e+02 8.1000598145e+02 8.1011999512e+02 8.1028997803e+02 8.1047998047e+02 8.1065399170e+02 8.1082000732e+02 8.1096997070e+02 8.1107397461e+02 8.1128002930e+02
8.0494598389e+02 8.0490899658e+02 8.0489599609e+02 8.0497100830e+02 8.0515002441e+02 8.0541497803e+02 8.0566900635e+02 8.0589001465e+02 8.0607598877e+02 8.0623400879e+02 8.0640399170e+02 8.0653497314e+02 8.0659100342e+02 8.0663201904e+02 8.0677502441e+02 8.0686401367e+02 8.0688098145e+02 8.0703198242e+02 8.0717999268e+02 8.0733898926e+02 8.0752600098e+02 8.0770300293e+02 8.0782299805e+02 8.0794097900e+02 8.0809197998e+02 8.0821600342e+02 8.0825500488e+02 8.0831201172e+02 8.0842999268e+02 8.0863500977e+02 8.0879302979e+02 8.0891998291e+02 8.0905999756e+02 8.0920898438e+02 8.0936199951e+02 8.0951501465e+02 8.0966699219e+02 8.0978497314e+02 8.0993103027e+02 8.1011798096e+02 8.1030200195e+02 8.1044598389e+02 8.1061401367e+02 8.1077099609e+02 8.1087298584e+02 8.1110198975e+02
8.0472698975e+02 8.0467901611e+02 8.0467700195e+02 8.0474902344e+02 8.0490600586e+02 8.0516998291e+02 8.0544396973e+02 8.0570001221e+02 8.0588897705e+02 8.0598602295e+02 8.0611297607e+02 8.0623602295e+02 8.0632501221e+02 8.0636798096e+02 8.0647601318e+02 8.0657501221e+02 8.0664697266e+02 8.0680297852e+02 8.0697900391e+02 8.0717498779e+02 8.0738098145e+02 8.0757397461e+02 8.0774700928e+02 8.0792199707e+02 8.0810101318e+02 8.0821899414e+02 8.0823297119e+02 8.0830200195e+02 8.0839599609e+02 8.0852398682e+02 8.0864697266e+02 8.0875299072e+02 8.0886297607e+02 8.0899499512e+02 8.0914099121e+02 8.0929498291e+02 8.0945202637e+02 8.0959301758e+02 8.0976000977e+02 8.0995300293e+02 8.1014099121e+02 8.1028002930e+02 8.1042700195e+02 8.1057098389e+02 8.1069000244e+02 8.1088702393e+02
8.0444097900e+02 8.0443701172e+02 8.0448498535e+02 8.0456896973e+02 8.0467602539e+02 8.0490100098e+02 8.0518597412e+02 8.0547601318e+02 8.0571502686e+02 8.0576098633e+02 8.0583502197e+02 8.0595001221e+02 8.0604797363e+02 8.0608001709e+02 8.0612298584e+02 8.0625402832e+02 8.0645697021e+02 8.0661602783e+02 8.0680999756e+02 8.0702502441e+02 8.0722698975e+02 8.0740502930e+02 8.0760198975e+02 8.0780999756e+02 8.0800598145e+02 8.0812799072e+02 8.0817199707e+02 8.0824102783e+02 8.0830297852e+02 8.0837701416e+02 8.0848199463e+02 8.0859497070e+02 8.0871099854e+02 8.0884197998e+02 8.0898602295e+02 8.0914398193e+02 8.0930798340e+02 8.0946697998e+02 8.0963598633e+02 8.0981701660e+02 8.0999798584e+02 8.1014300537e+02 8.1027099609e+02 8.1039898682e+02 8.1053601074e+02 8.1069897461e+02
8.0415600586e+02 8.0418597412e+02 8.0428601074e+02 8.0440100098e+02 8.0448101807e+02 8.0462097168e+02 8.0488397217e+02 8.0519702148e+02 8.0546398926e+02 8.0553997803e+02 8.0560601807e+02 8.0571301270e+02 8.0582000732e+02 8.0585998535e+02 8.0588897705e+02 8.0600097656e+02 8.0619097900e+02 8.0642401123e+02 8.0662701416e+02 8.0684399414e+02 8.0705401611e+02 8.0723297119e+02 8.0741802979e+02 8.0761700439e+02 8.0779998779e+02 8.0794201660e+02 8.0806402588e+02 8.0812402344e+02 8.0814202881e+02 8.0820397949e+02 8.0830999756e+02 8.0844299316e+02 8.0857598877e+02 8.0871997070e+02 8.0887799072e+02 8.0904400635e+02 8.0921899414e+02 8.0939001465e+02 8.0954797363e+02 8.0970300293e+02 8.0985998535e+02 8.1000402832e+02 8.1013000488e+02 8.1025897217e+02 8.1042498779e+02 8.1059197998e+02
8.0390301514e+02 8.0396301270e+02 8.0408599854e+02 8.0422302246e+02 8.0433001709e+02 8.0441101074e+02 8.0459997559e+02 8.0487402344e+02 8.0512597656e+02 8.0526202393e+02 8.0536199951e+02 8.0544702148e+02 8.0555798340e+02 8.0564398193e+02 8.0570300293e+02 8.0581597900e+02 8.0601098633e+02 8.0621502686e+02 8.0642401123e+02 8.0663397217e+02 8.0684600830e+02 8.0704797363e+02 8.0724902344e+02 8.0744396973e+02 8.0761499023e+02 8.0775000000e+02 8.0787799072e+02 8.0793298340e+02 8.0796197510e+02 8.0804602051e+02 8.0816998291e+02 8.0830297852e+02 8.0843200684e+02 8.0859002686e+02 8.0876501465e+02 8.0894201660e+02 8.0911499023e+02 8.0930798340e+02 8.0947802734e+02 8.0962500000e+02 8.0976800537e+02 8.0990502930e+02 8.1001300049e+02 8.1012701416e+02 8.1030401611e+02 8.1052502441e+02
8.0364300537e+02 8.0377697754e+02 8.0393103027e+02 8.0408697510e+02 8.0422698975e+02 8.0427502441e+02 8.0439001465e+02 8.0459399414e+02 8.0481097412e+02 8.0499200439e+02 8.0511401367e+02 8.0519598389e+02 8.0529400635e+02 8.0540502930e+02 8.0549798584e+02 8.0564300537e+02 8.0584802246e+02 8.0605200195e+02 8.0625598145e+02 8.0645300293e+02 8.0665197754e+02 8.0686102295e+02 8.0706500244e+02 8.0725299072e+02 8.0741601563e+02 8.0752099609e+02 8.0762097168e+02 8.0770697021e+02 8.0779302979e+02 8.0791101074e+02 8.0804797363e+02 8.0817700195e+02 8.0829998779e+02 8.0845898438e+02 8.0863500977e+02 8.0881201172e+02 8.0897900391e+02 8.0917797852e+02 8.0935900879e+02 8.0951098633e+02 8.0965002441e+02 8.0978399658e+02 8.0987200928e+02 8.0995599365e+02 8.1010498047e+02 8.1032501221e+02
8.0341198730e+02 8.0361602783e+02 8.0379797363e+02 8.0397198486e+02 8.0412597656e+02 8.0414202881e+02 8.0420202637e+02 8.0434497070e+02 8.0452197266e+02 8.0470300293e+02 8.0483898926e+02 8.0493798828e+02 8.0503302002e+02 8.0515197754e+02 8.0528399658e+02 8.0546301270e+02 8.0568402100e+02 8.0589398193e+02 8.0609301758e+02 8.0627398682e+02 8.0644702148e+02 8.0664300537e+02 8.0683801270e+02 8.0700799561e+02 8.0714697266e+02 8.0725799561e+02 8.0738397217e+02 8.0751599121e+02 8.0763702393e+02 8.0777502441e+02 8.0791998291e+02 8.0804498291e+02 8.0817102051e+02 8.0832299805e+02 8.0848699951e+02 8.0865301514e+02 8.0880999756e+02 8.0898901367e+02 8.0916101074e+02 8.0931298828e+02 8.0945202637e+02 8.0958599854e+02 8.0967102051e+02 8.0974102783e+02 8.0985198975e+02 8.1001898193e+02
8.0317797852e+02 8.0339099121e+02 8.0360400391e+02 8.0379699707e+02 8.0393701172e+02 8.0397601318e+02 8.0402099609e+02 8.0412701416e+02 8.0425701904e+02 8.0440100098e+02 8.0453997803e+02 8.0466400146e+02 8.0477301025e+02 8.0489599609e+02 8.0506298828e+02 8.0527301025e+02 8.0549597168e+02 8.0569702148e+02 8.0588299561e+02 8.0604998779e+02 8.0623699951e+02 8.0640997314e+02 8.0660400391e+02 8.0673797607e+02 8.0680401611e+02 8.0702301025e+02 8.0721099854e+02 8.0735302734e+02 8.0745898438e+02 8.0763500977e+02 8.0778497314e+02 8.0790899658e+02 8.0804101563e+02 8.0817602539e+02 8.0832501221e+02 8.0847601318e+02 8.0862500000e+02 8.0876898193e+02 8.0890399170e+02 8.0903698730e+02 8.0917797852e+02 8.0933801270e+02 8.0944799805e+02 8.0952600098e+02 8.0962097168e+02 8.0973400879e+02
8.0293402100e+02 8.0310101318e+02 8.0330798340e+02 8.0350097656e+02 8.0363397217e+02 8.0368402100e+02 8.0376000977e+02 8.0389599609e+02 8.0403002930e+02 8.0414599609e+02 8.0428302002e+02 8.0442297363e+02 8.0455700684e+02 8.0466601563e+02 8.0482098389e+02 8.0501898193e+02 8.0520800781e+02 8.0538397217e+02 8.0555200195e+02 8.0570800781e+02 8.0588000488e+02 8.0608599854e+02 8.0630297852e+02 8.0646899414e+02 8.0656097412e+02 8.0674902344e+02 8.0699499512e+02 8.0718200684e+02 8.0729699707e+02 8.0747698975e+02 8.0764099121e+02 8.0777899170e+02 8.0789599609e+02 8.0801599121e+02 8.0815600586e+02 8.0828100586e+02 8.0838299561e+02 8.0851898193e+02 8.0864001465e+02 8.0876397705e+02 8.0893200684e+02 8.0911499023e+02 8.0923797607e+02 8.0932098389e+02 8.0941699219e+02 8.0952301025e+02
8.0268499756e+02 8.0280700684e+02 8.0299102783e+02 8.0317700195e+02 8.0330499268e+02 8.0334197998e+02 8.0341998291e+02 8.0356701660e+02 8.0373699951e+02 8.0387298584e+02 8.0401702881e+02 8.0416998291e+02 8.0433099365e+02 8.0445397949e+02 8.0459301758e+02 8.0476300049e+02 8.0492498779e+02 8.0505102539e+02 8.0517199707e+02 8.0529400635e+02 8.0544702148e+02 8.0561901855e+02 8.0585101318e+02 8.0609399414e+02 8.0629602051e+02 8.0644897461e+02 8.0672100830e+02 8.0697100830e+02 8.0713397217e+02 8.0730200195e+02 8.0744299316e+02 8.0757702637e+02 8.0769299316e+02 8.0781597900e+02 8.0794799805e+02 8.0805401611e+02 8.0811297607e+02 8.0822698975e+02 8.0834802246e+02 8.0847302246e+02 8.0865100098e+02 8.0883697510e+02 8.0896801758e+02 8.0908001709e+02 8.0922900391e+02 8.0935699463e+02
8.0237701416e+02 8.0248699951e+02 8.0266400146e+02 8.0285498047e+02 8.0299597168e+02 8.0304602051e+02 8.0310900879e+02 8.0322698975e+02 8.0339697266e+02 8.0354901123e+02 8.0370202637e+02 8.0387298584e+02 8.0407000732e+02 8.0423199463e+02 8.0437799072e+02 8.0452899170e+02 8.0467401123e+02 8.0476898193e+02 8.0484997559e+02 8.0494097900e+02 8.0507299805e+02 8.0521697998e+02 8.0543200684e+02 8.0570898438e+02 8.0600598145e+02 8.0617401123e+02 8.0644598389e+02 8.0673199463e+02 8.0695898438e+02 8.0712597656e+02 8.0722100830e+02 8.0732098389e+02 8.0743701172e+02 8.0756799316e+02 8.0769799805e+02 8.0779901123e+02 8.0784802246e+02 8.0795202637e+02 8.0806896973e+02 8.0819396973e+02 8.0836999512e+02 8.0854302979e+02 8.0867901611e+02 8.0882501221e+02 8.0904302979e+02 8.0922998047e+02
