TESTSERVER/22/3.asc
NCOLS 100
NROWS 100
XLLCORNER 8.5997500000e+03
YLLCORNER 2.8980025000e+05
CELLSIZE 5.0000000000e-01
NODATA_VALUE -9.9990000000e+03
[rows 0 to 19 of 100, columns 0 to 45 of 100]
7.8107098389e+02 7.8126098633e+02 7.8144799805e+02 7.8161901855e+02 7.8180401611e+02 7.8205999756e+02 7.8222399902e+02 7.8242297363e+02 7.8269097900e+02 7.8283898926e+02 7.8297100830e+02 7.8309600830e+02 7.8322100830e+02 7.8338397217e+02 7.8349102783e+02 7.8358001709e+02 7.8367999268e+02 7.8379101563e+02 7.8390301514e+02 7.8400402832e+02 7.8410302734e+02 7.8420599365e+02 7.8434100342e+02 7.8448400879e+02 7.8461102295e+02 7.8471301270e+02 7.8483300781e+02 7.8499401855e+02 7.8521099854e+02 7.8536602783e+02 7.8552398682e+02 7.8571600342e+02 7.8591400146e+02 7.8606201172e+02 7.8610797119e+02 7.8611297607e+02 7.8617401123e+02 7.8632299805e+02 7.8646002197e+02 7.8660302734e+02 7.8675598145e+02 7.8692901611e+02 7.8709600830e+02 7.8726202393e+02 7.8740802002e+02 7.8756597900e+02
7.8076501465e+02 7.8092401123e+02 7.8113897705e+02 7.8132800293e+02 7.8151202393e+02 7.8174298096e+02 7.8192901611e+02 7.8212597656e+02 7.8236999512e+02 7.8254302979e+02 7.8270501709e+02 7.8284301758e+02 7.8295098877e+02 7.8308001709e+02 7.8319201660e+02 7.8330401611e+02 7.8342901611e+02 7.8353900146e+02 7.8365502930e+02 7.8376501465e+02 7.8385900879e+02 7.8394396973e+02 7.8405200195e+02 7.8416998291e+02 7.8430401611e+02 7.8442297363e+02 7.8450201416e+02 7.8461499023e+02 7.8483502197e+02 7.8499902344e+02 7.8512597656e+02 7.8532098389e+02 7.8551501465e+02 7.8572497559e+02 7.8583898926e+02 7.8584197998e+02 7.8584997559e+02 7.8597900391e+02 7.8613598633e+02 7.8629302979e+02 7.8644201660e+02 7.8661401367e+02 7.8678100586e+02 7.8694299316e+02 7.8710198975e+02 7.8726501465e+02
7.8048101807e+02 7.8062799072e+02 7.8085198975e+02 7.8104901123e+02 7.8124401855e+02 7.8143499756e+02 7.8162200928e+02 7.8182000732e+02 7.8203302002e+02 7.8223602295e+02 7.8244702148e+02 7.8262701416e+02 7.8272601318e+02 7.8280200195e+02 7.8290197754e+02 7.8302899170e+02 7.8318298340e+02 7.8330102539e+02 7.8341400146e+02 7.8352197266e+02 7.8361401367e+02 7.8368402100e+02 7.8376898193e+02 7.8386199951e+02 7.8397100830e+02 7.8409698486e+02 7.8417797852e+02 7.8425299072e+02 7.8442999268e+02 7.8459698486e+02 7.8472399902e+02 7.8489801025e+02 7.8506896973e+02 7.8529498291e+02 7.8547998047e+02 7.8555297852e+02 7.8557000732e+02 7.8565698242e+02 7.8580102539e+02 7.8597601318e+02 7.8615197754e+02 7.8632000732e+02 7.8647601318e+02 7.8662097168e+02 7.8677398682e+02 7.8694396973e+02
7.8016198730e+02 7.8035198975e+02 7.8059497070e+02 7.8077502441e+02 7.8095800781e+02 7.8116198730e+02 7.8134301758e+02 7.8151898193e+02 7.8171301270e+02 7.8193499756e+02 7.8217901611e+02 7.8240600586e+02 7.8254400635e+02 7.8261102295e+02 7.8267401123e+02 7.8275897217e+02 7.8291302490e+02 7.8305999756e+02 7.8317199707e+02 7.8327301025e+02 7.8336602783e+02 7.8342901611e+02 7.8349499512e+02 7.8356298828e+02 7.8362799072e+02 7.8372100830e+02 7.8383398438e+02 7.8393701172e+02 7.8409698486e+02 7.8429699707e+02 7.8442498779e+02 7.8453997803e+02 7.8464898682e+02 7.8483001709e+02 7.8504498291e+02 7.8520397949e+02 7.8530603027e+02 7.8539099121e+02 7.8549499512e+02 7.8565698242e+02 7.8586401367e+02 7.8604797363e+02 7.8619702148e+02 7.8631896973e+02 7.8644299316e+02 7.8659301758e+02
7.7983398438e+02 7.8006201172e+02 7.8031597900e+02 7.8046997070e+02 7.8058697510e+02 7.8082299805e+02 7.8104199219e+02 7.8122302246e+02 7.8140698242e+02 7.8161602783e+02 7.8185998535e+02 7.8212402344e+02 7.8235498047e+02 7.8245098877e+02 7.8249298096e+02 7.8252801514e+02 7.8263201904e+02 7.8278802490e+02 7.8290600586e+02 7.8300799561e+02 7.8309399414e+02 7.8317602539e+02 7.8323797607e+02 7.8329199219e+02 7.8333697510e+02 7.8338201904e+02 7.8349597168e+02 7.8363201904e+02 7.8378497314e+02 7.8401501465e+02 7.8418298340e+02 7.8427899170e+02 7.8434100342e+02 7.8446502686e+02 7.8465802002e+02 7.8485400391e+02 7.8501098633e+02 7.8513098145e+02 7.8522698975e+02 7.8535498047e+02 7.8552301025e+02 7.8573199463e+02 7.8588500977e+02 7.8600598145e+02 7.8611700439e+02 7.8621899414e+02
7.7957098389e+02 7.7978497314e+02 7.8002001953e+02 7.8017700195e+02 7.8027899170e+02 7.8045898438e+02 7.8070098877e+02 7.8092102051e+02 7.8108398438e+02 7.8128399658e+02 7.8151800537e+02 7.8180401611e+02 7.8209600830e+02 7.8224102783e+02 7.8229302979e+02 7.8231201172e+02 7.8236102295e+02 7.8248699951e+02 7.8259497070e+02 7.8269299316e+02 7.8278802490e+02 7.8288500977e+02 7.8297302246e+02 7.8304901123e+02 7.8310498047e+02 7.8315899658e+02 7.8324499512e+02 7.8335601807e+02 7.8347399902e+02 7.8367602539e+02 7.8385498047e+02 7.8397198486e+02 7.8405999756e+02 7.8421697998e+02 7.8440502930e+02 7.8457702637e+02 7.8471697998e+02 7.8486401367e+02 7.8498699951e+02 7.8508898926e+02 7.8521600342e+02 7.8535900879e+02 7.8548297119e+02 7.8562597656e+02 7.8577301025e+02 7.8588598633e+02
7.7927502441e+02 7.7952600098e+02 7.7971099854e+02 7.7983898926e+02 7.8000897217e+02 7.8016900635e+02 7.8037402344e+02 7.8060302734e+02 7.8078198242e+02 7.8098199463e+02 7.8120001221e+02 7.8146997070e+02 7.8176098633e+02 7.8194500732e+02 7.8202899170e+02 7.8205499268e+02 7.8207397461e+02 7.8217401123e+02 7.8227398682e+02 7.8237097168e+02 7.8247302246e+02 7.8258599854e+02 7.8269598389e+02 7.8279498291e+02 7.8287200928e+02 7.8293798828e+02 7.8302697754e+02 7.8313000488e+02 7.8324298096e+02 7.8340899658e+02 7.8355700684e+02 7.8367498779e+02 7.8379498291e+02 7.8398199463e+02 7.8416497803e+02 7.8432000732e+02 7.8444500732e+02 7.8459600830e+02 7.8473602295e+02 7.8483300781e+02 7.8492700195e+02 7.8502099609e+02 7.8510302734e+02 7.8522998047e+02 7.8539501953e+02 7.8554998779e+02
7.7894097900e+02 7.7922302246e+02 7.7938897705e+02 7.7949597168e+02 7.7972302246e+02 7.7993200684e+02 7.8009802246e+02 7.8028002930e+02 7.8048400879e+02 7.8069500732e+02 7.8089501953e+02 7.8112500000e+02 7.8137402344e+02 7.8157598877e+02 7.8169097900e+02 7.8174102783e+02 7.8176800537e+02 7.8185900879e+02 7.8195599365e+02 7.8205700684e+02 7.8216400146e+02 7.8228997803e+02 7.8242297363e+02 7.8254901123e+02 7.8264398193e+02 7.8273101807e+02 7.8284301758e+02 7.8296099854e+02 7.8308502197e+02 7.8320300293e+02 7.8330401611e+02 7.8340997314e+02 7.8354797363e+02 7.8373400879e+02 7.8390197754e+02 7.8404699707e+02 7.8417401123e+02 7.8431799316e+02 7.8446301270e+02 7.8455902100e+02 7.8462701416e+02 7.8471600342e+02 7.8479199219e+02 7.8490002441e+02 7.8503002930e+02 7.8519299316e+02
7.7865802002e+02 7.7890997314e+02 7.7910198975e+02 7.7924298096e+02 7.7939398193e+02 7.7969598389e+02 7.7989599609e+02 7.8000799561e+02 7.8019097900e+02 7.8040301514e+02 7.8060699463e+02 7.8081597900e+02 7.8102301025e+02 7.8118103027e+02 7.8130297852e+02 7.8138201904e+02 7.8144299316e+02 7.8155200195e+02 7.8165802002e+02 7.8176599121e+02 7.8188098145e+02 7.8201098633e+02 7.8216101074e+02 7.8231402588e+02 7.8244799805e+02 7.8254797363e+02 7.8269201660e+02 7.8284301758e+02 7.8299902344e+02 7.8303198242e+02 7.8309100342e+02 7.8318298340e+02 7.8331201172e+02 7.8345898438e+02 7.8360601807e+02 7.8375000000e+02 7.8390399170e+02 7.8404797363e+02 7.8418701172e+02 7.8427301025e+02 7.8430102539e+02 7.8441400146e+02 7.8452899170e+02 7.8462902832e+02 7.8471197510e+02 7.8483898926e+02
7.7844897461e+02 7.7864801025e+02 7.7883599854e+02 7.7898400879e+02 7.7908398438e+02 7.7933801270e+02 7.7961401367e+02 7.7975299072e+02 7.7990802002e+02 7.8011901855e+02 7.8033502197e+02 7.8054699707e+02 7.8072497559e+02 7.8086401367e+02 7.8098498535e+02 7.8107397461e+02 7.8114099121e+02 7.8125097656e+02 7.8136901855e+02 7.8148699951e+02 7.8161297607e+02 7.8175897217e+02 7.8191900635e+02 7.8209002686e+02 7.8226397705e+02 7.8241699219e+02 7.8257897949e+02 7.8273699951e+02 7.8286401367e+02 7.8286700439e+02 7.8289300537e+02 7.8296899414e+02 7.8308599854e+02 7.8321197510e+02 7.8333398438e+02 7.8346002197e+02 7.8359497070e+02 7.8373699951e+02 7.8388702393e+02 7.8399798584e+02 7.8405499268e+02 7.8414599609e+02 7.8421801758e+02 7.8426501465e+02 7.8437402344e+02 7.8455102539e+02
7.7829199219e+02 7.7845202637e+02 7.7860601807e+02 7.7872302246e+02 7.7881500244e+02 7.7900799561e+02 7.7928601074e+02 7.7946301270e+02 7.7962500000e+02 7.7984399414e+02 7.8006402588e+02 7.8027099609e+02 7.8044000244e+02 7.8057702637e+02 7.8070098877e+02 7.8079699707e+02 7.8086199951e+02 7.8096502686e+02 7.8108898926e+02 7.8121899414e+02 7.8136102295e+02 7.8152001953e+02 7.8169201660e+02 7.8187597656e+02 7.8207501221e+02 7.8226397705e+02 7.8243402100e+02 7.8258197021e+02 7.8268902588e+02 7.8269500732e+02 7.8270898438e+02 7.8276098633e+02 7.8285400391e+02 7.8296002197e+02 7.8306500244e+02 7.8317700195e+02 7.8330102539e+02 7.8343597412e+02 7.8359497070e+02 7.8372802734e+02 7.8381500244e+02 7.8391101074e+02 7.8397302246e+02 7.8398901367e+02 7.8406500244e+02 7.8426300049e+02
7.7809899902e+02 7.7825897217e+02 7.7840197754e+02 7.7851800537e+02 7.7864697266e+02 7.7880999756e+02 7.7902398682e+02 7.7919299316e+02 7.7937500000e+02 7.7958300781e+02 7.7980200195e+02 7.8001098633e+02 7.8017498779e+02 7.8030603027e+02 7.8042999268e+02 7.8053100586e+02 7.8059899902e+02 7.8070098877e+02 7.8082897949e+02 7.8096899414e+02 7.8112500000e+02 7.8129302979e+02 7.8147399902e+02 7.8166497803e+02 7.8187097168e+02 7.8206799316e+02 7.8223699951e+02 7.8237402344e+02 7.8246801758e+02 7.8248498535e+02 7.8249700928e+02 7.8253002930e+02 7.8259301758e+02 7.8269097900e+02 7.8279199219e+02 7.8289697266e+02 7.8302001953e+02 7.8315802002e+02 7.8331799316e+02 7.8345098877e+02 7.8353399658e+02 7.8362097168e+02 7.8370599365e+02 7.8375897217e+02 7.8381597900e+02 7.8392401123e+02
7.7790698242e+02 7.7804699707e+02 7.7818597412e+02 7.7831298828e+02 7.7845800781e+02 7.7864501953e+02 7.7881597900e+02 7.7896697998e+02 7.7916601563e+02 7.7933197021e+02 7.7953900146e+02 7.7975701904e+02 7.7993103027e+02 7.8004998779e+02 7.8016101074e+02 7.8025500488e+02 7.8033898926e+02 7.8045800781e+02 7.8058898926e+02 7.8074200439e+02 7.8091699219e+02 7.8108697510e+02 7.8127301025e+02 7.8146502686e+02 7.8166198730e+02 7.8183697510e+02 7.8200000000e+02 7.8213397217e+02 7.8223101807e+02 7.8225097656e+02 7.8226000977e+02 7.8227600098e+02 7.8232800293e+02 7.8242901611e+02 7.8253900146e+02 7.8263500977e+02 7.8274200439e+02 7.8289001465e+02 7.8304797363e+02 7.8317700195e+02 7.8324597168e+02 7.8331201172e+02 7.8338500977e+02 7.8348901367e+02 7.8361700439e+02 7.8363702393e+02
7.7767700195e+02 7.7781201172e+02 7.7796697998e+02 7.7810797119e+02 7.7821502686e+02 7.7840698242e+02 7.7859100342e+02 7.7875799561e+02 7.7894396973e+02 7.7909600830e+02 7.7928497314e+02 7.7948297119e+02 7.7965197754e+02 7.7978601074e+02 7.7990698242e+02 7.8001599121e+02 7.8012701416e+02 7.8024700928e+02 7.8038000488e+02 7.8053497314e+02 7.8071697998e+02 7.8090197754e+02 7.8108300781e+02 7.8126300049e+02 7.8143298340e+02 7.8158599854e+02 7.8174700928e+02 7.8189202881e+02 7.8198400879e+02 7.8199200439e+02 7.8200598145e+02 7.8202197266e+02 7.8205200195e+02 7.8211999512e+02 7.8224200439e+02 7.8238397217e+02 7.8250097656e+02 7.8260998535e+02 7.8276898193e+02 7.8292999268e+02 7.8302001953e+02 7.8307897949e+02 7.8313397217e+02 7.8324798584e+02 7.8339501953e+02 7.8345001221e+02
7.7739801025e+02 7.7753399658e+02 7.7769702148e+02 7.7785498047e+02 7.7796398926e+02 7.7813800049e+02 7.7830499268e+02 7.7846899414e+02 7.7866601563e+02 7.7885198975e+02 7.7905297852e+02 7.7924401855e+02 7.7940197754e+02 7.7955297852e+02 7.7969500732e+02 7.7982299805e+02 7.7994396973e+02 7.8006201172e+02 7.8019201660e+02 7.8034002686e+02 7.8051898193e+02 7.8070098877e+02 7.8086999512e+02 7.8103900146e+02 7.8119000244e+02 7.8131701660e+02 7.8147302246e+02 7.8163299561e+02 7.8174499512e+02 7.8173901367e+02 7.8175097656e+02 7.8176800537e+02 7.8178900146e+02 7.8183801270e+02 7.8193103027e+02 7.8207501221e+02 7.8222900391e+02 7.8237200928e+02 7.8251702881e+02 7.8263897705e+02 7.8272302246e+02 7.8281896973e+02 7.8289001465e+02 7.8300201416e+02 7.8313000488e+02 7.8324798584e+02
7.7714501953e+02 7.7726000977e+02 7.7739898682e+02 7.7755798340e+02 7.7769097900e+02 7.7785797119e+02 7.7801702881e+02 7.7816198730e+02 7.7835601807e+02 7.7857598877e+02 7.7879797363e+02 7.7900402832e+02 7.7916699219e+02 7.7933502197e+02 7.7950201416e+02 7.7964898682e+02 7.7977301025e+02 7.7988299561e+02 7.8000799561e+02 7.8014697266e+02 7.8031298828e+02 7.8048199463e+02 7.8064099121e+02 7.8079699707e+02 7.8093701172e+02 7.8104797363e+02 7.8119500732e+02 7.8135601807e+02 7.8150500488e+02 7.8151397705e+02 7.8152899170e+02 7.8155102539e+02 7.8155700684e+02 7.8160498047e+02 7.8165698242e+02 7.8175799561e+02 7.8190899658e+02 7.8209497070e+02 7.8223797607e+02 7.8232202148e+02 7.8238897705e+02 7.8251599121e+02 7.8261999512e+02 7.8273498535e+02 7.8284399414e+02 7.8301098633e+02
7.7692797852e+02 7.7703399658e+02 7.7712597656e+02 7.7724902344e+02 7.7738201904e+02 7.7755297852e+02 7.7774499512e+02 7.7790301514e+02 7.7806701660e+02 7.7827398682e+02 7.7849798584e+02 7.7871899414e+02 7.7891400146e+02 7.7910302734e+02 7.7929199219e+02 7.7946301270e+02 7.7959997559e+02 7.7970098877e+02 7.7981799316e+02 7.7994500732e+02 7.8008398438e+02 7.8023297119e+02 7.8038299561e+02 7.8053601074e+02 7.8070397949e+02 7.8080297852e+02 7.8092999268e+02 7.8105200195e+02 7.8112298584e+02 7.8119598389e+02 7.8126800537e+02 7.8132501221e+02 7.8132800293e+02 7.8135400391e+02 7.8139300537e+02 7.8146997070e+02 7.8157098389e+02 7.8173101807e+02 7.8188299561e+02 7.8200701904e+02 7.8211297607e+02 7.8221002197e+02 7.8235400391e+02 7.8250598145e+02 7.8263598633e+02 7.8279998779e+02
7.7661499023e+02 7.7681201172e+02 7.7692498779e+02 7.7697698975e+02 7.7707897949e+02 7.7722497559e+02 7.7744097900e+02 7.7764300537e+02 7.7779101563e+02 7.7797601318e+02 7.7818902588e+02 7.7842797852e+02 7.7865802002e+02 7.7884197998e+02 7.7903302002e+02 7.7922497559e+02 7.7938299561e+02 7.7948999023e+02 7.7959802246e+02 7.7971002197e+02 7.7982800293e+02 7.7995501709e+02 7.8009600830e+02 7.8024499512e+02 7.8041400146e+02 7.8054998779e+02 7.8066198730e+02 7.8075701904e+02 7.8083300781e+02 7.8087701416e+02 7.8093402100e+02 7.8102801514e+02 7.8107098389e+02 7.8110302734e+02 7.8114398193e+02 7.8120800781e+02 7.8130102539e+02 7.8142999268e+02 7.8156201172e+02 7.8170599365e+02 7.8184997559e+02 7.8196502686e+02 7.8212200928e+02 7.8228002930e+02 7.8240600586e+02 7.8259100342e+02
7.7627600098e+02 7.7654400635e+02 7.7675500488e+02 7.7680297852e+02 7.7684301758e+02 7.7696099854e+02 7.7714099121e+02 7.7733398438e+02 7.7752001953e+02 7.7771301270e+02 7.7791900635e+02 7.7815698242e+02 7.7839202881e+02 7.7856701660e+02 7.7875598145e+02 7.7896099854e+02 7.7913500977e+02 7.7923797607e+02 7.7933801270e+02 7.7944000244e+02 7.7954199219e+02 7.7965301514e+02 7.7978100586e+02 7.7991900635e+02 7.8007299805e+02 7.8021301270e+02 7.8032598877e+02 7.8042999268e+02 7.8054998779e+02 7.8060900879e+02 7.8064898682e+02 7.8071502686e+02 7.8077301025e+02 7.8087097168e+02 7.8092999268e+02 7.8095001221e+02 7.8103002930e+02 7.8119299316e+02 7.8133001709e+02 7.8145697021e+02 7.8159301758e+02 7.8172198486e+02 7.8186401367e+02 7.8202099609e+02 7.8217297363e+02 7.8235900879e+02
7.7596697998e+02 7.7615600586e+02 7.7639001465e+02 7.7652301025e+02 7.7661401367e+02 7.7672302246e+02 7.7685900879e+02 7.7703601074e+02 7.7724499512e+02 7.7747198486e+02 7.7767102051e+02 7.7788098145e+02 7.7810198975e+02 7.7827502441e+02 7.7846697998e+02 7.7868200684e+02 7.7885797119e+02 7.7895001221e+02 7.7904498291e+02 7.7913897705e+02 7.7922900391e+02 7.7932702637e+02 7.7944500732e+02 7.7957397461e+02 7.7970898438e+02 7.7984301758e+02 7.7995697021e+02 7.8007501221e+02 7.8022100830e+02 7.8030999756e+02 7.8036999512e+02 7.8041998291e+02 7.8047601318e+02 7.8059197998e+02 7.8069799805e+02 7.8075000000e+02 7.8081097412e+02 7.8098602295e+02 7.8113201904e+02 7.8124597168e+02 7.8137298584e+02 7.8149597168e+02 7.8160400391e+02 7.8176300049e+02 7.8195001221e+02 7.8211901855e+02
