TESTSERVER/22/3.asc
NCOLS 100
NROWS 100
XLLCORNER 8.5997500000e+03
YLLCORNER 2.8980025000e+05
CELLSIZE 5.0000000000e-01
NODATA_VALUE -9.9990000000e+03
[rows 0 to 19 of 100, columns 46 to 91 of 100]
7.8770501709e+02 7.8783300781e+02 7.8794500732e+02 7.8798901367e+02 7.8805200195e+02 7.8815997314e+02 7.8830902100e+02 7.8844799805e+02 7.8859997559e+02 7.8877697754e+02 7.8897302246e+02 7.8913299561e+02 7.8924700928e+02 7.8936297607e+02 7.8947802734e+02 7.8970098877e+02 7.8988000488e+02 7.9000000000e+02 7.9008599854e+02 7.9020202637e+02 7.9029101563e+02 7.9037097168e+02 7.9044799805e+02 7.9051599121e+02 7.9058099365e+02 7.9062902832e+02 7.9068902588e+02 7.9080700684e+02 7.9095098877e+02 7.9113098145e+02 7.9134197998e+02 7.9147998047e+02 7.9156896973e+02 7.9164202881e+02 7.9178698730e+02 7.9196398926e+02 7.9217602539e+02 7.9240197754e+02 7.9256896973e+02 7.9275897217e+02 7.9297100830e+02 7.9314300537e+02 7.9327398682e+02 7.9337902832e+02 7.9355499268e+02 7.9372802734e+02
7.8740997314e+02 7.8752899170e+02 7.8763000488e+02 7.8766699219e+02 7.8772900391e+02 7.8784002686e+02 7.8798101807e+02 7.8810900879e+02 7.8825201416e+02 7.8842199707e+02 7.8863000488e+02 7.8881597900e+02 7.8894897461e+02 7.8906597900e+02 7.8918402100e+02 7.8939398193e+02 7.8960101318e+02 7.8975097656e+02 7.8984497070e+02 7.8993103027e+02 7.9000299072e+02 7.9007098389e+02 7.9014202881e+02 7.9024401855e+02 7.9028900146e+02 7.9029602051e+02 7.9036901855e+02 7.9047302246e+02 7.9061401367e+02 7.9080700684e+02 7.9104602051e+02 7.9126898193e+02 7.9139001465e+02 7.9145300293e+02 7.9158599854e+02 7.9172302246e+02 7.9190002441e+02 7.9213897705e+02 7.9233801270e+02 7.9248498535e+02 7.9264697266e+02 7.9281097412e+02 7.9295697021e+02 7.9307598877e+02 7.9324902344e+02 7.9344299316e+02
7.8709100342e+02 7.8721502686e+02 7.8731298828e+02 7.8736102295e+02 7.8743200684e+02 7.8753698730e+02 7.8765802002e+02 7.8777197266e+02 7.8790698242e+02 7.8807501221e+02 7.8828900146e+02 7.8850000000e+02 7.8865399170e+02 7.8878497314e+02 7.8891900635e+02 7.8911798096e+02 7.8931896973e+02 7.8947100830e+02 7.8955499268e+02 7.8962500000e+02 7.8970202637e+02 7.8977301025e+02 7.8983099365e+02 7.8991198730e+02 7.8993798828e+02 7.8996197510e+02 7.9005200195e+02 7.9013299561e+02 7.9025299072e+02 7.9043298340e+02 7.9066802979e+02 7.9094799805e+02 7.9115600586e+02 7.9126300049e+02 7.9137597656e+02 7.9149499512e+02 7.9166400146e+02 7.9190997314e+02 7.9214300537e+02 7.9226599121e+02 7.9236999512e+02 7.9248999023e+02 7.9262402344e+02 7.9274597168e+02 7.9292102051e+02 7.9313299561e+02
7.8673297119e+02 7.8685998535e+02 7.8696502686e+02 7.8704797363e+02 7.8714099121e+02 7.8724298096e+02 7.8734399414e+02 7.8745098877e+02 7.8758502197e+02 7.8775799561e+02 7.8797900391e+02 7.8820098877e+02 7.8837298584e+02 7.8851898193e+02 7.8866400146e+02 7.8882702637e+02 7.8899902344e+02 7.8913702393e+02 7.8921697998e+02 7.8928698730e+02 7.8937597656e+02 7.8945800781e+02 7.8951898193e+02 7.8955798340e+02 7.8956597900e+02 7.8962799072e+02 7.8973901367e+02 7.8982501221e+02 7.8993902588e+02 7.9010998535e+02 7.9033099365e+02 7.9062597656e+02 7.9090301514e+02 7.9106896973e+02 7.9117401123e+02 7.9128497314e+02 7.9145397949e+02 7.9167297363e+02 7.9187799072e+02 7.9199298096e+02 7.9209600830e+02 7.9221197510e+02 7.9233099365e+02 7.9245202637e+02 7.9261297607e+02 7.9280902100e+02
7.8633502197e+02 7.8645501709e+02 7.8657397461e+02 7.8671301270e+02 7.8684399414e+02 7.8694702148e+02 7.8702502441e+02 7.8715502930e+02 7.8730499268e+02 7.8748699951e+02 7.8770599365e+02 7.8791900635e+02 7.8809698486e+02 7.8824700928e+02 7.8837298584e+02 7.8851898193e+02 7.8865997314e+02 7.8878198242e+02 7.8886199951e+02 7.8893200684e+02 7.8902099609e+02 7.8911297607e+02 7.8918597412e+02 7.8921502686e+02 7.8923999023e+02 7.8932501221e+02 7.8943298340e+02 7.8955902100e+02 7.8970001221e+02 7.8989202881e+02 7.9013897705e+02 7.9039898682e+02 7.9068701172e+02 7.9089300537e+02 7.9096301270e+02 7.9105999756e+02 7.9121002197e+02 7.9136700439e+02 7.9149401855e+02 7.9163299561e+02 7.9178198242e+02 7.9192401123e+02 7.9204302979e+02 7.9219201660e+02 7.9233697510e+02 7.9247900391e+02
7.8598699951e+02 7.8606896973e+02 7.8616900635e+02 7.8636499023e+02 7.8653802490e+02 7.8665399170e+02 7.8673101807e+02 7.8685797119e+02 7.8702301025e+02 7.8720397949e+02 7.8740600586e+02 7.8760900879e+02 7.8777899170e+02 7.8791900635e+02 7.8805102539e+02 7.8821997070e+02 7.8836798096e+02 7.8848400879e+02 7.8856597900e+02 7.8863500977e+02 7.8873297119e+02 7.8882598877e+02 7.8887597656e+02 7.8889801025e+02 7.8894396973e+02 7.8903997803e+02 7.8916699219e+02 7.8934497070e+02 7.8950598145e+02 7.8971301270e+02 7.8996801758e+02 7.9022198486e+02 7.9048101807e+02 7.9066400146e+02 7.9071801758e+02 7.9081402588e+02 7.9093701172e+02 7.9107202148e+02 7.9120098877e+02 7.9134002686e+02 7.9147399902e+02 7.9159002686e+02 7.9171697998e+02 7.9187402344e+02 7.9203997803e+02 7.9219702148e+02
7.8566802979e+02 7.8574597168e+02 7.8583300781e+02 7.8604101563e+02 7.8622900391e+02 7.8636499023e+02 7.8646197510e+02 7.8658197021e+02 7.8672998047e+02 7.8689398193e+02 7.8709802246e+02 7.8729998779e+02 7.8746099854e+02 7.8758801270e+02 7.8771697998e+02 7.8789202881e+02 7.8804101563e+02 7.8816497803e+02 7.8826202393e+02 7.8836102295e+02 7.8848901367e+02 7.8859301758e+02 7.8860601807e+02 7.8860797119e+02 7.8866900635e+02 7.8878900146e+02 7.8893402100e+02 7.8912701416e+02 7.8930401611e+02 7.8950500488e+02 7.8975000000e+02 7.8999499512e+02 7.9022302246e+02 7.9038702393e+02 7.9046502686e+02 7.9056701660e+02 7.9067102051e+02 7.9078900146e+02 7.9092297363e+02 7.9105700684e+02 7.9116699219e+02 7.9126501465e+02 7.9138897705e+02 7.9154101563e+02 7.9171197510e+02 7.9189599609e+02
7.8533697510e+02 7.8544201660e+02 7.8554199219e+02 7.8574200439e+02 7.8592602539e+02 7.8608099365e+02 7.8621398926e+02 7.8634399414e+02 7.8646398926e+02 7.8658898926e+02 7.8678601074e+02 7.8700000000e+02 7.8715698242e+02 7.8726800537e+02 7.8736798096e+02 7.8750299072e+02 7.8763897705e+02 7.8777899170e+02 7.8791302490e+02 7.8804302979e+02 7.8818902588e+02 7.8830700684e+02 7.8832501221e+02 7.8833398438e+02 7.8841497803e+02 7.8855603027e+02 7.8872497559e+02 7.8892401123e+02 7.8910900879e+02 7.8928302002e+02 7.8949102783e+02 7.8971899414e+02 7.8991699219e+02 7.9007397461e+02 7.9018298340e+02 7.9029699707e+02 7.9040197754e+02 7.9051397705e+02 7.9064599609e+02 7.9076397705e+02 7.9085699463e+02 7.9094702148e+02 7.9107299805e+02 7.9120898438e+02 7.9136102295e+02 7.9154797363e+02
7.8500402832e+02 7.8514599609e+02 7.8525299072e+02 7.8547198486e+02 7.8564001465e+02 7.8579101563e+02 7.8593701172e+02 7.8612500000e+02 7.8624200439e+02 7.8630200195e+02 7.8642602539e+02 7.8668200684e+02 7.8684399414e+02 7.8695697021e+02 7.8700598145e+02 7.8707397461e+02 7.8717498779e+02 7.8732800293e+02 7.8753100586e+02 7.8770202637e+02 7.8783502197e+02 7.8795098877e+02 7.8803802490e+02 7.8810699463e+02 7.8820397949e+02 7.8834899902e+02 7.8851501465e+02 7.8872698975e+02 7.8894396973e+02 7.8911297607e+02 7.8924499512e+02 7.8944097900e+02 7.8960797119e+02 7.8974700928e+02 7.8985900879e+02 7.8998901367e+02 7.9011798096e+02 7.9024798584e+02 7.9036602783e+02 7.9045898438e+02 7.9054498291e+02 7.9064001465e+02 7.9075201416e+02 7.9089697266e+02 7.9104302979e+02 7.9121697998e+02
7.8475500488e+02 7.8490301514e+02 7.8498602295e+02 7.8517797852e+02 7.8534698486e+02 7.8547601318e+02 7.8561499023e+02 7.8583300781e+02 7.8600500488e+02 7.8607702637e+02 7.8614599609e+02 7.8629901123e+02 7.8646801758e+02 7.8663299561e+02 7.8668597412e+02 7.8669299316e+02 7.8677301025e+02 7.8692797852e+02 7.8715997314e+02 7.8737298584e+02 7.8753198242e+02 7.8766497803e+02 7.8779797363e+02 7.8789099121e+02 7.8799902344e+02 7.8814001465e+02 7.8826800537e+02 7.8846398926e+02 7.8869299316e+02 7.8887597656e+02 7.8900402832e+02 7.8916802979e+02 7.8932702637e+02 7.8944500732e+02 7.8955401611e+02 7.8969299316e+02 7.8982598877e+02 7.8995202637e+02 7.9004199219e+02 7.9012402344e+02 7.9022998047e+02 7.9033502197e+02 7.9042498779e+02 7.9057202148e+02 7.9073999023e+02 7.9094500732e+02
7.8451800537e+02 7.8468402100e+02 7.8474700928e+02 7.8490502930e+02 7.8506298828e+02 7.8519000244e+02 7.8533398438e+02 7.8553399658e+02 7.8573498535e+02 7.8587701416e+02 7.8596997070e+02 7.8603399658e+02 7.8612597656e+02 7.8626397705e+02 7.8635101318e+02 7.8637701416e+02 7.8646697998e+02 7.8662298584e+02 7.8684002686e+02 7.8706298828e+02 7.8725701904e+02 7.8742797852e+02 7.8757000732e+02 7.8764801025e+02 7.8776300049e+02 7.8790600586e+02 7.8803601074e+02 7.8821002197e+02 7.8840600586e+02 7.8858502197e+02 7.8873797607e+02 7.8888500977e+02 7.8903002930e+02 7.8914099121e+02 7.8924499512e+02 7.8938000488e+02 7.8950299072e+02 7.8961199951e+02 7.8970001221e+02 7.8981298828e+02 7.8995898438e+02 7.9007897949e+02 7.9014099121e+02 7.9027197266e+02 7.9043701172e+02 7.9065100098e+02
7.8418597412e+02 7.8440600586e+02 7.8449798584e+02 7.8465100098e+02 7.8476702881e+02 7.8488702393e+02 7.8507397461e+02 7.8525402832e+02 7.8545300293e+02 7.8565100098e+02 7.8581500244e+02 7.8584301758e+02 7.8585498047e+02 7.8593701172e+02 7.8604199219e+02 7.8611199951e+02 7.8622399902e+02 7.8638201904e+02 7.8657299805e+02 7.8678399658e+02 7.8699499512e+02 7.8718597412e+02 7.8734002686e+02 7.8740899658e+02 7.8751202393e+02 7.8765899658e+02 7.8782000732e+02 7.8799102783e+02 7.8814898682e+02 7.8830401611e+02 7.8845501709e+02 7.8858599854e+02 7.8872100830e+02 7.8883697510e+02 7.8894299316e+02 7.8905401611e+02 7.8916998291e+02 7.8927801514e+02 7.8938299561e+02 7.8952697754e+02 7.8970397949e+02 7.8983697510e+02 7.8989898682e+02 7.9003900146e+02 7.9018103027e+02 7.9035498047e+02
7.8383599854e+02 7.8408300781e+02 7.8421600342e+02 7.8439300537e+02 7.8450097656e+02 7.8461602783e+02 7.8480902100e+02 7.8494500732e+02 7.8509600830e+02 7.8529302979e+02 7.8546398926e+02 7.8557299805e+02 7.8560797119e+02 7.8567401123e+02 7.8577001953e+02 7.8587701416e+02 7.8600701904e+02 7.8616302490e+02 7.8634100342e+02 7.8652801514e+02 7.8671997070e+02 7.8690997314e+02 7.8709899902e+02 7.8718499756e+02 7.8726300049e+02 7.8740197754e+02 7.8757000732e+02 7.8777001953e+02 7.8790899658e+02 7.8801702881e+02 7.8814599609e+02 7.8826397705e+02 7.8839898682e+02 7.8854101563e+02 7.8866302490e+02 7.8874499512e+02 7.8885699463e+02 7.8899298096e+02 7.8915002441e+02 7.8927001953e+02 7.8943701172e+02 7.8957299805e+02 7.8966900635e+02 7.8983801270e+02 7.8998797607e+02 7.9011102295e+02
7.8359497070e+02 7.8379901123e+02 7.8396600342e+02 7.8415002441e+02 7.8425000000e+02 7.8433697510e+02 7.8450097656e+02 7.8466900635e+02 7.8479998779e+02 7.8491998291e+02 7.8503601074e+02 7.8518597412e+02 7.8527801514e+02 7.8535302734e+02 7.8547998047e+02 7.8563299561e+02 7.8578802490e+02 7.8594500732e+02 7.8610797119e+02 7.8628802490e+02 7.8645800781e+02 7.8663098145e+02 7.8683300781e+02 7.8698297119e+02 7.8705798340e+02 7.8716302490e+02 7.8727398682e+02 7.8743701172e+02 7.8756799316e+02 7.8766802979e+02 7.8779901123e+02 7.8795599365e+02 7.8812902832e+02 7.8829998779e+02 7.8839697266e+02 7.8848199463e+02 7.8857501221e+02 7.8869598389e+02 7.8885198975e+02 7.8900799561e+02 7.8915997314e+02 7.8930102539e+02 7.8941601563e+02 7.8957397461e+02 7.8978198242e+02 7.8994897461e+02
7.8338201904e+02 7.8353601074e+02 7.8370098877e+02 7.8389697266e+02 7.8401397705e+02 7.8408398438e+02 7.8421502686e+02 7.8438500977e+02 7.8450799561e+02 7.8459802246e+02 7.8466998291e+02 7.8480999756e+02 7.8492102051e+02 7.8501098633e+02 7.8517999268e+02 7.8539300537e+02 7.8557800293e+02 7.8573901367e+02 7.8587799072e+02 7.8605200195e+02 7.8621301270e+02 7.8636102295e+02 7.8652099609e+02 7.8668103027e+02 7.8677801514e+02 7.8688000488e+02 7.8696801758e+02 7.8706597900e+02 7.8719000244e+02 7.8730902100e+02 7.8744000244e+02 7.8759197998e+02 7.8776898193e+02 7.8796301270e+02 7.8810400391e+02 7.8821002197e+02 7.8829400635e+02 7.8839599609e+02 7.8855499268e+02 7.8871301270e+02 7.8884997559e+02 7.8898699951e+02 7.8911297607e+02 7.8924902344e+02 7.8947198486e+02 7.8970001221e+02
7.8317901611e+02 7.8332299805e+02 7.8344598389e+02 7.8362902832e+02 7.8379199219e+02 7.8389300537e+02 7.8397802734e+02 7.8409399414e+02 7.8419799805e+02 7.8429199219e+02 7.8436999512e+02 7.8449597168e+02 7.8461901855e+02 7.8472998047e+02 7.8491198730e+02 7.8515600586e+02 7.8536602783e+02 7.8552697754e+02 7.8564501953e+02 7.8581597900e+02 7.8597497559e+02 7.8609802246e+02 7.8619897461e+02 7.8632000732e+02 7.8643402100e+02 7.8654498291e+02 7.8665301514e+02 7.8673199463e+02 7.8688000488e+02 7.8702001953e+02 7.8711700439e+02 7.8721801758e+02 7.8735699463e+02 7.8755603027e+02 7.8778698730e+02 7.8793499756e+02 7.8802502441e+02 7.8811999512e+02 7.8827600098e+02 7.8841400146e+02 7.8852502441e+02 7.8865600586e+02 7.8880401611e+02 7.8892999268e+02 7.8911499023e+02 7.8935998535e+02
7.8297698975e+02 7.8315002441e+02 7.8326599121e+02 7.8339398193e+02 7.8356701660e+02 7.8369897461e+02 7.8376800537e+02 7.8382897949e+02 7.8390899658e+02 7.8400500488e+02 7.8410400391e+02 7.8424700928e+02 7.8437902832e+02 7.8450897217e+02 7.8468200684e+02 7.8491900635e+02 7.8513500977e+02 7.8529699707e+02 7.8540802002e+02 7.8558801270e+02 7.8575299072e+02 7.8585998535e+02 7.8593902588e+02 7.8605999756e+02 7.8616302490e+02 7.8625500488e+02 7.8636199951e+02 7.8643103027e+02 7.8657501221e+02 7.8673199463e+02 7.8684399414e+02 7.8695898438e+02 7.8707501221e+02 7.8724401855e+02 7.8750299072e+02 7.8766497803e+02 7.8778100586e+02 7.8789300537e+02 7.8803698730e+02 7.8812799072e+02 7.8821197510e+02 7.8834197998e+02 7.8852600098e+02 7.8869201660e+02 7.8885699463e+02 7.8906201172e+02
7.8275000000e+02 7.8292297363e+02 7.8310601807e+02 7.8324700928e+02 7.8336102295e+02 7.8345397949e+02 7.8352697754e+02 7.8354797363e+02 7.8361798096e+02 7.8373498535e+02 7.8385400391e+02 7.8397698975e+02 7.8410302734e+02 7.8423400879e+02 7.8441998291e+02 7.8466497803e+02 7.8488598633e+02 7.8506500244e+02 7.8521002197e+02 7.8542102051e+02 7.8557501221e+02 7.8565502930e+02 7.8574298096e+02 7.8586102295e+02 7.8595697021e+02 7.8602301025e+02 7.8609899902e+02 7.8615600586e+02 7.8622399902e+02 7.8635498047e+02 7.8652301025e+02 7.8672302246e+02 7.8690301514e+02 7.8705499268e+02 7.8724298096e+02 7.8740997314e+02 7.8754199219e+02 7.8765997314e+02 7.8776702881e+02 7.8784698486e+02 7.8791198730e+02 7.8801300049e+02 7.8817797852e+02 7.8837097168e+02 7.8857202148e+02 7.8876098633e+02
7.8250201416e+02 7.8265002441e+02 7.8286901855e+02 7.8305902100e+02 7.8315301514e+02 7.8320599365e+02 7.8327600098e+02 7.8329101563e+02 7.8336798096e+02 7.8348602295e+02 7.8359399414e+02 7.8370697021e+02 7.8383502197e+02 7.8396997070e+02 7.8415399170e+02 7.8439300537e+02 7.8462402344e+02 7.8483398438e+02 7.8501702881e+02 7.8525000000e+02 7.8542602539e+02 7.8552099609e+02 7.8559301758e+02 7.8565100098e+02 7.8572302246e+02 7.8578302002e+02 7.8583001709e+02 7.8588397217e+02 7.8593103027e+02 7.8604400635e+02 7.8623498535e+02 7.8648999023e+02 7.8671398926e+02 7.8686499023e+02 7.8701800537e+02 7.8716497803e+02 7.8727301025e+02 7.8736199951e+02 7.8744799805e+02 7.8753198242e+02 7.8760101318e+02 7.8769097900e+02 7.8782299805e+02 7.8799200439e+02 7.8819799805e+02 7.8839099121e+02
7.8224798584e+02 7.8235900879e+02 7.8254101563e+02 7.8273199463e+02 7.8284497070e+02 7.8292199707e+02 7.8301898193e+02 7.8305999756e+02 7.8313702393e+02 7.8323699951e+02 7.8333502197e+02 7.8346502686e+02 7.8360601807e+02 7.8374798584e+02 7.8391497803e+02 7.8413598633e+02 7.8438098145e+02 7.8462298584e+02 7.8483001709e+02 7.8501300049e+02 7.8520800781e+02 7.8534002686e+02 7.8538897705e+02 7.8539801025e+02 7.8545898438e+02 7.8553497314e+02 7.8558197021e+02 7.8563000488e+02 7.8568701172e+02 7.8579699707e+02 7.8597900391e+02 7.8625000000e+02 7.8647998047e+02 7.8663800049e+02 7.8679602051e+02 7.8690698242e+02 7.8698400879e+02 7.8704400635e+02 7.8712402344e+02 7.8721301270e+02 7.8728802490e+02 7.8738299561e+02 7.8750402832e+02 7.8765002441e+02 7.8785302734e+02 7.8805200195e+02
