TESTSERVER/22/3.asc
NCOLS 100
NROWS 100
XLLCORNER 8.5997500000e+03
YLLCORNER 2.8980025000e+05
CELLSIZE 5.0000000000e-01
NODATA_VALUE -9.9990000000e+03
[rows 60 to 79 of 100, columns 0 to 45 of 100]
7.6384100342e+02 7.6388299561e+02 7.6397601318e+02 7.6418103027e+02 7.6444897461e+02 7.6473297119e+02 7.6501300049e+02 7.6530297852e+02 7.6560900879e+02 7.6590600586e+02 7.6618298340e+02 7.6645098877e+02 7.6673901367e+02 7.6692401123e+02 7.6711999512e+02 7.6734301758e+02 7.6760198975e+02 7.6779302979e+02 7.6794702148e+02 7.6815002441e+02 7.6837500000e+02 7.6850201416e+02 7.6861297607e+02 7.6869598389e+02 7.6875799561e+02 7.6891601563e+02 7.6916101074e+02 7.6945898438e+02 7.6971301270e+02 7.6981298828e+02 7.6993298340e+02 7.7010498047e+02 7.7023101807e+02 7.7045501709e+02 7.7071801758e+02 7.7095800781e+02 7.7113201904e+02 7.7131597900e+02 7.7153698730e+02 7.7173199463e+02 7.7187701416e+02 7.7201898193e+02 7.7211901855e+02 7.7219097900e+02 7.7228302002e+02 7.7240502930e+02
7.6346502686e+02 7.6362200928e+02 7.6377697754e+02 7.6397998047e+02 7.6425000000e+02 7.6455700684e+02 7.6486199951e+02 7.6515698242e+02 7.6544201660e+02 7.6571301270e+02 7.6597302246e+02 7.6623498535e+02 7.6650201416e+02 7.6669000244e+02 7.6688201904e+02 7.6711499023e+02 7.6737097168e+02 7.6753900146e+02 7.6767700195e+02 7.6784698486e+02 7.6804498291e+02 7.6820202637e+02 7.6833001709e+02 7.6840698242e+02 7.6848297119e+02 7.6863201904e+02 7.6886199951e+02 7.6914801025e+02 7.6941497803e+02 7.6959100342e+02 7.6969396973e+02 7.6986297607e+02 7.7001898193e+02 7.7019702148e+02 7.7046398926e+02 7.7069500732e+02 7.7089398193e+02 7.7107397461e+02 7.7128399658e+02 7.7146997070e+02 7.7162799072e+02 7.7179101563e+02 7.7191699219e+02 7.7202099609e+02 7.7214697266e+02 7.7229699707e+02
7.6310101318e+02 7.6334100342e+02 7.6357098389e+02 7.6380401611e+02 7.6408300781e+02 7.6441302490e+02 7.6472998047e+02 7.6501800537e+02 7.6527398682e+02 7.6551397705e+02 7.6574499512e+02 7.6598101807e+02 7.6622802734e+02 7.6641497803e+02 7.6661199951e+02 7.6684698486e+02 7.6710198975e+02 7.6728601074e+02 7.6742498779e+02 7.6756799316e+02 7.6772900391e+02 7.6788201904e+02 7.6800299072e+02 7.6809600830e+02 7.6825299072e+02 7.6844000244e+02 7.6865100098e+02 7.6890197754e+02 7.6914099121e+02 7.6935400391e+02 7.6950897217e+02 7.6969500732e+02 7.6984100342e+02 7.6997399902e+02 7.7020599365e+02 7.7042602539e+02 7.7065698242e+02 7.7084600830e+02 7.7103997803e+02 7.7122198486e+02 7.7138897705e+02 7.7155999756e+02 7.7170098877e+02 7.7182202148e+02 7.7196398926e+02 7.7210998535e+02
7.6279101563e+02 7.6307299805e+02 7.6335998535e+02 7.6363098145e+02 7.6392602539e+02 7.6427099609e+02 7.6459197998e+02 7.6486700439e+02 7.6509497070e+02 7.6530902100e+02 7.6551501465e+02 7.6572802734e+02 7.6595800781e+02 7.6615002441e+02 7.6635198975e+02 7.6658300781e+02 7.6682299805e+02 7.6701898193e+02 7.6717199707e+02 7.6730700684e+02 7.6746002197e+02 7.6759497070e+02 7.6770300293e+02 7.6782897949e+02 7.6807501221e+02 7.6831597900e+02 7.6851702881e+02 7.6872198486e+02 7.6892102051e+02 7.6911102295e+02 7.6931597900e+02 7.6955798340e+02 7.6969702148e+02 7.6976800537e+02 7.6993499756e+02 7.7015100098e+02 7.7040002441e+02 7.7058898926e+02 7.7079498291e+02 7.7100701904e+02 7.7117199707e+02 7.7132702637e+02 7.7148297119e+02 7.7162298584e+02 7.7175598145e+02 7.7187200928e+02
7.6254901123e+02 7.6283502197e+02 7.6314501953e+02 7.6344897461e+02 7.6375598145e+02 7.6409698486e+02 7.6441998291e+02 7.6469000244e+02 7.6490698242e+02 7.6509497070e+02 7.6528002930e+02 7.6548999023e+02 7.6576501465e+02 7.6594500732e+02 7.6614697266e+02 7.6638201904e+02 7.6662799072e+02 7.6678601074e+02 7.6691802979e+02 7.6704199219e+02 7.6716400146e+02 7.6731298828e+02 7.6746398926e+02 7.6765100098e+02 7.6790002441e+02 7.6817797852e+02 7.6839202881e+02 7.6856402588e+02 7.6871197510e+02 7.6884399414e+02 7.6902001953e+02 7.6927099609e+02 7.6950000000e+02 7.6956597900e+02 7.6968597412e+02 7.6990301514e+02 7.7017199707e+02 7.7036798096e+02 7.7058801270e+02 7.7083197021e+02 7.7097302246e+02 7.7110302734e+02 7.7127001953e+02 7.7142999268e+02 7.7155200195e+02 7.7163897705e+02
7.6234698486e+02 7.6262902832e+02 7.6294097900e+02 7.6326300049e+02 7.6357800293e+02 7.6390899658e+02 7.6422998047e+02 7.6450402832e+02 7.6471502686e+02 7.6487097168e+02 7.6501898193e+02 7.6522100830e+02 7.6550701904e+02 7.6571398926e+02 7.6592102051e+02 7.6619201660e+02 7.6644897461e+02 7.6656097412e+02 7.6663098145e+02 7.6671801758e+02 7.6684698486e+02 7.6702001953e+02 7.6723400879e+02 7.6747302246e+02 7.6772399902e+02 7.6798297119e+02 7.6820001221e+02 7.6836798096e+02 7.6849902344e+02 7.6860998535e+02 7.6876202393e+02 7.6897100830e+02 7.6922302246e+02 7.6938000488e+02 7.6950799561e+02 7.6965600586e+02 7.6987402344e+02 7.7009002686e+02 7.7033697510e+02 7.7063299561e+02 7.7078002930e+02 7.7084002686e+02 7.7096099854e+02 7.7112902832e+02 7.7127398682e+02 7.7136401367e+02
7.6218798828e+02 7.6244500732e+02 7.6275201416e+02 7.6307501221e+02 7.6339398193e+02 7.6370397949e+02 7.6400299072e+02 7.6426599121e+02 7.6448297119e+02 7.6462500000e+02 7.6475402832e+02 7.6493597412e+02 7.6521099854e+02 7.6540899658e+02 7.6560601807e+02 7.6587701416e+02 7.6614099121e+02 7.6626501465e+02 7.6633502197e+02 7.6641998291e+02 7.6655999756e+02 7.6677001953e+02 7.6702899170e+02 7.6728997803e+02 7.6752899170e+02 7.6776098633e+02 7.6796197510e+02 7.6812902832e+02 7.6827398682e+02 7.6841998291e+02 7.6856500244e+02 7.6873797607e+02 7.6896697998e+02 7.6917602539e+02 7.6930700684e+02 7.6941198730e+02 7.6958502197e+02 7.6977697754e+02 7.7004302979e+02 7.7039599609e+02 7.7057702637e+02 7.7056701660e+02 7.7065197754e+02 7.7079901123e+02 7.7094000244e+02 7.7103802490e+02
7.6204998779e+02 7.6228698730e+02 7.6257702637e+02 7.6288500977e+02 7.6319396973e+02 7.6346801758e+02 7.6373101807e+02 7.6397399902e+02 7.6419897461e+02 7.6436102295e+02 7.6450000000e+02 7.6467700195e+02 7.6492102051e+02 7.6509497070e+02 7.6527197266e+02 7.6550500488e+02 7.6574102783e+02 7.6591101074e+02 7.6603302002e+02 7.6615502930e+02 7.6632098389e+02 7.6656896973e+02 7.6685699463e+02 7.6712097168e+02 7.6732598877e+02 7.6751397705e+02 7.6769097900e+02 7.6785400391e+02 7.6801800537e+02 7.6822601318e+02 7.6837597656e+02 7.6850402832e+02 7.6869396973e+02 7.6891699219e+02 7.6904797363e+02 7.6916400146e+02 7.6934002686e+02 7.6947802734e+02 7.6969598389e+02 7.7001800537e+02 7.7023602295e+02 7.7027197266e+02 7.7037597656e+02 7.7049298096e+02 7.7058502197e+02 7.7067999268e+02
7.6190997314e+02 7.6214801025e+02 7.6241998291e+02 7.6270501709e+02 7.6297802734e+02 7.6320501709e+02 7.6341998291e+02 7.6363500977e+02 7.6384100342e+02 7.6406500244e+02 7.6425598145e+02 7.6445898438e+02 7.6468200684e+02 7.6481799316e+02 7.6497998047e+02 7.6517498779e+02 7.6535797119e+02 7.6555297852e+02 7.6573297119e+02 7.6591198730e+02 7.6612597656e+02 7.6640502930e+02 7.6670800781e+02 7.6696899414e+02 7.6713201904e+02 7.6727099609e+02 7.6742901611e+02 7.6758697510e+02 7.6775598145e+02 7.6799200439e+02 7.6817102051e+02 7.6829101563e+02 7.6841900635e+02 7.6864001465e+02 7.6878698730e+02 7.6891900635e+02 7.6911901855e+02 7.6922900391e+02 7.6936499023e+02 7.6957202148e+02 7.6978002930e+02 7.6994500732e+02 7.7009301758e+02 7.7019897461e+02 7.7027899170e+02 7.7032897949e+02
7.6169000244e+02 7.6197100830e+02 7.6225799561e+02 7.6252502441e+02 7.6277001953e+02 7.6298901367e+02 7.6318298340e+02 7.6337500000e+02 7.6357202148e+02 7.6376800537e+02 7.6398297119e+02 7.6420898438e+02 7.6442401123e+02 7.6454199219e+02 7.6470202637e+02 7.6490502930e+02 7.6509301758e+02 7.6529101563e+02 7.6549902344e+02 7.6571301270e+02 7.6595202637e+02 7.6621600342e+02 7.6649200439e+02 7.6675201416e+02 7.6692700195e+02 7.6705700684e+02 7.6720098877e+02 7.6735498047e+02 7.6750201416e+02 7.6767401123e+02 7.6788500977e+02 7.6806597900e+02 7.6823400879e+02 7.6842700195e+02 7.6856201172e+02 7.6864898682e+02 7.6882397461e+02 7.6897998047e+02 7.6912500000e+02 7.6927899170e+02 7.6944396973e+02 7.6960601807e+02 7.6974298096e+02 7.6986297607e+02 7.6996801758e+02 7.7003497314e+02
7.6145098877e+02 7.6177899170e+02 7.6209002686e+02 7.6234802246e+02 7.6258697510e+02 7.6282000732e+02 7.6301397705e+02 7.6320001221e+02 7.6339001465e+02 7.6359399414e+02 7.6380798340e+02 7.6400799561e+02 7.6419201660e+02 7.6432299805e+02 7.6444299316e+02 7.6459600830e+02 7.6478002930e+02 7.6499798584e+02 7.6524298096e+02 7.6549700928e+02 7.6575598145e+02 7.6600799561e+02 7.6624902344e+02 7.6649102783e+02 7.6669500732e+02 7.6683099365e+02 7.6696301270e+02 7.6710797119e+02 7.6725299072e+02 7.6739501953e+02 7.6760797119e+02 7.6783300781e+02 7.6804699707e+02 7.6820800781e+02 7.6836602783e+02 7.6846099854e+02 7.6855499268e+02 7.6871600342e+02 7.6889001465e+02 7.6903802490e+02 7.6916198730e+02 7.6928100586e+02 7.6938201904e+02 7.6947998047e+02 7.6960198975e+02 7.6970300293e+02
7.6120599365e+02 7.6157202148e+02 7.6191802979e+02 7.6216802979e+02 7.6239300537e+02 7.6263598633e+02 7.6283697510e+02 7.6303002930e+02 7.6324499512e+02 7.6348297119e+02 7.6368902588e+02 7.6384100342e+02 7.6396002197e+02 7.6407299805e+02 7.6414300537e+02 7.6424597168e+02 7.6444702148e+02 7.6470098877e+02 7.6497698975e+02 7.6525799561e+02 7.6553002930e+02 7.6579400635e+02 7.6601501465e+02 7.6623101807e+02 7.6645098877e+02 7.6660699463e+02 7.6673400879e+02 7.6686297607e+02 7.6700897217e+02 7.6716302490e+02 7.6736901855e+02 7.6759197998e+02 7.6781500244e+02 7.6796197510e+02 7.6814501953e+02 7.6829998779e+02 7.6837799072e+02 7.6850299072e+02 7.6867602539e+02 7.6885198975e+02 7.6898498535e+02 7.6903900146e+02 7.6908502197e+02 7.6913702393e+02 7.6921997070e+02 7.6933197021e+02
7.6093798828e+02 7.6132202148e+02 7.6173999023e+02 7.6199200439e+02 7.6210797119e+02 7.6240802002e+02 7.6262402344e+02 7.6283502197e+02 7.6305499268e+02 7.6333001709e+02 7.6352899170e+02 7.6363800049e+02 7.6367797852e+02 7.6375402832e+02 7.6382501221e+02 7.6395697021e+02 7.6420098877e+02 7.6446697998e+02 7.6474798584e+02 7.6502398682e+02 7.6528198242e+02 7.6555297852e+02 7.6578302002e+02 7.6599298096e+02 7.6620800781e+02 7.6641900635e+02 7.6655499268e+02 7.6665899658e+02 7.6676800537e+02 7.6693597412e+02 7.6712799072e+02 7.6730603027e+02 7.6745599365e+02 7.6763397217e+02 7.6784100342e+02 7.6809002686e+02 7.6826397705e+02 7.6837500000e+02 7.6848901367e+02 7.6865802002e+02 7.6883801270e+02 7.6890002441e+02 7.6890502930e+02 7.6890301514e+02 7.6895001221e+02 7.6899298096e+02
7.6063598633e+02 7.6100500488e+02 7.6152197266e+02 7.6188000488e+02 7.6194097900e+02 7.6215899658e+02 7.6240502930e+02 7.6264202881e+02 7.6284197998e+02 7.6306298828e+02 7.6323901367e+02 7.6333300781e+02 7.6335498047e+02 7.6338397217e+02 7.6348498535e+02 7.6369299316e+02 7.6398901367e+02 7.6426898193e+02 7.6455798340e+02 7.6484301758e+02 7.6508300781e+02 7.6530902100e+02 7.6554199219e+02 7.6576098633e+02 7.6595697021e+02 7.6616699219e+02 7.6632501221e+02 7.6642901611e+02 7.6652600098e+02 7.6665002441e+02 7.6682702637e+02 7.6702301025e+02 7.6720300293e+02 7.6739099121e+02 7.6761199951e+02 7.6789099121e+02 7.6809997559e+02 7.6821801758e+02 7.6830700684e+02 7.6842901611e+02 7.6860498047e+02 7.6872198486e+02 7.6876702881e+02 7.6878198242e+02 7.6881201172e+02 7.6885699463e+02
7.6034399414e+02 7.6067102051e+02 7.6113598633e+02 7.6155999756e+02 7.6169396973e+02 7.6188098145e+02 7.6214599609e+02 7.6240502930e+02 7.6259997559e+02 7.6277197266e+02 7.6290997314e+02 7.6298797607e+02 7.6300799561e+02 7.6301501465e+02 7.6317901611e+02 7.6346697998e+02 7.6378698730e+02 7.6407098389e+02 7.6437200928e+02 7.6465802002e+02 7.6489202881e+02 7.6511297607e+02 7.6535101318e+02 7.6558599854e+02 7.6577197266e+02 7.6595098877e+02 7.6610900879e+02 7.6621899414e+02 7.6632501221e+02 7.6646099854e+02 7.6667401123e+02 7.6690399170e+02 7.6704901123e+02 7.6720202637e+02 7.6740997314e+02 7.6765698242e+02 7.6787799072e+02 7.6799700928e+02 7.6809002686e+02 7.6820697021e+02 7.6837902832e+02 7.6852801514e+02 7.6861401367e+02 7.6866699219e+02 7.6871398926e+02 7.6877801514e+02
7.6009301758e+02 7.6035900879e+02 7.6071197510e+02 7.6112799072e+02 7.6139099121e+02 7.6157501221e+02 7.6185498047e+02 7.6213201904e+02 7.6233599854e+02 7.6247802734e+02 7.6257800293e+02 7.6264398193e+02 7.6267901611e+02 7.6273101807e+02 7.6296997070e+02 7.6330297852e+02 7.6360101318e+02 7.6388299561e+02 7.6418200684e+02 7.6445098877e+02 7.6466302490e+02 7.6488500977e+02 7.6513299561e+02 7.6539697266e+02 7.6564501953e+02 7.6584100342e+02 7.6598602295e+02 7.6607501221e+02 7.6616699219e+02 7.6632702637e+02 7.6658898926e+02 7.6684698486e+02 7.6694702148e+02 7.6706799316e+02 7.6725097656e+02 7.6743499756e+02 7.6763000488e+02 7.6776098633e+02 7.6787500000e+02 7.6800598145e+02 7.6816900635e+02 7.6832202148e+02 7.6843597412e+02 7.6852697754e+02 7.6861199951e+02 7.6870599365e+02
7.5990100098e+02 7.6014099121e+02 7.6040301514e+02 7.6073400879e+02 7.6109197998e+02 7.6131201172e+02 7.6158599854e+02 7.6185699463e+02 7.6205700684e+02 7.6218597412e+02 7.6225402832e+02 7.6231298828e+02 7.6239001465e+02 7.6256500244e+02 7.6284497070e+02 7.6315899658e+02 7.6343499756e+02 7.6371002197e+02 7.6398999023e+02 7.6422302246e+02 7.6440399170e+02 7.6465399170e+02 7.6486999512e+02 7.6511901855e+02 7.6544396973e+02 7.6569299316e+02 7.6583801270e+02 7.6590698242e+02 7.6598101807e+02 7.6614599609e+02 7.6639697266e+02 7.6665100098e+02 7.6677697754e+02 7.6692297363e+02 7.6709899902e+02 7.6725097656e+02 7.6742401123e+02 7.6757299805e+02 7.6770098877e+02 7.6783099365e+02 7.6795501709e+02 7.6808898926e+02 7.6821099854e+02 7.6833398438e+02 7.6846600342e+02 7.6859100342e+02
7.5967498779e+02 7.5990399170e+02 7.6016601563e+02 7.6046801758e+02 7.6086700439e+02 7.6113397217e+02 7.6136798096e+02 7.6157202148e+02 7.6174200439e+02 7.6183599854e+02 7.6188800049e+02 7.6196801758e+02 7.6213897705e+02 7.6240997314e+02 7.6270001221e+02 7.6299597168e+02 7.6329699707e+02 7.6356896973e+02 7.6381097412e+02 7.6400000000e+02 7.6418902588e+02 7.6446301270e+02 7.6465997314e+02 7.6484899902e+02 7.6512902832e+02 7.6537402344e+02 7.6555999756e+02 7.6569299316e+02 7.6579797363e+02 7.6593798828e+02 7.6614300537e+02 7.6636700439e+02 7.6650500488e+02 7.6670599365e+02 7.6692401123e+02 7.6707501221e+02 7.6724102783e+02 7.6740600586e+02 7.6754400635e+02 7.6767797852e+02 7.6780499268e+02 7.6792498779e+02 7.6803302002e+02 7.6813598633e+02 7.6825000000e+02 7.6841998291e+02
7.5950598145e+02 7.5968701172e+02 7.5991198730e+02 7.6018597412e+02 7.6061499023e+02 7.6093103027e+02 7.6113598633e+02 7.6128802490e+02 7.6142401123e+02 7.6150799561e+02 7.6158697510e+02 7.6171697998e+02 7.6194897461e+02 7.6228698730e+02 7.6259100342e+02 7.6285198975e+02 7.6311102295e+02 7.6338897705e+02 7.6363897705e+02 7.6381500244e+02 7.6396002197e+02 7.6418798828e+02 7.6439801025e+02 7.6458300781e+02 7.6476501465e+02 7.6497399902e+02 7.6517999268e+02 7.6538800049e+02 7.6557397461e+02 7.6571301270e+02 7.6591302490e+02 7.6614300537e+02 7.6628698730e+02 7.6646801758e+02 7.6666998291e+02 7.6680499268e+02 7.6696600342e+02 7.6714801025e+02 7.6732299805e+02 7.6749298096e+02 7.6764599609e+02 7.6777099609e+02 7.6787200928e+02 7.6795202637e+02 7.6802502441e+02 7.6820800781e+02
7.5939801025e+02 7.5952197266e+02 7.5970599365e+02 7.5995898438e+02 7.6035498047e+02 7.6068298340e+02 7.6086102295e+02 7.6097998047e+02 7.6111297607e+02 7.6123999023e+02 7.6137701416e+02 7.6155700684e+02 7.6180798340e+02 7.6215197754e+02 7.6244201660e+02 7.6265301514e+02 7.6284497070e+02 7.6312298584e+02 7.6341101074e+02 7.6360998535e+02 7.6371002197e+02 7.6384802246e+02 7.6406402588e+02 7.6427801514e+02 7.6442498779e+02 7.6463098145e+02 7.6482598877e+02 7.6504797363e+02 7.6530902100e+02 7.6546502686e+02 7.6566802979e+02 7.6591198730e+02 7.6606799316e+02 7.6617102051e+02 7.6633697510e+02 7.6650299072e+02 7.6668200684e+02 7.6687701416e+02 7.6707897949e+02 7.6726898193e+02 7.6744097900e+02 7.6757202148e+02 7.6767797852e+02 7.6775701904e+02 7.6781597900e+02 7.6795001221e+02
