TESTSERVER/22/4.asc
NCOLS 100
NROWS 100
XLLCORNER 8.5997500000e+03
YLLCORNER 2.8975025000e+05
CELLSIZE 5.0000000000e-01
NODATA_VALUE -9.9990000000e+03
[rows 20 to 39 of 100, columns 46 to 91 of 100]
7.5793701172e+02 7.5815802002e+02 7.5832299805e+02 7.5847100830e+02 7.5858599854e+02 7.5872601318e+02 7.5892901611e+02 7.5915997314e+02 7.5936199951e+02 7.5954101563e+02 7.5971002197e+02 7.5989099121e+02 7.6006402588e+02 7.6022399902e+02 7.6037402344e+02 7.6052502441e+02 7.6067797852e+02 7.6081402588e+02 7.6090899658e+02 7.6098699951e+02 7.6105902100e+02 7.6118902588e+02 7.6132299805e+02 7.6136499023e+02 7.6141699219e+02 7.6151800537e+02 7.6163598633e+02 7.6176202393e+02 7.6188702393e+02 7.6201000977e+02 7.6211199951e+02 7.6219799805e+02 7.6226397705e+02 7.6235797119e+02 7.6249902344e+02 7.6265899658e+02 7.6282397461e+02 7.6296301270e+02 7.6308001709e+02 7.6319201660e+02 7.6328802490e+02 7.6336401367e+02 7.6341802979e+02 7.6351397705e+02 7.6359002686e+02 7.6369000244e+02
7.5765600586e+02 7.5783801270e+02 7.5799298096e+02 7.5818103027e+02 7.5832897949e+02 7.5849401855e+02 7.5870001221e+02 7.5892199707e+02 7.5914099121e+02 7.5934802246e+02 7.5954101563e+02 7.5971002197e+02 7.5988000488e+02 7.6004498291e+02 7.6020300293e+02 7.6036102295e+02 7.6054797363e+02 7.6067999268e+02 7.6077197266e+02 7.6086499023e+02 7.6097100830e+02 7.6113000488e+02 7.6121899414e+02 7.6124700928e+02 7.6131597900e+02 7.6140698242e+02 7.6148400879e+02 7.6157397461e+02 7.6168597412e+02 7.6179400635e+02 7.6190100098e+02 7.6200799561e+02 7.6210900879e+02 7.6223297119e+02 7.6239001465e+02 7.6253497314e+02 7.6268298340e+02 7.6281701660e+02 7.6292602539e+02 7.6303100586e+02 7.6315002441e+02 7.6324499512e+02 7.6330499268e+02 7.6337500000e+02 7.6345202637e+02 7.6355499268e+02
7.5742602539e+02 7.5759197998e+02 7.5774401855e+02 7.5792999268e+02 7.5810900879e+02 7.5830798340e+02 7.5851800537e+02 7.5872900391e+02 7.5895300293e+02 7.5917297363e+02 7.5937701416e+02 7.5954199219e+02 7.5969299316e+02 7.5985498047e+02 7.6003002930e+02 7.6019097900e+02 7.6036798096e+02 7.6049700928e+02 7.6063000488e+02 7.6071301270e+02 7.6082397461e+02 7.6101800537e+02 7.6112500000e+02 7.6115002441e+02 7.6122100830e+02 7.6129400635e+02 7.6134100342e+02 7.6141998291e+02 7.6152502441e+02 7.6163000488e+02 7.6173498535e+02 7.6186999512e+02 7.6199798584e+02 7.6212597656e+02 7.6226501465e+02 7.6240002441e+02 7.6255200195e+02 7.6268597412e+02 7.6278198242e+02 7.6288000488e+02 7.6300402832e+02 7.6311602783e+02 7.6318597412e+02 7.6322399902e+02 7.6330700684e+02 7.6342297363e+02
7.5721600342e+02 7.5740002441e+02 7.5760797119e+02 7.5775799561e+02 7.5793798828e+02 7.5816198730e+02 7.5836102295e+02 7.5855700684e+02 7.5877600098e+02 7.5899597168e+02 7.5919799805e+02 7.5937200928e+02 7.5952001953e+02 7.5967901611e+02 7.5986798096e+02 7.6003802490e+02 7.6018499756e+02 7.6030700684e+02 7.6048699951e+02 7.6058300781e+02 7.6067901611e+02 7.6085498047e+02 7.6097698975e+02 7.6103497314e+02 7.6111798096e+02 7.6118499756e+02 7.6121997070e+02 7.6130102539e+02 7.6140301514e+02 7.6150402832e+02 7.6160302734e+02 7.6175201416e+02 7.6189501953e+02 7.6201300049e+02 7.6211901855e+02 7.6225701904e+02 7.6242700195e+02 7.6256298828e+02 7.6264001465e+02 7.6272802734e+02 7.6284100342e+02 7.6295098877e+02 7.6303100586e+02 7.6306799316e+02 7.6316400146e+02 7.6328900146e+02
7.5697399902e+02 7.5719500732e+02 7.5745098877e+02 7.5761798096e+02 7.5778497314e+02 7.5799902344e+02 7.5819500732e+02 7.5838500977e+02 7.5858197021e+02 7.5878698730e+02 7.5898901367e+02 7.5919000244e+02 7.5934997559e+02 7.5949798584e+02 7.5965197754e+02 7.5981402588e+02 7.5996398926e+02 7.6011700439e+02 7.6027001953e+02 7.6041400146e+02 7.6053399658e+02 7.6064898682e+02 7.6073699951e+02 7.6086297607e+02 7.6097302246e+02 7.6106500244e+02 7.6114599609e+02 7.6121502686e+02 7.6131201172e+02 7.6140600586e+02 7.6149902344e+02 7.6163299561e+02 7.6177600098e+02 7.6189099121e+02 7.6198901367e+02 7.6211199951e+02 7.6228900146e+02 7.6242199707e+02 7.6247900391e+02 7.6257598877e+02 7.6267901611e+02 7.6277301025e+02 7.6286700439e+02 7.6292498779e+02 7.6302899170e+02 7.6315197754e+02
7.5672601318e+02 7.5694299316e+02 7.5717199707e+02 7.5739001465e+02 7.5760101318e+02 7.5781298828e+02 7.5802502441e+02 7.5821398926e+02 7.5840002441e+02 7.5858398438e+02 7.5876898193e+02 7.5895098877e+02 7.5913397217e+02 7.5930603027e+02 7.5946002197e+02 7.5960699463e+02 7.5976397705e+02 7.5991302490e+02 7.6001098633e+02 7.6014300537e+02 7.6031201172e+02 7.6045397949e+02 7.6055102539e+02 7.6067999268e+02 7.6079797363e+02 7.6091101074e+02 7.6102899170e+02 7.6114001465e+02 7.6124298096e+02 7.6133898926e+02 7.6143103027e+02 7.6157000732e+02 7.6170898438e+02 7.6179901123e+02 7.6184698486e+02 7.6196697998e+02 7.6212298584e+02 7.6223101807e+02 7.6229400635e+02 7.6241302490e+02 7.6253497314e+02 7.6264898682e+02 7.6275299072e+02 7.6280603027e+02 7.6284899902e+02 7.6293701172e+02
7.5651800537e+02 7.5672100830e+02 7.5691802979e+02 7.5716400146e+02 7.5740399170e+02 7.5760601807e+02 7.5780499268e+02 7.5801300049e+02 7.5821801758e+02 7.5840399170e+02 7.5855700684e+02 7.5869201660e+02 7.5887597656e+02 7.5907598877e+02 7.5923999023e+02 7.5934802246e+02 7.5947198486e+02 7.5963897705e+02 7.5975598145e+02 7.5986102295e+02 7.6005200195e+02 7.6024597168e+02 7.6036901855e+02 7.6050598145e+02 7.6064001465e+02 7.6077099609e+02 7.6090997314e+02 7.6104602051e+02 7.6115899658e+02 7.6125897217e+02 7.6135498047e+02 7.6148400879e+02 7.6159197998e+02 7.6164202881e+02 7.6165301514e+02 7.6176300049e+02 7.6190197754e+02 7.6200701904e+02 7.6210601807e+02 7.6223400879e+02 7.6236798096e+02 7.6250299072e+02 7.6259197998e+02 7.6265502930e+02 7.6269000244e+02 7.6274499512e+02
7.5634497070e+02 7.5653997803e+02 7.5670397949e+02 7.5693298340e+02 7.5718701172e+02 7.5739099121e+02 7.5757000732e+02 7.5778997803e+02 7.5801599121e+02 7.5820599365e+02 7.5834399414e+02 7.5846002197e+02 7.5861700439e+02 7.5878802490e+02 7.5892602539e+02 7.5902001953e+02 7.5913702393e+02 7.5934100342e+02 7.5948101807e+02 7.5956701660e+02 7.5978100586e+02 7.6002801514e+02 7.6018798828e+02 7.6032897949e+02 7.6048199463e+02 7.6063098145e+02 7.6078100586e+02 7.6092797852e+02 7.6104699707e+02 7.6114898682e+02 7.6124597168e+02 7.6133398438e+02 7.6139801025e+02 7.6142199707e+02 7.6142297363e+02 7.6150201416e+02 7.6164599609e+02 7.6178497314e+02 7.6192102051e+02 7.6203802490e+02 7.6215301514e+02 7.6229901123e+02 7.6239697266e+02 7.6247100830e+02 7.6253997803e+02 7.6258898926e+02
7.5615802002e+02 7.5636102295e+02 7.5651800537e+02 7.5674102783e+02 7.5700097656e+02 7.5722302246e+02 7.5738500977e+02 7.5759301758e+02 7.5780401611e+02 7.5796502686e+02 7.5806799316e+02 7.5822100830e+02 7.5835900879e+02 7.5846697998e+02 7.5854199219e+02 7.5866699219e+02 7.5878497314e+02 7.5897497559e+02 7.5917498779e+02 7.5931597900e+02 7.5954602051e+02 7.5979998779e+02 7.5997601318e+02 7.6013702393e+02 7.6030902100e+02 7.6047302246e+02 7.6062701416e+02 7.6077197266e+02 7.6088702393e+02 7.6098999023e+02 7.6109698486e+02 7.6113702393e+02 7.6116699219e+02 7.6120098877e+02 7.6123797607e+02 7.6131597900e+02 7.6146099854e+02 7.6160498047e+02 7.6173699951e+02 7.6184399414e+02 7.6190997314e+02 7.6203100586e+02 7.6213800049e+02 7.6222601318e+02 7.6233502197e+02 7.6240802002e+02
7.5591400146e+02 7.5613201904e+02 7.5631298828e+02 7.5653601074e+02 7.5679602051e+02 7.5703399658e+02 7.5722302246e+02 7.5742602539e+02 7.5760400391e+02 7.5772998047e+02 7.5781896973e+02 7.5796600342e+02 7.5810998535e+02 7.5821697998e+02 7.5828601074e+02 7.5837500000e+02 7.5847100830e+02 7.5865802002e+02 7.5896197510e+02 7.5917602539e+02 7.5939398193e+02 7.5959997559e+02 7.5976098633e+02 7.5993499756e+02 7.6011102295e+02 7.6028002930e+02 7.6046002197e+02 7.6060498047e+02 7.6070697021e+02 7.6079998779e+02 7.6089001465e+02 7.6093597412e+02 7.6099298096e+02 7.6106097412e+02 7.6111700439e+02 7.6119299316e+02 7.6127001953e+02 7.6134600830e+02 7.6147497559e+02 7.6163000488e+02 7.6169702148e+02 7.6177899170e+02 7.6187298584e+02 7.6196899414e+02 7.6209197998e+02 7.6219097900e+02
7.5566400146e+02 7.5589099121e+02 7.5609197998e+02 7.5630902100e+02 7.5656701660e+02 7.5682202148e+02 7.5704400635e+02 7.5724499512e+02 7.5741400146e+02 7.5753198242e+02 7.5762402344e+02 7.5774401855e+02 7.5785400391e+02 7.5794702148e+02 7.5803497314e+02 7.5814001465e+02 7.5828198242e+02 7.5849902344e+02 7.5882397461e+02 7.5907098389e+02 7.5927001953e+02 7.5943597412e+02 7.5956799316e+02 7.5974700928e+02 7.5992199707e+02 7.6009301758e+02 7.6028198242e+02 7.6043200684e+02 7.6052899170e+02 7.6061602783e+02 7.6071398926e+02 7.6078900146e+02 7.6084899902e+02 7.6090399170e+02 7.6092901611e+02 7.6100402832e+02 7.6106500244e+02 7.6110498047e+02 7.6121002197e+02 7.6136602783e+02 7.6145098877e+02 7.6152301025e+02 7.6162500000e+02 7.6172302246e+02 7.6183697510e+02 7.6195501709e+02
7.5539202881e+02 7.5562902832e+02 7.5585400391e+02 7.5606896973e+02 7.5632702637e+02 7.5659698486e+02 7.5684899902e+02 7.5705102539e+02 7.5721997070e+02 7.5734997559e+02 7.5745599365e+02 7.5754998779e+02 7.5763598633e+02 7.5772698975e+02 7.5785900879e+02 7.5798901367e+02 7.5817199707e+02 7.5841998291e+02 7.5873699951e+02 7.5897399902e+02 7.5913098145e+02 7.5926098633e+02 7.5939300537e+02 7.5956896973e+02 7.5973797607e+02 7.5990600586e+02 7.6009698486e+02 7.6025598145e+02 7.6035101318e+02 7.6043402100e+02 7.6054602051e+02 7.6062200928e+02 7.6065197754e+02 7.6067700195e+02 7.6068103027e+02 7.6076898193e+02 7.6087402344e+02 7.6093298340e+02 7.6100299072e+02 7.6111199951e+02 7.6121002197e+02 7.6129498291e+02 7.6139801025e+02 7.6148999023e+02 7.6160998535e+02 7.6174798584e+02
7.5510400391e+02 7.5536700439e+02 7.5562200928e+02 7.5580999756e+02 7.5607397461e+02 7.5636297607e+02 7.5663897705e+02 7.5683599854e+02 7.5700299072e+02 7.5714697266e+02 7.5727502441e+02 7.5738201904e+02 7.5748101807e+02 7.5759197998e+02 7.5773699951e+02 7.5789202881e+02 7.5806298828e+02 7.5832098389e+02 7.5869097900e+02 7.5890301514e+02 7.5902197266e+02 7.5912097168e+02 7.5926702881e+02 7.5941101074e+02 7.5956701660e+02 7.5972900391e+02 7.5990997314e+02 7.6005499268e+02 7.6015399170e+02 7.6022900391e+02 7.6031201172e+02 7.6035198975e+02 7.6035302734e+02 7.6039001465e+02 7.6046502686e+02 7.6056298828e+02 7.6068103027e+02 7.6077398682e+02 7.6085797119e+02 7.6093798828e+02 7.6103399658e+02 7.6111602783e+02 7.6121197510e+02 7.6133599854e+02 7.6146502686e+02 7.6159497070e+02
7.5476599121e+02 7.5504498291e+02 7.5529302979e+02 7.5553900146e+02 7.5583599854e+02 7.5613897705e+02 7.5639300537e+02 7.5658898926e+02 7.5676599121e+02 7.5692297363e+02 7.5707501221e+02 7.5722100830e+02 7.5734497070e+02 7.5747698975e+02 7.5764001465e+02 7.5779797363e+02 7.5795397949e+02 7.5817199707e+02 7.5848999023e+02 7.5874902344e+02 7.5892700195e+02 7.5906201172e+02 7.5916998291e+02 7.5928100586e+02 7.5941198730e+02 7.5955603027e+02 7.5971197510e+02 7.5984399414e+02 7.5993902588e+02 7.6000500488e+02 7.6005499268e+02 7.6005200195e+02 7.6007397461e+02 7.6014398193e+02 7.6026397705e+02 7.6038299561e+02 7.6049401855e+02 7.6060797119e+02 7.6069201660e+02 7.6078198242e+02 7.6087097168e+02 7.6094097900e+02 7.6103900146e+02 7.6124499512e+02 7.6147198486e+02 7.6156896973e+02
7.5446002197e+02 7.5473199463e+02 7.5498797607e+02 7.5528997803e+02 7.5561499023e+02 7.5590698242e+02 7.5614001465e+02 7.5634600830e+02 7.5652801514e+02 7.5669500732e+02 7.5686297607e+02 7.5703497314e+02 7.5718798828e+02 7.5734698486e+02 7.5753399658e+02 7.5770397949e+02 7.5784997559e+02 7.5803198242e+02 7.5828997803e+02 7.5855200195e+02 7.5878698730e+02 7.5897399902e+02 7.5906298828e+02 7.5912597656e+02 7.5923498535e+02 7.5935601807e+02 7.5949401855e+02 7.5962701416e+02 7.5972497559e+02 7.5979400635e+02 7.5983599854e+02 7.5984899902e+02 7.5989398193e+02 7.5996899414e+02 7.6007501221e+02 7.6018103027e+02 7.6030102539e+02 7.6042498779e+02 7.6051501465e+02 7.6063397217e+02 7.6072998047e+02 7.6080798340e+02 7.6091699219e+02 7.6111901855e+02 7.6138500977e+02 7.6143902588e+02
7.5420800781e+02 7.5448699951e+02 7.5476800537e+02 7.5510900879e+02 7.5543499756e+02 7.5569000244e+02 7.5589501953e+02 7.5610900879e+02 7.5629199219e+02 7.5646600342e+02 7.5664001465e+02 7.5682800293e+02 7.5700897217e+02 7.5719396973e+02 7.5739599609e+02 7.5757897949e+02 7.5773400879e+02 7.5790100098e+02 7.5810998535e+02 7.5833599854e+02 7.5858801270e+02 7.5880902100e+02 7.5890600586e+02 7.5894500732e+02 7.5903302002e+02 7.5913397217e+02 7.5925402832e+02 7.5938598633e+02 7.5949200439e+02 7.5957501221e+02 7.5963500977e+02 7.5968902588e+02 7.5976000977e+02 7.5984100342e+02 7.5992199707e+02 7.6001098633e+02 7.6011602783e+02 7.6022802734e+02 7.6032397461e+02 7.6046801758e+02 7.6059197998e+02 7.6068701172e+02 7.6080798340e+02 7.6094201660e+02 7.6111999512e+02 7.6119201660e+02
7.5398101807e+02 7.5427899170e+02 7.5462298584e+02 7.5499597168e+02 7.5530499268e+02 7.5551202393e+02 7.5567602539e+02 7.5587597656e+02 7.5606500244e+02 7.5624700928e+02 7.5643597412e+02 7.5660900879e+02 7.5680102539e+02 7.5700201416e+02 7.5720697021e+02 7.5741900635e+02 7.5760198975e+02 7.5778002930e+02 7.5795501709e+02 7.5811798096e+02 7.5834600830e+02 7.5856298828e+02 7.5869396973e+02 7.5875000000e+02 7.5882202148e+02 7.5890002441e+02 7.5899597168e+02 7.5912200928e+02 7.5924200439e+02 7.5934497070e+02 7.5942199707e+02 7.5950598145e+02 7.5960797119e+02 7.5971697998e+02 7.5982098389e+02 7.5988598633e+02 7.5996197510e+02 7.6004602051e+02 7.6015301514e+02 7.6028302002e+02 7.6044000244e+02 7.6054498291e+02 7.6064202881e+02 7.6076397705e+02 7.6087200928e+02 7.6098101807e+02
7.5374499512e+02 7.5403002930e+02 7.5438897705e+02 7.5479302979e+02 7.5513299561e+02 7.5535900879e+02 7.5550402832e+02 7.5569299316e+02 7.5588598633e+02 7.5606500244e+02 7.5622998047e+02 7.5640698242e+02 7.5659802246e+02 7.5680401611e+02 7.5700402832e+02 7.5719897461e+02 7.5741998291e+02 7.5763299561e+02 7.5779101563e+02 7.5791101074e+02 7.5811401367e+02 7.5829199219e+02 7.5840197754e+02 7.5848297119e+02 7.5855297852e+02 7.5862701416e+02 7.5872998047e+02 7.5885797119e+02 7.5898999023e+02 7.5911499023e+02 7.5922302246e+02 7.5932397461e+02 7.5942700195e+02 7.5954302979e+02 7.5966101074e+02 7.5976300049e+02 7.5982299805e+02 7.5987500000e+02 7.5996801758e+02 7.6008697510e+02 7.6027197266e+02 7.6039398193e+02 7.6047302246e+02 7.6063702393e+02 7.6079199219e+02 7.6089202881e+02
7.5351202393e+02 7.5378302002e+02 7.5411297607e+02 7.5445697021e+02 7.5481298828e+02 7.5509802246e+02 7.5528399658e+02 7.5547302246e+02 7.5565997314e+02 7.5583801270e+02 7.5600701904e+02 7.5618701172e+02 7.5638397217e+02 7.5659600830e+02 7.5679400635e+02 7.5698999023e+02 7.5723297119e+02 7.5746502686e+02 7.5763098145e+02 7.5775799561e+02 7.5794396973e+02 7.5807000732e+02 7.5811401367e+02 7.5817797852e+02 7.5824798584e+02 7.5833697510e+02 7.5846099854e+02 7.5860498047e+02 7.5876599121e+02 7.5892602539e+02 7.5906402588e+02 7.5917297363e+02 7.5926397705e+02 7.5936199951e+02 7.5947302246e+02 7.5960601807e+02 7.5967901611e+02 7.5972802734e+02 7.5980798340e+02 7.5992102051e+02 7.6008898926e+02 7.6021801758e+02 7.6031201172e+02 7.6048602295e+02 7.6064599609e+02 7.6076599121e+02
7.5327398682e+02 7.5354199219e+02 7.5384698486e+02 7.5411798096e+02 7.5446099854e+02 7.5479199219e+02 7.5502801514e+02 7.5521197510e+02 7.5539398193e+02 7.5557501221e+02 7.5575897217e+02 7.5594201660e+02 7.5614300537e+02 7.5635998535e+02 7.5657397461e+02 7.5677899170e+02 7.5702697754e+02 7.5726300049e+02 7.5743798828e+02 7.5759802246e+02 7.5778601074e+02 7.5787097168e+02 7.5783599854e+02 7.5786999512e+02 7.5794299316e+02 7.5805700684e+02 7.5820397949e+02 7.5836999512e+02 7.5856597900e+02 7.5876000977e+02 7.5892700195e+02 7.5903802490e+02 7.5911798096e+02 7.5920202637e+02 7.5929199219e+02 7.5941101074e+02 7.5951800537e+02 7.5961700439e+02 7.5970697021e+02 7.5978802490e+02 7.5990600586e+02 7.6003802490e+02 7.6019097900e+02 7.6033898926e+02 7.6048101807e+02 7.6062597656e+02
