TESTSERVER/22/4.asc
NCOLS 100
NROWS 100
XLLCORNER 8.5997500000e+03
YLLCORNER 2.8975025000e+05
CELLSIZE 5.0000000000e-01
NODATA_VALUE -9.9990000000e+03
[rows 20 to 39 of 100, columns 0 to 45 of 100]
7.4946801758e+02 7.4970397949e+02 7.4989001465e+02 7.4998297119e+02 7.5011999512e+02 7.5024499512e+02 7.5037500000e+02 7.5058099365e+02 7.5084399414e+02 7.5109100342e+02 7.5127801514e+02 7.5148602295e+02 7.5176599121e+02 7.5200402832e+02 7.5221899414e+02 7.5240502930e+02 7.5257000732e+02 7.5271398926e+02 7.5287097168e+02 7.5302502441e+02 7.5314001465e+02 7.5321301270e+02 7.5336401367e+02 7.5355499268e+02 7.5373400879e+02 7.5393298340e+02 7.5416998291e+02 7.5440197754e+02 7.5461700439e+02 7.5476702881e+02 7.5493499756e+02 7.5511297607e+02 7.5528399658e+02 7.5542401123e+02 7.5557702637e+02 7.5574700928e+02 7.5588702393e+02 7.5602502441e+02 7.5616400146e+02 7.5636798096e+02 7.5663397217e+02 7.5684197998e+02 7.5705902100e+02 7.5728601074e+02 7.5748400879e+02 7.5768103027e+02
7.4913500977e+02 7.4936499023e+02 7.4955603027e+02 7.4963598633e+02 7.4979699707e+02 7.5001300049e+02 7.5012298584e+02 7.5028002930e+02 7.5054602051e+02 7.5080200195e+02 7.5097900391e+02 7.5119000244e+02 7.5151300049e+02 7.5177801514e+02 7.5199700928e+02 7.5216198730e+02 7.5227899170e+02 7.5240100098e+02 7.5254998779e+02 7.5271502686e+02 7.5285998535e+02 7.5294097900e+02 7.5306402588e+02 7.5324298096e+02 7.5345599365e+02 7.5369097900e+02 7.5393103027e+02 7.5415100098e+02 7.5432501221e+02 7.5447698975e+02 7.5463201904e+02 7.5479498291e+02 7.5497302246e+02 7.5513098145e+02 7.5529498291e+02 7.5546502686e+02 7.5559997559e+02 7.5576599121e+02 7.5593103027e+02 7.5613897705e+02 7.5637500000e+02 7.5658599854e+02 7.5680102539e+02 7.5702600098e+02 7.5723101807e+02 7.5742700195e+02
7.4877099609e+02 7.4896002197e+02 7.4913800049e+02 7.4926000977e+02 7.4944000244e+02 7.4968103027e+02 7.4984600830e+02 7.4997698975e+02 7.5019702148e+02 7.5045898438e+02 7.5066998291e+02 7.5089099121e+02 7.5121398926e+02 7.5149902344e+02 7.5172698975e+02 7.5188702393e+02 7.5197900391e+02 7.5208099365e+02 7.5221502686e+02 7.5237701416e+02 7.5254498291e+02 7.5263897705e+02 7.5275897217e+02 7.5293298340e+02 7.5315802002e+02 7.5341101074e+02 7.5365100098e+02 7.5385998535e+02 7.5401397705e+02 7.5416400146e+02 7.5432598877e+02 7.5448400879e+02 7.5465301514e+02 7.5483001709e+02 7.5501898193e+02 7.5519201660e+02 7.5532702637e+02 7.5552801514e+02 7.5572100830e+02 7.5592700195e+02 7.5614001465e+02 7.5636798096e+02 7.5659802246e+02 7.5680603027e+02 7.5698699951e+02 7.5719897461e+02
7.4843402100e+02 7.4860998535e+02 7.4882202148e+02 7.4897900391e+02 7.4911700439e+02 7.4930200195e+02 7.4952697754e+02 7.4968701172e+02 7.4986199951e+02 7.5011999512e+02 7.5035601807e+02 7.5055798340e+02 7.5084497070e+02 7.5115100098e+02 7.5139001465e+02 7.5156097412e+02 7.5166601563e+02 7.5176098633e+02 7.5188098145e+02 7.5203302002e+02 7.5220800781e+02 7.5232397461e+02 7.5245300293e+02 7.5262500000e+02 7.5284002686e+02 7.5308599854e+02 7.5332800293e+02 7.5354400635e+02 7.5370599365e+02 7.5386901855e+02 7.5405102539e+02 7.5421099854e+02 7.5436700439e+02 7.5458898926e+02 7.5482299805e+02 7.5499902344e+02 7.5512500000e+02 7.5533398438e+02 7.5552001953e+02 7.5571899414e+02 7.5592901611e+02 7.5619500732e+02 7.5645001221e+02 7.5664599609e+02 7.5678399658e+02 7.5699102783e+02
7.4825598145e+02 7.4844097900e+02 7.4871099854e+02 7.4886602783e+02 7.4892999268e+02 7.4903198242e+02 7.4921398926e+02 7.4939001465e+02 7.4956201172e+02 7.4978698730e+02 7.5002502441e+02 7.5023297119e+02 7.5045599365e+02 7.5076501465e+02 7.5100299072e+02 7.5119799805e+02 7.5137298584e+02 7.5147100830e+02 7.5159002686e+02 7.5172601318e+02 7.5187902832e+02 7.5202301025e+02 7.5216601563e+02 7.5233099365e+02 7.5252899170e+02 7.5275000000e+02 7.5298498535e+02 7.5322497559e+02 7.5344396973e+02 7.5364801025e+02 7.5385400391e+02 7.5400299072e+02 7.5416400146e+02 7.5444396973e+02 7.5470001221e+02 7.5485699463e+02 7.5495098877e+02 7.5513098145e+02 7.5530499268e+02 7.5551501465e+02 7.5577398682e+02 7.5603601074e+02 7.5629498291e+02 7.5649499512e+02 7.5662799072e+02 7.5677899170e+02
7.4800402832e+02 7.4815399170e+02 7.4843902588e+02 7.4861199951e+02 7.4865997314e+02 7.4883398438e+02 7.4905603027e+02 7.4926501465e+02 7.4943597412e+02 7.4956896973e+02 7.4973797607e+02 7.4996697998e+02 7.5022302246e+02 7.5044702148e+02 7.5063299561e+02 7.5082202148e+02 7.5102801514e+02 7.5117901611e+02 7.5131701660e+02 7.5145898438e+02 7.5160998535e+02 7.5175598145e+02 7.5190399170e+02 7.5206799316e+02 7.5225598145e+02 7.5248199463e+02 7.5272998047e+02 7.5299298096e+02 7.5323297119e+02 7.5342700195e+02 7.5365301514e+02 7.5380499268e+02 7.5394598389e+02 7.5420800781e+02 7.5448199463e+02 7.5467498779e+02 7.5476898193e+02 7.5492498779e+02 7.5510900879e+02 7.5533398438e+02 7.5559002686e+02 7.5586700439e+02 7.5610302734e+02 7.5628497314e+02 7.5640997314e+02 7.5654101563e+02
7.4771301270e+02 7.4782000732e+02 7.4804797363e+02 7.4822198486e+02 7.4832598877e+02 7.4854101563e+02 7.4878900146e+02 7.4904998779e+02 7.4929302979e+02 7.4943798828e+02 7.4952001953e+02 7.4972900391e+02 7.5003497314e+02 7.5019000244e+02 7.5034802246e+02 7.5052600098e+02 7.5071899414e+02 7.5088702393e+02 7.5104498291e+02 7.5120397949e+02 7.5137097168e+02 7.5153100586e+02 7.5168499756e+02 7.5184600830e+02 7.5202801514e+02 7.5227398682e+02 7.5255200195e+02 7.5284399414e+02 7.5307397461e+02 7.5322302246e+02 7.5342401123e+02 7.5356201172e+02 7.5367797852e+02 7.5389801025e+02 7.5417901611e+02 7.5442700195e+02 7.5457397461e+02 7.5471997070e+02 7.5487902832e+02 7.5507501221e+02 7.5533697510e+02 7.5563299561e+02 7.5586602783e+02 7.5604797363e+02 7.5618200684e+02 7.5633001709e+02
7.4747302246e+02 7.4762200928e+02 7.4780999756e+02 7.4796398926e+02 7.4809197998e+02 7.4828198242e+02 7.4846899414e+02 7.4870300293e+02 7.4898602295e+02 7.4920397949e+02 7.4927398682e+02 7.4944299316e+02 7.4978900146e+02 7.4994598389e+02 7.5011700439e+02 7.5030200195e+02 7.5046502686e+02 7.5063098145e+02 7.5080902100e+02 7.5098699951e+02 7.5117199707e+02 7.5134997559e+02 7.5149700928e+02 7.5164599609e+02 7.5182202148e+02 7.5205798340e+02 7.5232800293e+02 7.5264300537e+02 7.5293499756e+02 7.5311102295e+02 7.5324798584e+02 7.5333197021e+02 7.5342602539e+02 7.5358898926e+02 7.5384997559e+02 7.5412902832e+02 7.5433599854e+02 7.5449102783e+02 7.5463098145e+02 7.5479901123e+02 7.5506201172e+02 7.5535900879e+02 7.5559002686e+02 7.5578002930e+02 7.5594702148e+02 7.5614202881e+02
7.4724700928e+02 7.4745300293e+02 7.4764398193e+02 7.4779797363e+02 7.4791699219e+02 7.4809002686e+02 7.4826397705e+02 7.4843902588e+02 7.4860601807e+02 7.4885302734e+02 7.4902001953e+02 7.4919598389e+02 7.4946899414e+02 7.4964898682e+02 7.4983697510e+02 7.5004302979e+02 7.5022998047e+02 7.5041400146e+02 7.5061401367e+02 7.5080700684e+02 7.5102197266e+02 7.5118597412e+02 7.5130102539e+02 7.5142297363e+02 7.5158898926e+02 7.5177197266e+02 7.5197998047e+02 7.5228100586e+02 7.5265301514e+02 7.5291198730e+02 7.5306201172e+02 7.5314099121e+02 7.5323498535e+02 7.5336999512e+02 7.5359497070e+02 7.5385498047e+02 7.5406201172e+02 7.5423999023e+02 7.5440399170e+02 7.5458001709e+02 7.5482702637e+02 7.5506799316e+02 7.5528698730e+02 7.5548901367e+02 7.5569000244e+02 7.5593597412e+02
7.4698797607e+02 7.4716302490e+02 7.4734301758e+02 7.4752099609e+02 7.4769097900e+02 7.4784802246e+02 7.4804901123e+02 7.4825299072e+02 7.4839501953e+02 7.4861901855e+02 7.4880902100e+02 7.4896197510e+02 7.4915997314e+02 7.4933898926e+02 7.4952301025e+02 7.4972497559e+02 7.4994201660e+02 7.5015698242e+02 7.5036999512e+02 7.5057202148e+02 7.5077801514e+02 7.5095898438e+02 7.5108001709e+02 7.5120501709e+02 7.5136901855e+02 7.5152697754e+02 7.5170800781e+02 7.5194799805e+02 7.5226000977e+02 7.5252801514e+02 7.5274298096e+02 7.5291497803e+02 7.5305700684e+02 7.5320697021e+02 7.5342297363e+02 7.5365301514e+02 7.5381799316e+02 7.5400799561e+02 7.5420599365e+02 7.5439300537e+02 7.5458001709e+02 7.5478497314e+02 7.5499902344e+02 7.5521600342e+02 7.5544201660e+02 7.5568103027e+02
7.4674200439e+02 7.4689501953e+02 7.4707000732e+02 7.4725897217e+02 7.4746099854e+02 7.4761700439e+02 7.4780603027e+02 7.4803302002e+02 7.4822802734e+02 7.4845001221e+02 7.4858001709e+02 7.4869299316e+02 7.4887200928e+02 7.4907098389e+02 7.4927502441e+02 7.4948400879e+02 7.4968499756e+02 7.4987799072e+02 7.5009899902e+02 7.5030999756e+02 7.5050701904e+02 7.5070397949e+02 7.5086199951e+02 7.5100299072e+02 7.5115399170e+02 7.5131500244e+02 7.5150500488e+02 7.5171899414e+02 7.5194299316e+02 7.5217700195e+02 7.5240399170e+02 7.5265698242e+02 7.5288201904e+02 7.5304199219e+02 7.5324102783e+02 7.5344000244e+02 7.5358099365e+02 7.5376501465e+02 7.5397399902e+02 7.5416400146e+02 7.5432098389e+02 7.5450299072e+02 7.5471899414e+02 7.5495001221e+02 7.5519097900e+02 7.5542797852e+02
7.4649700928e+02 7.4663800049e+02 7.4680798340e+02 7.4699798584e+02 7.4720001221e+02 7.4735302734e+02 7.4751501465e+02 7.4774298096e+02 7.4798602295e+02 7.4815997314e+02 7.4829699707e+02 7.4842797852e+02 7.4861199951e+02 7.4879998779e+02 7.4902801514e+02 7.4926098633e+02 7.4945501709e+02 7.4964501953e+02 7.4989099121e+02 7.5011901855e+02 7.5028497314e+02 7.5045800781e+02 7.5062298584e+02 7.5076800537e+02 7.5091900635e+02 7.5108599854e+02 7.5128302002e+02 7.5149401855e+02 7.5169000244e+02 7.5189099121e+02 7.5208398438e+02 7.5235601807e+02 7.5264697266e+02 7.5281500244e+02 7.5299298096e+02 7.5317199707e+02 7.5331597900e+02 7.5347998047e+02 7.5368499756e+02 7.5387701416e+02 7.5402899170e+02 7.5420397949e+02 7.5442498779e+02 7.5466998291e+02 7.5492999268e+02 7.5515899658e+02
7.4623101807e+02 7.4639001465e+02 7.4656097412e+02 7.4673602295e+02 7.4690002441e+02 7.4709698486e+02 7.4724902344e+02 7.4743701172e+02 7.4769000244e+02 7.4780401611e+02 7.4795599365e+02 7.4814697266e+02 7.4833197021e+02 7.4850598145e+02 7.4873999023e+02 7.4900000000e+02 7.4921997070e+02 7.4944500732e+02 7.4973400879e+02 7.4998602295e+02 7.5013702393e+02 7.5022698975e+02 7.5034997559e+02 7.5049102783e+02 7.5064202881e+02 7.5080999756e+02 7.5099401855e+02 7.5120001221e+02 7.5141101074e+02 7.5158599854e+02 7.5176098633e+02 7.5201397705e+02 7.5228900146e+02 7.5250701904e+02 7.5268597412e+02 7.5286401367e+02 7.5303198242e+02 7.5317797852e+02 7.5336700439e+02 7.5355297852e+02 7.5369097900e+02 7.5386798096e+02 7.5409301758e+02 7.5436297607e+02 7.5467498779e+02 7.5487799072e+02
7.4595202637e+02 7.4613500977e+02 7.4630999756e+02 7.4646099854e+02 7.4659100342e+02 7.4680700684e+02 7.4698297119e+02 7.4712799072e+02 7.4733001709e+02 7.4750598145e+02 7.4770001221e+02 7.4790802002e+02 7.4807299805e+02 7.4824597168e+02 7.4846301270e+02 7.4871002197e+02 7.4894097900e+02 7.4921301270e+02 7.4951702881e+02 7.4978698730e+02 7.4996099854e+02 7.5002099609e+02 7.5009399414e+02 7.5020800781e+02 7.5035699463e+02 7.5053497314e+02 7.5072802734e+02 7.5093402100e+02 7.5115197754e+02 7.5132501221e+02 7.5148797607e+02 7.5170098877e+02 7.5194598389e+02 7.5217401123e+02 7.5238500977e+02 7.5258398438e+02 7.5277301025e+02 7.5292102051e+02 7.5309899902e+02 7.5328002930e+02 7.5341601563e+02 7.5355999756e+02 7.5376599121e+02 7.5403002930e+02 7.5432800293e+02 7.5453100586e+02
7.4565997314e+02 7.4584997559e+02 7.4602600098e+02 7.4616998291e+02 7.4626599121e+02 7.4645397949e+02 7.4665899658e+02 7.4680999756e+02 7.4697698975e+02 7.4719897461e+02 7.4742700195e+02 7.4764398193e+02 7.4783697510e+02 7.4803601074e+02 7.4823797607e+02 7.4845898438e+02 7.4868298340e+02 7.4895898438e+02 7.4926898193e+02 7.4954302979e+02 7.4973400879e+02 7.4979302979e+02 7.4984802246e+02 7.4995697021e+02 7.5011401367e+02 7.5029699707e+02 7.5048498535e+02 7.5069000244e+02 7.5094201660e+02 7.5113500977e+02 7.5124102783e+02 7.5140698242e+02 7.5165100098e+02 7.5189599609e+02 7.5211602783e+02 7.5231097412e+02 7.5250299072e+02 7.5266699219e+02 7.5283599854e+02 7.5300897217e+02 7.5315100098e+02 7.5328497314e+02 7.5347698975e+02 7.5372100830e+02 7.5399401855e+02 7.5421398926e+02
7.4536297607e+02 7.4554498291e+02 7.4571801758e+02 7.4586999512e+02 7.4598297119e+02 7.4615399170e+02 7.4637402344e+02 7.4655798340e+02 7.4673199463e+02 7.4693701172e+02 7.4717297363e+02 7.4742102051e+02 7.4762902832e+02 7.4782098389e+02 7.4801202393e+02 7.4821600342e+02 7.4842999268e+02 7.4868902588e+02 7.4897998047e+02 7.4924102783e+02 7.4943798828e+02 7.4951898193e+02 7.4958898926e+02 7.4971600342e+02 7.4988299561e+02 7.5005499268e+02 7.5021301270e+02 7.5038800049e+02 7.5064001465e+02 7.5085998535e+02 7.5097302246e+02 7.5113897705e+02 7.5138897705e+02 7.5164202881e+02 7.5186700439e+02 7.5205297852e+02 7.5223101807e+02 7.5240301514e+02 7.5256500244e+02 7.5272998047e+02 7.5288897705e+02 7.5304199219e+02 7.5322998047e+02 7.5345800781e+02 7.5371600342e+02 7.5395599365e+02
7.4509600830e+02 7.4522198486e+02 7.4538098145e+02 7.4557202148e+02 7.4579498291e+02 7.4595098877e+02 7.4614501953e+02 7.4634600830e+02 7.4656896973e+02 7.4673498535e+02 7.4695599365e+02 7.4721600342e+02 7.4743701172e+02 7.4758300781e+02 7.4777099609e+02 7.4797302246e+02 7.4817297363e+02 7.4840197754e+02 7.4864697266e+02 7.4887200928e+02 7.4902099609e+02 7.4918200684e+02 7.4930297852e+02 7.4945001221e+02 7.4962402344e+02 7.4978302002e+02 7.4992901611e+02 7.5007897949e+02 7.5027502441e+02 7.5050799561e+02 7.5070300293e+02 7.5091802979e+02 7.5114697266e+02 7.5138299561e+02 7.5162298584e+02 7.5182800293e+02 7.5199700928e+02 7.5215100098e+02 7.5230902100e+02 7.5246899414e+02 7.5264801025e+02 7.5283502197e+02 7.5303601074e+02 7.5325701904e+02 7.5350097656e+02 7.5373101807e+02
7.4482299805e+02 7.4495202637e+02 7.4512097168e+02 7.4534600830e+02 7.4559802246e+02 7.4574200439e+02 7.4586700439e+02 7.4603198242e+02 7.4625897217e+02 7.4644702148e+02 7.4668597412e+02 7.4694500732e+02 7.4715399170e+02 7.4733801270e+02 7.4756298828e+02 7.4777197266e+02 7.4792797852e+02 7.4811297607e+02 7.4831097412e+02 7.4850598145e+02 7.4869000244e+02 7.4885998535e+02 7.4901800537e+02 7.4918597412e+02 7.4938000488e+02 7.4954901123e+02 7.4971697998e+02 7.4988500977e+02 7.5005603027e+02 7.5024401855e+02 7.5045898438e+02 7.5069897461e+02 7.5092797852e+02 7.5114898682e+02 7.5139599609e+02 7.5162402344e+02 7.5179302979e+02 7.5193701172e+02 7.5208502197e+02 7.5224200439e+02 7.5241802979e+02 7.5261102295e+02 7.5281597900e+02 7.5304699707e+02 7.5330200195e+02 7.5352502441e+02
7.4451098633e+02 7.4467199707e+02 7.4486297607e+02 7.4509197998e+02 7.4533898926e+02 7.4550402832e+02 7.4564001465e+02 7.4580798340e+02 7.4601098633e+02 7.4618798828e+02 7.4640600586e+02 7.4666400146e+02 7.4688800049e+02 7.4708300781e+02 7.4730798340e+02 7.4752001953e+02 7.4767498779e+02 7.4784301758e+02 7.4802398682e+02 7.4821398926e+02 7.4841900635e+02 7.4862402344e+02 7.4879901123e+02 7.4896600342e+02 7.4914202881e+02 7.4932397461e+02 7.4951898193e+02 7.4970501709e+02 7.4986401367e+02 7.5002001953e+02 7.5022601318e+02 7.5046997070e+02 7.5069500732e+02 7.5090399170e+02 7.5115399170e+02 7.5139501953e+02 7.5158300781e+02 7.5173400879e+02 7.5187799072e+02 7.5202301025e+02 7.5218597412e+02 7.5235797119e+02 7.5255102539e+02 7.5278997803e+02 7.5308898926e+02 7.5331402588e+02
7.4419598389e+02 7.4439001465e+02 7.4459497070e+02 7.4481500244e+02 7.4503002930e+02 7.4521301270e+02 7.4538598633e+02 7.4558502197e+02 7.4578802490e+02 7.4597698975e+02 7.4617797852e+02 7.4644299316e+02 7.4668298340e+02 7.4684600830e+02 7.4703802490e+02 7.4724401855e+02 7.4741998291e+02 7.4758801270e+02 7.4776800537e+02 7.4796600342e+02 7.4819201660e+02 7.4842401123e+02 7.4860601807e+02 7.4875897217e+02 7.4890899658e+02 7.4909899902e+02 7.4931201172e+02 7.4951202393e+02 7.4966198730e+02 7.4978601074e+02 7.4997998047e+02 7.5022100830e+02 7.5044702148e+02 7.5065197754e+02 7.5090197754e+02 7.5115197754e+02 7.5136499023e+02 7.5153698730e+02 7.5168298340e+02 7.5181500244e+02 7.5195501709e+02 7.5211297607e+02 7.5229998779e+02 7.5254199219e+02 7.5286499023e+02 7.5308801270e+02
