TESTSERVER/22/5.asc
NCOLS 100
NROWS 100
XLLCORNER 8.5997500000e+03
YLLCORNER 2.8970025000e+05
CELLSIZE 5.0000000000e-01
NODATA_VALUE -9.9990000000e+03
[rows 60 to 79 of 100, columns 46 to 91 of 100]
7.2776098633e+02 7.2793499756e+02 7.2815100098e+02 7.2836700439e+02 7.2855999756e+02 7.2871997070e+02 7.2887701416e+02 7.2900201416e+02 7.2907897949e+02 7.2915802002e+02 7.2930603027e+02 7.2953802490e+02 7.2976300049e+02 7.2995697021e+02 7.3012500000e+02 7.3030902100e+02 7.3046600342e+02 7.3062097168e+02 7.3078198242e+02 7.3092797852e+02 7.3103100586e+02 7.3108099365e+02 7.3108697510e+02 7.3119201660e+02 7.3130499268e+02 7.3145697021e+02 7.3163897705e+02 7.3180902100e+02 7.3200097656e+02 7.3221398926e+02 7.3245599365e+02 7.3265002441e+02 7.3281799316e+02 7.3296398926e+02 7.3309600830e+02 7.3319299316e+02 7.3328399658e+02 7.3338201904e+02 7.3350201416e+02 7.3363299561e+02 7.3376599121e+02 7.3390600586e+02 7.3405102539e+02 7.3422100830e+02 7.3438098145e+02 7.3453497314e+02
7.2756701660e+02 7.2773699951e+02 7.2794799805e+02 7.2817102051e+02 7.2836102295e+02 7.2850299072e+02 7.2862402344e+02 7.2874597168e+02 7.2885601807e+02 7.2893701172e+02 7.2903997803e+02 7.2923699951e+02 7.2951000977e+02 7.2974102783e+02 7.2986700439e+02 7.3003497314e+02 7.3021600342e+02 7.3038500977e+02 7.3052899170e+02 7.3064001465e+02 7.3072399902e+02 7.3078497314e+02 7.3085998535e+02 7.3098101807e+02 7.3111602783e+02 7.3127001953e+02 7.3142199707e+02 7.3155700684e+02 7.3173101807e+02 7.3193701172e+02 7.3217297363e+02 7.3237500000e+02 7.3253698730e+02 7.3267700195e+02 7.3282000732e+02 7.3293701172e+02 7.3305297852e+02 7.3317602539e+02 7.3330999756e+02 7.3345300293e+02 7.3359197998e+02 7.3373699951e+02 7.3389202881e+02 7.3406500244e+02 7.3423199463e+02 7.3438397217e+02
7.2735198975e+02 7.2752001953e+02 7.2771697998e+02 7.2792700195e+02 7.2811297607e+02 7.2825097656e+02 7.2834899902e+02 7.2846697998e+02 7.2861602783e+02 7.2873498535e+02 7.2882098389e+02 7.2896002197e+02 7.2922399902e+02 7.2946301270e+02 7.2958697510e+02 7.2975897217e+02 7.2994799805e+02 7.3011999512e+02 7.3025402832e+02 7.3035699463e+02 7.3045098877e+02 7.3053802490e+02 7.3064697266e+02 7.3078302002e+02 7.3092498779e+02 7.3107598877e+02 7.3121502686e+02 7.3133697510e+02 7.3148797607e+02 7.3166998291e+02 7.3188897705e+02 7.3208300781e+02 7.3223901367e+02 7.3238500977e+02 7.3254901123e+02 7.3269097900e+02 7.3283197021e+02 7.3297497559e+02 7.3312298584e+02 7.3327301025e+02 7.3341998291e+02 7.3356799316e+02 7.3373297119e+02 7.3391101074e+02 7.3407501221e+02 7.3422302246e+02
7.2712500000e+02 7.2729302979e+02 7.2747698975e+02 7.2766802979e+02 7.2784899902e+02 7.2799200439e+02 7.2809002686e+02 7.2821197510e+02 7.2837097168e+02 7.2851702881e+02 7.2863000488e+02 7.2874298096e+02 7.2896197510e+02 7.2918298340e+02 7.2932397461e+02 7.2950500488e+02 7.2969598389e+02 7.2986499023e+02 7.2999401855e+02 7.3011297607e+02 7.3022399902e+02 7.3033099365e+02 7.3044799805e+02 7.3059100342e+02 7.3073999023e+02 7.3088598633e+02 7.3102001953e+02 7.3113397217e+02 7.3126300049e+02 7.3141900635e+02 7.3161401367e+02 7.3179602051e+02 7.3194799805e+02 7.3210400391e+02 7.3228997803e+02 7.3245599365e+02 7.3261798096e+02 7.3277899170e+02 7.3293798828e+02 7.3309301758e+02 7.3324597168e+02 7.3339898682e+02 7.3356896973e+02 7.3374499512e+02 7.3390502930e+02 7.3405102539e+02
7.2692602539e+02 7.2709002686e+02 7.2726098633e+02 7.2742797852e+02 7.2759899902e+02 7.2775000000e+02 7.2787402344e+02 7.2800701904e+02 7.2815502930e+02 7.2830200195e+02 7.2845800781e+02 7.2853997803e+02 7.2869702148e+02 7.2890802002e+02 7.2909600830e+02 7.2927600098e+02 7.2946398926e+02 7.2962500000e+02 7.2975897217e+02 7.2990502930e+02 7.3003002930e+02 7.3014300537e+02 7.3025701904e+02 7.3040600586e+02 7.3055798340e+02 7.3070501709e+02 7.3084399414e+02 7.3093798828e+02 7.3104199219e+02 7.3117602539e+02 7.3135498047e+02 7.3152197266e+02 7.3167797852e+02 7.3184600830e+02 7.3204901123e+02 7.3224102783e+02 7.3241802979e+02 7.3258801270e+02 7.3275097656e+02 7.3290802002e+02 7.3306701660e+02 7.3322302246e+02 7.3338702393e+02 7.3355999756e+02 7.3371502686e+02 7.3385998535e+02
7.2677899170e+02 7.2691400146e+02 7.2705902100e+02 7.2719598389e+02 7.2734899902e+02 7.2751098633e+02 7.2765399170e+02 7.2780200195e+02 7.2795001221e+02 7.2808300781e+02 7.2822900391e+02 7.2831201172e+02 7.2843499756e+02 7.2864898682e+02 7.2885101318e+02 7.2903601074e+02 7.2921899414e+02 7.2937701416e+02 7.2952697754e+02 7.2967797852e+02 7.2981097412e+02 7.2993902588e+02 7.3007598877e+02 7.3022399902e+02 7.3037097168e+02 7.3051501465e+02 7.3064501953e+02 7.3073699951e+02 7.3083197021e+02 7.3095202637e+02 7.3112597656e+02 7.3129199219e+02 7.3144500732e+02 7.3161199951e+02 7.3181701660e+02 7.3203100586e+02 7.3221398926e+02 7.3238800049e+02 7.3255700684e+02 7.3272302246e+02 7.3288397217e+02 7.3303900146e+02 7.3319799805e+02 7.3336199951e+02 7.3351098633e+02 7.3365502930e+02
7.2669201660e+02 7.2680200195e+02 7.2691601563e+02 7.2700897217e+02 7.2713500977e+02 7.2729602051e+02 7.2744897461e+02 7.2759698486e+02 7.2772601318e+02 7.2783099365e+02 7.2796697998e+02 7.2807800293e+02 7.2820397949e+02 7.2840502930e+02 7.2860198975e+02 7.2878900146e+02 7.2897399902e+02 7.2913800049e+02 7.2929797363e+02 7.2945098877e+02 7.2959899902e+02 7.2975097656e+02 7.2991101074e+02 7.3006097412e+02 7.3020697021e+02 7.3034698486e+02 7.3047698975e+02 7.3058300781e+02 7.3067498779e+02 7.3078100586e+02 7.3093402100e+02 7.3109600830e+02 7.3124597168e+02 7.3140698242e+02 7.3160797119e+02 7.3182397461e+02 7.3200897217e+02 7.3218597412e+02 7.3236401367e+02 7.3253698730e+02 7.3269702148e+02 7.3284899902e+02 7.3300299072e+02 7.3315802002e+02 7.3330200195e+02 7.3344299316e+02
7.2662701416e+02 7.2673602295e+02 7.2683599854e+02 7.2689599609e+02 7.2699401855e+02 7.2713598633e+02 7.2728002930e+02 7.2742297363e+02 7.2754699707e+02 7.2765197754e+02 7.2778100586e+02 7.2789501953e+02 7.2801599121e+02 7.2819201660e+02 7.2836798096e+02 7.2855200195e+02 7.2874102783e+02 7.2891497803e+02 7.2907501221e+02 7.2923400879e+02 7.2940301514e+02 7.2957897949e+02 7.2975598145e+02 7.2991998291e+02 7.3007800293e+02 7.3022100830e+02 7.3035198975e+02 7.3046502686e+02 7.3055200195e+02 7.3064599609e+02 7.3078002930e+02 7.3094097900e+02 7.3108801270e+02 7.3124102783e+02 7.3142797852e+02 7.3163500977e+02 7.3181799316e+02 7.3199298096e+02 7.3217602539e+02 7.3235302734e+02 7.3250897217e+02 7.3265698242e+02 7.3280297852e+02 7.3294702148e+02 7.3308599854e+02 7.3322198486e+02
7.2653497314e+02 7.2666699219e+02 7.2679602051e+02 7.2684802246e+02 7.2693103027e+02 7.2703698730e+02 7.2714599609e+02 7.2725598145e+02 7.2738397217e+02 7.2752099609e+02 7.2764801025e+02 7.2775701904e+02 7.2786297607e+02 7.2800299072e+02 7.2816699219e+02 7.2834197998e+02 7.2852398682e+02 7.2869598389e+02 7.2885601807e+02 7.2903100586e+02 7.2921801758e+02 7.2940698242e+02 7.2959100342e+02 7.2978497314e+02 7.2996398926e+02 7.3012097168e+02 7.3025701904e+02 7.3036901855e+02 7.3045098877e+02 7.3053302002e+02 7.3065802002e+02 7.3081701660e+02 7.3096002197e+02 7.3110699463e+02 7.3127301025e+02 7.3146502686e+02 7.3164099121e+02 7.3181402588e+02 7.3199700928e+02 7.3217999268e+02 7.3234002686e+02 7.3247900391e+02 7.3259899902e+02 7.3272802734e+02 7.3286102295e+02 7.3299200439e+02
7.2638000488e+02 7.2652001953e+02 7.2665502930e+02 7.2676098633e+02 7.2687597656e+02 7.2698297119e+02 7.2706597900e+02 7.2713702393e+02 7.2723498535e+02 7.2735198975e+02 7.2747399902e+02 7.2760400391e+02 7.2771801758e+02 7.2785198975e+02 7.2802301025e+02 7.2821801758e+02 7.2836901855e+02 7.2850097656e+02 7.2865502930e+02 7.2884698486e+02 7.2903900146e+02 7.2921801758e+02 7.2939599609e+02 7.2959802246e+02 7.2980603027e+02 7.2999700928e+02 7.3013702393e+02 7.3022100830e+02 7.3029797363e+02 7.3040197754e+02 7.3055700684e+02 7.3071002197e+02 7.3084002686e+02 7.3097802734e+02 7.3113598633e+02 7.3130401611e+02 7.3146600342e+02 7.3163299561e+02 7.3182098389e+02 7.3201800537e+02 7.3218103027e+02 7.3230200195e+02 7.3239099121e+02 7.3250799561e+02 7.3263500977e+02 7.3275701904e+02
7.2619097900e+02 7.2633898926e+02 7.2647100830e+02 7.2660797119e+02 7.2676599121e+02 7.2690997314e+02 7.2702099609e+02 7.2709497070e+02 7.2716497803e+02 7.2723602295e+02 7.2731597900e+02 7.2744500732e+02 7.2755297852e+02 7.2767297363e+02 7.2783197021e+02 7.2803002930e+02 7.2817401123e+02 7.2830200195e+02 7.2846697998e+02 7.2867999268e+02 7.2887902832e+02 7.2905297852e+02 7.2921301270e+02 7.2940100098e+02 7.2961700439e+02 7.2983398438e+02 7.2998199463e+02 7.3003399658e+02 7.3010400391e+02 7.3022900391e+02 7.3041400146e+02 7.3057800293e+02 7.3070697021e+02 7.3083697510e+02 7.3099401855e+02 7.3115399170e+02 7.3130401611e+02 7.3146099854e+02 7.3164398193e+02 7.3183599854e+02 7.3198901367e+02 7.3209899902e+02 7.3217797852e+02 7.3228900146e+02 7.3240997314e+02 7.3252697754e+02
7.2598498535e+02 7.2613897705e+02 7.2628601074e+02 7.2644299316e+02 7.2661700439e+02 7.2677099609e+02 7.2690899658e+02 7.2701898193e+02 7.2709698486e+02 7.2714697266e+02 7.2718402100e+02 7.2728302002e+02 7.2736798096e+02 7.2745599365e+02 7.2756500244e+02 7.2773297119e+02 7.2789898682e+02 7.2806402588e+02 7.2825500488e+02 7.2848999023e+02 7.2870098877e+02 7.2888201904e+02 7.2903100586e+02 7.2917797852e+02 7.2936999512e+02 7.2958599854e+02 7.2975000000e+02 7.2980499268e+02 7.2988201904e+02 7.3002001953e+02 7.3022198486e+02 7.3042102051e+02 7.3057098389e+02 7.3070098877e+02 7.3085302734e+02 7.3101000977e+02 7.3115399170e+02 7.3130297852e+02 7.3147399902e+02 7.3164300537e+02 7.3178002930e+02 7.3188598633e+02 7.3196697998e+02 7.3207098389e+02 7.3218798828e+02 7.3230297852e+02
7.2577801514e+02 7.2593798828e+02 7.2611401367e+02 7.2631201172e+02 7.2646600342e+02 7.2656799316e+02 7.2664697266e+02 7.2680603027e+02 7.2693499756e+02 7.2703497314e+02 7.2711102295e+02 7.2714202881e+02 7.2718701172e+02 7.2723400879e+02 7.2729101563e+02 7.2743200684e+02 7.2759497070e+02 7.2776501465e+02 7.2795898438e+02 7.2819598389e+02 7.2841302490e+02 7.2862402344e+02 7.2882501221e+02 7.2894500732e+02 7.2909802246e+02 7.2928302002e+02 7.2944500732e+02 7.2955102539e+02 7.2965502930e+02 7.2979901123e+02 7.2998498535e+02 7.3024902344e+02 7.3044799805e+02 7.3059100342e+02 7.3072302246e+02 7.3087298584e+02 7.3101501465e+02 7.3116198730e+02 7.3132501221e+02 7.3145001221e+02 7.3156597900e+02 7.3167401123e+02 7.3177600098e+02 7.3185699463e+02 7.3195800781e+02 7.3206799316e+02
7.2557702637e+02 7.2573999023e+02 7.2590802002e+02 7.2610400391e+02 7.2625000000e+02 7.2633599854e+02 7.2638800049e+02 7.2653100586e+02 7.2669299316e+02 7.2684301758e+02 7.2696697998e+02 7.2701898193e+02 7.2704498291e+02 7.2707397461e+02 7.2712500000e+02 7.2721600342e+02 7.2732397461e+02 7.2745697021e+02 7.2762902832e+02 7.2783398438e+02 7.2806500244e+02 7.2832702637e+02 7.2857897949e+02 7.2873901367e+02 7.2889801025e+02 7.2905700684e+02 7.2919799805e+02 7.2931597900e+02 7.2945098877e+02 7.2961297607e+02 7.2981701660e+02 7.3009301758e+02 7.3032598877e+02 7.3048297119e+02 7.3059802246e+02 7.3073901367e+02 7.3087097168e+02 7.3100799561e+02 7.3115301514e+02 7.3125701904e+02 7.3134600830e+02 7.3145501709e+02 7.3157598877e+02 7.3166497803e+02 7.3175701904e+02 7.3186297607e+02
7.2537402344e+02 7.2553002930e+02 7.2565997314e+02 7.2581201172e+02 7.2594201660e+02 7.2603601074e+02 7.2610797119e+02 7.2623999023e+02 7.2640502930e+02 7.2657299805e+02 7.2671600342e+02 7.2681298828e+02 7.2688500977e+02 7.2694097900e+02 7.2699700928e+02 7.2705700684e+02 7.2712799072e+02 7.2723199463e+02 7.2737701416e+02 7.2755499268e+02 7.2778302002e+02 7.2805700684e+02 7.2832800293e+02 7.2852502441e+02 7.2870599365e+02 7.2886499023e+02 7.2899298096e+02 7.2912701416e+02 7.2928900146e+02 7.2946697998e+02 7.2967199707e+02 7.2994702148e+02 7.3018298340e+02 7.3034301758e+02 7.3044702148e+02 7.3058300781e+02 7.3070898438e+02 7.3084002686e+02 7.3097601318e+02 7.3106298828e+02 7.3113098145e+02 7.3123901367e+02 7.3138702393e+02 7.3150500488e+02 7.3160998535e+02 7.3171600342e+02
7.2518499756e+02 7.2533300781e+02 7.2542297363e+02 7.2552301025e+02 7.2562597656e+02 7.2572497559e+02 7.2583099365e+02 7.2595501709e+02 7.2610797119e+02 7.2627600098e+02 7.2641900635e+02 7.2656097412e+02 7.2670898438e+02 7.2682202148e+02 7.2690399170e+02 7.2696502686e+02 7.2701898193e+02 7.2709600830e+02 7.2721197510e+02 7.2736901855e+02 7.2755999756e+02 7.2779400635e+02 7.2805603027e+02 7.2828698730e+02 7.2848999023e+02 7.2866601563e+02 7.2881402588e+02 7.2897399902e+02 7.2915301514e+02 7.2933197021e+02 7.2951800537e+02 7.2976898193e+02 7.2999298096e+02 7.3015502930e+02 7.3026202393e+02 7.3040002441e+02 7.3052398682e+02 7.3065002441e+02 7.3078698730e+02 7.3087402344e+02 7.3093402100e+02 7.3104101563e+02 7.3120898438e+02 7.3136401367e+02 7.3148498535e+02 7.3159100342e+02
7.2501800537e+02 7.2516998291e+02 7.2525897217e+02 7.2531597900e+02 7.2538397217e+02 7.2546997070e+02 7.2558898926e+02 7.2571301270e+02 7.2585998535e+02 7.2602301025e+02 7.2618499756e+02 7.2637799072e+02 7.2656298828e+02 7.2671899414e+02 7.2683898926e+02 7.2692297363e+02 7.2696697998e+02 7.2701397705e+02 7.2710400391e+02 7.2724902344e+02 7.2739202881e+02 7.2756298828e+02 7.2779400635e+02 7.2801800537e+02 7.2823400879e+02 7.2844299316e+02 7.2864001465e+02 7.2882702637e+02 7.2901300049e+02 7.2917297363e+02 7.2929602051e+02 7.2951898193e+02 7.2974200439e+02 7.2992901611e+02 7.3005200195e+02 7.3020501709e+02 7.3032397461e+02 7.3043798828e+02 7.3057800293e+02 7.3068597412e+02 7.3075500488e+02 7.3085998535e+02 7.3104498291e+02 7.3123699951e+02 7.3137200928e+02 7.3147302246e+02
7.2485498047e+02 7.2503002930e+02 7.2511401367e+02 7.2514898682e+02 7.2518402100e+02 7.2525500488e+02 7.2537597656e+02 7.2550799561e+02 7.2566198730e+02 7.2584100342e+02 7.2605603027e+02 7.2625299072e+02 7.2642102051e+02 7.2660797119e+02 7.2676000977e+02 7.2686798096e+02 7.2692199707e+02 7.2696801758e+02 7.2706896973e+02 7.2718902588e+02 7.2730102539e+02 7.2744000244e+02 7.2761499023e+02 7.2778802490e+02 7.2798797607e+02 7.2821197510e+02 7.2843298340e+02 7.2863598633e+02 7.2882397461e+02 7.2897998047e+02 7.2910998535e+02 7.2929101563e+02 7.2950897217e+02 7.2971301270e+02 7.2986199951e+02 7.3001300049e+02 7.3010601807e+02 7.3019097900e+02 7.3034100342e+02 7.3046502686e+02 7.3054998779e+02 7.3067797852e+02 7.3087701416e+02 7.3108001709e+02 7.3122302246e+02 7.3132098389e+02
7.2464099121e+02 7.2484399414e+02 7.2495098877e+02 7.2499700928e+02 7.2503497314e+02 7.2510101318e+02 7.2522900391e+02 7.2536999512e+02 7.2551898193e+02 7.2569000244e+02 7.2590600586e+02 7.2610601807e+02 7.2630700684e+02 7.2654199219e+02 7.2672900391e+02 7.2685498047e+02 7.2692102051e+02 7.2696697998e+02 7.2705999756e+02 7.2717401123e+02 7.2726702881e+02 7.2736602783e+02 7.2748797607e+02 7.2761499023e+02 7.2777197266e+02 7.2796502686e+02 7.2816699219e+02 7.2836401367e+02 7.2856201172e+02 7.2874902344e+02 7.2893499756e+02 7.2912097168e+02 7.2931896973e+02 7.2952600098e+02 7.2970501709e+02 7.2985601807e+02 7.2992797852e+02 7.2997399902e+02 7.3009600830e+02 7.3021301270e+02 7.3030603027e+02 7.3045001221e+02 7.3065399170e+02 7.3085498047e+02 7.3100701904e+02 7.3111602783e+02
7.2440100098e+02 7.2463201904e+02 7.2478002930e+02 7.2487597656e+02 7.2494897461e+02 7.2502502441e+02 7.2514099121e+02 7.2528100586e+02 7.2543597412e+02 7.2560601807e+02 7.2580102539e+02 7.2599597168e+02 7.2622302246e+02 7.2648602295e+02 7.2668597412e+02 7.2682397461e+02 7.2690698242e+02 7.2695697021e+02 7.2703601074e+02 7.2715997314e+02 7.2725799561e+02 7.2733502197e+02 7.2741400146e+02 7.2750500488e+02 7.2760998535e+02 7.2775000000e+02 7.2791802979e+02 7.2810601807e+02 7.2829699707e+02 7.2850299072e+02 7.2874700928e+02 7.2894702148e+02 7.2911999512e+02 7.2932598877e+02 7.2956799316e+02 7.2975500488e+02 7.2980297852e+02 7.2978802490e+02 7.2985699463e+02 7.2996398926e+02 7.3005102539e+02 7.3018298340e+02 7.3038000488e+02 7.3058599854e+02 7.3074798584e+02 7.3087200928e+02
