TESTSERVER/22/5.asc
NCOLS 100
NROWS 100
XLLCORNER 8.5997500000e+03
YLLCORNER 2.8970025000e+05
CELLSIZE 5.0000000000e-01
NODATA_VALUE -9.9990000000e+03
[rows 0 to 19 of 100, columns 0 to 45 of 100]
7.3318499756e+02 7.3330999756e+02 7.3345397949e+02 7.3361499023e+02 7.3373297119e+02 7.3387097168e+02 7.3403497314e+02 7.3422302246e+02 7.3443499756e+02 7.3467498779e+02 7.3490399170e+02 7.3513702393e+02 7.3537597656e+02 7.3562402344e+02 7.3583599854e+02 7.3602398682e+02 7.3617602539e+02 7.3634399414e+02 7.3647601318e+02 7.3659497070e+02 7.3670697021e+02 7.3679302979e+02 7.3686901855e+02 7.3696099854e+02 7.3708599854e+02 7.3724298096e+02 7.3742199707e+02 7.3759899902e+02 7.3777502441e+02 7.3802801514e+02 7.3824200439e+02 7.3844897461e+02 7.3867401123e+02 7.3896099854e+02 7.3919500732e+02 7.3936700439e+02 7.3950799561e+02 7.3973699951e+02 7.3997698975e+02 7.4019500732e+02 7.4036297607e+02 7.4057897949e+02 7.4071801758e+02 7.4083599854e+02 7.4101000977e+02 7.4119299316e+02
7.3302001953e+02 7.3315502930e+02 7.3326599121e+02 7.3337500000e+02 7.3351898193e+02 7.3367297363e+02 7.3383898926e+02 7.3402697754e+02 7.3423498535e+02 7.3444598389e+02 7.3466900635e+02 7.3489898682e+02 7.3512799072e+02 7.3533898926e+02 7.3553198242e+02 7.3570697021e+02 7.3586999512e+02 7.3602099609e+02 7.3616497803e+02 7.3630401611e+02 7.3644799805e+02 7.3655999756e+02 7.3664697266e+02 7.3674798584e+02 7.3688598633e+02 7.3703100586e+02 7.3720501709e+02 7.3737799072e+02 7.3754199219e+02 7.3778198242e+02 7.3800799561e+02 7.3821801758e+02 7.3843298340e+02 7.3867999268e+02 7.3890399170e+02 7.3908001709e+02 7.3922802734e+02 7.3940802002e+02 7.3959100342e+02 7.3978497314e+02 7.4000299072e+02 7.4025299072e+02 7.4044097900e+02 7.4059600830e+02 7.4077398682e+02 7.4095098877e+02
7.3289300537e+02 7.3305798340e+02 7.3316802979e+02 7.3325598145e+02 7.3338702393e+02 7.3353997803e+02 7.3369396973e+02 7.3386901855e+02 7.3405700684e+02 7.3424700928e+02 7.3445397949e+02 7.3466699219e+02 7.3488397217e+02 7.3507897949e+02 7.3525598145e+02 7.3541699219e+02 7.3556500244e+02 7.3570800781e+02 7.3585498047e+02 7.3600701904e+02 7.3615899658e+02 7.3629199219e+02 7.3640802002e+02 7.3653302002e+02 7.3669000244e+02 7.3681597900e+02 7.3697802734e+02 7.3715899658e+02 7.3734600830e+02 7.3757800293e+02 7.3778900146e+02 7.3798901367e+02 7.3819598389e+02 7.3841198730e+02 7.3861798096e+02 7.3879797363e+02 7.3895599365e+02 7.3910900879e+02 7.3927099609e+02 7.3946697998e+02 7.3969799805e+02 7.3995599365e+02 7.4017999268e+02 7.4036199951e+02 7.4053100586e+02 7.4069598389e+02
7.3281298828e+02 7.3299700928e+02 7.3313897705e+02 7.3323999023e+02 7.3333398438e+02 7.3344897461e+02 7.3358398438e+02 7.3373699951e+02 7.3389697266e+02 7.3406500244e+02 7.3425402832e+02 7.3445001221e+02 7.3464801025e+02 7.3482702637e+02 7.3498797607e+02 7.3513702393e+02 7.3527398682e+02 7.3540698242e+02 7.3555700684e+02 7.3571899414e+02 7.3587298584e+02 7.3602697754e+02 7.3617401123e+02 7.3632501221e+02 7.3649700928e+02 7.3663397217e+02 7.3680102539e+02 7.3699102783e+02 7.3717901611e+02 7.3737902832e+02 7.3756298828e+02 7.3775000000e+02 7.3795800781e+02 7.3815100098e+02 7.3834197998e+02 7.3852301025e+02 7.3868597412e+02 7.3882702637e+02 7.3898101807e+02 7.3918200684e+02 7.3942498779e+02 7.3969201660e+02 7.3992700195e+02 7.4011297607e+02 7.4027697754e+02 7.4044000244e+02
7.3270202637e+02 7.3292102051e+02 7.3309997559e+02 7.3322900391e+02 7.3328601074e+02 7.3336401367e+02 7.3347698975e+02 7.3360601807e+02 7.3376702881e+02 7.3391900635e+02 7.3408502197e+02 7.3424798584e+02 7.3440399170e+02 7.3458398438e+02 7.3473797607e+02 7.3488702393e+02 7.3503900146e+02 7.3514801025e+02 7.3528900146e+02 7.3544799805e+02 7.3563299561e+02 7.3581402588e+02 7.3597900391e+02 7.3614001465e+02 7.3630902100e+02 7.3648199463e+02 7.3666900635e+02 7.3685498047e+02 7.3701202393e+02 7.3716998291e+02 7.3733502197e+02 7.3751501465e+02 7.3770501709e+02 7.3789001465e+02 7.3808001709e+02 7.3826599121e+02 7.3842401123e+02 7.3856500244e+02 7.3871502686e+02 7.3890997314e+02 7.3916601563e+02 7.3943701172e+02 7.3967297363e+02 7.3986401367e+02 7.4003198242e+02 7.4018298340e+02
7.3255401611e+02 7.3279699707e+02 7.3298101807e+02 7.3310797119e+02 7.3314801025e+02 7.3320202637e+02 7.3331597900e+02 7.3344799805e+02 7.3361499023e+02 7.3379400635e+02 7.3395202637e+02 7.3409802246e+02 7.3422100830e+02 7.3435198975e+02 7.3449200439e+02 7.3464202881e+02 7.3480603027e+02 7.3493798828e+02 7.3506298828e+02 7.3521197510e+02 7.3541302490e+02 7.3562402344e+02 7.3580603027e+02 7.3598498535e+02 7.3618298340e+02 7.3638500977e+02 7.3656402588e+02 7.3671997070e+02 7.3684399414e+02 7.3697802734e+02 7.3711602783e+02 7.3726702881e+02 7.3743499756e+02 7.3762902832e+02 7.3784600830e+02 7.3805200195e+02 7.3822100830e+02 7.3835302734e+02 7.3850299072e+02 7.3869000244e+02 7.3893200684e+02 7.3918200684e+02 7.3942401123e+02 7.3963397217e+02 7.3979998779e+02 7.3994097900e+02
7.3240502930e+02 7.3263397217e+02 7.3280798340e+02 7.3292498779e+02 7.3296301270e+02 7.3302398682e+02 7.3314202881e+02 7.3327801514e+02 7.3344897461e+02 7.3363299561e+02 7.3379101563e+02 7.3393402100e+02 7.3403900146e+02 7.3413000488e+02 7.3425000000e+02 7.3439099121e+02 7.3457000732e+02 7.3472198486e+02 7.3485601807e+02 7.3501599121e+02 7.3522198486e+02 7.3544000244e+02 7.3563598633e+02 7.3582800293e+02 7.3604498291e+02 7.3626501465e+02 7.3643402100e+02 7.3656799316e+02 7.3668499756e+02 7.3681097412e+02 7.3692797852e+02 7.3705798340e+02 7.3721301270e+02 7.3741400146e+02 7.3763800049e+02 7.3784997559e+02 7.3802301025e+02 7.3817498779e+02 7.3833300781e+02 7.3851202393e+02 7.3872497559e+02 7.3895397949e+02 7.3919702148e+02 7.3941101074e+02 7.3956597900e+02 7.3968103027e+02
7.3222100830e+02 7.3242999268e+02 7.3258300781e+02 7.3268402100e+02 7.3273999023e+02 7.3282598877e+02 7.3294702148e+02 7.3308697510e+02 7.3326397705e+02 7.3345098877e+02 7.3360699463e+02 7.3374499512e+02 7.3384802246e+02 7.3391497803e+02 7.3401202393e+02 7.3414202881e+02 7.3432397461e+02 7.3449298096e+02 7.3464697266e+02 7.3482897949e+02 7.3504901123e+02 7.3526300049e+02 7.3545697021e+02 7.3565100098e+02 7.3586401367e+02 7.3607800293e+02 7.3625500488e+02 7.3640197754e+02 7.3653399658e+02 7.3666101074e+02 7.3677600098e+02 7.3690002441e+02 7.3705499268e+02 7.3725000000e+02 7.3745898438e+02 7.3765698242e+02 7.3782098389e+02 7.3798498535e+02 7.3815502930e+02 7.3833197021e+02 7.3851800537e+02 7.3872900391e+02 7.3896801758e+02 7.3918298340e+02 7.3933197021e+02 7.3941998291e+02
7.3202099609e+02 7.3219500732e+02 7.3231500244e+02 7.3240698242e+02 7.3248101807e+02 7.3260400391e+02 7.3273797607e+02 7.3288897705e+02 7.3306097412e+02 7.3322497559e+02 7.3338000488e+02 7.3352001953e+02 7.3364801025e+02 7.3369500732e+02 7.3376599121e+02 7.3388201904e+02 7.3405200195e+02 7.3423901367e+02 7.3442102051e+02 7.3462799072e+02 7.3487097168e+02 7.3509002686e+02 7.3527099609e+02 7.3544799805e+02 7.3563201904e+02 7.3583801270e+02 7.3603601074e+02 7.3621002197e+02 7.3636499023e+02 7.3650097656e+02 7.3663201904e+02 7.3677301025e+02 7.3694702148e+02 7.3711297607e+02 7.3728497314e+02 7.3745300293e+02 7.3761297607e+02 7.3776599121e+02 7.3793298340e+02 7.3811199951e+02 7.3829998779e+02 7.3851702881e+02 7.3874499512e+02 7.3895501709e+02 7.3910498047e+02 7.3919396973e+02
7.3185797119e+02 7.3198199463e+02 7.3208300781e+02 7.3216802979e+02 7.3224298096e+02 7.3235797119e+02 7.3249499512e+02 7.3264398193e+02 7.3280999756e+02 7.3297100830e+02 7.3311602783e+02 7.3325097656e+02 7.3338702393e+02 7.3346197510e+02 7.3353601074e+02 7.3364599609e+02 7.3380700684e+02 7.3399200439e+02 7.3418902588e+02 7.3440197754e+02 7.3464099121e+02 7.3486999512e+02 7.3506097412e+02 7.3523400879e+02 7.3541699219e+02 7.3562597656e+02 7.3584997559e+02 7.3603997803e+02 7.3619097900e+02 7.3633197021e+02 7.3648999023e+02 7.3665301514e+02 7.3679901123e+02 7.3694396973e+02 7.3711102295e+02 7.3728302002e+02 7.3745001221e+02 7.3758099365e+02 7.3773400879e+02 7.3792297363e+02 7.3813702393e+02 7.3835198975e+02 7.3857501221e+02 7.3878100586e+02 7.3892999268e+02 7.3899597168e+02
7.3168200684e+02 7.3174902344e+02 7.3184100342e+02 7.3191998291e+02 7.3199401855e+02 7.3210601807e+02 7.3223797607e+02 7.3238000488e+02 7.3254901123e+02 7.3271197510e+02 7.3284399414e+02 7.3296697998e+02 7.3309002686e+02 7.3319500732e+02 7.3328997803e+02 7.3340600586e+02 7.3355499268e+02 7.3375000000e+02 7.3396600342e+02 7.3418499756e+02 7.3441497803e+02 7.3464599609e+02 7.3484002686e+02 7.3501501465e+02 7.3520501709e+02 7.3542401123e+02 7.3565600586e+02 7.3584698486e+02 7.3597802734e+02 7.3612200928e+02 7.3630297852e+02 7.3648699951e+02 7.3664202881e+02 7.3678997803e+02 7.3696997070e+02 7.3715600586e+02 7.3733099365e+02 7.3746197510e+02 7.3761401367e+02 7.3780102539e+02 7.3801000977e+02 7.3821801758e+02 7.3843499756e+02 7.3863702393e+02 7.3878497314e+02 7.3883001709e+02
7.3144000244e+02 7.3148999023e+02 7.3157598877e+02 7.3165301514e+02 7.3173498535e+02 7.3185198975e+02 7.3198101807e+02 7.3211798096e+02 7.3228302002e+02 7.3243902588e+02 7.3255902100e+02 7.3266900635e+02 7.3277099609e+02 7.3289898682e+02 7.3302502441e+02 7.3315802002e+02 7.3330798340e+02 7.3351501465e+02 7.3374499512e+02 7.3396899414e+02 7.3419201660e+02 7.3441699219e+02 7.3460198975e+02 7.3477398682e+02 7.3497302246e+02 7.3518402100e+02 7.3540399170e+02 7.3558697510e+02 7.3571997070e+02 7.3587500000e+02 7.3607202148e+02 7.3627697754e+02 7.3645599365e+02 7.3662298584e+02 7.3682397461e+02 7.3703002930e+02 7.3721899414e+02 7.3736999512e+02 7.3753601074e+02 7.3771899414e+02 7.3790100098e+02 7.3808502197e+02 7.3828997803e+02 7.3848400879e+02 7.3864099121e+02 7.3868902588e+02
7.3110498047e+02 7.3119897461e+02 7.3128002930e+02 7.3135302734e+02 7.3143798828e+02 7.3158801270e+02 7.3171899414e+02 7.3185900879e+02 7.3201800537e+02 7.3215002441e+02 7.3225201416e+02 7.3234698486e+02 7.3243298340e+02 7.3259497070e+02 7.3275500488e+02 7.3291497803e+02 7.3308502197e+02 7.3330102539e+02 7.3353198242e+02 7.3375299072e+02 7.3396398926e+02 7.3418103027e+02 7.3435302734e+02 7.3451300049e+02 7.3469702148e+02 7.3490502930e+02 7.3511798096e+02 7.3531402588e+02 7.3547802734e+02 7.3563598633e+02 7.3583398438e+02 7.3604302979e+02 7.3622998047e+02 7.3641400146e+02 7.3662597656e+02 7.3685101318e+02 7.3707000732e+02 7.3726202393e+02 7.3745697021e+02 7.3763897705e+02 7.3779302979e+02 7.3794201660e+02 7.3811499023e+02 7.3829302979e+02 7.3844097900e+02 7.3853399658e+02
7.3075201416e+02 7.3085498047e+02 7.3095898438e+02 7.3106896973e+02 7.3120001221e+02 7.3133300781e+02 7.3147198486e+02 7.3162200928e+02 7.3178497314e+02 7.3191400146e+02 7.3202001953e+02 7.3211999512e+02 7.3223699951e+02 7.3239501953e+02 7.3255999756e+02 7.3272698975e+02 7.3290301514e+02 7.3310998535e+02 7.3332800293e+02 7.3353601074e+02 7.3372698975e+02 7.3393701172e+02 7.3412298584e+02 7.3429602051e+02 7.3448101807e+02 7.3467498779e+02 7.3488299561e+02 7.3507897949e+02 7.3524200439e+02 7.3540997314e+02 7.3561199951e+02 7.3582098389e+02 7.3601599121e+02 7.3619201660e+02 7.3639001465e+02 7.3661401367e+02 7.3686199951e+02 7.3710400391e+02 7.3733001709e+02 7.3752600098e+02 7.3768701172e+02 7.3782702637e+02 7.3795898438e+02 7.3810699463e+02 7.3826397705e+02 7.3837799072e+02
7.3047302246e+02 7.3058099365e+02 7.3069702148e+02 7.3082897949e+02 7.3098101807e+02 7.3111602783e+02 7.3126098633e+02 7.3141497803e+02 7.3157800293e+02 7.3172900391e+02 7.3186401367e+02 7.3198297119e+02 7.3210400391e+02 7.3226202393e+02 7.3242102051e+02 7.3257598877e+02 7.3273602295e+02 7.3292401123e+02 7.3313098145e+02 7.3332897949e+02 7.3349902344e+02 7.3369799805e+02 7.3390399170e+02 7.3409002686e+02 7.3426300049e+02 7.3444702148e+02 7.3463897705e+02 7.3482397461e+02 7.3498400879e+02 7.3515997314e+02 7.3537701416e+02 7.3559802246e+02 7.3579699707e+02 7.3595898438e+02 7.3614697266e+02 7.3636700439e+02 7.3662701416e+02 7.3689898682e+02 7.3714801025e+02 7.3736499023e+02 7.3753997803e+02 7.3768298340e+02 7.3780902100e+02 7.3795300293e+02 7.3811401367e+02 7.3825201416e+02
7.3028198242e+02 7.3037402344e+02 7.3048699951e+02 7.3062298584e+02 7.3078302002e+02 7.3092602539e+02 7.3107598877e+02 7.3123297119e+02 7.3139599609e+02 7.3157397461e+02 7.3173901367e+02 7.3187902832e+02 7.3200000000e+02 7.3215002441e+02 7.3229602051e+02 7.3242999268e+02 7.3256298828e+02 7.3272698975e+02 7.3292700195e+02 7.3313000488e+02 7.3330297852e+02 7.3348901367e+02 7.3368798828e+02 7.3386901855e+02 7.3402502441e+02 7.3420202637e+02 7.3438098145e+02 7.3455700684e+02 7.3471997070e+02 7.3490698242e+02 7.3513500977e+02 7.3536999512e+02 7.3557299805e+02 7.3571301270e+02 7.3588800049e+02 7.3609997559e+02 7.3635797119e+02 7.3663702393e+02 7.3689801025e+02 7.3712799072e+02 7.3731597900e+02 7.3747100830e+02 7.3760998535e+02 7.3777600098e+02 7.3796099854e+02 7.3812298584e+02
7.3008099365e+02 7.3017602539e+02 7.3029302979e+02 7.3043902588e+02 7.3060900879e+02 7.3075897217e+02 7.3091198730e+02 7.3107000732e+02 7.3124700928e+02 7.3143103027e+02 7.3160601807e+02 7.3176000977e+02 7.3188800049e+02 7.3202398682e+02 7.3215100098e+02 7.3227099609e+02 7.3237298584e+02 7.3251702881e+02 7.3271997070e+02 7.3294702148e+02 7.3315197754e+02 7.3331097412e+02 7.3347100830e+02 7.3362597656e+02 7.3376599121e+02 7.3394299316e+02 7.3412799072e+02 7.3431201172e+02 7.3450201416e+02 7.3466802979e+02 7.3489501953e+02 7.3513897705e+02 7.3535601807e+02 7.3546997070e+02 7.3561798096e+02 7.3580401611e+02 7.3603302002e+02 7.3631402588e+02 7.3656597900e+02 7.3680102539e+02 7.3701898193e+02 7.3719897461e+02 7.3735998535e+02 7.3755102539e+02 7.3777099609e+02 7.3796398926e+02
7.2985302734e+02 7.2995202637e+02 7.3009600830e+02 7.3027197266e+02 7.3045098877e+02 7.3060498047e+02 7.3076202393e+02 7.3092401123e+02 7.3111102295e+02 7.3129998779e+02 7.3146997070e+02 7.3162701416e+02 7.3176599121e+02 7.3189001465e+02 7.3200701904e+02 7.3213098145e+02 7.3225799561e+02 7.3239099121e+02 7.3257397461e+02 7.3277697754e+02 7.3296697998e+02 7.3311798096e+02 7.3325598145e+02 7.3340698242e+02 7.3357397461e+02 7.3373699951e+02 7.3390399170e+02 7.3407598877e+02 7.3426702881e+02 7.3443902588e+02 7.3465899658e+02 7.3490600586e+02 7.3513000488e+02 7.3525897217e+02 7.3537200928e+02 7.3551202393e+02 7.3571801758e+02 7.3596301270e+02 7.3619299316e+02 7.3642700195e+02 7.3668902588e+02 7.3692401123e+02 7.3710198975e+02 7.3729400635e+02 7.3752600098e+02 7.3775500488e+02
7.2961602783e+02 7.2974102783e+02 7.2990698242e+02 7.3010601807e+02 7.3029998779e+02 7.3045800781e+02 7.3061999512e+02 7.3078497314e+02 7.3097399902e+02 7.3116900635e+02 7.3134100342e+02 7.3150097656e+02 7.3164599609e+02 7.3177099609e+02 7.3188397217e+02 7.3200897217e+02 7.3216302490e+02 7.3232800293e+02 7.3248498535e+02 7.3264398193e+02 7.3280102539e+02 7.3293902588e+02 7.3307397461e+02 7.3322497559e+02 7.3340197754e+02 7.3355102539e+02 7.3368701172e+02 7.3383398438e+02 7.3402197266e+02 7.3420501709e+02 7.3441699219e+02 7.3465502930e+02 7.3488098145e+02 7.3502099609e+02 7.3512701416e+02 7.3524499512e+02 7.3541601563e+02 7.3563098145e+02 7.3585101318e+02 7.3608502197e+02 7.3635900879e+02 7.3663299561e+02 7.3682800293e+02 7.3701800537e+02 7.3724499512e+02 7.3747998047e+02
7.2942297363e+02 7.2957299805e+02 7.2975097656e+02 7.2995300293e+02 7.3015301514e+02 7.3031799316e+02 7.3048297119e+02 7.3064801025e+02 7.3083197021e+02 7.3102899170e+02 7.3120202637e+02 7.3136297607e+02 7.3151501465e+02 7.3164501953e+02 7.3175701904e+02 7.3188201904e+02 7.3204797363e+02 7.3223400879e+02 7.3238000488e+02 7.3251599121e+02 7.3266198730e+02 7.3279498291e+02 7.3292297363e+02 7.3306597900e+02 7.3322601318e+02 7.3335900879e+02 7.3348498535e+02 7.3361700439e+02 7.3378601074e+02 7.3396099854e+02 7.3415002441e+02 7.3436199951e+02 7.3458001709e+02 7.3474597168e+02 7.3486297607e+02 7.3497900391e+02 7.3513598633e+02 7.3534399414e+02 7.3556097412e+02 7.3579199219e+02 7.3605700684e+02 7.3634100342e+02 7.3654199219e+02 7.3672399902e+02 7.3694396973e+02 7.3716900635e+02
