TESTSERVER/22/6.asc
NCOLS 100
NROWS 100
XLLCORNER 8.5997500000e+03
YLLCORNER 2.8965025000e+05
CELLSIZE 5.0000000000e-01
NODATA_VALUE -9.9990000000e+03
[rows 20 to 39 of 100, columns 0 to 45 of 100]
7.1144097900e+02 7.1158697510e+02 7.1170697021e+02 7.1183801270e+02 7.1196398926e+02 7.1208801270e+02 7.1217602539e+02 7.1232098389e+02 7.1246997070e+02 7.1257702637e+02 7.1268298340e+02 7.1278399658e+02 7.1289300537e+02 7.1300201416e+02 7.1310198975e+02 7.1322100830e+02 7.1336700439e+02 7.1348999023e+02 7.1357800293e+02 7.1368798828e+02 7.1385101318e+02 7.1399298096e+02 7.1420501709e+02 7.1442602539e+02 7.1456201172e+02 7.1476300049e+02 7.1501397705e+02 7.1524499512e+02 7.1538702393e+02 7.1543402100e+02 7.1546801758e+02 7.1551000977e+02 7.1559997559e+02 7.1574298096e+02 7.1594702148e+02 7.1619598389e+02 7.1648602295e+02 7.1677600098e+02 7.1704400635e+02 7.1727502441e+02 7.1745800781e+02 7.1756500244e+02 7.1759997559e+02 7.1762200928e+02 7.1766497803e+02 7.1772802734e+02
7.1130102539e+02 7.1147497559e+02 7.1157202148e+02 7.1168701172e+02 7.1181597900e+02 7.1192199707e+02 7.1203399658e+02 7.1218499756e+02 7.1234497070e+02 7.1244299316e+02 7.1252502441e+02 7.1261999512e+02 7.1271002197e+02 7.1283398438e+02 7.1294097900e+02 7.1303601074e+02 7.1317401123e+02 7.1329602051e+02 7.1338897705e+02 7.1350701904e+02 7.1365301514e+02 7.1377197266e+02 7.1402099609e+02 7.1429199219e+02 7.1440197754e+02 7.1458300781e+02 7.1481500244e+02 7.1504400635e+02 7.1521899414e+02 7.1530200195e+02 7.1535900879e+02 7.1540997314e+02 7.1548797607e+02 7.1562200928e+02 7.1580999756e+02 7.1604699707e+02 7.1631597900e+02 7.1659100342e+02 7.1684802246e+02 7.1706701660e+02 7.1725402832e+02 7.1735400391e+02 7.1740301514e+02 7.1745098877e+02 7.1750897217e+02 7.1755603027e+02
7.1116699219e+02 7.1138000488e+02 7.1147198486e+02 7.1152801514e+02 7.1163098145e+02 7.1176800537e+02 7.1191601563e+02 7.1205499268e+02 7.1217297363e+02 7.1227398682e+02 7.1237799072e+02 7.1246301270e+02 7.1251397705e+02 7.1261999512e+02 7.1272100830e+02 7.1284899902e+02 7.1301599121e+02 7.1311901855e+02 7.1320300293e+02 7.1331799316e+02 7.1345898438e+02 7.1355798340e+02 7.1376702881e+02 7.1404699707e+02 7.1421099854e+02 7.1438201904e+02 7.1460601807e+02 7.1483398438e+02 7.1502697754e+02 7.1515600586e+02 7.1523901367e+02 7.1530102539e+02 7.1536999512e+02 7.1547998047e+02 7.1564599609e+02 7.1586499023e+02 7.1611999512e+02 7.1638897705e+02 7.1664898682e+02 7.1686999512e+02 7.1704602051e+02 7.1714202881e+02 7.1721801758e+02 7.1729498291e+02 7.1736401367e+02 7.1739697266e+02
7.1097802734e+02 7.1125500488e+02 7.1138598633e+02 7.1139898682e+02 7.1148101807e+02 7.1163000488e+02 7.1176000977e+02 7.1187799072e+02 7.1197900391e+02 7.1209997559e+02 7.1223101807e+02 7.1231298828e+02 7.1236602783e+02 7.1244598389e+02 7.1252600098e+02 7.1267901611e+02 7.1284899902e+02 7.1291802979e+02 7.1299798584e+02 7.1311798096e+02 7.1326599121e+02 7.1338800049e+02 7.1356097412e+02 7.1380297852e+02 7.1399401855e+02 7.1416998291e+02 7.1438598633e+02 7.1460797119e+02 7.1481097412e+02 7.1498199463e+02 7.1509802246e+02 7.1517901611e+02 7.1523999023e+02 7.1532397461e+02 7.1546801758e+02 7.1566400146e+02 7.1590301514e+02 7.1616400146e+02 7.1642797852e+02 7.1665802002e+02 7.1683398438e+02 7.1693798828e+02 7.1704199219e+02 7.1714599609e+02 7.1722998047e+02 7.1727398682e+02
7.1076800537e+02 7.1104302979e+02 7.1121197510e+02 7.1124102783e+02 7.1133099365e+02 7.1145697021e+02 7.1156402588e+02 7.1167102051e+02 7.1178002930e+02 7.1193701172e+02 7.1204602051e+02 7.1213098145e+02 7.1223699951e+02 7.1229400635e+02 7.1237097168e+02 7.1250000000e+02 7.1263299561e+02 7.1269897461e+02 7.1280603027e+02 7.1293597412e+02 7.1307598877e+02 7.1322601318e+02 7.1339001465e+02 7.1356298828e+02 7.1374200439e+02 7.1396600342e+02 7.1417498779e+02 7.1437597656e+02 7.1456701660e+02 7.1476000977e+02 7.1490502930e+02 7.1501800537e+02 7.1511199951e+02 7.1517700195e+02 7.1529302979e+02 7.1546002197e+02 7.1567700195e+02 7.1593103027e+02 7.1619598389e+02 7.1643103027e+02 7.1660900879e+02 7.1674798584e+02 7.1687097168e+02 7.1698797607e+02 7.1708801270e+02 7.1716302490e+02
7.1060900879e+02 7.1078100586e+02 7.1096502686e+02 7.1107702637e+02 7.1123797607e+02 7.1133801270e+02 7.1139801025e+02 7.1149102783e+02 7.1163397217e+02 7.1178601074e+02 7.1186297607e+02 7.1194097900e+02 7.1207501221e+02 7.1212097168e+02 7.1218298340e+02 7.1230603027e+02 7.1243298340e+02 7.1251098633e+02 7.1261901855e+02 7.1274798584e+02 7.1287500000e+02 7.1304400635e+02 7.1321002197e+02 7.1336999512e+02 7.1356597900e+02 7.1378100586e+02 7.1397802734e+02 7.1415802002e+02 7.1434399414e+02 7.1452099609e+02 7.1467602539e+02 7.1481201172e+02 7.1494097900e+02 7.1502001953e+02 7.1510900879e+02 7.1525201416e+02 7.1544396973e+02 7.1568701172e+02 7.1596600342e+02 7.1621197510e+02 7.1640100098e+02 7.1655401611e+02 7.1667797852e+02 7.1679199219e+02 7.1689898682e+02 7.1699298096e+02
7.1048199463e+02 7.1059997559e+02 7.1075500488e+02 7.1090899658e+02 7.1111700439e+02 7.1124200439e+02 7.1125402832e+02 7.1133898926e+02 7.1148498535e+02 7.1159899902e+02 7.1167602539e+02 7.1175799561e+02 7.1187402344e+02 7.1193200684e+02 7.1201501465e+02 7.1214501953e+02 7.1225402832e+02 7.1236499023e+02 7.1247302246e+02 7.1259997559e+02 7.1271197510e+02 7.1289398193e+02 7.1305700684e+02 7.1321801758e+02 7.1340997314e+02 7.1360998535e+02 7.1379998779e+02 7.1396997070e+02 7.1413500977e+02 7.1430499268e+02 7.1446398926e+02 7.1460699463e+02 7.1474200439e+02 7.1482397461e+02 7.1491198730e+02 7.1504699707e+02 7.1522802734e+02 7.1546197510e+02 7.1574902344e+02 7.1601397705e+02 7.1620202637e+02 7.1634600830e+02 7.1647100830e+02 7.1659197998e+02 7.1671899414e+02 7.1682000732e+02
7.1034399414e+02 7.1046301270e+02 7.1059497070e+02 7.1070599365e+02 7.1093402100e+02 7.1114099121e+02 7.1110998535e+02 7.1120098877e+02 7.1130297852e+02 7.1139501953e+02 7.1149499512e+02 7.1158197021e+02 7.1167602539e+02 7.1176599121e+02 7.1187902832e+02 7.1200799561e+02 7.1209399414e+02 7.1222802734e+02 7.1234002686e+02 7.1244598389e+02 7.1257299805e+02 7.1276202393e+02 7.1291900635e+02 7.1308697510e+02 7.1327099609e+02 7.1347100830e+02 7.1365802002e+02 7.1381896973e+02 7.1395397949e+02 7.1410601807e+02 7.1426098633e+02 7.1440600586e+02 7.1453900146e+02 7.1463201904e+02 7.1473400879e+02 7.1486999512e+02 7.1504498291e+02 7.1525598145e+02 7.1552099609e+02 7.1578601074e+02 7.1597399902e+02 7.1613500977e+02 7.1628497314e+02 7.1641699219e+02 7.1654400635e+02 7.1663598633e+02
7.1018499756e+02 7.1032299805e+02 7.1045397949e+02 7.1051800537e+02 7.1077001953e+02 7.1100299072e+02 7.1095800781e+02 7.1106097412e+02 7.1113702393e+02 7.1124798584e+02 7.1135900879e+02 7.1143701172e+02 7.1151800537e+02 7.1163098145e+02 7.1174700928e+02 7.1186102295e+02 7.1194097900e+02 7.1206799316e+02 7.1218298340e+02 7.1228302002e+02 7.1242102051e+02 7.1259997559e+02 7.1275402832e+02 7.1294000244e+02 7.1312902832e+02 7.1334100342e+02 7.1353900146e+02 7.1370599365e+02 7.1382202148e+02 7.1392498779e+02 7.1407397461e+02 7.1421997070e+02 7.1436602783e+02 7.1447399902e+02 7.1458898926e+02 7.1472998047e+02 7.1489300537e+02 7.1505999756e+02 7.1526501465e+02 7.1549102783e+02 7.1569500732e+02 7.1592602539e+02 7.1612500000e+02 7.1625201416e+02 7.1633801270e+02 7.1642199707e+02
7.1002899170e+02 7.1016998291e+02 7.1027099609e+02 7.1032000732e+02 7.1045202637e+02 7.1063598633e+02 7.1076300049e+02 7.1088000488e+02 7.1096099854e+02 7.1107897949e+02 7.1123400879e+02 7.1132702637e+02 7.1138897705e+02 7.1150402832e+02 7.1162097168e+02 7.1171697998e+02 7.1178997803e+02 7.1190399170e+02 7.1204998779e+02 7.1221801758e+02 7.1234802246e+02 7.1248400879e+02 7.1262902832e+02 7.1279602051e+02 7.1297198486e+02 7.1317498779e+02 7.1338500977e+02 7.1357202148e+02 7.1368701172e+02 7.1379498291e+02 7.1394598389e+02 7.1409301758e+02 7.1422601318e+02 7.1433697510e+02 7.1445001221e+02 7.1457897949e+02 7.1471697998e+02 7.1487701416e+02 7.1504998779e+02 7.1524298096e+02 7.1545098877e+02 7.1569097900e+02 7.1590802002e+02 7.1604101563e+02 7.1612701416e+02 7.1621600342e+02
7.0990100098e+02 7.1003399658e+02 7.1011199951e+02 7.1016802979e+02 7.1028100586e+02 7.1045001221e+02 7.1059899902e+02 7.1070202637e+02 7.1079797363e+02 7.1093499756e+02 7.1107202148e+02 7.1116699219e+02 7.1125402832e+02 7.1135998535e+02 7.1148699951e+02 7.1157202148e+02 7.1166302490e+02 7.1177197266e+02 7.1192199707e+02 7.1210400391e+02 7.1223101807e+02 7.1239300537e+02 7.1254998779e+02 7.1269799805e+02 7.1283099365e+02 7.1300799561e+02 7.1320898438e+02 7.1340002441e+02 7.1354699707e+02 7.1367797852e+02 7.1382702637e+02 7.1396697998e+02 7.1407897949e+02 7.1417700195e+02 7.1428698730e+02 7.1441101074e+02 7.1454797363e+02 7.1470800781e+02 7.1487597656e+02 7.1505902100e+02 7.1525201416e+02 7.1544897461e+02 7.1564398193e+02 7.1579498291e+02 7.1590698242e+02 7.1600598145e+02
7.0975299072e+02 7.0985699463e+02 7.0994201660e+02 7.1002398682e+02 7.1012902832e+02 7.1028497314e+02 7.1044097900e+02 7.1056201172e+02 7.1065100098e+02 7.1078399658e+02 7.1087500000e+02 7.1097601318e+02 7.1111602783e+02 7.1123400879e+02 7.1136297607e+02 7.1143902588e+02 7.1155297852e+02 7.1163201904e+02 7.1175201416e+02 7.1192102051e+02 7.1208197021e+02 7.1230102539e+02 7.1247998047e+02 7.1261199951e+02 7.1270898438e+02 7.1285400391e+02 7.1303399658e+02 7.1321801758e+02 7.1338702393e+02 7.1353399658e+02 7.1367999268e+02 7.1381597900e+02 7.1391497803e+02 7.1400000000e+02 7.1410400391e+02 7.1423101807e+02 7.1439001465e+02 7.1455200195e+02 7.1473400879e+02 7.1493298340e+02 7.1512097168e+02 7.1526599121e+02 7.1541400146e+02 7.1556201172e+02 7.1569799805e+02 7.1580798340e+02
7.0959301758e+02 7.0969799805e+02 7.0978601074e+02 7.0988201904e+02 7.1000000000e+02 7.1015301514e+02 7.1026202393e+02 7.1036798096e+02 7.1045001221e+02 7.1059002686e+02 7.1074298096e+02 7.1085101318e+02 7.1098699951e+02 7.1113598633e+02 7.1123999023e+02 7.1131701660e+02 7.1143298340e+02 7.1153302002e+02 7.1163299561e+02 7.1177899170e+02 7.1193200684e+02 7.1215197754e+02 7.1233898926e+02 7.1248602295e+02 7.1261297607e+02 7.1271997070e+02 7.1286999512e+02 7.1303497314e+02 7.1318902588e+02 7.1333801270e+02 7.1348400879e+02 7.1362500000e+02 7.1375701904e+02 7.1385498047e+02 7.1395001221e+02 7.1407800293e+02 7.1424700928e+02 7.1441699219e+02 7.1460101318e+02 7.1480499268e+02 7.1500000000e+02 7.1513702393e+02 7.1524298096e+02 7.1537701416e+02 7.1553997803e+02 7.1565502930e+02
7.0945001221e+02 7.0957000732e+02 7.0963702393e+02 7.0973199463e+02 7.0988098145e+02 7.1002398682e+02 7.1008502197e+02 7.1021197510e+02 7.1034100342e+02 7.1045697021e+02 7.1060400391e+02 7.1071398926e+02 7.1086999512e+02 7.1101702881e+02 7.1111401367e+02 7.1121301270e+02 7.1132000732e+02 7.1141699219e+02 7.1151300049e+02 7.1164398193e+02 7.1178302002e+02 7.1194799805e+02 7.1211102295e+02 7.1228497314e+02 7.1246398926e+02 7.1262799072e+02 7.1278698730e+02 7.1291699219e+02 7.1303802490e+02 7.1317401123e+02 7.1330700684e+02 7.1344500732e+02 7.1358697510e+02 7.1368701172e+02 7.1377697754e+02 7.1390002441e+02 7.1406097412e+02 7.1424102783e+02 7.1441198730e+02 7.1458801270e+02 7.1475799561e+02 7.1491497803e+02 7.1504602051e+02 7.1520697021e+02 7.1539599609e+02 7.1553002930e+02
7.0930700684e+02 7.0942602539e+02 7.0947601318e+02 7.0956298828e+02 7.0974102783e+02 7.0992102051e+02 7.0997302246e+02 7.1004998779e+02 7.1017999268e+02 7.1030200195e+02 7.1044897461e+02 7.1057800293e+02 7.1074200439e+02 7.1088598633e+02 7.1099499512e+02 7.1110498047e+02 7.1119799805e+02 7.1129101563e+02 7.1138098145e+02 7.1151098633e+02 7.1166101074e+02 7.1181298828e+02 7.1196197510e+02 7.1212701416e+02 7.1229101563e+02 7.1250402832e+02 7.1271600342e+02 7.1285498047e+02 7.1293103027e+02 7.1303399658e+02 7.1313598633e+02 7.1325097656e+02 7.1338500977e+02 7.1348199463e+02 7.1356597900e+02 7.1369097900e+02 7.1385101318e+02 7.1402697754e+02 7.1421697998e+02 7.1441198730e+02 7.1455999756e+02 7.1471197510e+02 7.1484600830e+02 7.1500598145e+02 7.1519299316e+02 7.1534600830e+02
7.0913897705e+02 7.0926300049e+02 7.0933599854e+02 7.0939001465e+02 7.0953198242e+02 7.0970397949e+02 7.0979901123e+02 7.0988598633e+02 7.1002697754e+02 7.1017498779e+02 7.1032800293e+02 7.1047399902e+02 7.1062701416e+02 7.1077398682e+02 7.1088000488e+02 7.1097900391e+02 7.1106402588e+02 7.1117297363e+02 7.1128399658e+02 7.1142797852e+02 7.1158099365e+02 7.1172497559e+02 7.1185998535e+02 7.1200000000e+02 7.1212902832e+02 7.1234698486e+02 7.1258898926e+02 7.1275402832e+02 7.1281799316e+02 7.1288000488e+02 7.1294598389e+02 7.1303002930e+02 7.1314501953e+02 7.1324298096e+02 7.1334002686e+02 7.1348498535e+02 7.1365997314e+02 7.1383001709e+02 7.1405200195e+02 7.1428302002e+02 7.1440002441e+02 7.1452502441e+02 7.1465197754e+02 7.1479199219e+02 7.1496099854e+02 7.1513000488e+02
7.0899700928e+02 7.0910900879e+02 7.0920800781e+02 7.0927600098e+02 7.0936499023e+02 7.0950897217e+02 7.0963299561e+02 7.0976599121e+02 7.0988702393e+02 7.1004199219e+02 7.1018200684e+02 7.1035699463e+02 7.1056097412e+02 7.1068597412e+02 7.1076000977e+02 7.1083898926e+02 7.1095599365e+02 7.1108300781e+02 7.1119500732e+02 7.1131298828e+02 7.1143499756e+02 7.1158001709e+02 7.1170800781e+02 7.1184899902e+02 7.1199798584e+02 7.1216900635e+02 7.1235998535e+02 7.1252801514e+02 7.1265399170e+02 7.1269299316e+02 7.1272900391e+02 7.1279302979e+02 7.1290002441e+02 7.1301501465e+02 7.1313702393e+02 7.1331500244e+02 7.1353100586e+02 7.1363800049e+02 7.1382202148e+02 7.1403698730e+02 7.1415802002e+02 7.1430200195e+02 7.1444201660e+02 7.1458099365e+02 7.1473797607e+02 7.1491400146e+02
7.0889599609e+02 7.0900897217e+02 7.0910400391e+02 7.0920501709e+02 7.0928302002e+02 7.0941601563e+02 7.0954101563e+02 7.0966601563e+02 7.0979699707e+02 7.0992297363e+02 7.1001300049e+02 7.1017297363e+02 7.1040197754e+02 7.1054699707e+02 7.1064202881e+02 7.1073498535e+02 7.1085498047e+02 7.1095300293e+02 7.1103900146e+02 7.1115100098e+02 7.1129199219e+02 7.1141497803e+02 7.1153997803e+02 7.1168597412e+02 7.1184301758e+02 7.1200402832e+02 7.1215197754e+02 7.1229602051e+02 7.1242999268e+02 7.1250201416e+02 7.1256701660e+02 7.1263598633e+02 7.1272497559e+02 7.1282000732e+02 7.1293597412e+02 7.1312597656e+02 7.1335699463e+02 7.1345800781e+02 7.1357598877e+02 7.1373101807e+02 7.1386700439e+02 7.1401898193e+02 7.1417401123e+02 7.1433197021e+02 7.1449902344e+02 7.1466900635e+02
7.0881201172e+02 7.0891998291e+02 7.0900299072e+02 7.0909997559e+02 7.0917199707e+02 7.0928601074e+02 7.0940802002e+02 7.0954400635e+02 7.0969299316e+02 7.0980297852e+02 7.0991699219e+02 7.1005798340e+02 7.1022302246e+02 7.1036199951e+02 7.1049499512e+02 7.1063201904e+02 7.1075402832e+02 7.1082397461e+02 7.1090899658e+02 7.1102600098e+02 7.1116101074e+02 7.1127899170e+02 7.1140100098e+02 7.1154302979e+02 7.1171099854e+02 7.1188098145e+02 7.1201501465e+02 7.1213397217e+02 7.1224102783e+02 7.1233001709e+02 7.1240899658e+02 7.1247998047e+02 7.1255999756e+02 7.1263800049e+02 7.1274499512e+02 7.1290197754e+02 7.1309197998e+02 7.1321697998e+02 7.1334301758e+02 7.1349200439e+02 7.1363201904e+02 7.1378100586e+02 7.1393298340e+02 7.1409197998e+02 7.1426501465e+02 7.1441900635e+02
7.0873297119e+02 7.0882202148e+02 7.0890002441e+02 7.0898602295e+02 7.0905700684e+02 7.0915698242e+02 7.0926702881e+02 7.0938702393e+02 7.0953399658e+02 7.0967999268e+02 7.0983801270e+02 7.0996197510e+02 7.1007000732e+02 7.1019799805e+02 7.1033697510e+02 7.1050299072e+02 7.1064599609e+02 7.1073199463e+02 7.1081500244e+02 7.1090197754e+02 7.1102600098e+02 7.1115100098e+02 7.1126898193e+02 7.1140899658e+02 7.1158599854e+02 7.1176300049e+02 7.1189599609e+02 7.1200598145e+02 7.1209497070e+02 7.1217102051e+02 7.1223602295e+02 7.1230499268e+02 7.1239697266e+02 7.1247302246e+02 7.1257202148e+02 7.1268798828e+02 7.1281896973e+02 7.1296801758e+02 7.1311102295e+02 7.1326202393e+02 7.1342797852e+02 7.1359899902e+02 7.1374401855e+02 7.1388299561e+02 7.1405200195e+02 7.1420599365e+02
