TESTSERVER/22/6.asc
NCOLS 100
NROWS 100
XLLCORNER 8.5997500000e+03
YLLCORNER 2.8965025000e+05
CELLSIZE 5.0000000000e-01
NODATA_VALUE -9.9990000000e+03
[rows 80 to 99 of 100, columns 46 to 91 of 100]
7.0540301514e+02 7.0548297119e+02 7.0563800049e+02 7.0569500732e+02 7.0572399902e+02 7.0578002930e+02 7.0580297852e+02 7.0584899902e+02 7.0587701416e+02 7.0598498535e+02 7.0610198975e+02 7.0625701904e+02 7.0638800049e+02 7.0653198242e+02 7.0665197754e+02 7.0679199219e+02 7.0696801758e+02 7.0710101318e+02 7.0724902344e+02 7.0738098145e+02 7.0745697021e+02 7.0753997803e+02 7.0758099365e+02 7.0759100342e+02 7.0769897461e+02 7.0783300781e+02 7.0790698242e+02 7.0808502197e+02 7.0818902588e+02 7.0831597900e+02 7.0835900879e+02 7.0848101807e+02 7.0865899658e+02 7.0879302979e+02 7.0889398193e+02 7.0917700195e+02 7.0930102539e+02 7.0919299316e+02 7.0890399170e+02 7.0892498779e+02 7.0909002686e+02 7.0922497559e+02 7.0928601074e+02 7.0933398438e+02 7.0936700439e+02 7.0938702393e+02
7.0535198975e+02 7.0540502930e+02 7.0550500488e+02 7.0555499268e+02 7.0557897949e+02 7.0560699463e+02 7.0559100342e+02 7.0562799072e+02 7.0569799805e+02 7.0581896973e+02 7.0590197754e+02 7.0605798340e+02 7.0617700195e+02 7.0626702881e+02 7.0636102295e+02 7.0651800537e+02 7.0675598145e+02 7.0691601563e+02 7.0701300049e+02 7.0717498779e+02 7.0730200195e+02 7.0735900879e+02 7.0734497070e+02 7.0735601807e+02 7.0744396973e+02 7.0759600830e+02 7.0770098877e+02 7.0779901123e+02 7.0780401611e+02 7.0784698486e+02 7.0795397949e+02 7.0812298584e+02 7.0836297607e+02 7.0858300781e+02 7.0877301025e+02 7.0904400635e+02 7.0897698975e+02 7.0884802246e+02 7.0883801270e+02 7.0872198486e+02 7.0883502197e+02 7.0892901611e+02 7.0902099609e+02 7.0911700439e+02 7.0917401123e+02 7.0918103027e+02
7.0532702637e+02 7.0529602051e+02 7.0530902100e+02 7.0530297852e+02 7.0531597900e+02 7.0538098145e+02 7.0545599365e+02 7.0551501465e+02 7.0556298828e+02 7.0561401367e+02 7.0566998291e+02 7.0582501221e+02 7.0595098877e+02 7.0602398682e+02 7.0614898682e+02 7.0628302002e+02 7.0645001221e+02 7.0661401367e+02 7.0681500244e+02 7.0698602295e+02 7.0709698486e+02 7.0712799072e+02 7.0709497070e+02 7.0716101074e+02 7.0725097656e+02 7.0737701416e+02 7.0752697754e+02 7.0755102539e+02 7.0746899414e+02 7.0752398682e+02 7.0767297363e+02 7.0783801270e+02 7.0810900879e+02 7.0829602051e+02 7.0849102783e+02 7.0887298584e+02 7.0876702881e+02 7.0851702881e+02 7.0859997559e+02 7.0847601318e+02 7.0850799561e+02 7.0860900879e+02 7.0874597168e+02 7.0880700684e+02 7.0884197998e+02 7.0883697510e+02
7.0519799805e+02 7.0512298584e+02 7.0510900879e+02 7.0509301758e+02 7.0510101318e+02 7.0517602539e+02 7.0527099609e+02 7.0535601807e+02 7.0544097900e+02 7.0545501709e+02 7.0550598145e+02 7.0562298584e+02 7.0573797607e+02 7.0579302979e+02 7.0593103027e+02 7.0606201172e+02 7.0615802002e+02 7.0631799316e+02 7.0658801270e+02 7.0673400879e+02 7.0682598877e+02 7.0685900879e+02 7.0684698486e+02 7.0697100830e+02 7.0707501221e+02 7.0718103027e+02 7.0728497314e+02 7.0727099609e+02 7.0723199463e+02 7.0734600830e+02 7.0759497070e+02 7.0776599121e+02 7.0797601318e+02 7.0806500244e+02 7.0816699219e+02 7.0863897705e+02 7.0853100586e+02 7.0821002197e+02 7.0826098633e+02 7.0817102051e+02 7.0820098877e+02 7.0825402832e+02 7.0838598633e+02 7.0843402100e+02 7.0848498535e+02 7.0849798584e+02
7.0482098389e+02 7.0479199219e+02 7.0479101563e+02 7.0488201904e+02 7.0494396973e+02 7.0500000000e+02 7.0504302979e+02 7.0509100342e+02 7.0520001221e+02 7.0527301025e+02 7.0533697510e+02 7.0542102051e+02 7.0554699707e+02 7.0561602783e+02 7.0565197754e+02 7.0578802490e+02 7.0591302490e+02 7.0604302979e+02 7.0620300293e+02 7.0642498779e+02 7.0654498291e+02 7.0659002686e+02 7.0661798096e+02 7.0674298096e+02 7.0686999512e+02 7.0700598145e+02 7.0702398682e+02 7.0707098389e+02 7.0717199707e+02 7.0728997803e+02 7.0754797363e+02 7.0756500244e+02 7.0761798096e+02 7.0768402100e+02 7.0792797852e+02 7.0838098145e+02 7.0825097656e+02 7.0793701172e+02 7.0809698486e+02 7.0788098145e+02 7.0792498779e+02 7.0797998047e+02 7.0805603027e+02 7.0819799805e+02 7.0826898193e+02 7.0826202393e+02
7.0447900391e+02 7.0452001953e+02 7.0456201172e+02 7.0460699463e+02 7.0468402100e+02 7.0476702881e+02 7.0486102295e+02 7.0491101074e+02 7.0492401123e+02 7.0504602051e+02 7.0518597412e+02 7.0527801514e+02 7.0533099365e+02 7.0536999512e+02 7.0541497803e+02 7.0553601074e+02 7.0564300537e+02 7.0575799561e+02 7.0593298340e+02 7.0610302734e+02 7.0623101807e+02 7.0634802246e+02 7.0641601563e+02 7.0657098389e+02 7.0669598389e+02 7.0678900146e+02 7.0679998779e+02 7.0687200928e+02 7.0700799561e+02 7.0714801025e+02 7.0722802734e+02 7.0721099854e+02 7.0735900879e+02 7.0747198486e+02 7.0761199951e+02 7.0806298828e+02 7.0792999268e+02 7.0742199707e+02 7.0753997803e+02 7.0750598145e+02 7.0757397461e+02 7.0767901611e+02 7.0775799561e+02 7.0789898682e+02 7.0794500732e+02 7.0796099854e+02
7.0422302246e+02 7.0428002930e+02 7.0433197021e+02 7.0435198975e+02 7.0441699219e+02 7.0448797607e+02 7.0458099365e+02 7.0465399170e+02 7.0467297363e+02 7.0477899170e+02 7.0492498779e+02 7.0508599854e+02 7.0516998291e+02 7.0517297363e+02 7.0518402100e+02 7.0525000000e+02 7.0534100342e+02 7.0552899170e+02 7.0578100586e+02 7.0590698242e+02 7.0600201416e+02 7.0614801025e+02 7.0625897217e+02 7.0641302490e+02 7.0651202393e+02 7.0656298828e+02 7.0660498047e+02 7.0667199707e+02 7.0679302979e+02 7.0692199707e+02 7.0693798828e+02 7.0702600098e+02 7.0719299316e+02 7.0722802734e+02 7.0724102783e+02 7.0742102051e+02 7.0727801514e+02 7.0695898438e+02 7.0706097412e+02 7.0717297363e+02 7.0728698730e+02 7.0741198730e+02 7.0749700928e+02 7.0760198975e+02 7.0767901611e+02 7.0774200439e+02
7.0398999023e+02 7.0404400635e+02 7.0409301758e+02 7.0411499023e+02 7.0417199707e+02 7.0421002197e+02 7.0428198242e+02 7.0436700439e+02 7.0447601318e+02 7.0457702637e+02 7.0462597656e+02 7.0472601318e+02 7.0487799072e+02 7.0496398926e+02 7.0501397705e+02 7.0505902100e+02 7.0513397217e+02 7.0529901123e+02 7.0552398682e+02 7.0568499756e+02 7.0582299805e+02 7.0597802734e+02 7.0611102295e+02 7.0622900391e+02 7.0630603027e+02 7.0636700439e+02 7.0644201660e+02 7.0655200195e+02 7.0666497803e+02 7.0673400879e+02 7.0671099854e+02 7.0682702637e+02 7.0688500977e+02 7.0686297607e+02 7.0682299805e+02 7.0678802490e+02 7.0668402100e+02 7.0661798096e+02 7.0676501465e+02 7.0690997314e+02 7.0702301025e+02 7.0714099121e+02 7.0724798584e+02 7.0736199951e+02 7.0749200439e+02 7.0756701660e+02
7.0376501465e+02 7.0383398438e+02 7.0389801025e+02 7.0391198730e+02 7.0394702148e+02 7.0400299072e+02 7.0412500000e+02 7.0416101074e+02 7.0425701904e+02 7.0436700439e+02 7.0440600586e+02 7.0445397949e+02 7.0458398438e+02 7.0474798584e+02 7.0493499756e+02 7.0502502441e+02 7.0503997803e+02 7.0509698486e+02 7.0525097656e+02 7.0546301270e+02 7.0563397217e+02 7.0577502441e+02 7.0591101074e+02 7.0601098633e+02 7.0606597900e+02 7.0614300537e+02 7.0626800537e+02 7.0645001221e+02 7.0650201416e+02 7.0648400879e+02 7.0653198242e+02 7.0656097412e+02 7.0657897949e+02 7.0654400635e+02 7.0640399170e+02 7.0643298340e+02 7.0642999268e+02 7.0640399170e+02 7.0646801758e+02 7.0658300781e+02 7.0669396973e+02 7.0683197021e+02 7.0698901367e+02 7.0717401123e+02 7.0734197998e+02 7.0736499023e+02
7.0359899902e+02 7.0363098145e+02 7.0366601563e+02 7.0368597412e+02 7.0372497559e+02 7.0379400635e+02 7.0391101074e+02 7.0394702148e+02 7.0401202393e+02 7.0410101318e+02 7.0416497803e+02 7.0426702881e+02 7.0439599609e+02 7.0454199219e+02 7.0470001221e+02 7.0486602783e+02 7.0494897461e+02 7.0498400879e+02 7.0507598877e+02 7.0525097656e+02 7.0545001221e+02 7.0560699463e+02 7.0569396973e+02 7.0575598145e+02 7.0579199219e+02 7.0587799072e+02 7.0602801514e+02 7.0621099854e+02 7.0624102783e+02 7.0616998291e+02 7.0622998047e+02 7.0627899170e+02 7.0626501465e+02 7.0620501709e+02 7.0610101318e+02 7.0609802246e+02 7.0615600586e+02 7.0620800781e+02 7.0630700684e+02 7.0636602783e+02 7.0646801758e+02 7.0660498047e+02 7.0678802490e+02 7.0696099854e+02 7.0701702881e+02 7.0706298828e+02
7.0346099854e+02 7.0348199463e+02 7.0348901367e+02 7.0347601318e+02 7.0346398926e+02 7.0353198242e+02 7.0362597656e+02 7.0364501953e+02 7.0369500732e+02 7.0376702881e+02 7.0387200928e+02 7.0400500488e+02 7.0413397217e+02 7.0426000977e+02 7.0440899658e+02 7.0461102295e+02 7.0476300049e+02 7.0482397461e+02 7.0491497803e+02 7.0509100342e+02 7.0527899170e+02 7.0542199707e+02 7.0548699951e+02 7.0552301025e+02 7.0556201172e+02 7.0563800049e+02 7.0571899414e+02 7.0584399414e+02 7.0591998291e+02 7.0589599609e+02 7.0591601563e+02 7.0597497559e+02 7.0591497803e+02 7.0586199951e+02 7.0585797119e+02 7.0584100342e+02 7.0593902588e+02 7.0603802490e+02 7.0612597656e+02 7.0617999268e+02 7.0623797607e+02 7.0631500244e+02 7.0642797852e+02 7.0654101563e+02 7.0665502930e+02 7.0677502441e+02
7.0317199707e+02 7.0323199463e+02 7.0328302002e+02 7.0332800293e+02 7.0331298828e+02 7.0333197021e+02 7.0336297607e+02 7.0341699219e+02 7.0346801758e+02 7.0351501465e+02 7.0364099121e+02 7.0377600098e+02 7.0391101074e+02 7.0403399658e+02 7.0417797852e+02 7.0435601807e+02 7.0451300049e+02 7.0463897705e+02 7.0477600098e+02 7.0496997070e+02 7.0507397461e+02 7.0515301514e+02 7.0522900391e+02 7.0528198242e+02 7.0533099365e+02 7.0539300537e+02 7.0540600586e+02 7.0546600342e+02 7.0553698730e+02 7.0557098389e+02 7.0559997559e+02 7.0566101074e+02 7.0561700439e+02 7.0558697510e+02 7.0559002686e+02 7.0561199951e+02 7.0574902344e+02 7.0584301758e+02 7.0589697266e+02 7.0594598389e+02 7.0598400879e+02 7.0601202393e+02 7.0610302734e+02 7.0625500488e+02 7.0639599609e+02 7.0647100830e+02
7.0286297607e+02 7.0294897461e+02 7.0296099854e+02 7.0304901123e+02 7.0314501953e+02 7.0314801025e+02 7.0312597656e+02 7.0322998047e+02 7.0328100586e+02 7.0327801514e+02 7.0337799072e+02 7.0351599121e+02 7.0368701172e+02 7.0382897949e+02 7.0394097900e+02 7.0410699463e+02 7.0428802490e+02 7.0445800781e+02 7.0457397461e+02 7.0471899414e+02 7.0482501221e+02 7.0491802979e+02 7.0497100830e+02 7.0501300049e+02 7.0505999756e+02 7.0510900879e+02 7.0509100342e+02 7.0513000488e+02 7.0519097900e+02 7.0528198242e+02 7.0537701416e+02 7.0536297607e+02 7.0535400391e+02 7.0539001465e+02 7.0537701416e+02 7.0543902588e+02 7.0552197266e+02 7.0556298828e+02 7.0566900635e+02 7.0566302490e+02 7.0567401123e+02 7.0572399902e+02 7.0584100342e+02 7.0597601318e+02 7.0606201172e+02 7.0614398193e+02
7.0269500732e+02 7.0275402832e+02 7.0273602295e+02 7.0276800537e+02 7.0285400391e+02 7.0292102051e+02 7.0296398926e+02 7.0300701904e+02 7.0303399658e+02 7.0306298828e+02 7.0317999268e+02 7.0330200195e+02 7.0341699219e+02 7.0355902100e+02 7.0371301270e+02 7.0388397217e+02 7.0406298828e+02 7.0422900391e+02 7.0434600830e+02 7.0445202637e+02 7.0455499268e+02 7.0466802979e+02 7.0475701904e+02 7.0473498535e+02 7.0472497559e+02 7.0472399902e+02 7.0474700928e+02 7.0482397461e+02 7.0491198730e+02 7.0501800537e+02 7.0508801270e+02 7.0508697510e+02 7.0509899902e+02 7.0517999268e+02 7.0522497559e+02 7.0520001221e+02 7.0523498535e+02 7.0532897949e+02 7.0539398193e+02 7.0538201904e+02 7.0536602783e+02 7.0542401123e+02 7.0557897949e+02 7.0566101074e+02 7.0576397705e+02 7.0594702148e+02
7.0242999268e+02 7.0246301270e+02 7.0247497559e+02 7.0248901367e+02 7.0257800293e+02 7.0268402100e+02 7.0275097656e+02 7.0277301025e+02 7.0281402588e+02 7.0289697266e+02 7.0302899170e+02 7.0313201904e+02 7.0321600342e+02 7.0334600830e+02 7.0349597168e+02 7.0364001465e+02 7.0377099609e+02 7.0390502930e+02 7.0406799316e+02 7.0421301270e+02 7.0428997803e+02 7.0434497070e+02 7.0443798828e+02 7.0441802979e+02 7.0439697266e+02 7.0441198730e+02 7.0447601318e+02 7.0455499268e+02 7.0463000488e+02 7.0473602295e+02 7.0478497314e+02 7.0480700684e+02 7.0484497070e+02 7.0487402344e+02 7.0493200684e+02 7.0496099854e+02 7.0505297852e+02 7.0516101074e+02 7.0509399414e+02 7.0507501221e+02 7.0510998535e+02 7.0522698975e+02 7.0544299316e+02 7.0550598145e+02 7.0551599121e+02 7.0557702637e+02
7.0221301270e+02 7.0223297119e+02 7.0230700684e+02 7.0234301758e+02 7.0238897705e+02 7.0246197510e+02 7.0251702881e+02 7.0257098389e+02 7.0265600586e+02 7.0278997803e+02 7.0289801025e+02 7.0298400879e+02 7.0308197021e+02 7.0316497803e+02 7.0326098633e+02 7.0337200928e+02 7.0350500488e+02 7.0364599609e+02 7.0376501465e+02 7.0389599609e+02 7.0399700928e+02 7.0400097656e+02 7.0400799561e+02 7.0404901123e+02 7.0410699463e+02 7.0416400146e+02 7.0424298096e+02 7.0430297852e+02 7.0433001709e+02 7.0439599609e+02 7.0444201660e+02 7.0447302246e+02 7.0452398682e+02 7.0454302979e+02 7.0460900879e+02 7.0471899414e+02 7.0484698486e+02 7.0490899658e+02 7.0477697754e+02 7.0477001953e+02 7.0487597656e+02 7.0500097656e+02 7.0521301270e+02 7.0529998779e+02 7.0517498779e+02 7.0504998779e+02
7.0207702637e+02 7.0212701416e+02 7.0219097900e+02 7.0221899414e+02 7.0222998047e+02 7.0229901123e+02 7.0241998291e+02 7.0247302246e+02 7.0254199219e+02 7.0265997314e+02 7.0266400146e+02 7.0279699707e+02 7.0293701172e+02 7.0302099609e+02 7.0311199951e+02 7.0317401123e+02 7.0330603027e+02 7.0344396973e+02 7.0344396973e+02 7.0349102783e+02 7.0361199951e+02 7.0365399170e+02 7.0363598633e+02 7.0370501709e+02 7.0383398438e+02 7.0390698242e+02 7.0388800049e+02 7.0393798828e+02 7.0398297119e+02 7.0405902100e+02 7.0411901855e+02 7.0411901855e+02 7.0415600586e+02 7.0422497559e+02 7.0429797363e+02 7.0440002441e+02 7.0446697998e+02 7.0448199463e+02 7.0447900391e+02 7.0458599854e+02 7.0474200439e+02 7.0478601074e+02 7.0477301025e+02 7.0477801514e+02 7.0466900635e+02 7.0459698486e+02
7.0194000244e+02 7.0197601318e+02 7.0200897217e+02 7.0206298828e+02 7.0209399414e+02 7.0214898682e+02 7.0231500244e+02 7.0239697266e+02 7.0240899658e+02 7.0242999268e+02 7.0245300293e+02 7.0255798340e+02 7.0268103027e+02 7.0284600830e+02 7.0296997070e+02 7.0299200439e+02 7.0306500244e+02 7.0317401123e+02 7.0321197510e+02 7.0322399902e+02 7.0327301025e+02 7.0331097412e+02 7.0331597900e+02 7.0335498047e+02 7.0345098877e+02 7.0354400635e+02 7.0355297852e+02 7.0361297607e+02 7.0372100830e+02 7.0380700684e+02 7.0379998779e+02 7.0379699707e+02 7.0387097168e+02 7.0399700928e+02 7.0404998779e+02 7.0407299805e+02 7.0411700439e+02 7.0416802979e+02 7.0424102783e+02 7.0430902100e+02 7.0438702393e+02 7.0438598633e+02 7.0434802246e+02 7.0426202393e+02 7.0422900391e+02 7.0433898926e+02
7.0176800537e+02 7.0183001709e+02 7.0190698242e+02 7.0198101807e+02 7.0200701904e+02 7.0204199219e+02 7.0216302490e+02 7.0226300049e+02 7.0229797363e+02 7.0228100586e+02 7.0231500244e+02 7.0240502930e+02 7.0250598145e+02 7.0267498779e+02 7.0279101563e+02 7.0279498291e+02 7.0279998779e+02 7.0284899902e+02 7.0292999268e+02 7.0297497559e+02 7.0298999023e+02 7.0301202393e+02 7.0300897217e+02 7.0299200439e+02 7.0307598877e+02 7.0320697021e+02 7.0328997803e+02 7.0336199951e+02 7.0344097900e+02 7.0349499512e+02 7.0350097656e+02 7.0354699707e+02 7.0368402100e+02 7.0382598877e+02 7.0383697510e+02 7.0382000732e+02 7.0386798096e+02 7.0394097900e+02 7.0395501709e+02 7.0390899658e+02 7.0390802002e+02 7.0389398193e+02 7.0389801025e+02 7.0389599609e+02 7.0405999756e+02 7.0430902100e+02
7.0168298340e+02 7.0175000000e+02 7.0182299805e+02 7.0185498047e+02 7.0188500977e+02 7.0192999268e+02 7.0200000000e+02 7.0205603027e+02 7.0208599854e+02 7.0212097168e+02 7.0221002197e+02 7.0227502441e+02 7.0232397461e+02 7.0243902588e+02 7.0254302979e+02 7.0259997559e+02 7.0261798096e+02 7.0261798096e+02 7.0263897705e+02 7.0267999268e+02 7.0268200684e+02 7.0271197510e+02 7.0271099854e+02 7.0271502686e+02 7.0281500244e+02 7.0294799805e+02 7.0302697754e+02 7.0308099365e+02 7.0314398193e+02 7.0321502686e+02 7.0328497314e+02 7.0339398193e+02 7.0351300049e+02 7.0357202148e+02 7.0356799316e+02 7.0354699707e+02 7.0358502197e+02 7.0362097168e+02 7.0355999756e+02 7.0349200439e+02 7.0352001953e+02 7.0352197266e+02 7.0343298340e+02 7.0356701660e+02 7.0395800781e+02 7.0428302002e+02
