TESTSERVER/22/7.asc
NCOLS 100
NROWS 100
XLLCORNER 8.5997500000e+03
YLLCORNER 2.8960025000e+05
CELLSIZE 5.0000000000e-01
NODATA_VALUE -9.9990000000e+03
[rows 0 to 19 of 100, columns 0 to 45 of 100]
6.9734100342e+02 6.9747802734e+02 6.9761999512e+02 6.9777398682e+02 6.9784399414e+02 6.9785302734e+02 6.9789801025e+02 6.9797302246e+02 6.9808502197e+02 6.9816900635e+02 6.9827197266e+02 6.9838500977e+02 6.9845098877e+02 6.9851501465e+02 6.9859997559e+02 6.9866998291e+02 6.9871697998e+02 6.9886297607e+02 6.9896398926e+02 6.9902697754e+02 6.9913598633e+02 6.9922497559e+02 6.9930200195e+02 6.9938299561e+02 6.9945202637e+02 6.9955603027e+02 6.9967297363e+02 6.9977899170e+02 6.9984301758e+02 6.9993798828e+02 7.0005798340e+02 7.0019396973e+02 7.0031701660e+02 7.0044396973e+02 7.0058197021e+02 7.0074700928e+02 7.0089001465e+02 7.0099102783e+02 7.0108502197e+02 7.0115802002e+02 7.0122900391e+02 7.0126501465e+02 7.0131799316e+02 7.0146997070e+02 7.0163299561e+02 7.0165802002e+02
6.9716101074e+02 6.9728997803e+02 6.9738800049e+02 6.9748297119e+02 6.9760400391e+02 6.9768402100e+02 6.9775598145e+02 6.9784802246e+02 6.9794500732e+02 6.9804101563e+02 6.9815197754e+02 6.9825201416e+02 6.9832202148e+02 6.9837200928e+02 6.9843200684e+02 6.9851501465e+02 6.9859197998e+02 6.9868798828e+02 6.9876800537e+02 6.9883300781e+02 6.9893701172e+02 6.9903900146e+02 6.9913500977e+02 6.9923901367e+02 6.9933099365e+02 6.9942102051e+02 6.9953002930e+02 6.9962500000e+02 6.9970202637e+02 6.9982098389e+02 6.9993200684e+02 7.0004901123e+02 7.0014599609e+02 7.0022399902e+02 7.0039099121e+02 7.0059997559e+02 7.0075097656e+02 7.0084100342e+02 7.0092102051e+02 7.0100299072e+02 7.0109899902e+02 7.0114099121e+02 7.0120501709e+02 7.0134497070e+02 7.0141601563e+02 7.0145202637e+02
6.9691198730e+02 6.9704302979e+02 6.9716101074e+02 6.9727600098e+02 6.9738397217e+02 6.9746697998e+02 6.9754797363e+02 6.9764300537e+02 6.9775299072e+02 6.9788201904e+02 6.9798498535e+02 6.9806799316e+02 6.9815698242e+02 6.9822100830e+02 6.9828601074e+02 6.9839001465e+02 6.9848400879e+02 6.9853198242e+02 6.9860699463e+02 6.9869000244e+02 6.9879699707e+02 6.9891497803e+02 6.9902502441e+02 6.9912402344e+02 6.9920202637e+02 6.9928698730e+02 6.9938702393e+02 6.9947198486e+02 6.9953601074e+02 6.9965899658e+02 6.9975201416e+02 6.9984399414e+02 6.9994598389e+02 7.0006298828e+02 7.0025299072e+02 7.0043499756e+02 7.0057800293e+02 7.0067498779e+02 7.0078198242e+02 7.0089398193e+02 7.0099499512e+02 7.0100897217e+02 7.0104400635e+02 7.0116497803e+02 7.0120501709e+02 7.0121801758e+02
6.9668103027e+02 6.9681500244e+02 6.9695001221e+02 6.9707397461e+02 6.9716101074e+02 6.9723498535e+02 6.9732598877e+02 6.9743298340e+02 6.9756896973e+02 6.9771002197e+02 6.9782702637e+02 6.9792297363e+02 6.9802801514e+02 6.9810198975e+02 6.9815899658e+02 6.9824401855e+02 6.9834497070e+02 6.9842797852e+02 6.9852801514e+02 6.9863500977e+02 6.9872802734e+02 6.9881597900e+02 6.9890197754e+02 6.9896899414e+02 6.9903698730e+02 6.9913500977e+02 6.9923101807e+02 6.9930297852e+02 6.9934698486e+02 6.9949102783e+02 6.9959698486e+02 6.9969598389e+02 6.9982897949e+02 6.9996697998e+02 7.0013201904e+02 7.0028100586e+02 7.0043597412e+02 7.0055999756e+02 7.0068597412e+02 7.0077301025e+02 7.0086700439e+02 7.0087597656e+02 7.0090802002e+02 7.0100299072e+02 7.0106097412e+02 7.0103900146e+02
6.9657397461e+02 6.9665399170e+02 6.9676202393e+02 6.9688000488e+02 6.9701098633e+02 6.9711401367e+02 6.9725201416e+02 6.9739202881e+02 6.9752899170e+02 6.9761199951e+02 6.9774700928e+02 6.9785498047e+02 6.9791998291e+02 6.9800402832e+02 6.9808697510e+02 6.9816699219e+02 6.9825598145e+02 6.9835699463e+02 6.9844396973e+02 6.9853497314e+02 6.9861999512e+02 6.9869598389e+02 6.9877697754e+02 6.9882800293e+02 6.9889599609e+02 6.9898400879e+02 6.9908001709e+02 6.9917297363e+02 6.9925701904e+02 6.9946997070e+02 6.9964801025e+02 6.9975598145e+02 6.9978100586e+02 6.9986102295e+02 7.0001000977e+02 7.0022802734e+02 7.0039599609e+02 7.0051599121e+02 7.0063098145e+02 7.0069000244e+02 7.0070599365e+02 7.0075201416e+02 7.0079602051e+02 7.0082202148e+02 7.0086199951e+02 7.0089898682e+02
6.9648797607e+02 6.9653601074e+02 6.9661297607e+02 6.9672399902e+02 6.9688299561e+02 6.9700897217e+02 6.9715502930e+02 6.9731201172e+02 6.9741802979e+02 6.9747698975e+02 6.9758398438e+02 6.9770697021e+02 6.9777697754e+02 6.9788897705e+02 6.9797998047e+02 6.9805499268e+02 6.9813598633e+02 6.9821502686e+02 6.9830603027e+02 6.9840399170e+02 6.9849902344e+02 6.9863299561e+02 6.9874700928e+02 6.9877600098e+02 6.9883001709e+02 6.9890002441e+02 6.9898901367e+02 6.9913397217e+02 6.9923699951e+02 6.9938299561e+02 6.9954199219e+02 6.9966900635e+02 6.9972399902e+02 6.9979602051e+02 6.9996502686e+02 7.0024902344e+02 7.0026098633e+02 7.0038000488e+02 7.0048999023e+02 7.0054699707e+02 7.0050799561e+02 7.0049499512e+02 7.0055700684e+02 7.0063000488e+02 7.0068597412e+02 7.0069299316e+02
6.9640802002e+02 6.9644201660e+02 6.9651000977e+02 6.9659802246e+02 6.9671099854e+02 6.9683801270e+02 6.9696600342e+02 6.9708801270e+02 6.9720300293e+02 6.9730798340e+02 6.9746197510e+02 6.9764099121e+02 6.9774298096e+02 6.9784802246e+02 6.9791998291e+02 6.9798199463e+02 6.9806298828e+02 6.9815002441e+02 6.9825097656e+02 6.9834399414e+02 6.9842401123e+02 6.9855603027e+02 6.9867297363e+02 6.9870397949e+02 6.9875598145e+02 6.9880603027e+02 6.9886499023e+02 6.9901202393e+02 6.9911297607e+02 6.9917102051e+02 6.9928497314e+02 6.9940802002e+02 6.9948999023e+02 6.9957897949e+02 6.9975000000e+02 6.9999700928e+02 7.0000799561e+02 7.0013897705e+02 7.0019598389e+02 7.0029302979e+02 7.0028497314e+02 7.0025701904e+02 7.0035601807e+02 7.0047998047e+02 7.0053302002e+02 7.0049902344e+02
6.9632098389e+02 6.9635797119e+02 6.9641998291e+02 6.9650598145e+02 6.9658099365e+02 6.9669500732e+02 6.9682897949e+02 6.9694897461e+02 6.9710699463e+02 6.9726599121e+02 6.9743902588e+02 6.9761602783e+02 6.9778002930e+02 6.9789202881e+02 6.9792602539e+02 6.9797198486e+02 6.9804797363e+02 6.9810900879e+02 6.9819897461e+02 6.9829797363e+02 6.9837298584e+02 6.9843298340e+02 6.9852697754e+02 6.9858801270e+02 6.9865301514e+02 6.9866699219e+02 6.9868499756e+02 6.9877197266e+02 6.9886297607e+02 6.9894799805e+02 6.9910900879e+02 6.9929400635e+02 6.9939898682e+02 6.9946899414e+02 6.9961602783e+02 6.9973699951e+02 6.9973101807e+02 6.9982897949e+02 6.9990399170e+02 7.0005603027e+02 7.0004498291e+02 7.0008599854e+02 7.0022900391e+02 7.0030798340e+02 7.0041601563e+02 7.0035498047e+02
6.9623498535e+02 6.9631298828e+02 6.9637701416e+02 6.9651397705e+02 6.9664898682e+02 6.9667199707e+02 6.9679199219e+02 6.9695300293e+02 6.9715002441e+02 6.9727398682e+02 6.9736999512e+02 6.9747100830e+02 6.9771002197e+02 6.9787298584e+02 6.9785797119e+02 6.9787701416e+02 6.9797802734e+02 6.9803399658e+02 6.9810998535e+02 6.9818902588e+02 6.9821697998e+02 6.9830102539e+02 6.9841998291e+02 6.9852697754e+02 6.9862200928e+02 6.9864898682e+02 6.9863201904e+02 6.9863800049e+02 6.9867901611e+02 6.9878802490e+02 6.9899298096e+02 6.9924700928e+02 6.9929901123e+02 6.9933697510e+02 6.9948498535e+02 6.9952099609e+02 6.9952502441e+02 6.9953802490e+02 6.9967199707e+02 6.9985998535e+02 6.9978100586e+02 6.9983099365e+02 7.0009002686e+02 7.0025402832e+02 7.0028601074e+02 7.0021801758e+02
6.9616198730e+02 6.9623999023e+02 6.9632800293e+02 6.9646899414e+02 6.9658300781e+02 6.9660900879e+02 6.9668200684e+02 6.9681402588e+02 6.9696502686e+02 6.9712597656e+02 6.9720397949e+02 6.9729901123e+02 6.9750500488e+02 6.9767602539e+02 6.9771197510e+02 6.9773699951e+02 6.9782800293e+02 6.9792199707e+02 6.9799798584e+02 6.9805798340e+02 6.9809899902e+02 6.9822998047e+02 6.9839099121e+02 6.9846600342e+02 6.9850402832e+02 6.9854797363e+02 6.9851397705e+02 6.9852697754e+02 6.9860797119e+02 6.9865100098e+02 6.9874798584e+02 6.9889398193e+02 6.9890399170e+02 6.9903497314e+02 6.9925000000e+02 6.9932202148e+02 6.9937902832e+02 6.9942498779e+02 6.9953100586e+02 6.9972900391e+02 6.9961798096e+02 6.9965197754e+02 6.9980999756e+02 6.9984002686e+02 6.9985302734e+02 6.9982800293e+02
6.9608697510e+02 6.9611901855e+02 6.9621801758e+02 6.9635302734e+02 6.9639697266e+02 6.9640399170e+02 6.9649298096e+02 6.9661102295e+02 6.9670001221e+02 6.9688500977e+02 6.9704400635e+02 6.9717401123e+02 6.9729797363e+02 6.9745202637e+02 6.9752398682e+02 6.9758599854e+02 6.9767199707e+02 6.9772399902e+02 6.9776702881e+02 6.9784802246e+02 6.9796997070e+02 6.9816400146e+02 6.9835699463e+02 6.9842102051e+02 6.9838500977e+02 6.9840002441e+02 6.9836602783e+02 6.9837902832e+02 6.9844299316e+02 6.9843798828e+02 6.9848199463e+02 6.9854797363e+02 6.9860101318e+02 6.9874798584e+02 6.9889898682e+02 6.9899200439e+02 6.9909301758e+02 6.9916302490e+02 6.9930401611e+02 6.9958898926e+02 6.9945898438e+02 6.9950402832e+02 6.9953497314e+02 6.9940197754e+02 6.9945300293e+02 6.9960797119e+02
6.9596997070e+02 6.9597698975e+02 6.9607000732e+02 6.9622302246e+02 6.9628198242e+02 6.9627899170e+02 6.9635797119e+02 6.9647900391e+02 6.9657501221e+02 6.9673101807e+02 6.9692297363e+02 6.9706402588e+02 6.9714202881e+02 6.9724401855e+02 6.9730999756e+02 6.9740197754e+02 6.9751300049e+02 6.9752600098e+02 6.9754400635e+02 6.9765197754e+02 6.9782501221e+02 6.9798199463e+02 6.9817602539e+02 6.9827801514e+02 6.9821997070e+02 6.9820800781e+02 6.9823199463e+02 6.9824700928e+02 6.9824401855e+02 6.9829901123e+02 6.9838702393e+02 6.9842901611e+02 6.9843103027e+02 6.9847100830e+02 6.9855603027e+02 6.9866101074e+02 6.9879302979e+02 6.9881402588e+02 6.9892901611e+02 6.9921398926e+02 6.9907501221e+02 6.9912799072e+02 6.9921197510e+02 6.9919201660e+02 6.9933398438e+02 6.9952502441e+02
6.9586199951e+02 6.9594201660e+02 6.9602600098e+02 6.9612298584e+02 6.9621197510e+02 6.9621997070e+02 6.9625402832e+02 6.9637298584e+02 6.9655999756e+02 6.9666302490e+02 6.9675201416e+02 6.9682098389e+02 6.9695501709e+02 6.9706402588e+02 6.9710601807e+02 6.9719201660e+02 6.9733001709e+02 6.9735797119e+02 6.9739398193e+02 6.9750598145e+02 6.9765899658e+02 6.9765301514e+02 6.9778198242e+02 6.9792797852e+02 6.9797998047e+02 6.9802801514e+02 6.9813800049e+02 6.9815698242e+02 6.9807897949e+02 6.9814001465e+02 6.9818701172e+02 6.9822802734e+02 6.9828302002e+02 6.9828601074e+02 6.9836401367e+02 6.9844500732e+02 6.9855902100e+02 6.9860797119e+02 6.9856896973e+02 6.9861401367e+02 6.9869299316e+02 6.9875097656e+02 6.9882598877e+02 6.9890002441e+02 6.9903002930e+02 6.9917401123e+02
6.9581896973e+02 6.9604498291e+02 6.9617297363e+02 6.9618798828e+02 6.9616998291e+02 6.9611102295e+02 6.9608300781e+02 6.9620202637e+02 6.9644097900e+02 6.9652301025e+02 6.9658099365e+02 6.9658398438e+02 6.9669799805e+02 6.9690399170e+02 6.9699200439e+02 6.9706201172e+02 6.9712200928e+02 6.9718200684e+02 6.9725402832e+02 6.9732800293e+02 6.9740399170e+02 6.9745501709e+02 6.9754797363e+02 6.9763800049e+02 6.9771301270e+02 6.9783300781e+02 6.9794201660e+02 6.9791400146e+02 6.9789801025e+02 6.9798400879e+02 6.9798400879e+02 6.9802099609e+02 6.9815197754e+02 6.9817102051e+02 6.9814599609e+02 6.9814202881e+02 6.9827398682e+02 6.9830102539e+02 6.9831201172e+02 6.9837902832e+02 6.9846502686e+02 6.9849597168e+02 6.9854400635e+02 6.9859802246e+02 6.9868499756e+02 6.9880999756e+02
6.9562200928e+02 6.9586700439e+02 6.9606500244e+02 6.9610900879e+02 6.9605297852e+02 6.9602899170e+02 6.9596398926e+02 6.9603802490e+02 6.9631402588e+02 6.9631799316e+02 6.9636700439e+02 6.9641198730e+02 6.9648297119e+02 6.9669000244e+02 6.9685198975e+02 6.9694396973e+02 6.9693402100e+02 6.9698901367e+02 6.9705999756e+02 6.9713897705e+02 6.9722900391e+02 6.9731097412e+02 6.9738702393e+02 6.9743499756e+02 6.9748699951e+02 6.9759197998e+02 6.9767700195e+02 6.9766601563e+02 6.9769799805e+02 6.9777801514e+02 6.9782299805e+02 6.9787597656e+02 6.9794897461e+02 6.9799798584e+02 6.9796002197e+02 6.9795001221e+02 6.9807098389e+02 6.9808001709e+02 6.9807501221e+02 6.9812097168e+02 6.9817999268e+02 6.9819000244e+02 6.9827001953e+02 6.9834497070e+02 6.9845202637e+02 6.9857501221e+02
6.9534899902e+02 6.9547497559e+02 6.9566497803e+02 6.9581201172e+02 6.9585498047e+02 6.9602001953e+02 6.9603399658e+02 6.9602301025e+02 6.9613500977e+02 6.9603198242e+02 6.9605297852e+02 6.9617999268e+02 6.9628802490e+02 6.9642102051e+02 6.9658001709e+02 6.9668597412e+02 6.9670098877e+02 6.9680798340e+02 6.9688500977e+02 6.9696502686e+02 6.9705499268e+02 6.9709899902e+02 6.9715997314e+02 6.9720098877e+02 6.9729901123e+02 6.9740899658e+02 6.9747601318e+02 6.9752301025e+02 6.9755102539e+02 6.9757800293e+02 6.9765399170e+02 6.9771697998e+02 6.9772698975e+02 6.9775299072e+02 6.9770697021e+02 6.9770501709e+02 6.9779797363e+02 6.9785400391e+02 6.9787298584e+02 6.9790899658e+02 6.9797100830e+02 6.9799597168e+02 6.9808099365e+02 6.9815002441e+02 6.9823199463e+02 6.9831298828e+02
6.9519299316e+02 6.9523797607e+02 6.9532202148e+02 6.9544000244e+02 6.9552301025e+02 6.9568402100e+02 6.9581597900e+02 6.9587701416e+02 6.9595599365e+02 6.9594500732e+02 6.9588500977e+02 6.9596801758e+02 6.9615301514e+02 6.9623199463e+02 6.9634497070e+02 6.9642498779e+02 6.9648901367e+02 6.9660498047e+02 6.9666998291e+02 6.9670001221e+02 6.9677899170e+02 6.9688500977e+02 6.9699401855e+02 6.9704797363e+02 6.9718103027e+02 6.9728100586e+02 6.9732897949e+02 6.9739398193e+02 6.9739398193e+02 6.9741101074e+02 6.9746502686e+02 6.9748699951e+02 6.9749102783e+02 6.9754901123e+02 6.9751098633e+02 6.9748602295e+02 6.9753997803e+02 6.9762298584e+02 6.9767199707e+02 6.9771002197e+02 6.9777801514e+02 6.9783197021e+02 6.9788397217e+02 6.9795599365e+02 6.9805401611e+02 6.9812902832e+02
6.9503601074e+02 6.9508099365e+02 6.9515899658e+02 6.9525097656e+02 6.9531896973e+02 6.9534899902e+02 6.9543701172e+02 6.9558398438e+02 6.9569897461e+02 6.9583099365e+02 6.9584600830e+02 6.9582598877e+02 6.9595202637e+02 6.9605700684e+02 6.9616802979e+02 6.9623999023e+02 6.9629699707e+02 6.9637500000e+02 6.9648602295e+02 6.9657299805e+02 6.9663397217e+02 6.9674298096e+02 6.9685900879e+02 6.9692199707e+02 6.9704901123e+02 6.9710699463e+02 6.9716699219e+02 6.9725799561e+02 6.9724298096e+02 6.9723797607e+02 6.9726300049e+02 6.9727001953e+02 6.9728497314e+02 6.9731701660e+02 6.9730499268e+02 6.9729101563e+02 6.9735601807e+02 6.9744396973e+02 6.9749200439e+02 6.9752899170e+02 6.9758801270e+02 6.9763800049e+02 6.9773101807e+02 6.9782897949e+02 6.9791497803e+02 6.9797698975e+02
6.9488500977e+02 6.9496099854e+02 6.9503997803e+02 6.9512200928e+02 6.9517602539e+02 6.9520098877e+02 6.9526000977e+02 6.9536700439e+02 6.9542901611e+02 6.9560498047e+02 6.9581799316e+02 6.9584301758e+02 6.9578601074e+02 6.9584899902e+02 6.9597802734e+02 6.9606298828e+02 6.9610601807e+02 6.9620599365e+02 6.9640600586e+02 6.9657501221e+02 6.9657702637e+02 6.9666101074e+02 6.9673797607e+02 6.9678900146e+02 6.9687701416e+02 6.9693798828e+02 6.9700000000e+02 6.9708502197e+02 6.9709899902e+02 6.9707299805e+02 6.9705200195e+02 6.9702502441e+02 6.9705102539e+02 6.9707397461e+02 6.9706799316e+02 6.9708398438e+02 6.9714599609e+02 6.9719000244e+02 6.9724700928e+02 6.9730999756e+02 6.9739801025e+02 6.9751000977e+02 6.9766302490e+02 6.9774499512e+02 6.9780102539e+02 6.9786102295e+02
6.9475000000e+02 6.9483801270e+02 6.9491497803e+02 6.9498199463e+02 6.9503002930e+02 6.9509802246e+02 6.9516101074e+02 6.9524298096e+02 6.9529901123e+02 6.9540802002e+02 6.9561297607e+02 6.9569598389e+02 6.9564697266e+02 6.9566400146e+02 6.9575799561e+02 6.9584802246e+02 6.9591198730e+02 6.9603601074e+02 6.9626800537e+02 6.9647302246e+02 6.9650097656e+02 6.9660601807e+02 6.9664898682e+02 6.9666198730e+02 6.9669299316e+02 6.9677398682e+02 6.9684497070e+02 6.9692700195e+02 6.9697900391e+02 6.9697998047e+02 6.9691998291e+02 6.9684002686e+02 6.9684899902e+02 6.9686602783e+02 6.9687902832e+02 6.9691302490e+02 6.9695098877e+02 6.9696997070e+02 6.9704901123e+02 6.9714099121e+02 6.9724798584e+02 6.9739398193e+02 6.9757702637e+02 6.9763299561e+02 6.9771398926e+02 6.9775097656e+02
