TESTSERVER/22/7.asc
NCOLS 100
NROWS 100
XLLCORNER 8.5997500000e+03
YLLCORNER 2.8960025000e+05
CELLSIZE 5.0000000000e-01
NODATA_VALUE -9.9990000000e+03
[rows 40 to 59 of 100, columns 0 to 45 of 100]
6.9230401611e+02 6.9228002930e+02 6.9226800537e+02 6.9226098633e+02 6.9226599121e+02 6.9235101318e+02 6.9247100830e+02 6.9255102539e+02 6.9255603027e+02 6.9253601074e+02 6.9250799561e+02 6.9253002930e+02 6.9259497070e+02 6.9271398926e+02 6.9280999756e+02 6.9286297607e+02 6.9292700195e+02 6.9301397705e+02 6.9309802246e+02 6.9319897461e+02 6.9327801514e+02 6.9334100342e+02 6.9341699219e+02 6.9345202637e+02 6.9350799561e+02 6.9361401367e+02 6.9370202637e+02 6.9380401611e+02 6.9388397217e+02 6.9394299316e+02 6.9399298096e+02 6.9407202148e+02 6.9415899658e+02 6.9422601318e+02 6.9429400635e+02 6.9429400635e+02 6.9421502686e+02 6.9410900879e+02 6.9383197021e+02 6.9363299561e+02 6.9371197510e+02 6.9389801025e+02 6.9402697754e+02 6.9413397217e+02 6.9428399658e+02 6.9438800049e+02
6.9216400146e+02 6.9215399170e+02 6.9213702393e+02 6.9211798096e+02 6.9215502930e+02 6.9224401855e+02 6.9232598877e+02 6.9238897705e+02 6.9241699219e+02 6.9235498047e+02 6.9232202148e+02 6.9236297607e+02 6.9243902588e+02 6.9260699463e+02 6.9272497559e+02 6.9276202393e+02 6.9280798340e+02 6.9291601563e+02 6.9299597168e+02 6.9306597900e+02 6.9313500977e+02 6.9322900391e+02 6.9331799316e+02 6.9338702393e+02 6.9347900391e+02 6.9355499268e+02 6.9363201904e+02 6.9374102783e+02 6.9383502197e+02 6.9388800049e+02 6.9394299316e+02 6.9400000000e+02 6.9403698730e+02 6.9404602051e+02 6.9404699707e+02 6.9395800781e+02 6.9384600830e+02 6.9375299072e+02 6.9358697510e+02 6.9358599854e+02 6.9381701660e+02 6.9401202393e+02 6.9407098389e+02 6.9413397217e+02 6.9434899902e+02 6.9452197266e+02
6.9205700684e+02 6.9203802490e+02 6.9201599121e+02 6.9201000977e+02 6.9204797363e+02 6.9209899902e+02 6.9214099121e+02 6.9218902588e+02 6.9222198486e+02 6.9217602539e+02 6.9222100830e+02 6.9232299805e+02 6.9239501953e+02 6.9248602295e+02 6.9258197021e+02 6.9266601563e+02 6.9270599365e+02 6.9280401611e+02 6.9289697266e+02 6.9301300049e+02 6.9314898682e+02 6.9320898438e+02 6.9327600098e+02 6.9334997559e+02 6.9342498779e+02 6.9349902344e+02 6.9358001709e+02 6.9368298340e+02 6.9378302002e+02 6.9383697510e+02 6.9391601563e+02 6.9396997070e+02 6.9394598389e+02 6.9387701416e+02 6.9380603027e+02 6.9367999268e+02 6.9362200928e+02 6.9355700684e+02 6.9346502686e+02 6.9361700439e+02 6.9398199463e+02 6.9412298584e+02 6.9415502930e+02 6.9420898438e+02 6.9438897705e+02 6.9456097412e+02
6.9195501709e+02 6.9193597412e+02 6.9192401123e+02 6.9191699219e+02 6.9193499756e+02 6.9193597412e+02 6.9194299316e+02 6.9198199463e+02 6.9202801514e+02 6.9203198242e+02 6.9213500977e+02 6.9228198242e+02 6.9237701416e+02 6.9239398193e+02 6.9244500732e+02 6.9256799316e+02 6.9267797852e+02 6.9278302002e+02 6.9283697510e+02 6.9294396973e+02 6.9312597656e+02 6.9314599609e+02 6.9320599365e+02 6.9330297852e+02 6.9337597656e+02 6.9344598389e+02 6.9353900146e+02 6.9366802979e+02 6.9375299072e+02 6.9378698730e+02 6.9386297607e+02 6.9392797852e+02 6.9384399414e+02 6.9369396973e+02 6.9355798340e+02 6.9343298340e+02 6.9344000244e+02 6.9342602539e+02 6.9340899658e+02 6.9366601563e+02 6.9406402588e+02 6.9410699463e+02 6.9419598389e+02 6.9430401611e+02 6.9442297363e+02 6.9458197021e+02
6.9185198975e+02 6.9187097168e+02 6.9185797119e+02 6.9182000732e+02 6.9182598877e+02 6.9182702637e+02 6.9182702637e+02 6.9186798096e+02 6.9191601563e+02 6.9191802979e+02 6.9199401855e+02 6.9212597656e+02 6.9223498535e+02 6.9227502441e+02 6.9233801270e+02 6.9252801514e+02 6.9282598877e+02 6.9297399902e+02 6.9294500732e+02 6.9291601563e+02 6.9298101807e+02 6.9305902100e+02 6.9317901611e+02 6.9328900146e+02 6.9336102295e+02 6.9344299316e+02 6.9354302979e+02 6.9369097900e+02 6.9372399902e+02 6.9374499512e+02 6.9380297852e+02 6.9378302002e+02 6.9355102539e+02 6.9330798340e+02 6.9315502930e+02 6.9309600830e+02 6.9311901855e+02 6.9309100342e+02 6.9316198730e+02 6.9353900146e+02 6.9393298340e+02 6.9399597168e+02 6.9417102051e+02 6.9433898926e+02 6.9441900635e+02 6.9460302734e+02
6.9177697754e+02 6.9180902100e+02 6.9181097412e+02 6.9177301025e+02 6.9174700928e+02 6.9172302246e+02 6.9172100830e+02 6.9176800537e+02 6.9180401611e+02 6.9182202148e+02 6.9192797852e+02 6.9207800293e+02 6.9215197754e+02 6.9217401123e+02 6.9234100342e+02 6.9266400146e+02 6.9299499512e+02 6.9315301514e+02 6.9311102295e+02 6.9302197266e+02 6.9294897461e+02 6.9300500488e+02 6.9316699219e+02 6.9327697754e+02 6.9333898926e+02 6.9343200684e+02 6.9351000977e+02 6.9359802246e+02 6.9363098145e+02 6.9365100098e+02 6.9362597656e+02 6.9348797607e+02 6.9322198486e+02 6.9298602295e+02 6.9291998291e+02 6.9293798828e+02 6.9297497559e+02 6.9301000977e+02 6.9307202148e+02 6.9340502930e+02 6.9378698730e+02 6.9395898438e+02 6.9416198730e+02 6.9428997803e+02 6.9439599609e+02 6.9463702393e+02
6.9168902588e+02 6.9173602295e+02 6.9177697754e+02 6.9178302002e+02 6.9173901367e+02 6.9169500732e+02 6.9162097168e+02 6.9164099121e+02 6.9172497559e+02 6.9177502441e+02 6.9188299561e+02 6.9199597168e+02 6.9206097412e+02 6.9212298584e+02 6.9235998535e+02 6.9274298096e+02 6.9301702881e+02 6.9315002441e+02 6.9316601563e+02 6.9309899902e+02 6.9296997070e+02 6.9303302002e+02 6.9316802979e+02 6.9324902344e+02 6.9328900146e+02 6.9335601807e+02 6.9342199707e+02 6.9347900391e+02 6.9351599121e+02 6.9349597168e+02 6.9336700439e+02 6.9315399170e+02 6.9291699219e+02 6.9273498535e+02 6.9276702881e+02 6.9289300537e+02 6.9300500488e+02 6.9311499023e+02 6.9310699463e+02 6.9335400391e+02 6.9380798340e+02 6.9403100586e+02 6.9418597412e+02 6.9426800537e+02 6.9440100098e+02 6.9470397949e+02
6.9158197021e+02 6.9163800049e+02 6.9166601563e+02 6.9169598389e+02 6.9170202637e+02 6.9169799805e+02 6.9158099365e+02 6.9158801270e+02 6.9170098877e+02 6.9174798584e+02 6.9183599854e+02 6.9191900635e+02 6.9198101807e+02 6.9206597900e+02 6.9228198242e+02 6.9265600586e+02 6.9292498779e+02 6.9303198242e+02 6.9306701660e+02 6.9302600098e+02 6.9292297363e+02 6.9301098633e+02 6.9310601807e+02 6.9316302490e+02 6.9321801758e+02 6.9326599121e+02 6.9329602051e+02 6.9335900879e+02 6.9339501953e+02 6.9331201172e+02 6.9310900879e+02 6.9288397217e+02 6.9274700928e+02 6.9266101074e+02 6.9268701172e+02 6.9279199219e+02 6.9300897217e+02 6.9321502686e+02 6.9322900391e+02 6.9343701172e+02 6.9388702393e+02 6.9409600830e+02 6.9419201660e+02 6.9426800537e+02 6.9444097900e+02 6.9476898193e+02
6.9148297119e+02 6.9152600098e+02 6.9151599121e+02 6.9152398682e+02 6.9154199219e+02 6.9154797363e+02 6.9150299072e+02 6.9157397461e+02 6.9168298340e+02 6.9171301270e+02 6.9176898193e+02 6.9185400391e+02 6.9193902588e+02 6.9200500488e+02 6.9215600586e+02 6.9247601318e+02 6.9277697754e+02 6.9289001465e+02 6.9289599609e+02 6.9285900879e+02 6.9283502197e+02 6.9291101074e+02 6.9300500488e+02 6.9307702637e+02 6.9314801025e+02 6.9324798584e+02 6.9324700928e+02 6.9325897217e+02 6.9321301270e+02 6.9301098633e+02 6.9277001953e+02 6.9261199951e+02 6.9256201172e+02 6.9262597656e+02 6.9265698242e+02 6.9267700195e+02 6.9287097168e+02 6.9318902588e+02 6.9354199219e+02 6.9376202393e+02 6.9392498779e+02 6.9409698486e+02 6.9418103027e+02 6.9429901123e+02 6.9450402832e+02 6.9481097412e+02
6.9126397705e+02 6.9135797119e+02 6.9139001465e+02 6.9136199951e+02 6.9136700439e+02 6.9139398193e+02 6.9143200684e+02 6.9155603027e+02 6.9164599609e+02 6.9169299316e+02 6.9170697021e+02 6.9175402832e+02 6.9185198975e+02 6.9194500732e+02 6.9207098389e+02 6.9226898193e+02 6.9244799805e+02 6.9260101318e+02 6.9267700195e+02 6.9273498535e+02 6.9281298828e+02 6.9288800049e+02 6.9298699951e+02 6.9307202148e+02 6.9312799072e+02 6.9321502686e+02 6.9320001221e+02 6.9318103027e+02 6.9305700684e+02 6.9269897461e+02 6.9240802002e+02 6.9231701660e+02 6.9241699219e+02 6.9259197998e+02 6.9267797852e+02 6.9268200684e+02 6.9275598145e+02 6.9317999268e+02 6.9376202393e+02 6.9396398926e+02 6.9399298096e+02 6.9409100342e+02 6.9416998291e+02 6.9431701660e+02 6.9455499268e+02 6.9484600830e+02
6.9103698730e+02 6.9111401367e+02 6.9117102051e+02 6.9116302490e+02 6.9121301270e+02 6.9135998535e+02 6.9143499756e+02 6.9150000000e+02 6.9153198242e+02 6.9162402344e+02 6.9168402100e+02 6.9175598145e+02 6.9182501221e+02 6.9191101074e+02 6.9205297852e+02 6.9221502686e+02 6.9230999756e+02 6.9244201660e+02 6.9255200195e+02 6.9267602539e+02 6.9280700684e+02 6.9289697266e+02 6.9299401855e+02 6.9309600830e+02 6.9311798096e+02 6.9318402100e+02 6.9320898438e+02 6.9316101074e+02 6.9287097168e+02 6.9242602539e+02 6.9214898682e+02 6.9215600586e+02 6.9241802979e+02 6.9266198730e+02 6.9272698975e+02 6.9276898193e+02 6.9298199463e+02 6.9349499512e+02 6.9389001465e+02 6.9396899414e+02 6.9399499512e+02 6.9409002686e+02 6.9419396973e+02 6.9436999512e+02 6.9461700439e+02 6.9489898682e+02
6.9086798096e+02 6.9089801025e+02 6.9095697021e+02 6.9099798584e+02 6.9108801270e+02 6.9128399658e+02 6.9137902832e+02 6.9141900635e+02 6.9144702148e+02 6.9155798340e+02 6.9165698242e+02 6.9178497314e+02 6.9180700684e+02 6.9188397217e+02 6.9206500244e+02 6.9223797607e+02 6.9233801270e+02 6.9244299316e+02 6.9255499268e+02 6.9269201660e+02 6.9281799316e+02 6.9290197754e+02 6.9294799805e+02 6.9299798584e+02 6.9297698975e+02 6.9304302979e+02 6.9313702393e+02 6.9306298828e+02 6.9264099121e+02 6.9220397949e+02 6.9199798584e+02 6.9209497070e+02 6.9242901611e+02 6.9268701172e+02 6.9277301025e+02 6.9291998291e+02 6.9328002930e+02 6.9370098877e+02 6.9389898682e+02 6.9394299316e+02 6.9402197266e+02 6.9412597656e+02 6.9427502441e+02 6.9448999023e+02 6.9472302246e+02 6.9499298096e+02
6.9072198486e+02 6.9077398682e+02 6.9084197998e+02 6.9094396973e+02 6.9106298828e+02 6.9119396973e+02 6.9128601074e+02 6.9135400391e+02 6.9143298340e+02 6.9152197266e+02 6.9159197998e+02 6.9170898438e+02 6.9177398682e+02 6.9186901855e+02 6.9204699707e+02 6.9219897461e+02 6.9229602051e+02 6.9242602539e+02 6.9258599854e+02 6.9273699951e+02 6.9284600830e+02 6.9290197754e+02 6.9287799072e+02 6.9285400391e+02 6.9282098389e+02 6.9275598145e+02 6.9280297852e+02 6.9274298096e+02 6.9240502930e+02 6.9203601074e+02 6.9192999268e+02 6.9204699707e+02 6.9229901123e+02 6.9263800049e+02 6.9284802246e+02 6.9306701660e+02 6.9332897949e+02 6.9361999512e+02 6.9382202148e+02 6.9397198486e+02 6.9409497070e+02 6.9423297119e+02 6.9440600586e+02 6.9464501953e+02 6.9487200928e+02 6.9514001465e+02
6.9062298584e+02 6.9071899414e+02 6.9083001709e+02 6.9094097900e+02 6.9104602051e+02 6.9116497803e+02 6.9123797607e+02 6.9129797363e+02 6.9142297363e+02 6.9147302246e+02 6.9151000977e+02 6.9160101318e+02 6.9170697021e+02 6.9178399658e+02 6.9195599365e+02 6.9213201904e+02 6.9222998047e+02 6.9240997314e+02 6.9257897949e+02 6.9271398926e+02 6.9282397461e+02 6.9289898682e+02 6.9283898926e+02 6.9275897217e+02 6.9262902832e+02 6.9240600586e+02 6.9231298828e+02 6.9219897461e+02 6.9206500244e+02 6.9190802002e+02 6.9189398193e+02 6.9206500244e+02 6.9237200928e+02 6.9271197510e+02 6.9292602539e+02 6.9310699463e+02 6.9334600830e+02 6.9359997559e+02 6.9380102539e+02 6.9397497559e+02 6.9415899658e+02 6.9434399414e+02 6.9453698730e+02 6.9477600098e+02 6.9502197266e+02 6.9530200195e+02
6.9055297852e+02 6.9068402100e+02 6.9082098389e+02 6.9092401123e+02 6.9105297852e+02 6.9117401123e+02 6.9122802734e+02 6.9126800537e+02 6.9136199951e+02 6.9140600586e+02 6.9144201660e+02 6.9151300049e+02 6.9159997559e+02 6.9166400146e+02 6.9182598877e+02 6.9206097412e+02 6.9224401855e+02 6.9244299316e+02 6.9256701660e+02 6.9264898682e+02 6.9268902588e+02 6.9270202637e+02 6.9263897705e+02 6.9256298828e+02 6.9239099121e+02 6.9211602783e+02 6.9191699219e+02 6.9177600098e+02 6.9178900146e+02 6.9180297852e+02 6.9193298340e+02 6.9220202637e+02 6.9255200195e+02 6.9282299805e+02 6.9296002197e+02 6.9311102295e+02 6.9335900879e+02 6.9361102295e+02 6.9380700684e+02 6.9400701904e+02 6.9425097656e+02 6.9445501709e+02 6.9466497803e+02 6.9493103027e+02 6.9520300293e+02 6.9545800781e+02
6.9054699707e+02 6.9073199463e+02 6.9085601807e+02 6.9090802002e+02 6.9101202393e+02 6.9109497070e+02 6.9116101074e+02 6.9120098877e+02 6.9124597168e+02 6.9133001709e+02 6.9137097168e+02 6.9141198730e+02 6.9148602295e+02 6.9154699707e+02 6.9167602539e+02 6.9195202637e+02 6.9223699951e+02 6.9239501953e+02 6.9247802734e+02 6.9252099609e+02 6.9244396973e+02 6.9236199951e+02 6.9229400635e+02 6.9220898438e+02 6.9201800537e+02 6.9179498291e+02 6.9164202881e+02 6.9159600830e+02 6.9167297363e+02 6.9178802490e+02 6.9205200195e+02 6.9238098145e+02 6.9269396973e+02 6.9285198975e+02 6.9294702148e+02 6.9311700439e+02 6.9337200928e+02 6.9363201904e+02 6.9385601807e+02 6.9409997559e+02 6.9438702393e+02 6.9458197021e+02 6.9480700684e+02 6.9511199951e+02 6.9540600586e+02 6.9559197998e+02
6.9054101563e+02 6.9074298096e+02 6.9083099365e+02 6.9085498047e+02 6.9091497803e+02 6.9099102783e+02 6.9109100342e+02 6.9113299561e+02 6.9113397217e+02 6.9123797607e+02 6.9129101563e+02 6.9130999756e+02 6.9136700439e+02 6.9146398926e+02 6.9157897949e+02 6.9180401611e+02 6.9206201172e+02 6.9221099854e+02 6.9226501465e+02 6.9229302979e+02 6.9218597412e+02 6.9209899902e+02 6.9200402832e+02 6.9180999756e+02 6.9163299561e+02 6.9156298828e+02 6.9149798584e+02 6.9151098633e+02 6.9162799072e+02 6.9189300537e+02 6.9222900391e+02 6.9252600098e+02 6.9270898438e+02 6.9281097412e+02 6.9293103027e+02 6.9313201904e+02 6.9337402344e+02 6.9366400146e+02 6.9394598389e+02 6.9424200439e+02 6.9454699707e+02 6.9471301270e+02 6.9495300293e+02 6.9528399658e+02 6.9560400391e+02 6.9570599365e+02
6.9054498291e+02 6.9064599609e+02 6.9071398926e+02 6.9078302002e+02 6.9082501221e+02 6.9089898682e+02 6.9100299072e+02 6.9103497314e+02 6.9104302979e+02 6.9111199951e+02 6.9120300293e+02 6.9123602295e+02 6.9130401611e+02 6.9141601563e+02 6.9151599121e+02 6.9164501953e+02 6.9181402588e+02 6.9196899414e+02 6.9202197266e+02 6.9200897217e+02 6.9189898682e+02 6.9171398926e+02 6.9153399658e+02 6.9142401123e+02 6.9141198730e+02 6.9144000244e+02 6.9145697021e+02 6.9152001953e+02 6.9174200439e+02 6.9211999512e+02 6.9242700195e+02 6.9260198975e+02 6.9270697021e+02 6.9278997803e+02 6.9291302490e+02 6.9313598633e+02 6.9344201660e+02 6.9376098633e+02 6.9406799316e+02 6.9437902832e+02 6.9467901611e+02 6.9486199951e+02 6.9510699463e+02 6.9539599609e+02 6.9563000488e+02 6.9573699951e+02
6.9055798340e+02 6.9059698486e+02 6.9064099121e+02 6.9070098877e+02 6.9072900391e+02 6.9078997803e+02 6.9085998535e+02 6.9091400146e+02 6.9097601318e+02 6.9103302002e+02 6.9115399170e+02 6.9120800781e+02 6.9127502441e+02 6.9137298584e+02 6.9142102051e+02 6.9150000000e+02 6.9165100098e+02 6.9179498291e+02 6.9176599121e+02 6.9167401123e+02 6.9157098389e+02 6.9131701660e+02 6.9110998535e+02 6.9114398193e+02 6.9120202637e+02 6.9118103027e+02 6.9127801514e+02 6.9150500488e+02 6.9188000488e+02 6.9228601074e+02 6.9252301025e+02 6.9262402344e+02 6.9269500732e+02 6.9276702881e+02 6.9293402100e+02 6.9323101807e+02 6.9358801270e+02 6.9390502930e+02 6.9421502686e+02 6.9452197266e+02 6.9480603027e+02 6.9503698730e+02 6.9531097412e+02 6.9556597900e+02 6.9572100830e+02 6.9583502197e+02
6.9051898193e+02 6.9054302979e+02 6.9057098389e+02 6.9059100342e+02 6.9062597656e+02 6.9071398926e+02 6.9077001953e+02 6.9083599854e+02 6.9091497803e+02 6.9096801758e+02 6.9112799072e+02 6.9121197510e+02 6.9125897217e+02 6.9133898926e+02 6.9136499023e+02 6.9143499756e+02 6.9157299805e+02 6.9162097168e+02 6.9149499512e+02 6.9136700439e+02 6.9131201172e+02 6.9113299561e+02 6.9098400879e+02 6.9103002930e+02 6.9103601074e+02 6.9095098877e+02 6.9111102295e+02 6.9148901367e+02 6.9198101807e+02 6.9235198975e+02 6.9252697754e+02 6.9261798096e+02 6.9271099854e+02 6.9280297852e+02 6.9304400635e+02 6.9341699219e+02 6.9379400635e+02 6.9407800293e+02 6.9436700439e+02 6.9465002441e+02 6.9490899658e+02 6.9517199707e+02 6.9546600342e+02 6.9569897461e+02 6.9581402588e+02 6.9590997314e+02
