TESTSERVER/22/8.asc
NCOLS 100
NROWS 100
XLLCORNER 8.5997500000e+03
YLLCORNER 2.8955025000e+05
CELLSIZE 5.0000000000e-01
NODATA_VALUE -9.9990000000e+03
[rows 20 to 39 of 100, columns 0 to 45 of 100]
6.8723297119e+02 6.8733398438e+02 6.8743798828e+02 6.8754400635e+02 6.8763000488e+02 6.8764001465e+02 6.8768298340e+02 6.8777099609e+02 6.8783300781e+02 6.8790197754e+02 6.8795501709e+02 6.8803399658e+02 6.8811999512e+02 6.8818902588e+02 6.8825701904e+02 6.8833099365e+02 6.8837597656e+02 6.8847100830e+02 6.8854498291e+02 6.8861199951e+02 6.8870697021e+02 6.8878399658e+02 6.8885699463e+02 6.8893902588e+02 6.8903802490e+02 6.8908898926e+02 6.8919201660e+02 6.8930999756e+02 6.8941101074e+02 6.8950000000e+02 6.8958801270e+02 6.8967700195e+02 6.8978100586e+02 6.8987200928e+02 6.8997497559e+02 6.9006201172e+02 6.9017102051e+02 6.9025897217e+02 6.9038201904e+02 6.9047802734e+02 6.9057000732e+02 6.9070202637e+02 6.9081097412e+02 6.9091400146e+02 6.9099700928e+02 6.9111199951e+02
6.8714300537e+02 6.8721301270e+02 6.8729998779e+02 6.8739300537e+02 6.8747302246e+02 6.8755499268e+02 6.8759600830e+02 6.8764599609e+02 6.8770599365e+02 6.8777099609e+02 6.8783099365e+02 6.8791101074e+02 6.8800299072e+02 6.8808300781e+02 6.8815100098e+02 6.8822497559e+02 6.8829797363e+02 6.8836901855e+02 6.8842999268e+02 6.8850598145e+02 6.8860797119e+02 6.8866802979e+02 6.8873901367e+02 6.8884997559e+02 6.8896099854e+02 6.8901800537e+02 6.8912500000e+02 6.8922100830e+02 6.8931500244e+02 6.8939398193e+02 6.8950097656e+02 6.8959497070e+02 6.8968402100e+02 6.8979101563e+02 6.8990399170e+02 6.8999102783e+02 6.9009197998e+02 6.9018902588e+02 6.9031201172e+02 6.9041400146e+02 6.9051898193e+02 6.9063397217e+02 6.9074200439e+02 6.9086297607e+02 6.9097497559e+02 6.9106097412e+02
6.8707800293e+02 6.8713897705e+02 6.8718200684e+02 6.8722802734e+02 6.8728601074e+02 6.8740100098e+02 6.8745697021e+02 6.8749499512e+02 6.8756701660e+02 6.8764501953e+02 6.8771899414e+02 6.8780999756e+02 6.8789300537e+02 6.8796301270e+02 6.8802099609e+02 6.8810198975e+02 6.8820202637e+02 6.8826000977e+02 6.8832897949e+02 6.8841302490e+02 6.8849499512e+02 6.8857299805e+02 6.8865100098e+02 6.8876397705e+02 6.8886700439e+02 6.8892297363e+02 6.8903497314e+02 6.8914501953e+02 6.8923498535e+02 6.8930700684e+02 6.8941400146e+02 6.8951501465e+02 6.8961102295e+02 6.8971502686e+02 6.8981701660e+02 6.8991302490e+02 6.9002099609e+02 6.9013800049e+02 6.9024700928e+02 6.9034899902e+02 6.9045898438e+02 6.9056402588e+02 6.9066900635e+02 6.9078198242e+02 6.9090197754e+02 6.9099700928e+02
6.8701098633e+02 6.8707702637e+02 6.8710101318e+02 6.8713201904e+02 6.8719396973e+02 6.8725799561e+02 6.8729901123e+02 6.8734997559e+02 6.8744000244e+02 6.8751800537e+02 6.8760302734e+02 6.8769799805e+02 6.8777197266e+02 6.8784497070e+02 6.8790002441e+02 6.8797998047e+02 6.8808398438e+02 6.8815100098e+02 6.8822100830e+02 6.8829699707e+02 6.8837597656e+02 6.8848901367e+02 6.8857800293e+02 6.8868597412e+02 6.8876501465e+02 6.8883697510e+02 6.8895098877e+02 6.8907202148e+02 6.8916101074e+02 6.8923797607e+02 6.8933801270e+02 6.8943902588e+02 6.8953997803e+02 6.8964300537e+02 6.8974200439e+02 6.8983697510e+02 6.8993402100e+02 6.9004901123e+02 6.9016400146e+02 6.9027197266e+02 6.9038897705e+02 6.9049902344e+02 6.9059802246e+02 6.9070001221e+02 6.9081799316e+02 6.9094097900e+02
6.8690802002e+02 6.8695898438e+02 6.8700299072e+02 6.8704797363e+02 6.8711199951e+02 6.8710198975e+02 6.8714501953e+02 6.8724401855e+02 6.8732098389e+02 6.8738800049e+02 6.8746697998e+02 6.8755297852e+02 6.8763500977e+02 6.8772100830e+02 6.8779901123e+02 6.8787902832e+02 6.8795599365e+02 6.8803802490e+02 6.8810699463e+02 6.8819598389e+02 6.8828198242e+02 6.8837097168e+02 6.8847399902e+02 6.8857598877e+02 6.8863201904e+02 6.8875299072e+02 6.8886297607e+02 6.8896398926e+02 6.8905401611e+02 6.8915802002e+02 6.8926397705e+02 6.8935601807e+02 6.8946099854e+02 6.8955902100e+02 6.8966497803e+02 6.8975799561e+02 6.8984600830e+02 6.8998101807e+02 6.9010302734e+02 6.9019598389e+02 6.9030999756e+02 6.9042602539e+02 6.9053198242e+02 6.9064300537e+02 6.9075299072e+02 6.9087902832e+02
6.8676397705e+02 6.8684197998e+02 6.8690002441e+02 6.8690002441e+02 6.8691400146e+02 6.8695300293e+02 6.8703399658e+02 6.8713500977e+02 6.8718798828e+02 6.8727502441e+02 6.8735601807e+02 6.8743701172e+02 6.8753900146e+02 6.8760198975e+02 6.8768298340e+02 6.8777099609e+02 6.8784497070e+02 6.8792901611e+02 6.8800598145e+02 6.8809600830e+02 6.8818798828e+02 6.8828399658e+02 6.8836700439e+02 6.8845898438e+02 6.8856701660e+02 6.8868200684e+02 6.8877801514e+02 6.8886798096e+02 6.8896398926e+02 6.8905999756e+02 6.8917602539e+02 6.8928900146e+02 6.8940301514e+02 6.8950500488e+02 6.8959899902e+02 6.8968298340e+02 6.8979199219e+02 6.8989398193e+02 6.9001501465e+02 6.9012402344e+02 6.9025299072e+02 6.9035699463e+02 6.9047198486e+02 6.9058697510e+02 6.9069799805e+02 6.9081201172e+02
6.8664898682e+02 6.8670599365e+02 6.8673901367e+02 6.8672302246e+02 6.8676300049e+02 6.8685101318e+02 6.8694396973e+02 6.8702801514e+02 6.8707702637e+02 6.8717602539e+02 6.8725799561e+02 6.8734002686e+02 6.8742797852e+02 6.8749401855e+02 6.8757702637e+02 6.8765502930e+02 6.8773498535e+02 6.8781500244e+02 6.8788800049e+02 6.8797601318e+02 6.8806402588e+02 6.8817999268e+02 6.8826501465e+02 6.8836199951e+02 6.8848297119e+02 6.8860198975e+02 6.8868798828e+02 6.8878002930e+02 6.8889099121e+02 6.8897698975e+02 6.8907800293e+02 6.8920098877e+02 6.8933099365e+02 6.8943902588e+02 6.8952197266e+02 6.8960900879e+02 6.8971697998e+02 6.8981896973e+02 6.8994000244e+02 6.9005499268e+02 6.9019097900e+02 6.9028900146e+02 6.9040100098e+02 6.9051000977e+02 6.9063201904e+02 6.9073999023e+02
6.8654797363e+02 6.8655102539e+02 6.8655798340e+02 6.8658099365e+02 6.8666601563e+02 6.8673999023e+02 6.8683099365e+02 6.8691802979e+02 6.8698797607e+02 6.8707397461e+02 6.8713897705e+02 6.8722399902e+02 6.8730603027e+02 6.8738098145e+02 6.8746801758e+02 6.8753802490e+02 6.8762597656e+02 6.8770397949e+02 6.8777001953e+02 6.8786199951e+02 6.8796002197e+02 6.8807397461e+02 6.8816302490e+02 6.8827099609e+02 6.8837902832e+02 6.8849401855e+02 6.8857202148e+02 6.8867199707e+02 6.8879602051e+02 6.8888702393e+02 6.8898999023e+02 6.8911499023e+02 6.8923901367e+02 6.8934301758e+02 6.8942297363e+02 6.8952899170e+02 6.8964898682e+02 6.8975402832e+02 6.8987402344e+02 6.8998901367e+02 6.9011798096e+02 6.9022198486e+02 6.9033300781e+02 6.9043499756e+02 6.9054797363e+02 6.9065899658e+02
6.8642401123e+02 6.8641101074e+02 6.8641699219e+02 6.8647698975e+02 6.8656500244e+02 6.8662298584e+02 6.8671301270e+02 6.8680499268e+02 6.8689801025e+02 6.8698901367e+02 6.8703497314e+02 6.8709497070e+02 6.8718200684e+02 6.8728198242e+02 6.8736199951e+02 6.8742700195e+02 6.8750402832e+02 6.8759698486e+02 6.8767297363e+02 6.8775897217e+02 6.8786401367e+02 6.8797802734e+02 6.8805902100e+02 6.8816400146e+02 6.8828302002e+02 6.8837902832e+02 6.8846502686e+02 6.8857598877e+02 6.8868701172e+02 6.8878802490e+02 6.8889599609e+02 6.8903002930e+02 6.8916699219e+02 6.8926098633e+02 6.8933099365e+02 6.8944500732e+02 6.8959899902e+02 6.8968298340e+02 6.8980200195e+02 6.8992901611e+02 6.9002697754e+02 6.9013201904e+02 6.9025201416e+02 6.9036297607e+02 6.9047998047e+02 6.9059301758e+02
6.8629901123e+02 6.8626300049e+02 6.8632897949e+02 6.8641497803e+02 6.8647601318e+02 6.8655102539e+02 6.8662701416e+02 6.8670397949e+02 6.8678002930e+02 6.8687500000e+02 6.8694097900e+02 6.8700402832e+02 6.8708898926e+02 6.8719299316e+02 6.8726397705e+02 6.8733599854e+02 6.8741601563e+02 6.8749298096e+02 6.8758300781e+02 6.8767102051e+02 6.8777502441e+02 6.8787402344e+02 6.8795599365e+02 6.8806298828e+02 6.8818402100e+02 6.8826702881e+02 6.8837701416e+02 6.8849298096e+02 6.8859197998e+02 6.8869201660e+02 6.8881298828e+02 6.8893597412e+02 6.8906201172e+02 6.8916101074e+02 6.8926000977e+02 6.8937402344e+02 6.8950799561e+02 6.8959802246e+02 6.8972399902e+02 6.8984698486e+02 6.8995599365e+02 6.9007098389e+02 6.9018597412e+02 6.9028198242e+02 6.9039099121e+02 6.9051898193e+02
6.8610998535e+02 6.8612200928e+02 6.8621997070e+02 6.8630200195e+02 6.8636102295e+02 6.8644799805e+02 6.8652502441e+02 6.8660198975e+02 6.8667199707e+02 6.8674902344e+02 6.8682299805e+02 6.8691198730e+02 6.8699798584e+02 6.8708398438e+02 6.8715502930e+02 6.8722698975e+02 6.8731799316e+02 6.8739898682e+02 6.8748797607e+02 6.8758197021e+02 6.8767498779e+02 6.8775500488e+02 6.8785400391e+02 6.8797302246e+02 6.8808801270e+02 6.8816400146e+02 6.8828100586e+02 6.8838598633e+02 6.8848297119e+02 6.8860302734e+02 6.8872698975e+02 6.8883599854e+02 6.8894598389e+02 6.8905798340e+02 6.8916699219e+02 6.8928497314e+02 6.8941302490e+02 6.8951397705e+02 6.8964697266e+02 6.8977099609e+02 6.8988500977e+02 6.8999700928e+02 6.9011199951e+02 6.9021697998e+02 6.9032702637e+02 6.9045001221e+02
6.8596502686e+02 6.8601898193e+02 6.8611700439e+02 6.8618597412e+02 6.8624499512e+02 6.8633300781e+02 6.8641802979e+02 6.8650402832e+02 6.8658001709e+02 6.8665899658e+02 6.8673602295e+02 6.8683099365e+02 6.8691101074e+02 6.8696899414e+02 6.8703900146e+02 6.8711999512e+02 6.8721398926e+02 6.8729199219e+02 6.8737200928e+02 6.8747998047e+02 6.8758001709e+02 6.8764801025e+02 6.8775299072e+02 6.8786602783e+02 6.8795898438e+02 6.8805401611e+02 6.8817901611e+02 6.8827899170e+02 6.8838299561e+02 6.8851898193e+02 6.8863201904e+02 6.8873901367e+02 6.8884301758e+02 6.8896502686e+02 6.8907800293e+02 6.8920098877e+02 6.8930999756e+02 6.8942498779e+02 6.8956402588e+02 6.8968597412e+02 6.8978601074e+02 6.8990399170e+02 6.9003698730e+02 6.9015600586e+02 6.9025701904e+02 6.9036901855e+02
6.8587701416e+02 6.8591699219e+02 6.8600299072e+02 6.8609399414e+02 6.8615100098e+02 6.8621899414e+02 6.8630798340e+02 6.8639801025e+02 6.8646301270e+02 6.8656298828e+02 6.8664898682e+02 6.8673602295e+02 6.8681201172e+02 6.8687298584e+02 6.8694299316e+02 6.8702099609e+02 6.8712597656e+02 6.8721197510e+02 6.8729797363e+02 6.8739099121e+02 6.8745501709e+02 6.8755102539e+02 6.8767102051e+02 6.8777099609e+02 6.8785101318e+02 6.8797100830e+02 6.8809899902e+02 6.8819201660e+02 6.8830700684e+02 6.8842498779e+02 6.8852197266e+02 6.8864202881e+02 6.8875201416e+02 6.8886798096e+02 6.8897698975e+02 6.8908300781e+02 6.8919299316e+02 6.8933801270e+02 6.8946697998e+02 6.8958502197e+02 6.8970501709e+02 6.8982098389e+02 6.8995300293e+02 6.9007299805e+02 6.9019299316e+02 6.9028997803e+02
6.8576202393e+02 6.8584698486e+02 6.8592901611e+02 6.8598297119e+02 6.8603802490e+02 6.8613201904e+02 6.8621301270e+02 6.8630200195e+02 6.8638500977e+02 6.8646301270e+02 6.8654901123e+02 6.8664801025e+02 6.8671997070e+02 6.8679498291e+02 6.8686199951e+02 6.8692797852e+02 6.8702301025e+02 6.8709997559e+02 6.8720202637e+02 6.8730102539e+02 6.8737500000e+02 6.8745800781e+02 6.8756799316e+02 6.8766198730e+02 6.8775799561e+02 6.8786798096e+02 6.8798498535e+02 6.8808801270e+02 6.8821002197e+02 6.8833001709e+02 6.8842901611e+02 6.8852801514e+02 6.8865002441e+02 6.8877099609e+02 6.8887200928e+02 6.8898400879e+02 6.8913702393e+02 6.8925799561e+02 6.8937402344e+02 6.8948400879e+02 6.8961401367e+02 6.8973901367e+02 6.8985400391e+02 6.8997698975e+02 6.9010601807e+02 6.9020098877e+02
6.8564599609e+02 6.8573999023e+02 6.8583300781e+02 6.8588201904e+02 6.8594702148e+02 6.8604101563e+02 6.8610601807e+02 6.8619299316e+02 6.8628198242e+02 6.8635498047e+02 6.8644799805e+02 6.8655200195e+02 6.8661602783e+02 6.8669897461e+02 6.8677398682e+02 6.8685198975e+02 6.8693499756e+02 6.8701000977e+02 6.8710699463e+02 6.8719299316e+02 6.8729101563e+02 6.8737402344e+02 6.8746997070e+02 6.8755700684e+02 6.8766802979e+02 6.8777301025e+02 6.8788000488e+02 6.8798602295e+02 6.8811102295e+02 6.8822601318e+02 6.8833099365e+02 6.8842199707e+02 6.8853802490e+02 6.8866802979e+02 6.8877801514e+02 6.8889300537e+02 6.8904400635e+02 6.8914898682e+02 6.8926800537e+02 6.8938800049e+02 6.8952600098e+02 6.8965100098e+02 6.8976098633e+02 6.8986901855e+02 6.8999200439e+02 6.9013500977e+02
6.8556298828e+02 6.8562298584e+02 6.8570800781e+02 6.8578002930e+02 6.8586999512e+02 6.8594201660e+02 6.8599102783e+02 6.8607702637e+02 6.8615399170e+02 6.8624798584e+02 6.8634802246e+02 6.8644396973e+02 6.8651300049e+02 6.8659497070e+02 6.8667199707e+02 6.8676098633e+02 6.8685101318e+02 6.8694097900e+02 6.8702197266e+02 6.8710198975e+02 6.8719396973e+02 6.8728002930e+02 6.8737298584e+02 6.8746801758e+02 6.8758801270e+02 6.8769097900e+02 6.8779498291e+02 6.8789898682e+02 6.8800701904e+02 6.8810797119e+02 6.8821997070e+02 6.8832202148e+02 6.8842602539e+02 6.8855401611e+02 6.8867901611e+02 6.8880499268e+02 6.8892199707e+02 6.8902697754e+02 6.8915802002e+02 6.8928900146e+02 6.8943402100e+02 6.8954901123e+02 6.8966601563e+02 6.8976501465e+02 6.8987402344e+02 6.9003997803e+02
6.8547802734e+02 6.8552899170e+02 6.8560198975e+02 6.8567901611e+02 6.8576300049e+02 6.8582202148e+02 6.8588397217e+02 6.8596801758e+02 6.8603302002e+02 6.8615802002e+02 6.8625598145e+02 6.8632098389e+02 6.8639801025e+02 6.8648602295e+02 6.8657098389e+02 6.8665301514e+02 6.8674597168e+02 6.8684100342e+02 6.8692797852e+02 6.8701397705e+02 6.8709399414e+02 6.8719299316e+02 6.8727899170e+02 6.8737298584e+02 6.8750201416e+02 6.8758300781e+02 6.8769201660e+02 6.8779498291e+02 6.8788897705e+02 6.8800000000e+02 6.8812097168e+02 6.8823297119e+02 6.8833599854e+02 6.8844799805e+02 6.8857702637e+02 6.8871197510e+02 6.8880499268e+02 6.8893701172e+02 6.8906201172e+02 6.8919097900e+02 6.8931597900e+02 6.8942901611e+02 6.8956298828e+02 6.8967297363e+02 6.8978497314e+02 6.8993597412e+02
6.8537298584e+02 6.8544097900e+02 6.8551702881e+02 6.8559100342e+02 6.8566198730e+02 6.8571197510e+02 6.8578497314e+02 6.8586901855e+02 6.8595202637e+02 6.8605603027e+02 6.8614697266e+02 6.8622100830e+02 6.8631701660e+02 6.8639300537e+02 6.8648699951e+02 6.8657000732e+02 6.8666400146e+02 6.8675598145e+02 6.8683099365e+02 6.8691998291e+02 6.8700799561e+02 6.8709899902e+02 6.8717498779e+02 6.8727398682e+02 6.8741101074e+02 6.8748400879e+02 6.8759899902e+02 6.8770202637e+02 6.8779101563e+02 6.8789398193e+02 6.8799499512e+02 6.8811102295e+02 6.8822698975e+02 6.8835699463e+02 6.8846301270e+02 6.8858398438e+02 6.8869000244e+02 6.8882598877e+02 6.8896002197e+02 6.8909802246e+02 6.8920898438e+02 6.8933599854e+02 6.8945898438e+02 6.8956701660e+02 6.8969897461e+02 6.8983300781e+02
6.8527697754e+02 6.8533599854e+02 6.8540502930e+02 6.8548797607e+02 6.8555999756e+02 6.8561401367e+02 6.8568798828e+02 6.8576702881e+02 6.8585900879e+02 6.8595098877e+02 6.8603100586e+02 6.8611499023e+02 6.8621301270e+02 6.8628497314e+02 6.8638201904e+02 6.8647601318e+02 6.8657598877e+02 6.8665802002e+02 6.8673602295e+02 6.8683001709e+02 6.8691900635e+02 6.8700701904e+02 6.8709002686e+02 6.8718902588e+02 6.8731500244e+02 6.8739398193e+02 6.8750598145e+02 6.8760699463e+02 6.8770202637e+02 6.8780102539e+02 6.8789398193e+02 6.8800299072e+02 6.8812500000e+02 6.8825097656e+02 6.8835699463e+02 6.8847601318e+02 6.8860101318e+02 6.8871099854e+02 6.8884899902e+02 6.8899499512e+02 6.8910400391e+02 6.8922900391e+02 6.8934600830e+02 6.8946997070e+02 6.8961901855e+02 6.8973400879e+02
6.8516900635e+02 6.8522998047e+02 6.8529998779e+02 6.8539001465e+02 6.8546002197e+02 6.8552301025e+02 6.8559197998e+02 6.8566497803e+02 6.8576000977e+02 6.8585101318e+02 6.8592297363e+02 6.8600701904e+02 6.8609802246e+02 6.8618798828e+02 6.8628002930e+02 6.8637500000e+02 6.8647900391e+02 6.8655297852e+02 6.8664099121e+02 6.8673400879e+02 6.8681896973e+02 6.8690301514e+02 6.8700598145e+02 6.8710400391e+02 6.8720397949e+02 6.8729602051e+02 6.8740802002e+02 6.8750897217e+02 6.8760198975e+02 6.8770397949e+02 6.8780200195e+02 6.8790600586e+02 6.8803002930e+02 6.8814099121e+02 6.8825299072e+02 6.8837500000e+02 6.8850701904e+02 6.8860498047e+02 6.8873498535e+02 6.8887597656e+02 6.8899700928e+02 6.8911798096e+02 6.8924499512e+02 6.8938299561e+02 6.8951800537e+02 6.8962799072e+02
