TESTSERVER/22/8.asc
NCOLS 100
NROWS 100
XLLCORNER 8.5997500000e+03
YLLCORNER 2.8955025000e+05
CELLSIZE 5.0000000000e-01
NODATA_VALUE -9.9990000000e+03
[rows 40 to 59 of 100, columns 0 to 45 of 100]
6.8507800293e+02 6.8513800049e+02 6.8522100830e+02 6.8528900146e+02 6.8533099365e+02 6.8541802979e+02 6.8548199463e+02 6.8556201172e+02 6.8566601563e+02 6.8573999023e+02 6.8582397461e+02 6.8590997314e+02 6.8599298096e+02 6.8608697510e+02 6.8617199707e+02 6.8627398682e+02 6.8636999512e+02 6.8645202637e+02 6.8655200195e+02 6.8665100098e+02 6.8673602295e+02 6.8680798340e+02 6.8690502930e+02 6.8700402832e+02 6.8709899902e+02 6.8721099854e+02 6.8731597900e+02 6.8741198730e+02 6.8751501465e+02 6.8762200928e+02 6.8772100830e+02 6.8782202148e+02 6.8791198730e+02 6.8803997803e+02 6.8815899658e+02 6.8827697754e+02 6.8838000488e+02 6.8851300049e+02 6.8863702393e+02 6.8876501465e+02 6.8890399170e+02 6.8902502441e+02 6.8915399170e+02 6.8927899170e+02 6.8938598633e+02 6.8951501465e+02
6.8496600342e+02 6.8501300049e+02 6.8511297607e+02 6.8517901611e+02 6.8524298096e+02 6.8532202148e+02 6.8538897705e+02 6.8547998047e+02 6.8557000732e+02 6.8563500977e+02 6.8571600342e+02 6.8580499268e+02 6.8590899658e+02 6.8599700928e+02 6.8608898926e+02 6.8618597412e+02 6.8627099609e+02 6.8635198975e+02 6.8643701172e+02 6.8652099609e+02 6.8662902832e+02 6.8672698975e+02 6.8681402588e+02 6.8689898682e+02 6.8700701904e+02 6.8711901855e+02 6.8722399902e+02 6.8731701660e+02 6.8742297363e+02 6.8753198242e+02 6.8763500977e+02 6.8774798584e+02 6.8783898926e+02 6.8795800781e+02 6.8807000732e+02 6.8818701172e+02 6.8827099609e+02 6.8841699219e+02 6.8854101563e+02 6.8866900635e+02 6.8880603027e+02 6.8892102051e+02 6.8904101563e+02 6.8916302490e+02 6.8927899170e+02 6.8940698242e+02
6.8485699463e+02 6.8491302490e+02 6.8500402832e+02 6.8507202148e+02 6.8514001465e+02 6.8521899414e+02 6.8530999756e+02 6.8539801025e+02 6.8547497559e+02 6.8554602051e+02 6.8563098145e+02 6.8572198486e+02 6.8581701660e+02 6.8590301514e+02 6.8600097656e+02 6.8608502197e+02 6.8617602539e+02 6.8626098633e+02 6.8634802246e+02 6.8642797852e+02 6.8651800537e+02 6.8661700439e+02 6.8671398926e+02 6.8681402588e+02 6.8692297363e+02 6.8702197266e+02 6.8712402344e+02 6.8721899414e+02 6.8734301758e+02 6.8744598389e+02 6.8754602051e+02 6.8765997314e+02 6.8776702881e+02 6.8786102295e+02 6.8796197510e+02 6.8807598877e+02 6.8816998291e+02 6.8832098389e+02 6.8845300293e+02 6.8857702637e+02 6.8869201660e+02 6.8881896973e+02 6.8894299316e+02 6.8905499268e+02 6.8916900635e+02 6.8929797363e+02
6.8476599121e+02 6.8483599854e+02 6.8490997314e+02 6.8498101807e+02 6.8503802490e+02 6.8511798096e+02 6.8521899414e+02 6.8530102539e+02 6.8537701416e+02 6.8545300293e+02 6.8554101563e+02 6.8563000488e+02 6.8570898438e+02 6.8579998779e+02 6.8589501953e+02 6.8597802734e+02 6.8608197021e+02 6.8615899658e+02 6.8625201416e+02 6.8633599854e+02 6.8642999268e+02 6.8653601074e+02 6.8661602783e+02 6.8672698975e+02 6.8683502197e+02 6.8693103027e+02 6.8703302002e+02 6.8712097168e+02 6.8725201416e+02 6.8735198975e+02 6.8745397949e+02 6.8757202148e+02 6.8769598389e+02 6.8777697754e+02 6.8786798096e+02 6.8797698975e+02 6.8809002686e+02 6.8821997070e+02 6.8835400391e+02 6.8847802734e+02 6.8858001709e+02 6.8871502686e+02 6.8884301758e+02 6.8894396973e+02 6.8905499268e+02 6.8918597412e+02
6.8466400146e+02 6.8474597168e+02 6.8480999756e+02 6.8486798096e+02 6.8494299316e+02 6.8503997803e+02 6.8512500000e+02 6.8519702148e+02 6.8527600098e+02 6.8535400391e+02 6.8544598389e+02 6.8554302979e+02 6.8562402344e+02 6.8572100830e+02 6.8578802490e+02 6.8587298584e+02 6.8597802734e+02 6.8606097412e+02 6.8615399170e+02 6.8624798584e+02 6.8635601807e+02 6.8644396973e+02 6.8651599121e+02 6.8662597656e+02 6.8671997070e+02 6.8683099365e+02 6.8693597412e+02 6.8703698730e+02 6.8715899658e+02 6.8724499512e+02 6.8735198975e+02 6.8747497559e+02 6.8758099365e+02 6.8768402100e+02 6.8776098633e+02 6.8788098145e+02 6.8802600098e+02 6.8812799072e+02 6.8824200439e+02 6.8836499023e+02 6.8848999023e+02 6.8861199951e+02 6.8874298096e+02 6.8885302734e+02 6.8896301270e+02 6.8907897949e+02
6.8457897949e+02 6.8464801025e+02 6.8471899414e+02 6.8478497314e+02 6.8484899902e+02 6.8494000244e+02 6.8502899170e+02 6.8510900879e+02 6.8519299316e+02 6.8525799561e+02 6.8534899902e+02 6.8544299316e+02 6.8552301025e+02 6.8564501953e+02 6.8571301270e+02 6.8579302979e+02 6.8587500000e+02 6.8597100830e+02 6.8605902100e+02 6.8614599609e+02 6.8624298096e+02 6.8633697510e+02 6.8644097900e+02 6.8654699707e+02 6.8664001465e+02 6.8673797607e+02 6.8683300781e+02 6.8694000244e+02 6.8704797363e+02 6.8715600586e+02 6.8725598145e+02 6.8736499023e+02 6.8747802734e+02 6.8759100342e+02 6.8766998291e+02 6.8778698730e+02 6.8791302490e+02 6.8802801514e+02 6.8813500977e+02 6.8825201416e+02 6.8839398193e+02 6.8850299072e+02 6.8863000488e+02 6.8875500488e+02 6.8886499023e+02 6.8898101807e+02
6.8449700928e+02 6.8455603027e+02 6.8462799072e+02 6.8470501709e+02 6.8476898193e+02 6.8484997559e+02 6.8493902588e+02 6.8501599121e+02 6.8509399414e+02 6.8517999268e+02 6.8527502441e+02 6.8535797119e+02 6.8544500732e+02 6.8554998779e+02 6.8563098145e+02 6.8571899414e+02 6.8580499268e+02 6.8589801025e+02 6.8597802734e+02 6.8606201172e+02 6.8615997314e+02 6.8624298096e+02 6.8635198975e+02 6.8645697021e+02 6.8655999756e+02 6.8664202881e+02 6.8673602295e+02 6.8684002686e+02 6.8695001221e+02 6.8704699707e+02 6.8715100098e+02 6.8726098633e+02 6.8737701416e+02 6.8748999023e+02 6.8759002686e+02 6.8769500732e+02 6.8779797363e+02 6.8792498779e+02 6.8803497314e+02 6.8815100098e+02 6.8829498291e+02 6.8838800049e+02 6.8850000000e+02 6.8863201904e+02 6.8876000977e+02 6.8888800049e+02
6.8439001465e+02 6.8444799805e+02 6.8452600098e+02 6.8460302734e+02 6.8467700195e+02 6.8475799561e+02 6.8483801270e+02 6.8491497803e+02 6.8499700928e+02 6.8508898926e+02 6.8518103027e+02 6.8526098633e+02 6.8536798096e+02 6.8544702148e+02 6.8553198242e+02 6.8563299561e+02 6.8573400879e+02 6.8581097412e+02 6.8589300537e+02 6.8599298096e+02 6.8609301758e+02 6.8616497803e+02 6.8625799561e+02 6.8635998535e+02 6.8646301270e+02 6.8654901123e+02 6.8665301514e+02 6.8673797607e+02 6.8684802246e+02 6.8694702148e+02 6.8706500244e+02 6.8717602539e+02 6.8728601074e+02 6.8739398193e+02 6.8750799561e+02 6.8759802246e+02 6.8769500732e+02 6.8782598877e+02 6.8794000244e+02 6.8805200195e+02 6.8817700195e+02 6.8827502441e+02 6.8838000488e+02 6.8850897217e+02 6.8864801025e+02 6.8878601074e+02
6.8428601074e+02 6.8435998535e+02 6.8443298340e+02 6.8450897217e+02 6.8459899902e+02 6.8467199707e+02 6.8475402832e+02 6.8482397461e+02 6.8491101074e+02 6.8500402832e+02 6.8509197998e+02 6.8518499756e+02 6.8528900146e+02 6.8534997559e+02 6.8543499756e+02 6.8554199219e+02 6.8562902832e+02 6.8570001221e+02 6.8581097412e+02 6.8591302490e+02 6.8598602295e+02 6.8607897949e+02 6.8617102051e+02 6.8626599121e+02 6.8635699463e+02 6.8645397949e+02 6.8656298828e+02 6.8664398193e+02 6.8673498535e+02 6.8684497070e+02 6.8696600342e+02 6.8707397461e+02 6.8718103027e+02 6.8729400635e+02 6.8740399170e+02 6.8749499512e+02 6.8760101318e+02 6.8771697998e+02 6.8783898926e+02 6.8796099854e+02 6.8807501221e+02 6.8817700195e+02 6.8828601074e+02 6.8841302490e+02 6.8854302979e+02 6.8867602539e+02
6.8418499756e+02 6.8425897217e+02 6.8433898926e+02 6.8442700195e+02 6.8451300049e+02 6.8459002686e+02 6.8467797852e+02 6.8474700928e+02 6.8483398438e+02 6.8491802979e+02 6.8500201416e+02 6.8509802246e+02 6.8518701172e+02 6.8526599121e+02 6.8535601807e+02 6.8545397949e+02 6.8553302002e+02 6.8561401367e+02 6.8572698975e+02 6.8582098389e+02 6.8590100098e+02 6.8599902344e+02 6.8609899902e+02 6.8620300293e+02 6.8627398682e+02 6.8637298584e+02 6.8647601318e+02 6.8657202148e+02 6.8666998291e+02 6.8675799561e+02 6.8685900879e+02 6.8696801758e+02 6.8707702637e+02 6.8719702148e+02 6.8730499268e+02 6.8740399170e+02 6.8751800537e+02 6.8762298584e+02 6.8773797607e+02 6.8785900879e+02 6.8796600342e+02 6.8807800293e+02 6.8819500732e+02 6.8832598877e+02 6.8845501709e+02 6.8858398438e+02
6.8410498047e+02 6.8417797852e+02 6.8425201416e+02 6.8434100342e+02 6.8441497803e+02 6.8449798584e+02 6.8458001709e+02 6.8466497803e+02 6.8476000977e+02 6.8482897949e+02 6.8491699219e+02 6.8500500488e+02 6.8508502197e+02 6.8517498779e+02 6.8526599121e+02 6.8535498047e+02 6.8543200684e+02 6.8552600098e+02 6.8563201904e+02 6.8573101807e+02 6.8582202148e+02 6.8591101074e+02 6.8601300049e+02 6.8611297607e+02 6.8619299316e+02 6.8629199219e+02 6.8638397217e+02 6.8647802734e+02 6.8657397461e+02 6.8665399170e+02 6.8675897217e+02 6.8687097168e+02 6.8697601318e+02 6.8709698486e+02 6.8720202637e+02 6.8730499268e+02 6.8740197754e+02 6.8752099609e+02 6.8763299561e+02 6.8774798584e+02 6.8785498047e+02 6.8797998047e+02 6.8809497070e+02 6.8821697998e+02 6.8834600830e+02 6.8848101807e+02
6.8402197266e+02 6.8409301758e+02 6.8416900635e+02 6.8426000977e+02 6.8432397461e+02 6.8441400146e+02 6.8448999023e+02 6.8457897949e+02 6.8467199707e+02 6.8474298096e+02 6.8483001709e+02 6.8490899658e+02 6.8499597168e+02 6.8508398438e+02 6.8517297363e+02 6.8525299072e+02 6.8534002686e+02 6.8543499756e+02 6.8552899170e+02 6.8563598633e+02 6.8573400879e+02 6.8582098389e+02 6.8592199707e+02 6.8602001953e+02 6.8612402344e+02 6.8621099854e+02 6.8629901123e+02 6.8638897705e+02 6.8648999023e+02 6.8657702637e+02 6.8667199707e+02 6.8678302002e+02 6.8688702393e+02 6.8699499512e+02 6.8710101318e+02 6.8721099854e+02 6.8728601074e+02 6.8742199707e+02 6.8753698730e+02 6.8764501953e+02 6.8775799561e+02 6.8788098145e+02 6.8799499512e+02 6.8810998535e+02 6.8823101807e+02 6.8836700439e+02
6.8395300293e+02 6.8402301025e+02 6.8409002686e+02 6.8416198730e+02 6.8424200439e+02 6.8433197021e+02 6.8440502930e+02 6.8446899414e+02 6.8454998779e+02 6.8465100098e+02 6.8473199463e+02 6.8480798340e+02 6.8491998291e+02 6.8499798584e+02 6.8509002686e+02 6.8517102051e+02 6.8528002930e+02 6.8535101318e+02 6.8543902588e+02 6.8554998779e+02 6.8564099121e+02 6.8573297119e+02 6.8581896973e+02 6.8591302490e+02 6.8602697754e+02 6.8612200928e+02 6.8621801758e+02 6.8631500244e+02 6.8640802002e+02 6.8649902344e+02 6.8658801270e+02 6.8669897461e+02 6.8681799316e+02 6.8689398193e+02 6.8700000000e+02 6.8711199951e+02 6.8719396973e+02 6.8732800293e+02 6.8743798828e+02 6.8753497314e+02 6.8766198730e+02 6.8778302002e+02 6.8790197754e+02 6.8801702881e+02 6.8813702393e+02 6.8825000000e+02
6.8384301758e+02 6.8391900635e+02 6.8400799561e+02 6.8407299805e+02 6.8413397217e+02 6.8422198486e+02 6.8431701660e+02 6.8439501953e+02 6.8448602295e+02 6.8458001709e+02 6.8465802002e+02 6.8473797607e+02 6.8482397461e+02 6.8490197754e+02 6.8499700928e+02 6.8508001709e+02 6.8518499756e+02 6.8526599121e+02 6.8535400391e+02 6.8545397949e+02 6.8554797363e+02 6.8565002441e+02 6.8573400879e+02 6.8583398438e+02 6.8592498779e+02 6.8602197266e+02 6.8612402344e+02 6.8622399902e+02 6.8629998779e+02 6.8639697266e+02 6.8649700928e+02 6.8659802246e+02 6.8672601318e+02 6.8680902100e+02 6.8690698242e+02 6.8701501465e+02 6.8712799072e+02 6.8723297119e+02 6.8734600830e+02 6.8744702148e+02 6.8755102539e+02 6.8766601563e+02 6.8779998779e+02 6.8791998291e+02 6.8803399658e+02 6.8814300537e+02
6.8375598145e+02 6.8384002686e+02 6.8391900635e+02 6.8398498535e+02 6.8404302979e+02 6.8412500000e+02 6.8422802734e+02 6.8431701660e+02 6.8441400146e+02 6.8450299072e+02 6.8457598877e+02 6.8465802002e+02 6.8473797607e+02 6.8482202148e+02 6.8491101074e+02 6.8499499512e+02 6.8509197998e+02 6.8518103027e+02 6.8526501465e+02 6.8535699463e+02 6.8545501709e+02 6.8554498291e+02 6.8564001465e+02 6.8575097656e+02 6.8584002686e+02 6.8593798828e+02 6.8603997803e+02 6.8613598633e+02 6.8621697998e+02 6.8630999756e+02 6.8641802979e+02 6.8652099609e+02 6.8662701416e+02 6.8673101807e+02 6.8683099365e+02 6.8693499756e+02 6.8703900146e+02 6.8713098145e+02 6.8724499512e+02 6.8735302734e+02 6.8745098877e+02 6.8755902100e+02 6.8769201660e+02 6.8782202148e+02 6.8792297363e+02 6.8803198242e+02
6.8367700195e+02 6.8375201416e+02 6.8381597900e+02 6.8388800049e+02 6.8395697021e+02 6.8404699707e+02 6.8414501953e+02 6.8422601318e+02 6.8432202148e+02 6.8441198730e+02 6.8448797607e+02 6.8456597900e+02 6.8465899658e+02 6.8473999023e+02 6.8482202148e+02 6.8491998291e+02 6.8501098633e+02 6.8509497070e+02 6.8517602539e+02 6.8527502441e+02 6.8537200928e+02 6.8544598389e+02 6.8555200195e+02 6.8566198730e+02 6.8575000000e+02 6.8584698486e+02 6.8594598389e+02 6.8604797363e+02 6.8614801025e+02 6.8622198486e+02 6.8632897949e+02 6.8643298340e+02 6.8652899170e+02 6.8664300537e+02 6.8674597168e+02 6.8684899902e+02 6.8693499756e+02 6.8702600098e+02 6.8713598633e+02 6.8725000000e+02 6.8735302734e+02 6.8747100830e+02 6.8758502197e+02 6.8770202637e+02 6.8780102539e+02 6.8791998291e+02
6.8358898926e+02 6.8366497803e+02 6.8372399902e+02 6.8379101563e+02 6.8387298584e+02 6.8397198486e+02 6.8406402588e+02 6.8414501953e+02 6.8424401855e+02 6.8432702637e+02 6.8440600586e+02 6.8448602295e+02 6.8459600830e+02 6.8464398193e+02 6.8472198486e+02 6.8482397461e+02 6.8493200684e+02 6.8500897217e+02 6.8509197998e+02 6.8519897461e+02 6.8528002930e+02 6.8535900879e+02 6.8545397949e+02 6.8555200195e+02 6.8565997314e+02 6.8575000000e+02 6.8584301758e+02 6.8593798828e+02 6.8602801514e+02 6.8612200928e+02 6.8622302246e+02 6.8631402588e+02 6.8644500732e+02 6.8653997803e+02 6.8663702393e+02 6.8674902344e+02 6.8683697510e+02 6.8692199707e+02 6.8703601074e+02 6.8716101074e+02 6.8726098633e+02 6.8738098145e+02 6.8747998047e+02 6.8757098389e+02 6.8767901611e+02 6.8781201172e+02
6.8352301025e+02 6.8359497070e+02 6.8366101074e+02 6.8372100830e+02 6.8379699707e+02 6.8389001465e+02 6.8397399902e+02 6.8407397461e+02 6.8416101074e+02 6.8423297119e+02 6.8432501221e+02 6.8439801025e+02 6.8449200439e+02 6.8455401611e+02 6.8465002441e+02 6.8474102783e+02 6.8482598877e+02 6.8491900635e+02 6.8501300049e+02 6.8510699463e+02 6.8518701172e+02 6.8528601074e+02 6.8537701416e+02 6.8547302246e+02 6.8557897949e+02 6.8565197754e+02 6.8575299072e+02 6.8585101318e+02 6.8593499756e+02 6.8603100586e+02 6.8613098145e+02 6.8622698975e+02 6.8636199951e+02 6.8642401123e+02 6.8652801514e+02 6.8665002441e+02 6.8673602295e+02 6.8682800293e+02 6.8694000244e+02 6.8706097412e+02 6.8716998291e+02 6.8727600098e+02 6.8736700439e+02 6.8746600342e+02 6.8758398438e+02 6.8769598389e+02
6.8342602539e+02 6.8349200439e+02 6.8356701660e+02 6.8364202881e+02 6.8372302246e+02 6.8380297852e+02 6.8389398193e+02 6.8399200439e+02 6.8405102539e+02 6.8413098145e+02 6.8422497559e+02 6.8430999756e+02 6.8440399170e+02 6.8446899414e+02 6.8456701660e+02 6.8465802002e+02 6.8474102783e+02 6.8483502197e+02 6.8493103027e+02 6.8500897217e+02 6.8510101318e+02 6.8521197510e+02 6.8529901123e+02 6.8539001465e+02 6.8548297119e+02 6.8555999756e+02 6.8566699219e+02 6.8576501465e+02 6.8584802246e+02 6.8594702148e+02 6.8604699707e+02 6.8615301514e+02 6.8626800537e+02 6.8633502197e+02 6.8644702148e+02 6.8654998779e+02 6.8663598633e+02 6.8674401855e+02 6.8684497070e+02 6.8695599365e+02 6.8706097412e+02 6.8718103027e+02 6.8726501465e+02 6.8736901855e+02 6.8749597168e+02 6.8759899902e+02
6.8334002686e+02 6.8340997314e+02 6.8347698975e+02 6.8355297852e+02 6.8363500977e+02 6.8370501709e+02 6.8380902100e+02 6.8390002441e+02 6.8396398926e+02 6.8404302979e+02 6.8413800049e+02 6.8422601318e+02 6.8431701660e+02 6.8439300537e+02 6.8448101807e+02 6.8456799316e+02 6.8465502930e+02 6.8474798584e+02 6.8484497070e+02 6.8491998291e+02 6.8502502441e+02 6.8512402344e+02 6.8520898438e+02 6.8530200195e+02 6.8537902832e+02 6.8546002197e+02 6.8556402588e+02 6.8565802002e+02 6.8575500488e+02 6.8585900879e+02 6.8595098877e+02 6.8605700684e+02 6.8614099121e+02 6.8623999023e+02 6.8634802246e+02 6.8643298340e+02 6.8652600098e+02 6.8664599609e+02 6.8674798584e+02 6.8685699463e+02 6.8696002197e+02 6.8707897949e+02 6.8717102051e+02 6.8728100586e+02 6.8740802002e+02 6.8749902344e+02
