TESTSERVER/22/9.asc
NCOLS 100
NROWS 100
XLLCORNER 8.5997500000e+03
YLLCORNER 2.8950025000e+05
CELLSIZE 5.0000000000e-01
NODATA_VALUE -9.9990000000e+03
[rows 80 to 99 of 100, columns 0 to 45 of 100]
6.7531298828e+02 6.7536901855e+02 6.7541900635e+02 6.7547900391e+02 6.7554602051e+02 6.7560900879e+02 6.7566998291e+02 6.7573602295e+02 6.7580902100e+02 6.7585699463e+02 6.7593701172e+02 6.7601098633e+02 6.7605999756e+02 6.7610998535e+02 6.7617797852e+02 6.7625201416e+02 6.7631500244e+02 6.7637298584e+02 6.7643798828e+02 6.7649401855e+02 6.7656597900e+02 6.7664001465e+02 6.7670898438e+02 6.7678601074e+02 6.7685400391e+02 6.7690301514e+02 6.7696398926e+02 6.7702197266e+02 6.7708398438e+02 6.7712200928e+02 6.7716802979e+02 6.7721600342e+02 6.7728002930e+02 6.7734698486e+02 6.7739599609e+02 6.7745300293e+02 6.7751397705e+02 6.7755798340e+02 6.7760699463e+02 6.7765100098e+02 6.7771398926e+02 6.7775598145e+02 6.7778997803e+02 6.7783197021e+02 6.7788897705e+02 6.7794396973e+02
6.7518499756e+02 6.7524597168e+02 6.7530297852e+02 6.7535699463e+02 6.7541198730e+02 6.7547698975e+02 6.7554901123e+02 6.7562298584e+02 6.7567700195e+02 6.7572900391e+02 6.7579797363e+02 6.7586499023e+02 6.7592199707e+02 6.7598602295e+02 6.7604498291e+02 6.7610998535e+02 6.7618298340e+02 6.7624499512e+02 6.7631402588e+02 6.7637200928e+02 6.7645001221e+02 6.7651000977e+02 6.7658001709e+02 6.7665100098e+02 6.7671502686e+02 6.7677398682e+02 6.7683300781e+02 6.7689202881e+02 6.7695697021e+02 6.7701000977e+02 6.7705798340e+02 6.7709600830e+02 6.7715802002e+02 6.7723199463e+02 6.7728497314e+02 6.7733502197e+02 6.7738500977e+02 6.7744299316e+02 6.7750097656e+02 6.7754901123e+02 6.7759698486e+02 6.7764697266e+02 6.7769598389e+02 6.7773498535e+02 6.7778399658e+02 6.7784698486e+02
6.7504901123e+02 6.7511499023e+02 6.7517199707e+02 6.7522198486e+02 6.7528802490e+02 6.7535101318e+02 6.7541699219e+02 6.7549102783e+02 6.7554400635e+02 6.7560498047e+02 6.7567102051e+02 6.7573602295e+02 6.7579602051e+02 6.7586901855e+02 6.7592999268e+02 6.7598498535e+02 6.7604797363e+02 6.7611199951e+02 6.7618798828e+02 6.7625402832e+02 6.7632800293e+02 6.7639398193e+02 6.7646398926e+02 6.7652398682e+02 6.7657800293e+02 6.7664801025e+02 6.7670697021e+02 6.7676501465e+02 6.7683099365e+02 6.7687799072e+02 6.7692797852e+02 6.7697497559e+02 6.7703698730e+02 6.7710400391e+02 6.7716699219e+02 6.7721600342e+02 6.7726000977e+02 6.7732299805e+02 6.7737902832e+02 6.7743298340e+02 6.7747399902e+02 6.7754400635e+02 6.7759802246e+02 6.7763598633e+02 6.7768402100e+02 6.7773999023e+02
6.7491198730e+02 6.7498400879e+02 6.7504101563e+02 6.7509301758e+02 6.7516802979e+02 6.7522698975e+02 6.7527801514e+02 6.7534002686e+02 6.7540197754e+02 6.7546697998e+02 6.7553302002e+02 6.7559899902e+02 6.7565899658e+02 6.7573699951e+02 6.7580401611e+02 6.7586297607e+02 6.7592199707e+02 6.7598999023e+02 6.7605798340e+02 6.7611901855e+02 6.7618200684e+02 6.7626202393e+02 6.7634002686e+02 6.7640100098e+02 6.7645202637e+02 6.7653002930e+02 6.7659399414e+02 6.7664801025e+02 6.7671002197e+02 6.7676397705e+02 6.7681799316e+02 6.7686901855e+02 6.7692401123e+02 6.7697601318e+02 6.7704400635e+02 6.7709698486e+02 6.7715197754e+02 6.7720697021e+02 6.7725897217e+02 6.7733099365e+02 6.7737500000e+02 6.7745300293e+02 6.7750299072e+02 6.7754400635e+02 6.7760601807e+02 6.7764501953e+02
6.7478198242e+02 6.7484197998e+02 6.7490600586e+02 6.7496600342e+02 6.7501501465e+02 6.7509100342e+02 6.7514599609e+02 6.7520397949e+02 6.7526702881e+02 6.7532000732e+02 6.7538500977e+02 6.7545599365e+02 6.7552600098e+02 6.7560198975e+02 6.7566900635e+02 6.7573602295e+02 6.7578900146e+02 6.7585101318e+02 6.7592199707e+02 6.7599499512e+02 6.7607098389e+02 6.7613397217e+02 6.7620599365e+02 6.7627801514e+02 6.7634497070e+02 6.7640197754e+02 6.7647601318e+02 6.7653002930e+02 6.7658697510e+02 6.7666198730e+02 6.7671899414e+02 6.7676702881e+02 6.7681500244e+02 6.7685900879e+02 6.7692602539e+02 6.7699499512e+02 6.7705603027e+02 6.7710302734e+02 6.7715399170e+02 6.7722302246e+02 6.7726300049e+02 6.7734301758e+02 6.7739099121e+02 6.7744000244e+02 6.7750897217e+02 6.7754998779e+02
6.7463000488e+02 6.7470300293e+02 6.7477301025e+02 6.7484197998e+02 6.7488598633e+02 6.7494799805e+02 6.7501300049e+02 6.7507702637e+02 6.7513500977e+02 6.7517797852e+02 6.7524798584e+02 6.7532598877e+02 6.7539001465e+02 6.7546997070e+02 6.7553900146e+02 6.7560699463e+02 6.7566101074e+02 6.7572601318e+02 6.7580902100e+02 6.7587402344e+02 6.7595501709e+02 6.7600500488e+02 6.7606701660e+02 6.7614099121e+02 6.7621600342e+02 6.7627697754e+02 6.7634399414e+02 6.7640698242e+02 6.7647497559e+02 6.7653601074e+02 6.7660198975e+02 6.7666497803e+02 6.7672302246e+02 6.7675701904e+02 6.7682501221e+02 6.7688598633e+02 6.7694500732e+02 6.7701000977e+02 6.7707000732e+02 6.7711999512e+02 6.7716302490e+02 6.7724700928e+02 6.7728399658e+02 6.7732501221e+02 6.7738800049e+02 6.7745001221e+02
6.7449298096e+02 6.7456201172e+02 6.7463201904e+02 6.7470001221e+02 6.7475598145e+02 6.7481402588e+02 6.7488201904e+02 6.7494897461e+02 6.7499902344e+02 6.7504901123e+02 6.7512298584e+02 6.7519396973e+02 6.7525701904e+02 6.7533398438e+02 6.7540399170e+02 6.7547302246e+02 6.7553399658e+02 6.7560998535e+02 6.7567700195e+02 6.7573199463e+02 6.7582598877e+02 6.7588000488e+02 6.7594097900e+02 6.7600897217e+02 6.7608099365e+02 6.7615600586e+02 6.7621997070e+02 6.7628399658e+02 6.7635198975e+02 6.7641802979e+02 6.7648699951e+02 6.7655902100e+02 6.7661999512e+02 6.7666400146e+02 6.7673199463e+02 6.7678302002e+02 6.7683099365e+02 6.7690301514e+02 6.7696600342e+02 6.7701702881e+02 6.7705902100e+02 6.7713397217e+02 6.7717797852e+02 6.7722998047e+02 6.7728900146e+02 6.7735400391e+02
6.7436700439e+02 6.7442602539e+02 6.7449102783e+02 6.7456298828e+02 6.7462701416e+02 6.7468902588e+02 6.7475299072e+02 6.7481701660e+02 6.7486798096e+02 6.7492901611e+02 6.7500402832e+02 6.7505999756e+02 6.7511297607e+02 6.7519396973e+02 6.7527600098e+02 6.7535101318e+02 6.7541900635e+02 6.7548400879e+02 6.7554101563e+02 6.7560998535e+02 6.7570397949e+02 6.7575701904e+02 6.7582299805e+02 6.7588397217e+02 6.7594799805e+02 6.7602197266e+02 6.7609301758e+02 6.7616198730e+02 6.7622601318e+02 6.7628302002e+02 6.7635797119e+02 6.7644299316e+02 6.7650402832e+02 6.7656597900e+02 6.7663201904e+02 6.7667401123e+02 6.7672198486e+02 6.7679302979e+02 6.7685797119e+02 6.7691497803e+02 6.7694702148e+02 6.7701000977e+02 6.7706298828e+02 6.7713098145e+02 6.7719097900e+02 6.7724902344e+02
6.7423400879e+02 6.7428802490e+02 6.7436199951e+02 6.7443597412e+02 6.7448797607e+02 6.7456298828e+02 6.7461401367e+02 6.7466900635e+02 6.7473699951e+02 6.7479998779e+02 6.7487500000e+02 6.7492999268e+02 6.7498699951e+02 6.7506402588e+02 6.7513598633e+02 6.7521197510e+02 6.7529797363e+02 6.7534399414e+02 6.7541302490e+02 6.7550402832e+02 6.7558099365e+02 6.7563098145e+02 6.7569897461e+02 6.7576098633e+02 6.7581896973e+02 6.7590100098e+02 6.7597302246e+02 6.7604199219e+02 6.7610900879e+02 6.7616400146e+02 6.7623400879e+02 6.7631201172e+02 6.7637799072e+02 6.7645697021e+02 6.7651702881e+02 6.7656097412e+02 6.7662500000e+02 6.7668798828e+02 6.7674902344e+02 6.7681298828e+02 6.7684802246e+02 6.7690100098e+02 6.7696301270e+02 6.7702899170e+02 6.7708197021e+02 6.7714599609e+02
6.7410797119e+02 6.7415698242e+02 6.7422198486e+02 6.7429101563e+02 6.7434497070e+02 6.7441601563e+02 6.7447601318e+02 6.7453302002e+02 6.7459997559e+02 6.7466802979e+02 6.7473901367e+02 6.7480499268e+02 6.7487298584e+02 6.7495800781e+02 6.7501702881e+02 6.7507501221e+02 6.7515502930e+02 6.7522497559e+02 6.7529797363e+02 6.7537701416e+02 6.7544299316e+02 6.7549401855e+02 6.7556701660e+02 6.7564099121e+02 6.7571301270e+02 6.7577801514e+02 6.7585302734e+02 6.7592498779e+02 6.7598699951e+02 6.7605401611e+02 6.7612597656e+02 6.7619097900e+02 6.7626501465e+02 6.7633099365e+02 6.7639898682e+02 6.7645898438e+02 6.7652398682e+02 6.7657397461e+02 6.7663000488e+02 6.7670300293e+02 6.7676300049e+02 6.7681298828e+02 6.7686798096e+02 6.7691998291e+02 6.7697302246e+02 6.7703497314e+02
6.7395898438e+02 6.7402197266e+02 6.7408398438e+02 6.7413598633e+02 6.7419500732e+02 6.7427001953e+02 6.7433001709e+02 6.7439697266e+02 6.7446099854e+02 6.7453100586e+02 6.7460400391e+02 6.7467401123e+02 6.7474102783e+02 6.7482000732e+02 6.7488800049e+02 6.7495202637e+02 6.7502600098e+02 6.7509997559e+02 6.7516601563e+02 6.7524200439e+02 6.7532800293e+02 6.7538397217e+02 6.7546002197e+02 6.7553601074e+02 6.7560498047e+02 6.7566699219e+02 6.7574102783e+02 6.7580999756e+02 6.7587500000e+02 6.7594500732e+02 6.7601098633e+02 6.7607098389e+02 6.7614697266e+02 6.7620300293e+02 6.7627398682e+02 6.7634197998e+02 6.7640502930e+02 6.7646502686e+02 6.7652001953e+02 6.7657598877e+02 6.7663702393e+02 6.7669799805e+02 6.7676000977e+02 6.7681799316e+02 6.7687298584e+02 6.7692602539e+02
6.7381799316e+02 6.7387902832e+02 6.7394097900e+02 6.7399298096e+02 6.7404998779e+02 6.7412799072e+02 6.7418902588e+02 6.7425897217e+02 6.7432702637e+02 6.7439001465e+02 6.7446502686e+02 6.7454400635e+02 6.7460797119e+02 6.7467102051e+02 6.7475000000e+02 6.7483001709e+02 6.7490698242e+02 6.7496997070e+02 6.7503198242e+02 6.7510498047e+02 6.7520300293e+02 6.7526397705e+02 6.7534497070e+02 6.7541998291e+02 6.7547399902e+02 6.7554797363e+02 6.7562402344e+02 6.7569598389e+02 6.7576702881e+02 6.7583300781e+02 6.7588800049e+02 6.7595098877e+02 6.7603302002e+02 6.7609600830e+02 6.7615899658e+02 6.7622399902e+02 6.7628997803e+02 6.7635400391e+02 6.7640997314e+02 6.7645898438e+02 6.7651800537e+02 6.7659197998e+02 6.7664697266e+02 6.7670599365e+02 6.7676397705e+02 6.7682397461e+02
6.7367901611e+02 6.7372900391e+02 6.7378100586e+02 6.7385198975e+02 6.7392297363e+02 6.7399102783e+02 6.7404400635e+02 6.7410302734e+02 6.7418298340e+02 6.7425598145e+02 6.7433300781e+02 6.7440600586e+02 6.7446600342e+02 6.7454602051e+02 6.7463000488e+02 6.7470697021e+02 6.7478100586e+02 6.7483599854e+02 6.7490197754e+02 6.7497802734e+02 6.7506597900e+02 6.7514099121e+02 6.7522399902e+02 6.7528698730e+02 6.7534301758e+02 6.7544299316e+02 6.7551800537e+02 6.7558099365e+02 6.7564202881e+02 6.7571398926e+02 6.7578100586e+02 6.7584600830e+02 6.7591998291e+02 6.7597998047e+02 6.7604302979e+02 6.7611499023e+02 6.7619500732e+02 6.7625799561e+02 6.7631298828e+02 6.7635797119e+02 6.7641101074e+02 6.7648999023e+02 6.7653997803e+02 6.7660400391e+02 6.7666601563e+02 6.7672900391e+02
6.7352197266e+02 6.7357501221e+02 6.7363702393e+02 6.7371002197e+02 6.7378198242e+02 6.7384997559e+02 6.7390002441e+02 6.7396600342e+02 6.7403698730e+02 6.7410797119e+02 6.7418499756e+02 6.7425500488e+02 6.7432800293e+02 6.7440899658e+02 6.7448498535e+02 6.7455999756e+02 6.7464398193e+02 6.7470501709e+02 6.7478100586e+02 6.7486700439e+02 6.7494598389e+02 6.7500500488e+02 6.7509197998e+02 6.7516601563e+02 6.7523699951e+02 6.7532897949e+02 6.7540899658e+02 6.7547802734e+02 6.7553601074e+02 6.7559997559e+02 6.7567999268e+02 6.7575000000e+02 6.7580902100e+02 6.7587597656e+02 6.7595202637e+02 6.7601202393e+02 6.7608001709e+02 6.7614501953e+02 6.7619598389e+02 6.7624499512e+02 6.7630999756e+02 6.7639599609e+02 6.7645300293e+02 6.7652301025e+02 6.7658099365e+02 6.7664300537e+02
6.7336798096e+02 6.7343200684e+02 6.7349902344e+02 6.7356298828e+02 6.7362597656e+02 6.7370599365e+02 6.7378002930e+02 6.7385900879e+02 6.7391601563e+02 6.7398602295e+02 6.7405603027e+02 6.7411999512e+02 6.7419500732e+02 6.7427697754e+02 6.7435400391e+02 6.7442102051e+02 6.7449597168e+02 6.7457598877e+02 6.7465399170e+02 6.7473901367e+02 6.7482897949e+02 6.7488201904e+02 6.7496697998e+02 6.7503997803e+02 6.7511700439e+02 6.7519598389e+02 6.7528002930e+02 6.7536602783e+02 6.7542700195e+02 6.7547698975e+02 6.7555603027e+02 6.7563201904e+02 6.7569097900e+02 6.7576800537e+02 6.7584997559e+02 6.7590600586e+02 6.7597198486e+02 6.7603601074e+02 6.7609497070e+02 6.7616101074e+02 6.7622998047e+02 6.7630499268e+02 6.7635699463e+02 6.7641802979e+02 6.7648400879e+02 6.7654498291e+02
6.7323602295e+02 6.7328698730e+02 6.7335797119e+02 6.7342901611e+02 6.7347399902e+02 6.7355902100e+02 6.7364501953e+02 6.7372698975e+02 6.7378002930e+02 6.7386499023e+02 6.7394097900e+02 6.7400598145e+02 6.7407098389e+02 6.7413598633e+02 6.7421502686e+02 6.7429101563e+02 6.7435900879e+02 6.7444897461e+02 6.7453302002e+02 6.7460797119e+02 6.7470300293e+02 6.7477301025e+02 6.7485198975e+02 6.7491802979e+02 6.7499499512e+02 6.7506799316e+02 6.7515100098e+02 6.7523699951e+02 6.7531298828e+02 6.7537097168e+02 6.7543298340e+02 6.7549798584e+02 6.7556896973e+02 6.7565002441e+02 6.7573400879e+02 6.7579302979e+02 6.7587500000e+02 6.7594500732e+02 6.7600299072e+02 6.7606500244e+02 6.7612500000e+02 6.7618597412e+02 6.7624102783e+02 6.7630200195e+02 6.7638098145e+02 6.7644000244e+02
6.7309301758e+02 6.7314300537e+02 6.7321899414e+02 6.7330401611e+02 6.7336199951e+02 6.7344000244e+02 6.7349798584e+02 6.7355902100e+02 6.7362701416e+02 6.7372802734e+02 6.7381298828e+02 6.7388500977e+02 6.7394396973e+02 6.7398101807e+02 6.7406298828e+02 6.7416198730e+02 6.7423602295e+02 6.7432202148e+02 6.7440197754e+02 6.7447198486e+02 6.7457000732e+02 6.7465802002e+02 6.7472900391e+02 6.7479797363e+02 6.7487701416e+02 6.7494598389e+02 6.7503497314e+02 6.7511102295e+02 6.7518701172e+02 6.7524597168e+02 6.7531097412e+02 6.7537799072e+02 6.7546997070e+02 6.7553802490e+02 6.7561199951e+02 6.7568402100e+02 6.7577697754e+02 6.7583599854e+02 6.7590100098e+02 6.7595800781e+02 6.7600201416e+02 6.7606896973e+02 6.7613897705e+02 6.7621002197e+02 6.7627899170e+02 6.7635498047e+02
6.7293798828e+02 6.7299902344e+02 6.7308398438e+02 6.7316900635e+02 6.7323199463e+02 6.7330999756e+02 6.7336401367e+02 6.7342999268e+02 6.7350402832e+02 6.7357501221e+02 6.7364697266e+02 6.7373101807e+02 6.7381402588e+02 6.7386602783e+02 6.7394598389e+02 6.7403997803e+02 6.7411499023e+02 6.7420800781e+02 6.7428198242e+02 6.7436102295e+02 6.7445599365e+02 6.7452502441e+02 6.7459197998e+02 6.7466497803e+02 6.7474298096e+02 6.7482397461e+02 6.7490802002e+02 6.7498400879e+02 6.7506597900e+02 6.7513397217e+02 6.7520800781e+02 6.7527398682e+02 6.7536297607e+02 6.7543798828e+02 6.7551599121e+02 6.7559301758e+02 6.7566302490e+02 6.7571697998e+02 6.7579302979e+02 6.7586199951e+02 6.7591601563e+02 6.7598199463e+02 6.7604797363e+02 6.7612200928e+02 6.7619299316e+02 6.7626000977e+02
6.7279998779e+02 6.7286499023e+02 6.7293798828e+02 6.7302001953e+02 6.7308599854e+02 6.7315802002e+02 6.7322900391e+02 6.7330200195e+02 6.7337298584e+02 6.7343499756e+02 6.7350598145e+02 6.7359100342e+02 6.7367602539e+02 6.7375000000e+02 6.7382501221e+02 6.7390502930e+02 6.7398297119e+02 6.7406298828e+02 6.7414099121e+02 6.7423901367e+02 6.7432800293e+02 6.7439801025e+02 6.7447802734e+02 6.7454901123e+02 6.7461999512e+02 6.7471398926e+02 6.7480200195e+02 6.7487597656e+02 6.7495001221e+02 6.7502801514e+02 6.7510699463e+02 6.7517700195e+02 6.7525701904e+02 6.7534197998e+02 6.7542199707e+02 6.7548400879e+02 6.7554400635e+02 6.7561602783e+02 6.7569598389e+02 6.7576800537e+02 6.7583697510e+02 6.7590600586e+02 6.7596502686e+02 6.7603100586e+02 6.7610498047e+02 6.7616802979e+02
6.7267102051e+02 6.7272900391e+02 6.7279302979e+02 6.7287701416e+02 6.7294500732e+02 6.7301599121e+02 6.7309100342e+02 6.7316601563e+02 6.7323699951e+02 6.7331597900e+02 6.7339398193e+02 6.7346899414e+02 6.7352801514e+02 6.7361297607e+02 6.7369702148e+02 6.7377600098e+02 6.7385998535e+02 6.7392797852e+02 6.7401202393e+02 6.7410601807e+02 6.7418103027e+02 6.7426300049e+02 6.7435998535e+02 6.7442700195e+02 6.7451202393e+02 6.7460302734e+02 6.7468200684e+02 6.7476300049e+02 6.7484497070e+02 6.7491802979e+02 6.7500000000e+02 6.7508001709e+02 6.7514501953e+02 6.7522802734e+02 6.7530798340e+02 6.7536999512e+02 6.7544799805e+02 6.7553002930e+02 6.7560400391e+02 6.7566998291e+02 6.7573498535e+02 6.7581097412e+02 6.7587402344e+02 6.7594299316e+02 6.7601599121e+02 6.7608001709e+02
