TESTSERVER/22/9.asc
NCOLS 100
NROWS 100
XLLCORNER 8.5997500000e+03
YLLCORNER 2.8950025000e+05
CELLSIZE 5.0000000000e-01
NODATA_VALUE -9.9990000000e+03
[rows 60 to 79 of 100, columns 0 to 45 of 100]
6.7774200439e+02 6.7778997803e+02 6.7783502197e+02 6.7788098145e+02 6.7793902588e+02 6.7802001953e+02 6.7808300781e+02 6.7812799072e+02 6.7817999268e+02 6.7826098633e+02 6.7832897949e+02 6.7836401367e+02 6.7841601563e+02 6.7846997070e+02 6.7851800537e+02 6.7857299805e+02 6.7863702393e+02 6.7868103027e+02 6.7874401855e+02 6.7879901123e+02 6.7884497070e+02 6.7890698242e+02 6.7896099854e+02 6.7899200439e+02 6.7903601074e+02 6.7908502197e+02 6.7913299561e+02 6.7919097900e+02 6.7922802734e+02 6.7926599121e+02 6.7930297852e+02 6.7933898926e+02 6.7936798096e+02 6.7940600586e+02 6.7945898438e+02 6.7949200439e+02 6.7951098633e+02 6.7955297852e+02 6.7957897949e+02 6.7962402344e+02 6.7966699219e+02 6.7969897461e+02 6.7973297119e+02 6.7975500488e+02 6.7977697754e+02 6.7982202148e+02
6.7761700439e+02 6.7765997314e+02 6.7772198486e+02 6.7778002930e+02 6.7783898926e+02 6.7790600586e+02 6.7796801758e+02 6.7802001953e+02 6.7809002686e+02 6.7815301514e+02 6.7821398926e+02 6.7826300049e+02 6.7831701660e+02 6.7837597656e+02 6.7841900635e+02 6.7847100830e+02 6.7853698730e+02 6.7858398438e+02 6.7864202881e+02 6.7869702148e+02 6.7874597168e+02 6.7880603027e+02 6.7885400391e+02 6.7889599609e+02 6.7894897461e+02 6.7897998047e+02 6.7903002930e+02 6.7909100342e+02 6.7913299561e+02 6.7916400146e+02 6.7920599365e+02 6.7924298096e+02 6.7927301025e+02 6.7931402588e+02 6.7936401367e+02 6.7939898682e+02 6.7941802979e+02 6.7946002197e+02 6.7949102783e+02 6.7953997803e+02 6.7957098389e+02 6.7960101318e+02 6.7964300537e+02 6.7967297363e+02 6.7971002197e+02 6.7974902344e+02
6.7749298096e+02 6.7753399658e+02 6.7760198975e+02 6.7767602539e+02 6.7773797607e+02 6.7778698730e+02 6.7784100342e+02 6.7790197754e+02 6.7798400879e+02 6.7804400635e+02 6.7810101318e+02 6.7815698242e+02 6.7820599365e+02 6.7826098633e+02 6.7831701660e+02 6.7837200928e+02 6.7842401123e+02 6.7847399902e+02 6.7853399658e+02 6.7859301758e+02 6.7865399170e+02 6.7870300293e+02 6.7875097656e+02 6.7880700684e+02 6.7885699463e+02 6.7888897705e+02 6.7894000244e+02 6.7899200439e+02 6.7903100586e+02 6.7906097412e+02 6.7910498047e+02 6.7914898682e+02 6.7917797852e+02 6.7922198486e+02 6.7927099609e+02 6.7930401611e+02 6.7933001709e+02 6.7938000488e+02 6.7941400146e+02 6.7945697021e+02 6.7948297119e+02 6.7951397705e+02 6.7954797363e+02 6.7957800293e+02 6.7962298584e+02 6.7965899658e+02
6.7736999512e+02 6.7742901611e+02 6.7749401855e+02 6.7756402588e+02 6.7762298584e+02 6.7767901611e+02 6.7772998047e+02 6.7778698730e+02 6.7786700439e+02 6.7792498779e+02 6.7798297119e+02 6.7804602051e+02 6.7809698486e+02 6.7815197754e+02 6.7821398926e+02 6.7826599121e+02 6.7832000732e+02 6.7838500977e+02 6.7844500732e+02 6.7849401855e+02 6.7854998779e+02 6.7859899902e+02 6.7864801025e+02 6.7870501709e+02 6.7874798584e+02 6.7879699707e+02 6.7885699463e+02 6.7890197754e+02 6.7893701172e+02 6.7895898438e+02 6.7899499512e+02 6.7903698730e+02 6.7907202148e+02 6.7911901855e+02 6.7916998291e+02 6.7920697021e+02 6.7924200439e+02 6.7929901123e+02 6.7932800293e+02 6.7935498047e+02 6.7938500977e+02 6.7942498779e+02 6.7946197510e+02 6.7949200439e+02 6.7952600098e+02 6.7956201172e+02
6.7723699951e+02 6.7731799316e+02 6.7738098145e+02 6.7744000244e+02 6.7749401855e+02 6.7758197021e+02 6.7764099121e+02 6.7769097900e+02 6.7776202393e+02 6.7780401611e+02 6.7785998535e+02 6.7792901611e+02 6.7798699951e+02 6.7805902100e+02 6.7812500000e+02 6.7817102051e+02 6.7823101807e+02 6.7830603027e+02 6.7836102295e+02 6.7840002441e+02 6.7844000244e+02 6.7849200439e+02 6.7854602051e+02 6.7860302734e+02 6.7865698242e+02 6.7870501709e+02 6.7875402832e+02 6.7879602051e+02 6.7884197998e+02 6.7887799072e+02 6.7889801025e+02 6.7893103027e+02 6.7898797607e+02 6.7902697754e+02 6.7907000732e+02 6.7910699463e+02 6.7914099121e+02 6.7921398926e+02 6.7923999023e+02 6.7925500488e+02 6.7929901123e+02 6.7932800293e+02 6.7936700439e+02 6.7940502930e+02 6.7942901611e+02 6.7946600342e+02
6.7715002441e+02 6.7721502686e+02 6.7727502441e+02 6.7733697510e+02 6.7739099121e+02 6.7746899414e+02 6.7753698730e+02 6.7758898926e+02 6.7763800049e+02 6.7768200684e+02 6.7774597168e+02 6.7781402588e+02 6.7787597656e+02 6.7795202637e+02 6.7802502441e+02 6.7808001709e+02 6.7814202881e+02 6.7819396973e+02 6.7825097656e+02 6.7830102539e+02 6.7834899902e+02 6.7839300537e+02 6.7843200684e+02 6.7848400879e+02 6.7855700684e+02 6.7860498047e+02 6.7864300537e+02 6.7868402100e+02 6.7872100830e+02 6.7875598145e+02 6.7879302979e+02 6.7883599854e+02 6.7888098145e+02 6.7891998291e+02 6.7896398926e+02 6.7901000977e+02 6.7904901123e+02 6.7910900879e+02 6.7914300537e+02 6.7917401123e+02 6.7920599365e+02 6.7922998047e+02 6.7926898193e+02 6.7930700684e+02 6.7933801270e+02 6.7937902832e+02
6.7705200195e+02 6.7710699463e+02 6.7716198730e+02 6.7722900391e+02 6.7728900146e+02 6.7733599854e+02 6.7740399170e+02 6.7747601318e+02 6.7752801514e+02 6.7758001709e+02 6.7764801025e+02 6.7770599365e+02 6.7776702881e+02 6.7784301758e+02 6.7790399170e+02 6.7795599365e+02 6.7803002930e+02 6.7807800293e+02 6.7814001465e+02 6.7819500732e+02 6.7824401855e+02 6.7829400635e+02 6.7833300781e+02 6.7838201904e+02 6.7845098877e+02 6.7849401855e+02 6.7853601074e+02 6.7857800293e+02 6.7860699463e+02 6.7864202881e+02 6.7868597412e+02 6.7873199463e+02 6.7876800537e+02 6.7881500244e+02 6.7885601807e+02 6.7890600586e+02 6.7894299316e+02 6.7898400879e+02 6.7902600098e+02 6.7907897949e+02 6.7911199951e+02 6.7914099121e+02 6.7918298340e+02 6.7921899414e+02 6.7925097656e+02 6.7929797363e+02
6.7693200684e+02 6.7699200439e+02 6.7704998779e+02 6.7711297607e+02 6.7717498779e+02 6.7721899414e+02 6.7728601074e+02 6.7736102295e+02 6.7741802979e+02 6.7746801758e+02 6.7753399658e+02 6.7759002686e+02 6.7765197754e+02 6.7772998047e+02 6.7778997803e+02 6.7784002686e+02 6.7791802979e+02 6.7796697998e+02 6.7802801514e+02 6.7808502197e+02 6.7813098145e+02 6.7818298340e+02 6.7823101807e+02 6.7828002930e+02 6.7834002686e+02 6.7838000488e+02 6.7842401123e+02 6.7846502686e+02 6.7850500488e+02 6.7855297852e+02 6.7858697510e+02 6.7861999512e+02 6.7866302490e+02 6.7870599365e+02 6.7874700928e+02 6.7879797363e+02 6.7883197021e+02 6.7887597656e+02 6.7892102051e+02 6.7897601318e+02 6.7901098633e+02 6.7904498291e+02 6.7909301758e+02 6.7912799072e+02 6.7915802002e+02 6.7920697021e+02
6.7679199219e+02 6.7687701416e+02 6.7694000244e+02 6.7699902344e+02 6.7705999756e+02 6.7711499023e+02 6.7717901611e+02 6.7724700928e+02 6.7731201172e+02 6.7735601807e+02 6.7741400146e+02 6.7747998047e+02 6.7754101563e+02 6.7761901855e+02 6.7769097900e+02 6.7774700928e+02 6.7781597900e+02 6.7785302734e+02 6.7790802002e+02 6.7797198486e+02 6.7802301025e+02 6.7808001709e+02 6.7813201904e+02 6.7818103027e+02 6.7823101807e+02 6.7826898193e+02 6.7831298828e+02 6.7835699463e+02 6.7839898682e+02 6.7844702148e+02 6.7848999023e+02 6.7852398682e+02 6.7855999756e+02 6.7858697510e+02 6.7863299561e+02 6.7869702148e+02 6.7874401855e+02 6.7878997803e+02 6.7883001709e+02 6.7886901855e+02 6.7890399170e+02 6.7894897461e+02 6.7899597168e+02 6.7903802490e+02 6.7907000732e+02 6.7911499023e+02
6.7668499756e+02 6.7675799561e+02 6.7681701660e+02 6.7688000488e+02 6.7695501709e+02 6.7702398682e+02 6.7707501221e+02 6.7712500000e+02 6.7718597412e+02 6.7724700928e+02 6.7731298828e+02 6.7738098145e+02 6.7742999268e+02 6.7749798584e+02 6.7756799316e+02 6.7762200928e+02 6.7768597412e+02 6.7773699951e+02 6.7779400635e+02 6.7784899902e+02 6.7790301514e+02 6.7794702148e+02 6.7800299072e+02 6.7806298828e+02 6.7811798096e+02 6.7816998291e+02 6.7821197510e+02 6.7825500488e+02 6.7830297852e+02 6.7833801270e+02 6.7839099121e+02 6.7843200684e+02 6.7846398926e+02 6.7849401855e+02 6.7855401611e+02 6.7860797119e+02 6.7864501953e+02 6.7868902588e+02 6.7873297119e+02 6.7878198242e+02 6.7881097412e+02 6.7884899902e+02 6.7889398193e+02 6.7894598389e+02 6.7897998047e+02 6.7902197266e+02
6.7658099365e+02 6.7664501953e+02 6.7670202637e+02 6.7676202393e+02 6.7683502197e+02 6.7690502930e+02 6.7694396973e+02 6.7699200439e+02 6.7706201172e+02 6.7713299561e+02 6.7720001221e+02 6.7725897217e+02 6.7730401611e+02 6.7736798096e+02 6.7743298340e+02 6.7749401855e+02 6.7756701660e+02 6.7762097168e+02 6.7767401123e+02 6.7772399902e+02 6.7778302002e+02 6.7782299805e+02 6.7787500000e+02 6.7793597412e+02 6.7800201416e+02 6.7806298828e+02 6.7810797119e+02 6.7815600586e+02 6.7820300293e+02 6.7824200439e+02 6.7828900146e+02 6.7833001709e+02 6.7836798096e+02 6.7840802002e+02 6.7846197510e+02 6.7849597168e+02 6.7852502441e+02 6.7857702637e+02 6.7861602783e+02 6.7867401123e+02 6.7871301270e+02 6.7874401855e+02 6.7878900146e+02 6.7883697510e+02 6.7887701416e+02 6.7891802979e+02
6.7646197510e+02 6.7652801514e+02 6.7658099365e+02 6.7663299561e+02 6.7670397949e+02 6.7677398682e+02 6.7681597900e+02 6.7687402344e+02 6.7694396973e+02 6.7700299072e+02 6.7707000732e+02 6.7712701416e+02 6.7718298340e+02 6.7725097656e+02 6.7731402588e+02 6.7737597656e+02 6.7745397949e+02 6.7750500488e+02 6.7755700684e+02 6.7760601807e+02 6.7767297363e+02 6.7771899414e+02 6.7776800537e+02 6.7782702637e+02 6.7789099121e+02 6.7794396973e+02 6.7799200439e+02 6.7804498291e+02 6.7809100342e+02 6.7814599609e+02 6.7819396973e+02 6.7822998047e+02 6.7826702881e+02 6.7831402588e+02 6.7835198975e+02 6.7837902832e+02 6.7842297363e+02 6.7847998047e+02 6.7850402832e+02 6.7855902100e+02 6.7860699463e+02 6.7864099121e+02 6.7868103027e+02 6.7872601318e+02 6.7877398682e+02 6.7881500244e+02
6.7633099365e+02 6.7639697266e+02 6.7646002197e+02 6.7652502441e+02 6.7658398438e+02 6.7665399170e+02 6.7670501709e+02 6.7676098633e+02 6.7681402588e+02 6.7686700439e+02 6.7694299316e+02 6.7701098633e+02 6.7706597900e+02 6.7712402344e+02 6.7719598389e+02 6.7726202393e+02 6.7733001709e+02 6.7738299561e+02 6.7744000244e+02 6.7748699951e+02 6.7755401611e+02 6.7761297607e+02 6.7766699219e+02 6.7772302246e+02 6.7777398682e+02 6.7782202148e+02 6.7786901855e+02 6.7792602539e+02 6.7798199463e+02 6.7803802490e+02 6.7809100342e+02 6.7812097168e+02 6.7814898682e+02 6.7820697021e+02 6.7823498535e+02 6.7826599121e+02 6.7831597900e+02 6.7836901855e+02 6.7840197754e+02 6.7845800781e+02 6.7849401855e+02 6.7853198242e+02 6.7857299805e+02 6.7862298584e+02 6.7867700195e+02 6.7871099854e+02
6.7620202637e+02 6.7626397705e+02 6.7633502197e+02 6.7640802002e+02 6.7645501709e+02 6.7651599121e+02 6.7657299805e+02 6.7663299561e+02 6.7669598389e+02 6.7676300049e+02 6.7683300781e+02 6.7689099121e+02 6.7695202637e+02 6.7700500488e+02 6.7706896973e+02 6.7713702393e+02 6.7719799805e+02 6.7725201416e+02 6.7732702637e+02 6.7737500000e+02 6.7743499756e+02 6.7748297119e+02 6.7753198242e+02 6.7759698486e+02 6.7765399170e+02 6.7770501709e+02 6.7775598145e+02 6.7781701660e+02 6.7787597656e+02 6.7792901611e+02 6.7798101807e+02 6.7802502441e+02 6.7806896973e+02 6.7811102295e+02 6.7813299561e+02 6.7816198730e+02 6.7821600342e+02 6.7827398682e+02 6.7831097412e+02 6.7835900879e+02 6.7839300537e+02 6.7842602539e+02 6.7846697998e+02 6.7851397705e+02 6.7856896973e+02 6.7861798096e+02
6.7608001709e+02 6.7614202881e+02 6.7620202637e+02 6.7626000977e+02 6.7631597900e+02 6.7638500977e+02 6.7644299316e+02 6.7650598145e+02 6.7658099365e+02 6.7665502930e+02 6.7671099854e+02 6.7676202393e+02 6.7682598877e+02 6.7688598633e+02 6.7694799805e+02 6.7701501465e+02 6.7708197021e+02 6.7713201904e+02 6.7720697021e+02 6.7726000977e+02 6.7732202148e+02 6.7737597656e+02 6.7742498779e+02 6.7748699951e+02 6.7753997803e+02 6.7759301758e+02 6.7765502930e+02 6.7771197510e+02 6.7775799561e+02 6.7781097412e+02 6.7786901855e+02 6.7792297363e+02 6.7796301270e+02 6.7799902344e+02 6.7803900146e+02 6.7806799316e+02 6.7810400391e+02 6.7816497803e+02 6.7820599365e+02 6.7825097656e+02 6.7830200195e+02 6.7833898926e+02 6.7837500000e+02 6.7841998291e+02 6.7846997070e+02 6.7852099609e+02
6.7595697021e+02 6.7602099609e+02 6.7607202148e+02 6.7612298584e+02 6.7619000244e+02 6.7625299072e+02 6.7630999756e+02 6.7638000488e+02 6.7645001221e+02 6.7651599121e+02 6.7657501221e+02 6.7663201904e+02 6.7669598389e+02 6.7675897217e+02 6.7682299805e+02 6.7688702393e+02 6.7696002197e+02 6.7701501465e+02 6.7708001709e+02 6.7713598633e+02 6.7720300293e+02 6.7726300049e+02 6.7731500244e+02 6.7737402344e+02 6.7742999268e+02 6.7747302246e+02 6.7753302002e+02 6.7758697510e+02 6.7764398193e+02 6.7770001221e+02 6.7775500488e+02 6.7780902100e+02 6.7784301758e+02 6.7789001465e+02 6.7794500732e+02 6.7797497559e+02 6.7800201416e+02 6.7805902100e+02 6.7810101318e+02 6.7814697266e+02 6.7821600342e+02 6.7825299072e+02 6.7828601074e+02 6.7833197021e+02 6.7837298584e+02 6.7842401123e+02
6.7584698486e+02 6.7590301514e+02 6.7594500732e+02 6.7600000000e+02 6.7607397461e+02 6.7610400391e+02 6.7616900635e+02 6.7625097656e+02 6.7632299805e+02 6.7638201904e+02 6.7644396973e+02 6.7650701904e+02 6.7657299805e+02 6.7663201904e+02 6.7669702148e+02 6.7675097656e+02 6.7680902100e+02 6.7688897705e+02 6.7694897461e+02 6.7700897217e+02 6.7707702637e+02 6.7713397217e+02 6.7719396973e+02 6.7725598145e+02 6.7733001709e+02 6.7736700439e+02 6.7740997314e+02 6.7747198486e+02 6.7754199219e+02 6.7759100342e+02 6.7763598633e+02 6.7768798828e+02 6.7772900391e+02 6.7777600098e+02 6.7782397461e+02 6.7787200928e+02 6.7792401123e+02 6.7796899414e+02 6.7800299072e+02 6.7804400635e+02 6.7810101318e+02 6.7814697266e+02 6.7818902588e+02 6.7824102783e+02 6.7828601074e+02 6.7833801270e+02
6.7571801758e+02 6.7578302002e+02 6.7583001709e+02 6.7587298584e+02 6.7593200684e+02 6.7598297119e+02 6.7605297852e+02 6.7612902832e+02 6.7619396973e+02 6.7625299072e+02 6.7631701660e+02 6.7638800049e+02 6.7644702148e+02 6.7650701904e+02 6.7657501221e+02 6.7663500977e+02 6.7669299316e+02 6.7675299072e+02 6.7682501221e+02 6.7690100098e+02 6.7695501709e+02 6.7701702881e+02 6.7708099365e+02 6.7714398193e+02 6.7721398926e+02 6.7726599121e+02 6.7731701660e+02 6.7737500000e+02 6.7741802979e+02 6.7745501709e+02 6.7752398682e+02 6.7759600830e+02 6.7762799072e+02 6.7766802979e+02 6.7771801758e+02 6.7777398682e+02 6.7782397461e+02 6.7786999512e+02 6.7790399170e+02 6.7794598389e+02 6.7800097656e+02 6.7804699707e+02 6.7808099365e+02 6.7813098145e+02 6.7819702148e+02 6.7825201416e+02
6.7558099365e+02 6.7564801025e+02 6.7570800781e+02 6.7576098633e+02 6.7579998779e+02 6.7586798096e+02 6.7592901611e+02 6.7599200439e+02 6.7606097412e+02 6.7612701416e+02 6.7619702148e+02 6.7626098633e+02 6.7631097412e+02 6.7636999512e+02 6.7643499756e+02 6.7650500488e+02 6.7657299805e+02 6.7662402344e+02 6.7669396973e+02 6.7676202393e+02 6.7681402588e+02 6.7688299561e+02 6.7694396973e+02 6.7702197266e+02 6.7709399414e+02 6.7714300537e+02 6.7720501709e+02 6.7727099609e+02 6.7730999756e+02 6.7734197998e+02 6.7740899658e+02 6.7747900391e+02 6.7751397705e+02 6.7756097412e+02 6.7761700439e+02 6.7767401123e+02 6.7772399902e+02 6.7777502441e+02 6.7780902100e+02 6.7785302734e+02 6.7790197754e+02 6.7795397949e+02 6.7798699951e+02 6.7802600098e+02 6.7809301758e+02 6.7813201904e+02
6.7545599365e+02 6.7551000977e+02 6.7556298828e+02 6.7562701416e+02 6.7567401123e+02 6.7574200439e+02 6.7579302979e+02 6.7584997559e+02 6.7592401123e+02 6.7599200439e+02 6.7607299805e+02 6.7614099121e+02 6.7618499756e+02 6.7624200439e+02 6.7631201172e+02 6.7638897705e+02 6.7645599365e+02 6.7651202393e+02 6.7657501221e+02 6.7662701416e+02 6.7669598389e+02 6.7676501465e+02 6.7682202148e+02 6.7690301514e+02 6.7697302246e+02 6.7702502441e+02 6.7708898926e+02 6.7715301514e+02 6.7720098877e+02 6.7723602295e+02 6.7728601074e+02 6.7734197998e+02 6.7739398193e+02 6.7744702148e+02 6.7750500488e+02 6.7756201172e+02 6.7761798096e+02 6.7766302490e+02 6.7770697021e+02 6.7775500488e+02 6.7779699707e+02 6.7785101318e+02 6.7789001465e+02 6.7793200684e+02 6.7799298096e+02 6.7803399658e+02
