TESTSERVER/16/0.asc
NCOLS 100
NROWS 100
XLLCORNER 8.2997500000e+03
YLLCORNER 2.8995025000e+05
CELLSIZE 5.0000000000e-01
NODATA_VALUE -9.9990000000e+03
[rows 0 to 19 of 100, columns 46 to 91 of 100]
7.2587597656e+02 7.2603198242e+02 7.2621002197e+02 7.2643499756e+02 7.2673498535e+02 7.2706799316e+02 7.2731097412e+02 7.2753698730e+02 7.2772302246e+02 7.2795300293e+02 7.2817700195e+02 7.2841998291e+02 7.2857501221e+02 7.2875402832e+02 7.2897998047e+02 7.2918402100e+02 7.2944396973e+02 7.2969897461e+02 7.2991198730e+02 7.3020001221e+02 7.3044897461e+02 7.3067498779e+02 7.3091699219e+02 7.3122302246e+02 7.3152301025e+02 7.3175299072e+02 7.3186297607e+02 7.3198199463e+02 7.3222302246e+02 7.3250799561e+02 7.3272900391e+02 7.3283502197e+02 7.3308398438e+02 7.3337200928e+02 7.3361798096e+02 7.3381701660e+02 7.3402301025e+02 7.3422698975e+02 7.3440502930e+02 7.3455902100e+02 7.3472399902e+02 7.3492401123e+02 7.3512097168e+02 7.3531701660e+02 7.3552099609e+02 7.3569396973e+02
7.2577502441e+02 7.2591998291e+02 7.2598101807e+02 7.2618402100e+02 7.2649902344e+02 7.2677301025e+02 7.2698297119e+02 7.2723901367e+02 7.2754602051e+02 7.2784197998e+02 7.2802600098e+02 7.2822497559e+02 7.2837902832e+02 7.2855999756e+02 7.2878601074e+02 7.2897198486e+02 7.2920898438e+02 7.2948297119e+02 7.2973999023e+02 7.3003698730e+02 7.3026397705e+02 7.3044097900e+02 7.3062799072e+02 7.3093402100e+02 7.3125897217e+02 7.3152398682e+02 7.3166699219e+02 7.3177502441e+02 7.3194500732e+02 7.3213098145e+02 7.3233502197e+02 7.3256201172e+02 7.3282397461e+02 7.3308898926e+02 7.3333300781e+02 7.3354498291e+02 7.3373101807e+02 7.3391900635e+02 7.3414898682e+02 7.3436297607e+02 7.3449499512e+02 7.3466699219e+02 7.3487799072e+02 7.3503698730e+02 7.3521600342e+02 7.3540997314e+02
7.2548901367e+02 7.2564202881e+02 7.2574499512e+02 7.2591497803e+02 7.2622802734e+02 7.2653497314e+02 7.2674902344e+02 7.2694500732e+02 7.2721801758e+02 7.2753997803e+02 7.2778100586e+02 7.2799902344e+02 7.2817498779e+02 7.2834197998e+02 7.2854901123e+02 7.2874298096e+02 7.2894500732e+02 7.2921099854e+02 7.2951599121e+02 7.2981201172e+02 7.3002398682e+02 7.3017102051e+02 7.3033197021e+02 7.3062701416e+02 7.3096697998e+02 7.3127801514e+02 7.3147302246e+02 7.3157098389e+02 7.3171801758e+02 7.3185699463e+02 7.3201501465e+02 7.3228997803e+02 7.3257598877e+02 7.3284899902e+02 7.3310302734e+02 7.3333197021e+02 7.3350000000e+02 7.3366400146e+02 7.3389599609e+02 7.3410797119e+02 7.3423199463e+02 7.3440698242e+02 7.3463500977e+02 7.3478497314e+02 7.3494500732e+02 7.3513598633e+02
7.2522601318e+02 7.2540997314e+02 7.2562097168e+02 7.2576000977e+02 7.2601800537e+02 7.2633599854e+02 7.2659497070e+02 7.2672698975e+02 7.2688897705e+02 7.2717102051e+02 7.2749401855e+02 7.2777099609e+02 7.2799401855e+02 7.2816802979e+02 7.2832202148e+02 7.2852600098e+02 7.2871899414e+02 7.2895800781e+02 7.2924200439e+02 7.2953698730e+02 7.2976202393e+02 7.2991302490e+02 7.3006799316e+02 7.3032397461e+02 7.3065399170e+02 7.3099700928e+02 7.3125000000e+02 7.3132202148e+02 7.3148699951e+02 7.3167401123e+02 7.3178698730e+02 7.3202697754e+02 7.3231799316e+02 7.3260900879e+02 7.3289398193e+02 7.3315100098e+02 7.3333099365e+02 7.3348602295e+02 7.3369500732e+02 7.3386901855e+02 7.3401098633e+02 7.3420898438e+02 7.3441198730e+02 7.3455798340e+02 7.3471301270e+02 7.3489202881e+02
7.2512298584e+02 7.2534301758e+02 7.2560198975e+02 7.2567999268e+02 7.2584399414e+02 7.2612298584e+02 7.2644500732e+02 7.2657000732e+02 7.2669299316e+02 7.2693902588e+02 7.2723400879e+02 7.2752099609e+02 7.2779498291e+02 7.2802600098e+02 7.2814801025e+02 7.2833099365e+02 7.2855499268e+02 7.2876599121e+02 7.2894897461e+02 7.2923498535e+02 7.2951098633e+02 7.2972998047e+02 7.2989202881e+02 7.3004602051e+02 7.3031201172e+02 7.3064300537e+02 7.3097100830e+02 7.3109399414e+02 7.3122998047e+02 7.3144396973e+02 7.3161999512e+02 7.3176599121e+02 7.3204199219e+02 7.3235101318e+02 7.3263800049e+02 7.3292401123e+02 7.3315100098e+02 7.3334600830e+02 7.3352899170e+02 7.3363500977e+02 7.3377697754e+02 7.3397100830e+02 7.3415502930e+02 7.3431597900e+02 7.3449102783e+02 7.3467901611e+02
7.2497998047e+02 7.2513897705e+02 7.2534997559e+02 7.2547601318e+02 7.2563397217e+02 7.2588500977e+02 7.2621502686e+02 7.2642797852e+02 7.2659002686e+02 7.2682501221e+02 7.2709399414e+02 7.2729302979e+02 7.2751000977e+02 7.2775701904e+02 7.2797198486e+02 7.2819500732e+02 7.2845599365e+02 7.2866497803e+02 7.2876702881e+02 7.2898797607e+02 7.2929302979e+02 7.2958801270e+02 7.2977801514e+02 7.2990002441e+02 7.3007202148e+02 7.3031799316e+02 7.3064801025e+02 7.3086602783e+02 7.3100897217e+02 7.3117102051e+02 7.3131097412e+02 7.3145697021e+02 7.3172302246e+02 7.3207501221e+02 7.3240997314e+02 7.3265301514e+02 7.3286199951e+02 7.3305499268e+02 7.3325201416e+02 7.3339300537e+02 7.3351898193e+02 7.3369000244e+02 7.3390802002e+02 7.3408801270e+02 7.3429498291e+02 7.3453802490e+02
7.2473602295e+02 7.2488500977e+02 7.2504199219e+02 7.2524102783e+02 7.2544598389e+02 7.2568200684e+02 7.2596301270e+02 7.2620697021e+02 7.2640197754e+02 7.2664099121e+02 7.2691497803e+02 7.2711401367e+02 7.2728601074e+02 7.2748498535e+02 7.2774102783e+02 7.2801599121e+02 7.2829797363e+02 7.2855999756e+02 7.2866497803e+02 7.2882800293e+02 7.2910400391e+02 7.2940002441e+02 7.2963201904e+02 7.2978100586e+02 7.2992102051e+02 7.3010498047e+02 7.3036199951e+02 7.3061297607e+02 7.3077899170e+02 7.3092102051e+02 7.3104498291e+02 7.3118798828e+02 7.3144799805e+02 7.3180798340e+02 7.3215997314e+02 7.3236602783e+02 7.3255401611e+02 7.3274401855e+02 7.3296801758e+02 7.3315698242e+02 7.3328698730e+02 7.3345001221e+02 7.3368402100e+02 7.3386798096e+02 7.3408697510e+02 7.3435198975e+02
7.2445697021e+02 7.2461401367e+02 7.2472497559e+02 7.2498797607e+02 7.2523400879e+02 7.2545800781e+02 7.2567797852e+02 7.2589801025e+02 7.2613299561e+02 7.2640399170e+02 7.2668798828e+02 7.2694702148e+02 7.2713098145e+02 7.2727099609e+02 7.2746697998e+02 7.2776202393e+02 7.2805902100e+02 7.2840899658e+02 7.2857299805e+02 7.2867401123e+02 7.2889599609e+02 7.2915802002e+02 7.2941101074e+02 7.2962500000e+02 7.2978497314e+02 7.2995001221e+02 7.3015002441e+02 7.3040100098e+02 7.3058599854e+02 7.3074200439e+02 7.3089202881e+02 7.3104699707e+02 7.3128302002e+02 7.3159100342e+02 7.3189202881e+02 7.3207501221e+02 7.3225500488e+02 7.3245202637e+02 7.3269097900e+02 7.3291998291e+02 7.3307800293e+02 7.3325201416e+02 7.3348901367e+02 7.3365301514e+02 7.3385498047e+02 7.3410998535e+02
7.2418902588e+02 7.2435400391e+02 7.2445397949e+02 7.2472399902e+02 7.2496502686e+02 7.2516400146e+02 7.2538098145e+02 7.2559899902e+02 7.2590197754e+02 7.2621301270e+02 7.2640600586e+02 7.2669500732e+02 7.2694799805e+02 7.2707800293e+02 7.2722100830e+02 7.2746197510e+02 7.2774499512e+02 7.2811401367e+02 7.2832702637e+02 7.2845898438e+02 7.2865002441e+02 7.2887298584e+02 7.2910498047e+02 7.2937701416e+02 7.2960998535e+02 7.2981500244e+02 7.3000402832e+02 7.3022601318e+02 7.3041699219e+02 7.3059899902e+02 7.3081500244e+02 7.3098498535e+02 7.3117700195e+02 7.3139099121e+02 7.3161499023e+02 7.3179699707e+02 7.3198797607e+02 7.3220697021e+02 7.3246899414e+02 7.3268798828e+02 7.3288500977e+02 7.3309600830e+02 7.3332397461e+02 7.3342602539e+02 7.3358697510e+02 7.3381597900e+02
7.2390002441e+02 7.2412298584e+02 7.2429602051e+02 7.2455902100e+02 7.2482098389e+02 7.2501098633e+02 7.2517199707e+02 7.2534899902e+02 7.2564599609e+02 7.2595599365e+02 7.2618597412e+02 7.2646697998e+02 7.2673297119e+02 7.2688598633e+02 7.2703601074e+02 7.2722100830e+02 7.2750598145e+02 7.2787298584e+02 7.2803997803e+02 7.2821600342e+02 7.2843298340e+02 7.2866601563e+02 7.2889599609e+02 7.2914398193e+02 7.2941101074e+02 7.2965899658e+02 7.2985498047e+02 7.3002801514e+02 7.3023199463e+02 7.3045800781e+02 7.3067401123e+02 7.3084600830e+02 7.3102899170e+02 7.3120501709e+02 7.3137298584e+02 7.3154699707e+02 7.3175598145e+02 7.3201300049e+02 7.3229901123e+02 7.3252899170e+02 7.3272601318e+02 7.3293798828e+02 7.3314001465e+02 7.3320898438e+02 7.3332702637e+02 7.3355297852e+02
7.2368902588e+02 7.2394299316e+02 7.2415502930e+02 7.2438397217e+02 7.2462500000e+02 7.2483099365e+02 7.2498999023e+02 7.2519702148e+02 7.2544500732e+02 7.2567999268e+02 7.2599798584e+02 7.2630401611e+02 7.2651898193e+02 7.2673498535e+02 7.2693701172e+02 7.2707702637e+02 7.2733599854e+02 7.2765802002e+02 7.2781799316e+02 7.2802600098e+02 7.2825799561e+02 7.2849700928e+02 7.2872100830e+02 7.2895697021e+02 7.2922399902e+02 7.2947998047e+02 7.2968597412e+02 7.2985198975e+02 7.3006097412e+02 7.3028002930e+02 7.3046099854e+02 7.3065899658e+02 7.3086999512e+02 7.3104498291e+02 7.3116699219e+02 7.3131597900e+02 7.3151397705e+02 7.3177801514e+02 7.3208599854e+02 7.3234002686e+02 7.3252899170e+02 7.3269799805e+02 7.3285400391e+02 7.3292199707e+02 7.3303900146e+02 7.3326599121e+02
7.2345697021e+02 7.2371502686e+02 7.2394799805e+02 7.2414501953e+02 7.2433898926e+02 7.2456402588e+02 7.2479498291e+02 7.2504498291e+02 7.2525598145e+02 7.2544897461e+02 7.2586102295e+02 7.2620001221e+02 7.2634698486e+02 7.2660998535e+02 7.2685900879e+02 7.2697802734e+02 7.2719799805e+02 7.2748999023e+02 7.2768597412e+02 7.2788397217e+02 7.2811901855e+02 7.2835400391e+02 7.2857202148e+02 7.2879302979e+02 7.2904302979e+02 7.2928601074e+02 7.2948400879e+02 7.2967602539e+02 7.2991998291e+02 7.3012402344e+02 7.3023297119e+02 7.3045300293e+02 7.3069897461e+02 7.3088897705e+02 7.3098999023e+02 7.3109698486e+02 7.3124902344e+02 7.3147399902e+02 7.3177197266e+02 7.3206097412e+02 7.3226599121e+02 7.3240899658e+02 7.3252099609e+02 7.3262097168e+02 7.3276000977e+02 7.3298699951e+02
7.2323297119e+02 7.2345599365e+02 7.2372497559e+02 7.2397802734e+02 7.2414697266e+02 7.2438800049e+02 7.2468402100e+02 7.2485498047e+02 7.2504699707e+02 7.2525897217e+02 7.2553198242e+02 7.2593597412e+02 7.2615197754e+02 7.2640399170e+02 7.2663702393e+02 7.2681298828e+02 7.2702001953e+02 7.2730102539e+02 7.2758300781e+02 7.2779199219e+02 7.2801000977e+02 7.2822100830e+02 7.2843597412e+02 7.2864697266e+02 7.2887097168e+02 7.2908697510e+02 7.2924798584e+02 7.2940899658e+02 7.2969799805e+02 7.2996301270e+02 7.3005603027e+02 7.3022198486e+02 7.3045898438e+02 7.3066601563e+02 7.3074798584e+02 7.3087799072e+02 7.3098699951e+02 7.3113000488e+02 7.3134698486e+02 7.3166497803e+02 7.3192901611e+02 7.3212902832e+02 7.3228601074e+02 7.3239099121e+02 7.3253997803e+02 7.3273699951e+02
7.2307702637e+02 7.2328997803e+02 7.2355297852e+02 7.2384301758e+02 7.2398901367e+02 7.2420001221e+02 7.2448199463e+02 7.2465802002e+02 7.2489599609e+02 7.2513800049e+02 7.2526702881e+02 7.2551800537e+02 7.2582000732e+02 7.2610302734e+02 7.2636999512e+02 7.2660601807e+02 7.2683099365e+02 7.2710498047e+02 7.2741400146e+02 7.2767401123e+02 7.2789001465e+02 7.2807800293e+02 7.2826098633e+02 7.2846600342e+02 7.2867498779e+02 7.2887097168e+02 7.2901098633e+02 7.2907598877e+02 7.2928900146e+02 7.2960998535e+02 7.2982000732e+02 7.2996099854e+02 7.3012500000e+02 7.3030902100e+02 7.3047497559e+02 7.3062200928e+02 7.3074700928e+02 7.3086401367e+02 7.3103198242e+02 7.3127801514e+02 7.3154602051e+02 7.3179602051e+02 7.3201300049e+02 7.3218597412e+02 7.3234802246e+02 7.3254302979e+02
7.2295800781e+02 7.2316400146e+02 7.2338598633e+02 7.2365502930e+02 7.2380999756e+02 7.2399298096e+02 7.2425201416e+02 7.2445599365e+02 7.2472802734e+02 7.2501599121e+02 7.2512298584e+02 7.2531701660e+02 7.2561401367e+02 7.2588897705e+02 7.2614099121e+02 7.2638299561e+02 7.2657897949e+02 7.2682800293e+02 7.2716900635e+02 7.2746899414e+02 7.2771002197e+02 7.2790802002e+02 7.2808197021e+02 7.2827398682e+02 7.2847601318e+02 7.2866601563e+02 7.2881500244e+02 7.2889001465e+02 7.2904998779e+02 7.2933300781e+02 7.2959197998e+02 7.2974798584e+02 7.2986700439e+02 7.3000299072e+02 7.3020001221e+02 7.3039398193e+02 7.3053399658e+02 7.3065399170e+02 7.3079302979e+02 7.3099298096e+02 7.3124102783e+02 7.3148901367e+02 7.3170501709e+02 7.3188397217e+02 7.3207299805e+02 7.3228601074e+02
7.2286297607e+02 7.2306201172e+02 7.2323999023e+02 7.2346899414e+02 7.2365197754e+02 7.2383398438e+02 7.2405102539e+02 7.2425799561e+02 7.2455102539e+02 7.2487902832e+02 7.2504400635e+02 7.2523602295e+02 7.2550201416e+02 7.2574798584e+02 7.2598199463e+02 7.2619799805e+02 7.2634002686e+02 7.2653802490e+02 7.2688397217e+02 7.2723400879e+02 7.2751501465e+02 7.2774200439e+02 7.2792602539e+02 7.2811102295e+02 7.2830999756e+02 7.2850201416e+02 7.2866400146e+02 7.2882598877e+02 7.2902001953e+02 7.2922900391e+02 7.2942498779e+02 7.2960400391e+02 7.2971197510e+02 7.2980499268e+02 7.2997302246e+02 7.3018798828e+02 7.3034899902e+02 7.3048602295e+02 7.3061999512e+02 7.3079400635e+02 7.3101397705e+02 7.3124298096e+02 7.3142297363e+02 7.3158197021e+02 7.3178601074e+02 7.3201000977e+02
7.2276098633e+02 7.2295300293e+02 7.2312701416e+02 7.2332897949e+02 7.2353900146e+02 7.2373400879e+02 7.2389501953e+02 7.2404797363e+02 7.2432598877e+02 7.2466601563e+02 7.2494799805e+02 7.2514697266e+02 7.2537500000e+02 7.2562200928e+02 7.2588201904e+02 7.2608001709e+02 7.2620098877e+02 7.2635498047e+02 7.2662902832e+02 7.2699102783e+02 7.2732897949e+02 7.2761999512e+02 7.2786102295e+02 7.2799401855e+02 7.2818402100e+02 7.2839398193e+02 7.2854797363e+02 7.2875799561e+02 7.2902697754e+02 7.2918798828e+02 7.2930499268e+02 7.2949902344e+02 7.2964300537e+02 7.2972900391e+02 7.2981097412e+02 7.2998901367e+02 7.3016198730e+02 7.3032800293e+02 7.3048797607e+02 7.3066497803e+02 7.3087902832e+02 7.3108300781e+02 7.3124902344e+02 7.3138098145e+02 7.3156701660e+02 7.3176898193e+02
7.2266198730e+02 7.2284197998e+02 7.2300701904e+02 7.2319299316e+02 7.2339697266e+02 7.2361401367e+02 7.2382397461e+02 7.2397100830e+02 7.2419201660e+02 7.2449102783e+02 7.2480401611e+02 7.2506402588e+02 7.2527502441e+02 7.2551898193e+02 7.2581896973e+02 7.2603399658e+02 7.2614202881e+02 7.2625500488e+02 7.2646899414e+02 7.2680902100e+02 7.2720397949e+02 7.2755200195e+02 7.2776501465e+02 7.2788299561e+02 7.2808099365e+02 7.2834197998e+02 7.2852001953e+02 7.2872601318e+02 7.2894799805e+02 7.2909197998e+02 7.2924798584e+02 7.2946099854e+02 7.2963500977e+02 7.2972601318e+02 7.2976501465e+02 7.2987799072e+02 7.3001000977e+02 7.3015997314e+02 7.3032202148e+02 7.3054901123e+02 7.3079602051e+02 7.3100799561e+02 7.3114202881e+02 7.3126501465e+02 7.3142700195e+02 7.3159698486e+02
7.2255700684e+02 7.2272497559e+02 7.2288397217e+02 7.2304400635e+02 7.2323199463e+02 7.2345697021e+02 7.2371997070e+02 7.2389697266e+02 7.2408001709e+02 7.2433398438e+02 7.2464099121e+02 7.2497698975e+02 7.2518200684e+02 7.2538800049e+02 7.2568200684e+02 7.2591400146e+02 7.2603002930e+02 7.2612902832e+02 7.2631402588e+02 7.2666998291e+02 7.2707202148e+02 7.2741601563e+02 7.2761199951e+02 7.2774499512e+02 7.2797802734e+02 7.2828198242e+02 7.2849597168e+02 7.2868298340e+02 7.2883801270e+02 7.2895001221e+02 7.2914398193e+02 7.2938397217e+02 7.2957800293e+02 7.2968597412e+02 7.2973999023e+02 7.2981896973e+02 7.2990301514e+02 7.3000799561e+02 7.3014898682e+02 7.3038800049e+02 7.3063897705e+02 7.3084997559e+02 7.3099200439e+02 7.3112902832e+02 7.3128698730e+02 7.3143798828e+02
7.2242999268e+02 7.2259197998e+02 7.2275897217e+02 7.2289898682e+02 7.2305798340e+02 7.2326800537e+02 7.2353802490e+02 7.2373797607e+02 7.2391998291e+02 7.2415997314e+02 7.2446002197e+02 7.2481597900e+02 7.2500402832e+02 7.2516400146e+02 7.2542602539e+02 7.2565002441e+02 7.2582397461e+02 7.2599102783e+02 7.2618200684e+02 7.2651702881e+02 7.2689099121e+02 7.2721502686e+02 7.2740802002e+02 7.2756597900e+02 7.2781896973e+02 7.2813702393e+02 7.2838598633e+02 7.2860498047e+02 7.2873400879e+02 7.2878497314e+02 7.2895697021e+02 7.2921502686e+02 7.2942999268e+02 7.2958001709e+02 7.2969702148e+02 7.2977001953e+02 7.2981201172e+02 7.2986901855e+02 7.2996697998e+02 7.3018798828e+02 7.3042297363e+02 7.3061901855e+02 7.3077398682e+02 7.3094000244e+02 7.3110302734e+02 7.3124499512e+02
