TESTSERVER/16/0.asc
NCOLS 100
NROWS 100
XLLCORNER 8.2997500000e+03
YLLCORNER 2.8995025000e+05
CELLSIZE 5.0000000000e-01
NODATA_VALUE -9.9990000000e+03
[rows 40 to 59 of 100, columns 46 to 91 of 100]
7.1906298828e+02 7.1913897705e+02 7.1920397949e+02 7.1944000244e+02 7.1967498779e+02 7.1987402344e+02 7.2021099854e+02 7.2051397705e+02 7.2073199463e+02 7.2088897705e+02 7.2100799561e+02 7.2118200684e+02 7.2139697266e+02 7.2156201172e+02 7.2171002197e+02 7.2182098389e+02 7.2191699219e+02 7.2210101318e+02 7.2257800293e+02 7.2296997070e+02 7.2305102539e+02 7.2307897949e+02 7.2322900391e+02 7.2350598145e+02 7.2371801758e+02 7.2385302734e+02 7.2400701904e+02 7.2422998047e+02 7.2450897217e+02 7.2472900391e+02 7.2487902832e+02 7.2510400391e+02 7.2524798584e+02 7.2539398193e+02 7.2556500244e+02 7.2568597412e+02 7.2574798584e+02 7.2588098145e+02 7.2610101318e+02 7.2633801270e+02 7.2651702881e+02 7.2655999756e+02 7.2661297607e+02 7.2665100098e+02 7.2667498779e+02 7.2678198242e+02
7.1904400635e+02 7.1914501953e+02 7.1924902344e+02 7.1936798096e+02 7.1950500488e+02 7.1969097900e+02 7.2001397705e+02 7.2031799316e+02 7.2052600098e+02 7.2073400879e+02 7.2094097900e+02 7.2107897949e+02 7.2124597168e+02 7.2141497803e+02 7.2156701660e+02 7.2170800781e+02 7.2184698486e+02 7.2197601318e+02 7.2219097900e+02 7.2251501465e+02 7.2272198486e+02 7.2286199951e+02 7.2305603027e+02 7.2333697510e+02 7.2354602051e+02 7.2365698242e+02 7.2380798340e+02 7.2400500488e+02 7.2433898926e+02 7.2456097412e+02 7.2457897949e+02 7.2475000000e+02 7.2494097900e+02 7.2512402344e+02 7.2527600098e+02 7.2538098145e+02 7.2546899414e+02 7.2560601807e+02 7.2578997803e+02 7.2598199463e+02 7.2613800049e+02 7.2623101807e+02 7.2637701416e+02 7.2642797852e+02 7.2639801025e+02 7.2644500732e+02
7.1899401855e+02 7.1913500977e+02 7.1930603027e+02 7.1936798096e+02 7.1943402100e+02 7.1956701660e+02 7.1983599854e+02 7.2016998291e+02 7.2039599609e+02 7.2059698486e+02 7.2081597900e+02 7.2089300537e+02 7.2100097656e+02 7.2117498779e+02 7.2139697266e+02 7.2159802246e+02 7.2175201416e+02 7.2187701416e+02 7.2199298096e+02 7.2221801758e+02 7.2246301270e+02 7.2268499756e+02 7.2288702393e+02 7.2310302734e+02 7.2328601074e+02 7.2342797852e+02 7.2357897949e+02 7.2369500732e+02 7.2403198242e+02 7.2433697510e+02 7.2435601807e+02 7.2440100098e+02 7.2456500244e+02 7.2477697754e+02 7.2493298340e+02 7.2503802490e+02 7.2517297363e+02 7.2535400391e+02 7.2554302979e+02 7.2568200684e+02 7.2577398682e+02 7.2592401123e+02 7.2617999268e+02 7.2629901123e+02 7.2628601074e+02 7.2628002930e+02
7.1900500488e+02 7.1915301514e+02 7.1933502197e+02 7.1943200684e+02 7.1948498535e+02 7.1955401611e+02 7.1972302246e+02 7.1999298096e+02 7.2019799805e+02 7.2038500977e+02 7.2060900879e+02 7.2073199463e+02 7.2082397461e+02 7.2095300293e+02 7.2120800781e+02 7.2146697998e+02 7.2159301758e+02 7.2172998047e+02 7.2191497803e+02 7.2205902100e+02 7.2226501465e+02 7.2250097656e+02 7.2271997070e+02 7.2290802002e+02 7.2304901123e+02 7.2318798828e+02 7.2332000732e+02 7.2338201904e+02 7.2365100098e+02 7.2399902344e+02 7.2410302734e+02 7.2409100342e+02 7.2423498535e+02 7.2445300293e+02 7.2460601807e+02 7.2472998047e+02 7.2488299561e+02 7.2506201172e+02 7.2526098633e+02 7.2542999268e+02 7.2551202393e+02 7.2565802002e+02 7.2591302490e+02 7.2603601074e+02 7.2605603027e+02 7.2605603027e+02
7.1912799072e+02 7.1916198730e+02 7.1920397949e+02 7.1938897705e+02 7.1952001953e+02 7.1959301758e+02 7.1967498779e+02 7.1979998779e+02 7.1995397949e+02 7.2014099121e+02 7.2038098145e+02 7.2062500000e+02 7.2078100586e+02 7.2087799072e+02 7.2105700684e+02 7.2132202148e+02 7.2144201660e+02 7.2156799316e+02 7.2178302002e+02 7.2191699219e+02 7.2208599854e+02 7.2231896973e+02 7.2255798340e+02 7.2274102783e+02 7.2287298584e+02 7.2298297119e+02 7.2308197021e+02 7.2317401123e+02 7.2326300049e+02 7.2342901611e+02 7.2353997803e+02 7.2370202637e+02 7.2396301270e+02 7.2420800781e+02 7.2435797119e+02 7.2451397705e+02 7.2464202881e+02 7.2474102783e+02 7.2484100342e+02 7.2513800049e+02 7.2529302979e+02 7.2538800049e+02 7.2554199219e+02 7.2563702393e+02 7.2570098877e+02 7.2576000977e+02
7.1903497314e+02 7.1913800049e+02 7.1917498779e+02 7.1928698730e+02 7.1942901611e+02 7.1956201172e+02 7.1964898682e+02 7.1975097656e+02 7.1986700439e+02 7.1998199463e+02 7.2018402100e+02 7.2047900391e+02 7.2072100830e+02 7.2087402344e+02 7.2095001221e+02 7.2111999512e+02 7.2125598145e+02 7.2140802002e+02 7.2162097168e+02 7.2175299072e+02 7.2190997314e+02 7.2211999512e+02 7.2233502197e+02 7.2251397705e+02 7.2269500732e+02 7.2282702637e+02 7.2293798828e+02 7.2307098389e+02 7.2306799316e+02 7.2310101318e+02 7.2326599121e+02 7.2342498779e+02 7.2370397949e+02 7.2396600342e+02 7.2417901611e+02 7.2433502197e+02 7.2446997070e+02 7.2455297852e+02 7.2466802979e+02 7.2489099121e+02 7.2502899170e+02 7.2509600830e+02 7.2520898438e+02 7.2529699707e+02 7.2540802002e+02 7.2551202393e+02
7.1855999756e+02 7.1890600586e+02 7.1907598877e+02 7.1919702148e+02 7.1935101318e+02 7.1951599121e+02 7.1963598633e+02 7.1975201416e+02 7.1985699463e+02 7.1992901611e+02 7.2003802490e+02 7.2021502686e+02 7.2047802734e+02 7.2078802490e+02 7.2094396973e+02 7.2097601318e+02 7.2103900146e+02 7.2117102051e+02 7.2137597656e+02 7.2156701660e+02 7.2173498535e+02 7.2191101074e+02 7.2212500000e+02 7.2233197021e+02 7.2251300049e+02 7.2262200928e+02 7.2272900391e+02 7.2292700195e+02 7.2303997803e+02 7.2318798828e+02 7.2335900879e+02 7.2342602539e+02 7.2357098389e+02 7.2377502441e+02 7.2401000977e+02 7.2416802979e+02 7.2433099365e+02 7.2444598389e+02 7.2456896973e+02 7.2470202637e+02 7.2481298828e+02 7.2488800049e+02 7.2497100830e+02 7.2508801270e+02 7.2523602295e+02 7.2535998535e+02
7.1774102783e+02 7.1830102539e+02 7.1866400146e+02 7.1893402100e+02 7.1921801758e+02 7.1947698975e+02 7.1963397217e+02 7.1974102783e+02 7.1985797119e+02 7.1993103027e+02 7.1998297119e+02 7.2003900146e+02 7.2019702148e+02 7.2050897217e+02 7.2078198242e+02 7.2083099365e+02 7.2089398193e+02 7.2099902344e+02 7.2114099121e+02 7.2134899902e+02 7.2151800537e+02 7.2166302490e+02 7.2190301514e+02 7.2216400146e+02 7.2237500000e+02 7.2253002930e+02 7.2262701416e+02 7.2277301025e+02 7.2295800781e+02 7.2322497559e+02 7.2343499756e+02 7.2347497559e+02 7.2351898193e+02 7.2365502930e+02 7.2385302734e+02 7.2397998047e+02 7.2416400146e+02 7.2433502197e+02 7.2446099854e+02 7.2450097656e+02 7.2461102295e+02 7.2471899414e+02 7.2478802490e+02 7.2490197754e+02 7.2505102539e+02 7.2517901611e+02
7.1666699219e+02 7.1729400635e+02 7.1771197510e+02 7.1826300049e+02 7.1880603027e+02 7.1931097412e+02 7.1969000244e+02 7.1971600342e+02 7.1981097412e+02 7.1989801025e+02 7.1996002197e+02 7.2001898193e+02 7.2010498047e+02 7.2024200439e+02 7.2044598389e+02 7.2063000488e+02 7.2075299072e+02 7.2085998535e+02 7.2097100830e+02 7.2114898682e+02 7.2130798340e+02 7.2144097900e+02 7.2166601563e+02 7.2194396973e+02 7.2220599365e+02 7.2247698975e+02 7.2266497803e+02 7.2271398926e+02 7.2283898926e+02 7.2304797363e+02 7.2319500732e+02 7.2328497314e+02 7.2338000488e+02 7.2352197266e+02 7.2368499756e+02 7.2379998779e+02 7.2397698975e+02 7.2419299316e+02 7.2433099365e+02 7.2435900879e+02 7.2444500732e+02 7.2455499268e+02 7.2460198975e+02 7.2469799805e+02 7.2480999756e+02 7.2492700195e+02
7.1549798584e+02 7.1604302979e+02 7.1661602783e+02 7.1725000000e+02 7.1803302002e+02 7.1883697510e+02 7.1954302979e+02 7.1967999268e+02 7.1974597168e+02 7.1983001709e+02 7.1993499756e+02 7.2000897217e+02 7.2007702637e+02 7.2014300537e+02 7.2028997803e+02 7.2047399902e+02 7.2062500000e+02 7.2073699951e+02 7.2084497070e+02 7.2097900391e+02 7.2113702393e+02 7.2127099609e+02 7.2146899414e+02 7.2174298096e+02 7.2195898438e+02 7.2219702148e+02 7.2247302246e+02 7.2254602051e+02 7.2264898682e+02 7.2283099365e+02 7.2298101807e+02 7.2310400391e+02 7.2323400879e+02 7.2334399414e+02 7.2348901367e+02 7.2361999512e+02 7.2375000000e+02 7.2393402100e+02 7.2406799316e+02 7.2417401123e+02 7.2428997803e+02 7.2441101074e+02 7.2447698975e+02 7.2459100342e+02 7.2469799805e+02 7.2477899170e+02
7.1465100098e+02 7.1505603027e+02 7.1559802246e+02 7.1629400635e+02 7.1720697021e+02 7.1820898438e+02 7.1921099854e+02 7.1963500977e+02 7.1975402832e+02 7.1983001709e+02 7.1992700195e+02 7.2002600098e+02 7.2009002686e+02 7.2011297607e+02 7.2023199463e+02 7.2035699463e+02 7.2045501709e+02 7.2057702637e+02 7.2072100830e+02 7.2085498047e+02 7.2102398682e+02 7.2116699219e+02 7.2131799316e+02 7.2159600830e+02 7.2180902100e+02 7.2197698975e+02 7.2218499756e+02 7.2231201172e+02 7.2246002197e+02 7.2264099121e+02 7.2274597168e+02 7.2285498047e+02 7.2298797607e+02 7.2312097168e+02 7.2327099609e+02 7.2341400146e+02 7.2352697754e+02 7.2367102051e+02 7.2378601074e+02 7.2392297363e+02 7.2410498047e+02 7.2424102783e+02 7.2432800293e+02 7.2443103027e+02 7.2454602051e+02 7.2462701416e+02
7.1425097656e+02 7.1453497314e+02 7.1488397217e+02 7.1545001221e+02 7.1633398438e+02 7.1738299561e+02 7.1855401611e+02 7.1940698242e+02 7.1971600342e+02 7.1984197998e+02 7.1991601563e+02 7.2004998779e+02 7.2013800049e+02 7.2014300537e+02 7.2025201416e+02 7.2031597900e+02 7.2031298828e+02 7.2041497803e+02 7.2058001709e+02 7.2076501465e+02 7.2096197510e+02 7.2109399414e+02 7.2120098877e+02 7.2144097900e+02 7.2164697266e+02 7.2180499268e+02 7.2198199463e+02 7.2210900879e+02 7.2223602295e+02 7.2238500977e+02 7.2248797607e+02 7.2259197998e+02 7.2270697021e+02 7.2284002686e+02 7.2298498535e+02 7.2314398193e+02 7.2330700684e+02 7.2347399902e+02 7.2357202148e+02 7.2375097656e+02 7.2397100830e+02 7.2410699463e+02 7.2421502686e+02 7.2427001953e+02 7.2439300537e+02 7.2447998047e+02
7.1412701416e+02 7.1439202881e+02 7.1466601563e+02 7.1484600830e+02 7.1542700195e+02 7.1626898193e+02 7.1712902832e+02 7.1861102295e+02 7.1936901855e+02 7.1964898682e+02 7.1980499268e+02 7.2003302002e+02 7.2014697266e+02 7.2015600586e+02 7.2018701172e+02 7.2026000977e+02 7.2027301025e+02 7.2034399414e+02 7.2048400879e+02 7.2069000244e+02 7.2088500977e+02 7.2100201416e+02 7.2113500977e+02 7.2130401611e+02 7.2143499756e+02 7.2160101318e+02 7.2178900146e+02 7.2187597656e+02 7.2201702881e+02 7.2213000488e+02 7.2221398926e+02 7.2233197021e+02 7.2244396973e+02 7.2256799316e+02 7.2269299316e+02 7.2284497070e+02 7.2302899170e+02 7.2328002930e+02 7.2344000244e+02 7.2359399414e+02 7.2379797363e+02 7.2399200439e+02 7.2411401367e+02 7.2410998535e+02 7.2422998047e+02 7.2434698486e+02
7.1393200684e+02 7.1421002197e+02 7.1446398926e+02 7.1467999268e+02 7.1486401367e+02 7.1514501953e+02 7.1584997559e+02 7.1702197266e+02 7.1795300293e+02 7.1869201660e+02 7.1946801758e+02 7.2006701660e+02 7.2026300049e+02 7.2020501709e+02 7.2017297363e+02 7.2022302246e+02 7.2025097656e+02 7.2030999756e+02 7.2039599609e+02 7.2055999756e+02 7.2075201416e+02 7.2087902832e+02 7.2098901367e+02 7.2119097900e+02 7.2128100586e+02 7.2140899658e+02 7.2160601807e+02 7.2171997070e+02 7.2182501221e+02 7.2188098145e+02 7.2195202637e+02 7.2205603027e+02 7.2218298340e+02 7.2231298828e+02 7.2242498779e+02 7.2255499268e+02 7.2273297119e+02 7.2298199463e+02 7.2317297363e+02 7.2335900879e+02 7.2354699707e+02 7.2376300049e+02 7.2389898682e+02 7.2394897461e+02 7.2401300049e+02 7.2412701416e+02
7.1370501709e+02 7.1398101807e+02 7.1423797607e+02 7.1454699707e+02 7.1474798584e+02 7.1485302734e+02 7.1512799072e+02 7.1567102051e+02 7.1630798340e+02 7.1720501709e+02 7.1846197510e+02 7.1961901855e+02 7.2021997070e+02 7.2031097412e+02 7.2018499756e+02 7.2021600342e+02 7.2025000000e+02 7.2031402588e+02 7.2039398193e+02 7.2045300293e+02 7.2056097412e+02 7.2072198486e+02 7.2086700439e+02 7.2103997803e+02 7.2113500977e+02 7.2126397705e+02 7.2139898682e+02 7.2149597168e+02 7.2159997559e+02 7.2165802002e+02 7.2171002197e+02 7.2182702637e+02 7.2197698975e+02 7.2210198975e+02 7.2223400879e+02 7.2236798096e+02 7.2252600098e+02 7.2274401855e+02 7.2292797852e+02 7.2314300537e+02 7.2329998779e+02 7.2345800781e+02 7.2359600830e+02 7.2371197510e+02 7.2377398682e+02 7.2389697266e+02
7.1348699951e+02 7.1376599121e+02 7.1400897217e+02 7.1435797119e+02 7.1466302490e+02 7.1485198975e+02 7.1503997803e+02 7.1525799561e+02 7.1553802490e+02 7.1606701660e+02 7.1686999512e+02 7.1804199219e+02 7.1927001953e+02 7.1997302246e+02 7.1999200439e+02 7.2010699463e+02 7.2025299072e+02 7.2027197266e+02 7.2036102295e+02 7.2040197754e+02 7.2044396973e+02 7.2056402588e+02 7.2068902588e+02 7.2083898926e+02 7.2096002197e+02 7.2109997559e+02 7.2120501709e+02 7.2128198242e+02 7.2138800049e+02 7.2147100830e+02 7.2153198242e+02 7.2164300537e+02 7.2179101563e+02 7.2192498779e+02 7.2208099365e+02 7.2220898438e+02 7.2234002686e+02 7.2255401611e+02 7.2272302246e+02 7.2291497803e+02 7.2304797363e+02 7.2317602539e+02 7.2332501221e+02 7.2343402100e+02 7.2351202393e+02 7.2368200684e+02
7.1331799316e+02 7.1359002686e+02 7.1380200195e+02 7.1410101318e+02 7.1442199707e+02 7.1472100830e+02 7.1501397705e+02 7.1530499268e+02 7.1551702881e+02 7.1570300293e+02 7.1596398926e+02 7.1643902588e+02 7.1770898438e+02 7.1895898438e+02 7.1944500732e+02 7.1984600830e+02 7.2021099854e+02 7.2019702148e+02 7.2024597168e+02 7.2035601807e+02 7.2040899658e+02 7.2045501709e+02 7.2053802490e+02 7.2066601563e+02 7.2077899170e+02 7.2090399170e+02 7.2105902100e+02 7.2113299561e+02 7.2121600342e+02 7.2129699707e+02 7.2136102295e+02 7.2148602295e+02 7.2163897705e+02 7.2177801514e+02 7.2190002441e+02 7.2204699707e+02 7.2215197754e+02 7.2230700684e+02 7.2248101807e+02 7.2264501953e+02 7.2281500244e+02 7.2297100830e+02 7.2312097168e+02 7.2321697998e+02 7.2329498291e+02 7.2344702148e+02
7.1314501953e+02 7.1341699219e+02 7.1364501953e+02 7.1390301514e+02 7.1421197510e+02 7.1451702881e+02 7.1478198242e+02 7.1511999512e+02 7.1539501953e+02 7.1563702393e+02 7.1582202148e+02 7.1606298828e+02 7.1691101074e+02 7.1801300049e+02 7.1869299316e+02 7.1944897461e+02 7.2010302734e+02 7.2011999512e+02 7.2013299561e+02 7.2026599121e+02 7.2035198975e+02 7.2041601563e+02 7.2046997070e+02 7.2053698730e+02 7.2062500000e+02 7.2074902344e+02 7.2088897705e+02 7.2096801758e+02 7.2106799316e+02 7.2113299561e+02 7.2120397949e+02 7.2133801270e+02 7.2149102783e+02 7.2163500977e+02 7.2174298096e+02 7.2187200928e+02 7.2197100830e+02 7.2209899902e+02 7.2228002930e+02 7.2246197510e+02 7.2263098145e+02 7.2278497314e+02 7.2288397217e+02 7.2299401855e+02 7.2312402344e+02 7.2329400635e+02
7.1294897461e+02 7.1321099854e+02 7.1344799805e+02 7.1372399902e+02 7.1409698486e+02 7.1440301514e+02 7.1455200195e+02 7.1494396973e+02 7.1530102539e+02 7.1554699707e+02 7.1578900146e+02 7.1601300049e+02 7.1649298096e+02 7.1725500488e+02 7.1790002441e+02 7.1881201172e+02 7.1980700684e+02 7.2009497070e+02 7.2009002686e+02 7.2018402100e+02 7.2026098633e+02 7.2035198975e+02 7.2042102051e+02 7.2044799805e+02 7.2051800537e+02 7.2063299561e+02 7.2071899414e+02 7.2077301025e+02 7.2089099121e+02 7.2098797607e+02 7.2109399414e+02 7.2122802734e+02 7.2133099365e+02 7.2145098877e+02 7.2155999756e+02 7.2168402100e+02 7.2178497314e+02 7.2188702393e+02 7.2202697754e+02 7.2218597412e+02 7.2233300781e+02 7.2248199463e+02 7.2260797119e+02 7.2273199463e+02 7.2289001465e+02 7.2307098389e+02
7.1277099609e+02 7.1300897217e+02 7.1322802734e+02 7.1348400879e+02 7.1391497803e+02 7.1427099609e+02 7.1439001465e+02 7.1467102051e+02 7.1505297852e+02 7.1538201904e+02 7.1561602783e+02 7.1586602783e+02 7.1621002197e+02 7.1679602051e+02 7.1742999268e+02 7.1805603027e+02 7.1913800049e+02 7.1990100098e+02 7.2008099365e+02 7.2016900635e+02 7.2019897461e+02 7.2022399902e+02 7.2030499268e+02 7.2036901855e+02 7.2043701172e+02 7.2054302979e+02 7.2060302734e+02 7.2062500000e+02 7.2070001221e+02 7.2081500244e+02 7.2097998047e+02 7.2111102295e+02 7.2117401123e+02 7.2127899170e+02 7.2136401367e+02 7.2146997070e+02 7.2158099365e+02 7.2169201660e+02 7.2180798340e+02 7.2194201660e+02 7.2205798340e+02 7.2218200684e+02 7.2234399414e+02 7.2246997070e+02 7.2263800049e+02 7.2280603027e+02
