TESTSERVER/16/1.asc
NCOLS 100
NROWS 100
XLLCORNER 8.2997500000e+03
YLLCORNER 2.8990025000e+05
CELLSIZE 5.0000000000e-01
NODATA_VALUE -9.9990000000e+03
[rows 0 to 19 of 100, columns 0 to 45 of 100]
7.0142700195e+02 7.0163201904e+02 7.0166802979e+02 7.0167901611e+02 7.0182702637e+02 7.0194799805e+02 7.0193103027e+02 7.0198999023e+02 7.0203601074e+02 7.0207598877e+02 7.0213201904e+02 7.0218701172e+02 7.0228802490e+02 7.0238598633e+02 7.0246801758e+02 7.0256500244e+02 7.0265997314e+02 7.0277502441e+02 7.0284301758e+02 7.0292498779e+02 7.0304602051e+02 7.0313800049e+02 7.0327600098e+02 7.0331201172e+02 7.0323400879e+02 7.0317401123e+02 7.0319897461e+02 7.0330700684e+02 7.0340399170e+02 7.0347100830e+02 7.0364898682e+02 7.0385198975e+02 7.0398101807e+02 7.0403302002e+02 7.0412597656e+02 7.0426599121e+02 7.0434698486e+02 7.0443200684e+02 7.0452301025e+02 7.0448797607e+02 7.0440698242e+02 7.0443103027e+02 7.0452301025e+02 7.0459197998e+02 7.0460400391e+02 7.0462402344e+02
7.0118298340e+02 7.0135302734e+02 7.0143701172e+02 7.0147998047e+02 7.0158599854e+02 7.0185101318e+02 7.0187500000e+02 7.0190802002e+02 7.0195898438e+02 7.0200598145e+02 7.0206799316e+02 7.0214697266e+02 7.0224401855e+02 7.0236798096e+02 7.0244299316e+02 7.0254199219e+02 7.0263800049e+02 7.0271600342e+02 7.0278198242e+02 7.0288500977e+02 7.0300799561e+02 7.0308197021e+02 7.0314398193e+02 7.0322802734e+02 7.0329302979e+02 7.0330499268e+02 7.0326501465e+02 7.0323999023e+02 7.0332397461e+02 7.0350000000e+02 7.0362902832e+02 7.0375201416e+02 7.0387902832e+02 7.0395202637e+02 7.0405102539e+02 7.0415002441e+02 7.0423199463e+02 7.0432299805e+02 7.0442199707e+02 7.0449298096e+02 7.0454101563e+02 7.0450897217e+02 7.0446899414e+02 7.0450598145e+02 7.0457098389e+02 7.0462597656e+02
7.0122399902e+02 7.0116400146e+02 7.0121697998e+02 7.0131701660e+02 7.0138299561e+02 7.0161499023e+02 7.0172998047e+02 7.0184997559e+02 7.0192901611e+02 7.0196997070e+02 7.0204400635e+02 7.0211798096e+02 7.0219396973e+02 7.0230102539e+02 7.0239697266e+02 7.0250402832e+02 7.0257299805e+02 7.0266198730e+02 7.0274798584e+02 7.0284197998e+02 7.0292102051e+02 7.0303002930e+02 7.0310302734e+02 7.0315899658e+02 7.0327197266e+02 7.0337298584e+02 7.0338098145e+02 7.0329602051e+02 7.0327801514e+02 7.0346697998e+02 7.0371099854e+02 7.0380999756e+02 7.0383599854e+02 7.0391802979e+02 7.0402697754e+02 7.0411901855e+02 7.0419299316e+02 7.0427398682e+02 7.0432702637e+02 7.0438598633e+02 7.0449200439e+02 7.0458300781e+02 7.0456097412e+02 7.0448901367e+02 7.0449798584e+02 7.0458001709e+02
7.0154498291e+02 7.0150500488e+02 7.0152899170e+02 7.0159899902e+02 7.0161102295e+02 7.0160900879e+02 7.0162799072e+02 7.0172601318e+02 7.0185699463e+02 7.0192297363e+02 7.0203601074e+02 7.0211602783e+02 7.0216497803e+02 7.0224200439e+02 7.0235101318e+02 7.0246899414e+02 7.0251800537e+02 7.0261297607e+02 7.0271398926e+02 7.0281402588e+02 7.0288299561e+02 7.0297399902e+02 7.0305902100e+02 7.0312701416e+02 7.0321899414e+02 7.0330499268e+02 7.0340600586e+02 7.0345202637e+02 7.0341998291e+02 7.0340997314e+02 7.0361401367e+02 7.0379602051e+02 7.0384997559e+02 7.0391900635e+02 7.0396997070e+02 7.0405200195e+02 7.0415197754e+02 7.0423101807e+02 7.0428497314e+02 7.0433001709e+02 7.0439697266e+02 7.0455200195e+02 7.0464898682e+02 7.0457202148e+02 7.0447900391e+02 7.0451501465e+02
7.0170501709e+02 7.0172698975e+02 7.0171899414e+02 7.0175500488e+02 7.0178900146e+02 7.0179699707e+02 7.0177197266e+02 7.0170599365e+02 7.0171197510e+02 7.0173400879e+02 7.0189398193e+02 7.0209301758e+02 7.0216497803e+02 7.0222198486e+02 7.0229797363e+02 7.0241497803e+02 7.0247601318e+02 7.0256701660e+02 7.0267498779e+02 7.0276501465e+02 7.0286901855e+02 7.0292401123e+02 7.0296502686e+02 7.0308197021e+02 7.0315899658e+02 7.0319897461e+02 7.0329101563e+02 7.0342901611e+02 7.0355297852e+02 7.0351599121e+02 7.0353698730e+02 7.0370800781e+02 7.0381500244e+02 7.0390399170e+02 7.0397497559e+02 7.0404901123e+02 7.0412701416e+02 7.0417102051e+02 7.0423602295e+02 7.0430297852e+02 7.0440802002e+02 7.0448199463e+02 7.0456799316e+02 7.0462597656e+02 7.0464801025e+02 7.0450598145e+02
7.0170599365e+02 7.0171197510e+02 7.0173999023e+02 7.0177502441e+02 7.0180200195e+02 7.0182000732e+02 7.0184497070e+02 7.0186999512e+02 7.0194097900e+02 7.0195202637e+02 7.0192297363e+02 7.0199102783e+02 7.0209899902e+02 7.0219201660e+02 7.0228100586e+02 7.0239398193e+02 7.0246801758e+02 7.0254498291e+02 7.0264801025e+02 7.0272601318e+02 7.0282098389e+02 7.0285797119e+02 7.0291101074e+02 7.0303002930e+02 7.0311401367e+02 7.0317797852e+02 7.0325402832e+02 7.0333898926e+02 7.0345300293e+02 7.0356402588e+02 7.0361102295e+02 7.0366400146e+02 7.0371099854e+02 7.0382598877e+02 7.0396801758e+02 7.0406402588e+02 7.0411700439e+02 7.0417498779e+02 7.0420898438e+02 7.0424597168e+02 7.0430401611e+02 7.0438201904e+02 7.0449499512e+02 7.0461999512e+02 7.0467797852e+02 7.0462298584e+02
7.0174401855e+02 7.0172900391e+02 7.0172900391e+02 7.0175701904e+02 7.0178302002e+02 7.0180603027e+02 7.0183801270e+02 7.0188598633e+02 7.0199298096e+02 7.0208502197e+02 7.0203497314e+02 7.0199200439e+02 7.0203198242e+02 7.0210198975e+02 7.0224102783e+02 7.0231298828e+02 7.0239300537e+02 7.0247601318e+02 7.0257702637e+02 7.0266302490e+02 7.0276300049e+02 7.0280798340e+02 7.0286102295e+02 7.0297601318e+02 7.0306701660e+02 7.0312298584e+02 7.0320697021e+02 7.0330603027e+02 7.0338800049e+02 7.0350201416e+02 7.0359301758e+02 7.0366198730e+02 7.0371197510e+02 7.0381597900e+02 7.0394799805e+02 7.0401300049e+02 7.0403900146e+02 7.0414801025e+02 7.0421600342e+02 7.0426702881e+02 7.0427001953e+02 7.0433697510e+02 7.0443701172e+02 7.0451397705e+02 7.0457702637e+02 7.0469201660e+02
7.0179498291e+02 7.0177502441e+02 7.0176702881e+02 7.0178497314e+02 7.0181097412e+02 7.0183001709e+02 7.0186901855e+02 7.0191900635e+02 7.0196801758e+02 7.0202801514e+02 7.0205798340e+02 7.0208502197e+02 7.0209600830e+02 7.0204901123e+02 7.0220697021e+02 7.0228900146e+02 7.0236199951e+02 7.0245501709e+02 7.0254797363e+02 7.0263800049e+02 7.0271600342e+02 7.0277197266e+02 7.0283599854e+02 7.0296099854e+02 7.0302398682e+02 7.0307800293e+02 7.0315802002e+02 7.0326098633e+02 7.0334100342e+02 7.0344799805e+02 7.0352398682e+02 7.0362902832e+02 7.0372802734e+02 7.0381799316e+02 7.0393200684e+02 7.0398901367e+02 7.0397900391e+02 7.0403198242e+02 7.0408398438e+02 7.0417797852e+02 7.0425097656e+02 7.0433398438e+02 7.0439099121e+02 7.0443499756e+02 7.0448901367e+02 7.0463897705e+02
7.0187402344e+02 7.0185302734e+02 7.0188098145e+02 7.0189398193e+02 7.0188897705e+02 7.0188397217e+02 7.0191497803e+02 7.0197100830e+02 7.0202502441e+02 7.0203997803e+02 7.0206097412e+02 7.0211102295e+02 7.0213800049e+02 7.0200897217e+02 7.0211901855e+02 7.0229101563e+02 7.0230499268e+02 7.0241900635e+02 7.0252801514e+02 7.0262298584e+02 7.0267498779e+02 7.0270397949e+02 7.0283398438e+02 7.0297302246e+02 7.0298199463e+02 7.0306597900e+02 7.0312701416e+02 7.0320599365e+02 7.0330297852e+02 7.0342602539e+02 7.0344598389e+02 7.0352197266e+02 7.0366400146e+02 7.0372802734e+02 7.0384497070e+02 7.0396697998e+02 7.0401702881e+02 7.0400799561e+02 7.0399102783e+02 7.0404998779e+02 7.0413299561e+02 7.0429602051e+02 7.0436798096e+02 7.0438800049e+02 7.0444897461e+02 7.0455999756e+02
7.0196398926e+02 7.0195599365e+02 7.0197998047e+02 7.0198101807e+02 7.0198699951e+02 7.0197399902e+02 7.0196801758e+02 7.0198901367e+02 7.0205798340e+02 7.0206701660e+02 7.0207397461e+02 7.0210101318e+02 7.0216497803e+02 7.0209497070e+02 7.0202001953e+02 7.0221600342e+02 7.0235302734e+02 7.0242401123e+02 7.0248498535e+02 7.0256402588e+02 7.0260101318e+02 7.0264398193e+02 7.0281500244e+02 7.0296697998e+02 7.0300097656e+02 7.0305401611e+02 7.0309600830e+02 7.0317199707e+02 7.0327099609e+02 7.0334899902e+02 7.0338702393e+02 7.0345898438e+02 7.0358502197e+02 7.0364801025e+02 7.0372497559e+02 7.0379998779e+02 7.0390899658e+02 7.0397698975e+02 7.0400201416e+02 7.0403198242e+02 7.0406402588e+02 7.0413098145e+02 7.0427001953e+02 7.0438098145e+02 7.0442102051e+02 7.0455401611e+02
7.0208502197e+02 7.0209301758e+02 7.0212200928e+02 7.0213598633e+02 7.0213000488e+02 7.0205200195e+02 7.0197802734e+02 7.0197100830e+02 7.0206201172e+02 7.0210601807e+02 7.0211798096e+02 7.0213098145e+02 7.0220697021e+02 7.0221899414e+02 7.0207598877e+02 7.0219897461e+02 7.0234997559e+02 7.0237701416e+02 7.0237402344e+02 7.0243597412e+02 7.0250598145e+02 7.0262097168e+02 7.0281896973e+02 7.0297998047e+02 7.0303198242e+02 7.0306597900e+02 7.0308001709e+02 7.0315002441e+02 7.0324401855e+02 7.0329901123e+02 7.0334802246e+02 7.0341400146e+02 7.0351702881e+02 7.0358599854e+02 7.0366900635e+02 7.0371801758e+02 7.0379498291e+02 7.0388000488e+02 7.0396002197e+02 7.0403100586e+02 7.0409002686e+02 7.0415899658e+02 7.0424401855e+02 7.0428399658e+02 7.0430902100e+02 7.0443798828e+02
7.0223297119e+02 7.0220800781e+02 7.0225500488e+02 7.0229901123e+02 7.0225500488e+02 7.0212799072e+02 7.0202899170e+02 7.0202697754e+02 7.0209802246e+02 7.0215197754e+02 7.0219897461e+02 7.0221801758e+02 7.0227600098e+02 7.0230297852e+02 7.0219500732e+02 7.0223498535e+02 7.0230401611e+02 7.0232501221e+02 7.0231896973e+02 7.0242797852e+02 7.0253302002e+02 7.0259802246e+02 7.0275799561e+02 7.0293701172e+02 7.0302398682e+02 7.0304498291e+02 7.0306298828e+02 7.0313397217e+02 7.0321197510e+02 7.0327197266e+02 7.0334497070e+02 7.0339001465e+02 7.0346899414e+02 7.0353900146e+02 7.0361297607e+02 7.0366497803e+02 7.0371099854e+02 7.0378698730e+02 7.0386901855e+02 7.0396099854e+02 7.0404101563e+02 7.0415698242e+02 7.0424499512e+02 7.0425097656e+02 7.0427697754e+02 7.0427099609e+02
7.0234399414e+02 7.0227899170e+02 7.0228601074e+02 7.0232397461e+02 7.0228997803e+02 7.0220397949e+02 7.0213098145e+02 7.0212200928e+02 7.0216802979e+02 7.0224200439e+02 7.0231597900e+02 7.0233599854e+02 7.0236499023e+02 7.0237500000e+02 7.0228497314e+02 7.0224401855e+02 7.0226397705e+02 7.0225000000e+02 7.0226702881e+02 7.0242102051e+02 7.0255297852e+02 7.0255798340e+02 7.0259399414e+02 7.0271600342e+02 7.0290399170e+02 7.0296502686e+02 7.0303302002e+02 7.0312402344e+02 7.0318701172e+02 7.0325201416e+02 7.0333001709e+02 7.0335797119e+02 7.0337701416e+02 7.0346899414e+02 7.0353302002e+02 7.0362097168e+02 7.0365997314e+02 7.0374200439e+02 7.0381298828e+02 7.0388500977e+02 7.0394702148e+02 7.0403100586e+02 7.0413702393e+02 7.0422900391e+02 7.0432501221e+02 7.0427301025e+02
7.0233398438e+02 7.0226599121e+02 7.0226202393e+02 7.0231298828e+02 7.0229699707e+02 7.0224700928e+02 7.0221697998e+02 7.0221600342e+02 7.0225299072e+02 7.0233697510e+02 7.0240802002e+02 7.0243499756e+02 7.0246502686e+02 7.0245599365e+02 7.0239697266e+02 7.0236499023e+02 7.0240301514e+02 7.0239501953e+02 7.0235302734e+02 7.0233398438e+02 7.0240802002e+02 7.0245397949e+02 7.0248999023e+02 7.0265301514e+02 7.0284197998e+02 7.0293103027e+02 7.0302801514e+02 7.0308898926e+02 7.0311700439e+02 7.0320800781e+02 7.0328802490e+02 7.0333697510e+02 7.0338201904e+02 7.0343402100e+02 7.0347802734e+02 7.0357598877e+02 7.0364202881e+02 7.0371697998e+02 7.0378802490e+02 7.0383599854e+02 7.0391101074e+02 7.0401898193e+02 7.0408197021e+02 7.0416400146e+02 7.0423297119e+02 7.0425299072e+02
7.0227899170e+02 7.0226599121e+02 7.0229901123e+02 7.0233801270e+02 7.0228802490e+02 7.0223199463e+02 7.0226098633e+02 7.0230999756e+02 7.0236401367e+02 7.0243103027e+02 7.0249200439e+02 7.0253198242e+02 7.0256500244e+02 7.0254498291e+02 7.0249597168e+02 7.0245697021e+02 7.0249298096e+02 7.0249798584e+02 7.0250598145e+02 7.0244396973e+02 7.0237597656e+02 7.0237701416e+02 7.0247399902e+02 7.0271801758e+02 7.0283697510e+02 7.0289099121e+02 7.0299401855e+02 7.0308099365e+02 7.0309497070e+02 7.0315600586e+02 7.0323297119e+02 7.0328997803e+02 7.0336999512e+02 7.0342401123e+02 7.0344897461e+02 7.0352099609e+02 7.0357702637e+02 7.0362902832e+02 7.0370300293e+02 7.0378002930e+02 7.0386700439e+02 7.0395202637e+02 7.0402398682e+02 7.0411798096e+02 7.0417199707e+02 7.0421502686e+02
7.0233599854e+02 7.0236499023e+02 7.0240100098e+02 7.0239398193e+02 7.0230499268e+02 7.0228198242e+02 7.0236798096e+02 7.0245397949e+02 7.0253802490e+02 7.0260198975e+02 7.0263800049e+02 7.0267297363e+02 7.0268499756e+02 7.0264599609e+02 7.0259197998e+02 7.0254797363e+02 7.0258502197e+02 7.0261297607e+02 7.0268798828e+02 7.0267602539e+02 7.0252398682e+02 7.0247100830e+02 7.0251898193e+02 7.0260400391e+02 7.0266998291e+02 7.0280798340e+02 7.0291302490e+02 7.0301800537e+02 7.0308300781e+02 7.0314801025e+02 7.0325799561e+02 7.0333099365e+02 7.0337200928e+02 7.0339801025e+02 7.0343200684e+02 7.0350000000e+02 7.0351397705e+02 7.0356097412e+02 7.0362500000e+02 7.0370898438e+02 7.0380200195e+02 7.0389300537e+02 7.0397998047e+02 7.0405902100e+02 7.0411102295e+02 7.0419897461e+02
7.0249401855e+02 7.0255499268e+02 7.0257397461e+02 7.0253399658e+02 7.0243499756e+02 7.0244299316e+02 7.0253302002e+02 7.0263702393e+02 7.0273901367e+02 7.0276202393e+02 7.0278601074e+02 7.0282397461e+02 7.0282598877e+02 7.0277398682e+02 7.0270001221e+02 7.0264300537e+02 7.0268499756e+02 7.0273602295e+02 7.0283599854e+02 7.0285498047e+02 7.0271301270e+02 7.0258801270e+02 7.0258398438e+02 7.0255297852e+02 7.0254199219e+02 7.0275299072e+02 7.0285900879e+02 7.0292700195e+02 7.0304101563e+02 7.0313000488e+02 7.0323400879e+02 7.0332702637e+02 7.0335900879e+02 7.0335498047e+02 7.0340600586e+02 7.0345098877e+02 7.0348602295e+02 7.0357000732e+02 7.0361297607e+02 7.0368103027e+02 7.0376898193e+02 7.0382000732e+02 7.0391900635e+02 7.0398699951e+02 7.0405102539e+02 7.0415197754e+02
7.0255297852e+02 7.0257897949e+02 7.0258099365e+02 7.0259698486e+02 7.0261999512e+02 7.0266302490e+02 7.0274597168e+02 7.0283197021e+02 7.0288702393e+02 7.0291497803e+02 7.0293103027e+02 7.0294299316e+02 7.0294396973e+02 7.0290698242e+02 7.0283099365e+02 7.0279199219e+02 7.0282299805e+02 7.0279199219e+02 7.0282397461e+02 7.0283801270e+02 7.0279199219e+02 7.0272900391e+02 7.0276501465e+02 7.0275897217e+02 7.0268902588e+02 7.0274700928e+02 7.0283697510e+02 7.0288500977e+02 7.0294799805e+02 7.0303002930e+02 7.0314599609e+02 7.0324200439e+02 7.0324700928e+02 7.0329699707e+02 7.0336798096e+02 7.0339300537e+02 7.0349401855e+02 7.0357800293e+02 7.0360900879e+02 7.0366900635e+02 7.0372198486e+02 7.0376397705e+02 7.0386199951e+02 7.0394097900e+02 7.0398602295e+02 7.0409997559e+02
7.0263397217e+02 7.0264801025e+02 7.0267297363e+02 7.0272998047e+02 7.0280499268e+02 7.0287902832e+02 7.0296801758e+02 7.0300897217e+02 7.0300402832e+02 7.0302697754e+02 7.0304400635e+02 7.0303997803e+02 7.0304797363e+02 7.0303997803e+02 7.0299499512e+02 7.0296398926e+02 7.0296997070e+02 7.0290899658e+02 7.0289697266e+02 7.0290100098e+02 7.0286999512e+02 7.0287097168e+02 7.0293597412e+02 7.0293597412e+02 7.0287597656e+02 7.0280297852e+02 7.0284899902e+02 7.0291900635e+02 7.0296197510e+02 7.0300799561e+02 7.0308398438e+02 7.0315698242e+02 7.0316601563e+02 7.0326599121e+02 7.0331500244e+02 7.0333599854e+02 7.0342602539e+02 7.0347900391e+02 7.0355603027e+02 7.0363201904e+02 7.0367102051e+02 7.0373699951e+02 7.0385198975e+02 7.0394799805e+02 7.0398400879e+02 7.0404199219e+02
7.0278198242e+02 7.0281097412e+02 7.0285498047e+02 7.0290399170e+02 7.0295397949e+02 7.0303900146e+02 7.0312902832e+02 7.0315002441e+02 7.0311401367e+02 7.0311700439e+02 7.0313299561e+02 7.0312200928e+02 7.0312500000e+02 7.0312097168e+02 7.0310998535e+02 7.0309002686e+02 7.0309100342e+02 7.0304302979e+02 7.0302001953e+02 7.0298797607e+02 7.0293798828e+02 7.0296899414e+02 7.0299700928e+02 7.0297900391e+02 7.0297198486e+02 7.0288098145e+02 7.0288201904e+02 7.0292102051e+02 7.0296197510e+02 7.0300299072e+02 7.0302001953e+02 7.0308398438e+02 7.0314501953e+02 7.0322601318e+02 7.0325897217e+02 7.0330999756e+02 7.0334802246e+02 7.0339898682e+02 7.0350402832e+02 7.0358300781e+02 7.0361102295e+02 7.0366900635e+02 7.0375500488e+02 7.0386102295e+02 7.0391900635e+02 7.0395501709e+02
