TESTSERVER/16/1.asc
NCOLS 100
NROWS 100
XLLCORNER 8.2997500000e+03
YLLCORNER 2.8990025000e+05
CELLSIZE 5.0000000000e-01
NODATA_VALUE -9.9990000000e+03
[rows 40 to 59 of 100, columns 0 to 45 of 100]
7.0417700195e+02 7.0414398193e+02 7.0413702393e+02 7.0413598633e+02 7.0414599609e+02 7.0417602539e+02 7.0425500488e+02 7.0435400391e+02 7.0440899658e+02 7.0447399902e+02 7.0455902100e+02 7.0464398193e+02 7.0469500732e+02 7.0474700928e+02 7.0474200439e+02 7.0466302490e+02 7.0460198975e+02 7.0459197998e+02 7.0460400391e+02 7.0455902100e+02 7.0445300293e+02 7.0444396973e+02 7.0444702148e+02 7.0446099854e+02 7.0444500732e+02 7.0446002197e+02 7.0444500732e+02 7.0444000244e+02 7.0441400146e+02 7.0440802002e+02 7.0438598633e+02 7.0438098145e+02 7.0432897949e+02 7.0426300049e+02 7.0420697021e+02 7.0417602539e+02 7.0417199707e+02 7.0415698242e+02 7.0411401367e+02 7.0415301514e+02 7.0422900391e+02 7.0425598145e+02 7.0425402832e+02 7.0426300049e+02 7.0418103027e+02 7.0403198242e+02
7.0434100342e+02 7.0429699707e+02 7.0425500488e+02 7.0422100830e+02 7.0421899414e+02 7.0421600342e+02 7.0425897217e+02 7.0432501221e+02 7.0438201904e+02 7.0447998047e+02 7.0456597900e+02 7.0459301758e+02 7.0459002686e+02 7.0471002197e+02 7.0474597168e+02 7.0467797852e+02 7.0461901855e+02 7.0461102295e+02 7.0464501953e+02 7.0461499023e+02 7.0451000977e+02 7.0449102783e+02 7.0447497559e+02 7.0450000000e+02 7.0451098633e+02 7.0452600098e+02 7.0452600098e+02 7.0453497314e+02 7.0448297119e+02 7.0444500732e+02 7.0440502930e+02 7.0446002197e+02 7.0445898438e+02 7.0438397217e+02 7.0431597900e+02 7.0427099609e+02 7.0427697754e+02 7.0425000000e+02 7.0416302490e+02 7.0420098877e+02 7.0426098633e+02 7.0429101563e+02 7.0432000732e+02 7.0433398438e+02 7.0423699951e+02 7.0404199219e+02
7.0449902344e+02 7.0445898438e+02 7.0440502930e+02 7.0435601807e+02 7.0433599854e+02 7.0430102539e+02 7.0430401611e+02 7.0434301758e+02 7.0436999512e+02 7.0445300293e+02 7.0452801514e+02 7.0453497314e+02 7.0451501465e+02 7.0462402344e+02 7.0467102051e+02 7.0464099121e+02 7.0466601563e+02 7.0470098877e+02 7.0468103027e+02 7.0460900879e+02 7.0453698730e+02 7.0455200195e+02 7.0455401611e+02 7.0456298828e+02 7.0455499268e+02 7.0455603027e+02 7.0458197021e+02 7.0458599854e+02 7.0457598877e+02 7.0453601074e+02 7.0445599365e+02 7.0448101807e+02 7.0452301025e+02 7.0446502686e+02 7.0439697266e+02 7.0436798096e+02 7.0435998535e+02 7.0430102539e+02 7.0421899414e+02 7.0428698730e+02 7.0435101318e+02 7.0436901855e+02 7.0436199951e+02 7.0433898926e+02 7.0427301025e+02 7.0418701172e+02
7.0468902588e+02 7.0464697266e+02 7.0459197998e+02 7.0453302002e+02 7.0448699951e+02 7.0442498779e+02 7.0439398193e+02 7.0439898682e+02 7.0439398193e+02 7.0443902588e+02 7.0450598145e+02 7.0453900146e+02 7.0454199219e+02 7.0461700439e+02 7.0466302490e+02 7.0465002441e+02 7.0471301270e+02 7.0475799561e+02 7.0472302246e+02 7.0463598633e+02 7.0458398438e+02 7.0460400391e+02 7.0459301758e+02 7.0457501221e+02 7.0457098389e+02 7.0459002686e+02 7.0463702393e+02 7.0462799072e+02 7.0462701416e+02 7.0455999756e+02 7.0450598145e+02 7.0448400879e+02 7.0451397705e+02 7.0448797607e+02 7.0446600342e+02 7.0445599365e+02 7.0441198730e+02 7.0435101318e+02 7.0430102539e+02 7.0438897705e+02 7.0442401123e+02 7.0441802979e+02 7.0440899658e+02 7.0439697266e+02 7.0441302490e+02 7.0441900635e+02
7.0488800049e+02 7.0484002686e+02 7.0478497314e+02 7.0472302246e+02 7.0465399170e+02 7.0458801270e+02 7.0453802490e+02 7.0449597168e+02 7.0446899414e+02 7.0446899414e+02 7.0450701904e+02 7.0456896973e+02 7.0457202148e+02 7.0460998535e+02 7.0467498779e+02 7.0470098877e+02 7.0471997070e+02 7.0475097656e+02 7.0478198242e+02 7.0473699951e+02 7.0469598389e+02 7.0466497803e+02 7.0464501953e+02 7.0463897705e+02 7.0465600586e+02 7.0461499023e+02 7.0461999512e+02 7.0464300537e+02 7.0468200684e+02 7.0461102295e+02 7.0459497070e+02 7.0456799316e+02 7.0459197998e+02 7.0456597900e+02 7.0455798340e+02 7.0454602051e+02 7.0450598145e+02 7.0443597412e+02 7.0439099121e+02 7.0442498779e+02 7.0440600586e+02 7.0447198486e+02 7.0451098633e+02 7.0448797607e+02 7.0446099854e+02 7.0449298096e+02
7.0511199951e+02 7.0504400635e+02 7.0498199463e+02 7.0491601563e+02 7.0484100342e+02 7.0477502441e+02 7.0472100830e+02 7.0465100098e+02 7.0457702637e+02 7.0454901123e+02 7.0455401611e+02 7.0458398438e+02 7.0456896973e+02 7.0459197998e+02 7.0465698242e+02 7.0469702148e+02 7.0473999023e+02 7.0481201172e+02 7.0484399414e+02 7.0481402588e+02 7.0479901123e+02 7.0482000732e+02 7.0483300781e+02 7.0480499268e+02 7.0473498535e+02 7.0472399902e+02 7.0471099854e+02 7.0469000244e+02 7.0471801758e+02 7.0465997314e+02 7.0463000488e+02 7.0460198975e+02 7.0465002441e+02 7.0464398193e+02 7.0459497070e+02 7.0456896973e+02 7.0457202148e+02 7.0451202393e+02 7.0445098877e+02 7.0449200439e+02 7.0455999756e+02 7.0458898926e+02 7.0456097412e+02 7.0452801514e+02 7.0453497314e+02 7.0456701660e+02
7.0536297607e+02 7.0526501465e+02 7.0518200684e+02 7.0510998535e+02 7.0504199219e+02 7.0497802734e+02 7.0491900635e+02 7.0483599854e+02 7.0474298096e+02 7.0468902588e+02 7.0465100098e+02 7.0462701416e+02 7.0459802246e+02 7.0461602783e+02 7.0466302490e+02 7.0471099854e+02 7.0476202393e+02 7.0484997559e+02 7.0488598633e+02 7.0486297607e+02 7.0484100342e+02 7.0489099121e+02 7.0492102051e+02 7.0491101074e+02 7.0483001709e+02 7.0476501465e+02 7.0474798584e+02 7.0476599121e+02 7.0481097412e+02 7.0475000000e+02 7.0471002197e+02 7.0466802979e+02 7.0465197754e+02 7.0466400146e+02 7.0463299561e+02 7.0463897705e+02 7.0464501953e+02 7.0456201172e+02 7.0450201416e+02 7.0454199219e+02 7.0461700439e+02 7.0461901855e+02 7.0460302734e+02 7.0459997559e+02 7.0459802246e+02 7.0462902832e+02
7.0564300537e+02 7.0550201416e+02 7.0539202881e+02 7.0530999756e+02 7.0524700928e+02 7.0519000244e+02 7.0513397217e+02 7.0505798340e+02 7.0496697998e+02 7.0488500977e+02 7.0480798340e+02 7.0474597168e+02 7.0468298340e+02 7.0469201660e+02 7.0472399902e+02 7.0476501465e+02 7.0479400635e+02 7.0485797119e+02 7.0488098145e+02 7.0486102295e+02 7.0486401367e+02 7.0489202881e+02 7.0490197754e+02 7.0493402100e+02 7.0491802979e+02 7.0482800293e+02 7.0480902100e+02 7.0482598877e+02 7.0482702637e+02 7.0476898193e+02 7.0475500488e+02 7.0471899414e+02 7.0466302490e+02 7.0471899414e+02 7.0473400879e+02 7.0474597168e+02 7.0470202637e+02 7.0461901855e+02 7.0456201172e+02 7.0459698486e+02 7.0462902832e+02 7.0466101074e+02 7.0466998291e+02 7.0465600586e+02 7.0466601563e+02 7.0469299316e+02
7.0597802734e+02 7.0576599121e+02 7.0561999512e+02 7.0552301025e+02 7.0547497559e+02 7.0541198730e+02 7.0535601807e+02 7.0529498291e+02 7.0520697021e+02 7.0509600830e+02 7.0502099609e+02 7.0497198486e+02 7.0491101074e+02 7.0484497070e+02 7.0479901123e+02 7.0481799316e+02 7.0485198975e+02 7.0488702393e+02 7.0484698486e+02 7.0483099365e+02 7.0495001221e+02 7.0497998047e+02 7.0494500732e+02 7.0494500732e+02 7.0495397949e+02 7.0492297363e+02 7.0487298584e+02 7.0483697510e+02 7.0481500244e+02 7.0480499268e+02 7.0479400635e+02 7.0477099609e+02 7.0472698975e+02 7.0474499512e+02 7.0477197266e+02 7.0478198242e+02 7.0474798584e+02 7.0467901611e+02 7.0464001465e+02 7.0465698242e+02 7.0468298340e+02 7.0471697998e+02 7.0471301270e+02 7.0469000244e+02 7.0468798828e+02 7.0467797852e+02
7.0626000977e+02 7.0605102539e+02 7.0588397217e+02 7.0575897217e+02 7.0570501709e+02 7.0564501953e+02 7.0555603027e+02 7.0547497559e+02 7.0538299561e+02 7.0527801514e+02 7.0519500732e+02 7.0516198730e+02 7.0515197754e+02 7.0508697510e+02 7.0495202637e+02 7.0489501953e+02 7.0489099121e+02 7.0491101074e+02 7.0490301514e+02 7.0485797119e+02 7.0497302246e+02 7.0503399658e+02 7.0497497559e+02 7.0492297363e+02 7.0496197510e+02 7.0497900391e+02 7.0495800781e+02 7.0494000244e+02 7.0490802002e+02 7.0486999512e+02 7.0482299805e+02 7.0480603027e+02 7.0478601074e+02 7.0481097412e+02 7.0479302979e+02 7.0477600098e+02 7.0475897217e+02 7.0472302246e+02 7.0467797852e+02 7.0467901611e+02 7.0470098877e+02 7.0472998047e+02 7.0471899414e+02 7.0470098877e+02 7.0471600342e+02 7.0472399902e+02
7.0649298096e+02 7.0634399414e+02 7.0617401123e+02 7.0602099609e+02 7.0591699219e+02 7.0583801270e+02 7.0575500488e+02 7.0567901611e+02 7.0558001709e+02 7.0545697021e+02 7.0536102295e+02 7.0529101563e+02 7.0523297119e+02 7.0518200684e+02 7.0508300781e+02 7.0501898193e+02 7.0497900391e+02 7.0494396973e+02 7.0495599365e+02 7.0491699219e+02 7.0491302490e+02 7.0497802734e+02 7.0498797607e+02 7.0494000244e+02 7.0495697021e+02 7.0497399902e+02 7.0499798584e+02 7.0501702881e+02 7.0498199463e+02 7.0493103027e+02 7.0487500000e+02 7.0483599854e+02 7.0481298828e+02 7.0483001709e+02 7.0481799316e+02 7.0480499268e+02 7.0478399658e+02 7.0475897217e+02 7.0471997070e+02 7.0473901367e+02 7.0477001953e+02 7.0479901123e+02 7.0474798584e+02 7.0472802734e+02 7.0476098633e+02 7.0476098633e+02
7.0670098877e+02 7.0662097168e+02 7.0646002197e+02 7.0628198242e+02 7.0612701416e+02 7.0602197266e+02 7.0594897461e+02 7.0589697266e+02 7.0579797363e+02 7.0564501953e+02 7.0556500244e+02 7.0547198486e+02 7.0536700439e+02 7.0530798340e+02 7.0521301270e+02 7.0514501953e+02 7.0508398438e+02 7.0499902344e+02 7.0496899414e+02 7.0494799805e+02 7.0490899658e+02 7.0490502930e+02 7.0492999268e+02 7.0493200684e+02 7.0494897461e+02 7.0498699951e+02 7.0501898193e+02 7.0504699707e+02 7.0502600098e+02 7.0498901367e+02 7.0495800781e+02 7.0490002441e+02 7.0485900879e+02 7.0484997559e+02 7.0485498047e+02 7.0486499023e+02 7.0483898926e+02 7.0481298828e+02 7.0478002930e+02 7.0479400635e+02 7.0480102539e+02 7.0482299805e+02 7.0479901123e+02 7.0478002930e+02 7.0477801514e+02 7.0477001953e+02
7.0688397217e+02 7.0686499023e+02 7.0672497559e+02 7.0651800537e+02 7.0634002686e+02 7.0622100830e+02 7.0611602783e+02 7.0609399414e+02 7.0611102295e+02 7.0593902588e+02 7.0583697510e+02 7.0567797852e+02 7.0548699951e+02 7.0545697021e+02 7.0536901855e+02 7.0529498291e+02 7.0521899414e+02 7.0510400391e+02 7.0502697754e+02 7.0496997070e+02 7.0493902588e+02 7.0490997314e+02 7.0490502930e+02 7.0491302490e+02 7.0492102051e+02 7.0498199463e+02 7.0501300049e+02 7.0504901123e+02 7.0506402588e+02 7.0500701904e+02 7.0497601318e+02 7.0494897461e+02 7.0494299316e+02 7.0490002441e+02 7.0488702393e+02 7.0490600586e+02 7.0488299561e+02 7.0487298584e+02 7.0484497070e+02 7.0483502197e+02 7.0480798340e+02 7.0483001709e+02 7.0484301758e+02 7.0482000732e+02 7.0482598877e+02 7.0484997559e+02
7.0709100342e+02 7.0703002930e+02 7.0687298584e+02 7.0666998291e+02 7.0650897217e+02 7.0638500977e+02 7.0624597168e+02 7.0625000000e+02 7.0635498047e+02 7.0620501709e+02 7.0602899170e+02 7.0585198975e+02 7.0568798828e+02 7.0561700439e+02 7.0554302979e+02 7.0550598145e+02 7.0536297607e+02 7.0520697021e+02 7.0512500000e+02 7.0503997803e+02 7.0498400879e+02 7.0494897461e+02 7.0496002197e+02 7.0498999023e+02 7.0499401855e+02 7.0499798584e+02 7.0503302002e+02 7.0505297852e+02 7.0502099609e+02 7.0495202637e+02 7.0493798828e+02 7.0496099854e+02 7.0498199463e+02 7.0494396973e+02 7.0491400146e+02 7.0492401123e+02 7.0491101074e+02 7.0490899658e+02 7.0487402344e+02 7.0484600830e+02 7.0484399414e+02 7.0486999512e+02 7.0488598633e+02 7.0488598633e+02 7.0490399170e+02 7.0490100098e+02
7.0729302979e+02 7.0713800049e+02 7.0694702148e+02 7.0677697754e+02 7.0666699219e+02 7.0652398682e+02 7.0638702393e+02 7.0635400391e+02 7.0640100098e+02 7.0632397461e+02 7.0615698242e+02 7.0597802734e+02 7.0585797119e+02 7.0578002930e+02 7.0567797852e+02 7.0564202881e+02 7.0553198242e+02 7.0536401367e+02 7.0522497559e+02 7.0510302734e+02 7.0505401611e+02 7.0501202393e+02 7.0498999023e+02 7.0500897217e+02 7.0502099609e+02 7.0500799561e+02 7.0502398682e+02 7.0503399658e+02 7.0501098633e+02 7.0495599365e+02 7.0493798828e+02 7.0495202637e+02 7.0495501709e+02 7.0493902588e+02 7.0492797852e+02 7.0495098877e+02 7.0495001221e+02 7.0494299316e+02 7.0490698242e+02 7.0487500000e+02 7.0485998535e+02 7.0487402344e+02 7.0491497803e+02 7.0494702148e+02 7.0495501709e+02 7.0493499756e+02
7.0749298096e+02 7.0727301025e+02 7.0706500244e+02 7.0692602539e+02 7.0685900879e+02 7.0670202637e+02 7.0656500244e+02 7.0649200439e+02 7.0646002197e+02 7.0646099854e+02 7.0637097168e+02 7.0620098877e+02 7.0605700684e+02 7.0598699951e+02 7.0585198975e+02 7.0574902344e+02 7.0564001465e+02 7.0551000977e+02 7.0536401367e+02 7.0522100830e+02 7.0514099121e+02 7.0508697510e+02 7.0502899170e+02 7.0501501465e+02 7.0502099609e+02 7.0502099609e+02 7.0501898193e+02 7.0502099609e+02 7.0501599121e+02 7.0500500488e+02 7.0499298096e+02 7.0496899414e+02 7.0493701172e+02 7.0492199707e+02 7.0491900635e+02 7.0496801758e+02 7.0499200439e+02 7.0498797607e+02 7.0496697998e+02 7.0494396973e+02 7.0490600586e+02 7.0492199707e+02 7.0495098877e+02 7.0498400879e+02 7.0498699951e+02 7.0495898438e+02
7.0765899658e+02 7.0744702148e+02 7.0726098633e+02 7.0713500977e+02 7.0704498291e+02 7.0688702393e+02 7.0675097656e+02 7.0665100098e+02 7.0658697510e+02 7.0659197998e+02 7.0656201172e+02 7.0645800781e+02 7.0633300781e+02 7.0622100830e+02 7.0607098389e+02 7.0592199707e+02 7.0576000977e+02 7.0566900635e+02 7.0555700684e+02 7.0540399170e+02 7.0528302002e+02 7.0520397949e+02 7.0511999512e+02 7.0506298828e+02 7.0505499268e+02 7.0504498291e+02 7.0502502441e+02 7.0502398682e+02 7.0502099609e+02 7.0500598145e+02 7.0497601318e+02 7.0494097900e+02 7.0491900635e+02 7.0492199707e+02 7.0490600586e+02 7.0495501709e+02 7.0502697754e+02 7.0501300049e+02 7.0499298096e+02 7.0497900391e+02 7.0493402100e+02 7.0496899414e+02 7.0498999023e+02 7.0499798584e+02 7.0499298096e+02 7.0500000000e+02
7.0777502441e+02 7.0761798096e+02 7.0747698975e+02 7.0736102295e+02 7.0726098633e+02 7.0712500000e+02 7.0698400879e+02 7.0684899902e+02 7.0675701904e+02 7.0675299072e+02 7.0669799805e+02 7.0661999512e+02 7.0653601074e+02 7.0640997314e+02 7.0627099609e+02 7.0615100098e+02 7.0597698975e+02 7.0582897949e+02 7.0569799805e+02 7.0555999756e+02 7.0542401123e+02 7.0528802490e+02 7.0518499756e+02 7.0513598633e+02 7.0513897705e+02 7.0509997559e+02 7.0505902100e+02 7.0505499268e+02 7.0503002930e+02 7.0500299072e+02 7.0499200439e+02 7.0496801758e+02 7.0492401123e+02 7.0494897461e+02 7.0495599365e+02 7.0495599365e+02 7.0500299072e+02 7.0501000977e+02 7.0500201416e+02 7.0500201416e+02 7.0496997070e+02 7.0500598145e+02 7.0503399658e+02 7.0503497314e+02 7.0504199219e+02 7.0505902100e+02
7.0789501953e+02 7.0775598145e+02 7.0762799072e+02 7.0753100586e+02 7.0745697021e+02 7.0736901855e+02 7.0724200439e+02 7.0708599854e+02 7.0693701172e+02 7.0693200684e+02 7.0685998535e+02 7.0678198242e+02 7.0672601318e+02 7.0661401367e+02 7.0650500488e+02 7.0641497803e+02 7.0623199463e+02 7.0603198242e+02 7.0586199951e+02 7.0570098877e+02 7.0553497314e+02 7.0535302734e+02 7.0525299072e+02 7.0521997070e+02 7.0522399902e+02 7.0518200684e+02 7.0513000488e+02 7.0510498047e+02 7.0506298828e+02 7.0503698730e+02 7.0502697754e+02 7.0501702881e+02 7.0498498535e+02 7.0499401855e+02 7.0502197266e+02 7.0502502441e+02 7.0502697754e+02 7.0501702881e+02 7.0501702881e+02 7.0503198242e+02 7.0500799561e+02 7.0502502441e+02 7.0505700684e+02 7.0507800293e+02 7.0508502197e+02 7.0508898926e+02
7.0804400635e+02 7.0790100098e+02 7.0777697754e+02 7.0770202637e+02 7.0767401123e+02 7.0764202881e+02 7.0753198242e+02 7.0734899902e+02 7.0714599609e+02 7.0712597656e+02 7.0702600098e+02 7.0693798828e+02 7.0688702393e+02 7.0681896973e+02 7.0677001953e+02 7.0670001221e+02 7.0648400879e+02 7.0626000977e+02 7.0606097412e+02 7.0586700439e+02 7.0566802979e+02 7.0547802734e+02 7.0539001465e+02 7.0536102295e+02 7.0533697510e+02 7.0528601074e+02 7.0522399902e+02 7.0517602539e+02 7.0510400391e+02 7.0507098389e+02 7.0504797363e+02 7.0503698730e+02 7.0502301025e+02 7.0502099609e+02 7.0503802490e+02 7.0504998779e+02 7.0504998779e+02 7.0502502441e+02 7.0502502441e+02 7.0505200195e+02 7.0503198242e+02 7.0505102539e+02 7.0507598877e+02 7.0509100342e+02 7.0511102295e+02 7.0510400391e+02
