TESTSERVER/16/1.asc
NCOLS 100
NROWS 100
XLLCORNER 8.2997500000e+03
YLLCORNER 2.8990025000e+05
CELLSIZE 5.0000000000e-01
NODATA_VALUE -9.9990000000e+03
[rows 0 to 19 of 100, columns 46 to 91 of 100]
7.0465399170e+02 7.0477502441e+02 7.0499200439e+02 7.0523199463e+02 7.0536602783e+02 7.0548297119e+02 7.0561901855e+02 7.0585699463e+02 7.0606799316e+02 7.0622601318e+02 7.0635101318e+02 7.0660400391e+02 7.0684197998e+02 7.0711602783e+02 7.0735699463e+02 7.0756500244e+02 7.0775097656e+02 7.0793597412e+02 7.0815802002e+02 7.0835900879e+02 7.0867999268e+02 7.0892102051e+02 7.0911199951e+02 7.0967498779e+02 7.0977801514e+02 7.0970898438e+02 7.0986401367e+02 7.1016198730e+02 7.1040997314e+02 7.1062298584e+02 7.1083099365e+02 7.1106402588e+02 7.1117700195e+02 7.1125897217e+02 7.1140002441e+02 7.1160198975e+02 7.1172900391e+02 7.1176098633e+02 7.1173699951e+02 7.1174700928e+02 7.1180603027e+02 7.1190002441e+02 7.1201898193e+02 7.1211102295e+02 7.1218701172e+02 7.1225799561e+02
7.0464501953e+02 7.0464501953e+02 7.0475402832e+02 7.0495397949e+02 7.0515002441e+02 7.0532202148e+02 7.0545599365e+02 7.0561700439e+02 7.0582598877e+02 7.0603399658e+02 7.0618402100e+02 7.0635998535e+02 7.0653997803e+02 7.0677899170e+02 7.0701202393e+02 7.0725201416e+02 7.0747100830e+02 7.0766900635e+02 7.0788702393e+02 7.0806500244e+02 7.0833300781e+02 7.0858300781e+02 7.0878802490e+02 7.0907598877e+02 7.0928698730e+02 7.0946899414e+02 7.0967797852e+02 7.0987402344e+02 7.1011297607e+02 7.1032202148e+02 7.1051702881e+02 7.1074700928e+02 7.1083502197e+02 7.1091497803e+02 7.1107897949e+02 7.1116998291e+02 7.1127301025e+02 7.1136401367e+02 7.1139398193e+02 7.1147399902e+02 7.1156799316e+02 7.1165600586e+02 7.1173602295e+02 7.1182299805e+02 7.1189501953e+02 7.1196697998e+02
7.0464501953e+02 7.0465698242e+02 7.0467700195e+02 7.0473901367e+02 7.0489001465e+02 7.0509399414e+02 7.0527001953e+02 7.0544598389e+02 7.0562200928e+02 7.0580902100e+02 7.0602301025e+02 7.0623199463e+02 7.0641497803e+02 7.0661102295e+02 7.0681097412e+02 7.0704400635e+02 7.0727801514e+02 7.0749298096e+02 7.0769897461e+02 7.0790899658e+02 7.0809997559e+02 7.0828900146e+02 7.0855700684e+02 7.0880700684e+02 7.0901800537e+02 7.0923498535e+02 7.0944897461e+02 7.0960699463e+02 7.0978198242e+02 7.0996697998e+02 7.1017498779e+02 7.1037298584e+02 7.1047698975e+02 7.1057299805e+02 7.1072802734e+02 7.1078302002e+02 7.1086901855e+02 7.1097601318e+02 7.1104797363e+02 7.1116601563e+02 7.1128601074e+02 7.1138201904e+02 7.1145001221e+02 7.1152301025e+02 7.1159600830e+02 7.1167498779e+02
7.0459197998e+02 7.0466101074e+02 7.0469299316e+02 7.0470898438e+02 7.0473101807e+02 7.0483502197e+02 7.0500897217e+02 7.0518103027e+02 7.0534698486e+02 7.0550598145e+02 7.0575097656e+02 7.0602899170e+02 7.0625598145e+02 7.0643902588e+02 7.0662298584e+02 7.0683502197e+02 7.0707501221e+02 7.0733300781e+02 7.0759002686e+02 7.0788098145e+02 7.0804101563e+02 7.0812200928e+02 7.0831402588e+02 7.0857800293e+02 7.0881097412e+02 7.0901599121e+02 7.0917999268e+02 7.0932702637e+02 7.0946099854e+02 7.0962902832e+02 7.0987799072e+02 7.1006201172e+02 7.1018200684e+02 7.1025701904e+02 7.1036901855e+02 7.1045098877e+02 7.1054199219e+02 7.1065600586e+02 7.1074401855e+02 7.1086401367e+02 7.1098498535e+02 7.1108197021e+02 7.1115399170e+02 7.1122698975e+02 7.1130499268e+02 7.1139202881e+02
7.0451800537e+02 7.0459100342e+02 7.0464801025e+02 7.0471398926e+02 7.0473699951e+02 7.0475701904e+02 7.0480902100e+02 7.0492297363e+02 7.0509197998e+02 7.0525201416e+02 7.0541400146e+02 7.0570001221e+02 7.0597698975e+02 7.0620202637e+02 7.0639398193e+02 7.0657702637e+02 7.0680401611e+02 7.0707501221e+02 7.0735302734e+02 7.0767602539e+02 7.0786798096e+02 7.0793298340e+02 7.0805297852e+02 7.0825000000e+02 7.0847998047e+02 7.0874298096e+02 7.0898400879e+02 7.0913299561e+02 7.0923400879e+02 7.0935601807e+02 7.0956896973e+02 7.0977001953e+02 7.0991497803e+02 7.1000897217e+02 7.1006500244e+02 7.1012597656e+02 7.1021997070e+02 7.1035302734e+02 7.1050097656e+02 7.1058898926e+02 7.1066900635e+02 7.1075201416e+02 7.1084997559e+02 7.1095098877e+02 7.1103997803e+02 7.1113299561e+02
7.0458001709e+02 7.0453900146e+02 7.0457098389e+02 7.0467102051e+02 7.0472802734e+02 7.0475299072e+02 7.0478802490e+02 7.0480700684e+02 7.0490997314e+02 7.0507299805e+02 7.0521600342e+02 7.0543798828e+02 7.0568200684e+02 7.0593103027e+02 7.0616497803e+02 7.0635198975e+02 7.0660797119e+02 7.0688397217e+02 7.0708001709e+02 7.0731500244e+02 7.0751599121e+02 7.0765899658e+02 7.0784899902e+02 7.0806097412e+02 7.0826800537e+02 7.0848297119e+02 7.0874200439e+02 7.0900701904e+02 7.0909698486e+02 7.0917999268e+02 7.0930102539e+02 7.0946002197e+02 7.0964001465e+02 7.0979199219e+02 7.0984100342e+02 7.0985101318e+02 7.0991601563e+02 7.1004302979e+02 7.1019299316e+02 7.1030102539e+02 7.1037701416e+02 7.1046398926e+02 7.1057702637e+02 7.1069000244e+02 7.1078698730e+02 7.1088397217e+02
7.0471002197e+02 7.0459802246e+02 7.0452600098e+02 7.0458001709e+02 7.0466101074e+02 7.0473297119e+02 7.0479901123e+02 7.0480700684e+02 7.0483502197e+02 7.0493298340e+02 7.0505999756e+02 7.0522100830e+02 7.0539398193e+02 7.0560400391e+02 7.0585797119e+02 7.0611401367e+02 7.0639099121e+02 7.0665802002e+02 7.0682800293e+02 7.0700897217e+02 7.0719500732e+02 7.0741601563e+02 7.0766400146e+02 7.0791101074e+02 7.0817901611e+02 7.0836499023e+02 7.0849401855e+02 7.0869598389e+02 7.0879602051e+02 7.0890600586e+02 7.0903698730e+02 7.0917797852e+02 7.0935601807e+02 7.0953100586e+02 7.0961602783e+02 7.0961798096e+02 7.0965698242e+02 7.0976000977e+02 7.0990600586e+02 7.1004199219e+02 7.1013397217e+02 7.1021801758e+02 7.1030603027e+02 7.1041601563e+02 7.1052600098e+02 7.1063397217e+02
7.0473602295e+02 7.0470397949e+02 7.0460699463e+02 7.0456097412e+02 7.0458801270e+02 7.0466497803e+02 7.0477600098e+02 7.0484600830e+02 7.0487200928e+02 7.0489898682e+02 7.0495202637e+02 7.0504498291e+02 7.0517498779e+02 7.0535699463e+02 7.0559698486e+02 7.0589697266e+02 7.0612097168e+02 7.0634002686e+02 7.0656597900e+02 7.0675402832e+02 7.0694000244e+02 7.0722198486e+02 7.0746398926e+02 7.0769897461e+02 7.0806201172e+02 7.0832897949e+02 7.0838000488e+02 7.0839099121e+02 7.0845599365e+02 7.0859100342e+02 7.0879699707e+02 7.0898297119e+02 7.0913000488e+02 7.0925201416e+02 7.0934197998e+02 7.0935302734e+02 7.0939501953e+02 7.0949499512e+02 7.0963201904e+02 7.0976501465e+02 7.0985302734e+02 7.0993103027e+02 7.1001800537e+02 7.1014202881e+02 7.1027099609e+02 7.1039398193e+02
7.0465698242e+02 7.0472998047e+02 7.0475897217e+02 7.0467797852e+02 7.0462500000e+02 7.0460101318e+02 7.0466699219e+02 7.0479901123e+02 7.0488000488e+02 7.0491601563e+02 7.0493200684e+02 7.0495800781e+02 7.0502197266e+02 7.0516302490e+02 7.0534497070e+02 7.0568902588e+02 7.0590502930e+02 7.0608398438e+02 7.0629602051e+02 7.0650799561e+02 7.0671801758e+02 7.0701300049e+02 7.0721301270e+02 7.0739599609e+02 7.0772900391e+02 7.0808801270e+02 7.0827600098e+02 7.0825598145e+02 7.0822497559e+02 7.0829602051e+02 7.0850500488e+02 7.0876501465e+02 7.0890802002e+02 7.0897302246e+02 7.0902099609e+02 7.0908001709e+02 7.0914202881e+02 7.0923101807e+02 7.0931500244e+02 7.0941101074e+02 7.0948199463e+02 7.0956097412e+02 7.0968597412e+02 7.0987402344e+02 7.1002301025e+02 7.1015698242e+02
7.0459698486e+02 7.0460101318e+02 7.0469500732e+02 7.0474700928e+02 7.0476397705e+02 7.0471398926e+02 7.0464099121e+02 7.0468200684e+02 7.0478198242e+02 7.0488598633e+02 7.0492901611e+02 7.0493298340e+02 7.0496502686e+02 7.0503497314e+02 7.0513598633e+02 7.0542102051e+02 7.0571801758e+02 7.0596099854e+02 7.0615698242e+02 7.0634399414e+02 7.0657501221e+02 7.0691101074e+02 7.0710302734e+02 7.0715301514e+02 7.0736700439e+02 7.0767901611e+02 7.0791900635e+02 7.0796398926e+02 7.0797302246e+02 7.0806799316e+02 7.0827801514e+02 7.0849902344e+02 7.0863397217e+02 7.0871899414e+02 7.0879797363e+02 7.0884698486e+02 7.0888702393e+02 7.0895697021e+02 7.0903997803e+02 7.0914801025e+02 7.0924102783e+02 7.0930902100e+02 7.0945898438e+02 7.0965197754e+02 7.0979400635e+02 7.0990899658e+02
7.0451000977e+02 7.0454602051e+02 7.0464599609e+02 7.0471997070e+02 7.0481896973e+02 7.0486700439e+02 7.0477301025e+02 7.0469000244e+02 7.0470001221e+02 7.0480102539e+02 7.0489398193e+02 7.0494702148e+02 7.0499102783e+02 7.0501702881e+02 7.0504602051e+02 7.0515802002e+02 7.0539099121e+02 7.0571301270e+02 7.0600500488e+02 7.0622302246e+02 7.0645001221e+02 7.0677301025e+02 7.0696002197e+02 7.0697497559e+02 7.0712097168e+02 7.0736297607e+02 7.0756896973e+02 7.0764398193e+02 7.0771600342e+02 7.0786199951e+02 7.0807598877e+02 7.0824298096e+02 7.0835400391e+02 7.0845001221e+02 7.0856097412e+02 7.0860699463e+02 7.0862902832e+02 7.0869097900e+02 7.0877301025e+02 7.0887597656e+02 7.0898602295e+02 7.0907501221e+02 7.0926098633e+02 7.0945697021e+02 7.0958898926e+02 7.0969000244e+02
7.0433398438e+02 7.0445501709e+02 7.0459899902e+02 7.0466101074e+02 7.0476202393e+02 7.0488500977e+02 7.0492401123e+02 7.0483898926e+02 7.0473797607e+02 7.0474597168e+02 7.0484002686e+02 7.0494000244e+02 7.0499902344e+02 7.0503997803e+02 7.0507397461e+02 7.0507098389e+02 7.0514599609e+02 7.0537298584e+02 7.0567297363e+02 7.0596099854e+02 7.0623101807e+02 7.0649902344e+02 7.0664599609e+02 7.0671600342e+02 7.0685900879e+02 7.0706097412e+02 7.0723498535e+02 7.0733398438e+02 7.0746197510e+02 7.0765197754e+02 7.0786798096e+02 7.0799597168e+02 7.0808300781e+02 7.0817297363e+02 7.0829498291e+02 7.0834802246e+02 7.0837597656e+02 7.0844396973e+02 7.0851702881e+02 7.0857800293e+02 7.0869097900e+02 7.0882598877e+02 7.0905102539e+02 7.0924200439e+02 7.0936999512e+02 7.0946899414e+02
7.0425799561e+02 7.0432501221e+02 7.0445697021e+02 7.0463098145e+02 7.0473297119e+02 7.0483099365e+02 7.0491497803e+02 7.0491900635e+02 7.0486798096e+02 7.0484497070e+02 7.0482897949e+02 7.0487597656e+02 7.0494299316e+02 7.0502099609e+02 7.0508099365e+02 7.0510797119e+02 7.0511102295e+02 7.0514898682e+02 7.0528198242e+02 7.0554101563e+02 7.0592498779e+02 7.0618597412e+02 7.0630297852e+02 7.0642999268e+02 7.0657299805e+02 7.0674902344e+02 7.0693701172e+02 7.0706500244e+02 7.0722802734e+02 7.0744702148e+02 7.0765802002e+02 7.0776202393e+02 7.0784100342e+02 7.0791497803e+02 7.0800701904e+02 7.0809197998e+02 7.0815100098e+02 7.0822399902e+02 7.0829302979e+02 7.0836102295e+02 7.0846502686e+02 7.0859899902e+02 7.0879602051e+02 7.0897302246e+02 7.0909497070e+02 7.0922399902e+02
7.0434197998e+02 7.0438598633e+02 7.0439599609e+02 7.0452197266e+02 7.0465899658e+02 7.0474499512e+02 7.0484301758e+02 7.0483599854e+02 7.0485699463e+02 7.0495800781e+02 7.0498901367e+02 7.0491802979e+02 7.0491900635e+02 7.0496600342e+02 7.0503601074e+02 7.0510302734e+02 7.0515197754e+02 7.0515600586e+02 7.0518701172e+02 7.0528100586e+02 7.0557202148e+02 7.0587097168e+02 7.0605297852e+02 7.0620898438e+02 7.0633801270e+02 7.0650402832e+02 7.0672802734e+02 7.0687799072e+02 7.0701898193e+02 7.0721099854e+02 7.0737902832e+02 7.0754199219e+02 7.0765502930e+02 7.0771801758e+02 7.0776501465e+02 7.0785900879e+02 7.0793200684e+02 7.0800500488e+02 7.0809399414e+02 7.0820800781e+02 7.0832800293e+02 7.0844097900e+02 7.0855999756e+02 7.0869201660e+02 7.0882000732e+02 7.0899401855e+02
7.0430102539e+02 7.0439501953e+02 7.0446099854e+02 7.0453002930e+02 7.0458197021e+02 7.0464501953e+02 7.0476000977e+02 7.0480999756e+02 7.0487097168e+02 7.0496899414e+02 7.0505700684e+02 7.0505102539e+02 7.0503802490e+02 7.0501000977e+02 7.0500701904e+02 7.0506500244e+02 7.0515301514e+02 7.0518200684e+02 7.0519396973e+02 7.0523101807e+02 7.0532702637e+02 7.0550402832e+02 7.0572100830e+02 7.0590600586e+02 7.0609399414e+02 7.0629901123e+02 7.0650097656e+02 7.0663800049e+02 7.0676098633e+02 7.0692498779e+02 7.0708197021e+02 7.0728002930e+02 7.0742700195e+02 7.0751098633e+02 7.0755297852e+02 7.0763702393e+02 7.0771099854e+02 7.0779498291e+02 7.0791400146e+02 7.0808801270e+02 7.0823699951e+02 7.0833502197e+02 7.0840100098e+02 7.0850598145e+02 7.0862799072e+02 7.0879101563e+02
7.0422399902e+02 7.0429901123e+02 7.0442498779e+02 7.0454901123e+02 7.0459497070e+02 7.0462097168e+02 7.0466101074e+02 7.0475598145e+02 7.0484002686e+02 7.0489801025e+02 7.0500201416e+02 7.0503900146e+02 7.0506896973e+02 7.0509002686e+02 7.0508001709e+02 7.0507000732e+02 7.0511499023e+02 7.0517102051e+02 7.0521697998e+02 7.0526800537e+02 7.0529699707e+02 7.0534802246e+02 7.0545098877e+02 7.0559899902e+02 7.0580999756e+02 7.0604699707e+02 7.0624597168e+02 7.0639599609e+02 7.0652899170e+02 7.0668597412e+02 7.0683099365e+02 7.0701202393e+02 7.0717901611e+02 7.0729498291e+02 7.0736401367e+02 7.0743499756e+02 7.0750201416e+02 7.0759301758e+02 7.0773400879e+02 7.0794500732e+02 7.0811602783e+02 7.0820300293e+02 7.0823498535e+02 7.0831097412e+02 7.0842297363e+02 7.0854400635e+02
7.0422399902e+02 7.0430102539e+02 7.0437402344e+02 7.0444201660e+02 7.0457299805e+02 7.0464801025e+02 7.0464099121e+02 7.0462097168e+02 7.0465301514e+02 7.0472998047e+02 7.0486199951e+02 7.0493798828e+02 7.0496099854e+02 7.0502697754e+02 7.0509698486e+02 7.0517700195e+02 7.0514697266e+02 7.0514898682e+02 7.0519598389e+02 7.0525799561e+02 7.0531701660e+02 7.0535498047e+02 7.0534600830e+02 7.0540802002e+02 7.0555297852e+02 7.0575598145e+02 7.0597900391e+02 7.0616802979e+02 7.0632299805e+02 7.0648400879e+02 7.0663397217e+02 7.0678302002e+02 7.0695202637e+02 7.0709497070e+02 7.0717102051e+02 7.0722998047e+02 7.0729699707e+02 7.0739202881e+02 7.0752502441e+02 7.0772698975e+02 7.0789001465e+02 7.0797802734e+02 7.0798297119e+02 7.0803997803e+02 7.0816101074e+02 7.0826300049e+02
7.0420001221e+02 7.0432397461e+02 7.0434100342e+02 7.0432098389e+02 7.0443798828e+02 7.0459899902e+02 7.0465899658e+02 7.0466699219e+02 7.0464697266e+02 7.0466601563e+02 7.0476300049e+02 7.0487500000e+02 7.0493402100e+02 7.0497900391e+02 7.0500799561e+02 7.0515301514e+02 7.0519299316e+02 7.0518103027e+02 7.0518103027e+02 7.0521801758e+02 7.0528802490e+02 7.0535400391e+02 7.0538702393e+02 7.0541497803e+02 7.0544396973e+02 7.0552600098e+02 7.0568200684e+02 7.0589300537e+02 7.0611798096e+02 7.0628997803e+02 7.0645300293e+02 7.0666900635e+02 7.0682000732e+02 7.0689398193e+02 7.0696997070e+02 7.0703302002e+02 7.0710198975e+02 7.0720397949e+02 7.0735400391e+02 7.0754498291e+02 7.0769000244e+02 7.0776702881e+02 7.0780700684e+02 7.0786401367e+02 7.0795300293e+02 7.0806201172e+02
7.0411401367e+02 7.0426501465e+02 7.0429901123e+02 7.0432202148e+02 7.0439599609e+02 7.0449499512e+02 7.0459802246e+02 7.0470202637e+02 7.0471997070e+02 7.0472802734e+02 7.0476702881e+02 7.0479101563e+02 7.0486102295e+02 7.0495001221e+02 7.0498199463e+02 7.0508099365e+02 7.0514300537e+02 7.0521301270e+02 7.0525799561e+02 7.0523297119e+02 7.0526800537e+02 7.0532598877e+02 7.0537200928e+02 7.0542498779e+02 7.0542602539e+02 7.0544598389e+02 7.0550402832e+02 7.0563897705e+02 7.0588000488e+02 7.0610101318e+02 7.0630401611e+02 7.0659197998e+02 7.0673999023e+02 7.0675097656e+02 7.0680200195e+02 7.0685900879e+02 7.0691900635e+02 7.0702099609e+02 7.0718499756e+02 7.0737402344e+02 7.0751000977e+02 7.0759002686e+02 7.0764202881e+02 7.0770001221e+02 7.0778100586e+02 7.0789202881e+02
7.0402801514e+02 7.0415100098e+02 7.0424200439e+02 7.0433197021e+02 7.0438598633e+02 7.0444702148e+02 7.0453497314e+02 7.0461602783e+02 7.0468298340e+02 7.0476800537e+02 7.0484197998e+02 7.0482501221e+02 7.0481201172e+02 7.0488500977e+02 7.0502001953e+02 7.0509497070e+02 7.0510498047e+02 7.0516900635e+02 7.0527600098e+02 7.0528302002e+02 7.0528100586e+02 7.0528997803e+02 7.0532702637e+02 7.0540100098e+02 7.0544396973e+02 7.0547900391e+02 7.0547802734e+02 7.0550402832e+02 7.0562597656e+02 7.0583099365e+02 7.0608697510e+02 7.0643701172e+02 7.0664001465e+02 7.0664300537e+02 7.0663800049e+02 7.0667498779e+02 7.0672900391e+02 7.0682800293e+02 7.0699102783e+02 7.0714697266e+02 7.0726098633e+02 7.0735101318e+02 7.0743902588e+02 7.0751702881e+02 7.0759197998e+02 7.0769702148e+02
