TESTSERVER/16/10.asc
NCOLS 100
NROWS 100
XLLCORNER 8.2997500000e+03
YLLCORNER 2.8945025000e+05
CELLSIZE 5.0000000000e-01
NODATA_VALUE -9.9990000000e+03
[rows 80 to 99 of 100, columns 0 to 45 of 100]
6.2414300537e+02 6.2416302490e+02 6.2418103027e+02 6.2422302246e+02 6.2424200439e+02 6.2426202393e+02 6.2427398682e+02 6.2431597900e+02 6.2435198975e+02 6.2436999512e+02 6.2439501953e+02 6.2442199707e+02 6.2444702148e+02 6.2446899414e+02 6.2450701904e+02 6.2451501465e+02 6.2454400635e+02 6.2457202148e+02 6.2459698486e+02 6.2462902832e+02 6.2465600586e+02 6.2469000244e+02 6.2473101807e+02 6.2477301025e+02 6.2481201172e+02 6.2484698486e+02 6.2487298584e+02 6.2490899658e+02 6.2494299316e+02 6.2498199463e+02 6.2502697754e+02 6.2508001709e+02 6.2510998535e+02 6.2513800049e+02 6.2516601563e+02 6.2522497559e+02 6.2527697754e+02 6.2529602051e+02 6.2533398438e+02 6.2537097168e+02 6.2539697266e+02 6.2543200684e+02 6.2546502686e+02 6.2553497314e+02 6.2557702637e+02 6.2561102295e+02
6.2414599609e+02 6.2418103027e+02 6.2421099854e+02 6.2424798584e+02 6.2427197266e+02 6.2429998779e+02 6.2431799316e+02 6.2433898926e+02 6.2437097168e+02 6.2438500977e+02 6.2440802002e+02 6.2443298340e+02 6.2446899414e+02 6.2450299072e+02 6.2453198242e+02 6.2453802490e+02 6.2457098389e+02 6.2458801270e+02 6.2459698486e+02 6.2463500977e+02 6.2467297363e+02 6.2471301270e+02 6.2474102783e+02 6.2477697754e+02 6.2481298828e+02 6.2484899902e+02 6.2489300537e+02 6.2493200684e+02 6.2496600342e+02 6.2500299072e+02 6.2504901123e+02 6.2508801270e+02 6.2512597656e+02 6.2515802002e+02 6.2518402100e+02 6.2522802734e+02 6.2526898193e+02 6.2529699707e+02 6.2533801270e+02 6.2537402344e+02 6.2541302490e+02 6.2546398926e+02 6.2548999023e+02 6.2554302979e+02 6.2557202148e+02 6.2561602783e+02
6.2415698242e+02 6.2419000244e+02 6.2422698975e+02 6.2427600098e+02 6.2430499268e+02 6.2433300781e+02 6.2435400391e+02 6.2436199951e+02 6.2439398193e+02 6.2441497803e+02 6.2444000244e+02 6.2446899414e+02 6.2449700928e+02 6.2451702881e+02 6.2453399658e+02 6.2454602051e+02 6.2458801270e+02 6.2460797119e+02 6.2461102295e+02 6.2464300537e+02 6.2468103027e+02 6.2472100830e+02 6.2475201416e+02 6.2479400635e+02 6.2482501221e+02 6.2485302734e+02 6.2489697266e+02 6.2492901611e+02 6.2496600342e+02 6.2501202393e+02 6.2506298828e+02 6.2509399414e+02 6.2513500977e+02 6.2516802979e+02 6.2518798828e+02 6.2522399902e+02 6.2527197266e+02 6.2530798340e+02 6.2533898926e+02 6.2537799072e+02 6.2542102051e+02 6.2547998047e+02 6.2551098633e+02 6.2555297852e+02 6.2557299805e+02 6.2561798096e+02
6.2417199707e+02 6.2420001221e+02 6.2424401855e+02 6.2428997803e+02 6.2432702637e+02 6.2436602783e+02 6.2438702393e+02 6.2439801025e+02 6.2442797852e+02 6.2445300293e+02 6.2447302246e+02 6.2449298096e+02 6.2451397705e+02 6.2454101563e+02 6.2454699707e+02 6.2455603027e+02 6.2459399414e+02 6.2462097168e+02 6.2463897705e+02 6.2466497803e+02 6.2469897461e+02 6.2473498535e+02 6.2476300049e+02 6.2480297852e+02 6.2484100342e+02 6.2486999512e+02 6.2490197754e+02 6.2492700195e+02 6.2496099854e+02 6.2500799561e+02 6.2505603027e+02 6.2509802246e+02 6.2513897705e+02 6.2517102051e+02 6.2519598389e+02 6.2523999023e+02 6.2528698730e+02 6.2531799316e+02 6.2534600830e+02 6.2539501953e+02 6.2543402100e+02 6.2547802734e+02 6.2551898193e+02 6.2556597900e+02 6.2558801270e+02 6.2563098145e+02
6.2419097900e+02 6.2421600342e+02 6.2425897217e+02 6.2429998779e+02 6.2434497070e+02 6.2439398193e+02 6.2441198730e+02 6.2443402100e+02 6.2446997070e+02 6.2448297119e+02 6.2448498535e+02 6.2451397705e+02 6.2453100586e+02 6.2456201172e+02 6.2456799316e+02 6.2457800293e+02 6.2461199951e+02 6.2464099121e+02 6.2467102051e+02 6.2470599365e+02 6.2473797607e+02 6.2477197266e+02 6.2479302979e+02 6.2480798340e+02 6.2485400391e+02 6.2488897705e+02 6.2491699219e+02 6.2495098877e+02 6.2496997070e+02 6.2500000000e+02 6.2505200195e+02 6.2509698486e+02 6.2513598633e+02 6.2516900635e+02 6.2520501709e+02 6.2524597168e+02 6.2527801514e+02 6.2531701660e+02 6.2536798096e+02 6.2542401123e+02 6.2546301270e+02 6.2548901367e+02 6.2551702881e+02 6.2556201172e+02 6.2559600830e+02 6.2563702393e+02
6.2420501709e+02 6.2424102783e+02 6.2428698730e+02 6.2431701660e+02 6.2434899902e+02 6.2440100098e+02 6.2443200684e+02 6.2445599365e+02 6.2448297119e+02 6.2449798584e+02 6.2452301025e+02 6.2454901123e+02 6.2456097412e+02 6.2458599854e+02 6.2460699463e+02 6.2462402344e+02 6.2465698242e+02 6.2467297363e+02 6.2468902588e+02 6.2472698975e+02 6.2476202393e+02 6.2478997803e+02 6.2479498291e+02 6.2482000732e+02 6.2485797119e+02 6.2488397217e+02 6.2492498779e+02 6.2495898438e+02 6.2498498535e+02 6.2502600098e+02 6.2506799316e+02 6.2510101318e+02 6.2513800049e+02 6.2518103027e+02 6.2522198486e+02 6.2526599121e+02 6.2529602051e+02 6.2532299805e+02 6.2536901855e+02 6.2541998291e+02 6.2546197510e+02 6.2549401855e+02 6.2552301025e+02 6.2556597900e+02 6.2560302734e+02 6.2564300537e+02
6.2424200439e+02 6.2427099609e+02 6.2431298828e+02 6.2435198975e+02 6.2438098145e+02 6.2441699219e+02 6.2444897461e+02 6.2447302246e+02 6.2449499512e+02 6.2451202393e+02 6.2454699707e+02 6.2456597900e+02 6.2458898926e+02 6.2461199951e+02 6.2463500977e+02 6.2465301514e+02 6.2467700195e+02 6.2469000244e+02 6.2471502686e+02 6.2474902344e+02 6.2478198242e+02 6.2480297852e+02 6.2480297852e+02 6.2484399414e+02 6.2488397217e+02 6.2491101074e+02 6.2493902588e+02 6.2496398926e+02 6.2498901367e+02 6.2503399658e+02 6.2508398438e+02 6.2512200928e+02 6.2515301514e+02 6.2518597412e+02 6.2522601318e+02 6.2526397705e+02 6.2530297852e+02 6.2533898926e+02 6.2538397217e+02 6.2542498779e+02 6.2546197510e+02 6.2550598145e+02 6.2554101563e+02 6.2558599854e+02 6.2562200928e+02 6.2566400146e+02
6.2426702881e+02 6.2428698730e+02 6.2433001709e+02 6.2436297607e+02 6.2440301514e+02 6.2443103027e+02 6.2445898438e+02 6.2449902344e+02 6.2452600098e+02 6.2454400635e+02 6.2456799316e+02 6.2458502197e+02 6.2462597656e+02 6.2465502930e+02 6.2466400146e+02 6.2468103027e+02 6.2469500732e+02 6.2471099854e+02 6.2474902344e+02 6.2476898193e+02 6.2480102539e+02 6.2482501221e+02 6.2482897949e+02 6.2486798096e+02 6.2490502930e+02 6.2493402100e+02 6.2496099854e+02 6.2498199463e+02 6.2500402832e+02 6.2504302979e+02 6.2509100342e+02 6.2513702393e+02 6.2516900635e+02 6.2520202637e+02 6.2524102783e+02 6.2525897217e+02 6.2529302979e+02 6.2533599854e+02 6.2538500977e+02 6.2542999268e+02 6.2547497559e+02 6.2552197266e+02 6.2555401611e+02 6.2559899902e+02 6.2563397217e+02 6.2567999268e+02
6.2430200195e+02 6.2432501221e+02 6.2437402344e+02 6.2439001465e+02 6.2442297363e+02 6.2445001221e+02 6.2447399902e+02 6.2451300049e+02 6.2455798340e+02 6.2459698486e+02 6.2461602783e+02 6.2461602783e+02 6.2464599609e+02 6.2467102051e+02 6.2468499756e+02 6.2470397949e+02 6.2471600342e+02 6.2473199463e+02 6.2476800537e+02 6.2479101563e+02 6.2483197021e+02 6.2486999512e+02 6.2488098145e+02 6.2488500977e+02 6.2490197754e+02 6.2492602539e+02 6.2497100830e+02 6.2500500488e+02 6.2503497314e+02 6.2506597900e+02 6.2511199951e+02 6.2515600586e+02 6.2519299316e+02 6.2522998047e+02 6.2525897217e+02 6.2526898193e+02 6.2529199219e+02 6.2533001709e+02 6.2538098145e+02 6.2543902588e+02 6.2549499512e+02 6.2553997803e+02 6.2556701660e+02 6.2559899902e+02 6.2563000488e+02 6.2567602539e+02
6.2433502197e+02 6.2435498047e+02 6.2438598633e+02 6.2440600586e+02 6.2445098877e+02 6.2447698975e+02 6.2450299072e+02 6.2453302002e+02 6.2456597900e+02 6.2458001709e+02 6.2461199951e+02 6.2464801025e+02 6.2466699219e+02 6.2468798828e+02 6.2471997070e+02 6.2472998047e+02 6.2473901367e+02 6.2475897217e+02 6.2480102539e+02 6.2481402588e+02 6.2485601807e+02 6.2489398193e+02 6.2489697266e+02 6.2490502930e+02 6.2492602539e+02 6.2494799805e+02 6.2499700928e+02 6.2503302002e+02 6.2506701660e+02 6.2509698486e+02 6.2512902832e+02 6.2516601563e+02 6.2519897461e+02 6.2523602295e+02 6.2527697754e+02 6.2530700684e+02 6.2533099365e+02 6.2536199951e+02 6.2539697266e+02 6.2545001221e+02 6.2550201416e+02 6.2554699707e+02 6.2558099365e+02 6.2562799072e+02 6.2565899658e+02 6.2569097900e+02
6.2438500977e+02 6.2438397217e+02 6.2440899658e+02 6.2444000244e+02 6.2448400879e+02 6.2450500488e+02 6.2452600098e+02 6.2457098389e+02 6.2460400391e+02 6.2461499023e+02 6.2464300537e+02 6.2467602539e+02 6.2468902588e+02 6.2470501709e+02 6.2473999023e+02 6.2474798584e+02 6.2476800537e+02 6.2479797363e+02 6.2483398438e+02 6.2484802246e+02 6.2488201904e+02 6.2490899658e+02 6.2491900635e+02 6.2493902588e+02 6.2495800781e+02 6.2497802734e+02 6.2501599121e+02 6.2505902100e+02 6.2508099365e+02 6.2511199951e+02 6.2515002441e+02 6.2519299316e+02 6.2522998047e+02 6.2526300049e+02 6.2530102539e+02 6.2533300781e+02 6.2535601807e+02 6.2539300537e+02 6.2542901611e+02 6.2546899414e+02 6.2550701904e+02 6.2553997803e+02 6.2557800293e+02 6.2564001465e+02 6.2568200684e+02 6.2572100830e+02
6.2445501709e+02 6.2444897461e+02 6.2446002197e+02 6.2447302246e+02 6.2450897217e+02 6.2453997803e+02 6.2454998779e+02 6.2459698486e+02 6.2463598633e+02 6.2465301514e+02 6.2466302490e+02 6.2469000244e+02 6.2470898438e+02 6.2472900391e+02 6.2475897217e+02 6.2477099609e+02 6.2479302979e+02 6.2482202148e+02 6.2485198975e+02 6.2486999512e+02 6.2490197754e+02 6.2493499756e+02 6.2496697998e+02 6.2498199463e+02 6.2499102783e+02 6.2501098633e+02 6.2502697754e+02 6.2505902100e+02 6.2508398438e+02 6.2513397217e+02 6.2517498779e+02 6.2520898438e+02 6.2524499512e+02 6.2527502441e+02 6.2530902100e+02 6.2533697510e+02 6.2535498047e+02 6.2539697266e+02 6.2545001221e+02 6.2549200439e+02 6.2553198242e+02 6.2555999756e+02 6.2559002686e+02 6.2563800049e+02 6.2567999268e+02 6.2573199463e+02
6.2454199219e+02 6.2453900146e+02 6.2453302002e+02 6.2452398682e+02 6.2455603027e+02 6.2459002686e+02 6.2458502197e+02 6.2463098145e+02 6.2466699219e+02 6.2468902588e+02 6.2471099854e+02 6.2472998047e+02 6.2475500488e+02 6.2476501465e+02 6.2477398682e+02 6.2479498291e+02 6.2481500244e+02 6.2483697510e+02 6.2487597656e+02 6.2489202881e+02 6.2491699219e+02 6.2495397949e+02 6.2498901367e+02 6.2501702881e+02 6.2502502441e+02 6.2504699707e+02 6.2507000732e+02 6.2509802246e+02 6.2512097168e+02 6.2515600586e+02 6.2519396973e+02 6.2522100830e+02 6.2524700928e+02 6.2527502441e+02 6.2531298828e+02 6.2535302734e+02 6.2537402344e+02 6.2540698242e+02 6.2546301270e+02 6.2550299072e+02 6.2554901123e+02 6.2558099365e+02 6.2561901855e+02 6.2565399170e+02 6.2568402100e+02 6.2573199463e+02
6.2463000488e+02 6.2462799072e+02 6.2462500000e+02 6.2462402344e+02 6.2463397217e+02 6.2463800049e+02 6.2464599609e+02 6.2467602539e+02 6.2469799805e+02 6.2471002197e+02 6.2472601318e+02 6.2475097656e+02 6.2478302002e+02 6.2479699707e+02 6.2480499268e+02 6.2481298828e+02 6.2483197021e+02 6.2486401367e+02 6.2489398193e+02 6.2490899658e+02 6.2493798828e+02 6.2497100830e+02 6.2499499512e+02 6.2502697754e+02 6.2504400635e+02 6.2506402588e+02 6.2509497070e+02 6.2511901855e+02 6.2513897705e+02 6.2517797852e+02 6.2521600342e+02 6.2524499512e+02 6.2526898193e+02 6.2529400635e+02 6.2533599854e+02 6.2537200928e+02 6.2539898682e+02 6.2543597412e+02 6.2548498535e+02 6.2551501465e+02 6.2555700684e+02 6.2558898926e+02 6.2563800049e+02 6.2567602539e+02 6.2570098877e+02 6.2574102783e+02
6.2471697998e+02 6.2471398926e+02 6.2471502686e+02 6.2471398926e+02 6.2471600342e+02 6.2470697021e+02 6.2471600342e+02 6.2473199463e+02 6.2474499512e+02 6.2475000000e+02 6.2476702881e+02 6.2478802490e+02 6.2480902100e+02 6.2482202148e+02 6.2483398438e+02 6.2483697510e+02 6.2485699463e+02 6.2489001465e+02 6.2490698242e+02 6.2493103027e+02 6.2496301270e+02 6.2499200439e+02 6.2500799561e+02 6.2503802490e+02 6.2505999756e+02 6.2507897949e+02 6.2510699463e+02 6.2513598633e+02 6.2516101074e+02 6.2520001221e+02 6.2522900391e+02 6.2526702881e+02 6.2529998779e+02 6.2532397461e+02 6.2535601807e+02 6.2539300537e+02 6.2541699219e+02 6.2544799805e+02 6.2549401855e+02 6.2552600098e+02 6.2557000732e+02 6.2560302734e+02 6.2565399170e+02 6.2568597412e+02 6.2571899414e+02 6.2576599121e+02
6.2480200195e+02 6.2479901123e+02 6.2479797363e+02 6.2479199219e+02 6.2479901123e+02 6.2479498291e+02 6.2480200195e+02 6.2480798340e+02 6.2481701660e+02 6.2482598877e+02 6.2482702637e+02 6.2482501221e+02 6.2482598877e+02 6.2484399414e+02 6.2486102295e+02 6.2486999512e+02 6.2489398193e+02 6.2491998291e+02 6.2493200684e+02 6.2495202637e+02 6.2498101807e+02 6.2501300049e+02 6.2502502441e+02 6.2505499268e+02 6.2508398438e+02 6.2510797119e+02 6.2513201904e+02 6.2516497803e+02 6.2519000244e+02 6.2522302246e+02 6.2524102783e+02 6.2528100586e+02 6.2531701660e+02 6.2534497070e+02 6.2537597656e+02 6.2541198730e+02 6.2543701172e+02 6.2546099854e+02 6.2549700928e+02 6.2553399658e+02 6.2558300781e+02 6.2562200928e+02 6.2567498779e+02 6.2570697021e+02 6.2573999023e+02 6.2577899170e+02
6.2487701416e+02 6.2486401367e+02 6.2486199951e+02 6.2487902832e+02 6.2488201904e+02 6.2488500977e+02 6.2489300537e+02 6.2490502930e+02 6.2490997314e+02 6.2490301514e+02 6.2488598633e+02 6.2486401367e+02 6.2485198975e+02 6.2486102295e+02 6.2486499023e+02 6.2489300537e+02 6.2493200684e+02 6.2496801758e+02 6.2497399902e+02 6.2499102783e+02 6.2500097656e+02 6.2502398682e+02 6.2504400635e+02 6.2506799316e+02 6.2508898926e+02 6.2511901855e+02 6.2516900635e+02 6.2519201660e+02 6.2521502686e+02 6.2523797607e+02 6.2525598145e+02 6.2529602051e+02 6.2532202148e+02 6.2535198975e+02 6.2538397217e+02 6.2541802979e+02 6.2545800781e+02 6.2549200439e+02 6.2551300049e+02 6.2555401611e+02 6.2558898926e+02 6.2562799072e+02 6.2568200684e+02 6.2570898438e+02 6.2574298096e+02 6.2577301025e+02
6.2491497803e+02 6.2492199707e+02 6.2493200684e+02 6.2495300293e+02 6.2496301270e+02 6.2496801758e+02 6.2496502686e+02 6.2497900391e+02 6.2498400879e+02 6.2498498535e+02 6.2496002197e+02 6.2493798828e+02 6.2492102051e+02 6.2492199707e+02 6.2493200684e+02 6.2492297363e+02 6.2495001221e+02 6.2499902344e+02 6.2502197266e+02 6.2502001953e+02 6.2503399658e+02 6.2506597900e+02 6.2509197998e+02 6.2510900879e+02 6.2511602783e+02 6.2513098145e+02 6.2517999268e+02 6.2520599365e+02 6.2523797607e+02 6.2526098633e+02 6.2528302002e+02 6.2532098389e+02 6.2534698486e+02 6.2537402344e+02 6.2540100098e+02 6.2542901611e+02 6.2547198486e+02 6.2551397705e+02 6.2553900146e+02 6.2557202148e+02 6.2560498047e+02 6.2563702393e+02 6.2566998291e+02 6.2569299316e+02 6.2573297119e+02 6.2577899170e+02
6.2492102051e+02 6.2496301270e+02 6.2498797607e+02 6.2501702881e+02 6.2503399658e+02 6.2504302979e+02 6.2503802490e+02 6.2504699707e+02 6.2505297852e+02 6.2505700684e+02 6.2504602051e+02 6.2502502441e+02 6.2499102783e+02 6.2498101807e+02 6.2499499512e+02 6.2498101807e+02 6.2498699951e+02 6.2501397705e+02 6.2503900146e+02 6.2503601074e+02 6.2506298828e+02 6.2510198975e+02 6.2513201904e+02 6.2514099121e+02 6.2514099121e+02 6.2515197754e+02 6.2519396973e+02 6.2522900391e+02 6.2525402832e+02 6.2527197266e+02 6.2530798340e+02 6.2534301758e+02 6.2537200928e+02 6.2539697266e+02 6.2541900635e+02 6.2543701172e+02 6.2548602295e+02 6.2552899170e+02 6.2555902100e+02 6.2558801270e+02 6.2562597656e+02 6.2565899658e+02 6.2568902588e+02 6.2569799805e+02 6.2572802734e+02 6.2577899170e+02
6.2492199707e+02 6.2495697021e+02 6.2499401855e+02 6.2504199219e+02 6.2508502197e+02 6.2511798096e+02 6.2512500000e+02 6.2512701416e+02 6.2512500000e+02 6.2511401367e+02 6.2510900879e+02 6.2510198975e+02 6.2507098389e+02 6.2504998779e+02 6.2505999756e+02 6.2506298828e+02 6.2505401611e+02 6.2504498291e+02 6.2506597900e+02 6.2507202148e+02 6.2509899902e+02 6.2512701416e+02 6.2515399170e+02 6.2516302490e+02 6.2517901611e+02 6.2520397949e+02 6.2523602295e+02 6.2526202393e+02 6.2527197266e+02 6.2528698730e+02 6.2533099365e+02 6.2535498047e+02 6.2538397217e+02 6.2540600586e+02 6.2542602539e+02 6.2544500732e+02 6.2549798584e+02 6.2553399658e+02 6.2556500244e+02 6.2558898926e+02 6.2562097168e+02 6.2565698242e+02 6.2570202637e+02 6.2571801758e+02 6.2574902344e+02 6.2578900146e+02
