TESTSERVER/16/10.asc
NCOLS 100
NROWS 100
XLLCORNER 8.2997500000e+03
YLLCORNER 2.8945025000e+05
CELLSIZE 5.0000000000e-01
NODATA_VALUE -9.9990000000e+03
[rows 20 to 39 of 100, columns 46 to 91 of 100]
6.2888702393e+02 6.2901202393e+02 6.2912402344e+02 6.2924902344e+02 6.2937902832e+02 6.2948901367e+02 6.2961401367e+02 6.2972698975e+02 6.2980798340e+02 6.2990301514e+02 6.3001800537e+02 6.3013000488e+02 6.3024102783e+02 6.3032702637e+02 6.3044396973e+02 6.3053802490e+02 6.3063397217e+02 6.3072998047e+02 6.3084497070e+02 6.3096398926e+02 6.3107598877e+02 6.3120098877e+02 6.3132299805e+02 6.3143597412e+02 6.3155401611e+02 6.3166900635e+02 6.3178399658e+02 6.3189099121e+02 6.3202899170e+02 6.3216198730e+02 6.3228900146e+02 6.3239697266e+02 6.3250799561e+02 6.3264001465e+02 6.3277697754e+02 6.3290698242e+02 6.3302502441e+02 6.3313800049e+02 6.3324597168e+02 6.3333898926e+02 6.3342999268e+02 6.3350701904e+02 6.3359497070e+02 6.3368597412e+02 6.3377502441e+02 6.3385900879e+02
6.2876501465e+02 6.2888299561e+02 6.2899902344e+02 6.2911700439e+02 6.2923797607e+02 6.2935797119e+02 6.2949700928e+02 6.2960400391e+02 6.2969097900e+02 6.2978100586e+02 6.2988201904e+02 6.2998199463e+02 6.3008697510e+02 6.3018298340e+02 6.3029498291e+02 6.3039599609e+02 6.3050402832e+02 6.3060198975e+02 6.3070898438e+02 6.3082598877e+02 6.3094097900e+02 6.3106500244e+02 6.3117901611e+02 6.3129302979e+02 6.3140698242e+02 6.3151898193e+02 6.3163598633e+02 6.3175897217e+02 6.3189001465e+02 6.3201098633e+02 6.3213299561e+02 6.3225000000e+02 6.3236401367e+02 6.3248901367e+02 6.3262097168e+02 6.3275097656e+02 6.3288397217e+02 6.3300598145e+02 6.3311602783e+02 6.3320898438e+02 6.3330499268e+02 6.3339300537e+02 6.3348602295e+02 6.3357202148e+02 6.3365997314e+02 6.3375598145e+02
6.2864501953e+02 6.2876397705e+02 6.2888299561e+02 6.2899798584e+02 6.2911999512e+02 6.2924298096e+02 6.2936999512e+02 6.2946801758e+02 6.2956201172e+02 6.2965502930e+02 6.2975500488e+02 6.2985601807e+02 6.2995300293e+02 6.3004901123e+02 6.3016302490e+02 6.3025897217e+02 6.3035797119e+02 6.3047198486e+02 6.3058898926e+02 6.3069097900e+02 6.3080603027e+02 6.3092797852e+02 6.3104302979e+02 6.3114898682e+02 6.3126397705e+02 6.3138098145e+02 6.3149798584e+02 6.3161901855e+02 6.3174200439e+02 6.3186401367e+02 6.3198699951e+02 6.3211102295e+02 6.3222399902e+02 6.3235198975e+02 6.3248699951e+02 6.3260900879e+02 6.3274798584e+02 6.3288098145e+02 6.3298400879e+02 6.3307000732e+02 6.3317199707e+02 6.3327600098e+02 6.3336700439e+02 6.3343402100e+02 6.3352899170e+02 6.3363897705e+02
6.2852697754e+02 6.2864001465e+02 6.2875897217e+02 6.2887799072e+02 6.2900500488e+02 6.2912402344e+02 6.2924298096e+02 6.2934698486e+02 6.2944396973e+02 6.2954302979e+02 6.2964001465e+02 6.2974700928e+02 6.2984497070e+02 6.2994000244e+02 6.3005200195e+02 6.3014202881e+02 6.3022698975e+02 6.3035302734e+02 6.3047100830e+02 6.3056799316e+02 6.3068597412e+02 6.3080200195e+02 6.3091802979e+02 6.3101501465e+02 6.3112298584e+02 6.3123999023e+02 6.3135699463e+02 6.3147302246e+02 6.3160400391e+02 6.3173400879e+02 6.3184899902e+02 6.3197698975e+02 6.3208898926e+02 6.3221801758e+02 6.3235302734e+02 6.3247198486e+02 6.3260900879e+02 6.3273602295e+02 6.3283898926e+02 6.3293200684e+02 6.3303198242e+02 6.3314001465e+02 6.3322998047e+02 6.3330499268e+02 6.3341302490e+02 6.3352697754e+02
6.2840698242e+02 6.2851202393e+02 6.2863702393e+02 6.2877197266e+02 6.2889398193e+02 6.2901300049e+02 6.2913598633e+02 6.2923901367e+02 6.2932897949e+02 6.2941900635e+02 6.2951397705e+02 6.2962298584e+02 6.2972698975e+02 6.2981799316e+02 6.2992797852e+02 6.3003497314e+02 6.3013500977e+02 6.3025299072e+02 6.3034497070e+02 6.3046197510e+02 6.3058398438e+02 6.3068402100e+02 6.3078997803e+02 6.3089001465e+02 6.3099700928e+02 6.3111901855e+02 6.3123901367e+02 6.3134301758e+02 6.3146697998e+02 6.3159100342e+02 6.3169702148e+02 6.3185101318e+02 6.3196002197e+02 6.3206500244e+02 6.3220202637e+02 6.3232501221e+02 6.3246600342e+02 6.3258599854e+02 6.3268798828e+02 6.3280297852e+02 6.3289801025e+02 6.3300299072e+02 6.3309197998e+02 6.3318402100e+02 6.3330798340e+02 6.3341101074e+02
6.2829602051e+02 6.2840698242e+02 6.2853100586e+02 6.2864300537e+02 6.2877502441e+02 6.2890100098e+02 6.2901000977e+02 6.2911401367e+02 6.2921301270e+02 6.2930603027e+02 6.2940197754e+02 6.2951501465e+02 6.2961199951e+02 6.2970697021e+02 6.2982501221e+02 6.2992102051e+02 6.3002600098e+02 6.3014300537e+02 6.3023797607e+02 6.3034997559e+02 6.3046197510e+02 6.3056097412e+02 6.3067102051e+02 6.3077801514e+02 6.3087597656e+02 6.3099102783e+02 6.3110998535e+02 6.3122497559e+02 6.3135101318e+02 6.3148101807e+02 6.3159301758e+02 6.3171398926e+02 6.3182299805e+02 6.3195001221e+02 6.3208398438e+02 6.3217700195e+02 6.3231402588e+02 6.3244396973e+02 6.3256097412e+02 6.3268103027e+02 6.3277600098e+02 6.3287799072e+02 6.3295300293e+02 6.3304998779e+02 6.3317102051e+02 6.3325897217e+02
6.2818597412e+02 6.2830603027e+02 6.2843298340e+02 6.2854101563e+02 6.2866699219e+02 6.2878802490e+02 6.2889801025e+02 6.2899200439e+02 6.2909100342e+02 6.2918499756e+02 6.2928601074e+02 6.2939801025e+02 6.2949902344e+02 6.2959698486e+02 6.2970397949e+02 6.2979797363e+02 6.2991302490e+02 6.3002801514e+02 6.3013299561e+02 6.3024298096e+02 6.3035101318e+02 6.3045800781e+02 6.3056896973e+02 6.3067297363e+02 6.3077502441e+02 6.3089099121e+02 6.3100598145e+02 6.3112200928e+02 6.3123797607e+02 6.3135601807e+02 6.3147497559e+02 6.3158599854e+02 6.3169598389e+02 6.3182299805e+02 6.3194500732e+02 6.3204498291e+02 6.3217102051e+02 6.3228698730e+02 6.3241198730e+02 6.3254699707e+02 6.3264801025e+02 6.3274499512e+02 6.3281701660e+02 6.3290502930e+02 6.3301898193e+02 6.3311102295e+02
6.2808197021e+02 6.2820501709e+02 6.2832702637e+02 6.2844299316e+02 6.2855297852e+02 6.2866497803e+02 6.2878601074e+02 6.2887597656e+02 6.2897399902e+02 6.2906799316e+02 6.2916900635e+02 6.2927398682e+02 6.2938201904e+02 6.2948699951e+02 6.2959197998e+02 6.2969201660e+02 6.2980102539e+02 6.2991400146e+02 6.3003198242e+02 6.3015399170e+02 6.3025500488e+02 6.3035601807e+02 6.3046398926e+02 6.3057501221e+02 6.3068298340e+02 6.3079400635e+02 6.3090600586e+02 6.3102001953e+02 6.3112097168e+02 6.3122399902e+02 6.3134301758e+02 6.3146301270e+02 6.3157202148e+02 6.3169000244e+02 6.3180603027e+02 6.3190997314e+02 6.3203601074e+02 6.3215301514e+02 6.3227301025e+02 6.3240100098e+02 6.3249200439e+02 6.3258001709e+02 6.3266497803e+02 6.3276098633e+02 6.3287902832e+02 6.3296697998e+02
6.2799102783e+02 6.2810101318e+02 6.2820001221e+02 6.2832897949e+02 6.2842602539e+02 6.2853399658e+02 6.2866497803e+02 6.2876898193e+02 6.2885900879e+02 6.2895501709e+02 6.2906799316e+02 6.2915997314e+02 6.2926300049e+02 6.2936401367e+02 6.2947900391e+02 6.2959802246e+02 6.2969702148e+02 6.2980603027e+02 6.2992999268e+02 6.3005798340e+02 6.3015802002e+02 6.3025598145e+02 6.3035900879e+02 6.3046502686e+02 6.3056597900e+02 6.3067901611e+02 6.3080902100e+02 6.3091497803e+02 6.3100799561e+02 6.3111700439e+02 6.3125299072e+02 6.3134100342e+02 6.3143902588e+02 6.3155499268e+02 6.3166400146e+02 6.3177697754e+02 6.3190899658e+02 6.3203002930e+02 6.3214001465e+02 6.3226202393e+02 6.3235900879e+02 6.3243402100e+02 6.3251702881e+02 6.3261602783e+02 6.3272601318e+02 6.3281597900e+02
6.2789697266e+02 6.2799700928e+02 6.2809600830e+02 6.2821099854e+02 6.2830798340e+02 6.2841497803e+02 6.2852899170e+02 6.2863598633e+02 6.2873602295e+02 6.2884197998e+02 6.2895697021e+02 6.2904901123e+02 6.2915997314e+02 6.2926202393e+02 6.2937902832e+02 6.2949700928e+02 6.2959997559e+02 6.2971099854e+02 6.2982202148e+02 6.2993798828e+02 6.3004901123e+02 6.3015100098e+02 6.3025402832e+02 6.3036999512e+02 6.3047802734e+02 6.3058300781e+02 6.3069897461e+02 6.3079602051e+02 6.3089501953e+02 6.3101397705e+02 6.3114398193e+02 6.3123901367e+02 6.3133001709e+02 6.3143902588e+02 6.3154101563e+02 6.3164898682e+02 6.3177600098e+02 6.3189202881e+02 6.3200897217e+02 6.3211602783e+02 6.3221197510e+02 6.3229199219e+02 6.3238397217e+02 6.3248101807e+02 6.3259100342e+02 6.3268597412e+02
6.2778802490e+02 6.2789501953e+02 6.2799401855e+02 6.2810699463e+02 6.2820501709e+02 6.2830401611e+02 6.2839697266e+02 6.2851000977e+02 6.2861798096e+02 6.2872399902e+02 6.2884802246e+02 6.2895697021e+02 6.2905999756e+02 6.2916302490e+02 6.2928100586e+02 6.2939001465e+02 6.2950402832e+02 6.2962701416e+02 6.2973101807e+02 6.2983502197e+02 6.2993701172e+02 6.3003997803e+02 6.3015301514e+02 6.3027001953e+02 6.3037902832e+02 6.3048498535e+02 6.3060498047e+02 6.3069500732e+02 6.3080102539e+02 6.3091601563e+02 6.3103198242e+02 6.3112597656e+02 6.3122198486e+02 6.3133300781e+02 6.3143103027e+02 6.3152301025e+02 6.3163598633e+02 6.3175000000e+02 6.3186901855e+02 6.3196502686e+02 6.3206097412e+02 6.3215100098e+02 6.3225201416e+02 6.3235198975e+02 6.3245898438e+02 6.3255700684e+02
6.2767700195e+02 6.2779602051e+02 6.2789300537e+02 6.2800097656e+02 6.2809399414e+02 6.2818597412e+02 6.2827899170e+02 6.2839001465e+02 6.2850201416e+02 6.2860101318e+02 6.2872802734e+02 6.2884698486e+02 6.2895202637e+02 6.2906799316e+02 6.2918103027e+02 6.2928497314e+02 6.2940002441e+02 6.2952600098e+02 6.2963397217e+02 6.2973400879e+02 6.2983502197e+02 6.2994000244e+02 6.3005798340e+02 6.3016802979e+02 6.3027197266e+02 6.3038500977e+02 6.3050701904e+02 6.3059497070e+02 6.3069500732e+02 6.3079998779e+02 6.3091497803e+02 6.3099798584e+02 6.3110498047e+02 6.3122399902e+02 6.3131701660e+02 6.3140802002e+02 6.3151202393e+02 6.3161901855e+02 6.3173199463e+02 6.3183398438e+02 6.3193597412e+02 6.3203399658e+02 6.3213299561e+02 6.3222998047e+02 6.3233300781e+02 6.3243499756e+02
6.2758197021e+02 6.2770202637e+02 6.2779901123e+02 6.2789898682e+02 6.2799597168e+02 6.2809399414e+02 6.2818701172e+02 6.2827197266e+02 6.2838897705e+02 6.2849902344e+02 6.2861602783e+02 6.2872802734e+02 6.2885498047e+02 6.2896997070e+02 6.2904797363e+02 6.2917999268e+02 6.2929498291e+02 6.2941497803e+02 6.2952197266e+02 6.2962298584e+02 6.2973602295e+02 6.2984802246e+02 6.2996002197e+02 6.3007098389e+02 6.3017102051e+02 6.3027801514e+02 6.3038800049e+02 6.3049298096e+02 6.3059497070e+02 6.3068701172e+02 6.3079498291e+02 6.3087597656e+02 6.3099200439e+02 6.3110900879e+02 6.3120202637e+02 6.3129699707e+02 6.3139697266e+02 6.3150500488e+02 6.3161999512e+02 6.3171697998e+02 6.3182202148e+02 6.3192199707e+02 6.3201300049e+02 6.3210400391e+02 6.3220098877e+02 6.3230401611e+02
6.2750201416e+02 6.2761602783e+02 6.2769799805e+02 6.2779302979e+02 6.2788000488e+02 6.2797399902e+02 6.2808599854e+02 6.2817999268e+02 6.2829199219e+02 6.2839599609e+02 6.2850598145e+02 6.2861499023e+02 6.2873999023e+02 6.2886602783e+02 6.2896197510e+02 6.2908599854e+02 6.2919097900e+02 6.2930603027e+02 6.2941497803e+02 6.2953698730e+02 6.2964801025e+02 6.2975299072e+02 6.2986602783e+02 6.2996600342e+02 6.3005700684e+02 6.3016198730e+02 6.3028497314e+02 6.3039202881e+02 6.3049700928e+02 6.3058502197e+02 6.3068103027e+02 6.3078497314e+02 6.3089898682e+02 6.3100402832e+02 6.3109600830e+02 6.3119000244e+02 6.3128002930e+02 6.3137402344e+02 6.3148199463e+02 6.3158898926e+02 6.3170098877e+02 6.3180798340e+02 6.3190698242e+02 6.3199401855e+02 6.3209100342e+02 6.3218499756e+02
6.2741802979e+02 6.2752697754e+02 6.2760797119e+02 6.2769799805e+02 6.2777801514e+02 6.2787402344e+02 6.2799499512e+02 6.2807897949e+02 6.2819396973e+02 6.2830401611e+02 6.2840802002e+02 6.2850897217e+02 6.2862200928e+02 6.2875097656e+02 6.2887597656e+02 6.2899102783e+02 6.2909301758e+02 6.2920599365e+02 6.2931298828e+02 6.2943597412e+02 6.2953802490e+02 6.2964300537e+02 6.2976397705e+02 6.2986901855e+02 6.2995800781e+02 6.3006097412e+02 6.3018701172e+02 6.3028997803e+02 6.3039599609e+02 6.3049499512e+02 6.3059698486e+02 6.3069799805e+02 6.3080297852e+02 6.3090399170e+02 6.3098699951e+02 6.3107800293e+02 6.3117498779e+02 6.3126300049e+02 6.3135198975e+02 6.3146502686e+02 6.3158001709e+02 6.3169000244e+02 6.3178601074e+02 6.3186798096e+02 6.3197399902e+02 6.3206896973e+02
6.2734600830e+02 6.2744299316e+02 6.2752197266e+02 6.2760998535e+02 6.2770001221e+02 6.2779901123e+02 6.2790002441e+02 6.2798101807e+02 6.2808898926e+02 6.2819799805e+02 6.2831500244e+02 6.2842401123e+02 6.2852398682e+02 6.2864599609e+02 6.2877301025e+02 6.2888201904e+02 6.2898602295e+02 6.2910302734e+02 6.2921301270e+02 6.2932702637e+02 6.2942700195e+02 6.2953698730e+02 6.2965502930e+02 6.2977001953e+02 6.2987200928e+02 6.2997698975e+02 6.3008599854e+02 6.3018200684e+02 6.3028802490e+02 6.3039202881e+02 6.3050000000e+02 6.3059997559e+02 6.3069702148e+02 6.3079699707e+02 6.3088201904e+02 6.3096997070e+02 6.3106799316e+02 6.3115600586e+02 6.3125097656e+02 6.3135900879e+02 6.3146099854e+02 6.3156701660e+02 6.3165502930e+02 6.3174700928e+02 6.3184802246e+02 6.3194097900e+02
6.2726202393e+02 6.2735400391e+02 6.2743200684e+02 6.2751000977e+02 6.2760699463e+02 6.2770800781e+02 6.2781298828e+02 6.2790301514e+02 6.2798999023e+02 6.2808197021e+02 6.2821301270e+02 6.2833502197e+02 6.2843902588e+02 6.2855700684e+02 6.2867602539e+02 6.2877502441e+02 6.2887200928e+02 6.2899499512e+02 6.2911798096e+02 6.2923602295e+02 6.2933599854e+02 6.2943499756e+02 6.2954101563e+02 6.2965502930e+02 6.2976800537e+02 6.2988299561e+02 6.2999902344e+02 6.3007897949e+02 6.3018103027e+02 6.3027697754e+02 6.3038800049e+02 6.3049798584e+02 6.3059802246e+02 6.3069097900e+02 6.3078100586e+02 6.3085900879e+02 6.3094299316e+02 6.3104302979e+02 6.3115802002e+02 6.3125500488e+02 6.3134197998e+02 6.3143200684e+02 6.3151202393e+02 6.3162402344e+02 6.3172198486e+02 6.3181201172e+02
6.2717102051e+02 6.2727398682e+02 6.2736102295e+02 6.2744299316e+02 6.2753497314e+02 6.2762597656e+02 6.2771697998e+02 6.2781701660e+02 6.2791497803e+02 6.2800299072e+02 6.2812298584e+02 6.2823498535e+02 6.2835699463e+02 6.2847302246e+02 6.2858599854e+02 6.2868798828e+02 6.2877398682e+02 6.2889599609e+02 6.2901098633e+02 6.2912200928e+02 6.2922698975e+02 6.2933001709e+02 6.2943798828e+02 6.2954302979e+02 6.2964599609e+02 6.2975402832e+02 6.2986999512e+02 6.2996197510e+02 6.3007800293e+02 6.3018200684e+02 6.3027197266e+02 6.3037402344e+02 6.3048400879e+02 6.3058398438e+02 6.3066699219e+02 6.3075201416e+02 6.3084600830e+02 6.3094500732e+02 6.3104602051e+02 6.3114697266e+02 6.3122100830e+02 6.3130401611e+02 6.3139898682e+02 6.3149798584e+02 6.3160797119e+02 6.3169500732e+02
6.2709100342e+02 6.2718499756e+02 6.2727502441e+02 6.2736401367e+02 6.2745697021e+02 6.2754998779e+02 6.2763598633e+02 6.2772497559e+02 6.2782598877e+02 6.2791497803e+02 6.2802600098e+02 6.2813500977e+02 6.2826000977e+02 6.2837298584e+02 6.2848498535e+02 6.2860400391e+02 6.2869201660e+02 6.2880902100e+02 6.2891198730e+02 6.2901202393e+02 6.2911499023e+02 6.2922198486e+02 6.2932897949e+02 6.2944201660e+02 6.2954400635e+02 6.2964398193e+02 6.2975299072e+02 6.2985302734e+02 6.2997198486e+02 6.3008001709e+02 6.3016601563e+02 6.3027099609e+02 6.3037500000e+02 6.3047198486e+02 6.3054998779e+02 6.3062902832e+02 6.3072998047e+02 6.3083197021e+02 6.3092602539e+02 6.3102398682e+02 6.3109301758e+02 6.3117602539e+02 6.3127899170e+02 6.3136102295e+02 6.3146899414e+02 6.3155902100e+02
6.2701202393e+02 6.2710998535e+02 6.2719500732e+02 6.2728198242e+02 6.2737298584e+02 6.2746697998e+02 6.2756298828e+02 6.2764898682e+02 6.2774700928e+02 6.2783099365e+02 6.2793200684e+02 6.2804998779e+02 6.2816497803e+02 6.2827600098e+02 6.2838201904e+02 6.2851000977e+02 6.2861297607e+02 6.2872802734e+02 6.2882000732e+02 6.2890997314e+02 6.2900701904e+02 6.2911199951e+02 6.2921197510e+02 6.2933099365e+02 6.2943597412e+02 6.2954101563e+02 6.2965002441e+02 6.2974298096e+02 6.2984899902e+02 6.2995300293e+02 6.3005700684e+02 6.3016998291e+02 6.3026702881e+02 6.3035797119e+02 6.3043597412e+02 6.3051599121e+02 6.3061700439e+02 6.3071398926e+02 6.3080798340e+02 6.3090301514e+02 6.3097100830e+02 6.3106097412e+02 6.3116802979e+02 6.3123699951e+02 6.3134002686e+02 6.3143701172e+02
