TESTSERVER/16/11.asc
NCOLS 100
NROWS 100
XLLCORNER 8.2997500000e+03
YLLCORNER 2.8940025000e+05
CELLSIZE 5.0000000000e-01
NODATA_VALUE -9.9990000000e+03
[rows 80 to 99 of 100, columns 46 to 91 of 100]
6.3801501465e+02 6.3793499756e+02 6.3783898926e+02 6.3772399902e+02 6.3757800293e+02 6.3737701416e+02 6.3716302490e+02 6.3695898438e+02 6.3678497314e+02 6.3667199707e+02 6.3662200928e+02 6.3661901855e+02 6.3663800049e+02 6.3661102295e+02 6.3657000732e+02 6.3650299072e+02 6.3641101074e+02 6.3629901123e+02 6.3617901611e+02 6.3606097412e+02 6.3595001221e+02 6.3590197754e+02 6.3589501953e+02 6.3590197754e+02 6.3589001465e+02 6.3584100342e+02 6.3577502441e+02 6.3569000244e+02 6.3557501221e+02 6.3550097656e+02 6.3547998047e+02 6.3548199463e+02 6.3549401855e+02 6.3541699219e+02 6.3533599854e+02 6.3524102783e+02 6.3516699219e+02 6.3505902100e+02 6.3495501709e+02 6.3484399414e+02 6.3471801758e+02 6.3461602783e+02 6.3454797363e+02 6.3450201416e+02 6.3448400879e+02 6.3448999023e+02
6.3830603027e+02 6.3820697021e+02 6.3809301758e+02 6.3796997070e+02 6.3782598877e+02 6.3764501953e+02 6.3745098877e+02 6.3726800537e+02 6.3711602783e+02 6.3700897217e+02 6.3698101807e+02 6.3699597168e+02 6.3699200439e+02 6.3693902588e+02 6.3687402344e+02 6.3679998779e+02 6.3672198486e+02 6.3662298584e+02 6.3649597168e+02 6.3636297607e+02 6.3625097656e+02 6.3619500732e+02 6.3616998291e+02 6.3616101074e+02 6.3614697266e+02 6.3610699463e+02 6.3604400635e+02 6.3595599365e+02 6.3582897949e+02 6.3574499512e+02 6.3574401855e+02 6.3578399658e+02 6.3582598877e+02 6.3579998779e+02 6.3573101807e+02 6.3563098145e+02 6.3550000000e+02 6.3538098145e+02 6.3525500488e+02 6.3511999512e+02 6.3497802734e+02 6.3486199951e+02 6.3478399658e+02 6.3473297119e+02 6.3471899414e+02 6.3473297119e+02
6.3856402588e+02 6.3847302246e+02 6.3835400391e+02 6.3822601318e+02 6.3808801270e+02 6.3793200684e+02 6.3776800537e+02 6.3761102295e+02 6.3747698975e+02 6.3738897705e+02 6.3736901855e+02 6.3737701416e+02 6.3734899902e+02 6.3726098633e+02 6.3717297363e+02 6.3709197998e+02 6.3701800537e+02 6.3691497803e+02 6.3678698730e+02 6.3665399170e+02 6.3654302979e+02 6.3647399902e+02 6.3642999268e+02 6.3640600586e+02 6.3639202881e+02 6.3636102295e+02 6.3629901123e+02 6.3621002197e+02 6.3607397461e+02 6.3598297119e+02 6.3599200439e+02 6.3604901123e+02 6.3611700439e+02 6.3610601807e+02 6.3604602051e+02 6.3595001221e+02 6.3580798340e+02 6.3566302490e+02 6.3552197266e+02 6.3537402344e+02 6.3523101807e+02 6.3511401367e+02 6.3502899170e+02 6.3497198486e+02 6.3494396973e+02 6.3494201660e+02
6.3877001953e+02 6.3869702148e+02 6.3859301758e+02 6.3848199463e+02 6.3836102295e+02 6.3823297119e+02 6.3810198975e+02 6.3797100830e+02 6.3785101318e+02 6.3778100586e+02 6.3775799561e+02 6.3774298096e+02 6.3768701172e+02 6.3757202148e+02 6.3746801758e+02 6.3738299561e+02 6.3731201172e+02 6.3719702148e+02 6.3706500244e+02 6.3692797852e+02 6.3681402588e+02 6.3673602295e+02 6.3668200684e+02 6.3664898682e+02 6.3663500977e+02 6.3660797119e+02 6.3654400635e+02 6.3645599365e+02 6.3631500244e+02 6.3621398926e+02 6.3621997070e+02 6.3627899170e+02 6.3635699463e+02 6.3635699463e+02 6.3630603027e+02 6.3621801758e+02 6.3608697510e+02 6.3593298340e+02 6.3578198242e+02 6.3562701416e+02 6.3548400879e+02 6.3536901855e+02 6.3527899170e+02 6.3521502686e+02 6.3517199707e+02 6.3515002441e+02
6.3892199707e+02 6.3885198975e+02 6.3877502441e+02 6.3870501709e+02 6.3864697266e+02 6.3855902100e+02 6.3845001221e+02 6.3833197021e+02 6.3822802734e+02 6.3816497803e+02 6.3812500000e+02 6.3808001709e+02 6.3798901367e+02 6.3786901855e+02 6.3776202393e+02 6.3768499756e+02 6.3762500000e+02 6.3749798584e+02 6.3734698486e+02 6.3719201660e+02 6.3705499268e+02 6.3698498535e+02 6.3693902588e+02 6.3691101074e+02 6.3689599609e+02 6.3685998535e+02 6.3679302979e+02 6.3670202637e+02 6.3657397461e+02 6.3645501709e+02 6.3643902588e+02 6.3646899414e+02 6.3651098633e+02 6.3652899170e+02 6.3648901367e+02 6.3642602539e+02 6.3634100342e+02 6.3620599365e+02 6.3605603027e+02 6.3589801025e+02 6.3573797607e+02 6.3561999512e+02 6.3552697754e+02 6.3545898438e+02 6.3540399170e+02 6.3538598633e+02
6.3904699707e+02 6.3898400879e+02 6.3893597412e+02 6.3890899658e+02 6.3890197754e+02 6.3886297607e+02 6.3877001953e+02 6.3865399170e+02 6.3854699707e+02 6.3850097656e+02 6.3845501709e+02 6.3839697266e+02 6.3832299805e+02 6.3821997070e+02 6.3812097168e+02 6.3804302979e+02 6.3797998047e+02 6.3785198975e+02 6.3767199707e+02 6.3748797607e+02 6.3733801270e+02 6.3727600098e+02 6.3724499512e+02 6.3722399902e+02 6.3719097900e+02 6.3714398193e+02 6.3706799316e+02 6.3696697998e+02 6.3684301758e+02 6.3673199463e+02 6.3667999268e+02 6.3666101074e+02 6.3666198730e+02 6.3663397217e+02 6.3660302734e+02 6.3656701660e+02 6.3652899170e+02 6.3644702148e+02 6.3633300781e+02 6.3619799805e+02 6.3603802490e+02 6.3589001465e+02 6.3579400635e+02 6.3572998047e+02 6.3568798828e+02 6.3567102051e+02
6.3917901611e+02 6.3912097168e+02 6.3908898926e+02 6.3908300781e+02 6.3909197998e+02 6.3907202148e+02 6.3900799561e+02 6.3891497803e+02 6.3882202148e+02 6.3878601074e+02 6.3874401855e+02 6.3868902588e+02 6.3865100098e+02 6.3859802246e+02 6.3851501465e+02 6.3842700195e+02 6.3833398438e+02 6.3818200684e+02 6.3798498535e+02 6.3779101563e+02 6.3763598633e+02 6.3758300781e+02 6.3755700684e+02 6.3753399658e+02 6.3748498535e+02 6.3742297363e+02 6.3733898926e+02 6.3723400879e+02 6.3711798096e+02 6.3700201416e+02 6.3692401123e+02 6.3687097168e+02 6.3682800293e+02 6.3678601074e+02 6.3675897217e+02 6.3673699951e+02 6.3672698975e+02 6.3669299316e+02 6.3661499023e+02 6.3650897217e+02 6.3635797119e+02 6.3620599365e+02 6.3611297607e+02 6.3605603027e+02 6.3602197266e+02 6.3601599121e+02
6.3930798340e+02 6.3925402832e+02 6.3922198486e+02 6.3921600342e+02 6.3921899414e+02 6.3920697021e+02 6.3917102051e+02 6.3911199951e+02 6.3904498291e+02 6.3902001953e+02 6.3898901367e+02 6.3894702148e+02 6.3894097900e+02 6.3893298340e+02 6.3886901855e+02 6.3877099609e+02 6.3864501953e+02 6.3847302246e+02 6.3827398682e+02 6.3808502197e+02 6.3793798828e+02 6.3788397217e+02 6.3785198975e+02 6.3782299805e+02 6.3777301025e+02 6.3770501709e+02 6.3761401367e+02 6.3750598145e+02 6.3739300537e+02 6.3727398682e+02 6.3717797852e+02 6.3709899902e+02 6.3702398682e+02 6.3697399902e+02 6.3695098877e+02 6.3693798828e+02 6.3694598389e+02 6.3694897461e+02 6.3690600586e+02 6.3682702637e+02 6.3669097900e+02 6.3655102539e+02 6.3646997070e+02 6.3642102051e+02 6.3639501953e+02 6.3639202881e+02
6.3942297363e+02 6.3938000488e+02 6.3934002686e+02 6.3931799316e+02 6.3931097412e+02 6.3930297852e+02 6.3928900146e+02 6.3926599121e+02 6.3924298096e+02 6.3922497559e+02 6.3920599365e+02 6.3917297363e+02 6.3916497803e+02 6.3916601563e+02 6.3911199951e+02 6.3901000977e+02 6.3886401367e+02 6.3871997070e+02 6.3854101563e+02 6.3837200928e+02 6.3824298096e+02 6.3816699219e+02 6.3811602783e+02 6.3808599854e+02 6.3807598877e+02 6.3799102783e+02 6.3789001465e+02 6.3778002930e+02 6.3766497803e+02 6.3755401611e+02 6.3745898438e+02 6.3736401367e+02 6.3726599121e+02 6.3720202637e+02 6.3717602539e+02 6.3716900635e+02 6.3718103027e+02 6.3721099854e+02 6.3719702148e+02 6.3714801025e+02 6.3704901123e+02 6.3692401123e+02 6.3686297607e+02 6.3681896973e+02 6.3678399658e+02 6.3676702881e+02
6.3952301025e+02 6.3948901367e+02 6.3944500732e+02 6.3940899658e+02 6.3939801025e+02 6.3940600586e+02 6.3940502930e+02 6.3939801025e+02 6.3939001465e+02 6.3938897705e+02 6.3938800049e+02 6.3936700439e+02 6.3933697510e+02 6.3931597900e+02 6.3926702881e+02 6.3918798828e+02 6.3908898926e+02 6.3898498535e+02 6.3884600830e+02 6.3869000244e+02 6.3855700684e+02 6.3847100830e+02 6.3839898682e+02 6.3835198975e+02 6.3833099365e+02 6.3825598145e+02 6.3814099121e+02 6.3801501465e+02 6.3790399170e+02 6.3781500244e+02 6.3773602295e+02 6.3765802002e+02 6.3756799316e+02 6.3751000977e+02 6.3748297119e+02 6.3747900391e+02 6.3749700928e+02 6.3751300049e+02 6.3749798584e+02 6.3745898438e+02 6.3737799072e+02 6.3729400635e+02 6.3724102783e+02 6.3719396973e+02 6.3713702393e+02 6.3710601807e+02
6.3958801270e+02 6.3956799316e+02 6.3953198242e+02 6.3949902344e+02 6.3948602295e+02 6.3949597168e+02 6.3950402832e+02 6.3950701904e+02 6.3950000000e+02 6.3950000000e+02 6.3951501465e+02 6.3951098633e+02 6.3948101807e+02 6.3945697021e+02 6.3941302490e+02 6.3935498047e+02 6.3929699707e+02 6.3923797607e+02 6.3913397217e+02 6.3899298096e+02 6.3885101318e+02 6.3875201416e+02 6.3866400146e+02 6.3859802246e+02 6.3855499268e+02 6.3848199463e+02 6.3837298584e+02 6.3825299072e+02 6.3815002441e+02 6.3807299805e+02 6.3801202393e+02 6.3796002197e+02 6.3789801025e+02 6.3785101318e+02 6.3782897949e+02 6.3782000732e+02 6.3781799316e+02 6.3780902100e+02 6.3778399658e+02 6.3773999023e+02 6.3767102051e+02 6.3760400391e+02 6.3755798340e+02 6.3751501465e+02 6.3745800781e+02 6.3742797852e+02
6.3961602783e+02 6.3961297607e+02 6.3959197998e+02 6.3957202148e+02 6.3956701660e+02 6.3957702637e+02 6.3958697510e+02 6.3959301758e+02 6.3958697510e+02 6.3958898926e+02 6.3961102295e+02 6.3961602783e+02 6.3959399414e+02 6.3957897949e+02 6.3954498291e+02 6.3950598145e+02 6.3947399902e+02 6.3943701172e+02 6.3936102295e+02 6.3924401855e+02 6.3910998535e+02 6.3899298096e+02 6.3889300537e+02 6.3881500244e+02 6.3876000977e+02 6.3869000244e+02 6.3859899902e+02 6.3850097656e+02 6.3840997314e+02 6.3834002686e+02 6.3829498291e+02 6.3826599121e+02 6.3823101807e+02 6.3819500732e+02 6.3817102051e+02 6.3815301514e+02 6.3812799072e+02 6.3809301758e+02 6.3805102539e+02 6.3799902344e+02 6.3793103027e+02 6.3787200928e+02 6.3783197021e+02 6.3779400635e+02 6.3774700928e+02 6.3772399902e+02
6.3963299561e+02 6.3963098145e+02 6.3962402344e+02 6.3962097168e+02 6.3963500977e+02 6.3964801025e+02 6.3965802002e+02 6.3966601563e+02 6.3967401123e+02 6.3967901611e+02 6.3970202637e+02 6.3971301270e+02 6.3969598389e+02 6.3969097900e+02 6.3967102051e+02 6.3964501953e+02 6.3962500000e+02 6.3957897949e+02 6.3951599121e+02 6.3943499756e+02 6.3934100342e+02 6.3921301270e+02 6.3910498047e+02 6.3902301025e+02 6.3896398926e+02 6.3889501953e+02 6.3882397461e+02 6.3875402832e+02 6.3868200684e+02 6.3859997559e+02 6.3856298828e+02 6.3855700684e+02 6.3854498291e+02 6.3851202393e+02 6.3847998047e+02 6.3844598389e+02 6.3841998291e+02 6.3837097168e+02 6.3830200195e+02 6.3822601318e+02 6.3813098145e+02 6.3811102295e+02 6.3808300781e+02 6.3805401611e+02 6.3802301025e+02 6.3800000000e+02
6.3962597656e+02 6.3962701416e+02 6.3964599609e+02 6.3966400146e+02 6.3967999268e+02 6.3969702148e+02 6.3971002197e+02 6.3972302246e+02 6.3972998047e+02 6.3972900391e+02 6.3975201416e+02 6.3977502441e+02 6.3977197266e+02 6.3978399658e+02 6.3977398682e+02 6.3974700928e+02 6.3971398926e+02 6.3966601563e+02 6.3961602783e+02 6.3957202148e+02 6.3952197266e+02 6.3942297363e+02 6.3932598877e+02 6.3924298096e+02 6.3917401123e+02 6.3910400391e+02 6.3902697754e+02 6.3895098877e+02 6.3887402344e+02 6.3878399658e+02 6.3876098633e+02 6.3878302002e+02 6.3878900146e+02 6.3875500488e+02 6.3871600342e+02 6.3868499756e+02 6.3866302490e+02 6.3862597656e+02 6.3855798340e+02 6.3847802734e+02 6.3840502930e+02 6.3837298584e+02 6.3834698486e+02 6.3831701660e+02 6.3827899170e+02 6.3824401855e+02
6.3961499023e+02 6.3963098145e+02 6.3966101074e+02 6.3969000244e+02 6.3971002197e+02 6.3973101807e+02 6.3975000000e+02 6.3976501465e+02 6.3976800537e+02 6.3977197266e+02 6.3979400635e+02 6.3981597900e+02 6.3982397461e+02 6.3984399414e+02 6.3983697510e+02 6.3980902100e+02 6.3977697754e+02 6.3974298096e+02 6.3970898438e+02 6.3968499756e+02 6.3966302490e+02 6.3959100342e+02 6.3951300049e+02 6.3943902588e+02 6.3936499023e+02 6.3928900146e+02 6.3920300293e+02 6.3911602783e+02 6.3902801514e+02 6.3894500732e+02 6.3893701172e+02 6.3897399902e+02 6.3898797607e+02 6.3894396973e+02 6.3890802002e+02 6.3889300537e+02 6.3888897705e+02 6.3886102295e+02 6.3880297852e+02 6.3873101807e+02 6.3866302490e+02 6.3862597656e+02 6.3859301758e+02 6.3855798340e+02 6.3851202393e+02 6.3845800781e+02
6.3960699463e+02 6.3962902832e+02 6.3965997314e+02 6.3969201660e+02 6.3971697998e+02 6.3974798584e+02 6.3978002930e+02 6.3979901123e+02 6.3979199219e+02 6.3980297852e+02 6.3982702637e+02 6.3984997559e+02 6.3986102295e+02 6.3987799072e+02 6.3986901855e+02 6.3984497070e+02 6.3982501221e+02 6.3981402588e+02 6.3979498291e+02 6.3977899170e+02 6.3976098633e+02 6.3970800781e+02 6.3965002441e+02 6.3959002686e+02 6.3952099609e+02 6.3944097900e+02 6.3935198975e+02 6.3925799561e+02 6.3916699219e+02 6.3909899902e+02 6.3909899902e+02 6.3913201904e+02 6.3913702393e+02 6.3908502197e+02 6.3905603027e+02 6.3905999756e+02 6.3908197021e+02 6.3906402588e+02 6.3901599121e+02 6.3894897461e+02 6.3888397217e+02 6.3884399414e+02 6.3880603027e+02 6.3876501465e+02 6.3871398926e+02 6.3864599609e+02
6.3960998535e+02 6.3962799072e+02 6.3965698242e+02 6.3968402100e+02 6.3971697998e+02 6.3974798584e+02 6.3979101563e+02 6.3982000732e+02 6.3982000732e+02 6.3980700684e+02 6.3983599854e+02 6.3987500000e+02 6.3989099121e+02 6.3989501953e+02 6.3988598633e+02 6.3987597656e+02 6.3986798096e+02 6.3987902832e+02 6.3987701416e+02 6.3985400391e+02 6.3983099365e+02 6.3978399658e+02 6.3973999023e+02 6.3969396973e+02 6.3964001465e+02 6.3957397461e+02 6.3948400879e+02 6.3939001465e+02 6.3931298828e+02 6.3924597168e+02 6.3923999023e+02 6.3926202393e+02 6.3924902344e+02 6.3919396973e+02 6.3917102051e+02 6.3919000244e+02 6.3924597168e+02 6.3923602295e+02 6.3918798828e+02 6.3911700439e+02 6.3904602051e+02 6.3901702881e+02 6.3897900391e+02 6.3893597412e+02 6.3888000488e+02 6.3881799316e+02
6.3960998535e+02 6.3964001465e+02 6.3965698242e+02 6.3966601563e+02 6.3971099854e+02 6.3973602295e+02 6.3975299072e+02 6.3978100586e+02 6.3981298828e+02 6.3981402588e+02 6.3983502197e+02 6.3987402344e+02 6.3989697266e+02 6.3991302490e+02 6.3990899658e+02 6.3990399170e+02 6.3990502930e+02 6.3991601563e+02 6.3990600586e+02 6.3987097168e+02 6.3986901855e+02 6.3983697510e+02 6.3980603027e+02 6.3977697754e+02 6.3974200439e+02 6.3970501709e+02 6.3962701416e+02 6.3954199219e+02 6.3947198486e+02 6.3938897705e+02 6.3936199951e+02 6.3937402344e+02 6.3935998535e+02 6.3931402588e+02 6.3928802490e+02 6.3929302979e+02 6.3933599854e+02 6.3936297607e+02 6.3933801270e+02 6.3927801514e+02 6.3920898438e+02 6.3917102051e+02 6.3913201904e+02 6.3908300781e+02 6.3902697754e+02 6.3897698975e+02
6.3960101318e+02 6.3964300537e+02 6.3966400146e+02 6.3966601563e+02 6.3969702148e+02 6.3971997070e+02 6.3973602295e+02 6.3976000977e+02 6.3978900146e+02 6.3980499268e+02 6.3982501221e+02 6.3985699463e+02 6.3988598633e+02 6.3991699219e+02 6.3993200684e+02 6.3991998291e+02 6.3992199707e+02 6.3992901611e+02 6.3990698242e+02 6.3987902832e+02 6.3989202881e+02 6.3986999512e+02 6.3985797119e+02 6.3984802246e+02 6.3981896973e+02 6.3979699707e+02 6.3974401855e+02 6.3968298340e+02 6.3963500977e+02 6.3956097412e+02 6.3951397705e+02 6.3950000000e+02 6.3947601318e+02 6.3943798828e+02 6.3940899658e+02 6.3940197754e+02 6.3942401123e+02 6.3945898438e+02 6.3945501709e+02 6.3941400146e+02 6.3935699463e+02 6.3931597900e+02 6.3927301025e+02 6.3922399902e+02 6.3917102051e+02 6.3913000488e+02
6.3958697510e+02 6.3963397217e+02 6.3965899658e+02 6.3966101074e+02 6.3968597412e+02 6.3971398926e+02 6.3973797607e+02 6.3975299072e+02 6.3976098633e+02 6.3978497314e+02 6.3980700684e+02 6.3983398438e+02 6.3986499023e+02 6.3989801025e+02 6.3992199707e+02 6.3992199707e+02 6.3992901611e+02 6.3991900635e+02 6.3990100098e+02 6.3989300537e+02 6.3990600586e+02 6.3988098145e+02 6.3988098145e+02 6.3988500977e+02 6.3986297607e+02 6.3984802246e+02 6.3981799316e+02 6.3978302002e+02 6.3975097656e+02 6.3969799805e+02 6.3966198730e+02 6.3964599609e+02 6.3961102295e+02 6.3956701660e+02 6.3953100586e+02 6.3951098633e+02 6.3951702881e+02 6.3954797363e+02 6.3955297852e+02 6.3952899170e+02 6.3948999023e+02 6.3944897461e+02 6.3940399170e+02 6.3935699463e+02 6.3931298828e+02 6.3928100586e+02
