TESTSERVER/16/11.asc
NCOLS 100
NROWS 100
XLLCORNER 8.2997500000e+03
YLLCORNER 2.8940025000e+05
CELLSIZE 5.0000000000e-01
NODATA_VALUE -9.9990000000e+03
[rows 40 to 59 of 100, columns 46 to 91 of 100]
6.2652197266e+02 6.2652398682e+02 6.2653198242e+02 6.2654498291e+02 6.2654101563e+02 6.2661700439e+02 6.2667901611e+02 6.2668200684e+02 6.2660498047e+02 6.2646099854e+02 6.2645300293e+02 6.2654400635e+02 6.2660900879e+02 6.2667901611e+02 6.2690802002e+02 6.2721801758e+02 6.2752301025e+02 6.2759698486e+02 6.2761602783e+02 6.2758300781e+02 6.2757702637e+02 6.2758001709e+02 6.2760302734e+02 6.2764099121e+02 6.2769598389e+02 6.2774597168e+02 6.2778698730e+02 6.2783599854e+02 6.2792102051e+02 6.2798797607e+02 6.2806201172e+02 6.2810498047e+02 6.2813800049e+02 6.2815301514e+02 6.2818200684e+02 6.2820397949e+02 6.2817297363e+02 6.2816699219e+02 6.2823297119e+02 6.2831500244e+02 6.2840899658e+02 6.2844396973e+02 6.2828997803e+02 6.2808197021e+02 6.2798797607e+02 6.2790502930e+02
6.2653399658e+02 6.2658898926e+02 6.2664202881e+02 6.2666699219e+02 6.2664001465e+02 6.2668701172e+02 6.2672998047e+02 6.2673400879e+02 6.2669000244e+02 6.2660498047e+02 6.2657299805e+02 6.2660900879e+02 6.2662701416e+02 6.2661499023e+02 6.2669500732e+02 6.2694201660e+02 6.2733898926e+02 6.2762097168e+02 6.2773901367e+02 6.2777600098e+02 6.2778100586e+02 6.2777502441e+02 6.2777197266e+02 6.2780200195e+02 6.2786297607e+02 6.2793200684e+02 6.2798297119e+02 6.2802099609e+02 6.2808197021e+02 6.2815399170e+02 6.2820599365e+02 6.2822198486e+02 6.2826800537e+02 6.2827197266e+02 6.2825097656e+02 6.2820800781e+02 6.2813598633e+02 6.2820800781e+02 6.2833300781e+02 6.2836999512e+02 6.2836999512e+02 6.2829199219e+02 6.2810302734e+02 6.2796502686e+02 6.2793103027e+02 6.2792102051e+02
6.2659802246e+02 6.2666802979e+02 6.2672698975e+02 6.2675799561e+02 6.2673199463e+02 6.2675201416e+02 6.2678497314e+02 6.2679302979e+02 6.2674597168e+02 6.2671301270e+02 6.2671502686e+02 6.2671600342e+02 6.2671197510e+02 6.2668103027e+02 6.2666198730e+02 6.2678399658e+02 6.2709997559e+02 6.2752301025e+02 6.2777001953e+02 6.2786999512e+02 6.2790100098e+02 6.2792700195e+02 6.2795300293e+02 6.2797998047e+02 6.2803198242e+02 6.2811102295e+02 6.2812402344e+02 6.2809002686e+02 6.2810699463e+02 6.2817901611e+02 6.2826000977e+02 6.2828100586e+02 6.2830798340e+02 6.2828900146e+02 6.2822601318e+02 6.2818902588e+02 6.2820300293e+02 6.2836297607e+02 6.2846697998e+02 6.2840802002e+02 6.2829302979e+02 6.2806201172e+02 6.2783197021e+02 6.2777697754e+02 6.2789898682e+02 6.2805401611e+02
6.2677801514e+02 6.2682098389e+02 6.2685498047e+02 6.2686499023e+02 6.2683001709e+02 6.2682299805e+02 6.2684002686e+02 6.2684899902e+02 6.2682202148e+02 6.2680999756e+02 6.2683599854e+02 6.2683502197e+02 6.2683001709e+02 6.2677899170e+02 6.2669799805e+02 6.2671600342e+02 6.2689398193e+02 6.2732397461e+02 6.2763500977e+02 6.2776898193e+02 6.2784497070e+02 6.2797698975e+02 6.2807299805e+02 6.2809197998e+02 6.2810498047e+02 6.2815100098e+02 6.2810400391e+02 6.2802301025e+02 6.2804602051e+02 6.2813500977e+02 6.2824798584e+02 6.2825500488e+02 6.2820697021e+02 6.2818499756e+02 6.2815502930e+02 6.2816601563e+02 6.2826702881e+02 6.2841802979e+02 6.2847497559e+02 6.2834197998e+02 6.2809899902e+02 6.2778497314e+02 6.2759399414e+02 6.2765698242e+02 6.2798400879e+02 6.2827099609e+02
6.2714599609e+02 6.2708898926e+02 6.2705401611e+02 6.2701397705e+02 6.2694299316e+02 6.2689599609e+02 6.2689001465e+02 6.2690002441e+02 6.2690502930e+02 6.2688201904e+02 6.2690997314e+02 6.2694799805e+02 6.2697497559e+02 6.2686798096e+02 6.2673602295e+02 6.2671301270e+02 6.2683697510e+02 6.2711999512e+02 6.2741302490e+02 6.2756298828e+02 6.2766198730e+02 6.2788397217e+02 6.2802398682e+02 6.2805297852e+02 6.2808502197e+02 6.2812402344e+02 6.2808300781e+02 6.2804498291e+02 6.2806597900e+02 6.2810400391e+02 6.2818200684e+02 6.2816497803e+02 6.2808398438e+02 6.2810498047e+02 6.2813598633e+02 6.2816497803e+02 6.2821502686e+02 6.2829901123e+02 6.2831298828e+02 6.2814300537e+02 6.2781402588e+02 6.2759600830e+02 6.2767297363e+02 6.2792700195e+02 6.2817901611e+02 6.2838897705e+02
6.2747497559e+02 6.2739398193e+02 6.2730603027e+02 6.2721997070e+02 6.2709997559e+02 6.2698901367e+02 6.2694097900e+02 6.2692297363e+02 6.2692297363e+02 6.2690997314e+02 6.2695501709e+02 6.2704101563e+02 6.2712097168e+02 6.2704101563e+02 6.2682897949e+02 6.2671002197e+02 6.2679797363e+02 6.2697900391e+02 6.2723999023e+02 6.2739300537e+02 6.2744897461e+02 6.2761798096e+02 6.2777301025e+02 6.2788000488e+02 6.2796697998e+02 6.2801501465e+02 6.2802398682e+02 6.2804400635e+02 6.2806896973e+02 6.2809497070e+02 6.2812298584e+02 6.2810400391e+02 6.2806500244e+02 6.2809399414e+02 6.2812200928e+02 6.2814202881e+02 6.2814099121e+02 6.2813098145e+02 6.2803601074e+02 6.2783801270e+02 6.2760400391e+02 6.2760400391e+02 6.2793701172e+02 6.2822399902e+02 6.2825897217e+02 6.2836901855e+02
6.2779400635e+02 6.2767401123e+02 6.2755499268e+02 6.2743597412e+02 6.2728198242e+02 6.2712597656e+02 6.2703100586e+02 6.2697198486e+02 6.2695098877e+02 6.2695697021e+02 6.2699700928e+02 6.2708599854e+02 6.2722302246e+02 6.2723699951e+02 6.2699298096e+02 6.2676501465e+02 6.2679699707e+02 6.2690802002e+02 6.2709802246e+02 6.2726702881e+02 6.2734399414e+02 6.2744097900e+02 6.2755499268e+02 6.2768902588e+02 6.2782897949e+02 6.2789501953e+02 6.2793200684e+02 6.2796600342e+02 6.2799902344e+02 6.2801397705e+02 6.2802398682e+02 6.2802899170e+02 6.2803698730e+02 6.2805999756e+02 6.2810302734e+02 6.2813098145e+02 6.2803198242e+02 6.2786199951e+02 6.2770300293e+02 6.2756597900e+02 6.2751898193e+02 6.2779498291e+02 6.2823901367e+02 6.2844396973e+02 6.2834802246e+02 6.2838897705e+02
6.2810302734e+02 6.2795898438e+02 6.2781597900e+02 6.2766900635e+02 6.2749499512e+02 6.2730200195e+02 6.2715997314e+02 6.2705700684e+02 6.2700299072e+02 6.2701300049e+02 6.2705499268e+02 6.2714697266e+02 6.2729302979e+02 6.2736798096e+02 6.2713702393e+02 6.2685797119e+02 6.2683502197e+02 6.2689501953e+02 6.2698498535e+02 6.2715100098e+02 6.2731402588e+02 6.2740100098e+02 6.2746099854e+02 6.2757501221e+02 6.2771197510e+02 6.2777801514e+02 6.2780603027e+02 6.2780999756e+02 6.2781097412e+02 6.2784600830e+02 6.2789599609e+02 6.2791601563e+02 6.2790301514e+02 6.2790502930e+02 6.2794897461e+02 6.2797698975e+02 6.2783398438e+02 6.2759100342e+02 6.2745300293e+02 6.2745697021e+02 6.2764099121e+02 6.2808801270e+02 6.2845599365e+02 6.2852197266e+02 6.2840698242e+02 6.2841198730e+02
6.2840698242e+02 6.2824700928e+02 6.2808599854e+02 6.2791699219e+02 6.2775701904e+02 6.2756799316e+02 6.2738500977e+02 6.2721502686e+02 6.2705999756e+02 6.2708697510e+02 6.2713702393e+02 6.2723797607e+02 6.2738800049e+02 6.2739398193e+02 6.2722198486e+02 6.2697198486e+02 6.2683898926e+02 6.2689697266e+02 6.2690899658e+02 6.2701898193e+02 6.2721697998e+02 6.2733197021e+02 6.2739801025e+02 6.2749102783e+02 6.2757202148e+02 6.2759600830e+02 6.2758697510e+02 6.2756500244e+02 6.2753198242e+02 6.2767401123e+02 6.2779797363e+02 6.2776501465e+02 6.2759698486e+02 6.2758502197e+02 6.2759197998e+02 6.2756701660e+02 6.2741497803e+02 6.2738000488e+02 6.2739001465e+02 6.2755798340e+02 6.2788098145e+02 6.2825701904e+02 6.2842498779e+02 6.2840698242e+02 6.2837799072e+02 6.2839099121e+02
6.2870300293e+02 6.2854199219e+02 6.2838000488e+02 6.2821197510e+02 6.2803601074e+02 6.2785302734e+02 6.2765100098e+02 6.2743701172e+02 6.2721301270e+02 6.2719097900e+02 6.2723101807e+02 6.2728698730e+02 6.2735198975e+02 6.2740698242e+02 6.2733898926e+02 6.2712799072e+02 6.2689599609e+02 6.2689898682e+02 6.2693902588e+02 6.2702600098e+02 6.2714099121e+02 6.2720898438e+02 6.2723797607e+02 6.2728002930e+02 6.2731298828e+02 6.2732800293e+02 6.2732800293e+02 6.2734899902e+02 6.2735302734e+02 6.2743402100e+02 6.2753002930e+02 6.2748699951e+02 6.2734100342e+02 6.2732501221e+02 6.2736700439e+02 6.2738098145e+02 6.2738500977e+02 6.2746600342e+02 6.2761297607e+02 6.2783300781e+02 6.2812402344e+02 6.2832800293e+02 6.2836102295e+02 6.2833697510e+02 6.2834698486e+02 6.2836199951e+02
6.2899902344e+02 6.2884002686e+02 6.2868200684e+02 6.2851599121e+02 6.2832702637e+02 6.2811499023e+02 6.2789697266e+02 6.2766601563e+02 6.2740100098e+02 6.2725701904e+02 6.2724102783e+02 6.2726397705e+02 6.2730700684e+02 6.2738897705e+02 6.2741101074e+02 6.2730499268e+02 6.2712298584e+02 6.2703997803e+02 6.2701098633e+02 6.2705200195e+02 6.2709301758e+02 6.2711297607e+02 6.2711798096e+02 6.2712298584e+02 6.2714300537e+02 6.2715502930e+02 6.2715802002e+02 6.2720800781e+02 6.2724298096e+02 6.2724401855e+02 6.2729498291e+02 6.2729101563e+02 6.2727899170e+02 6.2733599854e+02 6.2742498779e+02 6.2749700928e+02 6.2758300781e+02 6.2774298096e+02 6.2792199707e+02 6.2811297607e+02 6.2829699707e+02 6.2835601807e+02 6.2834002686e+02 6.2832098389e+02 6.2834100342e+02 6.2833801270e+02
6.2929302979e+02 6.2913800049e+02 6.2898498535e+02 6.2882299805e+02 6.2862799072e+02 6.2840502930e+02 6.2817797852e+02 6.2793798828e+02 6.2765802002e+02 6.2744396973e+02 6.2737701416e+02 6.2737902832e+02 6.2740399170e+02 6.2744000244e+02 6.2747399902e+02 6.2744598389e+02 6.2737597656e+02 6.2731597900e+02 6.2722998047e+02 6.2719799805e+02 6.2714697266e+02 6.2710699463e+02 6.2712298584e+02 6.2712402344e+02 6.2715197754e+02 6.2717498779e+02 6.2717901611e+02 6.2722998047e+02 6.2728601074e+02 6.2727600098e+02 6.2731097412e+02 6.2736700439e+02 6.2746801758e+02 6.2757397461e+02 6.2768597412e+02 6.2778698730e+02 6.2790100098e+02 6.2805499268e+02 6.2818902588e+02 6.2828997803e+02 6.2835900879e+02 6.2836401367e+02 6.2834600830e+02 6.2833197021e+02 6.2833099365e+02 6.2830700684e+02
6.2959002686e+02 6.2943902588e+02 6.2928900146e+02 6.2912902832e+02 6.2895898438e+02 6.2872302246e+02 6.2848699951e+02 6.2824102783e+02 6.2795898438e+02 6.2780603027e+02 6.2775598145e+02 6.2775500488e+02 6.2773699951e+02 6.2765301514e+02 6.2758898926e+02 6.2752502441e+02 6.2744299316e+02 6.2743798828e+02 6.2742401123e+02 6.2741601563e+02 6.2738397217e+02 6.2739202881e+02 6.2741699219e+02 6.2741699219e+02 6.2744500732e+02 6.2746099854e+02 6.2748699951e+02 6.2751397705e+02 6.2752197266e+02 6.2754400635e+02 6.2759997559e+02 6.2769897461e+02 6.2783801270e+02 6.2791302490e+02 6.2800201416e+02 6.2808697510e+02 6.2817901611e+02 6.2824700928e+02 6.2828601074e+02 6.2829998779e+02 6.2832098389e+02 6.2834899902e+02 6.2834399414e+02 6.2832897949e+02 6.2831402588e+02 6.2830297852e+02
6.2987701416e+02 6.2973400879e+02 6.2958898926e+02 6.2943597412e+02 6.2927301025e+02 6.2905798340e+02 6.2883001709e+02 6.2859997559e+02 6.2835302734e+02 6.2819097900e+02 6.2815100098e+02 6.2815899658e+02 6.2811297607e+02 6.2795202637e+02 6.2779498291e+02 6.2765802002e+02 6.2753002930e+02 6.2745397949e+02 6.2746997070e+02 6.2752697754e+02 6.2758697510e+02 6.2765197754e+02 6.2772802734e+02 6.2779101563e+02 6.2783801270e+02 6.2779699707e+02 6.2776800537e+02 6.2778198242e+02 6.2778802490e+02 6.2781896973e+02 6.2788098145e+02 6.2796502686e+02 6.2805401611e+02 6.2811798096e+02 6.2816900635e+02 6.2821099854e+02 6.2823901367e+02 6.2825701904e+02 6.2827099609e+02 6.2828497314e+02 6.2830297852e+02 6.2831201172e+02 6.2831500244e+02 6.2831402588e+02 6.2831701660e+02 6.2830700684e+02
6.3015997314e+02 6.3002398682e+02 6.2988702393e+02 6.2974200439e+02 6.2958599854e+02 6.2939697266e+02 6.2919897461e+02 6.2899798584e+02 6.2878399658e+02 6.2863000488e+02 6.2858599854e+02 6.2858398438e+02 6.2850897217e+02 6.2827697754e+02 6.2805499268e+02 6.2786401367e+02 6.2770800781e+02 6.2761999512e+02 6.2763702393e+02 6.2771697998e+02 6.2780499268e+02 6.2787597656e+02 6.2799102783e+02 6.2810498047e+02 6.2817199707e+02 6.2811199951e+02 6.2802899170e+02 6.2797998047e+02 6.2796099854e+02 6.2799102783e+02 6.2803497314e+02 6.2809600830e+02 6.2816101074e+02 6.2820001221e+02 6.2822900391e+02 6.2824798584e+02 6.2825097656e+02 6.2825000000e+02 6.2825097656e+02 6.2826000977e+02 6.2827697754e+02 6.2828198242e+02 6.2828802490e+02 6.2829602051e+02 6.2830700684e+02 6.2829199219e+02
6.3044000244e+02 6.3031298828e+02 6.3018298340e+02 6.3004602051e+02 6.2989801025e+02 6.2973999023e+02 6.2957800293e+02 6.2941302490e+02 6.2923999023e+02 6.2910400391e+02 6.2905102539e+02 6.2902600098e+02 6.2891101074e+02 6.2862500000e+02 6.2836401367e+02 6.2814202881e+02 6.2798199463e+02 6.2791900635e+02 6.2792102051e+02 6.2797802734e+02 6.2805700684e+02 6.2811700439e+02 6.2823699951e+02 6.2836999512e+02 6.2843701172e+02 6.2838800049e+02 6.2828497314e+02 6.2817797852e+02 6.2810498047e+02 6.2810900879e+02 6.2812597656e+02 6.2815802002e+02 6.2820202637e+02 6.2822302246e+02 6.2824200439e+02 6.2825097656e+02 6.2824499512e+02 6.2823602295e+02 6.2822998047e+02 6.2823602295e+02 6.2825701904e+02 6.2826599121e+02 6.2827301025e+02 6.2828198242e+02 6.2828601074e+02 6.2827600098e+02
6.3071899414e+02 6.3059399414e+02 6.3047100830e+02 6.3034497070e+02 6.3021801758e+02 6.3008502197e+02 6.2995800781e+02 6.2982897949e+02 6.2969201660e+02 6.2959301758e+02 6.2951300049e+02 6.2944000244e+02 6.2926202393e+02 6.2894299316e+02 6.2867797852e+02 6.2846398926e+02 6.2830603027e+02 6.2822698975e+02 6.2822399902e+02 6.2827502441e+02 6.2835101318e+02 6.2842102051e+02 6.2851098633e+02 6.2860302734e+02 6.2863500977e+02 6.2858898926e+02 6.2848797607e+02 6.2836499023e+02 6.2825299072e+02 6.2822698975e+02 6.2821801758e+02 6.2822302246e+02 6.2823498535e+02 6.2825500488e+02 6.2827600098e+02 6.2828002930e+02 6.2826300049e+02 6.2824102783e+02 6.2822698975e+02 6.2822497559e+02 6.2823297119e+02 6.2826202393e+02 6.2827197266e+02 6.2827001953e+02 6.2825598145e+02 6.2827099609e+02
6.3099499512e+02 6.3087597656e+02 6.3076000977e+02 6.3064398193e+02 6.3052697754e+02 6.3041302490e+02 6.3030401611e+02 6.3019201660e+02 6.3009002686e+02 6.3001800537e+02 6.2990802002e+02 6.2978802490e+02 6.2959002686e+02 6.2925000000e+02 6.2899798584e+02 6.2880297852e+02 6.2865899658e+02 6.2857397461e+02 6.2857501221e+02 6.2863201904e+02 6.2870001221e+02 6.2876702881e+02 6.2882501221e+02 6.2884301758e+02 6.2880798340e+02 6.2872302246e+02 6.2861999512e+02 6.2850799561e+02 6.2840899658e+02 6.2836798096e+02 6.2833697510e+02 6.2831201172e+02 6.2830401611e+02 6.2834197998e+02 6.2836798096e+02 6.2836199951e+02 6.2831097412e+02 6.2827197266e+02 6.2824902344e+02 6.2824200439e+02 6.2826000977e+02 6.2829199219e+02 6.2831896973e+02 6.2833502197e+02 6.2834399414e+02 6.2833697510e+02
6.3127398682e+02 6.3116601563e+02 6.3105700684e+02 6.3094897461e+02 6.3083300781e+02 6.3071697998e+02 6.3060900879e+02 6.3050097656e+02 6.3039300537e+02 6.3028198242e+02 6.3015698242e+02 6.3003497314e+02 6.2987701416e+02 6.2961798096e+02 6.2939202881e+02 6.2920501709e+02 6.2906500244e+02 6.2898901367e+02 6.2898901367e+02 6.2903100586e+02 6.2905798340e+02 6.2909399414e+02 6.2911499023e+02 6.2908398438e+02 6.2900598145e+02 6.2889398193e+02 6.2878302002e+02 6.2868597412e+02 6.2862097168e+02 6.2857702637e+02 6.2852899170e+02 6.2847698975e+02 6.2843597412e+02 6.2845098877e+02 6.2845098877e+02 6.2842498779e+02 6.2836901855e+02 6.2833697510e+02 6.2832702637e+02 6.2834002686e+02 6.2838000488e+02 6.2842700195e+02 6.2847198486e+02 6.2850897217e+02 6.2853601074e+02 6.2851300049e+02
6.3155499268e+02 6.3145501709e+02 6.3135498047e+02 6.3125402832e+02 6.3114697266e+02 6.3102600098e+02 6.3090698242e+02 6.3078601074e+02 6.3067199707e+02 6.3054602051e+02 6.3042498779e+02 6.3032397461e+02 6.3020697021e+02 6.3001800537e+02 6.2982299805e+02 6.2964202881e+02 6.2948999023e+02 6.2939501953e+02 6.2937402344e+02 6.2939599609e+02 6.2939801025e+02 6.2940600586e+02 6.2939697266e+02 6.2934399414e+02 6.2925201416e+02 6.2913397217e+02 6.2903997803e+02 6.2896997070e+02 6.2891699219e+02 6.2885198975e+02 6.2878497314e+02 6.2871002197e+02 6.2863000488e+02 6.2859899902e+02 6.2857202148e+02 6.2853698730e+02 6.2848999023e+02 6.2847802734e+02 6.2849401855e+02 6.2853497314e+02 6.2859600830e+02 6.2865301514e+02 6.2871099854e+02 6.2876501465e+02 6.2880902100e+02 6.2878100586e+02
