TESTSERVER/16/12.asc
NCOLS 100
NROWS 100
XLLCORNER 8.2997500000e+03
YLLCORNER 2.8935025000e+05
CELLSIZE 5.0000000000e-01
NODATA_VALUE -9.9990000000e+03
[rows 0 to 19 of 100, columns 46 to 91 of 100]
6.3959301758e+02 6.3962500000e+02 6.3964398193e+02 6.3965002441e+02 6.3969000244e+02 6.3971899414e+02 6.3973101807e+02 6.3974298096e+02 6.3976397705e+02 6.3979400635e+02 6.3980499268e+02 6.3981799316e+02 6.3983398438e+02 6.3985797119e+02 6.3987799072e+02 6.3991400146e+02 6.3995397949e+02 6.3991198730e+02 6.3988598633e+02 6.3988702393e+02 6.3990899658e+02 6.3988598633e+02 6.3989099121e+02 6.3990399170e+02 6.3988098145e+02 6.3987097168e+02 6.3986102295e+02 6.3985400391e+02 6.3983300781e+02 6.3978601074e+02 6.3978802490e+02 6.3979400635e+02 6.3974499512e+02 6.3969897461e+02 6.3965399170e+02 6.3961999512e+02 6.3961700439e+02 6.3963201904e+02 6.3963397217e+02 6.3962597656e+02 6.3961602783e+02 6.3958398438e+02 6.3953601074e+02 6.3948797607e+02 6.3945898438e+02 6.3943402100e+02
6.3965899658e+02 6.3967102051e+02 6.3966601563e+02 6.3964398193e+02 6.3966900635e+02 6.3971398926e+02 6.3973901367e+02 6.3974700928e+02 6.3975201416e+02 6.3977801514e+02 6.3977801514e+02 6.3978497314e+02 6.3980102539e+02 6.3982501221e+02 6.3984301758e+02 6.3986901855e+02 6.3990301514e+02 6.3990802002e+02 6.3987902832e+02 6.3986401367e+02 6.3988598633e+02 6.3987597656e+02 6.3991101074e+02 6.3997900391e+02 6.3996697998e+02 6.3991198730e+02 6.3991198730e+02 6.3993200684e+02 6.3990997314e+02 6.3988000488e+02 6.3989001465e+02 6.3989697266e+02 6.3986602783e+02 6.3983398438e+02 6.3979699707e+02 6.3975897217e+02 6.3973699951e+02 6.3972399902e+02 6.3971801758e+02 6.3971997070e+02 6.3972698975e+02 6.3970898438e+02 6.3966400146e+02 6.3961999512e+02 6.3959301758e+02 6.3957299805e+02
6.3970001221e+02 6.3972198486e+02 6.3971801758e+02 6.3967901611e+02 6.3966900635e+02 6.3970397949e+02 6.3974401855e+02 6.3975701904e+02 6.3974401855e+02 6.3976202393e+02 6.3976501465e+02 6.3976599121e+02 6.3978100586e+02 6.3980401611e+02 6.3983801270e+02 6.3985101318e+02 6.3984197998e+02 6.3988098145e+02 6.3988000488e+02 6.3986798096e+02 6.3988000488e+02 6.3986602783e+02 6.3991497803e+02 6.4001599121e+02 6.4001702881e+02 6.3995202637e+02 6.3995300293e+02 6.3997601318e+02 6.3997100830e+02 6.3996600342e+02 6.3997900391e+02 6.3998297119e+02 6.3996600342e+02 6.3995202637e+02 6.3992297363e+02 6.3988598633e+02 6.3984997559e+02 6.3982098389e+02 6.3981097412e+02 6.3981500244e+02 6.3982202148e+02 6.3980798340e+02 6.3977502441e+02 6.3973797607e+02 6.3971099854e+02 6.3969000244e+02
6.3964697266e+02 6.3968298340e+02 6.3970397949e+02 6.3967901611e+02 6.3964898682e+02 6.3965600586e+02 6.3970599365e+02 6.3974200439e+02 6.3973602295e+02 6.3975201416e+02 6.3976800537e+02 6.3976800537e+02 6.3977600098e+02 6.3978698730e+02 6.3981500244e+02 6.3982598877e+02 6.3981201172e+02 6.3983502197e+02 6.3984497070e+02 6.3985601807e+02 6.3987500000e+02 6.3985699463e+02 6.3988702393e+02 6.3996697998e+02 6.3997998047e+02 6.3995800781e+02 6.3998901367e+02 6.4002697754e+02 6.4004199219e+02 6.4004797363e+02 6.4005902100e+02 6.4005700684e+02 6.4003997803e+02 6.4003302002e+02 6.4001098633e+02 6.3997698975e+02 6.3993701172e+02 6.3990197754e+02 6.3989001465e+02 6.3989599609e+02 6.3989801025e+02 6.3988897705e+02 6.3987200928e+02 6.3984497070e+02 6.3981500244e+02 6.3979101563e+02
6.3956402588e+02 6.3960400391e+02 6.3963897705e+02 6.3963098145e+02 6.3958099365e+02 6.3957897949e+02 6.3963201904e+02 6.3969000244e+02 6.3971301270e+02 6.3973400879e+02 6.3977001953e+02 6.3978100586e+02 6.3978399658e+02 6.3978802490e+02 6.3978997803e+02 6.3979199219e+02 6.3979400635e+02 6.3979998779e+02 6.3980102539e+02 6.3982000732e+02 6.3985302734e+02 6.3986199951e+02 6.3988299561e+02 6.3992102051e+02 6.3995501709e+02 6.3998699951e+02 6.4004901123e+02 6.4009497070e+02 6.4011297607e+02 6.4011602783e+02 6.4012097168e+02 6.4011401367e+02 6.4008801270e+02 6.4007702637e+02 6.4005603027e+02 6.4002697754e+02 6.3999499512e+02 6.3995898438e+02 6.3994598389e+02 6.3995098877e+02 6.3995501709e+02 6.3995697021e+02 6.3995800781e+02 6.3994299316e+02 6.3990899658e+02 6.3988800049e+02
6.3943298340e+02 6.3950299072e+02 6.3953698730e+02 6.3952801514e+02 6.3949798584e+02 6.3951599121e+02 6.3957000732e+02 6.3964001465e+02 6.3968701172e+02 6.3971899414e+02 6.3975897217e+02 6.3978198242e+02 6.3979101563e+02 6.3979199219e+02 6.3978601074e+02 6.3978100586e+02 6.3978399658e+02 6.3976800537e+02 6.3977600098e+02 6.3979199219e+02 6.3982098389e+02 6.3984600830e+02 6.3988299561e+02 6.3991802979e+02 6.3996697998e+02 6.4005603027e+02 6.4012097168e+02 6.4014697266e+02 6.4015802002e+02 6.4016900635e+02 6.4016998291e+02 6.4015600586e+02 6.4012701416e+02 6.4011700439e+02 6.4009100342e+02 6.4005902100e+02 6.4003198242e+02 6.3999902344e+02 6.3998498535e+02 6.3998999023e+02 6.4000000000e+02 6.4001000977e+02 6.4002301025e+02 6.4001599121e+02 6.3999499512e+02 6.3997698975e+02
6.3923199463e+02 6.3931500244e+02 6.3935900879e+02 6.3937500000e+02 6.3938397217e+02 6.3941699219e+02 6.3948797607e+02 6.3958099365e+02 6.3966400146e+02 6.3970300293e+02 6.3974499512e+02 6.3976800537e+02 6.3978601074e+02 6.3978802490e+02 6.3977801514e+02 6.3976202393e+02 6.3976098633e+02 6.3974798584e+02 6.3976202393e+02 6.3977600098e+02 6.3980200195e+02 6.3983300781e+02 6.3987500000e+02 6.3991998291e+02 6.3997698975e+02 6.4007501221e+02 6.4013397217e+02 6.4015698242e+02 6.4017700195e+02 6.4019598389e+02 6.4020300293e+02 6.4019201660e+02 6.4016198730e+02 6.4014801025e+02 6.4012097168e+02 6.4009100342e+02 6.4006799316e+02 6.4003802490e+02 6.4002398682e+02 6.4003002930e+02 6.4004101563e+02 6.4005297852e+02 6.4006896973e+02 6.4007000732e+02 6.4006201172e+02 6.4004901123e+02
6.3904901123e+02 6.3914099121e+02 6.3920300293e+02 6.3925097656e+02 6.3928601074e+02 6.3932501221e+02 6.3940802002e+02 6.3953601074e+02 6.3967401123e+02 6.3973101807e+02 6.3977502441e+02 6.3978100586e+02 6.3976098633e+02 6.3976599121e+02 6.3977099609e+02 6.3975201416e+02 6.3974499512e+02 6.3974200439e+02 6.3976202393e+02 6.3977502441e+02 6.3979498291e+02 6.3982000732e+02 6.3986499023e+02 6.3992199707e+02 6.3998297119e+02 6.4006298828e+02 6.4011499023e+02 6.4014501953e+02 6.4017602539e+02 6.4020001221e+02 6.4021801758e+02 6.4021899414e+02 6.4019097900e+02 6.4017199707e+02 6.4015002441e+02 6.4012701416e+02 6.4010900879e+02 6.4008197021e+02 6.4006896973e+02 6.4007202148e+02 6.4008001709e+02 6.4009197998e+02 6.4011102295e+02 6.4011602783e+02 6.4011102295e+02 6.4010302734e+02
6.3891302490e+02 6.3900097656e+02 6.3908801270e+02 6.3917401123e+02 6.3923901367e+02 6.3926501465e+02 6.3933898926e+02 6.3948999023e+02 6.3970300293e+02 6.3977801514e+02 6.3979797363e+02 6.3976098633e+02 6.3972302246e+02 6.3974401855e+02 6.3976702881e+02 6.3975402832e+02 6.3974499512e+02 6.3973199463e+02 6.3974401855e+02 6.3974902344e+02 6.3978802490e+02 6.3980902100e+02 6.3984497070e+02 6.3990997314e+02 6.3996600342e+02 6.4003100586e+02 6.4008697510e+02 6.4013098145e+02 6.4016998291e+02 6.4020300293e+02 6.4022601318e+02 6.4023400879e+02 6.4020001221e+02 6.4018798828e+02 6.4017797852e+02 6.4016400146e+02 6.4014300537e+02 6.4012799072e+02 6.4011798096e+02 6.4012097168e+02 6.4013897705e+02 6.4014501953e+02 6.4016601563e+02 6.4017401123e+02 6.4017498779e+02 6.4016802979e+02
6.3872998047e+02 6.3880200195e+02 6.3890997314e+02 6.3903997803e+02 6.3914300537e+02 6.3918798828e+02 6.3926000977e+02 6.3940802002e+02 6.3963098145e+02 6.3976000977e+02 6.3975299072e+02 6.3968103027e+02 6.3967401123e+02 6.3973400879e+02 6.3978900146e+02 6.3978399658e+02 6.3976800537e+02 6.3974102783e+02 6.3975097656e+02 6.3975897217e+02 6.3979699707e+02 6.3981896973e+02 6.3985601807e+02 6.3990997314e+02 6.3996398926e+02 6.4002001953e+02 6.4007299805e+02 6.4011499023e+02 6.4016198730e+02 6.4019897461e+02 6.4021600342e+02 6.4022601318e+02 6.4020300293e+02 6.4020300293e+02 6.4020599365e+02 6.4019097900e+02 6.4016802979e+02 6.4015399170e+02 6.4015301514e+02 6.4016400146e+02 6.4018499756e+02 6.4020599365e+02 6.4022100830e+02 6.4022302246e+02 6.4023199463e+02 6.4022601318e+02
6.3858599854e+02 6.3864599609e+02 6.3874499512e+02 6.3887799072e+02 6.3900500488e+02 6.3909100342e+02 6.3917297363e+02 6.3929101563e+02 6.3946600342e+02 6.3960900879e+02 6.3960900879e+02 6.3954901123e+02 6.3957299805e+02 6.3966998291e+02 6.3975097656e+02 6.3976599121e+02 6.3976397705e+02 6.3975201416e+02 6.3977600098e+02 6.3978601074e+02 6.3981298828e+02 6.3983599854e+02 6.3987500000e+02 6.3992401123e+02 6.3997601318e+02 6.4003802490e+02 6.4008801270e+02 6.4012298584e+02 6.4016497803e+02 6.4019702148e+02 6.4020697021e+02 6.4021697998e+02 6.4020800781e+02 6.4021899414e+02 6.4022802734e+02 6.4021801758e+02 6.4020300293e+02 6.4019799805e+02 6.4021099854e+02 6.4022698975e+02 6.4024200439e+02 6.4026599121e+02 6.4027099609e+02 6.4027001953e+02 6.4028497314e+02 6.4028997803e+02
6.3849298096e+02 6.3855200195e+02 6.3863098145e+02 6.3873498535e+02 6.3885400391e+02 6.3896301270e+02 6.3905200195e+02 6.3915600586e+02 6.3928698730e+02 6.3939801025e+02 6.3940802002e+02 6.3938702393e+02 6.3943902588e+02 6.3955603027e+02 6.3966497803e+02 6.3971600342e+02 6.3974102783e+02 6.3976300049e+02 6.3980603027e+02 6.3981799316e+02 6.3983398438e+02 6.3985101318e+02 6.3987902832e+02 6.3992102051e+02 6.3998297119e+02 6.4004901123e+02 6.4009802246e+02 6.4012902832e+02 6.4015802002e+02 6.4018200684e+02 6.4018902588e+02 6.4020397949e+02 6.4020898438e+02 6.4022100830e+02 6.4023602295e+02 6.4023199463e+02 6.4022698975e+02 6.4024298096e+02 6.4026702881e+02 6.4028698730e+02 6.4029699707e+02 6.4031597900e+02 6.4032202148e+02 6.4032202148e+02 6.4033898926e+02 6.4034899902e+02
6.3841601563e+02 6.3849200439e+02 6.3856500244e+02 6.3864697266e+02 6.3873101807e+02 6.3881896973e+02 6.3891998291e+02 6.3905401611e+02 6.3917199707e+02 6.3917999268e+02 6.3920098877e+02 6.3923101807e+02 6.3930102539e+02 6.3941400146e+02 6.3955999756e+02 6.3965997314e+02 6.3968902588e+02 6.3975097656e+02 6.3981402588e+02 6.3984802246e+02 6.3987597656e+02 6.3988598633e+02 6.3991497803e+02 6.3994702148e+02 6.3998297119e+02 6.4002099609e+02 6.4006799316e+02 6.4010498047e+02 6.4012500000e+02 6.4014099121e+02 6.4015698242e+02 6.4018499756e+02 6.4021398926e+02 6.4022100830e+02 6.4024102783e+02 6.4024298096e+02 6.4024102783e+02 6.4025897217e+02 6.4028302002e+02 6.4030999756e+02 6.4032501221e+02 6.4033398438e+02 6.4035302734e+02 6.4036602783e+02 6.4038897705e+02 6.4039898682e+02
6.3836199951e+02 6.3844702148e+02 6.3851397705e+02 6.3857800293e+02 6.3861700439e+02 6.3866900635e+02 6.3873297119e+02 6.3878601074e+02 6.3888098145e+02 6.3896801758e+02 6.3901800537e+02 6.3906097412e+02 6.3913201904e+02 6.3925201416e+02 6.3953997803e+02 6.3973297119e+02 6.3968402100e+02 6.3971002197e+02 6.3976702881e+02 6.3982897949e+02 6.3987097168e+02 6.3991601563e+02 6.3994097900e+02 6.3994598389e+02 6.3995800781e+02 6.3997998047e+02 6.4001800537e+02 6.4003900146e+02 6.4004797363e+02 6.4007202148e+02 6.4010699463e+02 6.4015002441e+02 6.4018200684e+02 6.4020800781e+02 6.4022698975e+02 6.4024200439e+02 6.4026300049e+02 6.4026800537e+02 6.4027697754e+02 6.4030798340e+02 6.4033502197e+02 6.4035797119e+02 6.4037097168e+02 6.4037902832e+02 6.4042498779e+02 6.4044000244e+02
6.3828802490e+02 6.3836102295e+02 6.3842199707e+02 6.3846997070e+02 6.3847100830e+02 6.3847802734e+02 6.3851898193e+02 6.3855499268e+02 6.3864599609e+02 6.3878698730e+02 6.3887097168e+02 6.3891601563e+02 6.3898101807e+02 6.3911700439e+02 6.3946301270e+02 6.3966802979e+02 6.3957897949e+02 6.3962500000e+02 6.3969097900e+02 6.3976397705e+02 6.3982598877e+02 6.3987298584e+02 6.3990002441e+02 6.3990899658e+02 6.3991699219e+02 6.3992700195e+02 6.3995300293e+02 6.3996099854e+02 6.3996301270e+02 6.3998901367e+02 6.4003399658e+02 6.4009497070e+02 6.4013098145e+02 6.4016802979e+02 6.4019702148e+02 6.4022998047e+02 6.4026800537e+02 6.4027600098e+02 6.4028698730e+02 6.4032299805e+02 6.4035302734e+02 6.4038500977e+02 6.4039099121e+02 6.4039398193e+02 6.4044097900e+02 6.4046197510e+02
6.3816101074e+02 6.3821398926e+02 6.3828100586e+02 6.3834002686e+02 6.3832397461e+02 6.3830200195e+02 6.3834002686e+02 6.3839599609e+02 6.3849597168e+02 6.3862597656e+02 6.3871899414e+02 6.3877801514e+02 6.3885101318e+02 6.3894299316e+02 6.3914801025e+02 6.3929302979e+02 6.3936102295e+02 6.3953601074e+02 6.3962200928e+02 6.3965997314e+02 6.3972399902e+02 6.3976800537e+02 6.3981201172e+02 6.3984698486e+02 6.3985198975e+02 6.3984100342e+02 6.3985400391e+02 6.3985900879e+02 6.3987799072e+02 6.3990802002e+02 6.3994702148e+02 6.4001599121e+02 6.4006799316e+02 6.4011700439e+02 6.4015802002e+02 6.4019799805e+02 6.4023101807e+02 6.4026202393e+02 6.4028399658e+02 6.4032098389e+02 6.4034399414e+02 6.4037597656e+02 6.4039300537e+02 6.4040197754e+02 6.4044201660e+02 6.4047198486e+02
6.3798901367e+02 6.3804199219e+02 6.3811199951e+02 6.3818402100e+02 6.3817901611e+02 6.3816601563e+02 6.3821002197e+02 6.3827502441e+02 6.3837597656e+02 6.3849200439e+02 6.3859802246e+02 6.3867999268e+02 6.3873297119e+02 6.3882000732e+02 6.3894500732e+02 6.3908898926e+02 6.3927398682e+02 6.3951098633e+02 6.3958099365e+02 6.3955297852e+02 6.3958898926e+02 6.3963500977e+02 6.3968798828e+02 6.3973297119e+02 6.3973400879e+02 6.3973101807e+02 6.3974499512e+02 6.3974597168e+02 6.3977301025e+02 6.3981896973e+02 6.3984600830e+02 6.3990698242e+02 6.3997998047e+02 6.4003698730e+02 6.4008398438e+02 6.4012298584e+02 6.4016198730e+02 6.4021502686e+02 6.4025097656e+02 6.4027801514e+02 6.4030603027e+02 6.4034301758e+02 6.4037500000e+02 6.4039898682e+02 6.4045098877e+02 6.4047998047e+02
6.3773699951e+02 6.3783697510e+02 6.3791601563e+02 6.3798901367e+02 6.3803900146e+02 6.3808801270e+02 6.3813598633e+02 6.3818200684e+02 6.3826397705e+02 6.3837402344e+02 6.3848699951e+02 6.3858502197e+02 6.3863500977e+02 6.3872302246e+02 6.3886700439e+02 6.3904797363e+02 6.3924798584e+02 6.3951000977e+02 6.3957299805e+02 6.3948297119e+02 6.3947900391e+02 6.3951702881e+02 6.3953997803e+02 6.3956799316e+02 6.3957598877e+02 6.3958599854e+02 6.3961901855e+02 6.3962402344e+02 6.3965997314e+02 6.3971197510e+02 6.3974798584e+02 6.3980499268e+02 6.3986602783e+02 6.3993103027e+02 6.3998400879e+02 6.4001702881e+02 6.4004901123e+02 6.4012902832e+02 6.4018798828e+02 6.4022198486e+02 6.4027801514e+02 6.4033599854e+02 6.4036901855e+02 6.4040100098e+02 6.4044897461e+02 6.4048297119e+02
6.3745098877e+02 6.3756597900e+02 6.3767999268e+02 6.3780700684e+02 6.3791998291e+02 6.3800500488e+02 6.3804602051e+02 6.3806701660e+02 6.3812701416e+02 6.3822497559e+02 6.3834399414e+02 6.3846099854e+02 6.3853002930e+02 6.3861999512e+02 6.3874102783e+02 6.3894799805e+02 6.3920397949e+02 6.3940399170e+02 6.3950201416e+02 6.3938500977e+02 6.3931500244e+02 6.3934301758e+02 6.3937402344e+02 6.3940399170e+02 6.3941601563e+02 6.3943701172e+02 6.3948199463e+02 6.3950500488e+02 6.3955401611e+02 6.3959802246e+02 6.3963500977e+02 6.3969500732e+02 6.3975402832e+02 6.3982800293e+02 6.3988098145e+02 6.3991400146e+02 6.3995202637e+02 6.4003497314e+02 6.4009600830e+02 6.4014099121e+02 6.4021398926e+02 6.4027899170e+02 6.4032098389e+02 6.4036401367e+02 6.4041400146e+02 6.4046301270e+02
6.3727600098e+02 6.3733801270e+02 6.3743200684e+02 6.3757598877e+02 6.3773400879e+02 6.3784698486e+02 6.3788702393e+02 6.3790100098e+02 6.3797399902e+02 6.3808197021e+02 6.3820098877e+02 6.3830499268e+02 6.3838201904e+02 6.3847399902e+02 6.3858599854e+02 6.3884899902e+02 6.3916699219e+02 6.3921197510e+02 6.3935998535e+02 6.3928497314e+02 6.3913299561e+02 6.3914697266e+02 6.3920397949e+02 6.3925000000e+02 6.3926397705e+02 6.3928900146e+02 6.3934802246e+02 6.3939398193e+02 6.3944299316e+02 6.3948699951e+02 6.3953002930e+02 6.3959197998e+02 6.3964501953e+02 6.3971801758e+02 6.3977502441e+02 6.3982000732e+02 6.3987097168e+02 6.3994598389e+02 6.4000701904e+02 6.4005902100e+02 6.4013299561e+02 6.4019000244e+02 6.4024298096e+02 6.4030200195e+02 6.4035699463e+02 6.4041497803e+02
