TESTSERVER/16/12.asc
NCOLS 100
NROWS 100
XLLCORNER 8.2997500000e+03
YLLCORNER 2.8935025000e+05
CELLSIZE 5.0000000000e-01
NODATA_VALUE -9.9990000000e+03
[rows 40 to 59 of 100, columns 0 to 45 of 100]
6.2717401123e+02 6.2727502441e+02 6.2737701416e+02 6.2755603027e+02 6.2773400879e+02 6.2788201904e+02 6.2799798584e+02 6.2814801025e+02 6.2829797363e+02 6.2840997314e+02 6.2852197266e+02 6.2869500732e+02 6.2883801270e+02 6.2903900146e+02 6.2925897217e+02 6.2931500244e+02 6.2940600586e+02 6.2953900146e+02 6.2971899414e+02 6.2985900879e+02 6.2998901367e+02 6.3019799805e+02 6.3042199707e+02 6.3057501221e+02 6.3069799805e+02 6.3079602051e+02 6.3090997314e+02 6.3104699707e+02 6.3107897949e+02 6.3110101318e+02 6.3116400146e+02 6.3130200195e+02 6.3147302246e+02 6.3163897705e+02 6.3175897217e+02 6.3183099365e+02 6.3190899658e+02 6.3201800537e+02 6.3214398193e+02 6.3224902344e+02 6.3234802246e+02 6.3246502686e+02 6.3253698730e+02 6.3257800293e+02 6.3269000244e+02 6.3283001709e+02
6.2681701660e+02 6.2692602539e+02 6.2706896973e+02 6.2726000977e+02 6.2742700195e+02 6.2756799316e+02 6.2769299316e+02 6.2782800293e+02 6.2795300293e+02 6.2804602051e+02 6.2817102051e+02 6.2834301758e+02 6.2850500488e+02 6.2865698242e+02 6.2883697510e+02 6.2896697998e+02 6.2908697510e+02 6.2921997070e+02 6.2940600586e+02 6.2956201172e+02 6.2970098877e+02 6.2986199951e+02 6.3003100586e+02 6.3025299072e+02 6.3041302490e+02 6.3051202393e+02 6.3060101318e+02 6.3069097900e+02 6.3079998779e+02 6.3091998291e+02 6.3097998047e+02 6.3105102539e+02 6.3120697021e+02 6.3136199951e+02 6.3149200439e+02 6.3161700439e+02 6.3172399902e+02 6.3181298828e+02 6.3185900879e+02 6.3193200684e+02 6.3206896973e+02 6.3223999023e+02 6.3232202148e+02 6.3233398438e+02 6.3241497803e+02 6.3255401611e+02
6.2651000977e+02 6.2663397217e+02 6.2676397705e+02 6.2693402100e+02 6.2709698486e+02 6.2724902344e+02 6.2739099121e+02 6.2751202393e+02 6.2760302734e+02 6.2767199707e+02 6.2778399658e+02 6.2796600342e+02 6.2817199707e+02 6.2833099365e+02 6.2848199463e+02 6.2864300537e+02 6.2878997803e+02 6.2893701172e+02 6.2910797119e+02 6.2926599121e+02 6.2941198730e+02 6.2953100586e+02 6.2960101318e+02 6.2978100586e+02 6.2998199463e+02 6.3015600586e+02 6.3029699707e+02 6.3036700439e+02 6.3051000977e+02 6.3067401123e+02 6.3074700928e+02 6.3082000732e+02 6.3095098877e+02 6.3106701660e+02 6.3117797852e+02 6.3133099365e+02 6.3147198486e+02 6.3156500244e+02 6.3157299805e+02 6.3160101318e+02 6.3173901367e+02 6.3192797852e+02 6.3203900146e+02 6.3207897949e+02 6.3215600586e+02 6.3226702881e+02
6.2624597168e+02 6.2638397217e+02 6.2648297119e+02 6.2662097168e+02 6.2678302002e+02 6.2694500732e+02 6.2708697510e+02 6.2719500732e+02 6.2727600098e+02 6.2734197998e+02 6.2746197510e+02 6.2765502930e+02 6.2785601807e+02 6.2802099609e+02 6.2818103027e+02 6.2834197998e+02 6.2850000000e+02 6.2865600586e+02 6.2880902100e+02 6.2894799805e+02 6.2910998535e+02 6.2922998047e+02 6.2925799561e+02 6.2936102295e+02 6.2955902100e+02 6.2980603027e+02 6.3003900146e+02 6.3013598633e+02 6.3027099609e+02 6.3039300537e+02 6.3045697021e+02 6.3058801270e+02 6.3072100830e+02 6.3080297852e+02 6.3088000488e+02 6.3102600098e+02 6.3119000244e+02 6.3131701660e+02 6.3136602783e+02 6.3141699219e+02 6.3152600098e+02 6.3166998291e+02 6.3176098633e+02 6.3185400391e+02 6.3195599365e+02 6.3205102539e+02
6.2599499512e+02 6.2613201904e+02 6.2625000000e+02 6.2636401367e+02 6.2652197266e+02 6.2669097900e+02 6.2681298828e+02 6.2688598633e+02 6.2698602295e+02 6.2707800293e+02 6.2721997070e+02 6.2740399170e+02 6.2757397461e+02 6.2774597168e+02 6.2791400146e+02 6.2807897949e+02 6.2820300293e+02 6.2833398438e+02 6.2846197510e+02 6.2860101318e+02 6.2877197266e+02 6.2893103027e+02 6.2904199219e+02 6.2907897949e+02 6.2921600342e+02 6.2947802734e+02 6.2979797363e+02 6.2996600342e+02 6.3009899902e+02 6.3014300537e+02 6.3016802979e+02 6.3032000732e+02 6.3047698975e+02 6.3058099365e+02 6.3065899658e+02 6.3077001953e+02 6.3092297363e+02 6.3107098389e+02 6.3117602539e+02 6.3128002930e+02 6.3139099121e+02 6.3148699951e+02 6.3157000732e+02 6.3169598389e+02 6.3181201172e+02 6.3191400146e+02
6.2562097168e+02 6.2576202393e+02 6.2590802002e+02 6.2601702881e+02 6.2614501953e+02 6.2630700684e+02 6.2644897461e+02 6.2656799316e+02 6.2670501709e+02 6.2682702637e+02 6.2697198486e+02 6.2713702393e+02 6.2730499268e+02 6.2748400879e+02 6.2764898682e+02 6.2782397461e+02 6.2794598389e+02 6.2808001709e+02 6.2820202637e+02 6.2833300781e+02 6.2849200439e+02 6.2864202881e+02 6.2879998779e+02 6.2890600586e+02 6.2897198486e+02 6.2913800049e+02 6.2941900635e+02 6.2960198975e+02 6.2973498535e+02 6.2981799316e+02 6.2992401123e+02 6.3003100586e+02 6.3018200684e+02 6.3033502197e+02 6.3045697021e+02 6.3055700684e+02 6.3068798828e+02 6.3082098389e+02 6.3095800781e+02 6.3108300781e+02 6.3121801758e+02 6.3133099365e+02 6.3140100098e+02 6.3149700928e+02 6.3160900879e+02 6.3172198486e+02
6.2531597900e+02 6.2548101807e+02 6.2564801025e+02 6.2577301025e+02 6.2585998535e+02 6.2596801758e+02 6.2610498047e+02 6.2623602295e+02 6.2637597656e+02 6.2651098633e+02 6.2667199707e+02 6.2683197021e+02 6.2699902344e+02 6.2717498779e+02 6.2732299805e+02 6.2749902344e+02 6.2770202637e+02 6.2796002197e+02 6.2813598633e+02 6.2823901367e+02 6.2837298584e+02 6.2848797607e+02 6.2861999512e+02 6.2876599121e+02 6.2880999756e+02 6.2887902832e+02 6.2903198242e+02 6.2919097900e+02 6.2933801270e+02 6.2947302246e+02 6.2968103027e+02 6.2982501221e+02 6.2995697021e+02 6.3011700439e+02 6.3028302002e+02 6.3038201904e+02 6.3048602295e+02 6.3058898926e+02 6.3072100830e+02 6.3086297607e+02 6.3101300049e+02 6.3113000488e+02 6.3119598389e+02 6.3128900146e+02 6.3140100098e+02 6.3150799561e+02
6.2510101318e+02 6.2528601074e+02 6.2545800781e+02 6.2564099121e+02 6.2572900391e+02 6.2578997803e+02 6.2586297607e+02 6.2596002197e+02 6.2607800293e+02 6.2620202637e+02 6.2634301758e+02 6.2646398926e+02 6.2661401367e+02 6.2677801514e+02 6.2692602539e+02 6.2709997559e+02 6.2739300537e+02 6.2780499268e+02 6.2809600830e+02 6.2815002441e+02 6.2824102783e+02 6.2833300781e+02 6.2842602539e+02 6.2857098389e+02 6.2865997314e+02 6.2871899414e+02 6.2877398682e+02 6.2890997314e+02 6.2907299805e+02 6.2920697021e+02 6.2940802002e+02 6.2960699463e+02 6.2973199463e+02 6.2988800049e+02 6.3009399414e+02 6.3022399902e+02 6.3032299805e+02 6.3040002441e+02 6.3050000000e+02 6.3064501953e+02 6.3079901123e+02 6.3091101074e+02 6.3096099854e+02 6.3104302979e+02 6.3113598633e+02 6.3123699951e+02
6.2475500488e+02 6.2493103027e+02 6.2508599854e+02 6.2532202148e+02 6.2545202637e+02 6.2553198242e+02 6.2560101318e+02 6.2570098877e+02 6.2584002686e+02 6.2598101807e+02 6.2606500244e+02 6.2614398193e+02 6.2626202393e+02 6.2639599609e+02 6.2652301025e+02 6.2668402100e+02 6.2695599365e+02 6.2736499023e+02 6.2764001465e+02 6.2777001953e+02 6.2784197998e+02 6.2795098877e+02 6.2805102539e+02 6.2827301025e+02 6.2839898682e+02 6.2847802734e+02 6.2855200195e+02 6.2865197754e+02 6.2883001709e+02 6.2895898438e+02 6.2907000732e+02 6.2930603027e+02 6.2945501709e+02 6.2962500000e+02 6.2987500000e+02 6.3003497314e+02 6.3014202881e+02 6.3021997070e+02 6.3027801514e+02 6.3041302490e+02 6.3056597900e+02 6.3068298340e+02 6.3072302246e+02 6.3078100586e+02 6.3086499023e+02 6.3097802734e+02
6.2442901611e+02 6.2456701660e+02 6.2471002197e+02 6.2492297363e+02 6.2505902100e+02 6.2517401123e+02 6.2528900146e+02 6.2539898682e+02 6.2559002686e+02 6.2576702881e+02 6.2582098389e+02 6.2586999512e+02 6.2597998047e+02 6.2612500000e+02 6.2626098633e+02 6.2638598633e+02 6.2654699707e+02 6.2680798340e+02 6.2707098389e+02 6.2725299072e+02 6.2737701416e+02 6.2747802734e+02 6.2761401367e+02 6.2789099121e+02 6.2795300293e+02 6.2805700684e+02 6.2829901123e+02 6.2834899902e+02 6.2846502686e+02 6.2865899658e+02 6.2888500977e+02 6.2903198242e+02 6.2914300537e+02 6.2931201172e+02 6.2967797852e+02 6.2986999512e+02 6.2989697266e+02 6.2992797852e+02 6.3002197266e+02 6.3015100098e+02 6.3030499268e+02 6.3042999268e+02 6.3048797607e+02 6.3055700684e+02 6.3064001465e+02 6.3075701904e+02
6.2417401123e+02 6.2430603027e+02 6.2442602539e+02 6.2460302734e+02 6.2473602295e+02 6.2485198975e+02 6.2496899414e+02 6.2508197021e+02 6.2527301025e+02 6.2546600342e+02 6.2555297852e+02 6.2559002686e+02 6.2566302490e+02 6.2577502441e+02 6.2590899658e+02 6.2604998779e+02 6.2621899414e+02 6.2645898438e+02 6.2669500732e+02 6.2688201904e+02 6.2700799561e+02 6.2711999512e+02 6.2725500488e+02 6.2741198730e+02 6.2748797607e+02 6.2774798584e+02 6.2814599609e+02 6.2824597168e+02 6.2829998779e+02 6.2843701172e+02 6.2868499756e+02 6.2882501221e+02 6.2893298340e+02 6.2906799316e+02 6.2939001465e+02 6.2960699463e+02 6.2964099121e+02 6.2968200684e+02 6.2981597900e+02 6.2993499756e+02 6.3007501221e+02 6.3020300293e+02 6.3027801514e+02 6.3033398438e+02 6.3041198730e+02 6.3053900146e+02
6.2386102295e+02 6.2401800537e+02 6.2416699219e+02 6.2432202148e+02 6.2444097900e+02 6.2454901123e+02 6.2466198730e+02 6.2477398682e+02 6.2492498779e+02 6.2510101318e+02 6.2526702881e+02 6.2535900879e+02 6.2541699219e+02 6.2548400879e+02 6.2558697510e+02 6.2572399902e+02 6.2590899658e+02 6.2614697266e+02 6.2637200928e+02 6.2653399658e+02 6.2665301514e+02 6.2679998779e+02 6.2696997070e+02 6.2705902100e+02 6.2716400146e+02 6.2745599365e+02 6.2783300781e+02 6.2814801025e+02 6.2826397705e+02 6.2832397461e+02 6.2849902344e+02 6.2862597656e+02 6.2875897217e+02 6.2888397217e+02 6.2911297607e+02 6.2933697510e+02 6.2942297363e+02 6.2951702881e+02 6.2967401123e+02 6.2976202393e+02 6.2987298584e+02 6.2999102783e+02 6.3009399414e+02 6.3014801025e+02 6.3021697998e+02 6.3033898926e+02
6.2351702881e+02 6.2368798828e+02 6.2386102295e+02 6.2401501465e+02 6.2414202881e+02 6.2426702881e+02 6.2439501953e+02 6.2453198242e+02 6.2464300537e+02 6.2476300049e+02 6.2494500732e+02 6.2519500732e+02 6.2524597168e+02 6.2528997803e+02 6.2540899658e+02 6.2553002930e+02 6.2567602539e+02 6.2584301758e+02 6.2598199463e+02 6.2614099121e+02 6.2629199219e+02 6.2647601318e+02 6.2667797852e+02 6.2683099365e+02 6.2698199463e+02 6.2716699219e+02 6.2740197754e+02 6.2781402588e+02 6.2805297852e+02 6.2816198730e+02 6.2827801514e+02 6.2834497070e+02 6.2844396973e+02 6.2859399414e+02 6.2882800293e+02 6.2901702881e+02 6.2913500977e+02 6.2927899170e+02 6.2945697021e+02 6.2958697510e+02 6.2967199707e+02 6.2977398682e+02 6.2990100098e+02 6.3002899170e+02 6.3010101318e+02 6.3016900635e+02
6.2323999023e+02 6.2340002441e+02 6.2358599854e+02 6.2375500488e+02 6.2387402344e+02 6.2397900391e+02 6.2411102295e+02 6.2426098633e+02 6.2438000488e+02 6.2448498535e+02 6.2462402344e+02 6.2481500244e+02 6.2488800049e+02 6.2497698975e+02 6.2514501953e+02 6.2528497314e+02 6.2542700195e+02 6.2558099365e+02 6.2570898438e+02 6.2587500000e+02 6.2613000488e+02 6.2639001465e+02 6.2654498291e+02 6.2662597656e+02 6.2672302246e+02 6.2688098145e+02 6.2707800293e+02 6.2732299805e+02 6.2752502441e+02 6.2770397949e+02 6.2790502930e+02 6.2803497314e+02 6.2811901855e+02 6.2825598145e+02 6.2853198242e+02 6.2873498535e+02 6.2889300537e+02 6.2906402588e+02 6.2927301025e+02 6.2941802979e+02 6.2950000000e+02 6.2958801270e+02 6.2969000244e+02 6.2980999756e+02 6.2994201660e+02 6.3002697754e+02
6.2295599365e+02 6.2310400391e+02 6.2329199219e+02 6.2346502686e+02 6.2356799316e+02 6.2366400146e+02 6.2381298828e+02 6.2398498535e+02 6.2413500977e+02 6.2425598145e+02 6.2434100342e+02 6.2444201660e+02 6.2453302002e+02 6.2464300537e+02 6.2480297852e+02 6.2493402100e+02 6.2509100342e+02 6.2527001953e+02 6.2542297363e+02 6.2559802246e+02 6.2588000488e+02 6.2616699219e+02 6.2631896973e+02 6.2638397217e+02 6.2646502686e+02 6.2660302734e+02 6.2676397705e+02 6.2692901611e+02 6.2712200928e+02 6.2732598877e+02 6.2752001953e+02 6.2766601563e+02 6.2779199219e+02 6.2798901367e+02 6.2834600830e+02 6.2855499268e+02 6.2875000000e+02 6.2895098877e+02 6.2913000488e+02 6.2926599121e+02 6.2935797119e+02 6.2944702148e+02 6.2953302002e+02 6.2957702637e+02 6.2969299316e+02 6.2982397461e+02
6.2263598633e+02 6.2278900146e+02 6.2296398926e+02 6.2312597656e+02 6.2323297119e+02 6.2334497070e+02 6.2350799561e+02 6.2370599365e+02 6.2390002441e+02 6.2404302979e+02 6.2410601807e+02 6.2416601563e+02 6.2426397705e+02 6.2436602783e+02 6.2448101807e+02 6.2460198975e+02 6.2477197266e+02 6.2496600342e+02 6.2511700439e+02 6.2527398682e+02 6.2551098633e+02 6.2575799561e+02 6.2593200684e+02 6.2606799316e+02 6.2619897461e+02 6.2633099365e+02 6.2646301270e+02 6.2662701416e+02 6.2683001709e+02 6.2703198242e+02 6.2718103027e+02 6.2730102539e+02 6.2744396973e+02 6.2771197510e+02 6.2819000244e+02 6.2835101318e+02 6.2854101563e+02 6.2875500488e+02 6.2890698242e+02 6.2903900146e+02 6.2915600586e+02 6.2926397705e+02 6.2934301758e+02 6.2934399414e+02 6.2945697021e+02 6.2962701416e+02
6.2234899902e+02 6.2252398682e+02 6.2266497803e+02 6.2279498291e+02 6.2294897461e+02 6.2308502197e+02 6.2323797607e+02 6.2345697021e+02 6.2366400146e+02 6.2379998779e+02 6.2385302734e+02 6.2392602539e+02 6.2402197266e+02 6.2412701416e+02 6.2423498535e+02 6.2433697510e+02 6.2450299072e+02 6.2468402100e+02 6.2484100342e+02 6.2502301025e+02 6.2521697998e+02 6.2540301514e+02 6.2559997559e+02 6.2578198242e+02 6.2594396973e+02 6.2605902100e+02 6.2616699219e+02 6.2636297607e+02 6.2656097412e+02 6.2673797607e+02 6.2689001465e+02 6.2697998047e+02 6.2713098145e+02 6.2745697021e+02 6.2793402100e+02 6.2809997559e+02 6.2824200439e+02 6.2839501953e+02 6.2848101807e+02 6.2865002441e+02 6.2880499268e+02 6.2895501709e+02 6.2900299072e+02 6.2904797363e+02 6.2925897217e+02 6.2944598389e+02
6.2199700928e+02 6.2218402100e+02 6.2233502197e+02 6.2249597168e+02 6.2266497803e+02 6.2280401611e+02 6.2301000977e+02 6.2324298096e+02 6.2340698242e+02 6.2351800537e+02 6.2357501221e+02 6.2364801025e+02 6.2375201416e+02 6.2386199951e+02 6.2397399902e+02 6.2407202148e+02 6.2423199463e+02 6.2442999268e+02 6.2463702393e+02 6.2483801270e+02 6.2501501465e+02 6.2518597412e+02 6.2536798096e+02 6.2552301025e+02 6.2566497803e+02 6.2579602051e+02 6.2592602539e+02 6.2611700439e+02 6.2626702881e+02 6.2639001465e+02 6.2657299805e+02 6.2672302246e+02 6.2690698242e+02 6.2716302490e+02 6.2749798584e+02 6.2770098877e+02 6.2790002441e+02 6.2806799316e+02 6.2816101074e+02 6.2825097656e+02 6.2840399170e+02 6.2857202148e+02 6.2864300537e+02 6.2873999023e+02 6.2898400879e+02 6.2915301514e+02
6.2165502930e+02 6.2183197021e+02 6.2200000000e+02 6.2218298340e+02 6.2235498047e+02 6.2250402832e+02 6.2275500488e+02 6.2297497559e+02 6.2310900879e+02 6.2321301270e+02 6.2329101563e+02 6.2336199951e+02 6.2348999023e+02 6.2362597656e+02 6.2375097656e+02 6.2385900879e+02 6.2400097656e+02 6.2418798828e+02 6.2441302490e+02 6.2462097168e+02 6.2479602051e+02 6.2496002197e+02 6.2513702393e+02 6.2527099609e+02 6.2539300537e+02 6.2552697754e+02 6.2566802979e+02 6.2585198975e+02 6.2597998047e+02 6.2608398438e+02 6.2628698730e+02 6.2648498535e+02 6.2667700195e+02 6.2687200928e+02 6.2709802246e+02 6.2731298828e+02 6.2752502441e+02 6.2772399902e+02 6.2787597656e+02 6.2796899414e+02 6.2813397217e+02 6.2830700684e+02 6.2835998535e+02 6.2841900635e+02 6.2859197998e+02 6.2875402832e+02
6.2133599854e+02 6.2149798584e+02 6.2169598389e+02 6.2189300537e+02 6.2206597900e+02 6.2223199463e+02 6.2250299072e+02 6.2270098877e+02 6.2281097412e+02 6.2291198730e+02 6.2301098633e+02 6.2308197021e+02 6.2322497559e+02 6.2339697266e+02 6.2354302979e+02 6.2365899658e+02 6.2379498291e+02 6.2396600342e+02 6.2417700195e+02 6.2438201904e+02 6.2455102539e+02 6.2470898438e+02 6.2487799072e+02 6.2498101807e+02 6.2509197998e+02 6.2523901367e+02 6.2539398193e+02 6.2557202148e+02 6.2572998047e+02 6.2587701416e+02 6.2608801270e+02 6.2626702881e+02 6.2641400146e+02 6.2654699707e+02 6.2673901367e+02 6.2696398926e+02 6.2716101074e+02 6.2735998535e+02 6.2755499268e+02 6.2768200684e+02 6.2787902832e+02 6.2806500244e+02 6.2809899902e+02 6.2811798096e+02 6.2821899414e+02 6.2836199951e+02
