TESTSERVER/16/13.asc
NCOLS 100
NROWS 100
XLLCORNER 8.2997500000e+03
YLLCORNER 2.8930025000e+05
CELLSIZE 5.0000000000e-01
NODATA_VALUE -9.9990000000e+03
[rows 0 to 19 of 100, columns 0 to 45 of 100]
6.1288201904e+02 6.1294201660e+02 6.1299200439e+02 6.1302001953e+02 6.1294396973e+02 6.1287597656e+02 6.1286602783e+02 6.1298901367e+02 6.1316497803e+02 6.1340399170e+02 6.1373901367e+02 6.1417498779e+02 6.1449102783e+02 6.1470098877e+02 6.1490802002e+02 6.1509002686e+02 6.1525201416e+02 6.1543402100e+02 6.1560101318e+02 6.1572497559e+02 6.1585498047e+02 6.1598101807e+02 6.1609002686e+02 6.1617401123e+02 6.1628802490e+02 6.1642199707e+02 6.1654498291e+02 6.1666400146e+02 6.1676800537e+02 6.1690997314e+02 6.1708697510e+02 6.1723400879e+02 6.1735998535e+02 6.1746502686e+02 6.1756799316e+02 6.1770800781e+02 6.1780999756e+02 6.1795898438e+02 6.1815197754e+02 6.1831298828e+02 6.1842602539e+02 6.1852398682e+02 6.1866198730e+02 6.1882897949e+02 6.1898602295e+02 6.1910400391e+02
6.1266302490e+02 6.1274902344e+02 6.1276202393e+02 6.1269799805e+02 6.1260101318e+02 6.1255603027e+02 6.1256097412e+02 6.1264398193e+02 6.1279101563e+02 6.1298498535e+02 6.1325799561e+02 6.1366601563e+02 6.1412799072e+02 6.1455999756e+02 6.1482897949e+02 6.1495300293e+02 6.1509600830e+02 6.1526300049e+02 6.1542102051e+02 6.1557098389e+02 6.1571301270e+02 6.1583697510e+02 6.1594598389e+02 6.1602197266e+02 6.1611901855e+02 6.1622998047e+02 6.1634301758e+02 6.1646002197e+02 6.1656298828e+02 6.1669702148e+02 6.1686602783e+02 6.1699700928e+02 6.1710601807e+02 6.1721997070e+02 6.1734600830e+02 6.1747802734e+02 6.1760101318e+02 6.1778900146e+02 6.1796899414e+02 6.1808599854e+02 6.1822497559e+02 6.1834197998e+02 6.1842602539e+02 6.1852801514e+02 6.1866699219e+02 6.1883001709e+02
6.1247802734e+02 6.1258197021e+02 6.1259802246e+02 6.1254400635e+02 6.1241198730e+02 6.1234600830e+02 6.1235900879e+02 6.1240197754e+02 6.1251300049e+02 6.1268597412e+02 6.1294201660e+02 6.1326300049e+02 6.1369799805e+02 6.1418798828e+02 6.1455603027e+02 6.1473901367e+02 6.1490997314e+02 6.1507501221e+02 6.1522802734e+02 6.1539099121e+02 6.1553997803e+02 6.1565997314e+02 6.1575897217e+02 6.1584100342e+02 6.1593798828e+02 6.1605603027e+02 6.1619598389e+02 6.1631597900e+02 6.1640002441e+02 6.1651599121e+02 6.1666400146e+02 6.1677197266e+02 6.1687402344e+02 6.1699798584e+02 6.1713299561e+02 6.1724798584e+02 6.1738299561e+02 6.1757800293e+02 6.1772698975e+02 6.1784600830e+02 6.1803698730e+02 6.1821099854e+02 6.1828302002e+02 6.1835198975e+02 6.1847601318e+02 6.1864001465e+02
6.1220098877e+02 6.1236798096e+02 6.1241601563e+02 6.1238201904e+02 6.1223699951e+02 6.1217297363e+02 6.1223901367e+02 6.1226800537e+02 6.1235998535e+02 6.1253900146e+02 6.1278399658e+02 6.1304797363e+02 6.1341497803e+02 6.1385302734e+02 6.1423999023e+02 6.1450000000e+02 6.1470098877e+02 6.1486901855e+02 6.1503698730e+02 6.1521697998e+02 6.1537097168e+02 6.1547802734e+02 6.1555297852e+02 6.1564801025e+02 6.1575598145e+02 6.1588397217e+02 6.1604998779e+02 6.1615997314e+02 6.1622601318e+02 6.1633197021e+02 6.1646502686e+02 6.1657202148e+02 6.1666198730e+02 6.1676898193e+02 6.1689599609e+02 6.1702099609e+02 6.1719598389e+02 6.1739898682e+02 6.1749902344e+02 6.1759899902e+02 6.1782202148e+02 6.1804998779e+02 6.1816998291e+02 6.1827801514e+02 6.1839398193e+02 6.1851202393e+02
6.1187402344e+02 6.1209497070e+02 6.1217498779e+02 6.1208898926e+02 6.1198999023e+02 6.1198498535e+02 6.1212500000e+02 6.1215197754e+02 6.1220397949e+02 6.1237500000e+02 6.1257702637e+02 6.1288702393e+02 6.1329400635e+02 6.1374298096e+02 6.1411901855e+02 6.1433300781e+02 6.1452301025e+02 6.1468701172e+02 6.1487097168e+02 6.1509197998e+02 6.1525299072e+02 6.1534002686e+02 6.1537298584e+02 6.1547198486e+02 6.1558599854e+02 6.1568103027e+02 6.1580798340e+02 6.1593597412e+02 6.1601898193e+02 6.1611999512e+02 6.1623400879e+02 6.1639099121e+02 6.1649597168e+02 6.1658099365e+02 6.1666497803e+02 6.1678302002e+02 6.1700201416e+02 6.1726098633e+02 6.1739599609e+02 6.1738299561e+02 6.1758398438e+02 6.1779602051e+02 6.1799298096e+02 6.1819598389e+02 6.1832098389e+02 6.1837701416e+02
6.1170300293e+02 6.1175000000e+02 6.1170800781e+02 6.1165997314e+02 6.1167602539e+02 6.1178900146e+02 6.1194897461e+02 6.1196502686e+02 6.1198699951e+02 6.1215899658e+02 6.1243798828e+02 6.1273901367e+02 6.1312902832e+02 6.1358801270e+02 6.1398901367e+02 6.1421301270e+02 6.1439398193e+02 6.1454101563e+02 6.1470300293e+02 6.1492401123e+02 6.1508001709e+02 6.1516101074e+02 6.1519000244e+02 6.1530603027e+02 6.1543200684e+02 6.1550299072e+02 6.1561297607e+02 6.1571301270e+02 6.1582501221e+02 6.1593902588e+02 6.1605401611e+02 6.1618200684e+02 6.1630401611e+02 6.1643798828e+02 6.1655297852e+02 6.1665997314e+02 6.1685400391e+02 6.1710699463e+02 6.1723498535e+02 6.1721899414e+02 6.1741998291e+02 6.1761199951e+02 6.1782702637e+02 6.1803302002e+02 6.1813000488e+02 6.1817901611e+02
6.1151898193e+02 6.1152099609e+02 6.1139202881e+02 6.1135198975e+02 6.1140997314e+02 6.1151397705e+02 6.1161999512e+02 6.1172802734e+02 6.1185998535e+02 6.1206298828e+02 6.1232098389e+02 6.1258801270e+02 6.1293402100e+02 6.1336297607e+02 6.1376599121e+02 6.1403399658e+02 6.1423999023e+02 6.1437902832e+02 6.1450000000e+02 6.1466400146e+02 6.1480200195e+02 6.1491699219e+02 6.1501202393e+02 6.1513201904e+02 6.1524298096e+02 6.1533697510e+02 6.1552801514e+02 6.1559899902e+02 6.1567199707e+02 6.1577001953e+02 6.1588598633e+02 6.1597601318e+02 6.1608502197e+02 6.1623699951e+02 6.1638702393e+02 6.1654199219e+02 6.1672601318e+02 6.1694000244e+02 6.1708001709e+02 6.1711798096e+02 6.1728802490e+02 6.1749597168e+02 6.1767498779e+02 6.1783599854e+02 6.1788500977e+02 6.1794000244e+02
6.1120501709e+02 6.1127001953e+02 6.1116802979e+02 6.1115502930e+02 6.1121997070e+02 6.1127697754e+02 6.1132098389e+02 6.1152099609e+02 6.1177697754e+02 6.1200598145e+02 6.1218701172e+02 6.1241601563e+02 6.1272198486e+02 6.1310998535e+02 6.1349401855e+02 6.1381500244e+02 6.1405902100e+02 6.1419702148e+02 6.1428002930e+02 6.1442199707e+02 6.1456298828e+02 6.1471502686e+02 6.1487200928e+02 6.1498797607e+02 6.1507800293e+02 6.1521997070e+02 6.1550701904e+02 6.1552899170e+02 6.1553100586e+02 6.1557897949e+02 6.1569000244e+02 6.1579101563e+02 6.1590002441e+02 6.1603900146e+02 6.1616497803e+02 6.1631097412e+02 6.1650500488e+02 6.1673699951e+02 6.1696899414e+02 6.1710699463e+02 6.1719702148e+02 6.1736602783e+02 6.1753002930e+02 6.1765997314e+02 6.1766900635e+02 6.1772302246e+02
6.1085198975e+02 6.1087799072e+02 6.1084399414e+02 6.1094702148e+02 6.1105902100e+02 6.1113201904e+02 6.1119799805e+02 6.1138702393e+02 6.1165399170e+02 6.1189300537e+02 6.1202899170e+02 6.1222998047e+02 6.1252502441e+02 6.1288800049e+02 6.1326202393e+02 6.1359197998e+02 6.1385101318e+02 6.1398699951e+02 6.1406201172e+02 6.1423400879e+02 6.1440899658e+02 6.1457702637e+02 6.1474298096e+02 6.1482800293e+02 6.1489202881e+02 6.1504901123e+02 6.1533898926e+02 6.1534997559e+02 6.1533099365e+02 6.1536297607e+02 6.1546801758e+02 6.1560998535e+02 6.1573999023e+02 6.1587097168e+02 6.1598297119e+02 6.1608898926e+02 6.1629602051e+02 6.1654498291e+02 6.1673699951e+02 6.1687597656e+02 6.1692102051e+02 6.1706201172e+02 6.1729400635e+02 6.1747399902e+02 6.1746899414e+02 6.1752398682e+02
6.1064398193e+02 6.1061602783e+02 6.1057299805e+02 6.1067999268e+02 6.1082098389e+02 6.1096197510e+02 6.1114898682e+02 6.1127600098e+02 6.1145898438e+02 6.1165502930e+02 6.1179101563e+02 6.1200097656e+02 6.1229302979e+02 6.1266198730e+02 6.1306896973e+02 6.1340197754e+02 6.1361700439e+02 6.1372497559e+02 6.1383197021e+02 6.1401599121e+02 6.1418103027e+02 6.1433599854e+02 6.1450500488e+02 6.1460998535e+02 6.1466998291e+02 6.1477197266e+02 6.1493499756e+02 6.1500299072e+02 6.1507000732e+02 6.1517199707e+02 6.1531097412e+02 6.1544799805e+02 6.1559399414e+02 6.1573400879e+02 6.1584301758e+02 6.1592999268e+02 6.1606701660e+02 6.1624200439e+02 6.1641802979e+02 6.1656097412e+02 6.1667297363e+02 6.1681896973e+02 6.1700500488e+02 6.1714501953e+02 6.1721801758e+02 6.1733697510e+02
6.1051599121e+02 6.1048901367e+02 6.1046197510e+02 6.1052001953e+02 6.1062902832e+02 6.1082000732e+02 6.1106799316e+02 6.1109197998e+02 6.1120800781e+02 6.1140502930e+02 6.1158599854e+02 6.1177301025e+02 6.1203802490e+02 6.1239599609e+02 6.1281402588e+02 6.1315600586e+02 6.1336401367e+02 6.1347497559e+02 6.1361499023e+02 6.1379901123e+02 6.1396502686e+02 6.1411199951e+02 6.1425000000e+02 6.1437902832e+02 6.1448498535e+02 6.1458898926e+02 6.1467102051e+02 6.1475500488e+02 6.1487097168e+02 6.1500402832e+02 6.1515002441e+02 6.1531500244e+02 6.1548699951e+02 6.1561499023e+02 6.1567498779e+02 6.1573999023e+02 6.1583099365e+02 6.1599902344e+02 6.1621398926e+02 6.1635601807e+02 6.1649700928e+02 6.1664898682e+02 6.1678399658e+02 6.1690301514e+02 6.1702697754e+02 6.1717602539e+02
6.1042102051e+02 6.1038299561e+02 6.1041400146e+02 6.1044702148e+02 6.1049401855e+02 6.1067498779e+02 6.1092498779e+02 6.1085101318e+02 6.1090502930e+02 6.1112402344e+02 6.1139300537e+02 6.1155499268e+02 6.1177899170e+02 6.1210998535e+02 6.1251702881e+02 6.1287298584e+02 6.1310699463e+02 6.1323999023e+02 6.1339697266e+02 6.1359197998e+02 6.1377301025e+02 6.1392102051e+02 6.1402197266e+02 6.1415002441e+02 6.1429101563e+02 6.1441699219e+02 6.1447998047e+02 6.1457202148e+02 6.1470098877e+02 6.1483599854e+02 6.1496801758e+02 6.1512701416e+02 6.1529998779e+02 6.1541198730e+02 6.1544097900e+02 6.1552398682e+02 6.1565698242e+02 6.1586901855e+02 6.1606701660e+02 6.1615399170e+02 6.1628997803e+02 6.1644897461e+02 6.1657800293e+02 6.1670300293e+02 6.1684301758e+02 6.1697802734e+02
6.1022497559e+02 6.1017401123e+02 6.1029498291e+02 6.1038598633e+02 6.1040698242e+02 6.1052001953e+02 6.1068402100e+02 6.1065399170e+02 6.1064398193e+02 6.1080700684e+02 6.1109100342e+02 6.1133300781e+02 6.1153399658e+02 6.1183300781e+02 6.1222698975e+02 6.1260400391e+02 6.1286602783e+02 6.1302197266e+02 6.1316699219e+02 6.1336798096e+02 6.1356597900e+02 6.1372399902e+02 6.1382000732e+02 6.1391998291e+02 6.1405999756e+02 6.1418200684e+02 6.1425402832e+02 6.1438800049e+02 6.1452502441e+02 6.1465197754e+02 6.1478198242e+02 6.1489898682e+02 6.1503698730e+02 6.1514202881e+02 6.1522100830e+02 6.1533001709e+02 6.1554302979e+02 6.1578497314e+02 6.1588201904e+02 6.1593798828e+02 6.1607299805e+02 6.1621801758e+02 6.1634100342e+02 6.1650299072e+02 6.1663702393e+02 6.1673400879e+02
6.0995599365e+02 6.0995599365e+02 6.1009197998e+02 6.1019500732e+02 6.1019799805e+02 6.1020001221e+02 6.1028399658e+02 6.1033502197e+02 6.1039099121e+02 6.1054602051e+02 6.1083001709e+02 6.1105603027e+02 6.1127600098e+02 6.1158898926e+02 6.1199102783e+02 6.1237097168e+02 6.1262902832e+02 6.1279400635e+02 6.1294702148e+02 6.1311798096e+02 6.1329400635e+02 6.1346301270e+02 6.1360400391e+02 6.1373297119e+02 6.1388800049e+02 6.1401898193e+02 6.1409100342e+02 6.1423602295e+02 6.1438897705e+02 6.1449401855e+02 6.1461102295e+02 6.1473400879e+02 6.1482897949e+02 6.1492199707e+02 6.1504199219e+02 6.1515997314e+02 6.1537597656e+02 6.1559802246e+02 6.1568701172e+02 6.1573602295e+02 6.1585400391e+02 6.1598101807e+02 6.1613299561e+02 6.1632299805e+02 6.1644396973e+02 6.1651397705e+02
6.0981500244e+02 6.0987799072e+02 6.0992199707e+02 6.0993103027e+02 6.0993298340e+02 6.0993298340e+02 6.0998199463e+02 6.1007000732e+02 6.1016198730e+02 6.1032702637e+02 6.1059197998e+02 6.1082897949e+02 6.1108697510e+02 6.1142602539e+02 6.1181701660e+02 6.1213000488e+02 6.1235699463e+02 6.1251202393e+02 6.1265600586e+02 6.1280700684e+02 6.1297399902e+02 6.1315600586e+02 6.1334497070e+02 6.1349798584e+02 6.1364898682e+02 6.1378997803e+02 6.1390698242e+02 6.1409497070e+02 6.1426202393e+02 6.1434399414e+02 6.1442199707e+02 6.1454797363e+02 6.1461798096e+02 6.1470599365e+02 6.1485400391e+02 6.1500897217e+02 6.1522399902e+02 6.1538598633e+02 6.1546697998e+02 6.1554699707e+02 6.1565399170e+02 6.1576800537e+02 6.1593798828e+02 6.1613299561e+02 6.1624200439e+02 6.1630700684e+02
6.0969897461e+02 6.0979101563e+02 6.0978002930e+02 6.0975299072e+02 6.0976800537e+02 6.0979998779e+02 6.0983502197e+02 6.0991497803e+02 6.1000799561e+02 6.1016998291e+02 6.1041998291e+02 6.1067999268e+02 6.1097302246e+02 6.1132098389e+02 6.1167401123e+02 6.1189801025e+02 6.1207897949e+02 6.1221801758e+02 6.1234497070e+02 6.1251800537e+02 6.1270202637e+02 6.1288500977e+02 6.1306500244e+02 6.1320202637e+02 6.1334802246e+02 6.1350299072e+02 6.1367498779e+02 6.1388897705e+02 6.1405297852e+02 6.1411901855e+02 6.1417498779e+02 6.1430798340e+02 6.1438897705e+02 6.1448999023e+02 6.1463598633e+02 6.1484197998e+02 6.1508502197e+02 6.1519299316e+02 6.1521801758e+02 6.1533398438e+02 6.1546197510e+02 6.1557800293e+02 6.1575701904e+02 6.1594299316e+02 6.1603302002e+02 6.1608801270e+02
6.0956402588e+02 6.0964801025e+02 6.0963702393e+02 6.0962701416e+02 6.0965698242e+02 6.0970300293e+02 6.0974298096e+02 6.0982098389e+02 6.0991302490e+02 6.1007000732e+02 6.1031201172e+02 6.1061102295e+02 6.1093103027e+02 6.1125500488e+02 6.1153100586e+02 6.1168499756e+02 6.1184497070e+02 6.1198999023e+02 6.1213800049e+02 6.1234399414e+02 6.1256402588e+02 6.1272900391e+02 6.1286798096e+02 6.1299798584e+02 6.1314398193e+02 6.1329302979e+02 6.1343103027e+02 6.1360400391e+02 6.1374902344e+02 6.1382800293e+02 6.1389300537e+02 6.1403100586e+02 6.1413598633e+02 6.1425097656e+02 6.1439099121e+02 6.1460400391e+02 6.1485498047e+02 6.1496197510e+02 6.1500097656e+02 6.1510101318e+02 6.1524401855e+02 6.1541802979e+02 6.1560797119e+02 6.1577502441e+02 6.1586499023e+02 6.1589697266e+02
6.0943701172e+02 6.0951397705e+02 6.0949700928e+02 6.0950201416e+02 6.0952899170e+02 6.0955798340e+02 6.0961602783e+02 6.0972698975e+02 6.0985601807e+02 6.1002398682e+02 6.1025097656e+02 6.1055999756e+02 6.1086999512e+02 6.1113299561e+02 6.1132800293e+02 6.1146398926e+02 6.1160900879e+02 6.1174700928e+02 6.1187701416e+02 6.1209399414e+02 6.1232397461e+02 6.1250598145e+02 6.1265600586e+02 6.1282098389e+02 6.1298498535e+02 6.1313897705e+02 6.1326599121e+02 6.1339501953e+02 6.1352197266e+02 6.1362200928e+02 6.1371801758e+02 6.1385900879e+02 6.1395098877e+02 6.1404699707e+02 6.1417602539e+02 6.1433398438e+02 6.1455700684e+02 6.1468798828e+02 6.1476098633e+02 6.1486401367e+02 6.1499597168e+02 6.1515002441e+02 6.1531701660e+02 6.1546997070e+02 6.1557501221e+02 6.1562799072e+02
6.0929699707e+02 6.0934002686e+02 6.0933300781e+02 6.0934997559e+02 6.0939300537e+02 6.0945397949e+02 6.0954400635e+02 6.0967999268e+02 6.0985400391e+02 6.1004699707e+02 6.1026000977e+02 6.1052502441e+02 6.1076000977e+02 6.1093902588e+02 6.1108801270e+02 6.1121899414e+02 6.1135699463e+02 6.1149798584e+02 6.1163201904e+02 6.1180603027e+02 6.1202801514e+02 6.1223901367e+02 6.1242297363e+02 6.1258502197e+02 6.1275500488e+02 6.1292797852e+02 6.1307897949e+02 6.1320697021e+02 6.1333001709e+02 6.1344598389e+02 6.1356298828e+02 6.1369299316e+02 6.1377801514e+02 6.1388000488e+02 6.1401098633e+02 6.1414801025e+02 6.1433898926e+02 6.1446997070e+02 6.1456701660e+02 6.1470397949e+02 6.1483898926e+02 6.1498101807e+02 6.1508502197e+02 6.1517797852e+02 6.1529101563e+02 6.1539099121e+02
6.0919299316e+02 6.0920697021e+02 6.0921002197e+02 6.0923101807e+02 6.0928698730e+02 6.0938397217e+02 6.0949902344e+02 6.0964202881e+02 6.0984497070e+02 6.1005999756e+02 6.1026898193e+02 6.1047198486e+02 6.1062799072e+02 6.1074298096e+02 6.1086499023e+02 6.1098999023e+02 6.1112701416e+02 6.1127899170e+02 6.1143103027e+02 6.1157098389e+02 6.1177301025e+02 6.1200201416e+02 6.1221301270e+02 6.1235198975e+02 6.1250701904e+02 6.1268103027e+02 6.1283197021e+02 6.1296002197e+02 6.1309301758e+02 6.1322497559e+02 6.1335302734e+02 6.1345202637e+02 6.1353900146e+02 6.1367999268e+02 6.1383599854e+02 6.1397601318e+02 6.1415899658e+02 6.1428698730e+02 6.1437200928e+02 6.1451599121e+02 6.1464801025e+02 6.1478399658e+02 6.1487701416e+02 6.1497100830e+02 6.1509497070e+02 6.1522601318e+02
