TESTSERVER/16/13.asc
NCOLS 100
NROWS 100
XLLCORNER 8.2997500000e+03
YLLCORNER 2.8930025000e+05
CELLSIZE 5.0000000000e-01
NODATA_VALUE -9.9990000000e+03
[rows 80 to 99 of 100, columns 0 to 45 of 100]
5.9977697754e+02 5.9982202148e+02 5.9985101318e+02 5.9989300537e+02 5.9993499756e+02 5.9997302246e+02 6.0000000000e+02 6.0005200195e+02 6.0009399414e+02 6.0013000488e+02 6.0015899658e+02 6.0020599365e+02 6.0024597168e+02 6.0028698730e+02 6.0034899902e+02 6.0041302490e+02 6.0044897461e+02 6.0046697998e+02 6.0051501465e+02 6.0061199951e+02 6.0067401123e+02 6.0072198486e+02 6.0077398682e+02 6.0083300781e+02 6.0086700439e+02 6.0089300537e+02 6.0093499756e+02 6.0099298096e+02 6.0102197266e+02 6.0104400635e+02 6.0107202148e+02 6.0112701416e+02 6.0118701172e+02 6.0120501709e+02 6.0115997314e+02 6.0117602539e+02 6.0121197510e+02 6.0125000000e+02 6.0129602051e+02 6.0132598877e+02 6.0137799072e+02 6.0144299316e+02 6.0150402832e+02 6.0155499268e+02 6.0158898926e+02 6.0163500977e+02
5.9970501709e+02 5.9974798584e+02 5.9977301025e+02 5.9980999756e+02 5.9984899902e+02 5.9988397217e+02 5.9991302490e+02 5.9995202637e+02 5.9999700928e+02 6.0003900146e+02 6.0008001709e+02 6.0011297607e+02 6.0015100098e+02 6.0020501709e+02 6.0026000977e+02 6.0031597900e+02 6.0035198975e+02 6.0037902832e+02 6.0042797852e+02 6.0050000000e+02 6.0055798340e+02 6.0060400391e+02 6.0066400146e+02 6.0074298096e+02 6.0079101563e+02 6.0082397461e+02 6.0086401367e+02 6.0090100098e+02 6.0090600586e+02 6.0091302490e+02 6.0094598389e+02 6.0100701904e+02 6.0103497314e+02 6.0102697754e+02 6.0101800537e+02 6.0104498291e+02 6.0108801270e+02 6.0114001465e+02 6.0117700195e+02 6.0120300293e+02 6.0125897217e+02 6.0132897949e+02 6.0138500977e+02 6.0143701172e+02 6.0147100830e+02 6.0151397705e+02
5.9962500000e+02 5.9966400146e+02 5.9968798828e+02 5.9971697998e+02 5.9975598145e+02 5.9979998779e+02 5.9984497070e+02 5.9987500000e+02 5.9991400146e+02 5.9995599365e+02 5.9999499512e+02 6.0001300049e+02 6.0005603027e+02 6.0012298584e+02 6.0016900635e+02 6.0021197510e+02 6.0025000000e+02 6.0028698730e+02 6.0033300781e+02 6.0039099121e+02 6.0044799805e+02 6.0049798584e+02 6.0055297852e+02 6.0062597656e+02 6.0067602539e+02 6.0071197510e+02 6.0075000000e+02 6.0076800537e+02 6.0077001953e+02 6.0078399658e+02 6.0082800293e+02 6.0088800049e+02 6.0090600586e+02 6.0089801025e+02 6.0090002441e+02 6.0091900635e+02 6.0096398926e+02 6.0101800537e+02 6.0104699707e+02 6.0107501221e+02 6.0113201904e+02 6.0120202637e+02 6.0125402832e+02 6.0129699707e+02 6.0133099365e+02 6.0137597656e+02
5.9953900146e+02 5.9957598877e+02 5.9960400391e+02 5.9962597656e+02 5.9966601563e+02 5.9972198486e+02 5.9978601074e+02 5.9980798340e+02 5.9983898926e+02 5.9987701416e+02 5.9990600586e+02 5.9992199707e+02 5.9997998047e+02 6.0005102539e+02 6.0008099365e+02 6.0011297607e+02 6.0015698242e+02 6.0019598389e+02 6.0022998047e+02 6.0028601074e+02 6.0034399414e+02 6.0040002441e+02 6.0045098877e+02 6.0050799561e+02 6.0054699707e+02 6.0057299805e+02 6.0060498047e+02 6.0062500000e+02 6.0064398193e+02 6.0067797852e+02 6.0073297119e+02 6.0077398682e+02 6.0078100586e+02 6.0078399658e+02 6.0079602051e+02 6.0081500244e+02 6.0085601807e+02 6.0090002441e+02 6.0092797852e+02 6.0096197510e+02 6.0101300049e+02 6.0107299805e+02 6.0111901855e+02 6.0115802002e+02 6.0119396973e+02 6.0123797607e+02
5.9944897461e+02 5.9948901367e+02 5.9952502441e+02 5.9954699707e+02 5.9958599854e+02 5.9964300537e+02 5.9970300293e+02 5.9973297119e+02 5.9976599121e+02 5.9980297852e+02 5.9982202148e+02 5.9984802246e+02 5.9990899658e+02 5.9997399902e+02 6.0000201416e+02 6.0002697754e+02 6.0008300781e+02 6.0013000488e+02 6.0014801025e+02 6.0018499756e+02 6.0024401855e+02 6.0030603027e+02 6.0036102295e+02 6.0041101074e+02 6.0043499756e+02 6.0044598389e+02 6.0046301270e+02 6.0049597168e+02 6.0054400635e+02 6.0060198975e+02 6.0065100098e+02 6.0064501953e+02 6.0063800049e+02 6.0065100098e+02 6.0067297363e+02 6.0070800781e+02 6.0074401855e+02 6.0078198242e+02 6.0083001709e+02 6.0085797119e+02 6.0089501953e+02 6.0094500732e+02 6.0098699951e+02 6.0103100586e+02 6.0107800293e+02 6.0112097168e+02
5.9936102295e+02 5.9939898682e+02 5.9944000244e+02 5.9946600342e+02 5.9950299072e+02 5.9955102539e+02 5.9960198975e+02 5.9963598633e+02 5.9967901611e+02 5.9971801758e+02 5.9974902344e+02 5.9977697754e+02 5.9982202148e+02 5.9987200928e+02 5.9989801025e+02 5.9994000244e+02 6.0000598145e+02 6.0005499268e+02 6.0006597900e+02 6.0009002686e+02 6.0013800049e+02 6.0019702148e+02 6.0024902344e+02 6.0029302979e+02 6.0031500244e+02 6.0033398438e+02 6.0034698486e+02 6.0038201904e+02 6.0045599365e+02 6.0051501465e+02 6.0052600098e+02 6.0050201416e+02 6.0050500488e+02 6.0053601074e+02 6.0056298828e+02 6.0059497070e+02 6.0062200928e+02 6.0065100098e+02 6.0070098877e+02 6.0073797607e+02 6.0077398682e+02 6.0082000732e+02 6.0086401367e+02 6.0090301514e+02 6.0095300293e+02 6.0099902344e+02
5.9928399658e+02 5.9931201172e+02 5.9934497070e+02 5.9937597656e+02 5.9941198730e+02 5.9945697021e+02 5.9950701904e+02 5.9954901123e+02 5.9958898926e+02 5.9963098145e+02 5.9968103027e+02 5.9970898438e+02 5.9974298096e+02 5.9978002930e+02 5.9980297852e+02 5.9986199951e+02 5.9991900635e+02 5.9995300293e+02 5.9996398926e+02 5.9998602295e+02 6.0002899170e+02 6.0008502197e+02 6.0013702393e+02 6.0016802979e+02 6.0018902588e+02 6.0021899414e+02 6.0023999023e+02 6.0028100586e+02 6.0036798096e+02 6.0041802979e+02 6.0039300537e+02 6.0036798096e+02 6.0038500977e+02 6.0042602539e+02 6.0045898438e+02 6.0048699951e+02 6.0050701904e+02 6.0053100586e+02 6.0057800293e+02 6.0063098145e+02 6.0067297363e+02 6.0071099854e+02 6.0074499512e+02 6.0077697754e+02 6.0082299805e+02 6.0086297607e+02
5.9921502686e+02 5.9923797607e+02 5.9925897217e+02 5.9929101563e+02 5.9932501221e+02 5.9936700439e+02 5.9941802979e+02 5.9946398926e+02 5.9950402832e+02 5.9955102539e+02 5.9960302734e+02 5.9962902832e+02 5.9966198730e+02 5.9969702148e+02 5.9971697998e+02 5.9977697754e+02 5.9982000732e+02 5.9984399414e+02 5.9987200928e+02 5.9989697266e+02 5.9993597412e+02 5.9998797607e+02 6.0003601074e+02 6.0005999756e+02 6.0008599854e+02 6.0012298584e+02 6.0014099121e+02 6.0018402100e+02 6.0027197266e+02 6.0030603027e+02 6.0024902344e+02 6.0024401855e+02 6.0027301025e+02 6.0031701660e+02 6.0035797119e+02 6.0038702393e+02 6.0040600586e+02 6.0043200684e+02 6.0047601318e+02 6.0053100586e+02 6.0057299805e+02 6.0060699463e+02 6.0063397217e+02 6.0066497803e+02 6.0070599365e+02 6.0074798584e+02
5.9913500977e+02 5.9916497803e+02 5.9919299316e+02 5.9922100830e+02 5.9925000000e+02 5.9928698730e+02 5.9933697510e+02 5.9938299561e+02 5.9942401123e+02 5.9946997070e+02 5.9950701904e+02 5.9953900146e+02 5.9958801270e+02 5.9963500977e+02 5.9966302490e+02 5.9969097900e+02 5.9972497559e+02 5.9976000977e+02 5.9981500244e+02 5.9983898926e+02 5.9986999512e+02 5.9990899658e+02 5.9993499756e+02 5.9996301270e+02 5.9999798584e+02 6.0004101563e+02 6.0004498291e+02 6.0007702637e+02 6.0016900635e+02 6.0018200684e+02 6.0011102295e+02 6.0013201904e+02 6.0017297363e+02 6.0021197510e+02 6.0024597168e+02 6.0028497314e+02 6.0030499268e+02 6.0034197998e+02 6.0040502930e+02 6.0043701172e+02 6.0046600342e+02 6.0049700928e+02 6.0052197266e+02 6.0054400635e+02 6.0057702637e+02 6.0062097168e+02
5.9907702637e+02 5.9910601807e+02 5.9913201904e+02 5.9915802002e+02 5.9918298340e+02 5.9921197510e+02 5.9925097656e+02 5.9928997803e+02 5.9932397461e+02 5.9936199951e+02 5.9940802002e+02 5.9945202637e+02 5.9950799561e+02 5.9955603027e+02 5.9958001709e+02 5.9960601807e+02 5.9964001465e+02 5.9967498779e+02 5.9972399902e+02 5.9973999023e+02 5.9976702881e+02 5.9980902100e+02 5.9983099365e+02 5.9986700439e+02 5.9992498779e+02 5.9996997070e+02 5.9996398926e+02 6.0000000000e+02 6.0005902100e+02 6.0004699707e+02 6.0000799561e+02 6.0003900146e+02 6.0007702637e+02 6.0011297607e+02 6.0015100098e+02 6.0018798828e+02 6.0020397949e+02 6.0024401855e+02 6.0031201172e+02 6.0034600830e+02 6.0037298584e+02 6.0040301514e+02 6.0042401123e+02 6.0044799805e+02 6.0046997070e+02 6.0049798584e+02
5.9900701904e+02 5.9903601074e+02 5.9906298828e+02 5.9909002686e+02 5.9911102295e+02 5.9913299561e+02 5.9915997314e+02 5.9919598389e+02 5.9923400879e+02 5.9927697754e+02 5.9932598877e+02 5.9937097168e+02 5.9942102051e+02 5.9946600342e+02 5.9949200439e+02 5.9951800537e+02 5.9954901123e+02 5.9957299805e+02 5.9961700439e+02 5.9965502930e+02 5.9969201660e+02 5.9973498535e+02 5.9975897217e+02 5.9979699707e+02 5.9984600830e+02 5.9986798096e+02 5.9986499023e+02 5.9990301514e+02 5.9992297363e+02 5.9990502930e+02 5.9990502930e+02 5.9994500732e+02 5.9998602295e+02 6.0002001953e+02 6.0005700684e+02 6.0009698486e+02 6.0011798096e+02 6.0015600586e+02 6.0021099854e+02 6.0025500488e+02 6.0027899170e+02 6.0030603027e+02 6.0033001709e+02 6.0035498047e+02 6.0038098145e+02 6.0040399170e+02
5.9892797852e+02 5.9895599365e+02 5.9898297119e+02 5.9901202393e+02 5.9903002930e+02 5.9904797363e+02 5.9906896973e+02 5.9910900879e+02 5.9915802002e+02 5.9920697021e+02 5.9925799561e+02 5.9929199219e+02 5.9933197021e+02 5.9938201904e+02 5.9941497803e+02 5.9943402100e+02 5.9946099854e+02 5.9948101807e+02 5.9952197266e+02 5.9959399414e+02 5.9964202881e+02 5.9967797852e+02 5.9970098877e+02 5.9974200439e+02 5.9974902344e+02 5.9974499512e+02 5.9977502441e+02 5.9980200195e+02 5.9979498291e+02 5.9978900146e+02 5.9981701660e+02 5.9986199951e+02 5.9990600586e+02 5.9993798828e+02 5.9997100830e+02 6.0001000977e+02 6.0003997803e+02 6.0007501221e+02 6.0011700439e+02 6.0015997314e+02 6.0017102051e+02 6.0019500732e+02 6.0022900391e+02 6.0025201416e+02 6.0028002930e+02 6.0030102539e+02
5.9884698486e+02 5.9886999512e+02 5.9888500977e+02 5.9892199707e+02 5.9894299316e+02 5.9896099854e+02 5.9898498535e+02 5.9902899170e+02 5.9908398438e+02 5.9913201904e+02 5.9916802979e+02 5.9919702148e+02 5.9923400879e+02 5.9929602051e+02 5.9933398438e+02 5.9934002686e+02 5.9936999512e+02 5.9940600586e+02 5.9944702148e+02 5.9951000977e+02 5.9956201172e+02 5.9959301758e+02 5.9961401367e+02 5.9964501953e+02 5.9963598633e+02 5.9965698242e+02 5.9973901367e+02 5.9973400879e+02 5.9970397949e+02 5.9970599365e+02 5.9974902344e+02 5.9979101563e+02 5.9982598877e+02 5.9986102295e+02 5.9990002441e+02 5.9992797852e+02 5.9995098877e+02 5.9997900391e+02 6.0001702881e+02 6.0005401611e+02 6.0006500244e+02 6.0008502197e+02 6.0012799072e+02 6.0015502930e+02 6.0017797852e+02 6.0019097900e+02
5.9877099609e+02 5.9879101563e+02 5.9880401611e+02 5.9883398438e+02 5.9885498047e+02 5.9887402344e+02 5.9889697266e+02 5.9893902588e+02 5.9898797607e+02 5.9903198242e+02 5.9907397461e+02 5.9911700439e+02 5.9917401123e+02 5.9922601318e+02 5.9923400879e+02 5.9925201416e+02 5.9929101563e+02 5.9933099365e+02 5.9936401367e+02 5.9940997314e+02 5.9945697021e+02 5.9949401855e+02 5.9951501465e+02 5.9952697754e+02 5.9954901123e+02 5.9961297607e+02 5.9966601563e+02 5.9963299561e+02 5.9960797119e+02 5.9962298584e+02 5.9966302490e+02 5.9969799805e+02 5.9972497559e+02 5.9976202393e+02 5.9980902100e+02 5.9982897949e+02 5.9985400391e+02 5.9988702393e+02 5.9992297363e+02 5.9995202637e+02 5.9997100830e+02 5.9999298096e+02 6.0001898193e+02 6.0005401611e+02 6.0008801270e+02 6.0010601807e+02
5.9868499756e+02 5.9871002197e+02 5.9872802734e+02 5.9875500488e+02 5.9877600098e+02 5.9879498291e+02 5.9881701660e+02 5.9887097168e+02 5.9891802979e+02 5.9895697021e+02 5.9900000000e+02 5.9904498291e+02 5.9910302734e+02 5.9914398193e+02 5.9914697266e+02 5.9917999268e+02 5.9921099854e+02 5.9923602295e+02 5.9926898193e+02 5.9931701660e+02 5.9936700439e+02 5.9940502930e+02 5.9941900635e+02 5.9941802979e+02 5.9946197510e+02 5.9954101563e+02 5.9956201172e+02 5.9951800537e+02 5.9951202393e+02 5.9953997803e+02 5.9958398438e+02 5.9961798096e+02 5.9963598633e+02 5.9966802979e+02 5.9971600342e+02 5.9974298096e+02 5.9978002930e+02 5.9981799316e+02 5.9984301758e+02 5.9986199951e+02 5.9988397217e+02 5.9990502930e+02 5.9991601563e+02 5.9994897461e+02 5.9998400879e+02 5.9999700928e+02
5.9859197998e+02 5.9862097168e+02 5.9864697266e+02 5.9867797852e+02 5.9870098877e+02 5.9872399902e+02 5.9875000000e+02 5.9881402588e+02 5.9885498047e+02 5.9888702393e+02 5.9892498779e+02 5.9896697998e+02 5.9901501465e+02 5.9904797363e+02 5.9906799316e+02 5.9911199951e+02 5.9912902832e+02 5.9913598633e+02 5.9917102051e+02 5.9922601318e+02 5.9927899170e+02 5.9931402588e+02 5.9932000732e+02 5.9931201172e+02 5.9935797119e+02 5.9942401123e+02 5.9942199707e+02 5.9940100098e+02 5.9941497803e+02 5.9944897461e+02 5.9948901367e+02 5.9953100586e+02 5.9955603027e+02 5.9958599854e+02 5.9962799072e+02 5.9965997314e+02 5.9969702148e+02 5.9973101807e+02 5.9975500488e+02 5.9977001953e+02 5.9979498291e+02 5.9981701660e+02 5.9982897949e+02 5.9985998535e+02 5.9988598633e+02 5.9989599609e+02
5.9852801514e+02 5.9854498291e+02 5.9855499268e+02 5.9859600830e+02 5.9862402344e+02 5.9865301514e+02 5.9869500732e+02 5.9873699951e+02 5.9877099609e+02 5.9881097412e+02 5.9885900879e+02 5.9889801025e+02 5.9892999268e+02 5.9895300293e+02 5.9898498535e+02 5.9903100586e+02 5.9904302979e+02 5.9905102539e+02 5.9907897949e+02 5.9914001465e+02 5.9919201660e+02 5.9922399902e+02 5.9922698975e+02 5.9923498535e+02 5.9927600098e+02 5.9930603027e+02 5.9929901123e+02 5.9930200195e+02 5.9933099365e+02 5.9936297607e+02 5.9939300537e+02 5.9944000244e+02 5.9948199463e+02 5.9951800537e+02 5.9954901123e+02 5.9957800293e+02 5.9960302734e+02 5.9962701416e+02 5.9965197754e+02 5.9966802979e+02 5.9969000244e+02 5.9971502686e+02 5.9974200439e+02 5.9976599121e+02 5.9978100586e+02 5.9980200195e+02
5.9844097900e+02 5.9845800781e+02 5.9847302246e+02 5.9851898193e+02 5.9855499268e+02 5.9858898926e+02 5.9863201904e+02 5.9868103027e+02 5.9870599365e+02 5.9873797607e+02 5.9878399658e+02 5.9883001709e+02 5.9886401367e+02 5.9887902832e+02 5.9890399170e+02 5.9894097900e+02 5.9896301270e+02 5.9898797607e+02 5.9903002930e+02 5.9906500244e+02 5.9909100342e+02 5.9910998535e+02 5.9912298584e+02 5.9916497803e+02 5.9921697998e+02 5.9922698975e+02 5.9920599365e+02 5.9922802734e+02 5.9926501465e+02 5.9929901123e+02 5.9932202148e+02 5.9936102295e+02 5.9940197754e+02 5.9944201660e+02 5.9947100830e+02 5.9949401855e+02 5.9951800537e+02 5.9953900146e+02 5.9955499268e+02 5.9957702637e+02 5.9960302734e+02 5.9963299561e+02 5.9965899658e+02 5.9968499756e+02 5.9969897461e+02 5.9971697998e+02
5.9833801270e+02 5.9835400391e+02 5.9838800049e+02 5.9844201660e+02 5.9848901367e+02 5.9852899170e+02 5.9856097412e+02 5.9860900879e+02 5.9864099121e+02 5.9867297363e+02 5.9871002197e+02 5.9873999023e+02 5.9877398682e+02 5.9880499268e+02 5.9883898926e+02 5.9887097168e+02 5.9890100098e+02 5.9893499756e+02 5.9899298096e+02 5.9901599121e+02 5.9900402832e+02 5.9899700928e+02 5.9902600098e+02 5.9908898926e+02 5.9913299561e+02 5.9913397217e+02 5.9911999512e+02 5.9914898682e+02 5.9918701172e+02 5.9921801758e+02 5.9924102783e+02 5.9927697754e+02 5.9931402588e+02 5.9935699463e+02 5.9939202881e+02 5.9940997314e+02 5.9943499756e+02 5.9946002197e+02 5.9947100830e+02 5.9949700928e+02 5.9952301025e+02 5.9955102539e+02 5.9957098389e+02 5.9959497070e+02 5.9960998535e+02 5.9963000488e+02
5.9824298096e+02 5.9825701904e+02 5.9831298828e+02 5.9836999512e+02 5.9841900635e+02 5.9845599365e+02 5.9847998047e+02 5.9853302002e+02 5.9858197021e+02 5.9862097168e+02 5.9864300537e+02 5.9865100098e+02 5.9868597412e+02 5.9873101807e+02 5.9877502441e+02 5.9881097412e+02 5.9884197998e+02 5.9887500000e+02 5.9893701172e+02 5.9896697998e+02 5.9893298340e+02 5.9890698242e+02 5.9894500732e+02 5.9898901367e+02 5.9900897217e+02 5.9901599121e+02 5.9903497314e+02 5.9906896973e+02 5.9910302734e+02 5.9912799072e+02 5.9915698242e+02 5.9919598389e+02 5.9923101807e+02 5.9927197266e+02 5.9930798340e+02 5.9932397461e+02 5.9935400391e+02 5.9938000488e+02 5.9938397217e+02 5.9940802002e+02 5.9943298340e+02 5.9945599365e+02 5.9947601318e+02 5.9950097656e+02 5.9951000977e+02 5.9952899170e+02
