TESTSERVER/16/14.asc
NCOLS 100
NROWS 100
XLLCORNER 8.2997500000e+03
YLLCORNER 2.8925025000e+05
CELLSIZE 5.0000000000e-01
NODATA_VALUE -9.9990000000e+03
[rows 0 to 19 of 100, columns 0 to 45 of 100]
5.9816497803e+02 5.9818402100e+02 5.9822698975e+02 5.9829101563e+02 5.9833801270e+02 5.9837298584e+02 5.9840899658e+02 5.9845898438e+02 5.9850799561e+02 5.9854797363e+02 5.9856597900e+02 5.9859600830e+02 5.9863702393e+02 5.9866998291e+02 5.9869000244e+02 5.9874798584e+02 5.9877502441e+02 5.9879302979e+02 5.9883197021e+02 5.9887799072e+02 5.9885198975e+02 5.9883697510e+02 5.9888397217e+02 5.9888201904e+02 5.9888397217e+02 5.9891497803e+02 5.9896197510e+02 5.9899499512e+02 5.9902398682e+02 5.9904797363e+02 5.9908697510e+02 5.9912701416e+02 5.9916302490e+02 5.9920098877e+02 5.9922998047e+02 5.9924200439e+02 5.9927197266e+02 5.9929498291e+02 5.9929699707e+02 5.9931896973e+02 5.9934997559e+02 5.9936999512e+02 5.9937597656e+02 5.9940802002e+02 5.9941998291e+02 5.9942901611e+02
5.9814697266e+02 5.9817199707e+02 5.9815698242e+02 5.9820001221e+02 5.9825201416e+02 5.9829602051e+02 5.9834197998e+02 5.9838800049e+02 5.9842700195e+02 5.9847601318e+02 5.9852099609e+02 5.9854901123e+02 5.9858801270e+02 5.9861901855e+02 5.9864898682e+02 5.9870300293e+02 5.9872698975e+02 5.9873699951e+02 5.9876599121e+02 5.9878698730e+02 5.9877301025e+02 5.9879199219e+02 5.9883599854e+02 5.9879901123e+02 5.9880999756e+02 5.9885101318e+02 5.9889398193e+02 5.9892797852e+02 5.9895202637e+02 5.9897399902e+02 5.9901000977e+02 5.9904998779e+02 5.9908398438e+02 5.9911901855e+02 5.9914599609e+02 5.9916198730e+02 5.9919000244e+02 5.9921002197e+02 5.9921502686e+02 5.9923699951e+02 5.9926397705e+02 5.9928302002e+02 5.9929498291e+02 5.9933801270e+02 5.9935601807e+02 5.9935797119e+02
5.9807299805e+02 5.9810998535e+02 5.9810601807e+02 5.9813702393e+02 5.9818200684e+02 5.9823101807e+02 5.9828002930e+02 5.9832299805e+02 5.9836102295e+02 5.9841900635e+02 5.9847698975e+02 5.9848901367e+02 5.9851800537e+02 5.9855102539e+02 5.9859497070e+02 5.9864099121e+02 5.9866699219e+02 5.9868499756e+02 5.9871002197e+02 5.9871197510e+02 5.9872100830e+02 5.9876501465e+02 5.9878900146e+02 5.9872802734e+02 5.9873797607e+02 5.9878399658e+02 5.9882897949e+02 5.9886798096e+02 5.9889300537e+02 5.9890600586e+02 5.9892999268e+02 5.9896697998e+02 5.9899700928e+02 5.9902801514e+02 5.9905798340e+02 5.9907501221e+02 5.9910101318e+02 5.9912097168e+02 5.9913299561e+02 5.9915600586e+02 5.9917700195e+02 5.9918701172e+02 5.9919598389e+02 5.9923699951e+02 5.9925402832e+02 5.9926300049e+02
5.9799200439e+02 5.9803399658e+02 5.9806097412e+02 5.9808502197e+02 5.9812097168e+02 5.9816699219e+02 5.9821398926e+02 5.9825299072e+02 5.9829101563e+02 5.9834997559e+02 5.9841198730e+02 5.9842102051e+02 5.9844598389e+02 5.9848297119e+02 5.9852801514e+02 5.9856402588e+02 5.9859197998e+02 5.9861798096e+02 5.9863897705e+02 5.9863201904e+02 5.9865301514e+02 5.9869598389e+02 5.9869500732e+02 5.9864001465e+02 5.9865698242e+02 5.9870599365e+02 5.9875000000e+02 5.9878802490e+02 5.9881896973e+02 5.9883697510e+02 5.9886199951e+02 5.9889300537e+02 5.9891497803e+02 5.9894299316e+02 5.9897698975e+02 5.9898999023e+02 5.9901000977e+02 5.9903002930e+02 5.9904498291e+02 5.9906500244e+02 5.9908801270e+02 5.9909899902e+02 5.9910302734e+02 5.9913201904e+02 5.9914300537e+02 5.9915399170e+02
5.9792297363e+02 5.9795800781e+02 5.9799298096e+02 5.9802697754e+02 5.9806097412e+02 5.9810400391e+02 5.9814801025e+02 5.9819598389e+02 5.9822802734e+02 5.9826397705e+02 5.9831201172e+02 5.9833697510e+02 5.9836798096e+02 5.9840502930e+02 5.9843798828e+02 5.9847998047e+02 5.9850598145e+02 5.9853002930e+02 5.9854101563e+02 5.9855401611e+02 5.9857098389e+02 5.9858001709e+02 5.9855999756e+02 5.9855200195e+02 5.9858197021e+02 5.9862597656e+02 5.9867199707e+02 5.9869702148e+02 5.9872998047e+02 5.9876300049e+02 5.9880200195e+02 5.9883801270e+02 5.9885601807e+02 5.9887799072e+02 5.9890197754e+02 5.9891802979e+02 5.9892901611e+02 5.9894702148e+02 5.9897100830e+02 5.9897302246e+02 5.9900897217e+02 5.9903802490e+02 5.9904302979e+02 5.9904901123e+02 5.9905700684e+02 5.9907299805e+02
5.9785400391e+02 5.9789398193e+02 5.9792999268e+02 5.9796099854e+02 5.9799902344e+02 5.9804797363e+02 5.9809698486e+02 5.9816601563e+02 5.9819598389e+02 5.9820697021e+02 5.9824700928e+02 5.9828100586e+02 5.9830700684e+02 5.9833197021e+02 5.9835302734e+02 5.9839398193e+02 5.9841601563e+02 5.9842102051e+02 5.9842700195e+02 5.9844702148e+02 5.9845697021e+02 5.9845300293e+02 5.9845800781e+02 5.9847601318e+02 5.9851098633e+02 5.9855603027e+02 5.9859997559e+02 5.9862402344e+02 5.9865197754e+02 5.9868499756e+02 5.9872698975e+02 5.9876898193e+02 5.9879901123e+02 5.9882397461e+02 5.9883300781e+02 5.9884301758e+02 5.9884497070e+02 5.9885498047e+02 5.9888397217e+02 5.9890399170e+02 5.9893499756e+02 5.9896997070e+02 5.9898400879e+02 5.9899700928e+02 5.9899597168e+02 5.9900897217e+02
5.9779602051e+02 5.9784899902e+02 5.9788598633e+02 5.9789801025e+02 5.9793298340e+02 5.9798400879e+02 5.9802801514e+02 5.9808697510e+02 5.9811798096e+02 5.9813098145e+02 5.9817700195e+02 5.9822302246e+02 5.9824401855e+02 5.9825701904e+02 5.9826800537e+02 5.9831799316e+02 5.9834997559e+02 5.9835601807e+02 5.9835900879e+02 5.9837298584e+02 5.9836199951e+02 5.9835198975e+02 5.9836602783e+02 5.9840100098e+02 5.9844201660e+02 5.9847497559e+02 5.9851300049e+02 5.9854302979e+02 5.9857299805e+02 5.9860797119e+02 5.9865100098e+02 5.9869201660e+02 5.9872998047e+02 5.9876000977e+02 5.9875701904e+02 5.9876098633e+02 5.9876397705e+02 5.9876898193e+02 5.9878997803e+02 5.9881799316e+02 5.9884197998e+02 5.9887799072e+02 5.9890399170e+02 5.9892498779e+02 5.9892401123e+02 5.9893701172e+02
5.9772802734e+02 5.9778399658e+02 5.9782501221e+02 5.9782598877e+02 5.9785998535e+02 5.9790899658e+02 5.9794702148e+02 5.9799200439e+02 5.9802600098e+02 5.9804699707e+02 5.9809399414e+02 5.9814001465e+02 5.9816198730e+02 5.9817297363e+02 5.9818298340e+02 5.9823999023e+02 5.9828302002e+02 5.9830102539e+02 5.9830798340e+02 5.9830902100e+02 5.9828100586e+02 5.9826702881e+02 5.9828802490e+02 5.9832800293e+02 5.9836798096e+02 5.9839501953e+02 5.9841900635e+02 5.9845300293e+02 5.9848797607e+02 5.9852398682e+02 5.9856402588e+02 5.9860101318e+02 5.9864300537e+02 5.9867401123e+02 5.9866900635e+02 5.9867700195e+02 5.9868298340e+02 5.9869000244e+02 5.9870501709e+02 5.9872802734e+02 5.9874499512e+02 5.9877899170e+02 5.9881201172e+02 5.9883197021e+02 5.9883197021e+02 5.9885302734e+02
5.9764501953e+02 5.9769097900e+02 5.9773400879e+02 5.9774798584e+02 5.9779602051e+02 5.9784698486e+02 5.9787500000e+02 5.9791998291e+02 5.9795599365e+02 5.9797998047e+02 5.9799798584e+02 5.9803601074e+02 5.9806597900e+02 5.9809100342e+02 5.9812402344e+02 5.9814501953e+02 5.9817498779e+02 5.9821002197e+02 5.9824401855e+02 5.9821099854e+02 5.9818597412e+02 5.9819097900e+02 5.9822601318e+02 5.9824798584e+02 5.9827301025e+02 5.9830603027e+02 5.9833502197e+02 5.9836602783e+02 5.9841198730e+02 5.9845001221e+02 5.9847497559e+02 5.9851300049e+02 5.9855902100e+02 5.9859301758e+02 5.9858502197e+02 5.9859197998e+02 5.9860198975e+02 5.9861700439e+02 5.9863897705e+02 5.9865002441e+02 5.9866998291e+02 5.9870397949e+02 5.9872497559e+02 5.9874298096e+02 5.9874298096e+02 5.9875701904e+02
5.9758898926e+02 5.9763299561e+02 5.9767700195e+02 5.9768298340e+02 5.9773400879e+02 5.9778698730e+02 5.9780999756e+02 5.9785900879e+02 5.9789599609e+02 5.9791998291e+02 5.9793298340e+02 5.9796801758e+02 5.9799499512e+02 5.9801098633e+02 5.9805200195e+02 5.9806799316e+02 5.9808801270e+02 5.9815197754e+02 5.9819799805e+02 5.9811999512e+02 5.9809197998e+02 5.9812200928e+02 5.9815997314e+02 5.9817797852e+02 5.9819396973e+02 5.9822802734e+02 5.9826202393e+02 5.9829699707e+02 5.9835101318e+02 5.9839099121e+02 5.9840997314e+02 5.9844396973e+02 5.9847601318e+02 5.9850701904e+02 5.9850000000e+02 5.9851000977e+02 5.9852600098e+02 5.9854998779e+02 5.9857299805e+02 5.9858599854e+02 5.9860699463e+02 5.9863598633e+02 5.9863800049e+02 5.9865399170e+02 5.9865899658e+02 5.9865997314e+02
5.9754602051e+02 5.9759301758e+02 5.9763299561e+02 5.9763702393e+02 5.9767700195e+02 5.9772601318e+02 5.9775598145e+02 5.9781402588e+02 5.9784497070e+02 5.9785699463e+02 5.9786798096e+02 5.9789501953e+02 5.9791699219e+02 5.9793103027e+02 5.9796899414e+02 5.9798699951e+02 5.9802899170e+02 5.9809600830e+02 5.9810498047e+02 5.9802001953e+02 5.9801098633e+02 5.9805297852e+02 5.9808300781e+02 5.9810699463e+02 5.9812597656e+02 5.9815802002e+02 5.9819500732e+02 5.9822900391e+02 5.9827301025e+02 5.9830798340e+02 5.9833300781e+02 5.9836602783e+02 5.9838299561e+02 5.9840399170e+02 5.9841497803e+02 5.9842999268e+02 5.9844396973e+02 5.9847198486e+02 5.9849798584e+02 5.9850500488e+02 5.9852001953e+02 5.9854101563e+02 5.9855297852e+02 5.9856896973e+02 5.9857598877e+02 5.9857897949e+02
5.9748498535e+02 5.9753302002e+02 5.9757897949e+02 5.9759698486e+02 5.9763000488e+02 5.9766601563e+02 5.9769500732e+02 5.9776397705e+02 5.9779400635e+02 5.9779998779e+02 5.9780999756e+02 5.9782299805e+02 5.9783898926e+02 5.9784802246e+02 5.9786798096e+02 5.9789099121e+02 5.9795300293e+02 5.9800500488e+02 5.9797302246e+02 5.9791198730e+02 5.9793597412e+02 5.9798797607e+02 5.9801098633e+02 5.9803900146e+02 5.9805700684e+02 5.9808099365e+02 5.9812500000e+02 5.9815600586e+02 5.9818402100e+02 5.9821099854e+02 5.9824902344e+02 5.9828497314e+02 5.9829797363e+02 5.9831500244e+02 5.9833697510e+02 5.9835998535e+02 5.9836700439e+02 5.9839099121e+02 5.9841497803e+02 5.9841900635e+02 5.9843798828e+02 5.9845501709e+02 5.9846899414e+02 5.9847900391e+02 5.9849200439e+02 5.9850299072e+02
5.9742602539e+02 5.9747399902e+02 5.9752398682e+02 5.9755700684e+02 5.9757897949e+02 5.9758898926e+02 5.9760101318e+02 5.9768499756e+02 5.9773602295e+02 5.9775500488e+02 5.9776702881e+02 5.9777099609e+02 5.9777600098e+02 5.9776501465e+02 5.9775500488e+02 5.9779998779e+02 5.9787402344e+02 5.9790698242e+02 5.9787597656e+02 5.9784899902e+02 5.9787799072e+02 5.9792602539e+02 5.9795898438e+02 5.9797302246e+02 5.9797998047e+02 5.9800097656e+02 5.9804400635e+02 5.9808001709e+02 5.9809997559e+02 5.9812298584e+02 5.9816198730e+02 5.9819897461e+02 5.9821697998e+02 5.9823400879e+02 5.9825500488e+02 5.9828698730e+02 5.9829602051e+02 5.9830499268e+02 5.9830999756e+02 5.9832800293e+02 5.9835198975e+02 5.9836499023e+02 5.9836999512e+02 5.9839099121e+02 5.9840899658e+02 5.9841998291e+02
5.9738299561e+02 5.9743798828e+02 5.9746697998e+02 5.9750000000e+02 5.9751702881e+02 5.9751599121e+02 5.9751300049e+02 5.9759899902e+02 5.9765002441e+02 5.9766302490e+02 5.9769000244e+02 5.9771600342e+02 5.9771002197e+02 5.9767498779e+02 5.9765502930e+02 5.9773199463e+02 5.9781597900e+02 5.9782702637e+02 5.9779101563e+02 5.9779101563e+02 5.9781701660e+02 5.9785601807e+02 5.9788000488e+02 5.9790399170e+02 5.9791900635e+02 5.9794201660e+02 5.9797198486e+02 5.9799700928e+02 5.9802301025e+02 5.9805102539e+02 5.9808197021e+02 5.9810900879e+02 5.9813397217e+02 5.9815802002e+02 5.9818103027e+02 5.9819201660e+02 5.9820599365e+02 5.9822698975e+02 5.9823901367e+02 5.9825402832e+02 5.9826800537e+02 5.9827301025e+02 5.9827197266e+02 5.9829400635e+02 5.9831597900e+02 5.9832598877e+02
5.9733898926e+02 5.9739202881e+02 5.9742498779e+02 5.9743499756e+02 5.9742901611e+02 5.9743200684e+02 5.9745001221e+02 5.9751702881e+02 5.9754699707e+02 5.9755798340e+02 5.9760302734e+02 5.9763598633e+02 5.9763299561e+02 5.9760699463e+02 5.9760400391e+02 5.9768103027e+02 5.9773901367e+02 5.9772998047e+02 5.9770501709e+02 5.9772698975e+02 5.9775500488e+02 5.9778198242e+02 5.9779998779e+02 5.9782897949e+02 5.9785400391e+02 5.9788098145e+02 5.9790197754e+02 5.9792401123e+02 5.9795599365e+02 5.9798699951e+02 5.9801000977e+02 5.9803399658e+02 5.9805401611e+02 5.9807202148e+02 5.9809002686e+02 5.9810198975e+02 5.9811901855e+02 5.9813897705e+02 5.9815301514e+02 5.9817401123e+02 5.9818902588e+02 5.9819598389e+02 5.9819097900e+02 5.9821600342e+02 5.9823699951e+02 5.9824401855e+02
5.9730102539e+02 5.9734197998e+02 5.9738000488e+02 5.9737097168e+02 5.9734497070e+02 5.9735302734e+02 5.9738897705e+02 5.9743597412e+02 5.9745697021e+02 5.9747698975e+02 5.9752899170e+02 5.9755700684e+02 5.9755401611e+02 5.9754602051e+02 5.9757397461e+02 5.9762902832e+02 5.9764801025e+02 5.9763201904e+02 5.9763397217e+02 5.9767498779e+02 5.9769702148e+02 5.9771301270e+02 5.9772998047e+02 5.9775598145e+02 5.9778399658e+02 5.9781701660e+02 5.9783801270e+02 5.9786297607e+02 5.9789599609e+02 5.9792199707e+02 5.9793902588e+02 5.9796197510e+02 5.9797698975e+02 5.9798699951e+02 5.9799597168e+02 5.9801501465e+02 5.9803802490e+02 5.9805902100e+02 5.9807098389e+02 5.9808898926e+02 5.9810601807e+02 5.9811602783e+02 5.9811602783e+02 5.9813897705e+02 5.9815197754e+02 5.9816101074e+02
5.9725000000e+02 5.9727899170e+02 5.9731097412e+02 5.9728900146e+02 5.9727301025e+02 5.9728900146e+02 5.9731201172e+02 5.9734600830e+02 5.9736798096e+02 5.9740002441e+02 5.9744897461e+02 5.9747497559e+02 5.9747198486e+02 5.9748400879e+02 5.9753601074e+02 5.9755999756e+02 5.9755603027e+02 5.9755102539e+02 5.9757202148e+02 5.9761602783e+02 5.9763500977e+02 5.9764599609e+02 5.9765997314e+02 5.9768402100e+02 5.9771398926e+02 5.9775097656e+02 5.9778198242e+02 5.9781097412e+02 5.9783898926e+02 5.9785498047e+02 5.9786999512e+02 5.9789202881e+02 5.9790802002e+02 5.9791802979e+02 5.9792102051e+02 5.9792999268e+02 5.9795800781e+02 5.9799597168e+02 5.9801702881e+02 5.9802301025e+02 5.9803002930e+02 5.9803100586e+02 5.9802899170e+02 5.9804498291e+02 5.9806298828e+02 5.9809100342e+02
5.9722100830e+02 5.9723901367e+02 5.9724102783e+02 5.9721600342e+02 5.9721997070e+02 5.9724700928e+02 5.9725201416e+02 5.9727899170e+02 5.9729901123e+02 5.9734002686e+02 5.9738897705e+02 5.9739801025e+02 5.9740997314e+02 5.9745397949e+02 5.9750897217e+02 5.9748797607e+02 5.9747198486e+02 5.9748699951e+02 5.9751501465e+02 5.9755200195e+02 5.9757299805e+02 5.9758801270e+02 5.9761499023e+02 5.9763500977e+02 5.9766198730e+02 5.9769702148e+02 5.9772698975e+02 5.9775299072e+02 5.9777600098e+02 5.9778698730e+02 5.9780102539e+02 5.9782598877e+02 5.9784002686e+02 5.9784497070e+02 5.9784399414e+02 5.9785400391e+02 5.9787902832e+02 5.9790698242e+02 5.9790600586e+02 5.9792901611e+02 5.9795001221e+02 5.9795898438e+02 5.9795800781e+02 5.9797998047e+02 5.9800201416e+02 5.9802398682e+02
5.9717297363e+02 5.9717700195e+02 5.9715197754e+02 5.9714300537e+02 5.9717498779e+02 5.9720202637e+02 5.9720001221e+02 5.9724700928e+02 5.9727001953e+02 5.9730499268e+02 5.9732897949e+02 5.9732598877e+02 5.9735498047e+02 5.9741198730e+02 5.9745202637e+02 5.9741699219e+02 5.9740600586e+02 5.9743402100e+02 5.9746600342e+02 5.9749298096e+02 5.9751397705e+02 5.9753497314e+02 5.9756597900e+02 5.9758599854e+02 5.9760900879e+02 5.9763897705e+02 5.9766101074e+02 5.9768298340e+02 5.9770599365e+02 5.9771697998e+02 5.9772900391e+02 5.9775500488e+02 5.9777001953e+02 5.9777301025e+02 5.9777301025e+02 5.9778302002e+02 5.9780200195e+02 5.9782202148e+02 5.9781402588e+02 5.9783001709e+02 5.9785400391e+02 5.9787500000e+02 5.9788397217e+02 5.9790997314e+02 5.9792797852e+02 5.9794097900e+02
5.9709600830e+02 5.9709100342e+02 5.9706799316e+02 5.9707202148e+02 5.9711199951e+02 5.9713500977e+02 5.9714398193e+02 5.9721002197e+02 5.9724200439e+02 5.9727197266e+02 5.9727001953e+02 5.9727001953e+02 5.9731500244e+02 5.9736297607e+02 5.9736700439e+02 5.9734197998e+02 5.9735101318e+02 5.9738397217e+02 5.9740997314e+02 5.9742297363e+02 5.9744702148e+02 5.9747698975e+02 5.9750598145e+02 5.9752502441e+02 5.9754699707e+02 5.9757299805e+02 5.9759002686e+02 5.9760998535e+02 5.9763397217e+02 5.9765100098e+02 5.9766198730e+02 5.9768597412e+02 5.9770300293e+02 5.9770898438e+02 5.9771301270e+02 5.9771697998e+02 5.9772802734e+02 5.9774597168e+02 5.9774102783e+02 5.9774597168e+02 5.9776702881e+02 5.9779901123e+02 5.9781500244e+02 5.9784002686e+02 5.9784899902e+02 5.9785498047e+02
