TESTSERVER/16/14.asc
NCOLS 100
NROWS 100
XLLCORNER 8.2997500000e+03
YLLCORNER 2.8925025000e+05
CELLSIZE 5.0000000000e-01
NODATA_VALUE -9.9990000000e+03
[rows 20 to 39 of 100, columns 46 to 91 of 100]
5.9778198242e+02 5.9779302979e+02 5.9781500244e+02 5.9784002686e+02 5.9785699463e+02 5.9785601807e+02 5.9787298584e+02 5.9790100098e+02 5.9793597412e+02 5.9792797852e+02 5.9795397949e+02 5.9799700928e+02 5.9802301025e+02 5.9801501465e+02 5.9804498291e+02 5.9808502197e+02 5.9810101318e+02 5.9810302734e+02 5.9812597656e+02 5.9816101074e+02 5.9820397949e+02 5.9823602295e+02 5.9824902344e+02 5.9826599121e+02 5.9831201172e+02 5.9834802246e+02 5.9836499023e+02 5.9840197754e+02 5.9845599365e+02 5.9848602295e+02 5.9851599121e+02 5.9853802490e+02 5.9855401611e+02 5.9861102295e+02 5.9864898682e+02 5.9869201660e+02 5.9874200439e+02 5.9878601074e+02 5.9879998779e+02 5.9883300781e+02 5.9888702393e+02 5.9890399170e+02 5.9893798828e+02 5.9897802734e+02 5.9901599121e+02 5.9904797363e+02
5.9770397949e+02 5.9772399902e+02 5.9773999023e+02 5.9776397705e+02 5.9778399658e+02 5.9778601074e+02 5.9779498291e+02 5.9781298828e+02 5.9784197998e+02 5.9784600830e+02 5.9786499023e+02 5.9789202881e+02 5.9791400146e+02 5.9792797852e+02 5.9796002197e+02 5.9799200439e+02 5.9800500488e+02 5.9801098633e+02 5.9804101563e+02 5.9807897949e+02 5.9811102295e+02 5.9815100098e+02 5.9817901611e+02 5.9819299316e+02 5.9823199463e+02 5.9826800537e+02 5.9829101563e+02 5.9833398438e+02 5.9838299561e+02 5.9839398193e+02 5.9842199707e+02 5.9845800781e+02 5.9848999023e+02 5.9852801514e+02 5.9855902100e+02 5.9859497070e+02 5.9864099121e+02 5.9869000244e+02 5.9871197510e+02 5.9873400879e+02 5.9877502441e+02 5.9882098389e+02 5.9886700439e+02 5.9890301514e+02 5.9892999268e+02 5.9896997070e+02
5.9763098145e+02 5.9765600586e+02 5.9766998291e+02 5.9768499756e+02 5.9770599365e+02 5.9771502686e+02 5.9772601318e+02 5.9774102783e+02 5.9775799561e+02 5.9776702881e+02 5.9778302002e+02 5.9780401611e+02 5.9782202148e+02 5.9784698486e+02 5.9787799072e+02 5.9790301514e+02 5.9792999268e+02 5.9793701172e+02 5.9796301270e+02 5.9799298096e+02 5.9801501465e+02 5.9805401611e+02 5.9810198975e+02 5.9812701416e+02 5.9814898682e+02 5.9818298340e+02 5.9821099854e+02 5.9825201416e+02 5.9829602051e+02 5.9831201172e+02 5.9834301758e+02 5.9838598633e+02 5.9841497803e+02 5.9843103027e+02 5.9846398926e+02 5.9850500488e+02 5.9854199219e+02 5.9858398438e+02 5.9861401367e+02 5.9864501953e+02 5.9867797852e+02 5.9871899414e+02 5.9876397705e+02 5.9880102539e+02 5.9883502197e+02 5.9889202881e+02
5.9755798340e+02 5.9757299805e+02 5.9759600830e+02 5.9761499023e+02 5.9763500977e+02 5.9763397217e+02 5.9764697266e+02 5.9766601563e+02 5.9768103027e+02 5.9769702148e+02 5.9771398926e+02 5.9773101807e+02 5.9775097656e+02 5.9777099609e+02 5.9778900146e+02 5.9780902100e+02 5.9785198975e+02 5.9785302734e+02 5.9787298584e+02 5.9790301514e+02 5.9793701172e+02 5.9796301270e+02 5.9801599121e+02 5.9804998779e+02 5.9805297852e+02 5.9808801270e+02 5.9811901855e+02 5.9815197754e+02 5.9819000244e+02 5.9822198486e+02 5.9825897217e+02 5.9830102539e+02 5.9832501221e+02 5.9833801270e+02 5.9838299561e+02 5.9842999268e+02 5.9845300293e+02 5.9847802734e+02 5.9850897217e+02 5.9855200195e+02 5.9858801270e+02 5.9861901855e+02 5.9865802002e+02 5.9869598389e+02 5.9873199463e+02 5.9879998779e+02
5.9749401855e+02 5.9748999023e+02 5.9751397705e+02 5.9753802490e+02 5.9755297852e+02 5.9755499268e+02 5.9756597900e+02 5.9758801270e+02 5.9760601807e+02 5.9762701416e+02 5.9763598633e+02 5.9764801025e+02 5.9767297363e+02 5.9769299316e+02 5.9771002197e+02 5.9773297119e+02 5.9778002930e+02 5.9777801514e+02 5.9779199219e+02 5.9782202148e+02 5.9786102295e+02 5.9788500977e+02 5.9793298340e+02 5.9797198486e+02 5.9796099854e+02 5.9799597168e+02 5.9803698730e+02 5.9806597900e+02 5.9809399414e+02 5.9813299561e+02 5.9817700195e+02 5.9821502686e+02 5.9823199463e+02 5.9824798584e+02 5.9829302979e+02 5.9833502197e+02 5.9834399414e+02 5.9837097168e+02 5.9840002441e+02 5.9844598389e+02 5.9848797607e+02 5.9852398682e+02 5.9856799316e+02 5.9860797119e+02 5.9862701416e+02 5.9867999268e+02
5.9742999268e+02 5.9743200684e+02 5.9744201660e+02 5.9745501709e+02 5.9746600342e+02 5.9747998047e+02 5.9749700928e+02 5.9751397705e+02 5.9752600098e+02 5.9755200195e+02 5.9755700684e+02 5.9756896973e+02 5.9760400391e+02 5.9762402344e+02 5.9765100098e+02 5.9767498779e+02 5.9770202637e+02 5.9770697021e+02 5.9771899414e+02 5.9773999023e+02 5.9776702881e+02 5.9778997803e+02 5.9783300781e+02 5.9788000488e+02 5.9788800049e+02 5.9790899658e+02 5.9794500732e+02 5.9797399902e+02 5.9799597168e+02 5.9802899170e+02 5.9807000732e+02 5.9811297607e+02 5.9814099121e+02 5.9816302490e+02 5.9819702148e+02 5.9822698975e+02 5.9824902344e+02 5.9828802490e+02 5.9831799316e+02 5.9835797119e+02 5.9839801025e+02 5.9842199707e+02 5.9846502686e+02 5.9851501465e+02 5.9853399658e+02 5.9856799316e+02
5.9736499023e+02 5.9736798096e+02 5.9736901855e+02 5.9737298584e+02 5.9738201904e+02 5.9740100098e+02 5.9742102051e+02 5.9744097900e+02 5.9744702148e+02 5.9747399902e+02 5.9748699951e+02 5.9750598145e+02 5.9753497314e+02 5.9755902100e+02 5.9759100342e+02 5.9760797119e+02 5.9761700439e+02 5.9762597656e+02 5.9764501953e+02 5.9766302490e+02 5.9767297363e+02 5.9770202637e+02 5.9773602295e+02 5.9777801514e+02 5.9780499268e+02 5.9782501221e+02 5.9785101318e+02 5.9788500977e+02 5.9791400146e+02 5.9793499756e+02 5.9796600342e+02 5.9801000977e+02 5.9804302979e+02 5.9807299805e+02 5.9811401367e+02 5.9814898682e+02 5.9817498779e+02 5.9820599365e+02 5.9823199463e+02 5.9827801514e+02 5.9832299805e+02 5.9834197998e+02 5.9837402344e+02 5.9842297363e+02 5.9844897461e+02 5.9848101807e+02
5.9729602051e+02 5.9729400635e+02 5.9729199219e+02 5.9729498291e+02 5.9730798340e+02 5.9731402588e+02 5.9732702637e+02 5.9735400391e+02 5.9737298584e+02 5.9739898682e+02 5.9741802979e+02 5.9744598389e+02 5.9745599365e+02 5.9747698975e+02 5.9750097656e+02 5.9750897217e+02 5.9752697754e+02 5.9754699707e+02 5.9757598877e+02 5.9759100342e+02 5.9757800293e+02 5.9761297607e+02 5.9764501953e+02 5.9767901611e+02 5.9770898438e+02 5.9773400879e+02 5.9775701904e+02 5.9779998779e+02 5.9783898926e+02 5.9785198975e+02 5.9788098145e+02 5.9792498779e+02 5.9795300293e+02 5.9798400879e+02 5.9803497314e+02 5.9807702637e+02 5.9809802246e+02 5.9810797119e+02 5.9813000488e+02 5.9818298340e+02 5.9823901367e+02 5.9826098633e+02 5.9828002930e+02 5.9831799316e+02 5.9835198975e+02 5.9839398193e+02
5.9722998047e+02 5.9722497559e+02 5.9722100830e+02 5.9721997070e+02 5.9723901367e+02 5.9724102783e+02 5.9724700928e+02 5.9727197266e+02 5.9730499268e+02 5.9733197021e+02 5.9733898926e+02 5.9736499023e+02 5.9737500000e+02 5.9738397217e+02 5.9740100098e+02 5.9740997314e+02 5.9743701172e+02 5.9745001221e+02 5.9747998047e+02 5.9750402832e+02 5.9751000977e+02 5.9754199219e+02 5.9756701660e+02 5.9758398438e+02 5.9761798096e+02 5.9765100098e+02 5.9767297363e+02 5.9771899414e+02 5.9775097656e+02 5.9776098633e+02 5.9779602051e+02 5.9784399414e+02 5.9788098145e+02 5.9790698242e+02 5.9795300293e+02 5.9798797607e+02 5.9799597168e+02 5.9801000977e+02 5.9804302979e+02 5.9809698486e+02 5.9815002441e+02 5.9817797852e+02 5.9819097900e+02 5.9821997070e+02 5.9825897217e+02 5.9829901123e+02
5.9716400146e+02 5.9716802979e+02 5.9716699219e+02 5.9715600586e+02 5.9715197754e+02 5.9717297363e+02 5.9719897461e+02 5.9721398926e+02 5.9723199463e+02 5.9725097656e+02 5.9724798584e+02 5.9727600098e+02 5.9730102539e+02 5.9731402588e+02 5.9733801270e+02 5.9734600830e+02 5.9735302734e+02 5.9736602783e+02 5.9738000488e+02 5.9740502930e+02 5.9742999268e+02 5.9747198486e+02 5.9748797607e+02 5.9750500488e+02 5.9754101563e+02 5.9756500244e+02 5.9758099365e+02 5.9761901855e+02 5.9765301514e+02 5.9767700195e+02 5.9771997070e+02 5.9776800537e+02 5.9779998779e+02 5.9782800293e+02 5.9787298584e+02 5.9790399170e+02 5.9790502930e+02 5.9793200684e+02 5.9796997070e+02 5.9801202393e+02 5.9805401611e+02 5.9808197021e+02 5.9810699463e+02 5.9814202881e+02 5.9817199707e+02 5.9821002197e+02
5.9710302734e+02 5.9710498047e+02 5.9710198975e+02 5.9709399414e+02 5.9708197021e+02 5.9710900879e+02 5.9713897705e+02 5.9714398193e+02 5.9715802002e+02 5.9717901611e+02 5.9717102051e+02 5.9719396973e+02 5.9722497559e+02 5.9724401855e+02 5.9727001953e+02 5.9726702881e+02 5.9726000977e+02 5.9727899170e+02 5.9729199219e+02 5.9732299805e+02 5.9734899902e+02 5.9737701416e+02 5.9739099121e+02 5.9741101074e+02 5.9744598389e+02 5.9747497559e+02 5.9750201416e+02 5.9753802490e+02 5.9756298828e+02 5.9759197998e+02 5.9763500977e+02 5.9767498779e+02 5.9770397949e+02 5.9773602295e+02 5.9777899170e+02 5.9780499268e+02 5.9780603027e+02 5.9784899902e+02 5.9788702393e+02 5.9792199707e+02 5.9795697021e+02 5.9798602295e+02 5.9801397705e+02 5.9805102539e+02 5.9807800293e+02 5.9812097168e+02
5.9704498291e+02 5.9703802490e+02 5.9703497314e+02 5.9703698730e+02 5.9703601074e+02 5.9705700684e+02 5.9707702637e+02 5.9707397461e+02 5.9708099365e+02 5.9711199951e+02 5.9711499023e+02 5.9713397217e+02 5.9716198730e+02 5.9717401123e+02 5.9719201660e+02 5.9718902588e+02 5.9718103027e+02 5.9719201660e+02 5.9720599365e+02 5.9724298096e+02 5.9727197266e+02 5.9729699707e+02 5.9731799316e+02 5.9733697510e+02 5.9735699463e+02 5.9739398193e+02 5.9742700195e+02 5.9745501709e+02 5.9747302246e+02 5.9750500488e+02 5.9754199219e+02 5.9757397461e+02 5.9760498047e+02 5.9764697266e+02 5.9769299316e+02 5.9771301270e+02 5.9771197510e+02 5.9775897217e+02 5.9779699707e+02 5.9782897949e+02 5.9786102295e+02 5.9788299561e+02 5.9791101074e+02 5.9795202637e+02 5.9797698975e+02 5.9801599121e+02
5.9696899414e+02 5.9696002197e+02 5.9696398926e+02 5.9697601318e+02 5.9697998047e+02 5.9700299072e+02 5.9703002930e+02 5.9703399658e+02 5.9702600098e+02 5.9704199219e+02 5.9705200195e+02 5.9706402588e+02 5.9708099365e+02 5.9708502197e+02 5.9709399414e+02 5.9710400391e+02 5.9712500000e+02 5.9712701416e+02 5.9713598633e+02 5.9716601563e+02 5.9717901611e+02 5.9721600342e+02 5.9725701904e+02 5.9728198242e+02 5.9729199219e+02 5.9733099365e+02 5.9734997559e+02 5.9735797119e+02 5.9737597656e+02 5.9741400146e+02 5.9744396973e+02 5.9747698975e+02 5.9751800537e+02 5.9756402588e+02 5.9760900879e+02 5.9762500000e+02 5.9763201904e+02 5.9766699219e+02 5.9770001221e+02 5.9773498535e+02 5.9776202393e+02 5.9778100586e+02 5.9780902100e+02 5.9784899902e+02 5.9788299561e+02 5.9790899658e+02
5.9688397217e+02 5.9688800049e+02 5.9689501953e+02 5.9690600586e+02 5.9691699219e+02 5.9694000244e+02 5.9696899414e+02 5.9698199463e+02 5.9696997070e+02 5.9698101807e+02 5.9697802734e+02 5.9697900391e+02 5.9697998047e+02 5.9699102783e+02 5.9700500488e+02 5.9702099609e+02 5.9703900146e+02 5.9704302979e+02 5.9705999756e+02 5.9709600830e+02 5.9710101318e+02 5.9712597656e+02 5.9715698242e+02 5.9717999268e+02 5.9719396973e+02 5.9723297119e+02 5.9724902344e+02 5.9726397705e+02 5.9728802490e+02 5.9732098389e+02 5.9734802246e+02 5.9738000488e+02 5.9741601563e+02 5.9745202637e+02 5.9749798584e+02 5.9753002930e+02 5.9755603027e+02 5.9757800293e+02 5.9760101318e+02 5.9763897705e+02 5.9767999268e+02 5.9771099854e+02 5.9773602295e+02 5.9776397705e+02 5.9778997803e+02 5.9781500244e+02
5.9682299805e+02 5.9682702637e+02 5.9683898926e+02 5.9686199951e+02 5.9686999512e+02 5.9687597656e+02 5.9689801025e+02 5.9691101074e+02 5.9689398193e+02 5.9690399170e+02 5.9691302490e+02 5.9692297363e+02 5.9691101074e+02 5.9691400146e+02 5.9691998291e+02 5.9694000244e+02 5.9696801758e+02 5.9697601318e+02 5.9698297119e+02 5.9701202393e+02 5.9703100586e+02 5.9705499268e+02 5.9707202148e+02 5.9708697510e+02 5.9711199951e+02 5.9714300537e+02 5.9715899658e+02 5.9717901611e+02 5.9719500732e+02 5.9722802734e+02 5.9725897217e+02 5.9729400635e+02 5.9732397461e+02 5.9735400391e+02 5.9739898682e+02 5.9743597412e+02 5.9746398926e+02 5.9748199463e+02 5.9750097656e+02 5.9753900146e+02 5.9758300781e+02 5.9761901855e+02 5.9764697266e+02 5.9767602539e+02 5.9770397949e+02 5.9773699951e+02
5.9676898193e+02 5.9676300049e+02 5.9677899170e+02 5.9680999756e+02 5.9681500244e+02 5.9682098389e+02 5.9682800293e+02 5.9683502197e+02 5.9682000732e+02 5.9683001709e+02 5.9684698486e+02 5.9686700439e+02 5.9685699463e+02 5.9686297607e+02 5.9686901855e+02 5.9688299561e+02 5.9691400146e+02 5.9691699219e+02 5.9691497803e+02 5.9693298340e+02 5.9695397949e+02 5.9696697998e+02 5.9698101807e+02 5.9700299072e+02 5.9703698730e+02 5.9705902100e+02 5.9706896973e+02 5.9708801270e+02 5.9710198975e+02 5.9713397217e+02 5.9716900635e+02 5.9720800781e+02 5.9723797607e+02 5.9727502441e+02 5.9731500244e+02 5.9734100342e+02 5.9735998535e+02 5.9738800049e+02 5.9741302490e+02 5.9744500732e+02 5.9748297119e+02 5.9751397705e+02 5.9754699707e+02 5.9758398438e+02 5.9761999512e+02 5.9765997314e+02
5.9673101807e+02 5.9672198486e+02 5.9672900391e+02 5.9674298096e+02 5.9675000000e+02 5.9675201416e+02 5.9675097656e+02 5.9676501465e+02 5.9676898193e+02 5.9677697754e+02 5.9677697754e+02 5.9678601074e+02 5.9679302979e+02 5.9679797363e+02 5.9682299805e+02 5.9683599854e+02 5.9683697510e+02 5.9683599854e+02 5.9684600830e+02 5.9686999512e+02 5.9688598633e+02 5.9687500000e+02 5.9689099121e+02 5.9691900635e+02 5.9694500732e+02 5.9696801758e+02 5.9697198486e+02 5.9698797607e+02 5.9701501465e+02 5.9704797363e+02 5.9708001709e+02 5.9711499023e+02 5.9714300537e+02 5.9719500732e+02 5.9722802734e+02 5.9724401855e+02 5.9725897217e+02 5.9730297852e+02 5.9733697510e+02 5.9736499023e+02 5.9738299561e+02 5.9742199707e+02 5.9746502686e+02 5.9751000977e+02 5.9755200195e+02 5.9758398438e+02
5.9666400146e+02 5.9665399170e+02 5.9666400146e+02 5.9667602539e+02 5.9668798828e+02 5.9668200684e+02 5.9667700195e+02 5.9669201660e+02 5.9670098877e+02 5.9671899414e+02 5.9671997070e+02 5.9671801758e+02 5.9671697998e+02 5.9672900391e+02 5.9674798584e+02 5.9675799561e+02 5.9676898193e+02 5.9677398682e+02 5.9678002930e+02 5.9679400635e+02 5.9680401611e+02 5.9679302979e+02 5.9681201172e+02 5.9684100342e+02 5.9685699463e+02 5.9687902832e+02 5.9688800049e+02 5.9690301514e+02 5.9692498779e+02 5.9696398926e+02 5.9699200439e+02 5.9702001953e+02 5.9706298828e+02 5.9709899902e+02 5.9711798096e+02 5.9714001465e+02 5.9716497803e+02 5.9720098877e+02 5.9723400879e+02 5.9726800537e+02 5.9729699707e+02 5.9733801270e+02 5.9738897705e+02 5.9743298340e+02 5.9746600342e+02 5.9750299072e+02
5.9660900879e+02 5.9660198975e+02 5.9660797119e+02 5.9661999512e+02 5.9662402344e+02 5.9661499023e+02 5.9661199951e+02 5.9663299561e+02 5.9663397217e+02 5.9664099121e+02 5.9665301514e+02 5.9665600586e+02 5.9664697266e+02 5.9666101074e+02 5.9667602539e+02 5.9668798828e+02 5.9670501709e+02 5.9670800781e+02 5.9671697998e+02 5.9672802734e+02 5.9673101807e+02 5.9672302246e+02 5.9673999023e+02 5.9676800537e+02 5.9677697754e+02 5.9679602051e+02 5.9680499268e+02 5.9682000732e+02 5.9684197998e+02 5.9687902832e+02 5.9690002441e+02 5.9692102051e+02 5.9696398926e+02 5.9700201416e+02 5.9703002930e+02 5.9705902100e+02 5.9708398438e+02 5.9711297607e+02 5.9714300537e+02 5.9717602539e+02 5.9721002197e+02 5.9724902344e+02 5.9729199219e+02 5.9733197021e+02 5.9736798096e+02 5.9741302490e+02
5.9655102539e+02 5.9654901123e+02 5.9655902100e+02 5.9658001709e+02 5.9657299805e+02 5.9656097412e+02 5.9655798340e+02 5.9657800293e+02 5.9657202148e+02 5.9657397461e+02 5.9658697510e+02 5.9659399414e+02 5.9658599854e+02 5.9660101318e+02 5.9661401367e+02 5.9662200928e+02 5.9663702393e+02 5.9662701416e+02 5.9664398193e+02 5.9666400146e+02 5.9667199707e+02 5.9666101074e+02 5.9667297363e+02 5.9670098877e+02 5.9671002197e+02 5.9671899414e+02 5.9672302246e+02 5.9674102783e+02 5.9677099609e+02 5.9680401611e+02 5.9682598877e+02 5.9684399414e+02 5.9687200928e+02 5.9691497803e+02 5.9695300293e+02 5.9698400879e+02 5.9700897217e+02 5.9703601074e+02 5.9706402588e+02 5.9709802246e+02 5.9713397217e+02 5.9716802979e+02 5.9720397949e+02 5.9723797607e+02 5.9727398682e+02 5.9732202148e+02
